# 2570379212
# AA	inside	membr	outside
1 M	0.55789	0.00000	0.44211
2 W	0.12195	0.43595	0.44211
3 I	0.10391	0.45398	0.44211
4 F	0.10391	0.48016	0.41593
5 S	0.07178	0.51695	0.41128
6 I	0.07178	0.51764	0.41058
7 F	0.06023	0.52923	0.41054
8 T	0.06023	0.52923	0.41054
9 I	0.05896	0.53051	0.41053
10 I	0.05896	0.53054	0.41051
11 S	0.05895	0.53054	0.41051
12 N	0.05887	0.53062	0.41051
13 F	0.05866	0.53084	0.41051
14 I	0.05866	0.53084	0.41051
15 L	0.05866	0.53084	0.41051
16 N	0.05866	0.53084	0.41051
17 Y	0.05866	0.52898	0.41236
18 T	0.05866	0.52233	0.41901
19 K	0.06062	0.49967	0.43972
20 G	0.06077	0.48643	0.4528
21 F	0.06113	0.48117	0.45771
22 T	0.06923	0.42828	0.5025
23 A	0.07071	0.41280	0.51648
24 T	0.07610	0.37451	0.5494
25 E	0.07725	0.04605	0.87669
26 I	0.07756	0.04308	0.87936
27 M	0.08775	0.02797	0.88428
28 E	0.09008	0.00216	0.90776
29 R	0.08995	0.00339	0.90666
30 R	0.08950	0.00403	0.90647
31 L	0.08771	0.03705	0.87524
32 D	0.08731	0.06921	0.84348
33 G	0.08471	0.15117	0.76412
34 I	0.08251	0.42876	0.48873
35 Q	0.08219	0.44780	0.47
36 T	0.08037	0.49563	0.42401
37 T	0.07671	0.56938	0.35392
38 L	0.06054	0.61461	0.32485
39 F	0.04457	0.69257	0.26286
40 T	0.04436	0.69394	0.2617
41 I	0.04413	0.69580	0.26007
42 L	0.04396	0.69632	0.25972
43 I	0.04391	0.69645	0.25963
44 I	0.04382	0.69661	0.25957
45 T	0.04382	0.69660	0.25958
46 G	0.04386	0.69652	0.25963
47 F	0.04399	0.69634	0.25967
48 K	0.04593	0.69387	0.26021
49 P	0.04689	0.69407	0.25904
50 I	0.04729	0.69406	0.25865
51 F	0.05918	0.68085	0.25996
52 K	0.20201	0.53442	0.26358
53 L	0.21644	0.52040	0.26316
54 I	0.29551	0.44020	0.2643
55 K	0.48018	0.25330	0.26652
56 N	0.51643	0.21688	0.26669
57 T	0.55535	0.17803	0.26662
58 I	0.55665	0.17670	0.26665
59 V	0.56732	0.16553	0.26714
60 F	0.60448	0.12588	0.26965
61 I	0.63832	0.07627	0.28541
62 K	0.69119	0.00648	0.30232
63 Q	0.69170	0.00588	0.30241
64 T	0.69183	0.00571	0.30245
65 I	0.69187	0.00565	0.30248
66 I	0.69192	0.00556	0.30253
67 N	0.69204	0.00529	0.30268
68 I	0.69206	0.00524	0.30271
69 F	0.69210	0.00514	0.30276
70 F	0.69223	0.00493	0.30284
71 P	0.69350	0.00332	0.30318
72 N	0.69558	0.00093	0.30349
73 K	0.69611	0.00020	0.3037
74 K	0.69615	0.00014	0.30371
75 L	0.69616	0.00013	0.30371
76 Q	0.69621	0.00007	0.30372
77 T	0.69622	0.00006	0.30372
78 L	0.69622	0.00005	0.30373
79 E	0.69622	0.00004	0.30374
80 I	0.69623	0.00004	0.30374
81 K	0.69623	0.00000	0.30377
82 N	0.69623	0.00000	0.30377
83 T	0.69623	0.00000	0.30377
84 K	0.69623	0.00000	0.30377
85 Q	0.69623	0.00000	0.30377
86 V	0.69623	0.00000	0.30377
87 C	0.69623	0.00000	0.30377
88 Q	0.69623	0.00000	0.30377
89 E	0.69623	0.00000	0.30377
90 K	0.69623	0.00000	0.30377
