# 2570378747
# AA	inside	membr	outside
1 L	0.18790	0.00000	0.81209
2 F	0.18773	0.00017	0.81209
3 G	0.18771	0.00019	0.81209
4 F	0.18771	0.08744	0.72485
5 N	0.16731	0.26243	0.57026
6 V	0.16731	0.27907	0.55362
7 G	0.13345	0.31614	0.5504
8 W	0.13345	0.31634	0.5502
9 N	0.13186	0.31845	0.54968
10 N	0.13184	0.48763	0.38053
11 N	0.13013	0.49525	0.37462
12 F	0.07453	0.57249	0.35298
13 I	0.01076	0.67271	0.31652
14 N	0.01076	0.67272	0.31652
15 I	0.01076	0.98033	0.00891
16 Y	0.01049	0.98060	0.00891
17 N	0.01040	0.98076	0.00883
18 I	0.01039	0.98162	0.00798
19 I	0.01038	0.98169	0.00793
20 K	0.01038	0.98186	0.00776
21 T	0.01013	0.98211	0.00775
22 I	0.01012	0.98218	0.00771
23 F	0.01011	0.98220	0.0077
24 I	0.01021	0.98210	0.00769
25 F	0.01047	0.98147	0.00805
26 I	0.01108	0.98046	0.00845
27 W	0.10494	0.88042	0.01464
28 E	0.44218	0.49364	0.06418
29 Q	0.45017	0.48057	0.06926
30 L	0.45143	0.46648	0.0821
31 T	0.46077	0.44543	0.09381
32 T	0.45967	0.44402	0.09632
33 L	0.46419	0.42920	0.10661
34 I	0.39004	0.49833	0.11164
35 Y	0.43268	0.43750	0.12983
36 H	0.45319	0.38386	0.16294
37 L	0.45336	0.38408	0.16256
38 K	0.70571	0.13089	0.16339
39 L	0.18384	0.68071	0.13545
40 F	0.11115	0.77282	0.11604
41 N	0.10521	0.79500	0.09979
42 Y	0.02303	0.93872	0.03825
43 L	0.01184	0.96917	0.01899
44 F	0.00033	0.99193	0.00774
45 L	0.00029	0.99759	0.00212
46 F	0.00006	0.99933	0.00061
47 F	0.00005	0.99947	0.00047
48 I	0.00005	0.99953	0.00042
49 L	0.00006	0.99953	0.00041
50 I	0.00016	0.99942	0.00043
51 I	0.00047	0.99903	0.0005
52 E	0.00155	0.99538	0.00307
53 I	0.00163	0.99513	0.00323
54 F	0.00240	0.99325	0.00436
55 Q	0.01769	0.97335	0.00896
56 L	0.01886	0.95995	0.02118
57 I	0.02519	0.72431	0.2505
58 M	0.03343	0.60291	0.36367
59 K	0.05341	0.27294	0.67365
60 E	0.05406	0.25939	0.68656
61 L	0.05404	0.25786	0.68811
62 L	0.05582	0.22970	0.71448
63 V	0.07050	0.20381	0.72569
64 L	0.09694	0.17480	0.72826
65 L	0.15891	0.04835	0.79273
66 K	0.18272	0.00481	0.81247
67 E	0.18450	0.00093	0.81457
68 I	0.18416	0.02927	0.78657
69 P	0.18392	0.03213	0.78395
70 N	0.17836	0.04454	0.7771
71 I	0.15242	0.42053	0.42705
72 L	0.14830	0.45044	0.40126
73 D	0.14809	0.46626	0.38565
74 N	0.13485	0.52218	0.34297
75 L	0.07746	0.66077	0.26178
76 V	0.05252	0.76156	0.18592
77 L	0.00984	0.88963	0.10053
78 L	0.00755	0.91223	0.08021
79 T	0.00723	0.91800	0.07477
80 S	0.00699	0.92347	0.06954
81 V	0.00675	0.93029	0.06296
82 G	0.00656	0.93839	0.05505
83 G	0.00648	0.94197	0.05156
84 F	0.00622	0.95314	0.04064
85 T	0.00604	0.95632	0.03764
86 S	0.00586	0.95800	0.03614
87 I	0.00580	0.96104	0.03316
88 A	0.00636	0.96092	0.03273
89 S	0.00698	0.96035	0.03267
90 V	0.00751	0.95980	0.0327
91 A	0.04228	0.92315	0.03457
92 G	0.05064	0.91224	0.03712
93 L	0.07363	0.88157	0.0448
94 T	0.47724	0.45094	0.07182
95 R	0.52524	0.39397	0.08079
96 I	0.52915	0.39116	0.07969
97 I	0.54245	0.37034	0.08721
98 S	0.59890	0.26242	0.13868
99 I	0.64331	0.19900	0.15769
100 M	0.73595	0.06394	0.20011
101 V	0.74118	0.05732	0.2015
102 N	0.74558	0.05211	0.20231
103 A	0.74901	0.04857	0.20242
104 V	0.75369	0.04360	0.2027
105 P	0.76195	0.03485	0.20319
106 V	0.76529	0.03134	0.20337
107 V	0.77649	0.01961	0.2039
108 T	0.78023	0.01504	0.20474
109 S	0.78188	0.01277	0.20535
110 A	0.78374	0.01065	0.20561
111 V	0.78440	0.00985	0.20576
112 K	0.78546	0.00832	0.20622
113 D	0.78555	0.00820	0.20626
114 V	0.78556	0.00818	0.20626
115 S	0.78563	0.00808	0.20629
116 S	0.78572	0.00796	0.20631
117 L	0.78576	0.00791	0.20633
118 I	0.78586	0.00765	0.20649
119 A	0.78810	0.00501	0.20689
120 E	0.79019	0.00187	0.20793
121 V	0.79028	0.00160	0.20812
122 T	0.79050	0.00108	0.20842
123 Q	0.79057	0.00025	0.20919
124 R	0.79058	0.00009	0.20933
125 T	0.79058	0.00007	0.20935
126 L	0.79057	0.00006	0.20937
127 K	0.79058	0.00003	0.20939
128 N	0.79058	0.00003	0.2094
129 N	0.79058	0.00003	0.2094
130 V	0.79058	0.00003	0.2094
131 D	0.79058	0.00003	0.2094
132 I	0.79058	0.00003	0.2094
133 L	0.79058	0.00003	0.2094
134 L	0.79058	0.00002	0.2094
135 N	0.79058	0.00002	0.2094
136 V	0.79058	0.00002	0.2094
137 I	0.79058	0.00002	0.2094
138 N	0.79058	0.00002	0.2094
139 F	0.79058	0.00002	0.2094
140 Y	0.79058	0.00001	0.2094
141 F	0.79059	0.00000	0.20941
