# 2570379154
# AA	inside	membr	outside
1 L	0.96908	0.00000	0.03092
2 I	0.96908	0.00000	0.03092
3 Q	0.96908	0.00000	0.03092
4 Y	0.96908	0.00000	0.03092
5 I	0.96867	0.00042	0.03091
6 C	0.96867	0.00042	0.03091
7 K	0.95801	0.01108	0.03091
8 K	0.95799	0.01111	0.0309
9 I	0.07665	0.89374	0.0296
10 F	0.07623	0.92306	0.00071
11 Y	0.07061	0.92897	0.00042
12 A	0.03688	0.96275	0.00036
13 F	0.00004	0.99978	0.00018
14 T	0.00004	0.99978	0.00018
15 I	0.00004	0.99996	0
16 F	0.00001	0.99999	0
17 I	0.00000	1.00000	0
18 A	0.00000	1.00000	0
19 V	0.00000	1.00000	0
20 I	0.00000	1.00000	0
21 I	0.00000	1.00000	0
22 I	0.00000	1.00000	0
23 S	0.00000	1.00000	0
24 F	0.00000	1.00000	0
25 F	0.00000	0.99998	1e-05
26 V	0.00000	0.99994	5e-05
27 V	0.00001	0.99813	0.00186
28 A	0.00019	0.99449	0.00532
29 L	0.00060	0.96099	0.03841
30 I	0.00430	0.91569	0.08001
31 P	0.00628	0.78494	0.20878
32 G	0.00833	0.06243	0.92923
33 D	0.03076	0.01265	0.95659
34 P	0.03082	0.01096	0.95821
35 V	0.03083	0.00799	0.96118
36 S	0.03086	0.00035	0.96879
37 A	0.03087	0.00025	0.96889
38 M	0.03091	0.00011	0.96898
39 F	0.03091	0.00005	0.96903
40 E	0.03092	0.00001	0.96907
41 Q	0.03092	0.00000	0.96908
42 Q	0.03092	0.00000	0.96908
43 Q	0.03092	0.00000	0.96908
44 P	0.03092	0.00000	0.96908
45 N	0.03092	0.00000	0.96908
46 P	0.03092	0.00000	0.96908
47 E	0.03092	0.00000	0.96908
48 E	0.03092	0.00000	0.96908
49 R	0.03092	0.00000	0.96908
50 K	0.03092	0.00000	0.96908
51 R	0.03092	0.00000	0.96908
52 I	0.03092	0.00000	0.96908
53 T	0.03092	0.00000	0.96908
54 Q	0.03092	0.00000	0.96908
55 D	0.03092	0.00000	0.96908
56 L	0.03092	0.00000	0.96908
57 D	0.03092	0.00000	0.96908
58 L	0.03092	0.00001	0.96907
59 N	0.03092	0.00001	0.96907
60 Q	0.03092	0.00003	0.96905
61 S	0.03092	0.00007	0.96902
62 F	0.03092	0.00012	0.96896
63 Y	0.03092	0.00014	0.96894
64 Q	0.03092	0.00015	0.96894
65 Y	0.03092	0.00015	0.96894
66 I	0.03092	0.00015	0.96894
67 Q	0.03092	0.00015	0.96894
68 K	0.03092	0.00015	0.96894
69 I	0.03092	0.00015	0.96894
70 F	0.03092	0.00015	0.96894
71 Y	0.03092	0.00015	0.96894
72 K	0.03092	0.00015	0.96894
73 F	0.03092	0.00015	0.96894
74 D	0.03092	0.00015	0.96894
75 F	0.03092	0.00014	0.96894
76 G	0.03093	0.00014	0.96894
77 K	0.03094	0.00013	0.96894
78 S	0.03094	0.00012	0.96894
79 Y	0.03095	0.00012	0.96894
80 H	0.03102	0.00005	0.96894
81 K	0.03107	0.00000	0.96894
82 N	0.03107	0.00000	0.96894
83 Q	0.03107	0.00000	0.96894
84 R	0.03107	0.00000	0.96894
85 P	0.03107	0.00000	0.96894
86 A	0.03107	0.00000	0.96893
87 L	0.03106	0.00001	0.96893
88 E	0.03106	0.00002	0.96892
89 L	0.03105	0.00009	0.96886
90 F	0.03105	0.00015	0.96881
91 W	0.03104	0.00019	0.96877
92 E	0.03104	0.00020	0.96876
93 S	0.03102	0.00038	0.96861
94 F	0.03100	0.00113	0.96786
95 T	0.03100	0.00259	0.96641
96 K	0.03082	0.00819	0.96098
97 T	0.03055	0.07898	0.89047
98 F	0.02922	0.19909	0.77169
99 Q	0.02804	0.41448	0.55749
100 L	0.00603	0.97448	0.01949
101 T	0.00305	0.98577	0.01118
102 F	0.00119	0.99400	0.00481
103 F	0.00038	0.99799	0.00163
104 S	0.00022	0.99879	0.001
105 C	0.00007	0.99946	0.00047
106 L	0.00001	0.99972	0.00028
107 I	0.00001	0.99975	0.00024
108 G	0.00001	0.99975	0.00023
109 S	0.00001	0.99975	0.00023
110 L	0.00001	0.99975	0.00023
111 L	0.00001	0.99975	0.00023
112 G	0.00003	0.99973	0.00024
113 I	0.00008	0.99968	0.00024
114 L	0.00019	0.99955	0.00025
115 L	0.00070	0.99905	0.00025
116 G	0.00253	0.99715	0.00032
117 T	0.01014	0.98947	0.00038
118 L	0.02251	0.97692	0.00057
119 S	0.07238	0.92251	0.00511
120 T	0.13379	0.86041	0.0058
121 F	0.23894	0.75364	0.00741
122 F	0.46555	0.52522	0.00923
123 D	0.96360	0.00789	0.02851
124 N	0.96733	0.00154	0.03112
125 T	0.96851	0.00023	0.03126
126 K	0.96866	0.00005	0.03129
127 K	0.96749	0.00122	0.03128
128 S	0.94578	0.02363	0.0306
129 T	0.81373	0.15589	0.03038
130 L	0.75721	0.21310	0.02969
131 L	0.58600	0.38524	0.02876
132 E	0.57093	0.40876	0.02031
133 F	0.13809	0.85883	0.00308
134 Y	0.03430	0.96361	0.00209
135 A	0.00142	0.99754	0.00104
136 I	0.00051	0.99896	0.00053
137 L	0.00044	0.99955	2e-05
138 M	0.00039	0.99961	0
139 I	0.00037	0.99963	0
140 S	0.00036	0.99963	0
141 T	0.00036	0.99964	0
142 P	0.00035	0.99965	0
143 A	0.00015	0.99984	0
144 F	0.00014	0.99985	0
145 I	0.00014	0.99984	1e-05
146 I	0.00014	0.99968	0.00018
147 G	0.00014	0.99461	0.00525
148 Y	0.00014	0.99085	0.00901
149 L	0.00018	0.96613	0.03369
150 L	0.00036	0.94749	0.05216
151 R	0.00221	0.88241	0.11538
152 V	0.00247	0.80716	0.19037
153 Y	0.00359	0.75150	0.24492
154 L	0.00446	0.55514	0.4404
155 A	0.01346	0.50015	0.48639
156 T	0.03119	0.04285	0.92596
157 D	0.03142	0.00245	0.96613
158 R	0.03142	0.00072	0.96786
159 G	0.03129	0.00187	0.96684
160 I	0.03124	0.00341	0.96534
161 P	0.03118	0.00387	0.96496
162 I	0.03066	0.00647	0.96287
163 F	0.03048	0.00895	0.96058
164 A	0.03040	0.01270	0.9569
165 I	0.03028	0.02637	0.94335
166 S	0.03001	0.02855	0.94144
167 G	0.02874	0.03490	0.93637
168 W	0.01874	0.23665	0.7446
169 N	0.01873	0.23778	0.74349
170 N	0.01846	0.25578	0.72576
171 L	0.01730	0.28021	0.7025
172 R	0.01735	0.28264	0.70001
173 C	0.01662	0.30406	0.67932
174 K	0.01636	0.30817	0.67547
175 V	0.01114	0.46608	0.52278
176 L	0.01079	0.47538	0.51383
177 P	0.01082	0.47564	0.51354
178 I	0.01081	0.47590	0.51328
179 L	0.01082	0.47590	0.51328
180 T	0.01084	0.47588	0.51328
181 L	0.01085	0.47586	0.5133
182 S	0.01097	0.47557	0.51346
183 L	0.01118	0.47533	0.51349
184 V	0.01139	0.47506	0.51354
185 I	0.01329	0.47269	0.51401
186 S	0.01750	0.46750	0.515
187 G	0.02284	0.46160	0.51556
188 S	0.03842	0.44513	0.51646
189 V	0.04397	0.43912	0.51691
190 L	0.07155	0.40933	0.51913
191 K	0.37912	0.09097	0.52991
192 T	0.38746	0.08242	0.53012
193 T	0.44163	0.02622	0.53215
194 K	0.46199	0.00438	0.53363
195 T	0.46375	0.00245	0.5338
196 K	0.46423	0.00185	0.53392
197 I	0.46423	0.00185	0.53392
198 K	0.46577	0.00005	0.53418
199 E	0.46579	0.00003	0.53418
200 C	0.46579	0.00004	0.53417
201 L	0.46578	0.00005	0.53417
202 A	0.46578	0.00005	0.53417
203 Q	0.46578	0.00006	0.53416
204 P	0.46577	0.00006	0.53416
205 Y	0.46577	0.00007	0.53416
206 I	0.46576	0.00007	0.53416
207 K	0.46577	0.00007	0.53416
208 I	0.46576	0.00007	0.53416
209 T	0.46576	0.00007	0.53416
210 Y	0.46576	0.00007	0.53416
211 A	0.46576	0.00007	0.53416
212 K	0.46576	0.00007	0.53416
213 G	0.46576	0.00007	0.53416
214 L	0.46576	0.00007	0.53417
215 S	0.46576	0.00005	0.53418
216 K	0.46577	0.00005	0.53419
217 K	0.46575	0.00006	0.53419
218 S	0.46556	0.00027	0.53417
219 I	0.46510	0.00086	0.53404
220 I	0.46491	0.00113	0.53396
221 F	0.46484	0.00123	0.53393
222 K	0.46463	0.00146	0.53392
223 H	0.45976	0.00731	0.53293
224 A	0.44785	0.02180	0.53035
225 L	0.43775	0.03353	0.52871
226 K	0.43070	0.04223	0.52707
227 N	0.24659	0.38520	0.36822
228 A	0.06901	0.78845	0.14254
229 L	0.03133	0.87534	0.09333
230 I	0.02423	0.91639	0.05938
231 P	0.01786	0.94498	0.03716
232 I	0.00494	0.98953	0.00552
233 I	0.00419	0.99305	0.00277
234 A	0.00394	0.99498	0.00108
235 H	0.00377	0.99541	0.00082
236 I	0.00268	0.99696	0.00036
237 G	0.00212	0.99765	0.00023
238 L	0.00201	0.99781	0.00019
239 L	0.00197	0.99780	0.00023
240 F	0.00196	0.99775	0.00029
241 S	0.00197	0.99757	0.00046
242 F	0.00196	0.99742	0.00063
243 L	0.00204	0.99704	0.00092
244 I	0.00222	0.99631	0.00147
245 G	0.00329	0.98936	0.00735
246 G	0.00752	0.97576	0.01672
247 S	0.01552	0.95272	0.03176
248 I	0.03091	0.93077	0.03832
249 I	0.06295	0.88358	0.05347
250 T	0.30131	0.44647	0.25222
251 E	0.49503	0.07223	0.43274
252 K	0.51322	0.03498	0.4518
253 I	0.51364	0.03492	0.45144
254 F	0.51666	0.03051	0.45283
255 N	0.53072	0.00902	0.46026
256 I	0.53236	0.00714	0.46051
257 R	0.53510	0.00406	0.46083
258 A	0.53536	0.00367	0.46098
259 V	0.53573	0.00229	0.46199
260 G	0.53593	0.00121	0.46286
261 T	0.53597	0.00106	0.46297
262 L	0.53599	0.00100	0.46301
263 M	0.53599	0.00099	0.46302
264 L	0.53599	0.00094	0.46307
265 E	0.53602	0.00083	0.46315
266 S	0.53602	0.00083	0.46315
267 F	0.53602	0.00083	0.46315
268 E	0.53628	0.00055	0.46317
269 N	0.53619	0.00083	0.46298
270 R	0.53580	0.00184	0.46237
271 N	0.53093	0.00981	0.45926
272 Y	0.52211	0.04308	0.43481
273 P	0.51959	0.04806	0.43235
274 V	0.51467	0.05462	0.43071
275 L	0.50631	0.06380	0.42989
276 R	0.50042	0.07083	0.42875
277 C	0.39862	0.19625	0.40513
278 C	0.15685	0.56625	0.2769
279 I	0.02898	0.94491	0.02612
280 I	0.00459	0.98829	0.00711
281 L	0.00065	0.99731	0.00204
282 L	0.00012	0.99934	0.00054
283 A	0.00005	0.99981	0.00013
284 L	0.00003	0.99991	6e-05
285 F	0.00003	0.99992	5e-05
286 V	0.00003	0.99993	5e-05
287 A	0.00003	0.99992	5e-05
288 I	0.00003	0.99991	5e-05
289 F	0.00006	0.99973	0.00022
290 N	0.00078	0.99704	0.00218
291 L	0.00096	0.99621	0.00283
292 C	0.00393	0.99019	0.00588
293 L	0.00534	0.98764	0.00702
294 D	0.01589	0.97096	0.01316
295 L	0.01926	0.96636	0.01438
296 V	0.01983	0.96502	0.01514
297 Y	0.02091	0.96147	0.01762
298 F	0.02231	0.94391	0.03378
299 W	0.02646	0.90708	0.06646
300 L	0.06122	0.75653	0.18224
301 N	0.23047	0.32612	0.44341
302 P	0.45326	0.01842	0.52831
303 K	0.46287	0.00041	0.53672
304 I	0.46305	0.00017	0.53678
305 S	0.46315	0.00004	0.53681
306 K	0.46318	0.00000	0.53681
307 G	0.46318	0.00000	0.53681
308 D	0.46318	0.00000	0.53681
309 K	0.46318	0.00000	0.53681
310 N	0.46318	0.00000	0.53681
311 Q	0.46318	0.00000	0.53681
