# 2570378752
# AA	inside	membr	outside
1 M	0.29081	0.00000	0.7092
2 L	0.28970	0.00111	0.7092
3 R	0.28962	0.00119	0.7092
4 L	0.28962	0.00888	0.7015
5 A	0.26076	0.04637	0.69288
6 S	0.26076	0.04670	0.69255
7 V	0.18704	0.12084	0.69213
8 F	0.18703	0.12087	0.69211
9 K	0.18114	0.12688	0.69198
10 I	0.18109	0.18195	0.63696
11 L	0.17874	0.18534	0.63593
12 F	0.15476	0.20968	0.63556
13 G	0.14878	0.21623	0.635
14 S	0.14878	0.21623	0.635
15 L	0.14878	0.22980	0.62142
16 Y	0.14870	0.22988	0.62142
17 F	0.14865	0.22996	0.6214
18 E	0.14865	0.22995	0.6214
19 W	0.14861	0.23009	0.6213
20 S	0.14851	0.23238	0.61911
21 L	0.14813	0.23268	0.6192
22 C	0.14976	0.23024	0.62
23 Q	0.15274	0.22629	0.62097
24 S	0.15310	0.22696	0.61995
25 I	0.15214	0.23128	0.61658
26 G	0.15234	0.23086	0.6168
27 I	0.15570	0.22641	0.61789
28 T	0.16965	0.18088	0.64947
29 L	0.17118	0.17714	0.65167
30 I	0.18210	0.10792	0.70998
31 M	0.19679	0.08096	0.72224
32 K	0.21126	0.03509	0.75364
33 N	0.22305	0.02261	0.75434
34 N	0.22392	0.02158	0.75449
35 A	0.22495	0.02039	0.75466
36 T	0.22553	0.01958	0.75489
37 I	0.22567	0.01967	0.75467
38 G	0.23346	0.01182	0.75472
39 G	0.23363	0.01152	0.75484
40 N	0.23377	0.01131	0.75492
41 N	0.23382	0.01144	0.75474
42 V	0.23387	0.01194	0.75419
43 I	0.23625	0.00951	0.75423
44 Q	0.23759	0.00783	0.75457
45 F	0.23784	0.00758	0.75458
46 I	0.23820	0.00718	0.75462
47 L	0.23890	0.00618	0.75492
48 K	0.24208	0.00177	0.75615
49 N	0.24212	0.00170	0.75617
50 K	0.24214	0.00168	0.75619
51 L	0.24214	0.00168	0.75619
52 K	0.24215	0.00167	0.75619
53 I	0.24215	0.00167	0.75619
54 S	0.24215	0.00167	0.75619
55 F	0.24215	0.00166	0.75619
56 S	0.24216	0.00165	0.75619
57 L	0.24216	0.00164	0.7562
58 L	0.24218	0.00160	0.75621
59 Y	0.24229	0.00144	0.75626
60 C	0.24288	0.00051	0.7566
61 E	0.24321	0.00012	0.75667
62 N	0.24328	0.00004	0.75668
63 M	0.24330	0.00003	0.75668
64 D	0.24332	0.00000	0.75668
