# 2570379197
# AA	inside	membr	outside
1 M	0.71938	0.00000	0.28062
2 F	0.71938	0.00000	0.28062
3 I	0.71938	0.00000	0.28062
4 K	0.71938	0.00000	0.28062
5 K	0.71936	0.00003	0.28061
6 I	0.71936	0.00011	0.28053
7 F	0.71819	0.00129	0.28052
8 Q	0.71819	0.00129	0.28052
9 S	0.71372	0.00579	0.28049
10 L	0.71367	0.01838	0.26795
11 P	0.71028	0.02286	0.26686
12 S	0.18526	0.55415	0.26059
13 N	0.00324	0.74659	0.25017
14 F	0.00313	0.74670	0.25017
15 I	0.00313	0.99408	0.00278
16 F	0.00207	0.99515	0.00278
17 F	0.00103	0.99796	0.00102
18 I	0.00101	0.99845	0.00053
19 I	0.00052	0.99911	0.00037
20 T	0.00040	0.99949	0.00011
21 L	0.00002	0.99988	0.00011
22 L	0.00000	0.99994	5e-05
23 S	0.00000	0.99998	2e-05
24 F	0.00000	0.99999	0
25 I	0.00000	0.99999	0
26 P	0.00000	0.99999	0
27 I	0.00000	0.99999	1e-05
28 I	0.00002	0.99995	3e-05
29 T	0.00008	0.99967	0.00025
30 V	0.00011	0.99845	0.00143
31 Y	0.00019	0.99518	0.00463
32 Y	0.00045	0.98822	0.01133
33 V	0.01341	0.95495	0.03164
34 I	0.02287	0.91664	0.06049
35 K	0.16430	0.18059	0.65511
36 F	0.17067	0.12271	0.70662
37 Y	0.17600	0.11600	0.708
38 L	0.25348	0.03745	0.70906
39 F	0.25826	0.03064	0.7111
40 T	0.27558	0.01165	0.71278
41 I	0.27841	0.00776	0.71383
42 K	0.28010	0.00128	0.71862
43 L	0.28015	0.00110	0.71876
44 S	0.28025	0.00071	0.71905
45 I	0.28037	0.00048	0.71916
46 H	0.28062	0.00000	0.71937
