# 2570378787
# AA	inside	membr	outside
1 M	0.99527	0.00000	0.00473
2 S	0.99527	0.00000	0.00473
3 F	0.99527	0.00000	0.00473
4 L	0.99527	0.00000	0.00473
5 K	0.99527	0.00000	0.00473
6 K	0.99527	0.00000	0.00473
7 L	0.99527	0.00000	0.00473
8 F	0.99527	0.00000	0.00473
9 H	0.99527	0.00000	0.00473
10 H	0.99527	0.00000	0.00473
11 N	0.99527	0.00000	0.00473
12 S	0.99527	0.00000	0.00473
13 T	0.99527	0.00000	0.00473
14 K	0.99527	0.00000	0.00473
15 Y	0.99527	0.00000	0.00473
16 S	0.99527	0.00001	0.00473
17 K	0.99522	0.00005	0.00473
18 Q	0.99508	0.00023	0.00469
19 N	0.97786	0.01748	0.00467
20 H	0.78950	0.20767	0.00284
21 W	0.03853	0.95868	0.0028
22 Y	0.02702	0.97094	0.00204
23 Y	0.00853	0.99059	0.00088
24 L	0.00218	0.99718	0.00064
25 A	0.00084	0.99897	0.00019
26 P	0.00057	0.99927	0.00016
27 A	0.00020	0.99970	0.00011
28 L	0.00003	0.99989	7e-05
29 I	0.00001	0.99993	6e-05
30 L	0.00000	0.99993	6e-05
31 M	0.00000	0.99993	6e-05
32 V	0.00000	0.99994	6e-05
33 L	0.00000	0.99994	6e-05
34 F	0.00000	0.99993	7e-05
35 N	0.00000	0.99938	0.00061
36 F	0.00000	0.99891	0.00108
37 Y	0.00001	0.99637	0.00361
38 P	0.00038	0.96203	0.03759
39 L	0.00048	0.89748	0.10204
40 V	0.00123	0.75016	0.24861
41 K	0.00175	0.24719	0.75105
42 T	0.00182	0.23413	0.76405
43 L	0.00195	0.20732	0.79073
44 F	0.00199	0.09234	0.90567
45 I	0.00264	0.07585	0.92151
46 S	0.00387	0.02798	0.96814
47 L	0.00407	0.00950	0.98643
48 D	0.00465	0.00179	0.99356
49 S	0.00463	0.00102	0.99435
50 R	0.00463	0.00056	0.99481
51 Y	0.00452	0.00048	0.995
52 N	0.00444	0.00035	0.99521
53 K	0.00443	0.00025	0.99532
54 F	0.00429	0.00044	0.99527
55 A	0.00428	0.00046	0.99526
56 D	0.00428	0.00046	0.99526
57 T	0.00412	0.00063	0.99525
58 F	0.00375	0.00100	0.99524
59 S	0.00346	0.00130	0.99524
60 Y	0.00333	0.00143	0.99524
61 S	0.00330	0.00146	0.99524
62 F	0.00327	0.00149	0.99524
63 N	0.00326	0.00150	0.99524
64 F	0.00325	0.00151	0.99524
65 S	0.00325	0.00151	0.99524
66 N	0.00325	0.00151	0.99524
67 Y	0.00325	0.00151	0.99524
68 T	0.00325	0.00150	0.99524
69 T	0.00325	0.00149	0.99525
70 T	0.00326	0.00144	0.9953
71 F	0.00326	0.00139	0.99535
72 C	0.00329	0.00108	0.99563
73 D	0.00331	0.00101	0.99568
74 P	0.00331	0.00142	0.99527
75 N	0.00331	0.00283	0.99386
76 F	0.00330	0.01620	0.9805
77 R	0.00331	0.03386	0.96282
78 T	0.00319	0.07569	0.92112
79 A	0.00289	0.13021	0.8669
80 L	0.00261	0.15384	0.84355
81 F	0.00238	0.17134	0.82628
82 N	0.00208	0.17661	0.82131
83 T	0.00124	0.26027	0.73849
84 F	0.00048	0.56520	0.43432
85 L	0.00018	0.76165	0.23816
86 L	0.00007	0.92192	0.07802
87 V	0.00000	0.97542	0.02457
88 F	0.00000	0.99154	0.00846
89 A	0.00000	0.99469	0.0053
90 A	0.00000	0.99767	0.00232
91 V	0.00000	0.99968	0.00031
92 P	0.00000	0.99980	0.00019
93 I	0.00000	0.99994	6e-05
94 S	0.00001	0.99997	2e-05
95 I	0.00001	0.99998	0
96 F	0.00005	0.99995	0
97 L	0.00028	0.99971	0
98 S	0.00180	0.99819	1e-05
99 L	0.01486	0.98512	2e-05
100 M	0.04605	0.95390	5e-05
101 I	0.07953	0.92033	0.00014
102 T	0.12046	0.87915	0.00039
103 L	0.12802	0.87141	0.00056
104 A	0.14284	0.85628	0.00089
105 L	0.14928	0.84910	0.00161
106 N	0.22221	0.77508	0.00271
107 S	0.51708	0.47984	0.00307
108 I	0.72147	0.27541	0.00312
109 Y	0.90026	0.09653	0.00321
110 N	0.97465	0.02202	0.00333
111 R	0.98935	0.00731	0.00334
112 F	0.98801	0.00865	0.00334
113 F	0.98957	0.00708	0.00334
114 K	0.99363	0.00302	0.00334
115 N	0.98796	0.00870	0.00333
116 V	0.96762	0.02916	0.00322
117 F	0.93516	0.06175	0.00309
118 Q	0.89425	0.10310	0.00265
119 T	0.46395	0.53448	0.00157
120 I	0.19899	0.80058	0.00043
121 F	0.05542	0.94445	0.00013
122 F	0.01503	0.98489	8e-05
123 L	0.01188	0.98806	6e-05
124 P	0.01053	0.98942	5e-05
125 Y	0.00495	0.99503	1e-05
126 L	0.00185	0.99814	1e-05
127 T	0.00121	0.99878	1e-05
128 N	0.00088	0.99911	1e-05
129 P	0.00045	0.99954	1e-05
130 V	0.00004	0.99995	1e-05
131 I	0.00001	0.99997	2e-05
132 M	0.00001	0.99990	9e-05
133 G	0.00000	0.99982	0.00017
134 M	0.00000	0.99971	0.00029
135 V	0.00000	0.99909	0.00091
136 F	0.00000	0.99793	0.00207
137 A	0.00000	0.99509	0.00491
138 V	0.00001	0.98778	0.01222
139 L	0.00004	0.96165	0.03831
140 F	0.00018	0.89769	0.10213
141 Y	0.00099	0.76938	0.22963
142 H	0.00235	0.27937	0.71829
143 N	0.00318	0.07874	0.91809
144 S	0.00325	0.03008	0.96667
145 F	0.00326	0.01863	0.97811
146 G	0.00328	0.01216	0.98456
147 I	0.00329	0.00997	0.98673
148 Q	0.00332	0.00451	0.99216
149 M	0.00332	0.00221	0.99447
150 R	0.00332	0.00060	0.99608
151 P	0.00331	0.00029	0.9964
152 E	0.00328	0.00010	0.99663
153 G	0.00265	0.00070	0.99665
154 F	0.00207	0.00128	0.99665
155 F	0.00198	0.00136	0.99666
156 N	0.00198	0.00136	0.99666
157 S	0.00198	0.00136	0.99666
158 F	0.00198	0.00136	0.99666
159 F	0.00198	0.00136	0.99666
160 G	0.00198	0.00137	0.99666
161 L	0.00198	0.00139	0.99663
162 Q	0.00198	0.00140	0.99662
163 K	0.00198	0.00151	0.9965
164 D	0.00198	0.00183	0.99619
165 W	0.00197	0.00434	0.99369
166 I	0.00197	0.00552	0.99251
167 N	0.00197	0.00567	0.99236
168 I	0.00197	0.00716	0.99087
169 A	0.00197	0.00720	0.99083
170 A	0.00197	0.00727	0.99076
171 P	0.00197	0.00725	0.99078
172 Y	0.00197	0.00736	0.99067
173 S	0.00196	0.00700	0.99103
174 H	0.00196	0.00728	0.99076
175 K	0.00195	0.01205	0.986
176 M	0.00166	0.12058	0.87776
177 F	0.00062	0.86076	0.13861
178 V	0.00052	0.92534	0.07414
179 L	0.00050	0.94750	0.052
180 I	0.00049	0.97617	0.02335
181 F	0.00049	0.99639	0.00312
182 Y	0.00049	0.99892	0.00059
183 V	0.00055	0.99918	0.00027
184 V	0.00074	0.99913	0.00013
185 W	0.00183	0.99807	0.0001
186 K	0.00491	0.99500	0.0001
187 S	0.00509	0.99487	5e-05
188 L	0.00531	0.99466	3e-05
189 P	0.00548	0.99450	2e-05
190 F	0.00551	0.99447	2e-05
191 Q	0.00581	0.99417	2e-05
192 I	0.00582	0.99417	2e-05
193 L	0.00583	0.99415	2e-05
194 I	0.00590	0.99408	2e-05
195 F	0.00681	0.99315	4e-05
196 S	0.01092	0.98897	0.00011
197 V	0.01463	0.98524	0.00013
198 G	0.03959	0.96022	0.0002
199 L	0.14178	0.85773	0.00049
200 K	0.94702	0.05149	0.00149
201 N	0.96633	0.03216	0.00151
202 I	0.97051	0.02798	0.00151
203 S	0.98186	0.01663	0.00151
204 K	0.99824	0.00025	0.00152
205 D	0.99848	0.00001	0.00152
206 Y	0.99848	0.00001	0.00152
207 Y	0.99848	0.00000	0.00152
208 D	0.99849	0.00000	0.00152
209 A	0.99849	0.00000	0.00152
210 A	0.99849	0.00000	0.00152
211 R	0.99849	0.00000	0.00152
212 I	0.99848	0.00001	0.00152
213 D	0.99848	0.00001	0.00152
214 G	0.99848	0.00001	0.00152
215 A	0.99847	0.00002	0.00152
216 S	0.99846	0.00003	0.00152
217 K	0.99842	0.00007	0.00151
218 I	0.96572	0.03286	0.00143
219 T	0.89470	0.10405	0.00124
220 I	0.37417	0.62460	0.00123
221 F	0.36693	0.63184	0.00122
222 R	0.36513	0.63365	0.00122
223 K	0.32785	0.67100	0.00114
224 I	0.20852	0.79066	0.00082
225 T	0.16333	0.83589	0.00077
226 L	0.02509	0.97421	0.0007
227 P	0.01094	0.98839	0.00068
228 L	0.00101	0.99835	0.00064
229 L	0.00075	0.99861	0.00064
230 A	0.00071	0.99865	0.00064
231 P	0.00067	0.99869	0.00064
232 T	0.00059	0.99877	0.00064
233 I	0.00042	0.99894	0.00064
234 L	0.00040	0.99896	0.00064
235 Y	0.00040	0.99895	0.00065
236 Q	0.00040	0.99874	0.00086
237 L	0.00039	0.99860	0.00101
238 I	0.00039	0.99802	0.00158
239 I	0.00041	0.99384	0.00574
240 A	0.00044	0.97248	0.02708
241 I	0.00049	0.93668	0.06283
242 I	0.00069	0.86833	0.13098
243 Q	0.00076	0.38081	0.61843
244 V	0.00080	0.34902	0.65018
245 F	0.00089	0.29791	0.7012
246 K	0.00116	0.04371	0.95513
247 E	0.00126	0.00614	0.9926
248 Y	0.00107	0.00338	0.99556
249 E	0.00104	0.00086	0.99809
250 S	0.00087	0.00104	0.9981
251 V	0.00061	0.00133	0.99807
252 I	0.00046	0.00161	0.99793
253 G	0.00042	0.00160	0.99798
254 V	0.00041	0.00159	0.998
255 F	0.00041	0.00153	0.99807
256 G	0.00042	0.00136	0.99823
257 S	0.00042	0.00132	0.99827
258 S	0.00042	0.00130	0.99828
259 D	0.00042	0.00130	0.99829
260 T	0.00042	0.00130	0.99829
261 T	0.00042	0.00130	0.99829
262 K	0.00042	0.00130	0.99829
263 V	0.00042	0.00130	0.99829
264 N	0.00042	0.00130	0.99829
265 T	0.00042	0.00130	0.99828
266 V	0.00042	0.00130	0.99828
267 V	0.00042	0.00130	0.99828
268 G	0.00042	0.00130	0.99829
269 Y	0.00042	0.00129	0.99829
270 I	0.00044	0.00128	0.99829
271 Y	0.00048	0.00073	0.99879
272 Q	0.00064	0.00048	0.99888
273 Q	0.00081	0.00016	0.99903
274 L	0.00084	0.00009	0.99908
275 E	0.00086	0.00002	0.99912
276 G	0.00086	0.00001	0.99913
277 T	0.00086	0.00001	0.99913
278 L	0.00086	0.00002	0.99912
279 M	0.00087	0.00002	0.99912
280 D	0.00087	0.00005	0.99909
281 S	0.00086	0.00044	0.9987
282 Y	0.00083	0.00218	0.99698
283 S	0.00078	0.00641	0.99281
284 R	0.00066	0.04437	0.95497
285 G	0.00024	0.78725	0.21251
286 A	0.00016	0.90390	0.09594
287 A	0.00011	0.94406	0.05583
288 A	0.00007	0.98803	0.0119
289 T	0.00004	0.99559	0.00436
290 V	0.00000	0.99986	0.00014
291 I	0.00000	0.99999	1e-05
292 L	0.00000	1.00000	0
293 L	0.00000	1.00000	0
294 L	0.00000	1.00000	0
295 I	0.00000	1.00000	0
296 S	0.00000	1.00000	0
297 I	0.00000	1.00000	0
298 L	0.00000	1.00000	0
299 F	0.00000	1.00000	0
300 T	0.00001	0.99999	0
301 A	0.00003	0.99997	0
302 I	0.00006	0.99993	0
303 N	0.00039	0.99959	1e-05
304 F	0.00081	0.99916	3e-05
305 F	0.00284	0.99711	5e-05
306 F	0.01614	0.98374	0.00012
307 F	0.08705	0.91267	0.00028
308 E	0.95364	0.04554	0.00081
309 K	0.99799	0.00114	0.00087
310 K	0.99906	0.00007	0.00087
311 L	0.99908	0.00005	0.00087
312 N	0.99912	0.00001	0.00087
313 K	0.99913	0.00000	0.00087
