# 2570378755
# AA	inside	membr	outside
1 M	0.86168	0.00000	0.13832
2 I	0.86168	0.00000	0.13832
3 E	0.86168	0.00000	0.13832
4 N	0.86168	0.00000	0.13832
5 Y	0.86168	0.00000	0.13832
6 N	0.86168	0.00000	0.13832
7 F	0.86168	0.00000	0.13832
8 T	0.86168	0.00000	0.13832
9 S	0.86168	0.00000	0.13832
10 K	0.86168	0.00001	0.13832
11 S	0.86167	0.00002	0.1383
12 L	0.86149	0.00022	0.13829
13 Q	0.86144	0.00031	0.13825
14 F	0.86144	0.00031	0.13825
15 A	0.86144	0.00178	0.13678
16 K	0.86142	0.00179	0.13678
17 G	0.86001	0.00347	0.13652
18 F	0.85996	0.00392	0.13612
19 K	0.85961	0.00443	0.13596
20 T	0.76070	0.22389	0.0154
21 F	0.45688	0.52815	0.01497
22 I	0.43999	0.55170	0.00831
23 A	0.43613	0.55601	0.00786
24 R	0.43444	0.55793	0.00763
25 G	0.39841	0.59419	0.0074
26 N	0.32590	0.66715	0.00694
27 V	0.18966	0.80514	0.0052
28 I	0.16500	0.83024	0.00476
29 N	0.15014	0.84520	0.00466
30 L	0.07618	0.91943	0.00439
31 A	0.04483	0.95093	0.00423
32 V	0.03448	0.96131	0.00421
33 A	0.03152	0.96430	0.00418
34 V	0.02459	0.97136	0.00405
35 L	0.02386	0.97199	0.00415
36 I	0.02343	0.97258	0.00398
37 G	0.03510	0.96011	0.00479
38 Q	0.08588	0.89116	0.02296
39 L	0.08702	0.87170	0.04128
40 F	0.10204	0.79391	0.10404
41 A	0.11055	0.63316	0.25628
42 K	0.13543	0.54118	0.32339
43 I	0.08281	0.61462	0.30257
44 L	0.01950	0.72229	0.25821
45 S	0.01829	0.72231	0.2594
46 S	0.01035	0.74453	0.24512
47 L	0.00444	0.81925	0.17631
48 V	0.00336	0.80931	0.18733
49 A	0.00357	0.75737	0.23905
50 D	0.00440	0.63732	0.35829
51 I	0.00427	0.63672	0.35901
52 I	0.00426	0.62590	0.36984
53 M	0.00431	0.54495	0.45074
54 P	0.00432	0.50196	0.49373
55 L	0.00432	0.48968	0.506
56 F	0.00433	0.48448	0.5112
57 S	0.00439	0.47137	0.52423
58 L	0.00445	0.46611	0.52944
59 L	0.00514	0.45756	0.5373
60 F	0.00786	0.44529	0.54685
61 D	0.03940	0.38577	0.57483
62 Y	0.04026	0.37908	0.58067
63 T	0.04316	0.36938	0.58746
64 G	0.04473	0.36066	0.59461
65 A	0.04774	0.34444	0.60782
66 L	0.06128	0.27208	0.66664
67 K	0.27699	0.00914	0.71387
68 D	0.28265	0.00325	0.71411
69 L	0.28320	0.00263	0.71417
70 K	0.28463	0.00088	0.7145
71 F	0.28474	0.00076	0.7145
72 E	0.28494	0.00056	0.7145
73 I	0.28497	0.00054	0.71449
74 K	0.28547	0.00004	0.71449
75 T	0.28540	0.00056	0.71403
76 N	0.28513	0.00261	0.71225
77 T	0.27992	0.02451	0.69557
78 Y	0.24527	0.06547	0.68925
79 L	0.05541	0.26176	0.68283
80 G	0.03394	0.29932	0.66674
81 Y	0.02322	0.32857	0.6482
82 G	0.01943	0.34796	0.63261
83 N	0.01620	0.39643	0.58736
84 F	0.01383	0.63375	0.35241
85 L	0.01017	0.81121	0.17862
86 Q	0.00951	0.85007	0.14042
87 T	0.00307	0.90991	0.08702
88 I	0.00065	0.98799	0.01136
89 L	0.00039	0.99526	0.00435
90 E	0.00031	0.99667	0.00301
91 F	0.00019	0.99877	0.00103
92 L	0.00018	0.99942	0.0004
93 L	0.00017	0.99953	0.00029
94 L	0.00018	0.99956	0.00026
95 S	0.00020	0.99953	0.00027
96 F	0.00024	0.99946	0.00031
97 I	0.00039	0.99917	0.00044
98 I	0.00102	0.99778	0.0012
99 Y	0.00444	0.98977	0.00579
100 T	0.02265	0.96277	0.01458
101 I	0.02662	0.92930	0.04408
102 L	0.03253	0.74529	0.22218
103 N	0.05626	0.69105	0.25268
104 L	0.08971	0.64771	0.26258
105 M	0.12290	0.60959	0.26752
106 S	0.20866	0.51907	0.27227
107 W	0.44477	0.27896	0.27626
108 K	0.68467	0.03070	0.28464
109 N	0.69398	0.02107	0.28495
110 P	0.70019	0.01444	0.28538
111 L	0.70951	0.00501	0.28548
112 Q	0.71432	0.00012	0.28555
113 K	0.71442	0.00001	0.28557
114 D	0.71443	0.00000	0.28557
115 K	0.71443	0.00000	0.28557
116 T	0.71443	0.00000	0.28557
117 D	0.71443	0.00000	0.28557
118 K	0.71443	0.00000	0.28557
119 N	0.71443	0.00000	0.28557
120 M	0.71443	0.00000	0.28557
121 L	0.71443	0.00000	0.28557
122 F	0.71443	0.00000	0.28557
123 L	0.71443	0.00000	0.28557
124 Q	0.71443	0.00000	0.28557
125 E	0.71443	0.00000	0.28557
126 N	0.71443	0.00000	0.28557
127 L	0.71443	0.00000	0.28557
128 N	0.71443	0.00000	0.28557
129 K	0.71443	0.00000	0.28557
130 E	0.71443	0.00000	0.28557
131 I	0.71443	0.00000	0.28557
132 A	0.71443	0.00000	0.28557
133 L	0.71443	0.00000	0.28557
134 L	0.71443	0.00000	0.28557
135 E	0.71443	0.00000	0.28557
136 E	0.71443	0.00000	0.28557
137 I	0.71443	0.00000	0.28557
138 K	0.71443	0.00000	0.28557
139 D	0.71443	0.00000	0.28557
140 I	0.71443	0.00000	0.28557
141 L	0.71443	0.00000	0.28557
142 K	0.71443	0.00000	0.28557
143 S	0.71443	0.00000	0.28557
144 N	0.71443	0.00000	0.28557
145 K	0.71443	0.00000	0.28557
