# 2570378773
# AA	inside	membr	outside
1 M	0.70356	0.00000	0.29643
2 S	0.70356	0.00000	0.29643
3 K	0.70356	0.00000	0.29643
4 D	0.70356	0.00000	0.29643
5 D	0.70353	0.00005	0.29642
6 Y	0.70353	0.00007	0.2964
7 I	0.70205	0.00156	0.29639
8 K	0.70205	0.00156	0.29639
9 K	0.69733	0.00634	0.29633
10 T	0.69720	0.07627	0.22652
11 V	0.62963	0.17197	0.1984
12 T	0.50050	0.30396	0.19554
13 I	0.00297	0.86720	0.12982
14 G	0.00294	0.86724	0.12982
15 L	0.00294	0.99551	0.00155
16 S	0.00229	0.99616	0.00155
17 A	0.00131	0.99767	0.00102
18 A	0.00126	0.99833	0.00041
19 I	0.00084	0.99886	0.0003
20 F	0.00017	0.99979	4e-05
21 F	0.00014	0.99982	4e-05
22 V	0.00014	0.99982	4e-05
23 L	0.00014	0.99982	4e-05
24 S	0.00014	0.99982	4e-05
25 C	0.00014	0.99981	5e-05
26 F	0.00014	0.99979	6e-05
27 A	0.00016	0.99962	0.00022
28 S	0.00194	0.99755	0.0005
29 I	0.00284	0.99630	0.00086
30 P	0.00973	0.98530	0.00497
31 L	0.01282	0.93959	0.04758
32 G	0.02043	0.83553	0.14404
33 F	0.06054	0.70257	0.23688
34 N	0.09611	0.54744	0.35645
35 V	0.10305	0.49364	0.40331
36 S	0.17456	0.14126	0.68419
37 I	0.18443	0.12803	0.68755
38 E	0.29533	0.00470	0.69998
39 T	0.28933	0.02855	0.68212
40 S	0.23493	0.31588	0.44919
41 S	0.22111	0.47769	0.3012
42 A	0.12001	0.68832	0.19166
43 F	0.09282	0.83508	0.0721
44 L	0.00370	0.96101	0.03528
45 A	0.00138	0.99514	0.00348
46 F	0.00035	0.99882	0.00083
47 I	0.00013	0.99954	0.00033
48 A	0.00006	0.99970	0.00024
49 V	0.00001	0.99977	0.00021
50 A	0.00000	0.99980	0.00019
51 F	0.00000	0.99980	0.00019
52 G	0.00000	0.99979	0.0002
53 P	0.00000	0.99979	0.0002
54 S	0.00000	0.99979	0.00021
55 V	0.00001	0.99978	0.00021
56 G	0.00001	0.99971	0.00027
57 F	0.00005	0.99964	0.00031
58 Y	0.00047	0.99904	0.00049
59 V	0.00153	0.99775	0.00071
60 G	0.00488	0.99073	0.00438
61 L	0.00798	0.96911	0.02291
62 I	0.03166	0.93720	0.03114
63 G	0.42414	0.46970	0.10617
64 H	0.61263	0.26857	0.11881
65 T	0.66978	0.14644	0.18378
66 I	0.69178	0.09042	0.21779
67 K	0.70223	0.00173	0.29605
68 D	0.69904	0.00870	0.29226
69 F	0.52431	0.20880	0.2669
70 I	0.41605	0.38523	0.19872
71 L	0.39828	0.41036	0.19136
72 F	0.37745	0.43323	0.18933
73 G	0.37394	0.43874	0.18733
74 N	0.35527	0.46751	0.17721
75 V	0.04293	0.89291	0.06416
76 S	0.02978	0.92724	0.04298
77 W	0.00474	0.98556	0.0097
78 N	0.00349	0.98844	0.00807
79 W	0.00213	0.99715	0.00071
80 V	0.00193	0.99771	0.00036
81 L	0.00191	0.99783	0.00026
82 C	0.00189	0.99785	0.00025
83 S	0.00189	0.99786	0.00025
84 A	0.00189	0.99786	0.00024
85 L	0.00189	0.99786	0.00024
86 I	0.00189	0.99786	0.00025
87 G	0.00192	0.99771	0.00038
88 F	0.00199	0.99714	0.00087
89 I	0.00601	0.99207	0.00193
90 Y	0.01521	0.92829	0.0565
91 G	0.02396	0.89966	0.07639
92 L	0.04074	0.74302	0.21623
93 P	0.11588	0.58441	0.29971
94 H	0.12664	0.56216	0.3112
95 R	0.12871	0.37936	0.49193
96 I	0.12899	0.37745	0.49356
97 I	0.16425	0.32219	0.51356
98 D	0.29378	0.01786	0.68837
99 L	0.29670	0.01269	0.69061
100 K	0.29835	0.00003	0.70162
101 Y	0.29835	0.00012	0.70152
102 Q	0.29836	0.00031	0.70133
103 V	0.29822	0.00053	0.70125
104 F	0.29797	0.00081	0.70122
105 T	0.29790	0.00089	0.7012
106 K	0.29787	0.00099	0.70113
107 K	0.29757	0.00389	0.69854
108 K	0.29375	0.01899	0.68725
109 I	0.07220	0.65236	0.27543
110 V	0.02363	0.76319	0.21318
111 Y	0.00784	0.85230	0.13986
112 F	0.00332	0.97851	0.01816
113 W	0.00274	0.98192	0.01535
114 L	0.00273	0.98209	0.01519
115 Y	0.00273	0.98209	0.01518
116 Q	0.00273	0.98209	0.01518
117 V	0.00273	0.98209	0.01518
118 A	0.00273	0.98209	0.01518
119 C	0.00273	0.98209	0.01518
120 N	0.00273	0.98209	0.01518
121 F	0.00273	0.98209	0.01518
122 I	0.00273	0.98209	0.01518
123 I	0.00274	0.98208	0.01518
124 W	0.00319	0.98151	0.0153
125 G	0.00621	0.97541	0.01838
126 G	0.01018	0.96567	0.02415
127 G	0.06856	0.83670	0.09474
128 C	0.16287	0.65479	0.18234
129 S	0.48285	0.22567	0.29147
130 S	0.59478	0.10146	0.30377
131 K	0.68918	0.00000	0.31082
