# 2570379168
# AA	inside	membr	outside
1 M	0.94255	0.00000	0.05745
2 L	0.94255	0.00000	0.05745
3 K	0.94255	0.00000	0.05745
4 I	0.94255	0.00000	0.05745
5 K	0.94255	0.00000	0.05745
6 N	0.94255	0.00000	0.05745
7 K	0.94252	0.00002	0.05745
8 E	0.94252	0.00002	0.05745
9 T	0.93919	0.00336	0.05745
10 K	0.93913	0.00406	0.05681
11 V	0.88669	0.05676	0.05655
12 F	0.47886	0.46471	0.05643
13 F	0.31253	0.63210	0.05537
14 S	0.31252	0.63211	0.05537
15 P	0.31252	0.63891	0.04857
16 L	0.30666	0.64477	0.04857
17 Q	0.30497	0.64651	0.04852
18 K	0.30466	0.64694	0.04839
19 H	0.22273	0.73080	0.04647
20 I	0.07171	0.89929	0.029
21 I	0.04934	0.92166	0.02899
22 A	0.04898	0.92206	0.02896
23 S	0.04887	0.92218	0.02896
24 T	0.04879	0.92225	0.02895
25 L	0.04872	0.92233	0.02895
26 L	0.04871	0.92234	0.02895
27 G	0.04871	0.92232	0.02896
28 L	0.04871	0.92231	0.02898
29 T	0.04871	0.92180	0.02949
30 I	0.04872	0.91811	0.03318
31 V	0.04872	0.90508	0.0462
32 L	0.04878	0.87012	0.08109
33 E	0.05290	0.79396	0.15314
34 F	0.05314	0.73508	0.21178
35 T	0.05572	0.37076	0.57351
36 Y	0.05778	0.23508	0.70714
37 D	0.06345	0.14366	0.79289
38 K	0.06671	0.07007	0.86323
39 L	0.06662	0.06516	0.86822
40 G	0.06691	0.05822	0.87488
41 I	0.06716	0.05541	0.87743
42 A	0.06791	0.04677	0.88532
43 K	0.07651	0.00923	0.91426
44 M	0.05882	0.35986	0.58132
45 G	0.03851	0.50544	0.45604
46 S	0.03498	0.58378	0.38123
47 N	0.02667	0.74657	0.22676
48 I	0.01414	0.90193	0.08393
49 G	0.00532	0.96985	0.02482
50 S	0.00415	0.98615	0.00969
51 F	0.00371	0.99424	0.00205
52 I	0.00354	0.99528	0.00118
53 K	0.00352	0.99531	0.00117
54 V	0.00322	0.99584	0.00094
55 S	0.00298	0.99611	0.0009
56 L	0.00289	0.99634	0.00077
57 L	0.00283	0.99645	0.00072
58 P	0.00277	0.99651	0.00071
59 L	0.00257	0.99678	0.00065
60 I	0.00254	0.99682	0.00063
61 L	0.00256	0.99680	0.00064
62 I	0.00284	0.99636	0.0008
63 G	0.00321	0.99561	0.00118
64 F	0.00651	0.99201	0.00148
65 L	0.02055	0.97667	0.00278
66 L	0.11219	0.88088	0.00693
67 G	0.64656	0.31300	0.04043
68 K	0.90667	0.02078	0.07255
69 K	0.92169	0.00457	0.07375
70 H	0.90232	0.03403	0.06365
71 S	0.71881	0.22287	0.05833
72 F	0.46474	0.48347	0.05179
73 L	0.14417	0.80434	0.05148
74 F	0.09702	0.85156	0.05142
75 C	0.09237	0.85624	0.05139
76 S	0.08709	0.87313	0.03978
77 L	0.07046	0.89904	0.0305
78 Y	0.02322	0.94745	0.02933
79 A	0.01226	0.95960	0.02814
80 L	0.00218	0.97024	0.02758
81 F	0.00168	0.97118	0.02714
82 H	0.00172	0.97095	0.02734
83 L	0.00165	0.97095	0.0274
84 F	0.00166	0.97088	0.02746
85 K	0.00168	0.97072	0.02759
86 A	0.00167	0.97071	0.02761
87 I	0.00167	0.97058	0.02775
88 F	0.00171	0.96986	0.02842
89 L	0.00258	0.96156	0.03586
90 S	0.01789	0.77839	0.20371
91 E	0.02214	0.44564	0.53222
92 S	0.02261	0.43214	0.54525
93 T	0.02347	0.42191	0.55462
94 N	0.02372	0.41032	0.56596
95 I	0.02394	0.37479	0.60127
96 L	0.02427	0.15096	0.82476
97 A	0.02575	0.12190	0.85235
98 Y	0.02763	0.10865	0.86372
99 M	0.04324	0.08313	0.87364
100 Q	0.04931	0.04492	0.90578
101 D	0.04949	0.00064	0.94987
102 Q	0.04949	0.00016	0.95035
103 Q	0.04949	0.00004	0.95047
104 M	0.04949	0.00060	0.94991
105 R	0.04949	0.00190	0.94862
106 P	0.04942	0.00729	0.94328
107 L	0.04922	0.01570	0.93508
108 Q	0.04914	0.02467	0.9262
109 Q	0.04263	0.28146	0.67591
110 I	0.02255	0.91043	0.06702
111 A	0.01445	0.94360	0.04196
112 V	0.01176	0.96179	0.02645
113 L	0.01147	0.98163	0.00691
114 L	0.01142	0.98570	0.00288
115 L	0.01141	0.98663	0.00196
116 D	0.01141	0.98684	0.00174
117 Y	0.01141	0.98778	0.00081
118 L	0.01140	0.98819	0.0004
119 L	0.01140	0.98829	0.00031
120 V	0.01141	0.98832	0.00028
121 D	0.01141	0.98833	0.00026
122 L	0.01141	0.98834	0.00025
123 S	0.01143	0.98832	0.00025
124 Y	0.01148	0.98827	0.00025
125 S	0.01185	0.98789	0.00027
126 L	0.01213	0.98759	0.00028
127 S	0.01383	0.98582	0.00035
128 F	0.01603	0.98354	0.00043
129 V	0.02556	0.97332	0.00111
130 F	0.03795	0.95476	0.00729
131 Y	0.04972	0.93894	0.01133
132 N	0.36024	0.60980	0.02996
133 P	0.92636	0.03940	0.03424
134 N	0.94764	0.01470	0.03766
135 L	0.95091	0.01087	0.03822
136 K	0.96100	0.00066	0.03833
137 Y	0.96117	0.00050	0.03833
138 F	0.96127	0.00039	0.03833
139 D	0.96163	0.00003	0.03833
140 N	0.96163	0.00004	0.03833
141 Y	0.96156	0.00012	0.03831
142 K	0.96152	0.00018	0.03829
143 R	0.94860	0.01351	0.03789
144 I	0.47859	0.48799	0.03342
145 L	0.08295	0.88818	0.02888
146 I	0.06350	0.92458	0.01192
147 N	0.05531	0.93432	0.01038
148 L	0.02653	0.96672	0.00674
149 L	0.00785	0.99092	0.00123
150 I	0.00280	0.99685	0.00035
151 V	0.00097	0.99885	0.00018
152 F	0.00010	0.99988	2e-05
153 T	0.00002	0.99997	1e-05
154 F	0.00000	0.99999	0
155 V	0.00000	1.00000	0
156 F	0.00000	1.00000	0
157 A	0.00000	1.00000	0
158 F	0.00000	0.99999	1e-05
159 K	0.00001	0.99970	0.00029
160 C	0.00000	0.99968	0.00031
161 L	0.00001	0.99965	0.00034
162 A	0.00001	0.99920	0.0008
163 S	0.00002	0.99843	0.00155
164 Y	0.00003	0.99751	0.00246
165 F	0.00005	0.99636	0.0036
166 V	0.00029	0.97856	0.02115
167 W	0.00310	0.62237	0.37453
168 L	0.00758	0.22938	0.76304
169 P	0.02602	0.13571	0.83827
170 L	0.02726	0.09428	0.87847
171 I	0.03075	0.06387	0.90538
172 T	0.03760	0.01898	0.94342
173 N	0.03826	0.00575	0.95599
174 K	0.03833	0.00031	0.96136
175 Q	0.03832	0.00011	0.96157
176 N	0.03830	0.00017	0.96153
177 Y	0.03829	0.00028	0.96143
178 F	0.03828	0.00031	0.9614
179 P	0.03828	0.00036	0.96136
180 F	0.03826	0.00116	0.96058
181 L	0.03824	0.00504	0.95671
182 A	0.03824	0.00983	0.95193
183 P	0.03822	0.01098	0.9508
184 L	0.03820	0.01270	0.9491
185 N	0.03820	0.01420	0.9476
186 H	0.03818	0.03915	0.92266
187 N	0.03769	0.16407	0.79823
188 P	0.03581	0.23848	0.72571
189 I	0.02535	0.55833	0.41632
190 I	0.02230	0.60748	0.37022
191 W	0.01692	0.65279	0.33029
192 C	0.00543	0.73484	0.25973
193 L	0.00235	0.83135	0.1663
194 C	0.00157	0.85611	0.14233
195 Y	0.00083	0.90534	0.09383
196 N	0.00059	0.92633	0.07308
197 L	0.00007	0.98533	0.01459
198 I	0.00004	0.99664	0.00333
199 P	0.00004	0.99815	0.00181
200 V	0.00001	0.99940	0.00059
201 F	0.00000	0.99990	9e-05
202 A	0.00000	0.99994	5e-05
203 T	0.00000	0.99998	1e-05
204 F	0.00000	0.99999	1e-05
205 A	0.00001	0.99999	0
206 F	0.00001	0.99999	0
207 I	0.00005	0.99994	2e-05
208 F	0.00020	0.99976	4e-05
209 I	0.00292	0.99694	0.00014
210 F	0.02517	0.97419	0.00064
211 L	0.06186	0.93587	0.00227
212 F	0.22182	0.76840	0.00978
213 F	0.28374	0.70253	0.01373
214 L	0.36668	0.61288	0.02044
215 N	0.69993	0.26516	0.03491
216 P	0.85823	0.10436	0.03741
217 R	0.93150	0.03049	0.03801
218 I	0.94072	0.02115	0.03813
219 K	0.95920	0.00239	0.03842
220 T	0.96094	0.00062	0.03844
221 Y	0.96114	0.00041	0.03845
222 L	0.96136	0.00019	0.03845
223 N	0.96146	0.00009	0.03845
224 Y	0.96149	0.00005	0.03845
225 Y	0.96151	0.00004	0.03845
226 R	0.96154	0.00000	0.03846
