# 2570378866
# AA	inside	membr	outside
1 T	0.29933	0.00000	0.70067
2 S	0.29933	0.00000	0.70067
3 A	0.29933	0.00000	0.70067
4 V	0.29933	0.00000	0.70067
5 K	0.29933	0.00000	0.70067
6 D	0.29933	0.00005	0.70063
7 D	0.29884	0.00060	0.70056
8 T	0.29884	0.00070	0.70046
9 S	0.28008	0.02477	0.69515
10 L	0.28002	0.29288	0.4271
11 T	0.27958	0.29919	0.42124
12 A	0.26950	0.31220	0.4183
13 E	0.24152	0.34812	0.41036
14 V	0.24151	0.34814	0.41036
15 T	0.24151	0.44471	0.31379
16 T	0.24009	0.44613	0.31379
17 G	0.23853	0.44809	0.31339
18 T	0.23848	0.44901	0.31251
19 A	0.23637	0.45171	0.31192
20 L	0.21654	0.49840	0.28507
21 T	0.21416	0.50083	0.28501
22 I	0.21405	0.50180	0.28415
23 I	0.21401	0.50192	0.28408
24 E	0.21399	0.50195	0.28406
25 I	0.21370	0.50238	0.28391
26 I	0.21369	0.50240	0.28392
27 L	0.21377	0.50200	0.28423
28 V	0.21928	0.49606	0.28466
29 N	0.23798	0.47374	0.28828
30 L	0.25121	0.45986	0.28893
31 A	0.27549	0.43418	0.29033
32 T	0.32072	0.37042	0.30886
33 E	0.52333	0.16316	0.31351
34 A	0.52697	0.15896	0.31406
35 I	0.53217	0.14884	0.31899
36 E	0.53969	0.11753	0.34278
37 V	0.54048	0.11628	0.34324
38 T	0.60265	0.05229	0.34506
39 P	0.60357	0.04959	0.34684
40 T	0.60480	0.04700	0.3482
41 V	0.60521	0.04605	0.34874
42 V	0.60616	0.04332	0.35053
43 N	0.62906	0.00290	0.36804
44 N	0.62957	0.00093	0.3695
45 T	0.63045	0.00000	0.36955
