# 2570379073
# AA	inside	membr	outside
1 M	0.96233	0.00000	0.03767
2 E	0.96233	0.00000	0.03767
3 S	0.96233	0.00000	0.03767
4 N	0.96233	0.00000	0.03767
5 K	0.96233	0.00000	0.03767
6 V	0.96233	0.00000	0.03767
7 N	0.96233	0.00000	0.03767
8 N	0.96233	0.00000	0.03767
9 S	0.96233	0.00000	0.03767
10 F	0.96233	0.00006	0.03761
11 T	0.96233	0.00006	0.03761
12 Q	0.96232	0.00007	0.0376
13 I	0.96229	0.00010	0.0376
14 K	0.96229	0.00010	0.0376
15 N	0.96229	0.00011	0.03759
16 N	0.96229	0.00011	0.03759
17 F	0.96229	0.00011	0.03759
18 L	0.96229	0.00011	0.03759
19 S	0.96229	0.00011	0.03759
20 L	0.96229	0.00011	0.03759
21 F	0.96229	0.00011	0.03759
22 E	0.96229	0.00011	0.03759
23 T	0.96229	0.00011	0.03759
24 T	0.96229	0.00011	0.03759
25 N	0.96229	0.00011	0.0376
26 Y	0.96229	0.00011	0.0376
27 N	0.96229	0.00011	0.0376
28 N	0.96230	0.00010	0.03759
29 I	0.96227	0.00016	0.03757
30 A	0.96215	0.00029	0.03756
31 T	0.96211	0.00033	0.03756
32 R	0.96160	0.00092	0.03748
33 K	0.95617	0.00656	0.03727
34 G	0.70652	0.26171	0.03177
35 I	0.15812	0.83624	0.00564
36 A	0.14521	0.85003	0.00475
37 L	0.13771	0.85777	0.00451
38 K	0.13376	0.86193	0.00431
39 T	0.10169	0.89635	0.00195
40 I	0.00407	0.99582	0.00012
41 L	0.00045	0.99949	7e-05
42 L	0.00009	0.99986	4e-05
43 L	0.00003	0.99994	3e-05
44 C	0.00003	0.99994	3e-05
45 V	0.00003	0.99995	1e-05
46 T	0.00003	0.99995	1e-05
47 A	0.00003	0.99995	1e-05
48 I	0.00003	0.99995	1e-05
49 T	0.00003	0.99995	1e-05
50 S	0.00003	0.99994	3e-05
51 I	0.00003	0.99990	6e-05
52 F	0.00004	0.99938	0.00057
53 F	0.00011	0.99100	0.00889
54 Y	0.00047	0.98414	0.01539
55 P	0.00374	0.95051	0.04576
56 I	0.00444	0.93275	0.06282
57 L	0.00913	0.71687	0.274
58 K	0.03445	0.07842	0.88713
59 T	0.03496	0.07667	0.88837
60 V	0.03494	0.07609	0.88896
61 I	0.03505	0.07531	0.88963
62 L	0.03535	0.06470	0.89995
63 K	0.03652	0.00456	0.95892
64 N	0.02483	0.01926	0.9559
65 L	0.02323	0.03306	0.94371
66 N	0.02164	0.12032	0.85803
67 I	0.01600	0.78211	0.20189
68 N	0.01405	0.79681	0.18914
69 T	0.00951	0.87646	0.11404
70 I	0.00014	0.94581	0.05405
71 Y	0.00010	0.98271	0.01719
72 F	0.00009	0.99944	0.00046
73 P	0.00009	0.99952	0.00039
74 M	0.00009	0.99960	0.00031
75 I	0.00009	0.99965	0.00027
76 M	0.00009	0.99966	0.00026
77 L	0.00008	0.99966	0.00025
78 G	0.00009	0.99966	0.00025
79 F	0.00010	0.99965	0.00026
80 L	0.00022	0.99950	0.00027
81 N	0.00051	0.99914	0.00036
82 Y	0.00064	0.99897	0.00039
83 G	0.00130	0.99820	0.0005
84 I	0.00262	0.99618	0.0012
85 Y	0.01850	0.97805	0.00346
86 S	0.11397	0.87558	0.01045
87 A	0.24484	0.73793	0.01723
88 G	0.31166	0.66872	0.01962
89 L	0.43438	0.54242	0.0232
90 K	0.94875	0.01396	0.0373
91 Q	0.95239	0.01004	0.03757
92 V	0.95326	0.00912	0.03763
93 E	0.95873	0.00353	0.03775
94 I	0.95139	0.01092	0.0377
95 S	0.94971	0.01262	0.03766
96 K	0.93591	0.02654	0.03755
97 A	0.90622	0.05740	0.03638
98 C	0.59973	0.36823	0.03204
99 G	0.47465	0.50998	0.01537
100 L	0.23074	0.76341	0.00585
101 I	0.09699	0.90152	0.00149
102 Y	0.00266	0.99642	0.00092
103 S	0.00182	0.99759	0.00059
104 F	0.00133	0.99860	7e-05
105 I	0.00101	0.99894	5e-05
106 E	0.00092	0.99904	5e-05
107 G	0.00073	0.99923	3e-05
108 I	0.00042	0.99956	2e-05
109 I	0.00025	0.99974	1e-05
110 L	0.00012	0.99987	1e-05
111 S	0.00011	0.99987	2e-05
112 I	0.00010	0.99988	2e-05
113 I	0.00010	0.99986	4e-05
114 F	0.00011	0.99960	0.00029
115 V	0.00012	0.99702	0.00286
116 V	0.00022	0.97998	0.01981
117 L	0.00053	0.96263	0.03685
118 N	0.00281	0.89257	0.10462
119 L	0.00429	0.88520	0.11051
120 V	0.00562	0.85672	0.13765
121 Y	0.01366	0.58091	0.40543
122 A	0.02602	0.41706	0.55692
123 N	0.03158	0.16939	0.79903
124 L	0.02441	0.19859	0.77699
125 V	0.01891	0.46297	0.51811
126 E	0.01816	0.50051	0.48133
127 I	0.01074	0.81761	0.17165
128 A	0.00245	0.91057	0.08698
129 F	0.00025	0.96887	0.03088
130 M	0.00006	0.98501	0.01493
131 A	0.00004	0.99066	0.0093
132 I	0.00001	0.99944	0.00054
133 F	0.00000	0.99979	0.00021
134 A	0.00000	0.99993	6e-05
135 T	0.00000	0.99995	4e-05
136 F	0.00000	0.99996	4e-05
137 I	0.00000	0.99996	4e-05
138 F	0.00000	0.99995	4e-05
139 F	0.00004	0.99991	5e-05
140 I	0.00050	0.99936	0.00014
141 A	0.00413	0.99547	0.00039
142 M	0.03509	0.96382	0.00108
143 S	0.05967	0.93643	0.0039
144 H	0.09572	0.89991	0.00438
145 A	0.11564	0.87714	0.00722
146 Y	0.13222	0.85623	0.01155
147 Y	0.23988	0.73753	0.0226
148 K	0.70749	0.25614	0.03637
149 G	0.73038	0.23310	0.03652
150 F	0.84296	0.11987	0.03717
151 I	0.89402	0.06818	0.0378
152 K	0.95918	0.00246	0.03836
153 V	0.96026	0.00138	0.03836
154 T	0.96102	0.00062	0.03837
155 N	0.96131	0.00034	0.03835
156 K	0.95998	0.00233	0.03769
157 F	0.95526	0.01528	0.02947
158 R	0.95413	0.01706	0.02881
159 Q	0.88606	0.09270	0.02124
160 I	0.57557	0.40936	0.01508
161 M	0.53440	0.45713	0.00848
162 L	0.34500	0.65293	0.00207
163 Y	0.31211	0.68595	0.00195
164 C	0.15423	0.84418	0.00158
165 S	0.14013	0.85859	0.00128
166 F	0.09482	0.90473	0.00045
167 V	0.03520	0.96475	5e-05
168 L	0.00200	0.99797	3e-05
169 I	0.00091	0.99908	1e-05
170 F	0.00081	0.99919	0
171 S	0.00060	0.99940	0
172 Y	0.00044	0.99956	0
173 I	0.00042	0.99957	0
174 V	0.00043	0.99947	0.0001
175 R	0.00057	0.99739	0.00204
176 L	0.00058	0.99707	0.00235
177 L	0.00106	0.99271	0.00623
178 L	0.00223	0.98102	0.01676
179 S	0.00963	0.82504	0.16532
180 L	0.01701	0.65284	0.33014
181 C	0.01803	0.64184	0.34013
182 G	0.02128	0.62723	0.35149
183 I	0.02468	0.59809	0.37722
184 W	0.03044	0.54873	0.42082
185 T	0.03691	0.36988	0.5932
186 I	0.03714	0.33798	0.62488
187 E	0.03844	0.08474	0.87681
188 N	0.03759	0.07268	0.88972
189 I	0.03289	0.14068	0.82643
190 I	0.02106	0.19080	0.78814
191 Y	0.00870	0.26769	0.72361
192 N	0.00706	0.29423	0.69871
193 S	0.00259	0.54032	0.45709
194 F	0.00094	0.82187	0.17719
195 L	0.00037	0.86111	0.13851
196 T	0.00020	0.97668	0.02312
197 L	0.00005	0.99157	0.00838
198 P	0.00003	0.99541	0.00456
199 I	0.00001	0.99900	0.001
200 S	0.00000	0.99919	0.0008
201 L	0.00000	0.99989	0.0001
202 I	0.00000	0.99990	0.0001
203 M	0.00000	0.99990	0.0001
204 L	0.00000	0.99990	0.0001
205 G	0.00001	0.99989	0.0001
206 F	0.00002	0.99987	0.00011
207 V	0.00004	0.99982	0.00015
208 S	0.00012	0.99950	0.00037
209 M	0.00035	0.99912	0.00053
210 F	0.00051	0.99883	0.00065
211 L	0.00182	0.99660	0.00159
212 V	0.06662	0.92748	0.0059
213 L	0.12328	0.85820	0.01852
214 H	0.40306	0.56601	0.03094
215 F	0.49770	0.46960	0.0327
216 D	0.92298	0.03949	0.03753
217 Y	0.94500	0.01664	0.03836
218 T	0.95474	0.00646	0.0388
219 E	0.96069	0.00044	0.03887
220 Q	0.96101	0.00011	0.03888
221 M	0.96102	0.00010	0.03888
222 I	0.96108	0.00003	0.03889
223 K	0.96110	0.00001	0.03889
224 Q	0.96111	0.00000	0.03889
225 G	0.96111	0.00000	0.03889
226 M	0.96110	0.00000	0.03889
227 P	0.96110	0.00001	0.03889
228 K	0.96105	0.00005	0.03889
229 K	0.96078	0.00033	0.03888
230 Y	0.94582	0.01654	0.03764
231 E	0.94135	0.02123	0.03742
232 W	0.79938	0.17143	0.02919
233 Q	0.77737	0.19548	0.02715
234 V	0.42497	0.55050	0.02453
235 S	0.21870	0.76593	0.01537
236 L	0.00420	0.99458	0.00123
237 A	0.00204	0.99744	0.00052
238 F	0.00067	0.99915	0.00018
239 A	0.00051	0.99941	7e-05
240 T	0.00048	0.99949	2e-05
241 I	0.00046	0.99954	0
242 L	0.00046	0.99954	0
243 I	0.00046	0.99954	0
244 E	0.00046	0.99954	0
245 I	0.00046	0.99954	0
246 F	0.00046	0.99954	0
247 L	0.00046	0.99951	3e-05
248 R	0.00048	0.99914	0.00038
249 I	0.00048	0.99898	0.00054
250 M	0.00052	0.99706	0.00243
251 L	0.00055	0.99472	0.00473
252 I	0.00088	0.97188	0.02723
253 L	0.00303	0.86874	0.12823
254 L	0.00353	0.80728	0.18919
255 R	0.01200	0.61388	0.37411
256 L	0.01302	0.59469	0.39229
257 F	0.01543	0.38624	0.59833
258 G	0.02529	0.20563	0.76908
259 K	0.03915	0.00091	0.95994
260 E	0.03935	0.00001	0.96064
261 R	0.03935	0.00000	0.96065
262 K	0.03935	0.00000	0.96065
