# 2570378798
# AA	inside	membr	outside
1 M	0.99975	0.00000	0.00025
2 N	0.99975	0.00000	0.00025
3 Q	0.99975	0.00000	0.00025
4 M	0.99975	0.00000	0.00025
5 K	0.99975	0.00000	0.00025
6 Q	0.99975	0.00000	0.00025
7 K	0.99902	0.00072	0.00025
8 R	0.99902	0.00073	0.00025
9 L	0.98420	0.01556	0.00024
10 Q	0.98418	0.01570	0.00011
11 G	0.94108	0.05886	6e-05
12 F	0.03435	0.96560	5e-05
13 Y	0.00019	0.99978	2e-05
14 S	0.00019	0.99979	2e-05
15 L	0.00019	0.99980	1e-05
16 L	0.00008	0.99991	1e-05
17 M	0.00004	0.99995	1e-05
18 A	0.00004	0.99995	1e-05
19 T	0.00003	0.99996	1e-05
20 F	0.00000	0.99999	1e-05
21 F	0.00000	0.99999	1e-05
22 L	0.00000	0.99999	1e-05
23 L	0.00000	0.99999	1e-05
24 V	0.00000	0.99998	2e-05
25 A	0.00000	0.99986	0.00014
26 G	0.00000	0.99982	0.00017
27 C	0.00000	0.99493	0.00506
28 C	0.00001	0.99318	0.00681
29 F	0.00001	0.98981	0.01018
30 F	0.00004	0.95121	0.04874
31 D	0.00022	0.93091	0.06886
32 Q	0.00023	0.91551	0.08426
33 T	0.00024	0.90498	0.09478
34 F	0.00024	0.83335	0.16641
35 K	0.00024	0.00404	0.99572
36 L	0.00023	0.00044	0.99932
37 G	0.00022	0.00049	0.99929
38 S	0.00022	0.03158	0.96819
39 L	0.00020	0.37916	0.62063
40 K	0.00020	0.38465	0.61515
41 F	0.00017	0.43231	0.56751
42 Q	0.00015	0.45134	0.54851
43 L	0.00001	0.53882	0.46117
44 G	0.00000	0.99378	0.00622
45 L	0.00000	0.99928	0.00072
46 F	0.00000	0.99971	0.00029
47 F	0.00000	1.00000	0
48 L	0.00000	1.00000	0
49 G	0.00000	1.00000	0
50 V	0.00000	1.00000	0
51 L	0.00000	1.00000	0
52 L	0.00000	1.00000	0
53 S	0.00000	1.00000	0
54 L	0.00000	1.00000	0
55 F	0.00000	1.00000	0
56 T	0.00007	0.99993	0
57 Y	0.00012	0.99987	0
58 L	0.00020	0.99980	0
59 V	0.00297	0.99702	1e-05
60 V	0.00754	0.99243	3e-05
61 F	0.07953	0.92037	0.0001
62 K	0.98528	0.01448	0.00024
63 K	0.99519	0.00456	0.00024
64 Y	0.99708	0.00267	0.00024
65 K	0.99958	0.00017	0.00025
66 E	0.99964	0.00012	0.00025
67 T	0.99974	0.00002	0.00025
68 L	0.99427	0.00548	0.00025
69 S	0.99415	0.00560	0.00025
70 K	0.99308	0.00668	0.00025
71 L	0.98188	0.01788	0.00024
72 R	0.97591	0.02385	0.00023
73 F	0.34244	0.65734	0.00022
74 V	0.03304	0.96677	0.00019
75 F	0.03038	0.96950	0.00013
76 A	0.02557	0.97440	3e-05
77 L	0.02241	0.97756	3e-05
78 E	0.01868	0.98130	2e-05
79 V	0.01418	0.98581	1e-05
80 F	0.00922	0.99077	1e-05
81 V	0.00053	0.99947	0
82 F	0.00001	0.99999	0
83 V	0.00000	1.00000	0
84 F	0.00000	1.00000	0
85 V	0.00000	1.00000	0
86 I	0.00000	0.99999	1e-05
87 V	0.00000	0.99995	5e-05
88 T	0.00000	0.99952	0.00048
89 S	0.00000	0.99904	0.00096
90 F	0.00000	0.99876	0.00124
91 L	0.00000	0.99105	0.00896
92 L	0.00000	0.97839	0.02161
93 P	0.00000	0.94097	0.05903
94 G	0.00001	0.77570	0.22428
95 L	0.00001	0.74552	0.25447
96 G	0.00003	0.32052	0.67945
97 L	0.00006	0.21198	0.78796
98 L	0.00012	0.20328	0.7966
99 N	0.00021	0.01975	0.98004
100 I	0.00021	0.01476	0.98503
101 D	0.00024	0.00200	0.99775
102 D	0.00025	0.00160	0.99815
103 F	0.00025	0.00153	0.99823
104 K	0.00025	0.00001	0.99974
105 T	0.00025	0.00007	0.99968
106 K	0.00025	0.00017	0.99959
107 N	0.00024	0.02319	0.97657
108 P	0.00021	0.13908	0.8607
109 L	0.00015	0.16218	0.83767
110 V	0.00006	0.26512	0.73481
111 G	0.00006	0.29337	0.70658
112 K	0.00005	0.30268	0.69727
113 L	0.00002	0.77631	0.22367
114 L	0.00001	0.83048	0.16951
115 T	0.00001	0.96244	0.03754
116 F	0.00001	0.97999	0.02001
117 N	0.00001	0.98130	0.0187
118 Y	0.00000	0.99238	0.00762
119 C	0.00000	0.99396	0.00604
120 L	0.00000	0.99843	0.00157
121 S	0.00000	0.99856	0.00144
122 L	0.00000	0.99866	0.00134
123 M	0.00000	0.99874	0.00126
124 F	0.00000	0.99874	0.00126
125 V	0.00001	0.99873	0.00126
126 F	0.00009	0.99865	0.00126
127 H	0.00036	0.99838	0.00126
128 G	0.00045	0.99827	0.00128
129 F	0.00175	0.99697	0.00128
130 I	0.07182	0.92688	0.0013
131 N	0.28913	0.70952	0.00135
132 L	0.31058	0.68802	0.0014
133 N	0.36928	0.62924	0.00148
134 I	0.38805	0.61046	0.00148
135 N	0.41099	0.58752	0.00149
136 Y	0.83511	0.16340	0.00149
137 F	0.85770	0.14080	0.0015
138 K	0.99808	0.00042	0.0015
139 K	0.99791	0.00058	0.0015
140 Q	0.99589	0.00262	0.00149
141 N	0.95177	0.04695	0.00128
142 F	0.15338	0.84622	0.0004
143 S	0.10751	0.89216	0.00033
144 F	0.02795	0.97191	0.00014
145 F	0.00256	0.99742	2e-05
146 I	0.00082	0.99918	0
147 L	0.00007	0.99993	0
148 Y	0.00001	0.99999	0
149 L	0.00001	0.99999	0
150 L	0.00001	0.99999	0
151 I	0.00001	0.99999	0
152 F	0.00001	0.99999	0
153 G	0.00001	0.99999	0
154 F	0.00001	0.99999	0
155 G	0.00001	0.99998	1e-05
156 C	0.00001	0.99987	0.00012
157 F	0.00001	0.99980	0.00019
158 G	0.00001	0.99948	0.00052
159 L	0.00001	0.99870	0.00128
160 G	0.00003	0.96038	0.03959
161 S	0.00004	0.90585	0.09412
162 N	0.00010	0.82524	0.17466
163 L	0.00013	0.82004	0.17983
164 F	0.00053	0.79182	0.20764
165 E	0.00145	0.03436	0.96418
166 K	0.00151	0.00295	0.99555
167 L	0.00151	0.00234	0.99616
168 K	0.00151	0.00629	0.9922
169 D	0.00138	0.25681	0.74181
170 I	0.00096	0.44203	0.55702
171 I	0.00020	0.50702	0.49278
172 L	0.00017	0.51258	0.48725
173 K	0.00016	0.51641	0.48343
174 L	0.00008	0.95645	0.04346
175 F	0.00007	0.96504	0.03489
176 A	0.00006	0.96755	0.03239
177 F	0.00005	0.96873	0.03122
178 L	0.00005	0.96899	0.03096
179 S	0.00005	0.96960	0.03035
180 L	0.00005	0.96966	0.03029
181 M	0.00005	0.96968	0.03027
182 H	0.00005	0.96969	0.03026
183 S	0.00005	0.96970	0.03025
184 I	0.00006	0.96976	0.03018
185 Y	0.00015	0.96966	0.03018
186 L	0.00056	0.96925	0.03019
187 T	0.01619	0.95361	0.03019
188 F	0.02843	0.94135	0.03022
189 T	0.08001	0.88962	0.03037
190 G	0.13161	0.83777	0.03062
191 I	0.18567	0.78347	0.03086
192 K	0.84675	0.12182	0.03143
193 Q	0.91663	0.05185	0.03152
194 F	0.92736	0.04105	0.0316
195 Q	0.94999	0.01840	0.03161
196 T	0.95220	0.01619	0.03161
197 T	0.96641	0.00196	0.03163
198 S	0.96705	0.00131	0.03165
199 L	0.96746	0.00089	0.03165
200 R	0.96794	0.00042	0.03165
201 A	0.96799	0.00036	0.03165
202 P	0.96829	0.00006	0.03165
203 K	0.96835	0.00001	0.03165
204 N	0.96835	0.00000	0.03165
205 E	0.96835	0.00000	0.03165
206 N	0.96835	0.00000	0.03165
207 K	0.96835	0.00000	0.03165
208 N	0.96835	0.00000	0.03165
209 E	0.96835	0.00000	0.03165
