# 2570379014
# AA	inside	membr	outside
1 M	0.97922	0.00000	0.02078
2 K	0.97922	0.00000	0.02078
3 K	0.97922	0.00000	0.02078
4 T	0.97922	0.00000	0.02078
5 Q	0.97922	0.00000	0.02078
6 K	0.97922	0.00000	0.02078
7 N	0.97922	0.00000	0.02078
8 S	0.97922	0.00000	0.02078
9 K	0.97922	0.00000	0.02078
10 I	0.97922	0.00000	0.02078
11 K	0.97922	0.00000	0.02078
12 Y	0.97922	0.00000	0.02078
13 E	0.97922	0.00000	0.02078
14 N	0.97922	0.00000	0.02078
15 K	0.97922	0.00000	0.02078
16 I	0.97922	0.00000	0.02078
17 K	0.97922	0.00000	0.02078
18 G	0.97922	0.00000	0.02078
19 I	0.97917	0.00005	0.02078
20 F	0.97900	0.00022	0.02078
21 M	0.97889	0.00033	0.02078
22 L	0.97887	0.00035	0.02078
23 N	0.97886	0.00037	0.02078
24 N	0.97874	0.00048	0.02078
25 Q	0.97856	0.00067	0.02078
26 K	0.96308	0.01631	0.0206
27 N	0.72064	0.26177	0.01759
28 V	0.57377	0.41085	0.01538
29 L	0.47484	0.51092	0.01425
30 R	0.46525	0.52103	0.01371
31 K	0.37196	0.61548	0.01255
32 I	0.11398	0.88538	0.00064
33 I	0.04852	0.95131	0.00017
34 A	0.01910	0.98081	9e-05
35 I	0.00372	0.99624	4e-05
36 S	0.00109	0.99888	3e-05
37 F	0.00061	0.99937	2e-05
38 L	0.00051	0.99947	2e-05
39 L	0.00049	0.99949	2e-05
40 F	0.00049	0.99949	2e-05
41 L	0.00049	0.99949	3e-05
42 A	0.00049	0.99933	0.00019
43 F	0.00049	0.99899	0.00053
44 V	0.00049	0.99827	0.00125
45 L	0.00052	0.98893	0.01055
46 E	0.00079	0.95514	0.04407
47 L	0.00082	0.83505	0.16413
48 L	0.00115	0.75708	0.24177
49 S	0.00424	0.63657	0.35919
50 R	0.01372	0.49978	0.48649
51 Y	0.01471	0.45972	0.52557
52 T	0.01565	0.25247	0.73188
53 I	0.01581	0.21578	0.7684
54 N	0.01626	0.07781	0.90593
55 G	0.02102	0.04406	0.93492
56 G	0.02051	0.05262	0.92687
57 I	0.02009	0.09932	0.88059
58 P	0.01997	0.10170	0.87833
59 C	0.01989	0.12531	0.8548
60 N	0.01967	0.16225	0.81808
61 Y	0.00861	0.62363	0.36776
62 A	0.00629	0.78033	0.21337
63 F	0.00555	0.95006	0.04438
64 F	0.00535	0.97283	0.02181
65 R	0.00536	0.97383	0.02081
66 I	0.00466	0.97828	0.01706
67 E	0.00430	0.97913	0.01658
68 L	0.00325	0.98756	0.00919
69 I	0.00201	0.99476	0.00323
70 F	0.00078	0.99724	0.00198
71 I	0.00036	0.99852	0.00112
72 I	0.00027	0.99872	0.00101
73 L	0.00032	0.99872	0.00096
74 I	0.00050	0.99859	0.00091
75 G	0.00117	0.99790	0.00093
76 Y	0.00591	0.99312	0.00097
77 L	0.01202	0.98696	0.00102
78 F	0.05159	0.94728	0.00112
79 G	0.26432	0.73131	0.00438
80 P	0.57970	0.41133	0.00896
81 K	0.88153	0.10372	0.01474
82 Y	0.82212	0.16371	0.01417
83 G	0.71734	0.26954	0.01312
84 F	0.46794	0.52399	0.00807
85 W	0.30389	0.68992	0.00618
86 A	0.28692	0.70705	0.00602
87 S	0.06487	0.92895	0.00619
88 L	0.03267	0.96207	0.00526
89 F	0.02848	0.96633	0.00518
90 Y	0.01584	0.97892	0.00523
91 L	0.01171	0.98260	0.00569
92 L	0.01094	0.98244	0.00662
93 I	0.01325	0.97881	0.00793
94 H	0.01558	0.97547	0.00895
95 Y	0.01585	0.97495	0.0092
96 V	0.01597	0.97465	0.00938
97 L	0.01615	0.97368	0.01016
98 E	0.01675	0.96900	0.01425
99 F	0.01681	0.96705	0.01614
100 S	0.01700	0.95617	0.02682
101 F	0.01709	0.95003	0.03288
102 M	0.01746	0.91756	0.06498
103 E	0.01769	0.84839	0.13392
104 V	0.01772	0.83976	0.14252
105 L	0.01794	0.79340	0.18866
106 L	0.01873	0.67902	0.30225
107 H	0.02421	0.39662	0.57918
108 H	0.02720	0.23420	0.7386
109 T	0.02846	0.21044	0.76109
110 H	0.02878	0.00965	0.96157
111 E	0.02891	0.00081	0.97027
112 N	0.02892	0.00016	0.97092
113 H	0.02892	0.00005	0.97103
114 N	0.02892	0.00003	0.97105
115 H	0.02892	0.00000	0.97108
116 I	0.02892	0.00000	0.97108
117 Y	0.02892	0.00000	0.97108
118 N	0.02892	0.00000	0.97108
119 H	0.02892	0.00000	0.97108
120 K	0.02892	0.00000	0.97108
121 N	0.02892	0.00001	0.97106
122 E	0.02892	0.00004	0.97104
123 H	0.02891	0.00017	0.97092
124 A	0.02844	0.00133	0.97023
125 S	0.02837	0.00310	0.96853
126 K	0.02779	0.06945	0.90275
127 T	0.02194	0.18368	0.79438
128 L	0.01704	0.25091	0.73206
129 I	0.00197	0.92970	0.06833
130 F	0.00034	0.97889	0.02077
131 L	0.00011	0.99711	0.00278
132 Y	0.00010	0.99804	0.00186
133 R	0.00009	0.99835	0.00156
134 F	0.00008	0.99973	0.00019
135 F	0.00008	0.99981	0.00012
136 L	0.00008	0.99981	0.00011
137 P	0.00008	0.99981	0.00011
138 Y	0.00008	0.99981	0.00011
139 I	0.00008	0.99981	0.00011
140 V	0.00008	0.99981	0.00011
141 C	0.00010	0.99979	0.00011
142 S	0.00013	0.99974	0.00013
143 F	0.00015	0.99972	0.00013
144 S	0.00018	0.99969	0.00013
145 G	0.00035	0.99951	0.00014
146 L	0.00066	0.99914	0.0002
147 F	0.00513	0.98160	0.01327
148 Y	0.04604	0.93855	0.01541
149 R	0.88232	0.09108	0.0266
150 K	0.96780	0.00398	0.02822
151 N	0.96913	0.00243	0.02845
152 L	0.96968	0.00139	0.02893
153 N	0.97090	0.00015	0.02895
154 H	0.97102	0.00003	0.02895
155 L	0.97098	0.00007	0.02895
156 T	0.97098	0.00006	0.02895
157 K	0.97097	0.00007	0.02895
158 K	0.97029	0.00085	0.02886
159 T	0.95949	0.01237	0.02814
160 P	0.85261	0.12050	0.02689
161 I	0.02266	0.97519	0.00215
162 I	0.00327	0.99625	0.00048
163 I	0.00246	0.99748	6e-05
164 T	0.00198	0.99801	1e-05
165 L	0.00061	0.99938	1e-05
166 V	0.00014	0.99985	0
167 L	0.00005	0.99994	0
168 I	0.00002	0.99998	0
169 S	0.00001	0.99999	0
170 V	0.00001	0.99999	0
171 V	0.00000	0.99999	0
172 Q	0.00000	0.99999	0
173 I	0.00000	0.99999	0
174 I	0.00000	0.99999	0
175 S	0.00000	0.99997	2e-05
176 S	0.00000	0.99995	4e-05
177 I	0.00000	0.99990	9e-05
178 L	0.00001	0.99959	0.0004
179 F	0.00001	0.99754	0.00245
180 I	0.00006	0.99010	0.00984
181 N	0.00061	0.92169	0.07769
182 L	0.00122	0.90808	0.0907
183 L	0.00297	0.79641	0.20062
184 Q	0.02781	0.02578	0.94641
185 E	0.02883	0.00271	0.96846
186 N	0.02894	0.00158	0.96948
187 F	0.02894	0.00130	0.96975
188 A	0.02895	0.00071	0.97034
189 K	0.02896	0.00001	0.97103
190 K	0.02896	0.00000	0.97104
191 T	0.02896	0.00001	0.97104
192 F	0.02895	0.00002	0.97103
193 L	0.02895	0.00003	0.97102
194 K	0.02895	0.00003	0.97102
195 W	0.02883	0.00064	0.97052
196 F	0.02881	0.00081	0.97038
197 I	0.02881	0.00090	0.97028
198 Q	0.02881	0.00120	0.96998
199 S	0.02881	0.00124	0.96995
200 P	0.02875	0.00199	0.96926
201 S	0.02868	0.00263	0.96869
202 Y	0.02813	0.00672	0.96516
203 S	0.02508	0.02368	0.95125
204 W	0.01293	0.04066	0.94641
205 S	0.01239	0.05741	0.9302
206 L	0.01029	0.19113	0.79857
207 N	0.00705	0.32165	0.6713
208 I	0.00370	0.66748	0.32881
209 I	0.00164	0.95989	0.03847
210 Y	0.00125	0.97522	0.02353
211 S	0.00076	0.98343	0.01581
212 F	0.00040	0.99512	0.00447
213 S	0.00039	0.99605	0.00355
214 S	0.00026	0.99855	0.00119
215 V	0.00013	0.99940	0.00047
216 I	0.00010	0.99966	0.00024
217 V	0.00012	0.99965	0.00023
218 N	0.00049	0.99919	0.00032
219 N	0.00054	0.99912	0.00034
220 T	0.00057	0.99910	0.00034
221 I	0.00060	0.99906	0.00034
222 M	0.00067	0.99894	0.00039
223 G	0.00088	0.99860	0.00052
224 V	0.00094	0.99836	0.00069
225 L	0.00131	0.99753	0.00116
226 F	0.00549	0.99114	0.00337
227 Y	0.00955	0.97872	0.01173
228 L	0.04371	0.94342	0.01287
229 I	0.19174	0.79275	0.01551
230 N	0.39280	0.58483	0.02238
231 L	0.65452	0.32017	0.02531
232 R	0.95894	0.01304	0.02802
233 L	0.96269	0.00909	0.02822
234 K	0.97034	0.00059	0.02907
235 D	0.97087	0.00001	0.02911
236 N	0.97088	0.00001	0.02911
237 M	0.97088	0.00000	0.02911
238 E	0.97088	0.00000	0.02911
239 F	0.97088	0.00000	0.02911
240 L	0.97088	0.00000	0.02911
241 Y	0.97088	0.00000	0.02911
242 G	0.97088	0.00000	0.02911
243 F	0.97088	0.00000	0.02911
244 S	0.97088	0.00000	0.02912
245 K	0.97088	0.00000	0.02912
246 E	0.97088	0.00000	0.02912
247 N	0.97088	0.00000	0.02912
