# 2570378969
# AA	inside	membr	outside
1 M	0.36090	0.00000	0.6391
2 C	0.36090	0.00000	0.6391
3 Y	0.36090	0.00000	0.6391
4 N	0.36090	0.00000	0.6391
5 K	0.36090	0.00000	0.6391
6 D	0.36090	0.00000	0.63909
7 I	0.35900	0.00191	0.63909
8 K	0.35900	0.00191	0.63909
9 N	0.35200	0.00891	0.63909
10 L	0.35196	0.01060	0.63743
11 N	0.35165	0.01092	0.63742
12 E	0.33774	0.02485	0.63741
13 I	0.17317	0.19022	0.63661
14 F	0.17315	0.19024	0.63661
15 F	0.17315	0.19038	0.63646
16 L	0.17312	0.19042	0.63646
17 L	0.17311	0.19042	0.63646
18 K	0.17311	0.19042	0.63646
19 K	0.17311	0.19043	0.63646
20 L	0.17308	0.19045	0.63646
21 I	0.17308	0.19046	0.63646
22 N	0.17308	0.19045	0.63647
23 F	0.17308	0.19045	0.63647
24 K	0.17308	0.19042	0.6365
25 I	0.17308	0.19039	0.63652
26 T	0.17310	0.19030	0.6366
27 I	0.17311	0.18984	0.63705
28 K	0.17319	0.18715	0.63967
29 L	0.17319	0.18696	0.63986
30 T	0.17321	0.18455	0.64225
31 I	0.17323	0.17051	0.65626
32 S	0.17333	0.10595	0.72073
33 K	0.17570	0.00348	0.82082
34 K	0.17571	0.00084	0.82346
35 R	0.17571	0.00053	0.82377
36 K	0.17562	0.00010	0.82428
37 K	0.17518	0.00054	0.82428
38 L	0.16935	0.00637	0.82428
39 W	0.16853	0.00719	0.82428
40 N	0.16812	0.00759	0.82429
41 D	0.16737	0.00834	0.82429
42 P	0.15574	0.01998	0.82429
43 M	0.10062	0.07509	0.82429
44 K	0.08437	0.09134	0.82429
45 N	0.01505	0.16066	0.82429
46 C	0.00323	0.17248	0.82429
47 Y	0.00083	0.17490	0.82428
48 T	0.00054	0.17520	0.82427
49 L	0.00032	0.17552	0.82416
50 F	0.00029	0.17568	0.82403
51 I	0.00029	0.17590	0.82381
52 S	0.00028	0.17595	0.82376
53 N	0.00028	0.17611	0.82361
54 I	0.00028	0.17882	0.8209
55 N	0.00027	0.17909	0.82063
56 S	0.00027	0.18150	0.81824
57 Y	0.00026	0.19042	0.80933
58 W	0.00025	0.19434	0.8054
59 N	0.00024	0.19702	0.80273
60 A	0.00020	0.24902	0.75078
61 F	0.00015	0.32835	0.6715
62 V	0.00013	0.39435	0.60553
63 N	0.00008	0.39904	0.60088
64 T	0.00007	0.48800	0.51192
65 I	0.00005	0.75822	0.24173
66 S	0.00003	0.90617	0.0938
67 L	0.00002	0.97000	0.02998
68 A	0.00002	0.98678	0.0132
69 F	0.00002	0.99596	0.00402
70 L	0.00002	0.99792	0.00206
71 G	0.00002	0.99947	0.00052
72 T	0.00002	0.99981	0.00018
73 L	0.00002	0.99995	4e-05
74 G	0.00002	0.99998	0
75 A	0.00002	0.99998	0
76 F	0.00002	0.99998	0
77 L	0.00002	0.99998	0
78 L	0.00003	0.99996	1e-05
79 S	0.00011	0.99988	1e-05
80 L	0.00054	0.99945	2e-05
81 W	0.00180	0.99817	2e-05
82 L	0.00426	0.99571	3e-05
83 L	0.03987	0.96005	7e-05
84 Y	0.16129	0.83858	0.00013
85 I	0.35221	0.64763	0.00015
86 K	0.60196	0.39780	0.00024
87 G	0.65741	0.34234	0.00025
88 I	0.85391	0.14584	0.00025
89 R	0.99534	0.00440	0.00027
90 K	0.99969	0.00005	0.00027
91 K	0.99973	0.00000	0.00027
92 K	0.99973	0.00000	0.00027
93 R	0.99972	0.00001	0.00027
94 I	0.99919	0.00055	0.00027
95 S	0.99870	0.00104	0.00027
96 F	0.99818	0.00155	0.00027
97 Y	0.99778	0.00196	0.00027
98 E	0.99764	0.00209	0.00027
99 R	0.99717	0.00256	0.00027
100 C	0.99470	0.00504	0.00027
101 F	0.99192	0.00782	0.00027
102 Y	0.99139	0.00835	0.00026
103 K	0.99086	0.00888	0.00026
104 T	0.97393	0.02582	0.00026
105 I	0.89712	0.10263	0.00025
106 D	0.84454	0.15522	0.00024
107 I	0.58026	0.41958	0.00016
108 L	0.10820	0.89171	9e-05
109 L	0.01133	0.98863	3e-05
110 Y	0.00269	0.99729	2e-05
111 F	0.00071	0.99927	1e-05
112 Y	0.00030	0.99968	1e-05
113 I	0.00004	0.99995	1e-05
114 F	0.00001	0.99994	5e-05
115 F	0.00001	0.99967	0.00032
116 V	0.00001	0.99932	0.00067
117 K	0.00001	0.99769	0.0023
118 S	0.00001	0.99757	0.00242
119 V	0.00001	0.99749	0.0025
120 P	0.00001	0.99705	0.00294
121 M	0.00001	0.99686	0.00312
122 M	0.00001	0.99613	0.00386
123 L	0.00001	0.99182	0.00816
124 Q	0.00001	0.98473	0.01526
125 A	0.00001	0.97395	0.02604
126 M	0.00001	0.95438	0.04561
127 L	0.00001	0.90355	0.09644
128 L	0.00003	0.79361	0.20637
129 Y	0.00003	0.71262	0.28734
130 W	0.00011	0.52911	0.47078
131 G	0.00019	0.10350	0.89632
132 T	0.00024	0.01949	0.98027
133 K	0.00026	0.01326	0.98649
134 I	0.00025	0.09088	0.90887
135 A	0.00024	0.13466	0.8651
136 G	0.00021	0.16107	0.83873
137 F	0.00016	0.19807	0.80178
138 C	0.00014	0.22513	0.77473
139 S	0.00013	0.27928	0.72059
140 W	0.00011	0.56853	0.43136
141 L	0.00009	0.69579	0.30412
142 T	0.00007	0.80506	0.19488
143 P	0.00006	0.85129	0.14866
144 F	0.00005	0.91450	0.08545
145 Q	0.00005	0.97684	0.02311
146 A	0.00004	0.99252	0.00743
147 A	0.00004	0.99802	0.00194
148 L	0.00004	0.99950	0.00046
149 F	0.00006	0.99970	0.00023
150 I	0.00011	0.99980	9e-05
151 L	0.00021	0.99971	8e-05
152 I	0.00057	0.99936	8e-05
153 F	0.00186	0.99806	8e-05
154 N	0.02147	0.97844	9e-05
155 S	0.02700	0.97291	9e-05
156 C	0.04085	0.95906	9e-05
157 A	0.10209	0.89782	0.0001
158 M	0.20764	0.79226	0.0001
159 L	0.26196	0.73792	0.00012
160 A	0.38128	0.61855	0.00017
161 E	0.50060	0.49921	0.00019
162 F	0.53117	0.46863	0.0002
163 M	0.71124	0.28854	0.00022
164 I	0.79745	0.20230	0.00024
165 K	0.97452	0.02517	0.00031
166 N	0.98807	0.01162	0.00031
167 M	0.99383	0.00586	0.00031
168 S	0.99572	0.00397	0.00031
169 F	0.99677	0.00292	0.00031
170 F	0.99823	0.00146	0.00031
171 D	0.99965	0.00004	0.00031
172 P	0.99966	0.00003	0.00031
173 G	0.99967	0.00002	0.00031
174 Q	0.99967	0.00002	0.00031
175 I	0.99967	0.00002	0.00031
176 E	0.99967	0.00002	0.00031
177 A	0.99967	0.00002	0.00031
178 S	0.99967	0.00002	0.00031
179 L	0.99967	0.00002	0.00031
180 A	0.99967	0.00002	0.00031
181 L	0.99967	0.00002	0.00031
182 G	0.99968	0.00001	0.00031
183 M	0.99968	0.00001	0.00031
184 T	0.99968	0.00001	0.00031
185 R	0.99969	0.00000	0.00031
186 K	0.99969	0.00000	0.00032
187 Q	0.99969	0.00000	0.00032
188 T	0.99969	0.00000	0.00032
189 F	0.99968	0.00001	0.00032
190 K	0.99968	0.00001	0.00032
191 R	0.99968	0.00001	0.00032
192 V	0.99964	0.00005	0.00032
193 I	0.99963	0.00006	0.00032
194 C	0.99963	0.00006	0.00032
195 P	0.99963	0.00006	0.00032
196 Q	0.99963	0.00006	0.00032
197 V	0.99961	0.00008	0.00032
198 V	0.99961	0.00008	0.00032
199 H	0.99960	0.00009	0.00032
200 Q	0.99919	0.00050	0.00031
201 S	0.99754	0.00215	0.00031
202 L	0.99604	0.00365	0.00031
203 L	0.99481	0.00488	0.00031
204 R	0.99362	0.00608	0.00031
205 I	0.98642	0.01328	0.00031
206 I	0.97519	0.02452	0.00029
207 N	0.97234	0.02736	0.00029
208 E	0.92171	0.07800	0.00029
209 F	0.15355	0.84620	0.00025
210 I	0.07961	0.92015	0.00024
211 L	0.06466	0.93509	0.00025
212 N	0.05978	0.93994	0.00028
213 I	0.05508	0.94465	0.00028
214 K	0.05367	0.94604	0.00029
215 D	0.05226	0.94745	0.00029
216 I	0.01832	0.98140	0.00029
217 C	0.01293	0.98678	0.00029
218 V	0.01190	0.98782	0.00028
219 F	0.01186	0.98786	0.00029
220 Y	0.01186	0.98786	0.00029
221 V	0.01186	0.98785	0.00029
222 I	0.01186	0.98776	0.00039
223 T	0.01186	0.98698	0.00117
224 V	0.01186	0.98541	0.00274
225 V	0.01186	0.98306	0.00508
226 D	0.01186	0.98118	0.00696
227 I	0.01186	0.96969	0.01845
228 F	0.01186	0.96046	0.02768
229 T	0.01190	0.90806	0.08005
230 F	0.01190	0.88506	0.10304
231 S	0.01191	0.78078	0.20732
232 Q	0.01193	0.03245	0.95562
233 K	0.01194	0.01289	0.97517
234 L	0.01194	0.01252	0.97555
235 A	0.01194	0.01072	0.97734
236 K	0.01194	0.00067	0.98739
237 K	0.01194	0.00003	0.98804
238 S	0.01187	0.00033	0.9878
239 Y	0.01175	0.00127	0.98698
240 D	0.01168	0.00654	0.98178
241 Y	0.00283	0.84915	0.14802
242 V	0.00216	0.88120	0.11664
243 T	0.00178	0.89238	0.10584
244 P	0.00120	0.91660	0.0822
245 Y	0.00041	0.97028	0.02931
246 I	0.00001	0.99924	0.00075
247 N	0.00001	0.99948	0.00051
248 A	0.00000	0.99984	0.00016
249 S	0.00000	0.99995	5e-05
250 L	0.00000	0.99999	1e-05
251 I	0.00000	0.99999	0
252 Y	0.00000	0.99999	0
253 I	0.00000	0.99999	0
254 I	0.00000	0.99999	0
255 L	0.00000	0.99999	0
256 I	0.00000	0.99999	0
257 F	0.00002	0.99997	1e-05
258 I	0.00006	0.99992	1e-05
259 S	0.00152	0.99835	0.00013
260 S	0.00358	0.99620	0.00022
261 Y	0.00659	0.99303	0.00038
262 F	0.01068	0.98857	0.00075
263 L	0.03288	0.96549	0.00163
264 K	0.96223	0.02608	0.0117
265 K	0.98578	0.00229	0.01193
266 L	0.98652	0.00154	0.01193
267 E	0.98759	0.00047	0.01194
268 T	0.98797	0.00009	0.01194
269 K	0.98805	0.00001	0.01194
270 L	0.98805	0.00000	0.01194
271 G	0.98805	0.00000	0.01194
272 N	0.98805	0.00000	0.01194
273 K	0.98805	0.00000	0.01194
274 N	0.98805	0.00000	0.01194
275 A	0.98805	0.00000	0.01194
