# 2570379063
# AA	inside	membr	outside
1 M	0.04728	0.00000	0.95272
2 N	0.04728	0.00000	0.95272
3 N	0.04728	0.00000	0.95272
4 N	0.04728	0.00000	0.95272
5 Q	0.04728	0.00000	0.95272
6 N	0.04728	0.00000	0.95272
7 P	0.04727	0.00001	0.95272
8 I	0.04727	0.00001	0.95272
9 N	0.04727	0.00001	0.95272
10 T	0.04727	0.00001	0.95272
11 N	0.04727	0.00001	0.95272
12 P	0.04722	0.00007	0.95272
13 M	0.04708	0.00020	0.95272
14 N	0.04708	0.00020	0.95272
15 N	0.04708	0.00021	0.95272
16 S	0.04706	0.00022	0.95272
17 P	0.04704	0.00025	0.95272
18 V	0.04699	0.00030	0.95272
19 T	0.04647	0.00082	0.95272
20 V	0.04235	0.00500	0.95266
21 K	0.04155	0.00580	0.95266
22 R	0.04146	0.00602	0.95252
23 H	0.03043	0.02488	0.94468
24 F	0.02768	0.05038	0.92194
25 I	0.02708	0.09661	0.87631
26 T	0.02699	0.10987	0.86314
27 R	0.02680	0.14716	0.82604
28 F	0.01853	0.47502	0.50645
29 W	0.00841	0.75696	0.23463
30 I	0.00609	0.78252	0.21138
31 A	0.00417	0.79212	0.20371
32 F	0.00281	0.79794	0.19925
33 V	0.00275	0.79994	0.19731
34 C	0.00273	0.80052	0.19675
35 S	0.00268	0.80363	0.19369
36 L	0.00241	0.83428	0.16331
37 I	0.00222	0.84933	0.14844
38 S	0.00221	0.84706	0.15073
39 K	0.00219	0.85350	0.14431
40 I	0.00199	0.89836	0.09965
41 N	0.00189	0.90316	0.09494
42 L	0.00175	0.97196	0.02629
43 L	0.00192	0.97920	0.01889
44 A	0.00250	0.99252	0.00498
45 G	0.00315	0.99407	0.00278
46 V	0.00652	0.99207	0.0014
47 A	0.01234	0.98691	0.00075
48 Y	0.02441	0.97499	0.0006
49 F	0.02945	0.97011	0.00044
50 I	0.05055	0.94903	0.00043
51 I	0.24523	0.74857	0.00619
52 T	0.46422	0.52003	0.01575
53 I	0.49254	0.48925	0.01822
54 Y	0.51110	0.46830	0.0206
55 N	0.52299	0.45471	0.0223
56 Q	0.53018	0.44741	0.02242
57 Y	0.53238	0.44514	0.02248
58 L	0.55552	0.42189	0.02259
59 I	0.66703	0.30965	0.02333
60 L	0.75729	0.21834	0.02436
61 A	0.79203	0.18308	0.02489
62 K	0.94669	0.02823	0.02508
63 I	0.95572	0.01918	0.0251
64 G	0.96133	0.01345	0.02522
65 K	0.97115	0.00355	0.0253
66 M	0.97241	0.00230	0.0253
67 A	0.97395	0.00075	0.0253
68 H	0.97441	0.00029	0.0253
69 Q	0.97448	0.00022	0.0253
70 A	0.97457	0.00013	0.0253
71 E	0.97465	0.00004	0.0253
72 N	0.97468	0.00002	0.0253
73 Q	0.97470	0.00000	0.0253
74 N	0.97468	0.00002	0.0253
75 H	0.97465	0.00005	0.0253
76 K	0.97439	0.00031	0.0253
77 S	0.95284	0.02219	0.02497
78 F	0.75844	0.22489	0.01667
79 L	0.55746	0.42887	0.01368
80 N	0.54896	0.43775	0.01329
81 R	0.53113	0.45720	0.01166
82 W	0.13619	0.86129	0.00251
83 L	0.02710	0.97222	0.00068
84 I	0.00290	0.99690	0.00019
85 S	0.00181	0.99802	0.00017
86 F	0.00019	0.99966	0.00015
87 L	0.00003	0.99982	0.00015
88 L	0.00000	0.99985	0.00015
89 M	0.00000	0.99985	0.00015
90 F	0.00000	0.99985	0.00015
91 G	0.00000	0.99985	0.00015
92 G	0.00000	0.99985	0.00015
93 V	0.00000	0.99985	0.00015
94 L	0.00000	0.99985	0.00015
95 A	0.00000	0.99975	0.00025
96 L	0.00002	0.99918	0.00079
97 I	0.00009	0.99441	0.0055
98 Y	0.00057	0.98507	0.01437
99 N	0.00137	0.96747	0.03116
100 F	0.00255	0.93342	0.06403
101 T	0.01429	0.71233	0.27338
102 Q	0.02411	0.27263	0.70326
103 Q	0.02471	0.25994	0.71535
104 I	0.02477	0.25378	0.72145
105 L	0.02497	0.10816	0.86687
106 Q	0.02514	0.02005	0.95482
107 M	0.02515	0.00045	0.9744
108 Q	0.02515	0.00005	0.9748
109 E	0.02515	0.00001	0.97484
110 N	0.02513	0.00007	0.9748
111 F	0.02493	0.00108	0.97399
112 N	0.02450	0.00207	0.97344
113 H	0.02040	0.01198	0.96762
114 L	0.01233	0.13049	0.85718
115 Q	0.01200	0.36331	0.62469
116 I	0.01049	0.82860	0.1609
117 S	0.01006	0.84946	0.14049
118 G	0.00898	0.86777	0.12325
119 T	0.00814	0.92784	0.06402
120 I	0.00334	0.99076	0.0059
121 I	0.00021	0.99949	0.00031
122 L	0.00012	0.99969	0.00019
123 F	0.00010	0.99974	0.00015
124 A	0.00010	0.99988	2e-05
125 L	0.00010	0.99989	0
126 L	0.00010	0.99990	0
127 S	0.00010	0.99990	0
128 L	0.00010	0.99990	0
129 L	0.00010	0.99989	0
130 S	0.00011	0.99988	1e-05
131 G	0.00013	0.99985	2e-05
132 S	0.00019	0.99977	4e-05
133 I	0.00025	0.99969	6e-05
134 L	0.00089	0.99881	0.0003
135 Y	0.00339	0.99583	0.00077
136 F	0.01206	0.98342	0.00452
137 V	0.12862	0.85881	0.01257
138 N	0.39714	0.58629	0.01658
139 E	0.88854	0.09301	0.01845
140 A	0.93130	0.04988	0.01881
141 M	0.94559	0.03453	0.01988
142 L	0.95271	0.02703	0.02025
143 Y	0.97063	0.00681	0.02255
144 K	0.97442	0.00059	0.02499
145 F	0.97446	0.00054	0.02501
146 L	0.97451	0.00044	0.02505
147 D	0.97489	0.00006	0.02506
148 R	0.97494	0.00000	0.02506
149 F	0.97495	0.00000	0.02506
150 E	0.97495	0.00000	0.02506
151 Q	0.97495	0.00000	0.02506
152 R	0.97495	0.00000	0.02506
153 R	0.97494	0.00000	0.02506
154 N	0.97486	0.00008	0.02506
155 I	0.97351	0.00144	0.02505
156 N	0.97116	0.00379	0.02505
157 L	0.80353	0.17161	0.02487
158 N	0.69169	0.28369	0.02462
159 N	0.38310	0.59362	0.02328
160 F	0.10805	0.87793	0.01402
161 Y	0.06855	0.91898	0.01247
162 S	0.04505	0.94357	0.01138
163 R	0.02079	0.97150	0.00772
164 F	0.00995	0.98496	0.00509
165 I	0.00814	0.98775	0.00411
166 K	0.00797	0.98807	0.00395
167 S	0.00551	0.99172	0.00277
168 I	0.00167	0.99747	0.00086
169 I	0.00144	0.99780	0.00077
170 F	0.00138	0.99789	0.00072
171 K	0.00135	0.99793	0.00072
172 L	0.00053	0.99886	0.00061
173 F	0.00031	0.99911	0.00058
174 A	0.00031	0.99912	0.00057
175 I	0.00030	0.99910	0.0006
176 T	0.00030	0.99890	0.00079
177 L	0.00030	0.99768	0.00201
178 I	0.00032	0.99302	0.00666
179 L	0.00039	0.96727	0.03233
180 F	0.00122	0.69880	0.29997
181 N	0.00379	0.42469	0.57153
182 L	0.00652	0.26635	0.72713
183 K	0.01781	0.02560	0.95659
184 N	0.01840	0.02161	0.95998
185 F	0.01928	0.01577	0.96495
186 D	0.02354	0.00443	0.97203
187 L	0.02365	0.00410	0.97225
188 N	0.02427	0.00299	0.97273
189 N	0.02414	0.00377	0.97209
190 I	0.02406	0.01220	0.96374
191 Y	0.02410	0.01450	0.96139
192 A	0.02394	0.01807	0.95799
193 I	0.02350	0.02064	0.95585
194 F	0.02079	0.02553	0.95368
195 S	0.01934	0.02882	0.95183
196 N	0.01907	0.06861	0.91232
197 S	0.01538	0.24244	0.74218
198 N	0.01313	0.27166	0.71522
199 A	0.00891	0.61393	0.37716
200 M	0.00592	0.89430	0.09977
201 L	0.00298	0.96192	0.0351
202 I	0.00055	0.99772	0.00174
203 I	0.00002	0.99967	0.0003
204 S	0.00001	0.99992	6e-05
205 I	0.00000	0.99999	1e-05
206 G	0.00000	1.00000	0
207 I	0.00000	1.00000	0
208 I	0.00000	1.00000	0
209 C	0.00001	0.99999	0
210 F	0.00001	0.99999	0
211 F	0.00002	0.99998	0
212 I	0.00013	0.99985	1e-05
213 S	0.00261	0.99734	5e-05
214 Y	0.00402	0.99591	7e-05
215 I	0.00646	0.99328	0.00025
216 L	0.00875	0.99052	0.00074
217 Y	0.01427	0.98285	0.00288
218 L	0.02409	0.97152	0.00438
219 I	0.14886	0.84541	0.00573
220 N	0.39347	0.59378	0.01275
221 Y	0.45095	0.53369	0.01537
222 Y	0.74786	0.23175	0.02039
223 K	0.95654	0.01981	0.02366
224 V	0.96314	0.01285	0.02401
225 C	0.97440	0.00092	0.02469
226 S	0.97498	0.00025	0.02477
227 L	0.97507	0.00015	0.02478
228 M	0.97514	0.00008	0.02478
229 D	0.97516	0.00006	0.02478
230 V	0.97516	0.00006	0.02478
231 L	0.97516	0.00005	0.02478
232 G	0.97517	0.00003	0.0248
233 D	0.97518	0.00000	0.02482
