# 2570379167
# AA	inside	membr	outside
1 M	0.05237	0.00000	0.94763
2 N	0.05237	0.00000	0.94763
3 N	0.05237	0.00000	0.94763
4 N	0.05237	0.00000	0.94763
5 F	0.05237	0.00000	0.94763
6 N	0.05237	0.00000	0.94763
7 R	0.05237	0.00000	0.94763
8 N	0.05237	0.00000	0.94763
9 Q	0.05234	0.00003	0.94763
10 K	0.05234	0.00156	0.9461
11 L	0.04996	0.00919	0.94085
12 L	0.04297	0.01726	0.93977
13 R	0.03646	0.02802	0.93552
14 Q	0.03645	0.02804	0.93551
15 I	0.03644	0.95977	0.00378
16 I	0.03212	0.96410	0.00378
17 L	0.02987	0.96678	0.00335
18 T	0.02986	0.96712	0.00302
19 S	0.02929	0.96787	0.00285
20 Y	0.02080	0.97859	0.00061
21 L	0.01807	0.98132	0.00061
22 T	0.01804	0.98136	0.0006
23 S	0.01786	0.98156	0.00058
24 L	0.01780	0.98164	0.00056
25 S	0.01778	0.98166	0.00055
26 I	0.01770	0.98180	0.00051
27 I	0.01769	0.98181	0.0005
28 L	0.01772	0.98175	0.00053
29 T	0.01805	0.98110	0.00084
30 K	0.01840	0.97979	0.00181
31 V	0.01832	0.98000	0.00169
32 F	0.01842	0.97995	0.00163
33 Y	0.02653	0.97152	0.00195
34 T	0.04136	0.95439	0.00425
35 F	0.07286	0.91723	0.00991
36 G	0.09344	0.88845	0.01812
37 N	0.20988	0.76983	0.02028
38 Q	0.96396	0.01429	0.02175
39 T	0.96428	0.01264	0.02308
40 T	0.96438	0.01180	0.02383
41 T	0.96439	0.01159	0.02402
42 F	0.96437	0.01140	0.02423
43 T	0.96441	0.00390	0.0317
44 T	0.96438	0.00214	0.03349
45 I	0.96437	0.00215	0.03348
46 P	0.96441	0.00192	0.03367
47 G	0.96441	0.00188	0.03372
48 L	0.96431	0.00197	0.03371
49 N	0.96430	0.00188	0.03382
50 I	0.96392	0.00240	0.03368
51 F	0.96409	0.00220	0.03371
52 R	0.96479	0.00142	0.03379
53 T	0.96481	0.00140	0.03379
54 H	0.96465	0.00151	0.03383
55 T	0.96423	0.00216	0.03361
56 D	0.96234	0.00429	0.03337
57 F	0.43019	0.54700	0.02281
58 L	0.04318	0.93862	0.0182
59 V	0.02506	0.95816	0.01678
60 Y	0.01570	0.96837	0.01593
61 V	0.01306	0.97167	0.01526
62 R	0.00855	0.97646	0.01499
63 F	0.00587	0.98276	0.01137
64 L	0.00547	0.98355	0.01098
65 P	0.00549	0.98387	0.01064
66 L	0.00472	0.98542	0.00986
67 I	0.00388	0.98674	0.00938
68 V	0.00373	0.98736	0.00891
69 M	0.00369	0.98799	0.00833
70 S	0.00348	0.99042	0.0061
71 F	0.00159	0.99520	0.00321
72 Y	0.00025	0.99809	0.00166
73 V	0.00024	0.99865	0.0011
74 P	0.00026	0.99764	0.00211
75 W	0.00011	0.99470	0.00518
76 Y	0.00016	0.96210	0.03773
77 L	0.00025	0.91911	0.08064
78 S	0.00174	0.83759	0.16067
79 F	0.00304	0.81773	0.17924
80 M	0.01511	0.17594	0.80895
81 G	0.01643	0.05848	0.9251
82 A	0.01665	0.05225	0.9311
83 S	0.01689	0.04915	0.93397
84 L	0.01705	0.04571	0.93724
85 A	0.01718	0.03616	0.94666
86 E	0.02078	0.03078	0.94843
87 V	0.02108	0.03029	0.94863
88 I	0.02143	0.02976	0.94881
89 G	0.02175	0.02723	0.95102
90 F	0.02196	0.01890	0.95913
91 Y	0.02270	0.01737	0.95994
92 L	0.02468	0.01472	0.96061
93 M	0.03092	0.00738	0.9617
94 P	0.03333	0.00271	0.96396
95 K	0.03425	0.00028	0.96548
96 T	0.03423	0.00096	0.96481
97 Q	0.03416	0.00349	0.96235
98 S	0.02384	0.05817	0.918
99 F	0.00634	0.87674	0.11692
100 G	0.00410	0.92946	0.06644
101 F	0.00357	0.94043	0.056
102 E	0.00341	0.94830	0.0483
103 P	0.00236	0.97027	0.02737
104 V	0.00035	0.99457	0.00508
105 A	0.00016	0.99497	0.00487
106 N	0.00013	0.99504	0.00483
107 L	0.00012	0.99512	0.00476
108 S	0.00012	0.99512	0.00476
109 C	0.00012	0.99512	0.00476
110 F	0.00012	0.99512	0.00476
111 V	0.00012	0.99512	0.00476
112 C	0.00012	0.99512	0.00476
113 F	0.00012	0.99512	0.00476
114 A	0.00012	0.99512	0.00476
115 L	0.00016	0.99507	0.00477
116 L	0.00049	0.99469	0.00483
117 P	0.00230	0.99273	0.00497
118 G	0.00345	0.99088	0.00567
119 L	0.00660	0.98714	0.00626
120 L	0.01211	0.98142	0.00647
121 L	0.10277	0.87906	0.01817
122 Q	0.93741	0.02570	0.03689
123 K	0.96017	0.00097	0.03886
124 K	0.96106	0.00001	0.03893
125 D	0.96099	0.00021	0.03881
126 H	0.94298	0.01914	0.03787
127 F	0.83400	0.13258	0.03342
128 L	0.09536	0.87367	0.03097
129 K	0.09355	0.87561	0.03084
130 F	0.01665	0.96582	0.01753
131 Y	0.01272	0.98581	0.00147
132 L	0.00890	0.99073	0.00037
133 V	0.00295	0.99693	0.00013
134 I	0.00264	0.99725	0.0001
135 I	0.00264	0.99726	0.0001
136 L	0.00264	0.99726	0.0001
137 V	0.00264	0.99726	0.0001
138 S	0.00264	0.99726	0.0001
139 G	0.00264	0.99726	0.0001
140 L	0.00264	0.99726	0.0001
141 Y	0.00264	0.99723	0.00013
142 Q	0.00264	0.99700	0.00037
143 V	0.00264	0.99643	0.00092
144 C	0.00272	0.98853	0.00874
145 N	0.00289	0.97939	0.01771
146 W	0.00311	0.96967	0.02722
147 Y	0.00350	0.95835	0.03815
148 N	0.00501	0.94269	0.05231
149 V	0.00620	0.93635	0.05744
150 L	0.01608	0.76742	0.2165
151 K	0.03675	0.01281	0.95044
152 Y	0.03725	0.01132	0.95143
153 R	0.04113	0.00086	0.95801
154 L	0.04134	0.00055	0.95811
155 K	0.04146	0.00007	0.95847
156 I	0.04146	0.00005	0.95849
157 D	0.04147	0.00000	0.95853
158 L	0.04147	0.00000	0.95853
159 F	0.04147	0.00000	0.95853
160 K	0.04147	0.00000	0.95853
161 K	0.04147	0.00000	0.95853
162 T	0.04147	0.00000	0.95853
163 T	0.04147	0.00001	0.95853
164 W	0.04147	0.00001	0.95853
165 Q	0.04147	0.00001	0.95853
166 A	0.04147	0.00001	0.95853
167 K	0.04147	0.00001	0.95853
168 T	0.04147	0.00001	0.95853
169 P	0.04146	0.00003	0.95851
170 M	0.04145	0.00014	0.95842
171 K	0.04144	0.00015	0.95841
172 T	0.04139	0.00065	0.95796
173 I	0.04123	0.00144	0.95734
174 L	0.04117	0.00189	0.95694
175 I	0.04107	0.00241	0.95652
176 E	0.04100	0.00277	0.95623
177 I	0.03971	0.02852	0.93177
178 L	0.03910	0.04142	0.91948
179 K	0.03908	0.04239	0.91853
180 A	0.03852	0.06098	0.9005
181 D	0.03500	0.14551	0.8195
182 L	0.00603	0.81303	0.18094
183 F	0.00097	0.96588	0.03315
184 I	0.00076	0.98031	0.01893
185 R	0.00068	0.98334	0.01597
186 L	0.00033	0.99163	0.00804
187 S	0.00021	0.99604	0.00375
188 L	0.00013	0.99830	0.00156
189 V	0.00012	0.99856	0.00131
190 F	0.00013	0.99861	0.00126
191 V	0.00013	0.99862	0.00125
192 T	0.00014	0.99861	0.00125
193 S	0.00015	0.99860	0.00125
194 I	0.00015	0.99860	0.00125
195 F	0.00017	0.99856	0.00127
196 V	0.00030	0.99834	0.00136
197 V	0.00059	0.99799	0.00142
198 I	0.00140	0.99705	0.00155
199 L	0.00488	0.99319	0.00192
200 L	0.12639	0.86325	0.01036
201 K	0.50313	0.46596	0.03091
202 E	0.54337	0.42393	0.0327
203 L	0.54679	0.42035	0.03285
204 F	0.56875	0.39789	0.03336
205 K	0.94703	0.01070	0.04228
206 R	0.95514	0.00244	0.04243
207 L	0.95538	0.00217	0.04244
208 Q	0.95581	0.00173	0.04246
209 F	0.95592	0.00159	0.04248
210 L	0.95623	0.00126	0.04252
211 A	0.95735	0.00006	0.04258
212 D	0.95741	0.00000	0.04259
213 T	0.95741	0.00000	0.04259
214 Y	0.95741	0.00000	0.04259
215 E	0.95741	0.00000	0.04259
216 F	0.95741	0.00000	0.04259
217 D	0.95741	0.00000	0.04259
218 K	0.95741	0.00000	0.04259
219 K	0.95741	0.00000	0.04259
