# 2570379081
# AA	inside	membr	outside
1 M	0.17761	0.00000	0.82239
2 I	0.17761	0.00000	0.82239
3 K	0.17761	0.00000	0.82239
4 P	0.17761	0.00000	0.82239
5 Q	0.17761	0.00000	0.82239
6 L	0.17761	0.00000	0.82239
7 A	0.17761	0.00000	0.82239
8 K	0.17761	0.00000	0.82239
9 K	0.17761	0.00000	0.82239
10 I	0.17761	0.00000	0.82239
11 D	0.17761	0.00000	0.82239
12 S	0.17723	0.00038	0.82239
13 V	0.17687	0.00074	0.82239
14 A	0.17687	0.00074	0.82239
15 V	0.17687	0.00076	0.82237
16 L	0.17687	0.00076	0.82237
17 Q	0.17687	0.00076	0.82237
18 E	0.17687	0.00077	0.82237
19 K	0.17685	0.00079	0.82236
20 I	0.17191	0.00672	0.82137
21 S	0.17116	0.00747	0.82137
22 T	0.17111	0.00754	0.82134
23 A	0.17103	0.00764	0.82133
24 K	0.17100	0.00767	0.82133
25 T	0.17059	0.00811	0.8213
26 V	0.17023	0.00848	0.82129
27 I	0.17015	0.00857	0.82129
28 V	0.17014	0.00858	0.82129
29 F	0.17014	0.00857	0.82129
30 E	0.17014	0.00854	0.82132
31 Y	0.17014	0.00852	0.82134
32 T	0.17014	0.00846	0.8214
33 S	0.17014	0.00835	0.82151
34 L	0.17014	0.00832	0.82154
35 P	0.17015	0.00794	0.8219
36 V	0.17015	0.00780	0.82205
37 S	0.17016	0.00775	0.82209
38 S	0.17021	0.00731	0.82249
39 F	0.17025	0.00701	0.82275
40 M	0.17076	0.00502	0.82422
41 Q	0.17087	0.00415	0.82498
42 L	0.17089	0.00390	0.82522
43 R	0.17124	0.00051	0.82825
44 R	0.17125	0.00012	0.82863
45 E	0.17125	0.00003	0.82872
46 L	0.17125	0.00001	0.82874
47 K	0.17125	0.00000	0.82874
48 K	0.17125	0.00000	0.82875
49 T	0.17125	0.00000	0.82875
50 S	0.17125	0.00000	0.82875
51 C	0.17125	0.00000	0.82875
52 E	0.17125	0.00000	0.82875
53 A	0.17125	0.00000	0.82875
54 K	0.17125	0.00000	0.82875
55 V	0.17125	0.00000	0.82875
56 Y	0.17125	0.00000	0.82875
57 P	0.17125	0.00000	0.82875
58 K	0.17125	0.00000	0.82875
59 N	0.17125	0.00000	0.82875
60 I	0.17125	0.00000	0.82875
61 M	0.17125	0.00000	0.82875
62 Q	0.17125	0.00000	0.82875
63 R	0.17122	0.00003	0.82875
64 A	0.17109	0.00016	0.82875
65 V	0.17104	0.00021	0.82875
66 A	0.17102	0.00023	0.82875
67 N	0.17101	0.00024	0.82875
68 A	0.17100	0.00026	0.82875
69 K	0.17099	0.00027	0.82875
70 Q	0.17096	0.00030	0.82875
71 A	0.17084	0.00042	0.82875
72 D	0.17079	0.00047	0.82875
73 L	0.17027	0.00099	0.82874
74 V	0.17017	0.00108	0.82874
75 T	0.17017	0.00109	0.82874
76 F	0.17016	0.00110	0.82874
77 L	0.17016	0.00110	0.82875
78 K	0.17016	0.00110	0.82875
79 G	0.17014	0.00111	0.82875
80 A	0.17014	0.00111	0.82875
81 K	0.17014	0.00111	0.82875
82 A	0.17013	0.00112	0.82875
83 L	0.17013	0.00113	0.82875
84 I	0.17013	0.00113	0.82875
85 I	0.17013	0.00112	0.82876
86 S	0.17013	0.00105	0.82882
87 P	0.17013	0.00091	0.82896
88 Q	0.17013	0.00086	0.82901
89 E	0.17013	0.00080	0.82907
90 L	0.17013	0.00079	0.82908
91 L	0.17013	0.00056	0.82931
92 E	0.17013	0.00019	0.82968
93 P	0.17013	0.00009	0.82978
94 I	0.17013	0.00008	0.82979
95 K	0.17013	0.00005	0.82982
96 T	0.17013	0.00004	0.82983
97 I	0.17013	0.00004	0.82983
98 Y	0.17013	0.00004	0.82983
99 N	0.17013	0.00003	0.82984
100 F	0.17013	0.00003	0.82984
101 A	0.17013	0.00003	0.82984
102 K	0.17013	0.00000	0.82986
103 K	0.17013	0.00000	0.82986
104 N	0.16993	0.00021	0.82986
105 K	0.16968	0.00045	0.82986
106 A	0.16918	0.00095	0.82986
107 V	0.16864	0.00150	0.82986
108 K	0.16848	0.00166	0.82986
109 I	0.16672	0.00342	0.82986
110 V	0.16633	0.00380	0.82986
111 S	0.16630	0.00384	0.82986
112 G	0.16624	0.00390	0.82986
113 I	0.16620	0.00394	0.82986
114 V	0.16620	0.00394	0.82986
115 E	0.16620	0.00394	0.82986
116 Q	0.16620	0.00394	0.82986
117 K	0.16620	0.00394	0.82986
118 I	0.16618	0.00396	0.82986
119 V	0.16618	0.00396	0.82986
120 S	0.16618	0.00395	0.82986
121 L	0.16618	0.00395	0.82986
122 Q	0.16618	0.00389	0.82992
123 E	0.16618	0.00382	0.83
124 I	0.16614	0.00385	0.83001
125 N	0.16614	0.00376	0.8301
126 I	0.16610	0.00378	0.83012
127 L	0.16610	0.00274	0.83116
128 A	0.16610	0.00210	0.8318
129 T	0.16610	0.00186	0.83204
130 L	0.16609	0.00173	0.83217
131 P	0.16609	0.00157	0.83233
132 S	0.16608	0.00045	0.83347
133 K	0.16608	0.00013	0.8338
134 E	0.16595	0.00039	0.83366
135 K	0.16459	0.00367	0.83174
136 M	0.12687	0.28738	0.58575
137 L	0.05720	0.68251	0.26029
138 A	0.05325	0.71028	0.23647
139 L	0.04974	0.72962	0.22065
140 L	0.04918	0.74584	0.20498
141 A	0.04907	0.74951	0.20142
142 A	0.04895	0.75115	0.19991
143 S	0.04894	0.75133	0.19973
144 M	0.04893	0.75142	0.19965
145 F	0.04893	0.75158	0.19949
146 L	0.04893	0.75158	0.19949
147 P	0.04893	0.75154	0.19953
148 L	0.04893	0.75154	0.19953
149 Q	0.04893	0.75151	0.19956
150 H	0.04893	0.75150	0.19957
151 L	0.04893	0.75149	0.19958
152 A	0.04894	0.75141	0.19965
153 I	0.04900	0.75110	0.1999
154 G	0.05086	0.74244	0.20671
155 L	0.05436	0.73565	0.20999
156 N	0.06195	0.72474	0.21331
157 I	0.06527	0.72035	0.21439
158 L	0.07497	0.70699	0.21805
159 A	0.33341	0.41696	0.24962
160 K	0.67399	0.01097	0.31504
161 T	0.68217	0.00179	0.31604
162 K	0.68319	0.00007	0.31673
163 Q	0.68325	0.00001	0.31674
164 Q	0.68326	0.00000	0.31674
165 E	0.68326	0.00000	0.31674
166 N	0.68326	0.00000	0.31674
167 P	0.68326	0.00000	0.31674
168 Q	0.68326	0.00000	0.31674
169 Q	0.68326	0.00000	0.31674
