# 2570378780
# AA	inside	membr	outside
1 M	0.57463	0.00000	0.42536
2 H	0.57463	0.00001	0.42536
3 Y	0.57463	0.00001	0.42536
4 F	0.57463	0.00002	0.42535
5 K	0.57462	0.00002	0.42535
6 N	0.57462	0.00003	0.42534
7 L	0.57422	0.00044	0.42534
8 E	0.57422	0.00044	0.42534
9 L	0.57422	0.00044	0.42534
10 K	0.57422	0.00045	0.42533
11 T	0.57422	0.00045	0.42533
12 P	0.57421	0.00046	0.42533
13 I	0.57416	0.00052	0.42532
14 L	0.57416	0.00052	0.42532
15 E	0.57416	0.00052	0.42532
16 L	0.57412	0.00056	0.42532
17 F	0.57397	0.00072	0.42531
18 G	0.57397	0.00072	0.42531
19 C	0.57394	0.00075	0.42531
20 N	0.57376	0.00107	0.42517
21 W	0.57252	0.00232	0.42516
22 V	0.57233	0.00291	0.42476
23 N	0.57173	0.00429	0.42397
24 F	0.57134	0.00534	0.42331
25 E	0.57039	0.00699	0.42262
26 K	0.54873	0.03978	0.41148
27 N	0.42568	0.25120	0.32312
28 F	0.13064	0.80968	0.05968
29 Y	0.03321	0.94289	0.0239
30 F	0.00591	0.98935	0.00475
31 F	0.00102	0.99734	0.00164
32 V	0.00070	0.99795	0.00135
33 S	0.00064	0.99805	0.00131
34 V	0.00062	0.99810	0.00128
35 F	0.00062	0.99810	0.00128
36 Y	0.00062	0.99808	0.00131
37 L	0.00062	0.99808	0.00131
38 I	0.00062	0.99807	0.00131
39 F	0.00062	0.99796	0.00142
40 D	0.00070	0.99752	0.00178
41 V	0.00070	0.99748	0.00182
42 G	0.00071	0.99743	0.00186
43 V	0.00076	0.99725	0.00198
44 I	0.00124	0.99554	0.00322
45 W	0.01629	0.96291	0.0208
46 D	0.20860	0.65701	0.13439
47 W	0.22574	0.61270	0.16156
48 M	0.36576	0.27246	0.36178
49 K	0.41349	0.04196	0.54455
50 Q	0.42415	0.00855	0.5673
51 N	0.42481	0.00070	0.57449
52 N	0.42502	0.00008	0.5749
53 K	0.42508	0.00001	0.57491
54 F	0.42508	0.00001	0.57491
55 L	0.42508	0.00001	0.57491
56 M	0.42509	0.00000	0.57491
57 M	0.42509	0.00000	0.57491
58 E	0.42509	0.00000	0.57491
59 T	0.42509	0.00000	0.57491
60 S	0.42509	0.00000	0.57491
61 Y	0.42509	0.00000	0.57491
62 K	0.42509	0.00000	0.57491
63 T	0.42509	0.00000	0.57491
64 S	0.42509	0.00000	0.57491
