# 2570379038
# AA	inside	membr	outside
1 M	0.99937	0.00000	0.00063
2 S	0.99937	0.00000	0.00063
3 T	0.99937	0.00000	0.00063
4 E	0.99937	0.00000	0.00063
5 K	0.99937	0.00000	0.00063
6 K	0.99937	0.00000	0.00063
7 H	0.99937	0.00000	0.00063
8 F	0.99937	0.00000	0.00063
9 R	0.99937	0.00000	0.00063
10 H	0.99937	0.00000	0.00063
11 F	0.99937	0.00000	0.00063
12 S	0.99937	0.00000	0.00063
13 K	0.99937	0.00000	0.00063
14 P	0.99937	0.00000	0.00063
15 T	0.99937	0.00000	0.00063
16 N	0.99937	0.00000	0.00063
17 Q	0.99937	0.00000	0.00063
18 T	0.99937	0.00000	0.00063
19 P	0.99937	0.00000	0.00063
20 K	0.99824	0.00114	0.00063
21 S	0.92538	0.07400	0.00063
22 F	0.92329	0.07609	0.00063
23 K	0.92249	0.07688	0.00063
24 R	0.91236	0.08707	0.00057
25 P	0.66686	0.33271	0.00044
26 I	0.06770	0.93215	0.00015
27 W	0.01606	0.98381	0.00014
28 I	0.00680	0.99307	0.00013
29 N	0.00481	0.99506	0.00013
30 L	0.00172	0.99815	0.00013
31 I	0.00109	0.99879	0.00013
32 I	0.00067	0.99920	0.00013
33 L	0.00013	0.99975	0.00013
34 T	0.00009	0.99979	0.00013
35 F	0.00008	0.99980	0.00013
36 P	0.00006	0.99981	0.00013
37 I	0.00004	0.99983	0.00013
38 A	0.00003	0.99983	0.00014
39 I	0.00003	0.99964	0.00032
40 Y	0.00003	0.99866	0.00131
41 S	0.00003	0.99493	0.00504
42 L	0.00003	0.99361	0.00635
43 F	0.00005	0.96439	0.03556
44 Q	0.00039	0.65071	0.3489
45 Q	0.00044	0.52263	0.47692
46 L	0.00045	0.49056	0.509
47 S	0.00045	0.44680	0.55275
48 V	0.00047	0.34515	0.65437
49 S	0.00052	0.02622	0.97326
50 I	0.00052	0.01307	0.98641
51 D	0.00053	0.00763	0.99184
52 F	0.00053	0.00739	0.99208
53 Y	0.00053	0.00651	0.99296
54 I	0.00053	0.00616	0.99331
55 I	0.00053	0.00536	0.9941
56 G	0.00053	0.00182	0.99764
57 N	0.00053	0.00038	0.99909
58 E	0.00053	0.00008	0.99939
59 S	0.00053	0.00001	0.99946
60 N	0.00053	0.00000	0.99947
61 S	0.00053	0.00000	0.99947
62 S	0.00053	0.00000	0.99947
63 T	0.00053	0.00000	0.99947
64 N	0.00054	0.00000	0.99947
65 L	0.00054	0.00000	0.99947
66 D	0.00054	0.00000	0.99947
67 K	0.00054	0.00002	0.99945
68 T	0.00054	0.00694	0.99252
69 I	0.00054	0.01513	0.98433
70 S	0.00054	0.03090	0.96856
71 Y	0.00054	0.07150	0.92796
72 M	0.00054	0.11511	0.88436
73 A	0.00054	0.13811	0.86135
74 Q	0.00054	0.14152	0.85794
75 I	0.00054	0.14818	0.85129
76 K	0.00054	0.15460	0.84486
77 K	0.00054	0.21397	0.78549
78 I	0.00053	0.86704	0.13243
79 L	0.00053	0.94378	0.05569
80 Q	0.00053	0.95856	0.0409
81 S	0.00053	0.99392	0.00554
82 I	0.00053	0.99927	0.0002
83 A	0.00053	0.99941	5e-05
84 I	0.00053	0.99946	0
85 A	0.00053	0.99946	0
86 L	0.00053	0.99946	0
87 G	0.00054	0.99946	0
88 G	0.00055	0.99945	0
89 A	0.00058	0.99942	0
90 G	0.00069	0.99931	0
91 V	0.00662	0.99338	0
92 I	0.01623	0.98377	0
93 L	0.03643	0.96357	0
94 V	0.08296	0.91704	0
95 S	0.18854	0.81146	0
96 R	0.73455	0.26545	0
97 E	0.79733	0.20267	0
98 Y	0.81665	0.18334	0
99 K	0.97745	0.02254	0
100 K	0.99724	0.00276	0
101 K	0.99999	0.00000	0
102 N	0.99999	0.00000	0
103 F	0.99999	0.00001	0
104 T	0.99999	0.00001	0
105 K	0.99999	0.00001	0
106 A	0.99963	0.00037	0
107 K	0.99900	0.00100	0
108 Q	0.96342	0.03658	0
109 Y	0.92169	0.07831	0
110 A	0.90057	0.09943	0
111 T	0.52725	0.47275	0
112 L	0.23646	0.76354	0
113 A	0.20426	0.79574	0
114 F	0.12759	0.87241	0
115 L	0.10133	0.89867	0
116 L	0.00152	0.99848	0
117 A	0.00049	0.99951	0
118 I	0.00028	0.99972	0
119 I	0.00013	0.99987	0
120 S	0.00011	0.99989	0
121 S	0.00001	0.99999	0
122 L	0.00000	1.00000	0
123 F	0.00000	1.00000	0
124 F	0.00000	1.00000	0
125 L	0.00000	1.00000	0
126 M	0.00000	0.99993	7e-05
127 V	0.00000	0.99975	0.00025
128 L	0.00000	0.99882	0.00118
129 G	0.00000	0.99547	0.00453
130 L	0.00000	0.99250	0.0075
131 G	0.00000	0.96137	0.03863
132 V	0.00000	0.93783	0.06216
133 L	0.00000	0.92107	0.07893
134 L	0.00000	0.42304	0.57696
135 P	0.00000	0.17548	0.82452
136 S	0.00000	0.14577	0.85424
137 P	0.00000	0.12422	0.87578
138 F	0.00000	0.11755	0.88245
139 G	0.00000	0.00576	0.99424
140 D	0.00000	0.00397	0.99603
141 I	0.00000	0.00382	0.99618
142 F	0.00000	0.00360	0.9964
143 L	0.00000	0.00333	0.99667
144 N	0.00000	0.00004	0.99996
145 K	0.00000	0.00000	1
146 S	0.00000	0.00002	0.99998
147 Y	0.00000	0.00007	0.99993
148 H	0.00000	0.00012	0.99988
149 S	0.00000	0.00369	0.99631
150 Q	0.00000	0.00873	0.99127
151 N	0.00000	0.02428	0.97572
152 G	0.00000	0.05396	0.94604
153 L	0.00000	0.81951	0.18049
154 T	0.00000	0.95471	0.0453
155 Y	0.00000	0.97561	0.02439
156 Y	0.00000	0.99593	0.00408
157 Y	0.00000	0.99840	0.0016
158 L	0.00000	0.99992	8e-05
159 I	0.00000	0.99999	1e-05
160 L	0.00000	1.00000	0
161 I	0.00000	1.00000	0
162 T	0.00000	1.00000	0
163 F	0.00000	1.00000	0
164 V	0.00000	1.00000	0
165 A	0.00000	1.00000	0
166 I	0.00000	1.00000	0
167 T	0.00000	1.00000	0
168 I	0.00001	0.99999	0
169 N	0.00004	0.99996	0
170 A	0.00006	0.99994	0
171 V	0.00014	0.99986	0
172 F	0.01884	0.98116	0
173 I	0.12024	0.87976	0
174 G	0.19721	0.80279	0
175 L	0.21060	0.78940	0
176 E	0.97363	0.02637	0
177 R	0.99040	0.00960	0
178 A	0.99898	0.00102	0
179 K	0.99992	0.00007	0
180 E	0.99975	0.00025	0
181 K	0.99809	0.00191	0
182 T	0.92249	0.07750	0
183 R	0.91080	0.08919	0
184 F	0.09880	0.90120	0
185 V	0.04138	0.95862	0
186 L	0.01900	0.98100	0
187 I	0.00306	0.99694	0
188 L	0.00042	0.99958	0
189 N	0.00034	0.99966	0
190 I	0.00034	0.99966	0
191 C	0.00034	0.99966	0
192 L	0.00033	0.99967	0
193 I	0.00033	0.99967	0
194 I	0.00033	0.99967	0
195 T	0.00033	0.99967	0
196 R	0.00033	0.99967	0
197 I	0.00033	0.99962	5e-05
198 S	0.00033	0.99951	0.00016
199 I	0.00033	0.99918	0.00049
200 S	0.00033	0.98063	0.01905
201 F	0.00033	0.97538	0.02429
202 A	0.00033	0.89777	0.1019
203 F	0.00033	0.87179	0.12788
204 K	0.00033	0.69333	0.30634
205 A	0.00033	0.68237	0.3173
206 I	0.00033	0.67468	0.32499
207 K	0.00033	0.00307	0.9966
208 K	0.00033	0.00004	0.99963
209 N	0.00033	0.00004	0.99963
210 Q	0.00032	0.00059	0.99908
211 V	0.00021	0.01933	0.98046
212 N	0.00018	0.02272	0.97709
213 L	0.00012	0.06013	0.93976
214 I	0.00007	0.08422	0.91571
215 D	0.00006	0.09108	0.90885
216 L	0.00003	0.77017	0.2298
217 A	0.00002	0.79817	0.20181
218 L	0.00002	0.85502	0.14496
219 A	0.00002	0.86873	0.13126
220 D	0.00002	0.87441	0.12557
221 L	0.00001	0.99022	0.00976
222 I	0.00001	0.99452	0.00547
223 A	0.00001	0.99819	0.0018
224 N	0.00001	0.99843	0.00156
225 L	0.00001	0.99963	0.00036
226 L	0.00001	0.99982	0.00017
227 L	0.00001	0.99983	0.00016
228 T	0.00002	0.99983	0.00015
229 L	0.00004	0.99983	0.00014
230 L	0.00009	0.99978	0.00014
231 T	0.00089	0.99897	0.00014
232 F	0.00114	0.99872	0.00014
233 Y	0.00339	0.99646	0.00016
234 C	0.04301	0.95672	0.00027
235 M	0.05882	0.94088	0.0003
236 F	0.10296	0.89668	0.00036
237 S	0.17373	0.82585	0.00042
238 S	0.30060	0.69897	0.00043
239 K	0.89596	0.10360	0.00044
240 N	0.90292	0.09663	0.00044
241 I	0.90902	0.09054	0.00044
242 F	0.93464	0.06491	0.00044
243 K	0.98789	0.01166	0.00045
244 L	0.99874	0.00081	0.00045
245 Q	0.99931	0.00025	0.00045
246 L	0.99913	0.00043	0.00045
247 K	0.99910	0.00045	0.00045
248 N	0.99801	0.00155	0.00045
249 L	0.98957	0.00999	0.00044
250 V	0.98178	0.01777	0.00044
251 F	0.98083	0.01873	0.00044
252 Y	0.98082	0.01873	0.00044
253 K	0.98076	0.01880	0.00044
254 N	0.98007	0.01949	0.00044
255 T	0.97968	0.01988	0.00044
256 V	0.97755	0.02201	0.00044
257 K	0.97548	0.02408	0.00043
258 T	0.81382	0.18576	0.00042
259 I	0.52699	0.47275	0.00026
260 F	0.50739	0.49239	0.00023
261 K	0.49607	0.50372	0.00022
262 L	0.10825	0.89160	0.00016
263 A	0.09141	0.90845	0.00014
264 G	0.08743	0.91244	0.00014
265 T	0.08523	0.91463	0.00014
266 L	0.07780	0.92207	0.00014
267 I	0.07589	0.92389	0.00022
268 I	0.07585	0.92312	0.00102
269 A	0.07583	0.91622	0.00795
270 K	0.07582	0.90778	0.01641
271 S	0.07571	0.90756	0.01673
272 T	0.07567	0.90658	0.01774
273 Y	0.07565	0.90599	0.01836
274 E	0.07565	0.90535	0.019
275 I	0.07563	0.90509	0.01929
276 G	0.07563	0.89288	0.0315
277 K	0.07563	0.88002	0.04434
278 L	0.07563	0.87971	0.04466
279 I	0.07563	0.87842	0.04595
280 I	0.07563	0.87361	0.05077
281 L	0.07564	0.71209	0.21228
282 A	0.07584	0.47580	0.44836
283 M	0.07591	0.44765	0.47644
284 M	0.07592	0.40181	0.52227
285 D	0.07594	0.01600	0.90807
286 S	0.07593	0.00640	0.91767
287 Y	0.07591	0.00580	0.9183
288 F	0.07590	0.00561	0.9185
289 T	0.07590	0.00145	0.92266
290 K	0.07575	0.00068	0.92357
291 A	0.07226	0.02909	0.89865
292 Q	0.07114	0.03155	0.89731
293 E	0.06387	0.04324	0.89289
294 N	0.03230	0.40731	0.56039
295 L	0.01556	0.65386	0.33057
296 V	0.01273	0.82919	0.15808
297 D	0.01209	0.85103	0.13688
298 I	0.00761	0.90632	0.08607
299 F	0.00694	0.98193	0.01113
300 G	0.00692	0.98291	0.01018
301 F	0.00691	0.98350	0.00959
302 V	0.00691	0.98355	0.00954
303 M	0.00691	0.98355	0.00954
304 A	0.00691	0.98356	0.00954
305 V	0.00691	0.98356	0.00954
306 N	0.00691	0.98355	0.00954
307 G	0.00691	0.98355	0.00954
308 I	0.00692	0.98355	0.00954
309 F	0.00702	0.98343	0.00955
310 Y	0.00754	0.98283	0.00963
311 A	0.01110	0.97885	0.01005
312 I	0.01685	0.97136	0.01179
313 S	0.06356	0.90978	0.02666
314 N	0.29111	0.65751	0.05139
315 S	0.36876	0.57450	0.05673
316 F	0.40204	0.53812	0.05984
317 E	0.80653	0.11760	0.07587
318 D	0.90476	0.01686	0.07838
319 S	0.92016	0.00140	0.07844
320 Q	0.92112	0.00039	0.07849
321 S	0.92124	0.00019	0.07857
322 A	0.92135	0.00007	0.07858
323 M	0.92137	0.00005	0.07858
324 V	0.92139	0.00002	0.07858
325 S	0.92140	0.00001	0.07859
326 Q	0.92140	0.00001	0.07859
327 S	0.92140	0.00001	0.07859
328 V	0.92140	0.00001	0.07859
329 T	0.92140	0.00001	0.07859
330 F	0.92140	0.00001	0.07859
331 Q	0.92141	0.00000	0.07859
332 S	0.92140	0.00001	0.07859
333 N	0.92135	0.00006	0.07858
334 S	0.92076	0.00068	0.07857
335 K	0.91889	0.00278	0.07833
336 T	0.89550	0.03373	0.07077
337 F	0.78865	0.14156	0.06979
338 K	0.72791	0.20374	0.06835
339 I	0.39230	0.56104	0.04666
340 F	0.29935	0.65853	0.04212
341 K	0.28770	0.67066	0.04164
342 N	0.20459	0.75996	0.03545
343 V	0.06958	0.92300	0.00742
344 F	0.00797	0.99082	0.00121
345 V	0.00154	0.99824	0.00022
346 I	0.00103	0.99889	7e-05
347 T	0.00091	0.99906	2e-05
348 L	0.00082	0.99916	2e-05
349 I	0.00081	0.99917	1e-05
350 I	0.00081	0.99918	1e-05
351 G	0.00081	0.99917	1e-05
352 I	0.00081	0.99917	2e-05
353 I	0.00081	0.99916	3e-05
354 G	0.00082	0.99895	0.00023
355 V	0.00083	0.99809	0.00108
356 F	0.00093	0.99468	0.0044
357 I	0.00170	0.95714	0.04116
358 N	0.00877	0.81910	0.17214
359 Q	0.02277	0.72731	0.24992
360 F	0.02378	0.64573	0.33049
361 C	0.03942	0.46327	0.4973
362 G	0.05762	0.20348	0.7389
363 E	0.07383	0.08532	0.84085
364 Q	0.07464	0.07806	0.8473
365 L	0.07477	0.07491	0.85032
366 L	0.07605	0.06131	0.86263
367 R	0.07892	0.00602	0.91505
368 A	0.07920	0.00107	0.91972
369 L	0.07932	0.00020	0.92047
370 K	0.07938	0.00001	0.92061
371 P	0.07938	0.00000	0.92061
372 E	0.07938	0.00000	0.92061
373 K	0.07938	0.00000	0.92061
374 D	0.07938	0.00000	0.92061
375 F	0.07938	0.00000	0.92061
376 T	0.07938	0.00000	0.92061
377 K	0.07938	0.00000	0.92061
378 Q	0.07938	0.00002	0.92059
379 E	0.07938	0.00006	0.92055
380 I	0.07938	0.00054	0.92007
381 T	0.07938	0.00080	0.91981
382 S	0.07938	0.00087	0.91975
383 F	0.07938	0.00096	0.91965
384 K	0.07938	0.00101	0.91961
385 E	0.07938	0.00644	0.91417
386 I	0.07935	0.07900	0.84164
387 L	0.07934	0.16361	0.75704
388 N	0.07934	0.19727	0.72339
389 W	0.07934	0.23815	0.68251
390 E	0.07934	0.25865	0.66201
391 Q	0.07934	0.45073	0.46994
392 T	0.07933	0.72883	0.19184
393 S	0.07932	0.88714	0.03354
394 L	0.07932	0.90631	0.01437
395 F	0.07932	0.91685	0.00383
396 F	0.07932	0.91924	0.00144
397 S	0.07932	0.91930	0.00138
398 V	0.07932	0.91932	0.00135
399 W	0.07933	0.91932	0.00135
400 T	0.07937	0.91928	0.00135
401 N	0.07962	0.91903	0.00134
402 L	0.07981	0.91886	0.00133
403 M	0.08099	0.91768	0.00133
404 M	0.08557	0.91311	0.00132
405 G	0.08701	0.91167	0.00132
406 Y	0.09055	0.90813	0.00132
407 V	0.09801	0.90067	0.00132
408 A	0.11733	0.88135	0.00133
409 S	0.22828	0.77036	0.00136
410 Y	0.55399	0.44464	0.00137
411 K	0.97285	0.02577	0.00138
412 K	0.99688	0.00174	0.00138
413 N	0.87056	0.12832	0.00112
414 A	0.78988	0.20919	0.00092
415 N	0.69555	0.30355	0.0009
416 L	0.40818	0.59105	0.00077
417 I	0.05157	0.94770	0.00074
418 F	0.02409	0.97518	0.00074
419 V	0.02191	0.97736	0.00074
420 I	0.01757	0.98170	0.00073
421 N	0.01212	0.98715	0.00073
422 L	0.00324	0.99603	0.00073
423 L	0.00045	0.99882	0.00073
424 R	0.00039	0.99888	0.00073
425 V	0.00017	0.99910	0.00073
426 I	0.00012	0.99915	0.00073
427 L	0.00012	0.99915	0.00073
428 R	0.00012	0.99914	0.00075
429 I	0.00009	0.99916	0.00075
430 T	0.00008	0.99915	0.00077
431 I	0.00006	0.99906	0.00088
432 L	0.00006	0.99770	0.00223
433 W	0.00006	0.98664	0.01329
434 F	0.00007	0.97877	0.02116
435 L	0.00010	0.94517	0.05474
436 H	0.00054	0.33912	0.66035
437 D	0.00070	0.17890	0.82039
438 I	0.00070	0.16836	0.83094
439 L	0.00071	0.13531	0.86399
440 P	0.00071	0.04459	0.9547
441 Q	0.00071	0.00420	0.99509
442 L	0.00071	0.00318	0.99611
443 N	0.00072	0.00205	0.99724
444 L	0.00072	0.00169	0.9976
445 D	0.00072	0.00020	0.99908
446 V	0.00072	0.00013	0.99916
447 S	0.00072	0.00012	0.99916
448 I	0.00072	0.00014	0.99915
449 S	0.00072	0.00013	0.99915
450 D	0.00072	0.00015	0.99913
451 A	0.00072	0.00164	0.99764
452 N	0.00071	0.00277	0.99652
453 Q	0.00071	0.00987	0.98943
454 C	0.00067	0.07759	0.92173
455 G	0.00029	0.73532	0.26439
456 L	0.00009	0.85006	0.14985
457 S	0.00007	0.86201	0.13792
458 T	0.00004	0.93266	0.0673
459 F	0.00002	0.98670	0.01328
460 G	0.00001	0.99529	0.00469
461 S	0.00001	0.99665	0.00334
462 N	0.00001	0.99764	0.00235
463 I	0.00001	0.99981	0.00018
464 I	0.00001	0.99988	0.00011
465 V	0.00001	0.99989	0.0001
466 F	0.00001	0.99989	0.0001
467 L	0.00001	0.99989	0.0001
468 T	0.00001	0.99989	0.0001
469 T	0.00002	0.99988	0.0001
470 T	0.00002	0.99988	0.0001
471 Y	0.00002	0.99988	0.0001
472 L	0.00004	0.99986	0.0001
473 F	0.00014	0.99975	0.0001
474 V	0.00338	0.99650	0.00012
475 S	0.01939	0.98044	0.00018
476 F	0.04871	0.95108	0.00022
477 F	0.12160	0.87813	0.00026
478 R	0.91039	0.08896	0.00066
479 Q	0.98643	0.01279	0.00078
480 N	0.99082	0.00838	0.0008
481 K	0.99832	0.00088	0.0008
482 T	0.99895	0.00024	0.0008
483 K	0.99919	0.00000	0.0008
484 Q	0.99919	0.00000	0.0008
485 T	0.99920	0.00000	0.0008
486 P	0.99920	0.00000	0.0008
487 R	0.99920	0.00000	0.0008
488 F	0.99920	0.00000	0.0008
489 K	0.99920	0.00000	0.0008
490 K	0.99920	0.00000	0.0008
491 N	0.99920	0.00000	0.0008
492 K	0.99920	0.00000	0.0008
493 N	0.99920	0.00000	0.0008
494 N	0.99920	0.00000	0.0008
495 A	0.99920	0.00000	0.0008
496 L	0.99920	0.00000	0.0008
497 Q	0.99920	0.00000	0.0008
498 T	0.99920	0.00000	0.0008
499 K	0.99920	0.00000	0.0008
500 I	0.99920	0.00000	0.0008
501 I	0.99920	0.00000	0.0008
502 N	0.99920	0.00000	0.0008
