# 2570378877
# AA	inside	membr	outside
1 M	0.74077	0.00000	0.25923
2 N	0.64162	0.09915	0.25923
3 Y	0.53785	0.20292	0.25923
4 T	0.53785	0.32867	0.13347
5 V	0.01636	0.98011	0.00353
6 F	0.01636	0.98303	0.00062
7 F	0.00619	0.99323	0.00058
8 V	0.00619	0.99323	0.00058
9 T	0.00618	0.99325	0.00057
10 I	0.00618	0.99334	0.00048
11 C	0.00618	0.99334	0.00048
12 T	0.00616	0.99336	0.00048
13 F	0.00612	0.99346	0.00042
14 I	0.00612	0.99346	0.00042
15 V	0.00612	0.99346	0.00042
16 L	0.00612	0.99346	0.00042
17 S	0.00612	0.99344	0.00044
18 T	0.00612	0.99341	0.00047
19 L	0.00616	0.99331	0.00053
20 F	0.00655	0.99028	0.00316
21 L	0.00859	0.97410	0.01731
22 A	0.06936	0.84951	0.08113
23 D	0.22792	0.18927	0.58281
24 S	0.24171	0.14640	0.61189
25 N	0.25499	0.03881	0.70619
26 D	0.25718	0.01787	0.72495
27 S	0.25821	0.01589	0.7259
28 F	0.26272	0.00289	0.7344
29 S	0.26456	0.00089	0.73455
30 L	0.26466	0.00044	0.7349
31 G	0.26468	0.00032	0.735
32 N	0.26470	0.00027	0.73503
33 S	0.26474	0.00021	0.73505
34 F	0.26475	0.00021	0.73505
35 S	0.26478	0.00016	0.73506
36 E	0.26492	0.00001	0.73507
37 Q	0.26493	0.00000	0.73507
38 K	0.26493	0.00000	0.73507
39 Q	0.26493	0.00000	0.73507
40 G	0.26493	0.00000	0.73507
41 R	0.26493	0.00000	0.73507
42 K	0.26486	0.00026	0.73488
43 I	0.26395	0.00279	0.73327
44 K	0.26379	0.00590	0.73031
45 G	0.25784	0.09885	0.6433
46 E	0.25573	0.19299	0.55128
47 Q	0.21068	0.53857	0.25075
48 L	0.02549	0.87564	0.09887
49 F	0.00479	0.96764	0.02757
50 L	0.00070	0.98802	0.01128
51 N	0.00037	0.99298	0.00665
52 C	0.00025	0.99593	0.00381
53 F	0.00024	0.99735	0.0024
54 L	0.00024	0.99768	0.00208
55 T	0.00024	0.99769	0.00206
56 V	0.00024	0.99769	0.00206
57 L	0.00024	0.99769	0.00206
58 T	0.00024	0.99769	0.00206
59 M	0.00024	0.99769	0.00206
60 A	0.00024	0.99769	0.00206
61 F	0.00024	0.99768	0.00207
62 F	0.00025	0.99764	0.00211
63 G	0.00036	0.99706	0.00258
64 L	0.00071	0.99616	0.00312
65 S	0.01390	0.97857	0.00752
66 F	0.02882	0.95284	0.01834
67 W	0.12429	0.83074	0.04497
68 C	0.38014	0.42045	0.19941
69 Q	0.62751	0.14106	0.23143
70 Q	0.73325	0.00000	0.26675
