# 2570378677
# AA	inside	membr	outside
1 L	0.24042	0.00000	0.75958
2 L	0.12252	0.11789	0.75958
3 L	0.11261	0.12781	0.75958
4 N	0.11261	0.16470	0.7227
5 G	0.06673	0.32146	0.61181
6 V	0.06673	0.34139	0.59188
7 P	0.06332	0.34752	0.58916
8 I	0.06332	0.34758	0.58911
9 A	0.06326	0.34770	0.58905
10 A	0.06326	0.34817	0.58858
11 Q	0.06326	0.34817	0.58858
12 G	0.06325	0.34818	0.58857
13 L	0.06324	0.34819	0.58857
14 L	0.06324	0.34819	0.58857
15 V	0.06324	0.34819	0.58857
16 L	0.06324	0.34819	0.58857
17 F	0.06324	0.34805	0.58871
18 S	0.06324	0.34667	0.5901
19 R	0.06350	0.34538	0.59112
20 H	0.06357	0.33997	0.59646
21 L	0.06367	0.33739	0.59894
22 W	0.06645	0.32176	0.6118
23 W	0.09335	0.23543	0.67122
24 P	0.18724	0.08730	0.72546
25 S	0.22826	0.00686	0.76488
26 K	0.23316	0.00135	0.76549
27 F	0.23334	0.00154	0.76511
28 P	0.23417	0.00147	0.76435
29 T	0.23420	0.00986	0.75594
30 M	0.23390	0.04369	0.72242
31 H	0.23384	0.06544	0.70072
32 Q	0.23367	0.09164	0.67469
33 T	0.23281	0.15549	0.61169
34 H	0.21564	0.23076	0.5536
35 T	0.18914	0.28348	0.52738
36 E	0.12996	0.36588	0.50417
37 L	0.05952	0.55482	0.38566
38 I	0.05538	0.57460	0.37001
39 V	0.04819	0.58430	0.36751
40 I	0.04751	0.58529	0.3672
41 V	0.04746	0.58537	0.36718
42 L	0.04742	0.58541	0.36717
43 N	0.04743	0.58541	0.36716
44 S	0.04743	0.58541	0.36716
45 A	0.04744	0.58540	0.36716
46 S	0.04749	0.58535	0.36716
47 N	0.04759	0.58525	0.36716
48 I	0.04776	0.58508	0.36716
49 A	0.04809	0.58475	0.36716
50 V	0.04900	0.58383	0.36717
51 I	0.05370	0.57907	0.36722
52 L	0.09605	0.53589	0.36806
53 M	0.19600	0.43020	0.3738
54 Q	0.28048	0.32595	0.39358
55 T	0.30114	0.29184	0.40702
56 I	0.31064	0.26857	0.42079
57 K	0.35281	0.14615	0.50104
58 F	0.35431	0.13886	0.50684
59 V	0.36331	0.10270	0.53399
60 D	0.44294	0.00352	0.55354
61 K	0.44593	0.00013	0.55394
62 V	0.44597	0.00006	0.55396
63 Q	0.44599	0.00002	0.554
64 V	0.44599	0.00001	0.554
65 E	0.44599	0.00000	0.55401
66 A	0.44599	0.00000	0.55401
67 S	0.44599	0.00000	0.55401
68 Q	0.44599	0.00000	0.55401
69 S	0.44599	0.00000	0.55401
70 L	0.44599	0.00000	0.55401
71 D	0.44599	0.00000	0.55401
72 D	0.44599	0.00000	0.55401
