# 2570379155
# AA	inside	membr	outside
1 L	0.99905	0.00000	0.00094
2 N	0.99905	0.00000	0.00094
3 I	0.99905	0.00000	0.00094
4 N	0.99905	0.00000	0.00094
5 K	0.99905	0.00000	0.00094
6 K	0.99905	0.00000	0.00094
7 Y	0.99905	0.00000	0.00094
8 L	0.99905	0.00000	0.00094
9 F	0.99905	0.00000	0.00094
10 F	0.99905	0.00000	0.00094
11 F	0.99905	0.00000	0.00094
12 S	0.99905	0.00000	0.00094
13 I	0.99905	0.00000	0.00094
14 K	0.99905	0.00000	0.00094
15 N	0.99905	0.00000	0.00094
16 Q	0.99905	0.00000	0.00094
17 I	0.99905	0.00000	0.00094
18 T	0.99905	0.00000	0.00094
19 K	0.99903	0.00002	0.00094
20 F	0.98660	0.01245	0.00094
21 L	0.90677	0.09229	0.00094
22 Q	0.90620	0.09286	0.00094
23 N	0.89231	0.10675	0.00094
24 K	0.84413	0.15495	0.00092
25 N	0.60218	0.39715	0.00067
26 I	0.09105	0.90878	0.00016
27 V	0.02561	0.97433	6e-05
28 I	0.00557	0.99441	2e-05
29 G	0.00096	0.99902	2e-05
30 C	0.00049	0.99950	2e-05
31 S	0.00017	0.99983	1e-05
32 F	0.00002	0.99998	1e-05
33 L	0.00000	0.99999	1e-05
34 T	0.00000	0.99999	1e-05
35 I	0.00000	0.99999	1e-05
36 L	0.00000	0.99999	1e-05
37 I	0.00000	0.99999	1e-05
38 L	0.00000	0.99999	1e-05
39 T	0.00000	0.99998	3e-05
40 I	0.00000	0.99995	5e-05
41 L	0.00000	0.99978	0.00022
42 I	0.00000	0.99946	0.00053
43 I	0.00001	0.98653	0.01347
44 P	0.00002	0.87649	0.12349
45 Y	0.00004	0.85085	0.14912
46 L	0.00007	0.78136	0.21858
47 P	0.00014	0.66436	0.3355
48 Y	0.00035	0.45818	0.54147
49 N	0.00081	0.03234	0.96685
50 Y	0.00091	0.00942	0.98967
51 K	0.00094	0.00020	0.99886
52 P	0.00094	0.00003	0.99903
53 F	0.00094	0.00002	0.99905
54 N	0.00094	0.00000	0.99906
55 S	0.00094	0.00000	0.99906
56 Q	0.00094	0.00000	0.99906
57 N	0.00094	0.00000	0.99906
58 Q	0.00094	0.00000	0.99906
59 T	0.00094	0.00000	0.99906
60 P	0.00094	0.00000	0.99906
61 L	0.00094	0.00001	0.99906
62 Q	0.00094	0.00004	0.99903
63 Q	0.00093	0.00014	0.99893
64 I	0.00087	0.00070	0.99843
65 S	0.00082	0.00079	0.99839
66 W	0.00080	0.00086	0.99833
67 N	0.00078	0.00093	0.99829
68 H	0.00076	0.00116	0.99809
69 L	0.00073	0.00139	0.99789
70 M	0.00072	0.00142	0.99785
71 G	0.00072	0.00143	0.99785
72 T	0.00072	0.00143	0.99784
73 D	0.00072	0.00144	0.99784
74 S	0.00072	0.00155	0.99773
75 T	0.00072	0.00171	0.99757
76 G	0.00071	0.00219	0.9971
77 Y	0.00071	0.00318	0.99611
78 D	0.00071	0.00384	0.99545
79 L	0.00070	0.01314	0.98615
80 F	0.00070	0.01924	0.98006
81 S	0.00070	0.02232	0.97697
82 L	0.00070	0.02932	0.96997
83 I	0.00071	0.03362	0.96568
84 L	0.00072	0.03467	0.9646
85 A	0.00078	0.03503	0.96419
86 G	0.00086	0.03596	0.96318
87 A	0.00165	0.03686	0.96149
88 K	0.00182	0.04399	0.9542
89 I	0.00179	0.40332	0.59489
90 T	0.00178	0.43187	0.56634
91 L	0.00175	0.45355	0.5447
92 Q	0.00181	0.49439	0.5038
93 I	0.00047	0.91942	0.08011
94 S	0.00021	0.94149	0.0583
95 F	0.00009	0.97644	0.02347
96 F	0.00005	0.99441	0.00554
97 A	0.00007	0.99782	0.00211
98 I	0.00010	0.99976	0.00014
99 M	0.00022	0.99973	5e-05
100 I	0.00020	0.99979	1e-05
101 S	0.00026	0.99974	0
102 A	0.00057	0.99942	0
103 F	0.00074	0.99925	0
104 V	0.00087	0.99912	0
105 G	0.00145	0.99854	0
106 G	0.00179	0.99821	0
107 F	0.00186	0.99813	0
108 L	0.00199	0.99800	1e-05
109 G	0.00661	0.99338	1e-05
110 I	0.01300	0.98699	1e-05
111 L	0.04123	0.95873	4e-05
112 S	0.40284	0.59700	0.00016
113 G	0.42750	0.57226	0.00024
114 Y	0.44023	0.55949	0.00029
115 F	0.49340	0.50621	0.00039
116 R	0.95965	0.03871	0.00165
117 G	0.97667	0.02143	0.0019
118 M	0.98959	0.00841	0.00201
119 F	0.99141	0.00653	0.00206
120 D	0.99007	0.00785	0.00208
121 S	0.93317	0.06480	0.00203
122 I	0.44918	0.54886	0.00196
123 I	0.18578	0.81225	0.00197
124 N	0.02580	0.97222	0.00198
125 F	0.01806	0.98003	0.00191
126 I	0.01443	0.98365	0.00192
127 C	0.00988	0.98814	0.00198
128 D	0.00691	0.99110	0.00199
129 I	0.00054	0.99753	0.00194
130 L	0.00034	0.99784	0.00182
131 V	0.00030	0.99790	0.0018
132 V	0.00028	0.99791	0.00181
133 F	0.00028	0.99755	0.00217
134 P	0.00028	0.99737	0.00235
135 D	0.00027	0.99770	0.00203
136 I	0.00007	0.99849	0.00144
137 I	0.00003	0.99931	0.00066
138 L	0.00002	0.99966	0.00032
139 A	0.00002	0.99957	0.00041
140 I	0.00002	0.99372	0.00627
141 L	0.00002	0.97561	0.02438
142 I	0.00003	0.96825	0.03172
143 M	0.00009	0.95589	0.04402
144 C	0.00013	0.88755	0.11232
145 F	0.00019	0.49302	0.50679
146 F	0.00021	0.20374	0.79605
147 K	0.00025	0.00614	0.99361
148 K	0.00027	0.03008	0.96965
149 G	0.00018	0.48904	0.51077
150 I	0.00016	0.95833	0.04151
151 L	0.00015	0.98690	0.01295
152 A	0.00016	0.99669	0.00315
153 L	0.00017	0.99873	0.00111
154 I	0.00017	0.99952	0.00031
155 I	0.00017	0.99954	0.00029
156 V	0.00019	0.99950	0.00031
157 L	0.00021	0.99946	0.00034
158 S	0.00070	0.99893	0.00037
159 I	0.00117	0.99830	0.00053
160 S	0.00199	0.99743	0.00059
161 H	0.00254	0.99687	0.0006
162 M	0.00270	0.99670	0.0006
163 P	0.00276	0.99664	0.0006
164 T	0.00298	0.99642	0.0006
165 F	0.00357	0.99583	0.00061
166 I	0.00937	0.99002	0.00061
167 R	0.08393	0.91543	0.00064
168 S	0.12279	0.87656	0.00066
169 I	0.19198	0.80736	0.00066
170 R	0.80082	0.19849	0.00069
171 T	0.84227	0.15704	0.00069
172 N	0.99425	0.00503	0.00073
173 T	0.99876	0.00051	0.00073
174 M	0.99916	0.00011	0.00073
175 Q	0.99926	0.00001	0.00073
176 I	0.99926	0.00001	0.00073
177 K	0.99926	0.00001	0.00073
178 A	0.99925	0.00003	0.00073
179 K	0.99923	0.00004	0.00073
180 S	0.99920	0.00007	0.00072
181 F	0.99918	0.00011	0.00071
182 I	0.99917	0.00012	0.00071
183 Q	0.99916	0.00013	0.00071
184 A	0.99914	0.00015	0.00071
185 S	0.99914	0.00016	0.00071
186 K	0.99913	0.00016	0.00071
187 A	0.99900	0.00031	0.00069
188 L	0.99889	0.00044	0.00067
189 G	0.99887	0.00046	0.00067
190 A	0.99882	0.00052	0.00066
191 T	0.99881	0.00054	0.00066
192 H	0.99874	0.00060	0.00066
193 T	0.99871	0.00064	0.00066
194 H	0.99865	0.00070	0.00066
195 I	0.99822	0.00113	0.00065
196 I	0.99808	0.00127	0.00066
197 S	0.99804	0.00126	0.00071
198 K	0.99786	0.00141	0.00073
199 H	0.98020	0.01908	0.00072
200 I	0.94145	0.05785	0.00071
201 L	0.89440	0.10490	0.00069
202 S	0.88671	0.11259	0.0007
203 H	0.87780	0.12149	0.00071
204 I	0.83021	0.16909	0.00069
205 L	0.81743	0.18187	0.0007
206 A	0.81412	0.18517	0.0007
207 P	0.73573	0.26349	0.00078
208 F	0.49911	0.50012	0.00077
209 I	0.44158	0.55767	0.00075
210 T	0.42030	0.57890	0.0008
211 R	0.31353	0.68597	0.0005
212 I	0.11898	0.88070	0.00032
213 I	0.05076	0.94895	0.00028
214 L	0.02077	0.97893	0.0003
215 S	0.01647	0.98292	0.00061
216 M	0.01150	0.98779	0.00071
217 S	0.00989	0.98932	0.00079
218 S	0.00582	0.99326	0.00092
219 I	0.00273	0.99622	0.00105
220 I	0.00205	0.99604	0.00191
221 L	0.00194	0.99335	0.0047
222 S	0.00195	0.97626	0.02179
223 I	0.00195	0.95594	0.0421
224 S	0.00196	0.91086	0.08718
225 T	0.00196	0.90257	0.09547
226 L	0.00196	0.89304	0.105
227 G	0.00198	0.85060	0.14742
228 M	0.00198	0.83417	0.16385
229 I	0.00198	0.82432	0.17369
230 G	0.00199	0.72827	0.26974
231 L	0.00201	0.51042	0.48756
232 G	0.00204	0.36676	0.6312
233 L	0.00214	0.29215	0.7057
234 D	0.00277	0.09218	0.90506
235 P	0.00282	0.02857	0.96862
236 N	0.00283	0.01266	0.98452
237 V	0.00284	0.01117	0.986
238 P	0.00286	0.00529	0.99185
239 E	0.00286	0.00109	0.99605
240 W	0.00286	0.00096	0.99618
241 G	0.00288	0.00066	0.99646
242 R	0.00289	0.00026	0.99684
243 I	0.00289	0.00013	0.99698
244 L	0.00289	0.00003	0.99707
245 F	0.00290	0.00001	0.99708
246 E	0.00291	0.00000	0.99709
247 S	0.00291	0.00000	0.99709
248 K	0.00291	0.00001	0.99708
249 S	0.00291	0.00015	0.99694
250 H	0.00289	0.00234	0.99478
251 F	0.00286	0.00672	0.99041
252 R	0.00284	0.01944	0.97772
253 F	0.00204	0.18467	0.81328
254 H	0.00173	0.27147	0.7268
255 P	0.00164	0.30093	0.69744
256 H	0.00140	0.34410	0.65451
257 L	0.00059	0.66186	0.33755
258 F	0.00011	0.92645	0.07344
259 F	0.00008	0.95086	0.04906
260 G	0.00006	0.95846	0.04148
261 P	0.00004	0.98089	0.01908
262 F	0.00001	0.99530	0.00469
263 I	0.00001	0.99931	0.00068
264 V	0.00001	0.99967	0.00031
265 I	0.00001	0.99976	0.00023
266 L	0.00001	0.99977	0.00022
267 L	0.00001	0.99977	0.00022
268 T	0.00008	0.99970	0.00022
269 S	0.00014	0.99964	0.00022
270 L	0.00023	0.99955	0.00022
271 S	0.00161	0.99816	0.00024
272 F	0.00277	0.99699	0.00024
273 N	0.01125	0.98844	0.00031
274 L	0.01871	0.98095	0.00034
275 I	0.06535	0.93423	0.00043
276 G	0.28574	0.71272	0.00154
277 K	0.56760	0.42996	0.00244
278 G	0.58049	0.41704	0.00246
279 L	0.59154	0.40596	0.0025
280 I	0.71090	0.28645	0.00264
281 Q	0.94257	0.05443	0.003
282 L	0.95179	0.04518	0.00302
283 F	0.95856	0.03838	0.00306
284 N	0.98280	0.01411	0.0031
285 P	0.99426	0.00263	0.00311
286 K	0.99685	0.00004	0.00311
287 E	0.99689	0.00000	0.00311
288 K	0.99689	0.00000	0.00311
289 N	0.99689	0.00000	0.00311
