# USQ93257.1
# AA	inside	membr	outside
1 M	0.81768	0.00000	0.18232
2 K	0.81768	0.00000	0.18232
3 W	0.81768	0.00000	0.18232
4 P	0.81768	0.00000	0.18232
5 K	0.81768	0.00000	0.18232
6 R	0.81768	0.00000	0.18232
7 T	0.81768	0.00000	0.18232
8 T	0.81768	0.00000	0.18232
9 E	0.81768	0.00000	0.18232
10 K	0.81768	0.00001	0.1823
11 Q	0.81766	0.00014	0.1822
12 T	0.80182	0.01627	0.18191
13 I	0.76950	0.05082	0.17968
14 I	0.76950	0.05083	0.17968
15 E	0.76949	0.05327	0.17724
16 E	0.73552	0.08725	0.17723
17 I	0.58362	0.24602	0.17035
18 L	0.57875	0.25329	0.16796
19 N	0.53471	0.30326	0.16202
20 A	0.20581	0.78781	0.00638
21 V	0.02041	0.97382	0.00576
22 S	0.02004	0.97525	0.00472
23 H	0.01972	0.97637	0.00391
24 G	0.01948	0.97791	0.00261
25 L	0.01940	0.97812	0.00248
26 M	0.01937	0.97820	0.00243
27 V	0.01935	0.97822	0.00243
28 P	0.01935	0.97821	0.00244
29 V	0.01933	0.97823	0.00244
30 S	0.01932	0.97823	0.00245
31 I	0.01932	0.97820	0.00249
32 V	0.01931	0.97807	0.00262
33 I	0.01937	0.97307	0.00755
34 F	0.01952	0.97201	0.00847
35 C	0.01992	0.95247	0.02761
36 I	0.02062	0.93749	0.04189
37 F	0.02108	0.91535	0.06357
38 L	0.02446	0.55127	0.42426
39 N	0.17146	0.17033	0.65821
40 E	0.19431	0.08837	0.71732
41 K	0.19821	0.05440	0.74738
42 G	0.19555	0.09013	0.71431
43 F	0.19347	0.12471	0.68182
44 Q	0.19204	0.10352	0.70445
45 F	0.03315	0.29756	0.66929
46 P	0.00921	0.34290	0.6479
47 L	0.00203	0.80393	0.19404
48 F	0.00032	0.95362	0.04605
49 L	0.00012	0.97861	0.02126
50 L	0.00003	0.99115	0.00883
51 T	0.00001	0.99376	0.00623
52 L	0.00000	0.99825	0.00174
53 T	0.00000	0.99929	0.00071
54 M	0.00000	0.99956	0.00044
55 F	0.00000	0.99959	0.00041
56 M	0.00000	0.99958	0.00042
57 L	0.00000	0.99958	0.00042
58 Y	0.00001	0.99956	0.00043
59 L	0.00002	0.99949	0.00048
60 M	0.00100	0.99831	0.00068
61 S	0.00461	0.99373	0.00166
62 C	0.02001	0.97751	0.00248
63 L	0.02978	0.96535	0.00487
64 Y	0.03361	0.95851	0.00787
65 H	0.05749	0.92748	0.01503
66 S	0.08804	0.89419	0.01777
67 L	0.09928	0.88110	0.01961
68 S	0.14161	0.68369	0.17471
69 F	0.19379	0.61274	0.19347
70 T	0.71854	0.08226	0.1992
71 K	0.79984	0.00055	0.19961
72 A	0.80015	0.00023	0.19962
73 K	0.80035	0.00001	0.19963
74 R	0.80014	0.00028	0.19958
75 H	0.79829	0.00500	0.19671
76 F	0.79020	0.01447	0.19533
77 Q	0.78565	0.05649	0.15786
78 R	0.77683	0.08885	0.13432
79 F	0.74581	0.12964	0.12455
80 D	0.73540	0.14376	0.12084
81 H	0.53684	0.34681	0.11635
82 I	0.07824	0.92031	0.00146
83 C	0.07147	0.92796	0.00058
84 I	0.06973	0.92998	0.00029
85 Y	0.06865	0.93110	0.00025
86 L	0.06863	0.93112	0.00025
87 L	0.06863	0.93113	0.00025
88 I	0.06863	0.93113	0.00025
89 W	0.06863	0.93113	0.00025
90 G	0.06863	0.93112	0.00026
91 S	0.06863	0.93110	0.00027
92 F	0.06863	0.93108	0.00029
93 L	0.06865	0.93096	0.00039
94 P	0.06870	0.93003	0.00128
95 F	0.06875	0.92859	0.00266
96 L	0.06929	0.92304	0.00767
97 F	0.07026	0.91513	0.01461
98 S	0.12715	0.81685	0.056
99 S	0.13515	0.67444	0.1904
100 K	0.26531	0.02661	0.70807
101 E	0.26779	0.00468	0.72753
102 T	0.26704	0.01346	0.71949
103 K	0.26541	0.03255	0.70204
104 L	0.05058	0.83626	0.11316
105 F	0.03553	0.89894	0.06554
106 N	0.01731	0.92270	0.06
107 L	0.00211	0.96242	0.03548
108 I	0.00092	0.97626	0.02282
109 F	0.00051	0.98783	0.01167
110 C	0.00031	0.98859	0.0111
111 I	0.00011	0.99008	0.00981
112 S	0.00003	0.99035	0.00962
113 Q	0.00003	0.99044	0.00953
114 S	0.00003	0.99056	0.00942
115 F	0.00002	0.99056	0.00942
116 V	0.00002	0.99056	0.00942
117 I	0.00002	0.99056	0.00942
118 L	0.00002	0.99056	0.00942
119 I	0.00003	0.99056	0.00942
120 G	0.00004	0.99026	0.0097
121 I	0.00007	0.99018	0.00975
122 L	0.00767	0.97230	0.02003
123 L	0.04265	0.93184	0.02551
124 K	0.43254	0.50117	0.0663
125 I	0.44287	0.48362	0.07352
126 F	0.45760	0.46365	0.07876
127 Q	0.65778	0.10126	0.24097
128 F	0.68708	0.06575	0.24718
129 H	0.70319	0.03556	0.26126
130 K	0.72191	0.00102	0.27708
131 G	0.72080	0.00241	0.27678
132 D	0.72097	0.00283	0.27621
133 K	0.68152	0.04809	0.27039
134 I	0.60895	0.19484	0.19622
135 H	0.38813	0.42454	0.18733
136 L	0.05923	0.92817	0.01261
137 I	0.04690	0.94880	0.0043
138 L	0.01279	0.98607	0.00114
139 F	0.00134	0.99809	0.00057
140 L	0.00113	0.99841	0.00046
141 L	0.00111	0.99887	2e-05
142 L	0.00111	0.99888	2e-05
143 G	0.00110	0.99888	1e-05
144 W	0.00110	0.99888	1e-05
145 S	0.00110	0.99888	1e-05
146 G	0.00110	0.99888	1e-05
147 I	0.00110	0.99888	1e-05
148 W	0.00110	0.99887	2e-05
149 V	0.00111	0.99733	0.00155
150 I	0.00113	0.99707	0.0018
151 F	0.00418	0.97736	0.01847
152 D	0.03397	0.91335	0.05268
153 S	0.03432	0.90304	0.06264
154 W	0.03447	0.88275	0.08278
155 A	0.03606	0.87381	0.09013
156 I	0.03787	0.85920	0.10293
157 V	0.11292	0.71581	0.17127
158 N	0.13288	0.44936	0.41775
159 Q	0.27794	0.00923	0.71282
160 N	0.27700	0.01414	0.70885
161 Y	0.27407	0.07676	0.64917
162 K	0.27086	0.12763	0.60151
163 I	0.02874	0.91731	0.05395
164 L	0.00588	0.96239	0.03173
165 L	0.00017	0.97959	0.02024
166 F	0.00004	0.99486	0.00509
167 L	0.00001	0.99904	0.00095
168 F	0.00000	0.99970	0.00029
169 L	0.00000	0.99971	0.00028
170 G	0.00000	0.99972	0.00028
171 G	0.00000	0.99973	0.00027
172 F	0.00000	0.99973	0.00027
173 F	0.00000	0.99973	0.00027
174 Y	0.00000	0.99973	0.00027
175 S	0.00000	0.99972	0.00027
176 I	0.00001	0.99972	0.00027
177 G	0.00006	0.99966	0.00028
178 I	0.00082	0.99884	0.00034
179 L	0.00506	0.99430	0.00064
180 F	0.00831	0.98994	0.00174
181 Y	0.03179	0.87307	0.09514
182 N	0.12637	0.73170	0.14192
183 E	0.22757	0.61646	0.15596
184 L	0.28152	0.56148	0.157
185 Y	0.33242	0.50630	0.16128
186 K	0.72049	0.00155	0.27797
187 K	0.72005	0.00123	0.27872
188 Y	0.67678	0.04604	0.27718
189 Y	0.58823	0.15432	0.25746
190 H	0.20746	0.72443	0.06811
191 F	0.14270	0.83768	0.01962
192 I	0.03114	0.96381	0.00504
193 W	0.01075	0.98567	0.00357
194 H	0.00684	0.98988	0.00328
195 L	0.00044	0.99946	0.0001
196 F	0.00040	0.99957	3e-05
197 V	0.00033	0.99965	2e-05
198 I	0.00031	0.99967	2e-05
199 L	0.00031	0.99967	2e-05
200 A	0.00031	0.99967	2e-05
201 N	0.00031	0.99967	2e-05
202 L	0.00031	0.99967	2e-05
203 C	0.00031	0.99967	2e-05
204 H	0.00031	0.99966	3e-05
205 V	0.00031	0.99965	4e-05
206 Y	0.00033	0.99954	0.00013
207 S	0.00038	0.99914	0.00047
208 I	0.00052	0.99858	0.00091
209 F	0.00207	0.98373	0.0142
210 L	0.00556	0.96274	0.0317
211 L	0.02465	0.86591	0.10944
212 I	0.06122	0.70078	0.238
213 K	0.27906	0.00000	0.72094
