# USQ93144.1
# AA	inside	membr	outside
1 M	0.99348	0.00000	0.00651
2 F	0.99348	0.00000	0.00651
3 N	0.99348	0.00000	0.00651
4 I	0.99348	0.00000	0.00651
5 I	0.99348	0.00000	0.00651
6 N	0.99348	0.00000	0.00651
7 Q	0.99348	0.00000	0.00651
8 K	0.99348	0.00000	0.00651
9 K	0.99327	0.00021	0.00651
10 N	0.99324	0.00031	0.00644
11 N	0.98946	0.00410	0.00644
12 H	0.81911	0.17447	0.00642
13 W	0.14230	0.85198	0.00572
14 F	0.14219	0.85209	0.00572
15 Y	0.14219	0.85731	0.0005
16 L	0.13512	0.86438	0.0005
17 T	0.13057	0.86896	0.00047
18 P	0.13017	0.86939	0.00045
19 A	0.10477	0.89481	0.00042
20 L	0.00871	0.99129	0
21 I	0.00017	0.99982	0
22 I	0.00005	0.99995	0
23 L	0.00002	0.99998	0
24 T	0.00002	0.99998	0
25 I	0.00000	1.00000	0
26 F	0.00000	1.00000	0
27 T	0.00000	0.99995	4e-05
28 F	0.00000	0.99984	0.00016
29 Y	0.00000	0.99917	0.00083
30 P	0.00000	0.98455	0.01544
31 L	0.00001	0.96524	0.03475
32 V	0.00002	0.91182	0.08816
33 K	0.00035	0.63792	0.36174
34 V	0.00035	0.63289	0.36676
35 F	0.00039	0.58788	0.41173
36 I	0.00092	0.36585	0.63323
37 I	0.00107	0.34223	0.6567
38 S	0.00593	0.23640	0.75767
39 F	0.00598	0.19339	0.80063
40 T	0.00622	0.16570	0.82807
41 H	0.00627	0.14760	0.84613
42 Y	0.00630	0.11442	0.87928
43 D	0.00651	0.00334	0.99015
44 K	0.00651	0.00021	0.99329
45 F	0.00651	0.00015	0.99335
46 S	0.00651	0.00003	0.99346
47 D	0.00651	0.00002	0.99347
48 T	0.00650	0.00003	0.99347
49 C	0.00649	0.00004	0.99347
50 H	0.00649	0.00004	0.99347
51 F	0.00649	0.00005	0.99347
52 P	0.00649	0.00005	0.99347
53 I	0.00648	0.00005	0.99347
54 S	0.00648	0.00005	0.99347
55 F	0.00648	0.00005	0.99347
56 I	0.00649	0.00005	0.99347
57 N	0.00649	0.00004	0.99347
58 Y	0.00649	0.00004	0.99347
59 Q	0.00649	0.00004	0.99347
60 K	0.00649	0.00004	0.99347
61 V	0.00649	0.00004	0.99347
62 F	0.00649	0.00004	0.99347
63 Q	0.00650	0.00003	0.99347
64 D	0.00650	0.00003	0.99347
65 T	0.00650	0.00032	0.99319
66 E	0.00649	0.00061	0.9929
67 F	0.00645	0.00518	0.98837
68 L	0.00642	0.01122	0.98235
69 Y	0.00639	0.01266	0.98094
70 A	0.00638	0.01372	0.9799
71 L	0.00637	0.01419	0.97945
72 K	0.00637	0.01490	0.97874
73 N	0.00594	0.03121	0.96285
74 T	0.00213	0.21908	0.77878
75 L	0.00059	0.57479	0.42462
76 I	0.00032	0.84953	0.15014
77 L	0.00004	0.98966	0.0103
78 V	0.00001	0.99547	0.00452
79 V	0.00000	0.99855	0.00145
80 V	0.00000	0.99961	0.00039
81 V	0.00000	0.99984	0.00016
82 V	0.00000	0.99998	2e-05
83 P	0.00000	0.99999	1e-05
84 I	0.00000	0.99999	1e-05
85 S	0.00000	1.00000	0
86 I	0.00000	1.00000	0
87 F	0.00000	1.00000	0
88 I	0.00002	0.99998	0
89 A	0.00006	0.99994	0
90 L	0.00154	0.99845	1e-05
91 M	0.00731	0.99267	2e-05
92 I	0.00917	0.99077	6e-05
93 A	0.01103	0.98889	8e-05
94 L	0.01260	0.98729	0.00012
95 A	0.02217	0.97765	0.00018
96 L	0.04184	0.95732	0.00084
97 N	0.20822	0.78606	0.00572
98 N	0.54451	0.44907	0.00642
99 V	0.82416	0.16938	0.00646
100 K	0.99149	0.00202	0.0065
101 N	0.99236	0.00114	0.0065
102 Y	0.99243	0.00107	0.0065
103 F	0.99241	0.00109	0.0065
104 F	0.99251	0.00099	0.0065
105 K	0.99333	0.00017	0.0065
106 N	0.99323	0.00027	0.0065
107 T	0.99267	0.00083	0.0065
108 F	0.97463	0.01888	0.00649
109 K	0.94747	0.04606	0.00647
110 T	0.58466	0.40958	0.00576
111 F	0.19732	0.80165	0.00103
112 F	0.15562	0.84393	0.00045
113 F	0.14227	0.85733	0.00039
114 L	0.13895	0.86073	0.00032
115 P	0.12762	0.87213	0.00025
116 L	0.03646	0.96349	5e-05
117 I	0.00481	0.99517	2e-05
118 S	0.00149	0.99849	2e-05
119 N	0.00079	0.99919	2e-05
120 N	0.00011	0.99988	1e-05
121 V	0.00001	0.99998	0
122 V	0.00000	1.00000	0
123 M	0.00000	1.00000	0
124 G	0.00000	0.99999	0
125 M	0.00000	0.99999	1e-05
126 I	0.00000	0.99997	3e-05
127 F	0.00000	0.99988	0.00011
128 G	0.00000	0.99912	0.00087
129 I	0.00000	0.99845	0.00155
130 F	0.00001	0.99229	0.00771
131 F	0.00006	0.96910	0.03084
132 Y	0.00029	0.92106	0.07865
133 Y	0.00109	0.57850	0.42041
134 N	0.00552	0.19439	0.80009
135 F	0.00592	0.16369	0.83039
136 G	0.00606	0.13433	0.8596
137 I	0.00622	0.11673	0.87705
138 S	0.00635	0.07960	0.91405
139 S	0.00649	0.01938	0.97414
140 D	0.00650	0.00025	0.99325
141 K	0.00649	0.00003	0.99348
142 P	0.00645	0.00014	0.99341
143 N	0.00630	0.00050	0.9932
144 G	0.00596	0.00095	0.99308
145 L	0.00523	0.00183	0.99294
146 F	0.00512	0.00195	0.99293
147 N	0.00512	0.00195	0.99292
148 T	0.00512	0.00196	0.99292
149 F	0.00512	0.00196	0.99292
150 I	0.00512	0.00196	0.99292
151 G	0.00512	0.00196	0.99292
152 K	0.00512	0.00196	0.99292
153 L	0.00512	0.00196	0.99292
154 G	0.00512	0.00196	0.99292
155 F	0.00512	0.00196	0.99292
156 G	0.00512	0.00196	0.99292
157 S	0.00512	0.00196	0.99292
158 N	0.00512	0.00195	0.99292
159 H	0.00513	0.00194	0.99293
160 E	0.00515	0.00202	0.99283
161 W	0.00517	0.00240	0.99243
162 I	0.00529	0.00248	0.99224
163 N	0.00563	0.00148	0.99289
164 R	0.00568	0.00106	0.99326
165 T	0.00569	0.00132	0.993
166 A	0.00569	0.00150	0.99281
167 P	0.00569	0.00157	0.99274
168 Y	0.00569	0.00170	0.99261
169 S	0.00569	0.00181	0.9925
170 H	0.00569	0.00229	0.99203
171 K	0.00567	0.00770	0.98663
172 M	0.00508	0.11935	0.87557
173 F	0.00278	0.86465	0.13258
174 V	0.00213	0.94187	0.056
175 L	0.00200	0.96260	0.0354
176 I	0.00197	0.98435	0.01369
177 L	0.00196	0.99075	0.00729
178 Y	0.00195	0.99439	0.00366
179 N	0.00199	0.99576	0.00226
180 I	0.00201	0.99723	0.00076
181 W	0.00216	0.99730	0.00054
182 N	0.00269	0.99679	0.00053
183 R	0.00310	0.99638	0.00052
184 L	0.00317	0.99635	0.00049
185 S	0.00325	0.99628	0.00048
186 F	0.00332	0.99621	0.00047
187 K	0.00350	0.99603	0.00047
188 I	0.00351	0.99605	0.00045
189 F	0.00351	0.99605	0.00044
190 V	0.00353	0.99602	0.00044
191 F	0.00377	0.99578	0.00045
192 V	0.00511	0.99443	0.00046
193 L	0.00910	0.99039	0.00051
194 A	0.03464	0.96469	0.00066
195 L	0.13638	0.86228	0.00135
196 Q	0.95698	0.03937	0.00365
197 D	0.99391	0.00194	0.00415
198 I	0.99452	0.00130	0.00418
199 D	0.99552	0.00026	0.00422
200 K	0.99562	0.00015	0.00422
201 S	0.99563	0.00015	0.00422
202 Y	0.99563	0.00015	0.00422
203 Y	0.99566	0.00012	0.00422
204 A	0.99569	0.00009	0.00422
205 A	0.99572	0.00006	0.00422
206 A	0.99573	0.00004	0.00423
207 K	0.99577	0.00001	0.00423
208 I	0.99577	0.00001	0.00423
209 D	0.99577	0.00001	0.00423
210 G	0.99575	0.00003	0.00422
211 A	0.99490	0.00089	0.00422
212 S	0.99149	0.00430	0.00421
213 R	0.97874	0.01706	0.00419
214 W	0.94120	0.05463	0.00417
215 R	0.88775	0.10810	0.00415
216 I	0.19669	0.79920	0.00412
217 F	0.18069	0.81520	0.00411
218 T	0.17730	0.81859	0.00411
219 K	0.16765	0.82825	0.0041
220 I	0.13323	0.86271	0.00406
221 T	0.12049	0.87545	0.00405
222 L	0.03242	0.96354	0.00405
223 P	0.01797	0.97799	0.00404
224 L	0.00566	0.99030	0.00404
225 I	0.00519	0.99077	0.00404
226 K	0.00513	0.99083	0.00404
227 S	0.00394	0.99202	0.00404
228 V	0.00262	0.99337	0.00401
229 I	0.00180	0.99424	0.00396
230 F	0.00171	0.99433	0.00396
231 Y	0.00170	0.99422	0.00408
232 Q	0.00170	0.99300	0.0053
233 F	0.00167	0.99187	0.00646
234 I	0.00167	0.97959	0.01874
235 I	0.00169	0.90388	0.09444
236 E	0.00175	0.40196	0.5963
237 M	0.00175	0.37292	0.62532
238 L	0.00175	0.35646	0.64178
239 A	0.00176	0.21448	0.78377
240 V	0.00176	0.19073	0.8075
241 F	0.00178	0.14922	0.84901
242 K	0.00181	0.01775	0.98044
243 E	0.00183	0.00858	0.9896
244 Y	0.00182	0.00780	0.99038
245 E	0.00182	0.00376	0.99443
246 S	0.00179	0.00346	0.99475
247 V	0.00174	0.00334	0.99492
248 V	0.00173	0.00292	0.99535
249 G	0.00172	0.00258	0.99569
250 L	0.00172	0.00200	0.99627
251 F	0.00175	0.00111	0.99714
252 G	0.00180	0.00035	0.99785
253 H	0.00181	0.00020	0.99799
254 N	0.00181	0.00017	0.99801
255 H	0.00181	0.00017	0.99802
256 N	0.00180	0.00018	0.99801
257 Y	0.00180	0.00021	0.99799
258 K	0.00180	0.00022	0.99799
259 I	0.00179	0.00028	0.99793
260 R	0.00178	0.00030	0.99792
261 T	0.00176	0.00037	0.99788
262 I	0.00172	0.00041	0.99787
263 V	0.00172	0.00041	0.99786
264 G	0.00172	0.00041	0.99787
265 Y	0.00172	0.00041	0.99787
266 I	0.00172	0.00041	0.99787
267 Y	0.00172	0.00036	0.99791
268 H	0.00173	0.00035	0.99792
269 Q	0.00174	0.00031	0.99795
270 L	0.00174	0.00029	0.99796
271 S	0.00174	0.00029	0.99797
272 S	0.00175	0.00029	0.99796
273 S	0.00175	0.00039	0.99786
274 A	0.00175	0.00082	0.99743
275 F	0.00175	0.00139	0.99686
276 E	0.00177	0.00147	0.99677
277 S	0.00176	0.00245	0.99578
278 Y	0.00175	0.00591	0.99233
279 A	0.00179	0.01222	0.98599
280 K	0.00180	0.03281	0.96539
281 G	0.00142	0.65974	0.33885
282 T	0.00133	0.75579	0.24288
283 T	0.00107	0.85338	0.14555
284 A	0.00048	0.95512	0.0444
285 A	0.00010	0.99160	0.0083
286 I	0.00001	0.99971	0.00028
287 I	0.00000	0.99997	2e-05
288 L	0.00000	0.99999	0
289 F	0.00000	1.00000	0
290 I	0.00000	1.00000	0
291 I	0.00000	1.00000	0
292 S	0.00000	1.00000	0
293 I	0.00000	0.99999	0
294 L	0.00001	0.99999	0
295 F	0.00002	0.99997	0
296 T	0.00019	0.99981	0
297 I	0.00060	0.99940	0
298 T	0.00158	0.99840	2e-05
299 S	0.00245	0.99752	3e-05
300 F	0.00359	0.99637	4e-05
301 I	0.01043	0.98949	8e-05
302 F	0.04334	0.95639	0.00027
303 S	0.21904	0.77992	0.00104
304 K	0.96405	0.03407	0.00189
305 K	0.99656	0.00152	0.00192
306 K	0.99786	0.00022	0.00192
307 I	0.99794	0.00014	0.00192
308 N	0.99808	0.00000	0.00193
