# USQ93376.1
# AA	inside	membr	outside
1 M	0.62281	0.00000	0.37719
2 N	0.62281	0.00000	0.37719
3 I	0.62281	0.00000	0.37719
4 D	0.62281	0.00000	0.37719
5 D	0.62280	0.00001	0.37719
6 V	0.62280	0.00002	0.37718
7 K	0.62245	0.00037	0.37718
8 S	0.62245	0.00038	0.37717
9 F	0.61791	0.00502	0.37706
10 F	0.61791	0.01033	0.37176
11 S	0.61778	0.01060	0.37162
12 L	0.60336	0.02535	0.37129
13 L	0.59547	0.03484	0.36969
14 N	0.59547	0.03484	0.36969
15 T	0.59547	0.24913	0.1554
16 Y	0.59026	0.25435	0.15538
17 T	0.57221	0.28677	0.14101
18 T	0.57148	0.30638	0.12214
19 F	0.51317	0.38684	0.1
20 K	0.48609	0.46857	0.04534
21 I	0.02018	0.94068	0.03913
22 F	0.00267	0.99306	0.00427
23 I	0.00076	0.99862	0.00062
24 G	0.00010	0.99975	0.00015
25 S	0.00005	0.99986	9e-05
26 F	0.00004	0.99990	6e-05
27 L	0.00004	0.99990	7e-05
28 L	0.00004	0.99989	8e-05
29 G	0.00005	0.99980	0.00014
30 I	0.00013	0.99961	0.00025
31 T	0.00019	0.99921	0.0006
32 S	0.00023	0.99611	0.00365
33 G	0.00221	0.99395	0.00385
34 I	0.00253	0.99345	0.00402
35 L	0.00368	0.98282	0.0135
36 G	0.00470	0.97489	0.0204
37 I	0.00698	0.97175	0.02126
38 F	0.16167	0.81397	0.02437
39 I	0.20751	0.71646	0.07603
40 N	0.29248	0.39778	0.30974
41 L	0.32321	0.20534	0.47145
42 K	0.37216	0.01421	0.61364
43 K	0.37691	0.00261	0.62048
44 K	0.32938	0.05039	0.62023
45 S	0.26547	0.13288	0.60165
46 L	0.15517	0.26742	0.57741
47 I	0.14523	0.28229	0.57248
48 G	0.13568	0.29329	0.57104
49 D	0.12597	0.31671	0.55732
50 A	0.02730	0.42866	0.54404
51 I	0.02217	0.43623	0.54161
52 S	0.02099	0.43750	0.54151
53 H	0.02061	0.43790	0.54149
54 T	0.02053	0.43799	0.54147
55 V	0.02053	0.43801	0.54146
56 L	0.02053	0.43802	0.54145
57 P	0.02053	0.43802	0.54145
58 G	0.02053	0.43803	0.54145
59 I	0.02053	0.43807	0.54141
60 A	0.02053	0.43807	0.5414
61 L	0.02053	0.43805	0.54142
62 S	0.02054	0.43744	0.54202
63 Y	0.02058	0.43536	0.54406
64 I	0.02116	0.43037	0.54848
65 Y	0.02348	0.41902	0.55749
66 F	0.04339	0.37102	0.58559
67 R	0.08873	0.22140	0.68986
68 E	0.10118	0.03861	0.86021
69 T	0.10126	0.04232	0.85642
70 S	0.09596	0.08934	0.8147
71 E	0.08864	0.20446	0.70689
72 W	0.05356	0.82515	0.1213
73 V	0.00567	0.96807	0.02626
74 I	0.00265	0.99293	0.00442
75 W	0.00208	0.99740	0.00052
76 I	0.00206	0.99782	0.00011
77 G	0.00207	0.99787	7e-05
78 A	0.00207	0.99788	5e-05
79 F	0.00207	0.99788	5e-05
80 G	0.00207	0.99788	5e-05
81 A	0.00207	0.99788	5e-05
82 S	0.00209	0.99786	5e-05
83 L	0.00211	0.99784	5e-05
84 V	0.00216	0.99779	5e-05
85 S	0.00218	0.99776	5e-05
86 L	0.00222	0.99772	6e-05
87 F	0.00271	0.99722	7e-05
88 L	0.00523	0.99425	0.00052
89 M	0.02712	0.96875	0.00413
90 E	0.26509	0.72286	0.01204
91 V	0.35416	0.63176	0.01407
92 I	0.72191	0.25820	0.01989
93 K	0.86989	0.03465	0.09545
94 R	0.88026	0.02058	0.09916
95 Y	0.88850	0.01193	0.09956
96 S	0.89533	0.00486	0.09981
97 K	0.89998	0.00018	0.09983
98 I	0.89865	0.00174	0.0996
99 K	0.89809	0.00244	0.09947
100 S	0.88010	0.02190	0.098
101 D	0.85163	0.05327	0.09509
102 T	0.59697	0.38275	0.02027
103 I	0.21002	0.78394	0.00604
104 L	0.02837	0.96972	0.00191
105 S	0.00352	0.99529	0.00118
106 L	0.00088	0.99839	0.00073
107 I	0.00073	0.99877	0.00049
108 L	0.00066	0.99885	0.00049
109 A	0.00065	0.99886	0.00049
110 S	0.00065	0.99886	0.00049
111 F	0.00065	0.99886	0.00049
112 F	0.00063	0.99888	0.00049
113 G	0.00063	0.99888	0.00049
114 L	0.00063	0.99888	0.00049
115 G	0.00063	0.99887	0.00049
116 N	0.00063	0.99885	0.00051
117 V	0.00064	0.99882	0.00053
118 L	0.00070	0.99861	0.00069
119 I	0.00109	0.99744	0.00147
120 A	0.01188	0.96784	0.02028
121 Y	0.02432	0.89369	0.08199
122 A	0.06201	0.71002	0.22798
123 Q	0.09030	0.24258	0.66712
124 K	0.09461	0.08477	0.82062
125 G	0.09862	0.05506	0.84632
126 T	0.09956	0.01159	0.88885
127 N	0.09945	0.00119	0.89936
128 D	0.09881	0.00127	0.89991
129 C	0.09751	0.00259	0.8999
130 S	0.09731	0.00281	0.89988
131 I	0.09700	0.00329	0.89972
132 A	0.09691	0.00345	0.89964
133 V	0.09663	0.00380	0.89958
134 L	0.09639	0.00406	0.89955
135 E	0.09635	0.00410	0.89955
136 K	0.09625	0.00469	0.89906
137 F	0.09349	0.15191	0.7546
138 I	0.09298	0.17355	0.73347
139 L	0.09266	0.17578	0.73155
140 G	0.09250	0.18329	0.72421
141 Q	0.09218	0.19076	0.71707
142 I	0.07708	0.24719	0.67573
143 A	0.06646	0.29181	0.64173
144 L	0.05802	0.34582	0.59616
145 I	0.04453	0.53824	0.41723
146 S	0.02943	0.64845	0.32212
147 Q	0.02821	0.67176	0.30003
148 A	0.02104	0.77674	0.20222
149 H	0.01253	0.92413	0.06334
150 V	0.00316	0.97723	0.01961
151 I	0.00020	0.99520	0.00459
152 M	0.00009	0.99844	0.00146
153 V	0.00005	0.99965	0.0003
154 G	0.00005	0.99989	6e-05
155 I	0.00006	0.99991	3e-05
156 I	0.00009	0.99988	3e-05
157 T	0.00041	0.99955	4e-05
158 C	0.00049	0.99947	4e-05
159 L	0.00056	0.99940	4e-05
160 T	0.00778	0.99214	8e-05
161 I	0.00825	0.99166	8e-05
162 L	0.00853	0.99133	0.00014
163 T	0.02993	0.96988	0.0002
164 I	0.03888	0.96068	0.00044
165 I	0.06717	0.92326	0.00958
166 F	0.09088	0.89067	0.01845
167 L	0.16155	0.80830	0.03016
168 W	0.39848	0.54590	0.05562
169 K	0.66696	0.23884	0.0942
170 E	0.67950	0.22484	0.09566
171 L	0.75708	0.14674	0.09619
172 K	0.89835	0.00470	0.09695
173 I	0.90031	0.00269	0.097
174 F	0.90066	0.00232	0.09703
175 T	0.90098	0.00196	0.09706
176 F	0.90097	0.00196	0.09707
177 D	0.90145	0.00147	0.09708
178 E	0.90066	0.00230	0.09705
179 S	0.89553	0.00748	0.097
180 F	0.87206	0.03127	0.09667
181 S	0.86264	0.04085	0.09652
182 Q	0.85689	0.04746	0.09566
183 I	0.46132	0.45279	0.08589
184 I	0.29395	0.62053	0.08553
185 G	0.22281	0.69184	0.08536
186 F	0.19994	0.71483	0.08523
187 N	0.18978	0.72512	0.08511
188 N	0.07902	0.83670	0.08428
189 I	0.00657	0.91063	0.0828
190 I	0.00336	0.91442	0.08222
191 L	0.00319	0.91470	0.08211
192 K	0.00309	0.91490	0.08201
193 L	0.00220	0.91937	0.07843
194 I	0.00203	0.92232	0.07565
195 L	0.00178	0.92346	0.07476
196 N	0.00175	0.92298	0.07527
197 T	0.00159	0.92657	0.07184
198 L	0.00092	0.96665	0.03243
199 L	0.00071	0.98664	0.01264
200 I	0.00028	0.98725	0.01247
201 G	0.00037	0.98208	0.01755
202 L	0.00027	0.98169	0.01804
203 V	0.00071	0.97459	0.0247
204 I	0.00073	0.97208	0.02719
205 I	0.00151	0.94188	0.05661
206 S	0.01011	0.41137	0.57852
207 L	0.01005	0.26184	0.72811
208 K	0.01046	0.12492	0.86462
209 I	0.00990	0.55658	0.43351
210 T	0.00880	0.71096	0.28025
211 G	0.00857	0.91104	0.08039
212 I	0.00736	0.98747	0.00517
213 I	0.00763	0.99179	0.00058
214 L	0.00798	0.99149	0.00053
215 T	0.00878	0.99072	0.0005
216 S	0.00953	0.98974	0.00073
217 A	0.01034	0.98892	0.00074
218 F	0.01076	0.98822	0.00102
219 L	0.01115	0.98778	0.00107
220 I	0.01279	0.98600	0.00121
221 M	0.05560	0.94269	0.00171
222 P	0.07945	0.91861	0.00194
223 G	0.08310	0.91364	0.00326
224 I	0.08339	0.91332	0.00329
225 I	0.08696	0.90948	0.00356
226 A	0.09935	0.89692	0.00374
227 R	0.26410	0.73139	0.00451
228 Y	0.31125	0.68291	0.00584
229 I	0.37395	0.62002	0.00603
230 S	0.61507	0.37777	0.00716
231 D	0.97202	0.02009	0.0079
232 R	0.98234	0.00948	0.00818
233 L	0.76364	0.22852	0.00785
234 L	0.49802	0.49479	0.00719
235 T	0.48606	0.50711	0.00683
236 N	0.43953	0.55416	0.00632
237 I	0.05699	0.94236	0.00065
238 I	0.02733	0.97228	0.00039
239 I	0.00583	0.99409	8e-05
240 V	0.00363	0.99634	2e-05
241 S	0.00294	0.99704	2e-05
242 I	0.00036	0.99963	1e-05
243 I	0.00003	0.99996	1e-05
244 S	0.00001	0.99999	1e-05
245 F	0.00000	0.99999	1e-05
246 L	0.00000	0.99999	1e-05
247 S	0.00000	0.99999	1e-05
248 S	0.00000	0.99999	1e-05
249 F	0.00000	0.99999	1e-05
250 I	0.00000	0.99999	1e-05
251 G	0.00000	0.99975	0.00025
252 I	0.00001	0.99767	0.00232
253 I	0.00004	0.99639	0.00357
254 I	0.00013	0.98758	0.01229
255 S	0.00032	0.95698	0.04269
256 L	0.00054	0.77469	0.22477
257 N	0.00106	0.26054	0.7384
258 I	0.00124	0.25804	0.74072
259 L	0.00174	0.24603	0.75223
260 N	0.00785	0.05608	0.93606
261 M	0.00798	0.04850	0.94352
262 P	0.00807	0.02381	0.96812
263 T	0.00778	0.05269	0.93954
264 G	0.00727	0.11771	0.87503
265 P	0.00660	0.25199	0.74141
266 I	0.00044	0.97531	0.02426
267 I	0.00018	0.98254	0.01729
268 I	0.00006	0.98773	0.01222
269 V	0.00002	0.99805	0.00194
270 V	0.00002	0.99944	0.00055
271 N	0.00001	0.99965	0.00034
272 T	0.00001	0.99972	0.00027
273 F	0.00001	0.99984	0.00015
274 F	0.00001	0.99994	5e-05
275 I	0.00001	0.99994	5e-05
276 L	0.00002	0.99993	5e-05
277 L	0.00002	0.99992	5e-05
278 T	0.00011	0.99982	7e-05
279 C	0.00016	0.99976	8e-05
280 L	0.00023	0.99968	9e-05
281 F	0.00337	0.99647	0.00016
282 S	0.01732	0.98226	0.00041
283 P	0.02935	0.97002	0.00064
284 K	0.05436	0.94464	0.001
285 Y	0.05623	0.94271	0.00106
286 G	0.07513	0.92345	0.00142
287 I	0.11687	0.88135	0.00178
288 L	0.24690	0.75026	0.00284
289 K	0.98720	0.00451	0.0083
290 K	0.99005	0.00160	0.00835
291 F	0.99017	0.00148	0.00835
292 W	0.99062	0.00103	0.00835
293 K	0.99159	0.00006	0.00835
294 Q	0.99165	0.00000	0.00835
295 K	0.99165	0.00000	0.00835
296 K	0.99165	0.00000	0.00835
297 Y	0.99165	0.00000	0.00835
298 Q	0.99165	0.00000	0.00835
299 N	0.99165	0.00000	0.00835
300 K	0.99165	0.00000	0.00835
301 I	0.99165	0.00000	0.00835
302 K	0.99165	0.00000	0.00835
303 K	0.99165	0.00000	0.00835
304 F	0.99165	0.00000	0.00835
305 K	0.99165	0.00000	0.00835
306 K	0.99165	0.00000	0.00835
307 L	0.99165	0.00000	0.00835
308 I	0.99165	0.00000	0.00835
309 H	0.99165	0.00000	0.00835
310 F	0.99165	0.00000	0.00835
311 Y	0.99165	0.00000	0.00835
312 H	0.99165	0.00000	0.00835
313 N	0.99165	0.00000	0.00835
314 E	0.99165	0.00000	0.00835
315 E	0.99165	0.00000	0.00835
316 Y	0.99165	0.00000	0.00835
317 N	0.99165	0.00000	0.00835
318 E	0.99165	0.00000	0.00835
319 F	0.99165	0.00000	0.00835
320 Q	0.99165	0.00000	0.00835
321 K	0.99165	0.00000	0.00835
322 K	0.99165	0.00000	0.00835
323 D	0.99165	0.00000	0.00835
324 F	0.99165	0.00000	0.00835
325 F	0.99165	0.00000	0.00835
326 L	0.99165	0.00000	0.00835
327 F	0.99165	0.00000	0.00835
328 E	0.99165	0.00000	0.00835
329 E	0.99165	0.00000	0.00835
330 K	0.99165	0.00000	0.00835
331 Y	0.99165	0.00000	0.00835
332 L	0.99165	0.00000	0.00835
333 T	0.99165	0.00000	0.00835
334 K	0.99165	0.00000	0.00835
335 K	0.99165	0.00000	0.00835
336 S	0.99165	0.00000	0.00835
337 K	0.99165	0.00000	0.00835
338 E	0.99165	0.00000	0.00835
339 I	0.99165	0.00000	0.00835
340 K	0.99165	0.00000	0.00835
341 I	0.99165	0.00000	0.00835
342 T	0.99165	0.00000	0.00835
343 T	0.99165	0.00000	0.00835
344 K	0.99165	0.00000	0.00835
345 G	0.99165	0.00000	0.00835
346 I	0.99165	0.00000	0.00835
347 N	0.99165	0.00000	0.00835
348 L	0.99165	0.00000	0.00835
349 V	0.99165	0.00000	0.00835
350 E	0.99165	0.00000	0.00835
351 N	0.99165	0.00000	0.00835
352 L	0.99165	0.00000	0.00835
353 I	0.99165	0.00000	0.00835
354 N	0.99165	0.00000	0.00835
355 G	0.99165	0.00000	0.00835
356 E	0.99165	0.00000	0.00835
357 I	0.99165	0.00000	0.00835
