# USQ93199.1
# AA	inside	membr	outside
1 M	0.99939	0.00000	0.00061
2 S	0.99939	0.00000	0.00061
3 F	0.99939	0.00000	0.00061
4 K	0.99939	0.00000	0.00061
5 I	0.99931	0.00008	0.00061
6 C	0.99931	0.00008	0.00061
7 L	0.99894	0.00044	0.00061
8 N	0.99894	0.00044	0.00061
9 F	0.99839	0.00100	0.00061
10 K	0.99839	0.00100	0.00061
11 V	0.98088	0.01851	0.0006
12 K	0.77671	0.22269	0.0006
13 L	0.01985	0.97964	0.0005
14 S	0.01980	0.97970	0.0005
15 S	0.01980	0.98020	0
16 L	0.00633	0.99367	0
17 L	0.00003	0.99997	0
18 I	0.00002	0.99998	0
19 L	0.00001	0.99999	0
20 F	0.00000	1.00000	0
21 F	0.00000	1.00000	0
22 T	0.00000	1.00000	0
23 I	0.00000	1.00000	0
24 I	0.00000	1.00000	0
25 S	0.00000	0.99999	1e-05
26 L	0.00000	0.99999	1e-05
27 D	0.00000	0.99998	2e-05
28 I	0.00000	0.99998	2e-05
29 I	0.00000	0.99997	2e-05
30 V	0.00000	0.99974	0.00025
31 I	0.00000	0.99841	0.0016
32 I	0.00000	0.99314	0.00685
33 F	0.00006	0.93515	0.06479
34 I	0.00014	0.77482	0.22504
35 K	0.00054	0.15806	0.8414
36 D	0.00060	0.00115	0.99825
37 P	0.00060	0.00035	0.99905
38 K	0.00061	0.00008	0.9993
39 G	0.00061	0.00021	0.99917
40 T	0.00061	0.00048	0.9989
41 P	0.00060	0.00073	0.99866
42 F	0.00060	0.00261	0.99678
43 V	0.00058	0.00546	0.99395
44 F	0.00057	0.06424	0.93519
45 V	0.00056	0.06643	0.933
46 N	0.00056	0.06662	0.93282
47 N	0.00044	0.07617	0.92338
48 N	0.00043	0.08192	0.91764
49 I	0.00042	0.24038	0.7592
50 L	0.00041	0.24970	0.74988
51 N	0.00039	0.25081	0.7488
52 C	0.00036	0.30138	0.69825
53 F	0.00016	0.53811	0.46173
54 L	0.00013	0.65788	0.34199
55 E	0.00008	0.73407	0.26585
56 G	0.00001	0.89870	0.10129
57 I	0.00001	0.97695	0.02304
58 F	0.00000	0.99647	0.00353
59 Y	0.00000	0.99842	0.00157
60 G	0.00001	0.99944	0.00056
61 I	0.00001	0.99983	0.00016
62 F	0.00005	0.99980	0.00014
63 V	0.00023	0.99975	2e-05
64 F	0.00058	0.99941	1e-05
65 F	0.00184	0.99814	1e-05
66 I	0.00512	0.99486	3e-05
67 R	0.08395	0.91597	8e-05
68 S	0.08679	0.91313	8e-05
69 I	0.09066	0.90926	8e-05
70 Y	0.10462	0.89522	0.00016
71 A	0.12012	0.87971	0.00018
72 Y	0.23907	0.76073	0.0002
73 I	0.24681	0.75299	0.0002
74 F	0.26272	0.73705	0.00023
75 F	0.37295	0.62675	0.0003
76 K	0.78231	0.21715	0.00054
77 I	0.86792	0.13153	0.00055
78 T	0.94598	0.05345	0.00058
79 K	0.99526	0.00413	0.00061
80 G	0.99773	0.00166	0.00061
81 P	0.99913	0.00026	0.00061
82 R	0.99920	0.00020	0.00061
83 F	0.99921	0.00018	0.00061
84 I	0.99926	0.00013	0.00061
85 Y	0.99929	0.00011	0.00061
86 K	0.99938	0.00001	0.00061
87 Y	0.99939	0.00000	0.00061
88 P	0.99939	0.00000	0.00061
89 I	0.99939	0.00000	0.00061
90 K	0.99939	0.00000	0.00061
91 E	0.99939	0.00000	0.00061
92 K	0.99939	0.00000	0.00061
93 E	0.99938	0.00001	0.00061
94 F	0.99934	0.00007	0.00059
95 E	0.99933	0.00008	0.00059
96 Y	0.99927	0.00014	0.00059
97 Y	0.99927	0.00015	0.00058
98 P	0.99927	0.00015	0.00058
99 F	0.99927	0.00015	0.00058
100 S	0.99927	0.00015	0.00058
101 Q	0.99927	0.00015	0.00058
102 S	0.99927	0.00015	0.00058
103 I	0.99927	0.00015	0.00058
104 V	0.99927	0.00015	0.00058
105 M	0.99927	0.00015	0.00058
106 D	0.99927	0.00015	0.00058
107 S	0.99927	0.00015	0.00058
108 S	0.99927	0.00015	0.00058
109 I	0.99927	0.00015	0.00058
110 Y	0.99927	0.00015	0.00059
111 A	0.99927	0.00013	0.0006
112 R	0.99930	0.00008	0.00063
113 Q	0.99928	0.00009	0.00063
114 T	0.99912	0.00022	0.00066
115 T	0.99327	0.00607	0.00066
116 S	0.98645	0.01289	0.00067
117 S	0.93899	0.06039	0.00062
118 H	0.88686	0.11253	0.0006
119 N	0.80615	0.19328	0.00057
120 L	0.64827	0.35136	0.00037
121 Y	0.63172	0.36795	0.00033
122 K	0.61782	0.38188	0.00031
123 T	0.49965	0.50016	0.00018
124 I	0.09299	0.90691	0.0001
125 S	0.03978	0.96017	4e-05
126 G	0.02231	0.97766	2e-05
127 L	0.00534	0.99465	1e-05
128 L	0.00110	0.99889	0
129 A	0.00033	0.99967	0
130 I	0.00017	0.99983	0
131 I	0.00016	0.99984	0
132 L	0.00016	0.99984	0
133 L	0.00016	0.99983	1e-05
134 I	0.00016	0.99983	1e-05
135 V	0.00016	0.99969	0.00015
136 S	0.00016	0.99430	0.00554
137 I	0.00016	0.99197	0.00787
138 I	0.00020	0.94621	0.05359
139 T	0.00031	0.89578	0.10391
140 K	0.00056	0.72994	0.26949
141 F	0.00058	0.69637	0.30305
142 Q	0.00060	0.64852	0.35087
143 Y	0.00061	0.60644	0.39295
144 I	0.00065	0.59889	0.40045
145 Q	0.00072	0.56708	0.4322
146 L	0.00078	0.44170	0.55752
147 F	0.00080	0.04927	0.94993
148 K	0.00085	0.00345	0.9957
149 S	0.00082	0.08985	0.90933
150 F	0.00061	0.53725	0.46213
151 M	0.00045	0.72910	0.27045
152 V	0.00004	0.91672	0.08323
153 V	0.00003	0.94009	0.05988
154 A	0.00001	0.96765	0.03234
155 F	0.00001	0.98625	0.01375
156 I	0.00000	0.99448	0.00551
157 S	0.00000	0.99536	0.00463
158 Y	0.00000	0.99699	0.003
159 I	0.00000	0.99870	0.0013
160 Y	0.00000	0.99934	0.00065
161 F	0.00000	0.99980	0.0002
162 T	0.00001	0.99985	0.00014
163 I	0.00001	0.99996	3e-05
164 V	0.00001	0.99997	2e-05
165 L	0.00002	0.99996	2e-05
166 F	0.00017	0.99983	0
167 A	0.00053	0.99947	0
168 N	0.00136	0.99864	0
169 L	0.00304	0.99696	0
170 W	0.00953	0.99047	0
171 L	0.02105	0.97894	1e-05
172 I	0.11043	0.88954	3e-05
173 Y	0.57047	0.42930	0.00024
174 V	0.75318	0.24642	0.00041
175 K	0.96469	0.03447	0.00084
176 F	0.96775	0.03141	0.00085
177 F	0.97449	0.02467	0.00085
178 K	0.99198	0.00716	0.00085
179 W	0.99260	0.00655	0.00085
180 L	0.99293	0.00622	0.00085
181 G	0.99379	0.00536	0.00085
182 F	0.99542	0.00373	0.00085
183 S	0.99712	0.00203	0.00085
184 W	0.99775	0.00140	0.00086
185 F	0.99800	0.00114	0.00086
186 E	0.99905	0.00009	0.00086
187 K	0.99912	0.00001	0.00086
188 D	0.99913	0.00001	0.00087
189 F	0.99913	0.00001	0.00086
190 N	0.99913	0.00001	0.00086
191 K	0.99913	0.00001	0.00086
192 T	0.99912	0.00001	0.00086
193 I	0.99912	0.00001	0.00086
194 A	0.99912	0.00001	0.00086
195 K	0.99912	0.00001	0.00086
196 N	0.99912	0.00001	0.00086
197 N	0.99912	0.00001	0.00086
198 Y	0.99912	0.00001	0.00086
199 F	0.99912	0.00001	0.00086
200 L	0.99912	0.00001	0.00087
201 I	0.99912	0.00001	0.00087
202 S	0.99913	0.00000	0.00087
203 K	0.99913	0.00000	0.00087
204 Q	0.99913	0.00000	0.00087
205 Y	0.99913	0.00000	0.00087
206 Y	0.99913	0.00000	0.00087
207 E	0.99913	0.00000	0.00088
208 K	0.99913	0.00000	0.00088
209 Q	0.99913	0.00000	0.00088
210 N	0.99913	0.00000	0.00088
211 K	0.99913	0.00000	0.00088
212 Q	0.99913	0.00000	0.00088
213 E	0.99912	0.00000	0.00088
214 K	0.99910	0.00003	0.00088
215 K	0.99866	0.00047	0.00088
216 Q	0.96901	0.03016	0.00083
217 A	0.93354	0.06564	0.00082
218 K	0.90388	0.09531	0.00082
219 I	0.54719	0.45220	0.0006
220 N	0.43198	0.56748	0.00053
221 F	0.00847	0.99151	2e-05
222 I	0.00227	0.99773	0
223 I	0.00158	0.99841	0
224 W	0.00115	0.99884	0
225 Y	0.00115	0.99885	0
226 L	0.00115	0.99885	0
227 F	0.00115	0.99885	0
228 Y	0.00115	0.99885	0
229 S	0.00115	0.99885	0
230 Y	0.00115	0.99885	0
231 L	0.00115	0.99884	2e-05
232 L	0.00115	0.99863	0.00022
233 L	0.00115	0.99771	0.00114
234 K	0.00116	0.99136	0.00748
235 M	0.00116	0.99035	0.00849
236 L	0.00116	0.98875	0.01009
237 I	0.00117	0.97376	0.02507
238 F	0.00122	0.87553	0.12326
239 K	0.00200	0.04134	0.95667
240 S	0.00202	0.00000	0.99798
