# USQ93284.1
# AA	inside	membr	outside
1 M	0.59940	0.00000	0.4006
2 P	0.39999	0.19941	0.4006
3 Y	0.35407	0.24533	0.4006
4 L	0.35407	0.44924	0.19669
5 S	0.24146	0.69052	0.06802
6 V	0.24145	0.73808	0.02047
7 T	0.08990	0.89414	0.01596
8 Y	0.08989	0.89421	0.0159
9 M	0.05323	0.93091	0.01586
10 Y	0.05305	0.93336	0.01359
11 I	0.04667	0.94009	0.01323
12 N	0.03389	0.95288	0.01323
13 C	0.00352	0.98330	0.01317
14 V	0.00351	0.98331	0.01317
15 L	0.00351	0.98371	0.01278
16 I	0.00349	0.98373	0.01278
17 I	0.00349	0.98373	0.01278
18 L	0.00349	0.98373	0.01278
19 G	0.00351	0.98366	0.01283
20 V	0.00358	0.98293	0.01348
21 L	0.00391	0.98013	0.01596
22 F	0.02482	0.94894	0.02625
23 T	0.17177	0.74298	0.08525
24 T	0.28817	0.57708	0.13475
25 E	0.33367	0.23380	0.43252
26 K	0.37120	0.17054	0.45826
27 S	0.38094	0.15638	0.46268
28 I	0.38309	0.15240	0.46451
29 I	0.38579	0.14744	0.46677
30 D	0.38960	0.08453	0.52587
31 I	0.38963	0.08371	0.52666
32 F	0.38965	0.03854	0.57181
33 S	0.39032	0.01328	0.59641
34 E	0.39113	0.00350	0.60538
35 Q	0.39126	0.00143	0.60732
36 Y	0.39127	0.00021	0.60853
37 G	0.39127	0.00008	0.60865
38 N	0.39131	0.00001	0.60869
39 H	0.39131	0.00003	0.60866
40 R	0.39131	0.00004	0.60866
41 P	0.39130	0.00010	0.6086
42 D	0.39120	0.00064	0.60816
43 G	0.38376	0.01576	0.60048
44 S	0.37457	0.11998	0.50545
45 Q	0.34643	0.18856	0.46501
46 V	0.10118	0.71001	0.18881
47 V	0.04506	0.86517	0.08977
48 L	0.01646	0.93720	0.04634
49 N	0.01157	0.97064	0.01779
50 R	0.00671	0.98225	0.01105
51 F	0.00336	0.99354	0.0031
52 I	0.00214	0.99731	0.00056
53 F	0.00191	0.99759	0.0005
54 C	0.00188	0.99763	0.00048
55 L	0.00186	0.99768	0.00047
56 V	0.00186	0.99768	0.00047
57 C	0.00186	0.99768	0.00047
58 I	0.00186	0.99768	0.00047
59 Y	0.00186	0.99768	0.00047
60 F	0.00186	0.99767	0.00047
61 V	0.00195	0.99744	0.00062
62 N	0.00302	0.99564	0.00135
63 S	0.00407	0.99267	0.00326
64 F	0.01050	0.97696	0.01253
65 L	0.02167	0.95180	0.02653
66 Y	0.10922	0.79080	0.09998
67 L	0.29990	0.52083	0.17928
68 K	0.49196	0.18062	0.32742
69 N	0.56370	0.06073	0.37558
70 I	0.57480	0.04667	0.37852
71 L	0.58817	0.02637	0.38545
72 N	0.60663	0.00440	0.38897
73 T	0.61008	0.00000	0.38992
