# USQ93442.1
# AA	inside	membr	outside
1 M	0.99961	0.00000	0.00039
2 I	0.99961	0.00000	0.00039
3 N	0.99961	0.00000	0.00039
4 Y	0.99961	0.00000	0.00039
5 K	0.99961	0.00000	0.00039
6 K	0.99961	0.00000	0.00039
7 I	0.99955	0.00007	0.00039
8 S	0.99955	0.00007	0.00039
9 D	0.99949	0.00012	0.00039
10 N	0.99947	0.00014	0.00038
11 V	0.95005	0.04958	0.00037
12 F	0.23446	0.76518	0.00036
13 Y	0.01326	0.98638	0.00035
14 K	0.01325	0.98640	0.00035
15 W	0.01324	0.98675	0
16 F	0.00601	0.99399	0
17 F	0.00019	0.99981	0
18 I	0.00017	0.99983	0
19 I	0.00007	0.99993	0
20 L	0.00003	0.99997	0
21 N	0.00001	0.99999	0
22 D	0.00001	0.99999	0
23 F	0.00000	1.00000	0
24 L	0.00000	1.00000	0
25 L	0.00000	1.00000	0
26 A	0.00000	1.00000	0
27 F	0.00000	1.00000	0
28 A	0.00000	1.00000	0
29 I	0.00000	0.99998	2e-05
30 Y	0.00000	0.99960	0.0004
31 F	0.00000	0.99861	0.00138
32 F	0.00000	0.99430	0.0057
33 I	0.00002	0.98705	0.01294
34 L	0.00007	0.91801	0.08192
35 G	0.00035	0.20511	0.79455
36 P	0.00037	0.00738	0.99224
37 K	0.00037	0.00157	0.99805
38 L	0.00034	0.00148	0.99817
39 N	0.00024	0.00051	0.99925
40 N	0.00022	0.00022	0.99956
41 G	0.00006	0.00038	0.99956
42 G	0.00005	0.00039	0.99956
43 L	0.00004	0.00038	0.99957
44 D	0.00004	0.00038	0.99958
45 G	0.00004	0.00041	0.99955
46 L	0.00003	0.00042	0.99955
47 S	0.00002	0.00042	0.99955
48 L	0.00002	0.00043	0.99955
49 L	0.00002	0.00043	0.99955
50 T	0.00002	0.00043	0.99955
51 V	0.00002	0.00043	0.99955
52 Q	0.00002	0.00043	0.99955
53 I	0.00002	0.00043	0.99955
54 I	0.00002	0.00043	0.99955
55 K	0.00002	0.00042	0.99956
56 F	0.00002	0.00042	0.99956
57 V	0.00003	0.00031	0.99967
58 S	0.00003	0.00026	0.99971
59 C	0.00003	0.00012	0.99984
60 N	0.00004	0.00010	0.99986
61 K	0.00005	0.00008	0.99987
62 L	0.00005	0.00012	0.99983
63 L	0.00005	0.00020	0.99975
64 S	0.00006	0.00025	0.9997
65 E	0.00009	0.00179	0.99812
66 P	0.00008	0.04221	0.95771
67 H	0.00008	0.16119	0.83873
68 I	0.00006	0.28898	0.71096
69 F	0.00005	0.31674	0.68321
70 D	0.00005	0.35869	0.64126
71 L	0.00000	0.92222	0.07778
72 W	0.00000	0.99017	0.00983
73 I	0.00000	0.99761	0.00239
74 F	0.00000	0.99948	0.00053
75 I	0.00000	0.99983	0.00017
76 F	0.00000	0.99999	1e-05
77 V	0.00000	1.00000	0
78 L	0.00000	1.00000	0
79 F	0.00000	1.00000	0
80 Y	0.00000	1.00000	0
81 N	0.00002	0.99998	0
82 F	0.00003	0.99997	0
83 V	0.00006	0.99994	0
84 M	0.00020	0.99980	0
85 I	0.00037	0.99963	0
86 L	0.00104	0.99895	0
87 L	0.00195	0.99803	2e-05
88 S	0.04505	0.95492	3e-05
89 Y	0.15578	0.84418	4e-05
90 K	0.44655	0.55340	5e-05
91 F	0.46620	0.53374	6e-05
92 F	0.47566	0.52427	7e-05
93 G	0.51508	0.48484	7e-05
94 K	0.98856	0.01135	9e-05
95 D	0.99983	0.00008	9e-05
96 F	0.99318	0.00673	9e-05
97 C	0.99255	0.00736	9e-05
98 Q	0.98973	0.01019	8e-05
99 K	0.97639	0.02353	8e-05
100 T	0.46756	0.53238	6e-05
101 I	0.13329	0.86669	2e-05
102 F	0.00776	0.99223	1e-05
103 L	0.00144	0.99856	0
104 A	0.00070	0.99930	0
105 F	0.00007	0.99993	0
106 F	0.00004	0.99996	0
107 L	0.00004	0.99996	0
108 T	0.00004	0.99996	0
109 G	0.00003	0.99997	0
110 C	0.00001	0.99999	0
111 F	0.00001	0.99999	0
112 F	0.00001	0.99999	0
113 L	0.00000	1.00000	0
114 L	0.00000	0.99999	1e-05
115 N	0.00000	0.99995	5e-05
116 Y	0.00000	0.99982	0.00018
117 F	0.00000	0.99927	0.00072
118 I	0.00000	0.98327	0.01672
119 G	0.00001	0.85320	0.14679
120 I	0.00003	0.57806	0.42192
121 D	0.00009	0.28800	0.71192
122 S	0.00009	0.17754	0.82237
123 R	0.00009	0.01675	0.98316
124 K	0.00009	0.00087	0.99904
125 S	0.00009	0.00049	0.99942
126 F	0.00009	0.00049	0.99943
127 L	0.00009	0.00039	0.99952
128 S	0.00009	0.00026	0.99966
129 I	0.00009	0.00027	0.99964
130 I	0.00009	0.00029	0.99962
131 F	0.00009	0.00029	0.99962
132 I	0.00009	0.00022	0.99969
133 E	0.00009	0.00006	0.99985
134 L	0.00009	0.00007	0.99984
135 N	0.00009	0.00015	0.99976
136 K	0.00009	0.00016	0.99975
137 N	0.00009	0.00281	0.9971
138 D	0.00009	0.02012	0.97979
139 F	0.00008	0.10226	0.89766
140 K	0.00008	0.17164	0.82829
141 T	0.00003	0.52903	0.47094
142 F	0.00002	0.88186	0.11811
143 M	0.00001	0.97168	0.02832
144 I	0.00001	0.99090	0.00909
145 S	0.00001	0.99291	0.00708
146 S	0.00001	0.99644	0.00355
147 L	0.00001	0.99887	0.00112
148 L	0.00001	0.99936	0.00064
149 G	0.00001	0.99943	0.00056
150 G	0.00001	0.99946	0.00053
151 L	0.00001	0.99950	0.00049
152 L	0.00002	0.99950	0.00048
153 I	0.00004	0.99948	0.00048
154 G	0.00006	0.99946	0.00048
155 Y	0.00012	0.99940	0.00048
156 T	0.00082	0.99870	0.00048
157 L	0.00289	0.99663	0.00048
158 S	0.01563	0.98389	0.00049
159 N	0.04837	0.95114	0.00049
160 I	0.24452	0.75499	0.00049
161 R	0.68933	0.31013	0.00054
162 N	0.79154	0.20791	0.00054
163 L	0.80638	0.19308	0.00055
164 G	0.90383	0.09562	0.00055
165 Y	0.96917	0.03028	0.00055
166 N	0.99545	0.00399	0.00057
167 T	0.99632	0.00312	0.00057
168 G	0.99703	0.00241	0.00057
169 G	0.99820	0.00124	0.00057
170 M	0.99936	0.00008	0.00057
171 D	0.99942	0.00001	0.00057
172 V	0.99934	0.00010	0.00057
173 C	0.99932	0.00011	0.00057
174 Q	0.99917	0.00027	0.00057
175 K	0.99867	0.00076	0.00057
176 I	0.97988	0.01957	0.00055
177 L	0.97542	0.02404	0.00055
178 K	0.97494	0.02451	0.00055
179 D	0.95849	0.04097	0.00054
180 I	0.42451	0.57531	0.00019
181 C	0.14204	0.85780	0.00016
182 G	0.07646	0.92347	6e-05
183 I	0.04129	0.95867	4e-05
184 N	0.01820	0.98176	4e-05
185 F	0.00213	0.99787	1e-05
186 I	0.00016	0.99984	0
187 L	0.00012	0.99988	0
188 V	0.00012	0.99988	0
189 L	0.00012	0.99988	0
190 L	0.00012	0.99988	0
191 F	0.00012	0.99987	0
192 T	0.00012	0.99973	0.00015
193 D	0.00012	0.99970	0.00018
194 G	0.00012	0.99967	0.00021
195 M	0.00012	0.99965	0.00023
196 I	0.00012	0.99963	0.00025
197 V	0.00012	0.98934	0.01053
198 L	0.00012	0.96518	0.03471
199 F	0.00014	0.91164	0.08822
200 S	0.00022	0.83602	0.16376
201 S	0.00023	0.81049	0.18928
202 L	0.00023	0.64196	0.3578
203 I	0.00054	0.27534	0.72413
204 E	0.00056	0.01725	0.98218
205 D	0.00068	0.00254	0.99678
206 K	0.00068	0.00025	0.99906
207 D	0.00068	0.00051	0.9988
208 E	0.00068	0.01556	0.98376
209 L	0.00064	0.04066	0.9587
210 K	0.00063	0.04264	0.95672
211 I	0.00007	0.38153	0.61839
212 F	0.00002	0.75118	0.2488
213 F	0.00001	0.99580	0.00419
214 G	0.00000	0.99761	0.00238
215 R	0.00000	0.99780	0.00219
216 I	0.00000	0.99830	0.0017
217 F	0.00000	0.99836	0.00163
218 C	0.00000	0.99837	0.00163
219 S	0.00000	0.99837	0.00162
220 F	0.00000	0.99837	0.00162
221 L	0.00000	0.99837	0.00162
222 S	0.00000	0.99837	0.00162
223 L	0.00000	0.99837	0.00162
224 V	0.00000	0.99837	0.00162
225 I	0.00000	0.99837	0.00162
226 V	0.00004	0.99834	0.00162
227 G	0.00036	0.99801	0.00162
228 F	0.00081	0.99756	0.00162
229 V	0.01683	0.98152	0.00165
230 I	0.14432	0.85399	0.0017
231 E	0.80933	0.18843	0.00223
232 K	0.98577	0.01193	0.0023
233 R	0.99492	0.00278	0.0023
234 D	0.99695	0.00074	0.00231
235 V	0.99709	0.00060	0.00231
236 L	0.99758	0.00011	0.00231
237 E	0.99769	0.00000	0.00231
238 K	0.99769	0.00000	0.00231
239 N	0.99769	0.00000	0.00231
240 E	0.99769	0.00000	0.00231
241 K	0.99769	0.00000	0.00231
242 L	0.99769	0.00000	0.00231
243 L	0.99769	0.00000	0.00231
