# USQ93317.1
# AA	inside	membr	outside
1 M	0.24846	0.00000	0.75154
2 N	0.24846	0.00000	0.75154
3 K	0.24842	0.00004	0.75154
4 I	0.24842	0.06507	0.68651
5 S	0.20669	0.11793	0.67539
6 L	0.20669	0.11871	0.67461
7 R	0.19816	0.12745	0.67439
8 K	0.19816	0.12748	0.67437
9 I	0.02604	0.32569	0.64827
10 I	0.02585	0.97075	0.0034
11 I	0.02311	0.97517	0.00173
12 I	0.01484	0.98370	0.00147
13 S	0.01081	0.98814	0.00105
14 F	0.01081	0.98814	0.00105
15 L	0.01081	0.98910	0.0001
16 I	0.01080	0.98910	0.0001
17 S	0.01080	0.98910	0.0001
18 M	0.01080	0.98911	0.0001
19 S	0.01080	0.98910	9e-05
20 L	0.01081	0.98911	9e-05
21 I	0.01081	0.98910	9e-05
22 M	0.01163	0.98828	0.0001
23 E	0.01193	0.98750	0.00057
24 F	0.01229	0.98707	0.00064
25 I	0.01296	0.98502	0.00202
26 I	0.01410	0.98278	0.00313
27 T	0.08557	0.85108	0.06335
28 K	0.14395	0.70232	0.15374
29 P	0.14505	0.69845	0.15649
30 I	0.14627	0.69833	0.1554
31 F	0.14814	0.69514	0.15672
32 G	0.18718	0.59355	0.21927
33 H	0.75819	0.01728	0.22453
34 S	0.75943	0.01379	0.22678
35 C	0.76072	0.01005	0.22924
36 Q	0.76188	0.02435	0.21377
37 N	0.76031	0.05108	0.18861
38 S	0.75723	0.06219	0.18058
39 L	0.69070	0.15908	0.15022
40 I	0.68812	0.16341	0.14846
41 K	0.68740	0.16617	0.14644
42 L	0.68381	0.19489	0.1213
43 E	0.68085	0.19843	0.12072
44 L	0.33589	0.55253	0.11157
45 L	0.17627	0.71486	0.10887
46 P	0.17138	0.74335	0.08527
47 L	0.09671	0.85121	0.05208
48 L	0.07654	0.87533	0.04813
49 L	0.06671	0.88983	0.04345
50 I	0.06251	0.90023	0.03726
51 G	0.03102	0.96439	0.00459
52 F	0.01221	0.98464	0.00315
53 F	0.00799	0.98929	0.00272
54 F	0.01030	0.98771	0.00199
55 G	0.01855	0.97939	0.00206
56 F	0.03338	0.96413	0.00249
57 K	0.09164	0.89287	0.0155
58 Y	0.07931	0.90495	0.01574
59 S	0.07392	0.90875	0.01734
60 I	0.05642	0.92599	0.01758
61 L	0.02056	0.95880	0.02064
62 S	0.02707	0.92155	0.05138
63 N	0.01069	0.93413	0.05518
64 F	0.00559	0.93815	0.05626
65 L	0.00558	0.93686	0.05756
66 F	0.00408	0.93610	0.05982
67 V	0.00818	0.86384	0.12798
68 L	0.01178	0.78152	0.20671
69 I	0.03192	0.75358	0.2145
70 H	0.06331	0.64114	0.29556
71 I	0.06615	0.62662	0.30723
72 I	0.06995	0.60838	0.32167
73 L	0.07723	0.56948	0.35329
74 E	0.11961	0.17366	0.70672
75 S	0.12110	0.13238	0.74651
76 P	0.12164	0.12725	0.75111
77 H	0.12199	0.12609	0.75192
78 I	0.12208	0.12542	0.7525
79 F	0.12215	0.09059	0.78727
80 Q	0.12224	0.05039	0.82737
81 G	0.12228	0.02246	0.85525
82 S	0.12239	0.01416	0.86345
83 N	0.12245	0.01102	0.86653
84 L	0.12247	0.00675	0.87078
85 L	0.12255	0.00411	0.87333
86 Q	0.12277	0.00116	0.87606
87 E	0.12278	0.00086	0.87636
88 I	0.12277	0.00095	0.87628
89 N	0.12276	0.00024	0.877
90 H	0.12271	0.00079	0.87651
91 D	0.12264	0.00232	0.87504
92 K	0.12222	0.01468	0.86309
93 T	0.10859	0.50543	0.38598
94 L	0.07196	0.73399	0.19404
95 I	0.06721	0.81615	0.11664
96 T	0.04026	0.85931	0.10043
97 L	0.00764	0.91590	0.07645
98 I	0.00305	0.97551	0.02143
99 I	0.00115	0.99588	0.00297
100 G	0.00047	0.99838	0.00114
101 I	0.00010	0.99963	0.00027
102 L	0.00002	0.99992	6e-05
103 L	0.00001	0.99997	1e-05
104 F	0.00001	0.99998	0
105 L	0.00001	0.99999	0
106 F	0.00001	0.99999	0
107 I	0.00001	0.99999	0
108 I	0.00002	0.99998	0
109 P	0.00004	0.99995	1e-05
110 Y	0.00006	0.99992	2e-05
111 I	0.00092	0.99889	0.00019
112 V	0.00307	0.99514	0.00179
113 C	0.15901	0.83495	0.00603
114 S	0.28338	0.69348	0.02314
115 L	0.34122	0.63430	0.02448
116 T	0.61377	0.35708	0.02916
117 G	0.70362	0.26147	0.03491
118 L	0.74263	0.21970	0.03768
119 F	0.75777	0.15991	0.08232
120 R	0.78122	0.10004	0.11874
121 S	0.84470	0.03359	0.1217
122 S	0.87135	0.00650	0.12215
123 N	0.87615	0.00122	0.12262
124 S	0.87664	0.00060	0.12276
125 N	0.87719	0.00004	0.12277
126 N	0.87719	0.00003	0.12277
127 L	0.87720	0.00003	0.12277
128 C	0.87721	0.00002	0.12277
129 K	0.87721	0.00002	0.12277
130 N	0.87718	0.00005	0.12277
131 K	0.87677	0.00049	0.12274
132 D	0.86014	0.01874	0.12112
133 I	0.47802	0.46341	0.05858
134 V	0.27558	0.70092	0.0235
135 N	0.18096	0.79843	0.02061
136 S	0.06039	0.92339	0.01621
137 L	0.01016	0.98376	0.00608
138 L	0.00138	0.99621	0.00241
139 L	0.00022	0.99882	0.00096
140 I	0.00003	0.99976	0.00022
141 T	0.00002	0.99982	0.00016
142 V	0.00002	0.99987	0.00012
143 I	0.00001	0.99988	0.00011
144 Q	0.00001	0.99988	0.00011
145 I	0.00001	0.99988	0.00011
146 I	0.00001	0.99988	0.00011
147 S	0.00001	0.99988	0.00011
148 Y	0.00001	0.99986	0.00013
149 A	0.00001	0.99979	0.0002
150 V	0.00001	0.99967	0.00032
151 F	0.00009	0.99759	0.00231
152 S	0.00046	0.98959	0.00995
153 F	0.00102	0.98023	0.01874
154 V	0.00172	0.96595	0.03233
155 F	0.00531	0.92613	0.06856
156 Y	0.06877	0.42138	0.50985
157 P	0.10650	0.14226	0.75124
158 K	0.11227	0.04695	0.84078
159 I	0.11305	0.03341	0.85355
160 N	0.12104	0.00474	0.87422
161 S	0.12251	0.00031	0.87717
162 N	0.12265	0.00013	0.87722
163 H	0.12266	0.00011	0.87722
164 I	0.12266	0.00011	0.87723
165 L	0.12267	0.00008	0.87725
166 E	0.12267	0.00001	0.87732
167 H	0.12267	0.00001	0.87732
168 I	0.12267	0.00000	0.87732
169 F	0.12267	0.00000	0.87732
170 H	0.12267	0.00000	0.87732
171 D	0.12267	0.00000	0.87732
172 H	0.12267	0.00000	0.87732
173 D	0.12267	0.00000	0.87732
174 D	0.12267	0.00005	0.87728
175 R	0.12197	0.00445	0.87358
176 G	0.11677	0.01999	0.86325
177 N	0.10763	0.05292	0.83945
178 I	0.09683	0.21981	0.68335
179 A	0.08637	0.50366	0.40997
180 I	0.00967	0.96821	0.02211
181 F	0.00178	0.99200	0.00622
182 L	0.00090	0.99572	0.00339
183 Y	0.00026	0.99881	0.00093
184 F	0.00004	0.99981	0.00015
185 F	0.00000	0.99998	2e-05
186 V	0.00000	0.99999	1e-05
187 S	0.00000	0.99999	0
188 I	0.00000	1.00000	0
189 I	0.00000	1.00000	0
190 I	0.00000	1.00000	0
191 T	0.00000	1.00000	0
192 N	0.00000	1.00000	0
193 L	0.00000	1.00000	0
194 I	0.00001	0.99998	1e-05
195 I	0.00015	0.99978	8e-05
196 S	0.00128	0.99768	0.00104
197 I	0.00265	0.99594	0.0014
198 C	0.00976	0.98681	0.00343
199 I	0.01660	0.97721	0.00619
200 F	0.03741	0.94936	0.01323
201 F	0.17081	0.80715	0.02204
202 I	0.43967	0.52827	0.03207
203 K	0.86411	0.02022	0.11568
204 K	0.87546	0.00230	0.12224
205 F	0.87580	0.00183	0.12237
206 V	0.87643	0.00107	0.1225
207 K	0.87728	0.00005	0.12266
208 E	0.87732	0.00000	0.12268
209 N	0.87733	0.00000	0.12268
210 E	0.87733	0.00000	0.12268
211 I	0.87733	0.00000	0.12268
212 F	0.87733	0.00000	0.12268
213 Y	0.87733	0.00000	0.12268
214 F	0.87733	0.00000	0.12268
215 N	0.87733	0.00000	0.12268
216 L	0.87733	0.00000	0.12268
