# USQ93399.1
# AA	inside	membr	outside
1 M	0.99821	0.00000	0.00179
2 E	0.99821	0.00000	0.00179
3 K	0.99821	0.00000	0.00179
4 N	0.99821	0.00000	0.00179
5 K	0.99821	0.00000	0.00179
6 T	0.99821	0.00000	0.00179
7 K	0.99820	0.00001	0.00179
8 H	0.99820	0.00001	0.00179
9 N	0.99818	0.00003	0.00179
10 K	0.99818	0.00003	0.00179
11 K	0.99617	0.00204	0.00179
12 T	0.58605	0.41219	0.00176
13 Q	0.01601	0.98233	0.00166
14 F	0.01402	0.98432	0.00166
15 V	0.01400	0.98599	0
16 F	0.00225	0.99775	0
17 F	0.00009	0.99991	0
18 L	0.00008	0.99992	0
19 F	0.00005	0.99995	0
20 I	0.00000	1.00000	0
21 I	0.00000	1.00000	0
22 L	0.00000	1.00000	0
23 L	0.00000	1.00000	0
24 F	0.00000	1.00000	0
25 I	0.00000	1.00000	0
26 M	0.00000	1.00000	0
27 L	0.00000	1.00000	0
28 I	0.00000	0.99996	4e-05
29 L	0.00000	0.99914	0.00086
30 G	0.00000	0.98569	0.01431
31 F	0.00001	0.95883	0.04117
32 L	0.00004	0.92931	0.07066
33 T	0.00032	0.68825	0.31143
34 S	0.00035	0.51478	0.48487
35 D	0.00049	0.09552	0.90399
36 L	0.00050	0.00613	0.99337
37 L	0.00053	0.00509	0.99438
38 K	0.00179	0.00084	0.99737
39 L	0.00176	0.00051	0.99772
40 N	0.00176	0.00022	0.99802
41 N	0.00173	0.00104	0.99722
42 V	0.00163	0.09331	0.90506
43 W	0.00152	0.24631	0.75216
44 F	0.00094	0.63796	0.36109
45 L	0.00092	0.68278	0.3163
46 Q	0.00092	0.69027	0.3088
47 Q	0.00088	0.79464	0.20447
48 M	0.00085	0.84046	0.15869
49 E	0.00054	0.90020	0.09926
50 I	0.00002	0.98709	0.01288
51 F	0.00001	0.99212	0.00787
52 I	0.00001	0.99645	0.00354
53 G	0.00000	0.99748	0.00252
54 M	0.00000	0.99828	0.00172
55 L	0.00000	0.99862	0.00138
56 L	0.00000	0.99870	0.0013
57 L	0.00000	0.99877	0.00123
58 I	0.00000	0.99889	0.00111
59 S	0.00001	0.99897	0.00102
60 V	0.00005	0.99985	9e-05
61 I	0.00025	0.99969	5e-05
62 Y	0.00169	0.99824	7e-05
63 F	0.00402	0.99592	6e-05
64 F	0.01304	0.98689	7e-05
65 V	0.10869	0.89116	0.00014
66 L	0.28961	0.71006	0.00033
67 P	0.84944	0.14918	0.00138
68 E	0.92140	0.07699	0.0016
69 K	0.92650	0.07193	0.00157
70 F	0.92223	0.07705	0.00072
71 I	0.91717	0.08265	0.00017
72 I	0.92240	0.07743	0.00017
73 G	0.96784	0.03182	0.00034
74 G	0.97199	0.02767	0.00035
75 L	0.97499	0.02466	0.00035
76 E	0.97694	0.02270	0.00036
77 S	0.97740	0.02224	0.00036
78 N	0.97780	0.02184	0.00036
79 L	0.97791	0.02173	0.00036
80 I	0.97814	0.02151	0.00036
81 F	0.97844	0.02120	0.00036
82 L	0.98056	0.01908	0.00036
83 D	0.98588	0.01376	0.00036
84 Q	0.98595	0.01369	0.00036
85 I	0.98598	0.01365	0.00036
86 F	0.98602	0.01361	0.00037
87 F	0.98605	0.01350	0.00045
88 F	0.98617	0.01106	0.00277
89 D	0.98740	0.00069	0.01191
90 K	0.98750	0.00005	0.01245
91 K	0.98751	0.00001	0.01248
92 N	0.98751	0.00001	0.01248
93 Q	0.98751	0.00000	0.01248
94 K	0.98750	0.00001	0.01248
95 Q	0.98657	0.00095	0.01248
96 K	0.97776	0.00975	0.01248
97 Y	0.93478	0.05275	0.01247
98 F	0.72351	0.26404	0.01245
99 F	0.60472	0.38284	0.01244
100 S	0.58303	0.40452	0.01244
101 Q	0.57085	0.41671	0.01244
102 N	0.53318	0.45438	0.01244
103 N	0.49734	0.49024	0.01242
104 K	0.46760	0.51998	0.01242
105 I	0.05774	0.92989	0.01237
106 I	0.00400	0.98364	0.01236
107 I	0.00022	0.98743	0.01236
108 I	0.00010	0.98754	0.01236
109 R	0.00010	0.98755	0.01236
110 S	0.00007	0.98758	0.01236
111 L	0.00004	0.98760	0.01236
112 I	0.00004	0.98760	0.01236
113 L	0.00004	0.98748	0.01247
114 L	0.00004	0.98726	0.01269
115 F	0.00004	0.98700	0.01296
116 A	0.00004	0.98147	0.01848
117 V	0.00004	0.97381	0.02614
118 F	0.00005	0.91277	0.08718
119 N	0.00005	0.86069	0.13925
120 A	0.00007	0.83703	0.1629
121 F	0.00009	0.53107	0.46884
122 K	0.00014	0.21222	0.78763
123 E	0.00016	0.04815	0.95168
124 T	0.00017	0.03186	0.96797
125 P	0.00017	0.02377	0.97607
126 N	0.00015	0.06765	0.9322
127 A	0.00014	0.34473	0.65513
128 I	0.00011	0.40716	0.59273
129 K	0.00011	0.41586	0.58404
130 I	0.00009	0.75468	0.24523
131 L	0.00007	0.96761	0.03231
132 I	0.00007	0.99116	0.00876
133 S	0.00007	0.99272	0.00721
134 S	0.00007	0.99617	0.00376
135 V	0.00007	0.99816	0.00177
136 I	0.00007	0.99990	3e-05
137 F	0.00007	0.99993	1e-05
138 S	0.00007	0.99993	0
139 V	0.00007	0.99993	0
140 L	0.00007	0.99993	0
141 F	0.00007	0.99993	0
142 S	0.00009	0.99991	0
143 F	0.00013	0.99987	0
144 I	0.00049	0.99951	0
145 L	0.00530	0.99470	0
146 K	0.03105	0.96893	2e-05
147 I	0.03344	0.96654	2e-05
148 F	0.04403	0.95594	3e-05
149 N	0.12610	0.87386	4e-05
150 H	0.66071	0.33923	5e-05
151 Y	0.79443	0.20549	7e-05
152 N	0.83191	0.16800	9e-05
153 I	0.87974	0.12017	9e-05
154 K	0.99900	0.00090	0.0001
155 Q	0.99971	0.00019	0.0001
156 N	0.99972	0.00018	0.0001
157 L	0.99972	0.00018	0.0001
158 I	0.99975	0.00015	0.0001
159 L	0.99988	0.00002	0.0001
160 R	0.99990	0.00000	0.0001
161 K	0.99990	0.00000	0.0001
162 F	0.99990	0.00000	0.0001
163 P	0.99990	0.00000	0.0001
164 E	0.99990	0.00000	0.0001
165 F	0.99969	0.00021	0.0001
166 I	0.99964	0.00026	0.0001
167 Q	0.99964	0.00026	0.0001
168 K	0.99951	0.00039	0.0001
169 N	0.92675	0.07315	9e-05
170 I	0.24540	0.75454	5e-05
171 Y	0.11709	0.88289	2e-05
172 L	0.09917	0.90081	2e-05
173 R	0.08728	0.91270	2e-05
174 L	0.00704	0.99294	1e-05
175 F	0.00121	0.99878	1e-05
176 V	0.00047	0.99951	1e-05
177 S	0.00038	0.99960	1e-05
178 S	0.00009	0.99989	1e-05
179 I	0.00004	0.99994	1e-05
180 I	0.00004	0.99995	1e-05
181 T	0.00003	0.99995	1e-05
182 S	0.00003	0.99996	1e-05
183 L	0.00002	0.99996	1e-05
184 T	0.00002	0.99996	2e-05
185 L	0.00002	0.99994	3e-05
186 G	0.00002	0.99987	0.0001
187 I	0.00002	0.99916	0.00082
188 T	0.00002	0.98766	0.01232
189 C	0.00002	0.96953	0.03044
190 G	0.00002	0.95909	0.04089
191 A	0.00002	0.95354	0.04643
192 I	0.00003	0.89791	0.10206
193 F	0.00006	0.23390	0.76604
194 K	0.00010	0.03252	0.96738
195 N	0.00009	0.02040	0.97951
196 H	0.00009	0.01220	0.98771
197 Y	0.00007	0.00493	0.995
198 S	0.00006	0.00173	0.9982
199 T	0.00006	0.00140	0.99853
200 A	0.00005	0.00103	0.99891
201 G	0.00005	0.00029	0.99965
202 T	0.00005	0.00026	0.99968
203 E	0.00005	0.00029	0.99965
204 V	0.00005	0.00058	0.99937
205 I	0.00005	0.00074	0.9992
206 F	0.00005	0.00079	0.99915
207 M	0.00005	0.00147	0.99848
208 Y	0.00005	0.00177	0.99818
209 V	0.00005	0.00186	0.99808
210 A	0.00005	0.00216	0.99778
211 H	0.00005	0.00681	0.99313
212 L	0.00004	0.23200	0.76796
213 Y	0.00002	0.27053	0.72945
214 R	0.00004	0.28298	0.71698
215 W	0.00003	0.60133	0.39865
216 P	0.00003	0.71609	0.28387
217 L	0.00003	0.79451	0.20546
218 S	0.00003	0.85327	0.1467
219 T	0.00002	0.96401	0.03597
220 I	0.00001	0.98519	0.01481
221 L	0.00001	0.99480	0.00519
222 F	0.00001	0.99920	0.0008
223 I	0.00001	0.99989	0.0001
224 I	0.00001	0.99997	2e-05
225 D	0.00004	0.99994	2e-05
226 G	0.00004	0.99994	1e-05
227 S	0.00005	0.99993	1e-05
228 A	0.00006	0.99993	1e-05
229 I	0.00006	0.99993	1e-05
230 L	0.00012	0.99987	1e-05
231 L	0.00027	0.99972	1e-05
232 S	0.00116	0.99883	1e-05
233 F	0.00197	0.99801	1e-05
234 I	0.01182	0.98816	1e-05
235 M	0.24413	0.75584	3e-05
236 N	0.28699	0.71295	5e-05
237 L	0.30813	0.69182	6e-05
238 S	0.63875	0.36117	8e-05
239 R	0.76226	0.23765	8e-05
240 S	0.81640	0.18351	9e-05
241 I	0.88079	0.11912	9e-05
242 K	0.99715	0.00276	0.0001
243 K	0.99988	0.00002	0.0001
244 N	0.99990	0.00000	0.0001
245 N	0.99990	0.00000	0.0001
246 K	0.99990	0.00000	0.0001
247 K	0.99990	0.00000	0.0001
248 N	0.99990	0.00000	0.0001
249 I	0.99990	0.00000	0.0001
250 N	0.99990	0.00000	0.0001
251 N	0.99990	0.00000	0.0001
252 K	0.99990	0.00000	0.0001
253 K	0.99990	0.00000	0.0001
254 N	0.99982	0.00008	0.0001
255 S	0.99762	0.00228	0.0001
256 S	0.99179	0.00812	0.0001
257 N	0.96151	0.03840	9e-05
258 T	0.93611	0.06380	9e-05
259 R	0.90237	0.09754	9e-05
260 N	0.75984	0.24008	8e-05
261 V	0.37610	0.62386	4e-05
262 V	0.03331	0.96668	1e-05
263 I	0.02577	0.97422	1e-05
264 K	0.02458	0.97541	1e-05
265 Y	0.00572	0.99428	0
266 F	0.00138	0.99861	0
267 F	0.00012	0.99988	0
268 S	0.00010	0.99990	0
269 I	0.00009	0.99991	0
270 L	0.00009	0.99991	0
271 I	0.00009	0.99991	0
272 F	0.00009	0.99991	0
273 L	0.00009	0.99990	1e-05
274 I	0.00009	0.99988	3e-05
275 T	0.00009	0.99964	0.00027
276 I	0.00009	0.99905	0.00086
277 S	0.00009	0.99669	0.00322
278 I	0.00009	0.99206	0.00784
279 I	0.00009	0.95021	0.04969
280 R	0.00011	0.71885	0.28104
281 F	0.00012	0.64279	0.35709
282 R	0.00015	0.52034	0.47951
283 T	0.00015	0.46506	0.53479
284 I	0.00016	0.29359	0.70625
285 K	0.00018	0.00034	0.99947
286 E	0.00018	0.00002	0.9998
287 I	0.00018	0.00000	0.99981
