# USQ93337.1
# AA	inside	membr	outside
1 M	0.81611	0.00000	0.18389
2 I	0.81611	0.00000	0.18389
3 N	0.81611	0.00000	0.18389
4 T	0.81611	0.00000	0.18389
5 K	0.81611	0.00000	0.18389
6 K	0.81611	0.00000	0.18389
7 K	0.81401	0.00211	0.18388
8 I	0.81401	0.00212	0.18387
9 K	0.80723	0.00893	0.18383
10 I	0.78644	0.20049	0.01308
11 F	0.69746	0.29210	0.01044
12 G	0.50751	0.48299	0.0095
13 L	0.00143	0.99437	0.00421
14 Y	0.00141	0.99439	0.00421
15 P	0.00141	0.99858	1e-05
16 I	0.00040	0.99959	1e-05
17 I	0.00006	0.99993	1e-05
18 F	0.00005	0.99994	0
19 L	0.00003	0.99997	0
20 I	0.00000	1.00000	0
21 L	0.00000	1.00000	0
22 F	0.00000	1.00000	0
23 F	0.00000	1.00000	0
24 I	0.00000	1.00000	0
25 L	0.00000	0.99999	0
26 I	0.00005	0.99994	1e-05
27 C	0.00054	0.99919	0.00027
28 N	0.00601	0.99355	0.00044
29 I	0.00659	0.99293	0.00048
30 Y	0.01077	0.98839	0.00085
31 Y	0.01459	0.98339	0.00201
32 I	0.02144	0.96686	0.0117
33 Q	0.16848	0.29029	0.54123
34 S	0.17166	0.22554	0.6028
35 F	0.17597	0.14946	0.67456
36 P	0.18216	0.00842	0.80942
37 V	0.18221	0.00695	0.81084
38 N	0.18384	0.00014	0.81602
39 E	0.18388	0.00001	0.81611
40 R	0.18389	0.00000	0.81611
41 K	0.18388	0.00001	0.81611
42 N	0.18387	0.00016	0.81597
43 I	0.18362	0.00631	0.81006
44 T	0.18242	0.00923	0.80835
45 E	0.14048	0.06576	0.79376
46 Q	0.13317	0.09865	0.76817
47 L	0.11668	0.69848	0.18483
48 W	0.07860	0.79157	0.12983
49 N	0.05874	0.82464	0.11662
50 S	0.05465	0.92605	0.01929
51 F	0.01314	0.97397	0.01288
52 L	0.00276	0.99560	0.00164
53 T	0.00021	0.99892	0.00087
54 S	0.00010	0.99935	0.00055
55 L	0.00006	0.99984	0.0001
56 F	0.00005	0.99988	7e-05
57 F	0.00005	0.99989	7e-05
58 I	0.00004	0.99989	7e-05
59 M	0.00004	0.99989	7e-05
60 I	0.00005	0.99989	7e-05
61 F	0.00005	0.99988	7e-05
62 G	0.00009	0.99981	0.0001
63 I	0.00014	0.99799	0.00187
64 G	0.00027	0.99680	0.00293
65 L	0.00098	0.99518	0.00384
66 N	0.03216	0.96054	0.0073
67 F	0.04323	0.94814	0.00864
68 I	0.11490	0.82599	0.05911
69 G	0.17635	0.67395	0.1497
70 N	0.78798	0.04321	0.16881
71 K	0.80857	0.01286	0.17857
72 I	0.74251	0.20061	0.05688
73 P	0.71201	0.23689	0.0511
74 F	0.23779	0.71903	0.04318
75 F	0.19700	0.76269	0.04031
76 N	0.13006	0.82878	0.04116
77 K	0.12329	0.83855	0.03816
78 L	0.01564	0.96551	0.01885
79 G	0.01202	0.97604	0.01195
80 L	0.00700	0.98441	0.0086
81 G	0.00308	0.98835	0.00857
82 F	0.00195	0.98950	0.00856
83 L	0.00191	0.98954	0.00856
84 L	0.00191	0.98954	0.00856
85 C	0.00191	0.98954	0.00856
86 I	0.00191	0.98954	0.00856
87 L	0.00191	0.98953	0.00857
88 I	0.00191	0.98950	0.00859
89 P	0.00192	0.98888	0.0092
90 S	0.00195	0.98804	0.01001
91 F	0.00196	0.98572	0.01231
92 L	0.00212	0.95224	0.04563
93 V	0.00257	0.89936	0.09807
94 Y	0.00672	0.46633	0.52696
95 K	0.15790	0.19015	0.65196
96 K	0.17078	0.08386	0.74536
97 I	0.17138	0.07833	0.75029
98 I	0.17285	0.07141	0.75575
99 C	0.17578	0.05390	0.77032
100 E	0.17683	0.05091	0.77226
101 E	0.17702	0.00405	0.81893
102 I	0.17703	0.00345	0.81951
103 H	0.17725	0.00087	0.82189
104 E	0.17726	0.00025	0.82249
105 K	0.17726	0.00001	0.82274
106 L	0.17720	0.00008	0.82272
107 K	0.17717	0.00016	0.82268
108 F	0.17712	0.00672	0.81616
109 F	0.17685	0.00945	0.8137
110 I	0.17652	0.00992	0.81356
111 F	0.17648	0.01019	0.81333
112 E	0.17647	0.01052	0.81302
113 K	0.17629	0.01223	0.81147
114 K	0.16427	0.05476	0.78097
115 G	0.02007	0.71319	0.26674
116 I	0.01048	0.90991	0.0796
117 N	0.00860	0.95699	0.03442
118 F	0.00745	0.97975	0.0128
119 A	0.00725	0.98174	0.01102
120 K	0.00722	0.98284	0.00995
121 I	0.00710	0.99051	0.00238
122 F	0.00708	0.99184	0.00108
123 I	0.00708	0.99188	0.00104
124 V	0.00708	0.99188	0.00104
125 V	0.00708	0.99188	0.00104
126 V	0.00719	0.99177	0.00104
127 V	0.00753	0.99141	0.00106
128 T	0.00857	0.99036	0.00107
129 G	0.00871	0.99017	0.00112
130 S	0.00931	0.98952	0.00117
131 I	0.01305	0.98577	0.00119
132 L	0.01463	0.97402	0.01135
133 N	0.02027	0.91132	0.06841
134 I	0.14180	0.77774	0.08046
135 E	0.74963	0.09897	0.1514
136 R	0.78662	0.05837	0.15501
137 N	0.78873	0.04615	0.16511
138 L	0.79391	0.03628	0.16982
139 L	0.79581	0.03352	0.17067
140 K	0.82767	0.00121	0.17112
141 R	0.82128	0.00764	0.17108
142 V	0.79643	0.03466	0.16891
143 I	0.78615	0.04557	0.16828
144 I	0.78283	0.05357	0.1636
145 K	0.77706	0.05994	0.163
146 F	0.15828	0.72291	0.11881
147 I	0.01441	0.94196	0.04364
148 P	0.00431	0.95860	0.03709
149 L	0.00236	0.99409	0.00354
150 S	0.00171	0.99562	0.00267
151 L	0.00019	0.99864	0.00117
152 L	0.00008	0.99969	0.00023
153 T	0.00004	0.99986	9e-05
154 I	0.00001	0.99999	0
155 L	0.00000	0.99999	0
156 I	0.00000	0.99999	0
157 S	0.00000	0.99999	0
158 F	0.00000	0.99999	1e-05
159 L	0.00000	0.99997	3e-05
160 A	0.00001	0.99985	0.00015
161 T	0.00004	0.99925	0.0007
162 G	0.00009	0.99830	0.00161
163 F	0.00010	0.99763	0.00226
164 L	0.00018	0.98890	0.01092
165 G	0.00121	0.96067	0.03813
166 Y	0.00168	0.93960	0.05872
167 L	0.00640	0.92019	0.07341
168 L	0.00972	0.88605	0.10423
169 S	0.08075	0.22810	0.69114
170 Y	0.14835	0.04102	0.81063
171 K	0.16836	0.00325	0.82839
172 P	0.17116	0.00017	0.82867
173 D	0.17121	0.00005	0.82875
174 S	0.17120	0.00004	0.82876
175 L	0.17117	0.00007	0.82876
176 I	0.17107	0.00017	0.82876
177 K	0.17106	0.00016	0.82878
178 K	0.17101	0.00022	0.82877
179 S	0.17014	0.00121	0.82865
180 R	0.16711	0.00441	0.82849
181 G	0.07789	0.10389	0.81822
182 P	0.06031	0.13130	0.80839
183 F	0.05067	0.25670	0.69263
184 I	0.04887	0.27556	0.67557
185 D	0.04838	0.27690	0.67473
186 S	0.04338	0.28481	0.67181
187 I	0.03590	0.29892	0.66518
188 L	0.03105	0.30852	0.66043
189 F	0.02908	0.31103	0.65988
190 I	0.02897	0.31120	0.65982
191 S	0.02897	0.31121	0.65982
192 I	0.02897	0.31122	0.65981
193 P	0.02897	0.31121	0.65982
194 L	0.02896	0.31120	0.65983
195 T	0.02897	0.31114	0.65989
196 N	0.02897	0.31072	0.66031
197 G	0.02898	0.31041	0.66061
198 G	0.02903	0.30957	0.66141
199 T	0.02921	0.30691	0.66388
200 N	0.02930	0.30292	0.66778
201 L	0.02959	0.30069	0.66972
202 G	0.03017	0.29554	0.67429
203 I	0.03411	0.28548	0.68042
204 N	0.05239	0.17834	0.76927
205 S	0.07979	0.14135	0.77886
206 L	0.17121	0.04240	0.78639
207 A	0.19284	0.01325	0.79391
208 E	0.19695	0.00611	0.79694
209 H	0.19744	0.00502	0.79753
210 P	0.19775	0.00360	0.79865
211 Y	0.19784	0.00146	0.8007
212 K	0.19792	0.00001	0.80206
213 E	0.19793	0.00000	0.80207
214 C	0.19793	0.00000	0.80207
215 C	0.19793	0.00000	0.80207
216 D	0.19793	0.00000	0.80207
217 I	0.19793	0.00000	0.80207
218 K	0.19793	0.00000	0.80207
219 K	0.19793	0.00000	0.80207
220 N	0.19792	0.00001	0.80207
221 K	0.19790	0.00004	0.80206
222 L	0.19717	0.00099	0.80185
223 K	0.19661	0.00182	0.80157
224 S	0.17132	0.05270	0.77599
225 I	0.10334	0.39475	0.50191
226 F	0.00777	0.86566	0.12656
227 L	0.00229	0.91895	0.07876
228 A	0.00190	0.92680	0.07131
229 P	0.00173	0.93382	0.06444
230 L	0.00047	0.99504	0.00449
231 I	0.00033	0.99941	0.00026
232 L	0.00032	0.99965	3e-05
233 A	0.00032	0.99966	2e-05
234 R	0.00032	0.99966	1e-05
235 C	0.00032	0.99967	1e-05
236 L	0.00032	0.99967	1e-05
237 S	0.00032	0.99967	1e-05
238 I	0.00032	0.99967	1e-05
239 F	0.00032	0.99967	1e-05
240 L	0.00032	0.99967	1e-05
241 A	0.00032	0.99965	3e-05
242 G	0.00035	0.99938	0.00027
243 S	0.00059	0.99874	0.00067
244 L	0.00097	0.99774	0.00128
245 Y	0.00280	0.99421	0.003
246 L	0.00431	0.99047	0.00523
247 V	0.03519	0.93684	0.02796
248 F	0.29665	0.61140	0.09195
249 N	0.72786	0.08085	0.19129
250 K	0.80132	0.00111	0.19756
251 T	0.80189	0.00051	0.19759
252 K	0.80220	0.00019	0.19761
253 Y	0.80232	0.00006	0.19761
254 S	0.80237	0.00001	0.19761
255 G	0.80238	0.00001	0.19761
256 K	0.80238	0.00000	0.19761
257 G	0.80238	0.00000	0.19761
258 Y	0.80238	0.00000	0.19761
259 L	0.80238	0.00000	0.19761
260 E	0.80238	0.00000	0.19761
261 K	0.80238	0.00000	0.19761
262 Q	0.80238	0.00000	0.19761
263 K	0.80238	0.00000	0.19761
264 Q	0.80238	0.00000	0.19761
265 N	0.80238	0.00000	0.19761
266 N	0.80238	0.00000	0.19761
267 I	0.80238	0.00000	0.19761
268 V	0.80237	0.00001	0.19761
269 K	0.80237	0.00001	0.19761
270 N	0.80236	0.00002	0.19761
271 I	0.80231	0.00008	0.19761
272 S	0.80229	0.00010	0.19761
273 E	0.80227	0.00011	0.19761
274 D	0.80223	0.00018	0.19758
275 V	0.80011	0.00248	0.1974
276 L	0.79528	0.00740	0.19732
277 D	0.79497	0.00772	0.1973
278 Y	0.79225	0.01060	0.19714
279 K	0.79027	0.01266	0.19707
280 N	0.67019	0.15946	0.17035
281 I	0.28323	0.59924	0.11753
282 G	0.14883	0.74234	0.10882
283 I	0.12980	0.76580	0.1044
284 R	0.12182	0.77460	0.10358
285 L	0.01789	0.88133	0.10078
286 L	0.00361	0.89610	0.10029
287 I	0.00069	0.89910	0.10021
288 I	0.00044	0.89936	0.1002
289 L	0.00041	0.89938	0.10021
290 G	0.00041	0.89938	0.10021
291 I	0.00041	0.89937	0.10021
292 Y	0.00041	0.89936	0.10023
293 S	0.00042	0.89927	0.10031
294 L	0.00043	0.89885	0.10072
295 C	0.00066	0.89526	0.10408
296 N	0.00135	0.89019	0.10846
297 M	0.00224	0.88857	0.10919
298 I	0.00374	0.88453	0.11173
299 N	0.01081	0.68706	0.30213
300 K	0.01238	0.62823	0.35939
301 I	0.01336	0.61242	0.37422
302 L	0.01461	0.59722	0.38816
303 S	0.04906	0.50896	0.44198
304 F	0.08970	0.22619	0.68411
305 K	0.09774	0.00525	0.89701
306 D	0.09781	0.00018	0.90201
307 K	0.09776	0.00020	0.90204
308 T	0.09530	0.04085	0.86384
309 F	0.08063	0.12706	0.7923
310 G	0.06652	0.18975	0.74372
311 L	0.06259	0.21412	0.72329
312 D	0.06227	0.23124	0.70649
313 T	0.05873	0.66915	0.27213
314 M	0.04860	0.90792	0.04348
315 V	0.00510	0.98918	0.00573
316 Y	0.00024	0.99839	0.00136
317 I	0.00008	0.99978	0.00014
318 I	0.00006	0.99993	1e-05
319 F	0.00006	0.99994	0
320 V	0.00006	0.99994	0
321 S	0.00006	0.99994	0
322 L	0.00006	0.99994	0
323 I	0.00006	0.99994	0
324 I	0.00006	0.99994	0
325 A	0.00006	0.99994	0
326 G	0.00008	0.99990	2e-05
327 S	0.00015	0.99977	7e-05
328 L	0.00029	0.99957	0.00013
329 Y	0.00077	0.99885	0.00038
330 L	0.00160	0.99759	0.00081
331 V	0.05566	0.94049	0.00385
332 F	0.20028	0.77875	0.02097
333 N	0.72801	0.19403	0.07797
334 K	0.89001	0.01333	0.09666
335 T	0.89227	0.01062	0.09711
336 K	0.90125	0.00123	0.09751
337 Y	0.90183	0.00063	0.09754
338 S	0.90216	0.00012	0.09773
339 G	0.90220	0.00005	0.09776
340 K	0.90224	0.00000	0.09777
341 G	0.90224	0.00000	0.09777
342 H	0.90224	0.00000	0.09777
343 L	0.90224	0.00000	0.09777
344 E	0.90224	0.00000	0.09777
345 K	0.90224	0.00000	0.09777
346 Q	0.90224	0.00000	0.09777
347 N	0.90224	0.00000	0.09777
348 N	0.90224	0.00000	0.09777
349 I	0.90224	0.00000	0.09777
350 V	0.90224	0.00000	0.09777
351 K	0.90223	0.00001	0.09777
352 N	0.90171	0.00054	0.09776
353 I	0.88153	0.02074	0.09773
354 Y	0.87607	0.02621	0.09773
355 K	0.87589	0.02643	0.09768
356 N	0.87264	0.03175	0.09561
357 V	0.85835	0.04834	0.09331
358 L	0.84246	0.06520	0.09234
359 D	0.84122	0.06681	0.09197
360 Y	0.83114	0.08022	0.08864
361 K	0.82043	0.09220	0.08738
362 N	0.71689	0.22881	0.0543
363 I	0.28842	0.69458	0.01699
364 G	0.02187	0.97342	0.00471
365 I	0.00537	0.99371	0.00093
366 G	0.00290	0.99652	0.00058
367 L	0.00042	0.99936	0.00022
368 L	0.00011	0.99971	0.00017
369 I	0.00004	0.99980	0.00016
370 I	0.00003	0.99980	0.00016
371 L	0.00003	0.99978	0.00018
372 G	0.00003	0.99973	0.00023
373 I	0.00003	0.99971	0.00026
374 Y	0.00004	0.99962	0.00034
375 Y	0.00007	0.99921	0.00072
376 L	0.00018	0.97431	0.02551
377 C	0.00062	0.95192	0.04746
378 N	0.00506	0.94408	0.05087
379 M	0.01263	0.93514	0.05224
380 I	0.01729	0.92793	0.05479
381 N	0.02014	0.86695	0.11291
382 Q	0.02200	0.85219	0.12581
383 I	0.02322	0.84102	0.13577
384 L	0.02545	0.81960	0.15495
385 S	0.06416	0.68557	0.25028
386 F	0.08717	0.28253	0.63031
387 K	0.09753	0.00061	0.90186
388 D	0.09761	0.00007	0.90232
389 K	0.09713	0.00293	0.89994
390 T	0.07445	0.32617	0.59939
391 F	0.02649	0.53483	0.43869
392 G	0.02239	0.54890	0.42872
393 L	0.02037	0.56407	0.41556
394 D	0.01986	0.60291	0.37723
395 T	0.01727	0.86940	0.11333
396 M	0.01017	0.98289	0.00694
397 V	0.00235	0.99463	0.00303
398 Y	0.00114	0.99660	0.00225
399 I	0.00100	0.99736	0.00164
400 I	0.00099	0.99738	0.00163
401 F	0.00099	0.99738	0.00163
402 V	0.00099	0.99738	0.00163
403 S	0.00099	0.99738	0.00163
404 L	0.00099	0.99738	0.00163
405 I	0.00100	0.99736	0.00163
406 I	0.00113	0.99722	0.00165
407 K	0.00210	0.99596	0.00195
408 V	0.00265	0.99536	0.002
409 F	0.00448	0.99299	0.00252
410 N	0.02004	0.97247	0.00749
411 L	0.02757	0.96412	0.00832
412 I	0.05871	0.93048	0.01081
413 P	0.53538	0.42707	0.03755
414 D	0.88878	0.02049	0.09074
415 E	0.89964	0.00557	0.09478
416 Y	0.89997	0.00464	0.09539
417 Q	0.90055	0.00182	0.09763
418 K	0.89979	0.00239	0.09783
419 Y	0.74856	0.16298	0.08846
420 V	0.71734	0.19458	0.08808
421 V	0.71468	0.19737	0.08796
422 Q	0.71429	0.19856	0.08716
423 T	0.71043	0.20388	0.08569
424 G	0.67760	0.23706	0.08534
425 K	0.62818	0.28654	0.08528
426 F	0.42206	0.49672	0.08122
427 M	0.41997	0.51291	0.06712
428 S	0.41446	0.55261	0.03293
429 I	0.40790	0.56224	0.02986
430 N	0.40409	0.56852	0.02739
431 F	0.39296	0.58446	0.02259
432 T	0.39090	0.59028	0.01882
433 A	0.38054	0.60647	0.01298
434 P	0.37852	0.60876	0.01272
435 A	0.37757	0.61039	0.01204
436 L	0.37739	0.61061	0.012
437 V	0.37741	0.61009	0.01251
438 A	0.37750	0.60045	0.02205
439 L	0.37766	0.59246	0.02987
440 G	0.37792	0.58778	0.0343
441 L	0.37892	0.57935	0.04174
442 D	0.39003	0.41651	0.19347
443 T	0.39050	0.34484	0.26466
444 D	0.39104	0.31112	0.29784
445 F	0.39123	0.30773	0.30104
446 Q	0.39258	0.29523	0.3122
447 I	0.39226	0.29119	0.31655
448 L	0.39216	0.22613	0.3817
449 L	0.39546	0.10427	0.50028
450 S	0.40845	0.08826	0.50329
451 G	0.44651	0.04870	0.5048
452 I	0.44478	0.05270	0.50252
453 T	0.45259	0.03551	0.51191
454 N	0.44271	0.03337	0.52393
455 Y	0.39339	0.09527	0.51134
456 R	0.35799	0.27762	0.36439
457 I	0.09271	0.74719	0.1601
458 I	0.05166	0.92622	0.02212
459 F	0.01961	0.97236	0.00802
460 M	0.01354	0.98195	0.00451
461 V	0.00366	0.99499	0.00135
462 F	0.00021	0.99902	0.00077
463 V	0.00007	0.99978	0.00014
464 S	0.00007	0.99982	0.00011
465 L	0.00010	0.99983	7e-05
466 M	0.00017	0.99976	7e-05
467 T	0.00024	0.99969	7e-05
468 A	0.00027	0.99966	6e-05
469 I	0.00030	0.99963	7e-05
470 T	0.00034	0.99931	0.00035
471 V	0.00027	0.99926	0.00046
472 S	0.00030	0.99876	0.00093
473 F	0.00032	0.99851	0.00118
474 Y	0.00103	0.99689	0.00208
475 L	0.00459	0.98680	0.0086
476 A	0.01516	0.97196	0.01289
477 L	0.02055	0.94365	0.03581
478 L	0.04264	0.86114	0.09622
479 F	0.17732	0.66250	0.16018
480 N	0.40006	0.19592	0.40401
481 F	0.50326	0.06837	0.42838
482 N	0.52818	0.01568	0.45614
483 P	0.52689	0.01903	0.45408
484 L	0.52243	0.04166	0.43592
485 E	0.51908	0.04456	0.43636
486 S	0.38334	0.19660	0.42006
487 S	0.28857	0.31670	0.39473
488 L	0.26486	0.36498	0.37015
489 I	0.26084	0.41982	0.31934
490 L	0.25679	0.42493	0.31828
491 G	0.25315	0.43001	0.31683
492 I	0.25180	0.43214	0.31606
493 S	0.25182	0.43206	0.31612
494 S	0.25184	0.43203	0.31612
495 H	0.25184	0.43198	0.31617
496 S	0.25184	0.43194	0.31622
497 I	0.25183	0.43195	0.31622
498 G	0.25183	0.43180	0.31637
499 S	0.25185	0.43127	0.31688
500 T	0.25189	0.43058	0.31753
501 G	0.25202	0.42988	0.3181
502 N	0.25242	0.42928	0.31829
503 I	0.25261	0.42892	0.31846
504 G	0.25320	0.42469	0.32211
505 V	0.25383	0.41813	0.32803
506 M	0.26816	0.37421	0.35763
507 S	0.32549	0.30956	0.36495
508 I	0.33404	0.29612	0.36983
509 S	0.37819	0.12372	0.49809
510 N	0.38767	0.02896	0.58337
511 R	0.38886	0.01855	0.59259
512 M	0.35021	0.11051	0.53928
513 Y	0.17385	0.42164	0.40452
514 L	0.08303	0.66778	0.24919
515 L	0.00960	0.90932	0.08108
516 P	0.00731	0.91964	0.07305
517 F	0.00415	0.93200	0.06385
518 A	0.00330	0.96027	0.03643
519 I	0.00071	0.99522	0.00408
520 I	0.00002	0.99987	0.00011
521 I	0.00001	0.99995	4e-05
522 T	0.00002	0.99995	4e-05
523 R	0.00002	0.99996	3e-05
524 I	0.00002	0.99996	3e-05
525 T	0.00002	0.99995	3e-05
526 G	0.00002	0.99995	3e-05
527 I	0.00002	0.99995	3e-05
528 F	0.00002	0.99992	6e-05
529 I	0.00003	0.99991	7e-05
530 F	0.00008	0.99952	0.0004
531 I	0.00065	0.99723	0.00212
532 F	0.00388	0.98290	0.01322
533 S	0.02128	0.92041	0.05831
534 S	0.03296	0.89241	0.07463
535 F	0.07222	0.82393	0.10385
536 Y	0.18861	0.57977	0.23163
537 F	0.35612	0.32664	0.31723
538 Y	0.60041	0.00000	0.39958
