# USQ93206.1
# AA	inside	membr	outside
1 M	0.99580	0.00000	0.00421
2 E	0.99580	0.00000	0.00421
3 I	0.99580	0.00000	0.00421
4 I	0.99580	0.00000	0.00421
5 N	0.99579	0.00000	0.00421
6 I	0.99579	0.00000	0.00421
7 K	0.99578	0.00001	0.00421
8 N	0.99578	0.00001	0.00421
9 K	0.99513	0.00067	0.00421
10 S	0.99501	0.00080	0.00419
11 F	0.97212	0.02370	0.00419
12 L	0.62642	0.36939	0.00419
13 K	0.59043	0.40541	0.00417
14 S	0.59018	0.40565	0.00417
15 I	0.59018	0.40895	0.00088
16 H	0.56777	0.43135	0.00088
17 P	0.52188	0.47727	0.00085
18 S	0.52047	0.47873	0.0008
19 L	0.47412	0.52516	0.00072
20 K	0.45309	0.54629	0.00062
21 I	0.00359	0.99580	0.00062
22 I	0.00053	0.99888	0.00059
23 L	0.00009	0.99931	0.00059
24 F	0.00007	0.99933	0.00059
25 I	0.00006	0.99934	0.00059
26 L	0.00006	0.99934	0.00059
27 I	0.00006	0.99934	0.00059
28 F	0.00006	0.99929	0.00064
29 K	0.00007	0.99808	0.00185
30 I	0.00007	0.99793	0.002
31 I	0.00007	0.99738	0.00255
32 F	0.00007	0.99292	0.00702
33 S	0.00017	0.97631	0.02353
34 L	0.00020	0.93500	0.06481
35 N	0.00050	0.57611	0.4234
36 L	0.00089	0.54147	0.45765
37 D	0.00311	0.48506	0.51183
38 L	0.00356	0.47704	0.51941
39 N	0.00360	0.15715	0.83925
40 A	0.00364	0.11450	0.88187
41 K	0.00364	0.02922	0.96714
42 L	0.00364	0.02865	0.96771
43 T	0.00366	0.03251	0.96383
44 L	0.00366	0.01135	0.98499
45 Q	0.00367	0.01088	0.98545
46 K	0.00363	0.02114	0.97523
47 Q	0.00340	0.07552	0.92107
48 L	0.00153	0.43346	0.56501
49 F	0.00037	0.83737	0.16226
50 Y	0.00019	0.94396	0.05584
51 F	0.00008	0.97998	0.01995
52 S	0.00007	0.98089	0.01903
53 Y	0.00005	0.99494	0.00501
54 F	0.00001	0.99876	0.00123
55 I	0.00000	0.99995	5e-05
56 F	0.00000	0.99999	0
57 F	0.00000	1.00000	0
58 I	0.00000	1.00000	0
59 F	0.00000	1.00000	0
60 I	0.00000	1.00000	0
61 F	0.00000	1.00000	0
62 V	0.00001	0.99999	0
63 L	0.00009	0.99991	0
64 L	0.00086	0.99913	1e-05
65 L	0.00584	0.99408	7e-05
66 K	0.20311	0.79535	0.00154
67 L	0.27950	0.71890	0.0016
68 I	0.48477	0.51341	0.00183
69 D	0.82779	0.16946	0.00275
70 N	0.83194	0.16523	0.00282
71 F	0.84044	0.15664	0.00293
72 F	0.85685	0.13994	0.00321
73 I	0.86539	0.13126	0.00335
74 K	0.88785	0.10858	0.00358
75 F	0.71737	0.27919	0.00344
76 I	0.70450	0.29205	0.00345
77 R	0.68356	0.31295	0.00348
78 Q	0.46191	0.53460	0.00349
79 I	0.11323	0.88329	0.00349
80 L	0.01667	0.97984	0.00349
81 N	0.00083	0.99566	0.00351
82 L	0.00024	0.99626	0.00351
83 K	0.00023	0.99626	0.00351
84 F	0.00003	0.99646	0.00351
85 F	0.00002	0.99647	0.00351
86 F	0.00002	0.99647	0.00351
87 L	0.00002	0.99647	0.00351
88 F	0.00002	0.99647	0.00352
89 C	0.00002	0.99644	0.00354
90 F	0.00002	0.99641	0.00358
91 F	0.00002	0.99553	0.00445
92 L	0.00002	0.99460	0.00538
93 H	0.00004	0.98897	0.01099
94 V	0.00004	0.98688	0.01308
95 S	0.00015	0.84327	0.15659
96 P	0.00016	0.27715	0.7227
97 K	0.00018	0.01286	0.98697
98 E	0.00018	0.00070	0.99912
99 K	0.00018	0.00032	0.9995
100 E	0.00018	0.00061	0.99921
101 F	0.00012	0.00344	0.99643
102 S	0.00011	0.00364	0.99624
103 F	0.00008	0.00466	0.99526
104 S	0.00007	0.01123	0.9887
105 I	0.00005	0.16420	0.83575
106 F	0.00003	0.26331	0.73666
107 P	0.00003	0.26529	0.73468
108 N	0.00002	0.26791	0.73206
109 D	0.00002	0.39943	0.60054
110 I	0.00001	0.84523	0.15477
111 T	0.00000	0.99757	0.00242
112 F	0.00000	0.99971	0.00029
113 F	0.00000	0.99985	0.00015
114 F	0.00000	1.00000	0
115 S	0.00000	1.00000	0
116 I	0.00000	1.00000	0
117 I	0.00000	1.00000	0
118 L	0.00000	1.00000	0
119 F	0.00000	1.00000	0
120 L	0.00000	1.00000	0
121 Y	0.00001	0.99999	0
122 F	0.00007	0.99992	1e-05
123 V	0.00113	0.99886	1e-05
124 S	0.00503	0.99491	6e-05
125 F	0.00565	0.99428	7e-05
126 F	0.00803	0.99185	0.00011
127 L	0.01566	0.98422	0.00012
128 I	0.37060	0.62926	0.00014
129 K	0.96197	0.03785	0.00018
130 N	0.99438	0.00544	0.00018
131 E	0.99806	0.00176	0.00018
132 Y	0.98736	0.01247	0.00017
133 K	0.95700	0.04284	0.00016
134 N	0.60389	0.39599	0.00012
135 V	0.04018	0.95976	5e-05
136 Y	0.01232	0.98765	3e-05
137 F	0.00187	0.99811	2e-05
138 L	0.00083	0.99917	0
139 I	0.00015	0.99985	0
140 I	0.00004	0.99996	0
141 F	0.00001	0.99999	0
142 F	0.00001	0.99999	0
143 F	0.00001	0.99999	0
144 V	0.00001	0.99999	0
145 I	0.00001	0.99999	0
146 I	0.00001	0.99999	0
147 L	0.00001	0.99998	0
148 P	0.00001	0.99995	3e-05
149 S	0.00001	0.99980	0.00019
150 L	0.00001	0.99807	0.00191
151 L	0.00002	0.98504	0.01494
152 Q	0.00006	0.84088	0.15906
153 S	0.00006	0.71036	0.28958
154 S	0.00007	0.60828	0.39165
155 L	0.00010	0.47388	0.52602
156 N	0.00014	0.21796	0.7819
157 Q	0.00016	0.04134	0.95849
158 D	0.00019	0.00172	0.99809
159 F	0.00019	0.00130	0.9985
160 F	0.00019	0.00092	0.99888
161 L	0.00020	0.00040	0.9994
162 K	0.00020	0.00001	0.99979
163 L	0.00020	0.00001	0.99979
164 Y	0.00020	0.00001	0.99979
165 F	0.00020	0.00001	0.99979
166 D	0.00020	0.00001	0.99979
167 K	0.00020	0.00007	0.99972
168 K	0.00019	0.00546	0.99434
169 D	0.00019	0.14262	0.85719
170 L	0.00012	0.43963	0.56025
171 L	0.00009	0.73304	0.26687
172 N	0.00008	0.85256	0.14736
173 I	0.00007	0.97031	0.02961
174 F	0.00007	0.98798	0.01196
175 F	0.00000	0.99839	0.00161
176 I	0.00000	0.99966	0.00034
177 F	0.00000	0.99981	0.00019
178 L	0.00000	0.99982	0.00018
179 R	0.00000	0.99982	0.00018
180 I	0.00000	0.99983	0.00017
181 C	0.00000	0.99984	0.00016
182 L	0.00000	0.99984	0.00016
183 F	0.00000	0.99984	0.00016
184 F	0.00001	0.99983	0.00016
185 M	0.00004	0.99980	0.00016
186 L	0.00007	0.99977	0.00016
187 N	0.00079	0.99905	0.00016
188 F	0.00295	0.99688	0.00017
189 L	0.00948	0.99036	0.00017
190 I	0.05755	0.94228	0.00018
191 N	0.46618	0.53360	0.00021
192 Q	0.90090	0.09888	0.00022
193 T	0.97736	0.02238	0.00027
194 T	0.98764	0.01207	0.00028
195 S	0.99013	0.00958	0.00029
196 F	0.99306	0.00664	0.00029
197 I	0.99427	0.00543	0.00029
198 E	0.99881	0.00083	0.00035
199 I	0.99904	0.00060	0.00036
200 K	0.99962	0.00002	0.00036
201 D	0.99964	0.00001	0.00036
202 G	0.99928	0.00036	0.00036
203 L	0.99893	0.00071	0.00036
204 E	0.99882	0.00082	0.00036
205 I	0.99844	0.00120	0.00036
206 L	0.99826	0.00138	0.00036
207 L	0.99803	0.00161	0.00036
208 K	0.99800	0.00164	0.00036
209 P	0.99456	0.00508	0.00036
210 L	0.95880	0.04084	0.00036
211 K	0.91814	0.08150	0.00036
212 I	0.51107	0.48869	0.00025
213 I	0.41658	0.58322	0.00021
214 K	0.40653	0.59326	0.00021
215 F	0.25623	0.74362	0.00015
216 P	0.19899	0.80091	0.0001
217 V	0.10410	0.89586	4e-05
218 E	0.07434	0.92563	3e-05
219 I	0.05882	0.94118	0
220 F	0.05680	0.94320	0
221 S	0.05645	0.94354	1e-05
222 L	0.05642	0.94356	1e-05
223 M	0.05642	0.94355	2e-05
224 I	0.05642	0.94355	3e-05
225 S	0.05641	0.94324	0.00035
226 L	0.05641	0.94304	0.00054
227 I	0.05641	0.94294	0.00064
228 L	0.05641	0.94217	0.00142
229 M	0.05641	0.94098	0.00261
230 S	0.05642	0.93332	0.01026
231 I	0.05642	0.92991	0.01367
232 P	0.05642	0.90090	0.04268
233 F	0.05642	0.86351	0.08007
234 L	0.05642	0.78570	0.15789
235 L	0.05655	0.30647	0.63697
236 E	0.05670	0.05317	0.89012
237 E	0.05675	0.01402	0.92923
238 S	0.05676	0.00281	0.94043
239 K	0.05677	0.00035	0.94287
240 K	0.05677	0.00016	0.94307
241 I	0.05677	0.00016	0.94307
242 L	0.05677	0.00003	0.9432
243 K	0.05677	0.00001	0.94322
244 A	0.05677	0.00001	0.94322
245 Q	0.05677	0.00001	0.94322
246 I	0.05677	0.00001	0.94322
247 S	0.05677	0.00001	0.94322
248 R	0.05677	0.00001	0.94322
249 G	0.05677	0.00006	0.94317
250 L	0.05676	0.00013	0.94311
251 N	0.05676	0.00016	0.94309
252 F	0.05669	0.00043	0.94288
253 Y	0.05667	0.00059	0.94274
254 T	0.05665	0.00340	0.93995
255 K	0.05663	0.00359	0.93977
256 N	0.05621	0.00531	0.93849
257 I	0.05446	0.02202	0.92352
258 F	0.05390	0.02507	0.92103
259 K	0.05375	0.02838	0.91787
260 K	0.05247	0.08576	0.86177
261 V	0.00753	0.76998	0.2225
262 Y	0.00440	0.90962	0.08598
263 Y	0.00168	0.97790	0.02042
264 L	0.00021	0.99394	0.00585
265 I	0.00009	0.99800	0.00191
266 S	0.00007	0.99879	0.00113
267 L	0.00007	0.99935	0.00058
268 L	0.00007	0.99961	0.00032
269 I	0.00007	0.99966	0.00027
270 P	0.00007	0.99966	0.00027
271 I	0.00007	0.99971	0.00022
272 L	0.00009	0.99968	0.00022
273 I	0.00014	0.99964	0.00022
274 L	0.00018	0.99957	0.00026
275 A	0.00081	0.99869	0.0005
276 F	0.00325	0.99563	0.00112
277 K	0.05181	0.94247	0.00572
278 K	0.05493	0.93905	0.00602
279 S	0.05707	0.93682	0.00611
280 F	0.06247	0.93137	0.00617
281 V	0.10110	0.89237	0.00653
282 L	0.18234	0.81060	0.00705
283 A	0.34297	0.64719	0.00983
284 N	0.84204	0.10575	0.05222
285 A	0.89716	0.04921	0.05363
286 M	0.93447	0.00987	0.05567
287 E	0.94087	0.00233	0.0568
288 T	0.94222	0.00090	0.05689
289 R	0.94259	0.00050	0.05691
290 G	0.94270	0.00039	0.05692
291 Y	0.94279	0.00029	0.05692
292 V	0.94284	0.00024	0.05692
293 L	0.94286	0.00022	0.05692
294 E	0.94307	0.00000	0.05693
295 K	0.94307	0.00000	0.05693
296 P	0.94307	0.00000	0.05693
297 R	0.94306	0.00002	0.05693
298 T	0.94294	0.00014	0.05692
299 K	0.94229	0.00080	0.05691
300 L	0.89683	0.04723	0.05594
301 N	0.88929	0.05513	0.05558
302 V	0.84815	0.09932	0.05253
303 F	0.72810	0.23818	0.03372
304 Q	0.71712	0.24923	0.03365
305 I	0.68899	0.27846	0.03255
306 T	0.67755	0.29053	0.03192
307 K	0.66396	0.30434	0.03169
308 K	0.59524	0.37917	0.02559
309 D	0.51672	0.46796	0.01533
310 Y	0.14587	0.85039	0.00375
311 F	0.00293	0.99682	0.00025
312 I	0.00293	0.99682	0.00025
313 F	0.00293	0.99682	0.00025
314 C	0.00293	0.99682	0.00025
315 F	0.00293	0.99682	0.00025
316 I	0.00293	0.99682	0.00025
317 F	0.00293	0.99682	0.00025
318 V	0.00293	0.99681	0.00026
319 F	0.00293	0.99679	0.00027
320 F	0.00294	0.99618	0.00088
321 V	0.00298	0.99499	0.00202
322 W	0.00315	0.99001	0.00684
323 S	0.00461	0.93260	0.06279
324 F	0.00542	0.91306	0.08151
325 F	0.01267	0.74049	0.24684
326 I	0.05961	0.00000	0.94039
