# USQ93355.1
# AA	inside	membr	outside
1 M	0.47674	0.00000	0.52327
2 F	0.47363	0.00311	0.52327
3 L	0.47187	0.00487	0.52327
4 G	0.47187	0.01419	0.51395
5 F	0.41337	0.09848	0.48816
6 Y	0.41336	0.10116	0.48547
7 N	0.07733	0.44143	0.48124
8 Y	0.07729	0.44216	0.48055
9 T	0.06803	0.45274	0.47924
10 V	0.06787	0.91624	0.01589
11 Y	0.06303	0.92832	0.00865
12 L	0.01129	0.98164	0.00707
13 T	0.00009	0.99622	0.00369
14 Y	0.00009	0.99622	0.00369
15 L	0.00009	0.99977	0.00014
16 N	0.00008	0.99978	0.00014
17 A	0.00006	0.99982	0.00013
18 S	0.00005	0.99983	0.00012
19 I	0.00004	0.99984	0.00012
20 G	0.00004	0.99984	0.00012
21 L	0.00004	0.99983	0.00013
22 L	0.00004	0.99975	0.00021
23 G	0.00006	0.99951	0.00043
24 M	0.00009	0.99929	0.00062
25 F	0.00015	0.99675	0.0031
26 F	0.00036	0.99452	0.00512
27 L	0.00913	0.98024	0.01062
28 V	0.03964	0.89665	0.06372
29 L	0.05183	0.86546	0.08271
30 G	0.18364	0.38942	0.42694
31 K	0.24208	0.29819	0.45974
32 F	0.24439	0.29247	0.46315
33 D	0.51971	0.01268	0.4676
34 A	0.52071	0.01117	0.46811
35 N	0.52261	0.00142	0.47597
36 G	0.52313	0.00017	0.4767
37 Q	0.52315	0.00009	0.47676
38 F	0.52310	0.00014	0.47675
39 D	0.52304	0.00048	0.47648
40 A	0.52295	0.00078	0.47627
41 N	0.52253	0.00129	0.47618
42 Q	0.51579	0.01244	0.47177
43 F	0.50331	0.02662	0.47007
44 D	0.49727	0.04037	0.46236
45 P	0.25322	0.28662	0.46016
46 N	0.21737	0.32436	0.45827
47 Y	0.15784	0.40558	0.43658
48 I	0.14134	0.42398	0.43468
49 K	0.12795	0.44592	0.42613
50 F	0.07291	0.50217	0.42492
51 A	0.07060	0.50491	0.42449
52 S	0.06899	0.50681	0.42421
53 I	0.06851	0.50748	0.42401
54 C	0.06849	0.50753	0.42398
55 I	0.06848	0.50754	0.42397
56 L	0.06848	0.50754	0.42397
57 L	0.06848	0.50754	0.42397
58 S	0.06849	0.50752	0.42398
59 G	0.06850	0.50750	0.42401
60 I	0.06856	0.50685	0.42459
61 C	0.06977	0.49654	0.4337
62 D	0.08119	0.47640	0.44242
63 M	0.08175	0.45924	0.45901
64 F	0.08227	0.43729	0.48045
65 D	0.09263	0.18266	0.72471
66 G	0.09412	0.17137	0.73451
67 K	0.09926	0.08890	0.81184
68 V	0.09972	0.07250	0.82778
69 S	0.10336	0.05229	0.84436
70 N	0.11228	0.01340	0.87432
71 F	0.11345	0.01157	0.87498
72 K	0.12114	0.00113	0.87774
73 K	0.12131	0.00001	0.87868
74 K	0.12131	0.00000	0.87868
75 R	0.12131	0.00000	0.87868
76 S	0.12131	0.00000	0.87868
77 I	0.12131	0.00000	0.87868
78 Q	0.12131	0.00000	0.87868
79 D	0.12131	0.00000	0.87868
80 K	0.12118	0.00014	0.87867
81 K	0.10832	0.01531	0.87637
82 Y	0.07230	0.14022	0.78748
83 G	0.06696	0.21221	0.72083
84 I	0.05891	0.44865	0.49244
85 Q	0.05447	0.46607	0.47946
86 I	0.04576	0.56012	0.39412
87 D	0.04529	0.57610	0.37862
88 S	0.03593	0.67320	0.29087
89 L	0.02552	0.86776	0.10673
90 A	0.02321	0.91311	0.06367
91 D	0.02253	0.92727	0.0502
92 I	0.02109	0.97706	0.00185
93 I	0.02104	0.97808	0.00088
94 S	0.02103	0.97820	0.00077
95 F	0.02103	0.97831	0.00066
96 G	0.02103	0.97833	0.00064
97 I	0.02103	0.97833	0.00064
98 L	0.02104	0.97833	0.00064
99 P	0.02108	0.97826	0.00067
100 I	0.02110	0.97821	0.00069
101 F	0.02114	0.97794	0.00092
102 I	0.02211	0.97536	0.00252
103 G	0.02716	0.96658	0.00626
104 Y	0.04106	0.92104	0.0379
105 R	0.14979	0.79277	0.05743
106 L	0.23094	0.70853	0.06053
107 F	0.50147	0.43237	0.06615
108 C	0.58704	0.32971	0.08325
109 N	0.79973	0.10000	0.10027
110 T	0.88815	0.01118	0.10066
111 E	0.89321	0.00605	0.10074
112 L	0.89722	0.00202	0.10076
113 S	0.89599	0.00324	0.10077
114 K	0.89559	0.00381	0.1006
115 N	0.75932	0.14364	0.09704
116 F	0.66507	0.24273	0.0922
117 N	0.52754	0.38563	0.08682
118 F	0.10258	0.86106	0.03637
119 L	0.07251	0.90361	0.02387
120 C	0.03497	0.94180	0.02324
121 L	0.00440	0.97691	0.01869
122 F	0.00018	0.99888	0.00094
123 I	0.00005	0.99990	5e-05
124 F	0.00003	0.99996	1e-05
125 I	0.00001	0.99999	1e-05
126 S	0.00001	0.99999	0
127 I	0.00000	1.00000	0
128 C	0.00000	1.00000	0
129 Y	0.00000	1.00000	0
130 I	0.00000	1.00000	0
131 L	0.00000	0.99999	1e-05
132 T	0.00001	0.99997	3e-05
133 V	0.00001	0.99979	0.0002
134 L	0.00006	0.99633	0.0036
135 I	0.00022	0.98865	0.01114
136 R	0.00090	0.96360	0.0355
137 L	0.00165	0.95721	0.04114
138 A	0.00800	0.83192	0.16008
139 Y	0.01641	0.76233	0.22126
140 F	0.02393	0.57998	0.39609
141 N	0.07833	0.06610	0.85558
142 V	0.07956	0.05779	0.86265
143 L	0.07976	0.03710	0.88314
144 A	0.08205	0.02672	0.89123
145 E	0.10053	0.00065	0.89882
146 E	0.10092	0.00002	0.89906
147 N	0.10092	0.00001	0.89908
148 Y	0.10092	0.00000	0.89908
149 D	0.10092	0.00000	0.89908
150 N	0.10092	0.00000	0.89908
151 K	0.10092	0.00000	0.89908
152 K	0.10092	0.00000	0.89908
153 P	0.10092	0.00002	0.89906
154 K	0.10091	0.00007	0.89902
155 E	0.10076	0.00482	0.89443
156 N	0.09874	0.02473	0.87653
157 L	0.05116	0.21603	0.73281
158 N	0.04833	0.25585	0.69581
159 V	0.02593	0.51304	0.46102
160 F	0.00439	0.97603	0.01958
161 L	0.00016	0.99130	0.00855
162 G	0.00012	0.99538	0.00449
163 V	0.00009	0.99832	0.0016
164 P	0.00008	0.99902	0.00089
165 V	0.00007	0.99974	0.00018
166 T	0.00007	0.99988	5e-05
167 L	0.00007	0.99989	3e-05
168 S	0.00007	0.99990	3e-05
169 S	0.00007	0.99990	3e-05
170 I	0.00007	0.99990	3e-05
171 I	0.00007	0.99990	3e-05
172 F	0.00008	0.99989	3e-05
173 P	0.00014	0.99982	3e-05
174 C	0.00018	0.99978	4e-05
175 L	0.00048	0.99945	8e-05
176 I	0.00178	0.99795	0.00027
177 L	0.00732	0.99183	0.00085
178 F	0.01897	0.97925	0.00178
179 Q	0.15045	0.84651	0.00304
180 N	0.34381	0.60241	0.05378
181 I	0.37138	0.57048	0.05814
182 M	0.55189	0.36897	0.07914
183 M	0.88867	0.01357	0.09776
184 K	0.89891	0.00024	0.10085
185 T	0.89908	0.00006	0.10086
186 R	0.89912	0.00000	0.10087
187 T	0.89912	0.00000	0.10087
188 D	0.89910	0.00003	0.10087
189 V	0.89707	0.00251	0.10041
190 N	0.89223	0.00741	0.10036
191 N	0.78789	0.11294	0.09917
192 I	0.58781	0.32023	0.09197
193 K	0.57851	0.33001	0.09148
194 N	0.31673	0.64577	0.0375
195 I	0.02414	0.95238	0.02348
196 F	0.01048	0.98343	0.00609
197 F	0.00192	0.99729	0.00079
198 T	0.00133	0.99826	0.00041
199 T	0.00039	0.99959	2e-05
200 Y	0.00005	0.99995	1e-05
201 L	0.00002	0.99998	0
202 F	0.00001	0.99999	0
203 I	0.00001	0.99999	0
204 M	0.00001	0.99999	0
205 C	0.00001	0.99999	0
206 L	0.00001	0.99999	0
207 L	0.00001	0.99999	0
208 S	0.00001	0.99999	0
209 F	0.00001	0.99995	4e-05
210 L	0.00001	0.99982	0.00017
211 F	0.00015	0.99895	0.0009
212 I	0.00437	0.99110	0.00453
213 F	0.01129	0.97185	0.01686
214 A	0.03219	0.64809	0.31971
215 K	0.05469	0.06915	0.87616
216 I	0.05544	0.06474	0.87982
217 K	0.09501	0.00865	0.89634
218 F	0.09604	0.00725	0.89671
219 P	0.10016	0.00261	0.89723
220 K	0.09730	0.00843	0.89427
221 I	0.08991	0.02336	0.88673
222 K	0.08933	0.02551	0.88516
223 N	0.03325	0.36978	0.59697
224 I	0.02217	0.95303	0.02479
225 I	0.00094	0.99763	0.00144
226 F	0.00007	0.99986	7e-05
227 L	0.00001	0.99996	4e-05
228 I	0.00000	0.99998	2e-05
229 F	0.00000	0.99998	2e-05
230 S	0.00000	0.99998	2e-05
231 C	0.00000	0.99998	2e-05
232 L	0.00000	0.99998	2e-05
233 L	0.00000	0.99998	2e-05
234 S	0.00000	0.99998	2e-05
235 F	0.00000	0.99998	2e-05
236 V	0.00000	0.99998	2e-05
237 I	0.00001	0.99998	2e-05
238 I	0.00003	0.99994	3e-05
239 Y	0.00039	0.99927	0.00033
240 Y	0.00134	0.99773	0.00093
241 L	0.01100	0.98221	0.00679
242 L	0.16481	0.81570	0.01949
243 Q	0.89910	0.00000	0.1009
