# USQ93169.1
# AA	inside	membr	outside
1 M	0.01937	0.00000	0.98063
2 N	0.01162	0.00775	0.98063
3 Y	0.00857	0.01080	0.98063
4 Y	0.00857	0.89387	0.09755
5 Y	0.00595	0.98158	0.01246
6 L	0.00595	0.99093	0.00312
7 G	0.00505	0.99271	0.00224
8 I	0.00505	0.99273	0.00222
9 N	0.00501	0.99281	0.00217
10 F	0.00501	0.99477	0.00021
11 I	0.00501	0.99483	0.00016
12 V	0.00501	0.99483	0.00015
13 G	0.00501	0.99484	0.00015
14 C	0.00501	0.99484	0.00015
15 L	0.00501	0.99496	3e-05
16 A	0.00501	0.99496	3e-05
17 L	0.00501	0.99496	3e-05
18 Y	0.00501	0.99496	3e-05
19 I	0.00569	0.99427	3e-05
20 I	0.02147	0.97778	0.00075
21 T	0.10155	0.89393	0.00452
22 K	0.81598	0.17218	0.01184
23 T	0.84567	0.14158	0.01275
24 K	0.85548	0.13143	0.01309
25 Y	0.85616	0.13068	0.01317
26 L	0.85827	0.12847	0.01326
27 D	0.97542	0.01107	0.01351
28 F	0.97794	0.00831	0.01374
29 M	0.98306	0.00316	0.01378
30 I	0.98375	0.00193	0.01432
31 N	0.98406	0.00157	0.01436
32 P	0.98417	0.00143	0.01439
33 S	0.98541	0.00019	0.0144
34 N	0.98547	0.00013	0.0144
35 K	0.98553	0.00007	0.01441
36 F	0.98553	0.00007	0.01441
37 Y	0.98554	0.00006	0.01441
38 K	0.98560	0.00000	0.01441
39 Q	0.98560	0.00000	0.01441
40 N	0.98560	0.00000	0.01441
41 F	0.98560	0.00000	0.01441
42 K	0.98560	0.00000	0.01441
43 T	0.98560	0.00000	0.01441
44 Y	0.98560	0.00000	0.01441
45 I	0.98560	0.00000	0.01441
46 N	0.98560	0.00000	0.01441
47 N	0.98560	0.00000	0.01441
48 H	0.98560	0.00000	0.01441
49 H	0.98560	0.00000	0.01441
50 D	0.98560	0.00000	0.01441
51 D	0.98560	0.00000	0.01441
52 Q	0.98560	0.00000	0.01441
53 R	0.98560	0.00000	0.01441
54 Q	0.98560	0.00000	0.01441
55 N	0.98560	0.00000	0.01441
56 K	0.98560	0.00000	0.01441
57 F	0.98560	0.00000	0.01441
58 I	0.98560	0.00000	0.01441
59 Q	0.98560	0.00000	0.01441
60 K	0.98560	0.00000	0.01441
61 N	0.98560	0.00000	0.01441
62 I	0.98560	0.00000	0.01441
63 H	0.98560	0.00000	0.01441
64 K	0.98560	0.00000	0.01441
65 I	0.98560	0.00000	0.01441
66 N	0.98560	0.00000	0.01441
67 Q	0.98560	0.00000	0.01441
68 L	0.98560	0.00000	0.01441
69 K	0.98560	0.00000	0.01441
70 E	0.98560	0.00000	0.01441
71 N	0.98560	0.00000	0.01441
72 I	0.98560	0.00000	0.01441
73 L	0.98560	0.00000	0.01441
74 Q	0.98560	0.00000	0.01441
75 K	0.98560	0.00000	0.01441
76 T	0.98560	0.00000	0.01441
77 K	0.98560	0.00000	0.01441
78 S	0.98560	0.00000	0.01441
79 D	0.98560	0.00000	0.01441
80 A	0.98559	0.00001	0.0144
81 V	0.98553	0.00007	0.0144
82 I	0.98540	0.00020	0.0144
83 S	0.98539	0.00021	0.0144
84 H	0.98529	0.00031	0.0144
85 K	0.98494	0.00066	0.01439
86 S	0.92503	0.06074	0.01423
87 V	0.46958	0.52023	0.01019
88 F	0.36283	0.62902	0.00815
89 Y	0.34622	0.64754	0.00625
90 R	0.20214	0.79419	0.00367
91 L	0.07057	0.92723	0.0022
92 Y	0.03991	0.95869	0.00141
93 S	0.01794	0.98137	0.0007
94 L	0.00438	0.99542	0.00021
95 I	0.00025	0.99973	1e-05
96 G	0.00015	0.99984	1e-05
97 I	0.00003	0.99996	1e-05
98 L	0.00001	0.99998	1e-05
99 I	0.00000	0.99999	1e-05
100 L	0.00000	0.99999	1e-05
101 S	0.00000	0.99999	1e-05
102 A	0.00000	0.99999	1e-05
103 I	0.00000	0.99999	1e-05
104 I	0.00000	0.99981	0.00018
105 T	0.00001	0.99371	0.00627
106 I	0.00002	0.99211	0.00786
107 C	0.00005	0.97932	0.02062
108 F	0.00007	0.97447	0.02545
109 L	0.00016	0.92070	0.07914
110 I	0.00437	0.45366	0.54198
111 N	0.00642	0.32300	0.67058
112 F	0.00905	0.30799	0.68297
113 K	0.01398	0.03043	0.95559
114 C	0.01424	0.01090	0.97487
115 E	0.01436	0.00494	0.98071
116 I	0.00990	0.02781	0.9623
117 T	0.00892	0.03605	0.95504
118 L	0.00666	0.09577	0.89757
119 L	0.00103	0.60520	0.39377
120 F	0.00088	0.70294	0.29618
121 S	0.00043	0.71987	0.27969
122 F	0.00011	0.95107	0.04882
123 W	0.00006	0.96582	0.03413
124 Y	0.00004	0.97325	0.02671
125 S	0.00004	0.97760	0.02236
126 T	0.00003	0.98036	0.01961
127 L	0.00001	0.99761	0.00238
128 I	0.00001	0.99962	0.00037
129 I	0.00000	0.99988	0.00011
130 M	0.00000	0.99996	4e-05
131 V	0.00000	0.99997	2e-05
132 L	0.00000	0.99999	1e-05
133 L	0.00001	0.99999	0
134 Y	0.00020	0.99978	1e-05
135 F	0.00055	0.99943	2e-05
136 I	0.00455	0.99540	5e-05
137 R	0.01293	0.98684	0.00023
138 F	0.01354	0.98619	0.00026
139 L	0.01798	0.97511	0.00691
140 F	0.02458	0.96799	0.00743
141 Y	0.12800	0.86214	0.00985
142 C	0.82011	0.16624	0.01365
143 F	0.85358	0.13275	0.01367
144 V	0.86424	0.12167	0.01409
145 D	0.95787	0.02790	0.01423
146 V	0.94930	0.03669	0.01401
147 Y	0.94541	0.04062	0.01397
148 V	0.83279	0.15345	0.01376
149 F	0.82990	0.15640	0.0137
150 A	0.84177	0.14451	0.01371
151 S	0.83615	0.15031	0.01354
152 R	0.82902	0.15753	0.01345
153 I	0.31499	0.68143	0.00357
154 C	0.05136	0.94589	0.00274
155 F	0.01955	0.97844	0.002
156 L	0.00538	0.99457	5e-05
157 F	0.00040	0.99956	4e-05
158 S	0.00023	0.99975	2e-05
159 I	0.00011	0.99988	1e-05
160 F	0.00007	0.99992	1e-05
161 L	0.00002	0.99997	1e-05
162 A	0.00001	0.99998	1e-05
163 V	0.00001	0.99998	1e-05
164 V	0.00001	0.99995	4e-05
165 W	0.00001	0.99987	0.00012
166 G	0.00003	0.99862	0.00136
167 V	0.00003	0.99806	0.00191
168 Y	0.00005	0.99439	0.00555
169 F	0.00016	0.98369	0.01615
170 A	0.00022	0.96508	0.03471
171 C	0.00033	0.86499	0.13469
172 F	0.00033	0.85776	0.1419
173 Y	0.00044	0.83502	0.16454
174 L	0.00062	0.81483	0.18455
175 V	0.00089	0.78097	0.21815
176 E	0.01317	0.28534	0.70149
177 H	0.01393	0.03408	0.95198
178 K	0.01420	0.00221	0.98359
179 L	0.01418	0.00101	0.9848
180 L	0.01416	0.00074	0.98509
181 T	0.01416	0.00064	0.98519
182 T	0.01416	0.00053	0.98531
183 T	0.01416	0.00048	0.98536
184 F	0.01416	0.00040	0.98544
185 V	0.01416	0.00040	0.98544
186 S	0.01416	0.00035	0.98549
187 S	0.01416	0.00033	0.98551
188 P	0.01416	0.00041	0.98543
189 L	0.01415	0.00064	0.9852
190 S	0.01416	0.00141	0.98443
191 N	0.01415	0.00788	0.97797
192 T	0.01412	0.02254	0.96334
193 I	0.01401	0.04436	0.94163
194 L	0.01357	0.06504	0.92139
195 R	0.01315	0.16803	0.81882
196 Y	0.00169	0.38339	0.61493
197 F	0.00062	0.57815	0.42122
198 L	0.00019	0.95623	0.04359
199 V	0.00011	0.98451	0.01538
200 L	0.00001	0.99168	0.0083
201 F	0.00000	0.99828	0.00172
202 V	0.00000	0.99944	0.00057
203 L	0.00000	0.99994	6e-05
204 L	0.00000	0.99998	2e-05
205 P	0.00000	0.99999	1e-05
206 F	0.00000	1.00000	0
207 L	0.00000	1.00000	0
208 I	0.00000	1.00000	0
209 S	0.00000	1.00000	0
210 F	0.00000	1.00000	0
211 I	0.00001	0.99999	0
212 V	0.00006	0.99993	0
213 L	0.00081	0.99918	0
214 F	0.00423	0.99575	2e-05
215 L	0.01220	0.98773	6e-05
216 I	0.02422	0.97550	0.00028
217 S	0.05221	0.94676	0.00103
218 Y	0.14869	0.84953	0.00178
219 L	0.31624	0.67142	0.01233
220 Y	0.50105	0.48560	0.01335
221 R	0.95988	0.02617	0.01394
222 V	0.98036	0.00563	0.01401
223 N	0.98539	0.00046	0.01414
224 K	0.98568	0.00015	0.01416
225 I	0.98569	0.00015	0.01416
226 K	0.98573	0.00011	0.01416
227 V	0.97921	0.00662	0.01416
228 N	0.97517	0.01075	0.01407
229 L	0.97321	0.01275	0.01403
230 R	0.97096	0.01539	0.01364
231 F	0.90120	0.08605	0.01274
232 H	0.73338	0.25480	0.01182
233 V	0.28958	0.70181	0.00861
234 W	0.28267	0.70889	0.00843
235 L	0.27665	0.71501	0.00834
236 K	0.27503	0.71664	0.00833
237 K	0.26057	0.73125	0.00818
238 L	0.01660	0.98159	0.00181
239 F	0.00247	0.99607	0.00146
240 I	0.00077	0.99787	0.00136
241 I	0.00068	0.99795	0.00136
242 S	0.00068	0.99795	0.00136
243 F	0.00068	0.99795	0.00136
244 F	0.00068	0.99795	0.00136
245 C	0.00068	0.99670	0.00262
246 G	0.00068	0.99657	0.00275
247 T	0.00071	0.99618	0.00311
248 S	0.00072	0.99601	0.00327
249 F	0.00072	0.99561	0.00366
250 L	0.00073	0.98148	0.01779
251 P	0.00106	0.93762	0.06132
252 S	0.00107	0.93459	0.06434
253 F	0.00259	0.92978	0.06762
254 L	0.00317	0.88802	0.10881
255 G	0.00615	0.66746	0.32639
256 S	0.00945	0.02227	0.96827
257 N	0.01059	0.00490	0.98451
258 K	0.01330	0.00863	0.97807
259 L	0.00468	0.82489	0.17043
260 I	0.00232	0.98130	0.01638
261 V	0.00199	0.99142	0.00658
262 L	0.00013	0.99643	0.00344
263 F	0.00005	0.99804	0.0019
264 L	0.00001	0.99903	0.00096
265 G	0.00000	0.99984	0.00016
266 L	0.00000	0.99994	5e-05
267 L	0.00000	0.99997	3e-05
268 E	0.00000	0.99997	2e-05
269 A	0.00000	0.99999	1e-05
270 L	0.00000	1.00000	0
271 F	0.00000	1.00000	0
272 F	0.00000	1.00000	0
273 L	0.00000	0.99999	0
274 I	0.00000	0.99999	1e-05
275 L	0.00000	0.99999	1e-05
276 Y	0.00001	0.99999	1e-05
277 S	0.00015	0.99983	2e-05
278 L	0.00023	0.99973	3e-05
279 V	0.00075	0.99915	9e-05
280 W	0.00473	0.99498	0.00029
281 V	0.07005	0.92922	0.00073
282 N	0.87110	0.11787	0.01102
283 T	0.97916	0.00857	0.01227
284 L	0.98245	0.00507	0.01248
285 N	0.98621	0.00033	0.01346
286 Q	0.98646	0.00007	0.01347
287 L	0.98647	0.00005	0.01349
288 D	0.98649	0.00002	0.01349
289 R	0.98650	0.00001	0.01349
290 F	0.98651	0.00000	0.01349
291 I	0.98651	0.00000	0.01349
292 E	0.98651	0.00000	0.01349
293 Q	0.98651	0.00000	0.01349
294 K	0.98651	0.00000	0.01349
295 I	0.98651	0.00000	0.01349
296 P	0.98651	0.00000	0.01349
297 K	0.98651	0.00000	0.01349
298 K	0.98650	0.00001	0.01349
299 C	0.98621	0.00031	0.01348
300 E	0.98346	0.00308	0.01346
301 W	0.37965	0.61596	0.00439
302 L	0.07885	0.91777	0.00338
303 L	0.01920	0.97801	0.00279
304 V	0.00221	0.99667	0.00113
305 W	0.00072	0.99859	0.00069
306 F	0.00045	0.99901	0.00055
307 L	0.00016	0.99944	0.0004
308 L	0.00004	0.99973	0.00023
309 E	0.00004	0.99974	0.00022
310 A	0.00003	0.99983	0.00014
311 F	0.00001	0.99997	2e-05
312 V	0.00000	0.99999	1e-05
313 T	0.00000	1.00000	0
314 I	0.00000	1.00000	0
315 F	0.00000	1.00000	0
316 L	0.00000	1.00000	0
317 S	0.00000	1.00000	0
318 I	0.00000	1.00000	0
319 L	0.00000	0.99991	9e-05
320 Y	0.00000	0.99938	0.00061
321 I	0.00002	0.99772	0.00226
322 I	0.00006	0.99093	0.00902
323 V	0.00020	0.96886	0.03093
324 S	0.00864	0.38868	0.60268
325 I	0.00957	0.14463	0.84579
326 V	0.01020	0.07432	0.91548
327 N	0.01210	0.02174	0.96616
328 H	0.01255	0.01632	0.97113
329 F	0.01266	0.01526	0.97208
330 I	0.01288	0.01327	0.97385
331 K	0.01347	0.00045	0.98607
332 K	0.01349	0.00002	0.98649
333 K	0.01349	0.00000	0.98651
