# lcl|CP097583.1_cds_USQ93411.1_1
# AA	inside	membr	outside
1 A	0.20057	0.00000	0.79944
2 T	0.19977	0.00080	0.79944
3 G	0.19948	0.00109	0.79944
4 A	0.19948	0.00773	0.7928
5 A	0.19853	0.00949	0.79198
6 A	0.19853	0.00963	0.79184
7 G	0.19626	0.01195	0.7918
8 T	0.19626	0.01195	0.7918
9 C	0.19210	0.01616	0.79175
10 G	0.19209	0.02327	0.78464
11 G	0.19138	0.02468	0.78394
12 A	0.18480	0.03173	0.78348
13 A	0.18098	0.03832	0.78071
14 T	0.18098	0.03832	0.78071
15 A	0.18098	0.09123	0.72779
16 G	0.18069	0.09152	0.72779
17 T	0.18036	0.09329	0.72636
18 A	0.18034	0.09556	0.7241
19 G	0.18022	0.09673	0.72305
20 G	0.17980	0.12685	0.69335
21 T	0.17937	0.12729	0.69334
22 T	0.17994	0.12689	0.69318
23 T	0.18032	0.12662	0.69306
24 A	0.18075	0.12631	0.69293
25 C	0.18098	0.12495	0.69407
26 C	0.18112	0.12486	0.69401
27 T	0.18480	0.12154	0.69366
28 A	0.18492	0.12160	0.69348
29 A	0.18502	0.12166	0.69332
30 T	0.18552	0.12014	0.69434
31 G	0.18422	0.12133	0.69444
32 T	0.18435	0.11636	0.69928
33 A	0.18754	0.11292	0.69954
34 G	0.18795	0.11219	0.69986
35 G	0.18892	0.10703	0.70404
36 G	0.19163	0.10405	0.70432
37 A	0.19285	0.10305	0.7041
38 A	0.23964	0.05648	0.70388
39 A	0.24174	0.05445	0.70381
40 T	0.25051	0.04519	0.7043
41 C	0.25347	0.04218	0.70434
42 A	0.25526	0.04064	0.7041
43 A	0.27618	0.01984	0.70398
44 C	0.27696	0.01905	0.70399
45 T	0.27816	0.01921	0.70263
46 T	0.27833	0.02041	0.70126
47 T	0.27811	0.02142	0.70047
48 A	0.27651	0.02472	0.69877
49 T	0.27229	0.03256	0.69515
50 T	0.26179	0.04325	0.69497
51 T	0.25606	0.04942	0.69452
52 A	0.24670	0.05864	0.69466
53 A	0.24280	0.06214	0.69506
54 C	0.23998	0.06337	0.69664
55 G	0.23846	0.06466	0.69688
56 C	0.23832	0.06441	0.69727
57 T	0.23845	0.06488	0.69668
58 A	0.23611	0.06750	0.6964
59 T	0.23696	0.06699	0.69605
60 A	0.23597	0.06869	0.69534
61 A	0.23582	0.06932	0.69486
62 C	0.23600	0.06871	0.69528
63 A	0.23586	0.07066	0.69347
64 A	0.23596	0.07198	0.69207
65 A	0.23646	0.07198	0.69156
66 T	0.23723	0.07137	0.6914
67 A	0.23747	0.07160	0.69093
68 T	0.23907	0.06934	0.69159
69 G	0.24006	0.06740	0.69255
70 A	0.24080	0.06590	0.6933
71 A	0.24216	0.06241	0.69543
72 A	0.24540	0.05357	0.70104
73 G	0.24614	0.04159	0.71227
74 T	0.24727	0.03467	0.71805
75 T	0.24755	0.02718	0.72526
76 T	0.24766	0.02517	0.72717
77 T	0.24771	0.02426	0.72803
78 A	0.24768	0.02544	0.72687
79 G	0.24776	0.02477	0.72747
80 A	0.24820	0.02351	0.72829
81 A	0.24854	0.02073	0.73073
82 G	0.24902	0.01945	0.73152
83 C	0.25012	0.01756	0.73232
84 T	0.25099	0.01753	0.73148
85 A	0.25139	0.01863	0.72998
86 A	0.25310	0.01801	0.72888
87 T	0.25490	0.01638	0.72873
88 T	0.25553	0.01574	0.72873
89 A	0.25575	0.01537	0.72888
90 T	0.25646	0.01423	0.7293
91 C	0.25676	0.01378	0.72946
92 C	0.25701	0.01356	0.72943
93 T	0.25737	0.01359	0.72904
94 T	0.25740	0.01365	0.72896
95 T	0.25743	0.01371	0.72886
96 T	0.25725	0.01400	0.72875
97 G	0.25672	0.01458	0.7287
98 C	0.25697	0.01430	0.72873
99 T	0.25794	0.01346	0.7286
100 A	0.25844	0.01310	0.72846
101 C	0.26038	0.01116	0.72846
102 T	0.26099	0.01059	0.72842
103 A	0.26108	0.01055	0.72838
104 T	0.26149	0.01015	0.72837
105 T	0.26172	0.00992	0.72836
106 C	0.26175	0.00988	0.72836
107 A	0.26235	0.00928	0.72837
108 A	0.26364	0.00798	0.72838
109 C	0.26464	0.00696	0.72839
110 C	0.26490	0.00671	0.72839
111 T	0.26504	0.00658	0.72838
112 A	0.26506	0.00659	0.72835
113 A	0.26513	0.00652	0.72836
114 T	0.26524	0.00639	0.72837
115 A	0.26530	0.00628	0.72842
116 T	0.26557	0.00536	0.72908
117 C	0.26541	0.00465	0.72994
118 G	0.26525	0.00454	0.73021
119 G	0.26518	0.00441	0.73041
120 T	0.26521	0.00427	0.73052
121 G	0.26513	0.00520	0.72967
122 T	0.26520	0.00576	0.72904
123 T	0.26523	0.00622	0.72855
124 G	0.26515	0.00631	0.72855
125 T	0.26507	0.00637	0.72855
126 A	0.26492	0.00653	0.72855
127 G	0.26477	0.00662	0.72862
128 C	0.26448	0.00683	0.72868
129 T	0.26436	0.00692	0.72872
130 G	0.26404	0.00725	0.72871
131 T	0.26384	0.00748	0.72869
132 T	0.26326	0.00808	0.72866
133 C	0.26227	0.00911	0.72861
134 A	0.26173	0.00984	0.72843
135 A	0.26142	0.01028	0.7283
136 G	0.26132	0.01051	0.72817
137 A	0.26127	0.01071	0.72802
138 T	0.26126	0.01069	0.72805
139 G	0.26114	0.01075	0.72811
140 A	0.26113	0.01056	0.72831
141 A	0.26113	0.01029	0.72858
142 C	0.26129	0.00990	0.72881
143 G	0.26163	0.00949	0.72888
144 T	0.26274	0.00827	0.72898
145 C	0.26342	0.00748	0.7291
146 T	0.26438	0.00649	0.72913
147 T	0.26453	0.00636	0.7291
148 G	0.26461	0.00633	0.72907
149 A	0.26472	0.00647	0.7288
150 T	0.26491	0.00624	0.72885
151 T	0.26507	0.00574	0.72919
152 T	0.26511	0.00570	0.7292
153 T	0.26515	0.00570	0.72916
154 T	0.26511	0.00563	0.72926
155 T	0.26500	0.00553	0.72946
156 A	0.26422	0.00622	0.72957
157 G	0.26383	0.00701	0.72915
158 C	0.26328	0.00910	0.72761
159 T	0.26266	0.01528	0.72207
160 A	0.26203	0.02141	0.71657
161 A	0.26187	0.02329	0.71485
162 T	0.26185	0.02459	0.71356
163 T	0.26179	0.02482	0.71339
164 T	0.26159	0.02510	0.71332
165 T	0.26122	0.02549	0.7133
166 T	0.26095	0.02582	0.71323
167 C	0.26035	0.02654	0.71311
168 A	0.25965	0.02781	0.71254
169 C	0.25946	0.02811	0.71243
170 A	0.25937	0.02863	0.71201
171 A	0.25938	0.02870	0.71193
172 T	0.25967	0.02849	0.71185
173 C	0.25942	0.02882	0.71175
174 T	0.25901	0.03006	0.71093
175 C	0.25641	0.03323	0.71036
176 A	0.25289	0.03905	0.70806
177 A	0.25152	0.04217	0.70631
178 A	0.25089	0.04516	0.70395
179 A	0.25098	0.04660	0.70242
180 A	0.25204	0.04684	0.70112
181 A	0.25419	0.04481	0.701
182 T	0.25846	0.04026	0.70128
183 T	0.25800	0.04136	0.70064
184 A	0.24757	0.05200	0.70042
185 T	0.24189	0.05795	0.70016
186 A	0.22756	0.07293	0.6995
187 A	0.21243	0.08794	0.69964
188 C	0.20021	0.09961	0.70018
189 A	0.17846	0.12118	0.70036
190 A	0.17341	0.12587	0.70072
191 C	0.17015	0.12865	0.7012
192 C	0.16646	0.13230	0.70124
193 C	0.16538	0.13349	0.70113
194 A	0.16379	0.13517	0.70104
195 A	0.16375	0.13520	0.70105
196 A	0.16415	0.13477	0.70108
197 T	0.16553	0.13305	0.70142
198 C	0.16614	0.13036	0.70351
199 C	0.16781	0.12553	0.70665
200 A	0.16907	0.12369	0.70724
201 A	0.17136	0.12092	0.70772
202 T	0.17381	0.11811	0.70808
203 T	0.17565	0.11603	0.70832
204 T	0.17653	0.11432	0.70915
205 A	0.17665	0.11076	0.71259
206 T	0.17744	0.10176	0.72081
207 A	0.17734	0.08927	0.73338
208 G	0.17743	0.08258	0.73999
209 A	0.17798	0.07166	0.75036
210 T	0.17817	0.05771	0.76412
211 A	0.17815	0.04555	0.77629
212 T	0.17821	0.02013	0.80165
213 T	0.17821	0.01620	0.8056
214 G	0.17816	0.01336	0.80848
215 C	0.17817	0.01130	0.81053
216 A	0.17825	0.01089	0.81087
217 G	0.17827	0.00982	0.81192
218 G	0.17824	0.01092	0.81084
219 T	0.17807	0.01357	0.80836
220 T	0.17771	0.01949	0.8028
221 T	0.17751	0.02587	0.79663
222 A	0.17705	0.03430	0.78866
223 G	0.17677	0.04401	0.77922
224 T	0.17661	0.05975	0.76365
225 T	0.17610	0.07836	0.74554
226 A	0.17230	0.12430	0.7034
227 A	0.17057	0.12833	0.70111
228 A	0.16939	0.13025	0.70037
229 A	0.16859	0.13090	0.70051
230 A	0.16872	0.13051	0.70077
231 C	0.16965	0.12935	0.701
232 G	0.17056	0.12839	0.70104
233 C	0.17138	0.12754	0.70108
234 C	0.17161	0.12740	0.70099
235 T	0.17174	0.12776	0.7005
236 C	0.17167	0.12815	0.70019
237 T	0.17173	0.12906	0.69921
238 A	0.17141	0.13087	0.69772
239 A	0.17141	0.13113	0.69745
240 A	0.17176	0.13078	0.69746
241 G	0.17321	0.12924	0.69755
242 G	0.17644	0.12556	0.698
243 C	0.18362	0.11778	0.6986
244 G	0.19077	0.11056	0.69867
245 A	0.19875	0.10250	0.69874
246 A	0.20921	0.09190	0.69888
247 G	0.22371	0.07723	0.69905
248 G	0.24074	0.06004	0.69922
249 T	0.27868	0.01866	0.70266
250 T	0.28076	0.01597	0.70327
251 T	0.28113	0.01536	0.70351
252 A	0.27887	0.01969	0.70144
253 G	0.27632	0.02300	0.70067
254 G	0.27253	0.02747	0.70001
255 A	0.26617	0.03391	0.69992
256 A	0.26500	0.03515	0.69985
257 A	0.26367	0.03639	0.69994
258 T	0.26454	0.03547	0.69999
259 C	0.26285	0.03734	0.69981
260 A	0.26184	0.03903	0.69913
261 A	0.26225	0.03917	0.69858
262 T	0.26252	0.03913	0.69835
263 T	0.26247	0.04030	0.69723
264 T	0.26204	0.04200	0.69596
265 T	0.26059	0.04383	0.69558
266 T	0.25794	0.04669	0.69537
267 A	0.25251	0.05213	0.69535
268 A	0.25019	0.05446	0.69535
269 C	0.24919	0.05537	0.69544
270 A	0.24887	0.05580	0.69533
271 C	0.24925	0.05539	0.69536
272 A	0.25012	0.05464	0.69523
273 T	0.25171	0.05302	0.69526
274 A	0.25217	0.05255	0.69527
275 T	0.25438	0.04813	0.69748
276 T	0.25484	0.04570	0.69946
277 A	0.25473	0.04171	0.70356
278 G	0.25464	0.03537	0.70998
279 A	0.25472	0.03354	0.71174
280 G	0.25485	0.03090	0.71424
281 A	0.25502	0.03030	0.71468
282 T	0.25574	0.02792	0.71634
283 G	0.25631	0.02614	0.71755
284 T	0.25713	0.02467	0.71821
285 G	0.25720	0.02452	0.71828
286 G	0.25806	0.02314	0.7188
287 A	0.25900	0.02137	0.71963
288 T	0.25959	0.01846	0.72195
289 G	0.25974	0.01594	0.72433
290 C	0.25988	0.01150	0.72862
291 T	0.26004	0.01063	0.72932
292 A	0.26005	0.01043	0.72953
293 T	0.26021	0.00992	0.72988
294 T	0.26030	0.00967	0.73003
295 T	0.26036	0.00952	0.73013
296 G	0.26027	0.00936	0.73037
297 T	0.26028	0.00907	0.73065
298 C	0.26004	0.00957	0.73039
299 A	0.25990	0.01058	0.72951
300 T	0.25997	0.01082	0.7292
301 G	0.26001	0.01176	0.72823
302 T	0.26019	0.01317	0.72664
303 A	0.26021	0.01592	0.72387
304 G	0.26053	0.01987	0.71959
305 T	0.26094	0.02157	0.7175
306 T	0.25948	0.02704	0.71348
307 A	0.25443	0.03523	0.71035
308 A	0.25295	0.03791	0.70914
309 A	0.25109	0.04132	0.70759
310 T	0.25097	0.04202	0.70701
311 G	0.25054	0.04288	0.70658
312 T	0.25077	0.04311	0.70612
313 T	0.25031	0.04466	0.70503
314 T	0.24893	0.04695	0.70412
315 T	0.24671	0.05052	0.70276
316 G	0.24322	0.05541	0.70137
317 A	0.23955	0.06012	0.70032
318 A	0.23652	0.06329	0.70019
319 G	0.23382	0.06587	0.70031
320 A	0.23252	0.06706	0.70041
321 T	0.23292	0.06639	0.70068
322 C	0.23204	0.06713	0.70083
323 C	0.23207	0.06714	0.70079
324 A	0.23252	0.06719	0.70029
325 A	0.23402	0.06645	0.69953
326 A	0.23670	0.06438	0.69892
327 T	0.24213	0.05953	0.69834
328 A	0.24419	0.05790	0.69791
329 T	0.24859	0.05158	0.69984
330 T	0.25090	0.04433	0.70477
331 A	0.25143	0.04219	0.70638
332 T	0.25261	0.03838	0.70902
333 T	0.25304	0.03717	0.7098
334 C	0.25309	0.03603	0.71087
335 A	0.25346	0.03566	0.71089
336 T	0.25466	0.03361	0.71173
337 G	0.25537	0.03164	0.71299
338 T	0.25662	0.02976	0.71361
339 T	0.25718	0.02894	0.71388
340 A	0.25638	0.02864	0.71497
341 A	0.25570	0.02829	0.71601
342 T	0.25538	0.02830	0.71633
343 G	0.25148	0.03957	0.70896
344 A	0.25029	0.05392	0.69578
345 T	0.24919	0.06698	0.68383
346 A	0.24721	0.09336	0.65943
347 A	0.24656	0.10145	0.65199
348 A	0.24655	0.10480	0.64865
349 G	0.24662	0.10774	0.64565
350 T	0.24717	0.10928	0.64355
351 A	0.24735	0.10944	0.64322
352 G	0.24765	0.10889	0.64346
353 A	0.24782	0.10847	0.6437
354 T	0.24802	0.10773	0.64426
355 C	0.24782	0.10761	0.64458
356 C	0.24799	0.10722	0.6448
357 T	0.24813	0.10706	0.64481
358 A	0.24734	0.10793	0.64473
359 T	0.24670	0.10867	0.64464
360 C	0.24332	0.11227	0.64441
361 G	0.24217	0.11674	0.64108
362 A	0.24065	0.11909	0.64026
363 A	0.24042	0.11926	0.64032
364 G	0.24079	0.11891	0.6403
365 A	0.24433	0.11650	0.63917
366 C	0.25386	0.10321	0.64294
367 A	0.26542	0.09090	0.64368
368 G	0.27806	0.07726	0.64468
369 T	0.30217	0.05320	0.64463
370 T	0.30719	0.04886	0.64396
371 C	0.30664	0.05001	0.64335
372 T	0.30576	0.05459	0.63965
373 A	0.30317	0.06001	0.63682
374 T	0.30219	0.06191	0.6359
375 T	0.30008	0.06573	0.63418
376 A	0.29829	0.06896	0.63275
377 T	0.29656	0.07091	0.63254
378 T	0.29369	0.07432	0.63199
379 G	0.28975	0.07819	0.63206
380 A	0.28792	0.07994	0.63214
381 A	0.28528	0.08136	0.63337
382 A	0.28438	0.08106	0.63457
383 C	0.28384	0.07839	0.63777
384 A	0.28659	0.07502	0.63838
385 G	0.28801	0.07180	0.64019
386 A	0.28934	0.06980	0.64085
387 A	0.29047	0.06809	0.64144
388 T	0.29218	0.06652	0.6413
389 T	0.29300	0.06494	0.64207
390 A	0.29329	0.06196	0.64475
391 A	0.29379	0.05823	0.64798
392 T	0.29761	0.05101	0.65138
393 T	0.30046	0.04641	0.65312
394 C	0.30196	0.04211	0.65592
395 T	0.30539	0.03698	0.65763
396 T	0.30681	0.03408	0.65911
397 T	0.30413	0.03882	0.65705
398 C	0.29288	0.05340	0.65372
399 T	0.28760	0.08634	0.62606
400 G	0.28339	0.13174	0.58487
401 A	0.28095	0.16179	0.55725
402 T	0.27888	0.17415	0.54697
403 T	0.27425	0.19130	0.53445
404 T	0.23277	0.25001	0.51722
405 A	0.19950	0.28599	0.51452
406 G	0.19191	0.29477	0.51332
407 A	0.18648	0.30355	0.50996
408 A	0.18483	0.31021	0.50496
409 C	0.18539	0.31523	0.49938
410 A	0.18602	0.32422	0.48976
411 A	0.18574	0.33291	0.48136
412 A	0.18475	0.33456	0.48069
413 T	0.18377	0.33581	0.48041
414 C	0.18098	0.33909	0.47993
415 A	0.17789	0.34406	0.47805
416 C	0.17721	0.34534	0.47745
417 A	0.17560	0.34755	0.47685
418 A	0.17401	0.34968	0.47631
419 A	0.17529	0.34857	0.47614
420 A	0.18259	0.33790	0.47951
421 C	0.19296	0.31401	0.49304
422 G	0.22932	0.27197	0.49871
423 T	0.28117	0.21975	0.49908
424 T	0.30700	0.19305	0.49995
425 T	0.31178	0.18653	0.5017
426 A	0.30566	0.18967	0.50468
427 T	0.30453	0.14211	0.55337
428 C	0.25715	0.16457	0.57828
429 C	0.21659	0.21464	0.56878
430 A	0.20450	0.30698	0.48852
431 A	0.20338	0.35861	0.43801
432 A	0.20521	0.37874	0.41605
433 A	0.21373	0.37928	0.40699
434 T	0.22204	0.37361	0.40434
435 T	0.21996	0.37632	0.40372
436 A	0.21601	0.38357	0.40042
437 A	0.21325	0.38756	0.39919
438 T	0.20624	0.39165	0.40211
439 A	0.17133	0.42750	0.40117
440 A	0.15553	0.44278	0.40169
441 A	0.14086	0.45666	0.40248
442 C	0.11884	0.47795	0.40321
443 A	0.09013	0.51096	0.39891
444 A	0.07245	0.53379	0.39376
445 A	0.06110	0.55526	0.38364
446 A	0.05588	0.56986	0.37426
447 A	0.05460	0.57860	0.3668
448 A	0.05597	0.57296	0.37107
449 A	0.06123	0.55313	0.38564
450 A	0.07109	0.52380	0.40511
451 T	0.09388	0.44916	0.45696
452 C	0.11754	0.39002	0.49245
453 T	0.19456	0.30387	0.50156
454 T	0.22813	0.26685	0.50502
455 C	0.23828	0.25487	0.50685
456 T	0.24205	0.25187	0.50608
457 T	0.23959	0.25577	0.50464
458 T	0.23353	0.26334	0.50314
459 A	0.21212	0.29036	0.49752
460 A	0.20249	0.31167	0.48584
461 A	0.19122	0.32388	0.4849
462 T	0.18531	0.29731	0.51738
463 A	0.16419	0.31773	0.51808
464 A	0.12586	0.35648	0.51765
465 A	0.09548	0.39512	0.5094
466 G	0.09108	0.38540	0.52352
467 A	0.09253	0.37785	0.52962
468 A	0.10268	0.35835	0.53897
469 G	0.11214	0.34190	0.54596
470 T	0.11958	0.33486	0.54556
471 T	0.11839	0.34218	0.53944
472 T	0.11191	0.35789	0.5302
473 T	0.09932	0.37990	0.52079
474 A	0.06866	0.43166	0.49968
475 G	0.05151	0.47399	0.4745
476 A	0.04340	0.52832	0.42827
477 A	0.03993	0.54396	0.41611
478 G	0.03761	0.55123	0.41116
479 A	0.03640	0.56065	0.40295
480 A	0.03577	0.56627	0.39796
481 G	0.03784	0.56454	0.39762
482 A	0.04338	0.55861	0.39801
483 A	0.05463	0.54740	0.39798
484 G	0.06620	0.53240	0.4014
485 A	0.07449	0.53039	0.39512
486 A	0.09089	0.50031	0.4088
487 A	0.10713	0.45072	0.44215
488 T	0.13822	0.39457	0.46721
489 A	0.15021	0.37789	0.47189
490 T	0.16143	0.36483	0.47374
491 T	0.16312	0.36585	0.47104
492 A	0.15832	0.37474	0.46694
493 A	0.15534	0.38014	0.46453
494 A	0.15370	0.38165	0.46465
495 T	0.16109	0.37146	0.46745
496 A	0.16149	0.37665	0.46187
497 A	0.17494	0.35732	0.46774
498 A	0.19422	0.34172	0.46406
499 T	0.23049	0.31970	0.44982
500 T	0.22368	0.35158	0.42474
501 A	0.20840	0.42289	0.36871
502 A	0.20581	0.42937	0.36482
503 A	0.20906	0.42373	0.36721
504 A	0.21542	0.41489	0.36969
505 T	0.23258	0.39529	0.37214
506 C	0.24091	0.38569	0.3734
507 C	0.24844	0.37935	0.37222
508 T	0.25832	0.37314	0.36854
509 A	0.25107	0.38294	0.36599
510 T	0.24867	0.38641	0.36492
511 T	0.24209	0.39523	0.36268
512 T	0.23687	0.40123	0.36191
513 A	0.22712	0.41054	0.36233
514 G	0.22074	0.41479	0.36446
515 A	0.21765	0.41582	0.36654
516 A	0.19434	0.43842	0.36724
517 A	0.18081	0.44616	0.37303
518 A	0.15906	0.46431	0.37663
519 A	0.14725	0.46781	0.38494
520 G	0.16084	0.44438	0.39478
521 A	0.18323	0.41406	0.40271
522 T	0.20886	0.37531	0.41583
523 A	0.22973	0.33902	0.43126
524 T	0.27663	0.27497	0.4484
525 T	0.27574	0.26843	0.45584
526 A	0.26414	0.27826	0.4576
527 A	0.26046	0.27802	0.46152
528 T	0.25915	0.27396	0.46689
529 A	0.25616	0.27162	0.47223
530 T	0.25617	0.26521	0.47862
531 T	0.25722	0.25565	0.48712
532 T	0.25246	0.24566	0.50188
533 C	0.23872	0.24789	0.5134
534 T	0.23002	0.25233	0.51764
535 C	0.21244	0.26803	0.51954
536 A	0.20003	0.28458	0.51539
537 A	0.19792	0.28566	0.51642
538 A	0.19910	0.28179	0.51912
539 T	0.20343	0.24999	0.54657
540 T	0.20377	0.23533	0.5609
541 A	0.19781	0.21153	0.59066
542 G	0.19021	0.19082	0.61897
543 T	0.18229	0.19440	0.62331
544 T	0.16814	0.21070	0.62116
545 G	0.15607	0.23531	0.60863
546 G	0.14636	0.27540	0.57825
547 A	0.14044	0.30460	0.55495
548 A	0.13728	0.31601	0.54671
549 T	0.13579	0.31897	0.54525
550 A	0.12478	0.35742	0.5178
551 A	0.11538	0.40060	0.48402
552 A	0.10604	0.44348	0.45048
553 G	0.09417	0.50776	0.39807
554 A	0.08855	0.54224	0.3692
555 A	0.08626	0.55675	0.35699
556 G	0.08591	0.55439	0.3597
557 A	0.08688	0.55258	0.36055
558 A	0.08870	0.54407	0.36723
559 T	0.09484	0.53746	0.36769
560 T	0.09676	0.54477	0.35847
561 A	0.09657	0.55647	0.34696
562 A	0.09694	0.56353	0.33953
563 A	0.09777	0.56555	0.33668
564 A	0.10009	0.55820	0.34171
565 A	0.10506	0.54472	0.35022
566 T	0.11767	0.52262	0.35971
567 A	0.12611	0.50364	0.37026
568 A	0.14369	0.47600	0.3803
569 T	0.17786	0.43128	0.39086
570 T	0.19953	0.40277	0.3977
571 A	0.20782	0.39131	0.40087
572 A	0.21930	0.37692	0.40378
573 A	0.24803	0.33964	0.41233
574 A	0.28528	0.29428	0.42044
575 A	0.33187	0.24051	0.42762
576 T	0.40512	0.15753	0.43735
577 T	0.43917	0.12420	0.43663
578 T	0.45552	0.11214	0.43234
579 T	0.46146	0.11797	0.42058
580 A	0.46433	0.12439	0.41128
581 A	0.46899	0.12793	0.40308
582 T	0.47971	0.12433	0.39596
583 T	0.48970	0.12019	0.3901
584 T	0.49383	0.12022	0.38595
585 A	0.48852	0.13048	0.381
586 T	0.48412	0.13509	0.38079
587 T	0.47354	0.14612	0.38033
588 A	0.44798	0.17301	0.37902
589 T	0.43748	0.18349	0.37903
590 C	0.42605	0.19488	0.37906
591 T	0.41944	0.20177	0.37879
592 T	0.40720	0.21468	0.37812
593 C	0.38158	0.24074	0.37767
594 A	0.34887	0.27380	0.37733
595 A	0.32052	0.30223	0.37725
596 A	0.31019	0.31239	0.37742
597 A	0.30918	0.31325	0.37757
598 C	0.31308	0.30913	0.3778
599 C	0.31799	0.30382	0.37819
600 T	0.32652	0.29510	0.37838
601 A	0.33270	0.28871	0.37859
602 T	0.34605	0.27499	0.37895
603 G	0.35404	0.26658	0.37938
604 A	0.36321	0.25611	0.38068
605 T	0.37201	0.23903	0.38896
606 T	0.37695	0.22791	0.39513
607 T	0.37883	0.21816	0.40301
608 A	0.37850	0.21135	0.41015
609 T	0.37747	0.20532	0.41721
610 A	0.37248	0.20849	0.41904
611 T	0.37105	0.18878	0.44017
612 T	0.36743	0.17991	0.45266
613 G	0.36124	0.17162	0.46715
614 G	0.35686	0.17089	0.47226
615 T	0.35592	0.16745	0.47663
616 A	0.35483	0.15938	0.4858
617 A	0.35456	0.14033	0.50511
618 T	0.35451	0.11387	0.53163
619 T	0.35386	0.10578	0.54035
620 T	0.35270	0.10735	0.53995
621 T	0.34595	0.11568	0.53837
622 C	0.33577	0.12797	0.53626
623 A	0.32446	0.14795	0.52759
624 A	0.30779	0.17200	0.52021
625 G	0.30094	0.19007	0.50898
626 A	0.29666	0.21673	0.48661
627 A	0.29294	0.25569	0.45137
628 A	0.28990	0.28520	0.4249
629 A	0.28929	0.29817	0.41254
630 A	0.28800	0.31680	0.39521
631 G	0.29023	0.33273	0.37704
632 A	0.29528	0.34145	0.36327
633 T	0.30804	0.32934	0.36262
634 T	0.31460	0.32026	0.36514
635 T	0.31845	0.31426	0.36729
636 A	0.31981	0.30955	0.37064
637 T	0.32447	0.30160	0.37393
638 C	0.32602	0.29894	0.37504
639 A	0.32976	0.29516	0.37508
640 T	0.33577	0.28949	0.37473
641 A	0.33651	0.28914	0.37435
642 T	0.33964	0.28590	0.37446
643 T	0.34010	0.28449	0.3754
644 T	0.33888	0.27825	0.38287
645 A	0.33634	0.27384	0.38982
646 A	0.33899	0.26248	0.39853
647 C	0.34323	0.24478	0.41199
648 A	0.34953	0.24268	0.40779
649 A	0.36977	0.22388	0.40635
650 A	0.40645	0.18980	0.40376
651 T	0.43763	0.15796	0.40442
652 A	0.45178	0.14463	0.40359
653 A	0.47256	0.12108	0.40636
654 T	0.49842	0.09341	0.40818
655 T	0.51353	0.07810	0.40837
656 T	0.51884	0.07609	0.40506
657 T	0.52023	0.07815	0.40162
658 T	0.52078	0.08520	0.39402
659 T	0.52098	0.09067	0.38834
660 T	0.51926	0.10135	0.3794
661 T	0.51524	0.11897	0.36579
662 A	0.49295	0.14886	0.35819
663 T	0.48645	0.15593	0.35762
664 A	0.47153	0.17180	0.35667
665 A	0.45957	0.18370	0.35673
666 A	0.44998	0.18934	0.36068
667 C	0.44786	0.18899	0.36314
668 A	0.44261	0.19505	0.36233
669 A	0.43959	0.19864	0.36177
670 A	0.43803	0.20124	0.36074
671 T	0.44320	0.19308	0.36372
672 G	0.43085	0.20591	0.36324
673 T	0.42675	0.20938	0.36386
674 G	0.40224	0.23389	0.36387
675 C	0.38078	0.25473	0.3645
676 A	0.36207	0.27446	0.36348
677 C	0.35181	0.28549	0.36271
678 A	0.34479	0.29664	0.35857
679 C	0.33822	0.30749	0.35429
680 A	0.33323	0.32916	0.33761
681 T	0.33550	0.32812	0.33638
682 A	0.33000	0.33465	0.33535
683 G	0.32632	0.33589	0.33779
684 T	0.32690	0.33228	0.34082
685 C	0.30992	0.32768	0.36241
686 A	0.28244	0.35140	0.36616
687 A	0.27267	0.35313	0.3742
688 A	0.26948	0.35538	0.37513
689 C	0.26653	0.35529	0.37819
690 A	0.26437	0.36572	0.36991
691 A	0.26463	0.36355	0.37182
692 A	0.26493	0.36059	0.37448
693 A	0.26345	0.35802	0.37853
694 G	0.26209	0.35684	0.38107
695 G	0.26161	0.33762	0.40077
696 A	0.26067	0.32794	0.4114
697 A	0.26070	0.30066	0.43864
698 G	0.26127	0.27178	0.46695
699 A	0.26292	0.24798	0.48911
700 G	0.26517	0.23191	0.50292
701 A	0.26959	0.21922	0.51118
702 A	0.27542	0.19825	0.52634
703 T	0.29124	0.16432	0.54444
704 T	0.29324	0.14830	0.55845
705 T	0.29418	0.13645	0.56937
706 A	0.29438	0.12656	0.57906
707 T	0.29474	0.11298	0.59228
708 A	0.29362	0.09519	0.61119
709 C	0.29246	0.06741	0.64013
710 C	0.29360	0.06088	0.64553
711 T	0.29899	0.06391	0.6371
712 G	0.29933	0.08720	0.61347
713 T	0.30592	0.10860	0.58548
714 T	0.30337	0.12779	0.56884
715 T	0.29933	0.14140	0.55927
716 G	0.29609	0.16561	0.5383
717 T	0.29651	0.18471	0.51878
718 A	0.29571	0.20897	0.49531
719 T	0.29620	0.21345	0.49035
720 T	0.29644	0.21964	0.48391
721 T	0.29625	0.22639	0.47735
722 T	0.29549	0.23313	0.47139
723 G	0.29311	0.24105	0.46584
724 T	0.29272	0.24368	0.46359
725 T	0.29012	0.24855	0.46133
726 A	0.28618	0.25471	0.45911
727 G	0.28289	0.25963	0.45748
728 A	0.28104	0.26300	0.45596
729 A	0.27924	0.26553	0.45522
730 A	0.27818	0.26714	0.45468
731 A	0.27785	0.26661	0.45553
732 A	0.27916	0.26314	0.4577
733 G	0.28259	0.25819	0.45922
734 A	0.29559	0.24493	0.45949
735 A	0.32945	0.20908	0.46147
736 T	0.37433	0.16014	0.46553
737 T	0.39187	0.13660	0.47152
738 A	0.39841	0.12504	0.47655
739 T	0.41798	0.10205	0.47997
740 C	0.43355	0.08456	0.48189
741 T	0.45565	0.06161	0.48275
742 C	0.46082	0.05575	0.48344
743 T	0.46595	0.05575	0.4783
744 T	0.46066	0.07041	0.46893
745 T	0.42652	0.13410	0.43938
746 T	0.36914	0.23111	0.39974
747 A	0.24606	0.38541	0.36853
748 A	0.19325	0.44792	0.35882
749 A	0.16716	0.47732	0.35552
750 T	0.15260	0.49099	0.35641
751 A	0.11545	0.53029	0.35426
752 A	0.07641	0.57038	0.3532
753 A	0.06123	0.58641	0.35236
754 G	0.05609	0.59366	0.35025
755 A	0.05191	0.60019	0.34789
756 A	0.04968	0.60260	0.34772
757 G	0.04894	0.60329	0.34777
758 A	0.04898	0.60367	0.34736
759 A	0.04854	0.60426	0.34721
760 C	0.04812	0.60483	0.34706
761 A	0.04761	0.60580	0.34659
762 A	0.04697	0.60703	0.346
763 A	0.04667	0.60778	0.34556
764 A	0.04784	0.60630	0.34586
765 A	0.05017	0.60280	0.34703
766 A	0.05870	0.58311	0.35819
767 A	0.07202	0.54731	0.38067
768 T	0.11062	0.45198	0.4374
769 T	0.15748	0.33470	0.50782
770 T	0.18573	0.19614	0.61813
771 T	0.19235	0.15354	0.65411
772 T	0.19381	0.13466	0.67153
773 T	0.19359	0.12377	0.68264
774 A	0.19070	0.10099	0.7083
775 T	0.19068	0.06333	0.74599
776 C	0.19075	0.05355	0.7557
777 T	0.19323	0.06508	0.74169
778 A	0.19446	0.09167	0.71387
779 T	0.19455	0.10349	0.70196
780 G	0.19368	0.11260	0.69372
781 T	0.19355	0.12091	0.68553
782 A	0.19297	0.13389	0.67314
783 T	0.19322	0.14209	0.66469
784 A	0.19301	0.16269	0.6443
785 A	0.19302	0.17487	0.63211
786 T	0.19294	0.18556	0.62151
787 T	0.19083	0.20826	0.60091
788 T	0.16741	0.28695	0.54564
789 A	0.10765	0.45464	0.43771
790 A	0.08690	0.50036	0.41274
791 A	0.07989	0.51479	0.40532
792 A	0.07500	0.52439	0.4006
793 A	0.07334	0.52792	0.39874
794 A	0.07737	0.52353	0.39911
795 T	0.08067	0.51906	0.40027
796 A	0.08264	0.51579	0.40157
797 G	0.08776	0.50708	0.40517
798 C	0.09498	0.49819	0.40682
799 G	0.10165	0.49104	0.40731
800 C	0.11949	0.47350	0.407
801 T	0.15041	0.44307	0.40651
802 T	0.16168	0.43295	0.40537
803 T	0.16382	0.43151	0.40466
804 A	0.15763	0.43800	0.40437
805 C	0.15288	0.44283	0.4043
806 A	0.14545	0.45139	0.40317
807 A	0.14528	0.45141	0.40331
808 G	0.15059	0.44572	0.40369
809 A	0.16216	0.43576	0.40209
810 A	0.18563	0.41242	0.40195
811 A	0.24533	0.32985	0.42483
812 T	0.34907	0.16870	0.48223
813 T	0.36676	0.13151	0.50173
814 A	0.36817	0.12439	0.50744
815 T	0.36354	0.12540	0.51105
816 T	0.34998	0.14003	0.51
817 C	0.31809	0.17553	0.50637
818 A	0.26518	0.23626	0.49855
819 A	0.24689	0.25753	0.49558
820 A	0.23670	0.27182	0.49148
821 A	0.23004	0.28385	0.48612
822 A	0.22338	0.29206	0.48456
823 A	0.21004	0.30275	0.48721
824 G	0.20852	0.30030	0.49118
825 T	0.20997	0.30711	0.48293
826 T	0.21038	0.33781	0.45181
827 A	0.20920	0.34474	0.44605
828 T	0.20894	0.33663	0.45443
829 A	0.20489	0.33235	0.46276
830 A	0.20353	0.31939	0.47708
831 A	0.20028	0.31434	0.48538
832 C	0.20127	0.30609	0.49263
833 T	0.20279	0.30340	0.49381
834 A	0.20310	0.30258	0.49433
835 T	0.20330	0.30045	0.49626
836 T	0.20226	0.29816	0.49958
837 A	0.20088	0.29685	0.50227
838 G	0.20193	0.27277	0.5253
839 G	0.20574	0.25087	0.54338
840 T	0.21265	0.21459	0.57276
841 T	0.22118	0.17026	0.60856
842 T	0.22391	0.15434	0.62175
843 A	0.22302	0.15192	0.62505
844 A	0.22432	0.14520	0.63047
845 A	0.22499	0.13721	0.6378
846 C	0.22731	0.11900	0.65369
847 A	0.22998	0.11451	0.65551
848 C	0.24434	0.09878	0.65688
849 T	0.27988	0.06347	0.65665
850 T	0.28969	0.05434	0.65597
851 A	0.28866	0.05736	0.65399
852 C	0.28857	0.05504	0.65639
853 T	0.28918	0.05473	0.6561
854 T	0.28905	0.05293	0.65802
855 T	0.28742	0.05698	0.65559
856 A	0.28442	0.05953	0.65606
857 C	0.28231	0.06099	0.65671
858 T	0.27071	0.07463	0.65466
859 T	0.25968	0.09568	0.64463
860 C	0.22101	0.15881	0.62017
861 A	0.18372	0.21993	0.59635
862 G	0.17232	0.24724	0.58044
863 G	0.16483	0.28901	0.54615
864 A	0.16106	0.33353	0.50541
865 A	0.16047	0.37561	0.46392
866 A	0.16179	0.38681	0.4514
867 A	0.16169	0.39061	0.4477
868 A	0.16149	0.39404	0.44448
869 A	0.16095	0.39612	0.44292
870 A	0.16050	0.39706	0.44245
871 G	0.16020	0.39661	0.44319
872 A	0.16060	0.39580	0.4436
873 A	0.16194	0.39342	0.44464
874 A	0.16453	0.38897	0.4465
875 C	0.16773	0.38345	0.44882
876 A	0.16877	0.38221	0.44901
877 A	0.17065	0.37942	0.44994
878 A	0.17396	0.37415	0.45189
879 A	0.17503	0.36866	0.45632
880 G	0.17665	0.36125	0.46211
881 C	0.18294	0.32610	0.49096
882 A	0.20127	0.29679	0.50194
883 T	0.24037	0.22408	0.53555
884 G	0.26413	0.17477	0.5611
885 G	0.28045	0.14935	0.57019
886 C	0.30945	0.11422	0.57633
887 C	0.34452	0.07439	0.58109
888 T	0.38711	0.03119	0.5817
889 T	0.39980	0.01843	0.58177
890 T	0.40313	0.01577	0.58111
891 T	0.40406	0.01562	0.58032
892 T	0.40389	0.02119	0.57492
893 T	0.39625	0.03742	0.56634
894 G	0.33577	0.10228	0.56195
895 A	0.30698	0.14577	0.54724
896 A	0.29206	0.16481	0.54313
897 A	0.28066	0.18306	0.53627
898 G	0.27400	0.19443	0.53157
899 G	0.27038	0.19985	0.52977
900 A	0.26891	0.20513	0.52596
901 A	0.26861	0.20621	0.52517
902 T	0.26863	0.20658	0.52479
903 G	0.26820	0.20741	0.52439
904 A	0.26809	0.20750	0.52441
905 C	0.26802	0.20749	0.52448
906 T	0.26784	0.20767	0.52448
907 G	0.26736	0.20812	0.52451
908 C	0.26732	0.20815	0.52453
909 T	0.26755	0.20794	0.52452
910 C	0.26752	0.20799	0.52449
911 C	0.26770	0.20784	0.52447
912 A	0.26831	0.20745	0.52424
913 G	0.26959	0.20636	0.52405
914 A	0.27104	0.20475	0.52421
915 A	0.27857	0.19673	0.5247
916 T	0.29077	0.17537	0.53385
917 G	0.29671	0.10376	0.59953
918 T	0.31041	0.06170	0.62789
919 G	0.31314	0.04482	0.64204
920 G	0.31897	0.03098	0.65005
921 T	0.32384	0.02189	0.65427
922 G	0.32550	0.01848	0.65602
923 G	0.32868	0.01551	0.65581
924 T	0.32990	0.01647	0.65363
925 A	0.33034	0.02444	0.64522
926 T	0.33002	0.05641	0.61357
927 A	0.32853	0.06481	0.60667
928 A	0.32755	0.06992	0.60253
929 T	0.32720	0.07131	0.60149
930 T	0.32650	0.07242	0.60108
931 C	0.32536	0.07632	0.59833
932 A	0.32485	0.07978	0.59537
933 T	0.32443	0.08085	0.59471
934 A	0.32325	0.08235	0.59439
935 G	0.32283	0.08273	0.59443
936 T	0.32244	0.08341	0.59414
937 G	0.32182	0.08429	0.59389
938 A	0.32148	0.08515	0.59337
939 T	0.32201	0.08446	0.59352
940 T	0.32224	0.08412	0.59364
941 T	0.32186	0.08445	0.59369
942 T	0.32107	0.08553	0.59341
943 C	0.31899	0.08892	0.5921
944 A	0.31659	0.09817	0.58524
945 A	0.31107	0.11042	0.57851
946 A	0.30699	0.11697	0.57604
947 G	0.30763	0.11694	0.57543
948 A	0.31558	0.10967	0.57476
949 G	0.34519	0.07935	0.57545
950 G	0.35375	0.06939	0.57686
951 T	0.36142	0.06096	0.57761
952 T	0.36387	0.05902	0.57711
953 T	0.36443	0.05898	0.57658
954 T	0.36462	0.05929	0.57608
955 A	0.36101	0.06552	0.57347
956 T	0.36000	0.06739	0.57262
957 T	0.35777	0.07082	0.57141
958 A	0.35417	0.07433	0.57151
959 A	0.35115	0.07712	0.57173
960 A	0.34793	0.07987	0.57219
961 G	0.34487	0.08249	0.57264
962 C	0.34364	0.08335	0.57302
963 A	0.34310	0.08421	0.57269
964 G	0.34350	0.08337	0.57313
965 A	0.34450	0.08212	0.57338
966 A	0.34650	0.07885	0.57464
967 G	0.35330	0.06983	0.57686
968 T	0.36076	0.05564	0.58361
969 T	0.36344	0.04761	0.58896
970 T	0.36406	0.04511	0.59083
971 G	0.36446	0.04506	0.59048
972 T	0.36499	0.04758	0.58743
973 A	0.36515	0.05651	0.57834
974 A	0.36569	0.05862	0.5757
975 T	0.36743	0.05760	0.57497
976 T	0.36889	0.05773	0.57339
977 A	0.37002	0.05818	0.5718
978 T	0.37260	0.05308	0.57433
979 G	0.37330	0.05471	0.57199
980 T	0.37470	0.05463	0.57067
981 A	0.37389	0.05625	0.56987
982 G	0.37377	0.05625	0.56998
983 A	0.37393	0.05497	0.5711
984 T	0.37423	0.05253	0.57324
985 T	0.37406	0.05216	0.57378
986 T	0.37421	0.05223	0.57356
987 A	0.37343	0.05558	0.57099
988 G	0.37304	0.05795	0.56901
989 T	0.37293	0.05864	0.56843
990 T	0.37102	0.06161	0.56737
991 A	0.36598	0.06677	0.56725
992 A	0.36410	0.06868	0.56722
993 C	0.36256	0.07010	0.56733
994 G	0.36095	0.07165	0.5674
995 C	0.36199	0.07058	0.56743
996 T	0.37125	0.06133	0.56742
997 C	0.37209	0.06054	0.56737
998 C	0.37127	0.06169	0.56705
999 T	0.37039	0.06331	0.5663
1000 A	0.36417	0.07064	0.56519
1001 A	0.36470	0.07068	0.56462
1002 T	0.36983	0.06591	0.56425
1003 T	0.37294	0.06349	0.56357
1004 T	0.37480	0.06048	0.56472
1005 T	0.37339	0.06142	0.56519
1006 A	0.35493	0.08010	0.56498
1007 T	0.33724	0.09773	0.56503
1008 C	0.29692	0.13793	0.56516
1009 A	0.27366	0.16247	0.56387
1010 A	0.26190	0.17462	0.56347
1011 A	0.24854	0.18800	0.56346
1012 G	0.24075	0.19558	0.56367
1013 T	0.23413	0.20158	0.56429
1014 T	0.22139	0.21061	0.568
1015 A	0.20211	0.22897	0.56892
1016 A	0.18502	0.24502	0.56997
1017 A	0.17605	0.25187	0.57208
1018 G	0.16941	0.25548	0.5751
1019 A	0.16395	0.26007	0.57598
1020 A	0.16101	0.26145	0.57754
1021 A	0.15923	0.26120	0.57957
1022 A	0.15841	0.25867	0.58293
1023 C	0.15790	0.25006	0.59204
1024 G	0.15687	0.25184	0.59129
1025 G	0.15600	0.25612	0.58788
1026 T	0.15600	0.26550	0.5785
1027 A	0.15408	0.28702	0.5589
1028 A	0.15334	0.29421	0.55245
1029 A	0.15341	0.27667	0.56992
1030 T	0.15345	0.25696	0.58959
1031 T	0.15254	0.22236	0.62511
1032 A	0.15153	0.20940	0.63907
1033 A	0.15144	0.20026	0.6483
1034 G	0.15120	0.18641	0.66238
1035 A	0.15105	0.18012	0.66883
1036 T	0.15194	0.16902	0.67904
1037 T	0.15209	0.15776	0.69015
1038 A	0.15146	0.14722	0.70132
1039 G	0.15105	0.13594	0.71301
1040 A	0.15068	0.13477	0.71455
1041 A	0.15082	0.13381	0.71537
1042 G	0.15079	0.13543	0.71378
1043 G	0.15041	0.14278	0.7068
1044 A	0.15061	0.15731	0.69208
1045 A	0.15134	0.17907	0.66959
1046 A	0.15311	0.19086	0.65604
1047 A	0.15768	0.19622	0.6461
1048 A	0.16310	0.20951	0.62739
1049 A	0.17442	0.20340	0.62218
1050 T	0.19735	0.18546	0.61719
1051 T	0.20608	0.18199	0.61194
1052 A	0.20963	0.18276	0.60761
1053 T	0.21412	0.18143	0.60444
1054 T	0.21586	0.18170	0.60244
1055 T	0.21746	0.18142	0.60112
1056 A	0.21762	0.18177	0.60062
1057 G	0.21990	0.17963	0.60048
1058 T	0.22296	0.17634	0.6007
1059 T	0.22373	0.17566	0.60062
1060 C	0.22362	0.17579	0.60058
1061 A	0.22467	0.17560	0.59974
1062 A	0.22559	0.17481	0.59961
1063 G	0.22897	0.17131	0.59972
1064 A	0.23463	0.16587	0.5995
1065 T	0.24500	0.15527	0.59974
1066 G	0.25349	0.14587	0.60064
1067 G	0.26813	0.13075	0.60113
1068 A	0.28945	0.10927	0.60127
1069 G	0.30433	0.09436	0.60131
1070 A	0.31679	0.08209	0.60111
1071 T	0.34078	0.05848	0.60073
1072 A	0.34888	0.05081	0.60031
1073 T	0.35938	0.04035	0.60026
1074 T	0.36561	0.03413	0.60025
1075 A	0.36946	0.03009	0.60045
1076 T	0.37288	0.02623	0.60089
1077 T	0.37545	0.02318	0.60137
1078 A	0.37694	0.02113	0.60193
1079 C	0.37836	0.01807	0.60357
1080 T	0.38009	0.01609	0.60383
1081 T	0.38000	0.01635	0.60365
1082 T	0.38064	0.01547	0.6039
1083 T	0.38097	0.01470	0.60432
1084 T	0.38102	0.01440	0.60458
1085 A	0.38102	0.01325	0.60573
1086 T	0.38143	0.01174	0.60683
1087 T	0.38196	0.01055	0.60748
1088 T	0.38218	0.01007	0.60775
1089 T	0.38237	0.00955	0.60809
1090 A	0.38252	0.00921	0.60827
1091 A	0.38277	0.00867	0.60856
1092 T	0.38316	0.00793	0.60892
1093 G	0.38349	0.00741	0.6091
1094 T	0.38413	0.00664	0.60923
1095 T	0.38461	0.00602	0.60937
1096 T	0.38477	0.00576	0.60947
1097 C	0.38486	0.00552	0.60962
1098 T	0.38491	0.00539	0.6097
1099 A	0.38493	0.00532	0.60974
1100 A	0.38499	0.00516	0.60985
1101 A	0.38511	0.00482	0.61007
1102 T	0.38536	0.00430	0.61033
1103 A	0.38565	0.00296	0.61138
1104 A	0.38634	0.00000	0.61367
