# lcl|CP097583.1_cds_USQ93484.1_1
# AA	inside	membr	outside
1 T	0.94709	0.00000	0.05291
2 T	0.94708	0.00001	0.05291
3 G	0.94708	0.00001	0.05291
4 A	0.94708	0.00035	0.05257
5 T	0.94707	0.00056	0.05237
6 T	0.94707	0.00059	0.05233
7 T	0.94703	0.00066	0.05231
8 T	0.94703	0.00066	0.05231
9 T	0.94701	0.00070	0.0523
10 T	0.94700	0.00109	0.0519
11 A	0.94700	0.00113	0.05187
12 T	0.94692	0.00122	0.05186
13 G	0.94605	0.00212	0.05183
14 C	0.94605	0.00212	0.05183
15 T	0.94605	0.00369	0.05025
16 T	0.94601	0.00374	0.05025
17 C	0.94582	0.00401	0.05017
18 T	0.94582	0.00430	0.04988
19 G	0.94559	0.00490	0.04952
20 T	0.94527	0.01021	0.04453
21 T	0.94334	0.01215	0.0445
22 T	0.94325	0.01239	0.04436
23 T	0.94312	0.01276	0.04412
24 T	0.94275	0.01353	0.04372
25 G	0.94182	0.01591	0.04226
26 C	0.94146	0.01651	0.04203
27 T	0.94074	0.01765	0.04162
28 T	0.93995	0.01859	0.04145
29 T	0.93892	0.01974	0.04134
30 C	0.93656	0.02220	0.04124
31 A	0.93544	0.02380	0.04076
32 C	0.93471	0.02509	0.04021
33 T	0.93367	0.02839	0.03794
34 A	0.93148	0.03090	0.03763
35 A	0.92761	0.03490	0.03749
36 A	0.91775	0.04414	0.03811
37 A	0.91463	0.04741	0.03796
38 C	0.91492	0.04715	0.03794
39 A	0.91398	0.04873	0.03729
40 T	0.91453	0.04809	0.03737
41 A	0.91359	0.04903	0.03738
42 T	0.91221	0.05018	0.0376
43 T	0.91273	0.04963	0.03764
44 C	0.91040	0.05056	0.03904
45 A	0.90827	0.05407	0.03765
46 A	0.90706	0.05552	0.03743
47 A	0.90693	0.05573	0.03734
48 T	0.90778	0.05396	0.03826
49 T	0.90624	0.05505	0.03871
50 C	0.90328	0.05580	0.04092
51 T	0.90003	0.05799	0.04197
52 C	0.89456	0.06245	0.04299
53 C	0.89230	0.06414	0.04356
54 A	0.89018	0.06716	0.04266
55 A	0.88942	0.06787	0.04271
56 T	0.89060	0.06568	0.04372
57 T	0.88970	0.06517	0.04513
58 A	0.88810	0.06320	0.0487
59 C	0.88758	0.05268	0.05974
60 G	0.88738	0.05086	0.06176
61 A	0.88737	0.05005	0.06258
62 A	0.88791	0.04847	0.06362
63 T	0.88790	0.04745	0.06465
64 T	0.88639	0.04872	0.06489
65 C	0.88447	0.04834	0.06719
66 G	0.87402	0.06084	0.06513
67 A	0.86558	0.07510	0.05932
68 A	0.86327	0.08141	0.05533
69 T	0.86134	0.08595	0.05271
70 G	0.85906	0.09093	0.05001
71 A	0.85766	0.09470	0.04765
72 T	0.85641	0.09564	0.04796
73 A	0.85483	0.09794	0.04723
74 T	0.85440	0.09588	0.04973
75 T	0.85372	0.09173	0.05454
76 A	0.85314	0.09025	0.05661
77 T	0.85315	0.08779	0.05906
78 T	0.85227	0.08696	0.06077
79 C	0.85056	0.08752	0.06192
80 C	0.84946	0.08810	0.06244
81 G	0.84043	0.09739	0.06218
82 A	0.83149	0.10748	0.06103
83 C	0.82816	0.11135	0.0605
84 T	0.82528	0.11714	0.05758
85 A	0.82054	0.12363	0.05584
86 A	0.82053	0.12455	0.05492
87 T	0.82206	0.12232	0.05563
88 A	0.82192	0.12287	0.0552
89 A	0.82553	0.11044	0.06403
90 T	0.83293	0.09439	0.07269
91 G	0.83462	0.08938	0.076
92 T	0.83691	0.08603	0.07706
93 T	0.83118	0.09265	0.07617
94 A	0.81296	0.11039	0.07665
95 T	0.80913	0.11304	0.07783
96 T	0.80434	0.11655	0.07911
97 T	0.78432	0.13583	0.07986
98 C	0.71536	0.20489	0.07975
99 T	0.64709	0.27705	0.07586
100 G	0.49560	0.43390	0.07051
101 A	0.43817	0.49949	0.06234
102 A	0.41341	0.52811	0.05848
103 A	0.40297	0.54394	0.05309
104 A	0.39787	0.53988	0.06224
105 T	0.39448	0.53368	0.07183
106 G	0.38364	0.54017	0.07619
107 T	0.38101	0.54028	0.07871
108 C	0.37660	0.54255	0.08086
109 A	0.37197	0.55217	0.07587
110 A	0.37071	0.55517	0.07412
111 A	0.36997	0.55556	0.07447
112 T	0.37102	0.55480	0.07418
113 T	0.36827	0.56292	0.06881
114 A	0.36003	0.57311	0.06686
115 A	0.34066	0.59077	0.06857
116 A	0.32171	0.59508	0.08321
117 T	0.30360	0.58195	0.11445
118 G	0.25797	0.61500	0.12702
119 A	0.21818	0.65304	0.12878
120 A	0.19445	0.66131	0.14425
121 G	0.16879	0.61718	0.21403
122 A	0.14661	0.56932	0.28407
123 A	0.13768	0.44781	0.41451
124 G	0.13061	0.42207	0.44732
125 A	0.12673	0.52810	0.34516
126 A	0.12343	0.68015	0.19641
127 A	0.11470	0.80911	0.07619
128 A	0.10814	0.81607	0.07579
129 T	0.10293	0.81269	0.08438
130 G	0.09287	0.82274	0.08439
131 A	0.08918	0.82885	0.08197
132 C	0.09069	0.82539	0.08392
133 A	0.09175	0.83151	0.07674
134 A	0.09297	0.83260	0.07443
135 A	0.09505	0.83053	0.07442
136 T	0.10162	0.82148	0.07691
137 T	0.10440	0.81482	0.08078
138 A	0.10316	0.79611	0.10073
139 A	0.10277	0.77153	0.1257
140 A	0.10364	0.75141	0.14495
141 T	0.10671	0.70798	0.18532
142 G	0.10283	0.68586	0.21132
143 A	0.10091	0.67864	0.22045
144 A	0.10211	0.66322	0.23467
145 G	0.10594	0.64725	0.24681
146 A	0.11245	0.64348	0.24407
147 A	0.12984	0.63636	0.2338
148 A	0.24777	0.54959	0.20264
149 A	0.40575	0.39379	0.20046
150 T	0.52735	0.26622	0.20643
151 T	0.53385	0.24981	0.21635
152 G	0.53284	0.24313	0.22403
153 T	0.53537	0.23383	0.2308
154 T	0.53816	0.22932	0.23252
155 C	0.53568	0.23468	0.22964
156 A	0.53766	0.25466	0.20768
157 T	0.54009	0.26484	0.19507
158 A	0.53656	0.28598	0.17746
159 T	0.51681	0.33019	0.15299
160 G	0.30273	0.58473	0.11254
161 A	0.19465	0.72658	0.07877
162 A	0.13366	0.80013	0.06621
163 A	0.12967	0.80901	0.06132
164 A	0.12952	0.81171	0.05877
165 T	0.14032	0.79477	0.06491
166 G	0.14663	0.78526	0.06811
167 A	0.15462	0.77701	0.06838
168 A	0.16354	0.76765	0.06881
169 A	0.17718	0.75348	0.06934
170 A	0.20445	0.72539	0.07017
171 T	0.25038	0.67804	0.07159
172 T	0.26135	0.66571	0.07294
173 T	0.26371	0.66227	0.07402
174 A	0.26068	0.66374	0.07558
175 T	0.25767	0.66102	0.08131
176 C	0.24658	0.66843	0.08498
177 C	0.22821	0.68413	0.08766
178 G	0.22475	0.68708	0.08816
179 A	0.24439	0.66828	0.08734
180 A	0.25762	0.65461	0.08777
181 A	0.27331	0.63609	0.0906
182 G	0.29759	0.58637	0.11605
183 T	0.33878	0.32392	0.33729
184 T	0.36999	0.18447	0.44554
185 C	0.36984	0.12407	0.50608
186 A	0.36523	0.13323	0.50153
187 T	0.35970	0.14755	0.49274
188 C	0.34130	0.16947	0.48923
189 T	0.30926	0.21119	0.47955
190 G	0.21203	0.31854	0.46943
191 A	0.11817	0.44228	0.43955
192 A	0.09563	0.59419	0.31018
193 G	0.08207	0.70427	0.21366
194 A	0.07095	0.79807	0.13098
195 A	0.06585	0.82116	0.11299
196 G	0.06490	0.82892	0.10618
197 A	0.06380	0.89083	0.04538
198 A	0.06243	0.90299	0.03457
199 A	0.06224	0.89769	0.04006
200 T	0.06268	0.88265	0.05467
201 A	0.06048	0.88337	0.05616
202 G	0.05685	0.88967	0.05348
203 A	0.05468	0.89719	0.04812
204 A	0.05264	0.90291	0.04446
205 A	0.05151	0.90483	0.04367
206 A	0.05201	0.90325	0.04474
207 A	0.05321	0.89877	0.04803
208 G	0.05576	0.87958	0.06465
209 A	0.06610	0.86043	0.07348
210 T	0.08401	0.82660	0.08939
211 A	0.09130	0.80055	0.10815
212 A	0.10318	0.75780	0.13903
213 A	0.11467	0.65174	0.23359
214 C	0.15038	0.51543	0.33419
215 C	0.27158	0.37723	0.35119
216 G	0.38019	0.26769	0.35211
217 T	0.48717	0.17095	0.34188
218 T	0.50606	0.17401	0.31993
219 A	0.50135	0.20258	0.29608
220 T	0.52454	0.20068	0.27478
221 T	0.50653	0.24363	0.24985
222 A	0.46070	0.38298	0.15632
223 A	0.42030	0.50905	0.07065
224 A	0.41228	0.51728	0.07044
225 T	0.40798	0.51765	0.07437
226 A	0.33428	0.59422	0.0715
227 A	0.22963	0.70543	0.06493
228 C	0.12949	0.81703	0.05348
229 A	0.07415	0.89315	0.0327
230 A	0.06010	0.91946	0.02043
231 A	0.04924	0.93628	0.01448
232 A	0.04695	0.93899	0.01406
233 A	0.04562	0.94048	0.0139
234 T	0.04522	0.93921	0.01557
235 A	0.03932	0.94405	0.01663
236 C	0.03415	0.94830	0.01755
237 A	0.03193	0.95248	0.01559
238 A	0.02807	0.95888	0.01305
239 A	0.03069	0.96002	0.00929
240 A	0.04398	0.94704	0.00898
241 A	0.07151	0.91813	0.01036
242 A	0.10058	0.87194	0.02749
243 T	0.13563	0.81507	0.0493
244 A	0.15567	0.76766	0.07667
245 A	0.22641	0.66245	0.11114
246 T	0.27841	0.57887	0.14272
247 A	0.25105	0.61597	0.13299
248 A	0.24429	0.62735	0.12836
249 A	0.24780	0.56469	0.18751
250 A	0.25570	0.45213	0.29217
251 T	0.27033	0.32827	0.40141
252 T	0.29101	0.25718	0.45181
253 T	0.30332	0.23126	0.46542
254 T	0.30494	0.22130	0.47376
255 C	0.29808	0.22116	0.48076
256 A	0.29470	0.22523	0.48007
257 A	0.29129	0.22896	0.47975
258 A	0.29050	0.22768	0.48182
259 C	0.29097	0.22497	0.48407
260 T	0.29271	0.23772	0.46957
261 A	0.28720	0.26059	0.45221
262 T	0.28154	0.27880	0.43966
263 T	0.25360	0.36780	0.3786
264 A	0.19955	0.54126	0.25919
265 A	0.14018	0.70550	0.15431
266 A	0.11084	0.76404	0.12512
267 A	0.11274	0.76873	0.11853
268 A	0.12642	0.75665	0.11693
269 A	0.13866	0.73286	0.12847
270 A	0.16221	0.69465	0.14315
271 T	0.17406	0.69636	0.12958
272 T	0.16970	0.74525	0.08506
273 A	0.11156	0.86120	0.02723
274 A	0.05074	0.93569	0.01356
275 A	0.04459	0.94299	0.01242
276 A	0.03791	0.94910	0.01299
277 A	0.03106	0.95319	0.01575
278 C	0.03061	0.94763	0.02177
279 A	0.03191	0.94556	0.02253
280 A	0.03436	0.94131	0.02433
281 A	0.03830	0.93660	0.0251
282 A	0.04324	0.93124	0.02552
283 A	0.05801	0.91572	0.02626
284 A	0.08073	0.88027	0.039
285 A	0.09929	0.84626	0.05444
286 G	0.16066	0.75257	0.08677
287 A	0.27170	0.59906	0.12924
288 T	0.37409	0.44798	0.17793
289 C	0.40014	0.39700	0.20285
290 C	0.41323	0.38167	0.20509
291 A	0.42567	0.36872	0.20561
292 A	0.43944	0.35425	0.20631
293 A	0.45790	0.33486	0.20724
294 A	0.48490	0.30663	0.20847
295 T	0.54182	0.23569	0.22248
296 A	0.59468	0.10574	0.29958
297 A	0.61520	0.00000	0.3848
