# lcl|CP097583.1_cds_USQ93520.1_1
# AA	inside	membr	outside
1 T	0.78593	0.00000	0.21407
2 T	0.78421	0.00172	0.21407
3 G	0.78252	0.00341	0.21407
4 A	0.78252	0.01151	0.20597
5 C	0.77387	0.02809	0.19804
6 A	0.77387	0.03098	0.19515
7 C	0.71602	0.08979	0.19419
8 T	0.71601	0.08985	0.19414
9 G	0.67978	0.12699	0.19323
10 A	0.67972	0.17077	0.14952
11 T	0.67574	0.17523	0.14903
12 A	0.49999	0.35132	0.14868
13 T	0.38946	0.46263	0.14791
14 G	0.38941	0.46268	0.14791
15 C	0.38941	0.46751	0.14308
16 A	0.38688	0.47004	0.14308
17 T	0.38531	0.47167	0.14301
18 A	0.38512	0.47208	0.1428
19 A	0.38154	0.47568	0.14278
20 T	0.37358	0.48388	0.14254
21 T	0.35897	0.49833	0.1427
22 G	0.35790	0.49912	0.14298
23 C	0.35725	0.49902	0.14373
24 A	0.35712	0.49890	0.14397
25 A	0.35709	0.49696	0.14595
26 C	0.35749	0.49437	0.14814
27 A	0.36506	0.48618	0.14876
28 T	0.37911	0.46677	0.15412
29 A	0.38362	0.45778	0.15859
30 T	0.39794	0.39254	0.20952
31 T	0.39924	0.38697	0.21378
32 T	0.40039	0.33081	0.26879
33 G	0.40891	0.30610	0.28499
34 A	0.40543	0.30119	0.29339
35 T	0.40539	0.15745	0.43716
36 T	0.40313	0.08150	0.51538
37 T	0.39486	0.10162	0.50351
38 G	0.37821	0.16965	0.45214
39 T	0.36813	0.21292	0.41895
40 A	0.35101	0.25783	0.39116
41 A	0.33541	0.28667	0.37792
42 T	0.32599	0.29875	0.37526
43 C	0.31676	0.30523	0.37801
44 G	0.30327	0.35481	0.34192
45 T	0.29647	0.38347	0.32006
46 G	0.28815	0.40951	0.30234
47 A	0.28048	0.43041	0.28911
48 T	0.27807	0.43931	0.28262
49 A	0.27367	0.49156	0.23477
50 A	0.27207	0.52591	0.20202
51 A	0.27165	0.53868	0.18966
52 A	0.27151	0.54722	0.18126
53 A	0.27121	0.55809	0.1707
54 T	0.27124	0.56143	0.16733
55 A	0.26686	0.57246	0.16068
56 A	0.25708	0.58134	0.16158
57 A	0.25343	0.58154	0.16503
58 C	0.25494	0.57546	0.1696
59 A	0.25920	0.57073	0.17007
60 A	0.27409	0.54890	0.17701
61 G	0.32185	0.48513	0.19302
62 A	0.36084	0.44243	0.19674
63 T	0.40073	0.39800	0.20128
64 G	0.42782	0.37061	0.20156
65 T	0.45184	0.36315	0.18501
66 T	0.46300	0.35532	0.18169
67 T	0.47597	0.33375	0.19028
68 T	0.47234	0.33616	0.1915
69 A	0.45740	0.34656	0.19604
70 C	0.45308	0.34560	0.20131
71 C	0.44731	0.35364	0.19905
72 A	0.45166	0.35556	0.19277
73 C	0.46339	0.35119	0.18542
74 A	0.46228	0.36332	0.1744
75 A	0.46082	0.37145	0.16773
76 G	0.46991	0.36602	0.16406
77 A	0.47665	0.36266	0.1607
78 A	0.48871	0.35240	0.1589
79 T	0.50316	0.32905	0.16779
80 T	0.50572	0.32703	0.16726
81 A	0.49790	0.35159	0.15051
82 A	0.48358	0.37707	0.13936
83 A	0.46628	0.40513	0.1286
84 G	0.41244	0.46872	0.11884
85 A	0.38369	0.50040	0.11591
86 A	0.37599	0.50959	0.11442
87 A	0.38119	0.50083	0.11799
88 G	0.39871	0.47465	0.12664
89 C	0.40466	0.46006	0.13528
90 T	0.40474	0.46004	0.13522
91 A	0.39672	0.46411	0.13917
92 G	0.39205	0.45741	0.15054
93 A	0.38871	0.45703	0.15426
94 T	0.39000	0.44591	0.16409
95 C	0.37929	0.42488	0.19584
96 T	0.37025	0.42161	0.20814
97 A	0.33992	0.44268	0.21739
98 C	0.30404	0.47069	0.22528
99 C	0.26455	0.51228	0.22316
100 G	0.24017	0.54445	0.21538
101 C	0.22637	0.57348	0.20015
102 A	0.21960	0.59813	0.18226
103 A	0.21662	0.61542	0.16796
104 T	0.22969	0.61223	0.15809
105 A	0.22758	0.60840	0.16402
106 G	0.22735	0.59850	0.17416
107 A	0.23076	0.54110	0.22814
108 A	0.23256	0.50449	0.26295
109 T	0.23584	0.48426	0.2799
110 T	0.23494	0.48220	0.28286
111 A	0.22705	0.50711	0.26584
112 A	0.21978	0.53170	0.24852
113 A	0.21339	0.54954	0.23707
114 A	0.18661	0.58611	0.22728
115 A	0.16017	0.62314	0.21669
116 A	0.13054	0.67887	0.19059
117 A	0.11424	0.69575	0.19002
118 G	0.10322	0.68597	0.21081
119 A	0.09453	0.68036	0.22512
120 A	0.09146	0.65163	0.2569
121 G	0.09075	0.61714	0.29211
122 G	0.09685	0.58676	0.31639
123 A	0.10724	0.57298	0.31977
124 T	0.12850	0.55230	0.3192
125 A	0.14025	0.54495	0.3148
126 T	0.14872	0.53680	0.31447
127 G	0.14509	0.53536	0.31955
128 A	0.13853	0.53997	0.3215
129 T	0.13652	0.54233	0.32115
130 G	0.11707	0.57887	0.30406
131 C	0.10102	0.62010	0.27888
132 A	0.09337	0.67203	0.23459
133 A	0.09131	0.70920	0.19949
134 A	0.10141	0.71947	0.17912
135 A	0.11483	0.71807	0.1671
136 A	0.13073	0.70740	0.16186
137 A	0.15326	0.65865	0.1881
138 A	0.17613	0.60867	0.21519
139 T	0.21553	0.53432	0.25016
140 T	0.22603	0.51505	0.25892
141 A	0.21924	0.52815	0.25261
142 A	0.21686	0.54742	0.23572
143 A	0.21603	0.56241	0.22156
144 A	0.20858	0.58251	0.20891
145 A	0.19491	0.60986	0.19522
146 A	0.19144	0.63469	0.17387
147 T	0.20189	0.62987	0.16824
148 A	0.19483	0.64005	0.16511
149 A	0.18487	0.64696	0.16818
150 A	0.17412	0.64697	0.17891
151 G	0.16979	0.64204	0.18816
152 G	0.18212	0.63147	0.18642
153 A	0.21057	0.61317	0.17625
154 T	0.24132	0.56828	0.1904
155 A	0.26373	0.54055	0.19572
156 T	0.28708	0.51094	0.20197
157 A	0.29502	0.49586	0.20912
158 C	0.30278	0.47794	0.21927
159 T	0.30704	0.47444	0.21852
160 G	0.30323	0.48431	0.21245
161 C	0.30218	0.49524	0.20259
162 A	0.29503	0.52129	0.18367
163 A	0.26258	0.57706	0.16036
164 A	0.23936	0.60189	0.15875
165 A	0.23733	0.60620	0.15648
166 G	0.25073	0.59265	0.15661
167 A	0.26863	0.56367	0.16769
168 A	0.28794	0.51624	0.19582
169 T	0.31486	0.45873	0.22641
170 T	0.32197	0.44485	0.23319
171 A	0.31267	0.45435	0.23297
172 A	0.30366	0.46853	0.22781
173 A	0.29654	0.47445	0.22901
174 A	0.29678	0.46660	0.23661
175 G	0.30408	0.45039	0.24552
176 A	0.32817	0.41702	0.2548
177 T	0.33342	0.39741	0.26917
178 G	0.33314	0.38675	0.2801
179 C	0.32432	0.38800	0.28767
180 C	0.31196	0.39736	0.29069
181 G	0.29561	0.42061	0.28378
182 A	0.28531	0.45042	0.26427
183 A	0.28977	0.47348	0.23674
184 T	0.29704	0.46908	0.23388
185 A	0.30318	0.45811	0.23871
186 T	0.32085	0.39792	0.28124
187 A	0.31944	0.36649	0.31406
188 C	0.32196	0.33810	0.33994
189 T	0.32301	0.35191	0.32508
190 G	0.32263	0.39507	0.2823
191 T	0.32370	0.45263	0.22367
192 A	0.30077	0.48326	0.21597
193 A	0.29347	0.49325	0.21327
194 A	0.29392	0.48180	0.22428
195 A	0.30331	0.46321	0.23349
196 C	0.30995	0.44611	0.24394
197 A	0.31517	0.44256	0.24226
198 A	0.31647	0.43964	0.24389
199 T	0.31760	0.43671	0.24569
200 T	0.31507	0.44066	0.24427
201 A	0.30787	0.44888	0.24325
202 A	0.30277	0.44390	0.25332
203 A	0.30254	0.43024	0.26722
204 A	0.30848	0.40673	0.2848
205 G	0.32634	0.37032	0.30334
206 A	0.35448	0.33422	0.3113
207 T	0.36313	0.31280	0.32406
208 G	0.36674	0.29880	0.33446
209 C	0.37215	0.28620	0.34165
210 T	0.38273	0.27262	0.34465
211 G	0.38620	0.26895	0.34485
212 G	0.40128	0.25582	0.34291
213 A	0.44248	0.21496	0.34256
214 T	0.49543	0.16089	0.34368
215 T	0.50273	0.13182	0.36546
216 T	0.50589	0.12634	0.36777
217 A	0.50649	0.12941	0.3641
218 A	0.50831	0.13326	0.35844
219 T	0.50967	0.14110	0.34923
220 T	0.51251	0.14241	0.34508
221 T	0.51244	0.15544	0.33212
222 A	0.50000	0.17194	0.32806
223 G	0.49546	0.17737	0.32718
224 A	0.48720	0.19111	0.3217
225 T	0.48320	0.19391	0.32289
226 C	0.47450	0.20402	0.32149
227 A	0.47496	0.21524	0.3098
228 A	0.47496	0.22515	0.29989
229 T	0.47525	0.23261	0.29214
230 A	0.47447	0.24408	0.28146
231 T	0.47499	0.25496	0.27005
232 A	0.46816	0.26685	0.26498
233 A	0.46671	0.27273	0.26056
234 A	0.46668	0.27889	0.25443
235 T	0.47140	0.27266	0.25594
236 C	0.47166	0.27203	0.2563
237 A	0.47094	0.27853	0.25053
238 G	0.46931	0.28330	0.24738
239 C	0.47643	0.27826	0.24531
240 A	0.48600	0.27330	0.24071
241 A	0.49876	0.26211	0.23913
242 T	0.51607	0.24420	0.23973
243 A	0.52275	0.23656	0.24069
244 G	0.53503	0.22198	0.243
245 G	0.54146	0.19994	0.25861
246 A	0.54792	0.18585	0.26623
247 T	0.56176	0.16124	0.277
248 T	0.56832	0.14811	0.28356
249 C	0.57169	0.13680	0.29151
250 G	0.57851	0.13024	0.29125
251 T	0.58617	0.12227	0.29156
252 A	0.59045	0.11806	0.29149
253 A	0.59874	0.10912	0.29213
254 A	0.60983	0.09748	0.29268
255 C	0.61734	0.08123	0.30143
256 A	0.62389	0.07152	0.3046
257 T	0.63506	0.05699	0.30796
258 A	0.63721	0.05379	0.309
259 A	0.64053	0.04832	0.31116
260 T	0.65000	0.03558	0.31441
261 T	0.65554	0.02249	0.32197
262 T	0.65819	0.01718	0.32464
263 T	0.66143	0.01279	0.32577
264 T	0.66233	0.01239	0.32528
265 T	0.66215	0.01458	0.32327
266 T	0.66244	0.01455	0.32301
267 T	0.66257	0.01427	0.32316
268 A	0.66248	0.01430	0.32322
269 T	0.66278	0.01370	0.32351
270 T	0.66311	0.01313	0.32376
271 C	0.66336	0.01258	0.32406
272 T	0.66388	0.01196	0.32417
273 C	0.66467	0.01110	0.32423
274 C	0.66494	0.01081	0.32425
275 T	0.66538	0.01036	0.32426
276 T	0.66560	0.01014	0.32426
277 T	0.66578	0.00994	0.32427
278 T	0.66588	0.00984	0.32429
279 T	0.66601	0.00969	0.32431
280 G	0.66606	0.00958	0.32436
281 C	0.66621	0.00936	0.32443
282 C	0.66644	0.00912	0.32444
283 A	0.66668	0.00887	0.32445
284 A	0.66740	0.00814	0.32446
285 C	0.66878	0.00674	0.32449
286 T	0.67066	0.00484	0.3245
287 A	0.67214	0.00327	0.32458
288 A	0.67452	0.00000	0.32548
