# lcl|CP097583.1_cds_USQ93606.1_1
# AA	inside	membr	outside
1 A	0.75625	0.00000	0.24375
2 T	0.75262	0.00364	0.24375
3 G	0.75062	0.00564	0.24375
4 T	0.75062	0.01316	0.23622
5 C	0.71814	0.06270	0.21917
6 A	0.71813	0.07436	0.2075
7 A	0.62351	0.17106	0.20543
8 A	0.62351	0.17114	0.20535
9 T	0.61565	0.18066	0.20369
10 G	0.61561	0.25819	0.1262
11 A	0.61293	0.26551	0.12156
12 A	0.57869	0.30245	0.11887
13 A	0.54527	0.34135	0.11338
14 A	0.54527	0.34135	0.11338
15 A	0.54527	0.37717	0.07756
16 A	0.54512	0.37733	0.07756
17 A	0.54502	0.37765	0.07734
18 A	0.54501	0.37791	0.07708
19 T	0.54508	0.37799	0.07694
20 T	0.54480	0.38326	0.07194
21 T	0.54358	0.38410	0.07232
22 T	0.54423	0.38438	0.07139
23 T	0.54479	0.38612	0.06908
24 A	0.54368	0.39046	0.06585
25 T	0.54518	0.37865	0.07618
26 T	0.54516	0.37570	0.07914
27 A	0.54485	0.37292	0.08223
28 A	0.55588	0.34271	0.10141
29 T	0.56652	0.32829	0.10519
30 A	0.57009	0.25659	0.17332
31 G	0.57379	0.24870	0.17751
32 T	0.58391	0.22824	0.18785
33 T	0.64199	0.16621	0.19179
34 A	0.64434	0.16177	0.19389
35 T	0.64983	0.12996	0.2202
36 C	0.65264	0.10443	0.24293
37 A	0.65289	0.10478	0.24233
38 G	0.68076	0.07751	0.24173
39 T	0.68173	0.08732	0.23095
40 T	0.68232	0.08908	0.2286
41 C	0.68149	0.09168	0.22683
42 A	0.68169	0.09949	0.21882
43 A	0.68633	0.09568	0.21799
44 T	0.68742	0.10229	0.21029
45 A	0.68870	0.10964	0.20166
46 T	0.69504	0.10648	0.19849
47 T	0.70027	0.10131	0.19843
48 T	0.70184	0.10031	0.19785
49 A	0.70221	0.10653	0.19125
50 A	0.70534	0.10345	0.19121
51 T	0.70963	0.09830	0.19207
52 T	0.71183	0.10089	0.18728
53 T	0.71373	0.10587	0.1804
54 T	0.71556	0.11750	0.16694
55 T	0.71550	0.12729	0.15721
56 T	0.71495	0.13366	0.15139
57 A	0.70928	0.14419	0.14654
58 A	0.70817	0.14728	0.14455
59 T	0.70921	0.14652	0.14427
60 G	0.70977	0.14611	0.14412
61 A	0.71141	0.14538	0.1432
62 T	0.72658	0.12977	0.14364
63 T	0.73003	0.12621	0.14377
64 T	0.73212	0.12378	0.1441
65 T	0.73565	0.12044	0.14391
66 A	0.73617	0.12024	0.14359
67 A	0.74232	0.11414	0.14353
68 T	0.75297	0.10255	0.14448
69 T	0.75959	0.09592	0.1445
70 T	0.76331	0.09182	0.14487
71 T	0.76412	0.09063	0.14525
72 A	0.76707	0.08721	0.14572
73 A	0.77063	0.08306	0.1463
74 C	0.77596	0.07683	0.14721
75 T	0.78781	0.06464	0.14755
76 T	0.80059	0.05188	0.14753
77 T	0.81579	0.03749	0.14672
78 T	0.82268	0.03212	0.1452
79 T	0.82417	0.03322	0.14261
80 T	0.82311	0.03490	0.14198
81 T	0.82110	0.04095	0.13795
82 T	0.81947	0.04957	0.13097
83 A	0.81735	0.05807	0.12458
84 T	0.81702	0.05917	0.12381
85 T	0.81329	0.06563	0.12107
86 T	0.80639	0.07469	0.11891
87 T	0.76606	0.11877	0.11517
88 C	0.68831	0.20564	0.10605
89 A	0.62681	0.28510	0.08809
90 A	0.60520	0.30818	0.08662
91 T	0.59308	0.32125	0.08567
92 T	0.57146	0.34384	0.0847
93 A	0.51735	0.39930	0.08335
94 C	0.44879	0.46830	0.08291
95 A	0.39111	0.53122	0.07767
96 A	0.33827	0.59078	0.07095
97 A	0.28892	0.64927	0.06181
98 A	0.24456	0.70386	0.05158
99 A	0.20587	0.75717	0.03697
100 A	0.18994	0.77400	0.03607
101 A	0.18434	0.77921	0.03646
102 A	0.18393	0.77767	0.0384
103 T	0.19021	0.76744	0.04235
104 C	0.19182	0.76209	0.04609
105 T	0.19535	0.75720	0.04745
106 A	0.19156	0.76061	0.04783
107 A	0.19086	0.75977	0.04937
108 T	0.19380	0.75307	0.05314
109 A	0.19400	0.74879	0.05722
110 A	0.19665	0.70355	0.0998
111 T	0.20611	0.61553	0.17837
112 T	0.21790	0.54273	0.23937
113 T	0.21688	0.52408	0.25905
114 T	0.21470	0.51673	0.26857
115 A	0.20878	0.51365	0.27756
116 A	0.20521	0.47930	0.31549
117 A	0.20336	0.42032	0.37632
118 A	0.20611	0.37055	0.42333
119 A	0.20990	0.32615	0.46394
120 A	0.21686	0.28124	0.5019
121 A	0.22619	0.23184	0.54197
122 T	0.24036	0.17051	0.58913
123 T	0.23961	0.15435	0.60604
124 T	0.23622	0.15307	0.61071
125 T	0.23343	0.15762	0.60894
126 T	0.22555	0.17079	0.60366
127 G	0.20688	0.19783	0.59529
128 A	0.19505	0.22017	0.58478
129 T	0.19344	0.24058	0.56598
130 G	0.18662	0.31430	0.49908
131 A	0.17361	0.43274	0.39365
132 T	0.16516	0.45270	0.38215
133 T	0.15504	0.47030	0.37465
134 T	0.14053	0.49872	0.36075
135 G	0.12464	0.52639	0.34897
136 C	0.11832	0.54440	0.33728
137 A	0.11139	0.58942	0.29919
138 A	0.11050	0.62499	0.26451
139 A	0.11199	0.65673	0.23128
140 A	0.11657	0.67913	0.2043
141 A	0.12067	0.70202	0.17731
142 A	0.12988	0.71175	0.15838
143 A	0.14159	0.71836	0.14005
144 T	0.15437	0.70876	0.13687
145 A	0.15796	0.70913	0.13291
146 T	0.16600	0.69903	0.13498
147 T	0.16868	0.69675	0.13456
148 G	0.16868	0.70004	0.13128
149 A	0.17251	0.69634	0.13114
150 A	0.18142	0.67853	0.14005
151 G	0.19278	0.66279	0.14444
152 A	0.21960	0.64534	0.13507
153 A	0.28575	0.58742	0.12683
154 A	0.38651	0.47356	0.13993
155 T	0.40956	0.43697	0.15346
156 A	0.41749	0.42295	0.15955
157 T	0.43424	0.39985	0.16591
158 C	0.42356	0.40188	0.17457
159 A	0.42197	0.40906	0.16898
160 G	0.40167	0.43605	0.16228
161 A	0.41963	0.42521	0.15517
162 C	0.44842	0.40393	0.14764
163 A	0.46778	0.42150	0.11073
164 A	0.47059	0.45783	0.07158
165 A	0.46937	0.48600	0.04463
166 T	0.48668	0.47151	0.04182
167 T	0.48776	0.47268	0.03956
168 T	0.48193	0.47817	0.0399
169 A	0.46131	0.49778	0.0409
170 C	0.45411	0.50051	0.04538
171 T	0.44970	0.50236	0.04794
172 G	0.43047	0.52146	0.04808
173 C	0.40107	0.55009	0.04884
174 A	0.37567	0.57623	0.0481
175 A	0.36615	0.58602	0.04783
176 A	0.35445	0.59652	0.04903
177 C	0.34490	0.60471	0.05039
178 G	0.32995	0.61923	0.05082
179 A	0.32843	0.61691	0.05466
180 A	0.32730	0.61203	0.06067
181 C	0.32422	0.59132	0.08446
182 A	0.32549	0.58544	0.08907
183 T	0.34224	0.52347	0.1343
184 G	0.34555	0.51034	0.1441
185 A	0.35079	0.50599	0.14322
186 A	0.37891	0.46868	0.15241
187 G	0.41404	0.39632	0.18963
188 T	0.43285	0.34246	0.2247
189 T	0.42132	0.33870	0.23998
190 C	0.39688	0.35323	0.24989
191 A	0.36741	0.38288	0.24971
192 T	0.33666	0.40849	0.25485
193 G	0.28494	0.46598	0.24908
194 A	0.24037	0.52226	0.23737
195 A	0.19766	0.60936	0.19298
196 A	0.16471	0.65766	0.17763
197 A	0.12079	0.74952	0.12968
198 A	0.05443	0.83163	0.11393
199 A	0.03345	0.85167	0.11489
200 A	0.02211	0.87245	0.10545
201 A	0.01926	0.85827	0.12246
202 G	0.01843	0.84869	0.13288
203 A	0.01820	0.84040	0.14141
204 A	0.01901	0.82728	0.15371
205 C	0.02211	0.81225	0.16564
206 A	0.02426	0.81487	0.16086
207 A	0.02955	0.81153	0.15892
208 A	0.03587	0.80520	0.15894
209 T	0.03881	0.80181	0.15938
210 A	0.04009	0.80829	0.15163
211 T	0.04289	0.79251	0.16461
212 T	0.04554	0.77493	0.17953
213 A	0.04556	0.76297	0.19147
214 G	0.04962	0.74427	0.20611
215 A	0.05955	0.72475	0.2157
216 A	0.07317	0.69346	0.23337
217 A	0.09032	0.65999	0.24968
218 A	0.15079	0.58602	0.26319
219 A	0.19831	0.51098	0.29071
220 A	0.27611	0.39552	0.32837
221 T	0.30384	0.32350	0.37266
222 A	0.30691	0.36604	0.32705
223 C	0.30873	0.38938	0.30189
224 A	0.23359	0.60204	0.16437
225 A	0.18741	0.71713	0.09546
226 A	0.11694	0.83511	0.04795
227 A	0.07722	0.89660	0.02619
228 A	0.06003	0.92235	0.01763
229 G	0.05352	0.93296	0.01352
230 A	0.05558	0.93737	0.00704
231 A	0.05738	0.93593	0.00669
232 A	0.06134	0.93195	0.00671
233 T	0.07266	0.92005	0.0073
234 A	0.07411	0.91797	0.00792
235 C	0.07683	0.91406	0.00911
236 A	0.08264	0.90716	0.01019
237 A	0.08892	0.89976	0.01132
238 C	0.10364	0.88382	0.01254
239 A	0.11405	0.87332	0.01263
240 A	0.12752	0.85957	0.01291
241 C	0.14933	0.83441	0.01626
242 A	0.15737	0.82574	0.0169
243 A	0.17470	0.80731	0.01798
244 G	0.22406	0.74794	0.028
245 T	0.32746	0.63288	0.03966
246 A	0.37941	0.56974	0.05085
247 T	0.51748	0.34553	0.13699
248 A	0.56386	0.25421	0.18193
249 T	0.60217	0.14232	0.25551
250 T	0.61526	0.10234	0.2824
251 T	0.61865	0.09251	0.28884
252 T	0.61749	0.10045	0.28206
253 T	0.60931	0.13665	0.25404
254 T	0.59807	0.15939	0.24254
255 T	0.57075	0.20509	0.22415
256 A	0.50406	0.29511	0.20083
257 A	0.48122	0.32593	0.19284
258 A	0.46751	0.34875	0.18375
259 A	0.45935	0.35512	0.18552
260 C	0.45713	0.35287	0.19
261 A	0.45401	0.37067	0.17533
262 T	0.45025	0.38162	0.16813
263 T	0.43697	0.39828	0.16475
264 T	0.41102	0.43092	0.15806
265 G	0.33334	0.51750	0.14916
266 A	0.22931	0.64548	0.12521
267 C	0.18508	0.69951	0.11541
268 A	0.15238	0.77544	0.07218
269 A	0.14082	0.80308	0.0561
270 A	0.13783	0.81103	0.05114
271 G	0.13958	0.81292	0.0475
272 A	0.14334	0.81330	0.04336
273 T	0.16202	0.79326	0.04471
274 A	0.17320	0.78271	0.04409
275 A	0.19190	0.75621	0.05189
276 T	0.22087	0.70872	0.0704
277 G	0.22112	0.69299	0.08589
278 A	0.23083	0.66158	0.10758
279 C	0.24699	0.59309	0.15991
280 A	0.25314	0.58530	0.16155
281 T	0.26400	0.57115	0.16485
282 T	0.25864	0.58621	0.15516
283 A	0.24509	0.60877	0.14614
284 A	0.23832	0.61735	0.14433
285 A	0.22522	0.61857	0.1562
286 G	0.21903	0.59920	0.18177
287 A	0.21743	0.57064	0.21194
288 A	0.23090	0.48637	0.28273
289 C	0.25915	0.35032	0.39053
290 A	0.27142	0.30820	0.42038
291 T	0.31093	0.24476	0.44431
292 T	0.32134	0.22867	0.44999
293 T	0.31162	0.23938	0.449
294 C	0.29404	0.25869	0.44726
295 G	0.26245	0.30786	0.42968
296 A	0.24623	0.34919	0.40458
297 T	0.23487	0.40284	0.3623
298 A	0.21335	0.49395	0.2927
299 A	0.20074	0.52145	0.27781
300 T	0.19935	0.52779	0.27286
301 A	0.19247	0.54731	0.26022
302 T	0.18978	0.57097	0.23925
303 A	0.17635	0.64942	0.17423
304 A	0.17204	0.70403	0.12393
305 T	0.17266	0.73556	0.09178
306 A	0.14876	0.75861	0.09263
307 A	0.13165	0.76873	0.09962
308 A	0.11779	0.77132	0.11089
309 A	0.09773	0.78962	0.11265
310 C	0.09325	0.78894	0.11781
311 A	0.09195	0.79974	0.10832
312 A	0.09485	0.80098	0.10417
313 A	0.10043	0.79502	0.10455
314 T	0.10642	0.78732	0.10626
315 T	0.10869	0.78223	0.10908
316 G	0.10847	0.76620	0.12533
317 A	0.11039	0.75150	0.13811
318 A	0.13080	0.70554	0.16366
319 G	0.15677	0.67021	0.17303
320 A	0.20126	0.62254	0.1762
321 T	0.26581	0.54831	0.18588
322 G	0.27587	0.55019	0.17394
323 T	0.29238	0.54135	0.16626
324 A	0.27957	0.57626	0.14417
325 A	0.28279	0.59182	0.12539
326 A	0.33057	0.55234	0.1171
327 A	0.37975	0.51395	0.1063
328 A	0.42001	0.46270	0.11728
329 T	0.43231	0.42186	0.14584
330 A	0.43687	0.40822	0.15491
331 A	0.44535	0.39357	0.16109
332 C	0.45543	0.36398	0.1806
333 T	0.46093	0.35542	0.18366
334 T	0.45970	0.35728	0.18302
335 T	0.44738	0.37605	0.17657
336 C	0.41188	0.41974	0.16838
337 G	0.35132	0.48670	0.16198
338 A	0.25897	0.59129	0.14973
339 A	0.15220	0.70389	0.14392
340 A	0.12736	0.73762	0.13502
341 C	0.12722	0.74695	0.12583
342 A	0.13524	0.76376	0.101
343 A	0.14654	0.78436	0.06909
344 A	0.16329	0.78783	0.04888
345 T	0.18948	0.76388	0.04665
346 A	0.16814	0.79478	0.03708
347 A	0.16657	0.77073	0.06269
348 A	0.16329	0.75550	0.08121
349 C	0.17260	0.73633	0.09107
350 A	0.18195	0.73691	0.08113
351 A	0.18124	0.74754	0.07122
352 G	0.18434	0.74935	0.0663
353 A	0.19278	0.74461	0.06262
354 T	0.19490	0.74341	0.06169
355 A	0.17866	0.75797	0.06336
356 A	0.16251	0.77486	0.06264
357 A	0.14948	0.78650	0.06402
358 A	0.14302	0.77973	0.07725
359 A	0.13333	0.75718	0.1095
360 A	0.13025	0.70304	0.16672
361 A	0.13359	0.60502	0.26139
362 C	0.13797	0.48812	0.37391
363 C	0.14238	0.46734	0.39028
364 G	0.14596	0.49518	0.35887
365 A	0.16233	0.56406	0.27361
366 A	0.18399	0.61612	0.19989
367 G	0.19699	0.61519	0.18782
368 A	0.20238	0.61746	0.18016
369 T	0.21780	0.56688	0.21532
370 A	0.22354	0.54584	0.23062
371 C	0.23277	0.51648	0.25074
372 T	0.24051	0.51044	0.24905
373 T	0.24844	0.50881	0.24275
374 T	0.24919	0.51579	0.23502
375 T	0.23889	0.53805	0.22305
376 A	0.21504	0.58282	0.20215
377 A	0.20192	0.59792	0.20016
378 A	0.19761	0.60849	0.1939
379 A	0.20078	0.61056	0.18867
380 A	0.21061	0.59518	0.19421
381 A	0.21364	0.58615	0.20022
382 T	0.21264	0.57298	0.21438
383 A	0.20785	0.57280	0.21935
384 T	0.20922	0.56343	0.22734
385 A	0.20530	0.56402	0.23068
386 G	0.21307	0.54843	0.2385
387 A	0.24168	0.51286	0.24545
388 A	0.32074	0.42754	0.25172
389 A	0.39232	0.35047	0.25721
390 T	0.42043	0.31775	0.26182
391 T	0.43228	0.30829	0.25943
392 A	0.43505	0.30867	0.25628
393 T	0.44738	0.29743	0.25518
394 T	0.44860	0.29984	0.25156
395 T	0.43985	0.30644	0.25371
396 T	0.42838	0.31547	0.25615
397 A	0.41192	0.32831	0.25977
398 A	0.40325	0.32599	0.27076
399 C	0.40297	0.30523	0.2918
400 G	0.38841	0.31736	0.29423
401 A	0.40518	0.30227	0.29255
402 T	0.43126	0.27690	0.29184
403 A	0.44184	0.26507	0.29309
404 T	0.45010	0.25411	0.2958
405 T	0.45363	0.24196	0.30441
406 T	0.45515	0.23250	0.31235
407 C	0.45218	0.22978	0.31803
408 C	0.43793	0.23977	0.3223
409 G	0.42045	0.25923	0.32032
410 A	0.41291	0.27133	0.31576
411 G	0.40494	0.28323	0.31183
412 A	0.39576	0.29986	0.30438
413 G	0.38492	0.31914	0.29594
414 T	0.37940	0.32726	0.29334
415 G	0.37853	0.33247	0.289
416 G	0.37933	0.34263	0.27804
417 A	0.38082	0.35722	0.26196
418 G	0.38079	0.36938	0.24983
419 T	0.38385	0.37645	0.23969
420 A	0.37983	0.36909	0.25107
421 G	0.38017	0.35312	0.26672
422 A	0.38210	0.33759	0.28031
423 T	0.38761	0.31032	0.30207
424 C	0.38740	0.30481	0.30779
425 C	0.38673	0.30963	0.30363
426 T	0.38304	0.33838	0.27858
427 A	0.36599	0.39843	0.23558
428 A	0.34873	0.46559	0.18568
429 T	0.34072	0.50817	0.15111
430 A	0.32825	0.55242	0.11932
431 A	0.31941	0.56478	0.11581
432 A	0.31565	0.57173	0.11262
433 A	0.31644	0.56335	0.1202
434 A	0.31491	0.55578	0.12932
435 A	0.31583	0.54442	0.13975
436 A	0.31912	0.52874	0.15214
437 C	0.32919	0.50545	0.16535
438 A	0.34146	0.49313	0.16541
439 A	0.35917	0.47322	0.16761
440 G	0.38194	0.44754	0.17052
441 T	0.40982	0.41953	0.17065
442 T	0.42644	0.40362	0.16993
443 T	0.42409	0.40191	0.174
444 G	0.41327	0.41456	0.17217
445 A	0.39962	0.44123	0.15915
446 A	0.38617	0.47060	0.14324
447 A	0.37600	0.47880	0.1452
448 G	0.37519	0.47727	0.14754
449 A	0.39727	0.45378	0.14895
450 A	0.43723	0.39737	0.16541
451 C	0.49086	0.32403	0.18511
452 T	0.52811	0.28128	0.19061
453 T	0.55434	0.24816	0.1975
454 G	0.56220	0.23582	0.20197
455 T	0.57490	0.21980	0.20529
456 T	0.57084	0.22223	0.20693
457 A	0.56071	0.22775	0.21154
458 A	0.55615	0.22572	0.21812
459 G	0.55237	0.22381	0.22383
460 T	0.55132	0.22245	0.22624
461 T	0.54487	0.22727	0.22786
462 T	0.52362	0.24819	0.22819
463 A	0.49754	0.27406	0.2284
464 T	0.48716	0.28221	0.23062
465 G	0.45378	0.31328	0.23294
466 G	0.42950	0.33353	0.23698
467 A	0.40499	0.35412	0.24089
468 A	0.40888	0.34223	0.24889
469 A	0.41578	0.32778	0.25645
470 A	0.41068	0.32407	0.26524
471 A	0.41194	0.31598	0.27207
472 T	0.41680	0.30637	0.27683
473 T	0.41691	0.30746	0.27563
474 T	0.41257	0.31882	0.26861
475 T	0.39702	0.35205	0.25092
476 T	0.36795	0.39382	0.23823
477 A	0.30729	0.47302	0.21969
478 G	0.28576	0.50209	0.21215
479 A	0.27619	0.51512	0.20869
480 A	0.27263	0.51486	0.2125
481 A	0.27090	0.51367	0.21542
482 T	0.27334	0.50293	0.22373
483 G	0.27290	0.50425	0.22285
484 T	0.27348	0.50198	0.22454
485 G	0.27252	0.48958	0.23791
486 T	0.27263	0.48067	0.2467
487 A	0.27142	0.48230	0.24628
488 A	0.27121	0.46167	0.26712
489 A	0.27163	0.44432	0.28405
490 G	0.27455	0.41936	0.30608
491 A	0.27772	0.42438	0.29789
492 A	0.28237	0.41826	0.29937
493 A	0.28636	0.40572	0.30791
494 G	0.28986	0.39405	0.31608
495 A	0.29375	0.38669	0.31956
496 G	0.30182	0.37578	0.32241
497 A	0.31717	0.36443	0.3184
498 T	0.34468	0.32456	0.33077
499 G	0.36044	0.29679	0.34277
500 T	0.38052	0.24081	0.37866
501 T	0.38725	0.24205	0.3707
502 A	0.38887	0.30412	0.30702
503 A	0.38674	0.39232	0.22094
504 A	0.38769	0.47841	0.13391
505 A	0.39335	0.48368	0.12297
506 T	0.41095	0.46653	0.12252
507 T	0.42347	0.45766	0.11888
508 T	0.42663	0.45349	0.11988
509 C	0.42473	0.45529	0.11999
510 A	0.41475	0.46814	0.11711
511 A	0.41771	0.46659	0.11571
512 C	0.42448	0.46049	0.11503
513 A	0.43067	0.46001	0.10932
514 T	0.44483	0.44718	0.10799
515 T	0.44801	0.44447	0.10752
516 A	0.44405	0.44839	0.10755
517 G	0.44391	0.44832	0.10776
518 C	0.44782	0.44362	0.10857
519 A	0.45294	0.43889	0.10817
520 C	0.46949	0.42311	0.10741
521 A	0.48618	0.40994	0.10388
522 T	0.51378	0.38356	0.10266
523 G	0.52472	0.37289	0.1024
524 A	0.54145	0.35595	0.1026
525 A	0.59486	0.30139	0.10375
526 A	0.67710	0.21262	0.11027
527 C	0.76395	0.11850	0.11755
528 T	0.77815	0.10287	0.11898
529 G	0.77093	0.10879	0.12029
530 T	0.76384	0.11558	0.12059
531 T	0.70355	0.17699	0.11946
532 A	0.63829	0.24264	0.11907
533 C	0.59155	0.27738	0.13107
534 A	0.56430	0.30440	0.1313
535 A	0.55643	0.30957	0.134
536 G	0.55324	0.30976	0.137
537 T	0.53498	0.32607	0.13895
538 C	0.47920	0.38032	0.14048
539 C	0.42233	0.43336	0.14431
540 G	0.39835	0.46281	0.13884
541 G	0.38796	0.47675	0.13528
542 A	0.37464	0.49958	0.12577
543 A	0.36992	0.50915	0.12093
544 T	0.36931	0.51301	0.11768
545 C	0.36150	0.52201	0.11649
546 A	0.35470	0.53314	0.11216
547 A	0.34993	0.54297	0.1071
548 T	0.34688	0.54732	0.1058
549 A	0.34214	0.55430	0.10356
550 A	0.33822	0.55789	0.10388
551 A	0.33670	0.54777	0.11553
552 A	0.33449	0.52692	0.1386
553 A	0.33512	0.50148	0.16339
554 C	0.33765	0.42285	0.23951
555 A	0.33982	0.37765	0.28253
556 G	0.34170	0.33522	0.32308
557 T	0.34350	0.31463	0.34187
558 T	0.34197	0.31273	0.3453
559 G	0.33851	0.31673	0.34476
560 A	0.33481	0.31053	0.35467
561 A	0.33084	0.27724	0.39192
562 G	0.32723	0.24290	0.42987
563 G	0.32901	0.27205	0.39894
564 A	0.33222	0.29242	0.37536
565 G	0.34124	0.30843	0.35033
566 A	0.34833	0.32998	0.3217
567 T	0.35718	0.32438	0.31844
568 T	0.36073	0.32633	0.31294
569 T	0.35990	0.33526	0.30484
570 A	0.35124	0.36529	0.28348
571 G	0.33984	0.37845	0.2817
572 A	0.33310	0.38537	0.28154
573 T	0.32993	0.38976	0.2803
574 A	0.32327	0.40711	0.26962
575 C	0.31880	0.41639	0.26482
576 A	0.31417	0.43761	0.24822
577 T	0.30953	0.45388	0.23658
578 T	0.30296	0.46736	0.22968
579 A	0.29125	0.49154	0.2172
580 A	0.28921	0.50563	0.20516
581 G	0.29207	0.50681	0.20112
582 A	0.29758	0.50262	0.19979
583 A	0.31316	0.48528	0.20156
584 A	0.33792	0.45749	0.20458
585 A	0.37144	0.41996	0.2086
586 T	0.43771	0.34980	0.21249
587 A	0.46317	0.32238	0.21445
588 T	0.50215	0.28084	0.21701
589 T	0.52523	0.25577	0.219
590 T	0.52891	0.25049	0.2206
591 A	0.52707	0.25147	0.22146
592 A	0.52188	0.25309	0.22503
593 A	0.53459	0.23128	0.23413
594 T	0.53835	0.21410	0.24754
595 G	0.53909	0.20392	0.257
596 G	0.54559	0.19338	0.26103
597 T	0.56171	0.17186	0.26642
598 T	0.56849	0.16045	0.27105
599 A	0.57737	0.14667	0.27596
600 T	0.58934	0.12773	0.28293
601 G	0.59469	0.11561	0.2897
602 C	0.60520	0.09518	0.29962
603 T	0.61718	0.08129	0.30153
604 T	0.62332	0.07469	0.30199
605 T	0.62588	0.07313	0.30099
606 T	0.62597	0.07611	0.29792
607 T	0.62469	0.08370	0.29161
608 T	0.62140	0.09645	0.28215
609 A	0.61722	0.11275	0.27003
610 T	0.61290	0.12022	0.26687
611 T	0.60614	0.12987	0.26398
612 A	0.59799	0.14100	0.261
613 G	0.59465	0.14639	0.25896
614 A	0.59385	0.14976	0.2564
615 T	0.59451	0.13802	0.26748
616 A	0.59386	0.13867	0.26747
617 T	0.59347	0.13774	0.26879
618 A	0.59170	0.14225	0.26605
619 C	0.59151	0.14067	0.26782
620 A	0.58935	0.15522	0.25542
621 T	0.58735	0.16764	0.245
622 T	0.58506	0.18669	0.22826
623 T	0.57660	0.20082	0.22258
624 A	0.55439	0.24305	0.20256
625 G	0.53422	0.28936	0.17642
626 A	0.52377	0.32521	0.15102
627 C	0.50289	0.35564	0.14148
628 A	0.49114	0.38885	0.12001
629 A	0.48873	0.40684	0.10443
630 A	0.48995	0.40683	0.10322
631 G	0.49649	0.39815	0.10536
632 T	0.50686	0.38570	0.10743
633 T	0.50708	0.38023	0.11269
634 C	0.49827	0.38464	0.11709
635 A	0.48973	0.39363	0.11665
636 A	0.48490	0.40028	0.11482
637 C	0.48555	0.40286	0.11159
638 A	0.48311	0.41884	0.09805
639 A	0.48545	0.42286	0.0917
640 A	0.48974	0.41838	0.09188
641 T	0.49669	0.41008	0.09323
642 A	0.49319	0.41338	0.09342
643 A	0.50329	0.39909	0.09762
644 C	0.51577	0.38002	0.1042
645 A	0.53221	0.36098	0.1068
646 A	0.54019	0.34381	0.116
647 A	0.56505	0.30152	0.13342
648 T	0.61098	0.23796	0.15106
649 T	0.64426	0.19675	0.15899
650 T	0.65384	0.16734	0.17882
651 A	0.65349	0.15883	0.18768
652 A	0.65811	0.14847	0.19342
653 T	0.65878	0.14184	0.19938
654 T	0.65744	0.13958	0.20298
655 G	0.65216	0.13954	0.20829
656 A	0.64917	0.13823	0.21261
657 T	0.65461	0.12223	0.22316
658 T	0.65396	0.11576	0.23028
659 C	0.64062	0.12897	0.23042
660 A	0.63168	0.15533	0.213
661 T	0.63347	0.15563	0.2109
662 T	0.62681	0.16470	0.20849
663 A	0.59770	0.19743	0.20487
664 T	0.58290	0.21273	0.20437
665 C	0.56336	0.22689	0.20975
666 T	0.54193	0.25007	0.208
667 T	0.48881	0.30577	0.20542
668 C	0.36797	0.43000	0.20203
669 A	0.23649	0.57743	0.18608
670 A	0.19908	0.62596	0.17496
671 A	0.16527	0.67405	0.16067
672 A	0.14284	0.71037	0.14678
673 A	0.12916	0.73221	0.13862
674 T	0.11413	0.74668	0.13919
675 A	0.09965	0.76277	0.13758
676 G	0.09319	0.76932	0.1375
677 A	0.08711	0.78039	0.1325
678 A	0.08158	0.78627	0.13214
679 A	0.07330	0.79413	0.13256
680 A	0.06731	0.80099	0.1317
681 A	0.06843	0.79803	0.13354
682 A	0.07347	0.78708	0.13945
683 A	0.08969	0.76782	0.14249
684 T	0.09469	0.75828	0.14703
685 A	0.09663	0.74827	0.1551
686 A	0.10019	0.70906	0.19075
687 G	0.10231	0.67861	0.21909
688 T	0.10496	0.64856	0.24648
689 T	0.10799	0.62263	0.26938
690 A	0.10948	0.58152	0.309
691 A	0.11141	0.48354	0.40505
692 G	0.12265	0.35232	0.52503
693 A	0.13084	0.32097	0.54819
694 G	0.14304	0.28976	0.5672
695 A	0.15181	0.29343	0.55475
696 A	0.16050	0.29172	0.54778
697 T	0.17216	0.27499	0.55285
698 T	0.16848	0.29982	0.53169
699 A	0.16341	0.35048	0.48611
700 A	0.15868	0.45174	0.38959
701 A	0.14574	0.47080	0.38345
702 A	0.14119	0.47286	0.38595
703 G	0.13657	0.47513	0.3883
704 A	0.13375	0.49224	0.374
705 C	0.13724	0.51160	0.35116
706 A	0.13948	0.65034	0.21018
707 T	0.14698	0.67763	0.1754
708 T	0.14736	0.68200	0.17065
709 A	0.13967	0.69408	0.16625
710 T	0.13732	0.69829	0.16439
711 T	0.12982	0.70674	0.16344
712 C	0.11572	0.72081	0.16346
713 A	0.10510	0.73347	0.16143
714 A	0.10437	0.73377	0.16186
715 A	0.10570	0.73169	0.16261
716 A	0.11206	0.72439	0.16355
717 A	0.12175	0.71371	0.16454
718 C	0.14921	0.67733	0.17346
719 A	0.16947	0.65500	0.17553
720 A	0.19153	0.63005	0.17842
721 C	0.22294	0.58751	0.18955
722 A	0.26529	0.54165	0.19306
723 T	0.35602	0.44433	0.19965
724 G	0.36709	0.41579	0.21713
725 A	0.37894	0.39591	0.22515
726 G	0.39409	0.37051	0.2354
727 G	0.41825	0.33393	0.24782
728 A	0.45170	0.29180	0.2565
729 T	0.60019	0.13143	0.26838
730 T	0.63316	0.09634	0.2705
731 T	0.63584	0.08753	0.27664
732 T	0.63151	0.09075	0.27774
733 T	0.62906	0.10064	0.2703
734 T	0.61742	0.12464	0.25794
735 A	0.57440	0.19796	0.22764
736 T	0.56731	0.21937	0.21332
737 T	0.55735	0.25502	0.18763
738 A	0.53508	0.30544	0.15948
739 A	0.52965	0.31260	0.15774
740 A	0.52486	0.31725	0.1579
741 A	0.51890	0.32367	0.15744
742 T	0.51440	0.32883	0.15678
743 C	0.51076	0.33358	0.15566
744 A	0.50667	0.33877	0.15456
745 A	0.50483	0.34121	0.15396
746 T	0.50290	0.34320	0.1539
747 T	0.50028	0.34562	0.1541
748 C	0.49541	0.35205	0.15255
749 A	0.49001	0.36621	0.14378
750 A	0.48962	0.37486	0.13551
751 A	0.49063	0.37479	0.13459
752 A	0.49299	0.37290	0.13411
753 T	0.50043	0.36384	0.13573
754 A	0.50454	0.34987	0.14559
755 C	0.51721	0.31222	0.17057
756 A	0.53306	0.29321	0.17373
757 G	0.55623	0.25980	0.18397
758 T	0.59904	0.18618	0.21478
759 C	0.61761	0.15631	0.22609
760 T	0.63962	0.13073	0.22965
761 C	0.65247	0.10509	0.24244
762 A	0.64939	0.13299	0.21762
763 A	0.62972	0.17011	0.20017
764 A	0.60219	0.23399	0.16382
765 T	0.59295	0.24011	0.16695
766 G	0.57383	0.25621	0.16997
767 G	0.55315	0.27065	0.1762
768 A	0.53999	0.27971	0.1803
769 C	0.53105	0.28225	0.1867
770 C	0.51510	0.29837	0.18653
771 A	0.50168	0.31274	0.18558
772 G	0.49794	0.31737	0.18469
773 A	0.50035	0.31985	0.1798
774 A	0.49906	0.32397	0.17697
775 C	0.49946	0.32524	0.17529
776 T	0.49941	0.32660	0.17399
777 T	0.49760	0.32906	0.17335
778 A	0.48968	0.33934	0.17098
779 T	0.48876	0.34013	0.17111
780 C	0.48741	0.34159	0.171
781 A	0.48613	0.34407	0.1698
782 A	0.48701	0.34208	0.17091
783 G	0.49003	0.33717	0.17281
784 A	0.49711	0.32777	0.17511
785 A	0.52192	0.29936	0.17873
786 A	0.54098	0.25559	0.20343
787 T	0.57809	0.18480	0.23711
788 T	0.58086	0.16762	0.25151
789 A	0.58150	0.14844	0.27006
790 T	0.58323	0.12491	0.29185
791 T	0.58403	0.11070	0.30527
792 A	0.58441	0.10165	0.31394
793 A	0.58637	0.08391	0.32973
794 A	0.58883	0.06569	0.34548
795 G	0.59189	0.04897	0.35914
796 T	0.59824	0.03590	0.36586
797 C	0.60169	0.02834	0.36996
798 A	0.60497	0.02358	0.37145
799 T	0.60853	0.01777	0.3737
800 A	0.61051	0.01279	0.3767
801 A	0.61443	0.00000	0.38557
