# lcl|CP097583.1_cds_USQ93317.1_1
# AA	inside	membr	outside
1 A	0.15986	0.00000	0.84014
2 T	0.15773	0.00213	0.84014
3 G	0.15554	0.00432	0.84014
4 A	0.15554	0.02168	0.82278
5 A	0.13133	0.06660	0.80208
6 T	0.13132	0.07014	0.79854
7 A	0.05313	0.14934	0.79753
8 A	0.05313	0.14935	0.79752
9 A	0.04987	0.15291	0.79723
10 A	0.04987	0.15456	0.79558
11 T	0.04954	0.15498	0.79548
12 T	0.04089	0.16375	0.79537
13 T	0.02471	0.18049	0.79481
14 C	0.02470	0.18049	0.79481
15 A	0.02470	0.18882	0.78648
16 T	0.02434	0.18918	0.78648
17 T	0.02357	0.19004	0.78639
18 A	0.02352	0.19025	0.78623
19 A	0.02299	0.19084	0.78618
20 G	0.02198	0.19232	0.78569
21 A	0.02120	0.19307	0.78573
22 A	0.02129	0.19287	0.78584
23 A	0.02180	0.19187	0.78633
24 A	0.02341	0.18972	0.78688
25 A	0.02551	0.18148	0.79301
26 T	0.02800	0.17344	0.79856
27 A	0.04143	0.15074	0.80783
28 A	0.05857	0.11077	0.83065
29 T	0.06231	0.10106	0.83663
30 T	0.06343	0.04589	0.89068
31 A	0.06352	0.04452	0.89197
32 T	0.06393	0.04014	0.89593
33 A	0.06510	0.03776	0.89714
34 A	0.06542	0.03642	0.89816
35 T	0.06785	0.02602	0.90613
36 T	0.06897	0.01242	0.91861
37 T	0.06934	0.01115	0.91952
38 C	0.07378	0.00587	0.92035
39 C	0.07254	0.00657	0.92089
40 T	0.07223	0.00663	0.92114
41 T	0.07210	0.00666	0.92124
42 T	0.07166	0.00702	0.92132
43 C	0.07127	0.00717	0.92157
44 T	0.07049	0.00792	0.92159
45 T	0.06970	0.00887	0.92143
46 A	0.06704	0.01154	0.92143
47 T	0.06511	0.01343	0.92146
48 A	0.06302	0.01552	0.92146
49 T	0.06258	0.01588	0.92154
50 C	0.06188	0.01648	0.92164
51 C	0.06168	0.01665	0.92167
52 A	0.06158	0.01674	0.92168
53 T	0.06182	0.01648	0.9217
54 G	0.06192	0.01636	0.92172
55 T	0.06221	0.01606	0.92173
56 C	0.06268	0.01548	0.92184
57 T	0.06261	0.01545	0.92194
58 T	0.06249	0.01558	0.92193
59 T	0.06240	0.01567	0.92193
60 A	0.06218	0.01595	0.92187
61 A	0.06208	0.01612	0.9218
62 T	0.06200	0.01495	0.92305
63 T	0.06165	0.01494	0.92341
64 A	0.06139	0.01538	0.92323
65 T	0.06115	0.01542	0.92342
66 G	0.06065	0.01595	0.9234
67 G	0.06065	0.01601	0.92333
68 A	0.06057	0.01609	0.92334
69 G	0.06001	0.01490	0.9251
70 T	0.05983	0.01382	0.92635
71 T	0.05945	0.01326	0.92729
72 T	0.05860	0.01433	0.92707
73 A	0.05761	0.01578	0.92661
74 T	0.05713	0.01641	0.92646
75 A	0.05661	0.01751	0.92589
76 A	0.05637	0.01778	0.92585
77 T	0.05627	0.01778	0.92596
78 A	0.05591	0.01814	0.92595
79 A	0.05571	0.01828	0.92601
80 C	0.05513	0.01864	0.92623
81 T	0.05494	0.01874	0.92631
82 A	0.05468	0.01894	0.92639
83 A	0.05464	0.01883	0.92653
84 A	0.05486	0.01847	0.92667
85 C	0.05516	0.01797	0.92688
86 C	0.05562	0.01700	0.92738
87 A	0.05649	0.01595	0.92756
88 A	0.05754	0.01475	0.92772
89 T	0.05911	0.01288	0.92801
90 T	0.06011	0.01175	0.92814
91 T	0.06085	0.01073	0.92842
92 T	0.06125	0.00932	0.92944
93 T	0.06144	0.00856	0.93
94 G	0.06144	0.00799	0.93057
95 G	0.06173	0.00684	0.93143
96 T	0.06205	0.00570	0.93226
97 C	0.06134	0.00603	0.93263
98 A	0.06100	0.00629	0.93272
99 T	0.06044	0.00687	0.93269
100 A	0.05858	0.00893	0.93249
101 G	0.05747	0.01006	0.93247
102 T	0.05702	0.01039	0.93259
103 T	0.05629	0.01045	0.93327
104 G	0.05473	0.01179	0.93347
105 T	0.05388	0.01251	0.93362
106 C	0.05128	0.01521	0.9335
107 A	0.04910	0.01756	0.93335
108 A	0.04811	0.01864	0.93325
109 A	0.04762	0.01912	0.93326
110 A	0.04740	0.01933	0.93327
111 C	0.04736	0.01935	0.93329
112 T	0.04735	0.01933	0.93332
113 C	0.04723	0.01941	0.93335
114 T	0.04722	0.01946	0.93332
115 T	0.04719	0.01956	0.93325
116 T	0.04707	0.01980	0.93312
117 A	0.04693	0.02031	0.93276
118 A	0.04685	0.02043	0.93272
119 T	0.04679	0.01987	0.93333
120 A	0.04648	0.01922	0.9343
121 A	0.04642	0.01831	0.93527
122 A	0.04593	0.01795	0.93611
123 A	0.04586	0.01615	0.938
124 T	0.04595	0.01449	0.93955
125 T	0.04542	0.01413	0.94045
126 A	0.04448	0.01406	0.94146
127 G	0.04417	0.01278	0.94305
128 A	0.04392	0.01237	0.94371
129 A	0.04395	0.01052	0.94553
130 T	0.04407	0.00893	0.947
131 T	0.04406	0.00854	0.9474
132 A	0.04388	0.00844	0.94768
133 T	0.04381	0.00825	0.94794
134 T	0.04363	0.00830	0.94806
135 A	0.04338	0.00844	0.94818
136 C	0.04331	0.00827	0.94841
137 C	0.04335	0.00816	0.94848
138 A	0.04341	0.00808	0.94851
139 C	0.04358	0.00785	0.94857
140 T	0.04412	0.00729	0.94859
141 T	0.04427	0.00713	0.94861
142 T	0.04431	0.00704	0.94865
143 T	0.04431	0.00673	0.94896
144 A	0.04429	0.00661	0.9491
145 T	0.04429	0.00577	0.94994
146 T	0.04429	0.00530	0.95041
147 A	0.04424	0.00506	0.9507
148 A	0.04422	0.00450	0.95128
149 T	0.04426	0.00355	0.95218
150 A	0.04424	0.00322	0.95254
151 G	0.04433	0.00275	0.95292
152 G	0.04454	0.00232	0.95314
153 G	0.04483	0.00192	0.95324
154 T	0.04522	0.00140	0.95338
155 T	0.04530	0.00114	0.95356
156 T	0.04531	0.00105	0.95364
157 T	0.04531	0.00093	0.95376
158 T	0.04531	0.00078	0.95391
159 T	0.04530	0.00074	0.95396
160 T	0.04527	0.00074	0.95398
161 T	0.04525	0.00076	0.95398
162 T	0.04522	0.00080	0.95398
163 G	0.04518	0.00086	0.95396
164 G	0.04517	0.00090	0.95394
165 T	0.04516	0.00096	0.95388
166 T	0.04515	0.00108	0.95378
167 T	0.04513	0.00124	0.95362
168 T	0.04508	0.00147	0.95345
169 A	0.04499	0.00171	0.95329
170 A	0.04497	0.00176	0.95327
171 A	0.04495	0.00176	0.95329
172 T	0.04493	0.00174	0.95333
173 A	0.04489	0.00174	0.95338
174 T	0.04485	0.00174	0.95341
175 A	0.04479	0.00179	0.95342
176 G	0.04478	0.00180	0.95342
177 T	0.04480	0.00178	0.95342
178 A	0.04481	0.00177	0.95342
179 T	0.04484	0.00173	0.95343
180 T	0.04487	0.00170	0.95344
181 T	0.04488	0.00166	0.95345
182 T	0.04489	0.00163	0.95347
183 G	0.04490	0.00160	0.9535
184 T	0.04491	0.00156	0.95352
185 C	0.04490	0.00154	0.95356
186 T	0.04494	0.00149	0.95357
187 A	0.04495	0.00147	0.95357
188 A	0.04503	0.00138	0.95358
189 C	0.04519	0.00120	0.95362
190 T	0.04539	0.00098	0.95363
191 T	0.04555	0.00077	0.95368
192 T	0.04566	0.00059	0.95375
193 T	0.04566	0.00057	0.95377
194 T	0.04561	0.00061	0.95378
195 A	0.04553	0.00065	0.95381
196 T	0.04552	0.00060	0.95387
197 T	0.04549	0.00059	0.95392
198 T	0.04545	0.00058	0.95397
199 G	0.04538	0.00063	0.95399
200 T	0.04534	0.00067	0.954
201 T	0.04523	0.00078	0.95399
202 C	0.04508	0.00096	0.95397
203 T	0.04496	0.00112	0.95392
204 T	0.04489	0.00121	0.9539
205 A	0.04480	0.00133	0.95388
206 T	0.04475	0.00139	0.95385
207 A	0.04471	0.00146	0.95384
208 C	0.04469	0.00146	0.95385
209 A	0.04467	0.00153	0.95381
210 T	0.04457	0.00167	0.95376
211 A	0.04446	0.00182	0.95372
212 T	0.04431	0.00198	0.9537
213 T	0.04410	0.00222	0.95369
214 A	0.04388	0.00243	0.95369
215 T	0.04377	0.00250	0.95374
216 T	0.04364	0.00257	0.95379
217 T	0.04342	0.00273	0.95386
218 T	0.04300	0.00310	0.9539
219 A	0.04232	0.00389	0.9538
220 G	0.04181	0.00463	0.95355
221 A	0.04097	0.00595	0.95308
222 A	0.04065	0.00624	0.95311
223 A	0.04057	0.00625	0.95317
224 G	0.04054	0.00615	0.95331
225 T	0.04053	0.00597	0.9535
226 C	0.04049	0.00587	0.95364
227 C	0.04048	0.00584	0.95368
228 A	0.04044	0.00587	0.95369
229 C	0.04044	0.00586	0.9537
230 A	0.04044	0.00586	0.9537
231 T	0.04047	0.00584	0.9537
232 A	0.04049	0.00580	0.95371
233 T	0.04055	0.00560	0.95385
234 T	0.04059	0.00546	0.95395
235 T	0.04057	0.00520	0.95422
236 T	0.04050	0.00494	0.95456
237 T	0.04037	0.00469	0.95495
238 C	0.03996	0.00483	0.95521
239 A	0.03847	0.00648	0.95505
240 G	0.03709	0.00800	0.95491
241 G	0.03633	0.00854	0.95513
242 G	0.03609	0.00843	0.95548
243 A	0.03600	0.00829	0.9557
244 T	0.03621	0.00728	0.95651
245 C	0.03590	0.00738	0.95672
246 T	0.03580	0.00780	0.9564
247 A	0.03567	0.00857	0.95576
248 A	0.03562	0.00881	0.95557
249 T	0.03561	0.00893	0.95546
250 T	0.03558	0.00922	0.9552
251 T	0.03545	0.00948	0.95508
252 A	0.03497	0.00996	0.95507
253 T	0.03434	0.01064	0.95502
254 T	0.03229	0.01276	0.95495
255 A	0.02747	0.01768	0.95486
256 C	0.02601	0.01924	0.95475
257 A	0.02497	0.02072	0.95432
258 A	0.02446	0.02177	0.95377
259 G	0.02428	0.02200	0.95372
260 A	0.02419	0.02223	0.95358
261 A	0.02406	0.02238	0.95356
262 A	0.02423	0.02090	0.95487
263 T	0.02431	0.01953	0.95617
264 A	0.02382	0.01930	0.95688
265 A	0.02376	0.01914	0.95711
266 A	0.02382	0.01884	0.95735
267 T	0.02400	0.01839	0.95761
268 C	0.02406	0.01804	0.9579
269 A	0.02439	0.01787	0.95774
270 T	0.02478	0.01768	0.95754
271 G	0.02452	0.01852	0.95696
272 A	0.02310	0.02103	0.95588
273 T	0.02167	0.02349	0.95484
274 A	0.01950	0.02552	0.95498
275 A	0.01722	0.02724	0.95555
276 A	0.01604	0.02746	0.95649
277 A	0.01565	0.02550	0.95885
278 C	0.01552	0.02090	0.96358
279 A	0.01536	0.02061	0.96402
280 C	0.01567	0.02010	0.96424
281 T	0.01611	0.02098	0.96292
282 A	0.01590	0.02261	0.96148
283 A	0.01594	0.02263	0.96143
284 T	0.01606	0.02240	0.96154
285 A	0.01592	0.02246	0.96162
286 A	0.01593	0.02205	0.96201
287 C	0.01595	0.02139	0.96267
288 A	0.01604	0.02119	0.96276
289 C	0.01619	0.02092	0.96289
290 T	0.01632	0.02080	0.96288
291 A	0.01637	0.02075	0.96288
292 A	0.01658	0.02053	0.96289
293 T	0.01695	0.01990	0.96315
294 A	0.01737	0.01913	0.96349
295 A	0.01829	0.01634	0.96537
296 T	0.01933	0.01327	0.9674
297 A	0.01948	0.01091	0.96961
298 G	0.01968	0.00851	0.97181
299 G	0.01994	0.00713	0.97294
300 T	0.02034	0.00629	0.97336
301 A	0.02064	0.00579	0.97356
302 T	0.02175	0.00431	0.97394
303 T	0.02227	0.00363	0.9741
304 T	0.02325	0.00256	0.97419
305 T	0.02388	0.00171	0.97441
306 A	0.02393	0.00158	0.97449
307 T	0.02399	0.00144	0.97457
308 T	0.02401	0.00129	0.9747
309 A	0.02400	0.00132	0.97468
310 T	0.02403	0.00126	0.97471
311 T	0.02405	0.00125	0.97469
312 T	0.02405	0.00138	0.97458
313 T	0.02403	0.00146	0.97451
314 T	0.02400	0.00151	0.97449
315 A	0.02394	0.00161	0.97444
316 T	0.02393	0.00168	0.97439
317 T	0.02391	0.00173	0.97437
318 T	0.02388	0.00177	0.97435
319 A	0.02386	0.00182	0.97431
320 T	0.02386	0.00182	0.97431
321 A	0.02386	0.00183	0.97432
322 A	0.02388	0.00180	0.97432
323 T	0.02395	0.00172	0.97432
324 T	0.02403	0.00164	0.97433
325 C	0.02405	0.00162	0.97433
326 C	0.02409	0.00158	0.97433
327 T	0.02417	0.00151	0.97432
328 T	0.02423	0.00148	0.97429
329 A	0.02427	0.00147	0.97426
330 T	0.02434	0.00141	0.97425
331 A	0.02439	0.00136	0.97425
332 T	0.02451	0.00121	0.97428
333 T	0.02459	0.00110	0.97432
334 G	0.02467	0.00098	0.97435
335 T	0.02484	0.00078	0.97439
336 T	0.02493	0.00064	0.97443
337 T	0.02498	0.00054	0.97447
338 G	0.02502	0.00046	0.97453
339 T	0.02509	0.00037	0.97455
340 T	0.02512	0.00032	0.97456
341 C	0.02512	0.00031	0.97457
342 T	0.02514	0.00036	0.9745
343 T	0.02513	0.00038	0.97448
344 T	0.02512	0.00043	0.97445
345 A	0.02499	0.00061	0.9744
346 A	0.02486	0.00080	0.97434
347 C	0.02481	0.00086	0.97434
348 A	0.02477	0.00094	0.97429
349 G	0.02475	0.00099	0.97426
350 G	0.02476	0.00101	0.97423
351 T	0.02479	0.00102	0.97419
352 T	0.02480	0.00110	0.97411
353 T	0.02479	0.00117	0.97405
354 G	0.02467	0.00130	0.97403
355 T	0.02458	0.00143	0.97398
356 T	0.02444	0.00162	0.97394
357 T	0.02422	0.00186	0.97393
358 C	0.02380	0.00228	0.97392
359 G	0.02332	0.00279	0.9739
360 A	0.02303	0.00309	0.97389
361 T	0.02282	0.00330	0.97387
362 C	0.02256	0.00357	0.97387
363 A	0.02234	0.00379	0.97387
364 A	0.02221	0.00392	0.97388
365 G	0.02213	0.00398	0.97389
366 C	0.02208	0.00402	0.97389
367 A	0.02206	0.00406	0.97389
368 A	0.02209	0.00391	0.974
369 T	0.02215	0.00375	0.97411
370 T	0.02205	0.00381	0.97415
371 C	0.02185	0.00399	0.97415
372 T	0.02172	0.00420	0.97409
373 A	0.02121	0.00502	0.97377
374 A	0.02096	0.00539	0.97365
375 T	0.02084	0.00559	0.97358
376 A	0.02056	0.00591	0.97353
377 A	0.02035	0.00599	0.97366
378 T	0.02031	0.00586	0.97384
379 T	0.02016	0.00581	0.97402
380 T	0.01988	0.00589	0.97423
381 A	0.01932	0.00621	0.97447
382 T	0.01868	0.00665	0.97467
383 G	0.01780	0.00754	0.97465
384 T	0.01700	0.00882	0.97418
385 A	0.01538	0.01150	0.97312
386 A	0.01484	0.01245	0.97271
387 A	0.01448	0.01299	0.97252
388 A	0.01430	0.01321	0.97248
389 A	0.01424	0.01332	0.97244
390 T	0.01422	0.01330	0.97248
391 A	0.01419	0.01334	0.97247
392 A	0.01418	0.01331	0.9725
393 A	0.01420	0.01312	0.97268
394 G	0.01423	0.01283	0.97295
395 A	0.01433	0.01255	0.97312
396 T	0.01468	0.01172	0.9736
397 A	0.01480	0.01134	0.97386
398 T	0.01490	0.01098	0.97412
399 T	0.01496	0.01063	0.97441
400 G	0.01499	0.01038	0.97463
401 T	0.01504	0.01027	0.97469
402 A	0.01506	0.01034	0.9746
403 A	0.01513	0.01007	0.9748
404 A	0.01533	0.00934	0.97533
405 T	0.01578	0.00805	0.97617
406 A	0.01604	0.00700	0.97696
407 G	0.01673	0.00548	0.9778
408 T	0.01793	0.00303	0.97905
409 T	0.01840	0.00223	0.97936
410 T	0.01860	0.00211	0.9793
411 G	0.01868	0.00264	0.97868
412 T	0.01877	0.00331	0.97793
413 T	0.01876	0.00388	0.97736
414 A	0.01865	0.00490	0.97646
415 T	0.01862	0.00537	0.97601
416 T	0.01853	0.00551	0.97595
417 A	0.01838	0.00576	0.97587
418 A	0.01833	0.00581	0.97586
419 T	0.01832	0.00582	0.97587
420 C	0.01826	0.00587	0.97587
421 A	0.01825	0.00590	0.97585
422 C	0.01829	0.00586	0.97585
423 A	0.01832	0.00585	0.97583
424 G	0.01842	0.00577	0.97581
425 T	0.01871	0.00550	0.97579
426 T	0.01885	0.00536	0.97579
427 A	0.01888	0.00533	0.97578
428 T	0.01897	0.00524	0.97579
429 T	0.01899	0.00522	0.97579
430 C	0.01898	0.00522	0.9758
431 A	0.01901	0.00520	0.97579
432 A	0.01919	0.00504	0.97578
433 A	0.01964	0.00459	0.97577
434 T	0.02067	0.00355	0.97578
435 T	0.02159	0.00263	0.97578
436 A	0.02203	0.00212	0.97584
437 T	0.02271	0.00128	0.976
438 T	0.02298	0.00092	0.9761
439 T	0.02301	0.00078	0.9762
440 C	0.02304	0.00061	0.97634
441 T	0.02305	0.00057	0.97637
442 T	0.02305	0.00055	0.9764
443 A	0.02305	0.00051	0.97644
444 T	0.02306	0.00047	0.97647
445 G	0.02307	0.00046	0.97647
446 C	0.02308	0.00040	0.97652
447 T	0.02311	0.00037	0.97652
448 G	0.02312	0.00035	0.97652
449 T	0.02313	0.00034	0.97652
450 A	0.02314	0.00034	0.97652
451 T	0.02315	0.00036	0.97649
452 T	0.02316	0.00036	0.97648
453 T	0.02316	0.00042	0.97643
454 A	0.02313	0.00051	0.97636
455 G	0.02313	0.00058	0.97628
456 T	0.02313	0.00070	0.97617
457 T	0.02310	0.00099	0.97591
458 T	0.02307	0.00122	0.97571
459 T	0.02302	0.00147	0.97552
460 G	0.02298	0.00179	0.97524
461 T	0.02296	0.00204	0.975
462 A	0.02294	0.00245	0.97462
463 T	0.02293	0.00289	0.97419
464 T	0.02291	0.00297	0.97413
465 T	0.02287	0.00303	0.97411
466 T	0.02271	0.00319	0.9741
467 A	0.02254	0.00336	0.9741
468 C	0.02242	0.00348	0.97411
469 C	0.02232	0.00357	0.97411
470 C	0.02209	0.00381	0.9741
471 C	0.02179	0.00412	0.97408
472 A	0.02163	0.00433	0.97404
473 A	0.02150	0.00449	0.974
474 A	0.02145	0.00459	0.97396
475 A	0.02144	0.00466	0.97389
476 T	0.02154	0.00466	0.97381
477 A	0.02162	0.00472	0.97366
478 A	0.02171	0.00464	0.97364
479 A	0.02188	0.00447	0.97366
480 T	0.02224	0.00407	0.97369
481 T	0.02244	0.00386	0.9737
482 C	0.02254	0.00373	0.97373
483 T	0.02272	0.00355	0.97373
484 A	0.02276	0.00351	0.97372
485 A	0.02301	0.00325	0.97374
486 T	0.02338	0.00286	0.97377
487 C	0.02341	0.00280	0.97379
488 A	0.02342	0.00273	0.97384
489 T	0.02344	0.00257	0.974
490 A	0.02344	0.00245	0.97411
491 T	0.02344	0.00235	0.97421
492 T	0.02345	0.00229	0.97426
493 T	0.02344	0.00206	0.9745
494 T	0.02341	0.00184	0.97475
495 A	0.02337	0.00172	0.97491
496 G	0.02334	0.00162	0.97504
497 A	0.02332	0.00157	0.97512
498 A	0.02335	0.00147	0.97518
499 C	0.02343	0.00135	0.97522
500 A	0.02360	0.00118	0.97522
501 T	0.02366	0.00112	0.97522
502 A	0.02368	0.00114	0.97518
503 T	0.02371	0.00114	0.97516
504 T	0.02373	0.00111	0.97516
505 T	0.02374	0.00103	0.97524
506 T	0.02373	0.00100	0.97527
507 T	0.02367	0.00106	0.97528
508 C	0.02344	0.00144	0.97512
509 A	0.02329	0.00190	0.97481
510 T	0.02315	0.00211	0.97474
511 G	0.02285	0.00246	0.97469
512 A	0.02268	0.00274	0.97458
513 T	0.02260	0.00293	0.97448
514 C	0.02251	0.00317	0.97432
515 A	0.02247	0.00366	0.97387
516 T	0.02246	0.00424	0.97331
517 G	0.02241	0.00478	0.97281
518 A	0.02239	0.00485	0.97277
519 T	0.02233	0.00494	0.97273
520 G	0.02221	0.00505	0.97274
521 A	0.02215	0.00512	0.97273
522 C	0.02210	0.00517	0.97273
523 A	0.02205	0.00526	0.97269
524 G	0.02202	0.00535	0.97264
525 G	0.02204	0.00539	0.97258
526 G	0.02205	0.00552	0.97243
527 G	0.02205	0.00565	0.97229
528 A	0.02208	0.00572	0.97219
529 A	0.02215	0.00568	0.97217
530 A	0.02226	0.00552	0.97222
531 T	0.02249	0.00506	0.97245
532 A	0.02274	0.00466	0.9726
533 T	0.02284	0.00439	0.97278
534 A	0.02290	0.00405	0.97305
535 G	0.02304	0.00371	0.97325
536 C	0.02322	0.00340	0.97338
537 T	0.02353	0.00304	0.97344
538 A	0.02393	0.00261	0.97346
539 T	0.02454	0.00196	0.9735
540 T	0.02497	0.00149	0.97354
541 T	0.02506	0.00138	0.97356
542 T	0.02511	0.00125	0.97364
543 T	0.02515	0.00109	0.97376
544 T	0.02518	0.00100	0.97382
545 T	0.02520	0.00095	0.97385
546 A	0.02522	0.00091	0.97387
547 T	0.02529	0.00080	0.97391
548 A	0.02536	0.00073	0.97391
549 T	0.02552	0.00058	0.9739
550 T	0.02565	0.00049	0.97386
551 T	0.02573	0.00044	0.97383
552 T	0.02574	0.00051	0.97375
553 T	0.02574	0.00068	0.97358
554 T	0.02572	0.00081	0.97347
555 T	0.02562	0.00099	0.97339
556 G	0.02549	0.00114	0.97337
557 T	0.02534	0.00132	0.97334
558 T	0.02490	0.00179	0.97331
559 T	0.02432	0.00241	0.97327
560 C	0.02370	0.00308	0.97323
561 G	0.02298	0.00413	0.97289
562 A	0.02266	0.00472	0.97262
563 T	0.02254	0.00498	0.97249
564 T	0.02218	0.00564	0.97218
565 A	0.02174	0.00676	0.97149
566 T	0.02149	0.00730	0.97121
567 A	0.01990	0.00938	0.97072
568 A	0.01945	0.00988	0.97067
569 T	0.01927	0.01007	0.97065
570 A	0.01893	0.01044	0.97063
571 A	0.01872	0.01068	0.9706
572 C	0.01860	0.01081	0.9706
573 T	0.01857	0.01094	0.9705
574 A	0.01850	0.01110	0.97041
575 A	0.01854	0.01109	0.97036
576 T	0.01869	0.01094	0.97037
577 T	0.01875	0.01088	0.97037
578 T	0.01875	0.01074	0.97051
579 A	0.01871	0.01062	0.97067
580 A	0.01872	0.01038	0.9709
581 T	0.01877	0.00983	0.97139
582 T	0.01882	0.00925	0.97193
583 A	0.01886	0.00872	0.97242
584 T	0.01925	0.00766	0.97309
585 T	0.01949	0.00705	0.97347
586 A	0.01957	0.00685	0.97358
587 G	0.01985	0.00618	0.97398
588 T	0.02051	0.00514	0.97435
589 A	0.02072	0.00473	0.97455
590 T	0.02114	0.00282	0.97604
591 T	0.02119	0.00244	0.97637
592 T	0.02120	0.00226	0.97654
593 G	0.02120	0.00204	0.97676
594 T	0.02125	0.00184	0.97691
595 A	0.02126	0.00172	0.97701
596 T	0.02138	0.00152	0.9771
597 T	0.02146	0.00138	0.97717
598 T	0.02150	0.00135	0.97715
599 T	0.02149	0.00141	0.9771
600 T	0.02145	0.00159	0.97695
601 T	0.02137	0.00211	0.97651
602 T	0.02116	0.00324	0.9756
603 T	0.02070	0.00546	0.97384
604 A	0.01885	0.01108	0.97006
605 T	0.01787	0.01361	0.96852
606 A	0.01605	0.01792	0.96603
607 A	0.01439	0.02251	0.96309
608 A	0.01292	0.02717	0.95991
609 A	0.01211	0.03257	0.95533
610 A	0.01181	0.03579	0.95239
611 A	0.01179	0.03703	0.95118
612 A	0.01187	0.03754	0.95059
613 T	0.01200	0.03771	0.95028
614 T	0.01207	0.03789	0.95005
615 T	0.01208	0.03807	0.94985
616 G	0.01202	0.03838	0.9496
617 T	0.01200	0.03865	0.94935
618 T	0.01192	0.03894	0.94914
619 A	0.01173	0.03934	0.94893
620 A	0.01162	0.03957	0.94882
621 A	0.01154	0.03973	0.94873
622 G	0.01149	0.03985	0.94866
623 A	0.01162	0.03978	0.9486
624 A	0.01216	0.03918	0.94865
625 A	0.01320	0.03789	0.94891
626 A	0.01519	0.03529	0.94952
627 T	0.01919	0.02942	0.95139
628 G	0.02062	0.02703	0.95235
629 A	0.02280	0.02348	0.95372
630 A	0.02552	0.01939	0.95508
631 A	0.02884	0.01477	0.95639
632 T	0.03401	0.00874	0.95726
633 T	0.03724	0.00515	0.95762
634 T	0.03839	0.00385	0.95776
635 T	0.03882	0.00335	0.95784
636 T	0.03903	0.00308	0.9579
637 T	0.03914	0.00293	0.95793
638 A	0.03924	0.00277	0.95798
639 T	0.03949	0.00240	0.95811
640 T	0.03973	0.00207	0.9582
641 T	0.03993	0.00176	0.95831
642 T	0.04009	0.00146	0.95845
643 A	0.04017	0.00128	0.95855
644 A	0.04026	0.00107	0.95866
645 T	0.04041	0.00080	0.95878
646 C	0.04055	0.00060	0.95885
647 T	0.04069	0.00044	0.95887
648 A	0.04079	0.00034	0.95888
649 T	0.04090	0.00021	0.95889
650 A	0.04095	0.00015	0.9589
651 A	0.04108	0.00000	0.95892
