# lcl|CP097583.1_cds_USQ93390.1_1
# AA	inside	membr	outside
1 A	0.85263	0.00000	0.14737
2 T	0.85077	0.00186	0.14737
3 G	0.85019	0.00244	0.14737
4 G	0.85019	0.01489	0.13491
5 A	0.84018	0.04964	0.11018
6 A	0.84018	0.05157	0.10825
7 C	0.82411	0.06802	0.10787
8 A	0.82411	0.06807	0.10782
9 A	0.81710	0.07574	0.10715
10 A	0.81710	0.10323	0.07966
11 A	0.81676	0.10448	0.07876
12 A	0.81306	0.10861	0.07833
13 T	0.81109	0.11156	0.07735
14 T	0.81109	0.11156	0.07735
15 A	0.81109	0.12228	0.06663
16 T	0.81052	0.12285	0.06663
17 T	0.80870	0.12480	0.0665
18 T	0.80854	0.12558	0.06587
19 T	0.79238	0.14275	0.06487
20 T	0.57148	0.39368	0.03484
21 A	0.14672	0.81842	0.03485
22 G	0.12037	0.84671	0.03292
23 A	0.10773	0.86060	0.03167
24 A	0.10099	0.86854	0.03047
25 C	0.09734	0.87020	0.03246
26 A	0.09463	0.87480	0.03057
27 A	0.10507	0.86421	0.03072
28 T	0.12813	0.83398	0.03789
29 T	0.12958	0.83195	0.03847
30 A	0.12968	0.82400	0.04632
31 A	0.12971	0.82333	0.04697
32 C	0.13097	0.81534	0.05369
33 T	0.15118	0.79733	0.05149
34 A	0.14907	0.80295	0.04797
35 T	0.15055	0.80130	0.04814
36 T	0.14983	0.80345	0.04671
37 A	0.14827	0.80901	0.04272
38 A	0.15301	0.80178	0.0452
39 T	0.15193	0.78851	0.05956
40 A	0.15120	0.77051	0.0783
41 A	0.15204	0.74690	0.10106
42 A	0.15410	0.70926	0.13664
43 G	0.17830	0.46271	0.35899
44 A	0.17846	0.13729	0.68424
45 T	0.18251	0.10302	0.71447
46 A	0.18400	0.10562	0.71039
47 A	0.18579	0.12135	0.69287
48 T	0.18731	0.15488	0.65781
49 T	0.18689	0.19026	0.62285
50 T	0.18587	0.20822	0.60591
51 A	0.18249	0.24827	0.56924
52 A	0.18014	0.42133	0.39853
53 A	0.17646	0.65214	0.1714
54 A	0.17374	0.69918	0.12708
55 T	0.17484	0.70442	0.12073
56 T	0.17735	0.70540	0.11726
57 A	0.17874	0.70843	0.11284
58 T	0.18022	0.70909	0.11069
59 C	0.18097	0.70680	0.11222
60 C	0.18339	0.70562	0.111
61 T	0.18497	0.71031	0.10473
62 T	0.18632	0.72082	0.09286
63 T	0.18612	0.73186	0.08201
64 A	0.18593	0.73551	0.07857
65 A	0.18539	0.74015	0.07447
66 T	0.18618	0.74101	0.07282
67 G	0.18676	0.74175	0.07149
68 A	0.19022	0.74012	0.06966
69 T	0.20417	0.72706	0.06876
70 A	0.22461	0.70881	0.06659
71 A	0.27295	0.66102	0.06604
72 T	0.33624	0.59624	0.06753
73 A	0.35623	0.57660	0.06717
74 A	0.39386	0.53670	0.06945
75 A	0.54860	0.38003	0.07136
76 A	0.74146	0.18372	0.07481
77 T	0.78731	0.13276	0.07994
78 G	0.80163	0.11615	0.08222
79 T	0.82307	0.09374	0.08319
80 T	0.83259	0.08277	0.08464
81 T	0.83287	0.08196	0.08516
82 C	0.82474	0.08979	0.08547
83 A	0.82015	0.09732	0.08253
84 T	0.81698	0.10330	0.07973
85 T	0.82208	0.10423	0.07368
86 T	0.81806	0.11396	0.06799
87 A	0.77764	0.15840	0.06396
88 A	0.75495	0.18173	0.06332
89 T	0.74916	0.18772	0.06312
90 T	0.68945	0.24883	0.06172
91 A	0.52417	0.42142	0.05441
92 A	0.46994	0.47888	0.05118
93 T	0.43869	0.51192	0.04939
94 A	0.29103	0.66485	0.04412
95 A	0.18552	0.77157	0.04291
96 T	0.12626	0.83033	0.04341
97 A	0.08925	0.86763	0.04312
98 A	0.07963	0.87711	0.04327
99 T	0.07518	0.88137	0.04345
100 A	0.06525	0.89150	0.04325
101 A	0.05795	0.89862	0.04343
102 T	0.05495	0.90066	0.0444
103 A	0.05070	0.90311	0.04619
104 A	0.04816	0.90189	0.04994
105 A	0.04774	0.89241	0.05985
106 A	0.05067	0.87681	0.07252
107 C	0.05446	0.84655	0.09899
108 T	0.06195	0.82692	0.11113
109 T	0.06642	0.81348	0.12009
110 T	0.06718	0.79531	0.1375
111 A	0.06578	0.78643	0.1478
112 A	0.06602	0.77856	0.15541
113 A	0.06893	0.69057	0.2405
114 T	0.07745	0.49561	0.42694
115 T	0.08143	0.42585	0.49272
116 A	0.08431	0.38183	0.53386
117 T	0.08996	0.24239	0.66765
118 T	0.09086	0.15629	0.75286
119 T	0.08965	0.11755	0.7928
120 T	0.08854	0.11170	0.79976
121 G	0.08655	0.15074	0.76272
122 A	0.08509	0.24480	0.67011
123 A	0.08455	0.32518	0.59027
124 T	0.08460	0.35355	0.56185
125 T	0.08089	0.38626	0.53285
126 A	0.07411	0.47189	0.454
127 A	0.06890	0.53832	0.39278
128 A	0.06319	0.62631	0.3105
129 A	0.05812	0.68497	0.25691
130 A	0.05660	0.72493	0.21846
131 A	0.05521	0.76905	0.17573
132 A	0.05286	0.81721	0.12993
133 A	0.04986	0.88659	0.06356
134 T	0.04880	0.90453	0.04667
135 T	0.04569	0.91819	0.03611
136 A	0.03894	0.94211	0.01895
137 A	0.03222	0.96048	0.0073
138 A	0.02982	0.96369	0.00649
139 A	0.02985	0.96380	0.00634
140 A	0.03245	0.96093	0.00662
141 A	0.04260	0.94999	0.00742
142 C	0.05965	0.93108	0.00927
143 A	0.08123	0.90873	0.01004
144 A	0.12941	0.85918	0.01141
145 T	0.23053	0.75670	0.01277
146 T	0.31294	0.67330	0.01376
147 T	0.34756	0.63798	0.01446
148 C	0.37588	0.60551	0.01862
149 A	0.43285	0.54541	0.02174
150 A	0.47868	0.49664	0.02467
151 A	0.54532	0.42676	0.02792
152 A	0.59921	0.36888	0.03191
153 T	0.64918	0.31754	0.03328
154 A	0.69078	0.27165	0.03757
155 A	0.74652	0.20919	0.04428
156 T	0.84055	0.10533	0.05411
157 T	0.86898	0.07106	0.05996
158 T	0.87950	0.05705	0.06346
159 A	0.88680	0.04488	0.06832
160 T	0.89407	0.03140	0.07454
161 T	0.89442	0.02831	0.07728
162 T	0.89298	0.02893	0.07809
163 T	0.88320	0.03960	0.07719
164 T	0.86113	0.06395	0.07492
165 T	0.80008	0.13010	0.06982
166 T	0.70203	0.23634	0.06164
167 T	0.59088	0.35250	0.05662
168 A	0.42571	0.52719	0.04711
169 A	0.31832	0.64743	0.03425
170 A	0.23722	0.73906	0.02372
171 A	0.18875	0.79080	0.02044
172 A	0.15721	0.82165	0.02115
173 A	0.14716	0.82883	0.02401
174 T	0.14366	0.82902	0.02732
175 A	0.13736	0.83419	0.02844
176 C	0.13550	0.83486	0.02964
177 T	0.13488	0.83499	0.03013
178 G	0.13333	0.83617	0.0305
179 A	0.13237	0.83705	0.03058
180 C	0.13192	0.83715	0.03093
181 T	0.13098	0.83942	0.0296
182 A	0.12776	0.84430	0.02794
183 T	0.12668	0.84489	0.02843
184 A	0.12372	0.84647	0.02981
185 G	0.12242	0.84284	0.03474
186 T	0.12287	0.81416	0.06298
187 A	0.12333	0.77782	0.09885
188 A	0.12932	0.69027	0.18041
189 T	0.13946	0.57205	0.2885
190 G	0.14282	0.47333	0.38384
191 A	0.14986	0.35356	0.49658
192 A	0.16071	0.27128	0.56801
193 T	0.17027	0.20057	0.62916
194 A	0.17319	0.20044	0.62636
195 T	0.17554	0.19639	0.62807
196 T	0.17537	0.24681	0.57782
197 T	0.17312	0.33133	0.49555
198 T	0.16969	0.40519	0.42511
199 A	0.16388	0.46969	0.36643
200 A	0.15544	0.53926	0.3053
201 A	0.14965	0.58195	0.2684
202 A	0.14653	0.61503	0.23844
203 A	0.14285	0.65498	0.20217
204 A	0.14054	0.69432	0.16513
205 T	0.13949	0.72441	0.13611
206 T	0.13380	0.74093	0.12528
207 A	0.11629	0.77122	0.11249
208 G	0.10705	0.78334	0.10961
209 G	0.10397	0.78824	0.1078
210 C	0.10355	0.78982	0.10663
211 G	0.10282	0.79884	0.09833
212 A	0.11042	0.79843	0.09115
213 T	0.12515	0.78428	0.09056
214 A	0.12801	0.78388	0.08811
215 A	0.13365	0.78117	0.08518
216 A	0.14310	0.77349	0.08341
217 C	0.19628	0.72162	0.08209
218 A	0.23376	0.69712	0.06912
219 A	0.32055	0.62459	0.05486
220 T	0.41692	0.53243	0.05065
221 T	0.46250	0.49247	0.04503
222 A	0.46676	0.49421	0.03903
223 A	0.40934	0.55222	0.03845
224 A	0.35716	0.60292	0.03992
225 A	0.30438	0.65402	0.04161
226 A	0.29423	0.66149	0.04428
227 A	0.31321	0.63988	0.0469
228 A	0.34046	0.60864	0.05089
229 A	0.35790	0.58393	0.05817
230 T	0.37870	0.54556	0.07574
231 T	0.37639	0.53961	0.084
232 T	0.35757	0.55597	0.08646
233 A	0.33451	0.57808	0.08741
234 T	0.32362	0.58477	0.09161
235 A	0.29159	0.61637	0.09204
236 A	0.28188	0.62368	0.09444
237 A	0.27982	0.62039	0.09979
238 A	0.28151	0.61100	0.10749
239 A	0.28496	0.59597	0.11906
240 C	0.29113	0.58161	0.12726
241 A	0.30511	0.56343	0.13145
242 T	0.32602	0.53440	0.13958
243 T	0.33421	0.51786	0.14793
244 T	0.33954	0.50103	0.15942
245 A	0.34197	0.48993	0.1681
246 T	0.34798	0.38200	0.27001
247 T	0.34980	0.30557	0.34464
248 T	0.34880	0.24171	0.40949
249 A	0.34410	0.24136	0.41454
250 T	0.34285	0.25853	0.39862
251 T	0.34141	0.28762	0.37097
252 T	0.33951	0.31992	0.34057
253 A	0.33360	0.36771	0.2987
254 T	0.33217	0.35640	0.31143
255 T	0.33136	0.34555	0.32309
256 G	0.32911	0.33923	0.33165
257 A	0.32635	0.33728	0.33637
258 C	0.32582	0.31305	0.36112
259 T	0.32463	0.32244	0.35293
260 A	0.32313	0.36011	0.31676
261 T	0.32275	0.39030	0.28695
262 A	0.32148	0.43870	0.23983
263 A	0.32110	0.45474	0.22416
264 T	0.32097	0.46366	0.21537
265 A	0.31957	0.49559	0.18484
266 A	0.31699	0.52986	0.15316
267 A	0.30200	0.58497	0.11304
268 G	0.29899	0.61731	0.0837
269 A	0.29953	0.65307	0.0474
270 A	0.30567	0.64929	0.04504
271 A	0.32052	0.63271	0.04676
272 A	0.35148	0.59570	0.05282
273 T	0.39585	0.54609	0.05805
274 C	0.42740	0.51209	0.06051
275 A	0.46286	0.47784	0.0593
276 T	0.50778	0.43242	0.0598
277 A	0.50969	0.43210	0.05822
278 T	0.51970	0.42074	0.05956
279 T	0.52293	0.41551	0.06156
280 T	0.51737	0.41660	0.06602
281 G	0.50529	0.42584	0.06887
282 C	0.49937	0.42996	0.07066
283 C	0.51600	0.41285	0.07114
284 C	0.53002	0.39927	0.07071
285 T	0.55430	0.37770	0.06801
286 A	0.52856	0.40466	0.06677
287 A	0.51624	0.41806	0.0657
288 A	0.52916	0.40547	0.06537
289 A	0.55988	0.37255	0.06757
290 C	0.60047	0.31289	0.08665
291 T	0.63206	0.27656	0.09137
292 T	0.66039	0.24604	0.09358
293 T	0.65431	0.25226	0.09343
294 T	0.63339	0.27606	0.09056
295 A	0.58619	0.32800	0.08581
296 A	0.56598	0.34817	0.08585
297 T	0.55256	0.35957	0.08786
298 A	0.53956	0.37148	0.08895
299 T	0.53626	0.37355	0.09019
300 T	0.52128	0.38571	0.09301
301 A	0.47231	0.43390	0.09379
302 A	0.42944	0.47161	0.09894
303 T	0.39673	0.48917	0.1141
304 A	0.31757	0.56343	0.119
305 G	0.26727	0.59844	0.13429
306 T	0.25399	0.60922	0.13678
307 A	0.22792	0.63711	0.13497
308 A	0.21720	0.63383	0.14896
309 A	0.20851	0.61548	0.17601
310 A	0.20624	0.59836	0.19539
311 T	0.20234	0.58894	0.20872
312 T	0.19354	0.59319	0.21327
313 A	0.18217	0.60248	0.21535
314 T	0.17572	0.60267	0.22161
315 A	0.16543	0.61094	0.22364
316 G	0.15921	0.61283	0.22797
317 A	0.15852	0.61241	0.22906
318 T	0.16110	0.58519	0.2537
319 A	0.15662	0.60678	0.23661
320 T	0.15539	0.60249	0.24212
321 T	0.15123	0.61914	0.22963
322 A	0.14121	0.67266	0.18613
323 A	0.13578	0.71223	0.15199
324 A	0.13207	0.68164	0.1863
325 A	0.12977	0.65019	0.22005
326 A	0.13055	0.61759	0.25186
327 A	0.14012	0.53459	0.32529
328 C	0.14681	0.48266	0.37053
329 A	0.15577	0.48045	0.36379
330 T	0.16767	0.46988	0.36245
331 A	0.17173	0.48762	0.34065
332 T	0.17854	0.48590	0.33555
333 T	0.17827	0.50155	0.32018
334 A	0.17563	0.53576	0.28861
335 G	0.17430	0.54251	0.28319
336 A	0.17349	0.55933	0.26717
337 G	0.17545	0.59273	0.23182
338 A	0.17566	0.61831	0.20603
339 A	0.18022	0.64204	0.17774
340 A	0.18731	0.66618	0.1465
341 A	0.19944	0.70764	0.09293
342 T	0.23482	0.68847	0.0767
343 A	0.23729	0.70325	0.05946
344 A	0.25107	0.69846	0.05047
345 A	0.28425	0.66980	0.04595
346 A	0.31884	0.63698	0.04419
347 A	0.32514	0.62908	0.04578
348 T	0.33739	0.61541	0.0472
349 A	0.34211	0.60950	0.04838
350 A	0.35124	0.59876	0.05
351 T	0.36811	0.57935	0.05254
352 A	0.38351	0.56205	0.05444
353 C	0.40576	0.53484	0.0594
354 T	0.43710	0.50209	0.06081
355 C	0.44873	0.48969	0.06158
356 G	0.46530	0.47292	0.06179
357 T	0.50868	0.42854	0.06278
358 T	0.52666	0.40943	0.06391
359 A	0.54821	0.38513	0.06666
360 T	0.59405	0.33731	0.06864
361 A	0.62270	0.30186	0.07544
362 A	0.65396	0.26120	0.08485
363 A	0.69102	0.20799	0.10099
364 T	0.75669	0.13069	0.11262
365 T	0.78089	0.10160	0.11751
366 T	0.79883	0.07705	0.12412
367 A	0.80507	0.07135	0.12358
368 T	0.81386	0.05723	0.1289
369 T	0.81227	0.05592	0.13181
370 T	0.80062	0.07255	0.12683
371 T	0.77847	0.10610	0.11543
372 A	0.72635	0.18468	0.08897
373 A	0.70455	0.21877	0.07668
374 A	0.69378	0.23330	0.07293
375 T	0.68783	0.24151	0.07066
376 T	0.67849	0.25077	0.07074
377 T	0.66894	0.26039	0.07068
378 T	0.65779	0.27229	0.06992
379 T	0.63842	0.29319	0.06839
380 C	0.61684	0.31616	0.067
381 T	0.60603	0.32897	0.065
382 A	0.58542	0.35198	0.0626
383 A	0.57272	0.36689	0.0604
384 T	0.56176	0.37979	0.05846
385 G	0.54180	0.40380	0.0544
386 A	0.53560	0.41342	0.05097
387 A	0.53390	0.41721	0.04888
388 A	0.53379	0.41757	0.04864
389 A	0.53527	0.41523	0.0495
390 T	0.54160	0.40630	0.0521
391 A	0.54411	0.40230	0.05359
392 A	0.54764	0.39133	0.06103
393 A	0.55512	0.36932	0.07557
394 A	0.56875	0.33124	0.10001
395 T	0.59735	0.25315	0.14949
396 T	0.60861	0.22038	0.17102
397 A	0.61184	0.20545	0.18271
398 G	0.61597	0.18974	0.19429
399 T	0.61866	0.17471	0.20663
400 T	0.62045	0.15840	0.22116
401 G	0.62232	0.14431	0.23337
402 T	0.62530	0.12250	0.2522
403 T	0.62687	0.10868	0.26444
404 T	0.62714	0.10875	0.26411
405 G	0.62640	0.10366	0.26993
406 A	0.62686	0.10825	0.26489
407 A	0.62572	0.10712	0.26715
408 T	0.62845	0.09367	0.27788
409 T	0.62844	0.09215	0.27941
410 T	0.62743	0.09313	0.27944
411 G	0.62511	0.09761	0.27727
412 A	0.62307	0.10861	0.26832
413 C	0.62225	0.11234	0.26541
414 T	0.62266	0.12910	0.24824
415 T	0.62172	0.13616	0.24213
416 T	0.62043	0.14574	0.23384
417 A	0.61747	0.15193	0.2306
418 T	0.61665	0.15510	0.22825
419 C	0.61561	0.15733	0.22706
420 T	0.61511	0.15814	0.22675
421 C	0.61398	0.15971	0.2263
422 A	0.61362	0.16234	0.22405
423 T	0.61305	0.16349	0.22346
424 C	0.61214	0.16512	0.22273
425 A	0.61278	0.16709	0.22012
426 T	0.61890	0.16442	0.21668
427 A	0.62228	0.16780	0.20991
428 A	0.62553	0.17165	0.20282
429 T	0.63007	0.17193	0.198
430 A	0.61311	0.20223	0.18466
431 A	0.60409	0.22287	0.17304
432 T	0.60049	0.24409	0.15542
433 G	0.58482	0.27457	0.14061
434 A	0.57912	0.29143	0.12945
435 T	0.57962	0.30414	0.11624
436 A	0.56375	0.32329	0.11296
437 G	0.56485	0.32371	0.11144
438 G	0.56663	0.32252	0.11085
439 A	0.57132	0.32323	0.10545
440 C	0.57377	0.32095	0.10528
441 T	0.57643	0.32308	0.1005
442 T	0.57663	0.32314	0.10023
443 T	0.57259	0.32761	0.0998
444 A	0.55991	0.34101	0.09909
445 T	0.55173	0.34893	0.09935
446 C	0.53331	0.36536	0.10133
447 A	0.51256	0.38689	0.10055
448 A	0.50241	0.39640	0.10118
449 A	0.49208	0.40633	0.10159
450 A	0.48283	0.41365	0.10352
451 G	0.48344	0.41102	0.10554
452 A	0.48910	0.39787	0.11302
453 A	0.50272	0.36018	0.13711
454 G	0.51520	0.32820	0.1566
455 T	0.53486	0.29822	0.16692
456 T	0.53066	0.29278	0.17655
457 A	0.49223	0.34363	0.16415
458 A	0.47831	0.36731	0.15439
459 A	0.47054	0.36706	0.1624
460 T	0.46788	0.36026	0.17185
461 A	0.44651	0.38421	0.16928
462 T	0.44063	0.39506	0.16431
463 T	0.43265	0.40829	0.15906
464 T	0.42025	0.42457	0.15518
465 A	0.37780	0.47802	0.14417
466 A	0.35121	0.50034	0.14846
467 T	0.33357	0.50612	0.16031
468 T	0.29019	0.54277	0.16705
469 A	0.25092	0.57070	0.17838
470 C	0.22474	0.58483	0.19043
471 A	0.20910	0.60263	0.18827
472 A	0.20272	0.60525	0.19203
473 T	0.19933	0.59833	0.20234
474 T	0.18998	0.60272	0.2073
475 A	0.17651	0.61682	0.20668
476 A	0.17092	0.61726	0.21181
477 A	0.17121	0.61161	0.21718
478 A	0.17313	0.60031	0.22657
479 A	0.17922	0.57042	0.25036
480 A	0.19910	0.50793	0.29297
481 T	0.21964	0.46685	0.31351
482 T	0.22704	0.45443	0.31853
483 A	0.22795	0.44983	0.32223
484 G	0.23388	0.41543	0.35069
485 T	0.24285	0.39019	0.36696
486 T	0.24152	0.40118	0.35731
487 A	0.23322	0.44630	0.32048
488 A	0.23452	0.50646	0.25903
489 A	0.23324	0.53660	0.23016
490 A	0.23360	0.55288	0.21352
491 T	0.23893	0.51946	0.2416
492 A	0.23999	0.52045	0.23956
493 T	0.24304	0.52218	0.23477
494 T	0.24518	0.55610	0.19872
495 T	0.24258	0.56233	0.1951
496 A	0.23018	0.59498	0.17485
497 T	0.22468	0.60088	0.17443
498 G	0.21636	0.60540	0.17824
499 C	0.21294	0.61260	0.17446
500 A	0.21064	0.63858	0.15079
501 A	0.21369	0.65882	0.12748
502 A	0.21863	0.68456	0.09681
503 A	0.22585	0.70543	0.06872
504 A	0.23378	0.70807	0.05815
505 T	0.24626	0.70581	0.04793
506 T	0.25268	0.70594	0.04138
507 A	0.25502	0.70921	0.03577
508 A	0.26185	0.70322	0.03493
509 A	0.28397	0.67552	0.04051
510 A	0.33299	0.61709	0.04991
511 T	0.43621	0.50628	0.05751
512 A	0.49316	0.44828	0.05857
513 T	0.53699	0.40297	0.06005
514 A	0.55113	0.39025	0.05861
515 A	0.58025	0.35916	0.06059
516 T	0.61084	0.32588	0.06329
517 T	0.65436	0.27839	0.06725
518 A	0.65817	0.27106	0.07077
519 T	0.68458	0.23392	0.0815
520 T	0.67421	0.24216	0.08362
521 C	0.60968	0.30809	0.08224
522 T	0.57159	0.35869	0.06973
523 A	0.49190	0.45178	0.05632
524 A	0.48056	0.47229	0.04716
525 A	0.49414	0.46270	0.04315
526 T	0.52220	0.43592	0.04188
527 A	0.52537	0.43240	0.04224
528 T	0.52782	0.43027	0.0419
529 T	0.50003	0.46004	0.03993
530 T	0.41660	0.54718	0.03622
531 A	0.29998	0.66407	0.03595
532 A	0.23834	0.72612	0.03554
533 A	0.19757	0.76732	0.03511
534 A	0.17104	0.79380	0.03516
535 C	0.15013	0.81404	0.03583
536 A	0.11685	0.84941	0.03374
537 A	0.08954	0.87817	0.03229
538 A	0.06407	0.90571	0.03022
539 A	0.04319	0.92862	0.02818
540 A	0.03770	0.93535	0.02694
541 A	0.04036	0.92088	0.03875
542 A	0.04656	0.89770	0.05574
543 A	0.05737	0.84272	0.09992
544 T	0.07338	0.75493	0.17169
545 T	0.08408	0.70498	0.21094
546 T	0.08777	0.64359	0.26864
547 A	0.07952	0.65590	0.26458
548 A	0.07384	0.66134	0.26482
549 T	0.06954	0.66218	0.26828
550 A	0.05973	0.66818	0.2721
551 A	0.05379	0.65328	0.29292
552 A	0.05128	0.61539	0.33333
553 G	0.05084	0.53227	0.4169
554 A	0.04634	0.47760	0.47606
555 A	0.04062	0.51380	0.44558
556 A	0.03402	0.57173	0.39425
557 A	0.03022	0.69046	0.27931
558 A	0.02877	0.74376	0.22747
559 A	0.02936	0.73333	0.23731
560 A	0.03096	0.71599	0.25305
561 A	0.03323	0.69282	0.27395
562 G	0.03575	0.67736	0.28689
563 G	0.03838	0.70360	0.25802
564 T	0.04131	0.72851	0.23018
565 A	0.04179	0.79434	0.16387
566 A	0.04389	0.81696	0.13915
567 A	0.04905	0.82065	0.13029
568 T	0.05820	0.81442	0.12738
569 A	0.06421	0.81074	0.12505
570 T	0.08471	0.78388	0.1314
571 T	0.09639	0.78076	0.12285
572 T	0.10084	0.79417	0.10499
573 A	0.10340	0.81007	0.08653
574 A	0.10543	0.81446	0.0801
575 A	0.10925	0.81373	0.07701
576 A	0.12001	0.80439	0.07559
577 A	0.15851	0.76255	0.07894
578 A	0.24269	0.67277	0.08454
579 G	0.34145	0.56763	0.09092
580 T	0.49471	0.41203	0.09325
581 T	0.56135	0.34526	0.09339
582 T	0.57701	0.33073	0.09225
583 A	0.57909	0.33198	0.08893
584 A	0.58526	0.32806	0.08668
585 A	0.60200	0.31290	0.0851
586 T	0.64750	0.26884	0.08366
587 A	0.67850	0.23836	0.08314
588 T	0.74815	0.16904	0.08281
589 T	0.76542	0.15406	0.08053
590 T	0.75525	0.16461	0.08013
591 C	0.72277	0.19777	0.07946
592 A	0.69301	0.23030	0.07669
593 A	0.68224	0.24334	0.07442
594 C	0.68892	0.23671	0.07436
595 T	0.70882	0.21709	0.07409
596 T	0.71066	0.21508	0.07425
597 G	0.64311	0.28159	0.07529
598 C	0.58714	0.33714	0.07572
599 T	0.52295	0.40184	0.07521
600 C	0.42863	0.49716	0.07422
601 A	0.39729	0.53209	0.07063
602 A	0.38834	0.54186	0.0698
603 T	0.38370	0.54755	0.06875
604 T	0.37174	0.55996	0.0683
605 A	0.34379	0.58987	0.06634
606 C	0.32158	0.60976	0.06866
607 A	0.30462	0.62771	0.06767
608 A	0.29423	0.63827	0.0675
609 A	0.29172	0.64141	0.06687
610 G	0.29117	0.64209	0.06675
611 A	0.29225	0.64254	0.06521
612 A	0.29493	0.63639	0.06867
613 A	0.29593	0.62116	0.0829
614 A	0.29708	0.58915	0.11377
615 A	0.29965	0.55543	0.14492
616 A	0.30190	0.53248	0.16562
617 T	0.30293	0.51161	0.18545
618 A	0.30330	0.50014	0.19656
619 A	0.30368	0.47353	0.22279
620 T	0.30431	0.39278	0.30291
621 A	0.30459	0.33611	0.3593
622 G	0.30491	0.26573	0.42936
623 G	0.30572	0.18433	0.50995
624 G	0.30862	0.15803	0.53336
625 A	0.30970	0.15121	0.53909
626 T	0.31165	0.13871	0.54964
627 G	0.31304	0.12506	0.5619
628 T	0.31592	0.10057	0.5835
629 T	0.31718	0.08135	0.60147
630 T	0.31790	0.07047	0.61163
631 G	0.31795	0.06555	0.61651
632 G	0.31877	0.07081	0.61042
633 C	0.31979	0.07595	0.60425
634 A	0.32198	0.09061	0.58741
635 T	0.32602	0.08874	0.58524
636 T	0.32820	0.09216	0.57964
637 T	0.32911	0.09581	0.57508
638 T	0.32876	0.09938	0.57186
639 C	0.32805	0.10333	0.56863
640 A	0.32774	0.11329	0.55897
641 T	0.32998	0.11516	0.55487
642 A	0.33041	0.11897	0.55062
643 T	0.33135	0.12088	0.54777
644 T	0.33313	0.11974	0.54713
645 A	0.33397	0.11927	0.54677
646 T	0.33726	0.11603	0.54671
647 G	0.34171	0.11159	0.54671
648 T	0.34936	0.10399	0.54665
649 T	0.35354	0.09977	0.54669
650 T	0.35693	0.09631	0.54676
651 A	0.35917	0.09402	0.54681
652 A	0.36208	0.09102	0.5469
653 T	0.36579	0.08695	0.54726
654 A	0.37015	0.08228	0.54757
655 T	0.38114	0.07097	0.54789
656 T	0.38980	0.06214	0.54807
657 A	0.40151	0.05026	0.54823
658 A	0.40480	0.04666	0.54854
659 T	0.41312	0.03760	0.54928
660 T	0.41879	0.03132	0.5499
661 T	0.42259	0.02655	0.55087
662 A	0.42584	0.02225	0.55191
663 T	0.43426	0.01260	0.55315
664 T	0.43745	0.00861	0.55395
665 A	0.44039	0.00465	0.55496
666 A	0.44361	0.00000	0.55639
