# lcl|CP097583.1_cds_USQ93336.1_1
# AA	inside	membr	outside
1 G	0.45534	0.00000	0.54466
2 T	0.45338	0.00196	0.54466
3 G	0.45136	0.00398	0.54466
4 A	0.45136	0.14066	0.40799
5 A	0.44267	0.28991	0.26742
6 T	0.44267	0.31577	0.24156
7 A	0.38421	0.39025	0.22555
8 A	0.38420	0.39066	0.22514
9 T	0.38120	0.39444	0.22437
10 A	0.38118	0.43903	0.17978
11 T	0.37936	0.44391	0.17673
12 T	0.33115	0.49339	0.17546
13 C	0.20610	0.62381	0.17009
14 A	0.20608	0.62383	0.17009
15 A	0.20608	0.70577	0.08815
16 A	0.20501	0.70684	0.08815
17 A	0.20345	0.70966	0.08689
18 T	0.20339	0.71383	0.08278
19 A	0.19848	0.72688	0.07464
20 A	0.14432	0.83179	0.02389
21 A	0.09350	0.88270	0.02379
22 A	0.09337	0.88464	0.02199
23 A	0.09522	0.88320	0.02158
24 A	0.10568	0.87292	0.02141
25 A	0.12231	0.85194	0.02574
26 T	0.14197	0.82820	0.02983
27 G	0.24855	0.71553	0.03592
28 A	0.35835	0.59979	0.04186
29 A	0.38468	0.57146	0.04386
30 A	0.41012	0.50126	0.08861
31 T	0.41861	0.48469	0.0967
32 T	0.42374	0.46971	0.10655
33 A	0.45322	0.42749	0.1193
34 T	0.46135	0.40964	0.129
35 T	0.47161	0.35716	0.17123
36 T	0.47522	0.26921	0.25558
37 C	0.47585	0.26733	0.25682
38 A	0.52650	0.21782	0.25568
39 A	0.52764	0.21980	0.25256
40 A	0.53347	0.21302	0.25351
41 A	0.54305	0.20209	0.25485
42 T	0.56073	0.17934	0.25994
43 T	0.60226	0.08147	0.31627
44 T	0.60352	0.03757	0.3589
45 T	0.60508	0.03595	0.35897
46 T	0.60552	0.03524	0.35924
47 T	0.60559	0.03779	0.35661
48 T	0.60240	0.04466	0.35293
49 A	0.59977	0.05329	0.34694
50 T	0.59859	0.05913	0.34228
51 T	0.59822	0.06007	0.34171
52 G	0.59747	0.06351	0.33902
53 T	0.59687	0.06808	0.33505
54 T	0.59628	0.07386	0.32986
55 T	0.59528	0.08113	0.32359
56 T	0.59492	0.08345	0.32163
57 A	0.59446	0.09005	0.31549
58 A	0.59458	0.09206	0.31336
59 T	0.59623	0.08942	0.31436
60 T	0.59704	0.08767	0.31528
61 T	0.59814	0.08543	0.31643
62 T	0.60047	0.08229	0.31724
63 A	0.59980	0.08280	0.31739
64 T	0.60049	0.08197	0.31753
65 C	0.60107	0.08131	0.31762
66 T	0.60203	0.08046	0.3175
67 T	0.60586	0.07698	0.31716
68 T	0.60889	0.07447	0.31665
69 A	0.60912	0.07554	0.31534
70 A	0.61261	0.07298	0.3144
71 T	0.61724	0.06493	0.31783
72 T	0.62258	0.05681	0.32061
73 T	0.62669	0.05066	0.32265
74 T	0.62793	0.04850	0.32357
75 A	0.63035	0.04505	0.32459
76 C	0.63461	0.03923	0.32616
77 T	0.64278	0.03056	0.32666
78 T	0.64902	0.02374	0.32724
79 T	0.65086	0.02204	0.3271
80 T	0.65327	0.01969	0.32703
81 T	0.65330	0.02051	0.32618
82 G	0.65157	0.02468	0.32375
83 T	0.64710	0.03578	0.31713
84 T	0.63479	0.05790	0.30731
85 A	0.60441	0.10562	0.28997
86 T	0.57587	0.14518	0.27896
87 A	0.50135	0.26127	0.23738
88 A	0.45390	0.32265	0.22346
89 G	0.38649	0.39622	0.21729
90 A	0.36416	0.42836	0.20748
91 A	0.35445	0.44526	0.20029
92 G	0.35231	0.44667	0.20102
93 T	0.35151	0.44726	0.20123
94 T	0.34785	0.45107	0.20108
95 T	0.34417	0.45470	0.20113
96 C	0.33744	0.46105	0.20151
97 G	0.33459	0.46382	0.20159
98 G	0.33332	0.46506	0.20163
99 T	0.33229	0.46627	0.20145
100 C	0.32848	0.47047	0.20105
101 C	0.32403	0.47667	0.1993
102 T	0.32182	0.47922	0.19896
103 A	0.31771	0.48358	0.19871
104 A	0.31552	0.48547	0.19901
105 A	0.31815	0.48199	0.19986
106 C	0.32684	0.46542	0.20774
107 A	0.33882	0.43699	0.22419
108 A	0.35753	0.38531	0.25716
109 A	0.36982	0.34265	0.28753
110 T	0.41150	0.23787	0.35063
111 T	0.42259	0.19284	0.38457
112 G	0.42435	0.12811	0.44753
113 A	0.42959	0.12213	0.44828
114 T	0.43471	0.14473	0.42056
115 T	0.43080	0.23147	0.33773
116 A	0.37948	0.35085	0.26967
117 T	0.33484	0.45778	0.20738
118 A	0.28267	0.56424	0.15309
119 A	0.24202	0.63559	0.12238
120 A	0.22809	0.66748	0.10442
121 A	0.22084	0.69925	0.07991
122 A	0.21470	0.73724	0.04806
123 A	0.21217	0.74392	0.04392
124 T	0.21230	0.74413	0.04357
125 T	0.20224	0.75510	0.04266
126 A	0.17648	0.78765	0.03587
127 C	0.16251	0.80354	0.03395
128 A	0.15028	0.82416	0.02556
129 A	0.14457	0.83027	0.02515
130 G	0.14105	0.83381	0.02514
131 A	0.14066	0.83421	0.02513
132 A	0.14110	0.83357	0.02533
133 C	0.14317	0.82988	0.02696
134 A	0.14757	0.82420	0.02822
135 A	0.15817	0.81090	0.03093
136 G	0.18468	0.78232	0.033
137 A	0.24224	0.72314	0.03462
138 T	0.35527	0.60481	0.03992
139 A	0.42232	0.47943	0.09824
140 T	0.48593	0.35732	0.15675
141 T	0.51906	0.27886	0.20208
142 C	0.52609	0.24388	0.23003
143 A	0.52414	0.26986	0.206
144 A	0.53623	0.26411	0.19966
145 A	0.56479	0.23875	0.19647
146 T	0.58125	0.22066	0.1981
147 T	0.58881	0.21386	0.19733
148 A	0.58707	0.21557	0.19737
149 T	0.59045	0.20921	0.20034
150 T	0.58365	0.21812	0.19823
151 T	0.57864	0.23803	0.18333
152 T	0.56855	0.25878	0.17267
153 T	0.55218	0.30325	0.14458
154 A	0.53452	0.34535	0.12012
155 A	0.52201	0.36756	0.11043
156 T	0.48488	0.40966	0.10546
157 A	0.35526	0.54555	0.09919
158 A	0.25775	0.65270	0.08955
159 A	0.20538	0.71402	0.0806
160 A	0.16476	0.76694	0.0683
161 A	0.14746	0.78736	0.06518
162 T	0.14408	0.79166	0.06426
163 A	0.13517	0.80573	0.0591
164 A	0.13015	0.80872	0.06113
165 A	0.13136	0.80178	0.06686
166 T	0.15962	0.76477	0.0756
167 A	0.16108	0.76293	0.07599
168 T	0.16719	0.75354	0.07928
169 G	0.16564	0.75138	0.08298
170 A	0.16824	0.74591	0.08585
171 A	0.18304	0.72156	0.0954
172 T	0.22740	0.66619	0.10641
173 C	0.24908	0.63015	0.12078
174 T	0.28284	0.59266	0.1245
175 A	0.28429	0.59397	0.12174
176 T	0.29428	0.58108	0.12464
177 T	0.27556	0.60318	0.12126
178 A	0.20537	0.68698	0.10764
179 A	0.19534	0.66574	0.13891
180 A	0.18520	0.56220	0.2526
181 G	0.18790	0.46385	0.34825
182 A	0.19030	0.41902	0.39068
183 T	0.19854	0.38264	0.41882
184 G	0.18010	0.41827	0.40163
185 A	0.15950	0.48686	0.35364
186 A	0.15389	0.50541	0.3407
187 G	0.15495	0.50817	0.33688
188 A	0.15697	0.50557	0.33746
189 A	0.15999	0.50609	0.33393
190 T	0.16710	0.49684	0.33606
191 T	0.16803	0.49794	0.33403
192 C	0.15907	0.51699	0.32394
193 G	0.14904	0.55812	0.29284
194 A	0.13356	0.64651	0.21993
195 A	0.11886	0.71312	0.16801
196 A	0.10357	0.76093	0.1355
197 A	0.10612	0.77703	0.11685
198 A	0.11749	0.76853	0.11398
199 A	0.12935	0.75169	0.11895
200 A	0.14476	0.71702	0.13823
201 T	0.16533	0.64909	0.18558
202 A	0.17010	0.67492	0.15498
203 T	0.17034	0.69114	0.13852
204 A	0.16283	0.76045	0.07671
205 A	0.16363	0.76064	0.07573
206 A	0.17173	0.74866	0.07961
207 A	0.20210	0.69839	0.09951
208 T	0.25063	0.62682	0.12255
209 C	0.26796	0.59967	0.13237
210 A	0.27772	0.59315	0.12912
211 G	0.28355	0.58796	0.12849
212 A	0.29519	0.57722	0.1276
213 T	0.31130	0.56090	0.1278
214 G	0.32230	0.55074	0.12697
215 T	0.34742	0.51793	0.13466
216 A	0.37160	0.48540	0.143
217 A	0.42475	0.41823	0.15702
218 A	0.46281	0.36606	0.17113
219 C	0.49253	0.31957	0.1879
220 C	0.50647	0.30755	0.18598
221 T	0.52774	0.29826	0.17401
222 A	0.53984	0.30172	0.15845
223 G	0.55635	0.29329	0.15036
224 A	0.58510	0.26542	0.14947
225 T	0.63422	0.21310	0.15268
226 T	0.66022	0.17359	0.16619
227 T	0.70280	0.11814	0.17906
228 C	0.69866	0.11718	0.18416
229 C	0.69876	0.11993	0.18131
230 T	0.69985	0.12647	0.17368
231 T	0.69591	0.15300	0.1511
232 T	0.68951	0.17850	0.13199
233 T	0.66249	0.23233	0.10518
234 T	0.63405	0.27897	0.08698
235 A	0.57642	0.36551	0.05807
236 A	0.53426	0.42460	0.04114
237 A	0.50680	0.45632	0.03688
238 A	0.49370	0.47085	0.03545
239 A	0.48956	0.47467	0.03577
240 A	0.49056	0.47383	0.03561
241 A	0.49286	0.46998	0.03716
242 A	0.49614	0.46279	0.04108
243 T	0.50351	0.44966	0.04682
244 T	0.51504	0.43599	0.04897
245 A	0.52709	0.42194	0.05097
246 T	0.53421	0.41157	0.05422
247 A	0.53511	0.40961	0.05528
248 T	0.53586	0.40705	0.05709
249 T	0.53679	0.40429	0.05892
250 A	0.53854	0.39966	0.0618
251 G	0.54266	0.38483	0.07251
252 T	0.55423	0.36914	0.07663
253 A	0.56421	0.35463	0.08115
254 T	0.59244	0.31659	0.09097
255 A	0.61203	0.28279	0.10518
256 T	0.64091	0.21073	0.14836
257 T	0.65440	0.16491	0.18068
258 T	0.67776	0.09455	0.22769
259 T	0.68907	0.05571	0.25522
260 T	0.69172	0.03508	0.27321
261 T	0.69042	0.02972	0.27987
262 A	0.68262	0.03897	0.27841
263 T	0.67887	0.04829	0.27284
264 T	0.64151	0.09908	0.25941
265 G	0.57325	0.20965	0.2171
266 G	0.53902	0.24847	0.21251
267 T	0.51111	0.28411	0.20477
268 T	0.46600	0.33586	0.19815
269 T	0.41721	0.38871	0.19407
270 C	0.30866	0.50525	0.18609
271 G	0.22950	0.60133	0.16917
272 A	0.19705	0.65041	0.15254
273 T	0.17745	0.67599	0.14657
274 A	0.14007	0.71748	0.14245
275 A	0.11618	0.74365	0.14017
276 A	0.10312	0.75840	0.13848
277 A	0.09597	0.76599	0.13804
278 A	0.09336	0.76871	0.13793
279 A	0.09162	0.77060	0.13778
280 T	0.09134	0.76992	0.13874
281 C	0.08316	0.77715	0.1397
282 T	0.07549	0.78513	0.13938
283 A	0.06496	0.79598	0.13905
284 A	0.06246	0.79778	0.13976
285 A	0.06501	0.79050	0.14449
286 A	0.07217	0.77962	0.14821
287 A	0.08835	0.71930	0.19235
288 T	0.13410	0.59454	0.27137
289 A	0.14054	0.54657	0.31288
290 T	0.15214	0.49224	0.35562
291 T	0.15920	0.44858	0.39222
292 A	0.16145	0.42774	0.41081
293 T	0.16752	0.34463	0.48786
294 T	0.17896	0.28534	0.5357
295 T	0.18794	0.28169	0.53038
296 T	0.18731	0.31064	0.50205
297 A	0.18364	0.34258	0.47377
298 G	0.18155	0.34911	0.46935
299 A	0.17908	0.36818	0.45275
300 A	0.17616	0.39035	0.43348
301 A	0.17597	0.41903	0.405
302 A	0.17664	0.44715	0.37622
303 A	0.17538	0.46341	0.36121
304 T	0.17479	0.46458	0.36062
305 T	0.16656	0.48258	0.35086
306 G	0.14428	0.54708	0.30865
307 G	0.12364	0.66674	0.20962
308 A	0.10604	0.78979	0.10417
309 A	0.10041	0.84219	0.05741
310 A	0.09848	0.86675	0.03477
311 A	0.09829	0.88673	0.01499
312 A	0.10061	0.88594	0.01345
313 G	0.10456	0.88178	0.01366
314 A	0.11989	0.86581	0.01429
315 A	0.15995	0.82313	0.01692
316 C	0.19785	0.78035	0.02181
317 C	0.24876	0.72625	0.02498
318 T	0.29075	0.68397	0.02528
319 T	0.31939	0.65478	0.02583
320 C	0.31905	0.65469	0.02625
321 G	0.28901	0.68707	0.02392
322 G	0.27903	0.69706	0.0239
323 A	0.27023	0.70564	0.02413
324 A	0.27866	0.69915	0.02219
325 A	0.28382	0.69823	0.01795
326 A	0.28142	0.69965	0.01893
327 A	0.27234	0.70754	0.02012
328 G	0.26818	0.69950	0.03232
329 A	0.28710	0.66015	0.05276
330 A	0.34172	0.58524	0.07304
331 G	0.41751	0.49220	0.0903
332 C	0.43252	0.47248	0.095
333 A	0.42379	0.48072	0.09549
334 C	0.40176	0.50236	0.09588
335 A	0.28974	0.61738	0.09289
336 A	0.22183	0.68754	0.09063
337 C	0.20261	0.70919	0.0882
338 A	0.18410	0.74542	0.07049
339 A	0.17663	0.76970	0.05368
340 A	0.17165	0.78888	0.03947
341 T	0.16815	0.79796	0.03389
342 A	0.09010	0.88583	0.02407
343 A	0.05806	0.90318	0.03876
344 T	0.05075	0.87167	0.07759
345 A	0.03332	0.86866	0.09802
346 G	0.02641	0.85203	0.12156
347 A	0.02485	0.84603	0.12912
348 A	0.02701	0.82742	0.14557
349 A	0.02882	0.81215	0.15902
350 A	0.02976	0.78995	0.18029
351 A	0.02899	0.76735	0.20366
352 G	0.02885	0.73398	0.23717
353 T	0.02793	0.71059	0.26147
354 A	0.02526	0.70801	0.26673
355 A	0.02515	0.68143	0.29342
356 A	0.02539	0.65492	0.31969
357 A	0.02655	0.61059	0.36286
358 G	0.02898	0.47893	0.49209
359 C	0.03133	0.41429	0.55437
360 A	0.03321	0.42189	0.5449
361 G	0.05086	0.41346	0.53569
362 A	0.06822	0.42210	0.50968
363 A	0.08422	0.42641	0.48936
364 A	0.09262	0.43435	0.47302
365 T	0.10644	0.35483	0.53873
366 T	0.10605	0.38686	0.5071
367 A	0.08191	0.58816	0.32994
368 A	0.06027	0.72446	0.21527
369 A	0.04300	0.85406	0.10294
370 A	0.03815	0.90543	0.05642
371 A	0.03421	0.92909	0.0367
372 A	0.04299	0.93259	0.02442
373 A	0.05032	0.92900	0.02068
374 A	0.05758	0.92386	0.01856
375 A	0.06846	0.91225	0.01929
376 T	0.09158	0.88796	0.02047
377 T	0.09895	0.87888	0.02217
378 A	0.09157	0.88593	0.02249
379 G	0.08869	0.88745	0.02386
380 A	0.08693	0.88872	0.02435
381 A	0.08596	0.88885	0.02519
382 A	0.08792	0.88588	0.0262
383 C	0.10889	0.86327	0.02785
384 A	0.12648	0.84615	0.02738
385 A	0.15392	0.81942	0.02666
386 A	0.18211	0.79228	0.02561
387 A	0.20961	0.76538	0.02501
388 G	0.24489	0.73012	0.025
389 A	0.32199	0.64465	0.03336
390 T	0.52155	0.41802	0.06043
391 G	0.63756	0.27654	0.0859
392 T	0.75656	0.14060	0.10284
393 T	0.79576	0.09445	0.10979
394 T	0.80835	0.07555	0.11611
395 T	0.81083	0.07239	0.11678
396 T	0.80896	0.07286	0.11818
397 T	0.80794	0.07344	0.11862
398 A	0.80579	0.07605	0.11817
399 T	0.80381	0.07884	0.11735
400 T	0.79994	0.07992	0.12014
401 T	0.78594	0.08759	0.12647
402 T	0.71296	0.15879	0.12825
403 A	0.63186	0.24150	0.12664
404 C	0.59639	0.28051	0.1231
405 A	0.57395	0.31441	0.11164
406 A	0.55724	0.34011	0.10264
407 A	0.54596	0.35551	0.09853
408 A	0.53508	0.37199	0.09293
409 G	0.52503	0.38987	0.0851
410 A	0.51383	0.41235	0.07382
411 T	0.51218	0.41434	0.07348
412 T	0.51040	0.41521	0.07439
413 T	0.50853	0.41720	0.07427
414 A	0.50730	0.41842	0.07428
415 T	0.50732	0.41582	0.07687
416 C	0.50621	0.41405	0.07974
417 A	0.50311	0.41901	0.07788
418 T	0.50253	0.41991	0.07756
419 C	0.48734	0.43460	0.07806
420 T	0.47467	0.45115	0.07418
421 A	0.43326	0.49767	0.06906
422 A	0.39638	0.53046	0.07316
423 A	0.38017	0.54264	0.07719
424 G	0.36620	0.55588	0.07792
425 A	0.33388	0.53445	0.13167
426 A	0.32070	0.48934	0.18996
427 G	0.31714	0.47742	0.20544
428 A	0.32295	0.49994	0.17711
429 A	0.33015	0.52907	0.14078
430 A	0.33405	0.51788	0.14808
431 A	0.34021	0.50108	0.15871
432 A	0.34848	0.47972	0.1718
433 T	0.36604	0.44626	0.18771
434 C	0.37085	0.43420	0.19495
435 T	0.37169	0.43162	0.19669
436 C	0.37176	0.42997	0.19827
437 A	0.37220	0.43045	0.19735
438 A	0.37214	0.42987	0.19798
439 G	0.37267	0.42791	0.19942
440 T	0.37739	0.41703	0.20558
441 T	0.38084	0.40939	0.20977
442 C	0.38211	0.38460	0.2333
443 A	0.38385	0.37382	0.24232
444 A	0.38767	0.33766	0.27467
445 G	0.39340	0.30313	0.30347
446 A	0.40392	0.28825	0.30782
447 T	0.45099	0.24196	0.30705
448 T	0.50056	0.17156	0.32788
449 T	0.52901	0.14549	0.3255
450 T	0.53504	0.15537	0.30958
451 T	0.54128	0.16131	0.29741
452 T	0.54078	0.17410	0.28512
453 A	0.48087	0.24703	0.2721
454 A	0.45844	0.27515	0.26641
455 C	0.45082	0.28668	0.2625
456 T	0.44468	0.31962	0.2357
457 A	0.42817	0.38668	0.18515
458 T	0.41226	0.45665	0.13109
459 T	0.38279	0.52701	0.0902
460 A	0.31396	0.60542	0.08062
461 A	0.28735	0.63701	0.07564
462 A	0.27472	0.65124	0.07404
463 A	0.26703	0.65871	0.07427
464 C	0.26364	0.66040	0.07596
465 A	0.26272	0.66063	0.07665
466 G	0.26605	0.65554	0.07841
467 G	0.27143	0.64933	0.07924
468 A	0.27758	0.64299	0.07944
469 A	0.28611	0.63440	0.07949
470 C	0.30383	0.61447	0.0817
471 G	0.32299	0.59450	0.0825
472 A	0.34417	0.57354	0.08229
473 A	0.36653	0.54908	0.08438
474 T	0.38630	0.52520	0.08849
475 T	0.40100	0.50526	0.09374
476 T	0.41177	0.43435	0.15388
477 G	0.41182	0.40756	0.18062
478 G	0.41335	0.39781	0.18883
479 A	0.43537	0.38826	0.17637
480 A	0.48044	0.36017	0.15938
481 T	0.53377	0.31419	0.15205
482 A	0.56415	0.27075	0.16509
483 T	0.57288	0.19915	0.22796
484 T	0.57396	0.17595	0.25009
485 T	0.56745	0.17557	0.25699
486 T	0.54538	0.19991	0.25472
487 C	0.49772	0.25935	0.24293
488 G	0.46891	0.29185	0.23924
489 T	0.44407	0.32309	0.23283
490 G	0.36075	0.42320	0.21605
491 A	0.29551	0.49884	0.20565
492 C	0.26598	0.53537	0.19865
493 A	0.24779	0.57113	0.18108
494 A	0.24148	0.59373	0.16478
495 A	0.24088	0.61103	0.14808
496 T	0.24173	0.62537	0.1329
497 A	0.23873	0.66978	0.09149
498 T	0.23297	0.68211	0.08492
499 A	0.21346	0.70542	0.08112
500 A	0.19815	0.72170	0.08014
501 A	0.19053	0.72723	0.08224
502 A	0.20318	0.71537	0.08145
503 A	0.23082	0.68878	0.0804
504 T	0.25710	0.66269	0.08021
505 T	0.25755	0.66003	0.08242
506 T	0.24827	0.66787	0.08387
507 A	0.23064	0.68383	0.08553
508 A	0.21811	0.68989	0.092
509 A	0.21909	0.66697	0.11395
510 T	0.23098	0.61100	0.15802
511 A	0.23046	0.58607	0.18347
512 A	0.23422	0.55666	0.20912
513 T	0.24608	0.46558	0.28834
514 T	0.24077	0.41616	0.34307
515 C	0.19310	0.44657	0.36033
516 A	0.18574	0.47284	0.34142
517 A	0.19385	0.48390	0.32226
518 A	0.20445	0.49682	0.29874
519 A	0.21539	0.51831	0.26631
520 T	0.24720	0.50442	0.24838
521 T	0.23619	0.51914	0.24467
522 A	0.20245	0.58393	0.21362
523 A	0.18544	0.62688	0.18768
524 A	0.17826	0.63910	0.18265
525 A	0.17610	0.63932	0.18458
526 A	0.17066	0.64295	0.18639
527 T	0.17510	0.63916	0.18574
528 T	0.16605	0.65388	0.18007
529 G	0.14135	0.68959	0.16906
530 G	0.12388	0.70922	0.1669
531 A	0.09621	0.75234	0.15145
532 A	0.08983	0.77010	0.14008
533 A	0.09081	0.77532	0.13387
534 A	0.09327	0.77549	0.13124
535 A	0.09752	0.77687	0.12562
536 T	0.10517	0.77444	0.12039
537 A	0.09183	0.80297	0.1052
538 G	0.08763	0.77306	0.13931
539 A	0.09952	0.75910	0.14139
540 A	0.10956	0.75236	0.13808
541 A	0.13236	0.73077	0.13687
542 A	0.17263	0.68674	0.14063
543 T	0.20393	0.64450	0.15158
544 A	0.21181	0.62494	0.16325
545 A	0.24017	0.57772	0.1821
546 T	0.26643	0.54825	0.18531
547 A	0.25291	0.61674	0.13036
548 A	0.24389	0.63949	0.11663
549 A	0.24480	0.64504	0.11016
550 A	0.25458	0.63044	0.11499
551 T	0.27636	0.59471	0.12894
552 T	0.29050	0.55885	0.15065
553 A	0.28244	0.55297	0.1646
554 C	0.27961	0.52980	0.19058
555 A	0.27657	0.53547	0.18796
556 G	0.27666	0.54035	0.18299
557 A	0.25736	0.57407	0.16857
558 A	0.24416	0.61439	0.14144
559 A	0.25716	0.61060	0.13223
560 T	0.28298	0.57036	0.14665
561 T	0.27662	0.57141	0.15197
562 A	0.25336	0.59172	0.15491
563 T	0.24050	0.59853	0.16098
564 A	0.21241	0.62719	0.1604
565 G	0.19436	0.64785	0.15779
566 A	0.19079	0.66079	0.14843
567 A	0.19771	0.65429	0.148
568 A	0.20748	0.64473	0.14779
569 A	0.22321	0.62840	0.14839
570 T	0.28620	0.54177	0.17203
571 G	0.29272	0.52098	0.18629
572 A	0.30448	0.49956	0.19595
573 T	0.30572	0.48482	0.20946
574 C	0.29253	0.48945	0.21801
575 T	0.28315	0.50025	0.2166
576 A	0.22760	0.55990	0.2125
577 G	0.20860	0.58443	0.20696
578 A	0.20415	0.59310	0.20274
579 A	0.20739	0.58935	0.20327
580 A	0.22110	0.54304	0.23586
581 T	0.25485	0.46532	0.27982
582 T	0.26518	0.43725	0.29757
583 T	0.26855	0.42196	0.30949
584 G	0.26890	0.39759	0.33351
585 T	0.27063	0.37618	0.3532
586 G	0.26873	0.36397	0.36731
587 A	0.26049	0.35738	0.38213
588 C	0.26212	0.34299	0.39488
589 A	0.26623	0.37057	0.3632
590 A	0.26825	0.40540	0.32635
591 A	0.27612	0.43661	0.28727
592 T	0.28375	0.46456	0.25168
593 A	0.26771	0.53496	0.19733
594 T	0.26563	0.55294	0.18143
595 A	0.26375	0.58467	0.15159
596 A	0.26583	0.58893	0.14524
597 T	0.27240	0.57094	0.15666
598 A	0.27983	0.55196	0.16821
599 A	0.29259	0.49116	0.21626
600 T	0.31153	0.45109	0.23738
601 T	0.31920	0.43358	0.24722
602 C	0.32145	0.42666	0.25189
603 T	0.32270	0.42609	0.25122
604 C	0.31536	0.43667	0.24797
605 T	0.31387	0.44990	0.23622
606 T	0.30598	0.47635	0.21767
607 G	0.29102	0.50635	0.20263
608 A	0.27957	0.57113	0.14931
609 A	0.27036	0.60431	0.12534
610 G	0.25542	0.61788	0.12671
611 A	0.24744	0.62982	0.12274
612 A	0.27352	0.60302	0.12346
613 A	0.30866	0.56440	0.12694
614 A	0.35390	0.51537	0.13072
615 A	0.40328	0.45947	0.13725
616 T	0.46652	0.37798	0.1555
617 C	0.49043	0.34831	0.16126
618 T	0.51470	0.32796	0.15735
619 T	0.51734	0.33960	0.14307
620 A	0.50905	0.36642	0.12453
621 T	0.48582	0.39965	0.11453
622 A	0.44304	0.45006	0.1069
623 A	0.41653	0.47549	0.10797
624 T	0.38839	0.49922	0.1124
625 G	0.35055	0.53339	0.11606
626 A	0.32934	0.55081	0.11985
627 C	0.31538	0.55359	0.13103
628 A	0.31655	0.55400	0.12944
629 T	0.33222	0.53521	0.13257
630 A	0.33423	0.53541	0.13035
631 A	0.36628	0.50334	0.13039
632 T	0.37856	0.48632	0.13512
633 T	0.36267	0.49039	0.14695
634 A	0.30807	0.53510	0.15682
635 A	0.26677	0.57083	0.1624
636 A	0.23743	0.59619	0.16638
637 A	0.20199	0.62984	0.16817
638 C	0.17695	0.65408	0.16897
639 A	0.15032	0.69174	0.15794
640 A	0.14163	0.70612	0.15226
641 A	0.13239	0.72189	0.14571
642 A	0.12722	0.73269	0.14009
643 A	0.12238	0.74527	0.13235
644 T	0.12608	0.71386	0.16007
645 A	0.11534	0.69947	0.18518
646 A	0.10040	0.70526	0.19434
647 A	0.09204	0.70854	0.19943
648 T	0.08505	0.69908	0.21587
649 A	0.06860	0.71836	0.21305
650 A	0.06334	0.71327	0.22339
651 A	0.06301	0.70317	0.23382
652 G	0.06527	0.69412	0.24061
653 A	0.07415	0.67543	0.25042
654 T	0.08283	0.65100	0.26617
655 A	0.08431	0.63749	0.2782
656 A	0.08865	0.60840	0.30295
657 T	0.09136	0.55687	0.35176
658 G	0.09112	0.52638	0.3825
659 A	0.09086	0.52109	0.38805
660 A	0.09247	0.49718	0.41035
661 A	0.09501	0.47951	0.42548
662 T	0.10678	0.44290	0.45033
663 A	0.11381	0.42938	0.4568
664 A	0.12303	0.40543	0.47154
665 A	0.13755	0.37349	0.48896
666 T	0.16190	0.32646	0.51164
667 A	0.17232	0.30947	0.51821
668 G	0.19514	0.26861	0.53625
669 T	0.22508	0.21857	0.55636
670 T	0.24725	0.18884	0.56391
671 T	0.26137	0.17253	0.5661
672 T	0.27532	0.15572	0.56897
673 T	0.28156	0.15350	0.56493
674 A	0.28408	0.16992	0.54601
675 T	0.28718	0.17518	0.53764
676 T	0.28814	0.18968	0.52219
677 T	0.28468	0.21030	0.50502
678 A	0.27688	0.24644	0.47668
679 A	0.27229	0.27536	0.45236
680 A	0.27063	0.30822	0.42115
681 A	0.27300	0.32459	0.4024
682 T	0.28789	0.32136	0.39074
683 A	0.28382	0.34516	0.37102
684 T	0.28693	0.34216	0.37091
685 G	0.27606	0.35317	0.37077
686 G	0.25133	0.37781	0.37086
687 A	0.24451	0.38502	0.37047
688 C	0.24102	0.38812	0.37086
689 C	0.23447	0.39477	0.37076
690 G	0.22742	0.40252	0.37007
691 T	0.22269	0.40887	0.36844
692 C	0.20642	0.42705	0.36653
693 A	0.18937	0.45286	0.35777
694 G	0.18204	0.46096	0.357
695 A	0.18240	0.46094	0.35666
696 A	0.18664	0.45652	0.35685
697 T	0.20927	0.43276	0.35797
698 C	0.21459	0.42324	0.36216
699 A	0.22581	0.41058	0.3636
700 A	0.23704	0.39555	0.36741
701 A	0.25830	0.36778	0.37391
702 A	0.27980	0.34047	0.37972
703 C	0.30958	0.30424	0.38618
704 A	0.32908	0.27829	0.39263
705 A	0.34211	0.25853	0.39935
706 T	0.36101	0.22669	0.4123
707 A	0.36124	0.22109	0.41767
708 T	0.36151	0.20971	0.42878
709 G	0.36026	0.17924	0.4605
710 T	0.36070	0.16805	0.47126
711 A	0.35864	0.16455	0.47682
712 A	0.35769	0.16449	0.47783
713 A	0.35868	0.15441	0.48691
714 G	0.36027	0.14482	0.4949
715 A	0.36218	0.13382	0.504
716 T	0.37043	0.10792	0.52165
717 T	0.37038	0.09818	0.53144
718 T	0.37016	0.09461	0.53523
719 T	0.36951	0.09473	0.53575
720 G	0.36823	0.09673	0.53504
721 G	0.36777	0.09621	0.53601
722 T	0.36754	0.09690	0.53555
723 A	0.36723	0.10310	0.52967
724 G	0.36721	0.10291	0.52988
725 A	0.36731	0.10517	0.52752
726 T	0.36750	0.10502	0.52748
727 G	0.36768	0.10432	0.528
728 A	0.36805	0.10491	0.52704
729 T	0.36889	0.10349	0.52762
730 A	0.36931	0.10258	0.5281
731 C	0.36968	0.10092	0.52939
732 A	0.37096	0.10204	0.52701
733 G	0.37347	0.10101	0.52551
734 G	0.37780	0.09750	0.52469
735 T	0.39033	0.08742	0.52224
736 A	0.39446	0.08762	0.51792
737 A	0.40067	0.08260	0.51673
738 T	0.41081	0.07208	0.51712
739 T	0.41338	0.06899	0.51764
740 T	0.41358	0.06731	0.51911
741 A	0.40891	0.07167	0.51942
742 C	0.41045	0.06948	0.52007
743 C	0.41155	0.06797	0.52047
744 T	0.41239	0.06713	0.52048
745 A	0.40755	0.07217	0.52028
746 T	0.40718	0.07270	0.52013
747 C	0.40012	0.08011	0.51977
748 C	0.39532	0.08650	0.51817
749 A	0.38985	0.09824	0.51192
750 A	0.38774	0.10079	0.51147
751 T	0.38838	0.10018	0.51144
752 G	0.38779	0.10089	0.51133
753 G	0.38898	0.09963	0.51139
754 C	0.39054	0.09775	0.51171
755 C	0.39483	0.09361	0.51157
756 T	0.39791	0.09097	0.51113
757 A	0.39785	0.09137	0.51077
758 A	0.39932	0.09005	0.51064
759 T	0.40205	0.08735	0.5106
760 A	0.40256	0.08681	0.51064
761 A	0.40211	0.08649	0.5114
762 A	0.40186	0.08523	0.51291
763 A	0.40187	0.08266	0.51546
764 T	0.40208	0.07518	0.52274
765 A	0.40197	0.07245	0.52557
766 G	0.40209	0.06881	0.5291
767 A	0.40239	0.06511	0.53249
768 A	0.40304	0.05677	0.54019
769 T	0.40409	0.04680	0.5491
770 G	0.40473	0.03744	0.55783
771 G	0.40652	0.02925	0.56424
772 T	0.41217	0.01783	0.56999
773 A	0.41270	0.01453	0.57277
774 C	0.41306	0.01205	0.5749
775 T	0.41360	0.01054	0.57587
776 T	0.41386	0.00972	0.57641
777 T	0.41405	0.00911	0.57684
778 T	0.41428	0.00884	0.57688
779 T	0.41443	0.00877	0.5768
780 T	0.41450	0.00747	0.57803
781 T	0.41429	0.00797	0.57773
782 T	0.41386	0.00903	0.57711
783 A	0.41332	0.01151	0.57516
784 G	0.41292	0.01222	0.57486
785 G	0.41269	0.01268	0.57463
786 T	0.41261	0.01303	0.57436
787 T	0.41242	0.01341	0.57418
788 G	0.41207	0.01392	0.57401
789 G	0.41198	0.01466	0.57336
790 G	0.41203	0.01517	0.5728
791 G	0.41210	0.01548	0.57242
792 T	0.41218	0.01595	0.57187
793 T	0.41220	0.01637	0.57143
794 A	0.41220	0.01645	0.57135
795 T	0.41225	0.01643	0.57132
796 A	0.41224	0.01645	0.57131
797 T	0.41227	0.01642	0.57131
798 C	0.41232	0.01638	0.5713
799 T	0.41244	0.01630	0.57127
800 G	0.41251	0.01625	0.57124
801 G	0.41280	0.01600	0.57119
802 A	0.41316	0.01576	0.57108
803 A	0.41415	0.01479	0.57106
804 T	0.41622	0.01238	0.57141
805 G	0.41755	0.01059	0.57185
806 T	0.42023	0.00740	0.57237
807 T	0.42120	0.00607	0.57273
808 T	0.42175	0.00532	0.57293
809 T	0.42208	0.00492	0.573
810 A	0.42234	0.00454	0.57312
811 G	0.42264	0.00394	0.57342
812 T	0.42346	0.00302	0.57351
813 T	0.42412	0.00232	0.57355
814 G	0.42444	0.00203	0.57354
815 T	0.42490	0.00160	0.5735
816 T	0.42518	0.00135	0.57348
817 T	0.42522	0.00132	0.57346
818 T	0.42522	0.00133	0.57344
819 T	0.42522	0.00134	0.57345
820 G	0.42519	0.00136	0.57345
821 T	0.42519	0.00137	0.57344
822 T	0.42518	0.00138	0.57344
823 G	0.42517	0.00140	0.57342
824 G	0.42522	0.00142	0.57335
825 T	0.42536	0.00138	0.57327
826 T	0.42540	0.00140	0.5732
827 A	0.42542	0.00143	0.57315
828 T	0.42550	0.00140	0.5731
829 T	0.42554	0.00138	0.57308
830 T	0.42556	0.00140	0.57303
831 T	0.42556	0.00143	0.573
832 T	0.42554	0.00147	0.57299
833 T	0.42551	0.00152	0.57297
834 A	0.42535	0.00170	0.57295
835 T	0.42529	0.00176	0.57295
836 A	0.42521	0.00184	0.57295
837 T	0.42523	0.00180	0.57296
838 T	0.42522	0.00181	0.57297
839 T	0.42507	0.00195	0.57298
840 T	0.42489	0.00215	0.57296
841 T	0.42446	0.00257	0.57297
842 T	0.42322	0.00383	0.57295
843 A	0.42183	0.00525	0.57292
844 T	0.42134	0.00578	0.57288
845 C	0.42017	0.00698	0.57285
846 G	0.41936	0.00789	0.57274
847 T	0.41910	0.00834	0.57256
848 T	0.41845	0.00927	0.57229
849 T	0.41774	0.01014	0.57211
850 A	0.41700	0.01103	0.57197
851 T	0.41678	0.01130	0.57192
852 G	0.41639	0.01171	0.57189
853 T	0.41628	0.01183	0.57189
854 T	0.41612	0.01197	0.57191
855 T	0.41585	0.01222	0.57194
856 A	0.41526	0.01281	0.57193
857 T	0.41453	0.01348	0.572
858 T	0.41195	0.01616	0.57189
859 G	0.40752	0.02095	0.57153
860 A	0.40496	0.02369	0.57134
861 A	0.40279	0.02583	0.57137
862 G	0.40145	0.02692	0.57162
863 A	0.39855	0.02958	0.57188
864 A	0.39799	0.02963	0.57238
865 G	0.39771	0.02861	0.57368
866 G	0.39749	0.02758	0.57492
867 A	0.39750	0.02710	0.5754
868 T	0.39761	0.02580	0.5766
869 G	0.39766	0.02495	0.57739
870 G	0.39781	0.02442	0.57777
871 T	0.39807	0.02364	0.57828
872 T	0.39819	0.02307	0.57874
873 T	0.39816	0.02291	0.57893
874 T	0.39800	0.02316	0.57885
875 T	0.39771	0.02336	0.57893
876 T	0.39700	0.02412	0.57888
877 G	0.39528	0.02591	0.5788
878 G	0.39456	0.02654	0.5789
879 A	0.39440	0.02646	0.57914
880 A	0.39437	0.02577	0.57986
881 A	0.39450	0.02283	0.58267
882 T	0.39494	0.01839	0.58668
883 T	0.39506	0.01610	0.58884
884 T	0.39493	0.01487	0.5902
885 A	0.39466	0.01565	0.58969
886 G	0.39463	0.01392	0.59146
887 G	0.39463	0.01423	0.59114
888 A	0.39462	0.01444	0.59094
889 T	0.39466	0.01431	0.59102
890 T	0.39468	0.01448	0.59084
891 A	0.39433	0.01509	0.59057
892 G	0.39428	0.01519	0.59053
893 G	0.39438	0.01521	0.59041
894 T	0.39462	0.01525	0.59012
895 A	0.39481	0.01526	0.58992
896 T	0.39535	0.01484	0.58981
897 T	0.39562	0.01489	0.58948
898 G	0.39562	0.01614	0.58824
899 T	0.39570	0.01806	0.58623
900 T	0.39534	0.02513	0.57953
901 T	0.39505	0.02687	0.57808
902 T	0.39448	0.02843	0.57709
903 A	0.39273	0.03108	0.57619
904 A	0.39179	0.03199	0.57622
905 C	0.39150	0.03217	0.57632
906 A	0.39099	0.03269	0.57632
907 A	0.39149	0.03211	0.57639
908 C	0.39329	0.03018	0.57653
909 T	0.39458	0.02910	0.57632
910 T	0.39522	0.02883	0.57595
911 T	0.39536	0.02948	0.57517
912 A	0.39515	0.03081	0.57405
913 T	0.39528	0.03131	0.5734
914 T	0.39533	0.03212	0.57255
915 A	0.39511	0.03336	0.57153
916 A	0.39508	0.03392	0.57101
917 T	0.39518	0.03404	0.57078
918 A	0.39314	0.03627	0.57059
919 A	0.39151	0.03783	0.57066
920 G	0.39205	0.03707	0.57088
921 A	0.39356	0.03522	0.57122
922 A	0.39618	0.03202	0.5718
923 C	0.40390	0.02269	0.57342
924 T	0.40595	0.02010	0.57395
925 T	0.40680	0.01874	0.57446
926 T	0.40693	0.01802	0.57505
927 A	0.40485	0.02018	0.57498
928 T	0.40436	0.02069	0.57494
929 C	0.40324	0.02125	0.57551
930 A	0.40176	0.02276	0.57548
931 T	0.40091	0.02343	0.57566
932 G	0.39952	0.02472	0.57575
933 G	0.39422	0.02994	0.57584
934 C	0.39404	0.03006	0.5759
935 C	0.39457	0.02950	0.57594
936 T	0.39492	0.02949	0.57559
937 A	0.39548	0.02946	0.57506
938 T	0.39632	0.02882	0.57487
939 T	0.39610	0.02933	0.57457
940 T	0.39485	0.03040	0.57475
941 A	0.39218	0.03098	0.57684
942 T	0.38988	0.03120	0.57892
943 A	0.36936	0.05154	0.5791
944 C	0.35869	0.06226	0.57905
945 A	0.34108	0.08184	0.57709
946 A	0.32605	0.09714	0.5768
947 A	0.32104	0.10217	0.57679
948 A	0.31711	0.10604	0.57686
949 G	0.31494	0.10780	0.57726
950 C	0.31456	0.10536	0.58008
951 T	0.31394	0.10596	0.58009
952 A	0.31241	0.10674	0.58084
953 G	0.31212	0.10578	0.58209
954 T	0.31198	0.10501	0.58301
955 A	0.31169	0.10410	0.58422
956 C	0.31161	0.09795	0.59043
957 T	0.31176	0.09675	0.59149
958 T	0.31196	0.09580	0.59224
959 T	0.31195	0.09534	0.59272
960 C	0.31150	0.09533	0.59316
961 A	0.31122	0.09589	0.59289
962 G	0.31116	0.09517	0.59367
963 T	0.31116	0.09338	0.59547
964 A	0.31092	0.09186	0.59722
965 T	0.31080	0.09060	0.59861
966 G	0.31012	0.07062	0.61926
967 A	0.30978	0.06528	0.62494
968 A	0.30959	0.05391	0.6365
969 T	0.30531	0.05612	0.63857
970 A	0.29962	0.06915	0.63122
971 T	0.29741	0.07263	0.62996
972 G	0.29216	0.08356	0.62428
973 A	0.28900	0.09503	0.61597
974 G	0.28787	0.09804	0.61409
975 T	0.28678	0.10798	0.60525
976 T	0.28425	0.11284	0.60291
977 T	0.27649	0.12610	0.59741
978 A	0.25922	0.14451	0.59628
979 G	0.24941	0.15425	0.59634
980 C	0.24209	0.16204	0.59586
981 T	0.23926	0.16513	0.59561
982 C	0.23526	0.16909	0.59566
983 A	0.23014	0.17463	0.59523
984 A	0.22833	0.17660	0.59508
985 C	0.22627	0.17882	0.59491
986 C	0.21920	0.18707	0.59372
987 A	0.21213	0.20029	0.58758
988 G	0.20838	0.20919	0.58243
989 A	0.20606	0.21850	0.57544
990 A	0.20701	0.22066	0.57233
991 A	0.21036	0.22098	0.56866
992 T	0.22657	0.20165	0.57178
993 T	0.23743	0.19117	0.5714
994 A	0.23843	0.19619	0.56538
995 A	0.24182	0.19489	0.56329
996 T	0.24796	0.19137	0.56066
997 A	0.24707	0.19695	0.55598
998 A	0.25242	0.19351	0.55408
999 A	0.24652	0.19641	0.55708
1000 A	0.24094	0.19355	0.56551
1001 T	0.23550	0.18240	0.5821
1002 A	0.21001	0.20054	0.58945
1003 C	0.18744	0.21703	0.59552
1004 A	0.14983	0.26793	0.58224
1005 A	0.13063	0.29971	0.56967
1006 G	0.11359	0.32695	0.55946
1007 A	0.10756	0.34053	0.55191
1008 A	0.10452	0.34908	0.5464
1009 A	0.10422	0.35017	0.54561
1010 A	0.10885	0.33977	0.55138
1011 A	0.11351	0.33018	0.55631
1012 T	0.12034	0.31840	0.56126
1013 A	0.12243	0.31309	0.56448
1014 C	0.12900	0.30181	0.56919
1015 G	0.13475	0.29622	0.56903
1016 C	0.14235	0.28796	0.56969
1017 T	0.15066	0.28098	0.56837
1018 T	0.15550	0.27775	0.56675
1019 T	0.15801	0.27790	0.56409
1020 A	0.15668	0.28151	0.56181
1021 A	0.15228	0.28717	0.56055
1022 A	0.14831	0.28315	0.56854
1023 A	0.14345	0.27925	0.5773
1024 A	0.14059	0.27681	0.58259
1025 A	0.13405	0.26292	0.60303
1026 A	0.12075	0.25759	0.62165
1027 G	0.12585	0.21688	0.65727
1028 A	0.13368	0.19500	0.67131
1029 T	0.14471	0.17124	0.68405
1030 A	0.14371	0.17897	0.67732
1031 G	0.14289	0.19083	0.66629
1032 A	0.14552	0.21621	0.63828
1033 G	0.14512	0.21703	0.63785
1034 A	0.14288	0.22414	0.63298
1035 A	0.14281	0.22878	0.62842
1036 T	0.14403	0.23297	0.62299
1037 C	0.14153	0.24148	0.61699
1038 T	0.13736	0.25331	0.60933
1039 A	0.12604	0.27139	0.60257
1040 T	0.12160	0.27778	0.60063
1041 G	0.11428	0.28771	0.598
1042 C	0.11239	0.29047	0.59714
1043 A	0.11206	0.29079	0.59715
1044 G	0.11225	0.28617	0.60159
1045 A	0.11397	0.28369	0.60234
1046 A	0.11944	0.27728	0.60329
1047 A	0.12322	0.27122	0.60556
1048 A	0.12755	0.25454	0.61792
1049 T	0.13262	0.22668	0.6407
1050 G	0.13405	0.21224	0.65371
1051 C	0.13763	0.20055	0.66182
1052 A	0.14177	0.19525	0.66298
1053 G	0.15216	0.18105	0.66678
1054 A	0.16643	0.16367	0.6699
1055 T	0.19683	0.13111	0.67206
1056 G	0.19986	0.12850	0.67164
1057 G	0.20632	0.12901	0.66467
1058 A	0.21206	0.14748	0.64046
1059 A	0.22007	0.14935	0.63058
1060 A	0.22789	0.14677	0.62534
1061 T	0.24086	0.12669	0.63245
1062 T	0.24820	0.11628	0.63552
1063 T	0.25091	0.12742	0.62167
1064 T	0.24960	0.14131	0.60909
1065 T	0.24322	0.16086	0.59592
1066 A	0.23350	0.18521	0.58129
1067 A	0.22617	0.19837	0.57546
1068 A	0.22452	0.20363	0.57185
1069 G	0.22479	0.20699	0.56823
1070 T	0.22514	0.21384	0.56103
1071 A	0.22485	0.21879	0.55636
1072 T	0.22488	0.22101	0.5541
1073 A	0.22424	0.22366	0.5521
1074 T	0.22435	0.22449	0.55116
1075 C	0.22300	0.22685	0.55015
1076 A	0.22297	0.22980	0.54723
1077 A	0.22356	0.22953	0.54691
1078 A	0.22528	0.22816	0.54656
1079 A	0.22872	0.22475	0.54654
1080 A	0.24194	0.21155	0.5465
1081 C	0.26940	0.18355	0.54705
1082 A	0.28327	0.16973	0.547
1083 T	0.29795	0.15503	0.54703
1084 A	0.30209	0.15086	0.54706
1085 A	0.31302	0.13958	0.5474
1086 T	0.33621	0.11551	0.54828
1087 T	0.35385	0.09210	0.55405
1088 T	0.36544	0.07288	0.56168
1089 T	0.37577	0.05367	0.57057
1090 A	0.37943	0.04419	0.57639
1091 G	0.38181	0.03826	0.57993
1092 C	0.38576	0.03217	0.58208
1093 G	0.39273	0.02478	0.58248
1094 T	0.39933	0.01784	0.58284
1095 T	0.40304	0.01385	0.58311
1096 T	0.40593	0.01054	0.58353
1097 T	0.40685	0.00953	0.58363
1098 T	0.40762	0.00729	0.58509
1099 A	0.40855	0.00643	0.58502
1100 G	0.40889	0.00630	0.58481
1101 T	0.40940	0.00893	0.58167
1102 A	0.40966	0.01060	0.57974
1103 T	0.40996	0.01261	0.57743
1104 T	0.41017	0.01492	0.57491
1105 T	0.41037	0.01687	0.57276
1106 T	0.41041	0.01835	0.57124
1107 T	0.41047	0.02104	0.5685
1108 A	0.41045	0.02148	0.56807
1109 T	0.41049	0.02155	0.56796
1110 A	0.41042	0.02171	0.56787
1111 T	0.41042	0.02169	0.56788
1112 C	0.41040	0.02166	0.56794
1113 T	0.41049	0.02178	0.56773
1114 T	0.41050	0.02200	0.5675
1115 T	0.41046	0.02249	0.56705
1116 T	0.41032	0.02277	0.56691
1117 T	0.41018	0.02316	0.56667
1118 T	0.40981	0.02386	0.56633
1119 A	0.40899	0.02550	0.56551
1120 C	0.40883	0.02598	0.56519
1121 A	0.40885	0.02735	0.56381
1122 A	0.40920	0.02711	0.56369
1123 A	0.41026	0.02605	0.56369
1124 T	0.41467	0.02162	0.5637
1125 G	0.41654	0.01975	0.56371
1126 C	0.41908	0.01713	0.56379
1127 C	0.42180	0.01441	0.5638
1128 T	0.42406	0.01222	0.56372
1129 A	0.42500	0.01143	0.56357
1130 T	0.42713	0.00936	0.5635
1131 T	0.42742	0.00916	0.56343
1132 T	0.42751	0.00915	0.56334
1133 T	0.42754	0.00914	0.56332
1134 G	0.42696	0.00984	0.56319
1135 A	0.42656	0.01024	0.56321
1136 T	0.42641	0.01027	0.56332
1137 A	0.42623	0.01038	0.5634
1138 G	0.42645	0.01006	0.56349
1139 C	0.42658	0.00964	0.56377
1140 A	0.42683	0.00947	0.5637
1141 A	0.42727	0.00886	0.56386
1142 T	0.42814	0.00747	0.56439
1143 G	0.42847	0.00693	0.5646
1144 T	0.42965	0.00554	0.56481
1145 T	0.42978	0.00496	0.56527
1146 T	0.42978	0.00478	0.56545
1147 C	0.42973	0.00476	0.56551
1148 G	0.42958	0.00489	0.56552
1149 T	0.42958	0.00491	0.56551
1150 A	0.42958	0.00499	0.56543
1151 C	0.42966	0.00495	0.56539
1152 T	0.42986	0.00493	0.56521
1153 T	0.42995	0.00526	0.56479
1154 T	0.42994	0.00557	0.56449
1155 A	0.42973	0.00586	0.56441
1156 A	0.42969	0.00601	0.56429
1157 A	0.42982	0.00523	0.56495
1158 T	0.42991	0.00458	0.5655
1159 C	0.42983	0.00428	0.5659
1160 G	0.42996	0.00401	0.56603
1161 T	0.43022	0.00365	0.56613
1162 T	0.43029	0.00356	0.56616
1163 T	0.43037	0.00347	0.56615
1164 T	0.43039	0.00347	0.56614
1165 C	0.43036	0.00350	0.56614
1166 G	0.43034	0.00360	0.56606
1167 T	0.43034	0.00361	0.56605
1168 A	0.43032	0.00363	0.56606
1169 A	0.43031	0.00361	0.56608
1170 T	0.43020	0.00367	0.56613
1171 C	0.42994	0.00373	0.56634
1172 C	0.42985	0.00377	0.56638
1173 T	0.42986	0.00374	0.56639
1174 G	0.42971	0.00389	0.5664
1175 G	0.42977	0.00385	0.56638
1176 T	0.43008	0.00364	0.56628
1177 G	0.43012	0.00373	0.56615
1178 G	0.43013	0.00359	0.56628
1179 T	0.43024	0.00368	0.56608
1180 A	0.43007	0.00454	0.56538
1181 T	0.42999	0.00471	0.56531
1182 T	0.42960	0.00499	0.56541
1183 T	0.42927	0.00529	0.56544
1184 T	0.42879	0.00572	0.56548
1185 C	0.42691	0.00755	0.56554
1186 C	0.42576	0.00871	0.56554
1187 C	0.42480	0.00985	0.56536
1188 T	0.42107	0.01393	0.56501
1189 G	0.41542	0.01979	0.56479
1190 T	0.41279	0.02264	0.56457
1191 T	0.40807	0.02752	0.56441
1192 A	0.40171	0.03402	0.56428
1193 T	0.39688	0.03875	0.56437
1194 T	0.39137	0.04424	0.56439
1195 G	0.38191	0.05443	0.56366
1196 A	0.37487	0.06438	0.56074
1197 A	0.37177	0.06902	0.55921
1198 A	0.36972	0.07275	0.55754
1199 G	0.36891	0.07430	0.55678
1200 T	0.36835	0.07576	0.55589
1201 A	0.36751	0.07673	0.55576
1202 A	0.36745	0.07686	0.55569
1203 A	0.36787	0.07622	0.55591
1204 A	0.36800	0.07583	0.55618
1205 C	0.36814	0.07467	0.55718
1206 T	0.36834	0.07401	0.55765
1207 T	0.36841	0.07343	0.55815
1208 T	0.36843	0.07193	0.55964
1209 A	0.36844	0.07112	0.56045
1210 T	0.36871	0.06973	0.56156
1211 T	0.36897	0.06377	0.56726
1212 T	0.36911	0.05684	0.57405
1213 T	0.36911	0.05216	0.57872
1214 T	0.36886	0.04771	0.58342
1215 A	0.36820	0.04356	0.58824
1216 G	0.36702	0.04034	0.59264
1217 G	0.36507	0.03976	0.59516
1218 A	0.36439	0.03671	0.5989
1219 T	0.36744	0.03013	0.60243
1220 G	0.36839	0.03119	0.60042
1221 T	0.36947	0.03872	0.5918
1222 A	0.36893	0.05774	0.57333
1223 T	0.36921	0.06604	0.56475
1224 A	0.36759	0.08198	0.55043
1225 A	0.36327	0.10199	0.53474
1226 A	0.36106	0.11162	0.52732
1227 T	0.35802	0.12074	0.52124
1228 T	0.34320	0.14469	0.51211
1229 T	0.32165	0.16738	0.51097
1230 A	0.28047	0.20891	0.51063
1231 G	0.24555	0.24398	0.51047
1232 G	0.22793	0.26169	0.51038
1233 C	0.21586	0.27385	0.51028
1234 C	0.20808	0.28221	0.50971
1235 A	0.20140	0.29073	0.50788
1236 A	0.19849	0.29447	0.50703
1237 G	0.19731	0.29566	0.50703
1238 A	0.19728	0.29561	0.50711
1239 A	0.19789	0.29448	0.50763
1240 A	0.19990	0.29010	0.51
1241 C	0.20365	0.28435	0.51201
1242 C	0.20753	0.28008	0.5124
1243 A	0.21223	0.27533	0.51244
1244 A	0.22326	0.26438	0.51235
1245 T	0.24339	0.24403	0.51257
1246 A	0.25216	0.23539	0.51245
1247 A	0.26567	0.22054	0.51379
1248 T	0.28079	0.19729	0.52192
1249 A	0.28628	0.18727	0.52646
1250 A	0.29153	0.17466	0.53382
1251 T	0.29883	0.14821	0.55296
1252 A	0.29855	0.12966	0.57179
1253 T	0.29820	0.09230	0.6095
1254 T	0.29719	0.06755	0.63527
1255 T	0.29560	0.05763	0.64677
1256 G	0.29183	0.05573	0.65244
1257 G	0.28985	0.05671	0.65343
1258 T	0.29031	0.05445	0.65524
1259 T	0.28837	0.05706	0.65457
1260 G	0.28545	0.06148	0.65307
1261 A	0.28505	0.06444	0.65051
1262 A	0.28480	0.06637	0.64883
1263 T	0.28466	0.06668	0.64865
1264 T	0.28446	0.06669	0.64885
1265 T	0.28394	0.06709	0.64897
1266 A	0.28001	0.07095	0.64904
1267 G	0.27676	0.07405	0.64919
1268 C	0.27313	0.07770	0.64917
1269 G	0.27065	0.08070	0.64865
1270 A	0.26965	0.08222	0.64813
1271 A	0.26976	0.08238	0.64785
1272 A	0.27093	0.08147	0.64761
1273 A	0.27285	0.07949	0.64767
1274 T	0.27824	0.07263	0.64913
1275 T	0.28483	0.06426	0.6509
1276 G	0.28669	0.06074	0.65257
1277 T	0.29097	0.05454	0.65449
1278 T	0.29227	0.05162	0.65611
1279 T	0.29214	0.04919	0.65867
1280 T	0.29049	0.04910	0.66042
1281 A	0.27975	0.05931	0.66094
1282 T	0.27696	0.05992	0.66312
1283 C	0.27219	0.06247	0.66534
1284 T	0.26930	0.06569	0.66501
1285 T	0.26279	0.07339	0.66383
1286 T	0.24667	0.09072	0.6626
1287 A	0.21150	0.12827	0.66023
1288 A	0.20085	0.13971	0.65944
1289 T	0.19738	0.13896	0.66366
1290 A	0.19292	0.14030	0.66679
1291 G	0.19116	0.13837	0.67047
1292 T	0.19063	0.13662	0.67275
1293 C	0.18959	0.13648	0.67392
1294 G	0.18826	0.13829	0.67344
1295 G	0.18841	0.13883	0.67276
1296 A	0.18844	0.14091	0.67065
1297 A	0.18851	0.14261	0.66888
1298 T	0.18894	0.14377	0.66728
1299 T	0.18868	0.14445	0.66688
1300 A	0.18847	0.14564	0.66589
1301 G	0.18871	0.14291	0.66839
1302 T	0.18890	0.14150	0.66959
1303 A	0.18869	0.14051	0.6708
1304 T	0.18889	0.12680	0.68431
1305 G	0.18865	0.11907	0.69228
1306 T	0.18901	0.11268	0.69832
1307 A	0.18929	0.10866	0.70205
1308 T	0.19076	0.09983	0.70942
1309 G	0.19178	0.08426	0.72396
1310 T	0.19413	0.05618	0.74969
1311 T	0.19480	0.05920	0.746
1312 T	0.19433	0.09886	0.70681
1313 T	0.19038	0.21011	0.59951
1314 A	0.18559	0.31995	0.49445
1315 A	0.18429	0.37732	0.43838
1316 A	0.18300	0.40528	0.41172
1317 T	0.18343	0.41750	0.39907
1318 A	0.18367	0.43848	0.37785
1319 A	0.18566	0.44610	0.36823
1320 A	0.18719	0.44761	0.36519
1321 A	0.18901	0.44798	0.36301
1322 T	0.19208	0.44519	0.36273
1323 T	0.19479	0.44318	0.36204
1324 A	0.19501	0.44422	0.36077
1325 A	0.19607	0.44402	0.3599
1326 T	0.19873	0.44114	0.36013
1327 T	0.19952	0.44019	0.36028
1328 T	0.19746	0.44223	0.3603
1329 A	0.18384	0.45683	0.35933
