# lcl|CP097583.1_cds_USQ93584.1_1
# AA	inside	membr	outside
1 A	0.43506	0.00000	0.56493
2 T	0.43497	0.00009	0.56493
3 G	0.43481	0.00025	0.56493
4 T	0.43481	0.01642	0.54876
5 T	0.42189	0.05417	0.52394
6 A	0.42188	0.06085	0.51726
7 A	0.29407	0.19221	0.51372
8 T	0.29407	0.19227	0.51365
9 T	0.27600	0.21151	0.51249
10 G	0.27593	0.22422	0.49984
11 A	0.27126	0.22972	0.49901
12 T	0.24116	0.25987	0.49897
13 A	0.16461	0.33658	0.49881
14 C	0.16460	0.33659	0.49881
15 A	0.16460	0.33964	0.49575
16 C	0.16305	0.34120	0.49575
17 A	0.16127	0.34299	0.49573
18 T	0.16123	0.34304	0.49573
19 G	0.15929	0.34497	0.49573
20 C	0.15611	0.34820	0.4957
21 A	0.15207	0.35224	0.4957
22 C	0.15266	0.35164	0.4957
23 A	0.15484	0.34947	0.49569
24 T	0.16383	0.34049	0.49567
25 T	0.16840	0.33585	0.49576
26 T	0.17024	0.33368	0.49608
27 A	0.17660	0.32651	0.49689
28 A	0.19099	0.29741	0.5116
29 A	0.19611	0.28477	0.51912
30 T	0.20362	0.15870	0.63768
31 T	0.20544	0.14537	0.64919
32 T	0.20699	0.11918	0.67383
33 T	0.21301	0.10022	0.68677
34 T	0.21186	0.10130	0.68683
35 T	0.20984	0.09342	0.69674
36 A	0.20800	0.06814	0.72386
37 A	0.20741	0.08164	0.71095
38 A	0.20947	0.08843	0.7021
39 T	0.20864	0.13477	0.65659
40 T	0.20704	0.14567	0.64729
41 T	0.20209	0.15749	0.64041
42 T	0.19195	0.18366	0.62439
43 A	0.17910	0.20052	0.62038
44 A	0.16776	0.23228	0.59996
45 T	0.16225	0.24321	0.59454
46 A	0.15266	0.25948	0.58786
47 A	0.14478	0.27264	0.58258
48 A	0.13922	0.28299	0.5778
49 G	0.13754	0.29567	0.56679
50 A	0.13646	0.31061	0.55294
51 T	0.13758	0.31418	0.54824
52 T	0.13828	0.31451	0.54722
53 T	0.13783	0.31705	0.54511
54 A	0.13733	0.31756	0.54511
55 A	0.13753	0.31671	0.54575
56 C	0.14039	0.31218	0.54743
57 A	0.14481	0.30706	0.54812
58 C	0.15308	0.29785	0.54907
59 A	0.16399	0.28737	0.54864
60 A	0.17793	0.27388	0.54819
61 G	0.18965	0.26286	0.54749
62 T	0.24086	0.21067	0.54847
63 T	0.24528	0.20547	0.54926
64 A	0.23906	0.20725	0.55369
65 T	0.24122	0.19509	0.56369
66 A	0.21776	0.21123	0.57101
67 G	0.21572	0.20870	0.57558
68 A	0.19725	0.22859	0.57417
69 A	0.19279	0.23441	0.57279
70 A	0.18788	0.23538	0.57674
71 G	0.17737	0.24292	0.57971
72 A	0.17916	0.23948	0.58136
73 G	0.17636	0.24065	0.583
74 C	0.17618	0.24016	0.58365
75 A	0.17469	0.24225	0.58307
76 C	0.17467	0.24189	0.58344
77 A	0.17241	0.24468	0.5829
78 T	0.17052	0.24719	0.58229
79 A	0.16608	0.25252	0.5814
80 A	0.16505	0.25188	0.58308
81 T	0.16472	0.25076	0.58453
82 A	0.16226	0.24833	0.5894
83 A	0.16258	0.24108	0.59635
84 T	0.16381	0.23010	0.6061
85 G	0.16447	0.22200	0.61353
86 G	0.16616	0.20722	0.62663
87 T	0.17077	0.18980	0.63943
88 G	0.17347	0.17673	0.6498
89 T	0.17935	0.15355	0.6671
90 T	0.18377	0.14051	0.67572
91 A	0.18683	0.12455	0.68862
92 A	0.19273	0.11039	0.69688
93 A	0.19552	0.09771	0.70676
94 T	0.19848	0.07774	0.72378
95 A	0.19917	0.06697	0.73387
96 T	0.20040	0.05017	0.74943
97 T	0.20110	0.04514	0.75377
98 T	0.20148	0.04239	0.75613
99 T	0.20071	0.04105	0.75824
100 A	0.19938	0.04202	0.7586
101 T	0.19901	0.03867	0.76231
102 T	0.19740	0.03648	0.76612
103 G	0.19568	0.03647	0.76784
104 T	0.19469	0.03608	0.76922
105 C	0.19237	0.03554	0.77209
106 C	0.18962	0.03821	0.77217
107 C	0.18816	0.04007	0.77176
108 T	0.18558	0.04504	0.76938
109 G	0.17975	0.05325	0.767
110 G	0.17540	0.06219	0.76241
111 T	0.17140	0.07186	0.75674
112 G	0.15863	0.09599	0.74539
113 T	0.15249	0.12213	0.72538
114 A	0.13907	0.16563	0.6953
115 A	0.13592	0.19294	0.67114
116 A	0.13379	0.20505	0.66116
117 T	0.13251	0.21627	0.65122
118 A	0.12921	0.23388	0.63691
119 A	0.12718	0.24593	0.6269
120 A	0.12164	0.26073	0.61763
121 G	0.11541	0.26855	0.61604
122 A	0.11103	0.27540	0.61357
123 A	0.10878	0.27732	0.61389
124 A	0.10669	0.27866	0.61464
125 C	0.10486	0.27822	0.61692
126 A	0.10307	0.28137	0.61557
127 A	0.10241	0.28307	0.61452
128 A	0.10241	0.28252	0.61508
129 T	0.10277	0.28112	0.61611
130 G	0.10296	0.28086	0.61618
131 A	0.10516	0.27636	0.61848
132 A	0.10775	0.26865	0.6236
133 A	0.11210	0.25896	0.62893
134 A	0.11779	0.24694	0.63527
135 A	0.13036	0.22061	0.64902
136 G	0.15252	0.18911	0.65837
137 C	0.18533	0.14370	0.67096
138 T	0.21263	0.11705	0.67032
139 A	0.22010	0.11326	0.66664
140 T	0.22820	0.10587	0.66593
141 A	0.23533	0.09876	0.6659
142 G	0.24199	0.09144	0.66658
143 A	0.24972	0.07773	0.67254
144 A	0.25263	0.06795	0.67942
145 T	0.25741	0.05701	0.68558
146 T	0.25870	0.05098	0.69032
147 A	0.25451	0.05330	0.69219
148 G	0.25118	0.05498	0.69384
149 C	0.25009	0.05547	0.69444
150 T	0.25056	0.05533	0.6941
151 A	0.25049	0.05663	0.69288
152 T	0.25161	0.05562	0.69277
153 T	0.25074	0.05720	0.69206
154 C	0.24935	0.05992	0.69073
155 A	0.24866	0.06262	0.68871
156 A	0.24747	0.06392	0.68861
157 A	0.24722	0.06388	0.68889
158 A	0.24823	0.06257	0.6892
159 T	0.25065	0.05978	0.68958
160 C	0.25190	0.05726	0.69084
161 C	0.25506	0.05378	0.69116
162 T	0.25918	0.05059	0.69023
163 T	0.25992	0.05078	0.6893
164 G	0.25931	0.05212	0.68858
165 T	0.25967	0.05306	0.68726
166 A	0.25898	0.05571	0.68532
167 T	0.25902	0.05499	0.68599
168 A	0.25821	0.05611	0.68568
169 A	0.25826	0.05469	0.68704
170 A	0.25866	0.04963	0.69171
171 A	0.25950	0.04433	0.69617
172 G	0.26081	0.03861	0.70057
173 C	0.26200	0.03428	0.70372
174 T	0.26342	0.03164	0.70494
175 A	0.26341	0.03094	0.70565
176 C	0.26395	0.02888	0.70717
177 T	0.26475	0.02726	0.70799
178 G	0.26530	0.02628	0.70842
179 T	0.26515	0.02534	0.70952
180 A	0.26425	0.02593	0.70981
181 G	0.26376	0.02656	0.70969
182 G	0.26345	0.02703	0.70952
183 A	0.26341	0.02656	0.71004
184 A	0.26390	0.02546	0.71064
185 T	0.26578	0.02251	0.7117
186 T	0.26705	0.02004	0.71291
187 C	0.26761	0.01788	0.7145
188 A	0.26847	0.01654	0.71498
189 T	0.27038	0.01348	0.71614
190 C	0.27081	0.01238	0.71681
191 C	0.27138	0.01157	0.71706
192 T	0.27149	0.01187	0.71664
193 T	0.27140	0.01257	0.71602
194 G	0.27124	0.01307	0.71569
195 T	0.27121	0.01342	0.71538
196 T	0.27114	0.01375	0.71512
197 A	0.27086	0.01377	0.71536
198 T	0.27004	0.01387	0.71609
199 T	0.26843	0.01509	0.71647
200 G	0.26548	0.01744	0.71708
201 G	0.26248	0.02083	0.71669
202 G	0.26078	0.02343	0.7158
203 A	0.26057	0.02482	0.71461
204 A	0.26067	0.02565	0.71369
205 A	0.26100	0.02642	0.71258
206 A	0.26101	0.02741	0.71158
207 T	0.26114	0.02846	0.71039
208 G	0.25967	0.03263	0.7077
209 A	0.25852	0.03843	0.70304
210 A	0.25801	0.03902	0.70296
211 G	0.25746	0.03930	0.70323
212 A	0.25735	0.03931	0.70335
213 T	0.25770	0.03856	0.70374
214 C	0.25787	0.03804	0.7041
215 C	0.25841	0.03743	0.70416
216 T	0.25914	0.03681	0.70405
217 T	0.25928	0.03695	0.70377
218 T	0.25908	0.03773	0.70319
219 T	0.25819	0.03916	0.70265
220 A	0.25699	0.04110	0.70191
221 G	0.25644	0.04025	0.70331
222 T	0.25641	0.03848	0.70512
223 A	0.25611	0.03620	0.70769
224 T	0.25684	0.03286	0.7103
225 C	0.25740	0.03094	0.71165
226 G	0.25833	0.03038	0.71129
227 A	0.25896	0.03061	0.71042
228 A	0.25978	0.03052	0.70969
229 A	0.26089	0.02962	0.70949
230 A	0.26135	0.02938	0.70928
231 A	0.26359	0.02574	0.71067
232 T	0.26787	0.02015	0.71198
233 A	0.26722	0.02025	0.71253
234 T	0.26676	0.01999	0.71325
235 T	0.26610	0.02057	0.71333
236 T	0.26408	0.02292	0.71301
237 A	0.26064	0.02732	0.71203
238 A	0.25863	0.02957	0.7118
239 G	0.25760	0.03050	0.71191
240 A	0.25577	0.03202	0.71221
241 T	0.25512	0.03199	0.71289
242 G	0.25371	0.03230	0.714
243 T	0.25366	0.03108	0.71525
244 C	0.25120	0.03281	0.71599
245 C	0.24968	0.03404	0.71629
246 T	0.24785	0.03581	0.71634
247 C	0.24557	0.03809	0.71634
248 A	0.24369	0.04010	0.71621
249 A	0.24281	0.04104	0.71615
250 G	0.24291	0.04073	0.71636
251 T	0.24309	0.04010	0.71681
252 A	0.24224	0.04084	0.71691
253 G	0.24190	0.03968	0.71842
254 T	0.24160	0.03896	0.71944
255 A	0.24008	0.03968	0.72023
256 G	0.23892	0.03892	0.72216
257 C	0.23846	0.03762	0.72391
258 G	0.23815	0.03722	0.72463
259 G	0.23820	0.03574	0.72605
260 T	0.23891	0.03313	0.72796
261 A	0.23793	0.03311	0.72897
262 G	0.23704	0.03316	0.7298
263 G	0.23665	0.03092	0.73243
264 T	0.23644	0.02941	0.73416
265 G	0.23602	0.02815	0.73583
266 A	0.23580	0.02775	0.73644
267 G	0.23572	0.02586	0.73842
268 A	0.23572	0.02526	0.73902
269 T	0.23569	0.02338	0.74093
270 T	0.23523	0.02233	0.74244
271 G	0.23384	0.02356	0.7426
272 G	0.23226	0.02672	0.74102
273 A	0.23107	0.03185	0.73707
274 T	0.23066	0.03735	0.73199
275 T	0.23019	0.04014	0.72967
276 A	0.22919	0.04334	0.72746
277 G	0.22877	0.04564	0.72559
278 A	0.22850	0.04605	0.72545
279 T	0.22850	0.04537	0.72613
280 T	0.22840	0.04524	0.72636
281 T	0.22834	0.04557	0.72609
282 A	0.22817	0.04557	0.72626
283 T	0.22822	0.04511	0.72667
284 A	0.22796	0.04431	0.72773
285 T	0.22788	0.04344	0.72867
286 C	0.22760	0.04349	0.72891
287 A	0.22724	0.04439	0.72836
288 T	0.22699	0.04495	0.72806
289 G	0.22537	0.04729	0.72734
290 A	0.22439	0.04944	0.72618
291 T	0.22444	0.05075	0.72481
292 A	0.22201	0.05533	0.72265
293 A	0.21730	0.06199	0.72071
294 A	0.21511	0.06474	0.72015
295 A	0.21450	0.06544	0.72006
296 G	0.21853	0.06188	0.71959
297 T	0.22488	0.06082	0.7143
298 T	0.22622	0.07088	0.70291
299 A	0.22471	0.08063	0.69466
300 T	0.22390	0.08182	0.69428
301 T	0.22058	0.08497	0.69444
302 T	0.21008	0.09533	0.69459
303 A	0.20031	0.10504	0.69466
304 C	0.19594	0.10929	0.69477
305 C	0.18915	0.11712	0.69374
306 A	0.18228	0.12507	0.69266
307 A	0.17696	0.13076	0.69228
308 T	0.16779	0.14009	0.69212
309 A	0.16095	0.14725	0.6918
310 C	0.15602	0.15204	0.69193
311 A	0.15230	0.15622	0.69149
312 A	0.15075	0.15747	0.69178
313 A	0.15059	0.15757	0.69184
314 A	0.15011	0.15766	0.69223
315 A	0.15049	0.15613	0.69338
316 A	0.15069	0.15104	0.69827
317 A	0.15162	0.14614	0.70224
318 G	0.15373	0.14040	0.70587
319 A	0.15684	0.13661	0.70656
320 A	0.16305	0.12915	0.7078
321 T	0.17497	0.11301	0.71202
322 T	0.18127	0.10161	0.71712
323 T	0.18141	0.09636	0.72223
324 A	0.18040	0.09359	0.72601
325 C	0.18003	0.08327	0.7367
326 A	0.17977	0.08298	0.73726
327 A	0.17849	0.08169	0.73983
328 A	0.17854	0.07704	0.74441
329 T	0.17903	0.07040	0.75057
330 T	0.17782	0.06832	0.75386
331 C	0.17394	0.06340	0.76266
332 A	0.17114	0.06744	0.76142
333 G	0.16938	0.06965	0.76097
334 A	0.16893	0.08200	0.74907
335 T	0.16962	0.08727	0.74311
336 T	0.16980	0.09224	0.73796
337 A	0.16917	0.09785	0.73298
338 A	0.16907	0.10202	0.72891
339 A	0.16951	0.10347	0.72701
340 T	0.17034	0.10173	0.72793
341 T	0.17070	0.10109	0.72821
342 A	0.17133	0.10188	0.72679
343 G	0.17248	0.10094	0.72658
344 C	0.17289	0.10046	0.72665
345 T	0.17317	0.10238	0.72445
346 A	0.17301	0.10401	0.72298
347 T	0.17371	0.10346	0.72283
348 G	0.17413	0.10345	0.72242
349 A	0.17680	0.10119	0.72201
350 A	0.17786	0.09862	0.72352
351 A	0.17984	0.09533	0.72483
352 T	0.18309	0.09081	0.72611
353 A	0.18555	0.08711	0.72734
354 T	0.19093	0.07828	0.73078
355 A	0.19584	0.07145	0.73271
356 A	0.20175	0.06472	0.73352
357 T	0.21701	0.04826	0.73472
358 T	0.22477	0.03986	0.73538
359 T	0.22891	0.03519	0.73591
360 A	0.23006	0.03375	0.73619
361 C	0.23226	0.03124	0.73651
362 C	0.23409	0.03096	0.73495
363 T	0.23358	0.03547	0.73095
364 A	0.23340	0.04100	0.7256
365 T	0.23589	0.04080	0.7233
366 T	0.23651	0.04206	0.72143
367 A	0.23641	0.04344	0.72014
368 T	0.23796	0.04223	0.7198
369 T	0.23817	0.04146	0.72037
370 T	0.23771	0.04167	0.72062
371 T	0.23658	0.04250	0.72093
372 A	0.23396	0.04494	0.7211
373 C	0.23216	0.04658	0.72126
374 A	0.22984	0.04893	0.72123
375 C	0.22743	0.05139	0.72118
376 G	0.22549	0.05347	0.72104
377 C	0.22324	0.05604	0.72072
378 A	0.22224	0.05773	0.72004
379 A	0.22188	0.05853	0.71959
380 G	0.22170	0.05900	0.7193
381 A	0.22209	0.05889	0.71902
382 G	0.22280	0.05789	0.71931
383 A	0.22454	0.05319	0.72227
384 A	0.22695	0.04823	0.72482
385 T	0.23064	0.04212	0.72724
386 C	0.23408	0.03698	0.72893
387 T	0.23845	0.03338	0.72817
388 T	0.23965	0.03323	0.72712
389 T	0.23965	0.03516	0.72519
390 T	0.23884	0.03852	0.72264
391 T	0.23631	0.04248	0.72122
392 T	0.23206	0.04746	0.72047
393 A	0.22682	0.05483	0.71835
394 G	0.22518	0.05693	0.71789
395 A	0.22416	0.05793	0.71791
396 A	0.22390	0.05736	0.71874
397 A	0.22381	0.05662	0.71957
398 T	0.22393	0.05390	0.72217
399 A	0.22296	0.05299	0.72405
400 T	0.22266	0.05091	0.72643
401 A	0.22144	0.05109	0.72747
402 C	0.22109	0.05032	0.72859
403 C	0.22075	0.05121	0.72805
404 A	0.22057	0.05305	0.72638
405 A	0.22022	0.05451	0.72528
406 A	0.22029	0.05569	0.72401
407 T	0.22083	0.05591	0.72326
408 A	0.22061	0.05622	0.72317
409 T	0.22257	0.05284	0.72459
410 T	0.22431	0.04974	0.72594
411 A	0.22501	0.04757	0.72743
412 C	0.22668	0.04252	0.73081
413 T	0.23025	0.03637	0.73339
414 T	0.23146	0.03270	0.73584
415 C	0.23051	0.03145	0.73804
416 C	0.22973	0.03379	0.73648
417 T	0.22857	0.04305	0.72838
418 T	0.22491	0.05429	0.7208
419 A	0.21517	0.07153	0.71329
420 T	0.21013	0.07985	0.71002
421 A	0.20072	0.09252	0.70677
422 A	0.19604	0.09713	0.70684
423 A	0.19441	0.09883	0.70676
424 G	0.19359	0.09881	0.7076
425 A	0.19344	0.09929	0.70728
426 T	0.19466	0.09809	0.70724
427 A	0.19538	0.09875	0.70587
428 A	0.19541	0.09838	0.70621
429 A	0.19592	0.09748	0.7066
430 A	0.19623	0.09660	0.70717
431 T	0.19633	0.09548	0.70819
432 C	0.19574	0.09573	0.70852
433 A	0.19555	0.09615	0.7083
434 A	0.19547	0.09600	0.70853
435 A	0.19531	0.09585	0.70884
436 G	0.19552	0.09541	0.70907
437 G	0.19656	0.09400	0.70944
438 A	0.19904	0.08819	0.71276
439 G	0.20562	0.07634	0.71804
440 T	0.21612	0.06120	0.72268
441 T	0.22405	0.04721	0.72874
442 T	0.22901	0.03367	0.73732
443 T	0.23068	0.02683	0.74249
444 T	0.23165	0.01937	0.74898
445 C	0.23156	0.01608	0.75235
446 A	0.23181	0.01560	0.75259
447 T	0.23286	0.01465	0.75249
448 T	0.23341	0.01550	0.7511
449 G	0.23308	0.01737	0.74955
450 T	0.23403	0.01759	0.74838
451 T	0.23350	0.01759	0.74891
452 T	0.23219	0.01898	0.74882
453 A	0.23048	0.02130	0.74823
454 A	0.22938	0.02254	0.74808
455 C	0.22888	0.02255	0.74857
456 T	0.22833	0.02508	0.7466
457 A	0.22546	0.03037	0.74417
458 G	0.22298	0.03549	0.74154
459 T	0.22192	0.04016	0.73791
460 A	0.22073	0.04500	0.73427
461 A	0.22004	0.04854	0.73143
462 T	0.22004	0.04917	0.73078
463 T	0.21984	0.05004	0.73012
464 T	0.21921	0.05156	0.72924
465 A	0.21513	0.05693	0.72794
466 G	0.21060	0.06309	0.72631
467 A	0.20813	0.06981	0.72206
468 T	0.20766	0.07208	0.72026
469 G	0.20594	0.07528	0.71877
470 A	0.20495	0.07853	0.71651
471 A	0.20517	0.07998	0.71485
472 T	0.20581	0.08011	0.71409
473 T	0.20394	0.08439	0.71168
474 A	0.19853	0.09158	0.70989
475 G	0.19603	0.09431	0.70966
476 A	0.19430	0.09624	0.70946
477 A	0.19220	0.09787	0.70994
478 A	0.19077	0.09858	0.71065
479 A	0.19185	0.09640	0.71174
480 A	0.19382	0.09141	0.71477
481 G	0.19649	0.08567	0.71784
482 C	0.20013	0.08042	0.71944
483 A	0.20360	0.07613	0.72027
484 T	0.20649	0.07243	0.72108
485 T	0.20667	0.07170	0.72163
486 G	0.20622	0.07168	0.7221
487 G	0.20651	0.07088	0.7226
488 A	0.20754	0.06585	0.72661
489 G	0.20940	0.05908	0.73152
490 T	0.21469	0.05108	0.73423
491 T	0.21722	0.04730	0.73548
492 A	0.21864	0.04420	0.73717
493 G	0.22032	0.04040	0.73928
494 G	0.22238	0.03699	0.74063
495 A	0.22452	0.03435	0.74113
496 T	0.22813	0.02805	0.74382
497 T	0.23012	0.02127	0.7486
498 T	0.23086	0.01863	0.75051
499 T	0.23136	0.01633	0.75231
500 A	0.23138	0.01447	0.75415
501 T	0.23125	0.01298	0.75577
502 G	0.23097	0.01233	0.7567
503 T	0.23088	0.01205	0.75707
504 A	0.23077	0.01196	0.75727
505 G	0.23075	0.01157	0.75767
506 G	0.23081	0.01124	0.75795
507 T	0.23095	0.01105	0.758
508 T	0.23097	0.01114	0.75789
509 T	0.23094	0.01140	0.75766
510 G	0.23072	0.01278	0.75649
511 G	0.22961	0.01615	0.75424
512 G	0.22893	0.01973	0.75134
513 T	0.22846	0.02589	0.74566
514 G	0.22812	0.03269	0.73918
515 G	0.22822	0.03792	0.73386
516 A	0.22844	0.04589	0.72567
517 A	0.22918	0.04843	0.72238
518 T	0.23043	0.04838	0.72119
519 T	0.23106	0.04937	0.71958
520 G	0.23131	0.04949	0.7192
521 T	0.23125	0.05010	0.71864
522 T	0.23071	0.05200	0.7173
523 A	0.22981	0.05624	0.71395
524 C	0.22940	0.05690	0.7137
525 T	0.22927	0.05799	0.71274
526 T	0.22818	0.06038	0.71144
527 A	0.22629	0.06307	0.71064
528 C	0.22302	0.06710	0.70988
529 G	0.22051	0.07361	0.70588
530 A	0.21656	0.08793	0.69551
531 A	0.20984	0.10198	0.68817
532 A	0.20635	0.10605	0.6876
533 A	0.20436	0.10833	0.68731
534 A	0.20587	0.10550	0.68863
535 G	0.20916	0.10131	0.68953
536 C	0.21639	0.09336	0.69025
537 T	0.22347	0.08608	0.69044
538 C	0.22761	0.08195	0.69044
539 T	0.23462	0.07559	0.68979
540 T	0.23675	0.07464	0.6886
541 G	0.23532	0.07651	0.68817
542 A	0.22877	0.08381	0.68742
543 A	0.22507	0.08756	0.68738
544 G	0.22478	0.08653	0.68869
545 C	0.22536	0.08467	0.68996
546 T	0.22845	0.08168	0.68986
547 C	0.22826	0.08288	0.68886
548 A	0.22853	0.08915	0.68232
549 T	0.22930	0.09245	0.67826
550 A	0.22809	0.09737	0.67453
551 A	0.22494	0.10132	0.67374
552 A	0.22055	0.10792	0.67153
553 A	0.22574	0.10610	0.66816
554 T	0.23137	0.09489	0.67374
555 A	0.22778	0.09436	0.67786
556 G	0.22320	0.09571	0.68109
557 T	0.21912	0.10055	0.68033
558 C	0.20721	0.11736	0.67543
559 C	0.17266	0.16389	0.66345
560 A	0.14995	0.20200	0.64804
561 A	0.14015	0.21902	0.64083
562 A	0.13532	0.22494	0.63974
563 A	0.13163	0.22908	0.63929
564 A	0.12927	0.22980	0.64092
565 G	0.12903	0.22175	0.64922
566 C	0.12862	0.21746	0.65392
567 A	0.12881	0.21635	0.65484
568 C	0.13074	0.21301	0.65625
569 C	0.13297	0.21068	0.65635
570 A	0.13521	0.20911	0.65568
571 T	0.14038	0.20422	0.6554
572 T	0.14293	0.20120	0.65587
573 A	0.14438	0.19956	0.65606
574 G	0.14632	0.19518	0.6585
575 A	0.14981	0.18443	0.66577
576 C	0.15681	0.17208	0.67111
577 A	0.15901	0.17536	0.66562
578 A	0.16141	0.17375	0.66484
579 A	0.16557	0.17139	0.66305
580 A	0.17198	0.16467	0.66336
581 T	0.18259	0.14413	0.67328
582 T	0.19638	0.09352	0.71011
583 T	0.20494	0.06388	0.73118
584 T	0.20714	0.05574	0.73712
585 A	0.20240	0.06059	0.73701
586 T	0.19885	0.06235	0.73879
587 T	0.18380	0.07904	0.73717
588 A	0.15032	0.11891	0.73078
589 G	0.13992	0.12992	0.73015
590 A	0.13276	0.13836	0.72888
591 A	0.12908	0.14421	0.72671
592 A	0.12779	0.14646	0.72575
593 C	0.12790	0.14603	0.72607
594 A	0.12778	0.14617	0.72605
595 G	0.12788	0.14580	0.72632
596 A	0.12844	0.14485	0.72671
597 C	0.13041	0.14235	0.72724
598 G	0.13279	0.13980	0.7274
599 C	0.13637	0.13569	0.72795
600 T	0.14403	0.12785	0.72812
601 C	0.14790	0.12392	0.72818
602 C	0.15360	0.11822	0.72819
603 T	0.15986	0.11198	0.72816
604 T	0.16224	0.10967	0.72808
605 T	0.16391	0.10807	0.72802
606 T	0.16489	0.10723	0.72788
607 T	0.16546	0.10594	0.7286
608 T	0.16453	0.09840	0.73707
609 A	0.16002	0.09674	0.74324
610 A	0.16083	0.07795	0.76122
611 C	0.16670	0.04010	0.7932
612 T	0.16807	0.03067	0.80126
613 C	0.16860	0.02492	0.80649
614 C	0.17029	0.02212	0.8076
615 T	0.17101	0.02140	0.80759
616 T	0.17028	0.02212	0.80759
617 T	0.16908	0.02307	0.80784
618 T	0.16608	0.02612	0.80781
619 C	0.15822	0.03418	0.8076
620 C	0.15407	0.04208	0.80385
621 T	0.14834	0.05998	0.79167
622 A	0.13675	0.10901	0.75424
623 T	0.12839	0.15631	0.7153
624 A	0.12034	0.22186	0.6578
625 G	0.11349	0.29182	0.59469
626 A	0.10772	0.33830	0.55398
627 A	0.10588	0.37588	0.51824
628 A	0.10450	0.41345	0.48204
629 A	0.10208	0.45626	0.44166
630 A	0.09466	0.48300	0.42234
631 A	0.08864	0.50068	0.41068
632 G	0.08620	0.50618	0.40762
633 T	0.08540	0.51272	0.40188
634 A	0.08397	0.52057	0.39547
635 A	0.08319	0.52485	0.39196
636 A	0.08280	0.52817	0.38904
637 A	0.08288	0.53115	0.38597
638 G	0.08278	0.53100	0.38622
639 A	0.08234	0.53117	0.38649
640 A	0.08234	0.52995	0.38771
641 A	0.08283	0.52625	0.39092
642 C	0.08457	0.51403	0.40139
643 G	0.09027	0.50451	0.40522
644 A	0.10636	0.48149	0.41216
645 A	0.15063	0.42879	0.42057
646 C	0.20443	0.36701	0.42855
647 C	0.26459	0.30276	0.43265
648 T	0.32290	0.23997	0.43714
649 G	0.34999	0.20935	0.44066
650 A	0.37904	0.18139	0.43956
651 A	0.41717	0.14315	0.43968
652 T	0.46801	0.09000	0.44198
653 T	0.48271	0.06687	0.45042
654 T	0.47733	0.06660	0.45606
655 C	0.45074	0.09167	0.45759
656 T	0.40762	0.14702	0.44536
657 T	0.32950	0.23836	0.43214
658 A	0.24419	0.35113	0.40468
659 A	0.21040	0.39317	0.39642
660 A	0.19514	0.41550	0.38937
661 A	0.19043	0.42487	0.3847
662 T	0.18932	0.42712	0.38356
663 T	0.17966	0.43791	0.38243
664 A	0.16554	0.45210	0.38236
665 T	0.15510	0.46240	0.38249
666 A	0.13491	0.48244	0.38265
667 G	0.12433	0.49288	0.38278
668 C	0.11470	0.50239	0.38291
669 C	0.10648	0.51069	0.38283
670 C	0.09266	0.52511	0.38224
671 A	0.07417	0.54662	0.37921
672 A	0.06011	0.56354	0.37636
673 A	0.05723	0.56762	0.37514
674 A	0.05596	0.56939	0.37465
675 A	0.05647	0.56799	0.37554
676 A	0.06182	0.54027	0.39791
677 T	0.06921	0.49514	0.43566
678 A	0.07109	0.43718	0.49173
679 G	0.08079	0.36355	0.55566
680 C	0.09046	0.28243	0.62712
681 T	0.11723	0.21273	0.67003
682 G	0.12064	0.20254	0.67682
683 A	0.12472	0.21710	0.65818
684 T	0.12749	0.25192	0.62058
685 T	0.12162	0.31211	0.56627
686 T	0.11475	0.34719	0.53805
687 A	0.07627	0.43571	0.48801
688 A	0.06201	0.48342	0.45457
689 G	0.05404	0.49748	0.44848
690 A	0.04792	0.51657	0.43551
691 A	0.04636	0.52138	0.43226
692 A	0.04615	0.52026	0.43359
693 A	0.04691	0.51115	0.44195
694 A	0.04995	0.49554	0.45451
695 T	0.05284	0.48371	0.46345
696 T	0.05377	0.48524	0.46099
697 A	0.05407	0.49653	0.44941
698 A	0.05442	0.51072	0.43486
699 T	0.05452	0.51894	0.42654
700 A	0.05429	0.53090	0.41481
701 T	0.05434	0.53881	0.40685
702 A	0.05394	0.55189	0.39417
703 A	0.05503	0.56060	0.38438
704 A	0.05811	0.56529	0.3766
705 A	0.07083	0.55383	0.37533
706 G	0.10271	0.52164	0.37565
707 A	0.16627	0.46199	0.37173
708 T	0.24771	0.38288	0.36941
709 A	0.28538	0.34390	0.37072
710 T	0.34030	0.25446	0.40524
711 T	0.37020	0.21365	0.41615
712 T	0.37649	0.20173	0.42179
713 C	0.37112	0.20505	0.42383
714 C	0.36174	0.21590	0.42236
715 G	0.35431	0.23371	0.41197
716 A	0.34366	0.25868	0.39766
717 A	0.31136	0.30749	0.38115
718 C	0.27451	0.34805	0.37744
719 A	0.20763	0.45099	0.34138
720 A	0.17268	0.49800	0.32932
721 A	0.16180	0.50950	0.3287
722 C	0.14195	0.52984	0.32822
723 A	0.13697	0.53579	0.32724
724 A	0.13602	0.53722	0.32675
725 C	0.14099	0.53184	0.32717
726 A	0.13149	0.54212	0.3264
727 A	0.11874	0.55561	0.32565
728 A	0.11478	0.55972	0.3255
729 A	0.11319	0.56143	0.32539
730 A	0.11655	0.55779	0.32566
731 A	0.12398	0.54772	0.3283
732 T	0.12559	0.53867	0.33573
733 G	0.11906	0.53828	0.34265
734 C	0.11516	0.53534	0.34951
735 G	0.10904	0.54155	0.34941
736 A	0.10484	0.54535	0.34981
737 A	0.09911	0.54910	0.35179
738 A	0.10726	0.53630	0.35644
739 A	0.12012	0.51510	0.36478
740 A	0.13694	0.45604	0.40701
741 A	0.14384	0.39932	0.45685
742 T	0.18001	0.28519	0.5348
743 T	0.19136	0.22780	0.58083
744 A	0.19233	0.20034	0.60734
745 T	0.19331	0.16613	0.64056
746 T	0.19406	0.14715	0.6588
747 T	0.19456	0.13562	0.66982
748 A	0.19476	0.12816	0.67708
749 A	0.19553	0.10941	0.69506
750 T	0.19631	0.08714	0.71655
751 T	0.19691	0.07532	0.72777
752 T	0.19727	0.06745	0.73528
753 G	0.19734	0.06280	0.73986
754 G	0.19747	0.05856	0.74397
755 A	0.19778	0.05529	0.74693
756 T	0.19866	0.04727	0.75407
757 A	0.19951	0.04175	0.75874
758 T	0.20357	0.03057	0.76586
759 A	0.20674	0.02151	0.77175
760 T	0.21051	0.00920	0.78029
761 A	0.21189	0.00473	0.78338
762 A	0.21425	0.00000	0.78574
