# lcl|CP097583.1_cds_USQ93609.1_1
# AA	inside	membr	outside
1 A	0.57818	0.00000	0.42182
2 T	0.57638	0.00180	0.42182
3 T	0.57522	0.00296	0.42182
4 A	0.57522	0.01332	0.41146
5 T	0.54016	0.05654	0.4033
6 G	0.54015	0.05872	0.40113
7 A	0.16236	0.43774	0.39989
8 A	0.16235	0.43777	0.39987
9 A	0.12711	0.47358	0.39931
10 A	0.12705	0.48582	0.38713
11 G	0.12397	0.48923	0.3868
12 A	0.08214	0.53132	0.38654
13 A	0.04154	0.57308	0.38538
14 G	0.04153	0.57309	0.38538
15 T	0.04153	0.57837	0.38011
16 A	0.03898	0.58091	0.38011
17 A	0.03636	0.58382	0.37983
18 A	0.03629	0.58414	0.37957
19 A	0.03544	0.58508	0.37948
20 A	0.03370	0.58818	0.37812
21 A	0.03218	0.58959	0.37823
22 T	0.03417	0.58717	0.37866
23 A	0.03555	0.58430	0.38015
24 T	0.04030	0.57774	0.38196
25 T	0.04196	0.56310	0.39495
26 T	0.04200	0.55625	0.40175
27 A	0.04379	0.53863	0.41758
28 A	0.04765	0.50417	0.44818
29 A	0.04927	0.48741	0.46333
30 T	0.05160	0.16954	0.77886
31 A	0.05167	0.16195	0.78639
32 T	0.05354	0.12186	0.8246
33 T	0.06168	0.10962	0.8287
34 A	0.05972	0.11989	0.82038
35 G	0.05925	0.09088	0.84987
36 T	0.05983	0.06362	0.87655
37 A	0.05951	0.06496	0.87554
38 A	0.06261	0.06233	0.87506
39 G	0.06217	0.06536	0.87246
40 T	0.06302	0.06279	0.87419
41 T	0.06302	0.06315	0.87382
42 G	0.06219	0.06459	0.87322
43 A	0.06294	0.06315	0.87391
44 T	0.06250	0.07014	0.86736
45 A	0.06205	0.07159	0.86637
46 G	0.06218	0.07233	0.86549
47 A	0.06254	0.07325	0.86421
48 T	0.06300	0.07314	0.86386
49 T	0.06313	0.08026	0.85662
50 T	0.06329	0.08083	0.85588
51 T	0.06348	0.08256	0.85396
52 A	0.05956	0.09207	0.84837
53 G	0.05738	0.09760	0.84502
54 T	0.05819	0.10385	0.83797
55 A	0.05828	0.11799	0.82373
56 A	0.06273	0.11676	0.82051
57 G	0.07562	0.10472	0.81966
58 T	0.08177	0.10014	0.81809
59 T	0.08647	0.09748	0.81604
60 A	0.08805	0.09966	0.8123
61 T	0.09001	0.09842	0.81157
62 A	0.09146	0.09777	0.81077
63 T	0.09043	0.09914	0.81043
64 T	0.09031	0.09927	0.81041
65 C	0.08785	0.10098	0.81117
66 A	0.08594	0.10314	0.81092
67 A	0.09010	0.09871	0.81118
68 T	0.08970	0.09882	0.81149
69 C	0.08686	0.10174	0.8114
70 G	0.08533	0.10392	0.81075
71 A	0.08366	0.10653	0.80981
72 T	0.08980	0.10086	0.80933
73 G	0.08742	0.10322	0.80936
74 A	0.08809	0.10285	0.80906
75 G	0.09384	0.09313	0.81302
76 G	0.09805	0.08741	0.81454
77 C	0.10534	0.08009	0.81457
78 T	0.11970	0.06893	0.81137
79 A	0.12077	0.07385	0.80537
80 T	0.12195	0.08087	0.79718
81 A	0.11159	0.10728	0.78113
82 A	0.10721	0.12068	0.77211
83 A	0.10527	0.12425	0.77049
84 A	0.10080	0.12959	0.7696
85 T	0.10180	0.12606	0.77214
86 T	0.10063	0.12535	0.77403
87 A	0.09602	0.13102	0.77296
88 G	0.09256	0.13702	0.77042
89 T	0.08895	0.15011	0.76094
90 A	0.07407	0.16556	0.76036
91 A	0.06754	0.17152	0.76094
92 A	0.06379	0.17191	0.76431
93 A	0.06221	0.17026	0.76754
94 C	0.06115	0.16742	0.77142
95 A	0.06066	0.16724	0.77209
96 A	0.06049	0.16510	0.77441
97 A	0.06103	0.16332	0.77564
98 C	0.06200	0.16134	0.77666
99 T	0.06374	0.15943	0.77683
100 A	0.06491	0.15759	0.7775
101 A	0.06838	0.15289	0.77873
102 A	0.07392	0.14502	0.78106
103 G	0.08239	0.13439	0.78322
104 T	0.09892	0.10490	0.79618
105 T	0.10765	0.08927	0.80307
106 A	0.10908	0.08276	0.80817
107 C	0.11038	0.07461	0.81501
108 T	0.11174	0.07358	0.81467
109 A	0.11199	0.07416	0.81385
110 A	0.11385	0.07040	0.81575
111 A	0.11931	0.06281	0.81789
112 T	0.12993	0.04916	0.8209
113 T	0.13126	0.03374	0.83501
114 T	0.13142	0.02765	0.84092
115 G	0.13015	0.02520	0.84466
116 A	0.12941	0.02446	0.84613
117 T	0.12915	0.02305	0.8478
118 T	0.12897	0.02204	0.84898
119 C	0.12877	0.02157	0.84967
120 T	0.12864	0.02157	0.84979
121 A	0.12844	0.02171	0.84985
122 C	0.12833	0.02175	0.84992
123 T	0.12827	0.02192	0.84981
124 G	0.12782	0.02255	0.84963
125 T	0.12782	0.02296	0.84921
126 A	0.12772	0.02342	0.84886
127 G	0.12767	0.02374	0.84859
128 A	0.12774	0.02360	0.84866
129 A	0.12811	0.02245	0.84944
130 T	0.12881	0.02059	0.85059
131 G	0.13006	0.01867	0.85127
132 T	0.13247	0.01561	0.85192
133 A	0.13341	0.01432	0.85228
134 A	0.13444	0.01280	0.85276
135 T	0.13514	0.01134	0.85353
136 T	0.13609	0.00980	0.8541
137 T	0.13652	0.00864	0.85484
138 A	0.13623	0.00784	0.85593
139 T	0.13628	0.00684	0.85688
140 C	0.13559	0.00714	0.85728
141 T	0.13514	0.00746	0.8574
142 T	0.13388	0.00859	0.85752
143 T	0.13067	0.01177	0.85756
144 G	0.12679	0.01577	0.85743
145 C	0.12443	0.01838	0.8572
146 A	0.12298	0.02019	0.85684
147 G	0.12270	0.02040	0.8569
148 T	0.12289	0.02076	0.85635
149 T	0.12254	0.02181	0.85565
150 G	0.12125	0.02324	0.85551
151 G	0.12009	0.02437	0.85555
152 A	0.11791	0.02654	0.85555
153 T	0.11709	0.02729	0.85561
154 C	0.11553	0.02876	0.85571
155 C	0.11390	0.03043	0.85567
156 T	0.11314	0.03145	0.85541
157 A	0.11149	0.03360	0.85491
158 A	0.11024	0.03511	0.85465
159 A	0.10964	0.03605	0.85432
160 A	0.10946	0.03647	0.85407
161 A	0.10908	0.03658	0.85435
162 A	0.10877	0.03638	0.85485
163 G	0.10877	0.03506	0.85618
164 T	0.10887	0.03393	0.8572
165 A	0.10888	0.03259	0.85853
166 G	0.10907	0.02953	0.8614
167 A	0.10950	0.02623	0.86427
168 T	0.10995	0.02351	0.86654
169 C	0.11027	0.02186	0.86788
170 A	0.11051	0.02144	0.86805
171 A	0.11105	0.02069	0.86826
172 A	0.11168	0.01947	0.86885
173 A	0.11186	0.01806	0.87008
174 T	0.11202	0.01654	0.87144
175 T	0.11211	0.01289	0.875
176 T	0.11215	0.01106	0.87679
177 G	0.11217	0.00879	0.87904
178 C	0.11222	0.00694	0.88084
179 G	0.11239	0.00627	0.88133
180 T	0.11282	0.00514	0.88205
181 G	0.11300	0.00432	0.88268
182 G	0.11326	0.00369	0.88305
183 G	0.11349	0.00334	0.88318
184 G	0.11376	0.00264	0.8836
185 C	0.11393	0.00206	0.884
186 T	0.11412	0.00186	0.88403
187 T	0.11422	0.00187	0.88391
188 T	0.11425	0.00188	0.88387
189 G	0.11425	0.00208	0.88367
190 G	0.11431	0.00239	0.88331
191 T	0.11439	0.00282	0.88279
192 T	0.11435	0.00295	0.88271
193 T	0.11412	0.00319	0.88269
194 T	0.11336	0.00405	0.88259
195 A	0.11269	0.00473	0.88258
196 C	0.11224	0.00516	0.8826
197 C	0.11191	0.00551	0.88258
198 T	0.11161	0.00592	0.88247
199 C	0.11088	0.00686	0.88227
200 A	0.10635	0.01225	0.8814
201 T	0.09998	0.01971	0.88031
202 G	0.09045	0.02991	0.87964
203 G	0.08658	0.03419	0.87923
204 A	0.08466	0.03668	0.87865
205 A	0.08398	0.03756	0.87846
206 G	0.08373	0.03785	0.87843
207 T	0.08370	0.03811	0.8782
208 G	0.08349	0.03864	0.87787
209 G	0.08343	0.03905	0.87752
210 T	0.08310	0.03982	0.87709
211 A	0.08218	0.04114	0.87668
212 A	0.08154	0.04206	0.8764
213 A	0.08133	0.04226	0.87642
214 A	0.08161	0.04191	0.87648
215 A	0.08165	0.04163	0.87672
216 A	0.08163	0.04118	0.87719
217 C	0.08165	0.04018	0.87817
218 T	0.08156	0.04004	0.87839
219 A	0.08042	0.04137	0.8782
220 A	0.07951	0.04255	0.87795
221 A	0.07928	0.04267	0.87804
222 A	0.07937	0.04197	0.87866
223 A	0.08029	0.03563	0.88407
224 T	0.08177	0.02668	0.89155
225 T	0.08243	0.01713	0.90044
226 G	0.08258	0.01354	0.90388
227 C	0.08288	0.01190	0.90522
228 T	0.08302	0.01199	0.90498
229 G	0.08299	0.01243	0.90458
230 T	0.08328	0.01227	0.90445
231 A	0.08330	0.01238	0.90431
232 T	0.08341	0.01220	0.90439
233 T	0.08282	0.01224	0.90494
234 A	0.08135	0.01303	0.90561
235 G	0.07994	0.01378	0.90627
236 C	0.07843	0.01501	0.90656
237 G	0.07729	0.01729	0.90542
238 A	0.07688	0.01928	0.90385
239 A	0.07677	0.01993	0.9033
240 A	0.07678	0.02001	0.90321
241 G	0.07694	0.01971	0.90335
242 G	0.07737	0.01812	0.90452
243 T	0.07787	0.01668	0.90545
244 T	0.07791	0.01639	0.9057
245 C	0.07768	0.01661	0.9057
246 T	0.07739	0.01738	0.90522
247 A	0.07715	0.01853	0.90432
248 A	0.07699	0.01950	0.90352
249 A	0.07695	0.02017	0.90288
250 G	0.07707	0.02067	0.90225
251 T	0.07770	0.02075	0.90155
252 T	0.07809	0.02184	0.90007
253 A	0.07807	0.02352	0.8984
254 A	0.07817	0.02368	0.89815
255 A	0.07820	0.02366	0.89814
256 G	0.07825	0.02275	0.899
257 A	0.07861	0.02099	0.90039
258 A	0.07888	0.01920	0.90192
259 G	0.07914	0.01734	0.90352
260 C	0.08025	0.01523	0.90451
261 T	0.08153	0.01383	0.90464
262 G	0.08166	0.01370	0.90464
263 A	0.08167	0.01375	0.90458
264 A	0.08163	0.01384	0.90454
265 G	0.08163	0.01381	0.90456
266 A	0.08170	0.01364	0.90467
267 G	0.08194	0.01315	0.90491
268 G	0.08215	0.01268	0.90518
269 C	0.08268	0.01182	0.9055
270 A	0.08352	0.01089	0.9056
271 G	0.08442	0.00985	0.90573
272 G	0.08530	0.00887	0.90583
273 C	0.08633	0.00777	0.9059
274 G	0.08728	0.00686	0.90586
275 C	0.08904	0.00498	0.90598
276 T	0.09070	0.00331	0.90599
277 G	0.09108	0.00294	0.90597
278 A	0.09131	0.00277	0.90593
279 T	0.09144	0.00258	0.90598
280 T	0.09145	0.00256	0.90599
281 A	0.09143	0.00240	0.90616
282 T	0.09147	0.00216	0.90637
283 G	0.09144	0.00208	0.90648
284 T	0.09149	0.00189	0.90662
285 C	0.09151	0.00171	0.90678
286 G	0.09149	0.00182	0.90669
287 G	0.09150	0.00187	0.90664
288 C	0.09149	0.00189	0.90663
289 G	0.09149	0.00194	0.90657
290 A	0.09148	0.00200	0.90652
291 T	0.09155	0.00193	0.90651
292 C	0.09153	0.00197	0.9065
293 A	0.09153	0.00201	0.90646
294 A	0.09153	0.00202	0.90644
295 G	0.09155	0.00202	0.90643
296 A	0.09158	0.00206	0.90636
297 T	0.09164	0.00204	0.90632
298 T	0.09153	0.00226	0.90622
299 T	0.09129	0.00250	0.90621
300 A	0.09054	0.00322	0.90624
301 G	0.09016	0.00356	0.90627
302 T	0.08994	0.00376	0.9063
303 C	0.08957	0.00408	0.90636
304 G	0.08922	0.00441	0.90637
305 A	0.08896	0.00467	0.90637
306 A	0.08883	0.00477	0.9064
307 C	0.08878	0.00480	0.90642
308 G	0.08878	0.00482	0.90641
309 T	0.08892	0.00463	0.90645
310 A	0.08899	0.00453	0.90648
311 T	0.08903	0.00444	0.90652
312 T	0.08908	0.00437	0.90655
313 T	0.08911	0.00428	0.90661
314 C	0.08908	0.00427	0.90664
315 T	0.08906	0.00431	0.90663
316 A	0.08889	0.00452	0.90658
317 A	0.08886	0.00456	0.90658
318 A	0.08888	0.00455	0.90657
319 A	0.08894	0.00448	0.90659
320 A	0.08898	0.00422	0.9068
321 T	0.08913	0.00370	0.90717
322 T	0.08916	0.00324	0.9076
323 G	0.08918	0.00249	0.90834
324 G	0.08919	0.00215	0.90866
325 T	0.08921	0.00191	0.90889
326 T	0.08921	0.00163	0.90915
327 A	0.08922	0.00140	0.90938
328 G	0.08923	0.00114	0.90963
329 G	0.08925	0.00098	0.90976
330 T	0.08927	0.00090	0.90983
331 T	0.08931	0.00084	0.90985
332 T	0.08934	0.00081	0.90984
333 C	0.08934	0.00082	0.90983
334 G	0.08934	0.00101	0.90965
335 A	0.08934	0.00121	0.90945
336 T	0.08935	0.00137	0.90928
337 G	0.08934	0.00151	0.90915
338 T	0.08938	0.00159	0.90903
339 T	0.08935	0.00168	0.90897
340 T	0.08924	0.00198	0.90878
341 T	0.08906	0.00256	0.90838
342 G	0.08889	0.00343	0.90767
343 A	0.08884	0.00366	0.9075
344 T	0.08882	0.00375	0.90743
345 A	0.08878	0.00386	0.90736
346 G	0.08877	0.00387	0.90736
347 C	0.08877	0.00388	0.90735
348 T	0.08873	0.00393	0.90734
349 A	0.08866	0.00401	0.90734
350 C	0.08864	0.00402	0.90734
351 A	0.08852	0.00414	0.90734
352 C	0.08850	0.00417	0.90734
353 C	0.08849	0.00418	0.90734
354 A	0.08846	0.00421	0.90732
355 G	0.08849	0.00419	0.90732
356 A	0.08854	0.00415	0.90731
357 T	0.08870	0.00399	0.9073
358 A	0.08879	0.00390	0.9073
359 T	0.08897	0.00369	0.90734
360 G	0.08899	0.00362	0.90739
361 A	0.08907	0.00348	0.90745
362 T	0.08928	0.00313	0.90759
363 G	0.08940	0.00286	0.90774
364 C	0.08974	0.00235	0.90791
365 C	0.09035	0.00167	0.90798
366 T	0.09049	0.00153	0.90798
367 T	0.09050	0.00152	0.90798
368 C	0.09049	0.00153	0.90798
369 G	0.09046	0.00158	0.90797
370 A	0.09046	0.00157	0.90797
371 T	0.09048	0.00149	0.90804
372 T	0.09047	0.00142	0.90811
373 T	0.09045	0.00140	0.90814
374 C	0.09042	0.00130	0.90828
375 T	0.09040	0.00135	0.90825
376 A	0.09038	0.00147	0.90815
377 A	0.09037	0.00150	0.90813
378 A	0.09037	0.00151	0.90812
379 T	0.09038	0.00151	0.90811
380 T	0.09035	0.00144	0.90821
381 G	0.09023	0.00146	0.90831
382 G	0.09018	0.00150	0.90832
383 G	0.09007	0.00159	0.90834
384 A	0.09001	0.00166	0.90834
385 A	0.08998	0.00168	0.90833
386 G	0.08992	0.00167	0.9084
387 T	0.08990	0.00171	0.9084
388 A	0.08984	0.00178	0.90838
389 T	0.08982	0.00183	0.90836
390 T	0.08980	0.00193	0.90827
391 T	0.08976	0.00214	0.90811
392 T	0.08968	0.00222	0.90811
393 A	0.08953	0.00236	0.90811
394 G	0.08940	0.00246	0.90814
395 G	0.08928	0.00256	0.90816
396 C	0.08915	0.00266	0.90818
397 C	0.08903	0.00276	0.90821
398 C	0.08901	0.00277	0.90822
399 T	0.08904	0.00274	0.90822
400 C	0.08887	0.00291	0.90822
401 G	0.08882	0.00297	0.90821
402 T	0.08883	0.00296	0.90821
403 C	0.08882	0.00296	0.90823
404 G	0.08880	0.00288	0.90831
405 T	0.08884	0.00284	0.90832
406 T	0.08884	0.00279	0.90837
407 T	0.08870	0.00302	0.90828
408 A	0.08828	0.00355	0.90817
409 A	0.08819	0.00356	0.90825
410 T	0.08820	0.00347	0.90833
411 G	0.08812	0.00342	0.90846
412 C	0.08809	0.00333	0.90858
413 C	0.08814	0.00329	0.90857
414 T	0.08807	0.00368	0.90825
415 A	0.08785	0.00452	0.90762
416 A	0.08767	0.00570	0.90662
417 T	0.08756	0.00768	0.90476
418 T	0.08733	0.01157	0.90109
419 T	0.08681	0.01415	0.89904
420 A	0.08340	0.02092	0.89568
421 A	0.08168	0.02616	0.89215
422 A	0.08018	0.02918	0.89064
423 A	0.07925	0.03153	0.88922
424 T	0.07843	0.03331	0.88826
425 T	0.07715	0.03543	0.88742
426 A	0.07516	0.03827	0.88657
427 G	0.07417	0.03927	0.88656
428 G	0.07390	0.03952	0.88658
429 A	0.07371	0.03969	0.8866
430 A	0.07373	0.03956	0.8867
431 C	0.07377	0.03917	0.88705
432 T	0.07369	0.03982	0.88649
433 G	0.07351	0.04006	0.88643
434 T	0.07335	0.04036	0.88628
435 A	0.07305	0.04095	0.886
436 A	0.07293	0.04114	0.88592
437 C	0.07310	0.04065	0.88624
438 A	0.07365	0.04003	0.88633
439 G	0.07486	0.03867	0.88647
440 A	0.07769	0.03588	0.88643
441 T	0.08256	0.03095	0.88649
442 A	0.08456	0.02900	0.88644
443 A	0.08741	0.02296	0.88964
444 T	0.09070	0.01774	0.89156
445 G	0.09203	0.01474	0.89322
446 T	0.09361	0.01233	0.89406
447 T	0.09435	0.01101	0.89465
448 T	0.09447	0.01025	0.89529
449 T	0.09334	0.01057	0.89609
450 T	0.08806	0.01596	0.89598
451 A	0.07693	0.02854	0.89452
452 A	0.06665	0.04184	0.8915
453 A	0.05969	0.05069	0.88962
454 A	0.05679	0.05501	0.8882
455 T	0.05620	0.05594	0.88786
456 A	0.05317	0.05887	0.88796
457 G	0.05197	0.06009	0.88794
458 T	0.05112	0.06096	0.88792
459 T	0.04771	0.06457	0.88772
460 C	0.04169	0.07081	0.8875
461 A	0.03380	0.07978	0.88642
462 A	0.02917	0.08572	0.88512
463 G	0.02647	0.08933	0.8842
464 A	0.02467	0.09223	0.8831
465 A	0.02410	0.09328	0.88262
466 A	0.02364	0.09416	0.88221
467 T	0.02350	0.09437	0.88213
468 T	0.02227	0.09580	0.88193
469 A	0.01982	0.09858	0.8816
470 A	0.01773	0.10089	0.88138
471 A	0.01578	0.10204	0.88218
472 A	0.01478	0.10096	0.88426
473 A	0.01504	0.09551	0.88945
474 A	0.01635	0.08380	0.89985
475 G	0.01907	0.07118	0.90975
476 G	0.02065	0.06321	0.91615
477 T	0.02190	0.05990	0.91821
478 A	0.02190	0.06043	0.91767
479 G	0.02149	0.05955	0.91897
480 A	0.02080	0.06073	0.91847
481 A	0.01923	0.06262	0.91815
482 T	0.01873	0.06055	0.92072
483 A	0.01817	0.05969	0.92215
484 G	0.01887	0.05616	0.92496
485 A	0.02003	0.05545	0.92452
486 A	0.02085	0.05563	0.92352
487 T	0.02182	0.05682	0.92136
488 A	0.02212	0.05951	0.91837
489 T	0.02267	0.05910	0.91823
490 A	0.02269	0.05975	0.91755
491 G	0.02275	0.05929	0.91797
492 A	0.02311	0.05835	0.91854
493 T	0.02376	0.05747	0.91878
494 T	0.02390	0.05644	0.91966
495 G	0.02362	0.05801	0.91838
496 G	0.02358	0.06228	0.91415
497 A	0.02356	0.06838	0.90806
498 T	0.02367	0.07686	0.89947
499 A	0.02361	0.08235	0.89403
500 A	0.02421	0.08377	0.89203
501 A	0.02569	0.08323	0.89109
502 A	0.02687	0.08198	0.89114
503 A	0.02867	0.07916	0.89216
504 T	0.03127	0.07438	0.89434
505 G	0.03259	0.07212	0.89529
506 G	0.03620	0.06832	0.89548
507 C	0.04081	0.06497	0.89421
508 A	0.04500	0.06528	0.88972
509 A	0.04843	0.06495	0.88662
510 T	0.05340	0.06048	0.88612
511 T	0.05636	0.05789	0.88574
512 T	0.05672	0.05799	0.88529
513 A	0.05579	0.05916	0.88504
514 C	0.05617	0.05844	0.88539
515 A	0.05716	0.05730	0.88553
516 T	0.05966	0.05465	0.88568
517 A	0.06099	0.05320	0.88581
518 C	0.06386	0.04999	0.88614
519 C	0.06822	0.04553	0.88625
520 A	0.07406	0.03955	0.88639
521 T	0.08308	0.03043	0.88649
522 T	0.08766	0.02574	0.8866
523 T	0.08795	0.02552	0.88653
524 T	0.08593	0.02761	0.88646
525 A	0.08042	0.03318	0.8864
526 G	0.07469	0.03887	0.88644
527 G	0.06851	0.04540	0.88609
528 A	0.06498	0.04985	0.88517
529 A	0.06348	0.05281	0.88371
530 A	0.06399	0.05286	0.88314
531 A	0.06814	0.04866	0.88321
532 A	0.07117	0.04473	0.88409
533 T	0.07220	0.04274	0.88506
534 T	0.07261	0.04159	0.88579
535 T	0.07286	0.04045	0.88669
536 C	0.07280	0.03911	0.88809
537 T	0.07260	0.03912	0.88828
538 T	0.07198	0.03996	0.88806
539 T	0.07082	0.04172	0.88746
540 T	0.06720	0.04677	0.88603
541 A	0.05659	0.06004	0.88337
542 A	0.05043	0.06734	0.88223
543 A	0.04654	0.07147	0.88199
544 G	0.04473	0.07303	0.88225
545 A	0.04404	0.07329	0.88268
546 A	0.04365	0.07227	0.88408
547 G	0.04344	0.06988	0.88668
548 A	0.04382	0.06477	0.89141
549 A	0.04434	0.05940	0.89627
550 G	0.04508	0.05301	0.90192
551 A	0.04624	0.04878	0.90498
552 T	0.04794	0.04488	0.90717
553 T	0.04854	0.04294	0.90851
554 T	0.04872	0.04250	0.90878
555 A	0.04867	0.04255	0.90877
556 T	0.04865	0.04262	0.90873
557 T	0.04849	0.04280	0.90871
558 A	0.04776	0.04382	0.90842
559 G	0.04745	0.04405	0.9085
560 A	0.04760	0.04471	0.90768
561 T	0.04819	0.04391	0.90789
562 A	0.04874	0.04540	0.90586
563 A	0.05024	0.04208	0.90768
564 T	0.05307	0.03037	0.91656
565 T	0.05432	0.02424	0.92143
566 T	0.05461	0.02176	0.92363
567 T	0.05425	0.02229	0.92345
568 A	0.05330	0.02428	0.92242
569 A	0.05294	0.02599	0.92106
570 A	0.05306	0.02594	0.921
571 T	0.05356	0.02534	0.9211
572 T	0.05384	0.02514	0.92103
573 T	0.05402	0.02555	0.92042
574 T	0.05414	0.02577	0.92009
575 T	0.05419	0.02594	0.91986
576 G	0.05400	0.02636	0.91964
577 T	0.05403	0.02686	0.91911
578 A	0.05397	0.02823	0.9178
579 T	0.05427	0.02798	0.91774
580 G	0.05438	0.02784	0.91777
581 A	0.05488	0.02671	0.91841
582 A	0.05553	0.02576	0.9187
583 C	0.05731	0.02387	0.91882
584 A	0.05868	0.02281	0.91851
585 T	0.06267	0.01892	0.91841
586 T	0.06500	0.01685	0.91814
587 T	0.06582	0.01653	0.91765
588 A	0.06599	0.01718	0.91682
589 A	0.06661	0.01649	0.91691
590 T	0.06777	0.01482	0.9174
591 G	0.06857	0.01315	0.91828
592 T	0.07040	0.01139	0.91822
593 C	0.07066	0.01201	0.91734
594 T	0.06941	0.02142	0.90916
595 A	0.06593	0.04227	0.89181
596 T	0.06432	0.05044	0.88525
597 T	0.05994	0.05688	0.88319
598 A	0.05281	0.06469	0.8825
599 A	0.05053	0.06704	0.88243
600 A	0.04951	0.06796	0.88253
601 C	0.04950	0.06773	0.88277
602 C	0.04854	0.06878	0.88267
603 T	0.04775	0.07013	0.88213
604 A	0.04628	0.07173	0.88199
605 A	0.04552	0.07255	0.88192
606 G	0.04502	0.07310	0.88188
607 A	0.04463	0.07348	0.88189
608 C	0.04454	0.07337	0.88208
609 A	0.04465	0.07326	0.88209
610 G	0.04500	0.07285	0.88215
611 C	0.04555	0.07235	0.88211
612 A	0.04560	0.07330	0.88109
613 A	0.04581	0.07371	0.88048
614 A	0.04649	0.07340	0.88012
615 A	0.04771	0.07264	0.87964
616 A	0.04950	0.07086	0.87964
617 G	0.05790	0.05972	0.88238
618 T	0.07474	0.03898	0.88628
619 A	0.07993	0.03172	0.88835
620 A	0.08198	0.02609	0.89193
621 T	0.08310	0.01898	0.89793
622 T	0.08357	0.01658	0.89986
623 T	0.08374	0.01534	0.90092
624 T	0.08375	0.01490	0.90135
625 A	0.08378	0.01505	0.90117
626 T	0.08411	0.01500	0.90089
627 T	0.08411	0.01620	0.89969
628 A	0.08402	0.01627	0.89972
629 A	0.08393	0.01652	0.89954
630 A	0.08348	0.01716	0.89937
631 T	0.08344	0.01720	0.89936
632 C	0.08342	0.01759	0.89898
633 A	0.08328	0.01979	0.89694
634 A	0.08350	0.01989	0.89661
635 T	0.08454	0.01925	0.89622
636 A	0.08497	0.01932	0.89571
637 A	0.08562	0.01896	0.89542
638 C	0.08647	0.01820	0.89533
639 T	0.08718	0.01882	0.894
640 A	0.08756	0.01907	0.89338
641 T	0.08856	0.01824	0.8932
642 T	0.08903	0.01803	0.89294
643 T	0.08910	0.01801	0.89289
644 C	0.08870	0.01839	0.89291
645 T	0.08792	0.01933	0.89275
646 A	0.08616	0.02112	0.89272
647 C	0.08431	0.02293	0.89276
648 A	0.08290	0.02454	0.89255
649 A	0.08282	0.02480	0.89238
650 C	0.08413	0.02342	0.89245
651 G	0.08431	0.02345	0.89223
652 A	0.08467	0.02312	0.89221
653 T	0.08533	0.02202	0.89265
654 G	0.08517	0.02208	0.89275
655 G	0.08545	0.02170	0.89285
656 C	0.08705	0.01976	0.89319
657 A	0.08742	0.01934	0.89324
658 C	0.08794	0.01877	0.89329
659 C	0.08860	0.01811	0.89329
660 A	0.08895	0.01785	0.8932
661 G	0.08928	0.01762	0.89311
662 G	0.09059	0.01639	0.89303
663 T	0.09137	0.01571	0.89292
664 A	0.09154	0.01562	0.89284
665 T	0.09186	0.01486	0.89328
666 T	0.09177	0.01440	0.89383
667 A	0.09134	0.01420	0.89447
668 A	0.09144	0.01277	0.89579
669 A	0.09151	0.01091	0.89758
670 A	0.09156	0.00852	0.89991
671 T	0.09187	0.00613	0.902
672 T	0.09208	0.00481	0.90311
673 G	0.09216	0.00410	0.90374
674 A	0.09239	0.00349	0.90412
675 T	0.09251	0.00304	0.90446
676 T	0.09254	0.00276	0.9047
677 T	0.09255	0.00232	0.90512
678 C	0.09256	0.00209	0.90535
679 G	0.09257	0.00198	0.90544
680 C	0.09261	0.00189	0.9055
681 T	0.09266	0.00182	0.90552
682 T	0.09274	0.00173	0.90554
683 C	0.09283	0.00162	0.90555
684 T	0.09295	0.00149	0.90556
685 G	0.09304	0.00139	0.90557
686 T	0.09318	0.00122	0.9056
687 T	0.09331	0.00104	0.90565
688 T	0.09339	0.00092	0.90569
689 A	0.09344	0.00067	0.90589
690 A	0.09361	0.00000	0.90639
