# lcl|CP097583.1_cds_USQ93441.1_1
# AA	inside	membr	outside
1 A	0.51621	0.00000	0.48379
2 T	0.50683	0.00938	0.48379
3 G	0.50010	0.01611	0.48379
4 G	0.50010	0.06215	0.43774
5 A	0.46821	0.13253	0.39926
6 C	0.46821	0.13610	0.3957
7 A	0.42236	0.18493	0.3927
8 A	0.42236	0.18500	0.39264
9 G	0.41681	0.19159	0.3916
10 T	0.41679	0.33039	0.25281
11 A	0.41106	0.35596	0.23298
12 T	0.34981	0.42889	0.22129
13 G	0.16318	0.69403	0.14279
14 A	0.16316	0.69405	0.14278
15 A	0.16316	0.73798	0.09886
16 A	0.16150	0.73965	0.09886
17 T	0.16021	0.74123	0.09856
18 C	0.16006	0.74233	0.09761
19 A	0.15468	0.75015	0.09517
20 A	0.13088	0.82032	0.0488
21 T	0.09361	0.85783	0.04855
22 A	0.09188	0.86262	0.0455
23 A	0.09192	0.86498	0.04311
24 A	0.09403	0.86306	0.04291
25 A	0.09717	0.83648	0.06635
26 C	0.10053	0.82027	0.0792
27 T	0.14530	0.77030	0.0844
28 T	0.17726	0.72522	0.09752
29 T	0.17894	0.72693	0.09413
30 A	0.17682	0.71136	0.11182
31 G	0.17485	0.71535	0.10979
32 A	0.17776	0.70893	0.1133
33 A	0.29029	0.59401	0.1157
34 A	0.31223	0.57313	0.11464
35 A	0.34189	0.49331	0.1648
36 T	0.41527	0.26407	0.32066
37 T	0.41617	0.26515	0.31868
38 T	0.42644	0.26584	0.30772
39 A	0.37391	0.38671	0.23939
40 A	0.35362	0.41756	0.22881
41 A	0.33659	0.43772	0.22569
42 A	0.31755	0.45255	0.2299
43 A	0.35253	0.39622	0.25126
44 C	0.34955	0.36761	0.28284
45 G	0.35109	0.38988	0.25902
46 A	0.35250	0.39713	0.25037
47 T	0.35310	0.41307	0.23382
48 T	0.34656	0.45523	0.19822
49 T	0.33999	0.47133	0.18868
50 T	0.33201	0.49350	0.17449
51 A	0.30426	0.52169	0.17404
52 T	0.26646	0.55922	0.17432
53 C	0.22778	0.59604	0.17617
54 A	0.21005	0.61679	0.17316
55 G	0.20221	0.62775	0.17004
56 A	0.20222	0.62834	0.16944
57 T	0.21826	0.61296	0.16878
58 T	0.21977	0.61495	0.16527
59 T	0.21820	0.61140	0.17039
60 A	0.21176	0.61750	0.17074
61 G	0.21223	0.60909	0.17867
62 A	0.25262	0.54157	0.20581
63 A	0.26154	0.52137	0.2171
64 T	0.26954	0.49883	0.23164
65 A	0.26898	0.49087	0.24016
66 T	0.26819	0.49663	0.23517
67 A	0.25869	0.51215	0.22916
68 A	0.26476	0.50724	0.228
69 A	0.26632	0.50210	0.23157
70 A	0.28335	0.47515	0.24149
71 T	0.32114	0.42524	0.25362
72 T	0.32929	0.41134	0.25937
73 A	0.32419	0.41646	0.25935
74 A	0.30333	0.41609	0.28058
75 T	0.29533	0.38859	0.31609
76 T	0.27603	0.39263	0.33134
77 T	0.24829	0.42286	0.32886
78 A	0.21255	0.47436	0.31309
79 A	0.18298	0.52251	0.29451
80 A	0.16274	0.55917	0.27808
81 A	0.15333	0.58532	0.26135
82 G	0.11498	0.64180	0.24322
83 A	0.08753	0.72579	0.18668
84 A	0.07434	0.81951	0.10615
85 A	0.07333	0.85497	0.0717
86 A	0.07619	0.86426	0.05955
87 A	0.07586	0.87404	0.0501
88 A	0.07793	0.87412	0.04795
89 A	0.07857	0.86974	0.05169
90 A	0.08136	0.85812	0.06051
91 G	0.07842	0.85321	0.06837
92 A	0.07144	0.86246	0.06609
93 A	0.06905	0.86557	0.06537
94 A	0.07043	0.86481	0.06477
95 A	0.07440	0.85261	0.07299
96 A	0.08324	0.82412	0.09264
97 A	0.09434	0.77631	0.12935
98 T	0.10882	0.73116	0.16002
99 C	0.11819	0.69146	0.19035
100 G	0.12707	0.66789	0.20504
101 A	0.14320	0.64599	0.2108
102 A	0.16561	0.62519	0.20921
103 G	0.18834	0.60422	0.20744
104 A	0.22034	0.58985	0.18981
105 A	0.25637	0.54473	0.1989
106 A	0.32694	0.47952	0.19354
107 T	0.42228	0.37823	0.19949
108 T	0.45305	0.35455	0.1924
109 A	0.45980	0.37717	0.16302
110 A	0.46786	0.37581	0.15632
111 T	0.47451	0.36442	0.16108
112 A	0.47217	0.36285	0.16498
113 A	0.47226	0.35685	0.17089
114 A	0.47412	0.34550	0.18038
115 T	0.48060	0.32642	0.19298
116 T	0.48059	0.31882	0.20058
117 G	0.47194	0.32499	0.20307
118 A	0.46187	0.33250	0.20563
119 T	0.45689	0.33620	0.20691
120 G	0.45320	0.34000	0.20681
121 G	0.45129	0.34292	0.20579
122 C	0.45168	0.33918	0.20914
123 A	0.45400	0.33659	0.2094
124 G	0.46581	0.32342	0.21078
125 A	0.48702	0.30068	0.2123
126 C	0.50808	0.27792	0.214
127 G	0.53517	0.25033	0.2145
128 C	0.57408	0.20974	0.21618
129 T	0.63024	0.15328	0.21648
130 T	0.64946	0.13384	0.2167
131 C	0.66016	0.12263	0.21721
132 T	0.68174	0.09964	0.21861
133 T	0.68801	0.09316	0.21883
134 T	0.68860	0.09067	0.22073
135 T	0.68803	0.08881	0.22316
136 T	0.68496	0.09525	0.21979
137 G	0.67576	0.11098	0.21326
138 G	0.66402	0.12291	0.21306
139 G	0.64857	0.14195	0.20949
140 A	0.63431	0.15897	0.20673
141 A	0.56515	0.23150	0.20335
142 C	0.54137	0.25153	0.2071
143 A	0.52481	0.27386	0.20133
144 A	0.49478	0.31367	0.19154
145 A	0.48897	0.32485	0.18618
146 C	0.48798	0.32477	0.18725
147 T	0.48479	0.33735	0.17786
148 G	0.47459	0.36323	0.16217
149 A	0.46710	0.39908	0.13382
150 T	0.46171	0.43383	0.10445
151 A	0.45347	0.45581	0.09072
152 A	0.44423	0.47455	0.08123
153 T	0.43774	0.48398	0.07827
154 G	0.42401	0.49696	0.07902
155 C	0.39765	0.52172	0.08063
156 G	0.38866	0.53097	0.08037
157 G	0.38716	0.53286	0.07998
158 C	0.38756	0.53227	0.08017
159 A	0.39343	0.52834	0.07823
160 A	0.40491	0.51667	0.07842
161 A	0.40973	0.50710	0.08317
162 A	0.41608	0.49065	0.09327
163 A	0.42536	0.47085	0.10378
164 T	0.43728	0.38151	0.18121
165 A	0.43819	0.35239	0.20942
166 A	0.44515	0.32482	0.23003
167 C	0.46032	0.27311	0.26657
168 T	0.47156	0.25905	0.26939
169 A	0.47170	0.26002	0.26829
170 A	0.46725	0.26516	0.26759
171 A	0.47878	0.24611	0.27511
172 C	0.50138	0.21550	0.28311
173 A	0.52767	0.23103	0.2413
174 A	0.54249	0.24223	0.21527
175 T	0.55603	0.22247	0.2215
176 T	0.55729	0.22163	0.22109
177 T	0.55119	0.22428	0.22453
178 T	0.51666	0.25792	0.22542
179 C	0.42636	0.35290	0.22075
180 T	0.38611	0.42776	0.18613
181 A	0.36056	0.53679	0.10265
182 A	0.34385	0.58198	0.07417
183 A	0.33499	0.59318	0.07183
184 T	0.33140	0.59752	0.07108
185 T	0.32552	0.60329	0.07119
186 A	0.30435	0.62464	0.07101
187 C	0.29652	0.63233	0.07115
188 A	0.29236	0.63715	0.07049
189 A	0.29079	0.63830	0.07091
190 G	0.29126	0.63728	0.07145
191 A	0.29345	0.63469	0.07187
192 A	0.29695	0.62912	0.07393
193 C	0.30265	0.61005	0.08729
194 A	0.30557	0.60540	0.08903
195 A	0.30970	0.59999	0.09031
196 G	0.35680	0.55047	0.09273
197 T	0.39441	0.50986	0.09573
198 G	0.40247	0.49979	0.09774
199 A	0.41836	0.47458	0.10706
200 A	0.44129	0.43837	0.12034
201 T	0.48495	0.34701	0.16805
202 T	0.49851	0.23431	0.26718
203 C	0.52264	0.16559	0.31176
204 T	0.58790	0.08812	0.32399
205 T	0.60675	0.06348	0.32976
206 T	0.60717	0.05987	0.33297
207 T	0.59758	0.06883	0.33359
208 T	0.56839	0.09917	0.33243
209 T	0.52010	0.13275	0.34716
210 G	0.44975	0.21993	0.33031
211 G	0.40380	0.33413	0.26207
212 A	0.35888	0.43947	0.20165
213 A	0.33158	0.49139	0.17704
214 T	0.32031	0.51715	0.16254
215 T	0.27842	0.58703	0.13456
216 A	0.17711	0.73137	0.09152
217 A	0.13708	0.78414	0.07878
218 A	0.12204	0.80659	0.07137
219 A	0.11356	0.82217	0.06426
220 A	0.10768	0.83206	0.06026
221 A	0.10513	0.83604	0.05883
222 A	0.10429	0.83729	0.05842
223 A	0.10405	0.83774	0.05821
224 A	0.10430	0.83740	0.0583
225 T	0.10584	0.83502	0.05914
226 T	0.10695	0.83282	0.06022
227 T	0.10829	0.83001	0.06171
228 A	0.10928	0.82689	0.06383
229 A	0.11171	0.81982	0.06847
230 A	0.11710	0.79675	0.08614
231 T	0.12783	0.74832	0.12385
232 G	0.13455	0.69484	0.17061
233 A	0.16239	0.60660	0.23101
234 T	0.24408	0.47873	0.27718
235 T	0.30952	0.36401	0.32647
236 T	0.33515	0.30505	0.3598
237 A	0.34696	0.28026	0.37278
238 A	0.36828	0.21888	0.41283
239 T	0.40160	0.09985	0.49855
240 T	0.41102	0.05375	0.53522
241 G	0.41572	0.03632	0.54795
242 T	0.42252	0.02632	0.55116
243 T	0.42537	0.02632	0.5483
244 T	0.42335	0.04025	0.5364
245 T	0.41078	0.06729	0.52193
246 G	0.38715	0.11628	0.49657
247 T	0.37422	0.18109	0.44469
248 T	0.36423	0.25524	0.38052
249 A	0.34445	0.35173	0.30382
250 G	0.32283	0.44204	0.23512
251 A	0.30784	0.49347	0.1987
252 T	0.29989	0.54057	0.15955
253 T	0.27455	0.60289	0.12256
254 T	0.22637	0.66470	0.10893
255 A	0.16774	0.72958	0.10268
256 A	0.14291	0.75813	0.09896
257 C	0.12698	0.77589	0.09712
258 A	0.11224	0.79501	0.09275
259 G	0.10410	0.80423	0.09167
260 A	0.09917	0.81028	0.09054
261 A	0.09288	0.81748	0.08964
262 G	0.08989	0.82095	0.08916
263 A	0.08995	0.82084	0.08921
264 A	0.09210	0.81792	0.08998
265 A	0.09645	0.81181	0.09174
266 A	0.10532	0.79912	0.09555
267 T	0.12537	0.77277	0.10186
268 G	0.14358	0.74051	0.11591
269 A	0.17523	0.68928	0.13549
270 T	0.23120	0.62029	0.14851
271 A	0.28501	0.55771	0.15728
272 A	0.35636	0.46831	0.17533
273 T	0.42990	0.36887	0.20124
274 G	0.45577	0.32193	0.2223
275 A	0.48678	0.27740	0.23581
276 T	0.52754	0.20821	0.26425
277 T	0.54148	0.15418	0.30435
278 T	0.54604	0.10302	0.35094
279 T	0.54673	0.07999	0.37327
280 T	0.54572	0.06913	0.38515
281 T	0.54261	0.06697	0.39042
282 A	0.53466	0.08323	0.38211
283 A	0.53129	0.09163	0.37708
284 T	0.52820	0.09259	0.37921
285 T	0.51753	0.10731	0.37515
286 T	0.50628	0.12465	0.36907
287 T	0.47790	0.16337	0.35872
288 G	0.42671	0.22431	0.34898
289 A	0.38870	0.27129	0.34002
290 T	0.35701	0.31149	0.3315
291 G	0.28639	0.39865	0.31496
292 G	0.22052	0.49517	0.28431
293 A	0.18446	0.56480	0.25074
294 A	0.17476	0.59570	0.22953
295 G	0.16933	0.61917	0.2115
296 A	0.16803	0.63303	0.19894
297 T	0.16969	0.64102	0.18929
298 T	0.16969	0.64763	0.18267
299 T	0.16668	0.65441	0.17891
300 G	0.15611	0.67030	0.17359
301 A	0.14810	0.68614	0.16576
302 A	0.13770	0.70172	0.16058
303 A	0.12377	0.72495	0.15128
304 A	0.11707	0.74632	0.1366
305 A	0.11980	0.76445	0.11574
306 A	0.11948	0.77155	0.10898
307 A	0.11955	0.76882	0.11164
308 T	0.12408	0.74854	0.12738
309 A	0.11884	0.74372	0.13745
310 A	0.11840	0.72023	0.16137
311 A	0.10789	0.69694	0.19516
312 A	0.09674	0.68739	0.21588
313 A	0.09462	0.67502	0.23035
314 A	0.10477	0.62018	0.27504
315 A	0.12841	0.55962	0.31197
316 G	0.15501	0.51640	0.3286
317 A	0.17536	0.50678	0.31787
318 T	0.19354	0.50959	0.29687
319 A	0.19708	0.53983	0.26309
320 T	0.20232	0.54537	0.25231
321 T	0.19233	0.56243	0.24524
322 A	0.16446	0.59537	0.24017
323 A	0.15040	0.60898	0.24063
324 A	0.15134	0.60365	0.24501
325 A	0.15632	0.58944	0.25423
326 A	0.16765	0.56354	0.26881
327 A	0.18920	0.52968	0.28112
328 T	0.22425	0.48262	0.29313
329 T	0.23920	0.45556	0.30524
330 T	0.24200	0.44750	0.3105
331 G	0.23980	0.44743	0.31277
332 A	0.24013	0.44430	0.31557
333 A	0.24334	0.43669	0.31997
334 A	0.25332	0.41011	0.33657
335 T	0.27495	0.36852	0.35653
336 T	0.29820	0.33569	0.36611
337 A	0.31711	0.31332	0.36957
338 A	0.34151	0.28444	0.37404
339 T	0.36447	0.25131	0.38422
340 A	0.37994	0.23020	0.38986
341 T	0.41046	0.19118	0.39836
342 T	0.44645	0.14566	0.40789
343 T	0.45895	0.13056	0.41049
344 T	0.46255	0.12489	0.41256
345 A	0.46012	0.12881	0.41107
346 T	0.44426	0.16064	0.39511
347 T	0.41394	0.21217	0.3739
348 A	0.34031	0.34043	0.31926
349 A	0.28664	0.43799	0.27536
350 A	0.25689	0.48283	0.26027
351 T	0.24592	0.49571	0.25837
352 A	0.23436	0.50703	0.25861
353 A	0.23126	0.50763	0.26111
354 A	0.23211	0.50363	0.26426
355 C	0.23628	0.49674	0.26698
356 C	0.23959	0.49330	0.26712
357 T	0.24252	0.49124	0.26624
358 T	0.24229	0.49240	0.26531
359 A	0.24090	0.49394	0.26517
360 T	0.24056	0.49427	0.26518
361 G	0.23723	0.49734	0.26544
362 A	0.23595	0.49773	0.26631
363 C	0.23693	0.49503	0.26804
364 G	0.23786	0.49379	0.26835
365 A	0.24025	0.49112	0.26863
366 A	0.24779	0.48286	0.26935
367 A	0.26056	0.46805	0.2714
368 A	0.28564	0.43716	0.2772
369 T	0.32263	0.37218	0.30518
370 A	0.34618	0.31421	0.33961
371 A	0.39603	0.19331	0.41066
372 T	0.43362	0.09784	0.46854
373 G	0.44444	0.05446	0.50109
374 C	0.44786	0.03810	0.51404
375 T	0.45033	0.03093	0.51874
376 A	0.45144	0.02819	0.52038
377 T	0.45312	0.02510	0.52178
378 T	0.45382	0.02465	0.52153
379 T	0.45397	0.02672	0.51931
380 T	0.45354	0.03315	0.5133
381 G	0.45067	0.04637	0.50295
382 A	0.44965	0.05938	0.49097
383 T	0.44913	0.06416	0.48671
384 T	0.44770	0.06460	0.48771
385 T	0.44682	0.06788	0.4853
386 T	0.44500	0.06970	0.48529
387 G	0.44094	0.07333	0.48573
388 C	0.43790	0.07614	0.48595
389 A	0.43530	0.07889	0.48581
390 C	0.42978	0.08445	0.48578
391 C	0.42664	0.08774	0.48561
392 C	0.42417	0.09049	0.48534
393 T	0.42306	0.09221	0.48473
394 G	0.42168	0.09375	0.48458
395 G	0.42063	0.09501	0.48436
396 A	0.41889	0.09713	0.48399
397 G	0.41753	0.09873	0.48374
398 C	0.41340	0.10273	0.48386
399 A	0.40969	0.10686	0.48344
400 G	0.40755	0.10917	0.48328
401 G	0.40768	0.10954	0.48278
402 A	0.41011	0.10781	0.48209
403 G	0.41783	0.09961	0.48256
404 G	0.42937	0.08477	0.48586
405 T	0.44241	0.07047	0.48712
406 A	0.44372	0.06909	0.48719
407 C	0.44236	0.06950	0.48815
408 A	0.44053	0.07442	0.48505
409 G	0.43732	0.07661	0.48608
410 A	0.43540	0.07694	0.48766
411 A	0.43418	0.07586	0.48996
412 T	0.43405	0.07377	0.49218
413 C	0.43260	0.06835	0.49905
414 T	0.43056	0.06774	0.5017
415 C	0.42553	0.07082	0.50366
416 A	0.42227	0.07389	0.50384
417 A	0.42152	0.07408	0.50439
418 G	0.42145	0.07360	0.50495
419 A	0.42174	0.07146	0.5068
420 T	0.42228	0.06914	0.50858
421 T	0.42247	0.06225	0.51527
422 G	0.42155	0.05818	0.52027
423 G	0.42096	0.05543	0.52361
424 T	0.42055	0.05414	0.52531
425 G	0.41927	0.05450	0.52624
426 T	0.41920	0.05417	0.52663
427 G	0.41873	0.05523	0.52603
428 A	0.41872	0.05646	0.52482
429 A	0.41909	0.05517	0.52574
430 A	0.42030	0.05344	0.52626
431 T	0.42292	0.04854	0.52854
432 G	0.42281	0.04621	0.53099
433 T	0.42300	0.04611	0.53089
434 T	0.42195	0.04689	0.53116
435 A	0.41998	0.04781	0.53222
436 T	0.41925	0.04648	0.53427
437 T	0.41824	0.04536	0.53639
438 T	0.41617	0.04395	0.53987
439 C	0.41411	0.04401	0.54188
440 G	0.41246	0.04761	0.53993
441 A	0.41109	0.05330	0.53562
442 A	0.41074	0.05881	0.53045
443 T	0.40948	0.06505	0.52547
444 G	0.40667	0.06935	0.52399
445 T	0.40499	0.07282	0.5222
446 A	0.39798	0.08463	0.51739
447 T	0.39315	0.09294	0.51391
448 C	0.37969	0.11296	0.50735
449 A	0.37044	0.13379	0.49578
450 A	0.36662	0.14483	0.48855
451 A	0.36396	0.15091	0.48514
452 G	0.36426	0.15184	0.48391
453 A	0.36645	0.15110	0.48245
454 T	0.36922	0.14739	0.4834
455 A	0.36953	0.14683	0.48364
456 T	0.37119	0.14400	0.48482
457 G	0.37147	0.14176	0.48678
458 C	0.37130	0.13817	0.49053
459 T	0.37117	0.13834	0.49048
460 C	0.37031	0.14103	0.48866
461 A	0.36887	0.15420	0.47694
462 A	0.36322	0.17460	0.46219
463 A	0.36076	0.18367	0.45557
464 G	0.35583	0.19081	0.45337
465 A	0.35706	0.19225	0.45069
466 A	0.36042	0.18814	0.45143
467 A	0.36205	0.18421	0.45375
468 A	0.36596	0.17713	0.45692
469 A	0.37324	0.16272	0.46404
470 A	0.38073	0.14927	0.47
471 T	0.39304	0.12314	0.48382
472 T	0.40273	0.10496	0.49232
473 T	0.40673	0.09673	0.49654
474 T	0.40757	0.09271	0.49972
475 C	0.40664	0.09240	0.50096
476 A	0.40618	0.09342	0.5004
477 A	0.40612	0.09326	0.50061
478 A	0.40652	0.09234	0.50114
479 C	0.40669	0.09146	0.50185
480 T	0.40742	0.09170	0.50087
481 C	0.40784	0.09239	0.49978
482 A	0.40806	0.09424	0.4977
483 A	0.41084	0.09210	0.49706
484 A	0.42240	0.08033	0.49726
485 T	0.43926	0.05778	0.50295
486 T	0.44677	0.04750	0.50573
487 T	0.44995	0.03686	0.51319
488 T	0.45127	0.03788	0.51085
489 A	0.44917	0.04340	0.50744
490 T	0.44923	0.04829	0.50248
491 A	0.44825	0.05300	0.49875
492 T	0.44840	0.05278	0.49881
493 T	0.44804	0.05333	0.49862
494 T	0.44665	0.05508	0.49827
495 A	0.44064	0.06078	0.49859
496 C	0.43679	0.06401	0.49919
497 A	0.43194	0.06881	0.49925
498 A	0.42808	0.07178	0.50015
499 C	0.42515	0.07417	0.50068
500 A	0.42192	0.07818	0.4999
501 A	0.42083	0.08133	0.49783
502 G	0.42107	0.08055	0.49839
503 G	0.42254	0.07885	0.49861
504 T	0.42509	0.07632	0.49859
505 T	0.42665	0.07364	0.49971
506 C	0.42667	0.07345	0.49988
507 A	0.42530	0.07668	0.49802
508 G	0.42555	0.07666	0.49778
509 A	0.42672	0.07556	0.49773
510 A	0.42925	0.07282	0.49793
511 T	0.43680	0.06469	0.49852
512 C	0.44105	0.05697	0.50199
513 T	0.44594	0.05125	0.50281
514 G	0.44746	0.04842	0.50411
515 G	0.44759	0.04773	0.50469
516 T	0.44796	0.04703	0.50501
517 T	0.44791	0.04654	0.50555
518 T	0.44723	0.04205	0.51073
519 A	0.44413	0.04248	0.51339
520 A	0.44215	0.03986	0.51799
521 A	0.44028	0.03809	0.52163
522 A	0.43905	0.03574	0.52521
523 G	0.43902	0.03251	0.52847
524 C	0.44071	0.02935	0.52993
525 A	0.44066	0.03011	0.52923
526 G	0.44087	0.03086	0.52827
527 T	0.44194	0.03031	0.52775
528 T	0.44206	0.03045	0.52749
529 A	0.44175	0.03127	0.52697
530 G	0.44279	0.02832	0.5289
531 T	0.44313	0.02752	0.52936
532 T	0.44323	0.02811	0.52867
533 T	0.44318	0.02864	0.52818
534 A	0.44288	0.02949	0.52764
535 T	0.44283	0.02981	0.52736
536 T	0.44279	0.03023	0.52698
537 G	0.44233	0.03187	0.52581
538 A	0.44226	0.03434	0.5234
539 T	0.44257	0.03746	0.51997
540 T	0.44245	0.03944	0.51811
541 A	0.43703	0.04770	0.51528
542 A	0.43513	0.04831	0.51656
543 A	0.43423	0.04770	0.51806
544 G	0.43383	0.04650	0.51966
545 G	0.43405	0.04529	0.52066
546 T	0.43478	0.04404	0.52117
547 A	0.43498	0.04394	0.52107
548 A	0.43604	0.04293	0.52103
549 T	0.43767	0.04108	0.52125
550 T	0.43833	0.04024	0.52144
551 A	0.43846	0.03987	0.52167
552 T	0.43915	0.03848	0.52237
553 G	0.43925	0.03816	0.5226
554 C	0.43961	0.03764	0.52275
555 T	0.43975	0.03758	0.52266
556 T	0.43816	0.03944	0.52239
557 A	0.43271	0.04529	0.52199
558 C	0.43037	0.04789	0.52174
559 G	0.42850	0.05119	0.52031
560 G	0.42855	0.05304	0.51841
561 A	0.43099	0.05499	0.51402
562 T	0.43560	0.05188	0.51252
563 A	0.43746	0.05093	0.51161
564 T	0.44065	0.04291	0.51644
565 T	0.44089	0.04130	0.51782
566 T	0.44005	0.04200	0.51796
567 G	0.43833	0.04511	0.51656
568 A	0.43740	0.04673	0.51587
569 A	0.43418	0.05044	0.51537
570 A	0.43146	0.05296	0.51558
571 T	0.42969	0.05446	0.51585
572 C	0.42217	0.06189	0.51595
573 A	0.41634	0.06919	0.51447
574 G	0.41290	0.07295	0.51416
575 A	0.41110	0.07532	0.51358
576 A	0.41019	0.07668	0.51314
577 A	0.40978	0.07732	0.5129
578 G	0.40937	0.07713	0.5135
579 A	0.40958	0.07676	0.51366
580 G	0.41023	0.07120	0.51857
581 G	0.41086	0.06938	0.51977
582 A	0.41244	0.06610	0.52146
583 G	0.41528	0.06211	0.52261
584 T	0.42054	0.05635	0.52311
585 T	0.42257	0.05419	0.52324
586 C	0.42333	0.05311	0.52356
587 A	0.42405	0.05300	0.52295
588 T	0.42489	0.05208	0.52303
589 A	0.42533	0.05175	0.52292
590 G	0.42651	0.04935	0.52414
591 A	0.42728	0.04803	0.52469
592 T	0.42795	0.04282	0.52923
593 T	0.42820	0.03880	0.53299
594 A	0.42812	0.03668	0.5352
595 G	0.42830	0.02968	0.54203
596 T	0.42952	0.02382	0.54665
597 G	0.42980	0.02148	0.54873
598 A	0.43038	0.02080	0.54881
599 G	0.43114	0.02012	0.54874
600 A	0.43183	0.01957	0.5486
601 G	0.43353	0.01730	0.54918
602 T	0.43635	0.01423	0.54942
603 A	0.43734	0.01305	0.54961
604 T	0.43878	0.01146	0.54976
605 C	0.43911	0.01104	0.54985
606 T	0.43962	0.01054	0.54984
607 C	0.43999	0.01021	0.5498
608 C	0.44044	0.01003	0.54953
609 T	0.44099	0.01075	0.54826
610 T	0.44163	0.01295	0.54542
611 T	0.44185	0.01424	0.54391
612 T	0.44199	0.01584	0.54218
613 G	0.44182	0.01644	0.54174
614 A	0.44159	0.01666	0.54175
615 T	0.44201	0.01615	0.54184
616 T	0.44219	0.01592	0.54189
617 C	0.44224	0.01572	0.54204
618 C	0.44202	0.01602	0.54196
619 A	0.44197	0.01644	0.54159
620 A	0.44232	0.01623	0.54146
621 T	0.44294	0.01561	0.54146
622 T	0.44281	0.01575	0.54145
623 T	0.44182	0.01676	0.54141
624 A	0.43842	0.02015	0.54143
625 C	0.43722	0.02131	0.54147
626 G	0.43578	0.02281	0.54142
627 T	0.43518	0.02341	0.54142
628 A	0.43417	0.02442	0.5414
629 G	0.43383	0.02477	0.5414
630 A	0.43330	0.02533	0.54138
631 C	0.43312	0.02539	0.5415
632 A	0.43388	0.02461	0.54151
633 T	0.43674	0.02161	0.54164
634 A	0.43765	0.02053	0.54182
635 C	0.43897	0.01874	0.54229
636 T	0.43933	0.01816	0.54252
637 T	0.43937	0.01735	0.54327
638 C	0.43935	0.01705	0.5436
639 T	0.43951	0.01668	0.54382
640 T	0.43955	0.01647	0.54399
641 T	0.43952	0.01586	0.54462
642 T	0.43958	0.01531	0.54511
643 G	0.43949	0.01516	0.54536
644 T	0.43939	0.01400	0.54661
645 A	0.43884	0.01344	0.54773
646 T	0.43853	0.01189	0.54958
647 C	0.43787	0.00949	0.55264
648 T	0.43694	0.00972	0.55335
649 T	0.43410	0.01170	0.5542
650 G	0.42807	0.01770	0.55423
651 T	0.42535	0.02075	0.5539
652 G	0.42117	0.02618	0.55265
653 A	0.41853	0.03052	0.55095
654 A	0.41719	0.03318	0.54962
655 G	0.41654	0.03554	0.54791
656 T	0.41560	0.04027	0.54413
657 T	0.41344	0.04319	0.54336
658 T	0.41055	0.04621	0.54325
659 T	0.40873	0.04829	0.54298
660 G	0.40640	0.05093	0.54267
661 C	0.40419	0.05372	0.54208
662 C	0.40227	0.05788	0.53985
663 T	0.39971	0.07174	0.52855
664 G	0.38996	0.09075	0.51928
665 A	0.37215	0.11690	0.51095
666 A	0.35168	0.14376	0.50455
667 A	0.33272	0.16780	0.49948
668 T	0.32396	0.17762	0.49841
669 A	0.30761	0.19615	0.49624
670 A	0.30012	0.20412	0.49576
671 A	0.29460	0.20878	0.49662
672 A	0.28985	0.21071	0.49944
673 G	0.28601	0.20970	0.5043
674 A	0.28365	0.21170	0.50465
675 A	0.28235	0.21297	0.50468
676 G	0.28267	0.21644	0.50089
677 A	0.28362	0.21535	0.50103
678 A	0.28539	0.21279	0.50182
679 A	0.28855	0.20786	0.50359
680 T	0.28922	0.20302	0.50777
681 C	0.28856	0.20003	0.51142
682 C	0.28813	0.20168	0.51019
683 A	0.28844	0.20397	0.50758
684 A	0.28981	0.20371	0.50648
685 A	0.29332	0.20002	0.50666
686 T	0.30652	0.18538	0.5081
687 T	0.31407	0.16948	0.51645
688 A	0.31771	0.14808	0.53422
689 A	0.32062	0.12730	0.55208
690 T	0.32269	0.11178	0.56553
691 A	0.32104	0.11621	0.56276
692 T	0.32129	0.11039	0.56832
693 T	0.31777	0.12261	0.55962
694 A	0.30645	0.15097	0.54257
695 A	0.30127	0.16128	0.53745
696 A	0.29955	0.16699	0.53346
697 G	0.29948	0.16918	0.53135
698 A	0.30129	0.16963	0.52908
699 T	0.30686	0.16392	0.52922
700 G	0.30690	0.16420	0.5289
701 A	0.30686	0.16521	0.52793
702 A	0.30720	0.16493	0.52787
703 G	0.30775	0.16399	0.52826
704 A	0.30877	0.16217	0.52906
705 T	0.31297	0.15681	0.53021
706 T	0.31559	0.15382	0.5306
707 T	0.31668	0.15234	0.53098
708 A	0.31678	0.15214	0.53107
709 A	0.31697	0.15208	0.53095
710 G	0.31779	0.15012	0.53209
711 A	0.32024	0.14566	0.5341
712 A	0.32697	0.13654	0.53648
713 T	0.34451	0.11398	0.54152
714 T	0.36071	0.09450	0.54479
715 G	0.36866	0.08490	0.54644
716 A	0.37858	0.07153	0.54989
717 T	0.39634	0.04423	0.55944
718 G	0.40294	0.03302	0.56405
719 T	0.41089	0.02343	0.56568
720 T	0.41657	0.01648	0.56695
721 T	0.42014	0.01212	0.56774
722 T	0.42090	0.01123	0.56787
723 T	0.42122	0.01085	0.56793
724 C	0.42085	0.01230	0.56685
725 G	0.42026	0.01803	0.5617
726 T	0.42041	0.02617	0.55341
727 A	0.42010	0.03687	0.54303
728 G	0.41956	0.03831	0.54212
729 T	0.41987	0.03902	0.54111
730 A	0.41938	0.04023	0.54038
731 G	0.41852	0.04121	0.54027
732 C	0.41775	0.04227	0.53999
733 G	0.41611	0.04421	0.53968
734 G	0.41586	0.04465	0.53949
735 A	0.41543	0.04553	0.53903
736 G	0.41553	0.04579	0.53868
737 C	0.41584	0.04583	0.53834
738 T	0.41616	0.04678	0.53706
739 G	0.41615	0.04886	0.53498
740 G	0.41618	0.05017	0.53365
741 T	0.41643	0.05038	0.53318
742 G	0.41577	0.05176	0.53247
743 G	0.41508	0.05308	0.53185
744 A	0.41437	0.05371	0.53192
745 C	0.41462	0.05319	0.53219
746 A	0.41532	0.05258	0.5321
747 A	0.41755	0.04998	0.53248
748 C	0.42294	0.04410	0.53297
749 A	0.43033	0.03717	0.53251
750 T	0.43938	0.02833	0.53229
751 G	0.44027	0.02714	0.53259
752 T	0.44139	0.02627	0.53233
753 T	0.44160	0.02678	0.53162
754 A	0.44122	0.02677	0.53201
755 A	0.44091	0.02653	0.53256
756 T	0.44048	0.02645	0.53307
757 A	0.43971	0.02684	0.53345
758 C	0.43955	0.02638	0.53406
759 A	0.43883	0.02839	0.53278
760 A	0.43902	0.02912	0.53187
761 C	0.44017	0.02796	0.53186
762 T	0.44228	0.02800	0.52973
763 G	0.44319	0.02761	0.52921
764 A	0.44367	0.02735	0.52897
765 T	0.44437	0.02602	0.52961
766 T	0.44482	0.02472	0.53046
767 C	0.44384	0.02441	0.53176
768 G	0.44335	0.02457	0.53208
769 G	0.44347	0.02492	0.53161
770 C	0.44357	0.02526	0.53116
771 T	0.44391	0.02698	0.52911
772 G	0.44416	0.03031	0.52553
773 T	0.44460	0.03236	0.52304
774 G	0.44317	0.03828	0.51855
775 A	0.44227	0.05177	0.50596
776 G	0.44244	0.05468	0.50287
777 A	0.44047	0.06219	0.49734
778 A	0.43979	0.06313	0.49707
779 T	0.44032	0.06249	0.49719
780 A	0.43807	0.06402	0.49791
781 A	0.43719	0.06424	0.49858
782 C	0.43802	0.06227	0.49971
783 T	0.43855	0.06216	0.49929
784 C	0.43834	0.06272	0.49893
785 A	0.43895	0.06480	0.49625
786 T	0.43865	0.06559	0.49576
787 T	0.43571	0.06865	0.49564
788 T	0.43276	0.07168	0.49557
789 A	0.42657	0.07790	0.49553
790 C	0.42420	0.07903	0.49676
791 C	0.42304	0.07979	0.49718
792 T	0.42333	0.07953	0.49714
793 A	0.41817	0.08489	0.49693
794 C	0.41775	0.08543	0.49682
795 T	0.41776	0.08603	0.49621
796 A	0.41104	0.09396	0.49501
797 A	0.39772	0.10628	0.496
798 T	0.39788	0.10528	0.49684
799 A	0.38704	0.11619	0.49677
800 T	0.38014	0.12022	0.49964
801 A	0.34939	0.15025	0.50036
802 G	0.33184	0.16771	0.50045
803 T	0.31107	0.18891	0.50002
804 A	0.24875	0.25556	0.4957
805 G	0.22405	0.28468	0.49127
806 T	0.21578	0.29313	0.4911
807 A	0.20714	0.30197	0.49089
808 A	0.20231	0.30599	0.49171
809 A	0.19914	0.30800	0.49287
810 C	0.19725	0.30567	0.49708
811 T	0.19622	0.30444	0.49934
812 G	0.19095	0.30597	0.50308
813 T	0.18347	0.31271	0.50382
814 C	0.16279	0.33387	0.50335
815 A	0.15343	0.34765	0.49893
816 A	0.14115	0.35912	0.49973
817 A	0.12829	0.37488	0.49683
818 A	0.11955	0.38178	0.49867
819 T	0.11059	0.38583	0.50358
820 G	0.09558	0.38617	0.51825
821 A	0.08798	0.38809	0.52393
822 A	0.08387	0.38613	0.53001
823 A	0.08004	0.38897	0.531
824 G	0.07913	0.37439	0.54649
825 A	0.07878	0.36083	0.56038
826 A	0.07922	0.34119	0.57959
827 G	0.08128	0.27961	0.63911
828 T	0.08452	0.27250	0.64299
829 C	0.08429	0.29280	0.62291
830 A	0.08455	0.36421	0.55124
831 A	0.08500	0.39406	0.52094
832 A	0.08583	0.40287	0.5113
833 T	0.08635	0.41090	0.50276
834 T	0.08661	0.42127	0.49212
835 A	0.08470	0.43611	0.47919
836 A	0.08356	0.45711	0.45934
837 A	0.08268	0.46020	0.45713
838 A	0.08433	0.45942	0.45625
839 A	0.08410	0.45612	0.45978
840 T	0.08822	0.44205	0.46973
841 A	0.08718	0.43954	0.47328
842 G	0.08612	0.43385	0.48004
843 A	0.08886	0.43143	0.47971
844 G	0.09515	0.43126	0.47358
845 A	0.09898	0.44870	0.45232
846 A	0.10500	0.48244	0.41256
847 A	0.11532	0.47715	0.40753
848 A	0.12075	0.46975	0.40949
849 A	0.13697	0.45159	0.41145
850 G	0.14778	0.43743	0.41478
851 C	0.18133	0.40477	0.41389
852 C	0.21737	0.36922	0.41342
853 T	0.28424	0.30495	0.41081
854 T	0.29661	0.29615	0.40723
855 A	0.25999	0.33521	0.40479
856 C	0.25412	0.34213	0.40375
857 A	0.23338	0.36828	0.39833
858 A	0.22476	0.38067	0.39456
859 A	0.23290	0.37735	0.38975
860 T	0.24665	0.36537	0.38798
861 A	0.24374	0.37045	0.38581
862 T	0.24281	0.36860	0.38859
863 T	0.20870	0.40428	0.38703
864 A	0.14748	0.46786	0.38465
865 A	0.12151	0.49271	0.38578
866 A	0.12364	0.48823	0.38813
867 A	0.13237	0.47609	0.39154
868 A	0.15345	0.45123	0.39531
869 C	0.19400	0.40518	0.40082
870 T	0.20209	0.39631	0.40161
871 A	0.20310	0.39523	0.40167
872 A	0.20501	0.39310	0.40188
873 A	0.20880	0.38828	0.40291
874 T	0.21608	0.38026	0.40366
875 T	0.21937	0.37170	0.40893
876 A	0.22111	0.36522	0.41367
877 T	0.22337	0.35153	0.4251
878 T	0.22044	0.31278	0.46678
879 A	0.20554	0.32226	0.47219
880 A	0.19881	0.30645	0.49474
881 A	0.19648	0.28365	0.51988
882 T	0.20270	0.25280	0.5445
883 T	0.20490	0.21876	0.57634
884 T	0.19984	0.21015	0.59001
885 A	0.18444	0.21372	0.60184
886 G	0.17605	0.18563	0.63832
887 C	0.17249	0.14613	0.68139
888 T	0.16774	0.13719	0.69507
889 C	0.15711	0.14822	0.69467
890 T	0.15234	0.17245	0.67521
891 T	0.14471	0.21809	0.63721
892 A	0.12240	0.34898	0.52862
893 T	0.10874	0.38509	0.50617
894 G	0.07845	0.45153	0.47002
895 A	0.05801	0.53226	0.40973
896 A	0.04773	0.57135	0.38091
897 A	0.04122	0.58543	0.37335
898 A	0.03736	0.59163	0.37101
899 A	0.03561	0.59313	0.37126
900 A	0.03398	0.59337	0.37266
901 A	0.03415	0.58939	0.37646
902 A	0.03542	0.57424	0.39035
903 A	0.03661	0.56378	0.39961
904 G	0.03847	0.55416	0.40738
905 A	0.03924	0.55333	0.40743
906 A	0.03917	0.55302	0.40781
907 A	0.03954	0.54700	0.41345
908 A	0.04047	0.53203	0.4275
909 T	0.04550	0.51618	0.43831
910 G	0.04884	0.50815	0.44302
911 A	0.05374	0.50537	0.44089
912 A	0.06129	0.49384	0.44487
913 A	0.08143	0.47605	0.44252
914 A	0.11863	0.43903	0.44234
915 T	0.25084	0.29594	0.45322
916 A	0.27317	0.28119	0.44565
917 A	0.30540	0.23364	0.46096
918 T	0.34608	0.18514	0.46878
919 T	0.34774	0.18526	0.467
920 T	0.32524	0.21276	0.462
921 A	0.19940	0.35151	0.44908
922 A	0.15745	0.40453	0.43803
923 A	0.13004	0.43432	0.43565
924 A	0.10730	0.45767	0.43504
925 G	0.09671	0.46860	0.4347
926 A	0.09277	0.47692	0.43031
927 A	0.09228	0.47731	0.43042
928 G	0.09483	0.47444	0.43072
929 A	0.09794	0.47153	0.43054
930 T	0.10209	0.46685	0.43105
931 C	0.10263	0.46733	0.43004
932 A	0.10345	0.46915	0.4274
933 A	0.10637	0.46688	0.42674
934 A	0.11390	0.46007	0.42603
935 A	0.12137	0.45296	0.42567
936 A	0.13382	0.44080	0.42538
937 G	0.14965	0.42240	0.42796
938 A	0.16561	0.40378	0.43061
939 T	0.19192	0.36539	0.4427
940 A	0.20303	0.34332	0.45365
941 T	0.21661	0.30502	0.47838
942 T	0.22405	0.27967	0.49628
943 A	0.22772	0.25563	0.51666
944 G	0.23425	0.15034	0.6154
945 T	0.24388	0.10589	0.65023
946 T	0.24339	0.09218	0.66444
947 G	0.23898	0.09332	0.6677
948 G	0.23762	0.10802	0.65436
949 G	0.23955	0.11629	0.64416
950 G	0.23961	0.12768	0.63271
951 T	0.24120	0.12723	0.63156
952 A	0.24236	0.12752	0.63011
953 A	0.24302	0.12854	0.62844
954 T	0.24504	0.12606	0.6289
955 C	0.24661	0.12504	0.62835
956 A	0.24716	0.12697	0.62588
957 A	0.24828	0.12590	0.62583
958 A	0.24928	0.12538	0.62534
959 T	0.25036	0.12412	0.62552
960 T	0.25098	0.12346	0.62556
961 C	0.25111	0.12302	0.62587
962 G	0.25122	0.12301	0.62578
963 A	0.25163	0.12288	0.6255
964 A	0.25247	0.12208	0.62546
965 G	0.25634	0.11782	0.62584
966 T	0.26942	0.10438	0.6262
967 T	0.27813	0.09359	0.62828
968 A	0.28329	0.08665	0.63005
969 T	0.29338	0.07241	0.63421
970 G	0.30242	0.05897	0.63861
971 T	0.31768	0.04210	0.64021
972 T	0.32769	0.03066	0.64165
973 T	0.33733	0.02091	0.64176
974 T	0.33822	0.02096	0.64083
975 T	0.33883	0.02041	0.64076
976 C	0.33760	0.02147	0.64093
977 A	0.33642	0.02295	0.64063
978 T	0.33738	0.02215	0.64047
979 C	0.33859	0.02155	0.63986
980 C	0.33887	0.02228	0.63885
981 T	0.33955	0.02218	0.63827
982 T	0.33945	0.02344	0.6371
983 A	0.33854	0.02526	0.6362
984 T	0.33800	0.02657	0.63543
985 C	0.33764	0.02779	0.63457
986 A	0.33687	0.03021	0.63292
987 A	0.33596	0.03291	0.63114
988 A	0.33549	0.03600	0.62851
989 T	0.33562	0.03704	0.62734
990 G	0.33440	0.04083	0.62477
991 G	0.33346	0.05050	0.61605
992 T	0.33349	0.05646	0.61005
993 A	0.33282	0.06587	0.60131
994 A	0.33282	0.07709	0.59009
995 A	0.33168	0.08941	0.5789
996 A	0.33177	0.09020	0.57804
997 G	0.33265	0.08913	0.57822
998 A	0.33315	0.08841	0.57844
999 T	0.33363	0.08581	0.58056
1000 C	0.33389	0.08411	0.582
1001 A	0.33417	0.08364	0.58219
1002 T	0.33506	0.08219	0.58274
1003 C	0.33571	0.08126	0.58303
1004 G	0.33615	0.08080	0.58305
1005 T	0.33741	0.07961	0.58298
1006 A	0.33794	0.07848	0.58358
1007 C	0.33839	0.07742	0.58419
1008 T	0.33907	0.07662	0.58432
1009 A	0.33915	0.07579	0.58506
1010 A	0.34004	0.07385	0.58611
1011 T	0.34312	0.06988	0.587
1012 C	0.34376	0.06879	0.58744
1013 A	0.34569	0.06563	0.58867
1014 T	0.35538	0.05446	0.59016
1015 G	0.35927	0.05010	0.59063
1016 A	0.36591	0.04290	0.59119
1017 A	0.37588	0.03259	0.59152
1018 T	0.38728	0.01927	0.59345
1019 T	0.38877	0.01702	0.59421
1020 T	0.38922	0.01602	0.59476
1021 T	0.38833	0.01682	0.59485
1022 T	0.38629	0.01887	0.59484
1023 T	0.38268	0.02288	0.59444
1024 C	0.37802	0.02844	0.59354
1025 A	0.37565	0.03205	0.5923
1026 A	0.37383	0.03425	0.59192
1027 A	0.37268	0.03604	0.59128
1028 T	0.37208	0.03679	0.59113
1029 T	0.37133	0.03747	0.5912
1030 G	0.37053	0.03787	0.5916
1031 A	0.37014	0.03793	0.59193
1032 A	0.37009	0.03689	0.59301
1033 T	0.37021	0.03578	0.59401
1034 T	0.37023	0.03501	0.59476
1035 A	0.37017	0.03440	0.59543
1036 G	0.37035	0.03333	0.59632
1037 T	0.37044	0.03320	0.59636
1038 T	0.37040	0.03270	0.5969
1039 A	0.37033	0.03286	0.59681
1040 T	0.37049	0.03264	0.59687
1041 G	0.37043	0.03298	0.59659
1042 A	0.37054	0.03287	0.59659
1043 A	0.37080	0.03181	0.5974
1044 T	0.37143	0.02920	0.59937
1045 G	0.37168	0.02777	0.60055
1046 G	0.37246	0.02493	0.60261
1047 T	0.37381	0.02280	0.60339
1048 T	0.37468	0.02382	0.6015
1049 A	0.37489	0.02523	0.59988
1050 T	0.37544	0.02494	0.59961
1051 T	0.37560	0.02537	0.59903
1052 T	0.37553	0.02576	0.59871
1053 A	0.37458	0.02712	0.59829
1054 G	0.37407	0.02762	0.5983
1055 A	0.37367	0.02854	0.59779
1056 T	0.37327	0.02963	0.5971
1057 G	0.37149	0.03290	0.5956
1058 A	0.37040	0.03475	0.59485
1059 A	0.37062	0.03531	0.59408
1060 T	0.37104	0.03563	0.59334
1061 T	0.37068	0.03617	0.59315
1062 C	0.36993	0.03696	0.59311
1063 A	0.36897	0.03879	0.59224
1064 T	0.36942	0.03839	0.59218
1065 C	0.36947	0.03840	0.59212
1066 A	0.36965	0.03828	0.59207
1067 A	0.37070	0.03723	0.59207
1068 T	0.37302	0.03480	0.59218
1069 G	0.37445	0.03330	0.59225
1070 C	0.37756	0.03015	0.5923
1071 T	0.38203	0.02556	0.59241
1072 T	0.38469	0.02281	0.5925
1073 T	0.38572	0.02167	0.5926
1074 T	0.38646	0.02084	0.5927
1075 T	0.38699	0.02018	0.59283
1076 T	0.38736	0.01885	0.59379
1077 A	0.38755	0.01806	0.59439
1078 A	0.38802	0.01690	0.59508
1079 A	0.38873	0.01540	0.59588
1080 A	0.39019	0.01197	0.59784
1081 C	0.39126	0.00914	0.5996
1082 A	0.39239	0.00754	0.60006
1083 A	0.39368	0.00577	0.60055
1084 T	0.39450	0.00403	0.60148
1085 A	0.39490	0.00245	0.60266
1086 A	0.39587	0.00000	0.60413
