# lcl|CP097583.1_cds_USQ93436.1_1
# AA	inside	membr	outside
1 A	0.74196	0.00000	0.25804
2 T	0.73717	0.00479	0.25804
3 G	0.73542	0.00654	0.25804
4 A	0.73542	0.03817	0.22641
5 A	0.72570	0.06396	0.21033
6 A	0.72570	0.06684	0.20745
7 A	0.69853	0.09466	0.2068
8 C	0.69853	0.09467	0.20679
9 T	0.69579	0.09813	0.20608
10 A	0.69577	0.18770	0.11653
11 A	0.69463	0.19092	0.11445
12 A	0.69008	0.19637	0.11356
13 A	0.68263	0.20855	0.10882
14 A	0.68263	0.20855	0.10882
15 T	0.68263	0.21822	0.09916
16 T	0.68241	0.21843	0.09916
17 T	0.67835	0.22268	0.09897
18 T	0.67811	0.22352	0.09837
19 T	0.67328	0.22893	0.09779
20 T	0.64314	0.27196	0.08489
21 A	0.57899	0.33601	0.08501
22 A	0.57660	0.33868	0.08473
23 A	0.57607	0.33869	0.08524
24 T	0.57818	0.33607	0.08575
25 C	0.56637	0.34214	0.09149
26 A	0.55294	0.35560	0.09146
27 T	0.57628	0.33115	0.09257
28 A	0.58210	0.32357	0.09432
29 T	0.58393	0.32108	0.09499
30 C	0.58630	0.29898	0.11472
31 G	0.58241	0.30315	0.11444
32 A	0.57744	0.30797	0.11459
33 T	0.64716	0.23866	0.11418
34 C	0.64395	0.24278	0.11327
35 A	0.63970	0.24850	0.1118
36 A	0.63256	0.25326	0.11418
37 T	0.63113	0.25460	0.11426
38 T	0.63336	0.25124	0.1154
39 A	0.60295	0.27882	0.11823
40 G	0.59937	0.24671	0.15392
41 C	0.59428	0.22179	0.18393
42 C	0.58665	0.22631	0.18704
43 G	0.58663	0.23552	0.17786
44 A	0.57763	0.28130	0.14107
45 A	0.57435	0.28887	0.13677
46 G	0.57394	0.29224	0.13381
47 A	0.57073	0.30043	0.12884
48 A	0.56889	0.29146	0.13965
49 C	0.56826	0.27680	0.15495
50 A	0.56750	0.28782	0.14468
51 T	0.57028	0.28709	0.14262
52 G	0.57035	0.29582	0.13383
53 A	0.56979	0.31125	0.11896
54 A	0.57095	0.32201	0.10705
55 T	0.57421	0.31137	0.11442
56 T	0.57323	0.30983	0.11694
57 A	0.56892	0.31923	0.11185
58 A	0.56909	0.32234	0.10857
59 C	0.56955	0.29807	0.13238
60 T	0.56868	0.29801	0.13331
61 A	0.56594	0.29926	0.13479
62 G	0.56555	0.28893	0.14551
63 A	0.56562	0.28593	0.14845
64 C	0.56753	0.27848	0.15399
65 A	0.56999	0.26940	0.16061
66 A	0.58531	0.25195	0.16274
67 C	0.62576	0.21292	0.16132
68 A	0.62732	0.25708	0.1156
69 A	0.62925	0.26109	0.10967
70 A	0.63846	0.25232	0.10922
71 T	0.64902	0.24010	0.11089
72 T	0.65294	0.23701	0.11006
73 C	0.65500	0.23589	0.10911
74 T	0.65871	0.24260	0.0987
75 A	0.65630	0.26196	0.08174
76 G	0.66316	0.25726	0.07958
77 A	0.66507	0.25605	0.07889
78 A	0.66804	0.25307	0.07889
79 T	0.67682	0.24039	0.08279
80 C	0.68582	0.22554	0.08864
81 T	0.69488	0.21508	0.09004
82 T	0.69620	0.21351	0.09028
83 T	0.69521	0.21424	0.09055
84 T	0.69177	0.21708	0.09115
85 C	0.68607	0.22304	0.09089
86 A	0.68148	0.22783	0.0907
87 A	0.67774	0.23148	0.09077
88 A	0.67889	0.22982	0.09129
89 A	0.68487	0.22324	0.09189
90 A	0.69523	0.21139	0.09339
91 A	0.74046	0.16034	0.09921
92 G	0.74953	0.14561	0.10486
93 T	0.75836	0.13072	0.11092
94 C	0.76409	0.11909	0.11683
95 T	0.77180	0.10536	0.12284
96 T	0.77638	0.09565	0.12798
97 A	0.78354	0.08627	0.13018
98 T	0.79646	0.06751	0.13603
99 T	0.79831	0.06217	0.13952
100 T	0.79762	0.04746	0.15492
101 C	0.79444	0.04657	0.15899
102 T	0.79232	0.04926	0.15842
103 G	0.78516	0.05676	0.15807
104 G	0.77687	0.06505	0.15808
105 T	0.76568	0.07755	0.15676
106 T	0.71233	0.13470	0.15297
107 G	0.63990	0.21231	0.14779
108 T	0.56046	0.30629	0.13325
109 A	0.41353	0.49509	0.09138
110 A	0.31767	0.60807	0.07426
111 A	0.24542	0.68706	0.06752
112 A	0.22403	0.72004	0.05593
113 A	0.21682	0.73151	0.05168
114 A	0.21372	0.73755	0.04873
115 A	0.21122	0.74264	0.04614
116 A	0.21061	0.74423	0.04515
117 T	0.21111	0.74317	0.04572
118 T	0.21111	0.74283	0.04606
119 A	0.20787	0.74586	0.04628
120 T	0.20610	0.74678	0.04713
121 C	0.20261	0.74999	0.0474
122 A	0.20091	0.75215	0.04693
123 A	0.20017	0.75216	0.04767
124 A	0.20028	0.74923	0.05049
125 T	0.20195	0.74521	0.05284
126 T	0.20307	0.73975	0.05718
127 A	0.20288	0.72842	0.0687
128 A	0.20603	0.70465	0.08932
129 A	0.21240	0.61575	0.17185
130 A	0.22331	0.52757	0.24913
131 G	0.24536	0.41305	0.34159
132 T	0.29477	0.23613	0.46911
133 T	0.31188	0.13560	0.55252
134 G	0.31743	0.06764	0.61493
135 T	0.32681	0.04652	0.62667
136 C	0.32816	0.04504	0.62679
137 A	0.32876	0.04831	0.62293
138 T	0.33001	0.04858	0.62142
139 T	0.32825	0.05798	0.61376
140 T	0.32324	0.08267	0.59409
141 A	0.31463	0.14265	0.54272
142 G	0.30831	0.21952	0.47217
143 A	0.30069	0.38530	0.31401
144 T	0.29601	0.46210	0.24189
145 T	0.29080	0.51909	0.19011
146 T	0.28563	0.58947	0.1249
147 T	0.27716	0.63220	0.09064
148 G	0.26423	0.66696	0.06881
149 A	0.25845	0.67507	0.06647
150 T	0.25395	0.67946	0.06659
151 A	0.24435	0.68942	0.06623
152 A	0.23515	0.69867	0.06619
153 C	0.23307	0.70066	0.06626
154 A	0.23111	0.70354	0.06535
155 A	0.23083	0.70449	0.06467
156 A	0.23135	0.70462	0.06402
157 T	0.23453	0.70160	0.06387
158 A	0.23661	0.70113	0.06226
159 T	0.24287	0.69298	0.06415
160 G	0.24073	0.69620	0.06306
161 A	0.23939	0.70070	0.0599
162 A	0.24545	0.69370	0.06086
163 G	0.26404	0.67270	0.06326
164 A	0.31179	0.62018	0.06803
165 A	0.41223	0.51378	0.07399
166 T	0.63124	0.28502	0.08374
167 T	0.72359	0.18594	0.09047
168 T	0.76299	0.13952	0.09748
169 T	0.78560	0.11094	0.10345
170 T	0.79132	0.09892	0.10975
171 T	0.79072	0.09307	0.11621
172 T	0.78557	0.09676	0.11767
173 T	0.77907	0.10003	0.1209
174 A	0.76649	0.10844	0.12507
175 T	0.75441	0.11516	0.13043
176 A	0.71794	0.15314	0.12891
177 C	0.58225	0.28968	0.12807
178 A	0.42621	0.45761	0.11618
179 A	0.35273	0.53934	0.10793
180 A	0.33284	0.56638	0.10078
181 G	0.32252	0.58023	0.09724
182 A	0.31829	0.59214	0.08957
183 A	0.31885	0.59054	0.09061
184 T	0.32182	0.58459	0.09358
185 A	0.31301	0.59727	0.08972
186 T	0.30857	0.60417	0.08726
187 T	0.29944	0.61916	0.08141
188 T	0.28907	0.63391	0.07703
189 A	0.25711	0.67480	0.06809
190 G	0.24994	0.68163	0.06843
191 T	0.24787	0.68322	0.06891
192 T	0.23502	0.69664	0.06833
193 A	0.22026	0.71229	0.06745
194 C	0.21224	0.71225	0.07551
195 A	0.19191	0.73420	0.07389
196 G	0.17432	0.74867	0.07702
197 A	0.16194	0.76224	0.07582
198 A	0.13462	0.78551	0.07987
199 A	0.11561	0.78886	0.09553
200 A	0.10385	0.67192	0.22422
201 A	0.10523	0.53024	0.36453
202 G	0.10743	0.46316	0.4294
203 A	0.10814	0.51529	0.37657
204 A	0.10663	0.61836	0.27501
205 A	0.10882	0.72027	0.17091
206 T	0.11168	0.74476	0.14356
207 A	0.10796	0.77381	0.11823
208 A	0.11019	0.76027	0.12954
209 A	0.11392	0.74826	0.13781
210 T	0.11917	0.72739	0.15344
211 A	0.11484	0.71742	0.16774
212 C	0.11880	0.67368	0.20752
213 G	0.11690	0.66871	0.21439
214 A	0.11747	0.66985	0.21269
215 C	0.12203	0.65678	0.22119
216 T	0.12567	0.65290	0.22142
217 A	0.12346	0.65969	0.21684
218 A	0.12356	0.65203	0.2244
219 A	0.11893	0.65723	0.22384
220 G	0.10947	0.67582	0.2147
221 A	0.09259	0.70716	0.20024
222 A	0.08511	0.72772	0.18718
223 G	0.09032	0.72247	0.18721
224 A	0.09556	0.75029	0.15416
225 A	0.10658	0.76907	0.12435
226 A	0.17642	0.72603	0.09755
227 A	0.28073	0.62658	0.09268
228 T	0.38209	0.52212	0.09579
229 G	0.40716	0.50182	0.09102
230 T	0.43163	0.48178	0.08659
231 T	0.41971	0.50596	0.07433
232 A	0.38645	0.54055	0.073
233 A	0.37474	0.55132	0.07394
234 T	0.35723	0.56234	0.08043
235 A	0.33205	0.58792	0.08003
236 C	0.32359	0.59489	0.08151
237 T	0.31980	0.60305	0.07714
238 A	0.28921	0.63813	0.07266
239 A	0.26372	0.66624	0.07004
240 A	0.25777	0.67383	0.06839
241 A	0.26058	0.67183	0.06759
242 A	0.26828	0.65723	0.0745
243 A	0.29005	0.62512	0.08483
244 A	0.33794	0.55209	0.10998
245 T	0.37985	0.49766	0.12249
246 A	0.38735	0.48692	0.12573
247 A	0.41841	0.44906	0.13253
248 C	0.45089	0.40528	0.14383
249 T	0.48715	0.36932	0.14353
250 T	0.49795	0.36121	0.14084
251 G	0.50112	0.36790	0.13098
252 T	0.49850	0.39093	0.11057
253 A	0.46370	0.46413	0.07217
254 T	0.43734	0.47848	0.08418
255 T	0.38755	0.49965	0.11281
256 A	0.34154	0.53633	0.12213
257 A	0.31626	0.54395	0.13978
258 C	0.30586	0.51964	0.1745
259 T	0.29995	0.52029	0.17976
260 T	0.28866	0.53220	0.17914
261 A	0.27289	0.55131	0.1758
262 G	0.26412	0.55974	0.17614
263 A	0.25485	0.58938	0.15577
264 A	0.24225	0.62290	0.13485
265 G	0.23376	0.62350	0.14273
266 A	0.23621	0.61769	0.14609
267 A	0.23738	0.61140	0.15122
268 G	0.23857	0.60325	0.15818
269 C	0.24400	0.59105	0.16494
270 T	0.24879	0.58892	0.16229
271 A	0.24928	0.59990	0.15081
272 A	0.25491	0.60553	0.13956
273 A	0.25823	0.61031	0.13146
274 A	0.26651	0.60522	0.12828
275 A	0.27712	0.58111	0.14178
276 A	0.30772	0.50908	0.18321
277 T	0.31673	0.45327	0.23
278 T	0.27549	0.45298	0.27153
279 A	0.23989	0.48947	0.27065
280 A	0.20583	0.55653	0.23764
281 A	0.16255	0.66425	0.17319
282 A	0.12284	0.75778	0.11938
283 G	0.10152	0.79617	0.10231
284 A	0.09817	0.82806	0.07378
285 A	0.10785	0.81873	0.07342
286 A	0.12780	0.79051	0.0817
287 A	0.15387	0.75203	0.09409
288 T	0.15807	0.73742	0.10451
289 C	0.15658	0.73441	0.10901
290 C	0.15343	0.73643	0.11015
291 C	0.14921	0.74043	0.11035
292 C	0.14712	0.74360	0.10927
293 A	0.14809	0.74593	0.10597
294 A	0.15602	0.74000	0.10398
295 A	0.16443	0.73296	0.1026
296 T	0.17338	0.72066	0.10596
297 A	0.17669	0.71871	0.10461
298 G	0.18167	0.69275	0.12558
299 G	0.19184	0.67089	0.13727
300 A	0.20049	0.65247	0.14704
301 G	0.21528	0.57184	0.21287
302 A	0.25086	0.51547	0.23367
303 A	0.30796	0.43773	0.25431
304 G	0.40201	0.31084	0.28714
305 T	0.46611	0.21120	0.3227
306 A	0.48624	0.16989	0.34388
307 A	0.50867	0.13969	0.35164
308 T	0.51278	0.14864	0.33858
309 T	0.48230	0.21368	0.30402
310 A	0.40220	0.45263	0.14517
311 G	0.36333	0.50178	0.13489
312 G	0.34635	0.52560	0.12806
313 A	0.33150	0.54759	0.12092
314 T	0.32126	0.55687	0.12186
315 C	0.29293	0.58617	0.1209
316 G	0.27028	0.62462	0.1051
317 A	0.26126	0.63774	0.10101
318 A	0.25720	0.64441	0.0984
319 G	0.25561	0.64626	0.09812
320 T	0.25955	0.64155	0.0989
321 C	0.25978	0.63634	0.10387
322 G	0.25891	0.63601	0.10508
323 A	0.26221	0.63207	0.10571
324 T	0.26862	0.62529	0.10609
325 C	0.27253	0.62117	0.1063
326 C	0.27716	0.61700	0.10583
327 T	0.28158	0.61410	0.10432
328 A	0.28150	0.61635	0.10215
329 A	0.28697	0.61146	0.10158
330 A	0.30136	0.59747	0.10118
331 A	0.32048	0.57591	0.10361
332 A	0.36201	0.49695	0.14104
333 T	0.53841	0.23225	0.22934
334 T	0.56068	0.16886	0.27046
335 T	0.56828	0.14614	0.28557
336 T	0.57138	0.13897	0.28965
337 A	0.57091	0.13874	0.29035
338 A	0.57237	0.11935	0.30827
339 T	0.58375	0.08638	0.32987
340 T	0.58674	0.07435	0.3389
341 T	0.58667	0.06975	0.34359
342 T	0.57645	0.08285	0.34071
343 T	0.55518	0.10517	0.33966
344 A	0.52894	0.13171	0.33935
345 C	0.50031	0.15821	0.34147
346 G	0.48499	0.18066	0.33435
347 C	0.47764	0.21364	0.30872
348 T	0.47545	0.22564	0.29891
349 A	0.46284	0.24378	0.29338
350 G	0.45323	0.25549	0.29128
351 T	0.44128	0.26793	0.29079
352 C	0.39888	0.31661	0.28451
353 A	0.26943	0.45624	0.27433
354 A	0.25802	0.47259	0.26939
355 G	0.25342	0.48185	0.26472
356 A	0.25063	0.49148	0.2579
357 G	0.25252	0.49540	0.25208
358 T	0.25633	0.51215	0.23152
359 T	0.25272	0.56187	0.18541
360 T	0.23894	0.63930	0.12176
361 A	0.20004	0.71801	0.08195
362 A	0.18921	0.73234	0.07845
363 A	0.18140	0.74202	0.07658
364 A	0.17765	0.73911	0.08324
365 A	0.18136	0.71948	0.09916
366 C	0.18314	0.69614	0.12072
367 A	0.18368	0.68115	0.13517
368 A	0.18485	0.65914	0.15601
369 A	0.19298	0.63688	0.17014
370 C	0.21707	0.60234	0.18059
371 T	0.22766	0.59006	0.18228
372 T	0.23279	0.57235	0.19486
373 A	0.23222	0.56345	0.20433
374 A	0.23109	0.55147	0.21744
375 T	0.23209	0.51699	0.25092
376 G	0.22048	0.41114	0.36839
377 A	0.20558	0.44919	0.34523
378 A	0.19798	0.49792	0.3041
379 G	0.19397	0.57418	0.23185
380 A	0.19296	0.59583	0.2112
381 A	0.20913	0.58672	0.20416
382 A	0.24891	0.54338	0.20771
383 T	0.30906	0.46526	0.22568
384 C	0.32037	0.43548	0.24415
385 A	0.30893	0.52088	0.17019
386 T	0.30506	0.54624	0.14871
387 T	0.28320	0.59339	0.1234
388 A	0.24371	0.66865	0.08764
389 A	0.22139	0.70272	0.07589
390 A	0.20747	0.73574	0.05678
391 T	0.20263	0.74361	0.05376
392 T	0.19133	0.76075	0.04792
393 T	0.16977	0.79040	0.03983
394 A	0.12670	0.83771	0.03559
395 A	0.10352	0.86316	0.03331
396 A	0.09756	0.86731	0.03513
397 A	0.09653	0.86461	0.03886
398 A	0.09850	0.85753	0.04397
399 A	0.11206	0.82971	0.05823
400 G	0.14796	0.77656	0.07548
401 A	0.19943	0.71246	0.08812
402 A	0.27457	0.62362	0.10181
403 A	0.30211	0.58532	0.11256
404 A	0.32520	0.54929	0.12551
405 T	0.35259	0.50522	0.14219
406 A	0.36157	0.48533	0.15309
407 T	0.39562	0.42289	0.18149
408 T	0.47128	0.32801	0.20071
409 T	0.49723	0.29365	0.20911
410 A	0.51221	0.26346	0.22434
411 T	0.53768	0.20603	0.25629
412 A	0.54472	0.18016	0.27511
413 T	0.56671	0.13735	0.29594
414 T	0.57041	0.12569	0.3039
415 T	0.57519	0.11601	0.30881
416 T	0.57484	0.14054	0.28462
417 T	0.56957	0.15081	0.27961
418 T	0.55499	0.17909	0.26591
419 T	0.46082	0.31014	0.22904
420 T	0.34412	0.48987	0.16602
421 A	0.22579	0.65964	0.11457
422 A	0.15291	0.76392	0.08317
423 G	0.11799	0.81908	0.06293
424 A	0.08060	0.88158	0.03782
425 A	0.06690	0.89743	0.03568
426 A	0.06375	0.90198	0.03427
427 T	0.06223	0.90454	0.03324
428 A	0.06015	0.90705	0.0328
429 C	0.05986	0.90754	0.0326
430 G	0.05992	0.90874	0.03133
431 A	0.06131	0.90939	0.0293
432 A	0.06374	0.90860	0.02765
433 A	0.06776	0.90503	0.02722
434 A	0.07114	0.90194	0.02691
435 T	0.07682	0.89570	0.02748
436 A	0.08105	0.89019	0.02876
437 A	0.09156	0.87094	0.0375
438 A	0.11186	0.84168	0.04645
439 T	0.18079	0.75277	0.06644
440 T	0.22320	0.69445	0.08235
441 A	0.24668	0.63432	0.119
442 A	0.27880	0.47007	0.25113
443 T	0.33343	0.30224	0.36433
444 T	0.36523	0.19517	0.4396
445 G	0.38576	0.14051	0.47373
446 A	0.40183	0.10137	0.4968
447 T	0.42124	0.04736	0.53139
448 G	0.40171	0.06133	0.53696
449 C	0.36025	0.12006	0.51969
450 T	0.30722	0.24105	0.45172
451 A	0.18514	0.54993	0.26494
452 A	0.12653	0.71758	0.15589
453 A	0.09099	0.81076	0.09824
454 G	0.06685	0.83938	0.09376
455 T	0.05751	0.85070	0.09179
456 A	0.04996	0.86079	0.08926
457 A	0.04696	0.86416	0.08888
458 C	0.04599	0.86524	0.08877
459 T	0.04472	0.86699	0.08829
460 T	0.04336	0.86855	0.08809
461 C	0.04163	0.87030	0.08807
462 T	0.03991	0.87211	0.08798
463 A	0.03759	0.87454	0.08787
464 T	0.03651	0.87556	0.08793
465 C	0.03429	0.87776	0.08795
466 A	0.03260	0.87962	0.08778
467 A	0.03200	0.87989	0.0881
468 A	0.03253	0.87819	0.08927
469 A	0.03487	0.87471	0.09041
470 A	0.03960	0.86823	0.09217
471 A	0.05253	0.82936	0.11811
472 A	0.08792	0.74351	0.16857
473 A	0.17944	0.59060	0.22996
474 T	0.37831	0.26742	0.35427
475 T	0.46483	0.12343	0.41174
476 T	0.49482	0.06434	0.44084
477 T	0.49600	0.04517	0.45883
478 T	0.49393	0.04432	0.46175
479 G	0.48619	0.05189	0.46192
480 T	0.48138	0.06930	0.44933
481 A	0.47708	0.08704	0.43588
482 T	0.47492	0.09461	0.43048
483 T	0.47229	0.11057	0.41713
484 T	0.46349	0.13388	0.40263
485 T	0.42537	0.20180	0.37283
486 A	0.34264	0.34590	0.31146
487 G	0.33093	0.41434	0.25473
488 A	0.32221	0.51943	0.15836
489 A	0.31979	0.56477	0.11544
490 T	0.31790	0.58081	0.10129
491 T	0.31038	0.60490	0.08472
492 A	0.24790	0.68188	0.07022
493 G	0.19539	0.74208	0.06253
494 A	0.14432	0.80109	0.05459
495 A	0.12934	0.81844	0.05221
496 A	0.12552	0.82306	0.05142
497 A	0.12411	0.82490	0.051
498 A	0.12332	0.82568	0.051
499 G	0.12458	0.82367	0.05175
500 A	0.12887	0.81841	0.05272
501 A	0.13614	0.80780	0.05606
502 G	0.14315	0.79144	0.06542
503 T	0.16472	0.76169	0.07359
504 T	0.18103	0.73596	0.08302
505 C	0.18775	0.71821	0.09403
506 A	0.19915	0.70167	0.09918
507 A	0.21543	0.67748	0.1071
508 A	0.24901	0.61584	0.13515
509 C	0.31200	0.48448	0.20352
510 T	0.37534	0.41390	0.21076
511 G	0.46143	0.31653	0.22205
512 T	0.51001	0.26780	0.22219
513 A	0.52238	0.26176	0.21585
514 T	0.53662	0.24504	0.21833
515 T	0.53223	0.18810	0.27966
516 A	0.50050	0.18601	0.31349
517 T	0.46524	0.19539	0.33936
518 T	0.42741	0.25549	0.3171
519 A	0.37335	0.35026	0.27639
520 A	0.30521	0.47558	0.2192
521 A	0.25475	0.54693	0.19833
522 T	0.21724	0.59642	0.18634
523 A	0.12978	0.72073	0.14949
524 A	0.09713	0.78354	0.11933
525 A	0.08552	0.80370	0.11079
526 G	0.07889	0.81563	0.10548
527 A	0.07458	0.82268	0.10275
528 T	0.07257	0.82382	0.1036
529 A	0.06844	0.82792	0.10364
530 A	0.06535	0.83025	0.1044
531 A	0.06341	0.83176	0.10483
532 C	0.06352	0.83030	0.10618
533 T	0.06462	0.82913	0.10625
534 A	0.06492	0.82934	0.10573
535 A	0.06847	0.82561	0.10592
536 A	0.07852	0.81338	0.1081
537 T	0.08945	0.79996	0.1106
538 A	0.09792	0.77417	0.12792
539 A	0.11857	0.70963	0.1718
540 T	0.14640	0.61849	0.23511
541 G	0.16861	0.54583	0.28556
542 A	0.19856	0.47343	0.32801
543 T	0.25395	0.36455	0.3815
544 G	0.26923	0.31509	0.41568
545 A	0.27949	0.27894	0.44157
546 A	0.30899	0.18396	0.50705
547 T	0.33220	0.13788	0.52992
548 T	0.31758	0.16671	0.5157
549 T	0.27909	0.27716	0.44375
550 G	0.24628	0.36975	0.38397
551 A	0.21702	0.43530	0.34769
552 A	0.18868	0.48611	0.32521
553 A	0.15410	0.53440	0.3115
554 T	0.14078	0.55055	0.30867
555 A	0.12489	0.57458	0.30053
556 G	0.11910	0.58399	0.29691
557 A	0.11542	0.59273	0.29185
558 T	0.10871	0.60205	0.28923
559 G	0.10497	0.60874	0.28629
560 A	0.10449	0.61267	0.28284
561 A	0.10460	0.61410	0.2813
562 A	0.10552	0.61485	0.27963
563 T	0.10774	0.61391	0.27834
564 A	0.10893	0.61301	0.27806
565 A	0.11386	0.60536	0.28078
566 T	0.12052	0.59507	0.28441
567 T	0.12523	0.58628	0.28849
568 A	0.12756	0.58056	0.29188
569 A	0.13361	0.56602	0.30037
570 A	0.14796	0.53470	0.31734
571 G	0.18577	0.46514	0.34909
572 T	0.28829	0.32247	0.38924
573 T	0.35323	0.23550	0.41126
574 T	0.37658	0.19797	0.42546
575 A	0.38385	0.17609	0.44006
576 T	0.39307	0.13823	0.46871
577 G	0.39532	0.12120	0.48348
578 T	0.40255	0.10345	0.494
579 T	0.40538	0.09734	0.49728
580 A	0.40719	0.09601	0.4968
581 C	0.40805	0.09116	0.50079
582 T	0.38872	0.12309	0.48819
583 G	0.34965	0.17670	0.47365
584 A	0.32744	0.22611	0.44645
585 A	0.32452	0.23442	0.44107
586 G	0.32707	0.23572	0.4372
587 T	0.33090	0.23394	0.43515
588 T	0.33250	0.23916	0.42833
589 C	0.33016	0.25228	0.41756
590 A	0.32352	0.31719	0.3593
591 A	0.29566	0.38634	0.31799
592 A	0.22457	0.46213	0.31329
593 A	0.20490	0.48320	0.3119
594 A	0.19617	0.49242	0.31141
595 A	0.19604	0.49186	0.3121
596 C	0.20065	0.48566	0.31369
597 T	0.20497	0.48054	0.31449
598 A	0.20491	0.47989	0.31521
599 C	0.20473	0.47942	0.31585
600 T	0.20088	0.48396	0.31515
601 A	0.19416	0.49251	0.31333
602 A	0.18974	0.49557	0.31469
603 A	0.19166	0.48960	0.31874
604 A	0.19569	0.48178	0.32253
605 T	0.21012	0.43891	0.35097
606 G	0.22176	0.38861	0.38962
607 C	0.24479	0.34415	0.41106
608 C	0.24921	0.33664	0.41415
609 C	0.25158	0.33396	0.41445
610 A	0.25495	0.33147	0.41359
611 A	0.26396	0.32249	0.41355
612 A	0.27656	0.30952	0.41392
613 A	0.33080	0.25119	0.41802
614 T	0.36960	0.18454	0.44586
615 T	0.37494	0.10147	0.52359
616 T	0.37593	0.07890	0.54517
617 T	0.37392	0.07084	0.55523
618 A	0.36981	0.07369	0.5565
619 G	0.36605	0.07532	0.55863
620 T	0.36482	0.07448	0.5607
621 A	0.36369	0.07134	0.56498
622 A	0.36327	0.06663	0.5701
623 G	0.36402	0.05908	0.5769
624 T	0.36575	0.05029	0.58395
625 C	0.36576	0.04475	0.58949
626 G	0.36575	0.04358	0.59067
627 T	0.36585	0.04327	0.59089
628 A	0.36588	0.04495	0.58917
629 T	0.36600	0.04725	0.58676
630 T	0.36582	0.04949	0.58469
631 T	0.36572	0.04960	0.58468
632 G	0.36517	0.04889	0.58593
633 T	0.36508	0.04950	0.58542
634 G	0.36424	0.05274	0.58302
635 T	0.36416	0.05403	0.58181
636 A	0.36278	0.05749	0.57973
637 G	0.36181	0.06005	0.57815
638 A	0.36215	0.06381	0.57404
639 A	0.36393	0.06594	0.57012
640 T	0.36651	0.06691	0.56658
641 T	0.36940	0.06909	0.56151
642 T	0.37012	0.07111	0.55877
643 A	0.36967	0.07133	0.559
644 T	0.36944	0.07086	0.5597
645 T	0.36805	0.07206	0.55989
646 G	0.36575	0.07441	0.55984
647 C	0.36463	0.07548	0.55989
648 T	0.36426	0.07638	0.55937
649 G	0.36366	0.07712	0.55922
650 A	0.36401	0.07692	0.55907
651 A	0.36622	0.07481	0.55897
652 A	0.36959	0.07148	0.55894
653 C	0.37319	0.06708	0.55973
654 T	0.37784	0.06246	0.5597
655 T	0.37984	0.06019	0.55997
656 T	0.38063	0.05915	0.56021
657 T	0.38051	0.05904	0.56045
658 A	0.37700	0.06298	0.56002
659 A	0.37487	0.06404	0.56109
660 A	0.37519	0.06273	0.56209
661 G	0.37890	0.05890	0.5622
662 A	0.38200	0.05654	0.56147
663 A	0.38795	0.05132	0.56073
664 T	0.39665	0.04322	0.56013
665 T	0.40040	0.04038	0.55921
666 T	0.39948	0.04098	0.55954
667 A	0.39771	0.04228	0.56001
668 T	0.39743	0.04104	0.56153
669 T	0.39527	0.04100	0.56373
670 C	0.39046	0.04451	0.56503
671 C	0.38463	0.05012	0.56524
672 T	0.37940	0.05611	0.56449
673 G	0.36849	0.06926	0.56225
674 A	0.36088	0.08046	0.55867
675 A	0.35561	0.08668	0.55771
676 A	0.35243	0.08997	0.5576
677 T	0.35140	0.08951	0.55909
678 T	0.34962	0.08967	0.56072
679 C	0.34645	0.09106	0.56249
680 A	0.34436	0.09260	0.56305
681 A	0.34314	0.09165	0.56521
682 G	0.34284	0.08979	0.56737
683 A	0.34292	0.08902	0.56806
684 A	0.34323	0.08841	0.56837
685 G	0.34424	0.08437	0.57138
686 G	0.34529	0.08186	0.57284
687 G	0.34649	0.08054	0.57296
688 A	0.34832	0.07924	0.57244
689 T	0.34928	0.07697	0.57376
690 T	0.34956	0.07602	0.57442
691 A	0.34964	0.07749	0.57287
692 T	0.34987	0.07502	0.57511
693 A	0.34995	0.07102	0.57903
694 G	0.35017	0.06475	0.58508
695 A	0.35090	0.06014	0.58895
696 A	0.35304	0.04921	0.59775
697 A	0.35631	0.03918	0.60451
698 T	0.35774	0.03177	0.61048
699 T	0.35811	0.02726	0.61463
700 G	0.35823	0.02469	0.61707
701 T	0.35841	0.02253	0.61907
702 T	0.35848	0.02006	0.62146
703 G	0.35853	0.01868	0.62279
704 C	0.35861	0.01760	0.62379
705 A	0.35843	0.01835	0.62321
706 A	0.35868	0.01797	0.62335
707 T	0.35918	0.01727	0.62356
708 G	0.35905	0.01730	0.62365
709 G	0.35951	0.01685	0.62364
710 C	0.36084	0.01546	0.62371
711 T	0.36290	0.01370	0.6234
712 C	0.36369	0.01340	0.62291
713 G	0.36540	0.01312	0.62148
714 T	0.36837	0.01056	0.62107
715 T	0.36895	0.01009	0.62096
716 T	0.36838	0.01081	0.6208
717 T	0.36725	0.01226	0.6205
718 C	0.36574	0.01382	0.62045
719 C	0.36423	0.01547	0.6203
720 T	0.36313	0.01688	0.61998
721 T	0.36165	0.01877	0.61958
722 C	0.35875	0.02207	0.61918
723 A	0.35628	0.02554	0.61818
724 T	0.35445	0.02775	0.6178
725 T	0.34960	0.03316	0.61724
726 A	0.34323	0.03993	0.61684
727 A	0.34189	0.04128	0.61684
728 G	0.34197	0.04077	0.61726
729 A	0.34189	0.04067	0.61744
730 A	0.34192	0.04046	0.61762
731 C	0.34200	0.03991	0.61809
732 T	0.34207	0.03991	0.61802
733 A	0.34203	0.04055	0.61741
734 A	0.34193	0.04085	0.61722
735 A	0.34206	0.04081	0.61713
736 A	0.34318	0.03975	0.61706
737 T	0.34364	0.03850	0.61786
738 A	0.34371	0.03735	0.61894
739 G	0.34397	0.03478	0.62125
740 G	0.34438	0.03257	0.62305
741 T	0.34496	0.03042	0.62462
742 T	0.34532	0.02942	0.62526
743 T	0.34574	0.02834	0.62592
744 A	0.34520	0.02873	0.62607
745 T	0.34485	0.02615	0.62899
746 T	0.34422	0.02407	0.63171
747 A	0.34266	0.02365	0.63369
748 T	0.34251	0.01923	0.63826
749 C	0.34201	0.01500	0.64299
750 T	0.34068	0.01596	0.64335
751 C	0.33716	0.01981	0.64304
752 A	0.33394	0.02534	0.64072
753 T	0.32665	0.03482	0.63853
754 G	0.31773	0.04462	0.63765
755 A	0.31349	0.04940	0.63711
756 T	0.31167	0.05132	0.63701
757 A	0.31017	0.05245	0.63738
758 C	0.30920	0.05301	0.63779
759 T	0.30868	0.05349	0.63783
760 A	0.30795	0.05425	0.6378
761 C	0.30780	0.05436	0.63784
762 A	0.30726	0.05501	0.63773
763 A	0.30711	0.05520	0.63769
764 T	0.30783	0.05437	0.63779
765 T	0.30827	0.05383	0.6379
766 G	0.30836	0.05358	0.63805
767 A	0.30914	0.05172	0.63914
768 T	0.30934	0.05035	0.64032
769 G	0.30925	0.04887	0.64188
770 C	0.30930	0.04688	0.64382
771 T	0.30948	0.04612	0.6444
772 A	0.30914	0.04601	0.64486
773 T	0.30908	0.04501	0.64592
774 A	0.30847	0.04351	0.64803
775 G	0.30986	0.03921	0.65093
776 G	0.31176	0.02836	0.65988
777 T	0.31274	0.01844	0.66881
778 T	0.31316	0.01353	0.67331
779 C	0.31319	0.01126	0.67555
780 T	0.31307	0.01129	0.67565
781 T	0.31216	0.01301	0.67483
782 G	0.30977	0.01544	0.6748
783 T	0.30732	0.01834	0.67433
784 A	0.30286	0.02376	0.67338
785 T	0.29966	0.02684	0.6735
786 C	0.28376	0.04333	0.67291
787 G	0.26907	0.06081	0.67013
788 G	0.26066	0.07348	0.66586
789 A	0.25401	0.08828	0.65771
790 G	0.24659	0.11061	0.64279
791 A	0.24193	0.12797	0.6301
792 T	0.23949	0.13932	0.62118
793 A	0.23315	0.15184	0.61501
794 A	0.23063	0.15462	0.61475
795 A	0.22815	0.15685	0.615
796 A	0.22733	0.15721	0.61546
797 G	0.22730	0.15612	0.61658
798 C	0.22715	0.15571	0.61714
799 G	0.22690	0.15630	0.6168
800 T	0.22736	0.15617	0.61648
801 T	0.22711	0.15697	0.61592
802 A	0.22654	0.15834	0.61512
803 G	0.22674	0.15811	0.61514
804 A	0.22753	0.15624	0.61623
805 A	0.22777	0.15279	0.61944
806 T	0.22880	0.14741	0.62378
807 T	0.22976	0.14080	0.62944
808 A	0.22832	0.13834	0.63334
809 G	0.22828	0.12346	0.64826
810 A	0.22933	0.11286	0.65781
811 A	0.23320	0.10292	0.66388
812 A	0.24138	0.08902	0.6696
813 T	0.25759	0.06513	0.67727
814 A	0.26783	0.05146	0.68071
815 T	0.27618	0.04174	0.68209
816 T	0.27867	0.03753	0.68379
817 A	0.27084	0.04957	0.67959
818 T	0.26184	0.05847	0.67969
819 T	0.24062	0.08444	0.67494
820 A	0.20524	0.12349	0.67127
821 A	0.17633	0.15590	0.66777
822 C	0.16230	0.17281	0.66489
823 A	0.14670	0.20452	0.64878
824 G	0.14088	0.21643	0.64269
825 T	0.13852	0.22493	0.63655
826 T	0.13294	0.23534	0.63173
827 T	0.12051	0.25364	0.62585
828 A	0.09955	0.27785	0.62259
829 A	0.09109	0.28711	0.6218
830 A	0.08872	0.28932	0.62197
831 A	0.08735	0.28861	0.62404
832 G	0.08679	0.28733	0.62588
833 G	0.08735	0.28516	0.6275
834 T	0.08871	0.28313	0.62816
835 G	0.08903	0.28249	0.62847
836 A	0.08980	0.28154	0.62866
837 A	0.09152	0.27932	0.62916
838 A	0.09320	0.27678	0.63001
839 A	0.09593	0.27074	0.63333
840 A	0.10164	0.25321	0.64516
841 A	0.10480	0.23371	0.66148
842 T	0.11208	0.20269	0.68523
843 A	0.11655	0.17100	0.71245
844 G	0.12155	0.14010	0.73836
845 A	0.12822	0.11893	0.75285
846 T	0.14732	0.07949	0.7732
847 T	0.15444	0.06555	0.78001
848 T	0.16018	0.05680	0.78302
849 A	0.16290	0.05064	0.78646
850 T	0.16669	0.03612	0.79719
851 T	0.16794	0.02291	0.80915
852 T	0.16688	0.03310	0.80002
853 T	0.16368	0.06028	0.77605
854 T	0.15409	0.10854	0.73737
855 A	0.14400	0.17499	0.68102
856 T	0.13375	0.20997	0.65627
857 G	0.11903	0.22875	0.65222
858 G	0.10813	0.24527	0.64661
859 A	0.10329	0.25435	0.64236
860 G	0.09585	0.26219	0.64196
861 C	0.09051	0.26811	0.64139
862 G	0.08786	0.27181	0.64033
863 A	0.08714	0.27266	0.6402
864 C	0.08662	0.27320	0.64018
865 G	0.08581	0.27405	0.64015
866 A	0.08516	0.27471	0.64013
867 C	0.08508	0.27480	0.64012
868 C	0.08520	0.27473	0.64007
869 C	0.08539	0.27464	0.63998
870 A	0.08580	0.27438	0.63981
871 A	0.08647	0.27378	0.63975
872 A	0.08797	0.27234	0.63969
873 A	0.09103	0.26925	0.63972
874 G	0.09894	0.26072	0.64034
875 A	0.11891	0.23682	0.64427
876 A	0.14844	0.20010	0.65146
877 C	0.19025	0.14350	0.66625
878 T	0.24302	0.08148	0.67549
879 T	0.26184	0.05324	0.68493
880 A	0.26406	0.04322	0.69271
881 T	0.26856	0.03209	0.69936
882 T	0.27145	0.02662	0.70192
883 G	0.27171	0.01913	0.70916
884 T	0.27229	0.01478	0.71293
885 T	0.27226	0.01796	0.70979
886 A	0.27105	0.02038	0.70858
887 A	0.26808	0.02336	0.70856
888 T	0.26550	0.02532	0.70918
889 G	0.25867	0.03225	0.70908
890 C	0.25450	0.03706	0.70844
891 T	0.25367	0.04390	0.70242
892 T	0.25231	0.05746	0.69023
893 T	0.24767	0.07924	0.67308
894 A	0.23370	0.10010	0.6662
895 A	0.22545	0.10913	0.66543
896 A	0.21663	0.11837	0.665
897 A	0.20648	0.12892	0.66461
898 C	0.19932	0.13608	0.6646
899 C	0.19744	0.13806	0.6645
900 T	0.19624	0.13935	0.66441
901 G	0.18576	0.14993	0.66431
902 C	0.18121	0.15456	0.66423
903 T	0.17723	0.15879	0.66398
904 C	0.17235	0.16387	0.66378
905 A	0.17002	0.16653	0.66346
906 A	0.16940	0.16736	0.66324
907 A	0.17016	0.16690	0.66295
908 T	0.17477	0.16144	0.66379
909 T	0.17568	0.15952	0.66481
910 A	0.17498	0.15689	0.66813
911 A	0.17522	0.15337	0.67141
912 T	0.17655	0.14482	0.67864
913 C	0.17677	0.13982	0.68341
914 A	0.18062	0.13478	0.6846
915 A	0.19091	0.12279	0.68629
916 A	0.20624	0.10328	0.69048
917 T	0.21320	0.08449	0.70232
918 C	0.21359	0.07798	0.70843
919 A	0.21348	0.07124	0.71528
920 A	0.21347	0.06350	0.72303
921 T	0.21349	0.05818	0.72834
922 A	0.21318	0.05762	0.7292
923 T	0.21357	0.05652	0.72992
924 T	0.21356	0.04679	0.73965
925 A	0.21326	0.04473	0.74202
926 T	0.21333	0.04157	0.7451
927 T	0.21305	0.04369	0.74326
928 G	0.21285	0.05044	0.73671
929 A	0.21298	0.05645	0.73057
930 T	0.21332	0.06110	0.72558
931 T	0.21321	0.07350	0.71329
932 T	0.21286	0.07862	0.70851
933 T	0.21050	0.08812	0.70139
934 G	0.20427	0.10072	0.69502
935 A	0.19828	0.11308	0.68865
936 A	0.18553	0.13001	0.68447
937 A	0.18119	0.13553	0.68327
938 A	0.17873	0.14071	0.68056
939 A	0.17460	0.14733	0.67807
940 A	0.17245	0.15168	0.67587
941 A	0.17129	0.15317	0.67554
942 A	0.17207	0.15270	0.67523
943 A	0.17303	0.15129	0.67568
944 T	0.17496	0.14883	0.6762
945 A	0.17583	0.14734	0.67684
946 G	0.17697	0.14551	0.67752
947 C	0.18033	0.14138	0.67829
948 C	0.18461	0.13679	0.6786
949 A	0.18835	0.13302	0.67864
950 C	0.19725	0.12396	0.67879
951 T	0.20878	0.11252	0.6787
952 G	0.21539	0.10603	0.67858
953 C	0.22372	0.09769	0.67859
954 T	0.24008	0.08122	0.6787
955 T	0.24534	0.07595	0.67871
956 T	0.24905	0.07003	0.68092
957 A	0.24939	0.06491	0.68569
958 G	0.25120	0.05838	0.69042
959 T	0.25377	0.04352	0.70271
960 A	0.25209	0.04242	0.7055
961 A	0.25358	0.03947	0.70695
962 A	0.25527	0.03426	0.71047
963 T	0.25668	0.03129	0.71202
964 G	0.25625	0.03058	0.71317
965 A	0.25703	0.02988	0.71309
966 G	0.25736	0.02891	0.71374
967 G	0.25779	0.02820	0.71401
968 A	0.25835	0.02794	0.71372
969 T	0.25917	0.02701	0.71382
970 C	0.25872	0.02858	0.71269
971 A	0.25826	0.03478	0.70695
972 A	0.25829	0.03680	0.70491
973 A	0.25848	0.03705	0.70447
974 T	0.25893	0.03659	0.70447
975 T	0.25928	0.03621	0.70451
976 T	0.25950	0.03523	0.70526
977 C	0.25965	0.03520	0.70515
978 A	0.25951	0.03865	0.70183
979 T	0.25971	0.03808	0.70221
980 T	0.25958	0.03695	0.70347
981 A	0.25798	0.03838	0.70364
982 G	0.25747	0.03913	0.7034
983 C	0.25829	0.03538	0.70634
984 T	0.25784	0.03513	0.70703
985 A	0.25549	0.03683	0.70768
986 T	0.25426	0.03744	0.70831
987 C	0.25289	0.03854	0.70857
988 G	0.25101	0.04318	0.70582
989 G	0.24863	0.05012	0.70125
990 A	0.24792	0.05543	0.69665
991 A	0.24837	0.05530	0.69633
992 A	0.24777	0.05594	0.6963
993 A	0.24841	0.05445	0.69714
994 T	0.25343	0.04859	0.69799
995 C	0.25417	0.04752	0.69832
996 C	0.25391	0.04794	0.69814
997 G	0.25331	0.04896	0.69773
998 G	0.25317	0.04932	0.69752
999 A	0.25193	0.05086	0.6972
1000 A	0.25144	0.05145	0.6971
1001 C	0.25413	0.04838	0.69749
1002 T	0.25409	0.04865	0.69726
1003 A	0.25343	0.04920	0.69736
1004 A	0.25344	0.04776	0.6988
1005 T	0.25364	0.04639	0.69997
1006 G	0.25317	0.04626	0.70057
1007 T	0.25325	0.04378	0.70297
1008 A	0.25325	0.04046	0.70628
1009 C	0.25357	0.03733	0.70911
1010 A	0.25390	0.03718	0.70892
1011 A	0.25611	0.03409	0.7098
1012 T	0.26018	0.02845	0.71137
1013 T	0.26339	0.02475	0.71185
1014 A	0.26209	0.02628	0.71163
1015 G	0.26081	0.02614	0.71305
1016 C	0.26039	0.02583	0.71378
1017 T	0.25944	0.02998	0.71057
1018 A	0.25815	0.03430	0.70755
1019 A	0.25767	0.03571	0.70661
1020 T	0.25783	0.03555	0.70662
1021 A	0.25770	0.03633	0.70597
1022 T	0.25798	0.03430	0.70772
1023 A	0.25791	0.03358	0.7085
1024 G	0.25808	0.03264	0.70928
1025 T	0.25864	0.03131	0.71006
1026 T	0.25873	0.03023	0.71103
1027 A	0.25805	0.03057	0.71139
1028 C	0.25720	0.03113	0.71167
1029 T	0.25629	0.03398	0.70973
1030 A	0.25521	0.03837	0.70641
1031 A	0.25458	0.04043	0.70499
1032 A	0.25400	0.04225	0.70375
1033 T	0.25484	0.04161	0.70356
1034 G	0.25512	0.04128	0.7036
1035 G	0.25488	0.04167	0.70344
1036 A	0.25500	0.04256	0.70244
1037 A	0.25604	0.04037	0.7036
1038 T	0.25775	0.03725	0.70499
1039 A	0.25913	0.03523	0.70565
1040 T	0.26299	0.03016	0.70684
1041 T	0.26564	0.02615	0.7082
1042 T	0.26647	0.02456	0.70897
1043 C	0.26675	0.02394	0.70931
1044 T	0.26738	0.02315	0.70947
1045 G	0.26758	0.02288	0.70954
1046 T	0.26808	0.02225	0.70968
1047 T	0.26816	0.02211	0.70973
1048 A	0.26825	0.02198	0.70977
1049 A	0.26849	0.02143	0.71009
1050 A	0.26900	0.02005	0.71094
1051 A	0.26954	0.01834	0.71212
1052 C	0.27201	0.01445	0.71354
1053 T	0.27574	0.00977	0.71449
1054 A	0.27740	0.00750	0.7151
1055 T	0.27918	0.00502	0.7158
1056 C	0.27986	0.00398	0.71615
1057 T	0.28070	0.00299	0.7163
1058 A	0.28122	0.00190	0.71688
1059 A	0.28268	0.00000	0.71732
