# lcl|CP097583.1_cds_USQ93316.1_1
# AA	inside	membr	outside
1 A	0.89987	0.00000	0.10012
2 T	0.89968	0.00020	0.10012
3 G	0.89951	0.00037	0.10012
4 C	0.89951	0.00413	0.09636
5 T	0.89345	0.02549	0.08106
6 A	0.89345	0.02979	0.07675
7 A	0.84816	0.07640	0.07544
8 A	0.84816	0.07642	0.07541
9 A	0.84689	0.07777	0.07535
10 T	0.84688	0.07812	0.075
11 A	0.84649	0.07855	0.07496
12 T	0.84297	0.08208	0.07495
13 C	0.80959	0.11559	0.07482
14 C	0.80958	0.11559	0.07482
15 T	0.80958	0.11718	0.07323
16 T	0.80569	0.12108	0.07323
17 T	0.78813	0.13869	0.07318
18 T	0.78656	0.14045	0.07299
19 C	0.74010	0.18714	0.07276
20 A	0.47140	0.47083	0.05777
21 G	0.13092	0.81138	0.0577
22 A	0.11102	0.83412	0.05486
23 A	0.09694	0.84937	0.0537
24 A	0.06944	0.87763	0.05293
25 A	0.05291	0.89412	0.05297
26 A	0.04160	0.90505	0.05336
27 A	0.03958	0.90511	0.05532
28 A	0.04947	0.88977	0.06076
29 A	0.05167	0.88578	0.06254
30 C	0.05196	0.84917	0.09887
31 A	0.05084	0.85186	0.09731
32 T	0.05000	0.85236	0.09764
33 A	0.04671	0.85999	0.0933
34 A	0.03958	0.87279	0.08764
35 A	0.03800	0.87287	0.08913
36 T	0.03727	0.84385	0.11887
37 A	0.03643	0.84122	0.12235
38 A	0.03706	0.82647	0.13648
39 A	0.03634	0.79207	0.1716
40 G	0.03643	0.71758	0.24599
41 C	0.03667	0.65584	0.30748
42 A	0.03750	0.62329	0.33921
43 A	0.05010	0.43785	0.51205
44 A	0.05064	0.22375	0.72561
45 T	0.05369	0.20482	0.74149
46 T	0.05446	0.20096	0.74458
47 T	0.05419	0.18803	0.75778
48 A	0.05332	0.22087	0.72582
49 G	0.05043	0.22754	0.72203
50 G	0.05018	0.23736	0.71246
51 T	0.04993	0.25088	0.69919
52 A	0.04917	0.35531	0.59552
53 G	0.04988	0.40046	0.54965
54 T	0.05231	0.41912	0.52857
55 A	0.05220	0.44177	0.50604
56 A	0.05512	0.44936	0.49552
57 T	0.05962	0.46006	0.48032
58 T	0.05982	0.54104	0.39914
59 T	0.05959	0.57746	0.36295
60 A	0.05805	0.63727	0.30469
61 G	0.05675	0.68547	0.25778
62 A	0.05592	0.72378	0.2203
63 A	0.05487	0.75864	0.18649
64 A	0.05546	0.76595	0.1786
65 G	0.05933	0.76580	0.17487
66 A	0.06679	0.76164	0.17157
67 G	0.08354	0.74590	0.17056
68 A	0.10253	0.72761	0.16986
69 T	0.12998	0.69980	0.17023
70 A	0.16007	0.66936	0.17057
71 T	0.21218	0.61636	0.17147
72 T	0.23515	0.59138	0.17347
73 A	0.25258	0.57392	0.1735
74 A	0.28160	0.54450	0.17391
75 T	0.39608	0.42938	0.17454
76 T	0.43558	0.38987	0.17455
77 T	0.44928	0.37600	0.17472
78 A	0.45716	0.36807	0.17478
79 A	0.46252	0.36300	0.17448
80 C	0.47953	0.34574	0.17474
81 T	0.55428	0.27119	0.17453
82 A	0.57765	0.24828	0.17407
83 A	0.63153	0.19396	0.17451
84 T	0.67671	0.14854	0.17475
85 C	0.69907	0.12608	0.17485
86 T	0.71941	0.10742	0.17316
87 T	0.71477	0.11607	0.16916
88 T	0.71007	0.12492	0.16501
89 T	0.70139	0.13702	0.16159
90 T	0.69256	0.14650	0.16094
91 T	0.67794	0.16176	0.1603
92 A	0.64881	0.19216	0.15903
93 T	0.55925	0.28249	0.15826
94 C	0.40669	0.43574	0.15756
95 A	0.32946	0.51430	0.15625
96 A	0.30178	0.54268	0.15553
97 G	0.28962	0.55527	0.15512
98 A	0.28516	0.55999	0.15485
99 T	0.28340	0.56173	0.15487
100 A	0.27746	0.56548	0.15707
101 A	0.27245	0.56664	0.16092
102 A	0.27024	0.56347	0.16629
103 A	0.26913	0.56130	0.16957
104 A	0.26931	0.55347	0.17722
105 A	0.27010	0.53248	0.19741
106 A	0.27141	0.51303	0.21556
107 T	0.27395	0.49511	0.23094
108 T	0.27534	0.48589	0.23877
109 G	0.27827	0.47178	0.24995
110 C	0.28235	0.44950	0.26815
111 T	0.28621	0.43671	0.27708
112 T	0.28804	0.42524	0.28672
113 T	0.28835	0.42401	0.28764
114 A	0.28839	0.42752	0.2841
115 A	0.28963	0.41217	0.29821
116 T	0.29082	0.29747	0.41171
117 T	0.29026	0.15246	0.55728
118 T	0.28743	0.10839	0.60418
119 A	0.27837	0.17230	0.54932
120 T	0.27139	0.31929	0.40932
121 A	0.21311	0.53691	0.24998
122 A	0.18372	0.57344	0.24284
123 A	0.17055	0.58775	0.2417
124 A	0.16348	0.59223	0.24429
125 A	0.15925	0.59570	0.24506
126 C	0.15521	0.60066	0.24413
127 G	0.15184	0.61477	0.23339
128 A	0.14909	0.63257	0.21834
129 A	0.14811	0.63778	0.21411
130 A	0.14783	0.63871	0.21346
131 T	0.14818	0.63863	0.2132
132 A	0.14815	0.63872	0.21313
133 C	0.14848	0.63807	0.21346
134 C	0.14989	0.63653	0.21358
135 G	0.15194	0.63461	0.21345
136 A	0.15502	0.63174	0.21324
137 T	0.16755	0.61918	0.21327
138 C	0.17313	0.61356	0.21331
139 A	0.18142	0.60523	0.21335
140 A	0.19732	0.58678	0.2159
141 A	0.22726	0.55146	0.22128
142 G	0.28970	0.47859	0.23172
143 T	0.43624	0.32512	0.23864
144 T	0.57225	0.13052	0.29723
145 G	0.58013	0.09342	0.32644
146 T	0.58811	0.07324	0.33866
147 T	0.59120	0.06513	0.34367
148 A	0.59107	0.06428	0.34465
149 A	0.59156	0.06150	0.34694
150 A	0.59970	0.05067	0.34964
151 G	0.61345	0.03418	0.35237
152 T	0.61884	0.02951	0.35164
153 T	0.61888	0.04464	0.33648
154 G	0.61524	0.06294	0.32182
155 A	0.61344	0.07131	0.31524
156 T	0.61337	0.07761	0.30901
157 T	0.61283	0.07933	0.30785
158 A	0.61174	0.08640	0.30185
159 T	0.60885	0.09202	0.29913
160 T	0.60424	0.09689	0.29886
161 C	0.59531	0.10571	0.29899
162 T	0.57280	0.12896	0.29824
163 T	0.53408	0.16909	0.29684
164 C	0.49254	0.21129	0.29617
165 T	0.48046	0.22384	0.29569
166 A	0.45195	0.25319	0.29486
167 G	0.43424	0.27133	0.29442
168 G	0.42649	0.28038	0.29313
169 C	0.42338	0.28627	0.29036
170 A	0.42111	0.29324	0.28565
171 A	0.42174	0.29304	0.28522
172 A	0.42259	0.29106	0.28635
173 G	0.42417	0.28839	0.28743
174 A	0.42624	0.28581	0.28795
175 G	0.42991	0.27871	0.29137
176 C	0.44641	0.25892	0.29467
177 T	0.46155	0.24118	0.29728
178 A	0.46648	0.23639	0.29712
179 A	0.47143	0.23169	0.29689
180 A	0.47321	0.22984	0.29695
181 A	0.47823	0.22377	0.298
182 T	0.48136	0.20780	0.31084
183 T	0.48231	0.19344	0.32425
184 A	0.48262	0.17959	0.33779
185 T	0.48331	0.15752	0.35917
186 T	0.48246	0.13411	0.38343
187 G	0.48077	0.10926	0.40997
188 A	0.48032	0.10370	0.41599
189 A	0.48093	0.08211	0.43696
190 G	0.48185	0.06604	0.45211
191 C	0.48394	0.05862	0.45744
192 T	0.48755	0.05825	0.4542
193 T	0.49191	0.06100	0.44709
194 A	0.49298	0.07168	0.43534
195 T	0.49327	0.07420	0.43253
196 T	0.49325	0.07945	0.4273
197 A	0.49296	0.08120	0.42583
198 T	0.49255	0.08238	0.42507
199 C	0.49124	0.08373	0.42502
200 A	0.49028	0.08531	0.42441
201 T	0.49114	0.08459	0.42427
202 T	0.49035	0.08553	0.42413
203 C	0.48773	0.08880	0.42347
204 G	0.48712	0.09172	0.42115
205 A	0.48757	0.09196	0.42048
206 A	0.48792	0.09214	0.41994
207 A	0.49061	0.08941	0.41998
208 T	0.49694	0.08286	0.4202
209 C	0.50405	0.07358	0.42238
210 T	0.50758	0.06837	0.42404
211 T	0.51151	0.06375	0.42474
212 T	0.51378	0.06123	0.425
213 A	0.51390	0.06098	0.42512
214 C	0.51549	0.05931	0.4252
215 C	0.51859	0.05610	0.42531
216 T	0.52546	0.04925	0.42529
217 G	0.53336	0.04148	0.42516
218 A	0.53508	0.04039	0.42453
219 T	0.53830	0.03720	0.4245
220 T	0.52599	0.04953	0.42447
221 A	0.49945	0.07578	0.42477
222 T	0.47530	0.09796	0.42674
223 C	0.42210	0.14954	0.42836
224 A	0.36005	0.21176	0.42819
225 A	0.31013	0.26024	0.42963
226 G	0.29612	0.27197	0.43192
227 G	0.28694	0.27995	0.43311
228 G	0.28281	0.28349	0.4337
229 C	0.28048	0.28460	0.43493
230 T	0.27879	0.28629	0.43492
231 T	0.27736	0.28761	0.43503
232 T	0.27483	0.28998	0.43519
233 A	0.27210	0.29257	0.43532
234 T	0.27050	0.29384	0.43565
235 C	0.26524	0.29733	0.43744
236 G	0.26189	0.29978	0.43833
237 T	0.26035	0.30073	0.43892
238 G	0.25730	0.30334	0.43936
239 G	0.25549	0.30489	0.43963
240 A	0.25495	0.30488	0.44018
241 A	0.25528	0.30146	0.44326
242 A	0.25541	0.29649	0.44811
243 A	0.25593	0.27609	0.46798
244 T	0.25701	0.24506	0.49792
245 A	0.25729	0.21480	0.52791
246 T	0.25783	0.16318	0.57899
247 T	0.25822	0.10533	0.63645
248 T	0.25823	0.05805	0.68372
249 A	0.25817	0.04743	0.69441
250 T	0.25823	0.03672	0.70506
251 G	0.25819	0.03314	0.70867
252 T	0.25802	0.03044	0.71154
253 T	0.25769	0.02987	0.71245
254 T	0.25694	0.03075	0.71231
255 T	0.25483	0.03561	0.70955
256 G	0.24960	0.04973	0.70067
257 A	0.24643	0.06826	0.6853
258 T	0.24464	0.08604	0.66932
259 G	0.24282	0.13812	0.61905
260 T	0.24149	0.20360	0.55492
261 T	0.23694	0.28953	0.47353
262 A	0.22041	0.41472	0.36486
263 A	0.21490	0.45936	0.32574
264 A	0.20621	0.48633	0.30747
265 G	0.20140	0.49349	0.30511
266 A	0.19936	0.49694	0.30369
267 A	0.19795	0.49900	0.30305
268 A	0.19775	0.49956	0.30269
269 C	0.19795	0.49945	0.3026
270 T	0.19820	0.49946	0.30233
271 A	0.19820	0.49969	0.30211
272 A	0.19852	0.49959	0.30189
273 T	0.19910	0.49907	0.30182
274 A	0.19947	0.49881	0.30172
275 G	0.20033	0.49733	0.30235
276 T	0.20401	0.49299	0.303
277 A	0.20603	0.49013	0.30384
278 A	0.21076	0.48354	0.3057
279 A	0.22215	0.46716	0.3107
280 A	0.24209	0.44313	0.31477
281 C	0.27002	0.41211	0.31787
282 T	0.34609	0.33418	0.31973
283 A	0.40963	0.26936	0.321
284 A	0.48976	0.18442	0.32582
285 T	0.58790	0.07154	0.34056
286 T	0.61787	0.03767	0.34445
287 T	0.62957	0.01740	0.35303
288 T	0.63158	0.01062	0.35781
289 T	0.63224	0.00821	0.35955
290 C	0.63198	0.00778	0.36025
291 T	0.63212	0.00978	0.3581
292 T	0.63157	0.01088	0.35755
293 T	0.62643	0.01736	0.35621
294 A	0.61249	0.03434	0.35317
295 T	0.60660	0.04137	0.35203
296 C	0.56711	0.08369	0.3492
297 T	0.55070	0.10621	0.34309
298 A	0.53858	0.12830	0.33312
299 A	0.52989	0.15139	0.31872
300 T	0.52292	0.16043	0.31665
301 A	0.50073	0.18398	0.31528
302 T	0.42325	0.26216	0.3146
303 A	0.36123	0.32420	0.31456
304 C	0.33368	0.35175	0.31457
305 C	0.29315	0.39241	0.31445
306 T	0.28427	0.40139	0.31434
307 C	0.26514	0.42067	0.3142
308 A	0.25532	0.43110	0.31358
309 A	0.25350	0.43303	0.31348
310 C	0.25257	0.43397	0.31346
311 A	0.25174	0.43476	0.3135
312 T	0.25179	0.43466	0.31355
313 C	0.25141	0.43433	0.31426
314 A	0.24867	0.43718	0.31414
315 A	0.24559	0.43990	0.31451
316 A	0.24327	0.43577	0.32097
317 T	0.24319	0.42134	0.33547
318 A	0.24019	0.41955	0.34027
319 C	0.24040	0.37832	0.38129
320 A	0.24054	0.37737	0.38208
321 A	0.24698	0.36852	0.3845
322 A	0.25698	0.36378	0.37924
323 A	0.25800	0.36317	0.37883
324 A	0.25914	0.34378	0.39708
325 T	0.25958	0.23571	0.50471
326 T	0.25658	0.17720	0.56622
327 A	0.24917	0.16218	0.58865
328 C	0.24603	0.13736	0.61661
329 A	0.24542	0.14149	0.61309
330 A	0.24499	0.13703	0.61798
331 C	0.24556	0.13315	0.62129
332 T	0.24582	0.14688	0.6073
333 T	0.24553	0.18797	0.5665
334 A	0.24442	0.29672	0.45886
335 T	0.24413	0.34019	0.41568
336 A	0.24360	0.34658	0.40982
337 A	0.24282	0.34678	0.4104
338 A	0.24245	0.34345	0.4141
339 A	0.24210	0.33944	0.41846
340 C	0.24346	0.33256	0.42398
341 A	0.24543	0.32790	0.42668
342 A	0.24942	0.32224	0.42835
343 T	0.26384	0.30445	0.43171
344 T	0.27029	0.29671	0.433
345 T	0.27570	0.29124	0.43306
346 A	0.27724	0.28809	0.43467
347 A	0.27729	0.28634	0.43636
348 T	0.27787	0.28336	0.43877
349 G	0.27822	0.27935	0.44243
350 G	0.27925	0.27112	0.44964
351 C	0.28357	0.26392	0.45251
352 A	0.29587	0.25107	0.45305
353 T	0.31289	0.23341	0.4537
354 C	0.32621	0.21962	0.45417
355 G	0.34591	0.19973	0.45436
356 C	0.38849	0.15686	0.45465
357 T	0.48901	0.05557	0.45542
358 T	0.52191	0.02258	0.45552
359 T	0.52768	0.01665	0.45567
360 T	0.53059	0.01305	0.45636
361 T	0.53102	0.01253	0.45645
362 T	0.53066	0.01250	0.45684
363 T	0.52768	0.01796	0.45436
364 A	0.52411	0.02941	0.44648
365 T	0.52357	0.03342	0.44301
366 T	0.52102	0.03678	0.44221
367 A	0.51205	0.04838	0.43956
368 T	0.50546	0.05694	0.4376
369 T	0.49698	0.06694	0.43608
370 C	0.48817	0.08008	0.43175
371 A	0.48526	0.09089	0.42385
372 T	0.48375	0.09510	0.42115
373 T	0.48075	0.10093	0.41831
374 T	0.47699	0.10724	0.41578
375 T	0.46726	0.11898	0.41375
376 A	0.44563	0.14327	0.4111
377 A	0.43627	0.15356	0.41018
378 A	0.43448	0.15618	0.40935
379 G	0.43397	0.15708	0.40895
380 T	0.43400	0.15739	0.40861
381 T	0.43391	0.15846	0.40763
382 A	0.43363	0.16127	0.40509
383 A	0.43359	0.16413	0.40228
384 A	0.43386	0.16787	0.39827
385 A	0.43480	0.16775	0.39745
386 A	0.43745	0.16300	0.39956
387 T	0.44521	0.15206	0.40273
388 A	0.44706	0.15074	0.40219
389 A	0.44801	0.14727	0.40472
390 A	0.45117	0.13614	0.41269
391 T	0.45538	0.12492	0.4197
392 A	0.45796	0.11497	0.42707
393 T	0.46557	0.09761	0.43682
394 T	0.47278	0.08590	0.44132
395 T	0.47512	0.08109	0.44379
396 T	0.47629	0.07555	0.44815
397 T	0.47704	0.07178	0.45118
398 A	0.47725	0.06548	0.45726
399 T	0.47877	0.04782	0.4734
400 C	0.47878	0.04058	0.48065
401 T	0.47945	0.03893	0.48163
402 T	0.47933	0.03882	0.48184
403 C	0.47824	0.04010	0.48165
404 C	0.47825	0.04068	0.48106
405 A	0.47967	0.04098	0.47936
406 A	0.48242	0.03881	0.47877
407 T	0.48778	0.03394	0.47828
408 T	0.49010	0.03277	0.47713
409 G	0.49139	0.03297	0.47563
410 A	0.49321	0.03256	0.47423
411 T	0.49608	0.03077	0.47315
412 T	0.49711	0.03497	0.46792
413 T	0.49696	0.04120	0.46184
414 T	0.49560	0.04557	0.45883
415 T	0.49424	0.05014	0.45561
416 T	0.49141	0.05528	0.45331
417 G	0.48253	0.06688	0.45059
418 A	0.47772	0.07670	0.44558
419 A	0.47516	0.08250	0.44234
420 T	0.46777	0.09261	0.43961
421 A	0.45014	0.11296	0.4369
422 A	0.44281	0.12246	0.43472
423 T	0.43808	0.12899	0.43293
424 T	0.43058	0.14156	0.42787
425 A	0.41338	0.16059	0.42603
426 T	0.40023	0.17301	0.42676
427 A	0.37647	0.19699	0.42654
428 T	0.35913	0.21385	0.42702
429 C	0.31908	0.25424	0.42668
430 C	0.28727	0.28735	0.42538
431 A	0.27135	0.30556	0.4231
432 A	0.26108	0.31792	0.421
433 A	0.25488	0.32450	0.42062
434 A	0.25657	0.32295	0.42048
435 T	0.26404	0.31502	0.42095
436 T	0.26644	0.30978	0.42378
437 C	0.26197	0.31060	0.42743
438 T	0.25600	0.31578	0.42821
439 A	0.24381	0.32828	0.42791
440 A	0.23175	0.33780	0.43046
441 A	0.21823	0.35054	0.43123
442 A	0.21055	0.35701	0.43244
443 T	0.20844	0.34869	0.44288
444 G	0.20218	0.33717	0.46066
445 A	0.19944	0.33193	0.46864
446 A	0.19966	0.32604	0.47429
447 A	0.20314	0.31375	0.48312
448 A	0.20528	0.29258	0.50214
449 G	0.20682	0.26798	0.52519
450 T	0.20954	0.23621	0.55425
451 A	0.21031	0.22142	0.56827
452 T	0.21170	0.19681	0.59149
453 T	0.21204	0.19725	0.59072
454 A	0.21146	0.21932	0.56922
455 A	0.21173	0.22245	0.56583
456 T	0.21186	0.22102	0.56711
457 T	0.21134	0.22906	0.5596
458 A	0.20961	0.24311	0.54727
459 T	0.20924	0.24394	0.54683
460 A	0.20738	0.24847	0.54414
461 A	0.20729	0.24840	0.54431
462 A	0.20890	0.24276	0.54834
463 A	0.21160	0.23301	0.55539
464 T	0.21449	0.21838	0.56713
465 T	0.21581	0.21635	0.56784
466 T	0.21616	0.22747	0.55638
467 T	0.21545	0.23848	0.54607
468 T	0.21487	0.25328	0.53185
469 G	0.21405	0.27419	0.51176
470 A	0.21363	0.28968	0.49669
471 A	0.21385	0.29898	0.48717
472 G	0.21473	0.30293	0.48234
473 A	0.21737	0.30822	0.47441
474 A	0.22694	0.30453	0.46852
475 A	0.24100	0.29565	0.46336
476 A	0.26831	0.27077	0.46092
477 T	0.30688	0.23200	0.46111
478 T	0.32141	0.21901	0.45958
479 T	0.32850	0.21308	0.45843
480 A	0.33360	0.20743	0.45897
481 T	0.34278	0.19697	0.46024
482 A	0.34511	0.19428	0.4606
483 T	0.35339	0.18448	0.46213
484 C	0.36041	0.17727	0.46233
485 A	0.36864	0.16992	0.46145
486 A	0.37605	0.16268	0.46127
487 A	0.38739	0.15123	0.46138
488 T	0.40561	0.13276	0.46163
489 T	0.42339	0.11469	0.46193
490 C	0.43676	0.09975	0.46348
491 C	0.45038	0.08582	0.4638
492 T	0.46823	0.06940	0.46237
493 T	0.47442	0.06351	0.46206
494 T	0.47279	0.06559	0.46162
495 A	0.46199	0.07686	0.46115
496 G	0.45380	0.08519	0.46102
497 C	0.45500	0.08369	0.46131
498 T	0.45989	0.07913	0.46099
499 T	0.46114	0.07791	0.46096
500 A	0.45739	0.08171	0.46091
501 T	0.45652	0.08247	0.46101
502 T	0.45103	0.08782	0.46114
503 C	0.43823	0.09987	0.4619
504 A	0.42303	0.11487	0.4621
505 C	0.41526	0.12183	0.46291
506 C	0.40552	0.13169	0.4628
507 T	0.39443	0.14391	0.46165
508 A	0.38211	0.15737	0.46052
509 G	0.37216	0.16823	0.45962
510 A	0.36590	0.17679	0.45731
511 A	0.36073	0.18391	0.45536
512 T	0.35900	0.18287	0.45812
513 A	0.35574	0.18583	0.45843
514 A	0.35323	0.18807	0.4587
515 A	0.35342	0.18582	0.46076
516 T	0.35352	0.17991	0.46657
517 T	0.35316	0.17406	0.47278
518 A	0.35251	0.16603	0.48146
519 T	0.35205	0.15676	0.49119
520 T	0.35006	0.15777	0.49217
521 T	0.34452	0.17231	0.48317
522 A	0.33431	0.19291	0.47279
523 A	0.31059	0.22459	0.46482
524 A	0.30900	0.22415	0.46685
525 A	0.30812	0.21889	0.47298
526 A	0.30720	0.20754	0.48526
527 T	0.30737	0.19132	0.50131
528 A	0.30722	0.18213	0.51066
529 G	0.30773	0.16949	0.52277
530 T	0.30918	0.15681	0.534
531 A	0.31012	0.14697	0.54292
532 G	0.31114	0.13809	0.55077
533 A	0.31358	0.13017	0.55625
534 T	0.31627	0.12213	0.5616
535 A	0.31756	0.11844	0.564
536 A	0.32070	0.11172	0.56757
537 T	0.32576	0.10318	0.57106
538 T	0.32838	0.09808	0.57353
539 T	0.32994	0.09483	0.57523
540 C	0.33165	0.09089	0.57746
541 A	0.33443	0.08699	0.57858
542 T	0.33885	0.08074	0.5804
543 A	0.34277	0.07474	0.58249
544 T	0.35404	0.05801	0.58795
545 A	0.36437	0.03993	0.5957
546 A	0.37683	0.00000	0.62317
