# lcl|CP097583.1_cds_USQ93554.1_1
# AA	inside	membr	outside
1 A	0.72324	0.00000	0.27676
2 T	0.72315	0.00008	0.27676
3 G	0.72309	0.00015	0.27676
4 A	0.72309	0.00708	0.26983
5 A	0.72241	0.01864	0.25895
6 T	0.72241	0.02137	0.25621
7 A	0.70210	0.04355	0.25435
8 T	0.70210	0.04360	0.2543
9 G	0.70121	0.04571	0.25307
10 A	0.70121	0.11238	0.18641
11 A	0.70114	0.11571	0.18316
12 T	0.70061	0.11730	0.18209
13 T	0.69955	0.11913	0.18131
14 T	0.69955	0.11913	0.18131
15 T	0.69955	0.12370	0.17674
16 T	0.69930	0.12395	0.17674
17 C	0.69837	0.12496	0.17667
18 T	0.69832	0.12568	0.17599
19 T	0.69524	0.12900	0.17575
20 T	0.66590	0.16663	0.16746
21 T	0.53743	0.29521	0.16735
22 T	0.52927	0.30705	0.16368
23 C	0.50711	0.33319	0.1597
24 A	0.48491	0.36820	0.14689
25 A	0.45950	0.41067	0.12983
26 A	0.43512	0.44102	0.12386
27 A	0.43708	0.44010	0.12282
28 G	0.44547	0.43307	0.12146
29 A	0.44828	0.43230	0.11942
30 A	0.45742	0.40643	0.13615
31 C	0.46166	0.40294	0.1354
32 T	0.46802	0.39829	0.13368
33 A	0.51458	0.36267	0.12274
34 A	0.51793	0.36920	0.11287
35 T	0.52077	0.36758	0.11166
36 T	0.52121	0.36786	0.11094
37 T	0.52078	0.36908	0.11015
38 T	0.52191	0.36854	0.10954
39 A	0.52018	0.37158	0.10824
40 A	0.51983	0.36908	0.11109
41 A	0.52007	0.36048	0.11945
42 T	0.52086	0.34966	0.12948
43 G	0.52810	0.30983	0.16207
44 G	0.53054	0.19371	0.27575
45 A	0.53520	0.18304	0.28176
46 G	0.53938	0.16100	0.29962
47 A	0.54946	0.13473	0.31581
48 T	0.56589	0.09352	0.34059
49 G	0.57026	0.06268	0.36706
50 T	0.57225	0.05800	0.36974
51 A	0.57480	0.05379	0.37142
52 G	0.57947	0.04741	0.37312
53 C	0.58327	0.04263	0.37411
54 T	0.58654	0.04022	0.37323
55 A	0.58793	0.04460	0.36747
56 T	0.59725	0.03760	0.36514
57 T	0.60655	0.03299	0.36047
58 T	0.60574	0.04732	0.34694
59 T	0.59657	0.05959	0.34384
60 A	0.56405	0.10664	0.32931
61 T	0.54773	0.14912	0.30315
62 T	0.49668	0.25588	0.24744
63 A	0.27030	0.61417	0.11553
64 A	0.12575	0.76311	0.11113
65 A	0.06355	0.82751	0.10895
66 A	0.03333	0.85867	0.108
67 A	0.02117	0.87107	0.10776
68 C	0.01699	0.87514	0.10787
69 A	0.01475	0.87774	0.10751
70 A	0.01486	0.87791	0.10724
71 T	0.01527	0.87761	0.10713
72 T	0.01467	0.87827	0.10706
73 A	0.01363	0.87940	0.10697
74 A	0.01311	0.87980	0.10709
75 A	0.01293	0.87982	0.10724
76 A	0.01338	0.87919	0.10743
77 A	0.01502	0.87722	0.10776
78 T	0.02251	0.86895	0.10854
79 A	0.02468	0.86644	0.10889
80 A	0.02931	0.86046	0.11023
81 A	0.04027	0.84428	0.11545
82 A	0.04570	0.82043	0.13387
83 A	0.06009	0.76127	0.17864
84 A	0.09065	0.70326	0.20609
85 A	0.14870	0.58534	0.26595
86 T	0.27516	0.24007	0.48477
87 T	0.28112	0.09539	0.62349
88 T	0.28292	0.04094	0.67614
89 T	0.28328	0.02476	0.69196
90 T	0.28334	0.02094	0.69572
91 G	0.28308	0.02344	0.69347
92 G	0.28257	0.03124	0.68619
93 T	0.28262	0.03984	0.67754
94 T	0.28175	0.06423	0.65403
95 T	0.27321	0.23170	0.49509
96 A	0.23008	0.42555	0.34437
97 A	0.20127	0.54967	0.24907
98 A	0.14061	0.64478	0.21461
99 A	0.13577	0.67668	0.18754
100 G	0.13384	0.70226	0.1639
101 A	0.13224	0.71292	0.15484
102 A	0.12918	0.71838	0.15245
103 G	0.12662	0.72138	0.15199
104 T	0.12348	0.72498	0.15154
105 A	0.11287	0.73576	0.15136
106 G	0.10677	0.74182	0.1514
107 A	0.10599	0.74265	0.15135
108 T	0.10584	0.74271	0.15145
109 C	0.10548	0.74290	0.15162
110 C	0.10542	0.74301	0.15157
111 G	0.10547	0.74303	0.1515
112 C	0.10696	0.74157	0.15146
113 A	0.10999	0.73884	0.15117
114 A	0.11749	0.73141	0.15111
115 C	0.13626	0.71189	0.15185
116 A	0.15437	0.69282	0.15282
117 A	0.18347	0.66193	0.1546
118 A	0.33934	0.49315	0.16751
119 C	0.48966	0.30012	0.21022
120 T	0.59018	0.17953	0.23029
121 G	0.61696	0.09626	0.28678
122 T	0.63809	0.07260	0.28931
123 T	0.63937	0.07922	0.28141
124 T	0.57403	0.15864	0.26733
125 T	0.51573	0.22807	0.2562
126 A	0.43886	0.30602	0.25513
127 A	0.40883	0.33172	0.25945
128 A	0.39297	0.33734	0.26969
129 G	0.37699	0.34640	0.27661
130 G	0.33814	0.38326	0.27859
131 C	0.31441	0.40562	0.27998
132 G	0.30920	0.41080	0.27999
133 A	0.30821	0.41182	0.27998
134 T	0.30815	0.41166	0.28018
135 G	0.30765	0.41227	0.28009
136 T	0.30768	0.41204	0.28028
137 C	0.30661	0.41217	0.28122
138 T	0.30511	0.41553	0.27936
139 T	0.30123	0.42155	0.27723
140 T	0.29314	0.43485	0.27201
141 A	0.27508	0.45783	0.26708
142 A	0.25910	0.48162	0.25927
143 A	0.24945	0.48677	0.26378
144 A	0.24831	0.47556	0.27612
145 G	0.25177	0.44923	0.299
146 A	0.26313	0.40232	0.33455
147 C	0.27788	0.28858	0.43354
148 T	0.29126	0.23561	0.47313
149 T	0.28868	0.20981	0.5015
150 T	0.27455	0.23469	0.49076
151 G	0.24779	0.27040	0.48181
152 A	0.21104	0.31959	0.46937
153 A	0.18612	0.32642	0.48747
154 G	0.16355	0.34602	0.49043
155 G	0.15016	0.39121	0.45863
156 G	0.14528	0.49773	0.35698
157 A	0.14166	0.57461	0.28373
158 A	0.13946	0.61334	0.2472
159 A	0.13852	0.62892	0.23256
160 G	0.13877	0.63260	0.22862
161 A	0.14006	0.63828	0.22165
162 A	0.14184	0.63312	0.22505
163 A	0.14598	0.62141	0.23261
164 A	0.15039	0.60112	0.2485
165 T	0.15742	0.57974	0.26284
166 C	0.15760	0.57138	0.27102
167 A	0.15755	0.57291	0.26953
168 A	0.15778	0.57504	0.26718
169 A	0.15827	0.57750	0.26423
170 A	0.15932	0.57694	0.26374
171 A	0.16398	0.57218	0.26385
172 A	0.17612	0.55067	0.27321
173 T	0.20365	0.50434	0.292
174 A	0.21955	0.46152	0.31892
175 G	0.23814	0.40697	0.35489
176 A	0.26371	0.35943	0.37685
177 A	0.29848	0.30303	0.39849
178 C	0.35068	0.23686	0.41245
179 T	0.46337	0.12171	0.41492
180 T	0.52314	0.06039	0.41647
181 T	0.54464	0.03830	0.41706
182 T	0.55023	0.03286	0.4169
183 A	0.55191	0.03116	0.41693
184 G	0.55544	0.02653	0.41803
185 T	0.55629	0.02488	0.41882
186 T	0.55669	0.02402	0.41928
187 C	0.55605	0.02440	0.41955
188 C	0.55567	0.02513	0.4192
189 A	0.55581	0.02643	0.41776
190 C	0.55748	0.02517	0.41735
191 A	0.55870	0.02412	0.41718
192 T	0.56189	0.02106	0.41705
193 G	0.56235	0.02061	0.41704
194 G	0.56259	0.02028	0.41712
195 C	0.56277	0.02008	0.41716
196 T	0.56346	0.01933	0.41721
197 C	0.56236	0.02035	0.41729
198 T	0.56162	0.02109	0.4173
199 C	0.56028	0.02243	0.41729
200 C	0.55933	0.02338	0.4173
201 T	0.55913	0.02359	0.41728
202 T	0.55883	0.02392	0.41725
203 T	0.55827	0.02448	0.41724
204 C	0.55714	0.02559	0.41727
205 G	0.55620	0.02649	0.41731
206 A	0.55510	0.02719	0.41771
207 T	0.55482	0.02697	0.41821
208 C	0.55444	0.02695	0.41861
209 G	0.55446	0.02680	0.41873
210 A	0.55466	0.02579	0.41955
211 C	0.55516	0.02447	0.42037
212 T	0.55653	0.02289	0.42058
213 T	0.55692	0.02241	0.42068
214 A	0.55692	0.02143	0.42165
215 A	0.55693	0.02104	0.42203
216 T	0.55695	0.02030	0.42275
217 A	0.55696	0.01859	0.42445
218 T	0.55696	0.01609	0.42695
219 T	0.55690	0.01449	0.42862
220 T	0.55672	0.01320	0.43007
221 T	0.55646	0.01237	0.43117
222 A	0.55601	0.01170	0.43228
223 G	0.55581	0.01045	0.43374
224 G	0.55565	0.01003	0.43432
225 T	0.55527	0.01045	0.43428
226 T	0.55393	0.01331	0.43277
227 T	0.54390	0.02330	0.4328
228 A	0.51687	0.05063	0.4325
229 G	0.49301	0.07435	0.43265
230 G	0.48354	0.08413	0.43233
231 C	0.47828	0.09023	0.43149
232 G	0.47414	0.09871	0.42715
233 A	0.47213	0.10346	0.42441
234 T	0.47123	0.10540	0.42338
235 G	0.46910	0.10771	0.42319
236 T	0.46855	0.10839	0.42306
237 A	0.46806	0.10887	0.42306
238 T	0.46807	0.10875	0.42318
239 C	0.46790	0.10883	0.42327
240 T	0.46785	0.10884	0.42332
241 T	0.46738	0.10927	0.42336
242 C	0.46645	0.11015	0.42341
243 T	0.46471	0.11189	0.4234
244 C	0.45883	0.11778	0.42338
245 A	0.45358	0.12305	0.42337
246 A	0.44630	0.13036	0.42334
247 A	0.44487	0.13183	0.42331
248 A	0.44447	0.13162	0.42391
249 A	0.44577	0.12897	0.42527
250 A	0.44638	0.11624	0.43739
251 A	0.44765	0.08892	0.46344
252 T	0.44917	0.06358	0.48725
253 G	0.44946	0.05482	0.49572
254 A	0.45076	0.05014	0.4991
255 T	0.45446	0.04475	0.50079
256 T	0.45563	0.04679	0.49757
257 T	0.45430	0.05194	0.49377
258 T	0.45015	0.05975	0.4901
259 T	0.44400	0.07345	0.48256
260 G	0.43515	0.09431	0.47054
261 G	0.42943	0.11092	0.45965
262 G	0.42652	0.11906	0.45442
263 T	0.42573	0.12276	0.45152
264 T	0.42401	0.12862	0.44736
265 A	0.42157	0.13209	0.44633
266 A	0.42062	0.13172	0.44766
267 T	0.42010	0.12674	0.45316
268 A	0.41937	0.12255	0.45808
269 C	0.41907	0.11593	0.465
270 A	0.41895	0.11526	0.4658
271 G	0.41897	0.11434	0.46669
272 G	0.41903	0.11370	0.46727
273 A	0.41923	0.11298	0.46779
274 G	0.41965	0.11216	0.46818
275 G	0.42044	0.11093	0.46863
276 T	0.42200	0.10888	0.46912
277 A	0.42320	0.10769	0.46912
278 A	0.42620	0.10380	0.47
279 A	0.43386	0.09392	0.47222
280 G	0.44419	0.08018	0.47563
281 T	0.45624	0.06335	0.48041
282 T	0.46742	0.04652	0.48606
283 T	0.47589	0.03166	0.49245
284 T	0.48096	0.02302	0.49602
285 T	0.47752	0.02664	0.49584
286 G	0.46292	0.04835	0.48873
287 A	0.44765	0.07668	0.47567
288 T	0.43767	0.09983	0.4625
289 T	0.42061	0.11906	0.46034
290 T	0.37208	0.17296	0.45496
291 G	0.28373	0.26290	0.45337
292 G	0.23528	0.31264	0.45207
293 C	0.20516	0.34364	0.4512
294 A	0.17593	0.37720	0.44688
295 C	0.16303	0.39212	0.44484
296 A	0.15492	0.40370	0.44138
297 A	0.14852	0.41204	0.43943
298 A	0.14518	0.41551	0.4393
299 A	0.14419	0.41651	0.4393
300 A	0.14410	0.41654	0.43936
301 G	0.14430	0.41608	0.43962
302 C	0.14448	0.41574	0.43979
303 T	0.14464	0.41556	0.4398
304 A	0.14405	0.41619	0.43976
305 A	0.14394	0.41622	0.43985
306 A	0.14445	0.41541	0.44014
307 A	0.14538	0.41376	0.44086
308 A	0.14784	0.40292	0.44923
309 A	0.15553	0.37473	0.46974
310 G	0.16959	0.32989	0.50052
311 T	0.18432	0.28901	0.52667
312 A	0.18747	0.26167	0.55086
313 G	0.19356	0.20520	0.60125
314 T	0.19823	0.13298	0.66879
315 T	0.20036	0.09594	0.7037
316 A	0.20084	0.07925	0.71992
317 T	0.20402	0.06390	0.73208
318 T	0.20540	0.06494	0.72966
319 T	0.20696	0.07169	0.72135
320 T	0.20750	0.07697	0.71553
321 T	0.20614	0.08748	0.70639
322 T	0.20397	0.10530	0.69073
323 T	0.20219	0.12572	0.6721
324 A	0.19752	0.15286	0.64962
325 G	0.19458	0.17208	0.63334
326 A	0.19309	0.18499	0.62192
327 T	0.19261	0.19553	0.61186
328 T	0.19138	0.20982	0.5988
329 T	0.18837	0.21910	0.59254
330 A	0.18352	0.23008	0.5864
331 G	0.18057	0.23936	0.58008
332 A	0.17738	0.24689	0.57573
333 A	0.17629	0.25165	0.57205
334 G	0.17571	0.25489	0.5694
335 A	0.17585	0.25836	0.56579
336 A	0.17705	0.26110	0.56185
337 A	0.17959	0.25888	0.56154
338 A	0.18326	0.25540	0.56135
339 A	0.19365	0.24465	0.5617
340 T	0.21507	0.22245	0.56248
341 C	0.23143	0.20579	0.56278
342 T	0.25107	0.18908	0.55985
343 A	0.25725	0.18915	0.5536
344 T	0.26989	0.17779	0.55232
345 T	0.27716	0.16945	0.5534
346 G	0.28192	0.16401	0.55406
347 A	0.29673	0.14487	0.5584
348 T	0.31510	0.12256	0.56233
349 C	0.32234	0.11257	0.56509
350 T	0.33049	0.10378	0.56573
351 T	0.33042	0.10296	0.56661
352 G	0.31602	0.11600	0.56799
353 A	0.30068	0.12974	0.56958
354 T	0.29451	0.13496	0.57053
355 C	0.28555	0.14148	0.57298
356 A	0.27639	0.15153	0.57208
357 A	0.27300	0.15533	0.57167
358 G	0.27277	0.15545	0.57178
359 T	0.27407	0.15417	0.57176
360 A	0.26849	0.15997	0.57154
361 A	0.26673	0.16107	0.5722
362 A	0.26694	0.16003	0.57303
363 A	0.26811	0.15777	0.57412
364 G	0.26987	0.15419	0.57593
365 A	0.27488	0.14742	0.57771
366 T	0.28314	0.13414	0.58272
367 T	0.28558	0.12902	0.5854
368 T	0.28582	0.12547	0.58872
369 T	0.28550	0.12282	0.59168
370 T	0.28438	0.12430	0.59131
371 T	0.28208	0.12607	0.59185
372 A	0.27766	0.12946	0.59287
373 A	0.27384	0.13038	0.59578
374 T	0.27256	0.12059	0.60685
375 A	0.26958	0.10907	0.62135
376 G	0.26921	0.09075	0.64003
377 G	0.26988	0.08135	0.64878
378 T	0.27084	0.07266	0.6565
379 T	0.27202	0.06506	0.66293
380 T	0.27249	0.06202	0.66549
381 T	0.27185	0.06201	0.66613
382 A	0.27019	0.06521	0.6646
383 T	0.26812	0.06541	0.66647
384 G	0.26641	0.07139	0.66221
385 T	0.26548	0.08729	0.64724
386 T	0.26324	0.09718	0.63958
387 G	0.26014	0.10686	0.633
388 A	0.25546	0.12462	0.61992
389 A	0.25203	0.13421	0.61377
390 A	0.25147	0.13698	0.61155
391 A	0.25199	0.13689	0.61112
392 A	0.25470	0.13379	0.61151
393 T	0.25884	0.12808	0.61308
394 T	0.26141	0.12296	0.61564
395 A	0.26284	0.11751	0.61964
396 T	0.26438	0.11220	0.62342
397 A	0.26503	0.11020	0.62477
398 C	0.26715	0.10538	0.62747
399 T	0.27057	0.10136	0.62807
400 T	0.27385	0.09783	0.62832
401 T	0.27554	0.09609	0.62837
402 T	0.27517	0.09637	0.62847
403 G	0.27046	0.10108	0.62846
404 A	0.26946	0.10100	0.62954
405 T	0.27153	0.09635	0.63213
406 C	0.27198	0.09114	0.63688
407 G	0.27872	0.08436	0.63692
408 T	0.30031	0.06468	0.63501
409 T	0.30523	0.06494	0.62983
410 A	0.30416	0.07026	0.62558
411 T	0.30779	0.06721	0.625
412 T	0.30284	0.07014	0.62702
413 T	0.29597	0.07787	0.62616
414 A	0.27656	0.09968	0.62376
415 A	0.26401	0.11250	0.62348
416 C	0.25479	0.12168	0.62352
417 G	0.23816	0.14114	0.6207
418 A	0.18477	0.20182	0.6134
419 C	0.12868	0.26599	0.60534
420 A	0.08768	0.33562	0.5767
421 A	0.06802	0.37171	0.56026
422 A	0.05312	0.39223	0.55466
423 A	0.04694	0.40061	0.55245
424 A	0.04437	0.40409	0.55154
425 A	0.04286	0.40366	0.55348
426 G	0.04157	0.39982	0.55862
427 A	0.04073	0.39863	0.56063
428 A	0.04051	0.39749	0.56199
429 A	0.04090	0.39414	0.56496
430 G	0.04279	0.38991	0.5673
431 A	0.04568	0.38529	0.56903
432 T	0.05109	0.37495	0.57396
433 A	0.05415	0.36595	0.5799
434 A	0.05676	0.35444	0.58881
435 C	0.05791	0.34008	0.602
436 G	0.05769	0.33487	0.60744
437 A	0.05782	0.32532	0.61687
438 A	0.05616	0.32055	0.62329
439 A	0.05628	0.31398	0.62974
440 A	0.05997	0.29637	0.64367
441 A	0.06958	0.22836	0.70206
442 G	0.08119	0.15375	0.76506
443 T	0.11056	0.08326	0.80617
444 T	0.12530	0.05298	0.82172
445 T	0.12889	0.04195	0.82916
446 T	0.12828	0.05152	0.8202
447 T	0.12503	0.05629	0.81868
448 A	0.12189	0.06324	0.81487
449 T	0.11929	0.06485	0.81587
450 T	0.11651	0.06875	0.81474
451 C	0.11243	0.07662	0.81095
452 A	0.10875	0.08722	0.80404
453 C	0.09678	0.10479	0.79843
454 A	0.08057	0.14380	0.77563
455 T	0.06805	0.16900	0.76295
456 A	0.05723	0.19192	0.75085
457 A	0.05348	0.20349	0.74303
458 T	0.05288	0.20575	0.74137
459 A	0.05163	0.20702	0.74135
460 A	0.05107	0.20833	0.7406
461 A	0.05110	0.20956	0.73934
462 T	0.05058	0.21176	0.73766
463 A	0.04644	0.22145	0.73212
464 A	0.03752	0.23632	0.72617
465 A	0.03363	0.24466	0.72172
466 G	0.03254	0.24533	0.72214
467 A	0.03249	0.24461	0.7229
468 A	0.03679	0.23840	0.72481
469 G	0.04795	0.22356	0.72848
470 C	0.05161	0.21464	0.73375
471 G	0.05719	0.20687	0.73594
472 G	0.05949	0.20316	0.73736
473 A	0.06316	0.19829	0.73856
474 T	0.07033	0.18872	0.74095
475 A	0.07650	0.18056	0.74294
476 A	0.08516	0.15830	0.75653
477 T	0.11100	0.11505	0.77395
478 T	0.11930	0.09384	0.78686
479 G	0.12280	0.08069	0.79651
480 T	0.12544	0.07462	0.79994
481 C	0.12114	0.07772	0.80115
482 A	0.11683	0.08253	0.80064
483 A	0.10235	0.09702	0.80064
484 A	0.10398	0.09522	0.80079
485 A	0.10553	0.09321	0.80126
486 A	0.11114	0.08503	0.80383
487 G	0.11763	0.06792	0.81445
488 T	0.12286	0.05781	0.81933
489 T	0.12152	0.05687	0.82162
490 T	0.12072	0.05617	0.82311
491 T	0.11955	0.05661	0.82383
492 A	0.11638	0.05952	0.82409
493 C	0.11422	0.06130	0.82447
494 A	0.11119	0.06510	0.82371
495 T	0.10568	0.07175	0.82257
496 G	0.09467	0.08341	0.82192
497 A	0.08574	0.09329	0.82097
498 A	0.07948	0.09976	0.82077
499 G	0.07616	0.10120	0.82263
500 C	0.07473	0.10108	0.82419
501 T	0.07402	0.10213	0.82384
502 A	0.07216	0.10299	0.82485
503 A	0.07086	0.10275	0.82639
504 A	0.07021	0.09945	0.83034
505 G	0.07067	0.09421	0.83512
506 C	0.07114	0.07616	0.8527
507 A	0.07124	0.07399	0.85478
508 G	0.07178	0.07160	0.85663
509 T	0.07238	0.06998	0.85764
510 T	0.07230	0.06953	0.85816
511 G	0.07179	0.06952	0.85869
512 C	0.07150	0.06588	0.86262
513 G	0.07134	0.06502	0.86365
514 G	0.07130	0.06439	0.8643
515 A	0.07116	0.06372	0.86511
516 A	0.07127	0.06192	0.86681
517 G	0.07206	0.05857	0.86936
518 G	0.07347	0.04995	0.87657
519 A	0.07440	0.03852	0.88708
520 G	0.07563	0.02800	0.89637
521 T	0.07673	0.02084	0.90243
522 T	0.07703	0.01755	0.90542
523 A	0.07715	0.01669	0.90616
524 A	0.07771	0.01500	0.90729
525 T	0.07790	0.01296	0.90914
526 T	0.07771	0.01189	0.9104
527 T	0.07720	0.01212	0.91067
528 A	0.07677	0.01229	0.91094
529 A	0.07654	0.01226	0.91121
530 G	0.07647	0.01170	0.91184
531 T	0.07644	0.01148	0.91208
532 C	0.07640	0.01160	0.912
533 G	0.07650	0.01227	0.91123
534 T	0.07661	0.01342	0.90997
535 G	0.07637	0.01523	0.9084
536 A	0.07639	0.01601	0.9076
537 T	0.07667	0.01648	0.90684
538 T	0.07679	0.01707	0.90615
539 T	0.07608	0.01771	0.90622
540 A	0.07445	0.01936	0.90618
541 A	0.07329	0.02050	0.90621
542 T	0.07294	0.02079	0.90627
543 C	0.07202	0.02176	0.90622
544 A	0.07104	0.02326	0.9057
545 A	0.07066	0.02415	0.90519
546 T	0.07063	0.02426	0.90511
547 G	0.07030	0.02459	0.90511
548 A	0.07012	0.02481	0.90507
549 A	0.07029	0.02431	0.9054
550 C	0.07082	0.02306	0.90612
551 C	0.07099	0.02257	0.90643
552 A	0.07100	0.02272	0.90627
553 G	0.07124	0.02266	0.90609
554 C	0.07195	0.02237	0.90568
555 T	0.07266	0.02225	0.90509
556 A	0.07315	0.02220	0.90465
557 A	0.07419	0.02118	0.90463
558 T	0.07571	0.01929	0.905
559 G	0.07628	0.01848	0.90525
560 T	0.07704	0.01680	0.90616
561 T	0.07781	0.01503	0.90715
562 T	0.07783	0.01411	0.90806
563 T	0.07764	0.01298	0.90938
564 G	0.07712	0.01268	0.9102
565 G	0.07686	0.01247	0.91067
566 G	0.07666	0.01198	0.91136
567 A	0.07654	0.01159	0.91188
568 A	0.07671	0.01100	0.91229
569 C	0.07655	0.01058	0.91288
570 A	0.07638	0.01065	0.91297
571 G	0.07634	0.01060	0.91307
572 A	0.07626	0.01088	0.91286
573 A	0.07614	0.01122	0.91264
574 G	0.07619	0.01150	0.91231
575 A	0.07640	0.01172	0.91188
576 A	0.07686	0.01116	0.91199
577 T	0.07755	0.01029	0.91217
578 T	0.07776	0.01002	0.91222
579 T	0.07708	0.01062	0.91229
580 T	0.07498	0.01265	0.91237
581 T	0.07059	0.01711	0.9123
582 A	0.06231	0.02530	0.91239
583 G	0.05458	0.03291	0.91252
584 C	0.04945	0.03777	0.91278
585 T	0.04402	0.04318	0.9128
586 C	0.03524	0.05184	0.91292
587 A	0.02695	0.06011	0.91294
588 A	0.02353	0.06346	0.913
589 A	0.02190	0.06503	0.91307
590 C	0.02076	0.06580	0.91344
591 T	0.01996	0.06656	0.91348
592 C	0.01855	0.06774	0.91372
593 A	0.01717	0.06911	0.91372
594 A	0.01609	0.07019	0.91372
595 A	0.01583	0.07044	0.91374
596 A	0.01569	0.07040	0.91391
597 A	0.01588	0.07009	0.91403
598 T	0.01665	0.06861	0.91475
599 T	0.01627	0.06851	0.91522
600 A	0.01519	0.06922	0.91559
601 A	0.01409	0.06964	0.91627
602 A	0.01339	0.06859	0.91803
603 A	0.01310	0.06578	0.92111
604 G	0.01309	0.05979	0.92712
605 A	0.01313	0.05160	0.93527
606 T	0.01323	0.04263	0.94414
607 T	0.01316	0.03693	0.94991
608 T	0.01280	0.03238	0.95482
609 A	0.01213	0.02697	0.9609
610 G	0.01177	0.02024	0.968
611 G	0.01165	0.01735	0.971
612 A	0.01158	0.01585	0.97257
613 G	0.01154	0.01431	0.97415
614 T	0.01154	0.01337	0.97509
615 T	0.01136	0.01261	0.97604
616 A	0.01090	0.01251	0.97659
617 T	0.01047	0.01224	0.97729
618 A	0.00970	0.01284	0.97747
619 G	0.00954	0.01275	0.97771
620 T	0.00946	0.01269	0.97786
621 A	0.00914	0.01303	0.97783
622 G	0.00900	0.01263	0.97837
623 A	0.00898	0.01194	0.97908
624 A	0.00891	0.01120	0.9799
625 G	0.00897	0.01044	0.98059
626 T	0.00915	0.00995	0.9809
627 T	0.00917	0.00984	0.98098
628 T	0.00914	0.00991	0.98095
629 T	0.00903	0.01002	0.98095
630 A	0.00806	0.01095	0.98099
631 G	0.00755	0.01115	0.9813
632 A	0.00702	0.01132	0.98166
633 T	0.00671	0.01138	0.98192
634 A	0.00607	0.01206	0.98186
635 A	0.00581	0.01229	0.9819
636 A	0.00565	0.01245	0.98191
637 A	0.00573	0.01222	0.98205
638 A	0.00601	0.01166	0.98233
639 A	0.00672	0.01042	0.98285
640 T	0.00731	0.00926	0.98342
641 C	0.00762	0.00817	0.98421
642 T	0.00794	0.00774	0.98432
643 A	0.00809	0.00753	0.98439
644 T	0.00834	0.00708	0.98457
645 G	0.00836	0.00697	0.98467
646 A	0.00850	0.00678	0.98472
647 C	0.00866	0.00634	0.985
648 T	0.00884	0.00611	0.98505
649 G	0.00891	0.00599	0.9851
650 A	0.00907	0.00578	0.98515
651 T	0.00927	0.00547	0.98527
652 T	0.00937	0.00525	0.98539
653 T	0.00939	0.00417	0.98644
654 A	0.00935	0.00360	0.98705
655 G	0.00939	0.00284	0.98777
656 G	0.00944	0.00241	0.98815
657 T	0.00957	0.00176	0.98867
658 A	0.00961	0.00148	0.98891
659 T	0.00971	0.00116	0.98914
660 G	0.00971	0.00105	0.98924
661 A	0.00972	0.00099	0.98929
662 A	0.00974	0.00091	0.98935
663 T	0.00976	0.00080	0.98944
664 T	0.00977	0.00068	0.98955
665 C	0.00977	0.00058	0.98964
666 T	0.00977	0.00054	0.98969
667 C	0.00977	0.00051	0.98972
668 T	0.00976	0.00050	0.98973
669 T	0.00976	0.00050	0.98975
670 T	0.00975	0.00050	0.98975
671 T	0.00975	0.00049	0.98976
672 A	0.00972	0.00050	0.98978
673 G	0.00972	0.00042	0.98986
674 C	0.00972	0.00036	0.98993
675 T	0.00972	0.00033	0.98995
676 G	0.00972	0.00030	0.98998
677 T	0.00972	0.00025	0.99002
678 T	0.00972	0.00023	0.99004
679 T	0.00972	0.00022	0.99006
680 C	0.00972	0.00019	0.9901
681 T	0.00972	0.00017	0.99011
682 C	0.00970	0.00018	0.99011
683 A	0.00967	0.00021	0.99012
684 G	0.00960	0.00028	0.99012
685 G	0.00956	0.00032	0.99012
686 G	0.00953	0.00034	0.99012
687 A	0.00952	0.00036	0.99012
688 T	0.00951	0.00035	0.99014
689 C	0.00950	0.00034	0.99015
690 T	0.00949	0.00035	0.99016
691 T	0.00946	0.00037	0.99016
692 C	0.00944	0.00039	0.99017
693 T	0.00941	0.00042	0.99017
694 A	0.00937	0.00046	0.99017
695 G	0.00935	0.00047	0.99019
696 A	0.00932	0.00048	0.9902
697 C	0.00923	0.00057	0.9902
698 C	0.00918	0.00061	0.99021
699 T	0.00915	0.00064	0.99021
700 C	0.00911	0.00068	0.99021
701 C	0.00909	0.00069	0.99021
702 T	0.00908	0.00070	0.99021
703 T	0.00907	0.00071	0.99021
704 T	0.00904	0.00074	0.99022
705 T	0.00897	0.00080	0.99022
706 T	0.00886	0.00090	0.99024
707 T	0.00860	0.00108	0.99032
708 A	0.00812	0.00153	0.99035
709 G	0.00790	0.00172	0.99037
710 T	0.00780	0.00180	0.9904
711 A	0.00769	0.00191	0.9904
712 A	0.00762	0.00196	0.99042
713 T	0.00759	0.00197	0.99045
714 C	0.00752	0.00199	0.99049
715 A	0.00746	0.00204	0.99051
716 T	0.00736	0.00212	0.99052
717 G	0.00727	0.00219	0.99054
718 A	0.00719	0.00228	0.99053
719 A	0.00712	0.00235	0.99053
720 T	0.00705	0.00233	0.99063
721 T	0.00690	0.00244	0.99066
722 G	0.00642	0.00291	0.99066
723 G	0.00602	0.00333	0.99064
724 G	0.00592	0.00350	0.99058
725 A	0.00586	0.00363	0.9905
726 A	0.00584	0.00367	0.99049
727 G	0.00583	0.00362	0.99055
728 G	0.00583	0.00351	0.99066
729 T	0.00583	0.00335	0.99082
730 G	0.00583	0.00311	0.99106
731 G	0.00583	0.00275	0.99142
732 T	0.00581	0.00261	0.99158
733 C	0.00579	0.00257	0.99164
734 A	0.00576	0.00259	0.99165
735 T	0.00573	0.00260	0.99168
736 A	0.00567	0.00265	0.99168
737 A	0.00562	0.00266	0.99172
738 A	0.00544	0.00280	0.99176
739 G	0.00529	0.00282	0.9919
740 A	0.00517	0.00284	0.99199
741 A	0.00507	0.00284	0.99209
742 G	0.00501	0.00277	0.99222
743 A	0.00498	0.00271	0.99231
744 A	0.00498	0.00255	0.99247
745 A	0.00499	0.00208	0.99293
746 C	0.00505	0.00164	0.99331
747 T	0.00513	0.00149	0.99339
748 C	0.00519	0.00139	0.99342
749 C	0.00522	0.00135	0.99342
750 T	0.00525	0.00134	0.99342
751 T	0.00522	0.00136	0.99341
752 T	0.00513	0.00146	0.99341
753 A	0.00499	0.00160	0.99341
754 G	0.00494	0.00163	0.99343
755 C	0.00493	0.00158	0.99349
756 T	0.00495	0.00153	0.99352
757 T	0.00495	0.00150	0.99355
758 T	0.00491	0.00152	0.99357
759 T	0.00480	0.00160	0.9936
760 A	0.00448	0.00190	0.99363
761 T	0.00431	0.00187	0.99383
762 A	0.00395	0.00208	0.99397
763 G	0.00385	0.00204	0.99412
764 G	0.00380	0.00199	0.99421
765 A	0.00375	0.00198	0.99427
766 A	0.00373	0.00197	0.99431
767 A	0.00372	0.00194	0.99434
768 A	0.00370	0.00192	0.99438
769 G	0.00370	0.00190	0.99441
770 G	0.00370	0.00188	0.99442
771 A	0.00370	0.00187	0.99443
772 G	0.00370	0.00182	0.99448
773 T	0.00371	0.00177	0.99452
774 A	0.00371	0.00173	0.99456
775 G	0.00371	0.00163	0.99465
776 T	0.00372	0.00151	0.99477
777 T	0.00372	0.00145	0.99482
778 T	0.00373	0.00140	0.99487
779 T	0.00373	0.00135	0.99492
780 T	0.00373	0.00129	0.99499
781 G	0.00372	0.00121	0.99507
782 A	0.00372	0.00109	0.99519
783 T	0.00372	0.00079	0.99549
784 A	0.00372	0.00064	0.99564
785 C	0.00372	0.00030	0.99598
786 T	0.00372	0.00026	0.99602
787 G	0.00372	0.00025	0.99604
788 G	0.00372	0.00024	0.99604
789 T	0.00372	0.00024	0.99604
790 G	0.00371	0.00024	0.99605
791 G	0.00371	0.00023	0.99605
792 G	0.00371	0.00023	0.99606
793 A	0.00371	0.00022	0.99606
794 T	0.00372	0.00021	0.99606
795 C	0.00370	0.00024	0.99606
796 T	0.00369	0.00025	0.99606
797 C	0.00366	0.00028	0.99606
798 T	0.00362	0.00032	0.99606
799 A	0.00348	0.00046	0.99605
800 T	0.00337	0.00058	0.99605
801 C	0.00317	0.00077	0.99605
802 A	0.00289	0.00106	0.99605
803 A	0.00261	0.00133	0.99606
804 A	0.00244	0.00150	0.99606
805 C	0.00236	0.00157	0.99607
806 C	0.00232	0.00161	0.99607
807 A	0.00229	0.00164	0.99607
808 T	0.00228	0.00165	0.99607
809 C	0.00221	0.00171	0.99608
810 T	0.00215	0.00177	0.99608
811 T	0.00209	0.00182	0.99608
812 C	0.00196	0.00194	0.99609
813 A	0.00184	0.00206	0.9961
814 G	0.00178	0.00212	0.9961
815 G	0.00173	0.00216	0.99611
816 A	0.00160	0.00229	0.99611
817 A	0.00151	0.00238	0.99611
818 T	0.00145	0.00239	0.99616
819 G	0.00131	0.00248	0.99621
820 G	0.00122	0.00252	0.99626
821 A	0.00119	0.00249	0.99632
822 A	0.00117	0.00235	0.99648
823 G	0.00117	0.00220	0.99663
824 A	0.00116	0.00204	0.9968
825 T	0.00116	0.00179	0.99706
826 A	0.00115	0.00157	0.99728
827 T	0.00115	0.00141	0.99744
828 G	0.00114	0.00135	0.99751
829 A	0.00114	0.00131	0.99756
830 A	0.00113	0.00126	0.99761
831 A	0.00113	0.00120	0.99767
832 G	0.00113	0.00106	0.99781
833 C	0.00113	0.00094	0.99793
834 T	0.00113	0.00090	0.99797
835 G	0.00113	0.00083	0.99805
836 A	0.00112	0.00077	0.99811
837 T	0.00112	0.00073	0.99814
838 A	0.00110	0.00071	0.99818
839 T	0.00110	0.00055	0.99835
840 G	0.00108	0.00046	0.99845
841 A	0.00107	0.00041	0.99852
842 G	0.00106	0.00030	0.99864
843 T	0.00106	0.00023	0.99871
844 G	0.00105	0.00021	0.99874
845 G	0.00105	0.00020	0.99874
846 A	0.00104	0.00020	0.99875
847 G	0.00104	0.00019	0.99876
848 C	0.00105	0.00018	0.99877
849 T	0.00105	0.00017	0.99877
850 G	0.00105	0.00017	0.99878
851 C	0.00105	0.00016	0.99878
852 T	0.00105	0.00016	0.99878
853 A	0.00105	0.00016	0.99878
854 C	0.00105	0.00016	0.99879
855 A	0.00105	0.00016	0.99879
856 G	0.00105	0.00016	0.99879
857 T	0.00106	0.00015	0.99879
858 A	0.00106	0.00015	0.99879
859 G	0.00106	0.00014	0.9988
860 T	0.00107	0.00012	0.99881
861 T	0.00107	0.00010	0.99883
862 G	0.00107	0.00009	0.99884
863 G	0.00107	0.00007	0.99885
864 A	0.00108	0.00006	0.99886
865 T	0.00108	0.00005	0.99887
866 T	0.00108	0.00004	0.99887
867 G	0.00108	0.00003	0.99888
868 A	0.00108	0.00003	0.99889
869 T	0.00108	0.00003	0.99889
870 G	0.00108	0.00003	0.99889
871 C	0.00107	0.00003	0.99889
872 A	0.00108	0.00003	0.99889
873 T	0.00108	0.00003	0.99889
874 C	0.00108	0.00003	0.9989
875 T	0.00108	0.00003	0.99889
876 T	0.00107	0.00004	0.99889
877 T	0.00106	0.00005	0.99889
878 T	0.00104	0.00007	0.99889
879 A	0.00100	0.00010	0.99889
880 G	0.00098	0.00012	0.9989
881 C	0.00097	0.00013	0.9989
882 T	0.00097	0.00013	0.9989
883 T	0.00096	0.00014	0.9989
884 C	0.00095	0.00015	0.9989
885 T	0.00094	0.00016	0.9989
886 C	0.00091	0.00020	0.9989
887 G	0.00089	0.00021	0.9989
888 T	0.00089	0.00022	0.9989
889 A	0.00088	0.00023	0.9989
890 A	0.00087	0.00023	0.9989
891 A	0.00087	0.00023	0.9989
892 G	0.00086	0.00023	0.9989
893 C	0.00086	0.00023	0.99891
894 T	0.00085	0.00024	0.99891
895 A	0.00084	0.00025	0.99891
896 A	0.00084	0.00025	0.99891
897 A	0.00084	0.00025	0.99891
898 G	0.00084	0.00025	0.99891
899 T	0.00084	0.00023	0.99893
900 T	0.00084	0.00022	0.99894
901 A	0.00083	0.00021	0.99896
902 A	0.00083	0.00018	0.999
903 C	0.00083	0.00015	0.99902
904 G	0.00083	0.00014	0.99903
905 T	0.00083	0.00014	0.99903
906 T	0.00083	0.00013	0.99904
907 G	0.00083	0.00012	0.99905
908 T	0.00083	0.00011	0.99905
909 C	0.00083	0.00008	0.9991
910 G	0.00083	0.00008	0.9991
911 G	0.00083	0.00007	0.99909
912 T	0.00083	0.00007	0.9991
913 G	0.00083	0.00008	0.9991
914 T	0.00083	0.00008	0.99909
915 A	0.00083	0.00008	0.99909
916 A	0.00083	0.00008	0.99909
917 T	0.00083	0.00008	0.99909
918 T	0.00083	0.00007	0.9991
919 G	0.00083	0.00008	0.9991
920 G	0.00083	0.00008	0.9991
921 T	0.00083	0.00008	0.99909
922 T	0.00083	0.00009	0.99909
923 T	0.00082	0.00009	0.99909
924 A	0.00082	0.00009	0.99908
925 G	0.00082	0.00009	0.99908
926 T	0.00082	0.00009	0.99908
927 C	0.00082	0.00009	0.99908
928 G	0.00082	0.00009	0.99908
929 A	0.00082	0.00010	0.99908
930 A	0.00082	0.00010	0.99908
931 A	0.00082	0.00010	0.99908
932 A	0.00082	0.00010	0.99908
933 T	0.00083	0.00009	0.99908
934 A	0.00083	0.00008	0.99909
935 C	0.00083	0.00008	0.99909
936 T	0.00084	0.00007	0.99909
937 C	0.00084	0.00007	0.99909
938 C	0.00084	0.00007	0.99909
939 T	0.00085	0.00006	0.99909
940 A	0.00085	0.00006	0.99909
941 G	0.00085	0.00006	0.99909
942 T	0.00085	0.00007	0.99908
943 T	0.00083	0.00009	0.99908
944 C	0.00079	0.00012	0.99909
945 T	0.00076	0.00015	0.99909
946 A	0.00072	0.00019	0.99909
947 C	0.00070	0.00021	0.99909
948 C	0.00069	0.00022	0.99909
949 T	0.00068	0.00023	0.99909
950 C	0.00066	0.00024	0.99909
951 T	0.00066	0.00025	0.99909
952 C	0.00063	0.00028	0.99909
953 A	0.00061	0.00030	0.99909
954 A	0.00060	0.00031	0.99909
955 A	0.00060	0.00031	0.99909
956 G	0.00060	0.00031	0.99909
957 A	0.00060	0.00031	0.99909
958 C	0.00060	0.00030	0.9991
959 C	0.00060	0.00030	0.9991
960 A	0.00060	0.00030	0.9991
961 G	0.00060	0.00030	0.9991
962 G	0.00060	0.00030	0.9991
963 A	0.00060	0.00030	0.9991
964 G	0.00060	0.00029	0.9991
965 A	0.00060	0.00027	0.99913
966 T	0.00060	0.00024	0.99916
967 A	0.00060	0.00020	0.99919
968 T	0.00060	0.00017	0.99923
969 T	0.00060	0.00013	0.99926
970 G	0.00060	0.00012	0.99927
971 T	0.00060	0.00012	0.99928
972 G	0.00060	0.00012	0.99929
973 G	0.00060	0.00010	0.9993
974 T	0.00060	0.00009	0.99931
975 T	0.00060	0.00008	0.99932
976 T	0.00060	0.00007	0.99934
977 C	0.00058	0.00008	0.99934
978 C	0.00058	0.00009	0.99933
979 A	0.00057	0.00010	0.99933
980 T	0.00057	0.00010	0.99933
981 G	0.00057	0.00011	0.99933
982 T	0.00056	0.00011	0.99933
983 C	0.00056	0.00012	0.99933
984 G	0.00055	0.00012	0.99933
985 G	0.00054	0.00014	0.99932
986 G	0.00053	0.00015	0.99932
987 A	0.00052	0.00015	0.99932
988 C	0.00052	0.00015	0.99932
989 A	0.00053	0.00015	0.99932
990 A	0.00053	0.00015	0.99932
991 A	0.00053	0.00015	0.99932
992 C	0.00054	0.00014	0.99932
993 T	0.00054	0.00014	0.99932
994 A	0.00055	0.00013	0.99932
995 T	0.00056	0.00012	0.99932
996 T	0.00056	0.00012	0.99932
997 G	0.00056	0.00013	0.99932
998 A	0.00055	0.00013	0.99932
999 A	0.00054	0.00014	0.99933
1000 G	0.00053	0.00013	0.99934
1001 T	0.00054	0.00012	0.99934
1002 C	0.00053	0.00013	0.99934
1003 A	0.00052	0.00015	0.99933
1004 T	0.00051	0.00017	0.99932
1005 T	0.00049	0.00021	0.9993
1006 A	0.00046	0.00024	0.9993
1007 A	0.00044	0.00026	0.9993
1008 T	0.00043	0.00026	0.99932
1009 A	0.00040	0.00028	0.99932
1010 C	0.00039	0.00028	0.99933
1011 G	0.00038	0.00029	0.99933
1012 G	0.00037	0.00030	0.99933
1013 A	0.00037	0.00030	0.99933
1014 C	0.00037	0.00030	0.99933
1015 G	0.00037	0.00030	0.99933
1016 C	0.00037	0.00030	0.99933
1017 T	0.00037	0.00031	0.99933
1018 G	0.00037	0.00031	0.99932
1019 A	0.00037	0.00032	0.99932
1020 A	0.00037	0.00032	0.99932
1021 G	0.00037	0.00032	0.99932
1022 G	0.00037	0.00031	0.99933
1023 A	0.00037	0.00031	0.99933
1024 A	0.00037	0.00030	0.99934
1025 G	0.00037	0.00028	0.99935
1026 A	0.00039	0.00025	0.99936
1027 A	0.00041	0.00022	0.99937
1028 T	0.00043	0.00018	0.99939
1029 G	0.00043	0.00015	0.99943
1030 G	0.00043	0.00013	0.99944
1031 T	0.00043	0.00012	0.99945
1032 T	0.00043	0.00010	0.99947
1033 T	0.00043	0.00009	0.99948
1034 T	0.00043	0.00008	0.99948
1035 A	0.00043	0.00008	0.99949
1036 G	0.00042	0.00008	0.99949
1037 C	0.00042	0.00008	0.99949
1038 A	0.00042	0.00009	0.99949
1039 G	0.00042	0.00009	0.99949
1040 A	0.00043	0.00008	0.99949
1041 T	0.00043	0.00008	0.99949
1042 G	0.00044	0.00007	0.99949
1043 C	0.00044	0.00006	0.99949
1044 T	0.00045	0.00006	0.99949
1045 T	0.00046	0.00005	0.99949
1046 T	0.00046	0.00005	0.99949
1047 A	0.00046	0.00005	0.99949
1048 T	0.00046	0.00005	0.99949
1049 G	0.00045	0.00006	0.99949
1050 G	0.00045	0.00007	0.99948
1051 T	0.00046	0.00007	0.99948
1052 A	0.00046	0.00008	0.99947
1053 T	0.00046	0.00008	0.99947
1054 T	0.00046	0.00009	0.99946
1055 G	0.00045	0.00011	0.99944
1056 T	0.00043	0.00014	0.99943
1057 G	0.00041	0.00016	0.99942
1058 A	0.00040	0.00018	0.99942
1059 A	0.00039	0.00019	0.99942
1060 A	0.00038	0.00020	0.99942
1061 C	0.00039	0.00020	0.99942
1062 T	0.00038	0.00021	0.9994
1063 A	0.00038	0.00022	0.9994
1064 T	0.00038	0.00023	0.99939
1065 T	0.00038	0.00024	0.99938
1066 T	0.00037	0.00026	0.99937
1067 T	0.00036	0.00028	0.99936
1068 A	0.00035	0.00030	0.99936
1069 A	0.00034	0.00030	0.99936
1070 A	0.00034	0.00031	0.99936
1071 A	0.00034	0.00031	0.99936
1072 C	0.00034	0.00030	0.99937
1073 C	0.00035	0.00029	0.99937
1074 T	0.00036	0.00028	0.99936
1075 A	0.00036	0.00028	0.99936
1076 A	0.00037	0.00028	0.99936
1077 A	0.00038	0.00027	0.99936
1078 T	0.00039	0.00024	0.99937
1079 T	0.00040	0.00021	0.99938
1080 A	0.00040	0.00019	0.99941
1081 A	0.00041	0.00018	0.99942
1082 T	0.00041	0.00016	0.99943
1083 G	0.00042	0.00015	0.99943
1084 A	0.00042	0.00015	0.99943
1085 T	0.00043	0.00014	0.99943
1086 T	0.00044	0.00014	0.99942
1087 G	0.00045	0.00015	0.99941
1088 A	0.00045	0.00015	0.9994
1089 T	0.00046	0.00014	0.9994
1090 T	0.00047	0.00012	0.9994
1091 T	0.00047	0.00011	0.99941
1092 A	0.00046	0.00012	0.99942
1093 G	0.00046	0.00012	0.99942
1094 C	0.00045	0.00012	0.99942
1095 T	0.00045	0.00012	0.99942
1096 A	0.00045	0.00012	0.99942
1097 C	0.00045	0.00012	0.99942
1098 T	0.00045	0.00012	0.99942
1099 T	0.00045	0.00012	0.99942
1100 T	0.00045	0.00013	0.99942
1101 A	0.00044	0.00013	0.99942
1102 A	0.00044	0.00013	0.99942
1103 C	0.00044	0.00013	0.99943
1104 A	0.00044	0.00013	0.99943
1105 G	0.00044	0.00013	0.99943
1106 G	0.00044	0.00012	0.99943
1107 A	0.00045	0.00011	0.99943
1108 G	0.00046	0.00011	0.99944
1109 C	0.00048	0.00009	0.99944
1110 T	0.00049	0.00007	0.99944
1111 A	0.00050	0.00006	0.99944
1112 T	0.00051	0.00006	0.99944
1113 T	0.00051	0.00006	0.99943
1114 T	0.00051	0.00007	0.99942
1115 T	0.00051	0.00007	0.99942
1116 A	0.00050	0.00008	0.99941
1117 G	0.00050	0.00008	0.99941
1118 T	0.00050	0.00008	0.99941
1119 A	0.00050	0.00009	0.99941
1120 G	0.00050	0.00009	0.99941
1121 C	0.00051	0.00009	0.9994
1122 T	0.00051	0.00011	0.99938
1123 T	0.00051	0.00014	0.99936
1124 T	0.00051	0.00015	0.99934
1125 A	0.00050	0.00015	0.99934
1126 G	0.00050	0.00016	0.99934
1127 G	0.00050	0.00016	0.99934
1128 T	0.00050	0.00016	0.99934
1129 C	0.00050	0.00016	0.99934
1130 A	0.00050	0.00016	0.99934
1131 A	0.00050	0.00016	0.99933
1132 G	0.00050	0.00016	0.99933
1133 A	0.00050	0.00016	0.99933
1134 A	0.00050	0.00016	0.99933
1135 C	0.00051	0.00015	0.99933
1136 A	0.00051	0.00015	0.99933
1137 T	0.00053	0.00014	0.99933
1138 G	0.00053	0.00013	0.99934
1139 C	0.00054	0.00012	0.99934
1140 C	0.00054	0.00011	0.99934
1141 G	0.00055	0.00011	0.99934
1142 G	0.00056	0.00011	0.99934
1143 T	0.00057	0.00009	0.99934
1144 C	0.00058	0.00008	0.99934
1145 T	0.00061	0.00006	0.99933
1146 T	0.00062	0.00004	0.99933
1147 T	0.00063	0.00004	0.99933
1148 T	0.00063	0.00004	0.99933
1149 C	0.00063	0.00004	0.99933
1150 T	0.00063	0.00005	0.99932
1151 C	0.00062	0.00007	0.9993
1152 T	0.00062	0.00013	0.99925
1153 A	0.00061	0.00031	0.99907
1154 A	0.00059	0.00050	0.9989
1155 T	0.00058	0.00062	0.99881
1156 G	0.00056	0.00065	0.99878
1157 A	0.00052	0.00071	0.99876
1158 A	0.00050	0.00074	0.99876
1159 A	0.00050	0.00075	0.99875
1160 C	0.00049	0.00076	0.99875
1161 T	0.00048	0.00077	0.99874
1162 A	0.00048	0.00079	0.99873
1163 A	0.00048	0.00080	0.99872
1164 A	0.00048	0.00081	0.99871
1165 T	0.00048	0.00081	0.99871
1166 T	0.00048	0.00081	0.99871
1167 A	0.00048	0.00081	0.99871
1168 A	0.00048	0.00081	0.99871
1169 C	0.00048	0.00080	0.99872
1170 T	0.00048	0.00080	0.99872
1171 C	0.00048	0.00081	0.99872
1172 A	0.00048	0.00080	0.99872
1173 A	0.00050	0.00079	0.99871
1174 C	0.00052	0.00077	0.99871
1175 A	0.00056	0.00073	0.9987
1176 G	0.00074	0.00055	0.99871
1177 T	0.00092	0.00036	0.99872
1178 T	0.00101	0.00029	0.99871
1179 A	0.00101	0.00032	0.99867
1180 T	0.00102	0.00032	0.99867
1181 T	0.00100	0.00034	0.99866
1182 A	0.00083	0.00054	0.99863
1183 G	0.00066	0.00070	0.99864
1184 A	0.00054	0.00084	0.99863
1185 C	0.00052	0.00086	0.99862
1186 G	0.00049	0.00093	0.99858
1187 C	0.00048	0.00099	0.99853
1188 A	0.00045	0.00113	0.99842
1189 G	0.00044	0.00120	0.99835
1190 G	0.00044	0.00122	0.99834
1191 A	0.00044	0.00124	0.99833
1192 A	0.00043	0.00125	0.99832
1193 A	0.00043	0.00126	0.99831
1194 C	0.00043	0.00126	0.99831
1195 A	0.00043	0.00126	0.99831
1196 A	0.00043	0.00126	0.99831
1197 A	0.00043	0.00127	0.9983
1198 A	0.00044	0.00126	0.9983
1199 C	0.00045	0.00125	0.9983
1200 A	0.00046	0.00124	0.9983
1201 G	0.00049	0.00122	0.9983
1202 G	0.00053	0.00117	0.9983
1203 A	0.00057	0.00111	0.99831
1204 G	0.00059	0.00108	0.99833
1205 A	0.00063	0.00087	0.9985
1206 A	0.00065	0.00067	0.99868
1207 C	0.00068	0.00048	0.99884
1208 G	0.00071	0.00042	0.99887
1209 C	0.00078	0.00033	0.9989
1210 T	0.00083	0.00028	0.9989
1211 T	0.00091	0.00020	0.99889
1212 G	0.00093	0.00018	0.99889
1213 T	0.00094	0.00017	0.99889
1214 G	0.00092	0.00021	0.99887
1215 G	0.00090	0.00022	0.99888
1216 T	0.00090	0.00023	0.99887
1217 C	0.00088	0.00026	0.99886
1218 A	0.00087	0.00028	0.99885
1219 A	0.00086	0.00028	0.99885
1220 T	0.00087	0.00028	0.99885
1221 G	0.00087	0.00028	0.99885
1222 C	0.00087	0.00028	0.99885
1223 C	0.00087	0.00028	0.99885
1224 T	0.00088	0.00028	0.99884
1225 T	0.00088	0.00029	0.99883
1226 T	0.00087	0.00031	0.99882
1227 A	0.00085	0.00034	0.99881
1228 A	0.00083	0.00037	0.9988
1229 G	0.00082	0.00038	0.9988
1230 T	0.00081	0.00039	0.9988
1231 G	0.00078	0.00043	0.99879
1232 A	0.00077	0.00045	0.99879
1233 A	0.00077	0.00045	0.99877
1234 G	0.00077	0.00046	0.99877
1235 A	0.00078	0.00045	0.99877
1236 A	0.00079	0.00045	0.99877
1237 T	0.00080	0.00041	0.99878
1238 A	0.00081	0.00041	0.99878
1239 T	0.00082	0.00038	0.99879
1240 G	0.00082	0.00037	0.99881
1241 A	0.00082	0.00036	0.99882
1242 T	0.00082	0.00035	0.99883
1243 C	0.00083	0.00034	0.99883
1244 G	0.00083	0.00035	0.99883
1245 T	0.00084	0.00036	0.9988
1246 T	0.00084	0.00038	0.99877
1247 T	0.00085	0.00040	0.99875
1248 A	0.00085	0.00044	0.99871
1249 A	0.00085	0.00045	0.9987
1250 T	0.00086	0.00043	0.99871
1251 T	0.00086	0.00044	0.9987
1252 A	0.00085	0.00048	0.99867
1253 A	0.00085	0.00049	0.99866
1254 T	0.00086	0.00050	0.99864
1255 A	0.00083	0.00058	0.99859
1256 G	0.00083	0.00062	0.99855
1257 T	0.00084	0.00063	0.99853
1258 A	0.00084	0.00067	0.99849
1259 A	0.00085	0.00071	0.99845
1260 A	0.00086	0.00072	0.99842
1261 A	0.00088	0.00071	0.99841
1262 A	0.00089	0.00070	0.99841
1263 T	0.00090	0.00068	0.99841
1264 G	0.00091	0.00068	0.99841
1265 C	0.00091	0.00068	0.9984
1266 T	0.00093	0.00069	0.99838
1267 G	0.00094	0.00073	0.99834
1268 A	0.00095	0.00074	0.99831
1269 T	0.00099	0.00072	0.99829
1270 A	0.00101	0.00072	0.99827
1271 T	0.00105	0.00069	0.99826
1272 G	0.00106	0.00070	0.99824
1273 A	0.00108	0.00075	0.99817
1274 A	0.00110	0.00073	0.99817
1275 A	0.00114	0.00069	0.99818
1276 A	0.00117	0.00065	0.99819
1277 A	0.00121	0.00060	0.9982
1278 C	0.00128	0.00049	0.99823
1279 T	0.00133	0.00044	0.99823
1280 C	0.00135	0.00041	0.99823
1281 C	0.00138	0.00038	0.99823
1282 G	0.00141	0.00036	0.99823
1283 C	0.00143	0.00033	0.99823
1284 G	0.00143	0.00033	0.99823
1285 G	0.00144	0.00032	0.99823
1286 G	0.00145	0.00031	0.99823
1287 T	0.00148	0.00028	0.99823
1288 C	0.00150	0.00027	0.99823
1289 G	0.00152	0.00025	0.99823
1290 T	0.00156	0.00021	0.99822
1291 T	0.00159	0.00019	0.99822
1292 A	0.00160	0.00018	0.99822
1293 C	0.00162	0.00016	0.99822
1294 G	0.00163	0.00016	0.99821
1295 C	0.00166	0.00014	0.9982
1296 T	0.00172	0.00011	0.99818
1297 A	0.00172	0.00011	0.99817
1298 G	0.00173	0.00011	0.99817
1299 T	0.00173	0.00011	0.99817
1300 T	0.00172	0.00011	0.99816
1301 C	0.00172	0.00012	0.99816
1302 A	0.00170	0.00015	0.99815
1303 A	0.00170	0.00016	0.99814
1304 T	0.00170	0.00017	0.99813
1305 T	0.00169	0.00019	0.99812
1306 A	0.00168	0.00020	0.99812
1307 C	0.00168	0.00021	0.99812
1308 A	0.00167	0.00022	0.99811
1309 G	0.00167	0.00022	0.99811
1310 C	0.00167	0.00022	0.99811
1311 G	0.00168	0.00021	0.99811
1312 G	0.00168	0.00021	0.99811
1313 C	0.00169	0.00020	0.99811
1314 T	0.00170	0.00019	0.99811
1315 C	0.00170	0.00019	0.99811
1316 A	0.00170	0.00019	0.9981
1317 A	0.00171	0.00019	0.9981
1318 T	0.00173	0.00018	0.9981
1319 T	0.00174	0.00016	0.99809
1320 T	0.00175	0.00016	0.99809
1321 T	0.00175	0.00016	0.99808
1322 T	0.00175	0.00016	0.99808
1323 A	0.00175	0.00016	0.99809
1324 A	0.00175	0.00016	0.99809
1325 A	0.00177	0.00014	0.9981
1326 A	0.00177	0.00013	0.9981
1327 C	0.00178	0.00011	0.99811
1328 G	0.00179	0.00010	0.99811
1329 T	0.00180	0.00010	0.9981
