# lcl|CP097583.1_cds_USQ93200.1_1
# AA	inside	membr	outside
1 A	0.57821	0.00000	0.42179
2 T	0.57812	0.00009	0.42179
3 G	0.57804	0.00017	0.42179
4 T	0.57804	0.06189	0.36006
5 T	0.57251	0.13033	0.29716
6 C	0.57251	0.14295	0.28454
7 A	0.41270	0.31266	0.27464
8 T	0.41270	0.31279	0.27451
9 A	0.38396	0.34479	0.27125
10 A	0.38390	0.55369	0.06241
11 A	0.37940	0.56593	0.05467
12 T	0.33600	0.61151	0.05248
13 A	0.27196	0.67960	0.04844
14 A	0.27195	0.67961	0.04844
15 A	0.27195	0.71056	0.01749
16 A	0.27097	0.71155	0.01749
17 C	0.26933	0.71352	0.01715
18 G	0.26909	0.71455	0.01636
19 A	0.26637	0.71733	0.01629
20 A	0.25930	0.72504	0.01566
21 A	0.24812	0.73622	0.01566
22 C	0.24832	0.73606	0.01563
23 C	0.24983	0.73456	0.01561
24 A	0.25342	0.73116	0.01542
25 A	0.26178	0.72238	0.01584
26 A	0.26952	0.71438	0.01609
27 T	0.33323	0.64908	0.0177
28 T	0.39338	0.58282	0.0238
29 T	0.40999	0.55342	0.03658
30 T	0.42601	0.39373	0.18026
31 A	0.42814	0.38537	0.18649
32 A	0.43396	0.34877	0.21727
33 T	0.59120	0.17194	0.23686
34 T	0.59869	0.15538	0.24593
35 C	0.60175	0.11704	0.28121
36 A	0.60602	0.08858	0.3054
37 A	0.60774	0.08899	0.30327
38 T	0.63478	0.06816	0.29706
39 A	0.63464	0.15510	0.21027
40 A	0.63842	0.15806	0.20353
41 T	0.64292	0.16114	0.19594
42 T	0.64567	0.16737	0.18696
43 A	0.64656	0.16657	0.18687
44 T	0.64791	0.17579	0.1763
45 T	0.64760	0.18318	0.16923
46 T	0.64713	0.19125	0.16162
47 T	0.64593	0.19360	0.16047
48 T	0.64459	0.19590	0.15951
49 T	0.64345	0.19990	0.15665
50 T	0.64184	0.20273	0.15544
51 C	0.64030	0.20503	0.15467
52 T	0.63760	0.21091	0.1515
53 T	0.63185	0.22032	0.14783
54 A	0.62759	0.23252	0.1399
55 T	0.62625	0.23464	0.13911
56 T	0.62440	0.23713	0.13847
57 A	0.62062	0.24137	0.13801
58 A	0.61980	0.24225	0.13795
59 C	0.62459	0.23685	0.13856
60 A	0.62802	0.23374	0.13825
61 A	0.63798	0.22394	0.13808
62 T	0.72672	0.13507	0.13821
63 A	0.73790	0.12481	0.13729
64 T	0.75951	0.10351	0.13698
65 T	0.77244	0.09075	0.13681
66 T	0.77877	0.08455	0.13668
67 A	0.78651	0.07700	0.1365
68 T	0.79386	0.06852	0.13762
69 T	0.79950	0.06234	0.13816
70 T	0.80096	0.06005	0.13899
71 T	0.80192	0.05846	0.13961
72 T	0.80357	0.05617	0.14027
73 T	0.80352	0.05551	0.14097
74 A	0.80221	0.05715	0.14064
75 T	0.80457	0.05252	0.14291
76 A	0.80702	0.04630	0.14669
77 T	0.81424	0.03475	0.15102
78 T	0.81453	0.03328	0.15219
79 T	0.81410	0.03341	0.15249
80 T	0.81316	0.03342	0.15342
81 T	0.80903	0.03922	0.15175
82 A	0.80213	0.04762	0.15025
83 T	0.80069	0.04936	0.14994
84 A	0.79866	0.05250	0.14883
85 T	0.79876	0.05391	0.14732
86 T	0.79871	0.05638	0.14492
87 A	0.79679	0.06143	0.14178
88 T	0.79626	0.06512	0.13862
89 A	0.79480	0.07027	0.13493
90 T	0.79523	0.07068	0.13409
91 T	0.79509	0.07046	0.13445
92 T	0.79423	0.07087	0.1349
93 T	0.79239	0.07229	0.13533
94 T	0.79178	0.07216	0.13606
95 C	0.79023	0.07302	0.13675
96 A	0.78855	0.07550	0.13595
97 T	0.78840	0.07544	0.13616
98 T	0.78671	0.07775	0.13554
99 T	0.78151	0.08391	0.13459
100 G	0.77185	0.09573	0.13242
101 A	0.76680	0.10318	0.13002
102 T	0.76409	0.10748	0.12843
103 A	0.75535	0.11848	0.12617
104 T	0.72727	0.14698	0.12575
105 T	0.66244	0.21390	0.12366
106 A	0.57671	0.30691	0.11639
107 G	0.48191	0.40709	0.111
108 A	0.42848	0.47566	0.09587
109 A	0.40420	0.51457	0.08123
110 A	0.39432	0.52981	0.07587
111 A	0.38715	0.54537	0.06748
112 T	0.38074	0.55192	0.06734
113 T	0.35274	0.58355	0.06371
114 A	0.26878	0.67480	0.05642
115 A	0.20051	0.75030	0.04919
116 C	0.18365	0.76788	0.04847
117 G	0.17107	0.78150	0.04743
118 A	0.16075	0.79348	0.04577
119 A	0.15749	0.79604	0.04647
120 T	0.15481	0.79753	0.04767
121 C	0.15077	0.80039	0.04884
122 A	0.14875	0.79902	0.05223
123 A	0.14868	0.79320	0.05812
124 A	0.15146	0.78564	0.06291
125 T	0.15574	0.77557	0.06869
126 A	0.15902	0.76423	0.07674
127 A	0.16507	0.70982	0.12511
128 T	0.17421	0.62405	0.20173
129 A	0.17952	0.55767	0.2628
130 A	0.18400	0.49539	0.32061
131 A	0.19612	0.47651	0.32737
132 T	0.21039	0.46312	0.32649
133 A	0.21565	0.49398	0.29037
134 A	0.22496	0.49508	0.27996
135 A	0.22950	0.48835	0.28214
136 A	0.23589	0.46074	0.30337
137 A	0.24499	0.38415	0.37086
138 T	0.25684	0.31521	0.42795
139 A	0.26102	0.34082	0.39816
140 T	0.26467	0.41417	0.32116
141 T	0.26723	0.49910	0.23367
142 A	0.26734	0.56002	0.17264
143 T	0.26553	0.56978	0.16469
144 T	0.25785	0.58836	0.1538
145 A	0.24791	0.60670	0.14539
146 T	0.23785	0.63466	0.12749
147 C	0.21479	0.69635	0.08886
148 G	0.20546	0.72066	0.07389
149 A	0.20054	0.73746	0.062
150 A	0.20100	0.74591	0.05309
151 A	0.20298	0.74540	0.05162
152 C	0.21202	0.73647	0.05151
153 A	0.24038	0.70776	0.05186
154 T	0.29512	0.65248	0.0524
155 C	0.32610	0.62140	0.0525
156 T	0.36736	0.58009	0.05254
157 C	0.37784	0.57007	0.05209
158 A	0.38278	0.56605	0.05118
159 A	0.38802	0.56169	0.05029
160 C	0.39674	0.55377	0.04949
161 A	0.40716	0.54618	0.04665
162 A	0.45541	0.49901	0.04557
163 T	0.56044	0.39524	0.04431
164 T	0.63950	0.31674	0.04377
165 A	0.63317	0.32406	0.04277
166 A	0.60835	0.34488	0.04677
167 T	0.60856	0.33370	0.05774
168 A	0.60021	0.33005	0.06975
169 A	0.61256	0.30385	0.08359
170 C	0.64874	0.24496	0.10631
171 T	0.66306	0.22476	0.11218
172 C	0.66659	0.21788	0.11553
173 A	0.65882	0.22543	0.11574
174 T	0.61830	0.26569	0.116
175 C	0.47966	0.40494	0.1154
176 C	0.37585	0.51231	0.11184
177 A	0.33451	0.56493	0.10056
178 G	0.30663	0.60627	0.0871
179 A	0.29200	0.63846	0.06954
180 T	0.28557	0.65342	0.06101
181 A	0.26792	0.67980	0.05227
182 A	0.25830	0.68537	0.05634
183 A	0.25489	0.67993	0.06519
184 T	0.25515	0.67120	0.07365
185 A	0.25419	0.66521	0.0806
186 T	0.25516	0.65782	0.08702
187 A	0.25467	0.64814	0.0972
188 A	0.25496	0.60102	0.14402
189 T	0.25443	0.56429	0.18127
190 C	0.25344	0.54646	0.2001
191 C	0.25290	0.54285	0.20425
192 A	0.25032	0.55825	0.19143
193 A	0.24805	0.57375	0.17819
194 A	0.24724	0.57732	0.17543
195 T	0.24489	0.57864	0.17647
196 G	0.24246	0.57252	0.18502
197 A	0.24200	0.53646	0.22153
198 A	0.24333	0.40988	0.34679
199 G	0.24950	0.31342	0.43708
200 A	0.26162	0.28514	0.45325
201 T	0.27895	0.28315	0.4379
202 A	0.28939	0.38886	0.32175
203 T	0.29772	0.41932	0.28296
204 T	0.30356	0.44908	0.24736
205 G	0.30257	0.45419	0.24324
206 A	0.30195	0.47318	0.22487
207 T	0.30287	0.50554	0.19159
208 A	0.30071	0.52277	0.17652
209 C	0.29606	0.53009	0.17385
210 A	0.28055	0.55344	0.16601
211 A	0.27023	0.56853	0.16125
212 C	0.26167	0.58194	0.15638
213 G	0.25614	0.59899	0.14486
214 A	0.25648	0.59964	0.14388
215 A	0.26811	0.58637	0.14552
216 T	0.28294	0.56978	0.14729
217 A	0.28652	0.56764	0.14584
218 C	0.29091	0.56406	0.14503
219 A	0.29612	0.57353	0.13035
220 A	0.31077	0.56778	0.12145
221 A	0.32811	0.55792	0.11396
222 T	0.36305	0.52382	0.11313
223 G	0.38595	0.50101	0.11303
224 A	0.43681	0.44849	0.11469
225 T	0.55437	0.32531	0.12032
226 C	0.59105	0.28757	0.12138
227 C	0.62974	0.25001	0.12025
228 A	0.63963	0.24394	0.11643
229 A	0.65748	0.22742	0.1151
230 A	0.68644	0.19824	0.11532
231 T	0.70581	0.17727	0.11692
232 T	0.71144	0.16861	0.11994
233 T	0.71289	0.15433	0.13278
234 A	0.70357	0.16269	0.13375
235 T	0.70397	0.15298	0.14305
236 T	0.69905	0.15373	0.14721
237 G	0.68047	0.17135	0.14818
238 G	0.67745	0.17288	0.14966
239 C	0.67668	0.17278	0.15054
240 A	0.67417	0.17551	0.15032
241 G	0.67719	0.17215	0.15066
242 C	0.69220	0.15718	0.15062
243 A	0.69979	0.14985	0.15036
244 A	0.70531	0.14485	0.14983
245 C	0.70636	0.14327	0.15037
246 A	0.70706	0.14405	0.14889
247 C	0.70846	0.14452	0.14702
248 T	0.71154	0.14558	0.14289
249 T	0.71324	0.14678	0.13999
250 T	0.71168	0.14891	0.13941
251 T	0.70759	0.14972	0.14269
252 G	0.68751	0.17633	0.13616
253 A	0.66979	0.19213	0.13807
254 C	0.65017	0.20214	0.14769
255 A	0.62747	0.22287	0.14967
256 G	0.61560	0.22711	0.15728
257 C	0.60746	0.22898	0.16356
258 T	0.59388	0.27272	0.13339
259 T	0.57722	0.31077	0.11201
260 T	0.53122	0.38665	0.08213
261 A	0.45572	0.48457	0.05971
262 A	0.39407	0.55773	0.0482
263 G	0.34907	0.60817	0.04276
264 A	0.33146	0.62999	0.03855
265 A	0.32286	0.63982	0.03732
266 A	0.31858	0.64545	0.03597
267 A	0.31634	0.64634	0.03733
268 A	0.31516	0.64608	0.03876
269 A	0.31634	0.64379	0.03987
270 A	0.31806	0.64008	0.04186
271 C	0.32161	0.63296	0.04542
272 A	0.32555	0.62817	0.04629
273 T	0.32721	0.62225	0.05053
274 A	0.32792	0.61828	0.05379
275 A	0.33630	0.59525	0.06845
276 T	0.34260	0.57519	0.08222
277 A	0.34467	0.55341	0.10193
278 A	0.34790	0.52239	0.1297
279 A	0.35688	0.48808	0.15504
280 T	0.37648	0.43220	0.19133
281 T	0.41751	0.36114	0.22135
282 A	0.44030	0.32396	0.23573
283 T	0.47468	0.24892	0.2764
284 A	0.48399	0.18812	0.32789
285 T	0.48075	0.13826	0.38098
286 T	0.44056	0.16340	0.39603
287 G	0.29523	0.35289	0.35188
288 G	0.19927	0.50546	0.29526
289 A	0.13876	0.64764	0.2136
290 A	0.10472	0.74147	0.15381
291 A	0.09261	0.75808	0.14931
292 A	0.08690	0.76528	0.14782
293 A	0.08411	0.76836	0.14753
294 T	0.08406	0.76854	0.1474
295 C	0.08263	0.77249	0.14488
296 A	0.08114	0.77767	0.14119
297 G	0.08123	0.77912	0.13965
298 T	0.08195	0.77838	0.13968
299 A	0.08168	0.77873	0.1396
300 T	0.08239	0.77762	0.14
301 G	0.08226	0.77549	0.14225
302 C	0.08288	0.77384	0.14328
303 T	0.08356	0.77308	0.14336
304 G	0.08425	0.77240	0.14335
305 A	0.08664	0.77006	0.1433
306 A	0.09209	0.76357	0.14435
307 A	0.10107	0.75131	0.14762
308 A	0.11270	0.72168	0.16562
309 A	0.14737	0.63126	0.22137
310 T	0.21464	0.41109	0.37427
311 T	0.26975	0.25913	0.47111
312 A	0.33517	0.14254	0.52229
313 C	0.38575	0.06319	0.55106
314 T	0.39373	0.04968	0.55658
315 T	0.39525	0.04574	0.55902
316 G	0.39150	0.04993	0.55857
317 G	0.39146	0.05215	0.55639
318 T	0.39547	0.05423	0.55031
319 T	0.39654	0.10905	0.49441
320 T	0.39225	0.21422	0.39353
321 T	0.37345	0.29770	0.32886
322 T	0.34344	0.37894	0.27762
323 T	0.29385	0.49937	0.20678
324 A	0.20403	0.68488	0.11109
325 A	0.16870	0.74874	0.08256
326 A	0.14940	0.78507	0.06553
327 A	0.13435	0.81457	0.05108
328 G	0.12481	0.82813	0.04705
329 A	0.10968	0.85565	0.03468
330 A	0.10009	0.86867	0.03123
331 A	0.09783	0.87305	0.02912
332 G	0.09718	0.87435	0.02847
333 A	0.09697	0.87506	0.02797
334 G	0.09741	0.87433	0.02826
335 A	0.09878	0.87356	0.02767
336 T	0.10166	0.87091	0.02743
337 A	0.10300	0.87584	0.02116
338 A	0.10279	0.87706	0.02015
339 A	0.10421	0.87290	0.02289
340 G	0.10663	0.86798	0.02539
341 A	0.11536	0.85718	0.02746
342 A	0.19853	0.76295	0.03852
343 T	0.36395	0.57928	0.05678
344 T	0.46641	0.44681	0.08678
345 A	0.50136	0.38899	0.10964
346 T	0.53884	0.30871	0.15245
347 T	0.55818	0.22093	0.22089
348 A	0.53342	0.22745	0.23913
349 A	0.53597	0.20780	0.25624
350 C	0.54706	0.18330	0.26964
351 A	0.54796	0.17889	0.27315
352 T	0.55590	0.16194	0.28216
353 C	0.54254	0.17366	0.28381
354 T	0.43427	0.29406	0.27167
355 C	0.25710	0.48358	0.25931
356 A	0.15297	0.63509	0.21193
357 A	0.11481	0.69964	0.18554
358 A	0.09209	0.75827	0.14964
359 A	0.08714	0.77893	0.13393
360 T	0.09397	0.79436	0.11167
361 A	0.09341	0.82318	0.08341
362 A	0.09250	0.83860	0.0689
363 T	0.09285	0.84149	0.06567
364 T	0.09166	0.84661	0.06173
365 T	0.08796	0.85604	0.056
366 A	0.07247	0.88150	0.04602
367 A	0.06934	0.88335	0.04731
368 G	0.06970	0.87651	0.05378
369 A	0.06862	0.87452	0.05685
370 A	0.07089	0.86394	0.06517
371 C	0.07703	0.83021	0.09275
372 A	0.07311	0.83612	0.09077
373 A	0.07461	0.83519	0.0902
374 A	0.08085	0.82737	0.09178
375 A	0.09039	0.81425	0.09537
376 A	0.10879	0.78279	0.10842
377 T	0.12839	0.63105	0.24056
378 A	0.13087	0.46457	0.40456
379 G	0.15137	0.34982	0.49881
380 A	0.14758	0.41174	0.44068
381 A	0.16653	0.49384	0.33963
382 G	0.16303	0.65010	0.18687
383 A	0.17506	0.72933	0.09561
384 A	0.19728	0.73526	0.06745
385 T	0.21102	0.72139	0.06759
386 T	0.20129	0.73639	0.06231
387 A	0.13557	0.81124	0.0532
388 A	0.11910	0.82572	0.05518
389 C	0.11404	0.81733	0.06863
390 A	0.10217	0.82822	0.06961
391 A	0.09943	0.82963	0.07094
392 C	0.10252	0.82549	0.07199
393 A	0.10399	0.82396	0.07205
394 A	0.10483	0.82280	0.07237
395 C	0.10231	0.81946	0.07823
396 T	0.09928	0.82284	0.07787
397 C	0.08358	0.83978	0.07664
398 A	0.07296	0.85808	0.06896
399 A	0.06431	0.86925	0.06644
400 A	0.06618	0.86926	0.06456
401 A	0.07675	0.85208	0.07117
402 G	0.10383	0.81873	0.07745
403 G	0.19947	0.70330	0.09724
404 A	0.31213	0.57720	0.11067
405 T	0.47240	0.39579	0.1318
406 T	0.54960	0.30536	0.14504
407 T	0.56410	0.28710	0.1488
408 A	0.54724	0.29810	0.15466
409 A	0.51679	0.30744	0.17577
410 C	0.48455	0.26750	0.24795
411 T	0.43126	0.31228	0.25646
412 C	0.38615	0.36895	0.24491
413 A	0.35247	0.47610	0.17143
414 A	0.30748	0.59525	0.09727
415 A	0.26202	0.67335	0.06462
416 A	0.23060	0.71330	0.05609
417 A	0.14127	0.81326	0.04547
418 G	0.11784	0.82516	0.05701
419 A	0.10787	0.83081	0.06133
420 A	0.09754	0.82570	0.07675
421 A	0.09374	0.82929	0.07696
422 C	0.08751	0.82940	0.08308
423 A	0.07777	0.86020	0.06202
424 G	0.07727	0.88023	0.0425
425 A	0.07840	0.89274	0.02885
426 A	0.08403	0.89280	0.02316
427 T	0.09477	0.88421	0.02101
428 T	0.09868	0.88028	0.02104
429 A	0.09216	0.88803	0.01981
430 A	0.08796	0.88345	0.02859
431 A	0.08466	0.86618	0.04916
432 A	0.08425	0.83017	0.08559
433 A	0.08951	0.78341	0.12707
434 C	0.10322	0.70675	0.19003
435 A	0.12483	0.65122	0.22394
436 A	0.19146	0.56221	0.24633
437 T	0.26011	0.47075	0.26914
438 T	0.28308	0.43560	0.28132
439 A	0.27366	0.45288	0.27346
440 A	0.26700	0.39427	0.33873
441 A	0.25971	0.40019	0.3401
442 A	0.25101	0.39634	0.35265
443 G	0.25385	0.37867	0.36749
444 T	0.28047	0.34810	0.37143
445 A	0.28271	0.35909	0.35819
446 C	0.29763	0.35751	0.34486
447 T	0.30080	0.39433	0.30487
448 T	0.28283	0.45005	0.26712
449 T	0.23876	0.59345	0.16779
450 A	0.19090	0.65136	0.15774
451 A	0.17598	0.66964	0.15439
452 A	0.15328	0.68725	0.15946
453 T	0.13786	0.69781	0.16433
454 C	0.11768	0.71821	0.1641
455 G	0.08060	0.77400	0.14541
456 A	0.05578	0.81196	0.13226
457 A	0.04845	0.83765	0.11389
458 A	0.04944	0.84209	0.10847
459 A	0.05706	0.83750	0.10543
460 G	0.07269	0.81938	0.10793
461 A	0.08955	0.80216	0.10828
462 A	0.10768	0.77320	0.11912
463 G	0.12530	0.75504	0.11966
464 A	0.13765	0.74209	0.12025
465 A	0.13463	0.74209	0.12328
466 G	0.13153	0.74667	0.12181
467 A	0.14521	0.73601	0.11879
468 A	0.18338	0.68858	0.12803
469 T	0.24210	0.61649	0.1414
470 T	0.27743	0.56274	0.15982
471 A	0.29018	0.53534	0.17448
472 T	0.35340	0.42786	0.21873
473 T	0.35001	0.38760	0.26238
474 A	0.33231	0.39519	0.27249
475 A	0.32749	0.37171	0.3008
476 C	0.32802	0.35001	0.32197
477 A	0.33126	0.33310	0.33565
478 T	0.34749	0.28775	0.36476
479 C	0.35313	0.26836	0.37851
480 T	0.33514	0.29256	0.3723
481 C	0.30600	0.33475	0.35925
482 A	0.28722	0.40431	0.30846
483 A	0.27388	0.45343	0.27268
484 A	0.26730	0.52089	0.21181
485 A	0.27021	0.55007	0.17973
486 T	0.28729	0.57599	0.13672
487 A	0.29184	0.60975	0.09841
488 A	0.30007	0.60485	0.09508
489 T	0.30782	0.58924	0.10294
490 T	0.30905	0.59486	0.09609
491 T	0.30353	0.61161	0.08485
492 A	0.22539	0.71346	0.06115
493 A	0.21778	0.71905	0.06318
494 G	0.21288	0.71373	0.07339
495 A	0.20384	0.72252	0.07364
496 A	0.20030	0.72509	0.07461
497 C	0.19853	0.72263	0.07884
498 A	0.17739	0.77264	0.04998
499 A	0.17299	0.77931	0.0477
500 A	0.17226	0.78082	0.04692
501 A	0.17530	0.77460	0.05011
502 A	0.18327	0.76224	0.05449
503 C	0.19526	0.70342	0.10132
504 A	0.20309	0.67382	0.12309
505 G	0.24032	0.62077	0.1389
506 A	0.26303	0.60466	0.13232
507 A	0.32559	0.54625	0.12816
508 G	0.35392	0.52711	0.11898
509 C	0.40576	0.47537	0.11887
510 T	0.45286	0.43763	0.1095
511 T	0.45964	0.43225	0.1081
512 T	0.43719	0.46553	0.09729
513 A	0.32801	0.58529	0.0867
514 A	0.29733	0.61309	0.08958
515 C	0.28943	0.54130	0.16927
516 A	0.27177	0.55265	0.17558
517 A	0.26980	0.54772	0.18248
518 C	0.28061	0.53152	0.18787
519 A	0.27947	0.53192	0.18861
520 A	0.27819	0.53098	0.19082
521 C	0.25466	0.53421	0.21113
522 T	0.23601	0.55170	0.21229
523 C	0.20203	0.58771	0.21026
524 A	0.15790	0.66722	0.17488
525 A	0.13188	0.70264	0.16548
526 A	0.11661	0.72722	0.15617
527 A	0.10885	0.73356	0.15758
528 G	0.11264	0.72801	0.15935
529 G	0.12847	0.73859	0.13294
530 A	0.14452	0.72778	0.12771
531 T	0.16085	0.69872	0.14042
532 T	0.16954	0.67567	0.1548
533 T	0.17374	0.65959	0.16667
534 A	0.16959	0.65230	0.17811
535 A	0.17369	0.61392	0.21239
536 C	0.17873	0.49775	0.32352
537 T	0.17636	0.47895	0.34469
538 C	0.17230	0.47817	0.34953
539 A	0.16755	0.53407	0.29838
540 A	0.15179	0.60674	0.24147
541 A	0.14615	0.65061	0.20323
542 A	0.14338	0.65619	0.20042
543 A	0.13545	0.66374	0.20082
544 G	0.13349	0.60942	0.25709
545 A	0.13208	0.61964	0.24827
546 A	0.12006	0.61690	0.26304
547 G	0.13271	0.63741	0.22988
548 A	0.13505	0.66483	0.20012
549 A	0.14583	0.69280	0.16136
550 G	0.15598	0.73325	0.11077
551 A	0.16503	0.75569	0.07927
552 T	0.20446	0.73071	0.06483
553 T	0.21688	0.72046	0.06266
554 T	0.21648	0.72327	0.06025
555 A	0.19882	0.74312	0.05806
556 A	0.18451	0.75347	0.06202
557 C	0.17820	0.75201	0.06979
558 A	0.16887	0.75853	0.0726
559 G	0.16783	0.75667	0.07549
560 C	0.17537	0.74674	0.07789
561 A	0.18594	0.73582	0.07825
562 A	0.23025	0.69033	0.07942
563 C	0.27169	0.63369	0.09463
564 T	0.30084	0.60626	0.09289
565 A	0.29373	0.61796	0.08832
566 A	0.29021	0.62084	0.08895
567 A	0.29157	0.61869	0.08974
568 A	0.31001	0.59900	0.09099
569 A	0.33478	0.55435	0.11087
570 T	0.44310	0.42895	0.12795
571 G	0.47453	0.39805	0.12743
572 A	0.50678	0.39281	0.10041
573 T	0.54032	0.37004	0.08964
574 T	0.52412	0.39647	0.07941
575 T	0.47827	0.46100	0.06072
576 A	0.36160	0.57786	0.06054
577 A	0.31939	0.61640	0.06422
578 A	0.26811	0.65105	0.08084
579 T	0.22157	0.68382	0.09461
580 C	0.18511	0.71494	0.09995
581 A	0.12787	0.78085	0.09129
582 A	0.08464	0.82951	0.08585
583 A	0.07108	0.85068	0.07824
584 A	0.06401	0.85995	0.07603
585 A	0.06078	0.86300	0.07622
586 G	0.06122	0.84692	0.09186
587 A	0.06495	0.83720	0.09785
588 A	0.06872	0.82124	0.11005
589 G	0.07340	0.81319	0.11341
590 A	0.07279	0.81319	0.11402
591 A	0.07414	0.80317	0.12269
592 G	0.07527	0.79992	0.12481
593 A	0.07983	0.79858	0.12159
594 A	0.09674	0.76285	0.14041
595 T	0.13565	0.69655	0.1678
596 T	0.14831	0.64984	0.20185
597 A	0.15226	0.61876	0.22898
598 T	0.16320	0.55746	0.27934
599 T	0.15981	0.46261	0.37758
600 A	0.15198	0.44257	0.40545
601 A	0.14898	0.38331	0.46771
602 C	0.15015	0.32701	0.52284
603 A	0.15101	0.30754	0.54144
604 T	0.16155	0.25697	0.58148
605 C	0.16535	0.23006	0.6046
606 T	0.15608	0.25370	0.59022
607 C	0.14077	0.29247	0.56675
608 A	0.13396	0.41221	0.45382
609 A	0.13006	0.49796	0.37198
610 A	0.13244	0.62265	0.24491
611 A	0.13971	0.69800	0.16229
612 T	0.15630	0.71637	0.12733
613 A	0.16498	0.75602	0.079
614 A	0.17343	0.76026	0.06632
615 T	0.18498	0.74775	0.06726
616 T	0.19066	0.74649	0.06285
617 T	0.19011	0.75306	0.05683
618 A	0.17150	0.78359	0.04491
619 A	0.16929	0.78568	0.04503
620 G	0.17030	0.78132	0.04838
621 A	0.16413	0.78655	0.04932
622 A	0.16232	0.78794	0.04974
623 C	0.16756	0.78067	0.05177
624 A	0.15556	0.80718	0.03726
625 A	0.15503	0.80878	0.0362
626 A	0.15726	0.80579	0.03695
627 A	0.16422	0.79678	0.039
628 A	0.18141	0.77857	0.04002
629 C	0.20789	0.73210	0.06002
630 A	0.21952	0.71651	0.06397
631 G	0.29627	0.63594	0.0678
632 A	0.36452	0.57188	0.0636
633 A	0.50937	0.43008	0.06055
634 T	0.59538	0.35005	0.05457
635 C	0.62037	0.32639	0.05325
636 T	0.65093	0.30337	0.04569
637 T	0.63515	0.32054	0.04431
638 T	0.56694	0.39520	0.03786
639 A	0.36081	0.60687	0.03232
640 A	0.26322	0.70341	0.03337
641 C	0.23397	0.71529	0.05074
642 A	0.20065	0.74547	0.05387
643 A	0.18516	0.75809	0.05676
644 C	0.18357	0.75620	0.06023
645 A	0.18132	0.75845	0.06022
646 A	0.18000	0.75903	0.06097
647 C	0.17709	0.74996	0.07295
648 T	0.16247	0.76453	0.073
649 A	0.13821	0.79032	0.07146
650 A	0.12639	0.80354	0.07007
651 A	0.11856	0.80661	0.07483
652 A	0.11563	0.80393	0.08044
653 A	0.12296	0.76910	0.10794
654 T	0.13069	0.73637	0.13294
655 G	0.13663	0.72256	0.14081
656 A	0.14246	0.71531	0.14223
657 T	0.15137	0.68544	0.1632
658 T	0.15710	0.66169	0.18121
659 T	0.16135	0.64546	0.19319
660 A	0.15922	0.62451	0.21627
661 A	0.15878	0.55382	0.28739
662 T	0.15794	0.35989	0.48216
663 T	0.14781	0.29520	0.557
664 C	0.13462	0.30264	0.56273
665 A	0.11680	0.44536	0.43785
666 A	0.09661	0.60922	0.29417
667 A	0.08499	0.68219	0.23282
668 A	0.08100	0.70396	0.21504
669 A	0.07021	0.72288	0.20691
670 A	0.05907	0.72534	0.21559
671 A	0.04835	0.74132	0.21033
672 A	0.03540	0.75770	0.20689
673 G	0.03219	0.78850	0.1793
674 A	0.03128	0.82931	0.13941
675 A	0.03303	0.87268	0.09428
676 G	0.03477	0.90045	0.06478
677 A	0.03716	0.91732	0.04553
678 A	0.04505	0.91653	0.03842
679 T	0.06319	0.90085	0.03596
680 T	0.06900	0.89826	0.03274
681 A	0.06682	0.90633	0.02685
682 A	0.06918	0.90249	0.02833
683 A	0.07104	0.89669	0.03226
684 A	0.07426	0.88590	0.03984
685 A	0.09154	0.85988	0.04857
686 C	0.12399	0.81466	0.06135
687 A	0.16024	0.77140	0.06836
688 A	0.28167	0.63840	0.07993
689 T	0.41023	0.49513	0.09464
690 T	0.44869	0.45263	0.09868
691 A	0.42540	0.48027	0.09433
692 A	0.39420	0.50101	0.10479
693 A	0.38109	0.50085	0.11806
694 A	0.37864	0.48854	0.13281
695 G	0.39785	0.45169	0.15046
696 C	0.46022	0.38338	0.1564
697 G	0.51290	0.34544	0.14166
698 T	0.56367	0.32680	0.10952
699 T	0.57395	0.33756	0.08849
700 T	0.55057	0.36532	0.08411
701 T	0.49015	0.43567	0.07419
702 A	0.41747	0.50896	0.07357
703 A	0.38302	0.54195	0.07502
704 C	0.35504	0.56424	0.08072
705 T	0.32413	0.59571	0.08017
706 C	0.28383	0.63798	0.07818
707 A	0.21080	0.72574	0.06345
708 A	0.14095	0.80548	0.05356
709 A	0.12056	0.83566	0.04378
710 A	0.11351	0.84464	0.04185
711 A	0.11206	0.84562	0.04231
712 G	0.11303	0.82953	0.05744
713 A	0.11543	0.81366	0.07091
714 A	0.11513	0.77961	0.10525
715 G	0.11201	0.75899	0.129
716 A	0.10135	0.76418	0.13447
717 A	0.09414	0.76968	0.13618
718 G	0.09214	0.77943	0.12843
719 A	0.09663	0.78522	0.11815
720 A	0.11456	0.76113	0.12431
721 T	0.14894	0.71311	0.13796
722 T	0.16522	0.68145	0.15333
723 A	0.16789	0.66276	0.16935
724 T	0.17602	0.59889	0.22509
725 T	0.17607	0.53150	0.29244
726 A	0.17327	0.50658	0.32014
727 A	0.17318	0.47250	0.35431
728 C	0.17552	0.43024	0.39424
729 A	0.17805	0.40149	0.42046
730 T	0.19087	0.32867	0.48046
731 C	0.19799	0.27313	0.52887
732 T	0.19683	0.28152	0.52164
733 C	0.18766	0.31096	0.50139
734 A	0.18370	0.37831	0.43799
735 A	0.18247	0.41281	0.40473
736 A	0.18401	0.44835	0.36764
737 A	0.19026	0.46401	0.34573
738 T	0.21123	0.47693	0.31184
739 A	0.21889	0.53000	0.25112
740 A	0.22850	0.59885	0.17265
741 T	0.24582	0.60966	0.14451
742 T	0.24492	0.64312	0.11195
743 T	0.22324	0.70735	0.06942
744 A	0.17817	0.79171	0.03012
745 A	0.15682	0.81541	0.02777
746 G	0.13873	0.83388	0.02739
747 A	0.11760	0.85695	0.02545
748 A	0.11306	0.86278	0.02416
749 C	0.11638	0.85916	0.02447
750 A	0.10770	0.87550	0.0168
751 A	0.10936	0.87435	0.01629
752 A	0.11222	0.87148	0.0163
753 A	0.11367	0.86970	0.01663
754 A	0.11785	0.86430	0.01785
755 C	0.13102	0.83893	0.03005
756 A	0.12921	0.83365	0.03714
757 A	0.15732	0.80350	0.03918
758 A	0.17029	0.79342	0.03629
759 A	0.19464	0.77117	0.03419
760 G	0.20801	0.75921	0.03277
761 A	0.24096	0.72208	0.03696
762 A	0.32058	0.63091	0.04851
763 T	0.44097	0.49229	0.06674
764 T	0.48401	0.43707	0.07892
765 A	0.47352	0.43875	0.08773
766 T	0.48585	0.39877	0.11537
767 T	0.47965	0.36708	0.15327
768 A	0.43662	0.38791	0.17547
769 A	0.41827	0.38422	0.1975
770 C	0.41574	0.36804	0.21622
771 A	0.40632	0.37386	0.21983
772 A	0.39722	0.37976	0.22302
773 C	0.36504	0.40268	0.23228
774 T	0.31590	0.46162	0.22249
775 A	0.18626	0.61605	0.19769
776 A	0.12202	0.70453	0.17345
777 A	0.07015	0.76495	0.1649
778 A	0.05651	0.78847	0.15501
779 A	0.05190	0.76506	0.18304
780 G	0.05285	0.74157	0.20558
781 G	0.05733	0.74274	0.19993
782 A	0.06176	0.77302	0.16521
783 T	0.06524	0.78776	0.147
784 T	0.06666	0.78157	0.15177
785 T	0.06612	0.78261	0.15126
786 A	0.06404	0.78030	0.15566
787 A	0.06434	0.75912	0.17654
788 C	0.06550	0.69558	0.23893
789 T	0.06510	0.69426	0.24064
790 C	0.06449	0.69805	0.23746
791 A	0.06374	0.75844	0.17783
792 A	0.05940	0.81519	0.12541
793 A	0.05769	0.85397	0.08835
794 A	0.05805	0.85779	0.08416
795 A	0.06239	0.85243	0.08517
796 G	0.06836	0.79831	0.13333
797 A	0.08021	0.73664	0.18315
798 A	0.10211	0.58969	0.3082
799 A	0.12592	0.52610	0.34798
800 C	0.13751	0.49048	0.37201
801 A	0.15568	0.58274	0.26157
802 G	0.16610	0.67111	0.16279
803 A	0.17961	0.73961	0.08078
804 A	0.20106	0.75095	0.04799
805 T	0.25100	0.70608	0.04292
806 T	0.27769	0.68450	0.03781
807 A	0.24876	0.72512	0.02612
808 A	0.24166	0.73210	0.02623
809 C	0.23674	0.73530	0.02796
810 A	0.22929	0.74542	0.02529
811 A	0.23184	0.74283	0.02533
812 C	0.25151	0.72327	0.02522
813 A	0.26674	0.70810	0.02515
814 A	0.31970	0.65499	0.0253
815 C	0.35441	0.61595	0.02964
816 T	0.36612	0.60399	0.02989
817 C	0.30624	0.66617	0.02759
818 A	0.24484	0.73036	0.0248
819 A	0.21721	0.75972	0.02307
820 A	0.19663	0.78034	0.02304
821 A	0.19808	0.77725	0.02467
822 C	0.24343	0.73009	0.02648
823 A	0.28908	0.68364	0.02728
824 C	0.39861	0.57399	0.02739
825 T	0.48307	0.49308	0.02385
826 T	0.52880	0.44768	0.02352
827 T	0.52117	0.45629	0.02255
828 A	0.48378	0.49266	0.02355
829 A	0.46135	0.51259	0.02607
830 C	0.42804	0.50737	0.06459
831 T	0.39606	0.53069	0.07325
832 C	0.36043	0.56216	0.07741
833 A	0.32456	0.60387	0.07157
834 A	0.27325	0.66201	0.06475
835 A	0.24980	0.68784	0.06235
836 A	0.23126	0.70254	0.06619
837 A	0.20520	0.72475	0.07005
838 G	0.18736	0.71281	0.09983
839 A	0.17885	0.69991	0.12125
840 A	0.14995	0.65963	0.19043
841 G	0.12360	0.63095	0.24544
842 A	0.10622	0.64823	0.24555
843 A	0.08990	0.67391	0.23618
844 G	0.07752	0.73349	0.18899
845 A	0.07384	0.77644	0.14973
846 A	0.07414	0.78630	0.13956
847 T	0.07743	0.78350	0.13907
848 T	0.07994	0.78048	0.13958
849 A	0.07682	0.79499	0.12819
850 T	0.07669	0.76905	0.15426
851 T	0.07554	0.73853	0.18594
852 A	0.07238	0.71915	0.20847
853 A	0.07147	0.67839	0.25014
854 C	0.07188	0.64466	0.28345
855 A	0.07187	0.62892	0.29921
856 A	0.07688	0.60431	0.31881
857 C	0.08081	0.56249	0.3567
858 T	0.08004	0.57644	0.34352
859 A	0.06853	0.62155	0.30993
860 A	0.05895	0.64975	0.2913
861 A	0.05342	0.65477	0.29181
862 A	0.05891	0.67350	0.26759
863 A	0.06501	0.63296	0.30203
864 G	0.08258	0.59187	0.32556
865 G	0.11414	0.56641	0.31946
866 A	0.15085	0.60000	0.24915
867 T	0.22388	0.56276	0.21336
868 T	0.26811	0.52109	0.2108
869 T	0.28161	0.51535	0.20303
870 A	0.27986	0.51808	0.20206
871 A	0.27414	0.52242	0.20344
872 C	0.26943	0.52484	0.20573
873 T	0.24328	0.56873	0.18798
874 C	0.22375	0.61377	0.16248
875 A	0.20689	0.68520	0.10792
876 A	0.18705	0.74430	0.06866
877 A	0.17139	0.78039	0.04822
878 A	0.16129	0.79930	0.03941
879 A	0.13840	0.82852	0.03308
880 G	0.12443	0.83854	0.03702
881 A	0.13081	0.82909	0.0401
882 A	0.14714	0.80140	0.05146
883 A	0.16635	0.77539	0.05827
884 C	0.17523	0.76185	0.06293
885 A	0.21053	0.73805	0.05142
886 G	0.22397	0.73736	0.03868
887 A	0.24453	0.72870	0.02677
888 A	0.26928	0.70840	0.02232
889 T	0.36130	0.61867	0.02002
890 T	0.39957	0.58144	0.01899
891 A	0.31627	0.66642	0.01731
892 A	0.29780	0.67991	0.02229
893 A	0.28578	0.68473	0.02949
894 A	0.27667	0.67984	0.04349
895 A	0.28552	0.65001	0.06447
896 C	0.31160	0.59061	0.09779
897 A	0.34252	0.54680	0.11068
898 A	0.38715	0.49098	0.12187
899 T	0.41354	0.45829	0.12816
900 T	0.39286	0.48377	0.12338
901 A	0.26282	0.62898	0.1082
902 A	0.19804	0.66643	0.13553
903 A	0.15896	0.67448	0.16655
904 A	0.14600	0.66251	0.19149
905 G	0.14342	0.64255	0.21402
906 C	0.14886	0.62339	0.22775
907 A	0.15413	0.62026	0.22561
908 C	0.16771	0.60935	0.22294
909 T	0.18045	0.61864	0.20091
910 T	0.18522	0.61699	0.19778
911 T	0.17726	0.63261	0.19013
912 A	0.16774	0.64157	0.19068
913 A	0.16049	0.64228	0.19722
914 C	0.14913	0.55196	0.29891
915 T	0.13430	0.55628	0.30942
916 C	0.11440	0.59172	0.29388
917 A	0.08982	0.71182	0.19835
918 A	0.07120	0.81195	0.11685
919 A	0.06108	0.85326	0.08566
920 A	0.05918	0.86197	0.07885
921 A	0.05903	0.86477	0.0762
922 G	0.06239	0.83983	0.09778
923 A	0.07267	0.79497	0.13236
924 A	0.08221	0.65609	0.2617
925 A	0.08241	0.60580	0.3118
926 C	0.08431	0.57807	0.33763
927 A	0.08389	0.66204	0.25407
928 G	0.08449	0.75054	0.16497
929 A	0.08748	0.80328	0.10924
930 A	0.09374	0.81794	0.08832
931 T	0.11003	0.80968	0.08029
932 T	0.12961	0.79569	0.0747
933 A	0.11943	0.82725	0.05331
934 A	0.12033	0.81660	0.06308
935 A	0.11934	0.80926	0.0714
936 A	0.11982	0.79829	0.08189
937 A	0.12908	0.77080	0.10012
938 C	0.14807	0.73012	0.12181
939 A	0.17966	0.68970	0.13063
940 A	0.26329	0.59743	0.13928
941 T	0.33409	0.52921	0.13671
942 T	0.34961	0.52897	0.12142
943 A	0.31579	0.60078	0.08343
944 A	0.28445	0.63211	0.08345
945 A	0.26067	0.65407	0.08526
946 A	0.25307	0.65604	0.09089
947 G	0.26191	0.63784	0.10025
948 C	0.30413	0.59159	0.10428
949 A	0.33429	0.57240	0.09331
950 C	0.42664	0.49153	0.08182
951 T	0.49969	0.44032	0.05999
952 T	0.51437	0.42888	0.05674
953 T	0.48917	0.46130	0.04953
954 A	0.43130	0.51986	0.04884
955 A	0.40538	0.54504	0.04958
956 C	0.37103	0.56429	0.06468
957 T	0.32126	0.61190	0.06684
958 C	0.27514	0.65781	0.06705
959 A	0.20531	0.74285	0.05184
960 A	0.15210	0.80480	0.0431
961 A	0.13202	0.83282	0.03516
962 A	0.12087	0.84578	0.03335
963 A	0.12367	0.84290	0.03343
964 G	0.13666	0.82071	0.04263
965 A	0.15652	0.79055	0.05293
966 A	0.18553	0.72255	0.09193
967 A	0.18700	0.69238	0.12062
968 C	0.17663	0.67969	0.14368
969 A	0.15842	0.70321	0.13837
970 G	0.13842	0.73628	0.1253
971 A	0.13656	0.74916	0.11428
972 A	0.14797	0.73905	0.11298
973 T	0.16633	0.71913	0.11454
974 T	0.18278	0.67836	0.13887
975 A	0.17867	0.66728	0.15404
976 T	0.18062	0.62043	0.19894
977 T	0.17238	0.56738	0.26025
978 A	0.15798	0.55479	0.28723
979 A	0.15599	0.50261	0.34141
980 C	0.15665	0.44306	0.40029
981 A	0.15792	0.41287	0.42922
982 T	0.17078	0.34128	0.48794
983 C	0.17438	0.30290	0.52273
984 T	0.16108	0.32498	0.51394
985 C	0.14249	0.35943	0.49808
986 A	0.12884	0.43473	0.43642
987 A	0.12508	0.47619	0.39874
988 A	0.12370	0.54778	0.32852
989 A	0.12538	0.58964	0.28498
990 T	0.13702	0.61471	0.24827
991 A	0.14017	0.65611	0.20373
992 A	0.15172	0.67261	0.17566
993 T	0.16494	0.65330	0.18175
994 T	0.16808	0.66758	0.16434
995 T	0.16219	0.70058	0.13722
996 A	0.13780	0.77216	0.09004
997 A	0.13318	0.77840	0.08842
998 G	0.13326	0.77525	0.09149
999 A	0.12669	0.78785	0.08546
1000 A	0.12718	0.78930	0.08352
1001 C	0.13126	0.78436	0.08438
1002 A	0.11643	0.83236	0.05121
1003 A	0.11460	0.83723	0.04818
1004 A	0.11791	0.83492	0.04717
1005 A	0.12314	0.82881	0.04805
1006 A	0.13796	0.81095	0.05109
1007 C	0.15945	0.76394	0.07662
1008 A	0.17210	0.73980	0.08809
1009 G	0.21140	0.69863	0.08998
1010 A	0.21210	0.71511	0.07279
1011 A	0.26518	0.67591	0.0589
1012 G	0.29213	0.66314	0.04474
1013 A	0.32435	0.63763	0.03803
1014 A	0.38196	0.57921	0.03882
1015 T	0.44254	0.51364	0.04382
1016 T	0.44135	0.51078	0.04786
1017 A	0.34009	0.61063	0.04929
1018 A	0.29275	0.65041	0.05684
1019 C	0.28610	0.63362	0.08029
1020 A	0.25823	0.65676	0.08501
1021 A	0.25000	0.65836	0.09164
1022 C	0.26064	0.64205	0.09731
1023 A	0.26608	0.63533	0.09859
1024 A	0.27187	0.62818	0.09995
1025 C	0.27575	0.60813	0.11613
1026 T	0.24764	0.63445	0.11791
1027 C	0.17534	0.70660	0.11807
1028 A	0.13475	0.75862	0.10662
1029 A	0.11008	0.78560	0.10432
1030 A	0.09346	0.81103	0.09552
1031 A	0.08508	0.81185	0.10306
1032 T	0.09913	0.78931	0.11155
1033 G	0.11141	0.74276	0.14583
1034 A	0.12198	0.71616	0.16186
1035 T	0.13384	0.67849	0.18767
1036 T	0.13766	0.66115	0.20119
1037 T	0.13529	0.66296	0.20174
1038 A	0.12950	0.65779	0.21271
1039 A	0.12741	0.62344	0.24916
1040 T	0.12644	0.51223	0.36132
1041 T	0.11894	0.47469	0.40637
1042 C	0.11122	0.48535	0.40343
1043 A	0.09983	0.57705	0.32312
1044 A	0.08551	0.67167	0.24283
1045 A	0.07957	0.72197	0.19845
1046 A	0.07689	0.73754	0.18556
1047 A	0.07527	0.75063	0.1741
1048 A	0.07546	0.73300	0.19154
1049 A	0.07582	0.71264	0.21154
1050 A	0.07443	0.65366	0.27192
1051 G	0.08149	0.62646	0.29204
1052 A	0.07992	0.65350	0.26658
1053 A	0.08843	0.68952	0.22206
1054 G	0.09258	0.74431	0.16312
1055 A	0.09978	0.78687	0.11334
1056 A	0.11077	0.79259	0.09664
1057 T	0.13304	0.78021	0.08675
1058 T	0.13923	0.78942	0.07136
1059 A	0.11025	0.84639	0.04335
1060 A	0.10753	0.85016	0.04231
1061 G	0.10623	0.84765	0.04612
1062 A	0.10483	0.84952	0.04564
1063 A	0.11819	0.83157	0.05025
1064 C	0.14658	0.79514	0.05827
1065 A	0.18471	0.75261	0.06268
1066 A	0.25906	0.67087	0.07007
1067 C	0.32157	0.59856	0.07987
1068 T	0.34528	0.57618	0.07854
1069 C	0.30750	0.61960	0.0729
1070 A	0.25830	0.67470	0.067
1071 A	0.21632	0.71966	0.06403
1072 A	0.21388	0.72215	0.06397
1073 A	0.22499	0.70753	0.06748
1074 C	0.25967	0.66847	0.07186
1075 A	0.31459	0.60938	0.07603
1076 C	0.37963	0.53920	0.08116
1077 T	0.45529	0.46893	0.07579
1078 T	0.49765	0.42746	0.0749
1079 T	0.49990	0.42685	0.07326
1080 A	0.48256	0.44348	0.07396
1081 A	0.46698	0.45640	0.07662
1082 C	0.45086	0.43063	0.11852
1083 T	0.41482	0.46187	0.12331
1084 C	0.38050	0.49942	0.12007
1085 A	0.33956	0.57552	0.08492
1086 A	0.29161	0.65309	0.0553
1087 A	0.25663	0.69801	0.04537
1088 A	0.23510	0.72110	0.0438
1089 A	0.19562	0.76186	0.04251
1090 G	0.15972	0.78170	0.05859
1091 A	0.14001	0.78328	0.07671
1092 A	0.12389	0.74281	0.13329
1093 A	0.11227	0.70053	0.18719
1094 C	0.10827	0.66010	0.23163
1095 A	0.10389	0.69656	0.19955
1096 G	0.10285	0.74914	0.14801
1097 A	0.10328	0.80965	0.08707
1098 A	0.10526	0.83180	0.06294
1099 T	0.11078	0.83623	0.05298
1100 T	0.11559	0.83585	0.04855
1101 A	0.10045	0.85840	0.04116
1102 A	0.09761	0.84630	0.05609
1103 A	0.09640	0.82867	0.07493
1104 A	0.09565	0.80247	0.10189
1105 A	0.09903	0.75770	0.14327
1106 C	0.10608	0.70152	0.19241
1107 A	0.11534	0.67766	0.207
1108 A	0.14528	0.63002	0.2247
1109 T	0.17084	0.58674	0.24242
1110 T	0.17328	0.58664	0.24008
1111 A	0.15632	0.62971	0.21397
1112 A	0.14424	0.60996	0.2458
1113 A	0.13479	0.57482	0.29039
1114 A	0.13385	0.53986	0.32628
1115 G	0.14088	0.50138	0.35773
1116 C	0.16213	0.46076	0.37712
1117 G	0.18359	0.44230	0.37411
1118 C	0.23260	0.41044	0.35696
1119 T	0.29198	0.39605	0.31197
1120 T	0.33586	0.35865	0.30549
1121 T	0.33912	0.36749	0.29339
1122 A	0.32901	0.38040	0.29059
1123 A	0.31825	0.39237	0.28937
1124 C	0.29310	0.40215	0.30475
1125 T	0.25686	0.45087	0.29226
1126 C	0.21216	0.52312	0.26473
1127 A	0.16823	0.65331	0.17846
1128 A	0.13471	0.74998	0.11531
1129 A	0.11267	0.80001	0.08732
1130 A	0.10987	0.81262	0.07751
1131 A	0.10536	0.82433	0.0703
1132 G	0.10461	0.82209	0.0733
1133 A	0.11391	0.80889	0.0772
1134 A	0.11800	0.78708	0.09492
1135 A	0.10894	0.78807	0.103
1136 C	0.10805	0.78252	0.10943
1137 A	0.10351	0.80488	0.09161
1138 G	0.10271	0.82355	0.07374
1139 A	0.10691	0.83307	0.06002
1140 A	0.11563	0.83020	0.05417
1141 T	0.14378	0.80433	0.05189
1142 T	0.18003	0.76766	0.05231
1143 A	0.16618	0.78272	0.0511
1144 A	0.16918	0.76294	0.06789
1145 A	0.16894	0.74862	0.08243
1146 A	0.16972	0.72717	0.10311
1147 A	0.17918	0.67564	0.14517
1148 C	0.20295	0.60165	0.1954
1149 A	0.23522	0.53791	0.22687
1150 A	0.31151	0.43311	0.25538
1151 T	0.36570	0.37355	0.26075
1152 T	0.37450	0.39107	0.23442
1153 A	0.33061	0.50787	0.16153
1154 A	0.28890	0.54384	0.16726
1155 A	0.26981	0.55211	0.17808
1156 A	0.24579	0.55716	0.19705
1157 G	0.23537	0.53607	0.22857
1158 C	0.24527	0.51139	0.24334
1159 A	0.25054	0.54271	0.20675
1160 C	0.26726	0.57528	0.15746
1161 T	0.28015	0.64459	0.07526
1162 T	0.27669	0.65871	0.0646
1163 T	0.25997	0.69361	0.04641
1164 A	0.23784	0.71764	0.04452
1165 A	0.22951	0.72522	0.04528
1166 C	0.22228	0.71140	0.06632
1167 T	0.21006	0.72321	0.06672
1168 C	0.19262	0.74245	0.06494
1169 A	0.15849	0.79981	0.04169
1170 A	0.13280	0.83501	0.03219
1171 A	0.12394	0.84842	0.02764
1172 A	0.12392	0.84900	0.02708
1173 A	0.13150	0.84003	0.02847
1174 G	0.15119	0.80817	0.04064
1175 A	0.19235	0.75391	0.05374
1176 A	0.25620	0.64505	0.09875
1177 G	0.26602	0.59717	0.13681
1178 A	0.26128	0.58808	0.15064
1179 A	0.25245	0.58015	0.1674
1180 G	0.24094	0.58395	0.17512
1181 A	0.24347	0.58160	0.17493
1182 A	0.28926	0.52924	0.1815
1183 T	0.36517	0.44249	0.19234
1184 T	0.43302	0.36566	0.20132
1185 A	0.42987	0.36458	0.20555
1186 T	0.43083	0.34491	0.22426
1187 T	0.40736	0.34584	0.24679
1188 A	0.35871	0.38660	0.25469
1189 A	0.35208	0.37861	0.2693
1190 C	0.35309	0.36047	0.28645
1191 A	0.35488	0.34746	0.29766
1192 T	0.37168	0.30374	0.32458
1193 C	0.36524	0.29530	0.33947
1194 T	0.28397	0.38160	0.33443
1195 C	0.15893	0.51261	0.32846
1196 A	0.07973	0.61436	0.30591
1197 A	0.05862	0.64771	0.29367
1198 A	0.04433	0.68206	0.27362
1199 A	0.04262	0.69190	0.26547
1200 T	0.04924	0.69765	0.25311
1201 A	0.05182	0.71051	0.23767
1202 A	0.05737	0.72188	0.22076
1203 T	0.06454	0.70690	0.22856
1204 T	0.06571	0.71079	0.2235
1205 T	0.06359	0.72950	0.20692
1206 A	0.05555	0.77824	0.16621
1207 A	0.05498	0.77781	0.16721
1208 G	0.05738	0.76687	0.17575
1209 A	0.05608	0.77003	0.17389
1210 A	0.05668	0.75549	0.18782
1211 C	0.05979	0.71969	0.22052
1212 A	0.05784	0.75414	0.18802
1213 A	0.05829	0.77551	0.1662
1214 A	0.05926	0.78413	0.15661
1215 A	0.06273	0.78341	0.15386
1216 A	0.06918	0.76913	0.16169
1217 T	0.08131	0.65713	0.26155
1218 A	0.08590	0.54972	0.36438
1219 G	0.10105	0.48991	0.40904
1220 A	0.10799	0.56555	0.32646
1221 A	0.12740	0.64857	0.22403
1222 G	0.13849	0.73329	0.12822
1223 A	0.15922	0.77444	0.06634
1224 A	0.19408	0.76166	0.04426
1225 T	0.24048	0.71676	0.04276
1226 T	0.26104	0.70160	0.03735
1227 A	0.23764	0.73557	0.02678
1228 A	0.23816	0.73363	0.02821
1229 C	0.25889	0.70589	0.03522
1230 A	0.25375	0.71251	0.03374
1231 A	0.25724	0.70839	0.03437
1232 C	0.27376	0.69146	0.03479
1233 A	0.28077	0.68503	0.0342
1234 A	0.28899	0.67699	0.03402
1235 C	0.29472	0.66872	0.03656
1236 T	0.29311	0.67165	0.03524
1237 C	0.23916	0.72892	0.03193
1238 A	0.19932	0.77358	0.0271
1239 A	0.17774	0.79700	0.02527
1240 A	0.16906	0.80574	0.0252
1241 A	0.17760	0.79455	0.02786
1242 C	0.22775	0.74131	0.03093
1243 A	0.32850	0.63958	0.03192
1244 C	0.43238	0.53529	0.03233
1245 T	0.51389	0.45799	0.02812
1246 T	0.55054	0.42187	0.02759
1247 T	0.53780	0.43578	0.02642
1248 A	0.49951	0.47316	0.02732
1249 A	0.46242	0.50806	0.02952
1250 C	0.42950	0.50170	0.0688
1251 T	0.39563	0.52646	0.07791
1252 C	0.36342	0.55475	0.08182
1253 A	0.33008	0.59380	0.07612
1254 A	0.27281	0.65787	0.06932
1255 A	0.24517	0.68816	0.06666
1256 A	0.22836	0.70033	0.07132
1257 A	0.20492	0.71934	0.07573
1258 G	0.19050	0.69458	0.11492
1259 A	0.18275	0.67933	0.13792
1260 A	0.15374	0.64801	0.19825
1261 G	0.12682	0.64001	0.23316
1262 A	0.10622	0.66733	0.22646
1263 A	0.08725	0.70050	0.21225
1264 G	0.07617	0.75177	0.17206
1265 A	0.07300	0.78873	0.13828
1266 A	0.07429	0.79578	0.12992
1267 T	0.07763	0.79289	0.12947
1268 T	0.08079	0.79011	0.12909
1269 A	0.07782	0.80410	0.11808
1270 T	0.07777	0.77665	0.14559
1271 T	0.07657	0.74570	0.17774
1272 A	0.07299	0.71650	0.21051
1273 A	0.07201	0.67550	0.25249
1274 C	0.07244	0.63962	0.28794
1275 A	0.07258	0.62453	0.30288
1276 A	0.07752	0.60205	0.32042
1277 C	0.08155	0.55532	0.36313
1278 T	0.08109	0.56741	0.3515
1279 A	0.07021	0.61176	0.31804
1280 A	0.06109	0.64100	0.29791
1281 A	0.05598	0.65045	0.29358
1282 A	0.06224	0.66967	0.26809
1283 A	0.06892	0.62763	0.30344
1284 G	0.08815	0.58325	0.3286
1285 G	0.12276	0.55220	0.32504
1286 A	0.15785	0.59697	0.24517
1287 T	0.22355	0.57082	0.20563
1288 T	0.26254	0.53517	0.20229
1289 T	0.27451	0.53121	0.19428
1290 A	0.27287	0.53374	0.19339
1291 A	0.26742	0.53788	0.1947
1292 C	0.26323	0.53964	0.19713
1293 T	0.23973	0.58111	0.17916
1294 C	0.22198	0.62458	0.15344
1295 A	0.20562	0.69379	0.1006
1296 A	0.18446	0.75215	0.06339
1297 A	0.16819	0.78771	0.04409
1298 A	0.15854	0.80579	0.03567
1299 A	0.13860	0.83180	0.0296
1300 G	0.12630	0.84031	0.03338
1301 A	0.13242	0.83106	0.03653
1302 A	0.14760	0.80481	0.04759
1303 A	0.16650	0.77902	0.05447
1304 C	0.17674	0.76418	0.05908
1305 A	0.21331	0.73808	0.04861
1306 G	0.22740	0.73574	0.03686
1307 A	0.24867	0.72537	0.02596
1308 A	0.27346	0.70459	0.02194
1309 T	0.37574	0.60435	0.01991
1310 T	0.41516	0.56574	0.0191
1311 A	0.32696	0.65536	0.01768
1312 A	0.30662	0.67077	0.0226
1313 A	0.29352	0.67674	0.02973
1314 A	0.28387	0.67291	0.04322
1315 A	0.29245	0.64473	0.06281
1316 C	0.31877	0.58791	0.09332
1317 A	0.34984	0.54479	0.10536
1318 A	0.39269	0.49011	0.1172
1319 T	0.41687	0.45707	0.12606
1320 T	0.39295	0.48339	0.12367
1321 A	0.25216	0.63786	0.10999
1322 A	0.18446	0.67972	0.13582
1323 A	0.14393	0.69030	0.16577
1324 A	0.13020	0.67794	0.19186
1325 G	0.12712	0.65747	0.2154
1326 C	0.13184	0.63850	0.22966
1327 A	0.13662	0.63535	0.22803
1328 C	0.14896	0.62490	0.22613
