# lcl|CP097583.1_cds_USQ93128.1_1
# AA	inside	membr	outside
1 A	0.24543	0.00000	0.75456
2 T	0.24538	0.00006	0.75456
3 G	0.24529	0.00015	0.75456
4 A	0.24529	0.01134	0.74337
5 A	0.24470	0.01623	0.73906
6 T	0.24470	0.01665	0.73864
7 T	0.23884	0.02268	0.73847
8 T	0.23884	0.02268	0.73847
9 T	0.23746	0.02416	0.73838
10 A	0.23745	0.02881	0.73373
11 T	0.23699	0.02960	0.73341
12 A	0.21736	0.04950	0.73313
13 G	0.13848	0.12975	0.73177
14 A	0.13846	0.12977	0.73176
15 T	0.13846	0.14166	0.71988
16 G	0.13663	0.14349	0.71988
17 A	0.13452	0.14562	0.71985
18 A	0.13446	0.14573	0.71982
19 G	0.13385	0.14636	0.71979
20 C	0.13243	0.14784	0.71973
21 A	0.12446	0.15580	0.71973
22 A	0.12441	0.15588	0.71971
23 T	0.12496	0.15532	0.71971
24 C	0.12551	0.15478	0.71971
25 A	0.12613	0.15422	0.71965
26 A	0.12679	0.15342	0.71979
27 T	0.13670	0.14310	0.7202
28 T	0.13977	0.13943	0.7208
29 T	0.13981	0.13915	0.72104
30 C	0.13839	0.13330	0.72831
31 G	0.13488	0.13613	0.72898
32 T	0.13407	0.13530	0.73063
33 A	0.13264	0.13737	0.72999
34 A	0.13164	0.13768	0.73068
35 A	0.13198	0.12524	0.74278
36 A	0.13310	0.05101	0.8159
37 G	0.13247	0.04768	0.81985
38 C	0.14187	0.03604	0.82209
39 T	0.14089	0.04279	0.81633
40 G	0.13980	0.04852	0.81169
41 G	0.13939	0.04887	0.81174
42 T	0.13864	0.04930	0.81206
43 A	0.13830	0.04889	0.81281
44 A	0.13738	0.04204	0.82058
45 C	0.13732	0.04107	0.8216
46 G	0.13720	0.04100	0.8218
47 G	0.13716	0.04084	0.82201
48 T	0.13704	0.04094	0.82202
49 G	0.13617	0.04193	0.8219
50 G	0.13527	0.04314	0.82159
51 A	0.13507	0.04291	0.82202
52 A	0.13493	0.04211	0.82296
53 A	0.13485	0.03920	0.82595
54 C	0.13514	0.03454	0.83032
55 G	0.13559	0.03415	0.83026
56 G	0.13702	0.03109	0.83189
57 A	0.13764	0.03091	0.83145
58 A	0.13885	0.03105	0.8301
59 T	0.14187	0.02868	0.82945
60 T	0.14419	0.02556	0.83025
61 G	0.14481	0.02416	0.83104
62 T	0.14940	0.01828	0.83232
63 T	0.15190	0.01492	0.83318
64 T	0.15188	0.01447	0.83366
65 C	0.15166	0.01420	0.83414
66 T	0.15158	0.01456	0.83386
67 T	0.15131	0.01486	0.83382
68 T	0.15075	0.01574	0.83351
69 T	0.15008	0.01658	0.83334
70 A	0.14903	0.01811	0.83287
71 G	0.14782	0.01922	0.83296
72 A	0.14489	0.02168	0.83342
73 A	0.14343	0.02267	0.8339
74 G	0.14144	0.02475	0.83381
75 A	0.14060	0.02586	0.83353
76 G	0.14027	0.02685	0.83288
77 A	0.13999	0.02795	0.83205
78 A	0.14096	0.02729	0.83175
79 A	0.14157	0.02697	0.83146
80 A	0.14269	0.02587	0.83144
81 A	0.14448	0.02403	0.83149
82 T	0.14583	0.02262	0.83156
83 A	0.14648	0.02188	0.83164
84 T	0.14701	0.02109	0.83189
85 G	0.14728	0.02058	0.83214
86 T	0.14778	0.01972	0.83251
87 T	0.14792	0.01902	0.83305
88 C	0.14799	0.01803	0.83398
89 C	0.14816	0.01746	0.83437
90 T	0.14845	0.01699	0.83456
91 T	0.14834	0.01693	0.83472
92 A	0.14808	0.01704	0.83488
93 T	0.14823	0.01648	0.83529
94 G	0.14799	0.01563	0.83638
95 G	0.14801	0.01242	0.83957
96 A	0.14819	0.01055	0.84127
97 G	0.14835	0.00831	0.84334
98 G	0.14877	0.00699	0.84425
99 A	0.14970	0.00565	0.84465
100 C	0.15061	0.00424	0.84514
101 C	0.15100	0.00377	0.84523
102 T	0.15134	0.00342	0.84523
103 T	0.15141	0.00338	0.84521
104 C	0.15135	0.00353	0.84512
105 A	0.15122	0.00393	0.84485
106 G	0.15114	0.00444	0.84443
107 G	0.15110	0.00472	0.84417
108 T	0.15108	0.00492	0.844
109 G	0.15095	0.00575	0.8433
110 G	0.15090	0.00569	0.84341
111 T	0.15088	0.00565	0.84347
112 A	0.15082	0.00567	0.84351
113 A	0.15080	0.00552	0.84369
114 C	0.15077	0.00508	0.84415
115 G	0.15053	0.00509	0.84438
116 G	0.15039	0.00502	0.84458
117 A	0.15034	0.00487	0.8448
118 G	0.15031	0.00471	0.84499
119 G	0.15029	0.00459	0.84511
120 C	0.15028	0.00430	0.84541
121 C	0.15027	0.00425	0.84547
122 A	0.15028	0.00424	0.84548
123 T	0.15029	0.00422	0.84549
124 G	0.15028	0.00422	0.84549
125 G	0.15030	0.00419	0.84551
126 C	0.15035	0.00410	0.84555
127 G	0.15046	0.00386	0.84567
128 G	0.15076	0.00341	0.84583
129 T	0.15139	0.00268	0.84593
130 T	0.15170	0.00232	0.84598
131 C	0.15186	0.00213	0.84602
132 C	0.15236	0.00149	0.84615
133 G	0.15244	0.00141	0.84616
134 T	0.15257	0.00133	0.8461
135 T	0.15265	0.00135	0.846
136 A	0.15266	0.00142	0.84592
137 T	0.15268	0.00139	0.84594
138 T	0.15268	0.00113	0.84619
139 T	0.15216	0.00158	0.84626
140 T	0.15142	0.00231	0.84628
141 T	0.14984	0.00410	0.84606
142 G	0.14804	0.00667	0.84528
143 T	0.14731	0.00808	0.84461
144 A	0.14498	0.01079	0.84423
145 G	0.14402	0.01195	0.84403
146 G	0.14365	0.01256	0.84379
147 T	0.14324	0.01320	0.84356
148 G	0.14298	0.01349	0.84354
149 A	0.14284	0.01364	0.84351
150 T	0.14272	0.01378	0.8435
151 T	0.14245	0.01409	0.84346
152 C	0.14185	0.01469	0.84345
153 A	0.14129	0.01528	0.84343
154 G	0.14114	0.01543	0.84342
155 G	0.14106	0.01554	0.84341
156 C	0.14105	0.01556	0.84338
157 A	0.14109	0.01563	0.84328
158 T	0.14123	0.01556	0.84321
159 T	0.14126	0.01558	0.84317
160 A	0.14115	0.01568	0.84317
161 A	0.14106	0.01569	0.84324
162 T	0.14119	0.01408	0.84473
163 A	0.14122	0.01273	0.84605
164 C	0.14157	0.00990	0.84853
165 T	0.14257	0.00777	0.84966
166 T	0.14315	0.00690	0.84995
167 T	0.14249	0.00696	0.85055
168 A	0.14021	0.00966	0.85013
169 T	0.13843	0.01200	0.84957
170 T	0.13447	0.01688	0.84866
171 T	0.12611	0.02803	0.84586
172 A	0.11438	0.04186	0.84376
173 A	0.10815	0.04986	0.84199
174 A	0.10260	0.05539	0.842
175 T	0.09826	0.05931	0.84242
176 T	0.08627	0.07121	0.84252
177 A	0.07309	0.08499	0.84193
178 C	0.06922	0.08968	0.8411
179 A	0.06654	0.09410	0.83936
180 A	0.06562	0.09510	0.83928
181 T	0.06532	0.09543	0.83924
182 A	0.06471	0.09607	0.83921
183 T	0.06316	0.09760	0.83924
184 C	0.05847	0.10227	0.83926
185 A	0.05442	0.10661	0.83896
186 A	0.04728	0.11399	0.83873
187 A	0.04392	0.11751	0.83857
188 G	0.04160	0.11981	0.83859
189 A	0.03997	0.12149	0.83855
190 A	0.03952	0.12056	0.83992
191 A	0.03991	0.11735	0.84273
192 A	0.04048	0.11366	0.84586
193 A	0.04176	0.10773	0.85051
194 T	0.04456	0.09626	0.85918
195 T	0.04581	0.08523	0.86896
196 A	0.04622	0.07956	0.87422
197 A	0.04617	0.07352	0.8803
198 A	0.04621	0.06871	0.88508
199 G	0.04597	0.05644	0.89759
200 C	0.04587	0.04497	0.90916
201 T	0.04608	0.04254	0.91138
202 T	0.04628	0.04174	0.91198
203 C	0.04480	0.04392	0.91128
204 A	0.04280	0.04981	0.90739
205 A	0.04073	0.05426	0.90502
206 A	0.03921	0.05536	0.90544
207 T	0.03806	0.05313	0.9088
208 G	0.03512	0.05768	0.9072
209 G	0.03398	0.05578	0.91024
210 T	0.03357	0.05602	0.9104
211 G	0.03187	0.06194	0.90619
212 A	0.03074	0.06380	0.90546
213 A	0.02974	0.06656	0.90371
214 A	0.02875	0.06893	0.90232
215 A	0.02738	0.06983	0.90279
216 C	0.02696	0.06940	0.90364
217 G	0.02671	0.07089	0.9024
218 G	0.02679	0.07484	0.89837
219 T	0.02677	0.07724	0.89599
220 A	0.02639	0.08078	0.89283
221 A	0.02639	0.08268	0.89094
222 A	0.02634	0.08279	0.89087
223 A	0.02646	0.08276	0.89078
224 G	0.02696	0.08191	0.89112
225 T	0.02815	0.08161	0.89024
226 A	0.02898	0.08420	0.88682
227 A	0.03199	0.08235	0.88566
228 A	0.03478	0.07824	0.88698
229 A	0.03688	0.07492	0.8882
230 A	0.03865	0.07149	0.88985
231 T	0.04430	0.06230	0.8934
232 C	0.04797	0.05739	0.89464
233 A	0.05021	0.05589	0.89391
234 A	0.05451	0.05125	0.89424
235 A	0.05632	0.04928	0.8944
236 A	0.05884	0.04603	0.89513
237 T	0.06124	0.04270	0.89606
238 G	0.06171	0.04020	0.89809
239 G	0.06251	0.03849	0.899
240 A	0.06449	0.03582	0.89969
241 T	0.06907	0.03067	0.90026
242 C	0.07090	0.02845	0.90066
243 T	0.07338	0.02585	0.90076
244 A	0.07394	0.02522	0.90084
245 A	0.07417	0.02483	0.90099
246 G	0.07502	0.02375	0.90123
247 G	0.07604	0.02250	0.90145
248 C	0.07820	0.01985	0.90195
249 T	0.08280	0.01495	0.90226
250 C	0.08498	0.01258	0.90245
251 C	0.08560	0.01193	0.90248
252 T	0.08641	0.01113	0.90245
253 G	0.08669	0.01086	0.90246
254 A	0.08699	0.01051	0.9025
255 T	0.08762	0.00974	0.90264
256 T	0.08851	0.00840	0.90308
257 C	0.08878	0.00697	0.90425
258 T	0.08916	0.00632	0.90451
259 T	0.08909	0.00645	0.90445
260 T	0.08850	0.00762	0.90388
261 T	0.08671	0.01106	0.90222
262 A	0.08476	0.01442	0.90082
263 T	0.08400	0.01627	0.89973
264 A	0.07731	0.02442	0.89826
265 A	0.07516	0.02691	0.89793
266 A	0.07417	0.02741	0.89842
267 A	0.07360	0.02714	0.89926
268 G	0.07324	0.02662	0.90014
269 T	0.07310	0.02627	0.90064
270 C	0.07292	0.02613	0.90094
271 C	0.07279	0.02621	0.901
272 C	0.07272	0.02627	0.901
273 T	0.07264	0.02638	0.90099
274 T	0.07241	0.02665	0.90094
275 T	0.07215	0.02699	0.90086
276 A	0.07158	0.02768	0.90074
277 G	0.07119	0.02799	0.90082
278 G	0.07085	0.02805	0.90111
279 G	0.07049	0.02819	0.90131
280 A	0.06990	0.02866	0.90143
281 C	0.06977	0.02833	0.9019
282 A	0.07004	0.02829	0.90168
283 A	0.07084	0.02731	0.90185
284 T	0.07280	0.02398	0.90322
285 G	0.07375	0.02188	0.90436
286 A	0.07476	0.02126	0.90399
287 T	0.07572	0.01503	0.90925
288 T	0.07521	0.01469	0.91009
289 T	0.07336	0.01631	0.91033
290 A	0.06935	0.02168	0.90897
291 T	0.06603	0.02613	0.90783
292 A	0.05962	0.03339	0.90699
293 A	0.05622	0.03667	0.90711
294 T	0.05419	0.03851	0.9073
295 A	0.05107	0.04154	0.9074
296 A	0.04875	0.04383	0.90742
297 C	0.04749	0.04491	0.9076
298 G	0.04625	0.04696	0.90679
299 A	0.04558	0.04866	0.90576
300 A	0.04513	0.04905	0.90582
301 A	0.04489	0.04927	0.90583
302 A	0.04484	0.04910	0.90605
303 T	0.04503	0.04806	0.90692
304 C	0.04490	0.04757	0.90753
305 A	0.04508	0.04723	0.9077
306 A	0.04549	0.04667	0.90784
307 G	0.04589	0.04618	0.90794
308 A	0.04655	0.04547	0.90798
309 A	0.04796	0.04396	0.90808
310 T	0.05068	0.03929	0.91003
311 T	0.05211	0.03575	0.91214
312 T	0.05264	0.03273	0.91463
313 A	0.05290	0.02926	0.91784
314 T	0.05332	0.02544	0.92124
315 T	0.05309	0.02042	0.92649
316 G	0.05144	0.01931	0.92924
317 G	0.05029	0.01913	0.93058
318 G	0.04996	0.01795	0.93209
319 G	0.05001	0.01766	0.93233
320 A	0.05008	0.01857	0.93136
321 A	0.05107	0.01748	0.93145
322 A	0.05224	0.01610	0.93166
323 T	0.05244	0.01592	0.93164
324 T	0.05258	0.01668	0.93074
325 T	0.05249	0.01720	0.93031
326 T	0.05224	0.01789	0.92986
327 A	0.05141	0.01954	0.92905
328 G	0.05071	0.02033	0.92895
329 A	0.05047	0.02075	0.92878
330 A	0.05032	0.02092	0.92877
331 G	0.05036	0.02085	0.92879
332 A	0.05049	0.02073	0.92879
333 T	0.05071	0.02044	0.92884
334 G	0.05084	0.02024	0.92892
335 G	0.05115	0.01977	0.92907
336 A	0.05163	0.01891	0.92946
337 T	0.05220	0.01788	0.92991
338 T	0.05264	0.01680	0.93056
339 T	0.05313	0.01500	0.93187
340 C	0.05351	0.01357	0.93292
341 A	0.05405	0.01283	0.93313
342 A	0.05511	0.01169	0.9332
343 T	0.05692	0.00980	0.93329
344 T	0.05770	0.00902	0.93328
345 G	0.05797	0.00878	0.93326
346 G	0.05832	0.00835	0.93332
347 T	0.05968	0.00702	0.93331
348 T	0.05991	0.00692	0.93318
349 A	0.05965	0.00704	0.93332
350 T	0.05970	0.00628	0.93402
351 T	0.05833	0.00720	0.93447
352 G	0.05558	0.01012	0.9343
353 C	0.05214	0.01444	0.93342
354 A	0.04930	0.02017	0.93053
355 A	0.04699	0.02502	0.92799
356 A	0.04545	0.02712	0.92744
357 A	0.04406	0.02898	0.92695
358 G	0.04268	0.03077	0.92655
359 G	0.04202	0.03144	0.92654
360 C	0.04162	0.03185	0.92653
361 G	0.04103	0.03260	0.92637
362 G	0.04079	0.03296	0.92625
363 C	0.04065	0.03317	0.92618
364 A	0.04062	0.03367	0.92571
365 A	0.04064	0.03387	0.9255
366 A	0.04069	0.03383	0.92549
367 G	0.04076	0.03367	0.92557
368 G	0.04085	0.03340	0.92575
369 T	0.04099	0.03262	0.92638
370 G	0.04105	0.03221	0.92674
371 G	0.04120	0.03161	0.9272
372 A	0.04125	0.03105	0.9277
373 A	0.04133	0.02992	0.92875
374 G	0.04152	0.02797	0.93051
375 A	0.04198	0.02504	0.93298
376 G	0.04300	0.02076	0.93624
377 G	0.04548	0.01596	0.93856
378 A	0.04775	0.01187	0.94038
379 A	0.04852	0.01009	0.94139
380 A	0.04933	0.00842	0.94225
381 T	0.04999	0.00673	0.94328
382 T	0.05016	0.00602	0.94382
383 A	0.05019	0.00571	0.9441
384 T	0.05042	0.00498	0.9446
385 T	0.05051	0.00508	0.9444
386 C	0.05037	0.00593	0.94369
387 T	0.05046	0.00908	0.94045
388 T	0.04990	0.01056	0.93954
389 T	0.04947	0.01216	0.93836
390 A	0.04894	0.01427	0.93679
391 T	0.04875	0.01524	0.93601
392 C	0.04860	0.01581	0.93559
393 T	0.04860	0.01684	0.93456
394 A	0.04861	0.01712	0.93427
395 A	0.04876	0.01708	0.93417
396 T	0.04878	0.01708	0.93415
397 T	0.04841	0.01745	0.93413
398 C	0.04780	0.01805	0.93415
399 T	0.04667	0.01924	0.93409
400 A	0.04589	0.02008	0.93403
401 A	0.04565	0.02037	0.93398
402 A	0.04569	0.02037	0.93393
403 A	0.04593	0.02023	0.93383
404 A	0.04615	0.02008	0.93376
405 T	0.04574	0.02057	0.93369
406 A	0.04460	0.02184	0.93356
407 A	0.04385	0.02257	0.93357
408 A	0.04388	0.02244	0.93368
409 A	0.04469	0.02121	0.9341
410 T	0.04803	0.01715	0.93482
411 C	0.04914	0.01502	0.93584
412 C	0.05023	0.01361	0.93616
413 C	0.05154	0.01218	0.93629
414 T	0.05216	0.01152	0.93632
415 T	0.05236	0.01130	0.93634
416 C	0.05260	0.01104	0.93636
417 T	0.05269	0.01094	0.93636
418 T	0.05256	0.01101	0.93643
419 T	0.05208	0.01119	0.93674
420 T	0.05132	0.01145	0.93722
421 G	0.04918	0.01314	0.93768
422 C	0.04684	0.01434	0.93881
423 A	0.04431	0.01767	0.93802
424 G	0.04275	0.02072	0.93653
425 A	0.04229	0.02367	0.93404
426 A	0.04213	0.02448	0.93339
427 A	0.04207	0.02472	0.93321
428 A	0.04207	0.02403	0.93389
429 A	0.04218	0.02268	0.93514
430 G	0.04214	0.02165	0.93621
431 G	0.04214	0.02123	0.93664
432 A	0.04214	0.02107	0.9368
433 G	0.04214	0.02088	0.93698
434 A	0.04215	0.02076	0.93708
435 T	0.04215	0.02060	0.93725
436 T	0.04212	0.02058	0.9373
437 T	0.04206	0.02072	0.93722
438 A	0.04185	0.02142	0.93674
439 G	0.04177	0.02163	0.93659
440 G	0.04172	0.02202	0.93626
441 A	0.04167	0.02285	0.93548
442 G	0.04165	0.02371	0.93463
443 A	0.04174	0.02377	0.93449
444 A	0.04191	0.02229	0.9358
445 A	0.04231	0.01988	0.93781
446 G	0.04364	0.01606	0.9403
447 C	0.04554	0.01293	0.94153
448 T	0.04796	0.01053	0.94151
449 T	0.04842	0.01059	0.94099
450 A	0.04830	0.01201	0.93969
451 A	0.04829	0.01244	0.93927
452 C	0.04832	0.01248	0.93919
453 T	0.04834	0.01294	0.93873
454 A	0.04817	0.01362	0.93821
455 T	0.04817	0.01390	0.93792
456 T	0.04793	0.01445	0.93762
457 A	0.04759	0.01485	0.93756
458 G	0.04732	0.01509	0.93759
459 G	0.04724	0.01524	0.93753
460 A	0.04737	0.01530	0.93733
461 C	0.04802	0.01454	0.93744
462 A	0.04865	0.01410	0.93725
463 G	0.04928	0.01360	0.93712
464 A	0.05040	0.01256	0.93705
465 A	0.05182	0.01117	0.93701
466 T	0.05273	0.01030	0.93696
467 T	0.05316	0.00983	0.93701
468 A	0.05326	0.00973	0.93701
469 A	0.05336	0.00959	0.93705
470 A	0.05360	0.00932	0.93708
471 A	0.05398	0.00887	0.93714
472 G	0.05474	0.00797	0.93729
473 T	0.05654	0.00589	0.93757
474 T	0.05731	0.00496	0.93774
475 T	0.05749	0.00463	0.93787
476 T	0.05774	0.00421	0.93804
477 A	0.05791	0.00379	0.93831
478 G	0.05803	0.00329	0.93867
479 C	0.05823	0.00269	0.93908
480 T	0.05832	0.00237	0.93931
481 G	0.05839	0.00213	0.93948
482 A	0.05858	0.00181	0.9396
483 T	0.05890	0.00140	0.9397
484 G	0.05899	0.00129	0.93972
485 T	0.05924	0.00095	0.93981
486 T	0.05940	0.00076	0.93984
487 G	0.05946	0.00068	0.93985
488 G	0.05952	0.00067	0.93982
489 T	0.05959	0.00065	0.93976
490 T	0.05964	0.00082	0.93954
491 T	0.05967	0.00096	0.93938
492 A	0.05966	0.00146	0.93888
493 A	0.05966	0.00179	0.93856
494 T	0.05966	0.00204	0.93829
495 T	0.05965	0.00224	0.93811
496 G	0.05965	0.00256	0.9378
497 G	0.05965	0.00260	0.93775
498 T	0.05966	0.00259	0.93775
499 T	0.05966	0.00258	0.93775
500 T	0.05967	0.00257	0.93776
501 C	0.05966	0.00258	0.93776
502 C	0.05965	0.00259	0.93776
503 C	0.05964	0.00260	0.93776
504 T	0.05963	0.00265	0.93771
505 A	0.05961	0.00271	0.93768
506 A	0.05960	0.00274	0.93766
507 T	0.05961	0.00274	0.93765
508 G	0.05960	0.00275	0.93764
509 T	0.05963	0.00273	0.93764
510 A	0.05966	0.00270	0.93764
511 G	0.05974	0.00264	0.93762
512 G	0.05984	0.00254	0.93762
513 T	0.06013	0.00228	0.93759
514 A	0.06032	0.00210	0.93758
515 A	0.06082	0.00158	0.9376
516 A	0.06116	0.00122	0.93762
517 T	0.06143	0.00093	0.93764
518 C	0.06158	0.00076	0.93766
519 T	0.06186	0.00048	0.93766
520 T	0.06190	0.00043	0.93767
521 C	0.06191	0.00042	0.93767
522 T	0.06191	0.00042	0.93767
523 T	0.06192	0.00043	0.93765
524 T	0.06192	0.00043	0.93766
525 G	0.06192	0.00044	0.93765
526 A	0.06192	0.00043	0.93765
527 T	0.06196	0.00036	0.93767
528 T	0.06198	0.00031	0.93771
529 T	0.06199	0.00028	0.93772
530 C	0.06199	0.00027	0.93774
531 T	0.06199	0.00026	0.93775
532 G	0.06197	0.00029	0.93774
533 C	0.06198	0.00032	0.93771
534 T	0.06198	0.00049	0.93754
535 A	0.06198	0.00055	0.93747
536 T	0.06200	0.00058	0.93742
537 T	0.06198	0.00068	0.93734
538 T	0.06194	0.00091	0.93715
539 C	0.06190	0.00110	0.93701
540 T	0.06181	0.00152	0.93667
541 A	0.06174	0.00172	0.93654
542 A	0.06172	0.00180	0.93649
543 T	0.06170	0.00183	0.93646
544 G	0.06166	0.00192	0.93642
545 C	0.06164	0.00196	0.93639
546 T	0.06163	0.00213	0.93624
547 A	0.06161	0.00220	0.93619
548 A	0.06162	0.00223	0.93616
549 A	0.06162	0.00224	0.93614
550 T	0.06162	0.00225	0.93613
551 C	0.06162	0.00224	0.93614
552 T	0.06160	0.00229	0.93611
553 A	0.06159	0.00230	0.9361
554 A	0.06159	0.00231	0.9361
555 A	0.06158	0.00231	0.93611
556 G	0.06161	0.00229	0.9361
557 C	0.06177	0.00212	0.93611
558 A	0.06186	0.00207	0.93608
559 G	0.06194	0.00198	0.93609
560 A	0.06208	0.00182	0.93611
561 T	0.06231	0.00155	0.93614
562 T	0.06246	0.00139	0.93615
563 C	0.06268	0.00112	0.9362
564 T	0.06279	0.00117	0.93604
565 T	0.06282	0.00117	0.93601
566 A	0.06282	0.00120	0.93598
567 T	0.06285	0.00116	0.93598
568 G	0.06287	0.00115	0.93598
569 C	0.06298	0.00102	0.936
570 T	0.06302	0.00100	0.93599
571 T	0.06302	0.00100	0.93598
572 T	0.06294	0.00108	0.93598
573 T	0.06275	0.00128	0.93598
574 A	0.06250	0.00153	0.93598
575 C	0.06236	0.00165	0.93599
576 A	0.06228	0.00174	0.93598
577 A	0.06227	0.00176	0.93597
578 C	0.06226	0.00175	0.93599
579 T	0.06226	0.00178	0.93596
580 T	0.06223	0.00184	0.93592
581 T	0.06218	0.00193	0.9359
582 A	0.06201	0.00209	0.9359
583 A	0.06195	0.00216	0.9359
584 A	0.06194	0.00215	0.93591
585 A	0.06198	0.00210	0.93593
586 C	0.06205	0.00199	0.93596
587 C	0.06226	0.00178	0.93597
588 T	0.06234	0.00170	0.93595
589 T	0.06238	0.00172	0.9359
590 T	0.06239	0.00183	0.93578
591 T	0.06239	0.00203	0.93557
592 T	0.06225	0.00262	0.93513
593 T	0.06202	0.00311	0.93487
594 A	0.06173	0.00356	0.93471
595 G	0.06157	0.00373	0.9347
596 G	0.06145	0.00374	0.93481
597 A	0.06128	0.00386	0.93486
598 G	0.06122	0.00391	0.93488
599 T	0.06123	0.00390	0.93486
600 A	0.06122	0.00397	0.93481
601 G	0.06122	0.00396	0.93482
602 T	0.06125	0.00392	0.93483
603 T	0.06126	0.00390	0.93484
604 A	0.06126	0.00390	0.93485
605 G	0.06126	0.00377	0.93497
606 T	0.06125	0.00376	0.93499
607 G	0.06124	0.00378	0.93498
608 G	0.06123	0.00385	0.93492
609 C	0.06121	0.00397	0.93482
610 A	0.06122	0.00439	0.93439
611 A	0.06124	0.00452	0.93424
612 A	0.06132	0.00457	0.93412
613 G	0.06147	0.00452	0.934
614 A	0.06175	0.00433	0.93392
615 T	0.06238	0.00357	0.93405
616 T	0.06272	0.00304	0.93424
617 T	0.06290	0.00268	0.93441
618 T	0.06297	0.00260	0.93443
619 A	0.06300	0.00263	0.93437
620 G	0.06307	0.00247	0.93447
621 T	0.06319	0.00240	0.93441
622 T	0.06328	0.00235	0.93438
623 T	0.06333	0.00231	0.93436
624 T	0.06333	0.00233	0.93434
625 A	0.06327	0.00242	0.93431
626 C	0.06322	0.00248	0.9343
627 A	0.06318	0.00260	0.93421
628 G	0.06317	0.00262	0.93422
629 T	0.06323	0.00257	0.93419
630 A	0.06328	0.00255	0.93417
631 G	0.06335	0.00251	0.93414
632 C	0.06349	0.00242	0.93409
633 T	0.06391	0.00248	0.93361
634 G	0.06397	0.00345	0.93259
635 A	0.06406	0.00395	0.93198
636 T	0.06420	0.00386	0.93193
637 A	0.06429	0.00380	0.93192
638 T	0.06443	0.00365	0.93191
639 T	0.06453	0.00355	0.93192
640 C	0.06457	0.00351	0.93192
641 C	0.06464	0.00345	0.93191
642 T	0.06476	0.00336	0.93189
643 G	0.06478	0.00336	0.93185
644 G	0.06477	0.00342	0.93181
645 T	0.06477	0.00349	0.93174
646 T	0.06470	0.00368	0.93162
647 T	0.06456	0.00378	0.93166
648 A	0.06436	0.00394	0.93169
649 A	0.06426	0.00403	0.93172
650 T	0.06425	0.00398	0.93177
651 C	0.06413	0.00411	0.93175
652 A	0.06404	0.00447	0.93149
653 A	0.06395	0.00466	0.93139
654 A	0.06384	0.00484	0.93133
655 G	0.06380	0.00487	0.93133
656 A	0.06429	0.00440	0.93131
657 T	0.06533	0.00331	0.93137
658 T	0.06574	0.00288	0.93138
659 C	0.06570	0.00293	0.93136
660 T	0.06563	0.00313	0.93124
661 C	0.06557	0.00328	0.93116
662 A	0.06551	0.00358	0.93091
663 T	0.06550	0.00382	0.93068
664 T	0.06540	0.00423	0.93038
665 T	0.06525	0.00453	0.93021
666 A	0.06499	0.00480	0.93021
667 G	0.06488	0.00474	0.93038
668 G	0.06489	0.00461	0.9305
669 T	0.06497	0.00439	0.93064
670 C	0.06495	0.00424	0.9308
671 G	0.06497	0.00411	0.93093
672 T	0.06503	0.00399	0.93099
673 G	0.06502	0.00401	0.93097
674 G	0.06505	0.00409	0.93086
675 T	0.06526	0.00404	0.93069
676 A	0.06528	0.00425	0.93047
677 T	0.06530	0.00420	0.9305
678 G	0.06523	0.00429	0.93048
679 G	0.06520	0.00446	0.93034
680 G	0.06516	0.00464	0.9302
681 A	0.06517	0.00489	0.92994
682 A	0.06524	0.00503	0.92972
683 T	0.06550	0.00487	0.92963
684 T	0.06553	0.00528	0.92919
685 G	0.06551	0.00642	0.92806
686 A	0.06554	0.00873	0.92574
687 T	0.06577	0.00943	0.92481
688 T	0.06583	0.01109	0.92307
689 T	0.06572	0.01243	0.92186
690 T	0.06522	0.01523	0.91955
691 T	0.06352	0.02038	0.91609
692 T	0.05848	0.03274	0.90879
693 A	0.05130	0.04205	0.90665
694 A	0.04804	0.04667	0.90528
695 A	0.04673	0.04858	0.9047
696 A	0.04602	0.04960	0.90439
697 C	0.04589	0.04985	0.90426
698 A	0.04593	0.05045	0.90362
699 T	0.04619	0.05070	0.90311
700 A	0.04612	0.05125	0.90263
701 T	0.04617	0.05171	0.90213
702 T	0.04612	0.05267	0.90122
703 G	0.04582	0.05421	0.89998
704 A	0.04575	0.05538	0.89886
705 A	0.04590	0.05633	0.89777
706 A	0.04609	0.05658	0.89734
707 G	0.04659	0.05649	0.89692
708 A	0.04802	0.05547	0.89652
709 T	0.05092	0.05279	0.89628
710 G	0.05214	0.05178	0.89608
711 T	0.05425	0.05016	0.89558
712 A	0.05530	0.05019	0.89451
713 A	0.05741	0.04873	0.89386
714 A	0.06038	0.04489	0.89474
715 G	0.06727	0.03377	0.89896
716 T	0.06978	0.02675	0.90346
717 T	0.07133	0.02472	0.90394
718 T	0.07189	0.02756	0.90054
719 T	0.07211	0.03175	0.89613
720 A	0.07203	0.03354	0.89443
721 A	0.07158	0.03545	0.89296
722 T	0.07191	0.03549	0.8926
723 A	0.07158	0.03651	0.89191
724 C	0.07187	0.03738	0.89075
725 A	0.07150	0.04127	0.88724
726 T	0.07193	0.04367	0.8844
727 A	0.06942	0.05077	0.8798
728 T	0.06940	0.05282	0.87778
729 A	0.06832	0.05718	0.8745
730 T	0.06822	0.05878	0.873
731 G	0.06739	0.05970	0.87291
732 T	0.06686	0.06031	0.87283
733 A	0.06465	0.06250	0.87286
734 G	0.06456	0.06250	0.87294
735 C	0.06534	0.06163	0.87303
736 G	0.06679	0.06019	0.87301
737 C	0.06808	0.05897	0.87295
738 C	0.06930	0.05783	0.87287
739 G	0.06993	0.05772	0.87235
740 A	0.07057	0.05831	0.87112
741 T	0.07390	0.05538	0.87071
742 C	0.07352	0.05620	0.87028
743 A	0.07342	0.05746	0.86913
744 T	0.07448	0.05600	0.86953
745 A	0.07240	0.05835	0.86924
746 A	0.07257	0.05789	0.86954
747 T	0.07391	0.05636	0.86973
748 G	0.07576	0.05350	0.87074
749 A	0.07869	0.05132	0.86999
750 T	0.08357	0.04353	0.87289
751 G	0.08415	0.04216	0.87369
752 T	0.08565	0.03958	0.87477
753 T	0.08345	0.04145	0.8751
754 T	0.07570	0.04881	0.87548
755 A	0.06501	0.05899	0.876
756 C	0.05674	0.06550	0.87775
757 G	0.04998	0.07498	0.87504
758 A	0.04477	0.08491	0.87032
759 A	0.04253	0.09214	0.86533
760 A	0.04081	0.09950	0.85969
761 A	0.04009	0.10507	0.85484
762 A	0.04047	0.10489	0.85463
763 T	0.04229	0.10223	0.85548
764 A	0.04237	0.10108	0.85655
765 T	0.04269	0.09604	0.86128
766 T	0.04276	0.09350	0.86373
767 G	0.04090	0.09535	0.86376
768 C	0.03948	0.09830	0.86221
769 G	0.03650	0.11603	0.84747
770 A	0.03434	0.13705	0.82861
771 A	0.03426	0.14461	0.82113
772 T	0.03537	0.15203	0.8126
773 T	0.03516	0.16406	0.80078
774 A	0.03337	0.18965	0.77698
775 A	0.03112	0.21624	0.75264
776 A	0.03059	0.22709	0.74232
777 T	0.03104	0.22757	0.7414
778 G	0.03031	0.23051	0.73919
779 A	0.03080	0.23578	0.73342
780 A	0.03360	0.23843	0.72797
781 G	0.03777	0.24480	0.71742
782 A	0.04222	0.26333	0.69445
783 A	0.04639	0.28211	0.6715
784 T	0.05064	0.29024	0.65912
785 T	0.05064	0.29985	0.6495
786 A	0.04773	0.31349	0.63878
787 A	0.04581	0.32060	0.63359
788 A	0.04472	0.32494	0.63033
789 A	0.04495	0.32704	0.62802
790 A	0.04726	0.32627	0.62647
791 A	0.05391	0.31868	0.62741
792 A	0.07122	0.29852	0.63025
793 T	0.09067	0.27718	0.63216
794 A	0.09553	0.27312	0.63135
795 C	0.10369	0.26408	0.63223
796 A	0.11426	0.25329	0.63245
797 A	0.14072	0.22529	0.63399
798 T	0.17093	0.19264	0.63642
799 C	0.18721	0.17590	0.63689
800 C	0.19747	0.16818	0.63435
801 T	0.20363	0.17843	0.61794
802 A	0.20422	0.18946	0.60632
803 A	0.19046	0.20842	0.60112
804 A	0.19146	0.21293	0.5956
805 A	0.21406	0.19246	0.59348
806 T	0.24190	0.16229	0.59581
807 T	0.25142	0.15163	0.59694
808 T	0.24587	0.15635	0.59777
809 T	0.22863	0.17398	0.5974
810 A	0.19711	0.20788	0.595
811 G	0.17450	0.23159	0.5939
812 A	0.16491	0.24340	0.59169
813 A	0.16166	0.24690	0.59144
814 A	0.16070	0.24772	0.59159
815 A	0.16131	0.24688	0.59182
816 A	0.16220	0.24553	0.59226
817 C	0.16089	0.24574	0.59337
818 C	0.15759	0.24888	0.59354
819 A	0.15558	0.25131	0.59311
820 C	0.15653	0.25074	0.59272
821 A	0.15809	0.25031	0.5916
822 A	0.16022	0.24897	0.59081
823 A	0.16552	0.24400	0.59047
824 T	0.18552	0.21716	0.59732
825 T	0.19583	0.20081	0.60335
826 A	0.19962	0.17237	0.62801
827 T	0.20429	0.14944	0.64628
828 T	0.20689	0.13671	0.6564
829 T	0.20843	0.12188	0.66969
830 T	0.20959	0.10606	0.68435
831 G	0.21021	0.08756	0.70224
832 T	0.21192	0.07190	0.71617
833 T	0.21322	0.05439	0.73238
834 C	0.21072	0.04616	0.74311
835 A	0.21014	0.05715	0.73272
836 A	0.20948	0.06912	0.72139
837 T	0.20912	0.08140	0.70947
838 A	0.20845	0.10958	0.68198
839 A	0.20791	0.12914	0.66295
840 A	0.20735	0.14936	0.64329
841 A	0.20659	0.15904	0.63437
842 T	0.20674	0.16137	0.63189
843 A	0.20425	0.17186	0.6239
844 G	0.20251	0.18114	0.61635
845 A	0.20080	0.20075	0.59845
846 T	0.20117	0.20214	0.59669
847 T	0.20033	0.20322	0.59646
848 T	0.19742	0.20650	0.59607
849 A	0.19253	0.21207	0.59541
850 C	0.19069	0.21430	0.59501
851 C	0.18989	0.21639	0.59372
852 A	0.18947	0.21927	0.59125
853 G	0.18975	0.21925	0.591
854 A	0.19120	0.21777	0.59102
855 T	0.19442	0.21445	0.59113
856 G	0.19635	0.21164	0.592
857 C	0.20032	0.20392	0.59576
858 C	0.21239	0.19054	0.59707
859 G	0.22465	0.17822	0.59712
860 A	0.23771	0.16580	0.59648
861 A	0.26610	0.13853	0.59536
862 G	0.28548	0.12104	0.59347
863 T	0.31074	0.09622	0.59304
864 T	0.32184	0.08542	0.59274
865 A	0.32336	0.08690	0.58974
866 A	0.32794	0.08144	0.59063
867 A	0.33346	0.07326	0.59328
868 T	0.34972	0.05271	0.59757
869 T	0.35057	0.05037	0.59906
870 A	0.34952	0.05010	0.60038
871 G	0.35003	0.04593	0.60405
872 C	0.35127	0.04008	0.60865
873 T	0.35211	0.03809	0.6098
874 T	0.35306	0.03687	0.61007
875 C	0.35420	0.03552	0.61028
876 T	0.35417	0.03614	0.60968
877 T	0.35318	0.03845	0.60837
878 T	0.34975	0.04392	0.60633
879 T	0.34526	0.05165	0.60309
880 A	0.33390	0.07468	0.59142
881 A	0.32681	0.09458	0.57862
882 A	0.31956	0.11369	0.56675
883 A	0.31493	0.12343	0.56163
884 A	0.31519	0.12523	0.55958
885 T	0.31802	0.12405	0.55792
886 A	0.31866	0.12547	0.55586
887 A	0.31992	0.12417	0.55591
888 T	0.32332	0.11908	0.5576
889 T	0.32508	0.11818	0.55674
890 T	0.32545	0.11826	0.55629
891 A	0.32536	0.11963	0.55501
892 G	0.32537	0.11901	0.55563
893 T	0.32537	0.11873	0.5559
894 T	0.32430	0.12032	0.55538
895 G	0.32340	0.12261	0.55399
896 A	0.32314	0.12523	0.55163
897 T	0.32311	0.12773	0.54916
898 A	0.32275	0.12927	0.54797
899 A	0.32317	0.12867	0.54816
900 A	0.32439	0.12507	0.55055
901 G	0.32666	0.11841	0.55494
902 A	0.33000	0.11244	0.55756
903 A	0.34148	0.09378	0.56474
904 A	0.35511	0.07860	0.56629
905 T	0.36909	0.06069	0.57022
906 T	0.37437	0.05148	0.57414
907 G	0.37633	0.04837	0.5753
908 T	0.37851	0.04599	0.5755
909 A	0.38024	0.04399	0.57577
910 C	0.38162	0.04225	0.57613
911 C	0.38357	0.04036	0.57607
912 T	0.38733	0.03794	0.57473
913 T	0.38972	0.03601	0.57426
914 T	0.39106	0.03504	0.5739
915 A	0.39074	0.03561	0.57365
916 T	0.39153	0.03473	0.57374
917 C	0.39184	0.03319	0.57497
918 T	0.39337	0.03199	0.57464
919 G	0.39509	0.03263	0.57228
920 T	0.39772	0.03432	0.56796
921 T	0.39828	0.03647	0.56525
922 T	0.39715	0.04031	0.56254
923 G	0.39472	0.04457	0.5607
924 G	0.39412	0.04541	0.56047
925 A	0.39467	0.04503	0.5603
926 A	0.39608	0.04366	0.56027
927 T	0.40123	0.03844	0.56033
928 C	0.40459	0.03507	0.56035
929 G	0.40585	0.03417	0.55998
930 T	0.40647	0.03378	0.55975
931 T	0.40652	0.03428	0.55919
932 T	0.40645	0.03474	0.55881
933 T	0.40608	0.03578	0.55813
934 A	0.40496	0.03781	0.55723
935 A	0.40425	0.03927	0.55647
936 T	0.40275	0.04127	0.55598
937 T	0.39947	0.04492	0.55562
938 T	0.38904	0.05598	0.55498
939 A	0.36152	0.08636	0.55212
940 G	0.33698	0.11302	0.55
941 A	0.32379	0.12994	0.54627
942 A	0.32114	0.13743	0.54144
943 T	0.32389	0.13937	0.53675
944 T	0.32130	0.14479	0.5339
945 T	0.31342	0.15475	0.53183
946 T	0.30203	0.16804	0.52993
947 T	0.26923	0.20527	0.5255
948 A	0.23889	0.23915	0.52196
949 A	0.22472	0.25502	0.52026
950 T	0.21860	0.26276	0.51864
951 A	0.19924	0.28571	0.51505
952 T	0.18654	0.29982	0.51364
953 A	0.16281	0.32493	0.51226
954 T	0.14619	0.34354	0.51027
955 A	0.11809	0.37541	0.5065
956 A	0.10582	0.38861	0.50557
957 A	0.09983	0.39403	0.50615
958 A	0.09587	0.39635	0.50777
959 T	0.09471	0.39350	0.51179
960 A	0.08905	0.39567	0.51527
961 A	0.08552	0.39008	0.52441
962 A	0.08429	0.36799	0.54772
963 A	0.08422	0.34617	0.56961
964 G	0.08694	0.32921	0.58385
965 A	0.09352	0.31542	0.59106
966 T	0.10257	0.29764	0.59979
967 T	0.10684	0.28330	0.60986
968 T	0.10754	0.27334	0.61912
969 A	0.10607	0.26903	0.6249
970 T	0.10803	0.24328	0.64869
971 T	0.10721	0.22426	0.66853
972 G	0.10439	0.22497	0.67063
973 A	0.10421	0.23769	0.65811
974 T	0.10776	0.22323	0.66902
975 T	0.10829	0.22082	0.67088
976 A	0.10683	0.23594	0.65723
977 A	0.10760	0.24744	0.64497
978 T	0.11115	0.23620	0.65265
979 T	0.11141	0.26576	0.62283
980 A	0.11034	0.29905	0.59061
981 T	0.11040	0.32298	0.56662
982 A	0.10914	0.35001	0.54084
983 A	0.10817	0.36015	0.53169
984 A	0.10803	0.36723	0.52474
985 A	0.10850	0.37234	0.51916
986 A	0.10812	0.37755	0.51434
987 T	0.10984	0.38295	0.50721
988 A	0.10982	0.40674	0.48344
989 A	0.10839	0.44102	0.45059
990 A	0.10754	0.47691	0.41555
991 G	0.11068	0.49666	0.39266
992 A	0.11471	0.51527	0.37003
993 T	0.12502	0.51331	0.36167
994 G	0.12716	0.52380	0.34904
995 A	0.13596	0.52687	0.33717
996 T	0.15492	0.50934	0.33574
997 A	0.15127	0.52022	0.32851
998 A	0.15475	0.52584	0.3194
999 A	0.18214	0.49701	0.32085
1000 C	0.21139	0.46630	0.32231
1001 A	0.22990	0.44876	0.32134
1002 T	0.27545	0.40238	0.32217
1003 C	0.30412	0.37284	0.32304
1004 T	0.32668	0.35026	0.32306
1005 T	0.33288	0.34373	0.32339
1006 C	0.32768	0.34803	0.32429
1007 A	0.32373	0.35182	0.32445
1008 A	0.32036	0.35497	0.32467
1009 C	0.32300	0.35031	0.32669
1010 A	0.32777	0.34534	0.32689
1011 A	0.34708	0.32539	0.32753
1012 A	0.38206	0.28754	0.3304
1013 G	0.42323	0.24332	0.33345
1014 T	0.45369	0.21151	0.33479
1015 T	0.46371	0.19880	0.33749
1016 A	0.45070	0.21015	0.33916
1017 T	0.45226	0.20404	0.34369
1018 A	0.44162	0.21345	0.34493
1019 A	0.41712	0.23659	0.34628
1020 A	0.41614	0.22992	0.35394
1021 T	0.42363	0.21800	0.35838
1022 T	0.41639	0.22292	0.36069
1023 A	0.39874	0.24390	0.35736
1024 T	0.38320	0.25710	0.35971
1025 T	0.35128	0.28816	0.36056
1026 T	0.32734	0.30872	0.36394
1027 A	0.30676	0.32624	0.36699
1028 C	0.29835	0.32387	0.37778
1029 T	0.29090	0.32813	0.38096
1030 T	0.27519	0.34299	0.38181
1031 T	0.25122	0.36565	0.38313
1032 A	0.19814	0.42272	0.37915
1033 G	0.17345	0.44807	0.37848
1034 A	0.16589	0.45299	0.38112
1035 A	0.16265	0.44994	0.3874
1036 G	0.16123	0.44122	0.39755
1037 A	0.16114	0.43014	0.40873
1038 T	0.16185	0.41100	0.42715
1039 G	0.16137	0.39666	0.44197
1040 A	0.16177	0.39118	0.44705
1041 A	0.16355	0.37783	0.45861
1042 G	0.16522	0.35319	0.48159
1043 A	0.16709	0.34639	0.48652
1044 T	0.17050	0.34389	0.4856
1045 A	0.17226	0.34995	0.4778
1046 A	0.17738	0.33975	0.48287
1047 A	0.17969	0.32393	0.49638
1048 T	0.18448	0.28915	0.52637
1049 T	0.18736	0.27674	0.5359
1050 T	0.18864	0.29047	0.5209
1051 A	0.18696	0.36903	0.44402
1052 A	0.18715	0.42812	0.38473
1053 T	0.18959	0.44133	0.36907
1054 A	0.18768	0.46658	0.34574
1055 T	0.19221	0.44142	0.36637
1056 T	0.19040	0.44723	0.36237
1057 T	0.18643	0.47342	0.34015
1058 A	0.17557	0.51604	0.30839
1059 T	0.16656	0.54577	0.28767
1060 A	0.15357	0.56896	0.27747
1061 A	0.14502	0.58362	0.27136
1062 A	0.14222	0.59185	0.26592
1063 G	0.14321	0.59311	0.26367
1064 A	0.14502	0.59510	0.25989
1065 T	0.15148	0.58851	0.26001
1066 G	0.15547	0.58456	0.25998
1067 A	0.16286	0.57752	0.25962
1068 A	0.17973	0.56106	0.2592
1069 C	0.19282	0.54935	0.25783
1070 A	0.20106	0.54411	0.25483
1071 A	0.21631	0.53002	0.25367
1072 A	0.23834	0.50845	0.25321
1073 A	0.27913	0.46724	0.25364
1074 T	0.37595	0.36844	0.25561
1075 T	0.46033	0.28116	0.25852
1076 A	0.50354	0.23533	0.26113
1077 T	0.55843	0.17277	0.26879
1078 T	0.57700	0.14920	0.2738
1079 T	0.58309	0.13677	0.28014
1080 T	0.58092	0.13839	0.28069
1081 A	0.57956	0.13967	0.28078
1082 T	0.58623	0.13167	0.28211
1083 A	0.56842	0.14289	0.28868
1084 G	0.54804	0.15967	0.29228
1085 T	0.51442	0.19895	0.28662
1086 T	0.43406	0.28736	0.27858
1087 C	0.31364	0.41401	0.27235
1088 A	0.21801	0.52935	0.25264
1089 A	0.17825	0.57047	0.25128
1090 G	0.16046	0.58796	0.25158
1091 G	0.14901	0.59930	0.25168
1092 G	0.14443	0.60385	0.25171
1093 C	0.13960	0.60853	0.25188
1094 C	0.13566	0.61321	0.25113
1095 A	0.13134	0.62167	0.24699
1096 A	0.12997	0.62690	0.24313
1097 A	0.12210	0.63933	0.23857
1098 A	0.11589	0.64965	0.23446
1099 A	0.11559	0.65256	0.23184
1100 T	0.11617	0.65151	0.23232
1101 A	0.11348	0.65630	0.23022
1102 G	0.11134	0.65692	0.23174
1103 A	0.11124	0.65244	0.23633
1104 A	0.11284	0.63859	0.24858
1105 A	0.11727	0.62599	0.25674
1106 A	0.12183	0.59439	0.28378
1107 A	0.12952	0.55038	0.3201
1108 T	0.14476	0.47521	0.38003
1109 T	0.15437	0.38054	0.46508
1110 G	0.15890	0.26513	0.57597
1111 T	0.17026	0.18035	0.64939
1112 T	0.17078	0.15509	0.67412
1113 T	0.17003	0.14498	0.68499
1114 C	0.16709	0.14296	0.68994
1115 A	0.16490	0.15044	0.68466
1116 T	0.16394	0.15225	0.68381
1117 A	0.16133	0.15584	0.68284
1118 G	0.16273	0.15589	0.68139
1119 A	0.16440	0.15676	0.67884
1120 A	0.16804	0.14447	0.68749
1121 C	0.17190	0.13191	0.6962
1122 A	0.17528	0.13779	0.68693
1123 G	0.18143	0.13611	0.68246
1124 A	0.18880	0.14067	0.67053
1125 T	0.19595	0.14453	0.65952
1126 T	0.20145	0.15306	0.64549
1127 T	0.20148	0.17480	0.62373
1128 T	0.19584	0.24169	0.56247
1129 A	0.17107	0.37766	0.45127
1130 A	0.15472	0.49207	0.35321
1131 T	0.14674	0.53897	0.31429
1132 A	0.13536	0.59820	0.26644
1133 A	0.13293	0.62323	0.24384
1134 T	0.13585	0.62829	0.23585
1135 T	0.13638	0.63664	0.22698
1136 A	0.13319	0.64593	0.22088
1137 T	0.13651	0.64305	0.22044
1138 G	0.13903	0.63972	0.22125
1139 A	0.14198	0.63668	0.22133
1140 A	0.14352	0.63276	0.22373
1141 T	0.14895	0.62554	0.22551
1142 C	0.15067	0.62265	0.22668
1143 A	0.15216	0.62105	0.22679
1144 C	0.15542	0.61765	0.22693
1145 T	0.16367	0.60982	0.22652
1146 A	0.16035	0.61421	0.22543
1147 A	0.16723	0.60852	0.22426
1148 A	0.17902	0.59769	0.22328
1149 A	0.19516	0.58246	0.22238
1150 A	0.22221	0.55162	0.22617
1151 A	0.28735	0.47882	0.23383
1152 G	0.40215	0.33800	0.25985
1153 T	0.51033	0.21177	0.2779
1154 T	0.55261	0.15864	0.28875
1155 T	0.59005	0.11014	0.29982
1156 T	0.59821	0.09897	0.30282
1157 C	0.58793	0.10742	0.30465
1158 T	0.58071	0.11557	0.30372
1159 T	0.57046	0.12311	0.30642
1160 A	0.55662	0.13650	0.30689
1161 T	0.55207	0.14012	0.30781
1162 T	0.54383	0.14817	0.30801
1163 C	0.50479	0.18475	0.31046
1164 A	0.44702	0.24681	0.30617
1165 T	0.40825	0.28949	0.30226
1166 T	0.36190	0.35298	0.28511
1167 G	0.29649	0.43831	0.26521
1168 A	0.24975	0.50727	0.24298
1169 A	0.20899	0.56111	0.2299
1170 A	0.17490	0.59634	0.22876
1171 A	0.15434	0.61515	0.23051
1172 A	0.12680	0.64095	0.23226
1173 A	0.10571	0.65928	0.23501
1174 A	0.09665	0.66750	0.23585
1175 T	0.09029	0.67428	0.23543
1176 A	0.08581	0.68022	0.23397
1177 G	0.08375	0.67904	0.23721
1178 G	0.08163	0.68188	0.23649
1179 A	0.07997	0.68494	0.23509
1180 A	0.07891	0.68980	0.23129
1181 T	0.07343	0.69817	0.22839
1182 A	0.05783	0.72977	0.21239
1183 G	0.04714	0.75329	0.19956
1184 A	0.03993	0.77494	0.18513
1185 A	0.03579	0.78646	0.17775
1186 A	0.03480	0.76570	0.1995
1187 A	0.03820	0.71433	0.24746
1188 A	0.04437	0.66916	0.28647
1189 G	0.06258	0.60742	0.33
1190 A	0.08313	0.55389	0.36298
1191 A	0.10427	0.51686	0.37887
1192 T	0.12268	0.48690	0.39041
1193 T	0.12523	0.47708	0.39769
1194 A	0.12208	0.47309	0.40483
1195 A	0.11555	0.46476	0.41969
1196 A	0.10833	0.45810	0.43357
1197 A	0.10532	0.45506	0.43962
1198 C	0.10426	0.45360	0.44214
1199 A	0.10710	0.47711	0.41579
1200 A	0.10845	0.50542	0.38612
1201 A	0.11350	0.53438	0.35212
1202 A	0.12106	0.55457	0.32438
1203 A	0.14256	0.55358	0.30386
1204 G	0.16526	0.52940	0.30534
1205 G	0.19833	0.48628	0.31539
1206 T	0.22919	0.45684	0.31398
1207 A	0.23258	0.46786	0.29956
1208 T	0.23292	0.48303	0.28405
1209 G	0.18329	0.57287	0.24384
1210 A	0.14373	0.65043	0.20585
1211 A	0.12085	0.68564	0.19351
1212 A	0.10720	0.70486	0.18794
1213 G	0.11835	0.69885	0.1828
1214 A	0.13712	0.68647	0.17642
1215 T	0.16046	0.66770	0.17184
1216 A	0.15612	0.68397	0.15991
1217 A	0.14908	0.68810	0.16281
1218 A	0.14717	0.68376	0.16907
1219 G	0.14091	0.68233	0.17676
1220 A	0.13597	0.68273	0.1813
1221 C	0.13898	0.67453	0.1865
1222 A	0.16072	0.65352	0.18576
1223 A	0.19091	0.62257	0.18651
1224 A	0.22812	0.58329	0.18859
1225 G	0.26566	0.54296	0.19137
1226 T	0.29423	0.51264	0.19312
1227 T	0.30994	0.49248	0.19757
1228 A	0.31455	0.48577	0.19968
1229 A	0.32460	0.47061	0.2048
1230 A	0.34396	0.43556	0.22049
1231 A	0.36513	0.39454	0.24032
1232 T	0.41100	0.29091	0.29809
1233 T	0.44891	0.21052	0.34057
1234 T	0.45867	0.17420	0.36713
1235 G	0.46110	0.15127	0.38763
1236 T	0.46604	0.13727	0.39669
1237 G	0.46814	0.12999	0.40186
1238 A	0.47272	0.12151	0.40577
1239 T	0.48635	0.09314	0.42052
1240 T	0.48745	0.08223	0.43031
1241 A	0.48653	0.08471	0.42876
1242 T	0.48730	0.07919	0.43351
1243 G	0.48548	0.09023	0.4243
1244 T	0.48413	0.11866	0.39721
1245 T	0.48286	0.13794	0.37919
1246 T	0.48053	0.17191	0.34756
1247 T	0.47697	0.19819	0.32484
1248 T	0.47099	0.21838	0.31063
1249 G	0.46295	0.23600	0.30105
1250 A	0.45766	0.24670	0.29564
1251 A	0.45428	0.25216	0.29357
1252 T	0.45226	0.25465	0.29309
1253 T	0.44913	0.25905	0.29182
1254 A	0.44153	0.26944	0.28903
1255 G	0.43591	0.27776	0.28632
1256 T	0.43221	0.29068	0.2771
1257 A	0.42127	0.31508	0.26365
1258 A	0.41033	0.34383	0.24584
1259 A	0.40064	0.36850	0.23087
1260 T	0.39491	0.37756	0.22753
1261 G	0.37325	0.40897	0.21778
1262 A	0.37143	0.41366	0.21491
1263 A	0.37358	0.41213	0.21429
1264 G	0.38372	0.40102	0.21527
1265 A	0.39562	0.38831	0.21607
1266 A	0.43019	0.35084	0.21897
1267 T	0.48557	0.29142	0.22302
1268 T	0.51455	0.25809	0.22735
1269 T	0.53791	0.23060	0.23149
1270 T	0.54819	0.21637	0.23545
1271 T	0.55286	0.20626	0.24087
1272 T	0.55505	0.19834	0.2466
1273 T	0.55711	0.19228	0.25061
1274 A	0.55847	0.18813	0.2534
1275 T	0.56012	0.18394	0.25594
1276 A	0.56153	0.17952	0.25895
1277 A	0.56447	0.16994	0.26559
1278 A	0.56834	0.16025	0.27142
1279 A	0.57881	0.14485	0.27634
1280 A	0.59335	0.11895	0.2877
1281 A	0.61515	0.08403	0.30081
1282 T	0.63551	0.04982	0.31467
1283 A	0.64223	0.03410	0.32367
1284 A	0.65393	0.00000	0.34607
