# lcl|CP097583.1_cds_USQ93620.1_1
# AA	inside	membr	outside
1 A	0.62138	0.00000	0.37861
2 T	0.62054	0.00084	0.37861
3 T	0.61831	0.00308	0.37861
4 G	0.61831	0.07161	0.31008
5 A	0.58160	0.16651	0.25189
6 T	0.58160	0.17971	0.23869
7 G	0.38635	0.37840	0.23525
8 A	0.38635	0.37847	0.23518
9 A	0.37799	0.38750	0.23451
10 A	0.37798	0.40364	0.21837
11 A	0.37696	0.40479	0.21825
12 T	0.36831	0.41347	0.21822
13 G	0.33978	0.44225	0.21797
14 G	0.33977	0.44226	0.21797
15 C	0.33977	0.45066	0.20957
16 G	0.33852	0.45190	0.20957
17 A	0.33631	0.45436	0.20933
18 T	0.33628	0.45493	0.20879
19 G	0.33439	0.45738	0.20823
20 C	0.32937	0.46885	0.20178
21 A	0.32023	0.47805	0.20172
22 T	0.32333	0.47755	0.19912
23 T	0.32553	0.47888	0.19559
24 A	0.32492	0.48538	0.18971
25 G	0.32660	0.48010	0.19329
26 G	0.32833	0.46723	0.20444
27 T	0.39230	0.37723	0.23047
28 G	0.43699	0.30153	0.26149
29 T	0.45366	0.27595	0.2704
30 T	0.45854	0.15040	0.39107
31 T	0.45194	0.16652	0.38154
32 T	0.43795	0.19457	0.36749
33 A	0.35859	0.34117	0.30024
34 G	0.30843	0.42511	0.26646
35 A	0.27952	0.48172	0.23875
36 A	0.25967	0.49983	0.24049
37 A	0.25237	0.51648	0.23114
38 A	0.25463	0.51610	0.22927
39 A	0.25068	0.52538	0.22394
40 G	0.25058	0.52443	0.22498
41 A	0.25143	0.52838	0.22019
42 T	0.25298	0.53241	0.21461
43 A	0.25574	0.53321	0.21105
44 A	0.25334	0.55611	0.19055
45 A	0.25478	0.56271	0.18251
46 A	0.25842	0.56553	0.17606
47 T	0.26544	0.56032	0.17423
48 A	0.26677	0.56722	0.166
49 T	0.27539	0.57620	0.14842
50 T	0.27661	0.58373	0.13966
51 T	0.26711	0.60125	0.13163
52 A	0.24778	0.62782	0.1244
53 A	0.23541	0.64222	0.12237
54 A	0.24037	0.63286	0.12676
55 A	0.25923	0.59924	0.14152
56 T	0.32814	0.45389	0.21796
57 A	0.35536	0.38301	0.26163
58 T	0.38269	0.32816	0.28914
59 C	0.38365	0.31353	0.30281
60 T	0.37916	0.33410	0.28674
61 G	0.35805	0.37030	0.27166
62 A	0.32310	0.42614	0.25076
63 A	0.30832	0.46123	0.23045
64 G	0.30398	0.47567	0.22035
65 A	0.30944	0.51008	0.18047
66 A	0.31573	0.53197	0.1523
67 A	0.33681	0.51967	0.14352
68 A	0.34547	0.51422	0.14031
69 A	0.35569	0.50673	0.13758
70 G	0.36401	0.50518	0.13082
71 A	0.37932	0.49039	0.13029
72 T	0.40414	0.46352	0.13233
73 A	0.41256	0.45488	0.13257
74 T	0.42362	0.43081	0.14556
75 A	0.42926	0.41116	0.15957
76 G	0.43547	0.39248	0.17205
77 A	0.44164	0.38501	0.17335
78 T	0.44458	0.37691	0.17851
79 G	0.44613	0.37323	0.18065
80 T	0.45189	0.36007	0.18805
81 A	0.45460	0.35486	0.19054
82 G	0.46090	0.33993	0.19917
83 T	0.48002	0.31491	0.20507
84 A	0.49438	0.29243	0.21319
85 A	0.51663	0.24982	0.23355
86 T	0.54159	0.21249	0.24592
87 G	0.55235	0.19972	0.24793
88 A	0.58560	0.18686	0.22753
89 T	0.61484	0.18519	0.19996
90 T	0.62133	0.18951	0.18916
91 A	0.61735	0.19408	0.18857
92 A	0.61832	0.19298	0.1887
93 T	0.62756	0.18357	0.18887
94 C	0.62621	0.18540	0.18839
95 C	0.62659	0.18644	0.18697
96 T	0.63213	0.18561	0.18226
97 A	0.63301	0.18619	0.1808
98 A	0.63653	0.18329	0.18018
99 T	0.64328	0.17703	0.17969
100 T	0.64762	0.17292	0.17945
101 C	0.64846	0.17183	0.17971
102 T	0.65145	0.16888	0.17967
103 A	0.65166	0.16860	0.17974
104 A	0.65451	0.16543	0.18006
105 T	0.66021	0.15946	0.18033
106 C	0.66271	0.15706	0.18023
107 C	0.67054	0.14876	0.18071
108 T	0.68169	0.13871	0.1796
109 A	0.68122	0.14077	0.17801
110 A	0.68533	0.13724	0.17744
111 A	0.70392	0.11877	0.17731
112 G	0.73222	0.08954	0.17824
113 T	0.74781	0.06786	0.18433
114 T	0.75168	0.05452	0.1938
115 G	0.75316	0.04830	0.19853
116 T	0.75549	0.04446	0.20005
117 T	0.75604	0.04096	0.20301
118 C	0.75607	0.03923	0.2047
119 G	0.75607	0.04128	0.20266
120 T	0.75710	0.04193	0.20097
121 T	0.75726	0.04447	0.19827
122 T	0.75598	0.04837	0.19565
123 G	0.75214	0.05411	0.19375
124 A	0.74909	0.05849	0.19242
125 T	0.74670	0.06053	0.19277
126 G	0.74139	0.06558	0.19303
127 A	0.73537	0.07384	0.19078
128 A	0.73376	0.07842	0.18782
129 T	0.73443	0.07859	0.18698
130 T	0.73325	0.07959	0.18716
131 A	0.73037	0.08168	0.18796
132 T	0.73015	0.07774	0.19211
133 T	0.72868	0.07867	0.19264
134 C	0.71721	0.08982	0.19296
135 A	0.70768	0.10016	0.19216
136 C	0.70323	0.10575	0.19102
137 A	0.67925	0.13341	0.18734
138 A	0.65802	0.15544	0.18654
139 T	0.64256	0.17162	0.18582
140 T	0.62049	0.19445	0.18507
141 T	0.60146	0.21344	0.1851
142 C	0.56834	0.24277	0.18889
143 G	0.54500	0.26731	0.18769
144 T	0.53669	0.27749	0.18581
145 T	0.51176	0.30827	0.17997
146 A	0.45521	0.37631	0.16849
147 T	0.42611	0.40653	0.16736
148 A	0.30903	0.52632	0.16465
149 A	0.23529	0.59857	0.16614
150 G	0.20331	0.62427	0.17242
151 C	0.19181	0.63303	0.17516
152 A	0.18820	0.63708	0.17472
153 T	0.18555	0.63950	0.17495
154 C	0.17699	0.64774	0.17528
155 A	0.17050	0.65937	0.17013
156 A	0.16643	0.66863	0.16494
157 A	0.15385	0.67850	0.16764
158 A	0.14307	0.68843	0.1685
159 A	0.13666	0.69847	0.16488
160 A	0.13522	0.67896	0.18582
161 A	0.13058	0.66709	0.20233
162 A	0.12964	0.65199	0.21837
163 T	0.13049	0.63279	0.23672
164 T	0.12591	0.64965	0.22445
165 A	0.11575	0.66775	0.2165
166 A	0.11254	0.67536	0.2121
167 A	0.10720	0.68683	0.20597
168 A	0.10637	0.67806	0.21557
169 G	0.11485	0.64388	0.24127
170 A	0.11585	0.62507	0.25908
171 A	0.11520	0.53746	0.34733
172 A	0.11412	0.48218	0.4037
173 T	0.11089	0.46917	0.41995
174 C	0.09752	0.51676	0.38571
175 A	0.08295	0.67333	0.24372
176 A	0.07690	0.72611	0.19699
177 A	0.06905	0.78463	0.14632
178 A	0.06802	0.80989	0.12208
179 A	0.07049	0.81468	0.11483
180 A	0.07448	0.80043	0.12508
181 A	0.07813	0.78768	0.13419
182 A	0.08364	0.77578	0.14059
183 A	0.09276	0.76558	0.14166
184 C	0.11311	0.73777	0.14913
185 A	0.13199	0.72433	0.14369
186 A	0.15099	0.70721	0.14181
187 T	0.18773	0.66593	0.14634
188 C	0.21384	0.63251	0.15365
189 T	0.24130	0.60772	0.15097
190 A	0.25424	0.59387	0.15189
191 T	0.27426	0.56998	0.15576
192 A	0.29334	0.54987	0.15679
193 G	0.30943	0.53160	0.15897
194 T	0.33539	0.49804	0.16657
195 A	0.35932	0.46940	0.17129
196 A	0.39216	0.43215	0.17569
197 T	0.46109	0.34953	0.18938
198 T	0.58629	0.21274	0.20098
199 A	0.60999	0.18601	0.204
200 T	0.64762	0.14283	0.20955
201 T	0.65617	0.13596	0.20787
202 A	0.64724	0.15226	0.20049
203 A	0.62917	0.17322	0.19761
204 A	0.50163	0.30390	0.19447
205 G	0.47056	0.33412	0.19533
206 A	0.45873	0.34672	0.19456
207 A	0.42906	0.37501	0.19592
208 A	0.41283	0.38928	0.19789
209 T	0.40071	0.39795	0.20134
210 T	0.37274	0.42404	0.20323
211 C	0.34615	0.44952	0.20432
212 G	0.32159	0.47508	0.20333
213 T	0.30805	0.49014	0.20181
214 A	0.25518	0.54805	0.19677
215 T	0.21846	0.58438	0.19717
216 G	0.17368	0.62881	0.19751
217 A	0.13776	0.66383	0.1984
218 G	0.12093	0.67771	0.20136
219 C	0.11751	0.67918	0.20331
220 C	0.11490	0.68111	0.20398
221 C	0.11527	0.68033	0.20441
222 A	0.11790	0.67728	0.20482
223 A	0.12131	0.67350	0.20519
224 C	0.12713	0.66666	0.20621
225 T	0.13535	0.65526	0.20939
226 A	0.13943	0.63990	0.22068
227 T	0.14515	0.49680	0.35805
228 T	0.14674	0.45975	0.39351
229 G	0.14687	0.44419	0.40894
230 A	0.14660	0.40490	0.4485
231 T	0.14653	0.36775	0.48572
232 G	0.14580	0.33255	0.52165
233 A	0.14595	0.29998	0.55407
234 T	0.14695	0.27212	0.58093
235 A	0.14740	0.25223	0.60037
236 A	0.14850	0.23654	0.61496
237 T	0.15297	0.17825	0.66878
238 G	0.14960	0.14464	0.70576
239 A	0.14733	0.14308	0.70959
240 T	0.14621	0.16686	0.68693
241 T	0.14464	0.39713	0.45823
242 T	0.14259	0.50030	0.35711
243 A	0.13715	0.56896	0.29388
244 A	0.13487	0.63422	0.23092
245 A	0.13404	0.66142	0.20455
246 T	0.13219	0.68701	0.1808
247 A	0.12576	0.74664	0.1276
248 T	0.12271	0.76808	0.10921
249 T	0.11628	0.78986	0.09386
250 A	0.11080	0.81021	0.07899
251 A	0.10883	0.81321	0.07796
252 A	0.10800	0.81381	0.0782
253 A	0.10802	0.81325	0.07874
254 T	0.10879	0.81171	0.0795
255 C	0.10935	0.81025	0.08039
256 A	0.11249	0.80714	0.08036
257 A	0.11571	0.80401	0.08028
258 A	0.12108	0.79842	0.08051
259 A	0.12877	0.79023	0.081
260 A	0.13855	0.77995	0.0815
261 A	0.15643	0.75674	0.08683
262 G	0.19318	0.71591	0.09091
263 C	0.26705	0.63907	0.09388
264 T	0.55728	0.34768	0.09504
265 T	0.66324	0.24060	0.09616
266 A	0.69841	0.20299	0.0986
267 T	0.73341	0.16673	0.09986
268 A	0.74483	0.15520	0.09997
269 A	0.76207	0.13511	0.10282
270 T	0.82461	0.06505	0.11034
271 T	0.84042	0.04633	0.11325
272 T	0.84829	0.03409	0.11762
273 T	0.84513	0.03736	0.11751
274 T	0.81203	0.07505	0.11291
275 T	0.70437	0.19234	0.1033
276 A	0.33226	0.56758	0.10015
277 A	0.25508	0.64592	0.099
278 A	0.21542	0.68547	0.09912
279 A	0.17534	0.72567	0.09899
280 C	0.15086	0.74951	0.09963
281 A	0.12880	0.77226	0.09894
282 A	0.11125	0.79042	0.09834
283 G	0.10210	0.79976	0.09814
284 G	0.09821	0.80419	0.0976
285 T	0.09742	0.80557	0.09701
286 G	0.09636	0.80788	0.09576
287 A	0.09605	0.80915	0.09479
288 T	0.09624	0.80885	0.09492
289 A	0.09623	0.80866	0.09512
290 A	0.09626	0.80798	0.09575
291 A	0.09673	0.80527	0.098
292 G	0.09747	0.80131	0.10122
293 T	0.09954	0.79451	0.10595
294 T	0.10198	0.78342	0.1146
295 A	0.10353	0.77535	0.12112
296 A	0.10692	0.75428	0.13879
297 G	0.11186	0.70511	0.18302
298 A	0.12016	0.58793	0.29191
299 T	0.12362	0.22194	0.65444
300 T	0.12518	0.15668	0.71814
301 A	0.12592	0.12540	0.74867
302 T	0.12736	0.09107	0.78157
303 T	0.12767	0.06710	0.80523
304 A	0.12780	0.04654	0.82567
305 T	0.12831	0.03122	0.84046
306 G	0.12817	0.02493	0.8469
307 C	0.12865	0.02214	0.84921
308 G	0.12925	0.03098	0.83978
309 T	0.13087	0.03922	0.82991
310 T	0.13170	0.05854	0.80975
311 T	0.13162	0.11476	0.75362
312 T	0.12947	0.23527	0.63526
313 A	0.12498	0.57874	0.29628
314 A	0.11739	0.63905	0.24356
315 A	0.10960	0.67396	0.21644
316 G	0.10049	0.71142	0.1881
317 G	0.09294	0.73601	0.17105
318 G	0.08747	0.76249	0.15004
319 A	0.08536	0.77704	0.1376
320 G	0.08465	0.78139	0.13396
321 A	0.08482	0.78394	0.13123
322 A	0.08559	0.78407	0.13034
323 T	0.08728	0.78278	0.12995
324 G	0.08850	0.78239	0.12911
325 A	0.09060	0.78062	0.12878
326 T	0.09147	0.77981	0.12872
327 A	0.09143	0.77962	0.12896
328 A	0.09166	0.77925	0.1291
329 C	0.09245	0.77805	0.1295
330 A	0.09380	0.77699	0.12921
331 C	0.10389	0.76718	0.12894
332 A	0.11801	0.75383	0.12816
333 A	0.15055	0.72190	0.12755
334 A	0.21417	0.65830	0.12753
335 G	0.34477	0.52515	0.13008
336 T	0.66262	0.20349	0.13388
337 A	0.70860	0.14945	0.14194
338 A	0.73779	0.11189	0.15032
339 T	0.77457	0.06485	0.16057
340 T	0.78995	0.04244	0.1676
341 T	0.80130	0.02635	0.17235
342 T	0.80398	0.02244	0.17358
343 T	0.80214	0.02489	0.17297
344 T	0.79225	0.03674	0.17102
345 A	0.76931	0.06349	0.1672
346 G	0.75177	0.08418	0.16405
347 G	0.73091	0.10792	0.16117
348 T	0.71794	0.12670	0.15536
349 A	0.71016	0.13873	0.15111
350 A	0.70651	0.14487	0.14862
351 A	0.70467	0.14822	0.1471
352 A	0.70455	0.14896	0.14648
353 G	0.70501	0.14798	0.14702
354 T	0.70581	0.14703	0.14716
355 A	0.70619	0.14707	0.14673
356 T	0.70683	0.14631	0.14685
357 T	0.70658	0.14651	0.14691
358 T	0.70588	0.14726	0.14687
359 T	0.70450	0.14873	0.14677
360 T	0.70100	0.15212	0.14688
361 G	0.69232	0.16104	0.14664
362 A	0.68381	0.17031	0.14588
363 T	0.67946	0.17488	0.14566
364 A	0.66744	0.18807	0.14449
365 A	0.66360	0.18921	0.14719
366 A	0.66206	0.18625	0.15169
367 A	0.66414	0.16910	0.16676
368 T	0.66850	0.13973	0.19178
369 T	0.67187	0.11946	0.20868
370 G	0.67377	0.10088	0.22534
371 T	0.67908	0.08693	0.23399
372 A	0.68121	0.08173	0.23705
373 T	0.68315	0.07871	0.23814
374 C	0.68388	0.07758	0.23855
375 T	0.68484	0.07886	0.2363
376 A	0.68375	0.08588	0.23037
377 A	0.68398	0.09166	0.22436
378 T	0.68479	0.09408	0.22113
379 T	0.68439	0.10120	0.2144
380 T	0.68371	0.10639	0.2099
381 A	0.68102	0.11737	0.20161
382 A	0.67697	0.12653	0.19651
383 A	0.67357	0.12977	0.19666
384 A	0.67182	0.12576	0.20242
385 G	0.67202	0.11736	0.21063
386 A	0.67286	0.11242	0.21472
387 T	0.67516	0.09989	0.22495
388 G	0.67581	0.09610	0.22809
389 T	0.67647	0.09257	0.23097
390 A	0.67656	0.09196	0.23148
391 G	0.67671	0.09134	0.23195
392 G	0.67705	0.09129	0.23167
393 C	0.67712	0.09366	0.22922
394 A	0.67773	0.09832	0.22395
395 G	0.68139	0.09491	0.22371
396 T	0.68573	0.09202	0.22224
397 T	0.68731	0.09107	0.22162
398 G	0.68855	0.09077	0.22068
399 C	0.69331	0.08556	0.22112
400 G	0.69854	0.08239	0.21907
401 A	0.70269	0.08127	0.21604
402 T	0.71075	0.07392	0.21533
403 A	0.71583	0.07099	0.21318
404 T	0.72442	0.06193	0.21365
405 A	0.72885	0.05385	0.2173
406 G	0.73162	0.04733	0.22106
407 T	0.73421	0.04256	0.22323
408 T	0.73352	0.04271	0.22377
409 C	0.73116	0.04529	0.22355
410 C	0.72439	0.05573	0.21988
411 G	0.71920	0.06688	0.21391
412 A	0.71686	0.07295	0.21019
413 A	0.71554	0.07690	0.20756
414 A	0.71496	0.07952	0.20552
415 A	0.71645	0.07895	0.20459
416 T	0.72075	0.07408	0.20517
417 G	0.72522	0.06912	0.20566
418 G	0.72660	0.06743	0.20597
419 T	0.72956	0.06424	0.2062
420 T	0.73133	0.06212	0.20654
421 T	0.73268	0.06034	0.20698
422 C	0.73392	0.05880	0.20728
423 T	0.73563	0.05704	0.20734
424 A	0.73696	0.05569	0.20736
425 A	0.73800	0.05459	0.20741
426 T	0.74044	0.05184	0.20772
427 C	0.74134	0.05081	0.20786
428 A	0.74150	0.05040	0.2081
429 A	0.74176	0.04972	0.20851
430 A	0.74290	0.04796	0.20914
431 T	0.74531	0.04343	0.21126
432 G	0.74651	0.03996	0.21353
433 T	0.75147	0.02750	0.22102
434 T	0.75509	0.01938	0.22554
435 T	0.75352	0.01960	0.22688
436 A	0.74939	0.02329	0.22731
437 C	0.74866	0.02300	0.22833
438 T	0.74729	0.02682	0.2259
439 T	0.74265	0.03491	0.22244
440 T	0.72812	0.05576	0.21612
441 T	0.70882	0.08105	0.21013
442 T	0.66698	0.12780	0.20521
443 T	0.64267	0.15300	0.20433
444 A	0.61341	0.18230	0.20429
445 T	0.59689	0.19865	0.20446
446 C	0.58960	0.20582	0.20457
447 G	0.58473	0.21066	0.20462
448 C	0.58454	0.21080	0.20466
449 C	0.58452	0.21082	0.20467
450 T	0.58456	0.21077	0.20467
451 A	0.58466	0.21067	0.20467
452 A	0.58477	0.21053	0.2047
453 A	0.58489	0.21039	0.20472
454 A	0.58509	0.21010	0.20482
455 A	0.58548	0.20872	0.2058
456 A	0.58597	0.20710	0.20694
457 A	0.58688	0.20398	0.20914
458 T	0.58904	0.19716	0.2138
459 T	0.59062	0.19013	0.21925
460 A	0.59151	0.18631	0.22217
461 A	0.59395	0.17841	0.22764
462 A	0.59743	0.16127	0.2413
463 T	0.60380	0.12014	0.27606
464 A	0.60881	0.07520	0.316
465 A	0.61382	0.00000	0.38618
