# lcl|CP097583.1_cds_USQ93367.1_1
# AA	inside	membr	outside
1 T	0.40688	0.00000	0.59311
2 T	0.40684	0.00004	0.59311
3 G	0.40673	0.00015	0.59311
4 A	0.40673	0.00135	0.59192
5 T	0.40589	0.00276	0.59135
6 C	0.40589	0.00298	0.59112
7 T	0.40382	0.00543	0.59075
8 T	0.40382	0.00545	0.59072
9 A	0.40307	0.00686	0.59007
10 T	0.40307	0.02626	0.57067
11 T	0.40288	0.02665	0.57047
12 T	0.38839	0.04123	0.57037
13 T	0.36191	0.06811	0.56998
14 G	0.36190	0.06811	0.56998
15 C	0.36190	0.07150	0.5666
16 A	0.36153	0.07187	0.5666
17 T	0.36127	0.07215	0.56658
18 A	0.36125	0.07220	0.56655
19 T	0.36039	0.07307	0.56654
20 C	0.35388	0.07984	0.56628
21 T	0.30275	0.13096	0.56629
22 A	0.29636	0.13760	0.56604
23 A	0.29261	0.14161	0.56578
24 T	0.29038	0.14408	0.56554
25 A	0.28122	0.15328	0.5655
26 A	0.27418	0.16014	0.56567
27 T	0.27068	0.16309	0.56623
28 A	0.26360	0.16941	0.56698
29 C	0.26004	0.17254	0.56742
30 A	0.25959	0.17185	0.56857
31 G	0.25881	0.17197	0.56923
32 T	0.26021	0.16920	0.57059
33 T	0.27402	0.15417	0.57181
34 T	0.27066	0.15694	0.5724
35 T	0.26665	0.14688	0.58646
36 C	0.26096	0.13173	0.60731
37 G	0.25491	0.13763	0.60747
38 C	0.25520	0.13720	0.6076
39 T	0.25348	0.13955	0.60697
40 T	0.25060	0.14337	0.60603
41 A	0.24319	0.15169	0.60512
42 T	0.23452	0.15993	0.60555
43 A	0.22065	0.17087	0.60848
44 A	0.20911	0.13816	0.65272
45 A	0.19877	0.14463	0.6566
46 G	0.19723	0.14080	0.66197
47 A	0.19666	0.14056	0.66278
48 T	0.19590	0.13354	0.67056
49 A	0.19435	0.13054	0.67511
50 A	0.19355	0.12830	0.67815
51 T	0.19183	0.12327	0.68491
52 G	0.18857	0.12291	0.68851
53 A	0.18654	0.12483	0.68863
54 A	0.18605	0.12397	0.68998
55 A	0.18573	0.12470	0.68957
56 T	0.18559	0.12266	0.69175
57 T	0.18452	0.12399	0.69149
58 T	0.18330	0.14366	0.67304
59 A	0.18160	0.14865	0.66976
60 T	0.18039	0.15311	0.6665
61 G	0.17711	0.16504	0.65785
62 A	0.17571	0.18052	0.64377
63 A	0.16734	0.21054	0.62213
64 A	0.16387	0.20877	0.62736
65 G	0.16118	0.20364	0.63518
66 A	0.15811	0.19697	0.64492
67 A	0.15969	0.18585	0.65446
68 C	0.16306	0.17274	0.6642
69 G	0.16383	0.17307	0.66309
70 A	0.16653	0.17377	0.65969
71 T	0.16881	0.17263	0.65856
72 T	0.17023	0.17314	0.65662
73 A	0.16970	0.17598	0.65432
74 G	0.16725	0.17752	0.65523
75 A	0.16707	0.17634	0.6566
76 G	0.16819	0.17291	0.6589
77 G	0.16957	0.17060	0.65983
78 A	0.17255	0.16692	0.66052
79 A	0.17523	0.16319	0.66158
80 C	0.18249	0.15360	0.6639
81 T	0.20673	0.12813	0.66514
82 G	0.21482	0.11904	0.66615
83 A	0.22414	0.10890	0.66696
84 G	0.23451	0.09629	0.6692
85 A	0.24817	0.08151	0.67032
86 T	0.27107	0.04862	0.6803
87 T	0.27337	0.04162	0.68501
88 A	0.27415	0.03765	0.6882
89 T	0.27663	0.03115	0.69222
90 T	0.27745	0.02883	0.69371
91 C	0.27758	0.02792	0.6945
92 A	0.27927	0.02611	0.69462
93 T	0.28318	0.02172	0.6951
94 G	0.28475	0.01981	0.69544
95 T	0.28805	0.01623	0.69571
96 T	0.29013	0.01369	0.69618
97 C	0.29026	0.01130	0.69844
98 T	0.29066	0.01170	0.69764
99 T	0.28928	0.01423	0.69649
100 T	0.27157	0.03768	0.69075
101 T	0.24966	0.06238	0.68796
102 A	0.22604	0.09025	0.68371
103 G	0.20379	0.11849	0.67772
104 A	0.18738	0.13824	0.67438
105 T	0.17460	0.15450	0.6709
106 A	0.15709	0.17595	0.66696
107 A	0.15314	0.18097	0.66589
108 A	0.15110	0.18368	0.66522
109 A	0.15039	0.18432	0.6653
110 A	0.15010	0.18422	0.66568
111 T	0.15005	0.18349	0.66646
112 G	0.14960	0.18352	0.66688
113 C	0.14943	0.18296	0.66761
114 T	0.14927	0.18285	0.66789
115 G	0.14847	0.18347	0.66806
116 A	0.14817	0.18373	0.66811
117 C	0.14801	0.18376	0.66823
118 A	0.14798	0.18384	0.66818
119 A	0.14835	0.18287	0.66878
120 T	0.14977	0.18014	0.67009
121 A	0.15111	0.17771	0.67118
122 A	0.15311	0.17348	0.67341
123 T	0.15909	0.14159	0.69932
124 G	0.16145	0.11350	0.72505
125 A	0.16503	0.08826	0.7467
126 T	0.17175	0.06149	0.76676
127 G	0.17445	0.04992	0.77563
128 T	0.17774	0.04177	0.78049
129 T	0.17992	0.03351	0.78657
130 T	0.17942	0.03679	0.78379
131 T	0.17810	0.04069	0.78121
132 A	0.17581	0.05347	0.77072
133 A	0.17432	0.06723	0.75844
134 A	0.17360	0.07324	0.75316
135 T	0.17329	0.07630	0.7504
136 T	0.17306	0.08153	0.74541
137 A	0.17273	0.08806	0.73922
138 T	0.17263	0.08797	0.7394
139 A	0.17251	0.08860	0.73889
140 T	0.17250	0.08871	0.73879
141 T	0.17241	0.08880	0.73879
142 C	0.17222	0.08913	0.73866
143 A	0.17209	0.08974	0.73817
144 A	0.17183	0.09027	0.73791
145 A	0.17153	0.09091	0.73756
146 A	0.17176	0.09079	0.73746
147 T	0.17330	0.08931	0.73739
148 A	0.17468	0.08809	0.73723
149 A	0.17782	0.08457	0.73761
150 T	0.18764	0.07379	0.73857
151 T	0.19484	0.06589	0.73927
152 T	0.19955	0.06001	0.74044
153 T	0.20351	0.05534	0.74115
154 G	0.20560	0.05209	0.74231
155 A	0.21312	0.04320	0.74369
156 T	0.22566	0.02936	0.74498
157 T	0.23170	0.02247	0.74584
158 C	0.23474	0.01898	0.74628
159 T	0.24011	0.01347	0.74642
160 T	0.24450	0.00894	0.74656
161 C	0.24483	0.00868	0.74648
162 T	0.24461	0.00978	0.74561
163 T	0.24456	0.01162	0.74382
164 T	0.24428	0.01333	0.74239
165 T	0.24361	0.01586	0.74052
166 A	0.24284	0.01941	0.73775
167 A	0.24256	0.02034	0.7371
168 T	0.24263	0.02030	0.73707
169 A	0.24247	0.02124	0.73628
170 A	0.24247	0.02151	0.73603
171 T	0.24272	0.02120	0.73609
172 A	0.24231	0.02178	0.7359
173 A	0.24231	0.02180	0.73589
174 T	0.24233	0.02168	0.73599
175 G	0.24174	0.02214	0.73612
176 T	0.24181	0.02193	0.73626
177 T	0.24122	0.02236	0.73642
178 T	0.23969	0.02393	0.73639
179 C	0.23600	0.02775	0.73625
180 T	0.23306	0.03133	0.73561
181 A	0.22832	0.03635	0.73533
182 A	0.22556	0.03929	0.73514
183 A	0.22345	0.04136	0.7352
184 A	0.22276	0.04180	0.73544
185 C	0.22357	0.03882	0.73761
186 T	0.22540	0.03621	0.73839
187 C	0.22555	0.03542	0.73903
188 C	0.22678	0.03393	0.73929
189 T	0.22866	0.03194	0.7394
190 T	0.22840	0.03229	0.73931
191 C	0.22802	0.03269	0.73928
192 T	0.22800	0.03329	0.73871
193 T	0.22706	0.03528	0.73766
194 A	0.22575	0.03821	0.73603
195 T	0.22540	0.03926	0.73534
196 A	0.22356	0.04242	0.73402
197 A	0.22250	0.04355	0.73396
198 T	0.22212	0.04335	0.73453
199 A	0.22100	0.04557	0.73342
200 A	0.21916	0.04702	0.73381
201 A	0.21837	0.04628	0.73536
202 G	0.21801	0.04359	0.7384
203 A	0.21741	0.04251	0.74008
204 A	0.21713	0.03952	0.74335
205 A	0.21697	0.03760	0.74543
206 G	0.21686	0.03570	0.74743
207 A	0.21675	0.03505	0.74821
208 A	0.21667	0.03461	0.74872
209 A	0.21668	0.03367	0.74965
210 T	0.21674	0.03198	0.75127
211 A	0.21669	0.03119	0.75212
212 G	0.21681	0.02966	0.75353
213 C	0.21713	0.02776	0.7551
214 G	0.21769	0.02656	0.75574
215 G	0.21856	0.02514	0.7563
216 T	0.22017	0.02269	0.75714
217 C	0.22183	0.02008	0.75808
218 T	0.22308	0.01865	0.75827
219 T	0.22427	0.01577	0.75995
220 C	0.22458	0.01454	0.76087
221 A	0.22492	0.01422	0.76085
222 T	0.22657	0.01219	0.76124
223 T	0.22709	0.01044	0.76247
224 G	0.22727	0.00979	0.76295
225 G	0.22780	0.00929	0.76292
226 T	0.22871	0.00851	0.76278
227 T	0.22900	0.00838	0.76262
228 T	0.22902	0.00881	0.76217
229 A	0.22872	0.00985	0.76144
230 T	0.22860	0.01033	0.76107
231 T	0.22798	0.01133	0.7607
232 A	0.22672	0.01304	0.76024
233 A	0.22624	0.01409	0.75967
234 A	0.22598	0.01488	0.75914
235 G	0.22586	0.01539	0.75875
236 A	0.22580	0.01574	0.75846
237 T	0.22586	0.01608	0.75807
238 A	0.22584	0.01638	0.75777
239 G	0.22586	0.01640	0.75773
240 T	0.22589	0.01641	0.7577
241 G	0.22585	0.01651	0.75764
242 A	0.22594	0.01643	0.75762
243 T	0.22622	0.01604	0.75775
244 G	0.22649	0.01568	0.75784
245 A	0.22693	0.01518	0.75789
246 T	0.22780	0.01414	0.75806
247 G	0.22816	0.01356	0.75828
248 A	0.22874	0.01285	0.75842
249 T	0.23054	0.01084	0.75862
250 T	0.23123	0.00992	0.75885
251 T	0.23177	0.00903	0.75919
252 A	0.23223	0.00813	0.75965
253 T	0.23272	0.00715	0.76013
254 T	0.23301	0.00619	0.7608
255 G	0.23326	0.00494	0.76179
256 G	0.23379	0.00403	0.76218
257 C	0.23452	0.00305	0.76243
258 T	0.23515	0.00237	0.76248
259 G	0.23547	0.00200	0.76252
260 T	0.23601	0.00145	0.76254
261 T	0.23629	0.00115	0.76255
262 T	0.23635	0.00111	0.76255
263 A	0.23635	0.00108	0.76257
264 T	0.23641	0.00091	0.76268
265 T	0.23640	0.00089	0.7627
266 T	0.23631	0.00099	0.7627
267 T	0.23594	0.00138	0.76268
268 G	0.23514	0.00234	0.76253
269 A	0.23461	0.00321	0.76218
270 T	0.23416	0.00383	0.762
271 G	0.23299	0.00532	0.76169
272 G	0.23254	0.00593	0.76153
273 T	0.23240	0.00633	0.76128
274 G	0.23199	0.00682	0.76119
275 G	0.23185	0.00709	0.76106
276 T	0.23171	0.00726	0.76103
277 T	0.23142	0.00765	0.76093
278 C	0.23110	0.00800	0.7609
279 T	0.23072	0.00852	0.76076
280 C	0.22955	0.00994	0.7605
281 G	0.22888	0.01100	0.76012
282 T	0.22834	0.01197	0.7597
283 A	0.22637	0.01475	0.75887
284 A	0.22534	0.01627	0.7584
285 T	0.22453	0.01726	0.7582
286 G	0.22229	0.01959	0.75811
287 G	0.22151	0.02049	0.758
288 A	0.22100	0.02109	0.75791
289 A	0.22075	0.02132	0.75794
290 G	0.22071	0.02099	0.7583
291 A	0.22083	0.02035	0.75882
292 G	0.22087	0.01992	0.75921
293 A	0.22094	0.01953	0.75953
294 T	0.22121	0.01827	0.76052
295 G	0.22114	0.01801	0.76084
296 A	0.22121	0.01786	0.76093
297 G	0.22119	0.01757	0.76124
298 A	0.22127	0.01744	0.7613
299 A	0.22136	0.01725	0.76138
300 T	0.22165	0.01657	0.76177
301 T	0.22180	0.01612	0.76209
302 A	0.22188	0.01576	0.76236
303 T	0.22216	0.01426	0.76357
304 G	0.22232	0.01321	0.76447
305 A	0.22259	0.01222	0.76519
306 T	0.22337	0.00942	0.76721
307 T	0.22386	0.00780	0.76834
308 T	0.22404	0.00681	0.76914
309 C	0.22413	0.00521	0.77067
310 A	0.22421	0.00518	0.77061
311 T	0.22437	0.00496	0.77067
312 T	0.22447	0.00528	0.77026
313 G	0.22449	0.00649	0.76903
314 A	0.22462	0.00718	0.76819
315 T	0.22480	0.00722	0.76798
316 T	0.22486	0.00770	0.76744
317 T	0.22478	0.00838	0.76685
318 A	0.22470	0.00909	0.76622
319 A	0.22469	0.00938	0.76593
320 G	0.22469	0.00952	0.76578
321 A	0.22482	0.00959	0.7656
322 T	0.22503	0.00961	0.76536
323 G	0.22508	0.00989	0.76503
324 G	0.22489	0.01073	0.76438
325 T	0.22477	0.01156	0.76366
326 T	0.22337	0.01314	0.7635
327 A	0.22103	0.01558	0.76339
328 G	0.21909	0.01762	0.76329
329 G	0.21799	0.01871	0.76331
330 C	0.21718	0.01949	0.76333
331 A	0.21621	0.02050	0.76329
332 A	0.21595	0.02075	0.7633
333 C	0.21632	0.02035	0.76334
334 G	0.21657	0.02009	0.76334
335 G	0.21718	0.01948	0.76335
336 T	0.21878	0.01783	0.76339
337 T	0.21967	0.01692	0.76341
338 C	0.22016	0.01640	0.76345
339 T	0.22079	0.01569	0.76352
340 C	0.22101	0.01535	0.76364
341 C	0.22127	0.01504	0.76369
342 T	0.22131	0.01500	0.7637
343 C	0.22101	0.01529	0.7637
344 A	0.22076	0.01556	0.76368
345 T	0.22089	0.01544	0.76367
346 A	0.22031	0.01599	0.76369
347 T	0.22079	0.01508	0.76413
348 G	0.22115	0.01440	0.76444
349 T	0.22109	0.01269	0.76623
350 A	0.22073	0.01081	0.76846
351 T	0.22035	0.00913	0.77052
352 T	0.21954	0.00905	0.77142
353 G	0.21807	0.01011	0.77182
354 T	0.21724	0.01110	0.77166
355 T	0.21588	0.01281	0.77132
356 T	0.21297	0.01605	0.77099
357 T	0.20928	0.02009	0.77063
358 T	0.20512	0.02466	0.77022
359 G	0.18900	0.04132	0.76968
360 G	0.18035	0.05074	0.76891
361 A	0.17490	0.05781	0.76729
362 A	0.16973	0.06468	0.76559
363 A	0.16868	0.06789	0.76342
364 A	0.16755	0.07147	0.76098
365 T	0.16704	0.07264	0.76032
366 G	0.16630	0.07420	0.7595
367 G	0.16561	0.07698	0.7574
368 A	0.16480	0.08004	0.75516
369 T	0.16418	0.08216	0.75366
370 G	0.16101	0.08999	0.74901
371 A	0.15826	0.09531	0.74643
372 A	0.15593	0.09996	0.74411
373 A	0.15495	0.10202	0.74303
374 A	0.15477	0.10196	0.74326
375 A	0.15500	0.10100	0.744
376 G	0.15559	0.09804	0.74637
377 T	0.15688	0.09322	0.7499
378 T	0.15755	0.08958	0.75287
379 T	0.15771	0.08430	0.75799
380 T	0.15720	0.08397	0.75884
381 A	0.15573	0.08438	0.75988
382 G	0.15536	0.07569	0.76896
383 A	0.15557	0.07017	0.77426
384 A	0.15683	0.06486	0.77831
385 C	0.15858	0.05930	0.78211
386 A	0.16113	0.06387	0.77499
387 T	0.16437	0.06469	0.77094
388 A	0.16533	0.07695	0.75772
389 A	0.16668	0.08011	0.7532
390 T	0.16951	0.07873	0.75175
391 A	0.17160	0.07946	0.74894
392 A	0.17360	0.07767	0.74872
393 T	0.17859	0.06998	0.75142
394 A	0.18048	0.06627	0.75324
395 T	0.18275	0.06239	0.75486
396 T	0.18338	0.06344	0.75318
397 A	0.18184	0.07074	0.74743
398 T	0.18117	0.07334	0.74549
399 T	0.17771	0.08139	0.74091
400 A	0.17514	0.08485	0.74002
401 A	0.17426	0.08596	0.73977
402 A	0.17419	0.08569	0.74013
403 G	0.17573	0.08332	0.74095
404 C	0.17682	0.08085	0.74233
405 T	0.17852	0.07883	0.74265
406 C	0.17945	0.07784	0.74271
407 A	0.18047	0.07719	0.74234
408 A	0.18251	0.07535	0.74215
409 C	0.18997	0.06795	0.74208
410 A	0.19475	0.06341	0.74183
411 T	0.20988	0.04825	0.74188
412 T	0.21445	0.04343	0.74212
413 T	0.21471	0.04320	0.74209
414 T	0.21223	0.04571	0.74206
415 A	0.20141	0.05649	0.74209
416 T	0.19830	0.05926	0.74244
417 A	0.18992	0.06727	0.74281
418 A	0.18664	0.07010	0.74326
419 A	0.18721	0.06865	0.74414
420 T	0.19208	0.06151	0.74642
421 A	0.19236	0.05988	0.74776
422 C	0.19603	0.05254	0.75143
423 T	0.19652	0.05046	0.75302
424 A	0.19625	0.05010	0.75366
425 A	0.19607	0.04965	0.75428
426 T	0.19556	0.04931	0.75513
427 C	0.19441	0.04984	0.75575
428 C	0.19291	0.05058	0.75651
429 T	0.19221	0.05101	0.75678
430 G	0.19123	0.05187	0.7569
431 T	0.19086	0.05236	0.75677
432 A	0.19015	0.05311	0.75674
433 T	0.19015	0.05268	0.75716
434 T	0.18977	0.05146	0.75878
435 T	0.18944	0.04955	0.76102
436 G	0.18839	0.04820	0.76341
437 A	0.18814	0.04338	0.76848
438 T	0.18797	0.03371	0.77832
439 T	0.18704	0.03109	0.78186
440 G	0.18421	0.02783	0.78796
441 T	0.18072	0.02850	0.79078
442 G	0.17599	0.03238	0.79164
443 C	0.17351	0.03445	0.79204
444 G	0.17197	0.03849	0.78954
445 G	0.17080	0.04522	0.78398
446 A	0.17012	0.05640	0.77349
447 A	0.16983	0.06158	0.76859
448 T	0.16983	0.06558	0.76459
449 A	0.16970	0.06788	0.76242
450 T	0.16971	0.06795	0.76234
451 T	0.16960	0.06750	0.76289
452 T	0.16952	0.06874	0.76173
453 G	0.16917	0.06991	0.76092
454 T	0.16914	0.07416	0.7567
455 T	0.16876	0.07902	0.75222
456 A	0.16735	0.08766	0.745
457 G	0.16273	0.10127	0.736
458 A	0.15973	0.10995	0.73031
459 T	0.15725	0.11745	0.72531
460 A	0.14594	0.13877	0.71529
461 A	0.14076	0.15325	0.706
462 A	0.13943	0.16061	0.69995
463 A	0.13942	0.16447	0.69611
464 G	0.13995	0.16543	0.69461
465 T	0.14211	0.16309	0.6948
466 A	0.14301	0.16407	0.69292
467 A	0.14534	0.16436	0.69031
468 A	0.14819	0.16400	0.68781
469 T	0.15902	0.15478	0.6862
470 G	0.16198	0.15231	0.68571
471 T	0.16505	0.15095	0.684
472 A	0.16401	0.15375	0.68223
473 T	0.16376	0.15462	0.68162
474 C	0.14957	0.16991	0.68053
475 A	0.12412	0.20002	0.67586
476 A	0.11089	0.21657	0.67254
477 A	0.10046	0.23187	0.66767
478 A	0.09287	0.24642	0.66071
479 A	0.09032	0.25335	0.65633
480 T	0.09449	0.24474	0.66076
481 A	0.08670	0.24952	0.66378
482 A	0.08338	0.24981	0.66681
483 A	0.08758	0.23500	0.67741
484 C	0.09575	0.22145	0.6828
485 C	0.10141	0.21489	0.68371
486 A	0.10722	0.21082	0.68197
487 T	0.11238	0.20579	0.68183
488 T	0.11201	0.20656	0.68143
489 A	0.10389	0.21624	0.67987
490 A	0.09801	0.22218	0.67981
491 C	0.09454	0.22214	0.68332
492 A	0.08677	0.23457	0.67866
493 A	0.08341	0.23822	0.67837
494 T	0.08287	0.23816	0.67896
495 T	0.07843	0.24227	0.67931
496 A	0.07148	0.25140	0.67712
497 A	0.06630	0.24715	0.68656
498 A	0.06653	0.22750	0.70598
499 A	0.06763	0.21511	0.71726
500 A	0.07069	0.20341	0.7259
501 A	0.07410	0.19734	0.72856
502 A	0.07531	0.20080	0.72388
503 T	0.07249	0.20815	0.71935
504 A	0.06374	0.22801	0.70824
505 A	0.05866	0.23534	0.706
506 T	0.05254	0.24696	0.7005
507 G	0.04315	0.26658	0.69027
508 A	0.04030	0.28161	0.67808
509 A	0.04028	0.28637	0.67335
510 A	0.04006	0.29046	0.66949
511 A	0.04039	0.29374	0.66587
512 A	0.04219	0.28797	0.66985
513 A	0.04269	0.28401	0.67331
514 A	0.04349	0.27700	0.67951
515 T	0.04833	0.26125	0.69041
516 A	0.04919	0.25558	0.69523
517 G	0.05066	0.25101	0.69834
518 C	0.05313	0.24450	0.70238
519 A	0.05531	0.24919	0.6955
520 G	0.05993	0.24485	0.69523
521 A	0.06527	0.24243	0.6923
522 A	0.07041	0.23936	0.69022
523 A	0.07693	0.23482	0.68825
524 A	0.08798	0.22112	0.69089
525 A	0.10424	0.20152	0.69423
526 G	0.11999	0.17970	0.7003
527 T	0.14661	0.14349	0.7099
528 A	0.15685	0.12812	0.71503
529 T	0.16757	0.11026	0.72217
530 C	0.17343	0.09705	0.72952
531 T	0.18090	0.08886	0.73024
532 G	0.18092	0.08974	0.72935
533 G	0.18338	0.08904	0.72758
534 T	0.18874	0.08793	0.72333
535 A	0.19044	0.08725	0.7223
536 A	0.19378	0.08342	0.7228
537 A	0.19516	0.08139	0.72345
538 G	0.19696	0.07875	0.72428
539 C	0.20043	0.07412	0.72546
540 T	0.20553	0.06977	0.7247
541 A	0.20890	0.06973	0.72137
542 T	0.21934	0.05962	0.72104
543 T	0.22159	0.05778	0.72063
544 A	0.22233	0.05767	0.72
545 A	0.22329	0.05525	0.72145
546 G	0.22561	0.05133	0.72307
547 G	0.22803	0.04777	0.72419
548 A	0.23058	0.04497	0.72446
549 T	0.23234	0.04284	0.72481
550 T	0.23316	0.04183	0.72501
551 T	0.23337	0.04116	0.72547
552 G	0.23179	0.04284	0.72538
553 A	0.23049	0.04287	0.72663
554 G	0.23037	0.04091	0.72872
555 T	0.23146	0.03687	0.73167
556 G	0.23216	0.03434	0.7335
557 C	0.23570	0.03010	0.7342
558 T	0.23596	0.03123	0.73281
559 G	0.23400	0.03558	0.73042
560 G	0.23333	0.03803	0.72864
561 T	0.23356	0.03925	0.72719
562 A	0.23306	0.04185	0.72509
563 A	0.23418	0.04085	0.72497
564 T	0.23812	0.03630	0.72558
565 T	0.23898	0.03496	0.72606
566 T	0.23950	0.03381	0.7267
567 T	0.23998	0.03233	0.72769
568 G	0.24011	0.03172	0.72816
569 C	0.24023	0.03136	0.72841
570 A	0.24045	0.03109	0.72846
571 A	0.24097	0.03051	0.72853
572 T	0.24183	0.02953	0.72864
573 T	0.24254	0.02869	0.72877
574 A	0.24304	0.02805	0.72891
575 A	0.24404	0.02526	0.7307
576 T	0.24456	0.02298	0.73246
577 A	0.24479	0.02173	0.73347
578 G	0.24545	0.02006	0.7345
579 T	0.24709	0.01704	0.73586
580 A	0.24820	0.01522	0.73658
581 T	0.25120	0.01102	0.73779
582 T	0.25399	0.00622	0.73979
583 T	0.25547	0.00383	0.7407
584 A	0.25619	0.00260	0.74121
585 A	0.25776	0.00000	0.74224
