# lcl|CP097583.1_cds_USQ93225.1_1
# AA	inside	membr	outside
1 A	0.21721	0.00000	0.78279
2 T	0.21672	0.00048	0.78279
3 G	0.21586	0.00135	0.78279
4 T	0.21586	0.05156	0.73258
5 T	0.19739	0.11019	0.69242
6 A	0.19739	0.11201	0.6906
7 A	0.16028	0.14927	0.69045
8 T	0.16028	0.14927	0.69045
9 G	0.15647	0.15313	0.6904
10 C	0.15647	0.16236	0.68117
11 C	0.15556	0.16459	0.67986
12 A	0.14758	0.17419	0.67824
13 A	0.14010	0.18846	0.67144
14 A	0.14009	0.18847	0.67144
15 A	0.14009	0.20340	0.65651
16 A	0.13992	0.20357	0.65651
17 A	0.13967	0.20385	0.65648
18 G	0.13966	0.20390	0.65644
19 A	0.13945	0.20419	0.65636
20 C	0.13694	0.20724	0.65583
21 T	0.13444	0.20972	0.65583
22 A	0.13496	0.20964	0.65539
23 A	0.13592	0.20896	0.65512
24 A	0.13964	0.20506	0.65531
25 T	0.14804	0.19458	0.65738
26 A	0.14997	0.18856	0.66146
27 T	0.19416	0.12819	0.67765
28 C	0.21654	0.08768	0.69578
29 G	0.21695	0.08534	0.69771
30 T	0.21763	0.06824	0.71413
31 C	0.21493	0.06981	0.71526
32 G	0.21424	0.06919	0.71657
33 T	0.22294	0.06007	0.71699
34 C	0.22294	0.05856	0.7185
35 C	0.22555	0.05261	0.72184
36 T	0.23059	0.04640	0.72301
37 C	0.22948	0.04757	0.72295
38 A	0.23565	0.04156	0.72279
39 T	0.23278	0.04464	0.72258
40 C	0.23187	0.04547	0.72266
41 G	0.23169	0.04652	0.72179
42 T	0.23157	0.04818	0.72025
43 A	0.23076	0.04660	0.72264
44 T	0.22944	0.04846	0.7221
45 A	0.22344	0.05508	0.72148
46 A	0.21912	0.05827	0.72261
47 G	0.21639	0.05752	0.72609
48 T	0.21579	0.05599	0.72821
49 T	0.21468	0.05859	0.72673
50 A	0.21162	0.06319	0.72518
51 T	0.20980	0.06551	0.72468
52 G	0.20217	0.07737	0.72045
53 A	0.19022	0.09287	0.71691
54 A	0.17954	0.10434	0.71613
55 G	0.17355	0.11380	0.71265
56 G	0.16664	0.12734	0.70602
57 T	0.16168	0.14269	0.69563
58 A	0.15012	0.15589	0.694
59 A	0.14538	0.16056	0.69406
60 A	0.14112	0.16396	0.69491
61 T	0.13880	0.16380	0.6974
62 C	0.13520	0.16465	0.70014
63 A	0.12716	0.17362	0.69922
64 A	0.11938	0.18278	0.69783
65 A	0.11620	0.18630	0.69751
66 A	0.11413	0.18738	0.69849
67 G	0.11457	0.18565	0.69978
68 G	0.11465	0.17860	0.70674
69 T	0.11531	0.17339	0.7113
70 C	0.11188	0.17441	0.71371
71 A	0.10959	0.17791	0.71249
72 A	0.11018	0.17718	0.71264
73 A	0.10988	0.17628	0.71384
74 A	0.11122	0.17346	0.71533
75 T	0.11719	0.16208	0.72072
76 A	0.12047	0.14674	0.73279
77 G	0.12415	0.13186	0.74399
78 A	0.12891	0.12082	0.75028
79 A	0.13677	0.10566	0.75757
80 T	0.14734	0.08847	0.76419
81 T	0.14933	0.07578	0.77489
82 A	0.14984	0.07051	0.77966
83 T	0.15115	0.06316	0.78568
84 T	0.15120	0.05961	0.78919
85 A	0.15073	0.05686	0.79241
86 A	0.15126	0.04913	0.79961
87 T	0.15267	0.03894	0.80839
88 G	0.15253	0.03423	0.81325
89 G	0.15231	0.03235	0.81534
90 T	0.15108	0.03319	0.81573
91 A	0.14578	0.03951	0.81471
92 A	0.14379	0.04151	0.8147
93 T	0.14381	0.03857	0.81762
94 T	0.14333	0.03808	0.81859
95 A	0.13966	0.04472	0.81562
96 T	0.13911	0.04600	0.81489
97 G	0.13846	0.04910	0.81244
98 G	0.13791	0.05354	0.80855
99 T	0.13782	0.05567	0.8065
100 T	0.13755	0.06095	0.80149
101 T	0.13739	0.06761	0.795
102 G	0.13560	0.07778	0.78662
103 A	0.13481	0.07954	0.78565
104 T	0.13457	0.07985	0.78558
105 T	0.13339	0.08149	0.78512
106 G	0.13202	0.08362	0.78436
107 C	0.13147	0.08460	0.78393
108 A	0.13075	0.08820	0.78105
109 A	0.13023	0.09114	0.77863
110 A	0.13018	0.09286	0.77695
111 A	0.13046	0.09335	0.77618
112 A	0.13106	0.09382	0.77512
113 A	0.13246	0.09152	0.77602
114 A	0.13434	0.08455	0.78112
115 G	0.13583	0.08034	0.78383
116 G	0.13728	0.07793	0.78479
117 A	0.13936	0.07468	0.78595
118 G	0.14377	0.06659	0.78964
119 C	0.14661	0.06299	0.7904
120 A	0.15041	0.06130	0.78829
121 T	0.15605	0.05862	0.78533
122 G	0.15692	0.06382	0.77925
123 G	0.16018	0.06768	0.77213
124 A	0.16481	0.06458	0.77061
125 T	0.17202	0.05587	0.77212
126 T	0.17261	0.05486	0.77253
127 A	0.17232	0.05608	0.7716
128 C	0.17315	0.05389	0.77296
129 T	0.17391	0.05236	0.77374
130 A	0.17380	0.05225	0.77395
131 G	0.17542	0.05015	0.77443
132 C	0.17695	0.04824	0.77481
133 C	0.17748	0.04768	0.77484
134 A	0.17531	0.05000	0.77468
135 A	0.17372	0.05167	0.77461
136 C	0.17453	0.05087	0.7746
137 A	0.17470	0.05121	0.77409
138 A	0.17476	0.05152	0.77371
139 A	0.17520	0.05100	0.77379
140 T	0.17639	0.04970	0.77392
141 A	0.17609	0.05011	0.7738
142 G	0.17718	0.04782	0.775
143 A	0.17988	0.04411	0.776
144 A	0.18394	0.03913	0.77692
145 T	0.19080	0.03003	0.77917
146 C	0.19701	0.02235	0.78064
147 T	0.19874	0.02009	0.78117
148 G	0.19900	0.01947	0.78153
149 C	0.19938	0.01869	0.78194
150 T	0.20019	0.01761	0.78221
151 C	0.19977	0.01792	0.7823
152 G	0.19833	0.01926	0.78241
153 T	0.19675	0.02061	0.78264
154 A	0.19248	0.02466	0.78286
155 T	0.18853	0.02777	0.7837
156 A	0.17863	0.03703	0.78434
157 G	0.17428	0.03784	0.78789
158 C	0.17101	0.03815	0.79084
159 G	0.16848	0.04097	0.79054
160 A	0.16707	0.04245	0.79047
161 T	0.16607	0.04370	0.79023
162 G	0.16380	0.04592	0.79028
163 A	0.16177	0.04795	0.79029
164 C	0.16063	0.04808	0.79129
165 A	0.15907	0.04945	0.79148
166 C	0.15782	0.05048	0.79171
167 G	0.15671	0.05213	0.79117
168 T	0.15577	0.05359	0.79064
169 C	0.15466	0.05520	0.79014
170 A	0.15331	0.05727	0.78942
171 T	0.15254	0.05877	0.78868
172 A	0.15134	0.06060	0.78806
173 T	0.15040	0.06165	0.78795
174 G	0.14882	0.06321	0.78797
175 A	0.14798	0.06270	0.78932
176 A	0.14758	0.06118	0.79123
177 A	0.14726	0.05725	0.79549
178 A	0.14687	0.05445	0.79869
179 G	0.14691	0.04703	0.80606
180 A	0.14693	0.04833	0.80474
181 G	0.14701	0.04739	0.8056
182 A	0.14769	0.04760	0.8047
183 A	0.14812	0.04734	0.80454
184 G	0.14869	0.04593	0.80539
185 G	0.14884	0.04451	0.80665
186 A	0.14898	0.04407	0.80694
187 A	0.14918	0.04408	0.80674
188 A	0.14945	0.04348	0.80708
189 A	0.14985	0.04199	0.80816
190 G	0.15079	0.03942	0.8098
191 T	0.15191	0.03698	0.81112
192 T	0.15256	0.03517	0.81226
193 T	0.15302	0.03369	0.81329
194 G	0.15334	0.03272	0.81395
195 G	0.15391	0.03132	0.81477
196 T	0.15448	0.03009	0.81542
197 T	0.15492	0.02848	0.81659
198 G	0.15530	0.02754	0.81717
199 A	0.15605	0.02654	0.81742
200 A	0.15690	0.02542	0.81768
201 C	0.15847	0.02346	0.81807
202 A	0.16094	0.02099	0.81807
203 T	0.16762	0.01424	0.81814
204 T	0.17037	0.01144	0.81819
205 T	0.17279	0.00898	0.81823
206 T	0.17395	0.00780	0.81825
207 C	0.17433	0.00737	0.8183
208 C	0.17489	0.00683	0.81829
209 C	0.17599	0.00582	0.81819
210 T	0.17764	0.00451	0.81785
211 T	0.17885	0.00377	0.81738
212 T	0.17936	0.00362	0.81702
213 T	0.17954	0.00369	0.81678
214 T	0.17958	0.00369	0.81673
215 T	0.17928	0.00403	0.81669
216 A	0.17788	0.00548	0.81664
217 T	0.17714	0.00623	0.81662
218 C	0.17438	0.00909	0.81652
219 T	0.17168	0.01267	0.81565
220 T	0.16695	0.01761	0.81544
221 T	0.15724	0.02751	0.81525
222 A	0.14848	0.03652	0.81501
223 A	0.14352	0.04164	0.81484
224 C	0.14063	0.04464	0.81472
225 A	0.13816	0.04765	0.81419
226 A	0.13686	0.04923	0.81392
227 G	0.13447	0.05193	0.8136
228 A	0.13341	0.05307	0.81352
229 A	0.13285	0.05364	0.81351
230 A	0.13266	0.05369	0.81365
231 A	0.13268	0.05354	0.81378
232 C	0.13285	0.05312	0.81402
233 C	0.13324	0.05265	0.81411
234 T	0.13372	0.05214	0.81414
235 T	0.13397	0.05188	0.81415
236 T	0.13405	0.05179	0.81417
237 A	0.13382	0.05201	0.81417
238 G	0.13365	0.05181	0.81453
239 A	0.13356	0.05004	0.8164
240 A	0.13354	0.04769	0.81877
241 G	0.13367	0.04193	0.8244
242 T	0.13451	0.03498	0.83051
243 T	0.13459	0.02859	0.83683
244 C	0.13439	0.01961	0.84599
245 G	0.13427	0.01655	0.84918
246 A	0.13431	0.01513	0.85056
247 A	0.13440	0.01378	0.85183
248 T	0.13487	0.01141	0.85372
249 G	0.13505	0.01037	0.85458
250 G	0.13532	0.00762	0.85706
251 G	0.13536	0.00667	0.85796
252 T	0.13523	0.00638	0.85838
253 T	0.13491	0.00671	0.85838
254 C	0.13419	0.00761	0.8582
255 T	0.13363	0.00885	0.85752
256 G	0.13217	0.01126	0.85658
257 G	0.13119	0.01403	0.85477
258 T	0.13069	0.01862	0.8507
259 A	0.12984	0.02176	0.8484
260 A	0.12935	0.02320	0.84746
261 A	0.12898	0.02431	0.84671
262 G	0.12883	0.02484	0.84632
263 G	0.12880	0.02551	0.84569
264 T	0.12889	0.02566	0.84545
265 A	0.12895	0.02556	0.84548
266 A	0.12917	0.02520	0.84563
267 T	0.12958	0.02448	0.84594
268 C	0.12998	0.02380	0.84622
269 C	0.13035	0.02337	0.84629
270 T	0.13069	0.02306	0.84624
271 G	0.13074	0.02309	0.84617
272 A	0.13088	0.02303	0.84608
273 A	0.13108	0.02291	0.84602
274 T	0.13141	0.02257	0.84601
275 T	0.13155	0.02221	0.84624
276 A	0.13144	0.02208	0.84648
277 T	0.13183	0.02105	0.84712
278 G	0.13193	0.02067	0.8474
279 G	0.13230	0.01996	0.84774
280 G	0.13375	0.01809	0.84816
281 T	0.13775	0.01438	0.84787
282 T	0.13876	0.01381	0.84742
283 G	0.13861	0.01447	0.84691
284 C	0.13882	0.01461	0.84658
285 A	0.13897	0.01622	0.84482
286 G	0.13947	0.01647	0.84405
287 T	0.13975	0.01703	0.84322
288 T	0.13970	0.01779	0.84252
289 G	0.13944	0.01861	0.84195
290 T	0.13902	0.01967	0.84131
291 T	0.13797	0.02200	0.84003
292 A	0.13432	0.02770	0.83798
293 A	0.13101	0.03416	0.83483
294 A	0.12879	0.03937	0.83184
295 A	0.12323	0.04609	0.83068
296 A	0.11959	0.05023	0.83018
297 A	0.11451	0.05562	0.82988
298 G	0.11215	0.05804	0.82981
299 G	0.11078	0.05927	0.82995
300 A	0.10958	0.06073	0.82968
301 A	0.10925	0.06129	0.82946
302 A	0.11013	0.06019	0.82968
303 A	0.11089	0.05906	0.83006
304 G	0.11193	0.05749	0.83058
305 T	0.11369	0.05480	0.83152
306 T	0.11477	0.05282	0.83241
307 C	0.11529	0.05193	0.83278
308 T	0.11656	0.05050	0.83294
309 A	0.11609	0.05094	0.83298
310 T	0.11583	0.05109	0.83308
311 T	0.11495	0.05181	0.83325
312 C	0.11259	0.05384	0.83357
313 G	0.11122	0.05452	0.83426
314 A	0.11094	0.05390	0.83515
315 A	0.11191	0.04995	0.83814
316 G	0.11460	0.04447	0.84093
317 T	0.11789	0.03937	0.84274
318 T	0.11851	0.03270	0.84878
319 A	0.11752	0.03032	0.85216
320 G	0.11690	0.02582	0.85729
321 T	0.11636	0.02460	0.85904
322 G	0.11506	0.02440	0.86054
323 A	0.11414	0.02439	0.86147
324 T	0.11400	0.02381	0.86219
325 G	0.11252	0.02531	0.86217
326 C	0.11127	0.02683	0.8619
327 T	0.10934	0.03273	0.85793
328 A	0.10498	0.03962	0.8554
329 A	0.10262	0.04494	0.85245
330 T	0.10208	0.04771	0.85021
331 A	0.10054	0.05214	0.84732
332 A	0.09946	0.05593	0.8446
333 T	0.09856	0.05909	0.84235
334 T	0.09740	0.06497	0.83763
335 T	0.09606	0.06746	0.83648
336 A	0.09320	0.07147	0.83533
337 G	0.09175	0.07365	0.83461
338 A	0.09102	0.07587	0.8331
339 T	0.08927	0.07887	0.83186
340 A	0.08704	0.08402	0.82894
341 A	0.08601	0.08940	0.8246
342 A	0.08513	0.09157	0.82331
343 A	0.08472	0.09204	0.82325
344 T	0.08465	0.09211	0.82325
345 A	0.08397	0.09316	0.82288
346 G	0.08402	0.09314	0.82285
347 A	0.08426	0.09369	0.82205
348 A	0.08477	0.09242	0.82281
349 A	0.08560	0.09077	0.82362
350 T	0.09001	0.08473	0.82526
351 A	0.09212	0.07960	0.82827
352 G	0.09478	0.07480	0.83043
353 A	0.09690	0.07228	0.83083
354 A	0.10004	0.06751	0.83245
355 G	0.10494	0.06088	0.83418
356 C	0.11071	0.05325	0.83605
357 T	0.11813	0.04605	0.83582
358 T	0.12017	0.04452	0.83532
359 T	0.11989	0.04696	0.83315
360 A	0.11942	0.05289	0.8277
361 A	0.11997	0.05554	0.82449
362 G	0.12099	0.05363	0.82538
363 A	0.12380	0.05094	0.82526
364 T	0.12918	0.04455	0.82628
365 T	0.13178	0.04093	0.82729
366 A	0.13002	0.04272	0.82726
367 G	0.13018	0.04211	0.82771
368 C	0.13118	0.04054	0.82828
369 T	0.13215	0.03953	0.82832
370 T	0.13297	0.03872	0.82832
371 C	0.13307	0.03870	0.82823
372 A	0.13224	0.04011	0.82765
373 C	0.13135	0.04169	0.82696
374 A	0.13031	0.04502	0.82467
375 T	0.12655	0.05032	0.82313
376 A	0.12186	0.05677	0.82138
377 A	0.11891	0.06098	0.82011
378 A	0.11817	0.06181	0.82001
379 T	0.11957	0.05955	0.82088
380 T	0.12065	0.05771	0.82164
381 A	0.12077	0.05648	0.82276
382 C	0.12267	0.05308	0.82425
383 C	0.12757	0.04751	0.82492
384 T	0.12998	0.04518	0.82484
385 A	0.12945	0.04570	0.82485
386 T	0.13034	0.04476	0.8249
387 T	0.12874	0.04658	0.82468
388 A	0.12589	0.04928	0.82483
389 C	0.12500	0.04694	0.82805
390 T	0.12434	0.04685	0.82882
391 A	0.12290	0.04823	0.82886
392 C	0.12151	0.04973	0.82876
393 A	0.12010	0.05489	0.82501
394 A	0.11712	0.06202	0.82086
395 A	0.10516	0.07834	0.8165
396 A	0.09902	0.08553	0.81545
397 A	0.09991	0.08487	0.81522
398 T	0.10027	0.08205	0.81768
399 A	0.09943	0.07982	0.82075
400 G	0.09897	0.07862	0.82241
401 T	0.09879	0.07861	0.8226
402 T	0.09831	0.08046	0.82123
403 A	0.09718	0.08384	0.81899
404 A	0.09689	0.08383	0.81928
405 A	0.09681	0.08332	0.81987
406 A	0.09685	0.08220	0.82095
407 G	0.09709	0.08032	0.82258
408 A	0.09725	0.07830	0.82445
409 G	0.09746	0.07641	0.82614
410 G	0.09774	0.07416	0.8281
411 C	0.09796	0.07143	0.83061
412 C	0.09822	0.07046	0.83132
413 A	0.09868	0.06976	0.83156
414 A	0.09950	0.06842	0.83208
415 G	0.10051	0.06662	0.83287
416 A	0.10413	0.06236	0.83351
417 A	0.10861	0.05485	0.83654
418 T	0.11505	0.03352	0.85143
419 C	0.11768	0.02257	0.85975
420 A	0.12006	0.01845	0.86148
421 T	0.12457	0.01180	0.86363
422 G	0.12741	0.00647	0.86612
423 A	0.13177	0.00000	0.86823
