# lcl|CP097583.1_cds_USQ93219.1_1
# AA	inside	membr	outside
1 A	0.24927	0.00000	0.75073
2 T	0.24903	0.00024	0.75073
3 G	0.24847	0.00079	0.75073
4 A	0.24847	0.14850	0.60302
5 T	0.24660	0.24146	0.51194
6 A	0.24660	0.25647	0.49693
7 A	0.22162	0.28415	0.49423
8 A	0.22162	0.28420	0.49418
9 T	0.21835	0.28795	0.4937
10 A	0.21833	0.33946	0.44221
11 A	0.21734	0.34235	0.44031
12 A	0.20664	0.35399	0.43937
13 G	0.19475	0.36674	0.43851
14 A	0.19473	0.36675	0.43851
15 A	0.19473	0.37753	0.42773
16 T	0.19337	0.37890	0.42773
17 C	0.18702	0.38532	0.42766
18 A	0.18690	0.38592	0.42718
19 T	0.18518	0.38770	0.42712
20 C	0.16928	0.40440	0.42633
21 A	0.15978	0.41391	0.42632
22 A	0.16289	0.41084	0.42627
23 C	0.17154	0.40207	0.42639
24 A	0.19235	0.38126	0.42639
25 T	0.22428	0.34880	0.42692
26 C	0.23723	0.33452	0.42825
27 T	0.34797	0.22301	0.42902
28 T	0.40059	0.16952	0.42989
29 T	0.40560	0.16323	0.43118
30 A	0.40220	0.15059	0.44721
31 C	0.39532	0.15671	0.44797
32 G	0.38177	0.16647	0.45175
33 T	0.37527	0.17291	0.45182
34 A	0.33680	0.21270	0.45049
35 A	0.30581	0.23921	0.45498
36 A	0.28513	0.25403	0.46083
37 A	0.26093	0.27589	0.46318
38 A	0.25229	0.28136	0.46634
39 A	0.22840	0.29730	0.4743
40 C	0.22440	0.28729	0.48831
41 G	0.22275	0.28624	0.49101
42 T	0.22427	0.28308	0.49265
43 C	0.22338	0.27611	0.5005
44 A	0.21936	0.28368	0.49697
45 T	0.21694	0.28618	0.49687
46 T	0.21308	0.28918	0.49774
47 T	0.20439	0.29745	0.49816
48 A	0.19779	0.30457	0.49764
49 C	0.19558	0.30172	0.5027
50 G	0.19363	0.30286	0.50351
51 T	0.19225	0.30378	0.50398
52 T	0.18977	0.30758	0.50265
53 T	0.18633	0.31157	0.50211
54 A	0.18262	0.31745	0.49993
55 A	0.18122	0.30116	0.51763
56 G	0.18117	0.26084	0.55799
57 A	0.18177	0.23023	0.58799
58 A	0.18121	0.21269	0.60609
59 A	0.18007	0.21564	0.60429
60 A	0.17145	0.23305	0.5955
61 A	0.16724	0.24976	0.58299
62 A	0.16343	0.26047	0.5761
63 A	0.16262	0.27671	0.56067
64 A	0.16341	0.29771	0.53888
65 T	0.16464	0.30789	0.52747
66 A	0.16525	0.32189	0.51286
67 A	0.17076	0.32333	0.50591
68 T	0.17163	0.32396	0.50441
69 A	0.17146	0.32663	0.50192
70 G	0.17171	0.31933	0.50896
71 G	0.17218	0.31328	0.51454
72 T	0.17470	0.30835	0.51695
73 A	0.17367	0.30688	0.51946
74 C	0.17599	0.30088	0.52314
75 C	0.17865	0.29713	0.52422
76 T	0.18102	0.29547	0.52351
77 C	0.18100	0.29580	0.5232
78 A	0.18024	0.29875	0.52101
79 G	0.18069	0.29946	0.51985
80 A	0.18527	0.29542	0.5193
81 A	0.19756	0.28140	0.52104
82 A	0.22266	0.25477	0.52257
83 G	0.25581	0.21048	0.53371
84 A	0.28622	0.17459	0.53919
85 C	0.31871	0.13667	0.54462
86 C	0.34643	0.10793	0.54564
87 T	0.37900	0.07519	0.54581
88 C	0.38997	0.06415	0.54589
89 G	0.40209	0.05250	0.54541
90 T	0.41071	0.04472	0.54457
91 T	0.40710	0.04972	0.54318
92 T	0.39408	0.06965	0.53627
93 A	0.35786	0.11039	0.53175
94 A	0.34270	0.12802	0.52928
95 A	0.33394	0.13669	0.52937
96 T	0.32975	0.13721	0.53304
97 G	0.32538	0.14049	0.53414
98 T	0.32685	0.13814	0.53501
99 T	0.32753	0.13681	0.53566
100 T	0.32595	0.13722	0.53683
101 T	0.32259	0.13926	0.53815
102 T	0.31760	0.14385	0.53856
103 T	0.31121	0.14970	0.53908
104 A	0.30298	0.15769	0.53933
105 T	0.30021	0.16014	0.53965
106 T	0.29586	0.16443	0.53971
107 C	0.29089	0.16941	0.5397
108 G	0.28753	0.17346	0.53902
109 A	0.28615	0.17545	0.53839
110 A	0.28316	0.17930	0.53753
111 A	0.28190	0.18093	0.53716
112 A	0.28214	0.18066	0.5372
113 A	0.28337	0.17702	0.53961
114 A	0.28545	0.16264	0.55191
115 T	0.29361	0.13268	0.57371
116 A	0.29822	0.09371	0.60807
117 T	0.30282	0.07669	0.62048
118 T	0.30406	0.06824	0.6277
119 T	0.30445	0.06228	0.63326
120 T	0.30477	0.05795	0.63728
121 T	0.30463	0.05813	0.63724
122 A	0.30382	0.06169	0.6345
123 T	0.30354	0.05963	0.63682
124 G	0.29768	0.06135	0.64098
125 T	0.29365	0.05896	0.64739
126 T	0.28132	0.06676	0.65192
127 C	0.25000	0.09819	0.65182
128 A	0.22328	0.16178	0.61494
129 G	0.21030	0.21650	0.5732
130 A	0.20538	0.26632	0.52831
131 T	0.20370	0.26957	0.52673
132 A	0.19783	0.27858	0.52359
133 A	0.19647	0.27904	0.52449
134 T	0.19624	0.27874	0.52502
135 C	0.19433	0.28088	0.52478
136 G	0.19331	0.28399	0.5227
137 A	0.19271	0.28504	0.52226
138 T	0.19157	0.28636	0.52207
139 G	0.18960	0.28869	0.52171
140 A	0.18816	0.29055	0.5213
141 C	0.18701	0.29183	0.52117
142 A	0.18631	0.29425	0.51944
143 A	0.18717	0.29477	0.51806
144 A	0.18978	0.29288	0.51733
145 A	0.19317	0.28952	0.51731
146 A	0.19452	0.28784	0.51764
147 T	0.19843	0.27557	0.52601
148 A	0.20152	0.26684	0.53163
149 A	0.20718	0.24769	0.54514
150 A	0.21679	0.20829	0.57492
151 G	0.25484	0.14494	0.60023
152 T	0.29906	0.08921	0.61173
153 T	0.33808	0.04547	0.61645
154 A	0.34046	0.04141	0.61814
155 C	0.34347	0.03239	0.62414
156 T	0.34565	0.03127	0.62308
157 T	0.34482	0.03485	0.62033
158 T	0.34193	0.04399	0.61408
159 A	0.33328	0.06937	0.59735
160 T	0.33025	0.07960	0.59015
161 G	0.32272	0.08631	0.59097
162 T	0.31198	0.09604	0.59198
163 A	0.27469	0.13225	0.59306
164 G	0.24933	0.15682	0.59384
165 C	0.24144	0.16390	0.59466
166 G	0.24055	0.16531	0.59415
167 C	0.24064	0.16541	0.59395
168 T	0.24059	0.16660	0.59281
169 C	0.23855	0.17173	0.58972
170 A	0.23680	0.17829	0.5849
171 T	0.23200	0.18656	0.58144
172 A	0.22104	0.20063	0.57833
173 G	0.21185	0.21198	0.57617
174 T	0.20489	0.22212	0.573
175 A	0.19110	0.23837	0.57053
176 A	0.18551	0.24518	0.56931
177 A	0.17906	0.25228	0.56866
178 G	0.17452	0.25738	0.5681
179 A	0.17535	0.25647	0.56818
180 A	0.17819	0.25252	0.56929
181 A	0.18446	0.24296	0.57258
182 T	0.19917	0.21799	0.58284
183 T	0.20281	0.20983	0.58736
184 A	0.19871	0.20671	0.59458
185 A	0.19607	0.19909	0.60484
186 A	0.19343	0.16896	0.63762
187 G	0.19233	0.14547	0.66221
188 C	0.19088	0.13802	0.6711
189 T	0.19141	0.13901	0.66958
190 A	0.19166	0.14351	0.66483
191 G	0.19285	0.14282	0.66434
192 T	0.19643	0.13908	0.6645
193 A	0.19984	0.13644	0.66372
194 T	0.20327	0.12889	0.66784
195 A	0.20563	0.12466	0.6697
196 A	0.20783	0.12184	0.67033
197 T	0.21088	0.11045	0.67866
198 T	0.21067	0.10377	0.68556
199 A	0.20711	0.11049	0.6824
200 A	0.20723	0.11211	0.68066
201 T	0.20782	0.11160	0.68058
202 A	0.20607	0.11815	0.67578
203 A	0.20575	0.12208	0.67217
204 T	0.20661	0.12837	0.66503
205 A	0.20361	0.15464	0.64175
206 A	0.20131	0.18176	0.61693
207 A	0.19811	0.20168	0.60021
208 G	0.19713	0.20065	0.60221
209 T	0.19745	0.19887	0.60368
210 A	0.19639	0.20048	0.60313
211 G	0.19663	0.19812	0.60525
212 C	0.19980	0.19391	0.60628
213 T	0.20506	0.18859	0.60635
214 G	0.20614	0.18780	0.60606
215 C	0.20823	0.18597	0.6058
216 A	0.21052	0.18538	0.6041
217 G	0.21306	0.18467	0.60227
218 A	0.22024	0.17729	0.60247
219 T	0.23097	0.16625	0.60277
220 A	0.23348	0.16392	0.60261
221 T	0.23967	0.15460	0.60573
222 C	0.24292	0.14722	0.60986
223 G	0.24664	0.14514	0.60822
224 G	0.24990	0.14286	0.60724
225 A	0.25667	0.13686	0.60647
226 A	0.26313	0.13063	0.60625
227 G	0.27358	0.11994	0.60649
228 A	0.29764	0.09280	0.60955
229 A	0.32594	0.06185	0.61221
230 T	0.34852	0.03597	0.61552
231 T	0.35077	0.03452	0.61471
232 A	0.35136	0.03416	0.61448
233 T	0.35101	0.03405	0.61494
234 T	0.34763	0.03690	0.61548
235 G	0.34158	0.04303	0.61539
236 C	0.33868	0.04600	0.61533
237 T	0.33626	0.05033	0.61341
238 C	0.32891	0.05953	0.61156
239 A	0.32188	0.06976	0.60836
240 T	0.31434	0.07931	0.60635
241 A	0.29393	0.10035	0.60571
242 A	0.28799	0.10663	0.60538
243 A	0.28626	0.10866	0.60508
244 G	0.28558	0.10876	0.60566
245 C	0.28547	0.10774	0.60679
246 T	0.28688	0.10610	0.60702
247 T	0.28431	0.10921	0.60648
248 T	0.27883	0.11523	0.60594
249 A	0.26695	0.12839	0.60466
250 C	0.26044	0.13532	0.60424
251 A	0.25655	0.13979	0.60365
252 A	0.25463	0.14191	0.60347
253 A	0.25430	0.14226	0.60343
254 A	0.25594	0.14032	0.60374
255 A	0.25641	0.13917	0.60441
256 G	0.25754	0.13412	0.60834
257 G	0.25883	0.12794	0.61323
258 T	0.26094	0.11938	0.61969
259 A	0.26194	0.11474	0.62332
260 T	0.26440	0.10783	0.62777
261 T	0.26586	0.09979	0.63435
262 A	0.26701	0.09259	0.64039
263 A	0.26793	0.08375	0.64832
264 T	0.26846	0.06539	0.66614
265 A	0.26860	0.06106	0.67034
266 A	0.26896	0.05900	0.67204
267 A	0.26998	0.05580	0.67421
268 G	0.27102	0.05105	0.67793
269 T	0.27218	0.04435	0.68347
270 T	0.27356	0.03759	0.68886
271 G	0.27444	0.03233	0.69322
272 T	0.27550	0.02394	0.70056
273 T	0.27585	0.01953	0.70462
274 T	0.27601	0.01666	0.70733
275 T	0.27602	0.01578	0.7082
276 T	0.27601	0.01520	0.70879
277 G	0.27579	0.01522	0.70899
278 A	0.27570	0.01523	0.70908
279 T	0.27567	0.01498	0.70935
280 C	0.27556	0.01535	0.70909
281 G	0.27532	0.01749	0.70719
282 T	0.27547	0.01974	0.70478
283 G	0.27538	0.02757	0.69705
284 A	0.27552	0.03176	0.69273
285 T	0.27613	0.03186	0.69202
286 G	0.27629	0.03221	0.6915
287 G	0.27636	0.03265	0.691
288 A	0.27726	0.03233	0.69041
289 C	0.27832	0.03191	0.68978
290 G	0.27931	0.03369	0.687
291 T	0.28136	0.03970	0.67894
292 T	0.28198	0.04907	0.66895
293 T	0.28217	0.05625	0.66158
294 A	0.28175	0.05780	0.66046
295 T	0.28195	0.05809	0.65996
296 A	0.28171	0.05884	0.65945
297 T	0.28131	0.05940	0.65929
298 C	0.28087	0.06009	0.65904
299 A	0.28042	0.06283	0.65675
300 T	0.28020	0.06357	0.65624
301 G	0.27861	0.06605	0.65534
302 G	0.27806	0.06703	0.6549
303 A	0.27716	0.06848	0.65436
304 C	0.27862	0.06693	0.65446
305 G	0.28044	0.06544	0.65411
306 T	0.28806	0.05817	0.65377
307 A	0.29127	0.05536	0.65337
308 T	0.29211	0.05476	0.65313
309 A	0.29184	0.05559	0.65257
310 A	0.29207	0.05517	0.65275
311 A	0.29275	0.05430	0.65295
312 A	0.29364	0.05315	0.65321
313 A	0.29653	0.04995	0.65352
314 C	0.30458	0.04142	0.654
315 T	0.31401	0.03238	0.6536
316 T	0.31779	0.02855	0.65365
317 T	0.31400	0.03227	0.65372
318 A	0.30209	0.04470	0.65321
319 G	0.29608	0.05102	0.65291
320 C	0.29095	0.05641	0.65264
321 G	0.28636	0.06270	0.65094
322 A	0.28655	0.06417	0.64928
323 A	0.28594	0.06673	0.64733
324 T	0.28531	0.06780	0.64689
325 G	0.28159	0.07127	0.64714
326 T	0.27714	0.07479	0.64807
327 T	0.26966	0.08232	0.64803
328 G	0.25901	0.09308	0.64791
329 C	0.25384	0.09865	0.6475
330 A	0.24756	0.10604	0.6464
331 A	0.24369	0.11067	0.64564
332 G	0.24275	0.11120	0.64606
333 A	0.24208	0.11166	0.64626
334 G	0.24171	0.11183	0.64645
335 A	0.24175	0.11091	0.64735
336 A	0.24185	0.10967	0.64848
337 G	0.24203	0.10791	0.65006
338 A	0.24268	0.10537	0.65196
339 G	0.24304	0.10159	0.65537
340 G	0.24364	0.09629	0.66008
341 G	0.24491	0.08477	0.67033
342 A	0.24657	0.07810	0.67533
343 T	0.24974	0.06970	0.68056
344 T	0.25219	0.06304	0.68477
345 A	0.25350	0.05975	0.68675
346 A	0.25508	0.05573	0.68918
347 T	0.25675	0.05012	0.69313
348 A	0.25721	0.04422	0.69857
349 T	0.25848	0.03590	0.70562
350 T	0.25974	0.02612	0.71414
351 T	0.26047	0.01562	0.7239
352 T	0.26093	0.01003	0.72905
353 G	0.26156	0.00403	0.73441
354 A	0.26225	0.00000	0.73774
