# lcl|CP097583.1_cds_USQ93495.1_1
# AA	inside	membr	outside
1 A	0.48310	0.00000	0.5169
2 T	0.47532	0.00778	0.5169
3 G	0.47218	0.01092	0.5169
4 G	0.47218	0.01858	0.50925
5 C	0.45417	0.04333	0.5025
6 T	0.45417	0.04639	0.49944
7 A	0.37083	0.13065	0.49851
8 A	0.37083	0.13068	0.49849
9 A	0.36764	0.13443	0.49793
10 T	0.36764	0.14568	0.48669
11 T	0.36586	0.14870	0.48545
12 A	0.30453	0.21116	0.48431
13 A	0.27720	0.24231	0.48049
14 C	0.27720	0.24231	0.48049
15 T	0.27720	0.26273	0.46007
16 A	0.27646	0.26347	0.46007
17 A	0.27560	0.26446	0.45994
18 A	0.27552	0.26473	0.45975
19 G	0.27393	0.26645	0.45962
20 A	0.26770	0.27775	0.45455
21 A	0.26074	0.28433	0.45493
22 G	0.26192	0.28323	0.45485
23 T	0.26524	0.27862	0.45614
24 T	0.26868	0.27545	0.45587
25 T	0.27013	0.25573	0.47414
26 T	0.27065	0.25445	0.47489
27 T	0.27291	0.25323	0.47386
28 A	0.27266	0.26136	0.46599
29 T	0.27300	0.26563	0.46137
30 A	0.27000	0.21392	0.51608
31 G	0.26802	0.21314	0.51885
32 A	0.26746	0.21034	0.5222
33 A	0.27646	0.19734	0.5262
34 G	0.27801	0.18992	0.53207
35 C	0.28468	0.12813	0.58719
36 T	0.28930	0.11039	0.6003
37 T	0.28890	0.11606	0.59504
38 T	0.29337	0.12932	0.57731
39 A	0.27672	0.24421	0.47907
40 A	0.26997	0.26232	0.46771
41 A	0.26550	0.26697	0.46753
42 A	0.26034	0.27106	0.4686
43 A	0.26192	0.26352	0.47456
44 G	0.25766	0.26217	0.48018
45 C	0.25686	0.26304	0.4801
46 A	0.25717	0.26337	0.47946
47 T	0.26008	0.26094	0.47898
48 G	0.26180	0.25918	0.47901
49 A	0.26566	0.25587	0.47847
50 C	0.27192	0.24886	0.47922
51 T	0.28594	0.23299	0.48106
52 T	0.29234	0.22581	0.48185
53 T	0.29610	0.22090	0.483
54 A	0.29359	0.22478	0.48163
55 T	0.29028	0.22884	0.48088
56 T	0.28664	0.23208	0.48128
57 A	0.27876	0.24539	0.47586
58 G	0.27684	0.25186	0.4713
59 A	0.28064	0.24878	0.47058
60 A	0.28676	0.24262	0.47061
61 A	0.30473	0.22160	0.47366
62 T	0.39513	0.11658	0.48828
63 T	0.39853	0.10852	0.49295
64 A	0.38926	0.11716	0.49357
65 A	0.37901	0.12676	0.49423
66 A	0.37101	0.13546	0.49353
67 G	0.36785	0.13643	0.49572
68 A	0.35524	0.14902	0.49574
69 A	0.35412	0.15073	0.49514
70 T	0.35317	0.15360	0.49323
71 T	0.34934	0.16511	0.48555
72 A	0.34030	0.17785	0.48185
73 G	0.32700	0.19161	0.48139
74 T	0.32307	0.19499	0.48194
75 A	0.32165	0.19540	0.48295
76 G	0.32223	0.19234	0.48543
77 A	0.32491	0.18700	0.48809
78 C	0.32721	0.18090	0.49189
79 G	0.32921	0.17988	0.49092
80 G	0.33532	0.17239	0.49229
81 T	0.34109	0.17168	0.48723
82 A	0.34128	0.17995	0.47877
83 T	0.34265	0.18209	0.47526
84 A	0.34274	0.18610	0.47115
85 A	0.34340	0.18709	0.4695
86 A	0.34469	0.18005	0.47527
87 A	0.34775	0.16834	0.48391
88 G	0.35147	0.15413	0.4944
89 A	0.35515	0.14378	0.50106
90 A	0.35844	0.13650	0.50505
91 G	0.36209	0.12094	0.51697
92 A	0.36615	0.11260	0.52125
93 G	0.37213	0.10078	0.52709
94 T	0.38131	0.08482	0.53387
95 T	0.38464	0.07255	0.5428
96 C	0.38561	0.06187	0.55252
97 G	0.38585	0.06124	0.55291
98 G	0.38631	0.06293	0.55075
99 A	0.38738	0.06377	0.54886
100 G	0.38988	0.06306	0.54706
101 T	0.39430	0.05978	0.54592
102 T	0.39962	0.05406	0.54631
103 G	0.40238	0.05077	0.54685
104 A	0.40758	0.04506	0.54736
105 T	0.41597	0.03534	0.54869
106 C	0.41927	0.03140	0.54934
107 C	0.42513	0.02518	0.54969
108 T	0.42947	0.02077	0.54975
109 T	0.43069	0.01954	0.54977
110 C	0.43122	0.01911	0.54967
111 T	0.43205	0.01863	0.54932
112 A	0.43277	0.01863	0.5486
113 A	0.43383	0.01815	0.54802
114 T	0.43538	0.01727	0.54735
115 T	0.43575	0.01783	0.54642
116 T	0.43568	0.01828	0.54604
117 G	0.43546	0.01905	0.54549
118 G	0.43552	0.01903	0.54545
119 T	0.43646	0.01810	0.54545
120 A	0.43762	0.01699	0.54538
121 T	0.44041	0.01410	0.54549
122 C	0.44176	0.01270	0.54554
123 T	0.44194	0.01256	0.54549
124 T	0.44132	0.01320	0.54548
125 C	0.44000	0.01452	0.54547
126 T	0.43942	0.01515	0.54543
127 G	0.43850	0.01608	0.54542
128 C	0.43766	0.01694	0.5454
129 T	0.43565	0.01904	0.54531
130 T	0.43259	0.02228	0.54513
131 C	0.41170	0.04321	0.54509
132 A	0.39795	0.05714	0.54492
133 A	0.38761	0.06754	0.54486
134 A	0.38205	0.07305	0.5449
135 C	0.37983	0.07511	0.54507
136 A	0.37749	0.07743	0.54508
137 C	0.37711	0.07745	0.54545
138 T	0.37674	0.07774	0.54552
139 T	0.37408	0.08025	0.54567
140 C	0.37118	0.08297	0.54585
141 T	0.36995	0.08447	0.54557
142 G	0.36704	0.08753	0.54544
143 A	0.36568	0.08866	0.54565
144 T	0.36453	0.08914	0.54633
145 T	0.36123	0.09180	0.54696
146 C	0.35403	0.09703	0.54894
147 T	0.34596	0.10511	0.54893
148 C	0.33595	0.11579	0.54827
149 A	0.32861	0.12601	0.54537
150 A	0.32284	0.13362	0.54354
151 G	0.31808	0.14092	0.541
152 G	0.31414	0.14694	0.53892
153 A	0.30221	0.16526	0.53254
154 G	0.29804	0.15967	0.54228
155 A	0.29625	0.15952	0.54422
156 A	0.29456	0.16128	0.54416
157 A	0.29411	0.17121	0.53469
158 A	0.29379	0.18344	0.52277
159 A	0.29306	0.19570	0.51123
160 G	0.29270	0.20155	0.50574
161 T	0.29250	0.20537	0.50213
162 A	0.28788	0.21709	0.49504
163 G	0.28311	0.22816	0.48873
164 A	0.27979	0.23653	0.48368
165 G	0.27856	0.24056	0.48089
166 A	0.27802	0.24015	0.48183
167 A	0.27774	0.23822	0.48403
168 A	0.27771	0.23311	0.48918
169 A	0.27817	0.22521	0.49662
170 C	0.27830	0.21757	0.50413
171 T	0.27698	0.22179	0.50123
172 A	0.27642	0.22203	0.50156
173 A	0.27706	0.21976	0.50319
174 A	0.27872	0.21545	0.50583
175 G	0.28304	0.20740	0.50956
176 C	0.29251	0.18470	0.52279
177 T	0.30696	0.16682	0.52622
178 A	0.31506	0.15785	0.52709
179 C	0.32414	0.14835	0.52751
180 A	0.33576	0.14027	0.52398
181 G	0.34963	0.12861	0.52176
182 T	0.36681	0.11257	0.52062
183 T	0.37641	0.10320	0.52039
184 A	0.38075	0.09989	0.51936
185 T	0.38979	0.08588	0.52433
186 T	0.39427	0.07661	0.52911
187 C	0.39517	0.07268	0.53216
188 T	0.39699	0.07211	0.5309
189 A	0.38927	0.08218	0.52856
190 A	0.38471	0.08731	0.52798
191 A	0.38328	0.08868	0.52805
192 A	0.38236	0.08914	0.5285
193 A	0.38332	0.08591	0.53077
194 C	0.39135	0.07353	0.53512
195 T	0.39417	0.07131	0.53451
196 T	0.39319	0.07264	0.53417
197 T	0.39068	0.07602	0.5333
198 T	0.38621	0.08289	0.5309
199 G	0.38076	0.09334	0.52589
200 G	0.37833	0.10127	0.52039
201 A	0.37713	0.10993	0.51295
202 G	0.37626	0.11017	0.51357
203 A	0.37925	0.10653	0.51422
204 T	0.37987	0.10532	0.51481
205 G	0.37637	0.10855	0.51507
206 C	0.37567	0.10863	0.5157
207 T	0.37548	0.10980	0.51473
208 A	0.37206	0.11587	0.51206
209 G	0.36911	0.11930	0.51159
210 T	0.36726	0.12516	0.50758
211 A	0.35829	0.14124	0.50047
212 A	0.34984	0.15157	0.4986
213 G	0.33559	0.16898	0.49542
214 A	0.32919	0.17809	0.49271
215 A	0.32613	0.17869	0.49517
216 A	0.32517	0.17777	0.49705
217 A	0.32583	0.17424	0.49994
218 T	0.32947	0.16681	0.50373
219 C	0.33125	0.15898	0.50978
220 G	0.33297	0.15419	0.51284
221 C	0.33479	0.15041	0.51481
222 G	0.33628	0.15093	0.5128
223 A	0.34133	0.14753	0.51114
224 T	0.34819	0.14165	0.51017
225 T	0.34600	0.14424	0.50976
226 A	0.34261	0.15289	0.50451
227 T	0.34132	0.15300	0.50568
228 T	0.33568	0.15713	0.50719
229 A	0.32403	0.17370	0.50227
230 A	0.31763	0.18170	0.50067
231 A	0.30947	0.18750	0.50302
232 G	0.30627	0.18709	0.50664
233 A	0.30704	0.18399	0.50897
234 A	0.30922	0.17255	0.51823
235 A	0.31661	0.15561	0.52778
236 T	0.32319	0.13465	0.54216
237 T	0.32214	0.13103	0.54683
238 C	0.31471	0.13661	0.54868
239 G	0.29853	0.15710	0.54437
240 T	0.29405	0.16676	0.53919
241 G	0.28882	0.17589	0.53529
242 A	0.28429	0.18385	0.53186
243 A	0.28273	0.18837	0.5289
244 A	0.28269	0.18748	0.52983
245 T	0.28462	0.18203	0.53335
246 A	0.28444	0.18079	0.53476
247 A	0.28546	0.17710	0.53745
248 C	0.28788	0.16705	0.54508
249 T	0.29346	0.15679	0.54975
250 G	0.29484	0.15356	0.5516
251 G	0.29866	0.14742	0.55391
252 T	0.30515	0.13564	0.55921
253 T	0.30732	0.13536	0.55732
254 T	0.30407	0.13624	0.55969
255 A	0.29587	0.14619	0.55794
256 G	0.29333	0.14558	0.56109
257 G	0.29111	0.14545	0.56345
258 A	0.29052	0.14443	0.56504
259 A	0.29162	0.14076	0.56762
260 T	0.29657	0.12983	0.5736
261 A	0.29975	0.11967	0.58059
262 C	0.30559	0.09540	0.59901
263 T	0.30974	0.09757	0.59269
264 T	0.30837	0.10834	0.58329
265 G	0.30758	0.11031	0.58211
266 A	0.30808	0.11313	0.57879
267 T	0.30835	0.11412	0.57752
268 G	0.30721	0.11697	0.57582
269 C	0.30657	0.11881	0.57462
270 T	0.30464	0.13857	0.55679
271 A	0.29787	0.19580	0.50632
272 A	0.28084	0.22985	0.4893
273 A	0.25831	0.27147	0.47023
274 A	0.25592	0.29156	0.45251
275 A	0.25748	0.29606	0.44646
276 A	0.26091	0.29611	0.44298
277 T	0.26868	0.28328	0.44804
278 T	0.27089	0.27437	0.45474
279 A	0.24293	0.30071	0.45637
280 G	0.22576	0.31700	0.45724
281 C	0.21593	0.32724	0.45683
282 A	0.20476	0.34289	0.45236
283 G	0.19550	0.35275	0.45175
284 A	0.18919	0.36003	0.45078
285 A	0.18390	0.36531	0.4508
286 A	0.18660	0.36234	0.45107
287 C	0.19453	0.35004	0.45542
288 A	0.19538	0.34761	0.45701
289 C	0.19754	0.34355	0.45891
290 C	0.20022	0.34078	0.45899
291 T	0.20446	0.33894	0.45661
292 A	0.20407	0.33958	0.45635
293 A	0.22044	0.32152	0.45804
294 T	0.27008	0.26722	0.46271
295 G	0.28326	0.23710	0.47963
296 C	0.29945	0.19221	0.50834
297 T	0.31346	0.17397	0.51257
298 A	0.31260	0.17567	0.51173
299 T	0.31354	0.17481	0.51165
300 T	0.30657	0.18469	0.50874
301 A	0.30002	0.19395	0.50603
302 T	0.29504	0.17073	0.53422
303 T	0.28342	0.16959	0.54699
304 A	0.26478	0.19713	0.53809
305 A	0.24269	0.24160	0.51571
306 A	0.17854	0.31916	0.5023
307 A	0.16361	0.33675	0.49964
308 A	0.15670	0.33952	0.50377
309 A	0.15259	0.33950	0.5079
310 G	0.15189	0.33946	0.50865
311 A	0.15223	0.34230	0.50546
312 T	0.15239	0.34152	0.50609
313 A	0.14935	0.34802	0.50262
314 T	0.14776	0.35137	0.50088
315 T	0.14060	0.36417	0.49523
316 G	0.12392	0.39475	0.48132
317 A	0.10990	0.43086	0.45924
318 A	0.09971	0.45884	0.44144
319 A	0.09198	0.46840	0.43962
320 A	0.08849	0.47035	0.44117
321 A	0.08624	0.46499	0.44877
322 G	0.08402	0.46123	0.45475
323 C	0.08683	0.44772	0.46545
324 A	0.08798	0.45162	0.46041
325 G	0.09032	0.44443	0.46525
326 A	0.09669	0.43176	0.47155
327 A	0.11298	0.40329	0.48373
328 G	0.13813	0.35928	0.50259
329 C	0.15750	0.27434	0.56816
330 T	0.16422	0.25822	0.57756
331 G	0.15832	0.26719	0.57449
332 A	0.14655	0.30905	0.5444
333 A	0.13264	0.35073	0.51663
334 G	0.12185	0.37863	0.49951
335 A	0.11153	0.41114	0.47733
336 A	0.11366	0.41472	0.47162
337 A	0.11866	0.41039	0.47095
338 T	0.12626	0.40311	0.47062
339 A	0.12681	0.39527	0.47792
340 A	0.13640	0.38025	0.48335
341 A	0.15004	0.36105	0.48892
342 G	0.15205	0.35602	0.49193
343 A	0.15382	0.36414	0.48204
344 A	0.15698	0.35853	0.48449
345 T	0.16093	0.35211	0.48695
346 A	0.16276	0.35245	0.48478
347 A	0.17129	0.34436	0.48435
348 A	0.17320	0.34374	0.48306
349 T	0.17819	0.33697	0.48484
350 T	0.17907	0.33468	0.48626
351 A	0.17057	0.34603	0.4834
352 G	0.16314	0.35537	0.4815
353 A	0.15376	0.37157	0.47468
354 A	0.15928	0.36350	0.47722
355 A	0.18695	0.32427	0.48877
356 A	0.21351	0.28377	0.50272
357 A	0.23440	0.24961	0.51598
358 T	0.26162	0.20991	0.52848
359 T	0.26686	0.20760	0.52554
360 A	0.26003	0.21989	0.52008
361 G	0.24934	0.22769	0.52297
362 G	0.25377	0.21517	0.53106
363 T	0.26146	0.20122	0.53733
364 G	0.26311	0.19652	0.54037
365 C	0.26953	0.18811	0.54236
366 T	0.28226	0.17498	0.54276
367 A	0.28559	0.17120	0.54321
368 C	0.28946	0.16689	0.54365
369 A	0.29418	0.16193	0.54389
370 G	0.29842	0.15733	0.54424
371 T	0.30477	0.14923	0.546
372 T	0.30781	0.14505	0.54714
373 G	0.31032	0.14110	0.54857
374 A	0.31562	0.12654	0.55784
375 A	0.32125	0.11159	0.56716
376 T	0.33114	0.08806	0.58081
377 T	0.33632	0.07850	0.58517
378 G	0.33873	0.07336	0.58791
379 G	0.34153	0.06824	0.59022
380 A	0.34453	0.06324	0.59224
381 A	0.34804	0.05668	0.59528
382 T	0.35796	0.03953	0.60251
383 A	0.36603	0.02043	0.61353
384 A	0.36881	0.00000	0.63119
