# lcl|CP097583.1_cds_USQ93407.1_1
# AA	inside	membr	outside
1 G	0.62249	0.00000	0.3775
2 T	0.62078	0.00171	0.3775
3 G	0.61977	0.00272	0.3775
4 A	0.61977	0.02901	0.35121
5 A	0.61632	0.04884	0.33484
6 A	0.61632	0.05182	0.33186
7 A	0.60935	0.05944	0.33121
8 T	0.60935	0.05945	0.3312
9 T	0.60864	0.06049	0.33087
10 A	0.60863	0.06749	0.32387
11 A	0.60844	0.06789	0.32366
12 T	0.60724	0.06918	0.32359
13 T	0.60364	0.07350	0.32286
14 C	0.60364	0.07351	0.32286
15 T	0.60364	0.12380	0.27256
16 T	0.60318	0.12426	0.27256
17 T	0.60145	0.13233	0.26621
18 A	0.60132	0.15385	0.24483
19 A	0.59903	0.16516	0.23581
20 A	0.56203	0.34118	0.09679
21 T	0.53908	0.36433	0.09659
22 T	0.54121	0.37027	0.08852
23 T	0.54360	0.37514	0.08127
24 A	0.54644	0.37702	0.07654
25 T	0.55049	0.37386	0.07565
26 T	0.55150	0.37389	0.07461
27 T	0.56405	0.36163	0.07432
28 A	0.57033	0.35403	0.07564
29 T	0.57257	0.35155	0.07588
30 T	0.57272	0.34716	0.08012
31 T	0.57089	0.34968	0.07942
32 A	0.56842	0.35310	0.07848
33 T	0.57215	0.34922	0.07863
34 G	0.56900	0.35270	0.07829
35 A	0.56606	0.35550	0.07844
36 A	0.56427	0.35546	0.08026
37 C	0.56478	0.35578	0.07944
38 A	0.60069	0.32218	0.07713
39 A	0.60502	0.32134	0.07364
40 A	0.62855	0.29789	0.07356
41 A	0.65677	0.27020	0.07303
42 A	0.67160	0.25489	0.07352
43 T	0.79001	0.10025	0.10975
44 T	0.79408	0.07698	0.12894
45 T	0.80017	0.07081	0.12903
46 T	0.79885	0.08392	0.11722
47 T	0.77989	0.11509	0.10501
48 T	0.76763	0.13445	0.09791
49 T	0.71726	0.19004	0.0927
50 T	0.64576	0.26624	0.088
51 A	0.50840	0.40431	0.08729
52 G	0.34175	0.57654	0.08171
53 A	0.25530	0.67134	0.07336
54 G	0.19786	0.73292	0.06921
55 C	0.17129	0.75983	0.06888
56 A	0.16665	0.76668	0.06667
57 A	0.16451	0.77171	0.06379
58 A	0.16401	0.77157	0.06442
59 C	0.16443	0.76956	0.066
60 T	0.16570	0.76848	0.06581
61 A	0.16716	0.76685	0.06599
62 A	0.17028	0.76363	0.06609
63 A	0.17167	0.76212	0.06621
64 A	0.17314	0.76033	0.06652
65 A	0.17578	0.75240	0.07181
66 T	0.18171	0.74374	0.07455
67 A	0.18671	0.73365	0.07964
68 A	0.19241	0.71748	0.09011
69 T	0.20792	0.65711	0.13497
70 T	0.21744	0.58286	0.1997
71 T	0.21709	0.56799	0.21493
72 A	0.20464	0.57453	0.22083
73 A	0.18996	0.57540	0.23464
74 A	0.18222	0.48487	0.33291
75 G	0.18372	0.31616	0.50012
76 A	0.18955	0.25053	0.55992
77 G	0.19628	0.22267	0.58105
78 T	0.19954	0.31769	0.48277
79 T	0.19793	0.57726	0.22481
80 T	0.19290	0.62138	0.18572
81 A	0.17812	0.64095	0.18094
82 T	0.16997	0.65162	0.17841
83 G	0.16126	0.66383	0.17491
84 C	0.15624	0.67116	0.17259
85 C	0.15262	0.67878	0.16859
86 A	0.14696	0.71355	0.13948
87 T	0.14351	0.73129	0.1252
88 G	0.13468	0.75235	0.11297
89 A	0.12982	0.76806	0.10212
90 A	0.12823	0.77325	0.09852
91 A	0.12768	0.77660	0.09572
92 A	0.12858	0.77617	0.09524
93 A	0.13275	0.77051	0.09674
94 A	0.14168	0.75665	0.10168
95 A	0.16504	0.71922	0.11574
96 T	0.20285	0.66433	0.13281
97 T	0.22219	0.63662	0.14119
98 A	0.23345	0.62179	0.14476
99 T	0.25564	0.59598	0.14838
100 A	0.27208	0.57756	0.15036
101 A	0.37745	0.46908	0.15347
102 T	0.63403	0.20566	0.16032
103 T	0.67689	0.15460	0.16851
104 T	0.68367	0.13606	0.18027
105 T	0.68721	0.12976	0.18303
106 T	0.68937	0.12645	0.18418
107 T	0.68864	0.12672	0.18465
108 A	0.68616	0.13222	0.18161
109 T	0.71413	0.10601	0.17987
110 T	0.72826	0.09395	0.1778
111 T	0.73657	0.08278	0.18065
112 T	0.73709	0.07989	0.18302
113 A	0.72470	0.09195	0.18335
114 T	0.71276	0.10351	0.18372
115 T	0.70787	0.10934	0.18279
116 C	0.70375	0.11495	0.18129
117 T	0.70147	0.12337	0.17516
118 A	0.69701	0.14245	0.16054
119 T	0.69361	0.15865	0.14774
120 T	0.67057	0.20130	0.12813
121 A	0.42959	0.46222	0.10819
122 A	0.29420	0.61283	0.09297
123 A	0.25902	0.66118	0.0798
124 A	0.24893	0.67883	0.07223
125 A	0.24619	0.68485	0.06897
126 A	0.24582	0.68728	0.0669
127 G	0.24763	0.68712	0.06525
128 A	0.25371	0.68455	0.06174
129 T	0.26134	0.68018	0.05848
130 A	0.26233	0.68959	0.04808
131 A	0.26726	0.68508	0.04766
132 T	0.27312	0.68015	0.04673
133 T	0.27444	0.67664	0.04892
134 A	0.27225	0.67559	0.05216
135 T	0.27044	0.67140	0.05816
136 A	0.26827	0.65969	0.07204
137 C	0.26724	0.64540	0.08736
138 C	0.26656	0.64155	0.09188
139 G	0.26673	0.64278	0.09049
140 A	0.27073	0.64499	0.08428
141 A	0.28136	0.63758	0.08106
142 A	0.29310	0.62427	0.08263
143 T	0.31044	0.58264	0.10692
144 G	0.32250	0.32917	0.34832
145 G	0.33290	0.19406	0.47304
146 C	0.34176	0.15536	0.50288
147 T	0.34401	0.18094	0.47506
148 A	0.33088	0.27664	0.39247
149 A	0.32235	0.31460	0.36305
150 A	0.31714	0.35661	0.32625
151 A	0.31870	0.37265	0.30865
152 A	0.32323	0.37920	0.29756
153 T	0.33447	0.42973	0.2358
154 A	0.33546	0.44156	0.22299
155 T	0.33775	0.43681	0.22544
156 T	0.32289	0.44914	0.22797
157 G	0.30581	0.46726	0.22693
158 C	0.29541	0.50228	0.20231
159 T	0.28370	0.54056	0.17574
160 A	0.26911	0.56488	0.16601
161 A	0.25584	0.58048	0.16368
162 A	0.25545	0.58117	0.16338
163 G	0.25993	0.57656	0.16352
164 A	0.26476	0.56895	0.16629
165 A	0.27079	0.55917	0.17004
166 T	0.28708	0.53905	0.17387
167 T	0.29753	0.52345	0.17901
168 A	0.30594	0.51167	0.18239
169 T	0.31798	0.49487	0.18714
170 A	0.33631	0.47125	0.19244
171 T	0.39152	0.40104	0.20744
172 A	0.41001	0.37191	0.21809
173 C	0.45805	0.31410	0.22784
174 T	0.48521	0.28395	0.23084
175 A	0.50326	0.26575	0.23099
176 G	0.56019	0.20746	0.23235
177 T	0.58361	0.18192	0.23447
178 T	0.59163	0.17274	0.23562
179 G	0.59647	0.14559	0.25794
180 T	0.60587	0.12152	0.27261
181 T	0.63187	0.08546	0.28266
182 T	0.65226	0.05690	0.29084
183 T	0.65996	0.04019	0.29985
184 T	0.66195	0.03000	0.30806
185 T	0.66149	0.03026	0.30825
186 T	0.65830	0.03460	0.3071
187 T	0.65246	0.04201	0.30553
188 A	0.64566	0.05227	0.30206
189 T	0.63982	0.06423	0.29595
190 G	0.61649	0.10954	0.27397
191 A	0.59259	0.16926	0.23816
192 T	0.58009	0.22161	0.1983
193 A	0.44518	0.43681	0.11801
194 A	0.37775	0.53559	0.08666
195 A	0.29864	0.63472	0.06664
196 A	0.26655	0.67558	0.05786
197 A	0.25377	0.69294	0.05329
198 A	0.24962	0.69695	0.05343
199 G	0.24972	0.69667	0.0536
200 T	0.25171	0.69452	0.05377
201 A	0.25251	0.69366	0.05383
202 C	0.25506	0.69076	0.05418
203 T	0.25872	0.68715	0.05413
204 T	0.26066	0.68525	0.05409
205 T	0.26150	0.68429	0.05421
206 T	0.26172	0.68379	0.05448
207 T	0.26085	0.68428	0.05487
208 A	0.25838	0.68430	0.05732
209 T	0.25798	0.67949	0.06253
210 C	0.25658	0.67491	0.0685
211 A	0.25803	0.67007	0.0719
212 A	0.26446	0.65857	0.07697
213 A	0.29025	0.61467	0.09508
214 A	0.32891	0.55664	0.11445
215 A	0.37432	0.50144	0.12425
216 T	0.45650	0.27856	0.26493
217 A	0.48239	0.18347	0.33414
218 T	0.50063	0.08051	0.41887
219 T	0.50679	0.04376	0.44945
220 T	0.51016	0.02787	0.46198
221 C	0.51069	0.02191	0.4674
222 T	0.51125	0.02427	0.46448
223 T	0.51133	0.02629	0.46238
224 T	0.51076	0.03048	0.45876
225 T	0.50962	0.05941	0.43097
226 T	0.50584	0.10584	0.38832
227 T	0.49857	0.16233	0.33911
228 A	0.48844	0.21963	0.29193
229 T	0.48598	0.22408	0.28994
230 T	0.48104	0.25855	0.26041
231 T	0.46829	0.29607	0.23564
232 T	0.42645	0.39211	0.18145
233 C	0.35607	0.48488	0.15905
234 G	0.30443	0.56991	0.12567
235 A	0.26359	0.68827	0.04814
236 A	0.23497	0.73371	0.03132
237 A	0.22541	0.75241	0.02218
238 A	0.22226	0.75955	0.01819
239 A	0.22127	0.76446	0.01427
240 A	0.22105	0.76601	0.01294
241 A	0.22124	0.76624	0.01252
242 A	0.22223	0.76558	0.01219
243 T	0.22480	0.76330	0.0119
244 A	0.22681	0.76321	0.00999
245 T	0.23362	0.75683	0.00956
246 A	0.23687	0.75379	0.00933
247 A	0.24250	0.74733	0.01017
248 A	0.26885	0.71927	0.01188
249 T	0.31699	0.66597	0.01703
250 T	0.36568	0.60837	0.02595
251 T	0.40515	0.55735	0.03749
252 A	0.41086	0.54706	0.04208
253 A	0.44772	0.50093	0.05135
254 A	0.49243	0.43224	0.07532
255 T	0.58434	0.28222	0.13345
256 T	0.61362	0.18287	0.20351
257 T	0.63933	0.11940	0.24128
258 T	0.67523	0.06029	0.26447
259 T	0.68142	0.04017	0.2784
260 T	0.68363	0.03943	0.27694
261 A	0.68384	0.05131	0.26485
262 T	0.68662	0.05409	0.25929
263 T	0.68473	0.06965	0.24562
264 A	0.66461	0.13141	0.20399
265 A	0.65224	0.19261	0.15516
266 A	0.64271	0.20960	0.14769
267 T	0.63253	0.22984	0.13763
268 T	0.60682	0.27517	0.11801
269 T	0.56277	0.32337	0.11386
270 C	0.49031	0.40455	0.10515
271 T	0.45738	0.45241	0.09021
272 T	0.41013	0.50861	0.08125
273 C	0.27333	0.65528	0.07138
274 A	0.14494	0.80133	0.05373
275 A	0.07345	0.87995	0.0466
276 A	0.05406	0.90035	0.04558
277 G	0.04433	0.91017	0.0455
278 A	0.04043	0.91411	0.04546
279 A	0.04017	0.91430	0.04553
280 C	0.04165	0.91266	0.04569
281 C	0.04353	0.91071	0.04575
282 A	0.04750	0.90676	0.04574
283 A	0.05491	0.89925	0.04583
284 T	0.06895	0.88492	0.04614
285 A	0.07379	0.87995	0.04626
286 A	0.08540	0.86659	0.04801
287 A	0.11985	0.81154	0.06861
288 A	0.16101	0.75637	0.08262
289 A	0.17017	0.73393	0.0959
290 A	0.18581	0.69411	0.12007
291 T	0.21265	0.62539	0.16196
292 A	0.22125	0.55922	0.21953
293 T	0.23662	0.45877	0.30461
294 T	0.25212	0.40027	0.34761
295 A	0.25908	0.34112	0.3998
296 T	0.26769	0.21114	0.52117
297 T	0.27919	0.09336	0.62744
298 C	0.28138	0.04660	0.67203
299 T	0.28093	0.05736	0.66171
300 T	0.27924	0.09456	0.62621
301 T	0.27716	0.18145	0.5414
302 A	0.27453	0.24900	0.47646
303 T	0.27132	0.28328	0.44541
304 T	0.26486	0.34608	0.38907
305 T	0.25745	0.43670	0.30585
306 A	0.24255	0.50464	0.25281
307 G	0.23662	0.54676	0.21662
308 T	0.23397	0.56886	0.19717
309 T	0.23116	0.58713	0.18171
310 G	0.22824	0.61959	0.15217
311 A	0.22698	0.66858	0.10444
312 A	0.22680	0.69491	0.07829
313 G	0.22678	0.70876	0.06446
314 A	0.22693	0.72442	0.04866
315 A	0.22744	0.74250	0.03006
316 A	0.22806	0.75357	0.01838
317 A	0.22872	0.75631	0.01496
318 A	0.23062	0.75618	0.01321
319 G	0.23506	0.75205	0.01289
320 A	0.24611	0.74133	0.01257
321 T	0.27042	0.71614	0.01344
322 A	0.29675	0.68886	0.01438
323 A	0.34074	0.64312	0.01614
324 T	0.43771	0.54336	0.01893
325 A	0.49289	0.48824	0.01887
326 A	0.53260	0.44497	0.02243
327 T	0.61071	0.35690	0.03238
328 T	0.68368	0.27330	0.04302
329 T	0.70328	0.23982	0.0569
330 C	0.67633	0.26398	0.0597
331 C	0.65615	0.28327	0.06058
332 C	0.61611	0.32306	0.06084
333 A	0.53283	0.40719	0.05998
334 C	0.47815	0.46266	0.05918
335 C	0.43901	0.50375	0.05724
336 A	0.35894	0.59533	0.04573
337 G	0.31594	0.65245	0.03162
338 A	0.30034	0.68566	0.01399
339 T	0.28899	0.69833	0.01268
340 A	0.22915	0.76001	0.01084
341 T	0.19836	0.79087	0.01076
342 A	0.14918	0.84029	0.01052
343 C	0.11796	0.87168	0.01036
344 A	0.09246	0.89800	0.00954
345 A	0.06896	0.92187	0.00917
346 G	0.05592	0.93501	0.00906
347 A	0.04939	0.94163	0.00897
348 A	0.04564	0.94533	0.00903
349 A	0.04473	0.94478	0.01048
350 A	0.04431	0.94209	0.0136
351 A	0.04417	0.93446	0.02137
352 A	0.04438	0.91500	0.04061
353 T	0.04490	0.86043	0.09467
354 A	0.04483	0.82694	0.12823
355 A	0.04553	0.77565	0.17883
356 A	0.04796	0.67690	0.27514
357 T	0.05107	0.57926	0.36967
358 A	0.05359	0.52145	0.42495
359 A	0.06419	0.42125	0.51457
360 T	0.07891	0.33630	0.58479
361 T	0.09383	0.29264	0.61354
362 A	0.09500	0.27863	0.62637
363 T	0.09699	0.22768	0.67533
364 T	0.09737	0.21492	0.6877
365 T	0.09651	0.23088	0.67261
366 T	0.09436	0.26369	0.64194
367 A	0.09161	0.30874	0.59965
368 T	0.09032	0.33864	0.57104
369 T	0.08795	0.36974	0.54231
370 A	0.08506	0.43133	0.48361
371 T	0.08160	0.49813	0.42028
372 T	0.07609	0.57586	0.34805
373 G	0.06704	0.68201	0.25096
374 A	0.06451	0.77706	0.15843
375 A	0.06255	0.79294	0.14451
376 A	0.06086	0.80619	0.13295
377 A	0.05974	0.82680	0.11346
378 A	0.05879	0.84327	0.09794
379 C	0.05882	0.86056	0.08062
380 A	0.05613	0.89328	0.05059
381 A	0.05747	0.90302	0.03951
382 A	0.06302	0.90428	0.0327
383 A	0.07067	0.90055	0.02878
384 T	0.08574	0.88820	0.02606
385 A	0.10224	0.87339	0.02438
386 A	0.12143	0.85464	0.02392
387 A	0.16435	0.81164	0.02401
388 T	0.24304	0.73114	0.02582
389 T	0.29526	0.67609	0.02865
390 A	0.33647	0.63174	0.03179
391 T	0.37710	0.58761	0.03529
392 C	0.40564	0.55557	0.03879
393 A	0.45772	0.50199	0.04029
394 T	0.53444	0.42315	0.04241
395 A	0.59770	0.35704	0.04526
396 T	0.67886	0.26978	0.05137
397 C	0.73498	0.21279	0.05223
398 A	0.74249	0.20696	0.05055
399 A	0.73248	0.21993	0.0476
400 A	0.73790	0.21906	0.04304
401 A	0.74428	0.21543	0.04029
402 T	0.77039	0.19039	0.03922
403 T	0.79518	0.16246	0.04237
404 T	0.79652	0.16021	0.04326
405 G	0.78533	0.17323	0.04144
406 A	0.77896	0.18180	0.03924
407 T	0.77612	0.18552	0.03836
408 T	0.76674	0.19455	0.03872
409 A	0.74741	0.21368	0.03892
410 A	0.74013	0.22080	0.03907
411 T	0.73509	0.22592	0.03899
412 C	0.69222	0.26851	0.03927
413 A	0.64162	0.31995	0.03843
414 T	0.61652	0.34530	0.03818
415 A	0.55600	0.40752	0.03648
416 C	0.52047	0.44251	0.03702
417 T	0.50102	0.46719	0.03179
418 A	0.47988	0.49333	0.0268
419 A	0.46575	0.51074	0.02351
420 A	0.46069	0.51285	0.02646
421 A	0.46122	0.50733	0.03145
422 A	0.46462	0.47779	0.05759
423 A	0.47114	0.44608	0.08278
424 C	0.47758	0.41479	0.10764
425 T	0.48283	0.40107	0.1161
426 T	0.48585	0.38988	0.12427
427 T	0.48684	0.38071	0.13245
428 T	0.48684	0.37131	0.14185
429 C	0.48443	0.36837	0.1472
430 G	0.47870	0.37576	0.14554
431 A	0.47521	0.38609	0.1387
432 A	0.47289	0.38171	0.14539
433 G	0.47244	0.38103	0.14653
434 A	0.47267	0.38014	0.14719
435 A	0.47300	0.33275	0.19425
436 G	0.47433	0.27599	0.24968
437 A	0.47640	0.26323	0.26037
438 T	0.48042	0.22718	0.29239
439 G	0.48101	0.22740	0.29159
440 G	0.48511	0.23092	0.28398
441 A	0.48985	0.26092	0.24923
442 T	0.49403	0.27039	0.23558
443 T	0.49423	0.28458	0.22119
444 T	0.49394	0.30581	0.20025
445 A	0.49300	0.34358	0.16342
446 T	0.49243	0.35499	0.15258
447 T	0.49139	0.36852	0.14009
448 G	0.48968	0.37985	0.13047
449 T	0.48946	0.39031	0.12024
450 A	0.48912	0.39850	0.11238
451 A	0.48963	0.39761	0.11276
452 A	0.49250	0.39247	0.11504
453 T	0.50459	0.37427	0.12114
454 T	0.51895	0.35652	0.12453
455 C	0.52641	0.34674	0.12684
456 T	0.53164	0.34125	0.12711
457 G	0.53456	0.33834	0.1271
458 A	0.53937	0.33347	0.12716
459 A	0.55037	0.32237	0.12726
460 A	0.57766	0.29506	0.12727
461 T	0.62338	0.24878	0.12783
462 T	0.66617	0.20577	0.12806
463 A	0.68991	0.18202	0.12807
464 T	0.73289	0.13848	0.12863
465 T	0.75642	0.11507	0.1285
466 T	0.77450	0.09857	0.12693
467 A	0.79114	0.08415	0.12472
468 T	0.82784	0.04792	0.12423
469 T	0.83658	0.04347	0.11995
470 T	0.83487	0.04834	0.11679
471 T	0.80707	0.08349	0.10945
472 T	0.72161	0.19510	0.08329
473 T	0.63682	0.30054	0.06264
474 A	0.51446	0.43969	0.04585
475 A	0.42930	0.53360	0.03709
476 T	0.36710	0.60067	0.03222
477 T	0.28965	0.68229	0.02805
478 A	0.17304	0.80288	0.02408
479 A	0.11186	0.86465	0.02349
480 A	0.06616	0.91061	0.02323
481 A	0.05020	0.92655	0.02325
482 A	0.04271	0.93399	0.0233
483 C	0.04002	0.93663	0.02335
484 A	0.03873	0.93791	0.02336
485 C	0.03835	0.93826	0.02339
486 T	0.03823	0.93837	0.0234
487 C	0.03708	0.93952	0.0234
488 A	0.03663	0.94000	0.02337
489 A	0.03836	0.93823	0.02341
490 A	0.04090	0.93549	0.0236
491 A	0.04358	0.93162	0.0248
492 T	0.05197	0.92049	0.02754
493 A	0.05717	0.89374	0.04909
494 A	0.06717	0.82570	0.10712
495 T	0.09949	0.65983	0.24068
496 T	0.12140	0.53838	0.34023
497 T	0.13440	0.43221	0.43339
498 A	0.13916	0.35216	0.50868
499 T	0.14205	0.28148	0.57647
500 T	0.14365	0.21055	0.64581
501 A	0.14509	0.13532	0.71959
502 T	0.14538	0.10337	0.75125
503 T	0.14256	0.10954	0.7479
504 A	0.13385	0.21964	0.64651
505 T	0.12898	0.27240	0.59862
506 T	0.11505	0.33590	0.54905
507 A	0.07732	0.44273	0.47995
508 A	0.05471	0.54827	0.39703
509 A	0.03748	0.66428	0.29824
510 A	0.03218	0.76540	0.20242
511 G	0.02859	0.82365	0.14776
512 A	0.02501	0.88733	0.08766
513 A	0.02338	0.91682	0.0598
514 G	0.02209	0.94233	0.03558
515 A	0.01899	0.96840	0.01261
516 A	0.01807	0.97161	0.01032
517 A	0.01761	0.97332	0.00907
518 T	0.01778	0.97352	0.00871
519 A	0.01764	0.97398	0.00838
520 C	0.01828	0.97337	0.00835
521 A	0.01945	0.97301	0.00754
522 A	0.02205	0.97069	0.00727
523 A	0.02852	0.96433	0.00716
524 A	0.04473	0.94786	0.00741
525 A	0.06247	0.92971	0.00782
526 A	0.11364	0.87226	0.0141
527 T	0.24540	0.72655	0.02804
528 T	0.30275	0.66192	0.03533
529 A	0.33603	0.61604	0.04792
530 A	0.38631	0.53654	0.07714
531 A	0.46317	0.43946	0.09736
532 C	0.56240	0.32257	0.11503
533 T	0.66884	0.21302	0.11814
534 A	0.71458	0.16723	0.11819
535 T	0.77106	0.11050	0.11844
536 A	0.78496	0.10107	0.11397
537 T	0.80004	0.08711	0.11285
538 T	0.78227	0.10756	0.11017
539 A	0.70189	0.19471	0.10339
540 T	0.68030	0.22193	0.09777
541 T	0.66001	0.24262	0.09737
542 T	0.63037	0.27202	0.09761
543 A	0.58661	0.31604	0.09736
544 T	0.55956	0.34357	0.09687
545 C	0.52221	0.38167	0.09611
546 A	0.49101	0.41835	0.09063
547 T	0.46735	0.44253	0.09012
548 G	0.44778	0.46243	0.08979
549 T	0.43185	0.47960	0.08855
550 T	0.40392	0.50835	0.08773
551 C	0.35134	0.56134	0.08732
552 A	0.30296	0.61340	0.08364
553 A	0.26860	0.65079	0.08061
554 A	0.23692	0.68534	0.07774
555 T	0.21932	0.70573	0.07495
556 A	0.19513	0.73372	0.07115
557 A	0.17945	0.74327	0.07729
558 A	0.17119	0.75034	0.07848
559 A	0.17122	0.74114	0.08764
560 A	0.17290	0.72824	0.09885
561 T	0.17964	0.67807	0.14228
562 A	0.18099	0.59075	0.22826
563 T	0.18230	0.53983	0.27787
564 T	0.17812	0.52786	0.29402
565 G	0.16493	0.56640	0.26867
566 A	0.15973	0.66415	0.17611
567 A	0.15685	0.68761	0.15554
568 A	0.15618	0.68310	0.16071
569 A	0.15674	0.67553	0.16773
570 T	0.15649	0.66897	0.17454
571 A	0.15438	0.67448	0.17114
572 T	0.15429	0.66639	0.17932
573 A	0.15031	0.67379	0.1759
574 G	0.15035	0.64533	0.20433
575 A	0.15312	0.61882	0.22806
576 A	0.15681	0.59232	0.25088
577 A	0.16065	0.56286	0.27649
578 T	0.16549	0.54306	0.29145
579 A	0.16961	0.52475	0.30564
580 A	0.17508	0.50859	0.31632
581 T	0.18126	0.49795	0.32079
582 T	0.18280	0.49190	0.3253
583 A	0.18207	0.50099	0.31694
584 A	0.18332	0.50424	0.31243
585 A	0.18698	0.49964	0.31338
586 C	0.19203	0.49377	0.31419
587 A	0.20517	0.50699	0.28783
588 A	0.25991	0.48610	0.25398
589 T	0.38328	0.40206	0.21465
590 T	0.41939	0.39807	0.18255
591 A	0.43341	0.43446	0.13212
592 G	0.44846	0.41900	0.13254
593 T	0.47298	0.40240	0.12462
594 T	0.48496	0.39848	0.11656
595 G	0.47802	0.40576	0.11622
596 C	0.49712	0.38494	0.11795
597 T	0.51077	0.37593	0.1133
598 T	0.51121	0.37914	0.10964
599 C	0.48225	0.41298	0.10477
600 T	0.42844	0.47477	0.09679
601 A	0.35932	0.55236	0.08832
602 A	0.33298	0.57986	0.08716
603 A	0.31556	0.59823	0.08622
604 G	0.30764	0.60650	0.08586
605 A	0.30745	0.60615	0.0864
606 C	0.31532	0.59697	0.08771
607 A	0.31991	0.59283	0.08725
608 A	0.32780	0.58506	0.08714
609 C	0.34040	0.57239	0.08721
610 A	0.37176	0.54198	0.08625
611 A	0.41878	0.49557	0.08565
612 T	0.46961	0.44458	0.08581
613 A	0.50153	0.41243	0.08604
614 T	0.54877	0.36362	0.08761
615 A	0.55457	0.35131	0.09412
616 T	0.56771	0.33141	0.10087
617 T	0.57941	0.30997	0.11062
618 T	0.58307	0.28729	0.12965
619 T	0.58548	0.27568	0.13884
620 T	0.58929	0.26275	0.14796
621 A	0.58750	0.25640	0.1561
622 T	0.58752	0.22461	0.18787
623 T	0.58695	0.16894	0.2441
624 T	0.58430	0.12076	0.29494
625 A	0.57708	0.10529	0.31764
626 T	0.57387	0.08937	0.33676
627 C	0.56995	0.08327	0.34678
628 A	0.56593	0.08580	0.34827
629 A	0.56213	0.08935	0.34853
630 T	0.54739	0.10188	0.35072
631 T	0.52861	0.12044	0.35095
632 C	0.50967	0.14302	0.34731
633 A	0.49105	0.18700	0.32194
634 A	0.47951	0.21486	0.30563
635 T	0.47189	0.23421	0.2939
636 T	0.44432	0.29850	0.25718
637 A	0.39759	0.41566	0.18675
638 T	0.37890	0.46936	0.15175
639 A	0.32275	0.56212	0.11513
640 A	0.25738	0.66462	0.07801
641 A	0.23240	0.71152	0.05608
642 T	0.22726	0.72365	0.04909
643 A	0.21541	0.73550	0.04908
644 A	0.21139	0.73475	0.05387
645 T	0.20954	0.73054	0.05992
646 T	0.20042	0.73533	0.06425
647 C	0.18576	0.74585	0.06839
648 A	0.17310	0.76121	0.06569
649 A	0.16859	0.76754	0.06387
650 A	0.16608	0.77130	0.06261
651 A	0.16527	0.77090	0.06383
652 A	0.16587	0.76763	0.06649
653 T	0.16774	0.74519	0.08706
654 G	0.16561	0.72932	0.10507
655 A	0.16849	0.71533	0.11618
656 A	0.19309	0.68372	0.12319
657 A	0.21332	0.65820	0.12848
658 A	0.22895	0.63794	0.13312
659 A	0.26978	0.56308	0.16713
660 T	0.34286	0.44133	0.21581
661 A	0.37376	0.39153	0.23471
662 A	0.40784	0.30911	0.28305
663 T	0.44473	0.20792	0.34736
664 T	0.46687	0.15777	0.37535
665 T	0.47385	0.14286	0.38329
666 T	0.47475	0.13597	0.38928
667 G	0.47347	0.14216	0.38437
668 A	0.47353	0.14620	0.38027
669 T	0.47590	0.14445	0.37965
670 T	0.47775	0.14371	0.37855
671 T	0.48007	0.16020	0.35973
672 A	0.47965	0.21270	0.30765
673 T	0.48081	0.27248	0.24671
674 T	0.47322	0.31072	0.21606
675 A	0.46010	0.32656	0.21334
676 A	0.42348	0.36702	0.2095
677 A	0.41209	0.37664	0.21128
678 C	0.40229	0.38613	0.21158
679 C	0.38988	0.40754	0.20257
680 A	0.37414	0.43942	0.18644
681 T	0.37525	0.44501	0.17974
682 T	0.37247	0.45795	0.16958
683 T	0.36395	0.47412	0.16193
684 G	0.35127	0.50057	0.14817
685 A	0.34161	0.52652	0.13187
686 T	0.33869	0.55212	0.1092
687 A	0.32441	0.57063	0.10495
688 A	0.31938	0.57725	0.10336
689 A	0.32327	0.57247	0.10427
690 T	0.33031	0.56322	0.10647
691 C	0.32223	0.56977	0.108
692 A	0.32511	0.56692	0.10797
693 C	0.33578	0.55619	0.10803
694 A	0.35835	0.53513	0.10653
695 A	0.40150	0.49169	0.10681
696 A	0.45908	0.43370	0.10722
697 T	0.49295	0.39221	0.11485
698 A	0.49788	0.37810	0.12402
699 T	0.50519	0.33120	0.16361
700 A	0.50796	0.31351	0.17853
701 A	0.51217	0.29318	0.19464
702 T	0.52913	0.25298	0.21789
703 T	0.54931	0.20433	0.24635
704 C	0.55578	0.18283	0.26139
705 T	0.56498	0.17022	0.2648
706 A	0.56952	0.16221	0.26828
707 T	0.58126	0.14347	0.27526
708 G	0.59404	0.12077	0.28519
709 T	0.61706	0.09324	0.28971
710 T	0.62167	0.07309	0.30524
711 T	0.62332	0.07022	0.30646
712 A	0.62279	0.07728	0.29994
713 T	0.62101	0.08671	0.29228
714 T	0.61780	0.08358	0.29862
715 A	0.61041	0.09401	0.29559
716 T	0.60690	0.10326	0.28983
717 T	0.60586	0.10400	0.29014
718 T	0.60228	0.10861	0.2891
719 A	0.58809	0.12564	0.28627
720 T	0.58041	0.13711	0.28248
721 C	0.56515	0.16362	0.27124
722 A	0.51912	0.27560	0.20528
723 A	0.48339	0.37371	0.14289
724 A	0.47112	0.41156	0.11731
725 T	0.46630	0.43152	0.10218
726 T	0.45141	0.45106	0.09754
727 T	0.42175	0.48313	0.09511
728 T	0.37274	0.53456	0.09269
729 A	0.30058	0.60972	0.08969
730 C	0.26864	0.64276	0.0886
731 A	0.24194	0.67290	0.08516
732 A	0.22467	0.69355	0.08177
733 A	0.21858	0.70095	0.08046
734 A	0.22183	0.69816	0.08001
735 A	0.23074	0.68864	0.08062
736 T	0.24717	0.66869	0.08414
737 T	0.25163	0.66000	0.08836
738 A	0.25281	0.65246	0.09473
739 C	0.25506	0.64514	0.09981
740 A	0.24706	0.65248	0.10046
741 A	0.24366	0.65336	0.10299
742 G	0.24610	0.64163	0.11227
743 A	0.24739	0.63571	0.1169
744 A	0.25650	0.61688	0.12662
745 A	0.32233	0.50253	0.17515
746 T	0.38747	0.39383	0.2187
747 G	0.40415	0.35521	0.24064
748 A	0.41475	0.33352	0.25174
749 T	0.42079	0.29820	0.28101
750 T	0.42187	0.26007	0.31805
751 T	0.41775	0.21506	0.36719
752 T	0.41217	0.16571	0.42211
753 G	0.40018	0.15650	0.44332
754 A	0.39189	0.14744	0.46068
755 T	0.38636	0.13775	0.47589
756 T	0.36345	0.15249	0.48407
757 C	0.31387	0.19771	0.48843
758 A	0.26775	0.24513	0.48712
759 A	0.24693	0.26734	0.48574
760 C	0.23764	0.27614	0.48622
761 A	0.22656	0.29540	0.47804
762 T	0.22215	0.30638	0.47147
763 T	0.21307	0.32540	0.46153
764 T	0.18480	0.39337	0.42183
765 A	0.13734	0.50274	0.35993
766 A	0.11008	0.57535	0.31456
767 T	0.10366	0.58912	0.30722
768 A	0.09462	0.61477	0.29061
769 A	0.08837	0.63871	0.27293
770 A	0.08444	0.65499	0.26058
771 T	0.08079	0.68088	0.23834
772 G	0.07313	0.71600	0.21086
773 A	0.06709	0.76592	0.16699
774 A	0.06436	0.78233	0.15331
775 A	0.06425	0.78903	0.14671
776 A	0.06386	0.79168	0.14446
777 A	0.06442	0.80048	0.13511
778 A	0.06528	0.80864	0.12607
779 A	0.06587	0.79986	0.13427
780 A	0.06675	0.77648	0.15677
781 A	0.06897	0.74134	0.18969
782 A	0.07195	0.72146	0.2066
783 A	0.07503	0.70926	0.21571
784 G	0.08454	0.68295	0.23251
785 A	0.09580	0.66181	0.24239
786 G	0.11747	0.62348	0.25905
787 G	0.16348	0.55813	0.27839
788 A	0.22396	0.49588	0.28016
789 T	0.27395	0.44973	0.27633
790 G	0.28323	0.48077	0.236
791 A	0.29482	0.50486	0.20033
792 A	0.31239	0.50184	0.18578
793 A	0.33342	0.47924	0.18735
794 T	0.36672	0.44158	0.19171
795 A	0.39738	0.40512	0.19749
796 T	0.44472	0.35123	0.20405
797 C	0.46020	0.33258	0.20722
798 A	0.47191	0.32023	0.20787
799 A	0.48732	0.30423	0.20844
800 C	0.51503	0.27572	0.20925
801 T	0.53982	0.25158	0.20861
802 C	0.55603	0.23709	0.20687
803 T	0.57209	0.22864	0.19927
804 T	0.56473	0.23858	0.19668
805 T	0.54475	0.26064	0.19461
806 T	0.50653	0.30026	0.19321
807 A	0.44948	0.35885	0.19166
808 C	0.42008	0.38832	0.1916
809 A	0.41229	0.39807	0.18964
810 A	0.42440	0.38718	0.18842
811 T	0.46501	0.34621	0.18878
812 A	0.48587	0.32524	0.18888
813 T	0.52782	0.28237	0.1898
814 T	0.55262	0.25389	0.19348
815 C	0.55698	0.24705	0.19598
816 T	0.55372	0.24962	0.19666
817 T	0.54533	0.25753	0.19713
818 T	0.53369	0.26852	0.19779
819 A	0.49940	0.30262	0.19798
820 C	0.47025	0.33125	0.1985
821 C	0.43791	0.36296	0.19913
822 A	0.40108	0.40256	0.19636
823 A	0.37804	0.43067	0.19129
824 A	0.36856	0.44451	0.18693
825 A	0.36382	0.45268	0.1835
826 A	0.36935	0.44565	0.18499
827 T	0.37309	0.40376	0.22314
828 T	0.37348	0.36724	0.25929
829 T	0.37024	0.33279	0.29697
830 T	0.36172	0.31415	0.32413
831 G	0.34950	0.32566	0.32484
832 A	0.34494	0.34192	0.31314
833 A	0.34096	0.36220	0.29684
834 T	0.33897	0.36661	0.29442
835 T	0.33706	0.36720	0.29574
836 T	0.33376	0.37875	0.28749
837 A	0.33029	0.39326	0.27646
838 A	0.32894	0.39849	0.27257
839 T	0.32837	0.39466	0.27696
840 T	0.32746	0.38851	0.28402
841 A	0.32614	0.38637	0.28749
842 A	0.32423	0.36805	0.30772
843 A	0.32039	0.35473	0.32489
844 G	0.31795	0.33685	0.3452
845 A	0.31957	0.30896	0.37147
846 A	0.32386	0.29070	0.38543
847 A	0.32792	0.28383	0.38825
848 T	0.33239	0.27864	0.38897
849 T	0.33372	0.28763	0.37864
850 A	0.33376	0.29616	0.37008
851 A	0.33572	0.30450	0.35978
852 A	0.34316	0.30816	0.34867
853 T	0.35858	0.30785	0.33357
854 T	0.37652	0.33008	0.2934
855 A	0.38522	0.34441	0.27037
856 T	0.39981	0.33210	0.26808
857 T	0.39673	0.33702	0.26626
858 A	0.38036	0.35527	0.26437
859 C	0.37886	0.35486	0.26628
860 C	0.37851	0.35822	0.26328
861 T	0.37736	0.36767	0.25497
862 A	0.36265	0.39136	0.246
863 T	0.36236	0.39653	0.24111
864 G	0.35019	0.41207	0.23774
865 G	0.34117	0.42295	0.23587
866 A	0.33303	0.43222	0.23475
867 T	0.32997	0.43851	0.23152
868 A	0.32214	0.45189	0.22597
869 A	0.32126	0.45458	0.22416
870 A	0.32137	0.45722	0.22141
871 A	0.32418	0.45459	0.22124
872 T	0.33549	0.44181	0.2227
873 A	0.33922	0.43701	0.22377
874 G	0.35050	0.42413	0.22537
875 A	0.36592	0.40783	0.22626
876 A	0.39080	0.38175	0.22745
877 A	0.43831	0.33130	0.23039
878 A	0.47375	0.28778	0.23847
879 T	0.49405	0.25878	0.24718
880 T	0.50361	0.23862	0.25777
881 T	0.50886	0.21636	0.27478
882 A	0.51146	0.20413	0.28441
883 T	0.51709	0.18347	0.29944
884 T	0.52303	0.16312	0.31386
885 T	0.52946	0.13897	0.33156
886 T	0.53309	0.12590	0.34102
887 T	0.53580	0.10968	0.35452
888 A	0.53612	0.10015	0.36373
889 A	0.53914	0.08656	0.37429
890 T	0.54508	0.07089	0.38403
891 T	0.55015	0.05835	0.39149
892 A	0.54954	0.05682	0.39364
893 T	0.55243	0.04889	0.39868
894 T	0.55092	0.04902	0.40006
895 T	0.54385	0.05824	0.39791
896 T	0.52095	0.08360	0.39545
897 T	0.49855	0.11687	0.38457
898 A	0.47624	0.15867	0.3651
899 G	0.45895	0.19472	0.34633
900 A	0.45304	0.22500	0.32196
901 A	0.44994	0.25114	0.29892
902 T	0.44420	0.27868	0.27712
903 G	0.43906	0.29827	0.26267
904 T	0.43793	0.31095	0.25112
905 A	0.43522	0.31538	0.2494
906 T	0.43374	0.31725	0.24901
907 T	0.43121	0.31993	0.24886
908 A	0.42732	0.32402	0.24866
909 C	0.42470	0.32613	0.24917
910 A	0.42125	0.33192	0.24683
911 A	0.42032	0.33254	0.24714
912 A	0.42202	0.33069	0.24728
913 G	0.42525	0.32741	0.24734
914 T	0.42887	0.32378	0.24734
915 T	0.43176	0.31631	0.25193
916 A	0.43258	0.31344	0.25398
917 A	0.43457	0.30561	0.25982
918 A	0.43741	0.29147	0.27112
919 C	0.43953	0.26174	0.29872
920 A	0.44993	0.24052	0.30955
921 A	0.46850	0.21325	0.31826
922 G	0.48764	0.18920	0.32316
923 G	0.51154	0.16638	0.32207
924 A	0.53780	0.14324	0.31896
925 T	0.56350	0.11122	0.32528
926 T	0.57585	0.09620	0.32795
927 T	0.57971	0.09550	0.32479
928 A	0.57238	0.11513	0.31249
929 T	0.56596	0.13513	0.29891
930 G	0.55605	0.14611	0.29784
931 G	0.54732	0.15287	0.29981
932 A	0.54350	0.15453	0.30197
933 T	0.54405	0.15018	0.30577
934 C	0.54073	0.15091	0.30836
935 C	0.53858	0.15262	0.3088
936 C	0.53734	0.15425	0.3084
937 G	0.53658	0.15586	0.30756
938 A	0.53589	0.15675	0.30736
939 A	0.53573	0.15700	0.30727
940 A	0.53636	0.15562	0.30802
941 G	0.53751	0.15180	0.31068
942 C	0.53970	0.14429	0.31602
943 G	0.54554	0.13606	0.3184
944 C	0.55405	0.12638	0.31957
945 T	0.56357	0.11961	0.31682
946 T	0.56848	0.12054	0.31098
947 T	0.57006	0.13190	0.29804
948 A	0.56661	0.15379	0.2796
949 A	0.56322	0.17388	0.2629
950 A	0.55677	0.18694	0.25629
951 A	0.55892	0.17851	0.26257
952 T	0.56879	0.16085	0.27035
953 A	0.56418	0.15682	0.279
954 T	0.56118	0.15044	0.28839
955 C	0.54956	0.15910	0.29134
956 T	0.54739	0.16194	0.29066
957 T	0.54381	0.16516	0.29103
958 T	0.53914	0.17033	0.29053
959 T	0.53658	0.17284	0.29058
960 G	0.53283	0.17688	0.29029
961 A	0.53276	0.17608	0.29115
962 T	0.53286	0.17507	0.29208
963 A	0.53284	0.17470	0.29247
964 A	0.53291	0.17423	0.29287
965 A	0.53314	0.17344	0.29342
966 A	0.53367	0.17209	0.29424
967 C	0.53498	0.16963	0.29539
968 A	0.53905	0.16513	0.29582
969 A	0.54581	0.15762	0.29658
970 A	0.55881	0.14270	0.29849
971 A	0.57666	0.12048	0.30286
972 T	0.59376	0.09813	0.30812
973 A	0.60294	0.07593	0.32113
974 T	0.60761	0.05769	0.33471
975 T	0.60998	0.04626	0.34376
976 T	0.61206	0.03381	0.35414
977 A	0.61340	0.02438	0.36221
978 A	0.61770	0.00000	0.38229
