# lcl|CP097583.1_cds_USQ93373.1_1
# AA	inside	membr	outside
1 T	0.82632	0.00000	0.17368
2 T	0.81922	0.00710	0.17368
3 G	0.81486	0.01146	0.17368
4 A	0.81486	0.07230	0.11284
5 A	0.80005	0.09396	0.10599
6 A	0.80005	0.09455	0.1054
7 A	0.78491	0.10981	0.10529
8 T	0.78491	0.10981	0.10528
9 C	0.78213	0.11263	0.10525
10 A	0.78212	0.11789	0.09999
11 A	0.78186	0.11835	0.09979
12 A	0.77809	0.12224	0.09967
13 A	0.77561	0.12505	0.09934
14 A	0.77561	0.12505	0.09934
15 T	0.77561	0.12607	0.09832
16 A	0.77560	0.12608	0.09832
17 T	0.77559	0.12609	0.09833
18 T	0.77559	0.12611	0.09831
19 T	0.77572	0.12603	0.09826
20 T	0.77544	0.12699	0.09757
21 T	0.77209	0.12978	0.09813
22 T	0.77418	0.12692	0.0989
23 A	0.77541	0.12437	0.10022
24 T	0.78774	0.11059	0.10167
25 T	0.79104	0.09755	0.11142
26 T	0.79365	0.09038	0.11598
27 T	0.83086	0.04939	0.11974
28 T	0.83382	0.03914	0.12704
29 T	0.83189	0.04135	0.12675
30 T	0.82735	0.04134	0.13132
31 A	0.82222	0.04850	0.12928
32 T	0.82102	0.04836	0.13063
33 T	0.82154	0.04759	0.13087
34 A	0.81791	0.05093	0.13116
35 T	0.81708	0.04871	0.13421
36 T	0.81591	0.04802	0.13608
37 C	0.81413	0.04973	0.13614
38 C	0.81381	0.05005	0.13615
39 T	0.81297	0.05104	0.13599
40 A	0.81247	0.05164	0.13589
41 G	0.81243	0.05168	0.13588
42 T	0.81265	0.05148	0.13587
43 T	0.81355	0.05020	0.13624
44 T	0.81356	0.04676	0.13968
45 T	0.81372	0.04616	0.14013
46 A	0.81394	0.04531	0.14075
47 T	0.81446	0.04361	0.14193
48 T	0.81492	0.04199	0.14309
49 G	0.81582	0.03983	0.14436
50 T	0.81837	0.03584	0.14579
51 T	0.82018	0.03179	0.14802
52 A	0.82081	0.02850	0.15069
53 T	0.82201	0.02194	0.15605
54 T	0.82354	0.01565	0.16081
55 T	0.82410	0.01367	0.16223
56 T	0.82374	0.01195	0.1643
57 T	0.82299	0.01051	0.16649
58 T	0.82126	0.01297	0.16577
59 T	0.81826	0.01709	0.16464
60 T	0.81533	0.02315	0.16153
61 A	0.81039	0.03442	0.15519
62 T	0.80798	0.04393	0.14809
63 T	0.80037	0.06401	0.13562
64 T	0.79574	0.07987	0.12439
65 T	0.76849	0.12743	0.10408
66 T	0.69375	0.23142	0.07483
67 G	0.60218	0.34426	0.05356
68 T	0.55205	0.40877	0.03918
69 G	0.35095	0.61313	0.03592
70 A	0.23998	0.72712	0.0329
71 A	0.18717	0.78145	0.03138
72 A	0.15430	0.81533	0.03037
73 C	0.14663	0.82370	0.02967
74 A	0.14115	0.83104	0.02781
75 A	0.13898	0.83437	0.02665
76 A	0.13813	0.83602	0.02585
77 T	0.13774	0.83698	0.02529
78 A	0.13624	0.83855	0.02521
79 G	0.13542	0.83848	0.0261
80 A	0.13468	0.83813	0.02718
81 A	0.13603	0.83414	0.02982
82 C	0.13763	0.82834	0.03402
83 A	0.14100	0.82263	0.03637
84 A	0.14736	0.81163	0.04101
85 A	0.15726	0.79682	0.04592
86 C	0.17380	0.76708	0.05912
87 A	0.18597	0.75044	0.0636
88 A	0.21022	0.68775	0.10203
89 T	0.23953	0.56624	0.19422
90 T	0.25267	0.47015	0.27719
91 G	0.22821	0.46143	0.31036
92 A	0.18730	0.34635	0.46635
93 A	0.16307	0.34121	0.49571
94 A	0.12909	0.39336	0.47755
95 A	0.08615	0.55609	0.35776
96 A	0.05239	0.75371	0.19391
97 G	0.03806	0.84471	0.11723
98 A	0.02969	0.92831	0.04199
99 A	0.02345	0.94491	0.03164
100 A	0.01998	0.95144	0.02859
101 A	0.01761	0.95522	0.02717
102 A	0.01601	0.95722	0.02677
103 C	0.01478	0.95817	0.02704
104 A	0.01410	0.95908	0.02682
105 A	0.01391	0.95930	0.0268
106 A	0.01396	0.95946	0.02658
107 A	0.01420	0.95852	0.02728
108 C	0.01454	0.95742	0.02805
109 A	0.01488	0.95718	0.02794
110 T	0.01603	0.95546	0.02851
111 A	0.01660	0.95496	0.02844
112 A	0.01944	0.95161	0.02895
113 A	0.02459	0.94310	0.03231
114 A	0.03647	0.89767	0.06586
115 G	0.07670	0.80996	0.11335
116 A	0.16070	0.70188	0.13742
117 A	0.24132	0.58958	0.1691
118 A	0.41459	0.37897	0.20644
119 T	0.58443	0.17814	0.23742
120 T	0.64966	0.10921	0.24113
121 A	0.68212	0.09530	0.22258
122 T	0.68219	0.12563	0.19218
123 T	0.65765	0.16880	0.17355
124 A	0.56359	0.30168	0.13473
125 A	0.51119	0.36588	0.12293
126 T	0.49050	0.39791	0.11158
127 C	0.43968	0.46051	0.09981
128 A	0.40337	0.52645	0.07018
129 T	0.38638	0.55761	0.05601
130 G	0.34764	0.60420	0.04816
131 A	0.33305	0.62553	0.04142
132 A	0.32951	0.63137	0.03913
133 T	0.32904	0.63242	0.03854
134 A	0.32634	0.63547	0.03819
135 T	0.32440	0.63697	0.03863
136 G	0.32106	0.64015	0.03878
137 A	0.31848	0.64267	0.03886
138 A	0.31725	0.64383	0.03893
139 C	0.31737	0.64335	0.03928
140 G	0.31912	0.64190	0.03898
141 A	0.32464	0.63713	0.03822
142 A	0.33098	0.63156	0.03746
143 A	0.34180	0.62130	0.0369
144 A	0.36626	0.59565	0.0381
145 A	0.40222	0.54593	0.05184
146 A	0.43020	0.48163	0.08817
147 T	0.47902	0.32786	0.19311
148 G	0.49934	0.24710	0.25356
149 T	0.52295	0.20007	0.27698
150 T	0.53786	0.15591	0.30623
151 T	0.55392	0.13049	0.3156
152 T	0.55799	0.13115	0.31086
153 T	0.55769	0.12287	0.31944
154 T	0.55779	0.11714	0.32507
155 T	0.55643	0.12444	0.31913
156 A	0.55354	0.13382	0.31264
157 A	0.55225	0.13264	0.31512
158 C	0.55115	0.13089	0.31796
159 T	0.54829	0.13379	0.31792
160 C	0.53581	0.14701	0.31718
161 C	0.52770	0.16437	0.30792
162 G	0.52435	0.18489	0.29076
163 A	0.52127	0.20332	0.27541
164 A	0.51952	0.22789	0.25259
165 A	0.51954	0.25032	0.23014
166 G	0.52085	0.27931	0.19984
167 A	0.52149	0.30207	0.17644
168 A	0.52448	0.31205	0.16347
169 T	0.53131	0.31890	0.1498
170 T	0.53629	0.32100	0.14271
171 A	0.53986	0.32541	0.13473
172 T	0.54933	0.31795	0.13273
173 T	0.55989	0.30688	0.13323
174 A	0.56694	0.29892	0.13414
175 T	0.58055	0.28266	0.13679
176 C	0.58830	0.27109	0.1406
177 C	0.59045	0.26903	0.14052
178 A	0.59658	0.26883	0.13459
179 A	0.60372	0.27112	0.12517
180 A	0.60640	0.27004	0.12355
181 T	0.61307	0.26466	0.12227
182 T	0.61836	0.25764	0.12401
183 T	0.61990	0.24336	0.13674
184 C	0.61906	0.23777	0.14317
185 A	0.62210	0.23829	0.13962
186 A	0.62370	0.24155	0.13475
187 A	0.64271	0.22833	0.12896
188 A	0.66638	0.20728	0.12634
189 T	0.70157	0.17322	0.1252
190 A	0.72171	0.15335	0.12493
191 A	0.73625	0.13868	0.12508
192 T	0.75090	0.12367	0.12543
193 T	0.75556	0.11786	0.12658
194 A	0.75747	0.11484	0.1277
195 T	0.75866	0.11196	0.12938
196 T	0.75766	0.11108	0.13127
197 C	0.75335	0.11331	0.13334
198 C	0.75014	0.11657	0.13329
199 A	0.74784	0.11882	0.13334
200 A	0.74714	0.11948	0.13339
201 A	0.75143	0.11498	0.13359
202 G	0.76052	0.10565	0.13382
203 C	0.76472	0.09991	0.13537
204 T	0.77049	0.09420	0.13531
205 T	0.77447	0.08820	0.13733
206 T	0.77673	0.08431	0.13895
207 A	0.77768	0.07967	0.14266
208 G	0.77978	0.07283	0.1474
209 C	0.78281	0.06025	0.15695
210 T	0.78857	0.05581	0.15562
211 T	0.79042	0.05663	0.15294
212 A	0.78945	0.06104	0.14951
213 T	0.78726	0.06493	0.14781
214 T	0.78134	0.07308	0.14559
215 T	0.77209	0.08502	0.14288
216 A	0.76217	0.10319	0.13464
217 G	0.75915	0.11660	0.12425
218 G	0.75705	0.12814	0.11481
219 A	0.75545	0.13469	0.10986
220 T	0.75492	0.13576	0.10932
221 T	0.75371	0.13538	0.11091
222 G	0.75252	0.13484	0.11265
223 A	0.75208	0.13441	0.11351
224 A	0.75206	0.13367	0.11427
225 C	0.75239	0.13261	0.11501
226 C	0.75320	0.13295	0.11385
227 A	0.75598	0.13212	0.11189
228 A	0.75674	0.13320	0.11006
229 T	0.75849	0.13279	0.10873
230 T	0.75951	0.13250	0.10799
231 T	0.75941	0.13291	0.10768
232 A	0.75916	0.13125	0.10959
233 T	0.76115	0.12687	0.11197
234 T	0.75987	0.12614	0.11399
235 A	0.75078	0.13350	0.11572
236 T	0.74572	0.13377	0.12052
237 A	0.73190	0.14686	0.12124
238 G	0.72331	0.15298	0.12371
239 G	0.71966	0.15979	0.12055
240 T	0.72999	0.14869	0.12132
241 T	0.72266	0.15748	0.11986
242 T	0.69906	0.18285	0.11809
243 A	0.62617	0.25905	0.11479
244 C	0.55706	0.32983	0.11311
245 A	0.49722	0.40135	0.10143
246 A	0.41431	0.49660	0.08909
247 A	0.36442	0.55382	0.08175
248 A	0.34607	0.57509	0.07883
249 T	0.32344	0.59922	0.07734
250 A	0.28783	0.63560	0.07656
251 A	0.25704	0.66649	0.07647
252 T	0.23856	0.68454	0.0769
253 A	0.21393	0.70900	0.07707
254 T	0.20008	0.72032	0.0796
255 A	0.17550	0.74315	0.08134
256 G	0.15409	0.76203	0.08388
257 A	0.13199	0.78327	0.08475
258 A	0.12268	0.78839	0.08893
259 A	0.11887	0.78756	0.09358
260 A	0.12227	0.77194	0.10579
261 A	0.12754	0.75360	0.11886
262 T	0.13664	0.72727	0.13608
263 A	0.13753	0.71675	0.14571
264 T	0.14059	0.69234	0.16706
265 A	0.14136	0.66925	0.18939
266 A	0.14218	0.61047	0.24736
267 A	0.14483	0.54969	0.30549
268 A	0.15575	0.48588	0.35838
269 T	0.16823	0.39331	0.43846
270 T	0.17298	0.35406	0.47296
271 A	0.17060	0.35203	0.47737
272 T	0.16655	0.33995	0.4935
273 A	0.15953	0.32578	0.51469
274 T	0.15449	0.29806	0.54745
275 G	0.14723	0.28359	0.56918
276 G	0.14223	0.27137	0.5864
277 G	0.14000	0.26604	0.59396
278 A	0.13918	0.26367	0.59716
279 A	0.13796	0.25977	0.60227
280 G	0.13749	0.25315	0.60936
281 G	0.14038	0.26859	0.59103
282 T	0.14272	0.31256	0.54472
283 G	0.14281	0.42251	0.43468
284 A	0.14277	0.52830	0.32894
285 T	0.14308	0.60043	0.25649
286 A	0.14089	0.65873	0.20038
287 A	0.13246	0.69534	0.1722
288 A	0.13150	0.70925	0.15925
289 G	0.13340	0.71015	0.15645
290 A	0.13786	0.71148	0.15067
291 A	0.14723	0.70629	0.14648
292 A	0.16116	0.69752	0.14132
293 T	0.18878	0.66927	0.14194
294 A	0.20374	0.65588	0.14038
295 T	0.21807	0.64075	0.14118
296 T	0.22553	0.63143	0.14304
297 T	0.22688	0.63548	0.13765
298 A	0.22723	0.64956	0.12321
299 T	0.23102	0.64859	0.12039
300 A	0.23255	0.64622	0.12122
301 A	0.24160	0.63584	0.12256
302 A	0.25518	0.62027	0.12455
303 A	0.27337	0.59895	0.12767
304 C	0.30955	0.56028	0.13017
305 A	0.36783	0.50223	0.12994
306 A	0.48668	0.38328	0.13003
307 A	0.59477	0.27474	0.13049
308 T	0.67579	0.19273	0.13147
309 T	0.72133	0.14560	0.13307
310 T	0.73958	0.11924	0.14118
311 T	0.74528	0.11445	0.14027
312 G	0.74691	0.11601	0.13707
313 A	0.75089	0.11810	0.13101
314 A	0.75648	0.11581	0.12772
315 T	0.76449	0.11144	0.12408
316 G	0.76861	0.10789	0.1235
317 G	0.77798	0.09887	0.12315
318 T	0.79025	0.08725	0.1225
319 A	0.79482	0.08473	0.12045
320 C	0.80357	0.07476	0.12167
321 T	0.81900	0.05977	0.12123
322 T	0.82307	0.05673	0.12021
323 T	0.82031	0.06140	0.11828
324 A	0.78494	0.10327	0.11179
325 A	0.75999	0.12879	0.11123
326 A	0.72342	0.16566	0.11092
327 T	0.69058	0.19836	0.11106
328 A	0.65522	0.23345	0.11133
329 C	0.63903	0.24949	0.11149
330 A	0.63069	0.25819	0.11112
331 G	0.62729	0.26154	0.11116
332 C	0.62418	0.26456	0.11126
333 A	0.62365	0.26516	0.11119
334 T	0.62877	0.25998	0.11125
335 C	0.63178	0.25598	0.11224
336 C	0.63563	0.25186	0.11252
337 A	0.63707	0.25037	0.11257
338 C	0.64136	0.24580	0.11283
339 T	0.64245	0.24461	0.11294
340 C	0.64155	0.24552	0.11293
341 C	0.64185	0.24520	0.11295
342 T	0.64365	0.24330	0.11304
343 T	0.64265	0.24435	0.113
344 T	0.64011	0.24662	0.11327
345 A	0.63646	0.24998	0.11356
346 A	0.63544	0.24701	0.11755
347 T	0.63846	0.20329	0.15825
348 A	0.63659	0.17667	0.18674
349 T	0.63733	0.13492	0.22776
350 G	0.63600	0.10285	0.26115
351 T	0.63517	0.07757	0.28725
352 G	0.63322	0.06763	0.29916
353 G	0.63185	0.06234	0.30582
354 A	0.63092	0.06042	0.30866
355 A	0.63049	0.05580	0.31371
356 C	0.63047	0.05341	0.31613
357 T	0.63088	0.05426	0.31486
358 A	0.63048	0.05566	0.31386
359 T	0.63041	0.05554	0.31404
360 T	0.63011	0.05575	0.31413
361 G	0.62927	0.06125	0.30948
362 A	0.62905	0.06254	0.30842
363 T	0.62912	0.06151	0.30937
364 T	0.62863	0.06347	0.3079
365 T	0.62715	0.06767	0.30519
366 T	0.62148	0.08028	0.29824
367 T	0.60360	0.10772	0.28867
368 T	0.56443	0.17258	0.26299
369 A	0.42515	0.34646	0.22839
370 G	0.36226	0.42555	0.21219
371 G	0.30781	0.49255	0.19965
372 A	0.26068	0.56351	0.17581
373 G	0.21855	0.61932	0.16214
374 A	0.18186	0.68523	0.13291
375 A	0.16815	0.70927	0.12258
376 A	0.16493	0.71649	0.11858
377 A	0.16238	0.72207	0.11556
378 A	0.16189	0.72332	0.11479
379 T	0.16388	0.72182	0.1143
380 T	0.16312	0.72327	0.1136
381 G	0.15982	0.72779	0.11239
382 A	0.15705	0.73180	0.11114
383 A	0.15626	0.73378	0.10997
384 T	0.15726	0.73363	0.10911
385 A	0.14893	0.74543	0.10563
386 A	0.14610	0.74904	0.10486
387 A	0.14603	0.74864	0.10533
388 A	0.14830	0.74368	0.10802
389 A	0.15461	0.72550	0.11989
390 A	0.16523	0.69191	0.14286
391 A	0.19378	0.62133	0.18489
392 T	0.22887	0.45389	0.31723
393 A	0.23703	0.39354	0.36943
394 G	0.24474	0.33570	0.41956
395 A	0.26273	0.29452	0.44275
396 A	0.27301	0.26028	0.46671
397 T	0.29734	0.21026	0.49239
398 T	0.29638	0.20827	0.49534
399 A	0.28615	0.22709	0.48676
400 T	0.28467	0.23124	0.4841
401 A	0.27422	0.25730	0.46848
402 T	0.26646	0.26909	0.46445
403 G	0.23513	0.31707	0.44779
404 T	0.22668	0.34249	0.43083
405 G	0.21954	0.37223	0.40823
406 A	0.21760	0.43981	0.3426
407 A	0.21797	0.45110	0.33092
408 T	0.22116	0.44879	0.33005
409 A	0.22121	0.45233	0.32646
410 A	0.22292	0.45458	0.32249
411 T	0.22457	0.46175	0.31367
412 A	0.22426	0.48247	0.29327
413 A	0.22577	0.48650	0.28773
414 A	0.22894	0.48716	0.2839
415 T	0.23367	0.48092	0.28541
416 T	0.23659	0.47609	0.28732
417 A	0.23969	0.47347	0.28684
418 A	0.25230	0.46194	0.28576
419 A	0.26584	0.44522	0.28894
420 T	0.28101	0.42178	0.2972
421 T	0.29672	0.39038	0.3129
422 T	0.31030	0.36210	0.32759
423 G	0.31581	0.35364	0.33054
424 G	0.32995	0.33351	0.33654
425 A	0.34043	0.31802	0.34155
426 T	0.37646	0.25618	0.36737
427 T	0.40125	0.22414	0.37461
428 C	0.42398	0.20033	0.3757
429 T	0.46940	0.18361	0.34698
430 A	0.47200	0.23551	0.29248
431 T	0.47766	0.28015	0.24219
432 A	0.47706	0.28944	0.2335
433 A	0.48047	0.29393	0.2256
434 A	0.48970	0.29039	0.21991
435 T	0.51350	0.27199	0.21451
436 C	0.52077	0.26525	0.21399
437 A	0.52751	0.26079	0.2117
438 A	0.53141	0.25824	0.21035
439 T	0.53842	0.25167	0.20991
440 C	0.53040	0.26102	0.20859
441 T	0.50041	0.29485	0.20474
442 A	0.48756	0.30823	0.20421
443 A	0.47854	0.31781	0.20365
444 T	0.47429	0.32220	0.20351
445 T	0.46585	0.33072	0.20343
446 C	0.44362	0.35181	0.20457
447 A	0.42069	0.37485	0.20446
448 A	0.40943	0.38577	0.20479
449 A	0.39982	0.39507	0.20511
450 C	0.40412	0.38976	0.20613
451 A	0.41121	0.38196	0.20683
452 C	0.43992	0.34431	0.21578
453 G	0.48813	0.29026	0.22161
454 T	0.53591	0.24090	0.22319
455 C	0.54263	0.23217	0.22521
456 A	0.54838	0.22381	0.22782
457 C	0.55321	0.21532	0.23147
458 C	0.55784	0.20710	0.23506
459 T	0.55811	0.20660	0.23529
460 T	0.55667	0.20871	0.23462
461 T	0.55381	0.21128	0.23492
462 A	0.54530	0.22123	0.23348
463 A	0.54106	0.21474	0.2442
464 T	0.53416	0.17741	0.28844
465 A	0.50593	0.19464	0.29943
466 T	0.48468	0.22906	0.28626
467 T	0.46054	0.29793	0.24153
468 A	0.43645	0.33713	0.22642
469 A	0.41748	0.36505	0.21747
470 A	0.41045	0.36204	0.22751
471 A	0.40623	0.35818	0.23559
472 C	0.40234	0.35379	0.24387
473 T	0.39379	0.37211	0.2341
474 T	0.37826	0.39602	0.22572
475 A	0.36391	0.41778	0.21831
476 A	0.35749	0.42642	0.21609
477 A	0.35195	0.43304	0.215
478 A	0.34967	0.43287	0.21746
479 A	0.34811	0.43149	0.2204
480 T	0.34701	0.42919	0.2238
481 G	0.34371	0.43280	0.2235
482 A	0.34205	0.43393	0.22403
483 T	0.34191	0.43285	0.22524
484 A	0.33926	0.43792	0.22281
485 G	0.34053	0.42947	0.23
486 A	0.34450	0.41962	0.23589
487 A	0.35114	0.40088	0.24798
488 A	0.36209	0.35991	0.278
489 T	0.40228	0.29219	0.30553
490 C	0.44653	0.22195	0.33151
491 A	0.46847	0.18501	0.34651
492 T	0.49344	0.14543	0.36113
493 T	0.50586	0.12789	0.36625
494 T	0.51088	0.11946	0.36966
495 T	0.51528	0.11191	0.37281
496 T	0.51943	0.09826	0.38231
497 T	0.52110	0.08313	0.39577
498 T	0.52073	0.07453	0.40475
499 A	0.51730	0.07722	0.40549
500 T	0.51528	0.07737	0.40735
501 A	0.49010	0.10731	0.4026
502 A	0.47613	0.12780	0.39606
503 A	0.46969	0.13863	0.39167
504 T	0.47080	0.13929	0.38991
505 G	0.46450	0.15305	0.38245
506 A	0.46418	0.16001	0.3758
507 T	0.46803	0.16014	0.37183
508 T	0.46429	0.17468	0.36102
509 A	0.45210	0.20766	0.34023
510 T	0.44467	0.22437	0.33097
511 G	0.42957	0.26250	0.30793
512 A	0.42265	0.28464	0.2927
513 T	0.41912	0.29333	0.28755
514 G	0.41439	0.29972	0.28589
515 A	0.41172	0.30356	0.28472
516 T	0.41112	0.30427	0.28461
517 A	0.40946	0.30576	0.28478
518 C	0.40904	0.30500	0.28596
519 A	0.40990	0.30360	0.2865
520 G	0.41206	0.29972	0.28822
521 T	0.41496	0.29399	0.29104
522 A	0.41645	0.28933	0.29422
523 G	0.41811	0.28503	0.29685
524 G	0.42333	0.25501	0.32165
525 A	0.43080	0.23465	0.33455
526 G	0.43744	0.21964	0.34292
527 A	0.44433	0.20917	0.34649
528 T	0.45618	0.18916	0.35466
529 G	0.46333	0.17828	0.35838
530 G	0.47120	0.16754	0.36125
531 A	0.48446	0.14958	0.36596
532 T	0.50878	0.11353	0.37769
533 A	0.51801	0.09778	0.38421
534 T	0.54188	0.05951	0.39861
535 T	0.55345	0.04134	0.40521
536 G	0.55631	0.03453	0.40916
537 T	0.55800	0.02863	0.41337
538 T	0.55889	0.02531	0.41579
539 T	0.55906	0.02435	0.41658
540 T	0.55776	0.02442	0.41782
541 T	0.55516	0.02641	0.41842
542 T	0.55080	0.03049	0.4187
543 T	0.54473	0.03710	0.41816
544 A	0.53346	0.04830	0.41824
545 A	0.52999	0.05073	0.41929
546 T	0.52759	0.05208	0.42033
547 G	0.52353	0.05561	0.42086
548 C	0.52285	0.05607	0.42108
549 T	0.52382	0.05550	0.42069
550 A	0.52392	0.05672	0.41936
551 T	0.52450	0.05783	0.41766
552 T	0.52465	0.06001	0.41534
553 T	0.52399	0.06084	0.41516
554 T	0.52197	0.06262	0.41541
555 A	0.51809	0.06693	0.41498
556 T	0.51680	0.06829	0.41491
557 C	0.51360	0.07166	0.41474
558 T	0.50962	0.07805	0.41233
559 T	0.50082	0.09411	0.40507
560 T	0.48716	0.11269	0.40015
561 A	0.46305	0.14054	0.39641
562 T	0.45056	0.15477	0.39467
563 T	0.43617	0.16785	0.39598
564 A	0.40728	0.19523	0.39749
565 G	0.38547	0.21557	0.39896
566 A	0.36063	0.25470	0.38467
567 T	0.34873	0.28390	0.36737
568 A	0.30924	0.38536	0.3054
569 A	0.29034	0.42622	0.28344
570 A	0.27798	0.45718	0.26484
571 G	0.27255	0.47202	0.25544
572 A	0.26792	0.49219	0.23989
573 A	0.26572	0.50816	0.22613
574 A	0.26570	0.51587	0.21844
575 T	0.26756	0.51606	0.21638
576 A	0.26562	0.52041	0.21396
577 A	0.26483	0.52027	0.2149
578 A	0.26529	0.51612	0.21859
579 T	0.26649	0.51142	0.2221
580 A	0.26718	0.50595	0.22687
581 A	0.27084	0.49342	0.23574
582 T	0.27975	0.47000	0.25025
583 T	0.28417	0.44981	0.26602
584 T	0.28594	0.42929	0.28477
585 G	0.28343	0.42574	0.29084
586 A	0.28153	0.42139	0.29708
587 A	0.28320	0.40225	0.31455
588 A	0.28806	0.37957	0.33237
589 G	0.30945	0.33338	0.35718
590 A	0.34354	0.29269	0.36378
591 T	0.41258	0.19256	0.39487
592 A	0.43448	0.16563	0.39989
593 T	0.45434	0.13957	0.40609
594 A	0.46244	0.13222	0.40533
595 A	0.47626	0.11768	0.40606
596 T	0.49103	0.10454	0.40442
597 T	0.49977	0.10435	0.39588
598 T	0.50238	0.10697	0.39065
599 T	0.50337	0.11140	0.38522
600 T	0.48652	0.14838	0.3651
601 T	0.43247	0.21891	0.34862
602 C	0.38309	0.27881	0.33809
603 A	0.33713	0.34981	0.31305
604 G	0.32538	0.36875	0.30588
605 A	0.31917	0.37735	0.30348
606 T	0.31516	0.38210	0.30274
607 A	0.31234	0.38608	0.30158
608 T	0.31430	0.38210	0.30359
609 C	0.30887	0.38738	0.30376
610 G	0.30368	0.39530	0.30102
611 A	0.30212	0.39849	0.29939
612 A	0.30189	0.40048	0.29763
613 T	0.30602	0.39654	0.29744
614 C	0.30378	0.39920	0.29702
615 T	0.30596	0.39831	0.29573
616 A	0.28967	0.41830	0.29204
617 C	0.27814	0.43360	0.28826
618 A	0.26157	0.46496	0.27347
619 A	0.25815	0.47376	0.26809
620 A	0.26457	0.47037	0.26506
621 A	0.27403	0.46106	0.26491
622 A	0.28732	0.44593	0.26674
623 T	0.32251	0.37687	0.30061
624 T	0.34084	0.29656	0.3626
625 T	0.34610	0.25006	0.40384
626 T	0.34802	0.22280	0.42918
627 A	0.33071	0.25253	0.41675
628 A	0.31988	0.26564	0.41448
629 C	0.31236	0.26600	0.42163
630 A	0.30668	0.27563	0.41769
631 A	0.30535	0.27703	0.41763
632 A	0.30690	0.27314	0.41996
633 T	0.30952	0.26564	0.42484
634 G	0.30852	0.26805	0.42343
635 A	0.30798	0.27167	0.42035
636 A	0.30492	0.27806	0.41702
637 G	0.30385	0.29202	0.40413
638 A	0.30154	0.34628	0.35218
639 A	0.30474	0.35074	0.34452
640 A	0.30915	0.34111	0.34975
641 T	0.32311	0.31571	0.36118
642 T	0.32551	0.31264	0.36185
643 T	0.31816	0.32921	0.35263
644 T	0.31568	0.33583	0.34849
645 A	0.31002	0.34450	0.34548
646 G	0.30755	0.34808	0.34438
647 A	0.30809	0.34683	0.34509
648 A	0.30989	0.34246	0.34765
649 A	0.31646	0.32916	0.35438
650 T	0.34169	0.28602	0.37229
651 T	0.35037	0.26690	0.38273
652 T	0.35404	0.25626	0.38971
653 C	0.35709	0.24741	0.3955
654 T	0.35899	0.24395	0.39705
655 C	0.36065	0.24128	0.39806
656 A	0.36273	0.23896	0.39831
657 A	0.36818	0.23275	0.39907
658 A	0.38043	0.21941	0.40015
659 A	0.39248	0.20341	0.40411
660 G	0.41982	0.17322	0.40696
661 T	0.48553	0.10030	0.41417
662 T	0.51127	0.07069	0.41803
663 A	0.52124	0.05762	0.42115
664 T	0.53242	0.04129	0.42629
665 A	0.53998	0.02703	0.43299
666 A	0.55285	0.00000	0.44715
