# lcl|CP097583.1_cds_USQ93540.1_1
# AA	inside	membr	outside
1 A	0.32651	0.00000	0.67349
2 T	0.32391	0.00260	0.67349
3 G	0.32126	0.00525	0.67349
4 A	0.32126	0.38643	0.29231
5 A	0.28783	0.62704	0.08513
6 T	0.28783	0.63385	0.07831
7 A	0.08520	0.83887	0.07593
8 A	0.08519	0.83890	0.0759
9 A	0.07331	0.85087	0.07582
10 C	0.07330	0.85361	0.07309
11 A	0.07244	0.85479	0.07276
12 A	0.06365	0.86362	0.07273
13 C	0.05560	0.87176	0.07264
14 T	0.05560	0.87176	0.07264
15 T	0.05560	0.87315	0.07125
16 C	0.05431	0.87443	0.07125
17 A	0.05261	0.87620	0.07119
18 A	0.05255	0.87644	0.07101
19 A	0.05186	0.87725	0.07089
20 A	0.05043	0.87970	0.06987
21 A	0.04848	0.88164	0.06988
22 A	0.04997	0.87997	0.07005
23 G	0.05389	0.87510	0.07102
24 A	0.06793	0.86045	0.07162
25 A	0.08596	0.83470	0.07934
26 A	0.10566	0.80809	0.08625
27 T	0.46365	0.42694	0.10941
28 A	0.62732	0.23188	0.14079
29 T	0.63960	0.20526	0.15514
30 T	0.64417	0.04865	0.30719
31 A	0.64460	0.04581	0.30959
32 T	0.64501	0.03504	0.31994
33 T	0.64628	0.03377	0.31996
34 A	0.64615	0.03539	0.31846
35 T	0.64633	0.02851	0.32516
36 T	0.64609	0.02338	0.33052
37 T	0.64529	0.02367	0.33105
38 A	0.63581	0.03293	0.33126
39 T	0.61973	0.04880	0.33147
40 A	0.61141	0.05566	0.33294
41 C	0.61116	0.05546	0.33338
42 T	0.61075	0.05926	0.32998
43 A	0.61037	0.06069	0.32894
44 T	0.60991	0.06536	0.32473
45 T	0.60884	0.06691	0.32424
46 T	0.60549	0.07126	0.32325
47 T	0.59876	0.07848	0.32275
48 A	0.59525	0.08202	0.32273
49 T	0.59508	0.08231	0.32261
50 T	0.59499	0.08242	0.32259
51 T	0.59461	0.08282	0.32258
52 C	0.59404	0.08344	0.32251
53 T	0.59460	0.08328	0.32212
54 T	0.59502	0.08318	0.3218
55 A	0.59452	0.08445	0.32103
56 T	0.59583	0.08284	0.32134
57 T	0.59718	0.08124	0.32159
58 T	0.59591	0.08095	0.32314
59 T	0.59510	0.08014	0.32476
60 A	0.59331	0.08048	0.32621
61 A	0.59244	0.07242	0.33514
62 T	0.59400	0.05665	0.34935
63 T	0.59395	0.04926	0.35679
64 A	0.59490	0.04785	0.35725
65 G	0.59932	0.04193	0.35876
66 T	0.60199	0.03800	0.36
67 T	0.60544	0.03421	0.36035
68 T	0.60536	0.03395	0.36069
69 T	0.60495	0.03397	0.36107
70 T	0.60283	0.03627	0.3609
71 T	0.60081	0.04392	0.35526
72 G	0.59887	0.05656	0.34457
73 A	0.59722	0.07105	0.33173
74 T	0.59673	0.08250	0.32077
75 T	0.59464	0.10360	0.30175
76 T	0.59005	0.12295	0.28701
77 A	0.58492	0.14319	0.27189
78 T	0.58457	0.15095	0.26448
79 T	0.58381	0.16138	0.25481
80 A	0.58270	0.16551	0.2518
81 T	0.58233	0.16892	0.24875
82 T	0.58055	0.17777	0.24169
83 T	0.56515	0.19426	0.2406
84 C	0.44550	0.31536	0.23914
85 A	0.39900	0.36738	0.23362
86 A	0.37707	0.39236	0.23057
87 C	0.36241	0.40826	0.22933
88 A	0.35109	0.42518	0.22373
89 A	0.34528	0.43712	0.21759
90 G	0.34045	0.44622	0.21333
91 A	0.32725	0.46690	0.20585
92 A	0.31815	0.48546	0.19639
93 A	0.29084	0.52092	0.18824
94 G	0.27931	0.54051	0.18018
95 A	0.26539	0.58206	0.15255
96 A	0.26140	0.59041	0.14819
97 A	0.26787	0.58396	0.14817
98 T	0.28229	0.56678	0.15092
99 A	0.28106	0.56406	0.15488
100 C	0.27695	0.56435	0.1587
101 C	0.26578	0.57680	0.15742
102 A	0.25730	0.59308	0.14962
103 A	0.24812	0.60431	0.14758
104 A	0.25038	0.60163	0.14799
105 A	0.25769	0.59322	0.14909
106 T	0.26060	0.57519	0.16422
107 C	0.25997	0.45677	0.28325
108 C	0.26105	0.42628	0.31266
109 T	0.25680	0.42588	0.31732
110 C	0.24367	0.44230	0.31402
111 A	0.23568	0.46572	0.2986
112 A	0.23595	0.46981	0.29424
113 A	0.23727	0.46940	0.29333
114 A	0.24142	0.45485	0.30373
115 A	0.24907	0.44292	0.308
116 A	0.25815	0.42322	0.31863
117 A	0.26069	0.40126	0.33805
118 A	0.28515	0.33618	0.37866
119 G	0.29169	0.29939	0.40893
120 T	0.29706	0.29481	0.40813
121 T	0.29814	0.34324	0.35862
122 A	0.29649	0.35130	0.35221
123 T	0.28813	0.35700	0.35486
124 A	0.26353	0.37496	0.3615
125 A	0.26079	0.36958	0.36963
126 C	0.25758	0.36566	0.37677
127 A	0.25396	0.39759	0.34844
128 A	0.25189	0.42166	0.32644
129 T	0.25604	0.42701	0.31695
130 T	0.25546	0.43336	0.31118
131 T	0.25184	0.43904	0.30912
132 G	0.24585	0.43934	0.31482
133 T	0.24556	0.43100	0.32344
134 C	0.24201	0.42958	0.32841
135 A	0.23201	0.45290	0.31508
136 A	0.23045	0.45623	0.31331
137 A	0.23148	0.45720	0.31132
138 A	0.23822	0.45083	0.31095
139 A	0.26947	0.41927	0.31126
140 C	0.28865	0.38920	0.32215
141 T	0.30371	0.37235	0.32395
142 G	0.31039	0.36580	0.32381
143 T	0.32782	0.34921	0.32297
144 A	0.37575	0.30196	0.3223
145 A	0.39496	0.28208	0.32295
146 T	0.41259	0.25306	0.33435
147 T	0.42151	0.22426	0.35424
148 G	0.42445	0.21975	0.3558
149 A	0.42924	0.21990	0.35086
150 A	0.45678	0.19384	0.34939
151 T	0.47896	0.17305	0.34799
152 A	0.49032	0.16849	0.3412
153 T	0.50781	0.15241	0.33979
154 T	0.51235	0.14641	0.34124
155 T	0.50075	0.16377	0.33548
156 A	0.41347	0.25470	0.33182
157 A	0.37904	0.28498	0.33598
158 G	0.36198	0.29259	0.34543
159 A	0.33783	0.31469	0.34749
160 C	0.33362	0.31865	0.34773
161 A	0.32184	0.35395	0.32421
162 T	0.31641	0.37266	0.31093
163 T	0.30145	0.41085	0.28771
164 T	0.27544	0.45300	0.27156
165 A	0.23542	0.49752	0.26706
166 A	0.22515	0.50838	0.26647
167 A	0.22317	0.51081	0.26602
168 A	0.22333	0.50969	0.26698
169 C	0.22521	0.50679	0.268
170 C	0.22907	0.50258	0.26836
171 A	0.23190	0.49977	0.26833
172 C	0.23420	0.49753	0.26827
173 C	0.23258	0.49942	0.26799
174 A	0.23323	0.49918	0.26758
175 A	0.24193	0.49051	0.26755
176 T	0.24715	0.48436	0.26848
177 A	0.24665	0.48392	0.26943
178 G	0.25178	0.46419	0.28403
179 T	0.25513	0.37062	0.37424
180 A	0.25101	0.34087	0.40812
181 A	0.24654	0.31965	0.43381
182 G	0.25037	0.28616	0.46347
183 A	0.25753	0.26955	0.47292
184 T	0.28123	0.22006	0.49872
185 G	0.29408	0.19242	0.51349
186 T	0.31650	0.15389	0.52961
187 A	0.32522	0.12595	0.54883
188 C	0.32708	0.09121	0.58171
189 C	0.32583	0.08820	0.58598
190 G	0.32466	0.09680	0.57854
191 A	0.32395	0.11495	0.5611
192 T	0.32428	0.12788	0.54785
193 T	0.32411	0.17819	0.4977
194 A	0.32244	0.20058	0.47698
195 T	0.32058	0.20730	0.47212
196 T	0.31854	0.21990	0.46156
197 T	0.31647	0.23148	0.45205
198 A	0.31056	0.26130	0.42814
199 A	0.30822	0.27053	0.42125
200 T	0.30787	0.26648	0.42564
201 T	0.30325	0.26897	0.42778
202 A	0.28587	0.29043	0.4237
203 A	0.27502	0.30064	0.42434
204 C	0.26635	0.30953	0.42413
205 G	0.23286	0.36956	0.39759
206 G	0.21597	0.40704	0.37699
207 A	0.20813	0.43413	0.35774
208 G	0.20104	0.45398	0.34497
209 A	0.19691	0.47126	0.33183
210 A	0.19480	0.47614	0.32906
211 A	0.19625	0.47480	0.32894
212 G	0.20029	0.46977	0.32993
213 A	0.21068	0.45873	0.33059
214 G	0.23026	0.43736	0.33238
215 A	0.24919	0.41781	0.333
216 T	0.30171	0.36361	0.33469
217 A	0.32179	0.34112	0.3371
218 C	0.33690	0.32209	0.34102
219 T	0.35172	0.30561	0.34267
220 A	0.35070	0.30516	0.34414
221 T	0.35692	0.29525	0.34784
222 C	0.33542	0.31499	0.34958
223 A	0.31313	0.33939	0.34749
224 A	0.30266	0.34574	0.35159
225 G	0.30440	0.32903	0.36658
226 G	0.30474	0.32198	0.37328
227 A	0.31518	0.30701	0.37781
228 T	0.35022	0.23732	0.41246
229 T	0.37205	0.19920	0.42875
230 A	0.38345	0.18112	0.43543
231 T	0.39342	0.16455	0.44203
232 T	0.39944	0.15480	0.44576
233 T	0.39794	0.15416	0.4479
234 A	0.39317	0.15914	0.44769
235 T	0.39077	0.16189	0.44734
236 T	0.38106	0.17310	0.44583
237 A	0.36620	0.19262	0.44117
238 T	0.35680	0.20399	0.4392
239 A	0.34287	0.22090	0.43623
240 T	0.33410	0.22978	0.43613
241 A	0.31686	0.24791	0.43523
242 A	0.31240	0.25603	0.43156
243 A	0.30967	0.25193	0.4384
244 G	0.30285	0.24680	0.45035
245 A	0.29969	0.23030	0.47001
246 T	0.29851	0.21134	0.49015
247 G	0.29138	0.21137	0.49726
248 A	0.28533	0.21845	0.49622
249 T	0.28612	0.21795	0.49593
250 A	0.28209	0.23376	0.48415
251 T	0.27909	0.24537	0.47554
252 T	0.27435	0.26718	0.45847
253 A	0.25833	0.31209	0.42958
254 T	0.24866	0.33776	0.41358
255 G	0.23198	0.36602	0.40201
256 G	0.22163	0.38221	0.39616
257 A	0.21903	0.38102	0.39996
258 A	0.21699	0.37848	0.40453
259 T	0.21866	0.36183	0.41951
260 G	0.21807	0.34777	0.43417
261 C	0.21628	0.33911	0.44462
262 G	0.21543	0.33568	0.44889
263 A	0.21436	0.33771	0.44793
264 G	0.21388	0.33660	0.44952
265 A	0.21818	0.34452	0.4373
266 A	0.22025	0.35046	0.42929
267 T	0.22301	0.34427	0.43272
268 A	0.22199	0.35325	0.42475
269 A	0.22189	0.35341	0.4247
270 A	0.22414	0.34701	0.42885
271 G	0.22507	0.34206	0.43287
272 A	0.23062	0.33787	0.43151
273 A	0.24752	0.31855	0.43393
274 G	0.26403	0.29982	0.43615
275 A	0.28869	0.27167	0.43964
276 T	0.32467	0.22021	0.45512
277 T	0.34049	0.19651	0.463
278 T	0.34754	0.18019	0.47227
279 T	0.34885	0.18146	0.46968
280 A	0.34600	0.19038	0.46361
281 T	0.34483	0.19868	0.45649
282 A	0.33870	0.22588	0.43541
283 A	0.32960	0.25386	0.41654
284 T	0.32501	0.25651	0.41848
285 A	0.30977	0.27697	0.41325
286 A	0.30076	0.28992	0.40932
287 A	0.30358	0.28713	0.40929
288 C	0.31736	0.27172	0.41093
289 T	0.32760	0.26751	0.40488
290 A	0.33264	0.26895	0.39841
291 T	0.34482	0.25785	0.39734
292 A	0.34883	0.25612	0.39504
293 G	0.35296	0.25277	0.39427
294 T	0.35904	0.24365	0.39731
295 A	0.36452	0.23995	0.39554
296 A	0.37183	0.23163	0.39654
297 T	0.38244	0.21926	0.3983
298 T	0.38740	0.21251	0.40009
299 T	0.38932	0.20968	0.401
300 C	0.39098	0.20695	0.40208
301 A	0.39300	0.20663	0.40036
302 T	0.40240	0.19708	0.40052
303 A	0.40591	0.19493	0.39916
304 A	0.41243	0.18943	0.39814
305 G	0.43169	0.16781	0.40049
306 T	0.45190	0.13701	0.41109
307 A	0.44819	0.13491	0.41689
308 A	0.44198	0.12603	0.43198
309 T	0.44668	0.11228	0.44104
310 C	0.44515	0.11360	0.44125
311 G	0.43888	0.13409	0.42703
312 T	0.43958	0.15982	0.40061
313 T	0.43667	0.16586	0.39746
314 T	0.41582	0.18778	0.3964
315 A	0.40054	0.20474	0.39471
316 A	0.39001	0.21446	0.39553
317 C	0.38293	0.22039	0.39668
318 C	0.37818	0.22529	0.39654
319 T	0.37200	0.23338	0.39462
320 C	0.33478	0.27234	0.39287
321 A	0.30149	0.30676	0.39175
322 A	0.26137	0.34855	0.39007
323 A	0.23415	0.37685	0.38901
324 A	0.20480	0.40503	0.39017
325 C	0.17788	0.43220	0.38992
326 A	0.15989	0.44939	0.39072
327 A	0.14998	0.45764	0.39238
328 A	0.14594	0.46099	0.39306
329 A	0.14287	0.46288	0.39425
330 A	0.14231	0.45928	0.39841
331 G	0.14754	0.43542	0.41703
332 T	0.15546	0.42041	0.42412
333 A	0.15876	0.41023	0.43101
334 A	0.17145	0.38771	0.44084
335 T	0.19276	0.35410	0.45314
336 A	0.19394	0.34222	0.46384
337 C	0.19461	0.31677	0.48863
338 T	0.19320	0.30798	0.49882
339 T	0.18994	0.30464	0.50542
340 A	0.18609	0.30531	0.5086
341 A	0.18181	0.30424	0.51395
342 T	0.18133	0.29839	0.52028
343 A	0.17100	0.26987	0.55913
344 A	0.16913	0.23842	0.59244
345 A	0.16669	0.20058	0.63273
346 A	0.16577	0.17525	0.65899
347 A	0.16647	0.14286	0.69067
348 T	0.16911	0.10872	0.72217
349 T	0.17171	0.08491	0.74339
350 T	0.17243	0.07274	0.75483
351 T	0.17183	0.06753	0.76063
352 A	0.16804	0.06737	0.76459
353 C	0.16419	0.06828	0.76753
354 A	0.15653	0.07533	0.76814
355 C	0.15516	0.07573	0.7691
356 G	0.15504	0.07552	0.76945
357 T	0.15630	0.07425	0.76945
358 T	0.15684	0.07364	0.76953
359 T	0.15614	0.07311	0.77074
360 T	0.15418	0.07413	0.7717
361 G	0.14972	0.07182	0.77846
362 C	0.14892	0.06811	0.78297
363 T	0.14954	0.06483	0.78564
364 G	0.14930	0.06279	0.78792
365 A	0.14954	0.06066	0.7898
366 T	0.15079	0.04911	0.80011
367 T	0.15106	0.04681	0.80213
368 G	0.15029	0.04312	0.80659
369 C	0.15019	0.04042	0.80939
370 G	0.15000	0.04043	0.80956
371 G	0.15023	0.04047	0.80929
372 T	0.15036	0.04131	0.80832
373 T	0.15046	0.04557	0.80397
374 T	0.15027	0.05261	0.79712
375 A	0.14974	0.06097	0.78929
376 A	0.14862	0.06910	0.78229
377 T	0.14797	0.07151	0.78052
378 T	0.14723	0.08659	0.76619
379 G	0.14498	0.11870	0.73632
380 A	0.14407	0.22866	0.62727
381 A	0.14382	0.24111	0.61508
382 T	0.14377	0.24699	0.60923
383 A	0.14348	0.25593	0.60059
384 T	0.14369	0.25903	0.59728
385 C	0.14367	0.27133	0.585
386 A	0.14383	0.32953	0.52664
387 A	0.14378	0.37647	0.47975
388 T	0.14385	0.40998	0.44618
389 A	0.14377	0.41376	0.44247
390 T	0.14382	0.41560	0.44059
391 A	0.14367	0.41751	0.43882
392 A	0.14369	0.41767	0.43863
393 C	0.14407	0.41715	0.43878
394 A	0.14489	0.41787	0.43724
395 A	0.14646	0.41760	0.43594
396 A	0.15044	0.41532	0.43424
397 G	0.15637	0.41164	0.43199
398 A	0.16457	0.40682	0.42861
399 G	0.17379	0.39671	0.4295
400 G	0.18438	0.38542	0.4302
401 A	0.19886	0.37029	0.43085
402 A	0.22777	0.33955	0.43268
403 C	0.32844	0.23798	0.43358
404 C	0.34363	0.22281	0.43356
405 A	0.35227	0.21544	0.4323
406 G	0.36531	0.20269	0.432
407 A	0.37371	0.19460	0.43169
408 C	0.38315	0.18516	0.43169
409 A	0.42049	0.14779	0.43172
410 C	0.45847	0.10924	0.43229
411 T	0.47870	0.08924	0.43207
412 C	0.46140	0.10649	0.43211
413 C	0.43980	0.12826	0.43194
414 T	0.38093	0.18764	0.43144
415 A	0.24920	0.31978	0.43102
416 C	0.19952	0.36960	0.43089
417 A	0.15415	0.41508	0.43077
418 A	0.13461	0.43453	0.43085
419 A	0.12583	0.44262	0.43156
420 A	0.12180	0.44590	0.43231
421 C	0.12121	0.44551	0.43328
422 A	0.11892	0.44677	0.43431
423 T	0.11762	0.44700	0.43539
424 C	0.11589	0.44806	0.43605
425 C	0.11412	0.44966	0.43622
426 A	0.11197	0.45197	0.43605
427 A	0.11150	0.45222	0.43628
428 A	0.11222	0.45101	0.43677
429 T	0.11251	0.45017	0.43733
430 A	0.11220	0.44861	0.43919
431 A	0.11216	0.43932	0.44852
432 A	0.11181	0.41865	0.46954
433 A	0.11159	0.40238	0.48603
434 T	0.11202	0.37652	0.51145
435 T	0.11173	0.34687	0.54139
436 A	0.11136	0.32356	0.56508
437 T	0.11163	0.25577	0.6326
438 T	0.11132	0.14822	0.74046
439 A	0.11071	0.11051	0.77878
440 T	0.11054	0.07378	0.81567
441 T	0.11023	0.06055	0.82922
442 G	0.10908	0.05626	0.83466
443 T	0.10852	0.05701	0.83447
444 T	0.10769	0.06615	0.82616
445 A	0.10615	0.06980	0.82405
446 G	0.10543	0.07591	0.81866
447 A	0.10473	0.08920	0.80607
448 A	0.10439	0.09759	0.79802
449 C	0.10427	0.10845	0.78728
450 T	0.10439	0.13518	0.76044
451 A	0.10423	0.20005	0.69572
452 A	0.10415	0.28328	0.61256
453 A	0.10436	0.31742	0.57822
454 G	0.10483	0.34297	0.5522
455 A	0.10549	0.34697	0.54754
456 A	0.10669	0.34913	0.54418
457 A	0.10837	0.35099	0.54065
458 T	0.11289	0.34669	0.54042
459 C	0.11613	0.34387	0.54001
460 A	0.11902	0.34400	0.53698
461 T	0.12346	0.34042	0.53612
462 T	0.12603	0.33900	0.53497
463 T	0.12708	0.33930	0.53362
464 G	0.12804	0.34017	0.53179
465 G	0.12956	0.34076	0.52969
466 G	0.13242	0.34019	0.52739
467 A	0.13980	0.33640	0.52381
468 A	0.14382	0.33233	0.52386
469 A	0.15160	0.32477	0.52363
470 G	0.16598	0.31051	0.52351
471 A	0.17987	0.29643	0.52369
472 C	0.20033	0.27560	0.52407
473 A	0.22758	0.24838	0.52405
474 A	0.28850	0.18729	0.52422
475 C	0.36438	0.11126	0.52436
476 C	0.39932	0.07636	0.52433
477 A	0.42284	0.05321	0.52395
478 C	0.42796	0.04816	0.52389
479 A	0.43279	0.04358	0.52363
480 T	0.43862	0.03798	0.52341
481 T	0.43778	0.03923	0.523
482 C	0.43753	0.03949	0.52298
483 T	0.43913	0.03829	0.52258
484 A	0.43718	0.04048	0.52235
485 T	0.43809	0.03936	0.52255
486 C	0.43691	0.04039	0.5227
487 G	0.43392	0.04317	0.52291
488 T	0.43642	0.04022	0.52336
489 C	0.43760	0.03889	0.52351
490 A	0.43903	0.03742	0.52355
491 C	0.43983	0.03654	0.52363
492 A	0.44042	0.03586	0.52372
493 T	0.44062	0.03552	0.52386
494 C	0.43874	0.03733	0.52392
495 C	0.43624	0.03997	0.5238
496 G	0.43409	0.04280	0.52311
497 A	0.43319	0.04386	0.52295
498 A	0.43261	0.04450	0.52289
499 A	0.43232	0.04468	0.52299
500 A	0.43262	0.04350	0.52388
501 C	0.43288	0.03856	0.52857
502 G	0.43306	0.03619	0.53075
503 A	0.43322	0.03475	0.53203
504 C	0.43354	0.03032	0.53615
505 G	0.43324	0.02972	0.53703
506 T	0.43186	0.03060	0.53754
507 C	0.42710	0.03228	0.54062
508 G	0.42491	0.03613	0.53897
509 T	0.42362	0.03619	0.54019
510 C	0.42185	0.03434	0.54381
511 A	0.41999	0.03925	0.54075
512 T	0.41818	0.04271	0.5391
513 C	0.41611	0.05035	0.53355
514 G	0.41424	0.05716	0.5286
515 A	0.40933	0.06552	0.52516
516 A	0.40200	0.07567	0.52232
517 A	0.39831	0.07890	0.5228
518 C	0.39119	0.08454	0.52427
519 C	0.38680	0.08746	0.52574
520 G	0.38446	0.08956	0.52598
521 A	0.38290	0.09110	0.526
522 C	0.38219	0.09175	0.52606
523 C	0.38149	0.09269	0.52582
524 A	0.38077	0.09445	0.52478
525 A	0.38031	0.09522	0.52447
526 A	0.37999	0.09583	0.52418
527 A	0.37999	0.09605	0.52397
528 A	0.38039	0.09492	0.52469
529 G	0.38063	0.08979	0.52958
530 G	0.38163	0.08172	0.53665
531 T	0.38508	0.07538	0.53954
532 C	0.38579	0.07299	0.54122
533 A	0.38716	0.07135	0.54148
534 A	0.39035	0.06725	0.54241
535 C	0.39246	0.06333	0.54422
536 A	0.39785	0.05761	0.54454
537 A	0.40216	0.05305	0.54479
538 A	0.40609	0.04532	0.54859
539 T	0.40989	0.03517	0.55493
540 T	0.41049	0.03145	0.55806
541 T	0.40965	0.02480	0.56556
542 T	0.39711	0.03480	0.56809
543 T	0.38885	0.04649	0.56465
544 G	0.37943	0.06537	0.5552
545 A	0.37500	0.07239	0.55261
546 A	0.37295	0.07492	0.55213
547 T	0.37218	0.07573	0.55209
548 T	0.37040	0.07724	0.55235
549 C	0.36810	0.07925	0.55264
550 G	0.36354	0.08380	0.55266
551 A	0.36248	0.08488	0.55265
552 C	0.36182	0.08555	0.55264
553 C	0.36080	0.08674	0.55246
554 C	0.36006	0.08793	0.55201
555 A	0.35884	0.08971	0.55144
556 A	0.35715	0.09165	0.55121
557 A	0.35651	0.09237	0.55112
558 T	0.35615	0.09271	0.55114
559 C	0.35490	0.09382	0.55128
560 A	0.35482	0.09351	0.55168
561 A	0.35570	0.09245	0.55184
562 T	0.35778	0.08987	0.55235
563 A	0.35798	0.08890	0.55312
564 T	0.36027	0.08514	0.55459
565 G	0.36146	0.06626	0.57229
566 G	0.36559	0.05380	0.58062
567 C	0.37381	0.03718	0.58902
568 T	0.37671	0.03425	0.58903
569 T	0.37738	0.03263	0.58998
570 G	0.37740	0.03239	0.59021
571 T	0.37715	0.03315	0.58969
572 A	0.37201	0.04154	0.58645
573 C	0.36701	0.04480	0.58819
574 A	0.36494	0.06936	0.56569
575 A	0.36443	0.07674	0.55883
576 A	0.36435	0.08098	0.55466
577 A	0.36460	0.08190	0.5535
578 T	0.36513	0.08072	0.55415
579 T	0.36525	0.07933	0.55543
580 A	0.36522	0.08040	0.55437
581 A	0.36520	0.08382	0.55098
582 T	0.36523	0.08360	0.55116
583 G	0.36525	0.08314	0.55161
584 G	0.36521	0.08358	0.55121
585 T	0.36494	0.08383	0.55122
586 G	0.36416	0.08450	0.55135
587 A	0.36353	0.08735	0.54912
588 A	0.36358	0.08766	0.54876
589 C	0.36373	0.08786	0.54841
590 G	0.36396	0.09064	0.54539
591 T	0.36604	0.09069	0.54327
592 A	0.36646	0.09247	0.54107
593 A	0.36746	0.09233	0.54021
594 A	0.37024	0.08923	0.54053
595 T	0.37739	0.07668	0.54593
596 G	0.38263	0.06632	0.55105
597 T	0.40620	0.04061	0.55319
598 C	0.41106	0.03520	0.55374
599 T	0.41427	0.03196	0.55377
600 T	0.41510	0.03112	0.55378
601 C	0.41383	0.03249	0.55368
602 C	0.41383	0.03274	0.55343
603 A	0.41507	0.03233	0.55261
604 T	0.42025	0.02921	0.55054
605 T	0.42039	0.03337	0.54623
606 T	0.41737	0.03742	0.54521
607 A	0.40861	0.04703	0.54436
608 A	0.39963	0.05613	0.54424
609 A	0.39494	0.06205	0.54301
610 C	0.39547	0.06222	0.54231
611 A	0.39517	0.06444	0.54038
612 A	0.39618	0.06393	0.53989
613 T	0.39420	0.06669	0.53911
614 T	0.37796	0.08323	0.53881
615 T	0.34982	0.11152	0.53866
616 C	0.26437	0.19730	0.53834
617 A	0.24929	0.21266	0.53805
618 C	0.24366	0.21847	0.53787
619 A	0.23737	0.22541	0.53722
620 A	0.23642	0.22646	0.53712
621 A	0.23612	0.22675	0.53713
622 T	0.23652	0.22621	0.53727
623 A	0.23677	0.22580	0.53743
624 T	0.23736	0.22323	0.53941
625 C	0.23775	0.22162	0.54063
626 A	0.23836	0.22035	0.54129
627 A	0.23977	0.21804	0.54219
628 A	0.24354	0.21242	0.54405
629 T	0.24498	0.20770	0.54732
630 C	0.24597	0.20135	0.55268
631 G	0.24682	0.19272	0.56047
632 A	0.24866	0.18691	0.56443
633 T	0.25020	0.18266	0.56714
634 A	0.25168	0.17969	0.56863
635 A	0.25241	0.17718	0.57042
636 A	0.25355	0.16165	0.58479
637 T	0.25456	0.12756	0.61788
638 A	0.25501	0.09097	0.65402
639 A	0.25619	0.00000	0.74381
