# lcl|CP097583.1_cds_USQ93273.1_1
# AA	inside	membr	outside
1 G	0.12275	0.00000	0.87725
2 T	0.12208	0.00067	0.87725
3 G	0.12171	0.00105	0.87725
4 A	0.12171	0.00231	0.87599
5 A	0.12062	0.00425	0.87513
6 T	0.12062	0.00439	0.87498
7 A	0.11554	0.00961	0.87485
8 A	0.11554	0.00961	0.87485
9 T	0.11530	0.00995	0.87475
10 A	0.11530	0.01615	0.86855
11 A	0.11520	0.01644	0.86835
12 A	0.11437	0.01738	0.86826
13 G	0.11342	0.01853	0.86805
14 T	0.11342	0.01853	0.86805
15 T	0.11342	0.02292	0.86366
16 A	0.11321	0.02313	0.86366
17 A	0.11308	0.02330	0.86362
18 A	0.11307	0.02335	0.86358
19 T	0.11307	0.02337	0.86356
20 T	0.11298	0.02370	0.86332
21 T	0.11275	0.02386	0.86339
22 T	0.11309	0.02339	0.86352
23 T	0.11330	0.02295	0.86375
24 T	0.11326	0.02284	0.8639
25 T	0.11268	0.02213	0.86519
26 T	0.11078	0.02342	0.8658
27 C	0.10826	0.02477	0.86697
28 G	0.10580	0.02715	0.86705
29 A	0.10454	0.02857	0.86689
30 G	0.10392	0.02684	0.86924
31 G	0.10359	0.02761	0.8688
32 T	0.10377	0.02814	0.86808
33 T	0.10847	0.02398	0.86755
34 G	0.10763	0.02628	0.86609
35 T	0.10784	0.02636	0.86581
36 A	0.10770	0.02728	0.86502
37 A	0.10766	0.02738	0.86496
38 A	0.11116	0.02387	0.86497
39 T	0.11131	0.02347	0.86522
40 T	0.11138	0.02328	0.86534
41 C	0.11133	0.02329	0.86538
42 T	0.11127	0.02340	0.86533
43 T	0.11123	0.02344	0.86533
44 T	0.11077	0.02398	0.86524
45 T	0.11019	0.02468	0.86513
46 A	0.10977	0.02526	0.86497
47 A	0.10961	0.02499	0.8654
48 A	0.10957	0.02411	0.86631
49 G	0.10958	0.02194	0.86848
50 A	0.10964	0.01989	0.87047
51 T	0.11008	0.01730	0.87262
52 A	0.11025	0.01711	0.87264
53 A	0.11026	0.01777	0.87197
54 A	0.11099	0.01768	0.87133
55 T	0.11225	0.01708	0.87067
56 G	0.11305	0.01774	0.8692
57 T	0.11448	0.01836	0.86715
58 A	0.11502	0.02227	0.86271
59 T	0.11600	0.02321	0.86079
60 T	0.11605	0.02567	0.85829
61 A	0.11604	0.02752	0.85644
62 A	0.11606	0.02803	0.85591
63 T	0.11613	0.02782	0.85605
64 T	0.11611	0.02754	0.85635
65 T	0.11548	0.02781	0.85671
66 G	0.11410	0.02880	0.8571
67 C	0.11300	0.02949	0.85751
68 C	0.11252	0.02975	0.85773
69 A	0.11210	0.03016	0.85775
70 C	0.11203	0.03022	0.85775
71 G	0.11202	0.03046	0.85753
72 A	0.11216	0.03038	0.85746
73 A	0.11238	0.03025	0.85737
74 G	0.11272	0.02992	0.85736
75 A	0.11361	0.02899	0.8574
76 C	0.11530	0.02694	0.85776
77 A	0.11680	0.02541	0.85779
78 A	0.11880	0.02336	0.85784
79 A	0.12178	0.02032	0.85791
80 C	0.12550	0.01648	0.85802
81 T	0.13036	0.01157	0.85806
82 C	0.13200	0.00983	0.85817
83 T	0.13375	0.00805	0.8582
84 T	0.13453	0.00724	0.85824
85 T	0.13451	0.00726	0.85824
86 T	0.13386	0.00778	0.85837
87 T	0.13258	0.00892	0.85849
88 A	0.13161	0.00901	0.85938
89 G	0.13094	0.00805	0.86101
90 C	0.13059	0.00716	0.86225
91 G	0.13037	0.00704	0.86259
92 C	0.13030	0.00686	0.86284
93 A	0.13024	0.00701	0.86275
94 G	0.13040	0.00686	0.86274
95 G	0.13047	0.00683	0.8627
96 A	0.13057	0.00670	0.86274
97 T	0.13065	0.00658	0.86277
98 A	0.13069	0.00633	0.86298
99 T	0.13070	0.00613	0.86317
100 G	0.13071	0.00594	0.86334
101 A	0.13072	0.00587	0.86341
102 T	0.13073	0.00579	0.86348
103 T	0.13073	0.00578	0.86349
104 T	0.13072	0.00576	0.86352
105 T	0.13068	0.00574	0.86357
106 G	0.13058	0.00569	0.86373
107 A	0.13052	0.00557	0.86392
108 A	0.13048	0.00517	0.86436
109 T	0.13044	0.00412	0.86544
110 C	0.13035	0.00291	0.86674
111 T	0.13029	0.00237	0.86734
112 G	0.13022	0.00209	0.86769
113 C	0.13020	0.00195	0.86786
114 T	0.13020	0.00196	0.86784
115 G	0.13019	0.00196	0.86785
116 T	0.13025	0.00185	0.86789
117 G	0.12968	0.00251	0.86782
118 T	0.12946	0.00305	0.86749
119 C	0.12886	0.00424	0.8669
120 T	0.12837	0.00566	0.86597
121 A	0.12757	0.00742	0.86501
122 T	0.12716	0.00863	0.86421
123 T	0.12637	0.01062	0.86301
124 A	0.12557	0.01245	0.86199
125 T	0.12517	0.01322	0.86161
126 T	0.12438	0.01431	0.86131
127 A	0.12332	0.01558	0.86111
128 T	0.12220	0.01678	0.86102
129 A	0.12093	0.01799	0.86107
130 A	0.12024	0.01863	0.86113
131 A	0.11998	0.01882	0.86119
132 A	0.11989	0.01884	0.86127
133 C	0.11986	0.01875	0.86139
134 C	0.11987	0.01868	0.86145
135 T	0.11989	0.01865	0.86146
136 A	0.11987	0.01869	0.86144
137 A	0.11990	0.01868	0.86142
138 A	0.11990	0.01868	0.86142
139 G	0.11999	0.01851	0.8615
140 A	0.12025	0.01754	0.86221
141 A	0.12095	0.01644	0.86261
142 T	0.12203	0.01457	0.8634
143 T	0.12303	0.01289	0.86408
144 A	0.12370	0.01135	0.86495
145 G	0.12435	0.00985	0.86579
146 T	0.12546	0.00808	0.86646
147 T	0.12593	0.00763	0.86644
148 T	0.12603	0.00838	0.8656
149 T	0.12596	0.00953	0.8645
150 A	0.12566	0.00957	0.86477
151 G	0.12553	0.00881	0.86565
152 T	0.12544	0.00796	0.8666
153 T	0.12494	0.00793	0.86713
154 C	0.12432	0.00833	0.86735
155 C	0.12381	0.00882	0.86738
156 G	0.12314	0.00953	0.86733
157 A	0.12261	0.01012	0.86727
158 C	0.12229	0.01045	0.86726
159 A	0.12212	0.01068	0.8672
160 G	0.12209	0.01077	0.86713
161 G	0.12209	0.01081	0.8671
162 G	0.12209	0.01088	0.86703
163 A	0.12214	0.01101	0.86685
164 T	0.12220	0.01100	0.8668
165 A	0.12216	0.01124	0.8666
166 A	0.12218	0.01123	0.86659
167 A	0.12233	0.01099	0.86667
168 A	0.12266	0.01051	0.86683
169 G	0.12313	0.00981	0.86707
170 C	0.12403	0.00858	0.86739
171 T	0.12537	0.00714	0.86749
172 T	0.12664	0.00573	0.86762
173 G	0.12680	0.00539	0.8678
174 T	0.12688	0.00521	0.86791
175 T	0.12688	0.00516	0.86796
176 T	0.12687	0.00459	0.86854
177 T	0.12683	0.00411	0.86906
178 G	0.12675	0.00371	0.86955
179 A	0.12675	0.00320	0.87005
180 T	0.12680	0.00268	0.87051
181 T	0.12675	0.00248	0.87077
182 C	0.12670	0.00239	0.87091
183 T	0.12675	0.00239	0.87085
184 G	0.12674	0.00254	0.87072
185 A	0.12680	0.00271	0.87049
186 T	0.12696	0.00277	0.87027
187 A	0.12705	0.00309	0.86986
188 A	0.12721	0.00325	0.86954
189 A	0.12724	0.00330	0.86945
190 G	0.12729	0.00339	0.86931
191 T	0.12737	0.00345	0.86918
192 T	0.12741	0.00350	0.86909
193 T	0.12745	0.00366	0.8689
194 T	0.12747	0.00381	0.86872
195 A	0.12746	0.00394	0.8686
196 T	0.12749	0.00393	0.86858
197 G	0.12749	0.00398	0.86852
198 T	0.12752	0.00399	0.86849
199 A	0.12754	0.00408	0.86838
200 T	0.12763	0.00400	0.86837
201 T	0.12762	0.00394	0.86845
202 T	0.12759	0.00390	0.86851
203 A	0.12754	0.00392	0.86854
204 T	0.12745	0.00391	0.86865
205 C	0.12713	0.00414	0.86873
206 C	0.12672	0.00456	0.86872
207 T	0.12646	0.00498	0.86855
208 A	0.12521	0.00632	0.86847
209 G	0.12454	0.00707	0.8684
210 A	0.12422	0.00751	0.86827
211 T	0.12435	0.00738	0.86827
212 C	0.12411	0.00761	0.86829
213 T	0.12422	0.00757	0.8682
214 T	0.12417	0.00770	0.86813
215 C	0.12375	0.00822	0.86803
216 T	0.12363	0.00879	0.86757
217 T	0.12333	0.00917	0.8675
218 T	0.12291	0.00966	0.86744
219 A	0.12191	0.01076	0.86732
220 T	0.12138	0.01132	0.8673
221 C	0.12021	0.01248	0.86731
222 T	0.11976	0.01308	0.86716
223 T	0.11904	0.01407	0.8669
224 T	0.11778	0.01556	0.86666
225 A	0.11549	0.01819	0.86632
226 A	0.11333	0.02081	0.86587
227 A	0.11042	0.02375	0.86583
228 A	0.10115	0.03280	0.86605
229 A	0.09571	0.03790	0.8664
230 A	0.09245	0.04075	0.8668
231 A	0.09113	0.04079	0.86809
232 A	0.09056	0.04046	0.86897
233 G	0.09012	0.04008	0.86979
234 A	0.08987	0.03995	0.87017
235 T	0.08991	0.03948	0.8706
236 T	0.08971	0.03958	0.87071
237 A	0.08874	0.04053	0.87073
238 G	0.08816	0.04065	0.87119
239 T	0.08812	0.04031	0.87158
240 T	0.08685	0.04110	0.87205
241 A	0.08421	0.04318	0.87261
242 T	0.08263	0.04354	0.87383
243 G	0.07776	0.04731	0.87493
244 C	0.07370	0.04966	0.87663
245 C	0.07075	0.05205	0.8772
246 T	0.06698	0.05592	0.8771
247 A	0.06191	0.06129	0.8768
248 A	0.05923	0.06332	0.87744
249 T	0.05779	0.06396	0.87825
250 A	0.05499	0.06474	0.88027
251 G	0.05328	0.05621	0.89051
252 T	0.05241	0.05144	0.89615
253 G	0.05008	0.05095	0.89897
254 T	0.04832	0.05194	0.89974
255 A	0.04585	0.05422	0.89993
256 G	0.04422	0.05545	0.90033
257 G	0.04379	0.05561	0.9006
258 A	0.04364	0.05576	0.9006
259 A	0.04366	0.05548	0.90085
260 T	0.04387	0.05434	0.90179
261 T	0.04380	0.05363	0.90257
262 A	0.04338	0.05416	0.90245
263 T	0.04330	0.05261	0.90409
264 A	0.04312	0.05014	0.90675
265 G	0.04303	0.04809	0.90888
266 A	0.04301	0.04312	0.91387
267 T	0.04306	0.03903	0.91791
268 A	0.04300	0.03607	0.92093
269 G	0.04334	0.03105	0.92561
270 T	0.04391	0.02628	0.92982
271 G	0.04391	0.02384	0.93226
272 A	0.04407	0.02304	0.93289
273 T	0.04453	0.02057	0.93491
274 T	0.04476	0.02014	0.9351
275 A	0.04484	0.02317	0.93199
276 T	0.04533	0.02470	0.92997
277 T	0.04540	0.03235	0.92225
278 A	0.04494	0.04724	0.90782
279 T	0.04496	0.06131	0.89372
280 A	0.04410	0.08551	0.87039
281 A	0.04397	0.09507	0.86097
282 T	0.04426	0.10362	0.85212
283 A	0.04430	0.11251	0.84319
284 A	0.04412	0.11672	0.83916
285 T	0.04445	0.11799	0.83757
286 T	0.04400	0.12002	0.83597
287 T	0.04309	0.12255	0.83436
288 A	0.04065	0.12777	0.83158
289 A	0.03904	0.13075	0.83021
290 A	0.03832	0.13154	0.83015
291 A	0.03808	0.13173	0.83019
292 A	0.03805	0.13176	0.83019
293 A	0.03829	0.13147	0.83023
294 C	0.03882	0.13080	0.83038
295 G	0.03937	0.13027	0.83036
296 A	0.04004	0.12968	0.83028
297 A	0.04187	0.12782	0.8303
298 G	0.04693	0.12269	0.83039
299 G	0.05247	0.11708	0.83045
300 A	0.06366	0.10542	0.83091
301 C	0.08061	0.08762	0.83176
302 A	0.09732	0.07069	0.83198
303 T	0.12209	0.04506	0.83285
304 A	0.12998	0.03686	0.83316
305 T	0.13918	0.02744	0.83338
306 T	0.14692	0.01940	0.83368
307 T	0.15065	0.01466	0.83468
308 T	0.15199	0.01239	0.83562
309 T	0.15263	0.01086	0.83651
310 A	0.15290	0.00971	0.83739
311 T	0.15478	0.00579	0.83943
312 T	0.15461	0.00466	0.84073
313 C	0.15078	0.00785	0.84137
314 C	0.14495	0.01355	0.84149
315 T	0.14303	0.01562	0.84135
316 T	0.13938	0.01965	0.84097
317 T	0.13100	0.02855	0.84045
318 A	0.11665	0.04359	0.83976
319 T	0.10848	0.05208	0.83944
320 A	0.09778	0.06359	0.83863
321 T	0.08985	0.07212	0.83803
322 A	0.07871	0.08406	0.83723
323 A	0.07117	0.09185	0.83698
324 T	0.06790	0.09543	0.83667
325 T	0.06476	0.09862	0.83662
326 T	0.06269	0.10071	0.8366
327 A	0.06056	0.10285	0.83659
328 T	0.05956	0.10379	0.83665
329 C	0.05817	0.10512	0.8367
330 T	0.05665	0.10689	0.83646
331 A	0.04995	0.11413	0.83592
332 A	0.04751	0.11681	0.83568
333 T	0.04538	0.11906	0.83555
334 G	0.04282	0.12196	0.83523
335 A	0.04143	0.12222	0.83635
336 A	0.04054	0.11865	0.84081
337 G	0.04024	0.11159	0.84817
338 A	0.04029	0.10932	0.85039
339 A	0.04049	0.10520	0.85431
340 G	0.04097	0.09507	0.86396
341 T	0.04168	0.08052	0.8778
342 A	0.04166	0.07310	0.88525
343 A	0.04224	0.06527	0.89248
344 G	0.04271	0.05863	0.89866
345 T	0.04336	0.05037	0.90626
346 A	0.04344	0.04650	0.91006
347 T	0.04364	0.04516	0.91119
348 T	0.04353	0.05000	0.90647
349 G	0.04300	0.06551	0.89149
350 A	0.04252	0.09208	0.86541
351 A	0.04141	0.11680	0.84179
352 A	0.04095	0.12262	0.83643
353 A	0.04029	0.12431	0.8354
354 A	0.04003	0.11991	0.84007
355 A	0.03979	0.11875	0.84147
356 C	0.03989	0.11668	0.84343
357 T	0.04006	0.11671	0.84322
358 G	0.03963	0.11771	0.84267
359 A	0.03921	0.11970	0.8411
360 A	0.03866	0.12183	0.83951
361 A	0.03853	0.12409	0.83738
362 G	0.03856	0.12698	0.83446
363 A	0.03904	0.13655	0.82441
364 A	0.03982	0.13715	0.82303
365 T	0.04097	0.13629	0.82273
366 A	0.04131	0.13582	0.82286
367 G	0.04194	0.13494	0.82312
368 C	0.04345	0.13317	0.82338
369 A	0.04661	0.12996	0.82343
370 C	0.05161	0.12481	0.82358
371 A	0.06072	0.11570	0.82358
372 A	0.07652	0.09964	0.82384
373 G	0.10016	0.07568	0.82416
374 G	0.12267	0.05218	0.82516
375 T	0.13110	0.04334	0.82556
376 A	0.13420	0.03921	0.82659
377 T	0.13784	0.03447	0.82768
378 T	0.13916	0.03241	0.82842
379 T	0.13936	0.03210	0.82854
380 T	0.13923	0.03220	0.82857
381 A	0.13619	0.03553	0.82827
382 A	0.13389	0.03816	0.82795
383 A	0.13315	0.03851	0.82834
384 A	0.13415	0.03721	0.82864
385 G	0.13697	0.03404	0.82899
386 A	0.14699	0.02377	0.82924
387 T	0.14901	0.02135	0.82964
388 T	0.14970	0.02043	0.82987
389 T	0.14966	0.02026	0.83009
390 T	0.14951	0.02032	0.83017
391 T	0.14924	0.02053	0.83023
392 A	0.14834	0.02137	0.83029
393 T	0.14785	0.02177	0.83037
394 T	0.14708	0.02239	0.83052
395 T	0.14622	0.02320	0.83057
396 G	0.14351	0.02599	0.8305
397 A	0.14168	0.02815	0.83017
398 C	0.14112	0.02873	0.83015
399 T	0.14074	0.02941	0.82984
400 A	0.13991	0.03086	0.82923
401 A	0.13977	0.03099	0.82925
402 T	0.13988	0.03049	0.82963
403 G	0.13933	0.03068	0.82999
404 A	0.13940	0.02737	0.83323
405 T	0.13980	0.02370	0.83651
406 G	0.13940	0.02218	0.83841
407 A	0.13929	0.02152	0.83919
408 T	0.13957	0.02063	0.8398
409 T	0.13977	0.02041	0.83983
410 T	0.13969	0.02051	0.83979
411 A	0.13950	0.02082	0.83968
412 G	0.13937	0.02086	0.83977
413 T	0.13889	0.02202	0.83909
414 T	0.13722	0.02463	0.83816
415 G	0.13180	0.03162	0.83659
416 A	0.12954	0.03502	0.83544
417 A	0.12755	0.03751	0.83494
418 A	0.12624	0.04005	0.83372
419 G	0.12562	0.03976	0.83462
420 T	0.12582	0.03884	0.83533
421 A	0.12551	0.03963	0.83486
422 A	0.12554	0.03970	0.83476
423 T	0.12590	0.03898	0.83512
424 A	0.12572	0.03943	0.83484
425 A	0.12567	0.03977	0.83456
426 A	0.12576	0.03904	0.8352
427 A	0.12610	0.03820	0.8357
428 T	0.12646	0.03732	0.83621
429 T	0.12667	0.03655	0.83677
430 C	0.12651	0.03648	0.837
431 G	0.12635	0.03699	0.83666
432 T	0.12620	0.03782	0.83599
433 G	0.12519	0.04074	0.83407
434 A	0.12505	0.04190	0.83305
435 A	0.12451	0.04270	0.83279
436 G	0.12506	0.04145	0.8335
437 A	0.12641	0.03813	0.83546
438 T	0.12896	0.03026	0.84078
439 G	0.13018	0.02690	0.84292
440 G	0.13126	0.02410	0.84464
441 A	0.13329	0.02098	0.84573
442 T	0.13521	0.01815	0.84663
443 T	0.13602	0.01699	0.84698
444 T	0.13675	0.01585	0.8474
445 G	0.13701	0.01534	0.84765
446 G	0.13728	0.01479	0.84793
447 A	0.13773	0.01406	0.8482
448 A	0.13839	0.01318	0.84843
449 G	0.13871	0.01255	0.84874
450 T	0.13921	0.01181	0.84898
451 A	0.13947	0.01134	0.84918
452 C	0.13988	0.01045	0.84968
453 T	0.14036	0.00961	0.85003
454 A	0.14084	0.00889	0.85027
455 A	0.14160	0.00779	0.85062
456 T	0.14367	0.00471	0.85162
457 T	0.14469	0.00325	0.85207
458 G	0.14508	0.00148	0.85345
459 A	0.14567	0.00000	0.85433
