# lcl|CP097583.1_cds_USQ93521.1_1
# AA	inside	membr	outside
1 A	0.27001	0.00000	0.72999
2 T	0.26586	0.00415	0.72999
3 G	0.26394	0.00607	0.72999
4 G	0.26394	0.15024	0.58582
5 A	0.25595	0.29486	0.4492
6 A	0.25595	0.30564	0.43841
7 T	0.24818	0.31378	0.43804
8 T	0.24818	0.31378	0.43803
9 T	0.24398	0.31802	0.438
10 G	0.24396	0.31960	0.43644
11 C	0.24283	0.32091	0.43627
12 C	0.23349	0.33058	0.43593
13 A	0.22063	0.34494	0.43443
14 A	0.22063	0.34494	0.43443
15 A	0.22063	0.34927	0.4301
16 A	0.22054	0.34936	0.4301
17 C	0.22042	0.34949	0.43009
18 T	0.22041	0.34955	0.43003
19 A	0.22022	0.34978	0.43
20 A	0.21967	0.35070	0.42963
21 A	0.21936	0.35098	0.42966
22 G	0.22280	0.34744	0.42976
23 A	0.23554	0.33394	0.43052
24 G	0.27416	0.29442	0.43142
25 T	0.33828	0.22477	0.43695
26 T	0.35728	0.20373	0.43899
27 T	0.45561	0.10373	0.44066
28 T	0.50625	0.04836	0.44539
29 T	0.50988	0.04570	0.44442
30 T	0.50935	0.04172	0.44892
31 A	0.50576	0.04435	0.44989
32 T	0.50158	0.04262	0.45581
33 G	0.46662	0.07506	0.45833
34 C	0.44732	0.09461	0.45807
35 A	0.42041	0.11903	0.46056
36 T	0.39229	0.14173	0.46599
37 A	0.36671	0.16877	0.46452
38 T	0.35160	0.18450	0.46391
39 C	0.30689	0.23049	0.46262
40 T	0.29470	0.24410	0.46121
41 T	0.28895	0.25217	0.45887
42 G	0.27976	0.26537	0.45487
43 G	0.27079	0.27457	0.45464
44 T	0.26192	0.28535	0.45273
45 A	0.25063	0.29740	0.45198
46 A	0.23558	0.31272	0.4517
47 C	0.22618	0.32211	0.45171
48 G	0.21952	0.32905	0.45143
49 C	0.21710	0.33187	0.45102
50 A	0.21304	0.33785	0.44911
51 A	0.21219	0.33962	0.44819
52 G	0.21320	0.33894	0.44786
53 T	0.21300	0.33862	0.44838
54 A	0.20964	0.34088	0.44948
55 A	0.20731	0.33786	0.45483
56 A	0.20722	0.30335	0.48943
57 A	0.20891	0.27938	0.51171
58 A	0.21071	0.24691	0.54238
59 T	0.21391	0.20134	0.58475
60 G	0.21578	0.17390	0.61031
61 T	0.21705	0.15072	0.63224
62 T	0.21786	0.11537	0.66677
63 C	0.21656	0.10548	0.67796
64 G	0.21145	0.11296	0.67559
65 A	0.21098	0.11629	0.67273
66 G	0.20845	0.11685	0.67469
67 G	0.20764	0.11982	0.67254
68 T	0.20652	0.12689	0.66659
69 T	0.20420	0.13480	0.661
70 A	0.19948	0.18389	0.61663
71 A	0.19364	0.23170	0.57466
72 A	0.19199	0.27164	0.53636
73 A	0.19199	0.31096	0.49706
74 T	0.19009	0.32189	0.48803
75 A	0.18511	0.34094	0.47395
76 A	0.18026	0.36155	0.4582
77 A	0.17466	0.36645	0.45889
78 C	0.17158	0.36872	0.45969
79 G	0.16843	0.37520	0.45637
80 G	0.16777	0.37929	0.45295
81 C	0.16802	0.38494	0.44704
82 A	0.16816	0.40049	0.43136
83 A	0.16922	0.40603	0.42475
84 T	0.17197	0.40577	0.42227
85 A	0.17321	0.40800	0.41879
86 A	0.17499	0.40663	0.41839
87 T	0.18204	0.39286	0.4251
88 A	0.18592	0.38525	0.42882
89 A	0.18999	0.37752	0.43248
90 A	0.19874	0.36579	0.43546
91 C	0.20948	0.35266	0.43786
92 A	0.22279	0.34004	0.43716
93 A	0.25942	0.30272	0.43786
94 G	0.29419	0.26474	0.44107
95 A	0.32561	0.23487	0.43952
96 A	0.36016	0.20469	0.43515
97 G	0.37132	0.19539	0.43329
98 A	0.38713	0.17878	0.43409
99 A	0.40691	0.15573	0.43736
100 G	0.41898	0.13754	0.44349
101 T	0.43471	0.11871	0.44658
102 T	0.44416	0.10717	0.44868
103 A	0.44823	0.10199	0.44977
104 C	0.45470	0.09452	0.45078
105 T	0.46836	0.08073	0.45091
106 T	0.47261	0.07636	0.45103
107 C	0.47424	0.07465	0.45111
108 T	0.47662	0.07231	0.45107
109 T	0.47738	0.07173	0.4509
110 C	0.47701	0.07224	0.45075
111 A	0.47546	0.07523	0.44931
112 A	0.47485	0.07746	0.44769
113 A	0.47486	0.07731	0.44783
114 T	0.47466	0.07678	0.44855
115 A	0.47130	0.07969	0.44901
116 T	0.47366	0.07131	0.45503
117 G	0.47397	0.06661	0.45942
118 A	0.47647	0.06049	0.46304
119 A	0.48155	0.05164	0.46681
120 T	0.48900	0.04048	0.47052
121 T	0.49291	0.03543	0.47166
122 T	0.49423	0.03342	0.47234
123 T	0.49390	0.03271	0.4734
124 A	0.49297	0.03323	0.4738
125 T	0.49269	0.03283	0.47448
126 T	0.49237	0.03276	0.47487
127 C	0.49165	0.03301	0.47535
128 C	0.49046	0.03444	0.4751
129 T	0.48964	0.03605	0.47431
130 T	0.48764	0.03914	0.47323
131 C	0.47323	0.05543	0.47133
132 A	0.46602	0.06821	0.46576
133 A	0.46442	0.07362	0.46196
134 A	0.46488	0.07388	0.46124
135 T	0.46609	0.07241	0.46149
136 T	0.46579	0.07250	0.46171
137 A	0.46459	0.07143	0.46398
138 T	0.46179	0.06877	0.46944
139 G	0.45947	0.07084	0.46969
140 G	0.45822	0.07217	0.46961
141 A	0.45763	0.07368	0.4687
142 A	0.45751	0.07513	0.46736
143 T	0.45815	0.07428	0.46757
144 A	0.45857	0.07347	0.46796
145 G	0.45912	0.07214	0.46875
146 G	0.45943	0.07118	0.4694
147 A	0.45963	0.07000	0.47037
148 C	0.46000	0.06868	0.47132
149 A	0.46067	0.06759	0.47174
150 A	0.46164	0.06578	0.47258
151 T	0.46311	0.06265	0.47424
152 T	0.46432	0.06024	0.47544
153 A	0.46519	0.05780	0.47701
154 G	0.46716	0.04083	0.492
155 C	0.47236	0.02808	0.49955
156 T	0.47644	0.02234	0.50122
157 T	0.47884	0.01894	0.50222
158 T	0.48002	0.01707	0.50291
159 T	0.48066	0.01558	0.50376
160 G	0.48108	0.01413	0.50479
161 C	0.48180	0.00976	0.50845
162 T	0.48319	0.00634	0.51047
163 T	0.48430	0.00404	0.51166
164 A	0.48532	0.00235	0.51234
165 A	0.48690	0.00000	0.51311
