# lcl|CP097583.1_cds_USQ93188.1_1
# AA	inside	membr	outside
1 A	0.87117	0.00000	0.12883
2 T	0.87074	0.00042	0.12883
3 G	0.87026	0.00090	0.12883
4 T	0.87026	0.00166	0.12807
5 C	0.86558	0.00768	0.12673
6 T	0.86558	0.00844	0.12598
7 C	0.81260	0.06218	0.12522
8 G	0.81260	0.06228	0.12511
9 T	0.80466	0.07275	0.12259
10 T	0.80463	0.09964	0.09574
11 A	0.79829	0.10766	0.09404
12 T	0.74608	0.16030	0.09362
13 A	0.64802	0.26091	0.09106
14 C	0.64801	0.26092	0.09106
15 A	0.64801	0.26923	0.08276
16 A	0.64756	0.26967	0.08276
17 A	0.64712	0.27014	0.08274
18 T	0.64710	0.27019	0.08271
19 C	0.64629	0.27104	0.08267
20 C	0.64025	0.27840	0.08135
21 A	0.63697	0.28170	0.08134
22 A	0.63685	0.28210	0.08105
23 G	0.63669	0.28236	0.08096
24 T	0.63679	0.28256	0.08065
25 T	0.63648	0.28173	0.08179
26 G	0.63092	0.28712	0.08196
27 G	0.62741	0.28844	0.08415
28 A	0.62540	0.29352	0.08109
29 A	0.62490	0.29491	0.08018
30 A	0.62772	0.25202	0.12026
31 A	0.63006	0.24097	0.12897
32 T	0.63485	0.20922	0.15594
33 T	0.65497	0.15287	0.19217
34 T	0.65565	0.13802	0.20634
35 C	0.65545	0.10029	0.24425
36 A	0.65508	0.06459	0.28033
37 C	0.65430	0.06407	0.28163
38 G	0.65965	0.05854	0.28182
39 T	0.65948	0.05837	0.28215
40 C	0.65928	0.05842	0.2823
41 G	0.65902	0.05910	0.28189
42 T	0.65705	0.06197	0.28098
43 C	0.65637	0.05833	0.2853
44 T	0.65414	0.07158	0.27428
45 T	0.65187	0.08489	0.26325
46 G	0.65010	0.09663	0.25327
47 A	0.64961	0.11397	0.23643
48 A	0.64950	0.12359	0.22692
49 T	0.65187	0.11965	0.22848
50 A	0.65229	0.11979	0.22791
51 T	0.65794	0.11151	0.23056
52 T	0.65755	0.11280	0.22965
53 C	0.65294	0.11974	0.22732
54 T	0.65140	0.12974	0.21886
55 T	0.64920	0.13294	0.21786
56 T	0.64519	0.13775	0.21706
57 A	0.63247	0.15158	0.21596
58 T	0.62334	0.16091	0.21574
59 C	0.60245	0.18086	0.21669
60 T	0.58034	0.20872	0.21094
61 G	0.55140	0.23925	0.20935
62 A	0.53128	0.26226	0.20646
63 A	0.51355	0.28323	0.20322
64 A	0.49972	0.30009	0.20019
65 C	0.49049	0.30798	0.20153
66 A	0.43996	0.37196	0.18808
67 G	0.38711	0.43830	0.17459
68 G	0.35476	0.48897	0.15627
69 A	0.32230	0.55318	0.12452
70 A	0.30040	0.61281	0.08679
71 A	0.28258	0.64100	0.07642
72 A	0.26044	0.67019	0.06937
73 G	0.25234	0.68509	0.06257
74 A	0.24530	0.70351	0.05119
75 A	0.24400	0.70670	0.0493
76 T	0.24610	0.70216	0.05174
77 T	0.24501	0.70533	0.04967
78 A	0.23001	0.72340	0.04659
79 G	0.21951	0.72847	0.05202
80 T	0.21420	0.72388	0.06192
81 A	0.19868	0.73159	0.06973
82 A	0.18327	0.73315	0.08359
83 C	0.17735	0.72308	0.09956
84 G	0.17152	0.72129	0.10719
85 A	0.16752	0.72680	0.10569
86 A	0.16934	0.71875	0.11191
87 A	0.17232	0.71000	0.11767
88 A	0.17657	0.70021	0.12322
89 A	0.19391	0.62351	0.18258
90 T	0.21453	0.52480	0.26067
91 A	0.23398	0.45858	0.30745
92 A	0.26772	0.37767	0.35461
93 T	0.30526	0.30152	0.39322
94 A	0.31500	0.26268	0.42231
95 G	0.32189	0.21968	0.45844
96 T	0.33306	0.19350	0.47344
97 T	0.34469	0.17695	0.47836
98 T	0.34579	0.19238	0.46183
99 A	0.33668	0.24311	0.42022
100 A	0.32927	0.28238	0.38836
101 T	0.32471	0.28639	0.38891
102 T	0.30129	0.32069	0.37802
103 A	0.24351	0.42914	0.32734
104 A	0.18278	0.53884	0.27838
105 A	0.14989	0.60976	0.24035
106 A	0.12374	0.69430	0.18196
107 A	0.11250	0.73374	0.15376
108 T	0.10939	0.77010	0.12051
109 A	0.07306	0.86303	0.06391
110 G	0.05481	0.89750	0.04769
111 A	0.03996	0.92951	0.03053
112 A	0.03040	0.94829	0.02131
113 A	0.02550	0.95701	0.01749
114 A	0.02000	0.96532	0.01468
115 A	0.01863	0.96888	0.01249
116 A	0.01831	0.96995	0.01173
117 A	0.01910	0.96947	0.01144
118 A	0.01998	0.96809	0.01192
119 A	0.02249	0.96436	0.01316
120 A	0.03005	0.95395	0.016
121 G	0.05091	0.92708	0.02201
122 A	0.09610	0.86984	0.03406
123 T	0.14957	0.80196	0.04847
124 A	0.16591	0.77578	0.05831
125 A	0.18451	0.73349	0.082
126 A	0.22528	0.64249	0.13224
127 G	0.27881	0.52275	0.19844
128 G	0.33154	0.43480	0.23366
129 T	0.41902	0.31757	0.26341
130 A	0.45781	0.26749	0.2747
131 A	0.50906	0.20388	0.28706
132 T	0.56840	0.10915	0.32245
133 T	0.57874	0.08138	0.33988
134 T	0.58391	0.06506	0.35103
135 T	0.58568	0.06708	0.34723
136 A	0.58363	0.08828	0.32809
137 G	0.58196	0.10378	0.31426
138 T	0.57836	0.11092	0.31071
139 A	0.56681	0.13502	0.29817
140 T	0.51904	0.20429	0.27667
141 T	0.45401	0.32713	0.21886
142 C	0.37354	0.44380	0.18266
143 A	0.26415	0.60542	0.13043
144 A	0.23719	0.66470	0.0981
145 T	0.22345	0.70591	0.07064
146 T	0.19647	0.75801	0.04552
147 A	0.15698	0.81054	0.03248
148 A	0.12996	0.84265	0.02739
149 A	0.09370	0.88072	0.02558
150 A	0.08071	0.89527	0.02403
151 G	0.07380	0.90324	0.02296
152 A	0.07189	0.90663	0.02147
153 A	0.07329	0.90508	0.02163
154 A	0.07440	0.90364	0.02196
155 A	0.07662	0.90050	0.02288
156 A	0.08050	0.89452	0.02498
157 C	0.08650	0.88542	0.02808
158 A	0.09523	0.87514	0.02964
159 A	0.11283	0.85496	0.03221
160 A	0.12943	0.83487	0.03571
161 A	0.13939	0.81773	0.04288
162 A	0.15904	0.78648	0.05448
163 G	0.19171	0.68537	0.12293
164 T	0.26805	0.53391	0.19804
165 T	0.31404	0.39985	0.2861
166 C	0.35928	0.23381	0.40691
167 G	0.38566	0.18551	0.42883
168 T	0.41066	0.14986	0.43947
169 T	0.42435	0.12539	0.45025
170 T	0.43030	0.09832	0.47138
171 T	0.43260	0.07904	0.48836
172 G	0.43311	0.04333	0.52356
173 T	0.43450	0.03400	0.53149
174 C	0.43455	0.03139	0.53406
175 T	0.43447	0.03802	0.52751
176 A	0.43139	0.04929	0.51932
177 T	0.42999	0.06683	0.50318
178 G	0.42639	0.10223	0.47138
179 G	0.42368	0.17414	0.40218
180 T	0.42201	0.29870	0.27929
181 A	0.41314	0.34458	0.24228
182 T	0.40524	0.39519	0.19956
183 T	0.38490	0.44339	0.17171
184 T	0.34129	0.51358	0.14513
185 C	0.28450	0.59472	0.12077
186 A	0.23850	0.68260	0.07889
187 G	0.21623	0.71984	0.06393
188 A	0.20425	0.74094	0.05481
189 A	0.19755	0.74825	0.0542
190 A	0.19240	0.75374	0.05386
191 A	0.19124	0.75499	0.05377
192 A	0.19259	0.75358	0.05384
193 C	0.19332	0.75241	0.05427
194 A	0.19408	0.75143	0.05448
195 A	0.19760	0.74735	0.05506
196 T	0.20504	0.73933	0.05562
197 T	0.20988	0.73358	0.05654
198 C	0.21470	0.72774	0.05756
199 A	0.22177	0.71853	0.0597
200 A	0.23715	0.70186	0.06099
201 A	0.26481	0.67138	0.0638
202 A	0.32935	0.60415	0.0665
203 G	0.44701	0.48325	0.06974
204 A	0.50673	0.40448	0.08879
205 T	0.58048	0.30904	0.11048
206 T	0.62330	0.23826	0.13843
207 T	0.64849	0.17133	0.18018
208 T	0.66434	0.10928	0.22637
209 T	0.67704	0.06050	0.26246
210 T	0.67906	0.04598	0.27497
211 T	0.67615	0.04883	0.27502
212 A	0.67020	0.06055	0.26925
213 T	0.66711	0.07075	0.26213
214 A	0.66286	0.07573	0.26141
215 A	0.66109	0.07742	0.26149
216 T	0.66078	0.07763	0.26159
217 T	0.65999	0.07766	0.26235
218 C	0.65911	0.07832	0.26257
219 T	0.65783	0.08151	0.26066
220 G	0.65550	0.08899	0.25552
221 C	0.64927	0.10049	0.25023
222 T	0.64368	0.12511	0.23122
223 A	0.63169	0.16898	0.19933
224 A	0.62211	0.19964	0.17825
225 A	0.61342	0.23012	0.15647
226 T	0.60691	0.27142	0.12166
227 T	0.59688	0.30571	0.09741
228 A	0.58734	0.32895	0.08371
229 A	0.58080	0.34383	0.07538
230 A	0.57852	0.34857	0.07291
231 A	0.57768	0.34891	0.07341
232 G	0.57887	0.34436	0.07677
233 G	0.58285	0.33708	0.08006
234 G	0.59112	0.32334	0.08553
235 G	0.60094	0.30815	0.09092
236 C	0.61186	0.29388	0.09426
237 T	0.61506	0.28887	0.09606
238 C	0.61614	0.28697	0.09689
239 A	0.61710	0.28618	0.09672
240 T	0.61825	0.28463	0.09711
241 G	0.61911	0.28340	0.09749
242 G	0.62217	0.27895	0.09888
243 T	0.63045	0.26945	0.1001
244 G	0.63647	0.25777	0.10576
245 A	0.65309	0.23750	0.10941
246 A	0.68096	0.20014	0.1189
247 A	0.70178	0.17052	0.12771
248 A	0.72659	0.13682	0.13658
249 T	0.77183	0.08301	0.14516
250 T	0.79519	0.04970	0.15511
251 T	0.80489	0.03439	0.16072
252 T	0.80858	0.02744	0.16397
253 T	0.80926	0.02723	0.1635
254 T	0.80607	0.03195	0.16198
255 A	0.79921	0.04307	0.15771
256 A	0.79371	0.04929	0.15699
257 T	0.78967	0.05355	0.15678
258 T	0.78099	0.06380	0.15521
259 T	0.76007	0.08810	0.15183
260 C	0.72204	0.12938	0.14858
261 A	0.67119	0.18830	0.1405
262 T	0.64578	0.21846	0.13576
263 T	0.61610	0.25201	0.13188
264 A	0.57829	0.29596	0.12574
265 G	0.55990	0.31495	0.12515
266 A	0.54922	0.32576	0.12502
267 A	0.54552	0.32885	0.12562
268 T	0.54414	0.32952	0.12634
269 C	0.53964	0.33363	0.12673
270 A	0.53985	0.33343	0.12672
271 C	0.54104	0.33227	0.1267
272 G	0.54216	0.33134	0.12651
273 T	0.54496	0.32864	0.1264
274 T	0.54705	0.32666	0.1263
275 T	0.54777	0.32582	0.12641
276 A	0.54601	0.32759	0.12639
277 G	0.54534	0.32452	0.13015
278 A	0.54785	0.31541	0.13674
279 T	0.54866	0.30724	0.1441
280 A	0.54831	0.30131	0.15038
281 A	0.55115	0.28665	0.16221
282 T	0.55686	0.25451	0.18863
283 A	0.56042	0.21188	0.22769
284 T	0.56777	0.14830	0.28393
285 T	0.57145	0.11455	0.31401
286 G	0.57374	0.08712	0.33914
287 T	0.57835	0.05523	0.36642
288 T	0.57853	0.04203	0.37944
289 T	0.57843	0.03457	0.38701
290 A	0.57790	0.03251	0.3896
291 T	0.57764	0.03049	0.39188
292 C	0.57731	0.02772	0.39498
293 G	0.57686	0.03725	0.38588
294 T	0.57616	0.05192	0.37192
295 T	0.57570	0.07367	0.35063
296 T	0.57476	0.11991	0.30533
297 A	0.57353	0.17326	0.25321
298 A	0.57314	0.22417	0.20269
299 A	0.57306	0.25164	0.1753
300 T	0.57331	0.26432	0.16237
301 T	0.57329	0.26676	0.15994
302 T	0.57170	0.27007	0.15823
303 A	0.56602	0.27971	0.15428
304 G	0.55897	0.29016	0.15086
305 C	0.55288	0.30543	0.1417
306 T	0.54701	0.34188	0.11111
307 A	0.53483	0.36568	0.09949
308 A	0.52614	0.38659	0.08726
309 A	0.52036	0.39754	0.08209
310 A	0.51509	0.40532	0.07959
311 C	0.50535	0.41756	0.07709
312 A	0.48928	0.44326	0.06747
313 A	0.48512	0.44759	0.06729
314 G	0.48341	0.44939	0.06719
315 A	0.48430	0.44821	0.06749
316 G	0.49505	0.43686	0.06809
317 C	0.51414	0.41616	0.0697
318 A	0.53743	0.39261	0.06996
319 C	0.58042	0.34896	0.07063
320 A	0.62214	0.30759	0.07028
321 A	0.66532	0.26468	0.07
322 T	0.69376	0.23655	0.06969
323 C	0.70272	0.22723	0.07005
324 T	0.70458	0.22522	0.0702
325 A	0.69783	0.23128	0.07089
326 A	0.69694	0.22787	0.07519
327 A	0.69663	0.22198	0.08138
328 C	0.70660	0.20580	0.0876
329 A	0.73103	0.17531	0.09366
330 A	0.74453	0.15056	0.10492
331 T	0.75988	0.12719	0.11293
332 T	0.76477	0.11731	0.11791
333 G	0.76574	0.11205	0.12221
334 A	0.76918	0.09721	0.1336
335 T	0.77803	0.06934	0.15262
336 T	0.77838	0.06229	0.15932
337 T	0.77762	0.05905	0.16333
338 C	0.77603	0.05682	0.16714
339 A	0.77423	0.05809	0.16768
340 C	0.77317	0.05770	0.16913
341 A	0.77272	0.05823	0.16905
342 T	0.77305	0.05756	0.1694
343 G	0.77346	0.05686	0.16968
344 G	0.77390	0.05549	0.1706
345 T	0.77421	0.05371	0.17207
346 C	0.77385	0.04850	0.17765
347 A	0.77062	0.05531	0.17407
348 T	0.77008	0.05527	0.17465
349 A	0.76609	0.06239	0.17152
350 T	0.76359	0.06539	0.17101
351 T	0.75898	0.07535	0.16568
352 T	0.75006	0.08992	0.16002
353 T	0.73365	0.11275	0.15359
354 A	0.64320	0.22698	0.12982
355 G	0.59270	0.28793	0.11938
356 T	0.57834	0.30791	0.11376
357 A	0.55562	0.33943	0.10495
358 G	0.54430	0.35167	0.10402
359 A	0.53974	0.35672	0.10353
360 T	0.53812	0.35734	0.10454
361 T	0.53677	0.35743	0.10581
362 C	0.53491	0.35815	0.10694
363 T	0.53381	0.35907	0.10712
364 C	0.53205	0.36096	0.10699
365 A	0.53095	0.36266	0.10639
366 A	0.52954	0.36420	0.10626
367 A	0.52943	0.36442	0.10615
368 A	0.52985	0.36370	0.10644
369 A	0.53201	0.36094	0.10704
370 G	0.53873	0.34959	0.11168
371 T	0.54717	0.33696	0.11586
372 A	0.55272	0.32342	0.12386
373 G	0.55868	0.30963	0.13169
374 A	0.56749	0.29259	0.13993
375 T	0.58027	0.26406	0.15568
376 A	0.58779	0.23651	0.17569
377 T	0.61600	0.11352	0.27048
378 T	0.62615	0.06171	0.31213
379 T	0.63071	0.04512	0.32417
380 G	0.63356	0.02886	0.33758
381 T	0.63470	0.01986	0.34545
382 T	0.63484	0.01556	0.34961
383 C	0.63355	0.01629	0.35016
384 T	0.63335	0.02557	0.34108
385 T	0.63215	0.04761	0.32024
386 A	0.62017	0.13097	0.24887
387 T	0.61041	0.17368	0.21591
388 T	0.59700	0.20349	0.1995
389 G	0.54435	0.27859	0.17706
390 T	0.52071	0.31857	0.16072
391 G	0.48467	0.39347	0.12187
392 T	0.46756	0.42743	0.10501
393 A	0.43685	0.46049	0.10266
394 A	0.42307	0.47446	0.10248
395 A	0.41943	0.47803	0.10253
396 A	0.41168	0.48574	0.10258
397 C	0.40573	0.49164	0.10263
398 C	0.40354	0.49390	0.10255
399 T	0.40278	0.49473	0.10249
400 G	0.39973	0.49790	0.10236
401 G	0.39801	0.49990	0.10209
402 G	0.39596	0.50200	0.10204
403 C	0.39438	0.50362	0.102
404 A	0.39273	0.50552	0.10175
405 A	0.39338	0.50448	0.10213
406 C	0.39783	0.49813	0.10404
407 A	0.40997	0.48588	0.10415
408 A	0.44006	0.45493	0.10502
409 A	0.52392	0.35428	0.1218
410 T	0.57138	0.29232	0.1363
411 T	0.59083	0.25307	0.15611
412 T	0.60625	0.17817	0.21558
413 C	0.60927	0.14424	0.2465
414 T	0.62870	0.10029	0.271
415 A	0.61901	0.10977	0.27122
416 T	0.61421	0.10838	0.2774
417 T	0.59834	0.13431	0.26735
418 A	0.55337	0.20925	0.23739
419 A	0.49116	0.29602	0.21282
420 A	0.30985	0.52084	0.16931
421 G	0.24775	0.62347	0.12877
422 A	0.21286	0.68299	0.10415
423 A	0.20009	0.73169	0.06823
424 A	0.19422	0.74057	0.06521
425 A	0.19055	0.74392	0.06553
426 A	0.18901	0.74580	0.06519
427 T	0.18831	0.74562	0.06607
428 C	0.18638	0.74828	0.06534
429 T	0.18425	0.75454	0.06121
430 A	0.17887	0.76545	0.05568
431 A	0.17742	0.76884	0.05373
432 A	0.17698	0.77039	0.05262
433 A	0.17712	0.77078	0.0521
434 A	0.17804	0.76820	0.05375
435 T	0.18208	0.75912	0.05881
436 T	0.18468	0.74957	0.06574
437 T	0.18809	0.73917	0.07274
438 G	0.19524	0.71423	0.09053
439 A	0.21015	0.69350	0.09635
440 A	0.22890	0.66141	0.10969
441 A	0.26158	0.59601	0.14241
442 A	0.29931	0.49721	0.20348
443 T	0.36349	0.23918	0.39733
444 T	0.40028	0.15200	0.44772
445 A	0.41588	0.11582	0.4683
446 T	0.44641	0.08389	0.4697
447 T	0.45197	0.07924	0.46879
448 A	0.45372	0.07917	0.46711
449 A	0.45670	0.07773	0.46556
450 T	0.46035	0.07541	0.46423
451 T	0.46249	0.07255	0.46497
452 T	0.46581	0.06873	0.46546
453 T	0.46566	0.06661	0.46773
454 G	0.45560	0.07975	0.46466
455 C	0.44525	0.10614	0.44862
456 T	0.43470	0.17989	0.38541
457 T	0.41160	0.41734	0.17105
458 T	0.34691	0.52799	0.1251
459 A	0.26527	0.63740	0.09733
460 A	0.20826	0.70730	0.08445
461 A	0.16692	0.74953	0.08355
462 C	0.13819	0.77886	0.08295
463 A	0.09482	0.82431	0.08087
464 A	0.07731	0.84389	0.07879
465 C	0.07067	0.85160	0.07774
466 A	0.06417	0.85924	0.07658
467 A	0.06530	0.85859	0.0761
468 A	0.07099	0.85315	0.07586
469 T	0.07931	0.84490	0.07579
470 C	0.08251	0.84171	0.07577
471 T	0.08589	0.83838	0.07573
472 A	0.08459	0.83984	0.07557
473 A	0.08516	0.83929	0.07555
474 T	0.08557	0.83857	0.07586
475 A	0.08375	0.84006	0.07619
476 A	0.08492	0.83392	0.08115
477 A	0.09197	0.81506	0.09297
478 A	0.11178	0.78171	0.10651
479 A	0.17276	0.70340	0.12384
480 A	0.37770	0.46748	0.15482
481 T	0.42958	0.33604	0.23437
482 T	0.45599	0.23316	0.31084
483 T	0.46253	0.17812	0.35935
484 G	0.45210	0.16295	0.38495
485 A	0.44221	0.16806	0.38973
486 A	0.42221	0.16837	0.40943
487 T	0.42124	0.16581	0.41294
488 A	0.41750	0.16850	0.414
489 T	0.41798	0.16329	0.41872
490 A	0.41313	0.17080	0.41608
491 T	0.40695	0.17678	0.41627
492 T	0.39093	0.19605	0.41303
493 T	0.38765	0.20456	0.40779
494 G	0.38445	0.21574	0.39981
495 T	0.38268	0.24172	0.3756
496 T	0.38014	0.27972	0.34014
497 T	0.37662	0.30108	0.32231
498 A	0.35087	0.35046	0.29868
499 G	0.30129	0.42725	0.27145
500 A	0.22647	0.56530	0.20824
501 T	0.20756	0.60255	0.18988
502 G	0.18357	0.65143	0.165
503 A	0.17728	0.67319	0.14953
504 A	0.17621	0.68349	0.1403
505 A	0.17564	0.68671	0.13765
506 A	0.17709	0.68339	0.13952
507 A	0.18437	0.66621	0.14943
508 A	0.20178	0.63780	0.16041
509 G	0.22254	0.59601	0.18145
510 T	0.24132	0.57194	0.18674
511 T	0.24882	0.55867	0.19251
512 T	0.25169	0.55238	0.19593
513 A	0.25383	0.54534	0.20083
514 A	0.25787	0.53431	0.20782
515 C	0.26423	0.51173	0.22404
516 T	0.27699	0.49635	0.22666
517 G	0.28895	0.48140	0.22965
518 G	0.31957	0.45022	0.23021
519 T	0.35255	0.41972	0.22774
520 A	0.35738	0.42496	0.21766
521 A	0.37157	0.40361	0.22482
522 A	0.39746	0.34564	0.25691
523 T	0.46056	0.22856	0.31088
524 A	0.46922	0.21524	0.31554
525 T	0.48584	0.19800	0.31616
526 G	0.47517	0.25864	0.26619
527 T	0.45888	0.33505	0.20607
528 T	0.41702	0.40920	0.17377
529 A	0.32415	0.53384	0.14201
530 G	0.28575	0.57617	0.13808
531 A	0.26399	0.59875	0.13726
532 T	0.25811	0.60460	0.13729
533 A	0.23575	0.62689	0.13736
534 C	0.22403	0.63843	0.13754
535 C	0.21517	0.64741	0.13741
536 C	0.20745	0.65609	0.13646
537 A	0.19978	0.66961	0.13061
538 A	0.19224	0.67894	0.12882
539 G	0.18912	0.68302	0.12786
540 A	0.18805	0.68534	0.1266
541 A	0.19013	0.68303	0.12684
542 G	0.19575	0.67291	0.13135
543 A	0.20895	0.65067	0.14039
544 A	0.22841	0.62285	0.14875
545 A	0.24960	0.59247	0.15794
546 T	0.28331	0.54836	0.16832
547 G	0.29935	0.52343	0.17723
548 A	0.32436	0.48876	0.18688
549 A	0.38023	0.40450	0.21527
550 T	0.43797	0.31362	0.24841
551 T	0.46014	0.24225	0.29761
552 T	0.47849	0.15575	0.36576
553 T	0.48001	0.12792	0.39207
554 T	0.47465	0.12545	0.3999
555 A	0.45239	0.15586	0.39174
556 G	0.43611	0.15880	0.4051
557 T	0.43105	0.16000	0.40895
558 A	0.42051	0.17833	0.40117
559 G	0.41835	0.18143	0.40022
560 A	0.42246	0.18167	0.39586
561 T	0.42376	0.19018	0.38607
562 A	0.42269	0.21894	0.35837
563 T	0.42337	0.24442	0.33221
564 T	0.42272	0.27058	0.3067
565 A	0.41451	0.33394	0.25155
566 A	0.40821	0.37780	0.21398
567 T	0.40549	0.38188	0.21263
568 G	0.39406	0.39566	0.21028
569 A	0.38342	0.40829	0.20829
570 A	0.37733	0.41628	0.20639
571 C	0.37853	0.41672	0.20475
572 A	0.38008	0.41860	0.20131
573 A	0.38449	0.41706	0.19846
574 T	0.39162	0.41269	0.19569
575 T	0.39562	0.41511	0.18928
576 A	0.39300	0.42183	0.18516
577 A	0.39559	0.41749	0.18692
578 T	0.40906	0.38043	0.2105
579 T	0.41444	0.35942	0.22613
580 G	0.41655	0.35169	0.23176
581 T	0.43037	0.33004	0.23959
582 C	0.43673	0.32105	0.24222
583 G	0.44570	0.31140	0.2429
584 A	0.46277	0.29392	0.2433
585 A	0.49866	0.25697	0.24437
586 T	0.53447	0.22040	0.24513
587 A	0.55903	0.19477	0.2462
588 T	0.60971	0.13381	0.25649
589 T	0.63774	0.09814	0.26413
590 A	0.63992	0.09216	0.26792
591 T	0.64284	0.07911	0.27805
592 A	0.64483	0.06785	0.28732
593 C	0.64727	0.05777	0.29496
594 T	0.65012	0.05369	0.29619
595 A	0.65361	0.04944	0.29695
596 A	0.65719	0.04521	0.2976
597 A	0.66209	0.03969	0.29821
598 T	0.67038	0.03023	0.29939
599 A	0.67498	0.01767	0.30734
600 A	0.68199	0.00000	0.318
