# lcl|CP097583.1_cds_USQ93422.1_1
# AA	inside	membr	outside
1 A	0.20784	0.00000	0.79216
2 T	0.20783	0.00001	0.79216
3 G	0.20783	0.00002	0.79216
4 T	0.20783	0.00517	0.78701
5 T	0.20778	0.00961	0.78261
6 T	0.20778	0.00996	0.78227
7 G	0.20606	0.01186	0.78209
8 A	0.20606	0.01187	0.78208
9 T	0.20591	0.01210	0.782
10 C	0.20591	0.02064	0.77345
11 A	0.20588	0.02169	0.77243
12 T	0.20546	0.02264	0.7719
13 G	0.20387	0.02920	0.76694
14 A	0.20387	0.02920	0.76694
15 T	0.20387	0.04358	0.75255
16 A	0.20385	0.04360	0.75255
17 A	0.20383	0.04364	0.75253
18 T	0.20383	0.04366	0.75252
19 A	0.20376	0.04373	0.75252
20 T	0.20322	0.04428	0.7525
21 C	0.19662	0.05088	0.7525
22 G	0.19642	0.05108	0.75251
23 C	0.19652	0.05097	0.75251
24 T	0.19681	0.05069	0.7525
25 G	0.19698	0.05051	0.75251
26 C	0.19731	0.05017	0.75252
27 T	0.20159	0.04583	0.75258
28 A	0.20430	0.04309	0.75261
29 T	0.20479	0.04248	0.75274
30 C	0.20498	0.04082	0.7542
31 G	0.20323	0.04255	0.75422
32 C	0.20275	0.04276	0.75449
33 T	0.20869	0.03675	0.75457
34 A	0.20634	0.03906	0.7546
35 C	0.20795	0.03719	0.75486
36 T	0.21111	0.03296	0.75593
37 C	0.20886	0.03518	0.75596
38 C	0.21551	0.02851	0.75598
39 T	0.21288	0.03124	0.75588
40 T	0.20970	0.03448	0.75583
41 T	0.20297	0.04127	0.75575
42 A	0.18226	0.06208	0.75566
43 G	0.17238	0.07147	0.75616
44 G	0.16184	0.07602	0.76214
45 A	0.15478	0.08261	0.76262
46 A	0.14857	0.08843	0.763
47 C	0.14365	0.09277	0.76358
48 C	0.14011	0.09631	0.76357
49 G	0.13636	0.10031	0.76333
50 G	0.13528	0.10156	0.76316
51 A	0.13470	0.10231	0.76298
52 A	0.13450	0.10264	0.76286
53 G	0.13443	0.10221	0.76335
54 T	0.13438	0.09950	0.76612
55 A	0.13426	0.09821	0.76753
56 T	0.13421	0.09543	0.77037
57 T	0.13408	0.09245	0.77347
58 A	0.13398	0.09143	0.77459
59 G	0.13393	0.08777	0.7783
60 T	0.13390	0.08329	0.78282
61 G	0.13382	0.07859	0.78759
62 T	0.13385	0.07476	0.79138
63 G	0.13341	0.07305	0.79354
64 A	0.13327	0.06856	0.79816
65 T	0.13324	0.05380	0.81295
66 A	0.13279	0.04859	0.81862
67 A	0.13263	0.04057	0.8268
68 G	0.13258	0.03650	0.83092
69 A	0.13255	0.03599	0.83145
70 G	0.13254	0.03468	0.83277
71 T	0.13284	0.03678	0.83038
72 T	0.13278	0.04096	0.82625
73 A	0.13198	0.05462	0.81341
74 G	0.12899	0.06901	0.802
75 T	0.12622	0.08632	0.78746
76 G	0.12355	0.09181	0.78464
77 G	0.12181	0.09645	0.78174
78 A	0.12026	0.10123	0.7785
79 T	0.11816	0.10741	0.77443
80 C	0.11316	0.11414	0.7727
81 A	0.10669	0.12864	0.76467
82 G	0.10295	0.13399	0.76306
83 A	0.09988	0.14044	0.75968
84 A	0.09662	0.14599	0.7574
85 G	0.09474	0.14858	0.75668
86 C	0.09507	0.14824	0.75669
87 G	0.09528	0.14805	0.75668
88 A	0.09583	0.14755	0.75663
89 T	0.09800	0.14518	0.75682
90 A	0.09829	0.14485	0.75686
91 C	0.10046	0.14263	0.75691
92 A	0.10603	0.13702	0.75694
93 A	0.10999	0.13297	0.75704
94 A	0.11547	0.12741	0.75712
95 A	0.12289	0.11968	0.75743
96 T	0.13617	0.10562	0.75822
97 A	0.14645	0.09191	0.76165
98 T	0.16021	0.07420	0.76559
99 T	0.16273	0.06885	0.76843
100 A	0.16350	0.06654	0.76997
101 A	0.16452	0.06374	0.77174
102 T	0.15910	0.06660	0.7743
103 A	0.14431	0.07722	0.77847
104 A	0.13542	0.08117	0.7834
105 A	0.13078	0.08331	0.78591
106 A	0.12903	0.08341	0.78756
107 T	0.12887	0.08046	0.79067
108 T	0.12425	0.08298	0.79277
109 T	0.11578	0.09108	0.79313
110 T	0.10375	0.10408	0.79217
111 T	0.09093	0.12013	0.78894
112 A	0.05693	0.16178	0.7813
113 A	0.04299	0.17890	0.77812
114 A	0.03422	0.18803	0.77775
115 A	0.02910	0.19231	0.77859
116 G	0.02638	0.19394	0.77967
117 T	0.02532	0.19447	0.7802
118 G	0.02375	0.19573	0.78053
119 C	0.02302	0.19622	0.78076
120 A	0.02253	0.19684	0.78064
121 A	0.02217	0.19725	0.78058
122 A	0.02197	0.19717	0.78086
123 A	0.02206	0.19612	0.78182
124 A	0.02221	0.19438	0.78341
125 A	0.02249	0.18413	0.79338
126 A	0.02317	0.16796	0.80887
127 A	0.02394	0.15200	0.82406
128 A	0.02514	0.14262	0.83224
129 T	0.02734	0.12927	0.84339
130 T	0.02859	0.11902	0.8524
131 G	0.02937	0.10886	0.86177
132 G	0.03048	0.09520	0.87431
133 G	0.03220	0.08415	0.88365
134 A	0.03564	0.07270	0.89165
135 T	0.04358	0.04196	0.91447
136 T	0.04687	0.03199	0.92114
137 T	0.04744	0.02881	0.92376
138 G	0.04696	0.03596	0.91708
139 T	0.04658	0.04737	0.90605
140 T	0.04551	0.05781	0.89669
141 A	0.04133	0.07435	0.88432
142 A	0.03926	0.07832	0.88243
143 A	0.03852	0.07964	0.88184
144 A	0.03823	0.07964	0.88213
145 G	0.03796	0.07960	0.88244
146 C	0.03710	0.08027	0.88264
147 A	0.03660	0.08082	0.88258
148 C	0.03661	0.08079	0.88261
149 C	0.03666	0.08081	0.88254
150 T	0.03678	0.08070	0.88252
151 T	0.03675	0.08074	0.88251
152 C	0.03666	0.08083	0.88251
153 A	0.03655	0.08096	0.88249
154 C	0.03675	0.08074	0.8825
155 A	0.03728	0.08020	0.88251
156 T	0.03899	0.07848	0.88253
157 A	0.04118	0.07628	0.88254
158 C	0.04645	0.07088	0.88267
159 T	0.05547	0.06180	0.88273
160 A	0.06172	0.05514	0.88314
161 T	0.07440	0.04136	0.88424
162 T	0.08444	0.03061	0.88495
163 C	0.08999	0.02404	0.88597
164 A	0.09798	0.01277	0.88925
165 T	0.10065	0.00814	0.89121
166 T	0.10152	0.00642	0.89206
167 A	0.10112	0.00646	0.89242
168 T	0.10120	0.00601	0.8928
169 G	0.10108	0.00491	0.89402
170 G	0.10104	0.00424	0.89472
171 T	0.10110	0.00394	0.89496
172 T	0.10098	0.00434	0.89468
173 T	0.09916	0.00658	0.89426
174 T	0.09580	0.01065	0.89355
175 A	0.09189	0.01499	0.89312
176 T	0.08932	0.01749	0.89319
177 T	0.08593	0.02093	0.89313
178 T	0.07967	0.02738	0.89296
179 T	0.07227	0.03499	0.89274
180 A	0.06084	0.04645	0.89272
181 G	0.04882	0.05851	0.89268
182 A	0.04322	0.06415	0.89263
183 T	0.04066	0.06681	0.89253
184 C	0.03481	0.07287	0.89232
185 A	0.03278	0.07562	0.8916
186 A	0.03207	0.07643	0.89151
187 A	0.03174	0.07678	0.89148
188 A	0.03159	0.07691	0.8915
189 T	0.03157	0.07683	0.8916
190 C	0.03151	0.07623	0.89225
191 A	0.03149	0.07618	0.89233
192 A	0.03149	0.07600	0.89251
193 A	0.03160	0.07569	0.89271
194 A	0.03184	0.07522	0.89294
195 T	0.03265	0.07399	0.89336
196 A	0.03320	0.07071	0.89609
197 T	0.03411	0.06470	0.90119
198 T	0.03447	0.05819	0.90734
199 T	0.03455	0.05274	0.91271
200 T	0.03458	0.04715	0.91827
201 G	0.03458	0.04067	0.92475
202 G	0.03466	0.03446	0.93088
203 A	0.03470	0.02684	0.93845
204 T	0.03476	0.01695	0.94829
205 G	0.03479	0.01237	0.95283
206 A	0.03494	0.01012	0.95495
207 G	0.03517	0.00519	0.95964
208 G	0.03585	0.00305	0.96109
209 T	0.03601	0.00286	0.96113
210 T	0.03611	0.00356	0.96033
211 T	0.03613	0.00524	0.95863
212 T	0.03614	0.00668	0.95718
213 A	0.03613	0.00854	0.95532
214 A	0.03615	0.00869	0.95516
215 T	0.03618	0.00863	0.95519
216 T	0.03618	0.00865	0.95517
217 T	0.03618	0.00876	0.95507
218 C	0.03613	0.00888	0.95499
219 T	0.03608	0.00903	0.95489
220 G	0.03603	0.00914	0.95482
221 T	0.03602	0.00921	0.95476
222 T	0.03585	0.00944	0.95472
223 T	0.03574	0.00963	0.95464
224 T	0.03550	0.00984	0.95465
225 T	0.03494	0.01045	0.9546
226 A	0.03414	0.01144	0.95441
227 A	0.03364	0.01199	0.95438
228 A	0.03308	0.01252	0.9544
229 A	0.03275	0.01283	0.95442
230 A	0.03264	0.01292	0.95444
231 A	0.03296	0.01258	0.95446
232 C	0.03375	0.01176	0.95448
233 C	0.03513	0.01038	0.95449
234 T	0.03701	0.00850	0.95449
235 C	0.03809	0.00741	0.95449
236 A	0.03940	0.00610	0.95449
237 T	0.03977	0.00574	0.95449
238 T	0.03988	0.00562	0.9545
239 C	0.03994	0.00553	0.95453
240 T	0.04007	0.00540	0.95454
241 T	0.04009	0.00530	0.9546
242 T	0.04004	0.00530	0.95466
243 T	0.03986	0.00541	0.95473
244 A	0.03943	0.00579	0.95478
245 C	0.03926	0.00538	0.95536
246 T	0.03922	0.00518	0.9556
247 G	0.03903	0.00509	0.95588
248 G	0.03898	0.00477	0.95625
249 T	0.03911	0.00416	0.95672
250 G	0.03904	0.00402	0.95694
251 A	0.03868	0.00391	0.95741
252 A	0.03861	0.00361	0.95778
253 G	0.03856	0.00341	0.95803
254 A	0.03852	0.00329	0.95818
255 T	0.03851	0.00317	0.95833
256 G	0.03847	0.00320	0.95832
257 T	0.03846	0.00325	0.95829
258 G	0.03841	0.00337	0.95823
259 G	0.03837	0.00369	0.95794
260 T	0.03834	0.00388	0.95777
261 T	0.03823	0.00421	0.95756
262 G	0.03811	0.00455	0.95733
263 A	0.03808	0.00472	0.9572
264 A	0.03805	0.00464	0.95731
265 G	0.03803	0.00447	0.95749
266 T	0.03803	0.00423	0.95774
267 T	0.03799	0.00389	0.95812
268 C	0.03792	0.00374	0.95834
269 A	0.03779	0.00382	0.95839
270 G	0.03766	0.00380	0.95854
271 G	0.03764	0.00375	0.95862
272 G	0.03764	0.00371	0.95865
273 A	0.03768	0.00363	0.95869
274 C	0.03776	0.00315	0.95909
275 A	0.03783	0.00310	0.95907
276 T	0.03792	0.00298	0.95909
277 G	0.03797	0.00294	0.9591
278 G	0.03800	0.00291	0.95909
279 T	0.03813	0.00278	0.95909
280 G	0.03822	0.00268	0.95911
281 G	0.03836	0.00250	0.95914
282 T	0.03874	0.00209	0.95917
283 A	0.03889	0.00193	0.95918
284 T	0.03908	0.00166	0.95926
285 T	0.03922	0.00148	0.9593
286 T	0.03918	0.00161	0.95921
287 T	0.03896	0.00212	0.95891
288 A	0.03822	0.00380	0.95798
289 A	0.03773	0.00443	0.95785
290 T	0.03733	0.00492	0.95775
291 A	0.03585	0.00638	0.95778
292 A	0.03452	0.00760	0.95789
293 C	0.03385	0.00816	0.958
294 A	0.03340	0.00860	0.958
295 C	0.03328	0.00872	0.95801
296 A	0.03314	0.00888	0.95798
297 G	0.03312	0.00890	0.95797
298 T	0.03320	0.00883	0.95796
299 T	0.03323	0.00881	0.95796
300 G	0.03323	0.00881	0.95796
301 T	0.03326	0.00875	0.958
302 T	0.03326	0.00874	0.958
303 A	0.03312	0.00887	0.95801
304 T	0.03300	0.00901	0.95799
305 T	0.03276	0.00926	0.95798
306 A	0.03217	0.00995	0.95788
307 G	0.03182	0.01028	0.9579
308 A	0.03163	0.01038	0.95799
309 G	0.03155	0.01025	0.9582
310 A	0.03178	0.00978	0.95843
311 G	0.03261	0.00826	0.95912
312 A	0.03280	0.00765	0.95955
313 A	0.03297	0.00702	0.96001
314 T	0.03307	0.00545	0.96149
315 T	0.03309	0.00420	0.96271
316 T	0.03310	0.00362	0.96328
317 T	0.03311	0.00326	0.96363
318 A	0.03311	0.00316	0.96372
319 T	0.03313	0.00300	0.96387
320 C	0.03313	0.00295	0.96392
321 T	0.03313	0.00297	0.96389
322 T	0.03312	0.00306	0.96383
323 T	0.03300	0.00348	0.96352
324 A	0.03279	0.00417	0.96304
325 A	0.03271	0.00475	0.96254
326 A	0.03260	0.00505	0.96235
327 T	0.03237	0.00537	0.96226
328 A	0.03164	0.00670	0.96166
329 T	0.03101	0.00761	0.96138
330 T	0.02996	0.00881	0.96123
331 A	0.02826	0.01068	0.96106
332 G	0.02736	0.01165	0.96099
333 A	0.02677	0.01240	0.96083
334 T	0.02657	0.01259	0.96084
335 T	0.02628	0.01288	0.96084
336 A	0.02562	0.01354	0.96084
337 G	0.02497	0.01418	0.96085
338 C	0.02448	0.01469	0.96083
339 T	0.02379	0.01539	0.96082
340 C	0.02284	0.01634	0.96083
341 A	0.02216	0.01704	0.9608
342 A	0.02168	0.01754	0.96078
343 C	0.02146	0.01776	0.96078
344 C	0.02131	0.01792	0.96077
345 A	0.02124	0.01802	0.96073
346 G	0.02150	0.01770	0.96081
347 G	0.02192	0.01719	0.96089
348 A	0.02237	0.01671	0.96092
349 G	0.02285	0.01608	0.96107
350 A	0.02330	0.01514	0.96156
351 A	0.02427	0.01318	0.96255
352 T	0.02525	0.01121	0.96354
353 T	0.02560	0.00973	0.96467
354 T	0.02563	0.00831	0.96606
355 A	0.02525	0.00807	0.96667
356 G	0.02505	0.00771	0.96724
357 T	0.02467	0.00797	0.96736
358 A	0.02344	0.00927	0.96729
359 A	0.02242	0.01007	0.9675
360 A	0.02143	0.01087	0.9677
361 A	0.02097	0.01078	0.96826
362 G	0.02066	0.01025	0.9691
363 G	0.02053	0.00947	0.96999
364 G	0.02051	0.00898	0.97052
365 C	0.02054	0.00859	0.97087
366 T	0.02058	0.00868	0.97074
367 T	0.02060	0.00878	0.97062
368 T	0.02060	0.00895	0.97046
369 T	0.02052	0.00920	0.97027
370 T	0.02036	0.00951	0.97013
371 T	0.02012	0.00985	0.97002
372 A	0.01990	0.01031	0.96979
373 A	0.01974	0.01067	0.96959
374 A	0.01965	0.01089	0.96945
375 T	0.01962	0.01101	0.96937
376 A	0.01956	0.01141	0.96903
377 A	0.01955	0.01168	0.96877
378 T	0.01971	0.01150	0.9688
379 A	0.01971	0.01176	0.96853
380 A	0.01978	0.01166	0.96856
381 A	0.01992	0.01074	0.96934
382 A	0.02021	0.00981	0.96998
383 T	0.02065	0.00866	0.97069
384 A	0.02071	0.00877	0.97052
385 G	0.02081	0.00872	0.97047
386 A	0.02102	0.00873	0.97026
387 T	0.02135	0.00862	0.97003
388 T	0.02144	0.00870	0.96986
389 T	0.02152	0.00896	0.96951
390 A	0.02143	0.00928	0.96929
391 A	0.02137	0.00959	0.96904
392 T	0.02141	0.00957	0.96902
393 T	0.02127	0.00965	0.96908
394 C	0.02100	0.00969	0.9693
395 A	0.02078	0.00991	0.96931
396 A	0.02061	0.01006	0.96934
397 G	0.02054	0.01007	0.96939
398 C	0.02062	0.00996	0.96942
399 G	0.02096	0.00963	0.96941
400 G	0.02141	0.00910	0.96948
401 A	0.02192	0.00856	0.96953
402 A	0.02247	0.00793	0.9696
403 T	0.02292	0.00740	0.96968
404 C	0.02326	0.00685	0.96989
405 C	0.02365	0.00642	0.96993
406 A	0.02395	0.00612	0.96993
407 T	0.02468	0.00537	0.96995
408 T	0.02503	0.00501	0.96995
409 A	0.02528	0.00478	0.96994
410 T	0.02551	0.00452	0.96997
411 G	0.02560	0.00426	0.97015
412 G	0.02586	0.00381	0.97032
413 A	0.02613	0.00335	0.97052
414 T	0.02653	0.00271	0.97076
415 T	0.02658	0.00259	0.97084
416 T	0.02645	0.00261	0.97094
417 A	0.02605	0.00295	0.97099
418 A	0.02596	0.00284	0.9712
419 T	0.02597	0.00259	0.97144
420 T	0.02593	0.00259	0.97149
421 T	0.02585	0.00258	0.97157
422 T	0.02574	0.00269	0.97157
423 T	0.02550	0.00293	0.97157
424 G	0.02380	0.00466	0.97153
425 C	0.02213	0.00643	0.97145
426 T	0.02074	0.00806	0.97119
427 C	0.01803	0.01100	0.97097
428 A	0.01543	0.01376	0.97081
429 A	0.01403	0.01521	0.97077
430 A	0.01357	0.01570	0.97073
431 A	0.01333	0.01594	0.97072
432 C	0.01317	0.01611	0.97072
433 G	0.01301	0.01631	0.97069
434 A	0.01297	0.01637	0.97065
435 A	0.01285	0.01649	0.97065
436 A	0.01285	0.01648	0.97067
437 A	0.01287	0.01644	0.97069
438 T	0.01299	0.01606	0.97095
439 G	0.01306	0.01566	0.97128
440 T	0.01322	0.01502	0.97176
441 C	0.01324	0.01481	0.97194
442 G	0.01326	0.01476	0.97199
443 T	0.01333	0.01465	0.97202
444 G	0.01332	0.01461	0.97207
445 A	0.01335	0.01450	0.97215
446 A	0.01340	0.01431	0.9723
447 A	0.01350	0.01238	0.97412
448 T	0.01368	0.01017	0.97615
449 T	0.01392	0.00833	0.97775
450 A	0.01401	0.00575	0.98024
451 T	0.01407	0.00341	0.98252
452 C	0.01398	0.00276	0.98326
453 T	0.01389	0.00381	0.9823
454 A	0.01363	0.00610	0.98027
455 A	0.01346	0.00691	0.97963
456 T	0.01340	0.00729	0.97931
457 T	0.01330	0.00797	0.97872
458 T	0.01314	0.00826	0.9786
459 A	0.01299	0.00873	0.97829
460 G	0.01293	0.00909	0.97798
461 G	0.01290	0.00981	0.97729
462 T	0.01288	0.00987	0.97726
463 T	0.01284	0.00994	0.97722
464 T	0.01268	0.01018	0.97714
465 G	0.01235	0.01066	0.97699
466 C	0.01215	0.01095	0.97689
467 A	0.01191	0.01175	0.97634
468 T	0.01178	0.01251	0.9757
469 A	0.01140	0.01404	0.97456
470 A	0.01106	0.01539	0.97355
471 A	0.01092	0.01627	0.97282
472 A	0.01077	0.01684	0.97239
473 A	0.01079	0.01696	0.97225
474 A	0.01112	0.01665	0.97223
475 A	0.01179	0.01585	0.97236
476 A	0.01314	0.01435	0.97251
477 T	0.01544	0.01166	0.9729
478 T	0.01612	0.01072	0.97316
479 C	0.01631	0.01036	0.97333
480 T	0.01662	0.00999	0.97339
481 C	0.01632	0.01024	0.97344
482 A	0.01607	0.01060	0.97333
483 A	0.01597	0.01078	0.97325
484 T	0.01644	0.01048	0.97308
485 T	0.01593	0.01119	0.97288
486 G	0.01400	0.01356	0.97245
487 G	0.01260	0.01504	0.97236
488 T	0.01168	0.01587	0.97245
489 A	0.01004	0.01738	0.97258
490 G	0.00975	0.01745	0.9728
491 A	0.01024	0.01686	0.9729
492 A	0.01124	0.01554	0.97321
493 C	0.01212	0.01434	0.97354
494 A	0.01274	0.01377	0.97349
495 T	0.01303	0.01354	0.97342
496 T	0.01280	0.01390	0.9733
497 T	0.01260	0.01427	0.97314
498 A	0.01193	0.01516	0.97291
499 A	0.01153	0.01558	0.97289
500 A	0.01122	0.01587	0.97291
501 T	0.01102	0.01601	0.97298
502 A	0.00985	0.01714	0.97301
503 A	0.00901	0.01785	0.97314
504 G	0.00874	0.01770	0.97356
505 A	0.00869	0.01748	0.97383
506 A	0.00871	0.01721	0.97408
507 A	0.00894	0.01679	0.97427
508 A	0.00928	0.01566	0.97507
509 T	0.00974	0.01299	0.97727
510 T	0.00979	0.01154	0.97867
511 A	0.00931	0.01164	0.97906
512 T	0.00870	0.01179	0.97952
513 G	0.00745	0.01444	0.97811
514 A	0.00692	0.01617	0.97691
515 A	0.00658	0.01652	0.9769
516 A	0.00640	0.01666	0.97693
517 A	0.00642	0.01652	0.97707
518 T	0.00659	0.01604	0.97737
519 C	0.00649	0.01575	0.97776
520 A	0.00636	0.01603	0.97762
521 T	0.00633	0.01578	0.97788
522 A	0.00614	0.01576	0.9781
523 G	0.00595	0.01570	0.97835
524 G	0.00583	0.01565	0.97852
525 G	0.00584	0.01450	0.97966
526 C	0.00580	0.01390	0.9803
527 A	0.00583	0.01388	0.98028
528 A	0.00598	0.01376	0.98026
529 A	0.00618	0.01358	0.98025
530 T	0.00640	0.01332	0.98028
531 A	0.00648	0.01327	0.98025
532 G	0.00663	0.01293	0.98043
533 A	0.00694	0.01253	0.98054
534 A	0.00760	0.01133	0.98108
535 G	0.00829	0.01002	0.98169
536 T	0.01016	0.00712	0.98273
537 T	0.01116	0.00573	0.98311
538 A	0.01123	0.00546	0.98332
539 A	0.01135	0.00516	0.98349
540 T	0.01152	0.00479	0.98369
541 A	0.01160	0.00465	0.98376
542 T	0.01179	0.00420	0.98401
543 T	0.01206	0.00375	0.9842
544 G	0.01209	0.00358	0.98433
545 A	0.01210	0.00344	0.98446
546 T	0.01217	0.00317	0.98466
547 T	0.01219	0.00301	0.9848
548 A	0.01215	0.00293	0.98491
549 T	0.01232	0.00263	0.98505
550 C	0.01245	0.00243	0.98511
551 C	0.01250	0.00240	0.9851
552 T	0.01252	0.00250	0.98498
553 G	0.01242	0.00269	0.98489
554 A	0.01219	0.00308	0.98472
555 A	0.01201	0.00342	0.98456
556 T	0.01224	0.00331	0.98445
557 A	0.01236	0.00316	0.98447
558 T	0.01260	0.00287	0.98453
559 T	0.01263	0.00281	0.98455
560 T	0.01260	0.00281	0.98459
561 C	0.01216	0.00330	0.98455
562 G	0.01170	0.00437	0.98394
563 A	0.01150	0.00550	0.983
564 T	0.01140	0.00575	0.98285
565 A	0.01117	0.00614	0.98269
566 T	0.01108	0.00628	0.98264
567 T	0.01079	0.00652	0.98268
568 C	0.01020	0.00709	0.98271
569 A	0.00973	0.00757	0.98269
570 A	0.00946	0.00784	0.9827
571 C	0.00938	0.00787	0.98275
572 A	0.00927	0.00801	0.98272
573 A	0.00926	0.00804	0.98271
574 A	0.00931	0.00792	0.98277
575 T	0.00945	0.00769	0.98287
576 G	0.00951	0.00751	0.98298
577 A	0.00963	0.00709	0.98328
578 C	0.00976	0.00664	0.9836
579 T	0.00986	0.00655	0.98359
580 A	0.00985	0.00658	0.98357
581 A	0.00982	0.00662	0.98357
582 T	0.00988	0.00651	0.9836
583 G	0.00988	0.00649	0.98363
584 A	0.00996	0.00599	0.98404
585 A	0.01055	0.00497	0.98449
586 A	0.01142	0.00395	0.98462
587 T	0.01161	0.00377	0.98463
588 T	0.01175	0.00351	0.98474
589 A	0.01177	0.00351	0.98472
590 T	0.01177	0.00333	0.98489
591 T	0.01174	0.00295	0.98532
592 T	0.01166	0.00266	0.98567
593 T	0.01158	0.00255	0.98587
594 A	0.01130	0.00275	0.98595
595 C	0.01123	0.00271	0.98606
596 C	0.01117	0.00275	0.98608
597 T	0.01109	0.00284	0.98608
598 C	0.01099	0.00295	0.98606
599 A	0.01094	0.00306	0.98599
600 A	0.01090	0.00312	0.98598
601 G	0.01089	0.00313	0.98598
602 T	0.01088	0.00313	0.98599
603 T	0.01083	0.00317	0.986
604 C	0.01053	0.00343	0.98604
605 A	0.00999	0.00414	0.98587
606 A	0.00969	0.00462	0.98569
607 G	0.00952	0.00499	0.98549
608 A	0.00944	0.00537	0.98519
609 A	0.00951	0.00575	0.98474
610 T	0.00984	0.00556	0.9846
611 T	0.00993	0.00556	0.9845
612 G	0.00979	0.00578	0.98442
613 A	0.00979	0.00578	0.98444
614 T	0.00979	0.00571	0.9845
615 T	0.00965	0.00574	0.9846
616 A	0.00920	0.00611	0.9847
617 C	0.00892	0.00611	0.98497
618 T	0.00865	0.00635	0.985
619 C	0.00832	0.00667	0.98501
620 A	0.00778	0.00749	0.98473
621 A	0.00740	0.00796	0.98464
622 A	0.00713	0.00831	0.98456
623 T	0.00697	0.00845	0.98458
624 G	0.00668	0.00874	0.98458
625 G	0.00653	0.00875	0.98472
626 A	0.00646	0.00873	0.98481
627 A	0.00644	0.00845	0.9851
628 A	0.00656	0.00796	0.98548
629 A	0.00677	0.00760	0.98563
630 A	0.00701	0.00728	0.98571
631 A	0.00734	0.00696	0.9857
632 T	0.00786	0.00631	0.98582
633 T	0.00802	0.00616	0.98582
634 T	0.00810	0.00636	0.98553
635 T	0.00812	0.00634	0.98554
636 A	0.00809	0.00645	0.98546
637 A	0.00809	0.00649	0.98542
638 A	0.00809	0.00635	0.98557
639 T	0.00814	0.00578	0.98608
640 T	0.00818	0.00539	0.98643
641 T	0.00821	0.00509	0.9867
642 A	0.00820	0.00486	0.98694
643 T	0.00848	0.00413	0.98739
644 A	0.00856	0.00369	0.98775
645 T	0.00866	0.00328	0.98805
646 T	0.00868	0.00315	0.98818
647 T	0.00868	0.00302	0.9883
648 T	0.00864	0.00321	0.98816
649 A	0.00853	0.00374	0.98773
650 A	0.00851	0.00401	0.98748
651 A	0.00859	0.00394	0.98747
652 A	0.00876	0.00376	0.98748
653 A	0.00899	0.00351	0.98749
654 T	0.00935	0.00310	0.98754
655 C	0.00949	0.00295	0.98756
656 G	0.00961	0.00296	0.98743
657 T	0.01010	0.00284	0.98707
658 T	0.01027	0.00314	0.98659
659 T	0.01035	0.00336	0.98628
660 T	0.01034	0.00359	0.98606
661 T	0.01027	0.00389	0.98584
662 T	0.01003	0.00443	0.98554
663 A	0.00748	0.00734	0.98517
664 A	0.00598	0.00900	0.98502
665 A	0.00526	0.00971	0.98504
666 A	0.00459	0.01037	0.98504
667 A	0.00424	0.01068	0.98507
668 A	0.00413	0.01076	0.98512
669 C	0.00412	0.01067	0.98521
670 G	0.00417	0.01058	0.98524
671 G	0.00441	0.01031	0.98528
672 C	0.00486	0.00981	0.98533
673 A	0.00511	0.00955	0.98533
674 T	0.00516	0.00950	0.98534
675 C	0.00517	0.00947	0.98536
676 C	0.00519	0.00945	0.98536
677 A	0.00520	0.00944	0.98536
678 A	0.00525	0.00939	0.98536
679 A	0.00545	0.00919	0.98536
680 C	0.00601	0.00863	0.98537
681 T	0.00673	0.00790	0.98537
682 T	0.00707	0.00748	0.98545
683 T	0.00715	0.00726	0.98559
684 A	0.00709	0.00722	0.9857
685 A	0.00722	0.00687	0.98591
686 T	0.00748	0.00398	0.98854
687 T	0.00756	0.00244	0.99
688 A	0.00747	0.00195	0.99058
689 T	0.00739	0.00189	0.99072
690 T	0.00719	0.00231	0.9905
691 G	0.00629	0.00368	0.99003
692 G	0.00550	0.00522	0.98928
693 G	0.00500	0.00590	0.9891
694 A	0.00483	0.00613	0.98904
695 A	0.00476	0.00629	0.98894
696 A	0.00463	0.00644	0.98893
697 C	0.00452	0.00654	0.98895
698 C	0.00442	0.00666	0.98891
699 A	0.00434	0.00681	0.98885
700 A	0.00431	0.00692	0.98877
701 A	0.00429	0.00699	0.98872
702 T	0.00426	0.00704	0.9887
703 G	0.00419	0.00716	0.98866
704 T	0.00416	0.00716	0.98868
705 A	0.00408	0.00722	0.9887
706 G	0.00405	0.00718	0.98878
707 G	0.00403	0.00706	0.98891
708 C	0.00404	0.00699	0.98897
709 A	0.00406	0.00695	0.98899
710 A	0.00416	0.00679	0.98904
711 A	0.00442	0.00640	0.98918
712 T	0.00507	0.00557	0.98936
713 C	0.00547	0.00496	0.98957
714 G	0.00590	0.00373	0.99038
715 A	0.00652	0.00246	0.99101
716 G	0.00673	0.00180	0.99147
717 T	0.00687	0.00151	0.99162
718 T	0.00698	0.00136	0.99166
719 T	0.00701	0.00119	0.99179
720 A	0.00697	0.00115	0.99188
721 T	0.00696	0.00109	0.99195
722 T	0.00686	0.00115	0.99198
723 A	0.00638	0.00179	0.99183
724 A	0.00617	0.00210	0.99172
725 A	0.00606	0.00237	0.99157
726 T	0.00605	0.00244	0.9915
727 G	0.00601	0.00260	0.99139
728 T	0.00602	0.00296	0.99103
729 T	0.00600	0.00348	0.99052
730 T	0.00597	0.00386	0.99016
731 T	0.00593	0.00419	0.98989
732 G	0.00571	0.00447	0.98982
733 T	0.00559	0.00466	0.98975
734 T	0.00537	0.00496	0.98968
735 A	0.00505	0.00534	0.98962
736 C	0.00496	0.00546	0.98958
737 A	0.00489	0.00558	0.98952
738 A	0.00485	0.00566	0.98948
739 G	0.00484	0.00571	0.98945
740 A	0.00484	0.00575	0.98941
741 A	0.00484	0.00578	0.98938
742 A	0.00486	0.00574	0.9894
743 A	0.00491	0.00563	0.98947
744 A	0.00496	0.00550	0.98954
745 A	0.00502	0.00528	0.9897
746 G	0.00520	0.00459	0.99022
747 A	0.00534	0.00422	0.99043
748 G	0.00561	0.00380	0.9906
749 C	0.00589	0.00346	0.99066
750 G	0.00614	0.00321	0.99066
751 A	0.00658	0.00278	0.99064
752 T	0.00710	0.00223	0.99066
753 T	0.00739	0.00193	0.99068
754 G	0.00758	0.00170	0.99073
755 T	0.00767	0.00131	0.99102
756 G	0.00772	0.00111	0.99118
757 T	0.00777	0.00085	0.99138
758 C	0.00778	0.00064	0.99158
759 T	0.00775	0.00070	0.99155
760 G	0.00731	0.00140	0.99129
761 A	0.00707	0.00164	0.99128
762 C	0.00686	0.00185	0.9913
763 A	0.00658	0.00213	0.9913
764 T	0.00642	0.00228	0.9913
765 C	0.00617	0.00253	0.9913
766 G	0.00600	0.00270	0.9913
767 C	0.00584	0.00288	0.99129
768 A	0.00571	0.00304	0.99124
769 G	0.00562	0.00316	0.99123
770 G	0.00557	0.00321	0.99121
771 A	0.00554	0.00326	0.9912
772 A	0.00554	0.00327	0.9912
773 C	0.00556	0.00323	0.99121
774 T	0.00559	0.00320	0.99121
775 A	0.00560	0.00320	0.99121
776 C	0.00561	0.00318	0.99121
777 C	0.00562	0.00317	0.99121
778 A	0.00562	0.00317	0.99121
779 G	0.00564	0.00315	0.99122
780 A	0.00567	0.00310	0.99123
781 G	0.00569	0.00307	0.99124
782 A	0.00576	0.00293	0.99131
783 T	0.00602	0.00213	0.99185
784 T	0.00603	0.00181	0.99217
785 A	0.00602	0.00154	0.99244
786 T	0.00601	0.00122	0.99277
787 G	0.00597	0.00107	0.99296
788 T	0.00593	0.00093	0.99314
789 A	0.00581	0.00100	0.99319
790 G	0.00578	0.00096	0.99327
791 A	0.00579	0.00087	0.99334
792 T	0.00579	0.00083	0.99338
793 G	0.00578	0.00082	0.9934
794 G	0.00579	0.00081	0.9934
795 C	0.00579	0.00083	0.99338
796 T	0.00579	0.00090	0.9933
797 T	0.00579	0.00101	0.9932
798 T	0.00579	0.00106	0.99315
799 T	0.00579	0.00110	0.9931
800 T	0.00579	0.00117	0.99304
801 A	0.00578	0.00122	0.99301
802 A	0.00577	0.00125	0.99298
803 A	0.00577	0.00125	0.99298
804 T	0.00577	0.00125	0.99299
805 A	0.00577	0.00125	0.99299
806 T	0.00577	0.00124	0.99299
807 T	0.00576	0.00123	0.99301
808 A	0.00576	0.00122	0.99302
809 A	0.00576	0.00120	0.99304
810 A	0.00577	0.00115	0.99308
811 G	0.00581	0.00107	0.99313
812 G	0.00588	0.00088	0.99324
813 G	0.00595	0.00077	0.99328
814 G	0.00599	0.00071	0.9933
815 T	0.00609	0.00060	0.99331
816 T	0.00616	0.00052	0.99332
817 T	0.00622	0.00046	0.99332
818 C	0.00626	0.00042	0.99331
819 T	0.00635	0.00038	0.99327
820 T	0.00640	0.00040	0.9932
821 T	0.00643	0.00056	0.99301
822 G	0.00644	0.00081	0.99274
823 T	0.00649	0.00094	0.99257
824 T	0.00650	0.00104	0.99246
825 T	0.00651	0.00116	0.99233
826 T	0.00649	0.00134	0.99218
827 T	0.00645	0.00139	0.99216
828 A	0.00638	0.00148	0.99214
829 A	0.00631	0.00157	0.99211
830 T	0.00616	0.00175	0.99209
831 C	0.00582	0.00214	0.99204
832 G	0.00572	0.00229	0.99199
833 A	0.00562	0.00242	0.99196
834 T	0.00554	0.00252	0.99195
835 A	0.00536	0.00270	0.99193
836 C	0.00529	0.00278	0.99193
837 A	0.00511	0.00297	0.99192
838 G	0.00495	0.00315	0.99191
839 C	0.00485	0.00325	0.9919
840 A	0.00481	0.00332	0.99187
841 G	0.00481	0.00333	0.99185
842 G	0.00487	0.00329	0.99184
843 A	0.00495	0.00321	0.99184
844 G	0.00520	0.00296	0.99184
845 T	0.00555	0.00259	0.99185
846 T	0.00572	0.00241	0.99187
847 C	0.00571	0.00240	0.99189
848 A	0.00563	0.00252	0.99185
849 T	0.00555	0.00266	0.99179
850 G	0.00513	0.00310	0.99177
851 A	0.00480	0.00343	0.99177
852 A	0.00444	0.00381	0.99175
853 A	0.00419	0.00388	0.99193
854 C	0.00410	0.00361	0.99229
855 T	0.00392	0.00378	0.99231
856 A	0.00360	0.00416	0.99224
857 A	0.00341	0.00446	0.99213
858 T	0.00333	0.00446	0.99221
859 G	0.00323	0.00451	0.99226
860 A	0.00319	0.00435	0.99246
861 T	0.00318	0.00418	0.99264
862 C	0.00315	0.00410	0.99275
863 C	0.00311	0.00415	0.99274
864 T	0.00304	0.00433	0.99262
865 A	0.00277	0.00495	0.99228
866 T	0.00265	0.00533	0.99202
867 A	0.00241	0.00621	0.99138
868 G	0.00234	0.00694	0.99073
869 A	0.00230	0.00736	0.99033
870 A	0.00228	0.00767	0.99005
871 A	0.00231	0.00780	0.98989
872 A	0.00237	0.00784	0.98979
873 A	0.00241	0.00768	0.98992
874 A	0.00245	0.00780	0.98975
875 T	0.00253	0.00771	0.98975
876 A	0.00255	0.00804	0.98941
877 G	0.00257	0.00810	0.98933
878 G	0.00263	0.00804	0.98934
879 A	0.00273	0.00790	0.98937
880 G	0.00287	0.00766	0.98947
881 T	0.00295	0.00759	0.98946
882 T	0.00295	0.00764	0.98941
883 G	0.00290	0.00789	0.98921
884 A	0.00283	0.00837	0.9888
885 A	0.00276	0.00890	0.98835
886 A	0.00273	0.00896	0.98831
887 A	0.00271	0.00898	0.98831
888 G	0.00299	0.00853	0.98848
889 A	0.00325	0.00838	0.98837
890 C	0.00388	0.00784	0.98829
891 T	0.00452	0.00748	0.988
892 A	0.00471	0.00790	0.9874
893 A	0.00495	0.00791	0.98714
894 A	0.00497	0.00791	0.98713
895 C	0.00511	0.00777	0.98713
896 A	0.00521	0.00769	0.98711
897 A	0.00575	0.00717	0.98708
898 C	0.00628	0.00664	0.98708
899 T	0.00706	0.00591	0.98703
900 T	0.00721	0.00577	0.98702
901 T	0.00716	0.00581	0.98702
902 T	0.00666	0.00631	0.98702
903 A	0.00568	0.00730	0.98702
904 C	0.00526	0.00769	0.98704
905 A	0.00449	0.00846	0.98704
906 A	0.00424	0.00869	0.98707
907 A	0.00436	0.00851	0.98713
908 A	0.00463	0.00818	0.9872
909 A	0.00464	0.00810	0.98726
910 G	0.00471	0.00783	0.98746
911 C	0.00485	0.00757	0.98757
912 A	0.00510	0.00729	0.98761
913 G	0.00544	0.00689	0.98766
914 A	0.00586	0.00642	0.98771
915 T	0.00661	0.00556	0.98782
916 T	0.00686	0.00525	0.9879
917 T	0.00689	0.00493	0.98818
918 A	0.00682	0.00488	0.9883
919 G	0.00680	0.00472	0.98849
920 T	0.00681	0.00461	0.98858
921 T	0.00680	0.00453	0.98867
922 T	0.00679	0.00448	0.98872
923 T	0.00673	0.00436	0.98891
924 A	0.00661	0.00432	0.98907
925 T	0.00655	0.00383	0.98962
926 T	0.00641	0.00317	0.99042
927 A	0.00624	0.00300	0.99076
928 T	0.00621	0.00230	0.99148
929 T	0.00615	0.00204	0.99181
930 G	0.00600	0.00205	0.99195
931 T	0.00588	0.00212	0.99201
932 T	0.00568	0.00231	0.99201
933 A	0.00524	0.00287	0.99189
934 G	0.00480	0.00350	0.99171
935 A	0.00432	0.00443	0.99125
936 T	0.00416	0.00500	0.99084
937 A	0.00391	0.00601	0.99008
938 A	0.00380	0.00647	0.98973
939 A	0.00375	0.00693	0.98933
940 A	0.00370	0.00734	0.98897
941 G	0.00370	0.00735	0.98895
942 T	0.00375	0.00746	0.98879
943 A	0.00377	0.00784	0.98839
944 A	0.00383	0.00804	0.98813
945 T	0.00394	0.00811	0.98795
946 T	0.00398	0.00824	0.98778
947 A	0.00400	0.00860	0.9874
948 T	0.00401	0.00867	0.98732
949 T	0.00397	0.00874	0.98729
950 T	0.00381	0.00905	0.98713
951 A	0.00364	0.00966	0.9867
952 G	0.00354	0.00986	0.9866
953 A	0.00350	0.00994	0.98656
954 A	0.00351	0.00995	0.98655
955 A	0.00356	0.00981	0.98662
956 A	0.00369	0.00944	0.98687
957 A	0.00391	0.00887	0.98722
958 G	0.00437	0.00797	0.98766
959 A	0.00482	0.00742	0.98775
960 T	0.00557	0.00651	0.98792
961 G	0.00589	0.00611	0.988
962 A	0.00630	0.00566	0.98804
963 T	0.00671	0.00519	0.9881
964 G	0.00679	0.00510	0.98812
965 C	0.00700	0.00491	0.98808
966 A	0.00743	0.00464	0.98793
967 A	0.00778	0.00449	0.98773
968 T	0.00803	0.00442	0.98756
969 A	0.00822	0.00424	0.98753
970 T	0.00873	0.00376	0.98751
971 T	0.00882	0.00362	0.98756
972 A	0.00879	0.00359	0.98761
973 C	0.00897	0.00320	0.98782
974 T	0.00940	0.00270	0.9879
975 T	0.00951	0.00260	0.98789
976 G	0.00953	0.00271	0.98775
977 A	0.00942	0.00308	0.9875
978 A	0.00882	0.00387	0.98731
979 T	0.00860	0.00407	0.98733
980 T	0.00817	0.00450	0.98733
981 A	0.00720	0.00546	0.98734
982 A	0.00653	0.00612	0.98735
983 C	0.00622	0.00640	0.98738
984 T	0.00598	0.00664	0.98738
985 C	0.00540	0.00723	0.98738
986 A	0.00474	0.00796	0.9873
987 A	0.00451	0.00826	0.98724
988 A	0.00442	0.00843	0.98715
989 A	0.00450	0.00835	0.98715
990 A	0.00466	0.00818	0.98716
991 T	0.00484	0.00789	0.98728
992 A	0.00487	0.00772	0.98741
993 T	0.00490	0.00756	0.98754
994 C	0.00488	0.00743	0.98769
995 C	0.00487	0.00737	0.98776
996 T	0.00485	0.00740	0.98774
997 A	0.00485	0.00746	0.98769
998 G	0.00490	0.00743	0.98767
999 A	0.00503	0.00730	0.98766
1000 A	0.00527	0.00688	0.98784
1001 T	0.00546	0.00585	0.98869
1002 T	0.00547	0.00538	0.98916
1003 A	0.00546	0.00490	0.98964
1004 T	0.00545	0.00397	0.99058
1005 A	0.00543	0.00328	0.99129
1006 G	0.00541	0.00292	0.99166
1007 T	0.00543	0.00269	0.99189
1008 A	0.00543	0.00230	0.99227
1009 G	0.00548	0.00173	0.99278
1010 G	0.00555	0.00160	0.99286
1011 T	0.00560	0.00163	0.99277
1012 A	0.00556	0.00203	0.99241
1013 G	0.00553	0.00264	0.99184
1014 T	0.00546	0.00374	0.99081
1015 A	0.00536	0.00406	0.99057
1016 A	0.00533	0.00413	0.99054
1017 A	0.00529	0.00415	0.99056
1018 T	0.00529	0.00412	0.99059
1019 C	0.00528	0.00410	0.99062
1020 T	0.00534	0.00406	0.99061
1021 G	0.00534	0.00408	0.99058
1022 A	0.00536	0.00409	0.99055
1023 T	0.00542	0.00403	0.99055
1024 T	0.00545	0.00400	0.99055
1025 T	0.00547	0.00395	0.99058
1026 A	0.00548	0.00392	0.9906
1027 C	0.00552	0.00386	0.99063
1028 C	0.00557	0.00379	0.99064
1029 T	0.00562	0.00375	0.99064
1030 T	0.00566	0.00374	0.99061
1031 C	0.00565	0.00376	0.99059
1032 A	0.00550	0.00399	0.99051
1033 A	0.00556	0.00396	0.99048
1034 A	0.00570	0.00382	0.99048
1035 A	0.00603	0.00347	0.99051
1036 A	0.00659	0.00290	0.99051
1037 T	0.00761	0.00181	0.99058
1038 T	0.00780	0.00161	0.99059
1039 A	0.00771	0.00192	0.99037
1040 A	0.00762	0.00223	0.99014
1041 T	0.00752	0.00264	0.98984
1042 T	0.00724	0.00321	0.98955
1043 T	0.00646	0.00456	0.98898
1044 G	0.00587	0.00534	0.98879
1045 G	0.00558	0.00564	0.98878
1046 A	0.00540	0.00584	0.98876
1047 G	0.00526	0.00599	0.98875
1048 C	0.00519	0.00606	0.98875
1049 C	0.00517	0.00611	0.98873
1050 A	0.00516	0.00621	0.98862
1051 A	0.00517	0.00626	0.98857
1052 A	0.00520	0.00625	0.98854
1053 T	0.00524	0.00622	0.98854
1054 T	0.00526	0.00617	0.98857
1055 T	0.00530	0.00595	0.98876
1056 A	0.00529	0.00589	0.98882
1057 A	0.00528	0.00584	0.98888
1058 A	0.00529	0.00578	0.98894
1059 A	0.00531	0.00570	0.98898
1060 G	0.00536	0.00561	0.98903
1061 A	0.00548	0.00544	0.98908
1062 A	0.00575	0.00497	0.98928
1063 A	0.00607	0.00441	0.98951
1064 T	0.00649	0.00368	0.98983
1065 G	0.00675	0.00305	0.9902
1066 G	0.00727	0.00183	0.9909
1067 T	0.00750	0.00115	0.99135
1068 T	0.00754	0.00088	0.99158
1069 T	0.00756	0.00078	0.99166
1070 C	0.00745	0.00091	0.99165
1071 T	0.00739	0.00130	0.99132
1072 A	0.00725	0.00159	0.99116
1073 T	0.00725	0.00165	0.9911
1074 T	0.00711	0.00187	0.99101
1075 T	0.00683	0.00225	0.99092
1076 C	0.00648	0.00265	0.99087
1077 T	0.00619	0.00298	0.99084
1078 A	0.00553	0.00370	0.99077
1079 A	0.00528	0.00398	0.99074
1080 T	0.00518	0.00413	0.99069
1081 C	0.00491	0.00441	0.99068
1082 A	0.00479	0.00455	0.99066
1083 T	0.00474	0.00459	0.99066
1084 A	0.00465	0.00468	0.99067
1085 C	0.00458	0.00475	0.99068
1086 T	0.00451	0.00482	0.99067
1087 C	0.00436	0.00498	0.99066
1088 A	0.00421	0.00522	0.99057
1089 A	0.00404	0.00553	0.99043
1090 G	0.00387	0.00584	0.99029
1091 A	0.00382	0.00599	0.9902
1092 A	0.00380	0.00610	0.9901
1093 G	0.00387	0.00596	0.99017
1094 G	0.00420	0.00557	0.99024
1095 T	0.00441	0.00529	0.9903
1096 A	0.00444	0.00534	0.99022
1097 T	0.00450	0.00515	0.99034
1098 T	0.00446	0.00501	0.99053
1099 G	0.00431	0.00499	0.99069
1100 A	0.00419	0.00502	0.99079
1101 A	0.00417	0.00468	0.99115
1102 G	0.00417	0.00471	0.99112
1103 A	0.00417	0.00532	0.99051
1104 T	0.00413	0.00622	0.98964
1105 T	0.00401	0.00694	0.98905
1106 T	0.00374	0.00770	0.98855
1107 A	0.00333	0.00877	0.9879
1108 A	0.00315	0.00920	0.98765
1109 A	0.00308	0.00933	0.98759
1110 A	0.00307	0.00927	0.98767
1111 A	0.00315	0.00908	0.98776
1112 A	0.00331	0.00880	0.98789
1113 T	0.00349	0.00846	0.98805
1114 A	0.00359	0.00832	0.9881
1115 A	0.00371	0.00816	0.98813
1116 T	0.00389	0.00794	0.98817
1117 A	0.00399	0.00783	0.98817
1118 T	0.00420	0.00759	0.98821
1119 T	0.00441	0.00732	0.98827
1120 T	0.00450	0.00723	0.98826
1121 T	0.00457	0.00717	0.98826
1122 A	0.00458	0.00721	0.9882
1123 A	0.00466	0.00713	0.98822
1124 A	0.00479	0.00695	0.98826
1125 A	0.00517	0.00653	0.98831
1126 A	0.00614	0.00545	0.98841
1127 T	0.00790	0.00350	0.9886
1128 T	0.00870	0.00253	0.98877
1129 T	0.00908	0.00197	0.98895
1130 T	0.00921	0.00157	0.98921
1131 T	0.00912	0.00159	0.98929
1132 C	0.00877	0.00199	0.98924
1133 A	0.00811	0.00312	0.98878
1134 A	0.00780	0.00380	0.9884
1135 T	0.00753	0.00461	0.98786
1136 T	0.00715	0.00544	0.98741
1137 A	0.00660	0.00609	0.98731
1138 G	0.00610	0.00662	0.98727
1139 A	0.00592	0.00686	0.98721
1140 T	0.00589	0.00692	0.98719
1141 C	0.00583	0.00707	0.98711
1142 A	0.00583	0.00726	0.98691
1143 A	0.00589	0.00722	0.98689
1144 A	0.00595	0.00718	0.98688
1145 T	0.00607	0.00702	0.98691
1146 T	0.00605	0.00703	0.98692
1147 C	0.00590	0.00714	0.98696
1148 A	0.00583	0.00723	0.98694
1149 A	0.00580	0.00726	0.98694
1150 G	0.00580	0.00725	0.98694
1151 A	0.00582	0.00724	0.98694
1152 T	0.00586	0.00717	0.98696
1153 A	0.00590	0.00700	0.9871
1154 A	0.00597	0.00672	0.98732
1155 A	0.00610	0.00621	0.98769
1156 G	0.00654	0.00506	0.98839
1157 A	0.00692	0.00427	0.98881
1158 T	0.00754	0.00318	0.98928
1159 T	0.00795	0.00233	0.98972
1160 T	0.00804	0.00183	0.99013
1161 C	0.00807	0.00149	0.99044
1162 A	0.00811	0.00169	0.9902
1163 A	0.00814	0.00175	0.99011
1164 T	0.00825	0.00176	0.99
1165 T	0.00841	0.00174	0.98985
1166 A	0.00842	0.00182	0.98976
1167 T	0.00845	0.00179	0.98976
1168 T	0.00846	0.00175	0.98979
1169 T	0.00844	0.00175	0.9898
1170 A	0.00842	0.00181	0.98977
1171 T	0.00843	0.00186	0.9897
1172 C	0.00839	0.00191	0.9897
1173 T	0.00835	0.00213	0.98952
1174 A	0.00826	0.00225	0.98949
1175 A	0.00821	0.00233	0.98946
1176 C	0.00815	0.00240	0.98944
1177 G	0.00806	0.00256	0.98937
1178 C	0.00803	0.00265	0.98932
1179 T	0.00803	0.00271	0.98926
1180 A	0.00791	0.00288	0.98921
1181 G	0.00790	0.00292	0.98917
1182 A	0.00794	0.00294	0.98912
1183 C	0.00800	0.00294	0.98907
1184 A	0.00808	0.00299	0.98893
1185 T	0.00845	0.00263	0.98891
1186 A	0.00858	0.00251	0.98891
1187 T	0.00876	0.00235	0.98889
1188 T	0.00883	0.00228	0.98889
1189 C	0.00883	0.00225	0.98892
1190 A	0.00882	0.00230	0.98887
1191 A	0.00880	0.00233	0.98887
1192 C	0.00886	0.00228	0.98887
1193 A	0.00900	0.00213	0.98887
1194 A	0.00911	0.00202	0.98887
1195 A	0.00917	0.00190	0.98892
1196 T	0.00935	0.00167	0.98899
1197 C	0.00936	0.00159	0.98906
1198 A	0.00938	0.00155	0.98907
1199 A	0.00941	0.00146	0.98912
1200 T	0.00950	0.00130	0.9892
1201 A	0.00952	0.00124	0.98924
1202 T	0.00956	0.00118	0.98927
1203 C	0.00952	0.00108	0.98939
1204 G	0.00950	0.00111	0.98939
1205 C	0.00951	0.00111	0.98938
1206 T	0.00956	0.00113	0.98931
1207 T	0.00964	0.00106	0.98929
1208 T	0.00961	0.00110	0.98929
1209 A	0.00959	0.00112	0.98929
1210 A	0.00959	0.00112	0.98929
1211 C	0.00959	0.00106	0.98935
1212 A	0.00959	0.00102	0.9894
1213 T	0.00963	0.00093	0.98944
1214 C	0.00964	0.00088	0.98949
1215 T	0.00964	0.00087	0.98949
1216 T	0.00963	0.00088	0.98949
1217 T	0.00962	0.00087	0.9895
1218 A	0.00960	0.00090	0.98951
1219 C	0.00958	0.00090	0.98951
1220 A	0.00958	0.00091	0.98952
1221 G	0.00961	0.00089	0.9895
1222 A	0.00960	0.00098	0.98942
1223 A	0.00963	0.00099	0.98938
1224 T	0.00966	0.00094	0.9894
1225 A	0.00967	0.00088	0.98945
1226 T	0.00970	0.00076	0.98954
1227 T	0.00972	0.00068	0.9896
1228 C	0.00973	0.00063	0.98964
1229 T	0.00976	0.00070	0.98954
1230 T	0.00976	0.00089	0.98935
1231 T	0.00976	0.00115	0.98909
1232 T	0.00974	0.00135	0.98891
1233 A	0.00969	0.00174	0.98856
1234 G	0.00967	0.00194	0.98838
1235 A	0.00966	0.00200	0.98835
1236 T	0.00960	0.00208	0.98832
1237 A	0.00950	0.00225	0.98825
1238 T	0.00946	0.00230	0.98824
1239 C	0.00932	0.00252	0.98816
1240 G	0.00920	0.00290	0.98789
1241 A	0.00915	0.00313	0.98773
1242 A	0.00914	0.00315	0.9877
1243 A	0.00916	0.00317	0.98767
1244 A	0.00919	0.00315	0.98766
1245 T	0.00928	0.00307	0.98765
1246 C	0.00931	0.00307	0.98762
1247 A	0.00932	0.00323	0.98745
1248 A	0.00933	0.00324	0.98743
1249 A	0.00936	0.00321	0.98743
1250 T	0.00941	0.00316	0.98743
1251 G	0.00945	0.00311	0.98743
1252 C	0.00959	0.00295	0.98746
1253 C	0.00982	0.00271	0.98747
1254 T	0.01010	0.00243	0.98747
1255 A	0.01023	0.00232	0.98746
1256 T	0.01052	0.00203	0.98746
1257 T	0.01062	0.00193	0.98744
1258 G	0.01061	0.00196	0.98743
1259 A	0.01064	0.00191	0.98745
1260 T	0.01076	0.00170	0.98755
1261 A	0.01077	0.00166	0.98757
1262 T	0.01084	0.00150	0.98766
1263 T	0.01097	0.00133	0.9877
1264 C	0.01098	0.00129	0.98773
1265 A	0.01093	0.00135	0.98772
1266 T	0.01095	0.00133	0.98772
1267 A	0.01093	0.00135	0.98772
1268 C	0.01094	0.00134	0.98773
1269 C	0.01095	0.00135	0.98771
1270 A	0.01103	0.00134	0.98762
1271 T	0.01106	0.00141	0.98753
1272 T	0.01104	0.00157	0.98739
1273 A	0.01103	0.00185	0.98712
1274 A	0.01102	0.00196	0.98702
1275 T	0.01103	0.00198	0.98698
1276 T	0.01102	0.00207	0.98692
1277 T	0.01097	0.00222	0.98681
1278 A	0.01045	0.00292	0.98663
1279 A	0.00985	0.00378	0.98637
1280 A	0.00946	0.00430	0.98624
1281 A	0.00897	0.00491	0.98612
1282 G	0.00863	0.00524	0.98613
1283 A	0.00853	0.00531	0.98615
1284 A	0.00850	0.00531	0.98619
1285 G	0.00849	0.00524	0.98627
1286 C	0.00853	0.00513	0.98633
1287 T	0.00855	0.00509	0.98635
1288 T	0.00855	0.00508	0.98637
1289 A	0.00852	0.00510	0.98638
1290 T	0.00851	0.00508	0.9864
1291 G	0.00849	0.00510	0.98641
1292 A	0.00850	0.00504	0.98647
1293 C	0.00858	0.00489	0.98653
1294 G	0.00869	0.00478	0.98653
1295 C	0.00884	0.00463	0.98653
1296 T	0.00914	0.00442	0.98644
1297 T	0.00924	0.00457	0.98619
1298 T	0.00927	0.00468	0.98604
1299 A	0.00924	0.00489	0.98587
1300 A	0.00928	0.00492	0.9858
1301 A	0.00944	0.00424	0.98632
1302 T	0.00971	0.00337	0.98692
1303 A	0.00983	0.00290	0.98727
1304 A	0.00998	0.00230	0.98773
1305 T	0.01004	0.00193	0.98803
1306 A	0.01007	0.00199	0.98794
1307 T	0.01011	0.00197	0.98793
1308 T	0.01010	0.00210	0.98781
1309 T	0.01008	0.00239	0.98754
1310 T	0.01000	0.00293	0.98707
1311 A	0.00988	0.00343	0.98669
1312 G	0.00980	0.00367	0.98652
1313 G	0.00971	0.00408	0.98621
1314 T	0.00968	0.00451	0.98582
1315 A	0.00961	0.00500	0.98538
1316 A	0.00958	0.00557	0.98484
1317 A	0.00959	0.00616	0.98425
1318 A	0.00963	0.00677	0.9836
1319 A	0.00973	0.00701	0.98326
1320 T	0.01004	0.00675	0.9832
1321 A	0.01016	0.00664	0.9832
1322 T	0.01030	0.00645	0.98325
1323 T	0.01032	0.00640	0.98328
1324 C	0.01024	0.00648	0.98327
1325 C	0.01018	0.00664	0.98318
1326 A	0.01011	0.00690	0.983
1327 G	0.01011	0.00698	0.98291
1328 A	0.01017	0.00701	0.98282
1329 T	0.01042	0.00679	0.98279
