# lcl|CP097583.1_cds_USQ93238.1_1
# AA	inside	membr	outside
1 A	0.39335	0.00000	0.60665
2 T	0.39223	0.00112	0.60665
3 G	0.39110	0.00224	0.60665
4 A	0.39110	0.01850	0.5904
5 A	0.36582	0.05195	0.58223
6 C	0.36582	0.05266	0.58152
7 A	0.35033	0.06884	0.58083
8 G	0.35033	0.06885	0.58082
9 T	0.34934	0.07006	0.5806
10 T	0.34933	0.09152	0.55915
11 T	0.34899	0.09382	0.55718
12 T	0.33606	0.10857	0.55537
13 G	0.30202	0.15881	0.53917
14 A	0.30202	0.15881	0.53917
15 T	0.30202	0.19296	0.50502
16 T	0.30008	0.19490	0.50502
17 T	0.29362	0.20228	0.5041
18 A	0.29328	0.20290	0.50382
19 G	0.28392	0.21242	0.50366
20 A	0.25798	0.24150	0.50052
21 A	0.23099	0.26845	0.50056
22 C	0.22975	0.26984	0.50041
23 A	0.22919	0.27127	0.49953
24 A	0.22973	0.27132	0.49896
25 A	0.23071	0.26862	0.50067
26 A	0.23174	0.26608	0.50218
27 T	0.24680	0.24950	0.5037
28 T	0.25401	0.21757	0.52843
29 C	0.25427	0.21518	0.53055
30 T	0.25442	0.20405	0.54153
31 A	0.24776	0.20986	0.54237
32 G	0.24544	0.21005	0.5445
33 C	0.25916	0.19556	0.54528
34 G	0.25712	0.20600	0.53688
35 A	0.26056	0.20056	0.53887
36 T	0.27626	0.16085	0.56289
37 T	0.27235	0.18251	0.54513
38 G	0.27885	0.18271	0.53844
39 G	0.26649	0.20973	0.52378
40 T	0.26108	0.22012	0.5188
41 A	0.25290	0.23082	0.51628
42 T	0.24173	0.23478	0.5235
43 G	0.22940	0.23037	0.54024
44 A	0.21433	0.22977	0.5559
45 A	0.20746	0.23815	0.55439
46 C	0.20502	0.24129	0.55368
47 A	0.20250	0.24761	0.54988
48 T	0.20126	0.25043	0.54831
49 A	0.19968	0.25453	0.54579
50 G	0.19855	0.25763	0.54382
51 A	0.19776	0.26105	0.54118
52 A	0.19699	0.26560	0.53741
53 A	0.19608	0.27202	0.5319
54 A	0.19542	0.27175	0.53284
55 A	0.19628	0.27004	0.53368
56 A	0.19795	0.26612	0.53594
57 A	0.21149	0.25153	0.53698
58 T	0.22602	0.23057	0.54341
59 A	0.23271	0.22142	0.54587
60 T	0.25195	0.19412	0.55393
61 A	0.25756	0.18256	0.55988
62 T	0.27218	0.16020	0.56763
63 T	0.26047	0.17687	0.56266
64 A	0.24664	0.18527	0.56809
65 A	0.24531	0.17699	0.5777
66 T	0.24330	0.16574	0.59096
67 G	0.23971	0.15588	0.60441
68 C	0.23605	0.15283	0.61111
69 T	0.23432	0.15401	0.61167
70 T	0.23201	0.16085	0.60714
71 C	0.22559	0.17311	0.6013
72 A	0.22141	0.19183	0.58676
73 G	0.22126	0.19702	0.58173
74 A	0.22247	0.20437	0.57317
75 A	0.22667	0.20813	0.56521
76 G	0.23442	0.20201	0.56357
77 T	0.24172	0.19400	0.56429
78 A	0.24398	0.19260	0.56342
79 G	0.24680	0.19033	0.56288
80 C	0.25158	0.18584	0.56257
81 A	0.25437	0.18547	0.56016
82 A	0.25690	0.18352	0.55959
83 T	0.26006	0.18031	0.55963
84 A	0.26274	0.17768	0.55957
85 A	0.26706	0.17314	0.5598
86 T	0.28004	0.13476	0.5852
87 T	0.28155	0.11854	0.59991
88 A	0.27973	0.11884	0.60144
89 T	0.28034	0.11471	0.60495
90 G	0.27986	0.10900	0.61114
91 G	0.27997	0.09977	0.62025
92 G	0.28208	0.09231	0.62561
93 T	0.29147	0.08409	0.62444
94 C	0.29832	0.08450	0.61718
95 T	0.31204	0.12403	0.56392
96 A	0.31281	0.14579	0.54141
97 A	0.31666	0.14471	0.53863
98 A	0.31991	0.14287	0.53721
99 T	0.32349	0.14018	0.53633
100 C	0.32482	0.13915	0.53603
101 C	0.32722	0.13660	0.53618
102 T	0.32901	0.13546	0.53554
103 T	0.32802	0.13716	0.53482
104 T	0.32178	0.14396	0.53426
105 C	0.29035	0.17610	0.53355
106 G	0.25722	0.21172	0.53106
107 A	0.23500	0.23508	0.52992
108 A	0.21541	0.25651	0.52808
109 A	0.20230	0.27131	0.52639
110 A	0.18834	0.28648	0.52518
111 C	0.17981	0.29271	0.52748
112 A	0.16953	0.30468	0.52579
113 A	0.15915	0.31663	0.52422
114 A	0.15746	0.32014	0.5224
115 C	0.16080	0.31716	0.52205
116 A	0.16602	0.31359	0.52038
117 A	0.17751	0.30117	0.52132
118 A	0.22434	0.25308	0.52259
119 A	0.24555	0.22925	0.5252
120 T	0.25096	0.22155	0.5275
121 C	0.25366	0.21465	0.5317
122 T	0.25580	0.21153	0.53266
123 T	0.25693	0.20906	0.53401
124 T	0.25561	0.20916	0.53523
125 T	0.25364	0.21015	0.53621
126 T	0.24843	0.21453	0.53704
127 A	0.23383	0.22314	0.54303
128 A	0.21730	0.21093	0.57177
129 A	0.19369	0.20483	0.60148
130 A	0.17462	0.20343	0.62195
131 G	0.16551	0.19398	0.64052
132 A	0.16374	0.18416	0.6521
133 A	0.16330	0.17010	0.6666
134 A	0.16279	0.16069	0.67652
135 A	0.16481	0.14851	0.68667
136 C	0.16795	0.13434	0.69771
137 T	0.17002	0.13279	0.69718
138 T	0.16930	0.13921	0.6915
139 T	0.16751	0.15067	0.68182
140 T	0.16547	0.16032	0.67421
141 T	0.16044	0.17517	0.66439
142 G	0.14318	0.22682	0.63
143 A	0.13076	0.26369	0.60555
144 T	0.12529	0.27812	0.59659
145 G	0.11482	0.29996	0.58522
146 A	0.10736	0.31208	0.58055
147 G	0.10007	0.32056	0.57937
148 A	0.09754	0.32382	0.57863
149 A	0.09686	0.32177	0.58137
150 A	0.09790	0.30938	0.59272
151 A	0.09932	0.29266	0.60802
152 T	0.10088	0.26879	0.63033
153 A	0.10173	0.25345	0.64482
154 G	0.10271	0.24523	0.65206
155 A	0.10325	0.24361	0.65315
156 A	0.10415	0.24217	0.65368
157 G	0.10578	0.24008	0.65414
158 A	0.10916	0.23810	0.65274
159 T	0.11428	0.23465	0.65107
160 A	0.11862	0.23669	0.64468
161 A	0.12801	0.23164	0.64035
162 T	0.14071	0.21803	0.64127
163 G	0.14845	0.21034	0.64122
164 A	0.15881	0.19705	0.64414
165 T	0.19920	0.14039	0.66041
166 T	0.22226	0.10647	0.67126
167 T	0.22961	0.09533	0.67506
168 T	0.23632	0.08168	0.682
169 A	0.23755	0.07523	0.68722
170 T	0.23876	0.06775	0.6935
171 G	0.23921	0.06470	0.69609
172 C	0.24126	0.06164	0.69709
173 G	0.24270	0.06034	0.69696
174 T	0.24418	0.05958	0.69624
175 C	0.24315	0.06184	0.69502
176 A	0.23630	0.07383	0.68988
177 T	0.21618	0.10013	0.68368
178 G	0.20414	0.12025	0.67562
179 G	0.20004	0.13635	0.66361
180 A	0.19431	0.15668	0.64902
181 A	0.19290	0.16007	0.64703
182 G	0.19366	0.16124	0.6451
183 A	0.19417	0.16546	0.64037
184 G	0.19538	0.17293	0.63169
185 C	0.19566	0.17624	0.6281
186 T	0.19552	0.18285	0.62163
187 T	0.19132	0.19507	0.61361
188 T	0.17970	0.21229	0.60802
189 A	0.16254	0.23032	0.60714
190 G	0.15302	0.23981	0.60717
191 A	0.14729	0.24505	0.60766
192 A	0.14300	0.24814	0.60886
193 C	0.13893	0.25105	0.61002
194 C	0.13636	0.25287	0.61077
195 A	0.13374	0.25577	0.61049
196 A	0.13196	0.25749	0.61055
197 A	0.13214	0.25708	0.61079
198 A	0.13324	0.25516	0.6116
199 G	0.13834	0.24204	0.61961
200 C	0.14565	0.20852	0.64582
201 T	0.15430	0.18942	0.65628
202 A	0.16333	0.17680	0.65988
203 G	0.17478	0.16025	0.66497
204 A	0.17759	0.15501	0.66741
205 A	0.18091	0.14984	0.66926
206 A	0.18956	0.12886	0.68158
207 T	0.20687	0.09958	0.69355
208 T	0.21323	0.08259	0.70418
209 T	0.21726	0.06960	0.71315
210 T	0.21968	0.06138	0.71893
211 T	0.22067	0.05400	0.72533
212 T	0.22027	0.05695	0.72277
213 T	0.21683	0.06671	0.71646
214 A	0.21081	0.08566	0.70354
215 A	0.20820	0.09031	0.70149
216 T	0.20630	0.09151	0.7022
217 G	0.20208	0.09851	0.69941
218 A	0.19892	0.11047	0.69061
219 T	0.19773	0.11962	0.68265
220 A	0.19647	0.14249	0.66104
221 T	0.19610	0.15699	0.6469
222 T	0.19559	0.16783	0.63659
223 A	0.19483	0.17728	0.6279
224 A	0.19428	0.18519	0.62053
225 T	0.19305	0.19413	0.61282
226 A	0.18274	0.20572	0.61154
227 A	0.17659	0.21221	0.61119
228 A	0.17334	0.21553	0.61113
229 A	0.17151	0.21736	0.61113
230 C	0.17098	0.21774	0.61128
231 A	0.17174	0.21715	0.6111
232 G	0.17583	0.21294	0.61123
233 A	0.18128	0.20741	0.61131
234 A	0.19004	0.19839	0.61158
235 T	0.20612	0.18195	0.61192
236 T	0.21862	0.16604	0.61535
237 T	0.22931	0.15008	0.6206
238 A	0.23021	0.14681	0.62298
239 A	0.23183	0.14302	0.62515
240 A	0.23627	0.13420	0.62953
241 C	0.24824	0.11813	0.63363
242 C	0.25956	0.10553	0.6349
243 C	0.28470	0.07982	0.63548
244 T	0.30000	0.06448	0.63552
245 T	0.30863	0.05581	0.63556
246 A	0.31323	0.05114	0.63563
247 G	0.31872	0.04515	0.63613
248 T	0.32578	0.03638	0.63784
249 T	0.32707	0.02374	0.64919
250 T	0.32743	0.01705	0.65552
251 G	0.32749	0.01438	0.65812
252 T	0.32748	0.01332	0.6592
253 G	0.32734	0.01394	0.65872
254 T	0.32747	0.01451	0.65802
255 T	0.32626	0.01630	0.65744
256 A	0.32462	0.01834	0.65704
257 A	0.32371	0.01936	0.65694
258 A	0.32326	0.02007	0.65667
259 G	0.32315	0.02000	0.65685
260 A	0.32325	0.01962	0.65714
261 T	0.32344	0.01827	0.65828
262 T	0.32329	0.01779	0.65893
263 T	0.32319	0.01804	0.65877
264 T	0.32304	0.01818	0.65877
265 T	0.32287	0.01819	0.65893
266 T	0.32263	0.01831	0.65905
267 T	0.32171	0.01916	0.65913
268 T	0.31986	0.02090	0.65924
269 C	0.31804	0.02247	0.65948
270 A	0.31658	0.02396	0.65946
271 G	0.31599	0.02448	0.65953
272 C	0.31601	0.02436	0.65963
273 A	0.31655	0.02379	0.65965
274 T	0.31802	0.02224	0.65974
275 C	0.31895	0.02093	0.66012
276 T	0.31987	0.02009	0.66003
277 T	0.32023	0.01997	0.6598
278 T	0.31985	0.01977	0.66038
279 A	0.31766	0.02169	0.66065
280 G	0.31544	0.02443	0.66013
281 A	0.31422	0.02684	0.65893
282 T	0.30819	0.03419	0.65762
283 G	0.29802	0.04859	0.65339
284 G	0.29223	0.05704	0.65073
285 T	0.28908	0.06228	0.64865
286 T	0.28381	0.07085	0.64534
287 G	0.27619	0.08254	0.64128
288 G	0.27247	0.08893	0.63861
289 A	0.27115	0.09032	0.63853
290 A	0.27000	0.09075	0.63925
291 T	0.26902	0.08993	0.64106
292 G	0.26575	0.09249	0.64177
293 C	0.26353	0.09544	0.64103
294 A	0.26004	0.10746	0.6325
295 G	0.25789	0.11021	0.63189
296 A	0.25616	0.11246	0.63139
297 A	0.25409	0.11496	0.63095
298 A	0.25186	0.11736	0.63079
299 C	0.24918	0.11898	0.63184
300 A	0.24790	0.12072	0.63138
301 A	0.24716	0.12197	0.63087
302 A	0.24772	0.12031	0.63197
303 A	0.24949	0.11685	0.63365
304 A	0.25180	0.11317	0.63503
305 G	0.25527	0.09942	0.64532
306 T	0.26238	0.08133	0.65629
307 T	0.26575	0.07237	0.66188
308 T	0.26749	0.07312	0.65939
309 A	0.26640	0.07788	0.65573
310 T	0.26830	0.07721	0.65449
311 T	0.26862	0.07893	0.65245
312 A	0.26610	0.08407	0.64982
313 G	0.26586	0.08535	0.64878
314 A	0.26611	0.08701	0.64688
315 A	0.26650	0.08594	0.64756
316 A	0.26779	0.08429	0.64793
317 T	0.27585	0.07382	0.65032
318 T	0.27625	0.07253	0.65121
319 A	0.27623	0.07301	0.65077
320 A	0.27651	0.07129	0.65219
321 A	0.27681	0.06841	0.65478
322 T	0.27730	0.06456	0.65814
323 G	0.27787	0.06267	0.65946
324 T	0.27858	0.06084	0.66058
325 C	0.27862	0.06041	0.66097
326 C	0.27866	0.06075	0.66059
327 A	0.27897	0.06133	0.6597
328 A	0.28022	0.06020	0.65957
329 T	0.28282	0.05773	0.65945
330 A	0.28506	0.05575	0.65919
331 T	0.29300	0.04748	0.65953
332 C	0.29975	0.03691	0.66335
333 T	0.30657	0.03323	0.6602
334 T	0.30939	0.03771	0.6529
335 T	0.31071	0.04351	0.64578
336 T	0.31003	0.05241	0.63756
337 A	0.30822	0.05551	0.63627
338 A	0.30871	0.05497	0.63632
339 T	0.31044	0.05260	0.63696
340 T	0.31080	0.05184	0.63736
341 C	0.31025	0.05213	0.63762
342 T	0.31101	0.05143	0.63756
343 A	0.31057	0.05183	0.63761
344 A	0.31037	0.05195	0.63767
345 A	0.31035	0.05189	0.63776
346 A	0.31045	0.05162	0.63793
347 C	0.31067	0.05051	0.63881
348 T	0.31102	0.04984	0.63914
349 T	0.31111	0.04991	0.63898
350 G	0.31097	0.05027	0.63876
351 G	0.31087	0.05097	0.63816
352 A	0.31079	0.05248	0.63673
353 A	0.31112	0.05333	0.63556
354 A	0.31232	0.05301	0.63467
355 A	0.31497	0.05058	0.63445
356 A	0.32134	0.04393	0.63474
357 T	0.33110	0.03270	0.6362
358 T	0.33798	0.02457	0.63745
359 T	0.34282	0.01856	0.63863
360 T	0.34333	0.01608	0.64058
361 T	0.34346	0.01515	0.6414
362 T	0.34337	0.01470	0.64194
363 T	0.34236	0.01501	0.64263
364 C	0.34021	0.01680	0.64299
365 T	0.33890	0.01859	0.64252
366 T	0.33602	0.02195	0.64204
367 A	0.33113	0.02811	0.64076
368 A	0.32920	0.03056	0.64024
369 G	0.32839	0.03135	0.64026
370 G	0.32788	0.03167	0.64046
371 A	0.32788	0.03155	0.64057
372 T	0.32861	0.03044	0.64095
373 C	0.32899	0.02969	0.64132
374 A	0.32962	0.02913	0.64125
375 A	0.33088	0.02764	0.64148
376 A	0.33227	0.02605	0.64167
377 T	0.33349	0.02474	0.64177
378 T	0.33420	0.02399	0.64181
379 C	0.33462	0.02348	0.6419
380 C	0.33488	0.02320	0.64192
381 T	0.33541	0.02273	0.64185
382 A	0.33576	0.02249	0.64176
383 T	0.33620	0.02209	0.64171
384 T	0.33674	0.02175	0.64152
385 T	0.33703	0.02145	0.64151
386 A	0.33699	0.02004	0.64297
387 T	0.33762	0.01600	0.64638
388 T	0.33794	0.01473	0.64732
389 A	0.33811	0.01483	0.64705
390 T	0.33852	0.01673	0.64475
391 T	0.33797	0.01732	0.64471
392 A	0.33430	0.02293	0.64278
393 T	0.33292	0.02407	0.64301
394 G	0.32904	0.02827	0.64268
395 C	0.32691	0.03076	0.64233
396 T	0.32576	0.03277	0.64146
397 C	0.32398	0.03575	0.64028
398 A	0.32276	0.03913	0.63811
399 A	0.32228	0.03997	0.63775
400 G	0.32210	0.04033	0.63756
401 T	0.32203	0.04056	0.63741
402 A	0.32189	0.04082	0.6373
403 C	0.32186	0.04077	0.63737
404 A	0.32190	0.04078	0.63731
405 A	0.32196	0.04065	0.63738
406 G	0.32206	0.04047	0.63747
407 C	0.32235	0.04010	0.63754
408 A	0.32279	0.03964	0.63757
409 C	0.32392	0.03814	0.63794
410 A	0.32463	0.03741	0.63795
411 G	0.32563	0.03633	0.63805
412 A	0.32823	0.03397	0.63781
413 T	0.33282	0.02881	0.63838
414 G	0.33379	0.02759	0.63861
415 T	0.33627	0.02156	0.64217
416 A	0.33676	0.02013	0.64312
417 T	0.33772	0.01549	0.64679
418 T	0.33842	0.01287	0.64871
419 G	0.33902	0.01145	0.64953
420 T	0.34000	0.00936	0.65064
421 T	0.34116	0.00737	0.65147
422 C	0.34117	0.00698	0.65185
423 T	0.34117	0.00693	0.6519
424 T	0.34111	0.00695	0.65194
425 C	0.34088	0.00712	0.652
426 T	0.34074	0.00735	0.65191
427 T	0.34047	0.00771	0.65183
428 C	0.33982	0.00856	0.65162
429 T	0.33941	0.00983	0.65076
430 G	0.33841	0.01120	0.65038
431 A	0.33808	0.01222	0.6497
432 A	0.33794	0.01264	0.64942
433 A	0.33794	0.01266	0.64941
434 A	0.33812	0.01238	0.6495
435 A	0.33874	0.01171	0.64954
436 G	0.33933	0.01108	0.64959
437 C	0.34030	0.01001	0.64969
438 T	0.34124	0.00915	0.64961
439 T	0.34171	0.00886	0.64942
440 T	0.34199	0.00875	0.64926
441 T	0.34209	0.00879	0.64913
442 T	0.34211	0.00900	0.64888
443 T	0.34200	0.00948	0.64853
444 T	0.34141	0.01067	0.64791
445 T	0.33976	0.01364	0.64661
446 T	0.32841	0.02597	0.64562
447 G	0.31367	0.04163	0.6447
448 G	0.31073	0.04638	0.6429
449 T	0.30954	0.04776	0.6427
450 A	0.30792	0.04916	0.64293
451 T	0.30745	0.04909	0.64346
452 T	0.30649	0.04981	0.64369
453 C	0.30043	0.05544	0.64414
454 C	0.29105	0.06526	0.64369
455 A	0.28802	0.07004	0.64193
456 A	0.28664	0.07292	0.64044
457 A	0.28559	0.07518	0.63922
458 G	0.28470	0.07693	0.63837
459 T	0.28424	0.07765	0.63811
460 T	0.28240	0.07990	0.6377
461 A	0.27555	0.08745	0.63699
462 T	0.27034	0.09340	0.63625
463 C	0.26043	0.10370	0.63588
464 A	0.25681	0.10944	0.63375
465 A	0.25353	0.11507	0.6314
466 A	0.25111	0.11751	0.63138
467 A	0.24983	0.11790	0.63227
468 T	0.24826	0.11715	0.6346
469 G	0.22513	0.12622	0.64864
470 C	0.19630	0.14115	0.66255
471 C	0.17472	0.16271	0.66257
472 A	0.15292	0.19691	0.65018
473 A	0.13826	0.21883	0.6429
474 A	0.13390	0.22851	0.63759
475 G	0.13192	0.23242	0.63566
476 T	0.13110	0.23129	0.63761
477 G	0.12850	0.23037	0.64113
478 A	0.12798	0.23898	0.63305
479 A	0.12572	0.25626	0.61802
480 A	0.11764	0.27196	0.6104
481 G	0.11412	0.27826	0.60761
482 A	0.11237	0.27962	0.60801
483 A	0.11104	0.27912	0.60984
484 A	0.11087	0.27294	0.61619
485 T	0.11163	0.26617	0.6222
486 C	0.11098	0.25833	0.63069
487 A	0.11115	0.25763	0.63121
488 A	0.11152	0.25619	0.63229
489 A	0.11040	0.25592	0.63368
490 A	0.10916	0.25643	0.63442
491 G	0.10831	0.25385	0.63784
492 A	0.10808	0.22977	0.66216
493 G	0.10921	0.19503	0.69576
494 A	0.11221	0.16877	0.71901
495 T	0.12543	0.13189	0.74269
496 C	0.13196	0.10944	0.75859
497 C	0.13724	0.10127	0.76149
498 G	0.14146	0.09754	0.761
499 A	0.14683	0.09364	0.75953
500 T	0.15471	0.08632	0.75898
501 A	0.16311	0.08210	0.75479
502 T	0.17731	0.07170	0.751
503 T	0.18225	0.07035	0.7474
504 T	0.18081	0.08124	0.73794
505 A	0.17284	0.11308	0.71408
506 T	0.16509	0.14131	0.6936
507 T	0.15389	0.18690	0.65921
508 G	0.13999	0.22235	0.63765
509 A	0.13295	0.24604	0.621
510 A	0.12951	0.25894	0.61156
511 A	0.12864	0.26402	0.60734
512 A	0.12610	0.26781	0.6061
513 A	0.12592	0.26768	0.6064
514 A	0.12638	0.26659	0.60703
515 T	0.12661	0.26547	0.60791
516 G	0.12636	0.26531	0.60833
517 T	0.12637	0.26523	0.6084
518 A	0.12609	0.26549	0.60842
519 T	0.12610	0.26511	0.60879
520 G	0.12543	0.26593	0.60864
521 A	0.12596	0.26702	0.60701
522 A	0.12771	0.26584	0.60644
523 G	0.13014	0.26307	0.60679
524 A	0.13537	0.25650	0.60813
525 A	0.14556	0.24266	0.61177
526 T	0.16575	0.21819	0.61606
527 G	0.18381	0.19147	0.62472
528 T	0.21808	0.14514	0.63679
529 C	0.24201	0.10989	0.6481
530 T	0.27785	0.06692	0.65523
531 T	0.29286	0.04680	0.66034
532 A	0.30138	0.03585	0.66277
533 T	0.30769	0.02682	0.6655
534 T	0.31058	0.02326	0.66616
535 T	0.31159	0.01994	0.66847
536 T	0.31123	0.02241	0.66636
537 T	0.30958	0.03228	0.65814
538 T	0.30440	0.04912	0.64648
539 A	0.28793	0.08313	0.62894
540 T	0.27249	0.10275	0.62476
541 A	0.25798	0.12491	0.61711
542 A	0.24821	0.14160	0.6102
543 A	0.24292	0.15210	0.60498
544 C	0.24179	0.15427	0.60394
545 T	0.23414	0.16622	0.59963
546 T	0.22407	0.17954	0.59638
547 T	0.21446	0.19169	0.59385
548 T	0.19712	0.21119	0.59169
549 T	0.17498	0.23520	0.58982
550 A	0.13644	0.27655	0.587
551 A	0.12486	0.28913	0.58601
552 A	0.11780	0.29710	0.5851
553 G	0.11324	0.30172	0.58504
554 A	0.11067	0.30441	0.58492
555 A	0.10960	0.30521	0.58518
556 G	0.10931	0.30483	0.58586
557 C	0.10994	0.30230	0.58776
558 A	0.11203	0.29914	0.58884
559 G	0.11703	0.29248	0.59049
560 A	0.12616	0.28162	0.59222
561 A	0.13696	0.26671	0.59633
562 C	0.15200	0.23730	0.6107
563 A	0.15688	0.21692	0.62619
564 A	0.16575	0.19610	0.63815
565 A	0.17475	0.17841	0.64684
566 T	0.18448	0.16214	0.65338
567 T	0.18727	0.15478	0.65796
568 T	0.19005	0.12357	0.68638
569 T	0.18748	0.10696	0.70556
570 G	0.17070	0.11673	0.71257
571 A	0.15096	0.15976	0.68928
572 A	0.12543	0.22448	0.65008
573 T	0.11474	0.24287	0.64239
574 A	0.09666	0.27795	0.62538
575 A	0.08785	0.29613	0.61603
576 A	0.08150	0.30978	0.60871
577 T	0.07767	0.32029	0.60204
578 T	0.07542	0.32437	0.60021
579 G	0.07193	0.32916	0.59891
580 A	0.07039	0.33206	0.59756
581 A	0.07011	0.33245	0.59745
582 A	0.07011	0.33208	0.59781
583 A	0.07036	0.33139	0.59826
584 A	0.07076	0.33046	0.59878
585 T	0.07122	0.32945	0.59932
586 C	0.07174	0.32860	0.59966
587 A	0.07228	0.32793	0.59979
588 T	0.07324	0.32677	0.59999
589 A	0.07389	0.32593	0.60017
590 A	0.07503	0.32432	0.60065
591 G	0.07839	0.31989	0.60172
592 A	0.08507	0.30740	0.60753
593 A	0.09689	0.27778	0.62533
594 A	0.13835	0.21413	0.64752
595 T	0.20240	0.12179	0.6758
596 T	0.23331	0.07638	0.69031
597 T	0.25121	0.04068	0.70811
598 T	0.25901	0.02300	0.718
599 G	0.26362	0.01093	0.72545
600 A	0.26968	0.00000	0.73032
