# lcl|CP097583.1_cds_USQ93421.1_1
# AA	inside	membr	outside
1 A	0.45181	0.00000	0.54819
2 T	0.44911	0.00270	0.54819
3 G	0.44742	0.00439	0.54819
4 A	0.44742	0.19769	0.35489
5 T	0.44022	0.30993	0.24985
6 T	0.44022	0.32475	0.23503
7 A	0.39155	0.37810	0.23034
8 A	0.39155	0.37812	0.23033
9 T	0.38766	0.38217	0.23017
10 A	0.38766	0.39649	0.21586
11 T	0.38696	0.39764	0.2154
12 C	0.36261	0.42237	0.21501
13 A	0.33112	0.45980	0.20908
14 A	0.33111	0.45981	0.20908
15 A	0.33111	0.49976	0.16913
16 A	0.33006	0.50081	0.16913
17 T	0.32827	0.50296	0.16877
18 T	0.32809	0.50368	0.16822
19 A	0.31935	0.51279	0.16786
20 A	0.29934	0.53647	0.1642
21 A	0.22659	0.60912	0.16428
22 A	0.22897	0.60651	0.16452
23 A	0.23909	0.59568	0.16523
24 T	0.29066	0.54281	0.16653
25 G	0.30432	0.51932	0.17636
26 G	0.31601	0.50270	0.18129
27 T	0.45543	0.35428	0.19029
28 T	0.52506	0.28068	0.19425
29 T	0.52293	0.28446	0.19261
30 A	0.47322	0.31783	0.20896
31 A	0.43167	0.35943	0.20889
32 C	0.41660	0.36556	0.21785
33 T	0.34349	0.44337	0.21315
34 A	0.25201	0.53756	0.21042
35 A	0.20907	0.56990	0.22103
36 A	0.19590	0.56444	0.23966
37 A	0.19003	0.56966	0.24031
38 C	0.21855	0.53457	0.24688
39 A	0.21525	0.53602	0.24873
40 T	0.21696	0.52924	0.2538
41 T	0.21683	0.52551	0.25766
42 T	0.21492	0.52043	0.26465
43 T	0.21311	0.51096	0.27593
44 C	0.19346	0.46570	0.34084
45 G	0.18611	0.47408	0.33981
46 G	0.17990	0.48034	0.33976
47 A	0.17566	0.48513	0.33921
48 A	0.17352	0.48691	0.33957
49 G	0.17280	0.48638	0.34082
50 G	0.17383	0.48076	0.34542
51 A	0.17687	0.46761	0.35552
52 A	0.18189	0.44556	0.37255
53 T	0.19026	0.37082	0.43893
54 T	0.19321	0.32202	0.48477
55 A	0.19376	0.30800	0.49824
56 A	0.19710	0.23417	0.56873
57 T	0.20058	0.15101	0.64841
58 G	0.20060	0.12302	0.67638
59 T	0.20168	0.11048	0.68784
60 T	0.20137	0.11303	0.6856
61 T	0.19828	0.13191	0.66981
62 T	0.18915	0.19278	0.61806
63 A	0.16387	0.31377	0.52236
64 G	0.15505	0.34412	0.50083
65 A	0.14726	0.42900	0.42375
66 A	0.14068	0.51856	0.34076
67 A	0.13941	0.58526	0.27534
68 T	0.14102	0.60674	0.25224
69 T	0.13869	0.62323	0.23808
70 A	0.13391	0.65716	0.20893
71 T	0.13121	0.67525	0.19354
72 A	0.12775	0.67999	0.19226
73 G	0.12687	0.68062	0.19251
74 A	0.12669	0.68101	0.1923
75 A	0.12769	0.68009	0.19222
76 C	0.13003	0.67816	0.19181
77 A	0.13304	0.67791	0.18906
78 A	0.13736	0.67399	0.18865
79 A	0.14107	0.67066	0.18828
80 A	0.14445	0.66730	0.18825
81 T	0.15870	0.65228	0.18902
82 C	0.16412	0.64420	0.19167
83 A	0.17362	0.63530	0.19108
84 A	0.19586	0.61065	0.19349
85 A	0.26256	0.53639	0.20105
86 T	0.36526	0.41368	0.22107
87 G	0.38837	0.38833	0.2233
88 A	0.46080	0.31423	0.22497
89 A	0.54378	0.23471	0.22151
90 T	0.63502	0.15788	0.20711
91 T	0.66887	0.12709	0.20404
92 T	0.68381	0.11342	0.20277
93 T	0.69526	0.09846	0.20628
94 T	0.69378	0.09875	0.20747
95 C	0.68125	0.11060	0.20816
96 T	0.63314	0.16123	0.20563
97 C	0.54706	0.25098	0.20197
98 A	0.50920	0.30099	0.18982
99 A	0.49033	0.32176	0.18791
100 A	0.47788	0.33466	0.18746
101 A	0.46975	0.34269	0.18756
102 A	0.46543	0.34696	0.18761
103 C	0.46213	0.34919	0.18869
104 C	0.45429	0.35759	0.18812
105 A	0.44478	0.36923	0.18599
106 A	0.43839	0.37671	0.1849
107 T	0.43369	0.38255	0.18376
108 A	0.42470	0.39252	0.18278
109 G	0.42144	0.39528	0.18328
110 C	0.42398	0.38568	0.19034
111 A	0.42874	0.37993	0.19133
112 G	0.43944	0.36806	0.1925
113 C	0.45716	0.34956	0.19328
114 T	0.46475	0.34398	0.19127
115 T	0.46916	0.34111	0.18973
116 A	0.47022	0.33393	0.19585
117 T	0.47299	0.32225	0.20476
118 T	0.47292	0.30887	0.21821
119 T	0.46955	0.25417	0.27627
120 C	0.45640	0.18476	0.35884
121 A	0.43764	0.18575	0.37661
122 A	0.42304	0.20533	0.37164
123 T	0.40301	0.25453	0.34246
124 A	0.37643	0.33592	0.28765
125 A	0.35559	0.38507	0.25934
126 A	0.34291	0.39714	0.25994
127 A	0.33628	0.39751	0.26622
128 A	0.33364	0.39761	0.26875
129 A	0.32717	0.39728	0.27555
130 C	0.32641	0.38670	0.2869
131 T	0.32401	0.38266	0.29334
132 A	0.31251	0.39149	0.29599
133 A	0.30133	0.40221	0.29645
134 T	0.29796	0.40495	0.29708
135 C	0.29002	0.41399	0.29599
136 G	0.28773	0.42112	0.29115
137 A	0.28863	0.42490	0.28648
138 T	0.29026	0.42710	0.28265
139 T	0.28837	0.43786	0.27377
140 T	0.28166	0.45039	0.26795
141 A	0.24602	0.49544	0.25854
142 A	0.23311	0.50795	0.25893
143 A	0.21972	0.51229	0.26799
144 A	0.21842	0.48912	0.29246
145 A	0.22518	0.47118	0.30363
146 C	0.25514	0.42199	0.32286
147 A	0.30387	0.36752	0.32861
148 A	0.33064	0.33250	0.33686
149 A	0.33669	0.32121	0.3421
150 A	0.34361	0.31129	0.3451
151 T	0.35258	0.30328	0.34414
152 T	0.35309	0.30401	0.34291
153 A	0.34145	0.33767	0.32088
154 G	0.33830	0.33593	0.32577
155 A	0.33910	0.32536	0.33554
156 T	0.34049	0.31265	0.34686
157 A	0.33875	0.31019	0.35106
158 C	0.34006	0.29884	0.3611
159 T	0.34363	0.29629	0.36008
160 G	0.34571	0.29777	0.35651
161 A	0.34965	0.29580	0.35455
162 T	0.35842	0.28500	0.35659
163 G	0.36154	0.27669	0.36178
164 G	0.36959	0.23512	0.39529
165 A	0.37596	0.21900	0.40504
166 G	0.38488	0.19799	0.41713
167 A	0.39420	0.19005	0.41575
168 T	0.40546	0.17349	0.42105
169 T	0.40906	0.17688	0.41405
170 T	0.41173	0.18049	0.40777
171 A	0.41174	0.18827	0.4
172 G	0.41405	0.19022	0.39573
173 A	0.41698	0.20144	0.38158
174 A	0.42275	0.20309	0.37416
175 A	0.43675	0.19806	0.36518
176 T	0.46336	0.17285	0.36379
177 T	0.45111	0.21170	0.33719
178 A	0.42614	0.25829	0.31557
179 T	0.41866	0.27203	0.30931
180 A	0.40958	0.28615	0.30427
181 A	0.40669	0.28697	0.30633
182 C	0.40635	0.28361	0.31004
183 T	0.40880	0.28079	0.31041
184 T	0.40116	0.29052	0.30832
185 C	0.37574	0.32557	0.29869
186 A	0.34119	0.36777	0.29104
187 G	0.31588	0.39556	0.28856
188 A	0.30745	0.40581	0.28673
189 A	0.30746	0.40581	0.28673
190 C	0.31691	0.39591	0.28718
191 A	0.32303	0.38901	0.28796
192 T	0.33531	0.37589	0.28881
193 C	0.33897	0.37097	0.29006
194 C	0.34096	0.36841	0.29063
195 A	0.34224	0.36746	0.29029
196 G	0.34832	0.36124	0.29044
197 A	0.35465	0.35502	0.29034
198 A	0.36609	0.34363	0.29028
199 A	0.37880	0.32988	0.29132
200 G	0.40993	0.27813	0.31194
201 T	0.43485	0.22568	0.33947
202 T	0.44112	0.20990	0.34898
203 T	0.44411	0.20502	0.35086
204 A	0.43875	0.22612	0.33513
205 A	0.43809	0.24426	0.31764
206 A	0.43856	0.24468	0.31676
207 A	0.44092	0.23310	0.32598
208 A	0.45108	0.19849	0.35043
209 T	0.46030	0.15560	0.3841
210 T	0.46281	0.13095	0.40624
211 T	0.46357	0.12188	0.41455
212 T	0.46213	0.12136	0.4165
213 G	0.46022	0.12437	0.41541
214 A	0.45990	0.12810	0.412
215 A	0.45983	0.13096	0.40922
216 T	0.45999	0.12864	0.41137
217 T	0.46004	0.12667	0.4133
218 A	0.45996	0.13111	0.40893
219 T	0.45992	0.13001	0.41007
220 A	0.45889	0.12899	0.41212
221 A	0.45841	0.12824	0.41335
222 T	0.45917	0.12673	0.4141
223 A	0.45982	0.12506	0.41512
224 C	0.46134	0.12005	0.4186
225 G	0.46378	0.11598	0.42025
226 G	0.47013	0.10823	0.42164
227 C	0.48848	0.08786	0.42367
228 T	0.51141	0.06678	0.4218
229 T	0.51780	0.06397	0.41823
230 T	0.52075	0.06659	0.41266
231 T	0.52133	0.07846	0.40021
232 T	0.52017	0.08622	0.3936
233 T	0.51434	0.10397	0.38169
234 A	0.49984	0.13445	0.36571
235 A	0.49635	0.14690	0.35675
236 C	0.49509	0.15185	0.35307
237 A	0.49666	0.15191	0.35143
238 T	0.49892	0.15147	0.34961
239 T	0.49495	0.15683	0.34822
240 A	0.49256	0.16089	0.34655
241 C	0.49641	0.15707	0.34652
242 A	0.49969	0.15403	0.34628
243 A	0.50071	0.15254	0.34674
244 G	0.50236	0.15114	0.3465
245 C	0.50499	0.14919	0.34581
246 T	0.50573	0.15017	0.3441
247 A	0.50556	0.15459	0.33985
248 T	0.50643	0.15521	0.33837
249 T	0.50675	0.15667	0.33658
250 A	0.50656	0.15862	0.33481
251 A	0.50794	0.15768	0.33437
252 A	0.51122	0.15434	0.33445
253 A	0.51675	0.14819	0.33506
254 A	0.52816	0.13559	0.33625
255 A	0.53760	0.12380	0.3386
256 A	0.55198	0.10273	0.34529
257 T	0.57014	0.06942	0.36044
258 T	0.57922	0.05496	0.36582
259 T	0.58324	0.04654	0.37022
260 A	0.58440	0.04209	0.3735
261 T	0.58606	0.03547	0.37847
262 C	0.58674	0.02827	0.38499
263 C	0.58805	0.02465	0.3873
264 T	0.58854	0.02420	0.38726
265 G	0.58919	0.02350	0.38732
266 A	0.59020	0.02271	0.38709
267 T	0.59268	0.02011	0.38721
268 T	0.59426	0.01819	0.38755
269 C	0.59600	0.01522	0.38878
270 T	0.59996	0.01046	0.38958
271 C	0.60104	0.00896	0.39
272 T	0.60228	0.00788	0.38983
273 T	0.60290	0.00742	0.38967
274 T	0.60247	0.00893	0.3886
275 T	0.59448	0.01979	0.38572
276 A	0.58068	0.04177	0.37755
277 G	0.57018	0.05326	0.37656
278 T	0.56173	0.06349	0.37478
279 T	0.54948	0.07807	0.37245
280 A	0.53275	0.09991	0.36734
281 C	0.52329	0.11114	0.36557
282 G	0.51873	0.12027	0.36101
283 A	0.51708	0.12271	0.36021
284 T	0.51643	0.12359	0.35998
285 A	0.51571	0.12446	0.35983
286 T	0.51535	0.12483	0.35982
287 C	0.51487	0.12516	0.35997
288 A	0.51431	0.12560	0.3601
289 T	0.51426	0.12556	0.36018
290 G	0.51406	0.12572	0.36021
291 T	0.51402	0.12576	0.36022
292 C	0.51375	0.12613	0.36012
293 A	0.51333	0.12723	0.35944
294 T	0.51328	0.12778	0.35894
295 A	0.51192	0.12955	0.35854
296 A	0.51032	0.13117	0.35852
297 A	0.51031	0.13061	0.35907
298 G	0.51203	0.11723	0.37074
299 A	0.51871	0.09745	0.38383
300 A	0.52102	0.08323	0.39575
301 G	0.52411	0.06968	0.4062
302 G	0.52810	0.05335	0.41854
303 T	0.53390	0.03423	0.43187
304 T	0.53544	0.02592	0.43864
305 T	0.53750	0.02297	0.43954
306 T	0.53741	0.02779	0.43481
307 T	0.53585	0.04740	0.41674
308 A	0.53342	0.05284	0.41374
309 T	0.52935	0.05904	0.41161
310 T	0.52307	0.06692	0.41002
311 G	0.51091	0.08055	0.40854
312 C	0.50165	0.09361	0.40474
313 G	0.49473	0.10870	0.39657
314 A	0.49066	0.11825	0.39109
315 A	0.48921	0.12157	0.38922
316 G	0.48931	0.12198	0.38871
317 T	0.48979	0.12206	0.38815
318 A	0.48998	0.12080	0.38922
319 G	0.49030	0.11868	0.39103
320 A	0.49067	0.11749	0.39184
321 T	0.49128	0.11582	0.3929
322 T	0.49165	0.11524	0.39311
323 T	0.49194	0.11512	0.39294
324 T	0.49178	0.11578	0.39245
325 A	0.49089	0.11826	0.39085
326 A	0.48961	0.11997	0.39041
327 A	0.48940	0.12041	0.39019
328 G	0.49054	0.11933	0.39014
329 A	0.49634	0.11298	0.39067
330 T	0.51521	0.09088	0.39392
331 A	0.51935	0.08283	0.39782
332 T	0.52466	0.07036	0.40498
333 T	0.52823	0.06004	0.41173
334 G	0.53049	0.04780	0.42171
335 T	0.53463	0.03703	0.42834
336 T	0.54060	0.02647	0.43293
337 T	0.54372	0.02049	0.43578
338 T	0.54481	0.01864	0.43654
339 T	0.54492	0.01809	0.43698
340 T	0.54443	0.01845	0.43712
341 C	0.54279	0.02001	0.43721
342 T	0.53684	0.02676	0.43639
343 C	0.52576	0.03971	0.43454
344 A	0.51633	0.05550	0.42817
345 T	0.50776	0.06884	0.4234
346 A	0.48699	0.09973	0.41328
347 A	0.47299	0.11998	0.40702
348 T	0.46357	0.13695	0.39947
349 G	0.45238	0.15056	0.39705
350 A	0.44933	0.15663	0.39404
351 T	0.44881	0.15861	0.39257
352 T	0.44710	0.16027	0.39262
353 T	0.44485	0.16293	0.39221
354 A	0.44164	0.16689	0.39147
355 T	0.44001	0.16842	0.39158
356 C	0.43785	0.17048	0.39167
357 T	0.43683	0.17234	0.39083
358 G	0.43511	0.17549	0.38939
359 C	0.43170	0.18136	0.38694
360 G	0.42443	0.19713	0.37843
361 A	0.41982	0.20793	0.37226
362 T	0.41070	0.21961	0.36968
363 A	0.39659	0.23676	0.36665
364 G	0.39206	0.24209	0.36585
365 A	0.38951	0.24010	0.37039
366 A	0.39010	0.22948	0.38043
367 A	0.39520	0.21702	0.38777
368 A	0.39949	0.20799	0.39252
369 A	0.40867	0.18444	0.40689
370 A	0.41470	0.17011	0.41519
371 T	0.41912	0.15844	0.42245
372 G	0.40317	0.16666	0.43017
373 A	0.38142	0.19605	0.42252
374 T	0.36926	0.22456	0.40618
375 G	0.33951	0.25622	0.40427
376 C	0.31921	0.27595	0.40484
377 A	0.28491	0.31538	0.39971
378 A	0.26131	0.34563	0.39306
379 C	0.25365	0.35870	0.38765
380 A	0.25015	0.38089	0.36896
381 A	0.24899	0.40583	0.34518
382 A	0.25106	0.40130	0.34764
383 T	0.25999	0.38579	0.35422
384 T	0.26321	0.37887	0.35792
385 T	0.26339	0.36801	0.3686
386 C	0.26089	0.35885	0.38025
387 T	0.25778	0.35994	0.38228
388 C	0.25004	0.36703	0.38293
389 A	0.23883	0.38035	0.38081
390 A	0.23221	0.38893	0.37885
391 G	0.22974	0.39391	0.37635
392 A	0.22921	0.39909	0.3717
393 A	0.23372	0.39680	0.36948
394 A	0.23881	0.38877	0.37242
395 A	0.24322	0.36443	0.39235
396 A	0.25393	0.32049	0.42558
397 T	0.27811	0.27753	0.44435
398 T	0.28613	0.24581	0.46806
399 A	0.28521	0.23830	0.47648
400 G	0.28948	0.20735	0.50318
401 A	0.29576	0.18263	0.52162
402 T	0.30194	0.17228	0.52579
403 A	0.31708	0.15793	0.52499
404 T	0.34048	0.13379	0.52572
405 T	0.34052	0.13533	0.52416
406 A	0.33628	0.14501	0.51871
407 T	0.31667	0.16954	0.51379
408 T	0.29004	0.21252	0.49744
409 A	0.22120	0.33612	0.44268
410 A	0.14555	0.48079	0.37366
411 A	0.10659	0.52726	0.36615
412 A	0.09349	0.54074	0.36576
413 A	0.08474	0.54776	0.3675
414 A	0.08137	0.54986	0.36876
415 C	0.08419	0.54852	0.36729
416 A	0.08492	0.55819	0.35689
417 A	0.08668	0.56539	0.34793
418 A	0.09071	0.56346	0.34582
419 T	0.09464	0.56044	0.34492
420 A	0.09494	0.56038	0.34469
421 A	0.09627	0.55771	0.34602
422 C	0.10158	0.54796	0.35046
423 T	0.10568	0.54382	0.3505
424 C	0.10379	0.54685	0.34936
425 A	0.10330	0.55130	0.3454
426 T	0.10389	0.55400	0.34212
427 A	0.10223	0.55897	0.3388
428 A	0.10360	0.55695	0.33945
429 A	0.11032	0.54546	0.34422
430 G	0.12072	0.50189	0.37739
431 A	0.13848	0.45615	0.40537
432 A	0.18766	0.34119	0.47115
433 G	0.25496	0.19898	0.54606
434 C	0.27239	0.14267	0.58494
435 A	0.28481	0.12840	0.58679
436 T	0.29418	0.12307	0.58275
437 G	0.29287	0.13372	0.57341
438 T	0.29324	0.13684	0.56992
439 G	0.27467	0.17014	0.5552
440 A	0.27421	0.18125	0.54454
441 T	0.27466	0.20245	0.52289
442 A	0.26652	0.25516	0.47832
443 A	0.25814	0.29433	0.44752
444 A	0.25560	0.31785	0.42655
445 T	0.25752	0.31509	0.42738
446 T	0.25809	0.31795	0.42396
447 T	0.25892	0.31665	0.42443
448 A	0.25981	0.31674	0.42346
449 C	0.26125	0.31177	0.42698
450 T	0.26203	0.31091	0.42706
451 T	0.25940	0.31382	0.42678
452 T	0.25092	0.32404	0.42504
453 C	0.21928	0.35746	0.42327
454 A	0.20601	0.37415	0.41984
455 A	0.19630	0.38627	0.41743
456 T	0.19229	0.39192	0.41578
457 A	0.18363	0.40348	0.4129
458 A	0.18579	0.40431	0.4099
459 A	0.19473	0.39481	0.41047
460 T	0.20801	0.37735	0.41465
461 A	0.20511	0.38241	0.41247
462 T	0.21939	0.34518	0.43542
463 A	0.21942	0.34372	0.43686
464 A	0.23189	0.32927	0.43884
465 A	0.26450	0.28932	0.44618
466 C	0.29307	0.25039	0.45654
467 T	0.31100	0.23002	0.45899
468 A	0.29971	0.24442	0.45586
469 T	0.29655	0.25447	0.44898
470 C	0.27689	0.27861	0.4445
471 A	0.25526	0.32883	0.4159
472 A	0.24647	0.34455	0.40899
473 T	0.24365	0.34726	0.40909
474 A	0.23646	0.35925	0.4043
475 T	0.23217	0.36574	0.4021
476 T	0.21756	0.35928	0.42315
477 A	0.18442	0.38887	0.42671
478 A	0.16438	0.40681	0.42881
479 A	0.15093	0.42938	0.41969
480 A	0.14449	0.44235	0.41316
481 A	0.14156	0.44656	0.41188
482 A	0.14276	0.44388	0.41336
483 A	0.14625	0.43958	0.41417
484 A	0.15250	0.43097	0.41654
485 A	0.15447	0.42879	0.41674
486 T	0.15981	0.41800	0.4222
487 A	0.16009	0.41610	0.42381
488 A	0.16168	0.40961	0.42871
489 A	0.16284	0.40227	0.43488
490 G	0.16580	0.39117	0.44303
491 A	0.17381	0.36870	0.45748
492 T	0.18762	0.34310	0.46928
493 A	0.19476	0.31758	0.48765
494 T	0.22378	0.26544	0.51079
495 T	0.23296	0.24507	0.52196
496 G	0.23582	0.23204	0.53214
497 A	0.24202	0.21475	0.54323
498 T	0.25425	0.18996	0.55579
499 T	0.26247	0.16692	0.57061
500 T	0.26937	0.13789	0.59273
501 A	0.27438	0.12162	0.604
502 A	0.28606	0.10352	0.61042
503 T	0.29960	0.08789	0.61251
504 T	0.30577	0.08096	0.61327
505 G	0.30894	0.07885	0.6122
506 A	0.31403	0.07571	0.61025
507 T	0.32219	0.06832	0.60948
508 A	0.32750	0.06689	0.60561
509 T	0.33311	0.06505	0.60184
510 T	0.33845	0.06710	0.59446
511 T	0.33927	0.06995	0.59078
512 A	0.33866	0.07286	0.58848
513 T	0.33947	0.07296	0.58757
514 T	0.33869	0.07505	0.58626
515 C	0.33790	0.07694	0.58516
516 T	0.33812	0.07738	0.58449
517 T	0.33763	0.07896	0.58341
518 G	0.33617	0.08112	0.58272
519 T	0.33602	0.08194	0.58204
520 C	0.33513	0.08333	0.58155
521 A	0.33150	0.08725	0.58125
522 A	0.33029	0.08871	0.581
523 G	0.33301	0.08633	0.58066
524 A	0.33637	0.08401	0.57961
525 C	0.34380	0.07751	0.5787
526 T	0.35217	0.07366	0.57417
527 T	0.35540	0.07372	0.57088
528 T	0.35528	0.07879	0.56593
529 G	0.34889	0.08959	0.56152
530 A	0.34767	0.09408	0.55825
531 A	0.35038	0.09379	0.55582
532 G	0.35496	0.08994	0.55511
533 A	0.36398	0.08123	0.55479
534 T	0.37012	0.07387	0.55601
535 T	0.37260	0.06996	0.55744
536 T	0.37316	0.06867	0.55817
537 G	0.37308	0.06779	0.55913
538 C	0.37383	0.06618	0.56
539 A	0.37439	0.06607	0.55955
540 T	0.37560	0.06477	0.55963
541 T	0.37591	0.06527	0.55883
542 T	0.37586	0.06616	0.55798
543 A	0.36921	0.07509	0.5557
544 G	0.36632	0.07699	0.55668
545 A	0.36559	0.07728	0.55714
546 A	0.36535	0.07781	0.55684
547 A	0.36712	0.07664	0.55625
548 A	0.37018	0.07328	0.55654
549 T	0.37606	0.06489	0.55906
550 G	0.37910	0.05880	0.56211
551 T	0.38430	0.05139	0.5643
552 T	0.38737	0.04316	0.56946
553 C	0.38892	0.04065	0.57043
554 T	0.38991	0.04049	0.5696
555 T	0.38907	0.04347	0.56746
556 T	0.38647	0.04710	0.56643
557 T	0.37952	0.05602	0.56446
558 G	0.35978	0.08295	0.55727
559 A	0.33807	0.11635	0.54559
560 C	0.32988	0.12908	0.54104
561 T	0.32314	0.14674	0.53013
562 A	0.31494	0.15648	0.52858
563 A	0.31304	0.15900	0.52797
564 T	0.31353	0.15863	0.52784
565 A	0.31088	0.16171	0.5274
566 C	0.31173	0.15477	0.5335
567 T	0.31349	0.15246	0.53405
568 A	0.31328	0.15372	0.533
569 A	0.31298	0.15575	0.53126
570 T	0.31411	0.15532	0.53057
571 A	0.31366	0.15660	0.52974
572 T	0.31319	0.15676	0.53005
573 T	0.31105	0.15925	0.52969
574 A	0.30885	0.16304	0.52811
575 T	0.30747	0.16819	0.52434
576 A	0.30262	0.17950	0.51788
577 A	0.30059	0.18369	0.51571
578 A	0.30075	0.18515	0.5141
579 A	0.29963	0.18429	0.51608
580 A	0.30189	0.17644	0.52166
581 A	0.31129	0.14833	0.54038
582 T	0.32478	0.11252	0.5627
583 T	0.33037	0.10082	0.56881
584 T	0.33735	0.09383	0.56881
585 T	0.33652	0.09915	0.56434
586 A	0.33575	0.11191	0.55234
587 A	0.33547	0.11452	0.55001
588 A	0.33601	0.11229	0.5517
589 T	0.33750	0.11051	0.55199
590 T	0.33895	0.10984	0.55121
591 A	0.33730	0.11215	0.55054
592 T	0.33814	0.10982	0.55204
593 T	0.33619	0.11110	0.55271
594 A	0.32962	0.11690	0.55348
595 A	0.32510	0.12059	0.55431
596 C	0.32278	0.12013	0.55709
597 A	0.32341	0.12054	0.55605
598 A	0.32737	0.11555	0.55707
599 T	0.33484	0.10443	0.56073
600 A	0.33739	0.10016	0.56245
601 T	0.34057	0.09573	0.5637
602 C	0.34146	0.09174	0.56681
603 T	0.34331	0.09024	0.56646
604 G	0.34386	0.08949	0.56665
605 G	0.34677	0.08645	0.56679
606 T	0.35298	0.08007	0.56695
607 T	0.35973	0.07331	0.56696
608 C	0.36817	0.06305	0.56878
609 T	0.38017	0.05136	0.56848
610 T	0.38164	0.05190	0.56646
611 A	0.38143	0.05372	0.56485
612 T	0.38268	0.05314	0.56419
613 T	0.38333	0.05497	0.5617
614 T	0.38338	0.05223	0.56439
615 T	0.38167	0.05323	0.5651
616 A	0.37673	0.05776	0.5655
617 A	0.37123	0.05868	0.57009
618 A	0.36743	0.05751	0.57505
619 G	0.36537	0.05591	0.57872
620 G	0.36634	0.05391	0.57975
621 T	0.36602	0.05385	0.58013
622 G	0.36559	0.05477	0.57964
623 A	0.36568	0.05579	0.57854
624 T	0.36562	0.05668	0.5777
625 A	0.36482	0.06057	0.57462
626 T	0.36477	0.06450	0.57073
627 T	0.35603	0.08914	0.55483
628 A	0.33195	0.12600	0.54206
629 A	0.32494	0.13665	0.5384
630 T	0.32045	0.14115	0.53841
631 A	0.29510	0.16678	0.53812
632 A	0.28428	0.17715	0.53857
633 T	0.27696	0.18309	0.53995
634 C	0.26686	0.19173	0.54141
635 A	0.25974	0.20218	0.53808
636 T	0.25927	0.20536	0.53536
637 T	0.25617	0.21016	0.53367
638 A	0.24661	0.22087	0.53252
639 T	0.24367	0.22250	0.53382
640 T	0.24037	0.22072	0.53891
641 T	0.23446	0.22356	0.54198
642 A	0.22461	0.23162	0.54377
643 A	0.21924	0.23569	0.54507
644 C	0.21745	0.23624	0.54631
645 A	0.21548	0.23788	0.54665
646 A	0.21638	0.23657	0.54705
647 G	0.21819	0.23414	0.54768
648 A	0.22227	0.22916	0.54857
649 A	0.22729	0.22310	0.54961
650 T	0.24587	0.19159	0.56253
651 T	0.25690	0.15280	0.5903
652 T	0.25897	0.14302	0.59801
653 A	0.25893	0.13787	0.6032
654 T	0.25934	0.11353	0.62713
655 G	0.25922	0.10091	0.63986
656 G	0.25944	0.08778	0.65279
657 A	0.26029	0.07811	0.66159
658 G	0.26511	0.06494	0.66994
659 T	0.26986	0.05471	0.67543
660 T	0.27197	0.04535	0.68269
661 T	0.27316	0.03015	0.6967
662 C	0.27385	0.02320	0.70295
663 T	0.27428	0.02160	0.70412
664 T	0.27438	0.02003	0.70558
665 T	0.27390	0.01856	0.70754
666 T	0.27270	0.02182	0.70548
667 T	0.26808	0.03712	0.6948
668 T	0.25728	0.07890	0.66382
669 T	0.23848	0.13994	0.62158
670 A	0.17459	0.27891	0.5465
671 A	0.15777	0.32158	0.52065
672 T	0.15155	0.33769	0.51076
673 A	0.13750	0.36491	0.49759
674 A	0.10922	0.40031	0.49047
675 A	0.07732	0.43770	0.48498
676 A	0.05570	0.46477	0.47953
677 A	0.05115	0.47166	0.4772
678 A	0.04943	0.47397	0.4766
679 G	0.04896	0.47459	0.47645
680 A	0.04899	0.47496	0.47606
681 T	0.04900	0.47505	0.47594
682 T	0.04894	0.47526	0.4758
683 T	0.04847	0.47592	0.4756
684 A	0.04674	0.47800	0.47525
685 A	0.04631	0.47856	0.47513
686 A	0.04636	0.47851	0.47513
687 A	0.04729	0.47649	0.47623
688 A	0.04974	0.46951	0.48075
689 A	0.05672	0.45817	0.4851
690 A	0.07398	0.43053	0.49549
691 C	0.11277	0.37368	0.51355
692 A	0.15933	0.31072	0.52994
693 T	0.23793	0.17330	0.58876
694 T	0.25866	0.14354	0.5978
695 T	0.26131	0.14058	0.59812
696 A	0.26174	0.14180	0.59645
697 A	0.26171	0.12051	0.61778
698 A	0.26273	0.08918	0.64808
699 T	0.26662	0.06508	0.6683
700 T	0.26779	0.06937	0.66285
701 T	0.25739	0.10576	0.63684
702 A	0.22991	0.21799	0.5521
703 T	0.19903	0.25711	0.54387
704 T	0.14173	0.31854	0.53973
705 A	0.09190	0.37367	0.53443
706 A	0.07618	0.39372	0.5301
707 C	0.07078	0.40037	0.52886
708 A	0.06597	0.41046	0.52356
709 G	0.06204	0.41714	0.52082
710 A	0.05071	0.43329	0.516
711 A	0.03787	0.45250	0.50963
712 A	0.02511	0.47286	0.50203
713 G	0.01682	0.48315	0.50003
714 A	0.01396	0.48599	0.50005
715 A	0.01307	0.48622	0.50071
716 A	0.01323	0.48453	0.50224
717 A	0.01398	0.48164	0.50437
718 C	0.01694	0.47485	0.50821
719 A	0.02365	0.46567	0.51068
720 A	0.03109	0.45504	0.51388
721 A	0.03560	0.44614	0.51825
722 G	0.04071	0.43671	0.52258
723 G	0.04922	0.42501	0.52576
724 G	0.07543	0.37587	0.5487
725 A	0.15384	0.25832	0.58784
726 T	0.16707	0.20012	0.63281
727 C	0.17002	0.14687	0.68312
728 A	0.17030	0.14875	0.68096
729 T	0.16718	0.17827	0.65455
730 A	0.14691	0.25664	0.59645
731 A	0.07985	0.35222	0.56793
732 A	0.06556	0.37670	0.55774
733 A	0.06305	0.37397	0.56298
734 A	0.06553	0.36207	0.57239
735 T	0.07011	0.34576	0.58414
736 A	0.06238	0.34785	0.58977
737 T	0.05993	0.34620	0.59387
738 T	0.05778	0.34679	0.59542
739 A	0.05352	0.35049	0.59598
740 A	0.05118	0.35206	0.59677
741 C	0.04950	0.35275	0.59775
742 A	0.04713	0.35514	0.59774
743 A	0.04408	0.35803	0.5979
744 A	0.04226	0.35933	0.59841
745 G	0.04172	0.35934	0.59894
746 A	0.04157	0.35910	0.59933
747 A	0.04246	0.35508	0.60246
748 C	0.04553	0.34766	0.60681
749 A	0.04924	0.34260	0.60815
750 A	0.05740	0.33198	0.61063
751 A	0.08162	0.30317	0.61521
752 A	0.11931	0.25894	0.62174
753 T	0.17868	0.18093	0.64039
754 T	0.20645	0.08250	0.71104
755 T	0.21543	0.05427	0.7303
756 T	0.21840	0.04135	0.74025
757 T	0.21767	0.03722	0.7451
758 T	0.21420	0.03728	0.74852
759 C	0.20735	0.03660	0.75606
760 A	0.20520	0.03777	0.75703
761 T	0.20431	0.03752	0.75817
762 G	0.20269	0.03801	0.75931
763 T	0.20162	0.03877	0.75961
764 T	0.19633	0.04421	0.75946
765 A	0.19166	0.04644	0.7619
766 T	0.19074	0.04393	0.76532
767 C	0.18980	0.04278	0.76742
768 G	0.18944	0.04276	0.76779
769 C	0.18928	0.04269	0.76803
770 C	0.18907	0.04293	0.768
771 A	0.18885	0.04330	0.76785
772 G	0.18881	0.04341	0.76778
773 A	0.18866	0.04367	0.76767
774 A	0.18845	0.04389	0.76766
775 G	0.18847	0.04374	0.76779
776 T	0.18856	0.04284	0.7686
777 A	0.18862	0.04140	0.76999
778 G	0.18870	0.03910	0.77221
779 G	0.18889	0.03609	0.77502
780 T	0.18972	0.03243	0.77785
781 T	0.19013	0.02883	0.78104
782 T	0.19035	0.02415	0.7855
783 A	0.19051	0.02209	0.7874
784 G	0.19072	0.01966	0.78962
785 G	0.19138	0.01624	0.79238
786 A	0.19242	0.01348	0.79411
787 C	0.19365	0.00717	0.79917
788 T	0.19411	0.00406	0.80183
789 T	0.19419	0.00324	0.80257
790 C	0.19421	0.00261	0.80318
791 C	0.19434	0.00240	0.80326
792 T	0.19443	0.00246	0.80311
793 T	0.19450	0.00246	0.80303
794 T	0.19458	0.00240	0.80301
795 T	0.19454	0.00258	0.80288
796 T	0.19443	0.00281	0.80276
797 G	0.19408	0.00294	0.80297
798 G	0.19312	0.00384	0.80304
799 T	0.19270	0.00423	0.80308
800 T	0.19182	0.00508	0.8031
801 A	0.19090	0.00604	0.80306
802 C	0.19034	0.00663	0.80302
803 C	0.19008	0.00692	0.803
804 T	0.18988	0.00722	0.80291
805 A	0.18947	0.00768	0.80285
806 A	0.18896	0.00821	0.80283
807 C	0.18851	0.00867	0.80283
808 G	0.18724	0.00993	0.80282
809 G	0.18605	0.01110	0.80285
810 G	0.18545	0.01170	0.80285
811 G	0.18507	0.01208	0.80285
812 C	0.18484	0.01230	0.80286
813 T	0.18453	0.01266	0.80281
814 A	0.18404	0.01334	0.80262
815 C	0.18388	0.01361	0.80251
816 T	0.18381	0.01395	0.80224
817 G	0.18303	0.01520	0.80178
818 T	0.18255	0.01612	0.80134
819 T	0.18070	0.01792	0.80139
820 A	0.17589	0.02256	0.80155
821 G	0.17233	0.02493	0.80273
822 A	0.16768	0.02898	0.80334
823 C	0.16554	0.02991	0.80454
824 G	0.16463	0.03018	0.8052
825 C	0.16412	0.03030	0.80558
826 A	0.16369	0.03078	0.80554
827 T	0.16354	0.03086	0.8056
828 T	0.16268	0.03166	0.80567
829 A	0.16074	0.03338	0.80588
830 T	0.15913	0.03487	0.80601
831 A	0.15613	0.03691	0.80696
832 G	0.15232	0.04015	0.80752
833 A	0.14969	0.04308	0.80724
834 A	0.14907	0.04406	0.80687
835 A	0.14855	0.04469	0.80676
836 G	0.14847	0.04442	0.80711
837 A	0.14861	0.04399	0.8074
838 T	0.14886	0.04334	0.80779
839 A	0.14883	0.04292	0.80825
840 T	0.14911	0.04120	0.80969
841 A	0.14917	0.04023	0.8106
842 T	0.14917	0.03746	0.81338
843 T	0.14894	0.03383	0.81722
844 A	0.14816	0.03222	0.81961
845 T	0.14783	0.02893	0.82324
846 T	0.14721	0.02799	0.82481
847 G	0.14497	0.03013	0.8249
848 A	0.14360	0.03160	0.82481
849 T	0.14329	0.03173	0.82498
850 A	0.14232	0.03332	0.82437
851 A	0.14166	0.03435	0.82399
852 A	0.14168	0.03251	0.82581
853 G	0.14193	0.03038	0.82769
854 A	0.14231	0.02755	0.83013
855 G	0.14314	0.02334	0.83352
856 C	0.14409	0.02032	0.83559
857 T	0.14497	0.01968	0.83535
858 T	0.14537	0.01960	0.83502
859 A	0.14540	0.02056	0.83405
860 A	0.14565	0.02050	0.83385
861 T	0.14594	0.02041	0.83366
862 T	0.14607	0.02043	0.8335
863 A	0.14609	0.02062	0.83329
864 T	0.14640	0.02027	0.83332
865 G	0.14648	0.02060	0.83292
866 A	0.14670	0.02042	0.83288
867 T	0.14737	0.01891	0.83372
868 T	0.14769	0.01808	0.83423
869 A	0.14780	0.01737	0.83484
870 T	0.14827	0.01477	0.83696
871 C	0.14831	0.01346	0.83824
872 A	0.14826	0.01326	0.83847
873 A	0.14896	0.01198	0.83905
874 C	0.15036	0.01005	0.83959
875 A	0.15069	0.00967	0.83964
876 T	0.15125	0.00912	0.83963
877 G	0.15169	0.00870	0.83962
878 T	0.15220	0.00828	0.83952
879 T	0.15251	0.00836	0.83913
880 T	0.15291	0.00801	0.83907
881 A	0.15315	0.00776	0.83909
882 T	0.15399	0.00673	0.83928
883 A	0.15392	0.00669	0.83939
884 C	0.15408	0.00640	0.83952
885 T	0.15395	0.00646	0.83958
886 C	0.15349	0.00685	0.83966
887 C	0.15317	0.00722	0.83962
888 T	0.15328	0.00718	0.83954
889 A	0.15266	0.00791	0.83942
890 T	0.15225	0.00835	0.8394
891 T	0.15153	0.00911	0.83936
892 T	0.14955	0.01095	0.8395
893 T	0.14690	0.01338	0.83972
894 A	0.14388	0.01609	0.84002
895 G	0.14158	0.01824	0.84019
896 C	0.14004	0.01969	0.84027
897 T	0.13869	0.02125	0.84006
898 A	0.13760	0.02240	0.84
899 A	0.13654	0.02348	0.83999
900 C	0.13592	0.02407	0.84001
901 A	0.13558	0.02448	0.83993
902 C	0.13571	0.02429	0.84
903 T	0.13570	0.02440	0.8399
904 A	0.13553	0.02489	0.83958
905 A	0.13542	0.02514	0.83944
906 A	0.13535	0.02493	0.83973
907 T	0.13532	0.02474	0.83994
908 T	0.13503	0.02411	0.84086
909 A	0.13448	0.02386	0.84167
910 T	0.13398	0.02364	0.84238
911 A	0.13211	0.02544	0.84245
912 T	0.13168	0.02468	0.84364
913 G	0.13066	0.02486	0.84448
914 A	0.13011	0.02428	0.8456
915 A	0.12991	0.02208	0.84801
916 C	0.12981	0.01924	0.85095
917 A	0.12966	0.01745	0.85289
918 A	0.12969	0.01562	0.8547
919 T	0.12966	0.01413	0.85622
920 C	0.12943	0.01309	0.85748
921 T	0.12927	0.01284	0.8579
922 G	0.12855	0.01264	0.8588
923 G	0.12812	0.01267	0.8592
924 T	0.12782	0.01302	0.85915
925 C	0.12698	0.01499	0.85804
926 A	0.12645	0.01753	0.85602
927 T	0.12614	0.01948	0.85438
928 T	0.12481	0.02223	0.85295
929 T	0.12232	0.02679	0.85089
930 A	0.11918	0.03029	0.85053
931 G	0.11803	0.03100	0.85097
932 A	0.11767	0.03082	0.85152
933 A	0.11765	0.03003	0.85232
934 C	0.11810	0.02756	0.85435
935 T	0.11824	0.02713	0.85463
936 T	0.11826	0.02700	0.85474
937 T	0.11816	0.02731	0.85454
938 A	0.11737	0.02869	0.85395
939 T	0.11466	0.03178	0.85357
940 A	0.11111	0.03553	0.85337
941 A	0.10888	0.03794	0.85318
942 A	0.10691	0.04012	0.85298
943 G	0.10531	0.04199	0.85271
944 A	0.10464	0.04270	0.85266
945 A	0.10466	0.04244	0.85291
946 A	0.10508	0.04162	0.8533
947 A	0.10582	0.04029	0.85388
948 T	0.10776	0.03701	0.85524
949 A	0.10977	0.03410	0.85613
950 T	0.11168	0.03089	0.85743
951 G	0.11275	0.02807	0.85919
952 T	0.11437	0.02425	0.86138
953 T	0.11458	0.02188	0.86354
954 T	0.11407	0.02165	0.86428
955 C	0.11281	0.02262	0.86457
956 C	0.11103	0.02445	0.86452
957 A	0.10965	0.02663	0.86373
958 A	0.10878	0.02835	0.86287
959 T	0.10838	0.02975	0.86187
960 A	0.10579	0.03419	0.86002
961 A	0.10400	0.03731	0.85869
962 T	0.10269	0.03708	0.86022
963 G	0.10066	0.03563	0.86371
964 G	0.10026	0.03403	0.86571
965 A	0.10035	0.03302	0.86663
966 T	0.10097	0.03158	0.86745
967 C	0.10090	0.03109	0.86801
968 T	0.10111	0.03087	0.86802
969 T	0.10091	0.03113	0.86796
970 G	0.10032	0.03178	0.86789
971 C	0.10001	0.03231	0.86768
972 T	0.09989	0.03313	0.86699
973 A	0.09968	0.03439	0.86594
974 A	0.09957	0.03541	0.86502
975 T	0.09954	0.03618	0.86429
976 A	0.09946	0.03774	0.8628
977 A	0.09947	0.03769	0.86283
978 A	0.09954	0.03662	0.86383
979 G	0.09970	0.03470	0.8656
980 A	0.10039	0.03299	0.86662
981 A	0.10120	0.03150	0.8673
982 A	0.10230	0.02999	0.86771
983 A	0.10426	0.02534	0.8704
984 A	0.10644	0.02080	0.87277
985 T	0.10868	0.01664	0.87469
986 T	0.10896	0.01445	0.87659
987 A	0.10911	0.01420	0.87668
988 G	0.10953	0.01381	0.87667
989 T	0.11007	0.01346	0.87647
990 T	0.11026	0.01302	0.87673
991 T	0.11044	0.01278	0.87678
992 T	0.11058	0.01241	0.87701
993 A	0.11044	0.01208	0.87748
994 C	0.11040	0.01171	0.87788
995 G	0.11053	0.01148	0.878
996 C	0.11125	0.01062	0.87813
997 C	0.11215	0.00973	0.87812
998 C	0.11249	0.00953	0.87799
999 T	0.11267	0.00992	0.87741
1000 A	0.11187	0.01122	0.87691
1001 T	0.11168	0.01175	0.87657
1002 G	0.11073	0.01355	0.87573
1003 A	0.11029	0.01439	0.87532
1004 A	0.11030	0.01425	0.87545
1005 T	0.11088	0.01355	0.87557
1006 T	0.11095	0.01341	0.87563
1007 G	0.11084	0.01348	0.87568
1008 C	0.11086	0.01343	0.87571
1009 C	0.11099	0.01330	0.87571
1010 C	0.11143	0.01285	0.87573
1011 T	0.11189	0.01239	0.87571
1012 C	0.11204	0.01224	0.87571
1013 A	0.11190	0.01242	0.87568
1014 T	0.11196	0.01238	0.87566
1015 C	0.11180	0.01252	0.87568
1016 A	0.11156	0.01277	0.87567
1017 T	0.11148	0.01272	0.8758
1018 A	0.11133	0.01257	0.87609
1019 T	0.11089	0.01270	0.87641
1020 G	0.11048	0.01301	0.87651
1021 A	0.11046	0.01243	0.87711
1022 T	0.11095	0.01042	0.87864
1023 G	0.11119	0.00929	0.87952
1024 A	0.11145	0.00913	0.87942
1025 T	0.11221	0.00776	0.88003
1026 T	0.11236	0.00734	0.8803
1027 T	0.11192	0.00815	0.87993
1028 T	0.11116	0.00932	0.87952
1029 T	0.10921	0.01202	0.87877
1030 A	0.10487	0.01864	0.87649
1031 A	0.09971	0.02724	0.87305
1032 A	0.09726	0.03037	0.87237
1033 A	0.09505	0.03335	0.8716
1034 A	0.09235	0.03680	0.87084
1035 A	0.09129	0.03803	0.87068
1036 C	0.09094	0.03828	0.87078
1037 A	0.09054	0.03940	0.87006
1038 A	0.09050	0.03935	0.87015
1039 T	0.09067	0.03901	0.87032
1040 T	0.09071	0.03888	0.87041
1041 A	0.09071	0.03877	0.87052
1042 C	0.09077	0.03805	0.87118
1043 G	0.09087	0.03758	0.87155
1044 T	0.09107	0.03725	0.87168
1045 A	0.09095	0.03740	0.87165
1046 G	0.09122	0.03709	0.87169
1047 T	0.09177	0.03685	0.87137
1048 T	0.09179	0.03685	0.87136
1049 A	0.09131	0.03710	0.87159
1050 T	0.09158	0.03594	0.87247
1051 A	0.09148	0.03525	0.87327
1052 A	0.09167	0.03324	0.87509
1053 A	0.09339	0.02804	0.87857
1054 G	0.09648	0.02063	0.88288
1055 A	0.09737	0.01860	0.88404
1056 A	0.09844	0.01553	0.88603
1057 T	0.09966	0.01178	0.88856
1058 T	0.09982	0.01067	0.88951
1059 A	0.09961	0.01054	0.88985
1060 C	0.09999	0.00975	0.89026
1061 C	0.10005	0.00976	0.89019
1062 T	0.10007	0.01069	0.88924
1063 T	0.09994	0.01179	0.88826
1064 T	0.09955	0.01348	0.88698
1065 T	0.09779	0.01726	0.88495
1066 A	0.09582	0.02158	0.88259
1067 A	0.09511	0.02390	0.88099
1068 A	0.09494	0.02535	0.87971
1069 A	0.09498	0.02513	0.87988
1070 T	0.09544	0.02430	0.88025
1071 T	0.09579	0.02349	0.88073
1072 G	0.09580	0.02292	0.88128
1073 C	0.09576	0.02268	0.88156
1074 A	0.09590	0.02259	0.88151
1075 G	0.09608	0.02246	0.88146
1076 A	0.09638	0.02226	0.88135
1077 A	0.09677	0.02188	0.88134
1078 T	0.09757	0.02109	0.88135
1079 T	0.09752	0.02101	0.88147
1080 A	0.09737	0.02125	0.88139
1081 G	0.09729	0.02146	0.88124
1082 G	0.09724	0.02147	0.88129
1083 A	0.09734	0.02145	0.88122
1084 A	0.09776	0.02107	0.88117
1085 T	0.09912	0.01951	0.88136
1086 G	0.10011	0.01813	0.88176
1087 A	0.10153	0.01634	0.88212
1088 T	0.10360	0.01285	0.88356
1089 G	0.10495	0.01008	0.88497
1090 C	0.10612	0.00844	0.88544
1091 A	0.10730	0.00745	0.88525
1092 T	0.10752	0.00738	0.8851
1093 C	0.10751	0.00762	0.88487
1094 G	0.10761	0.00791	0.88448
1095 T	0.10774	0.00806	0.88421
1096 T	0.10783	0.00820	0.88398
1097 A	0.10775	0.00863	0.88361
1098 T	0.10788	0.00854	0.88359
1099 G	0.10786	0.00854	0.88359
1100 A	0.10787	0.00850	0.88363
1101 A	0.10791	0.00839	0.8837
1102 C	0.10811	0.00793	0.88396
1103 A	0.10834	0.00760	0.88405
1104 T	0.10889	0.00696	0.88415
1105 T	0.10912	0.00662	0.88425
1106 C	0.10917	0.00652	0.88431
1107 A	0.10917	0.00655	0.88428
1108 G	0.10930	0.00637	0.88433
1109 G	0.10926	0.00632	0.88443
1110 A	0.10928	0.00624	0.88448
1111 G	0.10953	0.00593	0.88454
1112 C	0.10979	0.00518	0.88502
1113 T	0.11022	0.00473	0.88504
1114 G	0.11063	0.00426	0.88511
1115 T	0.11112	0.00377	0.88511
1116 T	0.11136	0.00356	0.88508
1117 T	0.11134	0.00369	0.88497
1118 C	0.11081	0.00429	0.88489
1119 T	0.11015	0.00599	0.88386
1120 G	0.10881	0.00806	0.88314
1121 G	0.10773	0.01053	0.88174
1122 T	0.10656	0.01200	0.88144
1123 T	0.10501	0.01418	0.8808
1124 T	0.10266	0.01689	0.88045
1125 A	0.09762	0.02230	0.88008
1126 C	0.09513	0.02496	0.8799
1127 A	0.09344	0.02728	0.87928
1128 A	0.08963	0.03164	0.87874
1129 A	0.08633	0.03506	0.87861
1130 G	0.08440	0.03698	0.87861
1131 A	0.08252	0.03911	0.87838
1132 A	0.07980	0.04201	0.87819
1133 C	0.07861	0.04320	0.87819
1134 A	0.07762	0.04478	0.8776
1135 A	0.07716	0.04579	0.87705
1136 G	0.07693	0.04625	0.87682
1137 A	0.07685	0.04678	0.87638
1138 G	0.07690	0.04728	0.87582
1139 A	0.07713	0.04729	0.87558
1140 A	0.07732	0.04717	0.87551
1141 A	0.07781	0.04586	0.87633
1142 T	0.07890	0.04343	0.87767
1143 G	0.07961	0.04072	0.87967
1144 A	0.08071	0.03781	0.88149
1145 C	0.08119	0.03399	0.88482
1146 T	0.08192	0.03149	0.88659
1147 T	0.08211	0.02937	0.88852
1148 T	0.08216	0.02704	0.8908
1149 G	0.08195	0.02606	0.89199
1150 A	0.08203	0.02550	0.89247
1151 A	0.08236	0.02125	0.89639
1152 T	0.08258	0.01745	0.89997
1153 G	0.08265	0.01517	0.90218
1154 A	0.08282	0.01332	0.90386
1155 T	0.08320	0.01027	0.90653
1156 G	0.08307	0.00939	0.90754
1157 C	0.08364	0.00807	0.90829
1158 T	0.08422	0.00743	0.90835
1159 C	0.08441	0.00760	0.90799
1160 A	0.08477	0.00976	0.90547
1161 T	0.08533	0.01084	0.90382
1162 A	0.08564	0.01177	0.90259
1163 T	0.08611	0.01159	0.9023
1164 T	0.08612	0.01218	0.90171
1165 T	0.08596	0.01334	0.90069
1166 T	0.08560	0.01524	0.89916
1167 T	0.08506	0.01614	0.8988
1168 A	0.08361	0.01849	0.8979
1169 T	0.08303	0.01981	0.89716
1170 T	0.08229	0.02168	0.89603
1171 C	0.08027	0.02579	0.89394
1172 A	0.07829	0.03540	0.88631
1173 T	0.07649	0.04535	0.87816
1174 G	0.07320	0.05580	0.87099
1175 A	0.06837	0.06179	0.86983
1176 A	0.06431	0.06604	0.86965
1177 A	0.06336	0.06693	0.86972
1178 A	0.06284	0.06732	0.86984
1179 C	0.06275	0.06708	0.87017
1180 C	0.06302	0.06719	0.86978
1181 A	0.06339	0.06883	0.86778
1182 A	0.06388	0.07184	0.86429
1183 A	0.06612	0.07171	0.86216
1184 T	0.06738	0.07149	0.86112
1185 T	0.06622	0.07437	0.85941
1186 A	0.06205	0.08015	0.8578
1187 A	0.05871	0.08412	0.85718
1188 A	0.05677	0.08584	0.85739
1189 G	0.05373	0.08838	0.85789
1190 A	0.05194	0.08965	0.85842
1191 A	0.05170	0.08845	0.85986
1192 C	0.05257	0.08668	0.86075
1193 A	0.05393	0.08506	0.86101
1194 A	0.05613	0.08172	0.86215
1195 A	0.06291	0.07338	0.86371
1196 T	0.07096	0.06364	0.86541
1197 T	0.07609	0.05625	0.86765
1198 A	0.07644	0.05110	0.87246
1199 C	0.07625	0.04681	0.87693
1200 T	0.07609	0.04613	0.87778
1201 C	0.07496	0.04700	0.87804
1202 A	0.07378	0.04892	0.8773
1203 A	0.07358	0.05008	0.87634
1204 A	0.07556	0.04837	0.87607
1205 T	0.07946	0.04400	0.87654
1206 T	0.08163	0.04155	0.87682
1207 A	0.08196	0.03996	0.87807
1208 T	0.08335	0.03558	0.88108
1209 T	0.08435	0.03011	0.88554
1210 A	0.08456	0.02690	0.88854
1211 A	0.08465	0.02496	0.8904
1212 T	0.08509	0.02140	0.8935
1213 T	0.08504	0.02185	0.89311
1214 T	0.08466	0.02182	0.89352
1215 T	0.08401	0.02233	0.89366
1216 A	0.08317	0.02370	0.89313
1217 T	0.08299	0.02359	0.89341
1218 T	0.08260	0.02413	0.89327
1219 T	0.08198	0.02503	0.89299
1220 T	0.08105	0.02611	0.89284
1221 A	0.07876	0.02920	0.89203
1222 G	0.07779	0.03031	0.89189
1223 A	0.07736	0.03097	0.89167
1224 A	0.07720	0.03050	0.89231
1225 G	0.07796	0.02872	0.89332
1226 T	0.07913	0.02738	0.89349
1227 T	0.07951	0.02833	0.89216
1228 T	0.07957	0.03169	0.88874
1229 A	0.07943	0.03725	0.88332
1230 T	0.07932	0.03952	0.88115
1231 A	0.07828	0.04593	0.87578
1232 A	0.07779	0.04822	0.87399
1233 A	0.07776	0.04963	0.87261
1234 G	0.07856	0.04991	0.87153
1235 A	0.08001	0.05060	0.86939
1236 T	0.08343	0.04721	0.86936
1237 T	0.08469	0.04607	0.86924
1238 T	0.08527	0.04569	0.86904
1239 T	0.08558	0.04588	0.86855
1240 G	0.08484	0.04784	0.86731
1241 A	0.08482	0.04879	0.86638
1242 T	0.08512	0.04855	0.86633
1243 A	0.08523	0.04781	0.86695
1244 T	0.08610	0.04519	0.8687
1245 T	0.08540	0.04524	0.86935
1246 A	0.08328	0.04723	0.86949
1247 C	0.08256	0.04787	0.86956
1248 A	0.08192	0.04978	0.8683
1249 G	0.08248	0.05009	0.86743
1250 A	0.08420	0.04996	0.86583
1251 A	0.08810	0.04730	0.8646
1252 T	0.09395	0.04242	0.86363
1253 A	0.09609	0.04052	0.86339
1254 T	0.10089	0.03512	0.86399
1255 A	0.10095	0.03535	0.8637
1256 G	0.10151	0.03467	0.86382
1257 C	0.10257	0.03401	0.86341
1258 T	0.10500	0.03318	0.86182
1259 T	0.10550	0.03369	0.86082
1260 T	0.10583	0.03408	0.86009
1261 A	0.10571	0.03471	0.85958
1262 A	0.10588	0.03480	0.85932
1263 T	0.10666	0.03328	0.86006
1264 T	0.10618	0.03373	0.86008
1265 T	0.10486	0.03471	0.86043
1266 A	0.09991	0.03936	0.86073
1267 A	0.09544	0.04332	0.86124
1268 G	0.09077	0.04662	0.86261
1269 C	0.08647	0.04900	0.86453
1270 A	0.07945	0.05613	0.86442
1271 C	0.07643	0.05870	0.86487
1272 A	0.06993	0.06682	0.86325
1273 A	0.06361	0.07458	0.86181
1274 G	0.06124	0.07831	0.86046
1275 A	0.05983	0.08040	0.85976
1276 G	0.05935	0.08153	0.85912
1277 A	0.05936	0.08204	0.8586
1278 T	0.06099	0.07917	0.85984
1279 G	0.06138	0.07784	0.86078
1280 T	0.06228	0.07665	0.86108
1281 T	0.06273	0.07608	0.86118
1282 T	0.06191	0.07803	0.86005
1283 T	0.06037	0.08066	0.85896
1284 A	0.05609	0.08745	0.85645
1285 A	0.05178	0.09577	0.85246
1286 A	0.04884	0.09975	0.85141
1287 T	0.04723	0.10146	0.85131
1288 A	0.04277	0.10818	0.84904
1289 A	0.04141	0.10695	0.85164
1290 A	0.04043	0.10454	0.85503
1291 A	0.04001	0.10082	0.85917
1292 A	0.04006	0.09645	0.86349
1293 T	0.04103	0.08854	0.87043
1294 A	0.04120	0.08476	0.87404
1295 A	0.04256	0.07648	0.88096
1296 A	0.04391	0.06708	0.88901
1297 T	0.04575	0.06142	0.89283
1298 A	0.04669	0.05798	0.89532
1299 T	0.04855	0.05444	0.897
1300 T	0.04991	0.05196	0.89813
1301 T	0.05032	0.05181	0.89788
1302 T	0.05007	0.05327	0.89666
1303 G	0.04874	0.05690	0.89435
1304 A	0.04793	0.06187	0.8902
1305 T	0.04870	0.06163	0.88966
1306 A	0.04908	0.06332	0.8876
1307 A	0.05136	0.06141	0.88722
1308 T	0.05678	0.05496	0.88826
1309 G	0.05803	0.05696	0.885
1310 A	0.05917	0.06814	0.87269
1311 T	0.06177	0.06730	0.87092
1312 T	0.06199	0.07297	0.86504
1313 T	0.06160	0.07734	0.86106
1314 A	0.05945	0.08603	0.85452
1315 A	0.05839	0.08957	0.85204
1316 T	0.05785	0.09099	0.85116
1317 A	0.05305	0.09669	0.85026
1318 T	0.05095	0.09901	0.85004
1319 G	0.04515	0.10527	0.84958
1320 G	0.03963	0.11185	0.84852
1321 A	0.03734	0.11640	0.84626
1322 A	0.03567	0.12101	0.84332
1323 A	0.03550	0.12442	0.84008
1324 A	0.03685	0.12342	0.83974
1325 A	0.03867	0.12158	0.83975
1326 A	0.04138	0.11768	0.84094
1327 T	0.04598	0.11181	0.84221
1328 C	0.04715	0.10994	0.84291
1329 A	0.05011	0.10707	0.84282
