# lcl|CP097583.1_cds_USQ93214.1_1
# AA	inside	membr	outside
1 A	0.14663	0.00000	0.85336
2 T	0.14639	0.00025	0.85336
3 G	0.14549	0.00114	0.85336
4 G	0.14549	0.01975	0.83476
5 T	0.14325	0.05793	0.79882
6 A	0.14325	0.07024	0.78651
7 G	0.13043	0.08496	0.78461
8 A	0.13043	0.08500	0.78456
9 T	0.12880	0.08736	0.78384
10 A	0.12879	0.16082	0.71039
11 A	0.12791	0.16390	0.70819
12 T	0.11769	0.17517	0.70714
13 A	0.07474	0.23138	0.69387
14 A	0.07474	0.23139	0.69387
15 G	0.07474	0.26230	0.66296
16 A	0.07440	0.26265	0.66295
17 A	0.07427	0.26288	0.66285
18 T	0.07426	0.26298	0.66275
19 T	0.07410	0.26331	0.6626
20 C	0.07295	0.26628	0.66077
21 T	0.07170	0.26754	0.66076
22 A	0.07161	0.26776	0.66064
23 A	0.07167	0.26771	0.66063
24 A	0.07224	0.26714	0.66063
25 A	0.07377	0.26506	0.66117
26 C	0.07548	0.26088	0.66364
27 G	0.09349	0.24125	0.66525
28 A	0.12896	0.20401	0.66702
29 T	0.14507	0.18712	0.66781
30 T	0.15330	0.17160	0.6751
31 G	0.15471	0.17020	0.67509
32 A	0.15729	0.16457	0.67814
33 T	0.21088	0.10658	0.68254
34 A	0.21233	0.10355	0.68413
35 A	0.21608	0.09037	0.69354
36 T	0.23007	0.04220	0.72773
37 A	0.23068	0.04094	0.72838
38 A	0.25385	0.01714	0.72901
39 C	0.25487	0.01504	0.73008
40 T	0.25626	0.01339	0.73035
41 G	0.25638	0.01305	0.73058
42 T	0.25689	0.01242	0.73069
43 T	0.25777	0.01083	0.73141
44 C	0.25563	0.01238	0.73199
45 T	0.25412	0.01400	0.73189
46 A	0.25311	0.01497	0.73193
47 C	0.25271	0.01531	0.73199
48 T	0.25239	0.01574	0.73187
49 G	0.25197	0.01623	0.73179
50 A	0.25195	0.01639	0.73166
51 T	0.25217	0.01612	0.73171
52 G	0.25188	0.01642	0.7317
53 C	0.25176	0.01632	0.73192
54 T	0.25217	0.01579	0.73204
55 A	0.25212	0.01573	0.73215
56 T	0.25236	0.01521	0.73243
57 A	0.25265	0.01432	0.73302
58 G	0.25268	0.01388	0.73344
59 C	0.25283	0.01248	0.73468
60 T	0.25304	0.01168	0.73529
61 G	0.25308	0.01155	0.73536
62 T	0.25328	0.01113	0.73558
63 A	0.25300	0.01153	0.73548
64 G	0.25301	0.01156	0.73543
65 T	0.25311	0.01046	0.73643
66 T	0.25301	0.01011	0.73687
67 G	0.25283	0.00848	0.7387
68 T	0.25287	0.00793	0.7392
69 C	0.25178	0.00879	0.73943
70 G	0.25099	0.01142	0.73759
71 G	0.25078	0.01324	0.73598
72 T	0.25057	0.01510	0.73434
73 A	0.25023	0.01793	0.73183
74 A	0.24986	0.02101	0.72913
75 G	0.24963	0.02104	0.72933
76 T	0.24964	0.02067	0.72969
77 T	0.24958	0.02065	0.72978
78 A	0.24937	0.02078	0.72986
79 C	0.24923	0.02090	0.72987
80 C	0.24910	0.02154	0.72936
81 T	0.24904	0.02388	0.72709
82 A	0.24889	0.02429	0.72682
83 A	0.24878	0.02452	0.72671
84 T	0.24889	0.02448	0.72663
85 G	0.24883	0.02454	0.72663
86 C	0.24866	0.02432	0.72701
87 A	0.24882	0.02424	0.72694
88 A	0.24894	0.02418	0.72688
89 G	0.24926	0.02379	0.72695
90 A	0.25047	0.02255	0.72698
91 T	0.25246	0.02062	0.72693
92 T	0.25365	0.01853	0.72782
93 T	0.25499	0.01704	0.72797
94 A	0.25524	0.01822	0.72654
95 A	0.25459	0.02067	0.72474
96 A	0.25429	0.02092	0.7248
97 T	0.25533	0.01961	0.72505
98 T	0.25311	0.02158	0.72531
99 A	0.24671	0.02790	0.72539
100 C	0.24300	0.03141	0.72559
101 A	0.24073	0.03359	0.72567
102 A	0.23981	0.03436	0.72582
103 C	0.23992	0.03406	0.72602
104 T	0.24163	0.03232	0.72606
105 T	0.24092	0.03305	0.72602
106 C	0.23947	0.03467	0.72585
107 T	0.23812	0.03699	0.7249
108 T	0.23629	0.03884	0.72487
109 G	0.23338	0.04160	0.72502
110 A	0.23126	0.04371	0.72503
111 T	0.22986	0.04510	0.72504
112 C	0.22731	0.04747	0.72522
113 A	0.22444	0.05045	0.72511
114 A	0.22280	0.05212	0.72507
115 A	0.22270	0.05214	0.72515
116 G	0.22314	0.05135	0.72551
117 A	0.22463	0.04954	0.72582
118 A	0.22654	0.04543	0.72802
119 T	0.22700	0.04183	0.73116
120 T	0.22710	0.03969	0.7332
121 A	0.22706	0.03757	0.73537
122 T	0.22700	0.03230	0.7407
123 T	0.22659	0.03008	0.74333
124 G	0.22565	0.02952	0.74482
125 A	0.22483	0.03075	0.74442
126 A	0.22467	0.03095	0.74438
127 G	0.22466	0.03060	0.74474
128 G	0.22476	0.02955	0.74569
129 A	0.22523	0.02819	0.74658
130 T	0.22624	0.02599	0.74777
131 T	0.22635	0.02504	0.7486
132 T	0.22643	0.02366	0.7499
133 A	0.22647	0.02212	0.75142
134 T	0.22654	0.02046	0.753
135 A	0.22647	0.01882	0.75472
136 T	0.22651	0.01676	0.75674
137 C	0.22597	0.01654	0.75749
138 T	0.22476	0.02048	0.75477
139 G	0.22174	0.02637	0.75189
140 G	0.22001	0.03075	0.74924
141 T	0.21932	0.03545	0.74523
142 A	0.21818	0.04090	0.74092
143 A	0.21772	0.04284	0.73945
144 A	0.21751	0.04313	0.73935
145 A	0.21780	0.04284	0.73937
146 T	0.21792	0.04232	0.73975
147 A	0.21797	0.04155	0.74048
148 C	0.21886	0.03988	0.74126
149 G	0.21919	0.03959	0.74121
150 T	0.21973	0.03902	0.74126
151 A	0.21965	0.03909	0.74126
152 C	0.21927	0.03944	0.74129
153 T	0.21911	0.03964	0.74125
154 C	0.21741	0.04136	0.74123
155 G	0.21606	0.04284	0.74109
156 T	0.21569	0.04353	0.74078
157 A	0.21440	0.04535	0.74025
158 G	0.21420	0.04555	0.74025
159 A	0.21470	0.04496	0.74034
160 A	0.21603	0.04272	0.74124
161 T	0.22009	0.03689	0.74303
162 T	0.22302	0.03096	0.74602
163 C	0.22456	0.02803	0.74741
164 A	0.22691	0.02580	0.74729
165 T	0.22995	0.02217	0.74789
166 A	0.22981	0.02228	0.74792
167 T	0.22915	0.02260	0.74825
168 A	0.22807	0.02380	0.74814
169 C	0.22752	0.02361	0.74887
170 A	0.22724	0.02406	0.7487
171 A	0.22706	0.02435	0.74859
172 T	0.22704	0.02406	0.74889
173 T	0.22689	0.02406	0.74905
174 A	0.22664	0.02431	0.74905
175 G	0.22610	0.02324	0.75066
176 G	0.22596	0.02237	0.75167
177 T	0.22582	0.02039	0.75378
178 G	0.22557	0.02019	0.75424
179 A	0.22482	0.02202	0.75317
180 T	0.22466	0.02342	0.75192
181 A	0.22384	0.02968	0.74648
182 A	0.22328	0.03162	0.7451
183 A	0.22315	0.03250	0.74435
184 G	0.22310	0.03401	0.74289
185 T	0.22315	0.03468	0.74217
186 G	0.22307	0.03600	0.74094
187 A	0.22343	0.03718	0.73939
188 A	0.22348	0.03697	0.73955
189 A	0.22360	0.03617	0.74023
190 G	0.22385	0.03495	0.74119
191 T	0.22429	0.03342	0.74229
192 C	0.22445	0.03255	0.743
193 G	0.22480	0.03203	0.74317
194 A	0.22521	0.03150	0.74329
195 T	0.22568	0.03086	0.74345
196 C	0.22587	0.03057	0.74357
197 A	0.22620	0.03024	0.74356
198 T	0.22678	0.02913	0.74408
199 A	0.22713	0.02859	0.74428
200 G	0.22767	0.02777	0.74456
201 T	0.22937	0.02570	0.74493
202 G	0.23094	0.02279	0.74627
203 G	0.23336	0.01968	0.74696
204 T	0.23952	0.01269	0.74778
205 C	0.24150	0.01023	0.74827
206 G	0.24293	0.00870	0.74837
207 T	0.24529	0.00637	0.74833
208 A	0.24617	0.00573	0.7481
209 T	0.24754	0.00449	0.74797
210 T	0.24868	0.00378	0.74754
211 A	0.24856	0.00466	0.74678
212 T	0.24865	0.00477	0.74658
213 T	0.24829	0.00515	0.74656
214 T	0.24643	0.00713	0.74644
215 A	0.24349	0.01012	0.74639
216 T	0.24216	0.01152	0.74632
217 C	0.24011	0.01366	0.74623
218 G	0.23902	0.01500	0.74598
219 T	0.23835	0.01601	0.74564
220 T	0.23699	0.01798	0.74503
221 T	0.23262	0.02354	0.74385
222 T	0.22603	0.03032	0.74365
223 T	0.21517	0.04167	0.74317
224 T	0.20957	0.04735	0.74308
225 A	0.20237	0.05464	0.74299
226 C	0.19793	0.05915	0.74292
227 A	0.19638	0.06076	0.74286
228 A	0.19577	0.06142	0.74282
229 A	0.19577	0.06140	0.74283
230 A	0.19592	0.06123	0.74285
231 G	0.19622	0.06089	0.74288
232 G	0.19656	0.06044	0.743
233 A	0.19707	0.05973	0.7432
234 T	0.19796	0.05835	0.74369
235 A	0.19838	0.05760	0.74402
236 A	0.19856	0.05671	0.74473
237 T	0.19882	0.05430	0.74688
238 G	0.19897	0.05124	0.74979
239 T	0.19922	0.04950	0.75128
240 T	0.19941	0.04749	0.7531
241 A	0.19961	0.04613	0.75426
242 A	0.19989	0.04422	0.75589
243 A	0.20052	0.03958	0.7599
244 T	0.20169	0.02793	0.77039
245 G	0.20198	0.01502	0.78301
246 A	0.20267	0.00000	0.79734
