# lcl|CP097583.1_cds_USQ93361.1_1
# AA	inside	membr	outside
1 A	0.30794	0.00000	0.69206
2 T	0.30758	0.00036	0.69206
3 G	0.30728	0.00066	0.69206
4 A	0.30728	0.01175	0.68097
5 G	0.30587	0.01790	0.67623
6 T	0.30587	0.01875	0.67538
7 A	0.30251	0.02243	0.67507
8 T	0.30251	0.02243	0.67506
9 T	0.30212	0.02293	0.67495
10 T	0.30212	0.02842	0.66946
11 T	0.30183	0.02930	0.66888
12 A	0.28948	0.04215	0.66836
13 T	0.27467	0.05928	0.66605
14 T	0.27466	0.05929	0.66605
15 T	0.27466	0.11174	0.6136
16 A	0.27247	0.11393	0.6136
17 A	0.27042	0.11665	0.61293
18 A	0.27038	0.11788	0.61174
19 G	0.26999	0.11861	0.6114
20 A	0.26762	0.12653	0.60585
21 T	0.25892	0.13522	0.60585
22 T	0.25816	0.13685	0.60499
23 T	0.25595	0.14047	0.60358
24 A	0.25359	0.14574	0.60067
25 A	0.25215	0.15014	0.59771
26 A	0.25117	0.15180	0.59703
27 T	0.26093	0.14225	0.59681
28 T	0.26483	0.13838	0.59679
29 T	0.26491	0.14013	0.59496
30 A	0.26312	0.14127	0.5956
31 T	0.26192	0.14284	0.59524
32 T	0.25935	0.14600	0.59465
33 A	0.24494	0.16031	0.59475
34 A	0.24212	0.16221	0.59567
35 A	0.24171	0.15180	0.6065
36 A	0.24211	0.13850	0.61939
37 C	0.24336	0.13619	0.62046
38 C	0.28654	0.09421	0.61924
39 A	0.28561	0.10056	0.61384
40 A	0.28695	0.10028	0.61277
41 T	0.28805	0.10001	0.61194
42 T	0.28301	0.10599	0.61099
43 G	0.27857	0.11026	0.61117
44 A	0.26700	0.11839	0.61461
45 A	0.26689	0.11945	0.61365
46 G	0.26727	0.11604	0.61669
47 A	0.26997	0.11097	0.61907
48 T	0.27409	0.10458	0.62134
49 G	0.27464	0.10191	0.62346
50 C	0.27561	0.09972	0.62466
51 A	0.27656	0.09889	0.62455
52 T	0.27861	0.09581	0.62558
53 T	0.27976	0.09280	0.62744
54 G	0.28026	0.09073	0.62901
55 A	0.28114	0.08791	0.63095
56 C	0.28161	0.07049	0.6479
57 A	0.28178	0.06825	0.64997
58 G	0.28215	0.06616	0.65168
59 A	0.28321	0.06442	0.65236
60 G	0.28455	0.06214	0.65331
61 T	0.28723	0.06069	0.65208
62 T	0.29275	0.05574	0.65151
63 A	0.29403	0.06036	0.64561
64 A	0.29521	0.05876	0.64602
65 A	0.29668	0.05370	0.64961
66 T	0.29866	0.04414	0.65719
67 T	0.30273	0.03336	0.66392
68 T	0.30432	0.03520	0.66048
69 T	0.30353	0.04753	0.64894
70 A	0.30253	0.06011	0.63736
71 T	0.30089	0.06503	0.63408
72 G	0.29895	0.06691	0.63415
73 A	0.29811	0.06757	0.63431
74 C	0.29799	0.06763	0.63439
75 T	0.29625	0.06954	0.63421
76 C	0.29403	0.07178	0.6342
77 C	0.29259	0.07324	0.63417
78 T	0.29091	0.07496	0.63413
79 A	0.28788	0.07800	0.63412
80 C	0.28689	0.07898	0.63413
81 A	0.28698	0.07891	0.63411
82 C	0.28798	0.07790	0.63412
83 C	0.28914	0.07674	0.63411
84 A	0.29125	0.07465	0.6341
85 A	0.29525	0.07067	0.63408
86 T	0.30308	0.06280	0.63412
87 T	0.30340	0.06249	0.63411
88 C	0.30228	0.06351	0.63422
89 A	0.30218	0.06339	0.63443
90 A	0.30339	0.06179	0.63481
91 G	0.30697	0.05721	0.63583
92 C	0.31799	0.04505	0.63696
93 T	0.32967	0.03265	0.63767
94 T	0.33223	0.02847	0.6393
95 T	0.33090	0.02853	0.64058
96 A	0.32789	0.03128	0.64083
97 G	0.32616	0.03289	0.64095
98 T	0.32551	0.03183	0.64266
99 T	0.32501	0.03012	0.64487
100 A	0.32386	0.02973	0.64641
101 T	0.32355	0.02803	0.64843
102 T	0.32270	0.02637	0.65093
103 C	0.31996	0.02849	0.65155
104 C	0.31548	0.03365	0.65087
105 A	0.30875	0.04377	0.64748
106 G	0.30480	0.04937	0.64583
107 A	0.30254	0.05451	0.64295
108 A	0.29930	0.06055	0.64015
109 A	0.29792	0.06313	0.63895
110 T	0.29676	0.06280	0.64045
111 T	0.29417	0.06453	0.6413
112 A	0.29215	0.06800	0.63986
113 T	0.29119	0.06928	0.63953
114 A	0.29007	0.07245	0.63748
115 G	0.28956	0.07444	0.63599
116 A	0.28930	0.07636	0.63434
117 A	0.28909	0.07579	0.63512
118 G	0.28927	0.07367	0.63705
119 G	0.28971	0.07054	0.63975
120 G	0.29023	0.06815	0.64163
121 C	0.29124	0.06605	0.64272
122 A	0.29164	0.06534	0.64302
123 C	0.29196	0.06357	0.64448
124 G	0.29233	0.06351	0.64416
125 A	0.29306	0.06350	0.64344
126 T	0.29432	0.06181	0.64388
127 A	0.29524	0.05945	0.64531
128 T	0.29802	0.05289	0.64909
129 A	0.29735	0.05312	0.64952
130 A	0.29923	0.04916	0.65161
131 T	0.30151	0.04368	0.6548
132 A	0.30209	0.04107	0.65683
133 G	0.30281	0.03831	0.65888
134 C	0.30489	0.03392	0.66119
135 T	0.30615	0.03631	0.65754
136 C	0.30246	0.04184	0.6557
137 A	0.29960	0.05621	0.6442
138 A	0.29709	0.06130	0.64161
139 T	0.29737	0.06275	0.63987
140 C	0.29426	0.06687	0.63887
141 T	0.29186	0.07200	0.63614
142 C	0.28917	0.07513	0.63569
143 A	0.28686	0.07891	0.63423
144 A	0.28239	0.08388	0.63374
145 A	0.28075	0.08583	0.63342
146 C	0.28012	0.08641	0.63347
147 A	0.27981	0.08691	0.63328
148 G	0.28032	0.08621	0.63348
149 G	0.28084	0.08552	0.63364
150 A	0.28171	0.08448	0.63381
151 A	0.28295	0.08306	0.63399
152 C	0.28537	0.07840	0.63624
153 G	0.28583	0.07751	0.63665
154 G	0.28649	0.07664	0.63688
155 G	0.28709	0.07568	0.63723
156 A	0.28776	0.07503	0.63721
157 A	0.28938	0.07302	0.63761
158 A	0.29385	0.06661	0.63954
159 A	0.29712	0.05823	0.64465
160 A	0.30876	0.04084	0.65041
161 C	0.31391	0.02889	0.65719
162 T	0.31771	0.02295	0.65935
163 T	0.31954	0.01814	0.66232
164 T	0.32100	0.01509	0.6639
165 T	0.32123	0.01322	0.66554
166 T	0.32138	0.01184	0.66678
167 C	0.32122	0.00724	0.67154
168 T	0.32112	0.00621	0.67268
169 T	0.32019	0.00669	0.67312
170 T	0.31890	0.00793	0.67317
171 T	0.31575	0.01139	0.67286
172 G	0.31136	0.01610	0.67254
173 C	0.31027	0.01720	0.67253
174 T	0.30952	0.01815	0.67234
175 A	0.30813	0.01955	0.67232
176 T	0.30805	0.01949	0.67246
177 T	0.30789	0.01957	0.67255
178 C	0.30757	0.01988	0.67255
179 C	0.30754	0.01989	0.67257
180 T	0.30738	0.02044	0.67218
181 A	0.30720	0.02169	0.6711
182 T	0.30704	0.02245	0.67051
183 T	0.30564	0.02423	0.67012
184 A	0.30341	0.02696	0.66963
185 T	0.30202	0.02864	0.66934
186 T	0.29731	0.03399	0.66869
187 G	0.28285	0.04936	0.66778
188 A	0.27138	0.06282	0.66579
189 A	0.26283	0.07501	0.66217
190 A	0.25651	0.08761	0.65589
191 A	0.25218	0.09794	0.64988
192 G	0.24866	0.10667	0.64467
193 A	0.24742	0.11156	0.64102
194 T	0.24761	0.11088	0.64151
195 T	0.24746	0.10860	0.64394
196 G	0.24687	0.10863	0.6445
197 A	0.24662	0.10868	0.64471
198 T	0.24636	0.10782	0.64582
199 C	0.24605	0.10832	0.64563
200 C	0.24536	0.10994	0.6447
201 T	0.24508	0.11225	0.64267
202 A	0.24463	0.11478	0.64059
203 A	0.24426	0.11720	0.63854
204 A	0.24325	0.12046	0.63629
205 T	0.24290	0.12130	0.6358
206 T	0.24105	0.12321	0.63574
207 A	0.23751	0.12653	0.63596
208 A	0.23526	0.12814	0.6366
209 A	0.23387	0.12635	0.63977
210 A	0.23341	0.11382	0.65277
211 A	0.23489	0.10209	0.66302
212 A	0.23887	0.09095	0.67018
213 A	0.24613	0.07775	0.67613
214 G	0.25352	0.06513	0.68136
215 T	0.26153	0.05287	0.68561
216 T	0.26601	0.04658	0.6874
217 C	0.26744	0.04463	0.68792
218 A	0.26808	0.04381	0.68812
219 A	0.26868	0.04270	0.68861
220 T	0.26994	0.04086	0.68919
221 C	0.27112	0.03934	0.68954
222 T	0.27285	0.03853	0.68861
223 T	0.27369	0.04092	0.68539
224 T	0.27160	0.05545	0.67294
225 A	0.26578	0.06764	0.66658
226 A	0.26512	0.07033	0.66455
227 T	0.26534	0.06885	0.66581
228 A	0.26378	0.07062	0.66559
229 T	0.26573	0.06685	0.66743
230 T	0.26628	0.06563	0.66809
231 A	0.26524	0.06561	0.66915
232 T	0.26516	0.06418	0.67066
233 G	0.26400	0.06443	0.67157
234 T	0.26269	0.06546	0.67185
235 C	0.25900	0.06902	0.67198
236 C	0.25703	0.07127	0.6717
237 T	0.25534	0.07483	0.66983
238 A	0.25272	0.07916	0.66812
239 C	0.24653	0.08618	0.66728
240 T	0.24140	0.09264	0.66596
241 A	0.23498	0.10055	0.66447
242 G	0.23184	0.10416	0.66401
243 A	0.23109	0.10523	0.66368
244 G	0.23111	0.10523	0.66367
245 A	0.23237	0.10333	0.6643
246 A	0.23748	0.09694	0.66558
247 T	0.25214	0.07844	0.66943
248 T	0.25802	0.06635	0.67562
249 A	0.25897	0.06377	0.67725
250 G	0.25955	0.06068	0.67976
251 C	0.26064	0.05661	0.68276
252 G	0.26131	0.05473	0.68396
253 T	0.26314	0.05143	0.68543
254 T	0.26391	0.04971	0.68638
255 A	0.26374	0.04947	0.68678
256 C	0.26377	0.04887	0.68737
257 A	0.26292	0.05039	0.68669
258 A	0.26252	0.04708	0.6904
259 G	0.26285	0.04462	0.69252
260 T	0.26595	0.04030	0.69374
261 T	0.26845	0.03714	0.69441
262 T	0.26929	0.03012	0.70058
263 T	0.26959	0.02670	0.70371
264 T	0.26909	0.02711	0.70379
265 T	0.26698	0.03774	0.69528
266 T	0.24584	0.07671	0.67744
267 A	0.21004	0.13760	0.65236
268 G	0.19771	0.15942	0.64287
269 A	0.19226	0.17319	0.63455
270 A	0.18861	0.17749	0.63391
271 A	0.18567	0.18078	0.63355
272 T	0.18442	0.18184	0.63374
273 T	0.18252	0.18373	0.63375
274 C	0.18072	0.18562	0.63365
275 A	0.17950	0.18724	0.63326
276 A	0.17919	0.18800	0.63282
277 A	0.17922	0.18828	0.63249
278 A	0.17955	0.18821	0.63224
279 A	0.17988	0.18772	0.63239
280 T	0.18271	0.18372	0.63357
281 T	0.18305	0.18269	0.63426
282 A	0.18184	0.18346	0.6347
283 C	0.18143	0.18352	0.63505
284 T	0.18138	0.18374	0.63488
285 A	0.17960	0.18632	0.63407
286 A	0.18235	0.18378	0.63386
287 A	0.19061	0.17487	0.63452
288 A	0.20347	0.16050	0.63603
289 T	0.22465	0.11480	0.66055
290 T	0.24641	0.06062	0.69297
291 T	0.25221	0.04644	0.70135
292 T	0.25544	0.04006	0.70451
293 A	0.25463	0.04022	0.70515
294 T	0.25395	0.03956	0.7065
295 T	0.24757	0.04491	0.70752
296 C	0.23473	0.05638	0.70889
297 T	0.22742	0.06361	0.70898
298 G	0.21147	0.08169	0.70684
299 A	0.20283	0.09295	0.70421
300 A	0.19739	0.09906	0.70355
301 A	0.19408	0.10269	0.70323
302 T	0.19258	0.10340	0.70403
303 T	0.19109	0.10507	0.70384
304 A	0.18927	0.10650	0.70423
305 A	0.18796	0.10636	0.70569
306 A	0.18727	0.10552	0.70721
307 G	0.18695	0.10388	0.70917
308 C	0.18764	0.09999	0.71236
309 G	0.18771	0.09914	0.71315
310 A	0.18850	0.09818	0.71331
311 T	0.19030	0.09610	0.7136
312 C	0.19097	0.09520	0.71384
313 G	0.19204	0.09410	0.71386
314 T	0.19582	0.08921	0.71497
315 T	0.19696	0.08686	0.71619
316 G	0.19790	0.08443	0.71768
317 T	0.19987	0.08119	0.71894
318 T	0.19939	0.07284	0.72778
319 T	0.19487	0.06545	0.73968
320 A	0.18350	0.07136	0.74515
321 T	0.18115	0.06190	0.75694
322 G	0.17270	0.07104	0.75627
323 G	0.16186	0.09476	0.74338
324 T	0.15323	0.11032	0.73644
325 G	0.14049	0.12947	0.73003
326 G	0.12618	0.14933	0.7245
327 A	0.12020	0.16162	0.71817
328 G	0.11627	0.17093	0.71281
329 A	0.11408	0.17987	0.70605
330 G	0.11344	0.18972	0.69684
331 A	0.11301	0.20396	0.68303
332 A	0.11270	0.20949	0.67781
333 T	0.11267	0.21198	0.67534
334 T	0.11233	0.21440	0.67327
335 A	0.11153	0.21848	0.66998
336 T	0.11126	0.22024	0.66851
337 A	0.11050	0.22417	0.66534
338 T	0.11017	0.22784	0.66199
339 A	0.10902	0.22985	0.66113
340 A	0.10829	0.23110	0.66061
341 A	0.10707	0.22981	0.66312
342 A	0.10754	0.22209	0.67037
343 C	0.10916	0.20715	0.6837
344 A	0.11253	0.20500	0.68247
345 A	0.12655	0.18397	0.68948
346 T	0.15088	0.14907	0.70004
347 T	0.16175	0.13082	0.70743
348 T	0.16610	0.11945	0.71445
349 C	0.16780	0.10920	0.723
350 A	0.16934	0.13062	0.70005
351 A	0.17097	0.15472	0.67432
352 G	0.17635	0.16426	0.65939
353 A	0.18436	0.16929	0.64636
354 T	0.19700	0.16880	0.63421
355 T	0.19700	0.17802	0.62499
356 T	0.18698	0.19700	0.61602
357 A	0.15183	0.25297	0.5952
358 G	0.12755	0.28738	0.58508
359 A	0.11487	0.30598	0.57914
360 A	0.10690	0.32084	0.57226
361 A	0.10653	0.32663	0.56683
362 A	0.10652	0.32881	0.56467
363 A	0.10702	0.32803	0.56495
364 A	0.10770	0.32592	0.56638
365 A	0.10838	0.32442	0.5672
366 A	0.10951	0.32240	0.56809
367 C	0.11399	0.31701	0.56901
368 C	0.11555	0.31523	0.56923
369 A	0.11774	0.31302	0.56924
370 C	0.12312	0.30759	0.56929
371 A	0.12890	0.30210	0.569
372 A	0.13746	0.29366	0.56887
373 A	0.16627	0.26422	0.56951
374 T	0.19991	0.22666	0.57343
375 T	0.21547	0.20919	0.57534
376 A	0.22587	0.19174	0.5824
377 T	0.23942	0.16845	0.59214
378 T	0.24374	0.15478	0.60148
379 A	0.24222	0.14455	0.61323
380 T	0.25394	0.10320	0.64287
381 T	0.25190	0.08771	0.6604
382 G	0.23659	0.09266	0.67075
383 C	0.23393	0.08886	0.6772
384 T	0.23414	0.08772	0.67814
385 A	0.22711	0.09392	0.67897
386 C	0.22283	0.09740	0.67977
387 T	0.22095	0.09908	0.67997
388 C	0.21774	0.10217	0.68009
389 C	0.20603	0.11414	0.67984
390 T	0.19776	0.12386	0.67838
391 G	0.17374	0.14981	0.67645
392 G	0.15188	0.17505	0.67306
393 A	0.12826	0.20536	0.66638
394 A	0.11849	0.22709	0.65441
395 G	0.11202	0.23922	0.64876
396 A	0.10651	0.25021	0.64328
397 A	0.10404	0.25696	0.639
398 T	0.10360	0.25842	0.63798
399 A	0.09927	0.27009	0.63065
400 A	0.09567	0.28026	0.62408
401 T	0.09542	0.28168	0.6229
402 A	0.09253	0.27833	0.62915
403 G	0.09149	0.26958	0.63892
404 A	0.09164	0.25888	0.64948
405 T	0.09200	0.24136	0.66664
406 C	0.09174	0.23781	0.67045
407 T	0.09113	0.24847	0.66041
408 A	0.08914	0.25992	0.65093
409 T	0.08805	0.26368	0.64826
410 T	0.08411	0.27490	0.64099
411 A	0.07899	0.28618	0.63483
412 G	0.07716	0.27851	0.64433
413 A	0.07622	0.27958	0.64419
414 A	0.07657	0.26404	0.65938
415 A	0.07897	0.24984	0.67119
416 G	0.08513	0.23080	0.68407
417 A	0.09522	0.23318	0.6716
418 A	0.10106	0.23104	0.66791
419 A	0.10618	0.23355	0.66027
420 A	0.10949	0.23829	0.65222
421 A	0.11130	0.24985	0.63885
422 A	0.11701	0.25332	0.62966
423 A	0.12048	0.26779	0.61174
424 G	0.12488	0.27067	0.60446
425 T	0.12781	0.28007	0.59212
426 A	0.12774	0.29244	0.57983
427 G	0.13002	0.29409	0.57589
428 A	0.13353	0.29833	0.56814
429 A	0.14140	0.29590	0.56271
430 T	0.15723	0.27913	0.56364
431 T	0.17109	0.26337	0.56555
432 A	0.17528	0.25787	0.56684
433 T	0.18205	0.24663	0.57131
434 C	0.18471	0.24017	0.57513
435 A	0.18344	0.24062	0.57593
436 T	0.18869	0.23438	0.57692
437 C	0.19003	0.23247	0.57751
438 A	0.19143	0.23219	0.57638
439 G	0.19558	0.22903	0.57539
440 T	0.21096	0.21490	0.57414
441 A	0.20751	0.22090	0.57159
442 A	0.21504	0.21619	0.56876
443 A	0.22434	0.20518	0.57048
444 A	0.24147	0.18547	0.57306
445 A	0.26059	0.16262	0.57679
446 T	0.29487	0.12313	0.58199
447 C	0.30655	0.10826	0.58519
448 T	0.32094	0.09359	0.58546
449 T	0.32500	0.08938	0.58562
450 A	0.31722	0.09783	0.58495
451 A	0.31653	0.09833	0.58514
452 C	0.31789	0.09666	0.58545
453 T	0.31689	0.09741	0.5857
454 T	0.31340	0.10061	0.58598
455 T	0.30646	0.10848	0.58506
456 A	0.28497	0.13233	0.5827
457 G	0.26120	0.15691	0.58189
458 A	0.24120	0.17490	0.58389
459 T	0.22679	0.18815	0.58506
460 G	0.20726	0.20254	0.5902
461 A	0.20355	0.20349	0.59296
462 A	0.20151	0.20207	0.59643
463 G	0.20115	0.19658	0.60226
464 C	0.20299	0.18623	0.61078
465 T	0.20541	0.18279	0.6118
466 G	0.20497	0.18355	0.61148
467 A	0.20482	0.18482	0.61036
468 T	0.20505	0.18484	0.61011
469 G	0.20490	0.18530	0.6098
470 A	0.20505	0.18386	0.61109
471 A	0.20575	0.18122	0.61303
472 A	0.20673	0.17684	0.61644
473 T	0.20797	0.16659	0.62544
474 G	0.20811	0.16250	0.62938
475 T	0.20856	0.15992	0.63153
476 T	0.20769	0.16073	0.63158
477 A	0.20606	0.16615	0.62778
478 A	0.20647	0.16247	0.63106
479 A	0.20824	0.14267	0.64909
480 A	0.20527	0.12157	0.67316
481 A	0.20451	0.10336	0.69213
482 T	0.20623	0.08738	0.70639
483 G	0.20330	0.07991	0.71678
484 G	0.20368	0.08739	0.70893
485 G	0.20541	0.09096	0.70363
486 T	0.20754	0.09000	0.70245
487 T	0.20820	0.09132	0.70048
488 T	0.20804	0.09317	0.69879
489 T	0.20400	0.09714	0.69885
490 C	0.19092	0.11028	0.6988
491 A	0.17504	0.12707	0.69789
492 A	0.16927	0.13312	0.69762
493 C	0.16815	0.13407	0.69777
494 A	0.16753	0.13475	0.69772
495 A	0.16844	0.13390	0.69766
496 G	0.17079	0.13119	0.69801
497 C	0.17429	0.12709	0.69862
498 T	0.17859	0.12282	0.69859
499 G	0.18187	0.11847	0.69966
500 T	0.18838	0.11097	0.70066
501 T	0.19080	0.10833	0.70087
502 G	0.19137	0.10686	0.70177
503 A	0.19238	0.10001	0.70761
504 A	0.19446	0.09397	0.71158
505 A	0.19778	0.08886	0.71336
506 C	0.20511	0.07813	0.71676
507 T	0.21821	0.06405	0.71775
508 A	0.22429	0.05812	0.71759
509 T	0.22709	0.05601	0.71691
510 T	0.22869	0.05745	0.71386
511 T	0.22889	0.05789	0.71322
512 T	0.22655	0.05613	0.71732
513 A	0.22416	0.04760	0.72824
514 T	0.22231	0.03659	0.7411
515 C	0.21712	0.04728	0.7356
516 T	0.21038	0.09892	0.6907
517 A	0.20364	0.20986	0.5865
518 A	0.19452	0.27101	0.53446
519 A	0.18722	0.28618	0.5266
520 A	0.18491	0.28910	0.526
521 T	0.18442	0.28969	0.5259
522 T	0.18157	0.29266	0.52577
523 C	0.17776	0.29643	0.52581
524 C	0.17307	0.30120	0.52573
525 A	0.16945	0.30499	0.52555
526 G	0.16685	0.30771	0.52544
527 C	0.16538	0.30930	0.52532
528 A	0.16458	0.31039	0.52502
529 G	0.16442	0.31070	0.52487
530 A	0.16479	0.31057	0.52464
531 A	0.16622	0.30914	0.52464
532 A	0.16788	0.30742	0.5247
533 A	0.17097	0.30354	0.52549
534 A	0.17272	0.30013	0.52715
535 C	0.17607	0.29221	0.53171
536 A	0.18136	0.28457	0.53406
537 A	0.19013	0.27230	0.53757
538 A	0.20687	0.25081	0.54232
539 C	0.25489	0.19621	0.5489
540 T	0.35206	0.09544	0.5525
541 A	0.39363	0.04540	0.56097
542 T	0.40216	0.02962	0.56822
543 T	0.40328	0.02661	0.57012
544 T	0.40349	0.02819	0.56832
545 T	0.40320	0.02760	0.56921
546 A	0.39885	0.03420	0.56695
547 T	0.39819	0.03064	0.57118
548 T	0.39752	0.02901	0.57347
549 T	0.39480	0.03123	0.57396
550 T	0.38792	0.03742	0.57466
551 C	0.36890	0.05612	0.57498
552 A	0.34152	0.08413	0.57435
553 G	0.33646	0.08935	0.5742
554 C	0.33514	0.09089	0.57398
555 T	0.33398	0.09305	0.57297
556 A	0.33138	0.09717	0.57144
557 C	0.32265	0.10695	0.57039
558 A	0.31332	0.11702	0.56966
559 A	0.30702	0.12346	0.56952
560 T	0.30077	0.12980	0.56943
561 G	0.29452	0.13625	0.56923
562 C	0.29356	0.13745	0.56899
563 C	0.29356	0.13768	0.56875
564 T	0.29391	0.13784	0.56825
565 A	0.29380	0.13803	0.56818
566 A	0.29496	0.13687	0.56818
567 T	0.29777	0.13399	0.56824
568 G	0.30029	0.13079	0.56892
569 C	0.30597	0.11747	0.57656
570 T	0.30708	0.11331	0.57961
571 A	0.30697	0.11163	0.5814
572 T	0.30794	0.10714	0.58492
573 T	0.30779	0.10152	0.59069
574 C	0.30681	0.08780	0.60539
575 G	0.30576	0.06527	0.62898
576 T	0.30527	0.06231	0.63242
577 G	0.30347	0.06635	0.63018
578 A	0.29608	0.08441	0.61951
579 A	0.28893	0.10512	0.60595
580 A	0.27997	0.10769	0.61234
581 T	0.27726	0.10185	0.62089
582 A	0.27548	0.09922	0.6253
583 G	0.27514	0.09399	0.63086
584 C	0.27539	0.08848	0.63614
585 T	0.27558	0.09353	0.6309
586 T	0.27521	0.10639	0.6184
587 T	0.27248	0.12774	0.59978
588 T	0.23983	0.19236	0.56781
589 A	0.20039	0.26595	0.53366
590 A	0.19274	0.28573	0.52153
591 A	0.18735	0.29192	0.52072
592 T	0.18511	0.29416	0.52073
593 A	0.18119	0.29798	0.52083
594 T	0.17793	0.30054	0.52153
595 C	0.16926	0.30965	0.52109
596 A	0.15967	0.32256	0.51776
597 A	0.15474	0.33184	0.51342
598 A	0.15381	0.33525	0.51094
599 A	0.15434	0.33518	0.51049
600 A	0.15677	0.33154	0.51169
601 A	0.16586	0.31336	0.52078
602 A	0.18132	0.28962	0.52906
603 T	0.18853	0.27161	0.53986
604 C	0.19060	0.26590	0.5435
605 C	0.19201	0.26446	0.54353
606 T	0.19356	0.26903	0.53741
607 A	0.19228	0.27943	0.52828
608 A	0.19420	0.28062	0.52518
609 A	0.21056	0.26624	0.52321
610 A	0.23255	0.24394	0.52351
611 T	0.26594	0.17194	0.56212
612 T	0.29009	0.11596	0.59395
613 T	0.29117	0.11587	0.59296
614 T	0.26323	0.16189	0.57487
615 A	0.22225	0.26098	0.51677
616 A	0.19950	0.28678	0.51372
617 A	0.18719	0.29764	0.51517
618 A	0.18090	0.29699	0.52211
619 G	0.18074	0.28850	0.53076
620 C	0.18355	0.28197	0.53447
621 T	0.18437	0.28130	0.53433
622 A	0.17681	0.29079	0.5324
623 A	0.17223	0.29589	0.53188
624 A	0.16980	0.29838	0.53182
625 C	0.16936	0.29896	0.53168
626 A	0.16931	0.30075	0.52994
627 A	0.16996	0.29968	0.53036
628 G	0.17205	0.29658	0.53137
629 A	0.17871	0.28915	0.53214
630 T	0.18740	0.27827	0.53432
631 C	0.18891	0.27194	0.53914
632 A	0.19070	0.27178	0.53751
633 A	0.19681	0.26670	0.53648
634 A	0.20744	0.25639	0.53617
635 T	0.22475	0.23548	0.53977
636 T	0.23424	0.22102	0.54473
637 G	0.24957	0.17112	0.57931
638 T	0.28990	0.09646	0.61364
639 T	0.28995	0.07984	0.63021
640 G	0.27784	0.08971	0.63246
641 T	0.27318	0.09724	0.62958
642 T	0.26856	0.10593	0.62552
643 A	0.26194	0.11149	0.62657
644 A	0.25488	0.11606	0.62907
645 T	0.25421	0.10918	0.63661
646 T	0.25086	0.10904	0.6401
647 C	0.24752	0.11078	0.64169
648 A	0.24509	0.11408	0.64082
649 A	0.24429	0.11512	0.64059
650 T	0.24308	0.11633	0.64058
651 T	0.24187	0.11753	0.6406
652 G	0.23906	0.12071	0.64022
653 A	0.23614	0.12329	0.64057
654 A	0.23526	0.12333	0.64142
655 C	0.23653	0.12097	0.64249
656 A	0.23792	0.12113	0.64095
657 A	0.24120	0.11805	0.64075
658 T	0.24649	0.11202	0.64149
659 T	0.25136	0.10664	0.642
660 T	0.25622	0.10138	0.6424
661 T	0.25965	0.09560	0.64475
662 A	0.26145	0.08895	0.6496
663 T	0.26478	0.06984	0.66539
664 T	0.26860	0.05937	0.67203
665 T	0.27149	0.05320	0.67531
666 T	0.26964	0.05338	0.67698
667 G	0.26333	0.06196	0.67471
668 T	0.25893	0.06841	0.67266
669 T	0.24897	0.08396	0.66707
670 G	0.22866	0.11835	0.65299
671 T	0.21131	0.16240	0.62629
672 A	0.19312	0.22287	0.58401
673 A	0.18007	0.25660	0.56334
674 A	0.17406	0.26966	0.55628
675 A	0.17246	0.27285	0.55469
676 G	0.17231	0.27198	0.5557
677 A	0.17196	0.27368	0.55436
678 A	0.17164	0.27472	0.55363
679 T	0.17341	0.27278	0.55381
680 T	0.17333	0.27507	0.55161
681 T	0.17099	0.28376	0.54525
682 G	0.16697	0.29806	0.53496
683 A	0.16242	0.31745	0.52013
684 T	0.16091	0.33254	0.50655
685 A	0.15839	0.34573	0.49588
686 A	0.15778	0.35121	0.49102
687 A	0.15829	0.35214	0.48958
688 A	0.16015	0.35001	0.48984
689 A	0.16437	0.34278	0.49285
690 T	0.17679	0.32090	0.50232
691 A	0.18217	0.30876	0.50907
692 A	0.19291	0.28610	0.52099
693 A	0.21010	0.24988	0.54001
694 C	0.24013	0.19965	0.56022
695 T	0.28197	0.14436	0.57367
696 T	0.30181	0.11528	0.5829
697 T	0.30746	0.11009	0.58245
698 T	0.30790	0.11759	0.57451
699 A	0.30314	0.13685	0.56001
700 G	0.29852	0.15018	0.5513
701 T	0.29512	0.16168	0.5432
702 A	0.29212	0.16926	0.53863
703 A	0.29497	0.16900	0.53602
704 G	0.30321	0.15882	0.53797
705 A	0.31582	0.14366	0.54052
706 C	0.33173	0.12489	0.54338
707 T	0.34640	0.11446	0.53914
708 T	0.35309	0.11172	0.53519
709 T	0.35535	0.11755	0.5271
710 T	0.35191	0.13404	0.51405
711 A	0.34656	0.14333	0.51011
712 G	0.34237	0.14924	0.50839
713 A	0.33684	0.15922	0.50394
714 T	0.31922	0.18173	0.49906
715 C	0.27663	0.22811	0.49527
716 A	0.25614	0.25452	0.48935
717 A	0.23781	0.28010	0.48209
718 A	0.22686	0.29435	0.47879
719 A	0.22408	0.29848	0.47743
720 A	0.22688	0.29563	0.47749
721 A	0.23647	0.28353	0.48
722 A	0.25105	0.26278	0.48616
723 T	0.26325	0.24411	0.49264
724 C	0.27065	0.23164	0.49771
725 C	0.27602	0.22354	0.50044
726 T	0.27999	0.21949	0.50053
727 G	0.28126	0.21816	0.50059
728 A	0.28326	0.21610	0.50065
729 T	0.28743	0.21183	0.50074
730 T	0.29243	0.20627	0.50131
731 C	0.29603	0.19925	0.50472
732 A	0.30232	0.19186	0.50582
733 G	0.31438	0.17449	0.51114
734 T	0.31957	0.16556	0.51488
735 A	0.32005	0.16257	0.51739
736 A	0.32539	0.15465	0.51995
737 T	0.33318	0.12457	0.54225
738 T	0.33632	0.07907	0.5846
739 A	0.33809	0.06168	0.60023
740 T	0.34241	0.04344	0.61415
741 T	0.34252	0.04060	0.61688
742 T	0.33994	0.04116	0.61891
743 T	0.33271	0.04942	0.61786
744 T	0.32134	0.06398	0.61467
745 G	0.29813	0.09365	0.60823
746 C	0.28981	0.10881	0.60138
747 T	0.28422	0.15428	0.5615
748 A	0.27736	0.17013	0.55252
749 A	0.27384	0.18114	0.54502
750 T	0.27150	0.18990	0.53859
751 A	0.26810	0.20538	0.52652
752 C	0.26627	0.21355	0.52018
753 T	0.26317	0.22613	0.51071
754 A	0.25898	0.23721	0.50381
755 A	0.25613	0.24303	0.50083
756 A	0.25144	0.24990	0.49866
757 A	0.24753	0.25674	0.49573
758 G	0.24715	0.25571	0.49714
759 A	0.24851	0.25428	0.49721
760 G	0.24965	0.25287	0.49748
761 A	0.25176	0.24945	0.49879
762 T	0.25481	0.24295	0.50223
763 G	0.25649	0.23867	0.50483
764 T	0.26201	0.23020	0.50779
765 A	0.26345	0.22530	0.51125
766 G	0.26661	0.21239	0.52099
767 A	0.27382	0.19501	0.53116
768 T	0.28359	0.16381	0.5526
769 G	0.28957	0.15099	0.55945
770 C	0.32117	0.11547	0.56337
771 A	0.32936	0.10977	0.56088
772 A	0.33775	0.10470	0.55755
773 T	0.34796	0.09550	0.55655
774 T	0.36079	0.08608	0.55313
775 T	0.36341	0.09808	0.53851
776 T	0.35850	0.11077	0.53074
777 A	0.35285	0.12739	0.51976
778 A	0.34811	0.13630	0.51559
779 A	0.34737	0.13462	0.51801
780 T	0.34972	0.12925	0.52103
781 T	0.34934	0.12929	0.52138
782 A	0.34224	0.13740	0.52037
783 T	0.34116	0.13780	0.52104
784 T	0.33690	0.14206	0.52105
785 T	0.32452	0.15579	0.51969
786 A	0.30078	0.18303	0.51619
787 C	0.27510	0.21126	0.51365
788 A	0.26489	0.22482	0.51028
789 A	0.25387	0.23937	0.50675
790 G	0.24924	0.24599	0.50477
791 A	0.24846	0.24812	0.50342
792 T	0.24844	0.25065	0.50092
793 A	0.24821	0.25384	0.49796
794 A	0.25332	0.24892	0.49775
795 A	0.26014	0.24133	0.49854
796 G	0.26513	0.23405	0.50082
797 A	0.27527	0.22092	0.50381
798 T	0.29738	0.19310	0.50953
799 T	0.30796	0.17432	0.51772
800 T	0.31651	0.16022	0.52328
801 T	0.31993	0.15355	0.52652
802 T	0.32043	0.15303	0.52655
803 T	0.31991	0.15405	0.52605
804 A	0.31846	0.15442	0.52712
805 G	0.31859	0.14607	0.53535
806 T	0.31867	0.14302	0.53831
807 A	0.31867	0.13798	0.54335
808 G	0.32098	0.12272	0.55631
809 A	0.32621	0.09690	0.57689
810 T	0.33022	0.06543	0.60434
811 G	0.33245	0.05447	0.61308
812 C	0.33547	0.04125	0.62328
813 T	0.33727	0.03707	0.62566
814 A	0.33793	0.03600	0.62607
815 T	0.34090	0.03200	0.6271
816 T	0.34434	0.02807	0.62759
817 C	0.34436	0.02840	0.62724
818 A	0.34314	0.03317	0.62369
819 T	0.34219	0.03745	0.62035
820 G	0.33790	0.04766	0.61444
821 G	0.32360	0.07347	0.60293
822 T	0.32412	0.08873	0.58715
823 G	0.31868	0.12457	0.55675
824 A	0.31417	0.18464	0.50118
825 T	0.31479	0.19927	0.48594
826 T	0.30824	0.23174	0.46003
827 T	0.26147	0.29831	0.44021
828 A	0.19243	0.37430	0.43327
829 A	0.15178	0.41827	0.42994
830 A	0.13857	0.43403	0.4274
831 A	0.12854	0.44653	0.42494
832 C	0.12105	0.45501	0.42394
833 A	0.11779	0.45907	0.42313
834 A	0.11571	0.46121	0.42308
835 A	0.10822	0.46883	0.42296
836 A	0.10493	0.47210	0.42296
837 C	0.10297	0.47398	0.42305
838 C	0.10028	0.47679	0.42294
839 A	0.09955	0.47836	0.4221
840 A	0.10014	0.47743	0.42244
841 A	0.10364	0.47307	0.42329
842 G	0.10781	0.46809	0.42411
843 A	0.11607	0.45678	0.42715
844 C	0.13290	0.42051	0.44659
845 A	0.15236	0.39856	0.44908
846 A	0.18566	0.35737	0.45697
847 T	0.24405	0.29201	0.46395
848 A	0.25617	0.27662	0.46721
849 T	0.27880	0.24462	0.47658
850 G	0.28836	0.17480	0.53684
851 T	0.29143	0.10317	0.6054
852 C	0.28371	0.07526	0.64102
853 A	0.26443	0.13584	0.59972
854 T	0.26206	0.16450	0.57344
855 G	0.24480	0.24379	0.51142
856 A	0.23520	0.28745	0.47735
857 A	0.22957	0.29366	0.47677
858 T	0.22463	0.29187	0.4835
859 A	0.21463	0.30593	0.47943
860 A	0.21092	0.31376	0.47532
861 C	0.20761	0.32021	0.47218
862 T	0.20579	0.33300	0.46121
863 T	0.20150	0.34721	0.45129
864 T	0.19592	0.36800	0.43608
865 A	0.18514	0.39331	0.42155
866 G	0.17257	0.41133	0.4161
867 A	0.16583	0.42443	0.40974
868 A	0.16336	0.42949	0.40715
869 A	0.16252	0.43152	0.40596
870 A	0.16301	0.43259	0.40439
871 A	0.16367	0.43207	0.40427
872 A	0.16484	0.43007	0.4051
873 A	0.16815	0.42378	0.40807
874 A	0.17352	0.41467	0.41181
875 A	0.18509	0.39291	0.422
876 T	0.23958	0.31735	0.44307
877 A	0.26686	0.28586	0.44728
878 T	0.32558	0.21198	0.46244
879 T	0.34938	0.18414	0.46648
880 A	0.35034	0.18312	0.46654
881 A	0.35236	0.17782	0.46982
882 A	0.36149	0.16083	0.47767
883 A	0.37143	0.14554	0.48303
884 T	0.38810	0.12169	0.49021
885 T	0.40805	0.09560	0.49635
886 T	0.41865	0.07891	0.50244
887 T	0.42649	0.06802	0.5055
888 A	0.43017	0.06101	0.50882
889 G	0.43232	0.05075	0.51693
890 T	0.43706	0.04202	0.52092
891 T	0.43865	0.03984	0.5215
892 G	0.43895	0.03983	0.52122
893 C	0.44034	0.03815	0.52151
894 T	0.44074	0.03803	0.52123
895 A	0.43954	0.03954	0.52093
896 C	0.43845	0.04080	0.52075
897 C	0.43821	0.04186	0.51993
898 G	0.43819	0.04661	0.51519
899 A	0.43939	0.05014	0.51048
900 T	0.44321	0.05109	0.5057
901 G	0.44501	0.05010	0.50489
902 T	0.44965	0.04593	0.50442
903 T	0.45285	0.04284	0.5043
904 G	0.45349	0.04199	0.50452
905 C	0.45434	0.04090	0.50476
906 T	0.45539	0.03999	0.50462
907 G	0.45550	0.04027	0.50422
908 C	0.45660	0.03961	0.50378
909 T	0.45587	0.04203	0.5021
910 A	0.45357	0.04594	0.50049
911 G	0.45341	0.04605	0.50054
912 A	0.45165	0.04864	0.49972
913 G	0.45061	0.05066	0.49873
914 G	0.44988	0.05251	0.49761
915 T	0.44906	0.05710	0.49385
916 A	0.44585	0.06668	0.48747
917 T	0.44494	0.06811	0.48695
918 A	0.44135	0.07276	0.4859
919 G	0.43999	0.07399	0.48602
920 A	0.44020	0.07385	0.48595
921 C	0.44431	0.07005	0.48564
922 A	0.44832	0.06628	0.4854
923 T	0.45336	0.06129	0.48535
924 T	0.45389	0.06089	0.48522
925 T	0.45285	0.06229	0.48485
926 C	0.45184	0.06350	0.48466
927 T	0.45107	0.06464	0.48429
928 G	0.44997	0.06734	0.4827
929 A	0.44989	0.06845	0.48165
930 T	0.45048	0.06840	0.48112
931 A	0.45051	0.07015	0.47935
932 T	0.45187	0.06746	0.48066
933 T	0.45248	0.06491	0.48261
934 A	0.45219	0.06484	0.48297
935 A	0.45250	0.06294	0.48455
936 A	0.45383	0.05943	0.48674
937 A	0.45603	0.05456	0.48941
938 T	0.46126	0.04606	0.49268
939 G	0.46716	0.03675	0.49609
940 G	0.46905	0.03363	0.49733
941 T	0.47170	0.02829	0.50001
942 T	0.47288	0.02643	0.5007
943 A	0.47318	0.02673	0.50009
944 T	0.47358	0.02709	0.49933
945 T	0.47320	0.02909	0.4977
946 A	0.47168	0.03649	0.49184
947 A	0.47058	0.04224	0.48717
948 T	0.47030	0.04618	0.48352
949 T	0.46772	0.05804	0.47424
950 A	0.45943	0.08133	0.45923
951 T	0.45638	0.09672	0.4469
952 G	0.45368	0.10901	0.43731
953 A	0.45215	0.11807	0.42977
954 T	0.45349	0.11697	0.42954
955 T	0.45277	0.11748	0.42974
956 T	0.45077	0.11896	0.43026
957 A	0.44816	0.12107	0.43077
958 C	0.44615	0.12266	0.43119
959 C	0.44511	0.12365	0.43124
960 T	0.44481	0.12402	0.43118
961 C	0.44365	0.12532	0.43102
962 A	0.44332	0.12612	0.43055
963 T	0.44319	0.12667	0.43014
964 G	0.44222	0.12852	0.42926
965 A	0.44002	0.13268	0.4273
966 A	0.43894	0.13515	0.42591
967 G	0.43644	0.13751	0.42604
968 A	0.43651	0.13706	0.42643
969 A	0.44142	0.13071	0.42788
970 G	0.44641	0.12382	0.42977
971 A	0.45316	0.11543	0.43142
972 A	0.46542	0.09971	0.43487
973 G	0.48255	0.07417	0.44328
974 T	0.49672	0.05580	0.44749
975 T	0.50416	0.04647	0.44937
976 T	0.50781	0.04257	0.44962
977 A	0.50735	0.04493	0.44772
978 T	0.50698	0.04326	0.44975
979 G	0.50611	0.04217	0.45173
980 T	0.50590	0.04015	0.45395
981 T	0.50405	0.04050	0.45544
982 C	0.50014	0.04397	0.45588
983 A	0.49461	0.05130	0.45409
984 C	0.49039	0.05618	0.45344
985 A	0.48728	0.06358	0.44915
986 G	0.48668	0.06548	0.44784
987 A	0.48713	0.06716	0.44571
988 A	0.48897	0.06428	0.44675
989 T	0.49065	0.06173	0.44762
990 T	0.49030	0.05902	0.45068
991 G	0.48738	0.06273	0.4499
992 G	0.48367	0.06973	0.4466
993 T	0.48029	0.08159	0.43812
994 A	0.47703	0.08708	0.43589
995 G	0.47440	0.09190	0.4337
996 A	0.47314	0.09622	0.43064
997 A	0.47256	0.09959	0.42785
998 C	0.47267	0.09921	0.42812
999 A	0.47282	0.09945	0.42773
1000 G	0.47475	0.09717	0.42808
1001 G	0.47464	0.09751	0.42784
1002 C	0.47519	0.09770	0.4271
1003 A	0.47531	0.09892	0.42577
1004 G	0.47595	0.09785	0.42619
1005 A	0.47686	0.09449	0.42865
1006 G	0.47832	0.08837	0.43332
1007 C	0.47974	0.08399	0.43628
1008 T	0.47804	0.08549	0.43648
1009 G	0.47447	0.09681	0.42871
1010 G	0.47182	0.10801	0.42018
1011 G	0.46857	0.11821	0.41322
1012 A	0.46641	0.12132	0.41227
1013 A	0.46633	0.12061	0.41306
1014 A	0.46610	0.11756	0.41633
1015 A	0.46829	0.11075	0.42096
1016 C	0.47494	0.09972	0.42535
1017 A	0.47622	0.09635	0.42743
1018 G	0.47818	0.09205	0.42977
1019 G	0.48113	0.08781	0.43106
1020 T	0.48427	0.08377	0.43196
1021 T	0.48427	0.08330	0.43243
1022 C	0.48316	0.08289	0.43395
1023 A	0.48268	0.08301	0.43432
1024 G	0.48337	0.08190	0.43473
1025 C	0.48512	0.07991	0.43497
1026 A	0.48676	0.07936	0.43388
1027 T	0.48935	0.07698	0.43368
1028 A	0.49064	0.07604	0.43331
1029 T	0.49292	0.07353	0.43354
1030 A	0.49364	0.07225	0.43411
1031 C	0.49682	0.05927	0.4439
1032 T	0.50512	0.04702	0.44786
1033 T	0.51342	0.03510	0.45148
1034 T	0.51850	0.02761	0.45389
1035 T	0.51910	0.02477	0.45613
1036 G	0.51896	0.02448	0.45656
1037 T	0.51907	0.02257	0.45836
1038 T	0.51900	0.02169	0.45931
1039 G	0.51836	0.02247	0.45917
1040 G	0.51789	0.02390	0.45821
1041 T	0.51706	0.02717	0.45577
1042 T	0.51347	0.03546	0.45108
1043 T	0.50223	0.05613	0.44164
1044 A	0.47361	0.10242	0.42396
1045 A	0.45265	0.14790	0.39944
1046 G	0.43474	0.18231	0.38296
1047 A	0.42652	0.21359	0.35989
1048 A	0.42404	0.23258	0.34338
1049 A	0.42351	0.25235	0.32414
1050 A	0.42297	0.26822	0.30881
1051 G	0.42371	0.27286	0.30343
1052 T	0.42445	0.27399	0.30156
1053 T	0.42373	0.27522	0.30105
1054 T	0.42006	0.28022	0.29972
1055 T	0.41437	0.28683	0.2988
1056 C	0.40765	0.29428	0.29808
1057 C	0.39813	0.30699	0.29488
1058 A	0.39335	0.31755	0.2891
1059 A	0.39144	0.32184	0.28672
1060 T	0.39212	0.32232	0.28556
1061 T	0.39000	0.32538	0.28461
1062 T	0.37759	0.33822	0.28419
1063 A	0.35044	0.36531	0.28424
1064 A	0.33236	0.38224	0.28541
1065 A	0.32797	0.38174	0.2903
1066 A	0.33142	0.36643	0.30216
1067 A	0.34111	0.33059	0.3283
1068 A	0.36107	0.29164	0.34729
1069 C	0.37392	0.26159	0.36449
1070 T	0.38957	0.24825	0.36218
1071 A	0.38424	0.26890	0.34686
1072 A	0.38814	0.27132	0.34054
1073 T	0.39856	0.26583	0.33561
1074 G	0.39195	0.27963	0.32842
1075 A	0.39034	0.29201	0.31764
1076 A	0.39154	0.29693	0.31153
1077 T	0.39655	0.29104	0.31242
1078 T	0.39864	0.29520	0.30617
1079 A	0.39790	0.29853	0.30357
1080 T	0.39739	0.29503	0.30757
1081 T	0.39213	0.30190	0.30597
1082 T	0.36276	0.33635	0.30089
1083 A	0.30040	0.40784	0.29175
1084 A	0.23822	0.47928	0.2825
1085 A	0.19547	0.51783	0.28669
1086 A	0.15143	0.55640	0.29217
1087 G	0.10720	0.59090	0.30191
1088 A	0.09028	0.60789	0.30183
1089 A	0.08415	0.61623	0.29963
1090 A	0.08286	0.61502	0.30212
1091 A	0.08342	0.61156	0.30502
1092 A	0.08597	0.60792	0.30611
1093 A	0.09565	0.59056	0.31379
1094 T	0.11345	0.55133	0.33522
1095 G	0.11960	0.53006	0.35033
1096 A	0.12602	0.51984	0.35413
1097 C	0.13461	0.50271	0.36267
1098 T	0.14824	0.49061	0.36115
1099 T	0.15614	0.48683	0.35703
1100 A	0.16078	0.49212	0.34711
1101 T	0.17561	0.48554	0.33885
1102 T	0.18288	0.48747	0.32965
1103 T	0.18474	0.49738	0.31788
1104 A	0.17895	0.52264	0.2984
1105 A	0.18127	0.49573	0.323
1106 A	0.18846	0.43475	0.37679
1107 T	0.20183	0.35623	0.44194
1108 A	0.20824	0.31068	0.48108
1109 T	0.23005	0.24464	0.52531
1110 T	0.23822	0.19374	0.56804
1111 C	0.24069	0.17839	0.58091
1112 C	0.23592	0.18152	0.58256
1113 A	0.22816	0.19398	0.57786
1114 A	0.22492	0.20066	0.57442
1115 C	0.21619	0.21356	0.57025
1116 A	0.21223	0.23302	0.55475
1117 G	0.20843	0.25273	0.53884
1118 T	0.20624	0.29152	0.50224
1119 A	0.19140	0.37655	0.43206
1120 G	0.17720	0.47312	0.34968
1121 A	0.14232	0.57681	0.28087
1122 A	0.12162	0.64887	0.22951
1123 G	0.11212	0.70106	0.18681
1124 A	0.11564	0.76676	0.11759
1125 A	0.12339	0.76400	0.11261
1126 A	0.13765	0.75080	0.11155
1127 T	0.16126	0.72113	0.11761
1128 T	0.16156	0.71801	0.12044
1129 C	0.15167	0.72682	0.12151
1130 A	0.14042	0.73890	0.12069
1131 A	0.13166	0.74755	0.12079
1132 C	0.12213	0.75667	0.12119
1133 A	0.10632	0.77360	0.12008
1134 A	0.10109	0.77854	0.12037
1135 G	0.09750	0.77686	0.12564
1136 A	0.09793	0.77222	0.12985
1137 A	0.10004	0.76759	0.13237
1138 C	0.10391	0.74852	0.14757
1139 A	0.11541	0.73827	0.14633
1140 A	0.13320	0.72071	0.1461
1141 A	0.17680	0.67920	0.14399
1142 A	0.25312	0.59308	0.1538
1143 T	0.34370	0.49008	0.16622
1144 A	0.40567	0.38752	0.20681
1145 A	0.45092	0.31091	0.23817
1146 G	0.48765	0.24553	0.26682
1147 T	0.55036	0.17306	0.27658
1148 T	0.55590	0.16035	0.28374
1149 T	0.55519	0.15598	0.28883
1150 T	0.54925	0.15907	0.29169
1151 T	0.52238	0.18234	0.29528
1152 T	0.48523	0.22282	0.29195
1153 G	0.38803	0.32719	0.28478
1154 A	0.30222	0.42756	0.27023
1155 A	0.23162	0.49375	0.27462
1156 G	0.15970	0.55533	0.28497
1157 A	0.13722	0.57831	0.28446
1158 A	0.12324	0.60382	0.27294
1159 C	0.11358	0.61916	0.26726
1160 A	0.10890	0.65356	0.23754
1161 A	0.10384	0.67476	0.2214
1162 A	0.10528	0.68080	0.21393
1163 T	0.11125	0.67833	0.21042
1164 T	0.11768	0.67483	0.20749
1165 T	0.11796	0.67660	0.20544
1166 T	0.11635	0.68089	0.20276
1167 A	0.11425	0.68572	0.20003
1168 A	0.11467	0.68612	0.19921
1169 A	0.11571	0.68803	0.19625
1170 T	0.12215	0.68200	0.19585
1171 T	0.12552	0.67716	0.19733
1172 T	0.12702	0.66967	0.20331
1173 A	0.12224	0.66771	0.21006
1174 A	0.11934	0.63850	0.24217
1175 T	0.12536	0.60899	0.26565
1176 A	0.11476	0.57062	0.31462
1177 A	0.12346	0.50841	0.36813
1178 A	0.12284	0.45665	0.42051
1179 A	0.12348	0.39395	0.48257
1180 G	0.12800	0.39620	0.4758
1181 A	0.14623	0.41423	0.43954
1182 A	0.15752	0.44565	0.39683
1183 A	0.18493	0.42079	0.39429
1184 A	0.19999	0.40501	0.395
1185 T	0.20753	0.40376	0.38872
1186 T	0.19703	0.45839	0.34458
1187 C	0.14617	0.55876	0.29507
1188 A	0.11413	0.75372	0.13215
1189 A	0.09749	0.79300	0.10952
1190 A	0.09096	0.80899	0.10005
1191 A	0.08695	0.81619	0.09686
1192 A	0.09264	0.81147	0.09589
1193 C	0.09626	0.80540	0.09834
1194 A	0.09221	0.81251	0.09529
1195 G	0.09305	0.80996	0.09699
1196 A	0.09852	0.80103	0.10045
1197 A	0.10386	0.79070	0.10543
1198 G	0.09384	0.79681	0.10935
1199 C	0.09616	0.77500	0.12884
1200 A	0.09612	0.77529	0.1286
1201 A	0.09990	0.77470	0.1254
1202 A	0.10804	0.76945	0.12251
1203 A	0.12191	0.75546	0.12264
1204 G	0.15559	0.72019	0.12422
1205 A	0.20121	0.66877	0.13002
1206 A	0.21646	0.64780	0.13574
1207 A	0.23491	0.62118	0.14391
1208 A	0.27116	0.57080	0.15803
1209 T	0.33608	0.47583	0.18809
1210 C	0.39616	0.35774	0.2461
1211 C	0.53914	0.18562	0.27524
1212 T	0.56273	0.15442	0.28284
1213 T	0.56998	0.14330	0.28671
1214 T	0.57186	0.13823	0.28992
1215 C	0.57207	0.13585	0.29208
1216 G	0.57219	0.13162	0.29619
1217 T	0.57527	0.11502	0.30971
1218 T	0.57611	0.11054	0.31335
1219 G	0.57320	0.11030	0.3165
1220 A	0.57174	0.10967	0.3186
1221 T	0.57296	0.08211	0.34492
1222 A	0.57334	0.07110	0.35556
1223 C	0.57659	0.05775	0.36565
1224 T	0.58357	0.05245	0.36399
1225 T	0.58684	0.05104	0.36212
1226 T	0.58578	0.06372	0.3505
1227 A	0.57219	0.10506	0.32275
1228 T	0.54877	0.17035	0.28088
1229 T	0.49580	0.29483	0.20937
1230 A	0.32466	0.55262	0.12272
1231 A	0.21877	0.70045	0.08078
1232 A	0.19352	0.72950	0.07698
1233 A	0.16701	0.75868	0.07431
1234 G	0.15402	0.77278	0.0732
1235 A	0.14710	0.78113	0.07177
1236 C	0.14310	0.78565	0.07125
1237 A	0.14157	0.79007	0.06836
1238 A	0.14101	0.79148	0.06751
1239 A	0.14130	0.79106	0.06764
1240 G	0.14199	0.79004	0.06798
1241 A	0.14404	0.78771	0.06824
1242 A	0.14545	0.78247	0.07208
1243 C	0.14709	0.77782	0.07509
1244 C	0.14882	0.77561	0.07557
1245 T	0.15124	0.77328	0.07548
1246 A	0.15233	0.77244	0.07523
1247 A	0.15709	0.76777	0.07514
1248 A	0.16415	0.76048	0.07537
1249 G	0.18276	0.73828	0.07896
1250 A	0.21558	0.68519	0.09923
1251 A	0.26819	0.59254	0.13926
1252 A	0.33986	0.46121	0.19893
1253 T	0.42339	0.21515	0.36147
1254 T	0.45563	0.09724	0.44713
1255 A	0.45890	0.07356	0.46754
1256 T	0.46274	0.04348	0.49378
1257 T	0.46460	0.03187	0.50353
1258 T	0.46557	0.02493	0.5095
1259 C	0.46558	0.02152	0.5129
1260 T	0.46746	0.01873	0.51382
1261 G	0.46780	0.01822	0.51398
1262 C	0.46799	0.01895	0.51307
1263 T	0.46808	0.02288	0.50904
1264 C	0.46766	0.03281	0.49952
1265 T	0.46620	0.09041	0.44338
1266 T	0.46208	0.11399	0.42393
1267 T	0.45672	0.18646	0.35682
1268 T	0.44682	0.22938	0.3238
1269 A	0.42448	0.25683	0.31869
1270 C	0.40253	0.28350	0.31396
1271 A	0.37157	0.33152	0.29691
1272 A	0.34135	0.38372	0.27493
1273 C	0.32048	0.42327	0.25626
1274 A	0.31438	0.44387	0.24174
1275 T	0.31357	0.45539	0.23105
1276 T	0.31121	0.46108	0.22771
1277 T	0.31005	0.46583	0.22412
1278 G	0.30756	0.46914	0.2233
1279 G	0.30699	0.46959	0.22342
1280 C	0.30754	0.46900	0.22345
1281 T	0.30704	0.47142	0.22155
1282 C	0.29762	0.48461	0.21777
1283 C	0.28957	0.49956	0.21087
1284 A	0.27872	0.53509	0.18619
1285 A	0.27244	0.55254	0.17502
1286 A	0.27160	0.56059	0.16782
1287 A	0.28194	0.55289	0.16517
1288 G	0.33744	0.49670	0.16585
1289 A	0.35940	0.46739	0.17321
1290 T	0.42069	0.39697	0.18235
1291 A	0.44112	0.36906	0.18981
1292 A	0.44619	0.35216	0.20165
1293 A	0.45361	0.33678	0.20961
1294 A	0.47073	0.30316	0.22611
1295 A	0.49203	0.25600	0.25197
1296 T	0.51383	0.21380	0.27237
1297 T	0.52380	0.20223	0.27396
1298 A	0.51454	0.22590	0.25956
1299 C	0.46087	0.29016	0.24897
1300 G	0.40944	0.35985	0.23071
1301 A	0.39001	0.39585	0.21414
1302 A	0.37746	0.41799	0.20455
1303 T	0.37796	0.42555	0.1965
1304 A	0.37821	0.43236	0.18944
1305 T	0.38321	0.42073	0.19607
1306 A	0.37527	0.42217	0.20256
1307 T	0.37380	0.41545	0.21075
1308 A	0.34678	0.44355	0.20968
1309 T	0.33206	0.46303	0.20491
1310 C	0.27310	0.53496	0.19193
1311 A	0.22559	0.59132	0.18308
1312 G	0.19398	0.62393	0.1821
1313 A	0.17091	0.64784	0.18125
1314 A	0.16163	0.65720	0.18117
1315 C	0.15226	0.66650	0.18124
1316 C	0.15138	0.66850	0.18012
1317 A	0.15428	0.66925	0.17647
1318 A	0.15579	0.66947	0.17474
1319 A	0.16052	0.66629	0.17318
1320 A	0.17106	0.65584	0.1731
1321 A	0.19435	0.61906	0.18659
1322 T	0.21845	0.52927	0.25228
1323 T	0.23510	0.46517	0.29973
1324 T	0.24158	0.45638	0.30204
1325 A	0.23760	0.48376	0.27864
1326 T	0.23580	0.50342	0.26078
1327 A	0.22532	0.53450	0.24019
1328 A	0.21982	0.53833	0.24185
