# lcl|CP097583.1_cds_USQ93474.1_1
# AA	inside	membr	outside
1 A	0.21002	0.00000	0.78998
2 T	0.20815	0.00187	0.78998
3 G	0.20704	0.00298	0.78998
4 A	0.20704	0.00542	0.78754
5 C	0.20257	0.01099	0.78644
6 T	0.20257	0.01170	0.78573
7 A	0.18327	0.03159	0.78514
8 A	0.18327	0.03161	0.78513
9 A	0.17708	0.03806	0.78487
10 A	0.17707	0.06769	0.75525
11 T	0.17630	0.06924	0.75446
12 T	0.14407	0.10212	0.75381
13 A	0.05623	0.19257	0.7512
14 A	0.05621	0.19259	0.7512
15 G	0.05621	0.19761	0.74618
16 A	0.05572	0.19810	0.74618
17 A	0.05522	0.19867	0.74612
18 A	0.05520	0.19881	0.74599
19 T	0.05498	0.19907	0.74595
20 A	0.05097	0.20362	0.74541
21 T	0.04711	0.20734	0.74556
22 G	0.04685	0.20732	0.74584
23 A	0.04672	0.20679	0.74648
24 T	0.04687	0.20591	0.74722
25 G	0.04668	0.20056	0.75276
26 C	0.04639	0.19819	0.75543
27 T	0.04811	0.19477	0.75713
28 G	0.04810	0.19320	0.75869
29 A	0.04810	0.19321	0.7587
30 A	0.04892	0.18317	0.76791
31 A	0.04909	0.18197	0.76894
32 G	0.04996	0.16721	0.78284
33 T	0.07876	0.12733	0.7939
34 A	0.07976	0.12191	0.79833
35 T	0.08215	0.08921	0.82865
36 T	0.08344	0.02288	0.89368
37 C	0.08264	0.02241	0.89494
38 A	0.08414	0.02122	0.89464
39 A	0.08340	0.02270	0.8939
40 G	0.08357	0.02225	0.89418
41 T	0.08378	0.02192	0.8943
42 T	0.08367	0.02190	0.89443
43 T	0.08363	0.01791	0.89846
44 T	0.08075	0.01871	0.90054
45 A	0.06840	0.03368	0.89792
46 G	0.06662	0.03563	0.89776
47 A	0.06480	0.03815	0.89705
48 A	0.06364	0.03956	0.89679
49 G	0.06307	0.04090	0.89603
50 G	0.06271	0.04570	0.89159
51 A	0.06284	0.04599	0.89117
52 T	0.06317	0.04620	0.89063
53 T	0.06292	0.04690	0.89018
54 A	0.06280	0.04881	0.88839
55 G	0.06277	0.04932	0.88792
56 A	0.06275	0.04924	0.88801
57 A	0.06255	0.04903	0.88842
58 G	0.06262	0.04849	0.88889
59 C	0.06328	0.04709	0.88963
60 T	0.06385	0.04618	0.88997
61 G	0.06426	0.04582	0.88992
62 T	0.06522	0.04464	0.89014
63 T	0.06520	0.04490	0.8899
64 A	0.06492	0.04531	0.88978
65 G	0.06490	0.04384	0.89125
66 G	0.06509	0.04295	0.89195
67 A	0.06619	0.03953	0.89428
68 T	0.06890	0.02693	0.90417
69 A	0.06949	0.02476	0.90575
70 A	0.07061	0.02192	0.90747
71 G	0.07164	0.01951	0.90885
72 A	0.07301	0.01742	0.90957
73 C	0.07731	0.01234	0.91034
74 C	0.07867	0.01080	0.91053
75 T	0.07998	0.00943	0.91059
76 G	0.08062	0.00870	0.91068
77 G	0.08219	0.00711	0.91071
78 T	0.08293	0.00636	0.91072
79 A	0.08304	0.00623	0.91073
80 T	0.08330	0.00561	0.91109
81 G	0.08318	0.00563	0.9112
82 T	0.08324	0.00626	0.91051
83 A	0.08301	0.00684	0.91015
84 T	0.08303	0.00714	0.90983
85 A	0.08256	0.00858	0.90886
86 T	0.08287	0.00839	0.90874
87 T	0.08288	0.00855	0.90857
88 G	0.08257	0.00866	0.90876
89 G	0.08257	0.00859	0.90884
90 T	0.08291	0.00822	0.90887
91 T	0.08279	0.00828	0.90893
92 C	0.08231	0.00869	0.909
93 T	0.08215	0.00887	0.90897
94 A	0.08188	0.00915	0.90897
95 C	0.08178	0.00923	0.90899
96 T	0.08171	0.00931	0.90898
97 T	0.08157	0.00945	0.90898
98 C	0.08054	0.01047	0.90898
99 T	0.07968	0.01136	0.90895
100 G	0.07764	0.01343	0.90893
101 A	0.07636	0.01473	0.90892
102 A	0.07574	0.01532	0.90895
103 A	0.07538	0.01565	0.90897
104 A	0.07539	0.01532	0.9093
105 A	0.07616	0.01425	0.90959
106 G	0.07666	0.01328	0.91006
107 G	0.07734	0.01224	0.91042
108 T	0.07854	0.01053	0.91093
109 T	0.07895	0.01000	0.91105
110 T	0.07927	0.00955	0.91118
111 A	0.07922	0.00930	0.91148
112 T	0.07922	0.00903	0.91176
113 A	0.07916	0.00892	0.91193
114 T	0.07914	0.00861	0.91225
115 C	0.07909	0.00825	0.91266
116 A	0.07906	0.00823	0.91271
117 T	0.07899	0.00815	0.91286
118 T	0.07879	0.00835	0.91285
119 T	0.07851	0.00858	0.9129
120 A	0.07822	0.00878	0.91299
121 G	0.07815	0.00741	0.91444
122 T	0.07813	0.00638	0.91549
123 T	0.07806	0.00463	0.91731
124 T	0.07790	0.00382	0.91828
125 G	0.07754	0.00378	0.91868
126 G	0.07681	0.00446	0.91872
127 G	0.07625	0.00540	0.91836
128 A	0.07602	0.00581	0.91817
129 G	0.07595	0.00610	0.91795
130 A	0.07595	0.00665	0.91741
131 T	0.07598	0.00699	0.91703
132 T	0.07590	0.00730	0.9168
133 A	0.07583	0.00772	0.91645
134 T	0.07581	0.00797	0.91622
135 A	0.07574	0.00833	0.91592
136 G	0.07571	0.00841	0.91588
137 A	0.07570	0.00863	0.91568
138 T	0.07572	0.00868	0.9156
139 A	0.07573	0.00862	0.91565
140 A	0.07578	0.00849	0.91573
141 T	0.07591	0.00815	0.91595
142 T	0.07595	0.00787	0.91619
143 C	0.07593	0.00763	0.91644
144 T	0.07579	0.00778	0.91643
145 A	0.07560	0.00800	0.9164
146 T	0.07554	0.00802	0.91645
147 A	0.07529	0.00818	0.91653
148 G	0.07529	0.00795	0.91676
149 A	0.07549	0.00704	0.91747
150 T	0.07604	0.00593	0.91802
151 G	0.07620	0.00553	0.91826
152 A	0.07649	0.00518	0.91834
153 A	0.07707	0.00453	0.91839
154 T	0.07752	0.00400	0.91847
155 C	0.07770	0.00369	0.9186
156 G	0.07800	0.00347	0.91853
157 T	0.07829	0.00318	0.91853
158 T	0.07842	0.00304	0.91854
159 A	0.07802	0.00345	0.91853
160 G	0.07765	0.00381	0.91853
161 C	0.07760	0.00380	0.9186
162 A	0.07749	0.00391	0.9186
163 G	0.07749	0.00388	0.91863
164 G	0.07754	0.00383	0.91862
165 T	0.07767	0.00370	0.91863
166 T	0.07769	0.00366	0.91865
167 T	0.07763	0.00350	0.91888
168 T	0.07734	0.00365	0.919
169 G	0.07685	0.00410	0.91906
170 C	0.07659	0.00416	0.91926
171 T	0.07629	0.00442	0.91929
172 G	0.07572	0.00498	0.9193
173 A	0.07523	0.00550	0.91927
174 C	0.07486	0.00587	0.91927
175 G	0.07443	0.00644	0.91912
176 A	0.07427	0.00671	0.91902
177 A	0.07417	0.00697	0.91886
178 A	0.07411	0.00717	0.91872
179 T	0.07422	0.00708	0.91869
180 T	0.07416	0.00710	0.91875
181 A	0.07394	0.00746	0.9186
182 A	0.07385	0.00721	0.91894
183 T	0.07371	0.00694	0.91936
184 T	0.07339	0.00721	0.9194
185 T	0.07277	0.00784	0.91939
186 A	0.07120	0.00963	0.91918
187 G	0.07053	0.01037	0.91911
188 A	0.07027	0.01066	0.91908
189 A	0.07021	0.01067	0.91911
190 A	0.07024	0.01051	0.91925
191 T	0.07037	0.00999	0.91964
192 T	0.07043	0.00946	0.92011
193 T	0.07040	0.00922	0.92038
194 T	0.07026	0.00912	0.92062
195 A	0.07004	0.00900	0.92096
196 G	0.06999	0.00868	0.92133
197 A	0.06999	0.00842	0.92159
198 T	0.07013	0.00792	0.92195
199 A	0.07017	0.00774	0.92209
200 A	0.07033	0.00745	0.92222
201 T	0.07045	0.00720	0.92235
202 A	0.07039	0.00725	0.92236
203 A	0.07043	0.00708	0.92249
204 T	0.07072	0.00642	0.92286
205 A	0.07081	0.00606	0.92312
206 T	0.07095	0.00539	0.92365
207 T	0.07106	0.00477	0.92417
208 G	0.07107	0.00416	0.92477
209 T	0.07122	0.00293	0.92585
210 T	0.07123	0.00251	0.92627
211 C	0.07115	0.00249	0.92637
212 G	0.07112	0.00266	0.92621
213 T	0.07115	0.00291	0.92594
214 A	0.07113	0.00295	0.92591
215 T	0.07120	0.00288	0.92592
216 T	0.07124	0.00283	0.92593
217 T	0.07127	0.00267	0.92606
218 C	0.07122	0.00262	0.92617
219 T	0.07120	0.00302	0.92578
220 G	0.07114	0.00353	0.92533
221 A	0.07109	0.00396	0.92495
222 T	0.07098	0.00442	0.9246
223 A	0.07011	0.00595	0.92394
224 A	0.06995	0.00628	0.92376
225 T	0.06984	0.00652	0.92364
226 G	0.06956	0.00699	0.92345
227 G	0.06944	0.00729	0.92327
228 A	0.06941	0.00754	0.92305
229 A	0.06929	0.00787	0.92284
230 G	0.06927	0.00791	0.92282
231 A	0.06930	0.00790	0.9228
232 G	0.06935	0.00789	0.92276
233 G	0.06947	0.00788	0.92266
234 T	0.06961	0.00771	0.92268
235 A	0.06974	0.00755	0.92271
236 T	0.06994	0.00730	0.92276
237 A	0.06971	0.00752	0.92277
238 C	0.06972	0.00748	0.92281
239 C	0.06974	0.00749	0.92277
240 A	0.06980	0.00764	0.92256
241 G	0.06996	0.00765	0.9224
242 T	0.07049	0.00712	0.92239
243 T	0.07075	0.00688	0.92238
244 G	0.07040	0.00726	0.92234
245 A	0.07032	0.00727	0.9224
246 C	0.07077	0.00581	0.92342
247 A	0.07098	0.00557	0.92346
248 T	0.07128	0.00523	0.92349
249 T	0.07152	0.00488	0.92361
250 C	0.07161	0.00472	0.92366
251 A	0.07168	0.00466	0.92366
252 T	0.07171	0.00452	0.92377
253 C	0.07144	0.00480	0.92377
254 C	0.07108	0.00532	0.9236
255 A	0.06957	0.00827	0.92217
256 A	0.06820	0.00985	0.92195
257 A	0.06723	0.01105	0.92172
258 A	0.06638	0.01222	0.9214
259 A	0.06622	0.01258	0.9212
260 C	0.06626	0.01237	0.92138
261 T	0.06625	0.01283	0.92092
262 A	0.06614	0.01336	0.9205
263 A	0.06623	0.01362	0.92015
264 T	0.06630	0.01356	0.92014
265 A	0.06615	0.01369	0.92016
266 A	0.06607	0.01351	0.92042
267 A	0.06603	0.01289	0.92107
268 C	0.06613	0.01232	0.92155
269 C	0.06613	0.01221	0.92166
270 A	0.06619	0.01217	0.92165
271 G	0.06628	0.01208	0.92164
272 C	0.06634	0.01201	0.92165
273 T	0.06639	0.01197	0.92164
274 G	0.06642	0.01189	0.92169
275 T	0.06653	0.01159	0.92187
276 A	0.06655	0.01135	0.92209
277 G	0.06670	0.01085	0.92246
278 A	0.06785	0.00811	0.92404
279 A	0.06813	0.00624	0.92563
280 A	0.06843	0.00480	0.92677
281 C	0.06896	0.00335	0.92769
282 T	0.06939	0.00299	0.92762
283 A	0.06958	0.00330	0.92712
284 T	0.07000	0.00298	0.92701
285 T	0.07026	0.00294	0.9268
286 T	0.07040	0.00284	0.92675
287 T	0.07030	0.00312	0.92658
288 A	0.06978	0.00399	0.92624
289 A	0.06930	0.00449	0.92621
290 C	0.06890	0.00495	0.92616
291 A	0.06873	0.00529	0.92598
292 A	0.06866	0.00549	0.92584
293 C	0.06870	0.00552	0.92578
294 T	0.06875	0.00551	0.92575
295 T	0.06872	0.00560	0.92568
296 T	0.06867	0.00564	0.92569
297 G	0.06853	0.00579	0.92568
298 C	0.06843	0.00588	0.92569
299 A	0.06838	0.00591	0.9257
300 C	0.06834	0.00593	0.92572
301 G	0.06833	0.00596	0.92571
302 C	0.06835	0.00596	0.92569
303 G	0.06837	0.00596	0.92566
304 G	0.06845	0.00593	0.92562
305 G	0.06873	0.00568	0.9256
306 T	0.06933	0.00510	0.92558
307 G	0.06949	0.00498	0.92554
308 G	0.06976	0.00467	0.92557
309 A	0.06988	0.00454	0.92559
310 A	0.07018	0.00415	0.92568
311 A	0.07062	0.00330	0.92608
312 A	0.07086	0.00264	0.9265
313 T	0.07118	0.00194	0.92688
314 T	0.07136	0.00166	0.92698
315 T	0.07147	0.00154	0.92699
316 G	0.07149	0.00154	0.92697
317 A	0.07152	0.00155	0.92693
318 T	0.07157	0.00148	0.92694
319 A	0.07157	0.00144	0.92699
320 A	0.07159	0.00131	0.92709
321 T	0.07162	0.00119	0.9272
322 T	0.07162	0.00113	0.92725
323 C	0.07156	0.00116	0.92728
324 T	0.07156	0.00117	0.92727
325 T	0.07151	0.00124	0.92725
326 C	0.07141	0.00137	0.92721
327 T	0.07139	0.00141	0.9272
328 T	0.07126	0.00155	0.92719
329 A	0.07103	0.00180	0.92717
330 T	0.07095	0.00188	0.92716
331 C	0.07081	0.00205	0.92715
332 A	0.07039	0.00248	0.92713
333 A	0.07032	0.00257	0.92711
334 A	0.07035	0.00255	0.92711
335 T	0.07039	0.00250	0.92711
336 C	0.07039	0.00250	0.92711
337 T	0.07042	0.00246	0.92712
338 C	0.07037	0.00251	0.92712
339 T	0.07034	0.00258	0.92708
340 G	0.07028	0.00272	0.927
341 G	0.07026	0.00280	0.92694
342 A	0.07025	0.00285	0.9269
343 G	0.07027	0.00286	0.92686
344 G	0.07030	0.00284	0.92686
345 A	0.07032	0.00279	0.92689
346 T	0.07035	0.00267	0.92698
347 T	0.07038	0.00258	0.92704
348 A	0.07039	0.00249	0.92712
349 C	0.07040	0.00230	0.9273
350 A	0.07041	0.00226	0.92733
351 T	0.07041	0.00214	0.92746
352 G	0.07039	0.00206	0.92755
353 G	0.07039	0.00204	0.92757
354 A	0.07040	0.00208	0.92752
355 G	0.07041	0.00172	0.92786
356 T	0.07043	0.00169	0.92787
357 T	0.07043	0.00178	0.92778
358 G	0.07043	0.00177	0.92779
359 G	0.07043	0.00174	0.92782
360 A	0.07044	0.00171	0.92785
361 G	0.07046	0.00157	0.92796
362 C	0.07053	0.00141	0.92805
363 T	0.07064	0.00125	0.92811
364 T	0.07069	0.00118	0.92812
365 C	0.07072	0.00114	0.92813
366 T	0.07075	0.00113	0.92811
367 G	0.07076	0.00115	0.92809
368 T	0.07076	0.00119	0.92805
369 T	0.07074	0.00125	0.928
370 G	0.07071	0.00133	0.92796
371 T	0.07071	0.00137	0.92792
372 A	0.07067	0.00145	0.92789
373 A	0.07068	0.00143	0.9279
374 A	0.07073	0.00137	0.92791
375 T	0.07086	0.00120	0.92793
376 G	0.07093	0.00112	0.92795
377 C	0.07109	0.00096	0.92795
378 T	0.07122	0.00082	0.92796
379 C	0.07132	0.00072	0.92796
380 T	0.07147	0.00058	0.92795
381 T	0.07150	0.00056	0.92794
382 T	0.07149	0.00057	0.92794
383 C	0.07147	0.00059	0.92794
384 T	0.07146	0.00060	0.92794
385 T	0.07142	0.00064	0.92793
386 C	0.07136	0.00071	0.92793
387 T	0.07133	0.00075	0.92792
388 T	0.07127	0.00082	0.92791
389 G	0.07105	0.00104	0.9279
390 G	0.07080	0.00131	0.92789
391 T	0.07065	0.00147	0.92789
392 T	0.07048	0.00159	0.92792
393 T	0.06987	0.00219	0.92794
394 G	0.06758	0.00452	0.92791
395 C	0.06708	0.00500	0.92793
396 T	0.06673	0.00539	0.92788
397 G	0.06574	0.00654	0.92772
398 T	0.06501	0.00754	0.92745
399 C	0.06277	0.01034	0.9269
400 G	0.05681	0.01746	0.92573
401 A	0.05307	0.02324	0.9237
402 A	0.05169	0.02481	0.9235
403 A	0.05044	0.02620	0.92336
404 T	0.04994	0.02676	0.9233
405 T	0.04896	0.02775	0.92329
406 C	0.04752	0.02924	0.92324
407 A	0.04681	0.03013	0.92306
408 T	0.04642	0.03063	0.92295
409 T	0.04581	0.03148	0.9227
410 T	0.04515	0.03290	0.92195
411 G	0.04376	0.03516	0.92108
412 A	0.04302	0.03751	0.91946
413 A	0.04130	0.03928	0.91942
414 T	0.04032	0.04007	0.9196
415 A	0.03861	0.04190	0.91949
416 A	0.03756	0.04242	0.92001
417 C	0.03692	0.04059	0.92249
418 G	0.03639	0.04126	0.92235
419 A	0.03613	0.04241	0.92147
420 A	0.03635	0.04253	0.92113
421 A	0.03675	0.04271	0.92054
422 T	0.03743	0.04109	0.92148
423 A	0.03836	0.03586	0.92578
424 T	0.04009	0.03247	0.92745
425 A	0.04013	0.03523	0.92465
426 T	0.04014	0.03517	0.92468
427 T	0.03961	0.03780	0.92259
428 A	0.03793	0.04323	0.91884
429 T	0.03748	0.04471	0.91781
430 C	0.03664	0.04888	0.91448
431 A	0.03587	0.07081	0.89332
432 A	0.03558	0.09324	0.87119
433 A	0.03602	0.10290	0.86107
434 A	0.03640	0.10852	0.85507
435 A	0.03624	0.11600	0.84776
436 T	0.03561	0.11770	0.8467
437 A	0.03419	0.12115	0.84466
438 T	0.03415	0.12024	0.84561
439 G	0.03346	0.12110	0.84544
440 A	0.03307	0.12203	0.8449
441 A	0.03298	0.12225	0.84477
442 C	0.03352	0.12168	0.8448
443 A	0.03353	0.12247	0.84399
444 A	0.03287	0.12367	0.84346
445 G	0.03342	0.12415	0.84243
446 G	0.03466	0.12375	0.84159
447 A	0.03612	0.12262	0.84126
448 A	0.03938	0.11913	0.84148
449 A	0.04154	0.11656	0.84189
450 A	0.04526	0.11164	0.8431
451 C	0.05202	0.10278	0.8452
452 C	0.05561	0.09921	0.84518
453 A	0.06049	0.09553	0.84397
454 A	0.08019	0.07744	0.84236
455 T	0.10253	0.05537	0.84209
456 T	0.11067	0.04712	0.84221
457 A	0.11586	0.04148	0.84265
458 T	0.12351	0.03142	0.84506
459 T	0.12592	0.02732	0.84676
460 C	0.12728	0.02406	0.84866
461 C	0.12771	0.02324	0.84905
462 T	0.12863	0.02248	0.84889
463 T	0.12885	0.02228	0.84887
464 T	0.12850	0.02266	0.84883
465 A	0.12238	0.02898	0.84864
466 A	0.11211	0.03901	0.84889
467 C	0.10291	0.04651	0.85058
468 T	0.09719	0.05273	0.85008
469 A	0.08389	0.06799	0.84812
470 A	0.07067	0.08339	0.84594
471 A	0.06367	0.09252	0.84381
472 A	0.05843	0.10090	0.84067
473 A	0.05439	0.10632	0.83928
474 A	0.05186	0.11010	0.83804
475 G	0.05197	0.11048	0.83755
476 G	0.05322	0.10898	0.8378
477 T	0.05491	0.10825	0.83684
478 T	0.05512	0.10796	0.83692
479 T	0.05475	0.10848	0.83677
480 C	0.05054	0.11297	0.83649
481 A	0.04740	0.11787	0.83473
482 C	0.04650	0.11938	0.83413
483 A	0.04543	0.12427	0.8303
484 G	0.04517	0.12745	0.82739
485 A	0.04522	0.13137	0.82341
486 T	0.04519	0.13259	0.82222
487 A	0.04484	0.13471	0.82045
488 A	0.04477	0.12981	0.82542
489 A	0.04441	0.12123	0.83436
490 A	0.04450	0.11206	0.84344
491 A	0.04512	0.10520	0.84968
492 A	0.04713	0.09158	0.86129
493 G	0.04940	0.07649	0.87411
494 G	0.05174	0.06843	0.87983
495 A	0.05487	0.06201	0.88311
496 A	0.05741	0.05809	0.8845
497 C	0.05982	0.05486	0.88531
498 A	0.06151	0.05946	0.87903
499 A	0.06278	0.06318	0.87405
500 T	0.06480	0.06451	0.87069
501 A	0.06548	0.07180	0.86272
502 A	0.06656	0.07311	0.86033
503 T	0.06882	0.06994	0.86124
504 T	0.06946	0.07301	0.85754
505 A	0.06893	0.07816	0.8529
506 C	0.07145	0.07834	0.85021
507 A	0.07392	0.08432	0.84177
508 T	0.07755	0.08098	0.84147
509 T	0.07921	0.07950	0.84129
510 T	0.08091	0.07754	0.84156
511 A	0.08094	0.07738	0.84167
512 C	0.08200	0.07581	0.84219
513 T	0.08255	0.07520	0.84225
514 C	0.08229	0.07543	0.84228
515 C	0.08318	0.07466	0.84217
516 T	0.08306	0.07485	0.84209
517 G	0.08251	0.07542	0.84207
518 A	0.08326	0.07468	0.84206
519 T	0.08575	0.07220	0.84205
520 C	0.08743	0.07051	0.84206
521 C	0.09301	0.06501	0.84197
522 A	0.09708	0.06194	0.84098
523 G	0.10000	0.06011	0.83989
524 A	0.10610	0.05478	0.83911
525 A	0.10946	0.05191	0.83862
526 A	0.11622	0.04549	0.83829
527 T	0.12884	0.03114	0.84003
528 T	0.13467	0.02405	0.84128
529 T	0.13575	0.02246	0.84178
530 T	0.13585	0.02213	0.84203
531 T	0.13196	0.02608	0.84196
532 G	0.12156	0.03722	0.84123
533 A	0.11464	0.04461	0.84075
534 A	0.10795	0.05164	0.84041
535 A	0.10461	0.05667	0.83872
536 T	0.10176	0.06188	0.83636
537 T	0.09676	0.06741	0.83583
538 A	0.08727	0.07651	0.83622
539 T	0.07828	0.08488	0.83683
540 G	0.07023	0.09250	0.83727
541 A	0.06513	0.09837	0.8365
542 C	0.06313	0.10017	0.8367
543 A	0.06188	0.10290	0.83522
544 A	0.06161	0.10339	0.83499
545 A	0.06256	0.10223	0.83521
546 T	0.06383	0.10068	0.83549
547 T	0.06445	0.09992	0.83563
548 T	0.06474	0.09911	0.83614
549 T	0.06494	0.09864	0.83643
550 A	0.06479	0.09856	0.83665
551 A	0.06490	0.09743	0.83768
552 T	0.06539	0.09343	0.84118
553 T	0.06536	0.09090	0.84375
554 A	0.06511	0.08832	0.84657
555 T	0.06561	0.07952	0.85487
556 A	0.06511	0.07478	0.86011
557 A	0.06546	0.06829	0.86625
558 A	0.06734	0.06289	0.86977
559 T	0.07054	0.05573	0.87373
560 T	0.07144	0.04955	0.87901
561 A	0.07090	0.04247	0.88663
562 G	0.07085	0.03464	0.89451
563 A	0.07134	0.03016	0.8985
564 T	0.07293	0.02722	0.89986
565 G	0.07333	0.03177	0.89489
566 T	0.07481	0.04474	0.88044
567 T	0.07482	0.05486	0.87032
568 T	0.07439	0.06287	0.86275
569 T	0.06828	0.08553	0.84619
570 A	0.05690	0.11424	0.82886
571 A	0.05272	0.13347	0.8138
572 A	0.05049	0.14152	0.80799
573 A	0.04975	0.14491	0.80534
574 G	0.04946	0.14601	0.80453
575 A	0.04952	0.14663	0.80384
576 T	0.04984	0.14629	0.80388
577 A	0.04974	0.14626	0.804
578 G	0.04991	0.14579	0.80429
579 A	0.05054	0.14441	0.80504
580 A	0.05169	0.14277	0.80554
581 T	0.05306	0.14078	0.80616
582 G	0.05359	0.13992	0.80649
583 C	0.05416	0.13892	0.80693
584 A	0.05481	0.13789	0.80731
585 A	0.05590	0.13678	0.80731
586 C	0.05811	0.13460	0.80729
587 A	0.06191	0.13123	0.80686
588 G	0.07256	0.12096	0.80648
589 T	0.09720	0.09535	0.80745
590 T	0.10915	0.08256	0.8083
591 A	0.11354	0.07764	0.80883
592 G	0.12439	0.05926	0.81635
593 C	0.13799	0.03511	0.8269
594 T	0.15199	0.01821	0.82979
595 T	0.15654	0.01273	0.83073
596 T	0.15760	0.01323	0.82918
597 T	0.15455	0.02338	0.82207
598 T	0.14788	0.04140	0.81071
599 T	0.13843	0.05272	0.80885
600 G	0.10749	0.08632	0.80619
601 A	0.08980	0.10876	0.80143
602 A	0.08245	0.11922	0.79833
603 C	0.07948	0.12434	0.79619
604 A	0.07427	0.13667	0.78906
605 A	0.07160	0.14149	0.78691
606 A	0.07047	0.14567	0.78385
607 A	0.07003	0.14903	0.78093
608 A	0.07013	0.14953	0.78034
609 T	0.07031	0.14944	0.78024
610 A	0.07054	0.14974	0.77972
611 T	0.07100	0.14947	0.77952
612 T	0.07109	0.15007	0.77883
613 A	0.07112	0.15101	0.77786
614 A	0.07127	0.15154	0.77719
615 A	0.07161	0.15164	0.77674
616 T	0.07223	0.15084	0.77692
617 T	0.07292	0.14949	0.77758
618 A	0.07356	0.14699	0.77944
619 A	0.07516	0.14065	0.78419
620 A	0.08257	0.12150	0.79593
621 C	0.09462	0.09934	0.80605
622 A	0.09835	0.08837	0.81328
623 T	0.10276	0.06122	0.83603
624 T	0.10705	0.04474	0.84822
625 A	0.10880	0.03912	0.85207
626 C	0.11160	0.03603	0.85236
627 T	0.11791	0.03343	0.84866
628 G	0.11874	0.03986	0.8414
629 A	0.12050	0.04000	0.8395
630 T	0.12100	0.04372	0.83527
631 A	0.11566	0.05684	0.82749
632 G	0.08989	0.10053	0.80958
633 C	0.06786	0.13498	0.79715
634 A	0.06192	0.16107	0.77701
635 G	0.05697	0.16935	0.77368
636 A	0.05414	0.17295	0.77292
637 G	0.05274	0.17505	0.7722
638 T	0.05184	0.17636	0.7718
639 C	0.04935	0.17886	0.77179
640 C	0.04756	0.18067	0.77178
641 A	0.04583	0.18246	0.77171
642 A	0.04487	0.18344	0.77169
643 C	0.04438	0.18392	0.7717
644 C	0.04428	0.18403	0.7717
645 A	0.04445	0.18386	0.77169
646 G	0.04497	0.18332	0.77171
647 C	0.04672	0.18156	0.77173
648 T	0.05010	0.17816	0.77174
649 C	0.05168	0.17655	0.77178
650 A	0.05797	0.17018	0.77184
651 A	0.06571	0.16215	0.77213
652 A	0.06901	0.15868	0.77231
653 A	0.07472	0.15062	0.77466
654 A	0.08536	0.13500	0.77964
655 T	0.10649	0.08437	0.80914
656 T	0.11956	0.04774	0.83269
657 T	0.13373	0.02802	0.83825
658 A	0.13550	0.02206	0.84243
659 A	0.13618	0.01803	0.84579
660 T	0.13688	0.01453	0.84859
661 T	0.13664	0.01275	0.85061
662 T	0.13533	0.01216	0.85251
663 T	0.13415	0.01357	0.85228
664 T	0.13113	0.02648	0.84239
665 A	0.12421	0.05211	0.82369
666 T	0.11802	0.06302	0.81896
667 T	0.10118	0.09352	0.8053
668 A	0.08188	0.12363	0.79449
669 T	0.06652	0.15567	0.77781
670 A	0.05064	0.18105	0.76831
671 A	0.04240	0.19200	0.76559
672 A	0.03826	0.19691	0.76482
673 G	0.03555	0.19974	0.76471
674 A	0.03229	0.20370	0.76401
675 A	0.03065	0.20545	0.7639
676 G	0.03017	0.20605	0.76379
677 G	0.03014	0.20626	0.7636
678 A	0.03023	0.20634	0.76343
679 G	0.03041	0.20602	0.76357
680 T	0.03072	0.20541	0.76387
681 T	0.03114	0.20512	0.76374
682 A	0.03136	0.20525	0.7634
683 A	0.03168	0.20497	0.76336
684 A	0.03233	0.20352	0.76415
685 G	0.03323	0.19986	0.76691
686 A	0.03579	0.19572	0.7685
687 A	0.04808	0.17837	0.77355
688 T	0.07063	0.14708	0.78229
689 A	0.07721	0.13330	0.78949
690 T	0.09516	0.09816	0.80667
691 A	0.10408	0.07381	0.82212
692 T	0.11820	0.04571	0.8361
693 T	0.12286	0.03510	0.84204
694 T	0.12271	0.04879	0.8285
695 T	0.12218	0.04975	0.82806
696 A	0.11983	0.05629	0.82388
697 T	0.11989	0.05860	0.82151
698 A	0.11810	0.06470	0.8172
699 C	0.11618	0.06948	0.81434
700 T	0.11525	0.07840	0.80635
701 T	0.11408	0.09401	0.79191
702 A	0.10282	0.11284	0.78434
703 A	0.09976	0.12016	0.78008
704 A	0.09785	0.12505	0.7771
705 T	0.09765	0.12790	0.77445
706 C	0.09621	0.13447	0.76932
707 A	0.09369	0.14104	0.76528
708 G	0.08738	0.15032	0.7623
709 A	0.08493	0.15529	0.75979
710 A	0.07847	0.16285	0.75869
711 C	0.07547	0.16644	0.75809
712 A	0.07348	0.16941	0.75711
713 A	0.07386	0.16939	0.75675
714 A	0.07609	0.16723	0.75667
715 A	0.07877	0.16446	0.75677
716 G	0.08510	0.15777	0.75713
717 T	0.10449	0.13588	0.75963
718 A	0.10746	0.13156	0.76098
719 C	0.11333	0.12278	0.76389
720 A	0.11881	0.11834	0.76285
721 T	0.12615	0.11023	0.76362
722 T	0.12749	0.10878	0.76373
723 A	0.12736	0.10824	0.7644
724 A	0.13466	0.10000	0.76534
725 C	0.13978	0.08273	0.77749
726 T	0.14319	0.07663	0.78019
727 C	0.14331	0.07460	0.78209
728 A	0.14435	0.07453	0.78112
729 A	0.14871	0.06994	0.78135
730 A	0.15295	0.06458	0.78246
731 T	0.15724	0.05393	0.78884
732 T	0.16023	0.04830	0.79147
733 T	0.16114	0.03981	0.79905
734 T	0.16131	0.03680	0.80189
735 T	0.16076	0.03614	0.8031
736 T	0.15799	0.04225	0.79976
737 A	0.15267	0.04965	0.79768
738 T	0.14951	0.05414	0.79635
739 A	0.14424	0.06357	0.79219
740 A	0.13876	0.07122	0.79001
741 A	0.13647	0.07348	0.79006
742 G	0.13573	0.07401	0.79026
743 A	0.13661	0.07282	0.79057
744 A	0.13728	0.07146	0.79127
745 T	0.13864	0.06811	0.79326
746 A	0.13897	0.06369	0.79734
747 T	0.13967	0.06058	0.79975
748 T	0.14020	0.05811	0.80168
749 T	0.14043	0.05732	0.80225
750 T	0.14021	0.05799	0.80181
751 T	0.14010	0.05941	0.80049
752 T	0.13987	0.06186	0.79828
753 T	0.13854	0.06621	0.79526
754 G	0.13702	0.07194	0.79104
755 A	0.13644	0.07587	0.78769
756 T	0.13671	0.07685	0.78644
757 A	0.13752	0.07689	0.78559
758 A	0.13932	0.07479	0.78588
759 T	0.14510	0.06645	0.78846
760 A	0.14737	0.06054	0.79209
761 T	0.14934	0.05612	0.79455
762 A	0.15221	0.04988	0.79791
763 T	0.15443	0.04354	0.80203
764 T	0.15488	0.04199	0.80313
765 T	0.15518	0.04197	0.80285
766 T	0.15525	0.04296	0.80178
767 A	0.15454	0.04610	0.79937
768 T	0.15401	0.04854	0.79745
769 G	0.15304	0.05409	0.79287
770 A	0.15303	0.05726	0.78971
771 A	0.15263	0.06105	0.78632
772 A	0.15326	0.06084	0.78589
773 T	0.15664	0.05699	0.78637
774 T	0.16030	0.05278	0.78692
775 A	0.16268	0.05083	0.78649
776 C	0.16571	0.04665	0.78764
777 T	0.16924	0.04239	0.78837
778 T	0.17064	0.04064	0.78872
779 T	0.17083	0.04046	0.78871
780 C	0.17052	0.04091	0.78858
781 C	0.16986	0.04352	0.78662
782 A	0.16928	0.05227	0.77846
783 A	0.16951	0.05844	0.77205
784 T	0.16908	0.06047	0.77045
785 A	0.15615	0.07540	0.76845
786 T	0.13931	0.09404	0.76665
787 A	0.11886	0.11606	0.76509
788 C	0.10999	0.12506	0.76494
789 A	0.10241	0.13442	0.76317
790 A	0.09827	0.13995	0.76178
791 A	0.09613	0.14280	0.76107
792 T	0.09932	0.13961	0.76107
793 A	0.09963	0.14064	0.75973
794 A	0.10140	0.13873	0.75988
795 A	0.10170	0.13826	0.76004
796 T	0.10211	0.13758	0.76031
797 A	0.10211	0.13717	0.76072
798 T	0.10234	0.13606	0.7616
799 A	0.10179	0.13608	0.76214
800 G	0.10144	0.13554	0.76301
801 C	0.10140	0.13445	0.76415
802 C	0.10149	0.13391	0.7646
803 A	0.10186	0.13369	0.76444
804 A	0.10384	0.13195	0.76422
805 A	0.11110	0.12500	0.76389
806 A	0.11687	0.11902	0.76411
807 T	0.11966	0.11393	0.76641
808 A	0.12215	0.09508	0.78277
809 T	0.12557	0.06787	0.80656
810 T	0.12797	0.04630	0.82573
811 T	0.12890	0.03648	0.83461
812 A	0.12982	0.02893	0.84125
813 T	0.13161	0.02009	0.84829
814 T	0.13253	0.01486	0.85261
815 C	0.13306	0.01300	0.85395
816 T	0.13421	0.01133	0.85446
817 T	0.13465	0.01147	0.85387
818 T	0.13465	0.01298	0.85237
819 T	0.13307	0.01821	0.84872
820 G	0.12856	0.02681	0.84464
821 T	0.12626	0.03364	0.8401
822 T	0.12268	0.05249	0.82483
823 A	0.11764	0.08075	0.80161
824 A	0.11453	0.09355	0.79192
825 T	0.11264	0.09904	0.78832
826 A	0.11097	0.10509	0.78393
827 A	0.11062	0.10919	0.78019
828 T	0.11078	0.10921	0.78
829 A	0.11037	0.10970	0.77993
830 T	0.11038	0.10970	0.77992
831 T	0.11012	0.10999	0.7799
832 C	0.10954	0.11054	0.77992
833 C	0.10923	0.11094	0.77983
834 T	0.10879	0.11188	0.77933
835 A	0.10726	0.11433	0.77841
836 C	0.10363	0.11903	0.77734
837 A	0.10008	0.12607	0.77385
838 A	0.08683	0.14314	0.77002
839 A	0.07542	0.15799	0.76659
840 A	0.06825	0.16788	0.76387
841 G	0.06627	0.17184	0.76188
842 A	0.06947	0.16808	0.76245
843 A	0.07466	0.15856	0.76677
844 G	0.08061	0.15007	0.76932
845 G	0.09521	0.13252	0.77227
846 T	0.11634	0.10959	0.77407
847 G	0.12016	0.10408	0.77575
848 G	0.11891	0.10550	0.77559
849 A	0.11447	0.10957	0.77597
850 A	0.11084	0.11278	0.77638
851 C	0.10344	0.11935	0.77722
852 G	0.09464	0.12795	0.77741
853 C	0.09279	0.12989	0.77732
854 A	0.09066	0.13253	0.7768
855 C	0.08938	0.13387	0.77675
856 G	0.08785	0.13610	0.77604
857 A	0.08665	0.13813	0.77522
858 A	0.08169	0.14307	0.77524
859 G	0.07933	0.14249	0.77818
860 A	0.08098	0.13886	0.78017
861 A	0.08367	0.12216	0.79417
862 G	0.08713	0.10649	0.80638
863 G	0.09063	0.09533	0.81403
864 T	0.09401	0.09191	0.81408
865 T	0.09555	0.09335	0.8111
866 T	0.09485	0.10275	0.80239
867 T	0.09236	0.10949	0.79816
868 A	0.08872	0.11644	0.79484
869 A	0.08590	0.12093	0.79317
870 A	0.08318	0.12526	0.79156
871 A	0.08208	0.12214	0.79578
872 T	0.08195	0.11326	0.80478
873 A	0.07921	0.11024	0.81054
874 G	0.07693	0.10435	0.81872
875 C	0.07542	0.10005	0.82454
876 T	0.07438	0.10226	0.82336
877 T	0.07103	0.10849	0.82047
878 T	0.06710	0.11462	0.81829
879 A	0.06076	0.12369	0.81555
880 A	0.05844	0.12726	0.81431
881 A	0.05713	0.12337	0.81951
882 T	0.05653	0.11992	0.82355
883 A	0.05531	0.12045	0.82424
884 G	0.05493	0.12049	0.82458
885 G	0.05450	0.12251	0.823
886 A	0.05581	0.12955	0.81465
887 T	0.06121	0.12611	0.81267
888 A	0.06491	0.12507	0.81002
889 T	0.07417	0.11657	0.80926
890 T	0.07584	0.11657	0.8076
891 A	0.07288	0.12475	0.80237
892 A	0.06950	0.13766	0.79284
893 A	0.06739	0.14855	0.78406
894 T	0.06453	0.15786	0.77761
895 A	0.05625	0.17191	0.77184
896 A	0.05330	0.17573	0.77098
897 A	0.05198	0.17555	0.77246
898 T	0.05410	0.17030	0.77559
899 A	0.05357	0.16803	0.77839
900 T	0.05628	0.16013	0.78359
901 G	0.05427	0.15736	0.78837
902 C	0.05464	0.15190	0.79346
903 T	0.05336	0.15387	0.79277
904 A	0.04599	0.16380	0.79022
905 A	0.04170	0.17102	0.78727
906 A	0.03973	0.17532	0.78495
907 G	0.03803	0.17894	0.78303
908 A	0.03706	0.18247	0.78047
909 T	0.04458	0.17935	0.77607
910 A	0.04506	0.18945	0.76549
911 A	0.04605	0.19857	0.75538
912 A	0.04562	0.20583	0.74856
913 A	0.04854	0.20761	0.74384
914 A	0.05545	0.20163	0.74293
915 A	0.06906	0.18525	0.74569
916 A	0.08174	0.16791	0.75036
917 T	0.09175	0.15440	0.75386
918 A	0.09577	0.14522	0.759
919 T	0.09593	0.14250	0.76157
920 T	0.08901	0.14853	0.76245
921 A	0.06691	0.17225	0.76084
922 A	0.05496	0.18502	0.76003
923 A	0.05101	0.18995	0.75903
924 A	0.04902	0.19181	0.75917
925 A	0.04772	0.19674	0.75554
926 A	0.04817	0.19791	0.75392
927 A	0.05001	0.19663	0.75337
928 G	0.05037	0.19342	0.7562
929 A	0.05211	0.18982	0.75807
930 A	0.05428	0.18557	0.76016
931 A	0.05951	0.17757	0.76292
932 C	0.06683	0.16714	0.76604
933 A	0.07803	0.15438	0.7676
934 A	0.08967	0.14064	0.76968
935 G	0.09780	0.12984	0.77237
936 C	0.10531	0.12130	0.77339
937 T	0.11030	0.11670	0.77301
938 T	0.11163	0.11573	0.77263
939 A	0.11081	0.11900	0.77018
940 A	0.11051	0.12156	0.76792
941 T	0.11163	0.11918	0.76919
942 T	0.11197	0.11304	0.77499
943 A	0.11130	0.10457	0.78413
944 G	0.11281	0.08172	0.80548
945 C	0.11551	0.06872	0.81578
946 G	0.11821	0.06549	0.8163
947 A	0.12233	0.06527	0.8124
948 A	0.12890	0.06440	0.8067
949 G	0.13419	0.05910	0.80672
950 A	0.14116	0.05194	0.8069
951 T	0.14421	0.04603	0.80976
952 A	0.14521	0.04345	0.81134
953 C	0.14629	0.04072	0.81299
954 T	0.14720	0.04120	0.81161
955 T	0.14708	0.04223	0.8107
956 T	0.14672	0.04365	0.80962
957 A	0.14605	0.04532	0.80864
958 G	0.14594	0.04666	0.80741
959 A	0.14612	0.04650	0.80739
960 A	0.14672	0.04525	0.80803
961 G	0.14786	0.04229	0.80985
962 G	0.15060	0.03765	0.81174
963 T	0.15352	0.03320	0.81329
964 C	0.15395	0.03151	0.81454
965 T	0.15452	0.03093	0.81455
966 T	0.15492	0.03030	0.81478
967 A	0.15503	0.02999	0.81498
968 C	0.15533	0.02927	0.81541
969 G	0.15657	0.02804	0.81539
970 G	0.16089	0.02385	0.81526
971 C	0.16724	0.01780	0.81497
972 T	0.16916	0.01735	0.8135
973 A	0.17010	0.01901	0.81089
974 T	0.17201	0.01793	0.81006
975 T	0.17305	0.01874	0.80821
976 A	0.17372	0.01884	0.80745
977 T	0.17545	0.01717	0.80737
978 T	0.17654	0.01594	0.80752
979 T	0.17726	0.01504	0.80771
980 C	0.17749	0.01476	0.80775
981 T	0.17699	0.01597	0.80704
982 T	0.17482	0.01888	0.8063
983 T	0.17275	0.02168	0.80558
984 A	0.17036	0.02423	0.8054
985 A	0.16890	0.02579	0.80531
986 A	0.16825	0.02651	0.80523
987 A	0.16797	0.02675	0.80528
988 C	0.16785	0.02681	0.80534
989 A	0.16800	0.02664	0.80535
990 T	0.16824	0.02634	0.80543
991 C	0.16793	0.02664	0.80543
992 C	0.16801	0.02666	0.80533
993 T	0.16858	0.02617	0.80525
994 A	0.16888	0.02589	0.80523
995 A	0.17006	0.02471	0.80523
996 T	0.17240	0.02237	0.80523
997 C	0.17269	0.02206	0.80526
998 C	0.17365	0.02108	0.80528
999 A	0.17280	0.02218	0.80502
1000 T	0.17258	0.02273	0.80469
1001 T	0.17145	0.02387	0.80469
1002 A	0.16560	0.02976	0.80465
1003 T	0.16067	0.03415	0.80518
1004 T	0.15068	0.04130	0.80802
1005 C	0.13281	0.05623	0.81096
1006 G	0.11739	0.07062	0.81199
1007 A	0.10376	0.08451	0.81174
1008 A	0.09625	0.09147	0.81228
1009 G	0.09215	0.09521	0.81265
1010 G	0.08937	0.09787	0.81276
1011 G	0.08734	0.09958	0.81308
1012 C	0.08648	0.10021	0.8133
1013 A	0.08598	0.10105	0.81297
1014 A	0.08585	0.10121	0.81295
1015 A	0.08583	0.10122	0.81294
1016 C	0.08586	0.10105	0.81308
1017 T	0.08584	0.10141	0.81275
1018 A	0.08567	0.10257	0.81176
1019 A	0.08531	0.10406	0.81063
1020 A	0.08502	0.10505	0.80993
1021 A	0.08481	0.10539	0.8098
1022 A	0.08480	0.10287	0.81233
1023 T	0.08500	0.10010	0.8149
1024 A	0.08484	0.09729	0.81787
1025 A	0.08475	0.08930	0.82595
1026 A	0.08493	0.08032	0.83474
1027 T	0.08540	0.06856	0.84605
1028 T	0.08547	0.05703	0.85751
1029 A	0.08559	0.04983	0.86457
1030 G	0.08626	0.04033	0.87342
1031 G	0.08632	0.03848	0.8752
1032 T	0.08648	0.03621	0.8773
1033 A	0.08632	0.03526	0.87842
1034 G	0.08660	0.03363	0.87977
1035 T	0.08686	0.03297	0.88018
1036 C	0.08706	0.03323	0.87971
1037 A	0.08719	0.03477	0.87804
1038 T	0.08743	0.03555	0.87702
1039 G	0.08740	0.03861	0.87399
1040 A	0.08759	0.04244	0.86997
1041 A	0.08795	0.04445	0.8676
1042 G	0.08899	0.04489	0.86612
1043 T	0.08998	0.04511	0.86491
1044 T	0.09033	0.04476	0.86491
1045 A	0.09010	0.04497	0.86493
1046 G	0.09009	0.04488	0.86504
1047 A	0.09030	0.04457	0.86513
1048 C	0.09116	0.04354	0.86529
1049 A	0.09259	0.04225	0.86517
1050 A	0.09577	0.03917	0.86507
1051 T	0.10232	0.03272	0.86496
1052 T	0.10603	0.02919	0.86479
1053 T	0.10754	0.02778	0.86468
1054 A	0.10931	0.02577	0.86491
1055 T	0.11024	0.02464	0.86512
1056 T	0.11082	0.02371	0.86547
1057 T	0.11118	0.02319	0.86564
1058 C	0.11108	0.02318	0.86574
1059 T	0.11217	0.02212	0.86572
1060 A	0.11202	0.02227	0.86571
1061 A	0.11255	0.02177	0.86568
1062 A	0.11508	0.01924	0.86568
1063 T	0.11909	0.01521	0.8657
1064 C	0.12109	0.01240	0.86651
1065 T	0.12285	0.01066	0.86648
1066 T	0.12385	0.00993	0.86622
1067 T	0.12392	0.01002	0.86606
1068 T	0.12367	0.01025	0.86609
1069 G	0.12276	0.01130	0.86594
1070 G	0.11976	0.01446	0.86578
1071 T	0.11898	0.01545	0.86557
1072 G	0.11850	0.01618	0.86532
1073 A	0.11828	0.01702	0.8647
1074 A	0.11832	0.01757	0.8641
1075 T	0.11859	0.01788	0.86352
1076 T	0.11863	0.01946	0.86191
1077 T	0.11824	0.02269	0.85907
1078 T	0.11736	0.02978	0.85286
1079 T	0.11569	0.03498	0.84933
1080 A	0.11369	0.04114	0.84517
1081 G	0.11258	0.04383	0.84359
1082 A	0.11212	0.04527	0.84261
1083 A	0.11195	0.04429	0.84377
1084 A	0.11197	0.04380	0.84422
1085 G	0.11217	0.04317	0.84465
1086 T	0.11244	0.04271	0.84485
1087 C	0.11254	0.04243	0.84502
1088 A	0.11264	0.04295	0.8444
1089 T	0.11317	0.04303	0.8438
1090 T	0.11345	0.04357	0.84297
1091 T	0.11351	0.04399	0.8425
1092 A	0.11327	0.04483	0.8419
1093 T	0.11342	0.04238	0.8442
1094 T	0.11281	0.04353	0.84366
1095 A	0.11027	0.04791	0.84182
1096 G	0.10746	0.05371	0.83883
1097 A	0.10605	0.06101	0.83293
1098 A	0.10517	0.06286	0.83197
1099 A	0.10653	0.06134	0.83212
1100 A	0.10825	0.05890	0.83285
1101 T	0.11441	0.05118	0.8344
1102 C	0.11484	0.04850	0.83667
1103 C	0.11449	0.04760	0.83791
1104 T	0.11247	0.05062	0.83692
1105 C	0.10382	0.06152	0.83465
1106 A	0.09613	0.07274	0.83113
1107 A	0.08272	0.09003	0.82726
1108 G	0.07411	0.09916	0.82673
1109 A	0.06552	0.10864	0.82584
1110 A	0.06211	0.11247	0.82542
1111 G	0.06018	0.11523	0.82459
1112 C	0.05933	0.11683	0.82383
1113 T	0.05930	0.11710	0.8236
1114 A	0.05777	0.11900	0.82322
1115 A	0.05731	0.11959	0.82311
1116 A	0.05726	0.11954	0.8232
1117 C	0.05805	0.11820	0.82375
1118 A	0.05902	0.11561	0.82537
1119 A	0.06147	0.11100	0.82753
1120 A	0.06647	0.10447	0.82906
1121 T	0.06774	0.10198	0.83028
1122 A	0.06768	0.10155	0.83077
1123 A	0.06775	0.09822	0.83403
1124 T	0.06791	0.09544	0.83665
1125 A	0.06751	0.09219	0.8403
1126 G	0.06736	0.08754	0.8451
1127 A	0.06917	0.08184	0.84899
1128 T	0.07209	0.07043	0.85748
1129 A	0.07451	0.06317	0.86232
1130 A	0.07771	0.04827	0.87403
1131 A	0.07849	0.03954	0.88197
1132 T	0.07969	0.02878	0.89153
1133 G	0.08006	0.02578	0.89416
1134 T	0.08166	0.02350	0.89484
1135 T	0.08258	0.02305	0.89437
1136 T	0.08243	0.02544	0.89213
1137 A	0.08195	0.03160	0.88645
1138 T	0.08204	0.03144	0.88652
1139 T	0.08174	0.03172	0.88654
1140 A	0.08104	0.03393	0.88502
1141 T	0.08118	0.03426	0.88456
1142 C	0.08109	0.03490	0.88401
1143 T	0.08086	0.03762	0.88151
1144 A	0.07978	0.04669	0.87354
1145 T	0.07895	0.05155	0.8695
1146 G	0.06758	0.07013	0.86229
1147 A	0.06017	0.07971	0.86011
1148 A	0.05434	0.08666	0.85901
1149 A	0.05088	0.09067	0.85846
1150 G	0.04941	0.09199	0.8586
1151 C	0.04868	0.09332	0.858
1152 T	0.04952	0.09462	0.85587
1153 A	0.04930	0.09864	0.85205
1154 G	0.04952	0.09977	0.85072
1155 A	0.05039	0.10097	0.84864
1156 A	0.05193	0.09973	0.84834
1157 T	0.05469	0.09709	0.84822
1158 A	0.05524	0.09682	0.84795
1159 G	0.05755	0.09385	0.8486
1160 C	0.06288	0.08772	0.8494
1161 T	0.06412	0.08639	0.84949
1162 G	0.06438	0.08609	0.84953
1163 C	0.06613	0.08414	0.84974
1164 T	0.06724	0.08361	0.84914
1165 A	0.06694	0.08468	0.84838
1166 A	0.06739	0.08470	0.8479
1167 A	0.07256	0.07952	0.84793
1168 A	0.07420	0.07823	0.84757
1169 A	0.07893	0.06345	0.85762
1170 A	0.07960	0.05542	0.86498
1171 G	0.07902	0.04978	0.87121
1172 T	0.07897	0.04707	0.87396
1173 A	0.07122	0.05564	0.87314
1174 C	0.06847	0.05786	0.87368
1175 G	0.06525	0.06513	0.86963
1176 T	0.06606	0.06711	0.86683
1177 G	0.06500	0.07126	0.86374
1178 A	0.06558	0.07784	0.85657
1179 A	0.06535	0.08138	0.85327
1180 A	0.06557	0.08093	0.85351
1181 T	0.06607	0.07893	0.855
1182 T	0.06545	0.07882	0.85573
1183 A	0.06385	0.08119	0.85496
1184 C	0.06205	0.08395	0.854
1185 T	0.06101	0.08919	0.84979
1186 A	0.05798	0.09477	0.84725
1187 G	0.05503	0.09943	0.84554
1188 A	0.05351	0.10268	0.84381
1189 A	0.05316	0.10332	0.84352
1190 A	0.05289	0.10292	0.84419
1191 A	0.05361	0.10110	0.8453
1192 A	0.05493	0.09894	0.84613
1193 A	0.05549	0.09688	0.84763
1194 A	0.05644	0.09315	0.85041
1195 A	0.05831	0.08771	0.85398
1196 T	0.06270	0.07369	0.86361
1197 G	0.06480	0.06716	0.86804
1198 T	0.07067	0.05632	0.87301
1199 C	0.07369	0.05090	0.8754
1200 T	0.07662	0.04729	0.87608
1201 T	0.08048	0.04347	0.87605
1202 T	0.08227	0.04197	0.87576
1203 A	0.08231	0.04272	0.87498
1204 G	0.08248	0.04380	0.87372
1205 A	0.08289	0.04780	0.8693
1206 A	0.08462	0.04559	0.86979
1207 T	0.08763	0.04074	0.87163
1208 T	0.09219	0.03608	0.87173
1209 A	0.09354	0.03472	0.87174
1210 T	0.09521	0.03405	0.87074
1211 T	0.09619	0.03401	0.86979
1212 A	0.09610	0.03828	0.86562
1213 A	0.09684	0.04041	0.86275
1214 A	0.09787	0.04038	0.86176
1215 T	0.09876	0.04005	0.86119
1216 T	0.09919	0.04098	0.85983
1217 T	0.09926	0.04168	0.85905
1218 T	0.09885	0.04282	0.85834
1219 A	0.09797	0.04400	0.85802
1220 A	0.09771	0.04424	0.85805
1221 T	0.09778	0.04407	0.85816
1222 T	0.09788	0.04385	0.85827
1223 C	0.09798	0.04370	0.85832
1224 C	0.09839	0.04361	0.858
1225 A	0.09883	0.04439	0.85678
1226 A	0.09960	0.04470	0.85571
1227 A	0.10082	0.04475	0.85443
1228 T	0.10641	0.03939	0.85421
1229 T	0.10779	0.03813	0.85408
1230 A	0.10842	0.03739	0.8542
1231 A	0.10997	0.03522	0.85482
1232 C	0.11278	0.03107	0.85615
1233 T	0.11671	0.02701	0.85628
1234 G	0.11897	0.02477	0.85627
1235 A	0.12371	0.02060	0.85569
1236 T	0.12760	0.01690	0.8555
1237 T	0.12879	0.01592	0.85529
1238 G	0.12882	0.01613	0.85506
1239 T	0.12961	0.01552	0.85487
1240 T	0.12960	0.01533	0.85507
1241 A	0.12909	0.01565	0.85526
1242 T	0.12887	0.01526	0.85588
1243 A	0.12795	0.01644	0.8556
1244 C	0.12706	0.01777	0.85517
1245 A	0.12439	0.02163	0.85398
1246 A	0.12286	0.02389	0.85325
1247 A	0.12170	0.02543	0.85286
1248 A	0.12214	0.02490	0.85297
1249 G	0.12279	0.02409	0.85313
1250 A	0.12401	0.02229	0.8537
1251 T	0.12432	0.02151	0.85416
1252 C	0.12441	0.02108	0.85451
1253 C	0.12454	0.02082	0.85463
1254 T	0.12469	0.02065	0.85466
1255 A	0.12466	0.02068	0.85466
1256 T	0.12478	0.02055	0.85467
1257 G	0.12492	0.02040	0.85468
1258 T	0.12566	0.01958	0.85476
1259 T	0.12577	0.01918	0.85505
1260 A	0.12564	0.01897	0.85539
1261 T	0.12581	0.01786	0.85633
1262 C	0.12553	0.01732	0.85715
1263 T	0.12536	0.01726	0.85739
1264 G	0.12443	0.01822	0.85735
1265 A	0.12444	0.01825	0.85731
1266 A	0.12500	0.01718	0.85782
1267 T	0.12577	0.01569	0.85854
1268 T	0.12670	0.01203	0.86128
1269 A	0.12703	0.01028	0.86269
1270 T	0.12732	0.00856	0.86411
1271 A	0.12729	0.00828	0.86443
1272 T	0.12723	0.00820	0.86457
1273 A	0.12714	0.00878	0.86408
1274 T	0.12708	0.00913	0.86379
1275 T	0.12641	0.01065	0.86293
1276 G	0.12529	0.01331	0.8614
1277 T	0.12437	0.01559	0.86004
1278 A	0.12272	0.01815	0.85913
1279 G	0.12221	0.01909	0.85871
1280 A	0.12187	0.01969	0.85843
1281 G	0.12173	0.01978	0.85849
1282 G	0.12170	0.01967	0.85863
1283 G	0.12175	0.01957	0.85868
1284 A	0.12182	0.01964	0.85853
1285 G	0.12192	0.01910	0.85898
1286 A	0.12213	0.01865	0.85921
1287 T	0.12261	0.01714	0.86024
1288 T	0.12277	0.01674	0.86048
1289 C	0.12272	0.01668	0.8606
1290 A	0.12265	0.01686	0.86048
1291 G	0.12265	0.01691	0.86044
1292 C	0.12252	0.01712	0.86035
1293 A	0.12218	0.01849	0.85932
1294 G	0.12215	0.01957	0.85828
1295 G	0.12233	0.02149	0.85619
1296 A	0.12299	0.02500	0.852
1297 G	0.12364	0.02508	0.85127
1298 G	0.12509	0.02310	0.85181
1299 T	0.12720	0.02020	0.8526
1300 T	0.12847	0.01801	0.85352
1301 C	0.12903	0.01628	0.85469
1302 T	0.12938	0.01607	0.85455
1303 G	0.12944	0.01657	0.85399
1304 C	0.12944	0.01796	0.85259
1305 T	0.12943	0.01854	0.85202
1306 A	0.12916	0.01941	0.85144
1307 A	0.12844	0.02054	0.85102
1308 A	0.12805	0.02115	0.8508
1309 C	0.12753	0.02180	0.85067
1310 A	0.12687	0.02326	0.84986
1311 A	0.12663	0.02422	0.84915
1312 G	0.12660	0.02560	0.8478
1313 G	0.12664	0.02673	0.84663
1314 A	0.12668	0.02816	0.84516
1315 A	0.12694	0.02854	0.84452
1316 G	0.12800	0.02727	0.84473
1317 A	0.12902	0.02624	0.84473
1318 G	0.13127	0.02377	0.84496
1319 A	0.13539	0.01952	0.84509
1320 T	0.13668	0.01805	0.84527
1321 T	0.13738	0.01723	0.84539
1322 C	0.13773	0.01680	0.84547
1323 T	0.13792	0.01659	0.84549
1324 C	0.13796	0.01654	0.8455
1325 A	0.13798	0.01669	0.84533
1326 A	0.13797	0.01666	0.84536
1327 T	0.13903	0.01554	0.84543
1328 T	0.13851	0.01584	0.84566
1329 T	0.13585	0.01826	0.84589
