# lcl|CP097583.1_cds_USQ93165.1_1
# AA	inside	membr	outside
1 A	0.76243	0.00000	0.23757
2 T	0.76190	0.00053	0.23757
3 G	0.76138	0.00105	0.23757
4 A	0.76138	0.00805	0.23058
5 A	0.75620	0.02156	0.22223
6 A	0.75620	0.02328	0.22052
7 A	0.74676	0.03368	0.21957
8 T	0.74675	0.03370	0.21955
9 T	0.74363	0.03758	0.21879
10 T	0.74361	0.12469	0.1317
11 T	0.73658	0.14264	0.12077
12 T	0.55106	0.33264	0.1163
13 A	0.04224	0.86131	0.09646
14 A	0.04215	0.86140	0.09646
15 A	0.04214	0.87080	0.08706
16 A	0.03824	0.87470	0.08706
17 A	0.03553	0.87743	0.08704
18 A	0.03547	0.87754	0.08699
19 C	0.03438	0.87864	0.08698
20 A	0.03048	0.88329	0.08622
21 T	0.02507	0.88870	0.08622
22 A	0.02476	0.88913	0.08611
23 A	0.02475	0.88917	0.08608
24 T	0.02512	0.88884	0.08603
25 A	0.02521	0.88812	0.08667
26 A	0.02543	0.88737	0.0872
27 A	0.03033	0.88184	0.08782
28 A	0.03718	0.87065	0.09217
29 A	0.03943	0.86765	0.09293
30 A	0.04534	0.85127	0.10339
31 A	0.04807	0.83412	0.11782
32 A	0.05352	0.80052	0.14596
33 A	0.13309	0.65576	0.21115
34 T	0.14766	0.59968	0.25266
35 T	0.15518	0.41894	0.42589
36 G	0.16791	0.04182	0.79027
37 T	0.16887	0.03447	0.79666
38 T	0.17363	0.02813	0.79825
39 T	0.17213	0.04189	0.78597
40 G	0.17156	0.05592	0.77252
41 T	0.17139	0.06162	0.767
42 A	0.17099	0.06865	0.76036
43 A	0.17147	0.06665	0.76188
44 T	0.17137	0.06523	0.7634
45 T	0.17096	0.07092	0.75812
46 G	0.17078	0.07170	0.75752
47 T	0.17070	0.07345	0.75585
48 T	0.17048	0.07528	0.75424
49 G	0.17029	0.07933	0.75038
50 T	0.17025	0.08070	0.74905
51 A	0.17018	0.08074	0.74907
52 A	0.17009	0.08081	0.7491
53 T	0.17008	0.08079	0.74913
54 C	0.17024	0.08066	0.7491
55 C	0.17053	0.08069	0.74878
56 T	0.17138	0.07998	0.74863
57 T	0.17253	0.07910	0.74837
58 T	0.17364	0.07822	0.74815
59 T	0.17509	0.07693	0.74797
60 A	0.17610	0.07615	0.74774
61 G	0.17908	0.07301	0.74792
62 T	0.19718	0.05359	0.74923
63 T	0.21374	0.03702	0.74924
64 T	0.22177	0.02929	0.74894
65 T	0.22933	0.02283	0.74785
66 T	0.23048	0.02574	0.74378
67 T	0.23153	0.03331	0.73515
68 T	0.23278	0.04575	0.72147
69 A	0.23260	0.04950	0.7179
70 T	0.23376	0.05099	0.71525
71 T	0.23421	0.05447	0.71132
72 T	0.23572	0.05550	0.70878
73 C	0.23441	0.05933	0.70626
74 A	0.22802	0.07069	0.70129
75 A	0.22391	0.07531	0.70077
76 T	0.22194	0.07766	0.70039
77 T	0.21821	0.08199	0.69981
78 A	0.21558	0.08543	0.699
79 C	0.21473	0.08684	0.69843
80 T	0.21381	0.09054	0.69564
81 T	0.21161	0.09763	0.69076
82 G	0.20735	0.10978	0.68288
83 A	0.20066	0.13135	0.66799
84 A	0.18670	0.16857	0.64473
85 A	0.18094	0.19420	0.62486
86 T	0.17866	0.20527	0.61607
87 A	0.17461	0.21201	0.61338
88 G	0.17311	0.21499	0.6119
89 G	0.17423	0.21600	0.60978
90 A	0.18223	0.21301	0.60476
91 C	0.19513	0.20507	0.5998
92 A	0.19974	0.22676	0.5735
93 A	0.20350	0.24104	0.55546
94 T	0.20905	0.24173	0.54922
95 T	0.20953	0.24646	0.544
96 T	0.20758	0.24893	0.54349
97 A	0.20610	0.24494	0.54896
98 A	0.20474	0.24192	0.55334
99 A	0.20381	0.23972	0.55647
100 C	0.20305	0.23472	0.56224
101 C	0.20233	0.23350	0.56417
102 A	0.19395	0.24504	0.56101
103 G	0.19225	0.25037	0.55737
104 A	0.19642	0.25067	0.5529
105 A	0.20322	0.24470	0.55208
106 G	0.21699	0.22811	0.5549
107 G	0.23906	0.19446	0.56648
108 T	0.25881	0.16950	0.57169
109 G	0.26434	0.16264	0.57303
110 A	0.26249	0.16851	0.569
111 A	0.25875	0.17917	0.56208
112 C	0.25955	0.17915	0.5613
113 A	0.26376	0.18200	0.55424
114 A	0.27071	0.18302	0.54627
115 A	0.29793	0.15709	0.54498
116 T	0.31723	0.13794	0.54483
117 T	0.32215	0.13363	0.54421
118 A	0.31342	0.14189	0.54468
119 C	0.30114	0.15227	0.54658
120 T	0.29100	0.16491	0.54408
121 G	0.26864	0.19317	0.5382
122 A	0.25210	0.21085	0.53705
123 A	0.24518	0.21706	0.53775
124 A	0.24375	0.21734	0.53891
125 G	0.24593	0.20485	0.54921
126 C	0.24955	0.19679	0.55366
127 C	0.25427	0.19205	0.55368
128 A	0.25637	0.19205	0.55158
129 A	0.26014	0.18920	0.55065
130 A	0.26568	0.18424	0.55008
131 T	0.26887	0.18088	0.55025
132 G	0.27130	0.17673	0.55197
133 A	0.27931	0.16244	0.55825
134 T	0.28977	0.14406	0.56616
135 C	0.28862	0.14101	0.57038
136 A	0.28929	0.13984	0.57088
137 G	0.29319	0.13533	0.57148
138 T	0.29388	0.13474	0.57138
139 A	0.29241	0.13769	0.5699
140 A	0.29269	0.13698	0.57033
141 A	0.29582	0.11951	0.58467
142 T	0.29932	0.09965	0.60103
143 T	0.30151	0.08585	0.61264
144 A	0.30221	0.06649	0.6313
145 G	0.30093	0.05278	0.64629
146 C	0.30020	0.04661	0.65319
147 T	0.29987	0.04635	0.65377
148 C	0.29888	0.04655	0.65457
149 G	0.29841	0.04694	0.65465
150 T	0.29895	0.04660	0.65445
151 T	0.29913	0.04710	0.65377
152 C	0.29533	0.05194	0.65274
153 A	0.29230	0.05870	0.64901
154 G	0.29050	0.06441	0.64509
155 A	0.29002	0.06840	0.64159
156 T	0.28982	0.07135	0.63882
157 A	0.28878	0.07689	0.63433
158 T	0.28923	0.07779	0.63298
159 T	0.28953	0.07719	0.63328
160 A	0.28901	0.08046	0.63053
161 G	0.28915	0.08025	0.6306
162 T	0.29048	0.07804	0.63148
163 G	0.29013	0.07964	0.63023
164 A	0.29015	0.08104	0.62882
165 A	0.28909	0.08279	0.62812
166 A	0.28857	0.08419	0.62724
167 G	0.28858	0.08235	0.62907
168 T	0.28887	0.08216	0.62898
169 G	0.28882	0.08421	0.62697
170 T	0.28952	0.08532	0.62516
171 T	0.28943	0.08902	0.62155
172 A	0.28896	0.09488	0.61616
173 A	0.28916	0.09782	0.61303
174 A	0.28948	0.09763	0.61289
175 T	0.29149	0.09210	0.6164
176 A	0.29445	0.08616	0.61939
177 T	0.29912	0.07960	0.62128
178 A	0.30151	0.07650	0.62199
179 G	0.30456	0.07240	0.62304
180 C	0.30932	0.06598	0.62471
181 T	0.31665	0.05870	0.62465
182 C	0.31985	0.05585	0.62431
183 T	0.32516	0.05398	0.62086
184 T	0.32586	0.06095	0.61319
185 A	0.32536	0.06743	0.60722
186 T	0.32590	0.07132	0.60277
187 A	0.32364	0.07502	0.60134
188 A	0.32371	0.07439	0.6019
189 T	0.32652	0.07128	0.6022
190 A	0.32814	0.07025	0.6016
191 C	0.33142	0.06685	0.60172
192 T	0.33601	0.06276	0.60123
193 A	0.33855	0.06125	0.6002
194 T	0.34258	0.05746	0.59996
195 G	0.34618	0.05383	0.59999
196 T	0.34901	0.05115	0.59984
197 T	0.34983	0.04961	0.60056
198 T	0.34919	0.05032	0.60048
199 A	0.34741	0.05213	0.60046
200 T	0.34628	0.05320	0.60052
201 G	0.33549	0.06379	0.60071
202 A	0.32963	0.07100	0.59937
203 A	0.32510	0.07690	0.598
204 A	0.32201	0.08138	0.59661
205 G	0.31958	0.08515	0.59527
206 A	0.32063	0.08712	0.59224
207 T	0.32742	0.07950	0.59309
208 A	0.33010	0.07555	0.59436
209 A	0.33313	0.07137	0.59551
210 T	0.33471	0.06627	0.59902
211 C	0.33492	0.06452	0.60056
212 C	0.33559	0.06355	0.60086
213 T	0.33674	0.06252	0.60074
214 T	0.33645	0.06278	0.60076
215 T	0.33543	0.06387	0.6007
216 T	0.32889	0.07065	0.60046
217 T	0.32158	0.07809	0.60033
218 C	0.30858	0.09029	0.60112
219 T	0.29739	0.10335	0.59926
220 A	0.27781	0.12424	0.59795
221 T	0.26519	0.13685	0.59796
222 T	0.24622	0.15585	0.59793
223 A	0.21431	0.18809	0.5976
224 G	0.19024	0.20309	0.60667
225 A	0.17413	0.21552	0.61036
226 A	0.16317	0.22256	0.61427
227 A	0.15319	0.23026	0.61656
228 A	0.14938	0.23204	0.61858
229 G	0.15095	0.22812	0.62093
230 T	0.15101	0.22777	0.62121
231 A	0.14974	0.22887	0.6214
232 T	0.14898	0.22995	0.62108
233 A	0.14669	0.23551	0.61781
234 T	0.13858	0.24544	0.61597
235 A	0.12051	0.26798	0.61151
236 A	0.10978	0.28027	0.60995
237 A	0.09793	0.29207	0.61001
238 A	0.08580	0.30470	0.6095
239 T	0.08190	0.30018	0.61792
240 A	0.07528	0.30037	0.62436
241 G	0.07234	0.29028	0.63739
242 A	0.07262	0.28607	0.64131
243 A	0.07296	0.27902	0.64802
244 T	0.07126	0.27216	0.65658
245 T	0.06305	0.28220	0.65476
246 A	0.05022	0.29497	0.65481
247 A	0.04462	0.28545	0.66992
248 A	0.04220	0.27658	0.68121
249 A	0.04156	0.26647	0.69197
250 A	0.04218	0.25509	0.70272
251 C	0.04414	0.24693	0.70893
252 T	0.04530	0.25310	0.7016
253 A	0.04540	0.27476	0.67984
254 A	0.04638	0.29183	0.6618
255 A	0.04743	0.30808	0.64449
256 A	0.04995	0.31879	0.63126
257 A	0.05225	0.30858	0.63917
258 T	0.05693	0.28746	0.65561
259 A	0.05715	0.27926	0.66359
260 A	0.05770	0.26796	0.67434
261 C	0.06031	0.25397	0.68572
262 G	0.06131	0.25398	0.68472
263 A	0.06435	0.25010	0.68555
264 G	0.07037	0.24391	0.68572
265 A	0.08414	0.23213	0.68373
266 T	0.10276	0.21524	0.68201
267 A	0.11091	0.20357	0.68552
268 T	0.12845	0.17569	0.69586
269 T	0.13781	0.15853	0.70365
270 T	0.13654	0.16495	0.69851
271 C	0.12969	0.18493	0.68538
272 A	0.12186	0.20194	0.67619
273 A	0.11648	0.21375	0.66977
274 A	0.10550	0.23055	0.66395
275 G	0.11090	0.22845	0.66065
276 C	0.12976	0.21379	0.65645
277 A	0.14447	0.21139	0.64415
278 A	0.16033	0.20571	0.63396
279 A	0.17380	0.19505	0.63115
280 A	0.18054	0.18909	0.63037
281 T	0.18720	0.18256	0.63023
282 T	0.19175	0.17547	0.63279
283 A	0.19309	0.17220	0.63471
284 T	0.19587	0.16743	0.6367
285 T	0.19746	0.16409	0.63845
286 C	0.18809	0.17263	0.63929
287 G	0.17376	0.18689	0.63935
288 A	0.15860	0.20221	0.63918
289 A	0.14649	0.21442	0.63909
290 A	0.13931	0.22133	0.63936
291 C	0.13552	0.22465	0.63982
292 A	0.13552	0.22407	0.64041
293 A	0.14363	0.21310	0.64328
294 T	0.15538	0.19421	0.6504
295 A	0.15760	0.18461	0.65779
296 G	0.15984	0.17617	0.664
297 C	0.16702	0.15509	0.67789
298 A	0.17147	0.14777	0.68075
299 T	0.17792	0.13772	0.68436
300 C	0.18311	0.12990	0.68699
301 T	0.18732	0.12549	0.68719
302 T	0.18051	0.13254	0.68695
303 C	0.16434	0.14916	0.6865
304 G	0.13784	0.17971	0.68244
305 A	0.10887	0.21349	0.67765
306 T	0.09150	0.23450	0.67401
307 G	0.06540	0.26238	0.67222
308 A	0.04981	0.28301	0.66718
309 A	0.03636	0.29118	0.67246
310 A	0.02932	0.28673	0.68395
311 A	0.02617	0.27705	0.69678
312 A	0.02435	0.26738	0.70826
313 A	0.02344	0.25997	0.7166
314 A	0.02314	0.25319	0.72367
315 T	0.02336	0.24588	0.73076
316 A	0.02265	0.24320	0.73416
317 G	0.02228	0.23929	0.73843
318 A	0.02201	0.23537	0.74262
319 G	0.02180	0.23109	0.74711
320 A	0.02160	0.22958	0.74882
321 T	0.02165	0.22634	0.75201
322 A	0.02145	0.22421	0.75434
323 A	0.02129	0.21865	0.76005
324 A	0.02169	0.21105	0.76727
325 G	0.02259	0.19771	0.7797
326 A	0.02447	0.17955	0.79598
327 A	0.02995	0.14566	0.82439
328 T	0.03661	0.10707	0.85633
329 T	0.04130	0.08443	0.87426
330 G	0.04307	0.06441	0.89253
331 A	0.04734	0.05279	0.89987
332 G	0.05155	0.03864	0.90981
333 T	0.05451	0.03190	0.91358
334 T	0.05658	0.03172	0.9117
335 T	0.05666	0.03771	0.90563
336 T	0.05527	0.05425	0.89049
337 G	0.05181	0.07387	0.87432
338 A	0.04913	0.08795	0.86292
339 A	0.04807	0.09539	0.85654
340 T	0.04830	0.09763	0.85407
341 T	0.04833	0.09998	0.85169
342 A	0.04803	0.10220	0.84977
343 T	0.04800	0.10209	0.84991
344 T	0.04699	0.10304	0.84997
345 A	0.04597	0.10404	0.84999
346 T	0.04517	0.10483	0.85
347 C	0.04269	0.10760	0.8497
348 A	0.04070	0.11002	0.84928
349 A	0.03984	0.11115	0.84901
350 G	0.03897	0.11213	0.8489
351 A	0.03851	0.11280	0.84869
352 G	0.03875	0.11271	0.84854
353 A	0.04056	0.11109	0.84835
354 T	0.04503	0.10694	0.84803
355 A	0.04686	0.10550	0.84764
356 A	0.05000	0.10244	0.84756
357 A	0.05662	0.09511	0.84826
358 A	0.06670	0.08375	0.84954
359 T	0.08612	0.06189	0.85199
360 T	0.10203	0.04274	0.85523
361 T	0.11103	0.03147	0.8575
362 T	0.11466	0.02666	0.85868
363 T	0.11508	0.02551	0.85941
364 T	0.11371	0.02603	0.86026
365 A	0.10945	0.02937	0.86117
366 T	0.10712	0.03050	0.86237
367 C	0.10518	0.03089	0.86393
368 A	0.10427	0.03134	0.86439
369 A	0.10369	0.03127	0.86504
370 T	0.10352	0.02974	0.86673
371 T	0.10248	0.02949	0.86803
372 T	0.10076	0.03066	0.86858
373 G	0.09939	0.03095	0.86966
374 A	0.09898	0.03074	0.87028
375 A	0.09891	0.03019	0.87089
376 A	0.09924	0.02931	0.87146
377 T	0.09992	0.02814	0.87195
378 A	0.10031	0.02736	0.87233
379 A	0.10079	0.02658	0.87262
380 A	0.10125	0.02578	0.87296
381 T	0.10207	0.02451	0.87343
382 T	0.10246	0.02365	0.87389
383 T	0.10266	0.02253	0.87481
384 T	0.10279	0.02139	0.87582
385 T	0.10286	0.01990	0.87723
386 T	0.10280	0.01873	0.87847
387 T	0.10272	0.01705	0.88023
388 A	0.10257	0.01414	0.88329
389 G	0.10255	0.01190	0.88555
390 T	0.10266	0.00988	0.88746
391 T	0.10282	0.00845	0.88874
392 G	0.10285	0.00734	0.88981
393 T	0.10300	0.00637	0.89063
394 T	0.10309	0.00520	0.89171
395 T	0.10311	0.00389	0.893
396 T	0.10308	0.00296	0.89396
397 T	0.10307	0.00263	0.8943
398 T	0.10300	0.00265	0.89435
399 A	0.10285	0.00302	0.89413
400 A	0.10278	0.00308	0.89414
401 G	0.10279	0.00295	0.89427
402 T	0.10279	0.00295	0.89426
403 T	0.10274	0.00306	0.8942
404 T	0.10264	0.00324	0.89412
405 A	0.10253	0.00350	0.89398
406 T	0.10249	0.00354	0.89397
407 T	0.10243	0.00359	0.89397
408 A	0.10238	0.00364	0.89398
409 T	0.10236	0.00360	0.89404
410 T	0.10231	0.00364	0.89405
411 G	0.10221	0.00373	0.89406
412 G	0.10216	0.00383	0.89402
413 A	0.10207	0.00399	0.89394
414 T	0.10208	0.00397	0.89395
415 T	0.10209	0.00391	0.894
416 T	0.10199	0.00398	0.89403
417 A	0.10179	0.00415	0.89407
418 T	0.10179	0.00405	0.89416
419 C	0.10173	0.00402	0.89425
420 A	0.10175	0.00406	0.89419
421 A	0.10190	0.00396	0.89414
422 T	0.10228	0.00352	0.8942
423 G	0.10234	0.00344	0.89422
424 T	0.10249	0.00329	0.89422
425 T	0.10259	0.00316	0.89425
426 T	0.10256	0.00311	0.89433
427 G	0.10243	0.00314	0.89443
428 T	0.10246	0.00302	0.89453
429 T	0.10230	0.00314	0.89456
430 C	0.10207	0.00332	0.89461
431 A	0.10197	0.00345	0.89459
432 A	0.10194	0.00350	0.89456
433 A	0.10201	0.00342	0.89457
434 T	0.10213	0.00322	0.89465
435 T	0.10221	0.00313	0.89465
436 T	0.10227	0.00293	0.89481
437 T	0.10226	0.00285	0.89489
438 A	0.10195	0.00309	0.89496
439 T	0.10167	0.00319	0.89514
440 C	0.10138	0.00328	0.89534
441 G	0.10112	0.00354	0.89534
442 A	0.10102	0.00363	0.89535
443 G	0.10106	0.00356	0.89537
444 T	0.10115	0.00348	0.89537
445 T	0.10116	0.00346	0.89537
446 T	0.10115	0.00341	0.89543
447 A	0.10110	0.00343	0.89547
448 A	0.10111	0.00334	0.89555
449 T	0.10113	0.00314	0.89574
450 T	0.10114	0.00290	0.89595
451 T	0.10116	0.00274	0.89609
452 T	0.10117	0.00257	0.89627
453 T	0.10114	0.00241	0.89645
454 A	0.10108	0.00237	0.89655
455 C	0.10108	0.00228	0.89665
456 T	0.10106	0.00228	0.89666
457 A	0.10090	0.00243	0.89666
458 T	0.10086	0.00245	0.8967
459 T	0.10076	0.00252	0.89671
460 T	0.10063	0.00264	0.89673
461 A	0.10053	0.00244	0.89702
462 T	0.10052	0.00217	0.89731
463 A	0.10048	0.00198	0.89754
464 T	0.10048	0.00181	0.89771
465 T	0.10041	0.00182	0.89777
466 T	0.10021	0.00204	0.89775
467 T	0.09992	0.00237	0.89771
468 T	0.09956	0.00279	0.89765
469 A	0.09910	0.00324	0.89766
470 T	0.09888	0.00343	0.89769
471 G	0.09747	0.00487	0.89766
472 T	0.09655	0.00590	0.89755
473 C	0.09545	0.00706	0.8975
474 T	0.09422	0.00843	0.89734
475 A	0.09229	0.01058	0.89713
476 T	0.09076	0.01222	0.89701
477 T	0.08995	0.01302	0.89704
478 A	0.08854	0.01445	0.89701
479 A	0.08770	0.01521	0.89709
480 A	0.08689	0.01580	0.89731
481 C	0.08611	0.01642	0.89747
482 G	0.08361	0.01886	0.89753
483 C	0.08206	0.02039	0.89756
484 G	0.07977	0.02275	0.89748
485 A	0.07928	0.02336	0.89736
486 A	0.07876	0.02399	0.89724
487 T	0.07870	0.02401	0.89728
488 C	0.07861	0.02403	0.89736
489 T	0.07855	0.02396	0.89749
490 G	0.07832	0.02412	0.89756
491 G	0.07823	0.02427	0.89749
492 A	0.07810	0.02502	0.89688
493 A	0.07775	0.02556	0.89669
494 A	0.07752	0.02479	0.8977
495 T	0.07746	0.02357	0.89898
496 T	0.07725	0.02246	0.90029
497 T	0.07680	0.02157	0.90163
498 A	0.07595	0.02085	0.9032
499 C	0.07560	0.01961	0.90478
500 A	0.07532	0.02046	0.90423
501 A	0.07477	0.02118	0.90405
502 A	0.07420	0.02219	0.90361
503 A	0.07392	0.02214	0.90394
504 A	0.07365	0.02205	0.9043
505 A	0.07345	0.01979	0.90676
506 A	0.07338	0.01810	0.90852
507 C	0.07341	0.01546	0.91114
508 A	0.07350	0.01492	0.91159
509 C	0.07340	0.01440	0.9122
510 C	0.07342	0.01460	0.91198
511 T	0.07368	0.01541	0.9109
512 T	0.07371	0.01738	0.90891
513 A	0.07366	0.02017	0.90617
514 G	0.07382	0.02034	0.90584
515 T	0.07449	0.01984	0.90567
516 A	0.07468	0.01941	0.90591
517 T	0.07519	0.01821	0.9066
518 C	0.07498	0.01759	0.90743
519 T	0.07458	0.01777	0.90764
520 T	0.07411	0.01816	0.90773
521 C	0.07275	0.01943	0.90781
522 G	0.07185	0.02032	0.90782
523 A	0.07177	0.02041	0.90783
524 A	0.07197	0.01978	0.90824
525 A	0.07212	0.01922	0.90866
526 C	0.07199	0.01922	0.9088
527 A	0.07152	0.02015	0.90832
528 A	0.07135	0.02093	0.90771
529 A	0.07016	0.02217	0.90767
530 A	0.06961	0.02272	0.90767
531 A	0.06966	0.02258	0.90776
532 T	0.07016	0.02134	0.9085
533 C	0.07040	0.02061	0.90899
534 A	0.07132	0.01960	0.90908
535 C	0.07344	0.01729	0.90927
536 T	0.07633	0.01436	0.90931
537 T	0.07669	0.01404	0.90927
538 T	0.07687	0.01385	0.90928
539 T	0.07703	0.01358	0.90939
540 T	0.07661	0.01392	0.90947
541 A	0.07579	0.01412	0.91009
542 C	0.07565	0.01330	0.91105
543 T	0.07567	0.01278	0.91155
544 T	0.07539	0.01216	0.91244
545 T	0.07430	0.01276	0.91294
546 C	0.07224	0.01464	0.91313
547 A	0.06718	0.01987	0.91294
548 A	0.06498	0.02183	0.9132
549 A	0.06415	0.02229	0.91356
550 G	0.06427	0.02142	0.91432
551 A	0.06472	0.02076	0.91452
552 T	0.06470	0.01921	0.9161
553 G	0.06413	0.01881	0.91707
554 T	0.06371	0.01870	0.91759
555 T	0.06287	0.01920	0.91793
556 G	0.06080	0.02102	0.91818
557 C	0.05959	0.02215	0.91827
558 T	0.05860	0.02350	0.91791
559 G	0.05588	0.02683	0.91729
560 G	0.05360	0.02926	0.91713
561 T	0.05009	0.03321	0.9167
562 A	0.04360	0.04003	0.91637
563 A	0.04000	0.04342	0.91657
564 C	0.03553	0.04698	0.91748
565 G	0.03106	0.05179	0.91716
566 A	0.02701	0.05705	0.91595
567 A	0.02365	0.06160	0.91475
568 G	0.02042	0.06604	0.91353
569 A	0.01762	0.07121	0.91117
570 A	0.01551	0.07048	0.914
571 G	0.01382	0.07139	0.91478
572 A	0.01240	0.07442	0.91318
573 A	0.01119	0.07827	0.91054
574 A	0.01043	0.08037	0.9092
575 A	0.00993	0.08123	0.90885
576 A	0.00944	0.08139	0.90918
577 G	0.00904	0.08160	0.90937
578 A	0.00881	0.08122	0.90997
579 A	0.00869	0.07972	0.91159
580 G	0.00869	0.07833	0.91298
581 A	0.00899	0.07692	0.9141
582 A	0.00950	0.07367	0.91683
583 A	0.00976	0.07060	0.91964
584 T	0.01029	0.06563	0.92408
585 G	0.01059	0.05967	0.92974
586 A	0.01099	0.05630	0.93271
587 A	0.01131	0.05220	0.93649
588 A	0.01192	0.04769	0.94038
589 G	0.01311	0.04237	0.94453
590 A	0.01477	0.03799	0.94724
591 A	0.01740	0.03250	0.9501
592 T	0.02176	0.02530	0.95294
593 T	0.02404	0.02108	0.95488
594 A	0.02558	0.01850	0.95591
595 A	0.02783	0.01520	0.95697
596 T	0.03043	0.01181	0.95775
597 T	0.03138	0.01109	0.95753
598 G	0.03153	0.01323	0.95524
599 A	0.03142	0.01415	0.95443
600 T	0.03193	0.01363	0.95445
601 T	0.03138	0.01466	0.95395
602 T	0.02960	0.01680	0.9536
603 C	0.02601	0.02088	0.95311
604 T	0.02309	0.02500	0.9519
605 T	0.02011	0.02888	0.95101
606 A	0.01462	0.03546	0.94992
607 A	0.01236	0.03832	0.94932
608 A	0.01131	0.03968	0.94901
609 A	0.01090	0.04001	0.9491
610 A	0.01088	0.03984	0.94928
611 A	0.01117	0.03936	0.94946
612 A	0.01147	0.03894	0.94958
613 C	0.01202	0.03822	0.94976
614 C	0.01253	0.03767	0.9498
615 T	0.01297	0.03725	0.94978
616 C	0.01309	0.03715	0.94975
617 G	0.01333	0.03697	0.9497
618 A	0.01370	0.03664	0.94966
619 A	0.01430	0.03606	0.94964
620 A	0.01539	0.03483	0.94978
621 A	0.01816	0.03179	0.95005
622 T	0.01992	0.02867	0.95141
623 A	0.02057	0.02677	0.95265
624 T	0.02192	0.02350	0.95458
625 G	0.02252	0.02014	0.95734
626 T	0.02325	0.01547	0.96129
627 T	0.02385	0.01188	0.96427
628 A	0.02413	0.00878	0.9671
629 C	0.02445	0.00398	0.97157
630 C	0.02395	0.00341	0.97264
631 A	0.02323	0.00408	0.9727
632 T	0.02236	0.00487	0.97277
633 C	0.02063	0.00663	0.97274
634 G	0.01979	0.00751	0.9727
635 G	0.01943	0.00788	0.9727
636 A	0.01927	0.00799	0.97273
637 G	0.01925	0.00794	0.97281
638 C	0.01933	0.00783	0.97285
639 T	0.01944	0.00761	0.97295
640 T	0.01950	0.00747	0.97303
641 C	0.01948	0.00745	0.97307
642 T	0.01949	0.00743	0.97308
643 A	0.01947	0.00744	0.97309
644 T	0.01947	0.00741	0.97313
645 T	0.01945	0.00741	0.97315
646 C	0.01938	0.00745	0.97317
647 C	0.01935	0.00744	0.97321
648 T	0.01933	0.00745	0.97322
649 A	0.01929	0.00749	0.97322
650 A	0.01928	0.00746	0.97327
651 A	0.01930	0.00737	0.97333
652 G	0.01932	0.00709	0.97359
653 G	0.01940	0.00561	0.97499
654 T	0.01965	0.00404	0.9763
655 G	0.01972	0.00291	0.97737
656 T	0.01980	0.00161	0.97858
657 T	0.01982	0.00112	0.97906
658 T	0.01983	0.00096	0.97921
659 T	0.01980	0.00099	0.9792
660 A	0.01971	0.00133	0.97896
661 T	0.01967	0.00165	0.97868
662 T	0.01952	0.00263	0.97785
663 A	0.01788	0.00552	0.9766
664 G	0.01561	0.00881	0.97558
665 A	0.01376	0.01102	0.97522
666 A	0.01188	0.01291	0.97521
667 G	0.01145	0.01331	0.97524
668 G	0.01129	0.01343	0.97529
669 C	0.01122	0.01341	0.97537
670 C	0.01119	0.01342	0.97539
671 C	0.01115	0.01346	0.9754
672 T	0.01106	0.01354	0.9754
673 C	0.01090	0.01370	0.9754
674 C	0.01070	0.01391	0.9754
675 G	0.01047	0.01414	0.97539
676 G	0.01040	0.01421	0.97539
677 G	0.01036	0.01425	0.97539
678 A	0.01033	0.01429	0.97538
679 A	0.01031	0.01431	0.97538
680 C	0.01034	0.01422	0.97544
681 A	0.01026	0.01429	0.97544
682 G	0.01038	0.01413	0.97549
683 G	0.01067	0.01376	0.97557
684 A	0.01101	0.01338	0.97561
685 A	0.01179	0.01247	0.97574
686 A	0.01294	0.00965	0.97741
687 A	0.01390	0.00650	0.97961
688 A	0.01427	0.00419	0.98154
689 C	0.01437	0.00223	0.9834
690 T	0.01442	0.00186	0.98371
691 T	0.01443	0.00176	0.98382
692 T	0.01440	0.00177	0.98383
693 A	0.01419	0.00199	0.98381
694 T	0.01402	0.00212	0.98386
695 T	0.01362	0.00236	0.98402
696 A	0.01291	0.00291	0.98419
697 G	0.01258	0.00303	0.9844
698 C	0.01226	0.00321	0.98454
699 G	0.01196	0.00363	0.98441
700 A	0.01182	0.00387	0.98431
701 A	0.01178	0.00395	0.98428
702 A	0.01171	0.00403	0.98426
703 G	0.01170	0.00402	0.98428
704 C	0.01172	0.00381	0.98446
705 T	0.01173	0.00379	0.98448
706 T	0.01174	0.00377	0.98449
707 T	0.01173	0.00376	0.9845
708 A	0.01172	0.00377	0.98451
709 G	0.01172	0.00377	0.98452
710 C	0.01171	0.00373	0.98456
711 T	0.01168	0.00375	0.98457
712 G	0.01160	0.00382	0.98457
713 G	0.01159	0.00384	0.98457
714 A	0.01158	0.00385	0.98457
715 G	0.01160	0.00380	0.9846
716 A	0.01164	0.00347	0.98489
717 A	0.01165	0.00313	0.98523
718 G	0.01167	0.00255	0.98578
719 C	0.01170	0.00185	0.98644
720 A	0.01173	0.00166	0.98661
721 A	0.01181	0.00140	0.9868
722 A	0.01197	0.00103	0.98699
723 T	0.01212	0.00076	0.98712
724 G	0.01218	0.00066	0.98717
725 T	0.01224	0.00049	0.98727
726 G	0.01226	0.00043	0.98731
727 C	0.01227	0.00038	0.98735
728 C	0.01231	0.00034	0.98735
729 T	0.01233	0.00031	0.98736
730 T	0.01234	0.00030	0.98736
731 T	0.01235	0.00029	0.98736
732 T	0.01234	0.00029	0.98737
733 T	0.01233	0.00030	0.98738
734 A	0.01230	0.00028	0.98741
735 C	0.01227	0.00022	0.9875
736 G	0.01228	0.00020	0.98753
737 C	0.01229	0.00017	0.98754
738 T	0.01229	0.00017	0.98754
739 G	0.01229	0.00017	0.98754
740 T	0.01229	0.00017	0.98754
741 T	0.01226	0.00020	0.98754
742 T	0.01220	0.00027	0.98754
743 C	0.01212	0.00034	0.98754
744 T	0.01209	0.00038	0.98753
745 G	0.01201	0.00046	0.98753
746 G	0.01196	0.00051	0.98753
747 T	0.01191	0.00056	0.98753
748 T	0.01182	0.00066	0.98753
749 C	0.01167	0.00081	0.98753
750 G	0.01157	0.00091	0.98752
751 G	0.01153	0.00094	0.98752
752 A	0.01152	0.00096	0.98752
753 A	0.01152	0.00096	0.98752
754 T	0.01152	0.00096	0.98752
755 T	0.01152	0.00095	0.98753
756 T	0.01151	0.00094	0.98756
757 A	0.01147	0.00094	0.98759
758 C	0.01146	0.00093	0.98762
759 G	0.01144	0.00095	0.9876
760 A	0.01144	0.00096	0.9876
761 A	0.01144	0.00096	0.9876
762 T	0.01145	0.00095	0.9876
763 A	0.01145	0.00094	0.98761
764 T	0.01145	0.00089	0.98765
765 G	0.01145	0.00082	0.98773
766 T	0.01146	0.00074	0.98781
767 A	0.01146	0.00069	0.98785
768 T	0.01146	0.00060	0.98794
769 T	0.01146	0.00055	0.988
770 T	0.01144	0.00051	0.98805
771 T	0.01137	0.00051	0.98812
772 G	0.01123	0.00055	0.98822
773 G	0.01112	0.00062	0.98826
774 T	0.01102	0.00076	0.98822
775 G	0.01080	0.00109	0.98811
776 T	0.01051	0.00154	0.98795
777 A	0.01005	0.00211	0.98784
778 G	0.00979	0.00237	0.98784
779 G	0.00965	0.00251	0.98783
780 A	0.00960	0.00255	0.98785
781 G	0.00959	0.00255	0.98786
782 C	0.00959	0.00253	0.98787
783 T	0.00960	0.00252	0.98788
784 T	0.00959	0.00253	0.98788
785 C	0.00958	0.00255	0.98788
786 A	0.00956	0.00258	0.98786
787 C	0.00954	0.00261	0.98785
788 G	0.00946	0.00273	0.98781
789 A	0.00937	0.00290	0.98773
790 G	0.00930	0.00300	0.9877
791 T	0.00925	0.00306	0.98769
792 T	0.00906	0.00328	0.98766
793 A	0.00870	0.00367	0.98764
794 A	0.00847	0.00386	0.98766
795 A	0.00838	0.00387	0.98775
796 A	0.00834	0.00388	0.98777
797 A	0.00839	0.00381	0.98781
798 A	0.00851	0.00361	0.98789
799 T	0.00866	0.00332	0.98802
800 T	0.00872	0.00291	0.98837
801 A	0.00868	0.00276	0.98856
802 T	0.00865	0.00268	0.98867
803 T	0.00859	0.00271	0.98869
804 C	0.00851	0.00280	0.98869
805 C	0.00845	0.00296	0.98859
806 A	0.00841	0.00320	0.98839
807 A	0.00837	0.00336	0.98828
808 G	0.00835	0.00352	0.98814
809 A	0.00833	0.00369	0.98797
810 A	0.00826	0.00388	0.98786
811 A	0.00827	0.00382	0.98791
812 T	0.00833	0.00364	0.98803
813 T	0.00832	0.00355	0.98812
814 A	0.00828	0.00355	0.98818
815 G	0.00823	0.00341	0.98836
816 A	0.00823	0.00314	0.98863
817 A	0.00825	0.00294	0.9888
818 A	0.00830	0.00280	0.9889
819 C	0.00841	0.00261	0.98897
820 A	0.00853	0.00248	0.989
821 A	0.00867	0.00231	0.98901
822 T	0.00884	0.00212	0.98905
823 G	0.00886	0.00206	0.98909
824 C	0.00889	0.00197	0.98915
825 T	0.00895	0.00184	0.98922
826 C	0.00899	0.00171	0.9893
827 C	0.00905	0.00160	0.98935
828 T	0.00922	0.00142	0.98936
829 T	0.00939	0.00125	0.98937
830 G	0.00945	0.00116	0.98939
831 T	0.00957	0.00103	0.98939
832 G	0.00968	0.00090	0.98941
833 T	0.00981	0.00067	0.98951
834 T	0.00986	0.00057	0.98956
835 T	0.00989	0.00053	0.98958
836 T	0.00989	0.00053	0.98958
837 A	0.00988	0.00053	0.98959
838 T	0.00987	0.00051	0.98962
839 T	0.00985	0.00052	0.98963
840 T	0.00976	0.00063	0.98961
841 A	0.00958	0.00085	0.98957
842 T	0.00951	0.00093	0.98955
843 T	0.00930	0.00117	0.98954
844 G	0.00879	0.00171	0.9895
845 A	0.00836	0.00218	0.98945
846 T	0.00807	0.00250	0.98943
847 G	0.00748	0.00317	0.98936
848 A	0.00692	0.00381	0.98928
849 A	0.00648	0.00432	0.98921
850 A	0.00625	0.00461	0.98914
851 T	0.00612	0.00478	0.9891
852 A	0.00588	0.00509	0.98902
853 G	0.00578	0.00519	0.98903
854 A	0.00572	0.00526	0.98902
855 T	0.00571	0.00525	0.98903
856 A	0.00570	0.00526	0.98904
857 C	0.00571	0.00523	0.98907
858 A	0.00571	0.00524	0.98905
859 T	0.00575	0.00518	0.98907
860 T	0.00575	0.00517	0.98908
861 G	0.00559	0.00533	0.98909
862 G	0.00556	0.00538	0.98906
863 G	0.00555	0.00531	0.98913
864 T	0.00553	0.00526	0.98921
865 A	0.00534	0.00555	0.9891
866 A	0.00525	0.00555	0.9892
867 A	0.00501	0.00545	0.98954
868 A	0.00477	0.00540	0.98983
869 A	0.00462	0.00530	0.99008
870 A	0.00457	0.00481	0.99061
871 A	0.00455	0.00438	0.99107
872 G	0.00454	0.00397	0.99149
873 A	0.00456	0.00380	0.99164
874 G	0.00458	0.00363	0.99179
875 G	0.00463	0.00342	0.99196
876 A	0.00461	0.00341	0.99198
877 T	0.00462	0.00340	0.99198
878 C	0.00460	0.00342	0.99197
879 G	0.00458	0.00365	0.99177
880 A	0.00458	0.00370	0.99172
881 T	0.00459	0.00368	0.99172
882 A	0.00459	0.00371	0.9917
883 G	0.00460	0.00369	0.99171
884 C	0.00464	0.00347	0.9919
885 A	0.00468	0.00344	0.99188
886 A	0.00473	0.00341	0.99185
887 A	0.00486	0.00326	0.99188
888 T	0.00505	0.00292	0.99203
889 G	0.00512	0.00286	0.99202
890 A	0.00520	0.00260	0.9922
891 T	0.00531	0.00228	0.9924
892 G	0.00535	0.00213	0.99252
893 A	0.00538	0.00210	0.99253
894 T	0.00545	0.00200	0.99255
895 G	0.00547	0.00195	0.99258
896 G	0.00553	0.00189	0.99259
897 A	0.00555	0.00190	0.99256
898 A	0.00560	0.00182	0.99258
899 G	0.00568	0.00169	0.99262
900 T	0.00579	0.00157	0.99264
901 A	0.00585	0.00150	0.99265
902 C	0.00602	0.00131	0.99267
903 T	0.00605	0.00136	0.9926
904 A	0.00602	0.00147	0.99251
905 T	0.00603	0.00147	0.99251
906 T	0.00599	0.00150	0.99251
907 A	0.00588	0.00161	0.9925
908 A	0.00584	0.00165	0.99251
909 C	0.00589	0.00158	0.99253
910 C	0.00591	0.00155	0.99253
911 A	0.00595	0.00152	0.99253
912 A	0.00609	0.00138	0.99253
913 C	0.00625	0.00122	0.99253
914 T	0.00637	0.00110	0.99253
915 T	0.00645	0.00101	0.99254
916 C	0.00652	0.00093	0.99255
917 T	0.00658	0.00087	0.99255
918 T	0.00660	0.00084	0.99256
919 A	0.00661	0.00081	0.99258
920 C	0.00663	0.00077	0.99259
921 T	0.00664	0.00076	0.99259
922 G	0.00664	0.00075	0.9926
923 A	0.00665	0.00075	0.99261
924 A	0.00666	0.00073	0.99262
925 A	0.00667	0.00070	0.99262
926 T	0.00675	0.00055	0.9927
927 G	0.00680	0.00043	0.99278
928 G	0.00681	0.00039	0.9928
929 A	0.00681	0.00039	0.9928
930 T	0.00682	0.00033	0.99285
931 G	0.00682	0.00031	0.99287
932 G	0.00682	0.00030	0.99289
933 T	0.00682	0.00029	0.99289
934 T	0.00682	0.00028	0.99291
935 T	0.00681	0.00029	0.99291
936 C	0.00680	0.00029	0.99291
937 T	0.00680	0.00030	0.99291
938 C	0.00678	0.00031	0.99291
939 T	0.00678	0.00032	0.9929
940 T	0.00677	0.00033	0.9929
941 C	0.00676	0.00034	0.9929
942 G	0.00675	0.00034	0.9929
943 T	0.00674	0.00035	0.9929
944 C	0.00673	0.00036	0.9929
945 T	0.00672	0.00038	0.9929
946 A	0.00671	0.00040	0.99288
947 A	0.00671	0.00041	0.99288
948 A	0.00671	0.00041	0.99288
949 G	0.00671	0.00041	0.99289
950 G	0.00672	0.00038	0.9929
951 A	0.00675	0.00035	0.99291
952 A	0.00679	0.00031	0.9929
953 T	0.00684	0.00025	0.99291
954 T	0.00688	0.00021	0.9929
955 A	0.00688	0.00023	0.99289
956 T	0.00688	0.00024	0.99288
957 T	0.00687	0.00028	0.99285
958 A	0.00687	0.00035	0.99278
959 T	0.00687	0.00037	0.99276
960 T	0.00687	0.00040	0.99273
961 G	0.00685	0.00046	0.99268
962 T	0.00684	0.00050	0.99265
963 T	0.00675	0.00065	0.99261
964 G	0.00663	0.00077	0.9926
965 G	0.00658	0.00082	0.9926
966 A	0.00655	0.00085	0.9926
967 G	0.00654	0.00085	0.99261
968 C	0.00655	0.00083	0.99262
969 T	0.00656	0.00082	0.99262
970 A	0.00655	0.00084	0.99261
971 C	0.00655	0.00084	0.99261
972 T	0.00655	0.00088	0.99258
973 A	0.00654	0.00092	0.99254
974 A	0.00654	0.00096	0.9925
975 T	0.00655	0.00098	0.99248
976 A	0.00655	0.00098	0.99246
977 G	0.00656	0.00098	0.99247
978 A	0.00657	0.00096	0.99247
979 G	0.00660	0.00093	0.99247
980 C	0.00665	0.00087	0.99248
981 T	0.00673	0.00079	0.99248
982 G	0.00676	0.00076	0.99248
983 A	0.00680	0.00072	0.99248
984 T	0.00686	0.00066	0.99248
985 A	0.00688	0.00063	0.99249
986 T	0.00693	0.00048	0.99259
987 T	0.00693	0.00038	0.99268
988 T	0.00694	0.00035	0.99271
989 T	0.00693	0.00037	0.9927
990 A	0.00692	0.00042	0.99266
991 G	0.00691	0.00044	0.99265
992 A	0.00690	0.00046	0.99263
993 T	0.00686	0.00052	0.99263
994 G	0.00678	0.00059	0.99263
995 C	0.00675	0.00063	0.99262
996 A	0.00675	0.00066	0.9926
997 G	0.00677	0.00065	0.99258
998 C	0.00679	0.00064	0.99257
999 T	0.00680	0.00066	0.99255
1000 T	0.00680	0.00073	0.99247
1001 T	0.00679	0.00079	0.99242
1002 A	0.00676	0.00091	0.99232
1003 T	0.00674	0.00104	0.99222
1004 T	0.00669	0.00122	0.99209
1005 A	0.00653	0.00142	0.99205
1006 A	0.00645	0.00150	0.99205
1007 G	0.00642	0.00153	0.99204
1008 A	0.00640	0.00155	0.99204
1009 C	0.00639	0.00156	0.99206
1010 C	0.00639	0.00156	0.99205
1011 A	0.00639	0.00159	0.99203
1012 G	0.00636	0.00164	0.992
1013 G	0.00635	0.00170	0.99194
1014 A	0.00635	0.00183	0.99182
1015 A	0.00637	0.00186	0.99177
1016 G	0.00639	0.00181	0.9918
1017 A	0.00640	0.00178	0.99182
1018 T	0.00643	0.00175	0.99182
1019 T	0.00646	0.00173	0.99181
1020 T	0.00647	0.00177	0.99176
1021 G	0.00647	0.00184	0.99169
1022 A	0.00649	0.00189	0.99162
1023 T	0.00654	0.00187	0.99159
1024 A	0.00658	0.00187	0.99155
1025 G	0.00665	0.00177	0.99158
1026 A	0.00675	0.00167	0.99158
1027 A	0.00687	0.00152	0.99161
1028 T	0.00692	0.00133	0.99175
1029 C	0.00691	0.00127	0.99181
1030 T	0.00691	0.00130	0.99179
1031 T	0.00689	0.00134	0.99178
1032 A	0.00679	0.00147	0.99174
1033 A	0.00670	0.00157	0.99173
1034 A	0.00666	0.00161	0.99173
1035 A	0.00666	0.00156	0.99179
1036 G	0.00668	0.00150	0.99182
1037 T	0.00680	0.00141	0.99179
1038 A	0.00681	0.00144	0.99174
1039 G	0.00685	0.00147	0.99168
1040 G	0.00692	0.00146	0.99162
1041 T	0.00702	0.00138	0.99161
1042 T	0.00707	0.00133	0.9916
1043 T	0.00706	0.00135	0.9916
1044 A	0.00704	0.00138	0.99159
1045 C	0.00707	0.00136	0.99158
1046 C	0.00707	0.00138	0.99156
1047 A	0.00708	0.00150	0.99142
1048 G	0.00708	0.00156	0.99136
1049 A	0.00711	0.00157	0.99132
1050 T	0.00715	0.00155	0.99129
1051 G	0.00716	0.00156	0.99128
1052 T	0.00717	0.00154	0.99129
1053 T	0.00716	0.00156	0.99129
1054 A	0.00709	0.00165	0.99125
1055 A	0.00703	0.00169	0.99128
1056 A	0.00696	0.00170	0.99134
1057 G	0.00693	0.00167	0.9914
1058 G	0.00693	0.00164	0.99143
1059 A	0.00694	0.00160	0.99146
1060 C	0.00698	0.00152	0.9915
1061 G	0.00703	0.00146	0.99152
1062 T	0.00711	0.00140	0.9915
1063 G	0.00716	0.00135	0.99149
1064 A	0.00718	0.00133	0.99149
1065 G	0.00720	0.00131	0.99149
1066 G	0.00722	0.00120	0.99157
1067 C	0.00727	0.00111	0.99162
1068 T	0.00734	0.00108	0.99158
1069 A	0.00737	0.00114	0.99149
1070 T	0.00749	0.00105	0.99145
1071 T	0.00754	0.00111	0.99136
1072 T	0.00755	0.00132	0.99113
1073 T	0.00753	0.00177	0.99071
1074 A	0.00742	0.00248	0.9901
1075 A	0.00737	0.00353	0.98911
1076 A	0.00735	0.00382	0.98883
1077 A	0.00735	0.00380	0.98885
1078 G	0.00739	0.00372	0.98889
1079 T	0.00741	0.00363	0.98895
1080 T	0.00741	0.00363	0.98896
1081 C	0.00740	0.00363	0.98898
1082 A	0.00739	0.00367	0.98893
1083 T	0.00740	0.00367	0.98893
1084 G	0.00741	0.00366	0.98893
1085 C	0.00742	0.00366	0.98892
1086 T	0.00743	0.00372	0.98884
1087 C	0.00743	0.00383	0.98874
1088 G	0.00743	0.00405	0.98851
1089 T	0.00743	0.00446	0.98811
1090 A	0.00741	0.00500	0.98759
1091 A	0.00744	0.00520	0.98736
1092 T	0.00755	0.00535	0.9871
1093 A	0.00757	0.00622	0.98621
1094 A	0.00768	0.00646	0.98585
1095 A	0.00791	0.00636	0.98573
1096 A	0.00835	0.00601	0.98564
1097 A	0.00894	0.00538	0.98568
1098 T	0.00997	0.00433	0.9857
1099 A	0.01023	0.00405	0.98573
1100 T	0.01030	0.00392	0.98577
1101 T	0.01034	0.00386	0.98579
1102 T	0.01036	0.00384	0.98581
1103 C	0.01036	0.00382	0.98582
1104 A	0.01037	0.00381	0.98582
1105 T	0.01041	0.00377	0.98582
1106 C	0.01041	0.00377	0.98582
1107 T	0.01043	0.00377	0.9858
1108 G	0.01048	0.00374	0.98578
1109 A	0.01063	0.00363	0.98573
1110 T	0.01084	0.00346	0.98569
1111 A	0.01106	0.00335	0.98559
1112 T	0.01148	0.00298	0.98554
1113 T	0.01196	0.00257	0.98547
1114 A	0.01211	0.00259	0.9853
1115 A	0.01231	0.00255	0.98515
1116 T	0.01326	0.00159	0.98515
1117 T	0.01359	0.00130	0.98511
1118 T	0.01366	0.00126	0.98508
1119 T	0.01369	0.00124	0.98508
1120 C	0.01366	0.00127	0.98507
1121 A	0.01364	0.00133	0.98503
1122 T	0.01361	0.00139	0.98501
1123 C	0.01354	0.00151	0.98495
1124 A	0.01333	0.00198	0.9847
1125 A	0.01256	0.00304	0.9844
1126 T	0.01218	0.00343	0.98438
1127 T	0.01152	0.00413	0.98435
1128 A	0.00919	0.00651	0.9843
1129 G	0.00837	0.00736	0.98426
1130 C	0.00797	0.00780	0.98423
1131 G	0.00760	0.00824	0.98416
1132 A	0.00742	0.00854	0.98405
1133 A	0.00734	0.00870	0.98395
1134 A	0.00737	0.00877	0.98386
1135 C	0.00743	0.00874	0.98384
1136 A	0.00750	0.00869	0.98381
1137 A	0.00766	0.00853	0.98381
1138 A	0.00781	0.00837	0.98382
1139 C	0.00786	0.00830	0.98384
1140 T	0.00791	0.00825	0.98385
1141 C	0.00793	0.00817	0.9839
1142 C	0.00787	0.00822	0.9839
1143 A	0.00781	0.00832	0.98386
1144 G	0.00778	0.00840	0.98382
1145 G	0.00777	0.00850	0.98373
1146 A	0.00780	0.00877	0.98343
1147 A	0.00801	0.00863	0.98336
1148 T	0.00828	0.00732	0.9844
1149 G	0.00829	0.00683	0.98488
1150 A	0.00832	0.00629	0.98539
1151 G	0.00837	0.00425	0.98737
1152 T	0.00841	0.00371	0.98788
1153 G	0.00842	0.00340	0.98818
1154 G	0.00846	0.00312	0.98843
1155 A	0.00855	0.00288	0.98857
1156 G	0.00862	0.00270	0.98869
1157 C	0.00869	0.00257	0.98874
1158 T	0.00871	0.00267	0.98862
1159 C	0.00869	0.00311	0.9882
1160 A	0.00864	0.00572	0.98565
1161 A	0.00862	0.00703	0.98436
1162 T	0.00861	0.00864	0.98274
1163 T	0.00861	0.01043	0.98096
1164 A	0.00859	0.01149	0.97992
1165 G	0.00860	0.01172	0.97968
1166 A	0.00865	0.01173	0.97962
1167 A	0.00870	0.01168	0.97961
1168 G	0.00883	0.01154	0.97963
1169 C	0.00922	0.01114	0.97964
1170 T	0.00959	0.01085	0.97956
1171 G	0.00969	0.01079	0.97951
1172 T	0.00990	0.01062	0.97948
1173 T	0.01006	0.01053	0.97941
1174 T	0.01017	0.01050	0.97932
1175 T	0.01024	0.01057	0.97919
1176 A	0.01021	0.01086	0.97893
1177 A	0.01022	0.01092	0.97885
1178 A	0.01023	0.01100	0.97876
1179 T	0.01024	0.01108	0.97868
1180 G	0.01022	0.01110	0.97867
1181 A	0.01037	0.01095	0.97867
1182 A	0.01101	0.01029	0.9787
1183 G	0.01352	0.00772	0.97877
1184 C	0.01488	0.00632	0.97879
1185 C	0.01655	0.00466	0.9788
1186 T	0.01826	0.00298	0.97876
1187 C	0.01894	0.00234	0.97872
1188 T	0.01928	0.00222	0.97851
1189 A	0.01933	0.00265	0.97802
1190 T	0.01932	0.00320	0.97748
1191 T	0.01911	0.00412	0.97678
1192 T	0.01831	0.00531	0.97639
1193 T	0.01701	0.00747	0.97552
1194 A	0.01276	0.01279	0.97445
1195 A	0.01024	0.01572	0.97404
1196 C	0.00846	0.01784	0.97369
1197 A	0.00624	0.02161	0.97214
1198 G	0.00530	0.02352	0.97117
1199 T	0.00522	0.02442	0.97036
1200 A	0.00456	0.02610	0.96934
1201 A	0.00434	0.02689	0.96877
1202 G	0.00425	0.02729	0.96846
1203 A	0.00416	0.02744	0.9684
1204 A	0.00413	0.02747	0.9684
1205 A	0.00411	0.02747	0.96842
1206 T	0.00409	0.02750	0.96841
1207 C	0.00398	0.02767	0.96834
1208 A	0.00385	0.02810	0.96805
1209 A	0.00377	0.02849	0.96774
1210 A	0.00368	0.02885	0.96747
1211 A	0.00370	0.02904	0.96726
1212 A	0.00412	0.02875	0.96714
1213 G	0.00463	0.02788	0.96749
1214 A	0.00522	0.02673	0.96805
1215 A	0.00578	0.02481	0.96941
1216 A	0.00702	0.02210	0.97088
1217 T	0.00878	0.01663	0.9746
1218 G	0.00911	0.01460	0.97629
1219 A	0.00937	0.01286	0.97776
1220 T	0.01036	0.01009	0.97955
1221 T	0.01075	0.00971	0.97955
1222 A	0.01080	0.01045	0.97875
1223 C	0.01097	0.01044	0.97859
1224 A	0.01061	0.01347	0.97592
1225 A	0.01046	0.01506	0.97448
1226 T	0.01023	0.01653	0.97324
1227 G	0.00871	0.01926	0.97203
1228 G	0.00643	0.02344	0.97012
1229 A	0.00527	0.02633	0.96841
1230 A	0.00510	0.02665	0.96826
1231 G	0.00514	0.02699	0.96786
1232 A	0.00530	0.02693	0.96776
1233 A	0.00553	0.02666	0.96781
1234 C	0.00573	0.02639	0.96788
1235 T	0.00585	0.02650	0.96764
1236 A	0.00581	0.02673	0.96747
1237 G	0.00581	0.02679	0.9674
1238 A	0.00581	0.02686	0.96733
1239 A	0.00587	0.02686	0.96727
1240 G	0.00600	0.02662	0.96738
1241 A	0.00644	0.02592	0.96763
1242 A	0.00676	0.02524	0.96801
1243 G	0.00743	0.02414	0.96843
1244 C	0.00867	0.02229	0.96904
1245 G	0.01002	0.02062	0.96937
1246 A	0.01110	0.01910	0.96981
1247 T	0.01427	0.01533	0.9704
1248 T	0.01587	0.01344	0.97069
1249 G	0.01683	0.01224	0.97093
1250 A	0.01770	0.00981	0.9725
1251 T	0.01947	0.00553	0.975
1252 C	0.02062	0.00326	0.97612
1253 G	0.02078	0.00308	0.97613
1254 T	0.02116	0.00294	0.9759
1255 G	0.02071	0.00416	0.97514
1256 T	0.02042	0.00620	0.97339
1257 G	0.01958	0.00801	0.97241
1258 T	0.01944	0.00940	0.97116
1259 T	0.01850	0.01265	0.96885
1260 A	0.01688	0.01779	0.96532
1261 A	0.01631	0.01960	0.96409
1262 T	0.01599	0.02035	0.96366
1263 G	0.01390	0.02257	0.96353
1264 G	0.01266	0.02385	0.96348
1265 G	0.01175	0.02483	0.96341
1266 A	0.01082	0.02581	0.96337
1267 C	0.01003	0.02660	0.96337
1268 C	0.00975	0.02689	0.96336
1269 A	0.00950	0.02719	0.96331
1270 G	0.00945	0.02728	0.96327
1271 C	0.00941	0.02735	0.96323
1272 T	0.00940	0.02748	0.96312
1273 A	0.00936	0.02774	0.9629
1274 A	0.00934	0.02794	0.96272
1275 A	0.00935	0.02810	0.96255
1276 A	0.00946	0.02791	0.96263
1277 A	0.00980	0.02708	0.96312
1278 A	0.01088	0.02508	0.96405
1279 T	0.01345	0.02185	0.96471
1280 C	0.01445	0.01986	0.96569
1281 A	0.01553	0.01894	0.96553
1282 A	0.01732	0.01692	0.96576
1283 T	0.02021	0.01316	0.96664
1284 T	0.02071	0.01298	0.96631
1285 A	0.01960	0.01551	0.9649
1286 A	0.01895	0.01667	0.96438
1287 A	0.01812	0.01891	0.96297
1288 T	0.01772	0.01855	0.96373
1289 A	0.01690	0.01905	0.96405
1290 T	0.01648	0.01917	0.96434
1291 A	0.01577	0.02006	0.96417
1292 C	0.01565	0.02018	0.96417
1293 T	0.01554	0.02140	0.96306
1294 G	0.01524	0.02292	0.96183
1295 A	0.01516	0.02425	0.96059
1296 A	0.01527	0.02470	0.96003
1297 G	0.01535	0.02507	0.95958
1298 A	0.01549	0.02523	0.95928
1299 A	0.01553	0.02531	0.95916
1300 G	0.01558	0.02546	0.95897
1301 A	0.01568	0.02558	0.95873
1302 A	0.01579	0.02563	0.95858
1303 A	0.01590	0.02559	0.95851
1304 G	0.01632	0.02507	0.9586
1305 A	0.01700	0.02450	0.9585
1306 A	0.01759	0.02402	0.95839
1307 A	0.01842	0.02307	0.95852
1308 A	0.01996	0.02054	0.9595
1309 A	0.02245	0.01740	0.96014
1310 T	0.02506	0.01374	0.9612
1311 G	0.02529	0.01299	0.96172
1312 G	0.02582	0.01174	0.96243
1313 T	0.02662	0.01053	0.96285
1314 C	0.02718	0.00945	0.96338
1315 G	0.02763	0.00910	0.96327
1316 C	0.02889	0.00780	0.96332
1317 T	0.03020	0.00645	0.96335
1318 T	0.03094	0.00570	0.96336
1319 A	0.03114	0.00554	0.96331
1320 C	0.03112	0.00555	0.96333
1321 C	0.03083	0.00595	0.96321
1322 A	0.03069	0.00652	0.96278
1323 T	0.03087	0.00684	0.9623
1324 G	0.03090	0.00696	0.96214
1325 A	0.03103	0.00703	0.96194
1326 A	0.03125	0.00706	0.96169
1327 G	0.03143	0.00682	0.96176
1328 C	0.03170	0.00654	0.96175
1329 A	0.03207	0.00620	0.96173
