# lcl|CP097583.1_cds_USQ93190.1_1
# AA	inside	membr	outside
1 A	0.55364	0.00000	0.44636
2 T	0.54474	0.00889	0.44636
3 G	0.53763	0.01601	0.44636
4 A	0.53763	0.05981	0.40256
5 G	0.46373	0.17580	0.36047
6 T	0.46373	0.18943	0.34684
7 A	0.14754	0.51462	0.33784
8 T	0.14753	0.51472	0.33774
9 G	0.09653	0.56735	0.33612
10 A	0.09645	0.67263	0.23091
11 A	0.09147	0.68067	0.22785
12 A	0.05045	0.72260	0.22694
13 A	0.01722	0.75774	0.22504
14 A	0.01721	0.75775	0.22504
15 A	0.01721	0.76044	0.22235
16 A	0.01684	0.76081	0.22235
17 A	0.01621	0.76145	0.22233
18 C	0.01620	0.76152	0.22228
19 A	0.01568	0.76217	0.22215
20 A	0.01439	0.76423	0.22138
21 A	0.01310	0.76549	0.22141
22 A	0.01357	0.76495	0.22148
23 A	0.01473	0.76348	0.22179
24 A	0.02086	0.75570	0.22344
25 A	0.02788	0.72119	0.25094
26 T	0.03559	0.69458	0.26982
27 A	0.06750	0.62057	0.31192
28 G	0.10640	0.50256	0.39104
29 G	0.12640	0.45990	0.4137
30 T	0.17580	0.18265	0.64155
31 T	0.18225	0.16653	0.65121
32 T	0.18741	0.12192	0.69068
33 T	0.22580	0.08746	0.68674
34 G	0.22047	0.12054	0.65899
35 T	0.21862	0.11086	0.67052
36 A	0.20448	0.13296	0.66256
37 A	0.19691	0.17271	0.63038
38 T	0.19561	0.18103	0.62336
39 A	0.17982	0.25674	0.56344
40 G	0.17607	0.26125	0.56268
41 A	0.17396	0.26670	0.55934
42 T	0.17276	0.27234	0.55491
43 T	0.17162	0.27327	0.55511
44 C	0.16663	0.28252	0.55085
45 T	0.16245	0.28867	0.54888
46 A	0.15998	0.29387	0.54615
47 C	0.15712	0.29842	0.54446
48 T	0.15581	0.30234	0.54185
49 A	0.15315	0.32451	0.52234
50 T	0.15211	0.33059	0.5173
51 A	0.15145	0.33501	0.51354
52 G	0.15102	0.33681	0.51217
53 G	0.15116	0.33731	0.51153
54 A	0.15373	0.33498	0.51129
55 G	0.15786	0.33019	0.51196
56 A	0.17306	0.31326	0.51367
57 T	0.21245	0.26793	0.51963
58 A	0.22605	0.25297	0.52098
59 A	0.25621	0.20974	0.53406
60 T	0.28802	0.17079	0.54119
61 A	0.29536	0.16156	0.54309
62 T	0.33833	0.10639	0.55528
63 A	0.33767	0.10643	0.55591
64 A	0.34121	0.10123	0.55755
65 A	0.34691	0.09351	0.55958
66 T	0.35110	0.08614	0.56275
67 T	0.35742	0.07458	0.568
68 T	0.35970	0.06850	0.5718
69 A	0.36149	0.06437	0.57415
70 C	0.36314	0.05957	0.5773
71 A	0.36578	0.05645	0.57777
72 C	0.38361	0.03701	0.57938
73 T	0.38958	0.03072	0.5797
74 T	0.39361	0.02648	0.57992
75 T	0.39508	0.02495	0.57997
76 T	0.39596	0.02354	0.5805
77 C	0.39653	0.02287	0.58061
78 A	0.39710	0.02228	0.58062
79 T	0.39857	0.02079	0.58064
80 C	0.39858	0.02084	0.58058
81 T	0.39844	0.02145	0.58011
82 G	0.39763	0.02277	0.5796
83 A	0.39862	0.02173	0.57965
84 T	0.40014	0.02005	0.57981
85 A	0.40042	0.01966	0.57991
86 T	0.40243	0.01483	0.58273
87 C	0.40089	0.01569	0.58341
88 T	0.40032	0.01629	0.58339
89 G	0.39826	0.01828	0.58347
90 T	0.39729	0.01917	0.58354
91 A	0.39556	0.02071	0.58374
92 T	0.39419	0.02174	0.58406
93 C	0.39241	0.02297	0.58462
94 G	0.39094	0.02428	0.58478
95 T	0.39066	0.02450	0.58484
96 C	0.39015	0.02495	0.58489
97 C	0.38995	0.02514	0.5849
98 C	0.38989	0.02523	0.58488
99 T	0.38994	0.02529	0.58477
100 T	0.38967	0.02559	0.58475
101 T	0.38935	0.02595	0.58469
102 A	0.38860	0.02674	0.58466
103 T	0.38836	0.02645	0.58518
104 C	0.38792	0.02467	0.58741
105 T	0.38743	0.02407	0.58851
106 A	0.38596	0.02546	0.58858
107 T	0.38541	0.02555	0.58904
108 T	0.38479	0.02594	0.58927
109 A	0.38420	0.02659	0.58921
110 T	0.38391	0.02394	0.59215
111 T	0.38353	0.02250	0.59397
112 T	0.38266	0.02109	0.59624
113 T	0.38094	0.02247	0.5966
114 A	0.36902	0.03434	0.59665
115 G	0.35511	0.04870	0.59619
116 A	0.34571	0.05941	0.59487
117 T	0.33884	0.06576	0.59541
118 G	0.33206	0.07360	0.59434
119 G	0.32641	0.08127	0.59232
120 T	0.32200	0.08884	0.58916
121 A	0.31225	0.10715	0.5806
122 A	0.30660	0.11820	0.5752
123 A	0.29682	0.13464	0.56853
124 G	0.28615	0.15324	0.56061
125 A	0.28076	0.16411	0.55513
126 A	0.27620	0.17335	0.55046
127 T	0.27255	0.17707	0.55038
128 A	0.26159	0.18883	0.54959
129 T	0.25068	0.19893	0.5504
130 T	0.22129	0.22819	0.55052
131 C	0.18429	0.26509	0.55061
132 A	0.15384	0.29655	0.54961
133 G	0.13454	0.31618	0.54929
134 G	0.12352	0.32725	0.54923
135 A	0.11785	0.33276	0.54939
136 A	0.11620	0.33349	0.55031
137 A	0.11585	0.32300	0.56115
138 A	0.11714	0.30869	0.57417
139 T	0.11962	0.29563	0.58476
140 C	0.11990	0.28803	0.59207
141 A	0.12056	0.28431	0.59513
142 G	0.12208	0.27942	0.5985
143 A	0.12493	0.27405	0.60102
144 T	0.13339	0.25952	0.60709
145 A	0.13856	0.25125	0.61019
146 A	0.14611	0.23267	0.62122
147 T	0.15510	0.21009	0.63481
148 A	0.16010	0.19703	0.64288
149 A	0.16442	0.18437	0.65121
150 A	0.16623	0.17090	0.66287
151 T	0.16906	0.14273	0.68821
152 T	0.17078	0.11676	0.71245
153 T	0.17195	0.08254	0.74551
154 T	0.17242	0.05552	0.77206
155 T	0.17123	0.03918	0.78958
156 T	0.16663	0.03647	0.7969
157 T	0.15981	0.04494	0.79525
158 T	0.14829	0.06758	0.78414
159 A	0.14061	0.08889	0.77051
160 G	0.13588	0.10910	0.75502
161 A	0.13327	0.13573	0.731
162 T	0.13192	0.16131	0.70677
163 T	0.13012	0.18172	0.68816
164 G	0.12168	0.20434	0.67398
165 T	0.11606	0.23498	0.64896
166 T	0.11198	0.25976	0.62826
167 T	0.10568	0.28319	0.61113
168 A	0.09705	0.29703	0.60592
169 A	0.09444	0.30246	0.6031
170 A	0.09283	0.30599	0.60119
171 A	0.08810	0.31177	0.60013
172 C	0.08562	0.31574	0.59863
173 A	0.08419	0.31993	0.59588
174 A	0.08319	0.32300	0.59381
175 A	0.08202	0.32568	0.59229
176 A	0.08164	0.32760	0.59076
177 A	0.08250	0.32654	0.59096
178 A	0.08508	0.31987	0.59505
179 G	0.09159	0.30515	0.60326
180 A	0.10300	0.28605	0.61094
181 C	0.11993	0.25853	0.62154
182 A	0.13448	0.24303	0.62249
183 A	0.15274	0.22638	0.62088
184 A	0.18127	0.19710	0.62163
185 T	0.22190	0.15559	0.62251
186 T	0.24258	0.13393	0.62348
187 A	0.25334	0.11213	0.63454
188 C	0.26818	0.08733	0.64448
189 T	0.27741	0.07616	0.64643
190 A	0.27498	0.07894	0.64607
191 C	0.24700	0.10604	0.64696
192 A	0.22800	0.12531	0.64669
193 A	0.21777	0.13523	0.64699
194 G	0.20947	0.13873	0.6518
195 T	0.20657	0.13901	0.65443
196 C	0.20028	0.14389	0.65584
197 A	0.19250	0.15069	0.65682
198 A	0.19168	0.15023	0.6581
199 C	0.19198	0.14907	0.65895
200 C	0.19066	0.15061	0.65873
201 G	0.19011	0.15150	0.65838
202 A	0.19064	0.15097	0.65839
203 G	0.19112	0.15043	0.65845
204 T	0.19197	0.14953	0.65851
205 C	0.19373	0.14756	0.65871
206 C	0.19709	0.14390	0.65901
207 A	0.19820	0.14271	0.65908
208 C	0.19969	0.14109	0.65922
209 A	0.20114	0.13963	0.65923
210 A	0.20287	0.13775	0.65937
211 T	0.20515	0.13449	0.66035
212 T	0.20686	0.12739	0.66575
213 A	0.20916	0.11732	0.67352
214 T	0.21161	0.07764	0.71075
215 T	0.21167	0.05492	0.73341
216 T	0.21094	0.04218	0.74688
217 G	0.20905	0.03564	0.75532
218 T	0.20349	0.03768	0.75883
219 A	0.18763	0.04932	0.76305
220 C	0.17561	0.05359	0.77081
221 A	0.16786	0.06025	0.77188
222 A	0.16482	0.06226	0.77293
223 G	0.16447	0.06151	0.77402
224 C	0.16447	0.06124	0.77429
225 T	0.16427	0.06333	0.7724
226 T	0.16389	0.07008	0.76603
227 T	0.16335	0.07448	0.76216
228 T	0.15966	0.08732	0.75302
229 G	0.14994	0.10820	0.74186
230 A	0.14242	0.11953	0.73806
231 A	0.13804	0.12405	0.73792
232 A	0.13396	0.12810	0.73794
233 A	0.12930	0.13327	0.73743
234 A	0.12801	0.13483	0.73716
235 C	0.12740	0.13533	0.73727
236 A	0.12698	0.13643	0.73658
237 A	0.12716	0.13663	0.73622
238 T	0.12797	0.13545	0.73657
239 T	0.12733	0.13568	0.73699
240 A	0.12585	0.13660	0.73754
241 A	0.12551	0.13033	0.74416
242 A	0.12571	0.11465	0.75964
243 T	0.12565	0.10258	0.77177
244 G	0.12495	0.09612	0.77894
245 C	0.12519	0.09307	0.78174
246 A	0.12604	0.09214	0.78182
247 G	0.12754	0.09031	0.78214
248 G	0.13120	0.08631	0.78249
249 T	0.14246	0.07461	0.78294
250 T	0.14730	0.06951	0.78318
251 A	0.15349	0.06069	0.78581
252 T	0.16073	0.04402	0.79526
253 G	0.16219	0.03546	0.80236
254 A	0.16240	0.03155	0.80604
255 A	0.16205	0.02830	0.80965
256 C	0.16296	0.02279	0.81425
257 A	0.16360	0.02142	0.81498
258 T	0.16503	0.01931	0.81566
259 G	0.16596	0.01790	0.81613
260 T	0.16693	0.01698	0.81609
261 A	0.16675	0.01784	0.81541
262 G	0.16695	0.01709	0.81597
263 T	0.16640	0.01733	0.81626
264 G	0.16463	0.01870	0.81667
265 T	0.16439	0.01947	0.81614
266 G	0.16338	0.02281	0.81381
267 T	0.16232	0.02749	0.81019
268 T	0.15990	0.03101	0.80909
269 T	0.15492	0.03720	0.80788
270 A	0.14741	0.04908	0.80351
271 A	0.14464	0.05563	0.79972
272 C	0.14304	0.05837	0.79858
273 A	0.14173	0.06262	0.79564
274 A	0.14285	0.06190	0.79525
275 T	0.14313	0.06166	0.79521
276 A	0.14313	0.06146	0.79541
277 T	0.14332	0.06110	0.79558
278 C	0.14324	0.06033	0.79643
279 T	0.14271	0.06075	0.79653
280 C	0.14027	0.06314	0.79659
281 G	0.13892	0.06461	0.79647
282 A	0.13790	0.06594	0.79615
283 A	0.13771	0.06652	0.79577
284 A	0.13832	0.06597	0.79571
285 A	0.13969	0.06462	0.79569
286 T	0.14207	0.06068	0.79726
287 T	0.14310	0.05750	0.7994
288 A	0.14373	0.05613	0.80013
289 A	0.14557	0.05258	0.80186
290 G	0.14911	0.04621	0.80468
291 T	0.15081	0.04129	0.8079
292 G	0.15179	0.03520	0.81302
293 G	0.15650	0.02531	0.81818
294 T	0.16052	0.01953	0.81995
295 A	0.16154	0.01780	0.82065
296 C	0.16353	0.01440	0.82207
297 T	0.16403	0.01406	0.8219
298 T	0.16410	0.01436	0.82154
299 T	0.16400	0.01533	0.82067
300 T	0.16351	0.01740	0.81908
301 A	0.16163	0.02374	0.81463
302 A	0.16029	0.02497	0.81474
303 T	0.15907	0.02394	0.81699
304 A	0.15642	0.02533	0.81825
305 G	0.15063	0.02997	0.8194
306 C	0.14865	0.03155	0.8198
307 G	0.14729	0.03302	0.81968
308 C	0.14651	0.03399	0.8195
309 T	0.14561	0.03587	0.81852
310 T	0.14269	0.04060	0.81671
311 G	0.13818	0.04646	0.81535
312 T	0.13336	0.05493	0.81171
313 A	0.12181	0.06751	0.81069
314 A	0.11755	0.07199	0.81046
315 A	0.11530	0.07408	0.81062
316 G	0.11267	0.07673	0.8106
317 C	0.11014	0.07999	0.80987
318 T	0.10737	0.08326	0.80937
319 A	0.09607	0.09636	0.80757
320 A	0.09047	0.10245	0.80708
321 A	0.08625	0.10703	0.80672
322 C	0.08410	0.10919	0.80671
323 A	0.08340	0.10969	0.80692
324 A	0.08522	0.10649	0.80828
325 A	0.08559	0.10511	0.80931
326 T	0.08583	0.10385	0.81032
327 A	0.08491	0.10375	0.81134
328 G	0.08441	0.09842	0.81716
329 T	0.08445	0.09624	0.81931
330 A	0.08192	0.09778	0.8203
331 A	0.08122	0.09760	0.82118
332 A	0.08185	0.09536	0.82279
333 T	0.08339	0.08995	0.82665
334 A	0.08324	0.08610	0.83066
335 A	0.08533	0.07907	0.8356
336 T	0.08557	0.06867	0.84576
337 G	0.08528	0.06563	0.8491
338 A	0.08514	0.06472	0.85015
339 A	0.08520	0.06283	0.85198
340 A	0.08584	0.05993	0.85423
341 A	0.08636	0.05627	0.85736
342 T	0.08807	0.04469	0.86723
343 A	0.08794	0.03960	0.87245
344 T	0.08812	0.03461	0.87727
345 T	0.08733	0.03259	0.88007
346 A	0.08604	0.03220	0.88176
347 C	0.08570	0.03024	0.88405
348 A	0.08555	0.03030	0.88416
349 G	0.08584	0.02981	0.88434
350 T	0.08698	0.02896	0.88406
351 T	0.08776	0.02967	0.88257
352 A	0.08802	0.03126	0.88072
353 T	0.08873	0.02983	0.88144
354 T	0.08910	0.03184	0.87907
355 G	0.08915	0.03229	0.87855
356 A	0.08912	0.03572	0.87516
357 T	0.08919	0.03551	0.87529
358 A	0.08880	0.03605	0.87516
359 C	0.08889	0.03543	0.87568
360 A	0.08926	0.03561	0.87513
361 G	0.08989	0.03507	0.87504
362 A	0.09066	0.03439	0.87495
363 A	0.09164	0.03333	0.87503
364 A	0.09238	0.03244	0.87518
365 G	0.09369	0.03032	0.87599
366 T	0.09435	0.02867	0.87698
367 T	0.09455	0.02779	0.87766
368 T	0.09468	0.02665	0.87867
369 G	0.09470	0.02547	0.87983
370 G	0.09477	0.02496	0.88027
371 G	0.09499	0.02438	0.88064
372 G	0.09532	0.02388	0.8808
373 C	0.09631	0.02280	0.88089
374 C	0.09820	0.02093	0.88088
375 A	0.09996	0.01950	0.88054
376 G	0.10206	0.01768	0.88026
377 G	0.10528	0.01496	0.87976
378 A	0.10669	0.01444	0.87887
379 T	0.11077	0.01064	0.87859
380 T	0.11194	0.00921	0.87884
381 T	0.11261	0.00819	0.8792
382 G	0.11247	0.00835	0.87919
383 T	0.11279	0.00761	0.8796
384 T	0.11251	0.00778	0.8797
385 T	0.11117	0.00910	0.87973
386 T	0.10935	0.01107	0.87957
387 C	0.10637	0.01406	0.87957
388 A	0.10336	0.01718	0.87947
389 C	0.10114	0.01944	0.87942
390 T	0.09963	0.02112	0.87926
391 C	0.09726	0.02363	0.87911
392 T	0.09613	0.02537	0.87851
393 A	0.09385	0.02808	0.87807
394 A	0.09245	0.03001	0.87753
395 A	0.09168	0.03097	0.87735
396 T	0.09120	0.03159	0.87721
397 A	0.09023	0.03263	0.87715
398 A	0.09015	0.03263	0.87723
399 A	0.09017	0.03256	0.87728
400 A	0.09073	0.03204	0.87723
401 T	0.09177	0.03089	0.87734
402 T	0.09232	0.03027	0.87741
403 T	0.09249	0.03015	0.87735
404 A	0.09249	0.03014	0.87736
405 T	0.09257	0.02952	0.87791
406 G	0.09229	0.02947	0.87823
407 A	0.09170	0.02949	0.8788
408 A	0.09113	0.02853	0.88034
409 T	0.09106	0.02666	0.88228
410 A	0.09048	0.02484	0.88468
411 T	0.09034	0.02196	0.8877
412 G	0.08952	0.02067	0.8898
413 T	0.08948	0.01922	0.89131
414 A	0.08892	0.01875	0.89233
415 T	0.08877	0.01895	0.89228
416 A	0.08773	0.02127	0.891
417 T	0.08705	0.02387	0.88908
418 A	0.08507	0.02685	0.88808
419 A	0.08360	0.02945	0.88695
420 T	0.08260	0.02981	0.88759
421 A	0.08040	0.03184	0.88776
422 C	0.07971	0.03225	0.88804
423 T	0.07932	0.03283	0.88785
424 C	0.07880	0.03354	0.88767
425 A	0.07841	0.03439	0.88719
426 T	0.07847	0.03450	0.88703
427 T	0.07790	0.03522	0.88689
428 T	0.07708	0.03606	0.88686
429 A	0.07552	0.03778	0.8867
430 A	0.07443	0.03853	0.88703
431 G	0.07397	0.03855	0.88748
432 T	0.07391	0.03852	0.88757
433 T	0.07331	0.03894	0.88775
434 A	0.07209	0.04023	0.88767
435 T	0.07167	0.04008	0.88826
436 A	0.07082	0.04084	0.88834
437 A	0.07102	0.04005	0.88893
438 A	0.07191	0.03834	0.88974
439 G	0.07457	0.03422	0.89121
440 A	0.07737	0.03040	0.89223
441 A	0.07921	0.02697	0.89382
442 A	0.08100	0.02391	0.8951
443 T	0.08182	0.02170	0.89649
444 T	0.08228	0.01930	0.89842
445 T	0.08249	0.01851	0.89899
446 T	0.08254	0.01836	0.8991
447 T	0.08226	0.01893	0.89881
448 A	0.08134	0.02134	0.89731
449 A	0.08045	0.02453	0.89502
450 T	0.07726	0.02843	0.89431
451 A	0.07261	0.03360	0.89379
452 A	0.06956	0.03684	0.89359
453 A	0.06792	0.03897	0.8931
454 G	0.06760	0.03947	0.89293
455 T	0.06769	0.03896	0.89335
456 T	0.06720	0.03915	0.89365
457 G	0.06618	0.04019	0.89363
458 T	0.06547	0.04134	0.89319
459 C	0.06391	0.04306	0.89303
460 G	0.06239	0.04672	0.89089
461 A	0.06175	0.04939	0.88887
462 A	0.06160	0.05041	0.88798
463 G	0.06164	0.05048	0.88788
464 A	0.06194	0.05025	0.8878
465 A	0.06244	0.04970	0.88785
466 T	0.06289	0.04914	0.88796
467 C	0.06310	0.04879	0.8881
468 A	0.06346	0.04841	0.88814
469 A	0.06401	0.04772	0.88827
470 A	0.06474	0.04660	0.88866
471 A	0.06660	0.04383	0.88957
472 T	0.06965	0.03977	0.89058
473 T	0.07124	0.03422	0.89454
474 A	0.07226	0.02874	0.899
475 G	0.07369	0.02386	0.90245
476 G	0.07537	0.02018	0.90445
477 T	0.07667	0.01809	0.90523
478 A	0.07707	0.01743	0.9055
479 G	0.07855	0.01479	0.90666
480 T	0.08104	0.01113	0.90783
481 T	0.08255	0.00872	0.90873
482 T	0.08326	0.00717	0.90957
483 T	0.08465	0.00520	0.91015
484 T	0.08560	0.00505	0.90936
485 A	0.08553	0.00564	0.90882
486 T	0.08559	0.00612	0.90829
487 T	0.08547	0.00648	0.90805
488 T	0.08506	0.00742	0.90751
489 C	0.08456	0.00822	0.90723
490 T	0.08422	0.00898	0.9068
491 C	0.08090	0.01303	0.90607
492 T	0.07915	0.01708	0.90377
493 T	0.07718	0.02056	0.90225
494 T	0.07498	0.02406	0.90095
495 A	0.07018	0.03025	0.89957
496 G	0.06726	0.03372	0.89902
497 A	0.06631	0.03499	0.8987
498 T	0.06573	0.03557	0.89871
499 A	0.06512	0.03621	0.89867
500 A	0.06507	0.03628	0.89865
501 T	0.06542	0.03592	0.89866
502 C	0.06520	0.03624	0.89856
503 T	0.06491	0.03699	0.8981
504 A	0.06428	0.03778	0.89795
505 A	0.06332	0.03889	0.89779
506 A	0.06251	0.03986	0.89763
507 A	0.06227	0.04026	0.89747
508 C	0.06246	0.03960	0.89794
509 A	0.06295	0.03918	0.89787
510 A	0.06328	0.03877	0.89796
511 T	0.06435	0.03726	0.8984
512 T	0.06477	0.03632	0.89891
513 A	0.06438	0.03661	0.89901
514 G	0.06496	0.03185	0.90319
515 T	0.06719	0.02839	0.90441
516 T	0.06758	0.02689	0.90553
517 A	0.06698	0.02819	0.90483
518 T	0.06688	0.02488	0.90824
519 T	0.06470	0.02547	0.90983
520 A	0.05838	0.03189	0.90972
521 G	0.05065	0.04024	0.9091
522 C	0.04707	0.04454	0.90838
523 A	0.04377	0.05078	0.90544
524 A	0.04210	0.05362	0.90427
525 A	0.04151	0.05457	0.90392
526 A	0.04156	0.05439	0.90404
527 G	0.04162	0.05393	0.90445
528 A	0.04179	0.05281	0.9054
529 A	0.04206	0.05139	0.90655
530 T	0.04242	0.04971	0.90787
531 T	0.04258	0.04896	0.90847
532 A	0.04270	0.04872	0.90859
533 G	0.04277	0.04843	0.9088
534 T	0.04290	0.04862	0.90848
535 A	0.04296	0.04969	0.90736
536 A	0.04328	0.04912	0.90759
537 A	0.04414	0.04790	0.90795
538 T	0.04560	0.04574	0.90866
539 T	0.04662	0.04353	0.90985
540 T	0.04833	0.04021	0.91146
541 A	0.04857	0.03865	0.91277
542 A	0.04916	0.03577	0.91508
543 A	0.05049	0.02860	0.9209
544 T	0.05271	0.01868	0.92862
545 T	0.05429	0.01363	0.93208
546 T	0.05651	0.00840	0.93509
547 C	0.05702	0.00673	0.93625
548 T	0.05723	0.00641	0.93636
549 T	0.05691	0.00683	0.93627
550 C	0.05531	0.00870	0.93599
551 T	0.05402	0.01151	0.93446
552 T	0.05284	0.01672	0.93043
553 G	0.05162	0.02398	0.9244
554 G	0.05104	0.02829	0.92066
555 A	0.05108	0.03372	0.9152
556 A	0.05130	0.03587	0.91283
557 G	0.05188	0.03664	0.91148
558 T	0.05333	0.03681	0.90986
559 T	0.05375	0.03731	0.90894
560 T	0.05382	0.03742	0.90877
561 A	0.05344	0.03813	0.90842
562 T	0.05315	0.03876	0.90809
563 T	0.05186	0.04076	0.90738
564 C	0.04882	0.04432	0.90686
565 A	0.04683	0.04729	0.90587
566 A	0.04562	0.04904	0.90534
567 A	0.04521	0.04981	0.90498
568 A	0.04484	0.05041	0.90474
569 T	0.04463	0.05082	0.90455
570 A	0.04447	0.05085	0.90468
571 A	0.04468	0.05039	0.90492
572 A	0.04505	0.04921	0.90574
573 A	0.04588	0.04601	0.9081
574 C	0.04815	0.04157	0.91027
575 C	0.05280	0.03626	0.91093
576 T	0.05906	0.03115	0.90979
577 A	0.06209	0.02943	0.90848
578 T	0.06726	0.02479	0.90795
579 T	0.06834	0.02447	0.9072
580 T	0.06770	0.02549	0.90681
581 T	0.06662	0.02700	0.90638
582 A	0.06403	0.03101	0.90496
583 A	0.06354	0.03275	0.90372
584 A	0.06360	0.03258	0.90382
585 A	0.06407	0.03144	0.90449
586 T	0.06479	0.02903	0.90618
587 T	0.06486	0.02633	0.90881
588 T	0.06357	0.02594	0.91049
589 C	0.06033	0.02837	0.9113
590 A	0.05728	0.03148	0.91124
591 A	0.05553	0.03321	0.91126
592 C	0.05414	0.03457	0.9113
593 A	0.05206	0.03724	0.9107
594 A	0.04957	0.04038	0.91005
595 G	0.04765	0.04331	0.90903
596 G	0.04683	0.04531	0.90787
597 A	0.04650	0.04678	0.90671
598 A	0.04688	0.04638	0.90674
599 T	0.04892	0.04354	0.90753
600 T	0.05047	0.04140	0.90813
601 A	0.05102	0.04025	0.90872
602 T	0.05179	0.03735	0.91085
603 C	0.05196	0.03527	0.91277
604 A	0.05229	0.03390	0.91382
605 C	0.05329	0.03146	0.91525
606 T	0.05449	0.03017	0.91534
607 A	0.05450	0.03014	0.91535
608 T	0.05431	0.03030	0.91539
609 T	0.05320	0.03102	0.91578
610 G	0.04957	0.03470	0.91573
611 A	0.04616	0.03868	0.91515
612 A	0.04241	0.04269	0.91489
613 A	0.03937	0.04628	0.91435
614 A	0.03817	0.04852	0.91332
615 A	0.03764	0.04902	0.91334
616 A	0.03801	0.04893	0.91306
617 A	0.03869	0.04694	0.91436
618 T	0.03999	0.04368	0.91633
619 G	0.04090	0.04192	0.91718
620 T	0.04180	0.04059	0.91762
621 T	0.04185	0.04037	0.91778
622 C	0.04157	0.04061	0.91782
623 G	0.04144	0.04082	0.91774
624 A	0.04141	0.04090	0.91769
625 A	0.04140	0.04096	0.91765
626 T	0.04145	0.04083	0.91771
627 T	0.04151	0.04071	0.91778
628 T	0.04148	0.04038	0.91814
629 G	0.04134	0.04017	0.91849
630 G	0.04128	0.03975	0.91897
631 A	0.04137	0.03935	0.91928
632 A	0.04175	0.03786	0.92039
633 A	0.04256	0.03390	0.92354
634 A	0.04551	0.02796	0.92653
635 A	0.04951	0.02031	0.93018
636 T	0.05377	0.01258	0.93366
637 T	0.05636	0.00858	0.93506
638 G	0.05734	0.00697	0.9357
639 T	0.05918	0.00508	0.93574
640 T	0.05996	0.00422	0.93582
641 T	0.06009	0.00420	0.93572
642 T	0.06020	0.00436	0.93545
643 T	0.06028	0.00458	0.93513
644 T	0.06032	0.00509	0.93458
645 T	0.06029	0.00608	0.93363
646 T	0.05943	0.00899	0.93159
647 A	0.05827	0.01310	0.92863
648 T	0.05779	0.01515	0.92707
649 T	0.05709	0.01716	0.92574
650 T	0.05619	0.01917	0.92464
651 A	0.05437	0.02212	0.92351
652 A	0.05338	0.02406	0.92256
653 T	0.05270	0.02595	0.92134
654 A	0.05140	0.03010	0.9185
655 A	0.05034	0.03432	0.91534
656 A	0.05005	0.03481	0.91514
657 A	0.04996	0.03497	0.91508
658 T	0.04998	0.03496	0.91506
659 G	0.04997	0.03496	0.91507
660 C	0.05008	0.03484	0.91508
661 A	0.05030	0.03463	0.91507
662 T	0.05083	0.03410	0.91507
663 C	0.05116	0.03378	0.91505
664 T	0.05174	0.03330	0.91497
665 T	0.05221	0.03290	0.91489
666 G	0.05254	0.03266	0.9148
667 A	0.05310	0.03239	0.91451
668 A	0.05438	0.03132	0.9143
669 T	0.05715	0.02733	0.91552
670 T	0.06025	0.02310	0.91665
671 T	0.06183	0.02103	0.91713
672 T	0.06260	0.02023	0.91717
673 A	0.06295	0.02018	0.91687
674 A	0.06354	0.01919	0.91727
675 A	0.06427	0.01832	0.91741
676 A	0.06546	0.01712	0.91742
677 A	0.06821	0.01394	0.91785
678 T	0.07149	0.01100	0.9175
679 T	0.07153	0.01084	0.91763
680 T	0.07135	0.01094	0.91771
681 T	0.07055	0.01184	0.91761
682 A	0.06850	0.01389	0.91762
683 C	0.06744	0.01497	0.91759
684 C	0.06604	0.01666	0.9173
685 A	0.06347	0.01970	0.91683
686 C	0.06165	0.02204	0.91631
687 T	0.06021	0.02370	0.91609
688 A	0.05721	0.02673	0.91606
689 A	0.05472	0.02923	0.91605
690 A	0.05392	0.03000	0.91608
691 C	0.05394	0.02992	0.91615
692 C	0.05417	0.02958	0.91624
693 T	0.05452	0.02919	0.91629
694 G	0.05422	0.02942	0.91636
695 T	0.05463	0.02896	0.91641
696 C	0.05461	0.02894	0.91645
697 G	0.05466	0.02906	0.91628
698 A	0.05483	0.02882	0.91635
699 A	0.05531	0.02825	0.91644
700 G	0.05525	0.02822	0.91653
701 T	0.05591	0.02755	0.91655
702 C	0.05468	0.02840	0.91692
703 A	0.05265	0.03133	0.91602
704 A	0.05178	0.03203	0.91619
705 A	0.05131	0.03135	0.91735
706 A	0.05121	0.03063	0.91816
707 T	0.05155	0.02898	0.91948
708 G	0.05175	0.02548	0.92277
709 T	0.05207	0.02303	0.9249
710 T	0.05200	0.02147	0.92653
711 A	0.05119	0.02036	0.92844
712 T	0.05085	0.01854	0.93061
713 A	0.05025	0.01827	0.93147
714 T	0.05009	0.01778	0.93212
715 G	0.04976	0.01769	0.93255
716 T	0.04951	0.01750	0.93299
717 C	0.04911	0.01747	0.93342
718 G	0.04865	0.01866	0.93269
719 A	0.04736	0.02112	0.93152
720 A	0.04695	0.02171	0.93135
721 G	0.04673	0.02174	0.93153
722 A	0.04671	0.02192	0.93137
723 T	0.04694	0.02076	0.93229
724 G	0.04692	0.02009	0.93299
725 A	0.04719	0.01874	0.93407
726 T	0.04815	0.01595	0.9359
727 G	0.04837	0.01547	0.93616
728 T	0.04857	0.01571	0.93571
729 T	0.04842	0.01724	0.93435
730 T	0.04758	0.02072	0.9317
731 A	0.04553	0.02684	0.92762
732 T	0.04340	0.02953	0.92708
733 A	0.03953	0.03366	0.92681
734 T	0.03845	0.03428	0.92727
735 G	0.03519	0.03757	0.92724
736 C	0.03283	0.04016	0.92701
737 A	0.03104	0.04485	0.9241
738 A	0.02982	0.04896	0.92122
739 G	0.02786	0.05458	0.91756
740 A	0.02698	0.06125	0.91177
741 A	0.02734	0.06276	0.9099
742 T	0.02852	0.06141	0.91008
743 T	0.02806	0.06323	0.90871
744 A	0.02606	0.06778	0.90617
745 A	0.02453	0.07255	0.90292
746 A	0.02288	0.07583	0.90129
747 A	0.02198	0.07903	0.89899
748 A	0.02085	0.08243	0.89672
749 A	0.02067	0.08338	0.89594
750 A	0.02127	0.08316	0.89557
751 G	0.02232	0.08238	0.89531
752 A	0.02382	0.08030	0.89587
753 A	0.02639	0.07618	0.89742
754 A	0.03021	0.07003	0.89975
755 T	0.03132	0.06550	0.90318
756 C	0.03124	0.06163	0.90713
757 G	0.03095	0.06147	0.90758
758 A	0.03069	0.06155	0.90776
759 A	0.03107	0.06200	0.90693
760 A	0.03291	0.06180	0.90529
761 A	0.03565	0.06068	0.90367
762 A	0.03992	0.05763	0.90245
763 T	0.04647	0.05173	0.9018
764 T	0.04822	0.05141	0.90037
765 A	0.04811	0.05393	0.89796
766 A	0.04912	0.05361	0.89726
767 A	0.05129	0.05025	0.89846
768 T	0.05445	0.04535	0.90019
769 G	0.05584	0.04229	0.90186
770 A	0.05843	0.03884	0.90272
771 T	0.06099	0.03501	0.904
772 C	0.06161	0.03388	0.9045
773 C	0.06206	0.03337	0.90457
774 T	0.06263	0.03301	0.90436
775 A	0.06257	0.03374	0.90369
776 A	0.06263	0.03485	0.90252
777 T	0.06293	0.03539	0.90168
778 A	0.06314	0.03629	0.90057
779 T	0.06354	0.03551	0.90095
780 A	0.06415	0.03491	0.90093
781 A	0.06546	0.03323	0.90131
782 A	0.06742	0.03077	0.90182
783 A	0.07047	0.02702	0.90252
784 G	0.07404	0.02275	0.90321
785 T	0.08033	0.01589	0.90378
786 T	0.08366	0.01222	0.90412
787 T	0.08528	0.01020	0.90452
788 C	0.08609	0.00868	0.90523
789 T	0.08667	0.00811	0.90522
790 A	0.08687	0.00808	0.90505
791 T	0.08694	0.00821	0.90484
792 T	0.08696	0.00861	0.90443
793 T	0.08682	0.00927	0.90391
794 A	0.08657	0.00986	0.90356
795 T	0.08650	0.00979	0.90371
796 G	0.08641	0.00974	0.90385
797 G	0.08658	0.00945	0.90397
798 A	0.08728	0.00866	0.90406
799 C	0.08856	0.00732	0.90411
800 C	0.08953	0.00638	0.90409
801 T	0.09081	0.00520	0.90399
802 A	0.09116	0.00489	0.90394
803 T	0.09187	0.00419	0.90394
804 T	0.09214	0.00392	0.90394
805 T	0.09223	0.00382	0.90395
806 C	0.09213	0.00390	0.90397
807 T	0.09201	0.00402	0.90397
808 C	0.09180	0.00423	0.90397
809 C	0.09146	0.00457	0.90396
810 C	0.09102	0.00504	0.90394
811 A	0.09097	0.00520	0.90383
812 T	0.09121	0.00498	0.9038
813 A	0.09128	0.00496	0.90376
814 A	0.09151	0.00474	0.90376
815 T	0.09199	0.00422	0.9038
816 T	0.09230	0.00367	0.90404
817 G	0.09236	0.00336	0.90429
818 C	0.09235	0.00321	0.90444
819 T	0.09231	0.00318	0.90452
820 A	0.09214	0.00332	0.90455
821 T	0.09212	0.00331	0.90457
822 C	0.09209	0.00334	0.90458
823 C	0.09209	0.00337	0.90455
824 A	0.09214	0.00348	0.90437
825 T	0.09218	0.00355	0.90426
826 T	0.09213	0.00371	0.90415
827 T	0.09201	0.00390	0.90408
828 A	0.09173	0.00422	0.90405
829 G	0.09146	0.00428	0.90426
830 G	0.09136	0.00419	0.90444
831 A	0.09133	0.00401	0.90466
832 A	0.09132	0.00369	0.90499
833 C	0.09134	0.00318	0.90548
834 T	0.09141	0.00311	0.90548
835 A	0.09132	0.00336	0.90532
836 A	0.09120	0.00349	0.90532
837 G	0.09115	0.00360	0.90525
838 G	0.09114	0.00370	0.90517
839 G	0.09114	0.00350	0.90537
840 T	0.09118	0.00322	0.9056
841 T	0.09117	0.00311	0.90573
842 T	0.09108	0.00311	0.90581
843 C	0.09089	0.00318	0.90592
844 G	0.09076	0.00339	0.90585
845 G	0.09069	0.00366	0.90565
846 A	0.09070	0.00385	0.90545
847 T	0.09087	0.00389	0.90524
848 T	0.09098	0.00381	0.90521
849 T	0.09104	0.00365	0.9053
850 T	0.09101	0.00356	0.90543
851 A	0.09099	0.00335	0.90567
852 T	0.09098	0.00311	0.90591
853 C	0.09099	0.00301	0.906
854 T	0.09102	0.00295	0.90603
855 A	0.09103	0.00292	0.90604
856 A	0.09106	0.00288	0.90606
857 A	0.09115	0.00276	0.90609
858 T	0.09136	0.00247	0.90618
859 G	0.09147	0.00218	0.90634
860 T	0.09165	0.00193	0.90642
861 T	0.09176	0.00179	0.90645
862 T	0.09178	0.00173	0.90649
863 T	0.09179	0.00169	0.90651
864 A	0.09181	0.00164	0.90655
865 A	0.09184	0.00152	0.90664
866 T	0.09192	0.00126	0.90682
867 A	0.09202	0.00103	0.90695
868 T	0.09227	0.00066	0.90707
869 A	0.09247	0.00037	0.90716
870 A	0.09270	0.00000	0.90731
