# lcl|CP097583.1_cds_USQ93162.1_1
# AA	inside	membr	outside
1 A	0.71368	0.00000	0.28632
2 T	0.70999	0.00370	0.28632
3 G	0.70810	0.00558	0.28632
4 G	0.70810	0.02590	0.266
5 T	0.68173	0.09457	0.2237
6 A	0.68173	0.10830	0.20997
7 T	0.53633	0.25822	0.20545
8 C	0.53630	0.25843	0.20528
9 A	0.45736	0.33968	0.20296
10 G	0.45730	0.39557	0.14714
11 A	0.44273	0.41369	0.14359
12 A	0.29454	0.56274	0.14272
13 C	0.21919	0.64020	0.14061
14 A	0.21917	0.64022	0.14061
15 A	0.21917	0.67147	0.10936
16 A	0.21874	0.67191	0.10936
17 T	0.21831	0.67274	0.10896
18 G	0.21822	0.67351	0.10828
19 G	0.21656	0.67546	0.10798
20 T	0.21362	0.68661	0.09977
21 A	0.20148	0.69874	0.09977
22 A	0.20112	0.69931	0.09957
23 G	0.20137	0.69875	0.09987
24 A	0.20293	0.69687	0.1002
25 G	0.20506	0.68576	0.10918
26 A	0.20696	0.67914	0.11389
27 A	0.22415	0.63908	0.13677
28 C	0.26072	0.57511	0.16416
29 A	0.27553	0.55656	0.16791
30 A	0.28965	0.43943	0.27092
31 G	0.29440	0.41456	0.29104
32 T	0.30256	0.32086	0.37657
33 T	0.33865	0.28021	0.38114
34 T	0.32939	0.26565	0.40496
35 C	0.31271	0.15980	0.52749
36 G	0.29373	0.12497	0.58129
37 A	0.28704	0.13454	0.57842
38 C	0.30703	0.11903	0.57394
39 G	0.29974	0.16831	0.53195
40 T	0.30157	0.17727	0.52116
41 T	0.29929	0.21225	0.48847
42 G	0.29349	0.24045	0.46606
43 T	0.29615	0.24929	0.45457
44 T	0.28298	0.39063	0.32639
45 A	0.27031	0.49061	0.23907
46 A	0.26526	0.59336	0.14138
47 A	0.26289	0.60214	0.13498
48 A	0.26171	0.60645	0.13184
49 A	0.26004	0.61638	0.12359
50 A	0.25926	0.61750	0.12325
51 C	0.25922	0.61715	0.12363
52 A	0.25950	0.61752	0.12297
53 A	0.26004	0.61831	0.12165
54 A	0.26035	0.61706	0.12259
55 G	0.26095	0.61489	0.12415
56 G	0.26266	0.61184	0.12549
57 A	0.26488	0.59668	0.13844
58 T	0.26718	0.57504	0.15778
59 G	0.27021	0.54993	0.17986
60 G	0.27833	0.53506	0.18661
61 G	0.29089	0.52195	0.18716
62 T	0.34222	0.47690	0.18088
63 A	0.35777	0.46737	0.17487
64 T	0.42156	0.40058	0.17785
65 T	0.44592	0.37298	0.1811
66 A	0.45743	0.37148	0.17108
67 G	0.54365	0.28823	0.16812
68 A	0.62853	0.22937	0.14211
69 T	0.72373	0.14770	0.12858
70 T	0.73203	0.14118	0.12679
71 A	0.73505	0.13818	0.12677
72 T	0.74187	0.13005	0.12809
73 T	0.74141	0.12959	0.129
74 C	0.73963	0.13113	0.12924
75 C	0.73941	0.13128	0.12931
76 T	0.74073	0.12997	0.1293
77 C	0.73948	0.13129	0.12922
78 T	0.73493	0.13611	0.12895
79 C	0.71802	0.15341	0.12857
80 C	0.64533	0.22716	0.12751
81 A	0.61285	0.26632	0.12083
82 G	0.59381	0.29008	0.11611
83 A	0.57709	0.30783	0.11509
84 A	0.56681	0.31872	0.11446
85 T	0.57326	0.31274	0.11399
86 G	0.55295	0.33289	0.11415
87 C	0.50402	0.38198	0.114
88 A	0.46244	0.42533	0.11223
89 A	0.45853	0.42933	0.11214
90 C	0.46593	0.42225	0.11182
91 G	0.49609	0.39264	0.11126
92 T	0.51159	0.37804	0.11037
93 T	0.51311	0.37618	0.11071
94 T	0.51072	0.37877	0.11051
95 C	0.50455	0.38527	0.11018
96 A	0.49145	0.39852	0.11003
97 C	0.41941	0.46985	0.11074
98 A	0.38742	0.50563	0.10696
99 A	0.37186	0.52405	0.10409
100 G	0.36033	0.53729	0.10238
101 A	0.35355	0.54241	0.10405
102 A	0.34799	0.53919	0.11282
103 G	0.34054	0.47478	0.18468
104 A	0.33877	0.44859	0.21265
105 A	0.33738	0.43311	0.22951
106 A	0.33301	0.42574	0.24125
107 A	0.32933	0.42931	0.24136
108 A	0.32734	0.43224	0.24042
109 A	0.32549	0.40531	0.26921
110 A	0.32443	0.34916	0.3264
111 T	0.32514	0.29669	0.37817
112 G	0.32314	0.28150	0.39537
113 C	0.32304	0.27545	0.40151
114 C	0.32294	0.27648	0.40058
115 G	0.32180	0.30203	0.37616
116 A	0.32132	0.30512	0.37357
117 T	0.32281	0.30394	0.37325
118 T	0.32386	0.30296	0.37318
119 A	0.32440	0.29357	0.38204
120 C	0.32558	0.21072	0.46371
121 G	0.32883	0.17966	0.49151
122 T	0.33224	0.16747	0.50029
123 T	0.33450	0.17812	0.48739
124 T	0.33612	0.23193	0.43194
125 T	0.33618	0.27419	0.38962
126 A	0.33469	0.28217	0.38315
127 A	0.33298	0.28234	0.38467
128 A	0.32998	0.28472	0.3853
129 A	0.32804	0.28587	0.38609
130 G	0.33427	0.27480	0.39092
131 A	0.34025	0.26864	0.3911
132 T	0.33993	0.26772	0.39236
133 G	0.33497	0.27160	0.39343
134 A	0.33393	0.27350	0.39257
135 T	0.33530	0.27056	0.39414
136 A	0.33518	0.26991	0.39491
137 A	0.33874	0.26551	0.39574
138 T	0.36473	0.23717	0.3981
139 T	0.37014	0.23022	0.39964
140 C	0.37241	0.22716	0.40043
141 T	0.37529	0.22400	0.40071
142 T	0.37615	0.22272	0.40112
143 G	0.37623	0.22214	0.40163
144 C	0.37872	0.21911	0.40217
145 C	0.38641	0.21123	0.40236
146 C	0.41048	0.18672	0.4028
147 T	0.47682	0.12031	0.40286
148 T	0.51997	0.07708	0.40295
149 T	0.52848	0.06865	0.40287
150 A	0.52868	0.06816	0.40315
151 T	0.53180	0.06222	0.40599
152 T	0.53423	0.05243	0.41334
153 A	0.53229	0.05042	0.41728
154 G	0.53303	0.04581	0.42115
155 T	0.52996	0.05279	0.41725
156 T	0.51989	0.08156	0.39855
157 T	0.47286	0.21947	0.30767
158 T	0.39366	0.37937	0.22697
159 A	0.28137	0.54724	0.17139
160 G	0.22136	0.63316	0.14548
161 A	0.20927	0.66935	0.12138
162 A	0.20133	0.69083	0.10785
163 G	0.19494	0.70899	0.09606
164 T	0.19151	0.72218	0.08631
165 T	0.17345	0.75961	0.06694
166 A	0.14561	0.79054	0.06385
167 A	0.13806	0.80013	0.06181
168 A	0.13463	0.80429	0.06108
169 A	0.13359	0.80567	0.06074
170 C	0.13321	0.80596	0.06083
171 A	0.13283	0.80985	0.05732
172 A	0.13214	0.81437	0.0535
173 A	0.13216	0.81848	0.04936
174 A	0.13040	0.82379	0.04581
175 A	0.13242	0.82538	0.0422
176 A	0.13708	0.81781	0.04511
177 A	0.14390	0.80465	0.05145
178 A	0.15725	0.76386	0.07889
179 A	0.19170	0.70048	0.10781
180 T	0.30712	0.51847	0.17441
181 T	0.39546	0.36320	0.24133
182 T	0.44086	0.24425	0.31488
183 T	0.45267	0.19379	0.35354
184 A	0.45804	0.20830	0.33366
185 A	0.46284	0.20216	0.335
186 T	0.47331	0.18763	0.33906
187 A	0.48037	0.17628	0.34335
188 T	0.49687	0.14083	0.36231
189 C	0.49689	0.11910	0.384
190 T	0.49468	0.13501	0.37031
191 C	0.47154	0.19569	0.33277
192 A	0.37485	0.40267	0.22249
193 A	0.31722	0.48216	0.20062
194 A	0.28391	0.54195	0.17414
195 A	0.28048	0.55561	0.16391
196 G	0.27942	0.57216	0.14842
197 C	0.28186	0.57190	0.14625
198 T	0.28446	0.58442	0.13111
199 T	0.27990	0.60588	0.11421
200 T	0.27115	0.63376	0.09509
201 T	0.25912	0.65190	0.08898
202 G	0.24629	0.67125	0.08246
203 A	0.24047	0.68102	0.0785
204 A	0.22362	0.69989	0.07649
205 C	0.21786	0.70542	0.07672
206 A	0.20487	0.71946	0.07567
207 A	0.21024	0.71373	0.07603
208 G	0.20843	0.71505	0.07652
209 C	0.20815	0.71536	0.0765
210 A	0.20587	0.71979	0.07434
211 A	0.20204	0.72456	0.0734
212 A	0.20397	0.72134	0.07468
213 A	0.21877	0.70430	0.07692
214 A	0.25357	0.65458	0.09186
215 A	0.35174	0.46831	0.17995
216 A	0.38115	0.38209	0.23676
217 T	0.41607	0.30309	0.28084
218 A	0.42946	0.28104	0.2895
219 T	0.45269	0.24812	0.29919
220 G	0.46066	0.23565	0.30369
221 C	0.47305	0.21837	0.30858
222 T	0.48111	0.21093	0.30797
223 A	0.48473	0.20732	0.30794
224 T	0.48549	0.21487	0.29964
225 T	0.47873	0.23493	0.28634
226 A	0.45585	0.28123	0.26292
227 G	0.42732	0.30418	0.26851
228 A	0.41333	0.33632	0.25034
229 T	0.40580	0.35157	0.24262
230 T	0.39435	0.36736	0.23829
231 G	0.35529	0.42207	0.22264
232 A	0.34345	0.43512	0.22143
233 A	0.32767	0.44744	0.22489
234 A	0.31887	0.44707	0.23406
235 G	0.31220	0.44595	0.24185
236 C	0.31209	0.44291	0.24501
237 C	0.30557	0.44890	0.24554
238 C	0.29970	0.45529	0.245
239 C	0.29758	0.46005	0.24237
240 A	0.29452	0.47405	0.23144
241 A	0.29497	0.49222	0.21281
242 T	0.29746	0.50674	0.1958
243 A	0.28634	0.56725	0.1464
244 A	0.28330	0.60180	0.11489
245 T	0.28646	0.59345	0.12009
246 A	0.27965	0.59488	0.12546
247 G	0.28675	0.58390	0.12935
248 G	0.30251	0.56662	0.13087
249 A	0.33131	0.53473	0.13397
250 A	0.35017	0.49305	0.15677
251 T	0.38384	0.44207	0.17409
252 T	0.40258	0.41214	0.18529
253 A	0.40431	0.39941	0.19629
254 C	0.40902	0.36091	0.23006
255 A	0.40870	0.35525	0.23605
256 G	0.40820	0.34285	0.24896
257 A	0.40757	0.34164	0.25079
258 T	0.40997	0.33545	0.25458
259 G	0.41013	0.34271	0.24716
260 G	0.41080	0.33562	0.25358
261 G	0.41276	0.32809	0.25915
262 G	0.41668	0.32515	0.25817
263 A	0.42895	0.31858	0.25247
264 A	0.45036	0.29979	0.24984
265 A	0.47372	0.27557	0.2507
266 A	0.53384	0.19955	0.26662
267 T	0.58152	0.14442	0.27406
268 T	0.59237	0.13397	0.27366
269 T	0.59923	0.12609	0.27467
270 T	0.60083	0.13375	0.26542
271 T	0.60143	0.14949	0.24908
272 A	0.60138	0.16441	0.23421
273 T	0.60112	0.17847	0.22042
274 T	0.59237	0.21610	0.19154
275 A	0.56053	0.31173	0.12774
276 T	0.53817	0.34246	0.11937
277 A	0.46693	0.43636	0.0967
278 A	0.33616	0.57620	0.08764
279 A	0.28900	0.62644	0.08456
280 C	0.27991	0.63617	0.08392
281 A	0.26509	0.65836	0.07655
282 T	0.26433	0.65928	0.07639
283 G	0.23917	0.68509	0.07573
284 T	0.22852	0.69634	0.07513
285 A	0.20682	0.71878	0.07439
286 C	0.18301	0.74255	0.07445
287 A	0.16813	0.75752	0.07436
288 A	0.15166	0.77410	0.07424
289 A	0.14314	0.78283	0.07403
290 G	0.14226	0.78371	0.07403
291 C	0.14919	0.77666	0.07414
292 A	0.15497	0.77069	0.07434
293 A	0.16826	0.75610	0.07564
294 T	0.18936	0.73199	0.07865
295 C	0.20189	0.71598	0.08213
296 A	0.21267	0.70447	0.08285
297 A	0.23924	0.66704	0.09371
298 A	0.29723	0.57929	0.12348
299 A	0.31005	0.54306	0.14689
300 T	0.33855	0.45468	0.20677
301 T	0.35015	0.30133	0.34852
302 T	0.35256	0.25238	0.39506
303 A	0.35144	0.23988	0.40868
304 A	0.35270	0.22765	0.41965
305 T	0.35164	0.22013	0.42823
306 T	0.34109	0.21909	0.43982
307 T	0.32995	0.25086	0.41919
308 A	0.31573	0.27659	0.40767
309 T	0.29372	0.32103	0.38525
310 A	0.26571	0.43403	0.30025
311 A	0.25737	0.44672	0.29591
312 T	0.25187	0.45598	0.29215
313 G	0.24799	0.46936	0.28265
314 G	0.24600	0.48293	0.27107
315 T	0.24389	0.50001	0.2561
316 A	0.23915	0.51132	0.24953
317 T	0.23169	0.52035	0.24795
318 A	0.22372	0.53216	0.24412
319 G	0.22071	0.53929	0.24
320 A	0.21761	0.56146	0.22093
321 A	0.21773	0.57607	0.2062
322 T	0.21824	0.59121	0.19055
323 T	0.21758	0.61903	0.16339
324 A	0.21522	0.64979	0.13499
325 A	0.21296	0.68295	0.10408
326 A	0.21335	0.69133	0.09531
327 A	0.22418	0.68132	0.09449
328 A	0.24527	0.65478	0.09995
329 A	0.27841	0.60403	0.11755
330 T	0.33094	0.53500	0.13405
331 A	0.35646	0.49504	0.1485
332 C	0.40379	0.42407	0.17214
333 T	0.49494	0.31519	0.18988
334 G	0.51574	0.28974	0.19451
335 T	0.53423	0.27104	0.19473
336 T	0.54169	0.26964	0.18867
337 T	0.53441	0.28915	0.17644
338 T	0.48996	0.35460	0.15544
339 A	0.39223	0.45286	0.15492
340 G	0.34683	0.49248	0.16068
341 A	0.31724	0.51851	0.16424
342 A	0.29876	0.53502	0.16622
343 C	0.30636	0.52396	0.16968
344 A	0.31492	0.51607	0.16901
345 A	0.33374	0.49737	0.16889
346 G	0.36181	0.46931	0.16889
347 A	0.38838	0.44184	0.16977
348 T	0.41882	0.40964	0.17154
349 T	0.42303	0.40306	0.17392
350 T	0.41763	0.40742	0.17495
351 G	0.40825	0.41892	0.17283
352 T	0.40246	0.43135	0.16619
353 T	0.38927	0.45253	0.1582
354 A	0.35636	0.50207	0.14157
355 A	0.34031	0.52851	0.13118
356 A	0.31811	0.55431	0.12757
357 A	0.27979	0.59276	0.12745
358 A	0.26870	0.60051	0.13079
359 A	0.27065	0.58447	0.14488
360 A	0.28092	0.54925	0.16984
361 T	0.30451	0.46280	0.23269
362 T	0.30808	0.37012	0.3218
363 T	0.30812	0.32990	0.36198
364 A	0.30667	0.31098	0.38235
365 T	0.30614	0.29509	0.39877
366 T	0.30416	0.28947	0.40637
367 G	0.30115	0.28575	0.4131
368 A	0.30091	0.28477	0.41432
369 T	0.30237	0.28082	0.41681
370 A	0.30315	0.27762	0.41923
371 A	0.30416	0.27284	0.423
372 T	0.30886	0.25360	0.43753
373 C	0.31160	0.23273	0.45567
374 C	0.31588	0.21731	0.46682
375 A	0.32351	0.21168	0.46481
376 A	0.33217	0.20218	0.46565
377 T	0.34842	0.16667	0.48492
378 T	0.35833	0.14834	0.49333
379 T	0.36186	0.12442	0.51372
380 G	0.36390	0.07872	0.55737
381 T	0.36575	0.06466	0.56959
382 T	0.36626	0.06157	0.57217
383 T	0.36612	0.06688	0.567
384 T	0.36351	0.09057	0.54593
385 G	0.36167	0.13083	0.5075
386 A	0.35352	0.23069	0.41579
387 A	0.35109	0.31228	0.33663
388 T	0.35122	0.40567	0.24311
389 T	0.34794	0.50334	0.14872
390 A	0.33917	0.54289	0.11793
391 A	0.33609	0.56711	0.0968
392 A	0.32406	0.59866	0.07728
393 A	0.31887	0.61148	0.06964
394 C	0.31633	0.61897	0.0647
395 A	0.31446	0.62848	0.05707
396 A	0.30624	0.63766	0.05611
397 G	0.30274	0.64121	0.05605
398 A	0.30631	0.63770	0.05599
399 T	0.31116	0.63284	0.056
400 C	0.31101	0.63292	0.05607
401 C	0.31025	0.63367	0.05608
402 A	0.30945	0.63460	0.05595
403 C	0.30993	0.63411	0.05596
404 A	0.30932	0.63492	0.05577
405 A	0.31213	0.63214	0.05574
406 A	0.32313	0.62084	0.05604
407 C	0.35007	0.59050	0.05943
408 A	0.39005	0.54908	0.06088
409 C	0.48312	0.44473	0.07214
410 G	0.56289	0.36140	0.07571
411 T	0.66573	0.25681	0.07746
412 G	0.74218	0.17819	0.07963
413 C	0.77707	0.13486	0.08807
414 A	0.79893	0.11065	0.09042
415 T	0.82448	0.07204	0.10348
416 T	0.83199	0.06060	0.10741
417 T	0.83592	0.05601	0.10807
418 A	0.83570	0.05818	0.10612
419 T	0.83428	0.05011	0.11561
420 T	0.82727	0.05278	0.11995
421 T	0.80279	0.07948	0.11773
422 T	0.77312	0.11364	0.11324
423 A	0.72851	0.16944	0.10205
424 A	0.69848	0.21294	0.08859
425 A	0.69165	0.22131	0.08703
426 A	0.68927	0.22286	0.08788
427 G	0.68831	0.22079	0.0909
428 T	0.68771	0.21997	0.09232
429 T	0.68585	0.22258	0.09157
430 T	0.68333	0.22573	0.09094
431 T	0.67979	0.22909	0.09112
432 T	0.67608	0.23269	0.09122
433 A	0.67315	0.23580	0.09105
434 A	0.67160	0.23749	0.09091
435 C	0.67028	0.23847	0.09125
436 A	0.66935	0.24150	0.08915
437 A	0.66908	0.24440	0.08652
438 T	0.66714	0.25100	0.08185
439 A	0.66294	0.25865	0.0784
440 T	0.66267	0.26083	0.0765
441 T	0.66278	0.25701	0.08021
442 A	0.65721	0.25906	0.08373
443 A	0.65754	0.24504	0.09741
444 T	0.66294	0.21396	0.1231
445 G	0.66671	0.18745	0.14584
446 A	0.67587	0.15399	0.17014
447 T	0.69057	0.11597	0.19346
448 T	0.69357	0.11127	0.19516
449 T	0.69334	0.11378	0.19288
450 A	0.69183	0.12048	0.18768
451 T	0.69187	0.11968	0.18845
452 T	0.69062	0.12028	0.18911
453 A	0.68673	0.12683	0.18643
454 T	0.68510	0.13412	0.18078
455 C	0.68213	0.14534	0.17253
456 A	0.67718	0.18260	0.14023
457 A	0.67532	0.19627	0.12841
458 A	0.67482	0.20259	0.12258
459 A	0.67679	0.20037	0.12284
460 A	0.68032	0.19652	0.12317
461 T	0.68723	0.18450	0.12827
462 A	0.69153	0.17375	0.13472
463 C	0.69540	0.16548	0.13912
464 A	0.70026	0.15836	0.14139
465 T	0.70768	0.14533	0.14699
466 G	0.71020	0.14155	0.14824
467 T	0.71516	0.13613	0.1487
468 T	0.71967	0.13126	0.14907
469 T	0.72369	0.12512	0.15118
470 T	0.72590	0.12329	0.1508
471 T	0.72722	0.12449	0.14829
472 A	0.72660	0.13155	0.14186
473 A	0.72577	0.14153	0.1327
474 A	0.72279	0.16001	0.1172
475 G	0.72440	0.16359	0.11201
476 G	0.72968	0.16118	0.10914
477 T	0.74247	0.14780	0.10973
478 A	0.75175	0.13643	0.11183
479 T	0.78072	0.10323	0.11606
480 T	0.78674	0.09535	0.11791
481 C	0.78244	0.09890	0.11866
482 C	0.77877	0.10286	0.11838
483 T	0.77620	0.10630	0.11749
484 C	0.77249	0.11107	0.11644
485 G	0.76866	0.11696	0.11437
486 T	0.76743	0.11844	0.11414
487 T	0.76429	0.12183	0.11389
488 T	0.75894	0.12757	0.1135
489 A	0.75092	0.13563	0.11346
490 C	0.74684	0.13951	0.11365
491 A	0.74394	0.14234	0.11372
492 A	0.74370	0.14231	0.11399
493 C	0.74572	0.13973	0.11456
494 A	0.74982	0.13541	0.11477
495 A	0.75719	0.12745	0.11536
496 A	0.76964	0.11138	0.11898
497 T	0.78786	0.08920	0.12295
498 T	0.79453	0.08099	0.12448
499 T	0.79849	0.07294	0.12857
500 G	0.79712	0.07220	0.13068
501 T	0.79633	0.07065	0.13302
502 A	0.79501	0.07090	0.13409
503 A	0.79470	0.06844	0.13686
504 T	0.79558	0.05989	0.14453
505 T	0.79674	0.05423	0.14904
506 T	0.79721	0.05012	0.15268
507 T	0.79734	0.04616	0.1565
508 T	0.79710	0.04560	0.1573
509 T	0.79409	0.04828	0.15762
510 G	0.79131	0.05012	0.15858
511 T	0.79063	0.04987	0.15951
512 T	0.78904	0.04796	0.163
513 T	0.78638	0.04972	0.1639
514 T	0.78220	0.05354	0.16426
515 T	0.77674	0.06008	0.16318
516 A	0.75681	0.08183	0.16135
517 A	0.74681	0.09334	0.15985
518 A	0.74172	0.10026	0.15801
519 A	0.74059	0.10284	0.15658
520 T	0.74064	0.10390	0.15546
521 T	0.74000	0.10619	0.15382
522 A	0.73876	0.10717	0.15407
523 T	0.73838	0.10591	0.15571
524 T	0.73739	0.10620	0.15641
525 T	0.73412	0.10871	0.15716
526 C	0.72474	0.11846	0.1568
527 A	0.71630	0.12989	0.1538
528 T	0.71416	0.13350	0.15234
529 G	0.71155	0.13591	0.15254
530 A	0.71173	0.13545	0.15282
531 T	0.71697	0.12941	0.15361
532 T	0.71990	0.12227	0.15783
533 C	0.71990	0.11764	0.16246
534 T	0.71451	0.12273	0.16276
535 T	0.69638	0.14156	0.16205
536 T	0.65255	0.18863	0.15881
537 G	0.55142	0.30123	0.14735
538 A	0.45411	0.41733	0.12857
539 A	0.38285	0.49412	0.12303
540 A	0.29184	0.59443	0.11373
541 G	0.24621	0.64330	0.11049
542 A	0.20807	0.70008	0.09186
543 A	0.17641	0.75153	0.07206
544 A	0.14976	0.79824	0.052
545 A	0.13522	0.82053	0.04425
546 A	0.12325	0.84163	0.03512
547 A	0.11503	0.84963	0.03534
548 A	0.10250	0.86079	0.03671
549 A	0.08618	0.86968	0.04413
550 G	0.07810	0.86983	0.05207
551 C	0.07303	0.87328	0.05368
552 G	0.06554	0.88431	0.05015
553 A	0.05824	0.90155	0.04021
554 A	0.05238	0.91074	0.03688
555 A	0.04703	0.91688	0.03608
556 A	0.04159	0.92147	0.03693
557 A	0.04077	0.90231	0.05692
558 A	0.04278	0.86962	0.0876
559 G	0.04757	0.81013	0.1423
560 A	0.05964	0.71568	0.22468
561 A	0.07710	0.62012	0.30279
562 A	0.10113	0.54760	0.35127
563 T	0.12332	0.46677	0.40992
564 A	0.12950	0.47709	0.39341
565 A	0.14288	0.46729	0.38983
566 A	0.15529	0.48865	0.35606
567 T	0.17184	0.47303	0.35514
568 A	0.16743	0.48807	0.3445
569 A	0.16812	0.50440	0.32748
570 A	0.16641	0.51237	0.32122
571 A	0.16672	0.50149	0.33179
572 T	0.17119	0.47331	0.3555
573 T	0.16981	0.46463	0.36556
574 T	0.16444	0.46971	0.36585
575 A	0.15782	0.48370	0.35848
576 T	0.16113	0.48609	0.35278
577 A	0.15083	0.51841	0.33076
578 A	0.13877	0.53868	0.32255
579 T	0.12952	0.55283	0.31765
580 T	0.11326	0.58426	0.30248
581 G	0.09529	0.60237	0.30234
582 G	0.08556	0.61374	0.30069
583 G	0.08262	0.62002	0.29736
584 A	0.08970	0.61686	0.29345
585 C	0.11053	0.59946	0.29002
586 A	0.14079	0.59390	0.26532
587 A	0.19104	0.55023	0.25873
588 A	0.22827	0.51634	0.25539
589 T	0.30296	0.44188	0.25517
590 T	0.33121	0.41919	0.24959
591 A	0.34392	0.40921	0.24686
592 A	0.36298	0.39711	0.23992
593 T	0.37556	0.38299	0.24146
594 T	0.37393	0.38862	0.23745
595 A	0.29951	0.48417	0.21632
596 A	0.24424	0.56490	0.19086
597 A	0.21412	0.61900	0.16688
598 A	0.16822	0.71619	0.1156
599 A	0.15019	0.75588	0.09393
600 A	0.16038	0.74881	0.0908
601 A	0.16508	0.73739	0.09753
602 A	0.17126	0.72401	0.10473
603 T	0.18070	0.70620	0.1131
604 A	0.16322	0.72609	0.1107
605 A	0.15040	0.75719	0.0924
606 A	0.13960	0.78397	0.07644
607 A	0.13983	0.79846	0.06172
608 A	0.14293	0.79361	0.06346
609 T	0.16365	0.77012	0.06624
610 A	0.16716	0.76519	0.06766
611 A	0.17047	0.75949	0.07003
612 C	0.17336	0.75318	0.07346
613 G	0.17651	0.74878	0.07472
614 A	0.18688	0.73605	0.07707
615 T	0.20290	0.71569	0.08141
616 G	0.20434	0.71197	0.08368
617 A	0.21285	0.70001	0.08714
618 A	0.23441	0.60375	0.16183
619 G	0.26357	0.51206	0.22436
620 A	0.29424	0.44841	0.25735
621 T	0.36531	0.32460	0.31009
622 T	0.39377	0.27363	0.33261
623 T	0.40680	0.25207	0.34113
624 A	0.41083	0.24547	0.34371
625 A	0.41763	0.23075	0.35162
626 T	0.42892	0.20732	0.36376
627 A	0.44166	0.17678	0.38157
628 T	0.46616	0.13468	0.39916
629 C	0.48494	0.10024	0.41482
630 T	0.50170	0.08617	0.41214
631 T	0.50130	0.09591	0.4028
632 T	0.49694	0.13481	0.36826
633 T	0.48948	0.16387	0.34665
634 T	0.47974	0.18769	0.33256
635 A	0.46365	0.23142	0.30492
636 T	0.45930	0.24701	0.29369
637 A	0.44821	0.26092	0.29087
638 A	0.43750	0.27275	0.28975
639 T	0.42735	0.28220	0.29045
640 A	0.40977	0.30811	0.28212
641 C	0.35922	0.36058	0.2802
642 G	0.34183	0.39326	0.26491
643 A	0.33896	0.41977	0.24127
644 T	0.33920	0.43720	0.2236
645 G	0.33327	0.45374	0.21299
646 T	0.32205	0.48828	0.18968
647 T	0.30581	0.52183	0.17236
648 A	0.27735	0.56558	0.15707
649 G	0.25842	0.59633	0.14524
650 A	0.24913	0.61539	0.13547
651 A	0.24628	0.62491	0.12881
652 A	0.24810	0.62703	0.12487
653 A	0.25764	0.61813	0.12423
654 A	0.27487	0.59758	0.12756
655 T	0.31729	0.54712	0.13559
656 T	0.33635	0.52003	0.14363
657 A	0.34400	0.50438	0.15162
658 C	0.36163	0.47188	0.16649
659 A	0.37070	0.46176	0.16754
660 A	0.37315	0.45408	0.17277
661 A	0.37380	0.44915	0.17705
662 G	0.38000	0.43486	0.18514
663 T	0.39482	0.41133	0.19386
664 A	0.39877	0.36054	0.24069
665 A	0.41545	0.32444	0.26011
666 A	0.44203	0.28863	0.26933
667 T	0.46965	0.24853	0.28181
668 A	0.48069	0.22312	0.29618
669 T	0.50785	0.16519	0.32696
670 T	0.52160	0.13216	0.34624
671 G	0.52639	0.11288	0.36073
672 T	0.53322	0.11331	0.35348
673 G	0.53376	0.11670	0.34954
674 T	0.53168	0.13303	0.33529
675 T	0.52266	0.15191	0.32543
676 T	0.51624	0.17536	0.3084
677 C	0.49930	0.20682	0.29388
678 A	0.48726	0.28572	0.22702
679 A	0.48294	0.31262	0.20445
680 T	0.48252	0.31492	0.20257
681 A	0.47926	0.31823	0.20251
682 A	0.48078	0.31632	0.20291
683 A	0.48412	0.31009	0.20579
684 C	0.48878	0.29867	0.21254
685 C	0.49163	0.29473	0.21365
686 T	0.49685	0.28955	0.21361
687 T	0.50192	0.28449	0.21359
688 T	0.50379	0.28280	0.21341
689 T	0.50416	0.28258	0.21326
690 T	0.50384	0.28258	0.21359
691 G	0.50280	0.28189	0.21531
692 A	0.50266	0.28101	0.21633
693 A	0.50401	0.27782	0.21817
694 G	0.50769	0.26688	0.22543
695 A	0.52546	0.24472	0.22982
696 A	0.54441	0.21726	0.23832
697 T	0.57498	0.17140	0.25363
698 C	0.59135	0.14138	0.26727
699 T	0.61297	0.11554	0.27149
700 G	0.62249	0.10003	0.27748
701 T	0.67157	0.05191	0.27651
702 T	0.68172	0.05159	0.26669
703 T	0.68052	0.08577	0.23372
704 T	0.67691	0.11142	0.21167
705 T	0.66721	0.13872	0.19407
706 A	0.65257	0.17377	0.17366
707 A	0.60395	0.22560	0.17045
708 T	0.58384	0.24742	0.16875
709 G	0.54900	0.28433	0.16666
710 T	0.53527	0.29981	0.16492
711 C	0.48859	0.34985	0.16156
712 T	0.45349	0.39193	0.15458
713 A	0.40467	0.44530	0.15003
714 T	0.38636	0.46521	0.14843
715 A	0.35738	0.49559	0.14703
716 A	0.33610	0.51772	0.14618
717 A	0.31815	0.53551	0.14634
718 G	0.30556	0.54832	0.14612
719 A	0.29776	0.55708	0.14516
720 A	0.29108	0.56355	0.14537
721 G	0.28618	0.56762	0.14621
722 A	0.28657	0.56726	0.14617
723 A	0.29146	0.56125	0.14729
724 C	0.30152	0.54718	0.1513
725 A	0.31682	0.53009	0.15309
726 T	0.36151	0.48130	0.15719
727 T	0.38592	0.45281	0.16127
728 T	0.39805	0.43388	0.16807
729 A	0.40363	0.41962	0.17675
730 A	0.40572	0.36429	0.22999
731 T	0.40895	0.32887	0.26218
732 T	0.41202	0.28881	0.29917
733 A	0.41303	0.27034	0.31663
734 T	0.41581	0.22243	0.36176
735 T	0.41387	0.20324	0.38289
736 T	0.40223	0.19546	0.40231
737 T	0.37223	0.22796	0.39982
738 A	0.30530	0.30555	0.38915
739 A	0.26257	0.37231	0.36512
740 A	0.23759	0.40099	0.36142
741 A	0.21504	0.43769	0.34727
742 A	0.19992	0.47650	0.32358
743 A	0.19125	0.52158	0.28717
744 A	0.18250	0.58632	0.23118
745 A	0.17892	0.62250	0.19858
746 T	0.17763	0.63547	0.1869
747 A	0.17313	0.65675	0.17012
748 A	0.17007	0.68030	0.14963
749 T	0.16912	0.68992	0.14097
750 T	0.16596	0.70131	0.13272
751 G	0.15823	0.71601	0.12576
752 A	0.15398	0.72534	0.12069
753 A	0.15209	0.72939	0.11852
754 G	0.15217	0.72949	0.11834
755 A	0.15483	0.72588	0.11928
756 A	0.16265	0.71450	0.12284
757 A	0.17439	0.69549	0.13013
758 T	0.20176	0.65139	0.14684
759 T	0.21929	0.61676	0.16396
760 A	0.22850	0.58065	0.19086
761 A	0.24563	0.51270	0.24168
762 T	0.27748	0.44358	0.27894
763 A	0.28998	0.41217	0.29784
764 A	0.31459	0.36842	0.31699
765 G	0.34945	0.31937	0.33117
766 A	0.39697	0.26907	0.33396
767 T	0.46529	0.19367	0.34104
768 T	0.50256	0.15519	0.34225
769 A	0.51329	0.15290	0.3338
770 A	0.52971	0.13677	0.33352
771 T	0.55367	0.10974	0.3366
772 T	0.56493	0.10127	0.3338
773 T	0.57279	0.09300	0.33422
774 T	0.57793	0.08471	0.33736
775 T	0.58027	0.07973	0.34
776 T	0.57903	0.08006	0.34091
777 T	0.57756	0.08161	0.34083
778 A	0.57366	0.08537	0.34097
779 C	0.57285	0.08582	0.34133
780 T	0.57305	0.08623	0.34073
781 T	0.57196	0.08879	0.33926
782 C	0.56176	0.10105	0.33719
783 T	0.55528	0.11520	0.32951
784 A	0.53510	0.15104	0.31387
785 A	0.52224	0.17702	0.30074
786 T	0.51426	0.19560	0.29014
787 A	0.50467	0.21966	0.27567
788 A	0.50301	0.23659	0.26041
789 T	0.50739	0.23926	0.25334
790 A	0.50602	0.24931	0.24466
791 A	0.50850	0.24981	0.24169
792 T	0.52018	0.24012	0.2397
793 G	0.52129	0.24531	0.2334
794 A	0.52080	0.25708	0.22212
795 T	0.52596	0.25245	0.22158
796 T	0.52652	0.25200	0.22149
797 T	0.52455	0.25370	0.22175
798 A	0.51715	0.26067	0.22218
799 C	0.51275	0.26253	0.22472
800 A	0.50992	0.26488	0.2252
801 T	0.50857	0.26334	0.22808
802 G	0.50646	0.26448	0.22906
803 G	0.50520	0.26532	0.22948
804 A	0.50589	0.26409	0.23002
805 G	0.50795	0.25014	0.24191
806 A	0.51494	0.23486	0.25019
807 A	0.52971	0.19946	0.27084
808 G	0.54327	0.17215	0.28458
809 C	0.55533	0.14931	0.29536
810 A	0.57024	0.12869	0.30107
811 T	0.58851	0.10652	0.30497
812 T	0.59785	0.09496	0.30719
813 T	0.60540	0.08575	0.30886
814 G	0.60728	0.08461	0.30811
815 A	0.60962	0.08203	0.30835
816 A	0.61553	0.07144	0.31303
817 T	0.62675	0.05321	0.32004
818 T	0.62903	0.04928	0.32169
819 T	0.63059	0.04801	0.32139
820 T	0.63130	0.04628	0.32241
821 T	0.63125	0.04350	0.32524
822 T	0.62707	0.04823	0.32469
823 T	0.61647	0.06304	0.32049
824 T	0.59132	0.09956	0.30912
825 A	0.55991	0.15111	0.28898
826 G	0.53711	0.20216	0.26073
827 A	0.51455	0.23209	0.25336
828 A	0.49682	0.25550	0.24768
829 A	0.48631	0.27198	0.24171
830 T	0.47685	0.28418	0.23897
831 C	0.46619	0.29918	0.23463
832 A	0.45844	0.30976	0.23179
833 A	0.45694	0.31236	0.23071
834 T	0.45835	0.31145	0.23019
835 T	0.45783	0.31204	0.23013
836 C	0.45338	0.31656	0.23007
837 A	0.44902	0.32111	0.22987
838 T	0.44917	0.32133	0.2295
839 C	0.44645	0.32560	0.22795
840 A	0.44600	0.33272	0.22128
841 A	0.44772	0.33645	0.21583
842 T	0.45165	0.34030	0.20806
843 T	0.45379	0.33869	0.20752
844 A	0.45417	0.33973	0.20611
845 A	0.45501	0.33110	0.2139
846 A	0.45950	0.31218	0.22832
847 C	0.46946	0.27059	0.25995
848 A	0.48799	0.23174	0.28027
849 A	0.51601	0.18650	0.29749
850 A	0.52532	0.15912	0.31556
851 G	0.53345	0.13490	0.33165
852 T	0.54134	0.11868	0.33998
853 G	0.54451	0.10494	0.35055
854 A	0.54888	0.09126	0.35985
855 T	0.55221	0.07999	0.36779
856 T	0.55340	0.07993	0.36667
857 T	0.55287	0.08727	0.35986
858 A	0.54997	0.09068	0.35935
859 G	0.54896	0.08999	0.36104
860 G	0.54790	0.09456	0.35754
861 A	0.54763	0.11036	0.34202
862 C	0.54928	0.11286	0.33786
863 A	0.55466	0.12110	0.32424
864 A	0.55814	0.13279	0.30907
865 T	0.56556	0.12994	0.3045
866 A	0.56566	0.13247	0.30187
867 T	0.56678	0.13335	0.29987
868 T	0.56412	0.13436	0.30152
869 T	0.55815	0.13886	0.30299
870 T	0.54932	0.14676	0.30392
871 A	0.52881	0.16684	0.30435
872 C	0.51942	0.17591	0.30467
873 C	0.50212	0.19315	0.30473
874 C	0.49078	0.20450	0.30472
875 C	0.48218	0.21318	0.30463
876 T	0.47628	0.21919	0.30453
877 A	0.46165	0.23384	0.30451
878 G	0.44704	0.24846	0.3045
879 A	0.44586	0.24960	0.30454
880 C	0.45156	0.24285	0.30559
881 C	0.45328	0.23844	0.30829
882 A	0.45681	0.23446	0.30873
883 A	0.46831	0.22206	0.30963
884 T	0.48995	0.19958	0.31046
885 T	0.49860	0.19066	0.31074
886 G	0.50769	0.18077	0.31154
887 T	0.52112	0.16466	0.31422
888 T	0.52367	0.16056	0.31577
889 A	0.52366	0.15888	0.31747
890 A	0.52521	0.15423	0.32056
891 T	0.52610	0.14540	0.32849
892 T	0.52588	0.13709	0.33703
893 T	0.52515	0.12846	0.34639
894 T	0.52272	0.11419	0.36309
895 A	0.51878	0.10846	0.37276
896 T	0.51704	0.08978	0.39318
897 G	0.51472	0.08085	0.40444
898 G	0.51369	0.07423	0.41209
899 T	0.51328	0.06791	0.41881
900 A	0.51281	0.05653	0.43066
901 G	0.51262	0.04137	0.44601
902 A	0.51262	0.03810	0.44928
903 T	0.51285	0.03678	0.45038
904 T	0.51296	0.03502	0.45202
905 T	0.51304	0.03342	0.45353
906 T	0.51278	0.03320	0.45403
907 G	0.51221	0.03550	0.45229
908 C	0.51194	0.03757	0.45049
909 T	0.51152	0.04464	0.44384
910 A	0.51039	0.06130	0.42832
911 A	0.50620	0.07751	0.41629
912 T	0.50037	0.09432	0.40531
913 T	0.48065	0.14653	0.37282
914 T	0.43747	0.23794	0.32459
915 A	0.34406	0.40492	0.25102
916 A	0.31036	0.46552	0.22412
917 A	0.29316	0.49334	0.2135
918 A	0.27886	0.50932	0.21182
919 G	0.26548	0.52709	0.20743
920 T	0.25851	0.53840	0.2031
921 A	0.24333	0.56458	0.1921
922 G	0.23217	0.57875	0.18908
923 A	0.22679	0.58664	0.18656
924 A	0.22609	0.58748	0.18643
925 A	0.22688	0.58679	0.18634
926 C	0.22847	0.58507	0.18646
927 A	0.22900	0.58470	0.18629
928 C	0.23012	0.58359	0.18629
929 A	0.23179	0.58217	0.18603
930 T	0.23481	0.57910	0.18609
931 A	0.23600	0.57796	0.18604
932 A	0.24175	0.57158	0.18667
933 A	0.25544	0.55674	0.18782
934 A	0.26783	0.53603	0.19614
935 A	0.28233	0.50762	0.21005
936 A	0.32077	0.44226	0.23698
937 A	0.37428	0.34236	0.28337
938 T	0.44916	0.18143	0.36941
939 T	0.47400	0.12587	0.40013
940 T	0.48384	0.10323	0.41293
941 A	0.48705	0.10457	0.40838
942 T	0.49060	0.09242	0.41698
943 G	0.49170	0.08470	0.4236
944 A	0.49700	0.06821	0.43479
945 T	0.50052	0.05465	0.44483
946 C	0.50218	0.04806	0.44976
947 C	0.50221	0.05095	0.44684
948 T	0.50237	0.05453	0.4431
949 T	0.50119	0.05799	0.44081
950 T	0.49899	0.06274	0.43827
951 T	0.49587	0.07283	0.4313
952 T	0.49178	0.08850	0.41971
953 G	0.48726	0.09691	0.41583
954 T	0.48216	0.10736	0.41047
955 G	0.46484	0.12584	0.40932
956 G	0.43990	0.15365	0.40645
957 T	0.41784	0.18765	0.39451
958 A	0.40120	0.21687	0.38193
959 C	0.39657	0.22548	0.37794
960 A	0.39383	0.23362	0.37255
961 G	0.39305	0.23643	0.37052
962 G	0.39302	0.23778	0.3692
963 A	0.39552	0.23637	0.36811
964 G	0.40896	0.22307	0.36797
965 G	0.41374	0.21725	0.36901
966 A	0.41756	0.21157	0.37087
967 T	0.42451	0.20141	0.37409
968 T	0.42777	0.19878	0.37346
969 T	0.42909	0.19847	0.37244
970 T	0.43016	0.19877	0.37107
971 T	0.43023	0.20140	0.36837
972 A	0.42803	0.20699	0.36498
973 A	0.42701	0.20886	0.36413
974 T	0.43192	0.20354	0.36453
975 T	0.43321	0.20522	0.36157
976 A	0.41318	0.22344	0.36338
977 A	0.40634	0.22727	0.3664
978 A	0.40645	0.20906	0.38449
979 G	0.40863	0.18157	0.40979
980 C	0.42233	0.14899	0.42868
981 T	0.43678	0.14632	0.4169
982 T	0.44081	0.14343	0.41577
983 T	0.43829	0.14780	0.41391
984 T	0.42685	0.16158	0.41157
985 T	0.41188	0.17866	0.40947
986 C	0.35921	0.23458	0.40621
987 A	0.31529	0.29838	0.38633
988 A	0.29104	0.34906	0.3599
989 A	0.27668	0.37472	0.34859
990 A	0.27179	0.38757	0.34065
991 T	0.27074	0.39535	0.33392
992 T	0.26675	0.41248	0.32077
993 A	0.26023	0.44501	0.29476
994 A	0.25857	0.48807	0.25336
995 A	0.25814	0.49955	0.24232
996 A	0.25515	0.50047	0.24438
997 G	0.25371	0.49922	0.24707
998 A	0.24550	0.50405	0.25045
999 A	0.24127	0.49196	0.26677
1000 C	0.24138	0.48369	0.27493
1001 A	0.24117	0.49008	0.26876
1002 A	0.24424	0.49531	0.26045
1003 A	0.25148	0.49555	0.25297
1004 T	0.27250	0.47537	0.25213
1005 T	0.27545	0.47292	0.25163
1006 T	0.27594	0.46056	0.2635
1007 T	0.27558	0.44722	0.2772
1008 A	0.27190	0.43812	0.28998
1009 A	0.27343	0.39168	0.33489
1010 A	0.28935	0.33633	0.37433
1011 T	0.31550	0.28191	0.40259
1012 C	0.32456	0.25528	0.42015
1013 C	0.33197	0.24400	0.42404
1014 A	0.33415	0.24633	0.41952
1015 C	0.34033	0.24202	0.41765
1016 A	0.35763	0.23866	0.40371
1017 T	0.40138	0.20386	0.39477
1018 A	0.41171	0.22609	0.3622
1019 A	0.41425	0.24853	0.33722
1020 A	0.41587	0.27468	0.30945
1021 T	0.42219	0.27482	0.303
1022 T	0.40640	0.29954	0.29406
1023 A	0.37659	0.34811	0.2753
1024 A	0.37588	0.36241	0.26171
1025 A	0.37876	0.36607	0.25517
1026 T	0.38110	0.36461	0.25429
1027 T	0.36856	0.37554	0.25591
1028 T	0.33460	0.40716	0.25824
1029 G	0.26666	0.47284	0.2605
1030 G	0.24242	0.49640	0.26118
1031 C	0.22258	0.51437	0.26306
1032 C	0.20624	0.53463	0.25913
1033 A	0.19432	0.55066	0.25502
1034 A	0.18498	0.56334	0.25168
1035 A	0.17792	0.57117	0.2509
1036 A	0.17481	0.57396	0.25123
1037 C	0.17789	0.56654	0.25556
1038 G	0.18341	0.55446	0.26213
1039 C	0.19898	0.53453	0.26648
1040 A	0.20998	0.52818	0.26184
1041 A	0.24338	0.49737	0.25925
1042 G	0.27599	0.46749	0.25651
1043 A	0.31665	0.42617	0.25718
1044 T	0.35450	0.38531	0.26018
1045 T	0.37081	0.34532	0.28388
1046 T	0.37613	0.30880	0.31507
1047 A	0.35179	0.33001	0.31821
1048 A	0.32023	0.35938	0.32039
1049 A	0.28192	0.39611	0.32198
1050 A	0.23596	0.43385	0.33019
1051 A	0.20040	0.43900	0.36061
1052 A	0.16620	0.42710	0.4067
1053 A	0.14052	0.45778	0.4017
1054 G	0.12339	0.50689	0.36972
1055 A	0.10750	0.61389	0.27862
1056 A	0.10352	0.61720	0.27928
1057 A	0.10285	0.61807	0.27907
1058 T	0.10261	0.61381	0.28359
1059 G	0.09939	0.61213	0.28849
1060 C	0.09774	0.61059	0.29167
1061 A	0.09653	0.61317	0.2903
1062 A	0.09685	0.61305	0.2901
1063 C	0.10133	0.60832	0.29035
1064 A	0.10526	0.60531	0.28943
1065 T	0.10962	0.60170	0.28867
1066 T	0.11171	0.60068	0.2876
1067 T	0.10975	0.60544	0.28482
1068 A	0.10801	0.61179	0.28021
1069 A	0.10684	0.61256	0.28059
1070 A	0.10636	0.59363	0.30001
1071 A	0.10962	0.56126	0.32911
1072 A	0.11777	0.52016	0.36207
1073 A	0.13224	0.46889	0.39887
1074 A	0.14718	0.42790	0.42492
1075 G	0.17208	0.38026	0.44767
1076 A	0.19869	0.34796	0.45336
1077 A	0.25033	0.29434	0.45532
1078 T	0.34161	0.18920	0.46919
1079 G	0.34947	0.17897	0.47157
1080 T	0.35793	0.17437	0.4677
1081 T	0.35999	0.17749	0.46253
1082 T	0.35915	0.18412	0.45672
1083 A	0.35613	0.19618	0.4477
1084 T	0.35174	0.21069	0.43757
1085 A	0.34573	0.23544	0.41883
1086 T	0.33942	0.24596	0.41461
1087 G	0.33408	0.25880	0.40712
1088 G	0.32813	0.27256	0.39932
1089 A	0.32296	0.29009	0.38695
1090 C	0.32327	0.29375	0.38299
1091 A	0.32643	0.30106	0.37251
1092 A	0.33391	0.30230	0.36379
1093 G	0.34203	0.29355	0.36442
1094 A	0.34800	0.28826	0.36373
1095 G	0.35131	0.28411	0.36458
1096 G	0.36018	0.27343	0.3664
1097 C	0.36966	0.26287	0.36746
1098 A	0.38568	0.24770	0.36662
1099 G	0.40716	0.22661	0.36622
1100 T	0.43056	0.20434	0.3651
1101 T	0.43863	0.19994	0.36143
1102 A	0.44056	0.20465	0.35479
1103 T	0.44361	0.20568	0.35071
1104 G	0.41169	0.25028	0.33803
1105 G	0.39445	0.26823	0.33731
1106 A	0.38764	0.27840	0.33396
1107 A	0.38448	0.28186	0.33366
1108 A	0.38918	0.27164	0.33918
1109 C	0.39114	0.26079	0.34807
1110 A	0.39386	0.25556	0.35058
1111 G	0.39760	0.24687	0.35553
1112 C	0.40718	0.23472	0.3581
1113 T	0.41185	0.23381	0.35434
1114 A	0.41509	0.23415	0.35076
1115 G	0.42180	0.22706	0.35114
1116 A	0.42279	0.22670	0.3505
1117 T	0.42496	0.22373	0.35131
1118 T	0.42446	0.22072	0.35482
1119 T	0.42172	0.22138	0.35689
1120 G	0.41876	0.22312	0.35812
1121 C	0.41764	0.22364	0.35872
1122 A	0.41684	0.22719	0.35597
1123 A	0.41761	0.22932	0.35307
1124 A	0.42154	0.22642	0.35204
1125 A	0.42791	0.21959	0.3525
1126 A	0.43394	0.21173	0.35434
1127 T	0.44849	0.15941	0.3921
1128 G	0.45120	0.13556	0.41324
1129 A	0.45692	0.12084	0.42224
1130 A	0.46294	0.10505	0.432
1131 T	0.46573	0.09135	0.44292
1132 A	0.46640	0.08867	0.44492
1133 T	0.46972	0.07923	0.45105
1134 G	0.47102	0.07476	0.45422
1135 A	0.47323	0.07591	0.45086
1136 T	0.47745	0.08365	0.4389
1137 T	0.48001	0.09411	0.42588
1138 T	0.47958	0.09936	0.42106
1139 T	0.47744	0.10462	0.41794
1140 A	0.47306	0.11436	0.41258
1141 G	0.46154	0.12913	0.40933
1142 C	0.45580	0.13214	0.41206
1143 A	0.45137	0.13553	0.4131
1144 G	0.45053	0.13543	0.41404
1145 G	0.45224	0.13274	0.41502
1146 C	0.45462	0.12991	0.41547
1147 G	0.45590	0.12863	0.41547
1148 A	0.45749	0.12680	0.41572
1149 C	0.45923	0.12475	0.41602
1150 G	0.46078	0.12327	0.41595
1151 G	0.46276	0.12149	0.41576
1152 T	0.46715	0.11732	0.41552
1153 C	0.46910	0.11640	0.4145
1154 A	0.47147	0.11463	0.41391
1155 T	0.47601	0.11041	0.41358
1156 A	0.47555	0.11172	0.41273
1157 G	0.47823	0.10991	0.41185
1158 C	0.48493	0.10402	0.41104
1159 A	0.50006	0.09012	0.40983
1160 A	0.51528	0.07518	0.40954
1161 T	0.52519	0.06427	0.41054
1162 A	0.52778	0.05928	0.41294
1163 T	0.53307	0.05029	0.41664
1164 T	0.53541	0.03577	0.42882
1165 T	0.53363	0.03134	0.43504
1166 C	0.52966	0.03098	0.43936
1167 T	0.52539	0.03531	0.43929
1168 T	0.52019	0.04037	0.43943
1169 G	0.51056	0.04996	0.43949
1170 T	0.50293	0.05773	0.43935
1171 G	0.48932	0.07177	0.43891
1172 C	0.48300	0.07782	0.43918
1173 A	0.47817	0.08289	0.43894
1174 G	0.47665	0.08441	0.43894
1175 A	0.47620	0.08475	0.43905
1176 C	0.47724	0.08338	0.43937
1177 A	0.47789	0.08274	0.43936
1178 G	0.47881	0.08050	0.44069
1179 C	0.48020	0.07671	0.44309
1180 T	0.48194	0.07505	0.44301
1181 T	0.48292	0.07444	0.44264
1182 T	0.48376	0.07385	0.44239
1183 A	0.48386	0.07547	0.44067
1184 G	0.48410	0.07607	0.43983
1185 T	0.48415	0.07552	0.44032
1186 T	0.48364	0.07838	0.43798
1187 T	0.48259	0.08488	0.43253
1188 A	0.48003	0.09795	0.42202
1189 A	0.47336	0.11082	0.41582
1190 A	0.46879	0.12100	0.41021
1191 T	0.46510	0.13197	0.40293
1192 A	0.42514	0.20024	0.37462
1193 G	0.38558	0.26889	0.34553
1194 T	0.37023	0.28301	0.34675
1195 A	0.30771	0.35805	0.33425
1196 A	0.27088	0.40046	0.32867
1197 A	0.24532	0.43452	0.32016
1198 C	0.22148	0.46662	0.3119
1199 A	0.20913	0.49646	0.29441
1200 A	0.20344	0.50577	0.29078
1201 G	0.19954	0.51202	0.28845
1202 A	0.19768	0.51420	0.28812
1203 A	0.19621	0.51601	0.28778
1204 C	0.19603	0.51591	0.28806
1205 A	0.19636	0.51549	0.28815
1206 C	0.19786	0.51364	0.2885
1207 A	0.19911	0.51238	0.28852
1208 A	0.20129	0.51009	0.28862
1209 C	0.20560	0.50547	0.28893
1210 G	0.21189	0.49891	0.28919
1211 A	0.22280	0.48765	0.28955
1212 A	0.23626	0.46968	0.29406
1213 A	0.24926	0.45342	0.29731
1214 A	0.26434	0.43504	0.30062
1215 A	0.30088	0.35259	0.34654
1216 T	0.33693	0.26694	0.39613
1217 A	0.34515	0.24005	0.4148
1218 T	0.36277	0.16984	0.46739
1219 G	0.37124	0.14095	0.48781
1220 A	0.38112	0.11312	0.50576
1221 T	0.39120	0.08103	0.52777
1222 G	0.40515	0.06207	0.53278
1223 T	0.40925	0.05650	0.53425
1224 T	0.41154	0.05655	0.53191
1225 A	0.41189	0.05817	0.52995
1226 T	0.41223	0.05785	0.52993
1227 T	0.41190	0.06630	0.52179
1228 T	0.41094	0.06923	0.51983
1229 T	0.41030	0.07307	0.51663
1230 A	0.40838	0.08243	0.50919
1231 A	0.40697	0.08846	0.50457
1232 C	0.40611	0.09623	0.49767
1233 T	0.40620	0.10839	0.48541
1234 A	0.40554	0.13768	0.45678
1235 A	0.40553	0.17223	0.42224
1236 T	0.40670	0.17312	0.42018
1237 A	0.40728	0.17352	0.41919
1238 T	0.40982	0.17090	0.41929
1239 T	0.41223	0.16831	0.41947
1240 C	0.41416	0.16620	0.41965
1241 C	0.41854	0.16209	0.41936
1242 T	0.43172	0.14982	0.41847
1243 T	0.43734	0.14644	0.41622
1244 T	0.44119	0.14417	0.41464
1245 T	0.44274	0.14424	0.41302
1246 T	0.44073	0.14818	0.41109
1247 T	0.43881	0.15147	0.40972
1248 A	0.42944	0.16289	0.40767
1249 A	0.42315	0.17127	0.40558
1250 A	0.42172	0.17409	0.40419
1251 T	0.41811	0.17729	0.40459
1252 A	0.40281	0.19515	0.40204
1253 A	0.38684	0.21301	0.40015
1254 A	0.38338	0.21770	0.39891
1255 C	0.38651	0.21458	0.39892
1256 A	0.39425	0.20880	0.39694
1257 A	0.42013	0.18340	0.39647
1258 T	0.45361	0.14944	0.39696
1259 A	0.45583	0.14707	0.39711
1260 T	0.45777	0.14484	0.39739
1261 T	0.45638	0.14547	0.39815
1262 C	0.45391	0.14745	0.39865
1263 T	0.45278	0.14862	0.3986
1264 G	0.45123	0.15070	0.39807
1265 A	0.45169	0.15059	0.39772
1266 T	0.45432	0.14788	0.3978
1267 T	0.45526	0.14696	0.39778
1268 T	0.45467	0.14412	0.40121
1269 T	0.44931	0.14554	0.40515
1270 G	0.43631	0.15549	0.4082
1271 A	0.43378	0.15108	0.41514
1272 A	0.43362	0.14528	0.4211
1273 A	0.43456	0.13711	0.42833
1274 A	0.43535	0.12862	0.43603
1275 A	0.43889	0.10791	0.4532
1276 G	0.44327	0.08018	0.47656
1277 T	0.44667	0.06715	0.48618
1278 T	0.44785	0.06198	0.49016
1279 T	0.44889	0.06133	0.48978
1280 A	0.44896	0.06519	0.48585
1281 T	0.44874	0.06701	0.48424
1282 G	0.44803	0.06930	0.48266
1283 A	0.44759	0.07330	0.47911
1284 T	0.44731	0.07694	0.47574
1285 T	0.44660	0.08820	0.4652
1286 G	0.44543	0.09617	0.4584
1287 T	0.44440	0.11030	0.44529
1288 A	0.44188	0.12416	0.43396
1289 T	0.44138	0.13008	0.42855
1290 T	0.44089	0.13885	0.42026
1291 A	0.43945	0.14761	0.41294
1292 A	0.43926	0.14500	0.41574
1293 T	0.44000	0.13495	0.42506
1294 G	0.43998	0.14032	0.4197
1295 G	0.44007	0.14655	0.41339
1296 T	0.44124	0.14993	0.40882
1297 A	0.44074	0.15893	0.40032
1298 A	0.43964	0.16356	0.3968
1299 T	0.43990	0.16455	0.39554
1300 G	0.43958	0.16608	0.39433
1301 A	0.44009	0.16830	0.39161
1302 A	0.44280	0.16884	0.38835
1303 A	0.44787	0.16660	0.38553
1304 T	0.45155	0.16402	0.38442
1305 A	0.45479	0.16145	0.38377
1306 A	0.45975	0.15674	0.3835
1307 G	0.46682	0.14948	0.3837
1308 T	0.48276	0.13221	0.38502
1309 A	0.49151	0.12213	0.38636
1310 T	0.50878	0.10291	0.38831
1311 T	0.51951	0.08932	0.39117
1312 C	0.52382	0.08376	0.39242
1313 G	0.53007	0.07686	0.39307
1314 T	0.53835	0.06774	0.39391
1315 C	0.54070	0.06503	0.39427
1316 A	0.54396	0.06197	0.39408
1317 T	0.55544	0.05040	0.39416
1318 T	0.56377	0.04166	0.39457
1319 G	0.56728	0.03911	0.39361
1320 T	0.57328	0.03512	0.39161
1321 T	0.57504	0.03670	0.38827
1322 T	0.56922	0.04600	0.38477
1323 G	0.56269	0.05611	0.3812
1324 A	0.56136	0.05798	0.38066
1325 A	0.56099	0.05848	0.38054
1326 T	0.56290	0.05654	0.38055
1327 T	0.56103	0.05941	0.37956
1328 C	0.55694	0.06446	0.37861
