# lcl|CP097583.1_cds_USQ93172.1_1
# AA	inside	membr	outside
1 G	0.31038	0.00000	0.68962
2 T	0.30977	0.00061	0.68962
3 G	0.30951	0.00087	0.68962
4 T	0.30951	0.00931	0.68118
5 T	0.30232	0.03105	0.66663
6 A	0.30232	0.03460	0.66308
7 T	0.28903	0.04887	0.6621
8 C	0.28903	0.04893	0.66204
9 A	0.28618	0.05447	0.65935
10 G	0.28618	0.20829	0.50553
11 A	0.28550	0.23730	0.4772
12 A	0.26185	0.26401	0.47414
13 A	0.24422	0.29304	0.46274
14 A	0.24422	0.29305	0.46273
15 A	0.24422	0.36141	0.39437
16 C	0.24392	0.36171	0.39437
17 T	0.24306	0.36500	0.39194
18 A	0.24300	0.37739	0.37962
19 A	0.24232	0.39069	0.36699
20 A	0.23621	0.71329	0.0505
21 A	0.21836	0.73174	0.0499
22 A	0.21855	0.74242	0.03903
23 T	0.22109	0.74474	0.03417
24 A	0.22306	0.74337	0.03358
25 T	0.22621	0.73721	0.03658
26 T	0.22683	0.73534	0.03784
27 A	0.22989	0.72879	0.04133
28 C	0.23780	0.71385	0.04836
29 C	0.24187	0.70888	0.04925
30 G	0.24894	0.69770	0.05337
31 T	0.25354	0.69337	0.05309
32 C	0.25756	0.68914	0.05329
33 A	0.32108	0.62580	0.05312
34 G	0.34285	0.60349	0.05366
35 A	0.35543	0.57025	0.07432
36 A	0.37002	0.54183	0.08815
37 C	0.37537	0.53552	0.08911
38 C	0.43155	0.47828	0.09017
39 A	0.43456	0.47648	0.08896
40 G	0.44469	0.46595	0.08936
41 G	0.46219	0.44938	0.08843
42 A	0.50475	0.40959	0.08567
43 T	0.82902	0.08146	0.08952
44 G	0.83848	0.05784	0.10368
45 T	0.85595	0.03912	0.10492
46 T	0.85729	0.03760	0.10511
47 A	0.84706	0.05291	0.10003
48 T	0.84137	0.06356	0.09508
49 C	0.80747	0.12053	0.07201
50 T	0.79367	0.14272	0.06361
51 A	0.77397	0.16327	0.06277
52 T	0.75372	0.18396	0.06233
53 T	0.68620	0.25341	0.06039
54 C	0.49003	0.45085	0.05912
55 C	0.26136	0.68257	0.05607
56 G	0.22052	0.72803	0.05144
57 A	0.19130	0.75834	0.05036
58 G	0.16186	0.78974	0.04839
59 A	0.15215	0.79976	0.0481
60 T	0.14588	0.80601	0.04811
61 C	0.13512	0.81625	0.04863
62 A	0.12350	0.82816	0.04835
63 A	0.11561	0.83699	0.04741
64 A	0.11536	0.83745	0.04719
65 A	0.11645	0.83686	0.04668
66 T	0.11742	0.83685	0.04573
67 A	0.11758	0.83573	0.04669
68 A	0.11520	0.83751	0.04729
69 A	0.11411	0.83583	0.05006
70 A	0.11933	0.81879	0.06188
71 A	0.12432	0.80285	0.07284
72 T	0.14789	0.73982	0.11228
73 A	0.15561	0.70829	0.1361
74 T	0.15798	0.67431	0.16771
75 A	0.15746	0.64218	0.20036
76 A	0.15828	0.57624	0.26548
77 T	0.15984	0.39988	0.44027
78 T	0.16219	0.20906	0.62876
79 T	0.16405	0.17864	0.65731
80 A	0.16224	0.16475	0.673
81 T	0.16131	0.14605	0.69264
82 G	0.15411	0.15420	0.69169
83 T	0.14574	0.17637	0.67789
84 A	0.11636	0.24751	0.63613
85 G	0.09686	0.31439	0.58875
86 G	0.08757	0.42031	0.49211
87 A	0.07531	0.56264	0.36204
88 A	0.07082	0.57971	0.34947
89 A	0.06617	0.59443	0.3394
90 A	0.06111	0.61144	0.32745
91 G	0.05906	0.62876	0.31218
92 C	0.05588	0.64379	0.30033
93 G	0.05393	0.66790	0.27817
94 A	0.05230	0.70421	0.24349
95 A	0.05193	0.74142	0.20665
96 A	0.05570	0.79075	0.15355
97 A	0.05757	0.84810	0.09433
98 A	0.06780	0.85073	0.08146
99 T	0.08113	0.84139	0.07749
100 T	0.08397	0.84888	0.06715
101 T	0.08239	0.85790	0.0597
102 A	0.06978	0.87701	0.05321
103 A	0.06394	0.88594	0.05011
104 A	0.06611	0.88274	0.05116
105 A	0.07577	0.86785	0.05638
106 A	0.10537	0.83041	0.06422
107 A	0.17407	0.73732	0.08861
108 T	0.24181	0.65107	0.10711
109 A	0.30940	0.57787	0.11274
110 G	0.39451	0.48295	0.12255
111 A	0.41139	0.46431	0.1243
112 A	0.43020	0.44107	0.12874
113 T	0.45538	0.40873	0.13589
114 T	0.47993	0.38151	0.13857
115 A	0.49383	0.36616	0.14002
116 A	0.51519	0.34769	0.13712
117 A	0.54941	0.31431	0.13628
118 A	0.58753	0.27664	0.13583
119 A	0.64774	0.21620	0.13607
120 T	0.72438	0.13421	0.1414
121 T	0.74564	0.11803	0.13633
122 A	0.74772	0.12326	0.12902
123 T	0.75672	0.11928	0.12401
124 T	0.75747	0.11945	0.12308
125 T	0.74436	0.12877	0.12687
126 T	0.70109	0.18074	0.11817
127 A	0.65307	0.24606	0.10087
128 C	0.63344	0.27163	0.09493
129 A	0.61595	0.32826	0.05579
130 T	0.60570	0.34391	0.05039
131 G	0.59650	0.35768	0.04582
132 T	0.59272	0.36252	0.04476
133 T	0.58590	0.37030	0.0438
134 C	0.58097	0.37483	0.0442
135 T	0.57689	0.37906	0.04406
136 C	0.56885	0.38720	0.04395
137 A	0.54853	0.40849	0.04298
138 C	0.53627	0.42113	0.04259
139 A	0.52734	0.43166	0.041
140 A	0.52001	0.44000	0.03999
141 T	0.52052	0.43986	0.03962
142 A	0.51850	0.44228	0.03922
143 A	0.51805	0.44277	0.03918
144 A	0.52287	0.43482	0.04231
145 A	0.53015	0.41993	0.04992
146 A	0.54037	0.40479	0.05484
147 A	0.54974	0.38305	0.06721
148 A	0.56125	0.34857	0.09017
149 C	0.58144	0.27351	0.14505
150 T	0.60056	0.21649	0.18294
151 A	0.60701	0.19653	0.19646
152 A	0.63907	0.15281	0.20811
153 T	0.64596	0.13468	0.21936
154 C	0.65010	0.12240	0.2275
155 T	0.65161	0.11243	0.23597
156 T	0.64846	0.11266	0.23888
157 T	0.64344	0.12395	0.23262
158 T	0.60337	0.19276	0.20386
159 A	0.57535	0.25711	0.16754
160 G	0.55338	0.26150	0.18512
161 T	0.54410	0.26158	0.19432
162 A	0.53144	0.26817	0.2004
163 T	0.50847	0.29038	0.20115
164 C	0.48352	0.31868	0.1978
165 T	0.46665	0.35165	0.18169
166 G	0.43671	0.38395	0.17934
167 A	0.42782	0.39473	0.17745
168 A	0.42056	0.40258	0.17686
169 A	0.41725	0.40567	0.17707
170 C	0.41621	0.40458	0.17922
171 T	0.41496	0.40552	0.17951
172 G	0.41362	0.40701	0.17937
173 C	0.41339	0.40771	0.1789
174 A	0.41336	0.41407	0.17257
175 G	0.41399	0.41754	0.16847
176 A	0.41581	0.41759	0.16659
177 T	0.42107	0.41359	0.16534
178 A	0.42352	0.41283	0.16365
179 T	0.43650	0.39420	0.1693
180 A	0.44636	0.37870	0.17494
181 G	0.47393	0.30626	0.2198
182 A	0.50802	0.24941	0.24257
183 T	0.51981	0.21540	0.26479
184 T	0.52545	0.20038	0.27417
185 A	0.52756	0.19034	0.28209
186 T	0.53444	0.15389	0.31167
187 A	0.53601	0.13655	0.32743
188 T	0.54633	0.11810	0.33557
189 T	0.54220	0.11752	0.34028
190 T	0.53764	0.12188	0.34049
191 T	0.52747	0.13967	0.33287
192 G	0.50766	0.17986	0.31249
193 A	0.49516	0.20686	0.29798
194 C	0.49105	0.22033	0.28862
195 A	0.48670	0.32543	0.18787
196 A	0.48423	0.36735	0.14841
197 A	0.48589	0.36842	0.1457
198 T	0.48717	0.36819	0.14464
199 A	0.47458	0.38171	0.1437
200 A	0.45640	0.39912	0.14447
201 C	0.44661	0.40726	0.14613
202 G	0.43993	0.41710	0.14297
203 A	0.43458	0.44106	0.12435
204 A	0.43473	0.44773	0.11755
205 T	0.43780	0.44856	0.11364
206 T	0.43435	0.45713	0.10852
207 A	0.42505	0.47237	0.10257
208 G	0.42060	0.47354	0.10587
209 A	0.41938	0.47481	0.10581
210 A	0.41836	0.47021	0.11143
211 G	0.42196	0.45694	0.1211
212 C	0.43859	0.42371	0.1377
213 G	0.44769	0.40655	0.14576
214 C	0.46608	0.38037	0.15354
215 T	0.49691	0.34404	0.15905
216 C	0.50966	0.32800	0.16234
217 A	0.51963	0.31804	0.16233
218 T	0.61369	0.22042	0.1659
219 T	0.64446	0.18766	0.16788
220 T	0.64473	0.18632	0.16895
221 T	0.63727	0.20310	0.15963
222 A	0.63200	0.20951	0.1585
223 G	0.62881	0.19486	0.17633
224 A	0.62611	0.18718	0.18671
225 A	0.62787	0.17871	0.19343
226 T	0.64877	0.15208	0.19915
227 C	0.65545	0.14480	0.19975
228 A	0.65905	0.15043	0.19052
229 A	0.66273	0.15226	0.18501
230 A	0.66796	0.14332	0.18873
231 T	0.66920	0.14342	0.18739
232 T	0.67036	0.15117	0.17846
233 T	0.66394	0.16738	0.16868
234 A	0.63108	0.21361	0.15532
235 A	0.60289	0.26223	0.13488
236 T	0.58761	0.29038	0.12201
237 T	0.54261	0.35793	0.09946
238 A	0.34834	0.58745	0.06422
239 A	0.27235	0.68354	0.04411
240 A	0.25142	0.70573	0.04285
241 A	0.23881	0.71864	0.04256
242 A	0.23646	0.71990	0.04364
243 A	0.23978	0.71357	0.04665
244 C	0.25146	0.69188	0.05666
245 A	0.26463	0.67458	0.06078
246 C	0.26878	0.66771	0.06351
247 A	0.27335	0.66211	0.06455
248 C	0.27883	0.65567	0.06549
249 T	0.28470	0.64957	0.06573
250 C	0.28746	0.64529	0.06726
251 C	0.29470	0.63808	0.06722
252 T	0.30433	0.63008	0.06559
253 A	0.30649	0.63485	0.05867
254 A	0.31320	0.62968	0.05711
255 A	0.31984	0.62426	0.0559
256 T	0.33254	0.60142	0.06604
257 A	0.34138	0.55290	0.10571
258 T	0.36433	0.48932	0.14634
259 A	0.37491	0.46377	0.16131
260 A	0.39380	0.40110	0.20511
261 T	0.42331	0.19749	0.3792
262 T	0.43556	0.13131	0.43312
263 T	0.42859	0.13771	0.43371
264 C	0.40417	0.18705	0.40878
265 A	0.38150	0.34958	0.26891
266 A	0.36352	0.41387	0.22261
267 A	0.35707	0.44530	0.19763
268 T	0.35482	0.45079	0.19439
269 T	0.35127	0.45999	0.18874
270 A	0.34621	0.47415	0.17963
271 A	0.34336	0.48532	0.17132
272 C	0.34063	0.49030	0.16907
273 A	0.32705	0.51022	0.16273
274 A	0.32232	0.51929	0.1584
275 A	0.32381	0.52644	0.14975
276 T	0.32994	0.52241	0.14765
277 G	0.33090	0.52148	0.14762
278 A	0.33282	0.51280	0.15438
279 T	0.33534	0.50394	0.16072
280 A	0.33499	0.49928	0.16573
281 C	0.33728	0.49199	0.17073
282 T	0.34499	0.48465	0.17036
283 A	0.35292	0.47750	0.16958
284 G	0.37095	0.45838	0.17067
285 T	0.42456	0.40146	0.17398
286 T	0.45310	0.36667	0.18024
287 A	0.48283	0.31431	0.20286
288 T	0.58416	0.18720	0.22864
289 C	0.60760	0.14280	0.2496
290 C	0.62138	0.12606	0.25255
291 T	0.62773	0.12902	0.24325
292 T	0.62925	0.15667	0.21408
293 A	0.62197	0.17319	0.20485
294 T	0.62094	0.17978	0.19928
295 A	0.60280	0.20501	0.19219
296 T	0.59265	0.20557	0.20177
297 C	0.57758	0.22282	0.1996
298 G	0.57629	0.24772	0.176
299 A	0.56919	0.27708	0.15373
300 A	0.55825	0.31307	0.12868
301 A	0.55594	0.32460	0.11945
302 T	0.54805	0.34270	0.10924
303 A	0.49815	0.39659	0.10526
304 A	0.45313	0.44281	0.10405
305 C	0.41983	0.47835	0.10183
306 A	0.35680	0.55203	0.09117
307 A	0.30902	0.60368	0.0873
308 A	0.28805	0.63033	0.08162
309 T	0.27933	0.64129	0.07937
310 G	0.26374	0.65938	0.07688
311 A	0.25366	0.67169	0.07466
312 A	0.25047	0.67347	0.07606
313 A	0.24985	0.67190	0.07825
314 A	0.25737	0.65988	0.08275
315 A	0.28305	0.62387	0.09308
316 C	0.29492	0.59280	0.11227
317 A	0.30577	0.57313	0.12111
318 T	0.32106	0.53948	0.13946
319 C	0.32298	0.52682	0.1502
320 C	0.32858	0.51524	0.15618
321 T	0.34136	0.50256	0.15608
322 A	0.34942	0.49202	0.15856
323 G	0.36190	0.47411	0.16398
324 A	0.36827	0.46955	0.16218
325 T	0.38232	0.44554	0.17214
326 T	0.38399	0.38511	0.23091
327 A	0.37670	0.34679	0.27651
328 A	0.37708	0.30275	0.32016
329 T	0.38521	0.21115	0.40363
330 C	0.38757	0.14884	0.4636
331 T	0.39360	0.12551	0.48089
332 T	0.39560	0.11761	0.48679
333 A	0.39625	0.10980	0.49396
334 T	0.39710	0.10154	0.50137
335 C	0.39295	0.10450	0.50255
336 T	0.38630	0.11803	0.49567
337 A	0.36735	0.16424	0.46841
338 G	0.36003	0.18632	0.45365
339 A	0.35312	0.21915	0.42773
340 T	0.34739	0.25777	0.39484
341 A	0.33130	0.30925	0.35945
342 T	0.32068	0.34206	0.33726
343 A	0.29956	0.44646	0.25397
344 A	0.28656	0.52420	0.18924
345 A	0.27795	0.58201	0.14004
346 A	0.27667	0.59530	0.12803
347 T	0.27884	0.61338	0.10778
348 A	0.27783	0.61789	0.10428
349 G	0.27693	0.61406	0.10901
350 T	0.27859	0.60475	0.11667
351 T	0.27865	0.60141	0.11994
352 C	0.27770	0.60112	0.12118
353 C	0.27783	0.60425	0.11792
354 T	0.27803	0.61695	0.10502
355 A	0.27768	0.64233	0.08
356 A	0.27810	0.65298	0.06893
357 A	0.27924	0.65475	0.06601
358 A	0.28224	0.65303	0.06474
359 A	0.29329	0.63613	0.07058
360 T	0.32391	0.58770	0.08839
361 A	0.33869	0.56781	0.09351
362 A	0.36470	0.53577	0.09953
363 A	0.39752	0.49980	0.10269
364 A	0.43376	0.45434	0.1119
365 A	0.46164	0.41843	0.11993
366 A	0.54367	0.31922	0.13711
367 A	0.61342	0.24140	0.14518
368 T	0.67086	0.17439	0.15475
369 A	0.68864	0.15580	0.15556
370 T	0.71446	0.12929	0.15624
371 T	0.71611	0.12911	0.15479
372 C	0.69998	0.14453	0.1555
373 G	0.68501	0.16019	0.1548
374 G	0.68161	0.16405	0.15434
375 T	0.68493	0.16127	0.1538
376 C	0.68704	0.15965	0.15331
377 C	0.69737	0.15103	0.15161
378 T	0.71563	0.13367	0.15069
379 T	0.71271	0.13670	0.15059
380 A	0.69576	0.15430	0.14995
381 T	0.69099	0.15951	0.1495
382 C	0.66628	0.18485	0.14887
383 C	0.64812	0.20290	0.14897
384 T	0.63081	0.22195	0.14724
385 A	0.60147	0.25467	0.14386
386 G	0.58180	0.27464	0.14357
387 C	0.56178	0.29565	0.14257
388 A	0.54733	0.31194	0.14073
389 A	0.54010	0.31995	0.13995
390 C	0.50435	0.35668	0.13896
391 G	0.49207	0.37019	0.13773
392 A	0.49210	0.37185	0.13605
393 A	0.49096	0.37372	0.13531
394 A	0.49582	0.36591	0.13827
395 C	0.49800	0.34915	0.15286
396 T	0.49984	0.33495	0.1652
397 G	0.49758	0.33463	0.16779
398 T	0.49399	0.34887	0.15714
399 T	0.48561	0.36796	0.14643
400 A	0.46237	0.41036	0.12727
401 A	0.44866	0.42717	0.12417
402 A	0.44335	0.42746	0.12919
403 G	0.44087	0.41114	0.14799
404 A	0.43805	0.41278	0.14916
405 A	0.43603	0.39838	0.16559
406 A	0.43493	0.38706	0.17801
407 C	0.43374	0.37852	0.18774
408 A	0.43320	0.38565	0.18115
409 A	0.43014	0.40236	0.1675
410 T	0.42999	0.38581	0.18419
411 A	0.42943	0.37904	0.19153
412 A	0.43056	0.37295	0.19648
413 G	0.43228	0.32566	0.24206
414 C	0.43428	0.31076	0.25497
415 A	0.43665	0.31083	0.25252
416 T	0.44266	0.30750	0.24983
417 A	0.44552	0.31437	0.24011
418 T	0.45266	0.31386	0.23349
419 T	0.45862	0.32932	0.21206
420 A	0.46103	0.32918	0.20979
421 T	0.46986	0.32172	0.20842
422 A	0.47241	0.33622	0.19137
423 T	0.48494	0.31020	0.20486
424 C	0.48685	0.30876	0.20439
425 A	0.48857	0.33289	0.17855
426 A	0.49113	0.34684	0.16203
427 A	0.50430	0.35918	0.13652
428 T	0.52710	0.34123	0.13167
429 A	0.54008	0.32788	0.13205
430 T	0.55630	0.30757	0.13613
431 A	0.57277	0.28726	0.13996
432 T	0.59556	0.25943	0.14502
433 C	0.59779	0.25452	0.14769
434 C	0.60205	0.24877	0.14918
435 C	0.60123	0.25029	0.14848
436 T	0.60078	0.25449	0.14473
437 T	0.59205	0.26794	0.14
438 A	0.55530	0.31027	0.13443
439 A	0.52453	0.34645	0.12902
440 G	0.49676	0.37841	0.12483
441 A	0.48357	0.40049	0.11594
442 A	0.47859	0.41760	0.10382
443 A	0.47109	0.43454	0.09437
444 A	0.47850	0.42815	0.09334
445 T	0.51412	0.38937	0.09652
446 G	0.52183	0.38357	0.0946
447 T	0.53622	0.36604	0.09774
448 C	0.55075	0.34880	0.10044
449 A	0.56102	0.33873	0.10025
450 T	0.57808	0.32158	0.10033
451 C	0.57684	0.32319	0.09997
452 C	0.57393	0.32733	0.09874
453 T	0.56940	0.33455	0.09606
454 A	0.55181	0.35845	0.08974
455 T	0.54604	0.36629	0.08767
456 A	0.53416	0.38037	0.08546
457 A	0.52463	0.39117	0.0842
458 A	0.52243	0.38503	0.09254
459 T	0.52498	0.37392	0.1011
460 A	0.52508	0.36276	0.11216
461 A	0.52771	0.32740	0.14488
462 A	0.53116	0.29332	0.17552
463 A	0.53527	0.25610	0.20862
464 A	0.54314	0.22777	0.22909
465 A	0.55621	0.18809	0.2557
466 G	0.56937	0.15229	0.27834
467 C	0.57499	0.13599	0.28902
468 T	0.58081	0.13096	0.28823
469 T	0.58536	0.13159	0.28305
470 G	0.58581	0.14838	0.26581
471 T	0.58693	0.15760	0.25547
472 A	0.58763	0.17955	0.23282
473 T	0.58903	0.18143	0.22954
474 T	0.59047	0.18650	0.22303
475 T	0.59142	0.19630	0.21228
476 A	0.59268	0.20676	0.20055
477 T	0.59727	0.18784	0.21489
478 T	0.59777	0.18594	0.21629
479 A	0.59806	0.18052	0.22142
480 T	0.59965	0.17436	0.22599
481 C	0.59968	0.17676	0.22357
482 A	0.59993	0.18333	0.21675
483 T	0.60089	0.18449	0.21461
484 A	0.60168	0.18806	0.21026
485 T	0.60272	0.19039	0.20689
486 G	0.59790	0.19669	0.20541
487 A	0.59436	0.20366	0.20198
488 A	0.59382	0.20762	0.19856
489 A	0.59430	0.21023	0.19546
490 C	0.59591	0.21071	0.19339
491 A	0.60063	0.21748	0.18189
492 A	0.61287	0.20913	0.17801
493 T	0.63573	0.18852	0.17575
494 G	0.64866	0.17627	0.17507
495 T	0.67189	0.15365	0.17446
496 A	0.66443	0.16196	0.17361
497 T	0.66972	0.15600	0.17427
498 C	0.66735	0.15739	0.17525
499 G	0.66724	0.15697	0.17579
500 G	0.66762	0.15611	0.17626
501 T	0.67071	0.15266	0.17663
502 C	0.66946	0.15357	0.17697
503 C	0.66919	0.15380	0.17701
504 T	0.67170	0.15111	0.17719
505 T	0.66121	0.16175	0.17703
506 G	0.64431	0.17855	0.17714
507 C	0.63950	0.18322	0.17728
508 A	0.63729	0.18565	0.17706
509 A	0.63446	0.18405	0.18149
510 C	0.63791	0.17742	0.18467
511 A	0.64124	0.17392	0.18485
512 A	0.64146	0.17372	0.18482
513 C	0.64108	0.17210	0.18682
514 T	0.64280	0.17357	0.18362
515 T	0.63774	0.18111	0.18116
516 G	0.61889	0.20344	0.17766
517 A	0.60888	0.21529	0.17583
518 A	0.60568	0.21891	0.1754
519 T	0.60438	0.19546	0.20016
520 G	0.59719	0.19380	0.20902
521 T	0.59390	0.19106	0.21504
522 T	0.58990	0.19823	0.21186
523 A	0.58487	0.22502	0.19011
524 A	0.58247	0.23643	0.18109
525 T	0.58132	0.23267	0.18601
526 T	0.57910	0.23049	0.19041
527 A	0.57305	0.23429	0.19265
528 T	0.55378	0.24247	0.20375
529 C	0.53504	0.25205	0.2129
530 A	0.52263	0.27403	0.20334
531 A	0.50132	0.30943	0.18926
532 G	0.48218	0.34605	0.17177
533 A	0.47024	0.39727	0.13249
534 A	0.44292	0.43743	0.11965
535 A	0.43337	0.44826	0.11837
536 A	0.43211	0.44586	0.12203
537 T	0.43588	0.42892	0.1352
538 A	0.43614	0.42144	0.14242
539 T	0.43858	0.40142	0.16
540 T	0.43509	0.40042	0.1645
541 G	0.42386	0.40993	0.16621
542 A	0.38703	0.44854	0.16443
543 A	0.35842	0.47399	0.1676
544 G	0.35269	0.47789	0.16943
545 C	0.35792	0.47388	0.16821
546 T	0.37789	0.47756	0.14455
547 A	0.38225	0.48071	0.13704
548 T	0.38391	0.48177	0.13432
549 A	0.38098	0.48678	0.13224
550 A	0.36840	0.49714	0.13447
551 C	0.36525	0.47333	0.16143
552 T	0.36543	0.46093	0.17364
553 A	0.36559	0.46263	0.17178
554 A	0.37621	0.44684	0.17695
555 A	0.39737	0.41141	0.19122
556 T	0.43688	0.36271	0.20041
557 T	0.44241	0.32899	0.2286
558 T	0.42922	0.33575	0.23504
559 C	0.40569	0.35881	0.23551
560 T	0.38560	0.39627	0.21813
561 A	0.34045	0.46027	0.19928
562 A	0.30314	0.50240	0.19445
563 A	0.29667	0.50492	0.1984
564 A	0.28957	0.50270	0.20773
565 G	0.28466	0.46060	0.25474
566 G	0.28504	0.42792	0.28703
567 C	0.28475	0.41930	0.29595
568 G	0.27540	0.44660	0.278
569 A	0.29197	0.46249	0.24555
570 T	0.29478	0.48507	0.22014
571 A	0.28766	0.51814	0.1942
572 A	0.27997	0.53927	0.18076
573 T	0.27326	0.54471	0.18203
574 A	0.24247	0.60598	0.15154
575 A	0.18936	0.68333	0.12731
576 A	0.15400	0.73964	0.10636
577 G	0.13747	0.78153	0.081
578 A	0.13095	0.80631	0.06274
579 A	0.12848	0.81986	0.05166
580 A	0.13238	0.81639	0.05123
581 T	0.14425	0.78086	0.07489
582 T	0.14937	0.74832	0.10231
583 A	0.15530	0.72226	0.12244
584 T	0.16521	0.67864	0.15616
585 C	0.16336	0.65665	0.17999
586 A	0.15175	0.67283	0.17542
587 A	0.13418	0.69428	0.17154
588 A	0.12045	0.71408	0.16547
589 A	0.11225	0.72942	0.15833
590 A	0.10845	0.74551	0.14604
591 A	0.12413	0.73779	0.13808
592 A	0.15570	0.71451	0.12979
593 T	0.18395	0.68564	0.13042
594 A	0.19740	0.68445	0.11815
595 A	0.20784	0.67925	0.11291
596 A	0.22864	0.65491	0.11646
597 A	0.26275	0.59560	0.14165
598 A	0.29103	0.52206	0.18691
599 A	0.31535	0.45797	0.22668
600 T	0.35029	0.40512	0.24459
601 T	0.35645	0.41101	0.23254
602 A	0.32110	0.46799	0.21091
603 C	0.27667	0.51474	0.20858
604 A	0.22560	0.58276	0.19164
605 T	0.19412	0.63006	0.17582
606 G	0.14443	0.70530	0.15027
607 A	0.11546	0.79033	0.09422
608 A	0.08759	0.85868	0.05374
609 A	0.07016	0.88645	0.0434
610 G	0.06663	0.87330	0.06007
611 A	0.07278	0.85426	0.07296
612 A	0.07952	0.83809	0.08239
613 A	0.09213	0.81488	0.09299
614 C	0.12351	0.77257	0.10393
615 T	0.15046	0.74285	0.10669
616 A	0.16397	0.72859	0.10744
617 G	0.18132	0.70656	0.11212
618 T	0.19547	0.69218	0.11236
619 G	0.19830	0.69533	0.10637
620 A	0.20041	0.69871	0.10089
621 A	0.20885	0.68684	0.10431
622 A	0.21773	0.66699	0.11527
623 A	0.23113	0.64472	0.12415
624 A	0.26684	0.59299	0.14017
625 T	0.30554	0.50474	0.18972
626 T	0.31594	0.44551	0.23855
627 A	0.32286	0.39515	0.28199
628 G	0.33799	0.36786	0.29416
629 A	0.36072	0.33234	0.30694
630 A	0.41094	0.27484	0.31423
631 T	0.44716	0.22763	0.32521
632 T	0.46014	0.23800	0.30185
633 T	0.43727	0.27183	0.29091
634 G	0.35402	0.40273	0.24325
635 A	0.26872	0.55644	0.17484
636 A	0.15459	0.75513	0.09028
637 C	0.10550	0.81380	0.08069
638 A	0.07627	0.86325	0.06048
639 A	0.06731	0.88579	0.04689
640 G	0.06598	0.89206	0.04196
641 C	0.06701	0.89520	0.03779
642 A	0.07035	0.90013	0.02952
643 T	0.07910	0.89445	0.02644
644 T	0.07929	0.89709	0.02362
645 A	0.07798	0.90292	0.01909
646 A	0.07858	0.90430	0.01712
647 A	0.08117	0.90129	0.01754
648 A	0.08560	0.89598	0.01841
649 T	0.09432	0.88403	0.02165
650 A	0.10034	0.87564	0.02403
651 T	0.11784	0.85552	0.02664
652 A	0.13473	0.83674	0.02853
653 A	0.14865	0.82030	0.03104
654 A	0.16686	0.79634	0.0368
655 A	0.21322	0.74221	0.04456
656 A	0.23891	0.68733	0.07376
657 A	0.28888	0.54922	0.1619
658 A	0.35239	0.39741	0.2502
659 T	0.44714	0.18908	0.36377
660 T	0.47029	0.12577	0.40394
661 T	0.49019	0.08176	0.42805
662 T	0.49967	0.06445	0.43589
663 A	0.49648	0.06465	0.43886
664 T	0.49575	0.06206	0.44218
665 T	0.49325	0.06273	0.44402
666 T	0.48517	0.07428	0.44055
667 C	0.45798	0.10975	0.43227
668 A	0.40967	0.21951	0.37083
669 T	0.39334	0.26604	0.34062
670 T	0.35161	0.36536	0.28302
671 T	0.25466	0.57182	0.17352
672 A	0.19254	0.71264	0.09482
673 A	0.15190	0.79968	0.04841
674 A	0.08372	0.88270	0.03358
675 A	0.06008	0.91193	0.02799
676 A	0.05116	0.92224	0.0266
677 A	0.03833	0.93583	0.02583
678 A	0.02960	0.94628	0.02413
679 A	0.02727	0.95074	0.02198
680 T	0.02775	0.95075	0.02149
681 A	0.02699	0.95300	0.02001
682 A	0.02681	0.95461	0.01858
683 T	0.02724	0.95389	0.01887
684 A	0.02700	0.95388	0.01912
685 G	0.02805	0.94994	0.02201
686 A	0.02869	0.94352	0.0278
687 A	0.03042	0.93721	0.03237
688 A	0.03489	0.92477	0.04034
689 A	0.04580	0.89668	0.05752
690 A	0.06496	0.83371	0.10132
691 C	0.13487	0.67135	0.19378
692 A	0.17526	0.61526	0.20948
693 A	0.25063	0.51392	0.23545
694 T	0.36357	0.33454	0.30189
695 T	0.42148	0.23038	0.34814
696 T	0.44207	0.18315	0.37479
697 G	0.42562	0.14589	0.4285
698 T	0.41626	0.17022	0.41352
699 A	0.37177	0.27495	0.35328
700 A	0.32156	0.46228	0.21615
701 A	0.29747	0.52898	0.17355
702 T	0.28250	0.56772	0.14979
703 A	0.27220	0.62954	0.09827
704 A	0.26926	0.66207	0.06867
705 T	0.26722	0.68838	0.04441
706 A	0.25943	0.70752	0.03306
707 T	0.25800	0.70936	0.03264
708 A	0.25254	0.71662	0.03084
709 A	0.24507	0.72432	0.03062
710 C	0.23646	0.73279	0.03076
711 C	0.21864	0.75234	0.02902
712 A	0.20073	0.77297	0.0263
713 A	0.19565	0.77992	0.02443
714 A	0.19304	0.78451	0.02245
715 A	0.19438	0.78481	0.0208
716 G	0.19876	0.78062	0.02062
717 T	0.20871	0.76943	0.02186
718 A	0.21344	0.76409	0.02247
719 A	0.22219	0.74938	0.02843
720 A	0.24286	0.70489	0.05224
721 A	0.27863	0.65135	0.07002
722 G	0.34525	0.54017	0.11458
723 T	0.50937	0.32790	0.16274
724 T	0.56116	0.24458	0.19425
725 C	0.58299	0.20145	0.21555
726 C	0.61403	0.16492	0.22105
727 G	0.63297	0.14780	0.21923
728 A	0.65158	0.13161	0.21681
729 T	0.66442	0.11883	0.21674
730 A	0.66673	0.12312	0.21015
731 T	0.67108	0.11661	0.21231
732 T	0.67228	0.11053	0.21719
733 A	0.66130	0.11254	0.22616
734 T	0.64506	0.10910	0.24585
735 C	0.60561	0.13221	0.26218
736 G	0.58626	0.16139	0.25235
737 C	0.57388	0.19480	0.23133
738 T	0.55910	0.25601	0.18489
739 A	0.53936	0.31984	0.1408
740 A	0.52893	0.34487	0.1262
741 T	0.52507	0.36072	0.11421
742 T	0.51756	0.38046	0.10199
743 A	0.50789	0.39878	0.09332
744 T	0.50528	0.40693	0.08778
745 T	0.50263	0.41384	0.08353
746 A	0.49807	0.42086	0.08108
747 T	0.49222	0.42629	0.08148
748 G	0.47616	0.44202	0.08182
749 A	0.46919	0.44827	0.08254
750 C	0.46420	0.45221	0.0836
751 C	0.46199	0.45474	0.08327
752 A	0.46212	0.45698	0.0809
753 A	0.46772	0.45307	0.07921
754 A	0.47125	0.45021	0.07853
755 A	0.47693	0.44437	0.0787
756 T	0.48129	0.42833	0.09038
757 G	0.48359	0.40702	0.1094
758 A	0.48792	0.36726	0.14481
759 A	0.50302	0.33219	0.1648
760 A	0.53034	0.28613	0.18353
761 T	0.58167	0.21048	0.20785
762 T	0.62532	0.14859	0.22608
763 T	0.63679	0.12472	0.23849
764 C	0.64110	0.11522	0.24367
765 T	0.64739	0.10958	0.24302
766 A	0.64743	0.12026	0.23231
767 T	0.64911	0.13309	0.21779
768 A	0.64776	0.15700	0.19525
769 T	0.64924	0.17837	0.17239
770 A	0.64658	0.21850	0.13492
771 T	0.64557	0.21531	0.13912
772 A	0.64213	0.23641	0.12146
773 T	0.64080	0.23755	0.12165
774 A	0.63775	0.24990	0.11235
775 C	0.63411	0.25856	0.10733
776 T	0.63316	0.27212	0.09471
777 A	0.63091	0.28443	0.08466
778 A	0.63025	0.28891	0.08084
779 G	0.63080	0.29055	0.07864
780 A	0.63210	0.29459	0.07331
781 T	0.63444	0.29489	0.07067
782 T	0.63555	0.29678	0.06767
783 A	0.63558	0.29810	0.06632
784 A	0.63575	0.29941	0.06485
785 A	0.63647	0.29810	0.06543
786 T	0.63838	0.29320	0.06842
787 C	0.63949	0.28965	0.07086
788 A	0.64447	0.28445	0.07109
789 A	0.65823	0.26882	0.07295
790 G	0.67595	0.24847	0.07558
791 G	0.69939	0.22216	0.07845
792 C	0.72800	0.19405	0.07795
793 A	0.76746	0.15726	0.07528
794 A	0.78175	0.14928	0.06897
795 T	0.81198	0.12444	0.06358
796 A	0.82106	0.12183	0.05711
797 T	0.83652	0.10391	0.05957
798 T	0.84426	0.09021	0.06553
799 T	0.84888	0.08373	0.06738
800 T	0.84958	0.08119	0.06923
801 C	0.84365	0.08616	0.07019
802 G	0.84167	0.08830	0.07004
803 A	0.84432	0.08575	0.06993
804 T	0.84787	0.08202	0.07012
805 C	0.84917	0.08060	0.07022
806 A	0.85014	0.07967	0.07019
807 T	0.85116	0.07837	0.07046
808 C	0.85025	0.07908	0.07067
809 A	0.84825	0.08112	0.07063
810 T	0.84801	0.08128	0.07071
811 C	0.84668	0.08225	0.07106
812 A	0.84446	0.08564	0.0699
813 A	0.84464	0.08575	0.06961
814 A	0.84656	0.08328	0.07016
815 T	0.84969	0.07954	0.07077
816 A	0.85482	0.07407	0.07111
817 G	0.86320	0.06326	0.07354
818 T	0.87289	0.05202	0.0751
819 T	0.88004	0.04276	0.0772
820 T	0.88071	0.04016	0.07912
821 T	0.88128	0.03699	0.08172
822 T	0.88113	0.03392	0.08496
823 T	0.88016	0.03202	0.08782
824 C	0.87857	0.02786	0.09357
825 T	0.87661	0.02935	0.09404
826 T	0.87296	0.03570	0.09134
827 A	0.86387	0.04729	0.08883
828 T	0.85252	0.05961	0.08787
829 G	0.83235	0.08110	0.08654
830 T	0.82186	0.09098	0.08716
831 A	0.80258	0.10913	0.08829
832 G	0.79500	0.11427	0.09073
833 G	0.79239	0.11552	0.09209
834 A	0.79039	0.11663	0.09299
835 C	0.79107	0.11476	0.09417
836 T	0.79120	0.11660	0.0922
837 T	0.79089	0.11863	0.09048
838 G	0.78975	0.12389	0.08636
839 T	0.78931	0.12670	0.08399
840 T	0.78567	0.13217	0.08215
841 G	0.77284	0.14669	0.08047
842 A	0.76911	0.15465	0.07624
843 A	0.76346	0.16513	0.07141
844 A	0.75754	0.17682	0.06563
845 G	0.75484	0.18042	0.06473
846 T	0.75212	0.18414	0.06375
847 A	0.75111	0.18543	0.06346
848 A	0.75207	0.18336	0.06456
849 T	0.75503	0.17500	0.06997
850 A	0.75656	0.16430	0.07913
851 T	0.75812	0.14953	0.09235
852 T	0.75869	0.13155	0.10976
853 A	0.75860	0.12301	0.11839
854 T	0.75900	0.10701	0.13399
855 T	0.75903	0.10038	0.14059
856 A	0.75865	0.09849	0.14286
857 C	0.75995	0.09501	0.14504
858 T	0.76336	0.09205	0.1446
859 T	0.76632	0.09037	0.14331
860 A	0.76714	0.09330	0.13956
861 T	0.77094	0.09170	0.13737
862 T	0.77252	0.09406	0.13341
863 T	0.77264	0.09934	0.12802
864 A	0.77170	0.10188	0.12642
865 A	0.77485	0.10321	0.12195
866 A	0.77929	0.10635	0.11435
867 T	0.78634	0.10292	0.11074
868 T	0.78711	0.10922	0.10367
869 T	0.78672	0.11161	0.10166
870 A	0.78528	0.12181	0.09291
871 T	0.78513	0.12775	0.08713
872 A	0.78342	0.13047	0.08611
873 T	0.78335	0.12979	0.08686
874 T	0.78156	0.13129	0.08715
875 A	0.77375	0.14007	0.08617
876 C	0.75760	0.15771	0.08468
877 C	0.64951	0.27643	0.07406
878 A	0.53615	0.43224	0.03161
879 A	0.45854	0.51727	0.02419
880 G	0.42197	0.55769	0.02035
881 A	0.39318	0.58930	0.01752
882 A	0.36871	0.61545	0.01584
883 C	0.36439	0.61899	0.01661
884 A	0.36258	0.62155	0.01587
885 A	0.36475	0.61964	0.0156
886 A	0.37250	0.61163	0.01587
887 T	0.38585	0.59715	0.01699
888 G	0.39098	0.59162	0.0174
889 A	0.40386	0.57734	0.0188
890 T	0.41571	0.56377	0.02052
891 T	0.42229	0.55532	0.02239
892 C	0.42218	0.55348	0.02434
893 C	0.42238	0.55244	0.02518
894 C	0.42195	0.55274	0.02531
895 G	0.41878	0.55654	0.02468
896 A	0.41588	0.56047	0.02364
897 A	0.41552	0.56104	0.02344
898 G	0.41941	0.55477	0.02581
899 A	0.42308	0.53917	0.03775
900 A	0.43564	0.40964	0.15472
901 A	0.47559	0.25295	0.27146
902 T	0.48653	0.15782	0.35566
903 T	0.49140	0.11809	0.39052
904 A	0.49209	0.09086	0.41705
905 T	0.49110	0.06477	0.44413
906 T	0.48552	0.06234	0.45214
907 T	0.46333	0.08318	0.45349
908 T	0.43563	0.11665	0.44771
909 A	0.34409	0.23405	0.42186
910 G	0.27456	0.32238	0.40306
911 G	0.21540	0.40248	0.38212
912 A	0.14811	0.48899	0.3629
913 G	0.09991	0.57136	0.32873
914 A	0.07310	0.71364	0.21326
915 A	0.05188	0.82242	0.12571
916 G	0.03797	0.88215	0.07988
917 A	0.03180	0.90250	0.0657
918 A	0.02839	0.91323	0.05838
919 T	0.02761	0.91771	0.05468
920 T	0.02515	0.92266	0.05219
921 A	0.01966	0.93202	0.04832
922 A	0.01703	0.93656	0.04641
923 A	0.01566	0.93930	0.04504
924 A	0.01440	0.94231	0.0433
925 A	0.01319	0.94638	0.04043
926 A	0.01225	0.94851	0.03924
927 A	0.01244	0.94463	0.04292
928 G	0.01306	0.93122	0.05573
929 A	0.01451	0.91496	0.07053
930 G	0.02105	0.87540	0.10355
931 A	0.03415	0.83501	0.13083
932 G	0.06350	0.73048	0.20602
933 A	0.08323	0.65613	0.26064
934 A	0.10406	0.58813	0.30781
935 A	0.12097	0.52483	0.3542
936 A	0.16406	0.46582	0.37012
937 A	0.27915	0.34364	0.37721
938 A	0.36662	0.24740	0.38599
939 T	0.41534	0.19252	0.39214
940 A	0.42303	0.20010	0.37688
941 T	0.42625	0.22483	0.34893
942 T	0.34921	0.38405	0.26674
943 G	0.20703	0.59793	0.19504
944 A	0.13492	0.76235	0.10273
945 A	0.10495	0.83751	0.05754
946 A	0.10014	0.87135	0.02851
947 A	0.09802	0.88219	0.0198
948 A	0.10039	0.88008	0.01953
949 T	0.10371	0.87580	0.02049
950 T	0.10380	0.87683	0.01937
951 A	0.10016	0.88251	0.01733
952 C	0.09968	0.88418	0.01613
953 T	0.09933	0.88717	0.01349
954 A	0.09812	0.89049	0.01139
955 A	0.09823	0.89063	0.01114
956 A	0.09995	0.88889	0.01116
957 A	0.10455	0.88413	0.01132
958 A	0.11689	0.86954	0.01356
959 C	0.14437	0.83753	0.0181
960 A	0.16165	0.82001	0.01834
961 A	0.17758	0.80449	0.01793
962 A	0.19509	0.78700	0.01791
963 A	0.22494	0.75270	0.02236
964 A	0.27347	0.69315	0.03338
965 T	0.39222	0.44770	0.16007
966 T	0.47138	0.24144	0.28719
967 T	0.54716	0.11224	0.3406
968 C	0.56737	0.13366	0.29897
969 T	0.56692	0.19075	0.24233
970 A	0.54110	0.22784	0.23105
971 T	0.52688	0.24530	0.22782
972 A	0.51673	0.25753	0.22574
973 C	0.51338	0.25990	0.22673
974 C	0.51280	0.25895	0.22825
975 T	0.51113	0.27117	0.21769
976 T	0.50340	0.28543	0.21118
977 C	0.39331	0.40286	0.20383
978 T	0.34732	0.46024	0.19244
979 A	0.24852	0.62098	0.1305
980 A	0.20708	0.71768	0.07523
981 A	0.19377	0.76285	0.04338
982 A	0.18309	0.77638	0.04053
983 A	0.17459	0.78471	0.0407
984 A	0.17014	0.78856	0.0413
985 A	0.16769	0.79120	0.04112
986 C	0.16159	0.79714	0.04128
987 A	0.15969	0.80030	0.04001
988 A	0.16294	0.79756	0.0395
989 A	0.17062	0.78937	0.04002
990 A	0.18227	0.77548	0.04225
991 T	0.23903	0.71373	0.04724
992 T	0.28748	0.64498	0.06754
993 T	0.29819	0.60572	0.0961
994 C	0.30195	0.58549	0.11255
995 A	0.30556	0.57602	0.11843
996 T	0.30969	0.56797	0.12233
997 T	0.31419	0.56235	0.12346
998 T	0.32589	0.54921	0.1249
999 A	0.33283	0.53542	0.13175
1000 T	0.34519	0.40238	0.25244
1001 A	0.35341	0.34830	0.29829
1002 T	0.40920	0.19849	0.39231
1003 C	0.44545	0.13076	0.42379
1004 A	0.46935	0.11679	0.41385
1005 A	0.47184	0.12723	0.40093
1006 T	0.47391	0.12529	0.4008
1007 T	0.46919	0.13620	0.39461
1008 A	0.45251	0.16261	0.38488
1009 T	0.44182	0.19292	0.36526
1010 C	0.41382	0.23492	0.35127
1011 T	0.39439	0.33611	0.26949
1012 T	0.37136	0.41814	0.21049
1013 T	0.34647	0.46949	0.18404
1014 A	0.28679	0.62630	0.0869
1015 A	0.26096	0.68259	0.05645
1016 A	0.23161	0.71599	0.0524
1017 A	0.21093	0.73822	0.05085
1018 A	0.19649	0.75241	0.0511
1019 A	0.18999	0.75847	0.05154
1020 C	0.19028	0.75544	0.05428
1021 G	0.18678	0.75942	0.05381
1022 C	0.18367	0.76250	0.05383
1023 T	0.17993	0.76933	0.05074
1024 A	0.17000	0.78459	0.04541
1025 A	0.16660	0.78985	0.04355
1026 A	0.16722	0.78735	0.04543
1027 G	0.17936	0.77201	0.04863
1028 A	0.19626	0.75142	0.05232
1029 A	0.20619	0.73436	0.05945
1030 A	0.22174	0.70725	0.07101
1031 A	0.25035	0.65389	0.09576
1032 T	0.31560	0.55672	0.12767
1033 C	0.35260	0.47657	0.17082
1034 T	0.44085	0.36409	0.19505
1035 T	0.48490	0.30941	0.20569
1036 A	0.49568	0.29920	0.20511
1037 T	0.53585	0.23976	0.22438
1038 T	0.53191	0.23794	0.23015
1039 A	0.52084	0.23311	0.24605
1040 A	0.51087	0.24233	0.24679
1041 A	0.50549	0.25505	0.23946
1042 T	0.50323	0.27345	0.22332
1043 A	0.48975	0.33057	0.17968
1044 T	0.46888	0.36772	0.1634
1045 A	0.44398	0.40701	0.14901
1046 A	0.43424	0.42426	0.1415
1047 T	0.43630	0.41820	0.14549
1048 T	0.43405	0.42374	0.14221
1049 T	0.42683	0.42949	0.14368
1050 A	0.42127	0.43422	0.14451
1051 A	0.41871	0.43687	0.14443
1052 T	0.41317	0.44208	0.14475
1053 C	0.39774	0.45892	0.14335
1054 C	0.38276	0.47760	0.13964
1055 A	0.34901	0.52860	0.12239
1056 T	0.34342	0.55223	0.10434
1057 A	0.33315	0.56647	0.10038
1058 A	0.33255	0.57086	0.09659
1059 A	0.34506	0.55732	0.09761
1060 T	0.35931	0.52677	0.11393
1061 C	0.35806	0.51111	0.13083
1062 A	0.36480	0.50660	0.1286
1063 A	0.37997	0.50483	0.1152
1064 A	0.40466	0.48988	0.10546
1065 A	0.43320	0.46132	0.10548
1066 T	0.48917	0.39383	0.11699
1067 T	0.51333	0.34042	0.14625
1068 T	0.52176	0.30347	0.17477
1069 C	0.51884	0.29860	0.18256
1070 A	0.50774	0.34034	0.15192
1071 A	0.50848	0.37039	0.12113
1072 C	0.50543	0.38267	0.11191
1073 A	0.50361	0.39893	0.09746
1074 A	0.50424	0.39863	0.09713
1075 A	0.50625	0.39134	0.10241
1076 T	0.50485	0.37909	0.11605
1077 G	0.49785	0.37408	0.12807
1078 C	0.50920	0.32521	0.16559
1079 A	0.52177	0.31444	0.16379
1080 A	0.52628	0.31636	0.15737
1081 G	0.53087	0.33468	0.13445
1082 A	0.53691	0.37113	0.09197
1083 A	0.54224	0.37976	0.07799
1084 T	0.55186	0.36800	0.08014
1085 A	0.55917	0.35634	0.0845
1086 T	0.57603	0.33390	0.09007
1087 A	0.58465	0.32298	0.09237
1088 T	0.58862	0.31241	0.09897
1089 C	0.58996	0.30649	0.10355
1090 G	0.59490	0.29965	0.10545
1091 A	0.59935	0.29331	0.10733
1092 A	0.61021	0.27827	0.11151
1093 C	0.64514	0.23234	0.12253
1094 T	0.67976	0.20076	0.11949
1095 T	0.69173	0.19294	0.11533
1096 T	0.69852	0.18760	0.11388
1097 T	0.69412	0.19225	0.11363
1098 A	0.67753	0.21201	0.11046
1099 T	0.67046	0.21077	0.11877
1100 C	0.65122	0.22061	0.12817
1101 C	0.63802	0.23532	0.12666
1102 A	0.63276	0.25695	0.1103
1103 A	0.64185	0.25352	0.10463
1104 A	0.66769	0.23262	0.0997
1105 T	0.70902	0.19587	0.09511
1106 T	0.72055	0.18467	0.09478
1107 T	0.72233	0.18201	0.09566
1108 T	0.71847	0.18424	0.09729
1109 T	0.68851	0.21283	0.09866
1110 C	0.61493	0.28538	0.09969
1111 C	0.54418	0.35822	0.0976
1112 A	0.47945	0.43340	0.08715
1113 A	0.42950	0.49875	0.07175
1114 A	0.39407	0.54513	0.0608
1115 A	0.36674	0.57567	0.05759
1116 A	0.35440	0.58943	0.05617
1117 A	0.35591	0.58775	0.05634
1118 A	0.36293	0.57904	0.05803
1119 A	0.36692	0.57148	0.0616
1120 A	0.37005	0.56043	0.06952
1121 T	0.37810	0.53419	0.08771
1122 T	0.38299	0.51903	0.09798
1123 A	0.38412	0.49990	0.11599
1124 A	0.38720	0.48356	0.12924
1125 T	0.39937	0.45995	0.14067
1126 C	0.40229	0.45115	0.14657
1127 A	0.40595	0.44733	0.14672
1128 T	0.41052	0.43802	0.15145
1129 A	0.41133	0.43790	0.15076
1130 T	0.41235	0.43499	0.15265
1131 T	0.41313	0.43052	0.15635
1132 G	0.41359	0.38783	0.19857
1133 A	0.41380	0.30555	0.28065
1134 A	0.41682	0.23395	0.34923
1135 G	0.42680	0.16904	0.40416
1136 T	0.44298	0.11475	0.44228
1137 T	0.45325	0.07729	0.46946
1138 T	0.45592	0.05557	0.48851
1139 T	0.45664	0.05615	0.48721
1140 T	0.45646	0.07978	0.46375
1141 G	0.45526	0.14000	0.40474
1142 A	0.45199	0.27442	0.27359
1143 T	0.45116	0.33607	0.21278
1144 A	0.45057	0.35830	0.19114
1145 A	0.45022	0.36544	0.18434
1146 T	0.45099	0.36464	0.18437
1147 T	0.45119	0.36466	0.18414
1148 C	0.45099	0.36524	0.18377
1149 A	0.45142	0.36702	0.18156
1150 C	0.45390	0.36516	0.18094
1151 A	0.45569	0.36526	0.17905
1152 T	0.46097	0.36063	0.1784
1153 T	0.46513	0.35748	0.17739
1154 T	0.46696	0.35694	0.1761
1155 A	0.46784	0.35646	0.17571
1156 T	0.47108	0.35300	0.17592
1157 T	0.47229	0.35227	0.17545
1158 T	0.47207	0.35391	0.17402
1159 C	0.47088	0.35640	0.17272
1160 A	0.47095	0.36043	0.16863
1161 A	0.46966	0.36718	0.16316
1162 A	0.48045	0.35688	0.16267
1163 A	0.51033	0.32720	0.16246
1164 A	0.57409	0.26307	0.16284
1165 T	0.70956	0.12364	0.1668
1166 C	0.75868	0.07320	0.16813
1167 T	0.77820	0.05347	0.16833
1168 T	0.78187	0.04985	0.16829
1169 T	0.78168	0.05028	0.16804
1170 T	0.78015	0.05215	0.1677
1171 G	0.77393	0.05831	0.16776
1172 T	0.77192	0.06038	0.1677
1173 A	0.75982	0.07364	0.16653
1174 T	0.75279	0.08080	0.16641
1175 C	0.73758	0.09613	0.16629
1176 A	0.72041	0.11380	0.16579
1177 G	0.71357	0.12076	0.16566
1178 C	0.71170	0.12225	0.16606
1179 T	0.71121	0.12344	0.16535
1180 A	0.71071	0.12477	0.16452
1181 T	0.71226	0.12184	0.1659
1182 G	0.71025	0.12209	0.16767
1183 A	0.71122	0.11914	0.16964
1184 T	0.71399	0.10750	0.1785
1185 C	0.71301	0.10571	0.18128
1186 G	0.71290	0.10564	0.18146
1187 T	0.71407	0.10454	0.1814
1188 T	0.71393	0.10520	0.18088
1189 T	0.71200	0.10892	0.17909
1190 T	0.70754	0.11639	0.17608
1191 T	0.69077	0.13781	0.17143
1192 A	0.64747	0.19478	0.15774
1193 A	0.60471	0.25463	0.14065
1194 A	0.58213	0.27859	0.13927
1195 A	0.57523	0.28597	0.1388
1196 A	0.57312	0.27645	0.15042
1197 T	0.57096	0.26804	0.161
1198 T	0.56459	0.26213	0.17328
1199 T	0.55418	0.26216	0.18366
1200 T	0.54750	0.26751	0.185
1201 A	0.54057	0.28167	0.17775
1202 A	0.53819	0.28804	0.17377
1203 A	0.53648	0.29289	0.17063
1204 T	0.53488	0.29663	0.16848
1205 T	0.51987	0.31886	0.16126
1206 T	0.49755	0.34707	0.15538
1207 G	0.46134	0.39188	0.14679
1208 A	0.43827	0.42457	0.13715
1209 T	0.42422	0.44244	0.13334
1210 A	0.39421	0.47876	0.12703
1211 A	0.38108	0.49272	0.1262
1212 A	0.37633	0.49575	0.12793
1213 A	0.37570	0.49123	0.13307
1214 A	0.37945	0.47005	0.1505
1215 A	0.39403	0.41537	0.1906
1216 T	0.41454	0.35366	0.2318
1217 G	0.42146	0.32597	0.25257
1218 T	0.42758	0.31311	0.25931
1219 T	0.42930	0.30927	0.26144
1220 A	0.42742	0.30995	0.26263
1221 T	0.42766	0.30279	0.26955
1222 C	0.42263	0.30095	0.27642
1223 G	0.41672	0.31802	0.26525
1224 T	0.42169	0.32876	0.24955
1225 A	0.42236	0.34425	0.2334
1226 A	0.42623	0.34475	0.22902
1227 A	0.43247	0.33876	0.22877
1228 T	0.44788	0.29779	0.25433
1229 T	0.45485	0.27093	0.27423
1230 T	0.46106	0.24505	0.2939
1231 A	0.46284	0.25203	0.28513
1232 A	0.45940	0.25554	0.28507
1233 T	0.45972	0.24389	0.29639
1234 A	0.43937	0.28410	0.27653
1235 T	0.41476	0.33185	0.25338
1236 A	0.37914	0.39138	0.22948
1237 G	0.34728	0.47019	0.18253
1238 A	0.32506	0.52629	0.14864
1239 A	0.31476	0.55865	0.12658
1240 A	0.30931	0.58155	0.10914
1241 A	0.30851	0.58983	0.10165
1242 A	0.31127	0.59114	0.0976
1243 G	0.31642	0.58614	0.09745
1244 A	0.32278	0.58092	0.09629
1245 A	0.33446	0.56256	0.10298
1246 T	0.35432	0.53381	0.11187
1247 T	0.36904	0.51497	0.116
1248 T	0.37626	0.50409	0.11964
1249 C	0.37445	0.50440	0.12115
1250 A	0.37063	0.51055	0.11883
1251 A	0.36909	0.51250	0.11841
1252 G	0.37174	0.51074	0.11752
1253 A	0.38196	0.49990	0.11815
1254 T	0.40998	0.47014	0.11989
1255 G	0.42153	0.44943	0.12905
1256 A	0.43699	0.42760	0.1354
1257 A	0.46920	0.37199	0.1588
1258 T	0.50659	0.30284	0.19057
1259 A	0.53195	0.24617	0.22188
1260 T	0.58600	0.16056	0.25344
1261 C	0.61218	0.11377	0.27404
1262 G	0.63102	0.08636	0.28262
1263 T	0.64880	0.06346	0.28774
1264 T	0.65752	0.05376	0.28872
1265 C	0.65873	0.05301	0.28826
1266 T	0.66047	0.05468	0.28486
1267 T	0.66047	0.06084	0.27869
1268 T	0.65623	0.07203	0.27173
1269 T	0.65218	0.08280	0.26503
1270 G	0.64466	0.09868	0.25665
1271 A	0.63883	0.10986	0.25131
1272 A	0.63272	0.11620	0.25107
1273 T	0.63004	0.11931	0.25065
1274 A	0.61875	0.13897	0.24228
1275 T	0.61563	0.14572	0.23866
1276 G	0.60613	0.17524	0.21863
1277 T	0.59740	0.21338	0.18921
1278 T	0.58998	0.22656	0.18345
1279 T	0.57682	0.24378	0.17941
1280 T	0.55537	0.26827	0.17636
1281 G	0.52758	0.29973	0.17269
1282 C	0.51359	0.31735	0.16905
1283 A	0.47315	0.36609	0.16076
1284 A	0.46093	0.37967	0.1594
1285 A	0.45246	0.38904	0.15851
1286 A	0.44938	0.39266	0.15796
1287 A	0.44842	0.39411	0.15746
1288 C	0.45030	0.38673	0.16297
1289 G	0.45525	0.38034	0.16441
1290 T	0.46429	0.37012	0.16559
1291 T	0.47053	0.36445	0.16502
1292 A	0.47116	0.36881	0.16003
1293 T	0.47501	0.37138	0.15361
1294 A	0.47468	0.38259	0.14273
1295 A	0.47589	0.38512	0.13898
1296 A	0.48130	0.37454	0.14416
1297 A	0.49307	0.35135	0.15558
1298 A	0.50065	0.33553	0.16381
1299 A	0.52548	0.29467	0.17985
1300 C	0.55755	0.23997	0.20248
1301 T	0.56676	0.21923	0.21401
1302 T	0.56623	0.20766	0.22611
1303 G	0.56362	0.20239	0.23399
1304 T	0.56241	0.19575	0.24185
1305 A	0.55416	0.21169	0.23415
1306 G	0.55161	0.19381	0.25458
1307 A	0.54468	0.20604	0.24928
1308 A	0.52951	0.22344	0.24705
1309 A	0.51791	0.24086	0.24123
1310 T	0.50838	0.25409	0.23754
1311 G	0.46313	0.30581	0.23107
1312 A	0.44601	0.32332	0.23067
1313 A	0.44452	0.32354	0.23194
1314 A	0.44692	0.31824	0.23483
1315 G	0.45357	0.30681	0.23962
1316 C	0.46361	0.29399	0.2424
1317 C	0.47908	0.27636	0.24456
1318 C	0.48806	0.26646	0.24548
1319 C	0.48994	0.26437	0.24569
1320 T	0.49248	0.26184	0.24568
1321 T	0.49356	0.26075	0.24569
1322 T	0.49393	0.26030	0.24577
1323 A	0.49311	0.26049	0.2464
1324 C	0.49370	0.25515	0.25115
1325 C	0.49663	0.24355	0.25981
1326 T	0.50447	0.23166	0.26387
1327 G	0.51080	0.22265	0.26655
1328 A	0.52585	0.20152	0.27262
