# lcl|CP097583.1_cds_USQ93482.1_1
# AA	inside	membr	outside
1 A	0.66029	0.00000	0.33971
2 T	0.65463	0.00566	0.33971
3 G	0.65178	0.00851	0.33971
4 C	0.65178	0.05029	0.29793
5 A	0.51323	0.22998	0.25679
6 A	0.51322	0.23170	0.25508
7 A	0.26922	0.47630	0.25448
8 A	0.26921	0.47632	0.25447
9 C	0.25870	0.48704	0.25427
10 C	0.25868	0.54242	0.19891
11 A	0.25660	0.56184	0.18156
12 A	0.22375	0.60111	0.17514
13 A	0.19136	0.64439	0.16426
14 T	0.19135	0.64440	0.16426
15 T	0.19135	0.77542	0.03323
16 A	0.18797	0.77880	0.03323
17 A	0.18424	0.78334	0.03242
18 A	0.18411	0.78381	0.03208
19 A	0.17870	0.78941	0.03189
20 A	0.15749	0.81381	0.02869
21 A	0.05926	0.91093	0.02981
22 C	0.05841	0.90867	0.03293
23 T	0.05874	0.90709	0.03418
24 A	0.05327	0.91410	0.03263
25 G	0.05067	0.91421	0.03512
26 A	0.04945	0.91607	0.03448
27 A	0.07526	0.88609	0.03865
28 A	0.10288	0.72383	0.17329
29 A	0.10131	0.71225	0.18643
30 A	0.10534	0.49712	0.39755
31 C	0.10648	0.53827	0.35525
32 A	0.10664	0.58780	0.30556
33 A	0.15378	0.58696	0.25927
34 A	0.17393	0.56874	0.25733
35 T	0.19806	0.51859	0.28335
36 C	0.20404	0.48967	0.3063
37 A	0.20223	0.49769	0.30008
38 C	0.29101	0.41120	0.2978
39 T	0.26186	0.56472	0.17341
40 A	0.24076	0.60866	0.15057
41 A	0.23326	0.62063	0.14611
42 A	0.22852	0.62803	0.14345
43 T	0.23069	0.60859	0.16073
44 T	0.21629	0.53708	0.24663
45 G	0.19777	0.55398	0.24825
46 A	0.18415	0.57245	0.2434
47 A	0.17639	0.60457	0.21904
48 T	0.17518	0.60862	0.2162
49 A	0.15269	0.64443	0.20288
50 A	0.12711	0.67310	0.19979
51 A	0.12641	0.67569	0.1979
52 C	0.12885	0.66996	0.20119
53 A	0.13089	0.70784	0.16127
54 A	0.18267	0.66104	0.15629
55 T	0.24323	0.60305	0.15372
56 T	0.27909	0.57201	0.14889
57 T	0.27676	0.57940	0.14384
58 A	0.25794	0.62103	0.12103
59 A	0.25814	0.61906	0.12281
60 A	0.26563	0.60596	0.12842
61 A	0.27457	0.58918	0.13624
62 T	0.39597	0.43595	0.16808
63 T	0.41543	0.40097	0.1836
64 T	0.41279	0.40767	0.17954
65 T	0.39616	0.43365	0.1702
66 A	0.29033	0.55789	0.15178
67 A	0.23517	0.61189	0.15295
68 A	0.16736	0.66737	0.16526
69 A	0.16190	0.66109	0.17701
70 G	0.18185	0.63491	0.18324
71 A	0.18921	0.64139	0.16941
72 A	0.20412	0.63059	0.1653
73 A	0.20980	0.61497	0.17522
74 T	0.21941	0.60507	0.17553
75 A	0.22186	0.60727	0.17087
76 T	0.25614	0.57922	0.16464
77 A	0.26086	0.57785	0.16128
78 T	0.26985	0.56644	0.16371
79 T	0.27347	0.56161	0.16491
80 A	0.27363	0.55733	0.16904
81 T	0.28683	0.53051	0.18266
82 A	0.27743	0.53842	0.18416
83 A	0.27739	0.53483	0.18778
84 T	0.28071	0.52680	0.19248
85 A	0.28159	0.52350	0.19491
86 A	0.27812	0.51774	0.20413
87 T	0.28490	0.49336	0.22175
88 A	0.27623	0.47718	0.24659
89 T	0.27748	0.39214	0.33039
90 T	0.26246	0.37365	0.36389
91 G	0.23946	0.36700	0.39354
92 A	0.22867	0.40028	0.37105
93 A	0.22282	0.42396	0.35322
94 A	0.23590	0.41678	0.34733
95 T	0.26227	0.38937	0.34836
96 T	0.27102	0.37729	0.35169
97 A	0.26809	0.38282	0.34909
98 A	0.27127	0.38256	0.34617
99 T	0.28037	0.37026	0.34936
100 T	0.28213	0.36481	0.35306
101 T	0.27902	0.36475	0.35624
102 T	0.27414	0.36588	0.35998
103 C	0.26398	0.38485	0.35117
104 A	0.25009	0.43126	0.31866
105 A	0.23129	0.48947	0.27924
106 A	0.20730	0.53175	0.26095
107 A	0.17949	0.57285	0.24766
108 A	0.16921	0.58902	0.24177
109 G	0.17064	0.57168	0.25769
110 G	0.17494	0.55470	0.27035
111 A	0.18195	0.52992	0.28814
112 G	0.19441	0.50152	0.30407
113 G	0.21935	0.46228	0.31837
114 T	0.24561	0.41990	0.33449
115 A	0.26963	0.38979	0.34057
116 T	0.28866	0.36094	0.35039
117 T	0.29464	0.35350	0.35185
118 A	0.29357	0.35923	0.34721
119 A	0.29132	0.36468	0.344
120 T	0.29032	0.36688	0.3428
121 A	0.27569	0.40207	0.32224
122 T	0.26985	0.42310	0.30706
123 G	0.25910	0.47308	0.26782
124 G	0.25005	0.51022	0.23973
125 A	0.24407	0.54110	0.21482
126 A	0.25315	0.53745	0.2094
127 A	0.27942	0.49978	0.2208
128 A	0.32123	0.44025	0.23851
129 A	0.34390	0.39387	0.26223
130 T	0.36267	0.34527	0.29206
131 C	0.36908	0.32633	0.30459
132 T	0.37231	0.32191	0.30579
133 A	0.37314	0.32235	0.30451
134 A	0.37594	0.31968	0.30439
135 T	0.37962	0.31621	0.30416
136 T	0.38184	0.31455	0.30361
137 T	0.38306	0.31358	0.30335
138 T	0.36586	0.33330	0.30084
139 G	0.34278	0.36645	0.29077
140 A	0.32625	0.38618	0.28757
141 A	0.32088	0.39293	0.28619
142 A	0.32275	0.39204	0.28521
143 A	0.33336	0.37424	0.29241
144 C	0.36508	0.32190	0.31302
145 A	0.39117	0.29250	0.31633
146 T	0.43953	0.23627	0.3242
147 T	0.46373	0.20712	0.32914
148 T	0.47600	0.19139	0.33261
149 T	0.47602	0.19014	0.33384
150 A	0.46320	0.19908	0.33772
151 T	0.46029	0.19793	0.34178
152 T	0.45617	0.20015	0.34368
153 T	0.45197	0.20253	0.3455
154 A	0.44708	0.20592	0.347
155 C	0.44486	0.20576	0.34938
156 T	0.44346	0.20699	0.34955
157 A	0.43233	0.21716	0.3505
158 T	0.42585	0.22124	0.35291
159 G	0.41787	0.22734	0.35479
160 G	0.41240	0.23156	0.35603
161 C	0.41504	0.20567	0.37928
162 A	0.42394	0.18405	0.39201
163 A	0.42904	0.16744	0.40352
164 A	0.43581	0.15638	0.40782
165 T	0.44522	0.14490	0.40987
166 T	0.44775	0.14728	0.40497
167 A	0.44828	0.15592	0.3958
168 T	0.44905	0.16329	0.38766
169 A	0.44879	0.16960	0.38161
170 T	0.44944	0.17319	0.37737
171 T	0.43662	0.19640	0.36697
172 A	0.42539	0.23436	0.34025
173 T	0.41851	0.24290	0.33858
174 T	0.39190	0.29729	0.31081
175 G	0.33628	0.41429	0.24944
176 A	0.31062	0.48239	0.20698
177 A	0.27559	0.53682	0.1876
178 A	0.25977	0.56164	0.1786
179 A	0.25050	0.56939	0.18011
180 A	0.24218	0.56566	0.19216
181 G	0.23683	0.56343	0.19975
182 A	0.23316	0.55970	0.20714
183 C	0.23223	0.55410	0.21367
184 C	0.23219	0.55346	0.21435
185 C	0.23391	0.55194	0.21415
186 A	0.23582	0.55148	0.2127
187 A	0.23866	0.54975	0.21159
188 C	0.24272	0.54690	0.21038
189 A	0.25043	0.55067	0.19889
190 A	0.26549	0.53784	0.19667
191 T	0.28034	0.52374	0.19592
192 A	0.28647	0.52013	0.1934
193 A	0.29645	0.50852	0.19502
194 C	0.32034	0.45511	0.22455
195 T	0.36237	0.40248	0.23516
196 A	0.37757	0.38150	0.24093
197 A	0.41018	0.33482	0.25501
198 T	0.47142	0.23197	0.29661
199 T	0.49251	0.20115	0.30635
200 T	0.48543	0.18343	0.33113
201 A	0.45378	0.22020	0.32602
202 A	0.43420	0.24784	0.31796
203 A	0.42220	0.26900	0.30881
204 A	0.40947	0.27714	0.31339
205 T	0.40383	0.27765	0.31852
206 T	0.39106	0.28822	0.32072
207 A	0.37901	0.30085	0.32013
208 C	0.37240	0.30868	0.31892
209 A	0.36377	0.32580	0.31043
210 A	0.36033	0.32990	0.30977
211 A	0.36137	0.32961	0.30901
212 A	0.37202	0.31878	0.3092
213 A	0.37585	0.31436	0.30979
214 C	0.38184	0.30395	0.31421
215 T	0.39071	0.29297	0.31632
216 T	0.39472	0.28769	0.31759
217 T	0.39661	0.28620	0.31719
218 T	0.39231	0.29047	0.31722
219 A	0.39022	0.29214	0.31764
220 T	0.39508	0.28124	0.32369
221 A	0.39691	0.27416	0.32892
222 T	0.40691	0.24986	0.34322
223 T	0.41658	0.22138	0.36204
224 A	0.42646	0.18093	0.39261
225 T	0.43798	0.14971	0.41231
226 A	0.44431	0.13244	0.42326
227 T	0.44684	0.11281	0.44035
228 T	0.44632	0.10507	0.44861
229 C	0.44497	0.09149	0.46354
230 A	0.44549	0.08516	0.46935
231 T	0.44898	0.07664	0.47438
232 G	0.44999	0.07010	0.47991
233 C	0.44893	0.06852	0.48255
234 T	0.44851	0.07021	0.48128
235 C	0.44093	0.08116	0.4779
236 A	0.43420	0.10684	0.45896
237 T	0.43323	0.12336	0.44341
238 T	0.43062	0.15725	0.41213
239 A	0.42689	0.17694	0.39618
240 T	0.42445	0.18967	0.38588
241 T	0.42002	0.19711	0.38286
242 T	0.41292	0.20685	0.38023
243 A	0.38897	0.24071	0.37032
244 G	0.36725	0.27095	0.36179
245 T	0.35833	0.28054	0.36114
246 A	0.33520	0.30754	0.35727
247 A	0.32883	0.31545	0.35572
248 A	0.32633	0.31932	0.35436
249 C	0.32543	0.31760	0.35698
250 A	0.32433	0.34991	0.32577
251 A	0.32378	0.37252	0.3037
252 T	0.32313	0.39065	0.28622
253 A	0.32207	0.40861	0.26932
254 A	0.32145	0.41628	0.26228
255 A	0.32117	0.41454	0.26429
256 A	0.32200	0.41220	0.26579
257 A	0.32386	0.40786	0.26828
258 A	0.33066	0.39312	0.27622
259 G	0.35186	0.36426	0.28388
260 A	0.37114	0.34268	0.28618
261 T	0.40707	0.30285	0.29008
262 A	0.42014	0.28930	0.29056
263 T	0.43204	0.27137	0.29658
264 T	0.43872	0.25978	0.3015
265 A	0.44066	0.25212	0.30722
266 A	0.44598	0.22769	0.32633
267 T	0.45515	0.19836	0.3465
268 A	0.45656	0.18836	0.35507
269 C	0.46202	0.16227	0.37572
270 A	0.46887	0.15141	0.37972
271 G	0.47548	0.14287	0.38165
272 A	0.48209	0.13562	0.38229
273 A	0.51766	0.09904	0.38329
274 C	0.54336	0.07226	0.38437
275 T	0.56570	0.04879	0.38551
276 T	0.58089	0.03230	0.38681
277 T	0.58628	0.02608	0.38763
278 T	0.58776	0.02392	0.38831
279 T	0.58824	0.02310	0.38866
280 C	0.58830	0.02219	0.38951
281 C	0.58872	0.02176	0.38952
282 T	0.58939	0.02136	0.38925
283 G	0.58968	0.02150	0.38881
284 A	0.59114	0.02038	0.38849
285 T	0.59633	0.01535	0.38833
286 T	0.59791	0.01374	0.38836
287 G	0.59924	0.01188	0.38888
288 T	0.60056	0.00971	0.38974
289 T	0.60079	0.00889	0.39033
290 C	0.60079	0.00833	0.39087
291 T	0.60109	0.00792	0.39098
292 A	0.60127	0.00790	0.39083
293 T	0.60147	0.00775	0.39079
294 T	0.60144	0.00813	0.39043
295 C	0.60136	0.00826	0.39038
296 A	0.60123	0.00853	0.39024
297 T	0.60106	0.00876	0.39018
298 G	0.60078	0.00908	0.39014
299 C	0.60058	0.00929	0.39013
300 T	0.60048	0.00949	0.39003
301 T	0.60038	0.00978	0.38984
302 G	0.60014	0.01037	0.38949
303 G	0.60010	0.01152	0.38838
304 A	0.60016	0.01432	0.38552
305 T	0.60037	0.01474	0.38489
306 A	0.59979	0.01604	0.38416
307 T	0.59963	0.01652	0.38385
308 A	0.59920	0.01766	0.38315
309 T	0.59881	0.01757	0.38362
310 G	0.59758	0.01831	0.3841
311 G	0.59696	0.01872	0.38433
312 T	0.59684	0.01860	0.38457
313 C	0.59653	0.01874	0.38473
314 C	0.59638	0.01890	0.38472
315 A	0.59647	0.01896	0.38456
316 G	0.59665	0.01893	0.38441
317 T	0.59712	0.01877	0.38411
318 T	0.59729	0.01858	0.38413
319 T	0.59744	0.01825	0.38431
320 T	0.59745	0.01783	0.38473
321 T	0.59726	0.01752	0.38522
322 C	0.59698	0.01743	0.3856
323 C	0.59683	0.01745	0.38572
324 T	0.59706	0.01727	0.38567
325 A	0.59748	0.01702	0.3855
326 A	0.59903	0.01567	0.38529
327 T	0.60228	0.01246	0.38526
328 T	0.60267	0.01202	0.38531
329 T	0.60208	0.01164	0.38628
330 A	0.60103	0.01236	0.38662
331 T	0.60121	0.01178	0.38701
332 A	0.60090	0.01207	0.38703
333 T	0.60070	0.01167	0.38764
334 T	0.59838	0.01512	0.3865
335 T	0.59632	0.01909	0.38458
336 T	0.59227	0.02653	0.3812
337 A	0.56736	0.05932	0.37333
338 A	0.53691	0.09856	0.36453
339 A	0.53056	0.11037	0.35907
340 T	0.52689	0.11484	0.35826
341 T	0.52012	0.12217	0.35771
342 A	0.51344	0.12895	0.35761
343 T	0.50841	0.13389	0.35769
344 C	0.49255	0.14956	0.35788
345 A	0.45549	0.18678	0.35773
346 C	0.42676	0.21560	0.35764
347 G	0.39873	0.24377	0.3575
348 A	0.38321	0.25941	0.35739
349 T	0.37353	0.26911	0.35736
350 A	0.35564	0.28680	0.35756
351 C	0.34569	0.29598	0.35833
352 G	0.33962	0.30057	0.35981
353 G	0.33710	0.30168	0.36123
354 C	0.33586	0.30235	0.36179
355 G	0.33490	0.30313	0.36197
356 A	0.33478	0.30313	0.36208
357 C	0.33664	0.29750	0.36586
358 A	0.33772	0.29500	0.36728
359 A	0.34012	0.29016	0.36972
360 A	0.34657	0.26058	0.39286
361 C	0.35457	0.21941	0.42602
362 C	0.35938	0.20771	0.43291
363 T	0.36022	0.20432	0.43546
364 G	0.35937	0.21018	0.43044
365 T	0.35853	0.22998	0.41149
366 T	0.35659	0.24375	0.39967
367 A	0.34625	0.25231	0.40145
368 A	0.33776	0.22569	0.43656
369 A	0.33256	0.20661	0.46084
370 T	0.33149	0.18047	0.48804
371 T	0.32894	0.19078	0.48028
372 A	0.32267	0.21406	0.46327
373 A	0.32032	0.23762	0.44206
374 T	0.31944	0.25165	0.42891
375 T	0.31644	0.27736	0.4062
376 A	0.31260	0.29941	0.38798
377 A	0.31087	0.31536	0.37377
378 A	0.30581	0.33300	0.36119
379 G	0.30220	0.35226	0.34554
380 A	0.29895	0.35904	0.34201
381 A	0.29690	0.36139	0.34172
382 A	0.29593	0.36244	0.34162
383 A	0.29537	0.36298	0.34166
384 C	0.29566	0.36197	0.34237
385 G	0.29721	0.36088	0.3419
386 A	0.30219	0.35622	0.34159
387 A	0.31501	0.34355	0.34144
388 T	0.34307	0.31423	0.34271
389 T	0.35985	0.29602	0.34413
390 T	0.36900	0.27605	0.35495
391 A	0.37052	0.26478	0.3647
392 C	0.37647	0.25181	0.37172
393 A	0.38633	0.24112	0.37255
394 T	0.41796	0.20726	0.37478
395 C	0.44020	0.18098	0.37882
396 T	0.47575	0.14702	0.37723
397 G	0.49283	0.13174	0.37544
398 T	0.50902	0.11778	0.3732
399 T	0.49607	0.14006	0.36388
400 A	0.45353	0.19514	0.35133
401 A	0.43967	0.21154	0.34879
402 A	0.43880	0.21225	0.34896
403 T	0.43874	0.20954	0.35171
404 T	0.41556	0.23246	0.35197
405 A	0.36597	0.28444	0.34958
406 A	0.33609	0.31589	0.34801
407 C	0.31556	0.33710	0.34733
408 A	0.24420	0.41275	0.34305
409 A	0.17292	0.48767	0.33941
410 A	0.12816	0.53696	0.33488
411 A	0.11516	0.55040	0.33443
412 G	0.10282	0.56341	0.33377
413 A	0.09162	0.57433	0.33406
414 A	0.07790	0.58689	0.33521
415 C	0.07341	0.59014	0.33645
416 A	0.07127	0.59236	0.33637
417 A	0.07096	0.59243	0.33661
418 A	0.07210	0.59044	0.33746
419 T	0.07738	0.58348	0.33914
420 A	0.08005	0.57822	0.34174
421 G	0.08518	0.55293	0.36188
422 A	0.09556	0.51138	0.39306
423 T	0.10773	0.44915	0.44311
424 T	0.11316	0.42288	0.46396
425 C	0.11367	0.40610	0.48023
426 A	0.11323	0.40228	0.48449
427 A	0.11336	0.37561	0.51103
428 T	0.11595	0.32674	0.5573
429 T	0.11664	0.30411	0.57926
430 G	0.11537	0.29548	0.58915
431 A	0.11831	0.22816	0.65353
432 A	0.12132	0.15068	0.72799
433 T	0.12529	0.10057	0.77413
434 A	0.12509	0.09569	0.77922
435 T	0.12577	0.09246	0.78177
436 A	0.12595	0.09011	0.78394
437 T	0.12621	0.08497	0.78882
438 T	0.12591	0.09059	0.78351
439 T	0.12475	0.10784	0.76741
440 T	0.12187	0.17092	0.7072
441 A	0.11865	0.31223	0.56912
442 A	0.11714	0.42795	0.4549
443 A	0.11605	0.45876	0.42519
444 T	0.11592	0.46990	0.41418
445 A	0.11570	0.48733	0.39696
446 A	0.11588	0.49603	0.38809
447 A	0.11617	0.50146	0.38237
448 T	0.11717	0.50155	0.38128
449 A	0.11866	0.50158	0.37976
450 T	0.12067	0.50047	0.37887
451 G	0.12116	0.50106	0.37777
452 G	0.12197	0.50058	0.37746
453 T	0.12389	0.49863	0.37748
454 A	0.12579	0.49825	0.37596
455 A	0.12933	0.49579	0.37488
456 A	0.13480	0.49177	0.37343
457 A	0.14321	0.48567	0.37112
458 T	0.15424	0.47548	0.37028
459 G	0.16149	0.46833	0.37017
460 A	0.17240	0.45719	0.37042
461 A	0.18584	0.44289	0.37127
462 A	0.20976	0.41723	0.373
463 C	0.27569	0.34738	0.37693
464 C	0.42217	0.19869	0.37915
465 T	0.53773	0.08302	0.37926
466 T	0.56400	0.05669	0.37931
467 T	0.57065	0.05018	0.37917
468 C	0.57445	0.04629	0.37927
469 A	0.57754	0.04318	0.37929
470 C	0.57708	0.04337	0.37955
471 T	0.57942	0.04112	0.37946
472 C	0.57954	0.04101	0.37945
473 T	0.57846	0.04240	0.37914
474 T	0.56857	0.05282	0.37861
475 T	0.51491	0.10779	0.37731
476 C	0.43429	0.18939	0.37632
477 A	0.41252	0.21501	0.37247
478 A	0.40846	0.22137	0.37016
479 A	0.40770	0.22286	0.36945
480 T	0.40958	0.22124	0.36919
481 A	0.40909	0.22182	0.3691
482 A	0.40742	0.22285	0.36973
483 A	0.39798	0.23153	0.37049
484 A	0.39174	0.23706	0.37121
485 C	0.39106	0.23701	0.37194
486 A	0.39105	0.23697	0.37198
487 C	0.39129	0.23647	0.37224
488 A	0.39173	0.23616	0.37211
489 T	0.39204	0.23584	0.37212
490 T	0.39000	0.23823	0.37177
491 T	0.38583	0.24157	0.3726
492 A	0.37855	0.24814	0.3733
493 G	0.37394	0.24406	0.382
494 A	0.37212	0.24139	0.38649
495 A	0.37092	0.23320	0.39588
496 G	0.37033	0.21726	0.41241
497 A	0.37121	0.19683	0.43196
498 T	0.37305	0.13986	0.48709
499 C	0.37274	0.07344	0.55383
500 C	0.37419	0.06309	0.56273
501 T	0.37511	0.07146	0.55343
502 T	0.37419	0.11631	0.5095
503 G	0.37199	0.12469	0.50332
504 G	0.36957	0.12948	0.50095
505 A	0.36838	0.13158	0.50004
506 T	0.36778	0.12273	0.50949
507 C	0.36642	0.11999	0.5136
508 A	0.36555	0.12778	0.50668
509 A	0.36537	0.12912	0.50551
510 T	0.36560	0.12977	0.50463
511 A	0.36557	0.13209	0.50234
512 A	0.36587	0.13356	0.50057
513 T	0.36666	0.12934	0.50399
514 T	0.36705	0.12401	0.50894
515 T	0.36704	0.11815	0.51481
516 T	0.36654	0.11607	0.51739
517 A	0.36576	0.11836	0.51589
518 A	0.36559	0.12107	0.51334
519 A	0.36542	0.12291	0.51167
520 G	0.36601	0.12553	0.50846
521 A	0.36781	0.12552	0.50667
522 T	0.37439	0.11882	0.5068
523 G	0.37624	0.11876	0.505
524 A	0.38598	0.11014	0.50388
525 T	0.42576	0.07061	0.50363
526 T	0.43432	0.06116	0.50451
527 T	0.43774	0.05643	0.50583
528 T	0.43966	0.05471	0.50563
529 T	0.43929	0.05584	0.50487
530 G	0.43802	0.05706	0.50493
531 T	0.44018	0.05515	0.50467
532 G	0.44046	0.05476	0.50479
533 A	0.44107	0.05431	0.50463
534 T	0.44341	0.05199	0.50459
535 T	0.44400	0.05200	0.504
536 C	0.43887	0.05735	0.50379
537 A	0.41548	0.08257	0.50195
538 A	0.39941	0.10007	0.50052
539 G	0.39186	0.10824	0.4999
540 C	0.39027	0.11130	0.49843
541 G	0.38627	0.12294	0.49079
542 A	0.38696	0.12714	0.48591
543 T	0.38713	0.13127	0.48159
544 A	0.38372	0.13878	0.4775
545 A	0.38384	0.14050	0.47566
546 T	0.38632	0.13859	0.47509
547 G	0.38664	0.13929	0.47407
548 T	0.38819	0.13868	0.47313
549 T	0.38880	0.14001	0.47118
550 A	0.38826	0.14087	0.47087
551 T	0.38818	0.14090	0.47092
552 T	0.38641	0.14208	0.47151
553 T	0.38062	0.14758	0.4718
554 C	0.37136	0.15644	0.4722
555 A	0.36475	0.16445	0.4708
556 G	0.35922	0.17087	0.46991
557 A	0.35707	0.17391	0.46903
558 A	0.35570	0.17503	0.46927
559 A	0.35558	0.17250	0.47192
560 A	0.35773	0.14855	0.49372
561 A	0.36010	0.12787	0.51202
562 G	0.36207	0.11587	0.52206
563 A	0.36537	0.11041	0.52422
564 T	0.37372	0.09771	0.52857
565 A	0.37789	0.09866	0.52345
566 T	0.38279	0.09047	0.52674
567 T	0.38603	0.08620	0.52777
568 A	0.38724	0.08932	0.52344
569 T	0.38847	0.09238	0.51915
570 T	0.38898	0.09418	0.51683
571 G	0.38870	0.09659	0.51471
572 A	0.38931	0.09951	0.51118
573 A	0.38698	0.10504	0.50798
574 T	0.38521	0.11575	0.49904
575 A	0.37774	0.14238	0.47989
576 T	0.37388	0.15220	0.47392
577 T	0.36738	0.15289	0.47973
578 A	0.35384	0.16537	0.4808
579 T	0.34620	0.17006	0.48374
580 A	0.32512	0.19264	0.48224
581 C	0.32291	0.19398	0.4831
582 T	0.32076	0.19688	0.48236
583 G	0.31464	0.20424	0.48112
584 A	0.31398	0.20535	0.48067
585 A	0.31474	0.20459	0.48067
586 A	0.31753	0.20175	0.48072
587 A	0.32177	0.19718	0.48105
588 T	0.33172	0.18664	0.48164
589 C	0.33565	0.18226	0.48209
590 C	0.34067	0.17692	0.4824
591 T	0.34706	0.17037	0.48257
592 T	0.35246	0.16486	0.48267
593 T	0.35517	0.16204	0.48279
594 A	0.35721	0.15985	0.48294
595 A	0.36107	0.15517	0.48377
596 A	0.36637	0.14558	0.48804
597 A	0.37831	0.12826	0.49343
598 T	0.40235	0.09321	0.50443
599 T	0.41439	0.07359	0.51203
600 A	0.41663	0.06284	0.52053
601 T	0.42093	0.04251	0.53656
602 A	0.42312	0.02959	0.54729
603 A	0.42708	0.00000	0.57292
