# lcl|CP097583.1_cds_USQ93349.1_1
# AA	inside	membr	outside
1 A	0.72919	0.00000	0.27081
2 T	0.72859	0.00060	0.27081
3 G	0.72805	0.00114	0.27081
4 A	0.72805	0.00874	0.26321
5 T	0.72465	0.01921	0.25614
6 T	0.72465	0.02191	0.25344
7 A	0.65286	0.09600	0.25114
8 A	0.65286	0.09602	0.25112
9 A	0.64798	0.10129	0.25073
10 T	0.64797	0.10550	0.24653
11 T	0.64583	0.10817	0.246
12 A	0.59382	0.16057	0.2456
13 G	0.53988	0.21715	0.24298
14 C	0.53987	0.21716	0.24298
15 A	0.53987	0.23382	0.22632
16 A	0.53908	0.23461	0.22632
17 T	0.53831	0.23544	0.22625
18 A	0.53826	0.23565	0.2261
19 G	0.53775	0.23617	0.22609
20 A	0.53701	0.23714	0.22585
21 T	0.53651	0.23751	0.22597
22 G	0.53682	0.23698	0.2262
23 C	0.53766	0.23565	0.22669
24 T	0.53938	0.23384	0.22678
25 A	0.54001	0.23210	0.22789
26 T	0.54063	0.23025	0.22912
27 G	0.54370	0.22455	0.23176
28 G	0.54771	0.21862	0.23367
29 G	0.54919	0.21256	0.23825
30 T	0.55089	0.15018	0.29893
31 G	0.54793	0.14951	0.30256
32 G	0.54666	0.14399	0.30935
33 A	0.54924	0.14910	0.30167
34 G	0.55019	0.14981	0.30001
35 A	0.55396	0.11368	0.33236
36 T	0.55917	0.06982	0.37101
37 T	0.56014	0.06882	0.37103
38 T	0.56721	0.06173	0.37106
39 A	0.56499	0.06466	0.37035
40 G	0.56041	0.06826	0.37133
41 C	0.55680	0.07155	0.37165
42 C	0.54901	0.07944	0.37155
43 C	0.54348	0.08555	0.37097
44 C	0.54013	0.10005	0.35983
45 T	0.53698	0.12478	0.33824
46 G	0.53120	0.13749	0.33132
47 A	0.52788	0.15300	0.31913
48 G	0.52601	0.16900	0.305
49 A	0.52359	0.20736	0.26905
50 A	0.52285	0.22448	0.25267
51 A	0.52378	0.22763	0.24858
52 G	0.52581	0.22798	0.24621
53 T	0.52908	0.22408	0.24684
54 G	0.53056	0.22152	0.24792
55 A	0.53301	0.21899	0.24801
56 T	0.54311	0.20858	0.24831
57 C	0.54707	0.20468	0.24826
58 A	0.55003	0.20270	0.24726
59 A	0.55360	0.19937	0.24703
60 A	0.55474	0.19776	0.2475
61 G	0.55566	0.19619	0.24815
62 G	0.55777	0.19276	0.24946
63 A	0.55950	0.18626	0.25424
64 A	0.56316	0.17693	0.25991
65 T	0.56834	0.16072	0.27094
66 C	0.57008	0.15140	0.27853
67 G	0.57797	0.14598	0.27605
68 T	0.59329	0.13856	0.26815
69 A	0.59146	0.15862	0.24992
70 A	0.59598	0.15577	0.24825
71 T	0.60852	0.14298	0.24849
72 G	0.62906	0.12041	0.25054
73 G	0.63780	0.11157	0.25064
74 C	0.63982	0.11093	0.24925
75 T	0.64190	0.11333	0.24478
76 T	0.63582	0.12065	0.24354
77 T	0.62737	0.13072	0.2419
78 A	0.59947	0.15914	0.24139
79 T	0.58384	0.17493	0.24123
80 C	0.55493	0.20295	0.24212
81 T	0.53149	0.22650	0.24201
82 C	0.48814	0.27016	0.2417
83 A	0.44352	0.31595	0.24054
84 A	0.40925	0.35070	0.24006
85 G	0.38765	0.37250	0.23985
86 A	0.37696	0.38343	0.23961
87 A	0.36970	0.39065	0.23966
88 G	0.36651	0.39240	0.24109
89 A	0.36668	0.39028	0.24305
90 A	0.37079	0.38355	0.24566
91 A	0.37929	0.37075	0.24996
92 A	0.39834	0.34345	0.25821
93 T	0.40432	0.32810	0.26758
94 T	0.40631	0.31989	0.2738
95 T	0.40740	0.31110	0.28151
96 A	0.40783	0.30595	0.28622
97 T	0.40937	0.29888	0.29176
98 A	0.41143	0.29160	0.29697
99 T	0.41264	0.27840	0.30896
100 A	0.41369	0.26335	0.32296
101 T	0.41386	0.22926	0.35689
102 T	0.41197	0.20969	0.37834
103 T	0.40746	0.18359	0.40895
104 G	0.39883	0.16957	0.4316
105 T	0.39704	0.13970	0.46326
106 T	0.39452	0.11735	0.48813
107 T	0.38930	0.10994	0.50076
108 G	0.37684	0.12104	0.50211
109 T	0.36816	0.14214	0.4897
110 A	0.35807	0.16309	0.47885
111 T	0.35134	0.17319	0.47547
112 G	0.33715	0.19802	0.46483
113 G	0.33459	0.21225	0.45316
114 T	0.33341	0.21649	0.4501
115 G	0.33002	0.22505	0.44493
116 A	0.32775	0.23520	0.43706
117 T	0.32604	0.24317	0.43079
118 C	0.31705	0.25695	0.42601
119 A	0.30178	0.29063	0.40759
120 A	0.29298	0.32110	0.38592
121 G	0.28405	0.34597	0.36997
122 A	0.27646	0.37931	0.34423
123 A	0.26853	0.41326	0.31821
124 A	0.26173	0.45343	0.28484
125 A	0.25821	0.47011	0.27168
126 A	0.25608	0.48138	0.26253
127 A	0.25163	0.48929	0.25907
128 T	0.25889	0.48934	0.25177
129 A	0.25224	0.51743	0.23034
130 A	0.25214	0.52708	0.22078
131 G	0.25987	0.50797	0.23216
132 T	0.27316	0.48595	0.24089
133 T	0.27868	0.47439	0.24693
134 A	0.26742	0.48446	0.24812
135 C	0.26697	0.47674	0.25629
136 A	0.27170	0.47764	0.25066
137 T	0.27270	0.47812	0.24918
138 A	0.26788	0.48369	0.24842
139 A	0.27261	0.47964	0.24775
140 T	0.27803	0.47621	0.24576
141 A	0.26933	0.48160	0.24907
142 G	0.26947	0.47041	0.26012
143 A	0.28096	0.45334	0.2657
144 A	0.28696	0.44093	0.27212
145 A	0.30395	0.41735	0.2787
146 A	0.32876	0.38432	0.28692
147 T	0.36700	0.33750	0.2955
148 A	0.37934	0.31933	0.30133
149 A	0.39562	0.29712	0.30726
150 A	0.41113	0.27036	0.31851
151 A	0.42589	0.24692	0.32719
152 T	0.45332	0.20071	0.34597
153 T	0.46760	0.16920	0.36321
154 T	0.46917	0.15603	0.3748
155 C	0.46911	0.14018	0.39071
156 T	0.47138	0.13346	0.39516
157 T	0.47105	0.12477	0.40418
158 C	0.46077	0.13003	0.40919
159 T	0.45739	0.13261	0.41
160 T	0.44923	0.14093	0.40985
161 C	0.43979	0.14433	0.41588
162 A	0.43705	0.14899	0.41397
163 G	0.43805	0.15029	0.41166
164 T	0.44272	0.13965	0.41763
165 T	0.44236	0.14114	0.41651
166 T	0.43871	0.15930	0.40199
167 A	0.41178	0.20795	0.38027
168 T	0.39215	0.24726	0.36059
169 A	0.35631	0.33859	0.30509
170 A	0.33440	0.38504	0.28056
171 A	0.31689	0.43385	0.24926
172 A	0.30933	0.45759	0.23308
173 A	0.30709	0.46915	0.22376
174 A	0.30526	0.48059	0.21415
175 G	0.30432	0.48637	0.20931
176 T	0.30405	0.49020	0.20574
177 A	0.30351	0.49603	0.20047
178 A	0.30315	0.50193	0.19493
179 A	0.30351	0.50285	0.19365
180 A	0.30369	0.49893	0.19738
181 G	0.30417	0.48599	0.20984
182 A	0.30537	0.47657	0.21806
183 T	0.30807	0.46405	0.22788
184 C	0.30986	0.45773	0.23241
185 G	0.31347	0.46116	0.22537
186 A	0.31867	0.46271	0.21862
187 A	0.32722	0.45783	0.21495
188 T	0.34168	0.44193	0.21639
189 A	0.35858	0.42218	0.21924
190 A	0.38780	0.36365	0.24855
191 G	0.41569	0.30959	0.27472
192 T	0.47471	0.21583	0.30945
193 A	0.49758	0.17482	0.3276
194 T	0.53410	0.12399	0.34192
195 T	0.55044	0.10109	0.34847
196 A	0.55964	0.09010	0.35025
197 T	0.57129	0.07685	0.35186
198 T	0.57374	0.07372	0.35254
199 C	0.57357	0.07340	0.35303
200 A	0.57508	0.07213	0.35279
201 T	0.58073	0.06620	0.35308
202 A	0.58097	0.06580	0.35324
203 C	0.58179	0.06474	0.35348
204 T	0.58517	0.06137	0.35347
205 C	0.58877	0.05757	0.35366
206 C	0.59331	0.05316	0.35353
207 T	0.60123	0.04554	0.35323
208 T	0.60809	0.03931	0.3526
209 T	0.61132	0.03677	0.35191
210 T	0.61067	0.03761	0.35173
211 T	0.60396	0.04474	0.3513
212 T	0.59327	0.05488	0.35185
213 T	0.57387	0.07433	0.3518
214 C	0.54355	0.10473	0.35172
215 T	0.51840	0.13101	0.35059
216 T	0.45598	0.19654	0.34748
217 A	0.36660	0.29634	0.33706
218 A	0.29892	0.37226	0.32881
219 A	0.26425	0.41356	0.32219
220 A	0.24124	0.44034	0.31842
221 T	0.23131	0.44916	0.31952
222 G	0.21692	0.46742	0.31567
223 G	0.20995	0.48656	0.3035
224 A	0.20305	0.52037	0.27658
225 T	0.19858	0.53618	0.26524
226 A	0.19237	0.55365	0.25397
227 T	0.18951	0.56176	0.24873
228 A	0.18413	0.57320	0.24267
229 A	0.18144	0.58103	0.23753
230 A	0.18028	0.58752	0.23219
231 A	0.18007	0.59369	0.22625
232 A	0.18039	0.59884	0.22078
233 A	0.18060	0.59493	0.22448
234 T	0.18126	0.58116	0.23757
235 A	0.18130	0.56681	0.25189
236 T	0.18183	0.54076	0.27741
237 A	0.18207	0.51459	0.30333
238 A	0.18312	0.48648	0.33039
239 G	0.18578	0.42418	0.39004
240 A	0.19527	0.34119	0.46354
241 G	0.20337	0.27758	0.51905
242 A	0.21094	0.26113	0.52793
243 A	0.21826	0.27253	0.50921
244 G	0.22491	0.31943	0.45567
245 A	0.23430	0.34078	0.42492
246 A	0.25318	0.33052	0.4163
247 T	0.28620	0.29965	0.41416
248 T	0.29725	0.29638	0.40637
249 T	0.30395	0.30402	0.39204
250 A	0.30409	0.32570	0.37021
251 G	0.30587	0.35153	0.3426
252 A	0.30649	0.37562	0.31788
253 G	0.30882	0.38529	0.30589
254 A	0.31642	0.38915	0.29443
255 T	0.32645	0.37980	0.29375
256 T	0.32930	0.37686	0.29383
257 G	0.32926	0.37685	0.29389
258 T	0.33089	0.37522	0.29389
259 C	0.33140	0.37491	0.29369
260 C	0.33321	0.37316	0.29364
261 T	0.33605	0.37034	0.29361
262 A	0.33780	0.36861	0.29359
263 A	0.34216	0.36426	0.29359
264 C	0.34957	0.35683	0.2936
265 C	0.37095	0.33542	0.29363
266 A	0.41395	0.29240	0.29365
267 T	0.49459	0.21175	0.29366
268 T	0.53882	0.16751	0.29367
269 C	0.55286	0.15346	0.29368
270 T	0.56459	0.14178	0.29363
271 A	0.57275	0.13284	0.29441
272 T	0.58848	0.11647	0.29504
273 G	0.60686	0.09651	0.29663
274 T	0.64431	0.05816	0.29754
275 T	0.66887	0.03025	0.30088
276 T	0.67805	0.01852	0.30343
277 T	0.67960	0.01707	0.30333
278 T	0.67102	0.02613	0.30285
279 A	0.65315	0.04485	0.30201
280 G	0.64242	0.05612	0.30146
281 C	0.63891	0.06034	0.30075
282 T	0.63683	0.06915	0.29402
283 T	0.62973	0.08795	0.28232
284 T	0.60719	0.12669	0.26611
285 A	0.56330	0.19601	0.24069
286 A	0.46178	0.29989	0.23833
287 A	0.38926	0.37388	0.23685
288 A	0.36068	0.40366	0.23566
289 G	0.34477	0.41965	0.23558
290 C	0.33835	0.42612	0.23553
291 A	0.33149	0.43408	0.23443
292 G	0.32673	0.44016	0.2331
293 C	0.32370	0.44486	0.23144
294 T	0.32195	0.45254	0.22551
295 A	0.31984	0.46059	0.21957
296 A	0.31887	0.46361	0.21751
297 A	0.31843	0.46549	0.21608
298 G	0.31844	0.46587	0.2157
299 A	0.31939	0.46255	0.21806
300 A	0.32018	0.45784	0.22198
301 A	0.32129	0.44774	0.23097
302 A	0.32351	0.42870	0.2478
303 C	0.32772	0.40917	0.26311
304 G	0.33141	0.39818	0.27041
305 A	0.33896	0.38698	0.27406
306 A	0.34959	0.36886	0.28155
307 G	0.36307	0.33585	0.30108
308 T	0.38456	0.28619	0.32924
309 A	0.38685	0.18431	0.42884
310 G	0.38844	0.11354	0.49803
311 A	0.39006	0.08882	0.52113
312 T	0.39122	0.07595	0.53283
313 G	0.39193	0.07705	0.53101
314 G	0.39409	0.07412	0.5318
315 A	0.39692	0.07409	0.52899
316 G	0.39975	0.07874	0.52151
317 T	0.40619	0.09163	0.50218
318 T	0.41146	0.15770	0.43084
319 G	0.41261	0.18313	0.40427
320 T	0.41334	0.19929	0.38737
321 T	0.41332	0.21343	0.37325
322 T	0.41288	0.21633	0.37079
323 C	0.41140	0.22291	0.36568
324 A	0.40582	0.24117	0.35301
325 G	0.40071	0.24938	0.34991
326 C	0.39482	0.25791	0.34728
327 A	0.39098	0.26278	0.34624
328 G	0.39073	0.26316	0.34611
329 G	0.39191	0.26215	0.34593
330 A	0.39334	0.26085	0.34581
331 C	0.39571	0.25849	0.3458
332 C	0.39927	0.25498	0.34575
333 T	0.40453	0.24979	0.34568
334 A	0.40901	0.24549	0.3455
335 C	0.41579	0.23879	0.34542
336 T	0.42465	0.23009	0.34526
337 C	0.42816	0.22661	0.34523
338 A	0.43414	0.22071	0.34516
339 A	0.44590	0.20896	0.34515
340 G	0.46846	0.18638	0.34516
341 C	0.54006	0.11461	0.34533
342 T	0.57295	0.08166	0.34539
343 T	0.59265	0.06158	0.34577
344 T	0.60358	0.05029	0.34613
345 A	0.60485	0.04899	0.34616
346 G	0.60821	0.04464	0.34715
347 T	0.61652	0.03025	0.35323
348 T	0.61871	0.02319	0.3581
349 T	0.62022	0.01558	0.36419
350 T	0.61996	0.01286	0.36718
351 A	0.61706	0.01536	0.36757
352 T	0.61511	0.01739	0.36751
353 C	0.61301	0.01954	0.36744
354 A	0.61209	0.02248	0.36543
355 A	0.61193	0.02365	0.36443
356 G	0.61210	0.02463	0.36328
357 T	0.61220	0.02631	0.36149
358 T	0.61185	0.03095	0.3572
359 T	0.61130	0.03836	0.35034
360 T	0.61000	0.04446	0.34554
361 T	0.60851	0.05491	0.33657
362 T	0.60656	0.07037	0.32307
363 A	0.60353	0.09523	0.30124
364 A	0.60251	0.10709	0.29039
365 T	0.60223	0.11183	0.28593
366 A	0.60040	0.11881	0.28078
367 A	0.59974	0.12169	0.27857
368 T	0.60018	0.12184	0.27798
369 T	0.59960	0.12402	0.27638
370 A	0.59877	0.12508	0.27616
371 G	0.59865	0.12518	0.27617
372 A	0.59710	0.12745	0.27544
373 A	0.59701	0.12675	0.27624
374 C	0.59756	0.12415	0.2783
375 T	0.59830	0.12547	0.27623
376 A	0.59847	0.12925	0.27229
377 T	0.60002	0.12916	0.27082
378 G	0.60049	0.13088	0.26863
379 A	0.60173	0.12998	0.26829
380 A	0.60406	0.12726	0.26867
381 G	0.61073	0.11927	0.27001
382 T	0.62193	0.10787	0.27021
383 C	0.62834	0.10131	0.27035
384 A	0.63696	0.09769	0.26535
385 A	0.64950	0.08527	0.26523
386 T	0.67221	0.06090	0.26689
387 T	0.68096	0.05187	0.26717
388 T	0.68388	0.04967	0.26645
389 C	0.68565	0.04672	0.26763
390 T	0.68601	0.04774	0.26625
391 A	0.68542	0.04970	0.26488
392 G	0.68590	0.04972	0.26438
393 A	0.68592	0.05069	0.26339
394 A	0.68630	0.05023	0.26347
395 T	0.68817	0.04670	0.26512
396 A	0.68876	0.04622	0.26502
397 G	0.69044	0.04451	0.26505
398 C	0.69472	0.04050	0.26479
399 T	0.69940	0.03664	0.26396
400 T	0.70057	0.03532	0.26411
401 T	0.70173	0.03413	0.26414
402 A	0.70163	0.03415	0.26422
403 G	0.70190	0.03376	0.26434
404 C	0.70300	0.03225	0.26475
405 T	0.70441	0.03071	0.26488
406 C	0.70531	0.02974	0.26496
407 C	0.71031	0.02473	0.26496
408 T	0.71197	0.02315	0.26489
409 G	0.71201	0.02337	0.26462
410 T	0.71283	0.02286	0.26431
411 T	0.71397	0.02234	0.2637
412 T	0.71473	0.02248	0.26279
413 T	0.71452	0.02336	0.26211
414 T	0.70965	0.03105	0.25929
415 A	0.69647	0.04511	0.25842
416 A	0.68960	0.05273	0.25768
417 A	0.66621	0.07770	0.2561
418 A	0.65095	0.09375	0.2553
419 C	0.64808	0.09614	0.25578
420 T	0.64476	0.10015	0.25509
421 T	0.63819	0.10730	0.25451
422 T	0.62058	0.12562	0.2538
423 T	0.54942	0.19756	0.25302
424 G	0.48697	0.26064	0.25238
425 A	0.45637	0.29207	0.25156
426 T	0.43484	0.31446	0.2507
427 A	0.35506	0.39617	0.24877
428 A	0.28971	0.46257	0.24772
429 T	0.26688	0.48628	0.24684
430 A	0.24490	0.50855	0.24654
431 A	0.23232	0.52127	0.2464
432 A	0.22658	0.52664	0.24678
433 A	0.22399	0.52853	0.24748
434 C	0.22308	0.52780	0.24913
435 A	0.22084	0.53098	0.24818
436 A	0.22210	0.53008	0.24782
437 A	0.22552	0.52525	0.24923
438 A	0.22730	0.51681	0.25589
439 A	0.22903	0.51106	0.25991
440 T	0.23217	0.48083	0.28701
441 T	0.23371	0.45979	0.3065
442 T	0.23389	0.45424	0.31187
443 T	0.23369	0.45192	0.3144
444 A	0.23273	0.44947	0.3178
445 A	0.23194	0.42929	0.33877
446 T	0.23194	0.34333	0.42474
447 A	0.23088	0.29076	0.47837
448 G	0.23113	0.25788	0.51099
449 A	0.23201	0.23712	0.53087
450 T	0.23347	0.15214	0.61439
451 G	0.23351	0.08276	0.68373
452 C	0.23387	0.06323	0.7029
453 G	0.23403	0.06323	0.70274
454 G	0.23424	0.06226	0.7035
455 G	0.23450	0.06388	0.70162
456 A	0.23495	0.06960	0.69545
457 G	0.23542	0.07442	0.69016
458 C	0.23716	0.08074	0.68211
459 G	0.23723	0.18547	0.5773
460 A	0.23807	0.36928	0.39265
461 A	0.23964	0.43672	0.32363
462 T	0.24193	0.45946	0.29861
463 A	0.24216	0.47650	0.28134
464 T	0.24339	0.49165	0.26496
465 T	0.24286	0.50165	0.25549
466 G	0.23912	0.51181	0.24907
467 A	0.23725	0.51482	0.24793
468 A	0.23407	0.51875	0.24717
469 A	0.22983	0.52471	0.24546
470 T	0.22514	0.53081	0.24404
471 C	0.21342	0.54237	0.24421
472 G	0.20681	0.54899	0.2442
473 A	0.20297	0.55303	0.244
474 A	0.19978	0.55613	0.24409
475 C	0.20015	0.55559	0.24426
476 C	0.20435	0.55172	0.24393
477 A	0.20713	0.55076	0.24211
478 G	0.21246	0.54621	0.24134
479 A	0.22441	0.53511	0.24049
480 A	0.23780	0.52210	0.24011
481 A	0.26045	0.49945	0.2401
482 A	0.37153	0.38625	0.24221
483 T	0.56423	0.19164	0.24413
484 T	0.62797	0.12659	0.24545
485 T	0.64812	0.10532	0.24657
486 A	0.65459	0.09750	0.24791
487 T	0.66330	0.08659	0.2501
488 T	0.66563	0.08272	0.25165
489 A	0.66363	0.08134	0.25503
490 A	0.66395	0.07802	0.25803
491 A	0.66491	0.07249	0.2626
492 A	0.66579	0.06557	0.26865
493 T	0.66776	0.05490	0.27734
494 T	0.65832	0.05237	0.2893
495 G	0.63757	0.06746	0.29497
496 A	0.63588	0.06641	0.29771
497 C	0.63618	0.06299	0.30083
498 T	0.63645	0.06329	0.30025
499 G	0.63610	0.06482	0.29908
500 T	0.63751	0.06621	0.29628
501 T	0.62845	0.08094	0.29062
502 T	0.60345	0.11018	0.28637
503 A	0.56533	0.15685	0.27781
504 T	0.55721	0.16759	0.2752
505 G	0.54926	0.17564	0.27511
506 C	0.54355	0.18118	0.27526
507 T	0.54123	0.18401	0.27476
508 T	0.53934	0.18623	0.27442
509 C	0.53679	0.18872	0.27449
510 A	0.53477	0.19172	0.27351
511 T	0.53466	0.19230	0.27304
512 T	0.53362	0.19144	0.27493
513 A	0.53189	0.19619	0.27191
514 G	0.53124	0.19578	0.27298
515 T	0.53111	0.19239	0.2765
516 A	0.53016	0.19101	0.27883
517 G	0.52908	0.18140	0.28952
518 C	0.52920	0.16392	0.30688
519 T	0.53014	0.16297	0.30689
520 A	0.53002	0.16875	0.30123
521 A	0.53125	0.17291	0.29584
522 A	0.53315	0.17330	0.29355
523 G	0.53585	0.17155	0.2926
524 A	0.54073	0.15508	0.30419
525 A	0.54581	0.12620	0.32799
526 T	0.55552	0.08346	0.36102
527 T	0.55865	0.07495	0.3664
528 T	0.55662	0.07380	0.36958
529 T	0.55168	0.08212	0.3662
530 T	0.53705	0.10946	0.35349
531 A	0.49293	0.18197	0.32509
532 G	0.45588	0.25295	0.29116
533 A	0.42428	0.31925	0.25647
534 A	0.39934	0.36894	0.23172
535 A	0.38666	0.39639	0.21695
536 T	0.37822	0.40455	0.21723
537 T	0.36182	0.42029	0.21789
538 G	0.33454	0.44727	0.21818
539 A	0.31607	0.46541	0.21853
540 C	0.30594	0.47443	0.21963
541 C	0.29487	0.48535	0.21978
542 A	0.28788	0.49234	0.21978
543 A	0.28296	0.49712	0.21991
544 C	0.28407	0.49584	0.22009
545 C	0.28274	0.49732	0.21994
546 T	0.28084	0.49957	0.21959
547 A	0.27697	0.50408	0.21895
548 T	0.27459	0.50726	0.21815
549 A	0.26183	0.52231	0.21586
550 G	0.25747	0.52659	0.21594
551 T	0.25805	0.51954	0.22241
552 A	0.25683	0.51473	0.22844
553 A	0.26582	0.49097	0.24322
554 A	0.29151	0.42832	0.28016
555 A	0.33040	0.35420	0.3154
556 T	0.36391	0.28451	0.35158
557 T	0.37649	0.25030	0.37321
558 A	0.36140	0.25910	0.3795
559 T	0.34578	0.26746	0.38676
560 T	0.32435	0.27844	0.39721
561 A	0.27417	0.31392	0.41191
562 A	0.24518	0.33246	0.42236
563 A	0.22608	0.34851	0.42541
564 T	0.21581	0.35115	0.43303
565 A	0.19696	0.37257	0.43047
566 T	0.18065	0.38542	0.43394
567 A	0.14975	0.42753	0.42271
568 G	0.13824	0.45668	0.40508
569 G	0.13233	0.48680	0.38088
570 A	0.12987	0.52033	0.3498
571 A	0.12875	0.54224	0.329
572 T	0.13013	0.53681	0.33305
573 T	0.12716	0.54298	0.32985
574 G	0.11881	0.55570	0.32549
575 A	0.11583	0.56671	0.31747
576 A	0.11396	0.57524	0.3108
577 A	0.11421	0.58115	0.30464
578 A	0.11604	0.58836	0.2956
579 A	0.11943	0.59235	0.28822
580 A	0.12320	0.58656	0.29024
581 A	0.12688	0.56225	0.31087
582 T	0.12990	0.54460	0.32549
583 A	0.11963	0.56116	0.31921
584 A	0.11423	0.57020	0.31558
585 A	0.11265	0.58581	0.30154
586 G	0.11402	0.58589	0.3001
587 G	0.11679	0.59603	0.28719
588 A	0.12776	0.59703	0.2752
589 A	0.13698	0.59482	0.2682
590 G	0.15264	0.56569	0.28167
591 A	0.17730	0.54600	0.2767
592 G	0.20880	0.52615	0.26505
593 A	0.24639	0.48946	0.26414
594 T	0.27705	0.45632	0.26663
595 T	0.28613	0.44598	0.26789
596 T	0.28734	0.44213	0.27052
597 C	0.28091	0.44368	0.27541
598 G	0.27691	0.44871	0.27438
599 A	0.27140	0.45738	0.27122
600 A	0.27129	0.45950	0.26921
601 A	0.27945	0.45265	0.2679
602 G	0.28917	0.44442	0.26641
603 A	0.29924	0.43133	0.26943
604 A	0.30481	0.42087	0.27432
605 A	0.31431	0.40566	0.28002
606 G	0.34825	0.35683	0.29492
607 C	0.40455	0.29083	0.30462
608 T	0.46513	0.22676	0.30811
609 T	0.49455	0.19615	0.3093
610 T	0.50839	0.18530	0.3063
611 A	0.50854	0.18934	0.30211
612 T	0.51709	0.18257	0.30034
613 G	0.51613	0.18529	0.29859
614 A	0.52133	0.18515	0.29352
615 T	0.53829	0.17416	0.28755
616 T	0.54230	0.17679	0.2809
617 T	0.53089	0.20246	0.26665
618 A	0.46410	0.29075	0.24515
619 T	0.41052	0.34826	0.24122
620 T	0.33797	0.42385	0.23818
621 A	0.26644	0.49716	0.2364
622 G	0.23219	0.52607	0.24174
623 A	0.21651	0.53840	0.24508
624 A	0.20551	0.54611	0.24838
625 A	0.19830	0.54957	0.25212
626 A	0.19371	0.54971	0.25658
627 A	0.19036	0.54676	0.26288
628 G	0.18890	0.54379	0.26732
629 A	0.18911	0.54341	0.26748
630 T	0.19009	0.53999	0.26992
631 G	0.18941	0.53843	0.27217
632 A	0.19015	0.53239	0.27746
633 T	0.19387	0.52158	0.28454
634 C	0.19642	0.51063	0.29295
635 G	0.19662	0.51184	0.29155
636 A	0.20156	0.51029	0.28815
637 A	0.20891	0.50496	0.28612
638 T	0.22028	0.49521	0.28451
639 A	0.22881	0.48830	0.28289
640 A	0.25049	0.44548	0.30403
641 T	0.27679	0.33055	0.39266
642 T	0.28501	0.24786	0.46714
643 T	0.28921	0.17553	0.53525
644 T	0.29047	0.15075	0.55878
645 T	0.28199	0.19697	0.52104
646 A	0.24884	0.34756	0.4036
647 A	0.22440	0.41856	0.35704
648 A	0.21506	0.46196	0.32299
649 G	0.20851	0.48476	0.30673
650 G	0.20648	0.50685	0.28667
651 A	0.20583	0.52175	0.27242
652 A	0.20668	0.52710	0.26622
653 A	0.20692	0.52951	0.26357
654 T	0.20810	0.52783	0.26407
655 G	0.20841	0.53145	0.26014
656 A	0.20899	0.53316	0.25785
657 A	0.21010	0.53441	0.2555
658 G	0.21303	0.52907	0.25791
659 A	0.21848	0.52267	0.25885
660 G	0.22650	0.51354	0.25996
661 T	0.23189	0.50789	0.26022
662 C	0.23578	0.50455	0.25966
663 T	0.23960	0.50911	0.25129
664 A	0.24121	0.52268	0.23611
665 A	0.24535	0.53122	0.22344
666 A	0.25252	0.53460	0.21289
667 A	0.27846	0.51777	0.20378
668 A	0.33809	0.45024	0.21167
669 T	0.47651	0.28013	0.24336
670 G	0.53014	0.20662	0.26324
671 T	0.57762	0.15230	0.27007
672 T	0.59658	0.13113	0.27228
673 T	0.60558	0.12375	0.27066
674 T	0.60265	0.12820	0.26915
675 C	0.58829	0.14314	0.26857
676 A	0.58384	0.14775	0.26841
677 A	0.58112	0.15116	0.26772
678 T	0.58271	0.15132	0.26597
679 A	0.57533	0.16145	0.26322
680 C	0.57047	0.16712	0.2624
681 T	0.56396	0.17736	0.25868
682 G	0.55468	0.18850	0.25683
683 A	0.55083	0.19553	0.25364
684 A	0.55015	0.19784	0.25201
685 G	0.55176	0.19694	0.2513
686 C	0.56009	0.18824	0.25168
687 A	0.57542	0.17331	0.25128
688 G	0.58990	0.15916	0.25094
689 A	0.60326	0.14597	0.25077
690 T	0.61646	0.13276	0.25078
691 A	0.62134	0.12809	0.25058
692 T	0.62701	0.12119	0.2518
693 T	0.63169	0.11395	0.25435
694 T	0.63291	0.11068	0.2564
695 T	0.63386	0.10674	0.25941
696 A	0.63346	0.10455	0.26198
697 T	0.63317	0.09799	0.26885
698 T	0.63159	0.08933	0.27908
699 A	0.60344	0.11478	0.28178
700 A	0.58664	0.12812	0.28524
701 G	0.58243	0.12810	0.28947
702 T	0.58188	0.12103	0.29709
703 G	0.57908	0.11633	0.30459
704 A	0.58131	0.10908	0.3096
705 T	0.58316	0.09958	0.31726
706 G	0.58528	0.09424	0.32049
707 C	0.58672	0.09141	0.32187
708 T	0.58790	0.09088	0.32122
709 T	0.58806	0.09089	0.32104
710 T	0.58693	0.09255	0.32053
711 T	0.58421	0.09672	0.31907
712 A	0.57850	0.10294	0.31855
713 C	0.57647	0.10482	0.31871
714 A	0.57456	0.10691	0.31853
715 T	0.57300	0.10850	0.31851
716 C	0.57106	0.11052	0.31842
717 T	0.56934	0.11312	0.31755
718 A	0.56443	0.11950	0.31607
719 A	0.56087	0.12299	0.31613
720 T	0.56005	0.12301	0.31693
721 A	0.55840	0.12524	0.31636
722 T	0.55886	0.09788	0.34326
723 G	0.55804	0.08495	0.35701
724 G	0.55917	0.08532	0.35551
725 T	0.56131	0.08971	0.34899
726 T	0.56136	0.09744	0.3412
727 T	0.56069	0.10735	0.33196
728 T	0.55940	0.11578	0.32482
729 A	0.54922	0.13625	0.31453
730 A	0.53794	0.15661	0.30545
731 A	0.53275	0.17749	0.28976
732 A	0.52683	0.19705	0.27612
733 A	0.52454	0.21681	0.25865
734 G	0.52434	0.22142	0.25425
735 T	0.52348	0.22148	0.25504
736 T	0.52149	0.23079	0.24772
737 A	0.51442	0.24678	0.2388
738 T	0.51251	0.24988	0.23761
739 G	0.50991	0.25256	0.23753
740 A	0.50826	0.25361	0.23813
741 A	0.50881	0.24929	0.2419
742 G	0.51029	0.24273	0.24699
743 G	0.51175	0.23893	0.24932
744 A	0.51536	0.23317	0.25147
745 G	0.52064	0.22613	0.25323
746 C	0.52881	0.21610	0.25509
747 T	0.54340	0.20216	0.25444
748 T	0.55455	0.19177	0.25367
749 T	0.56314	0.18399	0.25287
750 T	0.56744	0.18119	0.25137
751 A	0.55865	0.19282	0.24853
752 A	0.55691	0.18909	0.25401
753 A	0.56019	0.18003	0.25978
754 A	0.57044	0.17159	0.25797
755 A	0.58157	0.16294	0.25549
756 T	0.60653	0.14530	0.24818
757 T	0.61499	0.14266	0.24236
758 T	0.61310	0.14901	0.23789
759 A	0.60552	0.15618	0.2383
760 T	0.60694	0.14802	0.24505
761 T	0.59809	0.15621	0.2457
762 T	0.57663	0.17847	0.24491
763 C	0.56072	0.19404	0.24524
764 A	0.55111	0.20374	0.24515
765 A	0.54398	0.21099	0.24504
766 T	0.53984	0.21534	0.24482
767 C	0.53087	0.22493	0.24419
768 C	0.50107	0.25750	0.24143
769 A	0.47906	0.29738	0.22356
770 T	0.47044	0.31158	0.21799
771 T	0.45445	0.33182	0.21372
772 A	0.42389	0.36792	0.2082
773 A	0.40987	0.38386	0.20627
774 A	0.40377	0.37933	0.2169
775 G	0.40435	0.37068	0.22497
776 A	0.40856	0.36191	0.22953
777 A	0.41779	0.34804	0.23418
778 G	0.43006	0.32994	0.24
779 T	0.44320	0.31184	0.24496
780 T	0.44973	0.30210	0.24817
781 A	0.44999	0.29508	0.25493
782 T	0.44861	0.28481	0.26658
783 G	0.44031	0.28756	0.27213
784 A	0.43459	0.28323	0.28218
785 C	0.43158	0.26226	0.30616
786 T	0.42704	0.25974	0.31322
787 G	0.41487	0.27015	0.31498
788 A	0.40969	0.27994	0.31038
789 A	0.40551	0.28677	0.30772
790 A	0.40342	0.28700	0.30959
791 A	0.40642	0.25252	0.34106
792 T	0.42612	0.20831	0.36557
793 T	0.43030	0.20766	0.36204
794 G	0.42884	0.20949	0.36167
795 G	0.42663	0.22615	0.34722
796 T	0.41134	0.25951	0.32915
797 T	0.38331	0.30106	0.31563
798 C	0.32429	0.37981	0.2959
799 A	0.27610	0.47210	0.2518
800 A	0.23022	0.54910	0.22068
801 A	0.20294	0.58956	0.2075
802 A	0.19304	0.60419	0.20278
803 A	0.19058	0.60899	0.20043
804 A	0.19002	0.60726	0.20271
805 A	0.19136	0.60288	0.20576
806 T	0.19622	0.58832	0.21547
807 T	0.19856	0.57908	0.22236
808 A	0.19853	0.57500	0.22646
809 T	0.20086	0.56767	0.23147
810 G	0.19355	0.56626	0.24019
811 A	0.18674	0.57001	0.24326
812 G	0.18212	0.57076	0.24712
813 C	0.18515	0.56538	0.24947
814 A	0.19003	0.56167	0.24831
815 A	0.20045	0.55198	0.24757
816 A	0.22173	0.52966	0.24862
817 A	0.25522	0.49164	0.25315
818 T	0.32559	0.41293	0.26148
819 T	0.37327	0.32910	0.29762
820 T	0.39034	0.27506	0.3346
821 T	0.40124	0.21817	0.38059
822 A	0.41126	0.18532	0.40343
823 T	0.42380	0.13413	0.44208
824 T	0.42878	0.10818	0.46304
825 T	0.42746	0.10332	0.46922
826 T	0.41589	0.11522	0.46889
827 C	0.38584	0.14765	0.46651
828 T	0.37061	0.17933	0.45005
829 A	0.32861	0.25292	0.41847
830 A	0.29345	0.32990	0.37664
831 A	0.27799	0.37661	0.34541
832 A	0.27068	0.41511	0.31421
833 A	0.25112	0.46601	0.28287
834 A	0.23457	0.50533	0.26011
835 T	0.22737	0.52178	0.25085
836 T	0.20368	0.56502	0.2313
837 A	0.15419	0.65326	0.19254
838 A	0.10170	0.73967	0.15862
839 A	0.07906	0.77385	0.1471
840 A	0.07050	0.78851	0.141
841 A	0.06925	0.79305	0.1377
842 A	0.07091	0.79286	0.13622
843 A	0.07442	0.79002	0.13556
844 A	0.07942	0.78496	0.13562
845 T	0.08946	0.77375	0.13679
846 A	0.08597	0.77572	0.13832
847 A	0.08341	0.77448	0.14211
848 A	0.08093	0.76805	0.15102
849 A	0.07935	0.74726	0.17338
850 C	0.08043	0.71163	0.20794
851 A	0.08562	0.70009	0.21429
852 A	0.10967	0.65935	0.23097
853 A	0.14696	0.61299	0.24004
854 A	0.17622	0.57726	0.24652
855 A	0.20768	0.54407	0.24824
856 A	0.25164	0.47689	0.27147
857 T	0.29419	0.41004	0.29577
858 A	0.30929	0.39500	0.29571
859 G	0.32838	0.35213	0.31949
860 A	0.36090	0.28408	0.35501
861 T	0.39281	0.20897	0.39822
862 T	0.40058	0.18832	0.4111
863 C	0.40287	0.19037	0.40676
864 T	0.39758	0.22581	0.37661
865 A	0.38348	0.26393	0.35259
866 A	0.37487	0.29022	0.3349
867 A	0.37004	0.30063	0.32932
868 G	0.36466	0.30873	0.32662
869 A	0.35898	0.31597	0.32505
870 A	0.35757	0.32187	0.32056
871 A	0.35700	0.32119	0.32181
872 T	0.35843	0.31444	0.32713
873 A	0.35737	0.31343	0.3292
874 G	0.35977	0.30297	0.33727
875 G	0.36529	0.29527	0.33944
876 T	0.37567	0.28457	0.33976
877 G	0.37824	0.28038	0.34138
878 G	0.38379	0.27321	0.34299
879 A	0.38907	0.26734	0.3436
880 G	0.39523	0.26036	0.34442
881 C	0.40912	0.24329	0.34759
882 G	0.41808	0.23399	0.34793
883 A	0.43152	0.22057	0.34792
884 T	0.44910	0.20078	0.35012
885 C	0.46184	0.18595	0.3522
886 T	0.47821	0.16886	0.35293
887 T	0.50036	0.13789	0.36175
888 G	0.51135	0.11592	0.37272
889 T	0.52290	0.09811	0.37899
890 T	0.52622	0.09223	0.38155
891 A	0.52608	0.08701	0.3869
892 G	0.53002	0.07692	0.39307
893 G	0.53708	0.06779	0.39513
894 T	0.54288	0.06223	0.3949
895 T	0.54330	0.06674	0.38997
896 T	0.54258	0.08227	0.37515
897 A	0.54010	0.10662	0.35327
898 A	0.53904	0.12784	0.33312
899 A	0.53898	0.13481	0.32622
900 T	0.53794	0.14183	0.32023
901 A	0.53653	0.15824	0.30523
902 A	0.53563	0.16439	0.29999
903 A	0.53532	0.16754	0.29713
904 A	0.53439	0.17169	0.29393
905 T	0.53514	0.17192	0.29295
906 T	0.53512	0.17322	0.29165
907 G	0.53448	0.17609	0.28943
908 T	0.53498	0.17676	0.28826
909 G	0.53475	0.17863	0.28662
910 A	0.53508	0.18184	0.28308
911 T	0.53674	0.18088	0.28238
912 T	0.53656	0.18475	0.27869
913 A	0.53325	0.19060	0.27615
914 A	0.53030	0.19545	0.27425
915 A	0.52963	0.19363	0.27674
916 G	0.52965	0.18857	0.28178
917 C	0.53291	0.18084	0.28626
918 G	0.53994	0.17202	0.28804
919 C	0.55734	0.15336	0.28931
920 A	0.57813	0.13350	0.28837
921 T	0.60007	0.11096	0.28897
922 G	0.60655	0.10430	0.28915
923 G	0.61445	0.09512	0.29043
924 T	0.62907	0.07935	0.29158
925 G	0.63339	0.07238	0.29423
926 A	0.63712	0.06669	0.2962
927 T	0.64264	0.05884	0.29852
928 T	0.64609	0.05462	0.29929
929 C	0.64729	0.05312	0.29959
930 T	0.64923	0.05868	0.2921
931 A	0.64710	0.07215	0.28075
932 A	0.64607	0.08313	0.2708
933 T	0.64771	0.08964	0.26266
934 G	0.64640	0.09654	0.25706
935 A	0.64882	0.09678	0.2544
936 A	0.65017	0.09380	0.25603
937 T	0.65409	0.08610	0.25981
938 A	0.65340	0.08489	0.26171
939 T	0.65362	0.08278	0.2636
940 G	0.65337	0.08221	0.26443
941 C	0.65402	0.08112	0.26487
942 T	0.65569	0.08022	0.26408
943 T	0.65727	0.08007	0.26265
944 T	0.65741	0.08018	0.26242
945 T	0.65662	0.08156	0.26182
946 T	0.65359	0.08608	0.26032
947 G	0.64226	0.09900	0.25873
948 C	0.60397	0.14014	0.25589
949 A	0.58009	0.16582	0.25409
950 A	0.56893	0.17825	0.25281
951 A	0.55935	0.18807	0.25259
952 G	0.55606	0.19060	0.25333
953 C	0.56133	0.18458	0.25409
954 A	0.57093	0.17361	0.25546
955 A	0.58143	0.16162	0.25694
956 T	0.59113	0.15054	0.25832
957 T	0.59553	0.14363	0.26084
958 T	0.59638	0.14199	0.26163
959 T	0.59378	0.14219	0.26403
960 T	0.57964	0.15693	0.26342
961 C	0.55207	0.18431	0.26362
962 A	0.52415	0.21686	0.25899
963 A	0.49171	0.25284	0.25544
964 G	0.46033	0.28845	0.25122
965 C	0.42558	0.32881	0.24561
966 T	0.40980	0.35695	0.23326
967 A	0.39375	0.38060	0.22565
968 A	0.38892	0.39058	0.22051
969 A	0.38876	0.38990	0.22133
970 A	0.38989	0.38033	0.22979
971 T	0.39287	0.33452	0.27261
972 T	0.39436	0.30913	0.29652
973 T	0.39540	0.29763	0.30697
974 T	0.39548	0.29092	0.31361
975 A	0.39461	0.29066	0.31473
976 A	0.39408	0.29072	0.3152
977 T	0.39471	0.28962	0.31567
978 T	0.39128	0.29513	0.31359
979 G	0.38393	0.30620	0.30987
980 A	0.37862	0.32334	0.29804
981 A	0.37333	0.33477	0.2919
982 A	0.37173	0.33604	0.29223
983 A	0.37155	0.32383	0.30461
984 A	0.37202	0.30214	0.32584
985 A	0.37791	0.28202	0.34007
986 A	0.38415	0.25625	0.3596
987 A	0.39183	0.22848	0.37969
988 T	0.40074	0.19671	0.40255
989 T	0.40963	0.20903	0.38134
990 T	0.40862	0.23915	0.35223
991 T	0.40302	0.24924	0.34774
992 T	0.38454	0.27907	0.33639
993 A	0.32725	0.35832	0.31443
994 A	0.28791	0.40591	0.30618
995 C	0.24608	0.45755	0.29638
996 T	0.21035	0.51941	0.27024
997 A	0.13336	0.64620	0.22043
998 A	0.12806	0.65975	0.21219
999 A	0.12648	0.66513	0.20839
1000 A	0.12681	0.66492	0.20827
1001 T	0.13146	0.65613	0.21241
1002 T	0.13548	0.64631	0.21822
1003 A	0.14206	0.63623	0.2217
1004 C	0.14786	0.62666	0.22548
1005 A	0.15099	0.62275	0.22626
1006 A	0.15427	0.61878	0.22695
1007 A	0.15944	0.61300	0.22756
1008 A	0.17340	0.59859	0.22801
1009 A	0.18922	0.58232	0.22846
1010 A	0.21052	0.55846	0.23101
1011 A	0.23406	0.53102	0.23492
1012 T	0.27792	0.47838	0.2437
1013 T	0.31145	0.43353	0.25501
1014 A	0.31808	0.41517	0.26676
1015 A	0.33118	0.37964	0.28918
1016 T	0.35725	0.29578	0.34697
1017 A	0.36812	0.24504	0.38684
1018 T	0.38578	0.18045	0.43377
1019 A	0.41005	0.11975	0.4702
1020 A	0.45571	0.00000	0.54429
