# lcl|CP097583.1_cds_USQ93479.1_1
# AA	inside	membr	outside
1 A	0.44622	0.00000	0.55378
2 T	0.44613	0.00009	0.55378
3 G	0.44607	0.00015	0.55378
4 T	0.44607	0.00284	0.55109
5 T	0.44398	0.01185	0.54416
6 T	0.44398	0.01448	0.54153
7 C	0.29160	0.16840	0.54
8 A	0.29160	0.16848	0.53992
9 A	0.27479	0.18654	0.53867
10 G	0.27476	0.19315	0.53208
11 G	0.27212	0.19611	0.53176
12 A	0.23969	0.22873	0.53158
13 T	0.20831	0.26063	0.53105
14 C	0.20830	0.26064	0.53105
15 G	0.20830	0.26822	0.52348
16 A	0.20788	0.26864	0.52348
17 A	0.20757	0.26906	0.52337
18 T	0.20756	0.26930	0.52315
19 T	0.20715	0.27041	0.52244
20 T	0.20337	0.27720	0.51943
21 T	0.16361	0.31699	0.51941
22 A	0.15460	0.32701	0.51838
23 T	0.14946	0.33227	0.51827
24 C	0.14216	0.33967	0.51817
25 A	0.13610	0.34574	0.51817
26 A	0.13214	0.34928	0.51858
27 G	0.13188	0.34557	0.52255
28 A	0.13670	0.33846	0.52484
29 G	0.13906	0.33362	0.52732
30 T	0.14195	0.19423	0.66382
31 A	0.14165	0.19214	0.66621
32 T	0.14301	0.17073	0.68625
33 T	0.14648	0.16694	0.68658
34 A	0.14527	0.16533	0.68941
35 T	0.14485	0.13929	0.71586
36 T	0.14150	0.12002	0.73849
37 A	0.13145	0.13011	0.73844
38 C	0.12123	0.14060	0.73817
39 A	0.10465	0.18077	0.71459
40 G	0.08663	0.20180	0.71157
41 A	0.07989	0.21168	0.70842
42 A	0.07666	0.21750	0.70584
43 G	0.07872	0.21291	0.70837
44 A	0.07855	0.20677	0.71468
45 T	0.07988	0.19693	0.72319
46 T	0.07934	0.20348	0.71718
47 T	0.07745	0.22147	0.70108
48 A	0.06309	0.27187	0.66504
49 A	0.05223	0.33741	0.61036
50 A	0.04597	0.36352	0.59051
51 A	0.03936	0.38617	0.57447
52 A	0.03572	0.39589	0.56839
53 A	0.03421	0.40309	0.5627
54 T	0.03310	0.40787	0.55903
55 A	0.03103	0.41429	0.55468
56 A	0.03392	0.41225	0.55383
57 A	0.03556	0.40989	0.55455
58 A	0.03668	0.40989	0.55343
59 A	0.03980	0.40219	0.55801
60 A	0.04306	0.38833	0.56861
61 T	0.04711	0.36918	0.58371
62 A	0.06342	0.33870	0.59788
63 T	0.06740	0.31884	0.61376
64 A	0.07042	0.31008	0.6195
65 C	0.07369	0.30270	0.62361
66 A	0.07578	0.30052	0.6237
67 A	0.10352	0.27246	0.62401
68 A	0.11000	0.26536	0.62463
69 A	0.13030	0.24390	0.6258
70 G	0.15726	0.21512	0.62762
71 T	0.20030	0.15694	0.64276
72 A	0.24367	0.10485	0.65149
73 A	0.26578	0.07604	0.65818
74 T	0.28704	0.04777	0.66519
75 T	0.29448	0.03594	0.66958
76 A	0.29766	0.03050	0.67183
77 C	0.30048	0.02531	0.67421
78 T	0.30062	0.02454	0.67485
79 C	0.29749	0.02838	0.67413
80 G	0.29673	0.03288	0.67039
81 T	0.29916	0.03091	0.66993
82 T	0.29687	0.03327	0.66987
83 T	0.29058	0.03952	0.6699
84 T	0.28644	0.04360	0.66996
85 C	0.28300	0.04654	0.67046
86 C	0.28142	0.04801	0.67057
87 A	0.28076	0.04863	0.67061
88 C	0.28061	0.04872	0.67067
89 C	0.28037	0.04894	0.67069
90 T	0.28036	0.04895	0.67068
91 G	0.27958	0.04970	0.67072
92 A	0.27766	0.05159	0.67076
93 A	0.27703	0.05217	0.6708
94 C	0.27740	0.05156	0.67104
95 C	0.27856	0.04991	0.67153
96 A	0.27881	0.04943	0.67176
97 A	0.27917	0.04893	0.67191
98 A	0.27957	0.04823	0.67221
99 T	0.28020	0.04688	0.67293
100 G	0.28061	0.04475	0.67464
101 G	0.28133	0.03798	0.68069
102 T	0.28292	0.03051	0.68657
103 T	0.28597	0.02377	0.69026
104 T	0.28631	0.02083	0.69287
105 T	0.28631	0.01739	0.69629
106 C	0.28627	0.01211	0.70162
107 T	0.28615	0.01021	0.70364
108 T	0.28586	0.00898	0.70517
109 C	0.28544	0.00896	0.70561
110 A	0.28515	0.01028	0.70457
111 T	0.28398	0.01236	0.70366
112 T	0.28149	0.01474	0.70377
113 T	0.27736	0.01883	0.70381
114 A	0.26752	0.02821	0.70427
115 G	0.26256	0.03126	0.70618
116 G	0.26087	0.03206	0.70707
117 A	0.25909	0.03349	0.70742
118 C	0.25795	0.03436	0.70768
119 A	0.25711	0.03516	0.70773
120 C	0.25673	0.03548	0.70779
121 G	0.25642	0.03578	0.7078
122 C	0.25637	0.03583	0.7078
123 A	0.25639	0.03581	0.70779
124 C	0.25652	0.03567	0.70781
125 G	0.25659	0.03560	0.7078
126 T	0.25680	0.03539	0.70781
127 T	0.25697	0.03520	0.70783
128 C	0.25701	0.03507	0.70792
129 T	0.25717	0.03497	0.70786
130 A	0.25752	0.03451	0.70797
131 T	0.25801	0.03368	0.70831
132 T	0.25838	0.03291	0.7087
133 A	0.25912	0.03216	0.70873
134 T	0.25996	0.02882	0.71122
135 T	0.25988	0.02626	0.71386
136 A	0.25289	0.02970	0.71741
137 T	0.25132	0.02315	0.72553
138 T	0.24944	0.02124	0.72932
139 A	0.24618	0.02364	0.73018
140 A	0.24485	0.02346	0.73169
141 T	0.24348	0.02366	0.73286
142 T	0.24074	0.02559	0.73367
143 T	0.23853	0.02749	0.73398
144 C	0.23583	0.03011	0.73407
145 G	0.23450	0.03238	0.73312
146 A	0.23367	0.03624	0.73009
147 A	0.23294	0.03902	0.72804
148 T	0.23116	0.04127	0.72757
149 T	0.22731	0.04530	0.7274
150 A	0.21832	0.05445	0.72723
151 G	0.21523	0.05766	0.72711
152 C	0.21363	0.05924	0.72712
153 C	0.21281	0.06017	0.72702
154 A	0.21245	0.06113	0.72642
155 A	0.21259	0.06121	0.7262
156 A	0.21298	0.06088	0.72614
157 T	0.21392	0.05988	0.7262
158 T	0.21422	0.05886	0.72693
159 T	0.21411	0.05070	0.7352
160 T	0.21358	0.04929	0.73713
161 T	0.21199	0.04872	0.73929
162 T	0.20823	0.05011	0.74167
163 A	0.19738	0.05999	0.74262
164 A	0.19347	0.06220	0.74433
165 C	0.19118	0.06144	0.74738
166 G	0.18856	0.06370	0.74774
167 G	0.18789	0.06504	0.74708
168 A	0.18842	0.07182	0.73977
169 A	0.19058	0.07016	0.73925
170 A	0.19234	0.06831	0.73935
171 A	0.19297	0.06512	0.74191
172 A	0.19332	0.05992	0.74676
173 C	0.19372	0.05075	0.75553
174 T	0.19420	0.04962	0.75618
175 T	0.19433	0.05198	0.75369
176 A	0.19427	0.05607	0.74966
177 T	0.19445	0.05828	0.74728
178 T	0.19430	0.06108	0.74463
179 T	0.19376	0.06282	0.74342
180 A	0.19253	0.06613	0.74134
181 A	0.19194	0.06848	0.73957
182 G	0.19146	0.06776	0.74078
183 A	0.19082	0.06673	0.74244
184 T	0.19053	0.06370	0.74577
185 A	0.19024	0.05999	0.74977
186 C	0.19006	0.05029	0.75965
187 G	0.18959	0.04897	0.76143
188 A	0.18953	0.04809	0.76238
189 C	0.19009	0.04656	0.76335
190 G	0.19036	0.04677	0.76287
191 A	0.19511	0.04273	0.76216
192 T	0.19570	0.04246	0.76184
193 A	0.19382	0.04547	0.76071
194 C	0.19270	0.04770	0.75959
195 A	0.19212	0.04999	0.75789
196 A	0.19239	0.04979	0.75782
197 A	0.19122	0.05099	0.75779
198 T	0.19419	0.04781	0.758
199 C	0.19402	0.04756	0.75843
200 C	0.19366	0.04734	0.759
201 T	0.19268	0.04832	0.75899
202 A	0.18761	0.05329	0.7591
203 C	0.18549	0.05482	0.75968
204 T	0.18441	0.05591	0.75968
205 G	0.17855	0.06189	0.75955
206 T	0.17495	0.06498	0.76007
207 C	0.16830	0.07156	0.76015
208 G	0.16259	0.07787	0.75954
209 A	0.15811	0.08270	0.7592
210 A	0.15367	0.08666	0.75966
211 A	0.15176	0.08814	0.7601
212 A	0.15133	0.08813	0.76054
213 A	0.15186	0.08521	0.76294
214 C	0.15251	0.08184	0.76565
215 A	0.15318	0.08049	0.76632
216 A	0.15424	0.07759	0.76817
217 G	0.15526	0.07520	0.76953
218 A	0.15660	0.07315	0.77024
219 A	0.15681	0.07233	0.77086
220 T	0.15679	0.06774	0.77547
221 A	0.15618	0.06546	0.77836
222 T	0.15585	0.06048	0.78367
223 G	0.15493	0.05777	0.78729
224 T	0.15469	0.05420	0.79111
225 A	0.15398	0.05003	0.79598
226 G	0.15355	0.04662	0.79982
227 A	0.15359	0.04353	0.80288
228 T	0.15433	0.03688	0.80878
229 T	0.15454	0.03359	0.81187
230 T	0.15442	0.02988	0.8157
231 T	0.15432	0.02622	0.81946
232 A	0.15399	0.02338	0.82262
233 T	0.15382	0.01933	0.82686
234 T	0.15337	0.01792	0.82871
235 C	0.15271	0.01762	0.82966
236 T	0.15212	0.01821	0.82968
237 C	0.15077	0.01962	0.8296
238 A	0.14933	0.02168	0.829
239 A	0.14881	0.02250	0.82869
240 A	0.14845	0.02303	0.82852
241 G	0.14863	0.02276	0.82861
242 A	0.14888	0.02278	0.82834
243 T	0.14935	0.02137	0.82928
244 G	0.14959	0.02056	0.82985
245 T	0.15005	0.02024	0.82971
246 T	0.15031	0.02081	0.82889
247 A	0.15035	0.02370	0.82594
248 A	0.15044	0.02425	0.8253
249 A	0.15048	0.02519	0.82433
250 T	0.15093	0.02547	0.82359
251 G	0.15037	0.02752	0.82211
252 G	0.15034	0.03019	0.81947
253 T	0.15100	0.03215	0.81684
254 T	0.15030	0.03518	0.81453
255 A	0.14868	0.03852	0.81281
256 G	0.14786	0.03978	0.81236
257 G	0.14755	0.04075	0.81169
258 T	0.14747	0.04128	0.81126
259 T	0.14715	0.04118	0.81167
260 A	0.14665	0.04100	0.81235
261 T	0.14679	0.03983	0.81338
262 A	0.14656	0.03962	0.81383
263 C	0.14641	0.03934	0.81425
264 A	0.14632	0.03939	0.8143
265 C	0.14657	0.03910	0.81433
266 C	0.14678	0.03895	0.81427
267 G	0.14716	0.03882	0.81403
268 G	0.14775	0.03874	0.81351
269 A	0.14937	0.03758	0.81304
270 T	0.15232	0.03484	0.81284
271 A	0.15280	0.03463	0.81257
272 A	0.15437	0.03264	0.81299
273 A	0.15613	0.03047	0.8134
274 A	0.15863	0.02684	0.81453
275 T	0.16259	0.02155	0.81586
276 T	0.16612	0.01707	0.81681
277 T	0.16879	0.01349	0.81771
278 T	0.17021	0.01069	0.8191
279 A	0.17043	0.00978	0.81979
280 T	0.17084	0.00874	0.82042
281 T	0.17069	0.00844	0.82087
282 C	0.16945	0.00903	0.82152
283 G	0.16875	0.00925	0.822
284 C	0.16813	0.00959	0.82229
285 T	0.16754	0.01006	0.8224
286 T	0.16586	0.01166	0.82248
287 C	0.16463	0.01286	0.8225
288 G	0.16396	0.01367	0.82237
289 G	0.16334	0.01470	0.82196
290 A	0.16318	0.01527	0.82155
291 T	0.16362	0.01510	0.82128
292 T	0.16305	0.01670	0.82025
293 A	0.16082	0.01895	0.82024
294 T	0.15822	0.02103	0.82075
295 T	0.15560	0.02385	0.82054
296 T	0.15015	0.03090	0.81895
297 C	0.14119	0.04269	0.81612
298 G	0.13502	0.05408	0.81091
299 A	0.12904	0.06368	0.80727
300 A	0.11400	0.08169	0.80431
301 G	0.10805	0.08871	0.80324
302 A	0.10312	0.09518	0.8017
303 A	0.10126	0.09735	0.80139
304 A	0.09993	0.09815	0.80192
305 T	0.09913	0.09750	0.80336
306 G	0.09776	0.09796	0.80429
307 T	0.09713	0.09779	0.80508
308 A	0.09603	0.09839	0.80558
309 C	0.09494	0.09808	0.80698
310 A	0.09367	0.09913	0.80719
311 A	0.09267	0.09996	0.80737
312 A	0.09175	0.10067	0.80758
313 A	0.09116	0.10089	0.80796
314 G	0.09053	0.10126	0.80821
315 A	0.09043	0.09907	0.8105
316 G	0.09022	0.09470	0.81508
317 C	0.09030	0.08773	0.82198
318 A	0.09091	0.08549	0.8236
319 G	0.09410	0.07802	0.82788
320 T	0.09908	0.06809	0.83283
321 T	0.10352	0.06092	0.83556
322 A	0.10525	0.05714	0.83762
323 T	0.10699	0.04384	0.84917
324 A	0.10711	0.04249	0.8504
325 T	0.10807	0.03910	0.85282
326 T	0.10812	0.04059	0.85129
327 A	0.10549	0.04675	0.84776
328 A	0.10402	0.04912	0.84687
329 T	0.10228	0.05168	0.84604
330 T	0.09759	0.06049	0.84193
331 A	0.08020	0.08819	0.83161
332 A	0.07012	0.10491	0.82497
333 A	0.06440	0.11500	0.8206
334 A	0.06003	0.12304	0.81693
335 A	0.05846	0.12502	0.81652
336 A	0.05796	0.12493	0.8171
337 A	0.05799	0.12443	0.81759
338 A	0.05845	0.12303	0.81853
339 T	0.05945	0.12128	0.81928
340 T	0.06013	0.12004	0.81983
341 T	0.06077	0.11899	0.82024
342 A	0.06085	0.11871	0.82045
343 G	0.06141	0.11786	0.82073
344 C	0.06266	0.11623	0.82111
345 A	0.06497	0.11379	0.82124
346 T	0.06997	0.10857	0.82145
347 T	0.07553	0.10271	0.82177
348 T	0.07834	0.09980	0.82187
349 G	0.07972	0.09825	0.82203
350 T	0.08251	0.09243	0.82506
351 A	0.08251	0.09039	0.8271
352 G	0.08428	0.08553	0.83019
353 A	0.08927	0.07581	0.83492
354 T	0.10186	0.04649	0.85165
355 G	0.10694	0.03259	0.86048
356 A	0.11108	0.02381	0.86511
357 T	0.11434	0.01706	0.86861
358 T	0.11073	0.02022	0.86905
359 T	0.10273	0.02929	0.86797
360 G	0.08757	0.04518	0.86725
361 A	0.07820	0.05465	0.86716
362 G	0.07210	0.06066	0.86723
363 T	0.06545	0.06746	0.8671
364 G	0.05404	0.07919	0.86677
365 C	0.04415	0.08974	0.8661
366 A	0.03391	0.10391	0.86218
367 G	0.02914	0.11406	0.8568
368 A	0.02546	0.13254	0.842
369 A	0.02437	0.14253	0.8331
370 G	0.02408	0.14852	0.8274
371 A	0.02408	0.15199	0.82392
372 A	0.02425	0.15256	0.82319
373 T	0.02460	0.15244	0.82297
374 T	0.02454	0.15244	0.82302
375 A	0.02405	0.15288	0.82307
376 A	0.02384	0.15275	0.8234
377 A	0.02372	0.15248	0.8238
378 A	0.02377	0.15129	0.82494
379 A	0.02415	0.14960	0.82625
380 A	0.02475	0.14626	0.82899
381 A	0.02593	0.13856	0.83552
382 T	0.02753	0.12656	0.84592
383 A	0.02817	0.11296	0.85887
384 T	0.02850	0.10306	0.86843
385 A	0.02859	0.09770	0.87372
386 G	0.02882	0.09010	0.88108
387 A	0.02880	0.08381	0.8874
388 G	0.02959	0.07559	0.89482
389 G	0.03328	0.06869	0.89803
390 A	0.03937	0.06792	0.89272
391 G	0.05370	0.05902	0.88728
392 A	0.06278	0.05764	0.87958
393 T	0.06961	0.05466	0.87574
394 T	0.07285	0.05521	0.87194
395 T	0.07375	0.05863	0.86762
396 A	0.07398	0.06358	0.86243
397 T	0.07426	0.06390	0.86184
398 T	0.07430	0.06417	0.86153
399 T	0.07419	0.06404	0.86177
400 A	0.07383	0.06421	0.86195
401 C	0.07306	0.06482	0.86212
402 A	0.07103	0.06685	0.86212
403 C	0.06947	0.06841	0.86212
404 C	0.06846	0.06947	0.86207
405 A	0.06751	0.07067	0.86182
406 G	0.06737	0.07107	0.86155
407 G	0.06702	0.07168	0.86131
408 A	0.06777	0.07118	0.86104
409 A	0.06928	0.06979	0.86092
410 T	0.07411	0.06438	0.86152
411 A	0.07602	0.06197	0.862
412 A	0.08193	0.05578	0.86229
413 A	0.09173	0.04571	0.86257
414 T	0.10215	0.03500	0.86285
415 T	0.10935	0.02756	0.86309
416 C	0.11279	0.02387	0.86334
417 T	0.11539	0.02116	0.86344
418 C	0.11675	0.01967	0.86357
419 C	0.11834	0.01805	0.86361
420 T	0.11827	0.01813	0.8636
421 T	0.11636	0.02009	0.86356
422 A	0.11108	0.02530	0.86362
423 T	0.10614	0.03005	0.86381
424 C	0.09005	0.04541	0.86454
425 G	0.08085	0.05288	0.86628
426 T	0.07724	0.05506	0.86769
427 A	0.07178	0.05971	0.86851
428 A	0.06977	0.06085	0.86938
429 T	0.06920	0.06092	0.86988
430 C	0.06754	0.06136	0.87109
431 G	0.06661	0.06228	0.87111
432 T	0.06622	0.06269	0.87108
433 T	0.06536	0.06375	0.87089
434 G	0.06310	0.06653	0.87037
435 T	0.06198	0.06803	0.86999
436 A	0.06004	0.06990	0.87007
437 T	0.05896	0.07077	0.87027
438 A	0.05698	0.07270	0.87031
439 G	0.05532	0.07411	0.87056
440 A	0.05411	0.07537	0.87052
441 A	0.05299	0.07536	0.87165
442 G	0.05160	0.07565	0.87276
443 A	0.05069	0.07671	0.8726
444 A	0.05023	0.07571	0.87407
445 A	0.05006	0.07061	0.87933
446 A	0.05003	0.06434	0.88563
447 T	0.05013	0.04711	0.90276
448 T	0.05002	0.03968	0.9103
449 T	0.04876	0.04109	0.91015
450 A	0.04514	0.05404	0.90081
451 G	0.04241	0.06712	0.89048
452 A	0.04064	0.07333	0.88603
453 A	0.03980	0.07687	0.88333
454 T	0.04009	0.08016	0.87975
455 T	0.03997	0.08337	0.87666
456 A	0.03923	0.08810	0.87268
457 T	0.03913	0.08826	0.8726
458 T	0.03842	0.08907	0.87251
459 T	0.03693	0.09039	0.87268
460 G	0.03454	0.09290	0.87256
461 A	0.03330	0.09383	0.87287
462 A	0.03212	0.09423	0.87364
463 A	0.03167	0.09392	0.87441
464 A	0.03160	0.09317	0.87523
465 A	0.03226	0.09145	0.87629
466 A	0.03314	0.08984	0.87702
467 T	0.03372	0.08877	0.87751
468 G	0.03340	0.08901	0.87759
469 A	0.03316	0.08963	0.8772
470 A	0.03331	0.08965	0.87705
471 A	0.03423	0.08866	0.87711
472 A	0.03796	0.08382	0.87823
473 A	0.05227	0.06610	0.88163
474 T	0.06647	0.04896	0.88457
475 G	0.07053	0.04316	0.8863
476 G	0.07454	0.03834	0.88711
477 T	0.08066	0.03204	0.8873
478 T	0.08490	0.02748	0.88762
479 T	0.08814	0.02356	0.8883
480 T	0.08910	0.02206	0.88884
481 T	0.08870	0.02180	0.8895
482 T	0.08638	0.02334	0.89028
483 T	0.07883	0.03008	0.89108
484 A	0.06307	0.04658	0.89035
485 A	0.04312	0.06712	0.88976
486 A	0.03205	0.07933	0.88862
487 G	0.02911	0.08388	0.88701
488 A	0.02733	0.08697	0.8857
489 A	0.02621	0.08882	0.88497
490 G	0.02560	0.08974	0.88467
491 A	0.02542	0.09045	0.88413
492 A	0.02436	0.09213	0.88351
493 A	0.02377	0.09296	0.88328
494 A	0.02377	0.09275	0.88349
495 T	0.02384	0.09228	0.88388
496 A	0.02315	0.09294	0.8839
497 A	0.02298	0.09296	0.88406
498 A	0.02316	0.09240	0.88445
499 G	0.02357	0.09141	0.88501
500 T	0.02434	0.09014	0.88552
501 T	0.02506	0.08869	0.88625
502 T	0.02545	0.08707	0.88749
503 T	0.02540	0.08562	0.88898
504 A	0.02473	0.08496	0.89031
505 A	0.02456	0.08110	0.89434
506 G	0.02499	0.07192	0.90309
507 A	0.02630	0.05720	0.9165
508 G	0.02790	0.03753	0.93457
509 C	0.03001	0.02630	0.94369
510 T	0.03263	0.02341	0.94396
511 A	0.03399	0.02439	0.94162
512 A	0.03487	0.02411	0.94102
513 A	0.03482	0.02427	0.94091
514 A	0.03524	0.02370	0.94106
515 T	0.03604	0.02084	0.94312
516 T	0.03586	0.02024	0.94389
517 G	0.03485	0.02231	0.94283
518 A	0.03426	0.02325	0.94249
519 T	0.03390	0.02298	0.94312
520 A	0.03292	0.02366	0.94341
521 T	0.03210	0.02424	0.94366
522 G	0.03054	0.02567	0.94378
523 G	0.02994	0.02619	0.94387
524 C	0.02970	0.02641	0.9439
525 A	0.02958	0.02673	0.94369
526 A	0.02960	0.02658	0.94382
527 G	0.03032	0.02539	0.94429
528 T	0.03054	0.02487	0.94459
529 C	0.03064	0.02467	0.94469
530 C	0.03097	0.02431	0.94472
531 T	0.03174	0.02392	0.94433
532 A	0.03220	0.02376	0.94404
533 A	0.03330	0.02276	0.94393
534 T	0.03586	0.02018	0.94395
535 A	0.03668	0.01926	0.94407
536 T	0.03741	0.01756	0.94504
537 G	0.03778	0.01654	0.94568
538 A	0.03817	0.01580	0.94603
539 A	0.03896	0.01406	0.94697
540 T	0.04069	0.01092	0.94839
541 T	0.04093	0.01012	0.94895
542 T	0.03992	0.01113	0.94895
543 A	0.03717	0.01420	0.94864
544 A	0.03486	0.01627	0.94887
545 G	0.03356	0.01625	0.95019
546 A	0.03302	0.01620	0.95078
547 G	0.03306	0.01574	0.9512
548 A	0.03332	0.01518	0.9515
549 C	0.03344	0.01476	0.9518
550 C	0.03360	0.01455	0.95185
551 C	0.03378	0.01437	0.95185
552 T	0.03404	0.01415	0.95182
553 G	0.03418	0.01407	0.95175
554 T	0.03452	0.01379	0.95169
555 T	0.03471	0.01363	0.95166
556 T	0.03479	0.01357	0.95165
557 T	0.03481	0.01341	0.95178
558 A	0.03462	0.01343	0.95194
559 T	0.03461	0.01338	0.95201
560 A	0.03451	0.01332	0.95217
561 T	0.03453	0.01305	0.95243
562 A	0.03449	0.01288	0.95263
563 A	0.03456	0.01250	0.95294
564 A	0.03468	0.01176	0.95356
565 A	0.03513	0.00983	0.95504
566 T	0.03605	0.00607	0.95787
567 T	0.03638	0.00360	0.96001
568 C	0.03618	0.00280	0.96101
569 T	0.03605	0.00288	0.96106
570 T	0.03569	0.00366	0.96065
571 G	0.03482	0.00467	0.96051
572 A	0.03426	0.00545	0.96029
573 T	0.03417	0.00571	0.96012
574 G	0.03393	0.00656	0.9595
575 C	0.03388	0.00748	0.95865
576 T	0.03389	0.00890	0.95721
577 T	0.03377	0.00949	0.95674
578 A	0.03321	0.01037	0.95642
579 T	0.03311	0.01062	0.95627
580 A	0.03300	0.01099	0.95601
581 C	0.03298	0.01082	0.95621
582 T	0.03296	0.01100	0.95604
583 T	0.03280	0.01121	0.95599
584 T	0.03249	0.01165	0.95587
585 A	0.03163	0.01267	0.9557
586 A	0.03111	0.01328	0.95561
587 A	0.03093	0.01338	0.95569
588 A	0.03089	0.01335	0.95576
589 A	0.03091	0.01327	0.95583
590 A	0.03097	0.01305	0.95597
591 T	0.03110	0.01261	0.95629
592 A	0.03128	0.01223	0.95648
593 A	0.03170	0.01144	0.95686
594 A	0.03194	0.01040	0.95766
595 C	0.03230	0.00944	0.95826
596 A	0.03270	0.00894	0.95835
597 T	0.03370	0.00774	0.95856
598 T	0.03464	0.00671	0.95865
599 A	0.03566	0.00562	0.95871
600 T	0.03621	0.00492	0.95887
601 T	0.03651	0.00400	0.95949
602 T	0.03664	0.00366	0.9597
603 T	0.03682	0.00326	0.95991
604 A	0.03692	0.00300	0.96008
605 T	0.03716	0.00247	0.96037
606 T	0.03731	0.00204	0.96065
607 T	0.03744	0.00159	0.96097
608 T	0.03757	0.00086	0.96157
609 T	0.03764	0.00044	0.96192
610 C	0.03765	0.00029	0.96206
611 C	0.03765	0.00027	0.96208
612 T	0.03766	0.00026	0.96209
613 T	0.03766	0.00026	0.96209
614 C	0.03761	0.00031	0.96208
615 A	0.03745	0.00049	0.96206
616 T	0.03733	0.00063	0.96204
617 A	0.03706	0.00094	0.96199
618 T	0.03697	0.00108	0.96195
619 G	0.03682	0.00131	0.96187
620 A	0.03675	0.00138	0.96187
621 T	0.03673	0.00140	0.96187
622 T	0.03671	0.00142	0.96187
623 T	0.03665	0.00148	0.96188
624 C	0.03655	0.00157	0.96188
625 G	0.03648	0.00164	0.96188
626 C	0.03647	0.00165	0.96188
627 C	0.03647	0.00165	0.96188
628 C	0.03647	0.00166	0.96188
629 A	0.03646	0.00166	0.96187
630 T	0.03646	0.00167	0.96187
631 C	0.03641	0.00172	0.96187
632 C	0.03638	0.00175	0.96187
633 T	0.03635	0.00181	0.96184
634 T	0.03630	0.00187	0.96182
635 T	0.03619	0.00201	0.9618
636 A	0.03590	0.00232	0.96177
637 G	0.03579	0.00241	0.9618
638 A	0.03574	0.00234	0.96193
639 A	0.03573	0.00226	0.96201
640 G	0.03575	0.00198	0.96227
641 A	0.03579	0.00186	0.96235
642 T	0.03585	0.00167	0.96248
643 G	0.03585	0.00163	0.96253
644 C	0.03583	0.00158	0.96258
645 A	0.03582	0.00158	0.9626
646 A	0.03582	0.00155	0.96264
647 T	0.03581	0.00148	0.96271
648 C	0.03574	0.00149	0.96277
649 G	0.03568	0.00156	0.96276
650 A	0.03566	0.00158	0.96276
651 A	0.03564	0.00158	0.96278
652 G	0.03564	0.00157	0.96279
653 G	0.03565	0.00156	0.96279
654 T	0.03567	0.00147	0.96287
655 A	0.03568	0.00138	0.96294
656 T	0.03573	0.00124	0.96304
657 T	0.03575	0.00111	0.96313
658 T	0.03577	0.00098	0.96325
659 C	0.03577	0.00076	0.96347
660 A	0.03577	0.00070	0.96352
661 C	0.03581	0.00062	0.96357
662 A	0.03585	0.00056	0.96358
663 T	0.03588	0.00052	0.9636
664 T	0.03591	0.00049	0.9636
665 C	0.03591	0.00047	0.96362
666 T	0.03595	0.00044	0.96362
667 T	0.03594	0.00044	0.96362
668 T	0.03592	0.00046	0.96361
669 A	0.03592	0.00048	0.96361
670 T	0.03591	0.00048	0.96361
671 G	0.03590	0.00041	0.96369
672 T	0.03591	0.00034	0.96375
673 T	0.03592	0.00033	0.96376
674 C	0.03582	0.00043	0.96375
675 T	0.03578	0.00053	0.96369
676 T	0.03574	0.00071	0.96356
677 T	0.03564	0.00091	0.96345
678 G	0.03552	0.00110	0.96338
679 G	0.03548	0.00120	0.96333
680 A	0.03541	0.00134	0.96325
681 A	0.03529	0.00148	0.96323
682 T	0.03514	0.00164	0.96322
683 T	0.03480	0.00198	0.96322
684 T	0.03445	0.00235	0.9632
685 G	0.03331	0.00356	0.96313
686 A	0.03294	0.00398	0.96308
687 A	0.03280	0.00412	0.96308
688 G	0.03272	0.00419	0.96309
689 A	0.03267	0.00423	0.96309
690 T	0.03266	0.00423	0.9631
691 C	0.03261	0.00427	0.96312
692 A	0.03259	0.00430	0.96311
693 T	0.03258	0.00430	0.96312
694 A	0.03256	0.00430	0.96313
695 G	0.03256	0.00429	0.96315
696 A	0.03259	0.00425	0.96316
697 C	0.03262	0.00403	0.96335
698 C	0.03270	0.00389	0.96342
699 T	0.03286	0.00372	0.96342
700 T	0.03292	0.00368	0.96341
701 T	0.03286	0.00374	0.9634
702 A	0.03254	0.00417	0.96328
703 T	0.03249	0.00424	0.96327
704 A	0.03241	0.00417	0.96342
705 T	0.03238	0.00390	0.96372
706 G	0.03227	0.00364	0.96409
707 A	0.03218	0.00355	0.96427
708 T	0.03181	0.00313	0.96506
709 T	0.03133	0.00349	0.96518
710 G	0.03073	0.00402	0.96525
711 G	0.03040	0.00435	0.96525
712 G	0.03025	0.00456	0.9652
713 T	0.03011	0.00481	0.96507
714 C	0.03002	0.00511	0.96487
715 A	0.02992	0.00623	0.96386
716 T	0.02986	0.00671	0.96343
717 A	0.02973	0.00775	0.96253
718 A	0.02964	0.00817	0.96219
719 A	0.02952	0.00856	0.96192
720 A	0.02948	0.00878	0.96174
721 G	0.02947	0.00878	0.96175
722 A	0.02950	0.00879	0.96171
723 A	0.02953	0.00872	0.96174
724 A	0.02959	0.00855	0.96185
725 C	0.02971	0.00807	0.96222
726 T	0.02982	0.00796	0.96221
727 G	0.02986	0.00805	0.96208
728 A	0.02990	0.00821	0.96189
729 A	0.02992	0.00830	0.96178
730 A	0.02996	0.00826	0.96179
731 T	0.02989	0.00782	0.96229
732 G	0.02945	0.00772	0.96283
733 G	0.02898	0.00778	0.96324
734 A	0.02863	0.00829	0.96308
735 A	0.02852	0.00844	0.96304
736 C	0.02861	0.00826	0.96314
737 A	0.02888	0.00812	0.96301
738 T	0.02989	0.00703	0.96308
739 G	0.03012	0.00675	0.96313
740 T	0.03074	0.00605	0.96321
741 G	0.03081	0.00595	0.96324
742 C	0.03094	0.00569	0.96337
743 C	0.03106	0.00556	0.96337
744 G	0.03105	0.00557	0.96337
745 A	0.03109	0.00554	0.96337
746 C	0.03113	0.00551	0.96336
747 T	0.03116	0.00552	0.96332
748 C	0.03111	0.00565	0.96324
749 A	0.03111	0.00577	0.96312
750 A	0.03116	0.00584	0.963
751 A	0.03131	0.00573	0.96296
752 T	0.03146	0.00549	0.96306
753 A	0.03151	0.00540	0.96308
754 G	0.03162	0.00500	0.96337
755 A	0.03170	0.00443	0.96388
756 A	0.03187	0.00377	0.96437
757 T	0.03234	0.00285	0.96481
758 T	0.03255	0.00253	0.96491
759 T	0.03259	0.00242	0.96499
760 G	0.03263	0.00236	0.96501
761 G	0.03263	0.00241	0.96497
762 T	0.03263	0.00250	0.96487
763 C	0.03262	0.00258	0.9648
764 G	0.03263	0.00289	0.96448
765 T	0.03263	0.00322	0.96416
766 A	0.03251	0.00365	0.96385
767 T	0.03244	0.00386	0.9637
768 G	0.03220	0.00432	0.96348
769 A	0.03212	0.00482	0.96307
770 A	0.03215	0.00517	0.96268
771 T	0.03224	0.00552	0.96224
772 A	0.03227	0.00555	0.96218
773 T	0.03235	0.00548	0.96217
774 T	0.03227	0.00556	0.96217
775 A	0.03131	0.00661	0.96208
776 C	0.03042	0.00761	0.96196
777 A	0.02913	0.00954	0.96134
778 C	0.02859	0.01021	0.9612
779 A	0.02811	0.01074	0.96115
780 A	0.02786	0.01102	0.96112
781 A	0.02789	0.01100	0.96112
782 C	0.02795	0.01091	0.96114
783 C	0.02807	0.01081	0.96112
784 A	0.02831	0.01075	0.96094
785 T	0.02873	0.01061	0.96066
786 T	0.02886	0.01068	0.96046
787 T	0.02880	0.01094	0.96027
788 T	0.02844	0.01132	0.96025
789 A	0.02768	0.01199	0.96033
790 A	0.02722	0.01237	0.96042
791 G	0.02680	0.01256	0.96064
792 C	0.02677	0.01250	0.96073
793 A	0.02682	0.01250	0.96069
794 A	0.02711	0.01223	0.96065
795 A	0.02712	0.01224	0.96064
796 A	0.02716	0.01220	0.96064
797 G	0.02721	0.01204	0.96074
798 A	0.02735	0.01096	0.96169
799 A	0.02757	0.00980	0.96263
800 G	0.02826	0.00777	0.96397
801 T	0.02859	0.00686	0.96454
802 T	0.02873	0.00637	0.9649
803 T	0.02879	0.00614	0.96506
804 A	0.02879	0.00610	0.96511
805 A	0.02880	0.00603	0.96516
806 A	0.02884	0.00588	0.96527
807 A	0.02906	0.00549	0.96544
808 T	0.02940	0.00487	0.96573
809 T	0.02960	0.00428	0.96612
810 T	0.02975	0.00373	0.96652
811 T	0.02977	0.00324	0.967
812 T	0.02978	0.00270	0.96752
813 A	0.02977	0.00244	0.96779
814 G	0.02978	0.00212	0.96811
815 T	0.02979	0.00203	0.96819
816 T	0.02982	0.00189	0.96828
817 A	0.02984	0.00178	0.96837
818 G	0.02990	0.00160	0.9685
819 T	0.02996	0.00146	0.96857
820 T	0.02997	0.00147	0.96857
821 C	0.02997	0.00150	0.96852
822 T	0.03001	0.00164	0.96835
823 G	0.03001	0.00189	0.9681
824 G	0.03004	0.00201	0.96795
825 T	0.03015	0.00204	0.96781
826 T	0.03023	0.00218	0.96759
827 T	0.03027	0.00225	0.96748
828 A	0.03028	0.00226	0.96745
829 G	0.03029	0.00228	0.96743
830 T	0.03030	0.00234	0.96736
831 T	0.03018	0.00259	0.96723
832 C	0.02995	0.00293	0.96712
833 A	0.02980	0.00357	0.96663
834 A	0.02974	0.00388	0.96638
835 G	0.02972	0.00403	0.96625
836 G	0.02976	0.00415	0.96608
837 A	0.02988	0.00429	0.96583
838 T	0.03007	0.00427	0.96565
839 G	0.03014	0.00434	0.96553
840 G	0.03009	0.00448	0.96543
841 G	0.03010	0.00457	0.96533
842 A	0.03013	0.00465	0.96523
843 T	0.03011	0.00467	0.96522
844 G	0.03004	0.00473	0.96523
845 A	0.03011	0.00467	0.96523
846 T	0.03029	0.00448	0.96522
847 C	0.03015	0.00464	0.96521
848 C	0.02991	0.00494	0.96516
849 T	0.02977	0.00531	0.96493
850 A	0.02931	0.00594	0.96474
851 G	0.02900	0.00636	0.96464
852 A	0.02869	0.00669	0.96462
853 A	0.02860	0.00678	0.96463
854 T	0.02873	0.00646	0.96481
855 G	0.02861	0.00635	0.96504
856 C	0.02890	0.00591	0.9652
857 C	0.02902	0.00576	0.96522
858 A	0.02905	0.00577	0.96519
859 A	0.02914	0.00572	0.96514
860 C	0.02937	0.00553	0.96509
861 T	0.02958	0.00556	0.96486
862 T	0.02964	0.00596	0.9644
863 T	0.02956	0.00670	0.96375
864 A	0.02927	0.00745	0.96328
865 A	0.02909	0.00802	0.96289
866 G	0.02894	0.00812	0.96293
867 A	0.02878	0.00837	0.96285
868 G	0.02876	0.00845	0.96279
869 G	0.02880	0.00857	0.96263
870 T	0.02890	0.00863	0.96247
871 A	0.02895	0.00904	0.962
872 T	0.02914	0.00887	0.96199
873 G	0.02921	0.00895	0.96185
874 A	0.02925	0.01003	0.96072
875 G	0.02923	0.01141	0.95936
876 G	0.02916	0.01280	0.95805
877 A	0.02913	0.01506	0.95581
878 A	0.02913	0.01597	0.9549
879 T	0.02913	0.01668	0.9542
880 A	0.02907	0.01730	0.95363
881 A	0.02910	0.01750	0.9534
882 A	0.02910	0.01775	0.95315
883 G	0.02915	0.01813	0.95273
884 G	0.02937	0.01884	0.95179
885 A	0.02992	0.02074	0.94934
886 T	0.03065	0.02058	0.94877
887 A	0.03086	0.02118	0.94796
888 T	0.03117	0.02077	0.94806
889 A	0.03119	0.02063	0.94818
890 C	0.03140	0.02025	0.94835
891 T	0.03168	0.01996	0.94835
892 C	0.03175	0.01990	0.94835
893 C	0.03202	0.01967	0.94831
894 T	0.03278	0.01901	0.9482
895 G	0.03295	0.01886	0.94819
896 A	0.03347	0.01835	0.94818
897 A	0.03486	0.01696	0.94817
898 T	0.03693	0.01488	0.94818
899 C	0.03822	0.01354	0.94823
900 T	0.04006	0.01198	0.94796
901 A	0.04049	0.01192	0.94759
902 T	0.04093	0.01164	0.94743
903 T	0.04073	0.01216	0.94711
904 A	0.03974	0.01380	0.94646
905 A	0.03943	0.01431	0.94627
906 A	0.03980	0.01407	0.94613
907 A	0.04074	0.01318	0.94608
908 A	0.04312	0.01077	0.94611
909 A	0.04420	0.00962	0.94617
910 T	0.04543	0.00816	0.94641
911 T	0.04560	0.00787	0.94653
912 T	0.04565	0.00766	0.94668
913 A	0.04567	0.00758	0.94675
914 T	0.04572	0.00742	0.94686
915 T	0.04568	0.00726	0.94706
916 C	0.04547	0.00741	0.94712
917 T	0.04532	0.00772	0.94696
918 T	0.04464	0.00874	0.94662
919 G	0.04315	0.01106	0.9458
920 A	0.04249	0.01226	0.94525
921 A	0.04209	0.01309	0.94482
922 A	0.04208	0.01326	0.94466
923 T	0.04250	0.01250	0.945
924 T	0.04292	0.01162	0.94546
925 G	0.04303	0.01107	0.9459
926 G	0.04333	0.01024	0.94644
927 T	0.04386	0.00895	0.94719
928 C	0.04402	0.00840	0.94759
929 T	0.04418	0.00820	0.94762
930 T	0.04419	0.00822	0.94758
931 T	0.04401	0.00849	0.9475
932 C	0.04359	0.00899	0.94741
933 T	0.04338	0.00970	0.94692
934 A	0.04286	0.01168	0.94546
935 A	0.04254	0.01432	0.94314
936 A	0.04233	0.01683	0.94085
937 A	0.04209	0.01940	0.9385
938 A	0.04183	0.02056	0.93761
939 T	0.04177	0.02143	0.9368
940 A	0.04154	0.02158	0.93689
941 A	0.04174	0.02092	0.93733
942 T	0.04248	0.01899	0.93854
943 A	0.04275	0.01833	0.93892
944 C	0.04302	0.01783	0.93915
945 T	0.04337	0.01791	0.93872
946 T	0.04327	0.01883	0.9379
947 A	0.04296	0.02016	0.93687
948 T	0.04281	0.02083	0.93635
949 G	0.04258	0.02167	0.93574
950 T	0.04256	0.02221	0.93523
951 T	0.04246	0.02234	0.93519
952 A	0.04231	0.02249	0.93519
953 A	0.04230	0.02242	0.93527
954 T	0.04228	0.02212	0.9356
955 C	0.04212	0.02186	0.93602
956 A	0.04239	0.02159	0.93603
957 A	0.04366	0.02008	0.93625
958 G	0.04606	0.01755	0.93638
959 A	0.04839	0.01528	0.93634
960 T	0.05082	0.01285	0.93633
961 A	0.05173	0.01226	0.93601
962 T	0.05277	0.01128	0.93595
963 G	0.05294	0.01151	0.93555
964 T	0.05324	0.01210	0.93466
965 T	0.05346	0.01237	0.93417
966 A	0.05374	0.01261	0.93365
967 T	0.05416	0.01208	0.93377
968 A	0.05466	0.01151	0.93384
969 T	0.05551	0.01034	0.93416
970 T	0.05653	0.00895	0.93452
971 C	0.05703	0.00821	0.93477
972 T	0.05758	0.00755	0.93488
973 T	0.05794	0.00724	0.93482
974 T	0.05786	0.00744	0.9347
975 T	0.05755	0.00803	0.93442
976 T	0.05636	0.00978	0.93386
977 T	0.05240	0.01462	0.93298
978 G	0.04527	0.02310	0.93163
979 A	0.04216	0.02803	0.92981
980 G	0.04026	0.03079	0.92895
981 A	0.03900	0.03351	0.92749
982 G	0.03818	0.03605	0.92577
983 A	0.03786	0.03870	0.92343
984 A	0.03786	0.04117	0.92097
985 G	0.03787	0.04504	0.91708
986 A	0.03849	0.04962	0.91189
987 T	0.03922	0.04996	0.91083
988 T	0.03873	0.05131	0.90996
989 T	0.03647	0.05470	0.90883
990 G	0.02932	0.06355	0.90714
991 C	0.02429	0.06988	0.90583
992 A	0.01981	0.07875	0.90144
993 A	0.01565	0.08723	0.89713
994 A	0.01361	0.09107	0.89532
995 A	0.01272	0.09277	0.89451
996 A	0.01224	0.09394	0.89382
997 A	0.01225	0.09358	0.89417
998 A	0.01258	0.09249	0.89493
999 A	0.01327	0.08998	0.89675
1000 G	0.01443	0.08452	0.90105
1001 C	0.01618	0.07720	0.90662
1002 T	0.01809	0.07476	0.90715
1003 A	0.01868	0.07578	0.90553
1004 A	0.01974	0.07645	0.90381
1005 A	0.02123	0.07619	0.90259
1006 A	0.02321	0.07487	0.90192
1007 A	0.02541	0.07180	0.90279
1008 A	0.02956	0.06654	0.9039
1009 A	0.03465	0.06016	0.90519
1010 T	0.03676	0.05617	0.90706
1011 A	0.03725	0.05332	0.90943
1012 A	0.03834	0.04885	0.91282
1013 T	0.04018	0.03948	0.92033
1014 G	0.04070	0.03587	0.92343
1015 G	0.04328	0.03105	0.92566
1016 T	0.04663	0.02701	0.92636
1017 T	0.04644	0.03019	0.92338
1018 G	0.04572	0.03642	0.91787
1019 T	0.04544	0.04160	0.91295
1020 A	0.04283	0.05249	0.90468
1021 G	0.04098	0.05866	0.90036
1022 A	0.04028	0.06403	0.89569
1023 T	0.03984	0.06512	0.89504
1024 G	0.03925	0.06579	0.89496
1025 A	0.03983	0.06523	0.89494
1026 A	0.04168	0.06331	0.895
1027 C	0.04351	0.06137	0.89513
1028 C	0.04497	0.05996	0.89507
1029 T	0.04614	0.05902	0.89483
1030 T	0.04636	0.05936	0.89429
1031 T	0.04609	0.05998	0.89393
1032 A	0.04568	0.06082	0.8935
1033 A	0.04563	0.06115	0.89322
1034 A	0.04573	0.06021	0.89406
1035 A	0.04608	0.05897	0.89495
1036 G	0.04698	0.05740	0.89562
1037 T	0.04990	0.05368	0.89643
1038 A	0.05160	0.05137	0.89703
1039 A	0.05470	0.04719	0.89812
1040 C	0.06015	0.03916	0.90068
1041 T	0.06697	0.03210	0.90093
1042 A	0.07142	0.02805	0.90053
1043 T	0.07909	0.01986	0.90105
1044 T	0.08226	0.01726	0.90048
1045 A	0.08421	0.01675	0.89904
1046 T	0.08428	0.01741	0.8983
1047 T	0.08368	0.02031	0.896
1048 A	0.08203	0.02763	0.89034
1049 A	0.08054	0.03458	0.88488
1050 T	0.08028	0.03516	0.88456
1051 T	0.07983	0.03555	0.88463
1052 A	0.07924	0.03608	0.88467
1053 T	0.07942	0.03566	0.88492
1054 C	0.07925	0.03544	0.8853
1055 C	0.07924	0.03538	0.88538
1056 T	0.07912	0.03605	0.88483
1057 G	0.07835	0.03820	0.88346
1058 A	0.07824	0.03946	0.88231
1059 A	0.07752	0.04136	0.88112
1060 A	0.07705	0.04260	0.88036
1061 A	0.07689	0.04310	0.88001
1062 T	0.07715	0.04311	0.87974
1063 A	0.07723	0.04371	0.87905
1064 A	0.07770	0.04348	0.87882
1065 A	0.07864	0.04255	0.87882
1066 A	0.08007	0.04108	0.87885
1067 T	0.08250	0.03838	0.87913
1068 A	0.08463	0.03573	0.87964
1069 G	0.08654	0.03313	0.88033
1070 A	0.08927	0.02966	0.88107
1071 A	0.09480	0.02256	0.88263
1072 T	0.09990	0.01558	0.88452
1073 C	0.10053	0.01406	0.88541
1074 T	0.10074	0.01341	0.88584
1075 T	0.10059	0.01355	0.88586
1076 C	0.10017	0.01407	0.88577
1077 T	0.10002	0.01469	0.88529
1078 G	0.09973	0.01541	0.88485
1079 A	0.10009	0.01508	0.88483
1080 T	0.10149	0.01295	0.88556
1081 G	0.10238	0.01189	0.88574
1082 T	0.10338	0.01003	0.8866
1083 G	0.10377	0.00906	0.88717
1084 C	0.10426	0.00822	0.88752
1085 C	0.10468	0.00779	0.88753
1086 T	0.10542	0.00708	0.8875
1087 T	0.10554	0.00705	0.88741
1088 A	0.10549	0.00730	0.88721
1089 T	0.10547	0.00761	0.88692
1090 C	0.10516	0.00810	0.88674
1091 A	0.10471	0.00940	0.88589
1092 T	0.10449	0.01006	0.88545
1093 A	0.10420	0.01109	0.88471
1094 A	0.10400	0.01221	0.88379
1095 A	0.10388	0.01265	0.88347
1096 G	0.10389	0.01296	0.88316
1097 A	0.10391	0.01380	0.88229
1098 T	0.10463	0.01340	0.88197
1099 C	0.10466	0.01350	0.88185
1100 T	0.10493	0.01447	0.88059
1101 T	0.10489	0.01627	0.87884
1102 G	0.10468	0.01798	0.87734
1103 A	0.10458	0.01930	0.87612
1104 T	0.10451	0.01972	0.87576
1105 T	0.10438	0.01996	0.87566
1106 T	0.10410	0.02014	0.87575
1107 A	0.10358	0.02066	0.87577
1108 G	0.10348	0.02074	0.87579
1109 G	0.10343	0.02080	0.87577
1110 G	0.10348	0.02066	0.87586
1111 A	0.10369	0.02042	0.87589
1112 T	0.10410	0.02005	0.87585
1113 A	0.10423	0.02003	0.87574
1114 C	0.10481	0.01946	0.87574
1115 G	0.10506	0.01980	0.87513
1116 A	0.10552	0.02027	0.87421
1117 A	0.10624	0.02002	0.87375
1118 A	0.10675	0.01967	0.87358
1119 A	0.10768	0.01876	0.87355
1120 G	0.10976	0.01621	0.87402
1121 T	0.11234	0.01333	0.87433
1122 T	0.11389	0.01142	0.87469
1123 T	0.11519	0.00999	0.87483
1124 T	0.11620	0.00880	0.875
1125 T	0.11681	0.00807	0.87513
1126 T	0.11710	0.00764	0.87526
1127 T	0.11708	0.00756	0.87536
1128 T	0.11651	0.00828	0.87521
1129 T	0.11453	0.01084	0.87463
1130 C	0.10766	0.01852	0.87382
1131 T	0.10047	0.02601	0.87352
1132 A	0.09284	0.03413	0.87303
1133 A	0.08826	0.03929	0.87245
1134 A	0.08600	0.04217	0.87183
1135 C	0.08503	0.04390	0.87107
1136 A	0.08510	0.04549	0.86941
1137 T	0.08524	0.04602	0.86875
1138 A	0.08477	0.04714	0.86809
1139 T	0.08537	0.04685	0.86778
1140 T	0.08526	0.04732	0.86742
1141 T	0.08482	0.04852	0.86666
1142 A	0.08395	0.05067	0.86539
1143 T	0.08304	0.05293	0.86403
1144 A	0.08165	0.05541	0.86294
1145 T	0.07867	0.05884	0.86249
1146 T	0.07457	0.06406	0.86137
1147 G	0.06778	0.07275	0.85947
1148 A	0.06285	0.08056	0.85659
1149 A	0.06052	0.08565	0.85383
1150 A	0.05982	0.08637	0.85381
1151 A	0.05963	0.08573	0.85465
1152 A	0.06031	0.08200	0.85769
1153 T	0.06136	0.07306	0.86557
1154 C	0.06138	0.06591	0.87272
1155 A	0.06163	0.06206	0.87631
1156 G	0.06223	0.05954	0.87823
1157 A	0.06305	0.05853	0.87842
1158 T	0.06452	0.05594	0.87954
1159 T	0.06629	0.05402	0.8797
1160 T	0.06696	0.05226	0.88078
1161 T	0.06718	0.05121	0.88161
1162 C	0.06704	0.05213	0.88083
1163 A	0.06659	0.05802	0.87539
1164 A	0.06584	0.06086	0.8733
1165 A	0.06665	0.06202	0.87133
1166 T	0.06833	0.06021	0.87146
1167 T	0.06851	0.06136	0.87012
1168 G	0.06648	0.06409	0.86943
1169 A	0.06520	0.07367	0.86113
1170 A	0.06104	0.08624	0.85272
1171 A	0.05978	0.10075	0.83946
1172 A	0.05951	0.12212	0.81837
1173 A	0.05869	0.13389	0.80742
1174 T	0.05881	0.13982	0.80137
1175 T	0.05721	0.15017	0.79262
1176 A	0.05400	0.15442	0.79158
1177 G	0.05274	0.15551	0.79175
1178 A	0.05314	0.15507	0.79179
1179 T	0.05436	0.15376	0.79188
1180 C	0.05491	0.15315	0.79194
1181 C	0.05472	0.15336	0.79191
1182 T	0.05462	0.15369	0.79169
1183 A	0.05308	0.15529	0.79162
1184 A	0.05289	0.15550	0.79161
1185 A	0.05415	0.15420	0.79165
1186 T	0.05892	0.14895	0.79214
1187 C	0.06053	0.14541	0.79406
1188 T	0.06282	0.14287	0.79431
1189 A	0.06194	0.14439	0.79368
1190 A	0.06173	0.14491	0.79336
1191 A	0.06548	0.14094	0.79359
1192 A	0.07714	0.12844	0.79442
1193 A	0.09145	0.10844	0.80011
1194 A	0.11031	0.08606	0.80362
1195 T	0.13727	0.05638	0.80635
1196 T	0.14728	0.04761	0.80511
1197 A	0.15084	0.04731	0.80185
1198 T	0.15587	0.04212	0.802
1199 T	0.15485	0.04384	0.80131
1200 T	0.15159	0.04816	0.80025
1201 T	0.14556	0.05577	0.79866
1202 T	0.13958	0.06513	0.79528
1203 A	0.12896	0.07807	0.79297
1204 A	0.11632	0.09230	0.79138
1205 A	0.10785	0.10102	0.79113
1206 T	0.10137	0.10602	0.79261
1207 G	0.09142	0.11570	0.79289
1208 A	0.08829	0.11885	0.79287
1209 G	0.08691	0.11966	0.79342
1210 G	0.08607	0.12003	0.7939
1211 A	0.08592	0.11974	0.79434
1212 A	0.08643	0.11753	0.79604
1213 G	0.08709	0.11434	0.79857
1214 T	0.08823	0.11180	0.79997
1215 A	0.08834	0.11098	0.80068
1216 A	0.08904	0.10961	0.80135
1217 G	0.09031	0.10763	0.80205
1218 A	0.09218	0.10536	0.80245
1219 T	0.09697	0.09925	0.80378
1220 T	0.10238	0.09217	0.80545
1221 A	0.10475	0.08802	0.80722
1222 T	0.10909	0.07996	0.81094
1223 T	0.11108	0.07266	0.81627
1224 T	0.11234	0.06485	0.82282
1225 T	0.11414	0.05691	0.82896
1226 A	0.11552	0.04801	0.83648
1227 T	0.11718	0.03481	0.84802
1228 T	0.11728	0.02909	0.85363
1229 T	0.11664	0.02494	0.85842
1230 T	0.11583	0.02054	0.86363
1231 T	0.11430	0.02128	0.86442
1232 A	0.11238	0.02311	0.8645
1233 T	0.11196	0.02336	0.86468
1234 T	0.11147	0.02370	0.86483
1235 T	0.11091	0.02434	0.86475
1236 T	0.10954	0.02611	0.86435
1237 A	0.10496	0.03185	0.86319
1238 T	0.10180	0.03545	0.86275
1239 T	0.09715	0.04134	0.86151
1240 A	0.09150	0.04723	0.86127
1241 A	0.08918	0.04954	0.86129
1242 A	0.08775	0.05093	0.86131
1243 G	0.08716	0.05128	0.86155
1244 C	0.08688	0.05137	0.86176
1245 G	0.08676	0.05167	0.86156
1246 G	0.08696	0.05203	0.86101
1247 T	0.08719	0.05284	0.85997
1248 G	0.08678	0.05505	0.85817
1249 G	0.08733	0.05811	0.85457
1250 A	0.08815	0.06230	0.84955
1251 T	0.09144	0.06326	0.8453
1252 G	0.09214	0.06901	0.83885
1253 T	0.09413	0.07743	0.82844
1254 T	0.09462	0.09725	0.80812
1255 G	0.09240	0.14289	0.76471
1256 T	0.08964	0.17454	0.73582
1257 A	0.06937	0.22800	0.70263
1258 A	0.06448	0.25173	0.68378
1259 A	0.06158	0.26118	0.67724
1260 A	0.05956	0.26421	0.67622
1261 A	0.05592	0.27010	0.67398
1262 A	0.05479	0.27469	0.67052
1263 T	0.05371	0.29148	0.65481
1264 A	0.05144	0.31616	0.63241
1265 A	0.04993	0.32499	0.62508
1266 A	0.04800	0.33177	0.62023
1267 A	0.04727	0.33481	0.61793
1268 A	0.04685	0.33489	0.61827
1269 A	0.04743	0.33403	0.61854
1270 G	0.04868	0.33247	0.61885
1271 G	0.05093	0.32971	0.61936
1272 C	0.05526	0.32537	0.61937
1273 G	0.06177	0.31927	0.61896
1274 A	0.07036	0.31105	0.61859
1275 A	0.08199	0.29942	0.61858
1276 A	0.09785	0.28351	0.61864
1277 T	0.12853	0.25244	0.61903
1278 T	0.17913	0.19836	0.62251
1279 A	0.20319	0.17029	0.62652
1280 T	0.22748	0.12435	0.64817
1281 T	0.23907	0.10872	0.65221
1282 G	0.24322	0.10211	0.65467
1283 A	0.24764	0.09630	0.65606
1284 G	0.25365	0.08602	0.66034
1285 A	0.26207	0.07641	0.66152
1286 T	0.28889	0.04954	0.66157
1287 T	0.31384	0.02639	0.65977
1288 T	0.31794	0.02185	0.66021
1289 T	0.31676	0.02347	0.65977
1290 A	0.31018	0.03270	0.65712
1291 G	0.30515	0.03757	0.65728
1292 C	0.30137	0.04227	0.65636
1293 T	0.27429	0.07486	0.65085
1294 A	0.25553	0.11854	0.62593
1295 C	0.24349	0.13174	0.62477
1296 T	0.22676	0.15133	0.62191
1297 T	0.19780	0.18496	0.61724
1298 A	0.11167	0.28089	0.60744
1299 C	0.08350	0.31107	0.60543
1300 G	0.07690	0.31935	0.60376
1301 A	0.07408	0.32305	0.60287
1302 T	0.07254	0.32487	0.60259
1303 C	0.07013	0.32778	0.60209
1304 C	0.06859	0.33024	0.60117
1305 A	0.06678	0.33389	0.59933
1306 A	0.06633	0.33449	0.59917
1307 A	0.06647	0.33441	0.59911
1308 A	0.06714	0.33378	0.59909
1309 A	0.06836	0.33243	0.59921
1310 C	0.07117	0.32764	0.60119
1311 A	0.07177	0.32539	0.60285
1312 A	0.07317	0.32213	0.6047
1313 A	0.07585	0.31621	0.60795
1314 A	0.07675	0.31236	0.61089
1315 A	0.07805	0.30790	0.61405
1316 G	0.08415	0.24872	0.66713
1317 T	0.10947	0.19851	0.69202
1318 G	0.11098	0.17928	0.70975
1319 G	0.11327	0.16459	0.72214
1320 A	0.11697	0.14330	0.73973
1321 A	0.12587	0.05810	0.81603
1322 C	0.12877	0.02807	0.84316
1323 T	0.13254	0.02055	0.84691
1324 T	0.13386	0.01862	0.84752
1325 C	0.13420	0.01716	0.84864
1326 T	0.13367	0.01761	0.84872
1327 T	0.13068	0.02202	0.84729
1328 T	0.11817	0.03842	0.84341
