# lcl|CP097583.1_cds_USQ93301.1_1
# AA	inside	membr	outside
1 A	0.84532	0.00000	0.15468
2 T	0.84459	0.00073	0.15468
3 G	0.84432	0.00100	0.15468
4 A	0.84432	0.00247	0.15321
5 G	0.84317	0.00442	0.15242
6 T	0.84317	0.00468	0.15216
7 T	0.83784	0.01011	0.15205
8 C	0.83784	0.01011	0.15205
9 T	0.83707	0.01115	0.15179
10 A	0.83707	0.02514	0.13779
11 T	0.83690	0.02577	0.13734
12 T	0.83273	0.03016	0.13711
13 T	0.82479	0.03917	0.13604
14 G	0.82479	0.03918	0.13604
15 T	0.82479	0.04968	0.12553
16 A	0.82433	0.05014	0.12553
17 T	0.82395	0.05059	0.12546
18 A	0.82392	0.05098	0.1251
19 A	0.82356	0.05146	0.12498
20 T	0.82265	0.05413	0.12322
21 A	0.82076	0.05600	0.12324
22 T	0.82104	0.05578	0.12318
23 T	0.82134	0.05546	0.1232
24 T	0.82170	0.05529	0.12302
25 T	0.82183	0.05430	0.12387
26 T	0.82189	0.05406	0.12405
27 T	0.82205	0.05355	0.1244
28 A	0.82215	0.05285	0.125
29 T	0.82251	0.05232	0.12517
30 T	0.82343	0.04748	0.12908
31 A	0.82311	0.04743	0.12946
32 T	0.82422	0.04481	0.13098
33 T	0.83476	0.03345	0.13179
34 T	0.83451	0.03383	0.13167
35 T	0.83445	0.03194	0.13362
36 T	0.83189	0.03379	0.13432
37 A	0.82734	0.04157	0.13109
38 T	0.83223	0.03897	0.12879
39 T	0.82795	0.05213	0.11992
40 A	0.81717	0.06592	0.11691
41 T	0.81257	0.07126	0.11616
42 A	0.79204	0.09359	0.11436
43 T	0.78665	0.09894	0.11442
44 C	0.78046	0.10518	0.11436
45 T	0.77630	0.11212	0.11159
46 A	0.77228	0.11758	0.11015
47 T	0.77058	0.12002	0.1094
48 T	0.76763	0.12352	0.10885
49 T	0.76419	0.12793	0.10788
50 T	0.75736	0.13528	0.10736
51 A	0.74647	0.14681	0.10672
52 A	0.74064	0.15317	0.10619
53 T	0.73665	0.15818	0.10516
54 G	0.73276	0.16210	0.10513
55 A	0.73143	0.16403	0.10455
56 T	0.73158	0.16300	0.10543
57 T	0.73048	0.16309	0.10643
58 A	0.72809	0.16466	0.10725
59 T	0.73221	0.15704	0.11075
60 G	0.73403	0.15035	0.11562
61 A	0.73589	0.14630	0.11782
62 A	0.74404	0.13407	0.12189
63 T	0.74852	0.11912	0.13236
64 A	0.74983	0.11208	0.1381
65 T	0.75279	0.08790	0.15931
66 T	0.75367	0.07964	0.16669
67 T	0.75483	0.07417	0.17099
68 T	0.75596	0.06942	0.17463
69 T	0.75421	0.06814	0.17765
70 T	0.74848	0.07270	0.17881
71 A	0.72593	0.09494	0.17913
72 T	0.71203	0.10827	0.1797
73 G	0.68452	0.13302	0.18247
74 A	0.67037	0.14234	0.18728
75 A	0.65841	0.15149	0.19009
76 T	0.65268	0.15608	0.19124
77 T	0.64047	0.17459	0.18495
78 T	0.60160	0.22785	0.17054
79 A	0.46529	0.40361	0.1311
80 A	0.36449	0.52502	0.11049
81 T	0.33097	0.56697	0.10206
82 G	0.23564	0.68215	0.08221
83 A	0.18219	0.75184	0.06597
84 G	0.12982	0.81122	0.05897
85 A	0.09240	0.85465	0.05294
86 A	0.07644	0.87476	0.0488
87 A	0.07012	0.88253	0.04735
88 A	0.06764	0.88529	0.04706
89 A	0.06628	0.88634	0.04738
90 T	0.06537	0.88651	0.04812
91 A	0.06367	0.88767	0.04866
92 A	0.06419	0.88521	0.0506
93 A	0.06556	0.87749	0.05695
94 A	0.06785	0.85652	0.07563
95 T	0.06991	0.84080	0.08929
96 T	0.07100	0.81614	0.11286
97 A	0.07064	0.80429	0.12506
98 A	0.07161	0.79015	0.13824
99 A	0.07616	0.77452	0.14931
100 A	0.08691	0.74789	0.16521
101 A	0.10573	0.68493	0.20934
102 A	0.14803	0.49250	0.35947
103 T	0.17533	0.34855	0.47613
104 A	0.18643	0.30325	0.51033
105 T	0.20874	0.20291	0.58835
106 T	0.22191	0.14935	0.62874
107 T	0.22549	0.10829	0.66622
108 A	0.22258	0.10960	0.66783
109 T	0.22112	0.13288	0.64599
110 T	0.21227	0.22081	0.56692
111 A	0.18578	0.43087	0.38335
112 A	0.16014	0.58484	0.25501
113 A	0.13721	0.64169	0.2211
114 A	0.12956	0.68071	0.18973
115 T	0.12620	0.69447	0.17933
116 G	0.12289	0.70920	0.16791
117 T	0.12269	0.71015	0.16717
118 G	0.12077	0.71223	0.167
119 G	0.11742	0.71799	0.16459
120 T	0.11605	0.72174	0.16221
121 C	0.10611	0.73876	0.15513
122 A	0.09327	0.78385	0.12288
123 A	0.08704	0.80249	0.11048
124 T	0.08530	0.81845	0.09626
125 T	0.08109	0.82985	0.08906
126 A	0.07344	0.84615	0.08041
127 G	0.07098	0.85167	0.07735
128 A	0.07094	0.85389	0.07518
129 A	0.07127	0.85412	0.07462
130 A	0.07851	0.84585	0.07564
131 A	0.11208	0.80695	0.08096
132 A	0.15588	0.75797	0.08615
133 A	0.25070	0.65213	0.09717
134 A	0.43885	0.43719	0.12396
135 T	0.57099	0.27841	0.15061
136 C	0.60294	0.22150	0.17557
137 T	0.62640	0.19328	0.18032
138 T	0.63082	0.18671	0.18247
139 T	0.62919	0.19049	0.18032
140 T	0.62036	0.20351	0.17612
141 A	0.60311	0.22560	0.17128
142 A	0.59290	0.23155	0.17556
143 A	0.58660	0.23244	0.18096
144 A	0.59028	0.21746	0.19226
145 T	0.61821	0.17593	0.20586
146 C	0.62134	0.16564	0.21302
147 T	0.63389	0.15790	0.20822
148 A	0.63717	0.17198	0.19085
149 T	0.64215	0.18286	0.17499
150 T	0.62857	0.22547	0.14595
151 T	0.58757	0.27409	0.13834
152 T	0.52635	0.35384	0.11982
153 A	0.36567	0.53452	0.09981
154 A	0.22884	0.68100	0.09016
155 C	0.16865	0.74605	0.0853
156 A	0.13148	0.79614	0.07238
157 G	0.12067	0.81737	0.06196
158 A	0.11832	0.82412	0.05756
159 A	0.11713	0.82751	0.05535
160 A	0.11691	0.82769	0.0554
161 A	0.11809	0.82051	0.06141
162 C	0.12094	0.80795	0.07111
163 A	0.12387	0.79826	0.07787
164 A	0.12737	0.78373	0.0889
165 A	0.12737	0.77224	0.10039
166 A	0.12820	0.76124	0.11056
167 C	0.12987	0.75455	0.11558
168 A	0.12800	0.76023	0.11178
169 A	0.12547	0.77409	0.10044
170 A	0.12916	0.78235	0.08849
171 A	0.14553	0.77868	0.07579
172 G	0.16356	0.77264	0.0638
173 A	0.19272	0.68960	0.11769
174 A	0.20633	0.59335	0.20032
175 T	0.23623	0.48282	0.28096
176 T	0.25751	0.33960	0.4029
177 C	0.26363	0.23329	0.50307
178 A	0.26632	0.19614	0.53754
179 C	0.27392	0.16478	0.56131
180 C	0.27902	0.17486	0.54612
181 T	0.28276	0.17716	0.54008
182 T	0.28397	0.17929	0.53674
183 A	0.28097	0.18834	0.53068
184 A	0.27916	0.20032	0.52051
185 C	0.27806	0.22197	0.49997
186 T	0.27104	0.28574	0.44322
187 A	0.24532	0.42583	0.32885
188 A	0.23480	0.54350	0.2217
189 A	0.23144	0.55633	0.21224
190 G	0.23017	0.56360	0.20623
191 A	0.23913	0.55296	0.20791
192 T	0.26204	0.52348	0.21449
193 C	0.27383	0.50728	0.21889
194 A	0.28689	0.49435	0.21876
195 T	0.29906	0.48257	0.21837
196 G	0.29728	0.48582	0.2169
197 C	0.29788	0.48579	0.21634
198 T	0.30099	0.48809	0.21092
199 A	0.30186	0.48783	0.21031
200 T	0.30797	0.48171	0.21031
201 T	0.31136	0.47911	0.20953
202 A	0.30609	0.48650	0.20741
203 C	0.29532	0.49443	0.21025
204 T	0.25817	0.53838	0.20345
205 A	0.21728	0.58924	0.19348
206 A	0.18362	0.63337	0.18301
207 A	0.16921	0.65517	0.17562
208 A	0.18808	0.63835	0.17357
209 A	0.23788	0.58010	0.18202
210 A	0.35577	0.43744	0.20679
211 T	0.45776	0.32289	0.21935
212 T	0.46597	0.31017	0.22385
213 T	0.46249	0.31277	0.22474
214 A	0.42921	0.35117	0.21962
215 T	0.39210	0.39168	0.21622
216 A	0.32882	0.45432	0.21687
217 A	0.29734	0.48407	0.21859
218 A	0.29153	0.48748	0.221
219 T	0.28882	0.48595	0.22523
220 C	0.27771	0.49493	0.22735
221 T	0.27261	0.50019	0.2272
222 A	0.25286	0.52097	0.22616
223 A	0.24486	0.53149	0.22365
224 A	0.24560	0.53062	0.22377
225 T	0.24904	0.52072	0.23024
226 A	0.24925	0.49593	0.25482
227 T	0.25719	0.43452	0.30829
228 A	0.26491	0.38966	0.34543
229 G	0.27592	0.34523	0.37885
230 T	0.28461	0.32016	0.39523
231 T	0.28686	0.32345	0.3897
232 T	0.28539	0.33290	0.38172
233 T	0.27948	0.34736	0.37317
234 A	0.26662	0.37352	0.35986
235 A	0.25926	0.38951	0.35123
236 A	0.25817	0.38716	0.35467
237 A	0.26107	0.35641	0.38253
238 A	0.26231	0.32838	0.40932
239 T	0.26043	0.28639	0.45318
240 T	0.24985	0.30335	0.4468
241 A	0.22150	0.43135	0.34716
242 A	0.21112	0.49620	0.29268
243 G	0.20746	0.53090	0.26164
244 G	0.20514	0.57475	0.22011
245 A	0.20556	0.57576	0.21868
246 T	0.20858	0.57249	0.21894
247 A	0.20853	0.58168	0.20979
248 A	0.20598	0.59206	0.20196
249 C	0.20336	0.59730	0.19934
250 G	0.20231	0.60302	0.19466
251 A	0.20398	0.60580	0.19021
252 A	0.20870	0.60356	0.18773
253 G	0.21772	0.59766	0.18462
254 T	0.23495	0.58179	0.18327
255 T	0.24907	0.56628	0.18465
256 A	0.25563	0.55739	0.18699
257 A	0.26547	0.53865	0.19588
258 T	0.27687	0.52152	0.20162
259 A	0.28130	0.51643	0.20227
260 A	0.28939	0.50620	0.20441
261 A	0.30678	0.48253	0.21068
262 A	0.32921	0.45416	0.21663
263 A	0.37394	0.39765	0.22842
264 T	0.49367	0.25232	0.25401
265 C	0.54923	0.18703	0.26373
266 A	0.58299	0.15306	0.26395
267 A	0.62522	0.11197	0.26281
268 T	0.64384	0.09543	0.26072
269 T	0.64946	0.09440	0.25614
270 T	0.65597	0.09959	0.24445
271 A	0.65718	0.10520	0.23762
272 T	0.65860	0.10531	0.23609
273 T	0.65592	0.10769	0.23639
274 T	0.64813	0.11551	0.23636
275 G	0.63291	0.13076	0.23633
276 T	0.62900	0.13543	0.23558
277 C	0.61780	0.14812	0.23408
278 G	0.61302	0.15818	0.22881
279 T	0.61435	0.15940	0.22625
280 T	0.61246	0.16367	0.22387
281 T	0.60488	0.17187	0.22325
282 A	0.57064	0.20700	0.22237
283 A	0.55570	0.22188	0.22243
284 A	0.54665	0.23054	0.22281
285 C	0.54340	0.23330	0.2233
286 A	0.54219	0.23483	0.22297
287 T	0.54270	0.23451	0.22279
288 A	0.54246	0.23532	0.22222
289 A	0.54490	0.23358	0.22151
290 A	0.54876	0.22991	0.22133
291 A	0.55350	0.22352	0.22298
292 G	0.56033	0.21296	0.22671
293 T	0.57601	0.19145	0.23255
294 T	0.58571	0.17416	0.24014
295 T	0.58976	0.16029	0.24995
296 T	0.59116	0.15139	0.25745
297 T	0.59183	0.14161	0.26656
298 G	0.59208	0.13106	0.27686
299 A	0.59315	0.12415	0.2827
300 T	0.59547	0.10737	0.29716
301 T	0.59957	0.09574	0.30469
302 T	0.60132	0.09021	0.30847
303 A	0.60215	0.08697	0.31087
304 A	0.60217	0.07841	0.31941
305 T	0.60242	0.04542	0.35217
306 T	0.60109	0.03390	0.36501
307 T	0.59705	0.03386	0.36908
308 C	0.58993	0.04627	0.36381
309 G	0.57609	0.09379	0.33013
310 A	0.56746	0.12391	0.30862
311 A	0.56574	0.13953	0.29473
312 T	0.56573	0.14636	0.28792
313 G	0.56439	0.15659	0.27902
314 A	0.56461	0.16839	0.267
315 T	0.56541	0.17147	0.26312
316 T	0.56473	0.17541	0.25986
317 T	0.56250	0.18273	0.25477
318 T	0.56006	0.18884	0.2511
319 T	0.55355	0.20886	0.23759
320 A	0.54999	0.21487	0.23514
321 T	0.54805	0.21732	0.23463
322 T	0.54327	0.22296	0.23377
323 T	0.54037	0.22611	0.23352
324 A	0.53430	0.23260	0.2331
325 A	0.53460	0.23203	0.23337
326 A	0.53550	0.23046	0.23404
327 A	0.53598	0.22925	0.23478
328 A	0.53703	0.22723	0.23574
329 A	0.54032	0.22133	0.23835
330 A	0.54609	0.21074	0.24316
331 A	0.55857	0.19049	0.25094
332 T	0.59729	0.13793	0.26477
333 C	0.61710	0.11000	0.27291
334 T	0.63209	0.09322	0.27469
335 A	0.63786	0.08662	0.27551
336 T	0.64716	0.07576	0.27707
337 T	0.65593	0.06633	0.27774
338 T	0.66003	0.06180	0.27818
339 A	0.66294	0.05624	0.28082
340 T	0.66950	0.04325	0.28725
341 A	0.67307	0.03300	0.29392
342 A	0.68701	0.00000	0.313
