# lcl|CP097583.1_cds_USQ93395.1_1
# AA	inside	membr	outside
1 A	0.35295	0.00000	0.64705
2 T	0.35019	0.00276	0.64705
3 G	0.34830	0.00465	0.64705
4 G	0.34830	0.01689	0.63481
5 A	0.33185	0.04618	0.62197
6 A	0.33185	0.04884	0.61931
7 T	0.26959	0.11246	0.61795
8 G	0.26959	0.11250	0.61791
9 G	0.25917	0.12428	0.61655
10 A	0.25915	0.30004	0.44082
11 T	0.25673	0.30758	0.43569
12 A	0.19882	0.36956	0.43162
13 T	0.13148	0.46125	0.40727
14 G	0.13144	0.46130	0.40727
15 G	0.13144	0.50436	0.36421
16 A	0.12980	0.50599	0.36421
17 A	0.12864	0.50742	0.36395
18 A	0.12862	0.50766	0.36372
19 C	0.12849	0.50786	0.36366
20 T	0.12820	0.50990	0.3619
21 T	0.12724	0.51079	0.36196
22 T	0.12772	0.51046	0.36182
23 T	0.12834	0.50994	0.36172
24 T	0.12886	0.50979	0.36135
25 A	0.12835	0.50617	0.36548
26 G	0.12857	0.50322	0.36821
27 T	0.13824	0.49059	0.37117
28 A	0.14732	0.47250	0.38019
29 A	0.15090	0.46677	0.38234
30 T	0.16240	0.40159	0.436
31 A	0.16513	0.39896	0.43591
32 A	0.17129	0.38033	0.44838
33 T	0.32628	0.21734	0.45638
34 G	0.33123	0.21443	0.45433
35 A	0.33912	0.17722	0.48366
36 A	0.36363	0.11985	0.51652
37 T	0.36972	0.11836	0.51191
38 T	0.40150	0.09084	0.50766
39 T	0.39750	0.11733	0.48517
40 T	0.39603	0.13086	0.47311
41 T	0.39277	0.14333	0.46391
42 T	0.38305	0.17367	0.44328
43 A	0.36730	0.21681	0.41589
44 A	0.31079	0.34684	0.34237
45 T	0.26231	0.40899	0.3287
46 A	0.23944	0.44090	0.31967
47 A	0.22035	0.46860	0.31105
48 G	0.20077	0.49543	0.3038
49 C	0.18977	0.51895	0.29128
50 A	0.18180	0.55489	0.26331
51 T	0.18151	0.56159	0.2569
52 A	0.16973	0.57825	0.25202
53 A	0.16091	0.58918	0.2499
54 A	0.16187	0.59008	0.24806
55 A	0.16514	0.58767	0.24719
56 A	0.16959	0.58302	0.2474
57 A	0.18165	0.57005	0.2483
58 A	0.19891	0.55202	0.24907
59 T	0.22405	0.52559	0.25036
60 T	0.23403	0.51433	0.25164
61 A	0.23895	0.50811	0.25295
62 T	0.25846	0.48195	0.25959
63 T	0.26620	0.46954	0.26425
64 A	0.26712	0.46406	0.26882
65 A	0.27757	0.44397	0.27845
66 A	0.30205	0.40258	0.29538
67 A	0.36578	0.28840	0.34582
68 T	0.38426	0.22576	0.38998
69 A	0.39520	0.19805	0.40674
70 A	0.41062	0.16692	0.42246
71 T	0.42640	0.13869	0.43491
72 T	0.44047	0.12682	0.43271
73 T	0.45687	0.10269	0.44045
74 T	0.45855	0.09998	0.44146
75 T	0.45569	0.09950	0.4448
76 A	0.45030	0.10595	0.44375
77 C	0.44812	0.11118	0.4407
78 T	0.44631	0.12081	0.43288
79 A	0.44296	0.13183	0.4252
80 T	0.44273	0.13699	0.42028
81 T	0.44160	0.14496	0.41343
82 T	0.43904	0.15253	0.40843
83 T	0.43487	0.15987	0.40527
84 A	0.43263	0.16885	0.39851
85 A	0.43158	0.17540	0.39302
86 A	0.43104	0.18013	0.38883
87 A	0.43149	0.18324	0.38527
88 T	0.43323	0.17978	0.38699
89 G	0.43438	0.18457	0.38105
90 G	0.43413	0.19713	0.36874
91 A	0.43565	0.20166	0.36269
92 T	0.44058	0.19859	0.36084
93 A	0.44322	0.20029	0.35649
94 A	0.45265	0.19264	0.35471
95 T	0.46834	0.17729	0.35437
96 A	0.47056	0.17600	0.35345
97 A	0.47439	0.17122	0.3544
98 T	0.48380	0.15845	0.35775
99 G	0.49220	0.14618	0.36162
100 T	0.49937	0.13784	0.36278
101 T	0.50772	0.13084	0.36143
102 T	0.51322	0.12376	0.36302
103 T	0.51655	0.11924	0.36421
104 T	0.52007	0.11432	0.36561
105 G	0.51954	0.11305	0.3674
106 C	0.52079	0.10844	0.37077
107 C	0.52580	0.10333	0.37087
108 A	0.52890	0.10339	0.36772
109 G	0.53469	0.10016	0.36516
110 T	0.54463	0.09365	0.36172
111 A	0.54794	0.09652	0.35554
112 A	0.55733	0.09058	0.35209
113 T	0.57115	0.07683	0.35202
114 T	0.57556	0.07219	0.35225
115 A	0.57689	0.07056	0.35254
116 T	0.57955	0.06705	0.35341
117 A	0.58063	0.06591	0.35345
118 C	0.58235	0.06430	0.35334
119 C	0.58560	0.06253	0.35187
120 A	0.58750	0.06864	0.34385
121 T	0.58985	0.06688	0.34327
122 T	0.58741	0.07006	0.34253
123 G	0.55368	0.10505	0.34126
124 A	0.54093	0.11850	0.34056
125 C	0.53712	0.12120	0.34168
126 T	0.52889	0.13024	0.34087
127 A	0.51567	0.14416	0.34016
128 T	0.51002	0.14878	0.3412
129 T	0.49470	0.16354	0.34175
130 A	0.46703	0.19215	0.34082
131 G	0.44472	0.21324	0.34204
132 A	0.43429	0.22377	0.34193
133 C	0.43062	0.22630	0.34308
134 T	0.43003	0.22645	0.34352
135 T	0.42435	0.23183	0.34382
136 A	0.40196	0.25400	0.34405
137 C	0.39087	0.26444	0.34469
138 A	0.38319	0.27195	0.34486
139 C	0.38033	0.27306	0.34662
140 C	0.37947	0.27350	0.34703
141 A	0.37906	0.27425	0.34669
142 A	0.38051	0.27326	0.34622
143 T	0.38846	0.26426	0.34728
144 T	0.38829	0.26451	0.3472
145 A	0.38664	0.26445	0.34891
146 T	0.38663	0.22927	0.3841
147 T	0.38420	0.21683	0.39897
148 A	0.37703	0.22621	0.39676
149 T	0.37536	0.22584	0.3988
150 T	0.37361	0.22684	0.39954
151 A	0.36526	0.24615	0.38859
152 A	0.36190	0.24249	0.3956
153 A	0.36171	0.22221	0.41609
154 T	0.36051	0.19778	0.4417
155 A	0.35885	0.18820	0.45295
156 T	0.35824	0.17989	0.46187
157 T	0.35724	0.17684	0.46592
158 A	0.35513	0.17734	0.46752
159 T	0.35347	0.16650	0.48003
160 G	0.35073	0.17588	0.47339
161 A	0.34759	0.19662	0.45579
162 T	0.34004	0.23333	0.42663
163 A	0.32211	0.30818	0.36971
164 A	0.30648	0.36777	0.32575
165 A	0.27878	0.41932	0.30191
166 A	0.26256	0.44489	0.29256
167 A	0.24907	0.45895	0.29198
168 A	0.24407	0.46225	0.29368
169 A	0.24097	0.46260	0.29644
170 A	0.24455	0.45511	0.30034
171 C	0.25847	0.43301	0.30852
172 T	0.27070	0.42443	0.30487
173 A	0.27916	0.42176	0.29908
174 T	0.29060	0.40694	0.30247
175 T	0.28930	0.40605	0.30464
176 T	0.27942	0.41501	0.30557
177 G	0.25839	0.43305	0.30856
178 C	0.24857	0.44006	0.31136
179 C	0.23782	0.45086	0.31132
180 A	0.23197	0.45965	0.30838
181 A	0.23441	0.45902	0.30658
182 C	0.24168	0.45189	0.30643
183 A	0.25645	0.44007	0.30348
184 G	0.27855	0.41791	0.30354
185 A	0.30965	0.38022	0.31013
186 A	0.36402	0.31196	0.32402
187 T	0.40762	0.25569	0.33668
188 T	0.42689	0.20962	0.36349
189 A	0.42693	0.20006	0.373
190 A	0.42381	0.19615	0.38004
191 A	0.42099	0.20003	0.37898
192 A	0.40866	0.21439	0.37695
193 G	0.39642	0.23309	0.37049
194 A	0.38792	0.25659	0.35549
195 T	0.38976	0.25654	0.35369
196 G	0.38333	0.26352	0.35315
197 A	0.37765	0.27615	0.34619
198 T	0.37307	0.27287	0.35406
199 G	0.35980	0.27431	0.36589
200 G	0.35668	0.26211	0.38121
201 A	0.35379	0.26213	0.38408
202 C	0.34795	0.25899	0.39306
203 G	0.34201	0.26647	0.39153
204 T	0.33761	0.27850	0.38389
205 A	0.31909	0.29844	0.38247
206 C	0.30869	0.30798	0.38334
207 T	0.29824	0.32145	0.38031
208 G	0.28144	0.34046	0.3781
209 C	0.27133	0.35679	0.37188
210 A	0.26381	0.37201	0.36418
211 G	0.26088	0.38237	0.35675
212 G	0.26142	0.38651	0.35207
213 A	0.26636	0.38960	0.34404
214 G	0.27535	0.38675	0.3379
215 A	0.28580	0.36407	0.35012
216 A	0.30066	0.33385	0.36549
217 T	0.32398	0.29349	0.38254
218 T	0.33118	0.27956	0.38926
219 C	0.33134	0.27032	0.39835
220 A	0.33016	0.27861	0.39123
221 A	0.32476	0.29112	0.38412
222 A	0.30073	0.31554	0.38372
223 A	0.26931	0.35409	0.3766
224 G	0.25447	0.37518	0.37035
225 A	0.24109	0.38390	0.375
226 G	0.23747	0.37404	0.38849
227 A	0.23938	0.36339	0.39723
228 T	0.24012	0.34331	0.41657
229 G	0.23059	0.34817	0.42124
230 G	0.22486	0.35775	0.41739
231 A	0.22121	0.37831	0.40048
232 T	0.22309	0.36973	0.40718
233 G	0.21749	0.37209	0.41042
234 G	0.21486	0.37560	0.40953
235 A	0.21170	0.37713	0.41118
236 C	0.20932	0.37749	0.41319
237 T	0.20654	0.38693	0.40653
238 G	0.18464	0.42068	0.39468
239 C	0.17185	0.45027	0.37789
240 A	0.15936	0.49079	0.34984
241 A	0.14707	0.52425	0.32868
242 A	0.13876	0.54253	0.31871
243 A	0.14267	0.54075	0.31659
244 A	0.14974	0.53342	0.31684
245 A	0.15716	0.50282	0.34003
246 A	0.16736	0.46099	0.37165
247 T	0.17773	0.43030	0.39196
248 T	0.18007	0.42130	0.39863
249 A	0.17226	0.44424	0.3835
250 A	0.16925	0.46571	0.36504
251 A	0.16829	0.47877	0.35293
252 A	0.16722	0.48448	0.3483
253 A	0.17872	0.47320	0.34807
254 A	0.20351	0.45370	0.34278
255 T	0.20664	0.44735	0.34601
256 A	0.20460	0.44444	0.35095
257 A	0.20324	0.43949	0.35727
258 A	0.19632	0.43505	0.36863
259 G	0.19704	0.42062	0.38234
260 G	0.20568	0.40768	0.38665
261 A	0.22263	0.38999	0.38737
262 T	0.24278	0.37629	0.38093
263 A	0.25658	0.36492	0.3785
264 T	0.25460	0.36985	0.37554
265 A	0.24180	0.38113	0.37707
266 A	0.23583	0.38743	0.37675
267 A	0.23161	0.39350	0.37489
268 G	0.23252	0.39441	0.37306
269 C	0.23424	0.39738	0.36838
270 A	0.23291	0.41358	0.35351
271 A	0.23049	0.41537	0.35414
272 G	0.24107	0.39951	0.35942
273 A	0.25831	0.37975	0.36194
274 G	0.26948	0.36582	0.3647
275 C	0.28413	0.34166	0.37421
276 A	0.29555	0.32826	0.37618
277 T	0.31023	0.30918	0.3806
278 T	0.31199	0.30506	0.38294
279 A	0.30671	0.30742	0.38587
280 G	0.30340	0.30646	0.39014
281 C	0.30332	0.29438	0.4023
282 A	0.30371	0.29205	0.40424
283 G	0.30847	0.28329	0.40824
284 A	0.32349	0.26578	0.41073
285 T	0.33973	0.24432	0.41594
286 G	0.34245	0.23570	0.42185
287 C	0.34763	0.20153	0.45084
288 C	0.35110	0.18272	0.46618
289 G	0.35568	0.17299	0.47133
290 G	0.36315	0.16286	0.47399
291 A	0.37173	0.15299	0.47528
292 T	0.38101	0.14164	0.47734
293 T	0.39001	0.12563	0.48435
294 T	0.38965	0.11311	0.49725
295 G	0.38762	0.11089	0.5015
296 A	0.38517	0.12288	0.49196
297 T	0.38360	0.13140	0.485
298 T	0.38121	0.15151	0.46728
299 T	0.37510	0.19352	0.43138
300 A	0.35237	0.24074	0.40689
301 G	0.32458	0.30097	0.37445
302 A	0.30202	0.34027	0.35771
303 A	0.28079	0.36974	0.34947
304 G	0.27292	0.37979	0.34729
305 A	0.27119	0.38341	0.3454
306 A	0.27057	0.38225	0.34718
307 T	0.27039	0.37862	0.35098
308 T	0.26979	0.37794	0.35226
309 A	0.26839	0.37713	0.35448
310 T	0.26776	0.37546	0.35679
311 A	0.26573	0.37989	0.35438
312 T	0.26428	0.38547	0.35025
313 G	0.26016	0.39033	0.34952
314 A	0.25679	0.39532	0.3479
315 A	0.25434	0.39645	0.34921
316 G	0.25331	0.39324	0.35346
317 C	0.25451	0.38916	0.35633
318 A	0.26365	0.37950	0.35686
319 G	0.28402	0.35623	0.35976
320 G	0.30516	0.33322	0.36162
321 A	0.33457	0.30431	0.36112
322 T	0.37774	0.25842	0.36384
323 A	0.39652	0.22316	0.38032
324 T	0.43138	0.16575	0.40288
325 A	0.44394	0.14228	0.41378
326 T	0.45472	0.11596	0.42932
327 T	0.45784	0.11686	0.4253
328 T	0.45780	0.13264	0.40957
329 T	0.45099	0.16833	0.38068
330 A	0.39225	0.24428	0.36347
331 A	0.35361	0.29225	0.35415
332 G	0.32025	0.33062	0.34914
333 A	0.29546	0.36250	0.34203
334 G	0.29262	0.36732	0.34006
335 A	0.29710	0.36180	0.34111
336 A	0.29841	0.35721	0.34438
337 T	0.30144	0.35071	0.34785
338 T	0.30057	0.35009	0.34933
339 C	0.28216	0.36874	0.34911
340 A	0.26219	0.39754	0.34028
341 A	0.24072	0.42423	0.33505
342 A	0.22466	0.44764	0.32769
343 G	0.21155	0.46160	0.32685
344 A	0.20514	0.46959	0.32527
345 A	0.20281	0.47152	0.32567
346 G	0.20672	0.46494	0.32833
347 C	0.21274	0.45699	0.33028
348 T	0.22829	0.44031	0.33139
349 G	0.23424	0.43310	0.33266
350 G	0.24535	0.41991	0.33473
351 A	0.26267	0.40059	0.33674
352 T	0.29335	0.36189	0.34475
353 T	0.30694	0.29155	0.40151
354 T	0.31201	0.25116	0.43683
355 A	0.30705	0.22810	0.46484
356 C	0.30034	0.21392	0.48575
357 T	0.29284	0.22683	0.48033
358 G	0.27183	0.25561	0.47255
359 T	0.26104	0.27418	0.46478
360 A	0.23286	0.30864	0.4585
361 A	0.22406	0.32030	0.45564
362 A	0.22095	0.31236	0.46669
363 A	0.22699	0.29292	0.4801
364 G	0.23121	0.26843	0.50036
365 A	0.23871	0.25089	0.5104
366 A	0.24033	0.23945	0.52022
367 T	0.24189	0.24379	0.51433
368 T	0.24041	0.26044	0.49915
369 A	0.23523	0.29921	0.46556
370 T	0.23090	0.33367	0.43543
371 A	0.21056	0.39657	0.39288
372 T	0.20026	0.43597	0.36377
373 A	0.18639	0.47068	0.34292
374 A	0.17389	0.49797	0.32813
375 A	0.16323	0.52003	0.31673
376 A	0.15774	0.53448	0.30778
377 A	0.15709	0.54073	0.30218
378 A	0.16312	0.52814	0.30874
379 T	0.17339	0.50189	0.32472
380 T	0.18181	0.48032	0.33786
381 T	0.18351	0.46059	0.3559
382 A	0.18157	0.45292	0.3655
383 C	0.18224	0.42911	0.38865
384 C	0.18280	0.42550	0.3917
385 G	0.18839	0.42657	0.38505
386 T	0.19453	0.43268	0.3728
387 A	0.19413	0.44625	0.35962
388 A	0.18691	0.47021	0.34288
389 A	0.18780	0.47948	0.33272
390 A	0.20116	0.47286	0.32598
391 G	0.22222	0.45118	0.3266
392 A	0.26222	0.41343	0.32435
393 A	0.30298	0.36828	0.32874
394 T	0.35260	0.29815	0.34926
395 T	0.37810	0.26381	0.35808
396 A	0.37393	0.26024	0.36584
397 A	0.36766	0.26109	0.37125
398 A	0.35870	0.26539	0.37591
399 A	0.35765	0.26412	0.37823
400 T	0.36015	0.26179	0.37806
401 A	0.34748	0.27275	0.37978
402 T	0.33950	0.27770	0.3828
403 G	0.32116	0.29207	0.38677
404 T	0.30232	0.30714	0.39054
405 C	0.27980	0.32569	0.39451
406 G	0.25639	0.35174	0.39187
407 G	0.25133	0.35697	0.39171
408 A	0.25746	0.35441	0.38812
409 T	0.26700	0.34386	0.38913
410 A	0.27047	0.33935	0.39018
411 C	0.28458	0.31256	0.40286
412 A	0.29423	0.29964	0.40613
413 C	0.30335	0.28629	0.41036
414 T	0.30784	0.28231	0.40986
415 T	0.31132	0.28007	0.40861
416 T	0.30490	0.29071	0.4044
417 A	0.27311	0.32890	0.39799
418 G	0.23593	0.37003	0.39404
419 A	0.20884	0.38557	0.40559
420 A	0.20166	0.37975	0.41859
421 G	0.20328	0.35824	0.43849
422 A	0.20688	0.34871	0.44441
423 A	0.21187	0.33692	0.45121
424 T	0.21371	0.32400	0.4623
425 T	0.21280	0.33787	0.44933
426 A	0.20228	0.34902	0.4487
427 G	0.19068	0.36401	0.44531
428 A	0.18148	0.37844	0.44008
429 A	0.17597	0.38417	0.43986
430 G	0.17585	0.39823	0.42592
431 A	0.17965	0.41001	0.41035
432 A	0.18049	0.42508	0.39443
433 T	0.18182	0.44014	0.37803
434 T	0.18183	0.45168	0.36649
435 A	0.17939	0.46850	0.35211
436 A	0.17890	0.47719	0.34392
437 A	0.17938	0.48087	0.33975
438 A	0.17870	0.48636	0.33495
439 A	0.18137	0.47535	0.34327
440 A	0.18780	0.43905	0.37314
441 T	0.19414	0.39508	0.41078
442 G	0.19561	0.36845	0.43594
443 C	0.19686	0.35851	0.44464
444 A	0.19785	0.36321	0.43894
445 G	0.20209	0.36305	0.43486
446 G	0.20834	0.36698	0.42467
447 A	0.22326	0.35773	0.41902
448 T	0.25386	0.32650	0.41964
449 A	0.27024	0.30094	0.42882
450 T	0.29355	0.26640	0.44004
451 A	0.30631	0.24339	0.4503
452 C	0.32323	0.21725	0.45952
453 T	0.34666	0.19308	0.46026
454 G	0.36227	0.17932	0.45841
455 C	0.38169	0.16599	0.45232
456 T	0.40567	0.14779	0.44654
457 T	0.41466	0.14414	0.44119
458 T	0.42128	0.14053	0.43818
459 G	0.41552	0.15232	0.43217
460 A	0.41895	0.15520	0.42584
461 A	0.42786	0.14588	0.42626
462 T	0.43138	0.14064	0.42797
463 T	0.43253	0.14016	0.42731
464 T	0.43199	0.14446	0.42355
465 A	0.42342	0.15822	0.41836
466 A	0.41795	0.17216	0.40989
467 A	0.41735	0.17756	0.40509
468 A	0.40822	0.19239	0.39939
469 T	0.41025	0.19667	0.39308
470 A	0.37627	0.24225	0.38148
471 T	0.35765	0.26473	0.37762
472 A	0.31955	0.30566	0.37479
473 A	0.27253	0.35416	0.37331
474 A	0.24933	0.37582	0.37486
475 G	0.21966	0.40466	0.37567
476 G	0.20587	0.42178	0.37235
477 A	0.20306	0.43385	0.36309
478 T	0.20860	0.42846	0.36294
479 G	0.21056	0.42759	0.36186
480 T	0.21332	0.42738	0.3593
481 A	0.20878	0.42934	0.36188
482 C	0.20936	0.41915	0.37149
483 T	0.20993	0.41846	0.37161
484 G	0.19362	0.43586	0.37052
485 C	0.18381	0.44795	0.36824
486 A	0.17724	0.45896	0.3638
487 A	0.17550	0.46198	0.36251
488 G	0.17675	0.45497	0.36828
489 A	0.18354	0.44548	0.37098
490 G	0.18832	0.43729	0.37439
491 A	0.19621	0.41432	0.38947
492 A	0.20480	0.39098	0.40422
493 T	0.21788	0.33226	0.44986
494 T	0.22145	0.30919	0.46936
495 A	0.22151	0.28339	0.4951
496 A	0.22178	0.25094	0.52729
497 A	0.22218	0.22883	0.54899
498 A	0.22162	0.19830	0.58007
499 G	0.22432	0.17878	0.59689
500 A	0.23455	0.16258	0.60287
501 C	0.23674	0.14973	0.61353
502 A	0.23930	0.14680	0.6139
503 T	0.24353	0.14028	0.61619
504 T	0.24079	0.14284	0.61637
505 G	0.23539	0.15788	0.60673
506 G	0.23297	0.17964	0.58739
507 A	0.23121	0.22864	0.54015
508 T	0.22894	0.25795	0.5131
509 T	0.22421	0.28697	0.48882
510 T	0.21439	0.35231	0.4333
511 A	0.20012	0.38810	0.41178
512 A	0.19221	0.41578	0.39202
513 T	0.18877	0.42299	0.38825
514 G	0.18488	0.43349	0.38163
515 C	0.18402	0.43897	0.377
516 A	0.18296	0.44997	0.36707
517 G	0.17971	0.45972	0.36057
518 A	0.17905	0.46383	0.35711
519 A	0.18449	0.45968	0.35583
520 G	0.18506	0.45946	0.35548
521 A	0.18740	0.45578	0.35683
522 A	0.19096	0.45026	0.35878
523 T	0.19524	0.44405	0.36071
524 T	0.19639	0.44214	0.36146
525 A	0.19539	0.44306	0.36155
526 A	0.19697	0.44144	0.36158
527 A	0.20287	0.43203	0.36509
528 A	0.21631	0.41420	0.3695
529 A	0.24207	0.38343	0.3745
530 A	0.31280	0.30472	0.38248
531 T	0.35621	0.24589	0.39791
532 G	0.38169	0.20435	0.41396
533 C	0.42625	0.14803	0.42571
534 C	0.45365	0.11432	0.43204
535 T	0.48050	0.08557	0.43393
536 G	0.48381	0.08151	0.43467
537 T	0.49001	0.07541	0.43459
538 T	0.47986	0.08771	0.43243
539 T	0.45651	0.11473	0.42876
540 T	0.42929	0.14728	0.42343
541 A	0.38182	0.20863	0.40955
542 A	0.34427	0.25250	0.40324
543 T	0.32444	0.27764	0.39793
544 G	0.30501	0.30748	0.3875
545 T	0.29222	0.33695	0.37083
546 A	0.23951	0.40204	0.35845
547 A	0.20199	0.44563	0.35238
548 A	0.17558	0.47236	0.35206
549 A	0.16295	0.48438	0.35267
550 G	0.16089	0.48541	0.3537
551 A	0.16056	0.48506	0.35438
552 A	0.16014	0.48454	0.35532
553 T	0.15995	0.48360	0.35645
554 T	0.15954	0.48423	0.35624
555 A	0.15679	0.48739	0.35583
556 A	0.15475	0.48987	0.35537
557 A	0.15276	0.49242	0.35483
558 A	0.15192	0.49259	0.35549
559 G	0.15193	0.48339	0.36468
560 A	0.15391	0.46904	0.37705
561 A	0.15776	0.42884	0.4134
562 G	0.16504	0.37821	0.45674
563 C	0.17746	0.33065	0.49189
564 T	0.19711	0.28109	0.52181
565 G	0.20614	0.24597	0.5479
566 G	0.21523	0.22036	0.56441
567 A	0.22722	0.20235	0.57042
568 T	0.24319	0.17847	0.57834
569 T	0.25178	0.11791	0.63031
570 T	0.25468	0.07933	0.66598
571 T	0.25459	0.05784	0.68756
572 C	0.25265	0.06038	0.68697
573 T	0.25057	0.11088	0.63855
574 A	0.24620	0.19312	0.56068
575 A	0.24383	0.28979	0.46637
576 A	0.24075	0.33900	0.42025
577 G	0.23565	0.36457	0.39978
578 A	0.23432	0.39107	0.37461
579 A	0.23475	0.39711	0.36814
580 G	0.23583	0.39793	0.36624
581 A	0.23703	0.40020	0.36277
582 T	0.23746	0.40054	0.362
583 T	0.23742	0.40467	0.35791
584 T	0.23712	0.40710	0.35577
585 A	0.23662	0.40879	0.35458
586 G	0.23638	0.40947	0.35415
587 A	0.23628	0.41003	0.35369
588 A	0.23636	0.41012	0.35351
589 A	0.23735	0.40892	0.35372
590 A	0.24157	0.40414	0.35429
591 A	0.24354	0.40090	0.35556
592 G	0.24684	0.39449	0.35868
593 C	0.25328	0.38438	0.36234
594 C	0.26408	0.37162	0.3643
595 G	0.28111	0.35357	0.36532
596 G	0.32869	0.30524	0.36608
597 A	0.40469	0.22833	0.36698
598 T	0.51390	0.11824	0.36786
599 T	0.56139	0.06827	0.37034
600 T	0.57964	0.04470	0.37566
601 T	0.59093	0.03141	0.37767
602 A	0.58993	0.03182	0.37825
603 T	0.59077	0.03085	0.37838
604 T	0.59143	0.03134	0.37723
605 C	0.59124	0.03332	0.37544
606 T	0.59420	0.03107	0.37473
607 T	0.59302	0.03293	0.37405
608 T	0.58670	0.03988	0.37342
609 T	0.57720	0.05015	0.37265
610 C	0.52486	0.10323	0.37191
611 A	0.52241	0.10620	0.37139
612 A	0.52139	0.10736	0.37125
613 T	0.51996	0.10883	0.37122
614 T	0.51916	0.10964	0.3712
615 A	0.51668	0.11212	0.37119
616 G	0.51657	0.11201	0.37143
617 A	0.51655	0.11188	0.37157
618 A	0.51660	0.11172	0.37168
619 G	0.51677	0.11139	0.37183
620 A	0.51721	0.11077	0.37202
621 A	0.51763	0.11002	0.37235
622 G	0.51851	0.10825	0.37324
623 A	0.52016	0.10569	0.37416
624 T	0.52145	0.10217	0.37637
625 G	0.52231	0.09671	0.38098
626 G	0.52339	0.09224	0.38437
627 C	0.52544	0.08545	0.38912
628 T	0.52812	0.08003	0.39185
629 T	0.52939	0.07627	0.39434
630 T	0.53046	0.07192	0.39761
631 T	0.53118	0.06587	0.40296
632 A	0.53163	0.05862	0.40975
633 A	0.53237	0.00000	0.46763
