# lcl|CP097583.1_cds_USQ93359.1_1
# AA	inside	membr	outside
1 A	0.66523	0.00000	0.33477
2 T	0.66293	0.00231	0.33477
3 G	0.66183	0.00340	0.33477
4 A	0.66183	0.02437	0.3138
5 T	0.65112	0.03748	0.31141
6 T	0.65111	0.03821	0.31068
7 A	0.38900	0.30091	0.3101
8 A	0.38899	0.30093	0.31008
9 C	0.36771	0.32253	0.30976
10 A	0.36763	0.43665	0.19572
11 A	0.35915	0.45311	0.18774
12 T	0.29676	0.51698	0.18626
13 G	0.16213	0.66290	0.17497
14 A	0.16212	0.66292	0.17497
15 T	0.16212	0.70249	0.1354
16 A	0.16088	0.70372	0.1354
17 A	0.15984	0.70502	0.13514
18 T	0.15980	0.70545	0.13475
19 A	0.15707	0.70858	0.13435
20 T	0.14996	0.72490	0.12514
21 A	0.13123	0.74368	0.1251
22 A	0.13132	0.74627	0.12242
23 A	0.13181	0.74718	0.12101
24 T	0.13584	0.74390	0.12026
25 T	0.13663	0.73437	0.129
26 A	0.13700	0.73265	0.13035
27 T	0.14935	0.70519	0.14546
28 A	0.15029	0.69563	0.15409
29 A	0.15071	0.68642	0.16287
30 A	0.15263	0.48187	0.3655
31 A	0.15421	0.47563	0.37015
32 A	0.15777	0.44672	0.39551
33 A	0.26430	0.31823	0.41746
34 T	0.27861	0.28395	0.43743
35 G	0.28658	0.21923	0.49419
36 G	0.29789	0.12997	0.57213
37 T	0.30097	0.15118	0.54784
38 T	0.31792	0.17824	0.50383
39 T	0.28401	0.39013	0.32586
40 A	0.27572	0.40810	0.31619
41 A	0.26754	0.41956	0.3129
42 A	0.26261	0.42380	0.31359
43 A	0.26758	0.41179	0.32062
44 C	0.25846	0.40675	0.33478
45 A	0.25771	0.41794	0.32436
46 G	0.26075	0.42100	0.31824
47 C	0.26466	0.42099	0.31436
48 T	0.26974	0.42242	0.30784
49 T	0.27259	0.42219	0.30522
50 T	0.27373	0.42409	0.30218
51 A	0.27434	0.42319	0.30246
52 T	0.27498	0.42254	0.30248
53 C	0.27017	0.42855	0.30128
54 T	0.26844	0.43742	0.29415
55 C	0.26217	0.44965	0.28818
56 A	0.26166	0.45703	0.28131
57 A	0.26573	0.45762	0.27666
58 A	0.27256	0.45450	0.27295
59 A	0.29809	0.42894	0.27296
60 T	0.34313	0.38277	0.2741
61 T	0.40151	0.31729	0.2812
62 T	0.52808	0.15809	0.31384
63 T	0.53229	0.14677	0.32095
64 G	0.53148	0.14067	0.32785
65 A	0.53144	0.13709	0.33148
66 A	0.52910	0.13691	0.33399
67 G	0.53088	0.12618	0.34294
68 C	0.54366	0.10964	0.34671
69 T	0.55694	0.09711	0.34595
70 T	0.55935	0.09771	0.34295
71 T	0.55799	0.10698	0.33504
72 A	0.54555	0.12796	0.32649
73 G	0.53695	0.14385	0.31919
74 A	0.53217	0.15809	0.30974
75 A	0.53315	0.16486	0.30199
76 A	0.53868	0.17867	0.28264
77 T	0.55109	0.16665	0.28226
78 T	0.55288	0.16651	0.28062
79 T	0.54790	0.16987	0.28223
80 T	0.52941	0.19102	0.27957
81 A	0.45553	0.27365	0.27082
82 A	0.42976	0.30472	0.26552
83 C	0.42627	0.30868	0.26504
84 T	0.42219	0.31989	0.25793
85 G	0.41334	0.33521	0.25145
86 A	0.40768	0.34604	0.24627
87 T	0.37254	0.38535	0.24211
88 A	0.29786	0.46725	0.23489
89 G	0.27186	0.49057	0.23758
90 A	0.25847	0.50266	0.23886
91 A	0.25242	0.50527	0.24231
92 G	0.24616	0.50675	0.24709
93 C	0.24681	0.50132	0.25187
94 A	0.25134	0.49525	0.25341
95 A	0.25757	0.48389	0.25854
96 A	0.26425	0.47409	0.26166
97 G	0.27280	0.46441	0.2628
98 G	0.28229	0.45654	0.26117
99 T	0.30746	0.43046	0.26208
100 A	0.31139	0.42325	0.26536
101 T	0.31853	0.40547	0.27599
102 A	0.31960	0.39523	0.28517
103 A	0.32373	0.37148	0.30479
104 C	0.33397	0.29250	0.37353
105 T	0.34242	0.26611	0.39147
106 A	0.34392	0.26442	0.39166
107 T	0.35221	0.25380	0.39398
108 T	0.35672	0.24632	0.39695
109 A	0.35855	0.24342	0.39803
110 A	0.36129	0.19680	0.4419
111 T	0.36786	0.11719	0.51495
112 T	0.36792	0.09854	0.53354
113 T	0.36439	0.12971	0.5059
114 A	0.35936	0.16446	0.47618
115 G	0.34072	0.21314	0.44614
116 A	0.33221	0.23850	0.4293
117 A	0.32707	0.25492	0.41801
118 G	0.32556	0.26547	0.40897
119 A	0.32378	0.27059	0.40563
120 T	0.32645	0.27027	0.40327
121 G	0.32605	0.27700	0.39695
122 G	0.32638	0.28777	0.38585
123 T	0.32516	0.31810	0.35674
124 A	0.32097	0.38717	0.29186
125 A	0.31499	0.43400	0.25101
126 A	0.31244	0.44047	0.24709
127 A	0.31061	0.44541	0.24398
128 T	0.31281	0.44220	0.24499
129 T	0.31310	0.44065	0.24625
130 C	0.30802	0.44519	0.24679
131 A	0.30536	0.44796	0.24668
132 C	0.30555	0.44689	0.24757
133 G	0.30560	0.44663	0.24778
134 A	0.30778	0.44426	0.24795
135 A	0.31596	0.43575	0.24829
136 C	0.35789	0.38951	0.25261
137 A	0.39370	0.35086	0.25544
138 T	0.43684	0.28881	0.27436
139 G	0.45061	0.26700	0.28239
140 T	0.46233	0.25025	0.28742
141 T	0.46785	0.24301	0.28914
142 C	0.46854	0.23663	0.29484
143 A	0.47175	0.23710	0.29115
144 A	0.47924	0.23099	0.28978
145 A	0.49244	0.21782	0.28974
146 A	0.52259	0.18616	0.29125
147 T	0.58636	0.12023	0.29341
148 G	0.59999	0.10012	0.29989
149 A	0.59318	0.10448	0.30234
150 T	0.59276	0.10345	0.30379
151 G	0.58842	0.11719	0.29439
152 T	0.58589	0.13690	0.2772
153 T	0.57969	0.14956	0.27075
154 T	0.57113	0.16388	0.26499
155 T	0.55734	0.18565	0.25701
156 A	0.53111	0.22005	0.24883
157 G	0.51933	0.23185	0.24882
158 G	0.51049	0.24076	0.24875
159 A	0.50605	0.24566	0.24828
160 A	0.50478	0.24645	0.24877
161 C	0.50473	0.24565	0.24963
162 A	0.50480	0.24525	0.24995
163 A	0.50580	0.24366	0.25055
164 C	0.50692	0.24106	0.25202
165 C	0.50824	0.23906	0.25271
166 A	0.51045	0.23891	0.25064
167 T	0.51206	0.23737	0.25057
168 T	0.50926	0.24192	0.24882
169 A	0.49573	0.25903	0.24524
170 A	0.48838	0.26775	0.24387
171 A	0.48819	0.24869	0.26312
172 G	0.49099	0.23284	0.27617
173 G	0.49799	0.21754	0.28447
174 T	0.51905	0.19127	0.28967
175 T	0.54385	0.16749	0.28866
176 T	0.55326	0.15689	0.28985
177 G	0.55466	0.14882	0.29652
178 T	0.55816	0.13550	0.30634
179 T	0.55881	0.12118	0.32001
180 T	0.54406	0.13480	0.32113
181 C	0.50083	0.18498	0.31419
182 A	0.47752	0.22465	0.29783
183 A	0.46462	0.24576	0.28962
184 A	0.45269	0.26091	0.28641
185 A	0.44360	0.27249	0.28391
186 T	0.43884	0.27839	0.28277
187 A	0.43000	0.28886	0.28114
188 A	0.42422	0.29553	0.28025
189 A	0.42370	0.29563	0.28068
190 A	0.42378	0.29260	0.28362
191 A	0.42539	0.28536	0.28926
192 G	0.42898	0.26698	0.30404
193 T	0.43304	0.25212	0.31484
194 C	0.43454	0.24683	0.31863
195 T	0.44305	0.23737	0.31957
196 T	0.44870	0.23140	0.31989
197 C	0.45062	0.22926	0.32012
198 T	0.45338	0.22707	0.31955
199 A	0.45340	0.22799	0.3186
200 T	0.45396	0.22422	0.32182
201 G	0.45407	0.22472	0.3212
202 T	0.46391	0.21526	0.32082
203 A	0.46802	0.19547	0.33651
204 T	0.47914	0.13983	0.38103
205 T	0.48400	0.11360	0.4024
206 T	0.47541	0.12006	0.40453
207 A	0.37091	0.24258	0.38651
208 G	0.28987	0.33776	0.37238
209 A	0.25137	0.39802	0.35062
210 A	0.22436	0.43668	0.33896
211 A	0.20962	0.46293	0.32744
212 A	0.19351	0.49274	0.31374
213 A	0.18374	0.53099	0.28527
214 A	0.17458	0.56762	0.2578
215 T	0.17131	0.57679	0.2519
216 A	0.16010	0.59701	0.24289
217 G	0.15474	0.60687	0.23839
218 A	0.15244	0.61389	0.23367
219 T	0.15136	0.61593	0.23272
220 G	0.14964	0.61660	0.23376
221 A	0.14946	0.61593	0.23461
222 A	0.15020	0.61278	0.23702
223 A	0.15164	0.60866	0.2397
224 C	0.15461	0.59920	0.24619
225 T	0.15786	0.59558	0.24656
226 G	0.15824	0.59465	0.24712
227 A	0.15943	0.59321	0.24735
228 A	0.16228	0.58692	0.2508
229 A	0.16992	0.56868	0.2614
230 T	0.19689	0.42823	0.37487
231 G	0.21780	0.32458	0.45762
232 G	0.24205	0.26436	0.49359
233 A	0.25865	0.23397	0.50738
234 A	0.27312	0.21714	0.50975
235 G	0.28604	0.20045	0.51352
236 A	0.31646	0.16666	0.51688
237 T	0.35088	0.12680	0.52232
238 A	0.35707	0.13094	0.51199
239 T	0.36579	0.15363	0.48058
240 T	0.36657	0.18857	0.44486
241 T	0.36162	0.21435	0.42403
242 T	0.31903	0.27934	0.40163
243 A	0.26049	0.35596	0.38356
244 G	0.24394	0.41006	0.346
245 G	0.23278	0.45166	0.31556
246 A	0.22795	0.46484	0.30721
247 A	0.22646	0.46898	0.30456
248 A	0.22768	0.46862	0.3037
249 T	0.23044	0.46587	0.30368
250 C	0.23101	0.46524	0.30376
251 T	0.23094	0.46651	0.30255
252 T	0.22853	0.47050	0.30097
253 A	0.22307	0.47992	0.297
254 G	0.22112	0.48283	0.29604
255 A	0.21958	0.48459	0.29583
256 A	0.22450	0.47782	0.29768
257 A	0.23647	0.46326	0.30026
258 T	0.25266	0.44368	0.30366
259 C	0.25936	0.43435	0.30629
260 A	0.26617	0.42749	0.30634
261 A	0.28658	0.40599	0.30743
262 A	0.33702	0.35244	0.31054
263 T	0.38829	0.29395	0.31776
264 T	0.41577	0.25687	0.32736
265 T	0.43433	0.18980	0.37587
266 C	0.43899	0.13579	0.42523
267 A	0.45812	0.11724	0.42464
268 G	0.47548	0.11701	0.40751
269 T	0.48272	0.12952	0.38776
270 T	0.47886	0.16849	0.35265
271 T	0.47038	0.19825	0.33137
272 T	0.45765	0.22289	0.31946
273 A	0.40824	0.28643	0.30533
274 A	0.38070	0.32893	0.29038
275 A	0.37072	0.34468	0.2846
276 T	0.36990	0.34195	0.28815
277 A	0.36412	0.34746	0.28842
278 T	0.36193	0.34750	0.29057
279 T	0.35692	0.35348	0.28961
280 A	0.34574	0.37118	0.28308
281 A	0.33723	0.38372	0.27905
282 A	0.33199	0.39353	0.27448
283 G	0.32944	0.40197	0.26859
284 A	0.32873	0.41024	0.26103
285 A	0.32848	0.41416	0.25735
286 A	0.32881	0.41545	0.25574
287 A	0.32997	0.41479	0.25524
288 A	0.33281	0.41052	0.25668
289 G	0.33949	0.39871	0.26181
290 A	0.35910	0.37531	0.26559
291 T	0.39935	0.32851	0.27215
292 A	0.42302	0.29942	0.27756
293 T	0.46166	0.24670	0.29164
294 T	0.47906	0.21672	0.30421
295 A	0.48564	0.19526	0.31909
296 T	0.49317	0.14572	0.36112
297 T	0.50256	0.11172	0.38571
298 T	0.50734	0.09632	0.39634
299 T	0.50886	0.09060	0.40055
300 T	0.51010	0.08441	0.40549
301 G	0.50999	0.08389	0.40612
302 A	0.51124	0.08282	0.40593
303 A	0.51615	0.07340	0.41045
304 G	0.52085	0.06124	0.41791
305 G	0.52717	0.05228	0.42055
306 T	0.53661	0.04135	0.42204
307 T	0.54387	0.03593	0.4202
308 C	0.54584	0.03582	0.41835
309 A	0.54628	0.04512	0.4086
310 C	0.54712	0.04674	0.40613
311 T	0.54779	0.04818	0.40403
312 T	0.54776	0.04996	0.40227
313 T	0.54727	0.05275	0.39998
314 C	0.54624	0.05577	0.39799
315 T	0.54508	0.05924	0.39568
316 T	0.54197	0.06329	0.39473
317 A	0.53816	0.06796	0.39388
318 T	0.53131	0.07507	0.39362
319 C	0.52264	0.08401	0.39335
320 C	0.51680	0.09020	0.39301
321 T	0.51284	0.09580	0.39136
322 A	0.50495	0.10665	0.3884
323 T	0.50208	0.11064	0.38728
324 G	0.49654	0.11687	0.38659
325 G	0.49474	0.11929	0.38597
326 T	0.49614	0.11778	0.38608
327 A	0.49489	0.11928	0.38584
328 A	0.49596	0.11809	0.38595
329 A	0.49748	0.11653	0.386
330 T	0.50187	0.11190	0.38623
331 A	0.50488	0.10810	0.38702
332 A	0.51532	0.09642	0.38826
333 T	0.51935	0.09097	0.38968
334 T	0.52108	0.08839	0.39053
335 C	0.52168	0.08669	0.39163
336 T	0.52281	0.08505	0.39215
337 A	0.52352	0.08374	0.39274
338 A	0.52544	0.08040	0.39417
339 T	0.52715	0.07580	0.39705
340 T	0.52832	0.07160	0.40008
341 T	0.52856	0.06178	0.40965
342 T	0.52856	0.05113	0.42031
343 G	0.52805	0.04527	0.42668
344 A	0.52893	0.04152	0.42955
345 T	0.53211	0.03232	0.43557
346 T	0.53321	0.02861	0.43817
347 T	0.52982	0.02983	0.44035
348 T	0.51492	0.04678	0.4383
349 T	0.47587	0.09428	0.42984
350 C	0.38525	0.20499	0.40976
351 A	0.30357	0.32424	0.37219
352 A	0.25262	0.40552	0.34186
353 A	0.23340	0.43919	0.32741
354 A	0.21778	0.46749	0.31473
355 A	0.20300	0.49526	0.30174
356 T	0.19684	0.50632	0.29684
357 T	0.18916	0.51752	0.29332
358 G	0.18099	0.52944	0.28957
359 A	0.17734	0.53941	0.28324
360 T	0.17632	0.54052	0.28316
361 A	0.17294	0.54417	0.28289
362 T	0.17071	0.54652	0.28278
363 T	0.16629	0.55094	0.28277
364 C	0.15857	0.55867	0.28276
365 A	0.15195	0.56573	0.28231
366 A	0.14915	0.56858	0.28227
367 A	0.14805	0.56964	0.28231
368 A	0.14862	0.56888	0.2825
369 A	0.15072	0.56595	0.28332
370 A	0.15592	0.55012	0.29395
371 A	0.16464	0.51663	0.31873
372 A	0.17800	0.45934	0.36267
373 T	0.20501	0.34800	0.44699
374 A	0.23494	0.24789	0.51716
375 T	0.26184	0.17257	0.56559
376 G	0.27003	0.14934	0.58062
377 A	0.28108	0.13589	0.58303
378 T	0.29465	0.11586	0.58949
379 T	0.29840	0.12036	0.58124
380 T	0.29331	0.14051	0.56618
381 A	0.28466	0.16477	0.55056
382 T	0.28595	0.17683	0.53723
383 T	0.28034	0.19614	0.52353
384 A	0.27352	0.20032	0.52616
385 T	0.26919	0.20119	0.52962
386 T	0.25917	0.20750	0.53333
387 T	0.24496	0.22046	0.53459
388 C	0.22327	0.24304	0.53368
389 A	0.19907	0.29098	0.50995
390 A	0.17538	0.33325	0.49137
391 T	0.16217	0.36698	0.47084
392 T	0.14780	0.41759	0.43462
393 A	0.11904	0.48976	0.3912
394 G	0.10463	0.52043	0.37494
395 A	0.09917	0.53668	0.36415
396 A	0.09766	0.54328	0.35906
397 A	0.09719	0.54541	0.35739
398 A	0.09836	0.54434	0.35729
399 A	0.10437	0.53604	0.35959
400 G	0.11709	0.52126	0.36165
401 A	0.12981	0.50778	0.36241
402 A	0.15550	0.47980	0.36471
403 T	0.18580	0.44090	0.3733
404 T	0.20247	0.41373	0.3838
405 A	0.20839	0.41010	0.38151
406 T	0.21353	0.40648	0.37999
407 T	0.20761	0.42591	0.36648
408 A	0.18272	0.47712	0.34016
409 A	0.16644	0.49673	0.33682
410 A	0.16219	0.48855	0.34926
411 A	0.16136	0.46739	0.37125
412 A	0.17921	0.42204	0.39876
413 G	0.20122	0.36478	0.434
414 C	0.22822	0.31902	0.45276
415 G	0.26547	0.28771	0.44682
416 T	0.30943	0.24323	0.44734
417 T	0.32334	0.24478	0.43189
418 T	0.32832	0.25570	0.41598
419 T	0.32888	0.27031	0.40081
420 A	0.32177	0.29429	0.38394
421 T	0.31901	0.30891	0.37209
422 T	0.31183	0.32723	0.36094
423 A	0.29918	0.34794	0.35287
424 A	0.29080	0.36170	0.34749
425 A	0.28753	0.36794	0.34453
426 A	0.28213	0.37527	0.34261
427 A	0.28019	0.37910	0.34071
428 A	0.28720	0.37201	0.34079
429 A	0.29893	0.35820	0.34287
430 A	0.31826	0.33413	0.34761
431 T	0.34663	0.28353	0.36984
432 T	0.35329	0.26739	0.37932
433 G	0.35265	0.26313	0.38422
434 A	0.35326	0.25962	0.38712
435 T	0.35606	0.25088	0.39306
436 A	0.35831	0.24723	0.39446
437 C	0.36742	0.23693	0.39564
438 T	0.39372	0.21064	0.39563
439 A	0.40688	0.19700	0.39612
440 T	0.43240	0.16937	0.39823
441 T	0.45000	0.14930	0.40071
442 T	0.46231	0.13566	0.40203
443 C	0.46897	0.11753	0.41349
444 T	0.47651	0.10781	0.41567
445 T	0.47585	0.10804	0.41611
446 A	0.45500	0.13019	0.41482
447 T	0.42626	0.15835	0.41538
448 G	0.36395	0.22800	0.40805
449 A	0.30892	0.30027	0.39081
450 A	0.25186	0.37808	0.37006
451 G	0.22398	0.40454	0.37147
452 A	0.20640	0.42509	0.36851
453 A	0.20398	0.42912	0.3669
454 A	0.20557	0.42751	0.36691
455 C	0.21057	0.41996	0.36947
456 T	0.21249	0.41846	0.36905
457 T	0.21144	0.42176	0.36679
458 A	0.20698	0.42803	0.36499
459 T	0.20453	0.43097	0.3645
460 T	0.20086	0.43575	0.36339
461 T	0.19436	0.44259	0.36305
462 A	0.17981	0.45778	0.36241
463 G	0.16996	0.46908	0.36095
464 A	0.16082	0.48284	0.35633
465 A	0.14084	0.50612	0.35304
466 A	0.12843	0.52040	0.35117
467 A	0.12470	0.52363	0.35167
468 A	0.12842	0.51302	0.35856
469 A	0.13625	0.47883	0.38492
470 G	0.14172	0.43234	0.42593
471 A	0.15033	0.36526	0.48441
472 A	0.17232	0.29426	0.53342
473 T	0.19658	0.22038	0.58305
474 A	0.19808	0.19423	0.60769
475 G	0.20186	0.17052	0.62763
476 T	0.20559	0.15884	0.63557
477 T	0.20687	0.15637	0.63676
478 A	0.20622	0.15584	0.63794
479 A	0.20680	0.15350	0.6397
480 T	0.20916	0.14484	0.64599
481 T	0.20932	0.13737	0.65331
482 C	0.20873	0.13583	0.65545
483 T	0.20774	0.15714	0.63512
484 A	0.20062	0.20480	0.59458
485 A	0.19589	0.24720	0.5569
486 A	0.19640	0.25914	0.54446
487 G	0.19892	0.25897	0.54212
488 G	0.20141	0.24490	0.55368
489 G	0.20548	0.24300	0.55153
490 T	0.20878	0.26096	0.53025
491 T	0.20861	0.28701	0.50438
492 A	0.20646	0.32143	0.47211
493 A	0.20599	0.33493	0.45908
494 A	0.20679	0.33980	0.45341
495 T	0.20823	0.33992	0.45185
496 T	0.20895	0.34083	0.45021
497 T	0.20914	0.34394	0.44692
498 A	0.20647	0.35292	0.4406
499 G	0.20593	0.36114	0.43294
500 A	0.20663	0.36194	0.43144
501 A	0.20701	0.36402	0.42896
502 G	0.20851	0.36383	0.42766
503 A	0.21102	0.36226	0.42672
504 C	0.21637	0.35528	0.42835
505 A	0.22437	0.34834	0.42729
506 A	0.24811	0.32372	0.42817
507 A	0.29195	0.27511	0.43293
508 T	0.34092	0.22179	0.43729
509 T	0.36087	0.20096	0.43817
510 A	0.37003	0.18925	0.44072
511 A	0.38156	0.17515	0.44328
512 G	0.39940	0.15479	0.44582
513 T	0.43094	0.12184	0.44722
514 T	0.45724	0.09396	0.44879
515 T	0.48449	0.06491	0.4506
516 T	0.49409	0.05545	0.45045
517 T	0.49804	0.05108	0.45088
518 T	0.49847	0.05032	0.45121
519 A	0.49725	0.05117	0.45159
520 A	0.49899	0.04846	0.45255
521 C	0.50460	0.03991	0.45549
522 T	0.51241	0.03121	0.45638
523 A	0.51490	0.02811	0.45699
524 T	0.52103	0.02149	0.45747
525 T	0.52529	0.01701	0.4577
526 T	0.52736	0.01479	0.45785
527 C	0.52675	0.01503	0.45822
528 T	0.52768	0.01413	0.4582
529 G	0.52751	0.01427	0.45822
530 T	0.52795	0.01382	0.45823
531 T	0.52793	0.01379	0.45828
532 T	0.52699	0.01469	0.45833
533 C	0.52448	0.01687	0.45865
534 T	0.52281	0.01866	0.45853
535 T	0.51891	0.02294	0.45815
536 G	0.51620	0.02577	0.45803
537 T	0.51510	0.02708	0.45782
538 G	0.51367	0.02886	0.45747
539 T	0.51361	0.02908	0.45731
540 T	0.51125	0.03117	0.45758
541 T	0.50564	0.03633	0.45802
542 T	0.49125	0.04939	0.45935
543 T	0.46735	0.07420	0.45844
544 C	0.39365	0.15069	0.45566
545 A	0.31159	0.24566	0.44275
546 A	0.23762	0.33377	0.42861
547 A	0.17586	0.40160	0.42254
548 A	0.14861	0.43126	0.42012
549 A	0.12730	0.45355	0.41916
550 G	0.11354	0.46657	0.41989
551 A	0.10576	0.47438	0.41986
552 T	0.10162	0.47818	0.4202
553 A	0.09191	0.48853	0.41955
554 A	0.08674	0.49490	0.41836
555 A	0.08392	0.49721	0.41887
556 G	0.08188	0.49722	0.4209
557 A	0.08064	0.49669	0.42267
558 T	0.08025	0.49330	0.42645
559 A	0.07876	0.49311	0.42813
560 T	0.07821	0.49205	0.42974
561 A	0.07603	0.49233	0.43164
562 G	0.07497	0.48956	0.43547
563 A	0.07427	0.48544	0.44029
564 A	0.07423	0.47587	0.4499
565 G	0.07495	0.45515	0.4699
566 A	0.07710	0.42708	0.49583
567 A	0.08039	0.35577	0.56384
568 A	0.09256	0.26709	0.64036
569 T	0.10712	0.17634	0.71654
570 T	0.11278	0.11764	0.76958
571 T	0.11412	0.10179	0.78409
572 A	0.11190	0.10895	0.77914
573 T	0.11106	0.10345	0.7855
574 G	0.10803	0.10409	0.78789
575 A	0.10675	0.10520	0.78805
576 A	0.10728	0.09958	0.79314
577 T	0.10939	0.09578	0.79483
578 A	0.10999	0.10518	0.78483
579 T	0.11099	0.11712	0.77189
580 T	0.10956	0.13784	0.7526
581 T	0.10452	0.17893	0.71656
582 T	0.10016	0.20803	0.69181
583 G	0.09625	0.23714	0.66661
584 T	0.09539	0.26386	0.64075
585 A	0.09340	0.28801	0.61859
586 G	0.09215	0.30418	0.60367
587 T	0.09170	0.31578	0.59252
588 T	0.08934	0.33169	0.57897
589 A	0.08045	0.34922	0.57033
590 A	0.07801	0.35483	0.56716
591 A	0.07753	0.35750	0.56497
592 G	0.07842	0.35786	0.56372
593 A	0.08215	0.35559	0.56226
594 A	0.09775	0.34016	0.56209
595 T	0.12179	0.31478	0.56343
596 T	0.12644	0.31279	0.56077
597 T	0.12597	0.31365	0.56038
598 G	0.11941	0.32360	0.557
599 A	0.11762	0.32997	0.5524
600 A	0.11988	0.33100	0.54912
601 A	0.13445	0.31808	0.54747
602 A	0.16033	0.29133	0.54834
603 A	0.19690	0.25222	0.55087
604 T	0.24316	0.19977	0.55706
605 T	0.26331	0.17460	0.5621
606 C	0.26898	0.16551	0.56551
607 G	0.27883	0.15919	0.56199
608 A	0.29492	0.14997	0.55511
609 T	0.30592	0.14569	0.5484
610 A	0.29971	0.15663	0.54366
611 T	0.29947	0.15925	0.54128
612 T	0.27090	0.18539	0.54371
613 A	0.20479	0.25589	0.53931
614 A	0.12795	0.33686	0.53519
615 A	0.07912	0.38890	0.53197
616 A	0.06477	0.40577	0.52946
617 A	0.06132	0.40860	0.53008
618 A	0.06174	0.40713	0.53114
619 T	0.06702	0.39975	0.53323
620 A	0.06872	0.39526	0.53602
621 C	0.07157	0.38523	0.5432
622 G	0.07037	0.38466	0.54497
623 C	0.06750	0.38695	0.54556
624 T	0.06480	0.39097	0.54423
625 A	0.05396	0.40448	0.54156
626 A	0.04535	0.41561	0.53904
627 A	0.03961	0.42160	0.53879
628 A	0.03851	0.42229	0.5392
629 A	0.03798	0.41227	0.54975
630 A	0.04232	0.39676	0.56093
631 A	0.05095	0.37957	0.56948
632 T	0.06114	0.35974	0.57912
633 A	0.06461	0.34039	0.59499
634 A	0.06791	0.31798	0.61412
635 T	0.07141	0.27117	0.65743
636 A	0.07375	0.20752	0.71874
637 T	0.07678	0.13339	0.78983
638 C	0.07742	0.09075	0.83182
639 C	0.07838	0.08250	0.83912
640 T	0.07789	0.08641	0.8357
641 T	0.07616	0.09233	0.83151
642 A	0.06465	0.10921	0.82614
643 G	0.05645	0.12244	0.82112
644 G	0.05046	0.14215	0.80739
645 A	0.04340	0.15767	0.79894
646 G	0.04221	0.15497	0.80282
647 A	0.04290	0.15130	0.8058
648 A	0.04505	0.13946	0.8155
649 T	0.04722	0.12861	0.82418
650 C	0.04680	0.12426	0.82894
651 A	0.04510	0.12840	0.8265
652 A	0.04453	0.13095	0.82452
653 A	0.04421	0.13290	0.82289
654 A	0.04393	0.13387	0.82221
655 T	0.04514	0.13233	0.82253
656 T	0.04638	0.12802	0.82561
657 A	0.04584	0.12686	0.82729
658 A	0.04560	0.12471	0.82968
659 C	0.04565	0.12134	0.83301
660 A	0.04502	0.12126	0.83372
661 T	0.04748	0.11677	0.83574
662 C	0.04958	0.11278	0.83764
663 T	0.05405	0.10809	0.83786
664 A	0.05622	0.10537	0.83841
665 G	0.06087	0.09089	0.84824
666 A	0.06662	0.07858	0.85479
667 T	0.08264	0.05725	0.86011
668 C	0.09444	0.03731	0.86825
669 T	0.09833	0.03387	0.8678
670 T	0.09983	0.03397	0.8662
671 T	0.09885	0.03719	0.86396
672 A	0.09210	0.04806	0.85984
673 A	0.08680	0.05311	0.86009
674 A	0.08626	0.05144	0.86231
675 A	0.08733	0.04872	0.86396
676 T	0.08928	0.04481	0.86591
677 C	0.08908	0.04357	0.86735
678 T	0.08794	0.04448	0.86758
679 A	0.08634	0.04589	0.86777
680 A	0.08598	0.04594	0.86808
681 A	0.08591	0.04573	0.86835
682 A	0.08601	0.04531	0.86868
683 C	0.08654	0.04262	0.87084
684 T	0.08696	0.04172	0.87132
685 T	0.08675	0.04137	0.87187
686 A	0.08517	0.04270	0.87212
687 T	0.08313	0.04417	0.8727
688 C	0.08108	0.04593	0.87298
689 C	0.08092	0.04576	0.87332
690 A	0.08106	0.04556	0.87338
691 G	0.08207	0.04430	0.87363
692 T	0.08455	0.04165	0.8738
693 T	0.08674	0.03931	0.87396
694 G	0.08864	0.03596	0.8754
695 T	0.09228	0.02480	0.88292
696 T	0.09258	0.01891	0.8885
697 T	0.09260	0.01595	0.89145
698 T	0.09247	0.01446	0.89306
699 T	0.09128	0.01456	0.89416
700 T	0.08921	0.01546	0.89533
701 C	0.08630	0.01730	0.8964
702 A	0.08327	0.01995	0.89678
703 A	0.08134	0.02166	0.897
704 A	0.07975	0.02326	0.89699
705 T	0.07806	0.02494	0.897
706 A	0.07523	0.02797	0.89681
707 A	0.07333	0.02950	0.89716
708 A	0.07242	0.02969	0.89789
709 A	0.07195	0.02827	0.89977
710 T	0.07177	0.02616	0.90207
711 C	0.07138	0.02460	0.90401
712 T	0.07110	0.02465	0.90425
713 T	0.07076	0.02487	0.90437
714 T	0.06987	0.02572	0.9044
715 G	0.06837	0.02724	0.90439
716 C	0.06798	0.02763	0.9044
717 T	0.06779	0.02780	0.90441
718 A	0.06757	0.02811	0.90432
719 A	0.06759	0.02803	0.90437
720 T	0.06776	0.02764	0.9046
721 T	0.06784	0.02724	0.90493
722 T	0.06782	0.02519	0.90699
723 T	0.06771	0.02289	0.9094
724 T	0.06742	0.02047	0.91211
725 T	0.06694	0.01871	0.91435
726 A	0.06506	0.01921	0.91573
727 A	0.06364	0.01936	0.917
728 A	0.06346	0.01798	0.91857
729 A	0.06360	0.01538	0.92101
730 A	0.06366	0.01359	0.92276
731 A	0.06375	0.01240	0.92385
732 T	0.06393	0.01143	0.92463
733 T	0.06394	0.01091	0.92516
734 T	0.06392	0.01036	0.92572
735 T	0.06383	0.00999	0.92618
736 A	0.06368	0.00986	0.92646
737 G	0.06367	0.00915	0.92718
738 T	0.06372	0.00827	0.92801
739 T	0.06374	0.00827	0.92799
740 G	0.06376	0.00832	0.92791
741 T	0.06390	0.00830	0.9278
742 A	0.06391	0.00864	0.92745
743 T	0.06395	0.00862	0.92743
744 T	0.06396	0.00855	0.92749
745 T	0.06393	0.00856	0.92752
746 T	0.06384	0.00827	0.92788
747 T	0.06356	0.00819	0.92825
748 A	0.06238	0.00912	0.9285
749 A	0.06083	0.00920	0.92998
750 C	0.05995	0.00879	0.93126
751 G	0.05912	0.00951	0.93137
752 G	0.05859	0.01007	0.93133
753 T	0.05814	0.01061	0.93124
754 A	0.05771	0.01122	0.93108
755 T	0.05755	0.01138	0.93108
756 G	0.05708	0.01178	0.93114
757 A	0.05687	0.01193	0.93121
758 G	0.05683	0.01184	0.93133
759 C	0.05682	0.01170	0.93148
760 G	0.05684	0.01165	0.93151
761 C	0.05718	0.01130	0.93152
762 T	0.05760	0.01088	0.93151
763 T	0.05753	0.01096	0.9315
764 A	0.05705	0.01148	0.93147
765 T	0.05694	0.01155	0.9315
766 C	0.05594	0.01255	0.93152
767 G	0.05511	0.01334	0.93155
768 T	0.05485	0.01355	0.93159
769 A	0.05364	0.01479	0.93157
770 A	0.05244	0.01593	0.93163
771 T	0.05217	0.01541	0.93242
772 T	0.05123	0.01476	0.93401
773 T	0.04955	0.01555	0.93489
774 A	0.04730	0.01710	0.93561
775 A	0.04600	0.01805	0.93595
776 C	0.04376	0.01976	0.93648
777 T	0.04205	0.02155	0.9364
778 A	0.04062	0.02330	0.93609
779 A	0.03942	0.02460	0.93598
780 A	0.03841	0.02588	0.93572
781 T	0.03757	0.02739	0.93504
782 T	0.03686	0.02880	0.93434
783 A	0.03308	0.03398	0.93293
784 A	0.03106	0.03654	0.9324
785 A	0.02978	0.03843	0.93179
786 A	0.02897	0.03971	0.93132
787 G	0.02816	0.04038	0.93146
788 A	0.02772	0.04072	0.93156
789 T	0.02757	0.03977	0.93266
790 A	0.02732	0.03923	0.93345
791 A	0.02721	0.03874	0.93405
792 A	0.02713	0.03736	0.93551
793 C	0.02728	0.03528	0.93744
794 A	0.02734	0.03467	0.938
795 A	0.02733	0.03386	0.93882
796 G	0.02731	0.03245	0.94023
797 G	0.02743	0.03080	0.94176
798 T	0.02725	0.03029	0.94245
799 A	0.02643	0.02863	0.94494
800 C	0.02625	0.02646	0.94728
801 A	0.02589	0.02592	0.94819
802 A	0.02615	0.02472	0.94914
803 A	0.02652	0.02333	0.95016
804 C	0.02734	0.02144	0.95122
805 A	0.02837	0.02001	0.95163
806 T	0.03008	0.01474	0.95517
807 A	0.03058	0.01244	0.95698
808 G	0.03126	0.01038	0.95835
809 C	0.03211	0.00877	0.95912
810 T	0.03279	0.00721	0.96
811 T	0.03305	0.00645	0.9605
812 C	0.03304	0.00619	0.96077
813 T	0.03309	0.00608	0.96083
814 T	0.03300	0.00622	0.96078
815 C	0.03281	0.00638	0.9608
816 A	0.03271	0.00679	0.9605
817 A	0.03273	0.00697	0.9603
818 A	0.03285	0.00676	0.96038
819 A	0.03292	0.00652	0.96056
820 G	0.03307	0.00615	0.96077
821 T	0.03342	0.00509	0.96149
822 T	0.03360	0.00396	0.96243
823 A	0.03357	0.00351	0.96292
824 C	0.03364	0.00272	0.96364
825 T	0.03372	0.00257	0.96372
826 T	0.03371	0.00253	0.96376
827 T	0.03367	0.00259	0.96374
828 G	0.03356	0.00277	0.96367
829 A	0.03319	0.00334	0.96348
830 T	0.03296	0.00348	0.96357
831 T	0.03238	0.00406	0.96357
832 G	0.03190	0.00458	0.96353
833 A	0.03168	0.00495	0.96338
834 C	0.03162	0.00489	0.96349
835 G	0.03161	0.00484	0.96355
836 A	0.03172	0.00468	0.96359
837 T	0.03195	0.00438	0.96367
838 C	0.03208	0.00411	0.96381
839 C	0.03229	0.00386	0.96386
840 T	0.03245	0.00368	0.96387
841 T	0.03247	0.00366	0.96387
842 T	0.03240	0.00373	0.96387
843 A	0.03221	0.00392	0.96387
844 T	0.03203	0.00409	0.96388
845 G	0.03073	0.00532	0.96395
846 C	0.02897	0.00701	0.96402
847 A	0.02663	0.00939	0.96398
848 A	0.02435	0.01171	0.96394
849 A	0.02288	0.01316	0.96396
850 G	0.02209	0.01388	0.96403
851 A	0.02169	0.01419	0.96412
852 A	0.02166	0.01368	0.96466
853 G	0.02160	0.01335	0.96505
854 C	0.02164	0.01268	0.96568
855 A	0.02171	0.01234	0.96595
856 C	0.02188	0.01201	0.96611
857 T	0.02190	0.01197	0.96612
858 T	0.02189	0.01197	0.96615
859 T	0.02183	0.01202	0.96615
860 T	0.02165	0.01218	0.96617
861 T	0.02133	0.01251	0.96616
862 C	0.02070	0.01310	0.96621
863 A	0.02020	0.01383	0.96596
864 A	0.01985	0.01430	0.96584
865 T	0.01966	0.01444	0.9659
866 A	0.01929	0.01474	0.96598
867 T	0.01915	0.01473	0.96611
868 A	0.01904	0.01352	0.96744
869 A	0.01902	0.01175	0.96923
870 A	0.01905	0.00940	0.97155
871 T	0.01910	0.00695	0.97394
872 T	0.01911	0.00558	0.97531
873 T	0.01907	0.00490	0.97603
874 G	0.01895	0.00464	0.9764
875 A	0.01890	0.00452	0.97657
876 T	0.01886	0.00443	0.97671
877 G	0.01882	0.00441	0.97677
878 A	0.01880	0.00440	0.9768
879 T	0.01879	0.00437	0.97684
880 G	0.01875	0.00438	0.97687
881 A	0.01870	0.00441	0.97689
882 A	0.01858	0.00445	0.97697
883 G	0.01851	0.00434	0.97716
884 G	0.01850	0.00415	0.97735
885 G	0.01854	0.00394	0.97752
886 G	0.01881	0.00319	0.978
887 T	0.01901	0.00267	0.97832
888 T	0.01906	0.00248	0.97846
889 T	0.01908	0.00223	0.97869
890 C	0.01905	0.00217	0.97878
891 T	0.01903	0.00217	0.9788
892 T	0.01893	0.00231	0.97875
893 G	0.01880	0.00251	0.97869
894 T	0.01866	0.00282	0.97853
895 T	0.01815	0.00339	0.97846
896 A	0.01685	0.00474	0.9784
897 T	0.01573	0.00583	0.97844
898 A	0.01401	0.00774	0.97824
899 C	0.01353	0.00840	0.97808
900 T	0.01319	0.00936	0.97746
901 A	0.01263	0.01046	0.97691
902 A	0.01242	0.01086	0.97672
903 A	0.01238	0.01100	0.97663
904 A	0.01229	0.01110	0.9766
905 A	0.01230	0.01097	0.97673
906 A	0.01236	0.01084	0.9768
907 A	0.01254	0.01061	0.97684
908 T	0.01292	0.01019	0.97689
909 T	0.01296	0.01013	0.97691
910 A	0.01295	0.01018	0.97687
911 T	0.01296	0.01018	0.97686
912 T	0.01294	0.01020	0.97687
913 G	0.01288	0.01023	0.97689
914 A	0.01276	0.01034	0.97691
915 T	0.01270	0.01027	0.97704
916 A	0.01252	0.01027	0.97721
917 A	0.01262	0.00991	0.97748
918 A	0.01268	0.00904	0.97829
919 G	0.01277	0.00735	0.97988
920 G	0.01289	0.00594	0.98117
921 C	0.01325	0.00405	0.9827
922 G	0.01358	0.00355	0.98288
923 T	0.01429	0.00270	0.98301
924 T	0.01469	0.00214	0.98316
925 T	0.01477	0.00202	0.98321
926 T	0.01472	0.00207	0.98321
927 T	0.01450	0.00217	0.98333
928 A	0.01393	0.00276	0.9833
929 A	0.01327	0.00347	0.98326
930 A	0.01280	0.00410	0.9831
931 C	0.01270	0.00426	0.98304
932 A	0.01264	0.00488	0.98247
933 A	0.01265	0.00527	0.98208
934 T	0.01274	0.00542	0.98184
935 T	0.01276	0.00545	0.98179
936 T	0.01275	0.00543	0.98183
937 A	0.01273	0.00529	0.98198
938 T	0.01273	0.00515	0.98212
939 C	0.01255	0.00513	0.98233
940 C	0.01236	0.00530	0.98234
941 A	0.01193	0.00576	0.98231
942 T	0.01179	0.00592	0.98229
943 A	0.01162	0.00611	0.98227
944 A	0.01154	0.00619	0.98227
945 T	0.01158	0.00615	0.98227
946 T	0.01157	0.00611	0.98232
947 T	0.01152	0.00611	0.98237
948 A	0.01143	0.00615	0.98242
949 A	0.01141	0.00606	0.98253
950 A	0.01140	0.00584	0.98276
951 A	0.01147	0.00526	0.98326
952 A	0.01160	0.00451	0.9839
953 C	0.01185	0.00374	0.98441
954 A	0.01202	0.00349	0.9845
955 T	0.01262	0.00281	0.98458
956 C	0.01297	0.00240	0.98463
957 A	0.01319	0.00217	0.98464
958 C	0.01328	0.00205	0.98466
959 T	0.01332	0.00197	0.98472
960 T	0.01334	0.00191	0.98475
961 A	0.01335	0.00190	0.98475
962 T	0.01338	0.00166	0.98496
963 T	0.01339	0.00146	0.98514
964 T	0.01338	0.00099	0.98562
965 T	0.01337	0.00090	0.98573
966 T	0.01331	0.00092	0.98576
967 G	0.01321	0.00132	0.98547
968 A	0.01318	0.00155	0.98526
969 T	0.01318	0.00151	0.98531
970 G	0.01314	0.00148	0.98538
971 T	0.01314	0.00140	0.98546
972 T	0.01310	0.00141	0.98549
973 C	0.01307	0.00142	0.98551
974 C	0.01305	0.00143	0.98552
975 A	0.01303	0.00145	0.98552
976 C	0.01303	0.00146	0.98552
977 C	0.01302	0.00146	0.98552
978 T	0.01302	0.00147	0.98552
979 A	0.01301	0.00148	0.98552
980 C	0.01301	0.00148	0.98551
981 T	0.01300	0.00149	0.98551
982 G	0.01300	0.00149	0.98551
983 G	0.01300	0.00149	0.98551
984 T	0.01301	0.00147	0.98551
985 A	0.01301	0.00147	0.98552
986 A	0.01303	0.00142	0.98555
987 C	0.01309	0.00129	0.98562
988 A	0.01318	0.00118	0.98565
989 G	0.01332	0.00098	0.9857
990 T	0.01369	0.00054	0.98577
991 T	0.01389	0.00031	0.98579
992 T	0.01390	0.00029	0.98581
993 T	0.01390	0.00024	0.98587
994 T	0.01385	0.00026	0.98589
995 C	0.01380	0.00028	0.98592
996 T	0.01359	0.00051	0.9859
997 A	0.01329	0.00081	0.9859
998 A	0.01317	0.00092	0.9859
999 T	0.01310	0.00100	0.9859
1000 T	0.01291	0.00119	0.9859
1001 C	0.01271	0.00138	0.98591
1002 T	0.01259	0.00150	0.98591
1003 A	0.01247	0.00162	0.98591
1004 T	0.01241	0.00168	0.98592
1005 T	0.01232	0.00176	0.98592
1006 T	0.01216	0.00192	0.98593
1007 C	0.01183	0.00224	0.98593
1008 C	0.01141	0.00265	0.98593
1009 A	0.01102	0.00305	0.98593
1010 T	0.01078	0.00328	0.98593
1011 G	0.01052	0.00355	0.98593
1012 A	0.01037	0.00370	0.98593
1013 C	0.01031	0.00377	0.98593
1014 T	0.01026	0.00384	0.9859
1015 A	0.01018	0.00394	0.98588
1016 A	0.01012	0.00401	0.98587
1017 T	0.01011	0.00399	0.9859
1018 A	0.01009	0.00401	0.9859
1019 T	0.01009	0.00379	0.98612
1020 G	0.01005	0.00358	0.98638
1021 T	0.01005	0.00353	0.98642
1022 A	0.00997	0.00362	0.9864
1023 T	0.00993	0.00353	0.98654
1024 T	0.00983	0.00353	0.98664
1025 T	0.00972	0.00357	0.9867
1026 A	0.00931	0.00397	0.98672
1027 G	0.00891	0.00437	0.98672
1028 A	0.00861	0.00485	0.98653
1029 A	0.00843	0.00520	0.98637
1030 A	0.00795	0.00573	0.98633
1031 A	0.00731	0.00634	0.98634
1032 A	0.00689	0.00678	0.98633
1033 G	0.00662	0.00704	0.98635
1034 G	0.00646	0.00748	0.98607
1035 A	0.00637	0.00766	0.98597
1036 G	0.00633	0.00771	0.98596
1037 A	0.00633	0.00773	0.98594
1038 A	0.00634	0.00772	0.98594
1039 C	0.00636	0.00763	0.98601
1040 A	0.00638	0.00761	0.98601
1041 A	0.00644	0.00753	0.98602
1042 A	0.00650	0.00744	0.98606
1043 C	0.00660	0.00728	0.98613
1044 T	0.00672	0.00714	0.98615
1045 T	0.00680	0.00692	0.98628
1046 T	0.00684	0.00679	0.98637
1047 C	0.00681	0.00669	0.98649
1048 G	0.00677	0.00670	0.98652
1049 A	0.00680	0.00636	0.98683
1050 A	0.00689	0.00598	0.98714
1051 G	0.00712	0.00552	0.98737
1052 A	0.00742	0.00517	0.9874
1053 A	0.00778	0.00440	0.98781
1054 A	0.00820	0.00348	0.98831
1055 T	0.00861	0.00267	0.98871
1056 G	0.00879	0.00235	0.98886
1057 A	0.00920	0.00183	0.98897
1058 T	0.00944	0.00150	0.98907
1059 T	0.00949	0.00141	0.9891
1060 A	0.00950	0.00138	0.98913
1061 C	0.00954	0.00130	0.98916
1062 T	0.00953	0.00131	0.98915
1063 T	0.00949	0.00136	0.98915
1064 C	0.00946	0.00140	0.98915
1065 T	0.00943	0.00144	0.98913
1066 A	0.00937	0.00153	0.9891
1067 T	0.00934	0.00155	0.98911
1068 C	0.00930	0.00159	0.9891
1069 A	0.00910	0.00180	0.9891
1070 A	0.00901	0.00185	0.98914
1071 C	0.00893	0.00187	0.9892
1072 G	0.00885	0.00194	0.98921
1073 A	0.00883	0.00197	0.98921
1074 A	0.00883	0.00194	0.98923
1075 G	0.00891	0.00184	0.98925
1076 G	0.00906	0.00168	0.98927
1077 T	0.00924	0.00145	0.98931
1078 G	0.00928	0.00139	0.98933
1079 T	0.00938	0.00126	0.98937
1080 T	0.00940	0.00122	0.98938
1081 T	0.00941	0.00121	0.98938
1082 A	0.00941	0.00119	0.98941
1083 T	0.00941	0.00114	0.98945
1084 A	0.00940	0.00112	0.98948
1085 T	0.00941	0.00107	0.98952
1086 C	0.00942	0.00100	0.98958
1087 G	0.00942	0.00098	0.98961
1088 A	0.00943	0.00095	0.98962
1089 T	0.00946	0.00089	0.98965
1090 T	0.00946	0.00088	0.98966
1091 A	0.00946	0.00088	0.98966
1092 T	0.00945	0.00072	0.98983
1093 A	0.00943	0.00067	0.98991
1094 T	0.00942	0.00058	0.99
1095 A	0.00938	0.00055	0.99007
1096 A	0.00935	0.00054	0.99011
1097 T	0.00935	0.00050	0.99016
1098 T	0.00933	0.00050	0.99017
1099 G	0.00927	0.00057	0.99017
1100 G	0.00925	0.00059	0.99016
1101 T	0.00925	0.00059	0.99016
1102 T	0.00924	0.00061	0.99016
1103 T	0.00919	0.00065	0.99016
1104 T	0.00906	0.00080	0.99015
1105 C	0.00888	0.00097	0.99015
1106 A	0.00873	0.00114	0.99013
1107 T	0.00862	0.00126	0.99013
1108 G	0.00844	0.00145	0.99011
1109 C	0.00836	0.00154	0.9901
1110 A	0.00828	0.00167	0.99005
1111 G	0.00823	0.00180	0.98997
1112 G	0.00821	0.00185	0.98994
1113 A	0.00822	0.00187	0.9899
1114 A	0.00824	0.00186	0.9899
1115 T	0.00829	0.00180	0.98992
1116 T	0.00831	0.00176	0.98994
1117 A	0.00830	0.00177	0.98993
1118 A	0.00831	0.00172	0.98997
1119 T	0.00832	0.00167	0.99001
1120 G	0.00832	0.00165	0.99003
1121 A	0.00833	0.00162	0.99005
1122 T	0.00834	0.00155	0.99011
1123 A	0.00835	0.00152	0.99013
1124 T	0.00835	0.00149	0.99016
1125 A	0.00834	0.00146	0.99019
1126 A	0.00835	0.00139	0.99026
1127 G	0.00835	0.00122	0.99043
1128 T	0.00836	0.00102	0.99062
1129 G	0.00838	0.00087	0.99076
1130 G	0.00839	0.00075	0.99086
1131 T	0.00842	0.00061	0.99098
1132 G	0.00844	0.00058	0.99099
1133 A	0.00849	0.00049	0.99102
1134 T	0.00858	0.00036	0.99106
1135 T	0.00861	0.00032	0.99107
1136 T	0.00863	0.00031	0.99107
1137 T	0.00862	0.00031	0.99107
1138 A	0.00859	0.00034	0.99107
1139 G	0.00857	0.00035	0.99107
1140 T	0.00857	0.00035	0.99109
1141 C	0.00852	0.00039	0.99109
1142 T	0.00848	0.00044	0.99109
1143 T	0.00835	0.00056	0.99109
1144 C	0.00807	0.00084	0.99109
1145 A	0.00792	0.00100	0.99108
1146 A	0.00778	0.00115	0.99107
1147 G	0.00767	0.00125	0.99108
1148 C	0.00764	0.00128	0.99109
1149 T	0.00761	0.00130	0.99109
1150 G	0.00755	0.00137	0.99108
1151 C	0.00754	0.00138	0.99107
1152 T	0.00755	0.00142	0.99104
1153 G	0.00753	0.00149	0.99097
1154 G	0.00754	0.00157	0.99088
1155 T	0.00757	0.00171	0.99071
1156 T	0.00758	0.00189	0.99053
1157 T	0.00756	0.00204	0.9904
1158 T	0.00747	0.00231	0.99021
1159 A	0.00741	0.00271	0.98989
1160 A	0.00737	0.00288	0.98976
1161 A	0.00733	0.00301	0.98967
1162 A	0.00729	0.00321	0.98949
1163 T	0.00727	0.00340	0.98933
1164 A	0.00717	0.00377	0.98906
1165 G	0.00712	0.00400	0.98888
1166 A	0.00709	0.00410	0.98881
1167 A	0.00707	0.00406	0.98887
1168 A	0.00707	0.00403	0.9889
1169 A	0.00706	0.00394	0.98899
1170 G	0.00704	0.00388	0.98908
1171 G	0.00702	0.00397	0.98901
1172 G	0.00700	0.00413	0.98888
1173 T	0.00699	0.00455	0.98846
1174 A	0.00696	0.00506	0.98798
1175 A	0.00699	0.00556	0.98744
1176 A	0.00705	0.00605	0.9869
1177 A	0.00718	0.00596	0.98686
1178 T	0.00739	0.00573	0.98688
1179 T	0.00760	0.00553	0.98687
1180 A	0.00765	0.00546	0.98688
1181 C	0.00778	0.00526	0.98695
1182 T	0.00802	0.00500	0.98698
1183 A	0.00804	0.00495	0.987
1184 A	0.00812	0.00484	0.98703
1185 A	0.00831	0.00462	0.98707
1186 C	0.00855	0.00435	0.9871
1187 C	0.00890	0.00390	0.98719
1188 T	0.00918	0.00361	0.98722
1189 G	0.00931	0.00347	0.98722
1190 T	0.00947	0.00332	0.98721
1191 T	0.00950	0.00331	0.98719
1192 A	0.00945	0.00343	0.98713
1193 A	0.00945	0.00342	0.98714
1194 A	0.00958	0.00325	0.98717
1195 A	0.00975	0.00304	0.98721
1196 T	0.01025	0.00249	0.98726
1197 G	0.01067	0.00202	0.98731
1198 A	0.01120	0.00147	0.98733
1199 T	0.01174	0.00091	0.98735
1200 T	0.01180	0.00083	0.98737
1201 A	0.01181	0.00081	0.98737
1202 T	0.01183	0.00077	0.9874
1203 T	0.01184	0.00072	0.98744
1204 G	0.01184	0.00068	0.98748
1205 T	0.01185	0.00065	0.98751
1206 T	0.01184	0.00061	0.98755
1207 T	0.01182	0.00060	0.98757
1208 C	0.01180	0.00061	0.98759
1209 T	0.01178	0.00063	0.98759
1210 G	0.01176	0.00065	0.98759
1211 G	0.01176	0.00065	0.98759
1212 T	0.01178	0.00063	0.98758
1213 A	0.01179	0.00063	0.98758
1214 A	0.01181	0.00056	0.98763
1215 T	0.01188	0.00040	0.98772
1216 T	0.01190	0.00033	0.98778
1217 T	0.01191	0.00029	0.9878
1218 T	0.01191	0.00028	0.98781
1219 T	0.01190	0.00028	0.98782
1220 T	0.01189	0.00030	0.98781
1221 T	0.01187	0.00036	0.98777
1222 G	0.01183	0.00047	0.9877
1223 A	0.01182	0.00057	0.98761
1224 T	0.01182	0.00066	0.98752
1225 A	0.01181	0.00074	0.98744
1226 T	0.01181	0.00081	0.98737
1227 T	0.01180	0.00087	0.98732
1228 T	0.01180	0.00094	0.98725
1229 T	0.01179	0.00101	0.9872
1230 A	0.01178	0.00111	0.98711
1231 T	0.01177	0.00119	0.98704
1232 T	0.01176	0.00135	0.98688
1233 A	0.01173	0.00172	0.98654
1234 A	0.01171	0.00219	0.98609
1235 A	0.01171	0.00237	0.98592
1236 T	0.01171	0.00245	0.98583
1237 T	0.01169	0.00256	0.98575
1238 T	0.01163	0.00274	0.98562
1239 A	0.01154	0.00302	0.98544
1240 A	0.01149	0.00317	0.98534
1241 A	0.01143	0.00334	0.98523
1242 A	0.01142	0.00340	0.98518
1243 G	0.01144	0.00340	0.98516
1244 G	0.01150	0.00335	0.98516
1245 G	0.01158	0.00328	0.98514
1246 A	0.01168	0.00319	0.98513
1247 T	0.01180	0.00308	0.98513
1248 A	0.01188	0.00301	0.98511
1249 T	0.01198	0.00291	0.98511
1250 C	0.01204	0.00284	0.98512
1251 T	0.01210	0.00277	0.98513
1252 A	0.01213	0.00275	0.98513
1253 A	0.01221	0.00265	0.98513
1254 C	0.01230	0.00255	0.98515
1255 G	0.01247	0.00239	0.98514
1256 A	0.01284	0.00200	0.98515
1257 T	0.01339	0.00144	0.98517
1258 T	0.01358	0.00125	0.98518
1259 T	0.01365	0.00118	0.98518
1260 A	0.01369	0.00111	0.9852
1261 G	0.01377	0.00096	0.98527
1262 T	0.01392	0.00072	0.98535
1263 A	0.01400	0.00060	0.9854
1264 T	0.01414	0.00040	0.98545
1265 T	0.01421	0.00032	0.98547
1266 C	0.01423	0.00030	0.98547
1267 C	0.01424	0.00029	0.98547
1268 A	0.01427	0.00028	0.98546
1269 A	0.01428	0.00028	0.98544
1270 T	0.01430	0.00026	0.98544
1271 T	0.01433	0.00024	0.98543
1272 T	0.01433	0.00024	0.98543
1273 T	0.01431	0.00025	0.98544
1274 C	0.01428	0.00027	0.98545
1275 A	0.01426	0.00029	0.98545
1276 G	0.01425	0.00030	0.98545
1277 G	0.01425	0.00030	0.98545
1278 T	0.01427	0.00028	0.98545
1279 T	0.01428	0.00028	0.98545
1280 T	0.01428	0.00028	0.98544
1281 T	0.01428	0.00029	0.98543
1282 G	0.01428	0.00033	0.98539
1283 G	0.01428	0.00038	0.98535
1284 A	0.01428	0.00039	0.98533
1285 A	0.01428	0.00040	0.98532
1286 G	0.01428	0.00039	0.98534
1287 T	0.01429	0.00038	0.98533
1288 C	0.01429	0.00037	0.98535
1289 C	0.01429	0.00037	0.98534
1290 T	0.01430	0.00037	0.98533
1291 A	0.01430	0.00038	0.98531
1292 G	0.01431	0.00039	0.98529
1293 T	0.01432	0.00043	0.98526
1294 G	0.01431	0.00046	0.98523
1295 T	0.01432	0.00046	0.98522
1296 T	0.01431	0.00048	0.98521
1297 T	0.01429	0.00047	0.98523
1298 A	0.01428	0.00048	0.98525
1299 T	0.01426	0.00048	0.98526
1300 G	0.01424	0.00051	0.98525
1301 C	0.01422	0.00052	0.98526
1302 C	0.01418	0.00059	0.98524
1303 G	0.01408	0.00081	0.98511
1304 G	0.01402	0.00113	0.98485
1305 A	0.01397	0.00159	0.98444
1306 G	0.01396	0.00221	0.98384
1307 A	0.01395	0.00266	0.98339
1308 T	0.01395	0.00288	0.98317
1309 T	0.01390	0.00299	0.98311
1310 T	0.01389	0.00303	0.98308
1311 A	0.01384	0.00310	0.98306
1312 A	0.01382	0.00313	0.98305
1313 C	0.01383	0.00312	0.98305
1314 A	0.01384	0.00312	0.98305
1315 A	0.01386	0.00309	0.98305
1316 T	0.01392	0.00304	0.98305
1317 T	0.01394	0.00301	0.98306
1318 G	0.01395	0.00299	0.98306
1319 C	0.01398	0.00294	0.98308
1320 T	0.01398	0.00292	0.98309
1321 G	0.01399	0.00290	0.98311
1322 G	0.01399	0.00288	0.98312
1323 T	0.01402	0.00284	0.98315
1324 G	0.01403	0.00281	0.98316
1325 A	0.01407	0.00272	0.98321
1326 A	0.01423	0.00247	0.98331
1327 A	0.01451	0.00211	0.98337
1328 A	0.01495	0.00159	0.98347
