# lcl|CP097583.1_cds_USQ93354.1_1
# AA	inside	membr	outside
1 A	0.42350	0.00000	0.5765
2 T	0.42316	0.00034	0.5765
3 G	0.42292	0.00057	0.5765
4 A	0.42292	0.00141	0.57566
5 A	0.42156	0.00366	0.57477
6 A	0.42156	0.00367	0.57476
7 C	0.41785	0.00739	0.57476
8 C	0.41785	0.00739	0.57475
9 A	0.41763	0.00764	0.57473
10 C	0.41762	0.00930	0.57308
11 A	0.41757	0.00962	0.57281
12 T	0.41703	0.01028	0.57269
13 T	0.41520	0.01294	0.57186
14 T	0.41520	0.01294	0.57186
15 T	0.41520	0.03609	0.54871
16 T	0.41232	0.03897	0.54871
17 T	0.40638	0.04537	0.54825
18 A	0.40602	0.04642	0.54755
19 T	0.40132	0.05118	0.54751
20 A	0.37990	0.07334	0.54676
21 T	0.36161	0.09156	0.54682
22 T	0.35972	0.09340	0.54688
23 C	0.35726	0.09563	0.54711
24 T	0.35574	0.09718	0.54708
25 A	0.35349	0.09938	0.54713
26 A	0.35139	0.10159	0.54702
27 C	0.35059	0.10209	0.54733
28 T	0.35009	0.10221	0.54769
29 T	0.34774	0.10465	0.54761
30 A	0.34587	0.10479	0.54934
31 C	0.34459	0.10618	0.54923
32 A	0.34342	0.10801	0.54857
33 T	0.34459	0.10709	0.54832
34 A	0.34369	0.10838	0.54793
35 A	0.34349	0.10829	0.54821
36 A	0.34387	0.10671	0.54942
37 A	0.34448	0.10417	0.55134
38 G	0.36434	0.08034	0.55533
39 T	0.36516	0.07209	0.56275
40 T	0.36591	0.06177	0.57232
41 T	0.36583	0.05713	0.57704
42 T	0.36444	0.05645	0.5791
43 T	0.36242	0.04995	0.58763
44 G	0.35360	0.05243	0.59397
45 G	0.35123	0.05586	0.59291
46 A	0.34928	0.06014	0.59058
47 A	0.34850	0.06217	0.58932
48 A	0.34832	0.06075	0.59093
49 A	0.34833	0.05859	0.59307
50 G	0.34840	0.05637	0.59523
51 A	0.34864	0.05420	0.59716
52 C	0.34923	0.05060	0.60017
53 T	0.34976	0.04901	0.60123
54 A	0.35004	0.04804	0.60192
55 T	0.35070	0.04668	0.60263
56 T	0.35102	0.04635	0.60262
57 T	0.35117	0.04734	0.60149
58 T	0.35100	0.04817	0.60083
59 T	0.35050	0.05019	0.59932
60 G	0.34894	0.05531	0.59575
61 A	0.34806	0.05923	0.5927
62 G	0.34791	0.06056	0.59154
63 A	0.34823	0.06320	0.58857
64 A	0.35031	0.06052	0.58917
65 T	0.35645	0.05263	0.59091
66 T	0.36099	0.04590	0.59311
67 T	0.36373	0.03680	0.59946
68 G	0.36477	0.03411	0.60112
69 T	0.36697	0.03064	0.60239
70 G	0.36795	0.02913	0.60292
71 T	0.36832	0.02857	0.60311
72 T	0.36795	0.02882	0.60323
73 T	0.36681	0.02993	0.60326
74 C	0.36469	0.03230	0.60301
75 T	0.36192	0.03690	0.60118
76 A	0.35886	0.04492	0.59622
77 A	0.35751	0.04964	0.59285
78 A	0.35714	0.05432	0.58854
79 A	0.35769	0.05615	0.58616
80 T	0.35994	0.05457	0.5855
81 A	0.36180	0.05372	0.58448
82 A	0.36433	0.05066	0.585
83 T	0.36912	0.04444	0.58644
84 T	0.37195	0.04083	0.58722
85 A	0.37298	0.03952	0.5875
86 C	0.37590	0.03635	0.58775
87 T	0.37715	0.03508	0.58777
88 T	0.37742	0.03487	0.58771
89 C	0.37745	0.03506	0.58749
90 T	0.37755	0.03555	0.5869
91 T	0.37753	0.03642	0.58605
92 T	0.37740	0.03760	0.585
93 A	0.37710	0.03870	0.58419
94 A	0.37702	0.03892	0.58405
95 T	0.37713	0.03744	0.58543
96 G	0.37681	0.03597	0.58722
97 G	0.37707	0.03352	0.58941
98 G	0.37899	0.02901	0.592
99 G	0.38362	0.02200	0.59438
100 G	0.38706	0.01771	0.59522
101 T	0.39203	0.01243	0.59554
102 T	0.39440	0.01016	0.59543
103 T	0.39516	0.00979	0.59504
104 A	0.39571	0.01027	0.59402
105 T	0.39569	0.01152	0.59279
106 T	0.39552	0.01311	0.59136
107 T	0.39490	0.01721	0.58789
108 A	0.39442	0.02044	0.58514
109 A	0.39393	0.02142	0.58464
110 G	0.39371	0.02169	0.5846
111 A	0.39374	0.02178	0.58448
112 T	0.39436	0.02098	0.58466
113 C	0.39498	0.02020	0.58482
114 T	0.39581	0.01941	0.58479
115 T	0.39640	0.01885	0.58476
116 T	0.39654	0.01873	0.58473
117 T	0.39595	0.01954	0.58451
118 T	0.39454	0.02105	0.58441
119 T	0.39155	0.02387	0.58458
120 T	0.38548	0.03012	0.58441
121 T	0.37036	0.04541	0.58422
122 C	0.33311	0.08299	0.5839
123 T	0.31158	0.10552	0.5829
124 A	0.28418	0.13399	0.58183
125 A	0.26758	0.15104	0.58138
126 A	0.25856	0.16013	0.58131
127 A	0.25288	0.16581	0.58131
128 T	0.25073	0.16769	0.58157
129 A	0.24068	0.17752	0.5818
130 C	0.23768	0.17989	0.58243
131 A	0.23477	0.18291	0.58232
132 T	0.23187	0.18581	0.58231
133 A	0.22231	0.19678	0.58091
134 T	0.21718	0.20236	0.58046
135 T	0.19459	0.22599	0.57941
136 A	0.13415	0.28805	0.57781
137 A	0.10778	0.31512	0.5771
138 A	0.08372	0.33949	0.57679
139 A	0.07491	0.34743	0.57767
140 A	0.06503	0.35503	0.57994
141 A	0.05804	0.35788	0.58408
142 G	0.05481	0.35251	0.59267
143 T	0.05429	0.34287	0.60284
144 A	0.05306	0.32867	0.61827
145 G	0.05264	0.29664	0.65072
146 T	0.05287	0.28360	0.66353
147 T	0.05212	0.27466	0.67322
148 A	0.04853	0.28649	0.66497
149 A	0.04670	0.29337	0.65993
150 A	0.04566	0.29430	0.66004
151 A	0.04493	0.29443	0.66064
152 G	0.04447	0.28601	0.66951
153 A	0.04431	0.28020	0.67549
154 A	0.04458	0.27363	0.68179
155 A	0.04503	0.26648	0.68848
156 T	0.04691	0.25133	0.70176
157 A	0.04758	0.24296	0.70945
158 A	0.04869	0.21378	0.73753
159 T	0.05038	0.15359	0.79603
160 A	0.05110	0.13385	0.81506
161 T	0.05181	0.11762	0.83057
162 A	0.05212	0.11697	0.83091
163 G	0.05263	0.11236	0.83501
164 A	0.05357	0.11745	0.82897
165 T	0.05577	0.12226	0.82197
166 T	0.05793	0.14022	0.80185
167 T	0.06044	0.18115	0.75842
168 A	0.06115	0.24130	0.69754
169 A	0.06523	0.25955	0.67522
170 A	0.07139	0.26720	0.66142
171 T	0.08936	0.25036	0.66029
172 T	0.10019	0.24399	0.65583
173 T	0.10466	0.24566	0.64968
174 A	0.10658	0.24403	0.64939
175 T	0.10820	0.24247	0.64932
176 T	0.10883	0.24189	0.64928
177 T	0.10770	0.24324	0.64905
178 C	0.10434	0.24763	0.64803
179 G	0.10266	0.25164	0.6457
180 A	0.09793	0.26160	0.64047
181 A	0.09300	0.26766	0.63934
182 A	0.08866	0.27249	0.63885
183 A	0.08763	0.27395	0.63842
184 A	0.09074	0.27137	0.63789
185 C	0.09737	0.26480	0.63782
186 A	0.10446	0.25808	0.63747
187 A	0.11888	0.24380	0.63732
188 A	0.13501	0.22767	0.63732
189 A	0.16260	0.19996	0.63744
190 T	0.21787	0.14440	0.63773
191 T	0.27363	0.08676	0.63961
192 T	0.29315	0.06660	0.64025
193 T	0.30327	0.05600	0.64073
194 C	0.30596	0.05282	0.64121
195 T	0.30930	0.04926	0.64144
196 T	0.31205	0.04611	0.64184
197 C	0.31237	0.04544	0.64219
198 T	0.31295	0.04479	0.64226
199 T	0.31322	0.04454	0.64224
200 A	0.31239	0.04447	0.64314
201 T	0.31240	0.04143	0.64617
202 A	0.30994	0.04289	0.64717
203 A	0.30996	0.03719	0.65285
204 T	0.31053	0.03041	0.65906
205 G	0.30998	0.02567	0.66434
206 A	0.30994	0.02351	0.66654
207 T	0.31036	0.02273	0.66691
208 T	0.30961	0.02802	0.66237
209 T	0.30804	0.03360	0.65836
210 T	0.30221	0.04571	0.65209
211 T	0.29523	0.05354	0.65123
212 T	0.28630	0.06445	0.64925
213 T	0.27316	0.07825	0.64859
214 A	0.26130	0.09103	0.64767
215 C	0.25618	0.09639	0.64743
216 A	0.25191	0.10073	0.64736
217 C	0.24961	0.10301	0.64738
218 G	0.24800	0.10474	0.64726
219 T	0.24633	0.10648	0.64719
220 C	0.24388	0.10899	0.64713
221 A	0.24266	0.11037	0.64697
222 A	0.24180	0.11127	0.64693
223 T	0.24140	0.11045	0.64815
224 A	0.23827	0.11274	0.64899
225 T	0.23664	0.11104	0.65232
226 A	0.23085	0.11407	0.65508
227 A	0.22745	0.11859	0.65396
228 A	0.22431	0.12413	0.65155
229 A	0.22085	0.13201	0.64714
230 A	0.22091	0.13234	0.64674
231 T	0.22560	0.12615	0.64825
232 A	0.22860	0.12051	0.65089
233 T	0.23354	0.10847	0.65799
234 A	0.23367	0.10082	0.66551
235 A	0.23500	0.08912	0.67589
236 C	0.23569	0.07421	0.6901
237 T	0.23669	0.06612	0.6972
238 T	0.23691	0.06303	0.70006
239 T	0.23691	0.06111	0.70198
240 T	0.23664	0.06061	0.70276
241 T	0.23603	0.06080	0.70317
242 G	0.23414	0.06144	0.70441
243 T	0.23185	0.06307	0.70509
244 A	0.22892	0.06895	0.70214
245 A	0.22735	0.07185	0.7008
246 A	0.22704	0.07217	0.70078
247 G	0.22714	0.06906	0.7038
248 A	0.22749	0.06705	0.70546
249 A	0.22925	0.06003	0.71073
250 A	0.23172	0.05419	0.71408
251 A	0.23573	0.04645	0.71782
252 T	0.24152	0.03486	0.72363
253 T	0.24328	0.03055	0.72617
254 C	0.24403	0.02846	0.72751
255 T	0.24441	0.02787	0.72771
256 G	0.24457	0.02809	0.72735
257 T	0.24490	0.02827	0.72682
258 T	0.24517	0.02949	0.72534
259 T	0.24527	0.03235	0.72237
260 T	0.24516	0.03759	0.71725
261 T	0.24403	0.05230	0.70366
262 A	0.24152	0.06304	0.69544
263 T	0.24140	0.07001	0.68858
264 A	0.24076	0.07203	0.6872
265 A	0.24136	0.06978	0.68886
266 G	0.24302	0.06562	0.69136
267 T	0.24748	0.05866	0.69386
268 C	0.24913	0.05586	0.69501
269 C	0.25021	0.05488	0.69491
270 T	0.25079	0.05535	0.69386
271 T	0.25060	0.05658	0.69282
272 G	0.24982	0.05807	0.6921
273 T	0.24922	0.05923	0.69155
274 G	0.24856	0.06071	0.69073
275 A	0.24763	0.06296	0.68941
276 A	0.24672	0.06538	0.6879
277 G	0.24615	0.06666	0.68719
278 G	0.24594	0.06747	0.68659
279 A	0.24526	0.06967	0.68507
280 A	0.24531	0.07140	0.68329
281 A	0.24706	0.06964	0.6833
282 A	0.25065	0.06577	0.68357
283 A	0.25650	0.05926	0.68423
284 T	0.27023	0.04373	0.68604
285 C	0.27658	0.03500	0.68842
286 A	0.28179	0.02982	0.6884
287 C	0.28349	0.02772	0.68879
288 T	0.28351	0.02786	0.68864
289 A	0.28305	0.02881	0.68814
290 T	0.28339	0.02860	0.68801
291 T	0.28336	0.02858	0.68806
292 C	0.28300	0.02875	0.68825
293 T	0.28323	0.02821	0.68856
294 T	0.28281	0.02809	0.68909
295 T	0.28059	0.02968	0.68973
296 C	0.27729	0.03267	0.69005
297 G	0.27592	0.03418	0.68991
298 A	0.27615	0.03392	0.68994
299 T	0.27747	0.03202	0.69051
300 T	0.27770	0.03156	0.69073
301 A	0.27730	0.03203	0.69067
302 A	0.27782	0.03029	0.69189
303 T	0.27772	0.02938	0.69289
304 A	0.27367	0.03326	0.69306
305 A	0.27183	0.03504	0.69313
306 A	0.27018	0.03669	0.69313
307 G	0.26874	0.03870	0.69256
308 A	0.26739	0.04104	0.69157
309 T	0.26703	0.04205	0.69092
310 A	0.26637	0.04347	0.69015
311 G	0.26634	0.04343	0.69023
312 T	0.26683	0.04359	0.68958
313 A	0.26637	0.04540	0.68822
314 T	0.26656	0.04479	0.68865
315 T	0.26645	0.04428	0.68926
316 T	0.26585	0.04377	0.69038
317 A	0.26489	0.04365	0.69146
318 T	0.26464	0.04142	0.69393
319 T	0.26387	0.03963	0.69651
320 C	0.26314	0.03907	0.69779
321 T	0.26290	0.03947	0.69763
322 A	0.26137	0.04163	0.697
323 T	0.25806	0.04544	0.6965
324 T	0.24933	0.05501	0.69567
325 A	0.23661	0.07028	0.69311
326 A	0.23010	0.07689	0.693
327 A	0.22655	0.07883	0.69462
328 A	0.22458	0.08127	0.69415
329 A	0.22446	0.08039	0.69515
330 A	0.22554	0.07817	0.69629
331 G	0.22733	0.07503	0.69765
332 T	0.22935	0.07221	0.69844
333 T	0.23067	0.07043	0.69891
334 A	0.23126	0.06977	0.69897
335 A	0.23248	0.06842	0.6991
336 T	0.23424	0.06576	0.69999
337 T	0.23475	0.06480	0.70045
338 A	0.23489	0.06448	0.70063
339 T	0.23514	0.06350	0.70136
340 C	0.23501	0.06311	0.70188
341 A	0.23499	0.06447	0.70054
342 T	0.23531	0.06437	0.70031
343 T	0.23511	0.06555	0.69933
344 T	0.23498	0.06637	0.69865
345 A	0.23430	0.06835	0.69734
346 A	0.23470	0.06509	0.70021
347 G	0.23590	0.05467	0.70943
348 T	0.23880	0.04011	0.7211
349 G	0.24024	0.03359	0.72617
350 A	0.24243	0.02906	0.72851
351 T	0.24507	0.02505	0.72987
352 C	0.24598	0.02479	0.72923
353 T	0.24668	0.02914	0.72418
354 T	0.24713	0.03351	0.71936
355 T	0.24730	0.03991	0.71279
356 T	0.24713	0.04861	0.70427
357 A	0.24544	0.05935	0.6952
358 A	0.24425	0.06355	0.6922
359 A	0.24340	0.06582	0.69077
360 A	0.24041	0.06944	0.69014
361 A	0.23891	0.07116	0.68993
362 A	0.23900	0.07111	0.6899
363 T	0.23975	0.07001	0.69024
364 A	0.24030	0.06916	0.69053
365 A	0.24137	0.06778	0.69085
366 T	0.24321	0.06531	0.69147
367 A	0.24417	0.06384	0.69199
368 C	0.24597	0.06106	0.69297
369 T	0.24813	0.05869	0.69318
370 T	0.24874	0.05799	0.69327
371 T	0.24841	0.05829	0.6933
372 A	0.24795	0.05872	0.69333
373 C	0.24825	0.05838	0.69337
374 C	0.24921	0.05736	0.69343
375 A	0.25207	0.05447	0.69345
376 T	0.26130	0.04519	0.69351
377 C	0.26979	0.03664	0.69357
378 T	0.27737	0.02905	0.69358
379 T	0.28264	0.02357	0.69379
380 T	0.28652	0.01806	0.69542
381 A	0.28752	0.01615	0.69634
382 T	0.28833	0.01459	0.69708
383 T	0.28843	0.01110	0.70046
384 T	0.28819	0.00934	0.70247
385 A	0.28735	0.00943	0.70322
386 T	0.28696	0.00896	0.70409
387 G	0.28601	0.00896	0.70504
388 G	0.28554	0.00907	0.70539
389 A	0.28540	0.00925	0.70535
390 T	0.28548	0.00891	0.70561
391 G	0.28543	0.00879	0.70578
392 G	0.28545	0.00871	0.70584
393 T	0.28547	0.00865	0.70588
394 T	0.28546	0.00866	0.70587
395 A	0.28541	0.00845	0.70614
396 T	0.28540	0.00831	0.7063
397 T	0.28538	0.00846	0.70616
398 T	0.28534	0.00856	0.7061
399 C	0.28524	0.00886	0.7059
400 G	0.28521	0.00952	0.70527
401 T	0.28521	0.01042	0.70436
402 A	0.28513	0.01228	0.70259
403 A	0.28510	0.01394	0.70095
404 T	0.28522	0.01436	0.70042
405 T	0.28525	0.01465	0.7001
406 T	0.28418	0.01707	0.69875
407 T	0.28212	0.01976	0.69812
408 A	0.28088	0.02258	0.69654
409 A	0.28007	0.02598	0.69394
410 G	0.27957	0.02758	0.69285
411 A	0.27942	0.02934	0.69124
412 T	0.27963	0.03094	0.68942
413 T	0.27901	0.03383	0.68715
414 A	0.27753	0.03573	0.68673
415 A	0.27670	0.03662	0.68668
416 G	0.27562	0.03772	0.68666
417 A	0.27472	0.03866	0.68661
418 C	0.27461	0.03870	0.68668
419 C	0.27457	0.03872	0.6867
420 T	0.27489	0.03843	0.68668
421 A	0.27453	0.03881	0.68666
422 T	0.27476	0.03855	0.68669
423 C	0.27494	0.03837	0.68668
424 G	0.27549	0.03786	0.68664
425 A	0.27704	0.03625	0.68671
426 T	0.27908	0.03405	0.68687
427 T	0.27960	0.03343	0.68696
428 A	0.28014	0.03279	0.68708
429 T	0.28189	0.02961	0.6885
430 C	0.28187	0.02747	0.69067
431 A	0.28343	0.02501	0.69156
432 T	0.28658	0.02114	0.69228
433 C	0.28800	0.01935	0.69264
434 G	0.28920	0.01819	0.69261
435 T	0.29059	0.01693	0.69248
436 T	0.29195	0.01498	0.69308
437 A	0.29182	0.01397	0.69421
438 T	0.29187	0.01321	0.69492
439 A	0.29181	0.01196	0.69623
440 T	0.29188	0.01019	0.69794
441 T	0.29167	0.00970	0.69863
442 T	0.29124	0.00957	0.69918
443 T	0.28858	0.01197	0.69945
444 C	0.28031	0.02011	0.69958
445 A	0.26653	0.03476	0.69871
446 T	0.25774	0.04416	0.6981
447 T	0.24811	0.05474	0.69715
448 G	0.22541	0.07969	0.6949
449 A	0.20715	0.10242	0.69043
450 T	0.19122	0.12111	0.68767
451 G	0.15002	0.16689	0.68309
452 A	0.13577	0.18405	0.68019
453 A	0.12999	0.19072	0.67929
454 G	0.12784	0.19324	0.67892
455 G	0.12700	0.19469	0.67832
456 T	0.12678	0.19475	0.67847
457 A	0.12604	0.19545	0.67851
458 T	0.12565	0.19563	0.67872
459 T	0.12338	0.19797	0.67866
460 C	0.11537	0.20698	0.67764
461 A	0.10646	0.22134	0.67221
462 A	0.09636	0.23700	0.66664
463 A	0.09035	0.24544	0.66421
464 A	0.08649	0.25035	0.66316
465 A	0.08137	0.25614	0.66248
466 A	0.07487	0.25930	0.66582
467 A	0.07112	0.25404	0.67483
468 A	0.06949	0.24057	0.68994
469 G	0.06914	0.22989	0.70097
470 A	0.07006	0.22387	0.70607
471 A	0.07235	0.21025	0.7174
472 A	0.07691	0.19892	0.72418
473 A	0.08055	0.18661	0.73284
474 T	0.08597	0.14873	0.76529
475 T	0.08850	0.14145	0.77004
476 T	0.08914	0.14541	0.76545
477 T	0.08886	0.15994	0.75119
478 A	0.08679	0.18618	0.72702
479 A	0.08580	0.19476	0.71943
480 A	0.08526	0.20467	0.71007
481 A	0.08556	0.21318	0.70126
482 A	0.08614	0.21503	0.69883
483 A	0.08791	0.21401	0.69808
484 A	0.09317	0.20258	0.70425
485 T	0.09881	0.18792	0.71328
486 T	0.10041	0.18316	0.71644
487 A	0.10033	0.18590	0.71377
488 A	0.10087	0.18496	0.71417
489 A	0.10177	0.18077	0.71746
490 G	0.10299	0.17794	0.71906
491 G	0.10528	0.17486	0.71987
492 T	0.11078	0.17195	0.71727
493 A	0.11550	0.17181	0.71269
494 A	0.12339	0.16632	0.71029
495 A	0.13659	0.15316	0.71025
496 T	0.15173	0.13757	0.71069
497 T	0.16081	0.12809	0.7111
498 T	0.17017	0.11838	0.71144
499 C	0.17575	0.11212	0.71213
500 A	0.18501	0.10269	0.7123
501 T	0.20264	0.08389	0.71346
502 A	0.20736	0.07912	0.71353
503 C	0.21628	0.07012	0.7136
504 T	0.22531	0.06198	0.71272
505 G	0.22661	0.06236	0.71103
506 T	0.23270	0.05743	0.70987
507 T	0.23162	0.05866	0.70973
508 A	0.22744	0.06284	0.70972
509 A	0.22732	0.06253	0.71015
510 T	0.23184	0.05708	0.71107
511 C	0.23247	0.05607	0.71146
512 C	0.23380	0.05471	0.71149
513 T	0.23641	0.05249	0.71109
514 A	0.23645	0.05255	0.711
515 T	0.23910	0.04995	0.71095
516 T	0.24142	0.04763	0.71094
517 G	0.24217	0.04686	0.71096
518 C	0.24237	0.04651	0.71112
519 T	0.24277	0.04609	0.71114
520 T	0.24293	0.04589	0.71117
521 T	0.24299	0.04577	0.71124
522 T	0.24276	0.04589	0.71134
523 A	0.24205	0.04659	0.71136
524 A	0.24210	0.04576	0.71214
525 A	0.24265	0.04333	0.71402
526 T	0.24333	0.04082	0.71586
527 A	0.24398	0.03768	0.71834
528 T	0.24553	0.03177	0.7227
529 T	0.24628	0.02754	0.72618
530 T	0.24631	0.02330	0.73039
531 T	0.24616	0.01976	0.73409
532 A	0.24603	0.01866	0.73532
533 A	0.24602	0.01782	0.73616
534 T	0.24606	0.01511	0.73884
535 G	0.24593	0.01469	0.73938
536 T	0.24581	0.01682	0.73737
537 T	0.24545	0.01856	0.73599
538 T	0.24421	0.02368	0.73211
539 T	0.24336	0.02760	0.72903
540 T	0.24127	0.03336	0.72538
541 T	0.23592	0.04572	0.71837
542 T	0.22819	0.06023	0.71158
543 T	0.20386	0.09698	0.69916
544 G	0.16557	0.14727	0.68716
545 A	0.15617	0.16427	0.67955
546 A	0.14770	0.17580	0.6765
547 A	0.14422	0.17933	0.67645
548 A	0.14249	0.18080	0.67672
549 T	0.14190	0.18114	0.67697
550 A	0.14039	0.18242	0.67718
551 C	0.13926	0.18323	0.67751
552 C	0.13780	0.18466	0.67755
553 C	0.13731	0.18538	0.67731
554 G	0.13673	0.18703	0.67624
555 A	0.13638	0.18938	0.67425
556 G	0.13621	0.19154	0.67226
557 A	0.13652	0.19442	0.66905
558 A	0.13745	0.19633	0.66622
559 T	0.14098	0.19446	0.66457
560 A	0.14199	0.19448	0.66353
561 T	0.14657	0.18753	0.6659
562 A	0.14779	0.18561	0.66659
563 A	0.15143	0.17857	0.67
564 T	0.16058	0.15956	0.67985
565 A	0.16693	0.14386	0.68921
566 T	0.17984	0.10435	0.71581
567 T	0.18830	0.06649	0.7452
568 T	0.19038	0.06324	0.74638
569 T	0.18595	0.07512	0.73894
570 A	0.16789	0.12666	0.70544
571 G	0.15818	0.13879	0.70302
572 A	0.14668	0.15352	0.69981
573 A	0.13704	0.16583	0.69713
574 A	0.13176	0.17132	0.69693
575 C	0.12928	0.17318	0.69754
576 A	0.12797	0.17970	0.69233
577 A	0.12768	0.18237	0.68994
578 A	0.12890	0.18299	0.68812
579 A	0.13071	0.18248	0.68682
580 A	0.13424	0.17980	0.68596
581 A	0.13759	0.17446	0.68796
582 T	0.14099	0.16764	0.69137
583 T	0.14242	0.16368	0.6939
584 T	0.14128	0.16442	0.69429
585 T	0.13570	0.17125	0.69305
586 G	0.12285	0.18599	0.69116
587 G	0.11433	0.19542	0.69025
588 T	0.11050	0.20089	0.6886
589 A	0.10511	0.21011	0.68478
590 A	0.10141	0.21617	0.68242
591 A	0.10327	0.21811	0.67862
592 A	0.11417	0.20808	0.67775
593 T	0.14575	0.16188	0.69237
594 A	0.14928	0.15017	0.70055
595 A	0.15312	0.13555	0.71132
596 T	0.15795	0.12147	0.72059
597 T	0.15717	0.11731	0.72551
598 C	0.15485	0.11729	0.72787
599 A	0.15301	0.11887	0.72813
600 A	0.15440	0.11704	0.72856
601 A	0.15575	0.11514	0.72911
602 T	0.15729	0.11323	0.72948
603 T	0.15748	0.11335	0.72917
604 G	0.15588	0.11500	0.72913
605 A	0.15506	0.11747	0.72747
606 A	0.15539	0.11784	0.72677
607 A	0.15634	0.11764	0.72601
608 T	0.15996	0.10806	0.73197
609 T	0.16243	0.09720	0.74037
610 G	0.16274	0.08915	0.74811
611 G	0.16468	0.08315	0.75217
612 A	0.16828	0.07574	0.75598
613 G	0.17131	0.06758	0.7611
614 C	0.17734	0.05857	0.76409
615 T	0.18418	0.05330	0.76253
616 T	0.18550	0.05696	0.75754
617 T	0.18523	0.06132	0.75345
618 A	0.18442	0.06835	0.74723
619 T	0.18391	0.07456	0.74153
620 T	0.18249	0.07692	0.7406
621 A	0.18087	0.08011	0.73903
622 G	0.18059	0.08016	0.73925
623 T	0.18042	0.08481	0.73477
624 G	0.17845	0.09327	0.72828
625 G	0.17744	0.10176	0.7208
626 G	0.17515	0.11054	0.71431
627 A	0.16892	0.12816	0.70292
628 A	0.17009	0.13711	0.6928
629 A	0.17240	0.13855	0.68905
630 A	0.17649	0.13821	0.6853
631 A	0.17885	0.14039	0.68076
632 T	0.18313	0.13670	0.68017
633 T	0.18337	0.13644	0.68018
634 A	0.18265	0.13786	0.67949
635 A	0.18302	0.13762	0.67936
636 T	0.18372	0.13654	0.67973
637 A	0.18366	0.13643	0.67992
638 A	0.18624	0.13338	0.68038
639 T	0.19309	0.12560	0.68131
640 C	0.19708	0.12066	0.68226
641 A	0.20251	0.11429	0.68319
642 T	0.20942	0.10629	0.68429
643 C	0.21265	0.10151	0.68584
644 C	0.21688	0.09633	0.68678
645 T	0.22343	0.08978	0.6868
646 A	0.23013	0.08249	0.68739
647 T	0.23989	0.07120	0.68891
648 T	0.24737	0.06286	0.68977
649 A	0.25159	0.05606	0.69235
650 C	0.25852	0.04099	0.70049
651 T	0.26557	0.03397	0.70046
652 A	0.26197	0.04006	0.69797
653 A	0.26320	0.04310	0.6937
654 T	0.26716	0.04368	0.68917
655 T	0.26578	0.05450	0.67972
656 T	0.26277	0.06477	0.67247
657 T	0.25717	0.07644	0.66639
658 A	0.24770	0.09326	0.65904
659 A	0.24166	0.10400	0.65434
660 T	0.23780	0.10866	0.65354
661 A	0.23100	0.11625	0.65274
662 A	0.22682	0.12047	0.65271
663 G	0.22501	0.12165	0.65334
664 G	0.22442	0.12185	0.65374
665 G	0.22408	0.12194	0.65399
666 G	0.22392	0.12182	0.65426
667 C	0.22391	0.12164	0.65445
668 A	0.22395	0.12157	0.65448
669 A	0.22393	0.12146	0.65461
670 G	0.22396	0.12127	0.65476
671 A	0.22407	0.12098	0.65494
672 A	0.22435	0.12002	0.65562
673 A	0.22484	0.11623	0.65893
674 A	0.22643	0.11062	0.66295
675 G	0.22997	0.09873	0.6713
676 G	0.23585	0.08750	0.67665
677 G	0.24320	0.07709	0.67971
678 T	0.25737	0.05906	0.68356
679 T	0.26718	0.04561	0.68722
680 T	0.27321	0.03511	0.69167
681 T	0.27727	0.02481	0.69792
682 T	0.27864	0.01863	0.70273
683 T	0.27881	0.01507	0.70612
684 T	0.27856	0.01103	0.7104
685 T	0.27823	0.00891	0.71286
686 C	0.27782	0.00821	0.71396
687 T	0.27734	0.00927	0.7134
688 T	0.27637	0.01070	0.71294
689 T	0.27433	0.01377	0.7119
690 T	0.27149	0.01733	0.71119
691 G	0.26819	0.02101	0.7108
692 G	0.26592	0.02392	0.71016
693 A	0.26515	0.02600	0.70885
694 G	0.26489	0.02633	0.70878
695 G	0.26485	0.02637	0.70878
696 A	0.26493	0.02629	0.70878
697 T	0.26506	0.02612	0.70882
698 C	0.26510	0.02607	0.70883
699 C	0.26531	0.02589	0.7088
700 A	0.26556	0.02577	0.70866
701 C	0.26596	0.02547	0.70857
702 T	0.26649	0.02530	0.70821
703 A	0.26659	0.02601	0.7074
704 T	0.26736	0.02564	0.70699
705 T	0.26731	0.02621	0.70648
706 G	0.26635	0.02784	0.70581
707 T	0.26631	0.02783	0.70586
708 T	0.26549	0.02939	0.70511
709 T	0.26349	0.03355	0.70296
710 T	0.25779	0.04803	0.69418
711 A	0.24276	0.07741	0.67983
712 T	0.23679	0.08883	0.67438
713 T	0.22856	0.10103	0.67041
714 A	0.21595	0.11282	0.67123
715 G	0.21028	0.11729	0.67243
716 T	0.20770	0.11972	0.67257
717 T	0.19973	0.12799	0.67228
718 C	0.17833	0.15061	0.67106
719 A	0.16276	0.16933	0.66791
720 A	0.15801	0.17704	0.66495
721 A	0.15599	0.18179	0.66222
722 A	0.15512	0.18480	0.66008
723 A	0.15473	0.18746	0.65781
724 A	0.15458	0.18884	0.65658
725 A	0.15457	0.18917	0.65625
726 T	0.15341	0.19029	0.6563
727 A	0.15124	0.19260	0.65616
728 A	0.15030	0.19298	0.65672
729 A	0.14921	0.19240	0.6584
730 G	0.15041	0.18820	0.66138
731 T	0.15396	0.18086	0.66518
732 A	0.15775	0.17358	0.66868
733 A	0.16890	0.15575	0.67535
734 T	0.18429	0.12608	0.68963
735 T	0.18927	0.11526	0.69547
736 T	0.19058	0.10734	0.70208
737 T	0.18910	0.10093	0.70997
738 T	0.18370	0.10083	0.71547
739 G	0.17294	0.10709	0.71997
740 A	0.16668	0.10727	0.72604
741 T	0.16619	0.08919	0.74462
742 C	0.16673	0.07606	0.75721
743 C	0.16856	0.07210	0.75934
744 G	0.17041	0.07138	0.75821
745 A	0.17213	0.07363	0.75424
746 T	0.17412	0.07290	0.75298
747 T	0.17486	0.07385	0.7513
748 A	0.17404	0.07909	0.74687
749 T	0.17393	0.07942	0.74665
750 T	0.17211	0.08447	0.74342
751 A	0.16799	0.09296	0.73905
752 T	0.16401	0.09732	0.73867
753 G	0.15201	0.11505	0.73295
754 G	0.14080	0.13488	0.72432
755 A	0.13485	0.15747	0.70769
756 A	0.13134	0.17723	0.69143
757 A	0.13111	0.18706	0.68183
758 A	0.13239	0.19409	0.67352
759 T	0.13495	0.19109	0.67396
760 A	0.13565	0.19087	0.67348
761 G	0.13530	0.18733	0.67737
762 T	0.13174	0.18523	0.68303
763 C	0.12489	0.19136	0.68374
764 G	0.12247	0.20584	0.67168
765 T	0.11969	0.22987	0.65043
766 A	0.10950	0.27216	0.61835
767 A	0.10628	0.28721	0.60651
768 T	0.10768	0.29138	0.60093
769 A	0.09726	0.30647	0.59628
770 A	0.08924	0.31695	0.59382
771 A	0.08693	0.31903	0.59404
772 A	0.08599	0.31982	0.5942
773 T	0.08986	0.31405	0.59609
774 A	0.09018	0.31280	0.59702
775 G	0.09034	0.30903	0.60064
776 A	0.09364	0.29802	0.60834
777 A	0.09713	0.28678	0.61608
778 A	0.10575	0.27482	0.61943
779 C	0.11474	0.26484	0.62042
780 A	0.11837	0.27325	0.60838
781 A	0.12523	0.27107	0.60369
782 A	0.12570	0.27096	0.60334
783 A	0.12904	0.26695	0.60401
784 A	0.13534	0.26008	0.60458
785 T	0.14863	0.23912	0.61226
786 C	0.15749	0.22020	0.62232
787 A	0.16864	0.20751	0.62385
788 A	0.18842	0.18458	0.627
789 T	0.21823	0.14536	0.6364
790 T	0.22517	0.13577	0.63906
791 T	0.21886	0.14218	0.63896
792 A	0.19744	0.15726	0.6453
793 G	0.18098	0.16615	0.65288
794 G	0.16181	0.18441	0.65378
795 A	0.13212	0.22590	0.64198
796 G	0.11026	0.26034	0.6294
797 A	0.09602	0.28603	0.61795
798 A	0.08652	0.31234	0.60114
799 A	0.08218	0.32277	0.59505
800 A	0.08019	0.32484	0.59496
801 A	0.08051	0.32312	0.59637
802 A	0.08240	0.31763	0.59997
803 T	0.09427	0.29899	0.60674
804 A	0.09800	0.29248	0.60952
805 G	0.09911	0.28793	0.61295
806 G	0.10091	0.28356	0.61553
807 T	0.10303	0.27947	0.6175
808 T	0.10397	0.27746	0.61857
809 T	0.10469	0.27582	0.61949
810 T	0.10553	0.27423	0.62024
811 A	0.10582	0.27321	0.62098
812 A	0.10616	0.27089	0.62294
813 A	0.10708	0.26545	0.62747
814 A	0.10988	0.25138	0.63874
815 T	0.11756	0.22028	0.66216
816 A	0.12174	0.20046	0.6778
817 A	0.12953	0.17240	0.69807
818 A	0.14579	0.12627	0.72794
819 T	0.16306	0.08394	0.75301
820 G	0.17527	0.05558	0.76914
821 T	0.19465	0.02639	0.77896
822 T	0.20179	0.01386	0.78434
823 T	0.20447	0.00736	0.78817
824 A	0.20560	0.00376	0.79063
825 A	0.20737	0.00000	0.79262
