# lcl|CP097583.1_cds_USQ93241.1_1
# AA	inside	membr	outside
1 A	0.34981	0.00000	0.6502
2 T	0.34924	0.00057	0.6502
3 G	0.34874	0.00107	0.6502
4 A	0.34874	0.03726	0.614
5 A	0.34215	0.08652	0.57133
6 T	0.34215	0.09003	0.56783
7 A	0.28423	0.14959	0.56618
8 T	0.28423	0.14962	0.56616
9 A	0.27108	0.16339	0.56553
10 A	0.27106	0.18076	0.54818
11 A	0.26972	0.18266	0.54762
12 A	0.24888	0.20366	0.54747
13 A	0.22833	0.22488	0.54679
14 A	0.22833	0.22488	0.54679
15 A	0.22833	0.22896	0.54271
16 T	0.22825	0.22904	0.54271
17 A	0.22791	0.22954	0.54256
18 T	0.22791	0.22969	0.54241
19 T	0.22764	0.22996	0.5424
20 T	0.22378	0.23415	0.54207
21 A	0.20559	0.25229	0.54212
22 T	0.20537	0.25234	0.5423
23 C	0.20454	0.25283	0.54263
24 G	0.20525	0.25223	0.54252
25 A	0.20797	0.24876	0.54327
26 A	0.21091	0.24508	0.54401
27 A	0.24301	0.21020	0.54679
28 T	0.28325	0.16322	0.55353
29 C	0.28719	0.14638	0.56643
30 T	0.29181	0.09723	0.61097
31 G	0.29227	0.09467	0.61305
32 T	0.29371	0.08462	0.62167
33 T	0.30137	0.07560	0.62303
34 T	0.29908	0.07675	0.62416
35 G	0.29707	0.05990	0.64304
36 G	0.29572	0.04431	0.65997
37 G	0.29530	0.04413	0.66057
38 G	0.29747	0.04220	0.66033
39 A	0.29579	0.04862	0.65559
40 T	0.29594	0.04815	0.65591
41 T	0.29586	0.04852	0.65561
42 A	0.29531	0.05201	0.65268
43 A	0.29536	0.05145	0.65319
44 T	0.29521	0.04148	0.66331
45 T	0.29484	0.04464	0.66052
46 G	0.29424	0.04682	0.65895
47 T	0.29391	0.04858	0.65751
48 A	0.29287	0.05132	0.65581
49 A	0.29259	0.05343	0.65398
50 T	0.29249	0.05415	0.65336
51 T	0.29239	0.05436	0.65326
52 G	0.29224	0.05436	0.6534
53 T	0.29229	0.05461	0.6531
54 T	0.29220	0.05481	0.65298
55 T	0.29210	0.05548	0.65243
56 T	0.29194	0.05534	0.65272
57 A	0.29147	0.05449	0.65404
58 A	0.29135	0.05328	0.65536
59 T	0.29152	0.05129	0.65719
60 A	0.29052	0.05176	0.65772
61 G	0.29068	0.05050	0.65883
62 T	0.29594	0.04417	0.65989
63 A	0.29621	0.04558	0.65821
64 G	0.29764	0.04450	0.65786
65 G	0.30159	0.04050	0.65791
66 T	0.30622	0.03650	0.65728
67 A	0.31130	0.03206	0.65665
68 T	0.31613	0.02722	0.65666
69 T	0.31907	0.02411	0.65682
70 T	0.32063	0.02237	0.657
71 T	0.32154	0.02093	0.65753
72 A	0.32222	0.02017	0.65761
73 T	0.32302	0.01913	0.65785
74 T	0.32344	0.01848	0.65808
75 T	0.32376	0.01793	0.65831
76 T	0.32434	0.01716	0.6585
77 C	0.32493	0.01624	0.65883
78 T	0.32589	0.01519	0.65893
79 T	0.32578	0.01528	0.65894
80 T	0.32530	0.01551	0.65919
81 G	0.32392	0.01680	0.65928
82 T	0.32276	0.01792	0.65931
83 A	0.32068	0.01877	0.66055
84 C	0.31888	0.01988	0.66124
85 A	0.31791	0.02117	0.66091
86 A	0.31982	0.01911	0.66108
87 T	0.32077	0.01800	0.66124
88 G	0.32086	0.01805	0.66108
89 T	0.32158	0.01786	0.66055
90 T	0.32178	0.01859	0.65963
91 T	0.32112	0.02232	0.65656
92 T	0.31917	0.02662	0.65421
93 T	0.31178	0.03819	0.65003
94 G	0.30261	0.05100	0.64639
95 T	0.29251	0.06765	0.63984
96 T	0.26081	0.11118	0.62801
97 A	0.19317	0.20809	0.59874
98 A	0.14373	0.27030	0.58598
99 A	0.12440	0.29669	0.57892
100 A	0.11286	0.31171	0.57543
101 A	0.10661	0.31916	0.57423
102 T	0.10409	0.32174	0.57418
103 A	0.09811	0.32765	0.57424
104 A	0.09701	0.32775	0.57525
105 A	0.09605	0.32774	0.57621
106 A	0.09521	0.32696	0.57783
107 A	0.09495	0.32555	0.5795
108 T	0.09513	0.32382	0.58106
109 G	0.09479	0.32365	0.58157
110 A	0.09476	0.32347	0.58177
111 A	0.09499	0.32273	0.58228
112 A	0.09567	0.32140	0.58293
113 A	0.09723	0.31848	0.58429
114 T	0.10247	0.31010	0.58744
115 A	0.10639	0.30194	0.59167
116 T	0.11341	0.28112	0.60546
117 A	0.11768	0.26623	0.61609
118 A	0.12367	0.24672	0.62961
119 G	0.13394	0.20294	0.66312
120 T	0.16296	0.11407	0.72298
121 T	0.17449	0.05067	0.77485
122 T	0.18106	0.03100	0.78794
123 T	0.18389	0.01997	0.79615
124 T	0.18481	0.01658	0.7986
125 T	0.18481	0.01540	0.79979
126 T	0.18410	0.01284	0.80305
127 G	0.18357	0.01408	0.80234
128 A	0.18337	0.01745	0.79918
129 T	0.18356	0.02095	0.79549
130 T	0.18316	0.02212	0.79472
131 T	0.18139	0.02550	0.79312
132 T	0.17837	0.03200	0.78963
133 T	0.17436	0.04727	0.77837
134 C	0.16886	0.08231	0.74883
135 A	0.16298	0.14668	0.69034
136 A	0.16024	0.15400	0.68576
137 A	0.15853	0.15911	0.68237
138 T	0.15793	0.16035	0.68172
139 G	0.15537	0.16394	0.6807
140 C	0.15365	0.16659	0.67975
141 T	0.15346	0.17055	0.67599
142 C	0.15323	0.17558	0.67118
143 A	0.15316	0.18379	0.66304
144 T	0.15369	0.18621	0.6601
145 G	0.15384	0.19030	0.65585
146 A	0.15428	0.19366	0.65206
147 T	0.15531	0.19425	0.65044
148 A	0.15500	0.19556	0.64944
149 T	0.15598	0.19465	0.64937
150 A	0.15408	0.19779	0.64813
151 A	0.15433	0.19823	0.64743
152 A	0.15631	0.19622	0.64748
153 A	0.15700	0.19535	0.64765
154 G	0.15923	0.19170	0.64907
155 A	0.16435	0.18467	0.65098
156 A	0.17553	0.17006	0.65441
157 A	0.20323	0.13763	0.65914
158 T	0.25648	0.07888	0.66465
159 A	0.26124	0.07138	0.66737
160 C	0.26565	0.06460	0.66974
161 A	0.26787	0.06181	0.67032
162 A	0.26986	0.05787	0.67227
163 C	0.27286	0.05324	0.67389
164 C	0.27971	0.04612	0.67417
165 T	0.28898	0.03687	0.67415
166 T	0.29804	0.02773	0.67423
167 T	0.30059	0.02517	0.67423
168 T	0.30227	0.02354	0.6742
169 T	0.30303	0.02252	0.67445
170 T	0.30261	0.02186	0.67553
171 G	0.30238	0.02095	0.67667
172 A	0.30261	0.02080	0.67659
173 T	0.30466	0.01648	0.67885
174 T	0.30570	0.01461	0.6797
175 A	0.30557	0.01427	0.68016
176 G	0.30598	0.01320	0.68081
177 T	0.30675	0.01263	0.68062
178 T	0.30633	0.01317	0.68051
179 C	0.30545	0.01453	0.68002
180 A	0.30523	0.01504	0.67972
181 T	0.30519	0.01508	0.67972
182 T	0.30489	0.01535	0.67976
183 G	0.30408	0.01622	0.6797
184 C	0.30373	0.01659	0.67968
185 C	0.30308	0.01734	0.67958
186 T	0.30224	0.01847	0.67929
187 G	0.30061	0.02065	0.67873
188 T	0.29957	0.02221	0.67822
189 T	0.29873	0.02336	0.67791
190 A	0.29641	0.02646	0.67713
191 T	0.29544	0.02684	0.67773
192 G	0.29318	0.02829	0.67852
193 T	0.29127	0.02921	0.67952
194 A	0.28685	0.03306	0.68009
195 C	0.28439	0.03499	0.68061
196 G	0.28250	0.03837	0.67913
197 A	0.28225	0.03947	0.67828
198 T	0.28151	0.03968	0.67881
199 G	0.27899	0.04189	0.67913
200 T	0.27840	0.04239	0.67922
201 A	0.27576	0.04427	0.67997
202 C	0.27570	0.04341	0.6809
203 A	0.27538	0.04368	0.68093
204 T	0.27518	0.04392	0.68091
205 A	0.27436	0.04524	0.6804
206 T	0.27398	0.04567	0.68035
207 T	0.26910	0.05162	0.67928
208 A	0.25796	0.06421	0.67783
209 A	0.24910	0.07371	0.67719
210 A	0.23735	0.08521	0.67744
211 T	0.22676	0.09620	0.67704
212 A	0.19404	0.13216	0.6738
213 T	0.17605	0.15351	0.67044
214 A	0.14024	0.19221	0.66755
215 A	0.12588	0.20641	0.6677
216 A	0.11866	0.21244	0.6689
217 G	0.11399	0.21337	0.67263
218 G	0.11261	0.21252	0.67487
219 T	0.11363	0.21058	0.6758
220 A	0.11277	0.21108	0.67615
221 A	0.11160	0.21216	0.67624
222 T	0.11113	0.21051	0.67836
223 T	0.10977	0.21094	0.67929
224 C	0.10823	0.21058	0.68119
225 A	0.10660	0.21423	0.67917
226 G	0.10595	0.21578	0.67826
227 A	0.10583	0.21685	0.67731
228 T	0.10634	0.21605	0.67761
229 A	0.10641	0.21604	0.67756
230 A	0.10734	0.20964	0.68302
231 A	0.10925	0.19866	0.69209
232 A	0.11094	0.18649	0.70258
233 A	0.11292	0.17065	0.71643
234 A	0.11544	0.15074	0.73382
235 G	0.12039	0.10999	0.76961
236 T	0.12697	0.08730	0.78572
237 T	0.13010	0.06534	0.80456
238 T	0.13010	0.07782	0.79208
239 A	0.12770	0.09698	0.77532
240 T	0.12696	0.10339	0.76964
241 G	0.12428	0.11872	0.757
242 A	0.12241	0.12822	0.74937
243 A	0.12199	0.13007	0.74794
244 T	0.12331	0.13046	0.74622
245 T	0.12363	0.13380	0.74258
246 G	0.12347	0.14007	0.73646
247 G	0.12377	0.14115	0.73508
248 T	0.12542	0.14234	0.73224
249 T	0.12404	0.14738	0.72858
250 T	0.12116	0.15243	0.72641
251 C	0.11863	0.15843	0.72294
252 A	0.11429	0.16888	0.71683
253 G	0.11161	0.17356	0.71483
254 A	0.10976	0.17875	0.71148
255 A	0.10813	0.18230	0.70958
256 A	0.10443	0.18842	0.70714
257 A	0.10353	0.19063	0.70585
258 A	0.10344	0.19191	0.70466
259 G	0.10582	0.19027	0.70391
260 A	0.11625	0.18075	0.703
261 T	0.14680	0.14904	0.70416
262 T	0.16712	0.12610	0.70678
263 A	0.17052	0.12155	0.70793
264 T	0.17857	0.11088	0.71056
265 T	0.17732	0.10982	0.71286
266 C	0.16161	0.12481	0.71358
267 A	0.15131	0.13657	0.71212
268 G	0.14849	0.14100	0.71051
269 A	0.15061	0.13912	0.71027
270 A	0.14949	0.14067	0.70985
271 T	0.15274	0.13772	0.70954
272 T	0.14420	0.14381	0.71198
273 C	0.11137	0.17491	0.71372
274 A	0.09357	0.19545	0.71098
275 T	0.08712	0.20157	0.71131
276 A	0.07092	0.22051	0.70857
277 A	0.06035	0.23297	0.70668
278 A	0.05528	0.23940	0.70532
279 A	0.05288	0.24031	0.70681
280 A	0.05099	0.24177	0.70724
281 A	0.04801	0.24371	0.70828
282 A	0.04811	0.24163	0.71026
283 T	0.04946	0.23791	0.71264
284 T	0.04830	0.24089	0.71081
285 A	0.04434	0.24727	0.70839
286 G	0.04087	0.25099	0.70813
287 A	0.03755	0.25904	0.70341
288 A	0.03286	0.26173	0.70541
289 G	0.02982	0.25177	0.7184
290 A	0.03029	0.24346	0.72625
291 A	0.03111	0.23778	0.73111
292 A	0.03149	0.23432	0.73419
293 A	0.03310	0.22762	0.73928
294 A	0.03570	0.21946	0.74484
295 A	0.03831	0.20110	0.76059
296 T	0.04225	0.16354	0.79421
297 T	0.04530	0.14767	0.80702
298 G	0.04623	0.15282	0.80094
299 A	0.04840	0.15850	0.7931
300 T	0.05102	0.16408	0.7849
301 A	0.05339	0.15922	0.7874
302 A	0.05664	0.15255	0.79081
303 A	0.05966	0.14653	0.79381
304 T	0.06233	0.13869	0.79899
305 C	0.06237	0.13836	0.79926
306 A	0.06293	0.14161	0.79545
307 A	0.06753	0.14112	0.79135
308 A	0.07191	0.13461	0.79348
309 A	0.07650	0.12736	0.79615
310 T	0.08407	0.11736	0.79857
311 T	0.08527	0.11161	0.80311
312 C	0.08309	0.11169	0.80522
313 A	0.06840	0.13273	0.79887
314 A	0.05606	0.14822	0.79572
315 A	0.05034	0.15388	0.79579
316 G	0.04747	0.15650	0.79602
317 G	0.04930	0.15448	0.79622
318 A	0.05382	0.14928	0.7969
319 C	0.06248	0.13991	0.79761
320 C	0.07275	0.12942	0.79783
321 T	0.08798	0.11416	0.79787
322 A	0.09892	0.10329	0.79779
323 T	0.11094	0.09125	0.79781
324 T	0.11188	0.09025	0.79787
325 C	0.11111	0.09058	0.79831
326 A	0.11071	0.09047	0.79881
327 A	0.11093	0.08986	0.79921
328 T	0.11300	0.08678	0.80022
329 A	0.11536	0.08384	0.80081
330 C	0.12020	0.07855	0.80125
331 A	0.12123	0.07710	0.80167
332 A	0.12216	0.07544	0.80241
333 A	0.12347	0.07321	0.80332
334 G	0.12521	0.06940	0.8054
335 A	0.12669	0.06516	0.80816
336 T	0.13344	0.04051	0.82606
337 T	0.13646	0.02409	0.83944
338 T	0.13673	0.01675	0.84652
339 T	0.13661	0.01251	0.85087
340 G	0.13638	0.01105	0.85257
341 G	0.13627	0.01016	0.85357
342 A	0.13622	0.00963	0.85414
343 G	0.13629	0.00889	0.85482
344 G	0.13639	0.00841	0.8552
345 T	0.13662	0.00764	0.85574
346 T	0.13670	0.00736	0.85594
347 T	0.13672	0.00692	0.85636
348 T	0.13666	0.00612	0.85721
349 G	0.13660	0.00539	0.858
350 G	0.13660	0.00477	0.85864
351 A	0.13661	0.00437	0.85902
352 C	0.13666	0.00332	0.86001
353 C	0.13672	0.00314	0.86015
354 T	0.13697	0.00286	0.86018
355 C	0.13702	0.00279	0.86018
356 T	0.13705	0.00280	0.86016
357 T	0.13706	0.00282	0.86013
358 T	0.13706	0.00281	0.86013
359 T	0.13705	0.00281	0.86014
360 A	0.13697	0.00287	0.86016
361 T	0.13697	0.00270	0.86032
362 C	0.13694	0.00249	0.86058
363 T	0.13695	0.00231	0.86074
364 G	0.13692	0.00230	0.86078
365 C	0.13705	0.00216	0.86079
366 A	0.13710	0.00212	0.86078
367 T	0.13735	0.00186	0.86079
368 T	0.13758	0.00162	0.8608
369 T	0.13772	0.00146	0.86082
370 C	0.13772	0.00144	0.86085
371 G	0.13769	0.00139	0.86093
372 T	0.13767	0.00135	0.86098
373 C	0.13762	0.00139	0.86099
374 T	0.13758	0.00145	0.86097
375 T	0.13748	0.00157	0.86095
376 T	0.13727	0.00182	0.8609
377 G	0.13690	0.00223	0.86086
378 T	0.13674	0.00242	0.86083
379 T	0.13654	0.00261	0.86086
380 T	0.13631	0.00281	0.86088
381 A	0.13589	0.00322	0.86089
382 A	0.13568	0.00339	0.86093
383 C	0.13559	0.00337	0.86104
384 T	0.13554	0.00340	0.86106
385 A	0.13545	0.00346	0.8611
386 T	0.13542	0.00344	0.86114
387 T	0.13536	0.00346	0.86118
388 T	0.13515	0.00368	0.86116
389 A	0.13476	0.00405	0.86119
390 T	0.13443	0.00436	0.86121
391 T	0.13382	0.00502	0.86116
392 T	0.13268	0.00618	0.86114
393 T	0.13148	0.00739	0.86113
394 A	0.12902	0.00993	0.86105
395 T	0.12820	0.01078	0.86102
396 A	0.12735	0.01168	0.86097
397 T	0.12718	0.01183	0.861
398 A	0.12703	0.01193	0.86104
399 T	0.12702	0.01172	0.86126
400 T	0.12698	0.01155	0.86146
401 T	0.12694	0.01149	0.86157
402 T	0.12677	0.01167	0.86156
403 G	0.12668	0.01198	0.86135
404 T	0.12664	0.01205	0.86132
405 A	0.12648	0.01248	0.86104
406 T	0.12644	0.01284	0.86071
407 T	0.12631	0.01355	0.86014
408 A	0.12566	0.01474	0.8596
409 A	0.12547	0.01542	0.85912
410 A	0.12541	0.01557	0.85902
411 A	0.12540	0.01545	0.85915
412 A	0.12548	0.01495	0.85958
413 A	0.12560	0.01427	0.86014
414 T	0.12578	0.01270	0.86151
415 T	0.12584	0.01120	0.86297
416 T	0.12525	0.01062	0.86413
417 G	0.12403	0.01019	0.86579
418 G	0.12332	0.01030	0.86638
419 C	0.12318	0.00997	0.86684
420 T	0.12305	0.01019	0.86676
421 G	0.12259	0.01064	0.86677
422 G	0.12234	0.01100	0.86666
423 T	0.12245	0.01117	0.86638
424 G	0.12126	0.01243	0.86631
425 C	0.12062	0.01305	0.86633
426 T	0.12052	0.01341	0.86607
427 A	0.12012	0.01380	0.86608
428 C	0.11926	0.01455	0.86619
429 A	0.11848	0.01530	0.86621
430 T	0.11870	0.01499	0.8663
431 C	0.11836	0.01475	0.86688
432 T	0.11826	0.01476	0.86698
433 C	0.11721	0.01579	0.86701
434 A	0.11642	0.01659	0.867
435 A	0.11354	0.01947	0.86699
436 T	0.11211	0.02091	0.86698
437 T	0.10920	0.02374	0.86706
438 A	0.10412	0.02874	0.86715
439 G	0.09980	0.03217	0.86804
440 T	0.09741	0.03321	0.86938
441 C	0.09393	0.03582	0.87025
442 G	0.09013	0.03945	0.87042
443 A	0.08785	0.04159	0.87056
444 A	0.08634	0.04273	0.87093
445 C	0.08596	0.04271	0.87133
446 A	0.08602	0.04256	0.87142
447 G	0.08601	0.04117	0.87283
448 T	0.08618	0.04005	0.87377
449 T	0.08628	0.03927	0.87445
450 T	0.08583	0.03914	0.87502
451 T	0.08550	0.03774	0.87676
452 C	0.08499	0.03671	0.87831
453 T	0.08419	0.03737	0.87845
454 G	0.08226	0.03946	0.87827
455 A	0.08063	0.04185	0.87753
456 T	0.07651	0.04637	0.87713
457 A	0.06616	0.05789	0.87596
458 G	0.05696	0.06468	0.87836
459 A	0.05059	0.07091	0.8785
460 G	0.04556	0.07453	0.87991
461 A	0.04329	0.07663	0.88008
462 T	0.04163	0.07944	0.87893
463 A	0.03837	0.09144	0.87018
464 A	0.03656	0.09969	0.86374
465 A	0.03575	0.10508	0.85918
466 A	0.03503	0.11175	0.85322
467 T	0.03472	0.11542	0.84985
468 T	0.03423	0.11990	0.84587
469 A	0.03350	0.12159	0.84491
470 G	0.03250	0.12338	0.84412
471 A	0.03182	0.12445	0.84372
472 A	0.03146	0.12460	0.84395
473 C	0.03125	0.12406	0.8447
474 G	0.03057	0.12517	0.84426
475 A	0.02990	0.12686	0.84324
476 A	0.02955	0.12809	0.84236
477 A	0.03018	0.12697	0.84285
478 A	0.03107	0.12592	0.843
479 A	0.03223	0.12096	0.84681
480 A	0.03389	0.11065	0.85546
481 A	0.03556	0.10190	0.86255
482 A	0.03781	0.09634	0.86585
483 T	0.04121	0.08907	0.86972
484 A	0.04543	0.08539	0.86919
485 A	0.05201	0.07938	0.86861
486 A	0.06269	0.06671	0.8706
487 C	0.07182	0.05529	0.87289
488 A	0.07868	0.04814	0.87318
489 T	0.08688	0.03981	0.87331
490 T	0.09113	0.03647	0.8724
491 C	0.09364	0.03460	0.87176
492 A	0.09370	0.03653	0.86977
493 T	0.09436	0.03581	0.86983
494 T	0.09386	0.03693	0.86922
495 T	0.08928	0.04154	0.86918
496 A	0.07871	0.05242	0.86887
497 A	0.06305	0.06779	0.86916
498 A	0.05455	0.07556	0.86989
499 C	0.04729	0.08208	0.87063
500 A	0.04283	0.08640	0.87077
501 A	0.04118	0.08792	0.8709
502 C	0.04112	0.08785	0.87103
503 C	0.04185	0.08711	0.87104
504 T	0.04389	0.08508	0.87103
505 A	0.04617	0.08279	0.87105
506 C	0.04775	0.08120	0.87105
507 A	0.04987	0.07920	0.87093
508 T	0.05204	0.07698	0.87098
509 T	0.05266	0.07616	0.87118
510 A	0.05148	0.07724	0.87129
511 A	0.05194	0.07658	0.87148
512 C	0.05341	0.07392	0.87268
513 T	0.05520	0.07161	0.8732
514 T	0.05638	0.06964	0.87398
515 T	0.05731	0.06798	0.87471
516 T	0.05460	0.07031	0.87509
517 A	0.04864	0.07590	0.87546
518 A	0.04444	0.07522	0.88033
519 A	0.04155	0.06768	0.89077
520 G	0.04008	0.05231	0.9076
521 A	0.03887	0.04444	0.91669
522 T	0.03806	0.03663	0.92531
523 G	0.03608	0.03357	0.93035
524 T	0.03420	0.03294	0.93286
525 C	0.03157	0.03397	0.93446
526 G	0.02901	0.03630	0.93468
527 C	0.02738	0.03810	0.93453
528 A	0.02628	0.04107	0.93265
529 G	0.02564	0.04202	0.93235
530 G	0.02527	0.04284	0.93189
531 T	0.02486	0.04348	0.93166
532 G	0.02391	0.04491	0.93118
533 C	0.02317	0.04588	0.93096
534 T	0.02232	0.05265	0.92502
535 G	0.02160	0.05686	0.92153
536 A	0.02128	0.06194	0.91679
537 A	0.02105	0.06582	0.91313
538 G	0.02095	0.06961	0.90943
539 A	0.02092	0.07506	0.90403
540 A	0.02081	0.07425	0.90494
541 G	0.02002	0.07404	0.90593
542 A	0.01913	0.07794	0.90293
543 A	0.01843	0.08115	0.90042
544 A	0.01797	0.08243	0.8996
545 A	0.01761	0.08395	0.89844
546 A	0.01729	0.08445	0.89826
547 G	0.01704	0.08520	0.89777
548 A	0.01700	0.08500	0.898
549 A	0.01714	0.08421	0.89865
550 G	0.01749	0.08313	0.89938
551 A	0.01907	0.08114	0.89978
552 A	0.01970	0.07998	0.90032
553 T	0.02083	0.07808	0.90109
554 T	0.02190	0.07636	0.90173
555 A	0.02274	0.07454	0.90272
556 G	0.02504	0.07129	0.90367
557 C	0.03048	0.06490	0.90462
558 C	0.03331	0.06172	0.90498
559 G	0.03666	0.05843	0.90491
560 A	0.04022	0.05492	0.90486
561 A	0.04476	0.05039	0.90485
562 T	0.05442	0.04070	0.90488
563 T	0.05979	0.03508	0.90514
564 A	0.06325	0.03057	0.90618
565 G	0.06860	0.02411	0.9073
566 T	0.07245	0.01966	0.90789
567 A	0.07239	0.01968	0.90793
568 G	0.07304	0.01919	0.90776
569 A	0.07526	0.01778	0.90696
570 T	0.07929	0.01378	0.90692
571 T	0.08008	0.01343	0.90648
572 T	0.07883	0.01503	0.90614
573 T	0.07483	0.01936	0.9058
574 T	0.06450	0.03031	0.9052
575 T	0.05300	0.04215	0.90484
576 A	0.03370	0.06169	0.90461
577 A	0.02099	0.07446	0.90455
578 A	0.01590	0.07951	0.90459
579 A	0.01231	0.08296	0.90473
580 A	0.01037	0.08460	0.90503
581 A	0.00961	0.08515	0.90524
582 T	0.00933	0.08514	0.90552
583 C	0.00899	0.08531	0.90571
584 C	0.00881	0.08543	0.90576
585 T	0.00871	0.08553	0.90576
586 A	0.00858	0.08566	0.90577
587 A	0.00855	0.08565	0.90581
588 A	0.00863	0.08553	0.90585
589 A	0.00888	0.08508	0.90604
590 A	0.00938	0.08305	0.90757
591 A	0.01014	0.08043	0.90942
592 T	0.01153	0.07725	0.91122
593 A	0.01198	0.07528	0.91274
594 T	0.01292	0.07027	0.91681
595 T	0.01334	0.06518	0.92149
596 A	0.01355	0.05825	0.92821
597 T	0.01395	0.04552	0.94053
598 T	0.01413	0.03348	0.95239
599 T	0.01410	0.01942	0.96649
600 G	0.01296	0.01240	0.97464
601 A	0.01227	0.01067	0.97706
602 T	0.01170	0.00922	0.97908
603 G	0.01051	0.01050	0.97898
604 G	0.00994	0.01053	0.97953
605 G	0.00973	0.01046	0.97981
606 T	0.00961	0.01038	0.98001
607 G	0.00942	0.01050	0.98007
608 C	0.00934	0.01067	0.97999
609 T	0.00929	0.01095	0.97977
610 A	0.00921	0.01115	0.97965
611 G	0.00917	0.01133	0.9795
612 A	0.00916	0.01135	0.97949
613 A	0.00916	0.01133	0.9795
614 T	0.00917	0.01127	0.97956
615 T	0.00917	0.01124	0.9796
616 C	0.00917	0.01120	0.97964
617 C	0.00917	0.01119	0.97964
618 T	0.00917	0.01121	0.97962
619 A	0.00917	0.01124	0.97959
620 A	0.00918	0.01123	0.9796
621 A	0.00922	0.01117	0.97961
622 G	0.00932	0.01091	0.97977
623 G	0.00971	0.00913	0.98116
624 A	0.01075	0.00725	0.98199
625 G	0.01196	0.00534	0.98271
626 T	0.01384	0.00252	0.98364
627 T	0.01423	0.00171	0.98407
628 T	0.01438	0.00141	0.98421
629 T	0.01449	0.00120	0.98431
630 G	0.01452	0.00109	0.98439
631 T	0.01462	0.00094	0.98444
632 T	0.01472	0.00082	0.98446
633 A	0.01468	0.00085	0.98447
634 T	0.01464	0.00090	0.98446
635 C	0.01403	0.00155	0.98442
636 T	0.01318	0.00244	0.98438
637 G	0.01237	0.00327	0.98436
638 G	0.01189	0.00376	0.98434
639 A	0.01178	0.00387	0.98435
640 C	0.01175	0.00390	0.98435
641 C	0.01173	0.00391	0.98436
642 T	0.01165	0.00399	0.98436
643 C	0.01143	0.00421	0.98436
644 C	0.01113	0.00451	0.98436
645 T	0.01085	0.00480	0.98435
646 G	0.01062	0.00503	0.98435
647 G	0.01057	0.00509	0.98434
648 A	0.01053	0.00513	0.98434
649 A	0.01051	0.00516	0.98433
650 C	0.01051	0.00513	0.98436
651 T	0.01048	0.00518	0.98435
652 G	0.01043	0.00526	0.98431
653 G	0.01045	0.00525	0.9843
654 T	0.01046	0.00529	0.98425
655 A	0.01045	0.00529	0.98426
656 A	0.01047	0.00509	0.98444
657 A	0.01049	0.00476	0.98476
658 A	0.01054	0.00396	0.9855
659 C	0.01057	0.00302	0.98641
660 A	0.01059	0.00248	0.98693
661 T	0.01061	0.00213	0.98727
662 T	0.01060	0.00205	0.98735
663 A	0.01053	0.00211	0.98736
664 T	0.01045	0.00213	0.98742
665 T	0.01027	0.00211	0.98762
666 A	0.00999	0.00210	0.98791
667 G	0.00990	0.00188	0.98822
668 C	0.00983	0.00170	0.98847
669 G	0.00976	0.00175	0.98849
670 A	0.00971	0.00180	0.98849
671 A	0.00969	0.00183	0.98847
672 A	0.00966	0.00184	0.9885
673 G	0.00966	0.00182	0.98852
674 C	0.00968	0.00166	0.98865
675 T	0.00973	0.00156	0.98871
676 C	0.00976	0.00149	0.98875
677 T	0.00980	0.00145	0.98875
678 T	0.00980	0.00145	0.98876
679 G	0.00979	0.00145	0.98876
680 C	0.00977	0.00146	0.98877
681 T	0.00972	0.00152	0.98876
682 G	0.00963	0.00160	0.98876
683 G	0.00957	0.00166	0.98877
684 A	0.00952	0.00171	0.98877
685 G	0.00951	0.00170	0.98878
686 A	0.00953	0.00157	0.98889
687 A	0.00954	0.00143	0.98903
688 G	0.00955	0.00120	0.98925
689 C	0.00957	0.00093	0.9895
690 T	0.00958	0.00086	0.98955
691 A	0.00960	0.00082	0.98958
692 A	0.00965	0.00072	0.98962
693 A	0.00969	0.00065	0.98966
694 G	0.00973	0.00058	0.9897
695 T	0.00974	0.00050	0.98975
696 A	0.00975	0.00047	0.98978
697 C	0.00976	0.00043	0.9898
698 C	0.00978	0.00041	0.98981
699 T	0.00979	0.00039	0.98982
700 T	0.00980	0.00038	0.98981
701 T	0.00981	0.00037	0.98982
702 T	0.00982	0.00036	0.98982
703 T	0.00982	0.00034	0.98984
704 T	0.00981	0.00027	0.98991
705 T	0.00978	0.00021	0.99001
706 G	0.00975	0.00017	0.99008
707 C	0.00975	0.00013	0.99012
708 T	0.00974	0.00013	0.99013
709 G	0.00973	0.00014	0.99013
710 T	0.00973	0.00014	0.99013
711 T	0.00971	0.00017	0.99013
712 T	0.00957	0.00031	0.99012
713 C	0.00941	0.00047	0.99012
714 A	0.00934	0.00055	0.99011
715 G	0.00931	0.00058	0.99011
716 G	0.00929	0.00059	0.99011
717 T	0.00928	0.00060	0.99011
718 T	0.00926	0.00063	0.99011
719 C	0.00920	0.00068	0.99012
720 C	0.00917	0.00072	0.99012
721 G	0.00915	0.00074	0.99012
722 A	0.00914	0.00075	0.99011
723 A	0.00914	0.00075	0.99011
724 T	0.00914	0.00075	0.99011
725 T	0.00914	0.00075	0.99012
726 T	0.00913	0.00074	0.99013
727 G	0.00910	0.00075	0.99015
728 T	0.00908	0.00074	0.99017
729 C	0.00906	0.00074	0.9902
730 G	0.00905	0.00075	0.9902
731 A	0.00904	0.00075	0.9902
732 A	0.00904	0.00075	0.99021
733 A	0.00904	0.00074	0.99021
734 T	0.00905	0.00071	0.99024
735 G	0.00905	0.00056	0.99039
736 T	0.00905	0.00041	0.99054
737 T	0.00906	0.00034	0.9906
738 T	0.00905	0.00033	0.99062
739 G	0.00903	0.00034	0.99063
740 T	0.00898	0.00038	0.99064
741 A	0.00885	0.00050	0.99065
742 G	0.00879	0.00054	0.99068
743 G	0.00873	0.00060	0.99067
744 A	0.00867	0.00073	0.9906
745 T	0.00864	0.00087	0.9905
746 T	0.00856	0.00101	0.99043
747 A	0.00844	0.00117	0.99039
748 G	0.00839	0.00121	0.99039
749 G	0.00837	0.00123	0.9904
750 A	0.00836	0.00123	0.99042
751 G	0.00835	0.00121	0.99043
752 C	0.00835	0.00119	0.99046
753 T	0.00835	0.00119	0.99046
754 G	0.00834	0.00119	0.99047
755 C	0.00834	0.00120	0.99047
756 A	0.00833	0.00120	0.99047
757 C	0.00833	0.00120	0.99047
758 G	0.00833	0.00120	0.99047
759 T	0.00834	0.00120	0.99046
760 A	0.00835	0.00119	0.99046
761 T	0.00836	0.00117	0.99047
762 T	0.00837	0.00114	0.99049
763 A	0.00837	0.00109	0.99054
764 G	0.00838	0.00095	0.99067
765 A	0.00840	0.00087	0.99073
766 A	0.00843	0.00078	0.99078
767 G	0.00851	0.00064	0.99085
768 T	0.00864	0.00050	0.99085
769 T	0.00870	0.00044	0.99086
770 T	0.00873	0.00040	0.99088
771 A	0.00872	0.00047	0.99081
772 T	0.00872	0.00053	0.99075
773 T	0.00870	0.00063	0.99066
774 T	0.00869	0.00076	0.99055
775 A	0.00868	0.00083	0.99049
776 A	0.00867	0.00086	0.99047
777 A	0.00866	0.00087	0.99047
778 T	0.00865	0.00088	0.99048
779 C	0.00862	0.00090	0.99048
780 A	0.00848	0.00104	0.99048
781 G	0.00843	0.00109	0.99048
782 C	0.00840	0.00112	0.99047
783 T	0.00836	0.00117	0.99047
784 C	0.00829	0.00124	0.99047
785 A	0.00824	0.00130	0.99046
786 A	0.00821	0.00132	0.99047
787 G	0.00820	0.00134	0.99047
788 A	0.00820	0.00134	0.99047
789 G	0.00821	0.00132	0.99047
790 C	0.00825	0.00127	0.99048
791 A	0.00830	0.00122	0.99048
792 T	0.00839	0.00112	0.99049
793 G	0.00844	0.00106	0.9905
794 C	0.00854	0.00095	0.99051
795 T	0.00862	0.00087	0.99051
796 C	0.00868	0.00078	0.99053
797 C	0.00878	0.00069	0.99054
798 T	0.00883	0.00063	0.99054
799 T	0.00886	0.00060	0.99054
800 G	0.00886	0.00059	0.99054
801 T	0.00887	0.00059	0.99054
802 A	0.00887	0.00056	0.99057
803 T	0.00887	0.00041	0.99072
804 T	0.00887	0.00036	0.99077
805 A	0.00886	0.00034	0.9908
806 T	0.00886	0.00031	0.99082
807 T	0.00886	0.00028	0.99086
808 T	0.00886	0.00027	0.99087
809 T	0.00884	0.00029	0.99087
810 T	0.00877	0.00037	0.99087
811 A	0.00867	0.00050	0.99083
812 T	0.00856	0.00064	0.9908
813 A	0.00843	0.00080	0.99077
814 G	0.00835	0.00091	0.99074
815 A	0.00829	0.00100	0.99071
816 T	0.00820	0.00112	0.99068
817 G	0.00803	0.00136	0.99061
818 A	0.00765	0.00176	0.99059
819 A	0.00730	0.00212	0.99059
820 A	0.00711	0.00232	0.99058
821 T	0.00697	0.00247	0.99056
822 C	0.00674	0.00274	0.99053
823 G	0.00660	0.00291	0.9905
824 A	0.00647	0.00309	0.99043
825 A	0.00629	0.00328	0.99043
826 A	0.00623	0.00335	0.99042
827 C	0.00621	0.00336	0.99042
828 A	0.00618	0.00339	0.99043
829 C	0.00617	0.00338	0.99044
830 T	0.00617	0.00338	0.99046
831 T	0.00610	0.00343	0.99047
832 G	0.00604	0.00348	0.99047
833 C	0.00602	0.00343	0.99055
834 G	0.00599	0.00341	0.99059
835 C	0.00598	0.00331	0.9907
836 G	0.00599	0.00327	0.99075
837 T	0.00600	0.00325	0.99075
838 A	0.00597	0.00333	0.99069
839 A	0.00598	0.00334	0.99068
840 A	0.00601	0.00328	0.99071
841 A	0.00600	0.00296	0.99104
842 G	0.00600	0.00257	0.99143
843 A	0.00600	0.00239	0.99162
844 G	0.00599	0.00230	0.99171
845 G	0.00601	0.00215	0.99183
846 A	0.00602	0.00218	0.9918
847 A	0.00607	0.00211	0.99182
848 T	0.00609	0.00193	0.99199
849 G	0.00609	0.00191	0.992
850 A	0.00609	0.00190	0.99201
851 A	0.00610	0.00184	0.99207
852 T	0.00610	0.00176	0.99213
853 T	0.00610	0.00170	0.99219
854 C	0.00610	0.00160	0.9923
855 T	0.00610	0.00159	0.99231
856 T	0.00609	0.00163	0.99228
857 A	0.00596	0.00174	0.9923
858 C	0.00592	0.00176	0.99232
859 G	0.00589	0.00182	0.99229
860 G	0.00588	0.00186	0.99226
861 C	0.00591	0.00188	0.9922
862 G	0.00597	0.00217	0.99186
863 G	0.00607	0.00233	0.9916
864 T	0.00620	0.00241	0.9914
865 A	0.00622	0.00260	0.99119
866 A	0.00627	0.00271	0.99102
867 T	0.00635	0.00276	0.99089
868 A	0.00623	0.00324	0.99054
869 G	0.00624	0.00344	0.99032
870 T	0.00628	0.00349	0.99023
871 G	0.00615	0.00378	0.99007
872 A	0.00601	0.00419	0.98979
873 A	0.00585	0.00445	0.98969
874 C	0.00572	0.00464	0.98964
875 A	0.00506	0.00559	0.98935
876 A	0.00477	0.00592	0.98931
877 G	0.00461	0.00609	0.9893
878 A	0.00442	0.00629	0.98929
879 A	0.00426	0.00647	0.98928
880 C	0.00416	0.00643	0.98941
881 A	0.00413	0.00643	0.98943
882 A	0.00418	0.00635	0.98947
883 A	0.00428	0.00622	0.9895
884 C	0.00445	0.00602	0.98952
885 T	0.00487	0.00561	0.98952
886 T	0.00511	0.00537	0.98953
887 T	0.00520	0.00529	0.98951
888 A	0.00517	0.00530	0.98953
889 A	0.00517	0.00529	0.98953
890 A	0.00526	0.00511	0.98963
891 T	0.00562	0.00453	0.98986
892 C	0.00582	0.00418	0.99
893 A	0.00594	0.00404	0.99002
894 A	0.00614	0.00374	0.99012
895 T	0.00645	0.00329	0.99026
896 T	0.00652	0.00308	0.99039
897 A	0.00652	0.00299	0.99049
898 T	0.00673	0.00209	0.99119
899 T	0.00674	0.00178	0.99148
900 A	0.00672	0.00166	0.99162
901 A	0.00671	0.00148	0.99182
902 T	0.00670	0.00129	0.99201
903 T	0.00664	0.00127	0.99209
904 G	0.00651	0.00146	0.99202
905 A	0.00620	0.00186	0.99194
906 A	0.00613	0.00196	0.9919
907 T	0.00609	0.00207	0.99185
908 T	0.00600	0.00223	0.99177
909 A	0.00586	0.00255	0.99159
910 G	0.00574	0.00294	0.99132
911 A	0.00544	0.00363	0.99093
912 T	0.00535	0.00436	0.99029
913 G	0.00519	0.00488	0.98993
914 G	0.00510	0.00520	0.9897
915 A	0.00502	0.00564	0.98934
916 T	0.00501	0.00580	0.98919
917 A	0.00498	0.00596	0.98906
918 T	0.00498	0.00596	0.98906
919 A	0.00497	0.00596	0.98907
920 A	0.00498	0.00591	0.98911
921 T	0.00499	0.00587	0.98915
922 C	0.00499	0.00584	0.98917
923 A	0.00500	0.00583	0.98917
924 A	0.00502	0.00579	0.98919
925 A	0.00504	0.00574	0.98922
926 A	0.00509	0.00563	0.98928
927 T	0.00522	0.00540	0.98939
928 C	0.00531	0.00494	0.98975
929 A	0.00538	0.00480	0.98982
930 A	0.00549	0.00462	0.98988
931 G	0.00562	0.00440	0.98999
932 G	0.00584	0.00407	0.9901
933 A	0.00627	0.00355	0.99018
934 G	0.00689	0.00262	0.9905
935 T	0.00785	0.00155	0.9906
936 T	0.00824	0.00102	0.99074
937 A	0.00839	0.00087	0.99073
938 T	0.00860	0.00066	0.99074
939 T	0.00869	0.00064	0.99066
940 G	0.00874	0.00078	0.99048
941 T	0.00875	0.00093	0.99032
942 T	0.00875	0.00122	0.99004
943 G	0.00874	0.00134	0.98992
944 T	0.00871	0.00143	0.98986
945 A	0.00852	0.00167	0.98981
946 G	0.00834	0.00184	0.98982
947 C	0.00823	0.00195	0.98982
948 T	0.00819	0.00201	0.98981
949 G	0.00814	0.00206	0.98981
950 C	0.00810	0.00210	0.9898
951 T	0.00806	0.00214	0.98979
952 A	0.00796	0.00227	0.98977
953 C	0.00792	0.00232	0.98976
954 A	0.00790	0.00235	0.98975
955 A	0.00790	0.00236	0.98974
956 A	0.00791	0.00235	0.98974
957 T	0.00794	0.00232	0.98974
958 C	0.00796	0.00230	0.98974
959 A	0.00799	0.00227	0.98974
960 A	0.00809	0.00217	0.98974
961 C	0.00820	0.00205	0.98975
962 C	0.00836	0.00189	0.98976
963 T	0.00862	0.00163	0.98976
964 G	0.00876	0.00148	0.98976
965 A	0.00901	0.00123	0.98977
966 T	0.00913	0.00109	0.98978
967 T	0.00919	0.00100	0.98981
968 T	0.00923	0.00076	0.99001
969 T	0.00923	0.00057	0.9902
970 T	0.00923	0.00045	0.99032
971 T	0.00922	0.00041	0.99037
972 A	0.00921	0.00038	0.99041
973 G	0.00921	0.00035	0.99045
974 A	0.00921	0.00031	0.99047
975 T	0.00920	0.00023	0.99058
976 C	0.00915	0.00023	0.99062
977 C	0.00914	0.00024	0.99063
978 T	0.00913	0.00025	0.99061
979 G	0.00912	0.00027	0.99061
980 C	0.00911	0.00029	0.99061
981 T	0.00910	0.00033	0.99057
982 T	0.00909	0.00047	0.99045
983 T	0.00904	0.00081	0.99014
984 A	0.00899	0.00129	0.98972
985 T	0.00895	0.00163	0.98943
986 T	0.00889	0.00189	0.98922
987 A	0.00884	0.00202	0.98914
988 A	0.00882	0.00205	0.98912
989 G	0.00879	0.00209	0.98912
990 A	0.00877	0.00211	0.98912
991 C	0.00876	0.00212	0.98913
992 C	0.00871	0.00217	0.98913
993 A	0.00867	0.00224	0.98909
994 G	0.00865	0.00227	0.98908
995 G	0.00864	0.00229	0.98907
996 A	0.00863	0.00232	0.98905
997 A	0.00863	0.00232	0.98904
998 G	0.00863	0.00228	0.98909
999 G	0.00864	0.00223	0.98914
1000 T	0.00865	0.00221	0.98915
1001 T	0.00866	0.00220	0.98915
1002 A	0.00866	0.00218	0.98916
1003 G	0.00867	0.00216	0.98918
1004 A	0.00870	0.00211	0.98919
1005 A	0.00882	0.00196	0.98922
1006 C	0.00915	0.00155	0.98929
1007 G	0.00958	0.00107	0.98935
1008 T	0.00989	0.00072	0.98939
1009 C	0.01004	0.00054	0.98941
1010 G	0.01010	0.00047	0.98943
1011 T	0.01012	0.00045	0.98943
1012 T	0.01013	0.00042	0.98944
1013 T	0.01014	0.00040	0.98946
1014 T	0.01013	0.00041	0.98946
1015 A	0.01012	0.00039	0.9895
1016 T	0.01012	0.00034	0.98954
1017 T	0.01010	0.00035	0.98955
1018 G	0.00995	0.00052	0.98953
1019 T	0.00989	0.00061	0.98949
1020 T	0.00975	0.00085	0.98941
1021 A	0.00954	0.00120	0.98926
1022 A	0.00943	0.00146	0.98912
1023 T	0.00939	0.00153	0.98909
1024 T	0.00926	0.00166	0.98908
1025 T	0.00885	0.00209	0.98906
1026 A	0.00810	0.00288	0.98902
1027 C	0.00790	0.00311	0.98899
1028 C	0.00779	0.00329	0.98892
1029 A	0.00763	0.00376	0.9886
1030 A	0.00759	0.00395	0.98846
1031 G	0.00758	0.00402	0.9884
1032 T	0.00757	0.00409	0.98834
1033 G	0.00755	0.00416	0.98829
1034 T	0.00754	0.00423	0.98823
1035 T	0.00750	0.00437	0.98813
1036 A	0.00741	0.00470	0.98789
1037 A	0.00733	0.00520	0.98748
1038 A	0.00729	0.00554	0.98718
1039 G	0.00726	0.00569	0.98705
1040 A	0.00725	0.00596	0.98678
1041 T	0.00730	0.00598	0.98673
1042 A	0.00729	0.00623	0.98648
1043 G	0.00734	0.00620	0.98646
1044 A	0.00745	0.00605	0.9865
1045 G	0.00757	0.00582	0.98661
1046 A	0.00760	0.00571	0.98668
1047 A	0.00764	0.00546	0.9869
1048 G	0.00770	0.00492	0.98738
1049 C	0.00779	0.00415	0.98806
1050 T	0.00789	0.00400	0.9881
1051 A	0.00797	0.00397	0.98806
1052 T	0.00828	0.00364	0.98807
1053 T	0.00840	0.00366	0.98794
1054 T	0.00843	0.00389	0.98767
1055 T	0.00841	0.00434	0.98725
1056 A	0.00834	0.00511	0.98655
1057 A	0.00833	0.00620	0.98548
1058 A	0.00835	0.00727	0.98438
1059 A	0.00855	0.00712	0.98433
1060 T	0.00906	0.00660	0.98434
1061 T	0.00939	0.00627	0.98434
1062 A	0.00948	0.00621	0.98431
1063 C	0.00973	0.00595	0.98433
1064 A	0.00991	0.00577	0.98432
1065 T	0.01022	0.00544	0.98434
1066 T	0.01039	0.00527	0.98433
1067 C	0.01050	0.00517	0.98433
1068 T	0.01053	0.00529	0.98418
1069 T	0.01054	0.00559	0.98386
1070 T	0.01052	0.00580	0.98367
1071 A	0.01037	0.00631	0.98331
1072 A	0.01001	0.00688	0.98311
1073 A	0.00987	0.00709	0.98304
1074 T	0.00985	0.00718	0.98297
1075 A	0.00969	0.00745	0.98286
1076 A	0.00974	0.00742	0.98284
1077 A	0.00998	0.00719	0.98283
1078 A	0.01043	0.00671	0.98287
1079 A	0.01107	0.00599	0.98294
1080 A	0.01214	0.00488	0.98298
1081 A	0.01319	0.00375	0.98306
1082 T	0.01342	0.00344	0.98313
1083 T	0.01351	0.00331	0.98317
1084 T	0.01354	0.00325	0.98322
1085 C	0.01350	0.00324	0.98327
1086 T	0.01344	0.00328	0.98327
1087 C	0.01331	0.00341	0.98329
1088 C	0.01326	0.00346	0.98328
1089 C	0.01324	0.00348	0.98328
1090 G	0.01327	0.00348	0.98325
1091 A	0.01345	0.00332	0.98323
1092 T	0.01383	0.00296	0.98322
1093 G	0.01400	0.00282	0.98318
1094 T	0.01434	0.00238	0.98328
1095 T	0.01449	0.00191	0.9836
1096 A	0.01449	0.00181	0.98369
1097 G	0.01451	0.00169	0.9838
1098 T	0.01458	0.00157	0.98385
1099 T	0.01456	0.00173	0.98371
1100 T	0.01447	0.00195	0.98358
1101 A	0.01431	0.00222	0.98346
1102 G	0.01427	0.00236	0.98336
1103 A	0.01425	0.00247	0.98328
1104 A	0.01420	0.00259	0.98321
1105 G	0.01419	0.00264	0.98317
1106 A	0.01418	0.00267	0.98314
1107 A	0.01417	0.00267	0.98316
1108 G	0.01417	0.00259	0.98325
1109 T	0.01417	0.00251	0.98331
1110 G	0.01416	0.00240	0.98345
1111 G	0.01416	0.00235	0.98349
1112 C	0.01417	0.00230	0.98353
1113 T	0.01420	0.00228	0.98352
1114 A	0.01421	0.00229	0.98349
1115 G	0.01424	0.00227	0.98349
1116 A	0.01430	0.00223	0.98347
1117 G	0.01438	0.00215	0.98347
1118 T	0.01450	0.00198	0.98352
1119 T	0.01465	0.00178	0.98357
1120 A	0.01474	0.00163	0.98363
1121 C	0.01494	0.00133	0.98374
1122 T	0.01521	0.00100	0.98378
1123 T	0.01537	0.00078	0.98385
1124 C	0.01543	0.00064	0.98392
1125 T	0.01552	0.00056	0.98391
1126 G	0.01555	0.00057	0.98388
1127 G	0.01558	0.00060	0.98383
1128 T	0.01561	0.00076	0.98362
1129 T	0.01561	0.00129	0.98311
1130 T	0.01558	0.00170	0.98273
1131 T	0.01546	0.00229	0.98225
1132 A	0.01525	0.00298	0.98177
1133 G	0.01511	0.00333	0.98156
1134 T	0.01504	0.00358	0.98138
1135 G	0.01495	0.00371	0.98134
1136 G	0.01491	0.00378	0.9813
1137 A	0.01490	0.00380	0.98131
1138 G	0.01487	0.00384	0.9813
1139 C	0.01487	0.00385	0.98129
1140 T	0.01487	0.00391	0.98122
1141 C	0.01484	0.00406	0.9811
1142 A	0.01482	0.00464	0.98054
1143 A	0.01481	0.00509	0.9801
1144 T	0.01480	0.00551	0.97968
1145 T	0.01479	0.00624	0.97897
1146 A	0.01477	0.00727	0.97796
1147 G	0.01476	0.00797	0.97727
1148 A	0.01479	0.00834	0.97687
1149 A	0.01483	0.00845	0.97672
1150 G	0.01496	0.00841	0.97662
1151 G	0.01526	0.00821	0.97653
1152 T	0.01604	0.00750	0.97646
1153 A	0.01646	0.00710	0.97644
1154 T	0.01698	0.00651	0.97651
1155 T	0.01726	0.00616	0.97659
1156 T	0.01735	0.00611	0.97655
1157 T	0.01735	0.00619	0.97645
1158 A	0.01722	0.00655	0.97623
1159 A	0.01717	0.00682	0.97601
1160 A	0.01713	0.00694	0.97593
1161 T	0.01707	0.00707	0.97586
1162 G	0.01686	0.00730	0.97585
1163 A	0.01670	0.00751	0.97578
1164 A	0.01586	0.00841	0.97573
1165 G	0.01565	0.00861	0.97574
1166 C	0.01577	0.00850	0.97574
1167 A	0.01587	0.00852	0.97561
1168 G	0.01646	0.00806	0.97547
1169 C	0.01737	0.00724	0.97539
1170 T	0.01811	0.00693	0.97496
1171 T	0.01823	0.00722	0.97455
1172 T	0.01798	0.00780	0.97423
1173 A	0.01739	0.00884	0.97377
1174 T	0.01695	0.00942	0.97364
1175 T	0.01623	0.01022	0.97355
1176 A	0.01493	0.01156	0.97351
1177 A	0.01435	0.01214	0.97352
1178 C	0.01425	0.01219	0.97356
1179 T	0.01412	0.01231	0.97357
1180 G	0.01359	0.01282	0.97359
1181 C	0.01352	0.01285	0.97362
1182 T	0.01357	0.01282	0.9736
1183 A	0.01343	0.01302	0.97355
1184 G	0.01346	0.01295	0.97359
1185 A	0.01348	0.01286	0.97366
1186 A	0.01352	0.01274	0.97373
1187 A	0.01361	0.01170	0.9747
1188 T	0.01369	0.01086	0.97544
1189 A	0.01376	0.01058	0.97567
1190 A	0.01399	0.00999	0.97601
1191 T	0.01435	0.00938	0.97627
1192 G	0.01452	0.00902	0.97646
1193 T	0.01497	0.00831	0.97671
1194 T	0.01527	0.00779	0.97694
1195 G	0.01545	0.00726	0.97729
1196 A	0.01574	0.00668	0.97758
1197 T	0.01590	0.00617	0.97793
1198 T	0.01598	0.00601	0.978
1199 T	0.01601	0.00567	0.97832
1200 T	0.01598	0.00652	0.9775
1201 A	0.01564	0.00905	0.97531
1202 T	0.01540	0.01133	0.97327
1203 T	0.01469	0.01456	0.97075
1204 G	0.01414	0.02021	0.96565
1205 A	0.01371	0.02525	0.96104
1206 T	0.01340	0.03161	0.95499
1207 A	0.01279	0.03918	0.94803
1208 A	0.01224	0.04567	0.94209
1209 A	0.01149	0.05080	0.93771
1210 A	0.01080	0.05269	0.93651
1211 A	0.01064	0.05340	0.93595
1212 A	0.01073	0.05387	0.9354
1213 A	0.01084	0.05447	0.93469
1214 C	0.01099	0.05434	0.93467
1215 T	0.01119	0.05427	0.93454
1216 A	0.01127	0.05431	0.93442
1217 T	0.01143	0.05420	0.93437
1218 C	0.01149	0.05416	0.93435
1219 A	0.01162	0.05409	0.93428
1220 G	0.01190	0.05383	0.93426
1221 T	0.01285	0.05288	0.93426
1222 G	0.01361	0.05211	0.93428
1223 A	0.01516	0.05053	0.93432
1224 A	0.01756	0.04770	0.93474
1225 G	0.02048	0.04433	0.9352
1226 C	0.02396	0.03990	0.93613
1227 T	0.03008	0.03341	0.93651
1228 A	0.03394	0.02926	0.9368
1229 T	0.04027	0.02274	0.93699
1230 A	0.04596	0.01669	0.93735
1231 G	0.05116	0.01106	0.93778
1232 A	0.05460	0.00677	0.93863
1233 T	0.05622	0.00431	0.93947
1234 C	0.05668	0.00365	0.93966
1235 G	0.05715	0.00328	0.93956
1236 T	0.05741	0.00324	0.93935
1237 A	0.05575	0.00547	0.93878
1238 T	0.05488	0.00724	0.93788
1239 T	0.05115	0.01256	0.9363
1240 T	0.04682	0.01991	0.93327
1241 T	0.03926	0.02951	0.93123
1242 A	0.02713	0.04410	0.92878
1243 A	0.02061	0.05159	0.92779
1244 T	0.01774	0.05485	0.92741
1245 G	0.01353	0.05916	0.92731
1246 G	0.01118	0.06153	0.92728
1247 G	0.00944	0.06332	0.92724
1248 A	0.00856	0.06422	0.92721
1249 C	0.00798	0.06479	0.92722
1250 C	0.00778	0.06500	0.92722
1251 A	0.00769	0.06512	0.92719
1252 G	0.00772	0.06511	0.92717
1253 C	0.00773	0.06511	0.92716
1254 T	0.00774	0.06517	0.92708
1255 A	0.00775	0.06528	0.92697
1256 A	0.00777	0.06534	0.92689
1257 A	0.00777	0.06539	0.92684
1258 A	0.00784	0.06524	0.92691
1259 A	0.00806	0.06372	0.92823
1260 A	0.00870	0.06011	0.93118
1261 A	0.00996	0.05700	0.93304
1262 G	0.01202	0.04888	0.93909
1263 T	0.01549	0.03902	0.94549
1264 G	0.01708	0.02999	0.95293
1265 T	0.01899	0.02019	0.96082
1266 T	0.01927	0.02033	0.9604
1267 A	0.01835	0.03086	0.9508
1268 A	0.01759	0.04557	0.93685
1269 A	0.01684	0.06272	0.92044
1270 T	0.01660	0.06287	0.92053
1271 A	0.01620	0.06548	0.91832
1272 T	0.01591	0.06774	0.91634
1273 T	0.01523	0.07040	0.91437
1274 C	0.01375	0.07375	0.9125
1275 T	0.01244	0.07899	0.90857
1276 G	0.01131	0.08423	0.90447
1277 A	0.01073	0.08813	0.90114
1278 A	0.01060	0.08947	0.89994
1279 A	0.01056	0.09043	0.89901
1280 A	0.01059	0.09061	0.89879
1281 A	0.01063	0.09063	0.89874
1282 G	0.01066	0.09070	0.89864
1283 A	0.01083	0.09063	0.89854
1284 A	0.01110	0.09045	0.89845
1285 A	0.01144	0.09019	0.89836
1286 A	0.01216	0.08950	0.89833
1287 G	0.01382	0.08767	0.89851
1288 A	0.01679	0.08474	0.89848
1289 A	0.02151	0.07990	0.8986
1290 A	0.03162	0.06906	0.89932
1291 A	0.04776	0.05229	0.89995
1292 T	0.06580	0.03339	0.90082
1293 G	0.06783	0.03092	0.90124
1294 A	0.07184	0.02637	0.90178
1295 T	0.07757	0.01991	0.90252
1296 T	0.08127	0.01530	0.90343
1297 T	0.08317	0.01218	0.90464
1298 C	0.08484	0.00960	0.90557
1299 T	0.08677	0.00723	0.906
1300 T	0.08742	0.00639	0.90619
1301 A	0.08669	0.00712	0.90619
1302 T	0.08227	0.01151	0.90621
1303 C	0.07308	0.02073	0.90619
1304 A	0.06651	0.02738	0.9061
1305 T	0.06493	0.02902	0.90605
1306 G	0.06103	0.03294	0.90604
1307 A	0.05871	0.03531	0.90598
1308 A	0.05761	0.03642	0.90598
1309 G	0.05690	0.03701	0.90609
1310 C	0.05661	0.03726	0.90613
1311 A	0.05635	0.03753	0.90613
1312 G	0.05617	0.03769	0.90614
1313 G	0.05629	0.03757	0.90613
1314 T	0.05647	0.03740	0.90613
1315 C	0.05644	0.03742	0.90614
1316 A	0.05656	0.03727	0.90617
1317 T	0.05665	0.03710	0.90626
1318 G	0.05662	0.03700	0.90637
1319 C	0.05667	0.03684	0.90649
1320 T	0.05678	0.03675	0.90646
1321 G	0.05682	0.03647	0.90671
1322 T	0.05690	0.03614	0.90697
1323 T	0.05692	0.03556	0.90752
1324 A	0.05687	0.03480	0.90834
1325 T	0.05688	0.02837	0.91475
1326 T	0.05691	0.01891	0.92418
1327 G	0.05696	0.01217	0.93088
1328 G	0.05705	0.01065	0.9323
