# lcl|CP097583.1_cds_USQ93209.1_1
# AA	inside	membr	outside
1 A	0.35392	0.00000	0.64608
2 T	0.35355	0.00037	0.64608
3 G	0.35339	0.00053	0.64608
4 G	0.35339	0.00477	0.64183
5 C	0.35254	0.01044	0.63702
6 T	0.35254	0.01313	0.63433
7 T	0.34723	0.01982	0.63295
8 A	0.34723	0.01989	0.63288
9 T	0.34628	0.02132	0.63239
10 A	0.34628	0.06612	0.5876
11 G	0.34609	0.06785	0.58606
12 T	0.34473	0.06999	0.58528
13 A	0.34175	0.07907	0.57918
14 A	0.34175	0.07907	0.57918
15 A	0.34175	0.10565	0.5526
16 T	0.34163	0.10577	0.5526
17 T	0.33987	0.10843	0.5517
18 A	0.33969	0.11259	0.54772
19 A	0.33442	0.12101	0.54457
20 G	0.31868	0.18815	0.49317
21 A	0.30222	0.20476	0.49302
22 T	0.30190	0.20790	0.49019
23 G	0.30158	0.21051	0.48791
24 T	0.30195	0.21198	0.48608
25 G	0.30182	0.21182	0.48636
26 A	0.30201	0.21181	0.48618
27 T	0.30529	0.20792	0.48679
28 A	0.30991	0.20258	0.48751
29 C	0.31263	0.19922	0.48816
30 A	0.31831	0.19048	0.49121
31 T	0.32107	0.18727	0.49166
32 C	0.32120	0.18627	0.49253
33 T	0.34906	0.15888	0.49206
34 C	0.33638	0.17282	0.4908
35 A	0.32981	0.18054	0.48965
36 T	0.32850	0.18125	0.49025
37 A	0.31553	0.19496	0.48951
38 G	0.32639	0.18447	0.48914
39 A	0.31666	0.19590	0.48743
40 A	0.31856	0.19154	0.4899
41 A	0.32352	0.18467	0.49181
42 A	0.33105	0.17086	0.49809
43 T	0.38030	0.10621	0.51348
44 C	0.38193	0.09078	0.52729
45 T	0.38556	0.08741	0.52703
46 T	0.38704	0.08840	0.52456
47 T	0.38774	0.09023	0.52203
48 A	0.38715	0.09237	0.52049
49 T	0.38658	0.09343	0.51999
50 T	0.38627	0.09369	0.52004
51 A	0.38520	0.09551	0.51929
52 A	0.38453	0.09706	0.51841
53 A	0.38431	0.09702	0.51868
54 A	0.38431	0.09600	0.51969
55 A	0.38439	0.09275	0.52286
56 A	0.38536	0.08790	0.52674
57 T	0.38753	0.06758	0.54489
58 T	0.38906	0.05765	0.55329
59 T	0.38955	0.05236	0.55809
60 A	0.38975	0.04697	0.56327
61 G	0.39004	0.04073	0.56923
62 T	0.39137	0.03338	0.57524
63 T	0.39142	0.03525	0.57332
64 G	0.39133	0.04023	0.56844
65 C	0.39158	0.04425	0.56417
66 T	0.39214	0.06060	0.54726
67 A	0.39249	0.07077	0.53673
68 G	0.39391	0.07007	0.53602
69 T	0.39739	0.06761	0.535
70 T	0.39981	0.06580	0.53438
71 T	0.40098	0.06443	0.53459
72 C	0.40118	0.06400	0.53481
73 A	0.40148	0.06578	0.53274
74 T	0.40239	0.06544	0.53216
75 T	0.40310	0.06716	0.52974
76 A	0.40324	0.07167	0.52509
77 T	0.40346	0.07162	0.52492
78 G	0.40305	0.07216	0.52478
79 A	0.40246	0.07349	0.52404
80 A	0.40231	0.07420	0.52349
81 C	0.40258	0.07381	0.52361
82 G	0.40310	0.07333	0.52357
83 A	0.40574	0.07075	0.52351
84 A	0.40797	0.06844	0.52359
85 C	0.41283	0.06349	0.52368
86 G	0.41974	0.05658	0.52369
87 T	0.43085	0.04535	0.5238
88 C	0.43596	0.04027	0.52376
89 T	0.44870	0.02766	0.52364
90 T	0.45368	0.02286	0.52347
91 T	0.45429	0.02224	0.52348
92 T	0.45466	0.02196	0.52338
93 T	0.45193	0.02485	0.52322
94 A	0.44380	0.03290	0.5233
95 C	0.43814	0.03819	0.52366
96 T	0.43124	0.04518	0.52358
97 A	0.40785	0.06868	0.52347
98 C	0.39702	0.07932	0.52365
99 T	0.38325	0.09337	0.52338
100 G	0.36481	0.11185	0.52334
101 A	0.35313	0.12320	0.52367
102 A	0.34369	0.13207	0.52424
103 T	0.33489	0.14047	0.52464
104 C	0.29905	0.17574	0.52521
105 T	0.27513	0.20079	0.52409
106 A	0.23997	0.23612	0.52391
107 G	0.21661	0.25968	0.52372
108 A	0.20097	0.27575	0.52328
109 G	0.18871	0.28817	0.52312
110 C	0.18412	0.29278	0.5231
111 T	0.17947	0.29786	0.52268
112 A	0.16739	0.31073	0.52189
113 A	0.15917	0.31923	0.5216
114 A	0.15256	0.32590	0.52154
115 G	0.14822	0.33052	0.52126
116 A	0.14623	0.32990	0.52386
117 A	0.14498	0.32277	0.53225
118 A	0.14382	0.31616	0.54002
119 T	0.14343	0.30543	0.55113
120 T	0.14092	0.28893	0.57016
121 A	0.13669	0.28562	0.5777
122 G	0.13444	0.27168	0.59387
123 A	0.13214	0.26445	0.60341
124 A	0.13169	0.25612	0.6122
125 A	0.13153	0.24533	0.62314
126 A	0.13156	0.22999	0.63845
127 G	0.13199	0.18330	0.6847
128 T	0.13329	0.15822	0.70849
129 A	0.13311	0.13262	0.73428
130 G	0.13327	0.11267	0.75407
131 T	0.13384	0.09837	0.76779
132 T	0.13389	0.08842	0.77769
133 G	0.13342	0.09140	0.77518
134 A	0.13324	0.10114	0.76562
135 T	0.13344	0.09997	0.76659
136 A	0.13219	0.11676	0.75105
137 A	0.13152	0.12695	0.74153
138 A	0.13124	0.13844	0.73032
139 G	0.13207	0.15419	0.71374
140 T	0.13372	0.17501	0.69128
141 G	0.13411	0.22881	0.63708
142 A	0.13569	0.23916	0.62515
143 T	0.13923	0.23758	0.62319
144 T	0.14257	0.23510	0.62233
145 A	0.14345	0.23533	0.62122
146 C	0.14659	0.23206	0.62135
147 T	0.14819	0.23576	0.61606
148 T	0.14740	0.24521	0.60739
149 T	0.14544	0.25661	0.59796
150 A	0.14016	0.26963	0.59021
151 A	0.13872	0.27592	0.58536
152 G	0.13818	0.27781	0.58401
153 T	0.13894	0.27912	0.58194
154 A	0.13926	0.28293	0.57781
155 A	0.14159	0.28548	0.57294
156 A	0.14727	0.28386	0.56887
157 A	0.15833	0.28010	0.56157
158 A	0.16363	0.27657	0.55981
159 A	0.18350	0.25637	0.56014
160 A	0.19803	0.24093	0.56105
161 A	0.21395	0.22384	0.56222
162 C	0.23540	0.20155	0.56305
163 A	0.26129	0.17578	0.56293
164 C	0.31602	0.12054	0.56344
165 T	0.33277	0.10407	0.56316
166 T	0.33784	0.09952	0.56264
167 T	0.34008	0.09839	0.56152
168 A	0.33484	0.10663	0.55853
169 G	0.33598	0.10594	0.55808
170 A	0.34059	0.10064	0.55877
171 T	0.34933	0.08939	0.56128
172 T	0.35627	0.07937	0.56436
173 C	0.35863	0.07230	0.56906
174 T	0.35584	0.07432	0.56984
175 C	0.33913	0.09043	0.57044
176 A	0.31684	0.11345	0.56971
177 A	0.31345	0.11677	0.56979
178 A	0.31535	0.11457	0.57008
179 G	0.31808	0.11057	0.57135
180 A	0.32435	0.10353	0.57213
181 T	0.32732	0.09671	0.57598
182 T	0.32841	0.09388	0.57771
183 A	0.32725	0.09406	0.57869
184 G	0.32643	0.09377	0.5798
185 C	0.32656	0.09279	0.58065
186 T	0.32665	0.09235	0.581
187 T	0.32611	0.09265	0.58124
188 C	0.32487	0.09352	0.58161
189 A	0.32348	0.09505	0.58147
190 A	0.32368	0.09462	0.5817
191 C	0.32625	0.08454	0.58921
192 T	0.32695	0.08301	0.59005
193 T	0.32733	0.08196	0.5907
194 T	0.32715	0.08009	0.59277
195 T	0.32667	0.07807	0.59525
196 T	0.32617	0.07436	0.59946
197 T	0.32537	0.06692	0.60771
198 A	0.32393	0.05339	0.62268
199 T	0.32337	0.03519	0.64143
200 T	0.32204	0.03427	0.6437
201 T	0.31030	0.04999	0.6397
202 A	0.27531	0.09896	0.62573
203 A	0.24458	0.14124	0.61418
204 T	0.21743	0.17671	0.60586
205 A	0.19845	0.21426	0.58729
206 A	0.18914	0.22917	0.58168
207 A	0.18394	0.24108	0.57497
208 A	0.18258	0.24633	0.57109
209 G	0.18211	0.24698	0.57092
210 A	0.18146	0.24759	0.57094
211 A	0.18127	0.24682	0.57191
212 T	0.18157	0.24518	0.57325
213 T	0.18173	0.24511	0.57317
214 G	0.18164	0.24487	0.57349
215 A	0.18171	0.24474	0.57355
216 T	0.18193	0.24411	0.57396
217 T	0.18170	0.24477	0.57352
218 C	0.17812	0.25035	0.57153
219 A	0.17551	0.25624	0.56825
220 G	0.17321	0.25966	0.56713
221 A	0.17185	0.26294	0.56521
222 T	0.17445	0.26005	0.56551
223 A	0.17657	0.25685	0.56658
224 A	0.18317	0.23614	0.58068
225 A	0.19609	0.18720	0.61671
226 A	0.20770	0.14155	0.65075
227 C	0.21821	0.09858	0.68321
228 T	0.24014	0.06894	0.69092
229 G	0.24540	0.07170	0.6829
230 T	0.25136	0.08922	0.65942
231 T	0.25201	0.09580	0.65219
232 T	0.24879	0.10398	0.64723
233 T	0.23796	0.12374	0.6383
234 A	0.21142	0.16361	0.62498
235 C	0.20234	0.18043	0.61723
236 A	0.19383	0.20367	0.60251
237 A	0.19129	0.21421	0.5945
238 A	0.19104	0.21839	0.59057
239 A	0.19205	0.22167	0.58628
240 A	0.19385	0.22319	0.58296
241 T	0.19818	0.21729	0.58453
242 T	0.20118	0.21179	0.58703
243 A	0.20191	0.20869	0.58939
244 T	0.20192	0.20691	0.59116
245 T	0.20031	0.20829	0.5914
246 C	0.19779	0.21064	0.59156
247 A	0.19444	0.21756	0.588
248 A	0.19249	0.22233	0.58518
249 A	0.19203	0.22477	0.5832
250 G	0.19201	0.22835	0.57963
251 A	0.19470	0.22780	0.5775
252 A	0.20565	0.21646	0.57789
253 A	0.22978	0.18654	0.58368
254 T	0.24407	0.16731	0.58862
255 A	0.25124	0.15563	0.59313
256 T	0.26634	0.12805	0.60561
257 C	0.27451	0.09718	0.62831
258 T	0.27806	0.08866	0.63328
259 G	0.27527	0.09068	0.63405
260 T	0.27781	0.09359	0.6286
261 C	0.26255	0.11662	0.62083
262 A	0.24987	0.14811	0.60203
263 A	0.24203	0.15731	0.60066
264 A	0.23368	0.16546	0.60085
265 T	0.22895	0.16994	0.60111
266 A	0.21936	0.17916	0.60148
267 C	0.21397	0.18036	0.60567
268 C	0.21108	0.18144	0.60748
269 A	0.20835	0.18557	0.60608
270 A	0.20926	0.18732	0.60341
271 G	0.21093	0.19100	0.59808
272 A	0.21117	0.19520	0.59364
273 T	0.20831	0.20080	0.59088
274 A	0.19954	0.20664	0.59381
275 G	0.19587	0.20750	0.59663
276 A	0.19312	0.20929	0.5976
277 A	0.19177	0.20914	0.59908
278 C	0.19212	0.20543	0.60245
279 A	0.19238	0.20428	0.60334
280 A	0.19354	0.20098	0.60549
281 G	0.19685	0.19358	0.60957
282 T	0.20348	0.17979	0.61673
283 G	0.20807	0.17387	0.61806
284 G	0.21453	0.14959	0.63589
285 T	0.22893	0.12332	0.64774
286 T	0.22984	0.11236	0.65779
287 A	0.22908	0.10486	0.66606
288 T	0.22862	0.10105	0.67033
289 A	0.22323	0.09994	0.67682
290 C	0.22005	0.09758	0.68237
291 A	0.21861	0.09772	0.68366
292 A	0.22076	0.09314	0.6861
293 G	0.22417	0.09065	0.68518
294 A	0.23017	0.08725	0.68258
295 A	0.23511	0.08475	0.68014
296 T	0.23909	0.07520	0.68571
297 T	0.23904	0.06911	0.69185
298 A	0.23854	0.08368	0.67779
299 T	0.23874	0.09523	0.66602
300 T	0.23840	0.11224	0.64936
301 A	0.23731	0.14319	0.61949
302 A	0.23703	0.14462	0.61835
303 A	0.23714	0.14480	0.61806
304 A	0.23725	0.14475	0.61799
305 G	0.23781	0.14377	0.61842
306 C	0.23962	0.14114	0.61924
307 G	0.24198	0.13925	0.61877
308 A	0.24496	0.13679	0.61824
309 A	0.24678	0.13464	0.61858
310 T	0.24962	0.13096	0.61942
311 G	0.25061	0.12900	0.62038
312 T	0.25217	0.12151	0.62632
313 C	0.25253	0.11782	0.62964
314 G	0.25323	0.11664	0.63013
315 A	0.25388	0.11876	0.62737
316 A	0.25620	0.11956	0.62423
317 G	0.25968	0.11606	0.62425
318 A	0.26488	0.11111	0.62402
319 G	0.27011	0.10487	0.62503
320 G	0.27705	0.09689	0.62607
321 C	0.29652	0.07669	0.62679
322 G	0.31006	0.06308	0.62686
323 A	0.32659	0.04647	0.62694
324 T	0.35467	0.01792	0.62742
325 T	0.35686	0.01542	0.62773
326 C	0.35736	0.01475	0.62788
327 T	0.35738	0.01440	0.62822
328 G	0.35662	0.01492	0.62847
329 C	0.35636	0.01512	0.62852
330 T	0.35645	0.01501	0.62854
331 C	0.35652	0.01495	0.62854
332 C	0.35618	0.01529	0.62853
333 T	0.35594	0.01556	0.62851
334 A	0.35497	0.01653	0.6285
335 T	0.35511	0.01637	0.62852
336 G	0.35520	0.01625	0.62855
337 G	0.35597	0.01534	0.6287
338 C	0.35893	0.01198	0.62909
339 T	0.36231	0.00843	0.62926
340 C	0.36268	0.00799	0.62933
341 T	0.36325	0.00740	0.62936
342 T	0.36345	0.00718	0.62937
343 A	0.36353	0.00709	0.62938
344 T	0.36379	0.00676	0.62944
345 T	0.36390	0.00659	0.62951
346 T	0.36399	0.00626	0.62976
347 T	0.36404	0.00600	0.62996
348 A	0.36405	0.00571	0.63023
349 T	0.36407	0.00507	0.63086
350 T	0.36408	0.00436	0.63155
351 T	0.36409	0.00349	0.63242
352 G	0.36409	0.00297	0.63294
353 T	0.36411	0.00242	0.63347
354 T	0.36412	0.00194	0.63395
355 T	0.36412	0.00146	0.63441
356 A	0.36414	0.00098	0.63488
357 A	0.36415	0.00000	0.63585
