# lcl|CP097583.1_cds_USQ93595.1_1
# AA	inside	membr	outside
1 A	0.83473	0.00000	0.16526
2 T	0.83132	0.00341	0.16526
3 G	0.82969	0.00504	0.16526
4 A	0.82969	0.04056	0.12975
5 A	0.81673	0.08557	0.0977
6 T	0.81673	0.08868	0.09459
7 T	0.62997	0.27665	0.09337
8 C	0.62995	0.27669	0.09336
9 A	0.56191	0.34539	0.0927
10 A	0.56182	0.36372	0.07446
11 A	0.55417	0.37220	0.07363
12 C	0.45228	0.47451	0.07321
13 A	0.32685	0.60372	0.06942
14 A	0.32683	0.60374	0.06942
15 A	0.32683	0.62055	0.05261
16 A	0.32563	0.62176	0.05261
17 A	0.32483	0.62260	0.05257
18 A	0.32481	0.62267	0.05251
19 A	0.32458	0.62290	0.05252
20 T	0.32398	0.62321	0.05281
21 T	0.32258	0.62428	0.05314
22 A	0.32428	0.62187	0.05386
23 C	0.32834	0.61555	0.05612
24 T	0.33886	0.60437	0.05678
25 T	0.34380	0.59433	0.06186
26 T	0.34636	0.58943	0.06421
27 A	0.36594	0.56508	0.06898
28 T	0.38924	0.53157	0.07919
29 T	0.39170	0.51012	0.09818
30 A	0.39356	0.34678	0.25967
31 T	0.39530	0.32522	0.27949
32 T	0.39683	0.25322	0.34995
33 T	0.40611	0.22833	0.36556
34 A	0.40148	0.22313	0.37539
35 T	0.40309	0.13857	0.45834
36 T	0.40403	0.04956	0.54641
37 A	0.40256	0.05048	0.54696
38 T	0.41415	0.03813	0.54773
39 T	0.41008	0.05183	0.53809
40 T	0.40644	0.05875	0.53481
41 T	0.40338	0.06661	0.53001
42 A	0.39802	0.07798	0.52401
43 T	0.39585	0.08389	0.52025
44 T	0.39152	0.11520	0.49328
45 T	0.38542	0.13039	0.4842
46 A	0.37964	0.14387	0.47649
47 T	0.37717	0.14789	0.47494
48 A	0.37480	0.15150	0.47371
49 A	0.37407	0.15607	0.46985
50 T	0.37381	0.15677	0.46942
51 T	0.37324	0.15772	0.46904
52 T	0.37273	0.15816	0.46911
53 T	0.37183	0.15960	0.46857
54 A	0.37121	0.16162	0.46716
55 A	0.37113	0.16218	0.46669
56 T	0.37233	0.15795	0.46972
57 T	0.37364	0.15206	0.4743
58 G	0.37377	0.15455	0.47168
59 G	0.37541	0.15666	0.46793
60 T	0.37838	0.15539	0.46623
61 A	0.38071	0.15400	0.46529
62 T	0.39345	0.13798	0.46857
63 T	0.39805	0.13133	0.47062
64 G	0.40327	0.12784	0.4689
65 G	0.41023	0.12220	0.46757
66 T	0.41997	0.11930	0.46074
67 T	0.44483	0.10010	0.45507
68 T	0.45225	0.09942	0.44833
69 T	0.45649	0.10913	0.43439
70 T	0.45661	0.13024	0.41314
71 A	0.45262	0.17757	0.36981
72 T	0.44403	0.19511	0.36086
73 A	0.41848	0.24117	0.34034
74 T	0.41201	0.26482	0.32317
75 A	0.39713	0.31799	0.28488
76 C	0.37807	0.37712	0.2448
77 T	0.36093	0.45238	0.18669
78 A	0.34081	0.51348	0.14571
79 A	0.33046	0.55271	0.11683
80 A	0.32551	0.56935	0.10514
81 A	0.32604	0.57431	0.09965
82 T	0.32992	0.57388	0.0962
83 T	0.32696	0.58627	0.08678
84 A	0.29536	0.62224	0.0824
85 A	0.28836	0.62985	0.08179
86 A	0.27980	0.63856	0.08163
87 A	0.23104	0.68745	0.08151
88 C	0.22787	0.69100	0.08113
89 C	0.23404	0.68693	0.07904
90 A	0.22240	0.70857	0.06903
91 A	0.21559	0.71915	0.06527
92 A	0.21566	0.71922	0.06512
93 A	0.17566	0.75901	0.06532
94 A	0.18876	0.74160	0.06965
95 A	0.19518	0.71790	0.08692
96 C	0.21754	0.66070	0.12176
97 G	0.24103	0.62823	0.13073
98 A	0.29492	0.56366	0.14143
99 T	0.36384	0.47891	0.15725
100 T	0.41560	0.41131	0.17309
101 C	0.43380	0.37947	0.18673
102 T	0.44195	0.36251	0.19554
103 T	0.43918	0.35966	0.20116
104 C	0.43112	0.36232	0.20656
105 A	0.42119	0.37132	0.20749
106 A	0.42102	0.36738	0.21159
107 C	0.42196	0.33805	0.23999
108 A	0.41892	0.33720	0.24388
109 A	0.41840	0.33056	0.25103
110 C	0.42032	0.25911	0.32056
111 T	0.42285	0.24771	0.32944
112 A	0.42428	0.24567	0.33006
113 T	0.43316	0.22293	0.34391
114 T	0.43106	0.21453	0.35442
115 A	0.42307	0.22042	0.3565
116 T	0.39855	0.18656	0.41489
117 T	0.36194	0.22401	0.41405
118 G	0.26980	0.36729	0.36292
119 A	0.17739	0.63266	0.18994
120 A	0.12580	0.78587	0.08833
121 G	0.10316	0.85479	0.04205
122 A	0.09309	0.87215	0.03475
123 A	0.08228	0.88588	0.03184
124 A	0.06918	0.90147	0.02934
125 A	0.06498	0.90136	0.03366
126 C	0.06312	0.89616	0.04073
127 G	0.06241	0.89267	0.04492
128 A	0.06285	0.88968	0.04747
129 A	0.06211	0.88636	0.05153
130 A	0.06211	0.88319	0.0547
131 C	0.06269	0.87838	0.05893
132 A	0.06321	0.87625	0.06054
133 C	0.06435	0.87555	0.06009
134 A	0.06620	0.88469	0.04911
135 A	0.06861	0.88921	0.04218
136 G	0.07152	0.88833	0.04015
137 A	0.07654	0.87993	0.04353
138 A	0.08687	0.86043	0.0527
139 G	0.10787	0.79488	0.09725
140 A	0.14093	0.72738	0.13168
141 A	0.20785	0.59243	0.19972
142 A	0.37628	0.37454	0.24919
143 T	0.47287	0.26367	0.26345
144 T	0.50093	0.26882	0.23026
145 A	0.50094	0.27575	0.22331
146 A	0.50041	0.27437	0.22523
147 T	0.50432	0.25878	0.23689
148 T	0.50478	0.25434	0.24089
149 C	0.49960	0.25914	0.24126
150 A	0.49073	0.26993	0.23935
151 A	0.48289	0.27735	0.23975
152 C	0.47098	0.28809	0.24093
153 T	0.43299	0.32694	0.24008
154 C	0.32695	0.43433	0.23873
155 C	0.31522	0.45266	0.23212
156 A	0.31189	0.47682	0.21129
157 A	0.31985	0.48651	0.19364
158 T	0.32343	0.49098	0.18558
159 T	0.30987	0.51325	0.17688
160 G	0.27191	0.57943	0.14866
161 A	0.21130	0.68733	0.10137
162 A	0.19467	0.71742	0.08791
163 A	0.19745	0.71502	0.08752
164 A	0.22304	0.68880	0.08815
165 A	0.25240	0.65634	0.09126
166 T	0.27962	0.62453	0.09585
167 C	0.28855	0.61514	0.09632
168 A	0.16847	0.75143	0.08011
169 G	0.12732	0.81073	0.06195
170 A	0.10279	0.84746	0.04975
171 A	0.07508	0.88465	0.04027
172 A	0.06065	0.90529	0.03406
173 A	0.05527	0.90161	0.04312
174 A	0.04940	0.89583	0.05478
175 A	0.04745	0.88142	0.07114
176 A	0.04609	0.83906	0.11485
177 C	0.04450	0.73848	0.21701
178 G	0.04524	0.73449	0.22028
179 A	0.05665	0.73529	0.20805
180 A	0.07046	0.76410	0.16544
181 A	0.07905	0.75214	0.16882
182 C	0.08776	0.72749	0.18475
183 A	0.11330	0.67135	0.21535
184 T	0.15666	0.57648	0.26686
185 C	0.16244	0.56789	0.26967
186 A	0.15431	0.65576	0.18993
187 A	0.15206	0.66983	0.1781
188 A	0.15160	0.67693	0.17147
189 A	0.14577	0.67948	0.17476
190 A	0.15228	0.65418	0.19354
191 C	0.17182	0.46515	0.36304
192 T	0.19250	0.40734	0.40016
193 G	0.19560	0.42481	0.3796
194 A	0.19936	0.52711	0.27353
195 A	0.17493	0.65723	0.16784
196 A	0.13965	0.77259	0.08776
197 T	0.12711	0.80516	0.06773
198 A	0.10140	0.85499	0.04361
199 G	0.09375	0.86076	0.04548
200 A	0.09016	0.87077	0.03907
201 A	0.09052	0.86913	0.04036
202 A	0.10655	0.84866	0.04479
203 C	0.15365	0.79966	0.04669
204 A	0.15896	0.79604	0.045
205 A	0.16248	0.79052	0.04701
206 C	0.17200	0.77841	0.04959
207 A	0.17590	0.77584	0.04826
208 T	0.20298	0.74741	0.04961
209 C	0.24878	0.69359	0.05763
210 A	0.25976	0.68192	0.05833
211 A	0.27035	0.67172	0.05793
212 C	0.27591	0.65840	0.06569
213 T	0.27133	0.67200	0.05667
214 A	0.21409	0.74333	0.04259
215 A	0.18105	0.78915	0.0298
216 A	0.23147	0.74547	0.02305
217 A	0.33802	0.63479	0.02719
218 A	0.45014	0.48609	0.06377
219 T	0.53741	0.35466	0.10793
220 T	0.55916	0.31601	0.12483
221 C	0.54366	0.31144	0.1449
222 A	0.43640	0.41916	0.14444
223 C	0.32810	0.52989	0.14202
224 A	0.28597	0.58645	0.12758
225 A	0.25443	0.62811	0.11746
226 C	0.23971	0.65075	0.10954
227 A	0.22461	0.68510	0.09029
228 A	0.21094	0.71787	0.0712
229 A	0.17337	0.75959	0.06703
230 A	0.13778	0.80084	0.06138
231 C	0.11798	0.82061	0.0614
232 G	0.10541	0.82843	0.06616
233 A	0.10026	0.84822	0.05152
234 A	0.10178	0.84593	0.05229
235 A	0.10747	0.83514	0.05738
236 C	0.11821	0.81130	0.07049
237 A	0.13083	0.73654	0.13262
238 C	0.14236	0.68063	0.17701
239 C	0.14909	0.67911	0.1718
240 T	0.14546	0.73148	0.12306
241 A	0.13523	0.82678	0.03799
242 A	0.13148	0.83907	0.02945
243 A	0.13000	0.84222	0.02778
244 A	0.13143	0.81418	0.05439
245 A	0.13552	0.67360	0.19088
246 C	0.14234	0.54541	0.31226
247 G	0.15495	0.51709	0.32796
248 A	0.16360	0.54254	0.29387
249 A	0.16932	0.57826	0.25242
250 A	0.18625	0.57286	0.24089
251 T	0.20288	0.55669	0.24043
252 A	0.20717	0.52690	0.26593
253 G	0.21449	0.48465	0.30086
254 A	0.21935	0.47907	0.30159
255 A	0.22649	0.49238	0.28112
256 A	0.24047	0.49345	0.26607
257 C	0.24312	0.49662	0.26026
258 T	0.24316	0.52464	0.2322
259 A	0.24078	0.59217	0.16706
260 A	0.24236	0.60329	0.15435
261 A	0.24710	0.59877	0.15413
262 A	0.25561	0.58884	0.15555
263 T	0.30528	0.53038	0.16435
264 C	0.37102	0.45195	0.17703
265 C	0.37985	0.43973	0.18041
266 C	0.39084	0.42859	0.18058
267 T	0.41133	0.41118	0.17749
268 A	0.42109	0.40215	0.17676
269 T	0.44652	0.37731	0.17617
270 T	0.46435	0.35926	0.17639
271 T	0.48387	0.33855	0.17757
272 C	0.48398	0.33356	0.18247
273 A	0.46119	0.35692	0.18189
274 C	0.43824	0.37884	0.18292
275 A	0.40850	0.40925	0.18224
276 A	0.37598	0.44324	0.18077
277 G	0.38366	0.43846	0.17787
278 C	0.40931	0.41828	0.17241
279 T	0.43474	0.40022	0.16504
280 A	0.43657	0.40210	0.16134
281 G	0.45322	0.38858	0.1582
282 A	0.49841	0.34812	0.15346
283 T	0.50635	0.34234	0.15131
284 T	0.50251	0.34313	0.15436
285 T	0.49716	0.34734	0.1555
286 G	0.48712	0.35915	0.15374
287 A	0.47734	0.37194	0.15073
288 T	0.46734	0.38217	0.15048
289 G	0.46151	0.39056	0.14793
290 A	0.45947	0.39847	0.14205
291 A	0.45933	0.40559	0.13508
292 A	0.45982	0.40574	0.13445
293 T	0.46018	0.40362	0.1362
294 A	0.45934	0.40658	0.13408
295 A	0.45934	0.39702	0.14365
296 A	0.46024	0.36558	0.17417
297 A	0.46035	0.33843	0.20123
298 A	0.46169	0.30834	0.22997
299 G	0.46571	0.28645	0.24784
300 A	0.47201	0.30728	0.22071
301 T	0.48444	0.29579	0.21977
302 T	0.49250	0.29654	0.21096
303 A	0.49701	0.30308	0.19991
304 G	0.50305	0.29872	0.19824
305 T	0.51295	0.29062	0.19643
306 T	0.51781	0.28318	0.19902
307 T	0.52075	0.27762	0.20163
308 T	0.52324	0.28190	0.19486
309 A	0.52413	0.27781	0.19806
310 T	0.52585	0.26803	0.20612
311 C	0.52535	0.26222	0.21244
312 A	0.52019	0.27854	0.20126
313 C	0.52111	0.30219	0.1767
314 T	0.52939	0.31615	0.15446
315 A	0.52573	0.36213	0.11213
316 G	0.52498	0.38780	0.08721
317 A	0.53162	0.38408	0.0843
318 T	0.53961	0.37730	0.0831
319 G	0.54307	0.37396	0.08297
320 A	0.54903	0.36867	0.0823
321 C	0.55924	0.35834	0.08243
322 A	0.59385	0.32388	0.08228
323 T	0.65544	0.26211	0.08245
324 T	0.68298	0.23465	0.08236
325 T	0.69470	0.22287	0.08243
326 C	0.70063	0.21689	0.08248
327 T	0.70482	0.21268	0.0825
328 T	0.70689	0.21066	0.08245
329 C	0.70672	0.21101	0.08228
330 A	0.70713	0.21132	0.08156
331 A	0.71372	0.20520	0.08108
332 T	0.71521	0.20295	0.08184
333 A	0.70380	0.21444	0.08176
334 A	0.64948	0.26854	0.08198
335 G	0.64285	0.26787	0.08928
336 T	0.66648	0.24158	0.09194
337 G	0.67320	0.23543	0.09137
338 A	0.70602	0.20017	0.09382
339 T	0.71975	0.18395	0.0963
340 T	0.71285	0.19533	0.09182
341 T	0.69435	0.22458	0.08107
342 A	0.46563	0.47383	0.06054
343 A	0.35604	0.58521	0.05876
344 G	0.27744	0.66466	0.05791
345 T	0.23374	0.70953	0.05673
346 A	0.16098	0.78415	0.05486
347 C	0.12163	0.82346	0.05491
348 A	0.08790	0.85821	0.05389
349 A	0.06568	0.88183	0.0525
350 A	0.05236	0.89547	0.05217
351 C	0.04426	0.90380	0.05194
352 G	0.04107	0.90891	0.05003
353 A	0.03859	0.91324	0.04817
354 A	0.03646	0.91791	0.04563
355 A	0.03570	0.91719	0.0471
356 A	0.03572	0.91101	0.05327
357 A	0.03595	0.84833	0.11572
358 A	0.03724	0.82207	0.1407
359 C	0.04066	0.79771	0.16163
360 T	0.04616	0.78654	0.16731
361 A	0.04900	0.78273	0.16828
362 A	0.05152	0.77137	0.17711
363 A	0.05639	0.75681	0.18679
364 A	0.06676	0.73076	0.20248
365 T	0.08573	0.46766	0.44661
366 T	0.08794	0.34334	0.56872
367 G	0.08577	0.26196	0.65227
368 A	0.08416	0.28916	0.62669
369 A	0.08108	0.35752	0.5614
370 G	0.07172	0.43904	0.48924
371 A	0.05751	0.63773	0.30476
372 A	0.05293	0.69650	0.25057
373 A	0.05310	0.73346	0.21344
374 T	0.05512	0.82153	0.12336
375 A	0.05389	0.86912	0.07699
376 A	0.05553	0.88219	0.06229
377 G	0.05846	0.89260	0.04894
378 A	0.05908	0.89419	0.04673
379 A	0.06030	0.89247	0.04724
380 T	0.06530	0.88633	0.04837
381 T	0.06682	0.88448	0.0487
382 C	0.06709	0.88488	0.04804
383 C	0.06709	0.88576	0.04715
384 A	0.06776	0.88874	0.04349
385 T	0.06881	0.89043	0.04075
386 A	0.06223	0.90205	0.03572
387 C	0.06345	0.90364	0.03291
388 A	0.06655	0.90883	0.02462
389 A	0.07633	0.90336	0.02031
390 A	0.08969	0.89113	0.01917
391 A	0.15789	0.82165	0.02046
392 A	0.26651	0.71020	0.02329
393 A	0.38568	0.58070	0.03362
394 T	0.63622	0.31514	0.04865
395 C	0.70432	0.24048	0.0552
396 A	0.74060	0.20703	0.05236
397 T	0.78925	0.16125	0.0495
398 T	0.76402	0.18809	0.04789
399 A	0.67429	0.27752	0.04819
400 C	0.51124	0.43989	0.04887
401 A	0.45648	0.49534	0.04819
402 A	0.42227	0.53238	0.04534
403 C	0.36614	0.59506	0.0388
404 G	0.31591	0.65912	0.02497
405 A	0.28885	0.68769	0.02346
406 G	0.19238	0.78476	0.02286
407 A	0.16865	0.81116	0.0202
408 A	0.14484	0.83725	0.0179
409 C	0.13017	0.84398	0.02585
410 A	0.12003	0.85288	0.02709
411 A	0.11457	0.85574	0.0297
412 G	0.10738	0.86059	0.03204
413 A	0.09801	0.87194	0.03005
414 C	0.08632	0.88431	0.02937
415 A	0.08033	0.89280	0.02688
416 G	0.07831	0.89654	0.02515
417 A	0.07652	0.89937	0.02411
418 A	0.07854	0.89684	0.02462
419 T	0.08167	0.88200	0.03633
420 T	0.08296	0.84737	0.06967
421 A	0.08016	0.79352	0.12632
422 A	0.07814	0.69966	0.2222
423 C	0.07732	0.51717	0.4055
424 G	0.07668	0.47315	0.45016
425 A	0.07836	0.46811	0.45353
426 A	0.08501	0.46232	0.45266
427 T	0.09804	0.43876	0.46319
428 A	0.09829	0.43793	0.46378
429 T	0.09920	0.34066	0.56015
430 A	0.09706	0.33944	0.5635
431 T	0.09775	0.33938	0.56287
432 A	0.09417	0.45861	0.44722
433 A	0.09148	0.57269	0.33582
434 A	0.09053	0.61413	0.29534
435 A	0.09072	0.66389	0.24539
436 A	0.08883	0.69638	0.21479
437 T	0.08772	0.71638	0.1959
438 A	0.08242	0.73859	0.17899
439 T	0.07973	0.74346	0.17681
440 G	0.07485	0.75418	0.17098
441 T	0.07382	0.76279	0.16339
442 A	0.06336	0.78185	0.15478
443 A	0.05829	0.80137	0.14034
444 T	0.05735	0.81047	0.13218
445 G	0.05200	0.83554	0.11246
446 A	0.04770	0.86626	0.08604
447 A	0.04717	0.88408	0.06875
448 A	0.05990	0.87956	0.06054
449 T	0.09149	0.84754	0.06098
450 A	0.11532	0.82412	0.06056
451 G	0.13310	0.80518	0.06172
452 A	0.14295	0.79458	0.06247
453 C	0.16228	0.77156	0.06617
454 A	0.18402	0.75442	0.06156
455 A	0.30190	0.63627	0.06183
456 A	0.44297	0.49515	0.06188
457 A	0.49358	0.44459	0.06183
458 A	0.55901	0.37933	0.06167
459 A	0.58205	0.34967	0.06828
460 T	0.59595	0.33176	0.07229
461 T	0.47345	0.45114	0.07541
462 A	0.25796	0.66641	0.07563
463 G	0.20117	0.72014	0.07868
464 A	0.15931	0.76067	0.08002
465 G	0.13033	0.78224	0.08744
466 G	0.13126	0.78113	0.08761
467 A	0.13741	0.78599	0.0766
468 A	0.15049	0.77730	0.07221
469 A	0.17210	0.75706	0.07084
470 T	0.18765	0.74026	0.07209
471 T	0.18559	0.74701	0.0674
472 G	0.16553	0.76753	0.06695
473 A	0.15420	0.78216	0.06364
474 A	0.14848	0.78823	0.0633
475 A	0.14624	0.78524	0.06852
476 C	0.14470	0.77939	0.07591
477 T	0.14877	0.77651	0.07472
478 A	0.14601	0.78523	0.06876
479 A	0.14378	0.79949	0.05673
480 A	0.14439	0.80483	0.05077
481 A	0.14611	0.80149	0.0524
482 A	0.14858	0.76047	0.09095
483 A	0.15360	0.69422	0.15218
484 T	0.16232	0.50686	0.33081
485 C	0.16663	0.28257	0.5508
486 T	0.16964	0.28060	0.54977
487 G	0.16987	0.31039	0.51975
488 G	0.17066	0.34978	0.47956
489 A	0.17457	0.37922	0.44621
490 T	0.18819	0.37138	0.44043
491 T	0.19694	0.36774	0.43533
492 A	0.20238	0.39727	0.40035
493 G	0.20882	0.49868	0.2925
494 A	0.21425	0.68206	0.10369
495 A	0.21585	0.68255	0.1016
496 T	0.22191	0.67908	0.099
497 T	0.22593	0.68078	0.09329
498 A	0.22331	0.68604	0.09065
499 C	0.22261	0.68589	0.09151
500 A	0.22146	0.68984	0.0887
501 A	0.21442	0.69565	0.08993
502 C	0.21133	0.69777	0.0909
503 A	0.19543	0.72391	0.08066
504 A	0.16745	0.77625	0.0563
505 G	0.14215	0.82034	0.03751
506 A	0.14100	0.83113	0.02787
507 A	0.15005	0.82338	0.02657
508 A	0.17383	0.79841	0.02777
509 T	0.22458	0.74634	0.02908
510 T	0.25300	0.71718	0.02982
511 C	0.25965	0.70956	0.03079
512 A	0.24778	0.72321	0.02901
513 A	0.22128	0.75150	0.02722
514 A	0.19931	0.77321	0.02748
515 C	0.18720	0.78449	0.02831
516 A	0.27386	0.69809	0.02805
517 A	0.44406	0.52693	0.02901
518 C	0.46995	0.49938	0.03066
519 T	0.48655	0.48284	0.0306
520 T	0.48909	0.48049	0.03043
521 T	0.47387	0.49331	0.03282
522 A	0.37132	0.59581	0.03287
523 A	0.26733	0.69796	0.03471
524 A	0.24381	0.70986	0.04634
525 A	0.22542	0.71585	0.05873
526 A	0.21747	0.70061	0.08192
527 A	0.21621	0.67235	0.11144
528 T	0.22046	0.63618	0.14336
529 G	0.18734	0.66460	0.14806
530 A	0.17770	0.67887	0.14343
531 A	0.16923	0.68851	0.14225
532 A	0.16167	0.69487	0.14346
533 A	0.13258	0.70946	0.15796
534 A	0.10158	0.72548	0.17294
535 G	0.08155	0.71800	0.20046
536 A	0.06364	0.70680	0.22957
537 A	0.04949	0.68104	0.26948
538 G	0.04017	0.64116	0.31867
539 C	0.03280	0.63180	0.3354
540 T	0.03027	0.68232	0.28742
541 G	0.02646	0.75486	0.21868
542 A	0.02306	0.86673	0.1102
543 A	0.02078	0.90188	0.07734
544 A	0.01950	0.91658	0.06392
545 T	0.01940	0.83079	0.14981
546 A	0.01810	0.74762	0.23428
547 G	0.01830	0.72046	0.26123
548 A	0.01855	0.71262	0.26883
549 A	0.01901	0.71074	0.27026
550 C	0.01961	0.69455	0.28585
551 A	0.02031	0.70381	0.27588
552 A	0.02099	0.69625	0.28276
553 A	0.02509	0.71095	0.26397
554 A	0.03090	0.75605	0.21305
555 A	0.03749	0.79401	0.1685
556 A	0.04475	0.77010	0.18515
557 A	0.04868	0.74233	0.20899
558 A	0.04991	0.72503	0.22506
559 G	0.05251	0.72793	0.21957
560 A	0.05654	0.75259	0.19087
561 A	0.07436	0.75528	0.17036
562 G	0.10392	0.73397	0.1621
563 A	0.16889	0.69762	0.13349
564 A	0.24237	0.64575	0.11189
565 T	0.34467	0.54724	0.1081
566 T	0.36605	0.53310	0.10085
567 A	0.35612	0.54873	0.09514
568 G	0.36041	0.54801	0.09158
569 C	0.35604	0.55842	0.08554
570 T	0.34238	0.60140	0.05622
571 A	0.30309	0.66535	0.03156
572 A	0.30217	0.66981	0.02802
573 A	0.26583	0.70672	0.02744
574 A	0.22066	0.75188	0.02746
575 G	0.17753	0.79286	0.02962
576 C	0.17465	0.79398	0.03137
577 C	0.20496	0.76437	0.03067
578 G	0.24371	0.72679	0.0295
579 A	0.26068	0.71214	0.02717
580 A	0.27617	0.69697	0.02686
581 A	0.28343	0.68987	0.0267
582 C	0.28893	0.68295	0.02813
583 A	0.28182	0.68972	0.02846
584 C	0.25013	0.72267	0.0272
585 A	0.24367	0.73259	0.02373
586 A	0.26115	0.71529	0.02357
587 A	0.26872	0.70759	0.02369
588 A	0.26308	0.70793	0.02899
589 T	0.25374	0.70786	0.03841
590 C	0.22307	0.70437	0.07256
591 A	0.20588	0.71674	0.07738
592 A	0.19137	0.73057	0.07806
593 T	0.20171	0.71739	0.0809
594 A	0.18690	0.70864	0.10446
595 A	0.17750	0.70305	0.11945
596 A	0.17137	0.64577	0.18287
597 T	0.16353	0.57502	0.26145
598 C	0.14245	0.53589	0.32166
599 C	0.12446	0.53959	0.33595
600 G	0.11032	0.57793	0.31174
601 G	0.10556	0.63949	0.25495
602 A	0.10576	0.69138	0.20285
603 A	0.10647	0.72882	0.16471
604 A	0.10719	0.75814	0.13466
605 A	0.10841	0.76352	0.12806
606 A	0.11060	0.72998	0.15942
607 T	0.11253	0.65936	0.22811
608 T	0.11185	0.65032	0.23782
609 A	0.10850	0.66138	0.23011
610 A	0.10599	0.67093	0.22308
611 A	0.10349	0.66912	0.22738
612 A	0.10057	0.64758	0.25185
613 G	0.09924	0.61366	0.28711
614 A	0.10309	0.60704	0.28987
615 T	0.11493	0.60063	0.28444
616 G	0.12293	0.65384	0.22323
617 A	0.12555	0.64812	0.22633
618 A	0.12679	0.65769	0.21552
619 A	0.12733	0.67068	0.20198
620 T	0.13318	0.65737	0.20945
621 C	0.12763	0.64260	0.22976
622 A	0.12658	0.63301	0.24041
623 G	0.14566	0.60432	0.25002
624 C	0.19462	0.56000	0.24538
625 C	0.23201	0.55074	0.21725
626 A	0.25842	0.61258	0.12899
627 A	0.28857	0.60160	0.10983
628 T	0.32352	0.57279	0.10369
629 T	0.32362	0.57829	0.09809
630 A	0.27507	0.63645	0.08848
631 C	0.24092	0.66900	0.09008
632 A	0.20363	0.70633	0.09004
633 A	0.16476	0.74497	0.09027
634 G	0.14017	0.76770	0.09213
635 A	0.13665	0.77024	0.09311
636 C	0.13816	0.76766	0.09417
637 G	0.14653	0.76225	0.09122
638 A	0.15944	0.75842	0.08214
639 A	0.21249	0.71559	0.07192
640 A	0.23259	0.70099	0.06642
641 A	0.24426	0.69263	0.06312
642 A	0.26020	0.67262	0.06717
643 A	0.25703	0.66820	0.07476
644 T	0.25853	0.64966	0.09181
645 G	0.24541	0.65231	0.10229
646 A	0.25025	0.64502	0.10473
647 A	0.26276	0.63319	0.10405
648 A	0.29612	0.59720	0.10668
649 A	0.37548	0.50495	0.11957
650 T	0.40019	0.45251	0.14731
651 T	0.39375	0.44744	0.15881
652 A	0.37445	0.46774	0.15782
653 T	0.35587	0.47112	0.17301
654 A	0.33623	0.46340	0.20037
655 A	0.32026	0.43973	0.24002
656 T	0.31348	0.39278	0.29375
657 G	0.29991	0.37666	0.32343
658 C	0.29390	0.37848	0.32762
659 A	0.25636	0.47062	0.27303
660 A	0.22976	0.54324	0.227
661 A	0.21397	0.58110	0.20493
662 T	0.22246	0.59069	0.18685
663 A	0.22463	0.61694	0.15843
664 T	0.22601	0.60803	0.16597
665 A	0.22363	0.60375	0.17262
666 T	0.22195	0.59607	0.18199
667 G	0.20952	0.61076	0.17973
668 C	0.19703	0.61906	0.18391
669 A	0.18876	0.64248	0.16876
670 A	0.19172	0.65554	0.15274
671 A	0.19776	0.65543	0.14681
672 T	0.20677	0.64586	0.14738
673 A	0.20551	0.64706	0.14742
674 A	0.20928	0.62514	0.16559
675 A	0.22098	0.58294	0.19608
676 C	0.23984	0.53029	0.22988
677 T	0.24713	0.51173	0.24114
678 T	0.25091	0.50801	0.24108
679 G	0.25136	0.51858	0.23006
680 A	0.25584	0.51181	0.23236
681 A	0.26561	0.50091	0.23347
682 A	0.30635	0.42453	0.26913
683 T	0.35048	0.35178	0.29774
684 C	0.36732	0.31899	0.31369
685 G	0.38260	0.30936	0.30804
686 A	0.40476	0.30035	0.29488
687 T	0.41379	0.30029	0.28592
688 A	0.41337	0.30894	0.27769
689 C	0.41626	0.31296	0.27077
690 A	0.41273	0.32431	0.26297
691 T	0.40846	0.33215	0.25939
692 G	0.38597	0.36316	0.25088
693 T	0.35884	0.42298	0.21818
694 G	0.30852	0.51577	0.17571
695 A	0.28065	0.54949	0.16986
696 A	0.26520	0.57299	0.16181
697 A	0.25515	0.59201	0.15285
698 A	0.25243	0.59749	0.15009
699 C	0.24671	0.60549	0.1478
700 G	0.24700	0.62209	0.13091
701 A	0.25333	0.64895	0.09772
702 A	0.26401	0.64011	0.09589
703 A	0.26722	0.63574	0.09704
704 A	0.26858	0.63216	0.09927
705 A	0.27213	0.61141	0.11646
706 C	0.27752	0.59128	0.1312
707 C	0.28652	0.57595	0.13752
708 A	0.29733	0.57086	0.13181
709 A	0.31284	0.56102	0.12614
710 T	0.32973	0.55155	0.11871
711 G	0.34121	0.54665	0.11213
712 T	0.35976	0.52275	0.11748
713 A	0.37661	0.48604	0.13735
714 T	0.39399	0.44044	0.16556
715 A	0.40391	0.39622	0.19986
716 C	0.43453	0.31154	0.25393
717 T	0.46760	0.24943	0.28297
718 G	0.46758	0.24123	0.29118
719 A	0.47299	0.24225	0.28477
720 C	0.48818	0.22399	0.28782
721 A	0.49665	0.22939	0.27396
722 T	0.50307	0.22334	0.27358
723 G	0.51507	0.22289	0.26204
724 T	0.54152	0.21648	0.24199
725 T	0.54187	0.26436	0.19377
726 A	0.53464	0.28372	0.18163
727 A	0.51940	0.31168	0.16891
728 A	0.50146	0.33703	0.16151
729 A	0.48290	0.36066	0.15644
730 C	0.47250	0.36878	0.15872
731 G	0.43775	0.40884	0.15341
732 A	0.41587	0.43390	0.15023
733 G	0.41423	0.43622	0.14954
734 C	0.41363	0.43840	0.14797
735 T	0.40541	0.45386	0.14073
736 A	0.36907	0.50192	0.12901
737 A	0.34520	0.53557	0.11922
738 T	0.34052	0.54951	0.10998
739 G	0.32199	0.57186	0.10616
740 A	0.31720	0.57448	0.10832
741 A	0.32332	0.56313	0.11356
742 T	0.33382	0.54703	0.11916
743 C	0.32045	0.56233	0.11722
744 C	0.32128	0.56304	0.11569
745 A	0.29330	0.59677	0.10993
746 A	0.27936	0.61306	0.10758
747 A	0.27526	0.61822	0.10652
748 C	0.29027	0.60302	0.10672
749 A	0.28872	0.60402	0.10726
750 A	0.28786	0.59535	0.11679
751 A	0.28552	0.58834	0.12614
752 A	0.28271	0.57836	0.13893
753 A	0.27937	0.57361	0.14701
754 T	0.28139	0.51876	0.19985
755 T	0.27867	0.48890	0.23243
756 A	0.26040	0.49418	0.24542
757 G	0.24904	0.49432	0.25664
758 A	0.24048	0.49188	0.26765
759 A	0.23802	0.45981	0.30217
760 G	0.23398	0.43462	0.3314
761 A	0.23562	0.42395	0.34043
762 C	0.23577	0.40793	0.3563
763 G	0.23640	0.43274	0.33086
764 A	0.23798	0.44810	0.31392
765 A	0.24168	0.44678	0.31154
766 T	0.24933	0.42956	0.32111
767 T	0.25224	0.42219	0.32557
768 T	0.25245	0.39889	0.34866
769 A	0.24552	0.40200	0.35248
770 A	0.24383	0.38650	0.36967
771 T	0.24338	0.37185	0.38476
772 A	0.24265	0.36779	0.38956
773 A	0.24480	0.36062	0.39458
774 T	0.24900	0.34746	0.40354
775 T	0.24931	0.36199	0.3887
776 T	0.24669	0.38532	0.36799
777 T	0.23877	0.44211	0.31912
778 A	0.22629	0.51861	0.2551
779 A	0.22107	0.55871	0.22022
780 A	0.21963	0.57125	0.20912
781 G	0.22035	0.55921	0.22044
782 A	0.22269	0.55048	0.22684
783 A	0.22858	0.53479	0.23663
784 A	0.23816	0.51779	0.24405
785 C	0.25088	0.49942	0.2497
786 T	0.28566	0.46454	0.2498
787 T	0.30443	0.44826	0.24731
788 A	0.31146	0.44597	0.24257
789 T	0.32118	0.44134	0.23748
790 A	0.32522	0.44936	0.22543
791 A	0.33957	0.44172	0.21871
792 T	0.36183	0.42770	0.21047
793 A	0.36424	0.44367	0.19209
794 T	0.36951	0.45597	0.17452
795 A	0.37206	0.46923	0.15871
796 A	0.38006	0.47482	0.14512
797 A	0.39287	0.46063	0.14649
798 T	0.43985	0.41020	0.14995
799 A	0.47000	0.37489	0.15511
800 G	0.52410	0.31188	0.16402
801 C	0.58141	0.24497	0.17362
802 T	0.62454	0.19867	0.17679
803 C	0.63630	0.18597	0.17773
804 T	0.63611	0.18799	0.17591
805 C	0.63482	0.19180	0.17338
806 T	0.63154	0.19601	0.17245
807 T	0.61745	0.21187	0.17069
808 A	0.58108	0.25228	0.16665
809 A	0.56204	0.27396	0.164
810 C	0.52119	0.31641	0.1624
811 G	0.47218	0.36992	0.1579
812 A	0.47200	0.37149	0.1565
813 A	0.48156	0.36216	0.15628
814 A	0.49366	0.35023	0.15611
815 T	0.51645	0.32661	0.15693
816 A	0.53730	0.29975	0.16296
817 T	0.55678	0.27501	0.1682
818 A	0.56843	0.25841	0.17316
819 T	0.58056	0.24040	0.17904
820 C	0.58175	0.23564	0.18262
821 A	0.58288	0.23338	0.18373
822 A	0.58381	0.23088	0.18532
823 T	0.58596	0.22738	0.18666
824 T	0.58698	0.22558	0.18744
825 T	0.58787	0.22394	0.18819
826 A	0.58843	0.21763	0.19394
827 C	0.59028	0.20411	0.20561
828 T	0.59251	0.19561	0.21188
829 A	0.59354	0.18938	0.21707
830 A	0.59592	0.17415	0.22994
831 T	0.60163	0.13657	0.2618
832 T	0.60496	0.11606	0.27898
833 A	0.60677	0.06475	0.32847
834 A	0.61167	0.00000	0.38833
