# lcl|CP097583.1_cds_USQ93251.1_1
# AA	inside	membr	outside
1 A	0.10127	0.00000	0.89873
2 T	0.10090	0.00037	0.89873
3 G	0.10072	0.00055	0.89873
4 A	0.10072	0.00219	0.89708
5 A	0.09969	0.00493	0.89537
6 T	0.09969	0.00534	0.89497
7 T	0.09363	0.01166	0.89471
8 T	0.09363	0.01167	0.8947
9 T	0.09052	0.01499	0.89449
10 A	0.09052	0.03397	0.87551
11 A	0.09003	0.03501	0.87495
12 A	0.08570	0.03952	0.87478
13 G	0.08169	0.04366	0.87465
14 T	0.08169	0.04366	0.87465
15 A	0.08169	0.04523	0.87308
16 G	0.08118	0.04574	0.87308
17 C	0.08061	0.04632	0.87307
18 T	0.08059	0.04645	0.87296
19 A	0.07992	0.04727	0.87281
20 T	0.07874	0.05040	0.87087
21 T	0.07464	0.05451	0.87085
22 A	0.07403	0.05615	0.86983
23 T	0.07353	0.05792	0.86855
24 A	0.07219	0.06023	0.86758
25 G	0.07114	0.06137	0.86748
26 G	0.07008	0.06352	0.8664
27 A	0.07029	0.06320	0.86651
28 A	0.07136	0.06120	0.86744
29 G	0.07212	0.05952	0.86836
30 A	0.07411	0.05237	0.87353
31 C	0.07503	0.04941	0.87556
32 C	0.07592	0.04591	0.87818
33 T	0.09016	0.03185	0.878
34 A	0.08961	0.03268	0.87771
35 A	0.08951	0.03137	0.87913
36 T	0.08907	0.03000	0.88094
37 G	0.08538	0.03355	0.88107
38 T	0.08540	0.03279	0.88181
39 A	0.07998	0.03722	0.8828
40 G	0.07917	0.03681	0.88402
41 G	0.07845	0.03628	0.88528
42 C	0.07842	0.03544	0.88614
43 A	0.07959	0.03376	0.88666
44 A	0.07881	0.03250	0.88869
45 A	0.07910	0.03162	0.88928
46 T	0.08061	0.02943	0.88997
47 C	0.08112	0.02773	0.89115
48 A	0.08141	0.02641	0.89217
49 A	0.08216	0.02459	0.89325
50 G	0.08247	0.02306	0.89447
51 C	0.08260	0.02233	0.89507
52 T	0.08284	0.02207	0.89509
53 T	0.08259	0.02218	0.89522
54 A	0.08185	0.02294	0.8952
55 T	0.08153	0.02331	0.89515
56 T	0.08078	0.02423	0.89499
57 T	0.07920	0.02425	0.89656
58 A	0.07582	0.02689	0.89729
59 A	0.07407	0.02670	0.89923
60 T	0.07315	0.02348	0.90336
61 C	0.07218	0.02260	0.90521
62 G	0.07167	0.02065	0.90768
63 T	0.07152	0.02092	0.90755
64 A	0.07131	0.02121	0.90749
65 T	0.07127	0.02126	0.90747
66 T	0.07052	0.02227	0.90721
67 T	0.06914	0.02280	0.90806
68 T	0.06745	0.02388	0.90868
69 A	0.06460	0.02679	0.9086
70 A	0.06244	0.02873	0.90884
71 A	0.06128	0.02953	0.90919
72 T	0.06056	0.02984	0.9096
73 A	0.05802	0.03219	0.90979
74 A	0.05610	0.03400	0.9099
75 A	0.05543	0.03438	0.91019
76 A	0.05517	0.03401	0.91082
77 G	0.05512	0.03288	0.912
78 A	0.05534	0.03179	0.91288
79 T	0.05567	0.03005	0.91428
80 T	0.05571	0.02805	0.91625
81 A	0.05575	0.02506	0.9192
82 T	0.05594	0.02291	0.92115
83 C	0.05600	0.02177	0.92223
84 G	0.05599	0.02129	0.92272
85 A	0.05620	0.02073	0.92307
86 T	0.05695	0.01965	0.9234
87 T	0.05738	0.01890	0.92372
88 G	0.05772	0.01843	0.92386
89 T	0.05817	0.01663	0.9252
90 T	0.05827	0.01488	0.92686
91 T	0.05818	0.01329	0.92853
92 A	0.05773	0.01205	0.93023
93 T	0.05681	0.01155	0.93164
94 G	0.05359	0.01560	0.93081
95 A	0.05233	0.01861	0.92906
96 A	0.05183	0.01908	0.92909
97 G	0.05158	0.01788	0.93054
98 A	0.05151	0.01752	0.93097
99 G	0.05150	0.01725	0.93126
100 G	0.05143	0.01721	0.93137
101 C	0.05130	0.01735	0.93135
102 T	0.05120	0.01763	0.93117
103 G	0.05089	0.01797	0.93115
104 G	0.05072	0.01814	0.93114
105 T	0.05060	0.01829	0.93111
106 A	0.05048	0.01841	0.93112
107 C	0.05045	0.01833	0.93122
108 G	0.05044	0.01834	0.93123
109 A	0.05045	0.01834	0.93122
110 C	0.05047	0.01832	0.93121
111 T	0.05048	0.01842	0.93109
112 A	0.05046	0.01862	0.93091
113 A	0.05061	0.01839	0.931
114 A	0.05088	0.01791	0.93122
115 G	0.05142	0.01681	0.93178
116 A	0.05214	0.01470	0.93317
117 C	0.05411	0.00913	0.93676
118 C	0.05635	0.00592	0.93774
119 G	0.05821	0.00393	0.93786
120 T	0.05873	0.00337	0.9379
121 A	0.05887	0.00326	0.93787
122 T	0.05902	0.00311	0.93788
123 T	0.05897	0.00309	0.93794
124 T	0.05864	0.00316	0.9382
125 A	0.05826	0.00339	0.93835
126 T	0.05814	0.00317	0.93869
127 G	0.05774	0.00343	0.93883
128 C	0.05733	0.00382	0.93885
129 T	0.05667	0.00520	0.93813
130 G	0.05515	0.00711	0.93775
131 A	0.05246	0.01103	0.93651
132 A	0.05122	0.01254	0.93624
133 G	0.05071	0.01303	0.93626
134 C	0.05047	0.01312	0.9364
135 T	0.05045	0.01310	0.93646
136 A	0.05005	0.01349	0.93646
137 C	0.04979	0.01371	0.9365
138 A	0.04958	0.01393	0.93648
139 T	0.04952	0.01400	0.93647
140 G	0.04946	0.01405	0.93648
141 G	0.04942	0.01409	0.93649
142 T	0.04943	0.01409	0.93649
143 T	0.04944	0.01404	0.93652
144 A	0.04936	0.01405	0.93659
145 A	0.04905	0.01427	0.93667
146 A	0.04891	0.01419	0.9369
147 T	0.04876	0.01379	0.93745
148 C	0.04862	0.01337	0.93801
149 A	0.04854	0.01332	0.93814
150 A	0.04858	0.01298	0.93843
151 A	0.04872	0.01250	0.93878
152 A	0.04939	0.01127	0.93934
153 A	0.04982	0.00974	0.94045
154 T	0.05107	0.00553	0.9434
155 T	0.05132	0.00399	0.94469
156 T	0.05126	0.00363	0.94511
157 T	0.05113	0.00376	0.9451
158 T	0.05093	0.00381	0.94525
159 T	0.05058	0.00395	0.94548
160 A	0.05006	0.00431	0.94563
161 T	0.04986	0.00434	0.9458
162 C	0.04945	0.00468	0.94587
163 A	0.04911	0.00510	0.94579
164 T	0.04900	0.00518	0.94581
165 T	0.04884	0.00535	0.94581
166 G	0.04855	0.00561	0.94584
167 A	0.04847	0.00565	0.94589
168 T	0.04841	0.00536	0.94624
169 A	0.04826	0.00531	0.94643
170 C	0.04819	0.00516	0.94665
171 T	0.04809	0.00520	0.94672
172 G	0.04788	0.00536	0.94675
173 G	0.04776	0.00552	0.94672
174 A	0.04772	0.00558	0.9467
175 G	0.04773	0.00558	0.94669
176 G	0.04777	0.00550	0.94673
177 A	0.04787	0.00539	0.94675
178 A	0.04797	0.00520	0.94683
179 T	0.04822	0.00470	0.94708
180 T	0.04854	0.00411	0.94736
181 G	0.04860	0.00377	0.94764
182 T	0.04868	0.00335	0.94798
183 T	0.04873	0.00290	0.94837
184 T	0.04874	0.00269	0.94856
185 T	0.04875	0.00239	0.94887
186 T	0.04879	0.00213	0.94909
187 G	0.04873	0.00231	0.94896
188 A	0.04867	0.00276	0.94857
189 T	0.04859	0.00314	0.94827
190 A	0.04849	0.00350	0.94801
191 A	0.04837	0.00370	0.94793
192 T	0.04830	0.00363	0.94806
193 A	0.04806	0.00379	0.94815
194 T	0.04795	0.00379	0.94826
195 T	0.04792	0.00364	0.94843
196 C	0.04783	0.00366	0.94851
197 C	0.04776	0.00377	0.94847
198 T	0.04771	0.00398	0.9483
199 T	0.04760	0.00438	0.94802
200 T	0.04702	0.00535	0.94763
201 A	0.04641	0.00610	0.94749
202 A	0.04622	0.00644	0.94734
203 T	0.04595	0.00678	0.94727
204 T	0.04553	0.00721	0.94727
205 C	0.04476	0.00800	0.94724
206 A	0.04390	0.00899	0.94711
207 A	0.04227	0.01066	0.94706
208 C	0.04168	0.01129	0.94703
209 A	0.04122	0.01190	0.94688
210 A	0.04118	0.01204	0.94678
211 A	0.04163	0.01157	0.9468
212 T	0.04209	0.01105	0.94687
213 T	0.04224	0.01081	0.94694
214 A	0.04218	0.01070	0.94712
215 A	0.04217	0.01057	0.94725
216 A	0.04215	0.01031	0.94754
217 C	0.04215	0.01004	0.94781
218 A	0.04218	0.00992	0.94791
219 T	0.04229	0.00967	0.94804
220 C	0.04235	0.00951	0.94814
221 A	0.04247	0.00938	0.94815
222 A	0.04261	0.00917	0.94822
223 G	0.04285	0.00819	0.94896
224 C	0.04292	0.00749	0.94958
225 T	0.04306	0.00731	0.94963
226 G	0.04305	0.00720	0.94976
227 A	0.04303	0.00711	0.94985
228 A	0.04293	0.00671	0.95036
229 T	0.04302	0.00589	0.95109
230 T	0.04288	0.00434	0.95278
231 A	0.04219	0.00447	0.95335
232 G	0.04199	0.00411	0.9539
233 C	0.04192	0.00386	0.95422
234 T	0.04178	0.00402	0.9542
235 A	0.04152	0.00425	0.95423
236 T	0.04143	0.00427	0.9543
237 C	0.04117	0.00445	0.95438
238 T	0.04084	0.00476	0.9544
239 C	0.04028	0.00530	0.95442
240 C	0.04007	0.00556	0.95437
241 G	0.03995	0.00570	0.95435
242 A	0.03991	0.00576	0.95433
243 A	0.03984	0.00582	0.95433
244 T	0.03987	0.00580	0.95434
245 C	0.03989	0.00571	0.9544
246 T	0.03994	0.00561	0.95446
247 A	0.03997	0.00558	0.95445
248 A	0.04007	0.00544	0.95448
249 T	0.04030	0.00515	0.95455
250 T	0.04055	0.00488	0.95457
251 T	0.04063	0.00462	0.95476
252 A	0.04061	0.00454	0.95485
253 A	0.04062	0.00429	0.95509
254 T	0.04069	0.00352	0.95578
255 T	0.04075	0.00317	0.95608
256 A	0.04075	0.00306	0.95619
257 T	0.04079	0.00278	0.95643
258 T	0.04066	0.00268	0.95666
259 T	0.04056	0.00276	0.95668
260 G	0.04048	0.00278	0.95674
261 G	0.04043	0.00272	0.95685
262 G	0.04043	0.00233	0.95724
263 T	0.04048	0.00227	0.95725
264 T	0.04045	0.00238	0.95717
265 A	0.04021	0.00282	0.95697
266 C	0.04007	0.00302	0.95691
267 T	0.03927	0.00440	0.95634
268 G	0.03866	0.00571	0.95563
269 A	0.03845	0.00629	0.95526
270 T	0.03836	0.00644	0.95521
271 G	0.03795	0.00693	0.95513
272 G	0.03743	0.00751	0.95506
273 T	0.03595	0.00914	0.95491
274 C	0.03218	0.01330	0.95452
275 A	0.02955	0.01725	0.9532
276 A	0.02765	0.02046	0.95189
277 A	0.02602	0.02235	0.95163
278 A	0.02486	0.02354	0.9516
279 T	0.02400	0.02440	0.9516
280 A	0.02274	0.02558	0.95168
281 C	0.02163	0.02652	0.95185
282 C	0.02049	0.02758	0.95192
283 A	0.01968	0.02840	0.95191
284 C	0.01902	0.02909	0.95189
285 A	0.01814	0.03033	0.95153
286 A	0.01775	0.03074	0.95151
287 T	0.01757	0.03091	0.95152
288 A	0.01670	0.03161	0.9517
289 A	0.01649	0.03169	0.95182
290 C	0.01685	0.03027	0.95288
291 T	0.01716	0.02958	0.95326
292 A	0.01668	0.03008	0.95324
293 A	0.01610	0.03090	0.95301
294 A	0.01369	0.03347	0.95284
295 G	0.01227	0.03469	0.95304
296 A	0.01146	0.03410	0.95445
297 A	0.01137	0.03063	0.95801
298 G	0.01236	0.02704	0.9606
299 A	0.01336	0.02463	0.962
300 A	0.01356	0.02292	0.96352
301 T	0.01355	0.02156	0.96489
302 T	0.01330	0.02084	0.96586
303 A	0.01244	0.02100	0.96656
304 G	0.01169	0.02093	0.96739
305 G	0.01120	0.02088	0.96792
306 A	0.01086	0.02169	0.96746
307 A	0.01075	0.02126	0.96798
308 T	0.01104	0.02016	0.96879
309 A	0.01092	0.01988	0.9692
310 A	0.01080	0.01968	0.96952
311 C	0.01077	0.01858	0.97066
312 T	0.01077	0.01875	0.97047
313 A	0.01073	0.01971	0.96956
314 A	0.01053	0.02076	0.96871
315 A	0.01059	0.02118	0.96823
316 A	0.01077	0.02162	0.9676
317 T	0.01120	0.01888	0.96992
318 G	0.01124	0.01787	0.9709
319 T	0.01159	0.01727	0.97113
320 T	0.01162	0.01764	0.97074
321 A	0.01138	0.01908	0.96954
322 T	0.01148	0.01937	0.96915
323 A	0.01140	0.01963	0.96897
324 T	0.01145	0.01963	0.96892
325 A	0.01121	0.01985	0.96894
326 A	0.01139	0.01929	0.96931
327 T	0.01168	0.01837	0.96995
328 A	0.01197	0.01773	0.97031
329 G	0.01279	0.01654	0.97067
330 T	0.01310	0.01614	0.97076
331 C	0.01313	0.01611	0.97076
332 A	0.01322	0.01610	0.97068
333 T	0.01338	0.01595	0.97067
334 A	0.01313	0.01629	0.97058
335 A	0.01336	0.01609	0.97055
336 A	0.01419	0.01529	0.97052
337 A	0.01514	0.01406	0.97079
338 A	0.01618	0.01281	0.971
339 T	0.01780	0.01093	0.97126
340 G	0.01851	0.01004	0.97145
341 T	0.01942	0.00900	0.97158
342 T	0.01992	0.00857	0.9715
343 A	0.02016	0.00861	0.97123
344 T	0.02098	0.00767	0.97136
345 T	0.02084	0.00803	0.97114
346 A	0.02005	0.00875	0.9712
347 T	0.01968	0.00897	0.97134
348 A	0.01873	0.00962	0.97165
349 G	0.01852	0.00956	0.97192
350 C	0.01831	0.00962	0.97207
351 T	0.01812	0.00983	0.97204
352 G	0.01750	0.01067	0.97184
353 T	0.01734	0.01104	0.97162
354 T	0.01698	0.01156	0.97146
355 A	0.01607	0.01265	0.97128
356 A	0.01526	0.01342	0.97132
357 T	0.01492	0.01344	0.97165
358 A	0.01424	0.01402	0.97173
359 A	0.01383	0.01430	0.97186
360 A	0.01363	0.01442	0.97196
361 A	0.01346	0.01456	0.97199
362 T	0.01343	0.01454	0.97204
363 A	0.01305	0.01491	0.97204
364 G	0.01280	0.01515	0.97205
365 A	0.01288	0.01503	0.97209
366 T	0.01324	0.01451	0.97225
367 A	0.01331	0.01437	0.97231
368 A	0.01368	0.01347	0.97285
369 T	0.01386	0.01231	0.97382
370 T	0.01389	0.01173	0.97437
371 T	0.01384	0.01098	0.97518
372 A	0.01376	0.01088	0.97536
373 A	0.01376	0.01083	0.97542
374 A	0.01385	0.01069	0.97546
375 T	0.01415	0.00969	0.97616
376 T	0.01435	0.00918	0.97647
377 T	0.01445	0.00875	0.9768
378 A	0.01442	0.00823	0.97735
379 T	0.01439	0.00761	0.97801
380 A	0.01422	0.00745	0.97833
381 T	0.01421	0.00684	0.97895
382 G	0.01417	0.00655	0.97928
383 A	0.01421	0.00636	0.97942
384 A	0.01429	0.00608	0.97962
385 A	0.01439	0.00582	0.97978
386 A	0.01457	0.00520	0.98022
387 T	0.01482	0.00456	0.98062
388 G	0.01499	0.00424	0.98078
389 T	0.01522	0.00398	0.9808
390 T	0.01535	0.00384	0.98081
391 T	0.01540	0.00381	0.98079
392 A	0.01539	0.00383	0.98078
393 T	0.01544	0.00374	0.98082
394 G	0.01547	0.00366	0.98087
395 A	0.01562	0.00347	0.98092
396 A	0.01593	0.00313	0.98094
397 T	0.01649	0.00255	0.98097
398 T	0.01676	0.00225	0.981
399 T	0.01692	0.00204	0.98104
400 T	0.01699	0.00189	0.98112
401 A	0.01703	0.00174	0.98124
402 T	0.01708	0.00155	0.98137
403 T	0.01714	0.00132	0.98154
404 C	0.01715	0.00120	0.98165
405 T	0.01721	0.00112	0.98167
406 T	0.01724	0.00112	0.98164
407 T	0.01713	0.00129	0.98158
408 A	0.01689	0.00167	0.98145
409 G	0.01679	0.00181	0.98139
410 G	0.01678	0.00185	0.98138
411 A	0.01679	0.00188	0.98133
412 T	0.01686	0.00184	0.9813
413 T	0.01694	0.00177	0.98128
414 T	0.01698	0.00176	0.98127
415 A	0.01697	0.00182	0.98122
416 G	0.01698	0.00184	0.98118
417 T	0.01700	0.00186	0.98113
418 G	0.01702	0.00199	0.981
419 A	0.01704	0.00199	0.98096
420 T	0.01711	0.00195	0.98094
421 A	0.01710	0.00200	0.98091
422 T	0.01706	0.00205	0.98089
423 C	0.01692	0.00221	0.98087
424 A	0.01682	0.00244	0.98075
425 T	0.01651	0.00285	0.98064
426 A	0.01562	0.00389	0.98049
427 G	0.01515	0.00442	0.98042
428 G	0.01497	0.00464	0.98038
429 A	0.01486	0.00475	0.98039
430 A	0.01483	0.00472	0.98045
431 T	0.01495	0.00439	0.98066
432 T	0.01491	0.00441	0.98069
433 A	0.01481	0.00449	0.98069
434 G	0.01482	0.00446	0.98072
435 T	0.01485	0.00440	0.98075
436 A	0.01484	0.00440	0.98076
437 C	0.01486	0.00433	0.98081
438 C	0.01490	0.00426	0.98084
439 C	0.01485	0.00432	0.98084
440 A	0.01478	0.00441	0.98081
441 A	0.01483	0.00437	0.9808
442 C	0.01481	0.00439	0.9808
443 A	0.01476	0.00445	0.98078
444 T	0.01479	0.00440	0.98081
445 G	0.01476	0.00433	0.98091
446 G	0.01476	0.00419	0.98104
447 A	0.01486	0.00404	0.9811
448 A	0.01496	0.00358	0.98145
449 T	0.01511	0.00252	0.98236
450 T	0.01516	0.00206	0.98278
451 G	0.01510	0.00202	0.98287
452 G	0.01508	0.00196	0.98296
453 T	0.01506	0.00205	0.98289
454 A	0.01498	0.00225	0.98277
455 T	0.01498	0.00221	0.98281
456 C	0.01490	0.00226	0.98283
457 G	0.01482	0.00252	0.98266
458 G	0.01475	0.00302	0.98223
459 T	0.01472	0.00336	0.98192
460 A	0.01470	0.00374	0.98155
461 A	0.01470	0.00389	0.98141
462 A	0.01470	0.00386	0.98144
463 T	0.01473	0.00379	0.98148
464 T	0.01473	0.00374	0.98152
465 A	0.01471	0.00375	0.98155
466 T	0.01471	0.00368	0.9816
467 T	0.01468	0.00370	0.98162
468 A	0.01463	0.00374	0.98163
469 G	0.01461	0.00373	0.98166
470 A	0.01462	0.00374	0.98163
471 T	0.01465	0.00372	0.98163
472 A	0.01466	0.00379	0.98155
473 A	0.01471	0.00374	0.98155
474 A	0.01482	0.00356	0.98162
475 G	0.01488	0.00342	0.98169
476 T	0.01510	0.00314	0.98176
477 T	0.01535	0.00284	0.98181
478 G	0.01544	0.00273	0.98184
479 T	0.01560	0.00251	0.98188
480 A	0.01567	0.00242	0.9819
481 T	0.01595	0.00212	0.98194
482 C	0.01604	0.00206	0.9819
483 T	0.01627	0.00208	0.98165
484 T	0.01626	0.00225	0.98149
485 A	0.01596	0.00280	0.98124
486 T	0.01581	0.00298	0.98121
487 T	0.01546	0.00333	0.98121
488 T	0.01461	0.00417	0.98123
489 A	0.01262	0.00614	0.98125
490 C	0.01127	0.00743	0.9813
491 C	0.01038	0.00829	0.98133
492 A	0.00968	0.00899	0.98132
493 C	0.00903	0.00966	0.98131
494 G	0.00870	0.01002	0.98128
495 T	0.00859	0.01017	0.98125
496 G	0.00811	0.01072	0.98117
497 A	0.00773	0.01121	0.98105
498 T	0.00745	0.01162	0.98093
499 A	0.00718	0.01210	0.98071
500 A	0.00695	0.01253	0.98052
501 A	0.00677	0.01293	0.9803
502 A	0.00668	0.01334	0.97998
503 A	0.00662	0.01374	0.97964
504 A	0.00647	0.01449	0.97904
505 A	0.00628	0.01524	0.97847
506 T	0.00634	0.01533	0.97833
507 A	0.00593	0.01576	0.97831
508 G	0.00572	0.01566	0.97862
509 A	0.00555	0.01573	0.97872
510 A	0.00534	0.01567	0.979
511 A	0.00512	0.01529	0.97958
512 A	0.00490	0.01416	0.98094
513 T	0.00477	0.01323	0.98199
514 G	0.00453	0.01293	0.98255
515 A	0.00442	0.01290	0.98269
516 T	0.00435	0.01262	0.98303
517 G	0.00421	0.01245	0.98334
518 A	0.00414	0.01236	0.9835
519 A	0.00414	0.01194	0.98393
520 A	0.00421	0.01144	0.98435
521 C	0.00432	0.01095	0.98474
522 A	0.00452	0.01060	0.98489
523 G	0.00473	0.01019	0.98507
524 A	0.00501	0.00983	0.98517
525 A	0.00536	0.00941	0.98523
526 G	0.00581	0.00891	0.98528
527 A	0.00659	0.00784	0.98556
528 T	0.00751	0.00655	0.98593
529 T	0.00792	0.00591	0.98617
530 T	0.00808	0.00531	0.98661
531 A	0.00815	0.00495	0.9869
532 A	0.00832	0.00463	0.98706
533 A	0.00854	0.00418	0.98727
534 A	0.00899	0.00347	0.98754
535 T	0.00964	0.00251	0.98785
536 T	0.01007	0.00187	0.98805
537 T	0.01033	0.00142	0.98825
538 T	0.01049	0.00115	0.98836
539 G	0.01052	0.00105	0.98843
540 T	0.01053	0.00094	0.98853
541 T	0.01053	0.00092	0.98854
542 T	0.01050	0.00101	0.98849
543 A	0.01041	0.00130	0.98829
544 G	0.01032	0.00170	0.98798
545 T	0.01027	0.00222	0.98751
546 A	0.01015	0.00240	0.98744
547 G	0.01013	0.00246	0.98741
548 G	0.01016	0.00245	0.98738
549 T	0.01023	0.00243	0.98734
550 C	0.01025	0.00241	0.98734
551 G	0.01028	0.00240	0.98732
552 T	0.01033	0.00236	0.98731
553 A	0.01035	0.00235	0.9873
554 C	0.01037	0.00233	0.9873
555 T	0.01037	0.00236	0.98727
556 A	0.01037	0.00241	0.98722
557 A	0.01038	0.00243	0.98719
558 T	0.01039	0.00244	0.98717
559 G	0.01039	0.00248	0.98713
560 T	0.01041	0.00249	0.98709
561 T	0.01041	0.00263	0.98696
562 G	0.01041	0.00286	0.98673
563 G	0.01042	0.00302	0.98657
564 A	0.01046	0.00311	0.98643
565 A	0.01055	0.00301	0.98644
566 A	0.01077	0.00271	0.98652
567 A	0.01112	0.00226	0.98661
568 T	0.01162	0.00167	0.98671
569 C	0.01169	0.00148	0.98683
570 T	0.01174	0.00141	0.98686
571 A	0.01176	0.00138	0.98686
572 C	0.01180	0.00134	0.98687
573 T	0.01181	0.00133	0.98685
574 T	0.01182	0.00132	0.98685
575 T	0.01183	0.00132	0.98685
576 A	0.01181	0.00134	0.98685
577 A	0.01178	0.00138	0.98684
578 C	0.01166	0.00148	0.98687
579 T	0.01147	0.00166	0.98687
580 A	0.01111	0.00202	0.98687
581 A	0.01097	0.00216	0.98687
582 C	0.01093	0.00218	0.98688
583 G	0.01096	0.00217	0.98687
584 C	0.01113	0.00199	0.98687
585 T	0.01138	0.00180	0.98682
586 T	0.01148	0.00175	0.98677
587 T	0.01146	0.00182	0.98672
588 A	0.01137	0.00201	0.98662
589 T	0.01133	0.00206	0.98661
590 T	0.01126	0.00212	0.98662
591 A	0.01118	0.00220	0.98662
592 T	0.01115	0.00222	0.98663
593 C	0.01110	0.00226	0.98664
594 C	0.01106	0.00230	0.98664
595 C	0.01101	0.00237	0.98662
596 A	0.01098	0.00242	0.9866
597 G	0.01095	0.00247	0.98659
598 G	0.01094	0.00250	0.98656
599 A	0.01094	0.00250	0.98656
600 A	0.01095	0.00246	0.98659
601 A	0.01095	0.00228	0.98677
602 G	0.01096	0.00201	0.98703
603 A	0.01097	0.00165	0.98737
604 A	0.01099	0.00145	0.98756
605 T	0.01103	0.00129	0.98768
606 G	0.01106	0.00121	0.98773
607 A	0.01109	0.00116	0.98775
608 T	0.01116	0.00102	0.98783
609 T	0.01119	0.00092	0.98788
610 G	0.01122	0.00079	0.98799
611 T	0.01129	0.00064	0.98807
612 G	0.01129	0.00059	0.98812
613 T	0.01130	0.00054	0.98816
614 C	0.01129	0.00050	0.9882
615 T	0.01127	0.00052	0.98821
616 G	0.01123	0.00059	0.98818
617 A	0.01121	0.00062	0.98817
618 T	0.01119	0.00063	0.98819
619 C	0.01119	0.00061	0.9882
620 T	0.01117	0.00064	0.98818
621 T	0.01107	0.00079	0.98814
622 T	0.01091	0.00100	0.98808
623 C	0.01046	0.00151	0.98804
624 A	0.00970	0.00252	0.98778
625 G	0.00891	0.00336	0.98773
626 G	0.00854	0.00376	0.98771
627 A	0.00809	0.00426	0.98765
628 A	0.00797	0.00439	0.98764
629 C	0.00794	0.00442	0.98764
630 T	0.00790	0.00448	0.98762
631 A	0.00783	0.00456	0.98761
632 C	0.00780	0.00459	0.98761
633 A	0.00771	0.00468	0.98761
634 A	0.00768	0.00471	0.9876
635 C	0.00768	0.00470	0.98762
636 T	0.00769	0.00469	0.98761
637 G	0.00767	0.00472	0.98762
638 A	0.00767	0.00470	0.98764
639 T	0.00769	0.00463	0.98768
640 G	0.00768	0.00462	0.9877
641 C	0.00767	0.00454	0.98779
642 A	0.00766	0.00454	0.9878
643 G	0.00768	0.00444	0.98788
644 T	0.00776	0.00423	0.98801
645 T	0.00777	0.00414	0.98809
646 G	0.00772	0.00394	0.98833
647 A	0.00789	0.00311	0.989
648 T	0.00792	0.00229	0.98978
649 A	0.00791	0.00194	0.99015
650 C	0.00793	0.00149	0.99057
651 T	0.00792	0.00173	0.99035
652 A	0.00790	0.00275	0.98935
653 T	0.00783	0.00397	0.9882
654 A	0.00763	0.00479	0.98757
655 T	0.00742	0.00565	0.98693
656 T	0.00717	0.00650	0.98632
657 T	0.00683	0.00755	0.98562
658 G	0.00576	0.00975	0.98449
659 A	0.00520	0.01153	0.98327
660 A	0.00478	0.01304	0.98218
661 A	0.00454	0.01405	0.9814
662 A	0.00425	0.01519	0.98056
663 A	0.00394	0.01610	0.97995
664 A	0.00380	0.01657	0.97963
665 A	0.00374	0.01689	0.97937
666 T	0.00374	0.01691	0.97935
667 A	0.00368	0.01705	0.97926
668 A	0.00370	0.01703	0.97927
669 T	0.00366	0.01702	0.97932
670 C	0.00360	0.01710	0.9793
671 A	0.00357	0.01725	0.97918
672 A	0.00362	0.01730	0.97907
673 A	0.00372	0.01728	0.979
674 G	0.00407	0.01693	0.979
675 A	0.00522	0.01577	0.97902
676 T	0.00679	0.01399	0.97923
677 A	0.00754	0.01291	0.97955
678 T	0.00840	0.01147	0.98014
679 C	0.00891	0.01061	0.98049
680 A	0.00943	0.00999	0.98058
681 T	0.01043	0.00845	0.98112
682 A	0.01134	0.00734	0.98133
683 T	0.01234	0.00613	0.98153
684 A	0.01276	0.00580	0.98144
685 A	0.01345	0.00504	0.98151
686 T	0.01378	0.00468	0.98153
687 A	0.01295	0.00604	0.981
688 G	0.01232	0.00668	0.981
689 A	0.01181	0.00716	0.98103
690 T	0.01142	0.00750	0.98109
691 A	0.01051	0.00834	0.98115
692 C	0.00989	0.00885	0.98125
693 C	0.00899	0.00976	0.98126
694 G	0.00773	0.01119	0.98108
695 C	0.00648	0.01300	0.98052
696 T	0.00560	0.01445	0.97994
697 G	0.00465	0.01582	0.97953
698 G	0.00411	0.01669	0.9792
699 A	0.00390	0.01695	0.97915
700 A	0.00375	0.01712	0.97913
701 T	0.00370	0.01708	0.97922
702 G	0.00357	0.01710	0.97933
703 C	0.00353	0.01704	0.97943
704 G	0.00342	0.01719	0.97938
705 A	0.00331	0.01739	0.9793
706 A	0.00316	0.01767	0.97918
707 G	0.00312	0.01775	0.97914
708 A	0.00323	0.01777	0.979
709 A	0.00341	0.01749	0.9791
710 A	0.00397	0.01605	0.97998
711 A	0.00406	0.01519	0.98076
712 A	0.00410	0.01454	0.98136
713 A	0.00397	0.01419	0.98183
714 A	0.00387	0.01365	0.98247
715 A	0.00384	0.01339	0.98277
716 A	0.00403	0.01267	0.9833
717 A	0.00438	0.01115	0.98446
718 T	0.00526	0.00913	0.98562
719 T	0.00568	0.00819	0.98612
720 T	0.00571	0.00798	0.9863
721 T	0.00537	0.00912	0.98551
722 A	0.00441	0.01077	0.98481
723 T	0.00400	0.01149	0.9845
724 G	0.00308	0.01282	0.9841
725 A	0.00257	0.01360	0.98382
726 A	0.00238	0.01371	0.98391
727 A	0.00233	0.01361	0.98406
728 A	0.00238	0.01338	0.98424
729 A	0.00242	0.01310	0.98447
730 C	0.00253	0.01274	0.98472
731 A	0.00264	0.01265	0.98471
732 T	0.00283	0.01248	0.98469
733 G	0.00288	0.01249	0.98463
734 A	0.00293	0.01248	0.98459
735 A	0.00300	0.01240	0.9846
736 A	0.00318	0.01200	0.98481
737 A	0.00350	0.01150	0.985
738 G	0.00412	0.01072	0.98517
739 T	0.00495	0.00978	0.98527
740 A	0.00548	0.00919	0.98533
741 T	0.00625	0.00830	0.98544
742 A	0.00673	0.00766	0.98561
743 G	0.00735	0.00667	0.98598
744 T	0.00847	0.00495	0.98658
745 T	0.00915	0.00330	0.98755
746 T	0.00944	0.00268	0.98788
747 T	0.00969	0.00182	0.98848
748 T	0.00984	0.00137	0.98879
749 T	0.00974	0.00135	0.98891
750 A	0.00931	0.00175	0.98893
751 A	0.00910	0.00191	0.98899
752 G	0.00875	0.00218	0.98907
753 A	0.00853	0.00237	0.9891
754 G	0.00854	0.00231	0.98915
755 C	0.00860	0.00226	0.98914
756 T	0.00867	0.00234	0.98899
757 T	0.00865	0.00266	0.98869
758 T	0.00859	0.00296	0.98844
759 A	0.00842	0.00360	0.98798
760 G	0.00818	0.00388	0.98795
761 A	0.00807	0.00401	0.98791
762 T	0.00802	0.00408	0.9879
763 G	0.00790	0.00420	0.9879
764 C	0.00788	0.00424	0.98788
765 T	0.00788	0.00425	0.98787
766 A	0.00785	0.00431	0.98784
767 T	0.00785	0.00432	0.98784
768 T	0.00783	0.00433	0.98784
769 C	0.00776	0.00440	0.98784
770 A	0.00771	0.00444	0.98786
771 A	0.00767	0.00444	0.98789
772 A	0.00765	0.00434	0.98801
773 G	0.00768	0.00397	0.98835
774 A	0.00767	0.00384	0.98849
775 A	0.00769	0.00340	0.98891
776 G	0.00774	0.00303	0.98923
777 C	0.00780	0.00284	0.98936
778 G	0.00790	0.00272	0.98938
779 A	0.00809	0.00249	0.98942
780 T	0.00840	0.00211	0.98948
781 A	0.00860	0.00186	0.98953
782 T	0.00900	0.00133	0.98966
783 T	0.00904	0.00099	0.98996
784 G	0.00906	0.00084	0.99011
785 T	0.00907	0.00074	0.99019
786 C	0.00908	0.00061	0.9903
787 T	0.00910	0.00060	0.9903
788 G	0.00910	0.00059	0.99031
789 T	0.00913	0.00055	0.99032
790 T	0.00913	0.00056	0.99031
791 T	0.00912	0.00058	0.9903
792 T	0.00907	0.00058	0.99035
793 T	0.00902	0.00060	0.99038
794 T	0.00895	0.00064	0.99041
795 A	0.00880	0.00079	0.99041
796 T	0.00876	0.00083	0.99041
797 T	0.00870	0.00088	0.99043
798 A	0.00859	0.00100	0.99041
799 G	0.00852	0.00108	0.9904
800 A	0.00848	0.00115	0.99037
801 T	0.00846	0.00119	0.99035
802 A	0.00840	0.00131	0.99029
803 T	0.00839	0.00137	0.99024
804 A	0.00836	0.00148	0.99016
805 A	0.00835	0.00157	0.99008
806 G	0.00831	0.00163	0.99005
807 T	0.00830	0.00167	0.99002
808 T	0.00827	0.00178	0.98994
809 A	0.00819	0.00197	0.98984
810 T	0.00812	0.00215	0.98973
811 A	0.00794	0.00263	0.98943
812 A	0.00788	0.00279	0.98934
813 T	0.00784	0.00290	0.98926
814 A	0.00777	0.00295	0.98927
815 T	0.00775	0.00292	0.98933
816 T	0.00764	0.00298	0.98938
817 A	0.00748	0.00312	0.9894
818 C	0.00740	0.00307	0.98953
819 T	0.00737	0.00312	0.98952
820 G	0.00732	0.00319	0.9895
821 A	0.00731	0.00319	0.9895
822 G	0.00728	0.00322	0.98951
823 C	0.00728	0.00324	0.98949
824 A	0.00728	0.00331	0.98941
825 A	0.00728	0.00338	0.98934
826 G	0.00729	0.00340	0.98931
827 A	0.00736	0.00337	0.98927
828 T	0.00744	0.00329	0.98926
829 A	0.00745	0.00326	0.98929
830 G	0.00749	0.00319	0.98932
831 A	0.00757	0.00308	0.98935
832 A	0.00766	0.00292	0.98943
833 A	0.00778	0.00271	0.98951
834 T	0.00809	0.00221	0.9897
835 A	0.00817	0.00204	0.98979
836 T	0.00826	0.00184	0.9899
837 A	0.00828	0.00171	0.99001
838 G	0.00829	0.00156	0.99015
839 C	0.00833	0.00137	0.9903
840 T	0.00840	0.00119	0.9904
841 G	0.00844	0.00110	0.99046
842 C	0.00851	0.00101	0.99048
843 T	0.00859	0.00096	0.99045
844 A	0.00863	0.00096	0.99041
845 T	0.00870	0.00086	0.99044
846 T	0.00875	0.00080	0.99044
847 A	0.00883	0.00075	0.99042
848 T	0.00893	0.00060	0.99047
849 T	0.00899	0.00056	0.99046
850 T	0.00901	0.00055	0.99044
851 T	0.00901	0.00059	0.99041
852 T	0.00897	0.00069	0.99034
853 A	0.00861	0.00112	0.99026
854 A	0.00845	0.00130	0.99024
855 T	0.00840	0.00137	0.99023
856 T	0.00832	0.00145	0.99023
857 A	0.00821	0.00156	0.99022
858 T	0.00815	0.00163	0.99022
859 T	0.00803	0.00174	0.99023
860 C	0.00783	0.00194	0.99023
861 A	0.00770	0.00207	0.99023
862 A	0.00760	0.00216	0.99023
863 A	0.00758	0.00219	0.99023
864 A	0.00756	0.00220	0.99023
865 C	0.00755	0.00221	0.99024
866 C	0.00759	0.00217	0.99024
867 T	0.00764	0.00212	0.99024
868 T	0.00764	0.00212	0.99024
869 G	0.00764	0.00213	0.99024
870 C	0.00766	0.00211	0.99023
871 A	0.00769	0.00211	0.9902
872 T	0.00778	0.00202	0.9902
873 T	0.00783	0.00195	0.99022
874 A	0.00787	0.00190	0.99024
875 T	0.00793	0.00179	0.99028
876 T	0.00798	0.00138	0.99063
877 G	0.00800	0.00119	0.99082
878 T	0.00801	0.00108	0.99091
879 T	0.00801	0.00101	0.99097
880 T	0.00800	0.00099	0.99101
881 T	0.00796	0.00113	0.99091
882 G	0.00793	0.00129	0.99078
883 A	0.00792	0.00139	0.9907
884 A	0.00791	0.00142	0.99067
885 T	0.00791	0.00144	0.99065
886 A	0.00791	0.00150	0.9906
887 A	0.00791	0.00150	0.99059
888 A	0.00790	0.00149	0.9906
889 T	0.00790	0.00148	0.99062
890 G	0.00790	0.00149	0.99061
891 G	0.00790	0.00150	0.99059
892 G	0.00790	0.00156	0.99054
893 A	0.00791	0.00165	0.99044
894 T	0.00795	0.00170	0.99035
895 T	0.00796	0.00190	0.99014
896 T	0.00797	0.00213	0.98991
897 A	0.00795	0.00252	0.98953
898 T	0.00794	0.00268	0.98939
899 T	0.00790	0.00291	0.9892
900 A	0.00782	0.00305	0.98913
901 G	0.00756	0.00330	0.98913
902 A	0.00735	0.00352	0.98912
903 A	0.00715	0.00373	0.98912
904 C	0.00710	0.00374	0.98916
905 C	0.00715	0.00369	0.98916
906 T	0.00726	0.00362	0.98912
907 T	0.00717	0.00375	0.98908
908 C	0.00699	0.00393	0.98908
909 T	0.00687	0.00408	0.98905
910 G	0.00655	0.00445	0.98901
911 A	0.00630	0.00477	0.98893
912 C	0.00610	0.00499	0.9889
913 A	0.00565	0.00553	0.98882
914 A	0.00524	0.00596	0.98881
915 A	0.00493	0.00627	0.9888
916 G	0.00483	0.00638	0.9888
917 A	0.00480	0.00641	0.98879
918 C	0.00496	0.00624	0.9888
919 A	0.00514	0.00609	0.98877
920 T	0.00545	0.00578	0.98876
921 A	0.00543	0.00583	0.98873
922 A	0.00545	0.00582	0.98873
923 A	0.00540	0.00586	0.98874
924 A	0.00533	0.00571	0.98895
925 A	0.00534	0.00549	0.98916
926 A	0.00537	0.00515	0.98948
927 A	0.00540	0.00482	0.98978
928 T	0.00544	0.00445	0.9901
929 T	0.00547	0.00429	0.99023
930 C	0.00534	0.00425	0.99041
931 G	0.00526	0.00439	0.99034
932 A	0.00524	0.00451	0.99025
933 A	0.00525	0.00450	0.99026
934 T	0.00531	0.00440	0.9903
935 T	0.00529	0.00455	0.99017
936 A	0.00524	0.00435	0.99041
937 A	0.00521	0.00408	0.99071
938 T	0.00520	0.00377	0.99102
939 G	0.00517	0.00369	0.99114
940 G	0.00515	0.00365	0.9912
941 T	0.00517	0.00362	0.99122
942 T	0.00517	0.00366	0.99118
943 A	0.00513	0.00368	0.99118
944 G	0.00514	0.00360	0.99127
945 A	0.00516	0.00353	0.99131
946 A	0.00519	0.00346	0.99135
947 C	0.00524	0.00334	0.99142
948 A	0.00529	0.00336	0.99135
949 G	0.00532	0.00337	0.99131
950 A	0.00536	0.00337	0.99127
951 A	0.00546	0.00329	0.99125
952 T	0.00568	0.00309	0.99124
953 T	0.00584	0.00281	0.99135
954 T	0.00601	0.00266	0.99133
955 A	0.00611	0.00262	0.99127
956 A	0.00624	0.00261	0.99115
957 A	0.00639	0.00260	0.99101
958 T	0.00672	0.00230	0.99098
959 T	0.00699	0.00200	0.99101
960 T	0.00717	0.00184	0.991
961 T	0.00720	0.00183	0.99097
962 T	0.00721	0.00183	0.99096
963 T	0.00718	0.00184	0.99098
964 A	0.00712	0.00189	0.99099
965 A	0.00715	0.00184	0.99101
966 T	0.00717	0.00179	0.99104
967 C	0.00718	0.00175	0.99106
968 A	0.00722	0.00171	0.99108
969 T	0.00729	0.00163	0.99108
970 G	0.00732	0.00160	0.99108
971 T	0.00741	0.00151	0.99109
972 T	0.00745	0.00147	0.99109
973 C	0.00748	0.00143	0.99109
974 C	0.00750	0.00142	0.99109
975 A	0.00752	0.00142	0.99105
976 A	0.00756	0.00140	0.99103
977 T	0.00769	0.00128	0.99103
978 A	0.00778	0.00121	0.991
979 G	0.00795	0.00104	0.99101
980 T	0.00819	0.00078	0.99102
981 T	0.00830	0.00066	0.99103
982 T	0.00834	0.00064	0.99102
983 T	0.00834	0.00067	0.99099
984 T	0.00832	0.00086	0.99083
985 T	0.00825	0.00096	0.99079
986 T	0.00812	0.00123	0.99065
987 A	0.00777	0.00186	0.99037
988 T	0.00759	0.00203	0.99038
989 C	0.00725	0.00237	0.99037
990 T	0.00702	0.00266	0.99031
991 G	0.00652	0.00326	0.99022
992 C	0.00627	0.00359	0.99015
993 G	0.00607	0.00413	0.9898
994 A	0.00601	0.00477	0.98921
995 A	0.00593	0.00537	0.98869
996 A	0.00590	0.00563	0.98848
997 A	0.00589	0.00577	0.98834
998 A	0.00590	0.00587	0.98822
999 T	0.00590	0.00593	0.98817
1000 A	0.00586	0.00603	0.98811
1001 T	0.00586	0.00606	0.98808
1002 A	0.00577	0.00619	0.98803
1003 A	0.00569	0.00633	0.98798
1004 A	0.00566	0.00640	0.98794
1005 A	0.00567	0.00642	0.9879
1006 A	0.00574	0.00637	0.9879
1007 G	0.00592	0.00612	0.98795
1008 A	0.00602	0.00592	0.98805
1009 A	0.00621	0.00554	0.98826
1010 T	0.00656	0.00476	0.98868
1011 T	0.00660	0.00442	0.98898
1012 C	0.00661	0.00406	0.98933
1013 A	0.00666	0.00389	0.98945
1014 T	0.00681	0.00344	0.98974
1015 A	0.00685	0.00329	0.98986
1016 C	0.00713	0.00288	0.98998
1017 A	0.00765	0.00244	0.98991
1018 T	0.00817	0.00190	0.98993
1019 T	0.00833	0.00180	0.98988
1020 G	0.00841	0.00176	0.98983
1021 T	0.00853	0.00170	0.98977
1022 T	0.00858	0.00161	0.98982
1023 T	0.00858	0.00155	0.98987
1024 A	0.00851	0.00159	0.98989
1025 A	0.00853	0.00148	0.98999
1026 C	0.00857	0.00135	0.99009
1027 G	0.00860	0.00128	0.99011
1028 C	0.00866	0.00121	0.99012
1029 T	0.00872	0.00117	0.99011
1030 T	0.00872	0.00120	0.99007
1031 T	0.00871	0.00124	0.99005
1032 A	0.00869	0.00131	0.99001
1033 G	0.00866	0.00138	0.98995
1034 A	0.00865	0.00151	0.98984
1035 T	0.00865	0.00157	0.98977
1036 A	0.00865	0.00178	0.98957
1037 A	0.00866	0.00211	0.98922
1038 A	0.00870	0.00232	0.98898
1039 G	0.00876	0.00255	0.98869
1040 T	0.00889	0.00268	0.98843
1041 T	0.00898	0.00276	0.98826
1042 T	0.00905	0.00286	0.98808
1043 T	0.00909	0.00296	0.98796
1044 T	0.00908	0.00309	0.98784
1045 G	0.00904	0.00325	0.98771
1046 A	0.00904	0.00336	0.98761
1047 T	0.00904	0.00337	0.9876
1048 A	0.00903	0.00348	0.98748
1049 A	0.00903	0.00354	0.98743
1050 T	0.00905	0.00355	0.98739
1051 T	0.00906	0.00367	0.98727
1052 A	0.00906	0.00376	0.98718
1053 T	0.00906	0.00374	0.9872
1054 A	0.00905	0.00375	0.9872
1055 A	0.00900	0.00379	0.98721
1056 A	0.00902	0.00375	0.98723
1057 C	0.00914	0.00360	0.98725
1058 A	0.00922	0.00352	0.98726
1059 A	0.00946	0.00327	0.98726
1060 A	0.00987	0.00286	0.98727
1061 C	0.01027	0.00246	0.98727
1062 T	0.01077	0.00197	0.98726
1063 T	0.01110	0.00164	0.98726
1064 T	0.01128	0.00146	0.98726
1065 T	0.01140	0.00134	0.98727
1066 T	0.01148	0.00126	0.98727
1067 C	0.01153	0.00115	0.98731
1068 T	0.01164	0.00102	0.98735
1069 T	0.01173	0.00092	0.98736
1070 C	0.01178	0.00086	0.98736
1071 T	0.01189	0.00074	0.98737
1072 C	0.01195	0.00069	0.98737
1073 A	0.01199	0.00065	0.98736
1074 T	0.01212	0.00053	0.98734
1075 T	0.01220	0.00048	0.98732
1076 T	0.01220	0.00052	0.98729
1077 A	0.01220	0.00061	0.98718
1078 T	0.01221	0.00066	0.98713
1079 T	0.01220	0.00074	0.98706
1080 A	0.01217	0.00092	0.98692
1081 A	0.01216	0.00111	0.98674
1082 A	0.01216	0.00118	0.98666
1083 T	0.01217	0.00126	0.98658
1084 G	0.01217	0.00149	0.98635
1085 A	0.01218	0.00189	0.98593
1086 T	0.01218	0.00253	0.98528
1087 A	0.01218	0.00318	0.98464
1088 T	0.01217	0.00347	0.98436
1089 T	0.01215	0.00357	0.98428
1090 T	0.01210	0.00379	0.98412
1091 T	0.01202	0.00388	0.9841
1092 A	0.01194	0.00400	0.98406
1093 C	0.01189	0.00408	0.98403
1094 A	0.01186	0.00423	0.9839
1095 C	0.01185	0.00433	0.98382
1096 G	0.01186	0.00440	0.98375
1097 A	0.01187	0.00453	0.9836
1098 A	0.01190	0.00457	0.98352
1099 G	0.01198	0.00451	0.98351
1100 C	0.01212	0.00437	0.9835
1101 T	0.01231	0.00419	0.98351
1102 A	0.01240	0.00409	0.98351
1103 C	0.01254	0.00392	0.98354
1104 T	0.01272	0.00374	0.98353
1105 C	0.01279	0.00368	0.98353
1106 A	0.01287	0.00360	0.98352
1107 A	0.01311	0.00337	0.98351
1108 A	0.01353	0.00296	0.98351
1109 T	0.01425	0.00223	0.98351
1110 T	0.01484	0.00165	0.98352
1111 A	0.01502	0.00143	0.98355
1112 A	0.01510	0.00130	0.9836
1113 T	0.01526	0.00105	0.9837
1114 C	0.01528	0.00093	0.98378
1115 C	0.01531	0.00084	0.98385
1116 T	0.01536	0.00078	0.98386
1117 C	0.01541	0.00072	0.98387
1118 C	0.01544	0.00070	0.98386
1119 A	0.01545	0.00070	0.98385
1120 T	0.01559	0.00057	0.98384
1121 C	0.01564	0.00053	0.98383
1122 T	0.01565	0.00062	0.98373
1123 T	0.01565	0.00082	0.98353
1124 T	0.01563	0.00110	0.98327
1125 T	0.01543	0.00154	0.98303
1126 T	0.01518	0.00210	0.98273
1127 T	0.01481	0.00274	0.98245
1128 T	0.01417	0.00343	0.98239
1129 A	0.01260	0.00509	0.98232
1130 A	0.01177	0.00595	0.98229
1131 T	0.01147	0.00624	0.98228
1132 C	0.01093	0.00680	0.98226
1133 A	0.01074	0.00706	0.9822
1134 A	0.01067	0.00715	0.98218
1135 G	0.01064	0.00719	0.98217
1136 G	0.01062	0.00723	0.98214
1137 T	0.01061	0.00727	0.98212
1138 A	0.01060	0.00727	0.98213
1139 A	0.01060	0.00726	0.98214
1140 A	0.01060	0.00720	0.9822
1141 G	0.01061	0.00714	0.98226
1142 C	0.01063	0.00707	0.98231
1143 T	0.01066	0.00715	0.98218
1144 A	0.01070	0.00726	0.98203
1145 A	0.01086	0.00729	0.98185
1146 A	0.01115	0.00711	0.98175
1147 T	0.01154	0.00672	0.98174
1148 T	0.01178	0.00601	0.98221
1149 T	0.01200	0.00544	0.98256
1150 T	0.01213	0.00499	0.98288
1151 A	0.01216	0.00471	0.98314
1152 T	0.01221	0.00363	0.98416
1153 T	0.01221	0.00391	0.98388
1154 A	0.01214	0.00578	0.98208
1155 T	0.01196	0.00698	0.98106
1156 T	0.01156	0.00989	0.97855
1157 T	0.01053	0.01294	0.97652
1158 A	0.00965	0.01443	0.97592
1159 A	0.00934	0.01526	0.9754
1160 A	0.00918	0.01572	0.9751
1161 A	0.00911	0.01608	0.97481
1162 C	0.00909	0.01617	0.97474
1163 A	0.00900	0.01666	0.97434
1164 A	0.00878	0.01711	0.9741
1165 A	0.00870	0.01721	0.97409
1166 C	0.00877	0.01715	0.97407
1167 A	0.00884	0.01713	0.97404
1168 G	0.00902	0.01694	0.97403
1169 C	0.00916	0.01680	0.97403
1170 T	0.00931	0.01666	0.97403
1171 A	0.00938	0.01660	0.97402
1172 C	0.00952	0.01646	0.97402
1173 G	0.00976	0.01623	0.97401
1174 A	0.01006	0.01593	0.974
1175 A	0.01050	0.01547	0.97403
1176 A	0.01168	0.01422	0.9741
1177 T	0.01413	0.01164	0.97422
1178 G	0.01546	0.00979	0.97475
1179 T	0.01796	0.00663	0.97542
1180 C	0.01931	0.00416	0.97652
1181 C	0.01985	0.00309	0.97706
1182 T	0.02032	0.00259	0.97709
1183 G	0.02056	0.00246	0.97697
1184 A	0.02079	0.00231	0.97689
1185 A	0.02093	0.00223	0.97685
1186 T	0.02142	0.00171	0.97687
1187 T	0.02168	0.00124	0.97708
1188 T	0.02172	0.00121	0.97706
1189 A	0.02173	0.00163	0.97663
1190 T	0.02176	0.00208	0.97616
1191 T	0.02170	0.00254	0.97576
1192 T	0.02164	0.00314	0.97523
1193 G	0.02157	0.00376	0.97467
1194 T	0.02151	0.00466	0.97382
1195 T	0.02139	0.00530	0.97331
1196 T	0.02114	0.00563	0.97323
1197 A	0.02085	0.00608	0.97308
1198 G	0.02067	0.00644	0.97289
1199 T	0.02060	0.00665	0.97275
1200 C	0.02053	0.00683	0.97264
1201 A	0.02049	0.00718	0.97233
1202 A	0.02046	0.00733	0.97221
1203 T	0.02046	0.00734	0.9722
1204 G	0.02045	0.00735	0.97219
1205 A	0.02051	0.00729	0.9722
1206 T	0.02068	0.00710	0.97223
1207 C	0.02076	0.00700	0.97224
1208 C	0.02084	0.00693	0.97223
1209 T	0.02099	0.00682	0.9722
1210 A	0.02107	0.00681	0.97212
1211 A	0.02122	0.00680	0.97198
1212 A	0.02183	0.00634	0.97184
1213 T	0.02280	0.00553	0.97166
1214 T	0.02342	0.00508	0.9715
1215 T	0.02391	0.00450	0.97159
1216 A	0.02415	0.00420	0.97166
1217 T	0.02477	0.00345	0.97178
1218 T	0.02504	0.00303	0.97192
1219 C	0.02507	0.00280	0.97213
1220 A	0.02521	0.00260	0.97219
1221 T	0.02554	0.00223	0.97223
1222 T	0.02565	0.00210	0.97225
1223 T	0.02564	0.00214	0.97222
1224 T	0.02557	0.00234	0.97209
1225 T	0.02499	0.00315	0.97186
1226 C	0.02433	0.00382	0.97184
1227 T	0.02399	0.00428	0.97174
1228 T	0.02318	0.00529	0.97153
1229 A	0.02156	0.00721	0.97124
1230 C	0.02070	0.00821	0.97109
1231 G	0.01990	0.00940	0.9707
1232 A	0.01759	0.01242	0.97
1233 A	0.01640	0.01431	0.96929
1234 A	0.01586	0.01546	0.96868
1235 G	0.01561	0.01633	0.96805
1236 A	0.01570	0.01683	0.96748
1237 T	0.01590	0.01699	0.96711
1238 A	0.01585	0.01771	0.96645
1239 T	0.01583	0.01833	0.96584
1240 T	0.01557	0.01957	0.96486
1241 T	0.01510	0.02117	0.96373
1242 A	0.01393	0.02327	0.96281
1243 A	0.01316	0.02459	0.96225
1244 A	0.01272	0.02551	0.96178
1245 A	0.01244	0.02577	0.96179
1246 A	0.01216	0.02593	0.96191
1247 A	0.01197	0.02584	0.9622
1248 T	0.01213	0.02475	0.96313
1249 C	0.01200	0.02406	0.96395
1250 A	0.01186	0.02413	0.96401
1251 A	0.01183	0.02380	0.96436
1252 T	0.01205	0.02278	0.96517
1253 T	0.01180	0.02284	0.96536
1254 A	0.01156	0.02348	0.96496
1255 A	0.01190	0.02173	0.96636
1256 G	0.01235	0.02087	0.96678
1257 A	0.01277	0.02154	0.96569
1258 T	0.01339	0.02186	0.96476
1259 T	0.01385	0.02215	0.96399
1260 A	0.01406	0.02314	0.96281
1261 A	0.01469	0.02316	0.96215
1262 A	0.01552	0.02228	0.9622
1263 T	0.01669	0.02060	0.96271
1264 T	0.01772	0.01920	0.96309
1265 T	0.01828	0.01799	0.96373
1266 A	0.01833	0.01787	0.9638
1267 G	0.01845	0.01772	0.96383
1268 A	0.01835	0.01839	0.96325
1269 A	0.01834	0.01981	0.96185
1270 T	0.01846	0.01983	0.96171
1271 T	0.01841	0.02071	0.96089
1272 A	0.01811	0.02188	0.96001
1273 A	0.01800	0.02202	0.95998
1274 G	0.01810	0.02168	0.96021
1275 T	0.01851	0.02111	0.96038
1276 G	0.01884	0.02047	0.96069
1277 G	0.01982	0.01925	0.96093
1278 A	0.02087	0.01806	0.96106
1279 A	0.02201	0.01669	0.9613
1280 T	0.02421	0.01415	0.96165
1281 T	0.02580	0.01233	0.96187
1282 C	0.02640	0.01161	0.962
1283 C	0.02715	0.01087	0.96198
1284 T	0.02757	0.01087	0.96155
1285 T	0.02736	0.01183	0.9608
1286 T	0.02631	0.01444	0.95924
1287 G	0.02389	0.01962	0.95649
1288 A	0.02200	0.02511	0.9529
1289 A	0.01983	0.03162	0.94854
1290 A	0.01861	0.03746	0.94392
1291 A	0.01882	0.03910	0.94208
1292 T	0.02044	0.03833	0.94124
1293 A	0.02057	0.03938	0.94005
1294 A	0.02154	0.03899	0.93946
1295 T	0.02248	0.03808	0.93943
1296 T	0.02263	0.03794	0.93943
1297 T	0.02248	0.03815	0.93937
1298 T	0.02188	0.03899	0.93914
1299 T	0.02096	0.04012	0.93891
1300 A	0.01806	0.04355	0.93839
1301 A	0.01760	0.04406	0.93834
1302 A	0.01738	0.04429	0.93833
1303 A	0.01720	0.04448	0.93832
1304 A	0.01717	0.04446	0.93837
1305 G	0.01723	0.04427	0.9385
1306 A	0.01740	0.04395	0.93865
1307 A	0.01795	0.04313	0.93892
1308 A	0.01890	0.04167	0.93943
1309 G	0.02069	0.03866	0.94066
1310 A	0.02366	0.03344	0.94289
1311 A	0.02716	0.02780	0.94504
1312 G	0.03210	0.02023	0.94767
1313 T	0.03783	0.01291	0.94925
1314 T	0.04004	0.01006	0.9499
1315 T	0.04089	0.00880	0.95031
1316 T	0.04153	0.00776	0.95072
1317 T	0.04184	0.00717	0.951
1318 T	0.04199	0.00666	0.95135
1319 T	0.04212	0.00609	0.95179
1320 G	0.04223	0.00537	0.9524
1321 T	0.04251	0.00429	0.9532
1322 A	0.04274	0.00315	0.9541
1323 A	0.04329	0.00000	0.95671
