# lcl|CP097583.1_cds_USQ93593.1_1
# AA	inside	membr	outside
1 A	0.42234	0.00000	0.57766
2 T	0.42185	0.00050	0.57766
3 G	0.42139	0.00096	0.57766
4 A	0.42139	0.02806	0.55056
5 T	0.41585	0.06185	0.5223
6 A	0.41585	0.07326	0.51089
7 A	0.39897	0.09349	0.50754
8 A	0.39897	0.09358	0.50745
9 T	0.39672	0.09766	0.50563
10 A	0.39670	0.33399	0.26931
11 T	0.39505	0.35435	0.2506
12 A	0.23556	0.52139	0.24306
13 A	0.09185	0.68308	0.22507
14 A	0.09182	0.68311	0.22507
15 A	0.09182	0.81418	0.094
16 A	0.09000	0.81601	0.094
17 A	0.08864	0.81820	0.09316
18 T	0.08858	0.82100	0.09042
19 A	0.08579	0.82541	0.08881
20 T	0.08033	0.84437	0.07529
21 T	0.06418	0.86058	0.07524
22 A	0.06226	0.86490	0.07284
23 A	0.06125	0.86690	0.07185
24 T	0.06190	0.86672	0.07138
25 A	0.06096	0.86696	0.07207
26 A	0.06054	0.86676	0.07269
27 A	0.08101	0.84426	0.07473
28 A	0.10420	0.81610	0.0797
29 C	0.11610	0.80232	0.08158
30 A	0.12665	0.78258	0.09077
31 A	0.13121	0.77683	0.09196
32 A	0.14166	0.76180	0.09654
33 A	0.34964	0.54911	0.10126
34 T	0.37952	0.51438	0.1061
35 T	0.39812	0.34214	0.25974
36 A	0.41104	0.21108	0.37788
37 A	0.41574	0.20104	0.38322
38 T	0.52185	0.09018	0.38797
39 G	0.52229	0.08752	0.39018
40 A	0.52754	0.08116	0.3913
41 T	0.53576	0.06936	0.39488
42 T	0.54086	0.06066	0.39848
43 T	0.55105	0.04535	0.40361
44 A	0.54953	0.05109	0.39938
45 T	0.55067	0.05322	0.39611
46 T	0.55109	0.05255	0.39637
47 T	0.55128	0.05326	0.39546
48 A	0.55117	0.05331	0.39552
49 T	0.55129	0.05535	0.39335
50 T	0.55123	0.05678	0.39199
51 T	0.55064	0.05702	0.39234
52 T	0.54870	0.05886	0.39244
53 T	0.54520	0.06231	0.39249
54 G	0.54352	0.06503	0.39146
55 A	0.54316	0.06613	0.39071
56 T	0.54359	0.06561	0.3908
57 T	0.54337	0.06619	0.39043
58 A	0.54176	0.06942	0.38882
59 T	0.54329	0.06793	0.38878
60 T	0.54337	0.07084	0.38578
61 T	0.54273	0.07813	0.37914
62 T	0.54060	0.09072	0.36868
63 A	0.53727	0.10692	0.35582
64 A	0.53723	0.10799	0.35478
65 T	0.53878	0.10700	0.35423
66 A	0.53905	0.10770	0.35325
67 T	0.55465	0.09046	0.35489
68 C	0.56065	0.08401	0.35534
69 T	0.56185	0.08554	0.35261
70 T	0.56130	0.09086	0.34785
71 T	0.55908	0.09837	0.34255
72 T	0.55654	0.11090	0.33257
73 A	0.54608	0.13822	0.31569
74 T	0.53883	0.15034	0.31082
75 T	0.53106	0.16121	0.30773
76 G	0.51914	0.17644	0.30442
77 T	0.51198	0.18715	0.30087
78 A	0.49757	0.20426	0.29817
79 A	0.48657	0.21676	0.29667
80 A	0.48348	0.21963	0.29689
81 G	0.48420	0.21695	0.29885
82 G	0.48527	0.21503	0.2997
83 A	0.48969	0.20959	0.30071
84 A	0.49704	0.20043	0.30253
85 T	0.50843	0.18523	0.30635
86 C	0.51919	0.17066	0.31014
87 G	0.52053	0.16902	0.31044
88 A	0.52156	0.16898	0.30946
89 T	0.52315	0.16741	0.30944
90 T	0.52336	0.16833	0.30831
91 G	0.52377	0.16892	0.3073
92 A	0.52696	0.16319	0.30985
93 T	0.53299	0.15318	0.31384
94 G	0.53841	0.14457	0.31701
95 A	0.55075	0.13367	0.31558
96 T	0.57142	0.10271	0.32586
97 T	0.57835	0.08787	0.33378
98 T	0.58150	0.07976	0.33874
99 T	0.58345	0.07576	0.34078
100 T	0.58362	0.07187	0.34451
101 T	0.58089	0.06850	0.35061
102 T	0.56973	0.07833	0.35195
103 A	0.53247	0.12983	0.33769
104 C	0.50745	0.16108	0.33146
105 T	0.46476	0.23319	0.30205
106 A	0.36106	0.37470	0.26424
107 A	0.31302	0.43688	0.2501
108 A	0.29336	0.46542	0.24122
109 G	0.28432	0.47628	0.2394
110 G	0.27953	0.48467	0.2358
111 A	0.27753	0.49175	0.23073
112 A	0.27705	0.49437	0.22858
113 C	0.27454	0.49738	0.22808
114 T	0.27118	0.50378	0.22504
115 A	0.26353	0.51513	0.22134
116 A	0.26170	0.51812	0.22019
117 A	0.26320	0.51698	0.21982
118 G	0.26823	0.51232	0.21945
119 T	0.27478	0.50566	0.21956
120 T	0.27694	0.50519	0.21787
121 G	0.27222	0.51113	0.21665
122 A	0.26674	0.51963	0.21363
123 A	0.26003	0.52820	0.21177
124 A	0.25903	0.52590	0.21508
125 A	0.26573	0.50598	0.2283
126 T	0.28717	0.44087	0.27195
127 A	0.29025	0.40902	0.30073
128 A	0.31145	0.34297	0.34557
129 T	0.33350	0.23542	0.43108
130 C	0.31552	0.23258	0.4519
131 A	0.30363	0.25901	0.43736
132 A	0.29324	0.28508	0.42168
133 A	0.29553	0.29944	0.40502
134 T	0.30089	0.29712	0.402
135 T	0.30173	0.29606	0.40221
136 A	0.29916	0.29376	0.40708
137 T	0.29993	0.28720	0.41288
138 T	0.28447	0.29975	0.41577
139 C	0.25940	0.32544	0.41515
140 A	0.23399	0.35716	0.40885
141 A	0.22004	0.37501	0.40495
142 A	0.21643	0.38305	0.40053
143 T	0.21846	0.38921	0.39233
144 G	0.21459	0.40160	0.38381
145 A	0.21466	0.41237	0.37297
146 T	0.21658	0.41633	0.36709
147 T	0.21115	0.44408	0.34477
148 A	0.19778	0.47980	0.32242
149 A	0.19260	0.49063	0.31678
150 A	0.19187	0.49111	0.31702
151 A	0.19673	0.47851	0.32477
152 A	0.21114	0.45100	0.33787
153 T	0.24029	0.39285	0.36686
154 T	0.26267	0.35266	0.38466
155 C	0.27456	0.32923	0.3962
156 T	0.28715	0.31536	0.39749
157 G	0.28952	0.31326	0.39722
158 A	0.28820	0.31626	0.39554
159 T	0.28954	0.31441	0.39606
160 A	0.28630	0.32247	0.39122
161 T	0.28644	0.30562	0.40793
162 T	0.27053	0.30773	0.42175
163 G	0.25262	0.31674	0.43065
164 A	0.24294	0.33946	0.41759
165 A	0.23741	0.36544	0.39715
166 A	0.24472	0.39445	0.36083
167 A	0.25841	0.41396	0.32763
168 G	0.28266	0.41261	0.30474
169 A	0.29716	0.40401	0.29883
170 T	0.32581	0.37341	0.30078
171 T	0.33341	0.35707	0.30951
172 A	0.30693	0.38409	0.30898
173 C	0.29056	0.40073	0.30871
174 T	0.27111	0.42517	0.30373
175 C	0.24897	0.45323	0.29779
176 A	0.22186	0.50262	0.27552
177 T	0.20844	0.52361	0.26794
178 G	0.19132	0.54487	0.26381
179 A	0.17145	0.57099	0.25755
180 A	0.15370	0.59509	0.25121
181 G	0.14554	0.59946	0.255
182 A	0.14400	0.59796	0.25804
183 A	0.15016	0.58267	0.26717
184 A	0.15595	0.56085	0.2832
185 C	0.16861	0.52256	0.30883
186 C	0.18079	0.49552	0.32369
187 G	0.19781	0.48175	0.32044
188 G	0.21559	0.46895	0.31546
189 A	0.24774	0.44811	0.30416
190 A	0.28283	0.42154	0.29563
191 A	0.30653	0.40031	0.29316
192 T	0.31624	0.38534	0.29842
193 A	0.31655	0.38544	0.29801
194 A	0.31972	0.37316	0.30712
195 A	0.32908	0.33249	0.33843
196 T	0.34105	0.29362	0.36533
197 T	0.34692	0.27223	0.38085
198 A	0.34470	0.28961	0.36569
199 T	0.34667	0.28875	0.36458
200 T	0.32247	0.33356	0.34397
201 A	0.25288	0.40500	0.34212
202 A	0.20905	0.44321	0.34775
203 A	0.17787	0.47044	0.35169
204 T	0.16283	0.49010	0.34707
205 C	0.13309	0.52843	0.33848
206 A	0.11679	0.56800	0.3152
207 A	0.10671	0.59050	0.30279
208 A	0.09872	0.60572	0.29556
209 A	0.09502	0.61128	0.2937
210 T	0.10024	0.60601	0.29375
211 A	0.09990	0.60413	0.29596
212 G	0.10710	0.59169	0.30121
213 A	0.11167	0.58388	0.30445
214 A	0.11292	0.57781	0.30926
215 T	0.11349	0.57359	0.31292
216 C	0.10722	0.57591	0.31687
217 A	0.10330	0.58667	0.31004
218 A	0.10254	0.58956	0.3079
219 A	0.10205	0.59105	0.30689
220 A	0.10944	0.58266	0.3079
221 T	0.13819	0.54850	0.31331
222 A	0.14335	0.52486	0.33179
223 A	0.15639	0.48147	0.36214
224 G	0.16087	0.40971	0.42942
225 A	0.16669	0.37235	0.46095
226 G	0.18593	0.32535	0.48872
227 T	0.20925	0.29986	0.49089
228 T	0.21945	0.29506	0.48549
229 T	0.21661	0.30591	0.47748
230 A	0.19910	0.32972	0.47117
231 T	0.18482	0.34455	0.47063
232 A	0.14389	0.39277	0.46334
233 A	0.10810	0.43644	0.45547
234 A	0.08742	0.45963	0.45295
235 A	0.08027	0.47276	0.44697
236 A	0.07982	0.47363	0.44655
237 A	0.07963	0.47450	0.44588
238 A	0.07944	0.47794	0.44261
239 A	0.08017	0.47173	0.44809
240 T	0.08277	0.46372	0.45351
241 A	0.07655	0.46595	0.45751
242 A	0.07499	0.46543	0.45958
243 A	0.07513	0.46487	0.46
244 G	0.07746	0.46052	0.46202
245 A	0.08152	0.44927	0.4692
246 A	0.08854	0.43525	0.47621
247 A	0.10047	0.41823	0.4813
248 T	0.12731	0.38561	0.48708
249 T	0.14490	0.36582	0.48928
250 A	0.15762	0.35174	0.49064
251 T	0.17942	0.31799	0.5026
252 T	0.19027	0.28695	0.52279
253 T	0.19438	0.25974	0.54588
254 G	0.19392	0.24365	0.56243
255 G	0.19471	0.21311	0.59217
256 A	0.19597	0.18773	0.61629
257 C	0.19824	0.16629	0.63547
258 T	0.20422	0.15653	0.63925
259 A	0.20421	0.15625	0.63954
260 A	0.20530	0.15464	0.64007
261 A	0.21140	0.14763	0.64097
262 A	0.21651	0.14165	0.64184
263 T	0.22260	0.12896	0.64844
264 G	0.22409	0.11865	0.65726
265 G	0.22928	0.10962	0.6611
266 A	0.23640	0.10093	0.66268
267 T	0.24310	0.09314	0.66376
268 C	0.24584	0.08958	0.66458
269 A	0.25005	0.08563	0.66432
270 T	0.25640	0.07963	0.66397
271 A	0.25786	0.07881	0.66333
272 C	0.26189	0.07459	0.66352
273 T	0.26823	0.06890	0.66286
274 T	0.27017	0.06648	0.66336
275 T	0.27098	0.06444	0.66458
276 T	0.27085	0.06294	0.66622
277 T	0.27038	0.06082	0.66881
278 A	0.26669	0.05790	0.6754
279 T	0.26431	0.05215	0.68353
280 T	0.26049	0.04918	0.69033
281 C	0.25000	0.05485	0.69514
282 A	0.24321	0.05991	0.69688
283 G	0.23962	0.06145	0.69892
284 G	0.23655	0.06377	0.69968
285 G	0.23431	0.06651	0.69918
286 A	0.23412	0.06905	0.69683
287 T	0.23400	0.06909	0.69691
288 G	0.23390	0.07220	0.6939
289 A	0.23456	0.07589	0.68956
290 T	0.23534	0.07918	0.68548
291 A	0.23545	0.07810	0.68645
292 A	0.23600	0.07727	0.68673
293 A	0.23699	0.07621	0.6868
294 T	0.23829	0.07382	0.68789
295 C	0.23854	0.07299	0.68847
296 T	0.23926	0.07279	0.68796
297 T	0.23884	0.07459	0.68656
298 T	0.23862	0.07655	0.68483
299 T	0.23719	0.07996	0.68284
300 A	0.23368	0.08518	0.68114
301 A	0.23206	0.08305	0.68489
302 T	0.23095	0.08028	0.68877
303 A	0.22510	0.08300	0.69189
304 G	0.21925	0.08088	0.69988
305 A	0.21457	0.08502	0.70041
306 A	0.21368	0.08370	0.70262
307 A	0.21396	0.08043	0.70561
308 G	0.21545	0.07590	0.70865
309 A	0.21863	0.07174	0.70963
310 C	0.22200	0.06729	0.71071
311 C	0.22589	0.06310	0.711
312 G	0.23002	0.05900	0.71098
313 T	0.23464	0.05458	0.71078
314 C	0.23523	0.05411	0.71066
315 A	0.23590	0.05376	0.71033
316 A	0.23675	0.05293	0.71033
317 T	0.23801	0.05148	0.71051
318 T	0.23858	0.05063	0.71079
319 A	0.23922	0.04976	0.71102
320 C	0.24073	0.04602	0.71325
321 A	0.24273	0.04338	0.71389
322 T	0.24494	0.03953	0.71553
323 T	0.24674	0.03521	0.71804
324 T	0.24781	0.03272	0.71947
325 G	0.24798	0.03170	0.72032
326 A	0.24885	0.02512	0.72603
327 A	0.25003	0.01813	0.73184
328 C	0.25417	0.00879	0.73704
329 C	0.25576	0.00622	0.73802
330 T	0.25659	0.00531	0.7381
331 G	0.25688	0.00502	0.7381
332 T	0.25718	0.00475	0.73808
333 T	0.25729	0.00465	0.73805
334 T	0.25733	0.00457	0.7381
335 A	0.25736	0.00431	0.73832
336 T	0.25755	0.00398	0.73847
337 T	0.25760	0.00400	0.73839
338 T	0.25766	0.00404	0.7383
339 T	0.25736	0.00456	0.73808
340 T	0.25671	0.00579	0.7375
341 G	0.25603	0.00699	0.73698
342 T	0.25568	0.00774	0.73658
343 A	0.25532	0.00825	0.73644
344 A	0.25517	0.00831	0.73652
345 T	0.25518	0.00815	0.73667
346 T	0.25513	0.00803	0.73684
347 T	0.25497	0.00798	0.73705
348 C	0.25481	0.00790	0.73729
349 A	0.25473	0.00803	0.73725
350 A	0.25471	0.00803	0.73725
351 T	0.25473	0.00802	0.73725
352 T	0.25475	0.00802	0.73723
353 T	0.25479	0.00800	0.73721
354 T	0.25476	0.00801	0.73722
355 T	0.25462	0.00817	0.73721
356 T	0.25434	0.00846	0.7372
357 A	0.25419	0.00864	0.73716
358 A	0.25424	0.00858	0.73718
359 G	0.25442	0.00830	0.73729
360 A	0.25505	0.00758	0.73737
361 T	0.25585	0.00648	0.73767
362 T	0.25645	0.00552	0.73804
363 T	0.25701	0.00441	0.73858
364 T	0.25730	0.00364	0.73906
365 T	0.25746	0.00321	0.73933
366 A	0.25748	0.00294	0.73959
367 T	0.25749	0.00271	0.7398
368 T	0.25749	0.00259	0.73992
369 T	0.25747	0.00246	0.74006
370 G	0.25745	0.00239	0.74017
371 A	0.25746	0.00232	0.74023
372 T	0.25752	0.00222	0.74026
373 A	0.25752	0.00228	0.7402
374 T	0.25757	0.00222	0.74021
375 T	0.25757	0.00218	0.74025
376 A	0.25755	0.00211	0.74034
377 T	0.25759	0.00190	0.74051
378 T	0.25761	0.00168	0.74071
379 C	0.25761	0.00144	0.74094
380 C	0.25765	0.00134	0.74101
381 T	0.25770	0.00128	0.74101
382 G	0.25771	0.00128	0.74101
383 T	0.25781	0.00119	0.74101
384 T	0.25786	0.00114	0.741
385 T	0.25789	0.00111	0.741
386 T	0.25790	0.00106	0.74104
387 T	0.25791	0.00102	0.74107
388 T	0.25790	0.00098	0.74112
389 C	0.25789	0.00094	0.74117
390 T	0.25788	0.00093	0.74119
391 T	0.25771	0.00109	0.74121
392 C	0.25754	0.00124	0.74122
393 T	0.25726	0.00151	0.74123
394 A	0.25692	0.00186	0.74122
395 G	0.25680	0.00195	0.74124
396 T	0.25681	0.00191	0.74127
397 G	0.25675	0.00197	0.74127
398 T	0.25676	0.00190	0.74134
399 T	0.25673	0.00191	0.74137
400 T	0.25664	0.00207	0.74129
401 T	0.25656	0.00218	0.74126
402 T	0.25643	0.00236	0.74121
403 A	0.25593	0.00299	0.74109
404 T	0.25575	0.00315	0.7411
405 T	0.25547	0.00342	0.74112
406 T	0.25430	0.00460	0.74111
407 T	0.25257	0.00634	0.74109
408 C	0.24531	0.01364	0.74105
409 T	0.23985	0.01945	0.7407
410 A	0.23409	0.02545	0.74046
411 T	0.22954	0.03019	0.74027
412 A	0.22475	0.03533	0.73992
413 T	0.22335	0.03682	0.73983
414 T	0.22081	0.03924	0.73995
415 A	0.21838	0.04170	0.73992
416 T	0.21725	0.04258	0.74018
417 T	0.21567	0.04392	0.74041
418 A	0.21388	0.04571	0.7404
419 A	0.21298	0.04664	0.74039
420 C	0.21095	0.04866	0.74039
421 A	0.20948	0.05062	0.73989
422 A	0.20847	0.05201	0.73951
423 T	0.20816	0.05261	0.73923
424 A	0.20729	0.05384	0.73886
425 T	0.20680	0.05444	0.73876
426 T	0.20610	0.05468	0.73923
427 A	0.20416	0.05676	0.73908
428 A	0.20289	0.05789	0.73921
429 A	0.20191	0.05785	0.74023
430 A	0.20156	0.05642	0.74202
431 A	0.20152	0.04965	0.74882
432 T	0.20187	0.04352	0.75461
433 A	0.20152	0.03865	0.75983
434 G	0.20139	0.03378	0.76483
435 T	0.20123	0.02959	0.76919
436 T	0.20100	0.02911	0.76989
437 C	0.20084	0.02793	0.77123
438 A	0.20071	0.02875	0.77054
439 G	0.20065	0.02902	0.77034
440 G	0.20058	0.03020	0.76922
441 T	0.20058	0.02997	0.76945
442 A	0.20051	0.03008	0.76941
443 A	0.20061	0.02814	0.77126
444 A	0.20107	0.02628	0.77265
445 C	0.20153	0.02445	0.77401
446 T	0.20198	0.02351	0.77452
447 T	0.20245	0.02208	0.77547
448 A	0.20263	0.02127	0.7761
449 A	0.20294	0.02045	0.7766
450 C	0.20347	0.01845	0.77809
451 T	0.20405	0.01666	0.77928
452 C	0.20448	0.01547	0.78004
453 T	0.20493	0.01497	0.7801
454 A	0.20492	0.01505	0.78002
455 A	0.20514	0.01488	0.77998
456 T	0.20565	0.01375	0.78061
457 C	0.20596	0.01308	0.78096
458 C	0.20610	0.01280	0.78109
459 T	0.20717	0.01324	0.77959
460 T	0.20786	0.01504	0.7771
461 T	0.20771	0.02056	0.77173
462 A	0.20744	0.02730	0.76526
463 G	0.20837	0.02689	0.76474
464 T	0.20892	0.02680	0.76427
465 T	0.20894	0.02732	0.76374
466 T	0.20853	0.02777	0.7637
467 C	0.20554	0.03073	0.76373
468 A	0.20064	0.03568	0.76368
469 T	0.19888	0.03750	0.76362
470 C	0.19546	0.04097	0.76357
471 C	0.19295	0.04350	0.76355
472 A	0.19118	0.04535	0.76348
473 A	0.19030	0.04629	0.76342
474 A	0.18863	0.04800	0.76337
475 C	0.18713	0.04957	0.76331
476 A	0.18494	0.05211	0.76295
477 A	0.18413	0.05312	0.76275
478 A	0.18051	0.05672	0.76278
479 A	0.17866	0.05850	0.76284
480 A	0.17818	0.05875	0.76308
481 T	0.17894	0.05623	0.76482
482 C	0.18004	0.05403	0.76593
483 A	0.18215	0.05151	0.76634
484 C	0.18733	0.04549	0.76718
485 T	0.19324	0.03929	0.76747
486 T	0.19367	0.03885	0.76749
487 T	0.19394	0.03851	0.76756
488 T	0.19405	0.03787	0.76808
489 T	0.19232	0.03912	0.76856
490 A	0.18855	0.03948	0.77196
491 C	0.18630	0.03588	0.77782
492 T	0.18485	0.03588	0.77927
493 T	0.18173	0.03704	0.78124
494 T	0.17389	0.04389	0.78221
495 C	0.15975	0.05738	0.78288
496 A	0.14844	0.06920	0.78236
497 A	0.14378	0.07294	0.78328
498 A	0.14200	0.07337	0.78462
499 G	0.14141	0.07193	0.78667
500 A	0.14121	0.07166	0.78713
501 T	0.14085	0.06695	0.7922
502 G	0.13970	0.06530	0.795
503 T	0.13896	0.06450	0.79653
504 T	0.13761	0.06475	0.79764
505 G	0.13376	0.06803	0.79821
506 C	0.13084	0.07066	0.7985
507 T	0.12824	0.07401	0.79774
508 G	0.12094	0.08265	0.79641
509 G	0.11531	0.09117	0.79352
510 A	0.10235	0.11000	0.78765
511 A	0.09602	0.11847	0.78551
512 A	0.09293	0.12142	0.78566
513 T	0.08881	0.12189	0.7893
514 G	0.07892	0.12885	0.79223
515 A	0.06730	0.14085	0.79185
516 A	0.05721	0.15210	0.79069
517 G	0.04930	0.16104	0.78966
518 A	0.04221	0.17372	0.78408
519 A	0.03697	0.17812	0.7849
520 G	0.03235	0.18448	0.78317
521 A	0.02574	0.20154	0.77272
522 A	0.02140	0.21475	0.76386
523 A	0.01910	0.22105	0.75985
524 A	0.01783	0.22332	0.75885
525 A	0.01668	0.22435	0.75898
526 G	0.01560	0.22586	0.75853
527 A	0.01499	0.22629	0.75872
528 A	0.01480	0.22322	0.76198
529 G	0.01491	0.22023	0.76487
530 A	0.01570	0.21709	0.76721
531 A	0.01703	0.20994	0.77304
532 A	0.02001	0.20133	0.77867
533 T	0.02551	0.18156	0.79293
534 G	0.02719	0.17353	0.79928
535 A	0.02927	0.16869	0.80204
536 A	0.03099	0.16324	0.80577
537 A	0.03259	0.15381	0.8136
538 G	0.03603	0.13817	0.82581
539 A	0.04168	0.12414	0.83418
540 A	0.05302	0.10662	0.84036
541 T	0.07323	0.07956	0.84721
542 T	0.08139	0.06705	0.85155
543 A	0.08594	0.05979	0.85427
544 A	0.09436	0.04568	0.85996
545 T	0.10168	0.03630	0.86202
546 T	0.10372	0.03759	0.85868
547 G	0.10049	0.06359	0.83592
548 A	0.09894	0.07092	0.83013
549 T	0.10022	0.07047	0.82932
550 T	0.09826	0.07491	0.82682
551 T	0.09268	0.08349	0.82383
552 C	0.07413	0.10545	0.82043
553 T	0.06473	0.12876	0.80652
554 T	0.05723	0.14526	0.79751
555 A	0.04555	0.16332	0.79113
556 A	0.04038	0.17198	0.78763
557 A	0.03770	0.17567	0.78664
558 A	0.03563	0.17758	0.7868
559 A	0.03492	0.17784	0.78724
560 G	0.03517	0.17709	0.78774
561 A	0.03412	0.17787	0.78801
562 C	0.03583	0.17580	0.78837
563 C	0.03746	0.17415	0.78839
564 T	0.03838	0.17345	0.78818
565 A	0.03851	0.17362	0.78786
566 A	0.03928	0.17292	0.7878
567 A	0.04045	0.17179	0.78776
568 A	0.04307	0.16896	0.78797
569 A	0.04862	0.16186	0.78952
570 A	0.07280	0.13263	0.79457
571 T	0.08289	0.11659	0.80052
572 A	0.08540	0.11093	0.80368
573 T	0.09076	0.09852	0.81071
574 A	0.09442	0.08735	0.81823
575 C	0.09871	0.06078	0.84052
576 T	0.11238	0.03919	0.84843
577 T	0.11860	0.02704	0.85436
578 C	0.12051	0.02083	0.85866
579 T	0.11785	0.02867	0.85349
580 A	0.10868	0.04662	0.8447
581 T	0.09864	0.05724	0.84412
582 A	0.06016	0.09930	0.84054
583 G	0.04839	0.11072	0.8409
584 G	0.04421	0.11310	0.8427
585 A	0.04110	0.11545	0.84345
586 G	0.03962	0.11601	0.84437
587 C	0.03846	0.11668	0.84487
588 T	0.03763	0.11749	0.84488
589 A	0.03635	0.11898	0.84467
590 A	0.03558	0.11981	0.84461
591 A	0.03542	0.11985	0.84473
592 A	0.03538	0.11976	0.84485
593 T	0.03537	0.11904	0.84559
594 A	0.03522	0.11873	0.84605
595 C	0.03513	0.11800	0.84687
596 C	0.03507	0.11790	0.84703
597 T	0.03509	0.11784	0.84707
598 A	0.03507	0.11789	0.84705
599 A	0.03528	0.11758	0.84714
600 A	0.03579	0.11683	0.84738
601 G	0.03739	0.11337	0.84924
602 G	0.04431	0.09674	0.85895
603 T	0.05423	0.07517	0.87061
604 A	0.05653	0.06219	0.88128
605 T	0.06036	0.02544	0.91419
606 T	0.06086	0.01572	0.92342
607 T	0.06122	0.01230	0.92648
608 T	0.06126	0.01028	0.92846
609 A	0.06100	0.01062	0.92838
610 T	0.06102	0.01016	0.92882
611 T	0.06089	0.01048	0.92863
612 A	0.06008	0.01256	0.92736
613 G	0.05838	0.01606	0.92556
614 A	0.05639	0.02577	0.91784
615 A	0.05500	0.02771	0.91729
616 G	0.05475	0.02795	0.9173
617 G	0.05467	0.02793	0.91739
618 T	0.05470	0.02778	0.91753
619 C	0.05470	0.02765	0.91765
620 C	0.05473	0.02760	0.91767
621 T	0.05478	0.02755	0.91768
622 C	0.05476	0.02757	0.91767
623 C	0.05469	0.02765	0.91766
624 T	0.05466	0.02777	0.91758
625 G	0.05462	0.02781	0.91756
626 G	0.05461	0.02785	0.91754
627 A	0.05464	0.02785	0.91751
628 A	0.05480	0.02771	0.91749
629 C	0.05533	0.02690	0.91777
630 T	0.05630	0.02596	0.91774
631 G	0.05699	0.02540	0.91762
632 G	0.05849	0.02387	0.91765
633 T	0.05974	0.02273	0.91754
634 A	0.06062	0.02176	0.91762
635 A	0.06240	0.01899	0.91862
636 A	0.06482	0.01482	0.92037
637 A	0.07165	0.00597	0.92238
638 C	0.07249	0.00373	0.92378
639 T	0.07292	0.00307	0.92401
640 C	0.07309	0.00282	0.92409
641 T	0.07314	0.00277	0.92409
642 T	0.07298	0.00293	0.92408
643 C	0.07214	0.00377	0.92409
644 T	0.07161	0.00430	0.92408
645 T	0.07078	0.00516	0.92406
646 G	0.07001	0.00594	0.92405
647 C	0.06925	0.00681	0.92394
648 A	0.06783	0.00862	0.92354
649 A	0.06676	0.00979	0.92345
650 A	0.06647	0.01023	0.9233
651 A	0.06601	0.01086	0.92313
652 G	0.06588	0.01103	0.92309
653 C	0.06597	0.01075	0.92328
654 T	0.06618	0.01079	0.92303
655 T	0.06626	0.01075	0.92298
656 T	0.06624	0.01080	0.92297
657 A	0.06604	0.01099	0.92298
658 G	0.06598	0.01101	0.92301
659 C	0.06589	0.01092	0.9232
660 T	0.06564	0.01119	0.92317
661 G	0.06494	0.01195	0.92311
662 G	0.06447	0.01249	0.92305
663 A	0.06403	0.01300	0.92297
664 G	0.06377	0.01322	0.92301
665 A	0.06364	0.01300	0.92337
666 A	0.06359	0.01189	0.92453
667 G	0.06359	0.01090	0.92551
668 C	0.06362	0.00983	0.92655
669 A	0.06368	0.00937	0.92695
670 A	0.06383	0.00874	0.92744
671 A	0.06418	0.00746	0.92836
672 A	0.06436	0.00646	0.92919
673 G	0.06458	0.00589	0.92953
674 T	0.06492	0.00479	0.93029
675 G	0.06504	0.00429	0.93067
676 C	0.06515	0.00392	0.93094
677 C	0.06548	0.00349	0.93103
678 T	0.06565	0.00329	0.93106
679 T	0.06573	0.00318	0.9311
680 T	0.06581	0.00304	0.93116
681 T	0.06583	0.00299	0.93118
682 T	0.06584	0.00287	0.93129
683 A	0.06584	0.00253	0.93163
684 T	0.06587	0.00175	0.93238
685 G	0.06588	0.00125	0.93286
686 T	0.06594	0.00080	0.93326
687 T	0.06591	0.00064	0.93345
688 G	0.06581	0.00064	0.93355
689 T	0.06578	0.00063	0.93359
690 T	0.06571	0.00069	0.93361
691 T	0.06555	0.00085	0.9336
692 C	0.06524	0.00119	0.93357
693 T	0.06508	0.00143	0.93348
694 G	0.06474	0.00180	0.93346
695 G	0.06464	0.00192	0.93344
696 T	0.06453	0.00204	0.93344
697 T	0.06434	0.00223	0.93342
698 C	0.06407	0.00252	0.93342
699 T	0.06388	0.00272	0.9334
700 G	0.06370	0.00292	0.93338
701 A	0.06364	0.00299	0.93337
702 A	0.06362	0.00302	0.93336
703 T	0.06363	0.00302	0.93335
704 T	0.06362	0.00302	0.93337
705 T	0.06355	0.00306	0.93338
706 A	0.06338	0.00321	0.93341
707 T	0.06330	0.00327	0.93343
708 G	0.06316	0.00343	0.93341
709 G	0.06311	0.00353	0.93335
710 A	0.06310	0.00355	0.93335
711 T	0.06311	0.00343	0.93347
712 A	0.06309	0.00341	0.9335
713 G	0.06311	0.00332	0.93357
714 A	0.06314	0.00317	0.93369
715 T	0.06318	0.00283	0.93398
716 A	0.06325	0.00263	0.93412
717 T	0.06328	0.00230	0.93442
718 T	0.06329	0.00219	0.93452
719 T	0.06324	0.00213	0.93463
720 T	0.06304	0.00221	0.93475
721 G	0.06267	0.00245	0.93488
722 G	0.06235	0.00277	0.93488
723 T	0.06206	0.00320	0.93475
724 G	0.06109	0.00470	0.93422
725 T	0.06010	0.00646	0.93344
726 A	0.05851	0.00858	0.93291
727 G	0.05763	0.00948	0.9329
728 G	0.05713	0.00996	0.9329
729 A	0.05699	0.01002	0.933
730 G	0.05696	0.00995	0.93309
731 C	0.05702	0.00976	0.93322
732 T	0.05711	0.00964	0.93325
733 T	0.05711	0.00963	0.93326
734 C	0.05706	0.00967	0.93327
735 A	0.05699	0.00978	0.93323
736 C	0.05691	0.00990	0.93319
737 G	0.05660	0.01045	0.93296
738 A	0.05619	0.01122	0.9326
739 G	0.05590	0.01165	0.93245
740 T	0.05573	0.01193	0.93235
741 T	0.05495	0.01283	0.93222
742 A	0.05343	0.01456	0.93201
743 A	0.05251	0.01551	0.93198
744 A	0.05216	0.01571	0.93213
745 A	0.05200	0.01602	0.93198
746 A	0.05212	0.01570	0.93219
747 A	0.05261	0.01459	0.9328
748 T	0.05325	0.01335	0.9334
749 T	0.05341	0.01196	0.93464
750 A	0.05293	0.01178	0.93529
751 T	0.05279	0.01152	0.93568
752 T	0.05251	0.01171	0.93577
753 C	0.05206	0.01220	0.93575
754 C	0.05180	0.01282	0.93538
755 A	0.05162	0.01361	0.93478
756 A	0.05147	0.01420	0.93434
757 G	0.05141	0.01476	0.93383
758 A	0.05136	0.01540	0.93324
759 A	0.05113	0.01603	0.93285
760 A	0.05122	0.01565	0.93313
761 T	0.05154	0.01478	0.93368
762 T	0.05157	0.01430	0.93412
763 A	0.05142	0.01421	0.93437
764 G	0.05130	0.01367	0.93502
765 A	0.05141	0.01255	0.93604
766 A	0.05156	0.01171	0.93673
767 A	0.05183	0.01107	0.9371
768 T	0.05246	0.01016	0.93738
769 A	0.05269	0.00972	0.93758
770 A	0.05298	0.00918	0.93783
771 T	0.05337	0.00841	0.93822
772 G	0.05341	0.00787	0.93872
773 C	0.05349	0.00713	0.93939
774 T	0.05369	0.00673	0.93958
775 C	0.05383	0.00636	0.93981
776 C	0.05407	0.00598	0.93995
777 T	0.05463	0.00539	0.93998
778 T	0.05516	0.00484	0.94
779 G	0.05540	0.00452	0.94007
780 T	0.05584	0.00407	0.94009
781 G	0.05627	0.00361	0.94013
782 T	0.05677	0.00276	0.94047
783 T	0.05698	0.00237	0.94065
784 T	0.05712	0.00219	0.9407
785 T	0.05716	0.00218	0.94066
786 A	0.05719	0.00225	0.94057
787 T	0.05724	0.00215	0.94061
788 T	0.05727	0.00220	0.94053
789 T	0.05718	0.00246	0.94037
790 A	0.05693	0.00300	0.94006
791 T	0.05668	0.00337	0.93995
792 T	0.05579	0.00440	0.93981
793 G	0.05348	0.00690	0.93962
794 A	0.05142	0.00923	0.93935
795 T	0.05000	0.01085	0.93915
796 G	0.04681	0.01448	0.93871
797 A	0.04402	0.01785	0.93813
798 A	0.04176	0.02061	0.93763
799 A	0.04057	0.02223	0.9372
800 T	0.03992	0.02319	0.93689
801 A	0.03857	0.02511	0.93632
802 G	0.03799	0.02574	0.93627
803 A	0.03763	0.02621	0.93617
804 T	0.03749	0.02630	0.93622
805 A	0.03736	0.02639	0.93625
806 C	0.03735	0.02632	0.93633
807 A	0.03726	0.02641	0.93632
808 C	0.03737	0.02624	0.93639
809 T	0.03752	0.02611	0.93638
810 G	0.03711	0.02658	0.93631
811 G	0.03712	0.02669	0.93618
812 G	0.03720	0.02667	0.93613
813 T	0.03729	0.02674	0.93597
814 A	0.03674	0.02743	0.93583
815 A	0.03649	0.02707	0.93644
816 A	0.03578	0.02591	0.93832
817 A	0.03520	0.02487	0.93993
818 A	0.03489	0.02396	0.94116
819 A	0.03491	0.02108	0.94402
820 A	0.03505	0.01878	0.94617
821 G	0.03525	0.01647	0.94828
822 A	0.03557	0.01549	0.94895
823 G	0.03581	0.01456	0.94963
824 G	0.03622	0.01321	0.95056
825 A	0.03623	0.01315	0.95062
826 T	0.03634	0.01316	0.9505
827 C	0.03629	0.01334	0.95037
828 G	0.03620	0.01521	0.94859
829 A	0.03620	0.01567	0.94812
830 T	0.03623	0.01571	0.94805
831 A	0.03622	0.01596	0.94782
832 G	0.03627	0.01598	0.94775
833 C	0.03640	0.01537	0.94823
834 A	0.03656	0.01563	0.94781
835 A	0.03674	0.01601	0.94724
836 A	0.03712	0.01578	0.9471
837 T	0.03773	0.01485	0.94741
838 G	0.03796	0.01526	0.94678
839 A	0.03820	0.01506	0.94675
840 T	0.03860	0.01448	0.94693
841 G	0.03877	0.01430	0.94693
842 A	0.03903	0.01437	0.9466
843 T	0.03953	0.01399	0.94649
844 G	0.03970	0.01387	0.94643
845 G	0.04009	0.01361	0.9463
846 A	0.04034	0.01365	0.94601
847 A	0.04074	0.01321	0.94605
848 G	0.04150	0.01232	0.94618
849 T	0.04238	0.01141	0.94621
850 A	0.04283	0.01097	0.94621
851 C	0.04434	0.00945	0.9462
852 T	0.04476	0.00952	0.94572
853 A	0.04483	0.01002	0.94515
854 T	0.04509	0.00986	0.94505
855 T	0.04513	0.00983	0.94504
856 A	0.04493	0.01008	0.94499
857 A	0.04508	0.00992	0.945
858 C	0.04574	0.00922	0.94504
859 C	0.04610	0.00887	0.94503
860 A	0.04645	0.00854	0.945
861 A	0.04762	0.00737	0.945
862 C	0.04889	0.00611	0.945
863 T	0.04985	0.00515	0.945
864 T	0.05043	0.00456	0.94501
865 C	0.05089	0.00407	0.94504
866 T	0.05132	0.00363	0.94505
867 T	0.05148	0.00346	0.94505
868 A	0.05155	0.00336	0.94509
869 C	0.05173	0.00315	0.94512
870 T	0.05179	0.00309	0.94512
871 G	0.05180	0.00307	0.94512
872 A	0.05184	0.00303	0.94513
873 A	0.05193	0.00293	0.94514
874 A	0.05204	0.00281	0.94515
875 T	0.05255	0.00210	0.94535
876 G	0.05295	0.00154	0.94551
877 G	0.05304	0.00144	0.94552
878 A	0.05308	0.00137	0.94554
879 T	0.05316	0.00116	0.94568
880 G	0.05317	0.00107	0.94575
881 G	0.05319	0.00101	0.9458
882 T	0.05321	0.00097	0.94582
883 T	0.05323	0.00093	0.94584
884 T	0.05322	0.00093	0.94585
885 C	0.05320	0.00095	0.94585
886 T	0.05319	0.00096	0.94585
887 C	0.05316	0.00099	0.94586
888 T	0.05313	0.00101	0.94585
889 T	0.05311	0.00103	0.94585
890 C	0.05309	0.00105	0.94585
891 G	0.05307	0.00107	0.94586
892 T	0.05305	0.00109	0.94586
893 C	0.05302	0.00112	0.94586
894 T	0.05300	0.00117	0.94583
895 A	0.05297	0.00123	0.9458
896 A	0.05297	0.00123	0.9458
897 A	0.05298	0.00122	0.9458
898 G	0.05300	0.00119	0.9458
899 G	0.05307	0.00108	0.94585
900 T	0.05325	0.00087	0.94589
901 A	0.05332	0.00082	0.94586
902 T	0.05343	0.00071	0.94585
903 T	0.05350	0.00066	0.94584
904 A	0.05348	0.00076	0.94576
905 T	0.05348	0.00085	0.94567
906 T	0.05346	0.00105	0.94549
907 A	0.05342	0.00126	0.94532
908 T	0.05340	0.00132	0.94528
909 T	0.05336	0.00144	0.9452
910 G	0.05320	0.00171	0.94509
911 T	0.05310	0.00188	0.94503
912 T	0.05281	0.00228	0.94491
913 G	0.05249	0.00261	0.9449
914 G	0.05241	0.00270	0.9449
915 A	0.05236	0.00275	0.94488
916 G	0.05235	0.00273	0.94492
917 C	0.05238	0.00268	0.94495
918 T	0.05241	0.00265	0.94494
919 A	0.05236	0.00273	0.94491
920 C	0.05236	0.00276	0.94488
921 T	0.05234	0.00291	0.94475
922 A	0.05233	0.00309	0.94459
923 A	0.05233	0.00323	0.94444
924 T	0.05236	0.00329	0.94434
925 A	0.05236	0.00347	0.94416
926 G	0.05240	0.00348	0.94412
927 A	0.05249	0.00341	0.9441
928 G	0.05262	0.00329	0.9441
929 T	0.05285	0.00304	0.94411
930 T	0.05303	0.00282	0.94414
931 G	0.05308	0.00277	0.94416
932 A	0.05315	0.00264	0.94421
933 T	0.05327	0.00236	0.94437
934 A	0.05331	0.00220	0.94449
935 T	0.05342	0.00183	0.94475
936 C	0.05343	0.00158	0.94499
937 T	0.05343	0.00161	0.94495
938 T	0.05343	0.00173	0.94485
939 A	0.05338	0.00199	0.94463
940 G	0.05336	0.00205	0.9446
941 A	0.05334	0.00215	0.94451
942 T	0.05320	0.00229	0.94451
943 G	0.05294	0.00254	0.94452
944 C	0.05287	0.00261	0.94451
945 A	0.05289	0.00268	0.94443
946 G	0.05299	0.00260	0.94441
947 C	0.05307	0.00256	0.94437
948 T	0.05326	0.00252	0.94422
949 T	0.05331	0.00275	0.94394
950 T	0.05330	0.00300	0.94369
951 A	0.05317	0.00355	0.94329
952 T	0.05307	0.00410	0.94283
953 T	0.05284	0.00494	0.94223
954 A	0.05198	0.00600	0.94202
955 A	0.05154	0.00646	0.942
956 G	0.05137	0.00663	0.942
957 A	0.05122	0.00677	0.94202
958 C	0.05113	0.00683	0.94204
959 C	0.05109	0.00686	0.94204
960 A	0.05111	0.00690	0.94198
961 G	0.05102	0.00704	0.94194
962 G	0.05103	0.00711	0.94186
963 A	0.05104	0.00734	0.94163
964 A	0.05110	0.00735	0.94154
965 G	0.05118	0.00712	0.94169
966 A	0.05123	0.00693	0.94183
967 T	0.05134	0.00676	0.9419
968 T	0.05145	0.00662	0.94193
969 T	0.05149	0.00670	0.9418
970 G	0.05149	0.00684	0.94167
971 A	0.05159	0.00692	0.94149
972 T	0.05184	0.00673	0.94144
973 A	0.05202	0.00660	0.94138
974 G	0.05237	0.00608	0.94156
975 A	0.05282	0.00556	0.94162
976 A	0.05337	0.00479	0.94184
977 T	0.05361	0.00375	0.94264
978 C	0.05363	0.00333	0.94304
979 T	0.05364	0.00330	0.94306
980 T	0.05361	0.00334	0.94305
981 T	0.05339	0.00363	0.94297
982 A	0.05281	0.00429	0.94289
983 A	0.05246	0.00468	0.94287
984 A	0.05225	0.00472	0.94303
985 G	0.05205	0.00482	0.94313
986 T	0.05200	0.00505	0.94295
987 A	0.05185	0.00548	0.94268
988 G	0.05189	0.00577	0.94234
989 G	0.05202	0.00592	0.94206
990 T	0.05226	0.00577	0.94198
991 T	0.05235	0.00571	0.94194
992 T	0.05219	0.00591	0.9419
993 A	0.05199	0.00617	0.94184
994 C	0.05201	0.00620	0.94179
995 C	0.05198	0.00636	0.94166
996 A	0.05192	0.00698	0.9411
997 G	0.05190	0.00727	0.94084
998 A	0.05197	0.00738	0.94065
999 T	0.05207	0.00737	0.94055
1000 G	0.05206	0.00744	0.9405
1001 T	0.05208	0.00743	0.94049
1002 T	0.05198	0.00758	0.94044
1003 A	0.05169	0.00802	0.94029
1004 A	0.05141	0.00836	0.94023
1005 A	0.05112	0.00815	0.94073
1006 G	0.05099	0.00791	0.94111
1007 G	0.05097	0.00771	0.94133
1008 A	0.05105	0.00739	0.94157
1009 C	0.05126	0.00685	0.94188
1010 G	0.05152	0.00644	0.94204
1011 T	0.05188	0.00614	0.94199
1012 G	0.05211	0.00591	0.94198
1013 A	0.05220	0.00582	0.94198
1014 G	0.05228	0.00571	0.94201
1015 G	0.05241	0.00521	0.94238
1016 C	0.05262	0.00475	0.94263
1017 T	0.05289	0.00461	0.94249
1018 A	0.05305	0.00486	0.94209
1019 T	0.05357	0.00450	0.94193
1020 T	0.05376	0.00477	0.94146
1021 T	0.05380	0.00570	0.9405
1022 T	0.05370	0.00767	0.93863
1023 A	0.05322	0.01079	0.93599
1024 A	0.05296	0.01543	0.93161
1025 A	0.05283	0.01677	0.93041
1026 A	0.05279	0.01673	0.93049
1027 G	0.05292	0.01643	0.93065
1028 T	0.05299	0.01608	0.93093
1029 T	0.05295	0.01607	0.93098
1030 C	0.05289	0.01608	0.93102
1031 A	0.05286	0.01627	0.93087
1032 T	0.05288	0.01624	0.93087
1033 G	0.05291	0.01622	0.93087
1034 C	0.05299	0.01618	0.93083
1035 T	0.05302	0.01643	0.93055
1036 C	0.05300	0.01685	0.93014
1037 G	0.05300	0.01769	0.92931
1038 T	0.05299	0.01921	0.9278
1039 A	0.05288	0.02127	0.92585
1040 A	0.05300	0.02199	0.92501
1041 T	0.05343	0.02249	0.92408
1042 A	0.05350	0.02573	0.92078
1043 A	0.05398	0.02652	0.91949
1044 A	0.05498	0.02596	0.91906
1045 A	0.05690	0.02432	0.91877
1046 A	0.05945	0.02152	0.91904
1047 T	0.06402	0.01680	0.91918
1048 A	0.06513	0.01555	0.91932
1049 T	0.06546	0.01496	0.91959
1050 T	0.06561	0.01467	0.91972
1051 T	0.06568	0.01454	0.91978
1052 C	0.06572	0.01445	0.91984
1053 A	0.06574	0.01441	0.91984
1054 T	0.06590	0.01422	0.91988
1055 C	0.06589	0.01424	0.91987
1056 T	0.06595	0.01427	0.91978
1057 G	0.06615	0.01418	0.91968
1058 A	0.06673	0.01380	0.91947
1059 T	0.06754	0.01319	0.91927
1060 A	0.06834	0.01291	0.91876
1061 T	0.06991	0.01156	0.91853
1062 T	0.07171	0.01003	0.91826
1063 A	0.07226	0.01023	0.91752
1064 A	0.07295	0.01014	0.91691
1065 T	0.07646	0.00653	0.91701
1066 T	0.07766	0.00549	0.91685
1067 T	0.07788	0.00539	0.91673
1068 T	0.07797	0.00532	0.91671
1069 C	0.07785	0.00547	0.91668
1070 A	0.07772	0.00576	0.91652
1071 T	0.07760	0.00601	0.91639
1072 C	0.07728	0.00656	0.91615
1073 A	0.07639	0.00854	0.91507
1074 A	0.07295	0.01318	0.91386
1075 T	0.07160	0.01463	0.91376
1076 T	0.06888	0.01749	0.91363
1077 A	0.05778	0.02882	0.9134
1078 G	0.05429	0.03246	0.91325
1079 C	0.05265	0.03428	0.91308
1080 G	0.05134	0.03588	0.91277
1081 A	0.05068	0.03705	0.91227
1082 A	0.05033	0.03779	0.91187
1083 A	0.05053	0.03796	0.91151
1084 C	0.05083	0.03773	0.91145
1085 A	0.05114	0.03752	0.91135
1086 A	0.05180	0.03682	0.91138
1087 A	0.05243	0.03614	0.91143
1088 C	0.05267	0.03586	0.91147
1089 T	0.05287	0.03563	0.9115
1090 C	0.05298	0.03530	0.91171
1091 C	0.05282	0.03541	0.91177
1092 A	0.05269	0.03568	0.91163
1093 G	0.05274	0.03576	0.91149
1094 G	0.05281	0.03595	0.91124
1095 A	0.05303	0.03656	0.91041
1096 A	0.05398	0.03555	0.91047
1097 T	0.05510	0.02969	0.91521
1098 G	0.05521	0.02794	0.91686
1099 A	0.05537	0.02564	0.91899
1100 G	0.05560	0.01554	0.92887
1101 T	0.05583	0.01313	0.93105
1102 G	0.05593	0.01179	0.93228
1103 G	0.05619	0.01087	0.93293
1104 A	0.05665	0.00989	0.93346
1105 G	0.05698	0.00902	0.93399
1106 C	0.05725	0.00848	0.93427
1107 T	0.05732	0.00902	0.93366
1108 C	0.05729	0.01141	0.93131
1109 A	0.05716	0.02584	0.91699
1110 A	0.05712	0.03185	0.91103
1111 T	0.05711	0.03850	0.9044
1112 T	0.05708	0.04281	0.90012
1113 A	0.05701	0.04580	0.89719
1114 G	0.05703	0.04644	0.89653
1115 G	0.05720	0.04638	0.89642
1116 A	0.05737	0.04641	0.89622
1117 G	0.05779	0.04604	0.89617
1118 C	0.05895	0.04491	0.89613
1119 T	0.06011	0.04405	0.89584
1120 G	0.06046	0.04388	0.89566
1121 T	0.06116	0.04331	0.89553
1122 T	0.06185	0.04281	0.89533
1123 T	0.06252	0.04236	0.89512
1124 T	0.06296	0.04219	0.89485
1125 A	0.06298	0.04262	0.8944
1126 A	0.06309	0.04263	0.89429
1127 A	0.06320	0.04263	0.89417
1128 T	0.06335	0.04256	0.89409
1129 G	0.06359	0.04230	0.89411
1130 A	0.06469	0.04124	0.89407
1131 A	0.06862	0.03729	0.89408
1132 G	0.08295	0.02283	0.89423
1133 C	0.08915	0.01655	0.8943
1134 T	0.09593	0.00980	0.89426
1135 T	0.09934	0.00647	0.89419
1136 C	0.10095	0.00497	0.89407
1137 T	0.10184	0.00467	0.89349
1138 A	0.10194	0.00581	0.89225
1139 T	0.10195	0.00710	0.89095
1140 T	0.10092	0.00991	0.88917
1141 T	0.09765	0.01413	0.88822
1142 T	0.08858	0.02540	0.88603
1143 A	0.05656	0.06015	0.8833
1144 A	0.03937	0.07841	0.88221
1145 C	0.03045	0.08812	0.88143
1146 A	0.02077	0.10119	0.87803
1147 G	0.01599	0.10824	0.87577
1148 T	0.01430	0.11177	0.87393
1149 A	0.00991	0.11856	0.87153
1150 A	0.00837	0.12145	0.87018
1151 G	0.00766	0.12229	0.87004
1152 A	0.00712	0.12285	0.87002
1153 A	0.00692	0.12305	0.87004
1154 A	0.00677	0.12318	0.87005
1155 C	0.00655	0.12339	0.87006
1156 C	0.00628	0.12379	0.86992
1157 A	0.00601	0.12459	0.86941
1158 A	0.00587	0.12532	0.86881
1159 A	0.00575	0.12600	0.86825
1160 A	0.00595	0.12623	0.86782
1161 A	0.00696	0.12529	0.86774
1162 A	0.00819	0.12293	0.86888
1163 A	0.00961	0.11855	0.87184
1164 A	0.01091	0.11078	0.87831
1165 A	0.01385	0.09586	0.89029
1166 T	0.01796	0.06168	0.92036
1167 G	0.01893	0.04670	0.93437
1168 A	0.01969	0.03887	0.94144
1169 T	0.02207	0.02847	0.94946
1170 T	0.02337	0.02509	0.95154
1171 A	0.02371	0.02520	0.95109
1172 C	0.02408	0.02307	0.95285
1173 G	0.02331	0.03224	0.94445
1174 A	0.02259	0.04351	0.93389
1175 T	0.02186	0.05451	0.92363
1176 A	0.01806	0.06735	0.91459
1177 G	0.01292	0.07946	0.90763
1178 A	0.01046	0.08851	0.90103
1179 A	0.01017	0.09359	0.89625
1180 G	0.01030	0.10655	0.88314
1181 A	0.01067	0.11211	0.87723
1182 A	0.01116	0.11397	0.87487
1183 T	0.01156	0.11529	0.87315
1184 T	0.01156	0.11627	0.87217
1185 A	0.01138	0.11754	0.87108
1186 G	0.01129	0.11799	0.87071
1187 A	0.01120	0.11841	0.87039
1188 A	0.01120	0.11859	0.87022
1189 G	0.01146	0.11818	0.87035
1190 A	0.01247	0.11686	0.87068
1191 A	0.01318	0.11566	0.87117
1192 G	0.01495	0.11328	0.87177
1193 C	0.01856	0.10882	0.87263
1194 A	0.02224	0.10466	0.8731
1195 A	0.02596	0.09970	0.87435
1196 T	0.03888	0.08520	0.87592
1197 T	0.05046	0.07286	0.87669
1198 G	0.05818	0.06453	0.87729
1199 A	0.06477	0.05409	0.88114
1200 T	0.07280	0.04060	0.8866
1201 C	0.07810	0.03303	0.88887
1202 G	0.08278	0.02830	0.88892
1203 T	0.09574	0.01573	0.88853
1204 G	0.09978	0.01296	0.88727
1205 T	0.10186	0.01401	0.88412
1206 T	0.10211	0.01536	0.88253
1207 T	0.10071	0.01869	0.88061
1208 T	0.09535	0.02844	0.87621
1209 A	0.08177	0.04888	0.86936
1210 A	0.07710	0.05572	0.86718
1211 T	0.07547	0.05805	0.86648
1212 A	0.06535	0.06836	0.86629
1213 G	0.06033	0.07338	0.86629
1214 G	0.05488	0.07887	0.86625
1215 T	0.04954	0.08423	0.86623
1216 C	0.03910	0.09466	0.86624
1217 C	0.03483	0.09895	0.86622
1218 A	0.03123	0.10261	0.86615
1219 G	0.03013	0.10377	0.8661
1220 C	0.02963	0.10431	0.86605
1221 T	0.02926	0.10482	0.86592
1222 A	0.02849	0.10587	0.86564
1223 A	0.02785	0.10673	0.86542
1224 A	0.02744	0.10734	0.86523
1225 A	0.02728	0.10734	0.86539
1226 A	0.02763	0.10580	0.86658
1227 A	0.02931	0.10124	0.86945
1228 T	0.03412	0.09374	0.87214
1229 C	0.03571	0.08829	0.876
1230 A	0.03715	0.08575	0.87709
1231 A	0.04021	0.07947	0.88033
1232 T	0.04549	0.06513	0.88938
1233 T	0.04580	0.06336	0.89085
1234 A	0.04214	0.07026	0.8876
1235 A	0.03977	0.07054	0.8897
1236 A	0.03687	0.07726	0.88587
1237 T	0.03542	0.07323	0.89134
1238 A	0.03290	0.07318	0.89391
1239 T	0.03164	0.06722	0.90113
1240 A	0.02958	0.06758	0.90284
1241 C	0.02911	0.06633	0.90456
1242 T	0.02868	0.07370	0.89762
1243 G	0.02780	0.08180	0.8904
1244 A	0.02745	0.09204	0.88051
1245 A	0.02752	0.09509	0.8774
1246 G	0.02753	0.09818	0.87429
1247 A	0.02768	0.09988	0.87244
1248 A	0.02770	0.10103	0.87127
1249 G	0.02774	0.10241	0.86986
1250 A	0.02787	0.10344	0.86869
1251 A	0.02802	0.10416	0.86782
1252 A	0.02820	0.10415	0.86766
1253 G	0.02916	0.10296	0.86788
1254 A	0.03081	0.10162	0.86757
1255 A	0.03257	0.09992	0.86751
1256 A	0.03481	0.09708	0.86811
1257 A	0.03904	0.08953	0.87143
1258 A	0.04733	0.07860	0.87407
1259 T	0.05652	0.06581	0.87767
1260 G	0.05738	0.06304	0.87957
1261 G	0.06094	0.05731	0.88175
1262 T	0.06614	0.05094	0.88292
1263 C	0.06906	0.04654	0.88439
1264 G	0.07151	0.04478	0.88371
1265 C	0.07924	0.03723	0.88353
1266 T	0.08644	0.03026	0.8833
1267 T	0.09295	0.02391	0.88314
1268 A	0.09406	0.02312	0.88282
1269 C	0.09296	0.02441	0.88263
1270 C	0.08943	0.02871	0.88186
1271 A	0.08545	0.03423	0.88032
1272 T	0.08459	0.03673	0.87869
1273 G	0.07207	0.04979	0.87814
1274 A	0.06791	0.05423	0.87785
1275 A	0.06489	0.05734	0.87776
1276 G	0.06232	0.05969	0.87798
1277 C	0.06014	0.06184	0.87802
1278 A	0.05719	0.06481	0.878
1279 G	0.05576	0.06624	0.878
1280 G	0.05485	0.06713	0.87802
1281 A	0.05419	0.06779	0.87802
1282 C	0.05384	0.06811	0.87805
1283 A	0.05358	0.06822	0.8782
1284 C	0.05342	0.06815	0.87843
1285 G	0.05337	0.06809	0.87854
1286 C	0.05356	0.06780	0.87864
1287 A	0.05449	0.06685	0.87866
1288 G	0.05514	0.06590	0.87897
1289 T	0.05592	0.06489	0.87919
1290 C	0.05633	0.06224	0.88143
1291 A	0.05682	0.06115	0.88204
1292 T	0.05760	0.05563	0.88677
1293 T	0.05838	0.04950	0.89212
1294 G	0.05921	0.04362	0.89718
1295 G	0.06049	0.04006	0.89945
1296 T	0.06111	0.02572	0.91317
1297 T	0.06124	0.02359	0.91517
1298 T	0.05954	0.02586	0.91459
1299 A	0.05633	0.03889	0.90477
1300 A	0.05529	0.04371	0.90101
1301 A	0.05433	0.04823	0.89745
1302 A	0.05409	0.05062	0.89529
1303 T	0.05395	0.05227	0.89379
1304 T	0.05352	0.05704	0.88943
1305 A	0.05253	0.06161	0.88586
1306 G	0.05133	0.06656	0.8821
1307 A	0.04872	0.07652	0.87476
1308 A	0.04637	0.08613	0.8675
1309 C	0.04531	0.08771	0.86698
1310 A	0.04453	0.09299	0.86248
1311 T	0.04413	0.09389	0.86197
1312 G	0.04364	0.09492	0.86144
1313 C	0.04338	0.09553	0.86109
1314 T	0.04319	0.09723	0.85957
1315 C	0.04283	0.09928	0.85788
1316 A	0.04259	0.10172	0.8557
1317 A	0.04136	0.10416	0.85449
1318 A	0.04113	0.10490	0.85398
1319 A	0.04172	0.10443	0.85385
1320 A	0.04504	0.10101	0.85395
1321 G	0.04965	0.09432	0.85603
1322 T	0.06138	0.07952	0.85911
1323 A	0.06540	0.07451	0.86009
1324 C	0.07040	0.06877	0.86082
1325 A	0.07269	0.06801	0.8593
1326 A	0.07170	0.07025	0.85805
1327 A	0.07430	0.06847	0.85723
1328 A	0.07607	0.06639	0.85755
1329 A	0.07964	0.06215	0.85821
