# lcl|CP097583.1_cds_USQ93410.1_1
# AA	inside	membr	outside
1 A	0.35517	0.00000	0.64483
2 T	0.35072	0.00445	0.64483
3 G	0.34653	0.00864	0.64483
4 A	0.34653	0.23450	0.41898
5 T	0.33477	0.34948	0.31575
6 A	0.33477	0.36905	0.29619
7 A	0.29313	0.41483	0.29204
8 A	0.29312	0.41491	0.29196
9 T	0.28778	0.42085	0.29137
10 A	0.28776	0.44870	0.26355
11 A	0.28567	0.45264	0.26169
12 A	0.26851	0.47076	0.26073
13 G	0.24986	0.49188	0.25826
14 A	0.24986	0.49188	0.25826
15 T	0.24986	0.54052	0.20962
16 T	0.24967	0.54072	0.20961
17 A	0.24914	0.54187	0.20899
18 T	0.24913	0.54254	0.20833
19 A	0.24846	0.54361	0.20793
20 A	0.24450	0.55243	0.20307
21 A	0.21781	0.57903	0.20316
22 G	0.21935	0.57725	0.20339
23 A	0.22375	0.57265	0.2036
24 A	0.24420	0.55194	0.20385
25 A	0.26807	0.51659	0.21535
26 C	0.29700	0.47738	0.22562
27 T	0.49086	0.27556	0.23358
28 T	0.55890	0.20041	0.24069
29 T	0.56862	0.19001	0.24137
30 G	0.57306	0.16827	0.25867
31 T	0.57447	0.16736	0.25817
32 T	0.57469	0.16107	0.26424
33 A	0.57741	0.15647	0.26612
34 A	0.57760	0.15296	0.26945
35 T	0.58048	0.13511	0.28442
36 G	0.57610	0.12417	0.29973
37 C	0.57291	0.12667	0.30041
38 C	0.59955	0.10029	0.30016
39 T	0.58305	0.12747	0.28947
40 T	0.57446	0.13803	0.28752
41 T	0.56892	0.14495	0.28613
42 G	0.55325	0.16294	0.2838
43 A	0.54132	0.17421	0.28447
44 C	0.53316	0.15979	0.30705
45 A	0.52909	0.16728	0.30363
46 A	0.52648	0.17098	0.30253
47 A	0.52433	0.17395	0.30172
48 T	0.52454	0.17343	0.30204
49 T	0.52376	0.17381	0.30242
50 T	0.52299	0.17212	0.30489
51 T	0.52249	0.16883	0.30868
52 C	0.52144	0.16688	0.31168
53 C	0.51909	0.16756	0.31336
54 T	0.51679	0.17070	0.31251
55 A	0.51026	0.18244	0.3073
56 T	0.49057	0.20541	0.30402
57 G	0.44408	0.26251	0.29341
58 A	0.37642	0.36176	0.26183
59 A	0.34515	0.39457	0.26029
60 A	0.32033	0.41926	0.26041
61 G	0.31357	0.41092	0.27551
62 G	0.32150	0.39099	0.2875
63 T	0.32376	0.39381	0.28243
64 A	0.32422	0.40993	0.26585
65 A	0.32705	0.40435	0.2686
66 T	0.32906	0.39864	0.2723
67 T	0.33037	0.39474	0.27488
68 T	0.32784	0.40408	0.26809
69 A	0.32531	0.40668	0.26802
70 A	0.32362	0.40769	0.26868
71 G	0.32126	0.40946	0.26928
72 T	0.31908	0.41206	0.26886
73 C	0.30943	0.42461	0.26596
74 A	0.28759	0.45694	0.25547
75 A	0.26766	0.48632	0.24602
76 A	0.24359	0.51580	0.2406
77 A	0.22353	0.53668	0.23979
78 A	0.22019	0.53560	0.24421
79 G	0.22506	0.50776	0.26718
80 A	0.23672	0.45927	0.30401
81 A	0.26647	0.36944	0.36409
82 A	0.27941	0.32973	0.39087
83 T	0.29386	0.29924	0.4069
84 T	0.29957	0.31779	0.38264
85 G	0.29313	0.37008	0.33678
86 A	0.30008	0.40092	0.299
87 T	0.30498	0.40159	0.29343
88 A	0.29638	0.41735	0.28627
89 T	0.29219	0.42368	0.28413
90 A	0.25729	0.46576	0.27694
91 C	0.23219	0.49144	0.27637
92 A	0.17488	0.56757	0.25754
93 A	0.14116	0.61135	0.24749
94 A	0.12869	0.62833	0.24298
95 A	0.11707	0.64466	0.23826
96 T	0.11783	0.63851	0.24366
97 A	0.10319	0.63583	0.26099
98 A	0.09665	0.62425	0.2791
99 A	0.09446	0.60233	0.30321
100 T	0.09209	0.58410	0.32381
101 G	0.08439	0.58661	0.32901
102 G	0.07953	0.59562	0.32485
103 A	0.07675	0.62030	0.30294
104 A	0.07729	0.62934	0.29337
105 A	0.08232	0.63137	0.28631
106 A	0.09504	0.62219	0.28276
107 A	0.12582	0.58827	0.28591
108 T	0.17285	0.52779	0.29936
109 A	0.20443	0.48851	0.30706
110 T	0.21666	0.45558	0.32775
111 T	0.22419	0.43375	0.34206
112 A	0.22563	0.42242	0.35196
113 A	0.22958	0.38882	0.3816
114 A	0.23321	0.35707	0.40972
115 T	0.25175	0.27739	0.47087
116 T	0.25932	0.24077	0.4999
117 A	0.25644	0.23957	0.50398
118 T	0.25181	0.23915	0.50904
119 A	0.22863	0.25733	0.51404
120 T	0.21015	0.25422	0.53563
121 G	0.17514	0.27719	0.54766
122 A	0.15684	0.29643	0.54674
123 C	0.14518	0.30689	0.54792
124 A	0.13636	0.36548	0.49816
125 A	0.13760	0.38085	0.48155
126 A	0.15640	0.37346	0.47014
127 G	0.16307	0.38956	0.44737
128 T	0.17093	0.39919	0.42988
129 T	0.17002	0.44038	0.3896
130 T	0.16277	0.48705	0.35018
131 T	0.15201	0.51739	0.33059
132 A	0.12041	0.57368	0.3059
133 G	0.10959	0.60074	0.28968
134 A	0.10398	0.62311	0.2729
135 A	0.10212	0.63022	0.26766
136 A	0.10275	0.63089	0.26636
137 A	0.10486	0.62752	0.26761
138 A	0.10637	0.62424	0.26939
139 A	0.11025	0.61547	0.27428
140 A	0.11858	0.59686	0.28456
141 T	0.12890	0.57237	0.29873
142 A	0.13073	0.54972	0.31955
143 A	0.13303	0.52798	0.33899
144 A	0.13763	0.49246	0.36992
145 A	0.14802	0.46300	0.38899
146 A	0.15808	0.43942	0.4025
147 T	0.21474	0.36961	0.41565
148 A	0.23579	0.34280	0.42141
149 A	0.25859	0.31304	0.42838
150 T	0.29730	0.26526	0.43745
151 A	0.32005	0.23522	0.44473
152 T	0.37307	0.16774	0.45918
153 T	0.41473	0.11238	0.47289
154 T	0.43293	0.08245	0.48462
155 C	0.44651	0.04712	0.50637
156 T	0.46129	0.02791	0.5108
157 T	0.47140	0.01626	0.51233
158 T	0.47565	0.01143	0.51292
159 T	0.47780	0.00878	0.51342
160 T	0.47857	0.00779	0.51364
161 T	0.47871	0.00643	0.51486
162 T	0.47784	0.00670	0.51546
163 C	0.47715	0.00709	0.51575
164 T	0.47671	0.00770	0.51559
165 T	0.47542	0.00914	0.51544
166 C	0.47226	0.01307	0.51467
167 A	0.47027	0.01630	0.51343
168 T	0.46829	0.01928	0.51242
169 G	0.46489	0.02613	0.50899
170 A	0.46293	0.03082	0.50626
171 T	0.46199	0.03228	0.50573
172 G	0.45916	0.03528	0.50555
173 G	0.45836	0.03619	0.50545
174 T	0.45795	0.03661	0.50544
175 C	0.45730	0.03724	0.50545
176 C	0.45714	0.03740	0.50546
177 T	0.45731	0.03726	0.50543
178 C	0.45731	0.03730	0.50539
179 C	0.45754	0.03712	0.50533
180 T	0.45803	0.03682	0.50515
181 T	0.45833	0.03654	0.50512
182 A	0.45819	0.03669	0.50512
183 T	0.45814	0.03670	0.50516
184 G	0.45781	0.03671	0.50548
185 C	0.45767	0.03489	0.50745
186 T	0.45769	0.03455	0.50776
187 A	0.45691	0.03681	0.50627
188 A	0.45691	0.03719	0.50589
189 T	0.45777	0.03551	0.50672
190 G	0.45826	0.03691	0.50484
191 G	0.45886	0.03643	0.50472
192 A	0.46166	0.03324	0.5051
193 A	0.46400	0.03044	0.50556
194 A	0.46459	0.02982	0.50559
195 T	0.46472	0.02717	0.50811
196 A	0.46366	0.02799	0.50835
197 T	0.46332	0.02783	0.50885
198 T	0.46200	0.02954	0.50846
199 C	0.45898	0.03443	0.50659
200 A	0.45603	0.03859	0.50537
201 T	0.45126	0.04433	0.50441
202 A	0.44020	0.05625	0.50355
203 T	0.43380	0.06303	0.50317
204 C	0.42194	0.07487	0.5032
205 G	0.41245	0.08433	0.50323
206 G	0.40652	0.09012	0.50336
207 A	0.40114	0.09524	0.50363
208 C	0.39807	0.09808	0.50385
209 A	0.39588	0.10032	0.5038
210 C	0.39722	0.09810	0.50469
211 G	0.39789	0.09784	0.50427
212 C	0.39991	0.09608	0.50401
213 T	0.40282	0.09386	0.50332
214 T	0.40409	0.09342	0.50249
215 T	0.40432	0.09397	0.50172
216 A	0.40123	0.09784	0.50094
217 A	0.39926	0.10008	0.50066
218 A	0.39811	0.10075	0.50115
219 T	0.39814	0.09939	0.50247
220 A	0.39741	0.09952	0.50307
221 A	0.39792	0.09764	0.50445
222 A	0.39986	0.09219	0.50796
223 A	0.40114	0.08665	0.51221
224 T	0.40234	0.07670	0.52096
225 T	0.40322	0.06416	0.53262
226 T	0.40353	0.05791	0.53856
227 T	0.40335	0.04987	0.54679
228 A	0.40254	0.04514	0.55232
229 A	0.40169	0.04148	0.55683
230 A	0.40119	0.03745	0.56136
231 A	0.40085	0.03485	0.56429
232 G	0.40101	0.03179	0.56719
233 A	0.40165	0.03052	0.56783
234 T	0.40316	0.02816	0.56867
235 T	0.40396	0.02689	0.56915
236 T	0.40446	0.02741	0.56813
237 T	0.40470	0.02913	0.56616
238 A	0.40470	0.03437	0.56093
239 T	0.40491	0.03694	0.55815
240 T	0.40479	0.03651	0.5587
241 G	0.40400	0.03984	0.55615
242 T	0.40326	0.04232	0.55441
243 A	0.40213	0.04472	0.55315
244 C	0.40184	0.04554	0.55262
245 G	0.40185	0.04715	0.551
246 T	0.40237	0.04792	0.54971
247 T	0.40232	0.04925	0.54842
248 T	0.40212	0.05064	0.54724
249 T	0.40128	0.05354	0.54517
250 A	0.40061	0.05463	0.54476
251 A	0.40046	0.05430	0.54524
252 A	0.40055	0.05357	0.54588
253 A	0.40082	0.05295	0.54623
254 C	0.40120	0.05215	0.54665
255 A	0.40171	0.05157	0.54672
256 A	0.40297	0.05026	0.54678
257 T	0.40486	0.04827	0.54687
258 G	0.40572	0.04734	0.54695
259 C	0.40799	0.04498	0.54703
260 A	0.41076	0.04201	0.54723
261 A	0.41687	0.03552	0.54761
262 G	0.42219	0.02971	0.5481
263 G	0.42528	0.02616	0.54855
264 T	0.43081	0.01988	0.54931
265 T	0.43416	0.01543	0.55041
266 T	0.43603	0.01259	0.55138
267 T	0.43685	0.01138	0.55177
268 T	0.43751	0.01036	0.55212
269 A	0.43763	0.00996	0.55241
270 T	0.43839	0.00861	0.55301
271 G	0.43871	0.00762	0.55366
272 C	0.44028	0.00517	0.55455
273 T	0.44085	0.00420	0.55494
274 C	0.44060	0.00430	0.5551
275 C	0.44066	0.00426	0.55508
276 T	0.44083	0.00422	0.55495
277 T	0.44078	0.00454	0.55468
278 A	0.44073	0.00527	0.554
279 T	0.44073	0.00544	0.55384
280 G	0.44068	0.00550	0.55382
281 T	0.44062	0.00527	0.55411
282 T	0.44049	0.00524	0.55427
283 C	0.43947	0.00617	0.55436
284 C	0.43846	0.00726	0.55428
285 A	0.43814	0.00785	0.55401
286 G	0.43801	0.00818	0.55381
287 G	0.43790	0.00839	0.55371
288 A	0.43790	0.00850	0.55359
289 T	0.43801	0.00842	0.55358
290 G	0.43789	0.00836	0.55375
291 G	0.43756	0.00856	0.55388
292 G	0.43722	0.00878	0.554
293 A	0.43701	0.00888	0.55412
294 T	0.43677	0.00877	0.55446
295 T	0.43651	0.00886	0.55462
296 G	0.43596	0.00918	0.55485
297 C	0.43544	0.00922	0.55534
298 C	0.43494	0.00972	0.55534
299 A	0.43467	0.01013	0.5552
300 C	0.43424	0.01054	0.55522
301 G	0.43446	0.01035	0.55519
302 G	0.43431	0.01052	0.55517
303 T	0.43419	0.01057	0.55524
304 C	0.43389	0.01071	0.5554
305 T	0.43372	0.01078	0.5555
306 T	0.43323	0.01027	0.5565
307 C	0.43192	0.01065	0.55743
308 C	0.43056	0.01197	0.55747
309 T	0.42832	0.01556	0.55613
310 A	0.42219	0.02431	0.55349
311 T	0.41574	0.03539	0.54887
312 T	0.40185	0.05129	0.54687
313 G	0.35759	0.09594	0.54647
314 A	0.33195	0.12164	0.54641
315 A	0.31705	0.13626	0.54669
316 A	0.31363	0.13942	0.54695
317 C	0.31255	0.13988	0.54757
318 A	0.31160	0.14068	0.54771
319 G	0.31120	0.14072	0.54808
320 T	0.31104	0.14085	0.54811
321 T	0.31015	0.14217	0.54768
322 A	0.30874	0.14532	0.54594
323 T	0.30802	0.14626	0.54572
324 A	0.30558	0.14992	0.5445
325 T	0.30305	0.15359	0.54336
326 T	0.29399	0.16504	0.54096
327 A	0.27814	0.18294	0.53893
328 A	0.26693	0.19559	0.53748
329 A	0.25641	0.20731	0.53628
330 A	0.24897	0.21374	0.53729
331 A	0.24675	0.21356	0.53969
332 A	0.24726	0.20795	0.54479
333 A	0.24948	0.19504	0.55548
334 T	0.25435	0.17768	0.56797
335 A	0.25562	0.16213	0.58225
336 T	0.25601	0.12332	0.62067
337 T	0.25550	0.10266	0.64184
338 C	0.25293	0.09449	0.65258
339 T	0.23278	0.11942	0.6478
340 A	0.18091	0.19040	0.62869
341 A	0.15639	0.23054	0.61307
342 A	0.14066	0.25940	0.59994
343 G	0.12294	0.28811	0.58895
344 A	0.10784	0.31079	0.58136
345 T	0.10618	0.31961	0.57421
346 A	0.10314	0.32717	0.56969
347 A	0.10314	0.32659	0.57026
348 A	0.10450	0.32218	0.57332
349 T	0.10722	0.30826	0.58452
350 T	0.10879	0.29277	0.59844
351 A	0.10951	0.28309	0.6074
352 T	0.11085	0.27305	0.6161
353 C	0.11093	0.26691	0.62216
354 T	0.11062	0.26620	0.62318
355 T	0.10915	0.26750	0.62335
356 C	0.10533	0.27163	0.62304
357 T	0.10212	0.27586	0.62202
358 A	0.09601	0.28530	0.61868
359 A	0.09175	0.29122	0.61703
360 A	0.09093	0.29203	0.61704
361 A	0.09126	0.29043	0.61832
362 A	0.09721	0.25857	0.64421
363 A	0.11608	0.18779	0.69613
364 G	0.13390	0.14590	0.7202
365 A	0.15066	0.11747	0.73187
366 T	0.16753	0.08642	0.74605
367 T	0.17540	0.06854	0.75607
368 T	0.17875	0.07128	0.74997
369 T	0.17519	0.08558	0.73923
370 T	0.17151	0.10237	0.72612
371 T	0.16567	0.12214	0.71218
372 A	0.15541	0.17443	0.67015
373 A	0.15035	0.19399	0.65565
374 A	0.14562	0.20811	0.64627
375 T	0.13799	0.23036	0.63165
376 A	0.12481	0.28414	0.59105
377 A	0.11982	0.30383	0.57635
378 A	0.11759	0.30526	0.57716
379 T	0.11759	0.30133	0.58108
380 G	0.11699	0.29900	0.584
381 T	0.11907	0.29248	0.58845
382 C	0.11881	0.28987	0.59133
383 A	0.11734	0.29223	0.59043
384 A	0.11760	0.29250	0.5899
385 G	0.11824	0.29238	0.58938
386 A	0.11902	0.29242	0.58857
387 A	0.12063	0.29146	0.58792
388 A	0.12340	0.28780	0.5888
389 T	0.12893	0.28028	0.59079
390 A	0.13635	0.27054	0.59312
391 G	0.15088	0.24889	0.60023
392 C	0.17058	0.21906	0.61036
393 T	0.18877	0.19782	0.61341
394 G	0.19965	0.18488	0.61547
395 T	0.23369	0.14878	0.61753
396 A	0.24103	0.14237	0.61659
397 G	0.24837	0.13431	0.61732
398 A	0.26293	0.11623	0.62085
399 T	0.30472	0.06590	0.62938
400 T	0.31335	0.06055	0.6261
401 T	0.30457	0.07742	0.61801
402 T	0.29450	0.08866	0.61684
403 G	0.26919	0.11525	0.61556
404 T	0.25945	0.12626	0.61428
405 A	0.24092	0.14574	0.61334
406 C	0.23027	0.15655	0.61318
407 A	0.21839	0.17601	0.6056
408 A	0.21283	0.18474	0.60243
409 A	0.20337	0.19778	0.59885
410 A	0.14809	0.25632	0.59559
411 A	0.10857	0.29717	0.59426
412 C	0.09149	0.31447	0.59405
413 A	0.07460	0.33526	0.59014
414 G	0.06207	0.34922	0.58871
415 A	0.05367	0.35976	0.58657
416 A	0.05078	0.36321	0.586
417 A	0.04926	0.36559	0.58514
418 A	0.05030	0.36434	0.58535
419 A	0.05368	0.35953	0.58679
420 A	0.05696	0.35449	0.58855
421 A	0.06358	0.34512	0.5913
422 A	0.06831	0.33592	0.59576
423 T	0.07805	0.31442	0.60753
424 T	0.08716	0.28990	0.62294
425 T	0.08908	0.27108	0.63984
426 C	0.08987	0.24866	0.66147
427 C	0.09002	0.24302	0.66697
428 A	0.08980	0.23954	0.67066
429 A	0.09089	0.23448	0.67463
430 A	0.09642	0.22341	0.68017
431 G	0.09965	0.21683	0.68352
432 A	0.10417	0.20332	0.69251
433 T	0.11027	0.13189	0.75784
434 T	0.11211	0.08825	0.79964
435 A	0.11172	0.07126	0.81702
436 G	0.11339	0.05368	0.83293
437 G	0.11434	0.04751	0.83815
438 T	0.11648	0.04599	0.83753
439 G	0.11711	0.05332	0.82956
440 T	0.11828	0.05922	0.82249
441 T	0.11867	0.06345	0.81787
442 T	0.11844	0.08748	0.79408
443 T	0.11750	0.10537	0.77712
444 A	0.11243	0.11251	0.77506
445 G	0.11054	0.11518	0.77427
446 G	0.10912	0.11815	0.77273
447 T	0.10813	0.12612	0.76575
448 C	0.10672	0.13412	0.75916
449 A	0.10530	0.14326	0.75144
450 A	0.10431	0.14815	0.74754
451 T	0.10417	0.14991	0.74592
452 G	0.10337	0.15680	0.73983
453 G	0.10181	0.16510	0.73308
454 G	0.10090	0.17684	0.72225
455 A	0.10066	0.18784	0.7115
456 A	0.10040	0.19018	0.70942
457 A	0.10108	0.18952	0.7094
458 A	0.10423	0.18538	0.7104
459 A	0.10879	0.17999	0.71122
460 C	0.11898	0.16925	0.71177
461 C	0.13080	0.15739	0.71181
462 T	0.14835	0.13994	0.71171
463 T	0.15949	0.12890	0.71162
464 A	0.16447	0.12395	0.71159
465 T	0.18198	0.10631	0.71171
466 T	0.19364	0.09377	0.71258
467 T	0.19567	0.08657	0.71776
468 A	0.19625	0.08399	0.71975
469 A	0.19884	0.07957	0.72159
470 C	0.20578	0.07083	0.72339
471 T	0.21340	0.06239	0.72421
472 T	0.22014	0.05529	0.72457
473 T	0.22378	0.05184	0.72438
474 A	0.22465	0.05178	0.72357
475 A	0.22984	0.04766	0.7225
476 A	0.23567	0.04291	0.72142
477 T	0.24648	0.03296	0.72056
478 A	0.25408	0.02509	0.72083
479 A	0.25458	0.02425	0.72117
480 T	0.25357	0.02480	0.72163
481 T	0.24729	0.03201	0.7207
482 C	0.23972	0.04011	0.72017
483 T	0.23298	0.04960	0.71742
484 T	0.22605	0.05871	0.71524
485 T	0.21488	0.07183	0.71328
486 T	0.19910	0.08935	0.71155
487 A	0.18152	0.10711	0.71137
488 T	0.17484	0.11363	0.71153
489 A	0.16210	0.12615	0.71176
490 G	0.15530	0.13247	0.71222
491 C	0.15289	0.13426	0.71285
492 T	0.15143	0.13559	0.71298
493 G	0.14762	0.13931	0.71307
494 A	0.14500	0.14184	0.71316
495 C	0.14286	0.14372	0.71342
496 C	0.14178	0.14477	0.71345
497 A	0.14108	0.14556	0.71337
498 A	0.14130	0.14548	0.71323
499 A	0.14358	0.14308	0.71334
500 T	0.14563	0.14085	0.71351
501 A	0.14546	0.14020	0.71434
502 A	0.14602	0.13643	0.71755
503 A	0.14706	0.13107	0.72187
504 T	0.14936	0.11779	0.73286
505 A	0.15036	0.10612	0.74352
506 T	0.15376	0.09118	0.75506
507 T	0.15480	0.08074	0.76447
508 T	0.15398	0.07304	0.77298
509 T	0.15026	0.06780	0.78195
510 T	0.14148	0.06787	0.79065
511 G	0.13013	0.07901	0.79085
512 G	0.11913	0.09251	0.78836
513 T	0.11089	0.11317	0.77594
514 A	0.09999	0.13315	0.76685
515 A	0.09350	0.14381	0.76268
516 A	0.08971	0.14783	0.76246
517 A	0.08850	0.14749	0.76401
518 T	0.08808	0.14574	0.76617
519 G	0.08726	0.14597	0.76676
520 A	0.08711	0.14512	0.76776
521 T	0.08734	0.14404	0.76863
522 T	0.08693	0.14478	0.76828
523 A	0.08501	0.14867	0.76632
524 C	0.08346	0.15173	0.76482
525 T	0.08212	0.15619	0.76169
526 A	0.07938	0.16256	0.75806
527 A	0.07699	0.16813	0.75488
528 A	0.07575	0.17140	0.75285
529 A	0.07570	0.17335	0.75096
530 A	0.07686	0.17312	0.75002
531 A	0.08241	0.16581	0.75178
532 T	0.09261	0.14945	0.75794
533 T	0.09930	0.13423	0.76647
534 A	0.10380	0.12285	0.77335
535 A	0.11277	0.10617	0.78106
536 T	0.12749	0.08412	0.78838
537 T	0.13415	0.06943	0.79642
538 T	0.13608	0.06416	0.79976
539 T	0.13575	0.06357	0.80067
540 T	0.13163	0.06907	0.7993
541 A	0.12186	0.08453	0.79361
542 A	0.11357	0.09983	0.7866
543 A	0.11033	0.10570	0.78397
544 A	0.11001	0.10911	0.78089
545 A	0.11090	0.10971	0.77939
546 A	0.11400	0.10628	0.77972
547 T	0.11725	0.10214	0.78062
548 T	0.12028	0.09868	0.78104
549 A	0.12250	0.09458	0.78293
550 A	0.12489	0.09023	0.78488
551 A	0.12676	0.08693	0.7863
552 A	0.12878	0.08396	0.78725
553 C	0.13259	0.07894	0.78846
554 C	0.13590	0.07531	0.78878
555 T	0.13797	0.07321	0.78882
556 A	0.13930	0.07188	0.78882
557 T	0.14197	0.06918	0.78885
558 T	0.14365	0.06748	0.78887
559 T	0.14464	0.06620	0.78916
560 A	0.14511	0.06402	0.79087
561 T	0.14735	0.05759	0.79506
562 T	0.14877	0.05176	0.79946
563 G	0.15022	0.04521	0.80458
564 G	0.15505	0.03273	0.81221
565 T	0.16289	0.01876	0.81834
566 C	0.16534	0.01379	0.82088
567 T	0.16867	0.01002	0.82131
568 C	0.17043	0.00810	0.82147
569 C	0.17183	0.00666	0.8215
570 T	0.17271	0.00581	0.82148
571 T	0.17338	0.00517	0.82145
572 T	0.17333	0.00522	0.82145
573 T	0.17229	0.00625	0.82145
574 T	0.17145	0.00705	0.8215
575 T	0.16965	0.00870	0.82165
576 A	0.16633	0.01198	0.82169
577 C	0.16440	0.01380	0.8218
578 A	0.16354	0.01472	0.82175
579 A	0.16138	0.01687	0.82175
580 T	0.16082	0.01734	0.82184
581 C	0.15987	0.01824	0.82189
582 T	0.15942	0.01876	0.82182
583 G	0.15857	0.01953	0.8219
584 T	0.15785	0.02037	0.82178
585 T	0.15699	0.02123	0.82178
586 T	0.15604	0.02203	0.82194
587 T	0.15499	0.02252	0.82249
588 G	0.15271	0.02444	0.82285
589 G	0.15083	0.02574	0.82342
590 C	0.14917	0.02743	0.8234
591 T	0.14816	0.02965	0.82219
592 G	0.14581	0.03277	0.82142
593 A	0.14478	0.03428	0.82093
594 A	0.14429	0.03485	0.82085
595 T	0.14398	0.03503	0.82099
596 C	0.14350	0.03322	0.82329
597 G	0.14332	0.03333	0.82335
598 G	0.14329	0.03395	0.82276
599 A	0.14311	0.03613	0.82076
600 A	0.14282	0.03876	0.81841
601 A	0.14281	0.04406	0.81313
602 T	0.14263	0.04951	0.80786
603 A	0.14238	0.06052	0.7971
604 G	0.14226	0.06492	0.79282
605 A	0.14226	0.06951	0.78822
606 A	0.14237	0.07138	0.78625
607 T	0.14261	0.07218	0.78521
608 A	0.14244	0.07327	0.78429
609 T	0.14202	0.07480	0.78318
610 A	0.14087	0.07794	0.78119
611 A	0.14050	0.07890	0.7806
612 A	0.13952	0.07851	0.78197
613 A	0.13932	0.07718	0.7835
614 A	0.14014	0.07522	0.78464
615 T	0.14078	0.07219	0.78703
616 C	0.14081	0.07115	0.78803
617 A	0.14074	0.07106	0.7882
618 T	0.14121	0.07052	0.78827
619 C	0.14143	0.07006	0.78851
620 A	0.14196	0.06957	0.78848
621 A	0.14380	0.06770	0.78851
622 A	0.14738	0.06386	0.78877
623 C	0.15146	0.05942	0.78912
624 A	0.15803	0.05277	0.7892
625 C	0.16842	0.04199	0.78959
626 T	0.18218	0.02802	0.7898
627 T	0.18827	0.02181	0.78992
628 T	0.19158	0.01843	0.79
629 C	0.19340	0.01640	0.7902
630 T	0.19480	0.01493	0.79027
631 A	0.19575	0.01357	0.79067
632 T	0.19778	0.01094	0.79129
633 T	0.20013	0.00750	0.79237
634 T	0.20202	0.00523	0.79275
635 T	0.20223	0.00374	0.79402
636 T	0.20228	0.00300	0.79472
637 G	0.20222	0.00265	0.79513
638 T	0.20220	0.00224	0.79556
639 G	0.20215	0.00191	0.79594
640 C	0.20225	0.00136	0.79639
641 T	0.20242	0.00119	0.79639
642 T	0.20233	0.00120	0.79646
643 T	0.20229	0.00116	0.79655
644 T	0.20207	0.00136	0.79657
645 T	0.20152	0.00190	0.79658
646 C	0.20078	0.00262	0.79659
647 C	0.20038	0.00306	0.79657
648 T	0.19903	0.00453	0.79645
649 C	0.19670	0.00720	0.79611
650 T	0.19454	0.01030	0.79516
651 T	0.19021	0.01635	0.79343
652 G	0.17920	0.03035	0.79045
653 T	0.17190	0.03923	0.78887
654 T	0.15841	0.05542	0.78617
655 A	0.14563	0.06859	0.78578
656 A	0.13848	0.07585	0.78568
657 A	0.13360	0.08075	0.78566
658 T	0.13048	0.08383	0.7857
659 C	0.12700	0.08725	0.78576
660 A	0.12530	0.08907	0.78564
661 A	0.12445	0.08991	0.78563
662 A	0.12386	0.09049	0.78566
663 T	0.12341	0.09095	0.78564
664 A	0.12233	0.09212	0.78555
665 C	0.12047	0.09376	0.78576
666 A	0.11904	0.09541	0.78555
667 A	0.11813	0.09627	0.78559
668 A	0.11747	0.09661	0.78592
669 A	0.11703	0.09656	0.78642
670 G	0.11666	0.09658	0.78676
671 A	0.11660	0.09477	0.78863
672 A	0.11703	0.09058	0.79239
673 G	0.11820	0.08585	0.79595
674 A	0.12031	0.07914	0.80055
675 T	0.12345	0.06528	0.81127
676 A	0.12457	0.05661	0.81883
677 T	0.12654	0.03989	0.83357
678 T	0.12684	0.02872	0.84445
679 T	0.12687	0.02222	0.85092
680 T	0.12683	0.01829	0.85489
681 T	0.12666	0.01588	0.85745
682 C	0.12641	0.01369	0.8599
683 A	0.12632	0.01370	0.85998
684 A	0.12623	0.01409	0.85967
685 G	0.12625	0.01419	0.85956
686 A	0.12634	0.01610	0.85756
687 T	0.12653	0.01692	0.85655
688 G	0.12662	0.01622	0.85715
689 T	0.12697	0.01831	0.85472
690 T	0.12707	0.02221	0.85073
691 A	0.12710	0.03128	0.84162
692 A	0.12715	0.03489	0.83797
693 A	0.12727	0.03685	0.83589
694 T	0.12759	0.03786	0.83455
695 T	0.12775	0.03834	0.8339
696 A	0.12782	0.03908	0.8331
697 T	0.12801	0.03964	0.83235
698 T	0.12808	0.04041	0.83151
699 A	0.12799	0.04174	0.83026
700 G	0.12808	0.04246	0.82946
701 T	0.12825	0.04298	0.82876
702 T	0.12832	0.04362	0.82806
703 T	0.12836	0.04362	0.82802
704 G	0.12817	0.04384	0.82798
705 G	0.12793	0.04413	0.82794
706 A	0.12831	0.04371	0.82797
707 C	0.12906	0.04295	0.82799
708 A	0.12987	0.04240	0.82773
709 A	0.13300	0.03930	0.8277
710 C	0.13562	0.03671	0.82768
711 A	0.13760	0.03477	0.82764
712 A	0.14136	0.03101	0.82764
713 C	0.14650	0.02582	0.82768
714 T	0.15550	0.01683	0.82767
715 C	0.15828	0.01405	0.82767
716 C	0.15988	0.01248	0.82764
717 T	0.16112	0.01137	0.82751
718 T	0.16117	0.01137	0.82746
719 G	0.16067	0.01190	0.82743
720 G	0.16073	0.01190	0.82737
721 A	0.16139	0.01129	0.82732
722 C	0.16270	0.00978	0.82752
723 T	0.16365	0.00877	0.82758
724 T	0.16420	0.00818	0.82763
725 T	0.16419	0.00815	0.82766
726 A	0.16338	0.00893	0.82769
727 C	0.16328	0.00883	0.82789
728 C	0.16326	0.00845	0.82829
729 A	0.16321	0.00846	0.82833
730 G	0.16321	0.00843	0.82837
731 C	0.16340	0.00823	0.82837
732 C	0.16341	0.00827	0.82833
733 A	0.16342	0.00840	0.82818
734 A	0.16348	0.00839	0.82813
735 T	0.16352	0.00837	0.8281
736 G	0.16350	0.00841	0.8281
737 T	0.16350	0.00833	0.82817
738 A	0.16299	0.00781	0.8292
739 G	0.16275	0.00632	0.83093
740 C	0.16256	0.00590	0.83154
741 T	0.16239	0.00669	0.83092
742 A	0.16170	0.01139	0.82692
743 T	0.16140	0.01339	0.82521
744 T	0.16097	0.01490	0.82413
745 T	0.15966	0.01652	0.82382
746 G	0.15778	0.01835	0.82387
747 T	0.15698	0.01891	0.82412
748 G	0.15542	0.02013	0.82445
749 C	0.15496	0.02018	0.82486
750 A	0.15454	0.02056	0.8249
751 C	0.15432	0.02070	0.82498
752 A	0.15406	0.02097	0.82497
753 T	0.15391	0.02112	0.82497
754 C	0.15297	0.02206	0.82498
755 C	0.15215	0.02293	0.82492
756 T	0.15141	0.02406	0.82453
757 A	0.14766	0.02860	0.82374
758 A	0.14441	0.03255	0.82304
759 T	0.14029	0.03716	0.82255
760 A	0.13239	0.04563	0.82199
761 A	0.12923	0.04841	0.82236
762 A	0.12756	0.05001	0.82243
763 G	0.12644	0.05078	0.82278
764 A	0.12704	0.04989	0.82307
765 T	0.13116	0.04482	0.82401
766 T	0.13159	0.04383	0.82458
767 A	0.13058	0.04435	0.82506
768 T	0.13015	0.04321	0.82664
769 C	0.12877	0.04299	0.82824
770 A	0.12765	0.04376	0.82859
771 C	0.12660	0.04408	0.82932
772 T	0.12581	0.04600	0.82819
773 T	0.12233	0.05135	0.82633
774 A	0.11320	0.06194	0.82486
775 A	0.10309	0.07398	0.82293
776 T	0.09583	0.08196	0.82221
777 A	0.07994	0.09865	0.82141
778 A	0.07260	0.10566	0.82174
779 A	0.07054	0.10678	0.82269
780 A	0.06905	0.10447	0.82648
781 A	0.06820	0.10150	0.83031
782 T	0.06776	0.09738	0.83486
783 T	0.06646	0.09292	0.84062
784 A	0.06390	0.09694	0.83915
785 A	0.06284	0.09849	0.83867
786 T	0.06222	0.10036	0.83741
787 A	0.06151	0.10382	0.83467
788 A	0.06127	0.10439	0.83434
789 T	0.06130	0.10348	0.83521
790 G	0.06119	0.10309	0.83572
791 A	0.06114	0.10410	0.83476
792 T	0.06134	0.10409	0.83457
793 A	0.06141	0.10409	0.83449
794 A	0.06176	0.10286	0.83538
795 A	0.06315	0.10008	0.83678
796 T	0.06534	0.09322	0.84144
797 A	0.06646	0.08369	0.84986
798 T	0.06866	0.07142	0.85991
799 A	0.06930	0.06399	0.86671
800 T	0.07101	0.04854	0.88045
801 T	0.07111	0.04288	0.88601
802 A	0.06972	0.04394	0.88635
803 T	0.06952	0.04261	0.88787
804 A	0.06869	0.04235	0.88896
805 G	0.06855	0.04074	0.89071
806 G	0.06940	0.03790	0.89269
807 T	0.07382	0.03125	0.89493
808 G	0.07548	0.02858	0.89594
809 C	0.07821	0.02525	0.89654
810 T	0.08124	0.02267	0.89609
811 T	0.08170	0.02413	0.89417
812 C	0.08108	0.02800	0.89091
813 A	0.08068	0.03467	0.88466
814 G	0.08127	0.04263	0.8761
815 T	0.08192	0.05036	0.86772
816 T	0.08082	0.05800	0.86118
817 T	0.07840	0.06626	0.85534
818 T	0.07429	0.07368	0.85202
819 A	0.06457	0.08894	0.84649
820 A	0.05696	0.09973	0.8433
821 A	0.05388	0.10390	0.84222
822 T	0.05355	0.10434	0.84211
823 A	0.05292	0.10572	0.84136
824 A	0.05358	0.10512	0.84129
825 T	0.05527	0.10230	0.84243
826 T	0.05546	0.10268	0.84187
827 T	0.05444	0.10472	0.84083
828 A	0.05192	0.10960	0.83848
829 A	0.04957	0.11383	0.8366
830 A	0.04476	0.12020	0.83504
831 A	0.04092	0.12524	0.83384
832 G	0.03900	0.12730	0.83369
833 A	0.03872	0.12803	0.83326
834 A	0.04150	0.12537	0.83312
835 A	0.04587	0.12057	0.83356
836 A	0.05271	0.11270	0.83459
837 A	0.06218	0.10174	0.83608
838 T	0.07260	0.08810	0.8393
839 T	0.07980	0.07672	0.84348
840 T	0.08400	0.07029	0.84571
841 G	0.08442	0.06724	0.84834
842 A	0.08582	0.06132	0.85286
843 T	0.08656	0.05484	0.8586
844 T	0.08188	0.05747	0.86066
845 G	0.06917	0.07083	0.85999
846 G	0.05595	0.08692	0.85714
847 C	0.05140	0.09588	0.85273
848 A	0.04503	0.10866	0.84631
849 A	0.04058	0.11567	0.84376
850 A	0.04056	0.11635	0.84308
851 A	0.04229	0.11372	0.84398
852 G	0.04208	0.11248	0.84543
853 A	0.04152	0.10880	0.84969
854 T	0.04040	0.10706	0.85254
855 A	0.03511	0.11392	0.85097
856 G	0.03221	0.12110	0.84669
857 A	0.02983	0.12801	0.84216
858 A	0.02780	0.13364	0.83856
859 A	0.02737	0.13800	0.83463
860 T	0.02756	0.13912	0.83332
861 A	0.02698	0.14080	0.83222
862 A	0.02719	0.14140	0.83141
863 T	0.02800	0.14030	0.8317
864 A	0.02775	0.13968	0.83256
865 A	0.02843	0.13710	0.83447
866 A	0.02899	0.13413	0.83688
867 A	0.03044	0.12654	0.84303
868 A	0.03377	0.11020	0.85602
869 C	0.03927	0.08912	0.87161
870 T	0.04551	0.07901	0.87548
871 T	0.04959	0.07168	0.87873
872 T	0.05001	0.06913	0.88086
873 T	0.04856	0.07034	0.88111
874 A	0.04445	0.07449	0.88107
875 A	0.04214	0.07392	0.88393
876 A	0.04173	0.07111	0.88717
877 G	0.04276	0.06562	0.89162
878 G	0.04679	0.05603	0.89717
879 T	0.05356	0.04593	0.9005
880 A	0.05760	0.03982	0.90258
881 G	0.06144	0.03371	0.90486
882 T	0.06660	0.02803	0.90537
883 T	0.06817	0.02679	0.90503
884 T	0.06893	0.02633	0.90474
885 T	0.06920	0.02760	0.90321
886 T	0.06886	0.03212	0.89902
887 T	0.06816	0.03673	0.89511
888 A	0.06592	0.04545	0.88864
889 A	0.06366	0.05290	0.88344
890 A	0.06193	0.05904	0.87903
891 T	0.06182	0.06168	0.8765
892 A	0.06170	0.06379	0.87451
893 A	0.06221	0.06331	0.87448
894 T	0.06361	0.06074	0.87565
895 T	0.06448	0.05885	0.87668
896 T	0.06500	0.05658	0.87842
897 T	0.06520	0.05351	0.88129
898 G	0.06495	0.05246	0.8826
899 T	0.06489	0.05228	0.88282
900 A	0.06440	0.05355	0.88205
901 T	0.06323	0.05562	0.88115
902 A	0.06040	0.06007	0.87953
903 T	0.06010	0.06168	0.87823
904 G	0.05851	0.06712	0.87438
905 A	0.05796	0.07291	0.86913
906 A	0.05828	0.07895	0.86277
907 A	0.05946	0.08402	0.85652
908 A	0.06149	0.08496	0.85355
909 T	0.06595	0.08035	0.8537
910 A	0.06796	0.07863	0.85341
911 A	0.07220	0.07356	0.85424
912 A	0.07637	0.06848	0.85515
913 C	0.08039	0.06342	0.85619
914 T	0.08285	0.06102	0.85613
915 T	0.08331	0.06098	0.85571
916 T	0.08206	0.06277	0.85516
917 T	0.07934	0.06589	0.85478
918 C	0.07494	0.07063	0.85443
919 A	0.07076	0.07547	0.85376
920 A	0.06688	0.07999	0.85313
921 T	0.06556	0.08121	0.85323
922 A	0.06185	0.08537	0.85278
923 A	0.06003	0.08708	0.85289
924 A	0.05903	0.08674	0.85424
925 C	0.05993	0.08328	0.85679
926 A	0.06118	0.08201	0.85681
927 A	0.06511	0.07744	0.85746
928 A	0.06979	0.07226	0.85795
929 A	0.07577	0.06574	0.8585
930 T	0.08221	0.05879	0.859
931 A	0.08521	0.05454	0.86026
932 A	0.08632	0.05194	0.86174
933 A	0.08787	0.04824	0.8639
934 A	0.08930	0.04460	0.8661
935 T	0.09094	0.04060	0.86846
936 T	0.09217	0.03721	0.87062
937 G	0.09272	0.03437	0.8729
938 T	0.09362	0.03120	0.87518
939 T	0.09416	0.02853	0.87731
940 T	0.09442	0.02592	0.87966
941 T	0.09450	0.02285	0.88265
942 A	0.09462	0.01989	0.88549
943 G	0.09494	0.01563	0.88943
944 A	0.09512	0.01381	0.89107
945 T	0.09569	0.00967	0.89464
946 A	0.09583	0.00762	0.89655
947 C	0.09628	0.00534	0.89838
948 T	0.09652	0.00514	0.89834
949 T	0.09670	0.00562	0.89768
950 T	0.09669	0.00684	0.89647
951 T	0.09665	0.00879	0.89456
952 G	0.09656	0.00994	0.8935
953 T	0.09651	0.01050	0.89299
954 T	0.09604	0.01149	0.89247
955 T	0.09520	0.01285	0.89195
956 C	0.09365	0.01498	0.89137
957 G	0.09244	0.01804	0.88953
958 G	0.09186	0.01886	0.88928
959 A	0.09161	0.01939	0.889
960 T	0.09158	0.01956	0.88887
961 A	0.09149	0.01984	0.88867
962 C	0.09152	0.01972	0.88875
963 A	0.09153	0.01978	0.88868
964 G	0.09160	0.01965	0.88875
965 A	0.09170	0.01946	0.88883
966 A	0.09176	0.01937	0.88887
967 G	0.09195	0.01911	0.88893
968 G	0.09230	0.01852	0.88918
969 T	0.09288	0.01769	0.88943
970 A	0.09307	0.01736	0.88957
971 C	0.09367	0.01653	0.8898
972 A	0.09446	0.01569	0.88985
973 G	0.09568	0.01439	0.88993
974 G	0.09752	0.01259	0.88988
975 T	0.09935	0.01091	0.88975
976 T	0.10019	0.01059	0.88922
977 T	0.10088	0.00988	0.88924
978 A	0.10102	0.00914	0.88984
979 G	0.10130	0.00740	0.8913
980 T	0.10226	0.00549	0.89224
981 T	0.10225	0.00521	0.89254
982 C	0.10205	0.00612	0.89184
983 A	0.10163	0.00808	0.89029
984 T	0.10143	0.00929	0.88928
985 A	0.10014	0.01114	0.88872
986 T	0.09848	0.01305	0.88847
987 A	0.09666	0.01494	0.88841
988 G	0.09516	0.01639	0.88845
989 C	0.09442	0.01710	0.88848
990 T	0.09367	0.01787	0.88846
991 C	0.09214	0.01943	0.88844
992 C	0.09102	0.02059	0.88839
993 A	0.09029	0.02134	0.88837
994 G	0.08993	0.02171	0.88836
995 G	0.08984	0.02180	0.88836
996 A	0.08991	0.02173	0.88836
997 C	0.09016	0.02147	0.88837
998 A	0.09047	0.02112	0.88841
999 T	0.09110	0.02042	0.88848
1000 G	0.09159	0.01985	0.88856
1001 G	0.09188	0.01940	0.88871
1002 T	0.09219	0.01897	0.88885
1003 C	0.09236	0.01826	0.88938
1004 A	0.09261	0.01782	0.88957
1005 T	0.09355	0.01645	0.89
1006 G	0.09450	0.01509	0.89041
1007 A	0.09516	0.01429	0.89055
1008 T	0.09574	0.01280	0.89146
1009 G	0.09588	0.01083	0.89328
1010 A	0.09594	0.00909	0.89498
1011 T	0.09597	0.00703	0.897
1012 T	0.09586	0.00643	0.89771
1013 T	0.09545	0.00683	0.89772
1014 T	0.09501	0.00703	0.89796
1015 T	0.09440	0.00788	0.89771
1016 T	0.09285	0.01074	0.89641
1017 A	0.08882	0.01788	0.8933
1018 T	0.08483	0.02483	0.89034
1019 T	0.08091	0.03139	0.8877
1020 A	0.06736	0.04881	0.88382
1021 A	0.05853	0.05945	0.88201
1022 G	0.05397	0.06472	0.88131
1023 T	0.05170	0.06780	0.8805
1024 G	0.04859	0.07163	0.87978
1025 A	0.04621	0.07477	0.87902
1026 A	0.04534	0.07588	0.87878
1027 A	0.04498	0.07633	0.87869
1028 A	0.04478	0.07662	0.87861
1029 A	0.04476	0.07661	0.87863
1030 T	0.04500	0.07632	0.87868
1031 A	0.04498	0.07636	0.87866
1032 T	0.04510	0.07621	0.87869
1033 A	0.04495	0.07636	0.87869
1034 A	0.04505	0.07617	0.87878
1035 A	0.04546	0.07537	0.87917
1036 T	0.04663	0.07318	0.8802
1037 T	0.04743	0.07131	0.88125
1038 A	0.04802	0.06956	0.88242
1039 G	0.04970	0.06546	0.88483
1040 A	0.05296	0.05790	0.88914
1041 T	0.05617	0.04967	0.89416
1042 A	0.05809	0.04408	0.89783
1043 T	0.06154	0.02927	0.90919
1044 T	0.06291	0.02168	0.91541
1045 T	0.06279	0.02055	0.91666
1046 T	0.06118	0.02320	0.91563
1047 A	0.05881	0.02665	0.91455
1048 T	0.05790	0.02703	0.91506
1049 T	0.05616	0.02934	0.91449
1050 A	0.05118	0.03557	0.91325
1051 A	0.04804	0.03908	0.91287
1052 G	0.04685	0.04130	0.91185
1053 T	0.04600	0.04374	0.91026
1054 A	0.04521	0.04622	0.90857
1055 T	0.04505	0.04682	0.90813
1056 T	0.04477	0.04798	0.90725
1057 G	0.04432	0.05159	0.90409
1058 A	0.04400	0.05507	0.90093
1059 T	0.04284	0.05857	0.89858
1060 A	0.04098	0.06210	0.89692
1061 A	0.03990	0.06367	0.89644
1062 A	0.03903	0.06489	0.89609
1063 A	0.03876	0.06510	0.89615
1064 A	0.03893	0.06457	0.8965
1065 A	0.03984	0.06287	0.8973
1066 G	0.04147	0.06009	0.89844
1067 G	0.04407	0.05691	0.89902
1068 T	0.04829	0.05206	0.89965
1069 T	0.05067	0.04843	0.9009
1070 T	0.05184	0.04682	0.90134
1071 A	0.05098	0.04799	0.90103
1072 A	0.05049	0.04758	0.90192
1073 T	0.05089	0.04323	0.90587
1074 G	0.04906	0.04213	0.90882
1075 A	0.04817	0.04209	0.90974
1076 C	0.04829	0.04194	0.90978
1077 T	0.04896	0.04586	0.90518
1078 G	0.04663	0.05759	0.89578
1079 A	0.04618	0.06373	0.8901
1080 A	0.04836	0.06522	0.88641
1081 A	0.05108	0.06266	0.88626
1082 T	0.05369	0.05867	0.88764
1083 T	0.05514	0.05553	0.88933
1084 T	0.05547	0.05426	0.89026
1085 C	0.05446	0.05464	0.89091
1086 A	0.05340	0.05572	0.89089
1087 G	0.05218	0.05702	0.8908
1088 G	0.05151	0.05776	0.89073
1089 A	0.05150	0.05792	0.89058
1090 A	0.05188	0.05770	0.89043
1091 A	0.05267	0.05698	0.89035
1092 A	0.05378	0.05588	0.89034
1093 T	0.05537	0.05390	0.89073
1094 A	0.05538	0.05339	0.89123
1095 T	0.05540	0.05253	0.89208
1096 A	0.05525	0.05312	0.89163
1097 A	0.05559	0.05144	0.89298
1098 A	0.05636	0.04834	0.8953
1099 G	0.05846	0.04388	0.89766
1100 G	0.06394	0.03678	0.89928
1101 T	0.07404	0.02455	0.90141
1102 C	0.07817	0.01985	0.90198
1103 T	0.08124	0.01753	0.90123
1104 T	0.08128	0.01875	0.89998
1105 T	0.08081	0.02046	0.89873
1106 T	0.08014	0.02220	0.89766
1107 T	0.07761	0.02630	0.89608
1108 T	0.07467	0.02973	0.8956
1109 A	0.07000	0.03476	0.89524
1110 T	0.06729	0.03750	0.8952
1111 G	0.05958	0.04578	0.89464
1112 A	0.05404	0.05189	0.89407
1113 A	0.05085	0.05538	0.89377
1114 A	0.05041	0.05564	0.89396
1115 A	0.05060	0.05511	0.89428
1116 A	0.05116	0.05425	0.89458
1117 G	0.05212	0.05237	0.89551
1118 C	0.05278	0.05135	0.89587
1119 T	0.05385	0.05015	0.896
1120 A	0.05426	0.04976	0.89599
1121 A	0.05430	0.04969	0.896
1122 T	0.05443	0.04953	0.89604
1123 A	0.05438	0.04965	0.89597
1124 A	0.05482	0.04911	0.89607
1125 T	0.05610	0.04737	0.89652
1126 A	0.05704	0.04627	0.89668
1127 T	0.05856	0.04407	0.89737
1128 T	0.05913	0.04277	0.8981
1129 A	0.05759	0.04396	0.89845
1130 T	0.05828	0.03986	0.90186
1131 T	0.05820	0.03718	0.90462
1132 G	0.05552	0.03591	0.90857
1133 T	0.05497	0.03420	0.91083
1134 T	0.05362	0.03085	0.91553
1135 T	0.04997	0.03195	0.91808
1136 C	0.04593	0.03499	0.91908
1137 A	0.04400	0.03858	0.91742
1138 G	0.04349	0.03998	0.91654
1139 A	0.04289	0.04209	0.91502
1140 T	0.04265	0.04372	0.91364
1141 T	0.04226	0.04557	0.91217
1142 T	0.04156	0.04738	0.91106
1143 A	0.03974	0.05281	0.90745
1144 A	0.03821	0.05788	0.90391
1145 A	0.03734	0.06022	0.90244
1146 A	0.03695	0.06129	0.90176
1147 A	0.03691	0.06180	0.90129
1148 A	0.03705	0.06236	0.90059
1149 A	0.03741	0.06280	0.8998
1150 A	0.03793	0.06303	0.89904
1151 A	0.03886	0.06199	0.89915
1152 T	0.04048	0.05748	0.90205
1153 A	0.04108	0.05546	0.90346
1154 A	0.04255	0.05154	0.9059
1155 T	0.04389	0.04480	0.91131
1156 C	0.04474	0.04073	0.91453
1157 T	0.04619	0.03796	0.91585
1158 T	0.04752	0.03617	0.91631
1159 T	0.04838	0.03653	0.9151
1160 T	0.04913	0.03881	0.91207
1161 A	0.04945	0.04514	0.90541
1162 A	0.05042	0.04919	0.9004
1163 T	0.05216	0.05056	0.89728
1164 T	0.05356	0.05278	0.89366
1165 A	0.05438	0.05259	0.89304
1166 A	0.05729	0.04889	0.89382
1167 T	0.06050	0.04455	0.89495
1168 T	0.06153	0.04284	0.89564
1169 C	0.06168	0.04239	0.89594
1170 A	0.06157	0.04269	0.89574
1171 A	0.06232	0.04214	0.89554
1172 C	0.06351	0.04114	0.89536
1173 A	0.06487	0.04028	0.89485
1174 A	0.06615	0.03949	0.89436
1175 T	0.06671	0.03920	0.8941
1176 A	0.06682	0.03953	0.89365
1177 T	0.06705	0.03960	0.89336
1178 T	0.06695	0.03971	0.89334
1179 A	0.06672	0.03990	0.89337
1180 A	0.06727	0.03929	0.89343
1181 A	0.06993	0.03644	0.89364
1182 C	0.07365	0.03239	0.89396
1183 C	0.07735	0.02857	0.89408
1184 A	0.08390	0.02201	0.89409
1185 T	0.08985	0.01605	0.89411
1186 T	0.09328	0.01267	0.89405
1187 C	0.09580	0.01018	0.89402
1188 T	0.09670	0.00922	0.89408
1189 T	0.09674	0.00891	0.89435
1190 A	0.09544	0.01007	0.89448
1191 T	0.09152	0.01372	0.89476
1192 C	0.08075	0.02407	0.89518
1193 C	0.06953	0.03470	0.89577
1194 A	0.06396	0.04054	0.89551
1195 C	0.06131	0.04348	0.89521
1196 A	0.05860	0.04660	0.89481
1197 T	0.05770	0.04784	0.89446
1198 G	0.05618	0.04961	0.89421
1199 A	0.05410	0.05168	0.89421
1200 C	0.05074	0.05508	0.89417
1201 G	0.04747	0.05849	0.89404
1202 A	0.04520	0.06124	0.89356
1203 A	0.04321	0.06352	0.89327
1204 A	0.04210	0.06456	0.89334
1205 G	0.04174	0.06484	0.89342
1206 A	0.04162	0.06457	0.89381
1207 A	0.04161	0.06423	0.89416
1208 C	0.04165	0.06391	0.89444
1209 T	0.04168	0.06380	0.89451
1210 A	0.04165	0.06382	0.89453
1211 A	0.04163	0.06376	0.89461
1212 A	0.04161	0.06340	0.89499
1213 A	0.04161	0.06232	0.89606
1214 A	0.04162	0.05678	0.90161
1215 A	0.04163	0.04448	0.91389
1216 C	0.04175	0.03069	0.92756
1217 C	0.04208	0.02564	0.93229
1218 A	0.04246	0.02391	0.93364
1219 G	0.04295	0.02176	0.93529
1220 T	0.04356	0.02036	0.93608
1221 T	0.04397	0.01912	0.93691
1222 G	0.04417	0.01664	0.93919
1223 T	0.04440	0.01276	0.94284
1224 G	0.04465	0.01022	0.94513
1225 T	0.04516	0.00844	0.94641
1226 T	0.04545	0.00715	0.9474
1227 T	0.04546	0.00669	0.94785
1228 T	0.04541	0.00655	0.94804
1229 T	0.04532	0.00670	0.94799
1230 A	0.04501	0.00718	0.9478
1231 G	0.04488	0.00735	0.94777
1232 C	0.04490	0.00734	0.94776
1233 T	0.04499	0.00729	0.94772
1234 A	0.04501	0.00725	0.94773
1235 T	0.04500	0.00723	0.94777
1236 T	0.04497	0.00724	0.94779
1237 C	0.04489	0.00730	0.94781
1238 C	0.04481	0.00736	0.94783
1239 T	0.04477	0.00741	0.94782
1240 C	0.04462	0.00760	0.94778
1241 A	0.04445	0.00788	0.94767
1242 G	0.04435	0.00810	0.94755
1243 T	0.04444	0.00809	0.94748
1244 G	0.04448	0.00809	0.94743
1245 G	0.04490	0.00776	0.94734
1246 T	0.04648	0.00624	0.94728
1247 T	0.04797	0.00486	0.94717
1248 T	0.04852	0.00486	0.94662
1249 T	0.04820	0.00773	0.94408
1250 T	0.04741	0.01420	0.93838
1251 A	0.04639	0.02639	0.92723
1252 A	0.04568	0.03781	0.91652
1253 A	0.04524	0.04478	0.90998
1254 T	0.04502	0.04740	0.90758
1255 A	0.04438	0.05013	0.90549
1256 T	0.04163	0.05466	0.90372
1257 T	0.03698	0.06061	0.90242
1258 G	0.02949	0.06910	0.90142
1259 A	0.02307	0.07703	0.89989
1260 A	0.02040	0.08037	0.89924
1261 A	0.01958	0.08141	0.899
1262 A	0.01924	0.08185	0.89891
1263 A	0.01908	0.08199	0.89893
1264 A	0.01903	0.08195	0.89901
1265 T	0.01906	0.08189	0.89906
1266 T	0.01879	0.08248	0.89873
1267 A	0.01829	0.08336	0.89835
1268 A	0.01806	0.08370	0.89824
1269 A	0.01795	0.08371	0.89834
1270 G	0.01798	0.08342	0.89859
1271 A	0.01874	0.08236	0.8989
1272 A	0.02190	0.07850	0.89959
1273 C	0.02877	0.07068	0.90056
1274 A	0.03960	0.05940	0.901
1275 A	0.05057	0.04798	0.90146
1276 T	0.05743	0.04040	0.90216
1277 T	0.05977	0.03754	0.90269
1278 A	0.06098	0.03584	0.90319
1279 T	0.06253	0.03026	0.90721
1280 T	0.06268	0.02536	0.91196
1281 A	0.06164	0.02021	0.91815
1282 T	0.06169	0.01537	0.92294
1283 T	0.06065	0.01661	0.92274
1284 T	0.05703	0.02400	0.91896
1285 G	0.05088	0.03333	0.91579
1286 A	0.04801	0.03885	0.91314
1287 A	0.04707	0.04114	0.91179
1288 A	0.04690	0.04237	0.91073
1289 T	0.04726	0.04225	0.91049
1290 T	0.04757	0.04248	0.90995
1291 A	0.04748	0.04425	0.90826
1292 A	0.04721	0.04462	0.90816
1293 A	0.04653	0.04530	0.90817
1294 A	0.04610	0.04576	0.90815
1295 A	0.04509	0.04680	0.9081
1296 C	0.04490	0.04697	0.90814
1297 A	0.04506	0.04728	0.90766
1298 T	0.04535	0.04759	0.90705
1299 T	0.04541	0.04850	0.90609
1300 A	0.04524	0.04995	0.90481
1301 A	0.04518	0.05088	0.90394
1302 A	0.04535	0.05059	0.90407
1303 T	0.04578	0.04869	0.90553
1304 G	0.04622	0.04591	0.90787
1305 G	0.04759	0.04242	0.90998
1306 G	0.05084	0.03721	0.91195
1307 T	0.05585	0.02909	0.91506
1308 T	0.05850	0.02213	0.91938
1309 C	0.05993	0.01863	0.92144
1310 C	0.06051	0.01767	0.92182
1311 T	0.06119	0.01742	0.92139
1312 C	0.06085	0.01877	0.92038
1313 A	0.06059	0.02051	0.9189
1314 A	0.06138	0.02075	0.91787
1315 T	0.06131	0.02145	0.91724
1316 G	0.06022	0.02216	0.91761
1317 G	0.05868	0.02396	0.91736
1318 G	0.05754	0.02435	0.9181
1319 G	0.05678	0.02551	0.91771
1320 C	0.05657	0.02660	0.91683
1321 A	0.05632	0.02909	0.91459
1322 A	0.05706	0.02960	0.91334
1323 A	0.05799	0.02939	0.91262
1324 A	0.05855	0.02923	0.91222
1325 T	0.05867	0.02953	0.91181
1326 T	0.05753	0.03178	0.91068
1327 A	0.05468	0.03819	0.90713
1328 A	0.05240	0.04147	0.90614
