# lcl|CP097583.1_cds_USQ93579.1_1
# AA	inside	membr	outside
1 A	0.36772	0.00000	0.63228
2 T	0.36750	0.00022	0.63228
3 G	0.36742	0.00030	0.63228
4 G	0.36742	0.01802	0.61456
5 A	0.36706	0.03300	0.59994
6 A	0.36706	0.03424	0.59871
7 A	0.36678	0.03474	0.59849
8 T	0.36678	0.03474	0.59848
9 A	0.36665	0.03493	0.59842
10 T	0.36665	0.03768	0.59567
11 T	0.36658	0.03813	0.5953
12 T	0.36461	0.04044	0.59495
13 G	0.35876	0.04843	0.59281
14 A	0.35876	0.04843	0.59281
15 T	0.35876	0.06794	0.5733
16 T	0.35789	0.06881	0.5733
17 T	0.35494	0.07260	0.57246
18 A	0.35455	0.07660	0.56885
19 T	0.34367	0.08944	0.5669
20 A	0.24814	0.24633	0.50553
21 T	0.17184	0.32265	0.50552
22 A	0.16610	0.32846	0.50545
23 A	0.16374	0.33081	0.50545
24 T	0.16768	0.32683	0.50548
25 C	0.16864	0.32559	0.50578
26 C	0.16897	0.32542	0.50561
27 T	0.18094	0.31364	0.50542
28 T	0.18675	0.30793	0.50532
29 T	0.16661	0.32839	0.505
30 A	0.12847	0.36672	0.50481
31 C	0.10211	0.39312	0.50478
32 A	0.08281	0.41255	0.50464
33 A	0.06787	0.42758	0.50455
34 A	0.05378	0.44186	0.50435
35 A	0.04772	0.44674	0.50554
36 G	0.04220	0.44890	0.5089
37 A	0.03840	0.45237	0.50923
38 A	0.04938	0.44046	0.51016
39 A	0.04752	0.43967	0.51281
40 A	0.04993	0.43037	0.51969
41 A	0.05364	0.41949	0.52687
42 A	0.05609	0.40098	0.54293
43 T	0.10912	0.26132	0.62955
44 T	0.10432	0.20492	0.69075
45 A	0.10084	0.20269	0.69646
46 C	0.09644	0.20356	0.7
47 A	0.08591	0.22539	0.6887
48 G	0.08436	0.23090	0.68475
49 A	0.08037	0.23627	0.68335
50 T	0.07992	0.23642	0.68366
51 A	0.07815	0.23966	0.68218
52 T	0.07793	0.21911	0.70295
53 T	0.07671	0.18348	0.73981
54 G	0.06519	0.17124	0.76358
55 G	0.05605	0.17173	0.77222
56 A	0.05565	0.16644	0.77791
57 T	0.05570	0.16602	0.77829
58 A	0.05500	0.17462	0.77038
59 T	0.05491	0.17044	0.77465
60 A	0.05451	0.17300	0.77248
61 G	0.05408	0.17934	0.76658
62 A	0.05236	0.20376	0.74389
63 A	0.04654	0.21524	0.73821
64 G	0.04622	0.21450	0.73928
65 G	0.04606	0.21531	0.73863
66 T	0.04639	0.22107	0.73255
67 A	0.04585	0.22851	0.72564
68 A	0.04588	0.23865	0.71547
69 A	0.04856	0.24010	0.71135
70 G	0.05984	0.22487	0.71529
71 T	0.06666	0.22800	0.70534
72 A	0.07000	0.24187	0.68814
73 A	0.07337	0.25508	0.67156
74 T	0.07919	0.25589	0.66493
75 T	0.08422	0.25198	0.6638
76 A	0.08055	0.25437	0.66508
77 A	0.07944	0.24667	0.67388
78 T	0.08452	0.23368	0.6818
79 C	0.08510	0.23218	0.68273
80 C	0.08979	0.22759	0.68262
81 A	0.09777	0.22183	0.6804
82 A	0.09991	0.22138	0.67871
83 A	0.10582	0.21727	0.67691
84 A	0.11279	0.21223	0.67498
85 T	0.13419	0.19076	0.67505
86 T	0.13287	0.18827	0.67886
87 A	0.12042	0.20037	0.6792
88 G	0.11311	0.20663	0.68026
89 A	0.10050	0.21867	0.68083
90 A	0.09704	0.22088	0.68209
91 C	0.10017	0.21656	0.68327
92 C	0.10461	0.21207	0.68332
93 G	0.10925	0.20765	0.6831
94 A	0.12006	0.19708	0.68286
95 A	0.13859	0.17871	0.6827
96 T	0.15480	0.16249	0.6827
97 A	0.16144	0.15553	0.68302
98 T	0.16312	0.15001	0.68687
99 A	0.15922	0.14618	0.6946
100 T	0.15573	0.14200	0.70226
101 C	0.14658	0.14615	0.70727
102 T	0.13739	0.15354	0.70907
103 A	0.11432	0.17534	0.71034
104 A	0.10522	0.18209	0.71269
105 A	0.09757	0.18769	0.71474
106 G	0.09094	0.19262	0.71644
107 A	0.08454	0.19256	0.7229
108 T	0.08157	0.18976	0.72867
109 G	0.07866	0.18360	0.73774
110 A	0.07492	0.17739	0.7477
111 A	0.07216	0.17014	0.7577
112 T	0.07129	0.15348	0.77523
113 T	0.06993	0.14421	0.78587
114 A	0.06466	0.14088	0.79446
115 C	0.06112	0.13752	0.80136
116 T	0.05852	0.13900	0.80247
117 T	0.05458	0.14295	0.80246
118 A	0.04971	0.14799	0.8023
119 A	0.04631	0.15110	0.8026
120 G	0.04480	0.15106	0.80414
121 A	0.04404	0.14765	0.8083
122 T	0.04393	0.13937	0.8167
123 G	0.04340	0.13263	0.82397
124 T	0.04320	0.12477	0.83204
125 A	0.04241	0.12047	0.83713
126 T	0.04172	0.10677	0.85151
127 A	0.04058	0.10227	0.85715
128 A	0.04001	0.09594	0.86404
129 A	0.03979	0.08848	0.87172
130 A	0.04041	0.07952	0.88007
131 T	0.04136	0.07273	0.88591
132 A	0.04210	0.06747	0.89043
133 A	0.04384	0.06132	0.89484
134 T	0.04441	0.05663	0.89896
135 G	0.04462	0.05425	0.90114
136 A	0.04520	0.05149	0.9033
137 T	0.04659	0.04418	0.90923
138 T	0.04698	0.03976	0.91327
139 T	0.04709	0.03747	0.91544
140 T	0.04685	0.03692	0.91623
141 A	0.04562	0.03827	0.91611
142 T	0.04540	0.03771	0.91689
143 G	0.04427	0.03902	0.91671
144 T	0.04413	0.04064	0.91523
145 A	0.04373	0.04237	0.9139
146 G	0.04419	0.04183	0.91398
147 A	0.04534	0.04092	0.91375
148 A	0.04811	0.03724	0.91464
149 T	0.05292	0.03139	0.9157
150 T	0.05583	0.02736	0.9168
151 T	0.05647	0.02618	0.91735
152 C	0.05585	0.02647	0.91768
153 T	0.05569	0.02677	0.91754
154 G	0.05497	0.02772	0.9173
155 A	0.05427	0.02887	0.91686
156 T	0.05428	0.02914	0.91659
157 A	0.05389	0.03006	0.91604
158 T	0.05358	0.03043	0.91599
159 A	0.05280	0.03140	0.91581
160 A	0.05225	0.03182	0.91594
161 A	0.05148	0.03210	0.91642
162 A	0.05194	0.03094	0.91712
163 G	0.05457	0.02702	0.9184
164 C	0.05856	0.02140	0.92003
165 T	0.06096	0.01865	0.92039
166 G	0.06132	0.01788	0.9208
167 T	0.06203	0.01727	0.9207
168 T	0.05980	0.01993	0.92028
169 C	0.05440	0.02585	0.91975
170 A	0.05089	0.03136	0.91776
171 A	0.05002	0.03246	0.91753
172 T	0.04967	0.03288	0.91745
173 A	0.04876	0.03384	0.9174
174 T	0.04853	0.03389	0.91758
175 C	0.04801	0.03325	0.91874
176 A	0.04744	0.03350	0.91907
177 A	0.04734	0.03283	0.91983
178 C	0.04754	0.03179	0.92068
179 G	0.04761	0.03149	0.9209
180 T	0.04775	0.03109	0.92116
181 C	0.04731	0.03075	0.92194
182 A	0.04684	0.03080	0.92236
183 A	0.04619	0.03105	0.92276
184 G	0.04563	0.03047	0.9239
185 G	0.04540	0.03016	0.92444
186 A	0.04517	0.03020	0.92463
187 A	0.04518	0.02926	0.92556
188 G	0.04532	0.02803	0.92665
189 A	0.04571	0.02627	0.92802
190 A	0.04643	0.02381	0.92977
191 T	0.04728	0.01907	0.93365
192 G	0.04790	0.01324	0.93886
193 C	0.04959	0.00795	0.94246
194 T	0.04989	0.00699	0.94312
195 T	0.05000	0.00646	0.94353
196 T	0.05005	0.00589	0.94406
197 C	0.05001	0.00562	0.94437
198 T	0.04999	0.00548	0.94453
199 T	0.04989	0.00503	0.94508
200 A	0.04917	0.00556	0.94527
201 T	0.04873	0.00586	0.94541
202 G	0.04851	0.00616	0.94534
203 T	0.04835	0.00591	0.94574
204 T	0.04803	0.00573	0.94624
205 A	0.04753	0.00597	0.94649
206 T	0.04736	0.00582	0.94682
207 T	0.04708	0.00566	0.94727
208 A	0.04641	0.00622	0.94736
209 A	0.04577	0.00668	0.94755
210 T	0.04544	0.00693	0.94763
211 C	0.04477	0.00757	0.94765
212 A	0.04296	0.00948	0.94756
213 A	0.04199	0.01046	0.94756
214 G	0.04165	0.01079	0.94756
215 G	0.04144	0.01100	0.94756
216 G	0.04127	0.01119	0.94754
217 C	0.04124	0.01123	0.94753
218 A	0.04123	0.01138	0.94738
219 T	0.04125	0.01145	0.9473
220 G	0.04125	0.01144	0.94731
221 A	0.04127	0.01139	0.94734
222 A	0.04132	0.01125	0.94743
223 G	0.04142	0.01021	0.94836
224 C	0.04160	0.00942	0.94899
225 T	0.04192	0.00886	0.94922
226 G	0.04202	0.00861	0.94937
227 G	0.04213	0.00828	0.94958
228 A	0.04238	0.00774	0.94987
229 C	0.04263	0.00727	0.9501
230 A	0.04270	0.00689	0.95041
231 A	0.04282	0.00613	0.95106
232 G	0.04290	0.00532	0.95178
233 T	0.04298	0.00490	0.95212
234 T	0.04302	0.00441	0.95257
235 G	0.04305	0.00261	0.95434
236 G	0.04304	0.00176	0.9552
237 A	0.04305	0.00149	0.95546
238 A	0.04306	0.00126	0.95568
239 C	0.04310	0.00103	0.95586
240 C	0.04315	0.00096	0.95588
241 G	0.04325	0.00087	0.95587
242 C	0.04329	0.00083	0.95588
243 T	0.04325	0.00087	0.95588
244 T	0.04314	0.00098	0.95588
245 C	0.04291	0.00121	0.95587
246 C	0.04269	0.00144	0.95588
247 G	0.04251	0.00164	0.95586
248 C	0.04236	0.00184	0.9558
249 A	0.04225	0.00197	0.95577
250 T	0.04225	0.00200	0.95575
251 T	0.04218	0.00207	0.95575
252 A	0.04207	0.00217	0.95576
253 C	0.04204	0.00218	0.95577
254 A	0.04203	0.00217	0.9558
255 A	0.04204	0.00213	0.95584
256 C	0.04207	0.00206	0.95587
257 C	0.04210	0.00201	0.95589
258 C	0.04196	0.00214	0.9559
259 C	0.04181	0.00228	0.95591
260 A	0.04171	0.00238	0.95591
261 G	0.04164	0.00244	0.95591
262 G	0.04161	0.00247	0.95592
263 A	0.04159	0.00248	0.95593
264 T	0.04159	0.00241	0.956
265 T	0.04153	0.00229	0.95617
266 G	0.04144	0.00226	0.9563
267 G	0.04137	0.00220	0.95643
268 A	0.04134	0.00205	0.95661
269 T	0.04132	0.00185	0.95683
270 A	0.04129	0.00172	0.957
271 T	0.04132	0.00149	0.95718
272 C	0.04131	0.00134	0.95735
273 T	0.04129	0.00132	0.95738
274 C	0.04125	0.00132	0.95743
275 C	0.04122	0.00133	0.95746
276 T	0.04120	0.00135	0.95745
277 T	0.04116	0.00140	0.95744
278 A	0.04109	0.00148	0.95742
279 T	0.04106	0.00152	0.95742
280 T	0.04101	0.00154	0.95746
281 T	0.04087	0.00151	0.95762
282 T	0.04066	0.00156	0.95778
283 A	0.04016	0.00197	0.95787
284 G	0.04000	0.00206	0.95794
285 A	0.03996	0.00207	0.95797
286 G	0.03994	0.00205	0.95802
287 A	0.03994	0.00203	0.95804
288 T	0.03995	0.00196	0.95809
289 A	0.03995	0.00190	0.95814
290 T	0.03997	0.00182	0.95821
291 A	0.03997	0.00181	0.95823
292 G	0.03996	0.00178	0.95826
293 G	0.03996	0.00173	0.95831
294 T	0.03997	0.00170	0.95832
295 T	0.03997	0.00169	0.95834
296 T	0.03998	0.00169	0.95833
297 A	0.03997	0.00169	0.95834
298 T	0.03998	0.00166	0.95836
299 A	0.03995	0.00168	0.95836
300 T	0.03992	0.00169	0.9584
301 T	0.03980	0.00174	0.95845
302 T	0.03959	0.00206	0.95835
303 A	0.03884	0.00283	0.95833
304 T	0.03777	0.00384	0.95838
305 A	0.03625	0.00519	0.95856
306 T	0.03502	0.00602	0.95896
307 C	0.03303	0.00790	0.95907
308 G	0.03129	0.00967	0.95905
309 C	0.03031	0.01069	0.959
310 G	0.02925	0.01196	0.9588
311 A	0.02878	0.01245	0.95877
312 T	0.02869	0.01255	0.95877
313 A	0.02856	0.01267	0.95877
314 T	0.02849	0.01273	0.95878
315 C	0.02841	0.01279	0.95879
316 C	0.02836	0.01284	0.9588
317 C	0.02821	0.01300	0.9588
318 A	0.02810	0.01310	0.9588
319 T	0.02803	0.01318	0.95879
320 T	0.02780	0.01342	0.95878
321 A	0.02721	0.01401	0.95877
322 G	0.02685	0.01434	0.95882
323 A	0.02679	0.01427	0.95894
324 A	0.02679	0.01403	0.95919
325 A	0.02693	0.01353	0.95955
326 A	0.02703	0.01255	0.96041
327 T	0.02714	0.01115	0.96171
328 A	0.02711	0.00969	0.9632
329 T	0.02712	0.00834	0.96454
330 A	0.02712	0.00667	0.96621
331 T	0.02715	0.00510	0.96776
332 A	0.02713	0.00428	0.96859
333 T	0.02726	0.00307	0.96968
334 C	0.02719	0.00267	0.97015
335 T	0.02710	0.00276	0.97014
336 T	0.02696	0.00312	0.96992
337 T	0.02664	0.00375	0.9696
338 A	0.02621	0.00433	0.96946
339 T	0.02604	0.00454	0.96942
340 T	0.02593	0.00450	0.96956
341 G	0.02580	0.00441	0.96979
342 G	0.02573	0.00432	0.96995
343 T	0.02570	0.00414	0.97017
344 T	0.02562	0.00385	0.97053
345 C	0.02491	0.00446	0.97063
346 G	0.02449	0.00510	0.9704
347 G	0.02433	0.00579	0.96988
348 T	0.02423	0.00646	0.96931
349 A	0.02394	0.00765	0.96841
350 A	0.02382	0.00813	0.96805
351 T	0.02379	0.00829	0.96792
352 G	0.02372	0.00862	0.96765
353 A	0.02366	0.00886	0.96748
354 A	0.02364	0.00902	0.96734
355 A	0.02363	0.00912	0.96725
356 A	0.02363	0.00928	0.96709
357 A	0.02356	0.00945	0.96698
358 G	0.02359	0.00930	0.96712
359 G	0.02386	0.00890	0.96724
360 T	0.02425	0.00829	0.96747
361 T	0.02435	0.00812	0.96753
362 C	0.02431	0.00824	0.96744
363 T	0.02428	0.00916	0.96655
364 A	0.02414	0.01009	0.96577
365 A	0.02384	0.01071	0.96546
366 A	0.02363	0.01103	0.96534
367 A	0.02363	0.01103	0.96534
368 T	0.02379	0.01017	0.96604
369 G	0.02395	0.00959	0.96646
370 G	0.02444	0.00893	0.96662
371 A	0.02498	0.00830	0.96672
372 T	0.02585	0.00716	0.96699
373 C	0.02609	0.00682	0.9671
374 C	0.02621	0.00669	0.9671
375 T	0.02626	0.00675	0.967
376 A	0.02575	0.00748	0.96678
377 A	0.02544	0.00794	0.96662
378 A	0.02508	0.00831	0.9666
379 A	0.02503	0.00834	0.96662
380 A	0.02515	0.00806	0.9668
381 A	0.02518	0.00781	0.96701
382 C	0.02538	0.00744	0.96718
383 G	0.02565	0.00713	0.96721
384 T	0.02629	0.00647	0.96725
385 A	0.02656	0.00616	0.96728
386 T	0.02743	0.00521	0.96736
387 T	0.02790	0.00464	0.96746
388 T	0.02803	0.00415	0.96782
389 T	0.02798	0.00394	0.96809
390 A	0.02777	0.00400	0.96822
391 C	0.02774	0.00392	0.96834
392 C	0.02772	0.00388	0.9684
393 T	0.02771	0.00389	0.96839
394 G	0.02768	0.00397	0.96835
395 T	0.02773	0.00396	0.96831
396 T	0.02755	0.00420	0.96825
397 A	0.02731	0.00448	0.9682
398 A	0.02728	0.00432	0.96839
399 T	0.02743	0.00356	0.96901
400 A	0.02742	0.00319	0.96938
401 T	0.02739	0.00275	0.96986
402 T	0.02720	0.00275	0.97005
403 A	0.02691	0.00297	0.97012
404 T	0.02665	0.00313	0.97022
405 A	0.02597	0.00381	0.97022
406 A	0.02550	0.00426	0.97024
407 T	0.02529	0.00446	0.97026
408 A	0.02492	0.00494	0.97015
409 G	0.02482	0.00498	0.9702
410 G	0.02471	0.00503	0.97026
411 T	0.02461	0.00509	0.97029
412 T	0.02449	0.00520	0.97032
413 C	0.02432	0.00532	0.97036
414 G	0.02382	0.00598	0.97021
415 A	0.02363	0.00632	0.97004
416 G	0.02354	0.00650	0.96996
417 T	0.02354	0.00658	0.96988
418 A	0.02351	0.00679	0.9697
419 T	0.02354	0.00661	0.96985
420 T	0.02350	0.00646	0.97004
421 A	0.02341	0.00649	0.9701
422 A	0.02335	0.00651	0.97014
423 T	0.02327	0.00649	0.97024
424 A	0.02315	0.00659	0.97026
425 T	0.02310	0.00640	0.9705
426 A	0.02290	0.00637	0.97072
427 G	0.02284	0.00615	0.97101
428 G	0.02283	0.00561	0.97156
429 A	0.02279	0.00528	0.97193
430 A	0.02276	0.00510	0.97215
431 C	0.02288	0.00461	0.97251
432 A	0.02290	0.00459	0.97251
433 G	0.02299	0.00440	0.97261
434 G	0.02313	0.00419	0.97269
435 T	0.02330	0.00394	0.97276
436 T	0.02342	0.00370	0.97288
437 T	0.02355	0.00308	0.97337
438 A	0.02362	0.00280	0.97358
439 G	0.02371	0.00257	0.97371
440 C	0.02380	0.00239	0.97381
441 T	0.02396	0.00226	0.97378
442 T	0.02391	0.00231	0.97378
443 T	0.02369	0.00253	0.97378
444 A	0.02301	0.00323	0.97376
445 G	0.02209	0.00420	0.97371
446 C	0.02194	0.00426	0.9738
447 T	0.02187	0.00489	0.97324
448 A	0.02158	0.00627	0.97215
449 G	0.02138	0.00729	0.97133
450 T	0.02121	0.00891	0.96988
451 A	0.02047	0.01154	0.96799
452 A	0.01996	0.01342	0.96661
453 A	0.01962	0.01396	0.96643
454 A	0.01957	0.01413	0.9663
455 T	0.01959	0.01413	0.96627
456 T	0.01948	0.01432	0.9662
457 C	0.01925	0.01464	0.96611
458 A	0.01909	0.01510	0.9658
459 A	0.01875	0.01567	0.96559
460 A	0.01862	0.01597	0.96542
461 A	0.01856	0.01610	0.96534
462 T	0.01854	0.01622	0.96524
463 A	0.01849	0.01634	0.96517
464 A	0.01851	0.01623	0.96526
465 A	0.01840	0.01616	0.96544
466 A	0.01838	0.01584	0.96578
467 A	0.01843	0.01510	0.96647
468 C	0.01851	0.01405	0.96744
469 G	0.01870	0.01374	0.96756
470 A	0.01945	0.01295	0.9676
471 A	0.02075	0.01153	0.96772
472 G	0.02182	0.01025	0.96793
473 T	0.02331	0.00864	0.96806
474 A	0.02478	0.00646	0.96875
475 A	0.02596	0.00472	0.96932
476 C	0.02631	0.00387	0.96982
477 T	0.02659	0.00358	0.96983
478 T	0.02671	0.00341	0.96988
479 T	0.02677	0.00329	0.96994
480 A	0.02668	0.00330	0.97002
481 G	0.02683	0.00302	0.97014
482 C	0.02697	0.00248	0.97055
483 T	0.02711	0.00225	0.97065
484 A	0.02714	0.00218	0.97068
485 C	0.02723	0.00207	0.9707
486 A	0.02732	0.00209	0.97059
487 A	0.02733	0.00220	0.97047
488 T	0.02736	0.00212	0.97052
489 T	0.02734	0.00221	0.97044
490 G	0.02725	0.00259	0.97016
491 G	0.02690	0.00290	0.9702
492 A	0.02666	0.00317	0.97017
493 G	0.02641	0.00348	0.97011
494 A	0.02623	0.00382	0.96996
495 C	0.02613	0.00393	0.96994
496 G	0.02606	0.00416	0.96977
497 G	0.02604	0.00433	0.96963
498 T	0.02603	0.00443	0.96953
499 G	0.02598	0.00451	0.96952
500 G	0.02601	0.00449	0.96951
501 A	0.02603	0.00447	0.96951
502 A	0.02606	0.00436	0.96957
503 C	0.02612	0.00413	0.96975
504 T	0.02615	0.00407	0.96978
505 G	0.02615	0.00407	0.96979
506 C	0.02618	0.00403	0.96979
507 A	0.02620	0.00403	0.96976
508 C	0.02624	0.00400	0.96976
509 A	0.02635	0.00392	0.96972
510 T	0.02653	0.00377	0.9697
511 G	0.02659	0.00377	0.96964
512 A	0.02671	0.00367	0.96962
513 A	0.02699	0.00333	0.96968
514 G	0.02710	0.00283	0.97006
515 A	0.02724	0.00247	0.97029
516 A	0.02750	0.00192	0.97058
517 T	0.02778	0.00136	0.97086
518 T	0.02786	0.00113	0.97101
519 T	0.02795	0.00097	0.97108
520 T	0.02801	0.00086	0.97113
521 A	0.02804	0.00080	0.97116
522 T	0.02806	0.00072	0.97122
523 G	0.02806	0.00068	0.97126
524 C	0.02808	0.00065	0.97127
525 A	0.02809	0.00066	0.97125
526 G	0.02810	0.00067	0.97123
527 G	0.02812	0.00067	0.97122
528 T	0.02817	0.00065	0.97118
529 T	0.02820	0.00069	0.97111
530 T	0.02822	0.00077	0.97102
531 A	0.02823	0.00097	0.9708
532 A	0.02826	0.00108	0.97066
533 A	0.02829	0.00110	0.97061
534 T	0.02836	0.00104	0.9706
535 T	0.02842	0.00097	0.97061
536 T	0.02844	0.00095	0.97061
537 T	0.02845	0.00094	0.97061
538 G	0.02845	0.00094	0.97061
539 C	0.02845	0.00095	0.97061
540 T	0.02842	0.00097	0.97061
541 T	0.02839	0.00100	0.97061
542 C	0.02828	0.00111	0.97061
543 C	0.02821	0.00120	0.97059
544 G	0.02817	0.00129	0.97055
545 T	0.02815	0.00133	0.97052
546 A	0.02814	0.00136	0.9705
547 T	0.02814	0.00136	0.9705
548 A	0.02814	0.00136	0.9705
549 T	0.02816	0.00134	0.9705
550 C	0.02815	0.00134	0.97051
551 A	0.02819	0.00130	0.97051
552 A	0.02825	0.00124	0.97051
553 G	0.02837	0.00112	0.97051
554 C	0.02858	0.00090	0.97052
555 T	0.02874	0.00074	0.97052
556 C	0.02879	0.00069	0.97052
557 C	0.02881	0.00067	0.97052
558 T	0.02882	0.00068	0.9705
559 T	0.02880	0.00074	0.97046
560 T	0.02877	0.00079	0.97044
561 A	0.02875	0.00086	0.9704
562 G	0.02873	0.00091	0.97036
563 T	0.02873	0.00097	0.9703
564 A	0.02871	0.00100	0.9703
565 G	0.02870	0.00098	0.97032
566 T	0.02872	0.00099	0.97029
567 T	0.02873	0.00112	0.97015
568 G	0.02874	0.00147	0.96979
569 T	0.02874	0.00178	0.96948
570 T	0.02874	0.00187	0.96939
571 A	0.02873	0.00197	0.9693
572 T	0.02873	0.00200	0.96927
573 T	0.02869	0.00205	0.96926
574 C	0.02865	0.00213	0.96921
575 A	0.02862	0.00235	0.96904
576 A	0.02859	0.00256	0.96886
577 A	0.02857	0.00276	0.96866
578 A	0.02857	0.00286	0.96856
579 T	0.02858	0.00287	0.96855
580 A	0.02858	0.00289	0.96853
581 A	0.02860	0.00286	0.96854
582 T	0.02864	0.00279	0.96857
583 C	0.02866	0.00277	0.96857
584 A	0.02869	0.00288	0.96843
585 A	0.02872	0.00304	0.96824
586 T	0.02884	0.00297	0.96818
587 A	0.02883	0.00307	0.9681
588 T	0.02892	0.00307	0.96801
589 G	0.02892	0.00312	0.96795
590 C	0.02906	0.00304	0.9679
591 T	0.02937	0.00307	0.96756
592 A	0.02959	0.00294	0.96748
593 T	0.02970	0.00285	0.96745
594 T	0.02980	0.00278	0.96741
595 T	0.02984	0.00275	0.96742
596 C	0.02984	0.00271	0.96745
597 A	0.02984	0.00268	0.96747
598 A	0.02994	0.00257	0.96749
599 C	0.03008	0.00240	0.96752
600 T	0.03023	0.00225	0.96752
601 C	0.03028	0.00220	0.96752
602 C	0.03029	0.00219	0.96751
603 T	0.03031	0.00221	0.96749
604 A	0.03030	0.00229	0.9674
605 G	0.03030	0.00239	0.96731
606 A	0.03029	0.00258	0.96713
607 A	0.03043	0.00266	0.96691
608 A	0.03062	0.00252	0.96687
609 A	0.03074	0.00238	0.96688
610 A	0.03090	0.00210	0.96699
611 T	0.03111	0.00181	0.96709
612 T	0.03121	0.00161	0.96718
613 G	0.03128	0.00149	0.96723
614 C	0.03152	0.00122	0.96726
615 T	0.03160	0.00113	0.96727
616 T	0.03162	0.00112	0.96726
617 C	0.03164	0.00113	0.96724
618 T	0.03164	0.00131	0.96705
619 A	0.03162	0.00142	0.96696
620 A	0.03156	0.00159	0.96685
621 T	0.03152	0.00175	0.96673
622 T	0.03149	0.00199	0.96652
623 C	0.03143	0.00215	0.96641
624 T	0.03138	0.00248	0.96614
625 G	0.03124	0.00271	0.96605
626 A	0.03118	0.00286	0.96596
627 A	0.03114	0.00296	0.9659
628 A	0.03123	0.00294	0.96583
629 C	0.03141	0.00276	0.96584
630 T	0.03163	0.00261	0.96577
631 T	0.03169	0.00256	0.96575
632 T	0.03170	0.00257	0.96574
633 A	0.03165	0.00261	0.96574
634 G	0.03163	0.00263	0.96573
635 C	0.03163	0.00264	0.96573
636 T	0.03160	0.00267	0.96572
637 C	0.03156	0.00273	0.96571
638 A	0.03154	0.00278	0.96568
639 A	0.03155	0.00278	0.96567
640 A	0.03158	0.00275	0.96567
641 A	0.03173	0.00260	0.96568
642 A	0.03185	0.00246	0.9657
643 G	0.03204	0.00216	0.9658
644 C	0.03232	0.00179	0.96589
645 T	0.03263	0.00146	0.96591
646 T	0.03277	0.00128	0.96595
647 A	0.03288	0.00114	0.96598
648 T	0.03295	0.00097	0.96607
649 G	0.03300	0.00087	0.96614
650 C	0.03307	0.00067	0.96626
651 T	0.03315	0.00059	0.96626
652 T	0.03319	0.00057	0.96624
653 T	0.03321	0.00059	0.96619
654 T	0.03318	0.00068	0.96613
655 G	0.03309	0.00091	0.966
656 G	0.03305	0.00100	0.96595
657 T	0.03303	0.00104	0.96592
658 A	0.03300	0.00108	0.96592
659 T	0.03300	0.00107	0.96593
660 T	0.03292	0.00113	0.96595
661 C	0.03263	0.00146	0.96591
662 C	0.03251	0.00182	0.96567
663 A	0.03241	0.00289	0.96469
664 G	0.03236	0.00396	0.96367
665 G	0.03235	0.00458	0.96307
666 A	0.03235	0.00477	0.96289
667 A	0.03233	0.00488	0.96278
668 T	0.03236	0.00489	0.96275
669 T	0.03235	0.00493	0.96272
670 C	0.03233	0.00497	0.9627
671 A	0.03230	0.00508	0.96262
672 A	0.03229	0.00519	0.96253
673 G	0.03229	0.00529	0.96242
674 T	0.03233	0.00542	0.96224
675 A	0.03236	0.00572	0.96192
676 G	0.03240	0.00578	0.96182
677 A	0.03245	0.00577	0.96177
678 T	0.03258	0.00565	0.96177
679 G	0.03263	0.00573	0.96165
680 G	0.03267	0.00568	0.96165
681 A	0.03270	0.00567	0.96163
682 A	0.03275	0.00560	0.96164
683 A	0.03288	0.00538	0.96174
684 C	0.03314	0.00485	0.96202
685 G	0.03348	0.00447	0.96205
686 A	0.03439	0.00356	0.96205
687 T	0.03537	0.00265	0.96198
688 G	0.03577	0.00234	0.9619
689 T	0.03596	0.00221	0.96183
690 T	0.03605	0.00219	0.96176
691 T	0.03606	0.00219	0.96175
692 T	0.03595	0.00234	0.96172
693 A	0.03585	0.00251	0.96164
694 G	0.03584	0.00260	0.96156
695 C	0.03591	0.00273	0.96135
696 A	0.03601	0.00270	0.96129
697 G	0.03619	0.00255	0.96127
698 T	0.03650	0.00226	0.96124
699 T	0.03659	0.00220	0.96122
700 C	0.03661	0.00219	0.9612
701 A	0.03667	0.00214	0.9612
702 T	0.03680	0.00199	0.9612
703 G	0.03682	0.00197	0.96121
704 T	0.03689	0.00190	0.96121
705 C	0.03691	0.00189	0.9612
706 G	0.03690	0.00195	0.96115
707 C	0.03690	0.00203	0.96106
708 T	0.03696	0.00231	0.96073
709 G	0.03700	0.00270	0.96031
710 T	0.03710	0.00290	0.96
711 T	0.03718	0.00291	0.95991
712 A	0.03721	0.00304	0.95975
713 A	0.03728	0.00300	0.95972
714 G	0.03731	0.00295	0.95974
715 C	0.03736	0.00281	0.95983
716 A	0.03744	0.00303	0.95953
717 A	0.03757	0.00314	0.95929
718 T	0.03783	0.00335	0.95882
719 T	0.03785	0.00347	0.95868
720 T	0.03766	0.00381	0.95852
721 G	0.03712	0.00464	0.95824
722 T	0.03659	0.00585	0.95756
723 C	0.03560	0.00825	0.95616
724 G	0.03441	0.01461	0.95098
725 A	0.03361	0.01888	0.94751
726 A	0.03328	0.02253	0.94419
727 A	0.03315	0.02314	0.9437
728 G	0.03313	0.02332	0.94355
729 A	0.03322	0.02324	0.94353
730 G	0.03338	0.02310	0.94352
731 C	0.03373	0.02276	0.94351
732 T	0.03411	0.02238	0.94351
733 C	0.03427	0.02223	0.9435
734 G	0.03432	0.02227	0.94342
735 T	0.03444	0.02225	0.94331
736 C	0.03442	0.02237	0.94321
737 A	0.03438	0.02306	0.94257
738 A	0.03439	0.02390	0.94171
739 A	0.03463	0.02443	0.94094
740 A	0.03469	0.02533	0.93998
741 A	0.03472	0.02636	0.93893
742 A	0.03477	0.02677	0.93846
743 A	0.03493	0.02659	0.93849
744 A	0.03555	0.02533	0.93912
745 G	0.03682	0.02329	0.93989
746 G	0.03914	0.01993	0.94092
747 T	0.04425	0.01373	0.94201
748 C	0.04678	0.01061	0.94261
749 C	0.04912	0.00818	0.94271
750 T	0.04955	0.00788	0.94257
751 G	0.04958	0.00811	0.9423
752 G	0.04959	0.00827	0.94214
753 T	0.04962	0.00827	0.94211
754 T	0.04962	0.00833	0.94205
755 T	0.04961	0.00836	0.94202
756 G	0.04954	0.00846	0.942
757 C	0.04956	0.00846	0.94198
758 T	0.04946	0.00891	0.94163
759 A	0.04877	0.01019	0.94104
760 G	0.04911	0.01068	0.94022
761 A	0.04984	0.01164	0.93853
762 A	0.05058	0.01258	0.93684
763 A	0.05157	0.01247	0.93596
764 T	0.05272	0.01124	0.93603
765 T	0.05323	0.01107	0.9357
766 G	0.05340	0.01092	0.93568
767 T	0.05346	0.01092	0.93563
768 A	0.05345	0.01109	0.93546
769 A	0.05349	0.01126	0.93525
770 C	0.05362	0.01141	0.93497
771 T	0.05376	0.01148	0.93476
772 T	0.05384	0.01173	0.93442
773 A	0.05390	0.01193	0.93417
774 T	0.05405	0.01200	0.93395
775 C	0.05399	0.01253	0.93348
776 G	0.05393	0.01383	0.93223
777 T	0.05384	0.01637	0.9298
778 A	0.05336	0.02391	0.92272
779 T	0.05313	0.02729	0.91959
780 G	0.05153	0.03378	0.91469
781 G	0.05048	0.03719	0.91233
782 G	0.05041	0.03838	0.9112
783 A	0.05080	0.03842	0.91078
784 G	0.05227	0.03756	0.91017
785 C	0.05400	0.03695	0.90904
786 T	0.05498	0.04435	0.90067
787 C	0.05497	0.04605	0.89898
788 A	0.05504	0.04986	0.8951
789 T	0.05463	0.05227	0.89309
790 A	0.05349	0.05376	0.89274
791 C	0.05270	0.05475	0.89256
792 A	0.05209	0.05582	0.8921
793 A	0.05168	0.05661	0.89171
794 C	0.05166	0.05679	0.89154
795 T	0.05193	0.05720	0.89086
796 A	0.05162	0.05869	0.88969
797 A	0.05186	0.05890	0.88924
798 T	0.05261	0.05829	0.8891
799 G	0.05359	0.05759	0.88883
800 A	0.05597	0.05540	0.88863
801 T	0.06316	0.04795	0.88888
802 A	0.06587	0.04497	0.88916
803 A	0.06992	0.03954	0.89055
804 T	0.07209	0.03620	0.89171
805 A	0.07152	0.03654	0.89194
806 C	0.07167	0.03619	0.89213
807 A	0.07214	0.03672	0.89114
808 A	0.07384	0.03569	0.89046
809 T	0.08224	0.02779	0.88997
810 T	0.08429	0.02627	0.88943
811 T	0.08607	0.02611	0.88782
812 T	0.08401	0.03018	0.88581
813 A	0.08019	0.03382	0.88599
814 T	0.07920	0.03428	0.88652
815 A	0.07712	0.03643	0.88645
816 T	0.07701	0.03642	0.88658
817 C	0.07584	0.03746	0.8867
818 G	0.07508	0.03939	0.88552
819 T	0.07330	0.04208	0.88462
820 T	0.06881	0.04845	0.88274
821 C	0.05827	0.06170	0.88003
822 A	0.04936	0.08227	0.86837
823 A	0.04256	0.10126	0.85618
824 A	0.03795	0.11959	0.84246
825 A	0.03597	0.12721	0.83681
826 G	0.03492	0.13056	0.83452
827 A	0.03404	0.13528	0.83068
828 A	0.03319	0.13988	0.82693
829 G	0.03206	0.14600	0.82193
830 A	0.03160	0.15910	0.8093
831 A	0.03136	0.17441	0.79422
832 G	0.03145	0.17750	0.79106
833 A	0.03187	0.17878	0.78935
834 A	0.03333	0.17708	0.78959
835 G	0.03539	0.17218	0.79242
836 C	0.03631	0.17113	0.79256
837 A	0.03674	0.18883	0.77443
838 G	0.03756	0.19672	0.76572
839 A	0.03832	0.20279	0.75889
840 A	0.03780	0.20868	0.75352
841 T	0.03858	0.20870	0.75272
842 G	0.03924	0.20579	0.75497
843 G	0.04147	0.20361	0.75491
844 A	0.04441	0.20394	0.75165
845 A	0.05428	0.19332	0.75241
846 A	0.06561	0.17954	0.75485
847 T	0.08033	0.16345	0.75622
848 T	0.08521	0.15982	0.75496
849 A	0.08594	0.16177	0.75228
850 A	0.08827	0.16302	0.74871
851 A	0.09208	0.16372	0.74421
852 A	0.09686	0.15885	0.74429
853 G	0.10867	0.14567	0.74566
854 A	0.12230	0.13179	0.74591
855 T	0.12747	0.12589	0.74663
856 C	0.12775	0.12600	0.74624
857 C	0.12694	0.12842	0.74464
858 G	0.12768	0.13327	0.73906
859 A	0.13269	0.13250	0.7348
860 T	0.15337	0.11349	0.73315
861 T	0.16406	0.10306	0.73287
862 A	0.16977	0.09736	0.73287
863 T	0.17639	0.08880	0.73481
864 T	0.17839	0.08530	0.73631
865 C	0.17916	0.08383	0.73701
866 G	0.18295	0.08055	0.7365
867 T	0.19514	0.06849	0.73637
868 T	0.20073	0.06321	0.73606
869 T	0.20258	0.06195	0.73548
870 T	0.20029	0.06541	0.73431
871 C	0.18561	0.08278	0.7316
872 A	0.16740	0.11378	0.71882
873 A	0.15490	0.13870	0.7064
874 A	0.15293	0.14514	0.70194
875 A	0.15241	0.14730	0.70029
876 A	0.15334	0.14580	0.70086
877 T	0.15680	0.13932	0.70388
878 A	0.15709	0.13785	0.70506
879 T	0.15950	0.13267	0.70783
880 C	0.16112	0.12847	0.71041
881 T	0.16548	0.12394	0.71058
882 T	0.16704	0.12361	0.70935
883 T	0.16549	0.13075	0.70376
884 T	0.16313	0.14106	0.69582
885 A	0.14717	0.16985	0.68298
886 A	0.13275	0.19513	0.67211
887 A	0.11392	0.22121	0.66487
888 T	0.09271	0.24847	0.65882
889 A	0.07383	0.27613	0.65004
890 A	0.06397	0.29117	0.64486
891 A	0.05463	0.30688	0.63849
892 A	0.04421	0.31650	0.6393
893 A	0.03625	0.32145	0.6423
894 A	0.03836	0.30630	0.65534
895 A	0.05025	0.27952	0.67024
896 T	0.06221	0.25385	0.68394
897 T	0.06485	0.25036	0.68478
898 T	0.06424	0.25087	0.6849
899 T	0.06004	0.25726	0.6827
900 A	0.05165	0.26587	0.68248
901 A	0.04496	0.27110	0.68394
902 C	0.03983	0.27521	0.68496
903 A	0.03732	0.27779	0.6849
904 C	0.03639	0.27861	0.68499
905 A	0.03645	0.27859	0.68496
906 A	0.04032	0.27313	0.68655
907 G	0.04501	0.26742	0.68756
908 A	0.05472	0.24399	0.70128
909 C	0.06491	0.22157	0.71353
910 A	0.07240	0.19818	0.72942
911 T	0.07980	0.16622	0.75398
912 G	0.08322	0.15171	0.76506
913 A	0.08648	0.15125	0.76227
914 T	0.09136	0.15529	0.75336
915 A	0.08648	0.17392	0.73959
916 G	0.08308	0.18072	0.7362
917 A	0.07886	0.20792	0.71322
918 A	0.05987	0.25249	0.68764
919 G	0.04739	0.29734	0.65526
920 A	0.03670	0.39402	0.56928
921 A	0.03246	0.41814	0.5494
922 A	0.03002	0.43716	0.53282
923 T	0.02753	0.44157	0.5309
924 A	0.02210	0.45332	0.52457
925 G	0.01885	0.45863	0.52252
926 A	0.01632	0.46470	0.51897
927 A	0.01514	0.46780	0.51707
928 A	0.01372	0.47073	0.51556
929 A	0.01412	0.46925	0.51663
930 A	0.01478	0.46612	0.51911
931 G	0.01566	0.46174	0.52261
932 A	0.01669	0.46024	0.52307
933 A	0.02003	0.45649	0.52348
934 A	0.02275	0.45213	0.52512
935 C	0.02664	0.44044	0.53293
936 A	0.03554	0.43103	0.53343
937 G	0.05325	0.41283	0.53391
938 A	0.08183	0.38377	0.5344
939 A	0.09924	0.36604	0.53472
940 A	0.12579	0.33695	0.53726
941 A	0.15308	0.28722	0.5597
942 A	0.19216	0.23313	0.57471
943 T	0.28765	0.12437	0.58797
944 A	0.29937	0.12572	0.57492
945 T	0.31294	0.12911	0.55795
946 G	0.30299	0.15543	0.54158
947 T	0.29718	0.16015	0.54267
948 T	0.26004	0.19870	0.54125
949 A	0.14061	0.31960	0.5398
950 A	0.10824	0.35447	0.53729
951 C	0.08814	0.37429	0.53758
952 G	0.07961	0.38764	0.53275
953 A	0.07406	0.39610	0.52983
954 A	0.07145	0.39877	0.52977
955 G	0.07067	0.39953	0.5298
956 T	0.07161	0.39858	0.52982
957 A	0.06997	0.39988	0.53015
958 C	0.06974	0.39967	0.5306
959 A	0.07036	0.39966	0.52997
960 T	0.07217	0.39828	0.52955
961 G	0.07151	0.40017	0.52832
962 A	0.07231	0.40026	0.52743
963 A	0.07260	0.40053	0.52688
964 A	0.07438	0.39819	0.52744
965 A	0.07669	0.39443	0.52888
966 A	0.08250	0.38465	0.53285
967 A	0.10369	0.34543	0.55088
968 T	0.12981	0.29961	0.57058
969 T	0.14707	0.26008	0.59285
970 A	0.14943	0.24109	0.60948
971 T	0.15254	0.19326	0.6542
972 G	0.15430	0.08724	0.75846
973 T	0.15795	0.05691	0.78514
974 C	0.15882	0.04543	0.79575
975 T	0.16291	0.05571	0.78138
976 T	0.16422	0.06587	0.76991
977 A	0.16266	0.07628	0.76106
978 T	0.15777	0.08953	0.7527
979 G	0.13430	0.12372	0.74198
980 G	0.12128	0.15858	0.72014
981 A	0.11155	0.25441	0.63403
982 A	0.10841	0.28833	0.60326
983 G	0.10612	0.30084	0.59304
984 T	0.10573	0.30665	0.58762
985 A	0.10395	0.31703	0.57902
986 A	0.10315	0.32563	0.57121
987 A	0.10244	0.32948	0.56808
988 G	0.10200	0.33344	0.56456
989 T	0.10192	0.33846	0.55962
990 A	0.10164	0.34106	0.55731
991 G	0.10068	0.34250	0.55683
992 A	0.10018	0.34310	0.55672
993 A	0.09999	0.34319	0.55681
994 C	0.10055	0.34231	0.55714
995 C	0.10240	0.34042	0.55718
996 A	0.10619	0.33692	0.55689
997 A	0.11346	0.32965	0.55689
998 T	0.13554	0.30733	0.55712
999 T	0.14815	0.29457	0.55728
1000 G	0.15362	0.28760	0.55878
1001 A	0.16312	0.27201	0.56487
1002 A	0.17718	0.23585	0.58697
1003 A	0.20294	0.19761	0.59944
1004 T	0.28940	0.10095	0.60965
1005 T	0.32251	0.06352	0.61397
1006 T	0.32819	0.05492	0.61689
1007 T	0.32737	0.05454	0.61809
1008 C	0.31027	0.06969	0.62004
1009 G	0.30129	0.07854	0.62016
1010 A	0.29324	0.08637	0.62039
1011 A	0.29185	0.08797	0.62018
1012 C	0.29659	0.08309	0.62032
1013 A	0.29963	0.08074	0.61963
1014 T	0.30144	0.07814	0.62042
1015 G	0.30082	0.07881	0.62037
1016 T	0.30090	0.08084	0.61826
1017 T	0.29981	0.08320	0.61699
1018 T	0.29931	0.08450	0.61619
1019 A	0.29668	0.08832	0.615
1020 T	0.29424	0.09148	0.61428
1021 G	0.28899	0.09975	0.61126
1022 A	0.28135	0.11283	0.60582
1023 T	0.27447	0.12567	0.59986
1024 G	0.25410	0.15600	0.5899
1025 A	0.24489	0.17849	0.57662
1026 A	0.24330	0.19015	0.56654
1027 A	0.24229	0.19119	0.56652
1028 T	0.24212	0.18639	0.57149
1029 G	0.24154	0.18063	0.57783
1030 A	0.24174	0.17581	0.58246
1031 C	0.24105	0.15924	0.5997
1032 T	0.24043	0.15278	0.60678
1033 A	0.23997	0.14722	0.6128
1034 C	0.24029	0.14277	0.61694
1035 T	0.24063	0.14273	0.61664
1036 C	0.24024	0.14398	0.61578
1037 A	0.23904	0.15215	0.60881
1038 G	0.23738	0.15585	0.60678
1039 T	0.23750	0.16120	0.60129
1040 T	0.23527	0.17638	0.58835
1041 A	0.22955	0.19568	0.57476
1042 A	0.22360	0.21524	0.56115
1043 A	0.22050	0.23733	0.54217
1044 A	0.22200	0.23106	0.54694
1045 G	0.22616	0.22158	0.55227
1046 A	0.23297	0.21095	0.55608
1047 A	0.24297	0.18505	0.57198
1048 C	0.25487	0.16569	0.57944
1049 A	0.26433	0.15724	0.57842
1050 A	0.26759	0.15443	0.57798
1051 T	0.27132	0.15003	0.57865
1052 A	0.27272	0.14778	0.5795
1053 T	0.27317	0.14657	0.58026
1054 T	0.27198	0.14573	0.58229
1055 C	0.26800	0.14820	0.5838
1056 A	0.26359	0.16050	0.57591
1057 G	0.26174	0.16709	0.57118
1058 A	0.26118	0.16802	0.5708
1059 A	0.26129	0.16772	0.57098
1060 T	0.26922	0.15834	0.57243
1061 A	0.27004	0.15482	0.57513
1062 C	0.27166	0.14970	0.57864
1063 G	0.27664	0.14279	0.58057
1064 A	0.28281	0.13554	0.58166
1065 A	0.29560	0.12056	0.58384
1066 T	0.31583	0.10069	0.58349
1067 C	0.31424	0.10368	0.58207
1068 T	0.31568	0.10603	0.57829
1069 T	0.31096	0.11984	0.5692
1070 T	0.30895	0.12605	0.565
1071 T	0.30423	0.13469	0.56108
1072 T	0.29226	0.14982	0.55792
1073 T	0.28698	0.15663	0.5564
1074 A	0.27502	0.16995	0.55503
1075 A	0.27469	0.16986	0.55546
1076 A	0.27489	0.16912	0.556
1077 A	0.27545	0.16727	0.55729
1078 A	0.27640	0.16329	0.56031
1079 C	0.28328	0.15224	0.56448
1080 T	0.28766	0.14667	0.56566
1081 A	0.28846	0.14515	0.56639
1082 A	0.28938	0.14338	0.56724
1083 A	0.29017	0.14167	0.56817
1084 A	0.29211	0.13747	0.57042
1085 A	0.29389	0.12879	0.57732
1086 A	0.29604	0.11775	0.58621
1087 G	0.30049	0.10502	0.59449
1088 A	0.30718	0.09386	0.59896
1089 T	0.31822	0.07562	0.60616
1090 T	0.32494	0.05932	0.61573
1091 A	0.33119	0.04277	0.62604
1092 A	0.34294	0.00000	0.65706
