# lcl|CP097583.1_cds_USQ93330.1_1
# AA	inside	membr	outside
1 A	0.44638	0.00000	0.55362
2 T	0.44341	0.00297	0.55362
3 G	0.44185	0.00453	0.55362
4 A	0.44185	0.35578	0.20237
5 T	0.39935	0.48391	0.11673
6 A	0.39935	0.49927	0.10138
7 A	0.20554	0.69683	0.09763
8 A	0.20554	0.69689	0.09757
9 G	0.18614	0.71693	0.09692
10 A	0.18611	0.76450	0.04939
11 A	0.18189	0.77215	0.04596
12 A	0.12577	0.83023	0.044
13 A	0.04280	0.92339	0.0338
14 A	0.04279	0.92340	0.0338
15 A	0.04279	0.93618	0.02103
16 A	0.04175	0.93723	0.02103
17 A	0.04050	0.93850	0.021
18 T	0.04046	0.93858	0.02095
19 C	0.03860	0.94047	0.02093
20 A	0.03161	0.94831	0.02007
21 C	0.01958	0.96030	0.02011
22 A	0.02023	0.95986	0.01991
23 A	0.02192	0.95826	0.01982
24 A	0.03479	0.94550	0.01971
25 G	0.04947	0.91975	0.03079
26 G	0.06275	0.90229	0.03495
27 T	0.40435	0.51651	0.07915
28 T	0.45838	0.42169	0.11993
29 T	0.46379	0.40816	0.12806
30 A	0.45474	0.31474	0.23052
31 A	0.42796	0.35802	0.21402
32 A	0.41618	0.36107	0.22274
33 A	0.19188	0.61224	0.19587
34 A	0.17167	0.66174	0.16659
35 A	0.16470	0.62814	0.20716
36 A	0.17028	0.56650	0.26321
37 A	0.16886	0.57492	0.25621
38 G	0.17573	0.56953	0.25473
39 A	0.16182	0.62222	0.21595
40 A	0.15899	0.64141	0.19961
41 T	0.15812	0.65695	0.18493
42 T	0.15163	0.66941	0.17896
43 A	0.14406	0.67623	0.17972
44 A	0.13728	0.68630	0.17642
45 A	0.13427	0.69099	0.17475
46 A	0.13288	0.69040	0.17671
47 T	0.13273	0.68783	0.17943
48 T	0.13333	0.68497	0.1817
49 A	0.13333	0.68227	0.1844
50 C	0.13525	0.67262	0.19214
51 T	0.13880	0.66235	0.19886
52 G	0.13965	0.65622	0.20413
53 G	0.14636	0.63831	0.21533
54 T	0.16456	0.60428	0.23117
55 A	0.17242	0.58574	0.24184
56 C	0.20639	0.30209	0.49152
57 T	0.24492	0.24656	0.50852
58 G	0.25137	0.23343	0.5152
59 G	0.26413	0.22136	0.5145
60 T	0.27857	0.20856	0.51286
61 A	0.28455	0.20997	0.50548
62 A	0.32290	0.16031	0.51679
63 A	0.34595	0.13190	0.52215
64 T	0.37270	0.10019	0.52712
65 T	0.37961	0.10279	0.51759
66 T	0.37610	0.11238	0.51152
67 T	0.36107	0.15860	0.48033
68 T	0.29255	0.26959	0.43785
69 A	0.25950	0.36438	0.37612
70 A	0.22879	0.61781	0.1534
71 G	0.21196	0.65750	0.13054
72 A	0.20588	0.67665	0.11748
73 A	0.20003	0.69006	0.10991
74 G	0.19461	0.69982	0.10557
75 A	0.19243	0.71896	0.08861
76 T	0.19326	0.71864	0.0881
77 A	0.19341	0.71901	0.08757
78 T	0.19498	0.71700	0.08802
79 G	0.19534	0.71722	0.08744
80 C	0.19729	0.71527	0.08745
81 T	0.20082	0.71306	0.08612
82 T	0.20450	0.71112	0.08438
83 A	0.20736	0.71029	0.08235
84 T	0.21757	0.70181	0.08062
85 A	0.22071	0.70125	0.07804
86 A	0.22397	0.69942	0.07661
87 A	0.22713	0.69501	0.07785
88 A	0.24975	0.66772	0.08252
89 A	0.27084	0.63133	0.09783
90 T	0.32733	0.53787	0.1348
91 C	0.37011	0.41703	0.21286
92 A	0.44275	0.33193	0.22532
93 T	0.64978	0.10987	0.24034
94 T	0.66885	0.08322	0.24793
95 T	0.67337	0.07638	0.25025
96 A	0.66634	0.08120	0.25246
97 G	0.66134	0.08237	0.25629
98 C	0.67036	0.07576	0.25389
99 T	0.66360	0.10512	0.23128
100 G	0.64716	0.13071	0.22213
101 G	0.61549	0.16814	0.21636
102 T	0.58396	0.20904	0.20699
103 T	0.53050	0.28323	0.18626
104 C	0.32017	0.52076	0.15907
105 A	0.21801	0.70782	0.07417
106 A	0.19409	0.74489	0.06103
107 A	0.18267	0.76526	0.05207
108 A	0.17449	0.77574	0.04977
109 A	0.17060	0.77970	0.0497
110 C	0.15646	0.79320	0.05034
111 A	0.14074	0.80960	0.04966
112 A	0.12541	0.82544	0.04915
113 C	0.10481	0.84663	0.04856
114 A	0.09876	0.85331	0.04792
115 A	0.09648	0.85626	0.04726
116 A	0.09632	0.85582	0.04786
117 A	0.09513	0.85567	0.0492
118 C	0.09561	0.85259	0.05179
119 A	0.09787	0.84271	0.05942
120 A	0.10130	0.83248	0.06622
121 A	0.10862	0.81856	0.07283
122 A	0.13167	0.78602	0.08232
123 T	0.14607	0.75023	0.1037
124 A	0.15170	0.69382	0.15448
125 G	0.16300	0.62440	0.21259
126 A	0.18152	0.54486	0.27362
127 C	0.20731	0.32526	0.46744
128 A	0.26290	0.22626	0.51084
129 G	0.27201	0.22222	0.50577
130 T	0.27842	0.29573	0.42585
131 T	0.27209	0.36943	0.35847
132 A	0.23243	0.47517	0.2924
133 A	0.20403	0.51677	0.2792
134 G	0.17837	0.53741	0.28422
135 A	0.17339	0.53817	0.28844
136 G	0.17274	0.53203	0.29523
137 G	0.17435	0.53093	0.29472
138 T	0.17612	0.53240	0.29149
139 A	0.17574	0.53337	0.29089
140 T	0.17592	0.53103	0.29305
141 T	0.17489	0.53378	0.29133
142 A	0.17313	0.53676	0.2901
143 C	0.17204	0.53792	0.29005
144 A	0.17071	0.54368	0.28561
145 A	0.17068	0.54849	0.28082
146 A	0.17053	0.55491	0.27455
147 A	0.17104	0.56005	0.2689
148 G	0.17463	0.56320	0.26218
149 T	0.18459	0.56003	0.25539
150 A	0.19164	0.57320	0.23516
151 G	0.21536	0.54771	0.23693
152 A	0.25048	0.51105	0.23847
153 T	0.35325	0.40636	0.24039
154 A	0.41803	0.33277	0.2492
155 T	0.48945	0.22792	0.28264
156 T	0.51009	0.18543	0.30448
157 T	0.51095	0.17093	0.31811
158 C	0.50516	0.18040	0.31443
159 T	0.50495	0.20305	0.29201
160 G	0.49917	0.22889	0.27195
161 A	0.49530	0.24945	0.25525
162 T	0.49348	0.26201	0.24452
163 G	0.48335	0.28293	0.23372
164 T	0.45823	0.32218	0.21958
165 A	0.39453	0.39818	0.20729
166 A	0.33775	0.46563	0.19661
167 G	0.33311	0.47013	0.19676
168 A	0.33500	0.46861	0.1964
169 A	0.33998	0.46398	0.19604
170 G	0.34864	0.45388	0.19749
171 A	0.35965	0.44181	0.19854
172 A	0.37488	0.42609	0.19902
173 T	0.40130	0.39854	0.20016
174 T	0.40876	0.39067	0.20057
175 A	0.41306	0.38615	0.2008
176 A	0.41768	0.38096	0.20136
177 A	0.42137	0.37565	0.20298
178 T	0.42847	0.36550	0.20602
179 A	0.43556	0.35458	0.20986
180 T	0.45261	0.32732	0.22007
181 C	0.46455	0.30236	0.23309
182 T	0.48866	0.27099	0.24035
183 T	0.50344	0.24920	0.24737
184 A	0.51657	0.23031	0.25312
185 T	0.53017	0.20938	0.26044
186 T	0.54147	0.18825	0.27027
187 T	0.55238	0.14023	0.30739
188 A	0.56083	0.07044	0.36873
189 A	0.57232	0.00000	0.42768
