# lcl|CP097583.1_cds_USQ93551.1_1
# AA	inside	membr	outside
1 A	0.81225	0.00000	0.18776
2 T	0.81048	0.00176	0.18776
3 G	0.80735	0.00490	0.18776
4 A	0.80735	0.03052	0.16214
5 A	0.78555	0.07788	0.13658
6 T	0.78554	0.08299	0.13147
7 T	0.68301	0.18694	0.13006
8 C	0.68300	0.18698	0.13003
9 A	0.66305	0.20841	0.12855
10 T	0.66303	0.24879	0.08819
11 A	0.65936	0.25296	0.08768
12 T	0.63229	0.28005	0.08766
13 A	0.56114	0.35128	0.08759
14 T	0.56113	0.35129	0.08759
15 C	0.56113	0.35204	0.08684
16 C	0.55918	0.35398	0.08684
17 A	0.55516	0.35805	0.08679
18 A	0.55507	0.35825	0.08668
19 A	0.55158	0.36178	0.08664
20 C	0.54177	0.37185	0.08639
21 A	0.53289	0.38072	0.08639
22 A	0.53393	0.37962	0.08645
23 T	0.53779	0.37540	0.08681
24 A	0.54303	0.36993	0.08704
25 T	0.55092	0.35868	0.0904
26 T	0.55422	0.34767	0.09811
27 A	0.56809	0.32535	0.10656
28 A	0.58690	0.28487	0.12823
29 T	0.59882	0.26248	0.1387
30 T	0.61081	0.16911	0.22008
31 T	0.61255	0.15842	0.22903
32 T	0.61477	0.13484	0.25039
33 T	0.62737	0.11059	0.26204
34 T	0.62345	0.10859	0.26796
35 T	0.60713	0.10455	0.28831
36 C	0.58903	0.07783	0.33314
37 A	0.58104	0.08587	0.3331
38 A	0.57724	0.08942	0.33333
39 A	0.57515	0.09037	0.33448
40 G	0.57382	0.08793	0.33825
41 T	0.57374	0.08762	0.33865
42 T	0.57363	0.08325	0.34311
43 T	0.57341	0.07435	0.35224
44 G	0.57291	0.06765	0.35944
45 T	0.57251	0.06746	0.36002
46 T	0.57194	0.06764	0.36042
47 C	0.57120	0.06794	0.36086
48 A	0.57042	0.06873	0.36086
49 G	0.56998	0.06919	0.36083
50 C	0.56990	0.06930	0.3608
51 T	0.56993	0.06958	0.36049
52 G	0.56957	0.07023	0.36021
53 T	0.56981	0.06985	0.36034
54 T	0.56952	0.07048	0.36
55 T	0.56769	0.07316	0.35916
56 G	0.56566	0.06952	0.36482
57 T	0.56424	0.06668	0.36908
58 T	0.56130	0.05221	0.38649
59 G	0.55438	0.04699	0.39863
60 T	0.55133	0.04589	0.40278
61 G	0.54333	0.05539	0.40129
62 G	0.54160	0.05683	0.40157
63 T	0.53972	0.05939	0.40089
64 T	0.53644	0.06576	0.39779
65 G	0.53216	0.07860	0.38924
66 C	0.53015	0.09465	0.3752
67 A	0.52242	0.11263	0.36495
68 A	0.51518	0.12784	0.35697
69 T	0.51236	0.14037	0.34727
70 A	0.50357	0.16911	0.32732
71 C	0.49625	0.19419	0.30956
72 A	0.48771	0.28614	0.22615
73 A	0.48156	0.32918	0.18926
74 T	0.47967	0.34317	0.17716
75 A	0.47537	0.36702	0.15761
76 G	0.47235	0.38175	0.1459
77 A	0.47153	0.39352	0.13495
78 T	0.47254	0.40311	0.12435
79 A	0.47086	0.43134	0.0978
80 T	0.47128	0.43432	0.0944
81 A	0.47042	0.43655	0.09303
82 T	0.46957	0.43676	0.09367
83 A	0.46784	0.44491	0.08726
84 C	0.46860	0.44047	0.09094
85 A	0.46862	0.45183	0.07955
86 A	0.46995	0.46646	0.06359
87 A	0.47275	0.47056	0.05668
88 G	0.48093	0.46960	0.04947
89 A	0.49369	0.46396	0.04235
90 A	0.50420	0.44956	0.04624
91 G	0.51229	0.43667	0.05104
92 A	0.52588	0.42218	0.05194
93 A	0.55060	0.39147	0.05793
94 G	0.57500	0.36034	0.06465
95 T	0.66623	0.26212	0.07165
96 T	0.70177	0.22393	0.0743
97 A	0.71032	0.21802	0.07166
98 A	0.72418	0.20460	0.07122
99 T	0.73514	0.19454	0.07032
100 G	0.73583	0.20038	0.06379
101 A	0.73934	0.19757	0.06309
102 A	0.76322	0.17393	0.06284
103 T	0.77136	0.16567	0.06297
104 A	0.73673	0.20241	0.06086
105 C	0.70225	0.23565	0.06211
106 T	0.67097	0.26676	0.06228
107 G	0.58828	0.35237	0.05936
108 G	0.52381	0.41780	0.05839
109 C	0.49474	0.44703	0.05824
110 A	0.47823	0.46471	0.05706
111 T	0.47327	0.46978	0.05694
112 C	0.46121	0.48218	0.05661
113 C	0.43889	0.50485	0.05625
114 T	0.40711	0.53793	0.05496
115 A	0.32222	0.62413	0.05364
116 T	0.28655	0.66060	0.05285
117 C	0.24415	0.70312	0.05274
118 A	0.18548	0.76219	0.05233
119 A	0.14257	0.80501	0.05242
120 A	0.11701	0.82992	0.05307
121 C	0.09965	0.84643	0.05392
122 A	0.09231	0.85369	0.054
123 A	0.09020	0.85231	0.05749
124 G	0.08412	0.85333	0.06254
125 A	0.08011	0.85573	0.06416
126 A	0.07672	0.85637	0.06691
127 A	0.07678	0.81071	0.11251
128 T	0.07644	0.76009	0.16347
129 A	0.07367	0.72116	0.20516
130 A	0.07562	0.64589	0.27849
131 A	0.07604	0.57156	0.3524
132 G	0.07647	0.51517	0.40836
133 T	0.07784	0.48288	0.43928
134 T	0.07781	0.46592	0.45626
135 A	0.07624	0.45579	0.46798
136 A	0.07516	0.43540	0.48944
137 A	0.07538	0.40240	0.52222
138 T	0.07578	0.32556	0.59866
139 T	0.07372	0.33078	0.5955
140 A	0.06993	0.35630	0.57377
141 T	0.06519	0.42356	0.51126
142 A	0.05696	0.50772	0.43532
143 A	0.05004	0.57930	0.37065
144 T	0.04636	0.62496	0.32868
145 A	0.04124	0.71913	0.23964
146 A	0.03909	0.76550	0.19541
147 A	0.03872	0.80135	0.15993
148 A	0.03903	0.80619	0.15478
149 A	0.03961	0.81524	0.14515
150 T	0.04121	0.82918	0.12961
151 A	0.04152	0.87413	0.08435
152 A	0.04182	0.90161	0.05656
153 A	0.04292	0.92114	0.03594
154 T	0.04500	0.92514	0.02986
155 T	0.04581	0.93204	0.02215
156 A	0.04576	0.93824	0.016
157 A	0.04732	0.93880	0.01388
158 A	0.05063	0.93546	0.01391
159 A	0.05871	0.92646	0.01483
160 G	0.07673	0.90780	0.01547
161 A	0.11171	0.87202	0.01627
162 A	0.17199	0.80872	0.01929
163 A	0.23237	0.74388	0.02375
164 T	0.35527	0.61411	0.03061
165 G	0.45520	0.50636	0.03844
166 T	0.55091	0.40422	0.04487
167 G	0.60005	0.35184	0.04811
168 T	0.68902	0.25967	0.05131
169 C	0.72574	0.22198	0.05228
170 T	0.75872	0.19106	0.05022
171 A	0.75587	0.19824	0.04588
172 A	0.76884	0.18929	0.04186
173 A	0.78946	0.17007	0.04048
174 T	0.84458	0.11632	0.03909
175 A	0.87395	0.08799	0.03807
176 T	0.89663	0.06606	0.03731
177 T	0.88305	0.08291	0.03404
178 T	0.84388	0.12988	0.02623
179 T	0.78933	0.18963	0.02103
180 A	0.65882	0.32424	0.01695
181 G	0.52969	0.45630	0.01401
182 A	0.45960	0.52687	0.01353
183 T	0.42397	0.56270	0.01332
184 A	0.28460	0.70288	0.01253
185 A	0.19376	0.79439	0.01185
186 C	0.10033	0.88831	0.01136
187 A	0.04875	0.94123	0.01002
188 A	0.03479	0.95637	0.00884
189 A	0.02830	0.96390	0.0078
190 G	0.02622	0.96589	0.00789
191 A	0.02596	0.96607	0.00797
192 A	0.02655	0.96318	0.01027
193 A	0.02823	0.95772	0.01405
194 C	0.03194	0.94578	0.02228
195 T	0.03544	0.94122	0.02334
196 A	0.03498	0.94174	0.02328
197 A	0.03568	0.94166	0.02267
198 A	0.03713	0.93827	0.02461
199 A	0.03874	0.93174	0.02952
200 A	0.04291	0.88976	0.06733
201 T	0.05228	0.82009	0.12763
202 T	0.05595	0.74549	0.19856
203 A	0.05729	0.63252	0.31019
204 T	0.05874	0.48926	0.452
205 G	0.05753	0.43508	0.50739
206 A	0.05662	0.41063	0.53276
207 A	0.05656	0.30229	0.64115
208 A	0.05729	0.21910	0.72361
209 T	0.05776	0.12460	0.81764
210 C	0.05808	0.08365	0.85827
211 G	0.05812	0.10858	0.8333
212 T	0.05795	0.16817	0.77387
213 A	0.05462	0.29510	0.65028
214 T	0.05369	0.33904	0.60727
215 T	0.05251	0.37516	0.57233
216 T	0.05128	0.43763	0.51109
217 G	0.04968	0.54193	0.40839
218 A	0.04933	0.65022	0.30045
219 A	0.04958	0.73331	0.21711
220 T	0.05076	0.76292	0.18633
221 A	0.05075	0.83361	0.11563
222 T	0.05131	0.83968	0.10901
223 A	0.05084	0.85096	0.0982
224 A	0.05106	0.85688	0.09206
225 T	0.05286	0.85677	0.09038
226 C	0.05577	0.86260	0.08163
227 A	0.05898	0.88161	0.05941
228 A	0.06804	0.88870	0.04326
229 A	0.07212	0.89000	0.03788
230 T	0.07620	0.88917	0.03463
231 A	0.07828	0.89267	0.02904
232 A	0.08511	0.88744	0.02745
233 A	0.10076	0.87254	0.02669
234 A	0.13795	0.83541	0.02663
235 A	0.20773	0.76558	0.02669
236 T	0.36452	0.60537	0.03012
237 T	0.41781	0.55321	0.02897
238 G	0.43248	0.54316	0.02435
239 A	0.45768	0.52260	0.01972
240 C	0.51366	0.46655	0.01979
241 A	0.57385	0.40754	0.0186
242 T	0.61294	0.36933	0.01773
243 A	0.60054	0.38194	0.01752
244 C	0.60548	0.37712	0.0174
245 A	0.56420	0.41879	0.01702
246 A	0.49905	0.48367	0.01727
247 C	0.43670	0.54595	0.01735
248 A	0.35699	0.62630	0.01672
249 C	0.34880	0.63475	0.01646
250 A	0.35512	0.62937	0.01551
251 T	0.35886	0.62611	0.01504
252 A	0.31719	0.66849	0.01431
253 A	0.27035	0.71548	0.01417
254 T	0.24462	0.74046	0.01492
255 A	0.16470	0.81830	0.017
256 A	0.10769	0.87380	0.01851
257 A	0.09629	0.88179	0.02191
258 A	0.09205	0.88101	0.02694
259 G	0.08905	0.87723	0.03373
260 A	0.08950	0.86989	0.04061
261 T	0.09437	0.84882	0.05681
262 A	0.09171	0.84046	0.06783
263 T	0.09115	0.81595	0.0929
264 A	0.08815	0.80420	0.10765
265 G	0.08711	0.76666	0.14624
266 A	0.08652	0.73026	0.18323
267 T	0.08692	0.67291	0.24017
268 A	0.08702	0.63054	0.28244
269 A	0.08757	0.56174	0.3507
270 T	0.08850	0.49243	0.41906
271 T	0.08791	0.41739	0.4947
272 T	0.08661	0.39913	0.51426
273 A	0.08350	0.39534	0.52116
274 A	0.08300	0.38314	0.53386
275 A	0.08315	0.34377	0.57308
276 T	0.08376	0.28772	0.62852
277 A	0.08261	0.26292	0.65447
278 T	0.08174	0.20152	0.71675
279 T	0.07838	0.20334	0.71828
280 G	0.06196	0.27765	0.66038
281 A	0.05049	0.38572	0.56379
282 A	0.04182	0.48340	0.47478
283 A	0.03835	0.56616	0.39548
284 A	0.03908	0.64072	0.3202
285 T	0.04545	0.72506	0.22949
286 A	0.04695	0.76911	0.18393
287 T	0.05196	0.79362	0.15441
288 A	0.05071	0.84272	0.10657
289 A	0.04894	0.86509	0.08598
290 T	0.04935	0.87263	0.07802
291 A	0.04421	0.88707	0.06872
292 A	0.04306	0.89957	0.05737
293 A	0.04311	0.90301	0.05388
294 G	0.04679	0.89928	0.05393
295 T	0.05342	0.89411	0.05247
296 T	0.05542	0.89186	0.05273
297 A	0.05120	0.89724	0.05156
298 A	0.04905	0.90008	0.05086
299 A	0.04924	0.89956	0.0512
300 A	0.05560	0.89128	0.05312
301 G	0.06991	0.87396	0.05613
302 A	0.12019	0.82005	0.05977
303 A	0.18967	0.73604	0.07428
304 A	0.28794	0.62709	0.08497
305 G	0.38018	0.52551	0.09431
306 C	0.46603	0.43385	0.10012
307 A	0.54741	0.35243	0.10016
308 T	0.66801	0.23104	0.10095
309 T	0.71702	0.18157	0.10141
310 A	0.74207	0.15710	0.10082
311 T	0.77854	0.11818	0.10328
312 T	0.79128	0.10191	0.10681
313 A	0.77631	0.11753	0.10617
314 A	0.77428	0.11376	0.11196
315 T	0.77866	0.10549	0.11586
316 T	0.75755	0.12506	0.11739
317 A	0.72648	0.16927	0.10425
318 T	0.70210	0.20484	0.09307
319 T	0.65833	0.26048	0.08119
320 A	0.55013	0.39216	0.05771
321 T	0.50417	0.44875	0.04709
322 A	0.41261	0.55102	0.03637
323 A	0.35599	0.61527	0.02874
324 A	0.30222	0.67521	0.02257
325 A	0.27186	0.70779	0.02035
326 A	0.25708	0.72225	0.02067
327 T	0.25185	0.72696	0.02119
328 A	0.24688	0.73182	0.02129
329 A	0.24612	0.73204	0.02184
330 C	0.24657	0.73036	0.02307
331 T	0.24681	0.73004	0.02315
332 A	0.24724	0.72918	0.02358
333 T	0.24843	0.72659	0.02499
334 A	0.24878	0.72555	0.02567
335 A	0.25039	0.72244	0.02716
336 T	0.25447	0.69673	0.0488
337 A	0.25686	0.68148	0.06165
338 A	0.25958	0.66518	0.07524
339 G	0.26654	0.62425	0.10921
340 A	0.28591	0.56600	0.1481
341 T	0.30449	0.50835	0.18717
342 A	0.32111	0.44145	0.23744
343 T	0.35205	0.30250	0.34545
344 T	0.36494	0.24099	0.39407
345 T	0.37256	0.15938	0.46806
346 A	0.37576	0.11092	0.51331
347 T	0.38074	0.05601	0.56324
348 T	0.38247	0.02646	0.59107
349 T	0.38280	0.01248	0.60471
350 C	0.38299	0.00641	0.6106
351 T	0.38339	0.00305	0.61356
352 T	0.38356	0.00187	0.61457
353 A	0.38367	0.00121	0.61512
354 A	0.38404	0.00000	0.61595
