# lcl|CP097583.1_cds_USQ93493.1_1
# AA	inside	membr	outside
1 A	0.19776	0.00000	0.80224
2 T	0.19603	0.00173	0.80224
3 G	0.19469	0.00307	0.80224
4 G	0.19469	0.00862	0.7967
5 C	0.18707	0.02118	0.79175
6 A	0.18707	0.02482	0.78811
7 A	0.11587	0.09631	0.78782
8 A	0.11587	0.09632	0.78781
9 A	0.10860	0.10365	0.78775
10 A	0.10859	0.10601	0.7854
11 C	0.10796	0.10677	0.78528
12 A	0.10427	0.11062	0.78512
13 G	0.10131	0.11421	0.78448
14 T	0.10131	0.11421	0.78448
15 T	0.10131	0.12801	0.77069
16 A	0.10092	0.12839	0.77069
17 T	0.09975	0.12964	0.77062
18 T	0.09960	0.13004	0.77036
19 A	0.09031	0.13938	0.77031
20 A	0.07083	0.15913	0.77004
21 A	0.05440	0.17543	0.77018
22 A	0.05432	0.17514	0.77055
23 C	0.05509	0.17260	0.7723
24 T	0.05734	0.17001	0.77265
25 A	0.05832	0.16676	0.77492
26 T	0.05957	0.16441	0.77601
27 T	0.06215	0.16145	0.7764
28 A	0.06288	0.16002	0.7771
29 A	0.06373	0.15787	0.77839
30 A	0.06373	0.09619	0.84008
31 T	0.06389	0.09379	0.84232
32 T	0.06369	0.08705	0.84926
33 A	0.06441	0.09109	0.84451
34 C	0.06416	0.09501	0.84082
35 A	0.06459	0.09610	0.83932
36 A	0.06518	0.09558	0.83924
37 A	0.06572	0.09563	0.83865
38 T	0.07762	0.08365	0.83874
39 T	0.07770	0.08700	0.83529
40 A	0.07778	0.08388	0.83834
41 A	0.07792	0.08042	0.84165
42 T	0.07791	0.06966	0.85243
43 G	0.07800	0.05241	0.86959
44 C	0.07775	0.04125	0.881
45 A	0.07781	0.04152	0.88066
46 G	0.07788	0.04220	0.87992
47 G	0.07812	0.04332	0.87856
48 A	0.07871	0.04491	0.87638
49 A	0.07929	0.04456	0.87614
50 A	0.08021	0.04290	0.87688
51 A	0.08285	0.03909	0.87806
52 G	0.08526	0.03517	0.87958
53 C	0.08691	0.03271	0.88037
54 T	0.08893	0.03068	0.88039
55 A	0.09009	0.02937	0.88054
56 A	0.09499	0.02405	0.88096
57 T	0.09951	0.01921	0.88129
58 C	0.10143	0.01707	0.8815
59 C	0.10312	0.01520	0.88168
60 T	0.10389	0.01440	0.88171
61 G	0.10396	0.01430	0.88174
62 C	0.10635	0.01185	0.88179
63 T	0.10638	0.01181	0.88181
64 C	0.10619	0.01192	0.88188
65 C	0.10604	0.01197	0.88199
66 G	0.10605	0.01193	0.88202
67 C	0.10661	0.01129	0.8821
68 C	0.10696	0.01093	0.88212
69 G	0.10769	0.01022	0.88209
70 G	0.10894	0.00903	0.88203
71 T	0.11107	0.00700	0.88193
72 A	0.11133	0.00670	0.88197
73 G	0.11151	0.00616	0.88233
74 G	0.11189	0.00545	0.88266
75 A	0.11223	0.00496	0.8828
76 C	0.11268	0.00429	0.88303
77 C	0.11285	0.00410	0.88305
78 A	0.11297	0.00432	0.88271
79 G	0.11312	0.00457	0.8823
80 T	0.11325	0.00471	0.88204
81 T	0.11307	0.00545	0.88148
82 T	0.11256	0.00655	0.88089
83 T	0.11182	0.00829	0.87989
84 A	0.11129	0.00887	0.87984
85 G	0.11103	0.00912	0.87984
86 G	0.11083	0.00930	0.87987
87 T	0.11071	0.00950	0.87979
88 C	0.11054	0.00954	0.87992
89 A	0.11002	0.01031	0.87967
90 A	0.10878	0.01152	0.8797
91 G	0.10811	0.01207	0.87982
92 C	0.10783	0.01228	0.8799
93 A	0.10761	0.01250	0.87989
94 C	0.10765	0.01240	0.87996
95 A	0.10763	0.01242	0.87995
96 A	0.10762	0.01241	0.87998
97 G	0.10764	0.01235	0.88
98 T	0.10776	0.01216	0.88007
99 T	0.10783	0.01208	0.88009
100 A	0.10791	0.01190	0.88019
101 A	0.10827	0.01145	0.88028
102 T	0.10873	0.01081	0.88047
103 A	0.10896	0.01042	0.88062
104 T	0.10953	0.00945	0.88102
105 A	0.11006	0.00836	0.88158
106 C	0.11121	0.00639	0.8824
107 C	0.11163	0.00557	0.88279
108 T	0.11215	0.00495	0.88289
109 T	0.11248	0.00457	0.88295
110 T	0.11271	0.00433	0.88295
111 A	0.11275	0.00431	0.88295
112 T	0.11290	0.00369	0.88341
113 T	0.11287	0.00240	0.88472
114 T	0.11281	0.00179	0.8854
115 T	0.11277	0.00153	0.88571
116 G	0.11271	0.00133	0.88596
117 T	0.11266	0.00130	0.88604
118 T	0.11248	0.00147	0.88605
119 C	0.11218	0.00178	0.88603
120 T	0.11166	0.00250	0.88583
121 A	0.11074	0.00387	0.88539
122 G	0.11057	0.00453	0.8849
123 A	0.11045	0.00539	0.88416
124 T	0.11035	0.00614	0.88351
125 T	0.11008	0.00660	0.88332
126 T	0.10952	0.00747	0.88302
127 A	0.10494	0.01248	0.88258
128 A	0.10260	0.01507	0.88232
129 C	0.10135	0.01649	0.88216
130 G	0.10047	0.01839	0.88114
131 A	0.10024	0.01931	0.88044
132 A	0.10014	0.01984	0.88002
133 G	0.10010	0.01990	0.88
134 T	0.10014	0.01987	0.88
135 T	0.10005	0.01991	0.88004
136 A	0.09999	0.01993	0.88008
137 C	0.09996	0.01987	0.88018
138 T	0.09989	0.02008	0.88003
139 A	0.09974	0.02040	0.87986
140 A	0.09968	0.02042	0.87991
141 G	0.09963	0.02030	0.88007
142 G	0.09967	0.02008	0.88025
143 A	0.09981	0.01939	0.8808
144 C	0.10022	0.01808	0.8817
145 A	0.10066	0.01757	0.88177
146 A	0.10134	0.01677	0.88189
147 A	0.10197	0.01596	0.88207
148 A	0.10226	0.01529	0.88245
149 T	0.10270	0.01427	0.88302
150 G	0.10308	0.00921	0.88771
151 G	0.10339	0.00665	0.88996
152 G	0.10372	0.00515	0.89112
153 T	0.10482	0.00342	0.89176
154 T	0.10537	0.00271	0.89192
155 T	0.10562	0.00237	0.892
156 T	0.10559	0.00235	0.89206
157 A	0.10552	0.00239	0.89209
158 C	0.10550	0.00227	0.89222
159 A	0.10552	0.00221	0.89227
160 A	0.10554	0.00213	0.89233
161 T	0.10574	0.00183	0.89243
162 T	0.10594	0.00150	0.89256
163 C	0.10593	0.00143	0.89264
164 C	0.10594	0.00132	0.89274
165 T	0.10597	0.00128	0.89274
166 G	0.10597	0.00130	0.89273
167 T	0.10601	0.00126	0.89273
168 T	0.10607	0.00122	0.89271
169 G	0.10606	0.00131	0.89262
170 T	0.10609	0.00135	0.89256
171 T	0.10605	0.00157	0.89238
172 A	0.10599	0.00202	0.89199
173 T	0.10601	0.00209	0.89189
174 T	0.10600	0.00221	0.89179
175 T	0.10596	0.00242	0.89162
176 A	0.10593	0.00258	0.89149
177 T	0.10588	0.00269	0.89144
178 G	0.10555	0.00313	0.89132
179 T	0.10552	0.00324	0.89124
180 T	0.10538	0.00341	0.89121
181 T	0.10509	0.00378	0.89113
182 A	0.10478	0.00414	0.89108
183 T	0.10459	0.00437	0.89104
184 G	0.10436	0.00464	0.89101
185 A	0.10431	0.00471	0.89098
186 T	0.10429	0.00474	0.89097
187 G	0.10427	0.00482	0.89092
188 A	0.10428	0.00484	0.89088
189 T	0.10432	0.00482	0.89087
190 A	0.10432	0.00481	0.89087
191 G	0.10434	0.00477	0.89089
192 A	0.10444	0.00467	0.89089
193 A	0.10458	0.00453	0.89089
194 C	0.10485	0.00414	0.89101
195 T	0.10540	0.00357	0.89103
196 T	0.10557	0.00340	0.89102
197 T	0.10568	0.00330	0.89102
198 T	0.10577	0.00321	0.89101
199 G	0.10583	0.00317	0.891
200 A	0.10589	0.00301	0.89109
201 T	0.10609	0.00236	0.89156
202 T	0.10624	0.00218	0.89159
203 T	0.10632	0.00206	0.89161
204 T	0.10629	0.00213	0.89158
205 G	0.10608	0.00223	0.8917
206 T	0.10606	0.00223	0.89171
207 T	0.10584	0.00257	0.89159
208 A	0.10522	0.00396	0.89082
209 C	0.10510	0.00470	0.8902
210 T	0.10497	0.00653	0.8885
211 A	0.10438	0.00737	0.88825
212 A	0.10419	0.00767	0.88814
213 A	0.10410	0.00776	0.88813
214 A	0.10404	0.00782	0.88814
215 C	0.10396	0.00789	0.88815
216 T	0.10385	0.00799	0.88815
217 C	0.10357	0.00828	0.88816
218 C	0.10326	0.00859	0.88816
219 T	0.10291	0.00894	0.88815
220 C	0.10172	0.01013	0.88815
221 C	0.10062	0.01124	0.88814
222 T	0.09975	0.01213	0.88811
223 G	0.09866	0.01328	0.88806
224 C	0.09808	0.01386	0.88806
225 T	0.09768	0.01429	0.88802
226 A	0.09715	0.01486	0.88799
227 G	0.09716	0.01470	0.88813
228 C	0.09704	0.01453	0.88842
229 G	0.09692	0.01460	0.88848
230 A	0.09716	0.01409	0.88876
231 C	0.09769	0.01290	0.88942
232 C	0.09821	0.01233	0.88946
233 T	0.09950	0.01109	0.88941
234 T	0.09934	0.01107	0.88958
235 T	0.09859	0.01203	0.88937
236 T	0.09725	0.01397	0.88878
237 A	0.09352	0.01898	0.8875
238 A	0.08723	0.02626	0.88651
239 A	0.08211	0.03244	0.88546
240 A	0.07857	0.03702	0.8844
241 A	0.07664	0.03865	0.88471
242 A	0.07532	0.03983	0.88484
243 A	0.07434	0.03958	0.88607
244 G	0.07409	0.03820	0.8877
245 C	0.07402	0.03713	0.88886
246 T	0.07401	0.03642	0.88957
247 G	0.07396	0.03628	0.88977
248 C	0.07396	0.03626	0.88978
249 T	0.07393	0.03691	0.88916
250 A	0.07377	0.03891	0.88732
251 A	0.07371	0.03946	0.88683
252 T	0.07364	0.03976	0.88661
253 A	0.07352	0.04046	0.88601
254 T	0.07351	0.04003	0.88646
255 T	0.07322	0.03993	0.88685
256 G	0.07231	0.04081	0.88688
257 A	0.07168	0.04308	0.88523
258 A	0.06905	0.04718	0.88376
259 A	0.06634	0.05082	0.88284
260 A	0.06414	0.05151	0.88435
261 A	0.06347	0.04706	0.88947
262 G	0.06288	0.04288	0.89424
263 G	0.06314	0.03995	0.89691
264 A	0.06292	0.03975	0.89734
265 T	0.06303	0.03877	0.89821
266 C	0.06237	0.03916	0.89847
267 A	0.06152	0.04134	0.89714
268 T	0.06115	0.04228	0.89656
269 C	0.06007	0.04485	0.89509
270 T	0.05964	0.05157	0.8888
271 A	0.05909	0.05439	0.88652
272 A	0.05933	0.05475	0.88592
273 T	0.06098	0.05348	0.88554
274 T	0.06118	0.05414	0.88469
275 C	0.06071	0.05497	0.88431
276 T	0.05967	0.05737	0.88296
277 A	0.05648	0.06159	0.88193
278 A	0.05362	0.06473	0.88165
279 A	0.04387	0.07443	0.8817
280 A	0.04288	0.07546	0.88166
281 A	0.04423	0.07187	0.8839
282 A	0.04503	0.06873	0.88623
283 A	0.04574	0.06517	0.88909
284 A	0.04634	0.06323	0.89043
285 T	0.04489	0.06346	0.89165
286 A	0.04086	0.06768	0.89146
287 A	0.03772	0.07120	0.89109
288 A	0.03679	0.07184	0.89137
289 G	0.03703	0.07031	0.89266
290 T	0.03873	0.06750	0.89377
291 A	0.03849	0.06727	0.89424
292 G	0.03958	0.06491	0.89551
293 C	0.04375	0.06002	0.89624
294 T	0.04579	0.05776	0.89645
295 A	0.04576	0.05810	0.89614
296 C	0.04635	0.05762	0.89603
297 T	0.04740	0.05911	0.8935
298 T	0.04728	0.05988	0.89283
299 T	0.04516	0.06207	0.89277
300 A	0.04044	0.06668	0.89289
301 A	0.03748	0.06850	0.89402
302 C	0.03616	0.05899	0.90485
303 G	0.03522	0.05929	0.90549
304 A	0.03516	0.06076	0.90407
305 A	0.03584	0.06145	0.90271
306 T	0.03673	0.06003	0.90323
307 A	0.03700	0.05993	0.90308
308 A	0.03749	0.05721	0.90529
309 A	0.03843	0.05199	0.90957
310 C	0.03916	0.04721	0.91364
311 A	0.03925	0.05373	0.90702
312 A	0.03908	0.05865	0.90227
313 A	0.03907	0.06626	0.89467
314 T	0.03933	0.07397	0.88669
315 A	0.03856	0.07984	0.88161
316 G	0.03749	0.08547	0.87704
317 A	0.03730	0.08881	0.8739
318 A	0.03770	0.08949	0.87281
319 G	0.03841	0.08972	0.87187
320 A	0.04106	0.08837	0.87057
321 A	0.04235	0.08851	0.86915
322 A	0.04424	0.08492	0.87083
323 T	0.04723	0.07731	0.87546
324 T	0.04784	0.07376	0.87839
325 G	0.04724	0.07278	0.87998
326 C	0.04718	0.07198	0.88083
327 C	0.04712	0.07230	0.88058
328 C	0.04660	0.07527	0.87814
329 A	0.04542	0.07731	0.87727
330 A	0.04533	0.07786	0.87681
331 A	0.04596	0.07774	0.8763
332 A	0.04683	0.07718	0.87598
333 C	0.04866	0.07523	0.87611
334 A	0.05604	0.06742	0.87654
335 A	0.06217	0.06085	0.87698
336 A	0.07156	0.05099	0.87745
337 T	0.08320	0.03880	0.878
338 C	0.08916	0.03205	0.87879
339 T	0.09496	0.02498	0.88006
340 T	0.09746	0.02190	0.88064
341 C	0.09836	0.02071	0.88092
342 T	0.09937	0.01970	0.88092
343 A	0.10025	0.01890	0.88085
344 A	0.10180	0.01727	0.88093
345 T	0.10270	0.01622	0.88108
346 T	0.10268	0.01627	0.88105
347 T	0.10233	0.01613	0.88154
348 G	0.10195	0.01638	0.88167
349 A	0.10193	0.01581	0.88226
350 A	0.10234	0.01441	0.88325
351 T	0.10485	0.01028	0.88487
352 T	0.10579	0.00806	0.88615
353 C	0.10622	0.00704	0.88674
354 T	0.10636	0.00702	0.88662
355 T	0.10564	0.00819	0.88617
356 A	0.10388	0.01090	0.88522
357 T	0.10262	0.01277	0.88462
358 G	0.10147	0.01461	0.88392
359 A	0.10037	0.01672	0.8829
360 T	0.09979	0.01835	0.88186
361 T	0.09887	0.02025	0.88088
362 T	0.09640	0.02395	0.87965
363 A	0.09200	0.02871	0.87929
364 A	0.08840	0.03267	0.87892
365 A	0.08548	0.03582	0.8787
366 A	0.08423	0.03714	0.87863
367 C	0.08373	0.03720	0.87907
368 A	0.08354	0.03737	0.87909
369 G	0.08348	0.03720	0.87932
370 G	0.08380	0.03668	0.87953
371 C	0.08468	0.03557	0.87975
372 T	0.08498	0.03552	0.8795
373 T	0.08511	0.03571	0.87918
374 G	0.08514	0.03593	0.87892
375 T	0.08522	0.03622	0.87856
376 A	0.08524	0.03684	0.87792
377 A	0.08543	0.03649	0.87808
378 A	0.08588	0.03543	0.8787
379 A	0.08689	0.03320	0.87991
380 T	0.08763	0.03114	0.88123
381 A	0.08739	0.03046	0.88215
382 A	0.08775	0.02900	0.88325
383 T	0.08845	0.02755	0.88399
384 A	0.08847	0.02708	0.88445
385 A	0.08864	0.02527	0.88609
386 A	0.08876	0.02171	0.88953
387 A	0.08902	0.01854	0.89244
388 G	0.08929	0.01531	0.8954
389 G	0.08972	0.01364	0.89665
390 T	0.08990	0.01300	0.89709
391 A	0.08989	0.01278	0.89733
392 C	0.09000	0.01238	0.89762
393 T	0.09015	0.01219	0.89766
394 G	0.09011	0.01218	0.89771
395 C	0.09032	0.01196	0.89773
396 T	0.09068	0.01167	0.89765
397 G	0.09064	0.01176	0.8976
398 C	0.09081	0.01156	0.89763
399 T	0.09127	0.01133	0.89741
400 A	0.09108	0.01213	0.89678
401 G	0.09105	0.01250	0.89644
402 T	0.09140	0.01244	0.89616
403 A	0.09107	0.01324	0.89569
404 T	0.09137	0.01186	0.89678
405 G	0.09151	0.01097	0.89752
406 G	0.09179	0.01034	0.89786
407 G	0.09236	0.00921	0.89843
408 T	0.09311	0.00796	0.89894
409 A	0.09333	0.00750	0.89917
410 T	0.09377	0.00680	0.89943
411 T	0.09384	0.00657	0.89959
412 G	0.09387	0.00644	0.89968
413 A	0.09393	0.00629	0.89978
414 T	0.09396	0.00603	0.90001
415 A	0.09398	0.00592	0.9001
416 T	0.09405	0.00570	0.90026
417 A	0.09407	0.00548	0.90044
418 G	0.09413	0.00519	0.90068
419 T	0.09428	0.00486	0.90086
420 T	0.09441	0.00446	0.90113
421 G	0.09448	0.00425	0.90127
422 A	0.09475	0.00384	0.9014
423 A	0.09536	0.00287	0.90176
424 T	0.09590	0.00189	0.90221
425 G	0.09628	0.00115	0.90257
426 A	0.09695	0.00000	0.90305
