# lcl|CP097583.1_cds_USQ93388.1_1
# AA	inside	membr	outside
1 A	0.55532	0.00000	0.44468
2 T	0.55385	0.00148	0.44468
3 G	0.55280	0.00252	0.44468
4 A	0.55280	0.06977	0.37743
5 A	0.50723	0.19744	0.29533
6 A	0.50722	0.20587	0.28691
7 A	0.23979	0.47483	0.28538
8 C	0.23978	0.47486	0.28536
9 A	0.19140	0.52422	0.28438
10 A	0.19130	0.57502	0.23368
11 A	0.18670	0.58229	0.231
12 G	0.14480	0.62601	0.22918
13 A	0.08546	0.70615	0.20839
14 A	0.08545	0.70616	0.20839
15 A	0.08545	0.73433	0.18022
16 A	0.08326	0.73652	0.18022
17 A	0.08077	0.73910	0.18013
18 A	0.08072	0.73919	0.18009
19 C	0.07933	0.74057	0.1801
20 A	0.07046	0.74966	0.17988
21 A	0.06289	0.75713	0.17998
22 C	0.06411	0.75565	0.18024
23 C	0.06605	0.75354	0.18041
24 A	0.07076	0.74896	0.18027
25 G	0.07645	0.74154	0.182
26 A	0.08179	0.73547	0.18274
27 A	0.13663	0.67887	0.1845
28 T	0.21217	0.56309	0.22474
29 T	0.22257	0.52799	0.24943
30 T	0.22909	0.29159	0.47932
31 A	0.22845	0.28262	0.48893
32 A	0.22917	0.22959	0.54124
33 C	0.25558	0.18450	0.55992
34 G	0.25739	0.18338	0.55923
35 A	0.26160	0.15766	0.58073
36 G	0.28261	0.10161	0.61579
37 A	0.28526	0.09938	0.61536
38 T	0.31215	0.07179	0.61606
39 T	0.31043	0.07090	0.61867
40 G	0.30866	0.06964	0.62169
41 A	0.30883	0.06944	0.62173
42 A	0.30979	0.06695	0.62327
43 G	0.31084	0.05699	0.63218
44 T	0.31209	0.05689	0.63101
45 T	0.31290	0.05738	0.62972
46 A	0.31258	0.06500	0.62242
47 T	0.31174	0.07087	0.61739
48 T	0.31082	0.07523	0.61394
49 T	0.30976	0.08108	0.60917
50 G	0.30789	0.08441	0.6077
51 T	0.30734	0.08637	0.60629
52 G	0.30491	0.08875	0.60633
53 C	0.29933	0.09471	0.60595
54 T	0.29562	0.10150	0.60289
55 A	0.28384	0.11634	0.59981
56 C	0.27988	0.12020	0.59992
57 T	0.28324	0.12074	0.59603
58 T	0.27908	0.12984	0.59107
59 G	0.27557	0.13893	0.58551
60 T	0.27420	0.14206	0.58374
61 A	0.27016	0.14986	0.57998
62 G	0.27218	0.14724	0.58058
63 T	0.27298	0.14781	0.57921
64 C	0.27344	0.15044	0.57611
65 A	0.27420	0.15583	0.56998
66 T	0.27414	0.15697	0.56889
67 A	0.27659	0.15553	0.56789
68 A	0.27696	0.15565	0.56739
69 G	0.28303	0.14972	0.56724
70 C	0.28751	0.14462	0.56787
71 A	0.28905	0.14681	0.56414
72 T	0.29346	0.14617	0.56037
73 A	0.29311	0.15305	0.55384
74 A	0.29402	0.15685	0.54913
75 A	0.29434	0.16114	0.54453
76 A	0.29595	0.15558	0.54848
77 T	0.30001	0.14651	0.55349
78 T	0.29998	0.13714	0.56288
79 G	0.29274	0.13988	0.56739
80 G	0.28500	0.14962	0.56538
81 A	0.27481	0.16842	0.55677
82 A	0.27293	0.17182	0.55524
83 C	0.27275	0.16939	0.55786
84 A	0.27582	0.17107	0.55311
85 G	0.27964	0.17450	0.54587
86 T	0.28311	0.18445	0.53245
87 T	0.28241	0.22245	0.49514
88 A	0.27718	0.26288	0.45994
89 T	0.27318	0.27989	0.44693
90 G	0.26451	0.28880	0.4467
91 A	0.25873	0.29668	0.44459
92 A	0.25556	0.30025	0.4442
93 A	0.25490	0.30004	0.44506
94 C	0.25831	0.29541	0.44629
95 A	0.26283	0.29241	0.44476
96 A	0.27032	0.28507	0.44462
97 A	0.27557	0.28078	0.44365
98 T	0.28206	0.27449	0.44345
99 G	0.28339	0.27387	0.44274
100 A	0.28546	0.27274	0.4418
101 A	0.29013	0.26487	0.445
102 A	0.29371	0.25374	0.45256
103 A	0.30045	0.23816	0.4614
104 T	0.31508	0.21073	0.47418
105 T	0.32128	0.19903	0.47969
106 G	0.32413	0.19572	0.48015
107 A	0.33144	0.18883	0.47973
108 A	0.34246	0.17672	0.48081
109 A	0.35880	0.15807	0.48313
110 T	0.39949	0.11163	0.48888
111 T	0.43312	0.06978	0.49711
112 T	0.44547	0.05195	0.50258
113 G	0.44730	0.04261	0.51009
114 T	0.45056	0.03461	0.51482
115 T	0.45181	0.03092	0.51726
116 C	0.45218	0.02922	0.5186
117 T	0.45301	0.02882	0.51817
118 A	0.45430	0.02890	0.5168
119 A	0.45560	0.02893	0.51548
120 T	0.45776	0.02684	0.51539
121 T	0.45770	0.02755	0.51476
122 G	0.45474	0.03085	0.51441
123 T	0.45725	0.02962	0.51313
124 C	0.45724	0.03003	0.51273
125 A	0.45746	0.03240	0.51014
126 T	0.45964	0.03160	0.50877
127 T	0.46088	0.03198	0.50714
128 C	0.46037	0.03359	0.50604
129 T	0.46154	0.03456	0.5039
130 T	0.46030	0.03746	0.50223
131 T	0.45814	0.04080	0.50107
132 T	0.45569	0.04446	0.49985
133 T	0.45100	0.04930	0.4997
134 A	0.44554	0.05487	0.49959
135 T	0.43972	0.06073	0.49955
136 A	0.43424	0.06639	0.49937
137 C	0.43132	0.06919	0.49949
138 T	0.42858	0.07227	0.49915
139 G	0.42490	0.07629	0.49881
140 G	0.42276	0.07911	0.49812
141 A	0.42041	0.08161	0.49797
142 A	0.42077	0.08132	0.49791
143 A	0.42039	0.08115	0.49846
144 A	0.42100	0.07858	0.50043
145 C	0.42240	0.07299	0.50462
146 A	0.42403	0.07132	0.50465
147 A	0.42508	0.06961	0.50531
148 G	0.42838	0.06600	0.50563
149 T	0.43134	0.06355	0.50511
150 T	0.43392	0.06172	0.50436
151 T	0.43514	0.05902	0.50584
152 T	0.43426	0.05988	0.50586
153 T	0.43191	0.06282	0.50527
154 G	0.42574	0.06793	0.50633
155 T	0.42336	0.06868	0.50796
156 A	0.41546	0.07493	0.50961
157 A	0.41015	0.07825	0.5116
158 C	0.40636	0.07754	0.51611
159 T	0.40194	0.08239	0.51567
160 G	0.39521	0.08770	0.5171
161 T	0.39188	0.08981	0.51831
162 A	0.38395	0.09703	0.51902
163 G	0.37719	0.10335	0.51946
164 C	0.37354	0.10440	0.52206
165 A	0.36812	0.11010	0.52178
166 G	0.36353	0.11549	0.52098
167 G	0.35860	0.12402	0.51737
168 A	0.35706	0.13001	0.51293
169 C	0.35678	0.13623	0.507
170 A	0.35665	0.14942	0.49394
171 A	0.35687	0.15493	0.48819
172 A	0.35771	0.15975	0.48254
173 T	0.35880	0.16097	0.48024
174 A	0.35683	0.16532	0.47784
175 G	0.35521	0.16726	0.47753
176 A	0.35628	0.16733	0.47638
177 T	0.35749	0.16150	0.48101
178 A	0.35697	0.16372	0.47931
179 A	0.35966	0.15628	0.48405
180 A	0.36264	0.14869	0.48866
181 T	0.36577	0.14209	0.49213
182 T	0.36836	0.13464	0.497
183 T	0.36887	0.12899	0.50213
184 A	0.36902	0.12659	0.50439
185 A	0.36989	0.11931	0.5108
186 T	0.37094	0.11140	0.51766
187 A	0.37176	0.10704	0.5212
188 A	0.37298	0.10070	0.52632
189 A	0.37537	0.09356	0.53107
190 C	0.38080	0.08269	0.53651
191 G	0.38618	0.07595	0.53787
192 T	0.39507	0.06636	0.53857
193 T	0.40710	0.05386	0.53903
194 A	0.41169	0.04892	0.53939
195 T	0.41662	0.04364	0.53973
196 A	0.41883	0.04026	0.54091
197 A	0.42158	0.03406	0.54436
198 T	0.42686	0.02436	0.54878
199 T	0.43196	0.01651	0.55153
200 C	0.43392	0.01281	0.55328
201 T	0.43833	0.00731	0.55436
202 T	0.44039	0.00462	0.55498
203 A	0.44158	0.00296	0.55546
204 A	0.44378	0.00000	0.55622
