# lcl|CP097583.1_cds_USQ93322.1_1
# AA	inside	membr	outside
1 A	0.41621	0.00000	0.58378
2 T	0.41576	0.00045	0.58378
3 G	0.41561	0.00061	0.58378
4 T	0.41561	0.00156	0.58283
5 C	0.41401	0.00411	0.58188
6 T	0.41401	0.00507	0.58092
7 C	0.40194	0.01782	0.58024
8 T	0.40194	0.01785	0.5802
9 G	0.39017	0.03067	0.57915
10 A	0.39014	0.17132	0.43854
11 A	0.38759	0.18146	0.43095
12 T	0.37605	0.19714	0.42681
13 A	0.35009	0.25751	0.3924
14 A	0.35009	0.25751	0.39239
15 T	0.35009	0.50210	0.14781
16 A	0.34952	0.50267	0.14781
17 A	0.34826	0.50517	0.14657
18 T	0.34814	0.50661	0.14525
19 A	0.34608	0.50965	0.14427
20 A	0.33982	0.51818	0.142
21 A	0.33016	0.52780	0.14205
22 G	0.32991	0.52789	0.1422
23 T	0.32991	0.52743	0.14266
24 C	0.32886	0.52812	0.14301
25 C	0.32820	0.52736	0.14445
26 T	0.32827	0.52793	0.1438
27 T	0.32794	0.52922	0.14285
28 G	0.32645	0.53266	0.14089
29 A	0.32714	0.53620	0.13666
30 T	0.33853	0.51812	0.14335
31 A	0.33549	0.51923	0.14529
32 A	0.33461	0.50673	0.15867
33 A	0.44259	0.38929	0.16812
34 C	0.45115	0.37401	0.17485
35 C	0.46781	0.35043	0.18177
36 G	0.50289	0.31102	0.18609
37 A	0.51416	0.30022	0.18562
38 T	0.73019	0.08443	0.18538
39 T	0.72830	0.08726	0.18444
40 T	0.72687	0.08818	0.18495
41 C	0.68062	0.13493	0.18445
42 A	0.63871	0.18168	0.17961
43 A	0.62860	0.19157	0.17983
44 G	0.56624	0.24841	0.18535
45 A	0.55115	0.26339	0.18546
46 T	0.54747	0.26711	0.18541
47 T	0.53991	0.27273	0.18737
48 C	0.51287	0.29887	0.18826
49 A	0.46685	0.34938	0.18377
50 A	0.41385	0.40805	0.1781
51 A	0.40906	0.41496	0.17599
52 G	0.40106	0.42191	0.17703
53 G	0.39186	0.43281	0.17533
54 A	0.38780	0.43181	0.18039
55 T	0.38713	0.42638	0.18649
56 C	0.38215	0.42597	0.19189
57 T	0.36718	0.44108	0.19174
58 C	0.33724	0.47267	0.19009
59 A	0.32077	0.49545	0.18379
60 A	0.27947	0.53985	0.18068
61 G	0.25815	0.56380	0.17805
62 A	0.23453	0.58699	0.17848
63 A	0.22218	0.59852	0.1793
64 G	0.21139	0.55707	0.23153
65 A	0.20234	0.53203	0.26563
66 A	0.19657	0.52911	0.27432
67 T	0.19120	0.48963	0.31917
68 G	0.18425	0.50323	0.31252
69 G	0.17857	0.51505	0.30638
70 A	0.17475	0.52659	0.29866
71 G	0.17297	0.51447	0.31256
72 A	0.17537	0.48551	0.33911
73 G	0.18040	0.44086	0.37873
74 A	0.18393	0.43091	0.38516
75 A	0.18504	0.41760	0.39736
76 A	0.18802	0.40315	0.40884
77 C	0.18914	0.38904	0.42183
78 T	0.19005	0.38576	0.42419
79 A	0.18983	0.38371	0.42646
80 G	0.19033	0.37143	0.43825
81 A	0.19184	0.36206	0.4461
82 T	0.19754	0.34224	0.46022
83 T	0.19921	0.29290	0.50788
84 A	0.19607	0.27723	0.5267
85 G	0.19717	0.25348	0.54935
86 G	0.19924	0.23913	0.56163
87 A	0.20239	0.22453	0.57308
88 A	0.21347	0.19859	0.58794
89 T	0.23330	0.16787	0.59884
90 C	0.26242	0.13195	0.60564
91 T	0.28540	0.11933	0.59527
92 T	0.29288	0.14462	0.56249
93 T	0.29137	0.19218	0.51645
94 T	0.28027	0.27726	0.44247
95 T	0.25929	0.35926	0.38146
96 A	0.19913	0.48938	0.31149
97 A	0.16899	0.59595	0.23506
98 A	0.15691	0.63184	0.21125
99 A	0.14645	0.66106	0.19249
100 G	0.14345	0.67179	0.18476
101 A	0.14442	0.67787	0.17772
102 A	0.14531	0.68052	0.17417
103 A	0.14772	0.67924	0.17304
104 T	0.15938	0.66785	0.17276
105 A	0.16042	0.66792	0.17166
106 A	0.16197	0.66701	0.17102
107 A	0.16542	0.65929	0.17529
108 T	0.17000	0.65286	0.17715
109 G	0.16900	0.65522	0.17578
110 A	0.16680	0.66225	0.17095
111 A	0.16723	0.66405	0.16872
112 A	0.16802	0.66553	0.16645
113 A	0.16975	0.66391	0.16634
114 A	0.19135	0.64018	0.16847
115 A	0.23947	0.58397	0.17655
116 G	0.30711	0.49761	0.19528
117 T	0.39442	0.38829	0.21728
118 A	0.44404	0.31698	0.23898
119 C	0.50289	0.20554	0.29156
120 T	0.56787	0.12515	0.30699
121 A	0.58454	0.10641	0.30906
122 T	0.60042	0.08562	0.31396
123 T	0.60373	0.08565	0.31062
124 T	0.60387	0.09111	0.30502
125 T	0.60071	0.09689	0.3024
126 G	0.58013	0.11734	0.30254
127 A	0.56696	0.13226	0.30078
128 A	0.55692	0.14400	0.29907
129 T	0.55035	0.15018	0.29946
130 C	0.54504	0.15721	0.29775
131 A	0.54377	0.16569	0.29054
132 A	0.54491	0.16443	0.29066
133 T	0.54967	0.15638	0.29395
134 A	0.55096	0.15444	0.2946
135 T	0.55202	0.15212	0.29586
136 C	0.55201	0.14878	0.29921
137 C	0.55156	0.14982	0.29862
138 T	0.55021	0.15784	0.29196
139 A	0.54862	0.16084	0.29054
140 T	0.54840	0.16191	0.28969
141 A	0.54685	0.16436	0.28879
142 G	0.54654	0.16437	0.28909
143 C	0.54809	0.15910	0.29281
144 T	0.55270	0.15497	0.29233
145 A	0.55397	0.15768	0.28835
146 G	0.55888	0.15354	0.28758
147 T	0.56631	0.15871	0.27497
148 G	0.57142	0.15658	0.272
149 T	0.57429	0.14378	0.28193
150 A	0.57591	0.14193	0.28216
151 A	0.57883	0.12985	0.29132
152 C	0.58017	0.12412	0.29572
153 T	0.58277	0.13204	0.28519
154 A	0.58708	0.12914	0.28378
155 C	0.58751	0.13096	0.28153
156 A	0.58535	0.14764	0.26702
157 A	0.58329	0.15393	0.26278
158 C	0.58170	0.15791	0.26038
159 A	0.57617	0.17459	0.24924
160 G	0.56709	0.19358	0.23933
161 G	0.56841	0.20088	0.2307
162 A	0.56730	0.20700	0.22569
163 T	0.56659	0.21374	0.21968
164 T	0.56438	0.21811	0.2175
165 A	0.55697	0.22553	0.2175
166 A	0.55201	0.22980	0.2182
167 A	0.55083	0.23010	0.21907
168 A	0.55407	0.22513	0.2208
169 C	0.55803	0.21980	0.22217
170 C	0.57262	0.20477	0.22261
171 G	0.57694	0.20020	0.22287
172 C	0.58474	0.19226	0.22299
173 C	0.59361	0.18329	0.22311
174 A	0.59378	0.18313	0.22309
175 T	0.60270	0.17409	0.22321
176 C	0.61439	0.16156	0.22405
177 C	0.61599	0.15969	0.22432
178 A	0.62013	0.15525	0.22462
179 T	0.63832	0.13458	0.2271
180 T	0.64337	0.12782	0.22881
181 A	0.64751	0.12246	0.23003
182 G	0.65774	0.10637	0.2359
183 T	0.66829	0.08218	0.24953
184 T	0.67116	0.07380	0.25503
185 T	0.66125	0.08200	0.25675
186 T	0.64046	0.10541	0.25412
187 A	0.55372	0.20221	0.24407
188 A	0.48992	0.26710	0.24298
189 T	0.45511	0.30200	0.2429
190 A	0.37129	0.39087	0.23784
191 A	0.31804	0.44730	0.23466
192 A	0.27773	0.49258	0.22969
193 A	0.25456	0.51655	0.22889
194 G	0.23701	0.53325	0.22975
195 A	0.22829	0.54230	0.22941
196 A	0.22454	0.54471	0.23075
197 T	0.22313	0.54446	0.23241
198 A	0.22067	0.54676	0.23257
199 G	0.21850	0.54725	0.23425
200 C	0.21757	0.54658	0.23585
201 T	0.21642	0.54945	0.23413
202 A	0.21289	0.55894	0.22817
203 G	0.21055	0.56777	0.22167
204 A	0.20853	0.57753	0.21395
205 G	0.20701	0.58128	0.21171
206 A	0.20731	0.57828	0.21441
207 A	0.20941	0.56537	0.22522
208 G	0.21274	0.53969	0.24757
209 A	0.21859	0.50381	0.2776
210 T	0.23087	0.39629	0.37285
211 G	0.23633	0.32638	0.43729
212 A	0.24153	0.28973	0.46874
213 T	0.25079	0.21593	0.53329
214 A	0.25468	0.17026	0.57507
215 T	0.26045	0.13022	0.60933
216 A	0.26249	0.11292	0.62459
217 G	0.26425	0.10332	0.63243
218 G	0.26641	0.11112	0.62247
219 A	0.26661	0.16904	0.56435
220 T	0.26693	0.21988	0.51319
221 A	0.26452	0.25388	0.48159
222 T	0.26311	0.30538	0.43152
223 A	0.26132	0.34292	0.39576
224 A	0.26200	0.39050	0.3475
225 A	0.26573	0.41855	0.31572
226 A	0.27323	0.42857	0.29819
227 T	0.28255	0.43236	0.28509
228 T	0.28605	0.44934	0.26461
229 G	0.28786	0.45128	0.26086
230 T	0.28992	0.45124	0.25884
231 T	0.28873	0.45301	0.25826
232 T	0.28474	0.45718	0.25809
233 C	0.27619	0.46577	0.25804
234 T	0.27097	0.47132	0.2577
235 C	0.26163	0.48111	0.25725
236 C	0.25328	0.49156	0.25517
237 A	0.24677	0.50159	0.25165
238 A	0.24243	0.50919	0.24839
239 A	0.24558	0.50784	0.24658
240 A	0.25475	0.50070	0.24456
241 A	0.27502	0.48200	0.24298
242 A	0.34184	0.41463	0.24352
243 T	0.40924	0.34572	0.24504
244 A	0.44186	0.30934	0.2488
245 T	0.48976	0.25830	0.25194
246 A	0.51380	0.23227	0.25393
247 A	0.55323	0.19120	0.25557
248 C	0.58688	0.15547	0.25764
249 T	0.60754	0.13481	0.25766
250 A	0.61884	0.12372	0.25744
251 T	0.63859	0.10419	0.25723
252 T	0.64058	0.10319	0.25624
253 A	0.63782	0.10836	0.25382
254 A	0.63620	0.10647	0.25734
255 T	0.63696	0.09838	0.26466
256 T	0.63704	0.08804	0.27492
257 T	0.63720	0.08154	0.28125
258 G	0.63699	0.07544	0.28757
259 T	0.63881	0.06905	0.29213
260 A	0.64019	0.06299	0.29683
261 T	0.63933	0.05928	0.30139
262 A	0.63816	0.05993	0.30192
263 A	0.63959	0.05784	0.30257
264 C	0.64113	0.05546	0.30341
265 A	0.64224	0.05656	0.3012
266 T	0.64299	0.05621	0.3008
267 T	0.64303	0.05756	0.29941
268 T	0.64106	0.06396	0.29497
269 T	0.63691	0.07209	0.29101
270 A	0.62607	0.08779	0.28614
271 A	0.61407	0.10319	0.28274
272 T	0.61176	0.10545	0.28279
273 A	0.60858	0.10775	0.28368
274 G	0.60814	0.10547	0.2864
275 G	0.60930	0.10207	0.28862
276 T	0.61195	0.09636	0.29169
277 T	0.61221	0.09623	0.29156
278 C	0.61113	0.09875	0.29012
279 T	0.60764	0.11286	0.2795
280 A	0.59834	0.12608	0.27557
281 T	0.59053	0.13393	0.27553
282 A	0.58482	0.14008	0.2751
283 A	0.58184	0.14345	0.27471
284 C	0.58080	0.14065	0.27855
285 C	0.58105	0.13953	0.27942
286 T	0.58105	0.14189	0.27706
287 A	0.57855	0.14697	0.27448
288 T	0.58024	0.14656	0.2732
289 A	0.57873	0.14894	0.27232
290 A	0.57957	0.14811	0.27232
291 T	0.58425	0.14011	0.27563
292 A	0.58688	0.13272	0.2804
293 A	0.59191	0.11703	0.29106
294 T	0.59625	0.10092	0.30283
295 T	0.59717	0.09718	0.30564
296 C	0.59680	0.09480	0.3084
297 A	0.59655	0.09490	0.30855
298 A	0.59692	0.09431	0.30877
299 A	0.59802	0.09262	0.30936
300 T	0.60067	0.08853	0.3108
301 G	0.60254	0.08511	0.31234
302 A	0.61187	0.07006	0.31807
303 A	0.61532	0.05594	0.32874
304 C	0.61597	0.04447	0.33956
305 G	0.61715	0.03778	0.34507
306 T	0.62060	0.03150	0.34789
307 T	0.62254	0.02861	0.34884
308 T	0.62299	0.02947	0.34755
309 T	0.62232	0.03128	0.3464
310 T	0.61985	0.03206	0.34809
311 T	0.61601	0.03590	0.3481
312 A	0.61189	0.03983	0.34828
313 G	0.61058	0.03978	0.34964
314 T	0.61040	0.03906	0.35054
315 T	0.61000	0.03829	0.35171
316 T	0.60947	0.03794	0.35258
317 C	0.60913	0.03764	0.35323
318 T	0.60905	0.03727	0.35369
319 C	0.60891	0.03685	0.35425
320 C	0.60903	0.03666	0.35431
321 T	0.60928	0.03655	0.35417
322 G	0.60924	0.03685	0.35392
323 T	0.60923	0.03704	0.35373
324 A	0.60911	0.03769	0.3532
325 T	0.60922	0.03771	0.35307
326 A	0.60902	0.03793	0.35304
327 T	0.60906	0.03757	0.35337
328 A	0.60895	0.03800	0.35306
329 A	0.60906	0.03879	0.35215
330 A	0.60970	0.03873	0.35157
331 G	0.61228	0.03596	0.35176
332 T	0.61510	0.03131	0.3536
333 T	0.61494	0.02881	0.35625
334 T	0.61060	0.03244	0.35695
335 T	0.59814	0.05456	0.34729
336 T	0.58442	0.08577	0.3298
337 G	0.56930	0.14188	0.28882
338 A	0.56408	0.18043	0.25549
339 A	0.56154	0.18567	0.25278
340 G	0.56017	0.18841	0.25141
341 T	0.55804	0.19174	0.25022
342 T	0.53827	0.21156	0.25017
343 C	0.51274	0.23701	0.25025
344 A	0.48992	0.25987	0.25021
345 A	0.48154	0.26819	0.25027
346 C	0.47649	0.27317	0.25035
347 C	0.47331	0.27630	0.25038
348 A	0.47047	0.27916	0.25037
349 C	0.46909	0.28046	0.25045
350 A	0.46900	0.28056	0.25044
351 A	0.46990	0.27965	0.25046
352 T	0.47202	0.27741	0.25057
353 A	0.47287	0.27616	0.25097
354 T	0.47469	0.27379	0.25152
355 A	0.47580	0.26994	0.25425
356 A	0.47777	0.26284	0.2594
357 G	0.48204	0.24768	0.27027
358 C	0.49802	0.21515	0.28683
359 C	0.51721	0.18477	0.29802
360 T	0.56023	0.13412	0.30565
361 T	0.58808	0.10419	0.30773
362 T	0.59044	0.10057	0.30899
363 T	0.59084	0.09960	0.30956
364 T	0.59103	0.09647	0.3125
365 T	0.59082	0.07330	0.33588
366 T	0.59040	0.04990	0.3597
367 A	0.58989	0.03180	0.3783
368 T	0.58958	0.02784	0.38258
369 T	0.58545	0.02822	0.38633
370 T	0.57352	0.03996	0.38651
371 T	0.55369	0.06276	0.38355
372 T	0.52578	0.10084	0.37338
373 C	0.51109	0.12793	0.36098
374 A	0.50057	0.16914	0.33029
375 A	0.49708	0.18571	0.31722
376 T	0.49609	0.19246	0.31145
377 T	0.49341	0.20237	0.30422
378 A	0.46904	0.23655	0.2944
379 T	0.46008	0.25722	0.2827
380 T	0.43594	0.30776	0.2563
381 A	0.41770	0.35984	0.22246
382 A	0.41307	0.36680	0.22013
383 A	0.41054	0.37018	0.21928
384 A	0.40777	0.37351	0.21872
385 A	0.40536	0.37607	0.21857
386 C	0.39979	0.38114	0.21908
387 A	0.39211	0.38943	0.21846
388 G	0.38672	0.39572	0.21756
389 A	0.38242	0.40289	0.21469
390 A	0.38425	0.40270	0.21305
391 A	0.38625	0.40056	0.21319
392 A	0.38799	0.38902	0.223
393 A	0.39201	0.36681	0.24118
394 G	0.40074	0.33635	0.26291
395 C	0.41779	0.29533	0.28687
396 T	0.43667	0.27348	0.28986
397 T	0.46336	0.24226	0.29438
398 T	0.47143	0.23435	0.29422
399 A	0.47262	0.23264	0.29473
400 A	0.47599	0.22671	0.2973
401 C	0.48416	0.18727	0.32857
402 A	0.49285	0.16951	0.33764
403 C	0.51637	0.12446	0.35917
404 T	0.54658	0.09515	0.35827
405 T	0.54552	0.10696	0.34753
406 T	0.53846	0.14522	0.31632
407 A	0.52154	0.18690	0.29156
408 T	0.50962	0.20253	0.28785
409 A	0.49189	0.21904	0.28907
410 A	0.48628	0.22038	0.29333
411 A	0.48582	0.21518	0.299
412 C	0.48846	0.20804	0.3035
413 A	0.49019	0.21777	0.29203
414 A	0.49151	0.22811	0.28039
415 A	0.49282	0.23242	0.27477
416 T	0.49602	0.22971	0.27427
417 T	0.49586	0.23273	0.27142
418 T	0.49381	0.23733	0.26886
419 C	0.49203	0.24063	0.26735
420 T	0.49056	0.24859	0.26085
421 A	0.48629	0.25938	0.25432
422 A	0.48136	0.26691	0.25173
423 T	0.47650	0.27380	0.2497
424 A	0.46427	0.29162	0.2441
425 A	0.46231	0.29357	0.24411
426 A	0.46262	0.29435	0.24304
427 G	0.47204	0.28130	0.24666
428 G	0.48410	0.26327	0.25263
429 T	0.51633	0.22205	0.26162
430 A	0.53514	0.19003	0.27483
431 T	0.54042	0.17332	0.28625
432 C	0.54267	0.15942	0.29791
433 C	0.54517	0.15864	0.29619
434 G	0.54621	0.16800	0.28579
435 A	0.54896	0.17693	0.27412
436 A	0.55977	0.17264	0.2676
437 A	0.57234	0.16236	0.26531
438 T	0.58225	0.15361	0.26414
439 A	0.58465	0.15277	0.26258
440 A	0.59106	0.14533	0.26361
441 T	0.59778	0.13722	0.26501
442 T	0.59950	0.14066	0.25984
443 T	0.60172	0.14333	0.25494
444 A	0.60193	0.14731	0.25076
445 A	0.60287	0.14736	0.24978
446 A	0.60397	0.14484	0.25119
447 T	0.60866	0.13027	0.26107
448 A	0.60951	0.12792	0.26257
449 T	0.61369	0.12254	0.26377
450 G	0.61423	0.12321	0.26257
451 A	0.61475	0.12232	0.26293
452 A	0.61554	0.12097	0.26349
453 T	0.61894	0.11585	0.26522
454 G	0.62103	0.11273	0.26623
455 C	0.62613	0.10627	0.26761
456 T	0.63452	0.09926	0.26622
457 T	0.64432	0.09023	0.26545
458 T	0.65164	0.08386	0.2645
459 T	0.65531	0.08168	0.26301
460 A	0.65646	0.08336	0.26018
461 A	0.65837	0.08292	0.25871
462 T	0.66249	0.07761	0.25989
463 A	0.66522	0.07461	0.26017
464 A	0.67197	0.06681	0.26122
465 T	0.68637	0.05028	0.26336
466 T	0.69466	0.04070	0.26464
467 T	0.69922	0.03353	0.26725
468 A	0.70196	0.02975	0.2683
469 T	0.70480	0.02583	0.26937
470 T	0.70587	0.02400	0.27012
471 G	0.70687	0.02139	0.27174
472 T	0.70858	0.01891	0.2725
473 T	0.71043	0.01676	0.27282
474 T	0.71058	0.01729	0.27213
475 C	0.71048	0.01883	0.27069
476 G	0.71057	0.02391	0.26552
477 T	0.71098	0.02492	0.2641
478 A	0.71117	0.02531	0.26352
479 T	0.71351	0.02330	0.2632
480 T	0.71458	0.02277	0.26265
481 C	0.71466	0.02279	0.26255
482 C	0.71429	0.02430	0.26142
483 T	0.71529	0.02430	0.26041
484 T	0.71429	0.02642	0.2593
485 C	0.71262	0.02855	0.25884
486 T	0.71180	0.03206	0.25614
487 C	0.71032	0.03422	0.25546
488 T	0.70942	0.03600	0.25458
489 C	0.70786	0.03849	0.25365
490 T	0.70623	0.04423	0.24955
491 C	0.70296	0.05011	0.24693
492 A	0.69703	0.05740	0.24557
493 G	0.69232	0.06326	0.24442
494 A	0.68959	0.06704	0.24337
495 A	0.67379	0.08372	0.24249
496 C	0.66419	0.09378	0.24204
497 A	0.66199	0.09691	0.2411
498 A	0.66094	0.09886	0.24019
499 A	0.66335	0.09719	0.23946
500 A	0.66390	0.09703	0.23907
501 T	0.66433	0.09659	0.23907
502 A	0.66447	0.09615	0.23938
503 A	0.66480	0.09521	0.23999
504 A	0.66492	0.09371	0.24137
505 A	0.66615	0.09038	0.24348
506 T	0.66754	0.08631	0.24614
507 C	0.66864	0.08193	0.24942
508 G	0.66978	0.07920	0.25103
509 C	0.67353	0.07405	0.25242
510 T	0.67608	0.07082	0.2531
511 T	0.67733	0.06897	0.25369
512 C	0.67835	0.06733	0.25432
513 T	0.68212	0.06193	0.25595
514 T	0.68386	0.05768	0.25846
515 T	0.68426	0.05196	0.26378
516 T	0.68408	0.04877	0.26716
517 A	0.68360	0.04732	0.26908
518 T	0.68374	0.02820	0.28806
519 T	0.68061	0.02016	0.29923
520 T	0.67396	0.02405	0.30199
521 C	0.66552	0.03092	0.30355
522 T	0.66196	0.03454	0.3035
523 T	0.65362	0.04299	0.30339
524 T	0.62424	0.07285	0.30291
525 A	0.57705	0.12075	0.3022
526 T	0.55072	0.14819	0.30108
527 T	0.51128	0.19240	0.29632
528 A	0.42197	0.28939	0.28864
529 G	0.32760	0.38959	0.28281
530 A	0.24982	0.47495	0.27524
531 T	0.22612	0.50476	0.26912
532 A	0.16804	0.59169	0.24026
533 A	0.10474	0.67576	0.2195
534 A	0.06732	0.71945	0.21324
535 A	0.05383	0.73520	0.21097
536 A	0.04347	0.74709	0.20944
537 A	0.04041	0.75061	0.20898
538 A	0.03934	0.75140	0.20926
539 T	0.03923	0.75041	0.21036
540 A	0.03856	0.74998	0.21146
541 A	0.03847	0.74838	0.21315
542 A	0.03882	0.74301	0.21817
543 T	0.03935	0.73185	0.2288
544 T	0.03929	0.72317	0.23754
545 T	0.03896	0.71831	0.24273
546 A	0.03790	0.71053	0.25156
547 G	0.03715	0.67517	0.28768
548 A	0.03706	0.62746	0.33548
549 A	0.03823	0.59770	0.36408
550 G	0.04398	0.55355	0.40247
551 A	0.05243	0.47495	0.47262
552 A	0.05894	0.37363	0.56743
553 G	0.06631	0.28046	0.65324
554 A	0.07361	0.25338	0.673
555 A	0.10212	0.18518	0.7127
556 T	0.12387	0.10910	0.76703
557 T	0.12900	0.07396	0.79705
558 A	0.12988	0.07631	0.7938
559 T	0.13030	0.09866	0.77104
560 T	0.12522	0.19022	0.68456
561 A	0.09709	0.38963	0.51327
562 A	0.07113	0.58307	0.3458
563 A	0.06222	0.64305	0.29473
564 A	0.05885	0.68227	0.25888
565 A	0.05592	0.72432	0.21975
566 A	0.05546	0.73770	0.20684
567 T	0.05710	0.73648	0.20643
568 T	0.05751	0.73614	0.20634
569 A	0.05750	0.73610	0.2064
570 T	0.05855	0.73432	0.20713
571 C	0.05880	0.73369	0.20751
572 A	0.05892	0.73368	0.2074
573 A	0.05955	0.73298	0.20747
574 C	0.06236	0.73009	0.20755
575 T	0.06488	0.72770	0.20743
576 T	0.06610	0.72662	0.20728
577 C	0.06720	0.72575	0.20706
578 A	0.06792	0.72631	0.20577
579 A	0.06985	0.72495	0.2052
580 A	0.07612	0.71872	0.20516
581 A	0.09552	0.69901	0.20547
582 A	0.13541	0.65868	0.2059
583 A	0.23315	0.55349	0.21336
584 A	0.41384	0.34541	0.24075
585 T	0.59165	0.14234	0.26601
586 T	0.63847	0.08786	0.27367
587 A	0.65811	0.06774	0.27415
588 T	0.68470	0.04052	0.27478
589 T	0.68982	0.03666	0.27352
590 T	0.68877	0.03757	0.27366
591 T	0.68616	0.03970	0.27414
592 T	0.68316	0.04265	0.2742
593 T	0.68123	0.04499	0.27378
594 A	0.67837	0.04807	0.27356
595 A	0.67844	0.04749	0.27407
596 A	0.67863	0.04669	0.27468
597 T	0.67901	0.04548	0.2755
598 T	0.67935	0.04446	0.27619
599 C	0.67959	0.04323	0.27719
600 A	0.67989	0.04248	0.27763
601 T	0.68112	0.04060	0.27828
602 T	0.68159	0.03977	0.27864
603 A	0.68180	0.03933	0.27887
604 A	0.68211	0.03880	0.27908
605 T	0.68271	0.03729	0.28
606 A	0.68305	0.03638	0.28058
607 A	0.68415	0.03448	0.28138
608 T	0.68665	0.03052	0.28283
609 T	0.68860	0.02613	0.28526
610 T	0.69096	0.02013	0.28891
611 A	0.69303	0.01402	0.29294
612 A	0.69673	0.00000	0.30328
