# lcl|CP097583.1_cds_USQ93150.1_1
# AA	inside	membr	outside
1 A	0.67453	0.00000	0.32547
2 T	0.67309	0.00144	0.32547
3 G	0.67273	0.00180	0.32547
4 A	0.67273	0.07584	0.25143
5 A	0.66935	0.11247	0.21817
6 T	0.66935	0.11625	0.2144
7 T	0.66594	0.11993	0.21413
8 T	0.66594	0.11993	0.21412
9 A	0.66513	0.12088	0.21399
10 T	0.66512	0.12209	0.21278
11 C	0.66489	0.12245	0.21266
12 A	0.66162	0.12600	0.21237
13 T	0.65746	0.13183	0.2107
14 C	0.65745	0.13184	0.2107
15 T	0.65745	0.21277	0.12977
16 T	0.65014	0.22009	0.12977
17 T	0.62882	0.24327	0.12791
18 A	0.62750	0.24930	0.1232
19 A	0.61051	0.26905	0.12044
20 A	0.55036	0.37580	0.07383
21 A	0.50531	0.42086	0.07382
22 G	0.50350	0.42500	0.0715
23 A	0.50071	0.43237	0.06692
24 A	0.49867	0.43536	0.06596
25 C	0.50016	0.43356	0.06628
26 A	0.50212	0.43472	0.06316
27 T	0.56438	0.37208	0.06354
28 C	0.58080	0.35452	0.06468
29 T	0.57991	0.35835	0.06174
30 T	0.57303	0.36701	0.05996
31 C	0.54634	0.39973	0.05393
32 A	0.53093	0.42540	0.04367
33 A	0.50672	0.45354	0.03974
34 A	0.49751	0.46599	0.0365
35 A	0.49693	0.46602	0.03705
36 A	0.49866	0.46231	0.03903
37 A	0.50126	0.45676	0.04198
38 A	0.56051	0.38968	0.04981
39 T	0.56406	0.36341	0.07253
40 C	0.56783	0.32707	0.1051
41 C	0.57086	0.31615	0.11299
42 A	0.57308	0.30983	0.11709
43 G	0.60198	0.25987	0.13816
44 A	0.60192	0.24874	0.14934
45 A	0.60681	0.24311	0.15008
46 G	0.61363	0.22993	0.15644
47 A	0.61995	0.20912	0.17093
48 T	0.62721	0.18895	0.18384
49 A	0.63238	0.17731	0.19031
50 G	0.63931	0.15887	0.20181
51 T	0.64532	0.14494	0.20974
52 T	0.65261	0.14226	0.20513
53 A	0.65578	0.13833	0.2059
54 T	0.66367	0.11403	0.2223
55 T	0.67069	0.10302	0.2263
56 T	0.67262	0.08430	0.24308
57 T	0.67313	0.07856	0.2483
58 T	0.67217	0.07869	0.24915
59 T	0.67062	0.08078	0.2486
60 C	0.66639	0.08624	0.24737
61 T	0.66033	0.10107	0.23861
62 T	0.64753	0.12779	0.22468
63 T	0.62931	0.15400	0.21669
64 A	0.60023	0.18474	0.21503
65 A	0.58894	0.19673	0.21433
66 T	0.58362	0.20159	0.21478
67 C	0.57482	0.20932	0.21585
68 C	0.56878	0.21696	0.21426
69 T	0.56533	0.22399	0.21069
70 A	0.55804	0.23298	0.20898
71 A	0.55314	0.23894	0.20792
72 A	0.55041	0.24267	0.20692
73 G	0.54879	0.24520	0.20601
74 C	0.55012	0.24472	0.20516
75 T	0.56720	0.22960	0.20319
76 G	0.57381	0.22456	0.20163
77 A	0.57925	0.22138	0.19938
78 T	0.58733	0.21600	0.19667
79 T	0.58231	0.22760	0.19008
80 T	0.56899	0.25658	0.17443
81 A	0.52952	0.30718	0.16331
82 A	0.50717	0.33257	0.16025
83 A	0.50062	0.33833	0.16106
84 A	0.50236	0.33161	0.16603
85 G	0.51185	0.31250	0.17564
86 A	0.51868	0.29600	0.18532
87 T	0.52018	0.27088	0.20894
88 G	0.51588	0.26748	0.21664
89 T	0.51085	0.27134	0.21781
90 G	0.49005	0.29068	0.21927
91 G	0.47978	0.30314	0.21708
92 A	0.47520	0.30914	0.21566
93 A	0.47457	0.30659	0.21885
94 A	0.47531	0.30397	0.22072
95 A	0.47698	0.29840	0.22463
96 A	0.47906	0.29193	0.22901
97 T	0.48141	0.28326	0.23533
98 T	0.48305	0.27925	0.2377
99 A	0.48382	0.27585	0.24033
100 G	0.48590	0.26965	0.24445
101 A	0.48968	0.26080	0.24952
102 A	0.49690	0.24208	0.26102
103 T	0.51644	0.20484	0.27872
104 T	0.52802	0.15649	0.31549
105 C	0.53260	0.13242	0.33498
106 G	0.53661	0.12366	0.33973
107 G	0.54061	0.11702	0.34237
108 T	0.54825	0.10913	0.34261
109 T	0.55762	0.10190	0.34048
110 T	0.56211	0.10199	0.3359
111 A	0.56416	0.10935	0.32649
112 T	0.56808	0.10113	0.33079
113 G	0.57034	0.08054	0.34912
114 T	0.57557	0.06950	0.35492
115 T	0.57781	0.06618	0.356
116 C	0.57850	0.06865	0.35285
117 T	0.58086	0.07628	0.34286
118 T	0.58039	0.09959	0.32002
119 G	0.57704	0.11569	0.30727
120 T	0.57375	0.13094	0.29531
121 G	0.56871	0.14859	0.2827
122 T	0.56759	0.15308	0.27934
123 G	0.56522	0.15949	0.27529
124 G	0.56365	0.16603	0.27032
125 T	0.56295	0.17271	0.26435
126 C	0.56084	0.18680	0.25237
127 A	0.55713	0.26188	0.18099
128 A	0.54977	0.30814	0.1421
129 A	0.52624	0.36396	0.10981
130 A	0.50955	0.39364	0.09681
131 A	0.50534	0.40437	0.09028
132 A	0.50055	0.41298	0.08648
133 A	0.49950	0.41550	0.085
134 G	0.51129	0.40306	0.08564
135 T	0.51598	0.39887	0.08516
136 G	0.51713	0.39960	0.08327
137 A	0.52340	0.39574	0.08085
138 T	0.53237	0.38811	0.07953
139 T	0.53554	0.38742	0.07704
140 A	0.53481	0.38782	0.07737
141 T	0.55125	0.36883	0.07992
142 A	0.55374	0.36312	0.08314
143 T	0.56088	0.35205	0.08707
144 C	0.56373	0.34403	0.09224
145 C	0.56140	0.34512	0.09348
146 C	0.55746	0.34860	0.09394
147 T	0.55352	0.35326	0.09321
148 A	0.53842	0.36960	0.09198
149 A	0.53826	0.37065	0.09109
150 A	0.59321	0.31620	0.09059
151 A	0.61427	0.29051	0.09522
152 T	0.63302	0.24499	0.12198
153 T	0.61152	0.25284	0.13563
154 A	0.54327	0.31757	0.13916
155 A	0.48991	0.36836	0.14173
156 G	0.38844	0.46768	0.14387
157 G	0.33892	0.51746	0.14362
158 A	0.31082	0.54963	0.13956
159 T	0.28340	0.58049	0.13612
160 A	0.21941	0.65062	0.12996
161 A	0.16026	0.72557	0.11416
162 A	0.13805	0.76130	0.10066
163 G	0.12980	0.77075	0.09944
164 A	0.12456	0.77880	0.09663
165 A	0.12155	0.78559	0.09287
166 T	0.11854	0.80035	0.0811
167 T	0.11233	0.81373	0.07394
168 A	0.10187	0.83214	0.066
169 A	0.09737	0.83806	0.06457
170 A	0.09526	0.83357	0.07117
171 A	0.09471	0.81774	0.08755
172 G	0.09534	0.80286	0.1018
173 A	0.09749	0.78907	0.11343
174 A	0.10010	0.76628	0.13363
175 A	0.10343	0.74507	0.1515
176 T	0.11081	0.70602	0.18317
177 G	0.11444	0.64123	0.24433
178 A	0.11927	0.58325	0.29749
179 T	0.12402	0.46844	0.40754
180 A	0.12669	0.42014	0.45317
181 A	0.13207	0.38971	0.47822
182 T	0.14234	0.34451	0.51315
183 G	0.14935	0.27622	0.57443
184 G	0.16629	0.20432	0.62938
185 A	0.18488	0.16805	0.64707
186 T	0.19689	0.15152	0.6516
187 G	0.20288	0.14344	0.65368
188 A	0.21651	0.13091	0.65258
189 T	0.23573	0.11078	0.65349
190 G	0.24576	0.11884	0.6354
191 T	0.25534	0.18246	0.5622
192 T	0.25907	0.31435	0.42658
193 T	0.24976	0.54209	0.20815
194 A	0.23179	0.66474	0.10348
195 T	0.21032	0.70800	0.08168
196 A	0.16751	0.76819	0.0643
197 A	0.14844	0.79322	0.05833
198 A	0.13811	0.80404	0.05784
199 C	0.13742	0.80481	0.05777
200 A	0.13627	0.80607	0.05766
201 T	0.13902	0.80336	0.05762
202 C	0.13697	0.80558	0.05745
203 T	0.13466	0.80916	0.05618
204 C	0.12839	0.81649	0.05512
205 A	0.12269	0.82804	0.04928
206 T	0.12005	0.83261	0.04734
207 T	0.11297	0.84095	0.04608
208 A	0.09570	0.86015	0.04415
209 A	0.08674	0.86997	0.0433
210 A	0.08567	0.87083	0.0435
211 A	0.08895	0.86700	0.04405
212 A	0.09775	0.85737	0.04488
213 A	0.12944	0.82292	0.04764
214 G	0.22717	0.72025	0.05258
215 A	0.38113	0.56148	0.05739
216 T	0.60011	0.32609	0.0738
217 A	0.67377	0.23695	0.08928
218 T	0.69536	0.19134	0.1133
219 T	0.70566	0.14512	0.14922
220 T	0.70765	0.12569	0.16666
221 T	0.70684	0.11587	0.17728
222 A	0.70449	0.11676	0.17876
223 A	0.70348	0.11488	0.18164
224 A	0.70336	0.11101	0.18563
225 A	0.70211	0.10480	0.19309
226 T	0.70200	0.09420	0.2038
227 G	0.69668	0.09247	0.21085
228 T	0.69590	0.09044	0.21366
229 T	0.69568	0.09118	0.21314
230 A	0.69367	0.09801	0.20832
231 T	0.69303	0.09615	0.21082
232 T	0.68802	0.11959	0.19239
233 T	0.66943	0.17805	0.15252
234 A	0.53660	0.34377	0.11963
235 A	0.36433	0.56260	0.07308
236 A	0.29036	0.65329	0.05635
237 T	0.26339	0.69146	0.04516
238 G	0.23233	0.72434	0.04333
239 A	0.22397	0.73402	0.04201
240 T	0.22095	0.73716	0.0419
241 G	0.21641	0.74175	0.04184
242 C	0.21366	0.74464	0.0417
243 T	0.21224	0.74825	0.03951
244 A	0.20971	0.75330	0.03699
245 A	0.20935	0.75457	0.03607
246 A	0.20961	0.75447	0.03592
247 A	0.21029	0.75328	0.03643
248 A	0.21166	0.74900	0.03934
249 T	0.21523	0.74118	0.04358
250 A	0.21767	0.73174	0.05059
251 C	0.22276	0.71722	0.06002
252 A	0.22799	0.71016	0.06186
253 G	0.24015	0.69470	0.06516
254 A	0.25546	0.67639	0.06816
255 A	0.28651	0.63743	0.07606
256 T	0.32803	0.57334	0.09863
257 A	0.35748	0.40909	0.23343
258 T	0.40391	0.19084	0.40525
259 G	0.41788	0.10743	0.47469
260 T	0.42851	0.07100	0.50049
261 T	0.43062	0.04709	0.5223
262 T	0.43192	0.04898	0.5191
263 T	0.43203	0.05698	0.51099
264 A	0.42824	0.07351	0.49824
265 G	0.42659	0.10156	0.47185
266 T	0.42765	0.15718	0.41517
267 T	0.42544	0.20736	0.3672
268 T	0.41907	0.24325	0.33767
269 T	0.40172	0.28462	0.31366
270 A	0.36475	0.35444	0.28081
271 G	0.35414	0.40444	0.24143
272 T	0.34887	0.46875	0.18238
273 A	0.33727	0.49283	0.1699
274 A	0.32737	0.50645	0.16618
275 A	0.32083	0.51659	0.16259
276 T	0.31983	0.51811	0.16206
277 C	0.31779	0.52012	0.1621
278 T	0.31706	0.52099	0.16195
279 T	0.31601	0.52220	0.16179
280 C	0.31462	0.52377	0.1616
281 C	0.31381	0.52524	0.16095
282 T	0.31326	0.52788	0.15885
283 A	0.31002	0.53454	0.15543
284 A	0.31138	0.53666	0.15196
285 A	0.32016	0.53115	0.1487
286 G	0.32795	0.52573	0.14632
287 A	0.34824	0.50163	0.15013
288 T	0.41454	0.43233	0.15314
289 T	0.47651	0.36914	0.15436
290 T	0.50482	0.33646	0.15872
291 A	0.49836	0.33961	0.16203
292 A	0.50285	0.32183	0.17531
293 T	0.51666	0.27666	0.20668
294 G	0.52838	0.25711	0.21451
295 A	0.56161	0.22085	0.21754
296 A	0.55441	0.21889	0.2267
297 A	0.54167	0.22178	0.23655
298 C	0.52200	0.23435	0.24365
299 T	0.47852	0.27703	0.24445
300 G	0.35401	0.40096	0.24503
301 G	0.27586	0.48022	0.24392
302 G	0.24195	0.51817	0.23988
303 C	0.22540	0.53794	0.23665
304 G	0.20054	0.57627	0.2232
305 A	0.18616	0.61238	0.20146
306 A	0.17746	0.65311	0.16944
307 A	0.17644	0.68148	0.14208
308 A	0.17839	0.68255	0.13906
309 T	0.18121	0.66971	0.14908
310 A	0.18041	0.66196	0.15762
311 T	0.18307	0.64587	0.17107
312 T	0.18311	0.63373	0.18316
313 C	0.18135	0.62153	0.19712
314 G	0.18161	0.61303	0.20535
315 T	0.18432	0.60751	0.20817
316 A	0.18169	0.61091	0.2074
317 A	0.17505	0.61197	0.21298
318 T	0.17272	0.61351	0.21376
319 A	0.16522	0.61066	0.22413
320 A	0.15862	0.61194	0.22945
321 A	0.15630	0.59686	0.24684
322 A	0.15613	0.55656	0.28731
323 T	0.15784	0.45011	0.39205
324 A	0.16065	0.40927	0.43009
325 G	0.16761	0.40346	0.42893
326 A	0.17299	0.43102	0.39599
327 A	0.18213	0.46390	0.35397
328 A	0.19917	0.49640	0.30444
329 T	0.23257	0.46981	0.29762
330 T	0.25712	0.45495	0.28793
331 A	0.25744	0.47028	0.27228
332 T	0.25588	0.48625	0.25787
333 G	0.24567	0.51133	0.24299
334 T	0.24030	0.52928	0.23041
335 T	0.21889	0.58041	0.2007
336 A	0.17429	0.69042	0.13529
337 A	0.16005	0.77637	0.06358
338 A	0.15237	0.80507	0.04256
339 A	0.14624	0.81083	0.04293
340 A	0.14441	0.80465	0.05093
341 A	0.14880	0.79647	0.05473
342 A	0.15910	0.77867	0.06223
343 C	0.17452	0.75637	0.06911
344 C	0.19071	0.73782	0.07147
345 A	0.20805	0.72233	0.06961
346 G	0.23155	0.70021	0.06824
347 A	0.26174	0.67067	0.06758
348 T	0.29759	0.63522	0.0672
349 A	0.33378	0.59895	0.06727
350 A	0.40024	0.52506	0.0747
351 T	0.48115	0.43892	0.07993
352 T	0.50338	0.41842	0.0782
353 T	0.50603	0.42195	0.07201
354 A	0.48904	0.45756	0.05339
355 A	0.48155	0.46332	0.05512
356 T	0.45218	0.48028	0.06755
357 A	0.38532	0.54096	0.07373
358 A	0.37902	0.52651	0.09447
359 C	0.42693	0.43829	0.13478
360 T	0.47653	0.37829	0.14518
361 A	0.45187	0.39888	0.14925
362 T	0.42716	0.41968	0.15315
363 T	0.39184	0.45554	0.15262
364 G	0.35041	0.50258	0.147
365 A	0.33126	0.52497	0.14376
366 A	0.31302	0.54400	0.14299
367 A	0.29926	0.56116	0.13959
368 T	0.29163	0.57422	0.13416
369 T	0.27845	0.58551	0.13605
370 G	0.23728	0.63335	0.12936
371 A	0.20945	0.66600	0.12454
372 A	0.19179	0.68897	0.11924
373 C	0.18602	0.70164	0.11235
374 A	0.18333	0.71302	0.10365
375 A	0.18580	0.71108	0.10312
376 A	0.19414	0.69686	0.10901
377 A	0.21418	0.65810	0.12773
378 T	0.21838	0.63796	0.14366
379 T	0.21872	0.57638	0.2049
380 A	0.21585	0.50456	0.27958
381 T	0.21638	0.45611	0.32751
382 T	0.21600	0.43793	0.34608
383 G	0.21330	0.42335	0.36335
384 T	0.21349	0.39270	0.39381
385 G	0.20868	0.37607	0.41524
386 A	0.20511	0.37909	0.4158
387 T	0.20336	0.37772	0.41892
388 A	0.18346	0.46881	0.34773
389 A	0.16806	0.54909	0.28285
390 A	0.16860	0.59009	0.24132
391 G	0.17327	0.58748	0.23926
392 G	0.17359	0.58848	0.23793
393 T	0.18586	0.56876	0.24537
394 A	0.19196	0.57240	0.23564
395 A	0.20015	0.56784	0.23201
396 A	0.20876	0.56760	0.22364
397 T	0.21751	0.57165	0.21085
398 T	0.21800	0.59205	0.18996
399 A	0.20478	0.64223	0.15299
400 A	0.20076	0.66191	0.13733
401 A	0.19749	0.67730	0.12521
402 A	0.19020	0.69273	0.11707
403 T	0.18796	0.70023	0.1118
404 T	0.18122	0.71502	0.10377
405 A	0.15123	0.76148	0.08729
406 A	0.12941	0.80304	0.06755
407 A	0.09756	0.85558	0.04686
408 A	0.09173	0.85692	0.05135
409 A	0.10686	0.83719	0.05594
410 A	0.13480	0.79920	0.066
411 A	0.22583	0.68722	0.08695
412 C	0.31797	0.57752	0.10451
413 T	0.39531	0.49722	0.10746
414 T	0.41676	0.47543	0.1078
415 T	0.41811	0.47922	0.10267
416 C	0.40833	0.49194	0.09973
417 A	0.35445	0.55615	0.08939
418 A	0.33973	0.57363	0.08664
419 A	0.34392	0.56961	0.08648
420 T	0.35989	0.55506	0.08504
421 A	0.35980	0.55877	0.08143
422 T	0.37950	0.52692	0.09358
423 A	0.34852	0.56211	0.08937
424 A	0.31117	0.60695	0.08187
425 A	0.29987	0.61757	0.08256
426 T	0.29714	0.61706	0.0858
427 A	0.29259	0.61944	0.08797
428 A	0.29771	0.59264	0.10965
429 A	0.30917	0.56370	0.12713
430 G	0.32427	0.51298	0.16275
431 A	0.32155	0.50930	0.16916
432 T	0.30143	0.52497	0.17361
433 A	0.26005	0.56691	0.17304
434 C	0.24464	0.58115	0.17421
435 A	0.22688	0.61171	0.1614
436 A	0.21475	0.63403	0.15122
437 A	0.21144	0.64589	0.14267
438 T	0.21445	0.64637	0.13918
439 A	0.21041	0.67925	0.11034
440 T	0.21194	0.62677	0.16128
441 T	0.20188	0.62576	0.17236
442 A	0.18520	0.66388	0.15093
443 A	0.18143	0.69165	0.12692
444 A	0.18019	0.69991	0.1199
445 G	0.17963	0.68330	0.13706
446 A	0.18745	0.64755	0.16501
447 T	0.20566	0.59223	0.20212
448 A	0.21502	0.57849	0.20649
449 C	0.22249	0.56460	0.21291
450 A	0.22789	0.59130	0.18081
451 A	0.23311	0.60154	0.16535
452 T	0.23732	0.59799	0.16469
453 A	0.23818	0.60004	0.16178
454 A	0.24291	0.59416	0.16294
455 T	0.25136	0.55558	0.19305
456 T	0.25652	0.51129	0.2322
457 A	0.25738	0.49803	0.2446
458 A	0.27081	0.47095	0.25824
459 A	0.28459	0.44718	0.26823
460 G	0.30000	0.42720	0.2728
461 G	0.32606	0.39948	0.27446
462 T	0.38656	0.34167	0.27176
463 T	0.40687	0.33810	0.25504
464 T	0.42312	0.33742	0.23946
465 T	0.44464	0.31611	0.23925
466 A	0.44318	0.32793	0.22889
467 A	0.45127	0.32020	0.22853
468 A	0.45300	0.31724	0.22976
469 C	0.46303	0.30872	0.22826
470 T	0.48083	0.31511	0.20406
471 T	0.50129	0.30744	0.19128
472 A	0.50915	0.31303	0.17782
473 A	0.52756	0.30753	0.16491
474 T	0.53929	0.30945	0.15125
475 T	0.53136	0.33796	0.13068
476 T	0.50183	0.37577	0.12241
477 A	0.40962	0.49090	0.09948
478 A	0.35020	0.55981	0.08999
479 A	0.30564	0.60496	0.0894
480 C	0.27368	0.63478	0.09154
481 A	0.24289	0.66615	0.09096
482 A	0.23439	0.67481	0.09081
483 C	0.23825	0.67123	0.09052
484 G	0.24782	0.66383	0.08835
485 A	0.26182	0.65168	0.0865
486 T	0.29061	0.62250	0.08689
487 A	0.30460	0.60796	0.08744
488 A	0.31097	0.60016	0.08888
489 T	0.32504	0.56631	0.10865
490 C	0.32909	0.55233	0.11858
491 G	0.33285	0.54652	0.12064
492 A	0.34025	0.53948	0.12027
493 T	0.36583	0.51538	0.11879
494 T	0.37447	0.50758	0.11795
495 A	0.37364	0.51002	0.11635
496 G	0.37790	0.49484	0.12725
497 A	0.38262	0.48252	0.13486
498 A	0.39724	0.45634	0.14642
499 A	0.40521	0.41673	0.17806
500 T	0.43133	0.29607	0.2726
501 A	0.43893	0.23343	0.32764
502 T	0.43955	0.19232	0.36813
503 T	0.43896	0.16995	0.39109
504 T	0.43635	0.15112	0.41254
505 G	0.43126	0.15199	0.41675
506 G	0.42888	0.15803	0.4131
507 T	0.42952	0.15661	0.41387
508 A	0.43002	0.15871	0.41127
509 T	0.43002	0.16033	0.40965
510 T	0.42943	0.16352	0.40706
511 C	0.42803	0.17048	0.40149
512 T	0.42704	0.19560	0.37736
513 A	0.42297	0.24418	0.33285
514 A	0.42126	0.31124	0.2675
515 A	0.41793	0.35672	0.22535
516 T	0.40871	0.38763	0.20366
517 A	0.38605	0.42151	0.19244
518 A	0.36853	0.44046	0.19102
519 T	0.35226	0.46213	0.18561
520 A	0.32432	0.49017	0.18551
521 A	0.32621	0.49079	0.18299
522 T	0.33486	0.48636	0.17879
523 A	0.33640	0.49372	0.16988
524 A	0.34137	0.49400	0.16463
525 T	0.35070	0.48875	0.16055
526 T	0.35816	0.48351	0.15834
527 T	0.36077	0.48304	0.15619
528 A	0.35383	0.48776	0.15842
529 G	0.35349	0.48544	0.16107
530 C	0.35041	0.48677	0.16282
531 T	0.34897	0.48758	0.16345
532 C	0.33593	0.50102	0.16304
533 C	0.32335	0.51723	0.15942
534 A	0.31612	0.53864	0.14523
535 A	0.33224	0.52732	0.14044
536 A	0.36846	0.49155	0.13998
537 A	0.42558	0.43519	0.13922
538 T	0.46939	0.38647	0.14413
539 T	0.48807	0.34957	0.16236
540 A	0.48816	0.32543	0.18641
541 A	0.48556	0.30394	0.2105
542 T	0.49073	0.27616	0.23311
543 C	0.47367	0.26606	0.26028
544 A	0.45350	0.28403	0.26246
545 C	0.44707	0.28901	0.26392
546 G	0.44369	0.29669	0.25962
547 G	0.44074	0.31354	0.24572
548 A	0.44143	0.32896	0.2296
549 T	0.44457	0.33988	0.21556
550 T	0.44025	0.37443	0.18532
551 T	0.43045	0.39716	0.1724
552 A	0.41573	0.43368	0.1506
553 A	0.41002	0.44667	0.1433
554 A	0.39484	0.46999	0.13517
555 A	0.37472	0.48605	0.13923
556 A	0.37108	0.48657	0.14235
557 T	0.38083	0.47067	0.14851
558 T	0.37750	0.48010	0.1424
559 A	0.36881	0.50055	0.13064
560 A	0.36602	0.50925	0.12472
561 T	0.35905	0.51716	0.12379
562 A	0.34070	0.53946	0.11984
563 A	0.33166	0.53926	0.12908
564 T	0.32740	0.53133	0.14127
565 G	0.31653	0.53894	0.14453
566 A	0.31076	0.53703	0.15221
567 A	0.30820	0.52107	0.17073
568 A	0.30847	0.50782	0.18372
569 A	0.31431	0.48848	0.1972
570 T	0.33442	0.45520	0.21038
571 C	0.35276	0.42794	0.2193
572 A	0.37681	0.41011	0.21307
573 T	0.41895	0.37325	0.2078
574 T	0.44180	0.34694	0.21127
575 T	0.45750	0.33238	0.21011
576 A	0.46140	0.33274	0.20586
577 A	0.47219	0.30744	0.22037
578 C	0.48428	0.26711	0.24861
579 T	0.50559	0.23950	0.25491
580 T	0.52099	0.22399	0.25503
581 T	0.53554	0.20984	0.25462
582 T	0.54330	0.20232	0.25439
583 A	0.54595	0.20762	0.24643
584 A	0.54900	0.20019	0.25081
585 T	0.55657	0.17618	0.26725
586 T	0.55975	0.17299	0.26726
587 T	0.56032	0.17798	0.26171
588 A	0.55665	0.18934	0.25402
589 A	0.55567	0.20296	0.24136
590 T	0.54485	0.21860	0.23655
591 A	0.50273	0.28679	0.21048
592 A	0.45673	0.37927	0.164
593 A	0.40617	0.45943	0.1344
594 A	0.37791	0.51609	0.10599
595 A	0.35197	0.54751	0.10051
596 A	0.35266	0.55137	0.09597
597 A	0.35362	0.55474	0.09165
598 T	0.36459	0.54458	0.09083
599 C	0.36559	0.54544	0.08897
600 T	0.36749	0.55119	0.08132
601 T	0.36148	0.55800	0.08052
602 T	0.35702	0.56346	0.07952
603 T	0.35155	0.56880	0.07965
604 A	0.34270	0.57732	0.07998
605 C	0.34325	0.57337	0.08338
606 T	0.35044	0.56455	0.085
607 C	0.35358	0.56032	0.08609
608 C	0.35808	0.55562	0.08631
609 T	0.36471	0.54965	0.08564
610 G	0.36804	0.54711	0.08485
611 A	0.37658	0.53878	0.08463
612 T	0.38945	0.52543	0.08511
613 A	0.39372	0.51377	0.09251
614 A	0.41635	0.45734	0.12631
615 A	0.45853	0.37389	0.16758
616 A	0.48506	0.29895	0.21599
617 A	0.50883	0.24665	0.24452
618 A	0.51944	0.19849	0.28207
619 A	0.53107	0.17591	0.29302
620 T	0.54710	0.15301	0.29988
621 A	0.55284	0.14542	0.30174
622 T	0.55954	0.12568	0.31478
623 T	0.55986	0.11735	0.32279
624 T	0.55200	0.11717	0.33082
625 T	0.52619	0.15331	0.3205
626 C	0.43867	0.25633	0.30499
627 A	0.33227	0.44902	0.21871
628 G	0.27951	0.51512	0.20536
629 G	0.22742	0.58953	0.18305
630 A	0.18685	0.67029	0.14286
631 A	0.15743	0.72917	0.1134
632 C	0.13746	0.75522	0.10732
633 A	0.12386	0.81105	0.06509
634 A	0.11604	0.83689	0.04706
635 A	0.11246	0.84738	0.04016
636 A	0.11232	0.84774	0.03994
637 G	0.11259	0.84676	0.04066
638 A	0.11327	0.84186	0.04486
639 A	0.11456	0.83775	0.04769
640 C	0.11825	0.83155	0.0502
641 A	0.12324	0.82662	0.05015
642 A	0.12863	0.82130	0.05007
643 A	0.13329	0.81665	0.05006
644 A	0.13934	0.81026	0.0504
645 A	0.14269	0.80632	0.05099
646 G	0.14871	0.78616	0.06513
647 A	0.16104	0.75993	0.07902
648 A	0.18076	0.70841	0.11083
649 A	0.20420	0.60562	0.19017
650 T	0.28875	0.42451	0.28674
651 A	0.30361	0.37393	0.32246
652 A	0.32814	0.33056	0.3413
653 A	0.37401	0.26606	0.35993
654 T	0.41109	0.20636	0.38255
655 G	0.42008	0.18782	0.39209
656 T	0.45644	0.14567	0.39789
657 T	0.46841	0.13402	0.39757
658 G	0.47136	0.13948	0.38916
659 T	0.47239	0.14042	0.3872
660 T	0.47232	0.14331	0.38437
661 T	0.46949	0.15405	0.37646
662 T	0.46254	0.17109	0.36637
663 C	0.45809	0.18837	0.35354
664 G	0.45515	0.23423	0.31061
665 A	0.45421	0.25559	0.29019
666 A	0.45408	0.26831	0.27762
667 G	0.45470	0.27372	0.27158
668 A	0.45567	0.27875	0.26558
669 T	0.45770	0.28045	0.26184
670 G	0.45914	0.28407	0.25678
671 A	0.46240	0.28784	0.24976
672 A	0.46746	0.28580	0.24674
673 A	0.47323	0.28025	0.24653
674 A	0.48410	0.26888	0.24702
675 T	0.52148	0.23044	0.24808
676 T	0.54514	0.20580	0.24906
677 C	0.55295	0.19783	0.24922
678 T	0.56466	0.18715	0.2482
679 T	0.56897	0.18492	0.24611
680 T	0.57231	0.18547	0.24221
681 G	0.57703	0.18645	0.23652
682 G	0.58134	0.18385	0.23481
683 A	0.58865	0.17912	0.23224
684 T	0.60904	0.15565	0.23531
685 T	0.62648	0.13236	0.24116
686 C	0.64081	0.11558	0.2436
687 T	0.67277	0.08534	0.24189
688 G	0.68511	0.07885	0.23604
689 T	0.69432	0.08012	0.22556
690 T	0.69807	0.09723	0.2047
691 A	0.70016	0.10148	0.19837
692 A	0.70236	0.10259	0.19505
693 A	0.70330	0.10570	0.191
694 T	0.70847	0.10447	0.18707
695 C	0.70660	0.10744	0.18596
696 A	0.70468	0.11033	0.18499
697 T	0.70474	0.11183	0.18342
698 G	0.70246	0.11716	0.18039
699 C	0.69732	0.12516	0.17752
700 C	0.69564	0.12788	0.17648
701 A	0.69374	0.13291	0.17335
702 A	0.69128	0.13674	0.17198
703 A	0.69286	0.13576	0.17138
704 C	0.69645	0.13243	0.17112
705 G	0.69798	0.13193	0.17009
706 T	0.70324	0.12665	0.17011
707 T	0.70446	0.12558	0.16996
708 A	0.70278	0.12779	0.16942
709 T	0.70047	0.13063	0.16889
710 C	0.69807	0.13266	0.16927
711 A	0.69715	0.13524	0.16761
712 G	0.70081	0.13156	0.16763
713 A	0.71620	0.11596	0.16784
714 T	0.72152	0.10972	0.16876
715 A	0.72366	0.10690	0.16944
716 C	0.72761	0.09780	0.17459
717 A	0.73118	0.09275	0.17607
718 G	0.73288	0.08664	0.18048
719 C	0.73500	0.08231	0.18269
720 A	0.73854	0.07833	0.18313
721 T	0.74418	0.07135	0.18447
722 T	0.74823	0.06230	0.18947
723 A	0.74962	0.05921	0.19117
724 T	0.75283	0.05328	0.1939
725 T	0.75394	0.04755	0.19851
726 T	0.75421	0.04552	0.20027
727 A	0.75427	0.04433	0.20141
728 T	0.75510	0.04217	0.20272
729 T	0.75478	0.04181	0.20341
730 A	0.75324	0.04525	0.20151
731 A	0.75306	0.04473	0.20221
732 T	0.75373	0.04329	0.20298
733 T	0.75214	0.04295	0.20491
734 A	0.75175	0.04172	0.20654
735 T	0.75136	0.03997	0.20867
736 T	0.75090	0.04034	0.20876
737 C	0.75048	0.04153	0.20799
738 T	0.74990	0.04772	0.20238
739 T	0.74921	0.05580	0.195
740 T	0.74808	0.06516	0.18676
741 T	0.74443	0.08274	0.17283
742 G	0.73127	0.10025	0.16849
743 A	0.71305	0.12437	0.16257
744 A	0.70618	0.13417	0.15965
745 A	0.70321	0.14025	0.15654
746 C	0.69870	0.14620	0.15511
747 A	0.69676	0.15064	0.1526
748 G	0.69643	0.15233	0.15124
749 T	0.69752	0.15342	0.14906
750 T	0.69756	0.15453	0.14791
751 A	0.69563	0.15731	0.14707
752 A	0.69570	0.15693	0.14737
753 A	0.69764	0.15336	0.14901
754 G	0.69969	0.14994	0.15037
755 A	0.70409	0.14471	0.15119
756 T	0.70732	0.13889	0.15379
757 A	0.70866	0.13598	0.15536
758 C	0.71045	0.13287	0.15669
759 C	0.71292	0.12947	0.15761
760 G	0.71549	0.12639	0.15812
761 T	0.72253	0.11839	0.15909
762 T	0.72931	0.11097	0.15971
763 C	0.73620	0.10345	0.16035
764 G	0.74738	0.08979	0.16283
765 A	0.75197	0.07409	0.17394
766 T	0.75793	0.04990	0.19217
767 G	0.76046	0.04169	0.19784
768 T	0.76437	0.03589	0.19974
769 T	0.76660	0.02795	0.20545
770 T	0.76773	0.02430	0.20797
771 G	0.76506	0.02510	0.20984
772 T	0.76356	0.02633	0.21012
773 T	0.75763	0.03306	0.2093
774 T	0.73643	0.06287	0.2007
775 A	0.66684	0.15806	0.1751
776 A	0.62148	0.21195	0.16657
777 T	0.59677	0.24370	0.15953
778 A	0.55406	0.30170	0.14423
779 A	0.53602	0.32344	0.14055
780 A	0.52678	0.33549	0.13773
781 A	0.51996	0.34520	0.13485
782 T	0.51067	0.35685	0.13248
783 C	0.49642	0.37288	0.1307
784 G	0.48900	0.38461	0.12639
785 G	0.48626	0.39111	0.12263
786 A	0.48488	0.39490	0.12023
787 A	0.48487	0.39584	0.11928
788 T	0.48636	0.39457	0.11907
789 T	0.48703	0.39375	0.11922
790 A	0.48649	0.39420	0.11931
791 T	0.48653	0.39351	0.11996
792 T	0.48578	0.39348	0.12074
793 A	0.48420	0.39409	0.12171
794 A	0.48377	0.39035	0.12587
795 A	0.48425	0.38358	0.13217
796 A	0.48567	0.37072	0.14361
797 A	0.49477	0.33375	0.17148
798 T	0.52077	0.23488	0.24435
799 G	0.52794	0.18384	0.28821
800 G	0.53459	0.15326	0.31216
801 G	0.54712	0.11150	0.34139
802 G	0.55114	0.10088	0.34798
803 A	0.55497	0.09515	0.34988
804 A	0.56171	0.08389	0.3544
805 T	0.57091	0.06627	0.36282
806 T	0.57499	0.05193	0.37308
807 T	0.57822	0.05196	0.36982
808 T	0.57910	0.06683	0.35407
809 T	0.57893	0.07994	0.34112
810 T	0.57525	0.10249	0.32227
811 A	0.57236	0.12868	0.29896
812 A	0.57101	0.14921	0.27978
813 T	0.56993	0.15516	0.27492
814 T	0.56667	0.16721	0.26612
815 G	0.55974	0.18551	0.25475
816 T	0.54767	0.20010	0.25223
817 G	0.52226	0.23004	0.24769
818 A	0.50880	0.24594	0.24526
819 A	0.50004	0.25570	0.24427
820 C	0.49563	0.26039	0.24398
821 A	0.49357	0.26358	0.24286
822 T	0.49428	0.26307	0.24265
823 G	0.49219	0.26512	0.24269
824 A	0.49341	0.26404	0.24255
825 T	0.49936	0.25831	0.24234
826 T	0.50127	0.25662	0.24211
827 C	0.50028	0.25779	0.24194
828 A	0.50042	0.25865	0.24093
829 A	0.50339	0.25575	0.24086
830 A	0.51457	0.24452	0.24091
831 T	0.53915	0.21943	0.24142
832 T	0.55706	0.20081	0.24212
833 C	0.57483	0.17779	0.24738
834 T	0.59453	0.15559	0.24988
835 T	0.60727	0.14117	0.25157
836 A	0.61006	0.13693	0.25301
837 T	0.61882	0.12451	0.25667
838 G	0.62740	0.11111	0.26148
839 T	0.63197	0.09256	0.27547
840 T	0.63586	0.06616	0.29798
841 A	0.63438	0.05591	0.3097
842 T	0.63312	0.05019	0.31669
843 T	0.62895	0.05095	0.32009
844 T	0.62198	0.05668	0.32134
845 A	0.60882	0.07028	0.3209
846 T	0.60261	0.07372	0.32367
847 A	0.59597	0.07841	0.32562
848 G	0.59240	0.08008	0.32752
849 T	0.58922	0.08139	0.32939
850 G	0.58482	0.08446	0.33071
851 C	0.58361	0.08489	0.33151
852 G	0.58124	0.09097	0.32778
853 G	0.57962	0.09997	0.3204
854 T	0.57919	0.11311	0.30769
855 T	0.57325	0.13735	0.2894
856 G	0.54470	0.18136	0.27395
857 A	0.51517	0.22561	0.25922
858 T	0.48291	0.27285	0.24424
859 G	0.39186	0.38243	0.22571
860 A	0.32296	0.47593	0.20111
861 A	0.28621	0.53236	0.18143
862 A	0.26739	0.56732	0.16529
863 A	0.25390	0.58894	0.15717
864 G	0.24652	0.59679	0.15668
865 T	0.24549	0.59398	0.16053
866 T	0.24156	0.59352	0.16492
867 A	0.23237	0.59763	0.17
868 G	0.22836	0.58988	0.18177
869 C	0.22672	0.58606	0.18723
870 G	0.22336	0.58509	0.19155
871 G	0.22084	0.58538	0.19378
872 C	0.21913	0.58583	0.19504
873 C	0.21828	0.58722	0.19449
874 A	0.21732	0.59273	0.18994
875 A	0.21719	0.59651	0.1863
876 A	0.22137	0.59745	0.18118
877 A	0.23116	0.59529	0.17355
878 T	0.25112	0.57422	0.17466
879 A	0.26166	0.53530	0.20305
880 A	0.26920	0.49694	0.23386
881 A	0.27724	0.45005	0.27271
882 A	0.28365	0.36691	0.34945
883 G	0.29589	0.30244	0.40167
884 A	0.27670	0.33857	0.38472
885 G	0.23789	0.43454	0.32758
886 G	0.21734	0.50578	0.27689
887 A	0.18720	0.61273	0.20007
888 A	0.15279	0.69558	0.15163
889 G	0.10929	0.77625	0.11446
890 A	0.07566	0.84017	0.08416
891 A	0.05782	0.87796	0.06422
892 A	0.04799	0.89676	0.05524
893 A	0.04184	0.90860	0.04955
894 A	0.03762	0.91449	0.0479
895 G	0.03522	0.91549	0.04928
896 A	0.03436	0.91618	0.04946
897 A	0.03630	0.91169	0.052
898 A	0.03891	0.90482	0.05627
899 A	0.04375	0.89594	0.06031
900 G	0.05143	0.88368	0.06489
901 C	0.05703	0.87389	0.06907
902 A	0.06111	0.86862	0.07028
903 A	0.06763	0.85843	0.07394
904 A	0.07580	0.84620	0.078
905 G	0.09082	0.82353	0.08566
906 A	0.11406	0.79336	0.09259
907 A	0.18454	0.67892	0.13654
908 T	0.29580	0.50274	0.20147
909 A	0.35436	0.41510	0.23054
910 T	0.42661	0.30821	0.26518
911 A	0.46031	0.24280	0.29689
912 T	0.50157	0.15514	0.34329
913 T	0.52712	0.09741	0.37548
914 T	0.54146	0.07420	0.38434
915 G	0.53777	0.08216	0.38006
916 T	0.53453	0.10839	0.35708
917 T	0.51799	0.17044	0.31157
918 T	0.46966	0.23151	0.29882
919 G	0.36989	0.34666	0.28344
920 A	0.26055	0.47994	0.25951
921 A	0.21758	0.53083	0.25158
922 C	0.17319	0.58224	0.24457
923 A	0.14104	0.63246	0.2265
924 A	0.11281	0.67831	0.20888
925 C	0.08873	0.71472	0.19655
926 A	0.07792	0.77399	0.14809
927 A	0.06735	0.83280	0.09985
928 A	0.05926	0.84962	0.09112
929 G	0.05476	0.86005	0.08519
930 A	0.04960	0.87265	0.07775
931 A	0.04180	0.88753	0.07067
932 C	0.03580	0.89834	0.06586
933 A	0.03183	0.91504	0.05313
934 A	0.03106	0.92146	0.04748
935 A	0.03039	0.92695	0.04267
936 A	0.03250	0.92879	0.03871
937 G	0.04068	0.92133	0.038
938 A	0.05267	0.89793	0.0494
939 A	0.07488	0.85706	0.06807
940 A	0.11234	0.78806	0.0996
941 T	0.12779	0.71984	0.15236
942 A	0.13609	0.63982	0.2241
943 G	0.15007	0.53900	0.31093
944 A	0.15562	0.50587	0.3385
945 A	0.16205	0.46716	0.37079
946 A	0.16910	0.43825	0.39265
947 A	0.18033	0.40326	0.41641
948 C	0.19326	0.36638	0.44036
949 A	0.22610	0.35006	0.42384
950 A	0.26348	0.34825	0.38827
951 A	0.27899	0.37090	0.3501
952 A	0.29109	0.39478	0.31413
953 G	0.30009	0.39962	0.30029
954 A	0.31001	0.40658	0.28341
955 T	0.32016	0.39165	0.2882
956 T	0.30639	0.42459	0.26902
957 A	0.27828	0.50046	0.22126
958 G	0.27128	0.51510	0.21363
959 C	0.26141	0.52497	0.21362
960 T	0.24118	0.55262	0.20619
961 T	0.21679	0.58176	0.20145
962 T	0.18398	0.61894	0.19707
963 C	0.15236	0.65445	0.19319
964 A	0.13112	0.68877	0.18011
965 T	0.12075	0.70440	0.17486
966 A	0.10288	0.72324	0.17387
967 G	0.09061	0.73581	0.17358
968 A	0.08216	0.74660	0.17124
969 A	0.08063	0.74026	0.17911
970 C	0.08048	0.73381	0.18571
971 A	0.07976	0.73400	0.18625
972 A	0.10021	0.71072	0.18908
973 C	0.14144	0.66497	0.1936
974 A	0.18172	0.62793	0.19035
975 A	0.21672	0.59455	0.18874
976 A	0.23459	0.57541	0.19
977 A	0.25011	0.55628	0.19361
978 A	0.24537	0.55762	0.19702
979 G	0.26780	0.49907	0.23313
980 T	0.32010	0.40688	0.27302
981 A	0.32249	0.39383	0.28368
982 A	0.32182	0.37682	0.30136
983 T	0.32194	0.34223	0.33583
984 T	0.30245	0.33330	0.36425
985 G	0.23211	0.38728	0.38061
986 A	0.14984	0.49043	0.35973
987 A	0.12255	0.56581	0.31165
988 G	0.11310	0.63516	0.25174
989 A	0.10176	0.73077	0.16747
990 A	0.09655	0.74160	0.16185
991 A	0.09021	0.75198	0.15782
992 A	0.08382	0.75648	0.1597
993 A	0.07332	0.76805	0.15863
994 C	0.07143	0.76395	0.16463
995 A	0.06971	0.77042	0.15986
996 A	0.06927	0.77255	0.15817
997 A	0.07211	0.76958	0.15831
998 G	0.07429	0.76548	0.16023
999 A	0.07512	0.76431	0.16057
1000 A	0.07566	0.75110	0.17323
1001 A	0.07770	0.73272	0.18958
1002 T	0.08022	0.72182	0.19795
1003 G	0.08044	0.72719	0.19238
1004 A	0.08261	0.73274	0.18466
1005 A	0.08719	0.73144	0.18137
1006 A	0.09299	0.71015	0.19685
1007 A	0.10180	0.67519	0.223
1008 A	0.12510	0.58489	0.29001
1009 G	0.17603	0.45349	0.37049
1010 C	0.24079	0.35533	0.40387
1011 A	0.30861	0.28539	0.40599
1012 A	0.38996	0.19618	0.41385
1013 A	0.41167	0.16850	0.41983
1014 T	0.43095	0.14026	0.42879
1015 G	0.43687	0.12767	0.43547
1016 C	0.44515	0.10508	0.44978
1017 T	0.45003	0.09849	0.45147
1018 T	0.45419	0.09612	0.44969
1019 T	0.45569	0.09644	0.44787
1020 A	0.45515	0.09750	0.44735
1021 G	0.45532	0.09663	0.44805
1022 A	0.45624	0.09335	0.45041
1023 G	0.45802	0.08890	0.45307
1024 G	0.46186	0.08346	0.45468
1025 C	0.46914	0.07513	0.45572
1026 G	0.48139	0.06310	0.4555
1027 A	0.49736	0.04688	0.45577
1028 T	0.50986	0.03398	0.45616
1029 T	0.51122	0.03238	0.4564
1030 G	0.51138	0.03222	0.4564
1031 C	0.51223	0.03079	0.45698
1032 T	0.51253	0.03087	0.45659
1033 G	0.51238	0.03134	0.45628
1034 T	0.51676	0.02709	0.45616
1035 T	0.51698	0.02715	0.45588
1036 G	0.51655	0.02763	0.45583
1037 G	0.51641	0.02775	0.45584
1038 T	0.51710	0.02711	0.45579
1039 A	0.51697	0.02772	0.45531
1040 C	0.51880	0.02556	0.45564
1041 A	0.52262	0.02193	0.45545
1042 T	0.52549	0.01857	0.45593
1043 T	0.52604	0.01673	0.45724
1044 T	0.52502	0.01715	0.45783
1045 G	0.52364	0.01821	0.45815
1046 C	0.52308	0.01746	0.45945
1047 A	0.52241	0.01809	0.4595
1048 G	0.52215	0.01831	0.45954
1049 T	0.52284	0.01764	0.45952
1050 A	0.52261	0.01789	0.45949
1051 G	0.52264	0.01789	0.45947
1052 G	0.52277	0.01750	0.45973
1053 T	0.52315	0.01689	0.45996
1054 A	0.52331	0.01649	0.4602
1055 T	0.52397	0.01534	0.46068
1056 T	0.52428	0.01427	0.46144
1057 A	0.52429	0.01382	0.46189
1058 C	0.52415	0.01301	0.46284
1059 G	0.52401	0.01295	0.46304
1060 G	0.52415	0.01278	0.46307
1061 G	0.52463	0.01227	0.4631
1062 T	0.52555	0.01126	0.46319
1063 T	0.52587	0.01117	0.46297
1064 A	0.52604	0.01112	0.46285
1065 T	0.52596	0.01083	0.46321
1066 G	0.52579	0.01078	0.46342
1067 G	0.52575	0.01004	0.46421
1068 T	0.52584	0.00960	0.46456
1069 T	0.52582	0.01137	0.46281
1070 T	0.52576	0.01487	0.45937
1071 A	0.52542	0.01623	0.45835
1072 T	0.52525	0.01703	0.45773
1073 G	0.52493	0.01809	0.45698
1074 G	0.52483	0.01972	0.45544
1075 C	0.52492	0.02201	0.45307
1076 A	0.52508	0.02895	0.44597
1077 A	0.52485	0.03521	0.43994
1078 A	0.52495	0.03571	0.43935
1079 T	0.52513	0.03595	0.43892
1080 A	0.52501	0.03637	0.43862
1081 G	0.52505	0.03613	0.43883
1082 C	0.52520	0.03590	0.43889
1083 T	0.52536	0.03633	0.43832
1084 A	0.52525	0.03700	0.43775
1085 A	0.52518	0.03754	0.43728
1086 A	0.52535	0.03805	0.4366
1087 T	0.52572	0.03811	0.43618
1088 G	0.52578	0.03795	0.43627
1089 G	0.52614	0.03746	0.4364
1090 A	0.52682	0.03660	0.43658
1091 G	0.52777	0.03539	0.43683
1092 C	0.52968	0.03318	0.43713
1093 G	0.53318	0.02956	0.43725
1094 C	0.53493	0.02765	0.43742
1095 A	0.53596	0.02675	0.43728
1096 G	0.53753	0.02507	0.4374
1097 C	0.53949	0.02307	0.43744
1098 A	0.54189	0.02072	0.43738
1099 A	0.54761	0.01503	0.43735
1100 C	0.55302	0.00931	0.43767
1101 A	0.55375	0.00879	0.43745
1102 T	0.55448	0.00806	0.43745
1103 T	0.55464	0.00781	0.43755
1104 A	0.55405	0.00843	0.43752
1105 G	0.55332	0.00903	0.43765
1106 C	0.55322	0.00879	0.43799
1107 A	0.55323	0.00857	0.43821
1108 G	0.55355	0.00792	0.43854
1109 C	0.55420	0.00710	0.4387
1110 G	0.55456	0.00671	0.43874
1111 C	0.55461	0.00660	0.43878
1112 C	0.55465	0.00648	0.43886
1113 A	0.55440	0.00673	0.43886
1114 G	0.55430	0.00682	0.43888
1115 C	0.55429	0.00678	0.43894
1116 G	0.55424	0.00680	0.43896
1117 A	0.55424	0.00675	0.43901
1118 C	0.55441	0.00622	0.43937
1119 T	0.55444	0.00610	0.43945
1120 G	0.55444	0.00605	0.43952
1121 G	0.55451	0.00581	0.43967
1122 C	0.55460	0.00562	0.43978
1123 G	0.55470	0.00550	0.43981
1124 G	0.55497	0.00506	0.43997
1125 A	0.55504	0.00487	0.44009
1126 G	0.55518	0.00435	0.44047
1127 C	0.55532	0.00356	0.44112
1128 T	0.55536	0.00263	0.442
1129 T	0.55537	0.00207	0.44256
1130 C	0.55535	0.00177	0.44288
1131 T	0.55533	0.00198	0.44269
1132 T	0.55529	0.00237	0.44235
1133 G	0.55523	0.00258	0.4422
1134 G	0.55517	0.00277	0.44206
1135 A	0.55511	0.00314	0.44175
1136 G	0.55511	0.00288	0.44201
1137 T	0.55511	0.00278	0.44211
1138 T	0.55510	0.00270	0.4422
1139 T	0.55509	0.00262	0.44228
1140 G	0.55508	0.00257	0.44235
1141 G	0.55508	0.00252	0.44239
1142 C	0.55509	0.00249	0.44242
1143 A	0.55509	0.00247	0.44245
1144 G	0.55509	0.00244	0.44246
1145 C	0.55511	0.00242	0.44247
1146 G	0.55512	0.00240	0.44248
1147 T	0.55514	0.00238	0.44248
1148 T	0.55516	0.00236	0.44248
1149 A	0.55516	0.00235	0.44249
1150 A	0.55517	0.00233	0.44249
1151 C	0.55521	0.00224	0.44256
1152 G	0.55525	0.00215	0.4426
1153 C	0.55540	0.00195	0.44265
1154 C	0.55580	0.00153	0.44267
1155 T	0.55634	0.00097	0.44269
1156 T	0.55665	0.00064	0.4427
1157 A	0.55684	0.00039	0.44276
1158 A	0.55715	0.00000	0.44285
