# lcl|CP097583.1_cds_USQ93296.1_1
# AA	inside	membr	outside
1 A	0.46808	0.00000	0.53193
2 T	0.46166	0.00641	0.53193
3 G	0.45807	0.01001	0.53193
4 A	0.45807	0.11996	0.42198
5 A	0.40741	0.30458	0.28801
6 T	0.40741	0.31450	0.27809
7 A	0.19410	0.53175	0.27416
8 A	0.19409	0.53184	0.27407
9 A	0.17027	0.55686	0.27287
10 A	0.17025	0.61531	0.21445
11 A	0.16816	0.62208	0.20976
12 T	0.14853	0.64384	0.20764
13 A	0.08836	0.72098	0.19066
14 A	0.08835	0.72099	0.19066
15 A	0.08835	0.77484	0.13681
16 A	0.08697	0.77622	0.13681
17 A	0.08032	0.78327	0.13641
18 A	0.08023	0.78409	0.13568
19 A	0.07902	0.78566	0.13532
20 A	0.07525	0.79715	0.1276
21 T	0.06229	0.80907	0.12864
22 T	0.06564	0.80475	0.12961
23 A	0.06495	0.80419	0.13086
24 T	0.07524	0.79265	0.13211
25 G	0.07664	0.78088	0.14248
26 A	0.07890	0.77461	0.1465
27 A	0.16593	0.66775	0.16632
28 T	0.28852	0.49796	0.21353
29 T	0.29523	0.48659	0.21818
30 A	0.29562	0.33935	0.36503
31 A	0.29074	0.33678	0.37248
32 C	0.28540	0.31120	0.40341
33 A	0.30594	0.28798	0.40608
34 C	0.28642	0.30402	0.40957
35 A	0.28767	0.29325	0.41908
36 A	0.29943	0.25258	0.44799
37 T	0.30322	0.24884	0.44793
38 C	0.32860	0.22055	0.45086
39 A	0.28503	0.28827	0.4267
40 G	0.27217	0.29636	0.43146
41 G	0.26915	0.32030	0.41055
42 A	0.25758	0.35304	0.38938
43 G	0.26059	0.34955	0.38986
44 T	0.24568	0.37961	0.37471
45 A	0.23203	0.39656	0.3714
46 G	0.21791	0.41359	0.3685
47 A	0.19625	0.45600	0.34775
48 T	0.19362	0.46821	0.33817
49 G	0.18476	0.56111	0.25413
50 A	0.18266	0.59339	0.22395
51 A	0.18404	0.60612	0.20983
52 T	0.18776	0.60505	0.20718
53 T	0.18559	0.60916	0.20525
54 A	0.17849	0.61937	0.20214
55 A	0.17575	0.61576	0.20849
56 A	0.16679	0.60823	0.22497
57 A	0.15139	0.59813	0.25048
58 G	0.13281	0.60446	0.26272
59 C	0.13005	0.59513	0.27482
60 A	0.12912	0.60198	0.2689
61 G	0.13074	0.59546	0.27379
62 A	0.15258	0.54714	0.30028
63 A	0.16212	0.52882	0.30906
64 T	0.19534	0.49165	0.31301
65 T	0.21561	0.45895	0.32545
66 A	0.21430	0.45473	0.33096
67 G	0.23009	0.41957	0.35034
68 A	0.23174	0.41027	0.358
69 A	0.24241	0.38181	0.37578
70 C	0.27038	0.33158	0.39804
71 A	0.29041	0.30854	0.40105
72 T	0.38281	0.20831	0.40888
73 C	0.40849	0.18038	0.41114
74 T	0.42077	0.17817	0.40106
75 T	0.41023	0.20612	0.38364
76 A	0.37065	0.30147	0.32788
77 T	0.36356	0.32674	0.3097
78 A	0.33008	0.37383	0.29609
79 A	0.32043	0.38257	0.297
80 A	0.31504	0.37441	0.31056
81 T	0.31488	0.35824	0.32688
82 G	0.30822	0.36796	0.32382
83 T	0.30577	0.39717	0.29706
84 T	0.28304	0.45185	0.26512
85 A	0.26784	0.49248	0.23968
86 A	0.26400	0.51142	0.22458
87 A	0.26307	0.51276	0.22417
88 A	0.26581	0.50821	0.22598
89 G	0.26766	0.50189	0.23045
90 A	0.27113	0.49625	0.23261
91 C	0.27731	0.48404	0.23865
92 A	0.27256	0.48922	0.23822
93 T	0.27263	0.48997	0.23741
94 G	0.26594	0.50041	0.23365
95 A	0.26281	0.51079	0.22639
96 A	0.26581	0.50999	0.22421
97 A	0.27798	0.49135	0.23067
98 A	0.29866	0.44639	0.25495
99 T	0.36071	0.34129	0.298
100 T	0.38505	0.30644	0.30852
101 T	0.39587	0.27638	0.32774
102 A	0.39069	0.28705	0.32226
103 G	0.38112	0.29095	0.32792
104 A	0.37687	0.29193	0.3312
105 A	0.38160	0.27801	0.3404
106 T	0.41707	0.22962	0.35331
107 C	0.44114	0.18242	0.37644
108 C	0.45977	0.15633	0.38391
109 C	0.46630	0.15594	0.37776
110 T	0.44698	0.19399	0.35903
111 T	0.41590	0.24596	0.33814
112 A	0.35775	0.33474	0.30751
113 A	0.32540	0.38546	0.28913
114 A	0.30376	0.41077	0.28547
115 G	0.29373	0.41284	0.29342
116 A	0.28991	0.41299	0.2971
117 A	0.28667	0.40682	0.30651
118 G	0.28918	0.39875	0.31206
119 C	0.28922	0.39656	0.31421
120 T	0.29026	0.39745	0.3123
121 A	0.28709	0.40560	0.30731
122 G	0.28408	0.41154	0.30438
123 A	0.28285	0.41284	0.30432
124 G	0.28134	0.41468	0.30398
125 A	0.28979	0.39693	0.31328
126 A	0.29300	0.38332	0.32368
127 C	0.29474	0.37124	0.33402
128 A	0.29597	0.36620	0.33783
129 A	0.29777	0.36478	0.33745
130 G	0.30228	0.35681	0.34091
131 G	0.30926	0.34680	0.34394
132 T	0.32560	0.32599	0.34841
133 G	0.34093	0.28027	0.3788
134 A	0.35931	0.23412	0.40657
135 T	0.38489	0.15529	0.45983
136 T	0.39528	0.12184	0.48288
137 T	0.39555	0.10966	0.49479
138 A	0.39239	0.11845	0.48916
139 A	0.39104	0.13303	0.47593
140 G	0.39017	0.13937	0.47045
141 T	0.39004	0.15212	0.45785
142 G	0.38873	0.17838	0.43289
143 A	0.39015	0.17972	0.43013
144 A	0.39382	0.17738	0.4288
145 A	0.39686	0.17058	0.43255
146 A	0.39804	0.16623	0.43574
147 C	0.40079	0.15895	0.44026
148 G	0.40323	0.15621	0.44056
149 C	0.40632	0.15360	0.44008
150 T	0.40842	0.15472	0.43687
151 G	0.40903	0.15977	0.43121
152 A	0.41074	0.16498	0.42427
153 T	0.41346	0.16814	0.4184
154 T	0.41408	0.18669	0.39924
155 A	0.41193	0.19307	0.395
156 T	0.41270	0.19520	0.39209
157 A	0.41317	0.19510	0.39173
158 A	0.41316	0.19408	0.39276
159 C	0.41603	0.18802	0.39595
160 G	0.42291	0.17935	0.39774
161 C	0.43643	0.16370	0.39988
162 A	0.45514	0.14454	0.40032
163 G	0.46831	0.13064	0.40106
164 C	0.48424	0.11410	0.40165
165 T	0.50661	0.09056	0.40282
166 C	0.50220	0.09537	0.40243
167 G	0.49918	0.10199	0.39884
168 T	0.49476	0.10992	0.39532
169 G	0.48748	0.12068	0.39184
170 A	0.48313	0.12887	0.388
171 T	0.48222	0.12991	0.38787
172 G	0.48153	0.13102	0.38745
173 A	0.48281	0.13046	0.38673
174 A	0.48563	0.12710	0.38727
175 C	0.49050	0.12067	0.38882
176 A	0.49173	0.11921	0.38907
177 A	0.50733	0.10266	0.39001
178 G	0.51172	0.09572	0.39256
179 C	0.51568	0.09030	0.39402
180 T	0.51722	0.08833	0.39446
181 T	0.51804	0.08624	0.39572
182 T	0.51712	0.08694	0.39594
183 T	0.51024	0.09538	0.39438
184 A	0.50146	0.10651	0.39203
185 T	0.49674	0.11040	0.39285
186 A	0.49337	0.11386	0.39277
187 G	0.49148	0.11247	0.39605
188 A	0.49097	0.10973	0.39929
189 A	0.49242	0.09855	0.40903
190 T	0.49834	0.08541	0.41624
191 C	0.49988	0.07731	0.4228
192 T	0.50019	0.07232	0.42749
193 C	0.49884	0.07049	0.43066
194 G	0.49766	0.07171	0.43063
195 T	0.49790	0.07188	0.43023
196 A	0.49809	0.07193	0.42998
197 T	0.49829	0.06889	0.43282
198 T	0.49636	0.06985	0.43379
199 T	0.49098	0.07253	0.4365
200 T	0.47222	0.09553	0.43225
201 A	0.43231	0.15205	0.41564
202 G	0.39520	0.21185	0.39296
203 A	0.38196	0.24631	0.37173
204 A	0.37563	0.25699	0.36738
205 A	0.37108	0.26060	0.36832
206 T	0.37126	0.25197	0.37677
207 T	0.36566	0.25030	0.38403
208 C	0.34833	0.26597	0.3857
209 A	0.33397	0.28997	0.37606
210 A	0.32429	0.31435	0.36136
211 A	0.32029	0.32561	0.35411
212 A	0.31851	0.32968	0.35181
213 T	0.31770	0.33218	0.35012
214 A	0.31645	0.33248	0.35107
215 T	0.31678	0.33000	0.35322
216 T	0.31569	0.32969	0.35461
217 T	0.31185	0.33486	0.35329
218 T	0.30592	0.34235	0.35173
219 A	0.28980	0.36264	0.34756
220 A	0.28449	0.37147	0.34405
221 A	0.28292	0.37114	0.34594
222 A	0.28394	0.36390	0.35216
223 A	0.29001	0.33894	0.37106
224 A	0.30740	0.28632	0.40628
225 T	0.33116	0.22563	0.44321
226 G	0.34771	0.19611	0.45618
227 T	0.35349	0.18431	0.4622
228 T	0.35307	0.18284	0.4641
229 A	0.35178	0.18633	0.46189
230 A	0.35140	0.18226	0.46635
231 A	0.35238	0.16797	0.47965
232 A	0.36196	0.14752	0.49051
233 T	0.37881	0.12411	0.49708
234 T	0.38402	0.11937	0.49661
235 A	0.37649	0.13255	0.49096
236 T	0.37083	0.14317	0.486
237 T	0.35743	0.17174	0.47082
238 G	0.33160	0.20791	0.46049
239 A	0.31909	0.23358	0.44732
240 T	0.31462	0.24149	0.4439
241 A	0.30433	0.25277	0.4429
242 C	0.30319	0.24237	0.45444
243 T	0.29942	0.25389	0.4467
244 T	0.27348	0.29132	0.4352
245 A	0.24479	0.33133	0.42388
246 T	0.22863	0.35770	0.41367
247 A	0.21387	0.37376	0.41237
248 G	0.20781	0.37845	0.41374
249 T	0.20445	0.38006	0.41549
250 A	0.19817	0.38676	0.41507
251 C	0.19792	0.38579	0.41629
252 A	0.19819	0.38752	0.41429
253 A	0.19686	0.39173	0.41141
254 A	0.19610	0.39614	0.40776
255 T	0.19815	0.39726	0.40459
256 A	0.19775	0.40747	0.39479
257 A	0.19957	0.40647	0.39395
258 A	0.20376	0.39629	0.39995
259 G	0.21044	0.38068	0.40888
260 A	0.22683	0.35407	0.4191
261 A	0.24030	0.32153	0.43816
262 A	0.25834	0.29367	0.448
263 T	0.27316	0.27232	0.45452
264 T	0.28072	0.25819	0.4611
265 A	0.28264	0.25679	0.46057
266 A	0.29000	0.24655	0.46345
267 T	0.29942	0.21582	0.48475
268 A	0.30225	0.19728	0.50048
269 T	0.30762	0.18562	0.50676
270 T	0.30421	0.19760	0.4982
271 G	0.29733	0.22408	0.4786
272 G	0.28546	0.25669	0.45785
273 T	0.28029	0.27685	0.44285
274 A	0.27223	0.28579	0.44198
275 A	0.26677	0.29049	0.44274
276 A	0.26855	0.28677	0.44468
277 A	0.27211	0.28195	0.44594
278 C	0.27619	0.27442	0.44939
279 A	0.28497	0.26745	0.44758
280 G	0.29135	0.25870	0.44994
281 T	0.29932	0.24897	0.45171
282 T	0.30211	0.24634	0.45155
283 A	0.30375	0.24511	0.45114
284 C	0.30759	0.23901	0.45341
285 A	0.31364	0.23240	0.45397
286 T	0.32250	0.22250	0.455
287 T	0.33014	0.21407	0.45579
288 A	0.33654	0.20714	0.45632
289 C	0.34367	0.19969	0.45664
290 A	0.35226	0.19207	0.45567
291 A	0.36591	0.17536	0.45873
292 T	0.38629	0.15181	0.4619
293 T	0.41269	0.12510	0.4622
294 T	0.43103	0.11286	0.45611
295 T	0.44104	0.11154	0.44742
296 T	0.44065	0.12117	0.43818
297 A	0.42605	0.14492	0.42903
298 G	0.41704	0.15819	0.42477
299 A	0.41050	0.16571	0.42379
300 T	0.40145	0.17477	0.42378
301 A	0.38423	0.19387	0.4219
302 G	0.37561	0.20244	0.42195
303 C	0.36879	0.20972	0.4215
304 A	0.36193	0.21720	0.42088
305 T	0.33310	0.24644	0.42046
306 G	0.29895	0.28130	0.41975
307 A	0.28422	0.29679	0.419
308 C	0.27186	0.30970	0.41844
309 A	0.26111	0.32589	0.413
310 G	0.25299	0.33812	0.4089
311 A	0.24822	0.34565	0.40614
312 A	0.24595	0.35100	0.40306
313 A	0.24705	0.34990	0.40305
314 A	0.24982	0.34605	0.40413
315 A	0.25481	0.33929	0.4059
316 A	0.26437	0.32548	0.41015
317 C	0.28314	0.29722	0.41964
318 T	0.30966	0.26429	0.42604
319 T	0.32181	0.24619	0.43201
320 T	0.33019	0.22944	0.44037
321 A	0.33326	0.22191	0.44482
322 C	0.33431	0.21474	0.45095
323 A	0.33505	0.20084	0.46411
324 T	0.33741	0.18026	0.48233
325 T	0.33790	0.16838	0.49371
326 T	0.33798	0.16277	0.49925
327 A	0.33771	0.15824	0.50405
328 G	0.33794	0.11955	0.54251
329 T	0.33908	0.08450	0.57642
330 A	0.33959	0.06937	0.59103
331 G	0.34058	0.05678	0.60265
332 G	0.34592	0.04147	0.61261
333 T	0.35043	0.02993	0.61963
334 G	0.35247	0.02430	0.62324
335 T	0.35511	0.02145	0.62345
336 T	0.35475	0.02699	0.61826
337 T	0.35281	0.06341	0.58378
338 T	0.34834	0.09625	0.5554
339 A	0.33997	0.12758	0.53245
340 G	0.33433	0.14982	0.51586
341 A	0.33216	0.17213	0.4957
342 A	0.32976	0.20546	0.46478
343 G	0.32729	0.23119	0.44151
344 T	0.32708	0.23921	0.43371
345 T	0.32577	0.24163	0.43261
346 A	0.32493	0.24239	0.43268
347 A	0.32504	0.24201	0.43295
348 T	0.32566	0.24075	0.43359
349 C	0.32613	0.23936	0.43451
350 C	0.32691	0.23817	0.43492
351 T	0.32832	0.23724	0.43444
352 T	0.32912	0.23778	0.43309
353 T	0.32790	0.24098	0.43111
354 T	0.32311	0.24809	0.42881
355 A	0.31913	0.25504	0.42583
356 A	0.31803	0.25668	0.42529
357 G	0.31839	0.25618	0.42544
358 A	0.32098	0.25352	0.4255
359 A	0.32963	0.24449	0.42588
360 T	0.37424	0.19868	0.42707
361 A	0.40085	0.16958	0.42957
362 A	0.42130	0.14417	0.43454
363 A	0.43469	0.12713	0.43819
364 A	0.45291	0.10694	0.44015
365 T	0.48221	0.07487	0.44293
366 T	0.50413	0.05034	0.44554
367 T	0.50910	0.04474	0.44616
368 C	0.50862	0.04515	0.44623
369 T	0.50727	0.05043	0.4423
370 A	0.49843	0.06809	0.43348
371 T	0.46450	0.10819	0.42731
372 A	0.38565	0.19539	0.41896
373 G	0.36109	0.22047	0.41843
374 A	0.35415	0.22744	0.4184
375 A	0.35289	0.22725	0.41985
376 T	0.35369	0.22354	0.42277
377 C	0.35290	0.21898	0.42812
378 T	0.35431	0.21520	0.43049
379 C	0.35326	0.21568	0.43106
380 C	0.34928	0.21991	0.43081
381 G	0.34619	0.22370	0.43011
382 A	0.34308	0.22766	0.42926
383 T	0.34234	0.22832	0.42933
384 A	0.34006	0.23036	0.42957
385 G	0.33857	0.23092	0.4305
386 G	0.33823	0.22946	0.43232
387 C	0.33739	0.22899	0.43363
388 C	0.33584	0.23041	0.43375
389 A	0.32613	0.24104	0.43283
390 A	0.32181	0.24660	0.43159
391 A	0.32205	0.24873	0.42921
392 G	0.32469	0.24685	0.42846
393 T	0.33241	0.23163	0.43596
394 A	0.33398	0.19244	0.47358
395 T	0.33984	0.10610	0.55406
396 T	0.33852	0.08527	0.57621
397 C	0.33177	0.09343	0.57479
398 A	0.32684	0.15175	0.52141
399 A	0.32388	0.20334	0.47278
400 G	0.31929	0.22049	0.46022
401 G	0.31303	0.23354	0.45343
402 T	0.31211	0.23492	0.45297
403 T	0.30966	0.23555	0.45478
404 A	0.30309	0.24323	0.45369
405 T	0.29870	0.24506	0.45624
406 C	0.29245	0.24974	0.45781
407 A	0.28915	0.25317	0.45767
408 A	0.28685	0.25660	0.45655
409 G	0.28441	0.26087	0.45472
410 A	0.28252	0.26443	0.45306
411 A	0.27990	0.26706	0.45304
412 G	0.27940	0.25677	0.46382
413 G	0.27976	0.25041	0.46982
414 A	0.28228	0.24586	0.47186
415 G	0.28413	0.24082	0.47505
416 A	0.28527	0.23734	0.47738
417 C	0.28772	0.22658	0.48571
418 C	0.29325	0.21915	0.48759
419 A	0.29905	0.21425	0.4867
420 A	0.31143	0.20094	0.48763
421 G	0.36136	0.14969	0.48895
422 T	0.40821	0.10347	0.48832
423 T	0.42013	0.09021	0.48967
424 T	0.42350	0.08276	0.49374
425 T	0.41481	0.10096	0.48423
426 A	0.38279	0.16687	0.45033
427 A	0.35181	0.22225	0.42593
428 T	0.33268	0.25143	0.41589
429 T	0.30998	0.28293	0.40709
430 A	0.27992	0.31432	0.40575
431 A	0.26624	0.32805	0.40571
432 A	0.24827	0.34451	0.40722
433 A	0.22881	0.36282	0.40837
434 C	0.21547	0.37412	0.41042
435 A	0.21192	0.37787	0.41022
436 G	0.21074	0.37897	0.41029
437 A	0.20925	0.38172	0.40904
438 A	0.20757	0.38477	0.40767
439 C	0.20565	0.38725	0.4071
440 T	0.20339	0.39027	0.40634
441 A	0.19317	0.40392	0.40291
442 G	0.18880	0.40994	0.40125
443 G	0.18771	0.41259	0.3997
444 A	0.18785	0.41340	0.39875
445 A	0.19031	0.40960	0.40008
446 A	0.19610	0.39986	0.40403
447 A	0.20572	0.38387	0.41042
448 A	0.22119	0.35248	0.42634
449 G	0.26020	0.27486	0.46494
450 T	0.29011	0.20806	0.50183
451 T	0.30166	0.17482	0.52352
452 T	0.30540	0.15767	0.53693
453 T	0.30022	0.16039	0.5394
454 A	0.28231	0.19331	0.52438
455 A	0.25422	0.22723	0.51855
456 A	0.23722	0.23870	0.52408
457 G	0.22466	0.25390	0.52144
458 T	0.22498	0.25459	0.52043
459 A	0.22367	0.26072	0.5156
460 A	0.22362	0.26342	0.51296
461 A	0.22575	0.25958	0.51467
462 T	0.22760	0.25431	0.51809
463 A	0.22884	0.24935	0.52181
464 T	0.23265	0.23485	0.5325
465 T	0.23431	0.22762	0.53807
466 T	0.23537	0.22399	0.54065
467 T	0.23576	0.22178	0.54246
468 A	0.23595	0.22058	0.54347
469 A	0.23623	0.21944	0.54434
470 A	0.23676	0.21806	0.54518
471 G	0.23804	0.21572	0.54624
472 G	0.24127	0.21118	0.54755
473 T	0.25092	0.19984	0.54924
474 T	0.25761	0.19109	0.5513
475 A	0.26405	0.18237	0.55358
476 A	0.27803	0.16199	0.55999
477 A	0.30002	0.12249	0.57749
478 T	0.32256	0.07121	0.60623
479 A	0.33652	0.03957	0.62392
480 A	0.36040	0.00000	0.6396
