# lcl|CP097583.1_cds_USQ93541.1_1
# AA	inside	membr	outside
1 G	0.06809	0.00000	0.93191
2 T	0.06645	0.00164	0.93191
3 G	0.06529	0.00280	0.93191
4 G	0.06529	0.00607	0.92864
5 C	0.05731	0.01468	0.92801
6 A	0.05731	0.01494	0.92775
7 A	0.03902	0.03333	0.92764
8 G	0.03902	0.03334	0.92764
9 C	0.03811	0.03430	0.92759
10 G	0.03810	0.04716	0.91473
11 G	0.03793	0.04893	0.91314
12 A	0.03664	0.05070	0.91266
13 A	0.03557	0.05285	0.91158
14 G	0.03557	0.05285	0.91158
15 T	0.03557	0.05828	0.90615
16 A	0.03556	0.05828	0.90615
17 A	0.03556	0.05839	0.90605
18 A	0.03556	0.05867	0.90577
19 T	0.03556	0.05886	0.90559
20 T	0.03547	0.05970	0.90483
21 A	0.03530	0.05964	0.90507
22 T	0.03538	0.05853	0.90608
23 T	0.03545	0.05786	0.90669
24 C	0.03563	0.05747	0.9069
25 A	0.03577	0.05659	0.90763
26 A	0.03602	0.05521	0.90876
27 T	0.03860	0.04790	0.9135
28 T	0.03903	0.04226	0.91871
29 G	0.03775	0.04673	0.91552
30 G	0.03658	0.04502	0.91841
31 G	0.03506	0.06368	0.90125
32 A	0.03477	0.06511	0.90012
33 A	0.04554	0.05457	0.89989
34 T	0.04763	0.05252	0.89984
35 T	0.04817	0.05122	0.90061
36 C	0.04660	0.05238	0.90102
37 C	0.04239	0.05754	0.90007
38 A	0.04367	0.05701	0.89933
39 A	0.04120	0.06030	0.8985
40 A	0.04109	0.06043	0.89848
41 A	0.04135	0.06019	0.89847
42 C	0.04166	0.05985	0.89849
43 C	0.04239	0.05904	0.89857
44 C	0.04240	0.05897	0.89862
45 T	0.04240	0.05898	0.89862
46 C	0.04215	0.05924	0.89861
47 C	0.04225	0.05917	0.89859
48 A	0.04257	0.05888	0.89854
49 A	0.04301	0.05849	0.8985
50 A	0.04383	0.05763	0.89854
51 A	0.04565	0.05572	0.89863
52 G	0.04966	0.05037	0.89996
53 A	0.05875	0.03900	0.90225
54 T	0.07531	0.02004	0.90465
55 T	0.07687	0.01730	0.90583
56 T	0.07722	0.01624	0.90654
57 A	0.07736	0.01549	0.90715
58 A	0.07749	0.01406	0.90846
59 T	0.07771	0.01055	0.91174
60 C	0.07764	0.00662	0.91575
61 G	0.07805	0.00582	0.91613
62 C	0.07863	0.00509	0.91627
63 A	0.07843	0.00892	0.91265
64 G	0.07811	0.01213	0.90976
65 T	0.07786	0.01278	0.90937
66 T	0.07767	0.01357	0.90875
67 T	0.07759	0.01474	0.90767
68 A	0.07742	0.01497	0.90761
69 C	0.07733	0.01480	0.90787
70 T	0.07724	0.01502	0.90774
71 T	0.07669	0.01588	0.90743
72 C	0.06933	0.02329	0.90737
73 A	0.05979	0.03293	0.90727
74 A	0.05423	0.03860	0.90716
75 A	0.05298	0.03984	0.90719
76 C	0.05243	0.04036	0.90721
77 C	0.05190	0.04089	0.9072
78 T	0.05171	0.04115	0.90714
79 C	0.05094	0.04201	0.90705
80 A	0.05005	0.04301	0.90695
81 A	0.04975	0.04341	0.90685
82 A	0.04963	0.04359	0.90677
83 A	0.04973	0.04278	0.9075
84 C	0.05026	0.04192	0.90782
85 A	0.05118	0.04068	0.90815
86 A	0.05460	0.03690	0.90851
87 T	0.05748	0.03357	0.90896
88 C	0.05797	0.03274	0.90929
89 C	0.05865	0.03194	0.90941
90 A	0.05964	0.03093	0.90942
91 T	0.06010	0.03038	0.90952
92 T	0.06022	0.03047	0.90931
93 T	0.06032	0.03047	0.90922
94 A	0.06042	0.03012	0.90947
95 A	0.06047	0.02266	0.91687
96 A	0.06054	0.01369	0.92577
97 T	0.06062	0.00859	0.9308
98 T	0.06051	0.00916	0.93033
99 A	0.06019	0.00961	0.9302
100 G	0.05962	0.01042	0.92996
101 A	0.05955	0.01107	0.92938
102 A	0.05953	0.01051	0.92996
103 C	0.05956	0.00959	0.93085
104 A	0.05962	0.00953	0.93085
105 T	0.05971	0.00950	0.93079
106 C	0.05927	0.01028	0.93044
107 C	0.05914	0.01054	0.93033
108 T	0.05902	0.01097	0.93001
109 T	0.05888	0.01193	0.92919
110 A	0.05877	0.01236	0.92888
111 C	0.05871	0.01254	0.92876
112 A	0.05869	0.01258	0.92873
113 G	0.05877	0.01243	0.9288
114 C	0.05889	0.01226	0.92886
115 T	0.05889	0.01228	0.92883
116 C	0.05864	0.01256	0.9288
117 C	0.05873	0.01272	0.92856
118 A	0.05874	0.01360	0.92766
119 A	0.05908	0.01340	0.92753
120 T	0.05978	0.01272	0.92749
121 T	0.06105	0.01146	0.9275
122 A	0.06142	0.01092	0.92766
123 C	0.06198	0.00976	0.92826
124 A	0.06262	0.00909	0.92829
125 A	0.06253	0.00908	0.92839
126 A	0.06244	0.00909	0.92847
127 T	0.06258	0.00888	0.92854
128 A	0.06228	0.00913	0.92858
129 C	0.06271	0.00808	0.9292
130 A	0.06287	0.00775	0.92937
131 C	0.06321	0.00722	0.92957
132 C	0.06383	0.00658	0.92959
133 T	0.06412	0.00646	0.92942
134 T	0.06411	0.00676	0.92912
135 A	0.06378	0.00753	0.92869
136 G	0.06297	0.00849	0.92854
137 A	0.06258	0.00882	0.92861
138 T	0.06250	0.00830	0.9292
139 G	0.06236	0.00788	0.92976
140 A	0.06254	0.00739	0.93007
141 C	0.06327	0.00619	0.93054
142 C	0.06346	0.00590	0.93063
143 T	0.06359	0.00586	0.93055
144 T	0.06364	0.00594	0.93041
145 T	0.06356	0.00628	0.93016
146 T	0.06330	0.00693	0.92977
147 A	0.06257	0.00791	0.92952
148 A	0.06015	0.01049	0.92936
149 A	0.05816	0.01230	0.92954
150 A	0.05657	0.01371	0.92972
151 C	0.05583	0.01399	0.93018
152 A	0.05500	0.01499	0.93001
153 C	0.05456	0.01547	0.92997
154 G	0.05434	0.01602	0.92964
155 A	0.05436	0.01625	0.92939
156 A	0.05428	0.01645	0.92927
157 A	0.05446	0.01616	0.92939
158 T	0.05485	0.01544	0.92971
159 T	0.05489	0.01445	0.93066
160 G	0.05479	0.01405	0.93115
161 C	0.05476	0.01382	0.93143
162 T	0.05473	0.01373	0.93154
163 A	0.05469	0.01372	0.93158
164 T	0.05468	0.01369	0.93163
165 C	0.05467	0.01368	0.93166
166 G	0.05468	0.01370	0.93162
167 A	0.05476	0.01357	0.93168
168 G	0.05496	0.01328	0.93176
169 G	0.05523	0.01276	0.932
170 A	0.05552	0.01206	0.93242
171 A	0.05593	0.00907	0.935
172 G	0.05608	0.00652	0.93739
173 C	0.05635	0.00456	0.9391
174 T	0.05672	0.00367	0.93961
175 T	0.05705	0.00295	0.94
176 A	0.05712	0.00286	0.94002
177 T	0.05728	0.00271	0.94001
178 A	0.05735	0.00293	0.93971
179 T	0.05743	0.00245	0.94011
180 T	0.05745	0.00238	0.94017
181 T	0.05745	0.00253	0.94002
182 T	0.05743	0.00257	0.94
183 C	0.05735	0.00268	0.93997
184 T	0.05717	0.00352	0.93931
185 G	0.05586	0.00736	0.93678
186 G	0.05327	0.01209	0.93463
187 G	0.05225	0.01476	0.93299
188 A	0.05197	0.01662	0.93141
189 T	0.05169	0.01821	0.9301
190 A	0.05129	0.01882	0.92989
191 A	0.05111	0.01921	0.92968
192 A	0.05107	0.01947	0.92946
193 A	0.05100	0.01979	0.92921
194 C	0.05103	0.01979	0.92918
195 T	0.05111	0.01981	0.92908
196 T	0.05112	0.01988	0.929
197 A	0.05105	0.01998	0.92897
198 C	0.05104	0.01999	0.92897
199 A	0.05073	0.02030	0.92897
200 A	0.05063	0.02040	0.92897
201 C	0.05091	0.02010	0.92899
202 C	0.05099	0.02002	0.92898
203 C	0.05120	0.01989	0.9289
204 T	0.05162	0.01975	0.92864
205 A	0.05178	0.01984	0.92838
206 A	0.05204	0.01962	0.92835
207 A	0.05282	0.01875	0.92843
208 T	0.05568	0.01455	0.92977
209 T	0.05757	0.00968	0.93275
210 C	0.05835	0.00785	0.9338
211 A	0.05917	0.00705	0.93377
212 T	0.06016	0.00595	0.93389
213 A	0.06017	0.00584	0.93398
214 G	0.06033	0.00563	0.93404
215 A	0.06056	0.00549	0.93394
216 C	0.06086	0.00515	0.934
217 T	0.06091	0.00645	0.93264
218 T	0.06060	0.00902	0.93038
219 A	0.06003	0.01010	0.92987
220 A	0.05871	0.01139	0.9299
221 A	0.05801	0.01204	0.92995
222 A	0.05735	0.01222	0.93043
223 C	0.05710	0.01216	0.93074
224 C	0.05693	0.01230	0.93077
225 A	0.05679	0.01269	0.93051
226 A	0.05682	0.01288	0.93031
227 T	0.05702	0.01286	0.93012
228 A	0.05700	0.01333	0.92967
229 T	0.05697	0.01342	0.9296
230 A	0.05682	0.01343	0.92975
231 T	0.05639	0.01368	0.92993
232 A	0.05554	0.01433	0.93013
233 C	0.05495	0.01436	0.93069
234 C	0.05457	0.01456	0.93088
235 C	0.05413	0.01496	0.93091
236 G	0.05399	0.01514	0.93087
237 C	0.05410	0.01508	0.93083
238 A	0.05431	0.01493	0.93076
239 G	0.05456	0.01469	0.93075
240 T	0.05592	0.01329	0.93079
241 G	0.05759	0.01114	0.93127
242 T	0.05802	0.01030	0.93168
243 G	0.05804	0.00897	0.933
244 A	0.05807	0.00827	0.93366
245 T	0.05812	0.00751	0.93437
246 T	0.05807	0.00725	0.93468
247 A	0.05772	0.00746	0.93482
248 C	0.05775	0.00729	0.93496
249 A	0.05764	0.00781	0.93455
250 A	0.05765	0.00841	0.93394
251 A	0.05793	0.00825	0.93382
252 T	0.05793	0.00853	0.93354
253 A	0.05786	0.00884	0.9333
254 G	0.05784	0.00826	0.93389
255 A	0.05787	0.00757	0.93456
256 T	0.05796	0.00686	0.93519
257 T	0.05800	0.00651	0.93548
258 T	0.05801	0.00618	0.93581
259 T	0.05798	0.00610	0.93592
260 T	0.05784	0.00619	0.93597
261 T	0.05771	0.00640	0.9359
262 A	0.05742	0.00699	0.93559
263 T	0.05735	0.00717	0.93548
264 A	0.05722	0.00766	0.93513
265 T	0.05709	0.00823	0.93467
266 T	0.05678	0.00888	0.93435
267 T	0.05575	0.01046	0.9338
268 A	0.05412	0.01281	0.93308
269 A	0.05386	0.01355	0.93259
270 A	0.05378	0.01353	0.93269
271 G	0.05383	0.01327	0.93289
272 A	0.05433	0.01248	0.93319
273 T	0.05514	0.01151	0.93335
274 A	0.05538	0.01117	0.93345
275 C	0.05578	0.01062	0.93361
276 T	0.05616	0.01021	0.93362
277 A	0.05631	0.01007	0.93362
278 T	0.05656	0.00985	0.93359
279 T	0.05672	0.00972	0.93355
280 T	0.05682	0.00966	0.93351
281 T	0.05683	0.00956	0.93361
282 T	0.05676	0.00960	0.93365
283 G	0.05630	0.01013	0.93357
284 A	0.05610	0.01091	0.93299
285 T	0.05614	0.01123	0.93263
286 A	0.05567	0.01361	0.93072
287 A	0.05581	0.01343	0.93076
288 T	0.05636	0.01262	0.93103
289 A	0.05658	0.01208	0.93134
290 T	0.05712	0.01055	0.93232
291 C	0.05748	0.00896	0.93356
292 T	0.05787	0.00906	0.93307
293 T	0.05785	0.00977	0.93238
294 T	0.05752	0.01211	0.93037
295 A	0.05711	0.01390	0.92899
296 A	0.05688	0.01466	0.92846
297 A	0.05654	0.01528	0.92819
298 T	0.05633	0.01559	0.92807
299 T	0.05610	0.01599	0.92791
300 A	0.05555	0.01665	0.9278
301 T	0.05516	0.01708	0.92776
302 A	0.05498	0.01723	0.9278
303 T	0.05495	0.01713	0.92792
304 G	0.05482	0.01715	0.92804
305 A	0.05490	0.01693	0.92816
306 A	0.05515	0.01629	0.92856
307 A	0.05580	0.01533	0.92886
308 A	0.05648	0.01432	0.92919
309 T	0.05854	0.01162	0.92983
310 T	0.05878	0.01108	0.93013
311 T	0.05889	0.01076	0.93035
312 A	0.05898	0.01048	0.93053
313 G	0.05915	0.01009	0.93076
314 C	0.05949	0.00948	0.93102
315 T	0.06039	0.00848	0.93113
316 A	0.06117	0.00758	0.93125
317 T	0.06334	0.00512	0.93155
318 T	0.06449	0.00365	0.93186
319 T	0.06491	0.00304	0.93205
320 T	0.06511	0.00230	0.9326
321 T	0.06522	0.00182	0.93296
322 T	0.06530	0.00131	0.93339
323 A	0.06537	0.00070	0.93393
324 A	0.06547	0.00000	0.93454
