# lcl|CP097583.1_cds_USQ93187.1_1
# AA	inside	membr	outside
1 A	0.51301	0.00000	0.48699
2 T	0.50358	0.00943	0.48699
3 G	0.49513	0.01787	0.48699
4 A	0.49513	0.14887	0.35599
5 A	0.31942	0.43855	0.24202
6 A	0.31942	0.44253	0.23806
7 A	0.08413	0.67857	0.2373
8 G	0.08412	0.67859	0.23729
9 A	0.06903	0.69402	0.23695
10 C	0.06902	0.71222	0.21876
11 A	0.06622	0.71983	0.21394
12 A	0.03667	0.75199	0.21134
13 G	0.00929	0.79546	0.19524
14 A	0.00928	0.79548	0.19523
15 A	0.00928	0.98184	0.00887
16 A	0.00852	0.98261	0.00887
17 A	0.00789	0.98367	0.00844
18 A	0.00788	0.98426	0.00786
19 G	0.00771	0.98459	0.0077
20 A	0.00744	0.98714	0.00542
21 A	0.00729	0.98687	0.00584
22 A	0.01015	0.98246	0.00738
23 A	0.01495	0.97348	0.01157
24 T	0.02986	0.95430	0.01583
25 A	0.03668	0.93184	0.03148
26 A	0.04125	0.91649	0.04226
27 A	0.14186	0.78515	0.07299
28 A	0.22960	0.54454	0.22587
29 T	0.23700	0.51910	0.24391
30 T	0.23878	0.35637	0.40484
31 A	0.23266	0.44874	0.3186
32 G	0.22879	0.47698	0.29423
33 A	0.19511	0.58645	0.21845
34 A	0.18002	0.63620	0.18378
35 G	0.18652	0.61349	0.19998
36 A	0.20493	0.57725	0.21782
37 A	0.21801	0.57028	0.21171
38 T	0.38536	0.40386	0.21077
39 T	0.37705	0.43072	0.19224
40 C	0.35796	0.46084	0.1812
41 T	0.35443	0.47662	0.16895
42 T	0.33736	0.52102	0.14163
43 A	0.32047	0.54502	0.13451
44 A	0.23292	0.66224	0.10484
45 G	0.21743	0.68439	0.09818
46 A	0.18924	0.71491	0.09585
47 A	0.16246	0.74620	0.09134
48 A	0.13777	0.77463	0.0876
49 A	0.11791	0.80080	0.08129
50 C	0.11250	0.80625	0.08125
51 T	0.12672	0.79567	0.07761
52 A	0.13348	0.79118	0.07534
53 A	0.15640	0.76740	0.0762
54 T	0.25344	0.66672	0.07985
55 A	0.28209	0.63593	0.08198
56 T	0.33734	0.53341	0.12925
57 T	0.33266	0.52022	0.14712
58 A	0.30107	0.54895	0.14998
59 A	0.28954	0.55862	0.15185
60 A	0.28495	0.56225	0.15281
61 G	0.28407	0.55869	0.15724
62 A	0.29643	0.53418	0.16939
63 T	0.31427	0.49747	0.18827
64 T	0.31095	0.49621	0.19284
65 T	0.28523	0.53722	0.17754
66 A	0.18435	0.64079	0.17485
67 A	0.14602	0.62384	0.23014
68 A	0.12333	0.63463	0.24204
69 A	0.11462	0.61737	0.26801
70 A	0.11870	0.58954	0.29176
71 T	0.12669	0.55529	0.31801
72 T	0.13362	0.52695	0.33942
73 A	0.13398	0.51909	0.34694
74 T	0.13963	0.51095	0.34941
75 T	0.14189	0.50761	0.3505
76 A	0.14220	0.51569	0.34211
77 T	0.14396	0.51097	0.34507
78 T	0.14490	0.50707	0.34803
79 T	0.14464	0.51066	0.3447
80 T	0.14349	0.50933	0.34718
81 A	0.14072	0.54098	0.3183
82 A	0.13853	0.55064	0.31083
83 A	0.13957	0.55139	0.30905
84 A	0.14159	0.54646	0.31195
85 A	0.14789	0.51419	0.33793
86 A	0.15951	0.48296	0.35753
87 T	0.17384	0.43257	0.39359
88 T	0.20071	0.36992	0.42936
89 G	0.20412	0.29286	0.50301
90 T	0.20630	0.26575	0.52795
91 A	0.19782	0.29741	0.50477
92 G	0.18791	0.37094	0.44115
93 T	0.17884	0.49567	0.32549
94 A	0.13994	0.68625	0.17381
95 A	0.12475	0.76467	0.11058
96 A	0.11029	0.84621	0.0435
97 A	0.09494	0.87884	0.02623
98 A	0.08605	0.89744	0.01651
99 A	0.08731	0.89720	0.0155
100 A	0.08230	0.90470	0.013
101 C	0.08892	0.89682	0.01426
102 A	0.09450	0.89074	0.01475
103 C	0.11130	0.87284	0.01586
104 A	0.14656	0.83699	0.01645
105 C	0.16077	0.82194	0.0173
106 C	0.17046	0.81261	0.01693
107 T	0.17616	0.80777	0.01607
108 T	0.17330	0.81172	0.01499
109 A	0.16236	0.82342	0.01423
110 A	0.13733	0.84885	0.01382
111 A	0.12694	0.85863	0.01444
112 A	0.12456	0.85390	0.02155
113 G	0.13293	0.83761	0.02946
114 A	0.17464	0.78530	0.04006
115 A	0.25779	0.69073	0.05148
116 A	0.38573	0.54715	0.06713
117 T	0.52844	0.36695	0.10462
118 A	0.56620	0.31756	0.11625
119 A	0.61789	0.24962	0.13248
120 T	0.63748	0.21260	0.14992
121 A	0.64435	0.19532	0.16033
122 A	0.64739	0.18282	0.16979
123 T	0.65729	0.15896	0.18375
124 A	0.65940	0.15052	0.19008
125 T	0.66179	0.13789	0.20032
126 T	0.66178	0.13219	0.20603
127 C	0.65837	0.13143	0.21021
128 T	0.65552	0.13569	0.20879
129 T	0.65185	0.14561	0.20254
130 T	0.64826	0.15913	0.19261
131 T	0.64253	0.17794	0.17953
132 T	0.63573	0.18639	0.17788
133 G	0.61790	0.18985	0.19225
134 T	0.56316	0.24400	0.19284
135 A	0.42998	0.38194	0.18808
136 A	0.33216	0.48560	0.18224
137 A	0.29887	0.51877	0.18236
138 T	0.28151	0.53654	0.18196
139 G	0.24364	0.57889	0.17746
140 A	0.22354	0.60576	0.17071
141 T	0.21097	0.62271	0.16632
142 A	0.19521	0.66882	0.13598
143 A	0.18114	0.70317	0.11569
144 A	0.17218	0.73172	0.0961
145 G	0.16385	0.75069	0.08546
146 T	0.15740	0.77800	0.0646
147 A	0.14993	0.78710	0.06296
148 A	0.14766	0.78914	0.0632
149 A	0.15006	0.78456	0.06537
150 T	0.15593	0.77272	0.07135
151 C	0.16210	0.75918	0.07872
152 A	0.17492	0.74258	0.0825
153 T	0.19532	0.71644	0.08824
154 T	0.21021	0.69714	0.09265
155 T	0.21396	0.69036	0.09568
156 A	0.21241	0.68336	0.10423
157 G	0.21442	0.60863	0.17694
158 T	0.21935	0.47982	0.30083
159 T	0.22083	0.39755	0.38163
160 A	0.20794	0.40355	0.38851
161 A	0.19935	0.41994	0.38071
162 A	0.19378	0.40555	0.40066
163 A	0.19143	0.39140	0.41717
164 A	0.18905	0.37964	0.43132
165 A	0.21608	0.33933	0.44458
166 G	0.23793	0.30636	0.45571
167 A	0.26116	0.29055	0.44828
168 A	0.27240	0.28735	0.44026
169 T	0.29184	0.27321	0.43495
170 T	0.28056	0.30919	0.41025
171 A	0.22943	0.46303	0.30754
172 A	0.17730	0.64356	0.17915
173 A	0.11318	0.80611	0.08072
174 A	0.08742	0.86181	0.05077
175 A	0.05600	0.91552	0.02848
176 A	0.05498	0.92090	0.02412
177 A	0.05604	0.92095	0.02302
178 T	0.05904	0.91620	0.02476
179 G	0.06074	0.90995	0.02931
180 T	0.06452	0.90308	0.03239
181 A	0.06703	0.89825	0.03472
182 A	0.07154	0.88827	0.04019
183 A	0.08169	0.86478	0.05353
184 T	0.10251	0.83156	0.06593
185 T	0.10970	0.81378	0.07652
186 A	0.11255	0.80430	0.08315
187 G	0.11606	0.79299	0.09095
188 A	0.11994	0.78592	0.09415
189 A	0.12592	0.77763	0.09644
190 A	0.14466	0.75563	0.0997
191 A	0.17133	0.72344	0.10522
192 A	0.19705	0.69031	0.11265
193 A	0.23915	0.63064	0.13022
194 A	0.34337	0.47560	0.18102
195 A	0.47125	0.29283	0.23593
196 T	0.57675	0.11988	0.30337
197 A	0.60638	0.06166	0.33197
198 A	0.63270	0.00000	0.3673
