# lcl|CP097583.1_cds_USQ93210.1_1
# AA	inside	membr	outside
1 A	0.27791	0.00000	0.72209
2 T	0.27264	0.00527	0.72209
3 G	0.27139	0.00652	0.72209
4 A	0.27139	0.06590	0.66271
5 A	0.26261	0.10333	0.63405
6 A	0.26261	0.10811	0.62927
7 A	0.25509	0.11730	0.6276
8 A	0.25509	0.11734	0.62757
9 A	0.25274	0.12034	0.62692
10 T	0.25273	0.14425	0.60301
11 T	0.25215	0.14748	0.60037
12 G	0.23662	0.16502	0.59836
13 A	0.19164	0.22664	0.58172
14 A	0.19164	0.22665	0.58172
15 A	0.19163	0.26860	0.53976
16 T	0.19125	0.26898	0.53976
17 T	0.19006	0.27035	0.53959
18 T	0.18992	0.27104	0.53904
19 A	0.17960	0.28192	0.53848
20 T	0.13879	0.33163	0.52958
21 A	0.09515	0.37522	0.52963
22 A	0.09397	0.37629	0.52974
23 A	0.09360	0.37594	0.53046
24 A	0.09622	0.37236	0.53142
25 C	0.09975	0.35754	0.54271
26 C	0.10054	0.35556	0.54389
27 T	0.15045	0.30573	0.54381
28 A	0.16585	0.29031	0.54384
29 A	0.16766	0.28901	0.54333
30 C	0.16983	0.28331	0.54686
31 A	0.16936	0.28392	0.54673
32 T	0.17156	0.27661	0.55182
33 G	0.18650	0.26113	0.55238
34 A	0.18896	0.26724	0.5438
35 A	0.19573	0.25463	0.54964
36 T	0.21221	0.19886	0.58893
37 A	0.21122	0.20016	0.58862
38 T	0.23665	0.17483	0.58852
39 T	0.21332	0.19639	0.59029
40 A	0.20607	0.20248	0.59146
41 A	0.20326	0.19760	0.59914
42 A	0.19942	0.18822	0.61236
43 C	0.20448	0.14266	0.65286
44 A	0.20120	0.12477	0.67402
45 A	0.19991	0.12594	0.67416
46 G	0.19903	0.12592	0.67505
47 A	0.19865	0.12661	0.67475
48 A	0.19862	0.12718	0.67421
49 G	0.19872	0.12193	0.67934
50 G	0.19983	0.11802	0.68215
51 T	0.20185	0.11074	0.68742
52 T	0.20291	0.10693	0.69017
53 C	0.20305	0.10473	0.69222
54 A	0.20366	0.10397	0.69237
55 G	0.20468	0.10278	0.69254
56 A	0.20682	0.09776	0.69541
57 T	0.21787	0.08564	0.69649
58 T	0.22193	0.08091	0.69717
59 T	0.22396	0.07552	0.70052
60 A	0.22529	0.06997	0.70474
61 T	0.22704	0.05861	0.71435
62 C	0.22827	0.03263	0.7391
63 T	0.23070	0.02597	0.74332
64 T	0.23152	0.02399	0.74448
65 T	0.23193	0.02239	0.74567
66 T	0.23192	0.02218	0.74591
67 G	0.23182	0.02062	0.74755
68 G	0.23228	0.01878	0.74894
69 T	0.23200	0.01877	0.74923
70 A	0.23146	0.02103	0.74752
71 A	0.23169	0.02320	0.7451
72 A	0.23133	0.02468	0.74398
73 T	0.23231	0.02536	0.74234
74 T	0.23001	0.03178	0.73821
75 T	0.22754	0.04330	0.72916
76 A	0.22418	0.06975	0.70608
77 T	0.22284	0.07604	0.70111
78 T	0.22101	0.07847	0.70053
79 A	0.21485	0.08522	0.69992
80 T	0.21318	0.08712	0.69971
81 T	0.21052	0.08981	0.69968
82 C	0.20620	0.09412	0.69968
83 A	0.20295	0.09740	0.69965
84 A	0.20089	0.09947	0.69964
85 C	0.20040	0.09993	0.69968
86 C	0.20062	0.09972	0.69966
87 T	0.20102	0.09943	0.69954
88 T	0.20123	0.09932	0.69945
89 T	0.20072	0.10001	0.69927
90 A	0.19923	0.10193	0.69883
91 G	0.19896	0.10192	0.69912
92 A	0.19914	0.10086	0.7
93 A	0.20042	0.09877	0.7008
94 A	0.20275	0.09592	0.70134
95 A	0.20485	0.09271	0.70244
96 A	0.20799	0.08842	0.70358
97 G	0.21292	0.07896	0.70812
98 G	0.22249	0.06597	0.71154
99 T	0.24462	0.03992	0.71545
100 T	0.24875	0.03364	0.71761
101 T	0.24916	0.03131	0.71953
102 T	0.24917	0.02596	0.72487
103 G	0.24886	0.02478	0.72636
104 G	0.24870	0.02397	0.72733
105 A	0.24804	0.02410	0.72787
106 A	0.24731	0.02285	0.72983
107 T	0.24669	0.02202	0.73129
108 T	0.24423	0.02567	0.7301
109 A	0.23961	0.03313	0.72726
110 C	0.23382	0.04180	0.72437
111 A	0.22948	0.06037	0.71016
112 A	0.22864	0.06588	0.70549
113 T	0.22885	0.06737	0.70378
114 A	0.22843	0.06969	0.70188
115 G	0.22841	0.07049	0.7011
116 G	0.22895	0.07054	0.70051
117 T	0.22965	0.07039	0.69996
118 A	0.22975	0.07025	0.7
119 A	0.23015	0.06969	0.70016
120 T	0.23091	0.06872	0.70037
121 T	0.23131	0.06812	0.70057
122 C	0.23144	0.06776	0.70079
123 C	0.23172	0.06739	0.70089
124 T	0.23201	0.06714	0.70084
125 T	0.23221	0.06697	0.70082
126 A	0.23226	0.06690	0.70085
127 A	0.23264	0.06646	0.7009
128 G	0.23389	0.06458	0.70153
129 A	0.23439	0.06266	0.70295
130 A	0.23558	0.05997	0.70446
131 G	0.23889	0.05317	0.70794
132 A	0.24318	0.04455	0.71227
133 G	0.24866	0.03358	0.71776
134 T	0.26367	0.01531	0.72102
135 T	0.26867	0.01015	0.72119
136 T	0.27087	0.00823	0.7209
137 T	0.27186	0.00742	0.72073
138 A	0.27199	0.00788	0.72013
139 T	0.27275	0.00693	0.72033
140 T	0.27317	0.00643	0.72039
141 A	0.27307	0.00651	0.72042
142 T	0.27302	0.00644	0.72054
143 C	0.27289	0.00655	0.72057
144 T	0.27249	0.00697	0.72054
145 T	0.27211	0.00737	0.72053
146 C	0.27109	0.00845	0.72046
147 T	0.27041	0.00923	0.72036
148 T	0.26887	0.01081	0.72032
149 T	0.26549	0.01409	0.72042
150 A	0.26086	0.01867	0.72048
151 C	0.25840	0.02106	0.72054
152 C	0.25619	0.02320	0.7206
153 A	0.25341	0.02603	0.72056
154 G	0.25167	0.02779	0.72054
155 G	0.25110	0.02842	0.72049
156 A	0.25079	0.02883	0.72038
157 G	0.25100	0.02861	0.72039
158 T	0.25210	0.02733	0.72057
159 T	0.25253	0.02674	0.72073
160 G	0.25266	0.02637	0.72096
161 C	0.25305	0.02564	0.72131
162 T	0.25301	0.02584	0.72116
163 A	0.25286	0.02673	0.7204
164 T	0.25293	0.02709	0.71997
165 T	0.25279	0.02807	0.71914
166 G	0.25241	0.02893	0.71866
167 T	0.25223	0.02951	0.71826
168 A	0.25160	0.03117	0.71723
169 A	0.25058	0.03238	0.71704
170 A	0.25023	0.03198	0.71779
171 T	0.25017	0.02973	0.7201
172 G	0.24980	0.02693	0.72328
173 T	0.24958	0.02393	0.72649
174 T	0.24921	0.02422	0.72657
175 A	0.24854	0.02801	0.72345
176 A	0.24746	0.03257	0.71997
177 A	0.24664	0.03382	0.71954
178 A	0.24616	0.03452	0.71933
179 T	0.24603	0.03468	0.71929
180 T	0.24544	0.03599	0.71858
181 G	0.24422	0.03896	0.71681
182 A	0.24389	0.03961	0.7165
183 A	0.24361	0.03980	0.71659
184 G	0.24347	0.03974	0.71679
185 G	0.24364	0.03942	0.71695
186 C	0.24448	0.03839	0.71713
187 G	0.24466	0.03849	0.71686
188 T	0.24538	0.03830	0.71632
189 A	0.24468	0.03909	0.71624
190 G	0.24456	0.03934	0.7161
191 A	0.24516	0.03874	0.7161
192 T	0.24589	0.03717	0.71694
193 C	0.24500	0.03811	0.71689
194 A	0.24416	0.03982	0.71602
195 T	0.24482	0.03996	0.71522
196 G	0.24415	0.04130	0.71454
197 A	0.24477	0.04057	0.71467
198 A	0.24813	0.03677	0.7151
199 T	0.25316	0.03035	0.71649
200 T	0.25344	0.02906	0.7175
201 C	0.25183	0.02989	0.71827
202 A	0.25026	0.03132	0.71842
203 G	0.24885	0.03235	0.7188
204 C	0.24904	0.03172	0.71924
205 T	0.24785	0.03387	0.71828
206 T	0.24556	0.03695	0.71748
207 A	0.24126	0.04256	0.71618
208 A	0.23836	0.04625	0.71539
209 T	0.23628	0.04852	0.7152
210 A	0.22932	0.05523	0.71544
211 A	0.22637	0.05774	0.71588
212 A	0.22558	0.05737	0.71705
213 A	0.22535	0.05634	0.71831
214 G	0.22568	0.05469	0.71962
215 G	0.22634	0.05294	0.72072
216 T	0.22741	0.05050	0.72209
217 G	0.22817	0.04858	0.72325
218 T	0.22905	0.04693	0.72402
219 T	0.22930	0.04581	0.72489
220 T	0.22888	0.04577	0.72535
221 A	0.22817	0.04599	0.72585
222 T	0.22773	0.04568	0.72659
223 G	0.22675	0.04513	0.72811
224 A	0.22613	0.04379	0.73008
225 A	0.22541	0.04269	0.7319
226 G	0.22502	0.04066	0.73432
227 A	0.22515	0.03885	0.73601
228 T	0.22637	0.03456	0.73907
229 G	0.22689	0.03091	0.7422
230 T	0.22802	0.02606	0.74592
231 T	0.22834	0.02350	0.74816
232 A	0.22781	0.02218	0.75001
233 T	0.22757	0.01650	0.75593
234 G	0.22540	0.01628	0.75832
235 T	0.22373	0.01778	0.75848
236 C	0.22151	0.02121	0.75728
237 T	0.21930	0.03047	0.75023
238 A	0.21562	0.04053	0.74386
239 T	0.21442	0.04489	0.74068
240 T	0.21229	0.05057	0.73715
241 A	0.21057	0.05448	0.73495
242 T	0.21026	0.05563	0.7341
243 T	0.20951	0.05743	0.73306
244 T	0.20843	0.05965	0.73192
245 T	0.20704	0.06188	0.73109
246 A	0.20556	0.06500	0.72943
247 A	0.20504	0.06929	0.72568
248 A	0.20497	0.06973	0.72531
249 T	0.20499	0.07018	0.72483
250 T	0.20492	0.07196	0.72312
251 T	0.20470	0.07344	0.72186
252 A	0.20389	0.07759	0.71851
253 A	0.20365	0.08003	0.71632
254 A	0.20356	0.08058	0.71587
255 A	0.20342	0.08030	0.71628
256 A	0.20367	0.07941	0.71691
257 A	0.20454	0.07612	0.71934
258 A	0.20611	0.07164	0.72225
259 G	0.20930	0.06584	0.72486
260 T	0.21794	0.05520	0.72686
261 T	0.22433	0.04628	0.72939
262 G	0.22697	0.04307	0.72996
263 T	0.22969	0.04021	0.73009
264 T	0.23033	0.04238	0.72729
265 A	0.22874	0.05034	0.72092
266 T	0.22821	0.05853	0.71326
267 T	0.22653	0.07038	0.70309
268 A	0.21979	0.08019	0.70002
269 G	0.21834	0.08203	0.69963
270 T	0.22006	0.08085	0.69909
271 A	0.21736	0.08351	0.69913
272 C	0.21720	0.08327	0.69954
273 T	0.21860	0.08191	0.69949
274 A	0.21836	0.08199	0.69965
275 C	0.22016	0.07972	0.70012
276 T	0.22145	0.07833	0.70022
277 T	0.21953	0.08024	0.70023
278 C	0.21283	0.08686	0.70031
279 A	0.20143	0.09858	0.69999
280 C	0.18469	0.11561	0.6997
281 A	0.15839	0.14286	0.69875
282 A	0.14205	0.15956	0.69839
283 G	0.13239	0.16947	0.69814
284 A	0.12772	0.17438	0.6979
285 A	0.12324	0.17885	0.69791
286 G	0.11955	0.18165	0.6988
287 A	0.12019	0.18016	0.69964
288 A	0.12341	0.17468	0.7019
289 G	0.13079	0.16460	0.7046
290 A	0.13975	0.15278	0.70748
291 T	0.14305	0.14279	0.71416
292 T	0.14140	0.14287	0.71573
293 T	0.13479	0.14852	0.71669
294 T	0.12058	0.16346	0.71597
295 G	0.09915	0.18680	0.71404
296 A	0.08468	0.20247	0.71284
297 A	0.07665	0.21080	0.71255
298 G	0.07159	0.21490	0.71351
299 A	0.06861	0.21707	0.71432
300 A	0.06761	0.21604	0.71635
301 A	0.06740	0.21083	0.72177
302 A	0.06765	0.20064	0.73171
303 A	0.06803	0.18444	0.74753
304 T	0.06896	0.15686	0.77418
305 T	0.06922	0.14169	0.78909
306 G	0.06921	0.13393	0.79687
307 A	0.06929	0.13248	0.79824
308 A	0.06929	0.12984	0.80086
309 A	0.06936	0.12605	0.80459
310 A	0.06974	0.12248	0.80777
311 T	0.07055	0.11679	0.81266
312 A	0.07102	0.11488	0.8141
313 G	0.07195	0.10991	0.81814
314 A	0.07318	0.10572	0.82111
315 T	0.07638	0.09365	0.82996
316 G	0.07791	0.07961	0.84247
317 T	0.08129	0.06733	0.85138
318 T	0.08321	0.06832	0.84846
319 G	0.08416	0.07295	0.84289
320 T	0.08515	0.07419	0.84066
321 T	0.08544	0.08154	0.83302
322 G	0.08530	0.09492	0.81978
323 G	0.08544	0.10962	0.80494
324 T	0.08533	0.12708	0.78758
325 G	0.08375	0.16285	0.7534
326 A	0.08282	0.18528	0.73191
327 A	0.07999	0.20065	0.71936
328 A	0.07949	0.20243	0.71807
329 A	0.07942	0.20284	0.71774
330 A	0.08153	0.20084	0.71763
331 A	0.08340	0.19897	0.71763
332 C	0.08530	0.19709	0.71761
333 A	0.08666	0.19649	0.71685
334 G	0.08792	0.19532	0.71677
335 T	0.08978	0.19348	0.71674
336 A	0.09001	0.19331	0.71668
337 A	0.09072	0.19257	0.71671
338 C	0.09203	0.19113	0.71684
339 A	0.09379	0.18930	0.7169
340 G	0.10127	0.18172	0.71702
341 C	0.12326	0.15955	0.71719
342 T	0.14138	0.14129	0.71733
343 G	0.14725	0.13538	0.71737
344 C	0.15891	0.12327	0.71782
345 T	0.17352	0.10853	0.71795
346 G	0.18665	0.09529	0.71806
347 A	0.20201	0.07942	0.71857
348 T	0.23598	0.04394	0.72009
349 T	0.25121	0.02804	0.72075
350 T	0.25757	0.01878	0.72365
351 T	0.25389	0.02275	0.72336
352 G	0.22275	0.05310	0.72416
353 A	0.20537	0.07008	0.72454
354 A	0.19586	0.07931	0.72482
355 A	0.19323	0.08148	0.72529
356 C	0.19281	0.08098	0.72621
357 T	0.19208	0.08143	0.72648
358 G	0.19009	0.08340	0.72651
359 T	0.18860	0.08482	0.72658
360 T	0.18429	0.08933	0.72638
361 G	0.17378	0.10058	0.72564
362 A	0.16851	0.10702	0.72448
363 A	0.16553	0.11075	0.72372
364 G	0.16310	0.11518	0.72172
365 G	0.16210	0.11565	0.72225
366 A	0.16181	0.11537	0.72283
367 G	0.16155	0.11503	0.72342
368 T	0.16152	0.11469	0.72379
369 C	0.16135	0.11448	0.72417
370 G	0.16141	0.11542	0.72317
371 A	0.16146	0.11792	0.72062
372 A	0.16169	0.11971	0.7186
373 A	0.16226	0.11854	0.7192
374 T	0.16373	0.11356	0.7227
375 T	0.16396	0.08299	0.75306
376 T	0.16392	0.06855	0.76753
377 G	0.16373	0.06349	0.77279
378 T	0.16367	0.07211	0.76422
379 A	0.16349	0.09925	0.73726
380 A	0.16349	0.10710	0.72941
381 T	0.16362	0.10814	0.72824
382 A	0.16348	0.11016	0.72636
383 A	0.16263	0.11082	0.72656
384 A	0.16275	0.10235	0.73489
385 G	0.16397	0.09661	0.73942
386 A	0.16494	0.09391	0.74115
387 T	0.16745	0.09015	0.7424
388 C	0.16761	0.09125	0.74114
389 A	0.16778	0.10151	0.73071
390 A	0.16808	0.11077	0.72115
391 A	0.16855	0.11670	0.71475
392 T	0.16921	0.11852	0.71227
393 A	0.16871	0.12559	0.7057
394 A	0.17081	0.12416	0.70503
395 T	0.17363	0.12134	0.70504
396 A	0.17424	0.12055	0.70522
397 G	0.17603	0.11845	0.70552
398 C	0.18121	0.11304	0.70575
399 T	0.18818	0.10595	0.70587
400 C	0.19163	0.10241	0.70596
401 A	0.20100	0.09307	0.70593
402 T	0.22586	0.06817	0.70598
403 T	0.23260	0.06138	0.70603
404 T	0.23501	0.05878	0.7062
405 A	0.23574	0.05773	0.70653
406 T	0.23781	0.05431	0.70789
407 C	0.23771	0.05369	0.70861
408 A	0.23749	0.05372	0.70879
409 C	0.23917	0.05181	0.70902
410 C	0.24130	0.04965	0.70905
411 T	0.24440	0.04667	0.70893
412 G	0.25332	0.03782	0.70886
413 A	0.26319	0.02802	0.70879
414 T	0.27006	0.02122	0.70872
415 G	0.27239	0.01859	0.70902
416 T	0.27786	0.01089	0.71124
417 T	0.27879	0.00907	0.71215
418 T	0.27901	0.00843	0.71256
419 C	0.27897	0.00803	0.713
420 T	0.27865	0.00843	0.71292
421 T	0.27700	0.01048	0.71252
422 T	0.27129	0.01669	0.71201
423 T	0.25980	0.02915	0.71105
424 A	0.23467	0.05668	0.70865
425 A	0.21386	0.08054	0.70561
426 A	0.19827	0.09790	0.70382
427 A	0.18962	0.10785	0.70254
428 T	0.18233	0.11589	0.70178
429 G	0.16971	0.13210	0.69819
430 G	0.16338	0.14306	0.69356
431 A	0.15969	0.15075	0.68956
432 A	0.15736	0.15638	0.68626
433 G	0.15630	0.15773	0.68597
434 T	0.15615	0.15807	0.68578
435 A	0.15557	0.15878	0.68565
436 A	0.15533	0.15918	0.68548
437 C	0.15531	0.15918	0.6855
438 T	0.15524	0.15948	0.68528
439 A	0.15515	0.15996	0.68489
440 T	0.15508	0.16029	0.68462
441 T	0.15479	0.16074	0.68446
442 A	0.15447	0.16146	0.68407
443 A	0.15437	0.16077	0.68486
444 A	0.15436	0.15810	0.68755
445 A	0.15471	0.15093	0.69436
446 A	0.15553	0.13806	0.70641
447 A	0.15769	0.11140	0.7309
448 G	0.16078	0.08738	0.75185
449 G	0.16319	0.07054	0.76627
450 A	0.16612	0.06099	0.77289
451 A	0.17009	0.05173	0.77818
452 T	0.17606	0.03559	0.78835
453 T	0.18024	0.02694	0.79283
454 G	0.18246	0.02463	0.7929
455 G	0.18456	0.02368	0.79176
456 T	0.18532	0.02848	0.78621
457 T	0.18538	0.03100	0.78362
458 A	0.18444	0.03566	0.7799
459 T	0.18405	0.03879	0.77715
460 T	0.18325	0.04002	0.77673
461 C	0.18233	0.04151	0.77615
462 A	0.18165	0.04350	0.77485
463 T	0.18127	0.04379	0.77494
464 C	0.18061	0.04425	0.77514
465 T	0.18015	0.04482	0.77503
466 G	0.17904	0.04665	0.7743
467 C	0.17881	0.04708	0.77411
468 T	0.17855	0.04902	0.77242
469 G	0.17756	0.05362	0.76882
470 A	0.17707	0.05828	0.76465
471 T	0.17672	0.06214	0.76114
472 G	0.17484	0.07219	0.75297
473 A	0.17528	0.07653	0.74819
474 T	0.17775	0.07747	0.74478
475 A	0.17816	0.08639	0.73544
476 A	0.17926	0.09277	0.72797
477 T	0.18268	0.09218	0.72514
478 A	0.18487	0.09416	0.72097
479 A	0.18893	0.09189	0.71918
480 A	0.19156	0.09006	0.71838
481 A	0.19577	0.08544	0.71879
482 T	0.19943	0.08146	0.71911
483 T	0.19993	0.08259	0.71748
484 T	0.19991	0.08452	0.71556
485 A	0.19862	0.08698	0.7144
486 T	0.19724	0.08914	0.71362
487 A	0.19496	0.09217	0.71287
488 G	0.19417	0.09299	0.71284
489 T	0.19468	0.09365	0.71168
490 A	0.19461	0.09828	0.70711
491 A	0.19613	0.10164	0.70222
492 A	0.20040	0.09808	0.70153
493 A	0.20500	0.09340	0.7016
494 A	0.20905	0.08854	0.7024
495 T	0.21871	0.07695	0.70435
496 C	0.22210	0.07325	0.70465
497 A	0.22516	0.07105	0.7038
498 A	0.23349	0.06278	0.70373
499 T	0.24151	0.05437	0.70412
500 T	0.24455	0.05114	0.70431
501 T	0.24732	0.04822	0.70446
502 G	0.24798	0.04691	0.70511
503 G	0.24869	0.04587	0.70544
504 A	0.24943	0.04489	0.70567
505 G	0.25094	0.04315	0.70591
506 T	0.25460	0.03890	0.70649
507 T	0.25785	0.03510	0.70705
508 A	0.25913	0.03199	0.70888
509 T	0.26057	0.02864	0.7108
510 C	0.26143	0.02564	0.71293
511 G	0.26218	0.02444	0.71337
512 C	0.26389	0.02315	0.71296
513 A	0.26829	0.02148	0.71023
514 A	0.27315	0.01780	0.70906
515 T	0.27548	0.01600	0.70851
516 T	0.27629	0.01562	0.7081
517 G	0.27644	0.01553	0.70803
518 A	0.27681	0.01505	0.70814
519 T	0.27763	0.01374	0.70862
520 T	0.27826	0.01309	0.70865
521 C	0.27817	0.01417	0.70766
522 T	0.27816	0.02034	0.7015
523 T	0.27763	0.02693	0.69544
524 T	0.27548	0.03282	0.6917
525 A	0.26917	0.04632	0.68451
526 T	0.26728	0.04892	0.68381
527 A	0.26503	0.05145	0.68351
528 C	0.26374	0.05264	0.68362
529 A	0.26263	0.05375	0.68363
530 C	0.26230	0.05397	0.68373
531 G	0.26153	0.05474	0.68372
532 C	0.26134	0.05500	0.68366
533 C	0.26147	0.05506	0.68346
534 A	0.26197	0.05540	0.68264
535 G	0.26267	0.05503	0.68229
536 T	0.26549	0.05263	0.68187
537 T	0.26628	0.05240	0.68132
538 T	0.26632	0.05299	0.68069
539 T	0.26601	0.05441	0.67957
540 A	0.26517	0.05640	0.67843
541 A	0.26487	0.05826	0.67688
542 A	0.26468	0.05943	0.67589
543 A	0.26522	0.05963	0.67516
544 G	0.26687	0.05720	0.67593
545 T	0.27274	0.05086	0.67641
546 A	0.27488	0.04858	0.67654
547 A	0.27750	0.04355	0.67894
548 C	0.28427	0.03089	0.68484
549 T	0.28502	0.02848	0.6865
550 T	0.28455	0.02782	0.68763
551 A	0.28329	0.02861	0.68811
552 T	0.28223	0.02919	0.68858
553 C	0.27680	0.03477	0.68843
554 A	0.27429	0.03796	0.68775
555 T	0.27054	0.04251	0.68695
556 A	0.26070	0.05547	0.68383
557 T	0.25110	0.06952	0.67938
558 A	0.23368	0.08789	0.67843
559 G	0.18305	0.13934	0.67761
560 A	0.13296	0.19104	0.67599
561 A	0.11542	0.21080	0.67378
562 C	0.09581	0.23327	0.67091
563 A	0.06956	0.26745	0.663
564 A	0.05503	0.28607	0.6589
565 A	0.04881	0.29428	0.65691
566 A	0.04520	0.29800	0.6568
567 A	0.04290	0.30033	0.65677
568 A	0.04207	0.30021	0.65772
569 T	0.04239	0.29758	0.66003
570 C	0.04081	0.29797	0.66123
571 A	0.03975	0.29898	0.66126
572 A	0.03928	0.29917	0.66155
573 T	0.03933	0.29839	0.66228
574 A	0.03870	0.29820	0.6631
575 G	0.03800	0.29787	0.66413
576 C	0.03780	0.29072	0.67148
577 A	0.03824	0.28861	0.67315
578 A	0.03881	0.28423	0.67696
579 A	0.04139	0.27462	0.68399
580 G	0.04476	0.26209	0.69315
581 A	0.04535	0.24993	0.70472
582 A	0.04723	0.19638	0.75639
583 G	0.05038	0.13991	0.8097
584 A	0.05434	0.12015	0.82551
585 A	0.05889	0.10006	0.84105
586 T	0.06676	0.07278	0.86046
587 T	0.06972	0.06194	0.86835
588 A	0.07021	0.06709	0.8627
589 G	0.06997	0.07317	0.85686
590 T	0.06952	0.09345	0.83703
591 T	0.06790	0.11883	0.81328
592 A	0.06510	0.16678	0.76812
593 T	0.06416	0.18041	0.75544
594 G	0.06272	0.20330	0.73397
595 G	0.06218	0.22480	0.71301
596 A	0.06187	0.24900	0.68912
597 A	0.06107	0.25965	0.67928
598 A	0.06085	0.26309	0.67606
599 T	0.06097	0.26458	0.67446
600 A	0.06110	0.26661	0.6723
601 G	0.06158	0.26625	0.67217
602 A	0.06208	0.26588	0.67205
603 A	0.06255	0.26532	0.67214
604 A	0.06354	0.26394	0.67251
605 C	0.06561	0.26183	0.67255
606 G	0.06796	0.26104	0.671
607 A	0.07066	0.26249	0.66685
608 A	0.07744	0.25873	0.66383
609 T	0.08888	0.25004	0.66109
610 A	0.09641	0.24280	0.6608
611 A	0.11082	0.22752	0.66165
612 A	0.12703	0.20999	0.66298
613 T	0.15861	0.17674	0.66465
614 C	0.18270	0.15047	0.66683
615 T	0.23173	0.09965	0.66861
616 G	0.24782	0.08286	0.66932
617 T	0.27200	0.05798	0.67001
618 T	0.28609	0.04375	0.67016
619 T	0.29752	0.03212	0.67036
620 C	0.30081	0.02794	0.67125
621 A	0.30205	0.02673	0.67123
622 T	0.30344	0.02540	0.67117
623 C	0.30438	0.02489	0.67073
624 T	0.30434	0.02597	0.66969
625 A	0.30381	0.02785	0.66834
626 A	0.30383	0.02851	0.66765
627 A	0.30331	0.02957	0.66713
628 G	0.30373	0.02973	0.66654
629 A	0.30550	0.02866	0.66583
630 A	0.30947	0.02498	0.66555
631 G	0.31251	0.02216	0.66532
632 T	0.31571	0.01913	0.66515
633 T	0.31595	0.01903	0.66503
634 T	0.31564	0.01924	0.66512
635 T	0.31463	0.02018	0.66519
636 G	0.31247	0.02239	0.66513
637 T	0.31158	0.02328	0.66515
638 C	0.31016	0.02474	0.66511
639 A	0.30892	0.02651	0.66458
640 G	0.30813	0.02729	0.66458
641 T	0.30769	0.02769	0.66462
642 A	0.30705	0.02827	0.66468
643 G	0.30674	0.02829	0.66497
644 C	0.30700	0.02649	0.66651
645 G	0.30735	0.02569	0.66696
646 T	0.30814	0.02427	0.66759
647 C	0.30842	0.02365	0.66793
648 T	0.30854	0.02384	0.66762
649 A	0.30590	0.02768	0.66643
650 A	0.30437	0.02902	0.6666
651 A	0.30383	0.02967	0.6665
652 A	0.30451	0.02886	0.66663
653 T	0.30517	0.02683	0.668
654 T	0.30529	0.02599	0.66873
655 T	0.30492	0.02609	0.66899
656 T	0.30333	0.02751	0.66916
657 A	0.30103	0.02982	0.66915
658 A	0.29968	0.03046	0.66987
659 T	0.29945	0.02861	0.67193
660 T	0.29889	0.02818	0.67293
661 G	0.29721	0.02872	0.67407
662 A	0.29695	0.02815	0.6749
663 T	0.29685	0.02748	0.67567
664 C	0.29666	0.02716	0.67619
665 A	0.29659	0.02702	0.67639
666 T	0.29662	0.02675	0.67663
667 T	0.29661	0.02669	0.67669
668 T	0.29661	0.02666	0.67673
669 A	0.29653	0.02676	0.6767
670 A	0.29663	0.02590	0.67746
671 A	0.29718	0.02416	0.67866
672 T	0.29853	0.01962	0.68185
673 G	0.29900	0.01701	0.684
674 T	0.29966	0.01499	0.68535
675 T	0.29996	0.01423	0.68581
676 T	0.30012	0.01370	0.68618
677 T	0.30023	0.01318	0.6866
678 A	0.30018	0.01277	0.68705
679 G	0.30030	0.01105	0.68866
680 T	0.30063	0.00903	0.69034
681 T	0.30068	0.00851	0.69081
682 G	0.30024	0.01040	0.68936
683 A	0.29920	0.01225	0.68855
684 T	0.29904	0.01223	0.68873
685 T	0.29853	0.01428	0.68719
686 T	0.29720	0.02103	0.68178
687 A	0.29522	0.02980	0.67498
688 T	0.29386	0.03945	0.66669
689 G	0.28602	0.05372	0.66026
690 T	0.27933	0.06540	0.65527
691 G	0.27225	0.07335	0.6544
692 A	0.26824	0.07795	0.65381
693 T	0.26574	0.08081	0.65345
694 A	0.26264	0.08418	0.65317
695 C	0.26154	0.08536	0.65309
696 A	0.26123	0.08569	0.65308
697 G	0.26115	0.08578	0.65306
698 T	0.26131	0.08563	0.65305
699 T	0.26134	0.08565	0.65301
700 C	0.26041	0.08666	0.65292
701 A	0.25986	0.08757	0.65257
702 A	0.25985	0.08754	0.65261
703 A	0.26009	0.08729	0.65262
704 A	0.26093	0.08624	0.65283
705 T	0.26316	0.08349	0.65335
706 C	0.26434	0.08070	0.65496
707 A	0.26547	0.07939	0.65514
708 A	0.26715	0.07713	0.65572
709 G	0.27321	0.06957	0.65722
710 A	0.28076	0.06033	0.65891
711 T	0.29043	0.04913	0.66043
712 T	0.29611	0.03359	0.6703
713 T	0.29928	0.02290	0.67782
714 T	0.29903	0.01789	0.68309
715 G	0.29801	0.02318	0.67881
716 T	0.29754	0.02842	0.67404
717 T	0.29636	0.03260	0.67105
718 T	0.29345	0.04208	0.66447
719 A	0.28824	0.05235	0.65941
720 T	0.28300	0.05811	0.6589
721 G	0.26673	0.07456	0.65871
722 A	0.26004	0.08142	0.65854
723 A	0.25797	0.08306	0.65897
724 C	0.25673	0.08426	0.65901
725 C	0.25568	0.08605	0.65826
726 T	0.25513	0.09109	0.65378
727 A	0.25467	0.09825	0.64708
728 A	0.25410	0.10166	0.64424
729 A	0.25380	0.10299	0.64321
730 T	0.25376	0.10335	0.64289
731 T	0.25336	0.10387	0.64277
732 A	0.24838	0.11009	0.64153
733 G	0.24298	0.11652	0.6405
734 A	0.24134	0.11887	0.63978
735 A	0.24081	0.11960	0.63959
736 A	0.24127	0.11888	0.63986
737 G	0.24416	0.11474	0.6411
738 T	0.25540	0.10234	0.64227
739 T	0.26222	0.09470	0.64307
740 A	0.26452	0.09344	0.64203
741 T	0.26851	0.08625	0.64524
742 A	0.27037	0.08030	0.64933
743 A	0.27062	0.07473	0.65465
744 T	0.27082	0.05930	0.66988
745 C	0.27080	0.05293	0.67627
746 A	0.27175	0.05073	0.67752
747 T	0.27474	0.04651	0.67875
748 G	0.27590	0.04463	0.67946
749 C	0.27945	0.04070	0.67985
750 T	0.28484	0.03542	0.67974
751 T	0.28680	0.03316	0.68004
752 T	0.28615	0.03410	0.67975
753 G	0.28394	0.03829	0.67777
754 A	0.28315	0.04103	0.67582
755 A	0.28317	0.03814	0.67869
756 T	0.28294	0.03591	0.68115
757 T	0.27905	0.04029	0.68065
758 T	0.25731	0.06737	0.67533
759 A	0.23393	0.09361	0.67245
760 A	0.22813	0.10117	0.6707
761 G	0.22285	0.10841	0.66874
762 G	0.22008	0.11489	0.66503
763 T	0.22101	0.11689	0.6621
764 T	0.21927	0.12194	0.6588
765 A	0.20562	0.13661	0.65776
766 G	0.19577	0.14714	0.65709
767 A	0.18255	0.16165	0.65579
768 T	0.17830	0.16603	0.65567
769 C	0.17307	0.17243	0.6545
770 A	0.16724	0.18460	0.64817
771 A	0.16440	0.18884	0.64676
772 T	0.16226	0.19132	0.64642
773 T	0.15799	0.19596	0.64605
774 A	0.14972	0.20485	0.64543
775 G	0.14527	0.20839	0.64634
776 A	0.14451	0.20705	0.64844
777 A	0.14408	0.20629	0.64964
778 A	0.14565	0.20258	0.65177
779 T	0.14980	0.19483	0.65537
780 A	0.15138	0.18728	0.66133
781 T	0.15666	0.15682	0.68652
782 C	0.15839	0.13454	0.70706
783 A	0.15987	0.12982	0.71031
784 G	0.16267	0.12356	0.71378
785 T	0.16744	0.11636	0.7162
786 T	0.16956	0.11414	0.71629
787 A	0.16984	0.11469	0.71546
788 G	0.16971	0.10291	0.72738
789 A	0.17055	0.09379	0.73566
790 T	0.17294	0.07754	0.74953
791 T	0.17372	0.07444	0.75185
792 A	0.17498	0.07142	0.75361
793 T	0.18060	0.06432	0.75508
794 T	0.18142	0.07528	0.7433
795 T	0.17651	0.12025	0.70324
796 A	0.16724	0.15223	0.68052
797 A	0.16385	0.15980	0.67636
798 T	0.15982	0.16778	0.6724
799 A	0.15059	0.18516	0.66425
800 G	0.14461	0.19274	0.66266
801 T	0.14002	0.20469	0.65528
802 T	0.13666	0.23004	0.6333
803 T	0.13151	0.25882	0.60966
804 A	0.12264	0.29903	0.57832
805 A	0.11833	0.31598	0.5657
806 A	0.11729	0.32639	0.55632
807 A	0.11726	0.33397	0.54878
808 A	0.11741	0.33510	0.54749
809 A	0.11863	0.33439	0.54698
810 A	0.12070	0.33152	0.54779
811 T	0.12174	0.33019	0.54806
812 C	0.11347	0.33929	0.54724
813 A	0.10853	0.34702	0.54444
814 G	0.11001	0.34666	0.54333
815 G	0.11284	0.34543	0.54174
816 A	0.11873	0.34144	0.53984
817 A	0.13923	0.32137	0.5394
818 T	0.18947	0.26530	0.54523
819 T	0.21160	0.23567	0.55273
820 A	0.21604	0.22802	0.55594
821 A	0.22184	0.21636	0.5618
822 T	0.23213	0.19507	0.5728
823 A	0.23477	0.18285	0.58238
824 C	0.24353	0.16437	0.5921
825 C	0.26683	0.13808	0.59509
826 G	0.28909	0.11384	0.59706
827 T	0.31184	0.08891	0.59925
828 C	0.30431	0.09515	0.60054
829 C	0.27947	0.12093	0.59961
830 A	0.24416	0.16096	0.59488
831 A	0.22411	0.18659	0.5893
832 G	0.21180	0.20689	0.58131
833 A	0.19319	0.24003	0.56679
834 A	0.18643	0.25353	0.56004
835 T	0.18518	0.25892	0.55591
836 T	0.17642	0.27732	0.54626
837 A	0.13262	0.34182	0.52556
838 G	0.10300	0.38663	0.51037
839 T	0.09149	0.40011	0.50841
840 G	0.07989	0.41177	0.50834
841 A	0.07400	0.41755	0.50845
842 A	0.07081	0.42001	0.50917
843 C	0.06829	0.42128	0.51044
844 C	0.06478	0.42667	0.50854
845 A	0.06081	0.43968	0.49952
846 A	0.05853	0.44446	0.49702
847 A	0.05714	0.44680	0.49606
848 A	0.05606	0.44860	0.49533
849 T	0.05536	0.44827	0.49637
850 G	0.05281	0.44166	0.50553
851 A	0.05157	0.42715	0.52128
852 A	0.05142	0.39974	0.54884
853 A	0.05517	0.36588	0.57895
854 A	0.06097	0.34071	0.59832
855 A	0.07034	0.31493	0.61473
856 G	0.08463	0.27369	0.64168
857 A	0.09551	0.24822	0.65627
858 T	0.11887	0.21490	0.66623
859 A	0.13477	0.18870	0.67653
860 T	0.15512	0.12976	0.71512
861 T	0.16332	0.10297	0.7337
862 T	0.16138	0.10863	0.72999
863 T	0.15590	0.13004	0.71405
864 A	0.13904	0.19069	0.67028
865 A	0.12750	0.25663	0.61587
866 A	0.11261	0.31636	0.57103
867 A	0.10070	0.34599	0.55331
868 T	0.10656	0.34725	0.54619
869 T	0.10501	0.36036	0.53463
870 A	0.09842	0.37551	0.52607
871 A	0.09589	0.37999	0.52412
872 A	0.09663	0.37945	0.52391
873 T	0.09920	0.37463	0.52617
874 A	0.10009	0.37405	0.52586
875 G	0.10238	0.37166	0.52596
876 T	0.10503	0.37030	0.52467
877 T	0.10112	0.37735	0.52152
878 T	0.08529	0.39718	0.51753
879 A	0.06308	0.42292	0.51401
880 G	0.05105	0.43634	0.51261
881 G	0.04662	0.44286	0.51052
882 A	0.04613	0.44692	0.50695
883 A	0.05014	0.44448	0.50538
884 A	0.06431	0.43095	0.50475
885 A	0.08447	0.40909	0.50644
886 A	0.10800	0.37997	0.51203
887 A	0.15014	0.32221	0.52766
888 A	0.20844	0.25133	0.54023
889 T	0.26304	0.17912	0.55784
890 C	0.28288	0.14065	0.57646
891 T	0.29133	0.13012	0.57855
892 T	0.29277	0.12683	0.58041
893 T	0.27861	0.13897	0.58241
894 C	0.23306	0.18385	0.58308
895 G	0.17429	0.24667	0.57904
896 A	0.14003	0.29141	0.56856
897 A	0.12647	0.31598	0.55755
898 G	0.11573	0.33888	0.54539
899 A	0.10655	0.36551	0.52794
900 A	0.10470	0.36330	0.532
901 T	0.10671	0.34533	0.54795
902 T	0.10445	0.33502	0.56054
903 G	0.09617	0.34892	0.55491
904 A	0.08835	0.38526	0.52638
905 A	0.08418	0.40772	0.5081
906 A	0.08248	0.42764	0.48987
907 G	0.08148	0.43400	0.48452
908 A	0.08186	0.43676	0.48138
909 A	0.08193	0.43939	0.47867
910 A	0.08223	0.44298	0.4748
911 A	0.08237	0.44413	0.47351
912 A	0.08279	0.44229	0.47492
913 A	0.08344	0.43566	0.4809
914 T	0.08481	0.42138	0.49381
915 G	0.08473	0.40958	0.50569
916 A	0.08473	0.39403	0.52124
917 A	0.08477	0.35899	0.55623
918 A	0.08876	0.30869	0.60256
919 G	0.09813	0.27453	0.62734
920 A	0.11022	0.25841	0.63137
921 A	0.12461	0.24549	0.6299
922 T	0.14548	0.23000	0.62451
923 T	0.15072	0.23126	0.61802
924 A	0.15062	0.23178	0.6176
925 G	0.15240	0.22950	0.6181
926 A	0.16342	0.21630	0.62028
927 T	0.19295	0.17791	0.62913
928 C	0.20712	0.15872	0.63416
929 T	0.22608	0.13859	0.63533
930 T	0.23070	0.13354	0.63576
931 C	0.23117	0.13349	0.63535
932 A	0.23240	0.13314	0.63446
933 T	0.23608	0.12978	0.63415
934 T	0.23789	0.12754	0.63458
935 T	0.23863	0.12651	0.63486
936 T	0.23906	0.12592	0.63502
937 A	0.23930	0.12522	0.63548
938 A	0.23976	0.12373	0.63652
939 A	0.24134	0.12078	0.63788
940 G	0.24531	0.11514	0.63955
941 A	0.25167	0.10784	0.6405
942 T	0.26268	0.09589	0.64144
943 A	0.27193	0.08582	0.64225
944 A	0.28549	0.07126	0.64325
945 T	0.30219	0.05329	0.64452
946 A	0.31200	0.04186	0.64614
947 A	0.31590	0.03359	0.65051
948 T	0.32283	0.02065	0.65652
949 T	0.32830	0.01136	0.66034
950 G	0.32960	0.00754	0.66286
951 A	0.33289	0.00000	0.6671
