# lcl|CP097583.1_cds_USQ93583.1_1
# AA	inside	membr	outside
1 A	0.07654	0.00000	0.92346
2 T	0.07526	0.00128	0.92346
3 G	0.07398	0.00256	0.92346
4 A	0.07398	0.00333	0.92269
5 A	0.06642	0.01128	0.92231
6 A	0.06642	0.01134	0.92224
7 A	0.05975	0.01804	0.92221
8 A	0.05975	0.01804	0.92221
9 A	0.05948	0.01831	0.92221
10 T	0.05948	0.01860	0.92191
11 A	0.05945	0.01866	0.92189
12 T	0.05919	0.01892	0.92188
13 G	0.05875	0.01945	0.9218
14 A	0.05875	0.01945	0.9218
15 T	0.05875	0.01975	0.9215
16 A	0.05875	0.01975	0.9215
17 T	0.05874	0.01975	0.9215
18 T	0.05874	0.01976	0.92149
19 T	0.05874	0.01978	0.92149
20 T	0.05870	0.02032	0.92097
21 A	0.05840	0.02058	0.92102
22 A	0.05845	0.02052	0.92104
23 T	0.05857	0.01973	0.9217
24 T	0.05873	0.01926	0.92202
25 A	0.05864	0.01722	0.92414
26 T	0.05865	0.01535	0.926
27 T	0.05889	0.01328	0.92784
28 G	0.05887	0.00836	0.93277
29 G	0.05884	0.00806	0.9331
30 T	0.05887	0.00443	0.93671
31 G	0.05882	0.00434	0.93684
32 G	0.05881	0.00408	0.93711
33 C	0.05904	0.00373	0.93722
34 G	0.05907	0.00368	0.93725
35 G	0.05912	0.00352	0.93737
36 T	0.05921	0.00322	0.93757
37 C	0.05922	0.00322	0.93756
38 C	0.05940	0.00304	0.93757
39 T	0.05936	0.00308	0.93756
40 G	0.05926	0.00318	0.93756
41 G	0.05919	0.00326	0.93755
42 C	0.05917	0.00334	0.93748
43 G	0.05962	0.00294	0.93744
44 G	0.05963	0.00307	0.9373
45 A	0.05984	0.00308	0.93708
46 T	0.06000	0.00293	0.93706
47 A	0.06007	0.00288	0.93705
48 T	0.06023	0.00252	0.93724
49 A	0.06028	0.00236	0.93735
50 C	0.06039	0.00201	0.9376
51 T	0.06055	0.00172	0.93774
52 T	0.06055	0.00167	0.93778
53 C	0.06011	0.00208	0.93781
54 T	0.05956	0.00263	0.93781
55 G	0.05856	0.00363	0.9378
56 C	0.05781	0.00439	0.93779
57 T	0.05724	0.00511	0.93765
58 A	0.05669	0.00597	0.93734
59 T	0.05638	0.00652	0.9371
60 T	0.05561	0.00764	0.93675
61 A	0.05392	0.00949	0.93659
62 A	0.05253	0.01099	0.93648
63 A	0.05024	0.01332	0.93643
64 G	0.04888	0.01460	0.93651
65 C	0.04815	0.01530	0.93655
66 A	0.04743	0.01601	0.93656
67 G	0.04726	0.01616	0.93657
68 C	0.04718	0.01624	0.93658
69 T	0.04705	0.01637	0.93658
70 C	0.04689	0.01653	0.93658
71 A	0.04674	0.01669	0.93657
72 A	0.04661	0.01683	0.93656
73 T	0.04652	0.01692	0.93657
74 T	0.04627	0.01712	0.93661
75 A	0.04566	0.01767	0.93667
76 G	0.04519	0.01748	0.93732
77 G	0.04485	0.01711	0.93804
78 A	0.04441	0.01653	0.93906
79 G	0.04399	0.01602	0.93999
80 C	0.04376	0.01544	0.9408
81 G	0.04387	0.01514	0.941
82 A	0.04398	0.01509	0.94093
83 A	0.04421	0.01445	0.94134
84 A	0.04433	0.01313	0.94254
85 G	0.04446	0.01189	0.94366
86 T	0.04448	0.00955	0.94597
87 A	0.04426	0.00864	0.9471
88 T	0.04415	0.00797	0.94787
89 G	0.04388	0.00771	0.9484
90 T	0.04368	0.00783	0.94849
91 T	0.04340	0.00836	0.94824
92 T	0.04281	0.00920	0.94799
93 A	0.04167	0.01107	0.94726
94 A	0.04105	0.01269	0.94626
95 T	0.04067	0.01345	0.94588
96 A	0.03941	0.01524	0.94535
97 G	0.03883	0.01593	0.94524
98 A	0.03844	0.01626	0.9453
99 G	0.03828	0.01602	0.9457
100 A	0.03815	0.01593	0.94592
101 A	0.03816	0.01555	0.94629
102 A	0.03823	0.01509	0.94668
103 C	0.03831	0.01461	0.94708
104 A	0.03845	0.01437	0.94718
105 T	0.03874	0.01400	0.94725
106 A	0.03881	0.01391	0.94728
107 A	0.03885	0.01382	0.94732
108 A	0.03893	0.01370	0.94737
109 G	0.03912	0.01318	0.94771
110 T	0.03959	0.01231	0.9481
111 T	0.03995	0.01159	0.94846
112 G	0.04022	0.01086	0.94892
113 G	0.04061	0.00998	0.94941
114 T	0.04114	0.00903	0.94983
115 G	0.04142	0.00826	0.95032
116 G	0.04223	0.00663	0.95114
117 T	0.04354	0.00488	0.95158
118 A	0.04412	0.00402	0.95187
119 T	0.04475	0.00236	0.95289
120 T	0.04510	0.00154	0.95336
121 T	0.04537	0.00094	0.95369
122 G	0.04539	0.00077	0.95384
123 C	0.04546	0.00061	0.95393
124 C	0.04549	0.00060	0.95391
125 T	0.04552	0.00064	0.95384
126 T	0.04551	0.00077	0.95372
127 A	0.04544	0.00106	0.95349
128 A	0.04540	0.00143	0.95317
129 T	0.04528	0.00181	0.9529
130 T	0.04519	0.00238	0.95243
131 A	0.04508	0.00275	0.95217
132 T	0.04503	0.00286	0.95211
133 G	0.04493	0.00310	0.95198
134 G	0.04487	0.00315	0.95197
135 T	0.04481	0.00322	0.95197
136 T	0.04470	0.00333	0.95198
137 G	0.04443	0.00360	0.95198
138 C	0.04426	0.00376	0.95199
139 A	0.04409	0.00392	0.95199
140 T	0.04402	0.00399	0.95199
141 C	0.04370	0.00432	0.95199
142 C	0.04350	0.00452	0.95199
143 C	0.04340	0.00462	0.95199
144 T	0.04329	0.00473	0.95198
145 A	0.04312	0.00491	0.95197
146 C	0.04304	0.00499	0.95196
147 T	0.04302	0.00504	0.95194
148 A	0.04291	0.00515	0.95193
149 A	0.04288	0.00517	0.95195
150 A	0.04285	0.00512	0.95202
151 G	0.04310	0.00481	0.9521
152 C	0.04338	0.00432	0.95231
153 T	0.04394	0.00368	0.95238
154 T	0.04415	0.00341	0.95244
155 T	0.04415	0.00338	0.95247
156 T	0.04412	0.00337	0.95251
157 T	0.04394	0.00356	0.9525
158 T	0.04367	0.00378	0.95256
159 A	0.04289	0.00453	0.95258
160 A	0.04238	0.00485	0.95277
161 A	0.04226	0.00484	0.9529
162 A	0.04215	0.00480	0.95305
163 A	0.04211	0.00468	0.95321
164 G	0.04209	0.00427	0.95363
165 T	0.04208	0.00403	0.95389
166 G	0.04204	0.00393	0.95402
167 C	0.04202	0.00387	0.95412
168 G	0.04187	0.00407	0.95407
169 A	0.04178	0.00444	0.95379
170 A	0.04175	0.00455	0.9537
171 A	0.04173	0.00457	0.9537
172 G	0.04174	0.00448	0.95378
173 T	0.04179	0.00419	0.95402
174 T	0.04181	0.00414	0.95406
175 T	0.04181	0.00422	0.95397
176 T	0.04181	0.00429	0.9539
177 T	0.04181	0.00440	0.9538
178 G	0.04169	0.00491	0.95341
179 A	0.04156	0.00507	0.95337
180 T	0.04152	0.00495	0.95354
181 A	0.04142	0.00481	0.95378
182 T	0.04141	0.00414	0.95444
183 C	0.04121	0.00393	0.95486
184 G	0.04108	0.00405	0.95488
185 C	0.04102	0.00413	0.95485
186 T	0.04092	0.00466	0.95442
187 A	0.04044	0.00554	0.95402
188 A	0.04023	0.00584	0.95393
189 A	0.03997	0.00616	0.95386
190 A	0.03981	0.00641	0.95378
191 A	0.03986	0.00620	0.95394
192 T	0.04011	0.00583	0.95406
193 A	0.04000	0.00590	0.9541
194 T	0.03997	0.00591	0.95412
195 C	0.03944	0.00642	0.95413
196 G	0.03896	0.00695	0.95408
197 A	0.03874	0.00721	0.95405
198 T	0.03883	0.00712	0.95405
199 C	0.03872	0.00725	0.95402
200 A	0.03875	0.00724	0.95402
201 A	0.03903	0.00685	0.95411
202 T	0.03901	0.00673	0.95427
203 T	0.03880	0.00683	0.95437
204 C	0.03807	0.00747	0.95446
205 G	0.03776	0.00781	0.95443
206 G	0.03765	0.00785	0.9545
207 T	0.03760	0.00786	0.95454
208 A	0.03753	0.00797	0.9545
209 T	0.03791	0.00756	0.95453
210 T	0.03813	0.00695	0.95492
211 A	0.03801	0.00691	0.95508
212 A	0.03794	0.00671	0.95534
213 T	0.03787	0.00657	0.95556
214 A	0.03761	0.00678	0.95562
215 A	0.03751	0.00677	0.95572
216 A	0.03744	0.00657	0.95598
217 A	0.03740	0.00638	0.95623
218 T	0.03740	0.00577	0.95684
219 T	0.03738	0.00532	0.95729
220 G	0.03725	0.00522	0.95753
221 A	0.03716	0.00534	0.95751
222 T	0.03713	0.00524	0.95762
223 A	0.03710	0.00521	0.95768
224 A	0.03713	0.00505	0.95782
225 T	0.03722	0.00476	0.95802
226 A	0.03725	0.00443	0.95831
227 T	0.03735	0.00361	0.95903
228 T	0.03751	0.00312	0.95937
229 T	0.03761	0.00283	0.95955
230 C	0.03763	0.00262	0.95974
231 T	0.03764	0.00252	0.95985
232 T	0.03750	0.00264	0.95986
233 T	0.03734	0.00277	0.95989
234 T	0.03724	0.00282	0.95994
235 G	0.03702	0.00304	0.95994
236 A	0.03689	0.00308	0.96002
237 T	0.03687	0.00287	0.96026
238 T	0.03678	0.00292	0.96029
239 G	0.03600	0.00380	0.96019
240 G	0.03558	0.00439	0.96003
241 A	0.03522	0.00492	0.95985
242 T	0.03518	0.00493	0.95989
243 A	0.03504	0.00498	0.95997
244 T	0.03510	0.00485	0.96005
245 C	0.03507	0.00488	0.96005
246 T	0.03504	0.00520	0.95976
247 G	0.03495	0.00550	0.95955
248 T	0.03491	0.00585	0.95924
249 T	0.03481	0.00647	0.95872
250 T	0.03460	0.00704	0.95836
251 T	0.03424	0.00771	0.95806
252 A	0.03387	0.00814	0.95799
253 A	0.03366	0.00836	0.95798
254 A	0.03355	0.00840	0.95805
255 T	0.03354	0.00817	0.95828
256 C	0.03342	0.00821	0.95837
257 G	0.03309	0.00931	0.9576
258 T	0.03292	0.01041	0.95667
259 A	0.03246	0.01185	0.95569
260 A	0.03164	0.01385	0.95451
261 A	0.03125	0.01474	0.95401
262 A	0.03109	0.01467	0.95424
263 A	0.03085	0.01500	0.95415
264 T	0.03045	0.01576	0.95379
265 A	0.02912	0.01855	0.95233
266 A	0.02846	0.02009	0.95145
267 A	0.02808	0.02172	0.9502
268 A	0.02718	0.02407	0.94875
269 T	0.02714	0.02457	0.94829
270 A	0.02635	0.02541	0.94823
271 G	0.02609	0.02568	0.94822
272 T	0.02625	0.02547	0.94827
273 T	0.02609	0.02547	0.94845
274 C	0.02552	0.02582	0.94866
275 A	0.02500	0.02630	0.9487
276 A	0.02487	0.02635	0.94879
277 C	0.02488	0.02625	0.94887
278 A	0.02486	0.02625	0.94889
279 A	0.02518	0.02587	0.94895
280 C	0.02614	0.02457	0.94929
281 T	0.02715	0.02343	0.94942
282 A	0.02789	0.02248	0.94963
283 T	0.02903	0.02049	0.95048
284 A	0.02939	0.01971	0.9509
285 C	0.02987	0.01887	0.95126
286 A	0.03039	0.01784	0.95176
287 A	0.03133	0.01608	0.95259
288 T	0.03293	0.01299	0.95408
289 G	0.03381	0.01139	0.9548
290 G	0.03504	0.00980	0.95516
291 T	0.03670	0.00682	0.95648
292 A	0.03711	0.00571	0.95718
293 T	0.03739	0.00403	0.95858
294 T	0.03754	0.00305	0.95941
295 C	0.03753	0.00263	0.95985
296 T	0.03745	0.00309	0.95946
297 T	0.03721	0.00462	0.95817
298 T	0.03693	0.00585	0.95722
299 T	0.03632	0.00727	0.95642
300 T	0.03534	0.00984	0.95482
301 T	0.03362	0.01349	0.9529
302 T	0.03117	0.01820	0.95064
303 A	0.02800	0.02301	0.949
304 T	0.02677	0.02523	0.94801
305 T	0.02508	0.02795	0.94697
306 A	0.02257	0.03122	0.94621
307 A	0.02080	0.03378	0.94542
308 A	0.01988	0.03497	0.94515
309 A	0.01938	0.03566	0.94496
310 A	0.01895	0.03639	0.94465
311 A	0.01881	0.03663	0.94456
312 A	0.01879	0.03666	0.94456
313 A	0.01881	0.03664	0.94455
314 A	0.01882	0.03657	0.94461
315 T	0.01889	0.03636	0.94476
316 A	0.01892	0.03627	0.94481
317 A	0.01903	0.03607	0.9449
318 A	0.01927	0.03563	0.9451
319 A	0.02027	0.03428	0.94545
320 T	0.02261	0.03110	0.9463
321 T	0.02433	0.02841	0.94726
322 G	0.02528	0.02655	0.94818
323 A	0.02684	0.02403	0.94913
324 T	0.02910	0.01997	0.95092
325 T	0.03098	0.01586	0.95316
326 T	0.03225	0.01234	0.95542
327 T	0.03318	0.01085	0.95597
328 T	0.03383	0.00969	0.95648
329 A	0.03401	0.00942	0.95657
330 T	0.03447	0.00865	0.95688
331 A	0.03453	0.00822	0.95725
332 A	0.03469	0.00782	0.95749
333 T	0.03504	0.00734	0.95763
334 T	0.03515	0.00715	0.9577
335 C	0.03517	0.00712	0.95771
336 T	0.03515	0.00727	0.95758
337 T	0.03505	0.00743	0.95751
338 C	0.03446	0.00809	0.95745
339 A	0.03235	0.01033	0.95732
340 G	0.03077	0.01198	0.95726
341 C	0.02962	0.01318	0.9572
342 A	0.02871	0.01425	0.95704
343 G	0.02829	0.01474	0.95697
344 A	0.02826	0.01485	0.95689
345 A	0.02847	0.01469	0.95685
346 G	0.02899	0.01420	0.95681
347 T	0.03017	0.01305	0.95678
348 T	0.03097	0.01234	0.95669
349 T	0.03146	0.01182	0.95671
350 T	0.03151	0.01176	0.95673
351 A	0.03129	0.01194	0.95677
352 A	0.03161	0.01149	0.9569
353 C	0.03214	0.01084	0.95702
354 T	0.03234	0.01055	0.95711
355 C	0.03223	0.01063	0.95714
356 C	0.03231	0.01061	0.95709
357 T	0.03213	0.01101	0.95686
358 A	0.03183	0.01149	0.95669
359 A	0.03167	0.01173	0.9566
360 T	0.03162	0.01180	0.95658
361 T	0.03138	0.01168	0.95694
362 T	0.03065	0.01019	0.95916
363 A	0.02953	0.00967	0.9608
364 G	0.02896	0.00898	0.96206
365 T	0.02847	0.00870	0.96283
366 C	0.02718	0.00965	0.96317
367 C	0.02599	0.01092	0.96309
368 A	0.02470	0.01293	0.96236
369 A	0.02392	0.01459	0.96148
370 G	0.02370	0.01555	0.96074
371 T	0.02363	0.01638	0.95999
372 A	0.02336	0.01769	0.95895
373 G	0.02320	0.01857	0.95824
374 G	0.02312	0.01899	0.9579
375 A	0.02282	0.02074	0.95644
376 G	0.02260	0.02380	0.9536
377 A	0.02236	0.02765	0.94999
378 A	0.02236	0.03054	0.94711
379 A	0.02241	0.03194	0.94564
380 T	0.02263	0.03212	0.94526
381 A	0.02272	0.03273	0.94455
382 A	0.02281	0.03284	0.94436
383 A	0.02288	0.03270	0.94441
384 A	0.02304	0.03217	0.94479
385 T	0.02308	0.03108	0.94585
386 T	0.02301	0.03003	0.94695
387 A	0.02286	0.02997	0.94716
388 G	0.02286	0.02945	0.94769
389 A	0.02289	0.02854	0.94857
390 A	0.02303	0.02745	0.94952
391 A	0.02372	0.02561	0.95067
392 C	0.02480	0.02382	0.95138
393 T	0.02580	0.02341	0.95079
394 G	0.02645	0.02444	0.94911
395 A	0.02751	0.02479	0.9477
396 T	0.02894	0.02337	0.94769
397 A	0.02973	0.02271	0.94756
398 A	0.03148	0.02073	0.94779
399 A	0.03479	0.01723	0.94798
400 C	0.03854	0.01328	0.94818
401 T	0.04161	0.01044	0.94795
402 T	0.04305	0.00941	0.94754
403 A	0.04352	0.00984	0.94664
404 T	0.04423	0.00952	0.94625
405 T	0.04445	0.00983	0.94571
406 A	0.04449	0.00986	0.94565
407 T	0.04455	0.00977	0.94568
408 A	0.04440	0.00993	0.94568
409 G	0.04441	0.00981	0.94578
410 C	0.04460	0.00949	0.94591
411 A	0.04468	0.00941	0.94592
412 A	0.04487	0.00921	0.94592
413 C	0.04521	0.00885	0.94594
414 A	0.04559	0.00851	0.9459
415 G	0.04599	0.00811	0.9459
416 G	0.04683	0.00726	0.94591
417 T	0.04861	0.00545	0.94594
418 T	0.04970	0.00434	0.94596
419 C	0.04981	0.00418	0.94601
420 T	0.04995	0.00403	0.94602
421 A	0.05002	0.00395	0.94603
422 G	0.05016	0.00379	0.94604
423 T	0.05046	0.00348	0.94606
424 G	0.05074	0.00320	0.94606
425 C	0.05123	0.00267	0.9461
426 T	0.05206	0.00192	0.94602
427 A	0.05238	0.00177	0.94585
428 T	0.05281	0.00146	0.94573
429 T	0.05287	0.00141	0.94572
430 A	0.05286	0.00142	0.94572
431 T	0.05289	0.00118	0.94592
432 T	0.05277	0.00121	0.94602
433 C	0.05157	0.00235	0.94607
434 C	0.05038	0.00355	0.94607
435 A	0.04931	0.00466	0.94603
436 C	0.04901	0.00499	0.94599
437 C	0.04879	0.00527	0.94593
438 T	0.04867	0.00542	0.94592
439 A	0.04853	0.00556	0.94591
440 T	0.04850	0.00560	0.94591
441 T	0.04834	0.00576	0.9459
442 C	0.04798	0.00610	0.94592
443 C	0.04762	0.00645	0.94592
444 T	0.04725	0.00696	0.9458
445 G	0.04619	0.00812	0.9457
446 G	0.04562	0.00869	0.94568
447 A	0.04513	0.00920	0.94567
448 G	0.04464	0.00970	0.94566
449 C	0.04447	0.00986	0.94567
450 C	0.04446	0.00999	0.94555
451 A	0.04441	0.01095	0.94464
452 A	0.04440	0.01169	0.9439
453 A	0.04441	0.01229	0.9433
454 G	0.04442	0.01233	0.94326
455 A	0.04442	0.01223	0.94335
456 A	0.04444	0.01091	0.94465
457 T	0.04451	0.00942	0.94607
458 C	0.04454	0.00833	0.94713
459 T	0.04450	0.00829	0.94721
460 T	0.04444	0.00845	0.94711
461 A	0.04423	0.00903	0.94674
462 T	0.04401	0.00947	0.94653
463 G	0.04355	0.01037	0.94608
464 A	0.04341	0.01088	0.94571
465 A	0.04311	0.01192	0.94496
466 A	0.04279	0.01331	0.9439
467 A	0.04246	0.01440	0.94315
468 T	0.04233	0.01377	0.9439
469 A	0.03951	0.01725	0.94324
470 A	0.03825	0.01840	0.94335
471 G	0.03775	0.01842	0.94384
472 C	0.03752	0.01840	0.94409
473 A	0.03746	0.01840	0.94414
474 C	0.03820	0.01758	0.94423
475 C	0.03880	0.01707	0.94413
476 T	0.03930	0.01677	0.94393
477 T	0.03928	0.01717	0.94354
478 T	0.03919	0.01734	0.94347
479 G	0.03905	0.01759	0.94336
480 T	0.03900	0.01775	0.94326
481 A	0.03891	0.01784	0.94326
482 C	0.03879	0.01781	0.94339
483 T	0.03890	0.01767	0.94343
484 A	0.03895	0.01759	0.94347
485 G	0.03885	0.01769	0.94346
486 C	0.03895	0.01766	0.9434
487 A	0.03902	0.01911	0.94188
488 A	0.03964	0.01970	0.94066
489 A	0.04086	0.01875	0.94039
490 G	0.04174	0.01770	0.94056
491 A	0.04201	0.01747	0.94053
492 A	0.04332	0.01332	0.94336
493 T	0.04403	0.01138	0.94459
494 T	0.04419	0.01071	0.94509
495 A	0.04424	0.01033	0.94543
496 G	0.04433	0.00996	0.94571
497 T	0.04444	0.00972	0.94584
498 T	0.04426	0.01000	0.94574
499 C	0.04365	0.01120	0.94515
500 A	0.04275	0.01520	0.94205
501 A	0.04177	0.02071	0.93752
502 T	0.04127	0.02321	0.93552
503 T	0.03970	0.02703	0.93327
504 A	0.03486	0.03499	0.93015
505 G	0.03283	0.03804	0.92913
506 A	0.03129	0.04094	0.92777
507 A	0.02992	0.04298	0.9271
508 A	0.02959	0.04329	0.92713
509 A	0.02985	0.04281	0.92734
510 A	0.03125	0.04106	0.9277
511 T	0.03272	0.03922	0.92807
512 T	0.03308	0.03872	0.9282
513 T	0.03304	0.03868	0.92828
514 C	0.03269	0.03900	0.92831
515 C	0.03251	0.03920	0.9283
516 T	0.03228	0.03958	0.92813
517 A	0.03181	0.04049	0.9277
518 A	0.03160	0.04086	0.92754
519 A	0.03153	0.04107	0.92739
520 A	0.03157	0.04115	0.92728
521 A	0.03178	0.04060	0.92762
522 A	0.03274	0.03882	0.92844
523 G	0.03617	0.03399	0.92984
524 T	0.04164	0.02726	0.9311
525 A	0.04388	0.02435	0.93177
526 A	0.04642	0.02020	0.93338
527 T	0.04932	0.01276	0.93792
528 T	0.05024	0.01010	0.93966
529 A	0.05074	0.00828	0.94099
530 T	0.05122	0.00646	0.94232
531 T	0.05136	0.00602	0.94262
532 A	0.05131	0.00596	0.94273
533 T	0.05123	0.00574	0.94304
534 T	0.05104	0.00569	0.94326
535 G	0.05039	0.00610	0.94352
536 G	0.04980	0.00648	0.94373
537 C	0.04959	0.00626	0.94415
538 G	0.04937	0.00650	0.94413
539 G	0.04945	0.00651	0.94404
540 T	0.04989	0.00623	0.94388
541 G	0.04999	0.00672	0.94329
542 G	0.05010	0.00748	0.94243
543 A	0.05025	0.00878	0.94097
544 G	0.05037	0.01002	0.93961
545 T	0.05050	0.01080	0.9387
546 T	0.05056	0.01264	0.9368
547 A	0.05055	0.01359	0.93587
548 T	0.05059	0.01397	0.93544
549 T	0.05049	0.01450	0.935
550 G	0.05031	0.01497	0.93472
551 G	0.05024	0.01526	0.93451
552 A	0.05015	0.01563	0.93422
553 G	0.05001	0.01607	0.93393
554 T	0.05005	0.01687	0.93308
555 A	0.04962	0.01887	0.93151
556 G	0.04935	0.02085	0.9298
557 A	0.04908	0.02156	0.92937
558 A	0.04883	0.02159	0.92959
559 T	0.04891	0.02092	0.93017
560 T	0.04883	0.02078	0.9304
561 C	0.04858	0.02082	0.93059
562 G	0.04832	0.02106	0.93062
563 C	0.04846	0.02093	0.93061
564 G	0.04894	0.02049	0.93057
565 A	0.04989	0.01961	0.9305
566 C	0.05173	0.01784	0.93042
567 T	0.05380	0.01607	0.93013
568 A	0.05489	0.01586	0.92925
569 T	0.05688	0.01474	0.92839
570 T	0.05752	0.01564	0.92684
571 T	0.05733	0.01695	0.92572
572 T	0.05690	0.01858	0.92452
573 T	0.05535	0.02171	0.92294
574 A	0.05284	0.02596	0.9212
575 A	0.05047	0.02931	0.92021
576 A	0.04922	0.03130	0.91949
577 A	0.04948	0.03136	0.91916
578 A	0.05088	0.02962	0.9195
579 A	0.05253	0.02782	0.91964
580 T	0.05317	0.02681	0.92002
581 T	0.05341	0.02613	0.92047
582 T	0.05336	0.02615	0.92049
583 G	0.05321	0.02608	0.92071
584 A	0.05310	0.02594	0.92096
585 T	0.05298	0.02565	0.92137
586 T	0.05247	0.02590	0.92163
587 C	0.05092	0.02733	0.92175
588 C	0.05029	0.02810	0.92161
589 G	0.04970	0.02958	0.92072
590 A	0.04952	0.03142	0.91906
591 A	0.05024	0.03250	0.91725
592 A	0.05167	0.03298	0.91535
593 T	0.05393	0.03237	0.91369
594 T	0.05386	0.03437	0.91177
595 A	0.05122	0.04253	0.90625
596 T	0.05093	0.04373	0.90534
597 A	0.04802	0.05025	0.90173
598 A	0.04679	0.05335	0.89986
599 T	0.04617	0.05490	0.89893
600 T	0.04366	0.05915	0.89719
601 A	0.03916	0.06550	0.89534
602 T	0.03534	0.07051	0.89415
603 A	0.02762	0.08027	0.89211
604 G	0.02209	0.08673	0.89118
605 A	0.01900	0.09108	0.88992
606 A	0.01709	0.09320	0.88971
607 A	0.01611	0.09443	0.88946
608 A	0.01536	0.09510	0.88954
609 A	0.01458	0.09549	0.88993
610 C	0.01424	0.09451	0.89125
611 A	0.01412	0.09491	0.89096
612 A	0.01480	0.09450	0.89069
613 A	0.01626	0.09398	0.88976
614 A	0.01811	0.09240	0.8895
615 A	0.02025	0.09058	0.88916
616 A	0.02267	0.08786	0.88948
617 A	0.02715	0.08138	0.89146
618 T	0.03536	0.06906	0.89559
619 A	0.03855	0.06420	0.89726
620 T	0.04440	0.05400	0.9016
621 T	0.04779	0.04821	0.90399
622 T	0.04923	0.04477	0.90599
623 T	0.05017	0.04122	0.90861
624 A	0.04976	0.03917	0.91107
625 G	0.05009	0.03558	0.91432
626 T	0.05161	0.02867	0.91972
627 T	0.05209	0.02541	0.92249
628 A	0.05229	0.02578	0.92193
629 A	0.05217	0.02628	0.92155
630 T	0.05248	0.02667	0.92084
631 A	0.05211	0.02899	0.9189
632 T	0.05200	0.03052	0.91749
633 G	0.05177	0.03050	0.91774
634 G	0.05189	0.03089	0.91722
635 A	0.05234	0.03100	0.91666
636 T	0.05320	0.03041	0.91638
637 C	0.05319	0.03090	0.91591
638 A	0.05355	0.03195	0.9145
639 T	0.05393	0.03315	0.91293
640 G	0.05383	0.03738	0.90879
641 A	0.05398	0.04298	0.90304
642 T	0.05460	0.04687	0.89853
643 A	0.05426	0.05022	0.89551
644 T	0.05456	0.05005	0.8954
645 T	0.05414	0.05036	0.89551
646 A	0.05275	0.05170	0.89555
647 T	0.05267	0.05081	0.89652
648 C	0.04968	0.05362	0.8967
649 A	0.04734	0.05605	0.8966
650 A	0.04657	0.05685	0.89658
651 T	0.04775	0.05543	0.89681
652 G	0.04582	0.05755	0.89664
653 C	0.04512	0.05905	0.89583
654 A	0.04595	0.06148	0.89257
655 T	0.04693	0.06101	0.89206
656 A	0.04540	0.06241	0.89218
657 T	0.04419	0.06341	0.89241
658 A	0.04007	0.06782	0.89211
659 C	0.03754	0.06994	0.89253
660 C	0.03484	0.07334	0.89183
661 A	0.03370	0.07692	0.88938
662 A	0.03396	0.07759	0.88845
663 A	0.03728	0.07502	0.88771
664 A	0.04249	0.07064	0.88687
665 T	0.04665	0.06729	0.88606
666 A	0.04679	0.06869	0.88452
667 T	0.04596	0.07008	0.88396
668 T	0.04425	0.07212	0.88364
669 A	0.03906	0.07759	0.88335
670 A	0.03230	0.08452	0.88318
671 A	0.02720	0.08745	0.88535
672 A	0.02466	0.08769	0.88765
673 A	0.02412	0.08622	0.88965
674 G	0.02437	0.08448	0.89115
675 A	0.02439	0.08293	0.89267
676 G	0.02446	0.08265	0.8929
677 A	0.02714	0.07995	0.89291
678 T	0.02782	0.07851	0.89367
679 A	0.02793	0.07782	0.89425
680 A	0.02835	0.07569	0.89596
681 T	0.02954	0.07028	0.90018
682 A	0.02998	0.06798	0.90203
683 T	0.03109	0.06582	0.90309
684 T	0.03169	0.06836	0.89996
685 A	0.03071	0.07274	0.89655
686 A	0.03050	0.07496	0.89455
687 A	0.03066	0.07614	0.89319
688 A	0.03178	0.07440	0.89382
689 T	0.03569	0.06688	0.89742
690 T	0.03805	0.06326	0.89868
691 T	0.03899	0.06048	0.90054
692 A	0.03767	0.05910	0.90324
693 T	0.03642	0.05523	0.90835
694 A	0.03310	0.05494	0.91195
695 C	0.03150	0.05461	0.91389
696 A	0.03086	0.05675	0.91239
697 A	0.03091	0.05664	0.91245
698 A	0.03235	0.05479	0.91286
699 T	0.03426	0.05203	0.91371
700 T	0.03304	0.05363	0.91334
701 C	0.02821	0.05871	0.91308
702 A	0.02336	0.06795	0.90869
703 G	0.02016	0.07471	0.90513
704 A	0.01780	0.07915	0.90304
705 A	0.01662	0.08195	0.90143
706 G	0.01877	0.08213	0.8991
707 T	0.02421	0.07990	0.89589
708 A	0.02665	0.08514	0.88822
709 A	0.02779	0.08637	0.88584
710 T	0.02886	0.08617	0.88496
711 T	0.02798	0.08840	0.88362
712 A	0.02622	0.09210	0.88168
713 A	0.02568	0.09307	0.88125
714 A	0.02557	0.09265	0.88179
715 A	0.02591	0.09020	0.8839
716 T	0.02713	0.08670	0.88617
717 T	0.02775	0.08302	0.88924
718 G	0.02560	0.08383	0.89056
719 A	0.02509	0.08433	0.89058
720 A	0.02421	0.08504	0.89074
721 A	0.02420	0.08484	0.89095
722 A	0.02459	0.08325	0.89216
723 T	0.02565	0.07948	0.89486
724 A	0.02639	0.07509	0.89852
725 A	0.03086	0.06621	0.90292
726 T	0.03433	0.05961	0.90606
727 A	0.03482	0.05703	0.90815
728 G	0.03623	0.05363	0.91013
729 A	0.03913	0.05047	0.9104
730 G	0.04388	0.04539	0.91074
731 T	0.05405	0.03483	0.91112
732 T	0.05734	0.03174	0.91092
733 T	0.05878	0.03227	0.90895
734 A	0.05824	0.03669	0.90508
735 T	0.05775	0.03981	0.90244
736 T	0.05265	0.05074	0.89661
737 A	0.03872	0.06921	0.89206
738 T	0.03568	0.07521	0.88911
739 A	0.03026	0.08141	0.88833
740 A	0.02608	0.08561	0.88831
741 A	0.02285	0.08698	0.89017
742 A	0.02140	0.08719	0.89141
743 C	0.01889	0.08857	0.89254
744 A	0.01760	0.09035	0.89205
745 A	0.01653	0.09195	0.89153
746 A	0.01517	0.09367	0.89116
747 T	0.01569	0.09303	0.89129
748 G	0.01512	0.09361	0.89127
749 A	0.01469	0.09387	0.89144
750 A	0.01461	0.09335	0.89205
751 C	0.01463	0.09338	0.89199
752 A	0.01488	0.09425	0.89088
753 A	0.01394	0.09637	0.88969
754 G	0.01411	0.09678	0.8891
755 A	0.01467	0.09720	0.88814
756 A	0.01714	0.09466	0.8882
757 A	0.02168	0.08753	0.89079
758 A	0.02569	0.08024	0.89407
759 T	0.03210	0.06615	0.90174
760 C	0.03440	0.05020	0.91539
761 A	0.03539	0.04730	0.91731
762 A	0.03477	0.04454	0.92069
763 G	0.03377	0.04230	0.92392
764 T	0.03329	0.04038	0.92633
765 T	0.03124	0.04112	0.92764
766 G	0.02981	0.03898	0.93122
767 A	0.02938	0.03740	0.93322
768 A	0.02932	0.03566	0.93501
769 G	0.02939	0.03330	0.93731
770 C	0.02955	0.03208	0.93837
771 A	0.02961	0.03185	0.93854
772 G	0.03035	0.03087	0.93877
773 A	0.03134	0.02983	0.93883
774 T	0.03257	0.02874	0.93869
775 A	0.03362	0.02793	0.93845
776 T	0.03485	0.02484	0.9403
777 A	0.03526	0.02359	0.94114
778 A	0.03605	0.02170	0.94224
779 T	0.03625	0.02092	0.94283
780 T	0.03635	0.02064	0.94301
781 T	0.03638	0.02117	0.94246
782 T	0.03635	0.02136	0.94229
783 A	0.03611	0.02178	0.9421
784 A	0.03601	0.02087	0.94312
785 T	0.03595	0.01901	0.94504
786 G	0.03459	0.01834	0.94708
787 G	0.03419	0.01736	0.94846
788 C	0.03409	0.01565	0.95026
789 T	0.03371	0.01570	0.95059
790 G	0.03242	0.01751	0.95007
791 T	0.03211	0.01862	0.94928
792 A	0.03118	0.02137	0.94746
793 G	0.03074	0.02200	0.94725
794 G	0.03087	0.02188	0.94725
795 T	0.03128	0.02192	0.9468
796 A	0.03132	0.02220	0.94648
797 C	0.03171	0.02195	0.94634
798 T	0.03206	0.02172	0.94623
799 A	0.03178	0.02205	0.94617
800 A	0.03193	0.02193	0.94613
801 A	0.03223	0.02163	0.94614
802 C	0.03260	0.02126	0.94613
803 C	0.03311	0.02081	0.94609
804 T	0.03427	0.01983	0.94589
805 A	0.03453	0.01976	0.94571
806 A	0.03514	0.01915	0.94571
807 T	0.03514	0.01913	0.94574
808 T	0.03481	0.01939	0.94579
809 T	0.03434	0.01836	0.9473
810 G	0.03323	0.01878	0.94799
811 A	0.03265	0.01894	0.94842
812 A	0.03219	0.01878	0.94904
813 T	0.03242	0.01724	0.95034
814 G	0.03212	0.01701	0.95086
815 G	0.03313	0.01531	0.95156
816 G	0.03265	0.01558	0.95177
817 A	0.03220	0.01630	0.95151
818 T	0.03192	0.01679	0.9513
819 T	0.03092	0.01792	0.95116
820 G	0.02826	0.02094	0.9508
821 A	0.02569	0.02378	0.95053
822 A	0.02441	0.02510	0.95049
823 A	0.02377	0.02591	0.95033
824 A	0.02315	0.02638	0.95047
825 A	0.02257	0.02671	0.95072
826 T	0.02233	0.02675	0.95092
827 T	0.02173	0.02733	0.95095
828 G	0.02103	0.02802	0.95095
829 A	0.02081	0.02863	0.95056
830 A	0.02068	0.02888	0.95044
831 T	0.02061	0.02872	0.95067
832 T	0.02018	0.02896	0.95086
833 T	0.01853	0.03040	0.95107
834 A	0.01357	0.03603	0.95041
835 A	0.01051	0.03907	0.95041
836 A	0.00864	0.04071	0.95065
837 A	0.00701	0.04161	0.95138
838 A	0.00673	0.04137	0.9519
839 A	0.00683	0.04035	0.95282
840 A	0.00727	0.03891	0.95382
841 G	0.00765	0.03737	0.95498
842 A	0.00806	0.03578	0.95616
843 T	0.00848	0.03298	0.95854
844 A	0.00801	0.03188	0.96012
845 G	0.00785	0.03090	0.96126
846 A	0.00780	0.03040	0.96181
847 A	0.00770	0.02976	0.96254
848 G	0.00770	0.02887	0.96343
849 T	0.00795	0.02804	0.964
850 G	0.00804	0.02725	0.9647
851 G	0.00824	0.02643	0.96533
852 A	0.00875	0.02572	0.96553
853 A	0.00939	0.02481	0.9658
854 T	0.01010	0.02352	0.96638
855 A	0.01036	0.02284	0.9668
856 A	0.01094	0.02033	0.96872
857 T	0.01192	0.01460	0.97348
858 T	0.01229	0.01146	0.97626
859 A	0.01241	0.00979	0.9778
860 C	0.01272	0.00800	0.97929
861 T	0.01297	0.00751	0.97952
862 G	0.01292	0.00747	0.97961
863 A	0.01302	0.00733	0.97965
864 T	0.01317	0.00712	0.97971
865 A	0.01309	0.00722	0.97969
866 A	0.01316	0.00690	0.97995
867 T	0.01375	0.00549	0.98076
868 T	0.01387	0.00500	0.98113
869 T	0.01375	0.00524	0.981
870 T	0.01357	0.00594	0.98048
871 T	0.01327	0.00698	0.97975
872 T	0.01258	0.00810	0.97932
873 A	0.01113	0.00981	0.97907
874 A	0.01043	0.01044	0.97914
875 A	0.01018	0.01056	0.97926
876 A	0.01017	0.01047	0.97936
877 A	0.01030	0.01023	0.97947
878 C	0.01068	0.00956	0.97976
879 T	0.01077	0.00941	0.97982
880 T	0.01080	0.00934	0.97986
881 C	0.01082	0.00926	0.97992
882 T	0.01084	0.00922	0.97994
883 A	0.01082	0.00923	0.97995
884 T	0.01086	0.00909	0.98006
885 T	0.01087	0.00892	0.98021
886 G	0.01071	0.00901	0.98028
887 A	0.01060	0.00897	0.98043
888 A	0.01058	0.00873	0.98069
889 G	0.01054	0.00850	0.98096
890 G	0.01059	0.00829	0.98112
891 A	0.01095	0.00774	0.98131
892 G	0.01169	0.00656	0.98175
893 T	0.01275	0.00503	0.98221
894 T	0.01338	0.00408	0.98254
895 T	0.01356	0.00336	0.98308
896 A	0.01345	0.00244	0.98411
897 T	0.01324	0.00208	0.98468
898 G	0.01272	0.00231	0.98496
899 C	0.01220	0.00269	0.98511
900 C	0.01177	0.00310	0.98512
901 A	0.01125	0.00366	0.98509
902 T	0.01101	0.00389	0.9851
903 C	0.01012	0.00478	0.9851
904 G	0.00931	0.00560	0.98509
905 G	0.00896	0.00596	0.98509
906 C	0.00879	0.00609	0.98511
907 G	0.00873	0.00616	0.9851
908 A	0.00869	0.00621	0.98509
909 T	0.00868	0.00608	0.98524
910 G	0.00866	0.00602	0.98532
911 T	0.00865	0.00600	0.98535
912 A	0.00863	0.00591	0.98547
913 A	0.00862	0.00583	0.98555
914 A	0.00863	0.00577	0.9856
915 T	0.00864	0.00569	0.98566
916 G	0.00864	0.00564	0.98573
917 G	0.00862	0.00558	0.98579
918 A	0.00861	0.00551	0.98587
919 A	0.00861	0.00534	0.98605
920 A	0.00861	0.00508	0.9863
921 A	0.00863	0.00453	0.98683
922 T	0.00864	0.00388	0.98747
923 A	0.00865	0.00339	0.98796
924 T	0.00868	0.00274	0.98858
925 A	0.00868	0.00248	0.98885
926 T	0.00868	0.00168	0.98963
927 G	0.00869	0.00107	0.99024
928 T	0.00870	0.00077	0.99052
929 T	0.00870	0.00066	0.99065
930 A	0.00868	0.00061	0.99071
931 G	0.00865	0.00059	0.99077
932 C	0.00862	0.00057	0.99081
933 T	0.00860	0.00059	0.9908
934 C	0.00857	0.00063	0.9908
935 A	0.00854	0.00074	0.99071
936 T	0.00852	0.00083	0.99066
937 G	0.00847	0.00088	0.99065
938 T	0.00844	0.00092	0.99065
939 T	0.00837	0.00098	0.99065
940 G	0.00831	0.00104	0.99065
941 C	0.00828	0.00107	0.99066
942 T	0.00827	0.00109	0.99064
943 A	0.00823	0.00114	0.99063
944 G	0.00822	0.00115	0.99063
945 T	0.00822	0.00115	0.99064
946 C	0.00821	0.00116	0.99063
947 A	0.00820	0.00117	0.99063
948 C	0.00820	0.00116	0.99063
949 G	0.00820	0.00118	0.99062
950 A	0.00820	0.00119	0.99061
951 A	0.00819	0.00120	0.9906
952 G	0.00820	0.00119	0.99062
953 G	0.00820	0.00118	0.99062
954 A	0.00821	0.00112	0.99068
955 A	0.00822	0.00105	0.99073
956 T	0.00825	0.00095	0.99079
957 A	0.00825	0.00090	0.99085
958 A	0.00831	0.00078	0.99091
959 T	0.00836	0.00066	0.99098
960 A	0.00836	0.00059	0.99106
961 G	0.00837	0.00052	0.99112
962 C	0.00839	0.00042	0.9912
963 T	0.00843	0.00034	0.99123
964 G	0.00844	0.00031	0.99125
965 T	0.00845	0.00028	0.99126
966 C	0.00844	0.00028	0.99129
967 T	0.00842	0.00030	0.99128
968 C	0.00837	0.00034	0.99129
969 T	0.00836	0.00037	0.99128
970 C	0.00832	0.00041	0.99127
971 A	0.00830	0.00044	0.99126
972 T	0.00831	0.00044	0.99126
973 G	0.00831	0.00044	0.99125
974 C	0.00831	0.00043	0.99126
975 T	0.00832	0.00044	0.99124
976 T	0.00831	0.00045	0.99124
977 T	0.00824	0.00053	0.99123
978 A	0.00820	0.00058	0.99122
979 A	0.00819	0.00059	0.99122
980 A	0.00818	0.00057	0.99124
981 T	0.00818	0.00056	0.99126
982 T	0.00817	0.00056	0.99127
983 C	0.00813	0.00058	0.99128
984 A	0.00800	0.00073	0.99127
985 A	0.00787	0.00089	0.99124
986 A	0.00780	0.00097	0.99123
987 A	0.00776	0.00100	0.99124
988 G	0.00774	0.00102	0.99124
989 A	0.00773	0.00100	0.99127
990 A	0.00773	0.00096	0.99132
991 C	0.00773	0.00089	0.99137
992 A	0.00775	0.00086	0.99139
993 T	0.00777	0.00082	0.99141
994 C	0.00778	0.00079	0.99142
995 T	0.00780	0.00077	0.99143
996 T	0.00781	0.00076	0.99143
997 T	0.00782	0.00074	0.99144
998 T	0.00782	0.00072	0.99147
999 T	0.00782	0.00070	0.99148
1000 C	0.00782	0.00061	0.99157
1001 C	0.00783	0.00057	0.9916
1002 T	0.00783	0.00056	0.99161
1003 A	0.00783	0.00056	0.99161
1004 T	0.00783	0.00056	0.99162
1005 G	0.00782	0.00056	0.99162
1006 G	0.00782	0.00053	0.99165
1007 A	0.00783	0.00038	0.99179
1008 T	0.00786	0.00022	0.99192
1009 T	0.00787	0.00014	0.992
1010 A	0.00787	0.00011	0.99202
1011 T	0.00787	0.00009	0.99204
1012 A	0.00786	0.00008	0.99205
1013 A	0.00786	0.00008	0.99206
1014 T	0.00786	0.00007	0.99206
1015 T	0.00786	0.00007	0.99207
1016 C	0.00786	0.00007	0.99207
1017 T	0.00786	0.00007	0.99207
1018 G	0.00786	0.00007	0.99207
1019 T	0.00786	0.00007	0.99207
1020 T	0.00786	0.00007	0.99207
1021 C	0.00786	0.00007	0.99207
1022 C	0.00786	0.00006	0.99207
1023 T	0.00786	0.00006	0.99207
1024 T	0.00786	0.00006	0.99207
1025 T	0.00786	0.00006	0.99207
1026 T	0.00785	0.00007	0.99207
1027 T	0.00784	0.00008	0.99207
1028 G	0.00782	0.00010	0.99209
1029 C	0.00780	0.00011	0.9921
1030 A	0.00780	0.00012	0.99209
1031 T	0.00780	0.00012	0.99208
1032 T	0.00779	0.00013	0.99208
1033 T	0.00779	0.00014	0.99207
1034 A	0.00778	0.00015	0.99207
1035 T	0.00778	0.00015	0.99207
1036 G	0.00777	0.00016	0.99206
1037 G	0.00777	0.00018	0.99206
1038 T	0.00776	0.00019	0.99206
1039 T	0.00775	0.00020	0.99206
1040 T	0.00774	0.00021	0.99205
1041 T	0.00770	0.00025	0.99205
1042 C	0.00764	0.00031	0.99205
1043 C	0.00758	0.00037	0.99204
1044 T	0.00752	0.00044	0.99204
1045 G	0.00749	0.00048	0.99203
1046 A	0.00747	0.00051	0.99202
1047 A	0.00746	0.00054	0.992
1048 A	0.00745	0.00055	0.992
1049 T	0.00744	0.00054	0.99201
1050 A	0.00743	0.00055	0.99203
1051 G	0.00742	0.00053	0.99206
1052 C	0.00741	0.00052	0.99208
1053 T	0.00742	0.00051	0.99208
1054 T	0.00742	0.00051	0.99207
1055 C	0.00740	0.00053	0.99207
1056 T	0.00739	0.00056	0.99205
1057 A	0.00737	0.00061	0.99203
1058 T	0.00733	0.00065	0.99203
1059 A	0.00725	0.00074	0.99202
1060 G	0.00721	0.00078	0.99201
1061 G	0.00716	0.00081	0.99202
1062 T	0.00713	0.00085	0.99201
1063 T	0.00710	0.00088	0.99202
1064 T	0.00705	0.00092	0.99203
1065 A	0.00693	0.00103	0.99203
1066 A	0.00684	0.00114	0.99202
1067 C	0.00679	0.00116	0.99206
1068 T	0.00656	0.00153	0.99191
1069 G	0.00601	0.00238	0.99161
1070 A	0.00566	0.00297	0.99138
1071 A	0.00527	0.00340	0.99134
1072 G	0.00492	0.00376	0.99132
1073 A	0.00463	0.00406	0.99131
1074 A	0.00440	0.00430	0.9913
1075 C	0.00428	0.00445	0.99128
1076 A	0.00421	0.00462	0.99118
1077 A	0.00418	0.00469	0.99113
1078 G	0.00415	0.00477	0.99109
1079 T	0.00416	0.00480	0.99105
1080 T	0.00411	0.00490	0.991
1081 A	0.00400	0.00500	0.99101
1082 A	0.00390	0.00505	0.99105
1083 A	0.00382	0.00511	0.99107
1084 G	0.00378	0.00511	0.99111
1085 C	0.00379	0.00507	0.99114
1086 A	0.00379	0.00512	0.99108
1087 A	0.00382	0.00512	0.99106
1088 A	0.00388	0.00501	0.99111
1089 T	0.00398	0.00485	0.99117
1090 A	0.00404	0.00478	0.99118
1091 A	0.00419	0.00437	0.99144
1092 T	0.00448	0.00350	0.99202
1093 A	0.00465	0.00299	0.99235
1094 T	0.00470	0.00258	0.99271
1095 A	0.00472	0.00231	0.99296
1096 A	0.00475	0.00206	0.99319
1097 A	0.00479	0.00181	0.9934
1098 T	0.00486	0.00161	0.99353
1099 T	0.00496	0.00144	0.99361
1100 A	0.00500	0.00137	0.99363
1101 T	0.00504	0.00129	0.99367
1102 A	0.00505	0.00128	0.99367
1103 A	0.00508	0.00119	0.99373
1104 A	0.00511	0.00107	0.99383
1105 G	0.00517	0.00090	0.99393
1106 T	0.00525	0.00074	0.994
1107 T	0.00531	0.00063	0.99405
1108 T	0.00535	0.00058	0.99407
1109 C	0.00538	0.00053	0.99408
1110 T	0.00542	0.00050	0.99408
1111 A	0.00542	0.00050	0.99408
1112 C	0.00543	0.00048	0.99408
1113 C	0.00547	0.00044	0.99408
1114 T	0.00552	0.00039	0.99408
1115 T	0.00554	0.00038	0.99408
1116 T	0.00554	0.00038	0.99408
1117 C	0.00553	0.00038	0.99408
1118 C	0.00555	0.00036	0.99408
1119 T	0.00558	0.00033	0.99408
1120 G	0.00559	0.00033	0.99408
1121 T	0.00562	0.00030	0.99408
1122 T	0.00563	0.00029	0.99408
1123 A	0.00564	0.00028	0.99408
1124 G	0.00565	0.00024	0.99411
1125 T	0.00568	0.00019	0.99414
1126 T	0.00568	0.00017	0.99414
1127 C	0.00569	0.00017	0.99415
1128 T	0.00568	0.00019	0.99413
1129 A	0.00564	0.00027	0.99409
1130 T	0.00562	0.00031	0.99407
1131 A	0.00555	0.00039	0.99405
1132 G	0.00550	0.00047	0.99403
1133 G	0.00544	0.00057	0.99398
1134 A	0.00540	0.00070	0.9939
1135 A	0.00539	0.00072	0.99389
1136 A	0.00538	0.00072	0.9939
1137 A	0.00538	0.00072	0.9939
1138 T	0.00538	0.00071	0.99391
1139 C	0.00538	0.00069	0.99393
1140 T	0.00538	0.00070	0.99392
1141 T	0.00537	0.00071	0.99392
1142 G	0.00536	0.00072	0.99392
1143 G	0.00535	0.00072	0.99392
1144 G	0.00534	0.00073	0.99393
1145 C	0.00534	0.00072	0.99394
1146 C	0.00534	0.00071	0.99394
1147 G	0.00534	0.00072	0.99394
1148 A	0.00535	0.00073	0.99393
1149 T	0.00537	0.00073	0.9939
1150 G	0.00537	0.00078	0.99385
1151 G	0.00538	0.00085	0.99377
1152 T	0.00540	0.00085	0.99375
1153 G	0.00539	0.00084	0.99377
1154 A	0.00538	0.00082	0.99381
1155 A	0.00536	0.00080	0.99383
1156 A	0.00539	0.00072	0.99389
1157 C	0.00547	0.00060	0.99394
1158 T	0.00547	0.00060	0.99393
1159 G	0.00545	0.00063	0.99391
1160 A	0.00544	0.00065	0.99391
1161 T	0.00544	0.00065	0.9939
1162 G	0.00543	0.00067	0.99389
1163 G	0.00544	0.00066	0.9939
1164 T	0.00544	0.00066	0.99391
1165 T	0.00543	0.00066	0.99391
1166 T	0.00539	0.00069	0.99392
1167 C	0.00529	0.00079	0.99392
1168 G	0.00513	0.00099	0.99389
1169 C	0.00504	0.00111	0.99386
1170 A	0.00495	0.00131	0.99373
1171 A	0.00494	0.00148	0.99359
1172 A	0.00495	0.00153	0.99353
1173 A	0.00500	0.00150	0.99349
1174 T	0.00509	0.00142	0.99349
1175 T	0.00514	0.00138	0.99349
1176 A	0.00512	0.00139	0.99349
1177 A	0.00512	0.00138	0.9935
1178 T	0.00513	0.00137	0.9935
1179 T	0.00508	0.00146	0.99345
1180 G	0.00498	0.00161	0.99341
1181 T	0.00495	0.00167	0.99338
1182 T	0.00489	0.00176	0.99334
1183 G	0.00477	0.00192	0.99331
1184 A	0.00465	0.00209	0.99326
1185 T	0.00460	0.00218	0.99322
1186 A	0.00451	0.00238	0.99311
1187 A	0.00446	0.00258	0.99296
1188 A	0.00443	0.00285	0.99273
1189 A	0.00441	0.00292	0.99267
1190 A	0.00442	0.00292	0.99266
1191 T	0.00448	0.00279	0.99272
1192 A	0.00451	0.00282	0.99266
1193 G	0.00462	0.00271	0.99266
1194 T	0.00476	0.00273	0.99251
1195 T	0.00482	0.00281	0.99238
1196 T	0.00481	0.00305	0.99213
1197 A	0.00477	0.00329	0.99195
1198 A	0.00476	0.00339	0.99185
1199 A	0.00474	0.00347	0.99179
1200 A	0.00476	0.00347	0.99177
1201 A	0.00482	0.00342	0.99176
1202 T	0.00495	0.00320	0.99185
1203 T	0.00502	0.00301	0.99197
1204 T	0.00505	0.00294	0.99201
1205 T	0.00506	0.00288	0.99206
1206 A	0.00501	0.00287	0.99212
1207 G	0.00499	0.00281	0.9922
1208 G	0.00501	0.00275	0.99224
1209 A	0.00510	0.00260	0.9923
1210 A	0.00528	0.00239	0.99233
1211 T	0.00556	0.00208	0.99237
1212 G	0.00566	0.00197	0.99237
1213 C	0.00578	0.00186	0.99236
1214 A	0.00588	0.00187	0.99225
1215 T	0.00606	0.00179	0.99215
1216 A	0.00615	0.00190	0.99195
1217 T	0.00640	0.00182	0.99178
1218 A	0.00652	0.00182	0.99166
1219 T	0.00676	0.00155	0.99169
1220 T	0.00688	0.00140	0.99173
1221 A	0.00689	0.00139	0.99173
1222 T	0.00693	0.00133	0.99174
1223 C	0.00691	0.00135	0.99174
1224 T	0.00687	0.00141	0.99172
1225 T	0.00678	0.00154	0.99168
1226 A	0.00668	0.00167	0.99166
1227 T	0.00660	0.00176	0.99163
1228 A	0.00646	0.00191	0.99163
1229 A	0.00628	0.00203	0.9917
1230 T	0.00611	0.00216	0.99173
1231 G	0.00598	0.00227	0.99175
1232 C	0.00587	0.00237	0.99175
1233 G	0.00580	0.00248	0.99173
1234 A	0.00576	0.00257	0.99167
1235 C	0.00573	0.00263	0.99164
1236 A	0.00568	0.00283	0.99149
1237 G	0.00576	0.00283	0.99141
1238 A	0.00585	0.00280	0.99134
1239 A	0.00604	0.00267	0.99129
1240 T	0.00621	0.00252	0.99128
1241 T	0.00629	0.00242	0.99129
1242 A	0.00628	0.00244	0.99128
1243 A	0.00627	0.00242	0.99131
1244 T	0.00629	0.00234	0.99137
1245 T	0.00628	0.00231	0.99141
1246 A	0.00624	0.00231	0.99145
1247 G	0.00622	0.00227	0.99151
1248 T	0.00622	0.00221	0.99158
1249 G	0.00616	0.00217	0.99167
1250 A	0.00612	0.00214	0.99175
1251 A	0.00607	0.00205	0.99188
1252 A	0.00603	0.00191	0.99206
1253 C	0.00602	0.00170	0.99228
1254 A	0.00601	0.00162	0.99237
1255 G	0.00602	0.00153	0.99246
1256 G	0.00607	0.00144	0.99249
1257 A	0.00613	0.00138	0.99249
1258 G	0.00620	0.00132	0.99249
1259 T	0.00635	0.00110	0.99254
1260 T	0.00642	0.00108	0.9925
1261 G	0.00646	0.00115	0.99239
1262 T	0.00650	0.00117	0.99232
1263 T	0.00651	0.00123	0.99227
1264 A	0.00649	0.00133	0.99217
1265 T	0.00649	0.00136	0.99215
1266 G	0.00643	0.00146	0.99211
1267 G	0.00638	0.00163	0.99199
1268 G	0.00635	0.00174	0.99191
1269 A	0.00634	0.00187	0.99179
1270 A	0.00634	0.00192	0.99174
1271 T	0.00638	0.00191	0.99171
1272 G	0.00637	0.00197	0.99167
1273 A	0.00637	0.00204	0.99159
1274 A	0.00637	0.00203	0.99159
1275 T	0.00638	0.00203	0.99158
1276 G	0.00638	0.00203	0.99158
1277 G	0.00639	0.00203	0.99158
1278 A	0.00641	0.00206	0.99152
1279 A	0.00643	0.00204	0.99153
1280 C	0.00647	0.00200	0.99152
1281 G	0.00654	0.00199	0.99148
1282 G	0.00660	0.00196	0.99144
1283 C	0.00673	0.00186	0.9914
1284 T	0.00689	0.00182	0.99129
1285 T	0.00696	0.00192	0.99112
1286 A	0.00700	0.00199	0.991
1287 T	0.00709	0.00196	0.99094
1288 G	0.00713	0.00205	0.99082
1289 A	0.00719	0.00205	0.99076
1290 T	0.00734	0.00192	0.99074
1291 G	0.00743	0.00203	0.99054
1292 T	0.00758	0.00207	0.99035
1293 A	0.00765	0.00227	0.99009
1294 G	0.00771	0.00254	0.98975
1295 T	0.00782	0.00267	0.98951
1296 T	0.00791	0.00295	0.98914
1297 A	0.00793	0.00304	0.98902
1298 A	0.00797	0.00306	0.98897
1299 A	0.00798	0.00307	0.98894
1300 A	0.00801	0.00306	0.98893
1301 C	0.00806	0.00301	0.98893
1302 A	0.00809	0.00300	0.98892
1303 A	0.00813	0.00295	0.98892
1304 T	0.00825	0.00284	0.98891
1305 T	0.00832	0.00277	0.98891
1306 C	0.00836	0.00273	0.98891
1307 A	0.00845	0.00265	0.98891
1308 T	0.00860	0.00250	0.98891
1309 C	0.00865	0.00245	0.98891
1310 C	0.00867	0.00243	0.9889
1311 T	0.00878	0.00233	0.9889
1312 C	0.00876	0.00235	0.9889
1313 A	0.00877	0.00234	0.9889
1314 T	0.00902	0.00209	0.98889
1315 C	0.00916	0.00195	0.98889
1316 C	0.00939	0.00172	0.98889
1317 T	0.00970	0.00142	0.98888
1318 A	0.00980	0.00135	0.98886
1319 C	0.01001	0.00115	0.98883
1320 T	0.01005	0.00131	0.98864
1321 T	0.01004	0.00139	0.98857
1322 T	0.00998	0.00145	0.98858
1323 A	0.00980	0.00163	0.98857
1324 T	0.00973	0.00170	0.98857
1325 C	0.00960	0.00183	0.98858
1326 C	0.00942	0.00201	0.98857
1327 G	0.00933	0.00212	0.98854
1328 A	0.00924	0.00225	0.98852
