# lcl|CP097583.1_cds_USQ93519.1_1
# AA	inside	membr	outside
1 A	0.62784	0.00000	0.37215
2 T	0.62746	0.00038	0.37215
3 G	0.62684	0.00101	0.37215
4 T	0.62684	0.09848	0.27468
5 T	0.59678	0.25268	0.15053
6 A	0.59678	0.26202	0.1412
7 A	0.40245	0.45930	0.13825
8 A	0.40244	0.45943	0.13813
9 A	0.39259	0.47044	0.13697
10 C	0.39258	0.51362	0.0938
11 T	0.39150	0.52491	0.08358
12 A	0.36837	0.54921	0.08241
13 A	0.33519	0.58500	0.0798
14 A	0.33519	0.58501	0.0798
15 A	0.33519	0.59165	0.07316
16 C	0.33374	0.59310	0.07316
17 A	0.32781	0.59908	0.07311
18 A	0.32772	0.59930	0.07298
19 T	0.32685	0.60030	0.07284
20 C	0.31455	0.61623	0.06922
21 G	0.30354	0.62726	0.0692
22 T	0.30910	0.62221	0.06869
23 T	0.31391	0.61760	0.06849
24 A	0.31577	0.61619	0.06805
25 T	0.34844	0.58228	0.06928
26 A	0.35543	0.57234	0.07223
27 T	0.42789	0.48630	0.08581
28 A	0.48799	0.39897	0.11304
29 A	0.49240	0.38578	0.12182
30 C	0.49832	0.21320	0.28848
31 A	0.49816	0.21076	0.29107
32 T	0.50050	0.19535	0.30415
33 C	0.52464	0.16767	0.30769
34 C	0.51995	0.18335	0.29671
35 T	0.51492	0.18427	0.3008
36 T	0.50398	0.18240	0.31362
37 A	0.42308	0.26584	0.31108
38 A	0.39881	0.29035	0.31083
39 C	0.36540	0.32403	0.31057
40 G	0.34014	0.34190	0.31796
41 G	0.32956	0.35630	0.31414
42 A	0.32282	0.38003	0.29714
43 T	0.32257	0.37594	0.3015
44 T	0.31778	0.38639	0.29583
45 T	0.30548	0.39392	0.30059
46 G	0.28439	0.41488	0.30073
47 A	0.26590	0.43827	0.29583
48 C	0.25085	0.45676	0.2924
49 A	0.24339	0.56130	0.19531
50 A	0.23450	0.57625	0.18925
51 A	0.22543	0.58822	0.18636
52 A	0.21960	0.59584	0.18456
53 T	0.21304	0.60782	0.17914
54 C	0.20896	0.60575	0.18529
55 A	0.20699	0.62778	0.16524
56 A	0.21014	0.62492	0.16493
57 A	0.22108	0.60587	0.17305
58 T	0.22357	0.59419	0.18224
59 G	0.22447	0.59549	0.18004
60 T	0.22344	0.52794	0.24862
61 A	0.20736	0.56314	0.22951
62 A	0.17755	0.58494	0.2375
63 A	0.15811	0.59649	0.24539
64 G	0.15994	0.59042	0.24965
65 A	0.17174	0.58250	0.24576
66 T	0.17557	0.58464	0.23979
67 A	0.18150	0.60808	0.21042
68 A	0.18089	0.64654	0.17257
69 A	0.17860	0.73340	0.088
70 A	0.18375	0.71986	0.09639
71 A	0.18376	0.71180	0.10444
72 A	0.25998	0.63559	0.10444
73 A	0.26962	0.61505	0.11534
74 C	0.28240	0.59063	0.12698
75 A	0.29900	0.56882	0.13219
76 T	0.31620	0.54549	0.13831
77 C	0.32545	0.53394	0.14061
78 T	0.34496	0.51491	0.14013
79 C	0.34931	0.51324	0.13746
80 A	0.35436	0.51405	0.13159
81 A	0.36354	0.50809	0.12837
82 T	0.38597	0.48515	0.12888
83 A	0.40249	0.46533	0.13218
84 T	0.44360	0.40911	0.14729
85 T	0.45485	0.36132	0.18383
86 C	0.44561	0.35070	0.20369
87 A	0.41393	0.40246	0.18362
88 G	0.38552	0.46322	0.15126
89 A	0.36342	0.53108	0.1055
90 A	0.32290	0.60591	0.07119
91 A	0.31535	0.61581	0.06884
92 T	0.39060	0.53088	0.07852
93 A	0.37922	0.54272	0.07805
94 G	0.36736	0.55431	0.07833
95 C	0.36388	0.56116	0.07496
96 A	0.35705	0.57548	0.06747
97 A	0.35125	0.58594	0.06281
98 A	0.32051	0.61712	0.06238
99 C	0.31764	0.61963	0.06273
100 T	0.31091	0.62639	0.0627
101 A	0.28457	0.65220	0.06323
102 C	0.25311	0.68303	0.06386
103 A	0.18818	0.75851	0.05331
104 C	0.15775	0.79234	0.04992
105 A	0.14610	0.80954	0.04435
106 A	0.14169	0.82047	0.03784
107 A	0.13998	0.82313	0.03689
108 A	0.14088	0.81755	0.04158
109 G	0.14635	0.79822	0.05543
110 A	0.16988	0.73745	0.09267
111 A	0.20060	0.66495	0.13446
112 A	0.23934	0.58213	0.17852
113 A	0.27119	0.47000	0.25881
114 C	0.28021	0.39545	0.32434
115 C	0.28523	0.38397	0.3308
116 A	0.29040	0.41078	0.29882
117 A	0.29935	0.41872	0.28193
118 T	0.30517	0.41490	0.27993
119 T	0.30316	0.42509	0.27174
120 A	0.29742	0.43875	0.26383
121 G	0.29252	0.41376	0.29372
122 A	0.28783	0.44845	0.26372
123 A	0.28369	0.49840	0.21791
124 A	0.28199	0.49994	0.21807
125 A	0.28569	0.48571	0.2286
126 T	0.29988	0.41958	0.28054
127 T	0.30286	0.40535	0.29178
128 C	0.30397	0.39807	0.29796
129 T	0.30503	0.40615	0.28882
130 A	0.30201	0.42029	0.2777
131 T	0.30150	0.42228	0.27621
132 C	0.29837	0.42451	0.27712
133 G	0.29588	0.43076	0.27336
134 T	0.29531	0.43466	0.27002
135 A	0.29453	0.45008	0.2554
136 C	0.29541	0.45133	0.25326
137 A	0.29811	0.45512	0.24678
138 A	0.30802	0.44843	0.24354
139 T	0.34891	0.40862	0.24247
140 T	0.37262	0.38772	0.23967
141 T	0.37928	0.38362	0.23709
142 G	0.38470	0.37317	0.24213
143 G	0.39048	0.36760	0.24192
144 A	0.39593	0.36926	0.23482
145 A	0.42644	0.35556	0.21799
146 A	0.46931	0.32342	0.20726
147 A	0.50519	0.28832	0.20648
148 A	0.53973	0.25368	0.20659
149 T	0.56599	0.22580	0.20821
150 T	0.58144	0.20860	0.20997
151 T	0.58292	0.20571	0.21136
152 T	0.58422	0.20379	0.21199
153 G	0.58147	0.20378	0.21475
154 G	0.56627	0.21840	0.21533
155 A	0.55602	0.22803	0.21595
156 T	0.54758	0.23456	0.21786
157 C	0.49030	0.29146	0.21824
158 T	0.44022	0.34378	0.216
159 A	0.33202	0.45277	0.21521
160 C	0.29236	0.49244	0.21521
161 A	0.26399	0.52168	0.21432
162 T	0.24049	0.54564	0.21387
163 C	0.21134	0.57423	0.21443
164 A	0.16530	0.62314	0.21156
165 A	0.15783	0.63281	0.20935
166 G	0.16135	0.62694	0.21171
167 A	0.17060	0.61488	0.21451
168 A	0.19195	0.59037	0.21768
169 T	0.20876	0.56037	0.23087
170 T	0.20979	0.55699	0.23322
171 C	0.20021	0.56939	0.23041
172 A	0.18231	0.61669	0.201
173 T	0.16740	0.64300	0.18961
174 G	0.14516	0.67838	0.17646
175 A	0.13208	0.71066	0.15727
176 A	0.12404	0.73245	0.1435
177 A	0.11821	0.73058	0.15122
178 A	0.11653	0.72493	0.15853
179 A	0.11572	0.70631	0.17797
180 A	0.11564	0.64260	0.24176
181 A	0.11790	0.56842	0.31369
182 T	0.11924	0.46264	0.41811
183 T	0.11944	0.42799	0.45257
184 A	0.11863	0.43086	0.45051
185 G	0.11764	0.43326	0.4491
186 A	0.11695	0.45996	0.4231
187 C	0.11483	0.44077	0.4444
188 A	0.11518	0.48864	0.39618
189 A	0.11658	0.57040	0.31302
190 G	0.11721	0.66992	0.21287
191 A	0.11914	0.75532	0.12554
192 A	0.12280	0.78245	0.09475
193 A	0.12872	0.78214	0.08914
194 A	0.14086	0.76158	0.09757
195 T	0.17768	0.70406	0.11825
196 T	0.19242	0.67450	0.13309
197 T	0.20329	0.65276	0.14395
198 A	0.21504	0.64532	0.13964
199 A	0.22880	0.64208	0.12912
200 T	0.23983	0.63125	0.12892
201 T	0.24311	0.63298	0.1239
202 A	0.23950	0.64112	0.11938
203 A	0.23732	0.64776	0.11491
204 C	0.23634	0.65270	0.11095
205 A	0.23795	0.66595	0.09611
206 A	0.24232	0.66275	0.09493
207 A	0.27513	0.63046	0.09441
208 A	0.31916	0.58646	0.09438
209 T	0.38908	0.51660	0.09432
210 C	0.41133	0.49096	0.09771
211 A	0.45707	0.44747	0.09546
212 A	0.54183	0.36289	0.09528
213 T	0.65435	0.25066	0.09498
214 T	0.71732	0.18765	0.09503
215 T	0.73490	0.16984	0.09526
216 T	0.73593	0.16812	0.09595
217 T	0.71298	0.19122	0.0958
218 C	0.59825	0.30676	0.095
219 C	0.44908	0.45745	0.09346
220 A	0.38694	0.52110	0.09197
221 A	0.33868	0.57064	0.09068
222 A	0.32352	0.58686	0.08963
223 C	0.30580	0.60475	0.08946
224 T	0.28993	0.62147	0.08861
225 A	0.26131	0.64623	0.09246
226 A	0.24673	0.65614	0.09713
227 G	0.23629	0.66228	0.10143
228 T	0.23083	0.66826	0.10091
229 A	0.19936	0.69954	0.1011
230 A	0.19161	0.70750	0.10089
231 A	0.18671	0.71136	0.10193
232 A	0.18328	0.71318	0.10354
233 T	0.18086	0.71202	0.10712
234 T	0.16815	0.72516	0.10669
235 G	0.15953	0.73469	0.10578
236 A	0.15038	0.74955	0.10007
237 A	0.14597	0.75282	0.10121
238 G	0.14404	0.74640	0.10956
239 A	0.14296	0.73851	0.11853
240 A	0.14332	0.70704	0.14964
241 A	0.14463	0.58857	0.2668
242 T	0.14714	0.43925	0.41361
243 A	0.14851	0.39423	0.45726
244 G	0.14983	0.34321	0.50696
245 T	0.15063	0.31860	0.53077
246 A	0.15016	0.30253	0.54731
247 T	0.15094	0.28201	0.56706
248 T	0.15086	0.26249	0.58665
249 A	0.15037	0.25680	0.59283
250 A	0.15085	0.25450	0.59465
251 A	0.15355	0.24713	0.59932
252 G	0.15952	0.21557	0.62492
253 T	0.16650	0.22386	0.60964
254 T	0.16903	0.26197	0.569
255 A	0.16955	0.38172	0.44872
256 G	0.17210	0.50578	0.32211
257 T	0.17624	0.50926	0.3145
258 A	0.17840	0.50573	0.31587
259 T	0.18587	0.49381	0.32032
260 T	0.18807	0.49934	0.31259
261 C	0.18467	0.51104	0.30429
262 C	0.17223	0.53792	0.28985
263 A	0.16395	0.57382	0.26224
264 A	0.16120	0.58598	0.25282
265 A	0.16537	0.58698	0.24765
266 T	0.18087	0.57414	0.245
267 T	0.18625	0.57114	0.24261
268 G	0.18890	0.57193	0.23917
269 A	0.19416	0.57502	0.23082
270 T	0.19609	0.58463	0.21928
271 G	0.17488	0.65097	0.17415
272 A	0.15683	0.68746	0.15571
273 A	0.15929	0.70106	0.13965
274 A	0.16932	0.69676	0.13391
275 A	0.17969	0.68658	0.13373
276 C	0.20976	0.65689	0.13335
277 A	0.25890	0.60947	0.13163
278 A	0.36933	0.49966	0.13101
279 C	0.48548	0.38386	0.13066
280 A	0.50865	0.36321	0.12814
281 A	0.52010	0.35336	0.12654
282 A	0.53546	0.33761	0.12693
283 T	0.56926	0.30126	0.12948
284 T	0.58415	0.28216	0.13369
285 T	0.58915	0.26179	0.14906
286 T	0.58787	0.25496	0.15717
287 C	0.57763	0.26317	0.1592
288 T	0.55775	0.29405	0.14821
289 A	0.47708	0.39250	0.13042
290 G	0.40337	0.47321	0.12343
291 A	0.38942	0.48773	0.12285
292 A	0.39316	0.48458	0.12226
293 A	0.40265	0.46951	0.12784
294 A	0.44703	0.40085	0.15212
295 C	0.46919	0.35498	0.17582
296 T	0.48539	0.33875	0.17587
297 A	0.48739	0.33695	0.17566
298 A	0.48797	0.33467	0.17735
299 T	0.48596	0.33401	0.18003
300 T	0.48147	0.33625	0.18228
301 C	0.47931	0.33045	0.19024
302 C	0.47704	0.33325	0.18972
303 A	0.47604	0.35540	0.16855
304 T	0.47494	0.38834	0.13672
305 T	0.47133	0.40583	0.12285
306 A	0.44652	0.44177	0.11171
307 A	0.43643	0.45867	0.10491
308 A	0.43515	0.45133	0.11352
309 T	0.43701	0.42388	0.13911
310 A	0.43638	0.40889	0.15472
311 A	0.44513	0.37676	0.17811
312 T	0.45796	0.29592	0.24613
313 C	0.44251	0.24888	0.3086
314 A	0.42117	0.26258	0.31625
315 A	0.40539	0.28323	0.31139
316 C	0.39656	0.30393	0.29952
317 A	0.38256	0.36521	0.25222
318 A	0.36594	0.41624	0.21782
319 A	0.35542	0.43316	0.21142
320 T	0.34422	0.45050	0.20529
321 A	0.31767	0.49310	0.18923
322 A	0.28692	0.53048	0.18261
323 C	0.28462	0.52371	0.19166
324 G	0.28438	0.52350	0.19212
325 G	0.28729	0.52281	0.1899
326 A	0.31079	0.49769	0.19153
327 T	0.34712	0.45879	0.19409
328 T	0.36110	0.44173	0.19717
329 T	0.36892	0.41177	0.21931
330 C	0.37198	0.39967	0.22835
331 A	0.37485	0.39515	0.23
332 T	0.37575	0.39239	0.23187
333 T	0.37640	0.38957	0.23404
334 A	0.37719	0.38742	0.23539
335 A	0.37865	0.38447	0.23687
336 T	0.38176	0.36159	0.25665
337 A	0.38496	0.33832	0.27672
338 A	0.39303	0.31253	0.29444
339 A	0.40738	0.28498	0.30764
340 A	0.45021	0.22521	0.32458
341 A	0.48321	0.17139	0.34541
342 A	0.49787	0.13727	0.36486
343 T	0.51613	0.09744	0.38643
344 A	0.53382	0.05188	0.41429
345 A	0.55195	0.00000	0.44805
