# lcl|CP097583.1_cds_USQ93568.1_1
# AA	inside	membr	outside
1 G	0.16698	0.00000	0.83302
2 T	0.16691	0.00007	0.83302
3 G	0.16685	0.00013	0.83302
4 A	0.16685	0.00901	0.82414
5 T	0.16628	0.01361	0.82011
6 T	0.16628	0.01480	0.81892
7 T	0.15848	0.02269	0.81883
8 G	0.15848	0.02270	0.81883
9 G	0.15636	0.02490	0.81875
10 A	0.15636	0.02938	0.81427
11 C	0.15625	0.02961	0.81414
12 A	0.15516	0.03076	0.81408
13 G	0.15432	0.03163	0.81405
14 T	0.15432	0.03163	0.81405
15 T	0.15432	0.03167	0.81401
16 C	0.15429	0.03171	0.81401
17 C	0.15426	0.03174	0.814
18 C	0.15426	0.03175	0.814
19 A	0.15423	0.03178	0.81399
20 G	0.15418	0.03197	0.81384
21 T	0.15393	0.03223	0.81384
22 G	0.15408	0.03214	0.81379
23 G	0.15455	0.03172	0.81373
24 T	0.15679	0.02950	0.81372
25 A	0.15747	0.02849	0.81404
26 T	0.15832	0.02729	0.81439
27 T	0.16454	0.02007	0.81539
28 A	0.16715	0.01683	0.81603
29 T	0.16817	0.01535	0.81649
30 T	0.16875	0.00979	0.82145
31 A	0.16880	0.01051	0.82069
32 T	0.16917	0.00879	0.82203
33 T	0.17231	0.00607	0.82162
34 G	0.17237	0.00604	0.82159
35 T	0.17247	0.00533	0.8222
36 T	0.17251	0.00484	0.82264
37 T	0.17251	0.00491	0.82258
38 C	0.17253	0.00496	0.82251
39 T	0.17249	0.00540	0.82212
40 T	0.17247	0.00557	0.82197
41 T	0.17243	0.00581	0.82176
42 A	0.17238	0.00600	0.82162
43 A	0.17249	0.00594	0.82157
44 T	0.17251	0.00575	0.82174
45 T	0.17257	0.00570	0.82173
46 T	0.17262	0.00572	0.82166
47 T	0.17266	0.00575	0.8216
48 A	0.17264	0.00588	0.82148
49 T	0.17266	0.00607	0.82127
50 T	0.17268	0.00636	0.82097
51 A	0.17253	0.00706	0.82041
52 A	0.17256	0.00713	0.82032
53 A	0.17306	0.00668	0.82026
54 T	0.17406	0.00577	0.82017
55 T	0.17453	0.00539	0.82008
56 C	0.17489	0.00516	0.81995
57 T	0.17512	0.00527	0.81962
58 T	0.17526	0.00562	0.81912
59 T	0.17534	0.00592	0.81874
60 T	0.17542	0.00616	0.81843
61 T	0.17548	0.00613	0.81839
62 T	0.17565	0.00597	0.81838
63 T	0.17545	0.00626	0.8183
64 T	0.17510	0.00658	0.81832
65 C	0.17475	0.00689	0.81836
66 T	0.17448	0.00719	0.81833
67 T	0.17427	0.00746	0.81827
68 C	0.17389	0.00788	0.81823
69 T	0.17369	0.00817	0.81813
70 A	0.17335	0.00862	0.81804
71 T	0.17316	0.00890	0.81794
72 A	0.17147	0.01082	0.81771
73 G	0.17056	0.01189	0.81755
74 A	0.17039	0.01199	0.81762
75 A	0.17034	0.01196	0.81769
76 A	0.17037	0.01181	0.81782
77 T	0.17069	0.01140	0.81791
78 A	0.17082	0.01120	0.81798
79 T	0.17105	0.01109	0.81786
80 C	0.17075	0.01153	0.81772
81 T	0.17038	0.01249	0.81713
82 T	0.16916	0.01460	0.81625
83 T	0.16592	0.01925	0.81483
84 A	0.15470	0.03199	0.81331
85 G	0.14950	0.03756	0.81294
86 T	0.14770	0.03905	0.81326
87 T	0.14516	0.04124	0.81359
88 T	0.14129	0.04508	0.81363
89 C	0.13390	0.05244	0.81365
90 T	0.12958	0.05757	0.81285
91 T	0.12241	0.06557	0.81202
92 T	0.11303	0.07587	0.81109
93 A	0.10298	0.08602	0.811
94 A	0.09667	0.09245	0.81088
95 A	0.09198	0.09595	0.81207
96 T	0.08882	0.09848	0.81269
97 C	0.08396	0.10309	0.81295
98 A	0.08158	0.10591	0.81251
99 A	0.08014	0.10776	0.81211
100 A	0.07882	0.10937	0.81182
101 A	0.07792	0.11035	0.81174
102 T	0.07788	0.11038	0.81174
103 A	0.07715	0.11042	0.81242
104 A	0.07701	0.10962	0.81338
105 A	0.07709	0.10773	0.81517
106 A	0.07787	0.10295	0.81918
107 T	0.07888	0.08961	0.83151
108 T	0.07957	0.08311	0.83732
109 G	0.07962	0.08069	0.83969
110 A	0.08012	0.07856	0.84133
111 T	0.08077	0.07252	0.84671
112 T	0.08060	0.06487	0.85454
113 T	0.07924	0.06171	0.85905
114 A	0.05408	0.08484	0.86108
115 G	0.04505	0.09312	0.86182
116 A	0.03864	0.10830	0.85306
117 A	0.03476	0.11950	0.84574
118 G	0.03381	0.12478	0.84141
119 T	0.03371	0.12932	0.83697
120 T	0.03256	0.13452	0.83292
121 A	0.03052	0.14405	0.82543
122 A	0.02935	0.14805	0.8226
123 A	0.02651	0.15200	0.82149
124 A	0.02329	0.15728	0.81943
125 A	0.01999	0.16237	0.81764
126 A	0.01838	0.16581	0.81582
127 G	0.01805	0.16525	0.81669
128 G	0.01802	0.16459	0.81739
129 G	0.01790	0.16437	0.81773
130 T	0.01792	0.16434	0.81774
131 C	0.01735	0.16501	0.81765
132 A	0.01688	0.16692	0.81619
133 A	0.01694	0.16785	0.81521
134 A	0.01681	0.16863	0.81456
135 A	0.01689	0.16819	0.81492
136 A	0.01800	0.16541	0.81658
137 G	0.02157	0.13507	0.84336
138 A	0.03037	0.11680	0.85283
139 G	0.04783	0.09185	0.86032
140 C	0.06659	0.06914	0.86427
141 T	0.08146	0.05396	0.86459
142 T	0.08704	0.04903	0.86393
143 T	0.08494	0.05283	0.86223
144 A	0.07290	0.06760	0.8595
145 A	0.05841	0.08436	0.85723
146 A	0.04931	0.10179	0.84891
147 A	0.04897	0.10532	0.84571
148 A	0.05055	0.10547	0.84397
149 T	0.05301	0.10391	0.84308
150 T	0.05134	0.10933	0.83932
151 A	0.04600	0.13362	0.82039
152 A	0.03747	0.14756	0.81497
153 A	0.02556	0.16155	0.81289
154 A	0.02178	0.16559	0.81264
155 A	0.02082	0.16631	0.81287
156 A	0.02094	0.16553	0.81353
157 T	0.02112	0.16445	0.81443
158 T	0.01970	0.16545	0.81484
159 A	0.01562	0.16936	0.81502
160 A	0.01320	0.17162	0.81518
161 A	0.01144	0.17316	0.8154
162 A	0.01081	0.17332	0.81588
163 G	0.01086	0.17227	0.81687
164 A	0.01182	0.17018	0.81801
165 A	0.01340	0.16656	0.82004
166 A	0.01618	0.15867	0.82515
167 A	0.01997	0.14277	0.83726
168 A	0.02323	0.12463	0.85214
169 C	0.03443	0.10114	0.86443
170 C	0.04256	0.08996	0.86748
171 T	0.05076	0.08095	0.86829
172 A	0.05423	0.07707	0.8687
173 A	0.05932	0.07103	0.86965
174 T	0.07588	0.05173	0.8724
175 T	0.08061	0.03912	0.88027
176 T	0.08204	0.02424	0.89372
177 G	0.08204	0.01930	0.89867
178 T	0.08251	0.01623	0.90126
179 T	0.08202	0.01609	0.90189
180 T	0.07923	0.02083	0.89993
181 T	0.07557	0.02338	0.90106
182 T	0.07111	0.02546	0.90343
183 A	0.06776	0.02785	0.90438
184 T	0.06632	0.02844	0.90524
185 C	0.06327	0.03148	0.90525
186 A	0.06004	0.03647	0.9035
187 G	0.05930	0.03812	0.90258
188 T	0.05805	0.03953	0.90243
189 T	0.05565	0.04194	0.90241
190 A	0.05277	0.04486	0.90237
191 T	0.05114	0.04642	0.90245
192 C	0.04770	0.04982	0.90247
193 C	0.04608	0.05156	0.90236
194 A	0.04385	0.05448	0.90167
195 A	0.04332	0.05544	0.90124
196 A	0.04323	0.05565	0.90112
197 T	0.04327	0.05566	0.90106
198 A	0.04276	0.05616	0.90107
199 A	0.04288	0.05548	0.90164
200 T	0.04365	0.05347	0.90287
201 A	0.04417	0.05200	0.90383
202 A	0.04534	0.04898	0.90568
203 T	0.04870	0.04097	0.91033
204 T	0.04935	0.03582	0.91483
205 C	0.04970	0.03077	0.91952
206 A	0.05012	0.02951	0.92037
207 T	0.05058	0.02839	0.92103
208 A	0.05091	0.02690	0.92219
209 T	0.05245	0.02327	0.92428
210 T	0.05315	0.02196	0.92488
211 T	0.05322	0.01987	0.92691
212 T	0.05308	0.01715	0.92977
213 A	0.05290	0.01452	0.93258
214 A	0.05284	0.01270	0.93446
215 C	0.05286	0.00932	0.93782
216 A	0.05295	0.00829	0.93876
217 T	0.05361	0.00610	0.94029
218 T	0.05393	0.00535	0.94072
219 T	0.05394	0.00519	0.94087
220 T	0.05377	0.00530	0.94093
221 G	0.05345	0.00496	0.94159
222 T	0.05330	0.00491	0.9418
223 C	0.05293	0.00524	0.94183
224 A	0.05208	0.00645	0.94147
225 A	0.05151	0.00729	0.94121
226 G	0.05117	0.00812	0.94071
227 G	0.05104	0.00847	0.94049
228 A	0.05117	0.00854	0.94028
229 T	0.05188	0.00764	0.94049
230 T	0.05226	0.00712	0.94062
231 T	0.05252	0.00672	0.94076
232 T	0.05261	0.00655	0.94084
233 C	0.05254	0.00648	0.94098
234 T	0.05246	0.00659	0.94094
235 T	0.05216	0.00701	0.94083
236 T	0.05059	0.00865	0.94076
237 A	0.04762	0.01162	0.94076
238 A	0.04537	0.01388	0.94075
239 A	0.04478	0.01436	0.94086
240 T	0.04441	0.01454	0.94105
241 C	0.04372	0.01505	0.94123
242 A	0.04328	0.01547	0.94125
243 T	0.04308	0.01557	0.94135
244 G	0.04112	0.01755	0.94133
245 A	0.04036	0.01831	0.94133
246 A	0.03993	0.01855	0.94152
247 A	0.04002	0.01763	0.94235
248 A	0.04009	0.01694	0.94297
249 T	0.04055	0.01603	0.94341
250 C	0.04052	0.01582	0.94366
251 A	0.04051	0.01578	0.94371
252 T	0.04048	0.01577	0.94374
253 C	0.04034	0.01588	0.94378
254 A	0.04031	0.01591	0.94378
255 T	0.04035	0.01584	0.94381
256 T	0.04030	0.01569	0.94401
257 A	0.04011	0.01567	0.94422
258 T	0.04010	0.01525	0.94464
259 G	0.03998	0.01322	0.9468
260 G	0.03987	0.01040	0.94973
261 C	0.03978	0.00838	0.95184
262 A	0.03975	0.00824	0.95201
263 T	0.03980	0.00796	0.95224
264 T	0.03978	0.00766	0.95256
265 G	0.03977	0.00748	0.95276
266 A	0.03979	0.00735	0.95286
267 T	0.03993	0.00528	0.95479
268 A	0.03997	0.00451	0.95552
269 T	0.03998	0.00395	0.95607
270 A	0.03990	0.00374	0.95636
271 T	0.03987	0.00345	0.95668
272 T	0.03982	0.00332	0.95687
273 A	0.03970	0.00321	0.95709
274 G	0.03966	0.00304	0.9573
275 T	0.03963	0.00293	0.95744
276 T	0.03956	0.00282	0.95762
277 G	0.03948	0.00279	0.95773
278 T	0.03944	0.00277	0.95779
279 A	0.03938	0.00280	0.95782
280 G	0.03934	0.00268	0.95798
281 T	0.03932	0.00271	0.95797
282 A	0.03930	0.00262	0.95808
283 A	0.03930	0.00248	0.95823
284 G	0.03933	0.00228	0.95838
285 T	0.03957	0.00193	0.9585
286 T	0.03969	0.00176	0.95855
287 C	0.03978	0.00159	0.95863
288 T	0.03986	0.00148	0.95866
289 A	0.03989	0.00145	0.95867
290 T	0.03992	0.00141	0.95868
291 T	0.03996	0.00135	0.95869
292 G	0.03997	0.00133	0.9587
293 T	0.04000	0.00121	0.95879
294 T	0.03988	0.00134	0.95878
295 T	0.03953	0.00174	0.95872
296 T	0.03857	0.00277	0.95866
297 A	0.03639	0.00515	0.95846
298 G	0.03509	0.00655	0.95835
299 G	0.03442	0.00729	0.9583
300 G	0.03412	0.00771	0.95817
301 G	0.03409	0.00797	0.95795
302 A	0.03413	0.00807	0.9578
303 A	0.03416	0.00808	0.95775
304 T	0.03430	0.00796	0.95774
305 T	0.03434	0.00794	0.95772
306 A	0.03432	0.00796	0.95772
307 G	0.03432	0.00795	0.95772
308 T	0.03433	0.00794	0.95773
309 T	0.03433	0.00793	0.95774
310 C	0.03432	0.00793	0.95775
311 C	0.03431	0.00794	0.95775
312 T	0.03431	0.00795	0.95774
313 A	0.03430	0.00797	0.95773
314 A	0.03429	0.00799	0.95772
315 A	0.03431	0.00798	0.95771
316 A	0.03434	0.00791	0.95774
317 G	0.03442	0.00741	0.95817
318 A	0.03458	0.00673	0.95869
319 A	0.03478	0.00540	0.95983
320 T	0.03510	0.00307	0.96183
321 T	0.03528	0.00179	0.96294
322 G	0.03539	0.00118	0.96342
323 C	0.03557	0.00082	0.96361
324 T	0.03579	0.00079	0.96341
325 T	0.03591	0.00072	0.96338
326 T	0.03595	0.00071	0.96334
327 A	0.03594	0.00074	0.96331
328 G	0.03596	0.00078	0.96327
329 C	0.03596	0.00082	0.96322
330 T	0.03594	0.00085	0.96321
331 T	0.03590	0.00089	0.96321
332 T	0.03584	0.00095	0.96321
333 T	0.03569	0.00108	0.96322
334 C	0.03551	0.00126	0.96323
335 C	0.03541	0.00135	0.96324
336 A	0.03532	0.00143	0.96325
337 C	0.03529	0.00145	0.96325
338 T	0.03526	0.00148	0.96325
339 T	0.03514	0.00161	0.96325
340 C	0.03485	0.00190	0.96325
341 A	0.03470	0.00205	0.96325
342 A	0.03460	0.00215	0.96325
343 A	0.03455	0.00219	0.96326
344 C	0.03456	0.00218	0.96326
345 T	0.03460	0.00214	0.96326
346 G	0.03463	0.00209	0.96328
347 C	0.03484	0.00187	0.96329
348 T	0.03491	0.00180	0.96329
349 T	0.03494	0.00177	0.96329
350 A	0.03495	0.00173	0.96331
351 T	0.03500	0.00167	0.96333
352 T	0.03504	0.00161	0.96335
353 T	0.03504	0.00155	0.96341
354 T	0.03500	0.00152	0.96348
355 T	0.03495	0.00150	0.96355
356 T	0.03490	0.00144	0.96366
357 T	0.03478	0.00143	0.96379
358 A	0.03457	0.00160	0.96383
359 T	0.03450	0.00158	0.96392
360 T	0.03440	0.00163	0.96397
361 A	0.03428	0.00171	0.964
362 A	0.03425	0.00163	0.96412
363 T	0.03424	0.00140	0.96436
364 A	0.03423	0.00128	0.96449
365 T	0.03423	0.00118	0.96459
366 T	0.03421	0.00116	0.96462
367 T	0.03420	0.00117	0.96463
368 T	0.03418	0.00121	0.96461
369 T	0.03414	0.00134	0.96452
370 A	0.03406	0.00160	0.96434
371 A	0.03398	0.00187	0.96414
372 T	0.03390	0.00215	0.96395
373 A	0.03385	0.00248	0.96368
374 T	0.03384	0.00259	0.96358
375 A	0.03382	0.00268	0.9635
376 A	0.03382	0.00269	0.96349
377 T	0.03384	0.00261	0.96354
378 T	0.03383	0.00255	0.96362
379 T	0.03381	0.00251	0.96368
380 G	0.03378	0.00246	0.96376
381 T	0.03379	0.00233	0.96388
382 T	0.03377	0.00231	0.96391
383 T	0.03374	0.00230	0.96396
384 T	0.03367	0.00233	0.964
385 T	0.03359	0.00239	0.96402
386 T	0.03346	0.00252	0.96402
387 A	0.03322	0.00275	0.96403
388 A	0.03311	0.00286	0.96403
389 C	0.03306	0.00288	0.96406
390 A	0.03304	0.00289	0.96407
391 A	0.03303	0.00289	0.96408
392 A	0.03312	0.00275	0.96413
393 A	0.03332	0.00248	0.9642
394 C	0.03354	0.00217	0.96428
395 C	0.03378	0.00184	0.96438
396 T	0.03408	0.00150	0.96442
397 T	0.03418	0.00139	0.96443
398 T	0.03423	0.00134	0.96444
399 T	0.03423	0.00134	0.96444
400 G	0.03421	0.00137	0.96443
401 T	0.03423	0.00129	0.96447
402 T	0.03421	0.00134	0.96445
403 T	0.03413	0.00153	0.96434
404 T	0.03403	0.00171	0.96426
405 T	0.03388	0.00192	0.9642
406 A	0.03365	0.00226	0.96409
407 T	0.03353	0.00239	0.96408
408 T	0.03318	0.00285	0.96397
409 T	0.03282	0.00332	0.96387
410 T	0.03245	0.00379	0.96376
411 T	0.03167	0.00456	0.96378
412 A	0.03046	0.00577	0.96377
413 A	0.02956	0.00667	0.96377
414 T	0.02925	0.00696	0.96378
415 C	0.02891	0.00730	0.96379
416 A	0.02865	0.00760	0.96375
417 A	0.02845	0.00784	0.96371
418 A	0.02835	0.00795	0.9637
419 T	0.02831	0.00800	0.96369
420 A	0.02827	0.00805	0.96367
421 A	0.02826	0.00805	0.96368
422 G	0.02827	0.00801	0.96372
423 T	0.02831	0.00794	0.96376
424 A	0.02833	0.00791	0.96376
425 A	0.02845	0.00774	0.96381
426 T	0.02871	0.00735	0.96394
427 T	0.02886	0.00709	0.96405
428 T	0.02894	0.00690	0.96416
429 A	0.02902	0.00670	0.96429
430 A	0.02913	0.00634	0.96453
431 T	0.02932	0.00547	0.96521
432 T	0.02949	0.00478	0.96573
433 T	0.02967	0.00428	0.96606
434 T	0.02969	0.00378	0.96654
435 A	0.02961	0.00327	0.96713
436 T	0.02959	0.00274	0.96767
437 T	0.02951	0.00274	0.96775
438 T	0.02917	0.00289	0.96793
439 A	0.02883	0.00313	0.96804
440 T	0.02873	0.00310	0.96817
441 A	0.02837	0.00346	0.96817
442 C	0.02810	0.00375	0.96816
443 T	0.02780	0.00430	0.9679
444 A	0.02707	0.00578	0.96715
445 A	0.02552	0.00828	0.9662
446 G	0.02421	0.00972	0.96607
447 A	0.02353	0.01056	0.96591
448 A	0.02301	0.01126	0.96573
449 T	0.02287	0.01143	0.9657
450 C	0.02232	0.01206	0.96562
451 G	0.02203	0.01237	0.96561
452 A	0.02196	0.01244	0.9656
453 T	0.02196	0.01245	0.9656
454 A	0.02185	0.01255	0.9656
455 C	0.02186	0.01254	0.9656
456 T	0.02193	0.01245	0.96562
457 A	0.02180	0.01257	0.96563
458 G	0.02184	0.01242	0.96574
459 T	0.02198	0.01221	0.96581
460 G	0.02188	0.01225	0.96587
461 T	0.02169	0.01205	0.96625
462 C	0.02110	0.01233	0.96658
463 A	0.02031	0.01327	0.96642
464 A	0.01981	0.01369	0.96649
465 A	0.01959	0.01391	0.9665
466 A	0.01950	0.01398	0.96652
467 A	0.02005	0.01313	0.96682
468 A	0.02085	0.01074	0.96841
469 G	0.02098	0.00918	0.96984
470 A	0.02116	0.00839	0.97045
471 T	0.02136	0.00780	0.97084
472 A	0.02136	0.00794	0.97071
473 T	0.02137	0.00779	0.97084
474 T	0.02125	0.00791	0.97084
475 G	0.02109	0.00819	0.97072
476 T	0.02101	0.00847	0.97051
477 A	0.02088	0.00888	0.97024
478 G	0.02079	0.00903	0.97018
479 A	0.02070	0.00919	0.97011
480 T	0.02069	0.00903	0.97028
481 G	0.02064	0.00900	0.97037
482 A	0.02063	0.00916	0.9702
483 A	0.02063	0.00919	0.97018
484 G	0.02068	0.00895	0.97037
485 A	0.02074	0.00841	0.97085
486 T	0.02098	0.00743	0.97158
487 G	0.02110	0.00691	0.97199
488 A	0.02125	0.00656	0.97219
489 G	0.02147	0.00610	0.97243
490 T	0.02172	0.00574	0.97253
491 T	0.02184	0.00558	0.97258
492 A	0.02190	0.00550	0.9726
493 A	0.02207	0.00531	0.97262
494 G	0.02236	0.00495	0.97268
495 A	0.02280	0.00443	0.97277
496 T	0.02349	0.00363	0.97287
497 T	0.02398	0.00309	0.97292
498 T	0.02425	0.00287	0.97287
499 T	0.02442	0.00295	0.97262
500 T	0.02447	0.00308	0.97245
501 A	0.02439	0.00343	0.97218
502 T	0.02447	0.00331	0.97221
503 T	0.02449	0.00331	0.9722
504 G	0.02435	0.00349	0.97215
505 A	0.02449	0.00336	0.97215
506 C	0.02473	0.00310	0.97217
507 T	0.02489	0.00296	0.97215
508 T	0.02498	0.00286	0.97215
509 C	0.02500	0.00284	0.97215
510 T	0.02507	0.00278	0.97215
511 T	0.02509	0.00278	0.97214
512 C	0.02506	0.00281	0.97213
513 T	0.02505	0.00285	0.9721
514 T	0.02490	0.00306	0.97205
515 A	0.02469	0.00331	0.972
516 T	0.02453	0.00351	0.97195
517 A	0.02428	0.00378	0.97194
518 A	0.02425	0.00380	0.97194
519 A	0.02428	0.00376	0.97196
520 A	0.02441	0.00358	0.97201
521 C	0.02464	0.00324	0.97212
522 T	0.02496	0.00291	0.97214
523 G	0.02493	0.00298	0.97208
524 G	0.02507	0.00299	0.97193
525 T	0.02507	0.00332	0.97162
526 G	0.02494	0.00401	0.97105
527 T	0.02497	0.00425	0.97079
528 T	0.02480	0.00504	0.97016
529 A	0.02451	0.00600	0.96949
530 T	0.02436	0.00664	0.96901
531 T	0.02394	0.00801	0.96805
532 A	0.02310	0.01008	0.96682
533 A	0.02273	0.01055	0.96673
534 T	0.02254	0.01078	0.96669
535 A	0.02189	0.01152	0.96659
536 A	0.02146	0.01188	0.96666
537 C	0.02099	0.01212	0.96689
538 A	0.02044	0.01273	0.96683
539 G	0.01921	0.01396	0.96683
540 C	0.01843	0.01489	0.96668
541 G	0.01781	0.01613	0.96606
542 A	0.01744	0.01691	0.96565
543 A	0.01722	0.01733	0.96545
544 A	0.01710	0.01754	0.96536
545 A	0.01712	0.01754	0.96535
546 A	0.01729	0.01712	0.96558
547 G	0.01758	0.01668	0.96574
548 A	0.01806	0.01610	0.96583
549 T	0.01887	0.01507	0.96605
550 A	0.01933	0.01450	0.96617
551 T	0.02008	0.01350	0.96642
552 G	0.02058	0.01266	0.96675
553 A	0.02096	0.01205	0.96699
554 T	0.02179	0.01071	0.9675
555 T	0.02270	0.00901	0.96829
556 C	0.02268	0.00867	0.96865
557 A	0.02263	0.00866	0.96872
558 A	0.02265	0.00830	0.96905
559 A	0.02266	0.00797	0.96936
560 A	0.02273	0.00749	0.96978
561 T	0.02316	0.00654	0.9703
562 G	0.02345	0.00480	0.97175
563 T	0.02396	0.00348	0.97257
564 T	0.02450	0.00241	0.9731
565 T	0.02467	0.00197	0.97336
566 T	0.02466	0.00186	0.97348
567 T	0.02459	0.00189	0.97351
568 G	0.02455	0.00196	0.9735
569 A	0.02452	0.00207	0.97341
570 T	0.02452	0.00210	0.97338
571 T	0.02450	0.00235	0.97315
572 T	0.02448	0.00259	0.97294
573 T	0.02414	0.00324	0.97262
574 G	0.02363	0.00394	0.97244
575 A	0.02341	0.00427	0.97233
576 T	0.02327	0.00451	0.97221
577 G	0.02313	0.00464	0.97223
578 G	0.02307	0.00467	0.97226
579 A	0.02304	0.00463	0.97233
580 A	0.02308	0.00447	0.97245
581 C	0.02314	0.00430	0.97256
582 G	0.02320	0.00428	0.97252
583 T	0.02327	0.00430	0.97243
584 T	0.02329	0.00435	0.97237
585 A	0.02331	0.00444	0.97225
586 G	0.02337	0.00439	0.97224
587 T	0.02351	0.00423	0.97226
588 T	0.02355	0.00416	0.97229
589 T	0.02357	0.00413	0.9723
590 C	0.02350	0.00429	0.97222
591 A	0.02345	0.00506	0.97149
592 G	0.02349	0.00603	0.97048
593 A	0.02351	0.00780	0.96869
594 T	0.02366	0.00988	0.96646
595 A	0.02367	0.01142	0.96491
596 T	0.02391	0.01147	0.96461
597 T	0.02350	0.01265	0.96385
598 A	0.02250	0.01434	0.96315
599 T	0.02222	0.01526	0.96251
600 G	0.02164	0.01605	0.96232
601 A	0.02141	0.01683	0.96176
602 G	0.02134	0.01711	0.96155
603 A	0.02130	0.01759	0.9611
604 C	0.02124	0.01787	0.96089
605 A	0.02120	0.01846	0.96034
606 T	0.02087	0.01939	0.95974
607 A	0.02004	0.02041	0.95955
608 G	0.01970	0.02084	0.95946
609 A	0.01951	0.02109	0.95941
610 A	0.01947	0.02116	0.95937
611 C	0.01950	0.02107	0.95943
612 A	0.01960	0.02102	0.95937
613 G	0.01986	0.02075	0.95939
614 A	0.02064	0.02000	0.95935
615 A	0.02175	0.01895	0.95931
616 A	0.02368	0.01701	0.95931
617 T	0.02653	0.01383	0.95964
618 T	0.02798	0.01193	0.9601
619 A	0.02847	0.01114	0.96039
620 T	0.02941	0.00950	0.96109
621 C	0.02983	0.00811	0.96205
622 G	0.03025	0.00750	0.96226
623 C	0.03050	0.00693	0.96257
624 T	0.03105	0.00653	0.96243
625 A	0.03089	0.00717	0.96194
626 T	0.03094	0.00752	0.96154
627 T	0.03058	0.00850	0.96091
628 A	0.02904	0.01017	0.96079
629 A	0.02886	0.00993	0.9612
630 T	0.02866	0.00932	0.96201
631 T	0.02816	0.00951	0.96233
632 C	0.02743	0.01017	0.9624
633 T	0.02647	0.01159	0.96195
634 A	0.02528	0.01339	0.96133
635 A	0.02449	0.01472	0.96078
636 T	0.02396	0.01572	0.96032
637 A	0.02252	0.01827	0.95921
638 T	0.02200	0.01990	0.9581
639 T	0.02126	0.02188	0.95686
640 A	0.01999	0.02412	0.95589
641 G	0.01935	0.02515	0.95551
642 T	0.01893	0.02599	0.95508
643 A	0.01830	0.02708	0.95462
644 A	0.01798	0.02754	0.95449
645 A	0.01782	0.02766	0.95452
646 A	0.01782	0.02756	0.95462
647 A	0.01804	0.02715	0.9548
648 A	0.01855	0.02611	0.95534
649 G	0.01897	0.02498	0.95604
650 A	0.01964	0.02372	0.95664
651 T	0.01996	0.02163	0.95841
652 A	0.02014	0.02093	0.95893
653 T	0.02043	0.02008	0.95948
654 T	0.02062	0.01929	0.96009
655 A	0.02067	0.01913	0.96021
656 T	0.02097	0.01846	0.96057
657 A	0.02127	0.01790	0.96083
658 G	0.02168	0.01726	0.96106
659 A	0.02221	0.01658	0.96121
660 A	0.02362	0.01411	0.96227
661 T	0.02529	0.01192	0.96279
662 T	0.02665	0.01042	0.96293
663 T	0.02743	0.01061	0.96196
664 A	0.02759	0.01112	0.96129
665 T	0.02786	0.01243	0.95971
666 T	0.02771	0.01238	0.9599
667 T	0.02723	0.01280	0.95997
668 C	0.02659	0.01345	0.95996
669 T	0.02615	0.01431	0.95955
670 C	0.02559	0.01534	0.95907
671 G	0.02512	0.01670	0.95818
672 T	0.02491	0.01809	0.957
673 G	0.02462	0.01913	0.95625
674 A	0.02439	0.02006	0.95555
675 A	0.02417	0.02062	0.95521
676 A	0.02407	0.02093	0.955
677 A	0.02418	0.02088	0.95494
678 A	0.02481	0.02021	0.95498
679 T	0.02563	0.01928	0.95508
680 A	0.02619	0.01863	0.95518
681 T	0.02683	0.01792	0.95526
682 A	0.02694	0.01784	0.95523
683 C	0.02718	0.01759	0.95523
684 A	0.02727	0.01772	0.95501
685 A	0.02777	0.01743	0.95481
686 G	0.02941	0.01583	0.95477
687 A	0.03077	0.01441	0.95481
688 T	0.03323	0.01184	0.95494
689 T	0.03394	0.01034	0.95571
690 T	0.03430	0.00902	0.95668
691 C	0.03447	0.00802	0.95752
692 C	0.03483	0.00731	0.95787
693 T	0.03525	0.00675	0.95799
694 G	0.03582	0.00624	0.95793
695 T	0.03681	0.00569	0.95749
696 T	0.03703	0.00608	0.95689
697 T	0.03616	0.00743	0.95641
698 A	0.03267	0.01173	0.9556
699 T	0.02936	0.01563	0.955
700 G	0.02441	0.02115	0.95444
701 A	0.02220	0.02387	0.95392
702 A	0.02087	0.02574	0.95339
703 G	0.02016	0.02718	0.95266
704 A	0.01983	0.02856	0.95161
705 G	0.01952	0.02892	0.95156
706 A	0.01944	0.02906	0.9515
707 A	0.01959	0.02884	0.95157
708 T	0.01980	0.02859	0.95161
709 C	0.01982	0.02857	0.95161
710 T	0.01982	0.02877	0.95141
711 T	0.01977	0.02904	0.9512
712 G	0.01962	0.02961	0.95076
713 A	0.01952	0.02999	0.9505
714 T	0.01946	0.03030	0.95025
715 A	0.01937	0.03054	0.95009
716 A	0.01924	0.03072	0.95004
717 A	0.01926	0.03058	0.95015
718 A	0.01983	0.02968	0.95049
719 T	0.02063	0.02813	0.95124
720 A	0.02113	0.02638	0.95249
721 A	0.02194	0.02255	0.95551
722 T	0.02269	0.01834	0.95898
723 T	0.02253	0.01466	0.96281
724 G	0.02157	0.01447	0.96396
725 G	0.02161	0.01408	0.96431
726 A	0.02217	0.01367	0.96416
727 A	0.02302	0.01277	0.96422
728 T	0.02334	0.01214	0.96452
729 T	0.02339	0.01191	0.9647
730 G	0.02197	0.01328	0.96474
731 T	0.02091	0.01440	0.96469
732 A	0.01901	0.01655	0.96444
733 C	0.01825	0.01770	0.96406
734 A	0.01797	0.01944	0.96259
735 T	0.01815	0.01987	0.96198
736 G	0.01786	0.02064	0.96151
737 T	0.01768	0.02150	0.96081
738 T	0.01710	0.02239	0.9605
739 A	0.01615	0.02341	0.96045
740 A	0.01583	0.02370	0.96047
741 A	0.01553	0.02401	0.96046
742 G	0.01552	0.02396	0.96053
743 A	0.01588	0.02328	0.96084
744 T	0.01673	0.02206	0.96121
745 A	0.01721	0.02136	0.96143
746 T	0.01794	0.02006	0.962
747 C	0.01812	0.01877	0.96311
748 T	0.01839	0.01855	0.96306
749 T	0.01836	0.01861	0.96302
750 T	0.01785	0.01945	0.9627
751 A	0.01602	0.02172	0.96225
752 A	0.01421	0.02373	0.96207
753 A	0.01387	0.02255	0.96359
754 G	0.01374	0.02128	0.96497
755 G	0.01397	0.01957	0.96646
756 G	0.01479	0.01860	0.9666
757 T	0.01675	0.01720	0.96605
758 T	0.01738	0.01875	0.96386
759 A	0.01745	0.02213	0.96043
760 T	0.01754	0.02472	0.95774
761 T	0.01707	0.03244	0.9505
762 A	0.01575	0.04303	0.94123
763 G	0.01427	0.05349	0.93225
764 A	0.01358	0.06013	0.92628
765 A	0.01315	0.06284	0.92401
766 G	0.01295	0.06454	0.92251
767 T	0.01296	0.06564	0.9214
768 A	0.01278	0.06689	0.92032
769 G	0.01276	0.06753	0.91971
770 A	0.01289	0.06843	0.91868
771 T	0.01330	0.06803	0.91867
772 A	0.01337	0.06819	0.91844
773 A	0.01358	0.06755	0.91887
774 A	0.01335	0.06623	0.92041
775 C	0.01279	0.06532	0.92189
776 A	0.01172	0.06762	0.92067
777 G	0.01046	0.07030	0.91924
778 A	0.01017	0.07509	0.91474
779 A	0.01024	0.07826	0.91149
780 A	0.01107	0.07954	0.90939
781 A	0.01362	0.07919	0.9072
782 A	0.01766	0.07729	0.90505
783 A	0.02109	0.07689	0.90202
784 A	0.03009	0.06823	0.90167
785 A	0.03976	0.05783	0.90241
786 T	0.04994	0.04619	0.90387
787 T	0.05355	0.04174	0.9047
788 C	0.05226	0.04244	0.9053
789 T	0.05118	0.04345	0.90537
790 C	0.04563	0.04904	0.90533
791 C	0.04212	0.05268	0.90519
792 A	0.03825	0.05728	0.90447
793 A	0.03674	0.05930	0.90396
794 A	0.03588	0.06056	0.90356
795 T	0.03521	0.06165	0.90314
796 A	0.03133	0.06611	0.90255
797 A	0.02924	0.06812	0.90264
798 A	0.02896	0.06749	0.90355
799 G	0.02992	0.06537	0.90471
800 A	0.03143	0.06286	0.90571
801 A	0.03606	0.05760	0.90634
802 C	0.03935	0.05355	0.9071
803 A	0.04131	0.05157	0.90712
804 A	0.04370	0.04905	0.90726
805 A	0.04615	0.04627	0.90758
806 A	0.04960	0.04259	0.90781
807 T	0.05108	0.04084	0.90808
808 T	0.05174	0.03801	0.91025
809 T	0.05188	0.03590	0.91222
810 T	0.05186	0.03282	0.91532
811 G	0.05172	0.03068	0.9176
812 A	0.05113	0.03170	0.91717
813 T	0.05110	0.03023	0.91867
814 A	0.05113	0.03270	0.91617
815 T	0.05176	0.03062	0.91762
816 T	0.05210	0.02873	0.91917
817 A	0.05199	0.02879	0.91922
818 A	0.05182	0.02806	0.92012
819 G	0.05190	0.02440	0.9237
820 C	0.05221	0.02243	0.92535
821 A	0.05217	0.02243	0.9254
822 A	0.05244	0.02238	0.92518
823 T	0.05319	0.02162	0.92519
824 T	0.05346	0.02140	0.92514
825 T	0.05351	0.02132	0.92517
826 T	0.05353	0.02113	0.92535
827 T	0.05348	0.02113	0.92539
828 A	0.05336	0.02125	0.92538
829 C	0.05331	0.02133	0.92537
830 G	0.05321	0.02157	0.92522
831 T	0.05334	0.02145	0.92521
832 A	0.05339	0.02139	0.92522
833 A	0.05377	0.02095	0.92528
834 A	0.05487	0.01970	0.92543
835 C	0.05727	0.01636	0.92636
836 C	0.05967	0.01370	0.92662
837 T	0.06486	0.00845	0.92669
838 T	0.06665	0.00673	0.92661
839 A	0.06696	0.00646	0.92658
840 T	0.06767	0.00564	0.92668
841 T	0.06772	0.00519	0.92709
842 T	0.06755	0.00481	0.92764
843 T	0.06635	0.00591	0.92774
844 G	0.06527	0.00726	0.92747
845 T	0.06505	0.00762	0.92733
846 T	0.06412	0.00903	0.92684
847 A	0.06150	0.01332	0.92518
848 T	0.05913	0.01719	0.92368
849 T	0.05634	0.02177	0.92189
850 G	0.05388	0.02547	0.92065
851 A	0.05239	0.02725	0.92036
852 A	0.05194	0.02763	0.92044
853 T	0.05183	0.02759	0.92057
854 T	0.05145	0.02790	0.92065
855 C	0.05049	0.02876	0.92075
856 C	0.04963	0.02964	0.92073
857 A	0.04911	0.03034	0.92056
858 G	0.04890	0.03074	0.92037
859 A	0.04882	0.03113	0.92006
860 A	0.04883	0.03138	0.91978
861 T	0.04892	0.03151	0.91958
862 A	0.04891	0.03147	0.91962
863 T	0.04900	0.03095	0.92005
864 T	0.04903	0.03054	0.92043
865 A	0.04902	0.03025	0.92073
866 G	0.04924	0.02875	0.92202
867 T	0.04995	0.02674	0.92332
868 G	0.05016	0.02579	0.92405
869 A	0.05066	0.02478	0.92456
870 A	0.05236	0.02122	0.92642
871 T	0.05409	0.01748	0.92843
872 T	0.05571	0.01417	0.93011
873 A	0.05645	0.01329	0.93027
874 T	0.05665	0.01371	0.92963
875 T	0.05640	0.01708	0.92652
876 T	0.05561	0.02334	0.92105
877 A	0.05273	0.03313	0.91414
878 A	0.04675	0.04201	0.91124
879 A	0.04447	0.04690	0.90863
880 G	0.04306	0.05091	0.90603
881 A	0.04198	0.05370	0.90432
882 A	0.04137	0.05452	0.90411
883 A	0.04115	0.05486	0.90398
884 T	0.04045	0.05552	0.90403
885 G	0.03964	0.05631	0.90405
886 C	0.03965	0.05643	0.90392
887 A	0.03969	0.05698	0.90333
888 A	0.03983	0.05760	0.90257
889 T	0.04009	0.05776	0.90215
890 T	0.04011	0.05821	0.90168
891 G	0.03876	0.05973	0.90152
892 A	0.03810	0.06048	0.90142
893 A	0.03780	0.06079	0.90141
894 A	0.03779	0.06082	0.9014
895 C	0.03863	0.05982	0.90155
896 A	0.04075	0.05765	0.9016
897 A	0.04383	0.05438	0.90179
898 A	0.04799	0.04981	0.9022
899 A	0.05412	0.04284	0.90304
900 T	0.06093	0.03358	0.9055
901 C	0.06374	0.02420	0.91205
902 A	0.06624	0.01985	0.91392
903 T	0.06892	0.01568	0.9154
904 A	0.06984	0.01387	0.91629
905 T	0.07012	0.01277	0.91711
906 T	0.07018	0.01231	0.9175
907 G	0.07007	0.01115	0.91878
908 C	0.07007	0.01013	0.9198
909 G	0.07015	0.01060	0.91925
910 A	0.07044	0.01290	0.91666
911 T	0.07119	0.01323	0.91558
912 A	0.07139	0.01464	0.91397
913 G	0.07179	0.01527	0.91294
914 T	0.07201	0.01447	0.91352
915 T	0.07209	0.01480	0.91311
916 G	0.07202	0.01532	0.91266
917 T	0.07203	0.01584	0.91213
918 A	0.07176	0.01693	0.91132
919 G	0.07149	0.01836	0.91015
920 A	0.07132	0.01967	0.90901
921 T	0.07102	0.02084	0.90814
922 G	0.07045	0.02228	0.90727
923 A	0.07017	0.02266	0.90717
924 A	0.06995	0.02286	0.90719
925 T	0.06988	0.02278	0.90734
926 A	0.06963	0.02295	0.90741
927 C	0.06935	0.02297	0.90768
928 G	0.06926	0.02317	0.90757
929 G	0.06924	0.02308	0.90768
930 A	0.06927	0.02297	0.90776
931 G	0.06946	0.02265	0.90789
932 G	0.07029	0.02170	0.90802
933 C	0.07295	0.01870	0.90836
934 A	0.07447	0.01710	0.90843
935 C	0.07674	0.01458	0.90867
936 T	0.07867	0.01268	0.90865
937 T	0.07928	0.01211	0.90861
938 C	0.07944	0.01195	0.90861
939 T	0.07933	0.01219	0.90848
940 G	0.07903	0.01260	0.90837
941 G	0.07930	0.01221	0.90849
942 T	0.08032	0.01108	0.9086
943 A	0.08071	0.01068	0.90861
944 T	0.08118	0.00983	0.90899
945 T	0.08095	0.00966	0.9094
946 G	0.07933	0.01104	0.90963
947 T	0.07837	0.01191	0.90972
948 A	0.07693	0.01348	0.9096
949 A	0.07603	0.01459	0.90938
950 C	0.07516	0.01550	0.90934
951 T	0.07343	0.01837	0.9082
952 A	0.06962	0.02316	0.90723
953 T	0.06722	0.02609	0.90669
954 A	0.06260	0.03116	0.90624
955 G	0.06037	0.03356	0.90607
956 A	0.05900	0.03502	0.90598
957 A	0.05808	0.03591	0.90601
958 G	0.05779	0.03615	0.90606
959 A	0.05777	0.03612	0.90611
960 T	0.05788	0.03558	0.90654
961 G	0.05781	0.03545	0.90674
962 T	0.05796	0.03521	0.90683
963 T	0.05766	0.03578	0.90656
964 A	0.05719	0.03658	0.90623
965 T	0.05713	0.03651	0.90636
966 T	0.05674	0.03676	0.9065
967 G	0.05570	0.03831	0.90599
968 A	0.05471	0.04074	0.90455
969 A	0.05398	0.04361	0.90241
970 G	0.05243	0.04787	0.8997
971 A	0.05213	0.04942	0.89845
972 A	0.05254	0.04972	0.89774
973 A	0.05299	0.04935	0.89766
974 T	0.05435	0.04630	0.89935
975 T	0.05513	0.04276	0.90211
976 T	0.05517	0.04237	0.90246
977 T	0.05481	0.04106	0.90413
978 A	0.05336	0.04282	0.90383
979 G	0.05223	0.04404	0.90373
980 G	0.05163	0.04481	0.90356
981 T	0.05122	0.04604	0.90273
982 G	0.05041	0.04821	0.90137
983 A	0.04990	0.04908	0.90103
984 A	0.04954	0.04959	0.90087
985 A	0.04940	0.04985	0.90076
986 T	0.04940	0.04953	0.90107
987 C	0.04811	0.05081	0.90109
988 G	0.04660	0.05765	0.89575
989 A	0.04621	0.06226	0.89152
990 A	0.04588	0.06454	0.88958
991 G	0.04600	0.06576	0.88823
992 A	0.04885	0.06384	0.88732
993 T	0.05276	0.05936	0.88788
994 G	0.05287	0.06169	0.88544
995 A	0.05307	0.06613	0.8808
996 A	0.05292	0.07219	0.8749
997 T	0.05385	0.07424	0.87191
998 A	0.05310	0.07722	0.86968
999 T	0.05399	0.07693	0.86908
1000 G	0.05263	0.07878	0.86859
1001 A	0.05149	0.08011	0.8684
1002 T	0.04928	0.08264	0.86808
1003 A	0.04077	0.09333	0.8659
1004 A	0.03252	0.10389	0.86359
1005 A	0.02365	0.11571	0.86064
1006 A	0.01896	0.12105	0.85999
1007 A	0.01669	0.12306	0.86025
1008 A	0.01578	0.12341	0.86081
1009 A	0.01615	0.12207	0.86177
1010 A	0.01745	0.11909	0.86346
1011 T	0.02344	0.11114	0.86542
1012 A	0.02694	0.10679	0.86627
1013 A	0.02914	0.10328	0.86758
1014 T	0.03091	0.09942	0.86966
1015 G	0.03091	0.09863	0.87046
1016 A	0.03105	0.09843	0.87052
1017 A	0.03378	0.09475	0.87147
1018 A	0.03879	0.08909	0.87212
1019 T	0.04609	0.08065	0.87326
1020 T	0.04997	0.07525	0.87478
1021 T	0.05123	0.07275	0.87602
1022 T	0.05069	0.07285	0.87647
1023 A	0.04737	0.07663	0.876
1024 A	0.04635	0.07659	0.87706
1025 A	0.04666	0.07377	0.87957
1026 A	0.04889	0.06434	0.88677
1027 A	0.05112	0.05312	0.89576
1028 T	0.05473	0.03999	0.90528
1029 T	0.05378	0.03649	0.90973
1030 T	0.04881	0.03955	0.91165
1031 C	0.04049	0.04740	0.91211
1032 A	0.03401	0.05737	0.90862
1033 G	0.03170	0.06346	0.90483
1034 A	0.02949	0.07257	0.89794
1035 T	0.02823	0.08330	0.88846
1036 A	0.02677	0.09583	0.87741
1037 A	0.02564	0.10447	0.86989
1038 A	0.02490	0.10929	0.8658
1039 G	0.02513	0.11199	0.86288
1040 A	0.02586	0.11249	0.86165
1041 G	0.02719	0.11204	0.86077
1042 T	0.02884	0.11222	0.85893
1043 A	0.02956	0.11197	0.85847
1044 C	0.03057	0.11014	0.8593
1045 A	0.03156	0.10967	0.85877
1046 T	0.03306	0.10671	0.86024
1047 A	0.03322	0.10650	0.86028
1048 A	0.03390	0.10574	0.86036
1049 T	0.03478	0.10488	0.86034
1050 A	0.03445	0.10446	0.86109
1051 A	0.03417	0.10388	0.86195
1052 G	0.03315	0.10203	0.86481
1053 A	0.03298	0.09855	0.86847
1054 G	0.03321	0.09110	0.87568
1055 G	0.03613	0.08406	0.87981
1056 A	0.04029	0.08092	0.8788
1057 A	0.04775	0.07199	0.88026
1058 C	0.05828	0.06024	0.88147
1059 G	0.06750	0.05039	0.88211
1060 A	0.07275	0.04549	0.88177
1061 C	0.07516	0.04339	0.88146
1062 A	0.07852	0.04419	0.87729
1063 C	0.08038	0.04781	0.87181
1064 A	0.08270	0.05225	0.86505
1065 T	0.08599	0.04940	0.86461
1066 T	0.08670	0.04928	0.86403
1067 T	0.08413	0.05178	0.8641
1068 A	0.07528	0.06073	0.864
1069 C	0.06522	0.07020	0.86458
1070 A	0.05037	0.08577	0.86386
1071 C	0.04247	0.09479	0.86274
1072 G	0.04001	0.09839	0.86159
1073 A	0.03929	0.09993	0.86078
1074 A	0.03909	0.10064	0.86027
1075 A	0.03920	0.09993	0.86087
1076 C	0.04010	0.09863	0.86126
1077 A	0.03983	0.09869	0.86148
1078 G	0.04095	0.09730	0.86175
1079 A	0.04292	0.09532	0.86177
1080 A	0.04360	0.09410	0.8623
1081 G	0.04456	0.09277	0.86267
1082 A	0.04577	0.09012	0.86411
1083 A	0.04792	0.08624	0.86584
1084 C	0.05068	0.08088	0.86844
1085 A	0.05531	0.07576	0.86893
1086 T	0.06141	0.06915	0.86945
1087 T	0.06560	0.06527	0.86913
1088 T	0.06547	0.06641	0.86812
1089 A	0.06313	0.07078	0.86609
1090 A	0.06022	0.07041	0.86937
1091 A	0.05865	0.06275	0.8786
1092 A	0.05760	0.05243	0.88996
1093 G	0.05772	0.03666	0.90562
1094 C	0.05920	0.02806	0.91274
1095 T	0.06041	0.02711	0.91247
1096 G	0.06044	0.03169	0.90788
1097 A	0.06032	0.03603	0.90366
1098 T	0.06044	0.03605	0.90351
1099 T	0.06031	0.03609	0.90359
1100 T	0.06020	0.03547	0.90432
1101 A	0.05977	0.03567	0.90456
1102 C	0.05963	0.03524	0.90514
1103 C	0.05930	0.03553	0.90518
1104 T	0.05699	0.03809	0.90492
1105 A	0.05167	0.04452	0.90381
1106 C	0.04833	0.04845	0.90322
1107 A	0.04508	0.05513	0.89979
1108 G	0.04380	0.05873	0.89747
1109 A	0.04360	0.05971	0.89668
1110 A	0.04434	0.05913	0.89653
1111 G	0.04565	0.05757	0.89678
1112 A	0.04785	0.05301	0.89913
1113 T	0.04880	0.04909	0.90211
1114 T	0.04941	0.04684	0.90375
1115 A	0.04987	0.04524	0.9049
1116 T	0.05066	0.04336	0.90599
1117 G	0.05104	0.04252	0.90645
1118 A	0.05212	0.04110	0.90679
1119 T	0.05667	0.03572	0.90761
1120 A	0.05991	0.03164	0.90844
1121 C	0.06041	0.03039	0.90919
1122 T	0.06073	0.02996	0.90932
1123 T	0.06088	0.02980	0.90933
1124 T	0.06076	0.02987	0.90937
1125 A	0.06040	0.03013	0.90947
1126 A	0.06026	0.03004	0.9097
1127 G	0.06041	0.02664	0.91295
1128 T	0.06154	0.02033	0.91813
1129 G	0.06176	0.01705	0.92119
1130 G	0.06462	0.01179	0.92359
1131 T	0.06650	0.00944	0.92406
1132 T	0.06686	0.00994	0.9232
1133 T	0.06655	0.01192	0.92153
1134 T	0.06556	0.01634	0.9181
1135 A	0.06448	0.01930	0.91621
1136 T	0.06374	0.02239	0.91387
1137 T	0.06294	0.02595	0.9111
1138 T	0.06134	0.02987	0.90879
1139 T	0.05839	0.03573	0.90588
1140 A	0.05553	0.03927	0.9052
1141 G	0.05408	0.04142	0.9045
1142 G	0.05277	0.04358	0.90364
1143 A	0.05144	0.04590	0.90266
1144 C	0.05073	0.04728	0.90198
1145 A	0.04998	0.05008	0.89994
1146 A	0.04925	0.05295	0.89781
1147 T	0.04878	0.05578	0.89543
1148 T	0.04791	0.05805	0.89404
1149 A	0.04644	0.06194	0.89161
1150 A	0.04502	0.06506	0.88992
1151 A	0.04395	0.06758	0.88846
1152 A	0.04279	0.07001	0.8872
1153 A	0.04198	0.07278	0.88523
1154 G	0.04175	0.07479	0.88346
1155 A	0.04213	0.07497	0.88291
1156 A	0.04367	0.07259	0.88374
1157 T	0.04794	0.06601	0.88604
1158 G	0.04920	0.06167	0.88913
1159 C	0.05153	0.05658	0.89189
1160 C	0.05337	0.05435	0.89228
1161 G	0.05483	0.05849	0.88668
1162 G	0.05595	0.06280	0.88125
1163 A	0.05292	0.07080	0.87628
1164 T	0.05209	0.07390	0.87401
1165 A	0.04976	0.07887	0.87136
1166 A	0.04886	0.08046	0.87067
1167 A	0.04844	0.08072	0.87083
1168 A	0.04872	0.07984	0.87144
1169 A	0.05013	0.07729	0.87258
1170 T	0.05239	0.07387	0.87374
1171 G	0.05223	0.07416	0.87361
1172 A	0.05288	0.07403	0.87309
1173 A	0.05317	0.07427	0.87256
1174 A	0.05359	0.07476	0.87165
1175 A	0.05480	0.07233	0.87287
1176 A	0.05721	0.06853	0.87425
1177 A	0.05990	0.06454	0.87556
1178 T	0.06124	0.06177	0.877
1179 C	0.06150	0.06073	0.87777
1180 C	0.06184	0.06021	0.87795
1181 A	0.06230	0.06010	0.87761
1182 A	0.06320	0.05926	0.87754
1183 A	0.06531	0.05706	0.87763
1184 T	0.07346	0.04867	0.87787
1185 T	0.07993	0.04109	0.87898
1186 T	0.08447	0.03147	0.88406
1187 G	0.08601	0.02775	0.88624
1188 T	0.08854	0.02348	0.88797
1189 T	0.08942	0.02386	0.88671
1190 A	0.08959	0.02577	0.88464
1191 T	0.09010	0.02529	0.88461
1192 A	0.09025	0.02587	0.88388
1193 A	0.09062	0.02544	0.88394
1194 T	0.09186	0.02336	0.88479
1195 A	0.09133	0.02432	0.88435
1196 A	0.09012	0.02572	0.88415
1197 T	0.09096	0.02407	0.88497
1198 T	0.08911	0.02568	0.88521
1199 G	0.08761	0.02722	0.88517
1200 G	0.08697	0.02871	0.88433
1201 C	0.08663	0.03003	0.88335
1202 A	0.08643	0.03070	0.88288
1203 A	0.08635	0.03121	0.88244
1204 T	0.08652	0.03151	0.88196
1205 T	0.08618	0.03229	0.88153
1206 C	0.08537	0.03336	0.88127
1207 G	0.08481	0.03452	0.88067
1208 A	0.08447	0.03500	0.88053
1209 A	0.08456	0.03495	0.88048
1210 G	0.08523	0.03422	0.88055
1211 G	0.08662	0.03280	0.88058
1212 C	0.08985	0.02923	0.88092
1213 T	0.09275	0.02634	0.88091
1214 T	0.09374	0.02541	0.88084
1215 A	0.09430	0.02506	0.88064
1216 A	0.09451	0.02505	0.88043
1217 A	0.09476	0.02471	0.88053
1218 A	0.09586	0.02161	0.88254
1219 T	0.09720	0.01725	0.88554
1220 A	0.09752	0.01572	0.88676
1221 C	0.09795	0.01335	0.88871
1222 G	0.09826	0.01257	0.88917
1223 A	0.09916	0.01164	0.8892
1224 T	0.10023	0.01047	0.88931
1225 G	0.10071	0.01008	0.8892
1226 G	0.10131	0.00954	0.88914
1227 T	0.10228	0.00862	0.8891
1228 T	0.10274	0.00824	0.88902
1229 T	0.10282	0.00780	0.88938
1230 A	0.10262	0.00869	0.88869
1231 G	0.10262	0.00900	0.88838
1232 T	0.10266	0.00953	0.8878
1233 A	0.10264	0.01081	0.88655
1234 A	0.10271	0.01175	0.88554
1235 T	0.10296	0.01152	0.88552
1236 T	0.10308	0.01148	0.88544
1237 A	0.10292	0.01160	0.88548
1238 A	0.10216	0.01223	0.88561
1239 C	0.10143	0.01278	0.88578
1240 A	0.10106	0.01317	0.88577
1241 C	0.10091	0.01332	0.88578
1242 A	0.10082	0.01345	0.88574
1243 G	0.10092	0.01334	0.88574
1244 T	0.10120	0.01306	0.88574
1245 T	0.10166	0.01257	0.88577
1246 C	0.10185	0.01240	0.88575
1247 G	0.10201	0.01236	0.88563
1248 T	0.10245	0.01204	0.88551
1249 A	0.10260	0.01194	0.88546
1250 T	0.10346	0.01107	0.88547
1251 T	0.10417	0.01033	0.8855
1252 A	0.10454	0.00983	0.88562
1253 C	0.10557	0.00835	0.88608
1254 T	0.10631	0.00752	0.88617
1255 C	0.10672	0.00705	0.88623
1256 G	0.10763	0.00610	0.88626
1257 T	0.10860	0.00512	0.88628
1258 A	0.10870	0.00501	0.88629
1259 T	0.10885	0.00472	0.88644
1260 A	0.10888	0.00450	0.88662
1261 A	0.10893	0.00343	0.88764
1262 T	0.10899	0.00231	0.8887
1263 G	0.10905	0.00177	0.88918
1264 G	0.10912	0.00143	0.88945
1265 T	0.10923	0.00107	0.88969
1266 T	0.10928	0.00088	0.88984
1267 C	0.10930	0.00078	0.88992
1268 A	0.10934	0.00069	0.88996
1269 G	0.10939	0.00055	0.89006
1270 T	0.10953	0.00035	0.89012
1271 A	0.10965	0.00018	0.89017
1272 A	0.10973	0.00000	0.89028
