# lcl|CP097583.1_cds_USQ93284.1_1
# AA	inside	membr	outside
1 A	0.42242	0.00000	0.57758
2 T	0.42228	0.00014	0.57758
3 G	0.42201	0.00041	0.57758
4 C	0.42201	0.00062	0.57737
5 C	0.42009	0.00376	0.57615
6 A	0.42009	0.00409	0.57582
7 T	0.41723	0.00707	0.5757
8 A	0.41723	0.00707	0.5757
9 T	0.41671	0.00765	0.57565
10 T	0.41670	0.00809	0.57521
11 T	0.41627	0.00856	0.57518
12 A	0.39768	0.02717	0.57515
13 T	0.37879	0.04618	0.57503
14 C	0.37878	0.04618	0.57503
15 A	0.37878	0.04765	0.57357
16 G	0.37834	0.04810	0.57357
17 T	0.37813	0.04831	0.57356
18 T	0.37812	0.04834	0.57354
19 A	0.37759	0.04889	0.57352
20 C	0.37664	0.05029	0.57307
21 T	0.37518	0.05176	0.57307
22 T	0.37498	0.05203	0.57299
23 A	0.37416	0.05296	0.57288
24 T	0.37369	0.05353	0.57278
25 A	0.37243	0.05480	0.57278
26 T	0.37098	0.05590	0.57311
27 G	0.36799	0.05875	0.57325
28 T	0.36768	0.05769	0.57462
29 A	0.36618	0.05920	0.57462
30 T	0.36539	0.05748	0.57713
31 A	0.36301	0.05924	0.57776
32 T	0.36228	0.05748	0.58024
33 T	0.36172	0.05656	0.58172
34 A	0.35997	0.05788	0.58215
35 A	0.35916	0.04432	0.59652
36 T	0.35872	0.02926	0.61202
37 T	0.35812	0.02954	0.61234
38 G	0.35769	0.02982	0.61249
39 C	0.35726	0.03007	0.61266
40 G	0.35703	0.03078	0.61219
41 T	0.35695	0.03116	0.61189
42 G	0.35676	0.03133	0.61191
43 T	0.35719	0.03049	0.61232
44 T	0.35712	0.03020	0.61268
45 A	0.35694	0.03064	0.61241
46 A	0.35697	0.02977	0.61325
47 T	0.35713	0.02868	0.61419
48 A	0.35722	0.02725	0.61552
49 A	0.35739	0.02499	0.61762
50 T	0.35792	0.02174	0.62035
51 T	0.35820	0.01974	0.62207
52 T	0.35820	0.01825	0.62355
53 T	0.35762	0.01820	0.62419
54 A	0.35065	0.02477	0.62458
55 G	0.34735	0.02934	0.62331
56 G	0.34451	0.03268	0.62281
57 A	0.34309	0.03491	0.622
58 G	0.34284	0.03603	0.62113
59 T	0.34334	0.03664	0.62001
60 T	0.34314	0.03928	0.61758
61 T	0.34249	0.04196	0.61555
62 T	0.34132	0.04747	0.61121
63 A	0.33784	0.06213	0.60002
64 T	0.33660	0.06471	0.59869
65 T	0.33363	0.06947	0.5969
66 T	0.32658	0.08041	0.59301
67 A	0.30932	0.09882	0.59186
68 C	0.29900	0.10935	0.59166
69 T	0.28220	0.12843	0.58938
70 A	0.25656	0.15549	0.58794
71 C	0.24402	0.16855	0.58743
72 A	0.23545	0.17833	0.58621
73 G	0.23155	0.18264	0.58581
74 A	0.22939	0.18509	0.58552
75 A	0.22863	0.18582	0.58555
76 A	0.22880	0.18528	0.58593
77 A	0.23039	0.17701	0.5926
78 A	0.23273	0.17147	0.59581
79 A	0.23447	0.16647	0.59906
80 G	0.23701	0.16167	0.60133
81 T	0.24004	0.15805	0.60191
82 A	0.24178	0.15635	0.60187
83 T	0.24503	0.15262	0.60235
84 A	0.24674	0.14999	0.60327
85 A	0.25050	0.14444	0.60507
86 T	0.26078	0.12953	0.60969
87 A	0.26215	0.12456	0.61329
88 G	0.26414	0.11546	0.6204
89 A	0.26810	0.10424	0.62766
90 T	0.27023	0.08567	0.6441
91 A	0.27055	0.08256	0.64689
92 T	0.27364	0.06550	0.66085
93 T	0.27478	0.04943	0.67579
94 T	0.27503	0.04133	0.68365
95 T	0.27500	0.03671	0.68828
96 T	0.27422	0.03702	0.68876
97 T	0.27280	0.04165	0.68555
98 C	0.25882	0.06351	0.67767
99 A	0.25543	0.07341	0.67116
100 G	0.25430	0.07905	0.66665
101 A	0.25329	0.08458	0.66214
102 A	0.25312	0.08929	0.6576
103 C	0.25318	0.09224	0.65459
104 A	0.25340	0.09327	0.65333
105 A	0.25378	0.09361	0.6526
106 T	0.25432	0.09422	0.65145
107 A	0.25449	0.09523	0.65028
108 C	0.25477	0.09522	0.65
109 G	0.25545	0.09621	0.64834
110 G	0.25626	0.09681	0.64693
111 A	0.25726	0.09624	0.64649
112 A	0.25988	0.09410	0.64601
113 A	0.26283	0.09161	0.64557
114 T	0.27141	0.08322	0.64537
115 C	0.27372	0.08098	0.6453
116 A	0.27720	0.07834	0.64445
117 T	0.28011	0.07514	0.64475
118 A	0.28109	0.07355	0.64536
119 G	0.28276	0.07059	0.64665
120 A	0.28657	0.06546	0.64796
121 C	0.29532	0.04149	0.66319
122 C	0.30186	0.03245	0.6657
123 T	0.30701	0.02704	0.66595
124 G	0.30965	0.02599	0.66436
125 A	0.31270	0.02334	0.66396
126 T	0.31522	0.02105	0.66374
127 G	0.31582	0.02030	0.66388
128 G	0.31657	0.01893	0.6645
129 C	0.31828	0.01686	0.66487
130 T	0.31971	0.01529	0.665
131 C	0.31989	0.01504	0.66508
132 C	0.32085	0.01406	0.66508
133 C	0.32189	0.01308	0.66503
134 A	0.32227	0.01275	0.66498
135 A	0.32282	0.01231	0.66487
136 G	0.32364	0.01152	0.66485
137 T	0.32461	0.01054	0.66485
138 T	0.32523	0.00977	0.665
139 G	0.32595	0.00857	0.66547
140 T	0.32609	0.00815	0.66576
141 T	0.32610	0.00774	0.66617
142 T	0.32607	0.00759	0.66635
143 T	0.32599	0.00754	0.66648
144 A	0.32584	0.00759	0.66657
145 A	0.32576	0.00749	0.66675
146 A	0.32593	0.00707	0.66701
147 T	0.32752	0.00471	0.66776
148 C	0.32792	0.00383	0.66825
149 G	0.32822	0.00343	0.66835
150 T	0.32835	0.00317	0.66848
151 T	0.32837	0.00310	0.66853
152 T	0.32836	0.00308	0.66856
153 T	0.32837	0.00306	0.66857
154 A	0.32835	0.00284	0.66881
155 T	0.32840	0.00227	0.66934
156 T	0.32843	0.00192	0.66965
157 T	0.32843	0.00176	0.66982
158 T	0.32844	0.00166	0.66991
159 T	0.32839	0.00169	0.66992
160 T	0.32830	0.00178	0.66992
161 G	0.32818	0.00190	0.66992
162 T	0.32808	0.00201	0.66991
163 T	0.32789	0.00227	0.66984
164 T	0.32770	0.00251	0.66979
165 A	0.32750	0.00275	0.66975
166 G	0.32749	0.00274	0.66977
167 T	0.32750	0.00269	0.6698
168 T	0.32749	0.00269	0.66982
169 T	0.32748	0.00273	0.66978
170 G	0.32747	0.00280	0.66972
171 T	0.32749	0.00283	0.66968
172 A	0.32743	0.00292	0.66965
173 T	0.32743	0.00292	0.66964
174 T	0.32744	0.00292	0.66964
175 T	0.32742	0.00298	0.6696
176 A	0.32738	0.00305	0.66956
177 T	0.32737	0.00304	0.66959
178 T	0.32734	0.00306	0.6696
179 T	0.32728	0.00313	0.66959
180 T	0.32712	0.00334	0.66954
181 G	0.32642	0.00419	0.66939
182 T	0.32603	0.00501	0.66896
183 T	0.32516	0.00700	0.66785
184 A	0.32379	0.00868	0.66753
185 A	0.32328	0.00908	0.66764
186 T	0.32310	0.00904	0.66786
187 T	0.32280	0.00915	0.66805
188 C	0.32243	0.00935	0.66822
189 C	0.32232	0.00948	0.6682
190 T	0.32236	0.00952	0.66812
191 T	0.32218	0.00981	0.66802
192 T	0.32147	0.01072	0.66781
193 T	0.31955	0.01308	0.66736
194 T	0.31839	0.01513	0.66648
195 A	0.31589	0.01985	0.66425
196 T	0.31514	0.02238	0.66249
197 A	0.31409	0.02479	0.66112
198 T	0.31356	0.02592	0.66052
199 T	0.30867	0.03238	0.65895
200 T	0.30748	0.03436	0.65816
201 A	0.30613	0.03632	0.65754
202 A	0.30461	0.03812	0.65727
203 A	0.30452	0.03807	0.65741
204 A	0.30463	0.03729	0.65808
205 A	0.30513	0.03628	0.65859
206 A	0.30628	0.03417	0.65955
207 T	0.30672	0.03243	0.66085
208 A	0.30678	0.03183	0.66139
209 T	0.30686	0.03135	0.66178
210 T	0.30693	0.03088	0.66219
211 T	0.30698	0.03042	0.6626
212 T	0.30702	0.03012	0.66286
213 A	0.30707	0.02987	0.66306
214 A	0.30717	0.02928	0.66355
215 A	0.30741	0.02782	0.66477
216 C	0.30795	0.02477	0.66727
217 A	0.30906	0.02249	0.66845
218 C	0.31187	0.01711	0.67102
219 T	0.31453	0.01364	0.67182
220 T	0.31620	0.01095	0.67285
221 A	0.31691	0.00947	0.67362
222 A	0.31858	0.00000	0.68143
