# lcl|CP097583.1_cds_USQ93383.1_1
# AA	inside	membr	outside
1 A	0.50479	0.00000	0.49521
2 T	0.50444	0.00034	0.49521
3 G	0.50408	0.00071	0.49521
4 T	0.50408	0.01361	0.4823
5 T	0.49931	0.04285	0.45784
6 T	0.49931	0.04806	0.45263
7 A	0.48184	0.06826	0.44989
8 T	0.48184	0.06827	0.44988
9 T	0.48011	0.07018	0.44971
10 T	0.48011	0.07946	0.44043
11 A	0.47832	0.08176	0.43991
12 C	0.44240	0.11790	0.4397
13 G	0.36904	0.19571	0.43526
14 A	0.36900	0.19574	0.43526
15 A	0.36900	0.22666	0.40434
16 A	0.36640	0.22926	0.40434
17 A	0.36243	0.23356	0.40401
18 T	0.36233	0.23402	0.40365
19 A	0.35803	0.23864	0.40333
20 T	0.34164	0.25941	0.39895
21 A	0.27370	0.32738	0.39892
22 A	0.27090	0.33104	0.39806
23 A	0.26812	0.33528	0.3966
24 A	0.26687	0.33673	0.3964
25 A	0.26680	0.33432	0.39889
26 T	0.26762	0.33096	0.40142
27 G	0.27555	0.31654	0.40791
28 C	0.29378	0.29226	0.41395
29 C	0.29696	0.28781	0.41523
30 T	0.30020	0.28084	0.41897
31 C	0.29827	0.28277	0.41896
32 T	0.29743	0.28433	0.41824
33 T	0.29847	0.28380	0.41773
34 G	0.29052	0.29125	0.41823
35 A	0.28952	0.26579	0.44469
36 T	0.29254	0.21199	0.49548
37 A	0.29213	0.20695	0.50093
38 G	0.31134	0.18135	0.50731
39 A	0.30421	0.18863	0.50716
40 T	0.30260	0.19174	0.50566
41 T	0.29982	0.19509	0.5051
42 A	0.29129	0.21072	0.49799
43 A	0.28967	0.20762	0.50272
44 A	0.28332	0.17336	0.54331
45 A	0.28211	0.17455	0.54334
46 A	0.28245	0.16911	0.54844
47 A	0.28323	0.16409	0.55268
48 A	0.28428	0.15937	0.55635
49 G	0.28606	0.15507	0.55887
50 A	0.29004	0.14867	0.56129
51 T	0.29219	0.14169	0.56611
52 T	0.29394	0.13646	0.5696
53 T	0.29487	0.13261	0.57251
54 T	0.29558	0.12779	0.57664
55 T	0.29597	0.12466	0.57937
56 C	0.29602	0.11994	0.58403
57 T	0.29688	0.11549	0.58762
58 T	0.29730	0.11862	0.58408
59 T	0.29753	0.12085	0.58162
60 A	0.29569	0.12451	0.57981
61 A	0.29557	0.12522	0.57921
62 G	0.30163	0.10854	0.58982
63 T	0.31315	0.09495	0.59189
64 G	0.32040	0.08520	0.59441
65 A	0.33395	0.06943	0.59662
66 T	0.34403	0.05720	0.59877
67 T	0.35144	0.04793	0.60063
68 T	0.34737	0.05744	0.59518
69 T	0.33772	0.07171	0.59057
70 C	0.31864	0.10284	0.57853
71 A	0.30224	0.14698	0.55079
72 A	0.29319	0.16490	0.54191
73 T	0.28152	0.18357	0.53491
74 T	0.26686	0.20525	0.52789
75 A	0.24332	0.22969	0.52699
76 A	0.22935	0.24427	0.52638
77 A	0.21974	0.25415	0.5261
78 T	0.21724	0.25635	0.52642
79 C	0.21459	0.25857	0.52684
80 A	0.21471	0.25850	0.52678
81 A	0.21803	0.25465	0.52732
82 T	0.22124	0.25067	0.52809
83 T	0.22252	0.24774	0.52975
84 T	0.22215	0.24735	0.5305
85 C	0.22140	0.24649	0.53212
86 A	0.22129	0.24651	0.53221
87 A	0.22161	0.24580	0.5326
88 G	0.22427	0.24256	0.53318
89 A	0.22639	0.24023	0.53339
90 A	0.23210	0.23372	0.53418
91 T	0.24647	0.20861	0.54491
92 A	0.25415	0.18824	0.55761
93 T	0.27099	0.14760	0.58141
94 T	0.29185	0.10995	0.5982
95 A	0.29696	0.09453	0.60852
96 T	0.30171	0.07501	0.62328
97 T	0.30595	0.05705	0.63701
98 T	0.30594	0.04123	0.65283
99 A	0.30465	0.03629	0.65906
100 T	0.30367	0.03594	0.66039
101 T	0.30018	0.04939	0.65043
102 T	0.29156	0.08539	0.62305
103 T	0.28443	0.09992	0.61564
104 T	0.27723	0.11210	0.61068
105 A	0.26018	0.14238	0.59744
106 A	0.24744	0.16843	0.58413
107 C	0.24405	0.17759	0.57835
108 T	0.23859	0.19468	0.56673
109 A	0.23019	0.21373	0.55608
110 A	0.22475	0.22685	0.54839
111 T	0.21853	0.23948	0.54199
112 T	0.21285	0.25508	0.53207
113 A	0.20632	0.26796	0.52572
114 T	0.20305	0.27428	0.52267
115 A	0.20087	0.28005	0.51908
116 A	0.19971	0.28272	0.51757
117 T	0.19869	0.28424	0.51708
118 A	0.19742	0.28600	0.51657
119 A	0.19678	0.28698	0.51623
120 A	0.19591	0.28789	0.51619
121 A	0.19739	0.28548	0.51713
122 A	0.20181	0.27860	0.51959
123 A	0.20901	0.26708	0.52391
124 A	0.22238	0.24639	0.53123
125 C	0.25140	0.20358	0.54502
126 T	0.26288	0.18645	0.55067
127 A	0.26914	0.17616	0.5547
128 A	0.28327	0.15318	0.56356
129 T	0.30225	0.12527	0.57248
130 T	0.31097	0.11421	0.57481
131 T	0.31717	0.10257	0.58026
132 A	0.32107	0.09594	0.58299
133 A	0.32506	0.08611	0.58883
134 C	0.33083	0.07177	0.5974
135 T	0.33960	0.05988	0.60052
136 T	0.34343	0.05379	0.60278
137 C	0.34290	0.05473	0.60238
138 T	0.34434	0.05789	0.59776
139 T	0.34208	0.06641	0.59151
140 T	0.33542	0.07635	0.58824
141 A	0.32536	0.08936	0.58529
142 G	0.32100	0.09584	0.58316
143 T	0.31923	0.09836	0.58241
144 G	0.31340	0.10358	0.58302
145 A	0.30800	0.11027	0.58173
146 A	0.30475	0.11487	0.58038
147 T	0.30390	0.11707	0.57903
148 C	0.30138	0.12464	0.57398
149 A	0.29969	0.13289	0.56741
150 A	0.29954	0.13582	0.56464
151 A	0.30036	0.13633	0.56332
152 A	0.30127	0.13606	0.56267
153 A	0.30184	0.13551	0.56265
154 G	0.30414	0.12983	0.56603
155 A	0.31025	0.12110	0.56864
156 T	0.31411	0.11491	0.57099
157 A	0.31650	0.11171	0.57179
158 T	0.32254	0.10378	0.57368
159 T	0.32625	0.09762	0.57613
160 T	0.32849	0.09288	0.57862
161 A	0.33042	0.08914	0.58044
162 T	0.33558	0.07963	0.58478
163 T	0.33871	0.07042	0.59087
164 T	0.34138	0.06094	0.59768
165 T	0.34276	0.05617	0.60107
166 A	0.34358	0.05378	0.60264
167 A	0.34351	0.04928	0.60721
168 A	0.34503	0.04292	0.61204
169 C	0.34727	0.03691	0.61581
170 A	0.34974	0.03391	0.61635
171 T	0.35661	0.02531	0.61808
172 T	0.36276	0.01822	0.61902
173 T	0.36483	0.01604	0.61913
174 T	0.36552	0.01562	0.61887
175 T	0.36580	0.01587	0.61833
176 A	0.36573	0.01950	0.61477
177 T	0.36537	0.02489	0.60974
178 G	0.36518	0.02723	0.60759
179 A	0.36541	0.02768	0.60691
180 T	0.36651	0.02679	0.6067
181 T	0.36712	0.02651	0.60637
182 C	0.36750	0.02641	0.60609
183 T	0.36836	0.02637	0.60526
184 T	0.36871	0.02663	0.60465
185 T	0.36857	0.02736	0.60407
186 A	0.36827	0.02820	0.60353
187 T	0.36883	0.02786	0.60331
188 T	0.36862	0.02765	0.60373
189 A	0.36805	0.02751	0.60444
190 A	0.36782	0.02710	0.60509
191 T	0.36814	0.02628	0.60559
192 T	0.36813	0.02616	0.60571
193 T	0.36783	0.02667	0.6055
194 C	0.36645	0.02863	0.60492
195 T	0.36516	0.03254	0.60229
196 A	0.36314	0.03491	0.60195
197 A	0.35878	0.03973	0.6015
198 A	0.35667	0.04211	0.60122
199 A	0.35852	0.04044	0.60105
200 C	0.36287	0.03543	0.6017
201 T	0.36485	0.03362	0.60154
202 T	0.36399	0.03552	0.60049
203 T	0.36248	0.03807	0.59945
204 T	0.36076	0.04066	0.59858
205 A	0.35826	0.04418	0.59756
206 A	0.35738	0.04527	0.59735
207 T	0.35727	0.04504	0.59769
208 T	0.35642	0.04565	0.59793
209 T	0.35439	0.04737	0.59824
210 T	0.35125	0.05032	0.59843
211 G	0.34223	0.05929	0.59848
212 A	0.33792	0.06331	0.59877
213 A	0.33565	0.06516	0.59918
214 C	0.33491	0.06531	0.59978
215 A	0.33419	0.06590	0.59991
216 A	0.33416	0.06547	0.60037
217 A	0.33464	0.06386	0.60151
218 T	0.33702	0.06019	0.60279
219 A	0.33689	0.05909	0.60403
220 A	0.33733	0.05399	0.60868
221 A	0.33776	0.05034	0.6119
222 T	0.33837	0.04716	0.61446
223 A	0.33856	0.04583	0.61561
224 G	0.33926	0.04368	0.61707
225 T	0.34082	0.04103	0.61815
226 T	0.34191	0.03970	0.6184
227 T	0.34258	0.03862	0.6188
228 A	0.34305	0.03799	0.61896
229 T	0.34343	0.03763	0.61894
230 G	0.34343	0.03680	0.61977
231 T	0.34355	0.03499	0.62147
232 G	0.34363	0.03323	0.62314
233 A	0.34372	0.03153	0.62475
234 T	0.34399	0.02540	0.63061
235 T	0.34412	0.02322	0.63266
236 T	0.34404	0.02253	0.63343
237 A	0.34392	0.02436	0.63172
238 G	0.34391	0.02409	0.632
239 G	0.34392	0.02451	0.63157
240 A	0.34388	0.02560	0.63052
241 A	0.34385	0.02614	0.63001
242 C	0.34395	0.02582	0.63023
243 A	0.34406	0.02684	0.6291
244 G	0.34423	0.02672	0.62904
245 G	0.34450	0.02649	0.62901
246 A	0.34517	0.02583	0.629
247 G	0.34600	0.02498	0.62902
248 C	0.34763	0.02331	0.62906
249 T	0.35005	0.02106	0.62889
250 G	0.35144	0.02000	0.62855
251 G	0.35364	0.01843	0.62793
252 T	0.35632	0.01603	0.62764
253 T	0.35737	0.01501	0.62763
254 T	0.35806	0.01419	0.62775
255 T	0.35861	0.01346	0.62793
256 C	0.35868	0.01327	0.62804
257 C	0.35879	0.01312	0.62809
258 T	0.35947	0.01244	0.62809
259 G	0.35975	0.01218	0.62807
260 G	0.36162	0.01034	0.62804
261 C	0.36223	0.00973	0.62804
262 A	0.36301	0.00894	0.62805
263 T	0.36453	0.00727	0.6282
264 T	0.36529	0.00639	0.62832
265 C	0.36547	0.00619	0.62834
266 C	0.36600	0.00569	0.62831
267 T	0.36569	0.00613	0.62818
268 T	0.36492	0.00720	0.62788
269 T	0.36199	0.01066	0.62735
270 A	0.34656	0.02691	0.62653
271 A	0.33110	0.04327	0.62563
272 A	0.32365	0.05256	0.62379
273 A	0.32146	0.05756	0.62098
274 A	0.32089	0.05957	0.61954
275 T	0.32052	0.06044	0.61904
276 T	0.31972	0.06189	0.6184
277 T	0.31839	0.06410	0.61751
278 T	0.31717	0.06603	0.61681
279 A	0.31567	0.06744	0.61688
280 T	0.31501	0.06785	0.61713
281 A	0.31381	0.06880	0.6174
282 T	0.31311	0.06892	0.61797
283 C	0.31185	0.06996	0.6182
284 C	0.31122	0.07056	0.61823
285 T	0.31086	0.07116	0.61798
286 A	0.31021	0.07218	0.6176
287 A	0.31002	0.07249	0.61749
288 T	0.31005	0.07247	0.61749
289 T	0.31002	0.07211	0.61787
290 T	0.30992	0.07092	0.61916
291 A	0.30970	0.06999	0.6203
292 A	0.31003	0.06624	0.62373
293 A	0.31066	0.05076	0.63857
294 A	0.31156	0.03445	0.65398
295 G	0.31360	0.02503	0.66137
296 T	0.31737	0.01894	0.6637
297 T	0.31953	0.01523	0.66523
298 T	0.32034	0.01320	0.66647
299 T	0.32069	0.01190	0.66741
300 T	0.32041	0.01177	0.66781
301 T	0.31957	0.01349	0.66694
302 T	0.31727	0.02141	0.66132
303 A	0.30843	0.04241	0.64916
304 A	0.30248	0.05205	0.64547
305 T	0.29990	0.05571	0.64439
306 T	0.29552	0.06344	0.64104
307 G	0.28713	0.08233	0.63054
308 A	0.28322	0.09184	0.62494
309 T	0.28219	0.09478	0.62303
310 T	0.28084	0.09628	0.62288
311 T	0.27944	0.09775	0.62281
312 T	0.27784	0.09945	0.62272
313 T	0.27566	0.10150	0.62284
314 C	0.27019	0.10680	0.62302
315 T	0.26661	0.11074	0.62265
316 T	0.25941	0.11854	0.62205
317 C	0.24278	0.13612	0.6211
318 A	0.22354	0.15768	0.61877
319 A	0.21134	0.17103	0.61763
320 A	0.20345	0.18036	0.61619
321 A	0.20060	0.18359	0.6158
322 A	0.20023	0.18405	0.61572
323 A	0.20098	0.18247	0.61656
324 A	0.20319	0.17883	0.61799
325 A	0.21052	0.16850	0.62098
326 T	0.22475	0.14454	0.63071
327 T	0.22959	0.13315	0.63726
328 G	0.23127	0.12863	0.6401
329 A	0.23615	0.12094	0.64291
330 T	0.24672	0.10374	0.64953
331 T	0.25060	0.09642	0.65298
332 T	0.25176	0.09361	0.65463
333 T	0.25186	0.09223	0.65591
334 T	0.25168	0.09128	0.65704
335 T	0.24968	0.09259	0.65773
336 A	0.24463	0.09603	0.65934
337 G	0.24078	0.09415	0.66507
338 A	0.23897	0.09352	0.66751
339 A	0.23882	0.08802	0.67315
340 T	0.23969	0.07281	0.6875
341 T	0.24036	0.05769	0.70195
342 A	0.23738	0.05508	0.70754
343 T	0.23788	0.05308	0.70904
344 T	0.23644	0.06613	0.69742
345 A	0.23026	0.09762	0.67212
346 A	0.22486	0.12482	0.65032
347 T	0.22232	0.13618	0.64151
348 T	0.20646	0.15791	0.63564
349 A	0.16295	0.20935	0.6277
350 A	0.14203	0.23338	0.62459
351 A	0.13434	0.24234	0.62332
352 C	0.13212	0.24499	0.62288
353 A	0.13087	0.24742	0.62171
354 T	0.13152	0.24760	0.62089
355 T	0.13115	0.24852	0.62032
356 T	0.13007	0.24991	0.62003
357 A	0.12834	0.25185	0.61982
358 A	0.12864	0.24957	0.6218
359 A	0.12951	0.24418	0.62631
360 T	0.13118	0.23857	0.63025
361 T	0.13218	0.23524	0.63258
362 T	0.13204	0.23428	0.63368
363 A	0.13098	0.23481	0.63422
364 A	0.13237	0.23211	0.63551
365 C	0.13674	0.22399	0.63927
366 A	0.14182	0.21849	0.63968
367 A	0.15485	0.20392	0.64122
368 A	0.17940	0.17365	0.64695
369 T	0.20172	0.14472	0.65356
370 G	0.20966	0.13353	0.65681
371 T	0.21840	0.10592	0.67568
372 T	0.22599	0.05734	0.71667
373 T	0.22895	0.03488	0.73617
374 T	0.22976	0.02705	0.74319
375 T	0.22996	0.02458	0.74547
376 G	0.22980	0.02411	0.74609
377 T	0.23033	0.02382	0.74586
378 T	0.23049	0.02455	0.74495
379 T	0.22947	0.02760	0.74293
380 T	0.22629	0.03365	0.74006
381 T	0.21913	0.04810	0.73277
382 A	0.20746	0.06979	0.72275
383 A	0.18069	0.10342	0.71589
384 A	0.15487	0.13466	0.71047
385 G	0.12882	0.17309	0.69809
386 A	0.11251	0.22164	0.66585
387 A	0.09018	0.26513	0.64469
388 A	0.07312	0.29831	0.62857
389 A	0.06331	0.31804	0.61865
390 A	0.05934	0.32728	0.61338
391 A	0.05655	0.33607	0.60737
392 T	0.05539	0.33939	0.60522
393 T	0.05347	0.34496	0.60157
394 G	0.04730	0.35818	0.59452
395 A	0.04260	0.36827	0.58913
396 A	0.04001	0.37119	0.5888
397 A	0.03860	0.37263	0.58876
398 A	0.03871	0.37214	0.58914
399 G	0.03987	0.36990	0.59022
400 C	0.04175	0.36687	0.59139
401 A	0.04401	0.36420	0.5918
402 T	0.04751	0.35964	0.59286
403 A	0.04956	0.35631	0.59413
404 A	0.05410	0.34872	0.59717
405 A	0.06104	0.33695	0.60201
406 A	0.06703	0.30517	0.6278
407 A	0.07310	0.27210	0.65479
408 G	0.08775	0.22793	0.68433
409 A	0.11892	0.18156	0.69952
410 A	0.14169	0.14022	0.71808
411 A	0.16135	0.10570	0.73295
412 T	0.17497	0.08018	0.74485
413 A	0.18090	0.06774	0.75136
414 T	0.18843	0.05302	0.75855
415 G	0.19117	0.04673	0.7621
416 A	0.19546	0.04011	0.76443
417 T	0.20294	0.02642	0.77064
418 T	0.20763	0.01748	0.77489
419 T	0.20797	0.01680	0.77523
420 T	0.20736	0.02541	0.76723
421 G	0.20571	0.04070	0.7536
422 T	0.20487	0.06071	0.73442
423 T	0.20344	0.07316	0.7234
424 A	0.20151	0.07730	0.72119
425 T	0.20068	0.08029	0.71903
426 T	0.19849	0.08562	0.71589
427 G	0.19149	0.09641	0.7121
428 C	0.18547	0.10557	0.70895
429 T	0.17984	0.11829	0.70187
430 A	0.17339	0.12580	0.7008
431 G	0.17064	0.12946	0.6999
432 A	0.16940	0.13191	0.6987
433 G	0.16975	0.13201	0.69823
434 C	0.17057	0.13131	0.69812
435 T	0.17131	0.13133	0.69736
436 T	0.17152	0.13175	0.69672
437 T	0.17085	0.13332	0.69582
438 A	0.16918	0.13647	0.69435
439 G	0.16782	0.14047	0.69171
440 G	0.16647	0.14867	0.68485
441 A	0.16673	0.15491	0.67835
442 A	0.16930	0.15485	0.67584
443 A	0.17976	0.14612	0.67412
444 A	0.19437	0.13193	0.6737
445 T	0.21402	0.11346	0.67252
446 T	0.22313	0.10508	0.6718
447 A	0.22500	0.10361	0.67139
448 A	0.22750	0.10121	0.67129
449 A	0.23226	0.09396	0.67378
450 T	0.23743	0.08108	0.6815
451 T	0.24102	0.07191	0.68708
452 T	0.24619	0.06234	0.69148
453 A	0.24662	0.05821	0.69517
454 A	0.24747	0.05533	0.6972
455 T	0.24900	0.05199	0.69901
456 T	0.24931	0.05128	0.69941
457 T	0.24934	0.05125	0.69941
458 T	0.24944	0.05136	0.6992
459 A	0.24916	0.05293	0.69791
460 A	0.24939	0.05349	0.69712
461 A	0.25043	0.05240	0.69717
462 A	0.25244	0.04998	0.69758
463 T	0.25956	0.04138	0.69906
464 T	0.26459	0.03605	0.69935
465 A	0.26443	0.03654	0.69903
466 G	0.26550	0.03523	0.69927
467 C	0.26740	0.03321	0.69939
468 T	0.26981	0.03143	0.69877
469 T	0.27131	0.03148	0.6972
470 C	0.27166	0.03207	0.69628
471 T	0.27204	0.03311	0.69485
472 T	0.27021	0.03778	0.69201
473 T	0.26863	0.04090	0.69047
474 T	0.26541	0.04523	0.68936
475 G	0.25962	0.05119	0.68919
476 T	0.25785	0.05269	0.68946
477 T	0.25245	0.05796	0.68958
478 A	0.24570	0.06458	0.68972
479 C	0.24218	0.06755	0.69027
480 T	0.23896	0.07095	0.69009
481 A	0.23523	0.07549	0.68928
482 A	0.23413	0.07701	0.68887
483 A	0.23417	0.07744	0.68839
484 G	0.23486	0.07663	0.68851
485 A	0.23559	0.07508	0.68933
486 T	0.23518	0.07485	0.68997
487 A	0.23338	0.07655	0.69007
488 A	0.23260	0.07657	0.69084
489 A	0.23237	0.07691	0.69072
490 A	0.23261	0.07717	0.69022
491 G	0.23408	0.07519	0.69074
492 T	0.23760	0.07131	0.6911
493 T	0.23908	0.06948	0.69144
494 A	0.23989	0.06777	0.69234
495 T	0.24195	0.06212	0.69593
496 T	0.24275	0.06035	0.6969
497 T	0.24295	0.05784	0.69922
498 T	0.24055	0.05601	0.70343
499 A	0.23512	0.05867	0.70621
500 T	0.23243	0.05508	0.71249
501 G	0.22131	0.06116	0.71753
502 G	0.21033	0.06948	0.7202
503 C	0.20197	0.07550	0.72254
504 A	0.19586	0.08436	0.71978
505 A	0.19476	0.08869	0.71656
506 T	0.19449	0.09273	0.71278
507 G	0.19274	0.10138	0.70588
508 A	0.19190	0.11094	0.69716
509 A	0.19179	0.11998	0.68823
510 A	0.19160	0.11905	0.68935
511 G	0.19250	0.11661	0.69089
512 G	0.19411	0.11427	0.69163
513 T	0.19631	0.11149	0.69219
514 C	0.19677	0.11080	0.69244
515 C	0.19768	0.11042	0.6919
516 T	0.19923	0.11074	0.69002
517 A	0.19935	0.11447	0.68617
518 A	0.19889	0.11655	0.68456
519 T	0.19928	0.11862	0.6821
520 T	0.19842	0.12089	0.68069
521 A	0.19340	0.12421	0.68239
522 T	0.18464	0.12786	0.68749
523 A	0.17584	0.13420	0.68995
524 A	0.16996	0.13042	0.69962
525 A	0.16757	0.12278	0.70965
526 G	0.16726	0.11503	0.71772
527 C	0.17066	0.10691	0.72243
528 A	0.17270	0.11768	0.70962
529 G	0.17672	0.11932	0.70396
530 A	0.18183	0.12351	0.69467
531 A	0.18954	0.11591	0.69455
532 T	0.19803	0.10724	0.69473
533 T	0.19797	0.10608	0.69595
534 T	0.19657	0.10776	0.69568
535 C	0.19260	0.11323	0.69416
536 A	0.18940	0.12725	0.68335
537 A	0.18764	0.13170	0.68066
538 G	0.18724	0.13442	0.67834
539 A	0.18753	0.13678	0.67569
540 T	0.19058	0.13548	0.67393
541 A	0.18945	0.13519	0.67535
542 T	0.18937	0.13416	0.67647
543 A	0.18577	0.13547	0.67876
544 A	0.18481	0.13034	0.68484
545 C	0.18435	0.11939	0.69626
546 A	0.18277	0.11521	0.70201
547 C	0.18237	0.11157	0.70605
548 A	0.18196	0.11614	0.70189
549 A	0.18198	0.12368	0.69433
550 A	0.18269	0.13163	0.68568
551 T	0.19548	0.11936	0.68516
552 G	0.19826	0.11675	0.685
553 T	0.20467	0.11000	0.68533
554 A	0.20088	0.11830	0.68082
555 T	0.19908	0.12055	0.68037
556 C	0.19757	0.12374	0.6787
557 A	0.19642	0.13000	0.67358
558 A	0.19766	0.12968	0.67266
559 T	0.20755	0.11926	0.67318
560 T	0.20903	0.11780	0.67318
561 T	0.20948	0.11765	0.67288
562 G	0.20885	0.11702	0.67413
563 A	0.20796	0.11737	0.67466
564 A	0.20813	0.11516	0.67671
565 T	0.20862	0.11277	0.67862
566 T	0.20837	0.11131	0.68032
567 A	0.20733	0.11325	0.67942
568 A	0.20686	0.11366	0.67948
569 A	0.20561	0.11431	0.68008
570 A	0.20571	0.11360	0.68068
571 A	0.21048	0.10696	0.68256
572 A	0.21926	0.09612	0.68463
573 T	0.22963	0.08203	0.68834
574 A	0.23288	0.07792	0.6892
575 A	0.23532	0.07315	0.69152
576 A	0.24014	0.06617	0.69369
577 T	0.24929	0.05227	0.69844
578 T	0.25263	0.04692	0.70045
579 T	0.25542	0.04307	0.70151
580 T	0.25781	0.04064	0.70155
581 T	0.25730	0.04140	0.70131
582 T	0.25400	0.04379	0.7022
583 T	0.24684	0.05046	0.70269
584 T	0.23335	0.06369	0.70296
585 A	0.21822	0.07878	0.703
586 C	0.21102	0.08576	0.70322
587 A	0.19925	0.10388	0.69687
588 A	0.18974	0.11397	0.69628
589 T	0.18720	0.11636	0.69644
590 T	0.18242	0.12078	0.6968
591 A	0.17378	0.13001	0.69621
592 C	0.16977	0.13230	0.69793
593 C	0.16701	0.13511	0.69789
594 T	0.16468	0.13982	0.6955
595 G	0.15799	0.15078	0.69124
596 A	0.15467	0.15691	0.68842
597 A	0.15369	0.15925	0.68706
598 G	0.15339	0.16023	0.68638
599 A	0.15363	0.16072	0.68566
600 A	0.15456	0.15946	0.68598
601 T	0.15669	0.15583	0.68749
602 A	0.15724	0.15234	0.69042
603 T	0.15888	0.14692	0.6942
604 G	0.15942	0.14172	0.69886
605 G	0.15963	0.13504	0.70533
606 T	0.16010	0.12834	0.71156
607 A	0.16009	0.11824	0.72168
608 A	0.16047	0.10892	0.73062
609 A	0.16132	0.10253	0.73614
610 A	0.16666	0.08674	0.74661
611 G	0.16650	0.07692	0.75658
612 A	0.16585	0.07776	0.75639
613 G	0.16544	0.07773	0.75683
614 T	0.16652	0.08708	0.7464
615 T	0.16557	0.09771	0.73671
616 A	0.16066	0.12394	0.7154
617 A	0.16241	0.12587	0.71172
618 T	0.16657	0.11830	0.71513
619 T	0.16837	0.11732	0.71432
620 T	0.16909	0.11709	0.71382
621 A	0.16922	0.11768	0.7131
622 T	0.17013	0.11633	0.71355
623 T	0.17042	0.11577	0.71381
624 A	0.17058	0.11542	0.714
625 T	0.17095	0.11469	0.71436
626 T	0.17120	0.11415	0.71465
627 T	0.17137	0.11359	0.71504
628 C	0.17155	0.11317	0.71529
629 A	0.17192	0.11272	0.71537
630 A	0.17249	0.11193	0.71558
631 A	0.17342	0.11074	0.71584
632 A	0.17486	0.10888	0.71626
633 A	0.17739	0.10603	0.71658
634 A	0.18228	0.09973	0.71799
635 A	0.19182	0.08850	0.71967
636 A	0.20452	0.07364	0.72184
637 T	0.22810	0.04791	0.72399
638 A	0.24190	0.03169	0.72642
639 A	0.26721	0.00000	0.73279
