# lcl|CP097583.1_cds_USQ93281.1_1
# AA	inside	membr	outside
1 T	0.60499	0.00000	0.39501
2 T	0.60362	0.00138	0.39501
3 G	0.60202	0.00297	0.39501
4 T	0.60202	0.07682	0.32115
5 T	0.56652	0.25314	0.18034
6 T	0.56652	0.27567	0.15781
7 A	0.33069	0.52209	0.14722
8 A	0.33068	0.52251	0.14681
9 A	0.27753	0.57815	0.14432
10 A	0.27748	0.65313	0.06939
11 A	0.27472	0.65647	0.06881
12 A	0.20389	0.72747	0.06865
13 A	0.15418	0.77723	0.06859
14 T	0.15417	0.77724	0.06859
15 C	0.15417	0.77735	0.06848
16 T	0.15163	0.77989	0.06848
17 C	0.14167	0.78986	0.06847
18 C	0.14126	0.79036	0.06838
19 A	0.13027	0.80156	0.06817
20 T	0.10935	0.82385	0.06681
21 A	0.04624	0.88697	0.06679
22 A	0.04477	0.88845	0.06678
23 A	0.04447	0.88852	0.06701
24 A	0.04703	0.88463	0.06834
25 A	0.05899	0.84525	0.09576
26 C	0.07430	0.79928	0.12642
27 A	0.14466	0.68096	0.17439
28 T	0.27143	0.50709	0.22148
29 C	0.28914	0.47187	0.239
30 A	0.30606	0.38177	0.31218
31 T	0.31611	0.36952	0.31437
32 T	0.32120	0.31079	0.36802
33 T	0.35844	0.27064	0.37092
34 A	0.34065	0.30073	0.35862
35 T	0.33670	0.25587	0.40744
36 A	0.31999	0.27517	0.40484
37 A	0.27704	0.36070	0.36226
38 A	0.24266	0.42510	0.33224
39 A	0.15949	0.57945	0.26107
40 A	0.11171	0.65304	0.23525
41 A	0.09798	0.70609	0.19593
42 T	0.09233	0.71646	0.19121
43 A	0.08322	0.73423	0.18256
44 T	0.07362	0.74919	0.17719
45 A	0.05547	0.79326	0.15127
46 A	0.04600	0.81759	0.1364
47 A	0.03888	0.83830	0.12282
48 A	0.03599	0.84765	0.11636
49 A	0.03511	0.85199	0.11291
50 A	0.03507	0.85166	0.11327
51 T	0.03571	0.85003	0.11425
52 T	0.03607	0.84808	0.11585
53 A	0.03613	0.84692	0.11695
54 C	0.03686	0.84247	0.12067
55 A	0.03793	0.84052	0.12156
56 A	0.04148	0.83422	0.1243
57 A	0.05548	0.80968	0.13484
58 A	0.07868	0.78215	0.13916
59 A	0.12792	0.72010	0.15199
60 T	0.18754	0.60922	0.20324
61 A	0.22190	0.53921	0.23889
62 A	0.29516	0.38962	0.31522
63 A	0.34366	0.29491	0.36143
64 T	0.41940	0.19764	0.38296
65 T	0.45233	0.15211	0.39556
66 T	0.48290	0.10974	0.40736
67 T	0.51364	0.07014	0.41623
68 T	0.52924	0.04243	0.42833
69 T	0.53537	0.03412	0.4305
70 T	0.54081	0.02664	0.43255
71 A	0.54349	0.02641	0.4301
72 T	0.54625	0.02467	0.42908
73 T	0.54624	0.02571	0.42805
74 T	0.54462	0.03116	0.42422
75 T	0.54133	0.04047	0.4182
76 T	0.53748	0.05321	0.40931
77 T	0.53164	0.06437	0.40399
78 A	0.51942	0.08022	0.40036
79 T	0.51397	0.08743	0.3986
80 T	0.50429	0.09748	0.39824
81 A	0.49446	0.10778	0.39777
82 A	0.48944	0.11298	0.39758
83 T	0.48717	0.11530	0.39753
84 C	0.48350	0.11900	0.3975
85 T	0.48225	0.12026	0.39749
86 T	0.48067	0.12187	0.39745
87 A	0.47815	0.12446	0.39739
88 A	0.47749	0.12518	0.39733
89 C	0.47860	0.12404	0.39736
90 T	0.48017	0.12239	0.39744
91 G	0.48160	0.12082	0.39758
92 T	0.48747	0.11481	0.39771
93 T	0.49022	0.11183	0.39795
94 T	0.49360	0.10814	0.39825
95 T	0.49499	0.10582	0.39918
96 A	0.49646	0.10320	0.40035
97 A	0.50040	0.09618	0.40342
98 T	0.50844	0.08156	0.41
99 T	0.51694	0.06702	0.41604
100 T	0.52069	0.05685	0.42247
101 T	0.52181	0.04634	0.43185
102 A	0.52112	0.04251	0.43637
103 T	0.52105	0.03410	0.44485
104 T	0.52055	0.02641	0.45304
105 T	0.51907	0.02369	0.45724
106 T	0.51541	0.02541	0.45918
107 T	0.50819	0.03088	0.46093
108 A	0.49545	0.04474	0.45981
109 G	0.49118	0.04860	0.46022
110 A	0.48972	0.04905	0.46123
111 T	0.48943	0.04871	0.46187
112 T	0.48905	0.04944	0.46152
113 T	0.48869	0.04999	0.46132
114 T	0.48817	0.05020	0.46162
115 T	0.48733	0.05104	0.46163
116 T	0.48603	0.05260	0.46136
117 T	0.48407	0.05478	0.46115
118 C	0.48072	0.05819	0.46109
119 A	0.47875	0.06079	0.46045
120 T	0.47749	0.06239	0.46012
121 A	0.47547	0.06505	0.45948
122 G	0.47508	0.06556	0.45936
123 T	0.47560	0.06541	0.459
124 T	0.47579	0.06471	0.4595
125 T	0.47523	0.06521	0.45956
126 T	0.47357	0.06922	0.45722
127 A	0.47099	0.07840	0.45062
128 A	0.46624	0.09086	0.44291
129 A	0.46549	0.09956	0.43495
130 A	0.46586	0.10074	0.4334
131 T	0.46795	0.09457	0.43748
132 T	0.46809	0.10461	0.4273
133 T	0.46414	0.13600	0.39986
134 A	0.43640	0.19460	0.369
135 T	0.42665	0.21784	0.35551
136 A	0.40903	0.25413	0.33684
137 A	0.40353	0.26583	0.33064
138 A	0.40080	0.27061	0.32859
139 T	0.39960	0.27210	0.32829
140 T	0.39760	0.27623	0.32617
141 T	0.39558	0.27655	0.32787
142 A	0.39341	0.27915	0.32745
143 A	0.39253	0.28000	0.32747
144 T	0.39255	0.27893	0.32853
145 C	0.39208	0.27942	0.3285
146 A	0.39118	0.28232	0.32649
147 A	0.39120	0.28236	0.32644
148 A	0.39269	0.28064	0.32666
149 A	0.39536	0.27686	0.32778
150 A	0.40272	0.26789	0.32939
151 C	0.41329	0.25180	0.3349
152 A	0.42605	0.23830	0.33565
153 A	0.43587	0.22727	0.33686
154 A	0.44660	0.21531	0.33808
155 A	0.46339	0.19685	0.33976
156 T	0.49749	0.15845	0.34406
157 T	0.52620	0.10142	0.37238
158 A	0.53659	0.08109	0.38231
159 T	0.55170	0.04766	0.40064
160 T	0.55553	0.03808	0.40639
161 T	0.55533	0.03517	0.4095
162 G	0.55381	0.03417	0.41202
163 C	0.55511	0.03074	0.41414
164 C	0.55510	0.03069	0.41421
165 T	0.55679	0.02926	0.41395
166 T	0.55738	0.02904	0.41359
167 T	0.55705	0.02957	0.41338
168 A	0.55560	0.03124	0.41316
169 C	0.55615	0.02972	0.41412
170 C	0.55490	0.03069	0.41442
171 T	0.55391	0.03835	0.40775
172 A	0.55265	0.04291	0.40444
173 A	0.55162	0.04937	0.399
174 T	0.55104	0.05151	0.39745
175 T	0.55022	0.05384	0.39594
176 T	0.54838	0.05748	0.39414
177 A	0.54670	0.06014	0.39317
178 A	0.54626	0.06096	0.39278
179 A	0.54608	0.06100	0.39292
180 A	0.54617	0.06026	0.39356
181 T	0.54725	0.05752	0.39523
182 G	0.54749	0.05602	0.39649
183 G	0.54789	0.05419	0.39792
184 T	0.54865	0.05180	0.39954
185 A	0.54905	0.04982	0.40114
186 T	0.54965	0.04752	0.40283
187 C	0.55035	0.04566	0.404
188 A	0.55092	0.04524	0.40384
189 T	0.55175	0.04414	0.40411
190 T	0.55237	0.04435	0.40328
191 T	0.55301	0.04395	0.40304
192 A	0.55334	0.04513	0.40152
193 A	0.55450	0.04227	0.40322
194 T	0.56058	0.03446	0.40496
195 A	0.56353	0.02953	0.40694
196 T	0.56932	0.02151	0.40917
197 C	0.57065	0.01895	0.4104
198 T	0.57227	0.01921	0.40852
199 T	0.57333	0.01768	0.40899
200 T	0.57350	0.01717	0.40933
201 T	0.57228	0.01906	0.40865
202 T	0.56952	0.02237	0.40812
203 C	0.56413	0.02820	0.40766
204 T	0.55955	0.03447	0.40598
205 A	0.55445	0.04143	0.40412
206 A	0.55062	0.04560	0.40378
207 A	0.54859	0.04791	0.4035
208 T	0.54798	0.04888	0.40314
209 A	0.54657	0.05091	0.40253
210 C	0.54653	0.05075	0.40271
211 A	0.54693	0.05035	0.40271
212 G	0.54762	0.04966	0.40273
213 T	0.54897	0.04827	0.40276
214 C	0.54968	0.04750	0.40282
215 T	0.55110	0.04625	0.40265
216 A	0.55088	0.04649	0.40262
217 T	0.55105	0.04623	0.40273
218 T	0.55106	0.04609	0.40285
219 A	0.55068	0.04645	0.40287
220 G	0.55088	0.04513	0.40399
221 T	0.55356	0.04168	0.40475
222 T	0.55404	0.04019	0.40576
223 A	0.55441	0.03886	0.40672
224 T	0.55587	0.03541	0.40871
225 T	0.55652	0.03174	0.41174
226 T	0.55674	0.02646	0.4168
227 T	0.55700	0.02145	0.42156
228 A	0.55733	0.01760	0.42507
229 T	0.55748	0.01431	0.42821
230 C	0.55584	0.01428	0.42988
231 A	0.55501	0.01484	0.43015
232 T	0.55489	0.01411	0.431
233 T	0.55365	0.01560	0.43075
234 A	0.55169	0.01833	0.42998
235 T	0.55089	0.01966	0.42945
236 T	0.55044	0.02014	0.42942
237 T	0.54957	0.02130	0.42913
238 T	0.54812	0.02432	0.42755
239 T	0.54450	0.03097	0.42453
240 T	0.53811	0.04223	0.41965
241 A	0.49765	0.09118	0.41117
242 T	0.47606	0.11543	0.40851
243 A	0.43825	0.15397	0.40778
244 A	0.41713	0.17553	0.40734
245 T	0.40885	0.18368	0.40747
246 A	0.38956	0.20274	0.4077
247 C	0.37517	0.21666	0.40817
248 T	0.36026	0.23240	0.40733
249 T	0.32260	0.27170	0.40569
250 A	0.23564	0.36257	0.40179
251 A	0.16508	0.43687	0.39805
252 A	0.12827	0.47491	0.39682
253 G	0.10259	0.49967	0.39774
254 A	0.08830	0.51286	0.39885
255 G	0.07667	0.52348	0.39984
256 A	0.06812	0.53099	0.40089
257 A	0.06083	0.53693	0.40224
258 C	0.05335	0.54368	0.40296
259 A	0.04784	0.55124	0.40092
260 A	0.04547	0.55538	0.39914
261 A	0.04412	0.55736	0.39851
262 A	0.04657	0.55376	0.39967
263 A	0.05065	0.54557	0.40378
264 T	0.05808	0.49639	0.44552
265 A	0.05817	0.47987	0.46196
266 A	0.05760	0.44883	0.49357
267 T	0.05517	0.43837	0.50646
268 A	0.04798	0.44829	0.50373
269 A	0.04286	0.44092	0.51622
270 A	0.03731	0.43297	0.52972
271 A	0.03633	0.41531	0.54836
272 A	0.03680	0.37582	0.58737
273 A	0.04016	0.29510	0.66475
274 T	0.04408	0.22581	0.7301
275 A	0.04409	0.20764	0.74827
276 T	0.04483	0.20406	0.7511
277 A	0.04467	0.21140	0.74392
278 A	0.04464	0.22025	0.73511
279 A	0.04469	0.21861	0.73671
280 A	0.04568	0.20963	0.74469
281 T	0.04705	0.19913	0.75382
282 A	0.04929	0.19070	0.76001
283 A	0.05209	0.18370	0.76421
284 C	0.05552	0.17543	0.76906
285 T	0.05947	0.17116	0.76937
286 A	0.06141	0.16935	0.76924
287 A	0.06582	0.16565	0.76853
288 T	0.07762	0.15357	0.7688
289 T	0.08205	0.14927	0.76868
290 T	0.08731	0.14210	0.7706
291 T	0.09088	0.13628	0.77284
292 A	0.08891	0.13534	0.77575
293 T	0.08795	0.13150	0.78056
294 A	0.07940	0.13840	0.78219
295 G	0.07838	0.13786	0.78376
296 C	0.08170	0.13377	0.78453
297 A	0.08773	0.12768	0.78459
298 C	0.10260	0.11207	0.78534
299 T	0.12554	0.08929	0.78517
300 A	0.14039	0.07498	0.78462
301 T	0.15673	0.05859	0.78467
302 G	0.16085	0.05420	0.78495
303 T	0.16134	0.05372	0.78494
304 T	0.15944	0.05577	0.78479
305 C	0.15457	0.06073	0.78471
306 T	0.14993	0.06812	0.78195
307 A	0.14534	0.07856	0.7761
308 T	0.14402	0.08160	0.77438
309 A	0.14013	0.08741	0.77246
310 A	0.13889	0.08976	0.77135
311 T	0.14011	0.08862	0.77127
312 A	0.13735	0.09121	0.77144
313 A	0.13812	0.08973	0.77215
314 A	0.14207	0.08345	0.77448
315 T	0.14406	0.07686	0.77908
316 A	0.14460	0.07303	0.78237
317 T	0.14504	0.06415	0.79081
318 T	0.14515	0.06132	0.79353
319 T	0.14509	0.05985	0.79506
320 T	0.14491	0.05945	0.79564
321 A	0.14462	0.05952	0.79586
322 A	0.14473	0.05894	0.79633
323 T	0.14525	0.05730	0.79745
324 A	0.14527	0.05663	0.7981
325 A	0.14556	0.05463	0.79981
326 A	0.14612	0.05187	0.80201
327 T	0.14743	0.04602	0.80655
328 A	0.14831	0.03912	0.81257
329 C	0.15195	0.02800	0.82004
330 T	0.15810	0.01838	0.82353
331 T	0.15982	0.01523	0.82495
332 T	0.16074	0.01211	0.82715
333 T	0.16120	0.01025	0.82856
334 T	0.16128	0.00983	0.82889
335 G	0.16127	0.00633	0.83239
336 T	0.16143	0.00503	0.83354
337 T	0.16149	0.00467	0.83384
338 T	0.16150	0.00456	0.83394
339 T	0.16152	0.00445	0.83403
340 C	0.16139	0.00439	0.83422
341 G	0.16108	0.00480	0.83412
342 T	0.16111	0.00507	0.83381
343 T	0.16115	0.00527	0.83359
344 C	0.16108	0.00540	0.83351
345 T	0.16103	0.00582	0.83315
346 T	0.16071	0.00667	0.83261
347 T	0.16043	0.00759	0.83197
348 T	0.16011	0.00891	0.83099
349 A	0.15950	0.01184	0.82865
350 T	0.15927	0.01277	0.82796
351 A	0.15897	0.01365	0.82737
352 A	0.15878	0.01425	0.82697
353 G	0.15866	0.01454	0.8268
354 A	0.15855	0.01468	0.82676
355 G	0.15854	0.01470	0.82677
356 A	0.15873	0.01451	0.82676
357 T	0.15900	0.01419	0.82681
358 C	0.15901	0.01413	0.82686
359 T	0.15899	0.01429	0.82672
360 A	0.15859	0.01495	0.82645
361 A	0.15846	0.01539	0.82614
362 A	0.15848	0.01570	0.82582
363 T	0.15864	0.01561	0.82574
364 A	0.15868	0.01559	0.82573
365 T	0.15934	0.01470	0.82596
366 T	0.15970	0.01405	0.82624
367 T	0.15970	0.01369	0.82662
368 A	0.15963	0.01341	0.82696
369 C	0.16001	0.01223	0.82776
370 C	0.16024	0.01172	0.82804
371 C	0.16108	0.01075	0.82817
372 T	0.16317	0.00861	0.82822
373 T	0.16347	0.00830	0.82823
374 C	0.16320	0.00856	0.82823
375 T	0.16261	0.00923	0.82816
376 G	0.16172	0.01017	0.82811
377 A	0.16140	0.01044	0.82815
378 T	0.16121	0.01081	0.82797
379 A	0.16084	0.01131	0.82785
380 T	0.16072	0.01120	0.82807
381 T	0.16044	0.01130	0.82826
382 A	0.15940	0.01234	0.82826
383 A	0.15906	0.01227	0.82868
384 A	0.15920	0.01183	0.82897
385 T	0.15949	0.01130	0.82921
386 A	0.15961	0.01101	0.82938
387 C	0.15999	0.01022	0.82979
388 T	0.16002	0.01010	0.82989
389 T	0.15995	0.01010	0.82996
390 T	0.15984	0.01017	0.82999
391 A	0.15966	0.01043	0.82992
392 A	0.15954	0.01071	0.82975
393 T	0.15950	0.01034	0.83016
394 T	0.15944	0.01017	0.83039
395 T	0.15938	0.01005	0.83057
396 A	0.15933	0.00986	0.8308
397 A	0.15937	0.00929	0.83135
398 T	0.15951	0.00831	0.83217
399 T	0.15966	0.00728	0.83306
400 A	0.15979	0.00677	0.83343
401 T	0.16016	0.00597	0.83387
402 T	0.16034	0.00528	0.83439
403 T	0.16038	0.00491	0.83471
404 A	0.16041	0.00452	0.83507
405 T	0.16053	0.00348	0.83599
406 T	0.16055	0.00309	0.83636
407 A	0.16055	0.00311	0.83634
408 T	0.16057	0.00305	0.83638
409 T	0.16058	0.00309	0.83632
410 T	0.16057	0.00319	0.83623
411 A	0.16049	0.00339	0.83611
412 G	0.16050	0.00339	0.83611
413 A	0.16056	0.00344	0.836
414 A	0.16075	0.00308	0.83616
415 T	0.16109	0.00262	0.8363
416 T	0.16129	0.00232	0.83638
417 T	0.16144	0.00211	0.83646
418 C	0.16149	0.00199	0.83653
419 T	0.16158	0.00191	0.83651
420 T	0.16159	0.00189	0.83652
421 T	0.16159	0.00190	0.83651
422 T	0.16157	0.00192	0.83652
423 T	0.16151	0.00197	0.83652
424 C	0.16140	0.00206	0.83653
425 T	0.16134	0.00212	0.83654
426 T	0.16126	0.00219	0.83655
427 C	0.16112	0.00233	0.83655
428 C	0.16106	0.00238	0.83655
429 A	0.16109	0.00235	0.83656
430 T	0.16129	0.00214	0.83657
431 C	0.16140	0.00203	0.83657
432 T	0.16158	0.00185	0.83657
433 T	0.16173	0.00168	0.83659
434 T	0.16186	0.00147	0.83668
435 A	0.16190	0.00140	0.83669
436 T	0.16207	0.00121	0.83672
437 T	0.16209	0.00115	0.83676
438 T	0.16205	0.00117	0.83678
439 T	0.16191	0.00131	0.83678
440 T	0.16163	0.00161	0.83676
441 A	0.16133	0.00191	0.83676
442 T	0.16123	0.00200	0.83677
443 T	0.16112	0.00208	0.8368
444 T	0.16093	0.00222	0.83684
445 T	0.16056	0.00255	0.83689
446 T	0.15986	0.00323	0.83692
447 T	0.15907	0.00404	0.83689
448 T	0.15825	0.00489	0.83687
449 A	0.15733	0.00580	0.83686
450 T	0.15705	0.00600	0.83696
451 T	0.15681	0.00616	0.83703
452 T	0.15625	0.00668	0.83707
453 T	0.15553	0.00739	0.83708
454 T	0.15452	0.00838	0.83709
455 C	0.15348	0.00945	0.83708
456 G	0.15072	0.01236	0.83693
457 A	0.14851	0.01482	0.83667
458 A	0.14684	0.01681	0.83636
459 T	0.14575	0.01823	0.83602
460 A	0.14429	0.01994	0.83577
461 A	0.14379	0.02059	0.83563
462 A	0.14343	0.02098	0.83559
463 T	0.14328	0.02088	0.83584
464 T	0.14278	0.02128	0.83594
465 T	0.14164	0.02280	0.83556
466 A	0.13999	0.02487	0.83513
467 A	0.13852	0.02665	0.83483
468 A	0.13736	0.02812	0.83452
469 G	0.13675	0.02790	0.83536
470 T	0.13659	0.02724	0.83617
471 T	0.13609	0.02701	0.83691
472 T	0.13501	0.02729	0.8377
473 C	0.13278	0.02916	0.83806
474 A	0.13112	0.03090	0.83798
475 T	0.13031	0.03136	0.83833
476 G	0.12864	0.03279	0.83857
477 G	0.12767	0.03342	0.83891
478 A	0.12727	0.03370	0.83903
479 A	0.12698	0.03189	0.84114
480 A	0.12659	0.03079	0.84262
481 A	0.12658	0.02993	0.84349
482 T	0.12678	0.02916	0.84406
483 G	0.12672	0.02891	0.84437
484 A	0.12680	0.02935	0.84385
485 T	0.12698	0.02915	0.84387
486 A	0.12692	0.02957	0.84351
487 A	0.12707	0.02896	0.84398
488 T	0.12765	0.02732	0.84503
489 A	0.12798	0.02578	0.84624
490 A	0.12843	0.02403	0.84754
491 T	0.12923	0.02183	0.84894
492 T	0.12934	0.02074	0.84992
493 A	0.12937	0.02026	0.85038
494 T	0.12958	0.01909	0.85134
495 T	0.12971	0.01783	0.85245
496 T	0.12980	0.01592	0.85428
497 T	0.12989	0.01469	0.85543
498 A	0.12962	0.01457	0.85581
499 T	0.12968	0.01334	0.85697
500 T	0.12935	0.01341	0.85724
501 A	0.12861	0.01510	0.85629
502 A	0.12875	0.01518	0.85606
503 A	0.12951	0.01412	0.85636
504 T	0.13069	0.01291	0.85639
505 T	0.13146	0.01253	0.85601
506 T	0.13229	0.01181	0.8559
507 T	0.13284	0.01145	0.85572
508 A	0.13291	0.01175	0.85534
509 T	0.13338	0.01128	0.85534
510 T	0.13349	0.01133	0.85518
511 T	0.13347	0.01148	0.85505
512 T	0.13348	0.01154	0.85498
513 T	0.13336	0.01184	0.85481
514 T	0.13312	0.01221	0.85466
515 A	0.13267	0.01285	0.85448
516 T	0.13247	0.01319	0.85434
517 T	0.13209	0.01397	0.85394
518 T	0.13152	0.01488	0.8536
519 A	0.13051	0.01622	0.85327
520 A	0.13023	0.01653	0.85324
521 T	0.13030	0.01619	0.85351
522 A	0.12972	0.01681	0.85347
523 A	0.12997	0.01611	0.85391
524 T	0.13125	0.01408	0.85468
525 T	0.13175	0.01354	0.85471
526 A	0.13180	0.01370	0.8545
527 A	0.13220	0.01343	0.85437
528 T	0.13297	0.01268	0.85435
529 T	0.13330	0.01274	0.85395
530 T	0.13338	0.01314	0.85348
531 T	0.13344	0.01339	0.85316
532 A	0.13189	0.01565	0.85247
533 T	0.13132	0.01636	0.85232
534 T	0.13033	0.01749	0.85219
535 T	0.12699	0.02153	0.85148
536 T	0.12343	0.02555	0.85103
537 A	0.11968	0.03055	0.84976
538 A	0.11770	0.03360	0.84871
539 A	0.11691	0.03436	0.84872
540 T	0.11674	0.03436	0.8489
541 T	0.11651	0.03448	0.84901
542 T	0.11623	0.03480	0.84898
543 A	0.11501	0.03601	0.84898
544 A	0.11415	0.03697	0.84887
545 T	0.11380	0.03663	0.84957
546 A	0.11272	0.03765	0.84963
547 C	0.11162	0.03871	0.84967
548 A	0.11074	0.04002	0.84925
549 C	0.11043	0.04038	0.84919
550 A	0.11025	0.04104	0.84871
551 A	0.11055	0.04102	0.84844
552 T	0.11115	0.04049	0.84836
553 T	0.11145	0.04000	0.84856
554 A	0.11027	0.04099	0.84875
555 T	0.11003	0.03828	0.85169
556 G	0.10771	0.03920	0.85309
557 A	0.10618	0.03966	0.85416
558 T	0.10582	0.03780	0.85638
559 G	0.10206	0.04141	0.85653
560 A	0.10141	0.04060	0.85799
561 T	0.10208	0.03923	0.85869
562 A	0.10067	0.04289	0.85644
563 T	0.09944	0.04648	0.85408
564 C	0.09662	0.05169	0.8517
565 A	0.09532	0.05361	0.85106
566 A	0.09224	0.05675	0.85101
567 A	0.09127	0.05773	0.851
568 A	0.09105	0.05772	0.85123
569 C	0.09122	0.05676	0.85202
570 A	0.09144	0.05610	0.85246
571 T	0.09200	0.05495	0.85305
572 T	0.09207	0.05474	0.85319
573 T	0.09207	0.05488	0.85305
574 T	0.09191	0.05575	0.85235
575 T	0.09153	0.05678	0.85169
576 A	0.09092	0.05816	0.85092
577 A	0.09065	0.05780	0.85155
578 A	0.09062	0.05743	0.85195
579 A	0.09071	0.05491	0.85438
580 G	0.09028	0.05347	0.85625
581 A	0.09120	0.05125	0.85755
582 A	0.09404	0.04358	0.86238
583 C	0.09541	0.04023	0.86436
584 A	0.09678	0.03971	0.86351
585 A	0.10036	0.03559	0.86404
586 T	0.10434	0.03066	0.86501
587 T	0.10673	0.02670	0.86657
588 A	0.10714	0.02761	0.86525
589 A	0.10759	0.02704	0.86537
590 T	0.10831	0.02921	0.86248
591 T	0.10754	0.04156	0.8509
592 A	0.10713	0.04561	0.84727
593 A	0.10747	0.04577	0.84676
594 T	0.10791	0.04501	0.84707
595 T	0.10759	0.04523	0.84717
596 C	0.10678	0.04613	0.8471
597 C	0.10425	0.04944	0.84632
598 G	0.10344	0.05339	0.84317
599 A	0.10391	0.05348	0.8426
600 T	0.10476	0.05283	0.84241
601 A	0.10479	0.05299	0.84222
602 A	0.10465	0.05316	0.8422
603 C	0.10474	0.05248	0.84278
604 A	0.10488	0.05230	0.84282
605 A	0.10494	0.05220	0.84287
606 A	0.10535	0.05176	0.84289
607 T	0.10684	0.05021	0.84295
608 C	0.10739	0.04963	0.84298
609 G	0.10804	0.04897	0.84298
610 G	0.10918	0.04779	0.84303
611 A	0.11170	0.04520	0.8431
612 A	0.11489	0.04196	0.84315
613 A	0.11912	0.03765	0.84323
614 C	0.13071	0.02435	0.84494
615 A	0.13462	0.01993	0.84544
616 T	0.13653	0.01755	0.84593
617 A	0.13745	0.01675	0.84581
618 T	0.13949	0.01389	0.84662
619 T	0.14028	0.01225	0.84748
620 T	0.14096	0.00828	0.85076
621 T	0.14212	0.00584	0.85204
622 C	0.14233	0.00544	0.85223
623 T	0.14242	0.00858	0.849
624 A	0.14231	0.01020	0.84749
625 A	0.14181	0.01069	0.84749
626 T	0.14216	0.01030	0.84755
627 T	0.14227	0.01017	0.84756
628 C	0.14220	0.01013	0.84767
629 C	0.14224	0.01051	0.84725
630 T	0.14227	0.01140	0.84634
631 T	0.14220	0.01205	0.84576
632 A	0.14204	0.01272	0.84524
633 T	0.14146	0.01339	0.84516
634 A	0.14089	0.01422	0.84489
635 T	0.14058	0.01473	0.84469
636 A	0.13992	0.01548	0.84459
637 C	0.13958	0.01597	0.84445
638 A	0.13941	0.01619	0.8444
639 A	0.13908	0.01657	0.84436
640 A	0.13934	0.01631	0.84434
641 T	0.13948	0.01617	0.84435
642 C	0.13920	0.01646	0.84434
643 A	0.13955	0.01619	0.84426
644 T	0.14018	0.01547	0.84434
645 A	0.14049	0.01509	0.84443
646 A	0.14297	0.01248	0.84454
647 T	0.14450	0.01071	0.84479
648 C	0.14459	0.00982	0.84559
649 T	0.14486	0.00944	0.8457
650 C	0.14502	0.00925	0.84573
651 T	0.14514	0.00945	0.8454
652 T	0.14519	0.00946	0.84536
653 T	0.14503	0.00964	0.84532
654 T	0.14404	0.01059	0.84538
655 A	0.14282	0.01169	0.84549
656 C	0.14215	0.01156	0.84628
657 A	0.14205	0.01144	0.84651
658 T	0.14220	0.01097	0.84683
659 A	0.14213	0.01067	0.8472
660 T	0.14226	0.01024	0.84751
661 T	0.14221	0.01011	0.84769
662 T	0.14194	0.00987	0.84819
663 A	0.14170	0.00986	0.84844
664 A	0.14157	0.00978	0.84865
665 C	0.14151	0.00933	0.84915
666 T	0.14149	0.00940	0.84911
667 A	0.14129	0.00981	0.84891
668 G	0.14064	0.01072	0.84863
669 T	0.14019	0.01170	0.84811
670 A	0.13978	0.01267	0.84754
671 T	0.13970	0.01273	0.84758
672 A	0.13945	0.01330	0.84726
673 A	0.13944	0.01341	0.84716
674 T	0.13969	0.01303	0.84729
675 T	0.13964	0.01259	0.84777
676 A	0.13933	0.01303	0.84764
677 T	0.13927	0.01280	0.84793
678 T	0.13904	0.01282	0.84814
679 C	0.13761	0.01486	0.84753
680 T	0.13717	0.01764	0.84519
681 T	0.13642	0.01871	0.84487
682 T	0.13516	0.02031	0.84453
683 G	0.13367	0.02214	0.84419
684 T	0.13281	0.02320	0.84399
685 C	0.13203	0.02384	0.84413
686 A	0.13164	0.02463	0.84373
687 A	0.13146	0.02502	0.84352
688 A	0.13136	0.02520	0.84343
689 T	0.13150	0.02506	0.84344
690 A	0.13134	0.02544	0.84323
691 A	0.13143	0.02511	0.84346
692 T	0.13176	0.02505	0.84319
693 T	0.13171	0.02681	0.84149
694 A	0.13113	0.02999	0.83887
695 A	0.13090	0.03281	0.8363
696 A	0.13096	0.03435	0.83469
697 A	0.13122	0.03471	0.83408
698 A	0.13154	0.03457	0.83389
699 A	0.13279	0.03306	0.83415
700 T	0.13476	0.03074	0.8345
701 A	0.13568	0.02923	0.83509
702 T	0.13725	0.02561	0.83714
703 T	0.13894	0.02277	0.83828
704 T	0.13926	0.02142	0.83932
705 C	0.13937	0.02017	0.84047
706 T	0.13965	0.01927	0.84109
707 T	0.13955	0.01928	0.84116
708 T	0.13916	0.01971	0.84113
709 T	0.13846	0.02052	0.84102
710 T	0.13691	0.02246	0.84064
711 A	0.13278	0.02784	0.83938
712 A	0.13083	0.02987	0.8393
713 A	0.13022	0.03019	0.83959
714 A	0.13023	0.02992	0.83985
715 G	0.13109	0.02859	0.84031
716 C	0.13349	0.02582	0.84069
717 A	0.13630	0.02291	0.84079
718 T	0.13930	0.01968	0.84102
719 T	0.14075	0.01827	0.84098
720 T	0.14120	0.01791	0.84089
721 T	0.14134	0.01786	0.8408
722 T	0.14127	0.01803	0.84071
723 A	0.14099	0.01847	0.84054
724 T	0.14088	0.01856	0.84056
725 T	0.14045	0.01916	0.84038
726 A	0.13979	0.01994	0.84027
727 A	0.13967	0.02008	0.84025
728 T	0.13973	0.01983	0.84044
729 A	0.13971	0.01980	0.84049
730 T	0.14005	0.01875	0.84119
731 T	0.14042	0.01757	0.84201
732 G	0.14044	0.01700	0.84256
733 A	0.14057	0.01612	0.8433
734 G	0.14164	0.01201	0.84635
735 T	0.14182	0.01087	0.84731
736 A	0.14172	0.01115	0.84713
737 T	0.14198	0.01080	0.84722
738 A	0.14194	0.01109	0.84696
739 T	0.14221	0.01091	0.84688
740 T	0.14238	0.01084	0.84678
741 A	0.14205	0.01135	0.84661
742 T	0.14200	0.01151	0.84648
743 T	0.14173	0.01194	0.84633
744 A	0.14135	0.01242	0.84623
745 T	0.14128	0.01229	0.84643
746 T	0.14106	0.01220	0.84673
747 A	0.14032	0.01278	0.8469
748 T	0.14024	0.01236	0.8474
749 C	0.13987	0.01208	0.84805
750 C	0.13967	0.01217	0.84815
751 G	0.13960	0.01226	0.84813
752 T	0.13987	0.01201	0.84812
753 C	0.13985	0.01207	0.84808
754 A	0.14004	0.01192	0.84804
755 T	0.14066	0.01122	0.84812
756 T	0.14126	0.01044	0.84829
757 A	0.14137	0.01033	0.8483
758 C	0.14193	0.00989	0.84817
759 T	0.14283	0.00957	0.84761
760 T	0.14313	0.01092	0.84595
761 T	0.14331	0.01242	0.84427
762 T	0.14320	0.01518	0.84162
763 A	0.14307	0.01901	0.83793
764 A	0.14288	0.02115	0.83598
765 T	0.14284	0.02341	0.83375
766 T	0.14282	0.02924	0.82793
767 T	0.14228	0.03988	0.81784
768 A	0.13863	0.05063	0.81074
769 A	0.13728	0.06109	0.80163
770 A	0.13664	0.06976	0.79359
771 A	0.13587	0.07405	0.79008
772 G	0.13546	0.07592	0.78862
773 A	0.13511	0.07897	0.78592
774 A	0.13428	0.08104	0.78468
775 T	0.13389	0.08187	0.78424
776 G	0.13345	0.08275	0.7838
777 G	0.13327	0.08294	0.78379
778 A	0.13325	0.08301	0.78373
779 A	0.13336	0.08295	0.78369
780 A	0.13363	0.08257	0.7838
781 C	0.13458	0.08142	0.784
782 A	0.13601	0.08005	0.78394
783 T	0.13850	0.07746	0.78404
784 G	0.14009	0.07573	0.78418
785 C	0.14270	0.07285	0.78444
786 T	0.14611	0.06944	0.78445
787 A	0.14831	0.06681	0.78488
788 C	0.15154	0.06321	0.78525
789 A	0.15944	0.05515	0.78541
790 T	0.17146	0.04262	0.78592
791 C	0.17763	0.03299	0.78938
792 A	0.18597	0.02420	0.78983
793 T	0.19408	0.01635	0.78958
794 T	0.19689	0.01544	0.78767
795 A	0.19619	0.01821	0.7856
796 T	0.19794	0.01645	0.78562
797 T	0.19806	0.01548	0.78645
798 T	0.19573	0.01769	0.78658
799 T	0.19105	0.02296	0.78599
800 C	0.18562	0.02954	0.78484
801 A	0.17178	0.04734	0.78088
802 G	0.16710	0.05252	0.78037
803 A	0.16327	0.05671	0.78002
804 A	0.15906	0.06110	0.77985
805 T	0.15735	0.06291	0.77974
806 C	0.15563	0.06460	0.77978
807 A	0.15517	0.06506	0.77977
808 A	0.15501	0.06516	0.77982
809 A	0.15502	0.06510	0.77988
810 C	0.15505	0.06491	0.78004
811 T	0.15511	0.06484	0.78006
812 C	0.15506	0.06474	0.7802
813 A	0.15452	0.06550	0.77998
814 G	0.15453	0.06542	0.78004
815 G	0.15502	0.06493	0.78006
816 A	0.15570	0.06405	0.78025
817 T	0.15851	0.06029	0.78121
818 C	0.16070	0.05362	0.78568
819 T	0.16147	0.05151	0.78701
820 G	0.16183	0.05063	0.78754
821 G	0.16255	0.05035	0.7871
822 T	0.16361	0.05083	0.78556
823 A	0.16453	0.05331	0.78217
824 T	0.16753	0.04262	0.78985
825 T	0.16779	0.03950	0.79271
826 T	0.16777	0.03597	0.79626
827 T	0.16718	0.03341	0.79941
828 T	0.16638	0.03390	0.79972
829 C	0.16429	0.03716	0.79856
830 C	0.16219	0.05269	0.78512
831 A	0.15895	0.08189	0.75916
832 G	0.15520	0.09534	0.74946
833 A	0.14738	0.12032	0.7323
834 A	0.14203	0.12699	0.73098
835 A	0.13860	0.13095	0.73045
836 C	0.13705	0.13212	0.73083
837 A	0.13559	0.13445	0.72995
838 C	0.13523	0.13578	0.72899
839 A	0.13499	0.14030	0.72471
840 A	0.13485	0.14792	0.71723
841 G	0.13512	0.16749	0.69739
842 A	0.13610	0.18144	0.68246
843 A	0.13708	0.19949	0.66342
844 A	0.14022	0.19772	0.66206
845 T	0.14579	0.19250	0.6617
846 G	0.14980	0.18820	0.662
847 T	0.15503	0.18235	0.66263
848 C	0.15572	0.18089	0.66339
849 A	0.15662	0.18037	0.66301
850 C	0.15837	0.17874	0.6629
851 A	0.16157	0.17700	0.66143
852 A	0.16477	0.17333	0.6619
853 T	0.18023	0.15695	0.66282
854 A	0.19879	0.13612	0.6651
855 T	0.20971	0.12234	0.66796
856 T	0.22448	0.09912	0.67641
857 T	0.22583	0.09240	0.68177
858 T	0.22526	0.09052	0.68422
859 A	0.22147	0.09590	0.68263
860 C	0.21925	0.09941	0.68134
861 A	0.20749	0.11968	0.67283
862 A	0.20873	0.12452	0.66675
863 A	0.21594	0.11938	0.66468
864 T	0.23782	0.09929	0.66289
865 A	0.25112	0.08638	0.66249
866 T	0.26970	0.06724	0.66307
867 T	0.27029	0.06640	0.66331
868 T	0.26941	0.06737	0.66322
869 C	0.26717	0.06988	0.66296
870 T	0.26458	0.07527	0.66015
871 A	0.26003	0.08254	0.65743
872 A	0.25502	0.08967	0.65532
873 T	0.25179	0.09487	0.65334
874 T	0.24401	0.10321	0.65278
875 T	0.22326	0.12490	0.65184
876 A	0.16758	0.18222	0.65021
877 A	0.13152	0.21956	0.64893
878 C	0.09772	0.25424	0.64805
879 A	0.07881	0.28238	0.63881
880 A	0.06763	0.29639	0.63598
881 A	0.06238	0.30457	0.63306
882 A	0.06126	0.30407	0.63467
883 A	0.05915	0.30476	0.63609
884 C	0.06381	0.28600	0.65019
885 T	0.06611	0.28469	0.6492
886 G	0.06115	0.29569	0.64316
887 A	0.05785	0.31695	0.6252
888 A	0.05110	0.34047	0.60843
889 A	0.04655	0.35248	0.60097
890 T	0.04275	0.35771	0.59955
891 A	0.03620	0.36577	0.59803
892 A	0.03342	0.36751	0.59907
893 A	0.03222	0.36724	0.60054
894 A	0.03198	0.36289	0.60513
895 G	0.03148	0.35709	0.61143
896 A	0.03112	0.35507	0.61381
897 A	0.03070	0.34812	0.62118
898 A	0.03126	0.32878	0.63996
899 A	0.03191	0.28256	0.68552
900 A	0.03312	0.24896	0.71792
901 G	0.03490	0.21441	0.75069
902 G	0.04311	0.19385	0.76303
903 A	0.04729	0.19293	0.75978
904 T	0.05252	0.19001	0.75747
905 A	0.05459	0.19008	0.75532
906 T	0.05699	0.18603	0.75699
907 A	0.05790	0.18851	0.75359
908 A	0.06106	0.18917	0.74976
909 A	0.06761	0.18276	0.74963
910 A	0.08624	0.16397	0.74979
911 T	0.10497	0.13741	0.75761
912 T	0.11268	0.12614	0.76118
913 T	0.11477	0.12773	0.7575
914 T	0.11509	0.13375	0.75116
915 A	0.11048	0.15740	0.73212
916 G	0.10736	0.17423	0.71841
917 A	0.10705	0.19258	0.70037
918 A	0.10791	0.20946	0.68263
919 T	0.11175	0.21101	0.67724
920 T	0.11244	0.21691	0.67065
921 A	0.10883	0.22820	0.66297
922 G	0.10404	0.23299	0.66297
923 G	0.10367	0.23383	0.66249
924 A	0.10564	0.23314	0.66122
925 G	0.11055	0.22995	0.6595
926 C	0.12400	0.21867	0.65733
927 T	0.13113	0.21551	0.65335
928 G	0.12495	0.22368	0.65136
929 G	0.12271	0.22706	0.65022
930 A	0.12111	0.22949	0.6494
931 A	0.12265	0.22827	0.64909
932 C	0.12466	0.22622	0.64912
933 T	0.12702	0.22479	0.64819
934 G	0.12306	0.22945	0.64749
935 G	0.12256	0.23009	0.64735
936 A	0.12609	0.22682	0.64708
937 A	0.13389	0.21912	0.647
938 A	0.15138	0.19676	0.65186
939 C	0.16739	0.17621	0.6564
940 G	0.18603	0.15591	0.65807
941 T	0.20487	0.13619	0.65894
942 T	0.20754	0.13337	0.65908
943 A	0.20353	0.13672	0.65975
944 C	0.20102	0.13647	0.66251
945 T	0.19806	0.13356	0.66839
946 A	0.19220	0.13789	0.66992
947 A	0.19031	0.13957	0.67013
948 A	0.19222	0.13719	0.6706
949 T	0.19510	0.13372	0.67118
950 A	0.19694	0.12690	0.67616
951 T	0.19869	0.11198	0.68933
952 T	0.19818	0.10787	0.69395
953 T	0.19483	0.10984	0.69533
954 A	0.18921	0.12286	0.68793
955 A	0.18326	0.13899	0.67776
956 T	0.18213	0.14506	0.67281
957 A	0.17771	0.16798	0.65432
958 G	0.17407	0.17870	0.64723
959 A	0.17065	0.19694	0.63241
960 A	0.16854	0.21510	0.61636
961 A	0.16615	0.22250	0.61135
962 A	0.16552	0.22718	0.6073
963 A	0.16557	0.22611	0.60831
964 T	0.16643	0.22069	0.61288
965 T	0.16679	0.21614	0.61707
966 T	0.16653	0.21059	0.62288
967 G	0.16578	0.20744	0.62678
968 G	0.16552	0.20657	0.62792
969 A	0.16471	0.20764	0.62765
970 G	0.16393	0.20897	0.6271
971 T	0.16437	0.21295	0.62268
972 A	0.16287	0.21966	0.61748
973 G	0.16280	0.22728	0.60993
974 A	0.16341	0.22929	0.6073
975 A	0.16588	0.22861	0.60551
976 A	0.17156	0.22183	0.60661
977 A	0.18402	0.20489	0.61109
978 C	0.20062	0.18161	0.61777
979 A	0.21400	0.16944	0.61655
980 T	0.24154	0.14097	0.61749
981 A	0.25224	0.13133	0.61642
982 A	0.26746	0.11375	0.61879
983 T	0.28367	0.09555	0.62078
984 A	0.28925	0.08695	0.6238
985 T	0.29692	0.07728	0.6258
986 C	0.29734	0.07589	0.62678
987 T	0.29834	0.07522	0.62644
988 A	0.29605	0.07823	0.62572
989 T	0.29625	0.07815	0.62561
990 T	0.29549	0.07947	0.62504
991 G	0.28808	0.08925	0.62268
992 A	0.28563	0.09449	0.61989
993 A	0.28657	0.09174	0.6217
994 T	0.28986	0.08701	0.62314
995 G	0.29215	0.08269	0.62516
996 G	0.29943	0.07441	0.62616
997 C	0.30316	0.06994	0.62691
998 A	0.30692	0.06596	0.62711
999 T	0.31106	0.06166	0.62729
1000 T	0.31327	0.05935	0.62739
1001 C	0.31344	0.05912	0.62744
1002 G	0.31463	0.05802	0.62736
1003 C	0.31628	0.05648	0.62724
1004 A	0.31838	0.05521	0.62641
1005 T	0.31911	0.05509	0.62579
1006 T	0.31916	0.05639	0.62445
1007 T	0.31703	0.06036	0.62262
1008 A	0.31388	0.06529	0.62083
1009 T	0.31153	0.06556	0.62291
1010 G	0.30788	0.06847	0.62365
1011 T	0.30814	0.06527	0.62659
1012 G	0.30771	0.06607	0.62622
1013 A	0.30843	0.06529	0.62628
1014 A	0.31093	0.05746	0.6316
1015 T	0.31477	0.05092	0.63431
1016 T	0.31490	0.05038	0.63472
1017 T	0.31393	0.05233	0.63374
1018 T	0.31227	0.05580	0.63193
1019 T	0.30865	0.06301	0.62834
1020 A	0.30079	0.07554	0.62366
1021 A	0.29731	0.08235	0.62034
1022 G	0.29503	0.08832	0.61665
1023 A	0.29294	0.10267	0.60439
1024 G	0.29183	0.10738	0.6008
1025 A	0.29092	0.11400	0.59508
1026 A	0.28892	0.12021	0.59087
1027 G	0.28856	0.12176	0.58969
1028 A	0.28902	0.12242	0.58856
1029 A	0.29069	0.12010	0.58921
1030 T	0.29358	0.11309	0.59333
1031 A	0.29555	0.10785	0.5966
1032 T	0.29867	0.10119	0.60015
1033 C	0.29999	0.09660	0.60341
1034 C	0.30105	0.09518	0.60377
1035 T	0.30272	0.09363	0.60365
1036 G	0.30250	0.09485	0.60266
1037 G	0.30285	0.09541	0.60175
1038 T	0.30514	0.09447	0.60039
1039 T	0.30689	0.09283	0.60027
1040 T	0.30616	0.09166	0.60218
1041 A	0.30267	0.09375	0.60358
1042 A	0.30416	0.08984	0.606
1043 C	0.30681	0.08174	0.61146
1044 A	0.30712	0.09479	0.5981
1045 G	0.31068	0.09845	0.59087
1046 T	0.32422	0.09163	0.58415
1047 A	0.32169	0.09521	0.58309
1048 A	0.32291	0.09385	0.58324
1049 T	0.32438	0.08999	0.58564
1050 T	0.31768	0.09554	0.58678
1051 C	0.30456	0.10837	0.58707
1052 A	0.27972	0.13534	0.58495
1053 A	0.26397	0.15285	0.58318
1054 G	0.24899	0.17031	0.5807
1055 G	0.24232	0.17856	0.57912
1056 G	0.23701	0.18510	0.5779
1057 A	0.23408	0.18769	0.57824
1058 A	0.23209	0.18853	0.57938
1059 T	0.23228	0.18577	0.58195
1060 G	0.23185	0.18332	0.58482
1061 C	0.23211	0.18074	0.58715
1062 A	0.23197	0.17984	0.58819
1063 G	0.23250	0.17655	0.59095
1064 C	0.23431	0.17092	0.59477
1065 A	0.23671	0.16870	0.59458
1066 G	0.24077	0.16478	0.59445
1067 T	0.25749	0.14657	0.59594
1068 T	0.26539	0.13960	0.59502
1069 T	0.26963	0.13783	0.59253
1070 T	0.27002	0.13076	0.59922
1071 T	0.26886	0.12960	0.60154
1072 A	0.26600	0.13746	0.59654
1073 T	0.26454	0.13771	0.59774
1074 A	0.26212	0.13756	0.60033
1075 A	0.26295	0.12044	0.61661
1076 A	0.26377	0.11001	0.62623
1077 T	0.26615	0.09568	0.63818
1078 T	0.26706	0.09171	0.64123
1079 T	0.26691	0.09175	0.64134
1080 A	0.26565	0.09714	0.63721
1081 T	0.26511	0.10085	0.63404
1082 T	0.26395	0.11305	0.623
1083 A	0.26059	0.13851	0.60089
1084 G	0.25723	0.17484	0.56793
1085 A	0.25140	0.20307	0.54553
1086 A	0.23314	0.24208	0.52479
1087 A	0.20796	0.28542	0.50661
1088 A	0.19406	0.31361	0.49233
1089 A	0.18509	0.34068	0.47424
1090 A	0.18230	0.35351	0.46419
1091 A	0.18290	0.35610	0.461
1092 T	0.18591	0.35488	0.4592
1093 A	0.18390	0.36249	0.45361
1094 A	0.18305	0.36928	0.44767
1095 A	0.18887	0.37054	0.44059
1096 A	0.19451	0.36635	0.43914
1097 T	0.20263	0.35654	0.44083
1098 A	0.20535	0.35296	0.44169
1099 T	0.20996	0.34655	0.44349
1100 C	0.20821	0.34709	0.4447
1101 C	0.20295	0.35208	0.44498
1102 C	0.20081	0.35429	0.4449
1103 C	0.20363	0.35199	0.44438
1104 A	0.20761	0.34970	0.44269
1105 G	0.22041	0.33808	0.44152
1106 A	0.24468	0.31492	0.4404
1107 T	0.28151	0.27805	0.44045
1108 A	0.29842	0.25931	0.44227
1109 A	0.31419	0.22649	0.45932
1110 A	0.32851	0.18778	0.48371
1111 A	0.34141	0.15839	0.50021
1112 T	0.35913	0.12986	0.511
1113 T	0.36859	0.11690	0.5145
1114 A	0.37069	0.11781	0.5115
1115 A	0.37328	0.11465	0.51206
1116 A	0.37814	0.10683	0.51504
1117 G	0.38459	0.09428	0.52112
1118 G	0.39337	0.08526	0.52137
1119 A	0.39827	0.08463	0.51709
1120 A	0.40199	0.08615	0.51186
1121 T	0.40561	0.08148	0.5129
1122 T	0.40691	0.08437	0.50872
1123 G	0.40730	0.08128	0.51143
1124 T	0.40869	0.07288	0.51842
1125 T	0.40926	0.06861	0.52213
1126 T	0.40963	0.06549	0.52488
1127 C	0.41021	0.06371	0.52608
1128 T	0.41125	0.06272	0.52604
1129 A	0.41199	0.06284	0.52517
1130 C	0.41315	0.06359	0.52326
1131 T	0.41532	0.06405	0.52063
1132 T	0.41615	0.06409	0.51976
1133 T	0.41592	0.06524	0.51884
1134 A	0.41531	0.06624	0.51845
1135 C	0.41543	0.06629	0.51828
1136 C	0.41753	0.06513	0.51734
1137 T	0.42300	0.06602	0.51099
1138 A	0.42486	0.08278	0.49235
1139 T	0.42853	0.09039	0.48108
1140 A	0.42803	0.09983	0.47214
1141 A	0.42818	0.10396	0.46786
1142 G	0.43329	0.09975	0.46697
1143 T	0.44103	0.09395	0.46502
1144 A	0.44318	0.09360	0.46322
1145 T	0.44972	0.08718	0.4631
1146 T	0.44943	0.08795	0.46262
1147 T	0.44498	0.09425	0.46077
1148 T	0.43758	0.10170	0.46072
1149 C	0.42087	0.11845	0.46068
1150 G	0.41133	0.12841	0.46027
1151 A	0.40463	0.13548	0.4599
1152 C	0.40313	0.13709	0.45977
1153 A	0.40220	0.13809	0.45971
1154 A	0.40267	0.13758	0.45975
1155 A	0.40216	0.13759	0.46025
1156 T	0.40254	0.13629	0.46117
1157 C	0.40095	0.13698	0.46207
1158 C	0.40061	0.13643	0.46296
1159 G	0.40164	0.13606	0.4623
1160 A	0.40813	0.13107	0.4608
1161 T	0.42826	0.11168	0.46006
1162 T	0.44058	0.10023	0.45919
1163 T	0.44734	0.09338	0.45928
1164 T	0.44701	0.09254	0.46045
1165 A	0.42138	0.12010	0.45852
1166 T	0.41291	0.12878	0.45831
1167 A	0.39508	0.14777	0.45715
1168 A	0.38354	0.16109	0.45537
1169 A	0.37751	0.16689	0.45561
1170 T	0.37100	0.16831	0.46069
1171 T	0.35661	0.17694	0.46646
1172 T	0.31498	0.20970	0.47532
1173 T	0.25170	0.27449	0.4738
1174 G	0.17597	0.35178	0.47226
1175 A	0.13709	0.39458	0.46833
1176 A	0.11367	0.42039	0.46595
1177 A	0.10093	0.43370	0.46537
1178 A	0.09290	0.43974	0.46736
1179 G	0.08905	0.44177	0.46918
1180 A	0.08617	0.44375	0.47008
1181 A	0.08478	0.44520	0.47002
1182 C	0.08524	0.44421	0.47054
1183 A	0.08666	0.44913	0.46421
1184 T	0.08836	0.45009	0.46155
1185 T	0.08883	0.45491	0.45626
1186 A	0.08728	0.46959	0.44313
1187 A	0.08630	0.47918	0.43452
1188 T	0.08660	0.46466	0.44874
1189 A	0.08397	0.47049	0.44554
1190 A	0.08298	0.46100	0.45602
1191 A	0.08382	0.45877	0.45741
1192 A	0.08704	0.45246	0.4605
1193 T	0.09066	0.43358	0.47576
1194 A	0.09108	0.41648	0.49244
1195 G	0.09507	0.36455	0.54039
1196 T	0.10192	0.30641	0.59167
1197 T	0.10046	0.27050	0.62904
1198 A	0.09281	0.27870	0.62849
1199 A	0.08831	0.32132	0.59037
1200 A	0.08278	0.38729	0.52994
1201 G	0.07617	0.44000	0.48384
1202 A	0.07188	0.47658	0.45154
1203 A	0.07159	0.49472	0.43369
1204 A	0.07173	0.52295	0.40533
1205 A	0.07316	0.53530	0.39154
1206 T	0.08078	0.53792	0.3813
1207 A	0.08346	0.55788	0.35866
1208 A	0.08958	0.56058	0.34984
1209 A	0.10286	0.54884	0.34831
1210 A	0.11448	0.53689	0.34863
1211 T	0.12976	0.51959	0.35065
1212 T	0.14216	0.50499	0.35285
1213 A	0.14924	0.49811	0.35264
1214 A	0.16334	0.48383	0.35283
1215 A	0.17876	0.46686	0.35437
1216 T	0.19291	0.45019	0.3569
1217 T	0.20170	0.43733	0.36096
1218 T	0.20745	0.42850	0.36404
1219 A	0.21169	0.42259	0.36572
1220 T	0.22816	0.39957	0.37227
1221 G	0.24735	0.37264	0.38001
1222 A	0.30424	0.31039	0.38537
1223 A	0.38217	0.22616	0.39167
1224 T	0.44663	0.15485	0.39852
1225 T	0.47221	0.12444	0.40335
1226 A	0.48450	0.11010	0.4054
1227 T	0.50915	0.08306	0.40779
1228 C	0.51812	0.07281	0.40907
1229 G	0.52544	0.06587	0.40868
1230 T	0.54530	0.04715	0.40755
1231 T	0.54292	0.05155	0.40552
1232 T	0.51524	0.08285	0.4019
1233 T	0.45223	0.15083	0.39694
1234 A	0.35977	0.25306	0.38717
1235 A	0.29402	0.32535	0.38063
1236 A	0.27588	0.34833	0.37579
1237 T	0.27213	0.35539	0.37248
1238 T	0.26571	0.36270	0.37159
1239 T	0.25068	0.37913	0.37019
1240 T	0.22870	0.40194	0.36937
1241 T	0.18615	0.44559	0.36826
1242 C	0.11006	0.52343	0.36651
1243 G	0.07010	0.56472	0.36519
1244 A	0.05158	0.58404	0.36438
1245 A	0.04363	0.59270	0.36368
1246 A	0.04022	0.59634	0.36344
1247 C	0.03740	0.59922	0.36337
1248 A	0.03458	0.60275	0.36267
1249 A	0.03212	0.60525	0.36263
1250 A	0.03011	0.60712	0.36277
1251 A	0.03000	0.60519	0.36481
1252 G	0.03071	0.60100	0.36829
1253 A	0.03262	0.59119	0.37619
1254 A	0.03500	0.57010	0.3949
1255 A	0.03897	0.53037	0.43066
1256 G	0.04314	0.45737	0.49949
1257 A	0.05076	0.37533	0.57391
1258 G	0.05506	0.32366	0.62128
1259 A	0.05771	0.35394	0.58835
1260 A	0.05930	0.41428	0.52642
1261 A	0.05827	0.49684	0.44488
1262 T	0.05887	0.49833	0.4428
1263 A	0.05540	0.50749	0.43711
1264 A	0.05468	0.49237	0.45296
1265 A	0.05457	0.47753	0.4679
1266 T	0.05437	0.49393	0.4517
1267 A	0.05202	0.54259	0.40539
1268 T	0.05060	0.59449	0.35491
1269 A	0.04694	0.61111	0.34195
1270 A	0.04514	0.61204	0.34282
1271 A	0.04457	0.61066	0.34477
1272 A	0.04449	0.60854	0.34697
1273 C	0.04475	0.60613	0.34911
1274 C	0.04509	0.60626	0.34865
1275 A	0.04523	0.61135	0.34342
1276 A	0.04642	0.61440	0.33918
1277 A	0.04815	0.61408	0.33777
1278 A	0.05037	0.61313	0.33651
1279 G	0.05441	0.61160	0.33399
1280 A	0.06557	0.60011	0.33432
1281 A	0.08653	0.57724	0.33623
1282 G	0.14117	0.51956	0.33926
1283 A	0.22771	0.43039	0.3419
1284 T	0.34989	0.30455	0.34555
1285 T	0.39497	0.25729	0.34774
1286 T	0.42661	0.22178	0.35161
1287 A	0.44583	0.20073	0.35344
1288 A	0.47699	0.16713	0.35588
1289 T	0.51378	0.12770	0.35853
1290 T	0.55810	0.08044	0.36146
1291 T	0.59598	0.04067	0.36335
1292 T	0.60405	0.03002	0.36593
1293 T	0.60451	0.02877	0.36672
1294 A	0.60355	0.02921	0.36724
1295 T	0.60377	0.02825	0.36798
1296 T	0.60267	0.02927	0.36807
1297 A	0.60174	0.03017	0.36809
1298 C	0.60596	0.02568	0.36836
1299 T	0.61024	0.02160	0.36815
1300 A	0.61090	0.02153	0.36757
1301 G	0.61203	0.02060	0.36737
1302 T	0.61520	0.01779	0.367
1303 T	0.61641	0.01730	0.36628
1304 T	0.61652	0.01789	0.36559
1305 T	0.61648	0.01801	0.36551
1306 A	0.61627	0.01823	0.36551
1307 T	0.61628	0.01817	0.36555
1308 T	0.61549	0.01892	0.36559
1309 C	0.61323	0.02112	0.36565
1310 C	0.61323	0.02108	0.36569
1311 T	0.61330	0.02101	0.3657
1312 G	0.61311	0.02118	0.3657
1313 T	0.61342	0.02086	0.36572
1314 T	0.61370	0.02056	0.36574
1315 A	0.61393	0.02021	0.36586
1316 G	0.61447	0.01864	0.36689
1317 T	0.61491	0.01658	0.36851
1318 G	0.61511	0.01546	0.36943
1319 T	0.61563	0.01335	0.37103
1320 T	0.61605	0.01145	0.37251
1321 T	0.61630	0.01071	0.37299
1322 A	0.61653	0.01016	0.37331
1323 T	0.61711	0.00883	0.37405
1324 A	0.61730	0.00805	0.37465
1325 C	0.61768	0.00683	0.37549
1326 T	0.61837	0.00573	0.37591
1327 T	0.61900	0.00473	0.37627
1328 T	0.61908	0.00435	0.37657
