# lcl|CP097583.1_cds_USQ93624.1_1
# AA	inside	membr	outside
1 A	0.27353	0.00000	0.72647
2 T	0.27080	0.00273	0.72647
3 G	0.26819	0.00534	0.72647
4 G	0.26819	0.01770	0.71411
5 G	0.25320	0.04394	0.70286
6 A	0.25320	0.04681	0.7
7 A	0.24354	0.05758	0.69889
8 C	0.24354	0.05761	0.69886
9 A	0.24224	0.06040	0.69736
10 T	0.24224	0.19659	0.56117
11 T	0.24180	0.21460	0.5436
12 T	0.22159	0.24950	0.52891
13 G	0.12220	0.45770	0.4201
14 A	0.12218	0.45772	0.4201
15 A	0.12218	0.69968	0.17814
16 A	0.12034	0.70152	0.17814
17 A	0.11876	0.70389	0.17735
18 T	0.11873	0.70470	0.17658
19 A	0.11657	0.70759	0.17584
20 A	0.11114	0.72306	0.16581
21 A	0.10554	0.72860	0.16586
22 G	0.10557	0.72911	0.16532
23 A	0.10571	0.72907	0.16521
24 T	0.10734	0.72688	0.16579
25 A	0.10801	0.72201	0.16998
26 G	0.10868	0.71793	0.17339
27 T	0.11864	0.70532	0.17605
28 C	0.12482	0.69000	0.18518
29 A	0.12659	0.68861	0.1848
30 A	0.13047	0.68016	0.18936
31 A	0.13217	0.67741	0.19042
32 G	0.13724	0.66787	0.19488
33 C	0.27143	0.53041	0.19816
34 A	0.30475	0.49722	0.19804
35 A	0.39307	0.39260	0.21433
36 T	0.51427	0.18753	0.29821
37 T	0.52830	0.17280	0.2989
38 T	0.63235	0.06970	0.29795
39 T	0.59409	0.11700	0.2889
40 C	0.56932	0.15969	0.27099
41 A	0.54018	0.20077	0.25905
42 A	0.52333	0.22491	0.25176
43 G	0.52850	0.21609	0.25541
44 T	0.51457	0.22828	0.25715
45 T	0.50111	0.24464	0.25426
46 A	0.46621	0.27889	0.25491
47 C	0.45276	0.29103	0.25621
48 A	0.44679	0.29878	0.25443
49 A	0.44471	0.30231	0.25299
50 A	0.44499	0.30427	0.25074
51 T	0.44648	0.30073	0.25279
52 G	0.44667	0.30031	0.25301
53 T	0.44709	0.29904	0.25387
54 T	0.44505	0.30201	0.25295
55 A	0.44107	0.31606	0.24287
56 A	0.43863	0.31812	0.24324
57 A	0.43823	0.31746	0.24431
58 G	0.43177	0.32326	0.24498
59 T	0.43212	0.32107	0.24681
60 G	0.43139	0.32392	0.24469
61 A	0.43434	0.33000	0.23565
62 A	0.44774	0.28801	0.26425
63 T	0.46774	0.24829	0.28396
64 T	0.47734	0.21438	0.30828
65 T	0.48314	0.21479	0.30208
66 A	0.47858	0.21995	0.30147
67 T	0.47718	0.20604	0.31678
68 A	0.47109	0.19908	0.32983
69 T	0.46206	0.17419	0.36375
70 C	0.45010	0.17631	0.37359
71 C	0.43798	0.18680	0.37521
72 T	0.43081	0.19834	0.37085
73 A	0.41402	0.22366	0.36231
74 A	0.40236	0.24204	0.35559
75 C	0.39339	0.25473	0.35188
76 A	0.38516	0.29909	0.31574
77 G	0.37791	0.33381	0.28827
78 T	0.38418	0.38102	0.23479
79 A	0.38170	0.39444	0.22385
80 A	0.38229	0.39568	0.22203
81 A	0.38546	0.38650	0.22803
82 A	0.39116	0.37888	0.22996
83 C	0.39998	0.36671	0.23331
84 T	0.41474	0.35347	0.23178
85 A	0.41993	0.34978	0.23029
86 G	0.42376	0.34617	0.23007
87 A	0.42882	0.34199	0.22919
88 T	0.44468	0.32616	0.22916
89 T	0.44523	0.32115	0.23361
90 A	0.43714	0.32763	0.23522
91 A	0.43381	0.32224	0.24395
92 G	0.42958	0.31488	0.25554
93 A	0.41506	0.31848	0.26646
94 G	0.39280	0.33068	0.27652
95 G	0.38419	0.33864	0.27716
96 A	0.38327	0.34310	0.27363
97 A	0.38045	0.34075	0.27879
98 A	0.38472	0.32847	0.28682
99 A	0.41761	0.28575	0.29664
100 G	0.44566	0.24672	0.30761
101 C	0.49586	0.19222	0.31192
102 T	0.50841	0.17768	0.31391
103 T	0.51070	0.17489	0.31441
104 C	0.51066	0.17458	0.31476
105 T	0.50584	0.18000	0.31415
106 A	0.50016	0.18573	0.31411
107 T	0.49323	0.19213	0.31464
108 T	0.48868	0.19656	0.31476
109 A	0.48289	0.20223	0.31488
110 C	0.47802	0.20362	0.31836
111 A	0.47600	0.20492	0.31908
112 T	0.47610	0.20231	0.3216
113 T	0.47530	0.19823	0.32648
114 A	0.47425	0.19745	0.3283
115 A	0.47507	0.19430	0.33063
116 A	0.47825	0.17438	0.34737
117 T	0.48355	0.14444	0.37201
118 G	0.48822	0.12571	0.38607
119 A	0.50146	0.10255	0.396
120 T	0.50565	0.08599	0.40836
121 T	0.50713	0.07978	0.41309
122 G	0.50767	0.07635	0.41598
123 T	0.50829	0.07252	0.41919
124 T	0.50846	0.07068	0.42086
125 T	0.50843	0.06826	0.42331
126 T	0.50794	0.06683	0.42523
127 G	0.50720	0.06433	0.42846
128 T	0.50741	0.05655	0.43605
129 A	0.50711	0.05119	0.4417
130 G	0.50693	0.04245	0.45062
131 T	0.50735	0.03686	0.45579
132 T	0.50732	0.03164	0.46103
133 C	0.50529	0.02753	0.46718
134 A	0.50487	0.02861	0.46653
135 T	0.50497	0.02932	0.46572
136 G	0.50443	0.03341	0.46216
137 G	0.50442	0.04374	0.45184
138 T	0.50459	0.06107	0.43434
139 A	0.50098	0.10422	0.39481
140 T	0.49811	0.13767	0.36422
141 T	0.48264	0.19662	0.32074
142 A	0.46951	0.28334	0.24714
143 A	0.46507	0.31768	0.21725
144 A	0.46264	0.33635	0.20101
145 A	0.46203	0.34727	0.1907
146 T	0.46147	0.34877	0.18975
147 T	0.46073	0.34992	0.18935
148 A	0.45764	0.35310	0.18926
149 T	0.45621	0.35394	0.18985
150 C	0.45167	0.35791	0.19043
151 G	0.44564	0.36421	0.19015
152 A	0.44508	0.36465	0.19026
153 A	0.44493	0.36455	0.19052
154 G	0.44524	0.36394	0.19082
155 G	0.44586	0.36301	0.19113
156 C	0.44685	0.36010	0.19305
157 G	0.44849	0.35818	0.19333
158 A	0.45075	0.35623	0.19302
159 A	0.45621	0.35074	0.19304
160 A	0.47053	0.33616	0.19332
161 G	0.49247	0.31381	0.19372
162 A	0.53931	0.26255	0.19814
163 A	0.57566	0.22227	0.20207
164 G	0.62298	0.15794	0.21908
165 T	0.69623	0.07398	0.22979
166 T	0.72150	0.04620	0.2323
167 T	0.72970	0.04028	0.23002
168 A	0.73390	0.04438	0.22172
169 T	0.73460	0.04976	0.21563
170 T	0.73302	0.05234	0.21465
171 T	0.70498	0.08139	0.21364
172 A	0.65215	0.13423	0.21363
173 T	0.62047	0.16272	0.21681
174 C	0.55763	0.22060	0.22177
175 G	0.52658	0.25313	0.22029
176 C	0.50460	0.27679	0.21862
177 A	0.48849	0.29395	0.21756
178 A	0.48279	0.29993	0.21727
179 T	0.47846	0.30452	0.21702
180 G	0.45330	0.32990	0.2168
181 C	0.43599	0.34828	0.21572
182 C	0.43144	0.35649	0.21206
183 A	0.42631	0.38063	0.19305
184 A	0.42362	0.38477	0.19161
185 G	0.42289	0.38614	0.19097
186 T	0.42326	0.38623	0.19052
187 A	0.42082	0.38965	0.18953
188 C	0.42043	0.39007	0.1895
189 A	0.42024	0.39141	0.18835
190 A	0.42321	0.38892	0.18786
191 A	0.43031	0.38204	0.18765
192 A	0.43887	0.37377	0.18737
193 A	0.44141	0.36876	0.18983
194 A	0.44520	0.32334	0.23147
195 T	0.44725	0.25277	0.29998
196 T	0.44774	0.21169	0.34057
197 C	0.44795	0.15811	0.39395
198 T	0.44868	0.15370	0.39762
199 A	0.44908	0.16276	0.38816
200 A	0.44954	0.15553	0.39494
201 A	0.44995	0.15116	0.39889
202 G	0.45067	0.14572	0.40361
203 G	0.45235	0.11547	0.43218
204 C	0.45464	0.09580	0.44956
205 G	0.45884	0.09548	0.44568
206 T	0.47628	0.09982	0.4239
207 T	0.47802	0.13369	0.38829
208 T	0.47863	0.16946	0.35191
209 A	0.47875	0.20729	0.31396
210 T	0.47853	0.22361	0.29785
211 A	0.47798	0.24766	0.27437
212 T	0.47868	0.25363	0.26769
213 A	0.47861	0.26434	0.25704
214 G	0.47903	0.27071	0.25027
215 A	0.48018	0.27798	0.24184
216 T	0.48198	0.28153	0.23649
217 A	0.48241	0.28376	0.23383
218 T	0.48257	0.28502	0.23242
219 T	0.48060	0.28674	0.23266
220 G	0.47740	0.29001	0.23259
221 C	0.48256	0.28510	0.23233
222 T	0.49416	0.27371	0.23212
223 C	0.49180	0.27604	0.23216
224 A	0.48811	0.28004	0.23185
225 T	0.48237	0.28597	0.23165
226 C	0.46556	0.30315	0.23129
227 C	0.46340	0.30643	0.23017
228 A	0.46472	0.30883	0.22644
229 A	0.49533	0.27852	0.22616
230 T	0.54147	0.23258	0.22595
231 T	0.56512	0.20898	0.22591
232 A	0.56026	0.21374	0.22601
233 C	0.55773	0.21484	0.22742
234 T	0.55578	0.21632	0.2279
235 C	0.49850	0.27367	0.22783
236 A	0.42005	0.35352	0.22642
237 A	0.37049	0.40585	0.22366
238 G	0.34066	0.43643	0.2229
239 A	0.30721	0.47067	0.22211
240 A	0.26741	0.51056	0.22203
241 A	0.22225	0.55132	0.22643
242 C	0.17011	0.59852	0.23137
243 A	0.14762	0.61717	0.2352
244 A	0.13263	0.63023	0.23714
245 G	0.12353	0.63688	0.23958
246 A	0.11686	0.64060	0.24255
247 C	0.11340	0.63872	0.24789
248 A	0.10997	0.63406	0.25596
249 G	0.10721	0.62115	0.27164
250 A	0.10671	0.62641	0.26688
251 T	0.10878	0.62785	0.26337
252 G	0.10706	0.64545	0.24749
253 A	0.10615	0.64879	0.24506
254 T	0.10558	0.63050	0.26393
255 T	0.10423	0.60470	0.29108
256 G	0.10163	0.59220	0.30617
257 A	0.10017	0.58134	0.31849
258 A	0.10004	0.53197	0.36799
259 G	0.10101	0.45153	0.44747
260 A	0.10333	0.40419	0.49248
261 A	0.10430	0.37668	0.51901
262 A	0.10532	0.35389	0.54079
263 A	0.10529	0.33184	0.56288
264 A	0.10568	0.29827	0.59606
265 T	0.10653	0.24512	0.64834
266 G	0.10608	0.23641	0.6575
267 T	0.10623	0.25510	0.63867
268 A	0.10560	0.30259	0.59181
269 A	0.10551	0.33823	0.55626
270 A	0.10541	0.38642	0.50817
271 A	0.10800	0.42943	0.46257
272 A	0.11148	0.48024	0.40829
273 A	0.12455	0.54806	0.32739
274 G	0.13931	0.61152	0.24916
275 T	0.16622	0.59171	0.24207
276 T	0.17737	0.58240	0.24022
277 T	0.17450	0.58922	0.23627
278 T	0.16633	0.59989	0.23379
279 C	0.14200	0.62575	0.23226
280 C	0.12101	0.65141	0.22757
281 A	0.09871	0.68224	0.21905
282 A	0.09197	0.69243	0.2156
283 G	0.09207	0.69415	0.21378
284 A	0.09509	0.69390	0.21101
285 A	0.10785	0.68183	0.21032
286 G	0.12784	0.66067	0.21149
287 T	0.14706	0.64111	0.21182
288 A	0.15365	0.63441	0.21194
289 A	0.16462	0.62258	0.21279
290 C	0.18948	0.59664	0.21389
291 A	0.22006	0.56684	0.2131
292 G	0.24734	0.54041	0.21225
293 A	0.30019	0.48979	0.21002
294 A	0.35295	0.43911	0.20794
295 A	0.40737	0.38680	0.20582
296 A	0.48951	0.30353	0.20696
297 T	0.57251	0.21852	0.20896
298 A	0.58182	0.20752	0.21066
299 A	0.59247	0.19067	0.21686
300 T	0.60679	0.15841	0.2348
301 T	0.61283	0.13506	0.25211
302 T	0.60997	0.11658	0.27344
303 T	0.60020	0.11266	0.28715
304 C	0.58797	0.11119	0.30085
305 A	0.51529	0.18249	0.30223
306 A	0.46764	0.22957	0.3028
307 T	0.41646	0.28042	0.30312
308 C	0.33947	0.35933	0.30119
309 A	0.28774	0.42768	0.28458
310 G	0.25456	0.47464	0.2708
311 A	0.23172	0.51323	0.25506
312 A	0.22136	0.53696	0.24167
313 G	0.21254	0.56079	0.22667
314 G	0.21012	0.56485	0.22503
315 A	0.20896	0.56953	0.22151
316 A	0.20971	0.57200	0.2183
317 A	0.21147	0.57020	0.21833
318 T	0.21404	0.56432	0.22163
319 G	0.21420	0.56192	0.22388
320 A	0.21417	0.56116	0.22467
321 A	0.21461	0.55783	0.22757
322 C	0.21502	0.55421	0.23076
323 A	0.21485	0.55958	0.22557
324 A	0.21502	0.56208	0.2229
325 A	0.21550	0.55715	0.22735
326 T	0.21661	0.54438	0.23901
327 A	0.21563	0.53482	0.24955
328 G	0.21688	0.44354	0.33957
329 A	0.21914	0.38616	0.39471
330 G	0.22216	0.31759	0.46025
331 G	0.22732	0.25837	0.51431
332 A	0.24611	0.20359	0.55029
333 T	0.26575	0.15691	0.57734
334 G	0.28163	0.12339	0.59499
335 A	0.29783	0.10057	0.6016
336 T	0.31678	0.07321	0.61001
337 T	0.32418	0.06164	0.61418
338 T	0.32848	0.05447	0.61706
339 T	0.33152	0.04962	0.61885
340 C	0.33274	0.04737	0.61989
341 A	0.33306	0.04686	0.62008
342 A	0.33368	0.04587	0.62045
343 T	0.33579	0.04327	0.62094
344 C	0.33703	0.04175	0.62122
345 A	0.33848	0.04023	0.62129
346 G	0.34482	0.03335	0.62182
347 T	0.35084	0.02692	0.62225
348 T	0.35337	0.02411	0.62252
349 T	0.35509	0.02221	0.6227
350 C	0.35642	0.01942	0.62416
351 A	0.35823	0.01719	0.62459
352 T	0.36191	0.01313	0.62495
353 A	0.36444	0.01034	0.62522
354 A	0.37449	0.00000	0.62551
