# lcl|CP097583.1_cds_USQ93344.1_1
# AA	inside	membr	outside
1 A	0.75215	0.00000	0.24785
2 T	0.74852	0.00363	0.24785
3 G	0.74644	0.00571	0.24785
4 T	0.74644	0.06465	0.1889
5 T	0.68849	0.18245	0.12906
6 A	0.68848	0.19571	0.1158
7 A	0.46629	0.42052	0.11319
8 T	0.46629	0.42058	0.11313
9 T	0.42886	0.45834	0.11281
10 A	0.42875	0.46150	0.10975
11 A	0.42146	0.46886	0.10968
12 A	0.38430	0.50605	0.10965
13 C	0.36384	0.52658	0.10957
14 C	0.36384	0.52659	0.10957
15 T	0.36384	0.53541	0.10076
16 T	0.35751	0.54173	0.10076
17 T	0.33317	0.56641	0.10042
18 A	0.33241	0.56813	0.09946
19 A	0.31712	0.58394	0.09894
20 A	0.29019	0.61369	0.09612
21 A	0.27365	0.63009	0.09626
22 G	0.27427	0.62911	0.09662
23 A	0.28341	0.61856	0.09803
24 T	0.31929	0.58016	0.10055
25 T	0.33949	0.54595	0.11455
26 A	0.34235	0.53754	0.12011
27 T	0.36897	0.46814	0.16289
28 G	0.38993	0.38932	0.22075
29 T	0.39681	0.35148	0.2517
30 T	0.39797	0.21513	0.3869
31 G	0.39648	0.21529	0.38823
32 T	0.39537	0.19500	0.40963
33 T	0.38752	0.21101	0.40146
34 A	0.35888	0.26008	0.38105
35 T	0.33935	0.26974	0.39091
36 A	0.29865	0.30589	0.39545
37 A	0.26757	0.34198	0.39045
38 A	0.26588	0.34315	0.39096
39 A	0.25684	0.34919	0.39397
40 C	0.24992	0.32403	0.42605
41 A	0.24358	0.39183	0.36459
42 T	0.23416	0.47528	0.29056
43 A	0.16065	0.62876	0.21059
44 A	0.11194	0.76965	0.11841
45 A	0.08523	0.80819	0.10657
46 G	0.07448	0.82829	0.09723
47 A	0.06233	0.85311	0.08456
48 A	0.05308	0.87187	0.07506
49 G	0.04927	0.89836	0.05236
50 A	0.04767	0.91188	0.04046
51 A	0.04194	0.93212	0.02594
52 A	0.03861	0.94053	0.02085
53 A	0.03839	0.94184	0.01977
54 A	0.04036	0.93864	0.02101
55 A	0.04328	0.93266	0.02406
56 A	0.04881	0.91522	0.03597
57 G	0.06197	0.87499	0.06304
58 A	0.06895	0.84968	0.08136
59 A	0.07218	0.81208	0.11574
60 C	0.07865	0.77659	0.14476
61 G	0.08283	0.76818	0.14899
62 A	0.09633	0.75231	0.15135
63 A	0.10631	0.73843	0.15526
64 A	0.18350	0.65329	0.16321
65 G	0.28458	0.54072	0.17469
66 T	0.39978	0.34194	0.25828
67 T	0.47240	0.21923	0.30837
68 C	0.48089	0.18362	0.33549
69 A	0.48948	0.17411	0.33641
70 A	0.50022	0.15819	0.3416
71 T	0.51220	0.14015	0.34765
72 T	0.53676	0.11488	0.34836
73 A	0.55001	0.10663	0.34336
74 T	0.56623	0.08670	0.34707
75 T	0.56944	0.08578	0.34478
76 T	0.56820	0.09843	0.33336
77 T	0.56125	0.12584	0.31291
78 A	0.53866	0.18443	0.27691
79 A	0.52817	0.23179	0.24005
80 A	0.51110	0.31995	0.16895
81 A	0.49883	0.37611	0.12505
82 T	0.48513	0.41627	0.09861
83 T	0.45121	0.46476	0.08403
84 A	0.31669	0.62095	0.06235
85 A	0.17530	0.79379	0.03091
86 A	0.11351	0.86512	0.02137
87 A	0.09058	0.88865	0.02076
88 A	0.08493	0.89514	0.01993
89 A	0.08217	0.89799	0.01984
90 T	0.08165	0.89850	0.01986
91 C	0.07975	0.89999	0.02026
92 A	0.07948	0.90063	0.01989
93 A	0.08052	0.89957	0.01992
94 A	0.08196	0.89819	0.01984
95 C	0.08455	0.89535	0.0201
96 A	0.08504	0.89503	0.01993
97 C	0.08919	0.88989	0.02092
98 A	0.09489	0.88404	0.02107
99 A	0.10720	0.87110	0.0217
100 G	0.12936	0.84686	0.02378
101 A	0.16225	0.80023	0.03752
102 A	0.19976	0.75495	0.04528
103 A	0.27107	0.65674	0.0722
104 A	0.32358	0.58019	0.09623
105 T	0.36333	0.51268	0.12399
106 A	0.37443	0.46498	0.16059
107 A	0.38900	0.32706	0.28394
108 T	0.41332	0.16867	0.41801
109 T	0.41852	0.10536	0.47612
110 G	0.41754	0.08404	0.49842
111 T	0.41768	0.07640	0.50592
112 A	0.41571	0.07386	0.51042
113 C	0.41523	0.06922	0.51555
114 A	0.41506	0.06886	0.51608
115 G	0.41570	0.06627	0.51803
116 G	0.41624	0.06542	0.51834
117 T	0.41713	0.06594	0.51694
118 A	0.41751	0.06960	0.51289
119 T	0.41820	0.06417	0.51764
120 T	0.41815	0.06801	0.51384
121 G	0.41825	0.08416	0.49758
122 T	0.41834	0.10964	0.47203
123 T	0.41814	0.11924	0.46261
124 G	0.41785	0.12627	0.45588
125 T	0.41797	0.13331	0.44872
126 A	0.41784	0.15079	0.43137
127 A	0.41804	0.16166	0.4203
128 G	0.41884	0.17213	0.40903
129 T	0.42158	0.18249	0.39593
130 T	0.42082	0.20217	0.37701
131 G	0.41642	0.24171	0.34187
132 T	0.41343	0.26133	0.32523
133 G	0.41042	0.26584	0.32374
134 G	0.40950	0.26725	0.32326
135 T	0.41044	0.26631	0.32325
136 C	0.40936	0.26925	0.32139
137 C	0.40976	0.27745	0.31279
138 T	0.41166	0.31765	0.27069
139 G	0.41149	0.32907	0.25945
140 A	0.41276	0.33498	0.25226
141 A	0.41716	0.33602	0.24682
142 G	0.42267	0.33123	0.2461
143 C	0.43375	0.31972	0.24653
144 A	0.45229	0.30125	0.24646
145 T	0.47596	0.27761	0.24643
146 C	0.47636	0.27717	0.24647
147 C	0.46986	0.28458	0.24556
148 A	0.45568	0.30539	0.23893
149 A	0.44182	0.32592	0.23226
150 A	0.43196	0.34284	0.2252
151 G	0.43667	0.34229	0.22104
152 A	0.44913	0.33797	0.2129
153 A	0.46605	0.31936	0.21459
154 A	0.49718	0.28275	0.22007
155 T	0.51899	0.25680	0.2242
156 T	0.52230	0.25053	0.22717
157 C	0.51672	0.25408	0.2292
158 A	0.51652	0.25353	0.22996
159 G	0.51849	0.24925	0.23226
160 C	0.52511	0.24127	0.23362
161 C	0.56288	0.20518	0.23195
162 T	0.57283	0.20332	0.22386
163 A	0.55062	0.24369	0.20569
164 A	0.54370	0.25843	0.19787
165 T	0.53852	0.26684	0.19464
166 T	0.51953	0.28948	0.19099
167 A	0.47336	0.33377	0.19286
168 T	0.45867	0.34426	0.19706
169 A	0.45039	0.34705	0.20257
170 A	0.44595	0.33924	0.21481
171 A	0.44810	0.31972	0.23218
172 G	0.45265	0.29025	0.2571
173 T	0.45867	0.27225	0.26907
174 A	0.45672	0.27293	0.27034
175 G	0.46341	0.26910	0.26749
176 T	0.46467	0.26688	0.26845
177 T	0.46481	0.26684	0.26836
178 T	0.46414	0.26964	0.26621
179 A	0.46204	0.27528	0.26268
180 C	0.45692	0.28090	0.26218
181 G	0.43893	0.31743	0.24364
182 A	0.43387	0.33553	0.23061
183 A	0.42987	0.34786	0.22226
184 A	0.43182	0.35100	0.21718
185 A	0.44068	0.34324	0.21607
186 T	0.46019	0.29207	0.24774
187 T	0.46706	0.26967	0.26326
188 A	0.46831	0.26199	0.2697
189 T	0.46971	0.24278	0.2875
190 G	0.45973	0.20756	0.3327
191 C	0.45067	0.20263	0.3467
192 T	0.43121	0.22729	0.3415
193 G	0.39254	0.26945	0.33801
194 G	0.35645	0.30625	0.33729
195 A	0.32754	0.33728	0.33518
196 A	0.29904	0.36709	0.33388
197 C	0.27169	0.38937	0.33894
198 C	0.26090	0.41451	0.32459
199 A	0.24898	0.50689	0.24413
200 A	0.24289	0.58653	0.17058
201 A	0.24135	0.61101	0.14764
202 A	0.24200	0.61375	0.14425
203 T	0.25239	0.60061	0.147
204 T	0.26309	0.57277	0.16414
205 A	0.25965	0.57195	0.16839
206 C	0.25713	0.57015	0.17272
207 A	0.24710	0.58530	0.16761
208 A	0.24316	0.59204	0.1648
209 T	0.24482	0.59067	0.16451
210 T	0.24038	0.59545	0.16417
211 G	0.23458	0.60121	0.16421
212 A	0.23113	0.60267	0.1662
213 A	0.22913	0.59530	0.17558
214 A	0.22813	0.58614	0.18573
215 A	0.22536	0.56959	0.20505
216 A	0.22221	0.54194	0.23584
217 G	0.22318	0.50808	0.26874
218 A	0.22685	0.48014	0.29302
219 A	0.23249	0.44846	0.31905
220 G	0.23949	0.41531	0.3452
221 A	0.25911	0.38694	0.35394
222 A	0.33828	0.29760	0.36411
223 T	0.40788	0.22035	0.37178
224 A	0.42541	0.20180	0.37279
225 T	0.43160	0.20317	0.36522
226 T	0.43247	0.22186	0.34566
227 T	0.42844	0.26063	0.31093
228 A	0.40990	0.28952	0.30058
229 A	0.40302	0.29511	0.30187
230 T	0.40307	0.28378	0.31316
231 T	0.39446	0.30068	0.30486
232 C	0.38343	0.33047	0.2861
233 T	0.36719	0.39376	0.23905
234 A	0.32087	0.49924	0.17989
235 A	0.30453	0.51914	0.17633
236 A	0.30203	0.52365	0.17433
237 A	0.29532	0.53003	0.17466
238 A	0.29472	0.52191	0.18337
239 C	0.29716	0.51197	0.19088
240 T	0.29955	0.51217	0.18828
241 G	0.29196	0.52340	0.18464
242 A	0.28600	0.53467	0.17934
243 T	0.28742	0.53599	0.17659
244 A	0.28287	0.54418	0.17295
245 A	0.28525	0.54181	0.17294
246 A	0.29166	0.53477	0.17358
247 A	0.30535	0.51945	0.1752
248 T	0.32971	0.49234	0.17795
249 A	0.35079	0.46828	0.18093
250 A	0.38771	0.42467	0.18761
251 T	0.41040	0.38218	0.20743
252 A	0.42046	0.36028	0.21926
253 G	0.43158	0.33439	0.23403
254 C	0.46084	0.27744	0.26172
255 T	0.48924	0.23728	0.27349
256 T	0.53087	0.18340	0.28573
257 T	0.57279	0.11869	0.30852
258 A	0.57615	0.10636	0.31749
259 T	0.57948	0.09763	0.32289
260 T	0.58094	0.08280	0.33625
261 A	0.58181	0.07402	0.34417
262 G	0.58398	0.06363	0.35239
263 T	0.59031	0.05031	0.35939
264 T	0.59500	0.03322	0.37179
265 T	0.59951	0.01844	0.38205
266 A	0.60163	0.01070	0.38767
267 A	0.60487	0.00000	0.39513
