# lcl|CP097583.1_cds_USQ93469.1_1
# AA	inside	membr	outside
1 A	0.39679	0.00000	0.60321
2 T	0.38568	0.01111	0.60321
3 G	0.37948	0.01731	0.60321
4 C	0.37948	0.05745	0.56307
5 A	0.28238	0.26370	0.45391
6 A	0.28237	0.28782	0.4298
7 A	0.11266	0.45817	0.42917
8 A	0.11265	0.45819	0.42916
9 A	0.10457	0.46628	0.42914
10 A	0.10456	0.46681	0.42862
11 C	0.10432	0.46709	0.42859
12 A	0.10110	0.47036	0.42854
13 C	0.09757	0.47420	0.42822
14 T	0.09757	0.47420	0.42822
15 T	0.09757	0.48122	0.42121
16 A	0.09600	0.48279	0.42121
17 A	0.09453	0.48430	0.42117
18 T	0.09448	0.48439	0.42112
19 A	0.09356	0.48536	0.42108
20 A	0.09035	0.48900	0.42065
21 A	0.08668	0.49197	0.42135
22 T	0.08861	0.48817	0.42321
23 T	0.09109	0.48096	0.42795
24 A	0.09133	0.47790	0.43078
25 G	0.09707	0.44678	0.45615
26 A	0.10217	0.43359	0.46425
27 T	0.14269	0.37334	0.48398
28 A	0.22809	0.21693	0.55498
29 T	0.25090	0.18480	0.56429
30 T	0.24889	0.06756	0.68355
31 T	0.23819	0.08511	0.6767
32 C	0.22160	0.10307	0.67532
33 G	0.20066	0.15100	0.64834
34 A	0.18561	0.19504	0.61935
35 A	0.18103	0.20342	0.61556
36 T	0.17986	0.20534	0.61481
37 A	0.17779	0.20837	0.61384
38 T	0.18011	0.20523	0.61466
39 T	0.15770	0.22937	0.61293
40 A	0.11458	0.27224	0.61318
41 C	0.10672	0.28171	0.61157
42 A	0.10364	0.32071	0.57565
43 A	0.10284	0.32649	0.57067
44 A	0.10081	0.35845	0.54074
45 T	0.10026	0.36259	0.53715
46 A	0.09704	0.37561	0.52735
47 A	0.09466	0.38176	0.52358
48 G	0.09009	0.38637	0.52354
49 A	0.09080	0.38935	0.51985
50 A	0.09309	0.38710	0.51981
51 A	0.10073	0.37767	0.5216
52 A	0.11774	0.35722	0.52504
53 T	0.14467	0.32112	0.53421
54 T	0.16290	0.29075	0.54634
55 T	0.16866	0.27191	0.55943
56 T	0.17571	0.25214	0.57216
57 A	0.18016	0.23993	0.5799
58 T	0.18124	0.23314	0.58562
59 T	0.18082	0.23077	0.58841
60 A	0.17895	0.22937	0.59167
61 A	0.17850	0.22509	0.59642
62 G	0.18116	0.20108	0.61776
63 A	0.17760	0.16969	0.65271
64 G	0.17762	0.16163	0.66075
65 C	0.20720	0.12900	0.6638
66 A	0.21361	0.12451	0.66188
67 G	0.24013	0.09904	0.66083
68 A	0.24375	0.09871	0.65754
69 T	0.25526	0.08773	0.65701
70 T	0.25872	0.08935	0.65194
71 T	0.24962	0.10768	0.64269
72 A	0.24066	0.14060	0.61874
73 A	0.23225	0.15397	0.61378
74 A	0.23142	0.15654	0.61204
75 T	0.23165	0.15595	0.6124
76 G	0.23017	0.15684	0.61299
77 T	0.23208	0.15410	0.61383
78 T	0.23192	0.15318	0.6149
79 C	0.22804	0.15568	0.61628
80 C	0.22695	0.15606	0.617
81 T	0.22612	0.15702	0.61686
82 T	0.22244	0.16140	0.61615
83 T	0.21856	0.16629	0.61515
84 A	0.20935	0.17823	0.61242
85 G	0.19872	0.19276	0.60852
86 A	0.19430	0.19372	0.61198
87 A	0.18933	0.19545	0.61521
88 A	0.18295	0.19866	0.61839
89 A	0.18159	0.19708	0.62133
90 A	0.18238	0.19398	0.62364
91 G	0.18666	0.18406	0.62928
92 G	0.19114	0.17775	0.63111
93 A	0.19928	0.16831	0.63241
94 G	0.21369	0.14576	0.64054
95 T	0.23666	0.11503	0.64831
96 T	0.24037	0.10697	0.65267
97 A	0.23951	0.10947	0.65101
98 T	0.23862	0.11119	0.6502
99 T	0.23608	0.11732	0.64661
100 A	0.23253	0.13388	0.6336
101 A	0.23030	0.13568	0.63403
102 T	0.22978	0.13232	0.6379
103 G	0.22872	0.13147	0.63982
104 A	0.22873	0.12898	0.64229
105 C	0.22903	0.12199	0.64898
106 G	0.22622	0.12394	0.64985
107 A	0.22730	0.12042	0.65227
108 T	0.23277	0.11067	0.65657
109 A	0.23442	0.10880	0.65679
110 G	0.23561	0.10520	0.65918
111 T	0.23709	0.09914	0.66377
112 A	0.23737	0.09856	0.66407
113 G	0.23795	0.09794	0.66411
114 A	0.23799	0.10363	0.65838
115 A	0.23891	0.10476	0.65633
116 T	0.24091	0.10462	0.65446
117 T	0.24011	0.10880	0.65109
118 A	0.23664	0.11319	0.65017
119 A	0.23339	0.11553	0.65108
120 A	0.23124	0.11453	0.65423
121 G	0.23026	0.11246	0.65729
122 C	0.23483	0.10490	0.66026
123 C	0.24797	0.08988	0.66215
124 G	0.25067	0.08686	0.66248
125 T	0.25529	0.08226	0.66245
126 T	0.25934	0.07787	0.66279
127 T	0.26129	0.07574	0.66297
128 T	0.26148	0.07474	0.66377
129 G	0.25900	0.07250	0.66851
130 C	0.25859	0.07084	0.67057
131 C	0.25854	0.07069	0.67077
132 T	0.26058	0.06867	0.67075
133 A	0.25985	0.06969	0.67046
134 C	0.26109	0.06854	0.67037
135 T	0.26249	0.06802	0.66949
136 A	0.26055	0.07134	0.6681
137 T	0.25408	0.07742	0.66851
138 A	0.24162	0.09115	0.66723
139 G	0.23676	0.09774	0.6655
140 A	0.23528	0.09757	0.66714
141 A	0.23291	0.09580	0.67129
142 T	0.23082	0.09314	0.67604
143 A	0.22584	0.09671	0.67746
144 T	0.22164	0.10120	0.67716
145 C	0.21347	0.11327	0.67326
146 T	0.20417	0.13944	0.65639
147 T	0.18838	0.17797	0.63365
148 A	0.16329	0.21913	0.61759
149 A	0.14394	0.24694	0.60912
150 A	0.12839	0.26477	0.60685
151 A	0.11937	0.27400	0.60663
152 A	0.11516	0.27529	0.60955
153 A	0.11383	0.27483	0.61134
154 C	0.11314	0.27288	0.61398
155 A	0.11291	0.27323	0.61386
156 T	0.11317	0.27178	0.61504
157 A	0.11308	0.27142	0.6155
158 A	0.11351	0.26940	0.6171
159 A	0.11446	0.26532	0.62022
160 G	0.11530	0.24948	0.63522
161 G	0.11706	0.23346	0.64948
162 T	0.11945	0.22486	0.65568
163 A	0.12061	0.22073	0.65866
164 A	0.12110	0.21713	0.66177
165 A	0.12300	0.21151	0.66548
166 A	0.13002	0.19803	0.67195
167 T	0.14100	0.17781	0.68119
168 A	0.14939	0.15973	0.69088
169 G	0.16695	0.13108	0.70196
170 T	0.18692	0.10000	0.71308
171 T	0.19709	0.07019	0.73272
172 A	0.20070	0.05171	0.74759
173 T	0.20330	0.03562	0.76108
174 T	0.20486	0.02754	0.7676
175 C	0.20535	0.02353	0.77113
176 T	0.20587	0.02246	0.77166
177 T	0.20589	0.02193	0.77219
178 T	0.20598	0.02168	0.77234
179 C	0.20550	0.02223	0.77226
180 T	0.20517	0.02355	0.77128
181 C	0.20354	0.02619	0.77028
182 A	0.20179	0.03228	0.76593
183 T	0.19927	0.03904	0.76169
184 T	0.19382	0.05268	0.7535
185 T	0.17883	0.08190	0.73927
186 A	0.14860	0.13149	0.71991
187 G	0.12105	0.17160	0.70735
188 G	0.10182	0.19798	0.7002
189 A	0.08641	0.21831	0.69529
190 A	0.07896	0.22831	0.69273
191 G	0.07791	0.23038	0.69171
192 A	0.07973	0.23035	0.68993
193 G	0.08335	0.22879	0.68786
194 T	0.08438	0.23178	0.68384
195 T	0.08406	0.24037	0.67557
196 A	0.08200	0.24511	0.67289
197 A	0.07306	0.25716	0.66978
198 A	0.06609	0.26488	0.66903
199 A	0.06037	0.27061	0.66902
200 C	0.05505	0.27547	0.66948
201 A	0.04815	0.28316	0.66869
202 A	0.04354	0.28798	0.66847
203 A	0.04135	0.28978	0.66887
204 A	0.03985	0.28975	0.6704
205 G	0.04217	0.28563	0.6722
206 A	0.04609	0.27575	0.67817
207 A	0.05495	0.25767	0.68737
208 G	0.06976	0.22359	0.70665
209 A	0.08997	0.17637	0.73366
210 T	0.10354	0.13650	0.75997
211 T	0.10829	0.11583	0.77588
212 T	0.10777	0.10541	0.78683
213 A	0.10072	0.10813	0.79116
214 C	0.09468	0.11147	0.79385
215 A	0.08471	0.12292	0.79237
216 A	0.08184	0.12742	0.79074
217 A	0.08502	0.12562	0.78935
218 A	0.09259	0.11795	0.78946
219 A	0.09551	0.11408	0.79041
220 T	0.09935	0.09892	0.80173
221 T	0.10029	0.09100	0.80872
222 A	0.09963	0.08978	0.81059
223 A	0.09964	0.09146	0.8089
224 G	0.10025	0.09203	0.80771
225 T	0.10084	0.09139	0.80777
226 T	0.09971	0.09322	0.80707
227 T	0.09617	0.10081	0.80303
228 A	0.08716	0.11372	0.79912
229 A	0.08440	0.11979	0.79581
230 G	0.08274	0.12236	0.79489
231 A	0.08225	0.12321	0.79454
232 G	0.08261	0.12170	0.7957
233 T	0.08317	0.11965	0.79718
234 A	0.08335	0.11826	0.79839
235 G	0.08421	0.11340	0.80238
236 T	0.08548	0.10542	0.80909
237 A	0.08575	0.09978	0.81446
238 G	0.08699	0.08886	0.82414
239 C	0.08893	0.08261	0.82846
240 T	0.09057	0.08039	0.82905
241 G	0.09064	0.08003	0.82934
242 A	0.09141	0.07913	0.82946
243 C	0.09263	0.07765	0.82972
244 A	0.09413	0.07644	0.82943
245 G	0.09844	0.07149	0.83007
246 A	0.10734	0.06286	0.8298
247 T	0.11950	0.05032	0.83019
248 T	0.12458	0.04509	0.83033
249 A	0.12738	0.04035	0.83228
250 T	0.13275	0.03053	0.83672
251 C	0.13570	0.01989	0.84441
252 T	0.13851	0.01970	0.84179
253 T	0.13933	0.02084	0.83983
254 T	0.13961	0.02309	0.8373
255 T	0.13929	0.02618	0.83453
256 T	0.13855	0.02840	0.83306
257 A	0.13681	0.03114	0.83205
258 T	0.13581	0.03255	0.83164
259 T	0.13423	0.03469	0.83108
260 T	0.13285	0.03659	0.83056
261 A	0.13184	0.03755	0.83061
262 A	0.13134	0.03796	0.8307
263 A	0.13113	0.03795	0.83092
264 T	0.13110	0.03720	0.8317
265 C	0.13078	0.03723	0.83199
266 A	0.12992	0.03822	0.83186
267 A	0.12775	0.04046	0.83179
268 A	0.12782	0.04041	0.83177
269 A	0.12810	0.04009	0.83181
270 A	0.12813	0.04008	0.8318
271 G	0.12869	0.03881	0.83251
272 T	0.13024	0.03647	0.83328
273 G	0.13075	0.03545	0.8338
274 G	0.13265	0.03306	0.83429
275 T	0.13869	0.02690	0.83441
276 T	0.14174	0.02457	0.83369
277 T	0.14314	0.02472	0.83214
278 T	0.14392	0.02700	0.82909
279 T	0.14339	0.02684	0.82976
280 G	0.14199	0.02653	0.83147
281 T	0.14091	0.02673	0.83236
282 T	0.13819	0.02823	0.83358
283 C	0.13392	0.03150	0.83457
284 C	0.12677	0.03837	0.83486
285 T	0.11943	0.04600	0.83456
286 G	0.10410	0.06140	0.8345
287 A	0.09050	0.07514	0.83436
288 A	0.08140	0.08436	0.83424
289 A	0.07722	0.08812	0.83465
290 C	0.07398	0.08896	0.83706
291 A	0.07023	0.09323	0.83654
292 A	0.06735	0.09669	0.83597
293 A	0.06510	0.09982	0.83509
294 A	0.06251	0.10345	0.83405
295 G	0.06085	0.10538	0.83377
296 G	0.06016	0.10567	0.83417
297 A	0.05988	0.10594	0.83418
298 G	0.06003	0.10553	0.83443
299 A	0.06096	0.10436	0.83467
300 G	0.06301	0.10142	0.83557
301 T	0.06642	0.09741	0.83617
302 T	0.06652	0.09608	0.8374
303 A	0.06572	0.09506	0.83922
304 T	0.06521	0.09229	0.8425
305 T	0.06322	0.09022	0.84656
306 A	0.05930	0.08985	0.85084
307 G	0.05390	0.08879	0.85731
308 A	0.05008	0.08803	0.86189
309 A	0.04695	0.07960	0.87345
310 A	0.04493	0.07088	0.88419
311 G	0.04391	0.06387	0.89223
312 A	0.04340	0.06314	0.89346
313 G	0.04342	0.06377	0.8928
314 A	0.04415	0.06472	0.89114
315 A	0.04505	0.06296	0.89199
316 A	0.04632	0.06088	0.89281
317 T	0.04783	0.05700	0.89517
318 T	0.04827	0.05593	0.89581
319 A	0.04837	0.05587	0.89576
320 A	0.04858	0.05507	0.89636
321 T	0.04882	0.05414	0.89704
322 A	0.04900	0.05360	0.89741
323 A	0.04916	0.05294	0.89789
324 T	0.04975	0.05170	0.89855
325 T	0.04997	0.05052	0.89952
326 T	0.04974	0.04931	0.90096
327 A	0.04925	0.04873	0.90202
328 G	0.04919	0.04641	0.9044
329 A	0.04956	0.04295	0.90748
330 A	0.05029	0.03748	0.91222
331 T	0.05189	0.03171	0.9164
332 G	0.05283	0.02779	0.91938
333 C	0.05425	0.02468	0.92107
334 G	0.05535	0.02305	0.9216
335 G	0.05817	0.01989	0.92194
336 T	0.06292	0.01514	0.92194
337 T	0.06767	0.01052	0.92182
338 C	0.06931	0.00900	0.92168
339 T	0.07087	0.00787	0.92126
340 G	0.07129	0.00834	0.92037
341 T	0.07227	0.00798	0.91975
342 T	0.07292	0.00778	0.91929
343 T	0.07315	0.00798	0.91887
344 T	0.07264	0.00903	0.91833
345 A	0.07115	0.01116	0.91769
346 T	0.07038	0.01227	0.91735
347 T	0.06682	0.01677	0.91642
348 A	0.06142	0.02344	0.91515
349 A	0.05653	0.03010	0.91338
350 T	0.05363	0.03337	0.913
351 G	0.05095	0.03663	0.91243
352 G	0.04952	0.03863	0.91184
353 A	0.04893	0.03994	0.91114
354 A	0.04870	0.04063	0.91067
355 A	0.04863	0.04068	0.91068
356 A	0.04876	0.04050	0.91074
357 T	0.04899	0.04013	0.91089
358 A	0.04899	0.04004	0.91097
359 C	0.04920	0.03970	0.91111
360 T	0.04951	0.03934	0.91114
361 C	0.04972	0.03911	0.91117
362 G	0.05010	0.03876	0.91114
363 T	0.05118	0.03771	0.9111
364 T	0.05168	0.03733	0.91099
365 T	0.05134	0.03773	0.91092
366 T	0.04997	0.03926	0.91077
367 G	0.04571	0.04267	0.91161
368 A	0.04339	0.04345	0.91316
369 A	0.04155	0.04387	0.91458
370 G	0.04180	0.03949	0.91872
371 A	0.04308	0.03359	0.92334
372 T	0.04532	0.02634	0.92834
373 C	0.04553	0.02286	0.9316
374 T	0.04579	0.02190	0.93231
375 G	0.04476	0.02348	0.93176
376 G	0.04054	0.03075	0.92872
377 A	0.03904	0.03434	0.92662
378 T	0.03672	0.03805	0.92523
379 A	0.03097	0.04677	0.92225
380 G	0.02693	0.05208	0.92099
381 T	0.02370	0.05711	0.91918
382 A	0.01966	0.06500	0.91534
383 A	0.01713	0.06857	0.9143
384 A	0.01592	0.07059	0.91349
385 A	0.01549	0.07174	0.91277
386 A	0.01510	0.07245	0.91245
387 A	0.01436	0.07268	0.91296
388 G	0.01399	0.07199	0.91402
389 A	0.01271	0.07178	0.91551
390 A	0.01197	0.06885	0.91918
391 A	0.01152	0.06678	0.9217
392 G	0.01069	0.06535	0.92396
393 C	0.01008	0.06500	0.92492
394 A	0.00921	0.06607	0.92471
395 A	0.00858	0.06690	0.92453
396 A	0.00841	0.06665	0.92495
397 A	0.00860	0.06614	0.92526
398 A	0.00952	0.06420	0.92628
399 T	0.01339	0.05479	0.93182
400 A	0.01522	0.05036	0.93441
401 A	0.01693	0.04525	0.93782
402 T	0.02002	0.03529	0.94469
403 G	0.02073	0.02984	0.94944
404 C	0.02186	0.02512	0.95302
405 T	0.02528	0.01978	0.95495
406 C	0.02594	0.01797	0.95609
407 A	0.02650	0.01721	0.95628
408 A	0.02689	0.01667	0.95645
409 T	0.02732	0.01601	0.95666
410 T	0.02675	0.01579	0.95747
411 A	0.02087	0.02123	0.9579
412 G	0.01888	0.02132	0.9598
413 G	0.01722	0.02178	0.961
414 A	0.01639	0.02172	0.96189
415 A	0.01586	0.02137	0.96278
416 A	0.01567	0.02076	0.96357
417 A	0.01600	0.01934	0.96466
418 T	0.01641	0.01792	0.96567
419 A	0.01639	0.01738	0.96623
420 T	0.01641	0.01665	0.96694
421 T	0.01631	0.01637	0.96732
422 G	0.01616	0.01622	0.96762
423 G	0.01610	0.01583	0.96808
424 G	0.01607	0.01553	0.9684
425 C	0.01606	0.01526	0.96867
426 T	0.01608	0.01507	0.96886
427 T	0.01608	0.01493	0.96899
428 C	0.01605	0.01482	0.96913
429 A	0.01602	0.01479	0.96919
430 T	0.01603	0.01469	0.96928
431 T	0.01603	0.01417	0.9698
432 A	0.01601	0.01388	0.97011
433 G	0.01603	0.01309	0.97089
434 G	0.01613	0.00707	0.97681
435 T	0.01623	0.00492	0.97885
436 G	0.01630	0.00329	0.98041
437 A	0.01646	0.00243	0.98111
438 T	0.01665	0.00169	0.98166
439 G	0.01674	0.00128	0.98199
440 T	0.01679	0.00106	0.98215
441 T	0.01682	0.00093	0.98225
442 T	0.01683	0.00078	0.98239
443 T	0.01683	0.00072	0.98245
444 T	0.01683	0.00062	0.98254
445 G	0.01682	0.00054	0.98264
446 T	0.01682	0.00051	0.98267
447 T	0.01681	0.00051	0.98268
448 A	0.01677	0.00070	0.98252
449 A	0.01676	0.00073	0.98251
450 T	0.01675	0.00072	0.98252
451 G	0.01675	0.00069	0.98257
452 A	0.01674	0.00065	0.9826
453 T	0.01674	0.00063	0.98263
454 G	0.01674	0.00061	0.98265
455 C	0.01675	0.00058	0.98267
456 T	0.01675	0.00058	0.98268
457 T	0.01675	0.00057	0.98268
458 T	0.01675	0.00057	0.98268
459 C	0.01674	0.00058	0.98268
460 G	0.01673	0.00059	0.98268
461 G	0.01673	0.00059	0.98268
462 C	0.01673	0.00059	0.98268
463 A	0.01675	0.00057	0.98268
464 C	0.01677	0.00055	0.98268
465 T	0.01681	0.00051	0.98268
466 T	0.01685	0.00047	0.98268
467 G	0.01686	0.00046	0.98268
468 T	0.01689	0.00041	0.9827
469 C	0.01688	0.00042	0.9827
470 A	0.01688	0.00040	0.98272
471 T	0.01702	0.00023	0.98275
472 C	0.01702	0.00021	0.98276
473 G	0.01703	0.00021	0.98277
474 T	0.01703	0.00020	0.98277
475 T	0.01702	0.00021	0.98278
476 C	0.01700	0.00022	0.98278
477 T	0.01699	0.00023	0.98278
478 C	0.01698	0.00024	0.98278
479 A	0.01697	0.00024	0.98278
480 T	0.01697	0.00024	0.98278
481 G	0.01697	0.00024	0.98279
482 C	0.01697	0.00023	0.9828
483 T	0.01697	0.00022	0.9828
484 T	0.01696	0.00022	0.98281
485 C	0.01696	0.00023	0.98282
486 T	0.01692	0.00026	0.98281
487 A	0.01687	0.00032	0.98281
488 A	0.01685	0.00033	0.98282
489 T	0.01683	0.00033	0.98284
490 G	0.01682	0.00034	0.98285
491 T	0.01681	0.00033	0.98286
492 T	0.01679	0.00032	0.9829
493 G	0.01675	0.00035	0.9829
494 G	0.01673	0.00036	0.98291
495 T	0.01671	0.00040	0.98289
496 A	0.01664	0.00047	0.98289
497 T	0.01659	0.00052	0.98289
498 T	0.01651	0.00060	0.98289
499 T	0.01637	0.00073	0.9829
500 C	0.01622	0.00087	0.98291
501 T	0.01611	0.00098	0.98291
502 A	0.01593	0.00116	0.98291
503 C	0.01587	0.00122	0.98291
504 T	0.01581	0.00129	0.9829
505 T	0.01571	0.00140	0.9829
506 A	0.01561	0.00150	0.98289
507 T	0.01557	0.00154	0.98289
508 A	0.01552	0.00158	0.9829
509 T	0.01550	0.00156	0.98294
510 T	0.01547	0.00154	0.983
511 T	0.01540	0.00158	0.98302
512 C	0.01526	0.00170	0.98305
513 A	0.01514	0.00181	0.98305
514 G	0.01506	0.00188	0.98306
515 A	0.01504	0.00189	0.98307
516 G	0.01503	0.00187	0.9831
517 A	0.01504	0.00186	0.9831
518 A	0.01506	0.00179	0.98315
519 A	0.01507	0.00169	0.98324
520 T	0.01508	0.00156	0.98336
521 G	0.01509	0.00144	0.98347
522 T	0.01509	0.00129	0.98362
523 T	0.01509	0.00118	0.98373
524 T	0.01506	0.00113	0.9838
525 T	0.01499	0.00114	0.98387
526 G	0.01489	0.00122	0.98389
527 G	0.01483	0.00126	0.9839
528 T	0.01480	0.00131	0.98388
529 T	0.01474	0.00146	0.9838
530 T	0.01460	0.00165	0.98375
531 T	0.01438	0.00191	0.98371
532 T	0.01402	0.00233	0.98365
533 T	0.01354	0.00278	0.98368
534 A	0.01288	0.00339	0.98372
535 G	0.01255	0.00360	0.98384
536 T	0.01231	0.00376	0.98393
537 C	0.01200	0.00403	0.98397
538 G	0.01155	0.00453	0.98392
539 A	0.01133	0.00481	0.98386
540 A	0.01118	0.00501	0.98381
541 A	0.01107	0.00518	0.98374
542 A	0.01076	0.00556	0.98367
543 A	0.01055	0.00582	0.98362
544 G	0.01048	0.00591	0.98361
545 A	0.01046	0.00595	0.98359
546 A	0.01046	0.00595	0.98359
547 A	0.01050	0.00588	0.98363
548 T	0.01060	0.00568	0.98372
549 T	0.01066	0.00552	0.98382
550 A	0.01069	0.00544	0.98387
551 A	0.01079	0.00523	0.98397
552 T	0.01097	0.00485	0.98418
553 T	0.01104	0.00449	0.98447
554 T	0.01108	0.00412	0.98479
555 T	0.01111	0.00372	0.98517
556 T	0.01110	0.00331	0.9856
557 T	0.01108	0.00286	0.98606
558 A	0.01104	0.00263	0.98633
559 C	0.01102	0.00235	0.98662
560 A	0.01100	0.00226	0.98674
561 T	0.01096	0.00209	0.98695
562 A	0.01087	0.00229	0.98684
563 A	0.01055	0.00272	0.98673
564 A	0.01053	0.00280	0.98667
565 A	0.01059	0.00251	0.9869
566 T	0.01066	0.00225	0.9871
567 T	0.01068	0.00217	0.98715
568 G	0.01068	0.00218	0.98715
569 T	0.01067	0.00225	0.98708
570 T	0.01046	0.00265	0.98689
571 A	0.01012	0.00302	0.98686
572 A	0.00993	0.00321	0.98686
573 T	0.00984	0.00329	0.98688
574 A	0.00976	0.00336	0.98688
575 C	0.00972	0.00337	0.9869
576 A	0.00970	0.00338	0.98692
577 T	0.00970	0.00336	0.98694
578 C	0.00969	0.00336	0.98696
579 T	0.00965	0.00339	0.98697
580 C	0.00955	0.00348	0.98697
581 A	0.00946	0.00355	0.98699
582 A	0.00942	0.00357	0.98701
583 A	0.00945	0.00352	0.98704
584 G	0.00953	0.00332	0.98715
585 A	0.00977	0.00297	0.98726
586 C	0.00999	0.00232	0.9877
587 C	0.01015	0.00209	0.98776
588 T	0.01031	0.00192	0.98778
589 T	0.01036	0.00186	0.98778
590 T	0.01039	0.00182	0.98779
591 A	0.01041	0.00180	0.98779
592 G	0.01048	0.00169	0.98784
593 T	0.01066	0.00122	0.98812
594 T	0.01068	0.00084	0.98848
595 G	0.01067	0.00066	0.98867
596 C	0.01066	0.00056	0.98877
597 T	0.01066	0.00052	0.98882
598 G	0.01065	0.00050	0.98884
599 T	0.01065	0.00048	0.98886
600 T	0.01065	0.00048	0.98887
601 T	0.01065	0.00047	0.98888
602 T	0.01064	0.00043	0.98893
603 A	0.01057	0.00042	0.98901
604 G	0.01049	0.00041	0.98911
605 G	0.01044	0.00045	0.98911
606 T	0.01040	0.00052	0.98908
607 G	0.01034	0.00058	0.98907
608 G	0.01033	0.00061	0.98906
609 T	0.01031	0.00064	0.98905
610 T	0.01029	0.00068	0.98902
611 C	0.01025	0.00078	0.98898
612 T	0.01019	0.00107	0.98874
613 A	0.00992	0.00156	0.98853
614 A	0.00983	0.00171	0.98846
615 A	0.00977	0.00182	0.98841
616 G	0.00973	0.00186	0.98841
617 T	0.00972	0.00186	0.98841
618 T	0.00970	0.00187	0.98843
619 T	0.00959	0.00197	0.98844
620 C	0.00943	0.00214	0.98844
621 T	0.00927	0.00237	0.98836
622 G	0.00877	0.00314	0.98809
623 A	0.00848	0.00359	0.98793
624 T	0.00839	0.00380	0.98781
625 A	0.00826	0.00403	0.98771
626 A	0.00819	0.00403	0.98777
627 A	0.00815	0.00399	0.98786
628 A	0.00816	0.00393	0.9879
629 T	0.00818	0.00387	0.98795
630 C	0.00810	0.00389	0.98801
631 A	0.00803	0.00396	0.988
632 A	0.00801	0.00399	0.988
633 A	0.00798	0.00402	0.988
634 A	0.00801	0.00399	0.988
635 T	0.00823	0.00374	0.98802
636 T	0.00835	0.00339	0.98826
637 A	0.00829	0.00340	0.98831
638 T	0.00824	0.00344	0.98833
639 T	0.00807	0.00373	0.9882
640 G	0.00765	0.00438	0.98797
641 A	0.00739	0.00479	0.98782
642 A	0.00729	0.00480	0.98791
643 A	0.00727	0.00466	0.98807
644 A	0.00735	0.00439	0.98826
645 T	0.00767	0.00355	0.98878
646 C	0.00781	0.00313	0.98906
647 T	0.00790	0.00298	0.98913
648 T	0.00794	0.00287	0.98919
649 T	0.00793	0.00285	0.98922
650 T	0.00787	0.00289	0.98925
651 G	0.00758	0.00317	0.98926
652 A	0.00743	0.00328	0.9893
653 A	0.00734	0.00328	0.98938
654 A	0.00728	0.00325	0.98946
655 A	0.00727	0.00321	0.98952
656 A	0.00727	0.00312	0.9896
657 A	0.00730	0.00301	0.98969
658 G	0.00734	0.00290	0.98975
659 T	0.00742	0.00273	0.98985
660 A	0.00748	0.00256	0.98996
661 G	0.00757	0.00235	0.99008
662 A	0.00775	0.00202	0.99022
663 T	0.00800	0.00141	0.9906
664 T	0.00813	0.00105	0.99082
665 T	0.00815	0.00093	0.99092
666 T	0.00816	0.00089	0.99094
667 C	0.00816	0.00088	0.99096
668 T	0.00817	0.00088	0.99095
669 T	0.00817	0.00088	0.99095
670 T	0.00817	0.00087	0.99095
671 T	0.00818	0.00087	0.99096
672 G	0.00817	0.00088	0.99094
673 A	0.00818	0.00084	0.99098
674 T	0.00818	0.00056	0.99126
675 T	0.00818	0.00043	0.99138
676 G	0.00818	0.00037	0.99145
677 G	0.00818	0.00033	0.99149
678 T	0.00818	0.00032	0.9915
679 G	0.00818	0.00031	0.99151
680 G	0.00818	0.00031	0.99151
681 T	0.00818	0.00032	0.9915
682 G	0.00818	0.00035	0.99146
683 G	0.00818	0.00043	0.99139
684 A	0.00818	0.00048	0.99135
685 A	0.00818	0.00047	0.99135
686 T	0.00819	0.00047	0.99135
687 G	0.00819	0.00047	0.99135
688 T	0.00820	0.00046	0.99134
689 C	0.00822	0.00045	0.99134
690 T	0.00823	0.00043	0.99133
691 T	0.00824	0.00043	0.99133
692 T	0.00821	0.00046	0.99133
693 C	0.00817	0.00050	0.99133
694 A	0.00814	0.00053	0.99133
695 C	0.00814	0.00052	0.99133
696 T	0.00818	0.00049	0.99133
697 T	0.00819	0.00048	0.99133
698 T	0.00815	0.00053	0.99132
699 T	0.00804	0.00066	0.99131
700 T	0.00776	0.00095	0.99129
701 T	0.00747	0.00125	0.99128
702 G	0.00715	0.00160	0.99126
703 A	0.00702	0.00174	0.99124
704 A	0.00697	0.00180	0.99122
705 A	0.00696	0.00181	0.99122
706 T	0.00688	0.00189	0.99123
707 C	0.00648	0.00229	0.99123
708 T	0.00590	0.00291	0.99119
709 C	0.00511	0.00380	0.99109
710 A	0.00476	0.00429	0.99094
711 A	0.00461	0.00450	0.99089
712 A	0.00455	0.00459	0.99085
713 A	0.00450	0.00467	0.99084
714 T	0.00446	0.00470	0.99084
715 T	0.00441	0.00471	0.99088
716 T	0.00425	0.00483	0.99092
717 G	0.00397	0.00508	0.99095
718 G	0.00379	0.00526	0.99095
719 A	0.00368	0.00535	0.99097
720 A	0.00362	0.00536	0.99102
721 A	0.00357	0.00530	0.99113
722 T	0.00354	0.00514	0.99132
723 C	0.00344	0.00496	0.9916
724 G	0.00332	0.00502	0.99166
725 G	0.00325	0.00503	0.99172
726 A	0.00321	0.00522	0.99157
727 A	0.00319	0.00544	0.99137
728 A	0.00316	0.00580	0.99104
729 A	0.00314	0.00601	0.99085
730 A	0.00316	0.00568	0.99115
731 G	0.00321	0.00502	0.99177
732 T	0.00335	0.00430	0.99235
733 T	0.00346	0.00408	0.99246
734 T	0.00349	0.00416	0.99235
735 A	0.00349	0.00429	0.99222
736 T	0.00349	0.00429	0.99222
737 T	0.00345	0.00438	0.99217
738 A	0.00316	0.00479	0.99206
739 G	0.00296	0.00497	0.99207
740 A	0.00287	0.00497	0.99217
741 A	0.00279	0.00502	0.9922
742 G	0.00266	0.00511	0.99222
743 A	0.00261	0.00527	0.99211
744 A	0.00259	0.00556	0.99185
745 A	0.00260	0.00604	0.99136
746 A	0.00263	0.00635	0.99101
747 T	0.00276	0.00622	0.99102
748 G	0.00283	0.00616	0.99101
749 A	0.00297	0.00613	0.99089
750 A	0.00317	0.00591	0.99092
751 A	0.00359	0.00545	0.99096
752 T	0.00418	0.00482	0.991
753 T	0.00446	0.00452	0.99102
754 C	0.00456	0.00441	0.99104
755 C	0.00467	0.00429	0.99104
756 T	0.00482	0.00415	0.99103
757 T	0.00497	0.00400	0.99103
758 T	0.00509	0.00388	0.99103
759 A	0.00512	0.00385	0.99103
760 G	0.00519	0.00373	0.99107
761 T	0.00533	0.00331	0.99135
762 T	0.00515	0.00335	0.99151
763 A	0.00432	0.00417	0.99151
764 A	0.00366	0.00483	0.99151
765 A	0.00352	0.00495	0.99154
766 A	0.00357	0.00489	0.99154
767 G	0.00384	0.00457	0.99159
768 A	0.00444	0.00397	0.99159
769 T	0.00494	0.00349	0.99157
770 T	0.00498	0.00355	0.99147
771 A	0.00482	0.00387	0.99131
772 T	0.00472	0.00400	0.99129
773 T	0.00443	0.00434	0.99123
774 A	0.00396	0.00491	0.99113
775 G	0.00369	0.00519	0.99112
776 C	0.00357	0.00530	0.99113
777 T	0.00344	0.00545	0.99111
778 T	0.00315	0.00575	0.9911
779 C	0.00258	0.00633	0.99108
780 A	0.00199	0.00694	0.99107
781 A	0.00172	0.00722	0.99105
782 A	0.00159	0.00732	0.99109
783 A	0.00155	0.00732	0.99113
784 G	0.00156	0.00727	0.99117
785 A	0.00161	0.00689	0.9915
786 A	0.00170	0.00594	0.99236
787 G	0.00176	0.00514	0.99309
788 G	0.00185	0.00491	0.99324
789 T	0.00191	0.00495	0.99314
790 A	0.00189	0.00542	0.99269
791 A	0.00179	0.00566	0.99255
792 A	0.00168	0.00577	0.99255
793 A	0.00175	0.00562	0.99262
794 A	0.00188	0.00527	0.99285
795 A	0.00191	0.00500	0.99309
796 A	0.00198	0.00459	0.99342
797 T	0.00211	0.00399	0.9939
798 T	0.00213	0.00364	0.99424
799 A	0.00213	0.00346	0.99441
800 T	0.00215	0.00320	0.99466
801 T	0.00215	0.00289	0.99496
802 T	0.00215	0.00244	0.99542
803 T	0.00215	0.00203	0.99582
804 A	0.00214	0.00184	0.99601
805 C	0.00214	0.00173	0.99614
806 C	0.00214	0.00170	0.99616
807 G	0.00214	0.00169	0.99616
808 C	0.00214	0.00169	0.99617
809 A	0.00215	0.00169	0.99616
810 A	0.00220	0.00165	0.99616
811 G	0.00230	0.00155	0.99615
812 A	0.00251	0.00132	0.99617
813 T	0.00301	0.00077	0.99622
814 T	0.00316	0.00044	0.99639
815 T	0.00319	0.00025	0.99656
816 T	0.00321	0.00020	0.99659
817 G	0.00321	0.00018	0.99662
818 T	0.00321	0.00016	0.99662
819 T	0.00322	0.00017	0.99662
820 T	0.00321	0.00018	0.9966
821 G	0.00320	0.00019	0.99661
822 T	0.00318	0.00022	0.9966
823 G	0.00315	0.00026	0.99659
824 G	0.00312	0.00028	0.9966
825 C	0.00309	0.00032	0.99659
826 G	0.00308	0.00045	0.99647
827 A	0.00307	0.00066	0.99628
828 T	0.00305	0.00091	0.99604
829 A	0.00305	0.00128	0.99568
830 A	0.00304	0.00130	0.99566
831 A	0.00304	0.00131	0.99565
832 T	0.00304	0.00130	0.99566
833 T	0.00304	0.00130	0.99566
834 C	0.00300	0.00133	0.99566
835 G	0.00298	0.00135	0.99567
836 C	0.00297	0.00137	0.99567
837 T	0.00296	0.00138	0.99567
838 C	0.00294	0.00140	0.99567
839 C	0.00293	0.00141	0.99566
840 A	0.00293	0.00142	0.99565
841 G	0.00293	0.00142	0.99565
842 A	0.00294	0.00141	0.99565
843 T	0.00296	0.00138	0.99565
844 G	0.00296	0.00137	0.99568
845 C	0.00297	0.00131	0.99572
846 T	0.00299	0.00127	0.99574
847 A	0.00300	0.00125	0.99576
848 A	0.00302	0.00120	0.99578
849 A	0.00314	0.00107	0.99579
850 A	0.00334	0.00087	0.99579
851 C	0.00357	0.00061	0.99582
852 T	0.00390	0.00027	0.99583
853 A	0.00392	0.00026	0.99582
854 T	0.00394	0.00024	0.99582
855 T	0.00394	0.00024	0.99582
856 A	0.00394	0.00024	0.99582
857 T	0.00394	0.00019	0.99587
858 T	0.00394	0.00016	0.9959
859 T	0.00394	0.00014	0.99591
860 C	0.00393	0.00014	0.99593
861 T	0.00389	0.00018	0.99594
862 G	0.00375	0.00031	0.99594
863 A	0.00370	0.00036	0.99594
864 T	0.00365	0.00041	0.99594
865 T	0.00361	0.00045	0.99594
866 T	0.00356	0.00050	0.99594
867 T	0.00343	0.00063	0.99594
868 A	0.00322	0.00084	0.99594
869 A	0.00310	0.00097	0.99593
870 T	0.00302	0.00106	0.99593
871 A	0.00291	0.00117	0.99591
872 A	0.00287	0.00121	0.99591
873 A	0.00286	0.00122	0.99591
874 A	0.00286	0.00122	0.99592
875 T	0.00287	0.00121	0.99592
876 C	0.00287	0.00120	0.99592
877 C	0.00288	0.00120	0.99593
878 C	0.00288	0.00119	0.99593
879 T	0.00289	0.00119	0.99593
880 T	0.00289	0.00119	0.99593
881 T	0.00289	0.00119	0.99593
882 T	0.00288	0.00119	0.99593
883 A	0.00288	0.00118	0.99593
884 A	0.00288	0.00113	0.99599
885 T	0.00288	0.00098	0.99613
886 A	0.00289	0.00092	0.9962
887 T	0.00289	0.00084	0.99627
888 G	0.00289	0.00077	0.99635
889 A	0.00289	0.00071	0.9964
890 T	0.00290	0.00059	0.9965
891 G	0.00288	0.00048	0.99663
892 G	0.00288	0.00046	0.99666
893 G	0.00289	0.00047	0.99664
894 G	0.00290	0.00060	0.9965
895 T	0.00290	0.00071	0.99638
896 T	0.00290	0.00081	0.9963
897 A	0.00289	0.00091	0.9962
898 G	0.00289	0.00098	0.99613
899 A	0.00289	0.00099	0.99612
900 T	0.00289	0.00099	0.99612
901 A	0.00289	0.00099	0.99612
902 T	0.00289	0.00099	0.99612
903 C	0.00289	0.00099	0.99612
904 G	0.00288	0.00100	0.99612
905 G	0.00288	0.00099	0.99612
906 A	0.00289	0.00099	0.99612
907 C	0.00289	0.00099	0.99613
908 C	0.00290	0.00099	0.99612
909 T	0.00290	0.00100	0.9961
910 A	0.00291	0.00100	0.9961
911 A	0.00292	0.00099	0.9961
912 A	0.00294	0.00097	0.99609
913 A	0.00298	0.00093	0.9961
914 C	0.00307	0.00081	0.99612
915 T	0.00320	0.00068	0.99612
916 A	0.00330	0.00057	0.99612
917 T	0.00354	0.00034	0.99613
918 T	0.00365	0.00022	0.99613
919 T	0.00371	0.00016	0.99613
920 C	0.00374	0.00013	0.99613
921 T	0.00377	0.00009	0.99613
922 T	0.00378	0.00009	0.99613
923 T	0.00377	0.00009	0.99613
924 G	0.00377	0.00009	0.99613
925 T	0.00377	0.00009	0.99613
926 T	0.00377	0.00009	0.99615
927 C	0.00376	0.00010	0.99615
928 C	0.00374	0.00012	0.99615
929 A	0.00372	0.00014	0.99614
930 A	0.00369	0.00017	0.99613
931 C	0.00369	0.00018	0.99613
932 A	0.00370	0.00018	0.99612
933 T	0.00370	0.00019	0.99611
934 T	0.00370	0.00020	0.9961
935 A	0.00369	0.00021	0.9961
936 T	0.00368	0.00023	0.99609
937 A	0.00366	0.00025	0.99609
938 T	0.00364	0.00027	0.99609
939 T	0.00363	0.00028	0.99609
940 A	0.00361	0.00030	0.99609
941 T	0.00361	0.00030	0.99609
942 G	0.00359	0.00032	0.99609
943 T	0.00357	0.00033	0.9961
944 C	0.00355	0.00035	0.9961
945 T	0.00353	0.00037	0.9961
946 G	0.00350	0.00040	0.9961
947 C	0.00348	0.00042	0.99611
948 G	0.00346	0.00044	0.99609
949 A	0.00346	0.00045	0.99609
950 A	0.00346	0.00044	0.9961
951 A	0.00346	0.00043	0.99612
952 A	0.00347	0.00041	0.99612
953 C	0.00347	0.00036	0.99616
954 A	0.00347	0.00036	0.99617
955 G	0.00348	0.00034	0.99617
956 T	0.00349	0.00034	0.99616
957 T	0.00350	0.00038	0.99613
958 G	0.00349	0.00042	0.99608
959 T	0.00349	0.00043	0.99609
960 A	0.00346	0.00044	0.99609
961 T	0.00345	0.00044	0.9961
962 G	0.00344	0.00045	0.9961
963 G	0.00343	0.00046	0.99611
964 A	0.00343	0.00047	0.9961
965 A	0.00342	0.00047	0.9961
966 T	0.00342	0.00046	0.99612
967 G	0.00342	0.00043	0.99614
968 G	0.00342	0.00041	0.99616
969 T	0.00342	0.00038	0.9962
970 C	0.00342	0.00037	0.99622
971 C	0.00342	0.00036	0.99622
972 C	0.00342	0.00037	0.99621
973 G	0.00342	0.00039	0.99618
974 T	0.00342	0.00044	0.99614
975 A	0.00341	0.00047	0.99613
976 G	0.00341	0.00048	0.99611
977 G	0.00341	0.00048	0.9961
978 A	0.00342	0.00047	0.9961
979 G	0.00344	0.00045	0.99611
980 T	0.00351	0.00038	0.99611
981 T	0.00356	0.00032	0.99612
982 T	0.00358	0.00029	0.99613
983 T	0.00359	0.00027	0.99614
984 T	0.00359	0.00028	0.99612
985 G	0.00359	0.00031	0.9961
986 A	0.00358	0.00038	0.99604
987 A	0.00359	0.00044	0.99597
988 T	0.00360	0.00047	0.99593
989 T	0.00359	0.00055	0.99586
990 T	0.00355	0.00070	0.99574
991 G	0.00348	0.00099	0.99553
992 A	0.00341	0.00143	0.99516
993 A	0.00330	0.00172	0.99499
994 A	0.00329	0.00185	0.99486
995 A	0.00330	0.00196	0.99474
996 A	0.00333	0.00201	0.99466
997 T	0.00338	0.00197	0.99465
998 T	0.00339	0.00196	0.99464
999 T	0.00338	0.00198	0.99465
1000 T	0.00336	0.00200	0.99464
1001 C	0.00334	0.00203	0.99463
1002 T	0.00332	0.00207	0.9946
1003 C	0.00327	0.00216	0.99458
1004 A	0.00323	0.00232	0.99446
1005 A	0.00316	0.00248	0.99436
1006 G	0.00314	0.00252	0.99433
1007 G	0.00310	0.00261	0.99429
1008 A	0.00307	0.00271	0.99421
1009 A	0.00310	0.00270	0.9942
1010 C	0.00316	0.00264	0.9942
1011 A	0.00321	0.00264	0.99415
1012 A	0.00329	0.00256	0.99415
1013 G	0.00342	0.00240	0.99418
1014 A	0.00365	0.00214	0.99421
1015 T	0.00402	0.00175	0.99424
1016 C	0.00415	0.00152	0.99432
1017 G	0.00423	0.00156	0.99421
1018 A	0.00429	0.00152	0.99419
1019 T	0.00435	0.00146	0.99419
1020 A	0.00430	0.00151	0.99419
1021 G	0.00424	0.00155	0.9942
1022 C	0.00422	0.00153	0.99425
1023 T	0.00421	0.00153	0.99426
1024 C	0.00414	0.00163	0.99424
1025 A	0.00406	0.00179	0.99415
1026 G	0.00399	0.00191	0.9941
1027 A	0.00402	0.00205	0.99393
1028 T	0.00408	0.00210	0.99382
1029 G	0.00404	0.00241	0.99355
1030 A	0.00409	0.00291	0.99301
1031 T	0.00418	0.00281	0.99301
1032 T	0.00416	0.00288	0.99296
1033 A	0.00408	0.00304	0.99288
1034 G	0.00406	0.00309	0.99286
1035 C	0.00392	0.00330	0.99278
1036 A	0.00389	0.00358	0.99253
1037 A	0.00387	0.00377	0.99236
1038 A	0.00385	0.00394	0.99221
1039 A	0.00386	0.00402	0.99212
1040 T	0.00396	0.00396	0.99208
1041 T	0.00384	0.00408	0.99209
1042 A	0.00353	0.00441	0.99207
1043 A	0.00341	0.00449	0.9921
1044 A	0.00335	0.00449	0.99216
1045 G	0.00332	0.00448	0.9922
1046 A	0.00332	0.00446	0.99223
1047 T	0.00340	0.00431	0.99229
1048 A	0.00348	0.00417	0.99236
1049 A	0.00357	0.00400	0.99243
1050 A	0.00375	0.00377	0.99249
1051 G	0.00391	0.00356	0.99253
1052 C	0.00421	0.00320	0.99259
1053 T	0.00482	0.00260	0.99258
1054 A	0.00489	0.00253	0.99258
1055 T	0.00504	0.00235	0.9926
1056 T	0.00516	0.00218	0.99266
1057 A	0.00518	0.00214	0.99267
1058 C	0.00524	0.00192	0.99283
1059 A	0.00543	0.00173	0.99285
1060 A	0.00559	0.00154	0.99288
1061 T	0.00575	0.00133	0.99291
1062 T	0.00586	0.00123	0.99291
1063 A	0.00589	0.00123	0.99288
1064 T	0.00593	0.00103	0.99305
1065 T	0.00595	0.00069	0.99336
1066 G	0.00595	0.00057	0.99348
1067 G	0.00596	0.00053	0.9935
1068 C	0.00598	0.00053	0.99349
1069 G	0.00599	0.00064	0.99337
1070 G	0.00599	0.00083	0.99318
1071 T	0.00596	0.00101	0.99303
1072 G	0.00591	0.00128	0.9928
1073 G	0.00590	0.00162	0.99247
1074 A	0.00590	0.00241	0.99169
1075 G	0.00590	0.00304	0.99106
1076 A	0.00593	0.00325	0.99082
1077 T	0.00594	0.00335	0.99071
1078 A	0.00590	0.00341	0.9907
1079 G	0.00587	0.00344	0.99069
1080 C	0.00584	0.00347	0.99069
1081 G	0.00579	0.00353	0.99068
1082 C	0.00577	0.00356	0.99068
1083 A	0.00575	0.00358	0.99067
1084 G	0.00575	0.00358	0.99067
1085 C	0.00576	0.00357	0.99067
1086 C	0.00577	0.00357	0.99066
1087 G	0.00575	0.00364	0.99061
1088 C	0.00575	0.00368	0.99056
1089 A	0.00576	0.00390	0.99034
1090 A	0.00580	0.00390	0.9903
1091 T	0.00592	0.00379	0.9903
1092 A	0.00605	0.00364	0.9903
1093 T	0.00627	0.00340	0.99033
1094 C	0.00638	0.00323	0.99039
1095 C	0.00655	0.00305	0.9904
1096 A	0.00677	0.00289	0.99034
1097 A	0.00746	0.00224	0.9903
1098 A	0.00803	0.00169	0.99027
1099 T	0.00829	0.00147	0.99024
1100 T	0.00840	0.00141	0.99018
1101 T	0.00842	0.00145	0.99013
1102 A	0.00842	0.00169	0.98989
1103 A	0.00842	0.00176	0.98983
1104 A	0.00843	0.00177	0.9898
1105 T	0.00843	0.00177	0.9898
1106 T	0.00840	0.00181	0.98978
1107 A	0.00833	0.00191	0.98976
1108 G	0.00830	0.00194	0.98976
1109 A	0.00831	0.00193	0.98976
1110 T	0.00835	0.00188	0.98977
1111 A	0.00838	0.00185	0.98977
1112 A	0.00856	0.00166	0.98978
1113 T	0.00860	0.00161	0.98979
1114 A	0.00860	0.00162	0.98978
1115 A	0.00861	0.00159	0.9898
1116 T	0.00865	0.00154	0.98981
1117 T	0.00864	0.00155	0.98981
1118 T	0.00859	0.00159	0.98982
1119 T	0.00853	0.00163	0.98983
1120 A	0.00839	0.00177	0.98984
1121 G	0.00833	0.00182	0.98985
1122 C	0.00829	0.00186	0.98985
1123 C	0.00835	0.00185	0.9898
1124 A	0.00845	0.00184	0.98971
1125 T	0.00877	0.00156	0.98967
1126 A	0.00887	0.00147	0.98966
1127 T	0.00895	0.00138	0.98967
1128 T	0.00900	0.00133	0.98968
1129 T	0.00901	0.00125	0.98974
1130 C	0.00901	0.00116	0.98983
1131 T	0.00901	0.00114	0.98985
1132 A	0.00896	0.00117	0.98986
1133 C	0.00894	0.00118	0.98988
1134 T	0.00893	0.00120	0.98987
1135 G	0.00886	0.00129	0.98985
1136 G	0.00882	0.00134	0.98985
1137 T	0.00881	0.00135	0.98985
1138 G	0.00878	0.00138	0.98984
1139 G	0.00877	0.00138	0.98985
1140 A	0.00879	0.00132	0.98989
1141 G	0.00881	0.00122	0.98997
1142 G	0.00881	0.00112	0.99006
1143 A	0.00883	0.00098	0.99019
1144 G	0.00885	0.00089	0.99026
1145 C	0.00889	0.00080	0.99032
1146 T	0.00896	0.00078	0.99026
1147 T	0.00902	0.00082	0.99016
1148 T	0.00904	0.00097	0.98998
1149 T	0.00903	0.00123	0.98973
1150 T	0.00899	0.00169	0.98932
1151 T	0.00886	0.00252	0.98862
1152 G	0.00846	0.00388	0.98766
1153 G	0.00817	0.00475	0.98708
1154 A	0.00805	0.00577	0.98618
1155 A	0.00802	0.00642	0.98556
1156 T	0.00802	0.00697	0.98501
1157 A	0.00801	0.00802	0.98397
1158 T	0.00803	0.00877	0.9832
1159 T	0.00802	0.01026	0.98171
1160 T	0.00799	0.01150	0.98052
1161 A	0.00776	0.01282	0.97942
1162 G	0.00767	0.01349	0.97883
1163 A	0.00754	0.01421	0.97825
1164 A	0.00732	0.01485	0.97782
1165 G	0.00710	0.01544	0.97746
1166 A	0.00687	0.01643	0.9767
1167 A	0.00676	0.01702	0.97621
1168 A	0.00670	0.01757	0.97573
1169 A	0.00673	0.01782	0.97545
1170 A	0.00682	0.01801	0.97517
1171 G	0.00700	0.01795	0.97505
1172 A	0.00732	0.01784	0.97484
1173 A	0.00785	0.01728	0.97487
1174 A	0.00875	0.01624	0.97501
1175 T	0.00990	0.01470	0.9754
1176 G	0.01036	0.01402	0.97562
1177 C	0.01096	0.01336	0.97568
1178 C	0.01127	0.01332	0.97541
1179 A	0.01161	0.01361	0.97478
1180 G	0.01262	0.01287	0.97451
1181 G	0.01357	0.01218	0.97425
1182 T	0.01538	0.01055	0.97406
1183 T	0.01633	0.00981	0.97387
1184 T	0.01680	0.00934	0.97387
1185 A	0.01648	0.00975	0.97377
1186 A	0.01594	0.01031	0.97374
1187 A	0.01614	0.00994	0.97392
1188 A	0.01640	0.00945	0.97414
1189 T	0.01709	0.00852	0.97438
1190 G	0.01750	0.00798	0.97451
1191 T	0.01797	0.00743	0.9746
1192 A	0.01818	0.00718	0.97463
1193 T	0.01843	0.00689	0.97468
1194 C	0.01853	0.00677	0.9747
1195 G	0.01871	0.00658	0.9747
1196 A	0.01875	0.00653	0.97471
1197 G	0.01880	0.00648	0.97472
1198 A	0.01887	0.00639	0.97473
1199 A	0.01905	0.00619	0.97477
1200 A	0.01934	0.00572	0.97495
1201 T	0.01998	0.00471	0.97532
1202 T	0.02066	0.00372	0.97563
1203 T	0.02092	0.00321	0.97587
1204 T	0.02110	0.00278	0.97612
1205 G	0.02119	0.00248	0.97633
1206 T	0.02136	0.00203	0.97662
1207 T	0.02151	0.00151	0.97698
1208 A	0.02163	0.00091	0.97746
1209 A	0.02179	0.00000	0.9782
