# lcl|CP097583.1_cds_USQ93444.1_1
# AA	inside	membr	outside
1 A	0.06341	0.00000	0.93658
2 T	0.06031	0.00310	0.93658
3 G	0.05836	0.00505	0.93658
4 A	0.05836	0.00708	0.93455
5 A	0.03771	0.02900	0.93328
6 A	0.03771	0.02911	0.93317
7 A	0.02192	0.04492	0.93315
8 A	0.02192	0.04493	0.93315
9 A	0.02087	0.04598	0.93314
10 A	0.02087	0.04631	0.93282
11 A	0.02083	0.04637	0.9328
12 A	0.02014	0.04707	0.93279
13 G	0.01970	0.04756	0.93273
14 T	0.01970	0.04756	0.93273
15 A	0.01970	0.04867	0.93162
16 A	0.01965	0.04872	0.93162
17 T	0.01961	0.04877	0.93163
18 A	0.01960	0.04878	0.93162
19 A	0.01950	0.04887	0.93164
20 T	0.01929	0.04880	0.93191
21 T	0.01875	0.04899	0.93225
22 G	0.01885	0.04820	0.93294
23 G	0.01917	0.04623	0.93459
24 T	0.02013	0.04449	0.93538
25 T	0.02044	0.03920	0.94036
26 T	0.02052	0.03657	0.94291
27 A	0.02115	0.03265	0.94621
28 T	0.02164	0.01519	0.96317
29 C	0.02157	0.01311	0.96532
30 T	0.02144	0.00563	0.97293
31 G	0.02130	0.00563	0.97307
32 G	0.02124	0.00515	0.97362
33 C	0.02141	0.00497	0.97363
34 G	0.02141	0.00533	0.97327
35 G	0.02145	0.00492	0.97362
36 A	0.02155	0.00467	0.97378
37 G	0.02162	0.00477	0.97361
38 T	0.02259	0.00383	0.97358
39 T	0.02260	0.00376	0.97364
40 G	0.02259	0.00368	0.97373
41 A	0.02259	0.00361	0.97379
42 T	0.02260	0.00347	0.97393
43 A	0.02261	0.00325	0.97414
44 G	0.02256	0.00284	0.97461
45 T	0.02257	0.00277	0.97467
46 A	0.02252	0.00278	0.9747
47 G	0.02248	0.00277	0.97475
48 T	0.02242	0.00279	0.97479
49 G	0.02220	0.00294	0.97486
50 T	0.02204	0.00300	0.97495
51 A	0.02189	0.00308	0.97504
52 G	0.02186	0.00296	0.97519
53 C	0.02187	0.00277	0.97535
54 T	0.02202	0.00255	0.97542
55 G	0.02210	0.00243	0.97546
56 C	0.02227	0.00224	0.97549
57 T	0.02266	0.00184	0.9755
58 T	0.02276	0.00174	0.9755
59 T	0.02282	0.00166	0.97551
60 T	0.02284	0.00164	0.97552
61 C	0.02267	0.00182	0.97551
62 T	0.02246	0.00203	0.97552
63 T	0.02178	0.00272	0.9755
64 T	0.02055	0.00399	0.97546
65 T	0.01934	0.00526	0.97541
66 A	0.01657	0.00814	0.97529
67 A	0.01444	0.01040	0.97516
68 A	0.01298	0.01200	0.97502
69 A	0.01221	0.01289	0.9749
70 A	0.01111	0.01393	0.97496
71 A	0.01061	0.01435	0.97504
72 A	0.01026	0.01450	0.97525
73 G	0.01005	0.01452	0.97543
74 C	0.00997	0.01444	0.97559
75 A	0.00993	0.01446	0.97562
76 G	0.00991	0.01446	0.97563
77 G	0.00991	0.01445	0.97564
78 T	0.00991	0.01443	0.97566
79 T	0.00990	0.01444	0.97567
80 A	0.00986	0.01443	0.97571
81 T	0.00985	0.01432	0.97582
82 G	0.00984	0.01421	0.97595
83 A	0.00983	0.01395	0.97621
84 A	0.00983	0.01330	0.97687
85 G	0.00985	0.01202	0.97813
86 T	0.00987	0.01023	0.9799
87 C	0.00986	0.00845	0.9817
88 G	0.00985	0.00770	0.98244
89 A	0.00993	0.00643	0.98363
90 A	0.01008	0.00513	0.98478
91 G	0.01023	0.00385	0.98592
92 G	0.01043	0.00307	0.98651
93 T	0.01047	0.00177	0.98776
94 G	0.01048	0.00122	0.98829
95 T	0.01050	0.00087	0.98864
96 T	0.01050	0.00070	0.9888
97 T	0.01049	0.00067	0.98884
98 T	0.01048	0.00068	0.98885
99 T	0.01046	0.00067	0.98887
100 A	0.01041	0.00070	0.98889
101 T	0.01039	0.00070	0.98891
102 G	0.01033	0.00073	0.98894
103 C	0.01010	0.00094	0.98895
104 G	0.00998	0.00109	0.98893
105 T	0.00992	0.00117	0.98891
106 A	0.00974	0.00138	0.98888
107 A	0.00963	0.00150	0.98888
108 T	0.00957	0.00156	0.98888
109 T	0.00942	0.00168	0.98891
110 G	0.00925	0.00179	0.98896
111 G	0.00915	0.00185	0.98901
112 G	0.00910	0.00189	0.98901
113 A	0.00906	0.00192	0.98901
114 T	0.00905	0.00194	0.98901
115 A	0.00899	0.00201	0.98899
116 G	0.00897	0.00204	0.989
117 T	0.00897	0.00203	0.98899
118 A	0.00896	0.00206	0.98898
119 G	0.00896	0.00203	0.989
120 C	0.00900	0.00198	0.98902
121 T	0.00903	0.00198	0.98898
122 T	0.00901	0.00202	0.98897
123 G	0.00898	0.00207	0.98896
124 A	0.00897	0.00213	0.9889
125 A	0.00898	0.00211	0.98891
126 T	0.00901	0.00184	0.98916
127 T	0.00903	0.00168	0.98929
128 A	0.00904	0.00161	0.98935
129 T	0.00903	0.00144	0.98953
130 G	0.00898	0.00138	0.98964
131 A	0.00895	0.00135	0.9897
132 T	0.00892	0.00124	0.98984
133 G	0.00884	0.00120	0.98996
134 T	0.00878	0.00119	0.99003
135 A	0.00859	0.00139	0.99002
136 G	0.00841	0.00159	0.99
137 A	0.00836	0.00166	0.98998
138 A	0.00834	0.00167	0.98999
139 G	0.00830	0.00170	0.99
140 G	0.00831	0.00171	0.98998
141 T	0.00833	0.00167	0.99
142 A	0.00833	0.00166	0.99001
143 A	0.00834	0.00162	0.99004
144 T	0.00840	0.00154	0.99006
145 C	0.00843	0.00147	0.9901
146 C	0.00846	0.00141	0.99013
147 T	0.00852	0.00134	0.99013
148 T	0.00855	0.00132	0.99013
149 T	0.00856	0.00131	0.99013
150 T	0.00857	0.00130	0.99013
151 G	0.00857	0.00128	0.99015
152 T	0.00857	0.00124	0.99019
153 T	0.00855	0.00120	0.99025
154 A	0.00849	0.00125	0.99027
155 A	0.00834	0.00138	0.99029
156 T	0.00831	0.00134	0.99036
157 A	0.00821	0.00145	0.99035
158 A	0.00817	0.00137	0.99046
159 T	0.00819	0.00123	0.99058
160 A	0.00815	0.00132	0.99053
161 A	0.00808	0.00140	0.99052
162 T	0.00807	0.00141	0.99053
163 A	0.00802	0.00147	0.99052
164 T	0.00801	0.00148	0.99051
165 T	0.00797	0.00150	0.99053
166 T	0.00789	0.00158	0.99053
167 G	0.00780	0.00166	0.99054
168 T	0.00776	0.00170	0.99054
169 C	0.00733	0.00213	0.99055
170 C	0.00700	0.00246	0.99054
171 T	0.00671	0.00275	0.99054
172 C	0.00640	0.00307	0.99052
173 A	0.00617	0.00333	0.9905
174 A	0.00605	0.00344	0.9905
175 G	0.00601	0.00348	0.9905
176 A	0.00600	0.00347	0.99053
177 A	0.00597	0.00344	0.9906
178 C	0.00594	0.00327	0.99079
179 A	0.00594	0.00322	0.99083
180 A	0.00601	0.00306	0.99094
181 G	0.00605	0.00294	0.99101
182 A	0.00611	0.00284	0.99105
183 T	0.00621	0.00267	0.99111
184 T	0.00625	0.00249	0.99126
185 T	0.00627	0.00240	0.99133
186 C	0.00627	0.00231	0.99142
187 A	0.00627	0.00230	0.99143
188 A	0.00627	0.00227	0.99146
189 T	0.00627	0.00220	0.99154
190 G	0.00625	0.00214	0.99161
191 A	0.00625	0.00210	0.99165
192 T	0.00625	0.00152	0.99224
193 G	0.00624	0.00108	0.99268
194 C	0.00624	0.00076	0.99301
195 T	0.00623	0.00062	0.99315
196 T	0.00620	0.00056	0.99324
197 T	0.00613	0.00060	0.99326
198 G	0.00594	0.00082	0.99325
199 A	0.00584	0.00093	0.99323
200 A	0.00580	0.00092	0.99328
201 G	0.00575	0.00090	0.99335
202 G	0.00571	0.00091	0.99338
203 T	0.00569	0.00092	0.99339
204 T	0.00564	0.00096	0.9934
205 G	0.00554	0.00107	0.99339
206 C	0.00548	0.00114	0.99339
207 T	0.00546	0.00116	0.99338
208 G	0.00542	0.00120	0.99338
209 A	0.00539	0.00123	0.99337
210 A	0.00538	0.00124	0.99338
211 C	0.00537	0.00126	0.99337
212 A	0.00533	0.00133	0.99333
213 A	0.00531	0.00138	0.99331
214 T	0.00530	0.00140	0.9933
215 T	0.00528	0.00142	0.99331
216 G	0.00523	0.00148	0.9933
217 A	0.00520	0.00150	0.99329
218 A	0.00521	0.00146	0.99333
219 T	0.00523	0.00138	0.99339
220 A	0.00523	0.00132	0.99345
221 T	0.00526	0.00111	0.99362
222 T	0.00527	0.00103	0.9937
223 A	0.00526	0.00101	0.99374
224 A	0.00526	0.00096	0.99378
225 A	0.00526	0.00091	0.99384
226 T	0.00526	0.00085	0.99388
227 G	0.00526	0.00079	0.99395
228 T	0.00527	0.00069	0.99404
229 C	0.00524	0.00067	0.99409
230 A	0.00522	0.00068	0.99409
231 T	0.00521	0.00068	0.99411
232 A	0.00519	0.00069	0.99412
233 A	0.00518	0.00068	0.99413
234 G	0.00519	0.00066	0.99414
235 G	0.00524	0.00056	0.9942
236 T	0.00527	0.00049	0.99424
237 T	0.00529	0.00045	0.99426
238 G	0.00530	0.00044	0.99426
239 A	0.00531	0.00042	0.99427
240 T	0.00533	0.00038	0.9943
241 T	0.00533	0.00036	0.99431
242 T	0.00533	0.00035	0.99432
243 T	0.00533	0.00034	0.99433
244 T	0.00532	0.00035	0.99434
245 C	0.00525	0.00041	0.99434
246 A	0.00517	0.00051	0.99433
247 G	0.00513	0.00055	0.99432
248 A	0.00511	0.00057	0.99432
249 G	0.00510	0.00059	0.99431
250 G	0.00510	0.00060	0.9943
251 A	0.00510	0.00059	0.99431
252 T	0.00511	0.00055	0.99434
253 T	0.00511	0.00053	0.99435
254 A	0.00512	0.00052	0.99436
255 T	0.00512	0.00049	0.99439
256 T	0.00512	0.00048	0.9944
257 G	0.00512	0.00048	0.9944
258 G	0.00511	0.00048	0.99441
259 A	0.00511	0.00047	0.99441
260 A	0.00512	0.00047	0.99442
261 T	0.00513	0.00045	0.99443
262 C	0.00514	0.00043	0.99443
263 A	0.00515	0.00042	0.99443
264 A	0.00516	0.00041	0.99443
265 G	0.00517	0.00040	0.99444
266 T	0.00519	0.00037	0.99444
267 T	0.00520	0.00035	0.99446
268 T	0.00521	0.00026	0.99453
269 T	0.00523	0.00018	0.99459
270 T	0.00523	0.00014	0.99464
271 A	0.00522	0.00013	0.99465
272 C	0.00522	0.00012	0.99466
273 T	0.00523	0.00011	0.99466
274 T	0.00523	0.00011	0.99466
275 C	0.00523	0.00011	0.99466
276 T	0.00524	0.00011	0.99464
277 T	0.00524	0.00015	0.99461
278 T	0.00524	0.00018	0.99458
279 T	0.00521	0.00022	0.99456
280 T	0.00517	0.00028	0.99454
281 T	0.00511	0.00034	0.99454
282 A	0.00495	0.00051	0.99454
283 A	0.00488	0.00058	0.99454
284 A	0.00486	0.00060	0.99454
285 C	0.00485	0.00061	0.99454
286 G	0.00485	0.00062	0.99452
287 G	0.00485	0.00063	0.99452
288 T	0.00485	0.00065	0.99449
289 T	0.00485	0.00071	0.99444
290 T	0.00483	0.00077	0.9944
291 A	0.00477	0.00090	0.99433
292 A	0.00476	0.00092	0.99432
293 A	0.00475	0.00093	0.99432
294 A	0.00474	0.00093	0.99432
295 G	0.00474	0.00093	0.99434
296 C	0.00474	0.00093	0.99434
297 G	0.00472	0.00098	0.9943
298 A	0.00472	0.00101	0.99427
299 A	0.00473	0.00101	0.99426
300 T	0.00477	0.00097	0.99426
301 T	0.00479	0.00094	0.99427
302 T	0.00479	0.00089	0.99431
303 A	0.00479	0.00084	0.99437
304 A	0.00479	0.00077	0.99444
305 C	0.00480	0.00062	0.99458
306 T	0.00481	0.00057	0.99463
307 C	0.00480	0.00056	0.99463
308 C	0.00480	0.00056	0.99464
309 T	0.00481	0.00055	0.99464
310 A	0.00480	0.00056	0.99464
311 A	0.00482	0.00054	0.99465
312 T	0.00486	0.00049	0.99465
313 C	0.00489	0.00044	0.99467
314 C	0.00493	0.00035	0.99472
315 T	0.00492	0.00035	0.99473
316 G	0.00490	0.00038	0.99473
317 A	0.00489	0.00039	0.99472
318 T	0.00490	0.00039	0.99471
319 G	0.00489	0.00042	0.99469
320 T	0.00490	0.00041	0.99469
321 T	0.00490	0.00043	0.99466
322 T	0.00487	0.00050	0.99463
323 T	0.00482	0.00058	0.9946
324 A	0.00472	0.00075	0.99453
325 T	0.00463	0.00090	0.99447
326 G	0.00453	0.00105	0.99442
327 T	0.00442	0.00126	0.99432
328 A	0.00425	0.00155	0.99419
329 A	0.00418	0.00166	0.99415
330 T	0.00413	0.00173	0.99414
331 A	0.00405	0.00183	0.99412
332 A	0.00401	0.00188	0.99412
333 T	0.00399	0.00189	0.99412
334 A	0.00397	0.00191	0.99412
335 A	0.00396	0.00191	0.99413
336 A	0.00396	0.00190	0.99414
337 A	0.00396	0.00189	0.99416
338 T	0.00396	0.00186	0.99417
339 T	0.00397	0.00183	0.9942
340 A	0.00397	0.00183	0.99421
341 A	0.00397	0.00181	0.99421
342 A	0.00400	0.00176	0.99424
343 T	0.00405	0.00167	0.99427
344 T	0.00411	0.00157	0.99432
345 T	0.00415	0.00147	0.99438
346 G	0.00417	0.00139	0.99444
347 A	0.00424	0.00125	0.99451
348 T	0.00432	0.00107	0.99461
349 A	0.00438	0.00093	0.99469
350 T	0.00450	0.00072	0.99479
351 T	0.00460	0.00048	0.99493
352 T	0.00464	0.00038	0.99498
353 T	0.00465	0.00034	0.99501
354 T	0.00465	0.00030	0.99505
355 G	0.00462	0.00031	0.99506
356 T	0.00461	0.00033	0.99506
357 T	0.00461	0.00037	0.99502
358 A	0.00459	0.00047	0.99495
359 A	0.00458	0.00054	0.99488
360 A	0.00458	0.00060	0.99482
361 T	0.00458	0.00068	0.99474
362 A	0.00458	0.00075	0.99467
363 T	0.00457	0.00078	0.99465
364 G	0.00454	0.00085	0.9946
365 T	0.00453	0.00090	0.99457
366 T	0.00446	0.00097	0.99457
367 G	0.00434	0.00110	0.99456
368 A	0.00428	0.00116	0.99456
369 G	0.00426	0.00118	0.99456
370 C	0.00426	0.00118	0.99456
371 A	0.00426	0.00119	0.99455
372 A	0.00428	0.00118	0.99455
373 T	0.00430	0.00116	0.99454
374 T	0.00431	0.00115	0.99453
375 T	0.00431	0.00116	0.99453
376 A	0.00431	0.00116	0.99454
377 A	0.00431	0.00113	0.99456
378 T	0.00433	0.00108	0.99459
379 C	0.00434	0.00105	0.99462
380 C	0.00437	0.00101	0.99462
381 A	0.00445	0.00094	0.99461
382 G	0.00452	0.00087	0.99461
383 A	0.00458	0.00082	0.9946
384 T	0.00469	0.00072	0.99459
385 T	0.00476	0.00066	0.99458
386 A	0.00479	0.00063	0.99458
387 T	0.00483	0.00057	0.99461
388 A	0.00484	0.00053	0.99464
389 T	0.00484	0.00046	0.9947
390 T	0.00482	0.00038	0.9948
391 G	0.00480	0.00037	0.99482
392 C	0.00479	0.00038	0.99483
393 T	0.00476	0.00045	0.9948
394 A	0.00471	0.00052	0.99477
395 T	0.00469	0.00056	0.99475
396 G	0.00466	0.00059	0.99475
397 G	0.00464	0.00060	0.99476
398 G	0.00464	0.00059	0.99477
399 G	0.00464	0.00059	0.99478
400 C	0.00463	0.00058	0.99479
401 A	0.00463	0.00058	0.99478
402 T	0.00464	0.00058	0.99479
403 T	0.00463	0.00058	0.99479
404 A	0.00463	0.00058	0.99479
405 C	0.00463	0.00058	0.9948
406 G	0.00463	0.00059	0.99478
407 C	0.00464	0.00061	0.99476
408 T	0.00465	0.00074	0.99461
409 A	0.00457	0.00110	0.99433
410 G	0.00449	0.00142	0.99409
411 G	0.00443	0.00202	0.99355
412 A	0.00440	0.00246	0.99314
413 T	0.00443	0.00258	0.99299
414 T	0.00442	0.00287	0.99271
415 A	0.00437	0.00312	0.99251
416 T	0.00437	0.00320	0.99243
417 T	0.00432	0.00331	0.99237
418 T	0.00419	0.00353	0.99228
419 A	0.00390	0.00396	0.99214
420 T	0.00374	0.00426	0.992
421 A	0.00356	0.00465	0.99179
422 A	0.00342	0.00481	0.99177
423 A	0.00332	0.00494	0.99175
424 A	0.00324	0.00504	0.99172
425 A	0.00318	0.00513	0.99169
426 C	0.00305	0.00528	0.99167
427 A	0.00302	0.00545	0.99153
428 A	0.00301	0.00552	0.99147
429 A	0.00302	0.00553	0.99145
430 G	0.00307	0.00549	0.99144
431 A	0.00325	0.00533	0.99143
432 A	0.00359	0.00490	0.99151
433 A	0.00392	0.00448	0.9916
434 T	0.00461	0.00373	0.99167
435 T	0.00502	0.00328	0.9917
436 A	0.00516	0.00311	0.99173
437 T	0.00545	0.00274	0.99181
438 T	0.00561	0.00248	0.99191
439 T	0.00567	0.00236	0.99197
440 T	0.00570	0.00225	0.99205
441 A	0.00570	0.00211	0.99219
442 G	0.00575	0.00176	0.99249
443 C	0.00582	0.00154	0.99264
444 T	0.00594	0.00143	0.99263
445 A	0.00578	0.00160	0.99263
446 A	0.00571	0.00164	0.99265
447 A	0.00573	0.00157	0.99269
448 G	0.00578	0.00151	0.99271
449 C	0.00583	0.00138	0.99279
450 T	0.00596	0.00155	0.99249
451 T	0.00601	0.00211	0.99188
452 T	0.00595	0.00265	0.99141
453 G	0.00580	0.00287	0.99133
454 G	0.00555	0.00324	0.99122
455 A	0.00541	0.00345	0.99114
456 T	0.00525	0.00366	0.99109
457 C	0.00502	0.00394	0.99104
458 G	0.00493	0.00415	0.99093
459 T	0.00485	0.00429	0.99086
460 G	0.00464	0.00456	0.99079
461 A	0.00458	0.00472	0.9907
462 T	0.00453	0.00480	0.99067
463 A	0.00449	0.00490	0.99061
464 A	0.00448	0.00489	0.99064
465 A	0.00448	0.00483	0.99069
466 G	0.00450	0.00473	0.99078
467 A	0.00458	0.00459	0.99083
468 T	0.00465	0.00436	0.99098
469 C	0.00469	0.00424	0.99107
470 A	0.00473	0.00419	0.99108
471 A	0.00481	0.00410	0.9911
472 A	0.00498	0.00391	0.99111
473 C	0.00537	0.00347	0.99116
474 T	0.00601	0.00283	0.99117
475 T	0.00639	0.00235	0.99126
476 A	0.00646	0.00216	0.99137
477 T	0.00658	0.00180	0.99162
478 T	0.00665	0.00158	0.99176
479 T	0.00672	0.00133	0.99195
480 T	0.00680	0.00108	0.99212
481 T	0.00689	0.00090	0.9922
482 T	0.00690	0.00084	0.99227
483 G	0.00687	0.00066	0.99247
484 T	0.00689	0.00062	0.9925
485 C	0.00662	0.00087	0.99251
486 T	0.00641	0.00113	0.99246
487 C	0.00598	0.00167	0.99235
488 A	0.00555	0.00290	0.99155
489 A	0.00517	0.00437	0.99046
490 T	0.00484	0.00580	0.98936
491 T	0.00412	0.00843	0.98744
492 A	0.00306	0.01267	0.98427
493 A	0.00244	0.01372	0.98383
494 A	0.00194	0.01443	0.98362
495 A	0.00180	0.01474	0.98347
496 A	0.00173	0.01489	0.98338
497 C	0.00170	0.01495	0.98335
498 A	0.00169	0.01498	0.98333
499 G	0.00170	0.01499	0.98332
500 A	0.00169	0.01500	0.98331
501 A	0.00171	0.01498	0.98331
502 C	0.00175	0.01495	0.98331
503 A	0.00181	0.01488	0.98331
504 A	0.00183	0.01485	0.98333
505 T	0.00186	0.01477	0.98337
506 T	0.00187	0.01472	0.9834
507 A	0.00186	0.01470	0.98343
508 A	0.00188	0.01440	0.98372
509 A	0.00195	0.01405	0.984
510 A	0.00211	0.01345	0.98444
511 A	0.00292	0.01220	0.98488
512 A	0.00413	0.01049	0.98538
513 A	0.00532	0.00877	0.98592
514 G	0.00721	0.00598	0.98681
515 T	0.01013	0.00217	0.98771
516 T	0.01060	0.00121	0.98818
517 C	0.01080	0.00066	0.98854
518 T	0.01097	0.00043	0.9886
519 T	0.01103	0.00034	0.98863
520 T	0.01103	0.00032	0.98866
521 T	0.01101	0.00032	0.98866
522 T	0.01097	0.00036	0.98866
523 C	0.01093	0.00039	0.98868
524 C	0.01088	0.00046	0.98865
525 T	0.01084	0.00057	0.98859
526 T	0.01068	0.00082	0.98851
527 T	0.01032	0.00129	0.98839
528 A	0.00990	0.00197	0.98812
529 G	0.00970	0.00231	0.98799
530 G	0.00908	0.00303	0.98788
531 A	0.00852	0.00373	0.98775
532 G	0.00832	0.00401	0.98767
533 A	0.00807	0.00441	0.98752
534 G	0.00782	0.00490	0.98729
535 T	0.00769	0.00512	0.98719
536 T	0.00762	0.00536	0.98702
537 G	0.00747	0.00575	0.98679
538 A	0.00740	0.00597	0.98664
539 C	0.00733	0.00610	0.98657
540 T	0.00727	0.00635	0.98637
541 A	0.00721	0.00645	0.98634
542 A	0.00716	0.00651	0.98632
543 G	0.00714	0.00652	0.98635
544 G	0.00713	0.00650	0.98637
545 C	0.00713	0.00639	0.98648
546 A	0.00714	0.00632	0.98653
547 C	0.00719	0.00621	0.9866
548 A	0.00725	0.00617	0.98658
549 A	0.00732	0.00604	0.98663
550 G	0.00742	0.00581	0.98677
551 T	0.00764	0.00530	0.98706
552 G	0.00762	0.00531	0.98707
553 A	0.00760	0.00513	0.98727
554 G	0.00767	0.00496	0.98737
555 A	0.00773	0.00529	0.98698
556 G	0.00786	0.00527	0.98687
557 A	0.00808	0.00543	0.98649
558 A	0.00822	0.00562	0.98616
559 A	0.00845	0.00533	0.98622
560 T	0.00877	0.00485	0.98638
561 T	0.00881	0.00474	0.98646
562 G	0.00874	0.00471	0.98655
563 C	0.00878	0.00460	0.98661
564 T	0.00878	0.00460	0.98662
565 G	0.00874	0.00467	0.98659
566 C	0.00871	0.00472	0.98657
567 T	0.00866	0.00488	0.98645
568 A	0.00853	0.00525	0.98622
569 A	0.00841	0.00556	0.98603
570 G	0.00813	0.00604	0.98583
571 G	0.00785	0.00677	0.98537
572 A	0.00764	0.00714	0.98522
573 A	0.00756	0.00723	0.98522
574 A	0.00760	0.00715	0.98524
575 A	0.00772	0.00692	0.98536
576 C	0.00818	0.00635	0.98547
577 C	0.00870	0.00591	0.98539
578 T	0.00930	0.00552	0.98518
579 A	0.00944	0.00560	0.98496
580 A	0.00982	0.00524	0.98494
581 T	0.01015	0.00493	0.98492
582 T	0.01010	0.00497	0.98493
583 A	0.01005	0.00498	0.98497
584 C	0.01006	0.00483	0.98511
585 T	0.01001	0.00481	0.98518
586 G	0.00983	0.00505	0.98512
587 C	0.00974	0.00523	0.98504
588 T	0.00925	0.00648	0.98427
589 A	0.00838	0.00803	0.9836
590 A	0.00790	0.00872	0.98337
591 A	0.00769	0.00898	0.98332
592 A	0.00763	0.00904	0.98333
593 A	0.00770	0.00871	0.98359
594 A	0.00807	0.00803	0.9839
595 A	0.00822	0.00762	0.98416
596 A	0.00826	0.00736	0.98437
597 A	0.00833	0.00716	0.98452
598 G	0.00841	0.00692	0.98467
599 A	0.00850	0.00670	0.9848
600 T	0.00867	0.00636	0.98497
601 T	0.00885	0.00605	0.98509
602 C	0.00898	0.00579	0.98522
603 T	0.00901	0.00573	0.98525
604 A	0.00901	0.00571	0.98527
605 C	0.00902	0.00564	0.98535
606 A	0.00901	0.00565	0.98533
607 G	0.00903	0.00567	0.9853
608 G	0.00914	0.00553	0.98533
609 T	0.00945	0.00519	0.98537
610 A	0.00959	0.00517	0.98523
611 T	0.01040	0.00378	0.98582
612 T	0.01092	0.00251	0.98658
613 T	0.01101	0.00200	0.98698
614 G	0.01100	0.00183	0.98717
615 T	0.01102	0.00181	0.98717
616 T	0.01101	0.00187	0.98711
617 T	0.01098	0.00197	0.98704
618 T	0.01092	0.00215	0.98693
619 A	0.01080	0.00235	0.98684
620 T	0.01073	0.00243	0.98684
621 T	0.01065	0.00252	0.98683
622 G	0.01051	0.00266	0.98682
623 G	0.01042	0.00276	0.98681
624 C	0.01039	0.00279	0.98681
625 G	0.01037	0.00284	0.98679
626 A	0.01036	0.00290	0.98674
627 A	0.01036	0.00294	0.9867
628 A	0.01037	0.00297	0.98666
629 G	0.01043	0.00292	0.98665
630 A	0.01053	0.00284	0.98663
631 A	0.01063	0.00277	0.98661
632 A	0.01083	0.00256	0.9866
633 T	0.01119	0.00216	0.98666
634 T	0.01138	0.00195	0.98668
635 T	0.01151	0.00180	0.98669
636 T	0.01163	0.00164	0.98673
637 T	0.01175	0.00148	0.98678
638 T	0.01182	0.00135	0.98683
639 T	0.01188	0.00126	0.98685
640 G	0.01192	0.00119	0.98689
641 T	0.01204	0.00107	0.98689
642 T	0.01210	0.00100	0.9869
643 T	0.01211	0.00104	0.98685
644 T	0.01211	0.00109	0.9868
645 T	0.01208	0.00118	0.98674
646 T	0.01201	0.00141	0.98658
647 T	0.01195	0.00162	0.98644
648 A	0.01150	0.00235	0.98615
649 A	0.01112	0.00313	0.98576
650 A	0.01091	0.00369	0.98539
651 T	0.01079	0.00413	0.98507
652 A	0.01052	0.00514	0.98434
653 A	0.01040	0.00531	0.98429
654 T	0.01042	0.00533	0.98425
655 T	0.01041	0.00540	0.98419
656 A	0.01038	0.00547	0.98415
657 C	0.01037	0.00551	0.98412
658 T	0.01037	0.00558	0.98405
659 T	0.01032	0.00569	0.984
660 A	0.00972	0.00638	0.9839
661 A	0.00923	0.00690	0.98387
662 A	0.00891	0.00723	0.98386
663 G	0.00869	0.00745	0.98386
664 A	0.00858	0.00759	0.98383
665 C	0.00861	0.00753	0.98386
666 T	0.00873	0.00747	0.9838
667 A	0.00866	0.00759	0.98375
668 A	0.00865	0.00764	0.98371
669 T	0.00873	0.00759	0.98369
670 A	0.00837	0.00810	0.98353
671 A	0.00846	0.00766	0.98388
672 A	0.00875	0.00695	0.9843
673 G	0.00906	0.00635	0.9846
674 G	0.00937	0.00585	0.98477
675 T	0.01009	0.00492	0.98499
676 C	0.01014	0.00477	0.98509
677 C	0.01019	0.00477	0.98504
678 T	0.01026	0.00479	0.98494
679 A	0.01028	0.00485	0.98487
680 T	0.01032	0.00487	0.9848
681 T	0.01034	0.00489	0.98476
682 A	0.01032	0.00490	0.98478
683 A	0.01035	0.00431	0.98534
684 A	0.01035	0.00384	0.98581
685 G	0.01035	0.00350	0.98616
686 A	0.01035	0.00329	0.98636
687 T	0.01042	0.00305	0.98654
688 A	0.01040	0.00306	0.98654
689 T	0.01046	0.00299	0.98656
690 G	0.01046	0.00297	0.98657
691 A	0.01048	0.00304	0.98648
692 A	0.01052	0.00288	0.9866
693 T	0.01071	0.00226	0.98703
694 G	0.01076	0.00212	0.98712
695 G	0.01069	0.00213	0.98718
696 C	0.01068	0.00212	0.9872
697 G	0.01069	0.00234	0.98697
698 T	0.01076	0.00243	0.98681
699 C	0.01082	0.00258	0.98659
700 T	0.01093	0.00290	0.98617
701 T	0.01099	0.00312	0.9859
702 T	0.01099	0.00358	0.98543
703 T	0.01094	0.00392	0.98515
704 T	0.01082	0.00426	0.98492
705 G	0.01043	0.00487	0.98469
706 A	0.00997	0.00569	0.98433
707 A	0.00968	0.00664	0.98368
708 A	0.00954	0.00680	0.98366
709 G	0.00946	0.00690	0.98364
710 A	0.00947	0.00691	0.98362
711 A	0.00954	0.00683	0.98363
712 C	0.00962	0.00673	0.98365
713 A	0.00973	0.00665	0.98363
714 T	0.00991	0.00647	0.98363
715 G	0.00992	0.00646	0.98362
716 A	0.00996	0.00643	0.98361
717 A	0.01000	0.00637	0.98362
718 G	0.01005	0.00621	0.98374
719 G	0.01015	0.00607	0.98377
720 T	0.01061	0.00559	0.9838
721 G	0.01088	0.00532	0.9838
722 T	0.01131	0.00488	0.98382
723 T	0.01172	0.00447	0.98382
724 A	0.01189	0.00431	0.98379
725 T	0.01216	0.00401	0.98383
726 T	0.01202	0.00418	0.9838
727 A	0.01157	0.00483	0.98361
728 A	0.01120	0.00526	0.98353
729 G	0.01069	0.00573	0.98358
730 T	0.01086	0.00539	0.98374
731 A	0.01003	0.00628	0.9837
732 T	0.00951	0.00676	0.98373
733 A	0.00894	0.00734	0.98372
734 C	0.00857	0.00770	0.98373
735 T	0.00812	0.00831	0.98357
736 A	0.00711	0.00964	0.98325
737 T	0.00686	0.01010	0.98305
738 T	0.00654	0.01044	0.98302
739 G	0.00600	0.01099	0.983
740 G	0.00549	0.01151	0.98299
741 T	0.00516	0.01188	0.98296
742 C	0.00435	0.01281	0.98284
743 A	0.00391	0.01381	0.98228
744 A	0.00366	0.01462	0.98173
745 A	0.00351	0.01499	0.9815
746 G	0.00347	0.01513	0.9814
747 A	0.00348	0.01528	0.98125
748 A	0.00353	0.01517	0.9813
749 A	0.00365	0.01477	0.98158
750 A	0.00394	0.01400	0.98205
751 A	0.00433	0.01308	0.98258
752 G	0.00474	0.01174	0.98352
753 A	0.00491	0.01125	0.98385
754 T	0.00513	0.01038	0.98449
755 T	0.00522	0.01032	0.98446
756 A	0.00522	0.01104	0.98375
757 A	0.00522	0.01194	0.98284
758 A	0.00535	0.01257	0.98207
759 T	0.00567	0.01215	0.98219
760 T	0.00585	0.01308	0.98107
761 T	0.00584	0.01529	0.97887
762 A	0.00574	0.01691	0.97734
763 A	0.00569	0.01849	0.97582
764 A	0.00558	0.01934	0.97507
765 G	0.00571	0.01925	0.97504
766 G	0.00625	0.01861	0.97514
767 T	0.00686	0.01806	0.97508
768 T	0.00701	0.01814	0.97485
769 A	0.00699	0.01868	0.97433
770 C	0.00685	0.01925	0.9739
771 A	0.00620	0.02054	0.97327
772 A	0.00571	0.02149	0.9728
773 A	0.00546	0.02201	0.97253
774 A	0.00541	0.02227	0.97232
775 G	0.00545	0.02229	0.97226
776 A	0.00568	0.02205	0.97227
777 A	0.00599	0.02172	0.97229
778 A	0.00655	0.02114	0.97232
779 A	0.00776	0.01987	0.97237
780 C	0.00931	0.01826	0.97242
781 C	0.01111	0.01644	0.97245
782 A	0.01254	0.01500	0.97247
783 A	0.01439	0.01313	0.97248
784 T	0.01704	0.01044	0.97252
785 C	0.01838	0.00903	0.97259
786 T	0.01988	0.00746	0.97265
787 C	0.02064	0.00652	0.97285
788 C	0.02128	0.00583	0.97289
789 T	0.02178	0.00532	0.9729
790 T	0.02214	0.00496	0.9729
791 G	0.02238	0.00468	0.97293
792 G	0.02283	0.00419	0.97299
793 T	0.02340	0.00339	0.97321
794 T	0.02380	0.00227	0.97393
795 T	0.02376	0.00186	0.97438
796 G	0.02305	0.00257	0.97438
797 T	0.02289	0.00268	0.97443
798 T	0.02184	0.00380	0.97437
799 G	0.01972	0.00611	0.97418
800 T	0.01825	0.00764	0.9741
801 C	0.01542	0.01064	0.97394
802 G	0.01339	0.01310	0.97352
803 G	0.01153	0.01541	0.97306
804 G	0.01072	0.01667	0.97261
805 A	0.01037	0.01735	0.97228
806 A	0.01026	0.01759	0.97215
807 A	0.01024	0.01766	0.97209
808 G	0.01024	0.01773	0.97203
809 A	0.01023	0.01778	0.972
810 T	0.01023	0.01778	0.97199
811 T	0.01023	0.01778	0.97199
812 T	0.01021	0.01785	0.97194
813 A	0.01017	0.01798	0.97185
814 A	0.01013	0.01811	0.97175
815 A	0.01011	0.01810	0.9718
816 A	0.01012	0.01801	0.97187
817 A	0.01016	0.01786	0.97199
818 A	0.01027	0.01719	0.97254
819 T	0.01057	0.01581	0.97362
820 A	0.01065	0.01531	0.97404
821 A	0.01082	0.01373	0.97545
822 T	0.01124	0.01108	0.97769
823 A	0.01142	0.00918	0.97939
824 T	0.01179	0.00598	0.98223
825 T	0.01221	0.00392	0.98387
826 C	0.01249	0.00227	0.98524
827 T	0.01276	0.00192	0.98532
828 T	0.01292	0.00238	0.9847
829 T	0.01292	0.00377	0.98331
830 A	0.01290	0.00623	0.98087
831 T	0.01293	0.00825	0.97882
832 G	0.01292	0.01062	0.97647
833 T	0.01295	0.01331	0.97374
834 A	0.01296	0.01364	0.9734
835 G	0.01301	0.01384	0.97315
836 A	0.01307	0.01399	0.97294
837 T	0.01312	0.01398	0.9729
838 C	0.01299	0.01418	0.97283
839 A	0.01287	0.01456	0.97257
840 A	0.01284	0.01467	0.97248
841 A	0.01284	0.01468	0.97248
842 A	0.01285	0.01467	0.97248
843 T	0.01290	0.01462	0.97248
844 G	0.01290	0.01461	0.97248
845 C	0.01291	0.01462	0.97247
846 T	0.01293	0.01467	0.9724
847 G	0.01293	0.01481	0.97226
848 A	0.01295	0.01481	0.97224
849 A	0.01307	0.01469	0.97224
850 A	0.01343	0.01433	0.97224
851 G	0.01438	0.01330	0.97232
852 C	0.01618	0.01140	0.97242
853 C	0.01913	0.00841	0.97246
854 C	0.02133	0.00621	0.97247
855 T	0.02375	0.00380	0.97245
856 T	0.02555	0.00202	0.97243
857 A	0.02572	0.00187	0.97241
858 T	0.02589	0.00171	0.9724
859 T	0.02592	0.00165	0.97243
860 T	0.02579	0.00167	0.97253
861 A	0.02531	0.00207	0.97262
862 T	0.02510	0.00215	0.97275
863 A	0.02459	0.00262	0.9728
864 T	0.02411	0.00307	0.97283
865 A	0.02275	0.00442	0.97283
866 G	0.02230	0.00485	0.97285
867 C	0.02214	0.00500	0.97286
868 G	0.02206	0.00508	0.97286
869 A	0.02210	0.00503	0.97287
870 T	0.02223	0.00489	0.97288
871 T	0.02222	0.00490	0.97289
872 C	0.02217	0.00494	0.97289
873 C	0.02215	0.00496	0.97289
874 G	0.02214	0.00497	0.97289
875 C	0.02214	0.00497	0.97289
876 T	0.02215	0.00496	0.97289
877 T	0.02216	0.00495	0.97288
878 T	0.02216	0.00499	0.97285
879 A	0.02209	0.00509	0.97282
880 A	0.02205	0.00514	0.97281
881 T	0.02204	0.00498	0.97299
882 T	0.02201	0.00478	0.97321
883 A	0.02192	0.00458	0.9735
884 T	0.02195	0.00392	0.97413
885 T	0.02186	0.00351	0.97463
886 G	0.02163	0.00327	0.9751
887 A	0.02154	0.00304	0.97542
888 T	0.02149	0.00206	0.97645
889 G	0.02144	0.00191	0.97665
890 T	0.02143	0.00197	0.97659
891 T	0.02141	0.00235	0.97625
892 G	0.02134	0.00299	0.97566
893 T	0.02131	0.00349	0.9752
894 T	0.02123	0.00413	0.97464
895 T	0.02077	0.00504	0.97419
896 G	0.02014	0.00601	0.97385
897 G	0.01964	0.00688	0.97348
898 A	0.01915	0.00775	0.9731
899 G	0.01902	0.00799	0.973
900 A	0.01895	0.00817	0.97289
901 A	0.01893	0.00825	0.97282
902 A	0.01894	0.00826	0.9728
903 T	0.01896	0.00823	0.97282
904 T	0.01891	0.00836	0.97273
905 G	0.01877	0.00863	0.9726
906 T	0.01864	0.00895	0.9724
907 G	0.01805	0.00988	0.97207
908 A	0.01786	0.01007	0.97207
909 G	0.01777	0.01002	0.97221
910 G	0.01779	0.00998	0.97224
911 G	0.01788	0.00987	0.97225
912 C	0.01812	0.00968	0.9722
913 A	0.01839	0.00985	0.97176
914 A	0.01898	0.00957	0.97146
915 T	0.01980	0.00905	0.97115
916 A	0.02034	0.00886	0.9708
917 T	0.02102	0.00842	0.97057
918 T	0.02136	0.00803	0.97061
919 T	0.02136	0.00843	0.97021
920 A	0.02072	0.01016	0.96912
921 T	0.01996	0.01268	0.96736
922 A	0.01733	0.01712	0.96556
923 A	0.01494	0.02193	0.96313
924 A	0.01345	0.02640	0.96015
925 A	0.01204	0.03061	0.95734
926 A	0.01118	0.03196	0.95686
927 A	0.01052	0.03322	0.95626
928 A	0.01057	0.03310	0.95634
929 A	0.01080	0.03271	0.95649
930 C	0.01111	0.03183	0.95706
931 G	0.01115	0.03191	0.95695
932 C	0.01119	0.03233	0.95648
933 T	0.01105	0.03370	0.95524
934 A	0.01080	0.03504	0.95417
935 G	0.01075	0.03557	0.95368
936 A	0.01104	0.03574	0.95322
937 A	0.01129	0.03583	0.95288
938 T	0.01166	0.03557	0.95277
939 G	0.01199	0.03534	0.95267
940 A	0.01230	0.03519	0.95251
941 A	0.01274	0.03473	0.95253
942 A	0.01369	0.03350	0.95282
943 A	0.01506	0.03135	0.9536
944 T	0.01743	0.02786	0.9547
945 A	0.01890	0.02397	0.95713
946 G	0.02088	0.01978	0.95934
947 A	0.02353	0.01589	0.96058
948 A	0.02610	0.01203	0.96186
949 G	0.02681	0.01055	0.96264
950 C	0.02778	0.00888	0.96334
951 T	0.02819	0.00862	0.96319
952 A	0.02837	0.00889	0.96274
953 A	0.02880	0.00866	0.96255
954 A	0.02954	0.00789	0.96257
955 T	0.03069	0.00671	0.9626
956 T	0.03184	0.00519	0.96297
957 T	0.03257	0.00426	0.96318
958 C	0.03250	0.00459	0.9629
959 G	0.03125	0.00766	0.96109
960 T	0.03086	0.00875	0.96039
961 T	0.03002	0.00996	0.96002
962 A	0.02848	0.01182	0.9597
963 T	0.02790	0.01245	0.95965
964 C	0.02584	0.01458	0.95958
965 G	0.02356	0.01724	0.9592
966 T	0.02182	0.01913	0.95905
967 C	0.01929	0.02169	0.95903
968 A	0.01807	0.02295	0.95898
969 A	0.01719	0.02387	0.95894
970 C	0.01676	0.02432	0.95892
971 C	0.01651	0.02463	0.95886
972 T	0.01647	0.02470	0.95882
973 A	0.01623	0.02496	0.95881
974 A	0.01622	0.02498	0.95881
975 T	0.01647	0.02472	0.95881
976 C	0.01632	0.02484	0.95884
977 A	0.01606	0.02507	0.95888
978 A	0.01585	0.02524	0.95891
979 G	0.01581	0.02520	0.95899
980 A	0.01591	0.02504	0.95905
981 A	0.01634	0.02437	0.95929
982 G	0.01798	0.02054	0.96148
983 T	0.01874	0.01878	0.96248
984 T	0.01895	0.01748	0.96357
985 G	0.01891	0.01661	0.96448
986 A	0.01882	0.01640	0.96478
987 A	0.01879	0.01495	0.96627
988 A	0.01908	0.01272	0.9682
989 T	0.01928	0.01083	0.96989
990 T	0.01930	0.00915	0.97156
991 A	0.01932	0.00906	0.97162
992 T	0.01936	0.00859	0.97205
993 A	0.01918	0.00911	0.97171
994 T	0.01905	0.00960	0.97135
995 T	0.01891	0.01048	0.97062
996 T	0.01863	0.01388	0.96749
997 T	0.01833	0.01699	0.96468
998 T	0.01801	0.01951	0.96248
999 A	0.01735	0.02228	0.96036
1000 A	0.01689	0.02360	0.95951
1001 A	0.01657	0.02431	0.95913
1002 T	0.01638	0.02459	0.95903
1003 G	0.01608	0.02522	0.95871
1004 A	0.01601	0.02563	0.95836
1005 A	0.01605	0.02575	0.9582
1006 A	0.01617	0.02558	0.95826
1007 G	0.01638	0.02523	0.95839
1008 T	0.01694	0.02448	0.95858
1009 A	0.01730	0.02413	0.95857
1010 C	0.01774	0.02372	0.95855
1011 A	0.01811	0.02428	0.95761
1012 A	0.01853	0.02474	0.95673
1013 T	0.01917	0.02479	0.95604
1014 T	0.01966	0.02563	0.9547
1015 A	0.01960	0.02683	0.95357
1016 A	0.02025	0.02643	0.95332
1017 G	0.02128	0.02543	0.95329
1018 A	0.02274	0.02423	0.95302
1019 T	0.02734	0.01969	0.95296
1020 T	0.03047	0.01696	0.95257
1021 T	0.03208	0.01611	0.95182
1022 A	0.03265	0.01672	0.95063
1023 T	0.03310	0.01616	0.95074
1024 T	0.03301	0.01603	0.95096
1025 A	0.03225	0.01666	0.95108
1026 T	0.03199	0.01670	0.95132
1027 C	0.03173	0.01688	0.95138
1028 C	0.03150	0.01712	0.95138
1029 A	0.03133	0.01738	0.95129
1030 C	0.03129	0.01751	0.9512
1031 A	0.03125	0.01776	0.951
1032 A	0.03134	0.01784	0.95082
1033 A	0.03158	0.01781	0.95061
1034 A	0.03264	0.01682	0.95054
1035 A	0.03372	0.01579	0.95048
1036 A	0.03469	0.01474	0.95057
1037 T	0.03633	0.01274	0.95093
1038 T	0.03737	0.01156	0.95107
1039 A	0.03768	0.01142	0.9509
1040 A	0.03794	0.01131	0.95075
1041 A	0.03859	0.01062	0.95079
1042 T	0.03950	0.00966	0.95084
1043 T	0.04013	0.00894	0.95093
1044 A	0.04082	0.00812	0.95107
1045 G	0.04184	0.00654	0.95163
1046 T	0.04204	0.00595	0.95202
1047 T	0.04207	0.00543	0.9525
1048 A	0.04207	0.00480	0.95313
1049 C	0.04210	0.00418	0.95371
1050 T	0.04212	0.00390	0.95399
1051 C	0.04208	0.00370	0.95422
1052 C	0.04212	0.00359	0.95429
1053 T	0.04217	0.00352	0.95432
1054 G	0.04201	0.00366	0.95433
1055 G	0.04171	0.00391	0.95438
1056 T	0.04175	0.00387	0.95438
1057 C	0.04155	0.00408	0.95436
1058 A	0.04149	0.00433	0.95418
1059 A	0.04158	0.00443	0.95399
1060 G	0.04170	0.00444	0.95385
1061 T	0.04207	0.00412	0.95382
1062 T	0.04242	0.00380	0.95378
1063 T	0.04263	0.00342	0.95395
1064 G	0.04265	0.00331	0.95403
1065 T	0.04271	0.00321	0.95407
1066 T	0.04272	0.00316	0.95412
1067 C	0.04272	0.00311	0.95418
1068 T	0.04271	0.00311	0.95418
1069 T	0.04268	0.00314	0.95418
1070 T	0.04262	0.00320	0.95419
1071 T	0.04246	0.00336	0.95419
1072 T	0.04221	0.00364	0.95415
1073 A	0.04181	0.00403	0.95416
1074 T	0.04158	0.00423	0.95419
1075 A	0.04121	0.00461	0.95418
1076 A	0.04103	0.00473	0.95425
1077 A	0.04095	0.00450	0.95455
1078 G	0.04091	0.00407	0.95502
1079 G	0.04091	0.00396	0.95513
1080 A	0.04094	0.00377	0.95529
1081 G	0.04115	0.00348	0.95537
1082 A	0.04140	0.00321	0.95539
1083 T	0.04160	0.00293	0.95547
1084 T	0.04168	0.00286	0.95545
1085 T	0.04172	0.00285	0.95543
1086 T	0.04171	0.00296	0.95533
1087 T	0.04167	0.00321	0.95512
1088 G	0.04155	0.00392	0.95453
1089 T	0.04145	0.00531	0.95325
1090 T	0.04114	0.00714	0.95171
1091 T	0.04074	0.01020	0.94906
1092 A	0.03996	0.01477	0.94527
1093 G	0.03965	0.01517	0.94519
1094 G	0.03955	0.01529	0.94516
1095 T	0.03953	0.01519	0.94528
1096 G	0.03946	0.01510	0.94544
1097 C	0.03948	0.01501	0.94551
1098 T	0.03953	0.01500	0.94547
1099 G	0.03953	0.01513	0.94535
1100 G	0.03954	0.01525	0.94521
1101 T	0.03959	0.01538	0.94503
1102 A	0.03960	0.01569	0.94471
1103 T	0.03965	0.01593	0.94442
1104 A	0.03963	0.01656	0.94382
1105 A	0.03962	0.01711	0.94327
1106 T	0.03962	0.01765	0.94272
1107 A	0.03946	0.01883	0.94171
1108 A	0.03932	0.02036	0.94032
1109 A	0.03932	0.02196	0.93872
1110 A	0.03939	0.02320	0.93741
1111 G	0.03934	0.02467	0.93598
1112 A	0.04043	0.02584	0.93374
1113 A	0.04153	0.02711	0.93136
1114 G	0.04392	0.02574	0.93034
1115 T	0.04742	0.02475	0.92782
1116 T	0.04756	0.02699	0.92545
1117 T	0.04754	0.02737	0.92509
1118 A	0.04690	0.02877	0.92433
1119 T	0.04665	0.02902	0.92433
1120 T	0.04525	0.03051	0.92425
1121 C	0.04190	0.03395	0.92415
1122 T	0.03949	0.03693	0.92358
1123 C	0.03402	0.04293	0.92305
1124 A	0.02992	0.04733	0.92275
1125 A	0.02650	0.05089	0.92262
1126 A	0.02333	0.05417	0.9225
1127 A	0.02333	0.05417	0.9225
1128 C	0.02365	0.05384	0.92251
1129 A	0.02400	0.05349	0.92251
1130 A	0.02496	0.05243	0.92262
1131 A	0.02628	0.05099	0.92274
1132 A	0.02798	0.04916	0.92285
1133 A	0.02955	0.04743	0.92301
1134 A	0.03175	0.04442	0.92383
1135 A	0.03459	0.04097	0.92444
1136 T	0.03812	0.03668	0.92519
1137 G	0.03957	0.03478	0.92565
1138 T	0.04273	0.03128	0.92599
1139 T	0.04459	0.02905	0.92635
1140 A	0.04492	0.02832	0.92676
1141 T	0.04551	0.02643	0.92806
1142 A	0.04566	0.02528	0.92906
1143 T	0.04588	0.02218	0.93194
1144 G	0.04605	0.01808	0.93587
1145 T	0.04670	0.01436	0.93894
1146 T	0.04713	0.00937	0.94349
1147 T	0.04737	0.00578	0.94684
1148 A	0.04745	0.00311	0.94944
1149 A	0.04758	0.00000	0.95242
