# lcl|CP097583.1_cds_USQ93462.1_1
# AA	inside	membr	outside
1 T	0.49200	0.00000	0.508
2 T	0.49043	0.00157	0.508
3 G	0.48912	0.00288	0.508
4 A	0.48912	0.05777	0.45311
5 A	0.46482	0.17481	0.36037
6 A	0.46482	0.20195	0.33323
7 A	0.36077	0.31773	0.3215
8 A	0.36076	0.31805	0.32119
9 A	0.34932	0.33605	0.31463
10 A	0.34931	0.52951	0.12118
11 A	0.34786	0.53769	0.11445
12 T	0.33358	0.55432	0.1121
13 A	0.28876	0.61795	0.09329
14 A	0.28875	0.61796	0.09329
15 A	0.28875	0.65131	0.05994
16 T	0.28859	0.65147	0.05994
17 T	0.28828	0.65198	0.05975
18 T	0.28825	0.65266	0.05909
19 T	0.28742	0.65392	0.05866
20 T	0.28120	0.66704	0.05175
21 T	0.26687	0.68126	0.05187
22 T	0.26562	0.68404	0.05034
23 T	0.26379	0.68692	0.04929
24 A	0.26064	0.69146	0.0479
25 A	0.25970	0.69108	0.04921
26 A	0.25945	0.69092	0.04963
27 A	0.29857	0.64833	0.0531
28 A	0.37593	0.55101	0.07306
29 A	0.40788	0.51473	0.07739
30 A	0.44113	0.39485	0.16402
31 A	0.45521	0.37755	0.16724
32 T	0.48243	0.33719	0.18038
33 T	0.63646	0.18239	0.18115
34 A	0.64459	0.17611	0.1793
35 A	0.65262	0.15600	0.19139
36 T	0.67271	0.09830	0.22899
37 T	0.67603	0.09380	0.23017
38 T	0.69935	0.07000	0.23065
39 T	0.69990	0.07292	0.22719
40 A	0.70033	0.07201	0.22765
41 T	0.70137	0.06759	0.23105
42 T	0.70247	0.06450	0.23303
43 T	0.70709	0.05381	0.2391
44 G	0.70657	0.04814	0.2453
45 T	0.70809	0.04577	0.24614
46 T	0.70913	0.04376	0.24711
47 T	0.70964	0.04244	0.24792
48 A	0.70826	0.04519	0.24656
49 T	0.70915	0.04314	0.24771
50 T	0.70850	0.04382	0.24768
51 T	0.70781	0.04500	0.24719
52 A	0.70615	0.04712	0.24673
53 C	0.70589	0.04754	0.24658
54 A	0.70686	0.04767	0.24546
55 T	0.70883	0.04711	0.24407
56 T	0.71254	0.04394	0.24351
57 T	0.71656	0.04042	0.24301
58 T	0.71738	0.04031	0.24231
59 T	0.71813	0.03985	0.24202
60 G	0.71839	0.04012	0.24149
61 T	0.71967	0.03983	0.2405
62 T	0.72427	0.03592	0.23981
63 T	0.72516	0.03701	0.23783
64 T	0.72503	0.04151	0.23345
65 T	0.72429	0.04529	0.23042
66 A	0.72065	0.05345	0.2259
67 T	0.72093	0.05474	0.22433
68 T	0.71916	0.05796	0.22288
69 A	0.71192	0.06743	0.22064
70 A	0.70953	0.07146	0.21901
71 T	0.70012	0.08133	0.21855
72 A	0.68020	0.10587	0.21394
73 G	0.67604	0.11313	0.21083
74 T	0.67452	0.11695	0.20853
75 T	0.67092	0.12383	0.20525
76 A	0.66728	0.13075	0.20196
77 G	0.66579	0.13370	0.20051
78 T	0.66196	0.13965	0.19839
79 T	0.65091	0.15128	0.1978
80 T	0.63721	0.16538	0.19741
81 A	0.59738	0.20607	0.19656
82 A	0.56781	0.23669	0.1955
83 C	0.55543	0.24897	0.1956
84 T	0.54457	0.25994	0.19549
85 A	0.52592	0.27897	0.19512
86 A	0.52213	0.28248	0.19539
87 T	0.52296	0.28064	0.1964
88 C	0.51048	0.29205	0.19747
89 T	0.50381	0.29547	0.20073
90 T	0.48770	0.31106	0.20124
91 A	0.45885	0.33873	0.20242
92 A	0.44667	0.34545	0.20788
93 A	0.44149	0.34735	0.21116
94 G	0.44076	0.33270	0.22653
95 C	0.44475	0.30819	0.24706
96 T	0.44915	0.30120	0.24966
97 A	0.44840	0.30167	0.24993
98 T	0.45132	0.29733	0.25135
99 T	0.45039	0.30066	0.24895
100 A	0.44539	0.31352	0.24108
101 A	0.44332	0.32055	0.23612
102 T	0.44118	0.31762	0.2412
103 A	0.43339	0.33179	0.23482
104 A	0.42882	0.32559	0.24559
105 T	0.42583	0.30811	0.26606
106 G	0.41204	0.33248	0.25548
107 A	0.40606	0.35693	0.23701
108 T	0.40368	0.35226	0.24406
109 G	0.39864	0.36641	0.23495
110 A	0.39713	0.36965	0.23322
111 T	0.39617	0.35954	0.24429
112 G	0.39321	0.36068	0.24611
113 A	0.39232	0.36357	0.24411
114 T	0.39204	0.35227	0.2557
115 G	0.39041	0.36157	0.24801
116 A	0.38872	0.38598	0.2253
117 A	0.38831	0.39654	0.21514
118 T	0.38918	0.40436	0.20646
119 T	0.38960	0.41090	0.1995
120 G	0.38915	0.41733	0.19352
121 A	0.38970	0.42744	0.18286
122 A	0.39336	0.45147	0.15517
123 A	0.40187	0.47171	0.12641
124 A	0.41582	0.48407	0.10011
125 A	0.42877	0.48561	0.08563
126 A	0.45059	0.46115	0.08826
127 T	0.48048	0.42798	0.09155
128 A	0.48888	0.41827	0.09285
129 T	0.51649	0.37894	0.10457
130 T	0.54324	0.34778	0.10899
131 A	0.54844	0.34203	0.10952
132 T	0.55600	0.33340	0.1106
133 A	0.53331	0.36084	0.10586
134 A	0.51333	0.38394	0.10274
135 T	0.44593	0.45407	0.1
136 G	0.35519	0.54383	0.10098
137 A	0.33824	0.56005	0.10171
138 A	0.31872	0.57788	0.1034
139 T	0.32557	0.56815	0.10628
140 C	0.31094	0.58085	0.10821
141 C	0.29729	0.59434	0.10837
142 G	0.23194	0.66063	0.10743
143 A	0.18735	0.70604	0.10661
144 A	0.16617	0.72752	0.10631
145 G	0.18766	0.70622	0.10613
146 A	0.21932	0.67433	0.10635
147 A	0.25251	0.63691	0.11058
148 T	0.27271	0.61153	0.11576
149 T	0.27686	0.60493	0.11822
150 T	0.27290	0.60751	0.11959
151 A	0.21752	0.66150	0.12098
152 C	0.16747	0.70967	0.12286
153 A	0.12438	0.75538	0.12024
154 A	0.10983	0.76909	0.12108
155 A	0.10665	0.76683	0.12652
156 A	0.10794	0.74265	0.14941
157 A	0.10874	0.71791	0.17335
158 T	0.11241	0.60860	0.27899
159 C	0.10980	0.49670	0.3935
160 A	0.10717	0.47743	0.41539
161 G	0.10641	0.44767	0.44592
162 T	0.10597	0.44908	0.44495
163 G	0.10429	0.44141	0.45431
164 A	0.10264	0.42990	0.46746
165 T	0.10237	0.35708	0.54055
166 G	0.09716	0.31284	0.59
167 C	0.09286	0.29804	0.60909
168 C	0.08951	0.32073	0.58975
169 G	0.08569	0.38762	0.52669
170 A	0.08458	0.50306	0.41235
171 A	0.08401	0.59692	0.31906
172 G	0.08379	0.69786	0.21835
173 A	0.08426	0.78300	0.13274
174 A	0.08537	0.75990	0.15474
175 A	0.08640	0.72961	0.18399
176 T	0.09003	0.70160	0.20837
177 T	0.09136	0.71974	0.18889
178 A	0.09133	0.78420	0.12447
179 A	0.09141	0.82717	0.08142
180 A	0.09129	0.85132	0.05739
181 G	0.09141	0.85928	0.0493
182 A	0.09215	0.86152	0.04633
183 A	0.09508	0.86496	0.03995
184 A	0.10090	0.86615	0.03295
185 A	0.12053	0.85304	0.02643
186 A	0.12990	0.84567	0.02443
187 A	0.13420	0.84181	0.024
188 A	0.14079	0.83385	0.02536
189 A	0.15283	0.81627	0.0309
190 T	0.19002	0.77504	0.03494
191 A	0.21907	0.74428	0.03664
192 C	0.27776	0.68378	0.03846
193 A	0.37649	0.58535	0.03815
194 A	0.48201	0.47990	0.0381
195 T	0.59181	0.37081	0.03739
196 T	0.66511	0.29780	0.03709
197 C	0.67074	0.29269	0.03656
198 A	0.67609	0.29091	0.033
199 T	0.69920	0.26803	0.03277
200 C	0.69547	0.27231	0.03222
201 T	0.70847	0.25984	0.0317
202 A	0.64629	0.32254	0.03117
203 C	0.61641	0.35296	0.03063
204 T	0.56190	0.40846	0.02964
205 C	0.40755	0.56304	0.0294
206 A	0.27388	0.69709	0.02903
207 A	0.18869	0.78233	0.02898
208 C	0.15766	0.81340	0.02894
209 C	0.12758	0.84373	0.0287
210 A	0.10031	0.87128	0.0284
211 A	0.08818	0.88353	0.02829
212 A	0.08287	0.88886	0.02827
213 A	0.08015	0.89153	0.02832
214 A	0.07973	0.89101	0.02927
215 T	0.08094	0.88599	0.03307
216 T	0.08046	0.88322	0.03632
217 A	0.07924	0.88138	0.03938
218 A	0.07912	0.87667	0.0442
219 A	0.07925	0.85980	0.06094
220 G	0.08001	0.83140	0.08859
221 T	0.08345	0.80007	0.11648
222 G	0.08365	0.77675	0.1396
223 G	0.08434	0.73865	0.17701
224 A	0.08500	0.69063	0.22437
225 T	0.08559	0.59748	0.31693
226 A	0.08637	0.53856	0.37507
227 G	0.08764	0.46299	0.44938
228 T	0.08836	0.31006	0.60157
229 T	0.08878	0.17941	0.73181
230 T	0.08886	0.10829	0.80285
231 A	0.08889	0.08463	0.82648
232 T	0.08913	0.06154	0.84933
233 T	0.08922	0.04039	0.8704
234 T	0.08921	0.03668	0.87411
235 T	0.08884	0.04846	0.8627
236 T	0.08814	0.09754	0.81432
237 T	0.08611	0.21058	0.7033
238 A	0.06321	0.39856	0.53823
239 A	0.04890	0.55654	0.39456
240 A	0.03217	0.66033	0.30749
241 G	0.02609	0.71755	0.25636
242 T	0.02156	0.82480	0.15364
243 A	0.01367	0.89120	0.09513
244 A	0.01135	0.93903	0.04962
245 T	0.01023	0.95417	0.03559
246 A	0.00877	0.96983	0.0214
247 G	0.00829	0.97654	0.01517
248 A	0.00812	0.98059	0.0113
249 A	0.00792	0.98324	0.00883
250 A	0.00777	0.98563	0.0066
251 A	0.00806	0.98554	0.0064
252 A	0.00886	0.98481	0.00633
253 A	0.00997	0.98373	0.0063
254 A	0.01197	0.98168	0.00635
255 C	0.01467	0.97885	0.00648
256 A	0.01862	0.97482	0.00657
257 A	0.02708	0.96624	0.00669
258 A	0.04829	0.94452	0.00719
259 A	0.11050	0.88165	0.00784
260 A	0.23142	0.75922	0.00936
261 A	0.40422	0.56307	0.03271
262 A	0.54593	0.40717	0.04691
263 T	0.64654	0.28815	0.06531
264 A	0.69714	0.23128	0.07158
265 T	0.79401	0.12940	0.07659
266 C	0.83614	0.08135	0.0825
267 T	0.87768	0.04115	0.08117
268 T	0.88731	0.03404	0.07865
269 T	0.89251	0.03158	0.07591
270 T	0.85815	0.08379	0.05805
271 G	0.78500	0.15999	0.05502
272 A	0.72942	0.22330	0.04728
273 T	0.69548	0.25884	0.04569
274 T	0.67468	0.28167	0.04365
275 C	0.64343	0.31832	0.03826
276 T	0.62681	0.34198	0.0312
277 T	0.59922	0.37601	0.02477
278 T	0.56694	0.41150	0.02157
279 A	0.48437	0.49476	0.02087
280 A	0.39464	0.58556	0.0198
281 A	0.32393	0.65648	0.01959
282 A	0.29502	0.68552	0.01946
283 C	0.28426	0.69619	0.01955
284 A	0.27822	0.70222	0.01956
285 A	0.27561	0.70480	0.01959
286 T	0.27466	0.70568	0.01967
287 C	0.27386	0.70638	0.01976
288 A	0.27381	0.70644	0.01975
289 A	0.27490	0.70440	0.0207
290 A	0.27872	0.69878	0.0225
291 T	0.28268	0.69016	0.02716
292 A	0.28591	0.68225	0.03184
293 T	0.30146	0.61440	0.08414
294 A	0.30450	0.53591	0.15959
295 T	0.31650	0.44995	0.23355
296 C	0.32019	0.39557	0.28423
297 T	0.32410	0.37399	0.30191
298 T	0.32652	0.34855	0.32493
299 T	0.32559	0.33567	0.33874
300 T	0.32058	0.32403	0.35538
301 G	0.30723	0.32063	0.37214
302 A	0.29866	0.26828	0.43305
303 T	0.28981	0.22119	0.489
304 G	0.27126	0.20656	0.52218
305 T	0.25871	0.21988	0.52142
306 T	0.23518	0.28303	0.48179
307 G	0.16763	0.46212	0.37025
308 A	0.14097	0.56433	0.2947
309 A	0.12358	0.64108	0.23534
310 A	0.10711	0.71678	0.17611
311 A	0.09958	0.75932	0.1411
312 T	0.09409	0.78284	0.12307
313 G	0.08077	0.81346	0.10578
314 A	0.07226	0.83708	0.09065
315 A	0.06355	0.85161	0.08484
316 A	0.06154	0.85820	0.08026
317 A	0.06013	0.86462	0.07525
318 A	0.05833	0.86970	0.07197
319 A	0.05750	0.87108	0.07142
320 T	0.05810	0.86969	0.07221
321 A	0.05512	0.87750	0.06739
322 G	0.05532	0.87586	0.06882
323 A	0.05760	0.87096	0.07144
324 A	0.06261	0.85459	0.0828
325 A	0.07997	0.82738	0.09265
326 T	0.13998	0.75326	0.10676
327 T	0.19127	0.68073	0.12801
328 A	0.21315	0.64799	0.13886
329 A	0.24860	0.59067	0.16073
330 T	0.34621	0.43539	0.2184
331 G	0.39090	0.36754	0.24156
332 A	0.44473	0.30069	0.25459
333 T	0.52060	0.21071	0.26869
334 T	0.55453	0.17834	0.26714
335 T	0.55926	0.18077	0.25997
336 A	0.54011	0.21266	0.24723
337 T	0.52342	0.23636	0.24022
338 T	0.47204	0.29664	0.23132
339 A	0.39769	0.39605	0.20626
340 A	0.37613	0.42937	0.1945
341 A	0.36220	0.44958	0.18823
342 A	0.34957	0.46605	0.18438
343 A	0.34281	0.47592	0.18127
344 A	0.34533	0.47918	0.17548
345 T	0.33488	0.49280	0.17233
346 A	0.29729	0.53935	0.16336
347 A	0.28132	0.56405	0.15463
348 A	0.26678	0.58586	0.14736
349 T	0.24681	0.61765	0.13554
350 A	0.18045	0.70572	0.11383
351 T	0.16453	0.73729	0.09818
352 A	0.11763	0.81937	0.06299
353 A	0.09189	0.85662	0.05149
354 A	0.08262	0.87346	0.04392
355 A	0.07951	0.87882	0.04167
356 A	0.07835	0.87782	0.04382
357 A	0.08658	0.86238	0.05104
358 G	0.10079	0.82823	0.07098
359 A	0.12629	0.77038	0.10334
360 T	0.14503	0.71804	0.13693
361 T	0.15543	0.66084	0.18372
362 C	0.15840	0.60467	0.23694
363 A	0.15353	0.60254	0.24394
364 A	0.15091	0.60058	0.24851
365 A	0.14532	0.60263	0.25205
366 G	0.14550	0.59830	0.2562
367 A	0.15070	0.59303	0.25627
368 A	0.15586	0.57336	0.27078
369 A	0.16575	0.52137	0.31287
370 A	0.17760	0.48415	0.33825
371 A	0.19217	0.44424	0.3636
372 A	0.21341	0.38508	0.40151
373 C	0.24493	0.27368	0.48139
374 A	0.27294	0.22865	0.4984
375 T	0.31497	0.14925	0.53578
376 G	0.32543	0.12323	0.55134
377 T	0.33373	0.10906	0.5572
378 T	0.33659	0.10490	0.5585
379 T	0.33790	0.09766	0.56445
380 T	0.33812	0.09726	0.56462
381 T	0.33771	0.10419	0.5581
382 T	0.33708	0.12895	0.53397
383 T	0.33499	0.16408	0.50093
384 A	0.33291	0.19946	0.46763
385 G	0.33253	0.21571	0.45176
386 G	0.33383	0.22085	0.44532
387 A	0.33743	0.23062	0.43194
388 T	0.34219	0.22319	0.43462
389 G	0.34372	0.22278	0.4335
390 G	0.34680	0.22048	0.43273
391 A	0.35049	0.21744	0.43207
392 A	0.35165	0.21655	0.43181
393 A	0.35317	0.21406	0.43278
394 T	0.35562	0.21062	0.43376
395 A	0.35623	0.20955	0.43423
396 T	0.35724	0.20782	0.43494
397 G	0.35813	0.20662	0.43525
398 A	0.35942	0.20537	0.43521
399 T	0.36206	0.20256	0.43538
400 C	0.36370	0.20109	0.43521
401 T	0.36650	0.19846	0.43504
402 A	0.36849	0.19714	0.43437
403 G	0.37369	0.19148	0.43483
404 G	0.38615	0.17830	0.43555
405 C	0.41669	0.14713	0.43618
406 T	0.45948	0.10289	0.43763
407 C	0.49539	0.06640	0.43821
408 T	0.51947	0.04384	0.43669
409 T	0.52986	0.03479	0.43535
410 T	0.53702	0.02968	0.43329
411 T	0.53641	0.03220	0.4314
412 T	0.53518	0.03335	0.43148
413 T	0.53129	0.03680	0.43191
414 G	0.52451	0.04335	0.43214
415 T	0.51933	0.04858	0.43209
416 C	0.50589	0.06224	0.43186
417 T	0.49440	0.07500	0.4306
418 A	0.47234	0.10165	0.42601
419 A	0.46534	0.11182	0.42284
420 A	0.46189	0.11902	0.4191
421 A	0.46104	0.12200	0.41696
422 A	0.46096	0.12250	0.41654
423 A	0.46133	0.12188	0.41678
424 A	0.46120	0.12167	0.41713
425 T	0.46173	0.11984	0.41843
426 A	0.46102	0.12016	0.41883
427 A	0.46084	0.12047	0.41869
428 G	0.46128	0.11980	0.41891
429 A	0.46312	0.11803	0.41884
430 T	0.46540	0.11508	0.41951
431 T	0.46742	0.11198	0.4206
432 A	0.46837	0.10991	0.42172
433 T	0.46995	0.10574	0.42431
434 T	0.47118	0.10020	0.42863
435 T	0.47146	0.09586	0.43268
436 T	0.47167	0.08948	0.43885
437 A	0.47175	0.08171	0.44655
438 T	0.47211	0.07148	0.45641
439 G	0.47233	0.05818	0.46949
440 G	0.47349	0.04689	0.47963
441 C	0.47783	0.02779	0.49438
442 A	0.48090	0.02322	0.49589
443 T	0.48476	0.01922	0.49603
444 T	0.48680	0.01903	0.49418
445 G	0.48731	0.02418	0.48851
446 A	0.48762	0.02749	0.48489
447 T	0.48791	0.02823	0.48386
448 A	0.48800	0.03058	0.48142
449 A	0.48835	0.03056	0.4811
450 T	0.48917	0.02913	0.4817
451 G	0.48944	0.02857	0.482
452 T	0.48999	0.02808	0.48194
453 T	0.49022	0.02794	0.48184
454 C	0.49031	0.02783	0.48186
455 G	0.49048	0.02774	0.48178
456 T	0.49079	0.02748	0.48172
457 A	0.49094	0.02742	0.48163
458 C	0.49134	0.02710	0.48156
459 T	0.49230	0.02624	0.48146
460 A	0.49252	0.02595	0.48152
461 T	0.49257	0.02587	0.48155
462 T	0.49251	0.02585	0.48164
463 C	0.49198	0.02641	0.48161
464 C	0.49203	0.02643	0.48153
465 A	0.49338	0.02534	0.48128
466 T	0.49583	0.02290	0.48127
467 G	0.49842	0.02032	0.48125
468 T	0.50520	0.01357	0.48123
469 T	0.50823	0.01051	0.48126
470 C	0.50910	0.00942	0.48148
471 T	0.51068	0.00783	0.48149
472 T	0.51092	0.00761	0.48147
473 C	0.51050	0.00805	0.48145
474 A	0.50990	0.00868	0.48143
475 T	0.50960	0.00902	0.48137
476 T	0.50773	0.01097	0.4813
477 T	0.50606	0.01289	0.48105
478 C	0.49869	0.02113	0.48018
479 A	0.49095	0.03163	0.47742
480 A	0.48877	0.03464	0.4766
481 G	0.48685	0.03715	0.47599
482 A	0.48519	0.03939	0.47542
483 A	0.48388	0.04105	0.47507
484 T	0.48335	0.04131	0.47535
485 G	0.48243	0.04179	0.47577
486 T	0.48188	0.04178	0.47634
487 T	0.48096	0.04249	0.47656
488 T	0.47996	0.04344	0.4766
489 A	0.47863	0.04502	0.47636
490 A	0.47818	0.04570	0.47612
491 A	0.47804	0.04581	0.47615
492 T	0.47794	0.04550	0.47656
493 T	0.47777	0.04515	0.47708
494 T	0.47736	0.04532	0.47732
495 T	0.47691	0.04536	0.47773
496 A	0.47605	0.04571	0.47824
497 A	0.47557	0.04514	0.4793
498 A	0.47549	0.04377	0.48074
499 C	0.47571	0.03981	0.48447
500 A	0.47620	0.03794	0.48586
501 G	0.47757	0.03037	0.49206
502 T	0.48058	0.02127	0.49814
503 T	0.48141	0.01885	0.49973
504 T	0.48185	0.01702	0.50113
505 A	0.48217	0.01501	0.50283
506 T	0.48258	0.01262	0.5048
507 T	0.48278	0.01120	0.50602
508 T	0.48293	0.01004	0.50703
509 T	0.48305	0.00903	0.50792
510 T	0.48310	0.00833	0.50857
511 G	0.48309	0.00781	0.5091
512 G	0.48330	0.00692	0.50978
513 T	0.48371	0.00672	0.50957
514 T	0.48386	0.00749	0.50865
515 T	0.48365	0.01125	0.5051
516 A	0.48123	0.02110	0.49767
517 T	0.48007	0.02508	0.49484
518 T	0.47765	0.03382	0.48853
519 G	0.47461	0.03893	0.48647
520 T	0.47206	0.04684	0.4811
521 A	0.46891	0.05319	0.47789
522 T	0.46634	0.05724	0.47642
523 C	0.45967	0.06526	0.47507
524 A	0.45676	0.07069	0.47255
525 T	0.45533	0.07329	0.47137
526 A	0.45377	0.07584	0.4704
527 A	0.45289	0.07753	0.46957
528 T	0.45275	0.07775	0.4695
529 A	0.45243	0.07804	0.46952
530 T	0.45242	0.07797	0.46961
531 T	0.45200	0.07828	0.46971
532 C	0.45024	0.07995	0.46981
533 C	0.44930	0.08092	0.46979
534 T	0.44861	0.08182	0.46957
535 A	0.44745	0.08322	0.46933
536 A	0.44734	0.08341	0.46926
537 A	0.44822	0.08254	0.46924
538 A	0.45193	0.07856	0.46951
539 T	0.45958	0.06781	0.47261
540 A	0.46268	0.06304	0.47428
541 G	0.46915	0.05329	0.47755
542 A	0.47283	0.04664	0.48053
543 T	0.48007	0.03586	0.48406
544 T	0.48366	0.02895	0.48739
545 T	0.48529	0.02469	0.49002
546 T	0.48629	0.01867	0.49505
547 T	0.48743	0.01553	0.49704
548 T	0.48783	0.01443	0.49774
549 A	0.48813	0.01361	0.49826
550 T	0.48868	0.01286	0.49846
551 T	0.48863	0.01294	0.49844
552 T	0.48808	0.01344	0.49849
553 A	0.48740	0.01439	0.49821
554 A	0.48718	0.01403	0.4988
555 T	0.48707	0.01227	0.50066
556 T	0.48690	0.01154	0.50156
557 T	0.48643	0.01148	0.50209
558 T	0.48530	0.01249	0.50221
559 T	0.48236	0.01646	0.50119
560 T	0.47563	0.02623	0.49814
561 A	0.46717	0.03537	0.49747
562 G	0.46193	0.04119	0.49687
563 A	0.45795	0.04607	0.49598
564 T	0.45663	0.04772	0.49565
565 C	0.45463	0.04974	0.49563
566 T	0.45324	0.05125	0.49552
567 T	0.44942	0.05517	0.49541
568 T	0.44355	0.06110	0.49536
569 C	0.44014	0.06460	0.49526
570 A	0.43842	0.06671	0.49487
571 G	0.43804	0.06742	0.49453
572 G	0.43849	0.06706	0.49445
573 T	0.43929	0.06660	0.49411
574 T	0.43675	0.07012	0.49313
575 T	0.43179	0.07518	0.49303
576 T	0.41798	0.08980	0.49222
577 A	0.38684	0.12359	0.48957
578 A	0.36570	0.14685	0.48745
579 A	0.35611	0.15676	0.48713
580 G	0.34763	0.16550	0.48687
581 A	0.34330	0.16912	0.48758
582 A	0.34255	0.16750	0.48995
583 G	0.34377	0.16028	0.49594
584 A	0.34409	0.15390	0.502
585 A	0.34456	0.14925	0.5062
586 T	0.34556	0.14452	0.50992
587 T	0.34545	0.14263	0.51192
588 T	0.34380	0.14213	0.51407
589 A	0.34016	0.14403	0.5158
590 T	0.33805	0.14222	0.51973
591 C	0.33340	0.14278	0.52382
592 G	0.32950	0.15038	0.52012
593 A	0.32772	0.15504	0.51723
594 T	0.32648	0.15789	0.51563
595 A	0.32359	0.16268	0.51372
596 A	0.32120	0.16594	0.51286
597 T	0.32151	0.15938	0.5191
598 A	0.31929	0.15672	0.52399
599 A	0.31863	0.14826	0.53311
600 A	0.31940	0.12974	0.55086
601 T	0.32150	0.11651	0.56198
602 A	0.32166	0.12023	0.55812
603 T	0.32267	0.13126	0.54608
604 G	0.32213	0.14839	0.52948
605 A	0.32189	0.16082	0.51729
606 T	0.32153	0.16704	0.51143
607 A	0.32083	0.17762	0.50155
608 A	0.32102	0.18175	0.49724
609 A	0.32186	0.18364	0.4945
610 A	0.32216	0.18393	0.49391
611 T	0.32304	0.18086	0.49611
612 A	0.32377	0.17671	0.49952
613 G	0.32484	0.17292	0.50225
614 G	0.32645	0.16791	0.50563
615 T	0.33245	0.15919	0.50836
616 T	0.33504	0.15523	0.50973
617 T	0.33651	0.15257	0.51092
618 A	0.33747	0.14988	0.51265
619 G	0.33858	0.14618	0.51525
620 A	0.33950	0.14426	0.51625
621 A	0.34228	0.13883	0.51889
622 A	0.35006	0.12884	0.5211
623 C	0.36522	0.11111	0.52367
624 T	0.38177	0.09388	0.52435
625 G	0.39675	0.07821	0.52504
626 T	0.42125	0.05324	0.52551
627 T	0.43775	0.03612	0.52612
628 T	0.44552	0.02843	0.52605
629 G	0.44841	0.02552	0.52607
630 T	0.45698	0.01793	0.52508
631 T	0.46006	0.01777	0.52217
632 T	0.46230	0.01749	0.52022
633 T	0.46348	0.01890	0.51762
634 T	0.46397	0.01912	0.51691
635 A	0.46400	0.01970	0.5163
636 T	0.46461	0.01927	0.51612
637 T	0.46509	0.01912	0.51578
638 C	0.46515	0.01929	0.51555
639 T	0.46479	0.02018	0.51503
640 T	0.46420	0.02128	0.51452
641 T	0.46054	0.02586	0.51359
642 A	0.43143	0.05665	0.51191
643 T	0.42023	0.06839	0.51138
644 T	0.40006	0.08916	0.51078
645 A	0.37031	0.11941	0.51027
646 A	0.33964	0.15054	0.50981
647 C	0.32513	0.16522	0.50965
648 G	0.31701	0.17363	0.50936
649 A	0.31192	0.17914	0.50894
650 A	0.31039	0.18083	0.50878
651 A	0.31053	0.18069	0.50877
652 G	0.31157	0.17963	0.50881
653 A	0.31448	0.17658	0.50894
654 T	0.31847	0.17226	0.50927
655 C	0.32032	0.16995	0.50973
656 C	0.32212	0.16795	0.50993
657 T	0.32290	0.16701	0.51008
658 T	0.32350	0.16625	0.51025
659 C	0.32367	0.16598	0.51036
660 T	0.32412	0.16548	0.51041
661 T	0.32411	0.16516	0.51074
662 T	0.32409	0.16325	0.51266
663 A	0.32385	0.16200	0.51415
664 G	0.32404	0.15639	0.51957
665 G	0.32515	0.11719	0.55765
666 T	0.32584	0.10031	0.57385
667 T	0.32642	0.07878	0.5948
668 A	0.32677	0.05800	0.61522
669 T	0.32730	0.03144	0.64126
670 T	0.32734	0.01977	0.65288
671 T	0.32731	0.01419	0.65849
672 T	0.32718	0.01218	0.66063
673 T	0.32677	0.01497	0.65826
674 A	0.32575	0.02783	0.64642
675 T	0.32515	0.03814	0.63671
676 T	0.32270	0.06193	0.61538
677 T	0.31885	0.08072	0.60043
678 T	0.31040	0.11643	0.57317
679 A	0.29470	0.17050	0.5348
680 A	0.29100	0.18671	0.52228
681 A	0.28946	0.19637	0.51417
682 G	0.28852	0.20652	0.50496
683 A	0.28810	0.21369	0.4982
684 T	0.28793	0.21662	0.49545
685 G	0.28734	0.22081	0.49185
686 A	0.28664	0.22437	0.48899
687 A	0.28641	0.22666	0.48693
688 G	0.28643	0.22776	0.48581
689 A	0.28659	0.22885	0.48456
690 T	0.28725	0.22964	0.48311
691 A	0.28740	0.23368	0.47892
692 T	0.28816	0.23448	0.47737
693 A	0.28724	0.23781	0.47495
694 A	0.28728	0.23922	0.4735
695 A	0.28847	0.23828	0.47325
696 A	0.29280	0.23335	0.47386
697 G	0.30659	0.21748	0.47593
698 A	0.32263	0.19995	0.47742
699 T	0.35716	0.16099	0.48185
700 A	0.37140	0.14242	0.48619
701 T	0.39824	0.10688	0.49487
702 C	0.42272	0.07000	0.50729
703 C	0.43149	0.05883	0.50968
704 A	0.43747	0.05232	0.51021
705 T	0.44818	0.04108	0.51073
706 T	0.45379	0.03530	0.51091
707 C	0.45631	0.03268	0.51101
708 T	0.45966	0.02896	0.51139
709 G	0.46183	0.02609	0.51208
710 T	0.46396	0.02381	0.51223
711 T	0.46486	0.02312	0.51202
712 G	0.46520	0.02301	0.51179
713 A	0.46653	0.02234	0.51112
714 T	0.47122	0.01783	0.51095
715 A	0.47249	0.01634	0.51117
716 T	0.47482	0.01266	0.51252
717 T	0.47600	0.01063	0.51337
718 T	0.47622	0.01007	0.51371
719 C	0.47611	0.00996	0.51393
720 T	0.47617	0.01009	0.51374
721 T	0.47599	0.01066	0.51335
722 T	0.47581	0.01106	0.51313
723 T	0.47492	0.01219	0.51289
724 T	0.47225	0.01541	0.51234
725 G	0.46871	0.01925	0.51203
726 T	0.46709	0.02110	0.51181
727 A	0.46536	0.02327	0.51138
728 A	0.46462	0.02414	0.51125
729 T	0.46436	0.02422	0.51142
730 T	0.46377	0.02464	0.51159
731 G	0.46285	0.02557	0.51158
732 T	0.45979	0.02875	0.51145
733 A	0.45466	0.03416	0.51118
734 A	0.45136	0.03764	0.511
735 A	0.45035	0.03877	0.51088
736 A	0.45051	0.03802	0.51147
737 T	0.45095	0.03703	0.51203
738 T	0.45038	0.03704	0.51258
739 T	0.44895	0.03813	0.51292
740 C	0.44732	0.03955	0.51313
741 T	0.44674	0.04018	0.51307
742 G	0.44494	0.04195	0.5131
743 G	0.44444	0.04245	0.51311
744 T	0.44461	0.04218	0.51321
745 T	0.44446	0.04214	0.51341
746 A	0.44434	0.04112	0.51454
747 T	0.44492	0.03757	0.51751
748 T	0.44515	0.03397	0.52088
749 C	0.44520	0.03225	0.52256
750 T	0.44547	0.03099	0.52354
751 T	0.44552	0.03044	0.52404
752 T	0.44526	0.03063	0.5241
753 G	0.44411	0.03167	0.52421
754 A	0.44314	0.03248	0.52438
755 T	0.44326	0.02898	0.52776
756 A	0.44309	0.02445	0.53246
757 G	0.44340	0.02056	0.53604
758 A	0.44419	0.01830	0.53751
759 T	0.44437	0.01717	0.53846
760 T	0.44433	0.01648	0.53919
761 T	0.44418	0.01577	0.54006
762 G	0.44380	0.01501	0.54119
763 A	0.44364	0.01460	0.54177
764 T	0.44296	0.01566	0.54138
765 T	0.44005	0.01950	0.54045
766 T	0.43309	0.02897	0.53794
767 T	0.42600	0.03990	0.53411
768 T	0.40985	0.06294	0.52722
769 G	0.38001	0.10976	0.51023
770 A	0.35985	0.15661	0.48354
771 A	0.34996	0.19291	0.45713
772 A	0.33043	0.23504	0.43454
773 T	0.31638	0.25085	0.43277
774 A	0.29320	0.27567	0.43112
775 A	0.28046	0.28904	0.43049
776 T	0.27601	0.29317	0.43081
777 C	0.26777	0.30069	0.43153
778 A	0.26403	0.30483	0.43114
779 A	0.26293	0.30595	0.43112
780 T	0.26162	0.30747	0.43092
781 C	0.25875	0.31056	0.43069
782 T	0.25693	0.31354	0.42953
783 A	0.25359	0.31823	0.42817
784 A	0.25211	0.32054	0.42734
785 A	0.25155	0.32089	0.42756
786 A	0.25148	0.32073	0.42779
787 A	0.25197	0.31613	0.4319
788 A	0.25446	0.30322	0.44232
789 C	0.25847	0.28006	0.46147
790 G	0.26297	0.26940	0.46763
791 A	0.27050	0.25751	0.47199
792 A	0.28789	0.23065	0.48146
793 G	0.31265	0.19794	0.48941
794 A	0.33830	0.17085	0.49086
795 T	0.36048	0.12505	0.51447
796 T	0.36311	0.10871	0.52818
797 T	0.36418	0.09065	0.54518
798 G	0.36281	0.09136	0.54583
799 A	0.36153	0.09939	0.53908
800 T	0.36090	0.09783	0.54128
801 T	0.35951	0.10060	0.53989
802 A	0.35880	0.10759	0.5336
803 T	0.35899	0.10866	0.53235
804 G	0.35816	0.10988	0.53196
805 T	0.35813	0.11274	0.52912
806 T	0.35749	0.11636	0.52616
807 T	0.35503	0.11882	0.52616
808 A	0.35229	0.12168	0.52602
809 A	0.35017	0.12373	0.5261
810 A	0.34885	0.12440	0.52674
811 C	0.34765	0.12498	0.52738
812 A	0.34172	0.13111	0.52716
813 A	0.34282	0.12999	0.5272
814 C	0.34823	0.12476	0.527
815 A	0.35538	0.11811	0.52651
816 T	0.36533	0.10833	0.52633
817 T	0.37322	0.10045	0.52633
818 T	0.37390	0.09985	0.52626
819 T	0.37211	0.10194	0.52595
820 A	0.36744	0.10618	0.52637
821 A	0.37098	0.10050	0.52852
822 T	0.37783	0.09122	0.53095
823 T	0.37208	0.09543	0.53249
824 C	0.36372	0.10173	0.53455
825 T	0.35466	0.11034	0.535
826 T	0.33328	0.13150	0.53522
827 A	0.29861	0.16598	0.53541
828 T	0.27930	0.18470	0.536
829 C	0.24885	0.21440	0.53675
830 T	0.23459	0.22667	0.53874
831 T	0.21452	0.24477	0.54071
832 G	0.17191	0.28634	0.54175
833 A	0.15379	0.30419	0.54202
834 A	0.14956	0.30785	0.54259
835 C	0.14862	0.30203	0.54935
836 A	0.14811	0.30241	0.54948
837 T	0.14838	0.30256	0.54906
838 T	0.14790	0.30492	0.54718
839 T	0.14697	0.30926	0.54376
840 A	0.14302	0.31976	0.53721
841 A	0.14101	0.31855	0.54044
842 G	0.13950	0.31586	0.54464
843 T	0.13836	0.31125	0.55039
844 A	0.13722	0.31074	0.55205
845 A	0.13617	0.30554	0.55829
846 A	0.13527	0.29250	0.57223
847 A	0.13458	0.28039	0.58503
848 T	0.13450	0.26136	0.60414
849 G	0.13299	0.23761	0.6294
850 G	0.13224	0.20442	0.66334
851 A	0.13119	0.19366	0.67514
852 T	0.13063	0.17547	0.6939
853 G	0.12627	0.21231	0.66142
854 A	0.11677	0.31308	0.57015
855 A	0.10681	0.41904	0.47414
856 G	0.10088	0.45871	0.44041
857 A	0.09712	0.50485	0.39803
858 A	0.09470	0.55440	0.3509
859 A	0.09456	0.60069	0.30475
860 A	0.09513	0.61415	0.29072
861 A	0.09736	0.61807	0.28456
862 A	0.10122	0.61375	0.28502
863 T	0.10830	0.60319	0.28851
864 A	0.11015	0.59987	0.28998
865 T	0.11157	0.59666	0.29177
866 C	0.11178	0.59547	0.29275
867 A	0.11233	0.59470	0.29297
868 A	0.11298	0.59385	0.29317
869 A	0.11478	0.59160	0.29362
870 A	0.11712	0.58870	0.29418
871 C	0.11989	0.58543	0.29468
872 A	0.12361	0.58102	0.29536
873 A	0.13159	0.57243	0.29598
874 G	0.14934	0.55400	0.29665
875 A	0.17277	0.53134	0.29589
876 G	0.22514	0.47546	0.2994
877 A	0.34642	0.34430	0.30927
878 T	0.49339	0.18595	0.32066
879 T	0.53731	0.13566	0.32704
880 G	0.56224	0.10739	0.33037
881 A	0.59168	0.07581	0.33251
882 T	0.63036	0.03567	0.33397
883 T	0.63962	0.02605	0.33432
884 T	0.64302	0.02346	0.33353
885 T	0.64151	0.02519	0.3333
886 T	0.63628	0.03249	0.33123
887 T	0.62829	0.04172	0.32999
888 G	0.58871	0.08348	0.3278
889 C	0.55259	0.12088	0.32652
890 A	0.53934	0.13912	0.32154
891 T	0.53304	0.15186	0.3151
892 G	0.52406	0.16699	0.30895
893 A	0.51731	0.17668	0.30601
894 A	0.51459	0.18133	0.30408
895 G	0.51190	0.18489	0.30321
896 A	0.51056	0.18708	0.30236
897 A	0.51056	0.18809	0.30135
898 T	0.51226	0.18644	0.3013
899 T	0.51227	0.18652	0.30122
900 T	0.51174	0.18738	0.30088
901 T	0.50873	0.19122	0.30004
902 T	0.50442	0.19599	0.29959
903 A	0.49844	0.20298	0.29858
904 G	0.49347	0.20947	0.29706
905 A	0.49262	0.21251	0.29486
906 A	0.49244	0.21447	0.2931
907 A	0.49358	0.21218	0.29424
908 A	0.49484	0.20497	0.30019
909 T	0.49858	0.19178	0.30964
910 A	0.50032	0.17967	0.32002
911 T	0.50420	0.13755	0.35825
912 C	0.50587	0.10183	0.3923
913 A	0.50960	0.09156	0.39885
914 T	0.51540	0.08135	0.40324
915 T	0.51985	0.07367	0.40648
916 G	0.52031	0.06999	0.40969
917 A	0.52124	0.06850	0.41026
918 T	0.52252	0.06381	0.41367
919 A	0.52229	0.06440	0.41332
920 T	0.52359	0.06460	0.41181
921 T	0.52233	0.07191	0.40576
922 G	0.51879	0.08368	0.39753
923 A	0.51593	0.08912	0.39494
924 T	0.51331	0.09299	0.3937
925 G	0.50649	0.11692	0.37658
926 A	0.50016	0.14224	0.35761
927 C	0.49652	0.14663	0.35685
928 A	0.49526	0.15799	0.34675
929 T	0.49631	0.16228	0.3414
930 G	0.49574	0.17183	0.33243
931 G	0.49551	0.17661	0.32789
932 A	0.49577	0.17929	0.32494
933 T	0.49712	0.17828	0.3246
934 A	0.49779	0.17833	0.32388
935 T	0.49986	0.17617	0.32397
936 T	0.50151	0.17490	0.3236
937 T	0.50208	0.17609	0.32183
938 T	0.50210	0.17824	0.31966
939 A	0.50158	0.18064	0.31779
940 G	0.50169	0.18138	0.31693
941 A	0.50193	0.18252	0.31555
942 T	0.50440	0.17989	0.3157
943 A	0.50578	0.17933	0.31489
944 A	0.51173	0.17276	0.31551
945 A	0.52053	0.16237	0.31711
946 A	0.52611	0.15499	0.3189
947 A	0.53304	0.14569	0.32127
948 A	0.55782	0.11362	0.32855
949 T	0.58573	0.07814	0.33613
950 T	0.59355	0.06543	0.34102
951 T	0.60218	0.05601	0.3418
952 C	0.60579	0.05320	0.34101
953 T	0.61149	0.05606	0.33245
954 T	0.61160	0.05960	0.3288
955 T	0.60908	0.06494	0.32599
956 T	0.60698	0.07008	0.32293
957 A	0.60375	0.07759	0.31865
958 C	0.60367	0.08054	0.31579
959 A	0.60434	0.08487	0.31079
960 T	0.60686	0.08632	0.30681
961 T	0.60853	0.08812	0.30335
962 T	0.60931	0.09094	0.29976
963 G	0.60206	0.10265	0.29528
964 A	0.59860	0.10882	0.29258
965 T	0.59726	0.11068	0.29206
966 A	0.59405	0.11456	0.29139
967 A	0.59241	0.11642	0.29117
968 A	0.59198	0.11671	0.29131
969 A	0.59257	0.11648	0.29095
970 A	0.59399	0.11559	0.29042
971 A	0.59483	0.11488	0.29028
972 A	0.59615	0.11378	0.29007
973 G	0.59846	0.11190	0.28964
974 T	0.60199	0.10801	0.29
975 A	0.60403	0.10596	0.29002
976 A	0.61254	0.09602	0.29144
977 T	0.61885	0.08615	0.29501
978 C	0.62255	0.07815	0.2993
979 T	0.62614	0.07240	0.30146
980 C	0.62987	0.06626	0.30387
981 T	0.63421	0.06170	0.30408
982 A	0.63797	0.05798	0.30405
983 T	0.64368	0.05210	0.30422
984 T	0.64807	0.04645	0.30548
985 T	0.65168	0.04162	0.30671
986 T	0.65446	0.03025	0.31529
987 T	0.65640	0.02373	0.31986
988 G	0.65689	0.02084	0.32227
989 T	0.65821	0.01654	0.32526
990 T	0.65838	0.01449	0.32714
991 C	0.65774	0.01390	0.32836
992 C	0.65510	0.01656	0.32834
993 T	0.65402	0.01821	0.32777
994 A	0.65301	0.02013	0.32686
995 A	0.65271	0.02121	0.32609
996 A	0.65349	0.02081	0.3257
997 A	0.65406	0.02032	0.32563
998 T	0.65538	0.01849	0.32613
999 T	0.65563	0.01821	0.32616
1000 T	0.65527	0.01884	0.32589
1001 T	0.65470	0.01938	0.32593
1002 T	0.65434	0.01964	0.32602
1003 T	0.65368	0.02017	0.32615
1004 C	0.65312	0.02062	0.32627
1005 T	0.65294	0.02077	0.32629
1006 C	0.65184	0.02189	0.32627
1007 T	0.64853	0.02538	0.32609
1008 T	0.64517	0.02901	0.32582
1009 C	0.64073	0.03409	0.32519
1010 A	0.63916	0.03747	0.32337
1011 T	0.63854	0.03946	0.322
1012 T	0.63783	0.03983	0.32235
1013 G	0.63695	0.03981	0.32323
1014 T	0.63663	0.03948	0.32389
1015 T	0.63194	0.04171	0.32635
1016 C	0.61722	0.05628	0.3265
1017 T	0.61086	0.07074	0.31839
1018 A	0.60358	0.08804	0.30838
1019 T	0.60055	0.09566	0.30379
1020 A	0.59579	0.10171	0.30251
1021 G	0.59277	0.10541	0.30183
1022 A	0.59132	0.10734	0.30133
1023 T	0.58837	0.10979	0.30183
1024 C	0.57389	0.12421	0.3019
1025 A	0.55670	0.14979	0.29351
1026 T	0.54641	0.17329	0.2803
1027 A	0.51046	0.24850	0.24104
1028 A	0.48005	0.29521	0.22474
1029 A	0.44585	0.35045	0.2037
1030 A	0.43249	0.36628	0.20123
1031 A	0.42259	0.37736	0.20005
1032 C	0.41077	0.38938	0.19985
1033 A	0.39034	0.42800	0.18166
1034 T	0.37802	0.44957	0.17241
1035 A	0.35292	0.47739	0.16969
1036 A	0.33964	0.49038	0.16998
1037 A	0.33655	0.49287	0.17058
1038 A	0.33749	0.48312	0.17939
1039 C	0.33886	0.46233	0.19882
1040 C	0.34527	0.44950	0.20523
1041 T	0.35186	0.44342	0.20471
1042 T	0.35223	0.45134	0.19644
1043 T	0.34638	0.47005	0.18358
1044 G	0.33224	0.48985	0.17791
1045 A	0.32720	0.49854	0.17425
1046 A	0.32381	0.49943	0.17676
1047 A	0.32325	0.48680	0.18994
1048 G	0.32974	0.46381	0.20646
1049 A	0.34206	0.44171	0.21623
1050 A	0.37592	0.37733	0.24675
1051 A	0.39847	0.32487	0.27665
1052 T	0.42936	0.25794	0.31269
1053 G	0.43905	0.23285	0.3281
1054 A	0.44500	0.21637	0.33863
1055 A	0.45006	0.19828	0.35166
1056 T	0.46633	0.15746	0.37621
1057 T	0.47247	0.13546	0.39207
1058 T	0.47435	0.11104	0.41461
1059 T	0.47516	0.10211	0.42273
1060 G	0.47454	0.10649	0.41897
1061 A	0.47446	0.11456	0.41098
1062 A	0.47560	0.11702	0.40739
1063 T	0.47900	0.10915	0.41185
1064 T	0.48236	0.10310	0.41454
1065 A	0.48977	0.09502	0.41521
1066 T	0.50242	0.07758	0.41999
1067 C	0.50093	0.07159	0.42747
1068 T	0.49031	0.09323	0.41646
1069 T	0.47695	0.12566	0.39738
1070 T	0.44784	0.19607	0.3561
1071 G	0.30705	0.39161	0.30134
1072 G	0.18945	0.56909	0.24147
1073 A	0.12050	0.67552	0.20398
1074 A	0.09239	0.72051	0.18711
1075 A	0.07363	0.75124	0.17512
1076 A	0.06100	0.76863	0.17036
1077 A	0.05706	0.77280	0.17013
1078 G	0.05513	0.77476	0.17011
1079 A	0.05552	0.77441	0.17007
1080 A	0.05667	0.77307	0.17026
1081 C	0.05857	0.77074	0.17069
1082 A	0.06248	0.76661	0.17091
1083 T	0.06885	0.75940	0.17175
1084 C	0.07550	0.75220	0.17229
1085 A	0.07979	0.74777	0.17244
1086 A	0.08038	0.74707	0.17256
1087 A	0.08204	0.74410	0.17385
1088 C	0.08448	0.73771	0.17781
1089 G	0.08767	0.73335	0.17897
1090 A	0.09587	0.71235	0.19178
1091 T	0.11914	0.65998	0.22087
1092 G	0.14490	0.61580	0.23931
1093 G	0.19309	0.54050	0.26641
1094 G	0.25089	0.34451	0.40459
1095 T	0.31054	0.16812	0.52134
1096 T	0.33762	0.07331	0.58907
1097 T	0.34834	0.04322	0.60843
1098 T	0.35534	0.02569	0.61896
1099 T	0.35726	0.01974	0.62299
1100 T	0.35683	0.02399	0.61918
1101 G	0.35320	0.03994	0.60686
1102 T	0.34160	0.08588	0.57252
1103 T	0.31746	0.17825	0.50429
1104 A	0.25439	0.34604	0.39958
1105 A	0.18890	0.51214	0.29896
1106 A	0.14571	0.59216	0.26213
1107 G	0.10881	0.65503	0.23616
1108 A	0.09714	0.72954	0.17332
1109 T	0.08902	0.77489	0.13609
1110 A	0.07336	0.81143	0.11521
1111 G	0.06216	0.83066	0.10717
1112 A	0.05678	0.84263	0.10058
1113 A	0.05217	0.85387	0.09395
1114 A	0.04717	0.85975	0.09308
1115 A	0.04481	0.86216	0.09303
1116 A	0.04434	0.86269	0.09297
1117 A	0.04434	0.86267	0.09299
1118 C	0.04474	0.86221	0.09305
1119 C	0.04544	0.86156	0.09301
1120 G	0.04673	0.86048	0.09278
1121 A	0.05015	0.85727	0.09259
1122 A	0.05567	0.85174	0.09259
1123 A	0.06703	0.84018	0.09279
1124 A	0.09113	0.81253	0.09634
1125 T	0.14208	0.74248	0.11544
1126 A	0.20241	0.65435	0.14324
1127 A	0.29563	0.49831	0.20606
1128 T	0.40880	0.31941	0.27179
1129 A	0.44466	0.24731	0.30803
1130 T	0.47833	0.18455	0.33712
1131 A	0.52181	0.14079	0.3374
1132 T	0.55621	0.10064	0.34315
1133 T	0.57060	0.07470	0.3547
1134 T	0.57628	0.05830	0.36541
1135 T	0.57943	0.05142	0.36914
1136 A	0.58253	0.04486	0.37262
1137 T	0.58332	0.03936	0.37732
1138 C	0.58318	0.03701	0.37981
1139 T	0.58361	0.03629	0.38009
1140 C	0.58386	0.03619	0.37994
1141 T	0.58442	0.03818	0.3774
1142 T	0.58464	0.04147	0.37388
1143 T	0.58473	0.04536	0.36991
1144 T	0.58436	0.05341	0.36223
1145 T	0.58344	0.06052	0.35604
1146 T	0.58103	0.07578	0.3432
1147 T	0.55794	0.12073	0.32133
1148 A	0.51032	0.19274	0.29694
1149 T	0.49131	0.22092	0.28776
1150 G	0.47433	0.24519	0.28048
1151 A	0.46388	0.27115	0.26497
1152 A	0.46112	0.28488	0.254
1153 A	0.46493	0.28898	0.24609
1154 T	0.47459	0.28338	0.24203
1155 T	0.47815	0.28532	0.23653
1156 T	0.47770	0.29395	0.22835
1157 T	0.47386	0.31293	0.21321
1158 T	0.46699	0.34301	0.18999
1159 A	0.41223	0.45702	0.13075
1160 A	0.36826	0.50803	0.12371
1161 A	0.30661	0.57488	0.11851
1162 G	0.24049	0.64428	0.11523
1163 A	0.20010	0.68694	0.11297
1164 C	0.17641	0.71172	0.11186
1165 G	0.15969	0.73132	0.10899
1166 A	0.14740	0.74644	0.10616
1167 A	0.14678	0.74845	0.10478
1168 A	0.14996	0.74401	0.10603
1169 A	0.16043	0.73159	0.10798
1170 A	0.18008	0.68573	0.13419
1171 T	0.20398	0.61450	0.18151
1172 C	0.20571	0.59287	0.20142
1173 A	0.19762	0.59176	0.21062
1174 A	0.19873	0.58551	0.21576
1175 A	0.19423	0.58932	0.21645
1176 C	0.18519	0.59810	0.21671
1177 G	0.16510	0.62210	0.2128
1178 A	0.15780	0.62984	0.21236
1179 A	0.15733	0.63846	0.20421
1180 G	0.15587	0.65795	0.18618
1181 A	0.15953	0.66632	0.17415
1182 A	0.20137	0.58778	0.21084
1183 A	0.20419	0.54811	0.24769
1184 A	0.21034	0.48392	0.30574
1185 T	0.21435	0.41921	0.36644
1186 T	0.20913	0.39526	0.39561
1187 T	0.19202	0.40401	0.40398
1188 A	0.14604	0.46073	0.39322
1189 A	0.14004	0.46239	0.39757
1190 G	0.13734	0.45870	0.40396
1191 A	0.13532	0.46183	0.40286
1192 T	0.13525	0.45735	0.4074
1193 T	0.13397	0.45719	0.40884
1194 G	0.13202	0.46065	0.40732
1195 A	0.13160	0.46426	0.40413
1196 T	0.13238	0.45562	0.412
1197 A	0.13313	0.45141	0.41546
1198 G	0.13518	0.43858	0.42624
1199 A	0.13810	0.42353	0.43837
1200 T	0.14484	0.39329	0.46187
1201 A	0.14835	0.38182	0.46983
1202 A	0.16135	0.36437	0.47428
1203 A	0.18310	0.33323	0.48367
1204 A	0.20165	0.29903	0.49932
1205 T	0.22642	0.25801	0.51557
1206 T	0.24393	0.23003	0.52604
1207 T	0.25310	0.21989	0.52702
1208 T	0.26151	0.21265	0.52584
1209 A	0.26570	0.21785	0.51644
1210 A	0.27335	0.21954	0.50711
1211 T	0.29334	0.19491	0.51175
1212 T	0.30071	0.23410	0.46519
1213 T	0.30116	0.32374	0.3751
1214 T	0.29908	0.41567	0.28524
1215 A	0.29077	0.50975	0.19949
1216 G	0.28783	0.51919	0.19297
1217 A	0.27771	0.54025	0.18204
1218 T	0.27840	0.54423	0.17737
1219 T	0.27327	0.55486	0.17187
1220 C	0.25822	0.57109	0.1707
1221 A	0.24156	0.58986	0.16859
1222 A	0.23087	0.60066	0.16846
1223 A	0.22317	0.60837	0.16845
1224 C	0.22078	0.61061	0.16861
1225 A	0.21616	0.61586	0.16797
1226 C	0.21740	0.61479	0.16781
1227 T	0.21978	0.61311	0.16711
1228 G	0.21518	0.61899	0.16583
1229 A	0.21408	0.62114	0.16477
1230 A	0.21582	0.61939	0.16479
1231 G	0.22179	0.61320	0.16501
1232 A	0.23667	0.59625	0.16708
1233 A	0.27035	0.56010	0.16954
1234 C	0.32862	0.49763	0.17375
1235 A	0.40567	0.41847	0.17586
1236 T	0.51026	0.30924	0.1805
1237 T	0.58080	0.23278	0.18642
1238 T	0.63404	0.17296	0.193
1239 A	0.63829	0.16482	0.19689
1240 T	0.64902	0.13351	0.21748
1241 T	0.65331	0.11497	0.23172
1242 T	0.65586	0.10057	0.24356
1243 T	0.65393	0.08748	0.25858
1244 T	0.65125	0.07479	0.27396
1245 T	0.64406	0.07156	0.28437
1246 A	0.62280	0.08497	0.29224
1247 A	0.60846	0.09324	0.2983
1248 T	0.60554	0.08699	0.30747
1249 C	0.60131	0.08804	0.31065
1250 A	0.59895	0.09309	0.30796
1251 T	0.59867	0.09315	0.30818
1252 T	0.59549	0.09588	0.30864
1253 T	0.57908	0.11218	0.30873
1254 A	0.53490	0.15919	0.3059
1255 A	0.50440	0.19003	0.30557
1256 C	0.48239	0.21301	0.3046
1257 T	0.45905	0.24815	0.29279
1258 A	0.41223	0.31928	0.26849
1259 T	0.39589	0.36109	0.24301
1260 T	0.35315	0.44194	0.20491
1261 A	0.30526	0.51827	0.17647
1262 A	0.27558	0.57345	0.15097
1263 T	0.26155	0.59558	0.14287
1264 A	0.24113	0.62086	0.13801
1265 T	0.23010	0.63226	0.13763
1266 T	0.21573	0.64283	0.14144
1267 A	0.18852	0.66718	0.1443
1268 A	0.17678	0.67308	0.15014
1269 A	0.16925	0.66348	0.16727
1270 C	0.16457	0.65527	0.18016
1271 A	0.16124	0.65960	0.17916
1272 A	0.15897	0.66805	0.17298
1273 A	0.15809	0.67999	0.16192
1274 A	0.15900	0.68777	0.15323
1275 T	0.15820	0.69444	0.14736
1276 A	0.15617	0.68533	0.1585
1277 A	0.15711	0.64837	0.19451
1278 A	0.15781	0.62393	0.21826
1279 A	0.16046	0.60453	0.23501
1280 A	0.17265	0.56903	0.25832
1281 A	0.20106	0.49248	0.30646
1282 A	0.23206	0.43695	0.33098
1283 T	0.27579	0.34729	0.37693
1284 A	0.29949	0.28208	0.41843
1285 T	0.32452	0.22105	0.45443
1286 T	0.33115	0.19451	0.47434
1287 T	0.33460	0.17031	0.49508
1288 T	0.33581	0.16395	0.50023
1289 T	0.33572	0.16718	0.4971
1290 T	0.33537	0.20482	0.4598
1291 A	0.32999	0.25693	0.41309
1292 A	0.32891	0.29672	0.37438
1293 A	0.32854	0.33234	0.33912
1294 A	0.33128	0.36141	0.30732
1295 A	0.34091	0.36491	0.29419
1296 A	0.35495	0.35672	0.28833
1297 A	0.36712	0.35294	0.27994
1298 T	0.38068	0.34082	0.2785
1299 T	0.38790	0.33886	0.27325
1300 A	0.39026	0.34150	0.26824
1301 A	0.39332	0.33988	0.26679
1302 T	0.39798	0.33415	0.26788
1303 T	0.39970	0.33258	0.26772
1304 T	0.40090	0.33113	0.26797
1305 G	0.40112	0.33092	0.26797
1306 C	0.40151	0.33057	0.26792
1307 T	0.40074	0.33186	0.26739
1308 C	0.39790	0.33509	0.26701
1309 G	0.39827	0.33552	0.26621
1310 G	0.40289	0.33103	0.26608
1311 A	0.41271	0.32129	0.26601
1312 G	0.43142	0.30192	0.26666
1313 T	0.49236	0.24027	0.26736
1314 C	0.54187	0.18481	0.27332
1315 G	0.57973	0.14590	0.27437
1316 A	0.61388	0.11095	0.27516
1317 T	0.65033	0.07387	0.27581
1318 T	0.66500	0.05891	0.27609
1319 C	0.67498	0.04879	0.27622
1320 T	0.68656	0.03706	0.27638
1321 A	0.69085	0.03269	0.27645
1322 T	0.69811	0.02531	0.27658
1323 T	0.70349	0.01977	0.27673
1324 C	0.70615	0.01699	0.27685
1325 A	0.70702	0.01592	0.27705
1326 T	0.70889	0.01371	0.27741
1327 T	0.70958	0.01266	0.27777
1328 T	0.70999	0.01179	0.27822
1329 A	0.71032	0.01123	0.27845
