# lcl|CP097583.1_cds_USQ93618.1_1
# AA	inside	membr	outside
1 A	0.44451	0.00000	0.5555
2 T	0.44419	0.00032	0.5555
3 G	0.44407	0.00044	0.5555
4 C	0.44407	0.00064	0.55529
5 C	0.44178	0.00380	0.55443
6 T	0.44178	0.00437	0.55385
7 A	0.43333	0.01334	0.55333
8 A	0.43333	0.01335	0.55332
9 A	0.43170	0.01531	0.55299
10 T	0.43170	0.03637	0.53194
11 G	0.43041	0.03890	0.53069
12 T	0.42388	0.04629	0.52983
13 A	0.39626	0.08078	0.52296
14 A	0.39626	0.08079	0.52296
15 T	0.39626	0.11723	0.48651
16 T	0.39546	0.11803	0.48651
17 T	0.39376	0.12000	0.48624
18 A	0.39361	0.12112	0.48527
19 T	0.39152	0.12348	0.485
20 T	0.37909	0.14164	0.47927
21 T	0.35784	0.16288	0.47928
22 A	0.35586	0.16502	0.47912
23 A	0.35471	0.16620	0.47908
24 T	0.35421	0.16659	0.4792
25 C	0.35306	0.16655	0.48039
26 A	0.35229	0.16759	0.48012
27 A	0.35057	0.16895	0.48048
28 C	0.35039	0.16760	0.48201
29 A	0.35057	0.16786	0.48157
30 A	0.35136	0.16383	0.48481
31 G	0.35180	0.16217	0.48603
32 G	0.35319	0.15887	0.48793
33 T	0.37376	0.13784	0.4884
34 G	0.37534	0.13436	0.4903
35 A	0.37806	0.12657	0.49537
36 A	0.38407	0.09686	0.51908
37 A	0.38553	0.09441	0.52005
38 T	0.41745	0.06099	0.52156
39 T	0.41821	0.05902	0.52277
40 G	0.41891	0.05408	0.52701
41 T	0.41971	0.04867	0.53161
42 A	0.41910	0.04817	0.53273
43 T	0.41958	0.04129	0.53913
44 C	0.40069	0.05274	0.54656
45 A	0.39143	0.08043	0.52814
46 G	0.38885	0.08737	0.52378
47 A	0.38776	0.08932	0.52292
48 G	0.38728	0.08964	0.52308
49 A	0.38760	0.08883	0.52357
50 T	0.38856	0.08578	0.52566
51 C	0.38886	0.08452	0.52662
52 A	0.38946	0.08389	0.52665
53 C	0.39008	0.08318	0.52674
54 T	0.39074	0.08295	0.52631
55 T	0.39108	0.08278	0.52614
56 T	0.39138	0.08249	0.52613
57 A	0.39168	0.08216	0.52616
58 T	0.39198	0.08191	0.5261
59 C	0.39209	0.08163	0.52629
60 C	0.39198	0.08210	0.52593
61 G	0.39111	0.08352	0.52537
62 A	0.39343	0.08194	0.52464
63 A	0.39405	0.08197	0.52399
64 A	0.39557	0.08099	0.52344
65 A	0.40049	0.07530	0.52422
66 T	0.40777	0.06360	0.52862
67 G	0.41148	0.04152	0.547
68 T	0.42654	0.01770	0.55575
69 T	0.42898	0.01341	0.5576
70 T	0.42937	0.01519	0.55545
71 T	0.42773	0.02265	0.54962
72 C	0.42249	0.03427	0.54325
73 G	0.41887	0.03943	0.5417
74 G	0.41001	0.04849	0.54151
75 T	0.40618	0.05268	0.54114
76 G	0.39928	0.06032	0.5404
77 C	0.39213	0.06790	0.53997
78 C	0.38467	0.07579	0.53953
79 A	0.37857	0.08326	0.53817
80 A	0.37589	0.08676	0.53735
81 A	0.37523	0.08923	0.53554
82 A	0.37486	0.09058	0.53456
83 T	0.37528	0.09005	0.53467
84 T	0.37527	0.08876	0.53597
85 A	0.37447	0.08900	0.53654
86 A	0.37446	0.08844	0.53711
87 T	0.37469	0.08758	0.53773
88 C	0.37442	0.08762	0.53796
89 A	0.37438	0.08765	0.53797
90 A	0.37474	0.08720	0.53806
91 C	0.37494	0.08683	0.53824
92 A	0.37548	0.08623	0.53829
93 A	0.37877	0.08277	0.53846
94 G	0.38468	0.07397	0.54135
95 T	0.39141	0.06217	0.54641
96 T	0.39321	0.05682	0.54997
97 T	0.39370	0.04649	0.55981
98 T	0.39396	0.04127	0.56477
99 A	0.39382	0.03622	0.56996
100 T	0.39377	0.02998	0.57624
101 A	0.39090	0.02936	0.57974
102 T	0.39041	0.02663	0.58296
103 G	0.38920	0.02985	0.58095
104 A	0.38916	0.03044	0.5804
105 T	0.38850	0.03104	0.58046
106 G	0.38758	0.03334	0.57908
107 T	0.38711	0.03527	0.57761
108 C	0.38614	0.03869	0.57517
109 G	0.38558	0.04721	0.5672
110 T	0.38527	0.05562	0.55911
111 G	0.38471	0.05974	0.55555
112 A	0.38439	0.06287	0.55274
113 A	0.38435	0.06487	0.55078
114 T	0.38438	0.06477	0.55085
115 C	0.38430	0.06514	0.55056
116 A	0.38416	0.06847	0.54737
117 A	0.38404	0.07012	0.54584
118 C	0.38383	0.07170	0.54447
119 A	0.38291	0.07587	0.54122
120 A	0.38187	0.07910	0.53903
121 A	0.38222	0.07996	0.53782
122 G	0.38297	0.07968	0.53735
123 A	0.38393	0.07934	0.53673
124 G	0.38662	0.07300	0.54038
125 G	0.38869	0.06925	0.54205
126 A	0.39255	0.06378	0.54367
127 G	0.39440	0.06068	0.54492
128 C	0.39629	0.05740	0.54631
129 G	0.39917	0.05404	0.54679
130 A	0.40330	0.04989	0.54681
131 T	0.40761	0.04489	0.54749
132 G	0.41329	0.03874	0.54798
133 C	0.41854	0.03320	0.54825
134 G	0.42114	0.03017	0.54868
135 C	0.42266	0.02852	0.54882
136 C	0.41789	0.03457	0.54754
137 A	0.41423	0.03993	0.54585
138 A	0.40986	0.04693	0.54322
139 G	0.41019	0.04689	0.54291
140 G	0.40874	0.04914	0.54213
141 T	0.40910	0.04867	0.54223
142 A	0.40992	0.04701	0.54307
143 C	0.41059	0.04526	0.54416
144 A	0.41094	0.04564	0.54341
145 C	0.41131	0.04559	0.5431
146 A	0.41174	0.04631	0.54195
147 T	0.41095	0.04802	0.54103
148 T	0.40948	0.04959	0.54093
149 G	0.40768	0.05131	0.54101
150 T	0.40610	0.05285	0.54106
151 A	0.40308	0.05567	0.54125
152 C	0.40083	0.05763	0.54155
153 C	0.39933	0.05905	0.54162
154 A	0.39838	0.06016	0.54146
155 A	0.39810	0.06056	0.54133
156 A	0.39784	0.06103	0.54112
157 A	0.39781	0.06120	0.54099
158 A	0.39815	0.06013	0.54171
159 T	0.39965	0.05129	0.54906
160 A	0.40042	0.04620	0.55339
161 G	0.40215	0.03917	0.55869
162 A	0.40237	0.03603	0.56161
163 G	0.40320	0.03163	0.56517
164 C	0.40360	0.02926	0.56715
165 A	0.40407	0.02857	0.56736
166 G	0.40480	0.02758	0.56762
167 T	0.40596	0.02710	0.56695
168 T	0.40644	0.02956	0.564
169 G	0.40683	0.02918	0.56399
170 T	0.40730	0.02649	0.56621
171 T	0.40728	0.02380	0.56892
172 T	0.40710	0.02219	0.57071
173 C	0.40654	0.02109	0.57238
174 A	0.40466	0.02176	0.57358
175 G	0.40401	0.02108	0.57491
176 G	0.40365	0.02058	0.57577
177 C	0.40352	0.02049	0.57599
178 G	0.40345	0.02168	0.57487
179 G	0.40351	0.02260	0.57389
180 A	0.40327	0.02476	0.57198
181 G	0.40297	0.02700	0.57003
182 G	0.40181	0.03200	0.5662
183 A	0.40124	0.03766	0.56111
184 A	0.40097	0.04615	0.55288
185 G	0.40077	0.05247	0.54676
186 A	0.40071	0.05436	0.54494
187 A	0.40099	0.05418	0.54483
188 A	0.40205	0.05307	0.54488
189 A	0.40306	0.05200	0.54494
190 C	0.40465	0.05031	0.54504
191 C	0.40778	0.04731	0.54492
192 T	0.40847	0.04754	0.54399
193 T	0.40831	0.04802	0.54367
194 G	0.40745	0.04905	0.5435
195 G	0.40706	0.04943	0.54352
196 G	0.40695	0.04914	0.54391
197 C	0.40715	0.04694	0.54591
198 T	0.40767	0.04608	0.54625
199 C	0.40789	0.04621	0.54589
200 A	0.40819	0.04732	0.54449
201 A	0.40908	0.04782	0.5431
202 A	0.41001	0.04874	0.54125
203 A	0.41141	0.04770	0.54089
204 A	0.41356	0.04567	0.54077
205 G	0.41747	0.04034	0.54219
206 G	0.42237	0.03487	0.54276
207 A	0.43001	0.02685	0.54313
208 A	0.43557	0.02089	0.54355
209 C	0.43764	0.01841	0.54395
210 A	0.43833	0.01784	0.54382
211 G	0.43900	0.01727	0.54373
212 G	0.43955	0.01680	0.54364
213 T	0.44021	0.01629	0.54351
214 A	0.44058	0.01601	0.54341
215 A	0.44160	0.01470	0.5437
216 T	0.44231	0.01320	0.54449
217 G	0.44255	0.01181	0.54563
218 C	0.44270	0.01087	0.54643
219 T	0.44301	0.01027	0.54672
220 C	0.44328	0.00979	0.54693
221 G	0.44361	0.00942	0.54697
222 T	0.44453	0.00844	0.54703
223 C	0.44557	0.00735	0.54708
224 A	0.44674	0.00612	0.54714
225 T	0.44849	0.00426	0.54725
226 G	0.44902	0.00352	0.54746
227 G	0.44940	0.00302	0.54758
228 T	0.44961	0.00273	0.54766
229 T	0.44980	0.00223	0.54797
230 C	0.44975	0.00210	0.54814
231 T	0.44979	0.00203	0.54818
232 A	0.44945	0.00236	0.54818
233 T	0.44958	0.00222	0.5482
234 T	0.44959	0.00221	0.54819
235 C	0.44951	0.00230	0.54819
236 G	0.44955	0.00231	0.54814
237 T	0.44960	0.00226	0.54815
238 T	0.44927	0.00258	0.54815
239 C	0.44851	0.00335	0.54814
240 T	0.44803	0.00388	0.5481
241 C	0.44730	0.00464	0.54806
242 C	0.44681	0.00521	0.54798
243 T	0.44659	0.00577	0.54765
244 T	0.44635	0.00630	0.54735
245 T	0.44601	0.00683	0.54716
246 A	0.44552	0.00753	0.54695
247 T	0.44524	0.00787	0.54688
248 G	0.44494	0.00816	0.5469
249 G	0.44467	0.00839	0.54694
250 A	0.44448	0.00867	0.54686
251 G	0.44441	0.00866	0.54694
252 A	0.44438	0.00860	0.54703
253 G	0.44437	0.00841	0.54722
254 G	0.44436	0.00820	0.54744
255 C	0.44437	0.00783	0.5478
256 G	0.44436	0.00802	0.54761
257 G	0.44436	0.00835	0.54729
258 A	0.44435	0.00866	0.54699
259 G	0.44439	0.00872	0.54688
260 G	0.44441	0.00898	0.54661
261 A	0.44444	0.00904	0.54652
262 G	0.44452	0.00820	0.54728
263 T	0.44472	0.00756	0.54772
264 T	0.44472	0.00711	0.54818
265 G	0.44437	0.00754	0.54809
266 C	0.44419	0.00903	0.54678
267 T	0.44390	0.01192	0.54418
268 T	0.44175	0.01783	0.54041
269 T	0.43895	0.02324	0.5378
270 T	0.43332	0.02915	0.53753
271 G	0.42367	0.03878	0.53755
272 G	0.41734	0.04493	0.53773
273 T	0.41135	0.05080	0.53785
274 C	0.40253	0.05960	0.53787
275 C	0.39817	0.06411	0.53772
276 G	0.38484	0.07756	0.53759
277 A	0.37252	0.08995	0.53754
278 A	0.35857	0.10396	0.53746
279 A	0.35039	0.11223	0.53738
280 C	0.33943	0.12320	0.53737
281 C	0.33037	0.13232	0.53731
282 A	0.31525	0.14779	0.53696
283 A	0.28916	0.17418	0.53666
284 G	0.27477	0.18867	0.53655
285 A	0.27012	0.19354	0.53634
286 A	0.26830	0.19562	0.53608
287 A	0.26811	0.19558	0.53631
288 A	0.26899	0.19398	0.53703
289 T	0.27138	0.18966	0.53896
290 A	0.27319	0.18577	0.54104
291 T	0.27581	0.17736	0.54683
292 T	0.27642	0.17145	0.55214
293 C	0.27573	0.16547	0.5588
294 T	0.27491	0.16036	0.56473
295 T	0.27346	0.15766	0.56888
296 T	0.27117	0.15584	0.57299
297 C	0.26688	0.15544	0.57768
298 A	0.26415	0.15935	0.57651
299 A	0.26283	0.15171	0.58547
300 A	0.26162	0.14445	0.59392
301 G	0.26090	0.13147	0.60763
302 T	0.26049	0.12596	0.61355
303 T	0.25980	0.11745	0.62275
304 A	0.25923	0.10884	0.63193
305 A	0.25926	0.09442	0.64633
306 T	0.25942	0.06828	0.6723
307 G	0.25929	0.05412	0.68659
308 C	0.25932	0.05198	0.68869
309 T	0.25892	0.06223	0.67885
310 A	0.25773	0.08210	0.66016
311 A	0.25672	0.09947	0.64381
312 G	0.25600	0.11118	0.63283
313 A	0.25569	0.13428	0.61003
314 T	0.25549	0.15855	0.58595
315 T	0.25521	0.20427	0.54052
316 A	0.25475	0.24824	0.49701
317 G	0.25458	0.27223	0.47319
318 A	0.25422	0.29281	0.45297
319 A	0.25423	0.30731	0.43846
320 A	0.25483	0.31642	0.42876
321 A	0.25672	0.31671	0.42657
322 A	0.25901	0.31380	0.4272
323 T	0.26208	0.30973	0.42818
324 A	0.26307	0.30826	0.42867
325 G	0.26545	0.30515	0.42939
326 C	0.26964	0.30044	0.42991
327 T	0.27178	0.29844	0.42978
328 A	0.27339	0.29729	0.42931
329 T	0.27730	0.29404	0.42867
330 G	0.27939	0.29299	0.42762
331 A	0.28232	0.29022	0.42746
332 A	0.29126	0.28077	0.42798
333 A	0.30931	0.26157	0.42912
334 T	0.32743	0.24221	0.43037
335 C	0.34021	0.22866	0.43113
336 A	0.36635	0.20233	0.43131
337 G	0.39922	0.16928	0.43149
338 C	0.45400	0.11453	0.43147
339 T	0.50163	0.06816	0.43021
340 T	0.52347	0.04665	0.42988
341 T	0.53467	0.03526	0.43007
342 A	0.53810	0.03220	0.4297
343 T	0.54174	0.02890	0.42936
344 C	0.53495	0.03560	0.42945
345 T	0.52786	0.04273	0.42941
346 T	0.51400	0.05673	0.42927
347 T	0.47989	0.09112	0.42899
348 A	0.38181	0.18998	0.42821
349 C	0.28840	0.28382	0.42778
350 A	0.19759	0.37719	0.42522
351 A	0.13318	0.44460	0.42222
352 A	0.10000	0.47887	0.42113
353 A	0.07717	0.50258	0.42026
354 A	0.05312	0.52756	0.41932
355 G	0.04123	0.53928	0.41949
356 A	0.03343	0.54751	0.41906
357 A	0.02849	0.55316	0.41835
358 A	0.02514	0.55773	0.41713
359 A	0.02357	0.55956	0.41687
360 A	0.02322	0.55981	0.41696
361 A	0.02328	0.55932	0.4174
362 A	0.02463	0.55709	0.41828
363 T	0.02518	0.55472	0.4201
364 A	0.02534	0.55200	0.42265
365 A	0.02580	0.54556	0.42864
366 T	0.02628	0.53555	0.43818
367 T	0.02655	0.52122	0.45222
368 T	0.02661	0.50621	0.46718
369 A	0.02651	0.48776	0.48573
370 A	0.02677	0.44585	0.52738
371 T	0.02763	0.35176	0.62061
372 G	0.02806	0.26134	0.71059
373 G	0.03062	0.17850	0.79088
374 T	0.03389	0.11947	0.84664
375 A	0.03476	0.09477	0.87048
376 A	0.03565	0.07758	0.88678
377 T	0.03683	0.05184	0.91133
378 T	0.03743	0.04005	0.92252
379 G	0.03799	0.03293	0.92908
380 A	0.03894	0.02997	0.93109
381 T	0.04074	0.02621	0.93305
382 T	0.04143	0.02566	0.93291
383 T	0.04169	0.02973	0.92858
384 T	0.04166	0.04262	0.91572
385 T	0.04155	0.09351	0.86494
386 T	0.04126	0.15846	0.80029
387 T	0.04056	0.24367	0.71577
388 A	0.03950	0.32573	0.63477
389 A	0.03874	0.39153	0.56974
390 T	0.03705	0.43720	0.52574
391 A	0.03121	0.49706	0.47173
392 T	0.02756	0.51890	0.45355
393 A	0.01948	0.53765	0.44287
394 G	0.01573	0.54625	0.43802
395 A	0.01493	0.55111	0.43397
396 A	0.01522	0.55116	0.43363
397 A	0.01717	0.54935	0.43348
398 G	0.02164	0.54493	0.43342
399 T	0.02597	0.54106	0.43297
400 C	0.02696	0.54158	0.43146
401 A	0.02636	0.54982	0.42382
402 T	0.02588	0.55275	0.42137
403 A	0.02361	0.55578	0.42061
404 A	0.02191	0.55784	0.42025
405 A	0.02296	0.55691	0.42013
406 A	0.02991	0.54986	0.42023
407 C	0.04836	0.53111	0.42053
408 A	0.10346	0.47596	0.42057
409 A	0.17164	0.40764	0.42073
410 A	0.25727	0.32158	0.42115
411 A	0.33647	0.24169	0.42184
412 T	0.40671	0.17096	0.42233
413 A	0.44683	0.12862	0.42455
414 T	0.49626	0.07253	0.43121
415 T	0.50839	0.05630	0.4353
416 T	0.50677	0.05126	0.44198
417 T	0.49276	0.06306	0.44417
418 C	0.44486	0.11103	0.44411
419 A	0.38603	0.17293	0.44104
420 A	0.31675	0.24508	0.43818
421 A	0.27780	0.28489	0.43731
422 A	0.26256	0.30050	0.43694
423 A	0.25857	0.30486	0.43658
424 T	0.26501	0.29605	0.43893
425 G	0.26415	0.29418	0.44167
426 T	0.26262	0.29266	0.44472
427 T	0.25902	0.29574	0.44524
428 T	0.24496	0.31278	0.44227
429 A	0.20460	0.35368	0.44172
430 G	0.15326	0.40596	0.44078
431 A	0.13697	0.42305	0.43998
432 A	0.12737	0.43303	0.4396
433 C	0.12199	0.43940	0.43861
434 A	0.11741	0.44899	0.4336
435 A	0.11598	0.45647	0.42755
436 A	0.11256	0.46173	0.42572
437 T	0.11163	0.46177	0.4266
438 T	0.11014	0.46164	0.42822
439 A	0.10834	0.45204	0.43962
440 A	0.10758	0.43516	0.45726
441 A	0.10699	0.38916	0.50385
442 A	0.10891	0.33272	0.55837
443 T	0.11119	0.26121	0.62759
444 T	0.10989	0.23319	0.65692
445 G	0.10663	0.23219	0.66118
446 G	0.10385	0.25001	0.64614
447 T	0.10187	0.29308	0.60505
448 A	0.09789	0.31870	0.58341
449 A	0.09615	0.31831	0.58554
450 A	0.09579	0.31670	0.58751
451 A	0.09785	0.30248	0.59966
452 A	0.09805	0.26397	0.63798
453 C	0.09930	0.21320	0.68751
454 A	0.10031	0.20823	0.69147
455 A	0.10146	0.21128	0.68727
456 A	0.10365	0.20959	0.68676
457 G	0.10895	0.20238	0.68867
458 T	0.11596	0.19671	0.68733
459 T	0.11872	0.19263	0.68866
460 T	0.11907	0.19890	0.68204
461 T	0.11863	0.20791	0.67346
462 A	0.11682	0.24062	0.64256
463 A	0.11575	0.25853	0.62572
464 T	0.11654	0.26334	0.62011
465 A	0.11661	0.27290	0.61049
466 A	0.11964	0.28862	0.59175
467 T	0.13120	0.28368	0.58512
468 A	0.13890	0.27609	0.58501
469 G	0.15560	0.25818	0.58622
470 T	0.19674	0.21748	0.58577
471 T	0.21504	0.20066	0.5843
472 A	0.21581	0.20318	0.58101
473 A	0.21825	0.20148	0.58026
474 T	0.22311	0.19727	0.57961
475 G	0.22410	0.19834	0.57757
476 A	0.22558	0.19843	0.57599
477 A	0.23332	0.19124	0.57544
478 T	0.24492	0.18033	0.57474
479 T	0.24964	0.17641	0.57396
480 A	0.25241	0.17504	0.57255
481 A	0.25651	0.17210	0.5714
482 A	0.26395	0.16488	0.57118
483 T	0.27536	0.15340	0.57123
484 G	0.28420	0.14544	0.57036
485 A	0.31417	0.11531	0.57052
486 T	0.33534	0.09403	0.57063
487 A	0.34223	0.09040	0.56738
488 A	0.35113	0.08116	0.56771
489 T	0.37096	0.06075	0.56828
490 T	0.37914	0.05251	0.56836
491 T	0.38078	0.05069	0.56853
492 A	0.38170	0.04922	0.56908
493 G	0.38395	0.04630	0.56975
494 T	0.38812	0.04158	0.57031
495 T	0.39197	0.03704	0.57099
496 C	0.39325	0.03498	0.57178
497 G	0.39477	0.03345	0.57178
498 T	0.39748	0.03084	0.57168
499 T	0.39857	0.02963	0.57179
500 C	0.39801	0.03019	0.5718
501 T	0.39739	0.03104	0.57158
502 A	0.39717	0.03169	0.57114
503 C	0.39814	0.03061	0.57124
504 T	0.39910	0.02995	0.57095
505 A	0.39913	0.03031	0.57056
506 A	0.39985	0.02969	0.57046
507 T	0.40217	0.02741	0.57043
508 A	0.40280	0.02704	0.57015
509 A	0.40358	0.02619	0.57023
510 T	0.40752	0.02193	0.57054
511 T	0.40845	0.02052	0.57103
512 T	0.40857	0.01986	0.57157
513 A	0.40816	0.01981	0.57203
514 T	0.40819	0.01864	0.57316
515 C	0.40784	0.01847	0.57369
516 T	0.40593	0.02055	0.57352
517 A	0.40483	0.02215	0.57303
518 A	0.40435	0.02288	0.57277
519 T	0.40410	0.02309	0.57281
520 G	0.40367	0.02350	0.57283
521 T	0.40369	0.02296	0.57336
522 A	0.40312	0.02318	0.57369
523 A	0.40305	0.02189	0.57506
524 C	0.40291	0.02021	0.57688
525 T	0.40301	0.01972	0.57727
526 T	0.40210	0.02125	0.57666
527 T	0.40055	0.02333	0.57611
528 A	0.39805	0.02780	0.57415
529 G	0.39675	0.02913	0.57411
530 A	0.39640	0.02928	0.57431
531 A	0.39632	0.02852	0.57515
532 A	0.39657	0.02742	0.57601
533 C	0.39713	0.02620	0.57667
534 T	0.39745	0.02573	0.57682
535 G	0.39753	0.02540	0.57707
536 T	0.39782	0.02474	0.57744
537 T	0.39793	0.02426	0.57781
538 A	0.39788	0.02407	0.57805
539 C	0.39789	0.02161	0.58049
540 G	0.39813	0.02039	0.58148
541 C	0.39841	0.01951	0.58208
542 A	0.39884	0.01903	0.58214
543 T	0.39915	0.01848	0.58237
544 G	0.39913	0.01857	0.5823
545 T	0.39963	0.01764	0.58273
546 T	0.39969	0.01775	0.58257
547 A	0.39967	0.01738	0.58296
548 G	0.39998	0.01579	0.58423
549 T	0.40084	0.01391	0.58525
550 G	0.40136	0.01321	0.58543
551 T	0.40340	0.01198	0.58462
552 T	0.40350	0.01202	0.58447
553 T	0.40297	0.01530	0.58173
554 A	0.40211	0.01836	0.57953
555 T	0.40179	0.01983	0.57839
556 C	0.40134	0.02131	0.57735
557 A	0.40089	0.02380	0.57531
558 A	0.40067	0.02559	0.57374
559 A	0.40065	0.02626	0.5731
560 T	0.40052	0.02662	0.57286
561 T	0.39964	0.02784	0.57252
562 T	0.39811	0.02955	0.57235
563 T	0.39511	0.03288	0.57201
564 A	0.39097	0.03789	0.57114
565 A	0.38817	0.04081	0.57102
566 A	0.38741	0.04147	0.57112
567 T	0.38678	0.04186	0.57136
568 G	0.38487	0.04380	0.57133
569 C	0.38291	0.04578	0.57131
570 T	0.38041	0.04840	0.57118
571 A	0.37369	0.05560	0.57071
572 A	0.36949	0.06031	0.5702
573 A	0.36956	0.06025	0.57019
574 C	0.37176	0.05798	0.57027
575 A	0.37304	0.05660	0.57036
576 T	0.37689	0.05218	0.57093
577 C	0.37954	0.04888	0.57158
578 T	0.38115	0.04751	0.57134
579 T	0.38167	0.04760	0.57074
580 A	0.37860	0.05158	0.56982
581 T	0.37747	0.05283	0.5697
582 T	0.37357	0.05680	0.56963
583 A	0.35979	0.07043	0.56978
584 T	0.35306	0.07582	0.57111
585 A	0.34295	0.08444	0.5726
586 G	0.33598	0.08841	0.57562
587 A	0.33097	0.09034	0.57869
588 T	0.32754	0.09154	0.58092
589 A	0.31941	0.10005	0.58054
590 A	0.31535	0.10488	0.57977
591 A	0.31204	0.10820	0.57976
592 A	0.30976	0.10827	0.58197
593 A	0.30868	0.10607	0.58525
594 A	0.30845	0.09987	0.59168
595 G	0.30887	0.09455	0.59658
596 C	0.30904	0.09292	0.59805
597 C	0.30914	0.09299	0.59787
598 A	0.30955	0.09341	0.59704
599 T	0.31038	0.09281	0.59681
600 T	0.31043	0.09323	0.59634
601 G	0.30980	0.09489	0.59532
602 A	0.30968	0.09646	0.59386
603 T	0.31052	0.09040	0.59908
604 T	0.31005	0.08949	0.60045
605 A	0.30993	0.08450	0.60558
606 T	0.31006	0.07062	0.61932
607 T	0.30954	0.06359	0.62687
608 T	0.30911	0.05675	0.63414
609 A	0.30831	0.05248	0.63922
610 G	0.30847	0.04715	0.64438
611 A	0.30877	0.04347	0.64775
612 G	0.30977	0.03527	0.65497
613 G	0.31142	0.03014	0.65845
614 A	0.31312	0.02540	0.66149
615 G	0.31354	0.02252	0.66393
616 G	0.31385	0.02090	0.66525
617 C	0.31428	0.01971	0.66601
618 T	0.31480	0.01904	0.66617
619 A	0.31506	0.01866	0.66628
620 T	0.31577	0.01777	0.66646
621 T	0.31645	0.01693	0.66663
622 A	0.31671	0.01658	0.66671
623 G	0.31726	0.01527	0.66747
624 A	0.31861	0.01286	0.66854
625 T	0.32107	0.00923	0.6697
626 A	0.32284	0.00655	0.6706
627 A	0.32689	0.00000	0.6731
