# lcl|CP097583.1_cds_USQ93222.1_1
# AA	inside	membr	outside
1 A	0.21521	0.00000	0.78479
2 T	0.21334	0.00187	0.78479
3 G	0.21164	0.00357	0.78479
4 A	0.21164	0.02644	0.76192
5 A	0.20475	0.05879	0.73646
6 A	0.20475	0.05996	0.73529
7 A	0.19666	0.06837	0.73497
8 A	0.19666	0.06838	0.73495
9 A	0.19546	0.06984	0.7347
10 C	0.19545	0.08615	0.7184
11 A	0.19455	0.09181	0.71364
12 A	0.14150	0.14759	0.71091
13 A	0.07763	0.22470	0.69768
14 A	0.07762	0.22471	0.69768
15 T	0.07762	0.24148	0.6809
16 A	0.07684	0.24226	0.6809
17 T	0.07629	0.24312	0.68059
18 T	0.07626	0.24358	0.68015
19 G	0.07550	0.24461	0.67989
20 A	0.07357	0.25103	0.67539
21 T	0.06941	0.25502	0.67556
22 T	0.06947	0.25468	0.67585
23 T	0.06932	0.25406	0.67663
24 G	0.06868	0.25421	0.67711
25 A	0.06910	0.25100	0.6799
26 C	0.06962	0.24827	0.6821
27 C	0.08203	0.23492	0.68305
28 A	0.09806	0.21788	0.68405
29 C	0.09998	0.21584	0.68418
30 A	0.10087	0.21440	0.68473
31 A	0.10144	0.21392	0.68464
32 A	0.10236	0.21251	0.68513
33 A	0.11694	0.19693	0.68612
34 A	0.12306	0.18943	0.6875
35 A	0.13224	0.12625	0.74151
36 T	0.15091	0.04469	0.8044
37 T	0.15372	0.03693	0.80935
38 C	0.16382	0.02518	0.811
39 G	0.16522	0.02616	0.80862
40 T	0.16794	0.02464	0.80742
41 T	0.16843	0.02428	0.80728
42 T	0.16850	0.02390	0.8076
43 T	0.17019	0.02121	0.8086
44 T	0.16972	0.01924	0.81104
45 T	0.16912	0.02108	0.80981
46 G	0.16806	0.02190	0.81003
47 C	0.16737	0.02199	0.81063
48 T	0.16670	0.02408	0.80922
49 T	0.16367	0.03839	0.79794
50 T	0.15602	0.06859	0.77538
51 A	0.14335	0.08354	0.77311
52 A	0.13938	0.09025	0.77038
53 A	0.13574	0.09597	0.76829
54 A	0.13367	0.10304	0.76329
55 G	0.13299	0.10509	0.76192
56 A	0.13270	0.10618	0.76112
57 A	0.13227	0.10753	0.7602
58 A	0.13267	0.10770	0.75963
59 T	0.13449	0.10609	0.75942
60 T	0.13566	0.10535	0.75899
61 T	0.13665	0.10513	0.75822
62 T	0.13833	0.10342	0.75824
63 T	0.13885	0.10359	0.75756
64 A	0.13872	0.10407	0.75721
65 A	0.13852	0.10405	0.75743
66 C	0.13875	0.10320	0.75805
67 T	0.14093	0.10097	0.7581
68 T	0.14361	0.09811	0.75828
69 T	0.14556	0.09583	0.75861
70 A	0.14588	0.09520	0.75892
71 A	0.14608	0.09454	0.75938
72 A	0.15009	0.08579	0.76412
73 T	0.16775	0.05907	0.77318
74 C	0.16464	0.04896	0.7864
75 A	0.16387	0.04834	0.78779
76 G	0.16392	0.04732	0.78876
77 T	0.16585	0.04695	0.78721
78 A	0.15918	0.05436	0.78646
79 A	0.14905	0.06513	0.78582
80 T	0.14468	0.06940	0.78592
81 G	0.12766	0.08808	0.78426
82 C	0.12109	0.09711	0.7818
83 A	0.11250	0.11588	0.77163
84 A	0.10767	0.12185	0.77048
85 G	0.10528	0.12417	0.77055
86 T	0.10580	0.12357	0.77064
87 T	0.10465	0.12472	0.77062
88 C	0.10158	0.12727	0.77115
89 C	0.09890	0.12997	0.77113
90 T	0.09642	0.13320	0.77039
91 A	0.09129	0.13976	0.76895
92 A	0.08638	0.14510	0.76853
93 A	0.08126	0.15043	0.76831
94 A	0.07930	0.15150	0.7692
95 T	0.07819	0.14711	0.7747
96 A	0.07502	0.14812	0.77686
97 G	0.07419	0.14350	0.78231
98 A	0.07421	0.13986	0.78593
99 A	0.07501	0.13603	0.78896
100 A	0.07711	0.12973	0.79317
101 A	0.07861	0.12033	0.80106
102 A	0.08015	0.10769	0.81216
103 A	0.08230	0.09803	0.81967
104 T	0.08495	0.07815	0.8369
105 A	0.08733	0.06917	0.8435
106 G	0.09535	0.05261	0.85205
107 T	0.09692	0.04695	0.85614
108 T	0.09718	0.04625	0.85657
109 A	0.09728	0.05078	0.85194
110 T	0.09770	0.05105	0.85125
111 T	0.09785	0.05354	0.8486
112 A	0.09765	0.05438	0.84798
113 A	0.09816	0.05301	0.84883
114 T	0.09937	0.04738	0.85325
115 A	0.09967	0.04260	0.85773
116 T	0.10003	0.03664	0.86333
117 G	0.09996	0.03456	0.86547
118 T	0.09998	0.03365	0.86637
119 C	0.09990	0.03180	0.8683
120 T	0.09952	0.03342	0.86706
121 G	0.09883	0.03506	0.86611
122 T	0.09854	0.03538	0.86609
123 A	0.09747	0.03667	0.86586
124 G	0.09658	0.03779	0.86564
125 G	0.09552	0.03903	0.86545
126 C	0.09441	0.04056	0.86504
127 G	0.09429	0.04084	0.86487
128 A	0.09483	0.04048	0.86469
129 A	0.09589	0.03948	0.86462
130 G	0.09792	0.03746	0.86461
131 C	0.10150	0.03387	0.86463
132 T	0.10843	0.02693	0.86464
133 A	0.11144	0.02390	0.86466
134 T	0.11672	0.01847	0.86482
135 T	0.11876	0.01622	0.86502
136 T	0.11948	0.01548	0.86504
137 C	0.11948	0.01538	0.86514
138 T	0.11931	0.01582	0.86487
139 A	0.11833	0.01701	0.86465
140 A	0.11794	0.01743	0.86463
141 T	0.11840	0.01686	0.86474
142 G	0.11750	0.01776	0.86474
143 T	0.11819	0.01649	0.86532
144 T	0.11775	0.01642	0.86582
145 A	0.11590	0.01843	0.86566
146 A	0.11493	0.01934	0.86573
147 A	0.11504	0.01902	0.86595
148 A	0.11525	0.01873	0.86603
149 T	0.11571	0.01809	0.8662
150 T	0.11578	0.01840	0.86582
151 T	0.11563	0.01922	0.86515
152 T	0.11376	0.02136	0.86487
153 A	0.10728	0.02823	0.86448
154 G	0.10534	0.03037	0.86429
155 A	0.10443	0.03143	0.86414
156 C	0.10410	0.03172	0.86418
157 G	0.10396	0.03205	0.86399
158 A	0.10396	0.03228	0.86376
159 A	0.10376	0.03251	0.86373
160 T	0.10395	0.03215	0.8639
161 T	0.10406	0.03182	0.86412
162 G	0.10353	0.03121	0.86526
163 T	0.10327	0.03092	0.86581
164 A	0.10249	0.03126	0.86625
165 T	0.10221	0.03006	0.86773
166 G	0.10153	0.02976	0.86871
167 A	0.10104	0.02938	0.86959
168 A	0.10134	0.02768	0.87097
169 C	0.10213	0.02594	0.87193
170 A	0.10266	0.02571	0.87163
171 G	0.10378	0.02507	0.87116
172 T	0.10502	0.02377	0.87121
173 T	0.10527	0.02354	0.8712
174 A	0.10555	0.02335	0.87111
175 A	0.10585	0.02091	0.87325
176 C	0.10629	0.01407	0.87964
177 T	0.10665	0.01259	0.88076
178 T	0.10683	0.01221	0.88097
179 T	0.10676	0.01348	0.87976
180 A	0.10540	0.01743	0.87718
181 A	0.10468	0.01898	0.87635
182 T	0.10439	0.01894	0.87667
183 T	0.10332	0.02005	0.87663
184 A	0.10179	0.02165	0.87656
185 G	0.10105	0.02196	0.87698
186 T	0.10060	0.02178	0.87762
187 G	0.09883	0.02273	0.87844
188 G	0.09723	0.02408	0.87869
189 A	0.09664	0.02458	0.87879
190 C	0.09665	0.02461	0.87874
191 A	0.09663	0.02508	0.87829
192 G	0.09670	0.02493	0.87837
193 A	0.09712	0.02443	0.87844
194 T	0.09782	0.02369	0.87849
195 A	0.09769	0.02387	0.87844
196 C	0.09771	0.02332	0.87898
197 C	0.09768	0.02356	0.87877
198 T	0.09764	0.02431	0.87805
199 G	0.09749	0.02571	0.8768
200 T	0.09795	0.02674	0.87531
201 A	0.09798	0.03003	0.872
202 A	0.09923	0.02998	0.87078
203 T	0.10175	0.02628	0.87198
204 T	0.10247	0.02504	0.87249
205 A	0.10201	0.02587	0.87212
206 T	0.10191	0.02555	0.87254
207 T	0.10080	0.02712	0.87207
208 A	0.09688	0.03128	0.87185
209 A	0.09536	0.03261	0.87203
210 A	0.09234	0.03426	0.8734
211 G	0.09097	0.03422	0.87481
212 C	0.09039	0.03435	0.87526
213 T	0.08952	0.03555	0.87493
214 A	0.08586	0.03979	0.87436
215 A	0.08306	0.04321	0.87374
216 A	0.08207	0.04443	0.8735
217 A	0.08174	0.04475	0.87351
218 A	0.08162	0.04450	0.87388
219 A	0.08178	0.04383	0.87439
220 T	0.08278	0.04204	0.87517
221 C	0.08358	0.04064	0.87578
222 C	0.08470	0.03929	0.876
223 A	0.08602	0.03793	0.87604
224 T	0.08929	0.03455	0.87616
225 T	0.09053	0.03324	0.87622
226 T	0.09091	0.03286	0.87623
227 C	0.09073	0.03277	0.87651
228 T	0.09082	0.03210	0.87708
229 A	0.09029	0.03245	0.87726
230 A	0.09107	0.03068	0.87824
231 T	0.09189	0.02650	0.88162
232 T	0.09218	0.02549	0.88233
233 T	0.09199	0.02307	0.88493
234 T	0.09146	0.02414	0.88439
235 A	0.09071	0.02552	0.88377
236 A	0.08952	0.02609	0.88439
237 A	0.08770	0.02528	0.88703
238 T	0.08670	0.02425	0.88905
239 T	0.08439	0.02616	0.88945
240 A	0.07986	0.03136	0.88877
241 A	0.07687	0.03477	0.88836
242 G	0.07439	0.03770	0.8879
243 A	0.07209	0.04049	0.88742
244 G	0.07004	0.04282	0.88715
245 A	0.06889	0.04563	0.88549
246 A	0.06827	0.04854	0.8832
247 G	0.06803	0.05018	0.88179
248 G	0.06792	0.05059	0.88149
249 A	0.06792	0.05041	0.88168
250 A	0.06804	0.04959	0.88236
251 T	0.06845	0.04832	0.88323
252 G	0.06880	0.04687	0.88433
253 C	0.06930	0.04552	0.88518
254 C	0.06991	0.04465	0.88545
255 T	0.07101	0.04343	0.88556
256 A	0.07190	0.04242	0.88567
257 T	0.07434	0.03967	0.88599
258 T	0.07533	0.03839	0.88628
259 G	0.07561	0.03691	0.88748
260 G	0.07625	0.03265	0.8911
261 T	0.07706	0.02933	0.89361
262 T	0.07752	0.02631	0.89617
263 T	0.07811	0.02291	0.89897
264 A	0.07807	0.02163	0.9003
265 A	0.07842	0.02021	0.90137
266 A	0.07814	0.01937	0.90249
267 A	0.07783	0.01872	0.90345
268 G	0.07893	0.01665	0.90442
269 T	0.08109	0.01471	0.9042
270 T	0.08182	0.01518	0.90299
271 A	0.08024	0.01919	0.90057
272 C	0.07885	0.02310	0.89805
273 T	0.07768	0.02811	0.89421
274 T	0.07531	0.03484	0.88985
275 T	0.06960	0.04414	0.88626
276 A	0.06110	0.05525	0.88364
277 A	0.05654	0.06096	0.8825
278 G	0.05484	0.06292	0.88224
279 A	0.05366	0.06409	0.88225
280 G	0.05299	0.06470	0.88232
281 G	0.05282	0.06478	0.8824
282 T	0.05297	0.06450	0.88253
283 C	0.05257	0.06490	0.88254
284 A	0.05228	0.06545	0.88227
285 T	0.05214	0.06591	0.88196
286 A	0.05119	0.06742	0.88139
287 A	0.05081	0.06805	0.88114
288 A	0.05090	0.06792	0.88119
289 A	0.05141	0.06653	0.88206
290 A	0.05211	0.06489	0.883
291 A	0.05256	0.06355	0.88389
292 G	0.05390	0.06141	0.8847
293 A	0.05647	0.05782	0.88571
294 A	0.06081	0.05097	0.88822
295 T	0.06649	0.04250	0.89102
296 T	0.07088	0.03550	0.89361
297 T	0.07411	0.02941	0.89647
298 T	0.07552	0.02310	0.90138
299 T	0.07610	0.01752	0.90638
300 T	0.07592	0.01669	0.90739
301 T	0.07520	0.01792	0.90688
302 T	0.07431	0.01951	0.90618
303 A	0.07279	0.02247	0.90474
304 A	0.07197	0.02382	0.90421
305 A	0.07141	0.02446	0.90413
306 T	0.07146	0.02397	0.90456
307 A	0.07160	0.02363	0.90477
308 A	0.07195	0.02313	0.90492
309 G	0.07259	0.02177	0.90564
310 T	0.07318	0.02128	0.90554
311 T	0.07332	0.02255	0.90414
312 A	0.07267	0.02761	0.89972
313 A	0.07251	0.03219	0.8953
314 T	0.07243	0.03350	0.89408
315 T	0.07214	0.03489	0.89297
316 A	0.07188	0.03679	0.89133
317 A	0.07181	0.03808	0.89011
318 A	0.07172	0.03925	0.88903
319 A	0.07191	0.04019	0.8879
320 T	0.07253	0.03987	0.8876
321 A	0.07328	0.03910	0.88762
322 G	0.07521	0.03688	0.88791
323 T	0.07776	0.03383	0.8884
324 T	0.07897	0.03183	0.8892
325 T	0.07940	0.03059	0.89001
326 T	0.07931	0.02966	0.89103
327 A	0.07813	0.03034	0.89153
328 C	0.07698	0.03116	0.89187
329 C	0.07606	0.03221	0.89173
330 A	0.07537	0.03373	0.89089
331 A	0.07534	0.03382	0.89083
332 G	0.07570	0.03348	0.89082
333 A	0.07641	0.03277	0.89083
334 A	0.07831	0.03078	0.89091
335 C	0.08330	0.02472	0.89198
336 T	0.08828	0.01946	0.89227
337 C	0.08959	0.01797	0.89244
338 G	0.09049	0.01700	0.89251
339 A	0.09176	0.01573	0.89251
340 G	0.09281	0.01473	0.89246
341 A	0.09384	0.01358	0.89257
342 T	0.09523	0.01208	0.89269
343 T	0.09574	0.01117	0.89309
344 T	0.09584	0.01075	0.89341
345 T	0.09552	0.01086	0.89362
346 A	0.09479	0.01130	0.89392
347 G	0.09449	0.01098	0.89454
348 A	0.09418	0.01068	0.89513
349 G	0.09408	0.00984	0.89608
350 G	0.09420	0.00861	0.89719
351 T	0.09440	0.00735	0.89825
352 A	0.09432	0.00701	0.89867
353 T	0.09483	0.00590	0.89927
354 T	0.09445	0.00602	0.89952
355 A	0.09385	0.00646	0.89969
356 G	0.09358	0.00654	0.89989
357 T	0.09349	0.00651	0.9
358 C	0.09321	0.00682	0.89997
359 C	0.09295	0.00748	0.89957
360 T	0.09272	0.00913	0.89815
361 A	0.09186	0.01045	0.8977
362 A	0.09159	0.01087	0.89754
363 A	0.09156	0.01096	0.89748
364 T	0.09167	0.01084	0.89749
365 C	0.09169	0.01049	0.89781
366 T	0.09179	0.01017	0.89804
367 T	0.09183	0.00985	0.89832
368 T	0.09180	0.00952	0.89868
369 C	0.09168	0.00920	0.89911
370 G	0.09151	0.00932	0.89918
371 A	0.09143	0.00919	0.89938
372 T	0.09125	0.00921	0.89954
373 G	0.09075	0.00970	0.89955
374 G	0.09057	0.01002	0.89941
375 T	0.09054	0.01009	0.89937
376 A	0.09021	0.01051	0.89927
377 G	0.08996	0.01061	0.89942
378 A	0.08974	0.01092	0.89934
379 G	0.08956	0.01137	0.89907
380 G	0.08946	0.01250	0.89804
381 A	0.08952	0.01465	0.89582
382 A	0.08990	0.01670	0.8934
383 A	0.09119	0.01575	0.89306
384 T	0.09167	0.01501	0.89332
385 T	0.09172	0.01482	0.89346
386 A	0.09155	0.01514	0.89331
387 C	0.09144	0.01541	0.89314
388 T	0.09135	0.01622	0.89244
389 C	0.09022	0.01796	0.89181
390 A	0.08925	0.02090	0.88984
391 T	0.08855	0.02232	0.88913
392 T	0.08702	0.02439	0.8886
393 A	0.08418	0.02777	0.88804
394 G	0.08271	0.02937	0.88792
395 G	0.08202	0.02984	0.88814
396 G	0.08190	0.02957	0.88853
397 A	0.08200	0.02955	0.88845
398 T	0.08237	0.02925	0.88837
399 A	0.08254	0.02936	0.88809
400 A	0.08274	0.02967	0.88758
401 A	0.08316	0.02972	0.88712
402 A	0.08343	0.02939	0.88717
403 G	0.08417	0.02856	0.88727
404 A	0.08618	0.02651	0.88731
405 A	0.08841	0.02422	0.88736
406 C	0.08917	0.02338	0.88746
407 A	0.08981	0.02277	0.88742
408 A	0.09035	0.02217	0.88749
409 A	0.09113	0.02120	0.88767
410 T	0.09244	0.01968	0.88787
411 T	0.09357	0.01837	0.88806
412 G	0.09432	0.01565	0.89003
413 T	0.09611	0.01225	0.89164
414 T	0.09667	0.01064	0.89269
415 T	0.09696	0.00910	0.89395
416 T	0.09718	0.00700	0.89581
417 T	0.09714	0.00605	0.89681
418 C	0.09640	0.00630	0.8973
419 C	0.09585	0.00686	0.89729
420 T	0.09528	0.00771	0.89701
421 G	0.09377	0.00988	0.89635
422 A	0.09281	0.01161	0.89558
423 A	0.09134	0.01361	0.89505
424 A	0.08979	0.01598	0.89423
425 T	0.08867	0.01765	0.89368
426 T	0.08763	0.02073	0.89165
427 G	0.08627	0.02310	0.89063
428 A	0.08552	0.02449	0.88999
429 T	0.08499	0.02545	0.88956
430 T	0.08396	0.02717	0.88887
431 T	0.08260	0.02859	0.88881
432 A	0.07897	0.03233	0.8887
433 G	0.07714	0.03428	0.88857
434 A	0.07593	0.03565	0.88842
435 C	0.07481	0.03686	0.88833
436 A	0.07431	0.03761	0.88808
437 A	0.07412	0.03799	0.88789
438 A	0.07401	0.03821	0.88778
439 G	0.07392	0.03848	0.88759
440 T	0.07402	0.03854	0.88745
441 T	0.07397	0.03874	0.88729
442 A	0.07362	0.03926	0.88712
443 A	0.07364	0.03872	0.88765
444 A	0.07406	0.03705	0.8889
445 A	0.07461	0.03523	0.89016
446 A	0.07515	0.03264	0.89221
447 A	0.07627	0.02924	0.8945
448 G	0.07766	0.02613	0.89621
449 T	0.08039	0.02205	0.89756
450 T	0.08146	0.01937	0.89917
451 T	0.08179	0.01800	0.90021
452 G	0.08187	0.01681	0.90133
453 T	0.08219	0.01544	0.90238
454 G	0.08222	0.01428	0.9035
455 G	0.08233	0.01156	0.9061
456 T	0.08254	0.01045	0.907
457 A	0.08271	0.01001	0.90728
458 T	0.08286	0.00942	0.90773
459 G	0.08301	0.00966	0.90734
460 G	0.08322	0.01029	0.90649
461 A	0.08345	0.01059	0.90597
462 T	0.08396	0.01040	0.90564
463 A	0.08432	0.01050	0.90518
464 T	0.08558	0.00956	0.90486
465 T	0.08621	0.00917	0.90462
466 T	0.08620	0.01032	0.90348
467 G	0.08611	0.01167	0.90222
468 T	0.08610	0.01310	0.90079
469 A	0.08599	0.01604	0.89798
470 T	0.08600	0.01682	0.89718
471 T	0.08588	0.01795	0.89617
472 G	0.08482	0.01939	0.8958
473 T	0.08431	0.02040	0.89529
474 T	0.08311	0.02247	0.89441
475 A	0.08019	0.02568	0.89414
476 C	0.07844	0.02755	0.894
477 T	0.07743	0.02932	0.89324
478 A	0.07581	0.03112	0.89307
479 C	0.07555	0.03143	0.89302
480 A	0.07543	0.03184	0.89273
481 G	0.07537	0.03223	0.8924
482 C	0.07579	0.03218	0.89203
483 T	0.07240	0.03745	0.89015
484 A	0.06401	0.05077	0.88522
485 A	0.05829	0.05799	0.88372
486 A	0.05371	0.06312	0.88317
487 A	0.05151	0.06563	0.88286
488 A	0.05025	0.06708	0.88267
489 C	0.05084	0.06626	0.88291
490 G	0.05131	0.06604	0.88265
491 A	0.05166	0.06631	0.88203
492 T	0.05321	0.06514	0.88164
493 A	0.05103	0.06831	0.88065
494 A	0.04991	0.07052	0.87958
495 A	0.04898	0.07068	0.88034
496 G	0.04869	0.06988	0.88142
497 A	0.04918	0.06803	0.88279
498 T	0.04946	0.06476	0.88578
499 G	0.04940	0.06306	0.88754
500 C	0.04999	0.06138	0.88863
501 T	0.05013	0.06082	0.88905
502 A	0.04996	0.06155	0.88849
503 A	0.05000	0.06200	0.88801
504 A	0.05034	0.06200	0.88765
505 A	0.05076	0.06151	0.88773
506 A	0.05241	0.05456	0.89303
507 A	0.05694	0.04161	0.90145
508 T	0.05900	0.03302	0.90798
509 T	0.05976	0.02750	0.91274
510 A	0.06006	0.02516	0.91478
511 T	0.06053	0.02248	0.91698
512 T	0.06069	0.02157	0.91775
513 A	0.06068	0.02117	0.91815
514 G	0.06115	0.01990	0.91895
515 A	0.06158	0.02001	0.91842
516 A	0.06247	0.01965	0.91789
517 T	0.06346	0.02027	0.91628
518 T	0.06320	0.02440	0.9124
519 T	0.06158	0.02853	0.90989
520 T	0.05860	0.03858	0.90281
521 A	0.05770	0.04282	0.89948
522 T	0.05720	0.04440	0.89839
523 G	0.05634	0.04629	0.89738
524 G	0.05646	0.04634	0.8972
525 A	0.05714	0.04556	0.8973
526 A	0.05810	0.04437	0.89752
527 T	0.05904	0.04326	0.8977
528 G	0.05945	0.04279	0.89775
529 C	0.05991	0.04230	0.89779
530 C	0.06040	0.04180	0.89781
531 T	0.06073	0.04146	0.89781
532 T	0.06107	0.04111	0.89782
533 T	0.06144	0.04074	0.89782
534 C	0.06158	0.04059	0.89783
535 A	0.06181	0.04034	0.89784
536 G	0.06218	0.03976	0.89806
537 A	0.06268	0.03920	0.89812
538 A	0.06436	0.03745	0.89819
539 A	0.06804	0.03369	0.89827
540 A	0.07322	0.02785	0.89893
541 T	0.08142	0.01796	0.90062
542 A	0.08529	0.01184	0.90288
543 A	0.09309	0.00000	0.90691
