# lcl|CP097583.1_cds_USQ93416.1_1
# AA	inside	membr	outside
1 A	0.31849	0.00000	0.68151
2 T	0.31177	0.00672	0.68151
3 G	0.30590	0.01259	0.68151
4 A	0.30590	0.02631	0.66778
5 A	0.26887	0.06951	0.66161
6 A	0.26887	0.07051	0.66061
7 A	0.20456	0.13511	0.66032
8 C	0.20456	0.13512	0.66032
9 A	0.20286	0.13705	0.66009
10 A	0.20286	0.14649	0.65065
11 A	0.20266	0.14723	0.65011
12 T	0.20076	0.14934	0.6499
13 A	0.19082	0.16132	0.64786
14 A	0.19082	0.16132	0.64786
15 A	0.19082	0.18684	0.62234
16 A	0.19076	0.18690	0.62233
17 T	0.19069	0.18729	0.62201
18 T	0.19068	0.18859	0.62072
19 A	0.19038	0.19004	0.61958
20 T	0.18952	0.19974	0.61074
21 T	0.17710	0.21151	0.61139
22 G	0.17551	0.21616	0.60833
23 G	0.17510	0.21774	0.60716
24 A	0.17447	0.21987	0.60566
25 A	0.17536	0.21148	0.61315
26 T	0.17658	0.20152	0.62189
27 T	0.18729	0.18046	0.63225
28 G	0.19027	0.14874	0.66099
29 A	0.19088	0.14670	0.66242
30 C	0.19181	0.10086	0.70733
31 T	0.19164	0.10383	0.70453
32 T	0.19125	0.10665	0.7021
33 A	0.19103	0.11107	0.69789
34 G	0.19052	0.11229	0.69719
35 G	0.19059	0.11148	0.69793
36 A	0.19201	0.10213	0.70586
37 A	0.19283	0.10083	0.70634
38 C	0.21492	0.07832	0.70676
39 A	0.21569	0.07748	0.70683
40 A	0.21834	0.07453	0.70713
41 C	0.22144	0.07062	0.70794
42 T	0.22511	0.06673	0.70817
43 A	0.23271	0.05867	0.70861
44 A	0.23458	0.04629	0.71914
45 T	0.24008	0.03864	0.72128
46 T	0.24244	0.03517	0.72239
47 C	0.24389	0.03021	0.7259
48 T	0.24606	0.02747	0.72646
49 T	0.24658	0.02670	0.72672
50 G	0.24658	0.02650	0.72692
51 T	0.24876	0.02396	0.72728
52 G	0.24996	0.02250	0.72754
53 T	0.25189	0.01954	0.72858
54 T	0.25353	0.01697	0.7295
55 T	0.25518	0.01469	0.73013
56 C	0.25532	0.01175	0.73293
57 T	0.25419	0.01378	0.73203
58 G	0.24993	0.02428	0.72579
59 T	0.24900	0.03058	0.72042
60 T	0.24228	0.04642	0.71131
61 A	0.22578	0.07327	0.70095
62 T	0.21699	0.08601	0.697
63 G	0.18753	0.12252	0.68995
64 G	0.17226	0.14133	0.68641
65 A	0.16557	0.14858	0.68585
66 A	0.16076	0.15374	0.6855
67 G	0.15796	0.15668	0.68536
68 G	0.15660	0.15817	0.68523
69 C	0.15539	0.15950	0.6851
70 A	0.15401	0.16192	0.68407
71 A	0.15336	0.16278	0.68386
72 A	0.15302	0.16313	0.68386
73 G	0.15303	0.16281	0.68416
74 A	0.15310	0.16262	0.68428
75 A	0.15319	0.16120	0.68561
76 G	0.15359	0.15853	0.68788
77 C	0.15427	0.15619	0.68954
78 T	0.15546	0.15426	0.69028
79 A	0.15587	0.15301	0.69112
80 A	0.15756	0.14978	0.69266
81 G	0.16391	0.13880	0.69729
82 G	0.17002	0.13107	0.6989
83 T	0.18078	0.10869	0.71053
84 T	0.19102	0.08089	0.72809
85 A	0.19446	0.06948	0.73606
86 T	0.20001	0.04237	0.75762
87 T	0.20189	0.03544	0.76268
88 A	0.20192	0.04343	0.75465
89 T	0.20214	0.04807	0.74979
90 T	0.20218	0.06414	0.73369
91 A	0.20214	0.06653	0.73133
92 A	0.20214	0.06861	0.72925
93 T	0.20289	0.06873	0.72838
94 T	0.20281	0.07144	0.72575
95 C	0.20235	0.07643	0.72122
96 A	0.20161	0.08331	0.71507
97 G	0.20136	0.08891	0.70972
98 A	0.20106	0.09801	0.70093
99 A	0.19985	0.10368	0.69647
100 G	0.19934	0.10717	0.69349
101 G	0.19913	0.10884	0.69203
102 T	0.19841	0.11177	0.68982
103 G	0.19643	0.11550	0.68807
104 G	0.19488	0.11912	0.686
105 A	0.19435	0.12435	0.68131
106 A	0.19474	0.12464	0.68062
107 G	0.19582	0.12393	0.68025
108 A	0.19902	0.12098	0.68
109 A	0.20351	0.11638	0.68011
110 C	0.21187	0.10774	0.68039
111 T	0.22444	0.09499	0.68058
112 A	0.23210	0.08722	0.68069
113 C	0.24738	0.07171	0.68091
114 A	0.25101	0.06801	0.68098
115 C	0.25377	0.06510	0.68113
116 C	0.25637	0.06226	0.68137
117 T	0.26122	0.05732	0.68146
118 T	0.26363	0.05480	0.68157
119 C	0.26294	0.05509	0.68196
120 A	0.26349	0.05471	0.68179
121 A	0.26752	0.05072	0.68176
122 T	0.26922	0.04775	0.68303
123 T	0.26002	0.05655	0.68343
124 G	0.24465	0.07162	0.68374
125 T	0.23616	0.07885	0.68499
126 A	0.22701	0.08613	0.68687
127 G	0.22366	0.08768	0.68866
128 C	0.22255	0.08788	0.68958
129 A	0.21766	0.09265	0.68969
130 T	0.21510	0.09507	0.68983
131 T	0.20910	0.10101	0.68989
132 C	0.19837	0.11175	0.68988
133 A	0.18828	0.12210	0.68961
134 G	0.18528	0.12522	0.6895
135 A	0.18383	0.12712	0.68905
136 A	0.18296	0.12918	0.68786
137 A	0.18248	0.13014	0.68737
138 T	0.18219	0.12886	0.68896
139 G	0.17842	0.13087	0.69071
140 A	0.17600	0.13184	0.69217
141 T	0.17519	0.12954	0.69527
142 G	0.17461	0.12642	0.69897
143 A	0.17459	0.12378	0.70163
144 A	0.17481	0.11954	0.70566
145 A	0.17504	0.11407	0.7109
146 T	0.17531	0.09897	0.72572
147 T	0.17458	0.08382	0.7416
148 T	0.17376	0.07625	0.74999
149 T	0.17246	0.07351	0.75402
150 A	0.17036	0.07778	0.75186
151 G	0.16900	0.07884	0.75217
152 T	0.16830	0.07298	0.75873
153 A	0.16620	0.07277	0.76104
154 G	0.16510	0.06872	0.76618
155 G	0.16353	0.06534	0.77113
156 C	0.16293	0.06062	0.77645
157 G	0.16276	0.06216	0.77507
158 A	0.16314	0.06660	0.77025
159 A	0.16450	0.06902	0.76648
160 G	0.16552	0.06826	0.76623
161 T	0.16596	0.06819	0.76585
162 T	0.16621	0.06507	0.76872
163 G	0.16621	0.06574	0.76805
164 C	0.16625	0.06753	0.76622
165 T	0.16655	0.08503	0.74841
166 A	0.16612	0.11126	0.72262
167 A	0.16591	0.12825	0.70583
168 A	0.16563	0.13124	0.70313
169 A	0.16547	0.13432	0.70021
170 G	0.16496	0.13414	0.7009
171 A	0.15451	0.14525	0.70024
172 C	0.15612	0.14359	0.7003
173 A	0.15993	0.14469	0.69538
174 A	0.16442	0.14616	0.68942
175 A	0.16658	0.14673	0.68669
176 T	0.17002	0.14441	0.68557
177 G	0.16908	0.14698	0.68394
178 T	0.17225	0.14255	0.68521
179 T	0.17211	0.14321	0.68468
180 A	0.16886	0.14711	0.68403
181 A	0.16985	0.14666	0.68349
182 C	0.17226	0.14441	0.68333
183 T	0.17294	0.14386	0.68321
184 A	0.17301	0.14379	0.6832
185 A	0.17508	0.14165	0.68327
186 T	0.17923	0.13730	0.68347
187 C	0.17990	0.13653	0.68357
188 C	0.19290	0.12335	0.68374
189 A	0.21290	0.10336	0.68373
190 A	0.22587	0.09031	0.68383
191 A	0.22827	0.08772	0.68401
192 T	0.23190	0.08388	0.68422
193 A	0.23294	0.08165	0.68541
194 C	0.23540	0.06491	0.69969
195 T	0.23818	0.06071	0.70111
196 A	0.24396	0.05424	0.7018
197 T	0.25125	0.04633	0.70243
198 A	0.25290	0.04433	0.70277
199 T	0.25530	0.04077	0.70394
200 T	0.25545	0.03597	0.70858
201 G	0.25293	0.03673	0.71034
202 T	0.25237	0.03525	0.71238
203 C	0.24989	0.03477	0.71534
204 T	0.24646	0.03859	0.71494
205 A	0.23436	0.05360	0.71204
206 T	0.22369	0.06768	0.70863
207 T	0.20345	0.09315	0.70341
208 A	0.13948	0.17620	0.68433
209 A	0.09673	0.22466	0.67861
210 A	0.08010	0.23948	0.68042
211 A	0.07305	0.24376	0.6832
212 G	0.06953	0.24410	0.68637
213 A	0.06735	0.24450	0.68815
214 C	0.06677	0.24396	0.68927
215 A	0.06617	0.24488	0.68896
216 T	0.06588	0.24526	0.68887
217 A	0.06527	0.24634	0.68839
218 T	0.06498	0.24660	0.68842
219 G	0.06150	0.25093	0.68757
220 G	0.05803	0.25531	0.68666
221 G	0.05586	0.25734	0.6868
222 A	0.05419	0.26061	0.68521
223 G	0.05269	0.26176	0.68555
224 A	0.05186	0.26179	0.68636
225 A	0.05123	0.26151	0.68726
226 A	0.05123	0.25815	0.69063
227 A	0.05281	0.25068	0.69651
228 A	0.05675	0.23049	0.71276
229 G	0.06105	0.20990	0.72904
230 A	0.06671	0.18347	0.74982
231 T	0.08482	0.10878	0.8064
232 T	0.08996	0.06842	0.84162
233 T	0.09010	0.05607	0.85384
234 T	0.08862	0.05646	0.85492
235 A	0.08531	0.07044	0.84425
236 C	0.08362	0.07592	0.84046
237 A	0.08124	0.08729	0.83147
238 G	0.08087	0.09483	0.82431
239 T	0.08156	0.10102	0.81741
240 T	0.08106	0.12347	0.79547
241 A	0.08026	0.14112	0.77863
242 A	0.08086	0.14752	0.77162
243 T	0.08302	0.14824	0.76874
244 A	0.08391	0.15366	0.76242
245 T	0.08591	0.15822	0.75587
246 T	0.08642	0.16185	0.75173
247 A	0.08598	0.16775	0.74627
248 A	0.08577	0.17137	0.74286
249 A	0.08472	0.17558	0.73969
250 G	0.08290	0.18370	0.7334
251 A	0.07312	0.20261	0.72427
252 T	0.06824	0.21488	0.71688
253 A	0.05933	0.22866	0.71201
254 A	0.05034	0.24103	0.70863
255 A	0.04358	0.25118	0.70523
256 A	0.04169	0.25844	0.69988
257 A	0.04594	0.25822	0.69584
258 A	0.06299	0.24490	0.69211
259 T	0.07395	0.23309	0.69296
260 A	0.08343	0.22368	0.6929
261 T	0.09274	0.21382	0.69343
262 A	0.09529	0.21075	0.69397
263 C	0.10967	0.19479	0.69554
264 A	0.11000	0.19375	0.69625
265 C	0.11424	0.18876	0.697
266 C	0.11559	0.18738	0.69704
267 T	0.11748	0.18579	0.69673
268 C	0.11033	0.19317	0.6965
269 A	0.08954	0.21458	0.69588
270 A	0.07939	0.22502	0.69558
271 G	0.07601	0.22836	0.69564
272 A	0.07478	0.22962	0.69559
273 A	0.07645	0.22740	0.69615
274 A	0.08213	0.21140	0.70647
275 T	0.08895	0.19620	0.71485
276 A	0.08894	0.18656	0.7245
277 A	0.08943	0.17574	0.73483
278 G	0.09121	0.16552	0.74327
279 C	0.09585	0.15613	0.74802
280 G	0.10048	0.15025	0.74927
281 C	0.10597	0.14378	0.75025
282 A	0.10534	0.14474	0.74992
283 A	0.10650	0.14410	0.7494
284 T	0.10659	0.14409	0.74932
285 G	0.10569	0.14178	0.75253
286 A	0.10533	0.14064	0.75403
287 T	0.10532	0.12524	0.76944
288 T	0.10519	0.11929	0.77551
289 T	0.10446	0.11541	0.78013
290 T	0.10033	0.11766	0.782
291 A	0.09191	0.12682	0.78127
292 A	0.08264	0.12894	0.78842
293 G	0.07699	0.13237	0.79064
294 A	0.06902	0.14689	0.7841
295 A	0.06500	0.16929	0.76571
296 A	0.06307	0.17879	0.75813
297 T	0.06228	0.17964	0.75808
298 T	0.05776	0.18917	0.75307
299 T	0.05100	0.19773	0.75127
300 A	0.04112	0.21013	0.74876
301 A	0.03507	0.21756	0.74737
302 A	0.03108	0.22117	0.74775
303 A	0.02915	0.22138	0.74948
304 A	0.02813	0.22036	0.7515
305 A	0.02767	0.21786	0.75448
306 A	0.02796	0.21570	0.75635
307 C	0.02851	0.21320	0.75829
308 A	0.02938	0.21131	0.75931
309 A	0.03124	0.20815	0.76061
310 G	0.03338	0.20350	0.76311
311 C	0.03859	0.19677	0.76463
312 T	0.04492	0.19012	0.76496
313 G	0.04997	0.18131	0.76873
314 A	0.05955	0.16613	0.77432
315 A	0.07007	0.14816	0.78177
316 G	0.07975	0.13421	0.78605
317 A	0.09241	0.11276	0.79482
318 T	0.12270	0.07595	0.80136
319 T	0.13416	0.06160	0.80424
320 A	0.13680	0.05790	0.8053
321 T	0.14131	0.04976	0.80893
322 T	0.14183	0.04779	0.81038
323 T	0.13777	0.05092	0.81132
324 A	0.11928	0.07689	0.80384
325 G	0.11196	0.08201	0.80602
326 G	0.10787	0.08576	0.80637
327 A	0.09620	0.09865	0.80515
328 G	0.08922	0.10556	0.80523
329 C	0.08312	0.11173	0.80516
330 A	0.07413	0.12286	0.803
331 G	0.07291	0.12666	0.80043
332 A	0.07249	0.12926	0.79825
333 A	0.07232	0.13196	0.79572
334 G	0.07244	0.13199	0.79558
335 T	0.07283	0.13160	0.79556
336 A	0.07287	0.13181	0.79531
337 A	0.07317	0.13186	0.79497
338 C	0.07361	0.13106	0.79533
339 A	0.07412	0.13126	0.79462
340 A	0.07509	0.13018	0.79472
341 A	0.07714	0.12784	0.79501
342 T	0.08153	0.12241	0.79606
343 G	0.08423	0.11837	0.79741
344 C	0.08748	0.10925	0.80327
345 A	0.09186	0.10301	0.80513
346 A	0.09765	0.09225	0.81011
347 T	0.10847	0.06682	0.82471
348 T	0.11029	0.05862	0.83109
349 A	0.11120	0.05472	0.83407
350 T	0.11340	0.03899	0.84761
351 T	0.11403	0.03097	0.855
352 A	0.11362	0.02565	0.86074
353 C	0.11464	0.01708	0.86827
354 T	0.11673	0.01427	0.869
355 G	0.11807	0.01257	0.86936
356 T	0.12050	0.00989	0.86961
357 A	0.12072	0.00961	0.86968
358 C	0.12117	0.00904	0.86979
359 C	0.12195	0.00805	0.87
360 T	0.12283	0.00721	0.86996
361 G	0.12296	0.00738	0.86966
362 C	0.12337	0.00706	0.86957
363 T	0.12353	0.00703	0.86944
364 T	0.12355	0.00751	0.86894
365 A	0.12319	0.00840	0.8684
366 C	0.12298	0.00894	0.86809
367 T	0.12297	0.01046	0.86656
368 T	0.12282	0.01102	0.86616
369 T	0.12219	0.01294	0.86487
370 A	0.12146	0.01515	0.86339
371 A	0.12124	0.01580	0.86295
372 T	0.12028	0.01678	0.86294
373 G	0.11719	0.01977	0.86304
374 A	0.11534	0.02150	0.86316
375 T	0.11252	0.02352	0.86396
376 G	0.10358	0.03206	0.86437
377 C	0.09860	0.03687	0.86453
378 T	0.09467	0.04122	0.86411
379 C	0.09035	0.04610	0.86355
380 A	0.08711	0.05016	0.86273
381 A	0.08557	0.05181	0.86262
382 A	0.08477	0.05271	0.86252
383 G	0.08431	0.05321	0.86249
384 A	0.08219	0.05542	0.8624
385 C	0.08017	0.05699	0.86284
386 A	0.07836	0.05893	0.8627
387 A	0.07584	0.06145	0.8627
388 G	0.07475	0.06214	0.86311
389 C	0.07468	0.06187	0.86345
390 T	0.07556	0.06095	0.8635
391 A	0.07515	0.06101	0.86384
392 C	0.07574	0.05974	0.86452
393 T	0.07636	0.05881	0.86483
394 A	0.07554	0.05969	0.86477
395 A	0.07532	0.05888	0.8658
396 A	0.07445	0.05700	0.86856
397 G	0.07428	0.05514	0.87058
398 A	0.07409	0.05060	0.87531
399 T	0.07412	0.03955	0.88632
400 G	0.07346	0.03426	0.89228
401 C	0.07305	0.03063	0.89633
402 T	0.07284	0.02919	0.89797
403 G	0.07185	0.02910	0.89905
404 G	0.07058	0.03044	0.89899
405 A	0.06965	0.03240	0.89796
406 A	0.06920	0.03376	0.89704
407 A	0.06892	0.03286	0.89822
408 A	0.06849	0.03339	0.89812
409 A	0.06845	0.03132	0.90024
410 T	0.06853	0.02787	0.9036
411 T	0.06800	0.02657	0.90543
412 G	0.06691	0.02680	0.9063
413 C	0.06657	0.02657	0.90686
414 T	0.06633	0.02736	0.90631
415 G	0.06587	0.02811	0.90602
416 G	0.06570	0.02843	0.90587
417 T	0.06570	0.02843	0.90587
418 T	0.06526	0.02967	0.90507
419 T	0.06432	0.03030	0.90538
420 A	0.06277	0.03231	0.90492
421 G	0.06189	0.03399	0.90412
422 A	0.06118	0.03589	0.90293
423 A	0.06100	0.03605	0.90295
424 G	0.06102	0.03631	0.90267
425 T	0.06151	0.03650	0.90199
426 A	0.06176	0.03753	0.90071
427 A	0.06230	0.03751	0.90019
428 A	0.06336	0.03756	0.89907
429 A	0.06425	0.03861	0.89714
430 A	0.06561	0.03837	0.89602
431 G	0.06807	0.03586	0.89607
432 A	0.06872	0.03593	0.89536
433 A	0.06948	0.03582	0.89471
434 T	0.07063	0.03430	0.89506
435 T	0.07136	0.03327	0.89536
436 A	0.07177	0.03407	0.89416
437 T	0.07267	0.03355	0.89377
438 T	0.07266	0.03370	0.89363
439 A	0.07183	0.03480	0.89337
440 A	0.07138	0.03526	0.89336
441 T	0.07042	0.03562	0.89397
442 G	0.06910	0.03602	0.89488
443 A	0.06836	0.03569	0.89595
444 A	0.06875	0.03455	0.8967
445 C	0.06983	0.03271	0.89747
446 C	0.07055	0.03184	0.89761
447 A	0.07139	0.03102	0.8976
448 A	0.07248	0.02989	0.89763
449 C	0.07433	0.02795	0.89771
450 A	0.07560	0.02668	0.89773
451 G	0.07736	0.02479	0.89784
452 C	0.08023	0.02156	0.89821
453 T	0.08213	0.01961	0.89827
454 G	0.08243	0.01927	0.8983
455 C	0.08336	0.01823	0.89841
456 T	0.08434	0.01722	0.89844
457 G	0.08454	0.01700	0.89846
458 C	0.08532	0.01606	0.89862
459 T	0.08715	0.01415	0.8987
460 T	0.08785	0.01338	0.89877
461 T	0.08809	0.01253	0.89937
462 A	0.08808	0.01147	0.90045
463 G	0.08813	0.01057	0.9013
464 C	0.08796	0.00796	0.90408
465 T	0.08781	0.00669	0.9055
466 T	0.08741	0.00588	0.90671
467 A	0.08708	0.00560	0.90732
468 C	0.08675	0.00552	0.90773
469 G	0.08646	0.00583	0.90772
470 G	0.08631	0.00567	0.90802
471 T	0.08620	0.00591	0.90789
472 A	0.08548	0.00731	0.90722
473 T	0.08509	0.00874	0.90617
474 T	0.08468	0.01042	0.90491
475 G	0.08341	0.01481	0.90178
476 A	0.08231	0.01964	0.89806
477 T	0.08164	0.02091	0.89745
478 A	0.07954	0.02519	0.89527
479 A	0.07436	0.03148	0.89416
480 G	0.06784	0.03895	0.8932
481 C	0.06300	0.04444	0.89255
482 A	0.06154	0.04772	0.89074
483 A	0.06049	0.04970	0.88981
484 A	0.06001	0.05054	0.88945
485 G	0.05979	0.05063	0.88958
486 T	0.05965	0.05075	0.88961
487 G	0.05880	0.05134	0.88986
488 A	0.05832	0.05167	0.89001
489 C	0.05801	0.05158	0.89042
490 A	0.05776	0.05177	0.89047
491 A	0.05755	0.05183	0.89062
492 A	0.05758	0.05160	0.89083
493 G	0.05771	0.05128	0.89101
494 A	0.05814	0.05073	0.89112
495 A	0.05904	0.04886	0.89209
496 C	0.06052	0.04659	0.89288
497 A	0.06220	0.04455	0.89325
498 A	0.06531	0.04050	0.89419
499 A	0.06851	0.03636	0.89513
500 A	0.06969	0.03440	0.89591
501 T	0.07241	0.02980	0.89779
502 A	0.07394	0.02236	0.9037
503 T	0.07563	0.01331	0.91106
504 C	0.07652	0.00772	0.91576
505 T	0.07786	0.00558	0.91656
506 T	0.07832	0.00487	0.91681
507 A	0.07839	0.00524	0.91637
508 G	0.07847	0.00533	0.9162
509 T	0.07870	0.00519	0.91611
510 T	0.07883	0.00433	0.91685
511 T	0.07887	0.00410	0.91703
512 T	0.07886	0.00384	0.9173
513 T	0.07881	0.00380	0.91738
514 G	0.07870	0.00393	0.91737
515 A	0.07866	0.00433	0.91701
516 C	0.07864	0.00524	0.91612
517 T	0.07857	0.00712	0.91431
518 T	0.07846	0.00743	0.91411
519 A	0.07827	0.00771	0.91402
520 G	0.07812	0.00791	0.91398
521 G	0.07803	0.00804	0.91392
522 C	0.07798	0.00817	0.91385
523 G	0.07794	0.00835	0.91371
524 G	0.07793	0.00845	0.91362
525 A	0.07792	0.00853	0.91355
526 G	0.07794	0.00851	0.91355
527 G	0.07800	0.00845	0.91354
528 A	0.07821	0.00823	0.91356
529 A	0.07856	0.00784	0.9136
530 C	0.07927	0.00693	0.91379
531 T	0.07981	0.00636	0.91383
532 T	0.08004	0.00611	0.91385
533 T	0.08015	0.00597	0.91388
534 C	0.08022	0.00585	0.91393
535 G	0.08026	0.00579	0.91394
536 A	0.08038	0.00560	0.91402
537 C	0.08069	0.00517	0.91414
538 G	0.08123	0.00460	0.91416
539 T	0.08245	0.00338	0.91417
540 T	0.08399	0.00176	0.91426
541 T	0.08411	0.00160	0.91429
542 C	0.08409	0.00153	0.91438
543 T	0.08410	0.00161	0.91429
544 A	0.08405	0.00210	0.91385
545 T	0.08410	0.00226	0.91364
546 T	0.08405	0.00255	0.9134
547 T	0.08384	0.00301	0.91315
548 T	0.08363	0.00356	0.91281
549 A	0.08326	0.00418	0.91255
550 A	0.08316	0.00445	0.91239
551 A	0.08313	0.00456	0.91231
552 T	0.08313	0.00464	0.91223
553 T	0.08310	0.00467	0.91223
554 T	0.08306	0.00471	0.91223
555 A	0.08285	0.00493	0.91222
556 G	0.08273	0.00502	0.91225
557 C	0.08262	0.00509	0.9123
558 A	0.08252	0.00519	0.91229
559 G	0.08249	0.00521	0.9123
560 A	0.08247	0.00524	0.91229
561 A	0.08247	0.00525	0.91228
562 G	0.08251	0.00521	0.91227
563 G	0.08259	0.00509	0.91231
564 T	0.08277	0.00486	0.91237
565 A	0.08284	0.00472	0.91244
566 A	0.08311	0.00435	0.91254
567 T	0.08376	0.00349	0.91276
568 T	0.08410	0.00295	0.91295
569 T	0.08436	0.00240	0.91324
570 C	0.08450	0.00196	0.91354
571 T	0.08469	0.00166	0.91365
572 C	0.08468	0.00156	0.91377
573 T	0.08464	0.00164	0.91372
574 G	0.08421	0.00216	0.91363
575 T	0.08402	0.00241	0.91357
576 T	0.08380	0.00268	0.91352
577 T	0.08337	0.00309	0.91354
578 T	0.08281	0.00344	0.91375
579 A	0.08199	0.00416	0.91385
580 T	0.08167	0.00435	0.91397
581 C	0.07964	0.00630	0.91407
582 A	0.07855	0.00737	0.91409
583 A	0.07812	0.00778	0.9141
584 C	0.07797	0.00791	0.91412
585 T	0.07780	0.00808	0.91412
586 T	0.07749	0.00839	0.91412
587 C	0.07677	0.00912	0.91412
588 T	0.07630	0.00961	0.91409
589 G	0.07550	0.01049	0.91401
590 G	0.07514	0.01090	0.91397
591 A	0.07496	0.01114	0.9139
592 G	0.07481	0.01141	0.91378
593 A	0.07476	0.01145	0.91379
594 T	0.07480	0.01129	0.91391
595 A	0.07480	0.01112	0.91408
596 A	0.07485	0.01081	0.91433
597 T	0.07495	0.01000	0.91504
598 C	0.07499	0.00941	0.9156
599 T	0.07504	0.00901	0.91595
600 T	0.07503	0.00862	0.91635
601 T	0.07496	0.00844	0.9166
602 T	0.07485	0.00820	0.91695
603 A	0.07436	0.00863	0.917
604 G	0.07383	0.00721	0.91896
605 G	0.07335	0.00682	0.91982
606 T	0.07282	0.00755	0.91963
607 G	0.07173	0.00917	0.9191
608 G	0.07149	0.01015	0.91836
609 A	0.07127	0.01164	0.9171
610 G	0.07116	0.01190	0.91694
611 A	0.07116	0.01222	0.91663
612 T	0.07124	0.01244	0.91632
613 G	0.07122	0.01457	0.91421
614 A	0.07125	0.01711	0.91165
615 T	0.07132	0.01793	0.91075
616 T	0.07128	0.01914	0.90958
617 T	0.07118	0.01992	0.9089
618 T	0.07092	0.02111	0.90796
619 G	0.07039	0.02226	0.90734
620 A	0.07013	0.02302	0.90685
621 T	0.07001	0.02349	0.9065
622 A	0.06984	0.02385	0.90632
623 A	0.06977	0.02407	0.90616
624 T	0.06976	0.02414	0.90609
625 A	0.06962	0.02440	0.90598
626 A	0.06929	0.02436	0.90634
627 A	0.06937	0.02384	0.9068
628 A	0.06977	0.02296	0.90727
629 T	0.07074	0.02141	0.90786
630 C	0.07133	0.01989	0.90877
631 A	0.07207	0.01912	0.90881
632 T	0.07344	0.01765	0.90891
633 T	0.07403	0.01708	0.90889
634 G	0.07412	0.01708	0.9088
635 A	0.07499	0.01636	0.90865
636 A	0.07757	0.01383	0.9086
637 T	0.08052	0.01091	0.90857
638 T	0.08129	0.01032	0.90839
639 T	0.08184	0.00973	0.90843
640 T	0.08058	0.01113	0.90828
641 T	0.07526	0.01679	0.90796
642 A	0.07005	0.02237	0.90758
643 C	0.06590	0.02699	0.90711
644 T	0.06229	0.03196	0.90575
645 A	0.05257	0.04248	0.90494
646 A	0.04652	0.04900	0.90448
647 A	0.03094	0.06485	0.90421
648 A	0.02319	0.07278	0.90404
649 G	0.01969	0.07596	0.90434
650 A	0.01720	0.07850	0.9043
651 A	0.01600	0.07991	0.90409
652 A	0.01533	0.08089	0.90379
653 T	0.01507	0.08104	0.90389
654 T	0.01432	0.08179	0.90388
655 A	0.01290	0.08329	0.90381
656 A	0.01139	0.08477	0.90385
657 A	0.01012	0.08581	0.90407
658 A	0.00967	0.08609	0.90424
659 A	0.00945	0.08605	0.90449
660 A	0.00937	0.08563	0.905
661 G	0.00947	0.08440	0.90613
662 A	0.00958	0.08295	0.90747
663 A	0.01008	0.07932	0.91059
664 C	0.01095	0.07054	0.91851
665 A	0.01188	0.06547	0.92266
666 T	0.01294	0.06050	0.92656
667 T	0.01391	0.05632	0.92976
668 T	0.01413	0.04912	0.93675
669 A	0.01365	0.04616	0.9402
670 G	0.01359	0.03104	0.95537
671 T	0.01373	0.02431	0.96196
672 A	0.01364	0.02211	0.96425
673 G	0.01381	0.02018	0.96601
674 A	0.01416	0.01993	0.9659
675 T	0.01450	0.01989	0.9656
676 T	0.01430	0.02066	0.96504
677 T	0.01397	0.02229	0.96373
678 A	0.01347	0.02574	0.96079
679 A	0.01313	0.02998	0.95689
680 G	0.01294	0.03263	0.95442
681 T	0.01279	0.03673	0.95048
682 A	0.01248	0.04833	0.93919
683 A	0.01153	0.05823	0.93024
684 A	0.01105	0.06627	0.92267
685 G	0.01072	0.06866	0.92062
686 A	0.01032	0.07088	0.9188
687 T	0.01012	0.07211	0.91777
688 A	0.00974	0.07264	0.91762
689 A	0.00964	0.07305	0.91731
690 A	0.00976	0.07298	0.91726
691 G	0.01044	0.07209	0.91748
692 C	0.01159	0.07049	0.91792
693 T	0.01288	0.06973	0.9174
694 G	0.01346	0.06999	0.91655
695 T	0.01450	0.06939	0.91611
696 A	0.01541	0.06854	0.91605
697 A	0.01692	0.06704	0.91604
698 T	0.01870	0.06481	0.91648
699 G	0.01983	0.06314	0.91703
700 C	0.02192	0.06058	0.9175
701 A	0.02513	0.05778	0.91709
702 A	0.02877	0.05448	0.91676
703 A	0.03115	0.05265	0.9162
704 G	0.03516	0.04864	0.9162
705 A	0.04609	0.03780	0.91611
706 T	0.05620	0.02681	0.91699
707 T	0.06165	0.02110	0.91724
708 A	0.06053	0.02230	0.91716
709 A	0.05939	0.02364	0.91697
710 A	0.05806	0.02479	0.91715
711 A	0.04950	0.03296	0.91754
712 A	0.04248	0.03970	0.91781
713 G	0.03816	0.04370	0.91814
714 C	0.03622	0.04548	0.9183
715 G	0.03373	0.04798	0.91829
716 C	0.03072	0.05100	0.91828
717 T	0.02815	0.05364	0.91821
718 G	0.02314	0.05872	0.91814
719 C	0.02022	0.06173	0.91805
720 A	0.01764	0.06498	0.91738
721 G	0.01579	0.06717	0.91704
722 A	0.01495	0.06816	0.9169
723 A	0.01434	0.06896	0.9167
724 A	0.01428	0.06873	0.917
725 A	0.01455	0.06699	0.91846
726 T	0.01521	0.06446	0.92034
727 G	0.01522	0.06264	0.92214
728 C	0.01539	0.06120	0.92341
729 T	0.01548	0.06121	0.9233
730 A	0.01536	0.06147	0.92317
731 A	0.01552	0.06066	0.92383
732 A	0.01565	0.05929	0.92506
733 A	0.01570	0.05796	0.92634
734 A	0.01574	0.04901	0.93524
735 A	0.01579	0.04120	0.94301
736 G	0.01586	0.03558	0.94857
737 A	0.01596	0.03299	0.95105
738 A	0.01616	0.02967	0.95418
739 T	0.01637	0.02577	0.95785
740 T	0.01654	0.02374	0.95972
741 A	0.01660	0.02209	0.9613
742 A	0.01671	0.02080	0.96249
743 G	0.01724	0.01961	0.96315
744 T	0.01753	0.01978	0.96269
745 A	0.01780	0.01921	0.96299
746 A	0.01813	0.01833	0.96354
747 T	0.01827	0.01752	0.96422
748 G	0.01832	0.01716	0.96452
749 C	0.01842	0.01699	0.96459
750 T	0.01864	0.01732	0.96404
751 A	0.01876	0.01734	0.9639
752 T	0.01916	0.01713	0.96371
753 G	0.01954	0.01686	0.9636
754 T	0.01989	0.01646	0.96366
755 C	0.02001	0.01606	0.96393
756 T	0.02013	0.01589	0.96397
757 G	0.02021	0.01579	0.964
758 C	0.02041	0.01558	0.964
759 T	0.02084	0.01517	0.96398
760 C	0.02157	0.01449	0.96393
761 A	0.02244	0.01380	0.96377
762 A	0.02365	0.01278	0.96357
763 A	0.02534	0.01110	0.96356
764 T	0.02795	0.00846	0.96359
765 T	0.02940	0.00700	0.9636
766 T	0.03115	0.00520	0.96365
767 C	0.03284	0.00348	0.96368
768 T	0.03344	0.00286	0.96369
769 T	0.03362	0.00268	0.9637
770 T	0.03367	0.00262	0.9637
771 A	0.03369	0.00260	0.9637
772 C	0.03374	0.00256	0.96371
773 C	0.03395	0.00236	0.96369
774 A	0.03408	0.00228	0.96363
775 T	0.03439	0.00203	0.96358
776 T	0.03444	0.00206	0.9635
777 T	0.03422	0.00241	0.96337
778 T	0.03374	0.00295	0.96331
779 T	0.03020	0.00658	0.96323
780 A	0.02814	0.00876	0.96311
781 A	0.02701	0.01001	0.96298
782 C	0.02539	0.01173	0.96288
783 A	0.02391	0.01418	0.96191
784 A	0.02324	0.01629	0.96048
785 T	0.02174	0.01804	0.96022
786 G	0.01851	0.02133	0.96015
787 A	0.01656	0.02339	0.96005
788 T	0.01554	0.02441	0.96005
789 C	0.01401	0.02594	0.96005
790 C	0.01332	0.02670	0.95998
791 A	0.01270	0.02750	0.95981
792 A	0.01243	0.02778	0.95979
793 A	0.01229	0.02792	0.95979
794 G	0.01222	0.02796	0.95982
795 A	0.01210	0.02802	0.95988
796 C	0.01206	0.02767	0.96027
797 A	0.01208	0.02761	0.96032
798 A	0.01210	0.02747	0.96044
799 G	0.01216	0.02719	0.96065
800 A	0.01224	0.02688	0.96087
801 A	0.01231	0.02639	0.9613
802 C	0.01246	0.02203	0.96551
803 A	0.01265	0.02045	0.9669
804 A	0.01287	0.01931	0.96782
805 G	0.01305	0.01787	0.96909
806 G	0.01394	0.01598	0.97009
807 A	0.01522	0.01433	0.97045
808 A	0.01553	0.01199	0.97248
809 A	0.01569	0.00824	0.97607
810 T	0.01588	0.00564	0.97847
811 T	0.01596	0.00415	0.97989
812 C	0.01598	0.00257	0.98145
813 T	0.01603	0.00221	0.98177
814 G	0.01609	0.00204	0.98188
815 T	0.01609	0.00198	0.98193
816 T	0.01609	0.00199	0.98193
817 G	0.01583	0.00236	0.98181
818 G	0.01560	0.00259	0.98181
819 C	0.01542	0.00288	0.98169
820 G	0.01535	0.00305	0.98161
821 A	0.01533	0.00314	0.98154
822 A	0.01535	0.00313	0.98152
823 T	0.01548	0.00301	0.98151
824 C	0.01552	0.00299	0.98149
825 T	0.01561	0.00291	0.98149
826 A	0.01566	0.00285	0.98149
827 T	0.01576	0.00276	0.98149
828 T	0.01581	0.00275	0.98144
829 C	0.01587	0.00277	0.98136
830 A	0.01593	0.00277	0.9813
831 T	0.01591	0.00285	0.98125
832 T	0.01587	0.00297	0.98117
833 T	0.01578	0.00311	0.98111
834 C	0.01560	0.00337	0.98104
835 G	0.01539	0.00395	0.98066
836 A	0.01536	0.00459	0.98006
837 A	0.01530	0.00495	0.97975
838 T	0.01529	0.00510	0.97962
839 A	0.01523	0.00527	0.97951
840 T	0.01533	0.00503	0.97964
841 A	0.01526	0.00511	0.97963
842 A	0.01533	0.00494	0.97973
843 T	0.01540	0.00489	0.97971
844 T	0.01538	0.00493	0.9797
845 T	0.01517	0.00522	0.97961
846 A	0.01465	0.00581	0.97954
847 A	0.01433	0.00616	0.97952
848 C	0.01396	0.00653	0.97951
849 A	0.01356	0.00712	0.97932
850 A	0.01347	0.00722	0.97931
851 G	0.01350	0.00718	0.97932
852 A	0.01357	0.00710	0.97933
853 G	0.01364	0.00700	0.97936
854 C	0.01376	0.00677	0.97947
855 T	0.01394	0.00667	0.97939
856 A	0.01400	0.00688	0.97912
857 A	0.01408	0.00684	0.97908
858 A	0.01440	0.00640	0.9792
859 T	0.01499	0.00575	0.97926
860 T	0.01526	0.00523	0.97952
861 T	0.01532	0.00506	0.97962
862 A	0.01520	0.00510	0.97971
863 A	0.01516	0.00509	0.97975
864 T	0.01526	0.00485	0.9799
865 G	0.01518	0.00495	0.97987
866 A	0.01521	0.00491	0.97988
867 A	0.01528	0.00480	0.97992
868 T	0.01539	0.00443	0.98018
869 T	0.01544	0.00393	0.98063
870 A	0.01545	0.00365	0.9809
871 A	0.01547	0.00331	0.98122
872 C	0.01562	0.00277	0.9816
873 T	0.01565	0.00269	0.98166
874 C	0.01565	0.00267	0.98168
875 A	0.01566	0.00267	0.98167
876 A	0.01569	0.00265	0.98166
877 G	0.01574	0.00260	0.98166
878 A	0.01589	0.00245	0.98167
879 T	0.01628	0.00202	0.98169
880 T	0.01646	0.00179	0.98175
881 T	0.01651	0.00168	0.9818
882 A	0.01654	0.00161	0.98184
883 G	0.01659	0.00148	0.98193
884 T	0.01666	0.00131	0.98203
885 T	0.01671	0.00108	0.98221
886 G	0.01674	0.00095	0.98232
887 A	0.01680	0.00083	0.98237
888 T	0.01692	0.00058	0.98249
889 C	0.01697	0.00045	0.98258
890 G	0.01704	0.00037	0.98259
891 T	0.01707	0.00035	0.98258
892 T	0.01709	0.00035	0.98256
893 G	0.01709	0.00036	0.98255
894 T	0.01710	0.00036	0.98254
895 T	0.01710	0.00035	0.98254
896 T	0.01710	0.00035	0.98255
897 A	0.01708	0.00037	0.98255
898 G	0.01707	0.00037	0.98256
899 T	0.01707	0.00036	0.98257
900 T	0.01706	0.00038	0.98256
901 C	0.01701	0.00043	0.98256
902 C	0.01699	0.00047	0.98254
903 T	0.01699	0.00059	0.98243
904 T	0.01697	0.00076	0.98228
905 T	0.01694	0.00087	0.98219
906 A	0.01692	0.00092	0.98217
907 A	0.01689	0.00097	0.98214
908 A	0.01688	0.00098	0.98214
909 A	0.01682	0.00103	0.98215
910 C	0.01680	0.00103	0.98217
911 G	0.01680	0.00103	0.98217
912 T	0.01681	0.00102	0.98217
913 G	0.01682	0.00102	0.98217
914 C	0.01684	0.00100	0.98217
915 T	0.01686	0.00099	0.98216
916 T	0.01687	0.00099	0.98213
917 T	0.01687	0.00102	0.98211
918 G	0.01686	0.00109	0.98205
919 A	0.01685	0.00124	0.98191
920 A	0.01683	0.00126	0.98191
921 A	0.01677	0.00134	0.9819
922 G	0.01669	0.00139	0.98192
923 A	0.01664	0.00142	0.98194
924 C	0.01657	0.00142	0.98201
925 G	0.01653	0.00147	0.982
926 C	0.01661	0.00140	0.98199
927 T	0.01673	0.00137	0.9819
928 G	0.01677	0.00148	0.98175
929 A	0.01677	0.00158	0.98165
930 T	0.01679	0.00164	0.98157
931 A	0.01677	0.00169	0.98154
932 T	0.01674	0.00170	0.98156
933 G	0.01667	0.00176	0.98157
934 A	0.01663	0.00178	0.98158
935 C	0.01656	0.00184	0.9816
936 T	0.01647	0.00193	0.9816
937 C	0.01630	0.00209	0.9816
938 C	0.01608	0.00232	0.9816
939 A	0.01584	0.00258	0.98157
940 G	0.01572	0.00271	0.98157
941 G	0.01564	0.00279	0.98157
942 A	0.01569	0.00276	0.98155
943 G	0.01571	0.00274	0.98155
944 A	0.01573	0.00268	0.98159
945 A	0.01575	0.00259	0.98167
946 A	0.01577	0.00249	0.98174
947 T	0.01582	0.00233	0.98184
948 T	0.01588	0.00220	0.98192
949 C	0.01591	0.00213	0.98195
950 A	0.01599	0.00206	0.98195
951 T	0.01611	0.00192	0.98197
952 C	0.01618	0.00185	0.98197
953 A	0.01625	0.00180	0.98195
954 A	0.01630	0.00176	0.98194
955 G	0.01634	0.00168	0.98198
956 T	0.01637	0.00159	0.98204
957 T	0.01639	0.00156	0.98205
958 T	0.01639	0.00146	0.98216
959 T	0.01639	0.00142	0.98219
960 A	0.01626	0.00168	0.98206
961 T	0.01620	0.00167	0.98214
962 T	0.01612	0.00165	0.98224
963 A	0.01598	0.00182	0.98221
964 G	0.01592	0.00186	0.98221
965 T	0.01591	0.00185	0.98224
966 A	0.01580	0.00199	0.98221
967 G	0.01578	0.00203	0.98219
968 G	0.01575	0.00208	0.98216
969 C	0.01571	0.00218	0.98211
970 G	0.01568	0.00223	0.98209
971 G	0.01567	0.00226	0.98207
972 T	0.01567	0.00228	0.98204
973 T	0.01566	0.00230	0.98204
974 C	0.01558	0.00240	0.98202
975 A	0.01550	0.00253	0.98196
976 A	0.01545	0.00267	0.98187
977 C	0.01523	0.00299	0.98178
978 T	0.01499	0.00338	0.98164
979 A	0.01449	0.00398	0.98153
980 G	0.01414	0.00442	0.98144
981 A	0.01399	0.00458	0.98142
982 A	0.01402	0.00454	0.98144
983 T	0.01432	0.00405	0.98163
984 T	0.01436	0.00389	0.98175
985 C	0.01420	0.00394	0.98185
986 C	0.01402	0.00403	0.98195
987 A	0.01384	0.00419	0.98197
988 G	0.01370	0.00433	0.98197
989 C	0.01363	0.00439	0.98199
990 T	0.01360	0.00444	0.98196
991 G	0.01328	0.00478	0.98194
992 T	0.01306	0.00504	0.98191
993 T	0.01269	0.00544	0.98187
994 C	0.01206	0.00611	0.98183
995 A	0.01142	0.00698	0.98161
996 A	0.01115	0.00740	0.98145
997 G	0.01103	0.00771	0.98126
998 A	0.01101	0.00797	0.98102
999 A	0.01105	0.00823	0.98072
1000 T	0.01115	0.00822	0.98063
1001 T	0.01115	0.00867	0.98018
1002 A	0.01079	0.00986	0.97935
1003 G	0.01044	0.01193	0.97763
1004 T	0.01025	0.01348	0.97627
1005 T	0.00970	0.01717	0.97313
1006 A	0.00911	0.02181	0.96908
1007 A	0.00879	0.02384	0.96737
1008 A	0.00852	0.02462	0.96686
1009 A	0.00837	0.02491	0.96672
1010 A	0.00828	0.02507	0.96664
1011 A	0.00815	0.02528	0.96657
1012 G	0.00811	0.02546	0.96643
1013 A	0.00811	0.02562	0.96627
1014 A	0.00814	0.02550	0.96636
1015 T	0.00828	0.02531	0.96642
1016 T	0.00831	0.02564	0.96605
1017 A	0.00823	0.02663	0.96515
1018 A	0.00827	0.02828	0.96345
1019 A	0.00835	0.02879	0.96286
1020 T	0.00856	0.02918	0.96225
1021 A	0.00870	0.02979	0.96152
1022 A	0.00909	0.02960	0.9613
1023 A	0.00956	0.02928	0.96116
1024 A	0.01047	0.02823	0.96129
1025 A	0.01211	0.02616	0.96172
1026 T	0.01545	0.02227	0.96229
1027 A	0.01714	0.02030	0.96256
1028 C	0.02030	0.01650	0.96321
1029 T	0.02357	0.01301	0.96342
1030 T	0.02481	0.01189	0.9633
1031 T	0.02500	0.01179	0.96321
1032 A	0.02450	0.01265	0.96285
1033 A	0.02399	0.01347	0.96254
1034 A	0.02319	0.01448	0.96233
1035 T	0.02302	0.01496	0.96202
1036 A	0.02234	0.01582	0.96185
1037 A	0.02201	0.01632	0.96168
1038 A	0.02199	0.01645	0.96156
1039 A	0.02258	0.01587	0.96156
1040 G	0.02376	0.01457	0.96167
1041 T	0.02626	0.01200	0.96174
1042 A	0.02694	0.01132	0.96175
1043 T	0.02768	0.01051	0.96181
1044 T	0.02817	0.00993	0.9619
1045 A	0.02825	0.00980	0.96194
1046 A	0.02835	0.00964	0.962
1047 C	0.02836	0.00957	0.96208
1048 C	0.02834	0.00957	0.96208
1049 C	0.02838	0.00956	0.96206
1050 T	0.02848	0.00957	0.96195
1051 G	0.02849	0.00967	0.96184
1052 A	0.02862	0.00962	0.96176
1053 T	0.02894	0.00932	0.96174
1054 G	0.02912	0.00908	0.96181
1055 A	0.02947	0.00807	0.96246
1056 A	0.02982	0.00692	0.96326
1057 G	0.03022	0.00531	0.96447
1058 T	0.03069	0.00422	0.96508
1059 A	0.03090	0.00322	0.96588
1060 G	0.03112	0.00225	0.96662
1061 T	0.03127	0.00163	0.9671
1062 T	0.03131	0.00139	0.9673
1063 G	0.03129	0.00134	0.96736
1064 C	0.03124	0.00144	0.96732
1065 G	0.03123	0.00176	0.967
1066 A	0.03121	0.00237	0.96642
1067 T	0.03119	0.00252	0.96629
1068 G	0.03112	0.00275	0.96613
1069 G	0.03109	0.00282	0.96609
1070 G	0.03108	0.00279	0.96612
1071 A	0.03110	0.00274	0.96616
1072 G	0.03114	0.00265	0.9662
1073 C	0.03129	0.00248	0.96623
1074 T	0.03144	0.00231	0.96625
1075 T	0.03150	0.00224	0.96626
1076 C	0.03151	0.00221	0.96628
1077 T	0.03154	0.00219	0.96627
1078 A	0.03154	0.00219	0.96626
1079 T	0.03155	0.00219	0.96626
1080 T	0.03153	0.00222	0.96626
1081 C	0.03144	0.00233	0.96623
1082 A	0.03139	0.00241	0.96619
1083 A	0.03135	0.00248	0.96618
1084 G	0.03133	0.00249	0.96617
1085 G	0.03139	0.00243	0.96618
1086 T	0.03156	0.00225	0.96618
1087 G	0.03170	0.00208	0.96622
1088 G	0.03204	0.00175	0.96621
1089 T	0.03260	0.00134	0.96606
1090 A	0.03270	0.00175	0.96554
1091 T	0.03283	0.00181	0.96536
1092 T	0.03286	0.00240	0.96474
1093 T	0.03285	0.00250	0.96465
1094 T	0.03284	0.00260	0.96456
1095 A	0.03278	0.00279	0.96442
1096 T	0.03275	0.00289	0.96436
1097 C	0.03270	0.00298	0.96433
1098 A	0.03267	0.00315	0.96419
1099 G	0.03261	0.00326	0.96412
1100 G	0.03259	0.00333	0.96408
1101 A	0.03259	0.00337	0.96404
1102 G	0.03260	0.00338	0.96401
1103 A	0.03262	0.00337	0.964
1104 T	0.03266	0.00328	0.96406
1105 G	0.03269	0.00327	0.96404
1106 T	0.03273	0.00325	0.96401
1107 T	0.03275	0.00339	0.96386
1108 A	0.03274	0.00360	0.96366
1109 A	0.03275	0.00376	0.96349
1110 A	0.03280	0.00392	0.96328
1111 G	0.03287	0.00411	0.96302
1112 A	0.03310	0.00391	0.96299
1113 T	0.03369	0.00333	0.96299
1114 A	0.03395	0.00308	0.96298
1115 T	0.03457	0.00245	0.96299
1116 C	0.03467	0.00231	0.96302
1117 G	0.03476	0.00222	0.96303
1118 T	0.03489	0.00205	0.96306
1119 T	0.03497	0.00196	0.96307
1120 C	0.03501	0.00190	0.96309
1121 T	0.03512	0.00181	0.96307
1122 T	0.03516	0.00174	0.9631
1123 T	0.03518	0.00172	0.9631
1124 T	0.03517	0.00174	0.96309
1125 A	0.03504	0.00191	0.96305
1126 G	0.03503	0.00197	0.96301
1127 A	0.03502	0.00213	0.96284
1128 T	0.03505	0.00226	0.96269
1129 G	0.03502	0.00230	0.96268
1130 T	0.03519	0.00215	0.96266
1131 G	0.03528	0.00206	0.96266
1132 A	0.03539	0.00194	0.96267
1133 C	0.03555	0.00179	0.96266
1134 T	0.03581	0.00153	0.96266
1135 C	0.03577	0.00157	0.96266
1136 C	0.03575	0.00160	0.96265
1137 A	0.03573	0.00164	0.96264
1138 C	0.03573	0.00164	0.96264
1139 T	0.03573	0.00165	0.96263
1140 T	0.03556	0.00183	0.96262
1141 T	0.03535	0.00205	0.96259
1142 C	0.03443	0.00302	0.96255
1143 A	0.03339	0.00431	0.9623
1144 T	0.03216	0.00593	0.96191
1145 T	0.02984	0.00852	0.96164
1146 A	0.02579	0.01306	0.96115
1147 G	0.02405	0.01509	0.96086
1148 G	0.02334	0.01571	0.96095
1149 A	0.02284	0.01622	0.96095
1150 A	0.02268	0.01633	0.961
1151 T	0.02268	0.01622	0.96109
1152 C	0.02240	0.01643	0.96117
1153 G	0.02231	0.01652	0.96117
1154 A	0.02226	0.01655	0.96119
1155 A	0.02224	0.01655	0.96121
1156 A	0.02224	0.01653	0.96123
1157 C	0.02224	0.01651	0.96125
1158 T	0.02223	0.01648	0.96129
1159 T	0.02211	0.01658	0.96131
1160 T	0.02189	0.01682	0.9613
1161 A	0.02108	0.01769	0.96123
1162 G	0.02064	0.01813	0.96123
1163 G	0.02055	0.01790	0.96154
1164 A	0.02049	0.01770	0.96181
1165 A	0.02054	0.01657	0.9629
1166 A	0.02085	0.01500	0.96415
1167 T	0.02139	0.01282	0.96578
1168 G	0.02163	0.01049	0.96788
1169 T	0.02206	0.00760	0.97033
1170 T	0.02221	0.00801	0.96979
1171 T	0.02213	0.00830	0.96957
1172 T	0.02201	0.00853	0.96946
1173 T	0.02149	0.00949	0.96903
1174 A	0.02103	0.01062	0.96834
1175 C	0.02080	0.01140	0.96781
1176 T	0.02065	0.01461	0.96474
1177 A	0.02054	0.01998	0.95948
1178 A	0.02050	0.02526	0.95425
1179 A	0.02043	0.02962	0.94995
1180 T	0.02045	0.03134	0.94821
1181 T	0.02045	0.03150	0.94806
1182 A	0.02041	0.03167	0.94793
1183 A	0.02043	0.03165	0.94791
1184 T	0.02050	0.03099	0.94851
1185 C	0.02049	0.03096	0.94855
1186 G	0.02050	0.03261	0.94689
1187 A	0.02052	0.03619	0.94329
1188 A	0.02042	0.04064	0.93894
1189 A	0.02045	0.04382	0.93572
1190 G	0.02061	0.04635	0.93305
1191 A	0.02104	0.05200	0.92696
1192 A	0.02199	0.05197	0.92604
1193 A	0.02388	0.05057	0.92555
1194 T	0.02490	0.04997	0.92513
1195 A	0.02526	0.04955	0.92519
1196 C	0.02591	0.04854	0.92555
1197 A	0.02645	0.04911	0.92444
1198 A	0.02743	0.05023	0.92234
1199 C	0.03014	0.04984	0.92002
1200 A	0.03496	0.04717	0.91787
1201 A	0.03955	0.04277	0.91768
1202 T	0.04319	0.03927	0.91753
1203 T	0.04349	0.03912	0.91739
1204 C	0.04133	0.04127	0.9174
1205 C	0.03886	0.04378	0.91736
1206 A	0.03675	0.04605	0.9172
1207 A	0.03608	0.04673	0.91719
1208 C	0.03614	0.04665	0.91721
1209 A	0.03743	0.04538	0.9172
1210 A	0.04045	0.04232	0.91723
1211 C	0.04437	0.03819	0.91744
1212 A	0.04689	0.03563	0.91749
1213 G	0.04899	0.03349	0.91751
1214 C	0.05407	0.02835	0.91757
1215 T	0.05508	0.02734	0.91757
1216 A	0.05553	0.02694	0.91753
1217 A	0.05631	0.02614	0.91755
1218 A	0.05676	0.02558	0.91765
1219 C	0.05740	0.02482	0.91778
1220 A	0.05867	0.02336	0.91797
1221 A	0.06129	0.02057	0.91814
1222 G	0.06413	0.01747	0.9184
1223 T	0.06692	0.01465	0.91843
1224 A	0.06742	0.01430	0.91828
1225 T	0.06803	0.01198	0.91999
1226 T	0.06825	0.01027	0.92148
1227 T	0.06824	0.00805	0.92371
1228 T	0.06816	0.00624	0.9256
1229 C	0.06759	0.00546	0.92695
1230 T	0.06708	0.00617	0.92676
1231 A	0.06656	0.00668	0.92676
1232 C	0.06607	0.00714	0.92679
1233 T	0.06432	0.00929	0.92639
1234 G	0.06210	0.01213	0.92577
1235 C	0.06116	0.01351	0.92533
1236 A	0.05942	0.01796	0.92261
1237 G	0.05767	0.02189	0.92044
1238 A	0.05697	0.02413	0.91891
1239 A	0.05651	0.02652	0.91697
1240 G	0.05618	0.02797	0.91585
1241 A	0.05605	0.02812	0.91582
1242 T	0.05610	0.02795	0.91594
1243 A	0.05606	0.02787	0.91607
1244 A	0.05619	0.02764	0.91617
1245 C	0.05636	0.02733	0.91631
1246 C	0.05653	0.02714	0.91633
1247 A	0.05673	0.02697	0.91629
1248 A	0.05687	0.02683	0.9163
1249 A	0.05711	0.02656	0.91634
1250 C	0.05752	0.02607	0.91641
1251 T	0.05781	0.02563	0.91656
1252 T	0.05806	0.02454	0.91741
1253 C	0.05840	0.02352	0.91808
1254 A	0.05860	0.02297	0.91843
1255 G	0.05892	0.02236	0.91872
1256 T	0.05988	0.01976	0.92036
1257 T	0.06082	0.01754	0.92164
1258 G	0.06141	0.01695	0.92164
1259 A	0.06382	0.01433	0.92185
1260 T	0.06587	0.01069	0.92344
1261 A	0.06665	0.01014	0.92322
1262 T	0.06818	0.00870	0.92312
1263 T	0.06900	0.00825	0.92275
1264 C	0.06897	0.00919	0.92184
1265 A	0.06880	0.01141	0.91979
1266 T	0.06878	0.01231	0.91891
1267 G	0.06872	0.01307	0.91822
1268 T	0.06861	0.01398	0.91741
1269 G	0.06819	0.01456	0.91725
1270 T	0.06810	0.01474	0.91716
1271 T	0.06784	0.01535	0.91681
1272 A	0.06722	0.01645	0.91633
1273 C	0.06694	0.01725	0.91581
1274 A	0.06667	0.01791	0.91542
1275 A	0.06637	0.01856	0.91508
1276 G	0.06612	0.01919	0.91469
1277 G	0.06593	0.02010	0.91397
1278 C	0.06563	0.02181	0.91255
1279 G	0.06533	0.02770	0.90696
1280 A	0.06547	0.03265	0.90188
1281 A	0.06599	0.03291	0.90111
1282 A	0.06725	0.03180	0.90095
1283 G	0.06765	0.03152	0.90083
1284 A	0.06910	0.02998	0.90092
1285 C	0.07043	0.02856	0.901
1286 C	0.07175	0.02802	0.90023
1287 T	0.07337	0.02819	0.89844
1288 T	0.07470	0.02713	0.89817
1289 T	0.07467	0.02760	0.89774
1290 A	0.07077	0.03200	0.89723
1291 G	0.06876	0.03443	0.89681
1292 C	0.06712	0.03603	0.89686
1293 A	0.06367	0.04407	0.89225
1294 A	0.06001	0.05218	0.88781
1295 G	0.05843	0.05518	0.88639
1296 A	0.05773	0.05758	0.88469
1297 G	0.05726	0.05943	0.8833
1298 A	0.05740	0.05934	0.88326
1299 A	0.05796	0.05873	0.88332
1300 A	0.05910	0.05749	0.88341
1301 A	0.06086	0.05534	0.8838
1302 C	0.06616	0.04948	0.88436
1303 A	0.07015	0.04536	0.8845
1304 A	0.07088	0.04453	0.88459
1305 A	0.07133	0.04397	0.8847
1306 A	0.07184	0.04336	0.8848
1307 C	0.07272	0.04237	0.88491
1308 T	0.07369	0.04129	0.88502
1309 T	0.07469	0.04032	0.88499
1310 T	0.07593	0.03907	0.885
1311 A	0.07610	0.03917	0.88473
1312 G	0.07644	0.03848	0.88508
1313 G	0.07698	0.03376	0.88926
1314 T	0.07805	0.03089	0.89106
1315 A	0.07902	0.02910	0.89188
1316 A	0.08432	0.02061	0.89507
1317 T	0.08977	0.01126	0.89896
1318 T	0.09128	0.00793	0.90079
1319 T	0.09212	0.00625	0.90163
1320 C	0.09264	0.00521	0.90215
1321 C	0.09278	0.00514	0.90208
1322 G	0.09288	0.00601	0.90111
1323 T	0.09306	0.00684	0.90009
1324 T	0.09314	0.00836	0.89851
1325 T	0.09311	0.01114	0.89575
1326 A	0.09252	0.01666	0.89083
1327 G	0.09209	0.02240	0.8855
1328 A	0.09052	0.02576	0.88373
1329 T	0.08981	0.02774	0.88245
