# lcl|CP097583.1_cds_USQ93242.1_1
# AA	inside	membr	outside
1 A	0.79253	0.00000	0.20747
2 T	0.79244	0.00009	0.20747
3 G	0.79235	0.00018	0.20747
4 T	0.79235	0.00072	0.20693
5 T	0.78745	0.00617	0.20638
6 A	0.78745	0.00641	0.20614
7 G	0.73717	0.05681	0.20603
8 A	0.73716	0.05681	0.20602
9 T	0.73252	0.06148	0.20599
10 T	0.73250	0.06407	0.20343
11 T	0.72638	0.07049	0.20313
12 G	0.41912	0.37803	0.20285
13 A	0.18669	0.61333	0.19999
14 A	0.18666	0.61335	0.19998
15 A	0.18666	0.61706	0.19628
16 T	0.18546	0.61826	0.19628
17 T	0.18049	0.62327	0.19625
18 T	0.18026	0.62351	0.19623
19 G	0.17358	0.63020	0.19622
20 T	0.16092	0.64302	0.19606
21 T	0.13021	0.67372	0.19607
22 C	0.12712	0.67680	0.19608
23 T	0.12390	0.68002	0.19608
24 T	0.11979	0.68416	0.19605
25 A	0.11096	0.69291	0.19614
26 G	0.10766	0.69607	0.19627
27 T	0.10625	0.69725	0.1965
28 A	0.10407	0.69528	0.20065
29 A	0.10273	0.69513	0.20214
30 T	0.10199	0.64455	0.25347
31 A	0.10057	0.63957	0.25986
32 T	0.10032	0.61845	0.28122
33 G	0.10156	0.60022	0.29822
34 A	0.10177	0.58710	0.31113
35 A	0.10262	0.30786	0.58951
36 T	0.10560	0.10685	0.78755
37 T	0.10573	0.10081	0.79346
38 T	0.10791	0.09567	0.79642
39 A	0.10736	0.09543	0.79721
40 G	0.10715	0.08574	0.80711
41 T	0.10706	0.08189	0.81104
42 T	0.10691	0.08009	0.813
43 T	0.10682	0.07914	0.81404
44 T	0.10625	0.11316	0.78059
45 A	0.10501	0.17900	0.71598
46 G	0.10457	0.19757	0.69785
47 A	0.10350	0.24556	0.65094
48 T	0.10289	0.28900	0.60811
49 A	0.10177	0.58814	0.31009
50 A	0.10097	0.72320	0.17583
51 A	0.10028	0.76219	0.13753
52 A	0.10016	0.78892	0.11092
53 T	0.10006	0.81031	0.08963
54 G	0.09974	0.83782	0.06244
55 A	0.09955	0.86615	0.0343
56 A	0.09927	0.87481	0.02593
57 G	0.09847	0.88044	0.02109
58 A	0.09811	0.88470	0.01719
59 A	0.09831	0.88580	0.01588
60 A	0.09869	0.88543	0.01589
61 A	0.09953	0.88443	0.01604
62 G	0.10269	0.88066	0.01665
63 G	0.10596	0.87705	0.01698
64 C	0.11270	0.86996	0.01734
65 A	0.12161	0.86130	0.01708
66 A	0.13394	0.84929	0.01676
67 A	0.18154	0.80208	0.01637
68 C	0.24159	0.74171	0.0167
69 A	0.26736	0.71597	0.01667
70 G	0.32279	0.65935	0.01785
71 A	0.38389	0.59760	0.01852
72 T	0.67774	0.30259	0.01967
73 C	0.79468	0.18490	0.02042
74 C	0.84555	0.13313	0.02132
75 A	0.88191	0.09685	0.02125
76 T	0.91401	0.06480	0.0212
77 T	0.93809	0.04077	0.02114
78 T	0.95772	0.02110	0.02118
79 T	0.96229	0.01629	0.02142
80 T	0.96116	0.01638	0.02246
81 T	0.95722	0.02009	0.02269
82 T	0.93858	0.03930	0.02212
83 T	0.88289	0.09554	0.02157
84 A	0.73559	0.24314	0.02127
85 A	0.66637	0.31251	0.02112
86 A	0.60036	0.37860	0.02104
87 G	0.55775	0.42106	0.0212
88 C	0.53047	0.44819	0.02134
89 A	0.52070	0.45802	0.02128
90 A	0.50954	0.46921	0.02125
91 C	0.50274	0.47601	0.02126
92 T	0.49505	0.48398	0.02096
93 T	0.48803	0.49109	0.02088
94 A	0.47875	0.50058	0.02067
95 T	0.47285	0.50659	0.02057
96 T	0.45945	0.52007	0.02048
97 C	0.43477	0.54452	0.02072
98 A	0.41243	0.56735	0.02022
99 T	0.40036	0.57949	0.02015
100 T	0.37841	0.60152	0.02007
101 T	0.34136	0.63829	0.02036
102 A	0.25194	0.72718	0.02088
103 G	0.21428	0.75121	0.03451
104 A	0.19527	0.75263	0.0521
105 T	0.17644	0.74182	0.08174
106 A	0.13574	0.73758	0.12667
107 A	0.12293	0.64245	0.23462
108 A	0.11571	0.58944	0.29486
109 G	0.10828	0.53034	0.36137
110 A	0.10172	0.50975	0.38853
111 T	0.09655	0.50101	0.40244
112 A	0.09015	0.50834	0.40151
113 G	0.08506	0.50725	0.40769
114 A	0.08156	0.51107	0.40737
115 A	0.07743	0.51664	0.40593
116 A	0.07536	0.53720	0.38744
117 A	0.07466	0.55835	0.367
118 A	0.07437	0.58311	0.34251
119 A	0.07417	0.59559	0.33025
120 T	0.07350	0.58285	0.34365
121 T	0.07255	0.58131	0.34614
122 T	0.07130	0.59512	0.33357
123 A	0.06773	0.64225	0.29001
124 A	0.06421	0.66797	0.26781
125 T	0.06079	0.64480	0.29442
126 T	0.05277	0.65294	0.2943
127 A	0.04334	0.66933	0.28732
128 A	0.03961	0.67255	0.28784
129 T	0.03891	0.64744	0.31365
130 G	0.03758	0.64542	0.317
131 A	0.03838	0.64670	0.31493
132 A	0.04250	0.64551	0.31199
133 A	0.05414	0.64235	0.30351
134 T	0.06698	0.64798	0.28504
135 A	0.07101	0.67222	0.25678
136 G	0.07291	0.69752	0.22957
137 A	0.07698	0.73608	0.18694
138 A	0.08439	0.78269	0.13291
139 A	0.10753	0.81457	0.07791
140 A	0.14226	0.79209	0.06565
141 A	0.18859	0.74995	0.06145
142 A	0.23536	0.70470	0.05995
143 T	0.27172	0.66780	0.06048
144 A	0.28957	0.64971	0.06072
145 A	0.31883	0.61982	0.06135
146 G	0.37823	0.55832	0.06345
147 A	0.44484	0.48795	0.06721
148 T	0.51063	0.41542	0.07395
149 T	0.53656	0.38065	0.08279
150 T	0.52857	0.38527	0.08616
151 C	0.47219	0.44643	0.08138
152 A	0.37312	0.57050	0.05638
153 A	0.24841	0.71690	0.03469
154 A	0.13819	0.83457	0.02724
155 G	0.11310	0.86012	0.02678
156 A	0.11595	0.85776	0.02629
157 A	0.13654	0.83621	0.02726
158 A	0.16920	0.80077	0.03004
159 C	0.20844	0.75850	0.03305
160 A	0.25299	0.71413	0.03288
161 A	0.30911	0.65855	0.03235
162 T	0.36200	0.60573	0.03227
163 T	0.37122	0.59588	0.0329
164 T	0.37145	0.59521	0.03334
165 A	0.36528	0.59928	0.03545
166 T	0.35748	0.60435	0.03817
167 C	0.32452	0.63472	0.04076
168 A	0.29061	0.66939	0.03999
169 A	0.28057	0.67945	0.03998
170 A	0.27540	0.68405	0.04055
171 A	0.27264	0.68465	0.04271
172 G	0.27305	0.67656	0.0504
173 A	0.27881	0.64268	0.07851
174 A	0.28663	0.57466	0.13871
175 A	0.30804	0.45670	0.23526
176 T	0.32696	0.31023	0.36281
177 T	0.32281	0.20252	0.47467
178 T	0.29450	0.21609	0.48942
179 C	0.24676	0.29153	0.46171
180 A	0.21343	0.37643	0.41014
181 G	0.19386	0.41208	0.39405
182 A	0.18218	0.44312	0.3747
183 A	0.17900	0.46822	0.35278
184 T	0.17706	0.50314	0.3198
185 T	0.17267	0.55883	0.2685
186 G	0.16286	0.67719	0.15995
187 A	0.15362	0.71925	0.12713
188 A	0.14843	0.72548	0.12609
189 A	0.14649	0.71976	0.13375
190 T	0.14585	0.69108	0.16307
191 C	0.14405	0.66896	0.18698
192 C	0.14190	0.67037	0.18773
193 A	0.14016	0.68387	0.17597
194 A	0.13947	0.69064	0.16989
195 A	0.13902	0.69201	0.16897
196 G	0.13994	0.69020	0.16986
197 A	0.14198	0.68633	0.17169
198 T	0.14589	0.67281	0.18131
199 A	0.14829	0.66215	0.18956
200 A	0.15777	0.63130	0.21093
201 G	0.17964	0.56952	0.25084
202 T	0.22877	0.47550	0.29574
203 T	0.27181	0.40829	0.31991
204 G	0.28391	0.38857	0.32753
205 G	0.29734	0.37643	0.32623
206 A	0.31489	0.36507	0.32004
207 T	0.34392	0.33938	0.31671
208 G	0.38032	0.31157	0.30811
209 A	0.47797	0.24040	0.28163
210 A	0.51492	0.23471	0.25037
211 T	0.53153	0.22581	0.24266
212 A	0.53591	0.22881	0.23528
213 T	0.54612	0.22043	0.23345
214 T	0.55049	0.21657	0.23294
215 T	0.55253	0.21590	0.23156
216 T	0.55505	0.21269	0.23226
217 T	0.55179	0.21604	0.23218
218 T	0.53809	0.23053	0.23138
219 T	0.50138	0.27003	0.22858
220 C	0.40776	0.37131	0.22093
221 A	0.27637	0.53181	0.19182
222 A	0.18518	0.64146	0.17337
223 A	0.12310	0.72347	0.15344
224 A	0.09665	0.76209	0.14126
225 A	0.08096	0.78278	0.13625
226 G	0.07380	0.79059	0.13562
227 A	0.07284	0.79185	0.13531
228 A	0.07477	0.78964	0.13558
229 A	0.07964	0.78393	0.13644
230 A	0.08921	0.77455	0.13623
231 A	0.10452	0.75595	0.13954
232 A	0.14218	0.71520	0.14262
233 T	0.18500	0.67075	0.14425
234 T	0.19489	0.66068	0.14443
235 T	0.19778	0.65771	0.1445
236 T	0.19355	0.66284	0.14361
237 T	0.18058	0.67688	0.14254
238 A	0.13959	0.71877	0.14165
239 A	0.09748	0.75689	0.14563
240 A	0.08972	0.75374	0.15655
241 A	0.08620	0.73938	0.17442
242 A	0.08715	0.70641	0.20645
243 A	0.09497	0.63082	0.27421
244 A	0.11938	0.51008	0.37055
245 A	0.13070	0.44079	0.42851
246 T	0.14895	0.37971	0.47135
247 T	0.15809	0.37480	0.46711
248 T	0.15447	0.39844	0.44708
249 A	0.14464	0.42348	0.43188
250 A	0.13118	0.44021	0.42862
251 A	0.12352	0.44435	0.43212
252 A	0.12185	0.44743	0.43072
253 G	0.12472	0.44905	0.42623
254 A	0.12987	0.45307	0.41706
255 A	0.13380	0.45497	0.41123
256 T	0.13839	0.44634	0.41527
257 T	0.13827	0.44494	0.41679
258 T	0.12870	0.45005	0.42125
259 G	0.11332	0.46153	0.42515
260 A	0.10229	0.46907	0.42865
261 A	0.10129	0.44376	0.45495
262 C	0.09985	0.41482	0.48533
263 A	0.09799	0.43135	0.47066
264 A	0.10267	0.44466	0.45267
265 A	0.11323	0.46179	0.42499
266 A	0.12892	0.46965	0.40143
267 A	0.15556	0.44484	0.3996
268 T	0.20784	0.38251	0.40966
269 T	0.22621	0.35810	0.41569
270 T	0.22922	0.35009	0.42069
271 C	0.21202	0.35866	0.42932
272 A	0.17681	0.38987	0.43331
273 A	0.15602	0.40383	0.44016
274 G	0.13437	0.42140	0.44424
275 C	0.13042	0.42453	0.44505
276 A	0.12184	0.44120	0.43696
277 A	0.12441	0.44163	0.43396
278 T	0.12605	0.43981	0.43414
279 A	0.11278	0.45202	0.4352
280 G	0.10584	0.45645	0.43771
281 A	0.10001	0.44964	0.45036
282 A	0.10092	0.43130	0.46778
283 C	0.10813	0.40835	0.48351
284 A	0.11504	0.39863	0.48633
285 G	0.12361	0.38692	0.48947
286 A	0.14127	0.36729	0.49144
287 A	0.16035	0.34573	0.49392
288 A	0.18708	0.31762	0.4953
289 A	0.21234	0.28159	0.50607
290 T	0.22122	0.26068	0.5181
291 T	0.22419	0.24581	0.53
292 T	0.22554	0.23094	0.54352
293 T	0.22630	0.21368	0.56002
294 A	0.22553	0.19551	0.57896
295 G	0.22611	0.16402	0.60987
296 A	0.22753	0.14537	0.62711
297 T	0.22942	0.12031	0.65027
298 A	0.23027	0.10811	0.66163
299 T	0.23719	0.08484	0.67797
300 T	0.23981	0.07551	0.68468
301 T	0.24013	0.06812	0.69175
302 T	0.23958	0.05741	0.70301
303 A	0.23909	0.05076	0.71016
304 T	0.23895	0.04523	0.71582
305 C	0.23834	0.04432	0.71734
306 A	0.23672	0.05293	0.71035
307 A	0.23594	0.06173	0.70234
308 A	0.23420	0.06840	0.6974
309 T	0.23537	0.06704	0.6976
310 A	0.23615	0.06601	0.69784
311 T	0.23749	0.06277	0.69973
312 T	0.23787	0.06081	0.70133
313 C	0.23788	0.05982	0.70229
314 C	0.23814	0.05933	0.70254
315 T	0.23893	0.05858	0.70249
316 A	0.23936	0.05840	0.70225
317 A	0.24072	0.05682	0.70246
318 T	0.24386	0.05347	0.70267
319 T	0.24552	0.05134	0.70314
320 T	0.24652	0.04888	0.7046
321 A	0.24727	0.04640	0.70633
322 C	0.24858	0.04313	0.70829
323 C	0.25060	0.04044	0.70896
324 T	0.25171	0.03912	0.70917
325 C	0.25234	0.03829	0.70937
326 A	0.25395	0.03663	0.70942
327 T	0.25601	0.03452	0.70948
328 G	0.25770	0.03232	0.70997
329 A	0.26430	0.02413	0.71157
330 T	0.27312	0.01401	0.71286
331 T	0.27809	0.00582	0.71609
332 C	0.27849	0.00411	0.7174
333 T	0.27859	0.00361	0.71779
334 G	0.27841	0.00361	0.71797
335 T	0.27829	0.00358	0.71813
336 T	0.27679	0.00491	0.71829
337 C	0.27360	0.00802	0.71838
338 C	0.27160	0.01000	0.71841
339 T	0.26870	0.01313	0.71817
340 G	0.25547	0.02707	0.71746
341 T	0.24710	0.03586	0.71704
342 T	0.23599	0.04758	0.71643
343 G	0.22058	0.06312	0.7163
344 G	0.21650	0.06700	0.7165
345 A	0.21247	0.07108	0.71645
346 A	0.21028	0.07312	0.7166
347 C	0.20967	0.07349	0.71684
348 T	0.20910	0.07417	0.71673
349 A	0.20804	0.07523	0.71673
350 C	0.20709	0.07618	0.71673
351 T	0.20620	0.07713	0.71667
352 T	0.20519	0.07819	0.71661
353 C	0.20315	0.08029	0.71657
354 A	0.20175	0.08190	0.71635
355 G	0.20068	0.08312	0.7162
356 A	0.20027	0.08361	0.71611
357 A	0.20010	0.08361	0.71628
358 G	0.20003	0.08343	0.71653
359 A	0.20004	0.08137	0.71859
360 T	0.20011	0.07706	0.72283
361 A	0.20017	0.07367	0.72616
362 A	0.20046	0.06849	0.73105
363 T	0.20119	0.05091	0.7479
364 G	0.20154	0.04090	0.75756
365 T	0.20209	0.03100	0.76692
366 T	0.20215	0.02074	0.77712
367 G	0.20212	0.01889	0.77899
368 A	0.20215	0.01695	0.7809
369 G	0.20214	0.01600	0.78186
370 A	0.20215	0.01656	0.78129
371 T	0.20236	0.01656	0.78109
372 A	0.20197	0.01653	0.7815
373 T	0.20159	0.01605	0.78235
374 T	0.20053	0.01787	0.7816
375 A	0.19724	0.02406	0.77871
376 C	0.19611	0.02518	0.77871
377 G	0.19572	0.03657	0.76772
378 T	0.19558	0.04275	0.76167
379 T	0.19544	0.04432	0.76024
380 T	0.19500	0.04620	0.75881
381 T	0.19406	0.04779	0.75814
382 T	0.19284	0.04968	0.75748
383 C	0.19070	0.05221	0.75709
384 T	0.18683	0.05622	0.75696
385 G	0.18248	0.06058	0.75694
386 A	0.18049	0.06257	0.75693
387 A	0.17863	0.06443	0.75694
388 C	0.17737	0.06567	0.75696
389 C	0.17612	0.06687	0.75702
390 T	0.17512	0.06796	0.75692
391 A	0.17116	0.07208	0.75675
392 A	0.16852	0.07491	0.75657
393 A	0.16765	0.07595	0.7564
394 A	0.16719	0.07664	0.75617
395 A	0.16731	0.07593	0.75676
396 A	0.16841	0.07416	0.75743
397 A	0.17148	0.06969	0.75884
398 T	0.17702	0.06078	0.7622
399 G	0.17964	0.05671	0.76365
400 T	0.19130	0.04412	0.76458
401 C	0.19598	0.03847	0.76555
402 T	0.19751	0.03642	0.76607
403 T	0.19821	0.03512	0.76667
404 T	0.19814	0.03454	0.76732
405 T	0.19763	0.03425	0.76812
406 T	0.19657	0.03425	0.76918
407 T	0.19388	0.03301	0.77311
408 T	0.18875	0.03458	0.77667
409 A	0.17975	0.04216	0.77809
410 T	0.16956	0.05105	0.77939
411 A	0.14563	0.07503	0.77934
412 A	0.12192	0.09932	0.77876
413 A	0.11309	0.10780	0.77911
414 A	0.10742	0.10942	0.78316
415 G	0.10278	0.11115	0.78607
416 A	0.09983	0.11395	0.78622
417 T	0.09835	0.11457	0.78707
418 C	0.09641	0.11613	0.78747
419 A	0.09409	0.11957	0.78634
420 T	0.09210	0.12217	0.78573
421 G	0.08793	0.12821	0.78387
422 T	0.08547	0.13213	0.7824
423 A	0.08216	0.13906	0.77879
424 G	0.08071	0.14219	0.7771
425 A	0.07965	0.14395	0.7764
426 G	0.07870	0.14446	0.77684
427 T	0.07820	0.14374	0.77805
428 T	0.07725	0.14326	0.77949
429 A	0.07535	0.14356	0.78109
430 G	0.07364	0.14192	0.78445
431 G	0.07325	0.13795	0.78881
432 A	0.07313	0.13189	0.79498
433 A	0.07334	0.12316	0.8035
434 A	0.07435	0.10230	0.82336
435 G	0.07617	0.08051	0.84332
436 A	0.07728	0.07213	0.8506
437 A	0.07767	0.06661	0.85572
438 A	0.07857	0.06135	0.86008
439 T	0.08110	0.05568	0.86322
440 T	0.08165	0.05432	0.86402
441 A	0.08119	0.05486	0.86395
442 G	0.08176	0.05327	0.86497
443 A	0.08247	0.05197	0.86557
444 T	0.08464	0.04670	0.86866
445 A	0.08615	0.04380	0.87005
446 T	0.09011	0.03727	0.87262
447 T	0.09220	0.03448	0.87332
448 T	0.09275	0.03479	0.87246
449 T	0.09227	0.03463	0.8731
450 A	0.08607	0.04059	0.87334
451 G	0.08396	0.04197	0.87408
452 A	0.08350	0.04120	0.8753
453 C	0.08356	0.03956	0.87688
454 T	0.08463	0.03858	0.87679
455 T	0.08433	0.03961	0.87607
456 T	0.08183	0.04443	0.87373
457 G	0.07754	0.05362	0.86884
458 A	0.07361	0.06557	0.86081
459 A	0.06436	0.08003	0.85561
460 A	0.06105	0.08443	0.85452
461 A	0.06010	0.08558	0.85432
462 A	0.05858	0.08723	0.85419
463 G	0.05836	0.08709	0.85455
464 C	0.05908	0.08582	0.8551
465 T	0.05963	0.08547	0.85489
466 G	0.05763	0.08775	0.85462
467 C	0.05684	0.08882	0.85434
468 T	0.05583	0.09047	0.8537
469 A	0.05326	0.09357	0.85318
470 A	0.05229	0.09457	0.85314
471 A	0.05313	0.09359	0.85329
472 A	0.05332	0.09278	0.8539
473 T	0.05370	0.08578	0.86052
474 T	0.05340	0.08328	0.86333
475 A	0.05228	0.08261	0.86511
476 C	0.05132	0.08099	0.86769
477 A	0.04946	0.08199	0.86856
478 G	0.04876	0.08116	0.87008
479 G	0.05003	0.07804	0.87193
480 A	0.05447	0.07134	0.87419
481 A	0.06143	0.06194	0.87664
482 G	0.06608	0.04745	0.88647
483 T	0.06743	0.04225	0.89033
484 A	0.06751	0.04020	0.8923
485 A	0.06778	0.03705	0.89517
486 A	0.06811	0.03384	0.89805
487 T	0.06895	0.03005	0.901
488 T	0.06950	0.02694	0.90355
489 T	0.06985	0.02299	0.90716
490 G	0.06994	0.02082	0.90924
491 T	0.07032	0.01886	0.91082
492 T	0.07041	0.01713	0.91247
493 G	0.07018	0.01676	0.91307
494 T	0.07008	0.01673	0.91319
495 T	0.06933	0.01733	0.91335
496 T	0.06834	0.01880	0.91286
497 T	0.06550	0.02193	0.91257
498 A	0.06015	0.02751	0.91233
499 A	0.05470	0.03275	0.91256
500 A	0.04863	0.03776	0.91361
501 A	0.04211	0.04471	0.91318
502 G	0.04007	0.04686	0.91307
503 G	0.03926	0.04938	0.91136
504 A	0.03872	0.05309	0.90819
505 A	0.03882	0.05489	0.90629
506 T	0.03909	0.05606	0.90485
507 T	0.03919	0.05686	0.90394
508 G	0.03919	0.05694	0.90387
509 G	0.03921	0.05711	0.90368
510 A	0.03919	0.05760	0.90321
511 G	0.03886	0.05799	0.90315
512 C	0.03884	0.05808	0.90308
513 T	0.03918	0.05871	0.90211
514 A	0.03871	0.06114	0.90016
515 A	0.03860	0.06188	0.89952
516 A	0.03886	0.06165	0.89949
517 T	0.03922	0.06099	0.89979
518 T	0.03898	0.05924	0.90178
519 A	0.03777	0.05894	0.9033
520 G	0.03702	0.05634	0.90665
521 A	0.03692	0.05230	0.91078
522 A	0.03641	0.04827	0.91532
523 A	0.03686	0.04249	0.92065
524 G	0.03889	0.03452	0.92659
525 A	0.04038	0.03114	0.92848
526 G	0.04261	0.02778	0.9296
527 C	0.04619	0.02348	0.93033
528 C	0.04864	0.02091	0.93045
529 T	0.05060	0.01904	0.93035
530 T	0.05163	0.01806	0.93031
531 A	0.05187	0.01790	0.93023
532 A	0.05226	0.01763	0.93011
533 T	0.05306	0.01670	0.93024
534 T	0.05338	0.01571	0.93091
535 A	0.05362	0.01503	0.93135
536 A	0.05449	0.01365	0.93186
537 T	0.05639	0.01070	0.93291
538 T	0.05699	0.00936	0.93365
539 T	0.05706	0.00860	0.93434
540 T	0.05672	0.00834	0.93495
541 A	0.05611	0.00833	0.93556
542 T	0.05582	0.00746	0.93671
543 G	0.05277	0.00989	0.93734
544 A	0.05112	0.01136	0.93753
545 T	0.05058	0.01128	0.93814
546 T	0.04910	0.01262	0.93828
547 G	0.04588	0.01578	0.93834
548 A	0.04454	0.01715	0.93831
549 T	0.04375	0.01786	0.93838
550 A	0.04236	0.01921	0.93843
551 C	0.04184	0.01966	0.93849
552 T	0.04158	0.02005	0.93837
553 C	0.04089	0.02108	0.93804
554 A	0.04005	0.02329	0.93665
555 T	0.03965	0.02479	0.93557
556 G	0.03883	0.02584	0.93533
557 T	0.03839	0.02640	0.93521
558 A	0.03749	0.02739	0.93512
559 T	0.03704	0.02764	0.93532
560 C	0.03632	0.02821	0.93547
561 A	0.03594	0.02862	0.93545
562 A	0.03579	0.02868	0.93554
563 A	0.03577	0.02836	0.93588
564 A	0.03588	0.02771	0.93641
565 G	0.03604	0.02710	0.93686
566 G	0.03634	0.02326	0.94039
567 G	0.03666	0.02078	0.94255
568 T	0.03697	0.01952	0.9435
569 A	0.03718	0.01813	0.94469
570 T	0.03714	0.01569	0.94718
571 A	0.03690	0.01488	0.94821
572 A	0.03675	0.01419	0.94906
573 A	0.03668	0.01285	0.95048
574 G	0.03673	0.01202	0.95125
575 A	0.03691	0.01143	0.95166
576 A	0.03737	0.01017	0.95245
577 A	0.03875	0.00791	0.95335
578 T	0.03991	0.00596	0.95413
579 T	0.04017	0.00480	0.95503
580 T	0.04031	0.00404	0.95564
581 T	0.04038	0.00314	0.95648
582 T	0.04036	0.00269	0.95695
583 C	0.04022	0.00228	0.95749
584 C	0.04013	0.00222	0.95766
585 T	0.04013	0.00220	0.95767
586 C	0.04010	0.00223	0.95767
587 C	0.04013	0.00227	0.95761
588 T	0.04016	0.00249	0.95736
589 T	0.04017	0.00264	0.95719
590 T	0.04017	0.00304	0.95679
591 T	0.04013	0.00336	0.95651
592 A	0.03987	0.00380	0.95633
593 T	0.03976	0.00376	0.95648
594 T	0.03948	0.00378	0.95674
595 G	0.03908	0.00410	0.95682
596 T	0.03894	0.00420	0.95685
597 G	0.03850	0.00473	0.95677
598 A	0.03839	0.00504	0.95657
599 A	0.03838	0.00522	0.9564
600 T	0.03836	0.00538	0.95625
601 G	0.03828	0.00579	0.95592
602 A	0.03825	0.00645	0.9553
603 A	0.03823	0.00708	0.95469
604 A	0.03822	0.00715	0.95464
605 A	0.03821	0.00710	0.95468
606 A	0.03823	0.00693	0.95485
607 T	0.03831	0.00667	0.95502
608 C	0.03836	0.00651	0.95513
609 C	0.03842	0.00642	0.95516
610 A	0.03853	0.00633	0.95514
611 T	0.03881	0.00606	0.95513
612 G	0.03896	0.00593	0.95511
613 T	0.03941	0.00547	0.95512
614 T	0.03964	0.00518	0.95518
615 T	0.03960	0.00474	0.95566
616 T	0.03934	0.00474	0.95592
617 C	0.03871	0.00490	0.95638
618 T	0.03792	0.00546	0.95662
619 A	0.03482	0.00850	0.95668
620 C	0.03237	0.01077	0.95686
621 A	0.03156	0.01157	0.95687
622 G	0.03098	0.01216	0.95687
623 G	0.03019	0.01292	0.95689
624 G	0.03006	0.01300	0.95694
625 C	0.03041	0.01268	0.95691
626 A	0.03047	0.01291	0.95663
627 A	0.03026	0.01340	0.95634
628 C	0.03017	0.01350	0.95633
629 T	0.03006	0.01367	0.95627
630 T	0.02972	0.01405	0.95623
631 T	0.02912	0.01468	0.95619
632 C	0.02811	0.01573	0.95616
633 A	0.02769	0.01621	0.95611
634 A	0.02747	0.01646	0.95606
635 A	0.02736	0.01658	0.95606
636 A	0.02730	0.01663	0.95606
637 T	0.02729	0.01658	0.95614
638 T	0.02688	0.01660	0.95652
639 T	0.02586	0.01711	0.95704
640 A	0.02331	0.01898	0.95771
641 A	0.02149	0.01987	0.95863
642 A	0.02048	0.01792	0.96161
643 C	0.01978	0.01617	0.96405
644 A	0.01881	0.01658	0.96462
645 A	0.01824	0.01666	0.96511
646 G	0.01795	0.01633	0.96573
647 A	0.01784	0.01615	0.96601
648 A	0.01784	0.01607	0.96609
649 A	0.01811	0.01522	0.96667
650 T	0.01847	0.01430	0.96724
651 T	0.01852	0.01372	0.96775
652 T	0.01854	0.01324	0.96822
653 T	0.01848	0.01300	0.96852
654 T	0.01832	0.01322	0.96846
655 C	0.01795	0.01408	0.96797
656 A	0.01677	0.01765	0.96558
657 A	0.01591	0.01960	0.9645
658 T	0.01539	0.02056	0.96405
659 T	0.01447	0.02185	0.96368
660 A	0.01340	0.02318	0.96341
661 A	0.01287	0.02333	0.96381
662 A	0.01262	0.02249	0.96489
663 A	0.01253	0.02006	0.96741
664 T	0.01252	0.01826	0.96922
665 T	0.01246	0.01736	0.97018
666 A	0.01224	0.01705	0.97071
667 G	0.01206	0.01652	0.97141
668 A	0.01194	0.01625	0.97181
669 T	0.01196	0.01592	0.97212
670 A	0.01197	0.01578	0.97224
671 A	0.01202	0.01563	0.97235
672 G	0.01210	0.01545	0.97244
673 C	0.01221	0.01529	0.9725
674 A	0.01230	0.01523	0.97247
675 A	0.01261	0.01493	0.97246
676 A	0.01320	0.01436	0.97245
677 A	0.01426	0.01316	0.97258
678 T	0.01590	0.01118	0.97292
679 T	0.01819	0.00735	0.97446
680 T	0.01899	0.00542	0.97558
681 T	0.01926	0.00467	0.97608
682 T	0.01937	0.00415	0.97648
683 A	0.01928	0.00390	0.97683
684 T	0.01934	0.00359	0.97706
685 T	0.01930	0.00361	0.97708
686 T	0.01925	0.00374	0.97701
687 A	0.01915	0.00386	0.97699
688 A	0.01914	0.00380	0.97707
689 A	0.01916	0.00357	0.97727
690 T	0.01908	0.00342	0.9775
691 C	0.01884	0.00350	0.97766
692 C	0.01874	0.00357	0.97769
693 T	0.01864	0.00367	0.97769
694 A	0.01825	0.00407	0.97768
695 C	0.01807	0.00425	0.97768
696 A	0.01790	0.00443	0.97767
697 G	0.01782	0.00451	0.97767
698 G	0.01772	0.00460	0.97768
699 T	0.01781	0.00452	0.97767
700 G	0.01781	0.00453	0.97766
701 A	0.01788	0.00446	0.97767
702 A	0.01796	0.00434	0.9777
703 G	0.01812	0.00410	0.97778
704 T	0.01840	0.00372	0.97788
705 T	0.01872	0.00326	0.97802
706 C	0.01889	0.00289	0.97822
707 C	0.01894	0.00279	0.97826
708 T	0.01900	0.00276	0.97824
709 A	0.01891	0.00294	0.97815
710 T	0.01886	0.00297	0.97816
711 G	0.01865	0.00320	0.97814
712 A	0.01854	0.00330	0.97816
713 T	0.01850	0.00305	0.97845
714 T	0.01843	0.00280	0.97877
715 A	0.01833	0.00279	0.97888
716 A	0.01828	0.00271	0.97901
717 T	0.01827	0.00233	0.9794
718 T	0.01820	0.00220	0.9796
719 T	0.01814	0.00209	0.97977
720 A	0.01804	0.00208	0.97988
721 C	0.01799	0.00199	0.98003
722 A	0.01794	0.00201	0.98005
723 T	0.01791	0.00200	0.98008
724 C	0.01783	0.00207	0.98009
725 G	0.01779	0.00212	0.98008
726 A	0.01778	0.00217	0.98006
727 G	0.01777	0.00220	0.98003
728 A	0.01777	0.00223	0.98
729 T	0.01780	0.00219	0.98001
730 G	0.01782	0.00210	0.98009
731 A	0.01786	0.00198	0.98016
732 T	0.01798	0.00168	0.98034
733 G	0.01801	0.00155	0.98044
734 T	0.01806	0.00133	0.98061
735 T	0.01809	0.00123	0.98068
736 T	0.01809	0.00119	0.98071
737 T	0.01808	0.00118	0.98074
738 A	0.01778	0.00148	0.98075
739 G	0.01757	0.00171	0.98071
740 A	0.01737	0.00209	0.98054
741 T	0.01721	0.00229	0.9805
742 G	0.01672	0.00290	0.98038
743 T	0.01652	0.00318	0.9803
744 G	0.01620	0.00351	0.9803
745 A	0.01605	0.00366	0.98029
746 A	0.01598	0.00372	0.9803
747 T	0.01598	0.00367	0.98036
748 C	0.01597	0.00366	0.98038
749 A	0.01598	0.00367	0.98035
750 A	0.01600	0.00364	0.98035
751 T	0.01605	0.00359	0.98037
752 T	0.01606	0.00358	0.98037
753 A	0.01605	0.00358	0.98037
754 C	0.01609	0.00353	0.98038
755 C	0.01612	0.00350	0.98038
756 T	0.01616	0.00348	0.98037
757 T	0.01618	0.00349	0.98033
758 T	0.01620	0.00349	0.98031
759 A	0.01619	0.00351	0.98029
760 A	0.01619	0.00352	0.9803
761 A	0.01624	0.00315	0.9806
762 A	0.01633	0.00279	0.98087
763 T	0.01659	0.00227	0.98113
764 A	0.01668	0.00196	0.98135
765 T	0.01687	0.00128	0.98185
766 G	0.01696	0.00098	0.98206
767 T	0.01701	0.00070	0.98229
768 T	0.01703	0.00060	0.98238
769 T	0.01702	0.00057	0.98241
770 G	0.01698	0.00063	0.98238
771 T	0.01697	0.00067	0.98235
772 T	0.01692	0.00073	0.98234
773 A	0.01642	0.00122	0.98235
774 T	0.01614	0.00150	0.98235
775 A	0.01592	0.00172	0.98237
776 C	0.01584	0.00177	0.98239
777 C	0.01578	0.00183	0.98239
778 A	0.01576	0.00186	0.98239
779 C	0.01577	0.00185	0.98239
780 T	0.01579	0.00185	0.98236
781 T	0.01580	0.00187	0.98233
782 G	0.01578	0.00190	0.98232
783 T	0.01578	0.00191	0.98231
784 T	0.01577	0.00195	0.98228
785 T	0.01575	0.00198	0.98228
786 T	0.01570	0.00202	0.98227
787 A	0.01560	0.00213	0.98228
788 G	0.01550	0.00225	0.98226
789 A	0.01515	0.00264	0.98221
790 C	0.01480	0.00308	0.98212
791 A	0.01436	0.00391	0.98173
792 A	0.01388	0.00465	0.98148
793 G	0.01373	0.00479	0.98148
794 A	0.01369	0.00485	0.98145
795 A	0.01366	0.00488	0.98146
796 G	0.01365	0.00438	0.98197
797 C	0.01364	0.00418	0.98218
798 G	0.01361	0.00449	0.9819
799 G	0.01350	0.00476	0.98175
800 G	0.01344	0.00517	0.98139
801 A	0.01326	0.00623	0.98051
802 G	0.01318	0.00647	0.98034
803 C	0.01317	0.00656	0.98027
804 A	0.01305	0.00695	0.98
805 G	0.01303	0.00712	0.97985
806 C	0.01303	0.00720	0.97977
807 T	0.01303	0.00743	0.97953
808 G	0.01297	0.00767	0.97937
809 G	0.01293	0.00781	0.97926
810 A	0.01291	0.00795	0.97915
811 A	0.01293	0.00787	0.97919
812 A	0.01301	0.00744	0.97955
813 A	0.01311	0.00698	0.97991
814 A	0.01340	0.00624	0.98036
815 C	0.01358	0.00553	0.98089
816 C	0.01360	0.00539	0.98101
817 A	0.01361	0.00541	0.98098
818 C	0.01355	0.00553	0.98092
819 A	0.01355	0.00574	0.98071
820 A	0.01359	0.00582	0.9806
821 G	0.01394	0.00558	0.98049
822 A	0.01411	0.00539	0.9805
823 G	0.01447	0.00500	0.98052
824 G	0.01540	0.00389	0.98071
825 T	0.01583	0.00338	0.98079
826 A	0.01598	0.00326	0.98075
827 T	0.01637	0.00269	0.98094
828 T	0.01646	0.00257	0.98097
829 T	0.01615	0.00290	0.98094
830 T	0.01495	0.00413	0.98092
831 C	0.01346	0.00558	0.98096
832 A	0.01188	0.00721	0.9809
833 G	0.01083	0.00832	0.98084
834 A	0.01006	0.00921	0.98073
835 C	0.00933	0.01003	0.98064
836 A	0.00858	0.01134	0.98008
837 A	0.00828	0.01169	0.98003
838 A	0.00813	0.01188	0.98
839 A	0.00797	0.01203	0.98
840 A	0.00799	0.01200	0.98001
841 C	0.00809	0.01172	0.9802
842 A	0.00831	0.01146	0.98024
843 A	0.00847	0.01121	0.98032
844 T	0.00865	0.01098	0.98037
845 T	0.00876	0.01086	0.98037
846 T	0.00879	0.01084	0.98036
847 A	0.00880	0.01082	0.98039
848 A	0.00878	0.01077	0.98044
849 T	0.00882	0.01059	0.98059
850 A	0.00880	0.01047	0.98073
851 A	0.00881	0.01016	0.98104
852 A	0.00887	0.00940	0.98174
853 G	0.00894	0.00773	0.98334
854 T	0.00899	0.00614	0.98487
855 G	0.00905	0.00478	0.98616
856 G	0.00916	0.00412	0.98672
857 A	0.00927	0.00381	0.98691
858 A	0.00939	0.00346	0.98715
859 T	0.00991	0.00258	0.98752
860 T	0.00998	0.00249	0.98754
861 A	0.00996	0.00249	0.98756
862 G	0.00992	0.00259	0.98748
863 T	0.00991	0.00270	0.98739
864 T	0.00986	0.00284	0.9873
865 C	0.00981	0.00308	0.98711
866 A	0.00981	0.00344	0.98675
867 A	0.00982	0.00364	0.98654
868 T	0.00985	0.00382	0.98634
869 T	0.00986	0.00392	0.98622
870 T	0.00981	0.00398	0.98621
871 G	0.00969	0.00408	0.98623
872 T	0.00963	0.00414	0.98623
873 A	0.00951	0.00424	0.98624
874 C	0.00947	0.00426	0.98627
875 A	0.00946	0.00426	0.98628
876 A	0.00948	0.00424	0.98628
877 C	0.00954	0.00416	0.9863
878 C	0.00968	0.00403	0.9863
879 T	0.00993	0.00377	0.9863
880 G	0.01020	0.00351	0.98629
881 A	0.01047	0.00325	0.98628
882 T	0.01076	0.00297	0.98627
883 A	0.01097	0.00276	0.98627
884 A	0.01116	0.00250	0.98635
885 T	0.01157	0.00200	0.98643
886 T	0.01177	0.00174	0.98649
887 C	0.01187	0.00159	0.98654
888 T	0.01208	0.00136	0.98656
889 T	0.01231	0.00113	0.98656
890 A	0.01239	0.00107	0.98654
891 T	0.01252	0.00095	0.98654
892 T	0.01254	0.00095	0.98651
893 T	0.01246	0.00102	0.98651
894 A	0.01234	0.00122	0.98645
895 G	0.01226	0.00139	0.98634
896 T	0.01221	0.00148	0.98631
897 T	0.01212	0.00166	0.98622
898 T	0.01202	0.00205	0.98594
899 T	0.01187	0.00244	0.98569
900 A	0.01167	0.00271	0.98562
901 G	0.01155	0.00290	0.98555
902 A	0.01148	0.00311	0.98541
903 A	0.01137	0.00327	0.98535
904 C	0.01132	0.00342	0.98526
905 A	0.01127	0.00363	0.9851
906 A	0.01123	0.00379	0.98499
907 A	0.01122	0.00385	0.98493
908 T	0.01122	0.00387	0.98491
909 G	0.01121	0.00389	0.98489
910 T	0.01122	0.00387	0.98491
911 T	0.01122	0.00387	0.9849
912 G	0.01121	0.00388	0.98491
913 A	0.01122	0.00390	0.98488
914 A	0.01124	0.00392	0.98483
915 A	0.01129	0.00395	0.98477
916 G	0.01141	0.00375	0.98485
917 A	0.01165	0.00341	0.98494
918 T	0.01193	0.00296	0.98511
919 T	0.01209	0.00267	0.98525
920 C	0.01215	0.00247	0.98538
921 T	0.01236	0.00233	0.98532
922 G	0.01244	0.00241	0.98515
923 A	0.01247	0.00252	0.98501
924 A	0.01253	0.00247	0.98499
925 T	0.01271	0.00230	0.98499
926 A	0.01276	0.00219	0.98505
927 T	0.01290	0.00201	0.98508
928 A	0.01301	0.00190	0.98508
929 T	0.01313	0.00179	0.98508
930 T	0.01316	0.00174	0.9851
931 T	0.01317	0.00175	0.98508
932 T	0.01314	0.00179	0.98508
933 A	0.01256	0.00236	0.98507
934 C	0.01225	0.00266	0.98509
935 A	0.01182	0.00313	0.98505
936 A	0.01166	0.00333	0.985
937 C	0.01165	0.00337	0.98498
938 A	0.01171	0.00344	0.98485
939 A	0.01171	0.00355	0.98474
940 T	0.01176	0.00355	0.98469
941 T	0.01177	0.00358	0.98465
942 A	0.01178	0.00364	0.98458
943 A	0.01182	0.00360	0.98458
944 A	0.01194	0.00345	0.9846
945 T	0.01220	0.00313	0.98467
946 T	0.01239	0.00290	0.98471
947 T	0.01246	0.00280	0.98474
948 G	0.01247	0.00277	0.98475
949 C	0.01250	0.00273	0.98476
950 C	0.01253	0.00270	0.98477
951 A	0.01257	0.00267	0.98476
952 T	0.01261	0.00262	0.98476
953 A	0.01262	0.00261	0.98476
954 T	0.01265	0.00258	0.98478
955 A	0.01265	0.00253	0.98482
956 G	0.01266	0.00189	0.98545
957 A	0.01266	0.00156	0.98578
958 G	0.01272	0.00106	0.98622
959 T	0.01279	0.00081	0.9864
960 G	0.01282	0.00068	0.98649
961 G	0.01296	0.00050	0.98654
962 T	0.01308	0.00036	0.98656
963 T	0.01313	0.00031	0.98656
964 G	0.01315	0.00029	0.98655
965 T	0.01320	0.00028	0.98652
966 T	0.01322	0.00028	0.9865
967 T	0.01322	0.00028	0.98649
968 T	0.01322	0.00029	0.98649
969 A	0.01321	0.00030	0.98649
970 T	0.01320	0.00029	0.98651
971 C	0.01319	0.00029	0.98652
972 T	0.01318	0.00030	0.98652
973 A	0.01317	0.00031	0.98652
974 C	0.01317	0.00031	0.98652
975 T	0.01316	0.00032	0.98652
976 G	0.01315	0.00034	0.98651
977 G	0.01315	0.00035	0.9865
978 T	0.01315	0.00035	0.9865
979 G	0.01315	0.00037	0.98648
980 A	0.01315	0.00039	0.98645
981 T	0.01317	0.00040	0.98644
982 T	0.01318	0.00044	0.98638
983 T	0.01318	0.00047	0.98635
984 A	0.01318	0.00050	0.98631
985 G	0.01319	0.00053	0.98628
986 G	0.01320	0.00054	0.98625
987 T	0.01323	0.00056	0.98622
988 T	0.01325	0.00059	0.98615
989 T	0.01326	0.00069	0.98604
990 T	0.01324	0.00086	0.98591
991 A	0.01320	0.00101	0.98578
992 G	0.01318	0.00108	0.98574
993 T	0.01317	0.00117	0.98565
994 A	0.01307	0.00139	0.98554
995 T	0.01303	0.00155	0.98542
996 G	0.01293	0.00193	0.98513
997 A	0.01286	0.00226	0.98488
998 G	0.01280	0.00247	0.98474
999 T	0.01277	0.00261	0.98462
1000 A	0.01274	0.00267	0.98459
1001 A	0.01273	0.00270	0.98456
1002 G	0.01275	0.00270	0.98456
1003 A	0.01278	0.00268	0.98455
1004 C	0.01281	0.00264	0.98454
1005 T	0.01290	0.00258	0.98452
1006 T	0.01293	0.00257	0.9845
1007 A	0.01295	0.00255	0.9845
1008 T	0.01299	0.00252	0.98449
1009 G	0.01300	0.00251	0.98449
1010 A	0.01303	0.00248	0.98449
1011 C	0.01311	0.00239	0.9845
1012 A	0.01324	0.00235	0.98441
1013 T	0.01340	0.00224	0.98436
1014 T	0.01350	0.00218	0.98432
1015 G	0.01353	0.00228	0.98418
1016 A	0.01357	0.00251	0.98391
1017 A	0.01366	0.00261	0.98372
1018 G	0.01379	0.00267	0.98355
1019 T	0.01406	0.00268	0.98325
1020 A	0.01420	0.00278	0.98303
1021 T	0.01424	0.00292	0.98284
1022 G	0.01411	0.00326	0.98263
1023 G	0.01404	0.00333	0.98263
1024 T	0.01402	0.00334	0.98263
1025 T	0.01400	0.00338	0.98263
1026 A	0.01394	0.00346	0.9826
1027 C	0.01390	0.00351	0.98259
1028 C	0.01389	0.00370	0.98242
1029 T	0.01386	0.00388	0.98226
1030 G	0.01359	0.00428	0.98214
1031 G	0.01320	0.00487	0.98193
1032 A	0.01303	0.00510	0.98188
1033 C	0.01297	0.00520	0.98184
1034 A	0.01291	0.00533	0.98176
1035 G	0.01298	0.00530	0.98171
1036 C	0.01307	0.00528	0.98165
1037 A	0.01314	0.00536	0.9815
1038 A	0.01326	0.00545	0.9813
1039 A	0.01351	0.00532	0.98117
1040 A	0.01384	0.00513	0.98103
1041 A	0.01409	0.00499	0.98091
1042 T	0.01452	0.00462	0.98085
1043 A	0.01469	0.00435	0.98095
1044 T	0.01483	0.00410	0.98107
1045 T	0.01472	0.00410	0.98118
1046 G	0.01422	0.00459	0.9812
1047 C	0.01388	0.00506	0.98106
1048 G	0.01373	0.00592	0.98036
1049 A	0.01367	0.00640	0.97993
1050 A	0.01367	0.00679	0.97955
1051 A	0.01384	0.00672	0.97944
1052 T	0.01402	0.00667	0.97931
1053 A	0.01411	0.00661	0.97928
1054 G	0.01426	0.00610	0.97964
1055 C	0.01433	0.00587	0.9798
1056 T	0.01441	0.00583	0.97975
1057 T	0.01450	0.00582	0.97968
1058 C	0.01454	0.00586	0.9796
1059 T	0.01461	0.00597	0.97942
1060 A	0.01467	0.00603	0.9793
1061 T	0.01482	0.00593	0.97925
1062 A	0.01491	0.00589	0.97919
1063 A	0.01504	0.00582	0.97914
1064 G	0.01514	0.00564	0.97922
1065 T	0.01530	0.00544	0.97927
1066 A	0.01531	0.00532	0.97936
1067 A	0.01540	0.00510	0.9795
1068 T	0.01561	0.00465	0.97975
1069 G	0.01568	0.00422	0.9801
1070 C	0.01584	0.00389	0.98027
1071 T	0.01636	0.00371	0.97993
1072 G	0.01650	0.00428	0.97922
1073 A	0.01668	0.00557	0.97775
1074 A	0.01678	0.00676	0.97646
1075 G	0.01694	0.00785	0.97522
1076 A	0.01731	0.00874	0.97395
1077 T	0.01747	0.00890	0.97363
1078 T	0.01743	0.00917	0.9734
1079 T	0.01733	0.00945	0.97322
1080 T	0.01658	0.01043	0.97299
1081 C	0.01512	0.01197	0.97292
1082 A	0.01373	0.01390	0.97237
1083 A	0.01278	0.01511	0.97211
1084 T	0.01238	0.01560	0.97202
1085 C	0.01141	0.01664	0.97196
1086 T	0.01003	0.01824	0.97172
1087 A	0.00777	0.02066	0.97157
1088 G	0.00674	0.02176	0.97151
1089 A	0.00638	0.02217	0.97146
1090 A	0.00626	0.02229	0.97145
1091 G	0.00626	0.02224	0.9715
1092 A	0.00643	0.02198	0.97159
1093 G	0.00669	0.02162	0.9717
1094 C	0.00718	0.02104	0.97178
1095 A	0.00786	0.02038	0.97176
1096 A	0.00925	0.01903	0.97172
1097 A	0.01048	0.01783	0.9717
1098 T	0.01182	0.01646	0.97172
1099 A	0.01293	0.01543	0.97164
1100 T	0.01347	0.01467	0.97186
1101 T	0.01364	0.01433	0.97202
1102 A	0.01369	0.01421	0.9721
1103 A	0.01379	0.01335	0.97286
1104 A	0.01389	0.01192	0.97419
1105 T	0.01451	0.00968	0.97581
1106 T	0.01483	0.00867	0.9765
1107 T	0.01447	0.00867	0.97686
1108 A	0.01347	0.00911	0.97742
1109 T	0.01285	0.00862	0.97853
1110 T	0.01167	0.00863	0.9797
1111 C	0.00934	0.01129	0.97936
1112 G	0.00777	0.01802	0.97421
1113 A	0.00695	0.02325	0.96979
1114 G	0.00613	0.02949	0.96438
1115 A	0.00546	0.03428	0.96026
1116 T	0.00507	0.03638	0.95856
1117 A	0.00430	0.03871	0.95698
1118 A	0.00400	0.04041	0.95558
1119 A	0.00397	0.04152	0.95451
1120 A	0.00399	0.04169	0.95431
1121 A	0.00402	0.04174	0.95423
1122 A	0.00411	0.04172	0.95416
1123 A	0.00420	0.04167	0.95413
1124 C	0.00432	0.04152	0.95417
1125 A	0.00444	0.04145	0.95411
1126 A	0.00459	0.04131	0.9541
1127 A	0.00474	0.04117	0.95409
1128 A	0.00495	0.04095	0.9541
1129 A	0.00540	0.04049	0.95411
1130 G	0.00579	0.03925	0.95496
1131 A	0.00632	0.03754	0.95614
1132 G	0.00707	0.03597	0.95697
1133 A	0.00830	0.03389	0.95781
1134 A	0.01057	0.02984	0.95959
1135 T	0.01714	0.02201	0.96085
1136 A	0.02092	0.01769	0.96139
1137 T	0.02662	0.01113	0.96225
1138 T	0.02982	0.00734	0.96285
1139 T	0.03104	0.00578	0.96319
1140 G	0.03147	0.00483	0.9637
1141 C	0.03226	0.00379	0.96395
1142 A	0.03292	0.00312	0.96397
1143 T	0.03313	0.00291	0.96395
1144 A	0.03323	0.00285	0.96392
1145 C	0.03338	0.00270	0.96392
1146 T	0.03346	0.00270	0.96383
1147 T	0.03345	0.00275	0.9638
1148 T	0.03337	0.00283	0.9638
1149 G	0.03273	0.00349	0.96377
1150 A	0.03250	0.00376	0.96374
1151 A	0.03249	0.00375	0.96376
1152 C	0.03254	0.00365	0.96381
1153 G	0.03260	0.00358	0.96381
1154 G	0.03279	0.00340	0.96381
1155 T	0.03298	0.00321	0.9638
1156 T	0.03316	0.00304	0.9638
1157 C	0.03318	0.00302	0.9638
1158 T	0.03340	0.00284	0.96375
1159 G	0.03349	0.00278	0.96373
1160 C	0.03349	0.00282	0.96369
1161 T	0.03329	0.00324	0.96347
1162 T	0.03310	0.00345	0.96345
1163 T	0.03271	0.00385	0.96343
1164 A	0.03154	0.00508	0.96338
1165 G	0.03115	0.00551	0.96335
1166 C	0.03082	0.00583	0.96335
1167 T	0.03060	0.00648	0.96292
1168 A	0.03019	0.00727	0.96255
1169 T	0.03008	0.00752	0.9624
1170 A	0.02772	0.01012	0.96217
1171 G	0.02611	0.01178	0.96211
1172 G	0.02549	0.01201	0.96251
1173 T	0.02522	0.01242	0.96236
1174 A	0.02484	0.01289	0.96227
1175 G	0.02454	0.01332	0.96214
1176 A	0.02425	0.01393	0.96182
1177 A	0.02405	0.01448	0.96147
1178 C	0.02393	0.01463	0.96144
1179 A	0.02384	0.01496	0.9612
1180 A	0.02381	0.01519	0.961
1181 T	0.02384	0.01524	0.96092
1182 G	0.02383	0.01530	0.96087
1183 A	0.02383	0.01526	0.9609
1184 T	0.02401	0.01455	0.96144
1185 A	0.02397	0.01429	0.96174
1186 G	0.02398	0.01380	0.96221
1187 C	0.02403	0.01277	0.9632
1188 A	0.02405	0.01262	0.96333
1189 A	0.02412	0.01245	0.96343
1190 T	0.02462	0.01190	0.96349
1191 T	0.02481	0.01184	0.96335
1192 A	0.02451	0.01291	0.96258
1193 T	0.02435	0.01080	0.96485
1194 G	0.02373	0.01032	0.96595
1195 G	0.02346	0.01129	0.96525
1196 A	0.02343	0.01412	0.96245
1197 A	0.02338	0.01731	0.95931
1198 A	0.02337	0.02190	0.95473
1199 A	0.02374	0.02300	0.95326
1200 T	0.02424	0.02256	0.9532
1201 T	0.02429	0.02267	0.95305
1202 A	0.02418	0.02297	0.95285
1203 T	0.02420	0.02307	0.95273
1204 C	0.02403	0.02333	0.95264
1205 A	0.02390	0.02364	0.95246
1206 A	0.02375	0.02394	0.95231
1207 G	0.02369	0.02413	0.95218
1208 A	0.02362	0.02439	0.95199
1209 T	0.02369	0.02450	0.95182
1210 A	0.02369	0.02469	0.95163
1211 A	0.02382	0.02453	0.95164
1212 A	0.02406	0.02426	0.95167
1213 G	0.02430	0.02392	0.95178
1214 A	0.02477	0.02340	0.95184
1215 T	0.02592	0.02200	0.95207
1216 G	0.02623	0.02159	0.95219
1217 G	0.02688	0.02068	0.95244
1218 A	0.02822	0.01932	0.95246
1219 A	0.03095	0.01642	0.95263
1220 A	0.03417	0.01303	0.9528
1221 T	0.03912	0.00786	0.95302
1222 A	0.04063	0.00632	0.95306
1223 T	0.04113	0.00575	0.95312
1224 T	0.04143	0.00538	0.95319
1225 G	0.04156	0.00521	0.95323
1226 T	0.04167	0.00512	0.95321
1227 T	0.04168	0.00497	0.95335
1228 A	0.04161	0.00492	0.95346
1229 T	0.04168	0.00470	0.95361
1230 A	0.04153	0.00476	0.95371
1231 C	0.04151	0.00465	0.95384
1232 C	0.04140	0.00473	0.95387
1233 T	0.04140	0.00478	0.95382
1234 G	0.04127	0.00504	0.95369
1235 A	0.04131	0.00508	0.95361
1236 A	0.04141	0.00509	0.95351
1237 G	0.04167	0.00485	0.95347
1238 T	0.04205	0.00444	0.95351
1239 T	0.04234	0.00409	0.95357
1240 T	0.04241	0.00401	0.95358
1241 T	0.04228	0.00412	0.95359
1242 A	0.04205	0.00438	0.95357
1243 C	0.04193	0.00450	0.95357
1244 G	0.04189	0.00463	0.95349
1245 T	0.04194	0.00469	0.95337
1246 A	0.04188	0.00485	0.95326
1247 G	0.04191	0.00487	0.95322
1248 T	0.04202	0.00487	0.95312
1249 T	0.04195	0.00507	0.95298
1250 A	0.04142	0.00586	0.95272
1251 T	0.04113	0.00617	0.95271
1252 A	0.04034	0.00731	0.95235
1253 T	0.04027	0.00714	0.9526
1254 A	0.04014	0.00712	0.95273
1255 G	0.04007	0.00693	0.95299
1256 G	0.04013	0.00665	0.95321
1257 T	0.04026	0.00635	0.95338
1258 A	0.04034	0.00622	0.95345
1259 T	0.04045	0.00604	0.95351
1260 A	0.04049	0.00596	0.95355
1261 G	0.04057	0.00582	0.95361
1262 A	0.04060	0.00567	0.95372
1263 T	0.04068	0.00536	0.95396
1264 T	0.04075	0.00505	0.95421
1265 T	0.04081	0.00475	0.95444
1266 G	0.04084	0.00459	0.95457
1267 A	0.04091	0.00442	0.95466
1268 T	0.04104	0.00419	0.95477
1269 T	0.04114	0.00395	0.9549
1270 A	0.04121	0.00381	0.95498
1271 A	0.04136	0.00355	0.95509
1272 A	0.04161	0.00303	0.95535
1273 T	0.04203	0.00201	0.95597
1274 A	0.04226	0.00139	0.95636
1275 A	0.04279	0.00000	0.95721
