# lcl|CP097583.1_cds_USQ93350.1_1
# AA	inside	membr	outside
1 A	0.66553	0.00000	0.33447
2 T	0.66116	0.00436	0.33447
3 G	0.65827	0.00725	0.33447
4 C	0.65827	0.02571	0.31601
5 A	0.63314	0.13363	0.23323
6 T	0.63314	0.13976	0.2271
7 T	0.52931	0.24563	0.22506
8 T	0.52930	0.24575	0.22495
9 A	0.45150	0.32592	0.22258
10 A	0.45139	0.45322	0.09538
11 A	0.44342	0.46533	0.09125
12 A	0.37968	0.53111	0.0892
13 A	0.33653	0.57837	0.08509
14 A	0.33652	0.57838	0.08509
15 A	0.33652	0.58967	0.07381
16 T	0.33605	0.59014	0.07381
17 T	0.33453	0.59190	0.07357
18 A	0.33445	0.59299	0.07255
19 T	0.33354	0.59463	0.07182
20 T	0.32474	0.61341	0.06184
21 T	0.29556	0.64252	0.06193
22 A	0.29058	0.65068	0.05875
23 A	0.28028	0.66364	0.05608
24 A	0.25608	0.69124	0.05268
25 A	0.24022	0.70133	0.05845
26 G	0.23105	0.70420	0.06475
27 A	0.24242	0.68205	0.07554
28 T	0.32168	0.57910	0.09922
29 T	0.32312	0.56635	0.11053
30 A	0.31748	0.50783	0.17469
31 A	0.31265	0.51893	0.16842
32 A	0.31324	0.46701	0.21974
33 T	0.40851	0.39761	0.19389
34 A	0.39373	0.44394	0.16232
35 T	0.39552	0.43974	0.16474
36 T	0.39288	0.42309	0.18403
37 A	0.37541	0.44206	0.18252
38 A	0.37376	0.44444	0.1818
39 A	0.34845	0.46973	0.18182
40 C	0.34077	0.47108	0.18815
41 C	0.33935	0.47120	0.18945
42 T	0.34046	0.47567	0.18387
43 A	0.34136	0.48301	0.17564
44 A	0.33783	0.50899	0.15318
45 A	0.33749	0.52557	0.13695
46 A	0.34043	0.53448	0.12508
47 A	0.34547	0.50173	0.1528
48 T	0.35302	0.47195	0.17503
49 A	0.35667	0.46182	0.18151
50 T	0.36307	0.44514	0.19179
51 T	0.36502	0.44116	0.19382
52 A	0.36601	0.43943	0.19455
53 A	0.37145	0.43379	0.19476
54 G	0.38958	0.41519	0.19522
55 A	0.40870	0.41019	0.18111
56 T	0.44828	0.37609	0.17564
57 A	0.48331	0.35304	0.16365
58 T	0.51931	0.33312	0.14757
59 A	0.52342	0.34351	0.13308
60 T	0.52584	0.33729	0.13687
61 A	0.52723	0.35419	0.11858
62 T	0.53312	0.32789	0.13899
63 T	0.53393	0.32004	0.14603
64 A	0.53396	0.31695	0.14909
65 A	0.53853	0.31005	0.15142
66 C	0.54814	0.29445	0.15742
67 G	0.57128	0.26972	0.159
68 C	0.58937	0.25039	0.16024
69 T	0.61343	0.23127	0.1553
70 T	0.61802	0.22844	0.15354
71 T	0.61901	0.23362	0.14737
72 A	0.61635	0.23765	0.14601
73 A	0.61139	0.24378	0.14483
74 C	0.61203	0.24252	0.14544
75 A	0.61713	0.24102	0.14184
76 C	0.62315	0.24215	0.13469
77 A	0.63503	0.23908	0.12589
78 T	0.66193	0.21664	0.12144
79 A	0.67366	0.20665	0.1197
80 G	0.69890	0.18144	0.11966
81 T	0.72548	0.15491	0.11961
82 T	0.74207	0.13574	0.12219
83 C	0.74587	0.13036	0.12377
84 T	0.75764	0.11843	0.12393
85 T	0.75493	0.12074	0.12433
86 A	0.74758	0.12779	0.12462
87 T	0.74140	0.13230	0.1263
88 G	0.72769	0.14693	0.12538
89 C	0.71595	0.15672	0.12734
90 T	0.70367	0.16948	0.12685
91 A	0.67789	0.19725	0.12487
92 A	0.66206	0.21316	0.12478
93 C	0.65226	0.22142	0.12632
94 G	0.64077	0.23275	0.12648
95 A	0.63642	0.23150	0.13209
96 A	0.63479	0.22581	0.1394
97 C	0.63561	0.22057	0.14383
98 A	0.64043	0.21469	0.14487
99 T	0.64968	0.19741	0.15291
100 C	0.65554	0.18653	0.15793
101 A	0.65864	0.18542	0.15594
102 T	0.66007	0.18579	0.15414
103 T	0.65672	0.19532	0.14796
104 T	0.64168	0.23052	0.12779
105 T	0.61221	0.27568	0.11211
106 A	0.55665	0.33985	0.1035
107 G	0.50485	0.39483	0.10032
108 A	0.46559	0.44803	0.08638
109 A	0.42639	0.49842	0.07519
110 A	0.39967	0.53635	0.06398
111 A	0.38277	0.55416	0.06307
112 A	0.37324	0.55638	0.07038
113 A	0.37058	0.54886	0.08056
114 T	0.37116	0.52756	0.10128
115 A	0.36918	0.51881	0.11201
116 A	0.36759	0.51075	0.12166
117 T	0.36698	0.49597	0.13705
118 A	0.36466	0.49415	0.14119
119 A	0.36209	0.49484	0.14306
120 C	0.36066	0.49787	0.14147
121 G	0.35887	0.51955	0.12158
122 A	0.35788	0.53581	0.10631
123 A	0.35838	0.54681	0.0948
124 A	0.36202	0.54879	0.08918
125 G	0.36732	0.54466	0.08802
126 A	0.38175	0.52131	0.09693
127 T	0.41091	0.46566	0.12343
128 T	0.43064	0.41547	0.15389
129 A	0.44131	0.36560	0.19309
130 G	0.44966	0.31739	0.23294
131 A	0.46325	0.27545	0.2613
132 A	0.47930	0.22909	0.2916
133 T	0.49856	0.18803	0.31341
134 T	0.51028	0.16327	0.32645
135 T	0.51583	0.15419	0.32998
136 T	0.51737	0.15718	0.32545
137 T	0.51574	0.16364	0.32062
138 A	0.51050	0.17295	0.31655
139 G	0.50578	0.17845	0.31577
140 G	0.50447	0.18231	0.31322
141 A	0.50627	0.18695	0.30678
142 G	0.51017	0.18131	0.30852
143 A	0.52040	0.17144	0.30816
144 T	0.54589	0.14718	0.30693
145 T	0.56068	0.13436	0.30495
146 C	0.56849	0.12903	0.30247
147 T	0.57333	0.13709	0.28959
148 G	0.57533	0.15154	0.27313
149 T	0.57982	0.15484	0.26534
150 T	0.58207	0.15964	0.25829
151 A	0.58385	0.16745	0.2487
152 T	0.59016	0.16505	0.24478
153 T	0.59375	0.16362	0.24263
154 A	0.59538	0.16355	0.24107
155 A	0.60101	0.15863	0.24036
156 T	0.61202	0.14696	0.24101
157 T	0.61884	0.13935	0.2418
158 T	0.62492	0.13194	0.24314
159 T	0.63280	0.12287	0.24433
160 T	0.63656	0.11726	0.24618
161 T	0.63781	0.11266	0.24954
162 A	0.63299	0.11509	0.25193
163 A	0.62981	0.11663	0.25356
164 T	0.63255	0.11285	0.25461
165 G	0.62346	0.12153	0.25501
166 G	0.61751	0.12785	0.25464
167 C	0.62053	0.12468	0.2548
168 T	0.62316	0.12366	0.25318
169 A	0.61986	0.12978	0.25036
170 G	0.62756	0.12417	0.24827
171 T	0.64474	0.10982	0.24545
172 T	0.64756	0.11370	0.23874
173 A	0.64638	0.11915	0.23446
174 T	0.64936	0.11911	0.23152
175 T	0.63850	0.13938	0.22213
176 T	0.62113	0.16193	0.21694
177 A	0.58018	0.21135	0.20846
178 T	0.54294	0.26164	0.19542
179 A	0.44436	0.38587	0.16976
180 T	0.39141	0.46321	0.14538
181 A	0.26493	0.64487	0.09021
182 A	0.19058	0.73773	0.07169
183 A	0.15428	0.79024	0.05547
184 A	0.13304	0.81798	0.04898
185 A	0.12795	0.82168	0.05037
186 A	0.12341	0.82355	0.05305
187 A	0.12107	0.82297	0.05596
188 A	0.12072	0.81532	0.06396
189 T	0.12144	0.80821	0.07035
190 A	0.12091	0.80737	0.07172
191 A	0.12219	0.80284	0.07497
192 A	0.12461	0.79372	0.08167
193 G	0.12710	0.78260	0.0903
194 A	0.13029	0.77753	0.09218
195 T	0.13867	0.76412	0.09721
196 A	0.14274	0.75410	0.10315
197 A	0.14801	0.73911	0.11288
198 T	0.15914	0.70163	0.13923
199 G	0.16321	0.67320	0.16358
200 A	0.17145	0.62922	0.19933
201 A	0.18474	0.57426	0.241
202 G	0.21099	0.44310	0.3459
203 G	0.23743	0.37073	0.39185
204 T	0.29643	0.22295	0.48063
205 A	0.31306	0.19069	0.49625
206 T	0.32921	0.18688	0.48391
207 T	0.33429	0.26621	0.39949
208 A	0.33468	0.29516	0.37016
209 T	0.33358	0.30415	0.36227
210 G	0.32648	0.32988	0.34364
211 A	0.32496	0.35640	0.31863
212 C	0.32368	0.36656	0.30976
213 T	0.31910	0.40631	0.27459
214 A	0.30224	0.48077	0.21699
215 A	0.28882	0.52028	0.19089
216 A	0.27647	0.58695	0.13658
217 A	0.27192	0.61025	0.11782
218 A	0.26805	0.64330	0.08866
219 A	0.26767	0.66855	0.06379
220 A	0.26735	0.67453	0.05812
221 G	0.26823	0.67332	0.05846
222 G	0.27132	0.66894	0.05973
223 G	0.27619	0.66353	0.06028
224 C	0.28472	0.65447	0.0608
225 C	0.29623	0.64302	0.06074
226 C	0.31235	0.62693	0.06072
227 A	0.32734	0.61218	0.06049
228 A	0.36189	0.57769	0.06042
229 G	0.39870	0.54086	0.06044
230 C	0.49511	0.44402	0.06087
231 T	0.54125	0.39693	0.06182
232 G	0.55798	0.37623	0.06578
233 T	0.58957	0.33738	0.07305
234 T	0.61183	0.31240	0.07577
235 T	0.62001	0.30222	0.07777
236 G	0.63495	0.27982	0.08524
237 T	0.68186	0.21704	0.1011
238 A	0.69844	0.18875	0.11282
239 T	0.74926	0.12696	0.12379
240 A	0.76463	0.10730	0.12807
241 G	0.79180	0.07541	0.13278
242 A	0.81927	0.04537	0.13537
243 T	0.83319	0.02842	0.13839
244 T	0.83611	0.02428	0.1396
245 C	0.83648	0.02324	0.14029
246 T	0.83703	0.02480	0.13818
247 T	0.83662	0.02698	0.13641
248 T	0.83251	0.03396	0.13354
249 A	0.82220	0.04783	0.12997
250 T	0.81605	0.05886	0.12509
251 T	0.80566	0.08169	0.11265
252 A	0.79356	0.10399	0.10244
253 A	0.78459	0.11673	0.09868
254 T	0.78046	0.12211	0.09744
255 T	0.76908	0.13676	0.09416
256 T	0.72640	0.18047	0.09313
257 A	0.68052	0.22876	0.09072
258 T	0.64680	0.26517	0.08803
259 G	0.54895	0.36815	0.0829
260 C	0.49318	0.42914	0.07768
261 T	0.43410	0.49710	0.0688
262 A	0.30196	0.64418	0.05386
263 A	0.23634	0.71657	0.04709
264 A	0.17673	0.78106	0.04222
265 G	0.15487	0.80489	0.04024
266 A	0.14118	0.81985	0.03897
267 A	0.13266	0.82844	0.03891
268 A	0.12931	0.83056	0.04014
269 T	0.13006	0.82808	0.04185
270 A	0.12821	0.82828	0.0435
271 G	0.12960	0.82192	0.04848
272 A	0.13174	0.81191	0.05635
273 A	0.13629	0.80089	0.06282
274 T	0.14863	0.77766	0.0737
275 T	0.15656	0.75930	0.08413
276 A	0.15681	0.75192	0.09128
277 A	0.15516	0.74644	0.0984
278 A	0.15577	0.73089	0.11334
279 G	0.15699	0.67746	0.16555
280 A	0.16059	0.63098	0.20842
281 A	0.16901	0.58147	0.24953
282 T	0.18437	0.46363	0.35199
283 T	0.19320	0.39468	0.41212
284 A	0.19978	0.32677	0.47345
285 T	0.20987	0.19525	0.59488
286 A	0.21349	0.13875	0.64775
287 T	0.21732	0.08191	0.70078
288 T	0.21840	0.06330	0.7183
289 T	0.21854	0.05515	0.72631
290 T	0.21545	0.05848	0.72607
291 G	0.20569	0.08720	0.70711
292 T	0.19885	0.11880	0.68236
293 T	0.18014	0.18762	0.63224
294 A	0.15396	0.26671	0.57933
295 G	0.13594	0.32126	0.5428
296 G	0.12689	0.38672	0.48639
297 T	0.12127	0.43972	0.43901
298 A	0.10905	0.51755	0.3734
299 A	0.10522	0.57327	0.32151
300 A	0.10293	0.59929	0.29778
301 G	0.10078	0.64437	0.25486
302 G	0.09933	0.66243	0.23824
303 T	0.09868	0.68859	0.21272
304 G	0.09650	0.77399	0.12951
305 A	0.09515	0.81491	0.08994
306 A	0.09450	0.83302	0.07248
307 A	0.09387	0.84806	0.05807
308 A	0.09401	0.85246	0.05353
309 G	0.09614	0.85191	0.05195
310 A	0.09779	0.85260	0.04962
311 A	0.10167	0.84832	0.05
312 A	0.11022	0.83817	0.05161
313 A	0.12413	0.81859	0.05728
314 G	0.15288	0.77725	0.06988
315 A	0.18750	0.73432	0.07818
316 T	0.25395	0.64773	0.09832
317 A	0.29792	0.58430	0.11779
318 T	0.34016	0.52628	0.13355
319 G	0.38220	0.47864	0.13916
320 A	0.42408	0.43636	0.13956
321 T	0.48600	0.37116	0.14284
322 A	0.52900	0.33673	0.13427
323 A	0.55577	0.31823	0.126
324 T	0.61155	0.26731	0.12114
325 A	0.62927	0.26358	0.10715
326 A	0.65827	0.24003	0.1017
327 T	0.74375	0.15551	0.10074
328 T	0.77776	0.12075	0.10149
329 A	0.78881	0.10925	0.10195
330 T	0.80010	0.09726	0.10264
331 T	0.79889	0.09878	0.10233
332 C	0.78546	0.11221	0.10232
333 T	0.76996	0.12858	0.10145
334 A	0.76037	0.13940	0.10023
335 T	0.75316	0.14716	0.09967
336 C	0.73944	0.16128	0.09928
337 A	0.73350	0.16739	0.09911
338 T	0.72815	0.17275	0.0991
339 A	0.69393	0.20696	0.09912
340 G	0.67879	0.22194	0.09927
341 C	0.67242	0.22814	0.09943
342 A	0.66775	0.23218	0.10007
343 G	0.66876	0.23024	0.101
344 A	0.67430	0.22412	0.10158
345 C	0.68670	0.20962	0.10368
346 G	0.69761	0.19835	0.10403
347 C	0.70585	0.18942	0.10473
348 T	0.72013	0.17485	0.10501
349 T	0.72472	0.17020	0.10507
350 T	0.72573	0.16916	0.10511
351 T	0.71972	0.17420	0.10608
352 G	0.70037	0.19247	0.10717
353 A	0.69410	0.19457	0.11133
354 A	0.69127	0.18914	0.11959
355 G	0.69009	0.17070	0.13921
356 C	0.68985	0.14878	0.16136
357 T	0.69030	0.14009	0.16962
358 T	0.68899	0.13530	0.17572
359 T	0.68719	0.13042	0.1824
360 A	0.68398	0.13047	0.18555
361 T	0.68291	0.12710	0.18999
362 T	0.68110	0.09538	0.22352
363 T	0.67734	0.08349	0.23916
364 G	0.67203	0.08017	0.2478
365 G	0.66903	0.07639	0.25457
366 A	0.66723	0.07524	0.25753
367 G	0.66610	0.07431	0.25959
368 C	0.66578	0.07357	0.26065
369 T	0.66573	0.07369	0.26057
370 A	0.66553	0.07425	0.26022
371 T	0.66569	0.07368	0.26063
372 T	0.66582	0.07313	0.26104
373 T	0.66582	0.07294	0.26124
374 A	0.66567	0.06721	0.26713
375 T	0.66558	0.04842	0.286
376 T	0.66543	0.04554	0.28904
377 T	0.66500	0.04660	0.2884
378 A	0.66424	0.05149	0.28427
379 G	0.66380	0.05620	0.27999
380 A	0.66357	0.06329	0.27314
381 T	0.66265	0.07494	0.26242
382 T	0.65950	0.08947	0.25103
383 T	0.64740	0.12510	0.22751
384 A	0.62750	0.19673	0.17577
385 G	0.62085	0.24092	0.13823
386 G	0.61846	0.27020	0.11134
387 A	0.61706	0.29168	0.09127
388 T	0.61681	0.30348	0.07971
389 A	0.61636	0.31642	0.06722
390 T	0.61600	0.31735	0.06665
391 G	0.61370	0.32252	0.06378
392 A	0.61154	0.33487	0.05359
393 T	0.61069	0.34021	0.04911
394 C	0.60759	0.34499	0.04743
395 A	0.59943	0.35617	0.0444
396 A	0.58999	0.36769	0.04232
397 G	0.58094	0.37735	0.04171
398 C	0.57423	0.38454	0.04123
399 A	0.57082	0.39148	0.0377
400 G	0.57144	0.39359	0.03497
401 A	0.57576	0.39450	0.02973
402 A	0.58134	0.39058	0.02808
403 A	0.58997	0.38178	0.02826
404 A	0.60530	0.36423	0.03047
405 A	0.62258	0.34264	0.03479
406 A	0.65492	0.29677	0.04831
407 C	0.71350	0.21832	0.06818
408 T	0.76053	0.16633	0.07314
409 T	0.78827	0.13707	0.07466
410 T	0.80382	0.12081	0.07537
411 T	0.81042	0.11375	0.07584
412 C	0.81319	0.11047	0.07634
413 A	0.81250	0.11050	0.077
414 A	0.81409	0.10685	0.07906
415 T	0.82556	0.09278	0.08167
416 A	0.82834	0.08964	0.08201
417 T	0.82942	0.08561	0.08498
418 A	0.82569	0.08144	0.09287
419 T	0.81890	0.08021	0.1009
420 T	0.80337	0.09401	0.10262
421 G	0.78355	0.11596	0.1005
422 T	0.77985	0.11864	0.10151
423 G	0.76705	0.13074	0.10222
424 T	0.76130	0.13566	0.10304
425 T	0.75259	0.14374	0.10367
426 A	0.73347	0.16271	0.10381
427 C	0.71853	0.17797	0.1035
428 C	0.71337	0.18466	0.10198
429 T	0.70900	0.19476	0.09624
430 T	0.68962	0.21779	0.0926
431 A	0.67232	0.23805	0.08963
432 T	0.65086	0.26342	0.08572
433 T	0.62571	0.29312	0.08117
434 T	0.53548	0.38738	0.07714
435 A	0.36540	0.56218	0.07242
436 A	0.26106	0.67099	0.06795
437 A	0.21463	0.71838	0.06699
438 A	0.19599	0.73758	0.06644
439 A	0.18948	0.74212	0.0684
440 A	0.18820	0.74076	0.07104
441 A	0.18946	0.73338	0.07717
442 A	0.19295	0.71921	0.08784
443 T	0.20203	0.69066	0.10731
444 T	0.20823	0.66134	0.13043
445 A	0.20924	0.65316	0.1376
446 T	0.20980	0.63647	0.15373
447 C	0.20883	0.62438	0.16679
448 A	0.20824	0.61949	0.17226
449 A	0.20832	0.60826	0.18342
450 T	0.20959	0.59803	0.19237
451 A	0.21094	0.59485	0.19422
452 T	0.21694	0.58478	0.19828
453 T	0.21908	0.54151	0.23941
454 A	0.21793	0.51580	0.26628
455 T	0.21911	0.46808	0.31282
456 A	0.22034	0.45403	0.32563
457 G	0.22345	0.38422	0.39233
458 A	0.22730	0.32226	0.45044
459 T	0.23293	0.25310	0.51397
460 T	0.23351	0.25868	0.50781
461 T	0.22849	0.36185	0.40966
462 T	0.20985	0.57350	0.21665
463 A	0.19430	0.61283	0.19287
464 A	0.18812	0.62961	0.18227
465 A	0.18556	0.63749	0.17695
466 A	0.18426	0.64613	0.16961
467 C	0.18341	0.65593	0.16065
468 T	0.18354	0.69270	0.12376
469 A	0.18327	0.74947	0.06726
470 A	0.18320	0.76412	0.05268
471 A	0.18489	0.76493	0.05019
472 T	0.18740	0.76418	0.04842
473 T	0.18897	0.76183	0.0492
474 A	0.18629	0.76405	0.04967
475 C	0.18539	0.76385	0.05076
476 A	0.18565	0.76536	0.04898
477 A	0.18985	0.76077	0.04938
478 G	0.19928	0.75240	0.04832
479 A	0.21988	0.73479	0.04534
480 A	0.25177	0.70638	0.04185
481 T	0.36446	0.59559	0.03995
482 T	0.41692	0.54599	0.03709
483 A	0.44408	0.51786	0.03806
484 A	0.52336	0.43158	0.04506
485 T	0.67754	0.25763	0.06484
486 T	0.69130	0.23544	0.07325
487 C	0.68670	0.23733	0.07596
488 A	0.68842	0.23768	0.0739
489 A	0.69416	0.23328	0.07256
490 A	0.69424	0.23490	0.07085
491 C	0.70208	0.22707	0.07085
492 T	0.71777	0.21446	0.06777
493 A	0.61177	0.32956	0.05867
494 A	0.55372	0.40735	0.03894
495 T	0.47655	0.48926	0.03419
496 A	0.31064	0.65738	0.03198
497 A	0.20014	0.76407	0.03578
498 A	0.13852	0.82318	0.0383
499 C	0.11740	0.84156	0.04104
500 A	0.10054	0.85956	0.0399
501 A	0.09150	0.86933	0.03917
502 A	0.09424	0.86699	0.03877
503 A	0.09754	0.86312	0.03934
504 T	0.10337	0.85674	0.03988
505 A	0.10722	0.84899	0.04378
506 T	0.11020	0.83756	0.05224
507 C	0.11081	0.82940	0.05979
508 C	0.11102	0.82668	0.0623
509 A	0.11225	0.82658	0.06117
510 T	0.11374	0.82426	0.062
511 T	0.11458	0.82720	0.05822
512 A	0.11401	0.82936	0.05662
513 T	0.11553	0.81451	0.06996
514 A	0.11549	0.78139	0.10312
515 A	0.11790	0.73025	0.15184
516 A	0.12660	0.60003	0.27338
517 A	0.14550	0.50449	0.35
518 T	0.15196	0.38195	0.46609
519 T	0.15469	0.23753	0.60778
520 A	0.15578	0.14901	0.69521
521 T	0.15713	0.09499	0.74788
522 T	0.15745	0.07720	0.76535
523 G	0.15622	0.06736	0.77643
524 C	0.15303	0.06856	0.77841
525 T	0.14981	0.10683	0.74336
526 G	0.14087	0.17422	0.6849
527 A	0.12880	0.33026	0.54094
528 A	0.11779	0.49891	0.3833
529 A	0.10551	0.64153	0.25295
530 A	0.10144	0.77012	0.12844
531 A	0.10115	0.80063	0.09822
532 G	0.10360	0.80990	0.0865
533 G	0.10734	0.82289	0.06977
534 T	0.11355	0.82534	0.0611
535 T	0.11574	0.82293	0.06134
536 T	0.11547	0.82222	0.0623
537 A	0.11171	0.82524	0.06305
538 G	0.11128	0.82509	0.06363
539 C	0.11180	0.82420	0.064
540 C	0.11209	0.82400	0.06391
541 C	0.11273	0.82389	0.06337
542 A	0.11522	0.82316	0.06162
543 T	0.11478	0.82556	0.05966
544 G	0.10875	0.83404	0.05721
545 A	0.10373	0.84248	0.05379
546 A	0.10564	0.84059	0.05378
547 A	0.11740	0.82499	0.05762
548 A	0.15357	0.78425	0.06218
549 A	0.21425	0.71410	0.07165
550 G	0.36246	0.55371	0.08383
551 A	0.50966	0.39758	0.09276
552 A	0.65086	0.24616	0.10298
553 T	0.78082	0.11315	0.10603
554 T	0.80350	0.09262	0.10388
555 T	0.78801	0.11699	0.095
556 A	0.70990	0.19983	0.09028
557 T	0.65479	0.25596	0.08925
558 A	0.54319	0.36974	0.08707
559 A	0.43109	0.48169	0.08722
560 C	0.38676	0.52227	0.09097
561 T	0.33583	0.57359	0.09058
562 G	0.25687	0.65301	0.09012
563 A	0.21682	0.69338	0.0898
564 A	0.20354	0.70625	0.09021
565 G	0.19853	0.71035	0.09113
566 T	0.19917	0.70573	0.0951
567 A	0.20005	0.69824	0.10171
568 T	0.20260	0.68823	0.10917
569 A	0.20138	0.68488	0.11374
570 T	0.19996	0.68257	0.11747
571 T	0.19531	0.68434	0.12036
572 T	0.18558	0.69196	0.12245
573 G	0.16957	0.70728	0.12315
574 G	0.16488	0.71175	0.12337
575 A	0.16391	0.71178	0.12431
576 A	0.16402	0.70828	0.12769
577 A	0.16728	0.69198	0.14074
578 A	0.17657	0.65034	0.1731
579 T	0.18326	0.54846	0.26828
580 A	0.18553	0.47596	0.33851
581 T	0.18927	0.35509	0.45564
582 T	0.19063	0.23882	0.57054
583 T	0.19094	0.19187	0.61719
584 T	0.19061	0.15262	0.65676
585 T	0.18872	0.11662	0.69466
586 T	0.18699	0.11395	0.69906
587 T	0.18374	0.12116	0.69509
588 A	0.17489	0.15470	0.67041
589 G	0.16657	0.17849	0.65494
590 G	0.15916	0.21772	0.62312
591 A	0.14097	0.32601	0.53302
592 A	0.12778	0.40339	0.46883
593 G	0.11980	0.50266	0.37755
594 A	0.11642	0.60399	0.27959
595 G	0.11622	0.66964	0.21414
596 G	0.11658	0.69867	0.18475
597 T	0.11770	0.71676	0.16554
598 T	0.11804	0.74240	0.13956
599 T	0.11788	0.76106	0.12107
600 A	0.11703	0.77929	0.10369
601 G	0.11645	0.78793	0.09562
602 G	0.11619	0.79742	0.08639
603 A	0.11618	0.81527	0.06855
604 A	0.11653	0.81987	0.0636
605 A	0.11809	0.82168	0.06023
606 A	0.12035	0.82042	0.05923
607 A	0.12393	0.81559	0.06048
608 C	0.14354	0.79091	0.06556
609 T	0.16668	0.77155	0.06177
610 A	0.17778	0.76765	0.05457
611 A	0.19953	0.74740	0.05307
612 A	0.21538	0.72946	0.05516
613 A	0.24159	0.69812	0.06029
614 A	0.33532	0.58563	0.07905
615 A	0.41644	0.49116	0.0924
616 G	0.53302	0.36552	0.10146
617 C	0.65124	0.24330	0.10547
618 T	0.73132	0.16736	0.10133
619 T	0.75540	0.14992	0.09469
620 C	0.63547	0.27957	0.08495
621 T	0.54881	0.37189	0.0793
622 G	0.44171	0.48803	0.07025
623 A	0.34019	0.60253	0.05728
624 A	0.28475	0.66404	0.05121
625 C	0.25935	0.69263	0.04802
626 A	0.24086	0.71893	0.0402
627 A	0.21045	0.75254	0.03701
628 A	0.19520	0.76821	0.03659
629 A	0.18689	0.77652	0.03659
630 A	0.17936	0.78386	0.03678
631 G	0.17565	0.78552	0.03883
632 C	0.15983	0.79946	0.04071
633 A	0.14533	0.81306	0.04162
634 G	0.13925	0.81781	0.04294
635 C	0.13471	0.82145	0.04384
636 G	0.12863	0.82738	0.04399
637 C	0.12373	0.83222	0.04406
638 A	0.11892	0.83714	0.04395
639 A	0.11644	0.83950	0.04406
640 G	0.11670	0.83856	0.04474
641 A	0.12247	0.82895	0.04858
642 A	0.13084	0.80844	0.06072
643 G	0.14238	0.60058	0.25703
644 C	0.15133	0.44830	0.40038
645 T	0.16369	0.34651	0.4898
646 T	0.17455	0.27248	0.55296
647 T	0.17823	0.24666	0.57511
648 A	0.17834	0.24003	0.58163
649 C	0.18095	0.22243	0.59662
650 T	0.18117	0.20019	0.61864
651 T	0.17217	0.21076	0.61706
652 A	0.15806	0.28538	0.55656
653 A	0.14451	0.34764	0.50785
654 A	0.13796	0.37899	0.48305
655 A	0.13470	0.37770	0.48759
656 T	0.13238	0.36833	0.49929
657 A	0.12648	0.48863	0.38488
658 G	0.12236	0.59792	0.27972
659 A	0.11626	0.70092	0.18282
660 A	0.09799	0.79852	0.1035
661 A	0.08490	0.83666	0.07844
662 A	0.07665	0.85844	0.06491
663 A	0.07078	0.87055	0.05866
664 G	0.06479	0.88350	0.05171
665 A	0.06388	0.88668	0.04944
666 A	0.06376	0.88701	0.04924
667 A	0.06421	0.88640	0.04938
668 G	0.06558	0.88443	0.04999
669 G	0.06979	0.87954	0.05066
670 A	0.08146	0.86691	0.05163
671 A	0.09949	0.84666	0.05385
672 T	0.13052	0.81216	0.05732
673 A	0.14519	0.79476	0.06005
674 T	0.16758	0.76224	0.07018
675 A	0.20482	0.71255	0.08264
676 C	0.24936	0.65439	0.09624
677 C	0.27855	0.62084	0.10061
678 A	0.30823	0.58995	0.10181
679 A	0.33774	0.55902	0.10324
680 A	0.46916	0.42410	0.10675
681 T	0.59234	0.29791	0.10975
682 G	0.68406	0.19936	0.11658
683 T	0.77138	0.08880	0.13982
684 T	0.79860	0.04588	0.15552
685 T	0.81050	0.02440	0.1651
686 A	0.81450	0.01448	0.17102
687 A	0.82198	0.00000	0.17803
