# lcl|CP097583.1_cds_USQ93288.1_1
# AA	inside	membr	outside
1 A	0.15009	0.00000	0.84991
2 T	0.14934	0.00075	0.84991
3 G	0.14880	0.00130	0.84991
4 T	0.14880	0.00658	0.84463
5 G	0.14183	0.01849	0.83969
6 T	0.14183	0.01931	0.83887
7 G	0.11406	0.04737	0.83858
8 A	0.11406	0.04738	0.83857
9 A	0.10759	0.05405	0.83837
10 A	0.10758	0.06969	0.82273
11 A	0.10635	0.07232	0.82133
12 T	0.09431	0.08503	0.82066
13 A	0.04932	0.13606	0.81462
14 T	0.04932	0.13607	0.81462
15 A	0.04932	0.15583	0.79486
16 A	0.04737	0.15778	0.79486
17 A	0.04592	0.15927	0.79482
18 C	0.04588	0.15940	0.79472
19 A	0.04528	0.16010	0.79462
20 A	0.04420	0.16190	0.7939
21 T	0.04331	0.16278	0.79391
22 A	0.04381	0.16226	0.79393
23 T	0.04557	0.16026	0.79417
24 T	0.04772	0.15725	0.79504
25 T	0.04873	0.14937	0.8019
26 C	0.04903	0.14515	0.80583
27 T	0.05142	0.13971	0.80886
28 T	0.05296	0.13480	0.81224
29 T	0.05285	0.13430	0.81286
30 A	0.05158	0.12572	0.8227
31 A	0.05006	0.12717	0.82278
32 A	0.04938	0.11981	0.83081
33 A	0.06159	0.10321	0.8352
34 G	0.06307	0.09939	0.83755
35 A	0.06474	0.08749	0.84777
36 A	0.07053	0.04758	0.88189
37 A	0.07173	0.04593	0.88234
38 T	0.09020	0.02686	0.88294
39 T	0.09034	0.03000	0.87966
40 G	0.09038	0.03578	0.87384
41 T	0.09054	0.03588	0.87358
42 T	0.08983	0.03648	0.87368
43 A	0.08966	0.03633	0.87401
44 G	0.08866	0.03693	0.87441
45 C	0.08832	0.03788	0.8738
46 T	0.08822	0.03857	0.87322
47 T	0.08790	0.03922	0.87287
48 T	0.08720	0.04026	0.87254
49 A	0.08592	0.04184	0.87224
50 T	0.08492	0.04310	0.87198
51 G	0.08476	0.04286	0.87238
52 A	0.08478	0.04228	0.87294
53 A	0.08495	0.04051	0.87454
54 A	0.08540	0.03843	0.87617
55 C	0.08589	0.03669	0.87743
56 A	0.08677	0.03543	0.87781
57 A	0.08825	0.03363	0.87812
58 A	0.08984	0.03180	0.87836
59 C	0.09228	0.02911	0.87862
60 T	0.09466	0.02666	0.87868
61 G	0.09593	0.02523	0.87884
62 G	0.10154	0.01920	0.87926
63 T	0.10868	0.01179	0.87953
64 T	0.10971	0.01066	0.87963
65 T	0.11036	0.00915	0.88049
66 T	0.11083	0.00824	0.88093
67 G	0.11093	0.00720	0.88186
68 T	0.11135	0.00619	0.88247
69 T	0.11152	0.00554	0.88295
70 T	0.11132	0.00519	0.88348
71 T	0.11090	0.00491	0.88419
72 T	0.10994	0.00504	0.88503
73 C	0.10728	0.00699	0.88573
74 C	0.10537	0.00887	0.88576
75 T	0.10407	0.01023	0.8857
76 G	0.10267	0.01174	0.88559
77 G	0.10165	0.01278	0.88557
78 T	0.10080	0.01366	0.88555
79 A	0.09999	0.01451	0.88549
80 G	0.09956	0.01487	0.88557
81 C	0.09922	0.01521	0.88558
82 G	0.09890	0.01582	0.88528
83 A	0.09880	0.01610	0.8851
84 A	0.09866	0.01650	0.88484
85 A	0.09866	0.01683	0.88452
86 T	0.09874	0.01684	0.88442
87 T	0.09872	0.01684	0.88444
88 T	0.09855	0.01696	0.88449
89 A	0.09838	0.01705	0.88457
90 T	0.09833	0.01684	0.88483
91 A	0.09795	0.01698	0.88507
92 A	0.09778	0.01667	0.88555
93 T	0.09767	0.01561	0.88671
94 G	0.09745	0.01474	0.88781
95 G	0.09740	0.01352	0.88908
96 T	0.09744	0.01140	0.89115
97 T	0.09741	0.00999	0.8926
98 T	0.09732	0.00910	0.89358
99 A	0.09726	0.00821	0.89452
100 G	0.09719	0.00734	0.89547
101 C	0.09719	0.00654	0.89626
102 T	0.09725	0.00615	0.89659
103 A	0.09721	0.00610	0.89669
104 A	0.09719	0.00599	0.89682
105 T	0.09729	0.00574	0.89698
106 A	0.09717	0.00599	0.89684
107 G	0.09730	0.00559	0.89711
108 T	0.09752	0.00542	0.89707
109 T	0.09738	0.00581	0.89681
110 T	0.09716	0.00615	0.8967
111 T	0.09675	0.00648	0.89677
112 G	0.09608	0.00719	0.89673
113 A	0.09577	0.00745	0.89678
114 T	0.09565	0.00727	0.89708
115 T	0.09541	0.00734	0.89724
116 A	0.09489	0.00773	0.89738
117 C	0.09450	0.00786	0.89765
118 G	0.09408	0.00820	0.89771
119 G	0.09394	0.00828	0.89777
120 T	0.09398	0.00816	0.89785
121 C	0.09398	0.00804	0.89798
122 C	0.09402	0.00797	0.898
123 T	0.09408	0.00800	0.89792
124 T	0.09380	0.00847	0.89773
125 T	0.09276	0.00963	0.89761
126 A	0.09093	0.01163	0.89744
127 G	0.09013	0.01238	0.89749
128 G	0.08980	0.01248	0.89771
129 T	0.08972	0.01236	0.89792
130 A	0.08882	0.01320	0.89799
131 G	0.08827	0.01353	0.89821
132 T	0.08820	0.01373	0.89808
133 T	0.08705	0.01662	0.89632
134 T	0.08335	0.02399	0.89266
135 A	0.07761	0.03810	0.88428
136 T	0.07601	0.04610	0.8779
137 T	0.07288	0.05401	0.87312
138 A	0.06660	0.06087	0.87253
139 A	0.06208	0.06549	0.87243
140 A	0.05988	0.06765	0.87247
141 A	0.05493	0.07252	0.87255
142 C	0.05106	0.07636	0.87257
143 A	0.04926	0.07892	0.87183
144 A	0.04769	0.08119	0.87112
145 A	0.04684	0.08248	0.87068
146 A	0.04650	0.08300	0.8705
147 T	0.04636	0.08326	0.87039
148 A	0.04571	0.08396	0.87032
149 T	0.04517	0.08445	0.87038
150 T	0.04370	0.08655	0.86975
151 A	0.04102	0.09029	0.86869
152 A	0.03930	0.09293	0.86777
153 A	0.03827	0.09359	0.86814
154 A	0.03797	0.09285	0.86918
155 A	0.03861	0.09103	0.87036
156 A	0.04102	0.08607	0.87291
157 G	0.04564	0.07495	0.87941
158 C	0.05470	0.05773	0.88757
159 T	0.06151	0.04900	0.88949
160 T	0.06491	0.04375	0.89133
161 G	0.06480	0.04150	0.8937
162 G	0.06447	0.04028	0.89525
163 A	0.06410	0.04033	0.89557
164 T	0.06395	0.03553	0.90052
165 T	0.06339	0.03325	0.90337
166 A	0.06201	0.03515	0.90284
167 A	0.06110	0.03785	0.90104
168 A	0.06012	0.04043	0.89946
169 A	0.05913	0.04326	0.89762
170 A	0.05875	0.04577	0.89547
171 A	0.06031	0.04670	0.89298
172 T	0.06312	0.04613	0.89075
173 T	0.06430	0.04527	0.89044
174 T	0.06416	0.04384	0.892
175 T	0.06279	0.04458	0.89263
176 T	0.05959	0.04763	0.89278
177 T	0.05136	0.05601	0.89263
178 C	0.03601	0.07170	0.8923
179 A	0.02586	0.08301	0.89113
180 A	0.02168	0.08761	0.89071
181 G	0.01970	0.08979	0.89052
182 A	0.01845	0.09141	0.89014
183 A	0.01781	0.09262	0.88957
184 A	0.01752	0.09283	0.88965
185 A	0.01780	0.09204	0.89016
186 T	0.01853	0.09072	0.89075
187 G	0.01845	0.09086	0.89069
188 A	0.01885	0.09032	0.89083
189 A	0.02038	0.08748	0.89213
190 A	0.02315	0.08352	0.89332
191 A	0.02579	0.07958	0.89462
192 A	0.02855	0.07552	0.89593
193 A	0.03190	0.07105	0.89705
194 A	0.03604	0.06611	0.89785
195 T	0.04035	0.06061	0.89904
196 A	0.04216	0.05694	0.9009
197 T	0.04341	0.05163	0.90496
198 T	0.04424	0.04571	0.91005
199 T	0.04477	0.03990	0.91533
200 T	0.04485	0.03227	0.92288
201 G	0.04451	0.02177	0.93372
202 T	0.04467	0.01524	0.94009
203 T	0.04436	0.01335	0.94228
204 A	0.04396	0.01318	0.94287
205 G	0.04398	0.01249	0.94353
206 A	0.04447	0.01161	0.94392
207 T	0.04503	0.01057	0.9444
208 A	0.04529	0.01006	0.94465
209 G	0.04571	0.00937	0.94492
210 T	0.04636	0.00846	0.94518
211 T	0.04657	0.00813	0.9453
212 C	0.04630	0.00833	0.94537
213 T	0.04608	0.00869	0.94523
214 A	0.04565	0.00936	0.94499
215 T	0.04552	0.00965	0.94483
216 T	0.04529	0.01014	0.94458
217 A	0.04489	0.01090	0.94421
218 T	0.04467	0.01139	0.94394
219 T	0.04429	0.01224	0.94347
220 A	0.04383	0.01346	0.94271
221 T	0.04360	0.01427	0.94213
222 G	0.04326	0.01457	0.94217
223 A	0.04324	0.01443	0.94233
224 A	0.04345	0.01369	0.94286
225 T	0.04404	0.01242	0.94354
226 C	0.04439	0.01151	0.9441
227 C	0.04493	0.01101	0.94406
228 T	0.04515	0.01187	0.94298
229 A	0.04507	0.01418	0.94075
230 A	0.04511	0.01516	0.93972
231 A	0.04517	0.01555	0.93929
232 A	0.04527	0.01554	0.93919
233 T	0.04543	0.01507	0.9395
234 T	0.04544	0.01471	0.93986
235 T	0.04538	0.01455	0.94007
236 G	0.04505	0.01484	0.94011
237 G	0.04492	0.01496	0.94012
238 G	0.04494	0.01487	0.94019
239 A	0.04507	0.01472	0.94021
240 A	0.04535	0.01406	0.94059
241 G	0.04568	0.01339	0.94093
242 C	0.04617	0.01245	0.94137
243 A	0.04671	0.01173	0.94155
244 T	0.04729	0.01098	0.94173
245 C	0.04723	0.01084	0.94193
246 A	0.04714	0.01091	0.94195
247 G	0.04707	0.01098	0.94196
248 G	0.04714	0.01085	0.94201
249 A	0.04737	0.01056	0.94207
250 C	0.04795	0.00991	0.94215
251 A	0.04917	0.00861	0.94222
252 T	0.05149	0.00610	0.94242
253 T	0.05244	0.00506	0.9425
254 T	0.05280	0.00464	0.94255
255 A	0.05290	0.00451	0.94259
256 T	0.05325	0.00383	0.94293
257 C	0.05346	0.00327	0.94328
258 T	0.05379	0.00278	0.94343
259 T	0.05398	0.00234	0.94367
260 C	0.05413	0.00205	0.94382
261 A	0.05392	0.00230	0.94378
262 T	0.05391	0.00235	0.94374
263 T	0.05357	0.00270	0.94373
264 T	0.05230	0.00402	0.94369
265 A	0.05100	0.00544	0.94356
266 T	0.05027	0.00610	0.94363
267 T	0.04929	0.00697	0.94374
268 G	0.04658	0.00954	0.94388
269 A	0.04596	0.01007	0.94397
270 T	0.04576	0.01016	0.94407
271 C	0.04539	0.01051	0.94411
272 C	0.04514	0.01083	0.94403
273 T	0.04495	0.01130	0.94375
274 T	0.04394	0.01238	0.94368
275 T	0.04283	0.01354	0.94362
276 A	0.03943	0.01702	0.94355
277 G	0.03646	0.02004	0.94349
278 C	0.03382	0.02275	0.94343
279 T	0.03230	0.02464	0.94306
280 G	0.02960	0.02809	0.94232
281 A	0.02850	0.02968	0.94182
282 A	0.02790	0.03063	0.94146
283 A	0.02738	0.03153	0.9411
284 A	0.02657	0.03213	0.94131
285 T	0.02594	0.03248	0.94158
286 A	0.02485	0.03319	0.94196
287 A	0.02384	0.03280	0.94336
288 A	0.02279	0.03258	0.94463
289 G	0.02251	0.03192	0.94557
290 A	0.02236	0.03144	0.94621
291 C	0.02223	0.02934	0.94842
292 G	0.02210	0.03021	0.94769
293 A	0.02206	0.03088	0.94706
294 T	0.02188	0.03187	0.94624
295 A	0.02124	0.03409	0.94467
296 A	0.02088	0.03636	0.94275
297 T	0.02062	0.03531	0.94406
298 A	0.01989	0.03479	0.94532
299 A	0.01949	0.03185	0.94866
300 A	0.01930	0.02865	0.95206
301 C	0.01946	0.02507	0.95548
302 G	0.01981	0.02360	0.95659
303 T	0.02054	0.02159	0.95787
304 T	0.02062	0.02135	0.95803
305 A	0.02020	0.02219	0.95761
306 T	0.01990	0.02283	0.95728
307 A	0.01849	0.02351	0.958
308 G	0.01768	0.02355	0.95877
309 A	0.01740	0.02295	0.95965
310 G	0.01721	0.02220	0.9606
311 C	0.01715	0.02127	0.96157
312 A	0.01718	0.02169	0.96113
313 G	0.01769	0.02189	0.96043
314 A	0.01810	0.02205	0.95985
315 T	0.01951	0.02092	0.95957
316 A	0.01999	0.02104	0.95897
317 A	0.02071	0.02024	0.95905
318 A	0.02206	0.01834	0.95959
319 T	0.02418	0.01576	0.96006
320 T	0.02429	0.01563	0.96009
321 A	0.02341	0.01656	0.96003
322 A	0.02294	0.01727	0.95978
323 T	0.02244	0.01810	0.95947
324 T	0.01995	0.02162	0.95843
325 A	0.01333	0.03004	0.95663
326 A	0.01115	0.03273	0.95613
327 A	0.01023	0.03339	0.95639
328 A	0.01016	0.03282	0.95702
329 A	0.01062	0.03171	0.95767
330 T	0.01101	0.02996	0.95903
331 C	0.01107	0.02927	0.95966
332 A	0.01131	0.02929	0.9594
333 T	0.01159	0.02899	0.95942
334 A	0.01141	0.02915	0.95944
335 A	0.01187	0.02861	0.95952
336 T	0.01266	0.02771	0.95964
337 C	0.01309	0.02688	0.96003
338 C	0.01330	0.02663	0.96007
339 T	0.01378	0.02634	0.95989
340 A	0.01363	0.02669	0.95968
341 A	0.01360	0.02678	0.95962
342 G	0.01369	0.02673	0.95959
343 A	0.01404	0.02631	0.95964
344 T	0.01479	0.02422	0.96099
345 A	0.01517	0.02291	0.96192
346 A	0.01571	0.02134	0.96295
347 A	0.01670	0.01760	0.9657
348 T	0.01838	0.00971	0.97191
349 G	0.01839	0.00753	0.97409
350 T	0.01820	0.00671	0.97509
351 C	0.01739	0.00720	0.9754
352 G	0.01672	0.00832	0.97496
353 A	0.01635	0.00877	0.97488
354 T	0.01621	0.00887	0.97491
355 A	0.01635	0.00874	0.97491
356 G	0.01634	0.00882	0.97483
357 C	0.01637	0.00897	0.97465
358 T	0.01637	0.00935	0.97428
359 T	0.01627	0.00962	0.97412
360 A	0.01571	0.01033	0.97397
361 A	0.01553	0.01060	0.97388
362 C	0.01562	0.01050	0.97387
363 T	0.01572	0.01017	0.97411
364 T	0.01561	0.01014	0.97424
365 T	0.01527	0.01046	0.97427
366 T	0.01409	0.01177	0.97413
367 A	0.01142	0.01461	0.97396
368 A	0.00972	0.01607	0.97421
369 A	0.00900	0.01659	0.97441
370 G	0.00869	0.01664	0.97468
371 A	0.00844	0.01674	0.97483
372 A	0.00843	0.01633	0.97524
373 A	0.00847	0.01585	0.97568
374 T	0.00875	0.01467	0.97659
375 G	0.00908	0.01369	0.97724
376 A	0.00912	0.01330	0.97758
377 C	0.00906	0.01306	0.97788
378 A	0.00900	0.01317	0.97783
379 G	0.00907	0.01304	0.9779
380 A	0.00965	0.01244	0.97791
381 T	0.01025	0.01178	0.97797
382 T	0.01050	0.01146	0.97804
383 A	0.01061	0.01079	0.9786
384 T	0.01075	0.01030	0.97895
385 T	0.01082	0.00999	0.97919
386 T	0.01064	0.01000	0.97936
387 A	0.01009	0.01042	0.97949
388 A	0.01002	0.01008	0.97989
389 T	0.01011	0.00878	0.98111
390 T	0.00999	0.00675	0.98326
391 G	0.00933	0.00615	0.98452
392 A	0.00890	0.00614	0.98495
393 A	0.00790	0.00694	0.98515
394 C	0.00704	0.00767	0.9853
395 A	0.00634	0.00848	0.98518
396 T	0.00597	0.00888	0.98516
397 A	0.00558	0.00939	0.98503
398 A	0.00542	0.00960	0.98498
399 A	0.00537	0.00971	0.98491
400 A	0.00543	0.00950	0.98507
401 T	0.00563	0.00911	0.98527
402 T	0.00570	0.00892	0.98538
403 T	0.00572	0.00887	0.98541
404 T	0.00570	0.00889	0.98541
405 A	0.00555	0.00904	0.98541
406 G	0.00549	0.00897	0.98554
407 G	0.00548	0.00887	0.98564
408 A	0.00543	0.00882	0.98574
409 A	0.00548	0.00851	0.98601
410 C	0.00561	0.00775	0.98664
411 T	0.00571	0.00755	0.98674
412 A	0.00546	0.00783	0.98671
413 A	0.00529	0.00799	0.98672
414 A	0.00525	0.00763	0.98712
415 A	0.00528	0.00727	0.98746
416 A	0.00534	0.00603	0.98863
417 T	0.00551	0.00475	0.98975
418 T	0.00561	0.00383	0.99056
419 G	0.00558	0.00346	0.99097
420 G	0.00565	0.00307	0.99127
421 G	0.00574	0.00284	0.99142
422 C	0.00584	0.00266	0.99151
423 T	0.00595	0.00252	0.99153
424 T	0.00600	0.00246	0.99155
425 C	0.00600	0.00243	0.99156
426 T	0.00601	0.00243	0.99156
427 G	0.00599	0.00245	0.99157
428 T	0.00599	0.00234	0.99167
429 T	0.00591	0.00238	0.99172
430 A	0.00572	0.00258	0.9917
431 A	0.00557	0.00264	0.99178
432 A	0.00546	0.00266	0.99188
433 G	0.00545	0.00255	0.99199
434 A	0.00549	0.00243	0.99208
435 A	0.00563	0.00203	0.99235
436 T	0.00581	0.00166	0.99253
437 T	0.00589	0.00150	0.99261
438 T	0.00592	0.00143	0.99265
439 A	0.00592	0.00142	0.99267
440 A	0.00592	0.00141	0.99267
441 T	0.00592	0.00138	0.99271
442 T	0.00591	0.00139	0.9927
443 T	0.00585	0.00147	0.99268
444 A	0.00574	0.00166	0.9926
445 T	0.00571	0.00172	0.99258
446 T	0.00563	0.00181	0.99256
447 A	0.00549	0.00197	0.99254
448 T	0.00544	0.00200	0.99257
449 T	0.00538	0.00203	0.99258
450 T	0.00527	0.00211	0.99262
451 A	0.00518	0.00218	0.99265
452 A	0.00516	0.00213	0.99272
453 A	0.00518	0.00195	0.99287
454 A	0.00521	0.00178	0.99302
455 C	0.00523	0.00163	0.99314
456 T	0.00525	0.00159	0.99316
457 T	0.00524	0.00159	0.99317
458 C	0.00523	0.00160	0.99317
459 A	0.00520	0.00163	0.99316
460 C	0.00519	0.00165	0.99316
461 A	0.00519	0.00166	0.99315
462 A	0.00521	0.00165	0.99314
463 G	0.00526	0.00160	0.99314
464 G	0.00533	0.00153	0.99314
465 T	0.00546	0.00139	0.99315
466 G	0.00552	0.00123	0.99325
467 T	0.00564	0.00099	0.99337
468 T	0.00568	0.00089	0.99342
469 G	0.00570	0.00077	0.99353
470 T	0.00573	0.00060	0.99366
471 T	0.00573	0.00053	0.99374
472 T	0.00571	0.00049	0.9938
473 C	0.00564	0.00048	0.99389
474 T	0.00556	0.00052	0.99391
475 G	0.00538	0.00070	0.99392
476 A	0.00526	0.00082	0.99392
477 A	0.00514	0.00093	0.99392
478 A	0.00509	0.00098	0.99393
479 A	0.00506	0.00099	0.99394
480 C	0.00506	0.00096	0.99398
481 A	0.00506	0.00094	0.994
482 A	0.00508	0.00091	0.99401
483 T	0.00509	0.00088	0.99404
484 C	0.00510	0.00086	0.99404
485 T	0.00511	0.00084	0.99405
486 T	0.00510	0.00085	0.99405
487 C	0.00510	0.00085	0.99405
488 C	0.00509	0.00086	0.99405
489 T	0.00509	0.00086	0.99405
490 T	0.00508	0.00087	0.99405
491 T	0.00507	0.00089	0.99405
492 A	0.00504	0.00092	0.99404
493 T	0.00503	0.00093	0.99404
494 A	0.00498	0.00095	0.99408
495 T	0.00496	0.00091	0.99414
496 T	0.00491	0.00090	0.99419
497 T	0.00461	0.00116	0.99423
498 A	0.00387	0.00179	0.99434
499 A	0.00347	0.00209	0.99445
500 G	0.00324	0.00222	0.99454
501 A	0.00310	0.00232	0.99458
502 C	0.00303	0.00236	0.99461
503 C	0.00296	0.00242	0.99461
504 A	0.00292	0.00247	0.99461
505 G	0.00290	0.00249	0.99461
506 A	0.00289	0.00250	0.99461
507 A	0.00289	0.00250	0.99462
508 A	0.00289	0.00250	0.99462
509 C	0.00289	0.00245	0.99466
510 T	0.00289	0.00243	0.99468
511 T	0.00289	0.00241	0.99469
512 G	0.00289	0.00240	0.99471
513 T	0.00288	0.00239	0.99473
514 C	0.00287	0.00239	0.99474
515 A	0.00287	0.00237	0.99476
516 A	0.00286	0.00235	0.99479
517 G	0.00287	0.00228	0.99485
518 G	0.00288	0.00221	0.99491
519 T	0.00292	0.00212	0.99496
520 A	0.00295	0.00176	0.99529
521 T	0.00297	0.00101	0.99602
522 T	0.00297	0.00062	0.9964
523 T	0.00297	0.00042	0.9966
524 T	0.00297	0.00031	0.99672
525 T	0.00297	0.00026	0.99677
526 G	0.00297	0.00023	0.99681
527 T	0.00297	0.00020	0.99683
528 T	0.00297	0.00020	0.99684
529 A	0.00297	0.00022	0.99682
530 A	0.00296	0.00023	0.9968
531 T	0.00296	0.00024	0.9968
532 T	0.00296	0.00025	0.9968
533 T	0.00296	0.00026	0.99679
534 T	0.00295	0.00028	0.99677
535 A	0.00293	0.00036	0.9967
536 A	0.00293	0.00040	0.99667
537 A	0.00291	0.00043	0.99666
538 A	0.00291	0.00046	0.99663
539 A	0.00289	0.00051	0.9966
540 T	0.00288	0.00056	0.99655
541 A	0.00286	0.00066	0.99648
542 T	0.00285	0.00072	0.99643
543 T	0.00281	0.00077	0.99642
544 T	0.00274	0.00084	0.99641
545 T	0.00267	0.00093	0.99641
546 G	0.00261	0.00099	0.9964
547 C	0.00259	0.00101	0.9964
548 A	0.00258	0.00102	0.9964
549 T	0.00260	0.00100	0.9964
550 T	0.00261	0.00099	0.9964
551 C	0.00260	0.00100	0.9964
552 T	0.00258	0.00102	0.9964
553 A	0.00252	0.00107	0.99641
554 C	0.00249	0.00109	0.99641
555 T	0.00248	0.00111	0.99641
556 C	0.00244	0.00115	0.99641
557 G	0.00238	0.00121	0.99642
558 A	0.00237	0.00121	0.99642
559 A	0.00236	0.00122	0.99642
560 A	0.00237	0.00121	0.99642
561 A	0.00240	0.00118	0.99643
562 A	0.00244	0.00111	0.99645
563 A	0.00250	0.00103	0.99647
564 A	0.00258	0.00091	0.99651
565 A	0.00264	0.00080	0.99656
566 T	0.00267	0.00070	0.99663
567 T	0.00268	0.00060	0.99672
568 C	0.00269	0.00051	0.9968
569 C	0.00269	0.00048	0.99683
570 T	0.00269	0.00047	0.99684
571 T	0.00268	0.00049	0.99684
572 T	0.00266	0.00052	0.99682
573 T	0.00262	0.00057	0.99681
574 G	0.00259	0.00061	0.9968
575 G	0.00257	0.00059	0.99684
576 T	0.00255	0.00055	0.9969
577 G	0.00254	0.00054	0.99693
578 T	0.00253	0.00052	0.99694
579 A	0.00252	0.00050	0.99698
580 G	0.00252	0.00044	0.99704
581 G	0.00252	0.00040	0.99708
582 T	0.00252	0.00037	0.99711
583 C	0.00252	0.00036	0.99712
584 A	0.00252	0.00037	0.99711
585 A	0.00252	0.00038	0.9971
586 A	0.00251	0.00039	0.9971
587 T	0.00251	0.00040	0.99709
588 T	0.00250	0.00042	0.99708
589 G	0.00249	0.00044	0.99707
590 G	0.00248	0.00047	0.99705
591 A	0.00247	0.00049	0.99703
592 A	0.00247	0.00049	0.99704
593 A	0.00248	0.00048	0.99704
594 A	0.00249	0.00045	0.99707
595 G	0.00251	0.00040	0.9971
596 C	0.00253	0.00033	0.99714
597 T	0.00257	0.00028	0.99716
598 T	0.00258	0.00025	0.99716
599 T	0.00259	0.00024	0.99717
600 T	0.00259	0.00024	0.99717
601 C	0.00255	0.00030	0.99715
602 G	0.00252	0.00035	0.99713
603 T	0.00250	0.00039	0.99711
604 A	0.00246	0.00046	0.99708
605 A	0.00244	0.00049	0.99707
606 T	0.00242	0.00052	0.99706
607 G	0.00237	0.00057	0.99705
608 A	0.00236	0.00058	0.99705
609 A	0.00237	0.00057	0.99706
610 A	0.00237	0.00056	0.99706
611 T	0.00238	0.00054	0.99708
612 C	0.00239	0.00051	0.9971
613 A	0.00241	0.00049	0.9971
614 C	0.00243	0.00047	0.99711
615 T	0.00243	0.00047	0.99711
616 C	0.00243	0.00047	0.99711
617 C	0.00243	0.00046	0.99711
618 T	0.00243	0.00046	0.99711
619 G	0.00244	0.00046	0.99711
620 G	0.00244	0.00046	0.99711
621 T	0.00245	0.00045	0.99711
622 A	0.00245	0.00044	0.99711
623 A	0.00247	0.00041	0.99712
624 T	0.00252	0.00031	0.99717
625 T	0.00255	0.00024	0.9972
626 T	0.00257	0.00020	0.99723
627 T	0.00258	0.00016	0.99727
628 A	0.00258	0.00013	0.99729
629 T	0.00259	0.00010	0.99731
630 T	0.00259	0.00005	0.99736
631 T	0.00259	0.00003	0.99738
632 T	0.00259	0.00003	0.99738
633 T	0.00258	0.00005	0.99738
634 C	0.00256	0.00006	0.99738
635 G	0.00253	0.00010	0.99738
636 T	0.00251	0.00011	0.99738
637 A	0.00248	0.00015	0.99737
638 C	0.00247	0.00017	0.99736
639 T	0.00245	0.00021	0.99733
640 T	0.00243	0.00025	0.99731
641 G	0.00238	0.00034	0.99728
642 T	0.00236	0.00040	0.99724
643 G	0.00233	0.00050	0.99717
644 A	0.00231	0.00068	0.99701
645 A	0.00230	0.00079	0.9969
646 T	0.00230	0.00084	0.99687
647 T	0.00229	0.00088	0.99683
648 T	0.00227	0.00090	0.99683
649 G	0.00225	0.00093	0.99683
650 A	0.00224	0.00094	0.99682
651 A	0.00223	0.00095	0.99682
652 C	0.00223	0.00095	0.99682
653 A	0.00223	0.00095	0.99682
654 A	0.00223	0.00095	0.99682
655 A	0.00223	0.00094	0.99683
656 T	0.00224	0.00093	0.99684
657 G	0.00224	0.00091	0.99686
658 G	0.00224	0.00088	0.99688
659 A	0.00224	0.00086	0.99689
660 A	0.00225	0.00082	0.99692
661 T	0.00228	0.00078	0.99695
662 T	0.00231	0.00073	0.99696
663 A	0.00233	0.00071	0.99696
664 G	0.00236	0.00065	0.997
665 A	0.00240	0.00062	0.99698
666 A	0.00247	0.00053	0.99701
667 T	0.00264	0.00034	0.99702
668 T	0.00274	0.00024	0.99702
669 T	0.00277	0.00020	0.99703
670 T	0.00278	0.00019	0.99703
671 T	0.00277	0.00020	0.99704
672 T	0.00275	0.00020	0.99705
673 T	0.00270	0.00025	0.99705
674 G	0.00262	0.00035	0.99704
675 T	0.00258	0.00039	0.99704
676 C	0.00252	0.00045	0.99704
677 A	0.00248	0.00049	0.99702
678 T	0.00245	0.00052	0.99702
679 C	0.00240	0.00057	0.99702
680 C	0.00237	0.00061	0.99702
681 T	0.00236	0.00063	0.99702
682 A	0.00234	0.00066	0.997
683 A	0.00233	0.00067	0.997
684 A	0.00232	0.00067	0.997
685 G	0.00233	0.00067	0.997
686 A	0.00234	0.00066	0.997
687 A	0.00235	0.00064	0.99701
688 T	0.00239	0.00060	0.99702
689 A	0.00240	0.00059	0.99702
690 T	0.00241	0.00058	0.99702
691 T	0.00241	0.00057	0.99702
692 A	0.00242	0.00057	0.99702
693 T	0.00242	0.00055	0.99702
694 G	0.00242	0.00055	0.99703
695 A	0.00242	0.00054	0.99704
696 A	0.00243	0.00048	0.99709
697 T	0.00244	0.00038	0.99717
698 G	0.00245	0.00034	0.99722
699 G	0.00245	0.00028	0.99727
700 T	0.00246	0.00023	0.9973
701 T	0.00247	0.00021	0.99733
702 T	0.00247	0.00017	0.99736
703 T	0.00247	0.00015	0.99737
704 G	0.00248	0.00014	0.99739
705 T	0.00248	0.00014	0.99738
706 T	0.00248	0.00017	0.99735
707 T	0.00248	0.00019	0.99733
708 T	0.00247	0.00022	0.99732
709 T	0.00246	0.00025	0.99729
710 G	0.00244	0.00028	0.99727
711 G	0.00244	0.00032	0.99724
712 A	0.00243	0.00034	0.99723
713 A	0.00243	0.00034	0.99722
714 A	0.00244	0.00034	0.99722
715 G	0.00245	0.00033	0.99722
716 A	0.00246	0.00032	0.99722
717 T	0.00247	0.00031	0.99722
718 T	0.00248	0.00030	0.99722
719 A	0.00249	0.00030	0.99722
720 T	0.00249	0.00029	0.99722
721 T	0.00249	0.00029	0.99722
722 C	0.00250	0.00029	0.99722
723 T	0.00250	0.00029	0.99721
724 T	0.00250	0.00030	0.99719
725 A	0.00251	0.00031	0.99719
726 T	0.00251	0.00031	0.99718
727 A	0.00252	0.00030	0.99718
728 A	0.00255	0.00028	0.99718
729 T	0.00260	0.00022	0.99718
730 T	0.00263	0.00018	0.99718
731 T	0.00265	0.00015	0.9972
732 T	0.00267	0.00013	0.9972
733 C	0.00268	0.00011	0.99721
734 T	0.00269	0.00009	0.99721
735 T	0.00270	0.00008	0.99721
736 T	0.00271	0.00008	0.99721
737 T	0.00270	0.00008	0.99721
738 G	0.00270	0.00009	0.99721
739 C	0.00270	0.00010	0.9972
740 A	0.00268	0.00012	0.99719
741 A	0.00268	0.00014	0.99719
742 T	0.00268	0.00014	0.99718
743 T	0.00267	0.00015	0.99718
744 A	0.00267	0.00016	0.99718
745 G	0.00267	0.00017	0.99717
746 G	0.00267	0.00018	0.99714
747 T	0.00268	0.00019	0.99713
748 T	0.00269	0.00019	0.99711
749 T	0.00269	0.00020	0.9971
750 T	0.00269	0.00021	0.9971
751 A	0.00267	0.00023	0.99709
752 A	0.00266	0.00025	0.99709
753 T	0.00266	0.00025	0.99708
754 C	0.00266	0.00027	0.99708
755 T	0.00265	0.00028	0.99707
756 T	0.00264	0.00030	0.99706
757 C	0.00261	0.00034	0.99705
758 A	0.00259	0.00039	0.99702
759 T	0.00257	0.00042	0.99701
760 A	0.00256	0.00046	0.99698
761 A	0.00255	0.00048	0.99697
762 T	0.00255	0.00048	0.99697
763 T	0.00256	0.00048	0.99697
764 T	0.00255	0.00048	0.99697
765 G	0.00254	0.00051	0.99696
766 A	0.00253	0.00055	0.99692
767 A	0.00254	0.00056	0.99691
768 A	0.00254	0.00057	0.99688
769 T	0.00257	0.00059	0.99685
770 T	0.00258	0.00065	0.99676
771 T	0.00258	0.00070	0.99671
772 A	0.00256	0.00079	0.99666
773 A	0.00254	0.00086	0.9966
774 A	0.00253	0.00091	0.99656
775 G	0.00253	0.00095	0.99652
776 A	0.00254	0.00098	0.99648
777 T	0.00256	0.00100	0.99644
778 T	0.00258	0.00106	0.99636
779 A	0.00258	0.00110	0.99632
780 T	0.00260	0.00107	0.99633
781 A	0.00261	0.00105	0.99634
782 A	0.00262	0.00103	0.99635
783 T	0.00265	0.00098	0.99636
784 T	0.00267	0.00095	0.99638
785 C	0.00268	0.00093	0.99639
786 T	0.00269	0.00093	0.99638
787 G	0.00270	0.00094	0.99635
788 A	0.00271	0.00095	0.99634
789 T	0.00275	0.00094	0.99631
790 G	0.00276	0.00097	0.99627
791 A	0.00279	0.00097	0.99624
792 A	0.00285	0.00095	0.99621
793 T	0.00295	0.00088	0.99618
794 T	0.00300	0.00085	0.99616
795 A	0.00304	0.00080	0.99616
796 A	0.00310	0.00074	0.99616
797 G	0.00316	0.00069	0.99616
798 T	0.00322	0.00067	0.99611
799 C	0.00326	0.00075	0.99599
800 A	0.00331	0.00094	0.99575
801 T	0.00339	0.00105	0.99557
802 T	0.00341	0.00106	0.99553
803 A	0.00341	0.00107	0.99552
804 T	0.00340	0.00108	0.99552
805 T	0.00339	0.00109	0.99552
806 C	0.00336	0.00112	0.99551
807 C	0.00334	0.00115	0.99551
808 A	0.00333	0.00116	0.99551
809 A	0.00334	0.00115	0.9955
810 T	0.00338	0.00112	0.9955
811 G	0.00340	0.00110	0.9955
812 C	0.00343	0.00107	0.9955
813 T	0.00347	0.00103	0.9955
814 A	0.00349	0.00100	0.9955
815 C	0.00352	0.00097	0.9955
816 T	0.00356	0.00093	0.9955
817 A	0.00358	0.00091	0.9955
818 C	0.00360	0.00089	0.99551
819 A	0.00362	0.00087	0.99551
820 G	0.00366	0.00083	0.99551
821 A	0.00373	0.00076	0.99551
822 T	0.00391	0.00058	0.99551
823 A	0.00410	0.00038	0.99551
824 T	0.00427	0.00021	0.99552
825 T	0.00430	0.00017	0.99554
826 T	0.00430	0.00015	0.99555
827 T	0.00430	0.00013	0.99556
828 A	0.00430	0.00012	0.99558
829 T	0.00430	0.00009	0.99561
830 T	0.00430	0.00008	0.99562
831 T	0.00430	0.00007	0.99563
832 C	0.00429	0.00007	0.99563
833 G	0.00429	0.00008	0.99563
834 T	0.00428	0.00009	0.99563
835 T	0.00428	0.00009	0.99564
836 T	0.00426	0.00010	0.99564
837 T	0.00426	0.00011	0.99564
838 C	0.00425	0.00011	0.99564
839 C	0.00425	0.00012	0.99564
840 T	0.00424	0.00013	0.99563
841 T	0.00423	0.00015	0.99562
842 G	0.00421	0.00020	0.99558
843 G	0.00420	0.00028	0.99553
844 G	0.00419	0.00032	0.99548
845 G	0.00419	0.00038	0.99543
846 A	0.00419	0.00042	0.99539
847 T	0.00420	0.00044	0.99537
848 T	0.00420	0.00045	0.99535
849 T	0.00420	0.00047	0.99533
850 G	0.00420	0.00050	0.9953
851 A	0.00420	0.00055	0.99524
852 T	0.00420	0.00062	0.99518
853 G	0.00420	0.00076	0.99504
854 A	0.00419	0.00106	0.99475
855 A	0.00419	0.00140	0.99442
856 T	0.00418	0.00164	0.99418
857 T	0.00417	0.00200	0.99382
858 A	0.00415	0.00261	0.99324
859 T	0.00414	0.00323	0.99262
860 G	0.00413	0.00370	0.99217
861 G	0.00411	0.00413	0.99177
862 G	0.00410	0.00451	0.99139
863 G	0.00410	0.00480	0.9911
864 A	0.00411	0.00508	0.99081
865 A	0.00416	0.00506	0.99078
866 T	0.00424	0.00499	0.99077
867 A	0.00428	0.00500	0.99072
868 T	0.00433	0.00494	0.99073
869 C	0.00436	0.00492	0.99072
870 T	0.00438	0.00493	0.99069
871 T	0.00438	0.00498	0.99064
872 C	0.00432	0.00513	0.99055
873 A	0.00428	0.00577	0.98995
874 A	0.00430	0.00581	0.98989
875 G	0.00435	0.00581	0.98984
876 A	0.00449	0.00574	0.98976
877 A	0.00480	0.00551	0.98969
878 C	0.00518	0.00514	0.98968
879 G	0.00547	0.00495	0.98957
880 G	0.00591	0.00474	0.98935
881 A	0.00661	0.00441	0.98897
882 T	0.00754	0.00386	0.98859
883 T	0.00805	0.00433	0.98761
884 T	0.00836	0.00571	0.98593
885 T	0.00847	0.00584	0.98569
886 G	0.00841	0.00607	0.98553
887 A	0.00837	0.00627	0.98535
888 T	0.00830	0.00643	0.98527
889 C	0.00819	0.00665	0.98516
890 T	0.00812	0.00709	0.98479
891 A	0.00795	0.00772	0.98433
892 A	0.00783	0.00794	0.98423
893 A	0.00771	0.00818	0.98411
894 A	0.00755	0.00836	0.98409
895 G	0.00746	0.00840	0.98414
896 C	0.00760	0.00828	0.98411
897 G	0.00731	0.00863	0.98406
898 C	0.00711	0.00899	0.98389
899 A	0.00701	0.00945	0.98354
900 T	0.00692	0.00975	0.98333
901 C	0.00658	0.01029	0.98313
902 A	0.00589	0.01159	0.98253
903 A	0.00591	0.01202	0.98207
904 A	0.00620	0.01231	0.98149
905 A	0.00653	0.01254	0.98093
906 A	0.00750	0.01184	0.98066
907 T	0.00915	0.01015	0.98071
908 T	0.00936	0.00987	0.98076
909 T	0.00942	0.00967	0.98091
910 T	0.00924	0.00972	0.98104
911 C	0.00868	0.01018	0.98114
912 A	0.00818	0.01078	0.98105
913 C	0.00786	0.01125	0.98089
914 A	0.00776	0.01176	0.98048
915 A	0.00759	0.01237	0.98005
916 A	0.00757	0.01259	0.97984
917 A	0.00752	0.01265	0.97983
918 A	0.00751	0.01259	0.97989
919 G	0.00764	0.01193	0.98043
920 A	0.00787	0.01130	0.98083
921 T	0.00841	0.01040	0.98119
922 T	0.00894	0.00975	0.98131
923 T	0.00917	0.00943	0.9814
924 A	0.00924	0.00941	0.98134
925 A	0.00948	0.00885	0.98168
926 A	0.00972	0.00886	0.98142
927 A	0.01019	0.00833	0.98148
928 T	0.01072	0.00772	0.98156
929 A	0.01091	0.00752	0.98157
930 T	0.01094	0.00723	0.98184
931 C	0.01079	0.00739	0.98181
932 T	0.01059	0.00887	0.98054
933 A	0.01000	0.01058	0.97942
934 G	0.00963	0.01197	0.9784
935 A	0.00964	0.01257	0.97779
936 T	0.00989	0.01235	0.97776
937 G	0.01018	0.01243	0.97739
938 T	0.01061	0.01335	0.97604
939 A	0.01071	0.01569	0.9736
940 T	0.01083	0.01597	0.97321
941 T	0.01085	0.01630	0.97285
942 A	0.01085	0.01661	0.97254
943 A	0.01089	0.01675	0.97236
944 C	0.01097	0.01674	0.97229
945 T	0.01105	0.01689	0.97206
946 A	0.01109	0.01705	0.97185
947 A	0.01131	0.01691	0.97178
948 A	0.01159	0.01670	0.97171
949 G	0.01196	0.01637	0.97168
950 A	0.01206	0.01627	0.97167
951 A	0.01223	0.01615	0.97162
952 A	0.01254	0.01588	0.97158
953 A	0.01292	0.01551	0.97157
954 A	0.01357	0.01475	0.97168
955 T	0.01530	0.01282	0.97187
956 A	0.01645	0.01120	0.97234
957 T	0.01805	0.00916	0.97279
958 T	0.01877	0.00827	0.97296
959 G	0.01909	0.00786	0.97305
960 G	0.01971	0.00715	0.97314
961 C	0.02126	0.00552	0.97322
962 C	0.02356	0.00318	0.97326
963 T	0.02427	0.00247	0.97327
964 T	0.02475	0.00201	0.97324
965 T	0.02498	0.00185	0.97317
966 T	0.02501	0.00199	0.973
967 G	0.02492	0.00219	0.97289
968 T	0.02496	0.00214	0.9729
969 T	0.02492	0.00221	0.97288
970 A	0.02465	0.00262	0.97272
971 T	0.02445	0.00297	0.97258
972 C	0.02352	0.00397	0.97252
973 G	0.02266	0.00490	0.97244
974 A	0.02195	0.00572	0.97233
975 A	0.02184	0.00588	0.97227
976 C	0.02186	0.00586	0.97227
977 C	0.02187	0.00587	0.97225
978 T	0.02195	0.00583	0.97221
979 T	0.02196	0.00585	0.97219
980 C	0.02189	0.00595	0.97215
981 T	0.02182	0.00608	0.9721
982 T	0.02170	0.00624	0.97206
983 T	0.02149	0.00653	0.97198
984 A	0.02107	0.00707	0.97186
985 G	0.02097	0.00731	0.97172
986 G	0.02091	0.00745	0.97163
987 A	0.02088	0.00773	0.97138
988 G	0.02092	0.00793	0.97115
989 T	0.02108	0.00791	0.971
990 A	0.02109	0.00823	0.97068
991 G	0.02107	0.00844	0.97049
992 A	0.02110	0.00882	0.97008
993 A	0.02113	0.00911	0.96976
994 A	0.02126	0.00895	0.9698
995 G	0.02134	0.00805	0.97061
996 A	0.02142	0.00750	0.97108
997 T	0.02153	0.00691	0.97156
998 T	0.02156	0.00691	0.97154
999 A	0.02151	0.00710	0.97139
1000 T	0.02153	0.00722	0.97125
1001 T	0.02151	0.00733	0.97116
1002 T	0.02144	0.00742	0.97114
1003 T	0.02131	0.00746	0.97122
1004 T	0.02104	0.00767	0.9713
1005 A	0.02075	0.00789	0.97135
1006 G	0.02059	0.00787	0.97154
1007 C	0.02059	0.00758	0.97183
1008 T	0.02063	0.00761	0.97177
1009 A	0.02040	0.00806	0.97154
1010 C	0.02021	0.00831	0.97148
1011 T	0.02031	0.00872	0.97098
1012 A	0.02015	0.00983	0.97002
1013 T	0.02031	0.01031	0.96939
1014 A	0.01983	0.01190	0.96827
1015 A	0.01981	0.01314	0.96705
1016 T	0.02030	0.01336	0.96633
1017 T	0.02043	0.01370	0.96587
1018 A	0.02021	0.01443	0.96537
1019 A	0.02035	0.01466	0.96499
1020 T	0.02066	0.01461	0.96472
1021 T	0.02081	0.01506	0.96413
1022 G	0.02066	0.01649	0.96285
1023 T	0.02067	0.01696	0.96236
1024 T	0.02019	0.01834	0.96147
1025 T	0.01968	0.02009	0.96023
1026 A	0.01878	0.02265	0.95857
1027 C	0.01796	0.02492	0.95713
1028 A	0.01762	0.02895	0.95343
1029 A	0.01735	0.03262	0.95003
1030 A	0.01711	0.03583	0.94706
1031 A	0.01714	0.03684	0.94601
1032 T	0.01738	0.03747	0.94515
1033 G	0.01733	0.03890	0.94376
1034 A	0.01769	0.04216	0.94014
1035 A	0.01844	0.04641	0.93514
1036 A	0.01912	0.05124	0.92963
1037 A	0.02019	0.05518	0.92463
1038 A	0.02124	0.06210	0.91666
1039 T	0.02208	0.06480	0.91311
1040 T	0.02184	0.07127	0.90689
1041 A	0.02019	0.08489	0.89492
1042 A	0.01920	0.09162	0.88918
1043 A	0.01871	0.09258	0.88871
1044 A	0.01873	0.09268	0.88859
1045 A	0.01973	0.09136	0.88891
1046 A	0.02053	0.09013	0.88935
1047 C	0.02194	0.08782	0.89025
1048 G	0.02383	0.08564	0.89053
1049 A	0.02584	0.08367	0.89049
1050 T	0.02811	0.08187	0.89002
1051 A	0.03037	0.07957	0.89007
1052 C	0.03325	0.07656	0.89019
1053 T	0.03597	0.07388	0.89016
1054 A	0.03651	0.07368	0.88981
1055 C	0.03736	0.07293	0.88971
1056 A	0.03911	0.07223	0.88866
1057 A	0.04271	0.06961	0.88768
1058 G	0.04836	0.06432	0.88731
1059 A	0.05476	0.05824	0.88699
1060 A	0.06177	0.05134	0.88689
1061 T	0.07241	0.04004	0.88755
1062 A	0.07626	0.03585	0.88789
1063 G	0.08206	0.02915	0.88879
1064 T	0.09278	0.01668	0.89054
1065 T	0.09724	0.01117	0.89158
1066 T	0.09767	0.01046	0.89187
1067 T	0.09775	0.01047	0.89178
1068 G	0.09770	0.01111	0.89119
1069 A	0.09772	0.01199	0.89029
1070 A	0.09781	0.01242	0.88976
1071 A	0.09801	0.01218	0.88981
1072 A	0.09862	0.01155	0.88983
1073 T	0.09991	0.01016	0.88993
1074 T	0.10016	0.00953	0.89031
1075 C	0.10001	0.00959	0.8904
1076 A	0.10007	0.00955	0.89038
1077 T	0.10058	0.00894	0.89048
1078 C	0.10075	0.00870	0.89056
1079 C	0.10157	0.00793	0.8905
1080 T	0.10261	0.00722	0.89017
1081 T	0.10310	0.00736	0.88954
1082 T	0.10332	0.00781	0.88886
1083 T	0.10335	0.00935	0.88729
1084 T	0.10332	0.00957	0.88711
1085 T	0.10331	0.00966	0.88703
1086 A	0.10314	0.00982	0.88704
1087 T	0.10321	0.00967	0.88711
1088 C	0.10322	0.00959	0.88718
1089 T	0.10350	0.00930	0.8872
1090 C	0.10385	0.00890	0.88725
1091 C	0.10452	0.00822	0.88726
1092 T	0.10538	0.00745	0.88718
1093 T	0.10575	0.00716	0.8871
1094 A	0.10568	0.00733	0.88699
1095 T	0.10557	0.00753	0.88691
1096 A	0.10545	0.00773	0.88683
1097 A	0.10527	0.00781	0.88691
1098 A	0.10512	0.00772	0.88716
1099 T	0.10510	0.00737	0.88753
1100 T	0.10472	0.00764	0.88763
1101 A	0.10439	0.00790	0.8877
1102 G	0.10422	0.00800	0.88778
1103 C	0.10441	0.00805	0.88754
1104 T	0.10498	0.00925	0.88577
1105 A	0.10530	0.01165	0.88305
1106 T	0.10603	0.01374	0.88022
1107 T	0.10552	0.01503	0.87945
1108 T	0.10435	0.01646	0.87919
1109 T	0.10232	0.01850	0.87918
1110 A	0.09872	0.02235	0.87892
1111 C	0.09660	0.02466	0.87874
1112 C	0.09103	0.03086	0.87811
1113 T	0.08730	0.03599	0.87671
1114 T	0.08350	0.04134	0.87516
1115 T	0.07684	0.04920	0.87396
1116 A	0.05987	0.06740	0.87273
1117 A	0.04725	0.08092	0.87184
1118 T	0.03909	0.08996	0.87095
1119 A	0.03196	0.09736	0.87067
1120 A	0.02984	0.09973	0.87043
1121 A	0.02858	0.10096	0.87046
1122 A	0.02785	0.10166	0.87049
1123 C	0.02751	0.10177	0.87071
1124 A	0.02737	0.10303	0.8696
1125 A	0.02730	0.10320	0.8695
1126 A	0.02764	0.10312	0.86923
1127 A	0.02934	0.10166	0.869
1128 A	0.03178	0.09898	0.86924
1129 C	0.03438	0.09471	0.87091
1130 A	0.03525	0.09323	0.87152
1131 T	0.03595	0.09152	0.87253
1132 A	0.03652	0.08998	0.8735
1133 A	0.03761	0.08624	0.87615
1134 T	0.03928	0.08251	0.8782
1135 T	0.04032	0.07259	0.88709
1136 T	0.04079	0.07002	0.88919
1137 T	0.03998	0.07435	0.88568
1138 A	0.03648	0.07843	0.88508
1139 A	0.03298	0.07642	0.8906
1140 A	0.03002	0.07197	0.89801
1141 G	0.02882	0.06635	0.90483
1142 C	0.02773	0.06750	0.90476
1143 T	0.02700	0.08118	0.89182
1144 A	0.02584	0.10420	0.86995
1145 A	0.02492	0.11577	0.85931
1146 A	0.02494	0.12315	0.85192
1147 G	0.02582	0.12703	0.84714
1148 A	0.02614	0.13242	0.84143
1149 A	0.02663	0.13237	0.841
1150 T	0.02723	0.13191	0.84086
1151 T	0.02729	0.13209	0.84063
1152 A	0.02633	0.13321	0.84046
1153 C	0.02558	0.13403	0.84038
1154 A	0.02518	0.13476	0.84006
1155 A	0.02506	0.13512	0.83981
1156 A	0.02530	0.13518	0.83952
1157 A	0.02657	0.13417	0.83925
1158 A	0.02914	0.13187	0.83899
1159 A	0.03407	0.12629	0.83964
1160 A	0.04128	0.11744	0.84128
1161 A	0.04727	0.10770	0.84504
1162 T	0.05918	0.09174	0.84908
1163 T	0.06684	0.08059	0.85257
1164 A	0.07132	0.07401	0.85467
1165 T	0.08074	0.06257	0.8567
1166 C	0.09180	0.05013	0.85807
1167 T	0.10894	0.03215	0.85891
1168 C	0.11565	0.02479	0.85956
1169 C	0.12207	0.01827	0.85966
1170 T	0.12669	0.01370	0.85961
1171 T	0.13120	0.00935	0.85945
1172 T	0.13167	0.00906	0.85928
1173 T	0.13124	0.00985	0.85891
1174 T	0.12956	0.01250	0.85794
1175 T	0.12712	0.01489	0.85799
1176 T	0.12503	0.01719	0.85778
1177 G	0.11950	0.02376	0.85674
1178 A	0.11473	0.02974	0.85553
1179 A	0.11182	0.03391	0.85427
1180 G	0.11047	0.03726	0.85228
1181 T	0.10905	0.04035	0.8506
1182 A	0.10541	0.04599	0.8486
1183 T	0.10403	0.04800	0.84797
1184 A	0.10228	0.05084	0.84687
1185 T	0.10100	0.05283	0.84616
1186 T	0.09881	0.05627	0.84492
1187 A	0.09653	0.05932	0.84415
1188 T	0.09494	0.06145	0.84361
1189 G	0.09156	0.06605	0.84238
1190 A	0.08922	0.07024	0.84054
1191 T	0.08626	0.07437	0.83937
1192 G	0.08311	0.08015	0.83675
1193 A	0.08200	0.08550	0.8325
1194 A	0.08166	0.08598	0.83236
1195 A	0.08161	0.08552	0.83287
1196 A	0.08206	0.08356	0.83438
1197 T	0.08369	0.07850	0.8378
1198 C	0.08464	0.07428	0.84108
1199 A	0.08554	0.07273	0.84173
1200 A	0.08684	0.06830	0.84486
1201 A	0.08835	0.06386	0.84779
1202 G	0.09023	0.05990	0.84987
1203 T	0.09280	0.05689	0.85031
1204 A	0.09458	0.05479	0.85063
1205 T	0.09634	0.05077	0.85289
1206 A	0.09634	0.05174	0.85192
1207 G	0.09659	0.05206	0.85135
1208 G	0.09563	0.05399	0.85038
1209 T	0.09539	0.05796	0.84664
1210 A	0.09363	0.06314	0.84323
1211 A	0.09231	0.06666	0.84103
1212 A	0.09255	0.06634	0.84111
1213 A	0.09347	0.06461	0.84192
1214 G	0.09414	0.06261	0.84325
1215 G	0.09650	0.05837	0.84513
1216 T	0.10026	0.05549	0.84425
1217 A	0.10011	0.05670	0.84318
1218 T	0.10004	0.05679	0.84317
1219 C	0.09946	0.05772	0.84282
1220 G	0.09875	0.06001	0.84125
1221 A	0.09853	0.06059	0.84087
1222 C	0.09901	0.06047	0.84052
1223 G	0.09952	0.06199	0.8385
1224 A	0.10003	0.06299	0.83698
1225 C	0.10089	0.06260	0.83651
1226 A	0.10168	0.06305	0.83527
1227 A	0.10247	0.06283	0.8347
1228 G	0.10417	0.06126	0.83457
1229 A	0.10745	0.05775	0.83481
1230 T	0.11198	0.05263	0.8354
1231 A	0.11441	0.04814	0.83746
1232 T	0.11949	0.04103	0.83948
1233 G	0.12114	0.03721	0.84165
1234 A	0.12334	0.03372	0.84295
1235 T	0.12541	0.03079	0.8438
1236 A	0.12586	0.02994	0.8442
1237 G	0.12720	0.02798	0.84482
1238 G	0.12807	0.02678	0.84515
1239 T	0.12974	0.02473	0.84553
1240 A	0.13002	0.02394	0.84603
1241 C	0.13007	0.02329	0.84664
1242 A	0.13055	0.02242	0.84703
1243 C	0.13224	0.02017	0.84759
1244 C	0.13277	0.01959	0.84764
1245 A	0.13365	0.01929	0.84706
1246 T	0.13635	0.01728	0.84637
1247 T	0.13772	0.01666	0.84562
1248 T	0.13794	0.01784	0.84422
1249 T	0.13815	0.01882	0.84303
1250 G	0.13798	0.01862	0.8434
1251 T	0.13801	0.01830	0.84368
1252 T	0.13783	0.01813	0.84404
1253 G	0.13743	0.01845	0.84413
1254 T	0.13673	0.01901	0.84425
1255 A	0.13591	0.01979	0.8443
1256 C	0.13589	0.01864	0.84548
1257 T	0.13586	0.01905	0.84509
1258 G	0.13530	0.02075	0.84395
1259 T	0.13546	0.02208	0.84247
1260 A	0.13528	0.02542	0.8393
1261 G	0.13480	0.02933	0.83587
1262 A	0.13461	0.03171	0.83368
1263 T	0.13445	0.03344	0.8321
1264 G	0.13377	0.03809	0.82814
1265 A	0.13322	0.04543	0.82135
1266 A	0.13282	0.05092	0.81626
1267 G	0.13280	0.05149	0.81571
1268 A	0.13334	0.05231	0.81435
1269 A	0.13390	0.05314	0.81296
1270 A	0.13501	0.05303	0.81196
1271 C	0.13682	0.05149	0.81169
1272 T	0.13840	0.05553	0.80607
1273 T	0.13946	0.05850	0.80205
1274 T	0.13955	0.05945	0.801
1275 A	0.13462	0.06631	0.79907
1276 A	0.13146	0.07193	0.79661
1277 T	0.12854	0.07432	0.79715
1278 C	0.12224	0.08010	0.79766
1279 A	0.11146	0.09432	0.79422
1280 A	0.10820	0.09968	0.79211
1281 C	0.10813	0.10092	0.79095
1282 A	0.10811	0.10221	0.78968
1283 A	0.11073	0.10014	0.78913
1284 T	0.11476	0.09618	0.78906
1285 A	0.11659	0.09605	0.78736
1286 C	0.11841	0.09488	0.78671
1287 A	0.12090	0.09350	0.7856
1288 G	0.12675	0.08742	0.78583
1289 T	0.13100	0.08306	0.78593
1290 A	0.13149	0.08263	0.78588
1291 A	0.13286	0.08122	0.78592
1292 C	0.13479	0.07872	0.78649
1293 T	0.13670	0.07687	0.78643
1294 A	0.13743	0.07627	0.7863
1295 T	0.14326	0.07048	0.78626
1296 A	0.14602	0.06793	0.78606
1297 A	0.14684	0.06695	0.78621
1298 G	0.14855	0.05916	0.79228
1299 A	0.15157	0.05211	0.79631
1300 T	0.15289	0.04633	0.80078
1301 A	0.15290	0.04112	0.80598
1302 T	0.15666	0.02704	0.81629
1303 C	0.15830	0.02240	0.8193
1304 G	0.15922	0.02285	0.81792
1305 T	0.16016	0.02469	0.81516
1306 G	0.16024	0.02495	0.81481
1307 A	0.15917	0.02719	0.81365
1308 T	0.16077	0.02567	0.81356
1309 T	0.16122	0.02473	0.81405
1310 C	0.16055	0.02515	0.8143
1311 T	0.15909	0.03479	0.80612
1312 T	0.15604	0.04449	0.79947
1313 T	0.15162	0.05302	0.79535
1314 A	0.13050	0.07559	0.79391
1315 G	0.10635	0.10101	0.79264
1316 A	0.09279	0.11692	0.7903
1317 A	0.07963	0.13208	0.78829
1318 C	0.06678	0.14676	0.78646
1319 A	0.05248	0.17052	0.77701
1320 A	0.04348	0.18094	0.77557
1321 G	0.03914	0.18583	0.77504
1322 A	0.03713	0.18821	0.77466
1323 A	0.03598	0.18962	0.77441
1324 C	0.03603	0.18873	0.77524
1325 G	0.03627	0.18916	0.77456
1326 A	0.03695	0.18916	0.77388
1327 A	0.03917	0.18686	0.77396
1328 T	0.04252	0.18335	0.77412
