# lcl|CP097583.1_cds_USQ93604.1_1
# AA	inside	membr	outside
1 A	0.54354	0.00000	0.45646
2 T	0.53595	0.00759	0.45646
3 G	0.53219	0.01135	0.45646
4 A	0.53219	0.19241	0.2754
5 A	0.48412	0.35343	0.16246
6 A	0.48412	0.35535	0.16053
7 A	0.45220	0.38781	0.15999
8 A	0.45220	0.38783	0.15997
9 A	0.44991	0.39041	0.15969
10 C	0.44990	0.40818	0.14192
11 A	0.44911	0.41613	0.13477
12 A	0.39830	0.46988	0.13183
13 A	0.37989	0.49959	0.12053
14 A	0.37988	0.49959	0.12053
15 G	0.37988	0.53385	0.08626
16 A	0.37985	0.53389	0.08626
17 T	0.37981	0.53417	0.08602
18 T	0.37981	0.53467	0.08553
19 T	0.37969	0.53508	0.08523
20 T	0.37815	0.54576	0.07609
21 G	0.36617	0.55751	0.07631
22 A	0.36719	0.55842	0.07439
23 A	0.37131	0.55419	0.0745
24 A	0.38955	0.53516	0.07529
25 T	0.42240	0.48592	0.09168
26 A	0.43570	0.46751	0.09678
27 T	0.57510	0.31507	0.10982
28 T	0.63773	0.21617	0.1461
29 C	0.63925	0.21299	0.14776
30 G	0.64025	0.20306	0.15669
31 A	0.63943	0.20428	0.15629
32 A	0.63968	0.20303	0.15729
33 A	0.65301	0.18910	0.15789
34 A	0.66304	0.17785	0.1591
35 C	0.67320	0.11509	0.21171
36 G	0.68861	0.08406	0.22733
37 T	0.69869	0.07305	0.22826
38 C	0.72493	0.04646	0.2286
39 T	0.72725	0.04458	0.22817
40 T	0.72890	0.04303	0.22807
41 T	0.72950	0.04201	0.22849
42 G	0.72980	0.04168	0.22851
43 T	0.73650	0.03365	0.22985
44 G	0.73665	0.02242	0.24093
45 T	0.73885	0.01952	0.24163
46 T	0.74002	0.01796	0.24202
47 C	0.74052	0.01724	0.24224
48 C	0.74086	0.01684	0.2423
49 T	0.74171	0.01619	0.2421
50 T	0.74231	0.01562	0.24206
51 T	0.74297	0.01492	0.2421
52 T	0.74358	0.01429	0.24213
53 T	0.74455	0.01304	0.24241
54 A	0.74491	0.01058	0.24451
55 T	0.74547	0.00851	0.24602
56 T	0.74567	0.00588	0.24844
57 T	0.74564	0.00534	0.24903
58 T	0.74560	0.00531	0.2491
59 T	0.74560	0.00540	0.249
60 T	0.74546	0.00591	0.24863
61 A	0.74511	0.00648	0.24842
62 T	0.74551	0.00593	0.24855
63 T	0.74488	0.00666	0.24846
64 T	0.74458	0.00700	0.24842
65 T	0.74376	0.00803	0.2482
66 T	0.74191	0.01008	0.24801
67 A	0.74019	0.01194	0.24787
68 T	0.73967	0.01250	0.24783
69 T	0.73931	0.01282	0.24787
70 T	0.73884	0.01305	0.24811
71 T	0.73825	0.01361	0.24814
72 T	0.73727	0.01461	0.24812
73 T	0.73578	0.01621	0.24801
74 C	0.73442	0.01765	0.24792
75 T	0.73394	0.01834	0.24772
76 T	0.73324	0.01907	0.2477
77 T	0.73229	0.02003	0.24769
78 T	0.72990	0.02244	0.24766
79 T	0.72690	0.02544	0.24766
80 C	0.72307	0.02910	0.24783
81 A	0.72107	0.03118	0.24775
82 A	0.72019	0.03212	0.24769
83 T	0.72045	0.03173	0.24783
84 T	0.72051	0.03141	0.24808
85 T	0.72018	0.03207	0.24776
86 T	0.71993	0.03152	0.24855
87 A	0.71943	0.03191	0.24866
88 T	0.71928	0.03113	0.24958
89 T	0.71883	0.03000	0.25117
90 T	0.71789	0.02965	0.25246
91 T	0.71507	0.03294	0.252
92 G	0.70865	0.04341	0.24794
93 T	0.69374	0.06636	0.23991
94 A	0.67175	0.09928	0.22898
95 A	0.65737	0.12157	0.22106
96 T	0.64988	0.13475	0.21538
97 T	0.63867	0.15332	0.20801
98 T	0.60584	0.21796	0.17619
99 T	0.58929	0.26101	0.1497
100 A	0.56745	0.30300	0.12954
101 T	0.55839	0.31183	0.12978
102 A	0.54888	0.32005	0.13106
103 T	0.54192	0.32433	0.13375
104 A	0.53186	0.33294	0.1352
105 C	0.52810	0.33551	0.13639
106 G	0.52356	0.33988	0.13655
107 G	0.51960	0.34379	0.13662
108 T	0.51664	0.34682	0.13654
109 T	0.50731	0.35688	0.13581
110 C	0.48185	0.38388	0.13427
111 A	0.46553	0.40581	0.12865
112 G	0.45681	0.41993	0.12326
113 A	0.44693	0.43759	0.11548
114 A	0.43841	0.44979	0.11179
115 A	0.43464	0.45475	0.11061
116 A	0.41693	0.46594	0.11713
117 A	0.41663	0.44601	0.13737
118 G	0.41123	0.43292	0.15585
119 A	0.40900	0.42819	0.16281
120 A	0.41327	0.41166	0.17507
121 C	0.44194	0.35033	0.20773
122 T	0.46476	0.33689	0.19835
123 T	0.47309	0.33520	0.19171
124 T	0.45956	0.38827	0.15218
125 A	0.43976	0.44674	0.11351
126 T	0.42391	0.49345	0.08264
127 G	0.32770	0.60355	0.06874
128 A	0.27298	0.66849	0.05852
129 A	0.22487	0.71470	0.06044
130 A	0.19205	0.74613	0.06182
131 A	0.18326	0.75175	0.06499
132 A	0.17689	0.74955	0.07356
133 C	0.17343	0.73001	0.09656
134 A	0.17394	0.72379	0.10227
135 A	0.17707	0.72159	0.10135
136 A	0.18236	0.71688	0.10075
137 A	0.18558	0.71000	0.10443
138 G	0.18833	0.70187	0.10979
139 G	0.19604	0.66671	0.13725
140 A	0.19869	0.65401	0.1473
141 A	0.19937	0.63849	0.16215
142 A	0.20656	0.61723	0.17621
143 A	0.22270	0.58911	0.18819
144 C	0.24414	0.54573	0.21013
145 T	0.28059	0.50218	0.21723
146 G	0.29972	0.47987	0.2204
147 T	0.34240	0.44310	0.21449
148 A	0.36212	0.45025	0.18763
149 T	0.38390	0.42378	0.19231
150 T	0.38154	0.34284	0.27562
151 A	0.34416	0.35719	0.29865
152 A	0.30269	0.37318	0.32413
153 C	0.24373	0.44963	0.30663
154 G	0.19733	0.53494	0.26773
155 A	0.13717	0.66042	0.20241
156 A	0.11763	0.73513	0.14724
157 A	0.10650	0.76090	0.1326
158 C	0.10242	0.77209	0.12549
159 A	0.10171	0.81869	0.0796
160 A	0.10222	0.83261	0.06517
161 A	0.09903	0.84234	0.05863
162 A	0.09893	0.84766	0.05341
163 A	0.09535	0.85349	0.05116
164 A	0.09143	0.86018	0.04839
165 A	0.08546	0.86863	0.0459
166 A	0.08277	0.87319	0.04404
167 G	0.08194	0.88022	0.03784
168 A	0.08359	0.88310	0.03332
169 G	0.08804	0.87857	0.03338
170 A	0.10240	0.86397	0.03364
171 A	0.13327	0.82546	0.04127
172 G	0.14219	0.80994	0.04787
173 A	0.15960	0.78258	0.05782
174 A	0.19204	0.71513	0.09283
175 A	0.21862	0.64417	0.13721
176 A	0.26765	0.53174	0.20061
177 A	0.31689	0.43402	0.24909
178 C	0.39019	0.29736	0.31246
179 T	0.46521	0.20696	0.32783
180 T	0.48344	0.17775	0.33882
181 T	0.49230	0.16450	0.3432
182 T	0.51391	0.14341	0.34268
183 T	0.51591	0.15311	0.33099
184 G	0.51102	0.17844	0.31053
185 A	0.50961	0.21770	0.27268
186 A	0.51193	0.23007	0.258
187 A	0.51999	0.23714	0.24286
188 T	0.52790	0.22822	0.24387
189 G	0.53235	0.22906	0.23859
190 T	0.54354	0.22387	0.23259
191 T	0.54814	0.21969	0.23218
192 T	0.54849	0.22046	0.23104
193 T	0.54698	0.22242	0.2306
194 A	0.54399	0.22566	0.23035
195 C	0.54349	0.22582	0.23069
196 G	0.54452	0.22748	0.228
197 A	0.54493	0.23300	0.22207
198 T	0.54601	0.23530	0.21869
199 T	0.54622	0.23878	0.215
200 T	0.54310	0.24895	0.20795
201 T	0.52554	0.27187	0.2026
202 A	0.48119	0.32029	0.19853
203 A	0.46346	0.33957	0.19697
204 G	0.45357	0.34858	0.19786
205 G	0.44791	0.35337	0.19872
206 A	0.45431	0.35106	0.19464
207 A	0.46478	0.34990	0.18533
208 T	0.50125	0.32470	0.17405
209 A	0.50953	0.32659	0.16389
210 T	0.52404	0.31613	0.15983
211 A	0.52413	0.31539	0.16049
212 T	0.52859	0.30935	0.16206
213 A	0.52578	0.31076	0.16345
214 T	0.52471	0.30871	0.16658
215 C	0.51760	0.31320	0.16921
216 T	0.50830	0.32089	0.17081
217 C	0.49014	0.33880	0.17106
218 C	0.46824	0.36237	0.16939
219 A	0.45923	0.37505	0.16572
220 A	0.46093	0.37528	0.16379
221 T	0.46365	0.37282	0.16353
222 G	0.46536	0.37145	0.16318
223 T	0.47183	0.36319	0.16497
224 T	0.47384	0.34565	0.18051
225 A	0.46903	0.32038	0.21059
226 A	0.46472	0.31610	0.21919
227 A	0.46410	0.30768	0.22823
228 A	0.46658	0.29571	0.23771
229 A	0.47401	0.27949	0.2465
230 G	0.49067	0.23637	0.27297
231 T	0.50846	0.21044	0.28109
232 T	0.51817	0.19634	0.28549
233 T	0.52090	0.19651	0.28259
234 A	0.51914	0.20432	0.27654
235 G	0.51742	0.20947	0.2731
236 A	0.51610	0.22235	0.26155
237 A	0.51586	0.23327	0.25086
238 G	0.51580	0.24419	0.24001
239 A	0.51747	0.30138	0.18115
240 T	0.52072	0.29467	0.18461
241 T	0.52219	0.28548	0.19233
242 T	0.50571	0.31472	0.17957
243 T	0.49801	0.34310	0.1589
244 G	0.49436	0.37596	0.12968
245 A	0.49286	0.40245	0.10469
246 A	0.49403	0.40206	0.10391
247 A	0.49805	0.39680	0.10515
248 T	0.51160	0.37761	0.11079
249 T	0.51796	0.36907	0.11296
250 C	0.51687	0.37301	0.11012
251 G	0.51745	0.37313	0.10941
252 T	0.51769	0.37503	0.10729
253 T	0.51238	0.38321	0.1044
254 A	0.49911	0.40069	0.1002
255 C	0.48854	0.41161	0.09985
256 A	0.48337	0.41855	0.09808
257 A	0.48074	0.42205	0.0972
258 A	0.48356	0.42023	0.09621
259 C	0.50122	0.40395	0.09483
260 A	0.51208	0.40336	0.08456
261 A	0.53457	0.38178	0.08365
262 T	0.61951	0.29578	0.08471
263 T	0.63388	0.28102	0.08511
264 A	0.61975	0.29475	0.08551
265 C	0.60513	0.28443	0.11044
266 C	0.58551	0.29786	0.11664
267 T	0.56970	0.31326	0.11704
268 G	0.49093	0.39387	0.11519
269 C	0.46419	0.42232	0.11349
270 A	0.43824	0.45515	0.1066
271 G	0.40641	0.49436	0.09923
272 A	0.38556	0.52015	0.09429
273 T	0.35302	0.55772	0.08926
274 A	0.27095	0.67504	0.05402
275 A	0.24243	0.71047	0.04711
276 A	0.22307	0.73001	0.04692
277 A	0.20945	0.73683	0.05373
278 G	0.19789	0.73954	0.06257
279 A	0.19216	0.74147	0.06636
280 A	0.19213	0.73579	0.07207
281 A	0.19278	0.73158	0.07564
282 A	0.19439	0.72952	0.07609
283 G	0.20203	0.71869	0.07928
284 A	0.20411	0.71620	0.07969
285 A	0.20516	0.71217	0.08267
286 A	0.20661	0.70091	0.09249
287 A	0.20855	0.67141	0.12005
288 T	0.21176	0.62055	0.16769
289 T	0.21400	0.57239	0.21361
290 T	0.21681	0.52941	0.25378
291 T	0.21963	0.44736	0.33302
292 G	0.22113	0.42189	0.35698
293 A	0.22588	0.39757	0.37655
294 T	0.23506	0.35660	0.40834
295 A	0.24145	0.32890	0.42964
296 A	0.25189	0.27479	0.47333
297 T	0.29279	0.15549	0.55172
298 T	0.30610	0.11570	0.57821
299 T	0.31381	0.09286	0.59332
300 T	0.31789	0.08480	0.59731
301 T	0.31766	0.09626	0.58608
302 T	0.31517	0.12872	0.55612
303 G	0.30158	0.18361	0.51481
304 A	0.29907	0.20766	0.49326
305 A	0.30221	0.22754	0.47025
306 T	0.30698	0.23976	0.45327
307 T	0.30659	0.26989	0.42352
308 T	0.29754	0.31655	0.38591
309 T	0.28740	0.39120	0.3214
310 T	0.27120	0.53523	0.19357
311 A	0.24203	0.65446	0.10351
312 T	0.22856	0.69214	0.07929
313 A	0.20814	0.73569	0.05618
314 A	0.16543	0.78054	0.05402
315 A	0.14272	0.80469	0.0526
316 A	0.10330	0.84562	0.05108
317 A	0.05934	0.89079	0.04988
318 C	0.04389	0.90720	0.04891
319 A	0.03558	0.92053	0.04389
320 A	0.03467	0.92399	0.04134
321 A	0.03704	0.92330	0.03966
322 G	0.04221	0.91926	0.03852
323 A	0.05152	0.91200	0.03648
324 A	0.07675	0.88596	0.03729
325 A	0.11271	0.84577	0.04152
326 T	0.15367	0.79105	0.05528
327 A	0.16181	0.77742	0.06077
328 G	0.17037	0.76530	0.06434
329 A	0.18339	0.74817	0.06843
330 A	0.21804	0.70352	0.07845
331 C	0.26196	0.63788	0.10016
332 A	0.33436	0.55687	0.10877
333 T	0.47121	0.40547	0.12331
334 T	0.52964	0.32844	0.14192
335 T	0.52362	0.33500	0.14137
336 A	0.46387	0.39939	0.13674
337 G	0.40628	0.41937	0.17435
338 A	0.36582	0.44081	0.19336
339 A	0.32119	0.44537	0.23344
340 G	0.29792	0.42635	0.27573
341 G	0.28820	0.42304	0.28876
342 C	0.28107	0.43186	0.28707
343 A	0.26908	0.48872	0.2422
344 A	0.20502	0.59849	0.19649
345 A	0.14066	0.69947	0.15987
346 A	0.12060	0.74292	0.13648
347 T	0.11700	0.75921	0.12379
348 A	0.10557	0.78799	0.10644
349 G	0.09623	0.80838	0.09539
350 A	0.09034	0.81519	0.09447
351 T	0.08492	0.83467	0.08041
352 G	0.07222	0.85012	0.07766
353 A	0.05932	0.87365	0.06704
354 A	0.05227	0.88688	0.06085
355 A	0.05319	0.88233	0.06447
356 C	0.05410	0.86875	0.07715
357 A	0.05814	0.86328	0.07858
358 A	0.06851	0.83946	0.09203
359 T	0.08291	0.77840	0.13869
360 A	0.08506	0.74184	0.1731
361 C	0.08521	0.71584	0.19895
362 A	0.08515	0.70758	0.20727
363 A	0.08793	0.72064	0.19144
364 A	0.09163	0.73700	0.17136
365 A	0.09331	0.76464	0.14205
366 A	0.12774	0.74761	0.12465
367 A	0.17193	0.64435	0.18371
368 T	0.20964	0.54984	0.24053
369 A	0.21990	0.53648	0.24362
370 G	0.21830	0.56361	0.21809
371 A	0.23020	0.58748	0.18232
372 T	0.23519	0.60601	0.1588
373 G	0.21873	0.62529	0.15598
374 A	0.21732	0.63200	0.15068
375 A	0.20972	0.64101	0.14927
376 A	0.21908	0.63945	0.14147
377 C	0.21514	0.65644	0.12842
378 A	0.20546	0.67482	0.11972
379 A	0.20407	0.67850	0.11743
380 T	0.20966	0.67444	0.11591
381 A	0.19839	0.69279	0.10883
382 C	0.19275	0.70369	0.10356
383 A	0.18650	0.72324	0.09026
384 A	0.18526	0.73404	0.0807
385 A	0.20216	0.72925	0.06859
386 A	0.18596	0.75695	0.05709
387 A	0.17364	0.77643	0.04992
388 A	0.18017	0.76455	0.05528
389 T	0.20906	0.72809	0.06285
390 A	0.20792	0.72691	0.06517
391 G	0.20516	0.72798	0.06686
392 A	0.21476	0.71451	0.07073
393 T	0.23682	0.68230	0.08088
394 G	0.23650	0.67581	0.08769
395 A	0.22660	0.68085	0.09255
396 A	0.20534	0.69233	0.10233
397 A	0.20084	0.68300	0.11617
398 C	0.19328	0.67439	0.13233
399 A	0.19094	0.67334	0.13572
400 A	0.19127	0.66087	0.14787
401 T	0.19196	0.64696	0.16108
402 A	0.17865	0.65923	0.16213
403 C	0.16254	0.67245	0.16501
404 G	0.14899	0.67473	0.17629
405 A	0.13500	0.68044	0.18456
406 A	0.13731	0.67358	0.18912
407 A	0.13721	0.67156	0.19123
408 A	0.14610	0.65795	0.19595
409 G	0.15345	0.58897	0.25758
410 A	0.15596	0.54370	0.30035
411 T	0.16253	0.49835	0.33911
412 G	0.13548	0.55225	0.31228
413 A	0.12266	0.63465	0.24269
414 A	0.11310	0.75861	0.12829
415 A	0.11060	0.79971	0.08969
416 A	0.10204	0.81806	0.07991
417 A	0.08535	0.82381	0.09083
418 A	0.08288	0.80243	0.11469
419 T	0.08821	0.76448	0.14732
420 A	0.08323	0.75845	0.15831
421 G	0.08276	0.74303	0.17421
422 A	0.08452	0.72935	0.18612
423 T	0.08837	0.70958	0.20204
424 A	0.08974	0.70709	0.20316
425 A	0.09559	0.68981	0.2146
426 T	0.10194	0.67155	0.22651
427 T	0.10587	0.67019	0.22395
428 T	0.10749	0.68704	0.20548
429 A	0.10851	0.68240	0.20909
430 A	0.11148	0.67147	0.21705
431 A	0.11212	0.66860	0.21928
432 A	0.11648	0.65896	0.22456
433 C	0.13573	0.62888	0.23539
434 A	0.15798	0.60614	0.23587
435 A	0.20432	0.53330	0.26238
436 A	0.28599	0.43997	0.27404
437 T	0.42935	0.28501	0.28563
438 T	0.48069	0.23003	0.28929
439 T	0.49822	0.19579	0.30599
440 T	0.50587	0.16262	0.33151
441 T	0.50987	0.15219	0.33794
442 T	0.51043	0.15494	0.33463
443 C	0.50888	0.15841	0.3327
444 T	0.51090	0.15986	0.32925
445 G	0.50074	0.18089	0.31837
446 A	0.48694	0.21028	0.30279
447 T	0.49185	0.22232	0.28583
448 C	0.47893	0.25603	0.26503
449 A	0.39933	0.44305	0.15762
450 G	0.40708	0.44605	0.14687
451 T	0.43423	0.42395	0.14183
452 T	0.43014	0.43372	0.13614
453 A	0.42174	0.45309	0.12517
454 C	0.41966	0.46502	0.11532
455 T	0.40194	0.52892	0.06914
456 A	0.34393	0.60158	0.05449
457 A	0.30014	0.65795	0.04191
458 T	0.28407	0.67541	0.04051
459 A	0.25914	0.70148	0.03938
460 C	0.24947	0.71145	0.03908
461 A	0.23489	0.72706	0.03806
462 C	0.22420	0.73743	0.03837
463 G	0.21517	0.74660	0.03823
464 A	0.21385	0.74808	0.03806
465 A	0.21388	0.74826	0.03787
466 C	0.21417	0.74431	0.04151
467 A	0.20823	0.75041	0.04137
468 A	0.21431	0.72976	0.05593
469 G	0.22874	0.69493	0.07633
470 A	0.24474	0.67175	0.0835
471 A	0.26281	0.64002	0.09718
472 C	0.35945	0.45237	0.18818
473 T	0.36923	0.43206	0.19871
474 A	0.34627	0.45686	0.19687
475 G	0.31600	0.50288	0.18112
476 A	0.25858	0.61154	0.12988
477 A	0.24359	0.65586	0.10055
478 A	0.24512	0.66738	0.08749
479 A	0.24612	0.62309	0.13079
480 A	0.24835	0.58351	0.16814
481 T	0.24296	0.58040	0.17663
482 T	0.22596	0.59673	0.17731
483 A	0.17945	0.67148	0.14907
484 A	0.09310	0.77634	0.13056
485 A	0.06228	0.82482	0.11289
486 A	0.04038	0.85357	0.10606
487 A	0.03407	0.86706	0.09887
488 A	0.02884	0.88422	0.08694
489 A	0.02346	0.88961	0.08693
490 A	0.02158	0.88404	0.09438
491 G	0.01966	0.88126	0.09909
492 A	0.01633	0.88522	0.09846
493 A	0.01555	0.88614	0.09831
494 A	0.01513	0.88440	0.10047
495 A	0.01674	0.87765	0.10561
496 A	0.02102	0.86409	0.11489
497 A	0.02992	0.82801	0.14207
498 A	0.05418	0.76831	0.17751
499 G	0.11026	0.64728	0.24245
500 A	0.14873	0.58528	0.26599
501 T	0.21039	0.48369	0.30593
502 T	0.23718	0.43872	0.3241
503 T	0.24856	0.42046	0.33097
504 T	0.25151	0.41541	0.33309
505 G	0.23201	0.42307	0.34491
506 A	0.23296	0.39451	0.37253
507 A	0.25097	0.30280	0.44623
508 T	0.27808	0.24595	0.47597
509 C	0.28870	0.21500	0.4963
510 A	0.29700	0.20912	0.49388
511 T	0.30885	0.19802	0.49312
512 T	0.30016	0.21039	0.48945
513 A	0.26289	0.26423	0.47288
514 G	0.24267	0.29788	0.45945
515 A	0.23216	0.34154	0.42631
516 A	0.22104	0.38949	0.38947
517 G	0.20527	0.44953	0.3452
518 A	0.18318	0.54280	0.27401
519 A	0.14924	0.61444	0.23633
520 G	0.12271	0.69149	0.1858
521 A	0.09977	0.82738	0.07286
522 A	0.08787	0.87604	0.03609
523 A	0.08238	0.89562	0.02199
524 A	0.08366	0.89863	0.01771
525 A	0.08920	0.89265	0.01815
526 G	0.10200	0.87594	0.02206
527 A	0.11658	0.85582	0.0276
528 T	0.12389	0.82592	0.05019
529 T	0.12771	0.81085	0.06144
530 T	0.12896	0.80424	0.0668
531 T	0.12731	0.80625	0.06644
532 G	0.11891	0.81759	0.06351
533 A	0.11378	0.82328	0.06294
534 A	0.11368	0.82110	0.06523
535 A	0.11694	0.80805	0.07501
536 G	0.13006	0.76372	0.10622
537 A	0.14523	0.73331	0.12146
538 A	0.17906	0.68902	0.13192
539 A	0.21951	0.63503	0.14547
540 A	0.27644	0.55922	0.16433
541 A	0.35523	0.45610	0.18866
542 A	0.39822	0.37610	0.22568
543 A	0.45181	0.29247	0.25572
544 T	0.56703	0.14884	0.28412
545 T	0.60332	0.09815	0.29853
546 T	0.61572	0.07970	0.30458
547 T	0.61444	0.08433	0.30123
548 T	0.60450	0.10703	0.28847
549 T	0.58887	0.13883	0.2723
550 T	0.54806	0.20133	0.25061
551 T	0.49421	0.28398	0.22181
552 A	0.39542	0.39037	0.21421
553 A	0.35573	0.42993	0.21434
554 A	0.34058	0.44307	0.21635
555 T	0.32156	0.45506	0.22338
556 C	0.28401	0.48781	0.22819
557 C	0.26234	0.51368	0.22398
558 T	0.25234	0.53233	0.21533
559 G	0.24242	0.54727	0.21031
560 A	0.23906	0.55464	0.20631
561 T	0.23884	0.55595	0.20521
562 T	0.23660	0.55850	0.2049
563 T	0.23099	0.56395	0.20506
564 A	0.22005	0.57571	0.20424
565 A	0.21624	0.58027	0.2035
566 G	0.21394	0.58333	0.20273
567 A	0.21382	0.58455	0.20162
568 G	0.21576	0.58186	0.20238
569 A	0.22011	0.57657	0.20332
570 A	0.22858	0.55283	0.21859
571 T	0.24785	0.50873	0.24342
572 T	0.26535	0.46989	0.26476
573 A	0.28128	0.42434	0.29439
574 G	0.30213	0.35505	0.34282
575 G	0.30862	0.26803	0.42336
576 A	0.31015	0.24155	0.4483
577 A	0.31286	0.22990	0.45724
578 T	0.32045	0.20362	0.47593
579 A	0.32441	0.17817	0.49742
580 T	0.33386	0.15052	0.51562
581 T	0.33988	0.14661	0.51351
582 T	0.33864	0.17309	0.48828
583 T	0.32712	0.26505	0.40783
584 T	0.30012	0.45541	0.24446
585 G	0.27087	0.58326	0.14587
586 A	0.24260	0.64043	0.11697
587 A	0.23509	0.67217	0.09274
588 A	0.23195	0.68620	0.08185
589 T	0.23150	0.68664	0.08186
590 C	0.22920	0.69184	0.07896
591 A	0.22619	0.70918	0.06464
592 A	0.22381	0.72936	0.04683
593 C	0.22324	0.73147	0.04529
594 A	0.22264	0.73296	0.04439
595 A	0.22458	0.73106	0.04436
596 A	0.22914	0.72585	0.04502
597 C	0.23371	0.72042	0.04588
598 C	0.23900	0.71531	0.04569
599 C	0.24624	0.70869	0.04507
600 A	0.24400	0.71466	0.04135
601 A	0.24234	0.72273	0.03493
602 A	0.24634	0.72169	0.03198
603 A	0.25758	0.71294	0.02947
604 A	0.28250	0.69141	0.02608
605 A	0.32818	0.63842	0.0334
606 A	0.41778	0.53168	0.05054
607 T	0.57678	0.34129	0.08193
608 A	0.64432	0.24808	0.1076
609 C	0.66891	0.19689	0.1342
610 T	0.69300	0.16869	0.13831
611 G	0.69533	0.16472	0.13996
612 C	0.69360	0.16631	0.14009
613 A	0.68866	0.17112	0.14022
614 G	0.69879	0.16008	0.14114
615 T	0.71642	0.13974	0.14384
616 A	0.71462	0.14381	0.14158
617 C	0.71437	0.14518	0.14045
618 A	0.71176	0.15251	0.13573
619 T	0.71168	0.15290	0.13543
620 A	0.71021	0.15766	0.13213
621 T	0.71077	0.15763	0.13161
622 A	0.70889	0.16219	0.12892
623 A	0.71149	0.15128	0.13722
624 T	0.71733	0.13341	0.14925
625 G	0.71923	0.12353	0.15724
626 A	0.72123	0.11821	0.16056
627 T	0.72564	0.10947	0.16488
628 T	0.72638	0.10665	0.16697
629 T	0.72686	0.10488	0.16826
630 T	0.72769	0.10226	0.17005
631 T	0.72814	0.09847	0.17338
632 T	0.72843	0.09599	0.17558
633 T	0.72865	0.09358	0.17777
634 T	0.72870	0.08902	0.18228
635 A	0.72878	0.08551	0.18571
636 T	0.72974	0.07617	0.19409
637 T	0.73019	0.07297	0.19684
638 A	0.73065	0.07159	0.19775
639 T	0.73530	0.06277	0.20193
640 T	0.73905	0.05665	0.2043
641 T	0.74339	0.04905	0.20756
642 A	0.74404	0.04848	0.20749
643 T	0.74742	0.04459	0.20799
644 A	0.74775	0.04635	0.2059
645 T	0.75070	0.04297	0.20634
646 T	0.75130	0.04224	0.20646
647 T	0.75044	0.04426	0.2053
648 T	0.74863	0.04815	0.20322
649 G	0.74466	0.05511	0.20023
650 A	0.74403	0.05806	0.19792
651 T	0.74549	0.05804	0.19646
652 T	0.74592	0.06000	0.19409
653 T	0.74508	0.06595	0.18898
654 T	0.74301	0.07527	0.18172
655 A	0.73655	0.10118	0.16226
656 T	0.73066	0.11821	0.15113
657 T	0.72016	0.13669	0.14316
658 T	0.69611	0.17397	0.12992
659 T	0.65598	0.22698	0.11704
660 A	0.54742	0.34958	0.10299
661 A	0.43529	0.47452	0.09019
662 A	0.37616	0.53870	0.08514
663 A	0.33094	0.58792	0.08114
664 G	0.30044	0.62285	0.07671
665 A	0.28346	0.64194	0.07459
666 A	0.27319	0.65358	0.07324
667 A	0.26770	0.66043	0.07187
668 T	0.26537	0.66378	0.07085
669 G	0.25545	0.67385	0.07071
670 A	0.24715	0.68398	0.06886
671 A	0.24237	0.68811	0.06952
672 T	0.24161	0.68610	0.07229
673 G	0.23033	0.69927	0.07039
674 A	0.22328	0.70928	0.06744
675 A	0.22157	0.71391	0.06452
676 A	0.22413	0.71527	0.0606
677 A	0.23099	0.70635	0.06266
678 A	0.25282	0.67522	0.07196
679 T	0.26830	0.64213	0.08957
680 A	0.27545	0.61131	0.11324
681 T	0.28713	0.56248	0.1504
682 G	0.29343	0.51572	0.19086
683 A	0.30293	0.42698	0.27008
684 T	0.31349	0.32538	0.36113
685 A	0.31530	0.27806	0.40664
686 A	0.31783	0.23655	0.44563
687 T	0.32286	0.19956	0.47758
688 G	0.32183	0.18488	0.49329
689 A	0.32162	0.17689	0.50148
690 A	0.32349	0.16954	0.50698
691 T	0.32530	0.16191	0.51279
692 A	0.32500	0.16028	0.51472
693 T	0.32707	0.15373	0.5192
694 G	0.32494	0.16715	0.50791
695 A	0.32529	0.17855	0.49616
696 T	0.32779	0.17765	0.49456
697 G	0.32879	0.19732	0.47389
698 G	0.33066	0.23278	0.43657
699 T	0.33680	0.24177	0.42144
700 G	0.33808	0.25774	0.40418
701 T	0.33987	0.28317	0.37697
702 A	0.34090	0.30637	0.35274
703 T	0.34348	0.31813	0.33839
704 T	0.34457	0.32555	0.32988
705 T	0.34536	0.33707	0.31758
706 T	0.34474	0.35926	0.296
707 T	0.34377	0.37870	0.27753
708 A	0.34093	0.39185	0.26722
709 A	0.33988	0.39878	0.26134
710 A	0.33765	0.40592	0.25643
711 T	0.33668	0.40698	0.25634
712 G	0.33574	0.41167	0.2526
713 A	0.33927	0.41209	0.24864
714 A	0.34276	0.41188	0.24536
715 G	0.35425	0.40236	0.2434
716 A	0.36557	0.39472	0.23971
717 T	0.39318	0.36902	0.23779
718 A	0.40899	0.36393	0.22709
719 A	0.42162	0.36330	0.21507
720 A	0.45115	0.34695	0.20189
721 T	0.49259	0.31540	0.19201
722 T	0.50336	0.31329	0.18335
723 A	0.51100	0.30699	0.182
724 T	0.53396	0.28463	0.18142
725 G	0.55087	0.26773	0.1814
726 T	0.56723	0.25184	0.18093
727 C	0.57415	0.24460	0.18126
728 A	0.58559	0.23505	0.17936
729 T	0.59933	0.22254	0.17813
730 T	0.60128	0.22056	0.17815
731 C	0.57833	0.24345	0.17822
732 A	0.56264	0.25927	0.17809
733 A	0.55485	0.26346	0.18169
734 C	0.55023	0.26253	0.18724
735 T	0.54508	0.26645	0.18847
736 C	0.51725	0.29488	0.18786
737 A	0.48300	0.33510	0.1819
738 A	0.47295	0.35300	0.17405
739 A	0.46914	0.36586	0.16499
740 G	0.46740	0.37690	0.1557
741 A	0.47427	0.37249	0.15324
742 G	0.48714	0.35334	0.15952
743 A	0.50240	0.33198	0.16561
744 T	0.51613	0.30622	0.17766
745 C	0.52284	0.29136	0.1858
746 C	0.52360	0.29520	0.18119
747 T	0.52108	0.33388	0.14503
748 A	0.51476	0.38183	0.10341
749 A	0.50063	0.41670	0.08267
750 A	0.49556	0.43103	0.07342
751 A	0.49542	0.43388	0.07069
752 A	0.49154	0.42697	0.08149
753 A	0.48807	0.41365	0.09828
754 T	0.48718	0.38504	0.12778
755 T	0.48215	0.37960	0.13826
756 A	0.47378	0.37958	0.14664
757 A	0.46709	0.38443	0.14848
758 A	0.46536	0.37662	0.15802
759 A	0.46483	0.34834	0.18683
760 C	0.46932	0.30523	0.22545
761 G	0.47583	0.28776	0.2364
762 A	0.48443	0.27393	0.24164
763 A	0.49518	0.25805	0.24677
764 C	0.49991	0.24865	0.25144
765 T	0.50314	0.24430	0.25257
766 C	0.50607	0.23901	0.25492
767 A	0.50937	0.23731	0.25332
768 A	0.51565	0.23426	0.25009
769 C	0.53023	0.21917	0.2506
770 T	0.56897	0.17807	0.25296
771 T	0.60595	0.14135	0.2527
772 T	0.62144	0.11802	0.26054
773 T	0.62721	0.11623	0.25656
774 T	0.62797	0.13322	0.2388
775 A	0.62458	0.14658	0.22884
776 G	0.62446	0.14629	0.22925
777 T	0.62676	0.14600	0.22723
778 T	0.62962	0.14788	0.2225
779 A	0.62350	0.16643	0.21007
780 T	0.62591	0.16011	0.21398
781 T	0.62058	0.16425	0.21518
782 T	0.60802	0.17641	0.21558
783 A	0.59280	0.19178	0.21542
784 C	0.58677	0.19742	0.21581
785 C	0.57716	0.20849	0.21435
786 A	0.56188	0.23011	0.20801
787 G	0.55242	0.24497	0.2026
788 A	0.54210	0.26517	0.19272
789 A	0.52871	0.29157	0.17972
790 G	0.52223	0.29923	0.17853
791 T	0.52715	0.29541	0.17743
792 A	0.52780	0.29680	0.1754
793 A	0.53145	0.29509	0.17345
794 C	0.53977	0.28700	0.17323
795 T	0.54946	0.28086	0.16968
796 A	0.55418	0.28380	0.16202
797 A	0.57186	0.26845	0.15969
798 T	0.59190	0.24491	0.16319
799 T	0.59755	0.23760	0.16485
800 T	0.59633	0.23490	0.16877
801 A	0.58786	0.23905	0.1731
802 C	0.59644	0.21778	0.18577
803 A	0.59234	0.22255	0.18511
804 G	0.59050	0.21980	0.1897
805 T	0.59054	0.21987	0.18959
806 T	0.58958	0.22546	0.18496
807 T	0.58566	0.23629	0.17805
808 A	0.57902	0.24217	0.17881
809 A	0.57969	0.22751	0.1928
810 A	0.58221	0.21581	0.20198
811 A	0.58763	0.20002	0.21235
812 T	0.59846	0.17425	0.22729
813 C	0.59414	0.16945	0.23641
814 G	0.58598	0.18104	0.23298
815 A	0.58463	0.18984	0.22552
816 A	0.58710	0.19459	0.21831
817 T	0.58955	0.19656	0.21388
818 A	0.59067	0.20790	0.20142
819 T	0.59637	0.20495	0.19867
820 T	0.58870	0.21603	0.19526
821 T	0.56811	0.24407	0.18782
822 A	0.52405	0.30219	0.17375
823 A	0.50889	0.32359	0.16752
824 G	0.50141	0.32018	0.17841
825 A	0.49885	0.31901	0.18214
826 T	0.50472	0.30681	0.18847
827 A	0.50844	0.29935	0.19221
828 C	0.51673	0.28642	0.19686
829 T	0.52771	0.27399	0.1983
830 T	0.53184	0.26827	0.19989
831 T	0.52937	0.26884	0.20179
832 T	0.51971	0.28101	0.19928
833 A	0.50056	0.30115	0.1983
834 T	0.48913	0.30931	0.20157
835 A	0.46568	0.33348	0.20084
836 A	0.45086	0.34392	0.20522
837 C	0.45163	0.33396	0.21441
838 A	0.45831	0.32512	0.21657
839 T	0.46579	0.31666	0.21754
840 A	0.47111	0.31164	0.21725
841 T	0.48679	0.29286	0.22035
842 T	0.49504	0.28251	0.22245
843 A	0.49888	0.26247	0.23865
844 A	0.50424	0.23484	0.26092
845 C	0.51645	0.17921	0.30434
846 T	0.52632	0.16088	0.3128
847 T	0.52713	0.15767	0.31521
848 A	0.52729	0.16718	0.30552
849 T	0.52869	0.17267	0.29864
850 T	0.52823	0.18809	0.28367
851 T	0.52377	0.20646	0.26976
852 A	0.49733	0.26996	0.23271
853 A	0.47846	0.30642	0.21512
854 A	0.42681	0.37971	0.19349
855 A	0.39346	0.42187	0.18467
856 G	0.36474	0.46156	0.1737
857 A	0.34570	0.49617	0.15813
858 A	0.33645	0.50423	0.15931
859 T	0.32524	0.53594	0.13882
860 T	0.30612	0.57823	0.11565
861 A	0.27628	0.63178	0.09194
862 G	0.26101	0.66368	0.07531
863 A	0.25181	0.68749	0.06071
864 A	0.24106	0.69993	0.05901
865 A	0.23645	0.70396	0.05958
866 A	0.23558	0.70305	0.06137
867 A	0.23541	0.70125	0.06334
868 C	0.23610	0.69867	0.06524
869 C	0.23817	0.69600	0.06583
870 G	0.24218	0.69172	0.0661
871 C	0.25474	0.67862	0.06665
872 A	0.26434	0.66904	0.06662
873 T	0.28334	0.64989	0.06676
874 A	0.30050	0.63119	0.06831
875 T	0.34455	0.56644	0.08902
876 A	0.36415	0.53276	0.10309
877 A	0.39193	0.45015	0.15792
878 A	0.41526	0.38754	0.19719
879 T	0.46020	0.30803	0.23177
880 T	0.48857	0.26642	0.24501
881 A	0.50772	0.24201	0.25026
882 T	0.54396	0.18876	0.26728
883 T	0.56992	0.14447	0.28562
884 T	0.58550	0.10844	0.30606
885 T	0.59439	0.09045	0.31516
886 A	0.60084	0.08222	0.31694
887 T	0.60234	0.07304	0.32463
888 T	0.60225	0.07514	0.32261
889 T	0.60161	0.08764	0.31075
890 A	0.59562	0.11053	0.29385
891 T	0.59220	0.11609	0.29171
892 T	0.58694	0.12299	0.29007
893 T	0.57029	0.14374	0.28597
894 T	0.54253	0.17738	0.28008
895 C	0.48436	0.24173	0.27391
896 A	0.46201	0.29818	0.2398
897 A	0.44389	0.34728	0.20884
898 A	0.42507	0.39491	0.18003
899 A	0.41362	0.42328	0.16309
900 A	0.41156	0.43923	0.1492
901 G	0.40677	0.46446	0.12877
902 A	0.40748	0.47696	0.11557
903 T	0.42169	0.46326	0.11505
904 T	0.43374	0.45134	0.11491
905 T	0.43715	0.44796	0.11489
906 T	0.43703	0.44805	0.11492
907 C	0.43481	0.45030	0.11489
908 T	0.43326	0.45387	0.11288
909 A	0.43005	0.46135	0.1086
910 A	0.42948	0.46871	0.10181
911 A	0.43367	0.46690	0.09942
912 A	0.43999	0.46090	0.09911
913 T	0.45354	0.43775	0.10871
914 T	0.44830	0.43453	0.11716
915 A	0.42168	0.45143	0.12689
916 G	0.41002	0.44107	0.14891
917 A	0.40046	0.42466	0.17487
918 C	0.39630	0.37850	0.2252
919 A	0.40638	0.35925	0.23437
920 A	0.42962	0.32599	0.2444
921 A	0.45357	0.29044	0.25599
922 G	0.46899	0.26738	0.26364
923 A	0.48235	0.25391	0.26375
924 T	0.50712	0.21920	0.27368
925 T	0.51723	0.20300	0.27977
926 T	0.51418	0.20303	0.2828
927 T	0.50771	0.21089	0.2814
928 T	0.49487	0.22581	0.27933
929 C	0.47794	0.24383	0.27823
930 G	0.46452	0.26794	0.26754
931 A	0.46201	0.28176	0.25623
932 A	0.46427	0.28514	0.2506
933 T	0.47045	0.27918	0.25036
934 T	0.47129	0.28127	0.24744
935 T	0.46827	0.28590	0.24583
936 A	0.44531	0.31088	0.24381
937 A	0.43248	0.32048	0.24705
938 T	0.42826	0.30135	0.27039
939 A	0.41786	0.29954	0.28261
940 G	0.40843	0.29467	0.29689
941 A	0.39764	0.29915	0.30322
942 T	0.39738	0.28483	0.31779
943 G	0.38496	0.29786	0.31718
944 A	0.37856	0.31192	0.30952
945 A	0.37466	0.32129	0.30404
946 T	0.37535	0.32110	0.30354
947 G	0.37341	0.32884	0.29775
948 G	0.37195	0.33353	0.29452
949 G	0.37422	0.32596	0.29982
950 G	0.38300	0.31242	0.30458
951 T	0.39410	0.29461	0.3113
952 T	0.39893	0.28330	0.31778
953 C	0.39969	0.27816	0.32215
954 T	0.40470	0.28702	0.30828
955 G	0.40451	0.30005	0.29543
956 A	0.40209	0.32382	0.2741
957 A	0.40401	0.33385	0.26214
958 T	0.41219	0.32992	0.25789
959 A	0.39983	0.33042	0.26975
960 T	0.38952	0.33808	0.27241
961 G	0.35503	0.38887	0.25609
962 A	0.31905	0.45672	0.22423
963 A	0.28644	0.52040	0.19315
964 G	0.25642	0.54643	0.19715
965 A	0.23509	0.57787	0.18704
966 A	0.22404	0.59368	0.18229
967 A	0.22026	0.60823	0.1715
968 C	0.21957	0.61834	0.16208
969 A	0.21291	0.63423	0.15286
970 A	0.21208	0.64073	0.1472
971 A	0.21264	0.64541	0.14196
972 T	0.21225	0.64520	0.14255
973 C	0.20477	0.65278	0.14245
974 A	0.19293	0.66676	0.14031
975 A	0.18697	0.67047	0.14256
976 C	0.18634	0.66386	0.1498
977 T	0.19511	0.66574	0.13915
978 A	0.18905	0.69979	0.11115
979 A	0.18810	0.72698	0.08492
980 A	0.18223	0.76827	0.0495
981 A	0.17769	0.78149	0.04082
982 A	0.16457	0.77773	0.0577
983 G	0.15620	0.77135	0.07245
984 A	0.16344	0.74115	0.09542
985 A	0.18518	0.69829	0.11654
986 A	0.21108	0.64675	0.14217
987 A	0.21874	0.60946	0.17179
988 G	0.23213	0.57570	0.19217
989 A	0.25023	0.55139	0.19838
990 A	0.27135	0.52905	0.1996
991 A	0.28868	0.51859	0.19273
992 A	0.29842	0.50433	0.19725
993 A	0.30680	0.49296	0.20024
994 T	0.31329	0.48460	0.2021
995 T	0.30796	0.48135	0.21068
996 A	0.28941	0.49139	0.2192
997 G	0.28404	0.47978	0.23618
998 A	0.28367	0.46987	0.24646
999 C	0.28708	0.45455	0.25837
1000 A	0.29873	0.45996	0.2413
1001 A	0.32731	0.45219	0.22049
1002 A	0.35770	0.42843	0.21386
1003 T	0.40468	0.37480	0.22052
1004 T	0.41640	0.36653	0.21707
1005 T	0.42179	0.33741	0.2408
1006 T	0.41965	0.32127	0.25908
1007 T	0.41223	0.31869	0.26908
1008 T	0.38375	0.34219	0.27405
1009 C	0.30739	0.41866	0.27395
1010 A	0.27736	0.46160	0.26105
1011 A	0.25989	0.49495	0.24517
1012 G	0.24972	0.52186	0.22843
1013 A	0.25155	0.53310	0.21536
1014 T	0.26746	0.52352	0.20902
1015 A	0.27261	0.51540	0.212
1016 A	0.28092	0.50184	0.21724
1017 T	0.29212	0.48083	0.22706
1018 T	0.29165	0.47282	0.23553
1019 C	0.28770	0.46229	0.25
1020 A	0.28805	0.46390	0.24805
1021 G	0.29152	0.46401	0.24447
1022 A	0.29584	0.46269	0.24147
1023 A	0.31710	0.44341	0.2395
1024 T	0.35255	0.41040	0.23704
1025 T	0.36999	0.39146	0.23855
1026 A	0.37570	0.38739	0.2369
1027 T	0.38615	0.36912	0.24472
1028 T	0.38702	0.36232	0.25065
1029 T	0.38241	0.35924	0.25835
1030 A	0.36960	0.37852	0.25188
1031 A	0.36575	0.37059	0.26367
1032 T	0.36877	0.31583	0.31539
1033 G	0.37086	0.31404	0.31511
1034 A	0.38474	0.31679	0.29847
1035 T	0.40336	0.29963	0.29701
1036 T	0.41009	0.32410	0.26581
1037 T	0.41015	0.34254	0.24731
1038 A	0.40554	0.34985	0.24461
1039 G	0.40129	0.35398	0.24474
1040 A	0.40043	0.35707	0.24249
1041 T	0.40137	0.35709	0.24154
1042 C	0.39858	0.36227	0.23914
1043 A	0.39990	0.38840	0.2117
1044 T	0.38950	0.42688	0.18363
1045 A	0.36199	0.49494	0.14306
1046 A	0.33985	0.56135	0.09881
1047 T	0.32351	0.59703	0.07946
1048 A	0.30304	0.62911	0.06784
1049 T	0.29384	0.64272	0.06345
1050 A	0.25452	0.68867	0.05682
1051 A	0.23300	0.71495	0.05206
1052 A	0.22115	0.72088	0.05797
1053 A	0.22535	0.70411	0.07054
1054 G	0.23303	0.68851	0.07846
1055 A	0.24520	0.67451	0.08029
1056 C	0.27359	0.63981	0.08661
1057 T	0.30441	0.61100	0.08459
1058 A	0.30481	0.61214	0.08305
1059 T	0.33091	0.58412	0.08497
1060 A	0.31890	0.59497	0.08613
1061 C	0.30002	0.61076	0.08922
1062 A	0.27645	0.63586	0.08769
1063 A	0.25052	0.66680	0.08268
1064 A	0.23482	0.69003	0.07514
1065 A	0.17611	0.76133	0.06257
1066 A	0.17889	0.76736	0.05376
1067 A	0.19530	0.73602	0.06868
1068 A	0.22378	0.68160	0.09462
1069 A	0.25218	0.62897	0.11885
1070 T	0.25916	0.59986	0.14097
1071 T	0.25053	0.59537	0.15411
1072 A	0.21621	0.63192	0.15187
1073 G	0.18928	0.63360	0.17712
1074 A	0.17771	0.63502	0.18728
1075 A	0.16564	0.63761	0.19675
1076 A	0.16399	0.62869	0.20732
1077 A	0.16605	0.61618	0.21777
1078 G	0.17063	0.60549	0.22388
1079 A	0.17616	0.60249	0.22135
1080 T	0.18344	0.59045	0.22611
1081 T	0.18479	0.59412	0.22109
1082 T	0.18430	0.60747	0.20823
1083 A	0.18317	0.60226	0.21457
1084 G	0.18118	0.59147	0.22735
1085 A	0.18358	0.57678	0.23964
1086 A	0.18874	0.55004	0.26122
1087 A	0.19790	0.52643	0.27567
1088 A	0.21601	0.43889	0.34511
1089 T	0.23162	0.39757	0.37081
1090 G	0.23811	0.38318	0.3787
1091 A	0.24897	0.36672	0.38431
1092 T	0.26168	0.33342	0.4049
1093 T	0.26949	0.29495	0.43556
1094 T	0.27704	0.26754	0.45541
1095 T	0.28543	0.23875	0.47582
1096 C	0.28477	0.23058	0.48465
1097 G	0.28319	0.23623	0.48058
1098 T	0.28495	0.24453	0.47051
1099 A	0.27947	0.28404	0.43649
1100 A	0.27915	0.31983	0.40103
1101 C	0.28508	0.34320	0.37173
1102 A	0.29566	0.47069	0.23366
1103 A	0.30117	0.52858	0.17025
1104 T	0.32492	0.53436	0.14072
1105 T	0.33899	0.54480	0.11621
1106 T	0.32957	0.57402	0.09642
1107 A	0.30880	0.61201	0.07919
1108 A	0.29148	0.63470	0.07382
1109 A	0.28328	0.64624	0.07047
1110 A	0.27267	0.66036	0.06698
1111 G	0.26266	0.67420	0.06313
1112 A	0.26553	0.67638	0.0581
1113 T	0.27502	0.66927	0.05572
1114 A	0.27552	0.67221	0.05227
1115 G	0.27227	0.67817	0.04956
1116 T	0.27082	0.67995	0.04923
1117 A	0.26669	0.68401	0.0493
1118 A	0.26824	0.68135	0.05042
1119 A	0.27713	0.66842	0.05445
1120 C	0.28948	0.65037	0.06015
1121 A	0.30630	0.63264	0.06106
1122 A	0.34688	0.58634	0.06678
1123 A	0.39196	0.53663	0.0714
1124 A	0.43631	0.48890	0.07479
1125 T	0.58678	0.33570	0.07752
1126 T	0.65571	0.25383	0.09046
1127 T	0.68723	0.21043	0.10234
1128 T	0.70271	0.18081	0.11647
1129 T	0.71037	0.15761	0.13202
1130 T	0.71623	0.14102	0.14275
1131 A	0.71536	0.13728	0.14735
1132 A	0.71896	0.13199	0.14905
1133 A	0.72434	0.11388	0.16178
1134 T	0.73128	0.09209	0.17663
1135 T	0.73676	0.08809	0.17515
1136 T	0.73845	0.09253	0.16902
1137 A	0.73829	0.10128	0.16042
1138 A	0.74074	0.10545	0.1538
1139 T	0.74201	0.10373	0.15426
1140 G	0.74275	0.09925	0.158
1141 T	0.74387	0.09921	0.15692
1142 T	0.74197	0.10698	0.15105
1143 A	0.72359	0.14148	0.13493
1144 C	0.71869	0.14937	0.13195
1145 A	0.71436	0.16385	0.12179
1146 T	0.71355	0.17262	0.11383
1147 T	0.71194	0.18996	0.0981
1148 C	0.70943	0.20642	0.08415
1149 T	0.70454	0.22185	0.07362
1150 A	0.69396	0.23539	0.07065
1151 A	0.68941	0.24074	0.06985
1152 A	0.68884	0.24078	0.07039
1153 C	0.69212	0.23729	0.07059
1154 C	0.69906	0.22729	0.07365
1155 T	0.70679	0.21938	0.07383
1156 A	0.70959	0.21635	0.07405
1157 G	0.71397	0.21135	0.07468
1158 C	0.72044	0.20453	0.07503
1159 C	0.72785	0.19686	0.0753
1160 C	0.73450	0.19169	0.07381
1161 T	0.74381	0.19255	0.06365
1162 A	0.74513	0.19388	0.06099
1163 A	0.74038	0.20498	0.05464
1164 A	0.73983	0.20706	0.05311
1165 A	0.74424	0.20025	0.05551
1166 C	0.75838	0.16530	0.07633
1167 A	0.76342	0.15593	0.08065
1168 G	0.77510	0.14096	0.08394
1169 A	0.78536	0.13595	0.07869
1170 T	0.80214	0.12087	0.07699
1171 G	0.81217	0.10991	0.07792
1172 A	0.82143	0.09558	0.08299
1173 T	0.82572	0.08025	0.09402
1174 T	0.82659	0.07429	0.09912
1175 C	0.82639	0.07300	0.10062
1176 T	0.82368	0.07587	0.10045
1177 C	0.81417	0.08636	0.09946
1178 A	0.80030	0.10424	0.09546
1179 A	0.78854	0.11669	0.09477
1180 C	0.78564	0.12070	0.09366
1181 A	0.78229	0.12755	0.09017
1182 A	0.78113	0.13462	0.08425
1183 C	0.78502	0.13028	0.0847
1184 T	0.79413	0.12125	0.08462
1185 A	0.79543	0.11961	0.08496
1186 T	0.80161	0.10658	0.09182
1187 T	0.80272	0.10265	0.09462
1188 C	0.80104	0.10196	0.097
1189 T	0.79907	0.10250	0.09844
1190 C	0.79664	0.10373	0.09963
1191 T	0.79457	0.10612	0.09931
1192 T	0.79069	0.11111	0.0982
1193 C	0.77061	0.13283	0.09657
1194 A	0.74672	0.16438	0.08891
1195 A	0.69716	0.22777	0.07507
1196 T	0.66002	0.27057	0.06941
1197 G	0.56134	0.37753	0.06112
1198 A	0.47450	0.46598	0.05952
1199 A	0.42583	0.51139	0.06278
1200 A	0.40282	0.52511	0.07206
1201 A	0.38772	0.52669	0.0856
1202 C	0.37716	0.52534	0.0975
1203 A	0.37060	0.53074	0.09866
1204 A	0.37039	0.52991	0.09971
1205 G	0.37244	0.52884	0.09872
1206 T	0.37236	0.53322	0.09442
1207 T	0.36682	0.54361	0.08957
1208 T	0.35337	0.55625	0.09038
1209 A	0.34198	0.56945	0.08858
1210 T	0.33602	0.57565	0.08834
1211 A	0.32416	0.58627	0.08956
1212 C	0.31730	0.58690	0.0958
1213 A	0.31207	0.59477	0.09316
1214 A	0.30888	0.59710	0.09402
1215 A	0.30378	0.59683	0.09938
1216 G	0.30128	0.58173	0.11699
1217 A	0.30642	0.55906	0.13452
1218 T	0.31922	0.49192	0.18885
1219 A	0.32315	0.45050	0.22635
1220 A	0.32961	0.35069	0.3197
1221 T	0.33143	0.25983	0.40874
1222 T	0.32994	0.22024	0.44982
1223 T	0.32373	0.21864	0.45763
1224 A	0.30396	0.25563	0.44041
1225 G	0.27849	0.30245	0.41906
1226 A	0.26412	0.35122	0.38466
1227 A	0.25677	0.36696	0.37627
1228 A	0.25344	0.36399	0.38258
1229 G	0.25492	0.35297	0.3921
1230 T	0.25687	0.33872	0.4044
1231 C	0.25393	0.31961	0.42647
1232 C	0.25367	0.32275	0.42358
1233 T	0.25588	0.34038	0.40374
1234 A	0.25532	0.36181	0.38287
1235 G	0.25422	0.36984	0.37595
1236 T	0.25649	0.37682	0.36669
1237 T	0.25548	0.39298	0.35154
1238 T	0.25136	0.41666	0.33199
1239 A	0.24622	0.48006	0.27372
1240 A	0.24163	0.57269	0.18567
1241 A	0.23879	0.60605	0.15516
1242 T	0.23879	0.63176	0.12945
1243 A	0.23655	0.65864	0.10481
1244 A	0.22710	0.68810	0.0848
1245 A	0.22185	0.70745	0.0707
1246 A	0.22765	0.70328	0.06907
1247 A	0.25160	0.66874	0.07966
1248 A	0.28346	0.61529	0.10125
1249 G	0.32248	0.56474	0.11277
1250 A	0.33807	0.54412	0.11781
1251 A	0.34364	0.53795	0.11841
1252 T	0.35335	0.52624	0.12041
1253 T	0.35754	0.52069	0.12177
1254 A	0.35546	0.52351	0.12103
1255 A	0.35922	0.52124	0.11953
1256 T	0.38128	0.50263	0.11609
1257 T	0.39526	0.48818	0.11656
1258 G	0.39126	0.49399	0.11476
1259 A	0.39699	0.48884	0.11417
1260 A	0.41125	0.47560	0.11315
1261 C	0.42953	0.45952	0.11095
1262 A	0.47982	0.43710	0.08308
1263 T	0.57894	0.34851	0.07255
1264 A	0.60524	0.33188	0.06288
1265 T	0.62907	0.30847	0.06246
1266 A	0.61867	0.31723	0.0641
1267 A	0.62089	0.30098	0.07813
1268 T	0.62610	0.28416	0.08974
1269 C	0.60102	0.30226	0.09673
1270 C	0.59204	0.31200	0.09595
1271 A	0.58170	0.32774	0.09057
1272 T	0.57437	0.34168	0.08396
1273 A	0.52495	0.40065	0.0744
1274 T	0.47737	0.44916	0.07347
1275 G	0.39752	0.53088	0.07159
1276 A	0.34288	0.59222	0.06489
1277 A	0.32452	0.60681	0.06867
1278 C	0.31658	0.60610	0.07732
1279 G	0.31204	0.61113	0.07683
1280 A	0.30649	0.61848	0.07503
1281 T	0.30988	0.61126	0.07886
1282 G	0.30965	0.60985	0.08049
1283 A	0.31098	0.60773	0.08129
1284 A	0.32041	0.58865	0.09094
1285 T	0.35037	0.54953	0.10009
1286 T	0.36134	0.53623	0.10243
1287 A	0.36700	0.52803	0.10497
1288 A	0.36754	0.52126	0.11119
1289 T	0.36811	0.49692	0.13496
1290 T	0.36792	0.48579	0.14629
1291 A	0.36613	0.47942	0.15445
1292 A	0.36560	0.45277	0.18163
1293 T	0.36764	0.43185	0.2005
1294 A	0.36119	0.42557	0.21323
1295 A	0.36030	0.41391	0.22578
1296 A	0.36528	0.36245	0.27227
1297 G	0.36465	0.31109	0.32426
1298 A	0.36659	0.25332	0.3801
1299 T	0.37902	0.19699	0.42399
1300 T	0.38430	0.18240	0.43329
1301 T	0.38413	0.19944	0.41643
1302 A	0.37891	0.24899	0.37211
1303 T	0.37590	0.29048	0.33363
1304 T	0.36097	0.31748	0.32155
1305 A	0.32288	0.39100	0.28613
1306 G	0.29408	0.46513	0.2408
1307 A	0.28082	0.48419	0.235
1308 C	0.28036	0.48742	0.23222
1309 T	0.28298	0.49730	0.21972
1310 G	0.28293	0.50871	0.20836
1311 C	0.28488	0.51742	0.1977
1312 T	0.28666	0.54473	0.16862
1313 T	0.27946	0.58611	0.13443
1314 A	0.26976	0.61000	0.12025
1315 A	0.26218	0.63295	0.10487
1316 A	0.25795	0.64255	0.0995
1317 A	0.25569	0.64332	0.10099
1318 G	0.25673	0.64209	0.10118
1319 A	0.25921	0.64875	0.09204
1320 A	0.26284	0.65780	0.07935
1321 A	0.27445	0.65457	0.07098
1322 T	0.28776	0.65196	0.06027
1323 A	0.29213	0.65476	0.05312
1324 A	0.31006	0.64087	0.04907
1325 A	0.34972	0.59619	0.05408
1326 A	0.38949	0.54959	0.06091
1327 A	0.40744	0.51477	0.07779
1328 A	0.45032	0.43578	0.1139
