# lcl|CP097583.1_cds_USQ93577.1_1
# AA	inside	membr	outside
1 A	0.28971	0.00000	0.71028
2 T	0.28968	0.00003	0.71028
3 G	0.28960	0.00011	0.71028
4 A	0.28960	0.00492	0.70547
5 T	0.28885	0.00880	0.70235
6 T	0.28885	0.00946	0.70168
7 A	0.28524	0.01343	0.70132
8 G	0.28524	0.01344	0.70132
9 T	0.28493	0.01388	0.70119
10 T	0.28492	0.03296	0.68212
11 T	0.28471	0.03415	0.68113
12 A	0.26330	0.05588	0.68082
13 A	0.24529	0.07407	0.68063
14 T	0.24529	0.07407	0.68063
15 T	0.24529	0.07416	0.68054
16 G	0.24396	0.07549	0.68054
17 C	0.24262	0.07683	0.68054
18 C	0.24255	0.07690	0.68054
19 G	0.24147	0.07798	0.68054
20 C	0.23906	0.08043	0.68051
21 T	0.23559	0.08390	0.68051
22 T	0.23538	0.08413	0.68048
23 T	0.23488	0.08469	0.68043
24 A	0.23427	0.08540	0.68033
25 G	0.23409	0.08550	0.6804
26 A	0.23420	0.08514	0.68066
27 T	0.23877	0.07951	0.68172
28 T	0.24182	0.07561	0.68256
29 C	0.24238	0.07478	0.68284
30 T	0.24367	0.07206	0.68427
31 A	0.24349	0.07321	0.6833
32 A	0.24393	0.07240	0.68367
33 T	0.26015	0.05555	0.6843
34 T	0.26090	0.05457	0.68452
35 T	0.26083	0.03470	0.70447
36 T	0.26017	0.02013	0.7197
37 T	0.25920	0.02092	0.71989
38 T	0.25763	0.02346	0.71892
39 A	0.25541	0.02679	0.71781
40 A	0.25474	0.02735	0.7179
41 T	0.25438	0.02763	0.71799
42 T	0.25386	0.02737	0.71876
43 G	0.25300	0.02730	0.7197
44 G	0.25194	0.03130	0.71676
45 A	0.25058	0.03749	0.71192
46 G	0.24982	0.03979	0.7104
47 A	0.24934	0.04171	0.70895
48 T	0.24906	0.04259	0.70836
49 G	0.24832	0.04782	0.70385
50 G	0.24740	0.05246	0.70014
51 A	0.24714	0.05536	0.6975
52 A	0.24695	0.06156	0.6915
53 A	0.24708	0.06912	0.6838
54 T	0.24827	0.07543	0.6763
55 A	0.24840	0.08485	0.66675
56 A	0.24733	0.09264	0.66004
57 A	0.24587	0.09469	0.65944
58 T	0.24583	0.09414	0.66004
59 T	0.24471	0.09426	0.66103
60 A	0.24325	0.09557	0.66118
61 C	0.24281	0.09451	0.66268
62 C	0.24267	0.09393	0.66339
63 A	0.24319	0.09345	0.66336
64 T	0.24462	0.09198	0.6634
65 G	0.24379	0.09275	0.66347
66 G	0.24416	0.09222	0.66362
67 C	0.24777	0.08781	0.66442
68 A	0.25173	0.08287	0.6654
69 T	0.25452	0.07931	0.66617
70 T	0.25605	0.07733	0.66661
71 A	0.25623	0.07691	0.66686
72 T	0.25830	0.07428	0.66742
73 C	0.25915	0.07230	0.66855
74 G	0.26019	0.07098	0.66883
75 A	0.26661	0.06436	0.66903
76 G	0.27530	0.05562	0.66907
77 A	0.28264	0.04853	0.66882
78 A	0.29083	0.04015	0.66902
79 G	0.29726	0.03154	0.6712
80 A	0.29914	0.02633	0.67453
81 T	0.30065	0.02297	0.67639
82 C	0.30184	0.01942	0.67874
83 T	0.30495	0.01536	0.67969
84 T	0.30612	0.01336	0.68051
85 T	0.30650	0.01169	0.68182
86 T	0.30648	0.01151	0.68201
87 A	0.30549	0.01280	0.6817
88 T	0.30504	0.01219	0.68278
89 T	0.30446	0.01226	0.68327
90 T	0.30340	0.01321	0.68338
91 T	0.30116	0.01634	0.68249
92 T	0.29608	0.02355	0.68037
93 T	0.28385	0.04157	0.67459
94 A	0.24955	0.08824	0.66221
95 A	0.14574	0.19583	0.65843
96 A	0.10739	0.23683	0.65577
97 A	0.08565	0.25986	0.65449
98 A	0.07557	0.27041	0.65401
99 A	0.07246	0.27353	0.65401
100 A	0.07136	0.27436	0.65428
101 A	0.07113	0.27424	0.65463
102 A	0.07107	0.27401	0.65493
103 T	0.07107	0.27379	0.65514
104 C	0.07082	0.27396	0.65522
105 T	0.07064	0.27430	0.65506
106 A	0.07014	0.27514	0.65472
107 T	0.07000	0.27565	0.65435
108 A	0.06963	0.27604	0.65433
109 A	0.06948	0.27609	0.65443
110 A	0.06971	0.27411	0.65618
111 T	0.07055	0.27114	0.65832
112 C	0.07013	0.26882	0.66105
113 A	0.07054	0.26700	0.66246
114 A	0.07155	0.26353	0.66492
115 A	0.07400	0.25655	0.66945
116 A	0.08004	0.24016	0.6798
117 T	0.09304	0.19806	0.7089
118 G	0.09621	0.08056	0.82323
119 T	0.09881	0.04021	0.86098
120 C	0.09931	0.01969	0.881
121 T	0.09933	0.01746	0.88321
122 T	0.09741	0.02225	0.88034
123 G	0.08995	0.03058	0.87948
124 A	0.08829	0.03399	0.87772
125 T	0.08709	0.03594	0.87697
126 G	0.08604	0.03740	0.87656
127 G	0.08564	0.03977	0.87458
128 G	0.08552	0.04190	0.87259
129 A	0.08543	0.04469	0.86987
130 T	0.08563	0.04856	0.86581
131 T	0.08534	0.06118	0.85347
132 A	0.08467	0.12391	0.79141
133 A	0.08436	0.12986	0.78577
134 A	0.08422	0.13072	0.78505
135 T	0.08419	0.12993	0.78588
136 A	0.08400	0.12985	0.78615
137 C	0.08418	0.12918	0.78664
138 T	0.08450	0.12912	0.78638
139 T	0.08424	0.12971	0.78606
140 A	0.08378	0.13042	0.7858
141 T	0.08389	0.13039	0.78571
142 A	0.08365	0.13058	0.78577
143 A	0.08382	0.12920	0.78699
144 A	0.08590	0.12592	0.78819
145 T	0.09116	0.11776	0.79108
146 C	0.09278	0.10937	0.79786
147 T	0.09553	0.10607	0.79841
148 T	0.09650	0.10672	0.79677
149 T	0.09674	0.11188	0.79138
150 G	0.09710	0.11943	0.78348
151 G	0.09864	0.12700	0.77436
152 A	0.10201	0.12864	0.76936
153 A	0.10706	0.12581	0.76714
154 A	0.12064	0.11348	0.76588
155 G	0.17910	0.05524	0.76566
156 T	0.18706	0.04748	0.76546
157 T	0.18851	0.04662	0.76486
158 A	0.18880	0.04677	0.76444
159 T	0.18917	0.04636	0.76447
160 T	0.18932	0.04645	0.76423
161 A	0.18862	0.04726	0.76412
162 T	0.18831	0.04732	0.76437
163 A	0.18786	0.04768	0.76446
164 A	0.18751	0.04818	0.76431
165 A	0.18687	0.04906	0.76407
166 G	0.18580	0.05048	0.76372
167 G	0.18439	0.05243	0.76318
168 A	0.18423	0.05274	0.76302
169 A	0.18470	0.05208	0.76322
170 A	0.18597	0.05051	0.76352
171 G	0.18923	0.04663	0.76415
172 C	0.19641	0.03868	0.76491
173 C	0.20544	0.02922	0.76534
174 T	0.21570	0.01881	0.76549
175 T	0.21974	0.01473	0.76553
176 T	0.22112	0.01334	0.76554
177 T	0.22168	0.01277	0.76555
178 C	0.22199	0.01243	0.76558
179 C	0.22231	0.01202	0.76567
180 T	0.22302	0.01135	0.76563
181 T	0.22343	0.01092	0.76566
182 T	0.22365	0.01068	0.76567
183 T	0.22380	0.01052	0.76568
184 G	0.22359	0.01019	0.76622
185 C	0.22355	0.00955	0.76691
186 A	0.22372	0.00911	0.76717
187 A	0.22405	0.00852	0.76743
188 A	0.22461	0.00757	0.76781
189 A	0.22528	0.00606	0.76866
190 G	0.22594	0.00422	0.76984
191 T	0.22628	0.00333	0.77038
192 T	0.22633	0.00330	0.77036
193 T	0.22634	0.00352	0.77015
194 A	0.22633	0.00358	0.77009
195 T	0.22631	0.00356	0.77012
196 G	0.22629	0.00354	0.77016
197 T	0.22629	0.00351	0.7702
198 C	0.22628	0.00349	0.77023
199 G	0.22624	0.00355	0.7702
200 C	0.22623	0.00358	0.77019
201 T	0.22622	0.00360	0.77018
202 A	0.22621	0.00363	0.77016
203 G	0.22627	0.00358	0.77016
204 T	0.22633	0.00349	0.77018
205 C	0.22635	0.00341	0.77024
206 A	0.22641	0.00321	0.77039
207 T	0.22648	0.00282	0.7707
208 T	0.22644	0.00269	0.77087
209 C	0.22636	0.00268	0.77096
210 A	0.22618	0.00287	0.77096
211 T	0.22620	0.00282	0.77097
212 C	0.22602	0.00299	0.77099
213 T	0.22603	0.00297	0.77099
214 A	0.22578	0.00322	0.771
215 T	0.22589	0.00308	0.77102
216 C	0.22593	0.00302	0.77104
217 T	0.22593	0.00301	0.77106
218 C	0.22586	0.00306	0.77108
219 T	0.22582	0.00308	0.7711
220 T	0.22576	0.00314	0.7711
221 T	0.22563	0.00326	0.77111
222 T	0.22542	0.00343	0.77115
223 C	0.22474	0.00410	0.77115
224 C	0.22437	0.00447	0.77116
225 T	0.22333	0.00555	0.77112
226 A	0.22181	0.00713	0.77106
227 A	0.22049	0.00853	0.77098
228 T	0.21917	0.00992	0.77091
229 A	0.21597	0.01330	0.77072
230 T	0.21393	0.01537	0.77071
231 T	0.21169	0.01757	0.77073
232 A	0.20932	0.01989	0.77079
233 A	0.20799	0.02099	0.77102
234 T	0.20733	0.02138	0.77129
235 T	0.20643	0.02201	0.77155
236 T	0.20559	0.02268	0.77173
237 G	0.20464	0.02337	0.77199
238 G	0.20418	0.02370	0.77212
239 T	0.20394	0.02379	0.77227
240 T	0.20360	0.02403	0.77238
241 T	0.20302	0.02450	0.77249
242 C	0.20233	0.02510	0.77256
243 A	0.20181	0.02574	0.77244
244 G	0.20151	0.02611	0.77239
245 A	0.20128	0.02648	0.77224
246 T	0.20121	0.02611	0.77269
247 T	0.20102	0.02619	0.77279
248 T	0.20049	0.02574	0.77376
249 A	0.19907	0.02589	0.77503
250 A	0.19840	0.02524	0.77637
251 A	0.19807	0.02398	0.77794
252 A	0.19816	0.02079	0.78106
253 T	0.19836	0.01819	0.78345
254 T	0.19840	0.01588	0.78572
255 T	0.19828	0.01380	0.78791
256 T	0.19810	0.01284	0.78907
257 T	0.19774	0.01277	0.78948
258 T	0.19702	0.01310	0.78988
259 T	0.19562	0.01440	0.78998
260 T	0.19195	0.01845	0.7896
261 A	0.17234	0.04056	0.78709
262 G	0.15211	0.06368	0.78421
263 A	0.13074	0.09051	0.77875
264 A	0.11902	0.10811	0.77287
265 A	0.10841	0.12452	0.76707
266 A	0.10465	0.13075	0.7646
267 A	0.10172	0.13629	0.76199
268 T	0.10054	0.13844	0.76102
269 A	0.09850	0.14123	0.76028
270 T	0.09684	0.14315	0.76001
271 A	0.09459	0.14541	0.75999
272 A	0.09359	0.14551	0.76089
273 A	0.09273	0.14593	0.76134
274 G	0.09242	0.14580	0.76179
275 A	0.09239	0.14561	0.762
276 T	0.09253	0.14516	0.76231
277 T	0.09232	0.14491	0.76277
278 C	0.09133	0.14534	0.76334
279 T	0.09057	0.14593	0.76351
280 A	0.08916	0.14727	0.76357
281 A	0.08889	0.14708	0.76403
282 A	0.08911	0.14582	0.76507
283 G	0.09014	0.14200	0.76786
284 A	0.09307	0.12108	0.78585
285 A	0.09642	0.09921	0.80437
286 A	0.10197	0.07482	0.82321
287 A	0.10850	0.05824	0.83326
288 T	0.11556	0.04203	0.84241
289 A	0.11822	0.03978	0.842
290 T	0.12132	0.03603	0.84265
291 T	0.12236	0.03731	0.84033
292 A	0.12269	0.03875	0.83856
293 T	0.12276	0.04042	0.83682
294 G	0.12260	0.04258	0.83481
295 A	0.12264	0.04513	0.83223
296 T	0.12271	0.04541	0.83188
297 T	0.12247	0.04690	0.83064
298 A	0.12147	0.05216	0.82637
299 T	0.12088	0.05314	0.82598
300 A	0.12035	0.05447	0.82518
301 G	0.12001	0.05481	0.82518
302 G	0.11992	0.05600	0.82408
303 C	0.12016	0.05586	0.82397
304 G	0.12047	0.05908	0.82045
305 G	0.12097	0.06120	0.81784
306 T	0.12165	0.06079	0.81756
307 A	0.12214	0.06060	0.81726
308 G	0.12300	0.05987	0.81714
309 T	0.12522	0.05776	0.81701
310 C	0.12675	0.05666	0.8166
311 A	0.12854	0.05670	0.81477
312 A	0.13322	0.05315	0.81362
313 A	0.13764	0.04977	0.8126
314 T	0.14378	0.04401	0.81221
315 T	0.14838	0.04024	0.81139
316 T	0.15199	0.03718	0.81083
317 T	0.15419	0.03558	0.81023
318 T	0.15563	0.03413	0.81024
319 A	0.15531	0.03480	0.80989
320 A	0.15586	0.03445	0.80968
321 A	0.15847	0.03176	0.80978
322 C	0.15892	0.03071	0.81037
323 A	0.15915	0.03033	0.81053
324 A	0.15996	0.02942	0.81062
325 T	0.16304	0.02623	0.81073
326 C	0.16357	0.02574	0.8107
327 T	0.16597	0.02353	0.81051
328 T	0.16592	0.02392	0.81016
329 T	0.16354	0.02656	0.80989
330 A	0.16024	0.03062	0.80913
331 G	0.15796	0.03322	0.80882
332 A	0.15700	0.03436	0.80864
333 A	0.15623	0.03528	0.80849
334 T	0.15773	0.03367	0.8086
335 A	0.15857	0.03274	0.80869
336 T	0.15976	0.03129	0.80895
337 G	0.16009	0.03067	0.80924
338 C	0.16089	0.02953	0.80958
339 T	0.16154	0.02871	0.80975
340 C	0.16212	0.02789	0.80999
341 A	0.16205	0.02795	0.81001
342 A	0.16237	0.02731	0.81032
343 G	0.16286	0.02648	0.81066
344 T	0.16368	0.02476	0.81156
345 T	0.16369	0.02423	0.81207
346 A	0.16354	0.02278	0.81368
347 T	0.16360	0.02087	0.81553
348 G	0.16306	0.02080	0.81614
349 T	0.16301	0.02039	0.81661
350 A	0.16267	0.02108	0.81625
351 T	0.16287	0.02005	0.81707
352 A	0.16222	0.01867	0.8191
353 T	0.16257	0.01540	0.82203
354 T	0.16173	0.01424	0.82403
355 A	0.15926	0.01570	0.82503
356 C	0.15795	0.01585	0.82619
357 T	0.15662	0.01744	0.82593
358 C	0.15513	0.02042	0.82446
359 A	0.15335	0.02517	0.82148
360 T	0.15274	0.02898	0.81828
361 G	0.15157	0.03554	0.8129
362 T	0.15107	0.03986	0.80907
363 A	0.15031	0.04393	0.80575
364 T	0.15011	0.04606	0.80383
365 T	0.14977	0.04840	0.80183
366 A	0.14920	0.05027	0.80053
367 A	0.14892	0.05141	0.79968
368 G	0.14886	0.05162	0.79952
369 A	0.14881	0.05169	0.7995
370 A	0.14890	0.05149	0.79961
371 G	0.14921	0.05057	0.80022
372 A	0.14996	0.04955	0.8005
373 T	0.15131	0.04760	0.80109
374 A	0.15201	0.04648	0.8015
375 T	0.15232	0.04513	0.80255
376 A	0.15241	0.04462	0.80297
377 A	0.15246	0.04356	0.80399
378 A	0.15257	0.04103	0.80641
379 G	0.15290	0.03881	0.8083
380 G	0.15379	0.03639	0.80982
381 T	0.15688	0.03184	0.81128
382 G	0.16038	0.02695	0.81268
383 A	0.16483	0.02184	0.81333
384 T	0.17120	0.01417	0.81463
385 T	0.17468	0.01001	0.8153
386 C	0.17663	0.00736	0.81601
387 T	0.17880	0.00511	0.81609
388 T	0.18020	0.00377	0.81603
389 T	0.18071	0.00360	0.81569
390 T	0.18071	0.00364	0.81565
391 T	0.17938	0.00501	0.81562
392 T	0.17677	0.00760	0.81562
393 T	0.16931	0.01499	0.81571
394 C	0.15672	0.02755	0.81573
395 C	0.15190	0.03243	0.81566
396 T	0.14890	0.03554	0.81556
397 C	0.14573	0.03881	0.81545
398 G	0.14281	0.04180	0.8154
399 T	0.14053	0.04413	0.81534
400 T	0.13840	0.04631	0.81529
401 T	0.13605	0.04868	0.81527
402 C	0.13405	0.05072	0.81523
403 G	0.13250	0.05245	0.81505
404 A	0.13187	0.05331	0.81482
405 T	0.13167	0.05383	0.8145
406 T	0.13129	0.05511	0.8136
407 A	0.13005	0.05711	0.81283
408 T	0.12909	0.05910	0.81181
409 A	0.12566	0.06410	0.81024
410 A	0.12283	0.06847	0.80871
411 A	0.12162	0.07087	0.80752
412 A	0.12097	0.07329	0.80574
413 A	0.12022	0.07565	0.80414
414 A	0.11935	0.07651	0.80413
415 T	0.11923	0.07344	0.80733
416 A	0.11819	0.06803	0.81378
417 T	0.11739	0.06132	0.82129
418 T	0.11600	0.06219	0.82181
419 T	0.11311	0.06717	0.81972
420 A	0.10975	0.06980	0.82046
421 A	0.10841	0.06894	0.82265
422 T	0.10757	0.06662	0.82582
423 T	0.10571	0.06736	0.82693
424 C	0.10126	0.07230	0.82644
425 A	0.09807	0.09023	0.81169
426 A	0.09265	0.10571	0.80164
427 G	0.08933	0.11279	0.79788
428 A	0.08617	0.12271	0.79112
429 T	0.08474	0.12978	0.78548
430 A	0.08183	0.13654	0.78163
431 A	0.08068	0.14135	0.77797
432 A	0.08076	0.14015	0.77909
433 A	0.08178	0.13754	0.78069
434 A	0.08299	0.13553	0.78148
435 A	0.08541	0.13247	0.78212
436 A	0.08831	0.12880	0.7829
437 T	0.09217	0.12373	0.78411
438 A	0.09357	0.12194	0.78449
439 A	0.09625	0.11791	0.78584
440 T	0.10071	0.11193	0.78735
441 A	0.10308	0.10750	0.78941
442 T	0.10642	0.09977	0.79381
443 C	0.10757	0.09498	0.79745
444 T	0.10897	0.09247	0.79856
445 G	0.10975	0.09112	0.79913
446 A	0.11165	0.08821	0.80015
447 A	0.11495	0.08197	0.80308
448 T	0.13279	0.06172	0.8055
449 T	0.14290	0.04580	0.81129
450 A	0.14653	0.03916	0.8143
451 A	0.15273	0.02998	0.81728
452 T	0.15872	0.02242	0.81887
453 T	0.16205	0.01806	0.81989
454 T	0.16460	0.01565	0.81975
455 T	0.16387	0.01878	0.81736
456 T	0.16095	0.02877	0.81028
457 G	0.15286	0.03937	0.80777
458 T	0.14922	0.04492	0.80586
459 T	0.14345	0.05215	0.80439
460 A	0.12344	0.07469	0.80187
461 C	0.12214	0.07646	0.80139
462 T	0.12118	0.07852	0.8003
463 T	0.11986	0.08111	0.79903
464 A	0.11926	0.08210	0.79864
465 T	0.11910	0.08243	0.79848
466 G	0.11911	0.08240	0.79848
467 T	0.11923	0.08222	0.79855
468 T	0.11933	0.08205	0.79862
469 A	0.11942	0.08190	0.79868
470 A	0.11951	0.08174	0.79876
471 A	0.11964	0.08153	0.79884
472 A	0.11991	0.08111	0.79898
473 A	0.12064	0.08011	0.79925
474 A	0.12217	0.07829	0.79955
475 A	0.12406	0.07585	0.80009
476 T	0.12720	0.07145	0.80136
477 A	0.12880	0.06812	0.80308
478 G	0.13200	0.06193	0.80608
479 A	0.13872	0.05117	0.81011
480 T	0.14267	0.03733	0.82001
481 T	0.14505	0.02984	0.82511
482 A	0.14693	0.02166	0.8314
483 A	0.15029	0.00000	0.8497
