# lcl|CP097583.1_cds_USQ93430.1_1
# AA	inside	membr	outside
1 A	0.23622	0.00000	0.76378
2 T	0.23595	0.00027	0.76378
3 G	0.23570	0.00052	0.76378
4 A	0.23570	0.09790	0.66639
5 T	0.22717	0.21384	0.559
6 A	0.22717	0.25077	0.52207
7 A	0.16628	0.31857	0.51516
8 A	0.16627	0.31874	0.51499
9 T	0.15659	0.33184	0.51157
10 A	0.15653	0.76070	0.08278
11 A	0.15157	0.77970	0.06873
12 A	0.10474	0.83054	0.06472
13 A	0.05836	0.88641	0.05523
14 A	0.05835	0.88642	0.05522
15 A	0.05835	0.93459	0.00706
16 A	0.05755	0.93540	0.00706
17 A	0.05688	0.93616	0.00696
18 T	0.05685	0.93649	0.00666
19 T	0.05505	0.93845	0.00651
20 A	0.04203	0.95384	0.00413
21 C	0.02881	0.96703	0.00416
22 A	0.02834	0.96792	0.00373
23 A	0.02814	0.96848	0.00338
24 A	0.02957	0.96750	0.00293
25 A	0.03433	0.96264	0.00302
26 A	0.04045	0.95633	0.00322
27 A	0.12830	0.86333	0.00836
28 A	0.22847	0.75403	0.0175
29 T	0.27071	0.70763	0.02166
30 A	0.29060	0.64340	0.06599
31 A	0.29853	0.63264	0.06883
32 A	0.31657	0.60033	0.0831
33 T	0.69613	0.21094	0.09293
34 T	0.71125	0.18877	0.09997
35 T	0.72050	0.14471	0.13479
36 A	0.72492	0.11265	0.16243
37 A	0.72552	0.11140	0.16307
38 A	0.75938	0.07712	0.1635
39 T	0.76208	0.07331	0.16461
40 A	0.76467	0.06894	0.16638
41 T	0.76832	0.06214	0.16954
42 T	0.77033	0.05735	0.17232
43 T	0.77225	0.04540	0.18236
44 T	0.77134	0.04313	0.18554
45 A	0.76912	0.04951	0.18137
46 A	0.76931	0.05047	0.18021
47 T	0.77002	0.04852	0.18146
48 T	0.77039	0.04820	0.18141
49 T	0.77063	0.04953	0.17983
50 T	0.77097	0.05036	0.17867
51 A	0.77109	0.05040	0.17851
52 T	0.77151	0.04934	0.17915
53 T	0.77219	0.04867	0.17915
54 T	0.77348	0.04743	0.17909
55 T	0.77424	0.04718	0.17858
56 T	0.77528	0.04625	0.17847
57 T	0.77577	0.04776	0.17647
58 A	0.77573	0.05227	0.172
59 T	0.77706	0.05179	0.17115
60 G	0.77763	0.05508	0.16729
61 T	0.77914	0.06846	0.15239
62 T	0.78142	0.07638	0.1422
63 T	0.78180	0.08418	0.13402
64 A	0.78177	0.09326	0.12496
65 T	0.78159	0.10066	0.11775
66 A	0.78006	0.11564	0.1043
67 A	0.78446	0.11707	0.09847
68 T	0.78921	0.11921	0.09159
69 T	0.79129	0.12823	0.08048
70 T	0.79119	0.13546	0.07335
71 T	0.78966	0.14357	0.06677
72 A	0.78829	0.15099	0.06071
73 T	0.78820	0.15148	0.06032
74 T	0.78746	0.15253	0.06001
75 A	0.78594	0.15426	0.05979
76 T	0.78611	0.15390	0.05999
77 C	0.78600	0.15411	0.05989
78 T	0.78624	0.15395	0.0598
79 A	0.78477	0.15549	0.05974
80 A	0.78767	0.15252	0.05981
81 T	0.79258	0.14741	0.06
82 C	0.79485	0.14521	0.05993
83 A	0.80105	0.13885	0.06009
84 T	0.82311	0.11665	0.06024
85 T	0.83374	0.10588	0.06038
86 T	0.83951	0.10001	0.06048
87 A	0.84388	0.09558	0.06055
88 A	0.85043	0.08716	0.06241
89 T	0.86376	0.07162	0.06461
90 A	0.87124	0.06306	0.06569
91 T	0.88417	0.04875	0.06708
92 T	0.89813	0.03335	0.06852
93 T	0.90364	0.02618	0.07018
94 T	0.90601	0.02235	0.07164
95 T	0.90626	0.02073	0.07301
96 T	0.90089	0.02570	0.07341
97 T	0.89318	0.03355	0.07326
98 T	0.87635	0.05158	0.07207
99 A	0.82817	0.10307	0.06876
100 A	0.79464	0.14004	0.06533
101 T	0.76977	0.16789	0.06234
102 T	0.71212	0.23154	0.05633
103 A	0.63253	0.31192	0.05554
104 A	0.52112	0.42327	0.05562
105 T	0.49966	0.44419	0.05615
106 G	0.45767	0.48565	0.05669
107 C	0.43964	0.50336	0.057
108 A	0.41900	0.52456	0.05644
109 T	0.37596	0.56816	0.05589
110 C	0.34896	0.59554	0.0555
111 T	0.33567	0.61100	0.05334
112 G	0.31190	0.63664	0.05146
113 A	0.30274	0.64697	0.05029
114 T	0.29596	0.65491	0.04913
115 G	0.28266	0.67043	0.0469
116 A	0.26224	0.69452	0.04324
117 A	0.24475	0.71436	0.04089
118 A	0.24181	0.71893	0.03926
119 A	0.23997	0.71722	0.0428
120 A	0.24027	0.70967	0.05006
121 G	0.24245	0.68976	0.06779
122 A	0.24607	0.64205	0.11187
123 A	0.25016	0.60527	0.14456
124 A	0.25420	0.57021	0.17559
125 T	0.26202	0.50570	0.23228
126 T	0.26345	0.44173	0.29482
127 G	0.26365	0.33716	0.39919
128 A	0.26386	0.33928	0.39686
129 A	0.26399	0.30935	0.42666
130 A	0.26429	0.29669	0.43902
131 A	0.26533	0.27636	0.45832
132 T	0.26723	0.20248	0.53029
133 C	0.26829	0.17518	0.55653
134 T	0.27063	0.18085	0.54852
135 T	0.27171	0.21198	0.5163
136 G	0.27162	0.22005	0.50834
137 A	0.27182	0.23528	0.4929
138 A	0.27240	0.24521	0.48239
139 A	0.27579	0.25297	0.47123
140 C	0.27897	0.28686	0.43417
141 A	0.28289	0.52904	0.18807
142 T	0.28791	0.60273	0.10937
143 T	0.28939	0.67262	0.03799
144 T	0.28927	0.69336	0.01737
145 A	0.28833	0.69715	0.01451
146 T	0.28915	0.69725	0.0136
147 A	0.28893	0.69816	0.01291
148 C	0.29085	0.69650	0.01264
149 C	0.29379	0.69433	0.01188
150 A	0.30042	0.68882	0.01076
151 A	0.31622	0.67310	0.01068
152 T	0.32353	0.66580	0.01066
153 A	0.32669	0.66270	0.01061
154 T	0.33236	0.65699	0.01064
155 C	0.33804	0.65102	0.01093
156 T	0.34634	0.64272	0.01094
157 A	0.35617	0.63299	0.01084
158 A	0.38223	0.60692	0.01086
159 A	0.39080	0.59809	0.01111
160 A	0.41034	0.57826	0.01139
161 G	0.43504	0.55204	0.01292
162 A	0.47797	0.50827	0.01376
163 A	0.56047	0.42438	0.01515
164 T	0.82896	0.15360	0.01744
165 T	0.90431	0.07668	0.01901
166 C	0.94651	0.03301	0.02048
167 T	0.95868	0.02024	0.02109
168 T	0.95949	0.01839	0.02211
169 T	0.95736	0.02025	0.02239
170 T	0.95169	0.02555	0.02276
171 T	0.94127	0.03574	0.02299
172 C	0.91911	0.05697	0.02392
173 T	0.90261	0.07326	0.02413
174 T	0.85157	0.12425	0.02419
175 C	0.68011	0.29598	0.02391
176 C	0.42402	0.55283	0.02315
177 A	0.31836	0.66129	0.02035
178 A	0.23682	0.74630	0.01689
179 A	0.18902	0.79712	0.01386
180 A	0.14999	0.83909	0.01093
181 A	0.11342	0.87798	0.00859
182 A	0.08414	0.90690	0.00896
183 A	0.04827	0.94285	0.00888
184 G	0.02756	0.96307	0.00937
185 A	0.02192	0.96909	0.00899
186 T	0.01950	0.97199	0.00852
187 A	0.01679	0.97518	0.00803
188 A	0.01572	0.97621	0.00807
189 A	0.01527	0.97593	0.0088
190 A	0.01528	0.97441	0.01031
191 A	0.01515	0.97173	0.01311
192 T	0.01535	0.96515	0.0195
193 A	0.01514	0.95665	0.02821
194 A	0.01471	0.93760	0.04769
195 T	0.01405	0.90375	0.0822
196 A	0.01247	0.88077	0.10676
197 A	0.01188	0.82966	0.15847
198 A	0.01211	0.68140	0.30649
199 G	0.01286	0.44701	0.54014
200 A	0.01517	0.36451	0.62032
201 A	0.01831	0.30383	0.67787
202 A	0.02127	0.31180	0.66694
203 A	0.02424	0.33657	0.63919
204 A	0.02723	0.34697	0.6258
205 A	0.02926	0.33191	0.63883
206 T	0.03110	0.31389	0.65501
207 T	0.03098	0.35828	0.61073
208 T	0.02913	0.50969	0.46118
209 T	0.02576	0.59066	0.38358
210 A	0.02125	0.69907	0.27969
211 G	0.01860	0.78784	0.19356
212 A	0.01661	0.85803	0.12536
213 A	0.01587	0.89649	0.08763
214 G	0.01607	0.90807	0.07586
215 A	0.01669	0.91978	0.06353
216 A	0.01810	0.91886	0.06304
217 A	0.02073	0.91595	0.06332
218 T	0.02532	0.91067	0.06402
219 T	0.02859	0.90625	0.06516
220 C	0.02992	0.90500	0.06507
221 G	0.03163	0.90641	0.06196
222 G	0.03372	0.90994	0.05634
223 A	0.03756	0.91347	0.04897
224 A	0.05184	0.90177	0.04638
225 A	0.10751	0.84757	0.04492
226 A	0.17892	0.77657	0.04451
227 T	0.24321	0.71234	0.04446
228 A	0.27422	0.68098	0.0448
229 A	0.31825	0.63599	0.04576
230 A	0.40522	0.54657	0.04821
231 T	0.58462	0.36239	0.05299
232 C	0.65300	0.28959	0.05741
233 C	0.74840	0.19174	0.05986
234 T	0.83124	0.10995	0.05881
235 T	0.86773	0.07746	0.05481
236 T	0.84379	0.10719	0.04902
237 A	0.68943	0.26606	0.04451
238 T	0.60604	0.35412	0.03984
239 T	0.50416	0.45959	0.03625
240 A	0.39070	0.57829	0.03101
241 A	0.30591	0.66586	0.02823
242 A	0.23630	0.73750	0.0262
243 A	0.19620	0.77911	0.02469
244 G	0.18821	0.79023	0.02157
245 A	0.18943	0.79049	0.02009
246 T	0.19503	0.78431	0.02066
247 T	0.19484	0.78399	0.02117
248 T	0.19325	0.78512	0.02163
249 A	0.18691	0.79117	0.02192
250 C	0.17805	0.79947	0.02248
251 C	0.16448	0.81314	0.02238
252 A	0.15786	0.82101	0.02113
253 A	0.15508	0.82475	0.02017
254 A	0.15373	0.82674	0.01952
255 A	0.15336	0.82712	0.01953
256 G	0.15365	0.82390	0.02245
257 A	0.15602	0.81083	0.03315
258 A	0.16139	0.78442	0.0542
259 T	0.16761	0.69809	0.13429
260 A	0.17071	0.50160	0.32769
261 T	0.17578	0.37171	0.45251
262 G	0.17553	0.31605	0.50842
263 T	0.17601	0.30764	0.51634
264 A	0.16869	0.37359	0.45772
265 A	0.16795	0.38415	0.44791
266 A	0.16834	0.38264	0.44901
267 T	0.17197	0.39672	0.43131
268 T	0.17008	0.46084	0.36908
269 T	0.15937	0.63872	0.20191
270 A	0.14835	0.72329	0.12836
271 A	0.14081	0.73736	0.12183
272 A	0.13037	0.74272	0.12691
273 A	0.10725	0.75764	0.13511
274 C	0.09830	0.75333	0.14837
275 C	0.09619	0.75252	0.15129
276 C	0.09109	0.76475	0.14416
277 A	0.08526	0.78945	0.12529
278 A	0.08229	0.79834	0.11937
279 T	0.08159	0.80304	0.11538
280 A	0.08126	0.80710	0.11165
281 A	0.08196	0.80725	0.11079
282 T	0.08679	0.80101	0.1122
283 G	0.09083	0.79879	0.11037
284 A	0.09977	0.79385	0.10638
285 A	0.12991	0.76150	0.10858
286 A	0.18635	0.70354	0.11011
287 T	0.28654	0.59484	0.11862
288 T	0.34337	0.53635	0.12028
289 C	0.36384	0.51458	0.12158
290 A	0.38243	0.49897	0.11859
291 A	0.43282	0.44588	0.1213
292 A	0.57828	0.29182	0.1299
293 T	0.65532	0.20872	0.13597
294 T	0.66004	0.20192	0.13804
295 A	0.65930	0.19496	0.14573
296 T	0.66099	0.17192	0.16709
297 A	0.65300	0.17134	0.17567
298 A	0.65051	0.17133	0.17815
299 T	0.65931	0.15709	0.1836
300 T	0.66710	0.14352	0.18939
301 C	0.65848	0.14840	0.19312
302 C	0.64407	0.16337	0.19255
303 T	0.60818	0.20728	0.18454
304 G	0.50232	0.33236	0.16532
305 A	0.44463	0.44354	0.11182
306 A	0.40747	0.51890	0.07363
307 A	0.39224	0.53614	0.07162
308 A	0.38067	0.54620	0.07313
309 T	0.38341	0.53436	0.08223
310 T	0.37510	0.53747	0.08742
311 C	0.34478	0.56163	0.09359
312 G	0.31716	0.58629	0.09655
313 T	0.31068	0.59185	0.09747
314 C	0.30533	0.59626	0.09841
315 A	0.29806	0.60610	0.09585
316 A	0.29532	0.61102	0.09365
317 C	0.29261	0.60934	0.09804
318 A	0.28994	0.63335	0.07671
319 A	0.27748	0.65867	0.06385
320 T	0.26428	0.67756	0.05817
321 A	0.23746	0.72558	0.03696
322 A	0.21963	0.75033	0.03004
323 A	0.20706	0.75798	0.03496
324 A	0.20029	0.75132	0.0484
325 A	0.19878	0.73210	0.06911
326 A	0.20493	0.68978	0.10529
327 A	0.22185	0.58930	0.18885
328 A	0.27217	0.49106	0.23677
329 T	0.30761	0.41804	0.27435
330 A	0.30662	0.41231	0.28107
331 T	0.30625	0.40137	0.29238
332 A	0.30388	0.39539	0.30073
333 T	0.30181	0.38103	0.31716
334 G	0.29497	0.35957	0.34546
335 G	0.28940	0.34303	0.36757
336 C	0.28815	0.33958	0.37227
337 A	0.28691	0.35280	0.36029
338 A	0.28518	0.36190	0.35291
339 A	0.28223	0.37309	0.34468
340 G	0.28652	0.36815	0.34533
341 T	0.31154	0.34575	0.34271
342 A	0.32682	0.31861	0.35458
343 A	0.34279	0.28884	0.36836
344 T	0.37186	0.23417	0.39397
345 T	0.37830	0.21490	0.4068
346 T	0.37644	0.21868	0.40488
347 T	0.33965	0.25952	0.40083
348 A	0.24872	0.36580	0.38549
349 A	0.22777	0.39307	0.37916
350 A	0.21737	0.40895	0.37368
351 T	0.20934	0.42177	0.36889
352 A	0.16770	0.47615	0.35615
353 T	0.15480	0.49943	0.34576
354 T	0.13012	0.54692	0.32297
355 G	0.08684	0.60360	0.30957
356 A	0.05784	0.66454	0.27762
357 A	0.04498	0.70356	0.25146
358 G	0.04359	0.70983	0.24658
359 A	0.04559	0.71210	0.2423
360 A	0.06000	0.69498	0.24502
361 A	0.07355	0.67703	0.24941
362 T	0.08809	0.65633	0.25559
363 T	0.09263	0.64762	0.25975
364 C	0.09500	0.64272	0.26227
365 A	0.09823	0.64061	0.26117
366 A	0.10358	0.63601	0.26041
367 A	0.10726	0.63303	0.25972
368 A	0.11435	0.62407	0.26158
369 T	0.12895	0.60098	0.27007
370 A	0.13562	0.55179	0.31259
371 T	0.14908	0.45134	0.39957
372 A	0.15098	0.43319	0.41583
373 G	0.15641	0.40865	0.43495
374 A	0.16491	0.38288	0.45222
375 G	0.18130	0.31386	0.50483
376 G	0.19848	0.29411	0.50742
377 T	0.22843	0.30239	0.46918
378 A	0.23908	0.40648	0.35444
379 A	0.26937	0.49122	0.23941
380 T	0.29892	0.59370	0.10739
381 T	0.30444	0.62136	0.0742
382 A	0.30489	0.62524	0.06987
383 T	0.30337	0.62567	0.07095
384 A	0.29608	0.63176	0.07216
385 C	0.25403	0.67238	0.07359
386 C	0.20566	0.72423	0.07011
387 C	0.18598	0.75835	0.05566
388 G	0.15741	0.81569	0.02691
389 A	0.14229	0.83690	0.02081
390 A	0.13261	0.85007	0.01732
391 A	0.12907	0.85531	0.01562
392 A	0.12652	0.85795	0.01553
393 C	0.12814	0.85249	0.01937
394 A	0.13095	0.85129	0.01776
395 A	0.13595	0.84533	0.01872
396 A	0.13933	0.84489	0.01577
397 A	0.15276	0.83121	0.01604
398 G	0.17036	0.81239	0.01726
399 A	0.20319	0.77681	0.02
400 A	0.27474	0.70195	0.02331
401 C	0.40552	0.56571	0.02877
402 C	0.52419	0.44594	0.02986
403 A	0.63586	0.33582	0.02832
404 T	0.66547	0.30917	0.02536
405 T	0.65313	0.32136	0.0255
406 A	0.61528	0.35936	0.02536
407 A	0.59675	0.37141	0.03183
408 A	0.58288	0.32978	0.08735
409 C	0.57854	0.27488	0.14658
410 T	0.59243	0.24396	0.16362
411 T	0.59972	0.21668	0.18359
412 A	0.55454	0.25364	0.19182
413 C	0.49812	0.30244	0.19944
414 T	0.45594	0.34498	0.19908
415 G	0.37221	0.42570	0.20209
416 C	0.34533	0.45173	0.20293
417 A	0.31713	0.49463	0.18825
418 A	0.29433	0.53689	0.16877
419 C	0.27689	0.55729	0.16582
420 T	0.24142	0.61336	0.14522
421 G	0.15423	0.71574	0.13002
422 A	0.10113	0.80086	0.09801
423 T	0.07828	0.84521	0.0765
424 A	0.06297	0.86811	0.06891
425 A	0.05743	0.87476	0.06781
426 A	0.05558	0.87184	0.07258
427 A	0.05593	0.86476	0.07931
428 A	0.05489	0.84983	0.09528
429 T	0.05530	0.81828	0.12643
430 A	0.05293	0.81944	0.12763
431 A	0.04978	0.82441	0.12581
432 T	0.04499	0.83507	0.11994
433 A	0.03604	0.85156	0.11241
434 A	0.03368	0.84207	0.12425
435 A	0.03337	0.80042	0.16621
436 G	0.03372	0.74516	0.22112
437 A	0.03560	0.71255	0.25184
438 A	0.03762	0.65233	0.31005
439 A	0.04088	0.63969	0.31943
440 A	0.05870	0.61458	0.32672
441 A	0.08420	0.58943	0.32637
442 A	0.10141	0.55579	0.3428
443 T	0.13040	0.49510	0.37451
444 T	0.14327	0.42885	0.42788
445 T	0.15890	0.42155	0.41955
446 T	0.15783	0.45156	0.3906
447 A	0.14198	0.55779	0.30022
448 G	0.13530	0.63608	0.22862
449 A	0.12771	0.68698	0.18531
450 A	0.12853	0.70477	0.16669
451 G	0.13304	0.70832	0.15864
452 A	0.14131	0.71663	0.14206
453 A	0.15873	0.69864	0.14264
454 A	0.18130	0.67290	0.14579
455 T	0.20648	0.64148	0.15204
456 T	0.21049	0.62992	0.15959
457 C	0.19687	0.64473	0.15839
458 A	0.17976	0.69899	0.12126
459 A	0.16048	0.76228	0.07725
460 A	0.14149	0.80835	0.05016
461 A	0.13249	0.82543	0.04208
462 A	0.14147	0.82114	0.0374
463 A	0.16302	0.80162	0.03535
464 T	0.19686	0.76861	0.03453
465 A	0.20121	0.76353	0.03526
466 A	0.21746	0.74465	0.03789
467 A	0.25519	0.69995	0.04486
468 T	0.32200	0.62290	0.05511
469 C	0.35727	0.57299	0.06974
470 C	0.43574	0.48450	0.07977
471 T	0.50501	0.41407	0.08091
472 T	0.52511	0.39694	0.07795
473 T	0.52217	0.40342	0.07441
474 A	0.49517	0.43499	0.06983
475 T	0.47579	0.45755	0.06666
476 T	0.43278	0.50137	0.06585
477 A	0.37205	0.56283	0.06512
478 A	0.33754	0.59660	0.06587
479 A	0.32708	0.59772	0.07521
480 A	0.32482	0.58428	0.0909
481 G	0.36036	0.52881	0.11083
482 A	0.40907	0.45900	0.13193
483 T	0.44094	0.40005	0.15901
484 T	0.44887	0.37103	0.1801
485 T	0.45190	0.35974	0.18836
486 A	0.45057	0.35853	0.1909
487 A	0.45086	0.35418	0.19496
488 A	0.45099	0.34017	0.20884
489 T	0.45109	0.32754	0.22137
490 A	0.45019	0.32237	0.22744
491 T	0.45082	0.31797	0.23121
492 T	0.44351	0.31929	0.23719
493 G	0.42121	0.34015	0.23864
494 A	0.41090	0.34982	0.23928
495 T	0.41546	0.32169	0.26284
496 G	0.41760	0.32022	0.26218
497 A	0.42124	0.32808	0.25068
498 T	0.42653	0.33803	0.23543
499 T	0.42851	0.31280	0.25869
500 T	0.41896	0.30064	0.2804
501 A	0.36892	0.36553	0.26555
502 A	0.32660	0.44401	0.22939
503 C	0.30584	0.48256	0.21159
504 T	0.28114	0.61507	0.10379
505 A	0.24775	0.66525	0.087
506 T	0.23601	0.68702	0.07697
507 A	0.19198	0.75018	0.05784
508 A	0.17059	0.78123	0.04818
509 C	0.16457	0.78892	0.04651
510 A	0.15604	0.80900	0.03496
511 A	0.15364	0.81763	0.02873
512 A	0.15532	0.81917	0.02551
513 T	0.16002	0.81377	0.0262
514 A	0.16113	0.81257	0.02631
515 A	0.16470	0.79996	0.03534
516 T	0.17437	0.76906	0.05656
517 C	0.18135	0.75083	0.06782
518 A	0.18833	0.74358	0.06808
519 A	0.20563	0.72562	0.06875
520 A	0.24034	0.68960	0.07006
521 T	0.29141	0.63617	0.07242
522 A	0.30688	0.61817	0.07495
523 A	0.33468	0.57726	0.08805
524 A	0.37895	0.48460	0.13645
525 T	0.42681	0.38705	0.18614
526 A	0.44770	0.34201	0.21029
527 T	0.54700	0.21247	0.24053
528 T	0.56221	0.18048	0.25731
529 A	0.56949	0.20201	0.22851
530 T	0.58823	0.18863	0.22314
531 T	0.59038	0.21719	0.19242
532 A	0.58334	0.22605	0.1906
533 T	0.58541	0.22871	0.18589
534 T	0.58437	0.23515	0.18048
535 T	0.57383	0.24960	0.17657
536 C	0.54184	0.28806	0.1701
537 T	0.51024	0.32415	0.1656
538 G	0.45621	0.38731	0.15648
539 A	0.37660	0.48708	0.13632
540 T	0.32973	0.54642	0.12385
541 C	0.24481	0.63780	0.11739
542 A	0.18770	0.71990	0.0924
543 A	0.14219	0.78235	0.07546
544 A	0.12375	0.81748	0.05876
545 G	0.11299	0.83234	0.05468
546 A	0.10688	0.84295	0.05017
547 A	0.10418	0.85056	0.04527
548 A	0.10631	0.85004	0.04365
549 A	0.10997	0.84714	0.04289
550 G	0.11899	0.83780	0.04321
551 A	0.13699	0.81956	0.04344
552 A	0.17829	0.77672	0.04499
553 A	0.21846	0.73428	0.04727
554 T	0.26343	0.67934	0.05722
555 A	0.26736	0.66468	0.06796
556 T	0.27768	0.64495	0.07737
557 T	0.27796	0.64101	0.08103
558 A	0.26159	0.65899	0.07942
559 A	0.25693	0.63925	0.10382
560 A	0.25259	0.61099	0.13642
561 A	0.25518	0.56589	0.17893
562 A	0.25430	0.49074	0.25496
563 T	0.25426	0.43501	0.31074
564 G	0.20926	0.40100	0.38973
565 A	0.19068	0.37490	0.43442
566 C	0.18405	0.34270	0.47326
567 T	0.18454	0.33376	0.48171
568 G	0.16729	0.34642	0.4863
569 G	0.15710	0.35425	0.48865
570 C	0.15760	0.35434	0.48806
571 G	0.15488	0.37216	0.47296
572 T	0.15430	0.40239	0.44331
573 A	0.14461	0.49534	0.36004
574 A	0.13777	0.57909	0.28314
575 T	0.13450	0.59958	0.26592
576 A	0.12582	0.64037	0.23381
577 A	0.11796	0.66596	0.21608
578 A	0.11229	0.68877	0.19894
579 C	0.11002	0.69455	0.19543
580 A	0.11110	0.71755	0.17135
581 T	0.12178	0.70156	0.17666
582 A	0.12092	0.70487	0.17421
583 A	0.12396	0.70021	0.17583
584 A	0.12810	0.69234	0.17956
585 A	0.13116	0.66024	0.2086
586 A	0.13430	0.62991	0.23579
587 T	0.14428	0.56656	0.28916
588 T	0.15123	0.53079	0.31797
589 T	0.15139	0.52822	0.3204
590 T	0.15048	0.54582	0.3037
591 A	0.14544	0.59483	0.25973
592 G	0.14410	0.62233	0.23356
593 A	0.14472	0.66667	0.18861
594 A	0.15431	0.69318	0.15251
595 A	0.18245	0.70507	0.11248
596 A	0.25909	0.63812	0.10278
597 A	0.33203	0.56534	0.10263
598 G	0.35266	0.54310	0.10424
599 A	0.38820	0.50740	0.10441
600 A	0.41295	0.48468	0.10237
601 A	0.44171	0.45051	0.10778
602 T	0.46444	0.42163	0.11393
603 T	0.48692	0.39683	0.11626
604 T	0.48965	0.39318	0.11717
605 C	0.48557	0.39485	0.11957
606 T	0.48407	0.40195	0.11398
607 G	0.47762	0.40983	0.11255
608 A	0.47495	0.41507	0.10998
609 G	0.47846	0.41218	0.10936
610 A	0.48928	0.40144	0.10929
611 C	0.50755	0.38045	0.112
612 T	0.53487	0.35258	0.11255
613 A	0.56112	0.32471	0.11417
614 C	0.61085	0.27097	0.11819
615 A	0.64043	0.24194	0.11762
616 T	0.68542	0.19697	0.1176
617 C	0.71989	0.15979	0.12033
618 T	0.75833	0.12462	0.11704
619 T	0.74488	0.14576	0.10936
620 T	0.71701	0.18018	0.10281
621 A	0.68083	0.22459	0.09459
622 A	0.66231	0.25053	0.08716
623 A	0.66302	0.25625	0.08073
624 T	0.66400	0.25460	0.0814
625 A	0.66102	0.25660	0.08238
626 A	0.65476	0.26083	0.08441
627 T	0.64336	0.26711	0.08953
628 C	0.61743	0.28543	0.09715
629 C	0.52287	0.37837	0.09876
630 A	0.46785	0.43344	0.09872
631 T	0.45538	0.44574	0.09887
632 C	0.42518	0.47640	0.09841
633 A	0.39519	0.50871	0.0961
634 G	0.36464	0.54164	0.09372
635 A	0.35525	0.55322	0.09153
636 A	0.33316	0.57815	0.08869
637 A	0.32230	0.59453	0.08317
638 A	0.32293	0.59074	0.08633
639 T	0.32498	0.58273	0.09229
640 A	0.32450	0.57548	0.10002
641 A	0.32729	0.55522	0.11749
642 T	0.33431	0.50633	0.15936
643 C	0.33827	0.47029	0.19144
644 C	0.34315	0.44302	0.21383
645 G	0.34698	0.43435	0.21867
646 C	0.35284	0.42794	0.21922
647 A	0.35361	0.43175	0.21463
648 A	0.35467	0.43363	0.2117
649 A	0.35670	0.42460	0.2187
650 T	0.35973	0.40122	0.23906
651 T	0.36068	0.37140	0.26792
652 T	0.36032	0.23862	0.40107
653 C	0.35919	0.17469	0.46613
654 T	0.35697	0.17186	0.47117
655 A	0.34954	0.20548	0.44498
656 A	0.34336	0.24984	0.40681
657 T	0.34180	0.25109	0.40711
658 A	0.33877	0.27683	0.3844
659 A	0.33797	0.28633	0.37569
660 T	0.34008	0.31445	0.34548
661 A	0.33405	0.45838	0.20758
662 A	0.33165	0.53738	0.13096
663 A	0.32676	0.58978	0.08346
664 A	0.32457	0.59442	0.08101
665 T	0.32476	0.59412	0.08112
666 T	0.32380	0.59586	0.08034
667 A	0.32162	0.59894	0.07943
668 C	0.32216	0.59745	0.08039
669 T	0.32334	0.59755	0.07911
670 A	0.32463	0.59726	0.07811
671 A	0.32670	0.59622	0.07708
672 T	0.32765	0.59571	0.07663
673 A	0.32787	0.59680	0.07533
674 A	0.32982	0.59565	0.07453
675 T	0.33775	0.58738	0.07487
676 A	0.34054	0.58244	0.07701
677 A	0.34904	0.57075	0.08021
678 A	0.38320	0.52868	0.08812
679 T	0.43794	0.46460	0.09746
680 C	0.45839	0.43913	0.10248
681 A	0.49145	0.40326	0.10529
682 A	0.53144	0.36077	0.10779
683 A	0.58447	0.30481	0.11073
684 T	0.71782	0.16523	0.11695
685 G	0.78755	0.09361	0.11885
686 T	0.83475	0.04013	0.12512
687 T	0.84013	0.03167	0.1282
688 T	0.84202	0.02887	0.12911
689 T	0.84353	0.02641	0.13005
690 T	0.84371	0.02581	0.13047
691 T	0.84256	0.02730	0.13014
692 T	0.84093	0.03001	0.12906
693 A	0.83578	0.03947	0.12475
694 T	0.83428	0.04141	0.12432
695 G	0.83049	0.04584	0.12366
696 G	0.82834	0.04872	0.12294
697 A	0.82892	0.04883	0.12224
698 T	0.83013	0.04822	0.12166
699 T	0.82918	0.04963	0.12118
700 A	0.82835	0.05126	0.12038
701 T	0.82820	0.05134	0.12046
702 T	0.82701	0.05247	0.12053
703 A	0.82449	0.05485	0.12066
704 T	0.82296	0.05612	0.12093
705 C	0.82162	0.05734	0.12103
706 A	0.82079	0.05816	0.12105
707 C	0.82022	0.05872	0.12107
708 T	0.82027	0.05873	0.121
709 T	0.82008	0.05911	0.12081
710 T	0.81986	0.05952	0.12063
711 A	0.81811	0.06170	0.12019
712 G	0.81822	0.06182	0.11996
713 T	0.82051	0.05805	0.12143
714 T	0.82128	0.05541	0.1233
715 A	0.82211	0.05228	0.1256
716 T	0.82692	0.04250	0.13058
717 T	0.82700	0.04075	0.13225
718 T	0.82637	0.04003	0.1336
719 T	0.82485	0.04141	0.13374
720 A	0.82307	0.04451	0.13243
721 A	0.82275	0.04480	0.13245
722 T	0.82265	0.04401	0.13334
723 G	0.82233	0.04341	0.13426
724 T	0.82208	0.04312	0.13479
725 T	0.82165	0.04274	0.13562
726 A	0.82067	0.04209	0.13724
727 T	0.82028	0.04095	0.13877
728 T	0.81993	0.04003	0.14004
729 A	0.81942	0.03955	0.14103
730 G	0.81924	0.03828	0.14249
731 G	0.81920	0.03694	0.14386
732 T	0.81941	0.03581	0.14478
733 G	0.81956	0.03466	0.14578
734 G	0.82012	0.03247	0.14742
735 A	0.82081	0.03089	0.1483
736 T	0.82178	0.02923	0.14899
737 T	0.82222	0.02799	0.14978
738 G	0.82273	0.02645	0.15082
739 T	0.82375	0.02464	0.15161
740 G	0.82461	0.02227	0.15312
741 T	0.82667	0.01940	0.15392
742 T	0.82874	0.01678	0.15448
743 T	0.83045	0.01533	0.15422
744 A	0.83022	0.01848	0.1513
745 T	0.83017	0.02285	0.14698
746 T	0.82940	0.02581	0.14479
747 T	0.82764	0.03193	0.14042
748 T	0.82303	0.04477	0.1322
749 T	0.80974	0.06954	0.12072
750 T	0.78480	0.10346	0.11174
751 T	0.72224	0.17456	0.10321
752 A	0.62177	0.28409	0.09414
753 T	0.54492	0.36731	0.08777
754 A	0.43055	0.48686	0.0826
755 A	0.35102	0.56902	0.07995
756 A	0.31402	0.60649	0.0795
757 A	0.28515	0.63578	0.07907
758 A	0.26764	0.65374	0.07862
759 A	0.25247	0.66953	0.078
760 C	0.23823	0.68465	0.07712
761 A	0.21848	0.70824	0.07328
762 T	0.20849	0.71977	0.07174
763 A	0.17605	0.75507	0.06889
764 A	0.17388	0.75769	0.06843
765 A	0.17329	0.75848	0.06822
766 A	0.17393	0.75761	0.06845
767 A	0.17773	0.75283	0.06944
768 T	0.18564	0.74304	0.07132
769 A	0.18933	0.73632	0.07435
770 A	0.19537	0.72321	0.08142
771 A	0.20541	0.69774	0.09684
772 T	0.22129	0.64642	0.13229
773 T	0.22963	0.59475	0.17561
774 T	0.23599	0.52221	0.24179
775 A	0.24072	0.43944	0.31984
776 T	0.24543	0.36272	0.39185
777 T	0.24805	0.27572	0.47623
778 G	0.24936	0.21403	0.5366
779 A	0.24988	0.18645	0.56368
780 A	0.25062	0.16007	0.58931
781 A	0.25148	0.14062	0.60789
782 A	0.25279	0.12091	0.6263
783 A	0.25516	0.09788	0.64696
784 T	0.26042	0.06223	0.67734
785 A	0.26235	0.04283	0.69482
786 A	0.26551	0.00000	0.73449
