# lcl|CP097583.1_cds_USQ93427.1_1
# AA	inside	membr	outside
1 A	0.07227	0.00000	0.92773
2 T	0.07162	0.00065	0.92773
3 G	0.07119	0.00108	0.92773
4 G	0.07119	0.00952	0.91929
5 G	0.06815	0.02042	0.91143
6 A	0.06815	0.02276	0.90909
7 A	0.06129	0.03061	0.9081
8 T	0.06129	0.03064	0.90807
9 A	0.05600	0.03687	0.90714
10 A	0.05599	0.07135	0.87266
11 T	0.05565	0.07258	0.87177
12 A	0.04630	0.08227	0.87143
13 T	0.03872	0.09068	0.8706
14 T	0.03872	0.09068	0.8706
15 A	0.03872	0.09562	0.86566
16 G	0.03827	0.09607	0.86566
17 A	0.03771	0.09664	0.86566
18 T	0.03769	0.09667	0.86564
19 A	0.03670	0.09768	0.86562
20 A	0.03489	0.09967	0.86544
21 C	0.03319	0.10122	0.86559
22 G	0.03363	0.10068	0.86569
23 T	0.03552	0.09856	0.86592
24 T	0.03895	0.09506	0.86599
25 T	0.04085	0.09253	0.86662
26 C	0.04075	0.09236	0.86689
27 T	0.04434	0.08848	0.86718
28 A	0.04530	0.08583	0.86887
29 A	0.04613	0.08507	0.86879
30 A	0.04865	0.07761	0.87374
31 G	0.05038	0.07569	0.87393
32 T	0.05364	0.06528	0.88108
33 T	0.08273	0.03589	0.88138
34 T	0.08210	0.03866	0.87923
35 T	0.07806	0.04301	0.87893
36 T	0.07011	0.05222	0.87767
37 A	0.06002	0.07018	0.8698
38 T	0.05825	0.07505	0.86669
39 A	0.03781	0.09925	0.86294
40 A	0.03453	0.10391	0.86157
41 A	0.03305	0.10724	0.85971
42 T	0.03139	0.10928	0.85933
43 A	0.02969	0.11118	0.85913
44 A	0.02831	0.11469	0.85701
45 A	0.02708	0.11785	0.85507
46 A	0.02682	0.11911	0.85407
47 A	0.02673	0.11928	0.85399
48 T	0.02663	0.11909	0.85428
49 A	0.02340	0.12327	0.85333
50 A	0.02276	0.12388	0.85337
51 A	0.02242	0.12351	0.85407
52 A	0.02111	0.12501	0.85388
53 A	0.01952	0.12674	0.85375
54 A	0.02000	0.12668	0.85332
55 A	0.02105	0.12418	0.85478
56 A	0.02430	0.11830	0.8574
57 A	0.02939	0.10723	0.86337
58 T	0.03754	0.08976	0.87271
59 C	0.04240	0.07043	0.88717
60 T	0.04871	0.05829	0.893
61 T	0.04936	0.05479	0.89584
62 A	0.04730	0.04764	0.90507
63 C	0.04596	0.04627	0.90777
64 G	0.04500	0.04650	0.9085
65 C	0.04502	0.04432	0.91067
66 C	0.04406	0.04449	0.91145
67 G	0.04568	0.04289	0.91143
68 T	0.04665	0.04180	0.91155
69 T	0.04601	0.04232	0.91167
70 G	0.04369	0.04456	0.91175
71 A	0.04261	0.04534	0.91205
72 C	0.04348	0.04054	0.91598
73 A	0.04417	0.03923	0.9166
74 A	0.04511	0.03756	0.91734
75 A	0.04624	0.03509	0.91867
76 A	0.04725	0.03239	0.92035
77 T	0.04847	0.03060	0.92093
78 T	0.04765	0.02994	0.92241
79 A	0.04556	0.03144	0.923
80 A	0.04473	0.03153	0.92373
81 T	0.04436	0.03072	0.92492
82 T	0.04369	0.03021	0.92611
83 T	0.04161	0.03154	0.92686
84 A	0.03822	0.03421	0.92758
85 G	0.03682	0.03304	0.93015
86 A	0.03567	0.03287	0.93146
87 A	0.03465	0.03171	0.93365
88 A	0.03428	0.03030	0.93542
89 T	0.03443	0.02671	0.93886
90 T	0.03464	0.02381	0.94154
91 C	0.03458	0.02166	0.94376
92 C	0.03457	0.02062	0.94482
93 T	0.03457	0.02000	0.94544
94 A	0.03456	0.01970	0.94574
95 C	0.03448	0.01949	0.94603
96 T	0.03453	0.01940	0.94608
97 G	0.03436	0.01947	0.94616
98 G	0.03424	0.01934	0.94641
99 A	0.03431	0.01916	0.94654
100 G	0.03438	0.01894	0.94668
101 A	0.03448	0.01746	0.94806
102 G	0.03482	0.01444	0.95074
103 T	0.03512	0.01286	0.95201
104 T	0.03531	0.01175	0.95294
105 A	0.03539	0.01088	0.95373
106 G	0.03557	0.00873	0.9557
107 T	0.03594	0.00586	0.9582
108 A	0.03604	0.00467	0.95928
109 A	0.03628	0.00340	0.96032
110 G	0.03632	0.00227	0.96141
111 T	0.03634	0.00177	0.96188
112 C	0.03634	0.00160	0.96206
113 T	0.03635	0.00159	0.96206
114 T	0.03634	0.00162	0.96204
115 T	0.03631	0.00184	0.96185
116 T	0.03627	0.00234	0.96139
117 A	0.03619	0.00245	0.96136
118 G	0.03614	0.00233	0.96152
119 G	0.03614	0.00219	0.96166
120 A	0.03616	0.00202	0.96183
121 C	0.03623	0.00178	0.96198
122 C	0.03633	0.00165	0.96201
123 T	0.03640	0.00159	0.96201
124 T	0.03640	0.00159	0.96201
125 C	0.03635	0.00164	0.96201
126 C	0.03631	0.00169	0.962
127 G	0.03629	0.00174	0.96198
128 G	0.03629	0.00174	0.96197
129 A	0.03630	0.00174	0.96196
130 T	0.03635	0.00170	0.96196
131 G	0.03626	0.00175	0.96198
132 T	0.03616	0.00181	0.96203
133 G	0.03590	0.00205	0.96205
134 G	0.03578	0.00216	0.96206
135 C	0.03574	0.00219	0.96207
136 A	0.03574	0.00219	0.96207
137 A	0.03580	0.00211	0.96209
138 G	0.03601	0.00186	0.96213
139 T	0.03644	0.00139	0.96217
140 C	0.03648	0.00130	0.96222
141 C	0.03650	0.00125	0.96225
142 A	0.03651	0.00123	0.96226
143 C	0.03654	0.00120	0.96226
144 T	0.03654	0.00119	0.96227
145 A	0.03654	0.00120	0.96227
146 T	0.03655	0.00118	0.96227
147 T	0.03655	0.00114	0.96231
148 C	0.03654	0.00109	0.96236
149 T	0.03655	0.00103	0.96242
150 T	0.03655	0.00100	0.96245
151 T	0.03654	0.00099	0.96247
152 A	0.03649	0.00105	0.96245
153 T	0.03640	0.00115	0.96245
154 A	0.03583	0.00164	0.96253
155 T	0.03558	0.00175	0.96267
156 G	0.03486	0.00220	0.96293
157 A	0.03467	0.00229	0.96304
158 T	0.03460	0.00229	0.96311
159 C	0.03442	0.00243	0.96315
160 G	0.03427	0.00257	0.96316
161 C	0.03417	0.00267	0.96316
162 T	0.03402	0.00286	0.96312
163 G	0.03381	0.00317	0.96302
164 G	0.03364	0.00354	0.96282
165 A	0.03353	0.00409	0.96238
166 T	0.03345	0.00425	0.9623
167 T	0.03316	0.00455	0.96229
168 A	0.03225	0.00548	0.96227
169 T	0.03180	0.00593	0.96226
170 C	0.03088	0.00685	0.96227
171 C	0.02973	0.00802	0.96225
172 A	0.02904	0.00880	0.96216
173 A	0.02880	0.00907	0.96213
174 A	0.02862	0.00925	0.96213
175 G	0.02852	0.00932	0.96216
176 T	0.02849	0.00923	0.96227
177 T	0.02842	0.00865	0.96293
178 A	0.02826	0.00850	0.96324
179 C	0.02815	0.00789	0.96396
180 T	0.02807	0.00785	0.96407
181 G	0.02785	0.00805	0.9641
182 A	0.02769	0.00815	0.96416
183 A	0.02758	0.00819	0.96423
184 G	0.02750	0.00821	0.96429
185 G	0.02744	0.00813	0.96443
186 A	0.02746	0.00802	0.96452
187 A	0.02761	0.00779	0.9646
188 A	0.02799	0.00729	0.96472
189 A	0.02810	0.00703	0.96488
190 A	0.02815	0.00652	0.96533
191 T	0.02824	0.00526	0.9665
192 T	0.02830	0.00459	0.96712
193 T	0.02832	0.00373	0.96795
194 T	0.02834	0.00289	0.96877
195 T	0.02837	0.00243	0.9692
196 T	0.02837	0.00242	0.9692
197 T	0.02837	0.00238	0.96925
198 T	0.02836	0.00243	0.9692
199 G	0.02829	0.00259	0.96912
200 A	0.02826	0.00271	0.96903
201 T	0.02825	0.00263	0.96913
202 G	0.02822	0.00265	0.96913
203 A	0.02820	0.00267	0.96912
204 T	0.02822	0.00251	0.96926
205 A	0.02821	0.00250	0.96929
206 A	0.02822	0.00242	0.96936
207 A	0.02823	0.00236	0.96942
208 G	0.02827	0.00224	0.96949
209 A	0.02836	0.00211	0.96952
210 T	0.02844	0.00204	0.96952
211 G	0.02839	0.00210	0.96951
212 T	0.02834	0.00214	0.96952
213 T	0.02797	0.00252	0.96951
214 A	0.02726	0.00324	0.9695
215 C	0.02685	0.00366	0.9695
216 C	0.02656	0.00395	0.96949
217 G	0.02643	0.00412	0.96945
218 A	0.02645	0.00412	0.96944
219 T	0.02664	0.00392	0.96943
220 C	0.02664	0.00392	0.96944
221 T	0.02672	0.00383	0.96944
222 T	0.02668	0.00381	0.96951
223 C	0.02655	0.00391	0.96954
224 C	0.02650	0.00395	0.96955
225 T	0.02650	0.00395	0.96955
226 C	0.02640	0.00404	0.96955
227 C	0.02630	0.00414	0.96955
228 T	0.02625	0.00420	0.96955
229 G	0.02603	0.00443	0.96954
230 A	0.02591	0.00455	0.96954
231 A	0.02585	0.00462	0.96953
232 A	0.02583	0.00462	0.96954
233 A	0.02585	0.00452	0.96963
234 A	0.02587	0.00432	0.9698
235 A	0.02588	0.00413	0.96999
236 G	0.02589	0.00363	0.97048
237 A	0.02591	0.00297	0.97112
238 G	0.02594	0.00252	0.97154
239 G	0.02597	0.00222	0.97182
240 T	0.02601	0.00201	0.97198
241 A	0.02602	0.00193	0.97206
242 T	0.02602	0.00179	0.97218
243 T	0.02602	0.00163	0.97235
244 G	0.02602	0.00152	0.97245
245 G	0.02602	0.00139	0.97259
246 T	0.02602	0.00121	0.97276
247 T	0.02602	0.00113	0.97285
248 T	0.02602	0.00106	0.97292
249 G	0.02601	0.00095	0.97304
250 G	0.02600	0.00089	0.97311
251 T	0.02600	0.00082	0.97317
252 T	0.02601	0.00067	0.97332
253 T	0.02601	0.00059	0.9734
254 T	0.02601	0.00055	0.97344
255 T	0.02600	0.00056	0.97344
256 C	0.02598	0.00063	0.97339
257 A	0.02595	0.00077	0.97328
258 A	0.02591	0.00094	0.97316
259 A	0.02589	0.00102	0.9731
260 A	0.02586	0.00109	0.97305
261 T	0.02581	0.00118	0.97301
262 T	0.02578	0.00122	0.973
263 A	0.02570	0.00130	0.97299
264 T	0.02570	0.00131	0.973
265 G	0.02568	0.00133	0.97299
266 C	0.02568	0.00134	0.97298
267 A	0.02569	0.00139	0.97292
268 T	0.02572	0.00138	0.97289
269 T	0.02575	0.00139	0.97286
270 A	0.02576	0.00138	0.97286
271 T	0.02580	0.00135	0.97285
272 A	0.02579	0.00134	0.97287
273 T	0.02581	0.00131	0.97288
274 C	0.02577	0.00133	0.9729
275 C	0.02566	0.00144	0.97291
276 G	0.02551	0.00160	0.97289
277 C	0.02549	0.00165	0.97287
278 A	0.02548	0.00170	0.97282
279 T	0.02551	0.00170	0.97279
280 A	0.02555	0.00165	0.97279
281 T	0.02565	0.00150	0.97285
282 G	0.02566	0.00147	0.97288
283 A	0.02569	0.00138	0.97294
284 C	0.02572	0.00125	0.97303
285 T	0.02574	0.00119	0.97308
286 G	0.02575	0.00112	0.97313
287 T	0.02577	0.00109	0.97314
288 G	0.02577	0.00107	0.97316
289 C	0.02579	0.00104	0.97316
290 T	0.02584	0.00099	0.97317
291 T	0.02586	0.00096	0.97318
292 C	0.02585	0.00097	0.97318
293 A	0.02582	0.00111	0.97307
294 A	0.02579	0.00137	0.97284
295 A	0.02577	0.00172	0.9725
296 A	0.02575	0.00184	0.9724
297 T	0.02574	0.00183	0.97242
298 A	0.02573	0.00175	0.97252
299 T	0.02573	0.00161	0.97266
300 T	0.02570	0.00164	0.97266
301 A	0.02557	0.00189	0.97254
302 T	0.02554	0.00209	0.97237
303 T	0.02545	0.00218	0.97238
304 T	0.02531	0.00231	0.97238
305 T	0.02512	0.00247	0.97241
306 T	0.02477	0.00281	0.97243
307 C	0.02458	0.00299	0.97243
308 C	0.02444	0.00313	0.97243
309 C	0.02435	0.00322	0.97243
310 T	0.02428	0.00329	0.97243
311 T	0.02415	0.00344	0.97242
312 G	0.02335	0.00425	0.9724
313 C	0.02302	0.00461	0.97237
314 A	0.02283	0.00492	0.97226
315 A	0.02280	0.00500	0.9722
316 A	0.02287	0.00494	0.97219
317 A	0.02312	0.00471	0.97217
318 T	0.02352	0.00433	0.97215
319 T	0.02362	0.00421	0.97217
320 T	0.02348	0.00436	0.97215
321 A	0.02340	0.00446	0.97215
322 A	0.02337	0.00449	0.97214
323 A	0.02338	0.00444	0.97218
324 A	0.02350	0.00413	0.97237
325 T	0.02368	0.00382	0.9725
326 T	0.02345	0.00387	0.97268
327 T	0.02289	0.00425	0.97286
328 T	0.02123	0.00579	0.97298
329 C	0.01677	0.01001	0.97323
330 A	0.01344	0.01371	0.97286
331 G	0.01172	0.01557	0.9727
332 A	0.01060	0.01685	0.97255
333 G	0.00992	0.01750	0.97258
334 G	0.00931	0.01805	0.97264
335 A	0.00862	0.01803	0.97335
336 A	0.00806	0.01846	0.97349
337 C	0.00792	0.01867	0.97341
338 A	0.00781	0.02052	0.97166
339 A	0.00775	0.02103	0.97122
340 A	0.00771	0.02125	0.97103
341 T	0.00770	0.02130	0.971
342 T	0.00758	0.02146	0.97096
343 C	0.00740	0.02152	0.97108
344 A	0.00721	0.02185	0.97094
345 A	0.00706	0.02209	0.97085
346 A	0.00699	0.02219	0.97081
347 A	0.00697	0.02219	0.97084
348 A	0.00690	0.02220	0.97089
349 G	0.00689	0.02144	0.97167
350 A	0.00691	0.02051	0.97258
351 A	0.00697	0.01852	0.97451
352 G	0.00709	0.01418	0.97873
353 T	0.00750	0.01093	0.98156
354 T	0.00767	0.00945	0.98289
355 A	0.00777	0.00863	0.9836
356 A	0.00780	0.00813	0.98408
357 A	0.00785	0.00758	0.98458
358 A	0.00794	0.00682	0.98524
359 G	0.00811	0.00602	0.98587
360 A	0.00846	0.00542	0.98612
361 A	0.01015	0.00347	0.98638
362 T	0.01080	0.00253	0.98667
363 T	0.01106	0.00205	0.9869
364 T	0.01113	0.00180	0.98707
365 C	0.01112	0.00166	0.98722
366 T	0.01115	0.00169	0.98716
367 G	0.01119	0.00176	0.98706
368 T	0.01127	0.00171	0.98702
369 T	0.01131	0.00168	0.98701
370 T	0.01130	0.00167	0.98703
371 T	0.01125	0.00167	0.98709
372 A	0.01113	0.00177	0.9871
373 G	0.01105	0.00181	0.98714
374 C	0.01107	0.00177	0.98716
375 T	0.01113	0.00171	0.98715
376 T	0.01117	0.00171	0.98712
377 C	0.01117	0.00175	0.98709
378 T	0.01117	0.00189	0.98694
379 A	0.01095	0.00241	0.98663
380 T	0.01069	0.00298	0.98632
381 T	0.01037	0.00373	0.9859
382 G	0.01014	0.00453	0.98533
383 A	0.01005	0.00508	0.98487
384 A	0.01003	0.00529	0.98468
385 G	0.01002	0.00547	0.9845
386 A	0.01005	0.00568	0.98427
387 A	0.01014	0.00578	0.98408
388 T	0.01027	0.00597	0.98376
389 A	0.01041	0.00658	0.98301
390 T	0.01058	0.00678	0.98264
391 T	0.01062	0.00698	0.9824
392 T	0.01061	0.00720	0.98219
393 A	0.01053	0.00745	0.98202
394 G	0.01051	0.00754	0.98194
395 A	0.01049	0.00757	0.98194
396 T	0.01047	0.00757	0.98196
397 A	0.01044	0.00766	0.98189
398 A	0.01044	0.00774	0.98182
399 A	0.01044	0.00772	0.98183
400 A	0.01047	0.00761	0.98191
401 A	0.01060	0.00734	0.98206
402 A	0.01093	0.00665	0.98241
403 C	0.01135	0.00583	0.98281
404 C	0.01187	0.00508	0.98305
405 T	0.01248	0.00438	0.98313
406 T	0.01287	0.00398	0.98315
407 C	0.01294	0.00393	0.98313
408 G	0.01304	0.00384	0.98312
409 G	0.01321	0.00369	0.98309
410 A	0.01338	0.00356	0.98305
411 A	0.01381	0.00320	0.98299
412 C	0.01476	0.00224	0.983
413 T	0.01526	0.00175	0.98298
414 T	0.01536	0.00170	0.98294
415 T	0.01520	0.00191	0.98289
416 C	0.01484	0.00236	0.9828
417 T	0.01454	0.00293	0.98253
418 G	0.01395	0.00375	0.9823
419 G	0.01364	0.00430	0.98206
420 A	0.01356	0.00439	0.98205
421 G	0.01340	0.00455	0.98204
422 G	0.01319	0.00475	0.98206
423 A	0.01253	0.00541	0.98206
424 C	0.01231	0.00562	0.98206
425 A	0.01219	0.00578	0.98203
426 A	0.01212	0.00586	0.98202
427 C	0.01209	0.00590	0.98201
428 A	0.01208	0.00596	0.98197
429 A	0.01204	0.00604	0.98192
430 C	0.01207	0.00601	0.98193
431 A	0.01207	0.00609	0.98184
432 A	0.01208	0.00610	0.98182
433 A	0.01213	0.00603	0.98184
434 G	0.01221	0.00591	0.98188
435 A	0.01225	0.00584	0.98191
436 G	0.01238	0.00528	0.98234
437 T	0.01263	0.00465	0.98272
438 C	0.01280	0.00393	0.98327
439 T	0.01301	0.00344	0.98354
440 C	0.01314	0.00308	0.98378
441 A	0.01324	0.00288	0.98388
442 T	0.01334	0.00263	0.98403
443 T	0.01331	0.00261	0.98408
444 A	0.01328	0.00243	0.98429
445 G	0.01329	0.00222	0.9845
446 C	0.01329	0.00147	0.98524
447 T	0.01328	0.00150	0.98521
448 A	0.01327	0.00152	0.98521
449 G	0.01323	0.00165	0.98512
450 G	0.01309	0.00221	0.98469
451 G	0.01308	0.00249	0.98443
452 C	0.01310	0.00260	0.98431
453 T	0.01312	0.00300	0.98388
454 T	0.01315	0.00332	0.98353
455 T	0.01310	0.00390	0.98299
456 A	0.01296	0.00431	0.98273
457 A	0.01286	0.00451	0.98263
458 T	0.01280	0.00465	0.98255
459 T	0.01270	0.00484	0.98247
460 A	0.01246	0.00521	0.98234
461 A	0.01231	0.00549	0.9822
462 A	0.01223	0.00559	0.98218
463 A	0.01217	0.00563	0.9822
464 A	0.01220	0.00556	0.98224
465 T	0.01222	0.00548	0.9823
466 C	0.01220	0.00543	0.98237
467 C	0.01220	0.00544	0.98237
468 G	0.01221	0.00555	0.98224
469 A	0.01225	0.00587	0.98188
470 A	0.01245	0.00581	0.98174
471 A	0.01259	0.00571	0.98171
472 A	0.01290	0.00538	0.98172
473 T	0.01392	0.00418	0.9819
474 T	0.01447	0.00355	0.98198
475 T	0.01472	0.00326	0.98201
476 T	0.01491	0.00305	0.98203
477 A	0.01503	0.00297	0.982
478 T	0.01524	0.00274	0.98203
479 T	0.01536	0.00256	0.98208
480 A	0.01538	0.00249	0.98213
481 T	0.01544	0.00238	0.98219
482 T	0.01546	0.00236	0.98219
483 A	0.01545	0.00229	0.98226
484 G	0.01549	0.00223	0.98229
485 A	0.01548	0.00225	0.98228
486 T	0.01546	0.00222	0.98231
487 G	0.01545	0.00221	0.98233
488 A	0.01547	0.00219	0.98234
489 G	0.01551	0.00212	0.98237
490 C	0.01557	0.00205	0.98238
491 C	0.01571	0.00198	0.98231
492 T	0.01614	0.00183	0.98203
493 T	0.01628	0.00175	0.98196
494 T	0.01632	0.00176	0.98192
495 A	0.01632	0.00180	0.98188
496 T	0.01634	0.00181	0.98185
497 C	0.01633	0.00183	0.98183
498 T	0.01636	0.00185	0.98179
499 A	0.01637	0.00187	0.98175
500 A	0.01639	0.00187	0.98174
501 T	0.01637	0.00189	0.98174
502 T	0.01617	0.00211	0.98171
503 T	0.01561	0.00267	0.98172
504 A	0.01375	0.00460	0.98165
505 G	0.01311	0.00521	0.98168
506 A	0.01264	0.00563	0.98173
507 T	0.01243	0.00576	0.98181
508 A	0.01193	0.00622	0.98185
509 C	0.01151	0.00660	0.98189
510 C	0.01121	0.00689	0.9819
511 C	0.01078	0.00732	0.9819
512 G	0.01052	0.00761	0.98187
513 A	0.01044	0.00769	0.98187
514 C	0.01044	0.00770	0.98186
515 T	0.01059	0.00757	0.98183
516 T	0.01038	0.00782	0.98181
517 C	0.01005	0.00816	0.98179
518 G	0.00986	0.00839	0.98175
519 T	0.00968	0.00863	0.98169
520 T	0.00934	0.00903	0.98163
521 T	0.00864	0.00987	0.98149
522 A	0.00722	0.01155	0.98123
523 A	0.00632	0.01270	0.98099
524 A	0.00527	0.01379	0.98093
525 A	0.00403	0.01495	0.98102
526 A	0.00351	0.01496	0.98153
527 T	0.00338	0.01337	0.98326
528 G	0.00312	0.01304	0.98385
529 A	0.00292	0.01277	0.98431
530 G	0.00283	0.01263	0.98454
531 A	0.00277	0.01243	0.9848
532 G	0.00274	0.01222	0.98505
533 A	0.00260	0.01234	0.98506
534 A	0.00250	0.01229	0.98521
535 G	0.00245	0.01246	0.98509
536 A	0.00241	0.01336	0.98423
537 A	0.00239	0.01400	0.98361
538 A	0.00243	0.01422	0.98335
539 T	0.00250	0.01414	0.98336
540 T	0.00252	0.01448	0.98301
541 A	0.00241	0.01585	0.98174
542 G	0.00236	0.01657	0.98108
543 A	0.00203	0.01936	0.9786
544 A	0.00195	0.02036	0.9777
545 G	0.00210	0.01990	0.97801
546 A	0.00237	0.01914	0.97849
547 A	0.00260	0.01807	0.97933
548 T	0.00286	0.01665	0.98049
549 T	0.00289	0.01677	0.98034
550 C	0.00280	0.01807	0.97912
551 A	0.00270	0.02084	0.97646
552 A	0.00240	0.02352	0.97408
553 A	0.00227	0.02490	0.97283
554 A	0.00227	0.02551	0.97223
555 A	0.00219	0.02584	0.97198
556 A	0.00229	0.02561	0.97209
557 A	0.00248	0.02532	0.9722
558 A	0.00280	0.02491	0.97229
559 A	0.00368	0.02395	0.97237
560 C	0.00443	0.02312	0.97244
561 A	0.00489	0.02267	0.97244
562 A	0.00540	0.02215	0.97245
563 A	0.00627	0.02126	0.97248
564 G	0.00771	0.01971	0.97259
565 A	0.00893	0.01841	0.97266
566 T	0.01198	0.01493	0.97308
567 T	0.01341	0.01328	0.97331
568 A	0.01393	0.01264	0.97343
569 C	0.01414	0.01226	0.9736
570 A	0.01440	0.01193	0.97367
571 G	0.01487	0.01137	0.97375
572 C	0.01608	0.01005	0.97387
573 T	0.01832	0.00775	0.97393
574 A	0.02069	0.00533	0.97398
575 T	0.02285	0.00286	0.97429
576 T	0.02357	0.00198	0.97445
577 T	0.02349	0.00200	0.97451
578 T	0.02228	0.00309	0.97463
579 T	0.02056	0.00489	0.97454
580 G	0.01937	0.00607	0.97455
581 T	0.01883	0.00669	0.97448
582 A	0.01757	0.00794	0.97449
583 A	0.01684	0.00864	0.97452
584 C	0.01643	0.00901	0.97456
585 T	0.01514	0.01032	0.97454
586 C	0.01396	0.01152	0.97452
587 A	0.01343	0.01213	0.97444
588 T	0.01325	0.01232	0.97443
589 G	0.01304	0.01254	0.97442
590 A	0.01293	0.01264	0.97443
591 T	0.01250	0.01303	0.97447
592 C	0.01149	0.01394	0.97457
593 A	0.01055	0.01488	0.97458
594 A	0.00993	0.01550	0.97458
595 G	0.00946	0.01598	0.97456
596 A	0.00931	0.01614	0.97454
597 A	0.00920	0.01624	0.97455
598 G	0.00916	0.01597	0.97487
599 A	0.00912	0.01570	0.97517
600 A	0.00908	0.01506	0.97586
601 G	0.00917	0.01340	0.97743
602 C	0.00933	0.01135	0.97931
603 G	0.00940	0.01053	0.98007
604 A	0.00952	0.01003	0.98045
605 T	0.00959	0.00889	0.98152
606 G	0.00960	0.00828	0.98211
607 T	0.00964	0.00785	0.98251
608 C	0.00966	0.00636	0.98399
609 T	0.00968	0.00557	0.98476
610 A	0.00970	0.00521	0.98509
611 T	0.00971	0.00509	0.9852
612 T	0.00969	0.00501	0.9853
613 A	0.00943	0.00532	0.98525
614 G	0.00930	0.00487	0.98582
615 T	0.00921	0.00436	0.98643
616 G	0.00891	0.00467	0.98643
617 A	0.00863	0.00573	0.98564
618 T	0.00850	0.00634	0.98516
619 A	0.00829	0.00842	0.98329
620 A	0.00823	0.00929	0.98247
621 A	0.00821	0.00997	0.98182
622 A	0.00820	0.01028	0.98152
623 T	0.00822	0.01038	0.9814
624 T	0.00822	0.01062	0.98116
625 T	0.00821	0.01076	0.98103
626 A	0.00819	0.01077	0.98104
627 T	0.00819	0.01077	0.98104
628 G	0.00817	0.01078	0.98104
629 T	0.00818	0.01078	0.98104
630 C	0.00817	0.01079	0.98104
631 A	0.00819	0.01084	0.98097
632 T	0.00824	0.01085	0.98091
633 G	0.00824	0.01095	0.98082
634 A	0.00821	0.01114	0.98065
635 A	0.00805	0.01151	0.98044
636 T	0.00811	0.01132	0.98058
637 A	0.00789	0.01162	0.98048
638 A	0.00830	0.01115	0.98054
639 A	0.00911	0.01008	0.98081
640 G	0.01026	0.00866	0.98108
641 G	0.01104	0.00773	0.98123
642 T	0.01298	0.00564	0.98138
643 G	0.01379	0.00485	0.98136
644 T	0.01455	0.00416	0.98129
645 G	0.01483	0.00391	0.98125
646 A	0.01499	0.00385	0.98116
647 T	0.01516	0.00374	0.9811
648 T	0.01453	0.00439	0.98108
649 C	0.01326	0.00571	0.98103
650 A	0.01099	0.00827	0.98074
651 A	0.00861	0.01087	0.98052
652 C	0.00707	0.01247	0.98045
653 A	0.00575	0.01396	0.98028
654 A	0.00488	0.01491	0.98021
655 A	0.00459	0.01521	0.98019
656 A	0.00453	0.01522	0.98025
657 A	0.00461	0.01508	0.98031
658 G	0.00479	0.01457	0.98064
659 A	0.00495	0.01430	0.98076
660 T	0.00517	0.01372	0.98111
661 A	0.00519	0.01355	0.98126
662 T	0.00523	0.01330	0.98147
663 T	0.00523	0.01319	0.98157
664 C	0.00520	0.01317	0.98163
665 C	0.00519	0.01320	0.9816
666 G	0.00521	0.01340	0.98139
667 A	0.00527	0.01363	0.9811
668 A	0.00530	0.01369	0.98101
669 A	0.00534	0.01378	0.98087
670 A	0.00524	0.01392	0.98085
671 A	0.00523	0.01306	0.98172
672 A	0.00531	0.01148	0.98321
673 A	0.00563	0.00862	0.98575
674 T	0.00590	0.00565	0.98844
675 T	0.00597	0.00414	0.9899
676 T	0.00601	0.00315	0.99084
677 A	0.00593	0.00276	0.99131
678 T	0.00589	0.00260	0.99152
679 G	0.00573	0.00266	0.9916
680 A	0.00564	0.00271	0.99165
681 A	0.00562	0.00268	0.9917
682 G	0.00563	0.00261	0.99176
683 A	0.00564	0.00255	0.9918
684 C	0.00565	0.00244	0.99191
685 C	0.00567	0.00239	0.99194
686 C	0.00571	0.00234	0.99195
687 C	0.00577	0.00228	0.99195
688 G	0.00585	0.00221	0.99194
689 T	0.00610	0.00195	0.99194
690 T	0.00635	0.00170	0.99195
691 A	0.00641	0.00163	0.99196
692 A	0.00653	0.00145	0.99202
693 T	0.00665	0.00109	0.99225
694 T	0.00669	0.00093	0.99238
695 T	0.00672	0.00085	0.99243
696 A	0.00673	0.00082	0.99245
697 T	0.00677	0.00073	0.9925
698 T	0.00679	0.00067	0.99254
699 T	0.00681	0.00059	0.9926
700 G	0.00684	0.00048	0.99268
701 T	0.00688	0.00038	0.99274
702 A	0.00691	0.00027	0.99282
703 G	0.00693	0.00017	0.9929
704 C	0.00694	0.00013	0.99292
705 G	0.00695	0.00013	0.99291
706 T	0.00695	0.00013	0.99292
707 C	0.00695	0.00014	0.99291
708 T	0.00696	0.00016	0.99288
709 T	0.00696	0.00017	0.99287
710 T	0.00696	0.00019	0.99286
711 T	0.00695	0.00021	0.99284
712 T	0.00695	0.00023	0.99283
713 T	0.00694	0.00024	0.99281
714 A	0.00690	0.00029	0.9928
715 G	0.00688	0.00032	0.99281
716 G	0.00687	0.00033	0.99281
717 G	0.00687	0.00033	0.9928
718 G	0.00687	0.00033	0.9928
719 T	0.00689	0.00031	0.9928
720 T	0.00690	0.00029	0.9928
721 C	0.00690	0.00029	0.9928
722 C	0.00691	0.00029	0.9928
723 A	0.00691	0.00029	0.9928
724 C	0.00691	0.00028	0.9928
725 A	0.00692	0.00028	0.9928
726 T	0.00693	0.00028	0.9928
727 A	0.00693	0.00028	0.9928
728 T	0.00695	0.00026	0.9928
729 T	0.00696	0.00025	0.9928
730 T	0.00695	0.00025	0.9928
731 C	0.00694	0.00026	0.9928
732 T	0.00694	0.00027	0.99279
733 A	0.00691	0.00032	0.99276
734 T	0.00692	0.00033	0.99275
735 T	0.00689	0.00038	0.99273
736 T	0.00679	0.00052	0.99269
737 T	0.00672	0.00056	0.99272
738 T	0.00653	0.00075	0.99272
739 A	0.00606	0.00125	0.99269
740 A	0.00582	0.00151	0.99267
741 C	0.00570	0.00162	0.99267
742 G	0.00540	0.00192	0.99267
743 G	0.00524	0.00209	0.99267
744 T	0.00509	0.00226	0.99265
745 C	0.00490	0.00245	0.99265
746 A	0.00480	0.00258	0.99263
747 A	0.00474	0.00267	0.99259
748 A	0.00471	0.00271	0.99258
749 T	0.00469	0.00274	0.99256
750 T	0.00464	0.00281	0.99255
751 A	0.00455	0.00293	0.99251
752 A	0.00453	0.00298	0.99249
753 A	0.00451	0.00302	0.99247
754 G	0.00450	0.00306	0.99244
755 A	0.00451	0.00304	0.99245
756 T	0.00454	0.00299	0.99248
757 A	0.00453	0.00298	0.99248
758 A	0.00454	0.00292	0.99254
759 C	0.00457	0.00273	0.99269
760 A	0.00458	0.00274	0.99268
761 A	0.00460	0.00261	0.99279
762 A	0.00463	0.00229	0.99308
763 T	0.00467	0.00205	0.99328
764 T	0.00467	0.00196	0.99337
765 G	0.00467	0.00164	0.99368
766 A	0.00468	0.00148	0.99385
767 T	0.00468	0.00130	0.99401
768 G	0.00468	0.00116	0.99417
769 A	0.00469	0.00107	0.99424
770 T	0.00472	0.00098	0.9943
771 A	0.00473	0.00093	0.99434
772 G	0.00473	0.00089	0.99438
773 G	0.00475	0.00082	0.99444
774 C	0.00478	0.00071	0.99451
775 G	0.00481	0.00069	0.9945
776 A	0.00484	0.00065	0.9945
777 G	0.00489	0.00060	0.99451
778 A	0.00492	0.00058	0.9945
779 C	0.00496	0.00055	0.99449
780 A	0.00501	0.00048	0.9945
781 G	0.00507	0.00042	0.99451
782 T	0.00513	0.00035	0.99452
783 T	0.00520	0.00028	0.99452
784 C	0.00522	0.00026	0.99452
785 T	0.00525	0.00023	0.99452
786 T	0.00527	0.00022	0.99452
787 T	0.00527	0.00022	0.99451
788 T	0.00526	0.00023	0.99451
789 G	0.00526	0.00023	0.99451
790 A	0.00525	0.00023	0.99451
791 C	0.00526	0.00021	0.99453
792 T	0.00528	0.00019	0.99453
793 C	0.00527	0.00020	0.99453
794 A	0.00527	0.00021	0.99453
795 T	0.00527	0.00020	0.99453
796 G	0.00527	0.00021	0.99453
797 A	0.00527	0.00021	0.99453
798 T	0.00528	0.00020	0.99452
799 C	0.00529	0.00020	0.99451
800 G	0.00527	0.00026	0.99447
801 A	0.00527	0.00027	0.99446
802 T	0.00527	0.00028	0.99445
803 T	0.00527	0.00029	0.99445
804 T	0.00526	0.00030	0.99443
805 C	0.00525	0.00033	0.99442
806 A	0.00524	0.00037	0.99439
807 T	0.00524	0.00037	0.99439
808 A	0.00523	0.00038	0.99439
809 A	0.00524	0.00038	0.99439
810 T	0.00524	0.00038	0.99439
811 C	0.00523	0.00036	0.99441
812 T	0.00523	0.00037	0.9944
813 T	0.00522	0.00037	0.9944
814 G	0.00522	0.00038	0.9944
815 A	0.00521	0.00038	0.9944
816 T	0.00521	0.00039	0.99441
817 C	0.00519	0.00040	0.99441
818 A	0.00518	0.00043	0.99439
819 A	0.00517	0.00045	0.99438
820 G	0.00517	0.00046	0.99437
821 A	0.00518	0.00047	0.99435
822 A	0.00519	0.00046	0.99435
823 G	0.00523	0.00039	0.99437
824 T	0.00526	0.00036	0.99438
825 T	0.00526	0.00037	0.99437
826 C	0.00526	0.00040	0.99434
827 A	0.00526	0.00055	0.99419
828 T	0.00526	0.00061	0.99413
829 G	0.00526	0.00063	0.99411
830 T	0.00525	0.00065	0.9941
831 T	0.00521	0.00071	0.99409
832 G	0.00517	0.00075	0.99408
833 C	0.00515	0.00077	0.99408
834 G	0.00512	0.00081	0.99407
835 A	0.00511	0.00083	0.99407
836 T	0.00510	0.00084	0.99406
837 C	0.00503	0.00091	0.99406
838 A	0.00496	0.00098	0.99406
839 G	0.00491	0.00103	0.99407
840 A	0.00483	0.00110	0.99407
841 C	0.00477	0.00115	0.99408
842 C	0.00472	0.00125	0.99402
843 A	0.00461	0.00160	0.99378
844 G	0.00451	0.00203	0.99346
845 A	0.00441	0.00232	0.99327
846 A	0.00436	0.00254	0.9931
847 G	0.00435	0.00275	0.99289
848 G	0.00438	0.00289	0.99274
849 A	0.00442	0.00303	0.99255
850 T	0.00456	0.00289	0.99255
851 A	0.00461	0.00284	0.99254
852 T	0.00464	0.00280	0.99256
853 A	0.00464	0.00278	0.99257
854 C	0.00465	0.00273	0.99262
855 T	0.00465	0.00272	0.99263
856 A	0.00460	0.00277	0.99264
857 T	0.00457	0.00279	0.99264
858 A	0.00449	0.00289	0.99262
859 G	0.00441	0.00297	0.99262
860 A	0.00432	0.00300	0.99268
861 A	0.00426	0.00299	0.99275
862 A	0.00421	0.00301	0.99278
863 A	0.00421	0.00295	0.99284
864 G	0.00422	0.00288	0.9929
865 A	0.00430	0.00279	0.99291
866 A	0.00457	0.00243	0.99301
867 T	0.00495	0.00193	0.99312
868 G	0.00511	0.00167	0.99322
869 G	0.00527	0.00145	0.99328
870 T	0.00548	0.00122	0.9933
871 C	0.00561	0.00109	0.9933
872 T	0.00575	0.00097	0.99328
873 T	0.00577	0.00097	0.99327
874 T	0.00577	0.00098	0.99325
875 T	0.00577	0.00100	0.99323
876 T	0.00573	0.00106	0.99321
877 G	0.00564	0.00118	0.99318
878 A	0.00551	0.00138	0.99312
879 A	0.00540	0.00151	0.99309
880 G	0.00529	0.00163	0.99308
881 T	0.00524	0.00165	0.99311
882 A	0.00499	0.00191	0.9931
883 G	0.00488	0.00197	0.99315
884 A	0.00485	0.00199	0.99316
885 A	0.00485	0.00197	0.99318
886 G	0.00487	0.00195	0.99319
887 G	0.00490	0.00194	0.99316
888 T	0.00496	0.00196	0.99308
889 A	0.00497	0.00199	0.99304
890 T	0.00498	0.00203	0.993
891 A	0.00498	0.00211	0.99292
892 G	0.00497	0.00221	0.99282
893 C	0.00498	0.00241	0.99261
894 T	0.00499	0.00277	0.99223
895 T	0.00500	0.00307	0.99193
896 T	0.00496	0.00349	0.99155
897 A	0.00485	0.00389	0.99126
898 G	0.00480	0.00405	0.99115
899 A	0.00479	0.00410	0.99111
900 A	0.00482	0.00403	0.99116
901 A	0.00491	0.00383	0.99126
902 A	0.00499	0.00362	0.99139
903 T	0.00509	0.00340	0.99151
904 A	0.00512	0.00327	0.9916
905 T	0.00518	0.00297	0.99184
906 T	0.00520	0.00286	0.99194
907 G	0.00521	0.00281	0.99198
908 G	0.00522	0.00278	0.99199
909 C	0.00524	0.00277	0.99199
910 A	0.00527	0.00284	0.99189
911 G	0.00535	0.00287	0.99178
912 A	0.00541	0.00295	0.99164
913 G	0.00549	0.00303	0.99148
914 A	0.00563	0.00305	0.99131
915 A	0.00587	0.00292	0.99121
916 T	0.00633	0.00254	0.99114
917 T	0.00678	0.00214	0.99108
918 A	0.00702	0.00195	0.99102
919 T	0.00730	0.00174	0.99097
920 T	0.00745	0.00159	0.99095
921 T	0.00750	0.00157	0.99092
922 T	0.00753	0.00164	0.99082
923 T	0.00754	0.00184	0.99062
924 A	0.00751	0.00219	0.9903
925 T	0.00751	0.00222	0.99027
926 T	0.00749	0.00224	0.99026
927 A	0.00744	0.00230	0.99026
928 G	0.00739	0.00236	0.99025
929 C	0.00737	0.00239	0.99024
930 C	0.00735	0.00242	0.99023
931 A	0.00731	0.00253	0.99016
932 A	0.00729	0.00263	0.99009
933 A	0.00736	0.00258	0.99006
934 C	0.00748	0.00246	0.99006
935 A	0.00763	0.00233	0.99005
936 T	0.00782	0.00213	0.99005
937 C	0.00797	0.00199	0.99005
938 C	0.00809	0.00187	0.99004
939 T	0.00820	0.00177	0.99003
940 C	0.00825	0.00172	0.99003
941 A	0.00831	0.00170	0.98999
942 T	0.00847	0.00157	0.98996
943 T	0.00856	0.00152	0.98992
944 C	0.00857	0.00153	0.9899
945 A	0.00860	0.00154	0.98987
946 A	0.00872	0.00141	0.98987
947 T	0.00897	0.00114	0.9899
948 T	0.00894	0.00116	0.9899
949 C	0.00888	0.00123	0.9899
950 A	0.00884	0.00127	0.98989
951 T	0.00884	0.00128	0.98987
952 A	0.00883	0.00129	0.98988
953 A	0.00883	0.00126	0.98991
954 A	0.00889	0.00116	0.98995
955 A	0.00896	0.00102	0.99002
956 C	0.00899	0.00094	0.99006
957 C	0.00902	0.00090	0.99007
958 T	0.00905	0.00087	0.99008
959 T	0.00905	0.00087	0.99008
960 T	0.00903	0.00089	0.99008
961 C	0.00897	0.00096	0.99007
962 A	0.00892	0.00106	0.99002
963 A	0.00892	0.00110	0.98998
964 A	0.00894	0.00113	0.98993
965 T	0.00899	0.00113	0.98988
966 T	0.00901	0.00119	0.9898
967 A	0.00900	0.00141	0.98959
968 T	0.00899	0.00175	0.98925
969 T	0.00894	0.00183	0.98923
970 A	0.00888	0.00188	0.98924
971 T	0.00885	0.00186	0.9893
972 T	0.00876	0.00189	0.98935
973 C	0.00866	0.00195	0.98939
974 C	0.00859	0.00202	0.98939
975 T	0.00854	0.00210	0.98937
976 G	0.00845	0.00225	0.98931
977 C	0.00842	0.00233	0.98925
978 T	0.00840	0.00249	0.98911
979 T	0.00837	0.00264	0.989
980 A	0.00828	0.00292	0.9888
981 T	0.00825	0.00297	0.98877
982 A	0.00822	0.00303	0.98875
983 A	0.00821	0.00303	0.98876
984 A	0.00821	0.00298	0.98881
985 C	0.00827	0.00288	0.98885
986 A	0.00832	0.00292	0.98877
987 G	0.00841	0.00291	0.98868
988 A	0.00848	0.00295	0.98857
989 A	0.00858	0.00289	0.98853
990 A	0.00883	0.00265	0.98853
991 T	0.00922	0.00221	0.98857
992 T	0.00929	0.00208	0.98863
993 A	0.00930	0.00203	0.98867
994 T	0.00931	0.00199	0.9887
995 T	0.00930	0.00201	0.98869
996 A	0.00926	0.00219	0.98855
997 G	0.00925	0.00251	0.98824
998 A	0.00929	0.00314	0.98757
999 T	0.00939	0.00373	0.98688
1000 T	0.00943	0.00391	0.98666
1001 T	0.00943	0.00432	0.98625
1002 A	0.00933	0.00446	0.98621
1003 T	0.00939	0.00436	0.98624
1004 C	0.00933	0.00439	0.98628
1005 T	0.00933	0.00440	0.98628
1006 C	0.00930	0.00444	0.98626
1007 A	0.00930	0.00449	0.98622
1008 C	0.00932	0.00449	0.98619
1009 G	0.00941	0.00446	0.98613
1010 T	0.00952	0.00442	0.98606
1011 T	0.00960	0.00444	0.98596
1012 T	0.00962	0.00463	0.98575
1013 A	0.00960	0.00486	0.98554
1014 T	0.00960	0.00503	0.98537
1015 A	0.00952	0.00534	0.98514
1016 A	0.00951	0.00545	0.98504
1017 A	0.00953	0.00554	0.98493
1018 A	0.00965	0.00548	0.98488
1019 A	0.00983	0.00533	0.98485
1020 A	0.01020	0.00500	0.98479
1021 A	0.01089	0.00440	0.98471
1022 A	0.01161	0.00374	0.98465
1023 A	0.01189	0.00344	0.98467
1024 T	0.01233	0.00292	0.98475
1025 T	0.01237	0.00276	0.98486
1026 T	0.01232	0.00280	0.98488
1027 C	0.01220	0.00301	0.98479
1028 G	0.01209	0.00329	0.98462
1029 T	0.01206	0.00344	0.9845
1030 T	0.01191	0.00369	0.9844
1031 T	0.01175	0.00397	0.98428
1032 C	0.01147	0.00426	0.98427
1033 A	0.01137	0.00439	0.98424
1034 A	0.01140	0.00437	0.98423
1035 T	0.01159	0.00415	0.98426
1036 C	0.01174	0.00397	0.98429
1037 T	0.01191	0.00381	0.98428
1038 T	0.01206	0.00361	0.98433
1039 G	0.01207	0.00358	0.98435
1040 T	0.01210	0.00354	0.98436
1041 T	0.01209	0.00354	0.98436
1042 G	0.01207	0.00354	0.98439
1043 A	0.01213	0.00346	0.98441
1044 A	0.01223	0.00334	0.98443
1045 A	0.01232	0.00323	0.98445
1046 A	0.01240	0.00314	0.98446
1047 T	0.01255	0.00296	0.9845
1048 A	0.01260	0.00286	0.98454
1049 G	0.01268	0.00267	0.98465
1050 A	0.01285	0.00238	0.98478
1051 T	0.01314	0.00195	0.98491
1052 T	0.01328	0.00168	0.98504
1053 T	0.01337	0.00146	0.98517
1054 T	0.01344	0.00139	0.98517
1055 T	0.01345	0.00130	0.98525
1056 T	0.01346	0.00138	0.98516
1057 A	0.01345	0.00170	0.98485
1058 T	0.01346	0.00182	0.98471
1059 T	0.01345	0.00207	0.98448
1060 T	0.01341	0.00266	0.98393
1061 T	0.01310	0.00407	0.98282
1062 T	0.01222	0.00707	0.98072
1063 G	0.01081	0.01064	0.97856
1064 A	0.01002	0.01341	0.97657
1065 T	0.00958	0.01491	0.97551
1066 A	0.00838	0.01753	0.97409
1067 A	0.00776	0.01883	0.97341
1068 A	0.00738	0.01954	0.97308
1069 A	0.00703	0.02022	0.97276
1070 A	0.00700	0.02025	0.97275
1071 A	0.00701	0.02024	0.97276
1072 A	0.00703	0.02021	0.97275
1073 G	0.00708	0.02015	0.97277
1074 C	0.00714	0.02010	0.97277
1075 G	0.00721	0.02002	0.97277
1076 G	0.00733	0.01990	0.97277
1077 T	0.00757	0.01966	0.97278
1078 C	0.00771	0.01951	0.97278
1079 A	0.00788	0.01934	0.97278
1080 T	0.00826	0.01894	0.97281
1081 A	0.00846	0.01871	0.97283
1082 G	0.00881	0.01830	0.97288
1083 G	0.00961	0.01743	0.97297
1084 A	0.01126	0.01529	0.97345
1085 T	0.01411	0.01137	0.97452
1086 T	0.01656	0.00751	0.97594
1087 T	0.01820	0.00514	0.97666
1088 A	0.01880	0.00411	0.97709
1089 T	0.01976	0.00206	0.97818
1090 T	0.02011	0.00114	0.97875
1091 A	0.02030	0.00062	0.97908
1092 A	0.02056	0.00000	0.97943
