# lcl|CP097583.1_cds_USQ93319.1_1
# AA	inside	membr	outside
1 A	0.83028	0.00000	0.16972
2 T	0.80969	0.02059	0.16972
3 G	0.79757	0.03271	0.16972
4 A	0.79757	0.05015	0.15228
5 A	0.62677	0.23929	0.13394
6 A	0.62676	0.24308	0.13016
7 A	0.16530	0.70665	0.12805
8 A	0.16529	0.70668	0.12803
9 A	0.15000	0.72243	0.12758
10 A	0.14997	0.75217	0.09786
11 A	0.14823	0.75573	0.09603
12 T	0.13013	0.77417	0.0957
13 T	0.09500	0.81282	0.09218
14 T	0.09497	0.81284	0.09218
15 T	0.09497	0.84125	0.06378
16 A	0.08984	0.84638	0.06378
17 A	0.08239	0.85412	0.06349
18 A	0.08211	0.85484	0.06305
19 A	0.07897	0.85809	0.06294
20 T	0.06907	0.86915	0.06178
21 A	0.04853	0.88907	0.06241
22 A	0.04866	0.88676	0.06458
23 T	0.05006	0.87327	0.07667
24 T	0.05133	0.86613	0.08254
25 G	0.05129	0.82487	0.12384
26 G	0.05164	0.80961	0.13876
27 A	0.06307	0.77720	0.15974
28 G	0.07638	0.62913	0.29449
29 A	0.07948	0.62099	0.29952
30 T	0.08529	0.22798	0.68673
31 G	0.08571	0.23431	0.67998
32 A	0.08692	0.24068	0.6724
33 A	0.11254	0.21846	0.669
34 T	0.11651	0.22432	0.65918
35 G	0.11878	0.20830	0.67291
36 G	0.12228	0.18937	0.68835
37 T	0.12474	0.19979	0.67547
38 T	0.14273	0.18523	0.67204
39 A	0.13451	0.23667	0.62883
40 A	0.12980	0.24795	0.62225
41 T	0.12766	0.25522	0.61712
42 A	0.12041	0.33060	0.54899
43 G	0.11708	0.34492	0.538
44 A	0.09657	0.68856	0.21487
45 T	0.08314	0.73140	0.18546
46 A	0.07361	0.78634	0.14005
47 A	0.06484	0.87282	0.06234
48 A	0.05925	0.88525	0.0555
49 A	0.05798	0.88870	0.05332
50 A	0.05928	0.88755	0.05317
51 A	0.06500	0.88109	0.05391
52 C	0.07710	0.86767	0.05524
53 C	0.08534	0.85954	0.05512
54 A	0.09669	0.84929	0.05401
55 T	0.12223	0.82431	0.05346
56 A	0.13028	0.81744	0.05228
57 T	0.14483	0.80462	0.05055
58 A	0.14650	0.80687	0.04663
59 T	0.15799	0.79295	0.04906
60 T	0.16137	0.78975	0.04889
61 A	0.14776	0.80465	0.04758
62 A	0.16194	0.78699	0.05107
63 A	0.16244	0.78294	0.05461
64 A	0.17017	0.77164	0.05819
65 A	0.23315	0.70182	0.06503
66 A	0.27338	0.65604	0.07059
67 T	0.58942	0.31775	0.09284
68 C	0.61767	0.27291	0.10942
69 A	0.66077	0.22258	0.11665
70 A	0.73038	0.14720	0.12242
71 C	0.74499	0.12801	0.127
72 T	0.75383	0.11778	0.1284
73 T	0.75726	0.11366	0.12907
74 T	0.75931	0.11099	0.12971
75 T	0.75847	0.11234	0.12919
76 A	0.75551	0.11555	0.12894
77 T	0.75419	0.11293	0.13287
78 A	0.74464	0.12032	0.13505
79 A	0.73280	0.12673	0.14047
80 C	0.73403	0.11661	0.14936
81 T	0.73822	0.12224	0.13954
82 T	0.73304	0.14691	0.12004
83 A	0.72946	0.16597	0.10458
84 T	0.72817	0.16641	0.10541
85 T	0.72467	0.17278	0.10255
86 A	0.71344	0.18317	0.10339
87 T	0.69745	0.19642	0.10613
88 T	0.68690	0.20340	0.1097
89 T	0.63149	0.26030	0.10821
90 T	0.60254	0.29801	0.09945
91 A	0.58463	0.33346	0.0819
92 C	0.57610	0.34735	0.07655
93 G	0.57246	0.36394	0.06361
94 A	0.57002	0.37852	0.05147
95 T	0.56905	0.38753	0.04343
96 T	0.56498	0.39684	0.03818
97 A	0.55688	0.40857	0.03455
98 A	0.55238	0.41285	0.03477
99 A	0.54528	0.41699	0.03773
100 A	0.53931	0.42052	0.04017
101 A	0.53913	0.41189	0.04898
102 A	0.54159	0.39772	0.06068
103 A	0.54454	0.39248	0.06298
104 A	0.56251	0.37189	0.0656
105 T	0.59186	0.33442	0.07372
106 T	0.61309	0.30808	0.07883
107 T	0.62019	0.29580	0.08401
108 A	0.61996	0.29212	0.08792
109 A	0.62211	0.27964	0.09825
110 A	0.62515	0.25954	0.11531
111 T	0.62860	0.23537	0.13603
112 C	0.63405	0.15787	0.20808
113 C	0.65025	0.12373	0.22603
114 T	0.68002	0.09302	0.22697
115 T	0.69083	0.08417	0.22501
116 T	0.69802	0.07896	0.22302
117 T	0.70055	0.07774	0.22171
118 T	0.69954	0.08220	0.21826
119 T	0.69271	0.09358	0.21371
120 T	0.68007	0.10286	0.21707
121 A	0.63980	0.14072	0.21948
122 A	0.61342	0.16088	0.22569
123 T	0.58034	0.18931	0.23034
124 C	0.46018	0.31412	0.22569
125 C	0.34474	0.45403	0.20123
126 A	0.18051	0.72019	0.0993
127 A	0.12755	0.80073	0.07172
128 A	0.09641	0.84362	0.05997
129 A	0.07981	0.87078	0.04941
130 A	0.07328	0.87772	0.049
131 A	0.06733	0.88101	0.05166
132 A	0.06576	0.87963	0.05462
133 A	0.06504	0.87931	0.05564
134 C	0.06532	0.87919	0.05549
135 A	0.06593	0.88514	0.04893
136 A	0.06745	0.89038	0.04217
137 T	0.07120	0.88940	0.0394
138 T	0.07074	0.89172	0.03754
139 A	0.06741	0.89692	0.03568
140 A	0.06572	0.89675	0.03753
141 A	0.06540	0.89102	0.04358
142 G	0.06879	0.87547	0.05574
143 A	0.07003	0.85919	0.07078
144 A	0.07169	0.81522	0.11309
145 A	0.07471	0.78342	0.14187
146 A	0.08083	0.73431	0.18487
147 G	0.09173	0.60592	0.30235
148 A	0.12335	0.46710	0.40954
149 T	0.22313	0.20428	0.57259
150 T	0.24450	0.13825	0.61725
151 G	0.24962	0.10852	0.64186
152 T	0.25341	0.09583	0.65075
153 A	0.25042	0.09734	0.65223
154 C	0.24749	0.09856	0.65395
155 A	0.24318	0.11127	0.64556
156 A	0.24427	0.12145	0.63429
157 G	0.24621	0.12660	0.6272
158 A	0.25408	0.13681	0.60912
159 T	0.26324	0.13665	0.60011
160 T	0.26479	0.15720	0.57801
161 T	0.26147	0.22335	0.51518
162 T	0.25993	0.29030	0.44978
163 A	0.25823	0.41768	0.32409
164 T	0.25539	0.44638	0.29823
165 T	0.24976	0.46563	0.2846
166 T	0.24272	0.49083	0.26645
167 T	0.22203	0.52711	0.25087
168 A	0.15035	0.61934	0.2303
169 G	0.09252	0.69102	0.21645
170 A	0.07007	0.73827	0.19166
171 A	0.06012	0.75449	0.18538
172 A	0.05473	0.76594	0.17932
173 A	0.05445	0.76774	0.17781
174 A	0.05584	0.76725	0.17691
175 C	0.05919	0.76165	0.17916
176 A	0.06354	0.76306	0.17339
177 T	0.07181	0.75322	0.17497
178 A	0.07929	0.74448	0.17624
179 A	0.08935	0.73418	0.17646
180 A	0.09588	0.72710	0.17702
181 C	0.11530	0.70472	0.17997
182 A	0.12776	0.69174	0.1805
183 A	0.16773	0.64911	0.18316
184 G	0.23871	0.57347	0.18781
185 G	0.31155	0.49711	0.19134
186 T	0.43681	0.36869	0.19451
187 T	0.45755	0.33567	0.20678
188 T	0.45221	0.32766	0.22013
189 A	0.39911	0.38851	0.21239
190 A	0.33809	0.44765	0.21426
191 A	0.32111	0.44015	0.23874
192 A	0.30022	0.45593	0.24386
193 A	0.31124	0.44388	0.24488
194 A	0.31507	0.44933	0.2356
195 T	0.32085	0.45597	0.22318
196 A	0.31858	0.46009	0.22132
197 G	0.31825	0.45947	0.22228
198 A	0.31877	0.45889	0.22234
199 A	0.32645	0.44986	0.22369
200 C	0.32909	0.44524	0.22566
201 T	0.33137	0.44379	0.22484
202 A	0.33156	0.44445	0.22398
203 T	0.33145	0.44474	0.22381
204 T	0.33007	0.44749	0.22244
205 A	0.32464	0.45874	0.21663
206 A	0.32196	0.46198	0.21606
207 A	0.32133	0.46081	0.21787
208 A	0.32194	0.45164	0.22642
209 G	0.32371	0.43723	0.23906
210 G	0.33034	0.41325	0.25641
211 A	0.34210	0.38497	0.27293
212 T	0.36923	0.30443	0.32634
213 G	0.38575	0.23444	0.37981
214 G	0.41268	0.18586	0.40146
215 T	0.45513	0.11877	0.42611
216 T	0.47225	0.09113	0.43662
217 T	0.48498	0.07341	0.44162
218 C	0.49365	0.06183	0.44451
219 T	0.49632	0.05973	0.44396
220 A	0.49671	0.05969	0.4436
221 T	0.49833	0.05822	0.44346
222 T	0.49877	0.05763	0.44359
223 T	0.49872	0.05798	0.4433
224 T	0.49899	0.05683	0.44417
225 A	0.49819	0.05699	0.44482
226 C	0.49891	0.05590	0.44519
227 A	0.50065	0.05828	0.44106
228 T	0.50657	0.05094	0.44249
229 A	0.50916	0.05424	0.4366
230 T	0.51198	0.05584	0.43218
231 G	0.51169	0.06728	0.42103
232 A	0.50950	0.08409	0.40641
233 T	0.50958	0.08830	0.40212
234 T	0.50380	0.10121	0.39499
235 T	0.48860	0.12760	0.3838
236 T	0.47286	0.15192	0.37522
237 A	0.45345	0.18154	0.36501
238 A	0.44135	0.20463	0.35402
239 A	0.43714	0.21324	0.34962
240 A	0.43558	0.21626	0.34815
241 T	0.43726	0.21523	0.34752
242 T	0.43857	0.21722	0.34422
243 T	0.43734	0.22007	0.34259
244 G	0.43521	0.22259	0.3422
245 G	0.43443	0.22280	0.34277
246 T	0.43451	0.22198	0.34352
247 G	0.43335	0.22225	0.3444
248 C	0.43293	0.22160	0.34547
249 C	0.43412	0.22056	0.34532
250 A	0.43818	0.21803	0.34378
251 A	0.44089	0.21671	0.3424
252 A	0.44904	0.20904	0.34192
253 A	0.45606	0.20252	0.34141
254 A	0.46898	0.18878	0.34224
255 T	0.48598	0.16635	0.34768
256 A	0.49187	0.15653	0.3516
257 A	0.50041	0.13598	0.36361
258 T	0.51352	0.10501	0.38146
259 T	0.52133	0.08451	0.39416
260 A	0.52655	0.06718	0.40626
261 T	0.53545	0.04870	0.41584
262 T	0.53839	0.04152	0.42009
263 G	0.53801	0.04060	0.42139
264 G	0.53837	0.04177	0.41986
265 T	0.54132	0.04290	0.41577
266 G	0.54102	0.05661	0.40237
267 T	0.54154	0.06752	0.39094
268 T	0.54034	0.07257	0.38708
269 A	0.53837	0.07514	0.38648
270 T	0.53830	0.07404	0.38766
271 T	0.53787	0.07373	0.38841
272 C	0.53752	0.07373	0.38875
273 C	0.53837	0.07391	0.38772
274 T	0.53957	0.07676	0.38366
275 A	0.53986	0.07894	0.38121
276 T	0.54023	0.07983	0.37994
277 A	0.54000	0.08114	0.37886
278 T	0.54009	0.08164	0.37827
279 G	0.53858	0.08392	0.3775
280 G	0.53845	0.08477	0.37678
281 A	0.53888	0.08486	0.37627
282 T	0.54114	0.08262	0.37624
283 T	0.54191	0.08208	0.37601
284 T	0.53894	0.08799	0.37308
285 A	0.53024	0.10393	0.36582
286 A	0.52867	0.11028	0.36105
287 A	0.52966	0.11279	0.35754
288 A	0.53397	0.10819	0.35785
289 T	0.54897	0.09091	0.36012
290 A	0.55504	0.08422	0.36075
291 T	0.55331	0.08377	0.36292
292 C	0.53453	0.10046	0.36501
293 C	0.51433	0.12039	0.36528
294 T	0.49158	0.14348	0.36495
295 C	0.45615	0.17914	0.36471
296 C	0.43594	0.20086	0.3632
297 T	0.40991	0.23245	0.35765
298 A	0.37101	0.27626	0.35272
299 T	0.35642	0.29465	0.34893
300 G	0.31101	0.34771	0.34128
301 A	0.28280	0.38136	0.33584
302 T	0.27313	0.39138	0.33549
303 T	0.25703	0.40990	0.33308
304 A	0.23529	0.43176	0.33295
305 A	0.22620	0.44066	0.33314
306 A	0.21973	0.44603	0.33423
307 A	0.21743	0.44488	0.33769
308 C	0.22118	0.43321	0.34561
309 A	0.22387	0.42956	0.34657
310 A	0.22653	0.42627	0.3472
311 A	0.22723	0.42444	0.34833
312 A	0.22741	0.42273	0.34985
313 G	0.22779	0.41737	0.35484
314 A	0.22820	0.40923	0.36257
315 A	0.22915	0.38649	0.38436
316 A	0.23147	0.35672	0.41182
317 T	0.23489	0.32037	0.44475
318 G	0.23633	0.27402	0.48964
319 A	0.23933	0.25336	0.50731
320 T	0.24583	0.21641	0.53776
321 G	0.25027	0.17875	0.57098
322 A	0.25478	0.16184	0.58338
323 T	0.26366	0.11040	0.62594
324 T	0.26758	0.08776	0.64466
325 T	0.26696	0.10066	0.63238
326 T	0.26366	0.14200	0.59433
327 T	0.24951	0.23464	0.51585
328 A	0.22951	0.26462	0.50587
329 G	0.21785	0.28938	0.49278
330 T	0.20787	0.33196	0.46017
331 G	0.19517	0.34773	0.4571
332 C	0.18579	0.36538	0.44884
333 T	0.17809	0.39238	0.42953
334 A	0.16969	0.42525	0.40505
335 C	0.16521	0.44087	0.39392
336 A	0.16241	0.45094	0.38665
337 G	0.16086	0.46092	0.37822
338 A	0.16003	0.46715	0.37282
339 A	0.15836	0.47088	0.37076
340 C	0.15727	0.47309	0.36964
341 A	0.15644	0.47772	0.36583
342 A	0.15551	0.48149	0.363
343 A	0.15539	0.48329	0.36132
344 A	0.15812	0.48115	0.36073
345 A	0.16271	0.47693	0.36037
346 A	0.17069	0.46845	0.36086
347 A	0.18666	0.45069	0.36265
348 A	0.21309	0.42007	0.36684
349 A	0.26106	0.36552	0.37343
350 T	0.34460	0.26613	0.38927
351 G	0.35754	0.23577	0.4067
352 A	0.37716	0.20543	0.41741
353 T	0.41511	0.15558	0.42931
354 G	0.42063	0.13711	0.44227
355 T	0.43164	0.11766	0.4507
356 C	0.44568	0.09741	0.45691
357 T	0.46627	0.07540	0.45833
358 A	0.47238	0.07006	0.45756
359 A	0.47901	0.06337	0.45761
360 T	0.48769	0.05445	0.45786
361 T	0.49049	0.05228	0.45722
362 T	0.48840	0.05504	0.45656
363 A	0.48588	0.05796	0.45616
364 A	0.48497	0.06198	0.45305
365 T	0.48581	0.06095	0.45324
366 T	0.48499	0.06123	0.45378
367 C	0.48019	0.06631	0.4535
368 A	0.47305	0.07712	0.44983
369 T	0.46965	0.08322	0.44713
370 G	0.46558	0.09218	0.44224
371 A	0.46509	0.09560	0.4393
372 A	0.46555	0.09718	0.43727
373 T	0.46665	0.09619	0.43715
374 T	0.46756	0.09491	0.43753
375 T	0.46792	0.09447	0.43761
376 A	0.46808	0.09420	0.43772
377 G	0.46863	0.09222	0.43916
378 T	0.47003	0.09016	0.43981
379 T	0.47147	0.08734	0.44118
380 T	0.47348	0.08604	0.44048
381 T	0.47470	0.08699	0.43831
382 A	0.47481	0.08991	0.43528
383 A	0.47510	0.09016	0.43475
384 A	0.47607	0.08797	0.43596
385 A	0.47858	0.08219	0.43923
386 A	0.48110	0.07610	0.4428
387 T	0.48786	0.06451	0.44762
388 T	0.49110	0.05825	0.45064
389 T	0.49251	0.05429	0.45321
390 A	0.49334	0.04912	0.45754
391 G	0.49597	0.04057	0.46345
392 G	0.49838	0.03514	0.46648
393 T	0.50365	0.02735	0.469
394 C	0.50627	0.02570	0.46803
395 T	0.50847	0.02590	0.46563
396 T	0.50878	0.02771	0.46352
397 T	0.50811	0.03026	0.46163
398 T	0.50466	0.03547	0.45987
399 A	0.49265	0.04991	0.45744
400 A	0.48803	0.05468	0.45728
401 T	0.48626	0.05650	0.45724
402 A	0.47620	0.06717	0.45662
403 G	0.47179	0.07132	0.45689
404 C	0.47273	0.07012	0.45716
405 T	0.47415	0.06865	0.45719
406 A	0.47183	0.07116	0.45701
407 T	0.47032	0.07261	0.45707
408 T	0.46727	0.07568	0.45705
409 C	0.46013	0.08282	0.45705
410 A	0.45316	0.08987	0.45697
411 C	0.45033	0.09268	0.457
412 A	0.44811	0.09497	0.45692
413 C	0.44700	0.09606	0.45695
414 A	0.44654	0.09660	0.45686
415 G	0.44692	0.09624	0.45684
416 G	0.44791	0.09527	0.45682
417 T	0.45173	0.09127	0.457
418 T	0.45357	0.08930	0.45714
419 T	0.45369	0.08751	0.45879
420 A	0.45150	0.08813	0.46037
421 A	0.45093	0.08451	0.46456
422 G	0.45146	0.07217	0.47637
423 A	0.45101	0.06763	0.48137
424 A	0.45122	0.06427	0.48451
425 T	0.45216	0.05294	0.4949
426 T	0.45201	0.04741	0.50058
427 G	0.45115	0.04585	0.50301
428 G	0.45063	0.04430	0.50507
429 A	0.44959	0.04250	0.50791
430 G	0.44875	0.04008	0.51116
431 A	0.44832	0.03725	0.51442
432 G	0.44826	0.02987	0.52187
433 C	0.44826	0.02361	0.52813
434 T	0.44834	0.02218	0.52947
435 T	0.44794	0.02234	0.52973
436 T	0.44710	0.02380	0.5291
437 G	0.44631	0.02485	0.52884
438 T	0.44601	0.02601	0.52798
439 G	0.44555	0.02883	0.52562
440 G	0.44536	0.02957	0.52507
441 T	0.44530	0.02972	0.52499
442 T	0.44517	0.02877	0.52606
443 T	0.44478	0.02719	0.52803
444 G	0.44420	0.02748	0.52831
445 A	0.44399	0.02763	0.52838
446 C	0.44391	0.02691	0.52917
447 T	0.44394	0.02757	0.52848
448 T	0.44385	0.02889	0.52727
449 G	0.44358	0.03137	0.52505
450 G	0.44348	0.03406	0.52245
451 A	0.44342	0.04018	0.5164
452 A	0.44327	0.04482	0.5119
453 A	0.44340	0.04854	0.50806
454 G	0.44406	0.05088	0.50506
455 A	0.44456	0.05714	0.49829
456 T	0.44547	0.05966	0.49487
457 A	0.44622	0.06385	0.48993
458 T	0.44754	0.06624	0.48621
459 T	0.44859	0.06919	0.48222
460 G	0.44826	0.07501	0.47673
461 A	0.44898	0.08331	0.46771
462 T	0.45194	0.09531	0.45275
463 T	0.45204	0.10659	0.44137
464 T	0.45191	0.11451	0.43358
465 A	0.45016	0.11762	0.43222
466 G	0.44875	0.11950	0.43175
467 T	0.44890	0.11965	0.43145
468 T	0.44784	0.12066	0.43151
469 C	0.44566	0.12300	0.43135
470 A	0.44357	0.12698	0.42945
471 A	0.43782	0.13302	0.42916
472 C	0.43129	0.13961	0.42911
473 A	0.41810	0.15348	0.42841
474 A	0.41709	0.15507	0.42784
475 C	0.42080	0.15145	0.42775
476 A	0.42426	0.14864	0.42711
477 A	0.42685	0.14647	0.42669
478 T	0.43390	0.13965	0.42645
479 T	0.43575	0.13781	0.42644
480 A	0.43048	0.14321	0.42631
481 A	0.42935	0.14421	0.42644
482 A	0.41751	0.15576	0.42673
483 C	0.41543	0.15684	0.42772
484 A	0.41802	0.15401	0.42797
485 T	0.43280	0.13843	0.42878
486 T	0.43845	0.13143	0.43012
487 T	0.43050	0.13859	0.43092
488 C	0.41442	0.15346	0.43212
489 C	0.39854	0.16824	0.43322
490 A	0.38161	0.18526	0.43312
491 A	0.32538	0.24096	0.43366
492 A	0.26653	0.29944	0.43403
493 A	0.23633	0.32883	0.43484
494 C	0.22437	0.33514	0.44049
495 A	0.21724	0.33432	0.44845
496 G	0.21205	0.32424	0.4637
497 T	0.20996	0.32071	0.46933
498 T	0.20571	0.32597	0.46831
499 C	0.19761	0.33834	0.46405
500 A	0.19045	0.36202	0.44752
501 A	0.18596	0.36974	0.4443
502 A	0.18457	0.37121	0.44422
503 G	0.18412	0.36623	0.44966
504 A	0.18407	0.36176	0.45417
505 A	0.18430	0.34028	0.47542
506 T	0.18468	0.32664	0.48869
507 T	0.18452	0.31530	0.50019
508 C	0.18399	0.30711	0.50889
509 A	0.18339	0.30581	0.5108
510 G	0.18225	0.29969	0.51805
511 A	0.18103	0.30152	0.51745
512 A	0.17980	0.30123	0.51897
513 A	0.17553	0.30118	0.52329
514 A	0.17425	0.25220	0.57355
515 A	0.17401	0.19983	0.62616
516 A	0.17371	0.17849	0.64779
517 G	0.17412	0.19302	0.63286
518 A	0.17525	0.25205	0.5727
519 T	0.17633	0.32805	0.49563
520 A	0.17584	0.33907	0.48509
521 G	0.17648	0.33892	0.4846
522 A	0.18098	0.33533	0.48369
523 T	0.19703	0.31377	0.4892
524 C	0.19911	0.30878	0.49211
525 T	0.20074	0.30981	0.48946
526 T	0.19891	0.31197	0.48912
527 C	0.19468	0.31646	0.48886
528 T	0.18889	0.32505	0.48606
529 G	0.17741	0.33990	0.48269
530 C	0.17448	0.34520	0.48033
531 A	0.17146	0.35457	0.47397
532 A	0.17255	0.35453	0.47293
533 A	0.17480	0.35253	0.47267
534 A	0.18002	0.34706	0.47292
535 A	0.18635	0.34048	0.47317
536 C	0.19412	0.32779	0.47808
537 A	0.20427	0.31800	0.47773
538 G	0.21703	0.30559	0.47738
539 A	0.23502	0.28880	0.47617
540 A	0.26594	0.25913	0.47493
541 A	0.33086	0.19613	0.473
542 T	0.41330	0.11220	0.4745
543 T	0.42744	0.09705	0.47551
544 A	0.43136	0.09202	0.47663
545 T	0.43756	0.08572	0.47673
546 T	0.43722	0.08641	0.47638
547 A	0.43335	0.08896	0.47769
548 T	0.43349	0.08714	0.47938
549 T	0.43270	0.08160	0.4857
550 A	0.43014	0.08106	0.48881
551 C	0.42704	0.07786	0.4951
552 T	0.41919	0.08190	0.49892
553 T	0.40822	0.09168	0.5001
554 C	0.39684	0.10201	0.50116
555 A	0.39185	0.10936	0.49878
556 A	0.38972	0.11539	0.49489
557 C	0.38824	0.11937	0.49239
558 T	0.38559	0.13760	0.47682
559 A	0.37632	0.15250	0.47118
560 A	0.36758	0.16792	0.4645
561 A	0.35570	0.18596	0.45835
562 A	0.35160	0.19227	0.45613
563 C	0.34938	0.19420	0.45643
564 T	0.35177	0.19224	0.45599
565 A	0.35210	0.19302	0.45489
566 A	0.35337	0.19189	0.45474
567 T	0.35484	0.18955	0.45561
568 C	0.35420	0.18984	0.45596
569 A	0.35301	0.18991	0.45708
570 A	0.34686	0.19159	0.46155
571 G	0.34653	0.18802	0.46544
572 G	0.34703	0.18458	0.46839
573 T	0.34742	0.18202	0.47056
574 A	0.34554	0.17560	0.47886
575 C	0.34534	0.16248	0.49218
576 G	0.34147	0.15775	0.50077
577 A	0.32930	0.16386	0.50684
578 G	0.32674	0.16388	0.50937
579 A	0.32813	0.16196	0.50991
580 C	0.33129	0.15737	0.51134
581 A	0.34437	0.14314	0.51249
582 A	0.34887	0.12971	0.52142
583 A	0.35575	0.11256	0.53169
584 T	0.36252	0.09296	0.54452
585 T	0.36420	0.08623	0.54957
586 C	0.36356	0.07935	0.55709
587 C	0.36106	0.08104	0.5579
588 T	0.35973	0.08616	0.55412
589 T	0.35644	0.09137	0.5522
590 T	0.34985	0.09838	0.55176
591 A	0.33425	0.11415	0.55159
592 T	0.32520	0.12119	0.55361
593 C	0.30650	0.13136	0.56215
594 C	0.29150	0.14509	0.5634
595 A	0.28245	0.15906	0.55849
596 A	0.27790	0.16927	0.55283
597 T	0.27929	0.17197	0.54874
598 A	0.27987	0.17641	0.54372
599 T	0.28141	0.17301	0.54558
600 T	0.28233	0.15978	0.55788
601 T	0.28273	0.15609	0.56118
602 T	0.28275	0.15651	0.56074
603 A	0.28156	0.16029	0.55816
604 A	0.28257	0.16074	0.55669
605 T	0.28112	0.16363	0.55525
606 T	0.27365	0.17738	0.54897
607 A	0.25720	0.20817	0.53464
608 A	0.24507	0.23154	0.52339
609 A	0.23790	0.24962	0.51248
610 A	0.23724	0.25292	0.50985
611 T	0.24021	0.24748	0.51231
612 A	0.24050	0.25141	0.50809
613 T	0.24118	0.25140	0.50742
614 T	0.23971	0.26168	0.49861
615 A	0.22773	0.27326	0.49902
616 A	0.21935	0.26752	0.51313
617 A	0.21202	0.26455	0.52343
618 A	0.19578	0.27294	0.53129
619 C	0.19847	0.26386	0.53767
620 C	0.20056	0.26133	0.53811
621 A	0.20140	0.26807	0.53052
622 C	0.20074	0.27515	0.52411
623 T	0.19813	0.30505	0.49682
624 A	0.16159	0.36372	0.47469
625 A	0.13480	0.42167	0.44354
626 A	0.11627	0.45587	0.42786
627 A	0.10655	0.47235	0.4211
628 A	0.10337	0.47323	0.4234
629 A	0.10635	0.46303	0.43062
630 A	0.11645	0.43854	0.44501
631 A	0.12531	0.41867	0.45603
632 C	0.13620	0.40128	0.46252
633 A	0.14260	0.39935	0.45805
634 A	0.14699	0.39823	0.45478
635 C	0.15388	0.39146	0.45465
636 A	0.15903	0.38921	0.45176
637 A	0.17416	0.37365	0.45219
638 A	0.18057	0.35908	0.46035
639 A	0.18338	0.34977	0.46685
640 A	0.18710	0.33962	0.47327
641 C	0.19160	0.30758	0.50082
642 A	0.19422	0.30195	0.50383
643 G	0.19838	0.29426	0.50736
644 A	0.21165	0.27961	0.50873
645 A	0.22388	0.26384	0.51228
646 T	0.25420	0.22808	0.51771
647 A	0.27457	0.16535	0.56008
648 T	0.30501	0.10250	0.59249
649 T	0.31838	0.06520	0.61642
650 T	0.32221	0.05174	0.62606
651 C	0.32227	0.04603	0.6317
652 G	0.32263	0.04473	0.63264
653 T	0.32386	0.04305	0.63309
654 G	0.32446	0.04212	0.63342
655 C	0.32610	0.04017	0.63373
656 T	0.33206	0.03446	0.63347
657 T	0.33506	0.03115	0.6338
658 T	0.33460	0.03178	0.63363
659 C	0.33343	0.03362	0.63295
660 T	0.33229	0.04043	0.62729
661 A	0.33144	0.05891	0.60965
662 A	0.33131	0.06490	0.60379
663 T	0.33167	0.06728	0.60105
664 A	0.33182	0.07084	0.59734
665 G	0.33221	0.07129	0.5965
666 T	0.33239	0.07721	0.59039
667 T	0.33213	0.08410	0.58377
668 T	0.32594	0.10191	0.57215
669 G	0.31956	0.10979	0.57065
670 A	0.31565	0.11418	0.57017
671 A	0.31428	0.11558	0.57014
672 A	0.31409	0.11539	0.57052
673 C	0.31557	0.11303	0.57139
674 C	0.31631	0.11387	0.56982
675 T	0.31771	0.11911	0.56318
676 A	0.31782	0.13040	0.55178
677 T	0.31768	0.13502	0.5473
678 T	0.31623	0.13706	0.54671
679 G	0.31219	0.14118	0.54664
680 A	0.30998	0.14210	0.54792
681 A	0.31014	0.13976	0.5501
682 C	0.31139	0.13532	0.55329
683 C	0.31658	0.12943	0.55399
684 T	0.33316	0.11326	0.55358
685 A	0.33430	0.11394	0.55175
686 G	0.33634	0.11323	0.55043
687 A	0.33958	0.11174	0.54868
688 G	0.34292	0.11022	0.54687
689 T	0.35054	0.10470	0.54476
690 A	0.35653	0.09709	0.54639
691 T	0.36668	0.08115	0.55217
692 A	0.36742	0.07574	0.55685
693 T	0.36795	0.07178	0.56027
694 C	0.36592	0.07298	0.5611
695 G	0.36235	0.07815	0.5595
696 A	0.36068	0.08288	0.55644
697 A	0.36164	0.08503	0.55332
698 A	0.36829	0.07961	0.55209
699 T	0.37954	0.06845	0.55201
700 T	0.38263	0.06504	0.55233
701 A	0.38227	0.06417	0.55356
702 T	0.38236	0.05983	0.55782
703 T	0.38215	0.05701	0.56083
704 A	0.38158	0.05632	0.56211
705 T	0.38190	0.05462	0.56348
706 T	0.38145	0.05395	0.56461
707 A	0.37932	0.05488	0.56581
708 C	0.37890	0.05155	0.56955
709 C	0.37872	0.05116	0.57012
710 G	0.37936	0.05045	0.57019
711 C	0.38215	0.04766	0.57019
712 T	0.38730	0.04272	0.56998
713 T	0.38841	0.04198	0.56961
714 T	0.38873	0.04280	0.56846
715 T	0.38615	0.04784	0.56601
716 T	0.38032	0.05951	0.56017
717 A	0.36288	0.08341	0.55372
718 A	0.35472	0.09078	0.5545
719 A	0.35503	0.08958	0.55539
720 T	0.35749	0.08634	0.55617
721 T	0.35593	0.09003	0.55404
722 T	0.34111	0.11117	0.54772
723 T	0.31791	0.13942	0.54267
724 T	0.29917	0.16266	0.53818
725 T	0.26891	0.19680	0.53429
726 A	0.23202	0.23858	0.5294
727 A	0.21536	0.25950	0.52514
728 A	0.20864	0.26768	0.52368
729 A	0.20602	0.27116	0.52281
730 A	0.20475	0.27229	0.52296
731 T	0.20336	0.27308	0.52356
732 T	0.19990	0.27707	0.52303
733 A	0.19489	0.28350	0.52161
734 A	0.19119	0.28908	0.51972
735 A	0.18795	0.29372	0.51833
736 A	0.18721	0.29578	0.51702
737 A	0.18772	0.29545	0.51683
738 A	0.19105	0.28999	0.51896
739 A	0.19756	0.27951	0.52293
740 T	0.20697	0.25328	0.53975
741 T	0.21009	0.24323	0.54668
742 A	0.21101	0.24478	0.54422
743 A	0.21180	0.24304	0.54516
744 A	0.21544	0.23011	0.55445
745 T	0.22378	0.18596	0.59026
746 T	0.23016	0.13727	0.63256
747 T	0.23429	0.11678	0.64893
748 C	0.23593	0.09882	0.66525
749 A	0.23826	0.08802	0.67371
750 T	0.24151	0.07708	0.6814
751 G	0.24254	0.07512	0.68234
752 G	0.24430	0.07738	0.67831
753 T	0.24693	0.08623	0.66684
754 A	0.24674	0.13456	0.61871
755 T	0.24706	0.17904	0.5739
756 A	0.24179	0.18541	0.5728
757 A	0.23829	0.18835	0.57336
758 G	0.23625	0.18887	0.57487
759 A	0.23494	0.19170	0.57336
760 C	0.23528	0.19087	0.57386
761 A	0.23708	0.19038	0.57254
762 T	0.24008	0.18840	0.57152
763 A	0.24126	0.18853	0.57021
764 G	0.24391	0.18663	0.56945
765 T	0.24817	0.18350	0.56834
766 T	0.24949	0.18163	0.56888
767 T	0.24891	0.18170	0.56939
768 T	0.24637	0.18390	0.56973
769 G	0.23921	0.19061	0.57019
770 C	0.23333	0.19572	0.57094
771 C	0.22861	0.20021	0.57118
772 A	0.22896	0.20072	0.57031
773 C	0.23084	0.19949	0.56967
774 G	0.23494	0.19837	0.56669
775 A	0.24056	0.19787	0.56158
776 G	0.25143	0.18840	0.56017
777 A	0.29951	0.14033	0.56015
778 T	0.34772	0.09228	0.56
779 T	0.35261	0.08169	0.5657
780 A	0.35091	0.07935	0.56973
781 A	0.34770	0.08003	0.57227
782 T	0.34232	0.08470	0.57299
783 T	0.29923	0.13198	0.56879
784 G	0.25207	0.19182	0.55611
785 A	0.24046	0.21326	0.54629
786 A	0.23330	0.23254	0.53415
787 A	0.22833	0.24232	0.52934
788 A	0.22409	0.24931	0.52661
789 T	0.20631	0.26842	0.52527
790 A	0.19265	0.28163	0.52572
791 A	0.18834	0.28293	0.52873
792 A	0.18274	0.28117	0.53609
793 G	0.17920	0.27897	0.54184
794 C	0.17874	0.27573	0.54553
795 A	0.17915	0.27838	0.54246
796 G	0.17992	0.27891	0.54117
797 A	0.18300	0.27697	0.54003
798 T	0.18848	0.27193	0.53959
799 T	0.18955	0.27118	0.53926
800 A	0.18984	0.27067	0.53948
801 T	0.19081	0.26901	0.54018
802 A	0.19096	0.26661	0.54242
803 A	0.19146	0.26167	0.54687
804 A	0.19350	0.25204	0.55446
805 A	0.19856	0.23466	0.56677
806 C	0.20558	0.17517	0.61925
807 T	0.21942	0.12266	0.65792
808 G	0.22740	0.10680	0.6658
809 T	0.23950	0.09333	0.66717
810 T	0.24325	0.09242	0.66434
811 A	0.24419	0.09747	0.65834
812 G	0.24547	0.07590	0.67863
813 T	0.24531	0.06473	0.68996
814 A	0.24457	0.06242	0.69301
815 G	0.24451	0.05810	0.69739
816 C	0.24539	0.05514	0.69946
817 A	0.24714	0.05855	0.69431
818 T	0.25208	0.05804	0.68987
819 T	0.25305	0.06925	0.6777
820 T	0.25260	0.11174	0.63565
821 T	0.25123	0.16533	0.58344
822 A	0.24875	0.18272	0.56853
823 G	0.24794	0.19090	0.56116
824 G	0.24800	0.19658	0.55542
825 A	0.24772	0.20346	0.54882
826 C	0.24666	0.20494	0.5484
827 A	0.24498	0.20925	0.54577
828 T	0.24060	0.21545	0.54396
829 A	0.22283	0.23738	0.53979
830 C	0.21783	0.24440	0.53778
831 A	0.21456	0.25325	0.53219
832 A	0.21630	0.25384	0.52986
833 A	0.22104	0.25031	0.52864
834 T	0.22908	0.24213	0.52879
835 A	0.22794	0.24447	0.52759
836 T	0.22807	0.24406	0.52787
837 T	0.22713	0.24686	0.52601
838 A	0.22433	0.24954	0.52614
839 A	0.22418	0.24929	0.52654
840 A	0.22912	0.24362	0.52727
841 A	0.23469	0.23663	0.52868
842 C	0.24871	0.21952	0.53176
843 C	0.29058	0.17606	0.53336
844 A	0.33694	0.12919	0.53387
845 C	0.35624	0.10882	0.53494
846 T	0.36728	0.09771	0.53501
847 T	0.37301	0.09222	0.53478
848 T	0.37653	0.08853	0.53494
849 A	0.37397	0.08972	0.53632
850 G	0.37454	0.08732	0.53814
851 A	0.37648	0.07903	0.54448
852 T	0.38175	0.05497	0.56328
853 T	0.38395	0.04634	0.56971
854 T	0.38661	0.03969	0.57371
855 A	0.38486	0.04200	0.57314
856 T	0.38466	0.04339	0.57195
857 A	0.38367	0.04602	0.57031
858 T	0.38429	0.04250	0.57321
859 G	0.38340	0.04178	0.57481
860 T	0.38327	0.04228	0.57445
861 T	0.37578	0.04930	0.57492
862 C	0.35225	0.07189	0.57586
863 A	0.32619	0.09851	0.57531
864 T	0.31090	0.11413	0.57497
865 C	0.29166	0.13482	0.57353
866 C	0.27791	0.15874	0.56335
867 T	0.27395	0.17114	0.55491
868 A	0.26859	0.18575	0.54567
869 A	0.26696	0.19065	0.5424
870 T	0.26556	0.19392	0.54051
871 T	0.26335	0.19737	0.53927
872 T	0.26117	0.19726	0.54156
873 T	0.25799	0.19899	0.54302
874 G	0.25100	0.20538	0.54363
875 A	0.24656	0.21000	0.54345
876 A	0.24235	0.21466	0.54299
877 C	0.22934	0.22762	0.54304
878 A	0.21209	0.25114	0.53678
879 A	0.19536	0.27600	0.52863
880 A	0.18434	0.29081	0.52484
881 A	0.17752	0.30312	0.51936
882 G	0.17427	0.30733	0.5184
883 A	0.17431	0.30448	0.52121
884 A	0.17431	0.29610	0.52959
885 A	0.17316	0.27528	0.55156
886 A	0.17294	0.25318	0.57388
887 A	0.17340	0.24508	0.58152
888 A	0.17554	0.24235	0.58211
889 T	0.18673	0.24220	0.57106
890 G	0.18774	0.24728	0.56498
891 T	0.19107	0.24812	0.56081
892 A	0.18429	0.26144	0.55427
893 T	0.17816	0.26862	0.55322
894 C	0.16422	0.28355	0.55223
895 G	0.13840	0.32185	0.53975
896 A	0.12465	0.34531	0.53004
897 A	0.11527	0.35946	0.52526
898 A	0.11283	0.36721	0.51996
899 A	0.11412	0.36409	0.5218
900 A	0.11687	0.34744	0.53569
901 A	0.12423	0.32175	0.55402
902 T	0.13365	0.29368	0.57267
903 G	0.13779	0.27770	0.58451
904 T	0.14367	0.26569	0.59064
905 T	0.14576	0.26045	0.5938
906 A	0.14702	0.25743	0.59555
907 A	0.14858	0.25411	0.59731
908 A	0.15102	0.24912	0.59986
909 A	0.15495	0.24193	0.60312
910 A	0.16373	0.23002	0.60625
911 A	0.18267	0.20719	0.61013
912 A	0.20985	0.17530	0.61485
913 T	0.22858	0.14544	0.62598
914 T	0.24171	0.12322	0.63508
915 T	0.25179	0.10194	0.64628
916 T	0.25672	0.08874	0.65453
917 A	0.25981	0.07413	0.66607
918 T	0.26847	0.04319	0.68833
919 T	0.27538	0.02403	0.70059
920 G	0.28042	0.01058	0.70899
921 A	0.28761	0.00000	0.71238
