# lcl|CP097583.1_cds_USQ93397.1_1
# AA	inside	membr	outside
1 A	0.52100	0.00000	0.479
2 T	0.52083	0.00017	0.479
3 G	0.52070	0.00030	0.479
4 A	0.52070	0.01662	0.46267
5 A	0.51962	0.02370	0.45668
6 T	0.51962	0.02421	0.45616
7 T	0.51654	0.02752	0.45595
8 A	0.51654	0.02752	0.45594
9 T	0.51630	0.02780	0.4559
10 T	0.51630	0.02987	0.45383
11 A	0.51616	0.03012	0.45372
12 T	0.51535	0.03097	0.45368
13 T	0.51380	0.03269	0.45351
14 A	0.51380	0.03269	0.45351
15 T	0.51380	0.03390	0.45229
16 T	0.51374	0.03397	0.45229
17 T	0.51361	0.03416	0.45223
18 A	0.51360	0.03433	0.45208
19 G	0.51353	0.03448	0.45199
20 T	0.51340	0.03584	0.45076
21 A	0.51318	0.03606	0.45077
22 A	0.51354	0.03582	0.45064
23 T	0.51486	0.03454	0.4506
24 T	0.51655	0.03290	0.45055
25 A	0.51707	0.03221	0.45072
26 A	0.51795	0.03115	0.4509
27 T	0.53201	0.01645	0.45154
28 T	0.53625	0.01119	0.45256
29 T	0.53675	0.01044	0.45281
30 T	0.53726	0.00792	0.45482
31 T	0.53737	0.00759	0.45505
32 T	0.53742	0.00726	0.45531
33 T	0.53811	0.00634	0.45554
34 G	0.53791	0.00643	0.45566
35 T	0.53803	0.00574	0.45622
36 T	0.53809	0.00474	0.45718
37 G	0.53803	0.00473	0.45723
38 G	0.53888	0.00380	0.45733
39 C	0.53898	0.00359	0.45742
40 T	0.53930	0.00321	0.45749
41 C	0.53947	0.00299	0.45755
42 T	0.53957	0.00290	0.45753
43 G	0.54014	0.00227	0.45759
44 T	0.54006	0.00233	0.45761
45 C	0.53974	0.00271	0.45755
46 T	0.53971	0.00289	0.45741
47 C	0.53951	0.00317	0.45732
48 T	0.53935	0.00363	0.45702
49 T	0.53856	0.00523	0.45621
50 T	0.53668	0.00872	0.45461
51 G	0.52711	0.01937	0.45353
52 T	0.51964	0.03054	0.44982
53 A	0.51045	0.04025	0.44931
54 T	0.50219	0.04863	0.44917
55 A	0.49302	0.05777	0.44921
56 T	0.48721	0.06342	0.44937
57 C	0.48146	0.06899	0.44955
58 G	0.47679	0.07421	0.449
59 C	0.47444	0.07695	0.44861
60 A	0.47290	0.07940	0.4477
61 T	0.47205	0.08072	0.44723
62 T	0.47022	0.08288	0.4469
63 A	0.46661	0.08691	0.44647
64 A	0.46489	0.08865	0.44646
65 A	0.46455	0.08890	0.44655
66 A	0.46426	0.08899	0.44675
67 A	0.46418	0.08884	0.44699
68 C	0.46431	0.08808	0.4476
69 T	0.46453	0.08775	0.44772
70 A	0.46381	0.08850	0.44769
71 A	0.46373	0.08830	0.44796
72 A	0.46454	0.08672	0.44874
73 T	0.46613	0.08310	0.45077
74 A	0.46704	0.07103	0.46194
75 T	0.47040	0.05633	0.47327
76 T	0.47083	0.04500	0.48417
77 T	0.47091	0.03636	0.49272
78 G	0.47032	0.03082	0.49886
79 G	0.47018	0.02823	0.50159
80 A	0.47034	0.02582	0.50384
81 T	0.47093	0.02247	0.5066
82 T	0.47108	0.02260	0.50632
83 T	0.47084	0.02282	0.50635
84 T	0.46958	0.02396	0.50646
85 A	0.46793	0.02532	0.50676
86 T	0.46745	0.02355	0.509
87 C	0.46672	0.02335	0.50993
88 A	0.46619	0.02494	0.50887
89 T	0.46592	0.02546	0.50862
90 T	0.46493	0.02644	0.50864
91 G	0.46240	0.02887	0.50873
92 A	0.46135	0.02990	0.50875
93 T	0.46148	0.02891	0.50962
94 C	0.46133	0.02863	0.51005
95 C	0.46125	0.02869	0.51006
96 T	0.46122	0.02901	0.50977
97 T	0.46095	0.02971	0.50934
98 C	0.45891	0.03213	0.50896
99 T	0.45755	0.03424	0.50821
100 A	0.45556	0.03711	0.50734
101 G	0.45527	0.03718	0.50754
102 T	0.45609	0.03673	0.50718
103 A	0.45527	0.03869	0.50604
104 G	0.45576	0.03886	0.50538
105 A	0.45803	0.04094	0.50104
106 T	0.46012	0.04290	0.49699
107 T	0.46042	0.04501	0.49457
108 T	0.46002	0.04770	0.49228
109 T	0.45677	0.05911	0.48412
110 A	0.45171	0.07272	0.47558
111 T	0.43710	0.08883	0.47407
112 A	0.39967	0.12764	0.47269
113 A	0.38114	0.14604	0.47282
114 A	0.36023	0.16545	0.47433
115 C	0.33974	0.18581	0.47445
116 G	0.32688	0.20086	0.47226
117 A	0.32254	0.21002	0.46744
118 A	0.32060	0.21700	0.46241
119 A	0.32032	0.21752	0.46216
120 T	0.32065	0.21699	0.46236
121 T	0.31969	0.21558	0.46472
122 T	0.31793	0.21593	0.46614
123 C	0.31580	0.21662	0.46758
124 A	0.31388	0.21886	0.46725
125 A	0.31313	0.21958	0.46729
126 A	0.31386	0.21767	0.46847
127 A	0.31606	0.21497	0.46897
128 C	0.32308	0.20716	0.46976
129 T	0.33133	0.19799	0.47068
130 T	0.33522	0.19363	0.47115
131 A	0.33713	0.19046	0.47241
132 T	0.34262	0.18137	0.47601
133 A	0.34689	0.17415	0.47896
134 T	0.34885	0.15136	0.49979
135 T	0.34978	0.11534	0.53487
136 A	0.34883	0.10081	0.55036
137 A	0.34771	0.08536	0.56693
138 T	0.34809	0.07047	0.58144
139 G	0.34106	0.07646	0.58247
140 A	0.34144	0.09371	0.56485
141 T	0.34420	0.09363	0.56217
142 T	0.33881	0.10637	0.55483
143 A	0.33194	0.12051	0.54755
144 T	0.32464	0.13530	0.54006
145 C	0.31089	0.14841	0.5407
146 A	0.30234	0.16570	0.53196
147 T	0.29700	0.17422	0.52878
148 A	0.28911	0.19007	0.52082
149 C	0.28537	0.20242	0.5122
150 T	0.28175	0.20943	0.50883
151 G	0.27461	0.21879	0.5066
152 A	0.27136	0.22240	0.50624
153 T	0.26547	0.22808	0.50645
154 C	0.24473	0.24879	0.50648
155 A	0.22346	0.27129	0.50525
156 C	0.20525	0.29088	0.50387
157 A	0.18255	0.32750	0.48994
158 A	0.15971	0.36188	0.47841
159 A	0.12891	0.40136	0.46973
160 A	0.10369	0.43437	0.46195
161 G	0.09901	0.44264	0.45835
162 A	0.09888	0.43913	0.46199
163 A	0.11264	0.42408	0.46328
164 A	0.11792	0.41823	0.46384
165 T	0.12736	0.40624	0.4664
166 A	0.13193	0.39706	0.47101
167 A	0.13880	0.38278	0.47842
168 A	0.14151	0.36652	0.49197
169 T	0.15215	0.34679	0.50106
170 C	0.15474	0.33981	0.50545
171 A	0.16025	0.34255	0.49721
172 A	0.16680	0.34051	0.49269
173 T	0.16712	0.34052	0.49236
174 T	0.15871	0.35095	0.49034
175 A	0.12751	0.38719	0.48531
176 A	0.11445	0.39496	0.49059
177 A	0.09929	0.39252	0.5082
178 A	0.08827	0.38552	0.52622
179 A	0.08461	0.37439	0.541
180 A	0.09482	0.34735	0.55783
181 A	0.10455	0.31914	0.57631
182 A	0.11228	0.27673	0.61099
183 T	0.12024	0.23971	0.64006
184 A	0.11880	0.23622	0.64498
185 T	0.12001	0.23255	0.64744
186 C	0.11433	0.23427	0.65141
187 G	0.10495	0.24945	0.64559
188 A	0.09770	0.26742	0.63488
189 T	0.09157	0.28150	0.62693
190 C	0.07924	0.31417	0.6066
191 A	0.06898	0.37376	0.55726
192 A	0.05863	0.42383	0.51754
193 A	0.05439	0.43977	0.50584
194 T	0.06411	0.43320	0.50269
195 T	0.06677	0.43544	0.49779
196 A	0.06440	0.43719	0.49841
197 A	0.06608	0.42676	0.50715
198 T	0.06845	0.39673	0.53482
199 A	0.06297	0.39310	0.54392
200 A	0.05446	0.39013	0.5554
201 A	0.04959	0.38885	0.56155
202 G	0.04574	0.39321	0.56105
203 A	0.04052	0.40516	0.55432
204 A	0.03868	0.40731	0.55402
205 A	0.03792	0.40785	0.55423
206 A	0.03715	0.40711	0.55574
207 A	0.04036	0.39953	0.56011
208 G	0.04794	0.38603	0.56602
209 A	0.05445	0.37543	0.57013
210 A	0.06505	0.35866	0.57629
211 A	0.08256	0.33212	0.58531
212 A	0.09638	0.31183	0.59178
213 T	0.12567	0.26994	0.6044
214 A	0.16523	0.22275	0.61203
215 T	0.20103	0.17484	0.62414
216 T	0.20663	0.16503	0.62833
217 G	0.19580	0.18054	0.62365
218 T	0.18932	0.19131	0.61937
219 T	0.16029	0.23126	0.60845
220 A	0.10969	0.29294	0.59737
221 A	0.07250	0.33330	0.5942
222 A	0.05614	0.34940	0.59446
223 A	0.05345	0.34239	0.60416
224 A	0.05474	0.33321	0.61205
225 A	0.06027	0.31993	0.6198
226 T	0.07037	0.30124	0.62839
227 C	0.07159	0.29433	0.63408
228 A	0.07305	0.29164	0.63531
229 C	0.07468	0.28838	0.63694
230 A	0.07553	0.28747	0.637
231 A	0.07020	0.29280	0.63701
232 A	0.06625	0.29687	0.63688
233 T	0.06793	0.29417	0.63791
234 A	0.05554	0.30670	0.63777
235 A	0.05025	0.30980	0.63996
236 A	0.04852	0.30814	0.64333
237 T	0.05048	0.29817	0.65135
238 G	0.04846	0.29329	0.65825
239 A	0.05356	0.28033	0.6661
240 T	0.06443	0.25125	0.68432
241 A	0.07160	0.23110	0.6973
242 T	0.08541	0.18665	0.72795
243 T	0.09434	0.13762	0.76804
244 A	0.09510	0.10747	0.79744
245 C	0.09699	0.08793	0.81508
246 T	0.09615	0.08522	0.81864
247 T	0.09323	0.08581	0.82096
248 C	0.08818	0.08956	0.82226
249 A	0.08437	0.09345	0.82218
250 T	0.08251	0.09474	0.82274
251 A	0.07556	0.10033	0.82412
252 T	0.07151	0.10307	0.82542
253 A	0.06181	0.11159	0.8266
254 A	0.05764	0.10742	0.83494
255 A	0.05495	0.10092	0.84413
256 A	0.05455	0.09507	0.85038
257 G	0.05504	0.07960	0.86537
258 T	0.05640	0.06963	0.87396
259 G	0.05675	0.06500	0.87825
260 T	0.05727	0.06176	0.88098
261 T	0.05735	0.05857	0.88409
262 T	0.05721	0.05755	0.88524
263 T	0.05702	0.05710	0.88588
264 T	0.05648	0.05695	0.88658
265 T	0.05570	0.05744	0.88685
266 A	0.05455	0.05811	0.88734
267 T	0.05430	0.05657	0.88913
268 A	0.05390	0.05558	0.89053
269 A	0.05367	0.05369	0.89264
270 G	0.05370	0.04962	0.89668
271 T	0.05406	0.04400	0.90194
272 T	0.05440	0.03996	0.90564
273 A	0.05446	0.03752	0.90801
274 T	0.05484	0.03094	0.91421
275 A	0.05497	0.02723	0.9178
276 T	0.05519	0.01871	0.9261
277 A	0.05524	0.01501	0.92975
278 G	0.05533	0.01209	0.93258
279 T	0.05564	0.01085	0.93351
280 T	0.05586	0.01034	0.9338
281 T	0.05591	0.01019	0.9339
282 A	0.05587	0.01019	0.93395
283 A	0.05601	0.01002	0.93398
284 T	0.05631	0.00963	0.93406
285 T	0.05640	0.00937	0.93423
286 A	0.05643	0.00904	0.93454
287 T	0.05701	0.00780	0.93518
288 T	0.05721	0.00691	0.93588
289 C	0.05704	0.00616	0.9368
290 T	0.05710	0.00600	0.9369
291 A	0.05689	0.00606	0.93705
292 T	0.05698	0.00585	0.93717
293 C	0.05675	0.00603	0.93721
294 T	0.05686	0.00597	0.93717
295 T	0.05661	0.00628	0.9371
296 T	0.05613	0.00677	0.9371
297 T	0.05547	0.00745	0.93708
298 T	0.05465	0.00823	0.93712
299 T	0.05352	0.00925	0.93722
300 A	0.05148	0.01117	0.93735
301 T	0.05061	0.01189	0.93749
302 C	0.04913	0.01328	0.93759
303 A	0.04816	0.01424	0.93761
304 G	0.04779	0.01456	0.93766
305 G	0.04778	0.01449	0.93773
306 A	0.04789	0.01436	0.93775
307 A	0.04815	0.01408	0.93777
308 T	0.04853	0.01343	0.93804
309 T	0.04866	0.01300	0.93833
310 A	0.04870	0.01279	0.93851
311 T	0.04878	0.01235	0.93886
312 T	0.04879	0.01188	0.93933
313 A	0.04877	0.01162	0.9396
314 A	0.04872	0.01122	0.94006
315 T	0.04879	0.01079	0.94042
316 T	0.04882	0.01029	0.94088
317 A	0.04881	0.00992	0.94127
318 T	0.04889	0.00899	0.94212
319 T	0.04891	0.00800	0.94308
320 T	0.04880	0.00690	0.94429
321 T	0.04835	0.00639	0.94526
322 G	0.04788	0.00583	0.9463
323 T	0.04759	0.00477	0.94764
324 T	0.04668	0.00514	0.94818
325 G	0.04473	0.00637	0.94891
326 T	0.04344	0.00711	0.94945
327 T	0.04132	0.00899	0.9497
328 G	0.03512	0.01515	0.94972
329 T	0.03399	0.01635	0.94966
330 C	0.03171	0.01881	0.94948
331 C	0.03002	0.02085	0.94914
332 A	0.02912	0.02243	0.94845
333 T	0.02848	0.02313	0.94839
334 A	0.02574	0.02596	0.9483
335 A	0.02478	0.02696	0.94826
336 A	0.02410	0.02762	0.94828
337 C	0.02388	0.02770	0.94842
338 T	0.02372	0.02788	0.9484
339 T	0.02324	0.02843	0.94833
340 G	0.02282	0.02889	0.9483
341 A	0.02256	0.02919	0.94825
342 G	0.02233	0.02945	0.94822
343 A	0.02218	0.02943	0.94839
344 T	0.02213	0.02896	0.94891
345 A	0.02201	0.02859	0.94941
346 A	0.02200	0.02814	0.94986
347 A	0.02201	0.02706	0.95093
348 A	0.02214	0.02471	0.95315
349 A	0.02221	0.02287	0.95492
350 A	0.02232	0.02013	0.95755
351 C	0.02245	0.01368	0.96387
352 A	0.02271	0.01248	0.96482
353 T	0.02302	0.01039	0.96659
354 T	0.02333	0.00895	0.96773
355 T	0.02364	0.00805	0.96831
356 A	0.02357	0.00774	0.96868
357 T	0.02359	0.00483	0.97159
358 T	0.02354	0.00370	0.97276
359 C	0.02349	0.00294	0.97357
360 G	0.02347	0.00280	0.97373
361 A	0.02353	0.00262	0.97385
362 T	0.02367	0.00219	0.97414
363 T	0.02376	0.00183	0.97441
364 C	0.02376	0.00163	0.97461
365 T	0.02379	0.00137	0.97484
366 T	0.02379	0.00122	0.97499
367 T	0.02375	0.00118	0.97507
368 C	0.02366	0.00114	0.97519
369 T	0.02357	0.00122	0.97521
370 T	0.02339	0.00134	0.97528
371 T	0.02291	0.00178	0.97531
372 A	0.02199	0.00271	0.9753
373 G	0.02142	0.00327	0.97531
374 A	0.02096	0.00370	0.97534
375 A	0.02077	0.00385	0.97538
376 T	0.02075	0.00382	0.97543
377 G	0.02071	0.00379	0.97549
378 G	0.02070	0.00375	0.97555
379 T	0.02070	0.00366	0.97564
380 T	0.02069	0.00362	0.97569
381 C	0.02064	0.00361	0.97575
382 A	0.02062	0.00361	0.97576
383 T	0.02063	0.00359	0.97578
384 A	0.02061	0.00360	0.97579
385 T	0.02061	0.00360	0.9758
386 T	0.02059	0.00361	0.9758
387 T	0.02056	0.00356	0.97588
388 T	0.02050	0.00356	0.97594
389 T	0.02040	0.00360	0.976
390 A	0.02019	0.00374	0.97607
391 A	0.02012	0.00365	0.97623
392 T	0.02009	0.00344	0.97648
393 T	0.02000	0.00328	0.97673
394 A	0.01984	0.00300	0.97715
395 T	0.01976	0.00231	0.97793
396 A	0.01966	0.00195	0.97839
397 G	0.01963	0.00157	0.9788
398 C	0.01962	0.00140	0.97899
399 A	0.01962	0.00138	0.97901
400 T	0.01962	0.00134	0.97904
401 T	0.01962	0.00133	0.97906
402 T	0.01961	0.00132	0.97907
403 G	0.01960	0.00133	0.97907
404 T	0.01959	0.00127	0.97913
405 G	0.01959	0.00124	0.97916
406 T	0.01960	0.00122	0.97918
407 A	0.01960	0.00119	0.97921
408 T	0.01961	0.00114	0.97924
409 T	0.01961	0.00109	0.97929
410 T	0.01961	0.00103	0.97936
411 T	0.01961	0.00097	0.97942
412 A	0.01960	0.00089	0.97951
413 T	0.01961	0.00071	0.97969
414 T	0.01961	0.00062	0.97977
415 T	0.01960	0.00057	0.97982
416 A	0.01959	0.00050	0.97992
417 T	0.01959	0.00036	0.98005
418 T	0.01958	0.00029	0.98013
419 T	0.01957	0.00023	0.9802
420 T	0.01955	0.00022	0.98023
421 T	0.01952	0.00025	0.98024
422 T	0.01947	0.00030	0.98024
423 A	0.01941	0.00035	0.98024
424 T	0.01937	0.00039	0.98023
425 G	0.01933	0.00043	0.98025
426 T	0.01932	0.00043	0.98025
427 T	0.01931	0.00044	0.98025
428 A	0.01929	0.00046	0.98025
429 T	0.01929	0.00046	0.98025
430 T	0.01928	0.00046	0.98026
431 T	0.01926	0.00048	0.98027
432 G	0.01923	0.00049	0.98027
433 T	0.01923	0.00049	0.98028
434 G	0.01922	0.00049	0.98029
435 T	0.01922	0.00049	0.98029
436 T	0.01921	0.00049	0.98029
437 T	0.01921	0.00049	0.9803
438 A	0.01918	0.00052	0.9803
439 G	0.01916	0.00052	0.98032
440 A	0.01915	0.00052	0.98032
441 T	0.01915	0.00051	0.98034
442 A	0.01915	0.00050	0.98036
443 T	0.01916	0.00046	0.98038
444 A	0.01916	0.00043	0.98041
445 T	0.01917	0.00036	0.98046
446 A	0.01917	0.00031	0.98052
447 T	0.01918	0.00026	0.98056
448 C	0.01919	0.00022	0.9806
449 T	0.01919	0.00020	0.9806
450 T	0.01920	0.00020	0.98061
451 T	0.01919	0.00019	0.98062
452 T	0.01919	0.00019	0.98062
453 T	0.01917	0.00020	0.98063
454 T	0.01916	0.00018	0.98066
455 C	0.01915	0.00017	0.98068
456 T	0.01914	0.00017	0.98069
457 G	0.01914	0.00018	0.98069
458 G	0.01914	0.00018	0.98068
459 T	0.01914	0.00018	0.98069
460 T	0.01913	0.00018	0.98069
461 T	0.01912	0.00017	0.98072
462 A	0.01906	0.00021	0.98073
463 T	0.01904	0.00022	0.98074
464 G	0.01900	0.00025	0.98075
465 C	0.01898	0.00027	0.98075
466 T	0.01896	0.00029	0.98075
467 C	0.01894	0.00031	0.98076
468 G	0.01893	0.00032	0.98076
469 A	0.01892	0.00033	0.98076
470 A	0.01892	0.00033	0.98076
471 T	0.01892	0.00033	0.98076
472 T	0.01892	0.00033	0.98076
473 T	0.01892	0.00032	0.98076
474 A	0.01892	0.00031	0.98077
475 T	0.01892	0.00029	0.98079
476 C	0.01891	0.00028	0.98081
477 C	0.01890	0.00028	0.98082
478 T	0.01890	0.00028	0.98082
479 C	0.01889	0.00029	0.98082
480 T	0.01889	0.00029	0.98082
481 A	0.01888	0.00030	0.98082
482 T	0.01888	0.00030	0.98082
483 A	0.01888	0.00029	0.98083
484 T	0.01888	0.00028	0.98084
485 T	0.01888	0.00021	0.98091
486 T	0.01888	0.00019	0.98094
487 T	0.01887	0.00015	0.98097
488 T	0.01887	0.00014	0.98099
489 G	0.01886	0.00013	0.98101
490 T	0.01885	0.00012	0.98103
491 C	0.01885	0.00012	0.98104
492 G	0.01884	0.00012	0.98104
493 C	0.01884	0.00011	0.98105
494 T	0.01884	0.00012	0.98105
495 T	0.01884	0.00012	0.98105
496 T	0.01884	0.00012	0.98104
497 T	0.01883	0.00013	0.98104
498 A	0.01881	0.00015	0.98104
499 T	0.01879	0.00015	0.98105
500 G	0.01876	0.00017	0.98106
501 G	0.01874	0.00019	0.98107
502 G	0.01872	0.00020	0.98108
503 G	0.01871	0.00021	0.98109
504 A	0.01870	0.00021	0.98109
505 G	0.01870	0.00021	0.98109
506 C	0.01870	0.00020	0.9811
507 A	0.01870	0.00020	0.9811
508 T	0.01870	0.00020	0.9811
509 T	0.01870	0.00019	0.9811
510 T	0.01870	0.00019	0.9811
511 C	0.01870	0.00019	0.98111
512 T	0.01870	0.00018	0.98112
513 T	0.01870	0.00018	0.98113
514 T	0.01868	0.00019	0.98113
515 C	0.01867	0.00020	0.98113
516 T	0.01865	0.00022	0.98113
517 T	0.01861	0.00027	0.98113
518 G	0.01852	0.00036	0.98112
519 T	0.01849	0.00039	0.98112
520 T	0.01844	0.00044	0.98112
521 T	0.01839	0.00046	0.98115
522 T	0.01831	0.00054	0.98115
523 T	0.01817	0.00065	0.98118
524 A	0.01799	0.00082	0.98119
525 T	0.01795	0.00085	0.9812
526 A	0.01789	0.00091	0.9812
527 T	0.01786	0.00095	0.98119
528 A	0.01780	0.00104	0.98117
529 T	0.01774	0.00110	0.98116
530 T	0.01739	0.00148	0.98113
531 A	0.01709	0.00180	0.98111
532 G	0.01700	0.00190	0.9811
533 A	0.01697	0.00196	0.98107
534 A	0.01694	0.00202	0.98104
535 T	0.01693	0.00207	0.98101
536 A	0.01690	0.00213	0.98097
537 T	0.01687	0.00217	0.98097
538 A	0.01682	0.00222	0.98095
539 A	0.01681	0.00223	0.98096
540 A	0.01681	0.00219	0.981
541 T	0.01682	0.00208	0.9811
542 T	0.01683	0.00202	0.98115
543 T	0.01683	0.00195	0.98122
544 T	0.01683	0.00188	0.98129
545 A	0.01681	0.00184	0.98135
546 T	0.01676	0.00176	0.98148
547 C	0.01674	0.00163	0.98162
548 A	0.01671	0.00165	0.98164
549 G	0.01671	0.00163	0.98167
550 A	0.01672	0.00159	0.98169
551 T	0.01673	0.00151	0.98176
552 A	0.01668	0.00152	0.9818
553 T	0.01665	0.00116	0.98219
554 C	0.01658	0.00096	0.98246
555 G	0.01651	0.00103	0.98246
556 A	0.01648	0.00112	0.9824
557 A	0.01651	0.00113	0.98237
558 T	0.01655	0.00107	0.98238
559 T	0.01657	0.00102	0.9824
560 G	0.01656	0.00099	0.98245
561 T	0.01657	0.00094	0.98249
562 C	0.01656	0.00094	0.9825
563 C	0.01654	0.00100	0.98246
564 T	0.01654	0.00106	0.9824
565 T	0.01651	0.00112	0.98237
566 T	0.01643	0.00122	0.98235
567 A	0.01632	0.00135	0.98233
568 T	0.01626	0.00141	0.98233
569 C	0.01619	0.00143	0.98239
570 A	0.01612	0.00150	0.98238
571 T	0.01608	0.00152	0.98239
572 A	0.01605	0.00157	0.98238
573 T	0.01603	0.00160	0.98237
574 A	0.01600	0.00164	0.98237
575 A	0.01599	0.00159	0.98242
576 A	0.01599	0.00154	0.98247
577 A	0.01601	0.00143	0.98257
578 T	0.01607	0.00129	0.98265
579 T	0.01613	0.00118	0.98269
580 T	0.01614	0.00115	0.9827
581 T	0.01612	0.00118	0.9827
582 G	0.01608	0.00124	0.98268
583 A	0.01606	0.00126	0.98267
584 A	0.01606	0.00126	0.98268
585 A	0.01607	0.00124	0.98269
586 T	0.01612	0.00116	0.98273
587 A	0.01618	0.00107	0.98275
588 T	0.01622	0.00098	0.98281
589 T	0.01624	0.00087	0.98288
590 T	0.01626	0.00075	0.98298
591 T	0.01627	0.00069	0.98303
592 A	0.01628	0.00063	0.98309
593 T	0.01630	0.00055	0.98315
594 C	0.01631	0.00049	0.9832
595 T	0.01633	0.00048	0.98319
596 T	0.01635	0.00048	0.98318
597 A	0.01636	0.00048	0.98316
598 T	0.01637	0.00048	0.98315
599 T	0.01637	0.00049	0.98314
600 A	0.01635	0.00051	0.98314
601 T	0.01635	0.00051	0.98315
602 A	0.01634	0.00051	0.98314
603 T	0.01635	0.00050	0.98315
604 A	0.01636	0.00049	0.98315
605 T	0.01639	0.00043	0.98318
606 T	0.01640	0.00041	0.9832
607 A	0.01640	0.00040	0.9832
608 T	0.01641	0.00039	0.9832
609 C	0.01640	0.00040	0.9832
610 T	0.01640	0.00040	0.9832
611 T	0.01638	0.00043	0.9832
612 A	0.01633	0.00047	0.9832
613 C	0.01630	0.00050	0.9832
614 C	0.01628	0.00051	0.9832
615 C	0.01626	0.00054	0.9832
616 T	0.01627	0.00053	0.9832
617 C	0.01627	0.00054	0.9832
618 T	0.01629	0.00052	0.98319
619 T	0.01631	0.00051	0.98318
620 T	0.01630	0.00052	0.98318
621 T	0.01625	0.00057	0.98318
622 T	0.01618	0.00063	0.98319
623 T	0.01604	0.00075	0.98321
624 A	0.01577	0.00101	0.98321
625 A	0.01565	0.00112	0.98323
626 C	0.01562	0.00114	0.98324
627 T	0.01558	0.00119	0.98322
628 T	0.01552	0.00130	0.98318
629 T	0.01541	0.00143	0.98316
630 T	0.01522	0.00164	0.98314
631 A	0.01503	0.00186	0.98311
632 T	0.01494	0.00194	0.98312
633 A	0.01483	0.00204	0.98312
634 A	0.01480	0.00205	0.98315
635 T	0.01478	0.00203	0.9832
636 A	0.01475	0.00203	0.98322
637 A	0.01474	0.00201	0.98325
638 T	0.01474	0.00197	0.98328
639 T	0.01474	0.00196	0.98331
640 T	0.01473	0.00195	0.98333
641 T	0.01471	0.00195	0.98334
642 T	0.01466	0.00197	0.98337
643 A	0.01459	0.00201	0.98341
644 T	0.01456	0.00196	0.98347
645 A	0.01449	0.00196	0.98355
646 G	0.01444	0.00187	0.98369
647 T	0.01443	0.00164	0.98393
648 T	0.01440	0.00155	0.98405
649 A	0.01433	0.00156	0.98411
650 G	0.01433	0.00148	0.98419
651 T	0.01437	0.00138	0.98425
652 T	0.01436	0.00130	0.98434
653 T	0.01433	0.00122	0.98445
654 T	0.01423	0.00125	0.98452
655 T	0.01399	0.00162	0.98439
656 T	0.01336	0.00252	0.98413
657 A	0.01187	0.00464	0.98349
658 T	0.01130	0.00546	0.98324
659 A	0.01034	0.00667	0.98299
660 T	0.00949	0.00781	0.9827
661 A	0.00629	0.01149	0.98222
662 G	0.00516	0.01279	0.98205
663 A	0.00447	0.01381	0.98171
664 A	0.00409	0.01466	0.98124
665 A	0.00396	0.01496	0.98108
666 T	0.00389	0.01516	0.98095
667 A	0.00372	0.01584	0.98044
668 A	0.00358	0.01653	0.97989
669 T	0.00351	0.01683	0.97966
670 A	0.00343	0.01716	0.97941
671 A	0.00340	0.01731	0.97929
672 A	0.00340	0.01735	0.97926
673 A	0.00341	0.01737	0.97923
674 T	0.00344	0.01731	0.97925
675 A	0.00347	0.01728	0.97925
676 A	0.00354	0.01718	0.97928
677 A	0.00365	0.01687	0.97948
678 A	0.00386	0.01626	0.97988
679 G	0.00421	0.01475	0.98104
680 T	0.00493	0.01245	0.98262
681 T	0.00521	0.01156	0.98322
682 A	0.00542	0.01075	0.98383
683 A	0.00570	0.00978	0.98453
684 T	0.00616	0.00671	0.98713
685 A	0.00629	0.00583	0.98787
686 A	0.00658	0.00523	0.98819
687 T	0.00711	0.00513	0.98775
688 A	0.00729	0.00677	0.98594
689 A	0.00747	0.00823	0.98429
690 A	0.00803	0.00764	0.98433
691 T	0.00873	0.00683	0.98444
692 T	0.00900	0.00658	0.98442
693 T	0.00910	0.00657	0.98433
694 C	0.00904	0.00662	0.98433
695 A	0.00902	0.00669	0.9843
696 T	0.00901	0.00673	0.98426
697 A	0.00895	0.00681	0.98424
698 C	0.00897	0.00678	0.98424
699 T	0.00900	0.00676	0.98424
700 T	0.00898	0.00678	0.98424
701 T	0.00894	0.00682	0.98425
702 C	0.00878	0.00697	0.98425
703 C	0.00867	0.00709	0.98424
704 T	0.00864	0.00713	0.98424
705 C	0.00857	0.00720	0.98423
706 A	0.00856	0.00722	0.98422
707 A	0.00864	0.00714	0.98422
708 A	0.00889	0.00689	0.98423
709 A	0.00923	0.00651	0.98425
710 C	0.01008	0.00565	0.98427
711 A	0.01197	0.00374	0.98429
712 T	0.01366	0.00202	0.98432
713 T	0.01386	0.00180	0.98434
714 A	0.01394	0.00171	0.98435
715 T	0.01406	0.00156	0.98438
716 T	0.01416	0.00132	0.98452
717 T	0.01417	0.00119	0.98465
718 A	0.01418	0.00111	0.98471
719 T	0.01422	0.00101	0.98476
720 T	0.01424	0.00094	0.98482
721 A	0.01424	0.00092	0.98484
722 T	0.01424	0.00086	0.9849
723 T	0.01424	0.00081	0.98495
724 A	0.01423	0.00077	0.985
725 G	0.01424	0.00062	0.98514
726 T	0.01424	0.00051	0.98525
727 T	0.01425	0.00045	0.9853
728 T	0.01425	0.00038	0.98537
729 T	0.01425	0.00034	0.98541
730 T	0.01424	0.00034	0.98542
731 T	0.01423	0.00036	0.98542
732 C	0.01422	0.00037	0.98541
733 A	0.01422	0.00042	0.98536
734 T	0.01421	0.00047	0.98531
735 T	0.01419	0.00059	0.98523
736 G	0.01414	0.00066	0.9852
737 A	0.01399	0.00083	0.98518
738 A	0.01394	0.00089	0.98517
739 A	0.01393	0.00091	0.98517
740 C	0.01394	0.00088	0.98518
741 A	0.01397	0.00085	0.98518
742 T	0.01401	0.00081	0.98519
743 C	0.01403	0.00078	0.98519
744 T	0.01407	0.00076	0.98517
745 T	0.01409	0.00079	0.98513
746 T	0.01410	0.00081	0.98509
747 T	0.01410	0.00082	0.98509
748 G	0.01408	0.00084	0.98509
749 T	0.01405	0.00087	0.98509
750 A	0.01401	0.00091	0.98509
751 C	0.01399	0.00091	0.9851
752 C	0.01399	0.00091	0.9851
753 T	0.01401	0.00089	0.9851
754 C	0.01400	0.00090	0.9851
755 A	0.01400	0.00092	0.98508
756 A	0.01402	0.00092	0.98506
757 A	0.01406	0.00088	0.98506
758 T	0.01414	0.00078	0.98508
759 A	0.01415	0.00074	0.98511
760 T	0.01417	0.00057	0.98526
761 T	0.01417	0.00052	0.98531
762 T	0.01416	0.00051	0.98534
763 G	0.01413	0.00052	0.98534
764 G	0.01412	0.00053	0.98534
765 C	0.01411	0.00054	0.98535
766 C	0.01411	0.00055	0.98534
767 A	0.01413	0.00055	0.98532
768 T	0.01417	0.00055	0.98528
769 A	0.01420	0.00053	0.98528
770 A	0.01421	0.00052	0.98528
771 T	0.01421	0.00050	0.98529
772 T	0.01421	0.00045	0.98534
773 C	0.01421	0.00039	0.98539
774 T	0.01421	0.00039	0.98541
775 T	0.01421	0.00038	0.98541
776 T	0.01420	0.00040	0.98541
777 A	0.01416	0.00043	0.98541
778 T	0.01416	0.00042	0.98541
779 T	0.01415	0.00043	0.98542
780 A	0.01412	0.00047	0.98542
781 A	0.01410	0.00050	0.9854
782 T	0.01410	0.00051	0.98539
783 T	0.01407	0.00055	0.98538
784 T	0.01405	0.00063	0.98533
785 T	0.01401	0.00067	0.98531
786 A	0.01396	0.00073	0.98531
787 A	0.01395	0.00075	0.98531
788 T	0.01394	0.00075	0.98531
789 C	0.01389	0.00080	0.98532
790 A	0.01387	0.00083	0.9853
791 T	0.01389	0.00082	0.98529
792 A	0.01387	0.00085	0.98527
793 T	0.01387	0.00087	0.98526
794 A	0.01386	0.00090	0.98524
795 T	0.01386	0.00089	0.98525
796 T	0.01386	0.00089	0.98525
797 T	0.01385	0.00091	0.98524
798 A	0.01379	0.00097	0.98523
799 T	0.01376	0.00099	0.98525
800 T	0.01370	0.00103	0.98527
801 A	0.01353	0.00120	0.98527
802 G	0.01347	0.00123	0.98529
803 A	0.01341	0.00127	0.98532
804 A	0.01339	0.00125	0.98535
805 G	0.01339	0.00121	0.98539
806 C	0.01341	0.00115	0.98544
807 G	0.01347	0.00108	0.98545
808 T	0.01350	0.00103	0.98547
809 T	0.01352	0.00098	0.9855
810 A	0.01352	0.00097	0.98551
811 T	0.01353	0.00096	0.98552
812 T	0.01353	0.00090	0.98557
813 T	0.01353	0.00085	0.98561
814 G	0.01353	0.00084	0.98563
815 G	0.01354	0.00081	0.98565
816 T	0.01356	0.00078	0.98566
817 T	0.01357	0.00076	0.98567
818 T	0.01358	0.00076	0.98566
819 A	0.01358	0.00076	0.98565
820 A	0.01360	0.00073	0.98567
821 T	0.01361	0.00064	0.98575
822 T	0.01362	0.00058	0.9858
823 T	0.01363	0.00052	0.98586
824 T	0.01364	0.00039	0.98597
825 A	0.01363	0.00036	0.98601
826 T	0.01363	0.00031	0.98605
827 A	0.01363	0.00030	0.98608
828 T	0.01363	0.00028	0.98609
829 A	0.01363	0.00027	0.98611
830 G	0.01363	0.00026	0.98611
831 T	0.01363	0.00026	0.98611
832 T	0.01363	0.00027	0.9861
833 T	0.01363	0.00029	0.98608
834 G	0.01362	0.00031	0.98606
835 G	0.01362	0.00037	0.986
836 T	0.01362	0.00047	0.98591
837 T	0.01362	0.00060	0.98578
838 T	0.01362	0.00074	0.98564
839 G	0.01360	0.00108	0.98532
840 G	0.01360	0.00169	0.98471
841 G	0.01360	0.00248	0.98393
842 T	0.01360	0.00314	0.98326
843 T	0.01360	0.00431	0.98209
844 A	0.01358	0.00451	0.98191
845 A	0.01358	0.00458	0.98184
846 T	0.01359	0.00460	0.98181
847 A	0.01359	0.00462	0.98178
848 C	0.01360	0.00462	0.98178
849 T	0.01362	0.00464	0.98174
850 T	0.01362	0.00465	0.98173
851 T	0.01360	0.00468	0.98171
852 A	0.01355	0.00473	0.98171
853 A	0.01353	0.00476	0.98171
854 A	0.01352	0.00477	0.9817
855 T	0.01354	0.00474	0.98172
856 C	0.01356	0.00472	0.98173
857 A	0.01358	0.00470	0.98172
858 A	0.01365	0.00463	0.98172
859 C	0.01379	0.00449	0.98172
860 T	0.01396	0.00435	0.98169
861 G	0.01410	0.00422	0.98168
862 G	0.01451	0.00380	0.98169
863 A	0.01525	0.00306	0.98169
864 T	0.01609	0.00221	0.98169
865 C	0.01664	0.00164	0.98172
866 T	0.01762	0.00067	0.98171
867 T	0.01777	0.00055	0.98168
868 T	0.01782	0.00059	0.98159
869 T	0.01782	0.00081	0.98138
870 T	0.01760	0.00142	0.98098
871 A	0.01698	0.00255	0.98048
872 T	0.01632	0.00365	0.98004
873 T	0.01528	0.00474	0.97997
874 G	0.01307	0.00707	0.97986
875 A	0.01166	0.00857	0.97977
876 A	0.01078	0.00958	0.97964
877 C	0.01006	0.01040	0.97953
878 A	0.00923	0.01186	0.97891
879 A	0.00889	0.01253	0.97859
880 A	0.00877	0.01303	0.97821
881 A	0.00872	0.01351	0.97777
882 A	0.00871	0.01358	0.97771
883 A	0.00874	0.01354	0.97772
884 T	0.00875	0.01351	0.97774
885 T	0.00875	0.01350	0.97775
886 C	0.00874	0.01350	0.97775
887 C	0.00872	0.01354	0.97774
888 G	0.00870	0.01364	0.97765
889 A	0.00871	0.01372	0.97757
890 A	0.00875	0.01381	0.97745
891 A	0.00886	0.01377	0.97738
892 A	0.00912	0.01353	0.97734
893 A	0.00952	0.01273	0.97775
894 A	0.00998	0.01119	0.97883
895 T	0.01041	0.00968	0.9799
896 G	0.01050	0.00840	0.98111
897 T	0.01067	0.00646	0.98287
898 G	0.01079	0.00529	0.98392
899 A	0.01098	0.00453	0.98449
900 A	0.01114	0.00376	0.9851
901 T	0.01174	0.00240	0.98585
902 G	0.01198	0.00184	0.98619
903 G	0.01232	0.00138	0.9863
904 C	0.01272	0.00093	0.98635
905 T	0.01280	0.00095	0.98626
906 T	0.01282	0.00101	0.98617
907 T	0.01283	0.00112	0.98605
908 T	0.01284	0.00122	0.98594
909 G	0.01284	0.00131	0.98585
910 G	0.01286	0.00137	0.98577
911 T	0.01296	0.00145	0.98559
912 A	0.01303	0.00157	0.9854
913 T	0.01316	0.00152	0.98532
914 A	0.01323	0.00153	0.98524
915 T	0.01330	0.00151	0.98519
916 T	0.01332	0.00155	0.98513
917 T	0.01334	0.00157	0.98509
918 T	0.01334	0.00162	0.98504
919 T	0.01334	0.00167	0.98499
920 T	0.01332	0.00170	0.98498
921 A	0.01325	0.00177	0.98498
922 T	0.01325	0.00177	0.98498
923 T	0.01320	0.00182	0.98498
924 C	0.01312	0.00190	0.98498
925 G	0.01308	0.00195	0.98498
926 A	0.01308	0.00195	0.98498
927 A	0.01312	0.00191	0.98497
928 T	0.01330	0.00173	0.98496
929 C	0.01342	0.00162	0.98496
930 T	0.01361	0.00145	0.98495
931 T	0.01370	0.00136	0.98494
932 T	0.01377	0.00129	0.98493
933 G	0.01381	0.00126	0.98493
934 C	0.01397	0.00110	0.98493
935 T	0.01417	0.00092	0.98492
936 T	0.01427	0.00085	0.98489
937 T	0.01434	0.00079	0.98487
938 G	0.01438	0.00077	0.98485
939 T	0.01442	0.00075	0.98482
940 A	0.01443	0.00076	0.98481
941 T	0.01448	0.00073	0.98479
942 T	0.01450	0.00075	0.98475
943 T	0.01449	0.00078	0.98473
944 T	0.01445	0.00078	0.98477
945 T	0.01430	0.00100	0.98469
946 A	0.01406	0.00130	0.98463
947 T	0.01391	0.00147	0.98462
948 G	0.01374	0.00178	0.98447
949 G	0.01366	0.00229	0.98405
950 A	0.01362	0.00259	0.98379
951 A	0.01361	0.00285	0.98354
952 A	0.01361	0.00296	0.98342
953 T	0.01362	0.00301	0.98337
954 T	0.01359	0.00313	0.98327
955 T	0.01355	0.00341	0.98305
956 T	0.01345	0.00408	0.98247
957 A	0.01329	0.00585	0.98086
958 A	0.01322	0.00781	0.97896
959 T	0.01319	0.00833	0.97848
960 T	0.01302	0.00887	0.97811
961 A	0.01265	0.00987	0.97748
962 T	0.01255	0.01023	0.97722
963 A	0.01238	0.01061	0.97701
964 A	0.01235	0.01071	0.97694
965 T	0.01239	0.01067	0.97694
966 T	0.01241	0.01060	0.97698
967 A	0.01237	0.01058	0.97704
968 T	0.01244	0.01033	0.97723
969 G	0.01246	0.01010	0.97744
970 C	0.01254	0.00989	0.97758
971 G	0.01272	0.00963	0.97765
972 T	0.01321	0.00913	0.97766
973 A	0.01342	0.00897	0.9776
974 T	0.01366	0.00879	0.97755
975 T	0.01372	0.00883	0.97745
976 A	0.01366	0.00908	0.97726
977 G	0.01370	0.00906	0.97724
978 A	0.01391	0.00889	0.97719
979 G	0.01453	0.00825	0.97721
980 A	0.01635	0.00636	0.97729
981 T	0.01870	0.00400	0.9773
982 T	0.01918	0.00367	0.97715
983 A	0.01936	0.00370	0.97694
984 T	0.01970	0.00340	0.97689
985 T	0.01975	0.00427	0.97598
986 T	0.01969	0.00515	0.97516
987 A	0.01939	0.00695	0.97365
988 T	0.01923	0.00824	0.97253
989 T	0.01865	0.01073	0.97061
990 T	0.01724	0.01353	0.96923
991 G	0.01439	0.01776	0.96785
992 G	0.01076	0.02391	0.96534
993 A	0.00956	0.02835	0.96209
994 A	0.00906	0.03026	0.96068
995 A	0.00891	0.03123	0.95986
996 A	0.00891	0.03169	0.9594
997 A	0.00892	0.03202	0.95906
998 A	0.00904	0.03194	0.95902
999 T	0.00927	0.03165	0.95908
1000 A	0.00933	0.03159	0.95908
1001 G	0.00943	0.03146	0.9591
1002 T	0.00955	0.03133	0.95912
1003 A	0.00963	0.03124	0.95913
1004 A	0.00974	0.03111	0.95914
1005 A	0.01000	0.03082	0.95918
1006 A	0.01043	0.03034	0.95922
1007 A	0.01095	0.02971	0.95934
1008 T	0.01227	0.02814	0.95959
1009 G	0.01328	0.02676	0.95995
1010 G	0.01499	0.02452	0.96049
1011 A	0.01656	0.02245	0.96098
1012 T	0.01929	0.01861	0.9621
1013 T	0.02088	0.01550	0.96363
1014 A	0.02211	0.01195	0.96594
1015 C	0.02436	0.00649	0.96914
1016 T	0.02717	0.00286	0.96997
1017 T	0.02821	0.00145	0.97033
1018 T	0.02876	0.00076	0.97047
1019 A	0.02906	0.00039	0.97055
1020 G	0.02937	0.00000	0.97062
