# lcl|CP097583.1_cds_USQ93517.1_1
# AA	inside	membr	outside
1 A	0.37065	0.00000	0.62934
2 T	0.36535	0.00530	0.62934
3 G	0.36253	0.00812	0.62934
4 A	0.36253	0.02381	0.61365
5 A	0.35069	0.04456	0.60474
6 A	0.35069	0.04629	0.60301
7 A	0.34021	0.05752	0.60226
8 A	0.34021	0.05755	0.60224
9 A	0.33571	0.06248	0.60181
10 T	0.33570	0.07754	0.58676
11 T	0.33337	0.08174	0.58488
12 A	0.23292	0.18371	0.58337
13 A	0.09379	0.33037	0.57584
14 A	0.09376	0.33040	0.57583
15 A	0.09376	0.34207	0.56416
16 A	0.09272	0.34311	0.56416
17 A	0.09171	0.34419	0.56411
18 A	0.09168	0.34433	0.564
19 T	0.09150	0.34457	0.56393
20 A	0.08898	0.35149	0.55953
21 T	0.08657	0.35331	0.56012
22 T	0.08986	0.34928	0.56085
23 T	0.09197	0.34471	0.56332
24 T	0.09372	0.34142	0.56485
25 T	0.09376	0.33437	0.57187
26 C	0.09163	0.33470	0.57368
27 T	0.09545	0.33325	0.5713
28 A	0.09482	0.33517	0.57
29 A	0.09427	0.33790	0.56783
30 A	0.09496	0.33250	0.57254
31 A	0.09547	0.33173	0.5728
32 T	0.09720	0.31629	0.58651
33 A	0.10840	0.29683	0.59477
34 A	0.11065	0.28684	0.60252
35 A	0.11428	0.19638	0.68934
36 T	0.12238	0.06968	0.80794
37 T	0.12346	0.06558	0.81096
38 T	0.12938	0.05934	0.81128
39 A	0.12885	0.06449	0.80666
40 A	0.12884	0.06601	0.80516
41 G	0.12894	0.06598	0.80508
42 A	0.12922	0.06620	0.80458
43 A	0.13355	0.05933	0.80712
44 A	0.13436	0.05639	0.80925
45 T	0.13624	0.05382	0.80994
46 T	0.13720	0.05151	0.81129
47 G	0.13800	0.04927	0.81273
48 T	0.13969	0.04591	0.8144
49 A	0.14084	0.04398	0.81519
50 T	0.14416	0.03784	0.81801
51 T	0.14752	0.03057	0.82191
52 T	0.14937	0.02710	0.82354
53 T	0.14993	0.02553	0.82454
54 C	0.15028	0.02461	0.82511
55 T	0.15073	0.02424	0.82503
56 T	0.15146	0.02343	0.82511
57 T	0.15243	0.02242	0.82515
58 T	0.15328	0.02163	0.82508
59 T	0.15420	0.02081	0.82499
60 A	0.15448	0.02052	0.825
61 C	0.15586	0.01879	0.82535
62 T	0.16077	0.01377	0.82547
63 T	0.16308	0.01181	0.82511
64 A	0.16397	0.01128	0.82476
65 T	0.16593	0.00937	0.82469
66 T	0.16633	0.00923	0.82443
67 T	0.16695	0.00865	0.8244
68 T	0.16680	0.00886	0.82434
69 C	0.16572	0.01019	0.82408
70 T	0.16547	0.01141	0.82312
71 A	0.16491	0.01332	0.82176
72 T	0.16526	0.01572	0.81902
73 T	0.16450	0.01873	0.81677
74 T	0.16336	0.02018	0.81646
75 T	0.15873	0.02508	0.81619
76 A	0.15165	0.03236	0.81599
77 T	0.14519	0.03882	0.81599
78 C	0.13671	0.04737	0.81592
79 G	0.13103	0.05396	0.81501
80 A	0.12837	0.05782	0.81381
81 G	0.12743	0.05962	0.81296
82 T	0.12697	0.06164	0.81139
83 T	0.12595	0.06511	0.80895
84 A	0.12346	0.07229	0.80425
85 A	0.12268	0.07839	0.79893
86 T	0.12217	0.08305	0.79478
87 A	0.11997	0.09154	0.78849
88 A	0.11955	0.09212	0.78832
89 T	0.11947	0.09229	0.78824
90 T	0.11833	0.09302	0.78865
91 A	0.11661	0.09410	0.78929
92 C	0.11545	0.09414	0.79041
93 A	0.11544	0.09437	0.79018
94 A	0.11620	0.09337	0.79043
95 T	0.11884	0.08961	0.79155
96 T	0.12050	0.08667	0.79282
97 T	0.12013	0.08624	0.79363
98 T	0.11902	0.08272	0.79826
99 A	0.11682	0.07875	0.80443
100 G	0.11488	0.07426	0.81086
101 A	0.11101	0.07136	0.81763
102 T	0.11070	0.06684	0.82247
103 C	0.10806	0.06983	0.82212
104 A	0.10203	0.08431	0.81366
105 A	0.09545	0.09914	0.80541
106 A	0.09530	0.10203	0.80267
107 A	0.09254	0.10749	0.79997
108 G	0.09357	0.11028	0.79615
109 A	0.09626	0.11387	0.78987
110 T	0.10017	0.11899	0.78083
111 A	0.09532	0.13467	0.77
112 T	0.09321	0.14161	0.76517
113 T	0.08985	0.14961	0.76053
114 A	0.08264	0.15665	0.76071
115 A	0.07796	0.16071	0.76133
116 A	0.07475	0.16312	0.76213
117 T	0.07334	0.16384	0.76282
118 C	0.06765	0.16947	0.76288
119 G	0.06135	0.17762	0.76103
120 A	0.05805	0.18082	0.76114
121 G	0.05621	0.18212	0.76166
122 A	0.05516	0.18216	0.76267
123 A	0.05534	0.18052	0.76414
124 C	0.05665	0.17404	0.76931
125 A	0.05825	0.17109	0.77067
126 A	0.06129	0.16517	0.77354
127 A	0.06971	0.15127	0.77902
128 T	0.07802	0.13582	0.78616
129 A	0.08036	0.13215	0.7875
130 A	0.08489	0.11965	0.79546
131 G	0.09031	0.10824	0.80144
132 A	0.09868	0.09626	0.80507
133 T	0.11414	0.07579	0.81008
134 T	0.12537	0.05805	0.81658
135 T	0.12903	0.05323	0.81774
136 T	0.12858	0.05748	0.81394
137 A	0.12457	0.06918	0.80625
138 T	0.12241	0.07244	0.80515
139 A	0.11787	0.07900	0.80314
140 A	0.11711	0.08084	0.80204
141 T	0.11773	0.07487	0.80739
142 T	0.11896	0.06824	0.8128
143 T	0.11858	0.06610	0.81531
144 T	0.11714	0.06722	0.81565
145 C	0.11356	0.07232	0.81412
146 A	0.11012	0.08279	0.80709
147 T	0.10851	0.08794	0.80354
148 A	0.10440	0.09501	0.80059
149 A	0.10225	0.09925	0.7985
150 A	0.09834	0.10555	0.79612
151 A	0.09431	0.11093	0.79476
152 T	0.09024	0.11553	0.79423
153 A	0.07768	0.13043	0.79189
154 A	0.07213	0.13638	0.79149
155 G	0.07021	0.13838	0.7914
156 A	0.06975	0.13954	0.79071
157 G	0.07042	0.13833	0.79125
158 A	0.07305	0.13477	0.79219
159 A	0.08152	0.12292	0.79556
160 T	0.09558	0.10486	0.79957
161 T	0.09982	0.09818	0.802
162 C	0.10236	0.09175	0.80589
163 A	0.10358	0.08970	0.80672
164 T	0.10382	0.08848	0.8077
165 C	0.10145	0.09000	0.80855
166 A	0.09969	0.09187	0.80844
167 C	0.10019	0.09088	0.80893
168 A	0.10091	0.09019	0.80891
169 T	0.10726	0.08320	0.80955
170 T	0.10854	0.08239	0.80907
171 A	0.10365	0.08862	0.80772
172 G	0.10150	0.09300	0.8055
173 A	0.10232	0.09151	0.80617
174 A	0.10220	0.08972	0.80809
175 A	0.10234	0.08615	0.81151
176 T	0.10484	0.07284	0.82233
177 T	0.10438	0.06931	0.82631
178 A	0.10230	0.06933	0.82836
179 A	0.10073	0.06954	0.82973
180 A	0.09953	0.06963	0.83084
181 G	0.09881	0.06933	0.83186
182 C	0.09856	0.06906	0.83239
183 A	0.09865	0.06896	0.83239
184 G	0.09882	0.06865	0.83253
185 T	0.09912	0.06829	0.8326
186 A	0.09920	0.06822	0.83259
187 A	0.09939	0.06773	0.83288
188 T	0.10000	0.06384	0.83616
189 A	0.10047	0.06058	0.83895
190 A	0.10108	0.05759	0.84133
191 C	0.10458	0.04981	0.84561
192 T	0.10706	0.04697	0.84597
193 A	0.10858	0.04460	0.84683
194 A	0.11335	0.03582	0.85083
195 T	0.11884	0.02754	0.85363
196 T	0.12301	0.02241	0.85458
197 T	0.12535	0.01772	0.85694
198 T	0.12659	0.01460	0.8588
199 T	0.12699	0.01305	0.85995
200 T	0.12717	0.01160	0.86122
201 G	0.12702	0.00998	0.86301
202 T	0.12704	0.00836	0.8646
203 A	0.12688	0.00738	0.86574
204 T	0.12686	0.00657	0.86658
205 T	0.12674	0.00619	0.86706
206 C	0.12623	0.00644	0.86733
207 T	0.12582	0.00688	0.86729
208 G	0.12541	0.00741	0.86718
209 T	0.12528	0.00759	0.86713
210 A	0.12481	0.00811	0.86708
211 G	0.12456	0.00840	0.86704
212 A	0.12450	0.00837	0.86713
213 A	0.12467	0.00810	0.86723
214 G	0.12485	0.00782	0.86732
215 T	0.12575	0.00689	0.86736
216 T	0.12628	0.00635	0.86737
217 T	0.12654	0.00616	0.8673
218 T	0.12667	0.00620	0.86712
219 A	0.12671	0.00647	0.86681
220 T	0.12681	0.00659	0.8666
221 T	0.12684	0.00708	0.86607
222 A	0.12686	0.00787	0.86528
223 T	0.12702	0.00834	0.86464
224 T	0.12706	0.00856	0.86438
225 A	0.12694	0.00885	0.86421
226 T	0.12696	0.00870	0.86434
227 T	0.12691	0.00865	0.86444
228 A	0.12662	0.00877	0.86461
229 G	0.12651	0.00826	0.86523
230 G	0.12652	0.00773	0.86575
231 T	0.12664	0.00717	0.86619
232 T	0.12666	0.00691	0.86643
233 A	0.12660	0.00666	0.86675
234 T	0.12659	0.00644	0.86697
235 T	0.12650	0.00643	0.86707
236 G	0.12632	0.00656	0.86712
237 G	0.12624	0.00662	0.86714
238 G	0.12622	0.00667	0.86711
239 G	0.12625	0.00669	0.86706
240 C	0.12637	0.00660	0.86703
241 G	0.12659	0.00639	0.86702
242 A	0.12698	0.00603	0.867
243 A	0.12735	0.00568	0.86698
244 G	0.12808	0.00493	0.86699
245 C	0.12911	0.00394	0.86696
246 T	0.13018	0.00306	0.86676
247 T	0.13060	0.00272	0.86668
248 T	0.13075	0.00259	0.86666
249 T	0.13079	0.00269	0.86653
250 T	0.13078	0.00298	0.86624
251 T	0.13073	0.00340	0.86587
252 A	0.13060	0.00401	0.86538
253 T	0.13056	0.00449	0.86495
254 A	0.13046	0.00503	0.86451
255 T	0.13034	0.00544	0.86421
256 G	0.12896	0.00781	0.86323
257 G	0.12841	0.00850	0.86309
258 A	0.12805	0.00913	0.86282
259 G	0.12798	0.00914	0.86289
260 G	0.12796	0.00913	0.8629
261 C	0.12802	0.00910	0.86288
262 T	0.12808	0.00918	0.86275
263 C	0.12806	0.00931	0.86263
264 G	0.12798	0.00950	0.86252
265 A	0.12796	0.00962	0.86243
266 A	0.12788	0.00979	0.86234
267 A	0.12780	0.00991	0.86229
268 C	0.12791	0.00983	0.86227
269 T	0.12824	0.00951	0.86226
270 T	0.12840	0.00935	0.86225
271 A	0.12844	0.00930	0.86226
272 A	0.12858	0.00914	0.86228
273 C	0.12888	0.00880	0.86232
274 T	0.12950	0.00807	0.86243
275 C	0.12992	0.00753	0.86255
276 T	0.13040	0.00702	0.86258
277 A	0.13044	0.00695	0.86262
278 A	0.13059	0.00673	0.86267
279 T	0.13137	0.00463	0.864
280 C	0.13125	0.00425	0.86449
281 C	0.13067	0.00445	0.86488
282 T	0.13037	0.00476	0.86486
283 C	0.13015	0.00512	0.86472
284 T	0.12986	0.00579	0.86436
285 T	0.12949	0.00659	0.86392
286 A	0.12892	0.00726	0.86381
287 T	0.12872	0.00749	0.86379
288 A	0.12766	0.00883	0.86351
289 T	0.12715	0.00914	0.86371
290 C	0.12661	0.00947	0.86392
291 T	0.12576	0.01040	0.86385
292 T	0.12424	0.01215	0.86362
293 C	0.12120	0.01616	0.86264
294 A	0.11842	0.01934	0.86223
295 A	0.11565	0.02229	0.86206
296 A	0.11449	0.02349	0.86202
297 A	0.11227	0.02571	0.86202
298 C	0.11009	0.02793	0.86198
299 A	0.10600	0.03305	0.86095
300 A	0.10454	0.03555	0.85991
301 A	0.09941	0.04087	0.85972
302 A	0.09737	0.04289	0.85973
303 A	0.09620	0.04396	0.85984
304 T	0.09514	0.04365	0.86121
305 C	0.09349	0.04472	0.86179
306 T	0.09265	0.04563	0.86172
307 A	0.09192	0.04706	0.86102
308 G	0.09183	0.04690	0.86128
309 A	0.09164	0.04690	0.86146
310 T	0.09170	0.04654	0.86175
311 T	0.09181	0.04488	0.86331
312 C	0.09077	0.04485	0.86438
313 A	0.08983	0.04549	0.86468
314 C	0.08970	0.04481	0.86549
315 A	0.08969	0.04448	0.86582
316 T	0.09041	0.04268	0.86691
317 T	0.09042	0.04193	0.86765
318 C	0.08996	0.04063	0.86941
319 A	0.08793	0.04261	0.86946
320 A	0.08686	0.04217	0.87098
321 A	0.08649	0.04068	0.87283
322 G	0.08724	0.03611	0.87664
323 A	0.08828	0.03395	0.87778
324 T	0.08861	0.02661	0.88478
325 G	0.08839	0.02305	0.88856
326 T	0.08846	0.02036	0.89118
327 T	0.08804	0.01819	0.89376
328 G	0.08609	0.01830	0.8956
329 C	0.08502	0.01855	0.89643
330 T	0.08453	0.01949	0.89598
331 G	0.08155	0.02382	0.89463
332 G	0.07892	0.02690	0.89418
333 T	0.07342	0.03378	0.89279
334 A	0.06423	0.04398	0.8918
335 A	0.05944	0.04857	0.89199
336 C	0.05317	0.05460	0.89222
337 G	0.04691	0.06267	0.89042
338 A	0.04016	0.07458	0.88526
339 A	0.03408	0.08510	0.88082
340 G	0.02920	0.09560	0.8752
341 A	0.02473	0.10947	0.8658
342 A	0.02139	0.11467	0.86394
343 G	0.01883	0.11853	0.86265
344 A	0.01573	0.12438	0.85989
345 A	0.01354	0.12891	0.85756
346 A	0.01239	0.13131	0.8563
347 A	0.01161	0.13256	0.85583
348 A	0.01092	0.13318	0.8559
349 G	0.01021	0.13385	0.85593
350 A	0.00982	0.13387	0.85631
351 A	0.00972	0.13227	0.85801
352 G	0.00981	0.13079	0.8594
353 A	0.01049	0.12899	0.86052
354 A	0.01173	0.12486	0.86341
355 A	0.01257	0.12078	0.86665
356 T	0.01423	0.11178	0.87398
357 G	0.01509	0.10275	0.88216
358 A	0.01609	0.09797	0.88594
359 A	0.01716	0.09191	0.89093
360 A	0.01907	0.08499	0.89594
361 G	0.02319	0.07396	0.90286
362 A	0.02772	0.06463	0.90765
363 A	0.03493	0.05368	0.91139
364 T	0.04610	0.03828	0.91562
365 T	0.05023	0.03146	0.91831
366 A	0.05221	0.02807	0.91972
367 A	0.05474	0.02281	0.92244
368 T	0.05690	0.01970	0.92341
369 T	0.05783	0.02070	0.92147
370 G	0.05757	0.03166	0.91077
371 A	0.05601	0.03745	0.90653
372 T	0.05603	0.03795	0.90602
373 T	0.05412	0.04156	0.90432
374 T	0.05054	0.04698	0.90249
375 C	0.03981	0.05974	0.90045
376 T	0.03411	0.07408	0.89182
377 T	0.02988	0.08373	0.88639
378 A	0.02419	0.09339	0.88242
379 A	0.02177	0.09789	0.88034
380 A	0.02019	0.10006	0.87975
381 A	0.01869	0.10145	0.87986
382 A	0.01823	0.10167	0.8801
383 G	0.01859	0.10103	0.88038
384 A	0.01855	0.10095	0.88049
385 C	0.02005	0.09932	0.88063
386 C	0.02136	0.09797	0.88067
387 T	0.02218	0.09717	0.88065
388 C	0.02245	0.09692	0.88064
389 A	0.02286	0.09654	0.8806
390 A	0.02349	0.09596	0.88056
391 A	0.02506	0.09440	0.88054
392 A	0.02821	0.09110	0.88069
393 A	0.03970	0.07896	0.88134
394 T	0.04651	0.06778	0.8857
395 A	0.04810	0.06416	0.88774
396 T	0.05165	0.05624	0.89211
397 A	0.05405	0.04960	0.89634
398 C	0.05679	0.03418	0.90903
399 T	0.06512	0.02100	0.91388
400 T	0.06886	0.01389	0.91725
401 C	0.06998	0.01109	0.91894
402 T	0.06784	0.01716	0.915
403 A	0.06085	0.03166	0.90749
404 T	0.05402	0.03926	0.90672
405 A	0.03229	0.06340	0.90431
406 G	0.02434	0.07134	0.90432
407 G	0.02142	0.07375	0.90484
408 A	0.01928	0.07578	0.90494
409 G	0.01835	0.07640	0.90524
410 C	0.01759	0.07706	0.90535
411 T	0.01703	0.07773	0.90523
412 A	0.01639	0.07854	0.90507
413 A	0.01602	0.07895	0.90503
414 A	0.01594	0.07896	0.90509
415 A	0.01595	0.07888	0.90517
416 T	0.01599	0.07840	0.90562
417 A	0.01593	0.07817	0.9059
418 C	0.01590	0.07772	0.90638
419 C	0.01589	0.07764	0.90646
420 T	0.01591	0.07760	0.90649
421 A	0.01590	0.07761	0.90649
422 A	0.01597	0.07747	0.90655
423 A	0.01639	0.07692	0.90669
424 G	0.01779	0.07434	0.90787
425 G	0.02287	0.06239	0.91474
426 T	0.03111	0.04509	0.9238
427 A	0.03286	0.03589	0.93125
428 T	0.03508	0.01600	0.94892
429 T	0.03553	0.00951	0.95496
430 T	0.03588	0.00680	0.95732
431 T	0.03595	0.00541	0.95864
432 A	0.03562	0.00631	0.95807
433 T	0.03559	0.00662	0.95779
434 T	0.03513	0.00924	0.95563
435 A	0.03218	0.01639	0.95144
436 G	0.02688	0.02514	0.94799
437 A	0.01999	0.03448	0.94553
438 A	0.01485	0.03981	0.94533
439 G	0.01391	0.04072	0.94538
440 G	0.01353	0.04103	0.94544
441 C	0.01345	0.04104	0.94551
442 C	0.01342	0.04106	0.94552
443 C	0.01340	0.04107	0.94553
444 T	0.01328	0.04119	0.94553
445 C	0.01287	0.04160	0.94553
446 C	0.01235	0.04214	0.94552
447 T	0.01199	0.04254	0.94547
448 G	0.01170	0.04283	0.94547
449 G	0.01159	0.04296	0.94545
450 A	0.01150	0.04307	0.94543
451 A	0.01145	0.04312	0.94542
452 C	0.01152	0.04286	0.94563
453 A	0.01143	0.04296	0.94562
454 G	0.01202	0.04226	0.94571
455 G	0.01342	0.04060	0.94598
456 A	0.01463	0.03929	0.94607
457 A	0.01714	0.03637	0.94649
458 A	0.02131	0.02889	0.94981
459 A	0.02477	0.02016	0.95507
460 A	0.02712	0.01097	0.96192
461 C	0.02758	0.00551	0.96691
462 T	0.02779	0.00459	0.96763
463 T	0.02782	0.00433	0.96784
464 T	0.02772	0.00443	0.96785
465 A	0.02703	0.00516	0.9678
466 T	0.02640	0.00572	0.96788
467 T	0.02524	0.00657	0.96819
468 A	0.02330	0.00808	0.96862
469 G	0.02231	0.00855	0.96914
470 C	0.02133	0.00934	0.96933
471 G	0.02038	0.01058	0.96905
472 A	0.01993	0.01124	0.96883
473 A	0.01985	0.01141	0.96874
474 A	0.01971	0.01164	0.96866
475 G	0.01967	0.01165	0.96868
476 C	0.01969	0.01120	0.96912
477 T	0.01973	0.01115	0.96912
478 T	0.01973	0.01112	0.96915
479 T	0.01970	0.01112	0.96918
480 A	0.01963	0.01119	0.96919
481 G	0.01960	0.01118	0.96922
482 C	0.01956	0.01109	0.96936
483 T	0.01945	0.01117	0.96938
484 G	0.01914	0.01146	0.9694
485 G	0.01894	0.01164	0.96942
486 A	0.01878	0.01177	0.96945
487 G	0.01878	0.01163	0.96959
488 A	0.01883	0.01063	0.97053
489 A	0.01885	0.00951	0.97164
490 G	0.01890	0.00783	0.97328
491 C	0.01900	0.00590	0.9751
492 A	0.01909	0.00533	0.97558
493 A	0.01930	0.00454	0.97615
494 A	0.01973	0.00349	0.97678
495 T	0.02007	0.00277	0.97717
496 G	0.02022	0.00250	0.97728
497 T	0.02041	0.00204	0.97755
498 A	0.02047	0.00182	0.97771
499 C	0.02051	0.00158	0.97791
500 C	0.02061	0.00143	0.97796
501 T	0.02067	0.00134	0.97798
502 T	0.02070	0.00130	0.978
503 T	0.02072	0.00126	0.97802
504 T	0.02070	0.00127	0.97802
505 T	0.02065	0.00128	0.97807
506 A	0.02057	0.00119	0.97824
507 T	0.02053	0.00089	0.97858
508 G	0.02049	0.00070	0.9788
509 C	0.02048	0.00053	0.97899
510 T	0.02046	0.00051	0.97903
511 G	0.02044	0.00052	0.97904
512 T	0.02042	0.00053	0.97905
513 A	0.02037	0.00058	0.97906
514 T	0.02034	0.00060	0.97906
515 C	0.02031	0.00061	0.97908
516 T	0.02030	0.00062	0.97908
517 G	0.02027	0.00065	0.97908
518 G	0.02027	0.00065	0.97909
519 T	0.02026	0.00065	0.97909
520 T	0.02025	0.00067	0.97908
521 C	0.02024	0.00067	0.97909
522 T	0.02024	0.00068	0.97909
523 G	0.02022	0.00070	0.97908
524 A	0.02022	0.00071	0.97907
525 A	0.02022	0.00071	0.97907
526 T	0.02023	0.00070	0.97908
527 T	0.02023	0.00064	0.97912
528 T	0.02022	0.00059	0.97919
529 G	0.02018	0.00055	0.97927
530 T	0.02016	0.00052	0.97932
531 T	0.02012	0.00054	0.97935
532 G	0.02009	0.00057	0.97934
533 A	0.02008	0.00058	0.97934
534 A	0.02007	0.00057	0.97936
535 A	0.02007	0.00055	0.97938
536 T	0.02007	0.00049	0.97944
537 G	0.02006	0.00046	0.97947
538 T	0.02006	0.00043	0.97951
539 A	0.02006	0.00041	0.97953
540 C	0.02006	0.00037	0.97957
541 G	0.02006	0.00037	0.97957
542 T	0.02006	0.00036	0.97958
543 C	0.02005	0.00036	0.97959
544 G	0.02005	0.00036	0.97959
545 G	0.02005	0.00036	0.97959
546 T	0.02006	0.00034	0.9796
547 G	0.02005	0.00035	0.9796
548 T	0.02006	0.00035	0.97959
549 T	0.02005	0.00035	0.9796
550 G	0.02002	0.00037	0.97961
551 G	0.02001	0.00036	0.97964
552 T	0.02001	0.00032	0.97967
553 G	0.02000	0.00030	0.9797
554 C	0.02001	0.00025	0.97974
555 T	0.02004	0.00021	0.97975
556 T	0.02004	0.00021	0.97975
557 C	0.02002	0.00022	0.97976
558 T	0.02000	0.00024	0.97976
559 C	0.01987	0.00037	0.97976
560 G	0.01977	0.00049	0.97974
561 T	0.01968	0.00060	0.97972
562 G	0.01956	0.00076	0.97969
563 T	0.01948	0.00085	0.97967
564 T	0.01926	0.00110	0.97964
565 A	0.01877	0.00165	0.97958
566 G	0.01855	0.00192	0.97953
567 A	0.01835	0.00223	0.97942
568 A	0.01821	0.00258	0.97921
569 A	0.01814	0.00275	0.97911
570 A	0.01809	0.00290	0.97901
571 T	0.01804	0.00303	0.97892
572 T	0.01797	0.00310	0.97893
573 A	0.01777	0.00330	0.97893
574 T	0.01771	0.00336	0.97892
575 T	0.01763	0.00345	0.97892
576 C	0.01751	0.00358	0.97891
577 A	0.01742	0.00375	0.97883
578 A	0.01738	0.00382	0.9788
579 A	0.01735	0.00386	0.97879
580 G	0.01733	0.00386	0.97881
581 A	0.01732	0.00386	0.97882
582 A	0.01728	0.00372	0.97901
583 G	0.01728	0.00351	0.97921
584 C	0.01729	0.00330	0.97942
585 T	0.01733	0.00317	0.9795
586 A	0.01734	0.00311	0.97955
587 A	0.01736	0.00297	0.97968
588 G	0.01741	0.00257	0.98002
589 G	0.01747	0.00238	0.98015
590 A	0.01757	0.00208	0.98035
591 T	0.01780	0.00169	0.98051
592 A	0.01789	0.00152	0.9806
593 A	0.01798	0.00133	0.98068
594 T	0.01808	0.00112	0.9808
595 G	0.01809	0.00094	0.98097
596 C	0.01811	0.00067	0.98122
597 T	0.01814	0.00056	0.98129
598 C	0.01816	0.00049	0.98135
599 C	0.01817	0.00045	0.98138
600 T	0.01824	0.00038	0.98137
601 T	0.01824	0.00038	0.98137
602 G	0.01815	0.00047	0.98138
603 T	0.01810	0.00052	0.98139
604 G	0.01800	0.00060	0.9814
605 T	0.01797	0.00058	0.98145
606 G	0.01791	0.00061	0.98148
607 C	0.01789	0.00061	0.9815
608 T	0.01790	0.00060	0.98149
609 T	0.01790	0.00061	0.98149
610 T	0.01787	0.00064	0.98149
611 T	0.01782	0.00069	0.98148
612 T	0.01773	0.00079	0.98148
613 A	0.01751	0.00102	0.98148
614 T	0.01741	0.00110	0.98148
615 T	0.01718	0.00134	0.98149
616 G	0.01681	0.00171	0.98149
617 A	0.01629	0.00222	0.98149
618 C	0.01569	0.00282	0.98149
619 G	0.01527	0.00324	0.98149
620 A	0.01476	0.00377	0.98147
621 A	0.01429	0.00425	0.98145
622 A	0.01400	0.00455	0.98144
623 T	0.01384	0.00473	0.98144
624 A	0.01362	0.00494	0.98144
625 G	0.01352	0.00494	0.98154
626 A	0.01347	0.00496	0.98156
627 T	0.01345	0.00492	0.98163
628 G	0.01341	0.00497	0.98162
629 T	0.01340	0.00497	0.98163
630 T	0.01333	0.00504	0.98163
631 T	0.01319	0.00518	0.98162
632 T	0.01301	0.00535	0.98163
633 A	0.01267	0.00567	0.98166
634 G	0.01256	0.00569	0.98174
635 G	0.01249	0.00562	0.98189
636 T	0.01244	0.00545	0.98211
637 G	0.01233	0.00547	0.9822
638 G	0.01225	0.00547	0.98228
639 A	0.01199	0.00577	0.98224
640 A	0.01187	0.00566	0.98247
641 A	0.01176	0.00539	0.98284
642 A	0.01171	0.00512	0.98317
643 A	0.01171	0.00463	0.98366
644 G	0.01171	0.00414	0.98415
645 A	0.01172	0.00382	0.98446
646 G	0.01174	0.00358	0.98469
647 G	0.01176	0.00339	0.98485
648 A	0.01179	0.00329	0.98492
649 G	0.01183	0.00321	0.98496
650 G	0.01188	0.00317	0.98496
651 T	0.01195	0.00314	0.98491
652 G	0.01198	0.00311	0.98492
653 T	0.01200	0.00309	0.9849
654 T	0.01199	0.00317	0.98484
655 T	0.01190	0.00346	0.98464
656 C	0.01172	0.00366	0.98462
657 A	0.01160	0.00449	0.98392
658 G	0.01147	0.00530	0.98323
659 A	0.01137	0.00628	0.98235
660 A	0.01134	0.00699	0.98167
661 G	0.01145	0.00695	0.98159
662 G	0.01170	0.00652	0.98179
663 A	0.01185	0.00626	0.98189
664 T	0.01199	0.00601	0.98199
665 C	0.01202	0.00595	0.98204
666 T	0.01197	0.00604	0.98199
667 C	0.01170	0.00646	0.98183
668 A	0.01141	0.00712	0.98147
669 A	0.01132	0.00753	0.98115
670 G	0.01124	0.00799	0.98076
671 A	0.01121	0.00859	0.9802
672 A	0.01122	0.00889	0.97989
673 A	0.01129	0.00897	0.97973
674 A	0.01140	0.00893	0.97967
675 A	0.01150	0.00881	0.97969
676 G	0.01170	0.00856	0.97975
677 A	0.01207	0.00811	0.97982
678 T	0.01262	0.00742	0.97996
679 C	0.01291	0.00695	0.98014
680 A	0.01347	0.00633	0.98021
681 A	0.01407	0.00565	0.98029
682 A	0.01485	0.00479	0.98036
683 C	0.01552	0.00405	0.98043
684 T	0.01563	0.00396	0.98041
685 T	0.01564	0.00395	0.98041
686 T	0.01553	0.00412	0.98035
687 A	0.01535	0.00431	0.98033
688 A	0.01519	0.00448	0.98032
689 A	0.01516	0.00440	0.98044
690 T	0.01536	0.00387	0.98077
691 C	0.01566	0.00327	0.98107
692 A	0.01596	0.00293	0.98111
693 A	0.01636	0.00248	0.98117
694 C	0.01688	0.00190	0.98122
695 T	0.01717	0.00159	0.98123
696 T	0.01730	0.00145	0.98125
697 C	0.01736	0.00136	0.98128
698 T	0.01737	0.00135	0.98129
699 T	0.01737	0.00134	0.98129
700 A	0.01737	0.00134	0.98129
701 C	0.01737	0.00133	0.9813
702 T	0.01736	0.00134	0.9813
703 G	0.01735	0.00133	0.98131
704 A	0.01735	0.00133	0.98132
705 A	0.01734	0.00134	0.98132
706 A	0.01734	0.00133	0.98134
707 T	0.01737	0.00114	0.98149
708 G	0.01737	0.00102	0.98161
709 G	0.01742	0.00090	0.98168
710 A	0.01743	0.00081	0.98175
711 T	0.01746	0.00070	0.98184
712 G	0.01746	0.00067	0.98187
713 G	0.01747	0.00064	0.98189
714 T	0.01747	0.00061	0.98192
715 T	0.01748	0.00058	0.98193
716 T	0.01748	0.00058	0.98194
717 C	0.01748	0.00058	0.98194
718 T	0.01747	0.00058	0.98194
719 C	0.01747	0.00058	0.98195
720 T	0.01746	0.00059	0.98195
721 T	0.01744	0.00061	0.98195
722 C	0.01744	0.00061	0.98195
723 A	0.01743	0.00062	0.98195
724 T	0.01743	0.00063	0.98195
725 C	0.01742	0.00062	0.98196
726 T	0.01742	0.00064	0.98194
727 A	0.01741	0.00068	0.98192
728 A	0.01741	0.00067	0.98192
729 A	0.01741	0.00067	0.98193
730 G	0.01742	0.00065	0.98192
731 G	0.01745	0.00059	0.98196
732 T	0.01756	0.00048	0.98197
733 A	0.01761	0.00043	0.98195
734 T	0.01768	0.00036	0.98195
735 T	0.01771	0.00034	0.98194
736 A	0.01771	0.00040	0.98189
737 T	0.01770	0.00046	0.98183
738 T	0.01769	0.00059	0.98172
739 A	0.01768	0.00083	0.9815
740 T	0.01767	0.00084	0.98148
741 T	0.01765	0.00088	0.98147
742 A	0.01760	0.00096	0.98145
743 T	0.01756	0.00099	0.98145
744 C	0.01724	0.00132	0.98144
745 G	0.01707	0.00149	0.98143
746 G	0.01704	0.00153	0.98143
747 A	0.01702	0.00156	0.98142
748 G	0.01701	0.00155	0.98143
749 C	0.01703	0.00153	0.98144
750 T	0.01706	0.00150	0.98144
751 A	0.01703	0.00153	0.98143
752 C	0.01703	0.00154	0.98143
753 T	0.01702	0.00161	0.98137
754 A	0.01702	0.00169	0.9813
755 A	0.01702	0.00177	0.98122
756 T	0.01704	0.00180	0.98116
757 A	0.01704	0.00182	0.98114
758 G	0.01706	0.00179	0.98115
759 A	0.01711	0.00173	0.98117
760 G	0.01717	0.00165	0.98118
761 C	0.01729	0.00151	0.9812
762 T	0.01751	0.00128	0.98121
763 G	0.01752	0.00127	0.98121
764 A	0.01754	0.00124	0.98123
765 T	0.01757	0.00116	0.98126
766 A	0.01758	0.00113	0.98129
767 T	0.01759	0.00079	0.98161
768 C	0.01760	0.00063	0.98177
769 T	0.01760	0.00062	0.98178
770 T	0.01760	0.00066	0.98174
771 A	0.01758	0.00077	0.98165
772 G	0.01757	0.00079	0.98164
773 A	0.01756	0.00084	0.98161
774 T	0.01748	0.00090	0.98163
775 G	0.01735	0.00101	0.98164
776 C	0.01732	0.00105	0.98163
777 A	0.01731	0.00109	0.9816
778 G	0.01736	0.00104	0.98159
779 C	0.01740	0.00102	0.98158
780 T	0.01742	0.00105	0.98153
781 T	0.01742	0.00119	0.98138
782 T	0.01740	0.00131	0.98128
783 A	0.01733	0.00153	0.98114
784 T	0.01728	0.00175	0.98096
785 T	0.01717	0.00209	0.98075
786 A	0.01678	0.00256	0.98065
787 A	0.01657	0.00278	0.98065
788 G	0.01649	0.00286	0.98065
789 A	0.01642	0.00292	0.98065
790 C	0.01638	0.00296	0.98067
791 C	0.01636	0.00298	0.98066
792 A	0.01635	0.00300	0.98065
793 G	0.01631	0.00305	0.98063
794 G	0.01631	0.00308	0.98061
795 A	0.01631	0.00315	0.98055
796 A	0.01633	0.00314	0.98053
797 G	0.01635	0.00301	0.98064
798 A	0.01637	0.00290	0.98073
799 T	0.01642	0.00279	0.98079
800 T	0.01646	0.00276	0.98078
801 T	0.01647	0.00283	0.98071
802 G	0.01646	0.00291	0.98063
803 A	0.01649	0.00300	0.98051
804 T	0.01661	0.00292	0.98046
805 A	0.01668	0.00289	0.98042
806 G	0.01681	0.00268	0.98052
807 A	0.01698	0.00248	0.98054
808 A	0.01718	0.00218	0.98063
809 T	0.01728	0.00172	0.981
810 C	0.01730	0.00153	0.98118
811 T	0.01730	0.00153	0.98117
812 T	0.01730	0.00155	0.98116
813 T	0.01724	0.00165	0.9811
814 A	0.01710	0.00186	0.98104
815 A	0.01701	0.00199	0.98101
816 A	0.01696	0.00199	0.98105
817 G	0.01695	0.00197	0.98108
818 T	0.01697	0.00205	0.98098
819 A	0.01696	0.00222	0.98082
820 G	0.01698	0.00241	0.98062
821 G	0.01702	0.00253	0.98045
822 A	0.01708	0.00253	0.98039
823 T	0.01718	0.00243	0.98039
824 T	0.01717	0.00245	0.98038
825 G	0.01713	0.00250	0.98038
826 C	0.01718	0.00250	0.98032
827 C	0.01719	0.00259	0.98023
828 A	0.01717	0.00301	0.97982
829 G	0.01717	0.00322	0.97962
830 A	0.01721	0.00331	0.97948
831 T	0.01727	0.00332	0.9794
832 G	0.01728	0.00337	0.97935
833 T	0.01730	0.00338	0.97931
834 T	0.01726	0.00349	0.97925
835 A	0.01715	0.00362	0.97923
836 A	0.01702	0.00373	0.97925
837 A	0.01692	0.00369	0.97939
838 G	0.01689	0.00363	0.97949
839 C	0.01690	0.00355	0.97955
840 A	0.01694	0.00350	0.97956
841 C	0.01706	0.00335	0.97959
842 G	0.01721	0.00321	0.97958
843 T	0.01742	0.00304	0.97955
844 G	0.01754	0.00292	0.97954
845 A	0.01761	0.00286	0.97952
846 A	0.01765	0.00282	0.97953
847 G	0.01772	0.00258	0.9797
848 C	0.01784	0.00234	0.97982
849 T	0.01805	0.00216	0.97979
850 A	0.01817	0.00217	0.97967
851 T	0.01855	0.00183	0.97962
852 T	0.01869	0.00183	0.97948
853 T	0.01873	0.00213	0.97915
854 T	0.01866	0.00281	0.97852
855 A	0.01835	0.00400	0.97765
856 A	0.01818	0.00568	0.97614
857 A	0.01812	0.00618	0.9757
858 A	0.01803	0.00623	0.97574
859 G	0.01799	0.00617	0.97584
860 T	0.01800	0.00604	0.97595
861 T	0.01796	0.00606	0.97598
862 C	0.01792	0.00607	0.97601
863 A	0.01789	0.00615	0.97595
864 T	0.01790	0.00614	0.97596
865 G	0.01791	0.00613	0.97596
866 C	0.01794	0.00610	0.97595
867 T	0.01796	0.00619	0.97586
868 C	0.01794	0.00634	0.97572
869 G	0.01794	0.00664	0.97543
870 T	0.01792	0.00720	0.97488
871 A	0.01786	0.00798	0.97416
872 A	0.01788	0.00827	0.97385
873 T	0.01802	0.00847	0.9735
874 A	0.01802	0.00950	0.97248
875 A	0.01819	0.00974	0.97208
876 A	0.01852	0.00952	0.97195
877 A	0.01918	0.00890	0.97192
878 A	0.02003	0.00782	0.97215
879 T	0.02163	0.00609	0.97229
880 A	0.02205	0.00557	0.97238
881 T	0.02217	0.00530	0.97253
882 T	0.02223	0.00516	0.97262
883 T	0.02226	0.00510	0.97264
884 C	0.02227	0.00505	0.97268
885 A	0.02228	0.00503	0.97269
886 T	0.02234	0.00495	0.97271
887 C	0.02234	0.00495	0.97271
888 T	0.02237	0.00498	0.97265
889 G	0.02243	0.00499	0.97259
890 A	0.02262	0.00490	0.97248
891 T	0.02290	0.00471	0.97238
892 A	0.02319	0.00470	0.97211
893 T	0.02376	0.00425	0.972
894 T	0.02445	0.00371	0.97184
895 A	0.02465	0.00399	0.97136
896 A	0.02491	0.00413	0.97096
897 T	0.02598	0.00306	0.97096
898 T	0.02636	0.00278	0.97086
899 T	0.02643	0.00280	0.97077
900 T	0.02645	0.00279	0.97076
901 C	0.02640	0.00286	0.97074
902 A	0.02636	0.00298	0.97066
903 T	0.02632	0.00308	0.97059
904 C	0.02623	0.00330	0.97047
905 A	0.02595	0.00410	0.96995
906 A	0.02484	0.00579	0.96937
907 T	0.02441	0.00627	0.96931
908 T	0.02375	0.00694	0.96931
909 A	0.02113	0.00959	0.96928
910 G	0.02023	0.01048	0.96929
911 C	0.01999	0.01074	0.96927
912 C	0.01982	0.01097	0.96922
913 A	0.01973	0.01133	0.96895
914 A	0.01976	0.01152	0.96872
915 A	0.01999	0.01150	0.96852
916 C	0.02012	0.01139	0.96848
917 A	0.02029	0.01128	0.96842
918 A	0.02074	0.01082	0.96844
919 A	0.02114	0.01039	0.96848
920 C	0.02128	0.01023	0.96849
921 T	0.02140	0.01009	0.9685
922 C	0.02145	0.00996	0.96858
923 C	0.02128	0.01012	0.96861
924 A	0.02109	0.01040	0.96851
925 G	0.02105	0.01054	0.96841
926 G	0.02103	0.01077	0.96819
927 A	0.02110	0.01137	0.96754
928 A	0.02151	0.01126	0.96723
929 T	0.02202	0.00925	0.96873
930 G	0.02202	0.00866	0.96932
931 A	0.02202	0.00802	0.96996
932 G	0.02203	0.00559	0.97239
933 C	0.02201	0.00487	0.97312
934 G	0.02201	0.00473	0.97325
935 G	0.02207	0.00464	0.97329
936 A	0.02232	0.00432	0.97335
937 G	0.02251	0.00406	0.97343
938 C	0.02267	0.00387	0.97345
939 T	0.02271	0.00396	0.97333
940 C	0.02268	0.00453	0.97279
941 A	0.02261	0.00805	0.96934
942 A	0.02258	0.00991	0.96751
943 T	0.02258	0.01196	0.96546
944 T	0.02256	0.01333	0.96411
945 A	0.02252	0.01419	0.96328
946 G	0.02254	0.01418	0.96328
947 G	0.02265	0.01395	0.96341
948 A	0.02275	0.01382	0.96344
949 G	0.02300	0.01352	0.96348
950 C	0.02370	0.01278	0.96352
951 T	0.02431	0.01227	0.96342
952 G	0.02436	0.01227	0.96336
953 T	0.02448	0.01220	0.96333
954 T	0.02456	0.01220	0.96324
955 T	0.02463	0.01224	0.96312
956 T	0.02467	0.01236	0.96298
957 A	0.02465	0.01268	0.96268
958 A	0.02467	0.01274	0.9626
959 A	0.02469	0.01281	0.96251
960 T	0.02470	0.01289	0.96241
961 G	0.02469	0.01290	0.96241
962 A	0.02491	0.01272	0.96237
963 A	0.02580	0.01185	0.96236
964 G	0.02922	0.00834	0.96244
965 C	0.03117	0.00636	0.96247
966 T	0.03336	0.00419	0.96245
967 T	0.03445	0.00315	0.96241
968 C	0.03486	0.00281	0.96233
969 T	0.03507	0.00296	0.96197
970 A	0.03506	0.00382	0.96112
971 T	0.03497	0.00483	0.9602
972 T	0.03453	0.00652	0.95896
973 T	0.03323	0.00848	0.95829
974 T	0.03085	0.01232	0.95683
975 A	0.02217	0.02284	0.955
976 A	0.01716	0.02857	0.95427
977 C	0.01367	0.03255	0.95378
978 A	0.01001	0.03836	0.95162
979 G	0.00866	0.04105	0.95029
980 T	0.00839	0.04244	0.94917
981 A	0.00709	0.04515	0.94776
982 A	0.00661	0.04643	0.94696
983 G	0.00639	0.04711	0.9465
984 A	0.00622	0.04738	0.9464
985 A	0.00620	0.04742	0.94638
986 A	0.00623	0.04740	0.94638
987 T	0.00621	0.04743	0.94636
988 C	0.00609	0.04767	0.94625
989 A	0.00592	0.04830	0.94577
990 A	0.00581	0.04889	0.9453
991 A	0.00571	0.04943	0.94486
992 A	0.00579	0.04969	0.94452
993 A	0.00653	0.04915	0.94432
994 G	0.00743	0.04760	0.94497
995 A	0.00848	0.04537	0.94614
996 A	0.00941	0.04201	0.94858
997 A	0.01139	0.03734	0.95127
998 T	0.01415	0.02713	0.95873
999 G	0.01467	0.02323	0.9621
1000 A	0.01500	0.01990	0.96511
1001 T	0.01633	0.01577	0.9679
1002 T	0.01681	0.01618	0.96702
1003 A	0.01679	0.01812	0.96509
1004 C	0.01695	0.01841	0.96465
1005 A	0.01637	0.02355	0.96007
1006 A	0.01614	0.02638	0.95748
1007 T	0.01581	0.02913	0.95506
1008 G	0.01366	0.03363	0.95271
1009 G	0.01042	0.04167	0.94791
1010 A	0.00875	0.04751	0.94374
1011 A	0.00851	0.04819	0.9433
1012 G	0.00861	0.04907	0.94232
1013 A	0.00888	0.04911	0.942
1014 A	0.00925	0.04876	0.94199
1015 C	0.00956	0.04844	0.942
1016 T	0.00975	0.04885	0.9414
1017 A	0.00968	0.04939	0.94092
1018 G	0.00969	0.04956	0.94075
1019 A	0.00970	0.04973	0.94057
1020 A	0.00977	0.04979	0.94045
1021 G	0.00998	0.04940	0.94062
1022 A	0.01072	0.04828	0.941
1023 A	0.01123	0.04717	0.9416
1024 G	0.01270	0.04503	0.94227
1025 C	0.01567	0.04116	0.94317
1026 G	0.01864	0.03772	0.94364
1027 A	0.02082	0.03492	0.94427
1028 T	0.02620	0.02864	0.94516
1029 T	0.02898	0.02541	0.9456
1030 G	0.03069	0.02336	0.94595
1031 A	0.03230	0.01953	0.94818
1032 T	0.03708	0.01119	0.95172
1033 C	0.04016	0.00650	0.95333
1034 G	0.04062	0.00600	0.95339
1035 T	0.04156	0.00536	0.95307
1036 G	0.04095	0.00702	0.95203
1037 T	0.04034	0.01021	0.94945
1038 G	0.03841	0.01350	0.94809
1039 T	0.03831	0.01517	0.94652
1040 T	0.03684	0.01948	0.94367
1041 A	0.03388	0.02681	0.93931
1042 A	0.03271	0.02933	0.93796
1043 T	0.03181	0.03066	0.93753
1044 G	0.02374	0.03883	0.93743
1045 G	0.01946	0.04313	0.93741
1046 G	0.01669	0.04595	0.93736
1047 G	0.01452	0.04815	0.93733
1048 C	0.01298	0.04969	0.93733
1049 C	0.01237	0.05031	0.93731
1050 A	0.01189	0.05086	0.93725
1051 G	0.01153	0.05128	0.93719
1052 C	0.01135	0.05151	0.93714
1053 T	0.01125	0.05177	0.93698
1054 A	0.01104	0.05231	0.93666
1055 A	0.01083	0.05276	0.93641
1056 A	0.01085	0.05293	0.93623
1057 A	0.01101	0.05261	0.93638
1058 A	0.01147	0.05138	0.93716
1059 A	0.01294	0.04845	0.93861
1060 T	0.01677	0.04320	0.94004
1061 C	0.01816	0.03917	0.94267
1062 A	0.01940	0.03797	0.94263
1063 A	0.02141	0.03554	0.94305
1064 T	0.02485	0.03054	0.94461
1065 T	0.02500	0.03063	0.94438
1066 A	0.02256	0.03455	0.94289
1067 A	0.02107	0.03115	0.94778
1068 A	0.01925	0.03235	0.9484
1069 T	0.01796	0.03225	0.9498
1070 A	0.01569	0.03894	0.94536
1071 T	0.01445	0.04491	0.94065
1072 A	0.01240	0.05096	0.93664
1073 A	0.01194	0.05424	0.93382
1074 T	0.01166	0.05694	0.93139
1075 G	0.01107	0.06015	0.92877
1076 A	0.01089	0.06457	0.92455
1077 A	0.01103	0.06583	0.92313
1078 G	0.01111	0.06697	0.92192
1079 A	0.01121	0.06757	0.92122
1080 A	0.01120	0.06787	0.92093
1081 G	0.01119	0.06823	0.92057
1082 A	0.01126	0.06839	0.92035
1083 A	0.01136	0.06844	0.9202
1084 A	0.01150	0.06822	0.92028
1085 G	0.01226	0.06712	0.92062
1086 A	0.01335	0.06595	0.9207
1087 A	0.01433	0.06476	0.92091
1088 A	0.01555	0.06288	0.92157
1089 A	0.01773	0.05827	0.924
1090 A	0.02170	0.05238	0.92591
1091 T	0.02641	0.04527	0.92831
1092 G	0.02820	0.04163	0.93017
1093 G	0.03478	0.03303	0.93219
1094 T	0.04179	0.02480	0.93341
1095 C	0.04549	0.01955	0.93495
1096 G	0.04813	0.01702	0.93485
1097 C	0.05135	0.01443	0.93422
1098 T	0.05428	0.01216	0.93357
1099 T	0.05715	0.00973	0.93313
1100 A	0.05770	0.00981	0.9325
1101 T	0.05758	0.01048	0.93195
1102 C	0.05459	0.01409	0.93132
1103 A	0.05180	0.01813	0.93007
1104 T	0.05025	0.02102	0.92873
1105 G	0.03930	0.03241	0.92829
1106 A	0.03533	0.03660	0.92806
1107 A	0.03291	0.03914	0.92795
1108 G	0.03130	0.04070	0.92801
1109 C	0.03018	0.04185	0.92798
1110 A	0.02875	0.04330	0.92795
1111 G	0.02797	0.04410	0.92792
1112 G	0.02743	0.04464	0.92793
1113 A	0.02700	0.04508	0.92792
1114 C	0.02684	0.04523	0.92794
1115 A	0.02673	0.04528	0.92799
1116 C	0.02668	0.04525	0.92808
1117 G	0.02668	0.04521	0.92811
1118 C	0.02679	0.04506	0.92815
1119 A	0.02724	0.04461	0.92815
1120 G	0.02824	0.04352	0.92825
1121 T	0.02932	0.04234	0.92834
1122 C	0.02989	0.04067	0.92944
1123 A	0.03053	0.03977	0.92971
1124 T	0.03149	0.03679	0.93172
1125 T	0.03217	0.03259	0.93525
1126 G	0.03287	0.02885	0.93829
1127 G	0.03397	0.02610	0.93994
1128 T	0.03451	0.01465	0.95085
1129 T	0.03466	0.01260	0.95274
1130 T	0.03367	0.01386	0.95248
1131 A	0.03174	0.02283	0.94542
1132 A	0.03100	0.02680	0.9422
1133 A	0.03033	0.03011	0.93956
1134 A	0.03018	0.03196	0.93785
1135 T	0.03008	0.03319	0.93673
1136 T	0.02979	0.03612	0.93409
1137 A	0.02918	0.03928	0.93154
1138 G	0.02847	0.04232	0.92921
1139 A	0.02682	0.04874	0.92444
1140 A	0.02524	0.05491	0.91986
1141 C	0.02452	0.05597	0.91952
1142 A	0.02400	0.05950	0.91649
1143 T	0.02374	0.06010	0.91616
1144 G	0.02343	0.06074	0.91583
1145 C	0.02328	0.06111	0.91561
1146 T	0.02317	0.06213	0.91471
1147 C	0.02295	0.06338	0.91367
1148 A	0.02280	0.06491	0.91229
1149 A	0.02212	0.06636	0.91151
1150 A	0.02201	0.06680	0.91119
1151 A	0.02240	0.06650	0.9111
1152 A	0.02451	0.06433	0.91116
1153 G	0.02743	0.06013	0.91244
1154 T	0.03535	0.05034	0.91431
1155 A	0.03815	0.04684	0.91501
1156 C	0.04117	0.04330	0.91552
1157 A	0.04265	0.04280	0.91455
1158 A	0.04200	0.04428	0.91372
1159 A	0.04346	0.04341	0.91313
1160 A	0.04468	0.04203	0.91329
1161 A	0.04682	0.03950	0.91367
1162 A	0.05200	0.03254	0.91545
1163 T	0.05742	0.02533	0.91725
1164 A	0.05806	0.02382	0.91812
1165 A	0.06109	0.02018	0.91874
1166 C	0.06223	0.01869	0.91908
1167 T	0.06313	0.01812	0.91875
1168 A	0.06354	0.01846	0.918
1169 T	0.06472	0.01746	0.91782
1170 T	0.06492	0.01724	0.91785
1171 A	0.06451	0.01760	0.91789
1172 T	0.06444	0.01681	0.91875
1173 T	0.06342	0.01744	0.91914
1174 C	0.05996	0.02068	0.91936
1175 C	0.05715	0.02352	0.91933
1176 A	0.05442	0.02656	0.91903
1177 A	0.05235	0.02883	0.91881
1178 G	0.05213	0.02915	0.91873
1179 A	0.05227	0.02907	0.91867
1180 G	0.05323	0.02769	0.91907
1181 G	0.05407	0.02424	0.92169
1182 T	0.05486	0.02230	0.92284
1183 T	0.05500	0.02073	0.92427
1184 C	0.05495	0.02021	0.92483
1185 A	0.05489	0.02017	0.92494
1186 G	0.05483	0.02010	0.92507
1187 C	0.05485	0.01974	0.92541
1188 A	0.05493	0.01955	0.92552
1189 G	0.05509	0.01931	0.92561
1190 G	0.05566	0.01852	0.92582
1191 T	0.05650	0.01747	0.92602
1192 G	0.05676	0.01709	0.92616
1193 G	0.05692	0.01545	0.92763
1194 T	0.05705	0.01413	0.92882
1195 T	0.05707	0.01553	0.9274
1196 A	0.05698	0.01523	0.92779
1197 T	0.05695	0.01304	0.93001
1198 A	0.05687	0.01159	0.93155
1199 A	0.05680	0.00988	0.93332
1200 C	0.05658	0.00929	0.93413
1201 T	0.05657	0.01409	0.92935
1202 T	0.05640	0.02305	0.92056
1203 A	0.05609	0.02928	0.91463
1204 A	0.05597	0.03155	0.91248
1205 T	0.05595	0.03288	0.91117
1206 G	0.05588	0.03314	0.91098
1207 T	0.05577	0.03319	0.91104
1208 T	0.05570	0.03321	0.91108
1209 G	0.05550	0.03338	0.91112
1210 C	0.05516	0.03371	0.91113
1211 C	0.05492	0.03402	0.91106
1212 T	0.05480	0.03427	0.91093
1213 G	0.05468	0.03456	0.91075
1214 A	0.05466	0.03476	0.91058
1215 A	0.05466	0.03487	0.91047
1216 A	0.05478	0.03486	0.91036
1217 A	0.05523	0.03450	0.91026
1218 A	0.05699	0.03284	0.91016
1219 G	0.05749	0.03224	0.91027
1220 A	0.05804	0.03159	0.91037
1221 A	0.05917	0.03032	0.9105
1222 A	0.06067	0.02838	0.91095
1223 C	0.06283	0.02557	0.9116
1224 C	0.06852	0.01970	0.91178
1225 T	0.07800	0.01012	0.91188
1226 T	0.08256	0.00552	0.91192
1227 C	0.08374	0.00431	0.91195
1228 T	0.08444	0.00362	0.91195
1229 T	0.08455	0.00346	0.91199
1230 T	0.08453	0.00333	0.91214
1231 T	0.08452	0.00322	0.91226
1232 C	0.08445	0.00313	0.91241
1233 T	0.08438	0.00303	0.91258
1234 T	0.08396	0.00373	0.91231
1235 C	0.08298	0.00515	0.91187
1236 T	0.07787	0.01329	0.90884
1237 A	0.06920	0.02509	0.90571
1238 A	0.06665	0.03029	0.90306
1239 A	0.06493	0.03478	0.90029
1240 A	0.06415	0.03680	0.89905
1241 A	0.06387	0.03751	0.89862
1242 A	0.06366	0.03796	0.89838
1243 A	0.06345	0.03836	0.89819
1244 G	0.06332	0.03854	0.89814
1245 A	0.06331	0.03860	0.89808
1246 A	0.06333	0.03864	0.89803
1247 T	0.06339	0.03858	0.89803
1248 G	0.06338	0.03859	0.89804
1249 T	0.06341	0.03852	0.89806
1250 T	0.06337	0.03852	0.89811
1251 A	0.06323	0.03864	0.89814
1252 G	0.06315	0.03863	0.89821
1253 C	0.06317	0.03851	0.89833
1254 A	0.06319	0.03846	0.89836
1255 A	0.06334	0.03818	0.89847
1256 A	0.06397	0.03726	0.89877
1257 T	0.06531	0.03509	0.89959
1258 A	0.06620	0.03325	0.90056
1259 T	0.06944	0.02385	0.9067
1260 C	0.07189	0.01317	0.91494
1261 A	0.07419	0.00878	0.91703
1262 T	0.07682	0.00459	0.91859
1263 T	0.07798	0.00281	0.9192
1264 T	0.07832	0.00224	0.91944
1265 C	0.07846	0.00194	0.9196
1266 T	0.07865	0.00162	0.91973
1267 T	0.07868	0.00160	0.91972
1268 A	0.07867	0.00272	0.91862
1269 T	0.07860	0.00442	0.91699
1270 T	0.07827	0.00632	0.91542
1271 T	0.07719	0.00974	0.91307
1272 A	0.07553	0.01288	0.91159
1273 G	0.07460	0.01546	0.90994
1274 G	0.07393	0.01855	0.90752
1275 T	0.07363	0.01980	0.90658
1276 G	0.07305	0.02108	0.90587
1277 G	0.07272	0.02186	0.90542
1278 T	0.07255	0.02275	0.9047
1279 A	0.07224	0.02370	0.90406
1280 G	0.07209	0.02400	0.90391
1281 A	0.07203	0.02425	0.90372
1282 G	0.07200	0.02430	0.9037
1283 T	0.07201	0.02431	0.90368
1284 A	0.07200	0.02436	0.90364
1285 G	0.07199	0.02441	0.9036
1286 C	0.07207	0.02435	0.90359
1287 T	0.07215	0.02435	0.9035
1288 G	0.07214	0.02445	0.90342
1289 A	0.07224	0.02439	0.90337
1290 A	0.07246	0.02418	0.90336
1291 G	0.07356	0.02303	0.9034
1292 A	0.07541	0.02094	0.90364
1293 A	0.07800	0.01785	0.90415
1294 T	0.08148	0.01311	0.90541
1295 T	0.08305	0.01008	0.90687
1296 A	0.08424	0.00814	0.90762
1297 G	0.08583	0.00589	0.90829
1298 T	0.08695	0.00445	0.9086
1299 T	0.08765	0.00333	0.90902
1300 T	0.08796	0.00287	0.90917
1301 T	0.08834	0.00243	0.90923
1302 T	0.08853	0.00211	0.90936
1303 G	0.08841	0.00235	0.90924
1304 A	0.08844	0.00244	0.90911
1305 T	0.08832	0.00266	0.90902
1306 G	0.08803	0.00325	0.90873
1307 A	0.08799	0.00353	0.90847
1308 T	0.08808	0.00366	0.90826
1309 G	0.08806	0.00376	0.90818
1310 T	0.08811	0.00369	0.9082
1311 T	0.08816	0.00361	0.90823
1312 T	0.08814	0.00361	0.90825
1313 C	0.08810	0.00364	0.90826
1314 C	0.08807	0.00369	0.90825
1315 A	0.08804	0.00376	0.9082
1316 G	0.08804	0.00381	0.90814
1317 T	0.08808	0.00385	0.90808
1318 G	0.08808	0.00387	0.90804
1319 G	0.08813	0.00388	0.90799
1320 T	0.08825	0.00381	0.90794
1321 G	0.08832	0.00382	0.90786
1322 C	0.08842	0.00373	0.90784
1323 T	0.08862	0.00385	0.90753
1324 T	0.08875	0.00435	0.9069
1325 A	0.08881	0.00489	0.9063
1326 T	0.08900	0.00513	0.90588
1327 G	0.08899	0.00641	0.9046
1328 A	0.08904	0.00841	0.90255
