# lcl|CP097583.1_cds_USQ93204.1_1
# AA	inside	membr	outside
1 A	0.44346	0.00000	0.55654
2 T	0.44312	0.00034	0.55654
3 G	0.44301	0.00045	0.55654
4 A	0.44301	0.00107	0.55591
5 T	0.44275	0.00158	0.55566
6 A	0.44275	0.00164	0.55561
7 T	0.44193	0.00248	0.55559
8 T	0.44193	0.00248	0.55559
9 T	0.44170	0.00273	0.55556
10 A	0.44170	0.00340	0.5549
11 T	0.44164	0.00350	0.55485
12 T	0.44023	0.00495	0.55482
13 T	0.43882	0.00663	0.55455
14 C	0.43882	0.00663	0.55455
15 T	0.43882	0.01641	0.54477
16 T	0.43870	0.01653	0.54477
17 T	0.43830	0.01715	0.54454
18 T	0.43817	0.01825	0.54358
19 G	0.42696	0.03074	0.5423
20 A	0.38425	0.12239	0.49336
21 A	0.34352	0.16334	0.49314
22 G	0.34280	0.17042	0.48678
23 G	0.34255	0.17633	0.48112
24 T	0.34266	0.19146	0.46588
25 T	0.34238	0.22313	0.4345
26 G	0.34193	0.24052	0.41756
27 T	0.34142	0.25457	0.40401
28 G	0.34029	0.26884	0.39087
29 A	0.33932	0.28425	0.37644
30 A	0.33451	0.29446	0.37102
31 G	0.33343	0.29642	0.37015
32 G	0.33282	0.29855	0.36862
33 A	0.33287	0.30108	0.36605
34 A	0.33260	0.30281	0.36459
35 C	0.33294	0.30176	0.36529
36 A	0.33302	0.30230	0.36468
37 G	0.33318	0.30262	0.36421
38 G	0.33951	0.29689	0.36361
39 T	0.33988	0.29674	0.36339
40 A	0.34054	0.29563	0.36383
41 A	0.34163	0.29189	0.36649
42 A	0.34403	0.27780	0.37817
43 A	0.38674	0.19436	0.4189
44 C	0.38961	0.15497	0.45541
45 T	0.40113	0.14243	0.45644
46 A	0.40945	0.13367	0.45688
47 C	0.43610	0.10657	0.45733
48 T	0.47668	0.06585	0.45748
49 T	0.49160	0.05064	0.45776
50 T	0.49800	0.04327	0.45873
51 A	0.50272	0.03747	0.45982
52 T	0.51048	0.02862	0.46089
53 C	0.51320	0.01943	0.46737
54 T	0.51412	0.01731	0.46857
55 C	0.51578	0.01504	0.46917
56 A	0.51900	0.01227	0.46873
57 T	0.52124	0.01089	0.46786
58 T	0.52180	0.01250	0.46571
59 T	0.52213	0.01216	0.46572
60 T	0.52169	0.01345	0.46485
61 T	0.52072	0.01745	0.46184
62 T	0.50390	0.04981	0.44629
63 A	0.47315	0.09260	0.43425
64 T	0.45610	0.11475	0.42915
65 T	0.43014	0.14625	0.42361
66 T	0.38481	0.19798	0.41721
67 G	0.23602	0.35922	0.40477
68 A	0.16152	0.44237	0.39611
69 A	0.13447	0.47569	0.38984
70 A	0.12559	0.48805	0.38636
71 A	0.12137	0.49370	0.38493
72 A	0.11861	0.49758	0.38381
73 A	0.11792	0.49861	0.38347
74 T	0.11759	0.49871	0.38371
75 G	0.11714	0.49892	0.38394
76 A	0.11704	0.49876	0.38419
77 T	0.11709	0.49829	0.38462
78 A	0.11687	0.49809	0.38503
79 C	0.11727	0.49735	0.38537
80 A	0.11814	0.49643	0.38543
81 A	0.12016	0.49416	0.38569
82 A	0.12084	0.49290	0.38625
83 A	0.12303	0.48964	0.38734
84 A	0.12787	0.48274	0.38939
85 T	0.14628	0.43073	0.42299
86 A	0.15817	0.37734	0.46449
87 T	0.16788	0.32733	0.50479
88 T	0.17444	0.28840	0.53716
89 A	0.17908	0.24417	0.57675
90 T	0.18785	0.11598	0.69617
91 G	0.19340	0.05547	0.75113
92 T	0.19844	0.03533	0.76624
93 T	0.20086	0.04012	0.75902
94 A	0.20154	0.08261	0.71585
95 T	0.20205	0.11791	0.68004
96 T	0.20054	0.14183	0.65763
97 T	0.19713	0.15422	0.64864
98 T	0.19523	0.16789	0.63689
99 A	0.19335	0.20826	0.59838
100 A	0.19257	0.22624	0.58119
101 C	0.19226	0.23271	0.57503
102 T	0.19201	0.24198	0.56601
103 A	0.19139	0.25021	0.55839
104 A	0.19032	0.25865	0.55104
105 A	0.18699	0.26242	0.55059
106 G	0.18495	0.26445	0.5506
107 A	0.18429	0.26500	0.55071
108 A	0.18403	0.26511	0.55087
109 C	0.18462	0.26398	0.55139
110 C	0.18532	0.26316	0.55151
111 T	0.18717	0.26136	0.55146
112 G	0.18846	0.26024	0.55131
113 G	0.19083	0.25814	0.55103
114 T	0.19711	0.25246	0.55043
115 G	0.20121	0.24874	0.55005
116 G	0.21492	0.23426	0.55082
117 A	0.25887	0.18932	0.55181
118 T	0.30015	0.14644	0.55341
119 G	0.31944	0.12437	0.55619
120 C	0.33434	0.10601	0.55965
121 C	0.34908	0.09080	0.56012
122 C	0.38529	0.05674	0.55797
123 T	0.39956	0.05101	0.54943
124 T	0.40184	0.05438	0.54379
125 T	0.40097	0.06022	0.53881
126 T	0.39060	0.07450	0.5349
127 A	0.37551	0.09197	0.53252
128 A	0.34535	0.12082	0.53382
129 T	0.31867	0.14592	0.5354
130 A	0.29101	0.17327	0.53572
131 T	0.27753	0.18642	0.53605
132 G	0.26387	0.20061	0.53551
133 G	0.25692	0.20934	0.53374
134 A	0.25017	0.21974	0.53009
135 A	0.24845	0.22259	0.52896
136 A	0.24712	0.22555	0.52733
137 T	0.24406	0.22928	0.52665
138 G	0.23890	0.23471	0.52639
139 A	0.23639	0.23807	0.52554
140 G	0.23519	0.23931	0.52551
141 A	0.23425	0.24069	0.52506
142 A	0.23389	0.24147	0.52464
143 A	0.23469	0.24035	0.52496
144 A	0.23689	0.23672	0.52639
145 A	0.24239	0.22908	0.52853
146 T	0.25348	0.21144	0.53508
147 T	0.25900	0.19718	0.54383
148 T	0.26228	0.18622	0.5515
149 T	0.26350	0.17176	0.56475
150 A	0.26384	0.15592	0.58024
151 T	0.26443	0.12569	0.60989
152 T	0.26311	0.09691	0.63999
153 T	0.26163	0.07646	0.66192
154 C	0.25840	0.06813	0.67347
155 G	0.25694	0.06584	0.67722
156 A	0.25777	0.06366	0.67857
157 T	0.26059	0.05708	0.68233
158 A	0.26074	0.05635	0.68292
159 T	0.26254	0.05393	0.68352
160 T	0.26296	0.05071	0.68634
161 G	0.26246	0.04992	0.68762
162 T	0.26241	0.05817	0.67943
163 A	0.26028	0.08583	0.6539
164 A	0.25847	0.10976	0.63177
165 T	0.25273	0.14815	0.59912
166 A	0.24939	0.19078	0.55983
167 A	0.24633	0.20813	0.54554
168 A	0.24431	0.21430	0.54139
169 A	0.24336	0.21736	0.53928
170 T	0.24403	0.21798	0.53799
171 A	0.24406	0.21873	0.53721
172 G	0.24563	0.21636	0.53801
173 A	0.24695	0.21436	0.53869
174 T	0.24908	0.21074	0.54017
175 T	0.24982	0.20803	0.54215
176 T	0.25055	0.20536	0.54409
177 T	0.25053	0.20309	0.54638
178 T	0.25020	0.20169	0.54812
179 A	0.24928	0.20199	0.54874
180 T	0.24900	0.20124	0.54976
181 A	0.24896	0.20002	0.55102
182 C	0.24968	0.19837	0.55195
183 A	0.25112	0.19652	0.55236
184 G	0.25541	0.19134	0.55326
185 A	0.26698	0.17899	0.55403
186 A	0.29573	0.14796	0.55631
187 G	0.32104	0.12022	0.55874
188 C	0.35670	0.07620	0.5671
189 T	0.39606	0.03431	0.56963
190 T	0.40734	0.02022	0.57244
191 T	0.40986	0.01613	0.57402
192 G	0.41070	0.01436	0.57494
193 T	0.41198	0.01378	0.57424
194 T	0.41263	0.01433	0.57303
195 T	0.41188	0.01763	0.57049
196 T	0.41076	0.01941	0.56983
197 A	0.40887	0.02171	0.56942
198 T	0.40751	0.02224	0.57026
199 G	0.40472	0.02464	0.57064
200 C	0.39693	0.03190	0.57118
201 T	0.39203	0.03657	0.57141
202 G	0.38454	0.04440	0.57106
203 C	0.37918	0.05145	0.56937
204 T	0.37162	0.06828	0.5601
205 G	0.34343	0.10855	0.54802
206 A	0.32041	0.14997	0.52962
207 T	0.31306	0.17574	0.51121
208 A	0.30131	0.19054	0.50814
209 G	0.29562	0.19726	0.50712
210 A	0.29308	0.20101	0.50591
211 A	0.29190	0.20291	0.50519
212 C	0.29155	0.20350	0.50495
213 A	0.29119	0.20402	0.50479
214 G	0.29137	0.20389	0.50475
215 A	0.29217	0.20309	0.50473
216 A	0.29343	0.20177	0.5048
217 C	0.29577	0.19908	0.50515
218 A	0.29882	0.19476	0.50642
219 T	0.30017	0.19202	0.50781
220 T	0.30083	0.19004	0.50913
221 T	0.30097	0.18944	0.50959
222 A	0.30076	0.18883	0.51041
223 A	0.30047	0.18068	0.51884
224 A	0.30031	0.17597	0.52372
225 A	0.29978	0.16852	0.5317
226 A	0.30163	0.16026	0.5381
227 A	0.31137	0.14142	0.54721
228 A	0.32304	0.10131	0.57565
229 G	0.34042	0.06315	0.59642
230 T	0.35748	0.04353	0.59899
231 T	0.35997	0.04655	0.59348
232 A	0.35975	0.08179	0.55846
233 T	0.36001	0.08280	0.55718
234 T	0.35880	0.08422	0.55698
235 A	0.35438	0.08868	0.55694
236 T	0.35041	0.09213	0.55747
237 C	0.34084	0.10152	0.55763
238 C	0.33294	0.10948	0.55758
239 C	0.32736	0.11519	0.55746
240 C	0.32287	0.12022	0.55692
241 G	0.32035	0.12358	0.55608
242 C	0.31971	0.12509	0.55519
243 T	0.31967	0.12784	0.55249
244 T	0.31914	0.12984	0.55102
245 T	0.31773	0.13265	0.54963
246 A	0.31431	0.13657	0.54912
247 A	0.31221	0.13915	0.54864
248 A	0.31135	0.13828	0.55037
249 A	0.31136	0.13702	0.55161
250 G	0.31288	0.13493	0.55219
251 A	0.31816	0.12959	0.55225
252 T	0.32777	0.11983	0.5524
253 A	0.33066	0.11805	0.55128
254 A	0.33999	0.10931	0.55069
255 T	0.37002	0.07843	0.55156
256 A	0.37205	0.07668	0.55127
257 A	0.37306	0.07457	0.55236
258 A	0.37397	0.06967	0.55637
259 A	0.37461	0.06431	0.56108
260 T	0.37559	0.05300	0.57141
261 T	0.37659	0.04441	0.579
262 G	0.37694	0.03962	0.58344
263 T	0.37830	0.03511	0.58659
264 T	0.37927	0.03245	0.58828
265 A	0.37982	0.03189	0.58829
266 T	0.38162	0.02888	0.5895
267 T	0.38253	0.02687	0.59061
268 T	0.38325	0.02475	0.59199
269 G	0.38354	0.02303	0.59342
270 T	0.38408	0.02116	0.59476
271 G	0.38405	0.02067	0.59528
272 A	0.38422	0.02067	0.59511
273 T	0.38477	0.02017	0.59506
274 C	0.38503	0.02058	0.5944
275 G	0.38528	0.02159	0.59313
276 A	0.38666	0.02112	0.59222
277 T	0.38812	0.02028	0.5916
278 A	0.38857	0.02053	0.5909
279 T	0.38990	0.01957	0.59054
280 A	0.39065	0.01926	0.59008
281 T	0.39146	0.01872	0.58983
282 T	0.39169	0.01923	0.58908
283 G	0.39159	0.01969	0.58872
284 A	0.39146	0.02028	0.58827
285 T	0.39225	0.01949	0.58826
286 T	0.39211	0.01966	0.58824
287 C	0.39181	0.01998	0.58821
288 T	0.39205	0.02021	0.58774
289 T	0.39183	0.02107	0.5871
290 C	0.39134	0.02225	0.58642
291 G	0.39078	0.02500	0.58422
292 A	0.39090	0.02609	0.58302
293 T	0.39091	0.02648	0.58261
294 A	0.38589	0.03242	0.58169
295 G	0.38326	0.03606	0.58068
296 C	0.38290	0.03781	0.57929
297 T	0.38304	0.03784	0.57912
298 T	0.38240	0.03885	0.57875
299 A	0.37906	0.04293	0.57801
300 T	0.37740	0.04496	0.57763
301 C	0.37366	0.04942	0.57692
302 A	0.36790	0.05806	0.57404
303 A	0.36687	0.06193	0.5712
304 G	0.36687	0.06397	0.56916
305 G	0.36736	0.06408	0.56856
306 A	0.36760	0.06445	0.56795
307 T	0.36811	0.06326	0.56862
308 A	0.36781	0.06327	0.56891
309 C	0.36719	0.06283	0.56998
310 G	0.36671	0.06280	0.57049
311 C	0.36691	0.06193	0.57115
312 T	0.36664	0.06279	0.57056
313 A	0.36539	0.06470	0.56991
314 G	0.36502	0.06554	0.56944
315 A	0.36456	0.06701	0.56843
316 A	0.36442	0.06828	0.5673
317 A	0.36495	0.06326	0.57178
318 A	0.36581	0.06083	0.57336
319 T	0.36739	0.05960	0.57301
320 T	0.36527	0.06948	0.56525
321 A	0.32644	0.11214	0.56143
322 G	0.31050	0.12466	0.56485
323 G	0.30171	0.13142	0.56687
324 A	0.29173	0.13854	0.56973
325 C	0.27683	0.14914	0.57403
326 C	0.26999	0.15680	0.57321
327 A	0.26770	0.16267	0.56963
328 G	0.26649	0.16593	0.56758
329 A	0.26648	0.16745	0.56607
330 T	0.26655	0.16781	0.56564
331 T	0.26634	0.16816	0.5655
332 T	0.26549	0.16816	0.56634
333 T	0.26380	0.16975	0.56644
334 A	0.26185	0.17155	0.56661
335 T	0.26099	0.17162	0.5674
336 A	0.25887	0.17310	0.56804
337 A	0.25812	0.17265	0.56922
338 C	0.25914	0.17016	0.5707
339 A	0.25995	0.16981	0.57024
340 A	0.26133	0.16872	0.56994
341 A	0.26388	0.16657	0.56954
342 A	0.26677	0.16394	0.56929
343 A	0.27554	0.15321	0.57124
344 T	0.28189	0.10397	0.61413
345 T	0.28306	0.08632	0.63062
346 A	0.28386	0.07697	0.63917
347 A	0.28541	0.06605	0.64854
348 T	0.28781	0.04623	0.66597
349 T	0.28986	0.03566	0.67448
350 T	0.29260	0.03016	0.67723
351 T	0.29388	0.02876	0.67736
352 T	0.29448	0.02778	0.67774
353 T	0.29401	0.03112	0.67487
354 A	0.28898	0.04258	0.66844
355 G	0.28700	0.04534	0.66766
356 C	0.28580	0.04922	0.66498
357 T	0.28258	0.06829	0.64913
358 A	0.26685	0.12803	0.60512
359 T	0.26199	0.14366	0.59434
360 G	0.25431	0.16148	0.58422
361 G	0.24925	0.17718	0.57356
362 A	0.24746	0.18915	0.56338
363 A	0.24504	0.19661	0.55836
364 A	0.24491	0.19905	0.55603
365 A	0.24588	0.19892	0.5552
366 T	0.24685	0.19786	0.55529
367 T	0.24681	0.19781	0.55537
368 T	0.24620	0.19838	0.55542
369 A	0.24514	0.19942	0.55544
370 C	0.24487	0.19964	0.55549
371 C	0.24479	0.19970	0.55551
372 T	0.24494	0.19959	0.55548
373 A	0.24490	0.19967	0.55544
374 A	0.24588	0.19864	0.55547
375 C	0.24678	0.19758	0.55564
376 A	0.25148	0.19230	0.55623
377 T	0.26312	0.17552	0.56136
378 A	0.27003	0.16624	0.56374
379 A	0.27913	0.15476	0.56612
380 C	0.29918	0.12914	0.57169
381 T	0.34111	0.06906	0.58984
382 T	0.35185	0.05297	0.59518
383 T	0.36151	0.03824	0.60024
384 T	0.36817	0.02963	0.6022
385 T	0.37312	0.02420	0.60268
386 A	0.37319	0.02287	0.60393
387 T	0.37318	0.02306	0.60376
388 T	0.37129	0.02744	0.60127
389 T	0.36709	0.03663	0.59628
390 A	0.36094	0.05523	0.58383
391 G	0.34946	0.07139	0.57915
392 A	0.34635	0.07926	0.5744
393 T	0.34332	0.08577	0.5709
394 T	0.33739	0.10033	0.56229
395 T	0.32629	0.12705	0.54665
396 A	0.29870	0.16042	0.54088
397 G	0.25685	0.20265	0.5405
398 A	0.24039	0.21971	0.53989
399 A	0.22719	0.23291	0.5399
400 C	0.21944	0.24060	0.53996
401 C	0.21074	0.24956	0.5397
402 T	0.20281	0.25833	0.53886
403 G	0.18590	0.27615	0.53795
404 A	0.17854	0.28376	0.53769
405 A	0.17547	0.28707	0.53746
406 A	0.17494	0.28739	0.53767
407 T	0.17541	0.28419	0.5404
408 C	0.17534	0.28119	0.54347
409 G	0.17684	0.27755	0.54561
410 G	0.17910	0.27437	0.54654
411 A	0.18250	0.27009	0.54742
412 A	0.18872	0.26180	0.54948
413 T	0.20003	0.24669	0.55328
414 C	0.19523	0.23852	0.56625
415 A	0.18595	0.25074	0.56331
416 A	0.17397	0.26577	0.56025
417 A	0.17508	0.26333	0.56158
418 A	0.18306	0.25017	0.56677
419 G	0.18496	0.22673	0.58832
420 A	0.18309	0.18742	0.62949
421 T	0.18027	0.17544	0.6443
422 T	0.16768	0.18894	0.64337
423 A	0.12960	0.26996	0.60044
424 A	0.10855	0.28952	0.60193
425 A	0.09300	0.30098	0.60602
426 G	0.08849	0.28919	0.62231
427 G	0.08434	0.28662	0.62904
428 C	0.08085	0.29065	0.62851
429 G	0.07753	0.31045	0.61203
430 C	0.07305	0.33681	0.59015
431 A	0.07004	0.36517	0.5648
432 A	0.06860	0.37688	0.55452
433 A	0.06787	0.38484	0.5473
434 G	0.06826	0.38964	0.5421
435 A	0.06935	0.39683	0.53382
436 A	0.07126	0.39628	0.53245
437 A	0.07386	0.38569	0.54045
438 A	0.07941	0.36791	0.55269
439 T	0.08540	0.34721	0.56739
440 A	0.08832	0.33829	0.57338
441 T	0.09363	0.32820	0.57818
442 A	0.09596	0.32366	0.58037
443 A	0.10022	0.31773	0.58205
444 A	0.10526	0.30834	0.58641
445 A	0.12040	0.28061	0.59899
446 T	0.16048	0.20917	0.63035
447 A	0.15759	0.20816	0.63425
448 G	0.15476	0.21793	0.62731
449 A	0.15377	0.24061	0.60563
450 A	0.15651	0.25937	0.58411
451 T	0.16890	0.26485	0.56626
452 A	0.18601	0.24712	0.56687
453 T	0.21342	0.21624	0.57034
454 T	0.22961	0.19851	0.57188
455 T	0.23367	0.19432	0.572
456 C	0.23401	0.19442	0.57157
457 G	0.23438	0.19763	0.56798
458 A	0.23874	0.19550	0.56577
459 T	0.24323	0.19132	0.56545
460 T	0.24355	0.19238	0.56408
461 T	0.23710	0.19966	0.56325
462 A	0.22305	0.21528	0.56168
463 C	0.20732	0.23181	0.56086
464 A	0.17852	0.26446	0.55702
465 A	0.15497	0.29167	0.55337
466 A	0.14632	0.30164	0.55203
467 A	0.14836	0.30014	0.55151
468 A	0.15129	0.29725	0.55146
469 A	0.15873	0.28741	0.55385
470 A	0.17451	0.26452	0.56097
471 T	0.19871	0.23426	0.56703
472 A	0.21855	0.21231	0.56914
473 G	0.23941	0.19044	0.57015
474 T	0.25884	0.16988	0.57129
475 T	0.26034	0.16619	0.57347
476 T	0.25941	0.16605	0.57454
477 T	0.25566	0.16893	0.57541
478 C	0.24473	0.18094	0.57433
479 A	0.23911	0.19219	0.56869
480 T	0.23812	0.19356	0.56832
481 A	0.23285	0.19938	0.56777
482 A	0.22709	0.20529	0.56762
483 T	0.22187	0.20936	0.56877
484 G	0.20930	0.21442	0.57628
485 A	0.20295	0.21323	0.58382
486 A	0.20196	0.20255	0.59549
487 G	0.20473	0.17558	0.6197
488 T	0.20768	0.15412	0.6382
489 T	0.20787	0.14942	0.64271
490 A	0.20662	0.15526	0.63812
491 G	0.20382	0.15917	0.637
492 A	0.20230	0.16294	0.63476
493 A	0.20099	0.16654	0.63247
494 A	0.20047	0.17024	0.62928
495 A	0.20264	0.16818	0.62917
496 G	0.20525	0.16623	0.62852
497 G	0.20718	0.16831	0.6245
498 T	0.21061	0.16554	0.62385
499 T	0.21308	0.16718	0.61974
500 A	0.21375	0.16931	0.61693
501 T	0.21674	0.16185	0.62141
502 T	0.22097	0.15755	0.62147
503 T	0.22160	0.15719	0.62121
504 A	0.22173	0.15277	0.6255
505 A	0.22253	0.14818	0.62928
506 A	0.22353	0.14212	0.63436
507 A	0.22565	0.12895	0.6454
508 C	0.23390	0.11424	0.65186
509 T	0.24211	0.11112	0.64677
510 T	0.24338	0.12646	0.63015
511 T	0.24122	0.14089	0.61789
512 G	0.23525	0.15436	0.61039
513 T	0.23420	0.15588	0.60992
514 G	0.22259	0.16614	0.61127
515 A	0.21691	0.17184	0.61124
516 A	0.21653	0.17219	0.61128
517 C	0.21802	0.17100	0.61099
518 A	0.21815	0.17919	0.60266
519 A	0.22139	0.17777	0.60084
520 T	0.23009	0.16909	0.60082
521 A	0.23029	0.16921	0.6005
522 T	0.23460	0.16490	0.6005
523 C	0.23182	0.16640	0.60178
524 C	0.22938	0.16906	0.60157
525 T	0.22625	0.17523	0.59852
526 G	0.21827	0.18970	0.59203
527 A	0.21288	0.19967	0.58746
528 A	0.20724	0.21097	0.58179
529 A	0.20470	0.21856	0.57674
530 G	0.20566	0.21709	0.57724
531 A	0.20864	0.21444	0.57692
532 A	0.21844	0.20341	0.57815
533 T	0.23776	0.17974	0.5825
534 T	0.24791	0.16410	0.58799
535 T	0.25143	0.15497	0.5936
536 A	0.24859	0.15484	0.59657
537 T	0.24725	0.14619	0.60655
538 A	0.24458	0.14303	0.6124
539 A	0.24297	0.14159	0.61544
540 A	0.24054	0.14072	0.61875
541 A	0.24470	0.13309	0.62221
542 T	0.24501	0.12906	0.62593
543 A	0.24101	0.13198	0.62701
544 G	0.23766	0.13028	0.63205
545 A	0.23601	0.12899	0.635
546 T	0.23617	0.11999	0.64384
547 G	0.23546	0.11288	0.65166
548 C	0.23864	0.10258	0.65878
549 T	0.24508	0.09115	0.66377
550 A	0.24754	0.08670	0.66576
551 A	0.25146	0.07942	0.66913
552 T	0.25650	0.07067	0.67283
553 C	0.25708	0.06803	0.6749
554 T	0.25877	0.06443	0.67681
555 T	0.25954	0.06283	0.67764
556 T	0.25937	0.06228	0.67834
557 C	0.25726	0.06392	0.67882
558 T	0.25506	0.06884	0.6761
559 T	0.24975	0.07321	0.67704
560 T	0.23937	0.08486	0.67578
561 G	0.21755	0.10978	0.67267
562 G	0.20107	0.13216	0.66677
563 A	0.18825	0.15092	0.66083
564 A	0.17684	0.16891	0.65424
565 G	0.17219	0.18529	0.64252
566 A	0.17218	0.20016	0.62766
567 A	0.17152	0.21556	0.61292
568 A	0.17121	0.23012	0.59867
569 T	0.17142	0.24508	0.5835
570 A	0.17072	0.26388	0.5654
571 A	0.16998	0.27208	0.55794
572 A	0.16967	0.27490	0.55544
573 A	0.17048	0.27486	0.55466
574 T	0.17177	0.27349	0.55474
575 T	0.17181	0.27332	0.55486
576 G	0.17086	0.27525	0.55389
577 A	0.17073	0.27949	0.54978
578 T	0.17163	0.28094	0.54744
579 A	0.17166	0.28172	0.54662
580 A	0.17266	0.27672	0.55062
581 T	0.17615	0.26784	0.55601
582 T	0.17692	0.26102	0.56206
583 G	0.17562	0.25580	0.56858
584 A	0.17733	0.24024	0.58243
585 A	0.17999	0.22606	0.59394
586 A	0.18541	0.21033	0.60427
587 A	0.19062	0.19691	0.61246
588 C	0.20188	0.18387	0.61426
589 A	0.21592	0.18534	0.59874
590 A	0.23388	0.17530	0.59082
591 A	0.24697	0.16925	0.58377
592 A	0.26121	0.16153	0.57725
593 T	0.27555	0.15436	0.57009
594 T	0.26950	0.16081	0.56969
595 G	0.24551	0.18666	0.56783
596 A	0.21592	0.22168	0.5624
597 T	0.20000	0.23950	0.5605
598 C	0.17754	0.26563	0.55683
599 A	0.17020	0.27604	0.55377
600 G	0.17196	0.27531	0.55274
601 T	0.17535	0.27351	0.55115
602 T	0.17701	0.27221	0.55077
603 A	0.17754	0.27206	0.5504
604 T	0.17963	0.26858	0.55179
605 T	0.18094	0.26565	0.55341
606 A	0.18172	0.26250	0.55578
607 A	0.18238	0.25951	0.55811
608 A	0.18371	0.25484	0.56145
609 A	0.18536	0.24999	0.56465
610 A	0.18927	0.24164	0.5691
611 A	0.19513	0.23102	0.57385
612 T	0.21243	0.20891	0.57866
613 A	0.21965	0.19854	0.58181
614 A	0.22652	0.18718	0.5863
615 A	0.23365	0.17314	0.59321
616 A	0.24268	0.15595	0.60138
617 T	0.24823	0.13207	0.6197
618 A	0.25320	0.10005	0.64675
619 T	0.26248	0.05412	0.68339
620 G	0.26623	0.02970	0.70407
621 A	0.27308	0.00000	0.72692
