# lcl|CP097583.1_cds_USQ93460.1_1
# AA	inside	membr	outside
1 A	0.23786	0.00000	0.76214
2 T	0.23768	0.00018	0.76214
3 G	0.23758	0.00028	0.76214
4 A	0.23758	0.01068	0.75174
5 G	0.23525	0.01895	0.74579
6 A	0.23525	0.02038	0.74436
7 A	0.23480	0.02136	0.74384
8 T	0.23480	0.02137	0.74383
9 A	0.23470	0.02152	0.74378
10 T	0.23470	0.02236	0.74294
11 T	0.23462	0.02250	0.74288
12 A	0.22499	0.03219	0.74282
13 C	0.21615	0.04129	0.74256
14 C	0.21615	0.04129	0.74256
15 T	0.21615	0.04896	0.73488
16 T	0.21597	0.04914	0.73488
17 A	0.21543	0.04985	0.73472
18 T	0.21542	0.04992	0.73466
19 G	0.21506	0.05036	0.73458
20 A	0.21449	0.05227	0.73324
21 A	0.21326	0.05347	0.73326
22 C	0.21422	0.05249	0.73328
23 T	0.21573	0.05106	0.7332
24 T	0.21867	0.04813	0.7332
25 T	0.21993	0.04672	0.73335
26 A	0.22023	0.04637	0.73341
27 T	0.22583	0.04066	0.73351
28 C	0.22871	0.03558	0.7357
29 C	0.22974	0.03454	0.73572
30 A	0.23031	0.03386	0.73583
31 T	0.23046	0.03376	0.73578
32 A	0.23043	0.03378	0.73579
33 T	0.23147	0.03275	0.73579
34 A	0.23167	0.03237	0.73597
35 G	0.23306	0.02096	0.74598
36 T	0.23397	0.01184	0.75419
37 T	0.23459	0.01072	0.75468
38 C	0.23925	0.00585	0.75491
39 T	0.23946	0.00562	0.75492
40 G	0.23965	0.00539	0.75496
41 A	0.23971	0.00541	0.75488
42 T	0.23987	0.00517	0.75496
43 T	0.24027	0.00446	0.75527
44 T	0.23857	0.00505	0.75639
45 A	0.23651	0.00709	0.7564
46 T	0.23403	0.00945	0.75653
47 C	0.22945	0.01400	0.75655
48 C	0.22721	0.01633	0.75646
49 T	0.22496	0.01952	0.75553
50 T	0.22210	0.02319	0.75471
51 A	0.21614	0.02945	0.75441
52 T	0.21308	0.03253	0.75438
53 G	0.20943	0.03623	0.75434
54 T	0.20658	0.03900	0.75442
55 G	0.20293	0.04257	0.7545
56 C	0.20105	0.04439	0.75456
57 T	0.19950	0.04595	0.75455
58 C	0.19443	0.05114	0.75444
59 T	0.19021	0.05556	0.75424
60 C	0.18341	0.06261	0.75398
61 A	0.17614	0.07070	0.75317
62 G	0.17189	0.07542	0.75269
63 A	0.16948	0.07821	0.75231
64 A	0.16630	0.08173	0.75196
65 A	0.16445	0.08363	0.75191
66 A	0.16352	0.08355	0.75293
67 G	0.16321	0.08166	0.75513
68 A	0.16323	0.07935	0.75743
69 G	0.16335	0.07567	0.76098
70 T	0.16370	0.07068	0.76562
71 T	0.16386	0.06745	0.76869
72 T	0.16433	0.06450	0.77117
73 G	0.16416	0.06158	0.77425
74 G	0.16392	0.05731	0.77876
75 G	0.16366	0.05511	0.78123
76 A	0.16349	0.05274	0.78376
77 T	0.16351	0.04956	0.78693
78 G	0.16338	0.04571	0.7909
79 T	0.16336	0.04349	0.79315
80 A	0.16321	0.04186	0.79493
81 T	0.16351	0.03659	0.79989
82 G	0.16345	0.03323	0.80332
83 A	0.16358	0.02940	0.80702
84 T	0.16408	0.02411	0.81181
85 T	0.16399	0.02352	0.81249
86 A	0.16329	0.02414	0.81257
87 T	0.16311	0.02362	0.81327
88 T	0.16207	0.02662	0.8113
89 G	0.15916	0.03159	0.80925
90 T	0.15611	0.03946	0.80443
91 T	0.14724	0.05768	0.79508
92 T	0.13424	0.08371	0.78205
93 A	0.10224	0.12593	0.77184
94 A	0.09080	0.14489	0.76431
95 A	0.08581	0.15375	0.76044
96 T	0.08255	0.15985	0.75761
97 A	0.07782	0.16799	0.75419
98 A	0.07554	0.17485	0.74961
99 T	0.07231	0.18220	0.7455
100 A	0.05676	0.20557	0.73768
101 A	0.04440	0.22506	0.73054
102 A	0.04168	0.23410	0.72423
103 A	0.04049	0.23786	0.72165
104 A	0.04014	0.23915	0.72071
105 A	0.04078	0.23880	0.72041
106 A	0.04289	0.23672	0.72039
107 A	0.04497	0.23452	0.72052
108 T	0.04862	0.23020	0.72117
109 A	0.05037	0.22745	0.72218
110 A	0.05312	0.22373	0.72315
111 T	0.05764	0.21678	0.72558
112 A	0.06023	0.21056	0.72921
113 A	0.06551	0.19868	0.73581
114 A	0.07561	0.17618	0.74821
115 T	0.08880	0.14676	0.76444
116 C	0.09534	0.11240	0.79225
117 T	0.10094	0.10075	0.7983
118 A	0.10184	0.09812	0.80005
119 T	0.10362	0.09446	0.80191
120 G	0.10487	0.09018	0.80496
121 G	0.10896	0.08478	0.80626
122 A	0.11346	0.07646	0.81008
123 A	0.12174	0.05343	0.82484
124 C	0.12963	0.03474	0.83564
125 T	0.13690	0.03237	0.83073
126 T	0.13912	0.03368	0.8272
127 T	0.13859	0.04385	0.81756
128 T	0.13700	0.05462	0.80838
129 T	0.13454	0.06381	0.80165
130 T	0.13069	0.07726	0.79205
131 T	0.12376	0.08846	0.78778
132 A	0.11116	0.10986	0.77898
133 A	0.09621	0.13385	0.76995
134 A	0.08361	0.15039	0.766
135 A	0.07395	0.16243	0.76362
136 A	0.06816	0.16905	0.76279
137 A	0.06580	0.17228	0.76192
138 A	0.06522	0.17231	0.76247
139 G	0.06522	0.17093	0.76386
140 G	0.06561	0.16905	0.76534
141 T	0.06722	0.16583	0.76694
142 C	0.06806	0.16392	0.76802
143 G	0.06840	0.16313	0.76848
144 A	0.06879	0.16257	0.76863
145 A	0.06965	0.16162	0.76873
146 A	0.07141	0.15971	0.76888
147 T	0.07791	0.15305	0.76903
148 T	0.08731	0.14270	0.76999
149 A	0.09326	0.13530	0.77144
150 T	0.10765	0.11717	0.77518
151 T	0.11721	0.10341	0.77938
152 T	0.12140	0.09534	0.78326
153 T	0.12540	0.08764	0.78696
154 A	0.12697	0.08094	0.79208
155 A	0.13283	0.06526	0.80191
156 T	0.14111	0.04298	0.81592
157 T	0.14489	0.02787	0.82725
158 T	0.14702	0.01790	0.83508
159 A	0.14732	0.01323	0.83945
160 T	0.14796	0.01064	0.8414
161 C	0.14515	0.01323	0.84162
162 T	0.14294	0.01658	0.84049
163 A	0.14032	0.02003	0.83965
164 T	0.13956	0.02171	0.83873
165 T	0.13803	0.02338	0.83859
166 T	0.13372	0.02796	0.83832
167 A	0.12296	0.03892	0.83813
168 T	0.11734	0.04465	0.83802
169 C	0.10645	0.05627	0.83729
170 G	0.09234	0.07392	0.83374
171 A	0.08287	0.08786	0.82927
172 T	0.07948	0.09499	0.82553
173 G	0.07359	0.10476	0.82165
174 G	0.06920	0.11076	0.82005
175 A	0.06583	0.11630	0.81787
176 T	0.06352	0.11976	0.81672
177 T	0.06178	0.12269	0.81554
178 C	0.05741	0.13016	0.81242
179 A	0.05421	0.13926	0.80653
180 A	0.05219	0.14433	0.80348
181 G	0.05061	0.14823	0.80116
182 A	0.04694	0.15364	0.79943
183 A	0.04527	0.15663	0.7981
184 A	0.04448	0.15500	0.80053
185 T	0.04505	0.15176	0.80319
186 G	0.04382	0.15104	0.80514
187 A	0.04299	0.15474	0.80227
188 A	0.04243	0.15590	0.80168
189 A	0.04187	0.15705	0.80108
190 A	0.04015	0.15554	0.80431
191 A	0.03892	0.15396	0.80712
192 A	0.03885	0.14639	0.81476
193 A	0.04128	0.13405	0.82466
194 G	0.04472	0.12306	0.83222
195 A	0.04824	0.11634	0.83541
196 A	0.05161	0.10790	0.84048
197 A	0.05366	0.10101	0.84533
198 A	0.05664	0.09359	0.84977
199 C	0.05990	0.08572	0.85438
200 A	0.06268	0.08162	0.85569
201 T	0.06795	0.07303	0.85901
202 T	0.07274	0.06631	0.86096
203 A	0.07409	0.06351	0.8624
204 T	0.07551	0.06066	0.86384
205 G	0.07569	0.05570	0.86861
206 T	0.07677	0.05189	0.87133
207 C	0.07691	0.04986	0.87322
208 A	0.07749	0.04925	0.87325
209 A	0.07903	0.04691	0.87406
210 T	0.08447	0.04061	0.87492
211 A	0.08714	0.03739	0.87546
212 G	0.09273	0.03108	0.8762
213 T	0.09912	0.02208	0.87879
214 T	0.10198	0.01734	0.88068
215 T	0.10376	0.01452	0.88173
216 T	0.10538	0.01220	0.88242
217 C	0.10587	0.01134	0.88279
218 A	0.10585	0.01148	0.88267
219 T	0.10642	0.01099	0.88258
220 T	0.10643	0.01136	0.88221
221 T	0.10591	0.01252	0.88157
222 A	0.10520	0.01378	0.88102
223 T	0.10510	0.01429	0.88061
224 T	0.10449	0.01512	0.88039
225 T	0.10401	0.01563	0.88036
226 T	0.10313	0.01620	0.88067
227 A	0.10152	0.01758	0.8809
228 T	0.10070	0.01767	0.88163
229 G	0.09942	0.01875	0.88184
230 C	0.09750	0.02023	0.88227
231 A	0.09568	0.02242	0.88189
232 T	0.09465	0.02360	0.88175
233 T	0.09312	0.02537	0.88151
234 T	0.09117	0.02774	0.88109
235 A	0.08708	0.03264	0.88028
236 A	0.08496	0.03544	0.8796
237 T	0.08336	0.03799	0.87865
238 A	0.08198	0.04171	0.8763
239 A	0.08095	0.04518	0.87388
240 T	0.08043	0.04801	0.87155
241 A	0.07869	0.05592	0.86538
242 A	0.07781	0.05952	0.86267
243 A	0.07702	0.06021	0.86277
244 T	0.07704	0.05949	0.86347
245 A	0.07578	0.06006	0.86416
246 T	0.07535	0.05968	0.86497
247 C	0.07371	0.06034	0.86596
248 A	0.07310	0.06080	0.86611
249 A	0.07260	0.06076	0.86664
250 A	0.07277	0.05946	0.86777
251 T	0.07317	0.05831	0.86853
252 T	0.07307	0.05753	0.8694
253 A	0.07256	0.05568	0.87177
254 T	0.07252	0.05292	0.87456
255 T	0.07207	0.05149	0.87644
256 G	0.07120	0.05068	0.87812
257 A	0.07077	0.04953	0.87971
258 A	0.07100	0.04602	0.88298
259 A	0.07155	0.04329	0.88516
260 C	0.07299	0.03973	0.88728
261 A	0.07576	0.03610	0.88814
262 G	0.07880	0.03221	0.88899
263 A	0.08186	0.02869	0.88946
264 T	0.08829	0.02064	0.89108
265 T	0.09067	0.01728	0.89205
266 T	0.09104	0.01522	0.89375
267 A	0.09120	0.01394	0.89485
268 T	0.09156	0.01157	0.89686
269 T	0.09171	0.01013	0.89816
270 T	0.09180	0.00823	0.89997
271 T	0.09191	0.00747	0.90062
272 T	0.09194	0.00710	0.90096
273 A	0.09190	0.00712	0.90098
274 A	0.09187	0.00707	0.90106
275 T	0.09179	0.00662	0.90159
276 T	0.09162	0.00619	0.9022
277 T	0.09124	0.00667	0.90209
278 T	0.09031	0.00896	0.90074
279 A	0.08850	0.01311	0.8984
280 G	0.08720	0.01509	0.89771
281 A	0.08626	0.01693	0.89681
282 A	0.08580	0.01843	0.89578
283 T	0.08545	0.01954	0.89501
284 G	0.08485	0.02163	0.89352
285 T	0.08477	0.02311	0.89213
286 T	0.08474	0.02469	0.89057
287 G	0.08461	0.02509	0.89029
288 T	0.08458	0.02515	0.89027
289 A	0.08453	0.02522	0.89025
290 T	0.08453	0.02518	0.89029
291 C	0.08439	0.02530	0.89032
292 C	0.08435	0.02538	0.89026
293 A	0.08436	0.02561	0.89002
294 A	0.08444	0.02571	0.88985
295 T	0.08463	0.02566	0.8897
296 G	0.08476	0.02562	0.88963
297 G	0.08491	0.02547	0.88962
298 G	0.08513	0.02505	0.88983
299 A	0.08542	0.02454	0.89004
300 A	0.08601	0.02358	0.89041
301 A	0.08792	0.02094	0.89114
302 T	0.09102	0.01631	0.89267
303 A	0.09202	0.01456	0.89342
304 A	0.09308	0.01260	0.89432
305 A	0.09428	0.01086	0.89485
306 A	0.09541	0.00928	0.8953
307 T	0.09708	0.00696	0.89597
308 C	0.09829	0.00555	0.89617
309 T	0.09950	0.00433	0.89617
310 T	0.09956	0.00420	0.89624
311 T	0.09939	0.00434	0.89627
312 T	0.09868	0.00500	0.89632
313 G	0.09801	0.00564	0.89634
314 C	0.09776	0.00571	0.89653
315 C	0.09767	0.00574	0.89659
316 C	0.09779	0.00561	0.89659
317 C	0.09792	0.00551	0.89657
318 T	0.09799	0.00550	0.89651
319 T	0.09756	0.00609	0.89635
320 A	0.09694	0.00686	0.89619
321 T	0.09688	0.00706	0.89606
322 A	0.09657	0.00738	0.89606
323 A	0.09657	0.00723	0.8962
324 T	0.09659	0.00702	0.89639
325 A	0.09634	0.00718	0.89649
326 C	0.09606	0.00731	0.89663
327 T	0.09576	0.00765	0.89659
328 A	0.09533	0.00815	0.89652
329 A	0.09513	0.00836	0.8965
330 T	0.09504	0.00843	0.89653
331 T	0.09487	0.00855	0.89659
332 T	0.09471	0.00843	0.89687
333 G	0.09445	0.00832	0.89722
334 A	0.09420	0.00830	0.89749
335 C	0.09406	0.00770	0.89823
336 T	0.09391	0.00752	0.89857
337 T	0.09363	0.00769	0.89868
338 G	0.09340	0.00786	0.89874
339 G	0.09329	0.00789	0.89881
340 T	0.09329	0.00782	0.89888
341 A	0.09329	0.00756	0.89916
342 T	0.09342	0.00680	0.89978
343 C	0.09351	0.00607	0.90043
344 A	0.09360	0.00604	0.90036
345 A	0.09360	0.00578	0.90062
346 A	0.09360	0.00564	0.90075
347 T	0.09365	0.00544	0.90092
348 T	0.09361	0.00522	0.90117
349 T	0.09349	0.00477	0.90173
350 T	0.09312	0.00490	0.90198
351 T	0.09224	0.00602	0.90174
352 A	0.09131	0.00794	0.90075
353 T	0.09057	0.00939	0.90004
354 T	0.08902	0.01271	0.89826
355 A	0.08727	0.01572	0.89701
356 A	0.08656	0.01695	0.89649
357 G	0.08504	0.01885	0.89611
358 A	0.08410	0.01980	0.8961
359 T	0.08377	0.01991	0.89632
360 T	0.08279	0.02065	0.89655
361 G	0.08120	0.02208	0.89671
362 C	0.08039	0.02283	0.89679
363 C	0.07965	0.02364	0.89672
364 A	0.07913	0.02459	0.89628
365 A	0.07873	0.02547	0.8958
366 A	0.07866	0.02605	0.8953
367 T	0.07871	0.02656	0.89473
368 T	0.07827	0.02779	0.89394
369 A	0.07754	0.02903	0.89342
370 A	0.07724	0.02925	0.89351
371 G	0.07664	0.02959	0.89377
372 A	0.07615	0.02975	0.8941
373 A	0.07597	0.02928	0.89474
374 C	0.07667	0.02726	0.89607
375 A	0.07786	0.02551	0.89663
376 G	0.07893	0.02374	0.89732
377 T	0.08092	0.02084	0.89825
378 T	0.08185	0.01918	0.89897
379 A	0.08212	0.01920	0.89868
380 A	0.08248	0.01815	0.89937
381 T	0.08263	0.01779	0.89957
382 A	0.08263	0.01798	0.8994
383 T	0.08271	0.01734	0.89995
384 T	0.08276	0.01606	0.90118
385 A	0.08268	0.01568	0.90165
386 A	0.08247	0.01533	0.9022
387 A	0.08260	0.01474	0.90266
388 C	0.08290	0.01399	0.90311
389 A	0.08337	0.01378	0.90285
390 A	0.08404	0.01320	0.90277
391 T	0.08487	0.01219	0.90294
392 T	0.08529	0.01200	0.90271
393 A	0.08529	0.01252	0.90219
394 G	0.08532	0.01214	0.90254
395 A	0.08538	0.01187	0.90274
396 T	0.08552	0.01136	0.90312
397 T	0.08564	0.01103	0.90333
398 T	0.08564	0.01086	0.90351
399 A	0.08556	0.01084	0.9036
400 G	0.08564	0.01064	0.90372
401 C	0.08594	0.01019	0.90387
402 G	0.08654	0.00954	0.90392
403 C	0.08758	0.00852	0.90391
404 T	0.08868	0.00759	0.90373
405 T	0.08920	0.00721	0.90358
406 T	0.08917	0.00755	0.90328
407 A	0.08868	0.00827	0.90306
408 T	0.08841	0.00852	0.90307
409 A	0.08758	0.00917	0.90325
410 A	0.08669	0.00992	0.90339
411 T	0.08630	0.01013	0.90357
412 C	0.08593	0.01041	0.90367
413 A	0.08558	0.01078	0.90364
414 A	0.08564	0.01075	0.90362
415 C	0.08642	0.00995	0.90362
416 T	0.08710	0.00931	0.90359
417 T	0.08731	0.00909	0.9036
418 T	0.08740	0.00897	0.90363
419 T	0.08725	0.00909	0.90365
420 T	0.08693	0.00938	0.90369
421 C	0.08631	0.00977	0.90393
422 A	0.08583	0.01015	0.90402
423 A	0.08570	0.01022	0.90408
424 T	0.08565	0.01025	0.90411
425 G	0.08561	0.01025	0.90414
426 G	0.08565	0.01021	0.90413
427 T	0.08586	0.00990	0.90423
428 A	0.08591	0.00975	0.90434
429 T	0.08611	0.00917	0.90471
430 A	0.08617	0.00867	0.90516
431 A	0.08622	0.00823	0.90556
432 A	0.08631	0.00743	0.90626
433 G	0.08643	0.00642	0.90714
434 T	0.08649	0.00607	0.90745
435 T	0.08651	0.00597	0.90751
436 A	0.08649	0.00671	0.9068
437 A	0.08648	0.00753	0.906
438 T	0.08650	0.00845	0.90505
439 T	0.08650	0.01027	0.90324
440 T	0.08631	0.01165	0.90204
441 T	0.08608	0.01189	0.90203
442 A	0.08588	0.01223	0.9019
443 T	0.08578	0.01213	0.90209
444 G	0.08562	0.01193	0.90246
445 C	0.08560	0.01166	0.90274
446 G	0.08561	0.01190	0.90249
447 T	0.08557	0.01252	0.90191
448 T	0.08523	0.01400	0.90076
449 T	0.08464	0.01507	0.90029
450 A	0.08406	0.01650	0.89944
451 A	0.08385	0.01717	0.89898
452 A	0.08373	0.01744	0.89882
453 C	0.08372	0.01733	0.89895
454 A	0.08374	0.01737	0.89888
455 A	0.08382	0.01731	0.89887
456 A	0.08396	0.01718	0.89886
457 C	0.08414	0.01700	0.89886
458 A	0.08452	0.01673	0.89875
459 A	0.08562	0.01564	0.89874
460 G	0.08680	0.01440	0.8988
461 G	0.08807	0.01308	0.89884
462 T	0.09030	0.01079	0.8989
463 T	0.09142	0.00938	0.89919
464 C	0.09134	0.00921	0.89945
465 T	0.09102	0.00969	0.8993
466 T	0.09000	0.01095	0.89905
467 T	0.08781	0.01363	0.89857
468 A	0.08431	0.01730	0.89838
469 A	0.08276	0.01884	0.8984
470 A	0.08254	0.01878	0.89867
471 A	0.08310	0.01769	0.89921
472 C	0.08323	0.01685	0.89991
473 C	0.08380	0.01590	0.90029
474 T	0.08409	0.01558	0.90034
475 T	0.08380	0.01590	0.9003
476 A	0.08322	0.01653	0.90026
477 T	0.08291	0.01682	0.90027
478 C	0.08260	0.01702	0.90037
479 A	0.08219	0.01723	0.90057
480 A	0.08180	0.01729	0.90091
481 C	0.08151	0.01740	0.9011
482 T	0.08118	0.01788	0.90093
483 G	0.08049	0.01872	0.90079
484 G	0.08006	0.01944	0.9005
485 A	0.07985	0.01992	0.90023
486 T	0.07982	0.02002	0.90016
487 A	0.07974	0.01946	0.90081
488 T	0.07998	0.01759	0.90243
489 G	0.08004	0.01589	0.90406
490 G	0.08037	0.01357	0.90606
491 T	0.08048	0.01132	0.9082
492 T	0.08027	0.01108	0.90865
493 A	0.07987	0.01314	0.90699
494 A	0.07951	0.01559	0.9049
495 A	0.07916	0.01651	0.90433
496 G	0.07904	0.01669	0.90426
497 T	0.07897	0.01766	0.90338
498 T	0.07878	0.01843	0.90279
499 A	0.07841	0.01940	0.90219
500 T	0.07777	0.02101	0.90122
501 A	0.07594	0.02488	0.89918
502 A	0.07435	0.02839	0.89727
503 A	0.07381	0.02989	0.8963
504 A	0.07367	0.03042	0.89591
505 T	0.07384	0.03023	0.89593
506 A	0.07387	0.02992	0.89621
507 T	0.07413	0.02935	0.89652
508 T	0.07404	0.02937	0.89659
509 T	0.07408	0.02927	0.89665
510 T	0.07399	0.02928	0.89673
511 A	0.07377	0.02949	0.89674
512 G	0.07383	0.02927	0.8969
513 T	0.07418	0.02880	0.89701
514 A	0.07449	0.02841	0.8971
515 A	0.07527	0.02743	0.89731
516 A	0.07746	0.02486	0.89768
517 T	0.08033	0.02163	0.89804
518 T	0.08143	0.02013	0.89844
519 A	0.08212	0.01920	0.89868
520 T	0.08365	0.01738	0.89897
521 T	0.08464	0.01604	0.89932
522 A	0.08527	0.01503	0.89969
523 A	0.08633	0.01333	0.90035
524 A	0.08859	0.00939	0.90202
525 T	0.09105	0.00535	0.9036
526 T	0.09252	0.00326	0.90421
527 T	0.09335	0.00213	0.90452
528 T	0.09371	0.00155	0.90474
529 T	0.09391	0.00110	0.90499
530 A	0.09398	0.00077	0.90524
531 A	0.09418	0.00000	0.90583
