# lcl|CP097583.1_cds_USQ93226.1_1
# AA	inside	membr	outside
1 A	0.56028	0.00000	0.43971
2 T	0.55852	0.00176	0.43971
3 G	0.55420	0.00609	0.43971
4 G	0.55420	0.01964	0.42616
5 G	0.52553	0.05752	0.41694
6 T	0.52553	0.05896	0.4155
7 C	0.38585	0.19934	0.4148
8 A	0.38584	0.19939	0.41476
9 A	0.36696	0.21888	0.41416
10 A	0.36693	0.25131	0.38175
11 A	0.36495	0.25632	0.37873
12 G	0.34708	0.27495	0.37797
13 A	0.33057	0.29436	0.37507
14 G	0.33056	0.29436	0.37507
15 T	0.33056	0.29888	0.37055
16 A	0.33018	0.29926	0.37055
17 A	0.32977	0.29970	0.37054
18 T	0.32975	0.29975	0.37049
19 C	0.32901	0.30052	0.37047
20 C	0.32584	0.30540	0.36877
21 T	0.31823	0.31302	0.36876
22 A	0.31750	0.31410	0.3684
23 A	0.31724	0.31441	0.36835
24 T	0.31815	0.31350	0.36836
25 G	0.31809	0.30846	0.37346
26 G	0.31866	0.29276	0.38859
27 T	0.33156	0.25271	0.41573
28 T	0.33872	0.21762	0.44366
29 T	0.33887	0.21005	0.45108
30 G	0.33905	0.12526	0.53569
31 A	0.33890	0.12726	0.53385
32 G	0.33990	0.11175	0.54835
33 A	0.36472	0.09196	0.54332
34 T	0.36773	0.09313	0.53914
35 T	0.36725	0.09400	0.53876
36 A	0.36417	0.09815	0.53768
37 G	0.36241	0.10739	0.5302
38 G	0.36413	0.10961	0.52625
39 A	0.36158	0.13171	0.50672
40 A	0.36153	0.13860	0.49987
41 T	0.36173	0.14807	0.49021
42 A	0.36044	0.15732	0.48224
43 A	0.36098	0.15770	0.48131
44 T	0.35953	0.16759	0.47289
45 T	0.35598	0.17309	0.47093
46 A	0.35217	0.17775	0.47007
47 G	0.35062	0.17874	0.47064
48 G	0.35013	0.17845	0.47142
49 A	0.34977	0.18003	0.4702
50 C	0.35075	0.17869	0.47056
51 T	0.35384	0.17656	0.46961
52 T	0.35484	0.17608	0.46908
53 G	0.35430	0.17721	0.46848
54 G	0.35676	0.17648	0.46676
55 G	0.36006	0.17371	0.46623
56 A	0.36804	0.16504	0.46692
57 A	0.37767	0.15400	0.46833
58 T	0.39636	0.13245	0.4712
59 C	0.40911	0.11524	0.47564
60 T	0.41765	0.10980	0.47255
61 A	0.41784	0.12674	0.45542
62 A	0.42563	0.13647	0.4379
63 A	0.42982	0.14954	0.42065
64 T	0.43952	0.14581	0.41467
65 G	0.44451	0.14228	0.4132
66 G	0.44830	0.14146	0.41025
67 T	0.46155	0.13227	0.40618
68 A	0.46302	0.13292	0.40407
69 T	0.46455	0.12979	0.40566
70 G	0.46461	0.13054	0.40485
71 A	0.46514	0.13072	0.40414
72 T	0.46648	0.12883	0.40469
73 G	0.46486	0.13006	0.40508
74 T	0.46463	0.13018	0.40518
75 T	0.46015	0.13457	0.40528
76 G	0.45372	0.14031	0.40597
77 A	0.45157	0.14329	0.40515
78 T	0.44972	0.14620	0.40408
79 A	0.44617	0.15189	0.40194
80 A	0.44511	0.15359	0.4013
81 A	0.44556	0.15371	0.40073
82 A	0.44574	0.15373	0.40052
83 A	0.44927	0.15031	0.40042
84 A	0.46670	0.13001	0.40329
85 G	0.48700	0.10467	0.40833
86 T	0.50860	0.07973	0.41168
87 T	0.51677	0.06935	0.41388
88 C	0.52002	0.06368	0.4163
89 C	0.52328	0.05968	0.41704
90 T	0.52818	0.05470	0.41712
91 T	0.53064	0.05204	0.41731
92 T	0.53000	0.05279	0.41722
93 T	0.52409	0.05908	0.41684
94 T	0.51827	0.06526	0.41648
95 T	0.50991	0.07203	0.41806
96 A	0.47500	0.10402	0.42098
97 G	0.45056	0.12468	0.42475
98 T	0.43390	0.13358	0.43251
99 C	0.40762	0.15419	0.43819
100 G	0.39948	0.16479	0.43573
101 G	0.39522	0.17071	0.43408
102 T	0.39339	0.17304	0.43357
103 G	0.38743	0.18016	0.43241
104 A	0.38488	0.18486	0.43026
105 A	0.38255	0.18777	0.42968
106 G	0.38317	0.18691	0.42992
107 A	0.38329	0.18702	0.42969
108 T	0.38343	0.18719	0.42938
109 T	0.38321	0.18906	0.42773
110 T	0.38225	0.19460	0.42314
111 T	0.37959	0.20811	0.41229
112 A	0.36944	0.24479	0.38576
113 A	0.36681	0.25759	0.3756
114 A	0.36572	0.26372	0.37056
115 A	0.36494	0.26496	0.3701
116 T	0.36513	0.24753	0.38733
117 T	0.36449	0.23949	0.39602
118 A	0.36157	0.23554	0.4029
119 G	0.35893	0.21488	0.42619
120 A	0.35891	0.19472	0.44637
121 A	0.35952	0.17218	0.4683
122 C	0.36142	0.14336	0.49522
123 T	0.36715	0.13507	0.49777
124 T	0.37015	0.13408	0.49576
125 T	0.37122	0.14372	0.48507
126 A	0.36815	0.15629	0.47557
127 A	0.36852	0.16580	0.46568
128 T	0.36946	0.18279	0.44775
129 T	0.36815	0.22135	0.41051
130 A	0.36677	0.28364	0.34958
131 A	0.36733	0.32059	0.31209
132 A	0.36832	0.32348	0.30821
133 A	0.37264	0.32100	0.30636
134 A	0.38421	0.30764	0.30816
135 T	0.41190	0.27013	0.31797
136 C	0.42057	0.25991	0.31951
137 A	0.42607	0.25608	0.31785
138 T	0.43130	0.25045	0.31825
139 T	0.43348	0.24786	0.31865
140 A	0.43445	0.24621	0.31934
141 T	0.43485	0.24373	0.32142
142 C	0.43449	0.24139	0.32412
143 C	0.43036	0.24672	0.32292
144 T	0.42864	0.25976	0.3116
145 A	0.42309	0.26966	0.30725
146 A	0.41733	0.27837	0.30429
147 A	0.41511	0.28346	0.30144
148 T	0.42704	0.27104	0.30192
149 C	0.43777	0.25541	0.30682
150 A	0.45013	0.24280	0.30708
151 A	0.47352	0.22003	0.30644
152 C	0.51334	0.17946	0.3072
153 T	0.57282	0.12400	0.30317
154 A	0.60084	0.09700	0.30216
155 T	0.60649	0.09016	0.30334
156 T	0.60885	0.08697	0.30419
157 T	0.60865	0.08681	0.30454
158 C	0.60190	0.09270	0.3054
159 T	0.59420	0.10026	0.30554
160 C	0.57762	0.11706	0.30532
161 A	0.55483	0.14246	0.30271
162 A	0.52682	0.17267	0.30051
163 A	0.49286	0.20992	0.29722
164 T	0.45275	0.25191	0.29533
165 A	0.38171	0.32391	0.29437
166 G	0.37052	0.33034	0.29914
167 A	0.37190	0.32584	0.30226
168 A	0.36926	0.32236	0.30837
169 A	0.36304	0.32156	0.3154
170 T	0.36058	0.31761	0.32181
171 C	0.33429	0.34150	0.32421
172 A	0.29227	0.38541	0.32232
173 A	0.26950	0.40830	0.3222
174 A	0.26013	0.41772	0.32215
175 C	0.25602	0.42239	0.32159
176 G	0.25464	0.42691	0.31846
177 T	0.25213	0.43136	0.31651
178 T	0.24266	0.44511	0.31223
179 T	0.21862	0.47297	0.30841
180 A	0.16672	0.52982	0.30345
181 A	0.14258	0.54889	0.30853
182 A	0.12999	0.55425	0.31576
183 A	0.12524	0.54466	0.3301
184 A	0.12363	0.52547	0.3509
185 A	0.12369	0.49696	0.37934
186 A	0.12477	0.46186	0.41337
187 T	0.12564	0.41632	0.45804
188 C	0.12323	0.36201	0.51476
189 A	0.12136	0.37064	0.508
190 A	0.11974	0.38329	0.49697
191 A	0.11975	0.38418	0.49608
192 T	0.12081	0.37390	0.50529
193 G	0.12093	0.36877	0.5103
194 A	0.12130	0.34242	0.53628
195 T	0.12454	0.29816	0.57731
196 G	0.12546	0.27652	0.59803
197 A	0.12665	0.26719	0.60615
198 A	0.12991	0.25778	0.6123
199 T	0.13629	0.24213	0.62158
200 T	0.14058	0.23196	0.62747
201 T	0.14476	0.21809	0.63715
202 A	0.14645	0.20069	0.65286
203 T	0.14943	0.15740	0.69317
204 T	0.15004	0.14747	0.70249
205 G	0.14859	0.16071	0.6907
206 A	0.14835	0.22642	0.62523
207 A	0.14401	0.30545	0.55054
208 A	0.14285	0.33380	0.52336
209 T	0.14342	0.35936	0.49723
210 A	0.14131	0.38921	0.46948
211 G	0.14375	0.40442	0.45182
212 A	0.15672	0.41815	0.42513
213 T	0.17407	0.43252	0.39341
214 T	0.18058	0.44993	0.36949
215 T	0.18351	0.46681	0.34968
216 A	0.18418	0.49149	0.32433
217 T	0.18659	0.49190	0.3215
218 A	0.18736	0.49308	0.31956
219 T	0.19090	0.49042	0.31868
220 A	0.19476	0.48672	0.31852
221 C	0.20189	0.47962	0.3185
222 T	0.20840	0.47406	0.31754
223 T	0.21157	0.47245	0.31597
224 C	0.20158	0.48341	0.31501
225 A	0.20138	0.48644	0.31218
226 A	0.20410	0.48530	0.3106
227 A	0.21200	0.47835	0.30965
228 A	0.23151	0.45761	0.31087
229 A	0.30412	0.38471	0.31117
230 T	0.39261	0.29162	0.31577
231 A	0.41464	0.26889	0.31647
232 G	0.43772	0.24524	0.31704
233 G	0.46307	0.21631	0.32061
234 T	0.48815	0.19105	0.3208
235 A	0.50851	0.17126	0.32024
236 T	0.54738	0.13257	0.32005
237 C	0.56151	0.11784	0.32066
238 A	0.56902	0.11117	0.31981
239 T	0.58003	0.10032	0.31965
240 T	0.55680	0.12426	0.31895
241 C	0.46267	0.21962	0.31771
242 A	0.38967	0.30235	0.30798
243 A	0.34666	0.34568	0.30766
244 G	0.30402	0.38773	0.30825
245 G	0.27439	0.41659	0.30903
246 T	0.25049	0.43943	0.31008
247 C	0.20969	0.46917	0.32114
248 C	0.16416	0.51319	0.32266
249 G	0.12781	0.55225	0.31995
250 G	0.10919	0.57564	0.31516
251 A	0.10096	0.59130	0.30775
252 A	0.09451	0.60213	0.30337
253 A	0.09057	0.60744	0.30199
254 A	0.08928	0.60330	0.30742
255 T	0.08824	0.59832	0.31344
256 A	0.07993	0.60661	0.31346
257 A	0.07721	0.60686	0.31593
258 G	0.07435	0.60286	0.32279
259 A	0.07185	0.60208	0.32607
260 A	0.06946	0.59689	0.33366
261 T	0.06816	0.58757	0.34426
262 A	0.06416	0.58503	0.35081
263 A	0.06145	0.56503	0.37353
264 A	0.06104	0.48667	0.45228
265 A	0.06751	0.41671	0.51578
266 A	0.06812	0.37347	0.55841
267 T	0.06909	0.32934	0.60157
268 A	0.06880	0.32007	0.61113
269 G	0.06917	0.31202	0.61881
270 T	0.07198	0.28698	0.64104
271 T	0.07372	0.25650	0.66978
272 T	0.07468	0.25409	0.67124
273 A	0.07439	0.28678	0.63883
274 A	0.07809	0.29570	0.62621
275 T	0.08113	0.29175	0.62712
276 T	0.08030	0.29864	0.62106
277 A	0.07459	0.31922	0.60618
278 A	0.07298	0.33058	0.59645
279 T	0.07378	0.33652	0.5897
280 A	0.06869	0.36720	0.56411
281 A	0.06463	0.40982	0.52556
282 A	0.06188	0.44049	0.49762
283 A	0.05903	0.48066	0.46031
284 T	0.05636	0.51313	0.43051
285 A	0.04714	0.55966	0.39321
286 G	0.04544	0.57410	0.38046
287 A	0.04711	0.58241	0.37048
288 A	0.05050	0.58826	0.36123
289 A	0.05624	0.59544	0.34832
290 A	0.07014	0.59239	0.33747
291 A	0.10422	0.56812	0.32766
292 T	0.15357	0.52155	0.32488
293 T	0.17270	0.50596	0.32134
294 A	0.17738	0.50754	0.31508
295 A	0.18792	0.50469	0.30739
296 T	0.21540	0.47727	0.30734
297 T	0.21152	0.48443	0.30405
298 A	0.17575	0.52438	0.29986
299 A	0.16983	0.53043	0.29974
300 T	0.17675	0.51959	0.30366
301 A	0.16753	0.52752	0.30495
302 A	0.16577	0.52717	0.30706
303 A	0.18439	0.50382	0.31179
304 A	0.22541	0.45826	0.31633
305 A	0.26170	0.41669	0.32161
306 A	0.30915	0.36313	0.32772
307 G	0.34802	0.31750	0.33448
308 T	0.39264	0.26360	0.34376
309 T	0.40566	0.24663	0.34771
310 C	0.40905	0.24137	0.34958
311 A	0.41236	0.24050	0.34714
312 A	0.42480	0.23215	0.34304
313 A	0.43958	0.21978	0.34064
314 T	0.45627	0.20565	0.33808
315 T	0.46123	0.20541	0.33335
316 A	0.46298	0.20371	0.33331
317 A	0.46819	0.19457	0.33723
318 T	0.47748	0.17596	0.34656
319 A	0.47609	0.17352	0.35039
320 T	0.47962	0.15114	0.36924
321 T	0.48044	0.11078	0.40879
322 T	0.47241	0.10514	0.42245
323 T	0.44370	0.13029	0.42601
324 C	0.35299	0.22237	0.42464
325 G	0.29914	0.29670	0.40416
326 A	0.26594	0.34296	0.3911
327 A	0.24468	0.38022	0.3751
328 G	0.23680	0.39825	0.36495
329 T	0.23420	0.41064	0.35516
330 A	0.23042	0.43557	0.33401
331 A	0.22959	0.43707	0.33335
332 A	0.22954	0.43586	0.33459
333 A	0.22971	0.43241	0.33787
334 G	0.23237	0.42504	0.34259
335 C	0.23697	0.41744	0.34559
336 A	0.24019	0.41474	0.34507
337 A	0.24409	0.41093	0.34498
338 T	0.25015	0.40397	0.34589
339 T	0.25432	0.39923	0.34644
340 A	0.25557	0.39815	0.34627
341 A	0.25680	0.39452	0.34868
342 T	0.25951	0.38563	0.35486
343 A	0.25985	0.38134	0.35881
344 A	0.26108	0.37322	0.36569
345 A	0.26569	0.35440	0.37991
346 A	0.27453	0.31123	0.41424
347 T	0.29334	0.20267	0.50398
348 T	0.31799	0.12612	0.55589
349 G	0.32780	0.08942	0.58277
350 C	0.34232	0.05947	0.59822
351 T	0.35257	0.05048	0.59694
352 G	0.35902	0.04726	0.59372
353 T	0.37578	0.03148	0.59274
354 T	0.37756	0.03383	0.58861
355 T	0.37803	0.04000	0.58198
356 T	0.37819	0.05705	0.56477
357 A	0.37783	0.07287	0.5493
358 G	0.37768	0.07511	0.54721
359 T	0.37839	0.07816	0.54345
360 T	0.37855	0.07853	0.54293
361 G	0.37792	0.08043	0.54165
362 C	0.37682	0.08249	0.54069
363 T	0.37681	0.08455	0.53864
364 C	0.37496	0.08883	0.53621
365 A	0.37315	0.09953	0.52732
366 A	0.37359	0.11420	0.51221
367 A	0.37395	0.12405	0.502
368 A	0.37398	0.12628	0.49974
369 T	0.37373	0.12808	0.49819
370 A	0.37281	0.12938	0.49781
371 T	0.37144	0.13095	0.49761
372 C	0.36500	0.13796	0.49704
373 G	0.36413	0.14230	0.49358
374 C	0.36900	0.13944	0.49156
375 T	0.37481	0.13481	0.49038
376 A	0.37664	0.13424	0.48913
377 T	0.38239	0.12896	0.48864
378 G	0.38463	0.12700	0.48837
379 C	0.39460	0.11736	0.48804
380 A	0.40282	0.10949	0.48769
381 A	0.40352	0.10848	0.48799
382 T	0.40601	0.10566	0.48832
383 T	0.40082	0.11111	0.48807
384 G	0.39037	0.12120	0.48844
385 C	0.38457	0.12590	0.48953
386 A	0.38037	0.13124	0.48839
387 A	0.37969	0.13191	0.4884
388 C	0.38542	0.12539	0.48919
389 A	0.39697	0.11463	0.4884
390 A	0.40528	0.10678	0.48794
391 A	0.40855	0.10235	0.4891
392 G	0.41106	0.09847	0.49047
393 A	0.41282	0.09534	0.49184
394 G	0.41512	0.08849	0.49639
395 C	0.41850	0.07695	0.50454
396 T	0.42411	0.06924	0.50665
397 T	0.42630	0.06653	0.50717
398 T	0.42719	0.06632	0.5065
399 T	0.42761	0.06868	0.50371
400 T	0.42752	0.07239	0.5001
401 A	0.42698	0.07342	0.4996
402 T	0.42629	0.07374	0.49997
403 A	0.42575	0.07130	0.50295
404 A	0.42555	0.06809	0.50635
405 A	0.42538	0.06408	0.51054
406 G	0.42596	0.05561	0.51844
407 C	0.42644	0.04437	0.52919
408 T	0.42799	0.04044	0.53157
409 G	0.42923	0.04303	0.52774
410 T	0.42952	0.05515	0.51533
411 T	0.42837	0.07166	0.49998
412 T	0.42727	0.08951	0.48322
413 T	0.42509	0.10350	0.47141
414 A	0.42212	0.11648	0.4614
415 A	0.42067	0.11924	0.4601
416 A	0.41970	0.12097	0.45933
417 A	0.41675	0.12415	0.4591
418 T	0.41471	0.12604	0.45924
419 C	0.41049	0.13018	0.45933
420 A	0.40137	0.14059	0.45804
421 G	0.40032	0.14283	0.45685
422 C	0.40350	0.14056	0.45593
423 T	0.40709	0.13745	0.45546
424 A	0.40908	0.13626	0.45466
425 T	0.41139	0.13338	0.45523
426 T	0.41087	0.13395	0.45518
427 C	0.40475	0.14058	0.45467
428 A	0.39862	0.14777	0.45362
429 A	0.39281	0.15423	0.45295
430 A	0.38778	0.15916	0.45307
431 A	0.38666	0.16017	0.45317
432 A	0.39410	0.15238	0.45353
433 G	0.41109	0.13263	0.45629
434 C	0.42993	0.11058	0.45949
435 T	0.44619	0.09432	0.45949
436 T	0.45235	0.08873	0.45892
437 T	0.45309	0.08886	0.45804
438 A	0.44456	0.10068	0.45477
439 A	0.43315	0.11533	0.45152
440 A	0.42624	0.11933	0.45444
441 A	0.41990	0.12306	0.45704
442 A	0.41658	0.12114	0.46228
443 G	0.41634	0.11143	0.47223
444 C	0.41544	0.10921	0.47535
445 G	0.41499	0.10989	0.47513
446 G	0.41514	0.11016	0.47469
447 T	0.41592	0.10996	0.47412
448 A	0.41519	0.11103	0.47379
449 T	0.41538	0.11024	0.47439
450 T	0.41449	0.10525	0.48026
451 A	0.41306	0.10236	0.48457
452 A	0.41218	0.09887	0.48895
453 A	0.41112	0.09536	0.49352
454 G	0.41068	0.09334	0.49597
455 G	0.41098	0.09201	0.49701
456 T	0.41226	0.09098	0.49675
457 A	0.41271	0.09282	0.49446
458 T	0.41496	0.08913	0.49591
459 T	0.41624	0.08627	0.49749
460 A	0.41687	0.08363	0.4995
461 A	0.41846	0.07451	0.50703
462 G	0.42136	0.06063	0.51801
463 A	0.42225	0.05360	0.52415
464 T	0.42372	0.04634	0.52994
465 T	0.42480	0.04263	0.53257
466 A	0.42507	0.04168	0.53325
467 T	0.42563	0.03894	0.53543
468 T	0.42616	0.03773	0.53612
469 A	0.42648	0.03683	0.53669
470 T	0.42721	0.03506	0.53773
471 T	0.42778	0.03268	0.53955
472 A	0.42783	0.03144	0.54074
473 C	0.42839	0.02920	0.54242
474 A	0.42923	0.02720	0.54357
475 G	0.43028	0.02525	0.54447
476 G	0.43142	0.02343	0.54514
477 T	0.43469	0.01986	0.54545
478 C	0.43585	0.01899	0.54516
479 G	0.43741	0.01791	0.54468
480 T	0.44012	0.01585	0.54402
481 T	0.44059	0.01704	0.54237
482 T	0.44073	0.01910	0.54017
483 A	0.43938	0.02540	0.53521
484 G	0.43867	0.03345	0.52788
485 G	0.43782	0.05002	0.51216
486 T	0.43736	0.07068	0.49196
487 G	0.43536	0.08082	0.48382
488 G	0.43501	0.08638	0.47861
489 A	0.43540	0.09155	0.47305
490 G	0.43568	0.09432	0.47
491 C	0.43635	0.09554	0.46811
492 T	0.43655	0.10012	0.46332
493 G	0.43643	0.10418	0.4594
494 A	0.43641	0.10687	0.45672
495 A	0.43600	0.10821	0.45578
496 A	0.43603	0.10822	0.45575
497 A	0.43612	0.10768	0.45621
498 A	0.43630	0.10695	0.45675
499 G	0.43660	0.10619	0.45721
500 C	0.43704	0.10550	0.45746
501 T	0.43763	0.10503	0.45735
502 A	0.43799	0.10532	0.4567
503 G	0.43869	0.10530	0.45601
504 A	0.44026	0.10526	0.45448
505 A	0.44252	0.10334	0.45413
506 G	0.44773	0.09659	0.45568
507 A	0.45657	0.08707	0.45637
508 G	0.47353	0.06879	0.45768
509 A	0.49411	0.04736	0.45853
510 T	0.50676	0.03265	0.46059
511 T	0.51358	0.02498	0.46143
512 C	0.51910	0.01890	0.462
513 T	0.52252	0.01538	0.4621
514 A	0.52380	0.01397	0.46223
515 T	0.52610	0.01149	0.46241
516 T	0.52785	0.00955	0.4626
517 T	0.52880	0.00852	0.46268
518 C	0.52899	0.00770	0.46332
519 T	0.52871	0.00814	0.46315
520 A	0.52821	0.00904	0.46275
521 T	0.52796	0.00931	0.46273
522 G	0.52748	0.00980	0.46272
523 G	0.52742	0.00990	0.46268
524 G	0.52759	0.00973	0.46267
525 A	0.52813	0.00914	0.46273
526 G	0.52893	0.00832	0.46276
527 T	0.53078	0.00674	0.46247
528 T	0.53110	0.00652	0.46238
529 G	0.53116	0.00650	0.46234
530 T	0.53137	0.00632	0.46231
531 T	0.53137	0.00639	0.46224
532 C	0.53134	0.00654	0.46212
533 C	0.53132	0.00670	0.46198
534 T	0.53107	0.00743	0.4615
535 T	0.53037	0.00875	0.46088
536 T	0.52939	0.01028	0.46032
537 G	0.52747	0.01311	0.45942
538 A	0.52622	0.01469	0.45909
539 A	0.52567	0.01524	0.45909
540 T	0.52553	0.01509	0.45939
541 A	0.52514	0.01526	0.45959
542 C	0.52536	0.01454	0.46009
543 T	0.52575	0.01414	0.46011
544 T	0.52570	0.01460	0.4597
545 T	0.52557	0.01488	0.45955
546 A	0.52536	0.01536	0.45928
547 A	0.52534	0.01536	0.45931
548 G	0.52546	0.01499	0.45955
549 A	0.52561	0.01471	0.45969
550 G	0.52598	0.01416	0.45987
551 C	0.52625	0.01376	0.45999
552 T	0.52645	0.01359	0.45995
553 G	0.52651	0.01384	0.45965
554 A	0.52667	0.01424	0.45909
555 T	0.52699	0.01432	0.45868
556 A	0.52712	0.01496	0.45792
557 T	0.52756	0.01424	0.4582
558 T	0.52807	0.01352	0.4584
559 G	0.52848	0.01342	0.4581
560 A	0.52918	0.01174	0.45907
561 T	0.52954	0.01051	0.45996
562 T	0.52954	0.01001	0.46045
563 A	0.52921	0.01008	0.46071
564 C	0.52899	0.00976	0.46124
565 G	0.52900	0.00990	0.4611
566 C	0.52931	0.00969	0.461
567 T	0.52972	0.00964	0.46064
568 T	0.52960	0.01049	0.45992
569 T	0.52894	0.01176	0.4593
570 T	0.51831	0.02314	0.45855
571 G	0.49898	0.04458	0.45644
572 A	0.48816	0.05713	0.45472
573 A	0.48235	0.06465	0.453
574 G	0.47939	0.06776	0.45285
575 A	0.47757	0.06959	0.45284
576 A	0.47676	0.07033	0.45291
577 G	0.47668	0.07036	0.45295
578 C	0.47689	0.07013	0.45299
579 C	0.47753	0.06948	0.45299
580 C	0.47811	0.06890	0.45298
581 A	0.47879	0.06823	0.45298
582 T	0.48010	0.06693	0.45297
583 A	0.48016	0.06686	0.45297
584 C	0.48027	0.06673	0.453
585 T	0.48037	0.06656	0.45307
586 A	0.48034	0.06622	0.45344
587 C	0.48047	0.06568	0.45384
588 T	0.48097	0.06507	0.45396
589 T	0.48115	0.06483	0.45402
590 A	0.48109	0.06437	0.45455
591 T	0.48155	0.06279	0.45566
592 G	0.48146	0.06172	0.45682
593 G	0.48195	0.04797	0.47008
594 T	0.48380	0.02771	0.48849
595 G	0.48499	0.01642	0.49858
596 T	0.48642	0.01060	0.50298
597 T	0.48614	0.00885	0.50501
598 T	0.48420	0.00968	0.50612
599 T	0.48189	0.01130	0.5068
600 A	0.47920	0.01378	0.50702
601 G	0.47775	0.01522	0.50704
602 G	0.47718	0.01610	0.50672
603 T	0.47658	0.01777	0.50566
604 G	0.47497	0.02123	0.5038
605 T	0.47107	0.02660	0.50233
606 T	0.46390	0.03557	0.50053
607 A	0.45459	0.05380	0.49162
608 A	0.44728	0.07097	0.48175
609 A	0.44379	0.07969	0.47652
610 G	0.44230	0.08313	0.47458
611 T	0.44184	0.08457	0.47359
612 A	0.44103	0.08654	0.47242
613 A	0.44052	0.08736	0.47211
614 T	0.44036	0.08740	0.47224
615 T	0.44004	0.08755	0.47242
616 A	0.43971	0.08804	0.47224
617 T	0.43977	0.08785	0.47238
618 T	0.43977	0.08742	0.47282
619 A	0.43963	0.08738	0.47299
620 A	0.43978	0.08648	0.47375
621 T	0.43998	0.08396	0.47606
622 C	0.43955	0.08201	0.47843
623 A	0.43958	0.08042	0.48
624 T	0.43994	0.07912	0.48094
625 G	0.44029	0.07871	0.48101
626 G	0.44151	0.07708	0.48141
627 T	0.44400	0.07399	0.48201
628 G	0.44556	0.06687	0.48757
629 A	0.44749	0.05924	0.49327
630 G	0.45595	0.04361	0.50044
631 G	0.46551	0.02948	0.50502
632 T	0.47157	0.02332	0.50511
633 T	0.47407	0.02113	0.50479
634 T	0.47489	0.02058	0.50454
635 T	0.47536	0.02040	0.50424
636 A	0.47315	0.02366	0.50319
637 C	0.47227	0.02498	0.50276
638 C	0.47186	0.02726	0.50088
639 T	0.47119	0.03756	0.49125
640 A	0.46962	0.06136	0.46901
641 A	0.46762	0.08613	0.44625
642 T	0.46517	0.12133	0.41349
643 A	0.45941	0.14506	0.39553
644 A	0.45563	0.15352	0.39086
645 A	0.45293	0.15920	0.38787
646 A	0.45209	0.16100	0.38691
647 C	0.44902	0.16395	0.38703
648 C	0.44602	0.16762	0.38636
649 A	0.44289	0.17116	0.38596
650 T	0.44190	0.17239	0.3857
651 C	0.43828	0.17619	0.38553
652 G	0.43684	0.17819	0.38496
653 C	0.43692	0.17859	0.38449
654 A	0.43733	0.17937	0.38331
655 G	0.43902	0.17782	0.38316
656 A	0.44055	0.17647	0.38298
657 T	0.44186	0.17506	0.38307
658 A	0.44258	0.17445	0.38297
659 C	0.44527	0.16934	0.38539
660 T	0.44762	0.16623	0.38616
661 A	0.44850	0.16500	0.3865
662 G	0.45242	0.16042	0.38716
663 A	0.46827	0.14378	0.38795
664 C	0.48644	0.12428	0.38929
665 A	0.51524	0.09432	0.39044
666 A	0.53526	0.07033	0.39441
667 A	0.54448	0.05846	0.39707
668 T	0.55155	0.04928	0.39918
669 A	0.55344	0.04695	0.39961
670 T	0.55514	0.04022	0.40464
671 T	0.55656	0.03389	0.40956
672 T	0.55715	0.02819	0.41466
673 T	0.55686	0.02591	0.41722
674 C	0.55486	0.02438	0.42076
675 T	0.55226	0.02607	0.42168
676 T	0.54471	0.03346	0.42183
677 C	0.53094	0.04694	0.42212
678 T	0.51775	0.06079	0.42146
679 C	0.48412	0.09613	0.41975
680 A	0.46513	0.11839	0.41648
681 A	0.45001	0.13525	0.41474
682 T	0.43361	0.15338	0.413
683 A	0.40014	0.18774	0.41213
684 T	0.37130	0.21760	0.41111
685 G	0.26981	0.32168	0.40852
686 A	0.21509	0.38286	0.40205
687 A	0.16074	0.44263	0.39663
688 A	0.12259	0.48965	0.38776
689 A	0.09867	0.52293	0.37841
690 T	0.08793	0.54114	0.37093
691 A	0.06329	0.58048	0.35624
692 A	0.04637	0.60418	0.34945
693 A	0.03785	0.61532	0.34683
694 A	0.03358	0.62088	0.34554
695 A	0.02832	0.62626	0.34543
696 A	0.02476	0.62877	0.34647
697 A	0.02312	0.62685	0.35003
698 A	0.02255	0.62277	0.35469
699 T	0.02281	0.61336	0.36383
700 A	0.02227	0.60306	0.37467
701 A	0.02289	0.59009	0.38703
702 T	0.02452	0.55879	0.41669
703 A	0.02585	0.54276	0.43139
704 A	0.02687	0.52840	0.44473
705 T	0.02865	0.50743	0.46392
706 A	0.02919	0.48319	0.48763
707 A	0.03021	0.45837	0.51143
708 A	0.03434	0.36341	0.60224
709 A	0.04132	0.30163	0.65706
710 G	0.04804	0.23084	0.72112
711 A	0.05937	0.17374	0.76689
712 C	0.07084	0.13036	0.7988
713 A	0.07941	0.11125	0.80934
714 T	0.09485	0.07668	0.82846
715 T	0.10101	0.05830	0.84069
716 T	0.10249	0.05118	0.84633
717 T	0.10226	0.05200	0.84574
718 G	0.09998	0.05410	0.84592
719 T	0.09839	0.06694	0.83467
720 T	0.09097	0.10069	0.80834
721 G	0.08081	0.16050	0.75869
722 A	0.07623	0.24827	0.6755
723 T	0.07158	0.32108	0.60735
724 A	0.06623	0.41397	0.5198
725 A	0.06353	0.48599	0.45047
726 G	0.06328	0.51315	0.42357
727 A	0.06403	0.55231	0.38365
728 A	0.06594	0.56800	0.36605
729 A	0.07110	0.56902	0.35989
730 A	0.07555	0.56839	0.35607
731 A	0.07746	0.56665	0.35589
732 T	0.07953	0.56423	0.35625
733 T	0.08037	0.56348	0.35616
734 T	0.08082	0.56301	0.35617
735 T	0.08092	0.56297	0.3561
736 A	0.08113	0.56271	0.35616
737 A	0.08137	0.56239	0.35624
738 A	0.08183	0.56167	0.3565
739 A	0.08328	0.55976	0.35697
740 A	0.08695	0.55483	0.35822
741 A	0.09604	0.54252	0.36144
742 A	0.11686	0.51816	0.36499
743 G	0.15136	0.47421	0.37442
744 C	0.20854	0.40612	0.38534
745 A	0.28699	0.32392	0.3891
746 C	0.35870	0.24749	0.3938
747 G	0.44194	0.16151	0.39655
748 T	0.51756	0.08420	0.39824
749 C	0.54213	0.05860	0.39927
750 T	0.57748	0.02239	0.40013
751 T	0.58928	0.01024	0.40047
752 A	0.59363	0.00500	0.40136
753 A	0.59752	0.00000	0.40248
