# lcl|CP097583.1_cds_USQ93264.1_1
# AA	inside	membr	outside
1 A	0.46060	0.00000	0.5394
2 T	0.45423	0.00637	0.5394
3 G	0.44964	0.01097	0.5394
4 A	0.44964	0.13174	0.41863
5 A	0.38624	0.31946	0.29431
6 A	0.38624	0.34137	0.27239
7 A	0.32836	0.40361	0.26803
8 A	0.32836	0.40369	0.26795
9 A	0.32249	0.41172	0.26579
10 T	0.32248	0.43899	0.23854
11 T	0.32048	0.44249	0.23703
12 A	0.26032	0.50335	0.23633
13 A	0.20536	0.56137	0.23328
14 C	0.20535	0.56138	0.23328
15 T	0.20535	0.63411	0.16055
16 A	0.20373	0.63573	0.16055
17 G	0.20222	0.63911	0.15868
18 A	0.20218	0.64217	0.15565
19 A	0.20166	0.64364	0.15471
20 T	0.19467	0.66411	0.14122
21 A	0.17804	0.68070	0.14126
22 A	0.18163	0.67733	0.14104
23 A	0.18929	0.66848	0.14222
24 A	0.21847	0.63802	0.14351
25 T	0.26365	0.58023	0.15612
26 T	0.27999	0.55750	0.16252
27 A	0.34277	0.48803	0.1692
28 A	0.41120	0.36767	0.22113
29 T	0.43127	0.34353	0.22521
30 T	0.43704	0.29368	0.26927
31 A	0.43806	0.29077	0.27117
32 A	0.44205	0.27643	0.28152
33 T	0.47055	0.23328	0.29617
34 T	0.47375	0.22362	0.30263
35 G	0.47619	0.17162	0.35219
36 G	0.47975	0.13283	0.38742
37 C	0.48393	0.12839	0.38768
38 A	0.54316	0.07035	0.38649
39 T	0.54893	0.06716	0.3839
40 T	0.55734	0.06118	0.38148
41 T	0.56057	0.06204	0.3774
42 A	0.56086	0.09095	0.3482
43 T	0.56842	0.07626	0.35531
44 T	0.56711	0.06547	0.36742
45 T	0.56539	0.06877	0.36584
46 T	0.55933	0.07705	0.36362
47 C	0.53914	0.10497	0.35589
48 T	0.52596	0.12268	0.35137
49 T	0.49575	0.18429	0.31996
50 A	0.45419	0.24106	0.30475
51 T	0.43580	0.26511	0.29909
52 C	0.38094	0.33537	0.28369
53 A	0.33717	0.40790	0.25494
54 A	0.30048	0.47180	0.22772
55 G	0.28875	0.49629	0.21496
56 A	0.28367	0.50597	0.21036
57 T	0.28049	0.51182	0.20769
58 A	0.27046	0.52443	0.20512
59 T	0.26706	0.52800	0.20495
60 A	0.25829	0.53775	0.20397
61 G	0.25636	0.53968	0.20397
62 A	0.25864	0.53745	0.20391
63 A	0.26155	0.53427	0.20418
64 A	0.26638	0.52890	0.20472
65 T	0.29307	0.50093	0.206
66 T	0.29394	0.49891	0.20715
67 A	0.29522	0.49555	0.20923
68 A	0.29675	0.49121	0.21204
69 A	0.29884	0.48177	0.21939
70 G	0.30574	0.45296	0.24131
71 A	0.31191	0.43302	0.25507
72 T	0.34641	0.36429	0.2893
73 A	0.35967	0.31933	0.32099
74 A	0.37006	0.29113	0.33881
75 T	0.39207	0.22145	0.38649
76 A	0.41611	0.16047	0.42342
77 T	0.44060	0.09953	0.45987
78 T	0.45147	0.07652	0.47201
79 T	0.45419	0.07524	0.47058
80 T	0.45491	0.07900	0.46608
81 A	0.45536	0.08632	0.45832
82 A	0.45566	0.08396	0.46038
83 T	0.45654	0.07510	0.46836
84 T	0.45589	0.07849	0.46563
85 T	0.45347	0.08664	0.45989
86 C	0.44858	0.10471	0.4467
87 A	0.44262	0.13300	0.42438
88 G	0.44063	0.14923	0.41014
89 G	0.43988	0.17956	0.38056
90 G	0.43985	0.21074	0.34942
91 G	0.44048	0.25289	0.30664
92 A	0.44138	0.27657	0.28206
93 A	0.44253	0.28289	0.27457
94 A	0.44388	0.28548	0.27064
95 A	0.44520	0.28686	0.26793
96 T	0.44887	0.28285	0.26828
97 G	0.44983	0.28153	0.26865
98 G	0.45128	0.28019	0.26853
99 G	0.45444	0.27732	0.26824
100 T	0.45856	0.27434	0.26709
101 C	0.46079	0.27332	0.26589
102 A	0.46532	0.27663	0.25804
103 G	0.47173	0.27613	0.25214
104 G	0.48319	0.26805	0.24876
105 T	0.48704	0.26777	0.24518
106 A	0.48920	0.26631	0.24449
107 A	0.49746	0.25651	0.24603
108 A	0.50759	0.24321	0.2492
109 T	0.52985	0.21533	0.25482
110 C	0.55066	0.18884	0.2605
111 C	0.57009	0.16814	0.26176
112 A	0.59737	0.14135	0.26127
113 C	0.62827	0.11068	0.26105
114 T	0.66777	0.07220	0.26003
115 T	0.68523	0.05530	0.25947
116 T	0.68844	0.05251	0.25905
117 A	0.68878	0.05252	0.2587
118 T	0.68984	0.05155	0.2586
119 T	0.68889	0.05215	0.25897
120 A	0.68356	0.05694	0.25951
121 G	0.68152	0.05838	0.2601
122 A	0.68219	0.05713	0.26069
123 T	0.68450	0.05402	0.26148
124 G	0.68574	0.05201	0.26225
125 C	0.69395	0.04291	0.26314
126 T	0.70002	0.03668	0.2633
127 T	0.70165	0.03495	0.2634
128 T	0.70154	0.03511	0.26335
129 A	0.69823	0.03866	0.26311
130 C	0.69210	0.04498	0.26292
131 A	0.68260	0.05559	0.26182
132 A	0.66358	0.07552	0.2609
133 T	0.65009	0.08944	0.26047
134 A	0.63734	0.10287	0.25979
135 T	0.63366	0.10696	0.25938
136 G	0.62770	0.11318	0.25912
137 T	0.62430	0.11632	0.25938
138 T	0.61942	0.12145	0.25913
139 T	0.61556	0.12555	0.25889
140 T	0.60956	0.13141	0.25903
141 G	0.59201	0.15146	0.25653
142 A	0.57062	0.17846	0.25091
143 T	0.55160	0.19448	0.25392
144 A	0.52773	0.21697	0.2553
145 G	0.51579	0.22788	0.25633
146 G	0.50990	0.23344	0.25667
147 C	0.50456	0.23827	0.25717
148 G	0.49888	0.24536	0.25575
149 A	0.49656	0.24890	0.25454
150 A	0.49551	0.25112	0.25338
151 A	0.49510	0.25112	0.25378
152 G	0.49498	0.24945	0.25556
153 A	0.49505	0.24407	0.26088
154 A	0.49627	0.23280	0.27093
155 A	0.49752	0.21031	0.29217
156 T	0.49902	0.19155	0.30944
157 G	0.49994	0.17834	0.32172
158 G	0.50102	0.17236	0.32662
159 T	0.50358	0.16338	0.33304
160 G	0.50513	0.15512	0.33975
161 T	0.50778	0.14733	0.34489
162 T	0.51031	0.14578	0.34391
163 A	0.51120	0.14998	0.33882
164 A	0.51364	0.14160	0.34476
165 A	0.51924	0.11975	0.36101
166 T	0.51963	0.10218	0.3782
167 T	0.51857	0.08779	0.39364
168 T	0.51632	0.09765	0.38603
169 A	0.51314	0.14290	0.34396
170 A	0.51093	0.18654	0.30253
171 T	0.50879	0.20953	0.28168
172 A	0.50258	0.22101	0.27641
173 T	0.50217	0.22837	0.26946
174 A	0.49631	0.24860	0.2551
175 G	0.49308	0.25590	0.25102
176 C	0.49196	0.25912	0.24892
177 T	0.49112	0.26316	0.24573
178 G	0.49002	0.26900	0.24099
179 C	0.48926	0.27048	0.24026
180 T	0.48907	0.27204	0.23889
181 A	0.48730	0.27474	0.23796
182 A	0.48644	0.27605	0.23751
183 C	0.48500	0.27774	0.23726
184 G	0.48282	0.28179	0.23539
185 A	0.48346	0.28560	0.23094
186 A	0.48316	0.29024	0.22659
187 A	0.48785	0.28622	0.22593
188 A	0.49314	0.28120	0.22565
189 T	0.50167	0.26969	0.22865
190 G	0.50432	0.26334	0.23234
191 C	0.51619	0.24832	0.23549
192 A	0.55632	0.20662	0.23706
193 A	0.59610	0.16516	0.23875
194 A	0.61791	0.14011	0.24198
195 G	0.62501	0.12570	0.24929
196 C	0.63268	0.11568	0.25164
197 G	0.64654	0.09577	0.25769
198 T	0.65825	0.08059	0.26115
199 T	0.66101	0.07663	0.26236
200 C	0.66106	0.07583	0.26311
201 T	0.65998	0.07861	0.26142
202 T	0.65367	0.08689	0.25943
203 T	0.62458	0.12137	0.25405
204 A	0.52615	0.23041	0.24344
205 G	0.47803	0.28251	0.23947
206 A	0.46199	0.29796	0.24005
207 A	0.45690	0.29946	0.24364
208 A	0.45588	0.29563	0.24849
209 G	0.45847	0.28338	0.25815
210 C	0.45932	0.28044	0.26023
211 T	0.45986	0.28135	0.25879
212 A	0.45956	0.28246	0.25798
213 T	0.45976	0.28114	0.2591
214 A	0.45918	0.28108	0.25974
215 T	0.45729	0.28281	0.2599
216 T	0.45073	0.28857	0.2607
217 A	0.43319	0.31039	0.25642
218 A	0.42493	0.31952	0.25555
219 A	0.41748	0.32738	0.25514
220 G	0.40711	0.33729	0.25561
221 G	0.39722	0.35062	0.25216
222 T	0.39391	0.35884	0.24725
223 A	0.38519	0.38335	0.23146
224 A	0.38162	0.38358	0.2348
225 A	0.38109	0.37557	0.24335
226 A	0.38495	0.33791	0.27715
227 T	0.39456	0.22936	0.37608
228 C	0.39683	0.18334	0.41982
229 G	0.39842	0.17180	0.42978
230 G	0.39951	0.16808	0.43241
231 T	0.40099	0.16491	0.4341
232 C	0.39997	0.16581	0.43422
233 T	0.39830	0.17039	0.43132
234 T	0.39231	0.18372	0.42397
235 G	0.37331	0.23011	0.39658
236 A	0.36614	0.28473	0.34913
237 A	0.35765	0.32501	0.31734
238 A	0.34851	0.34792	0.30357
239 A	0.34470	0.35224	0.30306
240 T	0.34764	0.34096	0.31141
241 A	0.33986	0.38362	0.27652
242 A	0.33898	0.38930	0.27171
243 A	0.34101	0.38417	0.27482
244 G	0.34625	0.37278	0.28097
245 A	0.35316	0.36376	0.28309
246 A	0.37042	0.34041	0.28917
247 T	0.37469	0.33077	0.29454
248 T	0.37605	0.32625	0.2977
249 T	0.37627	0.32670	0.29703
250 T	0.37580	0.33002	0.29418
251 T	0.37466	0.33319	0.29215
252 A	0.37245	0.34176	0.28579
253 A	0.37152	0.35054	0.27794
254 G	0.37192	0.35225	0.27583
255 A	0.37209	0.35538	0.27253
256 A	0.37701	0.35009	0.2729
257 A	0.38897	0.33275	0.27828
258 T	0.42092	0.28476	0.29431
259 A	0.45888	0.24488	0.29625
260 A	0.48777	0.20932	0.30291
261 T	0.50936	0.17764	0.31299
262 G	0.51686	0.16450	0.31865
263 A	0.52472	0.15505	0.32023
264 T	0.56231	0.11054	0.32715
265 G	0.56767	0.10617	0.32616
266 T	0.57206	0.10800	0.31994
267 T	0.57163	0.11725	0.31113
268 A	0.56760	0.12222	0.31018
269 T	0.56763	0.12243	0.30995
270 T	0.56255	0.12721	0.31024
271 A	0.55219	0.13703	0.31078
272 C	0.55106	0.13690	0.31204
273 T	0.55437	0.13300	0.31263
274 C	0.55567	0.13123	0.31309
275 A	0.56097	0.12544	0.31358
276 T	0.56914	0.11665	0.3142
277 A	0.56966	0.11589	0.31445
278 T	0.57297	0.11009	0.31694
279 C	0.57318	0.10862	0.3182
280 G	0.57504	0.10551	0.31945
281 C	0.57790	0.10157	0.32053
282 T	0.58317	0.09604	0.32078
283 T	0.58458	0.09489	0.32053
284 T	0.58224	0.09774	0.32001
285 A	0.57928	0.10165	0.31907
286 G	0.57788	0.10458	0.31754
287 A	0.57795	0.10502	0.31703
288 A	0.58125	0.09912	0.31962
289 T	0.58883	0.08897	0.3222
290 T	0.59524	0.08770	0.31706
291 T	0.59304	0.09359	0.31336
292 T	0.58359	0.12497	0.29144
293 A	0.57017	0.15085	0.27899
294 T	0.55620	0.16683	0.27697
295 G	0.54261	0.19034	0.26705
296 A	0.53411	0.21061	0.25528
297 T	0.52571	0.22818	0.24611
298 G	0.51464	0.24941	0.23595
299 A	0.50945	0.26088	0.22967
300 A	0.49936	0.27305	0.22758
301 A	0.49304	0.27976	0.22721
302 T	0.48839	0.28417	0.22744
303 T	0.48094	0.29597	0.22309
304 A	0.46541	0.32304	0.21155
305 A	0.45346	0.33976	0.20677
306 A	0.44675	0.34759	0.20566
307 A	0.44287	0.35025	0.20689
308 A	0.44096	0.34978	0.20925
309 A	0.44087	0.34785	0.21129
310 G	0.44245	0.34459	0.21296
311 A	0.44743	0.33879	0.21377
312 A	0.45546	0.32924	0.21529
313 T	0.47548	0.30541	0.2191
314 A	0.48792	0.28846	0.22363
315 T	0.51524	0.24956	0.2352
316 A	0.52608	0.22532	0.2486
317 C	0.53462	0.19952	0.26586
318 T	0.54674	0.17803	0.27524
319 A	0.55837	0.16066	0.28097
320 T	0.56845	0.14393	0.28762
321 T	0.57798	0.12665	0.29537
322 T	0.58176	0.11924	0.299
323 T	0.58361	0.10598	0.31041
324 A	0.58460	0.09733	0.31807
325 G	0.58616	0.08883	0.32501
326 G	0.59144	0.07455	0.334
327 T	0.60420	0.04728	0.34852
328 T	0.60914	0.03019	0.36067
329 G	0.61063	0.02442	0.36495
330 T	0.61233	0.02153	0.36614
331 G	0.61271	0.02296	0.36433
332 T	0.61317	0.02367	0.36316
333 T	0.61314	0.02294	0.36391
334 T	0.61305	0.02484	0.36211
335 T	0.61272	0.02854	0.35874
336 G	0.61206	0.03246	0.35548
337 G	0.61130	0.03678	0.35192
338 A	0.61048	0.04194	0.34757
339 A	0.61008	0.04316	0.34676
340 T	0.60991	0.04330	0.34679
341 T	0.60995	0.04349	0.34655
342 G	0.60848	0.04530	0.34622
343 C	0.60790	0.04635	0.34575
344 C	0.60753	0.05000	0.34247
345 T	0.60688	0.06661	0.32651
346 T	0.60348	0.10092	0.2956
347 A	0.56774	0.18889	0.24336
348 T	0.55368	0.21922	0.2271
349 A	0.53116	0.25354	0.2153
350 G	0.51780	0.26775	0.21445
351 A	0.51359	0.27243	0.21398
352 G	0.51095	0.27475	0.2143
353 G	0.51152	0.27411	0.21437
354 C	0.51675	0.26886	0.21439
355 T	0.52103	0.26599	0.21298
356 T	0.52257	0.26534	0.21209
357 G	0.52300	0.26622	0.21078
358 T	0.52458	0.26573	0.20968
359 T	0.52513	0.26658	0.20829
360 A	0.52524	0.26797	0.20679
361 A	0.52663	0.26808	0.20528
362 A	0.52729	0.26879	0.20392
363 A	0.52747	0.27055	0.20198
364 G	0.52796	0.27177	0.20027
365 A	0.52888	0.27205	0.19907
366 A	0.52953	0.27339	0.19708
367 A	0.53494	0.26806	0.197
368 A	0.55265	0.24936	0.19799
369 A	0.58681	0.20953	0.20367
370 T	0.64164	0.10954	0.24882
371 T	0.65635	0.08098	0.26267
372 T	0.66318	0.05790	0.27892
373 T	0.66306	0.05178	0.28517
374 A	0.66150	0.05109	0.2874
375 T	0.65959	0.04916	0.29125
376 C	0.65527	0.05351	0.29123
377 T	0.65239	0.05735	0.29025
378 T	0.64414	0.06619	0.28967
379 G	0.61988	0.09059	0.28952
380 T	0.58377	0.12656	0.28967
381 C	0.53015	0.18100	0.28885
382 C	0.45185	0.26433	0.28383
383 C	0.42489	0.30340	0.27171
384 A	0.39665	0.39875	0.20459
385 A	0.38525	0.42934	0.18542
386 A	0.38196	0.44318	0.17486
387 T	0.38044	0.44868	0.17088
388 A	0.37472	0.45628	0.169
389 T	0.37401	0.45630	0.16968
390 A	0.36839	0.46246	0.16915
391 A	0.36820	0.46307	0.16872
392 A	0.36834	0.46438	0.16728
393 T	0.36927	0.46378	0.16695
394 T	0.36923	0.46413	0.16664
395 T	0.36807	0.46547	0.16646
396 A	0.36262	0.47123	0.16615
397 A	0.35850	0.47467	0.16683
398 A	0.35704	0.47374	0.16922
399 G	0.35636	0.46850	0.17515
400 A	0.35582	0.46403	0.18015
401 A	0.35626	0.44982	0.19392
402 A	0.35751	0.42058	0.2219
403 G	0.35978	0.37416	0.26606
404 A	0.36680	0.32213	0.31107
405 T	0.38137	0.23373	0.3849
406 A	0.39915	0.19258	0.40827
407 T	0.46017	0.10326	0.43657
408 T	0.47328	0.08205	0.44468
409 T	0.47894	0.07115	0.44991
410 T	0.47852	0.06884	0.45265
411 T	0.47440	0.07164	0.45396
412 A	0.46874	0.08089	0.45037
413 C	0.46299	0.08811	0.44889
414 A	0.45722	0.12938	0.41341
415 T	0.45281	0.16088	0.38631
416 T	0.44538	0.19395	0.36067
417 T	0.41332	0.26923	0.31745
418 G	0.33904	0.37720	0.28376
419 A	0.31787	0.42625	0.25588
420 T	0.30556	0.44834	0.2461
421 A	0.28070	0.49666	0.22264
422 A	0.27208	0.51779	0.21013
423 T	0.26733	0.52439	0.20828
424 A	0.25333	0.54477	0.2019
425 A	0.24230	0.55787	0.19983
426 T	0.23196	0.57018	0.19786
427 C	0.21812	0.58591	0.19597
428 A	0.21158	0.59921	0.1892
429 A	0.21016	0.60521	0.18464
430 A	0.21071	0.60774	0.18155
431 T	0.21598	0.60364	0.18038
432 A	0.21659	0.60515	0.17826
433 A	0.21875	0.60319	0.17806
434 G	0.22425	0.59446	0.18129
435 A	0.23149	0.58250	0.186
436 A	0.24117	0.56674	0.19209
437 A	0.28258	0.51738	0.20004
438 T	0.32895	0.45881	0.21225
439 A	0.35910	0.41758	0.22333
440 T	0.40552	0.33543	0.25905
441 T	0.42547	0.25094	0.3236
442 A	0.43777	0.22995	0.33228
443 A	0.43370	0.23239	0.33391
444 G	0.44128	0.22091	0.33781
445 G	0.44659	0.21970	0.33371
446 A	0.44623	0.22037	0.3334
447 T	0.45190	0.20196	0.34614
448 A	0.44977	0.19406	0.35617
449 T	0.45032	0.18179	0.36789
450 G	0.44142	0.17904	0.37953
451 C	0.43802	0.17747	0.38451
452 G	0.43339	0.18336	0.38325
453 T	0.43303	0.19039	0.37658
454 G	0.42473	0.21940	0.35587
455 A	0.41614	0.27000	0.31386
456 G	0.41210	0.28036	0.30754
457 T	0.40938	0.29432	0.29631
458 A	0.40239	0.31561	0.282
459 T	0.39980	0.32412	0.27609
460 C	0.39363	0.33463	0.27174
461 T	0.38888	0.34737	0.26375
462 A	0.37644	0.36884	0.25472
463 A	0.36751	0.38611	0.24637
464 G	0.36647	0.38986	0.24367
465 A	0.37258	0.38412	0.24329
466 A	0.38520	0.36053	0.25427
467 T	0.40719	0.32612	0.26669
468 T	0.41971	0.30673	0.27356
469 T	0.42363	0.29733	0.27905
470 T	0.42382	0.29220	0.28398
471 T	0.42339	0.28943	0.28718
472 A	0.41851	0.29321	0.28828
473 A	0.41661	0.28735	0.29604
474 T	0.41751	0.27860	0.30389
475 A	0.41891	0.27244	0.30865
476 A	0.42529	0.26338	0.31134
477 A	0.44476	0.23542	0.31981
478 G	0.48307	0.18555	0.33138
479 A	0.49358	0.16904	0.33738
480 T	0.51411	0.14333	0.34255
481 T	0.53264	0.12401	0.34335
482 T	0.54076	0.12216	0.33708
483 T	0.54410	0.12854	0.32736
484 A	0.54504	0.14953	0.30543
485 A	0.54835	0.14125	0.31039
486 T	0.55545	0.12677	0.31778
487 T	0.55846	0.12414	0.3174
488 T	0.55816	0.12630	0.31554
489 C	0.55533	0.13136	0.31331
490 T	0.55262	0.14542	0.30196
491 T	0.54751	0.17175	0.28075
492 T	0.53296	0.21379	0.25326
493 G	0.51019	0.24946	0.24034
494 A	0.48369	0.28536	0.23094
495 T	0.47267	0.29872	0.2286
496 A	0.45668	0.31972	0.22361
497 C	0.43470	0.34534	0.21996
498 T	0.42193	0.37765	0.20042
499 A	0.40715	0.41694	0.17591
500 A	0.40006	0.44304	0.1569
501 A	0.39568	0.45033	0.15399
502 A	0.39536	0.45274	0.15189
503 A	0.39916	0.44947	0.15137
504 A	0.40789	0.44213	0.14998
505 C	0.41880	0.43287	0.14833
506 A	0.43178	0.42922	0.139
507 A	0.45581	0.40491	0.13928
508 T	0.46021	0.40099	0.13881
509 A	0.45528	0.40712	0.13759
510 T	0.45592	0.40600	0.13809
511 C	0.44862	0.40849	0.14288
512 A	0.44314	0.41224	0.14462
513 A	0.44635	0.40702	0.14662
514 A	0.46316	0.38502	0.15182
515 A	0.48206	0.35510	0.16285
516 T	0.49556	0.32476	0.17968
517 G	0.49816	0.28665	0.2152
518 C	0.49448	0.27256	0.23296
519 A	0.47735	0.28152	0.24113
520 G	0.46070	0.28355	0.25575
521 T	0.46441	0.26958	0.26601
522 C	0.45032	0.27653	0.27315
523 G	0.43852	0.29578	0.26571
524 G	0.42410	0.31191	0.26399
525 C	0.41592	0.32278	0.26129
526 A	0.40226	0.36204	0.2357
527 A	0.39851	0.37448	0.22701
528 A	0.40025	0.37676	0.223
529 T	0.40915	0.38390	0.20695
530 A	0.40848	0.39930	0.19222
531 T	0.41039	0.38899	0.20063
532 T	0.40937	0.38157	0.20905
533 T	0.40187	0.38347	0.21467
534 A	0.39012	0.38920	0.22069
535 C	0.38610	0.38567	0.22822
536 A	0.38532	0.38566	0.22901
537 A	0.38510	0.38344	0.23146
538 A	0.38932	0.37603	0.23465
539 T	0.39623	0.36521	0.23856
540 T	0.39808	0.36374	0.23818
541 A	0.39559	0.35462	0.24979
542 A	0.39510	0.32963	0.27527
543 T	0.39780	0.29578	0.30643
544 A	0.39864	0.27959	0.32178
545 T	0.40320	0.24458	0.35222
546 T	0.42914	0.20177	0.36909
547 T	0.43655	0.18361	0.37984
548 A	0.43417	0.18546	0.38037
549 T	0.44153	0.17707	0.3814
550 A	0.43932	0.20605	0.35463
551 A	0.43300	0.25765	0.30935
552 A	0.41592	0.32582	0.25826
553 T	0.42459	0.34497	0.23043
554 A	0.42345	0.37066	0.20589
555 T	0.42065	0.38162	0.19773
556 T	0.41622	0.39384	0.18994
557 T	0.39569	0.42464	0.17968
558 A	0.27181	0.56776	0.16043
559 A	0.25532	0.60540	0.13927
560 A	0.25208	0.61867	0.12925
561 A	0.25051	0.62461	0.12488
562 A	0.25247	0.62385	0.12368
563 T	0.25883	0.61635	0.12483
564 A	0.26223	0.61067	0.1271
565 T	0.26563	0.60379	0.13058
566 T	0.26684	0.60118	0.13199
567 A	0.26676	0.60092	0.13232
568 C	0.26802	0.59860	0.13339
569 C	0.27075	0.59544	0.1338
570 A	0.27400	0.59150	0.1345
571 A	0.28040	0.58191	0.13769
572 A	0.29253	0.56887	0.1386
573 A	0.32389	0.53531	0.1408
574 G	0.37880	0.47064	0.15056
575 C	0.44554	0.34815	0.20632
576 T	0.49254	0.28963	0.21783
577 T	0.51909	0.26006	0.22084
578 T	0.52993	0.24658	0.2235
579 A	0.53647	0.23670	0.22684
580 G	0.54657	0.20932	0.24412
581 C	0.56273	0.06453	0.37274
582 T	0.58339	0.03761	0.379
583 T	0.59190	0.04857	0.35952
584 T	0.58404	0.21747	0.19849
585 T	0.55163	0.35910	0.08927
586 A	0.49687	0.42425	0.07888
587 A	0.46477	0.46006	0.07518
588 A	0.44999	0.47675	0.07326
589 G	0.44586	0.48170	0.07243
590 C	0.44427	0.48463	0.0711
591 T	0.44287	0.48832	0.06882
592 T	0.43838	0.49603	0.06559
593 T	0.43110	0.50396	0.06494
594 G	0.42173	0.51433	0.06394
595 A	0.41670	0.52291	0.06039
596 A	0.41478	0.52545	0.05977
597 C	0.41419	0.52602	0.05979
598 T	0.41394	0.52648	0.05959
599 T	0.41352	0.52706	0.05943
600 A	0.41213	0.52856	0.05931
601 C	0.41140	0.52928	0.05932
602 A	0.41091	0.52986	0.05923
603 A	0.41151	0.52903	0.05946
604 A	0.41544	0.52463	0.05993
605 A	0.42874	0.51028	0.06099
606 A	0.45479	0.48207	0.06313
607 T	0.62299	0.29281	0.0842
608 T	0.72003	0.15883	0.12115
609 T	0.72908	0.10148	0.16944
610 A	0.73136	0.07296	0.19568
611 T	0.73372	0.05724	0.20904
612 T	0.73522	0.05109	0.21369
613 T	0.73597	0.04854	0.21549
614 T	0.73661	0.04571	0.21768
615 T	0.73869	0.04089	0.22042
616 G	0.73863	0.04162	0.21975
617 A	0.73932	0.04052	0.22016
618 T	0.74238	0.03843	0.21918
619 T	0.74268	0.03953	0.21779
620 T	0.74203	0.04164	0.21633
621 T	0.73832	0.05125	0.21043
622 T	0.73058	0.07642	0.193
623 T	0.71703	0.10798	0.175
624 A	0.67549	0.16774	0.15677
625 T	0.64838	0.20255	0.14906
626 T	0.58634	0.27120	0.14246
627 A	0.33661	0.53164	0.13175
628 G	0.19260	0.68989	0.11751
629 A	0.14232	0.74725	0.11043
630 A	0.11876	0.77706	0.10417
631 G	0.10715	0.79474	0.09811
632 A	0.10366	0.80241	0.09393
633 A	0.10266	0.80364	0.0937
634 A	0.10308	0.80303	0.09388
635 A	0.10459	0.80120	0.09422
636 T	0.10903	0.79581	0.09516
637 C	0.11196	0.79204	0.096
638 C	0.11555	0.78825	0.09619
639 T	0.12159	0.78288	0.09554
640 A	0.12427	0.78170	0.09402
641 T	0.12923	0.77724	0.09352
642 T	0.13051	0.77704	0.09245
643 A	0.12897	0.78045	0.09059
644 A	0.13327	0.76786	0.09887
645 T	0.15218	0.72710	0.12071
646 A	0.16692	0.68478	0.1483
647 T	0.18685	0.58876	0.22439
648 T	0.19326	0.53946	0.26728
649 A	0.19493	0.48489	0.32018
650 A	0.20067	0.28906	0.51027
651 T	0.21380	0.15295	0.63325
652 G	0.21822	0.11499	0.66679
653 G	0.22263	0.12622	0.65116
654 T	0.22816	0.14274	0.62911
655 T	0.23041	0.15745	0.61213
656 T	0.22355	0.19285	0.5836
657 A	0.19826	0.24411	0.55762
658 A	0.17379	0.29564	0.53058
659 A	0.15950	0.40705	0.43345
660 A	0.14944	0.52215	0.32841
661 A	0.14059	0.61597	0.24344
662 A	0.13546	0.66467	0.19987
663 T	0.12886	0.70241	0.16873
664 A	0.11978	0.77360	0.10662
665 A	0.11671	0.79625	0.08703
666 T	0.11724	0.80338	0.07938
667 G	0.11155	0.81675	0.0717
668 T	0.10889	0.82793	0.06318
669 T	0.10417	0.83355	0.06227
670 A	0.09735	0.84433	0.05832
671 G	0.09417	0.84692	0.05891
672 A	0.09720	0.84325	0.05954
673 C	0.10301	0.83627	0.06072
674 A	0.11306	0.82910	0.05783
675 A	0.13554	0.80916	0.0553
676 T	0.18596	0.75956	0.05448
677 T	0.20231	0.74613	0.05156
678 A	0.18954	0.76383	0.04662
679 A	0.18806	0.76308	0.04886
680 A	0.18368	0.75066	0.06566
681 A	0.18330	0.73189	0.08481
682 A	0.25777	0.64584	0.09638
683 A	0.35968	0.53686	0.10345
684 A	0.45373	0.43632	0.10994
685 A	0.50234	0.38445	0.11321
686 T	0.53990	0.33897	0.12113
687 T	0.57418	0.30318	0.12264
688 G	0.52981	0.34682	0.12337
689 A	0.51209	0.36981	0.11809
690 A	0.50318	0.37201	0.12481
691 T	0.50218	0.36672	0.13109
692 C	0.48489	0.37795	0.13715
693 T	0.45738	0.40539	0.13723
694 C	0.38717	0.48150	0.13133
695 A	0.28299	0.61029	0.10672
696 A	0.21083	0.69377	0.0954
697 A	0.18771	0.72072	0.09158
698 T	0.17295	0.73728	0.08977
699 A	0.13928	0.77704	0.08367
700 G	0.12835	0.77571	0.09593
701 A	0.10799	0.78483	0.10717
702 A	0.10026	0.78544	0.11431
703 A	0.09481	0.78233	0.12286
704 T	0.08837	0.79200	0.11963
705 A	0.07124	0.81541	0.11335
706 G	0.05774	0.83324	0.10903
707 A	0.04777	0.86208	0.09014
708 A	0.04751	0.87086	0.08163
709 A	0.04956	0.87244	0.07799
710 A	0.05656	0.85300	0.09045
711 A	0.06024	0.79814	0.14162
712 A	0.06732	0.76767	0.16501
713 T	0.07069	0.74926	0.18004
714 A	0.06516	0.78534	0.14951
715 A	0.06489	0.79582	0.1393
716 A	0.06764	0.77385	0.15851
717 A	0.07428	0.71140	0.21432
718 T	0.09390	0.59414	0.31196
719 T	0.10002	0.52667	0.37331
720 A	0.09638	0.55399	0.34963
721 A	0.09366	0.59705	0.30929
722 A	0.08641	0.64618	0.26741
723 A	0.08045	0.67352	0.24604
724 G	0.08119	0.65962	0.25918
725 A	0.08965	0.66219	0.24816
726 A	0.10354	0.65863	0.23782
727 T	0.14158	0.61166	0.24676
728 T	0.16026	0.57765	0.2621
729 A	0.16675	0.55844	0.27481
730 G	0.17568	0.54122	0.2831
731 C	0.17814	0.54655	0.27532
732 T	0.17459	0.59633	0.22909
733 A	0.14353	0.70801	0.14846
734 A	0.13593	0.73437	0.1297
735 A	0.13933	0.73880	0.12188
736 A	0.15034	0.73390	0.11576
737 T	0.19912	0.67982	0.12107
738 T	0.22349	0.65488	0.12162
739 A	0.22587	0.65445	0.11968
740 T	0.23471	0.64688	0.11842
741 A	0.21799	0.67349	0.10852
742 G	0.21390	0.68433	0.10176
743 A	0.23725	0.67041	0.09234
744 A	0.27510	0.62903	0.09587
745 A	0.33822	0.55473	0.10705
746 T	0.37500	0.50851	0.11648
747 T	0.38252	0.49629	0.12119
748 C	0.35251	0.52666	0.12083
749 A	0.29692	0.58943	0.11365
750 T	0.25586	0.63621	0.10793
751 A	0.18554	0.71557	0.09889
752 A	0.16431	0.73762	0.09807
753 A	0.16829	0.73180	0.09991
754 A	0.18251	0.70883	0.10866
755 A	0.22668	0.65199	0.12133
756 T	0.30870	0.53635	0.15495
757 T	0.32056	0.51415	0.16529
758 T	0.31086	0.52574	0.1634
759 A	0.28287	0.58286	0.13427
760 A	0.24713	0.65191	0.10096
761 A	0.20987	0.70958	0.08055
762 A	0.15886	0.77851	0.06263
763 A	0.14971	0.79383	0.05647
764 A	0.15269	0.78041	0.0669
765 A	0.15860	0.76850	0.0729
766 A	0.16676	0.75142	0.08182
767 T	0.16799	0.73342	0.09859
768 A	0.16480	0.72433	0.11087
769 G	0.16743	0.69717	0.1354
770 A	0.17162	0.67663	0.15175
771 T	0.17790	0.62021	0.20189
772 G	0.18311	0.55306	0.26383
773 T	0.18904	0.50572	0.30523
774 T	0.19436	0.44810	0.35753
775 C	0.19369	0.43508	0.37123
776 A	0.19127	0.44137	0.36736
777 A	0.19174	0.44543	0.36283
778 G	0.19267	0.45090	0.35642
779 T	0.19675	0.45462	0.34863
780 G	0.19040	0.48173	0.32787
781 A	0.19428	0.50775	0.29797
782 A	0.21835	0.49888	0.28277
783 A	0.24629	0.50346	0.25025
784 A	0.26947	0.46634	0.26419
785 T	0.30155	0.40839	0.29006
786 T	0.31296	0.42763	0.25941
787 T	0.31744	0.44254	0.24003
788 A	0.31792	0.47065	0.21143
789 T	0.32098	0.47540	0.20362
790 T	0.32137	0.47932	0.1993
791 T	0.31880	0.48607	0.19513
792 T	0.31421	0.49782	0.18797
793 T	0.30555	0.50748	0.18696
794 T	0.28902	0.52543	0.18555
795 A	0.25569	0.56008	0.18423
796 A	0.23235	0.58406	0.18359
797 C	0.21330	0.60207	0.18462
798 A	0.20091	0.61710	0.182
799 G	0.19370	0.63016	0.17614
800 A	0.18964	0.63984	0.17051
801 A	0.19079	0.64246	0.16674
802 A	0.18947	0.64959	0.16094
803 A	0.20596	0.62476	0.16927
804 A	0.24336	0.58165	0.17499
805 A	0.29238	0.52566	0.18197
806 T	0.37966	0.42875	0.19159
807 G	0.40879	0.39535	0.19586
808 G	0.44243	0.36346	0.19411
809 T	0.48945	0.32144	0.18911
810 T	0.49910	0.31894	0.18195
811 T	0.49424	0.33366	0.1721
812 T	0.43226	0.41399	0.15375
813 A	0.36329	0.49461	0.1421
814 G	0.33451	0.52084	0.14465
815 T	0.30944	0.54480	0.14576
816 T	0.26864	0.58513	0.14622
817 A	0.19518	0.66582	0.139
818 A	0.14814	0.71010	0.14175
819 A	0.11668	0.74930	0.13402
820 A	0.07650	0.80170	0.12181
821 A	0.06211	0.81778	0.12011
822 A	0.06137	0.82182	0.11681
823 A	0.06376	0.81661	0.11963
824 A	0.06620	0.80597	0.12783
825 T	0.07171	0.78872	0.13958
826 G	0.07080	0.79215	0.13706
827 A	0.07009	0.79949	0.13043
828 A	0.06176	0.81416	0.12408
829 A	0.05368	0.82643	0.1199
830 A	0.04980	0.82849	0.12171
831 A	0.05426	0.82473	0.12101
832 A	0.06527	0.81442	0.12031
833 A	0.07921	0.78912	0.13167
834 A	0.09568	0.74082	0.1635
835 T	0.11920	0.61346	0.26734
836 T	0.12856	0.52533	0.34611
837 A	0.11035	0.55331	0.33634
838 G	0.09501	0.61803	0.28696
839 A	0.08490	0.77427	0.14083
840 A	0.08894	0.78847	0.12259
841 A	0.09877	0.74666	0.15458
842 A	0.11993	0.69968	0.18038
843 T	0.14874	0.63531	0.21595
844 G	0.15478	0.61963	0.22559
845 C	0.16509	0.60834	0.22657
846 A	0.16516	0.63282	0.20202
847 A	0.16101	0.66005	0.17894
848 T	0.16659	0.66276	0.17065
849 T	0.16899	0.68394	0.14707
850 A	0.16547	0.69728	0.13725
851 A	0.16017	0.70339	0.13645
852 A	0.15695	0.71022	0.13282
853 A	0.15387	0.71939	0.12675
854 C	0.13064	0.75485	0.11451
855 A	0.11300	0.80060	0.0864
856 A	0.10894	0.81604	0.07502
857 A	0.10584	0.83130	0.06286
858 A	0.11026	0.82989	0.05984
859 G	0.13076	0.80914	0.06011
860 A	0.17759	0.74233	0.08007
861 A	0.24985	0.65074	0.09941
862 T	0.40703	0.47813	0.11484
863 T	0.45256	0.44027	0.10717
864 A	0.45329	0.45659	0.09012
865 A	0.44609	0.47744	0.07647
866 T	0.43991	0.49484	0.06525
867 T	0.42199	0.50946	0.06855
868 A	0.35311	0.57673	0.07016
869 A	0.33944	0.58216	0.07839
870 T	0.34605	0.56126	0.09269
871 C	0.32783	0.57398	0.0982
872 A	0.31400	0.58796	0.09804
873 A	0.29797	0.60337	0.09866
874 G	0.29364	0.60284	0.10353
875 A	0.30444	0.59080	0.10477
876 A	0.31903	0.57623	0.10473
877 T	0.34277	0.52331	0.13393
878 T	0.36502	0.47969	0.15529
879 A	0.36743	0.46598	0.1666
880 T	0.37046	0.44990	0.17964
881 C	0.34108	0.47419	0.18473
882 C	0.31420	0.50489	0.18091
883 A	0.30095	0.53563	0.16342
884 A	0.29117	0.56558	0.14325
885 A	0.29401	0.56741	0.13857
886 T	0.31215	0.55791	0.12994
887 T	0.32730	0.54315	0.12956
888 A	0.33430	0.51573	0.14997
889 T	0.34092	0.48657	0.1725
890 T	0.33375	0.46551	0.20074
891 A	0.32201	0.42935	0.24864
892 T	0.30869	0.41583	0.27547
893 T	0.28626	0.44229	0.27145
894 G	0.25136	0.48283	0.2658
895 A	0.23810	0.52334	0.23856
896 A	0.23088	0.53195	0.23717
897 T	0.22394	0.54608	0.22997
898 A	0.20862	0.57569	0.21568
899 A	0.20085	0.60150	0.19764
900 A	0.18128	0.65113	0.16759
901 A	0.16623	0.69882	0.13495
902 A	0.15403	0.73549	0.11048
903 A	0.14869	0.74927	0.10204
904 A	0.14627	0.74190	0.11183
905 A	0.14771	0.72534	0.12695
906 A	0.16228	0.69690	0.14082
907 T	0.18410	0.66009	0.1558
908 A	0.18510	0.66586	0.14903
909 T	0.19132	0.66552	0.14316
910 A	0.18184	0.69594	0.12222
911 A	0.18047	0.69933	0.12021
912 T	0.18324	0.69571	0.12106
913 G	0.17498	0.69934	0.12568
914 A	0.18372	0.68262	0.13367
915 A	0.20233	0.64850	0.14918
916 T	0.23102	0.59647	0.17252
917 C	0.24742	0.55181	0.20076
918 T	0.28243	0.52248	0.19509
919 A	0.28623	0.52825	0.18552
920 T	0.30090	0.51387	0.18523
921 A	0.30306	0.50904	0.1879
922 G	0.31411	0.49304	0.19285
923 A	0.34127	0.44902	0.20971
924 A	0.38266	0.39459	0.22275
925 T	0.41841	0.34917	0.23242
926 A	0.43150	0.34015	0.22835
927 T	0.44858	0.31898	0.23244
928 T	0.45524	0.30868	0.23608
929 T	0.44924	0.31704	0.23372
930 A	0.44167	0.33077	0.22756
931 A	0.44668	0.32638	0.22694
932 A	0.45593	0.31673	0.22734
933 T	0.48161	0.28088	0.23751
934 G	0.48972	0.27403	0.23625
935 A	0.49828	0.26841	0.23331
936 T	0.50558	0.25591	0.23851
937 T	0.50889	0.25974	0.23137
938 A	0.51030	0.26346	0.22624
939 T	0.51914	0.25800	0.22286
940 A	0.52149	0.26423	0.21428
941 T	0.53552	0.25265	0.21183
942 T	0.53925	0.26092	0.19983
943 T	0.52976	0.28819	0.18205
944 T	0.50807	0.32368	0.16824
945 A	0.48565	0.37574	0.1386
946 A	0.47829	0.40608	0.11563
947 A	0.47397	0.42768	0.09835
948 A	0.47625	0.42593	0.09782
949 T	0.48817	0.41002	0.10181
950 T	0.47338	0.42326	0.10336
951 A	0.42691	0.47342	0.09967
952 C	0.38745	0.50568	0.10687
953 A	0.36262	0.52998	0.10741
954 A	0.35403	0.53694	0.10902
955 A	0.35136	0.53849	0.11015
956 C	0.35550	0.53405	0.11046
957 T	0.36264	0.53197	0.10538
958 A	0.36154	0.54753	0.09094
959 A	0.35799	0.56613	0.07587
960 T	0.36307	0.56663	0.0703
961 A	0.36366	0.58088	0.05546
962 A	0.36791	0.57955	0.05255
963 G	0.38233	0.55859	0.05907
964 A	0.39771	0.53733	0.06496
965 T	0.42718	0.49336	0.07946
966 T	0.44701	0.45991	0.09308
967 C	0.45300	0.43753	0.10947
968 A	0.47080	0.41842	0.11079
969 A	0.48524	0.40350	0.11126
970 A	0.49778	0.39100	0.11123
971 A	0.50088	0.38487	0.11425
972 T	0.50595	0.37633	0.11771
973 A	0.51024	0.34637	0.14339
974 A	0.51672	0.29259	0.19069
975 T	0.52055	0.24142	0.23803
976 T	0.52466	0.20760	0.26774
977 T	0.52677	0.19319	0.28004
978 A	0.52836	0.18436	0.28728
979 G	0.53131	0.17477	0.29391
980 G	0.53781	0.16335	0.29883
981 A	0.55547	0.13847	0.30606
982 T	0.57477	0.10907	0.31617
983 C	0.58092	0.09836	0.32072
984 T	0.59481	0.08689	0.3183
985 A	0.59856	0.08877	0.31266
986 T	0.60155	0.08652	0.31192
987 T	0.60330	0.08572	0.31098
988 T	0.60376	0.08837	0.30787
989 T	0.60239	0.08818	0.30944
990 G	0.59832	0.08799	0.31369
991 T	0.60056	0.08243	0.31702
992 A	0.60135	0.07895	0.3197
993 T	0.60595	0.07284	0.32121
994 T	0.60485	0.07416	0.32099
995 C	0.59895	0.08048	0.32057
996 T	0.57135	0.10871	0.31994
997 T	0.53583	0.14542	0.31874
998 T	0.48248	0.20023	0.31728
999 G	0.42785	0.25685	0.31529
1000 C	0.39278	0.29625	0.31097
1001 A	0.31790	0.38694	0.29516
1002 A	0.28466	0.42819	0.28716
1003 A	0.26556	0.45692	0.27751
1004 A	0.23495	0.50369	0.26135
1005 A	0.22228	0.52473	0.25299
1006 G	0.21760	0.53361	0.24879
1007 A	0.22066	0.53285	0.24649
1008 T	0.22828	0.52464	0.24708
1009 T	0.22951	0.52200	0.24849
1010 T	0.22970	0.52026	0.25004
1011 A	0.22771	0.52070	0.25159
1012 G	0.22777	0.51686	0.25537
1013 C	0.23035	0.50897	0.26068
1014 T	0.23063	0.50730	0.26208
1015 A	0.22960	0.50889	0.26152
1016 A	0.22927	0.51001	0.26071
1017 T	0.22934	0.50594	0.26472
1018 G	0.22721	0.50014	0.27266
1019 A	0.22597	0.44014	0.33389
1020 T	0.22689	0.38510	0.388
1021 C	0.22761	0.31968	0.45271
1022 G	0.22858	0.29281	0.47861
1023 A	0.23267	0.26953	0.4978
1024 A	0.24692	0.20093	0.55215
1025 G	0.24996	0.17705	0.57299
1026 A	0.25667	0.16753	0.5758
1027 G	0.27345	0.13171	0.59484
1028 T	0.28166	0.13152	0.58682
1029 T	0.28272	0.15639	0.56089
1030 G	0.26495	0.20353	0.53152
1031 T	0.25690	0.25991	0.48319
1032 T	0.24366	0.35793	0.39841
1033 A	0.19741	0.60548	0.19712
1034 A	0.17033	0.69977	0.1299
1035 A	0.13181	0.80191	0.06628
1036 G	0.11176	0.84801	0.04024
1037 A	0.10744	0.86372	0.02883
1038 A	0.10654	0.86435	0.02911
1039 A	0.10754	0.86219	0.03026
1040 T	0.10780	0.86027	0.03193
1041 T	0.10747	0.85849	0.03403
1042 C	0.10664	0.85807	0.03529
1043 A	0.10585	0.86025	0.03389
1044 A	0.10354	0.86404	0.03242
1045 G	0.10042	0.86852	0.03107
1046 A	0.09831	0.87308	0.02861
1047 A	0.09707	0.87647	0.02646
1048 A	0.09887	0.87164	0.02949
1049 A	0.11043	0.85908	0.0305
1050 A	0.13705	0.83040	0.03255
1051 A	0.17841	0.78525	0.03634
1052 T	0.22884	0.72524	0.04592
1053 A	0.25841	0.66302	0.07857
1054 G	0.30641	0.59926	0.09433
1055 A	0.39645	0.49951	0.10404
1056 T	0.60180	0.26250	0.13569
1057 A	0.65233	0.19340	0.15428
1058 T	0.70803	0.10023	0.19175
1059 T	0.71767	0.07556	0.20677
1060 T	0.69108	0.10952	0.1994
1061 C	0.58543	0.23481	0.17975
1062 A	0.33401	0.57917	0.08682
1063 A	0.24663	0.69691	0.05646
1064 A	0.17210	0.78374	0.04416
1065 A	0.12782	0.84841	0.02378
1066 A	0.09686	0.88552	0.01763
1067 A	0.07578	0.90724	0.01698
1068 A	0.06658	0.91450	0.01891
1069 A	0.06643	0.91166	0.02191
1070 A	0.06676	0.90849	0.02475
1071 A	0.06836	0.90534	0.0263
1072 T	0.07010	0.90141	0.02849
1073 T	0.06984	0.89953	0.03063
1074 A	0.06781	0.90042	0.03177
1075 G	0.06498	0.90247	0.03254
1076 C	0.06202	0.90520	0.03278
1077 A	0.05890	0.91267	0.02842
1078 G	0.05692	0.91916	0.02391
1079 A	0.05734	0.92277	0.01988
1080 A	0.05810	0.92278	0.01912
1081 G	0.06003	0.92009	0.01988
1082 A	0.06841	0.90006	0.03153
1083 A	0.08536	0.84012	0.07453
1084 A	0.11425	0.69093	0.19482
1085 T	0.21180	0.34372	0.44447
1086 T	0.23886	0.23614	0.52501
1087 G	0.24608	0.16775	0.58617
1088 T	0.25880	0.11627	0.62494
1089 T	0.26226	0.08767	0.65007
1090 A	0.26354	0.07166	0.6648
1091 T	0.26514	0.06295	0.67191
1092 T	0.26518	0.06195	0.67287
1093 T	0.26245	0.06836	0.66919
1094 T	0.25493	0.08865	0.65642
1095 A	0.24683	0.11225	0.64092
1096 G	0.23392	0.14849	0.61759
1097 A	0.22402	0.20921	0.56677
1098 A	0.22273	0.27004	0.50723
1099 A	0.22345	0.38294	0.3936
1100 A	0.22806	0.41178	0.36016
1101 T	0.23418	0.42760	0.33821
1102 T	0.23787	0.46099	0.30114
1103 T	0.23848	0.51847	0.24306
1104 A	0.23746	0.57313	0.18942
1105 T	0.23595	0.57741	0.18664
1106 T	0.23559	0.57978	0.18462
1107 T	0.23564	0.58089	0.18347
1108 T	0.23447	0.58296	0.18258
1109 C	0.23235	0.58557	0.18208
1110 T	0.23118	0.58798	0.18084
1111 T	0.22777	0.59307	0.17917
1112 T	0.22264	0.60128	0.17609
1113 A	0.21505	0.61009	0.17486
1114 A	0.21123	0.61490	0.17387
1115 A	0.21071	0.61366	0.17563
1116 T	0.21495	0.60205	0.183
1117 C	0.22117	0.58681	0.19202
1118 A	0.23286	0.57032	0.19682
1119 A	0.25829	0.53777	0.20394
1120 G	0.31203	0.47758	0.21039
1121 A	0.37431	0.41384	0.21185
1122 C	0.48724	0.29991	0.21284
1123 A	0.52682	0.25956	0.21362
1124 A	0.55924	0.22664	0.21412
1125 C	0.60756	0.17726	0.21518
1126 T	0.67069	0.11436	0.21495
1127 T	0.70705	0.07892	0.21403
1128 T	0.69937	0.09925	0.20137
1129 T	0.68114	0.14295	0.1759
1130 T	0.63829	0.22516	0.13656
1131 A	0.52728	0.37652	0.0962
1132 A	0.38161	0.54850	0.06989
1133 A	0.26366	0.67949	0.05685
1134 A	0.18144	0.76756	0.05101
1135 G	0.16636	0.78683	0.04682
1136 A	0.16147	0.79325	0.04529
1137 G	0.15822	0.79590	0.04587
1138 A	0.15800	0.79987	0.04214
1139 G	0.15857	0.80060	0.04083
1140 T	0.15969	0.79816	0.04214
1141 A	0.15967	0.79700	0.04333
1142 T	0.16017	0.79491	0.04492
1143 T	0.16058	0.79355	0.04587
1144 C	0.16050	0.79400	0.0455
1145 A	0.16027	0.79927	0.04046
1146 A	0.16032	0.80553	0.03415
1147 A	0.16044	0.80962	0.02994
1148 A	0.16074	0.81118	0.02808
1149 A	0.16220	0.81047	0.02733
1150 A	0.16559	0.79955	0.03485
1151 T	0.18866	0.74752	0.06382
1152 A	0.22096	0.67748	0.10157
1153 A	0.26497	0.58009	0.15495
1154 A	0.30550	0.44095	0.25356
1155 T	0.33520	0.27028	0.39451
1156 T	0.34807	0.15114	0.50079
1157 C	0.35746	0.06569	0.57686
1158 T	0.37187	0.04909	0.57904
1159 T	0.37697	0.05479	0.56824
1160 T	0.37833	0.06952	0.55215
1161 T	0.37778	0.07389	0.54834
1162 T	0.37246	0.08915	0.53839
1163 T	0.32002	0.18697	0.49301
1164 G	0.21039	0.39724	0.39236
1165 C	0.16750	0.55871	0.27379
1166 A	0.14091	0.72968	0.12942
1167 A	0.13220	0.79924	0.06856
1168 A	0.13417	0.80789	0.05794
1169 A	0.13990	0.80657	0.05353
1170 T	0.14212	0.80604	0.05184
1171 T	0.14055	0.80808	0.05136
1172 C	0.13448	0.81449	0.05103
1173 T	0.12794	0.82261	0.04946
1174 A	0.11545	0.83698	0.04758
1175 G	0.10450	0.84895	0.04655
1176 A	0.09873	0.85512	0.04615
1177 A	0.09495	0.85924	0.04581
1178 A	0.09157	0.86286	0.04557
1179 A	0.09032	0.86444	0.04524
1180 C	0.08982	0.86490	0.04528
1181 A	0.09085	0.86552	0.04363
1182 A	0.10052	0.85659	0.04288
1183 A	0.11562	0.83974	0.04464
1184 A	0.12680	0.82448	0.04872
1185 A	0.14996	0.79264	0.0574
1186 G	0.22358	0.65069	0.12573
1187 C	0.34790	0.41318	0.23891
1188 T	0.47647	0.25139	0.27214
1189 T	0.57972	0.13594	0.28434
1190 T	0.60961	0.10601	0.28437
1191 T	0.61292	0.11062	0.27645
1192 A	0.60993	0.12544	0.26463
1193 T	0.60528	0.13164	0.26307
1194 A	0.58466	0.16014	0.2552
1195 T	0.57179	0.19130	0.23691
1196 T	0.55898	0.26817	0.17285
1197 A	0.53089	0.31886	0.15026
1198 A	0.51131	0.35265	0.13605
1199 A	0.49568	0.37441	0.12991
1200 A	0.48347	0.40870	0.10784
1201 G	0.47761	0.44065	0.08174
1202 A	0.47765	0.45070	0.07165
1203 A	0.47756	0.45203	0.07041
1204 G	0.47876	0.45011	0.07113
1205 A	0.48007	0.45084	0.06909
1206 T	0.48068	0.44979	0.06953
1207 G	0.48057	0.44994	0.06949
1208 T	0.48122	0.44991	0.06887
1209 T	0.48153	0.45010	0.06837
1210 G	0.48200	0.45006	0.06794
1211 T	0.48373	0.44852	0.06775
1212 T	0.48664	0.44507	0.06829
1213 G	0.48923	0.44215	0.06861
1214 A	0.49755	0.43578	0.06666
1215 A	0.51280	0.42061	0.06659
1216 A	0.52905	0.39773	0.07322
1217 T	0.55262	0.34705	0.10033
1218 A	0.57505	0.30588	0.11908
1219 T	0.63794	0.22478	0.13727
1220 C	0.65980	0.18262	0.15757
1221 T	0.67425	0.17043	0.15532
1222 A	0.67423	0.17256	0.15321
1223 A	0.69471	0.15059	0.15471
1224 T	0.72214	0.12521	0.15264
1225 T	0.72358	0.13301	0.14341
1226 A	0.71819	0.16060	0.12121
1227 T	0.71686	0.18791	0.09522
1228 T	0.71433	0.19590	0.08977
1229 T	0.70820	0.20734	0.08446
1230 A	0.68615	0.23022	0.08363
1231 T	0.61310	0.30430	0.08261
1232 C	0.55149	0.36654	0.08197
1233 T	0.50050	0.42321	0.07629
1234 C	0.40600	0.52397	0.07003
1235 A	0.31611	0.61975	0.06415
1236 A	0.23225	0.70830	0.05945
1237 A	0.19296	0.75122	0.05582
1238 A	0.18316	0.76231	0.05453
1239 A	0.18021	0.76617	0.05362
1240 A	0.18174	0.76407	0.05419
1241 T	0.18798	0.75534	0.05669
1242 A	0.19079	0.75237	0.05683
1243 A	0.19620	0.74648	0.05732
1244 T	0.20825	0.72815	0.0636
1245 T	0.21352	0.71547	0.07101
1246 A	0.21565	0.70998	0.07436
1247 A	0.22189	0.70061	0.07751
1248 C	0.23101	0.67638	0.0926
1249 A	0.25207	0.64790	0.10003
1250 T	0.27952	0.61303	0.10745
1251 T	0.28577	0.60462	0.10961
1252 A	0.28585	0.60580	0.10834
1253 A	0.28587	0.58967	0.12446
1254 T	0.28663	0.47531	0.23806
1255 A	0.28135	0.40665	0.312
1256 T	0.28126	0.35018	0.36856
1257 T	0.27930	0.29167	0.42903
1258 A	0.26797	0.27709	0.45494
1259 A	0.25359	0.28206	0.46435
1260 T	0.23851	0.32154	0.43995
1261 C	0.19968	0.38895	0.41137
1262 A	0.16598	0.54737	0.28665
1263 A	0.14915	0.73120	0.11965
1264 A	0.14202	0.81135	0.04663
1265 A	0.14049	0.81881	0.04071
1266 T	0.14242	0.82208	0.0355
1267 A	0.14048	0.82546	0.03407
1268 T	0.14039	0.82469	0.03493
1269 C	0.13891	0.82554	0.03555
1270 T	0.13814	0.82822	0.03363
1271 T	0.13679	0.83168	0.03152
1272 A	0.13358	0.83654	0.02988
1273 A	0.13191	0.83947	0.02862
1274 A	0.13211	0.84004	0.02785
1275 T	0.13636	0.83229	0.03135
1276 A	0.13332	0.83476	0.03193
1277 A	0.13143	0.83485	0.03372
1278 A	0.13137	0.82909	0.03954
1279 G	0.13396	0.81752	0.04852
1280 A	0.13955	0.80645	0.05401
1281 A	0.19108	0.74413	0.0648
1282 A	0.29852	0.62001	0.08147
1283 T	0.41159	0.48755	0.10085
1284 A	0.44771	0.41819	0.1341
1285 A	0.53437	0.30037	0.16525
1286 T	0.65745	0.16209	0.18046
1287 T	0.71090	0.10321	0.1859
1288 A	0.71443	0.10221	0.18336
1289 T	0.71789	0.09983	0.18228
1290 T	0.70998	0.11337	0.17665
1291 T	0.67967	0.16218	0.15816
1292 T	0.60742	0.25317	0.13941
1293 A	0.44196	0.45878	0.09926
1294 A	0.26250	0.67618	0.06132
1295 A	0.16876	0.78197	0.04928
1296 A	0.12345	0.83052	0.04603
1297 G	0.07009	0.88681	0.04311
1298 A	0.04642	0.91408	0.03951
1299 A	0.04201	0.91842	0.03957
1300 A	0.04166	0.91826	0.04008
1301 A	0.04204	0.91639	0.04157
1302 A	0.04309	0.91387	0.04304
1303 A	0.04655	0.90888	0.04457
1304 T	0.05023	0.90374	0.04604
1305 T	0.05056	0.90380	0.04564
1306 A	0.04755	0.90867	0.04378
1307 A	0.04629	0.91045	0.04326
1308 T	0.04497	0.91458	0.04045
1309 A	0.04107	0.92224	0.0367
1310 A	0.04098	0.92465	0.03437
1311 A	0.04660	0.91693	0.03648
1312 A	0.05236	0.89166	0.05598
1313 A	0.06434	0.84461	0.09105
1314 T	0.09110	0.76961	0.13929
1315 A	0.10942	0.68703	0.20354
1316 A	0.14712	0.50852	0.34435
1317 T	0.18475	0.29644	0.51881
1318 T	0.19499	0.21507	0.58994
1319 A	0.19595	0.23656	0.56749
1320 T	0.19908	0.25740	0.54353
1321 G	0.19844	0.37830	0.42326
1322 A	0.19356	0.47349	0.33295
1323 A	0.19064	0.51800	0.29136
1324 T	0.19121	0.54237	0.26642
1325 T	0.18767	0.57949	0.23284
1326 A	0.17890	0.63385	0.18726
1327 G	0.17612	0.64972	0.17416
1328 A	0.17454	0.66009	0.16537
