# lcl|CP097583.1_cds_USQ93164.1_1
# AA	inside	membr	outside
1 A	0.25352	0.00000	0.74647
2 T	0.25315	0.00037	0.74647
3 G	0.25297	0.00056	0.74647
4 G	0.25297	0.00187	0.74516
5 G	0.25225	0.00385	0.7439
6 T	0.25225	0.00418	0.74357
7 T	0.24970	0.00692	0.74338
8 T	0.24970	0.00693	0.74337
9 T	0.24776	0.00933	0.7429
10 A	0.24775	0.07930	0.67294
11 A	0.24710	0.08199	0.6709
12 A	0.23204	0.09805	0.66991
13 G	0.21837	0.11673	0.66489
14 A	0.21837	0.11673	0.66489
15 T	0.21837	0.14341	0.63822
16 A	0.21797	0.14381	0.63822
17 T	0.21754	0.14459	0.63787
18 T	0.21752	0.14573	0.63674
19 T	0.21607	0.14891	0.63501
20 T	0.20904	0.17787	0.6131
21 A	0.19702	0.18999	0.61299
22 A	0.19663	0.19333	0.61003
23 A	0.19659	0.19429	0.60911
24 T	0.19705	0.19440	0.60856
25 T	0.19717	0.19377	0.60906
26 T	0.19711	0.19370	0.60919
27 T	0.19731	0.19308	0.60961
28 A	0.19736	0.19263	0.61
29 C	0.19751	0.19185	0.61064
30 A	0.19856	0.19038	0.61105
31 G	0.19923	0.18969	0.61109
32 A	0.20177	0.18635	0.61188
33 T	0.26580	0.12246	0.61174
34 G	0.26795	0.12110	0.61095
35 A	0.27158	0.10504	0.62337
36 T	0.27751	0.08797	0.63452
37 A	0.27798	0.08807	0.63395
38 A	0.29880	0.06724	0.63396
39 T	0.30097	0.06362	0.63541
40 G	0.30374	0.06070	0.63556
41 A	0.30569	0.06003	0.63428
42 T	0.30994	0.05668	0.63338
43 T	0.32470	0.04401	0.63129
44 A	0.31459	0.05217	0.63324
45 T	0.31312	0.05646	0.63042
46 A	0.31280	0.05724	0.62996
47 T	0.31263	0.05747	0.6299
48 C	0.31167	0.05846	0.62986
49 T	0.31069	0.06379	0.62552
50 C	0.30643	0.06856	0.62501
51 A	0.29616	0.07969	0.62416
52 A	0.28684	0.08973	0.62343
53 T	0.28052	0.09701	0.62246
54 C	0.27648	0.10141	0.62212
55 G	0.27337	0.10479	0.62184
56 A	0.27334	0.10492	0.62175
57 T	0.27429	0.10390	0.62181
58 T	0.27458	0.10391	0.62152
59 C	0.27460	0.10395	0.62144
60 T	0.27522	0.10343	0.62136
61 A	0.27520	0.10378	0.62102
62 A	0.27569	0.10348	0.62082
63 T	0.27763	0.10140	0.62097
64 A	0.27922	0.09962	0.62115
65 A	0.28149	0.09620	0.62231
66 A	0.28739	0.08871	0.6239
67 C	0.29197	0.07331	0.63472
68 C	0.29503	0.06608	0.63888
69 T	0.29671	0.06377	0.63953
70 T	0.29721	0.06293	0.63987
71 A	0.29675	0.06335	0.63991
72 T	0.30008	0.05951	0.6404
73 G	0.30027	0.05502	0.64471
74 T	0.30103	0.04227	0.6567
75 A	0.30095	0.03325	0.6658
76 T	0.30146	0.02585	0.6727
77 T	0.30085	0.02318	0.67597
78 T	0.29427	0.02766	0.67808
79 A	0.28962	0.03448	0.6759
80 C	0.28552	0.03945	0.67503
81 T	0.28015	0.05435	0.66549
82 T	0.27187	0.07821	0.64992
83 T	0.26057	0.10324	0.63619
84 A	0.20552	0.16930	0.62518
85 A	0.18287	0.19775	0.61938
86 A	0.16523	0.21773	0.61704
87 A	0.15645	0.22646	0.61709
88 T	0.15291	0.22963	0.61745
89 T	0.14642	0.23631	0.61726
90 T	0.13637	0.24722	0.61641
91 A	0.11603	0.26769	0.61627
92 A	0.10607	0.27781	0.61611
93 A	0.10161	0.28217	0.61622
94 A	0.09969	0.28303	0.61728
95 C	0.09806	0.28364	0.61831
96 T	0.09603	0.28570	0.61826
97 G	0.09282	0.28872	0.61845
98 A	0.09109	0.29008	0.61884
99 A	0.09016	0.29037	0.61947
100 A	0.09000	0.28947	0.62052
101 C	0.09186	0.27844	0.62971
102 A	0.09667	0.26894	0.63438
103 A	0.10138	0.25764	0.64098
104 G	0.11226	0.23557	0.65217
105 T	0.13247	0.20748	0.66005
106 T	0.14375	0.18955	0.6667
107 T	0.15017	0.13566	0.71417
108 A	0.14908	0.11727	0.73366
109 T	0.14715	0.09994	0.75291
110 T	0.14048	0.10055	0.75897
111 A	0.11881	0.13167	0.74953
112 G	0.10555	0.15729	0.73715
113 A	0.09359	0.19057	0.71585
114 A	0.08081	0.20799	0.7112
115 G	0.07530	0.21911	0.70558
116 T	0.07256	0.24155	0.68589
117 A	0.06656	0.26382	0.66962
118 A	0.06279	0.28205	0.65515
119 T	0.06145	0.28608	0.65246
120 T	0.05978	0.28888	0.65135
121 A	0.05717	0.29868	0.64415
122 A	0.05517	0.30345	0.64139
123 A	0.05382	0.30601	0.64017
124 A	0.05322	0.30668	0.6401
125 A	0.05311	0.30654	0.64035
126 A	0.05369	0.30605	0.64026
127 A	0.05528	0.30428	0.64044
128 T	0.05830	0.30261	0.6391
129 T	0.05974	0.30478	0.63547
130 A	0.06072	0.30620	0.63308
131 A	0.06255	0.30221	0.63524
132 T	0.06526	0.29494	0.6398
133 A	0.06904	0.28754	0.64342
134 A	0.08353	0.25763	0.65883
135 A	0.10784	0.22174	0.67041
136 A	0.14408	0.17311	0.68281
137 T	0.17354	0.12894	0.69751
138 T	0.19295	0.10420	0.70284
139 T	0.20854	0.08565	0.7058
140 A	0.21732	0.07277	0.70991
141 T	0.23088	0.05514	0.71399
142 T	0.23351	0.05136	0.71513
143 T	0.23479	0.05205	0.71316
144 A	0.23404	0.05616	0.70981
145 T	0.23068	0.06472	0.7046
146 T	0.21079	0.09671	0.6925
147 A	0.17234	0.13612	0.69154
148 G	0.16161	0.14686	0.69152
149 A	0.15611	0.15240	0.69149
150 A	0.15431	0.15415	0.69154
151 C	0.15693	0.15135	0.69172
152 C	0.16317	0.14506	0.69178
153 A	0.16693	0.14131	0.69175
154 T	0.16995	0.13825	0.69179
155 C	0.17050	0.13768	0.69181
156 T	0.17200	0.13620	0.6918
157 T	0.17236	0.13586	0.69178
158 C	0.17050	0.13772	0.69178
159 T	0.16886	0.13967	0.69148
160 T	0.16552	0.14356	0.69092
161 T	0.16011	0.14931	0.69058
162 T	0.15406	0.15601	0.68994
163 G	0.13451	0.17715	0.68833
164 A	0.11844	0.19479	0.68677
165 A	0.11401	0.19909	0.6869
166 A	0.11652	0.19425	0.68922
167 A	0.12039	0.18331	0.69629
168 A	0.12670	0.16697	0.70633
169 T	0.13868	0.13006	0.73126
170 C	0.13940	0.09539	0.76521
171 T	0.13862	0.09131	0.77007
172 A	0.13592	0.09470	0.76939
173 T	0.13403	0.09732	0.76865
174 T	0.12950	0.10415	0.76635
175 A	0.11942	0.11734	0.76324
176 T	0.11483	0.12298	0.76219
177 A	0.10264	0.14034	0.75702
178 G	0.09847	0.15434	0.74719
179 A	0.09700	0.17562	0.72738
180 A	0.09607	0.17691	0.72703
181 A	0.09561	0.17745	0.72693
182 A	0.09588	0.17772	0.72641
183 T	0.09647	0.17887	0.72466
184 C	0.09410	0.17956	0.72634
185 A	0.09313	0.18089	0.72597
186 A	0.09402	0.16941	0.73656
187 A	0.09495	0.15935	0.7457
188 C	0.09555	0.15586	0.74858
189 T	0.09588	0.16507	0.73905
190 A	0.09600	0.18766	0.71634
191 A	0.09632	0.19732	0.70636
192 A	0.09696	0.20103	0.70202
193 T	0.09794	0.20158	0.70048
194 A	0.09866	0.19950	0.70184
195 T	0.10025	0.19413	0.70561
196 G	0.09944	0.19109	0.70946
197 G	0.09937	0.18552	0.71512
198 A	0.10013	0.17699	0.72289
199 A	0.10286	0.16985	0.72729
200 C	0.10716	0.15515	0.73768
201 C	0.11601	0.14426	0.73974
202 A	0.12897	0.13178	0.73925
203 A	0.13182	0.12922	0.73895
204 A	0.13910	0.12180	0.7391
205 G	0.14743	0.11339	0.73917
206 A	0.15891	0.10173	0.73936
207 T	0.16909	0.08771	0.7432
208 C	0.17410	0.08046	0.74544
209 A	0.17874	0.07524	0.74602
210 T	0.18423	0.06892	0.74685
211 C	0.18746	0.06522	0.74733
212 C	0.19852	0.05408	0.7474
213 T	0.22285	0.02977	0.74737
214 T	0.23226	0.02042	0.74732
215 T	0.23491	0.01788	0.74721
216 T	0.23426	0.01893	0.74681
217 A	0.23205	0.02093	0.74703
218 T	0.23250	0.01875	0.74875
219 A	0.23116	0.01803	0.75081
220 T	0.23030	0.01698	0.75272
221 C	0.22849	0.01758	0.75394
222 T	0.22705	0.01930	0.75365
223 T	0.21603	0.03117	0.7528
224 A	0.17610	0.07250	0.75141
225 T	0.15469	0.09398	0.75134
226 G	0.13373	0.11491	0.75136
227 G	0.12202	0.12646	0.75152
228 A	0.11718	0.13116	0.75166
229 C	0.11382	0.13438	0.75179
230 C	0.11129	0.13704	0.75168
231 T	0.10907	0.13964	0.75129
232 T	0.10245	0.14723	0.75031
233 A	0.09097	0.15960	0.74943
234 T	0.08643	0.16487	0.7487
235 A	0.07867	0.17373	0.74761
236 A	0.07547	0.17662	0.74791
237 A	0.07338	0.17789	0.74873
238 A	0.07115	0.17895	0.7499
239 T	0.07065	0.17715	0.7522
240 C	0.06861	0.17694	0.75445
241 A	0.06589	0.18102	0.75308
242 A	0.06387	0.18354	0.75259
243 A	0.06279	0.18423	0.75298
244 G	0.06033	0.18478	0.75489
245 A	0.05942	0.18451	0.75607
246 A	0.05946	0.16975	0.7708
247 G	0.06018	0.12825	0.81157
248 G	0.06017	0.10625	0.83358
249 A	0.06019	0.09100	0.84882
250 T	0.06040	0.08078	0.85882
251 A	0.06035	0.07726	0.86238
252 T	0.06053	0.07348	0.86599
253 A	0.06036	0.07138	0.86825
254 A	0.06060	0.06895	0.87046
255 T	0.06123	0.06365	0.87512
256 G	0.06110	0.06682	0.87208
257 A	0.06101	0.06674	0.87226
258 T	0.06134	0.06109	0.87757
259 G	0.06073	0.06135	0.87792
260 A	0.06036	0.06585	0.87379
261 C	0.06048	0.07040	0.86912
262 A	0.06069	0.08227	0.85704
263 A	0.06114	0.08527	0.85359
264 A	0.06312	0.08383	0.85305
265 T	0.06490	0.08242	0.85268
266 T	0.06562	0.08276	0.85162
267 G	0.06584	0.08113	0.85304
268 A	0.06631	0.08148	0.8522
269 T	0.06710	0.08090	0.852
270 T	0.06717	0.08127	0.85156
271 T	0.06704	0.08182	0.85114
272 T	0.06653	0.08313	0.85035
273 A	0.06528	0.08550	0.84922
274 G	0.06429	0.08750	0.8482
275 A	0.06373	0.08899	0.84727
276 A	0.06492	0.08828	0.84681
277 A	0.06635	0.08681	0.84684
278 A	0.06942	0.08363	0.84695
279 A	0.08159	0.07059	0.84782
280 T	0.08772	0.06359	0.84869
281 C	0.09066	0.05997	0.84936
282 A	0.09480	0.05548	0.84972
283 C	0.10171	0.04827	0.85002
284 C	0.10944	0.04049	0.85007
285 T	0.12089	0.02907	0.85003
286 T	0.12451	0.02555	0.84994
287 C	0.12578	0.02442	0.8498
288 T	0.12804	0.02296	0.84901
289 T	0.12949	0.02243	0.84808
290 A	0.12987	0.02257	0.84756
291 T	0.13127	0.02151	0.84721
292 T	0.13209	0.02103	0.84688
293 T	0.13236	0.02079	0.84685
294 T	0.13132	0.02126	0.84742
295 G	0.13001	0.02228	0.84771
296 A	0.12956	0.02218	0.84826
297 T	0.12992	0.02085	0.84922
298 C	0.12899	0.02106	0.84995
299 A	0.12604	0.02410	0.84985
300 A	0.11918	0.03106	0.84976
301 T	0.11375	0.03666	0.84959
302 C	0.10831	0.04251	0.84917
303 A	0.10407	0.04802	0.84791
304 A	0.10074	0.05278	0.84647
305 A	0.09892	0.05527	0.84581
306 A	0.09785	0.05687	0.84528
307 G	0.09676	0.05793	0.8453
308 A	0.09444	0.05993	0.84562
309 A	0.09333	0.06060	0.84607
310 G	0.09270	0.06066	0.84663
311 C	0.09266	0.06090	0.84644
312 T	0.09272	0.06136	0.84592
313 A	0.09166	0.06210	0.84624
314 T	0.09154	0.06143	0.84703
315 A	0.09075	0.06160	0.84766
316 C	0.09081	0.06063	0.84856
317 C	0.09065	0.05906	0.8503
318 T	0.09072	0.05860	0.85068
319 T	0.08994	0.05949	0.85057
320 A	0.08793	0.06140	0.85067
321 T	0.08696	0.06184	0.8512
322 A	0.08405	0.06239	0.85355
323 A	0.08239	0.05466	0.86295
324 C	0.08208	0.04662	0.8713
325 C	0.08216	0.04260	0.87523
326 A	0.08284	0.04262	0.87454
327 T	0.08399	0.04203	0.87399
328 A	0.08385	0.04403	0.87211
329 T	0.08307	0.04495	0.87198
330 A	0.08015	0.04743	0.87242
331 G	0.07860	0.04592	0.87549
332 A	0.07794	0.04684	0.87521
333 A	0.07819	0.04609	0.87571
334 A	0.07897	0.04468	0.87635
335 T	0.07999	0.04215	0.87786
336 T	0.08009	0.04125	0.87866
337 T	0.07993	0.04337	0.8767
338 T	0.07966	0.04456	0.87578
339 A	0.07910	0.04700	0.8739
340 A	0.07877	0.04841	0.87282
341 T	0.07932	0.04764	0.87304
342 T	0.07955	0.04608	0.87437
343 G	0.07838	0.04581	0.87581
344 A	0.07772	0.04613	0.87614
345 A	0.07709	0.04513	0.87779
346 C	0.07651	0.04436	0.87913
347 A	0.07660	0.04458	0.87882
348 T	0.07777	0.04369	0.87854
349 A	0.07889	0.04396	0.87715
350 A	0.07960	0.04523	0.87516
351 T	0.08077	0.04515	0.87408
352 A	0.07115	0.05651	0.87234
353 A	0.06302	0.06226	0.87472
354 A	0.05634	0.06800	0.87566
355 G	0.05138	0.07264	0.87597
356 G	0.04808	0.07692	0.875
357 C	0.04591	0.08006	0.87403
358 A	0.04464	0.08172	0.87364
359 A	0.04433	0.08191	0.87376
360 T	0.04599	0.07996	0.87405
361 G	0.04434	0.08127	0.87439
362 C	0.04461	0.08054	0.87485
363 C	0.04481	0.07978	0.87541
364 G	0.04456	0.07990	0.87555
365 A	0.04418	0.08009	0.87573
366 T	0.04429	0.07958	0.87613
367 C	0.04323	0.08046	0.87631
368 G	0.04222	0.08124	0.87654
369 C	0.04148	0.08128	0.87725
370 G	0.04052	0.08223	0.87724
371 A	0.03953	0.08349	0.87698
372 A	0.03898	0.08446	0.87656
373 A	0.03959	0.08414	0.87627
374 A	0.03943	0.08464	0.87593
375 A	0.04128	0.07228	0.88644
376 G	0.04163	0.06196	0.89641
377 A	0.04237	0.05381	0.90382
378 A	0.04321	0.04670	0.91008
379 T	0.04478	0.04086	0.91436
380 T	0.04557	0.03694	0.9175
381 A	0.04557	0.03513	0.9193
382 T	0.04553	0.03333	0.92114
383 T	0.04517	0.03254	0.92228
384 T	0.04430	0.03162	0.92408
385 T	0.04254	0.03322	0.92424
386 T	0.04136	0.03526	0.92338
387 A	0.03939	0.03995	0.92065
388 G	0.03873	0.04257	0.91869
389 A	0.03837	0.05175	0.90987
390 T	0.03813	0.05853	0.90334
391 A	0.03719	0.06342	0.89939
392 A	0.03659	0.06510	0.89831
393 A	0.03577	0.06659	0.89764
394 A	0.03523	0.06703	0.89774
395 A	0.03526	0.06637	0.89837
396 A	0.03625	0.06524	0.89852
397 A	0.03762	0.06310	0.89928
398 T	0.03871	0.06097	0.90032
399 T	0.03904	0.06064	0.90033
400 A	0.03918	0.06088	0.89994
401 A	0.03971	0.06032	0.89997
402 T	0.04085	0.05898	0.90017
403 T	0.04201	0.05766	0.90033
404 A	0.04270	0.05660	0.9007
405 T	0.04381	0.05470	0.90149
406 T	0.04391	0.05363	0.90246
407 G	0.04312	0.05292	0.90396
408 C	0.04073	0.05356	0.90571
409 G	0.04029	0.05355	0.90615
410 C	0.04337	0.05000	0.90664
411 A	0.04625	0.04819	0.90555
412 A	0.05551	0.04007	0.90442
413 T	0.06379	0.03195	0.90427
414 T	0.06723	0.02817	0.9046
415 G	0.06304	0.03203	0.90494
416 A	0.05988	0.03445	0.90567
417 A	0.05894	0.03446	0.90661
418 G	0.05803	0.03469	0.90728
419 C	0.05852	0.03402	0.90747
420 T	0.05848	0.03410	0.90742
421 C	0.05626	0.03631	0.90743
422 A	0.05275	0.03999	0.90725
423 T	0.05014	0.04281	0.90705
424 A	0.04232	0.05106	0.90661
425 C	0.03621	0.05760	0.90619
426 A	0.03454	0.06050	0.90496
427 A	0.03360	0.06216	0.90423
428 T	0.03303	0.06242	0.90456
429 A	0.03191	0.06324	0.90485
430 G	0.03096	0.06344	0.90559
431 A	0.02960	0.06176	0.90865
432 C	0.02825	0.06020	0.91156
433 G	0.02663	0.06165	0.91171
434 A	0.02680	0.06171	0.91149
435 T	0.02754	0.06153	0.91093
436 A	0.02740	0.06314	0.90946
437 A	0.02742	0.06388	0.9087
438 A	0.02730	0.05872	0.91398
439 T	0.02744	0.05432	0.91823
440 T	0.02724	0.05378	0.91898
441 A	0.02611	0.05512	0.91877
442 A	0.02563	0.05542	0.91894
443 A	0.02541	0.05488	0.91972
444 A	0.02499	0.05204	0.92296
445 G	0.02489	0.04771	0.92739
446 A	0.02507	0.04422	0.9307
447 A	0.02556	0.03659	0.93785
448 C	0.02611	0.02979	0.9441
449 A	0.02725	0.02752	0.94522
450 T	0.02831	0.02563	0.94606
451 T	0.02845	0.02521	0.94634
452 A	0.02849	0.02537	0.94614
453 T	0.02859	0.02523	0.94618
454 A	0.02865	0.02371	0.94764
455 A	0.02879	0.02194	0.94927
456 T	0.02922	0.01957	0.95122
457 A	0.02973	0.01810	0.95217
458 C	0.03057	0.01649	0.95294
459 A	0.03233	0.01453	0.95314
460 T	0.03412	0.01245	0.95343
461 C	0.03449	0.01181	0.9537
462 A	0.03510	0.01126	0.95364
463 T	0.03655	0.00974	0.95371
464 T	0.03790	0.00743	0.95467
465 G	0.03839	0.00651	0.9551
466 T	0.03912	0.00561	0.95527
467 T	0.03913	0.00512	0.95575
468 T	0.03900	0.00499	0.95602
469 T	0.03872	0.00514	0.95614
470 G	0.03822	0.00562	0.95617
471 C	0.03766	0.00614	0.95619
472 A	0.03737	0.00643	0.9562
473 A	0.03727	0.00652	0.9562
474 A	0.03741	0.00636	0.95623
475 C	0.03815	0.00558	0.95626
476 C	0.03865	0.00507	0.95628
477 C	0.03884	0.00486	0.95631
478 G	0.03894	0.00476	0.9563
479 A	0.03916	0.00454	0.95629
480 T	0.03933	0.00437	0.95629
481 T	0.03940	0.00430	0.95631
482 G	0.03944	0.00421	0.95634
483 T	0.03953	0.00400	0.95647
484 T	0.03956	0.00373	0.95671
485 A	0.03957	0.00359	0.95684
486 T	0.03963	0.00342	0.95695
487 T	0.03966	0.00324	0.9571
488 C	0.03965	0.00300	0.95735
489 T	0.03951	0.00303	0.95746
490 T	0.03924	0.00318	0.95758
491 T	0.03885	0.00346	0.95769
492 G	0.03844	0.00370	0.95786
493 G	0.03824	0.00368	0.95808
494 T	0.03810	0.00328	0.95862
495 A	0.03770	0.00336	0.95894
496 T	0.03751	0.00335	0.95915
497 T	0.03734	0.00343	0.95923
498 G	0.03718	0.00356	0.95926
499 A	0.03712	0.00361	0.95927
500 A	0.03708	0.00362	0.9593
501 T	0.03708	0.00355	0.95937
502 T	0.03707	0.00352	0.95941
503 T	0.03702	0.00356	0.95942
504 A	0.03680	0.00377	0.95944
505 T	0.03661	0.00389	0.95951
506 C	0.03635	0.00411	0.95953
507 T	0.03603	0.00445	0.95952
508 G	0.03552	0.00497	0.95952
509 A	0.03519	0.00531	0.9595
510 T	0.03497	0.00552	0.95951
511 G	0.03433	0.00618	0.95949
512 G	0.03408	0.00618	0.95975
513 T	0.03398	0.00594	0.96009
514 G	0.03377	0.00578	0.96045
515 G	0.03355	0.00572	0.96073
516 T	0.03341	0.00575	0.96084
517 A	0.03307	0.00613	0.9608
518 G	0.03289	0.00620	0.9609
519 G	0.03255	0.00714	0.96031
520 G	0.03216	0.00884	0.95899
521 T	0.03175	0.01151	0.95673
522 A	0.03041	0.01614	0.95346
523 G	0.03001	0.01898	0.951
524 A	0.02984	0.02078	0.94938
525 A	0.02968	0.02161	0.9487
526 A	0.02961	0.02193	0.94846
527 A	0.02959	0.02190	0.94851
528 T	0.02956	0.02174	0.9487
529 A	0.02944	0.02162	0.94894
530 T	0.02938	0.02131	0.94931
531 G	0.02918	0.02104	0.94978
532 G	0.02910	0.02084	0.95007
533 A	0.02909	0.02067	0.95024
534 T	0.02917	0.02006	0.95077
535 T	0.02916	0.01985	0.95099
536 T	0.02904	0.01991	0.95105
537 A	0.02872	0.02016	0.95112
538 A	0.02853	0.02019	0.95128
539 G	0.02846	0.02004	0.9515
540 A	0.02852	0.01969	0.95179
541 A	0.02879	0.01922	0.95199
542 A	0.02988	0.01771	0.95241
543 A	0.03170	0.01538	0.95292
544 G	0.03440	0.01197	0.95363
545 C	0.03775	0.00722	0.95503
546 T	0.04034	0.00448	0.95517
547 T	0.04149	0.00337	0.95514
548 T	0.04182	0.00325	0.95492
549 A	0.04180	0.00354	0.95466
550 T	0.04175	0.00380	0.95445
551 T	0.04140	0.00457	0.95403
552 T	0.04072	0.00553	0.95376
553 T	0.03946	0.00708	0.95346
554 A	0.03667	0.01057	0.95276
555 T	0.03464	0.01273	0.95263
556 G	0.03281	0.01493	0.95226
557 G	0.03199	0.01659	0.95141
558 A	0.03160	0.01846	0.94994
559 A	0.03150	0.02020	0.94829
560 T	0.03154	0.02005	0.94841
561 T	0.03130	0.02025	0.94845
562 G	0.03079	0.02078	0.94842
563 A	0.03048	0.02116	0.94836
564 C	0.03032	0.02135	0.94833
565 A	0.03019	0.02161	0.9482
566 G	0.03013	0.02171	0.94816
567 A	0.03013	0.02177	0.9481
568 A	0.03015	0.02178	0.94806
569 A	0.03024	0.02175	0.94801
570 A	0.03041	0.02158	0.94801
571 A	0.03074	0.02120	0.94806
572 A	0.03109	0.02058	0.94832
573 A	0.03147	0.01975	0.94877
574 T	0.03225	0.01782	0.94993
575 T	0.03271	0.01608	0.9512
576 A	0.03304	0.01412	0.95284
577 T	0.03384	0.01079	0.95537
578 C	0.03411	0.00891	0.95697
579 A	0.03450	0.00816	0.95733
580 A	0.03529	0.00742	0.95729
581 G	0.03677	0.00591	0.95733
582 T	0.03849	0.00409	0.95743
583 T	0.03877	0.00379	0.95744
584 T	0.03892	0.00329	0.95779
585 T	0.03901	0.00269	0.9583
586 C	0.03903	0.00235	0.95862
587 T	0.03904	0.00225	0.9587
588 T	0.03874	0.00250	0.95876
589 C	0.03797	0.00327	0.95876
590 C	0.03755	0.00376	0.95869
591 A	0.03712	0.00439	0.95848
592 A	0.03668	0.00500	0.95832
593 A	0.03639	0.00536	0.95824
594 T	0.03619	0.00561	0.9582
595 A	0.03600	0.00580	0.9582
596 T	0.03595	0.00583	0.95822
597 A	0.03572	0.00604	0.95823
598 G	0.03558	0.00615	0.95827
599 C	0.03560	0.00609	0.9583
600 C	0.03564	0.00605	0.95832
601 C	0.03568	0.00600	0.95832
602 C	0.03601	0.00567	0.95832
603 T	0.03642	0.00527	0.95831
604 T	0.03657	0.00514	0.9583
605 C	0.03654	0.00517	0.95828
606 T	0.03655	0.00519	0.95827
607 T	0.03648	0.00530	0.95822
608 T	0.03632	0.00545	0.95823
609 G	0.03614	0.00560	0.95826
610 A	0.03605	0.00569	0.95827
611 A	0.03605	0.00525	0.9587
612 T	0.03611	0.00438	0.95952
613 T	0.03612	0.00391	0.95997
614 A	0.03616	0.00350	0.96033
615 T	0.03627	0.00296	0.96077
616 A	0.03629	0.00273	0.96099
617 T	0.03631	0.00246	0.96124
618 G	0.03630	0.00232	0.96138
619 A	0.03630	0.00237	0.96134
620 A	0.03628	0.00237	0.96136
621 T	0.03623	0.00236	0.96141
622 G	0.03609	0.00251	0.96141
623 A	0.03603	0.00263	0.96133
624 T	0.03603	0.00262	0.96136
625 A	0.03600	0.00267	0.96133
626 G	0.03601	0.00265	0.96134
627 T	0.03604	0.00260	0.96136
628 T	0.03606	0.00254	0.9614
629 A	0.03608	0.00252	0.9614
630 T	0.03613	0.00240	0.96147
631 T	0.03615	0.00225	0.96159
632 T	0.03616	0.00217	0.96167
633 T	0.03605	0.00223	0.96172
634 T	0.03574	0.00253	0.96173
635 A	0.03515	0.00313	0.96172
636 T	0.03440	0.00383	0.96177
637 C	0.03350	0.00468	0.96182
638 C	0.03266	0.00568	0.96166
639 T	0.03231	0.00638	0.96131
640 A	0.03171	0.00780	0.9605
641 A	0.03141	0.00844	0.96015
642 A	0.03111	0.00899	0.95991
643 T	0.03107	0.00904	0.95989
644 T	0.03095	0.00913	0.95992
645 A	0.03073	0.00923	0.96004
646 T	0.03065	0.00924	0.96011
647 C	0.03052	0.00935	0.96013
648 T	0.03041	0.00946	0.96012
649 T	0.03036	0.00955	0.9601
650 C	0.03023	0.00969	0.96008
651 T	0.03011	0.00997	0.95992
652 G	0.02985	0.01043	0.95971
653 T	0.02970	0.01076	0.95953
654 A	0.02891	0.01196	0.95913
655 A	0.02840	0.01253	0.95908
656 A	0.02793	0.01286	0.95922
657 A	0.02789	0.01249	0.95962
658 A	0.02789	0.01178	0.96033
659 C	0.02797	0.01061	0.96142
660 A	0.02806	0.01006	0.96188
661 T	0.02836	0.00942	0.96222
662 A	0.02861	0.00995	0.96144
663 T	0.02932	0.00959	0.96109
664 A	0.02947	0.01036	0.96017
665 A	0.02961	0.01052	0.95987
666 T	0.02958	0.01108	0.95934
667 T	0.02943	0.01122	0.95935
668 T	0.02913	0.01158	0.95929
669 G	0.02603	0.01505	0.95892
670 A	0.02494	0.01649	0.95858
671 C	0.02467	0.01681	0.95851
672 T	0.02432	0.01814	0.95754
673 A	0.02296	0.02108	0.95596
674 A	0.02243	0.02238	0.9552
675 T	0.02232	0.02251	0.95517
676 G	0.02068	0.02437	0.95495
677 A	0.02054	0.02384	0.95562
678 A	0.02016	0.02374	0.95611
679 C	0.01994	0.02356	0.9565
680 A	0.01933	0.02459	0.95608
681 C	0.01903	0.02508	0.95589
682 G	0.01814	0.02611	0.95575
683 A	0.01712	0.02735	0.95554
684 A	0.01721	0.02739	0.9554
685 A	0.01796	0.02667	0.95537
686 C	0.01864	0.02612	0.95523
687 A	0.01956	0.02548	0.95497
688 A	0.02032	0.02495	0.95473
689 A	0.02110	0.02407	0.95483
690 T	0.02158	0.02341	0.95501
691 A	0.02177	0.02305	0.95518
692 T	0.02255	0.01895	0.95851
693 C	0.02183	0.01866	0.95951
694 A	0.02083	0.01960	0.95957
695 A	0.02039	0.01978	0.95983
696 T	0.02052	0.01848	0.961
697 G	0.01846	0.02011	0.96143
698 A	0.01747	0.02103	0.96149
699 C	0.01724	0.01982	0.96294
700 A	0.01690	0.02109	0.96201
701 A	0.01661	0.02343	0.95996
702 A	0.01660	0.02335	0.96005
703 T	0.01676	0.02261	0.96062
704 T	0.01581	0.02336	0.96083
705 A	0.01528	0.02294	0.96177
706 C	0.01526	0.02151	0.96323
707 A	0.01509	0.02152	0.96339
708 A	0.01503	0.02135	0.96362
709 T	0.01518	0.02108	0.96375
710 C	0.01538	0.02075	0.96386
711 A	0.01547	0.02089	0.96364
712 G	0.01543	0.02092	0.96365
713 A	0.01541	0.02140	0.96319
714 T	0.01559	0.02157	0.96284
715 T	0.01542	0.02368	0.9609
716 T	0.01522	0.02283	0.96196
717 A	0.01463	0.02281	0.96255
718 A	0.01444	0.02219	0.96338
719 A	0.01438	0.02125	0.96438
720 C	0.01451	0.01894	0.96655
721 G	0.01470	0.01852	0.96678
722 A	0.01504	0.01898	0.96599
723 A	0.01627	0.01767	0.96606
724 T	0.01848	0.01510	0.96642
725 T	0.01844	0.01505	0.96651
726 A	0.01794	0.01509	0.96697
727 C	0.01762	0.01399	0.96839
728 C	0.01758	0.01402	0.9684
729 T	0.01751	0.01614	0.96634
730 G	0.01710	0.01925	0.96365
731 A	0.01710	0.02295	0.95994
732 T	0.01711	0.02539	0.9575
733 G	0.01682	0.02770	0.95549
734 G	0.01618	0.02853	0.95528
735 A	0.01525	0.02974	0.95501
736 A	0.01550	0.02934	0.95516
737 A	0.01608	0.02863	0.9553
738 C	0.01807	0.02629	0.95564
739 A	0.01850	0.02578	0.95572
740 C	0.01935	0.02451	0.95613
741 A	0.01989	0.02441	0.9557
742 T	0.02042	0.02432	0.95526
743 T	0.02025	0.02532	0.95443
744 A	0.01975	0.02693	0.95332
745 A	0.02005	0.02757	0.95238
746 A	0.01924	0.02848	0.95227
747 A	0.01868	0.02895	0.95237
748 A	0.01838	0.02893	0.95269
749 A	0.01729	0.02935	0.95337
750 C	0.01619	0.02983	0.95399
751 C	0.01615	0.02984	0.95401
752 A	0.01692	0.02954	0.95353
753 A	0.01886	0.02817	0.95297
754 A	0.02157	0.02554	0.95289
755 T	0.02340	0.02370	0.9529
756 T	0.02338	0.02347	0.95315
757 A	0.02026	0.02590	0.95384
758 C	0.01777	0.02733	0.95491
759 A	0.01581	0.02917	0.95502
760 A	0.01353	0.03150	0.95497
761 T	0.01230	0.03275	0.95494
762 A	0.01086	0.03417	0.95497
763 C	0.01029	0.03468	0.95503
764 A	0.00997	0.03489	0.95514
765 A	0.01011	0.03457	0.95531
766 C	0.01062	0.03370	0.95568
767 A	0.01141	0.03273	0.95585
768 A	0.01214	0.03186	0.956
769 T	0.01233	0.03072	0.95695
770 T	0.01214	0.03039	0.95747
771 A	0.01155	0.03077	0.95768
772 A	0.01079	0.03015	0.95905
773 A	0.01030	0.02887	0.96083
774 A	0.01005	0.02758	0.96237
775 G	0.01025	0.02570	0.96404
776 A	0.01082	0.02426	0.96492
777 T	0.01102	0.02307	0.96591
778 A	0.01101	0.02232	0.96666
779 A	0.01107	0.02040	0.96853
780 T	0.01128	0.01671	0.97201
781 T	0.01136	0.01403	0.97461
782 A	0.01137	0.01269	0.97594
783 T	0.01147	0.01127	0.97726
784 G	0.01152	0.01215	0.97633
785 G	0.01155	0.01205	0.97639
786 T	0.01158	0.01274	0.97568
787 T	0.01158	0.01412	0.97431
788 A	0.01144	0.01578	0.97278
789 T	0.01143	0.01656	0.97201
790 A	0.01142	0.01705	0.97153
791 A	0.01141	0.01715	0.97144
792 T	0.01146	0.01701	0.97152
793 A	0.01147	0.01681	0.97172
794 A	0.01154	0.01625	0.97221
795 A	0.01167	0.01541	0.97292
796 G	0.01180	0.01479	0.97342
797 A	0.01190	0.01442	0.97368
798 T	0.01220	0.01391	0.97389
799 T	0.01246	0.01358	0.97397
800 T	0.01252	0.01351	0.97397
801 A	0.01254	0.01341	0.97405
802 G	0.01257	0.01330	0.97413
803 C	0.01263	0.01320	0.97417
804 G	0.01282	0.01299	0.97419
805 C	0.01350	0.01231	0.97419
806 G	0.01501	0.01081	0.97417
807 T	0.01856	0.00728	0.97415
808 T	0.02013	0.00577	0.97411
809 A	0.02117	0.00475	0.97408
810 T	0.02268	0.00324	0.97407
811 T	0.02381	0.00203	0.97416
812 T	0.02427	0.00156	0.97417
813 T	0.02452	0.00126	0.97422
814 T	0.02463	0.00115	0.97423
815 T	0.02462	0.00115	0.97423
816 T	0.02444	0.00134	0.97422
817 C	0.02382	0.00201	0.97416
818 A	0.02280	0.00322	0.97399
819 A	0.02114	0.00496	0.9739
820 A	0.02089	0.00532	0.97379
821 A	0.02081	0.00543	0.97375
822 G	0.02077	0.00550	0.97373
823 T	0.02080	0.00549	0.97371
824 A	0.02077	0.00553	0.9737
825 T	0.02072	0.00560	0.97368
826 A	0.02060	0.00573	0.97367
827 T	0.02053	0.00581	0.97366
828 T	0.02042	0.00597	0.97361
829 A	0.02018	0.00625	0.97357
830 C	0.02008	0.00636	0.97356
831 T	0.02005	0.00646	0.97348
832 G	0.02000	0.00653	0.97347
833 A	0.01999	0.00655	0.97346
834 T	0.02005	0.00648	0.97346
835 A	0.02007	0.00647	0.97346
836 C	0.02008	0.00631	0.97361
837 T	0.02014	0.00620	0.97366
838 A	0.02015	0.00609	0.97376
839 A	0.02019	0.00587	0.97394
840 A	0.02025	0.00527	0.97448
841 T	0.02042	0.00425	0.97533
842 C	0.02049	0.00240	0.97712
843 T	0.02058	0.00203	0.97739
844 G	0.02060	0.00189	0.97751
845 A	0.02062	0.00182	0.97757
846 T	0.02063	0.00176	0.97761
847 G	0.02062	0.00173	0.97764
848 G	0.02065	0.00159	0.97776
849 A	0.02067	0.00142	0.9779
850 G	0.02071	0.00125	0.97803
851 T	0.02080	0.00103	0.97817
852 T	0.02084	0.00078	0.97838
853 G	0.02085	0.00066	0.97849
854 T	0.02089	0.00058	0.97853
855 T	0.02088	0.00057	0.97855
856 A	0.02083	0.00076	0.9784
857 C	0.02081	0.00078	0.97841
858 T	0.02080	0.00086	0.97834
859 T	0.02075	0.00093	0.97832
860 T	0.02068	0.00102	0.9783
861 G	0.02051	0.00123	0.97826
862 A	0.02046	0.00131	0.97824
863 C	0.02043	0.00134	0.97823
864 T	0.02041	0.00139	0.9782
865 T	0.02037	0.00146	0.97818
866 T	0.02032	0.00153	0.97815
867 A	0.02021	0.00167	0.97812
868 A	0.02017	0.00171	0.97812
869 G	0.02016	0.00169	0.97816
870 T	0.02017	0.00164	0.97819
871 A	0.02016	0.00165	0.9782
872 C	0.02016	0.00163	0.9782
873 T	0.02015	0.00171	0.97815
874 A	0.01997	0.00209	0.97794
875 G	0.01994	0.00231	0.97775
876 A	0.01992	0.00243	0.97765
877 G	0.01991	0.00251	0.97758
878 A	0.01992	0.00258	0.9775
879 T	0.02008	0.00239	0.97753
880 G	0.02008	0.00236	0.97756
881 G	0.02014	0.00230	0.97756
882 T	0.02016	0.00228	0.97756
883 A	0.02012	0.00231	0.97756
884 T	0.02014	0.00217	0.97769
885 G	0.02011	0.00218	0.97771
886 T	0.02012	0.00214	0.97774
887 T	0.02012	0.00211	0.97777
888 T	0.02010	0.00210	0.9778
889 A	0.02004	0.00216	0.97781
890 C	0.02001	0.00210	0.97789
891 T	0.01998	0.00211	0.97792
892 A	0.01991	0.00216	0.97793
893 G	0.01988	0.00219	0.97793
894 C	0.01989	0.00217	0.97794
895 G	0.01990	0.00215	0.97795
896 A	0.01998	0.00204	0.97799
897 A	0.02020	0.00163	0.97817
898 T	0.02043	0.00137	0.9782
899 C	0.02051	0.00128	0.97821
900 A	0.02057	0.00122	0.97821
901 T	0.02067	0.00110	0.97822
902 T	0.02070	0.00111	0.97819
903 T	0.02070	0.00115	0.97815
904 A	0.02065	0.00125	0.9781
905 T	0.02053	0.00138	0.97809
906 T	0.02031	0.00160	0.97809
907 G	0.01941	0.00259	0.97801
908 G	0.01865	0.00364	0.97771
909 T	0.01835	0.00463	0.97703
910 G	0.01725	0.00771	0.97504
911 A	0.01684	0.01148	0.97168
912 A	0.01666	0.01193	0.97141
913 T	0.01656	0.01228	0.97116
914 T	0.01639	0.01260	0.971
915 T	0.01605	0.01306	0.97089
916 C	0.01558	0.01368	0.97074
917 A	0.01519	0.01452	0.97028
918 A	0.01493	0.01481	0.97025
919 A	0.01482	0.01495	0.97024
920 A	0.01475	0.01504	0.97021
921 A	0.01470	0.01510	0.9702
922 C	0.01470	0.01508	0.97022
923 A	0.01472	0.01506	0.97022
924 A	0.01473	0.01506	0.97021
925 T	0.01481	0.01495	0.97023
926 T	0.01485	0.01490	0.97025
927 G	0.01486	0.01484	0.97031
928 G	0.01489	0.01445	0.97066
929 A	0.01497	0.01416	0.97088
930 A	0.01516	0.01313	0.97171
931 G	0.01562	0.01204	0.97234
932 A	0.01638	0.01102	0.97261
933 A	0.01840	0.00796	0.97363
934 T	0.02161	0.00436	0.97402
935 G	0.02203	0.00379	0.97418
936 T	0.02249	0.00336	0.97415
937 T	0.02263	0.00315	0.97422
938 T	0.02246	0.00331	0.97423
939 A	0.02153	0.00465	0.97383
940 T	0.02125	0.00494	0.97381
941 C	0.02060	0.00579	0.97361
942 A	0.01921	0.00915	0.97164
943 A	0.01864	0.00986	0.97151
944 T	0.01804	0.01049	0.97146
945 T	0.01675	0.01192	0.97134
946 G	0.01505	0.01367	0.97128
947 C	0.01460	0.01414	0.97126
948 G	0.01441	0.01457	0.97103
949 T	0.01429	0.01505	0.97066
950 T	0.01416	0.01541	0.97043
951 A	0.01395	0.01582	0.97023
952 G	0.01371	0.01638	0.96991
953 A	0.01320	0.01709	0.96971
954 T	0.01276	0.01769	0.96955
955 A	0.01238	0.01837	0.96925
956 A	0.01217	0.01892	0.9689
957 A	0.01209	0.01914	0.96877
958 A	0.01215	0.01914	0.96871
959 A	0.01230	0.01899	0.96871
960 A	0.01248	0.01872	0.96881
961 A	0.01289	0.01805	0.96906
962 T	0.01391	0.01605	0.97003
963 A	0.01417	0.01535	0.97047
964 A	0.01458	0.01420	0.97122
965 T	0.01622	0.01104	0.97275
966 T	0.01637	0.01018	0.97346
967 A	0.01635	0.00957	0.97409
968 T	0.01650	0.00829	0.9752
969 T	0.01644	0.00708	0.97648
970 C	0.01614	0.00709	0.97677
971 A	0.01604	0.00748	0.97649
972 T	0.01626	0.00757	0.97617
973 T	0.01598	0.00870	0.97532
974 A	0.01538	0.01007	0.97454
975 T	0.01552	0.01027	0.97421
976 A	0.01538	0.01058	0.97403
977 G	0.01520	0.01089	0.97391
978 A	0.01533	0.01161	0.97307
979 T	0.01560	0.01286	0.97154
980 T	0.01518	0.01415	0.97067
981 A	0.01468	0.01613	0.96918
982 A	0.01441	0.01720	0.96839
983 A	0.01421	0.01767	0.96811
984 T	0.01413	0.01784	0.96803
985 G	0.01397	0.01808	0.96795
986 A	0.01388	0.01820	0.96791
987 A	0.01388	0.01821	0.96791
988 A	0.01394	0.01813	0.96794
989 T	0.01400	0.01800	0.968
990 A	0.01401	0.01788	0.96811
991 A	0.01406	0.01770	0.96824
992 G	0.01421	0.01729	0.96849
993 T	0.01454	0.01653	0.96893
994 G	0.01486	0.01590	0.96924
995 A	0.01536	0.01517	0.96947
996 T	0.01650	0.01352	0.96998
997 C	0.01727	0.01214	0.9706
998 T	0.01781	0.01155	0.97064
999 A	0.01832	0.01092	0.97076
1000 A	0.01894	0.01007	0.97099
1001 A	0.02015	0.00873	0.97113
1002 T	0.02233	0.00644	0.97123
1003 C	0.02326	0.00473	0.97201
1004 T	0.02468	0.00291	0.97241
1005 T	0.02525	0.00222	0.97252
1006 T	0.02542	0.00227	0.97231
1007 T	0.02529	0.00299	0.97173
1008 T	0.02418	0.00453	0.97129
1009 G	0.02360	0.00614	0.97027
1010 T	0.02322	0.00733	0.96944
1011 T	0.02255	0.00858	0.96887
1012 G	0.02140	0.01039	0.96822
1013 A	0.02068	0.01153	0.96779
1014 A	0.02012	0.01234	0.96754
1015 G	0.01991	0.01263	0.96746
1016 G	0.01978	0.01283	0.96739
1017 A	0.01977	0.01298	0.96725
1018 A	0.01980	0.01305	0.96716
1019 T	0.01984	0.01303	0.96714
1020 G	0.01984	0.01297	0.96719
1021 A	0.01989	0.01290	0.96721
1022 A	0.01991	0.01282	0.96728
1023 A	0.01992	0.01275	0.96732
1024 C	0.01993	0.01268	0.96739
1025 C	0.01996	0.01264	0.9674
1026 T	0.02008	0.01258	0.96733
1027 G	0.02011	0.01268	0.96721
1028 A	0.02024	0.01274	0.96702
1029 A	0.02062	0.01258	0.9668
1030 T	0.02151	0.01163	0.96686
1031 G	0.02202	0.00971	0.96828
1032 T	0.02370	0.00792	0.96837
1033 T	0.02455	0.00774	0.96771
1034 T	0.02486	0.00996	0.96517
1035 T	0.02493	0.00993	0.96514
1036 A	0.02462	0.01024	0.96513
1037 T	0.02428	0.01018	0.96555
1038 T	0.02250	0.01182	0.96568
1039 C	0.02103	0.01323	0.96575
1040 C	0.02025	0.01408	0.96566
1041 C	0.01956	0.01498	0.96545
1042 G	0.01887	0.01599	0.96514
1043 A	0.01843	0.01678	0.9648
1044 T	0.01740	0.01809	0.96451
1045 A	0.01676	0.01909	0.96415
1046 A	0.01636	0.01992	0.96372
1047 A	0.01598	0.02057	0.96345
1048 G	0.01571	0.02104	0.96325
1049 A	0.01549	0.02171	0.9628
1050 A	0.01512	0.02209	0.96279
1051 A	0.01489	0.02232	0.96279
1052 A	0.01480	0.02243	0.96277
1053 A	0.01511	0.02209	0.9628
1054 C	0.01572	0.02138	0.9629
1055 G	0.01642	0.02098	0.96261
1056 A	0.01743	0.02060	0.96197
1057 T	0.01988	0.01816	0.96195
1058 A	0.02002	0.01810	0.96188
1059 T	0.02017	0.01765	0.96219
1060 A	0.01989	0.01736	0.96274
1061 C	0.01972	0.01558	0.9647
1062 T	0.01975	0.01599	0.96426
1063 T	0.01910	0.01690	0.964
1064 T	0.01836	0.01822	0.96343
1065 A	0.01617	0.02197	0.96186
1066 A	0.01508	0.02353	0.96138
1067 C	0.01291	0.02481	0.96228
1068 A	0.01144	0.02689	0.96168
1069 A	0.01075	0.02848	0.96077
1070 A	0.01058	0.02921	0.96021
1071 A	0.01057	0.02965	0.95978
1072 G	0.01062	0.03010	0.95928
1073 A	0.01012	0.03058	0.9593
1074 A	0.01007	0.03066	0.95928
1075 G	0.01008	0.03094	0.95898
1076 A	0.01008	0.03210	0.95781
1077 A	0.01016	0.03226	0.95758
1078 A	0.01046	0.03211	0.95742
1079 A	0.01102	0.03160	0.95737
1080 A	0.01126	0.03118	0.95756
1081 G	0.01159	0.03041	0.958
1082 A	0.01196	0.02977	0.95828
1083 A	0.01268	0.02860	0.95872
1084 C	0.01346	0.02712	0.95942
1085 A	0.01519	0.02542	0.95938
1086 T	0.01642	0.02322	0.96036
1087 A	0.01725	0.02175	0.96101
1088 T	0.01906	0.01798	0.96296
1089 T	0.01963	0.01692	0.96345
1090 C	0.01992	0.01460	0.96548
1091 A	0.02057	0.01422	0.96521
1092 T	0.02174	0.01248	0.96578
1093 G	0.02216	0.01221	0.96563
1094 A	0.02267	0.01188	0.96544
1095 T	0.02342	0.01124	0.96535
1096 C	0.02359	0.01089	0.96552
1097 A	0.02371	0.01219	0.9641
1098 A	0.02430	0.01257	0.96313
1099 T	0.02547	0.01307	0.96146
1100 T	0.02545	0.01538	0.95917
1101 A	0.02522	0.01598	0.9588
1102 G	0.02518	0.01597	0.95885
1103 A	0.02447	0.01669	0.95884
1104 A	0.02422	0.01688	0.9589
1105 C	0.02425	0.01680	0.95895
1106 C	0.02432	0.01673	0.95895
1107 A	0.02440	0.01676	0.95884
1108 C	0.02476	0.01641	0.95883
1109 A	0.02488	0.01634	0.95877
1110 A	0.02512	0.01618	0.9587
1111 G	0.02546	0.01586	0.95868
1112 C	0.02602	0.01527	0.95871
1113 T	0.02676	0.01461	0.95862
1114 T	0.02805	0.01338	0.95857
1115 A	0.02828	0.01323	0.9585
1116 T	0.02874	0.01268	0.95858
1117 A	0.02907	0.01229	0.95864
1118 A	0.02948	0.01166	0.95887
1119 T	0.03030	0.01041	0.95929
1120 C	0.03160	0.00871	0.95969
1121 A	0.03254	0.00770	0.95976
1122 A	0.03405	0.00610	0.95984
1123 T	0.03613	0.00373	0.96015
1124 T	0.03646	0.00307	0.96047
1125 A	0.03652	0.00286	0.96062
1126 T	0.03661	0.00191	0.96148
1127 C	0.03662	0.00159	0.96178
1128 C	0.03660	0.00153	0.96188
1129 A	0.03661	0.00158	0.96181
1130 T	0.03669	0.00157	0.96174
1131 G	0.03666	0.00162	0.96172
1132 A	0.03672	0.00157	0.96171
1133 T	0.03684	0.00144	0.96172
1134 T	0.03687	0.00132	0.96181
1135 C	0.03686	0.00130	0.96184
1136 C	0.03690	0.00136	0.96174
1137 T	0.03702	0.00155	0.96142
1138 T	0.03708	0.00208	0.96084
1139 T	0.03707	0.00248	0.96045
1140 A	0.03704	0.00309	0.95986
1141 T	0.03705	0.00312	0.95983
1142 T	0.03699	0.00318	0.95983
1143 T	0.03691	0.00323	0.95987
1144 T	0.03684	0.00328	0.95988
1145 C	0.03669	0.00343	0.95988
1146 T	0.03662	0.00351	0.95987
1147 C	0.03646	0.00370	0.95985
1148 A	0.03634	0.00390	0.95976
1149 A	0.03626	0.00399	0.95975
1150 A	0.03620	0.00406	0.95973
1151 G	0.03611	0.00412	0.95976
1152 A	0.03616	0.00406	0.95978
1153 C	0.03624	0.00387	0.95989
1154 A	0.03627	0.00381	0.95992
1155 A	0.03630	0.00374	0.95996
1156 G	0.03636	0.00366	0.95999
1157 T	0.03647	0.00351	0.96003
1158 G	0.03654	0.00342	0.96004
1159 C	0.03673	0.00318	0.96009
1160 G	0.03710	0.00306	0.95984
1161 T	0.03770	0.00290	0.9594
1162 T	0.03797	0.00340	0.95863
1163 T	0.03828	0.00368	0.95804
1164 T	0.03821	0.00387	0.95792
1165 T	0.03802	0.00408	0.9579
1166 T	0.03774	0.00435	0.95791
1167 A	0.03667	0.00547	0.95785
1168 C	0.03625	0.00579	0.95795
1169 A	0.03572	0.00669	0.95759
1170 T	0.03532	0.00715	0.95753
1171 A	0.03371	0.00877	0.95753
1172 A	0.03263	0.00986	0.95751
1173 T	0.03214	0.01035	0.95751
1174 C	0.03094	0.01156	0.9575
1175 C	0.03010	0.01264	0.95726
1176 T	0.02949	0.01376	0.95675
1177 A	0.02864	0.01516	0.95621
1178 A	0.02814	0.01588	0.95598
1179 A	0.02768	0.01652	0.9558
1180 G	0.02746	0.01682	0.95572
1181 A	0.02742	0.01690	0.95567
1182 A	0.02750	0.01689	0.95561
1183 A	0.02782	0.01658	0.9556
1184 A	0.02833	0.01604	0.95563
1185 T	0.02917	0.01509	0.95574
1186 T	0.02970	0.01443	0.95588
1187 T	0.02981	0.01411	0.95607
1188 T	0.02988	0.01384	0.95628
1189 A	0.02992	0.01360	0.95648
1190 T	0.03002	0.01264	0.95735
1191 A	0.03006	0.01229	0.95765
1192 A	0.03032	0.01154	0.95813
1193 A	0.03046	0.01093	0.95861
1194 A	0.03060	0.00917	0.96023
1195 T	0.03082	0.00769	0.96149
1196 A	0.03101	0.00693	0.96206
1197 T	0.03148	0.00519	0.96334
1198 T	0.03184	0.00415	0.96401
1199 T	0.03223	0.00327	0.9645
1200 T	0.03243	0.00273	0.96483
1201 A	0.03248	0.00287	0.96465
1202 T	0.03255	0.00311	0.96434
1203 T	0.03258	0.00398	0.96343
1204 A	0.03262	0.00536	0.96202
1205 T	0.03269	0.00535	0.96196
1206 T	0.03272	0.00542	0.96186
1207 T	0.03272	0.00548	0.9618
1208 T	0.03264	0.00572	0.96165
1209 C	0.03222	0.00630	0.96149
1210 G	0.03192	0.00707	0.961
1211 G	0.03188	0.00772	0.9604
1212 T	0.03194	0.00797	0.96009
1213 T	0.03194	0.00848	0.95958
1214 T	0.03191	0.00881	0.95929
1215 T	0.03182	0.00907	0.95911
1216 A	0.03169	0.00951	0.95879
1217 A	0.03166	0.00966	0.95868
1218 A	0.03167	0.00967	0.95866
1219 A	0.03170	0.00963	0.95867
1220 A	0.03180	0.00953	0.95867
1221 T	0.03206	0.00923	0.95872
1222 C	0.03222	0.00904	0.95874
1223 A	0.03250	0.00875	0.95876
1224 G	0.03305	0.00817	0.95879
1225 C	0.03383	0.00738	0.95879
1226 C	0.03490	0.00636	0.95874
1227 T	0.03617	0.00536	0.95847
1228 T	0.03633	0.00551	0.95816
1229 T	0.03644	0.00583	0.95773
1230 A	0.03640	0.00662	0.95698
1231 G	0.03656	0.00671	0.95673
1232 A	0.03675	0.00667	0.95657
1233 T	0.03734	0.00665	0.95601
1234 T	0.03733	0.00725	0.95541
1235 A	0.03545	0.01043	0.95412
1236 T	0.03447	0.01242	0.95311
1237 T	0.02947	0.01948	0.95105
1238 G	0.02774	0.02127	0.95099
1239 T	0.02698	0.02197	0.95104
1240 A	0.02580	0.02313	0.95107
1241 A	0.02553	0.02339	0.95108
1242 C	0.02534	0.02357	0.95109
1243 C	0.02534	0.02356	0.95109
1244 C	0.02535	0.02356	0.95109
1245 A	0.02535	0.02355	0.95109
1246 G	0.02536	0.02354	0.95109
1247 A	0.02539	0.02351	0.95109
1248 A	0.02543	0.02347	0.9511
1249 A	0.02557	0.02332	0.95111
1250 C	0.02598	0.02284	0.95118
1251 C	0.02639	0.02240	0.95122
1252 A	0.02687	0.02190	0.95124
1253 T	0.02770	0.02102	0.95128
1254 A	0.02804	0.02064	0.95131
1255 A	0.02874	0.01992	0.95134
1256 T	0.02989	0.01854	0.95157
1257 A	0.03070	0.01636	0.95294
1258 T	0.03198	0.01153	0.95649
1259 A	0.03284	0.00824	0.95892
1260 G	0.03462	0.00000	0.96537
