# lcl|CP097583.1_cds_USQ93450.1_1
# AA	inside	membr	outside
1 A	0.56522	0.00000	0.43478
2 T	0.56518	0.00004	0.43478
3 G	0.56516	0.00006	0.43478
4 A	0.56516	0.01506	0.41978
5 T	0.56480	0.03184	0.40335
6 T	0.56480	0.03677	0.39842
7 G	0.55778	0.04670	0.39551
8 A	0.55778	0.04676	0.39545
9 T	0.55718	0.04755	0.39527
10 A	0.55717	0.06063	0.3822
11 T	0.55647	0.06227	0.38126
12 T	0.54570	0.07341	0.38089
13 C	0.52713	0.09416	0.3787
14 A	0.52713	0.09416	0.3787
15 A	0.52713	0.13230	0.34057
16 T	0.52696	0.13247	0.34056
17 G	0.52654	0.13407	0.33938
18 G	0.52650	0.13517	0.33833
19 T	0.52532	0.13654	0.33813
20 T	0.51532	0.14899	0.33569
21 T	0.48912	0.17519	0.33569
22 C	0.48707	0.17747	0.33546
23 C	0.48519	0.17993	0.33488
24 A	0.48021	0.18539	0.3344
25 G	0.47608	0.18993	0.33399
26 G	0.47359	0.19345	0.33296
27 A	0.48489	0.18423	0.33089
28 C	0.49724	0.17352	0.32924
29 A	0.49885	0.17449	0.32666
30 T	0.50253	0.16719	0.33028
31 A	0.50076	0.16875	0.33049
32 T	0.50067	0.16709	0.33224
33 G	0.50514	0.16020	0.33466
34 T	0.50446	0.15786	0.33768
35 C	0.50194	0.15072	0.34734
36 C	0.49683	0.14853	0.35464
37 A	0.48920	0.15941	0.35139
38 A	0.51223	0.13874	0.34903
39 A	0.50784	0.14838	0.34378
40 A	0.50717	0.15223	0.3406
41 C	0.50853	0.14856	0.34291
42 T	0.50830	0.14655	0.34516
43 T	0.50850	0.13767	0.35382
44 T	0.49634	0.13895	0.36472
45 A	0.47596	0.16688	0.35716
46 A	0.45273	0.19826	0.34901
47 A	0.42843	0.24052	0.33105
48 A	0.41445	0.25864	0.32691
49 A	0.40869	0.26444	0.32686
50 A	0.40798	0.26474	0.32728
51 T	0.40934	0.26074	0.32992
52 A	0.40892	0.25918	0.33191
53 T	0.40963	0.25654	0.33383
54 T	0.40837	0.25695	0.33468
55 A	0.40554	0.26293	0.33154
56 G	0.40435	0.26265	0.333
57 A	0.40383	0.26369	0.33247
58 A	0.40387	0.26436	0.33177
59 A	0.40694	0.25734	0.33572
60 T	0.41100	0.24875	0.34025
61 A	0.41343	0.24692	0.33965
62 A	0.41938	0.23872	0.3419
63 T	0.42581	0.22926	0.34493
64 T	0.42815	0.22493	0.34692
65 T	0.43005	0.22187	0.34809
66 A	0.43142	0.22109	0.34749
67 A	0.43573	0.20810	0.35616
68 A	0.44208	0.18430	0.37363
69 A	0.45199	0.15273	0.39528
70 T	0.47825	0.09967	0.42208
71 T	0.48734	0.07620	0.43646
72 T	0.49042	0.06673	0.44285
73 G	0.49172	0.06297	0.44531
74 T	0.49339	0.06035	0.44626
75 T	0.49474	0.05721	0.44806
76 G	0.49539	0.05667	0.44795
77 A	0.49768	0.05334	0.44898
78 T	0.50343	0.04569	0.45087
79 T	0.50603	0.04241	0.45157
80 G	0.50888	0.03933	0.45179
81 C	0.51410	0.03518	0.45072
82 A	0.51695	0.04338	0.43967
83 T	0.52102	0.05150	0.42748
84 T	0.52540	0.06887	0.40574
85 T	0.52839	0.07783	0.39379
86 T	0.52955	0.08518	0.38527
87 A	0.52999	0.08667	0.38333
88 A	0.53130	0.08634	0.38236
89 T	0.53426	0.08329	0.38244
90 T	0.53599	0.08165	0.38236
91 C	0.53674	0.08099	0.38226
92 T	0.53747	0.08082	0.38172
93 T	0.53675	0.08196	0.38129
94 T	0.53596	0.08323	0.38081
95 T	0.53497	0.08467	0.38036
96 A	0.53262	0.08780	0.37958
97 G	0.53146	0.08904	0.3795
98 A	0.53076	0.08976	0.37949
99 T	0.52654	0.09366	0.37981
100 G	0.51880	0.10139	0.3798
101 C	0.51675	0.10363	0.37962
102 A	0.51311	0.10888	0.37801
103 A	0.51141	0.11286	0.37573
104 G	0.51250	0.11263	0.37487
105 A	0.52384	0.10140	0.37475
106 A	0.53809	0.08711	0.3748
107 T	0.56141	0.06324	0.37535
108 T	0.57226	0.05198	0.37575
109 C	0.57745	0.04638	0.37617
110 C	0.57859	0.04500	0.37641
111 T	0.57971	0.04410	0.37619
112 T	0.58014	0.04371	0.37615
113 T	0.58043	0.04346	0.37611
114 T	0.58054	0.04335	0.3761
115 T	0.58055	0.04313	0.37632
116 C	0.58005	0.04176	0.37819
117 T	0.57926	0.04172	0.37902
118 A	0.57731	0.04343	0.37926
119 G	0.57584	0.04434	0.37981
120 T	0.57564	0.04559	0.37878
121 A	0.57493	0.04789	0.37718
122 T	0.57493	0.04135	0.38372
123 G	0.57480	0.03451	0.39069
124 A	0.57500	0.03323	0.39178
125 A	0.57625	0.02927	0.39449
126 T	0.57846	0.02476	0.39677
127 T	0.57885	0.02410	0.39705
128 T	0.57841	0.02553	0.39606
129 T	0.57730	0.02729	0.39541
130 G	0.57439	0.03166	0.39395
131 A	0.57324	0.03412	0.39264
132 A	0.57236	0.03624	0.39141
133 C	0.57191	0.03797	0.39012
134 T	0.57130	0.04507	0.38363
135 T	0.57043	0.05739	0.37218
136 T	0.56920	0.08400	0.34681
137 T	0.56684	0.10649	0.32667
138 A	0.56428	0.11193	0.32379
139 A	0.56354	0.11345	0.32301
140 A	0.56320	0.11321	0.32358
141 A	0.56273	0.11156	0.32571
142 C	0.56358	0.10852	0.3279
143 T	0.56554	0.10664	0.32782
144 T	0.56536	0.10810	0.32654
145 T	0.56227	0.11293	0.3248
146 T	0.55814	0.11841	0.32345
147 A	0.55211	0.12577	0.32211
148 A	0.54939	0.12895	0.32166
149 A	0.54839	0.13027	0.32133
150 T	0.54896	0.12936	0.32167
151 A	0.54905	0.12894	0.322
152 A	0.54908	0.12807	0.32285
153 T	0.55038	0.12431	0.32531
154 A	0.55040	0.12326	0.32634
155 A	0.55225	0.12021	0.32754
156 A	0.55570	0.11521	0.32909
157 C	0.56429	0.10399	0.33172
158 C	0.57680	0.09004	0.33317
159 T	0.60284	0.06358	0.33357
160 T	0.61876	0.04765	0.33359
161 T	0.62086	0.04532	0.33382
162 T	0.62121	0.04533	0.33347
163 T	0.62124	0.04531	0.33344
164 T	0.62103	0.04438	0.33459
165 A	0.62076	0.04471	0.33453
166 A	0.62142	0.04289	0.33568
167 T	0.62366	0.03703	0.33931
168 T	0.62542	0.03141	0.34317
169 T	0.62651	0.02686	0.34664
170 T	0.62644	0.02322	0.35034
171 G	0.62469	0.02473	0.35058
172 T	0.62359	0.02882	0.34758
173 T	0.62206	0.03291	0.34503
174 A	0.61526	0.04223	0.34251
175 A	0.61102	0.04814	0.34084
176 A	0.60624	0.05473	0.33902
177 T	0.60101	0.06058	0.33841
178 A	0.58461	0.08031	0.33508
179 A	0.57830	0.08832	0.33338
180 A	0.57582	0.09265	0.33153
181 A	0.57414	0.09461	0.33126
182 G	0.56982	0.09914	0.33104
183 T	0.56752	0.10127	0.3312
184 T	0.56275	0.10658	0.33067
185 C	0.55780	0.11173	0.33047
186 A	0.54889	0.12302	0.32809
187 C	0.54320	0.12875	0.32805
188 T	0.54128	0.13100	0.32772
189 T	0.53729	0.13537	0.32734
190 G	0.53117	0.14185	0.32698
191 C	0.52883	0.14414	0.32703
192 T	0.52812	0.14530	0.32658
193 G	0.52578	0.14704	0.32718
194 A	0.52656	0.14525	0.32819
195 T	0.53063	0.14015	0.32922
196 T	0.53240	0.13757	0.33003
197 T	0.53357	0.13078	0.33565
198 A	0.53395	0.12761	0.33844
199 G	0.53520	0.12302	0.34178
200 A	0.53642	0.11787	0.34572
201 T	0.53906	0.10196	0.35898
202 A	0.53995	0.09730	0.36275
203 A	0.54142	0.09405	0.36453
204 A	0.54206	0.09117	0.36677
205 A	0.54291	0.08327	0.37382
206 A	0.54393	0.07484	0.38123
207 T	0.54654	0.06350	0.38996
208 A	0.54823	0.05617	0.39559
209 G	0.55153	0.04219	0.40629
210 T	0.55304	0.03127	0.41569
211 T	0.55381	0.02544	0.42074
212 T	0.55432	0.02155	0.42412
213 T	0.55471	0.01805	0.42723
214 T	0.55491	0.01631	0.42877
215 T	0.55450	0.01606	0.42944
216 T	0.55270	0.01684	0.43046
217 C	0.54231	0.02835	0.42934
218 T	0.52948	0.05245	0.41806
219 T	0.50481	0.11120	0.38399
220 G	0.47297	0.18145	0.34558
221 A	0.46179	0.21525	0.32296
222 T	0.45779	0.22915	0.31306
223 T	0.45280	0.24311	0.30409
224 T	0.44427	0.25322	0.30251
225 T	0.43719	0.26033	0.30248
226 T	0.42259	0.27535	0.30205
227 T	0.40200	0.29637	0.30163
228 C	0.35403	0.34452	0.30145
229 C	0.33414	0.36486	0.301
230 A	0.32387	0.37626	0.29987
231 T	0.31624	0.38429	0.29946
232 C	0.30594	0.39500	0.29906
233 A	0.30015	0.40215	0.29771
234 A	0.29690	0.40628	0.29683
235 A	0.29512	0.40895	0.29592
236 A	0.29466	0.40973	0.29561
237 A	0.29455	0.41004	0.29541
238 A	0.29576	0.40778	0.29646
239 A	0.29910	0.40172	0.29918
240 A	0.30407	0.38399	0.31194
241 A	0.31850	0.35144	0.33006
242 T	0.36174	0.27926	0.359
243 T	0.40431	0.20961	0.38608
244 T	0.42154	0.18292	0.39553
245 T	0.42497	0.17239	0.40263
246 A	0.42627	0.16337	0.41036
247 T	0.42677	0.14905	0.42417
248 A	0.42625	0.14166	0.4321
249 T	0.42653	0.12598	0.44749
250 A	0.42626	0.10478	0.46896
251 C	0.42605	0.05532	0.51863
252 T	0.42500	0.04839	0.52662
253 T	0.41965	0.05886	0.52149
254 T	0.37068	0.14508	0.48424
255 G	0.28465	0.30436	0.41098
256 A	0.26221	0.38415	0.35364
257 A	0.25165	0.42057	0.32779
258 T	0.24239	0.44350	0.31411
259 A	0.21585	0.49041	0.29374
260 T	0.20604	0.50266	0.2913
261 T	0.17746	0.53503	0.28751
262 G	0.12697	0.58617	0.28687
263 A	0.10914	0.60436	0.2865
264 C	0.09706	0.61667	0.28627
265 G	0.08793	0.62737	0.2847
266 C	0.08376	0.63224	0.284
267 T	0.08148	0.63507	0.28346
268 A	0.07704	0.64018	0.28279
269 A	0.07586	0.64203	0.2821
270 A	0.07486	0.64350	0.28164
271 C	0.07484	0.64350	0.28166
272 A	0.07482	0.64447	0.2807
273 A	0.07571	0.64327	0.28102
274 A	0.07984	0.63852	0.28163
275 A	0.09286	0.62340	0.28375
276 A	0.10994	0.60045	0.28962
277 A	0.15905	0.49605	0.3449
278 T	0.24382	0.32670	0.42948
279 T	0.29666	0.25001	0.45333
280 A	0.31471	0.22210	0.46318
281 A	0.32398	0.20430	0.47172
282 T	0.33553	0.16914	0.49534
283 A	0.32722	0.17015	0.50264
284 T	0.32498	0.14937	0.52565
285 T	0.31166	0.13053	0.5578
286 A	0.27748	0.16073	0.56179
287 A	0.25445	0.18784	0.55771
288 T	0.22919	0.22617	0.54464
289 A	0.16971	0.32995	0.50034
290 A	0.11312	0.43864	0.44824
291 G	0.08001	0.55609	0.36391
292 A	0.07314	0.62609	0.30077
293 T	0.06993	0.64959	0.28049
294 A	0.06326	0.66131	0.27542
295 T	0.06208	0.66226	0.27566
296 A	0.05622	0.66813	0.27565
297 T	0.05375	0.67039	0.27586
298 C	0.04902	0.67514	0.27584
299 C	0.04617	0.67865	0.27518
300 A	0.04512	0.68063	0.27425
301 A	0.04475	0.68177	0.27348
302 A	0.04469	0.68214	0.27317
303 A	0.04776	0.67919	0.27304
304 A	0.05578	0.67040	0.27382
305 T	0.06968	0.65058	0.27974
306 T	0.07500	0.63178	0.29322
307 A	0.07560	0.62287	0.30152
308 G	0.07752	0.60326	0.31923
309 A	0.08390	0.55986	0.35624
310 G	0.09605	0.52407	0.37989
311 A	0.12332	0.47339	0.40329
312 A	0.18050	0.36909	0.45041
313 A	0.25000	0.25206	0.49794
314 T	0.34555	0.11847	0.53598
315 T	0.39302	0.06339	0.54359
316 T	0.40146	0.05011	0.54843
317 T	0.40254	0.04469	0.55277
318 T	0.40047	0.04642	0.5531
319 C	0.39530	0.05209	0.55261
320 A	0.38921	0.07915	0.53164
321 A	0.38402	0.12006	0.49592
322 T	0.36943	0.18375	0.44682
323 A	0.31243	0.32420	0.36337
324 T	0.26770	0.40049	0.33182
325 A	0.17568	0.51435	0.30997
326 A	0.11806	0.58829	0.29365
327 A	0.09720	0.61655	0.28625
328 G	0.09214	0.62313	0.28473
329 G	0.08845	0.62757	0.28399
330 A	0.08458	0.63358	0.28184
331 A	0.08010	0.64329	0.2766
332 T	0.07519	0.65363	0.27117
333 A	0.06087	0.67371	0.26542
334 A	0.05573	0.68090	0.26337
335 A	0.05470	0.68196	0.26334
336 A	0.05445	0.68208	0.26348
337 A	0.05536	0.68055	0.26409
338 T	0.05688	0.67766	0.26546
339 C	0.05691	0.67589	0.2672
340 A	0.05791	0.67448	0.26762
341 A	0.06190	0.66913	0.26897
342 A	0.06944	0.65833	0.27222
343 A	0.09107	0.63192	0.277
344 A	0.13038	0.58754	0.28208
345 A	0.18630	0.49985	0.31385
346 T	0.27883	0.33342	0.38775
347 T	0.31147	0.24974	0.4388
348 T	0.32877	0.16261	0.50862
349 T	0.33621	0.12071	0.54308
350 T	0.33815	0.11001	0.55184
351 A	0.33762	0.11234	0.55004
352 A	0.33830	0.11159	0.55011
353 A	0.34126	0.10384	0.55491
354 A	0.34765	0.09152	0.56084
355 T	0.35455	0.07691	0.56855
356 T	0.36028	0.05738	0.58233
357 T	0.36026	0.05380	0.58594
358 A	0.35838	0.05515	0.58647
359 T	0.35801	0.05473	0.58727
360 G	0.35743	0.05721	0.58535
361 A	0.35727	0.06188	0.58085
362 T	0.35741	0.06629	0.5763
363 T	0.35738	0.07312	0.5695
364 G	0.35587	0.08443	0.5597
365 T	0.35457	0.10959	0.53584
366 A	0.35127	0.12461	0.52412
367 G	0.35037	0.13678	0.51285
368 G	0.35107	0.14281	0.50611
369 T	0.35487	0.14016	0.50497
370 G	0.35705	0.13789	0.50506
371 T	0.36366	0.13104	0.5053
372 T	0.36779	0.12654	0.50566
373 C	0.37019	0.12338	0.50642
374 C	0.37154	0.12232	0.50615
375 T	0.36995	0.12657	0.50349
376 A	0.36596	0.13266	0.50138
377 A	0.36359	0.13593	0.50047
378 T	0.35967	0.14059	0.49974
379 G	0.34012	0.16120	0.49868
380 T	0.33361	0.16592	0.50047
381 A	0.31690	0.18084	0.50225
382 G	0.30714	0.18988	0.50298
383 G	0.30223	0.19419	0.50358
384 C	0.30514	0.19082	0.50404
385 A	0.31007	0.18579	0.50414
386 A	0.31925	0.17617	0.50458
387 A	0.33149	0.16275	0.50576
388 T	0.35815	0.13465	0.5072
389 C	0.36776	0.12258	0.50966
390 T	0.37724	0.11200	0.51076
391 A	0.38068	0.10828	0.51104
392 C	0.38178	0.10684	0.51137
393 T	0.38193	0.10671	0.51137
394 T	0.38009	0.10866	0.51126
395 T	0.37832	0.11023	0.51144
396 A	0.37048	0.11770	0.51182
397 G	0.36276	0.12488	0.51235
398 T	0.36142	0.12137	0.51721
399 T	0.35685	0.12114	0.522
400 A	0.34741	0.12737	0.52522
401 A	0.34584	0.12007	0.53409
402 T	0.34616	0.09794	0.5559
403 T	0.34520	0.08988	0.56492
404 G	0.34358	0.08002	0.57641
405 T	0.34238	0.07663	0.58099
406 T	0.34038	0.07436	0.58526
407 T	0.33352	0.08211	0.58437
408 A	0.30624	0.11623	0.57754
409 G	0.29696	0.12918	0.57386
410 C	0.29080	0.14099	0.56821
411 A	0.28808	0.17709	0.53483
412 G	0.28706	0.20295	0.50999
413 G	0.28654	0.22179	0.49168
414 T	0.28569	0.24708	0.46723
415 A	0.28158	0.28671	0.4317
416 A	0.28045	0.30323	0.41631
417 A	0.27870	0.30825	0.41306
418 A	0.27825	0.30985	0.4119
419 A	0.27793	0.30384	0.41823
420 G	0.27905	0.29335	0.4276
421 T	0.28121	0.28866	0.43013
422 T	0.28211	0.28767	0.43022
423 A	0.28239	0.29725	0.42036
424 A	0.28273	0.30745	0.40982
425 T	0.28291	0.31834	0.39875
426 G	0.27906	0.34551	0.37543
427 A	0.27808	0.34831	0.37362
428 A	0.27963	0.34610	0.37427
429 A	0.28005	0.34464	0.37531
430 A	0.28304	0.33439	0.38257
431 C	0.29400	0.29840	0.4076
432 A	0.30179	0.28344	0.41477
433 G	0.31254	0.26706	0.42039
434 C	0.34951	0.23029	0.4202
435 T	0.38042	0.20449	0.41509
436 A	0.39469	0.19626	0.40905
437 A	0.41462	0.17959	0.40579
438 T	0.44436	0.14648	0.40917
439 T	0.45523	0.13476	0.41001
440 T	0.44358	0.14474	0.41168
441 A	0.43077	0.15672	0.41251
442 C	0.41826	0.16797	0.41377
443 C	0.39520	0.19278	0.41202
444 A	0.37265	0.21992	0.40743
445 G	0.36782	0.23341	0.39877
446 G	0.36849	0.23837	0.39314
447 A	0.36664	0.25013	0.38322
448 G	0.37445	0.24238	0.38317
449 T	0.39588	0.21705	0.38708
450 T	0.38905	0.22328	0.38767
451 A	0.37054	0.24213	0.38733
452 C	0.35411	0.25851	0.38738
453 T	0.34142	0.27148	0.3871
454 A	0.31986	0.29363	0.38651
455 A	0.29760	0.31611	0.38629
456 A	0.28888	0.32497	0.38615
457 C	0.28016	0.33378	0.38606
458 A	0.27119	0.34523	0.38358
459 A	0.26854	0.34771	0.38375
460 A	0.26442	0.35106	0.38452
461 T	0.26034	0.35337	0.38629
462 A	0.25368	0.35854	0.38778
463 C	0.24668	0.34300	0.41032
464 A	0.24202	0.33588	0.42211
465 A	0.23864	0.32641	0.43495
466 T	0.23991	0.30457	0.45552
467 G	0.24263	0.28468	0.47269
468 G	0.24836	0.27444	0.47719
469 A	0.25241	0.26365	0.48394
470 T	0.26098	0.24837	0.49065
471 T	0.26045	0.24882	0.49073
472 A	0.25955	0.25819	0.48226
473 A	0.25967	0.25586	0.48447
474 T	0.26057	0.23496	0.50448
475 T	0.26044	0.21579	0.52376
476 T	0.25819	0.20866	0.53316
477 A	0.25536	0.20797	0.53668
478 G	0.25149	0.20504	0.54348
479 A	0.24937	0.20830	0.54234
480 A	0.24702	0.20917	0.54382
481 A	0.24836	0.20244	0.54919
482 A	0.24856	0.20104	0.5504
483 T	0.24935	0.19983	0.55083
484 A	0.24963	0.20637	0.544
485 A	0.25018	0.20828	0.54154
486 T	0.25119	0.20825	0.54056
487 A	0.25184	0.22037	0.5278
488 T	0.25241	0.23556	0.51202
489 G	0.24782	0.27427	0.47791
490 A	0.24716	0.29908	0.45377
491 A	0.24925	0.30689	0.44386
492 A	0.26164	0.29962	0.43874
493 T	0.27594	0.28589	0.43817
494 T	0.28479	0.27797	0.43724
495 A	0.29233	0.27098	0.43669
496 T	0.30012	0.26369	0.43619
497 T	0.30198	0.26528	0.43274
498 A	0.30198	0.27045	0.42757
499 G	0.30480	0.26653	0.42867
500 A	0.31302	0.25714	0.42984
501 T	0.32230	0.24435	0.43335
502 A	0.32732	0.23744	0.43524
503 C	0.33447	0.22796	0.43757
504 A	0.33730	0.22473	0.43798
505 C	0.34204	0.21963	0.43832
506 C	0.34752	0.21425	0.43823
507 A	0.35619	0.20590	0.43791
508 G	0.36617	0.19615	0.43768
509 G	0.37904	0.18324	0.43772
510 A	0.39886	0.16339	0.43775
511 G	0.42304	0.13830	0.43866
512 T	0.46565	0.08928	0.44507
513 T	0.48819	0.06365	0.44816
514 T	0.49449	0.05563	0.44988
515 T	0.49436	0.05573	0.4499
516 A	0.48896	0.06096	0.45008
517 T	0.48509	0.06376	0.45116
518 G	0.47274	0.07446	0.45281
519 G	0.46585	0.08006	0.45408
520 C	0.46466	0.07979	0.45555
521 C	0.46106	0.08418	0.45476
522 T	0.45471	0.09597	0.44932
523 A	0.44678	0.11112	0.4421
524 A	0.44038	0.12280	0.43681
525 A	0.43869	0.12678	0.43453
526 T	0.43780	0.13094	0.43126
527 T	0.43632	0.13016	0.43352
528 T	0.43502	0.13060	0.43438
529 A	0.43266	0.13319	0.43415
530 A	0.43151	0.13279	0.4357
531 T	0.43067	0.13273	0.43661
532 T	0.42885	0.13488	0.43627
533 A	0.42588	0.13910	0.43503
534 T	0.42150	0.14407	0.43444
535 A	0.41796	0.14898	0.43306
536 A	0.41499	0.15190	0.43311
537 G	0.41214	0.15326	0.4346
538 G	0.41198	0.15046	0.43755
539 A	0.41167	0.14690	0.44143
540 A	0.41046	0.14330	0.44624
541 A	0.40964	0.13235	0.458
542 T	0.41046	0.12352	0.46603
543 A	0.41081	0.11868	0.47051
544 G	0.41263	0.10858	0.47879
545 G	0.41804	0.09749	0.48447
546 A	0.42545	0.08503	0.48952
547 T	0.43126	0.07343	0.49531
548 A	0.43393	0.06911	0.49696
549 T	0.43919	0.06136	0.49945
550 T	0.44138	0.05654	0.50208
551 C	0.44258	0.05348	0.50394
552 T	0.44426	0.05077	0.50496
553 T	0.44555	0.04862	0.50583
554 T	0.44580	0.04781	0.5064
555 A	0.44537	0.04805	0.50658
556 G	0.44594	0.04649	0.50758
557 C	0.44628	0.04206	0.51166
558 T	0.44791	0.04455	0.50754
559 A	0.44798	0.04990	0.50212
560 T	0.44897	0.04725	0.50378
561 T	0.44929	0.04689	0.50382
562 T	0.44895	0.04728	0.50377
563 G	0.44822	0.04669	0.5051
564 C	0.44871	0.04475	0.50655
565 G	0.44903	0.04478	0.5062
566 G	0.45016	0.04399	0.50585
567 T	0.45228	0.04222	0.5055
568 T	0.45442	0.04052	0.50506
569 G	0.45525	0.04045	0.5043
570 T	0.45534	0.04191	0.50275
571 A	0.45327	0.04787	0.49886
572 T	0.45135	0.05289	0.49575
573 T	0.44650	0.06443	0.48907
574 A	0.42492	0.09780	0.47728
575 A	0.40345	0.13301	0.46354
576 A	0.38027	0.16794	0.4518
577 G	0.35155	0.20608	0.44237
578 A	0.33671	0.23611	0.42717
579 A	0.32185	0.25304	0.42511
580 A	0.31573	0.25910	0.42517
581 A	0.31897	0.25559	0.42544
582 T	0.32403	0.24922	0.42674
583 C	0.32359	0.24926	0.42715
584 T	0.32392	0.24888	0.42719
585 T	0.32321	0.24972	0.42707
586 T	0.32111	0.25323	0.42566
587 T	0.31709	0.25858	0.42433
588 C	0.30978	0.26720	0.42301
589 A	0.28148	0.30131	0.41721
590 T	0.26201	0.32323	0.41476
591 A	0.23385	0.35401	0.41214
592 A	0.21650	0.37254	0.41097
593 A	0.20901	0.38036	0.41063
594 A	0.20757	0.37905	0.41337
595 A	0.20897	0.37424	0.41679
596 A	0.21524	0.36158	0.42318
597 A	0.22640	0.32893	0.44467
598 G	0.23969	0.29413	0.46618
599 A	0.25070	0.26268	0.48662
600 A	0.26031	0.22872	0.51097
601 A	0.27504	0.20049	0.52446
602 T	0.27914	0.17755	0.5433
603 T	0.28076	0.16761	0.55163
604 A	0.28126	0.16292	0.55582
605 T	0.28235	0.15783	0.55982
606 C	0.28303	0.15407	0.5629
607 G	0.28331	0.15374	0.56295
608 A	0.28475	0.15507	0.56018
609 T	0.28890	0.15493	0.55617
610 T	0.29100	0.15386	0.55514
611 A	0.29212	0.16083	0.54704
612 T	0.29663	0.13515	0.56821
613 T	0.29760	0.12823	0.57417
614 T	0.29759	0.12078	0.58163
615 T	0.29584	0.13200	0.57216
616 T	0.29068	0.18273	0.52658
617 T	0.28010	0.22298	0.49693
618 A	0.26410	0.26095	0.47495
619 A	0.25777	0.28095	0.46128
620 A	0.25519	0.28377	0.46104
621 G	0.25488	0.28445	0.46066
622 T	0.25592	0.28485	0.45924
623 A	0.25684	0.28561	0.45755
624 C	0.25815	0.28410	0.45775
625 T	0.25822	0.28444	0.45733
626 T	0.25735	0.28610	0.45655
627 A	0.25672	0.28742	0.45586
628 C	0.25675	0.28790	0.45535
629 A	0.25685	0.28970	0.45345
630 A	0.25846	0.28921	0.45233
631 A	0.26427	0.28569	0.45004
632 T	0.27393	0.27763	0.44844
633 A	0.27700	0.27938	0.44361
634 A	0.28753	0.27241	0.44006
635 A	0.30529	0.25860	0.4361
636 T	0.34030	0.22469	0.43502
637 T	0.36357	0.19751	0.43892
638 A	0.38235	0.17420	0.44345
639 T	0.42689	0.12224	0.45087
640 T	0.44609	0.09421	0.4597
641 C	0.45209	0.07688	0.47103
642 T	0.45486	0.07149	0.47365
643 C	0.44341	0.08281	0.47378
644 A	0.43180	0.10146	0.46674
645 T	0.42383	0.11010	0.46606
646 T	0.41273	0.12161	0.46567
647 A	0.38317	0.15152	0.46531
648 T	0.36384	0.17149	0.46467
649 C	0.34893	0.18717	0.46389
650 T	0.33410	0.20731	0.4586
651 A	0.30475	0.24392	0.45132
652 A	0.29261	0.26272	0.44467
653 A	0.28973	0.26831	0.44196
654 A	0.28695	0.27111	0.44194
655 A	0.28673	0.26963	0.44364
656 A	0.28990	0.26377	0.44632
657 A	0.29402	0.25637	0.44961
658 C	0.30001	0.24595	0.45403
659 T	0.30429	0.24088	0.45483
660 T	0.30508	0.23926	0.45566
661 T	0.30552	0.23806	0.45642
662 T	0.30526	0.23794	0.4568
663 T	0.30480	0.23738	0.45782
664 A	0.30371	0.23341	0.46287
665 A	0.30285	0.22857	0.46858
666 A	0.30315	0.21751	0.47934
667 T	0.30955	0.19493	0.49552
668 T	0.30987	0.18071	0.50942
669 A	0.30841	0.16790	0.52369
670 A	0.30816	0.13972	0.55212
671 C	0.30917	0.11486	0.57597
672 T	0.30817	0.12011	0.57173
673 G	0.30843	0.12412	0.56745
674 A	0.31219	0.12269	0.56512
675 T	0.31752	0.11998	0.5625
676 T	0.31787	0.13404	0.54809
677 T	0.31388	0.15262	0.5335
678 A	0.30977	0.17061	0.51961
679 G	0.30805	0.18172	0.51023
680 A	0.30768	0.19690	0.49542
681 T	0.30751	0.20439	0.4881
682 T	0.30641	0.21681	0.47678
683 T	0.30316	0.23996	0.45688
684 A	0.29552	0.26752	0.43695
685 G	0.29222	0.27250	0.43528
686 A	0.28943	0.27623	0.43434
687 A	0.28884	0.27622	0.43493
688 A	0.28978	0.27438	0.43584
689 C	0.29216	0.27096	0.43688
690 A	0.29309	0.26988	0.43702
691 G	0.29583	0.26657	0.4376
692 A	0.30185	0.25936	0.43879
693 A	0.30867	0.25201	0.43932
694 A	0.31807	0.24206	0.43986
695 T	0.34062	0.21326	0.44613
696 T	0.35665	0.19128	0.45206
697 T	0.37074	0.17169	0.45757
698 C	0.38018	0.16092	0.4589
699 A	0.39711	0.14343	0.45946
700 T	0.42042	0.11768	0.4619
701 T	0.43365	0.10224	0.46411
702 T	0.44245	0.09226	0.4653
703 C	0.44964	0.08569	0.46467
704 A	0.45604	0.08073	0.46323
705 A	0.46361	0.07332	0.46307
706 T	0.48028	0.05414	0.46557
707 T	0.49043	0.03840	0.47117
708 T	0.47397	0.05471	0.47132
709 T	0.44879	0.09337	0.45784
710 T	0.39903	0.15871	0.44226
711 G	0.31406	0.26473	0.42122
712 A	0.27322	0.30875	0.41803
713 T	0.25096	0.33113	0.41791
714 G	0.22216	0.36020	0.41764
715 A	0.20995	0.37278	0.41727
716 C	0.20438	0.37852	0.41711
717 C	0.20077	0.38279	0.41644
718 A	0.19809	0.38645	0.41545
719 A	0.19710	0.38779	0.41511
720 A	0.19659	0.38858	0.41482
721 A	0.19661	0.38871	0.41468
722 C	0.19691	0.38835	0.41474
723 A	0.19738	0.38797	0.41465
724 T	0.19836	0.38660	0.41504
725 A	0.19916	0.38540	0.41544
726 T	0.20056	0.38255	0.41689
727 A	0.20191	0.38058	0.41751
728 A	0.20379	0.37207	0.42414
729 T	0.20687	0.35872	0.43442
730 A	0.20904	0.34612	0.44484
731 A	0.21238	0.30857	0.47905
732 T	0.22977	0.25069	0.51954
733 G	0.24460	0.17837	0.57703
734 T	0.26351	0.08902	0.64746
735 T	0.26587	0.05654	0.67759
736 T	0.26600	0.03719	0.69681
737 C	0.26588	0.02021	0.7139
738 T	0.26573	0.01961	0.71465
739 G	0.26506	0.02363	0.71131
740 A	0.26398	0.03808	0.69795
741 T	0.26342	0.05671	0.67987
742 G	0.25922	0.10909	0.63169
743 T	0.25691	0.17702	0.56607
744 T	0.24561	0.21601	0.53838
745 G	0.21911	0.28736	0.49353
746 A	0.20903	0.32806	0.46291
747 T	0.20641	0.34204	0.45155
748 C	0.20178	0.34976	0.44846
749 A	0.19447	0.36134	0.4442
750 T	0.18936	0.36774	0.4429
751 T	0.17893	0.37984	0.44123
752 C	0.14935	0.41385	0.4368
753 G	0.12599	0.43936	0.43465
754 A	0.11231	0.45389	0.4338
755 A	0.10726	0.45958	0.43316
756 A	0.10171	0.46572	0.43257
757 C	0.09875	0.46889	0.43236
758 A	0.09692	0.47206	0.43102
759 A	0.09536	0.47544	0.42921
760 G	0.09559	0.47569	0.42871
761 A	0.09993	0.47172	0.42835
762 A	0.10626	0.46525	0.4285
763 A	0.12324	0.44642	0.43035
764 A	0.14603	0.42098	0.43299
765 T	0.19911	0.36215	0.43874
766 A	0.25611	0.30163	0.44226
767 A	0.29387	0.25205	0.45408
768 T	0.34610	0.17500	0.47891
769 T	0.36868	0.14271	0.4886
770 T	0.37172	0.13671	0.49157
771 A	0.36915	0.13659	0.49426
772 T	0.36999	0.12422	0.5058
773 T	0.36866	0.11754	0.5138
774 A	0.36725	0.10920	0.52355
775 T	0.37084	0.08061	0.54855
776 T	0.36971	0.06394	0.56635
777 G	0.36269	0.06406	0.57325
778 A	0.36064	0.06804	0.57133
779 T	0.35929	0.06707	0.57365
780 G	0.35678	0.07058	0.57264
781 A	0.35690	0.07554	0.56755
782 T	0.35838	0.07610	0.56551
783 T	0.35623	0.08120	0.56257
784 T	0.34938	0.09794	0.55269
785 T	0.32960	0.13008	0.54032
786 T	0.28481	0.19845	0.51674
787 A	0.21188	0.29681	0.49132
788 A	0.16281	0.36362	0.47356
789 A	0.15134	0.39290	0.45575
790 A	0.14890	0.40685	0.44426
791 A	0.14774	0.41672	0.43554
792 A	0.14779	0.41749	0.43472
793 A	0.14863	0.41629	0.43508
794 T	0.15017	0.41176	0.43807
795 T	0.14411	0.41845	0.43744
796 C	0.13539	0.42640	0.43821
797 A	0.13209	0.43332	0.43459
798 A	0.12883	0.44086	0.43031
799 A	0.12700	0.44482	0.42817
800 G	0.13039	0.43792	0.43168
801 T	0.13663	0.43118	0.43218
802 A	0.13696	0.43232	0.43073
803 A	0.13902	0.43081	0.43017
804 T	0.14490	0.42546	0.42963
805 A	0.14553	0.42783	0.42663
806 A	0.14789	0.42083	0.43128
807 A	0.15847	0.39892	0.4426
808 A	0.17074	0.36400	0.46527
809 T	0.19401	0.29364	0.51235
810 G	0.21304	0.20699	0.57997
811 C	0.22763	0.15191	0.62045
812 C	0.23913	0.13796	0.62291
813 A	0.24590	0.13687	0.61724
814 A	0.25295	0.13300	0.61404
815 A	0.25514	0.13248	0.61238
816 A	0.25776	0.13109	0.61115
817 G	0.26192	0.12731	0.61077
818 T	0.26879	0.12581	0.6054
819 T	0.27036	0.15945	0.57019
820 A	0.27038	0.20052	0.52911
821 A	0.27320	0.21031	0.51649
822 T	0.27755	0.21347	0.50898
823 T	0.27778	0.22457	0.49765
824 A	0.27673	0.23517	0.48809
825 T	0.27824	0.23171	0.49005
826 G	0.27758	0.23103	0.49139
827 A	0.27770	0.23031	0.49199
828 T	0.28116	0.22465	0.49419
829 C	0.27675	0.22795	0.49531
830 T	0.27664	0.22788	0.49549
831 T	0.27618	0.22834	0.49548
832 A	0.27518	0.22966	0.49516
833 A	0.27558	0.22901	0.4954
834 T	0.27724	0.22691	0.49584
835 T	0.27952	0.22230	0.49818
836 T	0.28391	0.21535	0.50074
837 A	0.28625	0.21184	0.50192
838 A	0.28843	0.20840	0.50317
839 A	0.29102	0.20403	0.50494
840 A	0.29630	0.19686	0.50685
841 A	0.31669	0.17443	0.50888
842 C	0.37132	0.11578	0.5129
843 T	0.42133	0.06284	0.51583
844 T	0.43831	0.04398	0.51771
845 T	0.44545	0.03575	0.5188
846 T	0.45070	0.02911	0.52019
847 T	0.45393	0.02444	0.52164
848 T	0.45428	0.02096	0.52476
849 A	0.45451	0.01716	0.52833
850 T	0.45523	0.01274	0.53203
851 A	0.45571	0.00925	0.53504
852 G	0.45689	0.00000	0.5431
