# lcl|CP097583.1_cds_USQ93339.1_1
# AA	inside	membr	outside
1 A	0.68087	0.00000	0.31913
2 T	0.66485	0.01601	0.31913
3 G	0.65609	0.02478	0.31913
4 A	0.65609	0.03155	0.31236
5 A	0.50728	0.19057	0.30215
6 A	0.50728	0.19259	0.30013
7 C	0.42014	0.28060	0.29926
8 A	0.42013	0.28069	0.29918
9 A	0.40946	0.29282	0.29772
10 A	0.40944	0.37868	0.21187
11 T	0.40667	0.38390	0.20943
12 A	0.36148	0.43016	0.20836
13 A	0.34048	0.45434	0.20518
14 T	0.34047	0.45435	0.20518
15 T	0.34047	0.47753	0.18199
16 T	0.33591	0.48209	0.18199
17 T	0.32652	0.49210	0.18138
18 A	0.32582	0.49542	0.17876
19 A	0.31494	0.50848	0.17657
20 A	0.26896	0.60066	0.13038
21 T	0.23542	0.63291	0.13166
22 T	0.23078	0.64776	0.12145
23 T	0.21343	0.69703	0.08954
24 A	0.19388	0.72077	0.08535
25 G	0.18189	0.71682	0.10129
26 A	0.17600	0.71584	0.10816
27 A	0.17776	0.69524	0.127
28 C	0.18570	0.56017	0.25412
29 A	0.18801	0.56320	0.24879
30 A	0.19374	0.51691	0.28935
31 G	0.19606	0.54906	0.25488
32 A	0.20111	0.56894	0.22996
33 T	0.27642	0.50129	0.22229
34 T	0.27871	0.50459	0.2167
35 T	0.28020	0.47303	0.24677
36 A	0.27902	0.47658	0.2444
37 A	0.27810	0.53322	0.18868
38 A	0.28885	0.55403	0.15712
39 T	0.28663	0.57697	0.1364
40 A	0.28715	0.58155	0.1313
41 A	0.28887	0.58578	0.12535
42 A	0.29192	0.59158	0.11651
43 G	0.33136	0.51409	0.15455
44 A	0.33370	0.51671	0.14959
45 A	0.34773	0.50800	0.14427
46 T	0.38834	0.45055	0.16112
47 G	0.39787	0.42815	0.17399
48 T	0.40392	0.41597	0.18012
49 A	0.39854	0.42492	0.17654
50 C	0.40237	0.42069	0.17694
51 T	0.40845	0.42197	0.16957
52 A	0.41224	0.44238	0.14538
53 A	0.41580	0.44850	0.1357
54 T	0.46184	0.40738	0.13079
55 T	0.49313	0.37891	0.12797
56 T	0.49429	0.38356	0.12216
57 A	0.48761	0.40409	0.1083
58 A	0.48269	0.41271	0.10461
59 C	0.48836	0.40713	0.10451
60 A	0.52503	0.38424	0.09073
61 T	0.56338	0.34706	0.08956
62 C	0.55220	0.35807	0.08973
63 A	0.51919	0.39521	0.08559
64 A	0.49961	0.41590	0.0845
65 C	0.49195	0.42332	0.08473
66 A	0.35271	0.56555	0.08173
67 A	0.27335	0.64594	0.08071
68 A	0.26098	0.65597	0.08305
69 T	0.25177	0.66408	0.08415
70 A	0.22010	0.69521	0.08468
71 G	0.20391	0.70723	0.08886
72 T	0.19742	0.70575	0.09683
73 A	0.16280	0.73947	0.09773
74 A	0.15268	0.74824	0.09909
75 T	0.16278	0.73193	0.10528
76 G	0.15814	0.73257	0.10928
77 A	0.15541	0.73265	0.11194
78 A	0.15395	0.72860	0.11745
79 C	0.15869	0.71426	0.12704
80 A	0.17003	0.69691	0.13306
81 A	0.17521	0.68431	0.14048
82 A	0.18214	0.66960	0.14826
83 C	0.20017	0.63482	0.16501
84 T	0.20446	0.62737	0.16817
85 A	0.20574	0.58864	0.20562
86 T	0.20969	0.54403	0.24628
87 T	0.21045	0.51644	0.27311
88 A	0.21056	0.49473	0.29471
89 T	0.21312	0.33275	0.45414
90 T	0.21433	0.19934	0.58633
91 T	0.21324	0.16840	0.61837
92 T	0.21061	0.15152	0.63787
93 G	0.20770	0.12513	0.66717
94 G	0.20519	0.11015	0.68466
95 A	0.20455	0.09377	0.70168
96 T	0.20614	0.06273	0.73112
97 T	0.20649	0.05134	0.74217
98 C	0.20573	0.04863	0.74564
99 T	0.20474	0.06136	0.7339
100 G	0.20209	0.09460	0.70331
101 T	0.19332	0.16291	0.64376
102 A	0.17778	0.26906	0.55316
103 G	0.17352	0.45271	0.37377
104 A	0.17066	0.66489	0.16446
105 A	0.16895	0.74064	0.0904
106 A	0.16823	0.76285	0.06892
107 A	0.16814	0.77906	0.0528
108 T	0.16814	0.78827	0.04358
109 G	0.16693	0.79553	0.03754
110 T	0.16684	0.80131	0.03185
111 A	0.16572	0.80642	0.02787
112 A	0.16490	0.81162	0.02348
113 A	0.16461	0.81385	0.02155
114 T	0.16499	0.81202	0.02299
115 G	0.16488	0.80995	0.02516
116 A	0.16556	0.80758	0.02686
117 A	0.16578	0.80617	0.02805
118 C	0.16674	0.80598	0.02728
119 A	0.16771	0.80947	0.02282
120 A	0.16996	0.81380	0.01624
121 A	0.17673	0.80690	0.01637
122 A	0.19617	0.78666	0.01717
123 A	0.23525	0.74551	0.01924
124 G	0.30814	0.66132	0.03054
125 C	0.41027	0.54367	0.04606
126 A	0.58639	0.36493	0.04868
127 T	0.79877	0.15098	0.05025
128 T	0.86456	0.08582	0.04962
129 A	0.88049	0.07179	0.04771
130 T	0.89472	0.05942	0.04586
131 T	0.90104	0.05325	0.04571
132 T	0.90290	0.05093	0.04617
133 T	0.90263	0.05146	0.04591
134 A	0.90233	0.05155	0.04611
135 T	0.90545	0.04743	0.04713
136 T	0.90457	0.04802	0.04741
137 C	0.89881	0.05428	0.04691
138 A	0.89060	0.06782	0.04158
139 A	0.88802	0.07685	0.03513
140 G	0.88731	0.07837	0.03432
141 T	0.88856	0.07831	0.03314
142 G	0.89100	0.07588	0.03312
143 T	0.89691	0.06960	0.0335
144 T	0.89298	0.07359	0.03343
145 T	0.87634	0.09011	0.03355
146 C	0.83967	0.12680	0.03354
147 T	0.82027	0.14650	0.03323
148 A	0.79708	0.17043	0.0325
149 C	0.79256	0.17538	0.03206
150 T	0.78921	0.18027	0.03052
151 A	0.77804	0.19360	0.02836
152 A	0.77497	0.19813	0.0269
153 T	0.77227	0.20076	0.02697
154 T	0.73718	0.23547	0.02734
155 G	0.64223	0.32737	0.0304
156 T	0.60198	0.36326	0.03476
157 C	0.50871	0.45377	0.03752
158 A	0.45206	0.51393	0.034
159 A	0.39516	0.57367	0.03118
160 A	0.35960	0.61038	0.03002
161 A	0.33713	0.62944	0.03343
162 T	0.32005	0.64541	0.03453
163 A	0.28402	0.68010	0.03588
164 T	0.25986	0.70493	0.03521
165 A	0.20660	0.76222	0.03118
166 A	0.15083	0.82083	0.02833
167 A	0.11546	0.85024	0.0343
168 A	0.08959	0.85772	0.0527
169 G	0.07586	0.83652	0.08762
170 A	0.06236	0.83683	0.10081
171 C	0.05366	0.82786	0.11849
172 A	0.04836	0.83801	0.11363
173 A	0.04393	0.84758	0.1085
174 A	0.04151	0.84783	0.11067
175 A	0.03981	0.84861	0.11158
176 T	0.03818	0.84522	0.1166
177 A	0.03557	0.79957	0.16486
178 G	0.03346	0.69907	0.26748
179 A	0.03213	0.66156	0.30632
180 A	0.03223	0.60035	0.36742
181 A	0.03583	0.59787	0.3663
182 A	0.03813	0.61364	0.34823
183 A	0.04061	0.64597	0.31341
184 A	0.04143	0.63868	0.31989
185 T	0.04135	0.63224	0.32642
186 A	0.03661	0.65531	0.30808
187 A	0.03087	0.70807	0.26107
188 A	0.03273	0.70532	0.26195
189 A	0.03636	0.70186	0.26178
190 G	0.03704	0.70839	0.25458
191 A	0.03905	0.74430	0.21665
192 A	0.04202	0.76211	0.19587
193 T	0.04752	0.75896	0.19351
194 T	0.05005	0.76690	0.18305
195 A	0.05445	0.76097	0.18458
196 A	0.05942	0.75264	0.18794
197 A	0.06349	0.74636	0.19015
198 T	0.06717	0.74076	0.19207
199 C	0.06446	0.74612	0.18942
200 A	0.06169	0.76637	0.17194
201 G	0.06145	0.78086	0.15769
202 G	0.06691	0.79880	0.1343
203 A	0.07905	0.82636	0.09459
204 A	0.12745	0.80888	0.06367
205 A	0.20949	0.74677	0.04373
206 T	0.29585	0.66138	0.04277
207 A	0.31414	0.64140	0.04446
208 A	0.33232	0.61944	0.04824
209 A	0.37670	0.56922	0.05407
210 C	0.45104	0.48716	0.0618
211 C	0.50201	0.43451	0.06348
212 G	0.55632	0.37991	0.06377
213 C	0.60666	0.32987	0.06347
214 T	0.65616	0.28353	0.06031
215 T	0.63121	0.31451	0.05428
216 A	0.48982	0.46791	0.04228
217 A	0.34760	0.62391	0.02849
218 A	0.25428	0.72490	0.02083
219 A	0.19767	0.78899	0.01334
220 G	0.13971	0.84487	0.01543
221 A	0.11300	0.87153	0.01547
222 A	0.10481	0.87817	0.01702
223 A	0.11622	0.86153	0.02224
224 C	0.12898	0.84333	0.0277
225 A	0.14200	0.82980	0.0282
226 A	0.16973	0.80191	0.02836
227 C	0.19404	0.77651	0.02946
228 A	0.21093	0.75959	0.02948
229 A	0.21154	0.75884	0.02961
230 A	0.21068	0.75347	0.03584
231 C	0.20955	0.74771	0.04274
232 T	0.20694	0.75311	0.03995
233 T	0.19934	0.76401	0.03664
234 A	0.17409	0.79943	0.02647
235 A	0.16434	0.81023	0.02543
236 A	0.16017	0.81304	0.02679
237 A	0.15821	0.79036	0.05144
238 A	0.15800	0.72944	0.11256
239 A	0.16811	0.57770	0.25419
240 T	0.18279	0.42406	0.39315
241 A	0.18892	0.35765	0.45343
242 A	0.19629	0.34761	0.4561
243 T	0.19780	0.33808	0.46412
244 G	0.19861	0.34344	0.45796
245 T	0.20012	0.35477	0.4451
246 T	0.20032	0.37536	0.42431
247 A	0.20015	0.41142	0.38842
248 T	0.20069	0.43182	0.36749
249 T	0.20098	0.46584	0.33319
250 A	0.20034	0.48461	0.31505
251 A	0.20037	0.49011	0.30952
252 A	0.20059	0.48989	0.30952
253 T	0.20136	0.48566	0.31298
254 G	0.20243	0.48061	0.31696
255 T	0.20822	0.47064	0.32114
256 A	0.21480	0.45847	0.32673
257 T	0.22667	0.42602	0.34731
258 T	0.22965	0.41986	0.35049
259 G	0.23109	0.42094	0.34797
260 A	0.23291	0.42289	0.3442
261 A	0.23721	0.41312	0.34967
262 T	0.24835	0.39927	0.35238
263 T	0.26528	0.38241	0.35231
264 A	0.29561	0.35318	0.35121
265 C	0.36195	0.28589	0.35216
266 T	0.42286	0.22747	0.34967
267 T	0.45392	0.20483	0.34125
268 T	0.47511	0.20002	0.32487
269 C	0.49256	0.19318	0.31425
270 T	0.52138	0.18193	0.29669
271 A	0.53196	0.20657	0.26147
272 T	0.55835	0.19208	0.24957
273 T	0.55976	0.20522	0.23502
274 T	0.52794	0.26942	0.20264
275 T	0.45875	0.38438	0.15687
276 A	0.32717	0.56663	0.1062
277 A	0.21379	0.70512	0.08109
278 A	0.14490	0.78436	0.07074
279 A	0.10632	0.82946	0.06422
280 G	0.07703	0.86703	0.05594
281 A	0.06936	0.87638	0.05425
282 A	0.06496	0.88140	0.05363
283 A	0.06305	0.88404	0.05291
284 A	0.05896	0.88834	0.0527
285 C	0.05757	0.88977	0.05266
286 A	0.05664	0.89097	0.05239
287 A	0.05749	0.89016	0.05236
288 A	0.05854	0.88906	0.0524
289 A	0.06398	0.88352	0.05251
290 A	0.08181	0.86535	0.05285
291 T	0.11833	0.82297	0.0587
292 T	0.13591	0.79887	0.06522
293 A	0.14946	0.77931	0.07122
294 T	0.17518	0.74014	0.08467
295 G	0.18303	0.71389	0.10307
296 A	0.19793	0.66397	0.13811
297 T	0.23706	0.55652	0.20643
298 T	0.28843	0.41960	0.29197
299 T	0.32954	0.28278	0.38767
300 T	0.34633	0.18257	0.4711
301 A	0.34659	0.14149	0.51192
302 A	0.34597	0.11437	0.53966
303 T	0.34987	0.08412	0.56602
304 T	0.34966	0.07807	0.57227
305 A	0.34730	0.07641	0.57629
306 T	0.34596	0.07487	0.57918
307 T	0.34295	0.08042	0.57662
308 T	0.33054	0.11261	0.55686
309 T	0.29846	0.17701	0.52453
310 A	0.21892	0.33257	0.44851
311 A	0.17328	0.47900	0.34772
312 A	0.14124	0.61722	0.24154
313 A	0.12054	0.71008	0.16938
314 A	0.10397	0.80342	0.09261
315 T	0.09616	0.83682	0.06701
316 A	0.08186	0.86729	0.05084
317 A	0.07184	0.88601	0.04215
318 T	0.06664	0.89442	0.03894
319 A	0.05794	0.90576	0.0363
320 A	0.05376	0.91068	0.03556
321 A	0.05365	0.91038	0.03597
322 G	0.05446	0.90888	0.03666
323 A	0.05696	0.90541	0.03763
324 A	0.06490	0.89374	0.04137
325 T	0.07396	0.88005	0.046
326 T	0.07828	0.87261	0.04911
327 T	0.08042	0.86746	0.05211
328 A	0.08084	0.86282	0.05635
329 G	0.08408	0.85276	0.06316
330 A	0.09037	0.83906	0.07057
331 G	0.11135	0.80221	0.08644
332 A	0.14484	0.74188	0.11329
333 A	0.22305	0.59906	0.17789
334 A	0.32578	0.45554	0.21868
335 T	0.43754	0.30974	0.25272
336 A	0.50261	0.22364	0.27375
337 T	0.59214	0.11452	0.29334
338 T	0.61936	0.08020	0.30043
339 T	0.62972	0.06433	0.30595
340 T	0.62916	0.06967	0.30117
341 A	0.62587	0.07944	0.29469
342 T	0.62558	0.09197	0.28245
343 T	0.62396	0.10291	0.27313
344 A	0.62011	0.11484	0.26505
345 T	0.61645	0.12496	0.25858
346 T	0.60525	0.15012	0.24462
347 T	0.57963	0.20486	0.21551
348 T	0.55276	0.25066	0.19658
349 A	0.50581	0.31596	0.17823
350 A	0.48676	0.34931	0.16393
351 G	0.47074	0.38179	0.14747
352 G	0.46336	0.39281	0.14384
353 A	0.45558	0.40704	0.13738
354 T	0.44662	0.42343	0.12995
355 T	0.43129	0.45072	0.11799
356 C	0.41492	0.47649	0.10858
357 A	0.34978	0.56891	0.0813
358 A	0.33181	0.59735	0.07083
359 A	0.32639	0.60701	0.0666
360 A	0.32469	0.61079	0.06451
361 G	0.32874	0.60746	0.0638
362 A	0.33894	0.59648	0.06458
363 T	0.35584	0.57549	0.06866
364 A	0.36604	0.56070	0.07326
365 T	0.38656	0.53735	0.07609
366 T	0.39779	0.52406	0.07815
367 A	0.40154	0.51997	0.07848
368 A	0.40538	0.51312	0.0815
369 A	0.41900	0.48638	0.09462
370 T	0.44458	0.43464	0.12079
371 T	0.45765	0.39834	0.14401
372 A	0.46508	0.35321	0.18171
373 A	0.47395	0.32803	0.19802
374 C	0.48807	0.29646	0.21547
375 A	0.48982	0.29103	0.21915
376 A	0.49682	0.27915	0.22403
377 A	0.50984	0.25920	0.23096
378 T	0.52870	0.23371	0.23759
379 A	0.53773	0.21851	0.24375
380 T	0.56288	0.12618	0.31094
381 T	0.56857	0.10387	0.32755
382 T	0.56862	0.09966	0.33172
383 T	0.56588	0.10408	0.33004
384 T	0.55647	0.12084	0.32269
385 G	0.53116	0.16009	0.30875
386 A	0.50384	0.22209	0.27407
387 T	0.49549	0.24046	0.26405
388 G	0.47451	0.27295	0.25253
389 A	0.46401	0.32197	0.21402
390 A	0.46300	0.33120	0.2058
391 T	0.46324	0.33464	0.20213
392 A	0.46338	0.33502	0.2016
393 T	0.46430	0.33282	0.20288
394 T	0.46461	0.33207	0.20332
395 T	0.46488	0.32793	0.20719
396 A	0.46445	0.32547	0.21007
397 A	0.46515	0.32207	0.21279
398 A	0.46730	0.31602	0.21668
399 A	0.47049	0.30963	0.21988
400 G	0.47592	0.30180	0.22228
401 T	0.48752	0.28837	0.22411
402 T	0.49392	0.27985	0.22624
403 T	0.49771	0.27397	0.22832
404 G	0.50035	0.26865	0.23099
405 T	0.50456	0.26095	0.2345
406 A	0.50770	0.25359	0.23871
407 A	0.51592	0.23558	0.24849
408 A	0.53272	0.19397	0.27331
409 T	0.57790	0.12036	0.30174
410 T	0.59145	0.09541	0.31315
411 G	0.60277	0.06549	0.33173
412 T	0.63394	0.02424	0.34182
413 A	0.64131	0.01213	0.34655
414 A	0.64878	0.00000	0.35122
