# lcl|CP097583.1_cds_USQ93511.1_1
# AA	inside	membr	outside
1 A	0.88814	0.00000	0.11186
2 T	0.88564	0.00250	0.11186
3 G	0.88499	0.00314	0.11186
4 A	0.88499	0.00787	0.10713
5 C	0.88238	0.01444	0.10318
6 T	0.88238	0.01601	0.10161
7 T	0.87480	0.02375	0.10145
8 T	0.87480	0.02376	0.10144
9 A	0.87152	0.02714	0.10134
10 T	0.87152	0.03235	0.09613
11 C	0.87041	0.03433	0.09526
12 A	0.82844	0.07664	0.09492
13 A	0.67042	0.23642	0.09315
14 A	0.67038	0.23647	0.09315
15 A	0.67037	0.25466	0.07496
16 C	0.66485	0.26019	0.07496
17 A	0.65885	0.26636	0.07478
18 A	0.65876	0.26674	0.0745
19 T	0.65804	0.26760	0.07435
20 T	0.65203	0.27565	0.07232
21 T	0.64227	0.28542	0.07231
22 A	0.64148	0.28637	0.07215
23 T	0.64034	0.28737	0.07228
24 A	0.63102	0.29655	0.07243
25 T	0.62563	0.29662	0.07776
26 C	0.61450	0.30654	0.07896
27 G	0.61285	0.30762	0.07953
28 T	0.61161	0.30792	0.08046
29 C	0.60656	0.31195	0.0815
30 C	0.60143	0.31414	0.08443
31 T	0.59347	0.32243	0.0841
32 C	0.58134	0.33296	0.0857
33 A	0.57073	0.34760	0.08168
34 A	0.56528	0.36158	0.07314
35 A	0.56346	0.33909	0.09745
36 A	0.56311	0.20471	0.23218
37 G	0.56283	0.19820	0.23897
38 T	0.57949	0.16495	0.25556
39 T	0.57920	0.14956	0.27124
40 C	0.57880	0.13908	0.28213
41 C	0.57858	0.13801	0.28341
42 T	0.57861	0.14593	0.27547
43 A	0.57911	0.16460	0.2563
44 A	0.57758	0.19954	0.22288
45 T	0.57577	0.25034	0.1739
46 A	0.56836	0.27530	0.15634
47 A	0.56629	0.27304	0.16068
48 T	0.56500	0.27441	0.16059
49 G	0.56131	0.27862	0.16008
50 A	0.56000	0.35101	0.08899
51 T	0.55963	0.35347	0.0869
52 A	0.55859	0.36230	0.0791
53 A	0.55745	0.36776	0.07479
54 A	0.55721	0.36222	0.08056
55 G	0.55743	0.35395	0.08862
56 A	0.56103	0.34465	0.09431
57 T	0.56983	0.33147	0.0987
58 A	0.57253	0.32653	0.10094
59 T	0.57351	0.32280	0.10369
60 T	0.57221	0.32275	0.10504
61 C	0.56837	0.32692	0.10471
62 C	0.55417	0.34563	0.1002
63 A	0.54133	0.37879	0.07987
64 G	0.53348	0.39643	0.07009
65 A	0.53631	0.40715	0.05653
66 A	0.55493	0.39066	0.05441
67 T	0.59144	0.35485	0.05372
68 A	0.61762	0.32603	0.05634
69 T	0.63498	0.30065	0.06438
70 C	0.63532	0.29868	0.066
71 A	0.63294	0.30363	0.06343
72 C	0.64227	0.29388	0.06385
73 T	0.70196	0.23473	0.06331
74 T	0.69442	0.24346	0.06212
75 A	0.68031	0.25763	0.06206
76 T	0.67341	0.26364	0.06295
77 C	0.60290	0.33392	0.06318
78 A	0.52284	0.41747	0.05968
79 C	0.45832	0.48283	0.05885
80 T	0.43331	0.51063	0.05606
81 A	0.39231	0.55603	0.05166
82 G	0.37711	0.57284	0.05005
83 A	0.36844	0.58289	0.04866
84 A	0.36338	0.58636	0.05027
85 A	0.35411	0.58075	0.06515
86 T	0.36940	0.55170	0.0789
87 A	0.36615	0.54556	0.08829
88 A	0.36338	0.53906	0.09756
89 A	0.35494	0.54157	0.10349
90 A	0.34917	0.54201	0.10882
91 G	0.34522	0.53487	0.11991
92 A	0.33954	0.54201	0.11845
93 A	0.33255	0.54526	0.12219
94 T	0.32793	0.55218	0.11989
95 T	0.31744	0.56312	0.11943
96 A	0.28491	0.60569	0.10939
97 G	0.26666	0.62815	0.1052
98 A	0.25528	0.62365	0.12107
99 A	0.25088	0.60810	0.14102
100 A	0.25015	0.52856	0.22128
101 T	0.25603	0.42695	0.31701
102 C	0.25768	0.36165	0.38067
103 T	0.26110	0.34097	0.39793
104 T	0.26321	0.31955	0.41724
105 T	0.26298	0.31281	0.42421
106 T	0.26234	0.31044	0.42722
107 T	0.25848	0.31535	0.42617
108 G	0.25089	0.32070	0.42842
109 G	0.24268	0.39097	0.36634
110 A	0.23701	0.45089	0.3121
111 A	0.23525	0.47368	0.29107
112 A	0.23529	0.47967	0.28504
113 A	0.23842	0.47555	0.28604
114 A	0.24382	0.47121	0.28498
115 A	0.25549	0.45734	0.28716
116 A	0.26886	0.43569	0.29545
117 T	0.29060	0.40292	0.30648
118 A	0.29972	0.38860	0.31168
119 A	0.31348	0.35475	0.33177
120 T	0.33141	0.33832	0.33028
121 T	0.33418	0.36425	0.30157
122 T	0.33502	0.41362	0.25136
123 T	0.33527	0.44240	0.22234
124 T	0.33475	0.46701	0.19825
125 T	0.32450	0.51295	0.16254
126 T	0.30311	0.56330	0.13359
127 G	0.28204	0.60545	0.11252
128 A	0.27319	0.63510	0.0917
129 A	0.27240	0.64436	0.08325
130 G	0.27935	0.63858	0.08207
131 A	0.30014	0.61513	0.08472
132 T	0.37831	0.53032	0.09137
133 T	0.42602	0.47950	0.09448
134 T	0.44209	0.46749	0.09042
135 T	0.44893	0.46728	0.08378
136 A	0.44495	0.48593	0.06912
137 A	0.44136	0.50145	0.0572
138 A	0.43675	0.50729	0.05596
139 A	0.43631	0.50831	0.05538
140 A	0.43946	0.50526	0.05528
141 A	0.44967	0.49475	0.05557
142 C	0.46259	0.48152	0.05589
143 A	0.48902	0.45558	0.0554
144 A	0.55106	0.39394	0.05499
145 T	0.63686	0.30785	0.05529
146 T	0.66829	0.27629	0.05541
147 A	0.67863	0.26706	0.05431
148 T	0.70079	0.23090	0.06831
149 T	0.71649	0.19772	0.08579
150 T	0.72259	0.18204	0.09537
151 T	0.71501	0.18793	0.09705
152 A	0.65263	0.25918	0.08818
153 T	0.62736	0.28939	0.08324
154 T	0.59096	0.32918	0.07986
155 C	0.44124	0.48183	0.07692
156 A	0.29807	0.62601	0.07592
157 A	0.22793	0.69707	0.075
158 A	0.21333	0.71185	0.07482
159 A	0.21759	0.70440	0.07801
160 C	0.22069	0.69822	0.08108
161 T	0.21744	0.69851	0.08405
162 T	0.20593	0.71903	0.07504
163 A	0.16950	0.77504	0.05546
164 A	0.14519	0.80808	0.04673
165 A	0.12035	0.83717	0.04247
166 A	0.10642	0.84769	0.04589
167 A	0.10187	0.84788	0.05025
168 A	0.09877	0.84638	0.05485
169 G	0.09746	0.84131	0.06123
170 A	0.09870	0.83314	0.06816
171 A	0.10035	0.81881	0.08084
172 C	0.10752	0.78912	0.10336
173 A	0.11462	0.77291	0.11247
174 A	0.12132	0.74468	0.13399
175 T	0.13378	0.66604	0.20018
176 T	0.13862	0.63092	0.23046
177 T	0.13882	0.60692	0.25426
178 A	0.13150	0.50421	0.36429
179 A	0.12518	0.41414	0.46068
180 G	0.11781	0.39914	0.48306
181 G	0.11358	0.46817	0.41824
182 A	0.10960	0.57857	0.31182
183 T	0.11227	0.63390	0.25384
184 A	0.10858	0.68118	0.21023
185 A	0.11576	0.67623	0.20801
186 T	0.12855	0.63539	0.23606
187 A	0.12803	0.62469	0.24728
188 G	0.12831	0.61304	0.25864
189 T	0.13093	0.60939	0.25968
190 A	0.13070	0.61310	0.25621
191 A	0.12908	0.61439	0.25653
192 T	0.12827	0.61910	0.25263
193 T	0.12589	0.63536	0.23875
194 T	0.12035	0.65521	0.22444
195 A	0.10987	0.66956	0.22057
196 A	0.10171	0.67854	0.21975
197 A	0.09396	0.68717	0.21886
198 A	0.09133	0.68891	0.21976
199 C	0.09475	0.68411	0.22113
200 A	0.10517	0.67889	0.21593
201 A	0.14360	0.64035	0.21605
202 A	0.20536	0.57847	0.21617
203 T	0.31740	0.46109	0.22151
204 T	0.41678	0.35797	0.22525
205 T	0.50545	0.26077	0.23378
206 T	0.53602	0.22700	0.23698
207 T	0.55580	0.20243	0.24177
208 T	0.56293	0.19676	0.24031
209 T	0.56646	0.19268	0.24085
210 A	0.56764	0.19913	0.23323
211 T	0.57730	0.19143	0.23127
212 T	0.58524	0.18844	0.22633
213 T	0.58365	0.19936	0.21699
214 A	0.57092	0.22897	0.2001
215 A	0.56408	0.24853	0.18739
216 T	0.57257	0.24817	0.17926
217 A	0.55687	0.28286	0.16026
218 T	0.55430	0.27955	0.16615
219 A	0.54148	0.29291	0.16561
220 A	0.52809	0.30936	0.16255
221 A	0.48803	0.35906	0.15291
222 C	0.46357	0.39194	0.14449
223 A	0.35413	0.54239	0.10347
224 A	0.31055	0.60064	0.08881
225 A	0.28212	0.64447	0.07342
226 T	0.27002	0.67519	0.05479
227 T	0.25322	0.70434	0.04244
228 A	0.20120	0.77546	0.02334
229 A	0.18442	0.80106	0.01452
230 A	0.17626	0.80937	0.01438
231 T	0.17691	0.80688	0.01621
232 A	0.17154	0.81004	0.01842
233 T	0.17617	0.80105	0.02278
234 C	0.16301	0.81186	0.02513
235 A	0.14869	0.82773	0.02358
236 A	0.13842	0.83535	0.02623
237 A	0.13307	0.83533	0.03161
238 C	0.13618	0.82432	0.03949
239 A	0.13558	0.82447	0.03995
240 C	0.14955	0.78965	0.06079
241 A	0.14729	0.79084	0.06187
242 A	0.15185	0.78215	0.06599
243 A	0.16001	0.76901	0.07099
244 G	0.17233	0.72400	0.10368
245 A	0.18753	0.68676	0.12571
246 T	0.23450	0.50494	0.26055
247 A	0.24629	0.44110	0.31261
248 A	0.26236	0.38456	0.35308
249 T	0.28659	0.34156	0.37184
250 A	0.29536	0.32323	0.3814
251 T	0.30775	0.26559	0.42665
252 A	0.28793	0.28079	0.43128
253 T	0.28125	0.28649	0.43226
254 T	0.25671	0.35992	0.38337
255 A	0.20645	0.53989	0.25366
256 A	0.17678	0.63548	0.18774
257 A	0.13195	0.71058	0.15746
258 A	0.11357	0.73764	0.14879
259 A	0.10756	0.74013	0.15231
260 T	0.10607	0.73883	0.1551
261 T	0.10334	0.74527	0.15138
262 A	0.09433	0.76399	0.14169
263 T	0.08974	0.77980	0.13046
264 A	0.08299	0.78583	0.13118
265 A	0.08014	0.79039	0.12947
266 A	0.07622	0.79255	0.13124
267 T	0.07641	0.78923	0.13436
268 C	0.06499	0.80464	0.13037
269 A	0.05071	0.84272	0.10657
270 A	0.04854	0.86521	0.08625
271 A	0.03919	0.89906	0.06175
272 A	0.04036	0.90913	0.05051
273 A	0.04847	0.90859	0.04295
274 A	0.05678	0.90054	0.04268
275 A	0.07805	0.85020	0.07176
276 A	0.09470	0.82531	0.07999
277 G	0.15907	0.73706	0.10387
278 A	0.28234	0.58833	0.12934
279 A	0.34880	0.50060	0.15061
280 T	0.39109	0.41545	0.19345
281 A	0.39235	0.40138	0.20627
282 T	0.38990	0.39831	0.21179
283 C	0.34622	0.44399	0.20979
284 A	0.30046	0.49315	0.2064
285 A	0.28331	0.50966	0.20703
286 A	0.27064	0.52790	0.20146
287 A	0.26207	0.55037	0.18756
288 C	0.25998	0.56033	0.17968
289 A	0.20938	0.67534	0.11529
290 A	0.17124	0.72952	0.09924
291 A	0.16125	0.73778	0.10097
292 G	0.16743	0.73140	0.10117
293 A	0.18121	0.72801	0.09078
294 T	0.20097	0.71044	0.08858
295 A	0.19672	0.74010	0.06318
296 A	0.19894	0.75348	0.04759
297 A	0.20207	0.75821	0.03973
298 A	0.20345	0.76109	0.03547
299 T	0.20822	0.75599	0.03579
300 A	0.20963	0.75754	0.03283
301 A	0.21810	0.74633	0.03556
302 A	0.22301	0.72916	0.04783
303 T	0.22909	0.70226	0.06865
304 T	0.22909	0.67615	0.09476
305 A	0.22276	0.66494	0.1123
306 C	0.22447	0.61170	0.16383
307 G	0.22640	0.58215	0.19144
308 A	0.23227	0.56622	0.2015
309 A	0.24846	0.54687	0.20468
310 G	0.27619	0.52886	0.19495
311 A	0.29433	0.52598	0.17969
312 T	0.36576	0.41209	0.22215
313 T	0.38197	0.36395	0.25408
314 A	0.38513	0.34535	0.26952
315 T	0.39746	0.32220	0.28034
316 A	0.40703	0.31101	0.28196
317 A	0.42252	0.28896	0.28852
318 C	0.45197	0.24424	0.30379
319 T	0.47292	0.22933	0.29775
320 T	0.47824	0.24526	0.27651
321 T	0.46158	0.31860	0.21982
322 A	0.41547	0.43118	0.15335
323 T	0.39159	0.49293	0.11549
324 A	0.33599	0.55938	0.10462
325 A	0.31887	0.57696	0.10416
326 T	0.30558	0.59190	0.10252
327 T	0.27323	0.62370	0.10307
328 C	0.19890	0.69615	0.10495
329 A	0.13108	0.77961	0.0893
330 A	0.10921	0.81252	0.07827
331 A	0.10296	0.83189	0.06515
332 A	0.10935	0.83338	0.05727
333 A	0.12997	0.81596	0.05407
334 A	0.14997	0.79702	0.05301
335 T	0.16429	0.78305	0.05266
336 A	0.15597	0.79966	0.04436
337 A	0.13560	0.82645	0.03795
338 A	0.10006	0.86781	0.03213
339 A	0.06127	0.90911	0.02962
340 A	0.04864	0.92122	0.03014
341 A	0.04544	0.92227	0.03229
342 A	0.05689	0.90851	0.0346
343 A	0.08089	0.87951	0.03961
344 A	0.12965	0.80493	0.06542
345 A	0.18441	0.70070	0.11489
346 A	0.21513	0.64224	0.14263
347 T	0.22724	0.58488	0.18787
348 A	0.21229	0.58848	0.19923
349 G	0.19749	0.58379	0.21872
350 A	0.17490	0.58038	0.24472
351 A	0.14348	0.55338	0.30315
352 C	0.12998	0.52213	0.3479
353 A	0.11494	0.58408	0.30098
354 A	0.10768	0.70110	0.19122
355 A	0.09485	0.78358	0.12157
356 A	0.07534	0.84619	0.07847
357 A	0.06347	0.86992	0.06661
358 A	0.05546	0.87820	0.06634
359 A	0.06369	0.85611	0.0802
360 A	0.07147	0.82441	0.10412
361 A	0.07906	0.77696	0.14398
362 T	0.08474	0.72743	0.18784
363 A	0.08222	0.73286	0.18491
364 G	0.07865	0.75465	0.1667
365 A	0.05447	0.85434	0.09119
366 A	0.03971	0.89530	0.065
367 A	0.03163	0.91061	0.05776
368 A	0.03039	0.91482	0.05479
369 A	0.03139	0.91322	0.0554
370 A	0.03559	0.90768	0.05674
371 A	0.04265	0.89212	0.06523
372 A	0.05283	0.87519	0.07198
373 A	0.06944	0.84027	0.09029
374 A	0.09002	0.79131	0.11867
375 A	0.10699	0.75771	0.13529
376 A	0.16483	0.68193	0.15324
377 T	0.28717	0.54741	0.16542
378 T	0.35166	0.46700	0.18133
379 T	0.37988	0.42321	0.19692
380 A	0.36588	0.43082	0.20331
381 T	0.35960	0.43195	0.20845
382 C	0.32871	0.47174	0.19955
383 A	0.23737	0.60402	0.15861
384 A	0.21273	0.66042	0.12684
385 A	0.20933	0.68755	0.10311
386 A	0.22059	0.67637	0.10303
387 A	0.24380	0.65213	0.10407
388 T	0.32230	0.54569	0.13201
389 T	0.32261	0.53104	0.14635
390 C	0.28265	0.56406	0.15329
391 A	0.25806	0.60177	0.14017
392 A	0.23286	0.64002	0.12713
393 A	0.23053	0.65243	0.11704
394 G	0.23150	0.65951	0.10899
395 T	0.24043	0.66571	0.09385
396 A	0.23165	0.67643	0.09193
397 A	0.22519	0.68736	0.08746
398 A	0.21179	0.70039	0.08782
399 A	0.16701	0.74285	0.09014
400 C	0.10866	0.79269	0.09865
401 A	0.08283	0.81940	0.09777
402 A	0.07476	0.83175	0.09349
403 G	0.06903	0.82935	0.10162
404 A	0.05739	0.85158	0.09104
405 A	0.06365	0.84157	0.09478
406 A	0.09387	0.75534	0.15079
407 A	0.11486	0.73032	0.15482
408 A	0.12980	0.72075	0.14945
409 A	0.13088	0.75473	0.11439
410 T	0.12051	0.79252	0.08697
411 A	0.09952	0.81222	0.08826
412 A	0.08051	0.81212	0.10737
413 A	0.06985	0.78260	0.14755
414 A	0.07360	0.74745	0.17895
415 C	0.08265	0.71030	0.20706
416 A	0.08971	0.73116	0.17913
417 A	0.09687	0.75765	0.14548
418 A	0.10533	0.79706	0.09761
419 A	0.10869	0.80692	0.0844
420 T	0.11428	0.80445	0.08128
421 A	0.11447	0.79082	0.0947
422 A	0.11658	0.73775	0.14567
423 T	0.12157	0.65880	0.21963
424 G	0.12743	0.62404	0.24854
425 A	0.14261	0.59740	0.26
426 A	0.16062	0.56843	0.27094
427 C	0.18591	0.52175	0.29234
428 A	0.20522	0.50132	0.29347
429 A	0.24343	0.46430	0.29227
430 T	0.28202	0.42099	0.29698
431 T	0.30485	0.39761	0.29754
432 T	0.33634	0.36769	0.29598
433 T	0.35476	0.33323	0.31202
434 T	0.34763	0.32494	0.32744
435 A	0.32800	0.35736	0.31464
436 A	0.30685	0.45639	0.23676
437 A	0.26407	0.59284	0.14309
438 A	0.24384	0.65828	0.09788
439 A	0.25477	0.67520	0.07003
440 A	0.28827	0.64442	0.06732
441 T	0.34163	0.58462	0.07375
442 T	0.36052	0.56621	0.07327
443 T	0.36146	0.56791	0.07062
444 C	0.33058	0.60469	0.06473
445 C	0.30881	0.63715	0.05405
446 T	0.29920	0.64999	0.0508
447 T	0.26078	0.69195	0.04727
448 A	0.23651	0.71873	0.04476
449 A	0.22651	0.72984	0.04365
450 C	0.22040	0.73587	0.04373
451 A	0.21940	0.73682	0.04378
452 T	0.22103	0.73498	0.04399
453 T	0.20886	0.74724	0.0439
454 C	0.19082	0.76537	0.04381
455 A	0.17114	0.78708	0.04178
456 A	0.16310	0.79359	0.04331
457 A	0.15708	0.79132	0.05159
458 A	0.16352	0.77243	0.06406
459 A	0.23361	0.68824	0.07814
460 G	0.31528	0.55807	0.12665
461 A	0.34819	0.49482	0.157
462 A	0.37040	0.44243	0.18717
463 A	0.37828	0.42188	0.19984
464 C	0.38219	0.40567	0.21214
465 A	0.39391	0.38943	0.21665
466 A	0.40370	0.36684	0.22946
467 T	0.41868	0.30752	0.2738
468 T	0.42390	0.28241	0.2937
469 T	0.41409	0.32381	0.26211
470 T	0.37566	0.39286	0.23149
471 A	0.20549	0.65440	0.14011
472 A	0.11172	0.78397	0.10431
473 A	0.06795	0.85712	0.07493
474 A	0.04070	0.90537	0.05394
475 A	0.03081	0.91730	0.05189
476 A	0.02529	0.91328	0.06143
477 A	0.02185	0.89955	0.0786
478 G	0.02126	0.87791	0.10083
479 A	0.01996	0.87432	0.10572
480 A	0.02048	0.87047	0.10906
481 A	0.02157	0.86451	0.11392
482 A	0.02241	0.85983	0.11776
483 A	0.02279	0.84870	0.1285
484 T	0.02340	0.84926	0.12734
485 T	0.02345	0.85662	0.11994
486 A	0.02224	0.87618	0.10159
487 A	0.02124	0.89745	0.08132
488 A	0.02217	0.90321	0.07461
489 A	0.02451	0.90234	0.07315
490 A	0.03031	0.90254	0.06715
491 A	0.04981	0.87855	0.07164
492 A	0.10127	0.81167	0.08706
493 A	0.17927	0.68945	0.13129
494 T	0.29573	0.40974	0.29453
495 T	0.33318	0.29472	0.3721
496 T	0.35638	0.24358	0.40004
497 T	0.36704	0.22890	0.40405
498 T	0.36928	0.23137	0.39934
499 T	0.37060	0.23450	0.39489
500 T	0.36489	0.24602	0.38909
501 A	0.36092	0.26008	0.379
502 G	0.36109	0.27579	0.36312
503 A	0.36440	0.33888	0.29671
504 A	0.36610	0.37964	0.25426
505 T	0.37061	0.40027	0.22913
506 A	0.35775	0.44990	0.19234
507 T	0.37141	0.44352	0.18507
508 A	0.37151	0.45680	0.17169
509 A	0.38007	0.45394	0.166
510 T	0.39081	0.44564	0.16354
511 C	0.37164	0.46922	0.15913
512 A	0.33436	0.52831	0.13732
513 A	0.28066	0.62856	0.09078
514 A	0.27355	0.65993	0.06651
515 T	0.28261	0.65697	0.06041
516 A	0.27749	0.67055	0.05196
517 T	0.28811	0.66003	0.05187
518 T	0.28841	0.65933	0.05226
519 A	0.23503	0.71240	0.05257
520 T	0.22881	0.71673	0.05446
521 C	0.19770	0.74583	0.05647
522 A	0.17286	0.77194	0.0552
523 G	0.15391	0.79054	0.05555
524 A	0.14871	0.79743	0.05385
525 A	0.13943	0.80849	0.05207
526 A	0.17198	0.77931	0.04872
527 A	0.19470	0.75223	0.05307
528 A	0.20446	0.73392	0.06162
529 A	0.22549	0.69545	0.07906
530 T	0.22530	0.68769	0.087
531 A	0.21075	0.69482	0.09444
532 A	0.19043	0.70563	0.10393
533 A	0.18356	0.70232	0.11412
534 A	0.18290	0.67373	0.14337
535 A	0.20034	0.61845	0.18121
536 C	0.24750	0.50052	0.25198
537 T	0.27155	0.46689	0.26156
538 A	0.26830	0.46786	0.26384
539 T	0.27227	0.45132	0.2764
540 T	0.26873	0.45114	0.28012
541 A	0.26171	0.45061	0.28768
542 C	0.26023	0.37301	0.36676
543 T	0.26088	0.35395	0.38517
544 T	0.26049	0.32380	0.41571
545 A	0.25957	0.31298	0.42745
546 T	0.26179	0.29100	0.44721
547 G	0.26192	0.28564	0.45244
548 A	0.26342	0.26873	0.46785
549 T	0.26759	0.25166	0.48075
550 A	0.26869	0.27817	0.45314
551 T	0.26851	0.30955	0.42194
552 T	0.26808	0.33697	0.39495
553 A	0.26472	0.41283	0.32244
554 T	0.26254	0.43801	0.29945
555 A	0.24942	0.50671	0.24387
556 A	0.23892	0.57647	0.18461
557 A	0.23084	0.60394	0.16522
558 A	0.22975	0.62390	0.14634
559 G	0.22977	0.64208	0.12815
560 A	0.23394	0.64617	0.11989
561 T	0.23914	0.63753	0.12333
562 T	0.24073	0.64172	0.11755
563 T	0.24109	0.64897	0.10994
564 T	0.24003	0.65160	0.10837
565 G	0.23605	0.66861	0.09534
566 A	0.23250	0.68356	0.08394
567 A	0.22019	0.70778	0.07202
568 C	0.21178	0.72729	0.06094
569 A	0.20693	0.75051	0.04256
570 A	0.21107	0.75008	0.03884
571 A	0.22179	0.74262	0.03558
572 A	0.23707	0.73144	0.0315
573 A	0.28786	0.68399	0.02815
574 C	0.35646	0.61202	0.03152
575 A	0.40921	0.56026	0.03052
576 T	0.49369	0.47118	0.03514
577 A	0.52535	0.43688	0.03777
578 T	0.59369	0.35796	0.04835
579 T	0.65252	0.29193	0.05556
580 C	0.67384	0.26137	0.06479
581 A	0.69736	0.23695	0.06569
582 T	0.72540	0.20849	0.06612
583 T	0.73547	0.19867	0.06587
584 C	0.72628	0.20849	0.06523
585 T	0.71765	0.22008	0.06227
586 A	0.69560	0.24610	0.05831
587 A	0.67926	0.26790	0.05284
588 T	0.68866	0.25628	0.05506
589 A	0.67927	0.26492	0.05581
590 A	0.67453	0.25545	0.07002
591 T	0.67896	0.23888	0.08215
592 C	0.67146	0.24255	0.08599
593 A	0.60435	0.32177	0.07389
594 A	0.57171	0.36618	0.06211
595 A	0.55565	0.39085	0.05351
596 T	0.55084	0.39834	0.05082
597 T	0.53695	0.41318	0.04987
598 A	0.49608	0.45437	0.04956
599 A	0.37052	0.58105	0.04843
600 T	0.30640	0.64328	0.05032
601 C	0.21278	0.73988	0.04735
602 A	0.15666	0.80313	0.04022
603 A	0.13805	0.82793	0.03402
604 A	0.12492	0.85172	0.02336
605 T	0.11746	0.86662	0.01592
606 A	0.09997	0.88585	0.01417
607 A	0.09243	0.88070	0.02687
608 A	0.07336	0.88482	0.04182
609 A	0.07055	0.86358	0.06587
610 C	0.07317	0.83956	0.08726
611 A	0.07135	0.84809	0.08056
612 A	0.07184	0.83532	0.09284
613 A	0.07230	0.83119	0.09651
614 A	0.07363	0.82482	0.10155
615 A	0.07425	0.81394	0.11181
616 C	0.08472	0.72099	0.19429
617 A	0.09519	0.67599	0.22882
618 T	0.10353	0.64887	0.24761
619 A	0.10407	0.66668	0.22924
620 A	0.10403	0.67681	0.21917
621 A	0.10461	0.65516	0.24023
622 G	0.10434	0.49576	0.3999
623 A	0.10388	0.41974	0.47638
624 T	0.10784	0.32319	0.56897
625 C	0.11087	0.33283	0.5563
626 A	0.11338	0.51787	0.36875
627 A	0.12090	0.60333	0.27577
628 A	0.12732	0.61292	0.25977
629 T	0.13093	0.60284	0.26624
630 A	0.13091	0.62614	0.24294
631 T	0.13225	0.64060	0.22714
632 C	0.13088	0.66385	0.20527
633 A	0.13000	0.73673	0.13327
634 A	0.13749	0.79068	0.07183
635 A	0.14287	0.79093	0.0662
636 T	0.15071	0.78521	0.06408
637 A	0.15372	0.78633	0.05995
638 T	0.15772	0.78042	0.06186
639 C	0.15861	0.77961	0.06179
640 G	0.15904	0.78558	0.05538
641 A	0.16159	0.78906	0.04935
642 A	0.17650	0.77603	0.04748
643 A	0.19151	0.76320	0.0453
644 T	0.20298	0.75257	0.04445
645 A	0.21369	0.74424	0.04207
646 A	0.23538	0.72239	0.04223
647 A	0.25839	0.69958	0.04203
648 G	0.31831	0.63863	0.04306
649 T	0.49565	0.46096	0.04338
650 G	0.57160	0.38964	0.03876
651 T	0.60412	0.36185	0.03403
652 A	0.61852	0.34866	0.03283
653 A	0.66505	0.30037	0.03458
654 T	0.72988	0.23279	0.03733
655 T	0.76375	0.19642	0.03983
656 C	0.80863	0.14954	0.04183
657 C	0.85002	0.10848	0.04149
658 T	0.85706	0.10281	0.04013
659 A	0.85996	0.10158	0.03847
660 T	0.86714	0.09496	0.0379
661 T	0.86719	0.09626	0.03655
662 T	0.86073	0.10254	0.03673
663 T	0.85167	0.10862	0.0397
664 A	0.82344	0.13608	0.04048
665 A	0.73501	0.22201	0.04298
666 C	0.67173	0.28378	0.04449
667 C	0.61782	0.33912	0.04306
668 A	0.47977	0.48267	0.03757
669 A	0.37886	0.58424	0.0369
670 A	0.34103	0.62266	0.03631
671 T	0.29414	0.67003	0.03583
672 A	0.26239	0.70435	0.03327
673 C	0.22524	0.74190	0.03286
674 A	0.16553	0.81242	0.02205
675 A	0.12186	0.86331	0.01483
676 A	0.07153	0.91726	0.01121
677 A	0.05652	0.93735	0.00613
678 A	0.04730	0.94718	0.00552
679 G	0.03219	0.96068	0.00713
680 A	0.02245	0.96968	0.00787
681 A	0.01581	0.97531	0.00888
682 C	0.01314	0.97631	0.01055
683 A	0.01196	0.97807	0.00997
684 A	0.01133	0.97669	0.01198
685 A	0.01076	0.97177	0.01747
686 A	0.01055	0.96300	0.02645
687 A	0.01088	0.94336	0.04576
688 G	0.01187	0.84596	0.14217
689 A	0.01254	0.77729	0.21017
690 A	0.01394	0.72319	0.26287
691 G	0.01749	0.59666	0.38584
692 A	0.01825	0.51436	0.46739
693 A	0.01918	0.48037	0.50046
694 G	0.02076	0.40677	0.57247
695 A	0.02503	0.38837	0.5866
696 A	0.03064	0.35012	0.61924
697 A	0.04251	0.29831	0.65918
698 T	0.05011	0.25872	0.69116
699 A	0.05282	0.24078	0.7064
700 A	0.05691	0.29767	0.64542
701 A	0.05875	0.33327	0.60798
702 T	0.06189	0.36449	0.57362
703 T	0.06268	0.36500	0.57232
704 T	0.06257	0.37251	0.56493
705 T	0.06065	0.45397	0.48538
706 T	0.05436	0.59967	0.34597
707 C	0.04428	0.70161	0.25411
708 A	0.02714	0.92735	0.04551
709 A	0.01716	0.95910	0.02373
710 A	0.01104	0.97513	0.01382
711 A	0.00904	0.98289	0.00806
712 A	0.00992	0.98406	0.00602
713 C	0.01243	0.98206	0.00551
714 A	0.01730	0.97736	0.00534
715 A	0.02786	0.96683	0.0053
716 T	0.03889	0.95581	0.0053
717 T	0.04548	0.94922	0.0053
718 C	0.05006	0.94464	0.0053
719 A	0.05599	0.93873	0.00528
720 A	0.07773	0.91699	0.00527
721 A	0.09763	0.89711	0.00525
722 A	0.14211	0.85264	0.00524
723 A	0.21112	0.78363	0.00524
724 A	0.25955	0.73499	0.00546
725 A	0.31148	0.68257	0.00595
726 T	0.33931	0.65311	0.00758
727 A	0.36370	0.62685	0.00945
728 A	0.48281	0.50314	0.01405
729 T	0.65627	0.32140	0.02232
730 A	0.74155	0.22643	0.03203
731 T	0.90104	0.05144	0.04752
732 T	0.91553	0.02912	0.05535
733 T	0.91869	0.02144	0.05987
734 T	0.91551	0.02443	0.06006
735 T	0.90932	0.03068	0.06001
736 T	0.89386	0.04774	0.0584
737 T	0.86135	0.08121	0.05744
738 T	0.83382	0.11068	0.0555
739 C	0.76247	0.18539	0.05214
740 A	0.54298	0.41568	0.04134
741 A	0.34738	0.61887	0.03374
742 A	0.17353	0.80250	0.02397
743 A	0.05309	0.93089	0.01602
744 A	0.02962	0.96014	0.01025
745 A	0.02269	0.96983	0.00748
746 A	0.02066	0.97210	0.00724
747 A	0.01979	0.97256	0.00765
748 T	0.01937	0.97242	0.00822
749 T	0.01886	0.97226	0.00888
750 A	0.01787	0.97255	0.00958
751 A	0.01720	0.97263	0.01017
752 A	0.01721	0.97204	0.01076
753 T	0.01731	0.97013	0.01257
754 A	0.01729	0.96857	0.01415
755 A	0.01741	0.96395	0.01864
756 A	0.01786	0.95601	0.02613
757 C	0.01906	0.93499	0.04595
758 A	0.01999	0.92419	0.05582
759 T	0.02404	0.89777	0.07819
760 A	0.02670	0.86892	0.10438
761 A	0.02982	0.84134	0.12884
762 T	0.03384	0.78343	0.18273
763 A	0.04073	0.56397	0.39529
764 A	0.04655	0.38216	0.5713
765 A	0.05700	0.24408	0.69892
766 A	0.06497	0.25858	0.67644
767 T	0.07010	0.45004	0.47986
768 T	0.07049	0.64598	0.28354
769 T	0.06677	0.82691	0.10632
770 T	0.06007	0.86639	0.07354
771 A	0.04325	0.90153	0.05523
772 A	0.03387	0.92318	0.04295
773 A	0.02924	0.93157	0.0392
774 C	0.02762	0.93452	0.03786
775 G	0.02685	0.94072	0.03243
776 A	0.02636	0.94607	0.02757
777 A	0.02628	0.94739	0.02634
778 A	0.02641	0.94870	0.02489
779 T	0.02623	0.95055	0.02322
780 A	0.02602	0.95108	0.0229
781 C	0.02636	0.95075	0.0229
782 A	0.02663	0.95106	0.0223
783 G	0.02830	0.94973	0.02197
784 C	0.03172	0.94708	0.0212
785 A	0.04015	0.93981	0.02005
786 A	0.06226	0.91827	0.01948
787 A	0.10564	0.87513	0.01923
788 A	0.18479	0.79587	0.01934
789 A	0.35384	0.62621	0.01995
790 T	0.61000	0.36427	0.02573
791 T	0.78524	0.18220	0.03257
792 T	0.88080	0.08071	0.03849
793 T	0.89299	0.06223	0.04478
794 T	0.88592	0.05706	0.05702
795 T	0.85517	0.08241	0.06242
796 C	0.75386	0.18332	0.06282
797 A	0.61939	0.32763	0.05298
798 A	0.51826	0.43701	0.04473
799 A	0.44086	0.52372	0.03543
800 A	0.33074	0.64088	0.02837
801 A	0.20400	0.77275	0.02325
802 G	0.10526	0.87270	0.02204
803 A	0.08006	0.90229	0.01765
804 A	0.06745	0.91869	0.01386
805 A	0.06264	0.92703	0.01033
806 A	0.05986	0.92971	0.01042
807 T	0.05582	0.93370	0.01047
808 A	0.04108	0.94906	0.00986
809 A	0.02770	0.96314	0.00916
810 C	0.02278	0.96832	0.0089
811 T	0.02007	0.97199	0.00794
812 T	0.01707	0.97622	0.00671
813 A	0.01372	0.98079	0.00549
814 A	0.01243	0.98219	0.00538
815 A	0.01164	0.98212	0.00623
816 A	0.01108	0.96464	0.02427
817 G	0.01090	0.93383	0.05528
818 A	0.01143	0.89388	0.09468
819 A	0.01429	0.81677	0.16894
820 A	0.02366	0.69237	0.28397
821 A	0.03173	0.60122	0.36704
822 A	0.04090	0.52685	0.43225
823 A	0.04822	0.45077	0.50102
824 T	0.05339	0.35341	0.5932
825 A	0.04998	0.35474	0.59528
826 A	0.04489	0.43027	0.52484
827 A	0.04199	0.53950	0.41851
828 A	0.04144	0.54470	0.41386
829 A	0.04027	0.54493	0.41479
830 A	0.03871	0.53526	0.42603
831 A	0.03822	0.51232	0.44946
832 C	0.03888	0.49644	0.46468
833 T	0.03777	0.56925	0.39298
834 A	0.02971	0.77449	0.1958
835 A	0.02589	0.84940	0.12471
836 T	0.02431	0.90632	0.06937
837 T	0.02148	0.95331	0.02521
838 A	0.01496	0.96772	0.01732
839 A	0.01121	0.97492	0.01388
840 A	0.00960	0.97739	0.01301
841 A	0.00977	0.97733	0.0129
842 C	0.01351	0.97297	0.01352
843 A	0.02132	0.96568	0.01299
844 A	0.03373	0.95344	0.01283
845 A	0.06093	0.92624	0.01284
846 T	0.10659	0.88043	0.01298
847 A	0.12601	0.86084	0.01314
848 A	0.19915	0.78192	0.01894
849 A	0.28157	0.69078	0.02764
850 T	0.38895	0.57741	0.03365
851 T	0.40019	0.56383	0.03599
852 A	0.39661	0.56757	0.03582
853 A	0.39980	0.56283	0.03736
854 A	0.40334	0.55723	0.03943
855 A	0.41280	0.54601	0.04119
856 A	0.49994	0.45506	0.045
857 T	0.73006	0.21432	0.05562
858 G	0.80058	0.13750	0.06192
859 T	0.86126	0.07452	0.06422
860 T	0.88833	0.04695	0.06472
861 T	0.89037	0.04398	0.06565
862 T	0.88630	0.05489	0.05881
863 T	0.88058	0.06730	0.05212
864 T	0.87430	0.07538	0.05032
865 A	0.85536	0.09452	0.05011
866 T	0.84365	0.10630	0.05006
867 T	0.81071	0.13949	0.04981
868 C	0.60939	0.34223	0.04838
869 C	0.45663	0.49762	0.04575
870 A	0.36808	0.59467	0.03725
871 G	0.33559	0.63732	0.02708
872 A	0.32858	0.64880	0.02262
873 A	0.32575	0.65431	0.01994
874 T	0.32668	0.65276	0.02056
875 T	0.32500	0.64653	0.02848
876 T	0.31193	0.65786	0.03021
877 A	0.27722	0.69249	0.03029
878 C	0.27076	0.69856	0.03067
879 A	0.25520	0.71709	0.02772
880 A	0.24556	0.72894	0.02549
881 A	0.24357	0.73102	0.02541
882 C	0.24269	0.73191	0.0254
883 A	0.23876	0.73589	0.02536
884 A	0.23646	0.73535	0.0282
885 T	0.24006	0.72295	0.03698
886 A	0.23012	0.72167	0.04821
887 C	0.22593	0.71431	0.05977
888 A	0.21925	0.69612	0.08463
889 A	0.21302	0.68939	0.09759
890 A	0.21083	0.65811	0.13106
891 T	0.21077	0.48969	0.29953
892 G	0.21036	0.38155	0.40809
893 A	0.21372	0.32275	0.46353
894 T	0.21847	0.33954	0.442
895 A	0.20794	0.54527	0.24679
896 C	0.20094	0.56625	0.2328
897 A	0.17880	0.64241	0.17878
898 A	0.16449	0.68070	0.15481
899 A	0.15962	0.68683	0.15355
900 C	0.15585	0.68057	0.16357
901 A	0.15266	0.70409	0.14326
902 A	0.15348	0.70730	0.13922
903 T	0.15301	0.71491	0.13207
904 A	0.14881	0.73553	0.11566
905 T	0.14659	0.75588	0.09752
906 A	0.14078	0.76909	0.09013
907 A	0.13781	0.77266	0.08953
908 A	0.13590	0.77076	0.09333
909 T	0.13649	0.75499	0.10852
910 G	0.13663	0.74752	0.11585
911 A	0.14098	0.73581	0.1232
912 T	0.15368	0.71513	0.13118
913 A	0.16388	0.70109	0.13503
914 C	0.18758	0.67204	0.14039
915 A	0.20850	0.65238	0.13913
916 A	0.23470	0.62550	0.1398
917 A	0.29717	0.56137	0.14147
918 T	0.49856	0.34943	0.152
919 T	0.52698	0.31483	0.15819
920 T	0.57507	0.24500	0.17993
921 T	0.60355	0.20516	0.19129
922 A	0.61077	0.19764	0.1916
923 T	0.62175	0.18741	0.19084
924 T	0.63269	0.17690	0.19041
925 A	0.64148	0.17437	0.18416
926 T	0.65509	0.16340	0.18151
927 A	0.67234	0.15131	0.17635
928 T	0.69057	0.14154	0.16789
929 T	0.68327	0.15345	0.16328
930 A	0.63728	0.20878	0.15393
931 T	0.62209	0.23081	0.14711
932 T	0.57234	0.29913	0.12853
933 G	0.44728	0.45130	0.10141
934 A	0.37337	0.53276	0.09387
935 A	0.32168	0.58859	0.08973
936 A	0.26715	0.64535	0.0875
937 A	0.19661	0.71925	0.08415
938 C	0.13337	0.78641	0.08022
939 A	0.10219	0.84521	0.0526
940 A	0.07862	0.89662	0.02475
941 A	0.07048	0.91529	0.01423
942 T	0.06973	0.91688	0.0134
943 A	0.06300	0.92431	0.01268
944 A	0.05970	0.92578	0.01451
945 A	0.05928	0.92093	0.0198
946 C	0.06165	0.91336	0.02498
947 A	0.06255	0.91130	0.02615
948 A	0.06708	0.90830	0.02462
949 A	0.06975	0.91171	0.01854
950 A	0.07478	0.90724	0.01797
951 T	0.08308	0.89903	0.0179
952 A	0.08132	0.88070	0.03798
953 A	0.08517	0.83521	0.07962
954 A	0.08687	0.81095	0.10218
955 A	0.09786	0.75268	0.14946
956 T	0.11816	0.61437	0.26746
957 A	0.11635	0.55094	0.33271
958 G	0.11670	0.50257	0.38073
959 A	0.11999	0.45918	0.42083
960 A	0.12447	0.40023	0.47529
961 A	0.13057	0.33421	0.53522
962 A	0.15903	0.27104	0.56993
963 T	0.19044	0.21020	0.59936
964 T	0.20038	0.19282	0.60679
965 T	0.20119	0.20743	0.59137
966 T	0.19993	0.22599	0.57408
967 A	0.19603	0.25261	0.55136
968 A	0.18674	0.28334	0.52993
969 A	0.18257	0.33081	0.48662
970 A	0.18117	0.41170	0.40713
971 A	0.17471	0.48015	0.34514
972 T	0.18224	0.49839	0.31936
973 A	0.16969	0.54126	0.28904
974 T	0.16398	0.56116	0.27487
975 A	0.15235	0.60060	0.24704
976 T	0.15198	0.60655	0.24147
977 A	0.15361	0.61561	0.23078
978 T	0.16268	0.60657	0.23075
979 T	0.16853	0.60331	0.22816
980 T	0.17348	0.59673	0.22979
981 T	0.17345	0.59463	0.23193
982 T	0.16824	0.59880	0.23296
983 G	0.15255	0.61456	0.23288
984 G	0.13740	0.62954	0.23306
985 C	0.13445	0.63317	0.23237
986 A	0.13179	0.64246	0.22575
987 A	0.14019	0.63662	0.22319
988 C	0.16293	0.61454	0.22253
989 T	0.18779	0.59575	0.21646
990 A	0.20419	0.58292	0.21289
991 A	0.22681	0.55460	0.21859
992 A	0.27311	0.50749	0.2194
993 A	0.36068	0.41918	0.22014
994 T	0.44413	0.32294	0.23294
995 A	0.48208	0.28018	0.23775
996 T	0.51870	0.22512	0.25618
997 A	0.53374	0.20046	0.26579
998 T	0.56543	0.15606	0.2785
999 C	0.57600	0.14030	0.2837
1000 T	0.59240	0.13099	0.27661
1001 T	0.59504	0.14470	0.26025
1002 T	0.59199	0.17533	0.23269
1003 T	0.57377	0.24348	0.18274
1004 T	0.52730	0.31671	0.15599
1005 A	0.45016	0.43860	0.11124
1006 A	0.42078	0.45871	0.12051
1007 A	0.41008	0.45566	0.13427
1008 A	0.40462	0.45437	0.14101
1009 T	0.41017	0.44590	0.14393
1010 C	0.40600	0.46193	0.13208
1011 A	0.39942	0.52070	0.07987
1012 T	0.38594	0.55209	0.06198
1013 T	0.36424	0.58680	0.04895
1014 A	0.32078	0.63400	0.04523
1015 A	0.30173	0.65555	0.04272
1016 G	0.29554	0.66165	0.04281
1017 T	0.29150	0.66676	0.04173
1018 C	0.27475	0.68670	0.03855
1019 A	0.26416	0.70259	0.03326
1020 A	0.25541	0.71776	0.02684
1021 A	0.24028	0.73603	0.02368
1022 A	0.23688	0.74071	0.02241
1023 A	0.24915	0.72893	0.02191
1024 A	0.27372	0.69774	0.02854
1025 A	0.31463	0.64076	0.0446
1026 T	0.36610	0.55938	0.07452
1027 A	0.35603	0.52767	0.1163
1028 T	0.37536	0.44213	0.1825
1029 C	0.33207	0.46892	0.199
1030 A	0.29709	0.51746	0.18545
1031 A	0.27803	0.54377	0.1782
1032 A	0.26333	0.56161	0.17506
1033 A	0.27838	0.54170	0.17992
1034 T	0.32928	0.48151	0.18922
1035 T	0.34028	0.44634	0.21338
1036 A	0.33484	0.42635	0.23881
1037 T	0.32973	0.38952	0.28075
1038 C	0.31772	0.38581	0.29647
1039 A	0.30813	0.40371	0.28815
1040 A	0.29573	0.41474	0.28953
1041 T	0.29276	0.41361	0.29364
1042 A	0.27761	0.43895	0.28344
1043 T	0.26632	0.45194	0.28174
1044 C	0.21575	0.49661	0.28764
1045 G	0.15270	0.57369	0.27361
1046 A	0.11890	0.63000	0.25111
1047 A	0.10175	0.66494	0.23331
1048 A	0.09728	0.67776	0.22496
1049 A	0.09927	0.67742	0.22331
1050 T	0.10896	0.62576	0.26528
1051 A	0.11192	0.61211	0.27597
1052 T	0.11913	0.55807	0.3228
1053 T	0.12983	0.51613	0.35404
1054 T	0.13232	0.49228	0.3754
1055 G	0.13035	0.47546	0.39419
1056 G	0.12690	0.47639	0.39671
1057 G	0.12414	0.48201	0.39385
1058 T	0.12143	0.49743	0.38115
1059 A	0.11279	0.55386	0.33335
1060 G	0.10954	0.56994	0.32053
1061 A	0.10803	0.58667	0.3053
1062 A	0.11548	0.58668	0.29784
1063 A	0.11824	0.57874	0.30302
1064 A	0.12761	0.56663	0.30575
1065 A	0.15163	0.53000	0.31837
1066 A	0.16988	0.51129	0.31883
1067 T	0.18966	0.46044	0.34991
1068 T	0.20284	0.42635	0.3708
1069 A	0.21083	0.45544	0.33373
1070 A	0.21589	0.47036	0.31375
1071 T	0.21763	0.50454	0.27783
1072 A	0.20667	0.57491	0.21843
1073 A	0.19240	0.66134	0.14625
1074 T	0.18944	0.68941	0.12114
1075 T	0.17731	0.72027	0.10242
1076 T	0.14959	0.78051	0.06989
1077 A	0.11245	0.84624	0.04131
1078 A	0.10282	0.86570	0.03149
1079 A	0.10137	0.86818	0.03045
1080 A	0.10651	0.85914	0.03435
1081 A	0.12608	0.83443	0.03949
1082 T	0.19044	0.76123	0.04833
1083 T	0.21104	0.73584	0.05312
1084 C	0.22294	0.71996	0.0571
1085 A	0.22878	0.71375	0.05747
1086 A	0.23351	0.70922	0.05727
1087 C	0.24109	0.70196	0.05695
1088 A	0.24224	0.70379	0.05396
1089 A	0.26504	0.68326	0.0517
1090 A	0.29089	0.65966	0.04945
1091 A	0.33213	0.62179	0.04609
1092 T	0.40286	0.55088	0.04626
1093 A	0.42608	0.52373	0.05019
1094 A	0.45757	0.48457	0.05785
1095 A	0.51692	0.41257	0.07052
1096 T	0.62708	0.27581	0.09711
1097 T	0.66682	0.21554	0.11764
1098 T	0.67499	0.19746	0.12755
1099 T	0.67231	0.18453	0.14316
1100 C	0.65049	0.19007	0.15944
1101 T	0.61574	0.22246	0.16179
1102 T	0.52611	0.31083	0.16305
1103 G	0.45501	0.38215	0.16284
1104 C	0.41834	0.42107	0.16059
1105 C	0.38751	0.46897	0.14353
1106 A	0.35997	0.51823	0.12181
1107 A	0.32295	0.57959	0.09746
1108 A	0.22264	0.71326	0.0641
1109 A	0.19538	0.75978	0.04484
1110 A	0.18728	0.77614	0.03657
1111 G	0.17907	0.78211	0.03881
1112 A	0.17443	0.78808	0.03748
1113 A	0.17417	0.78669	0.03913
1114 A	0.17708	0.78480	0.03812
1115 A	0.17758	0.78251	0.03991
1116 A	0.18154	0.76970	0.04876
1117 G	0.18701	0.75453	0.05846
1118 A	0.19335	0.74494	0.06171
1119 A	0.19733	0.73789	0.06478
1120 A	0.20303	0.72328	0.07369
1121 T	0.21276	0.68767	0.09957
1122 T	0.21757	0.65381	0.12862
1123 A	0.21451	0.62084	0.16465
1124 T	0.21272	0.57580	0.21148
1125 C	0.20636	0.50556	0.28807
1126 G	0.20029	0.49812	0.30158
1127 A	0.19985	0.50808	0.29207
1128 T	0.21804	0.47780	0.30416
1129 A	0.22523	0.46708	0.30769
1130 A	0.24423	0.42844	0.32733
1131 T	0.27631	0.28777	0.43591
1132 C	0.28847	0.24938	0.46214
1133 A	0.29440	0.24875	0.45684
1134 T	0.30559	0.23138	0.46303
1135 T	0.30820	0.22482	0.46698
1136 T	0.30728	0.22484	0.46787
1137 T	0.30349	0.23330	0.46321
1138 C	0.29526	0.25396	0.45078
1139 T	0.28729	0.35648	0.35623
1140 A	0.26456	0.47059	0.26486
1141 A	0.25562	0.50432	0.24006
1142 A	0.24780	0.53342	0.21878
1143 A	0.23999	0.56618	0.19383
1144 G	0.23638	0.58915	0.17448
1145 A	0.23761	0.63000	0.13239
1146 A	0.24355	0.63279	0.12366
1147 A	0.25621	0.61871	0.12508
1148 T	0.28282	0.58592	0.13126
1149 T	0.30605	0.55692	0.13703
1150 A	0.31878	0.54356	0.13766
1151 A	0.32460	0.53734	0.13806
1152 A	0.33646	0.51948	0.14406
1153 T	0.35093	0.50222	0.14685
1154 T	0.35601	0.49640	0.14759
1155 T	0.35932	0.49167	0.149
1156 T	0.36399	0.48789	0.14812
1157 T	0.36363	0.48899	0.14738
1158 G	0.36230	0.49223	0.14547
1159 G	0.36447	0.49921	0.13633
1160 A	0.37579	0.50294	0.12127
1161 A	0.39901	0.49380	0.10719
1162 T	0.50244	0.39217	0.10539
1163 T	0.57767	0.31206	0.11027
1164 A	0.58827	0.31442	0.09731
1165 A	0.60590	0.29787	0.09622
1166 A	0.63044	0.27030	0.09926
1167 T	0.65298	0.24376	0.10326
1168 T	0.68948	0.20608	0.10444
1169 T	0.69515	0.20175	0.10311
1170 T	0.68525	0.21473	0.10002
1171 C	0.66226	0.24282	0.09492
1172 A	0.63367	0.29120	0.07514
1173 A	0.61116	0.31859	0.07024
1174 A	0.59133	0.33898	0.06969
1175 T	0.59009	0.34043	0.06948
1176 T	0.58668	0.34412	0.0692
1177 G	0.56861	0.36123	0.07016
1178 C	0.55336	0.37541	0.07123
1179 T	0.53096	0.40105	0.06799
1180 G	0.47800	0.46124	0.06076
1181 A	0.43352	0.51124	0.05523
1182 A	0.38039	0.57014	0.04947
1183 A	0.37885	0.57336	0.04779
1184 T	0.38920	0.56159	0.04921
1185 A	0.36022	0.59323	0.04656
1186 A	0.33600	0.61911	0.04489
1187 T	0.32858	0.62320	0.04822
1188 A	0.26401	0.68926	0.04673
1189 A	0.18934	0.76692	0.04374
1190 A	0.14049	0.81923	0.04028
1191 A	0.11732	0.84238	0.0403
1192 A	0.09550	0.86167	0.04283
1193 A	0.08149	0.86876	0.04975
1194 A	0.07634	0.85457	0.06909
1195 T	0.08694	0.81651	0.09654
1196 A	0.07718	0.80701	0.1158
1197 T	0.06990	0.79388	0.13622
1198 G	0.05513	0.80680	0.13808
1199 A	0.04343	0.82432	0.13224
1200 A	0.03958	0.82256	0.13786
1201 A	0.03330	0.81692	0.14978
1202 A	0.03405	0.79207	0.17388
1203 T	0.04028	0.73756	0.22216
1204 A	0.04377	0.69879	0.25744
1205 T	0.04902	0.63599	0.31499
1206 A	0.04801	0.62417	0.32781
1207 A	0.04855	0.60797	0.34348
1208 A	0.05159	0.57145	0.37696
1209 T	0.05556	0.53000	0.41444
1210 A	0.05189	0.52031	0.4278
1211 A	0.04925	0.47522	0.47553
1212 A	0.05365	0.40702	0.53933
1213 G	0.05995	0.36520	0.57485
1214 A	0.06407	0.36729	0.56863
1215 A	0.07145	0.36268	0.56588
1216 T	0.08065	0.35799	0.56136
1217 T	0.08103	0.41133	0.50764
1218 A	0.07659	0.49526	0.42815
1219 A	0.06681	0.58077	0.35242
1220 A	0.06070	0.66041	0.27889
1221 A	0.05476	0.77501	0.17023
1222 G	0.05948	0.82172	0.1188
1223 A	0.06494	0.83254	0.10251
1224 A	0.06527	0.84580	0.08893
1225 A	0.06624	0.86243	0.07133
1226 A	0.06494	0.87763	0.05743
1227 C	0.06478	0.88661	0.04861
1228 A	0.05023	0.92495	0.02481
1229 A	0.04306	0.94678	0.01016
1230 A	0.04197	0.94873	0.00931
1231 G	0.04366	0.94720	0.00914
1232 A	0.04674	0.94415	0.00911
1233 A	0.05282	0.93301	0.01418
1234 C	0.06271	0.91721	0.02008
1235 G	0.07122	0.90829	0.02048
1236 A	0.08242	0.89766	0.01992
1237 G	0.10497	0.87546	0.01956
1238 A	0.13265	0.85006	0.01729
1239 A	0.16204	0.82123	0.01672
1240 G	0.22573	0.75414	0.02013
1241 A	0.30388	0.67040	0.02572
1242 A	0.38653	0.57573	0.03774
1243 A	0.46429	0.49078	0.04492
1244 T	0.59559	0.35011	0.05431
1245 A	0.64305	0.29884	0.0581
1246 A	0.66496	0.27320	0.06185
1247 A	0.68931	0.24229	0.0684
1248 A	0.71651	0.21119	0.0723
1249 T	0.73504	0.18378	0.08118
1250 A	0.74247	0.16794	0.08959
1251 T	0.76036	0.13069	0.10895
1252 T	0.75703	0.12160	0.12137
1253 C	0.70994	0.16365	0.12642
1254 T	0.67016	0.21089	0.11895
1255 T	0.60814	0.28515	0.10672
1256 A	0.46917	0.45540	0.07543
1257 T	0.42216	0.50711	0.07074
1258 G	0.32840	0.60784	0.06376
1259 A	0.27638	0.66132	0.06229
1260 A	0.21981	0.72188	0.0583
1261 C	0.18284	0.75707	0.06009
1262 A	0.15067	0.78889	0.06045
1263 T	0.13745	0.80172	0.06084
1264 A	0.11184	0.82843	0.05973
1265 G	0.10311	0.83847	0.05842
1266 C	0.10102	0.84067	0.05831
1267 A	0.09744	0.84525	0.05731
1268 A	0.09779	0.84332	0.05889
1269 A	0.09916	0.83943	0.06141
1270 T	0.10261	0.83483	0.06255
1271 A	0.10221	0.83559	0.06219
1272 T	0.10188	0.82725	0.07087
1273 A	0.10062	0.82070	0.07867
1274 A	0.10088	0.81052	0.0886
1275 A	0.10227	0.78277	0.11496
1276 G	0.10577	0.70342	0.19081
1277 T	0.11456	0.64318	0.24226
1278 A	0.12584	0.57863	0.29554
1279 G	0.15420	0.44445	0.40135
1280 A	0.16104	0.42239	0.41656
1281 T	0.16888	0.34625	0.48486
1282 A	0.16953	0.33607	0.4944
1283 T	0.17424	0.29293	0.53283
1284 T	0.17527	0.28406	0.54067
1285 G	0.17350	0.32146	0.50504
1286 A	0.17350	0.37085	0.45566
1287 A	0.17560	0.40291	0.42149
1288 T	0.17839	0.46378	0.35784
1289 T	0.17442	0.48206	0.34352
1290 A	0.16458	0.49594	0.33948
1291 A	0.15524	0.51053	0.33423
1292 A	0.15208	0.51214	0.33578
1293 C	0.15229	0.51221	0.33551
1294 C	0.15221	0.51825	0.32954
1295 A	0.15234	0.55802	0.28964
1296 C	0.15348	0.57788	0.26865
1297 T	0.15357	0.61438	0.23206
1298 T	0.14574	0.67492	0.17934
1299 A	0.12035	0.76059	0.11907
1300 G	0.11450	0.79194	0.09356
1301 A	0.11803	0.81462	0.06735
1302 G	0.13024	0.80432	0.06544
1303 T	0.16412	0.77178	0.06411
1304 A	0.18532	0.75178	0.0629
1305 T	0.22754	0.70926	0.06321
1306 C	0.24007	0.69916	0.06077
1307 A	0.26049	0.68887	0.05064
1308 T	0.30922	0.64552	0.04526
1309 A	0.33512	0.62768	0.03721
1310 A	0.35727	0.61147	0.03126
1311 A	0.39559	0.57814	0.02626
1312 A	0.40597	0.56572	0.02832
1313 A	0.38553	0.57876	0.03571
1314 A	0.35121	0.60607	0.04272
1315 A	0.32946	0.62675	0.04379
1316 A	0.31587	0.64313	0.04099
1317 A	0.32548	0.63630	0.03822
1318 A	0.38117	0.58221	0.03662
1319 T	0.42374	0.53423	0.04203
1320 A	0.44116	0.51370	0.04514
1321 A	0.48142	0.46417	0.05441
1322 T	0.52911	0.39159	0.07931
1323 C	0.51964	0.39460	0.08576
1324 A	0.50153	0.41284	0.08564
1325 C	0.47854	0.43623	0.08523
1326 T	0.46310	0.45291	0.08399
1327 C	0.40075	0.51764	0.08161
1328 A	0.30436	0.62307	0.07256
