# lcl|CP097583.1_cds_USQ93157.1_1
# AA	inside	membr	outside
1 A	0.40280	0.00000	0.5972
2 T	0.40245	0.00035	0.5972
3 G	0.40227	0.00052	0.5972
4 A	0.40227	0.01428	0.58345
5 A	0.39725	0.03510	0.56764
6 T	0.39725	0.03801	0.56474
7 T	0.36198	0.07537	0.56265
8 T	0.36197	0.07547	0.56255
9 A	0.33048	0.10748	0.56204
10 G	0.33041	0.14297	0.52662
11 A	0.32192	0.15594	0.52213
12 A	0.18759	0.29237	0.52004
13 C	0.05019	0.44085	0.50896
14 A	0.05014	0.44091	0.50895
15 A	0.05014	0.87961	0.07025
16 A	0.04515	0.88460	0.07025
17 T	0.04142	0.88945	0.06912
18 A	0.04129	0.89024	0.06847
19 A	0.03917	0.89274	0.0681
20 A	0.03337	0.90143	0.0652
21 T	0.02824	0.90651	0.06525
22 C	0.02752	0.90849	0.06399
23 A	0.02547	0.91323	0.0613
24 A	0.02430	0.91616	0.05955
25 A	0.02359	0.91769	0.05872
26 A	0.02321	0.91832	0.05847
27 A	0.03105	0.91001	0.05894
28 A	0.04097	0.89441	0.06463
29 G	0.04363	0.88678	0.06959
30 A	0.04739	0.85493	0.09768
31 A	0.04872	0.85057	0.10072
32 A	0.05037	0.81982	0.12981
33 A	0.07889	0.78358	0.13753
34 A	0.08527	0.76403	0.1507
35 A	0.09910	0.63391	0.26699
36 A	0.11623	0.50031	0.38346
37 A	0.13355	0.47525	0.3912
38 T	0.53285	0.06640	0.40076
39 T	0.53810	0.05217	0.40973
40 C	0.54102	0.04422	0.41476
41 G	0.54256	0.04323	0.41421
42 T	0.54374	0.04216	0.4141
43 A	0.54565	0.03919	0.41515
44 A	0.54418	0.04406	0.41175
45 T	0.54861	0.04399	0.4074
46 T	0.55121	0.03871	0.41009
47 T	0.55250	0.03551	0.41199
48 T	0.55265	0.03479	0.41256
49 T	0.54776	0.04415	0.40809
50 C	0.54045	0.05493	0.40462
51 T	0.54036	0.05767	0.40196
52 A	0.53995	0.06446	0.39558
53 T	0.53939	0.06846	0.39215
54 T	0.53660	0.08079	0.38262
55 A	0.53279	0.08874	0.37847
56 T	0.52523	0.09649	0.37829
57 T	0.48734	0.13412	0.37855
58 G	0.43098	0.19079	0.37823
59 C	0.42794	0.19395	0.37812
60 G	0.42590	0.19675	0.37735
61 C	0.42580	0.19824	0.37596
62 A	0.42677	0.19984	0.37339
63 T	0.42872	0.19887	0.37242
64 A	0.42927	0.19924	0.37149
65 T	0.43052	0.19848	0.371
66 A	0.42831	0.20083	0.37085
67 G	0.43213	0.19444	0.37343
68 A	0.43627	0.18953	0.37419
69 T	0.43765	0.18610	0.37624
70 C	0.43771	0.18367	0.37861
71 A	0.43833	0.18314	0.37853
72 T	0.44026	0.17890	0.38084
73 G	0.43639	0.18315	0.38046
74 G	0.43237	0.19494	0.3727
75 T	0.43558	0.20549	0.35892
76 A	0.43352	0.20755	0.35893
77 A	0.43861	0.19513	0.36625
78 A	0.44036	0.18004	0.3796
79 T	0.44079	0.16443	0.39479
80 C	0.43989	0.12745	0.43266
81 T	0.44013	0.09489	0.46498
82 A	0.43931	0.09386	0.46683
83 C	0.43873	0.09372	0.46755
84 T	0.43760	0.10121	0.46119
85 T	0.43400	0.10523	0.46077
86 T	0.42860	0.11028	0.46112
87 A	0.41440	0.12417	0.46143
88 G	0.40946	0.12878	0.46176
89 C	0.40751	0.12832	0.46417
90 T	0.40539	0.13878	0.45583
91 G	0.39964	0.15614	0.44421
92 A	0.39818	0.16716	0.43466
93 T	0.39492	0.17782	0.42727
94 A	0.39218	0.20250	0.40532
95 G	0.39055	0.21316	0.39628
96 A	0.39214	0.21798	0.38987
97 A	0.39986	0.20859	0.39155
98 T	0.41340	0.19372	0.39289
99 T	0.41533	0.19092	0.39375
100 T	0.41451	0.19474	0.39075
101 T	0.41186	0.20091	0.38723
102 A	0.40211	0.21860	0.37929
103 G	0.39513	0.23318	0.37169
104 A	0.38042	0.26311	0.35647
105 A	0.37101	0.28622	0.34277
106 A	0.36596	0.29145	0.34259
107 T	0.36515	0.28952	0.34533
108 T	0.34826	0.30368	0.34805
109 A	0.30550	0.34897	0.34553
110 C	0.29356	0.35269	0.35375
111 G	0.28130	0.37790	0.3408
112 A	0.27773	0.38341	0.33885
113 A	0.28463	0.37752	0.33785
114 T	0.29838	0.36214	0.33948
115 A	0.29651	0.37034	0.33315
116 C	0.29632	0.37343	0.33024
117 A	0.30813	0.36260	0.32927
118 A	0.31770	0.35228	0.33001
119 T	0.33141	0.33688	0.33172
120 T	0.33482	0.33380	0.33138
121 C	0.33089	0.34091	0.3282
122 A	0.32558	0.36770	0.30673
123 A	0.30543	0.41015	0.28442
124 A	0.29144	0.43592	0.27264
125 A	0.24682	0.48085	0.27234
126 A	0.22327	0.50204	0.27469
127 A	0.22310	0.48566	0.29124
128 G	0.22259	0.47380	0.30361
129 A	0.21767	0.47215	0.31018
130 A	0.21566	0.47192	0.31242
131 A	0.21815	0.45577	0.32608
132 T	0.22566	0.41191	0.36243
133 A	0.22480	0.40471	0.37049
134 T	0.23470	0.38360	0.38171
135 G	0.23457	0.38128	0.38415
136 A	0.23649	0.37602	0.38749
137 A	0.24057	0.36773	0.39169
138 A	0.24793	0.34958	0.4025
139 T	0.25645	0.33101	0.41253
140 C	0.25833	0.32231	0.41936
141 T	0.26042	0.31821	0.42137
142 C	0.26067	0.31588	0.42346
143 A	0.26192	0.31394	0.42413
144 A	0.26596	0.30696	0.42707
145 A	0.28917	0.28025	0.43059
146 T	0.31393	0.23273	0.45334
147 T	0.32513	0.20589	0.46898
148 T	0.32619	0.14803	0.52578
149 T	0.31926	0.12522	0.55552
150 A	0.30967	0.12626	0.56407
151 G	0.30160	0.12207	0.57634
152 A	0.29764	0.12027	0.58209
153 T	0.30175	0.10886	0.58939
154 T	0.29397	0.11295	0.59308
155 C	0.27539	0.13266	0.59195
156 T	0.25669	0.16708	0.57624
157 A	0.20893	0.26701	0.52406
158 T	0.18723	0.32914	0.48363
159 G	0.15897	0.36686	0.47418
160 G	0.15196	0.38594	0.46209
161 A	0.14893	0.39415	0.45691
162 T	0.14594	0.40364	0.45042
163 C	0.14188	0.41166	0.44645
164 T	0.13869	0.42252	0.43879
165 A	0.13199	0.44492	0.42309
166 G	0.12937	0.45443	0.4162
167 A	0.12877	0.46623	0.405
168 A	0.12818	0.47516	0.39666
169 A	0.12846	0.48161	0.38993
170 G	0.12879	0.48444	0.38677
171 A	0.13001	0.48404	0.38595
172 G	0.13023	0.47850	0.39127
173 A	0.13131	0.47614	0.39255
174 A	0.13123	0.47491	0.39386
175 A	0.13316	0.47070	0.39614
176 A	0.13601	0.46030	0.4037
177 A	0.13969	0.43742	0.42289
178 G	0.14692	0.40527	0.4478
179 G	0.16522	0.36788	0.46689
180 G	0.21362	0.29392	0.49245
181 A	0.25560	0.23808	0.50632
182 T	0.27346	0.20626	0.52027
183 T	0.28677	0.20505	0.50817
184 A	0.29120	0.22420	0.4846
185 C	0.29679	0.21759	0.48562
186 T	0.28556	0.25676	0.45768
187 A	0.26407	0.29451	0.44142
188 T	0.26411	0.30258	0.43331
189 C	0.25958	0.32157	0.41885
190 A	0.25891	0.35116	0.38994
191 A	0.25716	0.36921	0.37362
192 A	0.26199	0.36986	0.36816
193 T	0.27018	0.36468	0.36514
194 T	0.26981	0.36883	0.36136
195 A	0.26269	0.37708	0.36023
196 A	0.25902	0.37973	0.36125
197 A	0.25740	0.38023	0.36237
198 T	0.25502	0.38074	0.36424
199 A	0.23232	0.40222	0.36546
200 C	0.21720	0.41495	0.36785
201 A	0.20238	0.42941	0.36822
202 G	0.19235	0.43925	0.36841
203 C	0.19139	0.44009	0.36852
204 A	0.18391	0.44848	0.36761
205 G	0.18585	0.44743	0.36673
206 A	0.20408	0.42892	0.367
207 A	0.22897	0.40232	0.36871
208 A	0.23656	0.39143	0.37201
209 T	0.28398	0.31977	0.39624
210 T	0.30161	0.27313	0.42526
211 C	0.31018	0.24852	0.4413
212 A	0.31542	0.24059	0.44399
213 T	0.33341	0.22283	0.44375
214 T	0.33029	0.23454	0.43517
215 A	0.27569	0.30194	0.42238
216 T	0.25088	0.33088	0.41824
217 A	0.18597	0.40186	0.41217
218 A	0.14888	0.44297	0.40815
219 A	0.11250	0.48331	0.40419
220 A	0.09168	0.49984	0.40848
221 A	0.07797	0.50613	0.41591
222 T	0.07005	0.49339	0.43656
223 A	0.05828	0.49519	0.44652
224 A	0.05280	0.49093	0.45627
225 A	0.04772	0.49008	0.4622
226 A	0.04408	0.49163	0.46429
227 A	0.04355	0.48213	0.47432
228 T	0.04377	0.47433	0.48191
229 A	0.04262	0.47341	0.48398
230 A	0.04181	0.47188	0.4863
231 T	0.04145	0.46913	0.48942
232 G	0.04031	0.46851	0.49118
233 A	0.03979	0.46630	0.49391
234 A	0.04067	0.45969	0.49964
235 G	0.04478	0.44593	0.50928
236 A	0.05269	0.43118	0.51613
237 A	0.06817	0.39881	0.53302
238 T	0.08615	0.31960	0.59425
239 A	0.09273	0.28447	0.6228
240 T	0.10628	0.21277	0.68095
241 A	0.11625	0.17267	0.71108
242 T	0.12774	0.12814	0.74412
243 T	0.13132	0.10575	0.76292
244 A	0.13341	0.09494	0.77165
245 T	0.13677	0.08715	0.77607
246 G	0.14011	0.08227	0.77762
247 A	0.14343	0.10242	0.75414
248 A	0.14872	0.09997	0.75131
249 T	0.15891	0.09695	0.74413
250 T	0.16209	0.10025	0.73766
251 T	0.16158	0.10831	0.73011
252 A	0.15745	0.12677	0.71578
253 A	0.15427	0.14048	0.70525
254 T	0.15357	0.14642	0.70001
255 T	0.15124	0.15139	0.69738
256 G	0.14646	0.15631	0.69724
257 A	0.14231	0.16062	0.69706
258 T	0.13996	0.16275	0.69729
259 A	0.13532	0.16730	0.69738
260 C	0.13319	0.16931	0.6975
261 A	0.13210	0.17038	0.69752
262 C	0.13202	0.17037	0.69761
263 C	0.13259	0.16979	0.69762
264 T	0.13534	0.16703	0.69763
265 G	0.13544	0.16695	0.69762
266 G	0.13673	0.16559	0.69768
267 A	0.14029	0.16196	0.69775
268 C	0.14525	0.15667	0.69807
269 A	0.15440	0.14671	0.69889
270 T	0.18665	0.11374	0.69962
271 A	0.19563	0.10415	0.70022
272 T	0.20984	0.08899	0.70117
273 T	0.21706	0.08108	0.70186
274 G	0.22321	0.07204	0.70475
275 A	0.23424	0.05649	0.70927
276 T	0.24636	0.03934	0.7143
277 T	0.25086	0.03226	0.71688
278 T	0.25322	0.02710	0.71968
279 T	0.25366	0.02302	0.72332
280 A	0.25339	0.02022	0.7264
281 A	0.25295	0.01815	0.7289
282 T	0.25155	0.01505	0.7334
283 T	0.25087	0.01378	0.73534
284 A	0.24960	0.01413	0.73627
285 T	0.24884	0.01420	0.73696
286 G	0.24823	0.01479	0.73698
287 A	0.24775	0.01521	0.73704
288 A	0.24734	0.01524	0.73742
289 G	0.24721	0.01497	0.73781
290 T	0.24718	0.01481	0.73802
291 A	0.24688	0.01498	0.73814
292 T	0.24667	0.01506	0.73827
293 C	0.24609	0.01555	0.73836
294 A	0.24580	0.01582	0.73839
295 C	0.24567	0.01589	0.73843
296 G	0.24569	0.01586	0.73845
297 C	0.24622	0.01532	0.73845
298 T	0.24700	0.01456	0.73843
299 C	0.24737	0.01420	0.73842
300 T	0.24795	0.01368	0.73837
301 T	0.24849	0.01310	0.73842
302 T	0.24874	0.01279	0.73847
303 A	0.24891	0.01216	0.73893
304 G	0.24909	0.01134	0.73957
305 C	0.24929	0.00894	0.74176
306 T	0.24982	0.00762	0.74256
307 G	0.25010	0.00625	0.74365
308 C	0.25039	0.00540	0.74421
309 T	0.25066	0.00494	0.7444
310 T	0.25055	0.00492	0.74453
311 G	0.25031	0.00478	0.74491
312 T	0.25011	0.00486	0.74503
313 G	0.24966	0.00528	0.74505
314 A	0.24950	0.00519	0.74531
315 A	0.24937	0.00494	0.74569
316 G	0.24935	0.00439	0.74626
317 G	0.24936	0.00396	0.74668
318 A	0.24938	0.00371	0.74692
319 G	0.24940	0.00344	0.74716
320 T	0.24945	0.00326	0.74728
321 C	0.24948	0.00314	0.74737
322 C	0.24951	0.00311	0.74738
323 T	0.24956	0.00314	0.7473
324 T	0.24953	0.00335	0.74712
325 T	0.24949	0.00366	0.74686
326 T	0.24926	0.00431	0.74642
327 G	0.24841	0.00572	0.74587
328 G	0.24794	0.00650	0.74556
329 T	0.24759	0.00743	0.74498
330 A	0.24713	0.00854	0.74433
331 A	0.24683	0.00931	0.74386
332 T	0.24666	0.00946	0.74388
333 T	0.24623	0.01009	0.74368
334 G	0.24586	0.01029	0.74385
335 A	0.24555	0.01046	0.74399
336 C	0.24552	0.01018	0.74431
337 G	0.24553	0.01011	0.74437
338 C	0.24547	0.01015	0.74438
339 T	0.24505	0.01061	0.74434
340 A	0.24459	0.01116	0.74425
341 C	0.24358	0.01220	0.74422
342 G	0.24255	0.01332	0.74412
343 C	0.24198	0.01398	0.74404
344 A	0.24147	0.01476	0.74377
345 A	0.23956	0.01692	0.74351
346 G	0.23924	0.01743	0.74333
347 G	0.23901	0.01818	0.74281
348 G	0.23876	0.01860	0.74264
349 A	0.23866	0.01902	0.74232
350 T	0.23903	0.01803	0.74294
351 A	0.23708	0.02007	0.74285
352 C	0.23621	0.02054	0.74326
353 A	0.23565	0.02104	0.7433
354 A	0.23552	0.02091	0.74358
355 G	0.23511	0.02105	0.74384
356 C	0.23524	0.02054	0.74423
357 T	0.23496	0.02067	0.74437
358 C	0.23417	0.02113	0.74469
359 A	0.23334	0.02194	0.74472
360 A	0.23301	0.02222	0.74477
361 A	0.23301	0.02214	0.74486
362 C	0.23306	0.02137	0.74557
363 T	0.23321	0.02091	0.74588
364 T	0.23325	0.01977	0.74698
365 T	0.23320	0.01893	0.74788
366 G	0.23228	0.01936	0.74836
367 A	0.23142	0.01990	0.74867
368 C	0.23101	0.01822	0.75077
369 A	0.23045	0.01860	0.75095
370 A	0.23042	0.01833	0.75125
371 A	0.23053	0.01774	0.75173
372 T	0.23105	0.01655	0.7524
373 G	0.23079	0.01662	0.75258
374 T	0.23116	0.01386	0.75498
375 T	0.23103	0.01260	0.75637
376 T	0.23087	0.01187	0.75726
377 A	0.23024	0.01239	0.75737
378 T	0.22973	0.01250	0.75776
379 T	0.22914	0.01267	0.75819
380 T	0.22797	0.01359	0.75844
381 A	0.22574	0.01568	0.75858
382 G	0.22459	0.01643	0.75899
383 C	0.22397	0.01700	0.75903
384 T	0.21814	0.02373	0.75813
385 T	0.21126	0.03126	0.75749
386 T	0.20211	0.04093	0.75696
387 A	0.19232	0.05150	0.75618
388 G	0.18802	0.05698	0.755
389 A	0.18628	0.05851	0.75521
390 A	0.18572	0.05872	0.75556
391 A	0.18554	0.05852	0.75593
392 A	0.18560	0.05790	0.75651
393 T	0.18554	0.05741	0.75705
394 A	0.18520	0.05754	0.75725
395 A	0.18500	0.05754	0.75746
396 T	0.18513	0.05686	0.75802
397 T	0.18501	0.05662	0.75837
398 T	0.18455	0.05668	0.75878
399 G	0.18255	0.05825	0.75919
400 A	0.18135	0.05895	0.7597
401 C	0.18067	0.05905	0.76028
402 A	0.18020	0.05961	0.76019
403 A	0.18026	0.05898	0.76076
404 T	0.18106	0.05643	0.76251
405 T	0.18147	0.05471	0.76382
406 A	0.18153	0.05378	0.76469
407 T	0.18252	0.04051	0.77697
408 T	0.18296	0.03049	0.78655
409 C	0.18314	0.02101	0.79585
410 C	0.18350	0.01635	0.80014
411 T	0.18463	0.01430	0.80107
412 G	0.18513	0.01357	0.8013
413 T	0.18569	0.01352	0.80078
414 T	0.18585	0.01452	0.79963
415 T	0.18581	0.01547	0.79872
416 T	0.18551	0.01903	0.79546
417 A	0.18339	0.02790	0.78871
418 A	0.18284	0.03443	0.78273
419 A	0.18251	0.03981	0.77768
420 T	0.18185	0.04381	0.77434
421 A	0.18031	0.05725	0.76244
422 A	0.17971	0.06008	0.7602
423 A	0.17596	0.06567	0.75837
424 G	0.17446	0.06723	0.75831
425 T	0.17455	0.06724	0.75821
426 T	0.17451	0.06821	0.75728
427 G	0.17396	0.07002	0.75603
428 A	0.17347	0.07202	0.75452
429 T	0.17309	0.07237	0.75454
430 T	0.17214	0.07327	0.75458
431 T	0.16992	0.07553	0.75455
432 A	0.16396	0.08157	0.75447
433 C	0.16221	0.08312	0.75467
434 C	0.16032	0.08501	0.75468
435 A	0.15726	0.08821	0.75453
436 G	0.15633	0.08911	0.75457
437 C	0.15673	0.08867	0.75459
438 A	0.14939	0.09610	0.7545
439 G	0.14450	0.10082	0.75469
440 C	0.14584	0.09746	0.7567
441 A	0.14801	0.09543	0.75656
442 G	0.15175	0.09194	0.75631
443 A	0.15520	0.08898	0.75583
444 T	0.16557	0.07820	0.75623
445 A	0.16405	0.07993	0.75602
446 T	0.16373	0.07614	0.76013
447 T	0.15705	0.08161	0.76134
448 G	0.13608	0.10321	0.76071
449 A	0.11880	0.12314	0.75806
450 A	0.10303	0.14202	0.75495
451 A	0.09243	0.15292	0.75466
452 A	0.07980	0.16541	0.75479
453 A	0.06699	0.17755	0.75546
454 A	0.05532	0.18744	0.75724
455 C	0.04336	0.19503	0.76161
456 A	0.03205	0.20717	0.76078
457 A	0.02668	0.21268	0.76064
458 A	0.02265	0.21694	0.76041
459 A	0.01860	0.22105	0.76036
460 A	0.01491	0.22444	0.76064
461 A	0.01248	0.21816	0.76935
462 A	0.01100	0.21120	0.7778
463 G	0.01052	0.20571	0.78377
464 A	0.01068	0.20219	0.78713
465 A	0.01106	0.19889	0.79004
466 A	0.01203	0.19442	0.79355
467 T	0.01322	0.18773	0.79905
468 T	0.01352	0.18042	0.80606
469 G	0.01305	0.17630	0.81065
470 A	0.01281	0.17033	0.81686
471 A	0.01298	0.15380	0.83322
472 G	0.01448	0.13680	0.84872
473 A	0.01714	0.12145	0.86141
474 A	0.01769	0.11135	0.87097
475 A	0.01826	0.10127	0.88047
476 A	0.01861	0.09082	0.89058
477 A	0.01895	0.08052	0.90052
478 T	0.02006	0.06682	0.91313
479 T	0.02010	0.05781	0.92209
480 A	0.01981	0.05675	0.92344
481 A	0.02051	0.05356	0.92593
482 A	0.02119	0.04932	0.92949
483 T	0.02155	0.04520	0.93325
484 T	0.02068	0.04382	0.93551
485 T	0.01937	0.04396	0.93668
486 A	0.01759	0.04578	0.93663
487 G	0.01732	0.04547	0.93721
488 A	0.01737	0.04510	0.93754
489 T	0.01776	0.04420	0.93804
490 A	0.01775	0.04422	0.93803
491 C	0.01850	0.04269	0.93882
492 T	0.01902	0.04229	0.93869
493 G	0.01859	0.04308	0.93833
494 A	0.01869	0.04302	0.93829
495 T	0.01918	0.04242	0.9384
496 A	0.01902	0.04271	0.93827
497 A	0.01902	0.04206	0.93892
498 A	0.02055	0.03993	0.93952
499 A	0.02345	0.03589	0.94067
500 T	0.02622	0.03188	0.9419
501 G	0.02689	0.03021	0.9429
502 G	0.02881	0.02720	0.94399
503 T	0.03205	0.02325	0.9447
504 T	0.03362	0.02145	0.94493
505 A	0.03392	0.02070	0.94538
506 T	0.03438	0.01941	0.94622
507 T	0.03455	0.01793	0.94753
508 G	0.03357	0.01767	0.94876
509 C	0.03305	0.01687	0.95008
510 A	0.03037	0.01982	0.94981
511 A	0.02879	0.02142	0.94979
512 G	0.02829	0.02177	0.94995
513 T	0.02884	0.02097	0.95019
514 G	0.02858	0.02121	0.95021
515 G	0.02876	0.02053	0.95071
516 T	0.02939	0.01971	0.9509
517 A	0.02932	0.01958	0.9511
518 A	0.02882	0.01989	0.95128
519 A	0.02608	0.02216	0.95176
520 A	0.02468	0.02273	0.9526
521 C	0.02372	0.02235	0.95393
522 A	0.02252	0.02335	0.95413
523 G	0.02192	0.02375	0.95433
524 G	0.02156	0.02379	0.95465
525 C	0.02144	0.02375	0.95482
526 G	0.02111	0.02405	0.95484
527 C	0.02120	0.02375	0.95506
528 A	0.02098	0.02392	0.9551
529 G	0.02092	0.02393	0.95515
530 G	0.02102	0.02371	0.95527
531 T	0.02126	0.02227	0.95646
532 G	0.02125	0.02141	0.95733
533 T	0.02166	0.01804	0.9603
534 T	0.02163	0.01625	0.96212
535 C	0.02119	0.01584	0.96296
536 C	0.02087	0.01600	0.96313
537 A	0.02045	0.01647	0.96308
538 G	0.02041	0.01653	0.96305
539 A	0.02083	0.01625	0.96292
540 A	0.02109	0.01600	0.96292
541 A	0.02132	0.01522	0.96347
542 T	0.02156	0.01143	0.96702
543 T	0.02157	0.00960	0.96883
544 T	0.02143	0.00858	0.97
545 T	0.02121	0.00776	0.97102
546 A	0.02104	0.00751	0.97145
547 G	0.02097	0.00721	0.97182
548 A	0.02094	0.00704	0.97201
549 T	0.02095	0.00657	0.97248
550 A	0.02093	0.00657	0.97249
551 A	0.02096	0.00640	0.97265
552 T	0.02103	0.00616	0.9728
553 A	0.02106	0.00608	0.97286
554 T	0.02105	0.00586	0.97309
555 T	0.02103	0.00565	0.97333
556 G	0.02096	0.00571	0.97333
557 T	0.02076	0.00586	0.97338
558 G	0.01917	0.00738	0.97345
559 A	0.01817	0.00887	0.97296
560 A	0.01776	0.00967	0.97257
561 A	0.01757	0.01056	0.97187
562 T	0.01753	0.01095	0.97151
563 A	0.01751	0.01147	0.97102
564 T	0.01758	0.01136	0.97106
565 A	0.01759	0.01128	0.97113
566 T	0.01774	0.01099	0.97128
567 T	0.01778	0.01078	0.97144
568 C	0.01782	0.01055	0.97163
569 C	0.01789	0.01042	0.9717
570 A	0.01785	0.01045	0.9717
571 C	0.01785	0.01044	0.97171
572 A	0.01721	0.01107	0.97171
573 T	0.01734	0.01094	0.97172
574 C	0.01736	0.01091	0.97173
575 C	0.01726	0.01102	0.97172
576 T	0.01722	0.01110	0.97167
577 A	0.01697	0.01137	0.97166
578 A	0.01656	0.01178	0.97166
579 A	0.01617	0.01215	0.97168
580 G	0.01582	0.01231	0.97187
581 G	0.01561	0.01083	0.97356
582 A	0.01595	0.00959	0.97446
583 G	0.01665	0.00829	0.97506
584 A	0.01740	0.00720	0.9754
585 C	0.01785	0.00645	0.9757
586 G	0.01820	0.00603	0.97577
587 C	0.01816	0.00603	0.97581
588 T	0.01752	0.00668	0.9758
589 C	0.01645	0.00777	0.97579
590 G	0.01531	0.00906	0.97563
591 A	0.01468	0.00968	0.97564
592 A	0.01427	0.01006	0.97567
593 A	0.01405	0.01010	0.97584
594 A	0.01395	0.01002	0.97602
595 C	0.01391	0.00897	0.97711
596 C	0.01388	0.00881	0.97731
597 A	0.01386	0.00873	0.97741
598 T	0.01389	0.00860	0.97751
599 T	0.01392	0.00849	0.9776
600 A	0.01391	0.00839	0.9777
601 C	0.01392	0.00789	0.9782
602 A	0.01393	0.00726	0.97881
603 A	0.01396	0.00663	0.97941
604 G	0.01399	0.00607	0.97994
605 C	0.01409	0.00562	0.98029
606 T	0.01412	0.00553	0.98036
607 T	0.01415	0.00532	0.98053
608 T	0.01416	0.00519	0.98065
609 A	0.01416	0.00507	0.98076
610 A	0.01418	0.00489	0.98093
611 T	0.01422	0.00383	0.98194
612 T	0.01425	0.00262	0.98314
613 T	0.01435	0.00144	0.98421
614 T	0.01436	0.00092	0.98472
615 T	0.01427	0.00068	0.98505
616 G	0.01403	0.00076	0.98521
617 A	0.01391	0.00081	0.98528
618 T	0.01386	0.00079	0.98535
619 T	0.01381	0.00080	0.98539
620 C	0.01371	0.00089	0.9854
621 T	0.01366	0.00111	0.98523
622 A	0.01361	0.00129	0.9851
623 T	0.01358	0.00140	0.98502
624 T	0.01351	0.00163	0.98486
625 T	0.01340	0.00197	0.98463
626 T	0.01329	0.00210	0.98461
627 T	0.01317	0.00226	0.98456
628 A	0.01303	0.00240	0.98456
629 A	0.01299	0.00245	0.98456
630 C	0.01298	0.00245	0.98457
631 T	0.01297	0.00245	0.98457
632 C	0.01296	0.00246	0.98457
633 T	0.01290	0.00254	0.98455
634 T	0.01279	0.00267	0.98454
635 A	0.01257	0.00290	0.98453
636 T	0.01239	0.00308	0.98454
637 A	0.01212	0.00336	0.98453
638 A	0.01196	0.00341	0.98463
639 A	0.01184	0.00328	0.98488
640 G	0.01179	0.00319	0.98501
641 G	0.01169	0.00324	0.98507
642 A	0.01167	0.00322	0.98512
643 G	0.01171	0.00309	0.9852
644 T	0.01190	0.00285	0.98525
645 A	0.01200	0.00270	0.98529
646 A	0.01209	0.00256	0.98536
647 T	0.01227	0.00223	0.9855
648 T	0.01244	0.00189	0.98567
649 C	0.01246	0.00176	0.98578
650 C	0.01248	0.00168	0.98584
651 T	0.01248	0.00165	0.98588
652 T	0.01246	0.00165	0.98588
653 C	0.01244	0.00167	0.9859
654 T	0.01241	0.00169	0.9859
655 A	0.01236	0.00173	0.98591
656 T	0.01235	0.00163	0.98602
657 T	0.01230	0.00153	0.98617
658 C	0.01221	0.00139	0.9864
659 G	0.01213	0.00127	0.9866
660 T	0.01207	0.00110	0.98682
661 G	0.01193	0.00113	0.98694
662 T	0.01184	0.00113	0.98703
663 T	0.01169	0.00125	0.98706
664 G	0.01143	0.00144	0.98713
665 T	0.01132	0.00160	0.98708
666 T	0.01111	0.00193	0.98696
667 A	0.01063	0.00259	0.98678
668 A	0.01038	0.00291	0.98672
669 T	0.01016	0.00321	0.98663
670 G	0.00961	0.00393	0.98646
671 G	0.00928	0.00455	0.98617
672 A	0.00886	0.00558	0.98556
673 A	0.00871	0.00614	0.98515
674 T	0.00868	0.00645	0.98487
675 T	0.00863	0.00678	0.9846
676 A	0.00855	0.00720	0.98424
677 T	0.00852	0.00738	0.9841
678 T	0.00847	0.00760	0.98394
679 A	0.00832	0.00792	0.98377
680 A	0.00804	0.00821	0.98375
681 A	0.00757	0.00863	0.9838
682 A	0.00722	0.00891	0.98387
683 A	0.00698	0.00906	0.98396
684 A	0.00683	0.00901	0.98415
685 G	0.00680	0.00888	0.98433
686 G	0.00680	0.00866	0.98453
687 A	0.00685	0.00839	0.98476
688 G	0.00696	0.00814	0.98489
689 A	0.00711	0.00782	0.98507
690 T	0.00731	0.00722	0.98547
691 A	0.00738	0.00695	0.98566
692 A	0.00749	0.00662	0.98589
693 A	0.00768	0.00595	0.98637
694 A	0.00799	0.00529	0.98672
695 T	0.00866	0.00416	0.98718
696 C	0.00912	0.00350	0.98738
697 C	0.00947	0.00310	0.98743
698 G	0.00978	0.00278	0.98744
699 T	0.01015	0.00238	0.98746
700 T	0.01031	0.00221	0.98747
701 T	0.01047	0.00204	0.98749
702 T	0.01056	0.00182	0.98762
703 A	0.01057	0.00149	0.98794
704 T	0.01057	0.00095	0.98847
705 T	0.01052	0.00066	0.98882
706 T	0.01018	0.00079	0.98902
707 C	0.00938	0.00150	0.98912
708 G	0.00857	0.00230	0.98912
709 A	0.00797	0.00291	0.98912
710 G	0.00757	0.00331	0.98912
711 T	0.00735	0.00353	0.98911
712 C	0.00702	0.00387	0.98911
713 A	0.00674	0.00418	0.98907
714 A	0.00663	0.00434	0.98903
715 G	0.00656	0.00442	0.98902
716 C	0.00653	0.00447	0.989
717 T	0.00652	0.00460	0.98888
718 T	0.00649	0.00487	0.98864
719 A	0.00644	0.00495	0.98861
720 T	0.00642	0.00499	0.98859
721 T	0.00637	0.00505	0.98858
722 A	0.00632	0.00510	0.98858
723 C	0.00628	0.00512	0.9886
724 G	0.00627	0.00513	0.9886
725 A	0.00626	0.00513	0.98861
726 A	0.00626	0.00510	0.98864
727 G	0.00626	0.00505	0.98868
728 T	0.00628	0.00498	0.98874
729 A	0.00628	0.00459	0.98913
730 A	0.00630	0.00376	0.98993
731 T	0.00631	0.00289	0.9908
732 G	0.00632	0.00228	0.99141
733 G	0.00632	0.00190	0.99178
734 A	0.00633	0.00171	0.99196
735 A	0.00634	0.00143	0.99223
736 G	0.00639	0.00114	0.99247
737 T	0.00647	0.00094	0.99258
738 A	0.00649	0.00088	0.99263
739 G	0.00652	0.00082	0.99266
740 G	0.00663	0.00069	0.99269
741 T	0.00684	0.00045	0.9927
742 G	0.00687	0.00041	0.99272
743 T	0.00691	0.00043	0.99267
744 T	0.00692	0.00045	0.99263
745 T	0.00691	0.00054	0.99255
746 T	0.00674	0.00082	0.99244
747 T	0.00645	0.00114	0.99242
748 C	0.00591	0.00168	0.99241
749 G	0.00537	0.00224	0.99239
750 T	0.00509	0.00252	0.99239
751 C	0.00432	0.00329	0.99239
752 C	0.00369	0.00392	0.99238
753 A	0.00311	0.00450	0.99238
754 C	0.00289	0.00472	0.99238
755 A	0.00267	0.00495	0.99238
756 A	0.00256	0.00506	0.99238
757 C	0.00255	0.00507	0.99238
758 C	0.00254	0.00507	0.99238
759 A	0.00254	0.00508	0.99238
760 A	0.00255	0.00506	0.99238
761 T	0.00257	0.00504	0.99238
762 C	0.00256	0.00505	0.99238
763 C	0.00256	0.00506	0.99238
764 A	0.00255	0.00507	0.99238
765 A	0.00250	0.00512	0.99238
766 A	0.00250	0.00514	0.99236
767 A	0.00252	0.00512	0.99236
768 A	0.00262	0.00499	0.99239
769 G	0.00274	0.00450	0.99276
770 A	0.00277	0.00408	0.99315
771 T	0.00280	0.00332	0.99388
772 T	0.00281	0.00268	0.99451
773 T	0.00281	0.00234	0.99484
774 T	0.00280	0.00182	0.99537
775 T	0.00278	0.00139	0.99583
776 T	0.00275	0.00101	0.99623
777 A	0.00269	0.00091	0.9964
778 G	0.00265	0.00075	0.9966
779 C	0.00262	0.00067	0.99671
780 A	0.00257	0.00071	0.99671
781 G	0.00256	0.00072	0.99672
782 C	0.00255	0.00071	0.99674
783 A	0.00254	0.00073	0.99673
784 G	0.00254	0.00074	0.99672
785 G	0.00254	0.00072	0.99673
786 A	0.00254	0.00071	0.99674
787 G	0.00255	0.00068	0.99678
788 A	0.00256	0.00058	0.99686
789 T	0.00257	0.00049	0.99695
790 G	0.00257	0.00044	0.99699
791 T	0.00258	0.00042	0.997
792 T	0.00258	0.00041	0.99701
793 G	0.00258	0.00041	0.99702
794 G	0.00258	0.00041	0.99701
795 T	0.00259	0.00041	0.997
796 T	0.00259	0.00042	0.99699
797 A	0.00258	0.00044	0.99698
798 T	0.00257	0.00044	0.99699
799 T	0.00254	0.00044	0.99701
800 T	0.00251	0.00042	0.99707
801 A	0.00243	0.00048	0.99709
802 A	0.00239	0.00049	0.99712
803 C	0.00239	0.00045	0.99716
804 T	0.00238	0.00044	0.99717
805 G	0.00237	0.00045	0.99717
806 C	0.00238	0.00044	0.99718
807 T	0.00239	0.00044	0.99716
808 T	0.00238	0.00046	0.99716
809 T	0.00236	0.00049	0.99715
810 T	0.00234	0.00051	0.99715
811 A	0.00230	0.00056	0.99715
812 T	0.00227	0.00058	0.99714
813 A	0.00224	0.00062	0.99714
814 A	0.00222	0.00065	0.99714
815 A	0.00219	0.00068	0.99714
816 A	0.00217	0.00069	0.99713
817 A	0.00217	0.00069	0.99713
818 A	0.00218	0.00068	0.99714
819 T	0.00221	0.00063	0.99715
820 A	0.00222	0.00061	0.99717
821 T	0.00223	0.00056	0.9972
822 T	0.00223	0.00054	0.99723
823 G	0.00222	0.00052	0.99727
824 A	0.00221	0.00047	0.99731
825 C	0.00221	0.00044	0.99735
826 G	0.00220	0.00045	0.99735
827 A	0.00221	0.00044	0.99735
828 T	0.00221	0.00043	0.99736
829 G	0.00221	0.00042	0.99736
830 T	0.00222	0.00041	0.99737
831 T	0.00222	0.00037	0.99741
832 C	0.00222	0.00032	0.99746
833 G	0.00222	0.00030	0.99747
834 T	0.00222	0.00028	0.99749
835 G	0.00221	0.00029	0.9975
836 T	0.00220	0.00029	0.9975
837 A	0.00219	0.00031	0.99751
838 G	0.00218	0.00031	0.99752
839 G	0.00217	0.00029	0.99753
840 A	0.00217	0.00030	0.99754
841 G	0.00217	0.00029	0.99753
842 A	0.00217	0.00029	0.99754
843 T	0.00218	0.00027	0.99754
844 A	0.00218	0.00027	0.99755
845 C	0.00218	0.00026	0.99756
846 A	0.00218	0.00026	0.99756
847 A	0.00218	0.00025	0.99756
848 T	0.00219	0.00025	0.99757
849 T	0.00219	0.00024	0.99757
850 A	0.00219	0.00024	0.99757
851 C	0.00219	0.00024	0.99758
852 T	0.00219	0.00024	0.99756
853 T	0.00219	0.00025	0.99756
854 T	0.00219	0.00025	0.99756
855 A	0.00219	0.00025	0.99756
856 A	0.00219	0.00025	0.99756
857 G	0.00219	0.00023	0.99758
858 T	0.00221	0.00020	0.9976
859 C	0.00221	0.00018	0.99761
860 A	0.00223	0.00015	0.99761
861 T	0.00225	0.00013	0.99762
862 A	0.00225	0.00012	0.99762
863 A	0.00227	0.00011	0.99763
864 T	0.00227	0.00010	0.99763
865 C	0.00227	0.00009	0.99764
866 A	0.00227	0.00009	0.99764
867 T	0.00228	0.00008	0.99764
868 C	0.00227	0.00008	0.99764
869 A	0.00227	0.00008	0.99764
870 A	0.00227	0.00008	0.99764
871 G	0.00228	0.00008	0.99764
872 T	0.00228	0.00007	0.99765
873 G	0.00228	0.00007	0.99765
874 C	0.00229	0.00006	0.99766
875 C	0.00229	0.00005	0.99766
876 T	0.00230	0.00004	0.99766
877 G	0.00230	0.00004	0.99766
878 C	0.00230	0.00003	0.99766
879 T	0.00231	0.00003	0.99766
880 T	0.00231	0.00003	0.99766
881 T	0.00231	0.00003	0.99766
882 G	0.00230	0.00003	0.99767
883 C	0.00231	0.00002	0.99767
884 C	0.00231	0.00002	0.99767
885 T	0.00231	0.00003	0.99767
886 G	0.00231	0.00003	0.99766
887 G	0.00231	0.00003	0.99766
888 T	0.00230	0.00003	0.99766
889 T	0.00230	0.00004	0.99766
890 A	0.00230	0.00004	0.99766
891 T	0.00230	0.00003	0.99767
892 C	0.00230	0.00003	0.99767
893 G	0.00229	0.00003	0.99767
894 T	0.00229	0.00003	0.99767
895 C	0.00229	0.00003	0.99767
896 G	0.00229	0.00003	0.99767
897 T	0.00229	0.00004	0.99767
898 A	0.00229	0.00004	0.99767
899 T	0.00229	0.00004	0.99767
900 T	0.00229	0.00004	0.99767
901 A	0.00229	0.00004	0.99767
902 A	0.00229	0.00004	0.99767
903 T	0.00229	0.00004	0.99767
904 C	0.00229	0.00004	0.99767
905 C	0.00229	0.00004	0.99767
906 A	0.00229	0.00004	0.99767
907 G	0.00229	0.00003	0.99767
908 T	0.00229	0.00003	0.99768
909 T	0.00230	0.00003	0.99768
910 G	0.00230	0.00003	0.99768
911 T	0.00230	0.00002	0.99768
912 T	0.00230	0.00002	0.99768
913 T	0.00230	0.00002	0.99768
914 T	0.00230	0.00002	0.99768
915 T	0.00230	0.00002	0.99768
916 T	0.00229	0.00002	0.99768
917 G	0.00229	0.00003	0.99768
918 T	0.00229	0.00003	0.99768
919 G	0.00228	0.00003	0.99768
920 G	0.00227	0.00004	0.99768
921 T	0.00227	0.00005	0.99768
922 C	0.00226	0.00006	0.99767
923 T	0.00225	0.00011	0.99764
924 A	0.00225	0.00012	0.99763
925 T	0.00224	0.00012	0.99763
926 T	0.00224	0.00013	0.99763
927 T	0.00223	0.00013	0.99763
928 C	0.00222	0.00015	0.99763
929 C	0.00222	0.00015	0.99763
930 T	0.00221	0.00017	0.99762
931 G	0.00220	0.00020	0.9976
932 T	0.00219	0.00022	0.99759
933 T	0.00218	0.00024	0.99758
934 G	0.00218	0.00026	0.99757
935 A	0.00215	0.00029	0.99756
936 T	0.00213	0.00032	0.99755
937 T	0.00212	0.00035	0.99753
938 T	0.00209	0.00040	0.99751
939 A	0.00202	0.00054	0.99745
940 A	0.00197	0.00068	0.99736
941 A	0.00192	0.00081	0.99726
942 A	0.00184	0.00099	0.99717
943 A	0.00183	0.00109	0.99708
944 A	0.00182	0.00113	0.99705
945 A	0.00183	0.00113	0.99703
946 T	0.00186	0.00110	0.99704
947 T	0.00186	0.00110	0.99704
948 T	0.00186	0.00110	0.99704
949 G	0.00185	0.00111	0.99704
950 G	0.00184	0.00113	0.99703
951 A	0.00184	0.00115	0.99701
952 C	0.00184	0.00118	0.99698
953 A	0.00184	0.00137	0.99679
954 T	0.00186	0.00142	0.99672
955 T	0.00186	0.00143	0.99671
956 T	0.00183	0.00148	0.99669
957 A	0.00173	0.00160	0.99667
958 A	0.00166	0.00167	0.99668
959 C	0.00161	0.00171	0.99668
960 A	0.00157	0.00187	0.99656
961 G	0.00156	0.00187	0.99657
962 A	0.00160	0.00181	0.99659
963 A	0.00167	0.00173	0.9966
964 G	0.00175	0.00164	0.99661
965 C	0.00185	0.00150	0.99665
966 T	0.00195	0.00145	0.9966
967 T	0.00198	0.00155	0.99648
968 T	0.00198	0.00179	0.99624
969 A	0.00196	0.00202	0.99602
970 C	0.00194	0.00226	0.9958
971 A	0.00193	0.00272	0.99535
972 A	0.00193	0.00290	0.99516
973 A	0.00195	0.00303	0.99502
974 A	0.00199	0.00305	0.99495
975 A	0.00203	0.00304	0.99493
976 T	0.00222	0.00283	0.99495
977 T	0.00228	0.00278	0.99494
978 A	0.00223	0.00285	0.99492
979 A	0.00223	0.00285	0.99492
980 A	0.00224	0.00276	0.99499
981 A	0.00226	0.00269	0.99505
982 T	0.00230	0.00260	0.9951
983 T	0.00240	0.00244	0.99515
984 A	0.00240	0.00242	0.99518
985 A	0.00242	0.00238	0.9952
986 A	0.00244	0.00234	0.99521
987 C	0.00247	0.00229	0.99524
988 G	0.00251	0.00224	0.99524
989 A	0.00261	0.00214	0.99525
990 C	0.00281	0.00193	0.99526
991 T	0.00319	0.00154	0.99527
992 C	0.00346	0.00127	0.99528
993 T	0.00376	0.00096	0.99528
994 T	0.00404	0.00069	0.99528
995 C	0.00409	0.00063	0.99527
996 T	0.00415	0.00059	0.99525
997 T	0.00416	0.00060	0.99523
998 T	0.00415	0.00064	0.99521
999 A	0.00408	0.00074	0.99518
1000 A	0.00402	0.00083	0.99515
1001 G	0.00398	0.00082	0.9952
1002 T	0.00370	0.00110	0.9952
1003 T	0.00327	0.00153	0.9952
1004 A	0.00270	0.00211	0.99519
1005 C	0.00229	0.00252	0.9952
1006 G	0.00197	0.00287	0.99517
1007 A	0.00176	0.00312	0.99513
1008 A	0.00163	0.00328	0.99509
1009 A	0.00156	0.00340	0.99504
1010 A	0.00151	0.00348	0.99502
1011 A	0.00148	0.00352	0.99501
1012 G	0.00146	0.00353	0.99501
1013 A	0.00145	0.00354	0.995
1014 A	0.00146	0.00355	0.99499
1015 A	0.00146	0.00353	0.995
1016 G	0.00148	0.00350	0.99502
1017 T	0.00150	0.00345	0.99505
1018 T	0.00152	0.00339	0.99509
1019 C	0.00153	0.00334	0.99512
1020 A	0.00154	0.00332	0.99513
1021 A	0.00156	0.00329	0.99516
1022 A	0.00158	0.00322	0.99521
1023 A	0.00161	0.00312	0.99527
1024 A	0.00163	0.00302	0.99535
1025 T	0.00167	0.00246	0.99587
1026 G	0.00170	0.00193	0.99637
1027 T	0.00173	0.00136	0.99691
1028 T	0.00174	0.00102	0.99723
1029 A	0.00175	0.00079	0.99746
1030 G	0.00178	0.00060	0.99762
1031 G	0.00182	0.00045	0.99772
1032 T	0.00187	0.00034	0.99779
1033 G	0.00190	0.00027	0.99783
1034 T	0.00193	0.00021	0.99786
1035 C	0.00194	0.00019	0.99787
1036 G	0.00195	0.00021	0.99783
1037 G	0.00196	0.00025	0.99779
1038 T	0.00197	0.00031	0.99771
1039 T	0.00197	0.00039	0.99764
1040 T	0.00197	0.00044	0.99759
1041 T	0.00197	0.00049	0.99753
1042 A	0.00197	0.00052	0.99751
1043 G	0.00197	0.00053	0.9975
1044 A	0.00198	0.00053	0.99749
1045 A	0.00199	0.00053	0.99748
1046 T	0.00200	0.00052	0.99748
1047 T	0.00201	0.00053	0.99747
1048 G	0.00201	0.00053	0.99747
1049 G	0.00201	0.00053	0.99745
1050 G	0.00202	0.00054	0.99744
1051 T	0.00203	0.00056	0.9974
1052 T	0.00205	0.00059	0.99735
1053 T	0.00207	0.00067	0.99726
1054 T	0.00207	0.00072	0.99722
1055 T	0.00206	0.00077	0.99717
1056 A	0.00203	0.00080	0.99717
1057 G	0.00203	0.00081	0.99716
1058 G	0.00204	0.00081	0.99715
1059 A	0.00209	0.00076	0.99715
1060 C	0.00216	0.00069	0.99715
1061 T	0.00229	0.00058	0.99713
1062 T	0.00236	0.00052	0.99712
1063 T	0.00239	0.00051	0.99711
1064 T	0.00235	0.00055	0.9971
1065 A	0.00221	0.00070	0.9971
1066 C	0.00215	0.00076	0.99708
1067 A	0.00205	0.00089	0.99705
1068 C	0.00194	0.00103	0.99704
1069 A	0.00183	0.00118	0.997
1070 T	0.00177	0.00126	0.99697
1071 G	0.00161	0.00146	0.99693
1072 G	0.00156	0.00154	0.9969
1073 A	0.00155	0.00157	0.99688
1074 A	0.00157	0.00156	0.99686
1075 A	0.00163	0.00151	0.99686
1076 T	0.00172	0.00141	0.99687
1077 T	0.00176	0.00137	0.99687
1078 A	0.00175	0.00137	0.99688
1079 C	0.00172	0.00139	0.9969
1080 T	0.00168	0.00143	0.99689
1081 C	0.00160	0.00152	0.99689
1082 A	0.00154	0.00159	0.99686
1083 A	0.00152	0.00163	0.99685
1084 G	0.00151	0.00165	0.99684
1085 A	0.00151	0.00167	0.99681
1086 A	0.00152	0.00170	0.99678
1087 A	0.00151	0.00166	0.99683
1088 G	0.00152	0.00152	0.99696
1089 A	0.00154	0.00144	0.99702
1090 A	0.00157	0.00131	0.99711
1091 T	0.00162	0.00114	0.99724
1092 T	0.00165	0.00106	0.99729
1093 G	0.00166	0.00103	0.99731
1094 T	0.00169	0.00092	0.99739
1095 T	0.00170	0.00094	0.99737
1096 A	0.00168	0.00099	0.99733
1097 G	0.00168	0.00101	0.99732
1098 A	0.00167	0.00103	0.99729
1099 G	0.00167	0.00104	0.99729
1100 A	0.00168	0.00102	0.9973
1101 A	0.00169	0.00098	0.99733
1102 T	0.00170	0.00091	0.99739
1103 T	0.00171	0.00084	0.99745
1104 C	0.00171	0.00077	0.99751
1105 G	0.00172	0.00079	0.99749
1106 G	0.00173	0.00080	0.99747
1107 A	0.00174	0.00085	0.99741
1108 A	0.00177	0.00089	0.99734
1109 T	0.00182	0.00089	0.99729
1110 T	0.00184	0.00088	0.99727
1111 G	0.00185	0.00093	0.99721
1112 A	0.00187	0.00096	0.99718
1113 A	0.00190	0.00097	0.99713
1114 G	0.00194	0.00095	0.99711
1115 T	0.00205	0.00089	0.99706
1116 T	0.00212	0.00096	0.99691
1117 A	0.00215	0.00106	0.99679
1118 T	0.00220	0.00107	0.99672
1119 T	0.00223	0.00110	0.99668
1120 A	0.00223	0.00109	0.99668
1121 T	0.00225	0.00108	0.99668
1122 T	0.00225	0.00108	0.99666
1123 A	0.00225	0.00109	0.99666
1124 C	0.00225	0.00109	0.99666
1125 A	0.00225	0.00109	0.99666
1126 G	0.00226	0.00108	0.99666
1127 C	0.00228	0.00106	0.99666
1128 T	0.00234	0.00100	0.99666
1129 C	0.00237	0.00097	0.99666
1130 C	0.00243	0.00091	0.99666
1131 C	0.00251	0.00082	0.99666
1132 T	0.00258	0.00076	0.99666
1133 C	0.00262	0.00072	0.99666
1134 T	0.00269	0.00065	0.99666
1135 G	0.00272	0.00062	0.99666
1136 T	0.00277	0.00058	0.99665
1137 A	0.00279	0.00056	0.99665
1138 G	0.00285	0.00051	0.99664
1139 T	0.00303	0.00033	0.99663
1140 T	0.00317	0.00019	0.99664
1141 T	0.00321	0.00016	0.99664
1142 T	0.00322	0.00015	0.99663
1143 A	0.00318	0.00020	0.99662
1144 C	0.00314	0.00025	0.9966
1145 A	0.00312	0.00039	0.9965
1146 T	0.00309	0.00052	0.99639
1147 A	0.00302	0.00090	0.99609
1148 T	0.00296	0.00120	0.99583
1149 T	0.00283	0.00141	0.99576
1150 T	0.00258	0.00172	0.99569
1151 A	0.00214	0.00222	0.99565
1152 T	0.00186	0.00254	0.9956
1153 C	0.00157	0.00284	0.99559
1154 A	0.00137	0.00304	0.99559
1155 A	0.00126	0.00316	0.99558
1156 G	0.00119	0.00323	0.99558
1157 C	0.00116	0.00326	0.99558
1158 C	0.00115	0.00328	0.99558
1159 A	0.00113	0.00332	0.99555
1160 A	0.00113	0.00333	0.99554
1161 T	0.00114	0.00334	0.99552
1162 A	0.00113	0.00338	0.99549
1163 A	0.00113	0.00339	0.99548
1164 T	0.00114	0.00337	0.99549
1165 A	0.00115	0.00335	0.9955
1166 A	0.00116	0.00330	0.99554
1167 A	0.00120	0.00323	0.99558
1168 A	0.00130	0.00309	0.9956
1169 A	0.00141	0.00293	0.99565
1170 A	0.00172	0.00254	0.99574
1171 A	0.00197	0.00216	0.99587
1172 T	0.00207	0.00185	0.99608
1173 T	0.00213	0.00153	0.99634
1174 A	0.00216	0.00115	0.9967
1175 T	0.00219	0.00088	0.99694
1176 T	0.00219	0.00067	0.99714
1177 G	0.00219	0.00058	0.99723
1178 T	0.00220	0.00056	0.99724
1179 T	0.00220	0.00056	0.99724
1180 G	0.00220	0.00064	0.99716
1181 A	0.00220	0.00072	0.99708
1182 T	0.00222	0.00078	0.997
1183 A	0.00221	0.00098	0.99681
1184 A	0.00222	0.00104	0.99674
1185 T	0.00225	0.00105	0.9967
1186 T	0.00226	0.00106	0.99668
1187 T	0.00226	0.00107	0.99667
1188 G	0.00224	0.00108	0.99667
1189 G	0.00223	0.00110	0.99667
1190 C	0.00222	0.00111	0.99666
1191 C	0.00221	0.00114	0.99665
1192 A	0.00222	0.00117	0.99662
1193 A	0.00222	0.00118	0.9966
1194 A	0.00224	0.00117	0.99659
1195 T	0.00225	0.00116	0.99659
1196 G	0.00226	0.00115	0.99659
1197 G	0.00230	0.00111	0.9966
1198 C	0.00234	0.00106	0.9966
1199 C	0.00240	0.00101	0.99659
1200 T	0.00247	0.00095	0.99657
1201 T	0.00255	0.00089	0.99655
1202 A	0.00259	0.00089	0.99652
1203 T	0.00269	0.00081	0.99651
1204 A	0.00275	0.00076	0.99649
1205 A	0.00283	0.00068	0.9965
1206 T	0.00300	0.00050	0.9965
1207 C	0.00305	0.00046	0.9965
1208 A	0.00307	0.00047	0.99646
1209 A	0.00309	0.00048	0.99643
1210 T	0.00311	0.00049	0.9964
1211 C	0.00311	0.00048	0.99641
1212 T	0.00312	0.00047	0.99641
1213 A	0.00313	0.00047	0.9964
1214 T	0.00314	0.00046	0.99641
1215 C	0.00309	0.00050	0.9964
1216 G	0.00305	0.00055	0.9964
1217 A	0.00304	0.00058	0.99637
1218 A	0.00303	0.00063	0.99635
1219 C	0.00302	0.00068	0.9963
1220 G	0.00302	0.00072	0.99627
1221 T	0.00302	0.00078	0.9962
1222 A	0.00302	0.00092	0.99606
1223 T	0.00303	0.00098	0.99599
1224 C	0.00303	0.00103	0.99594
1225 G	0.00304	0.00118	0.99579
1226 A	0.00303	0.00136	0.99561
1227 A	0.00304	0.00136	0.9956
1228 G	0.00304	0.00135	0.9956
1229 A	0.00306	0.00133	0.9956
1230 A	0.00308	0.00130	0.99562
1231 C	0.00312	0.00124	0.99564
1232 C	0.00316	0.00119	0.99565
1233 T	0.00320	0.00117	0.99563
1234 T	0.00321	0.00118	0.99561
1235 A	0.00321	0.00118	0.99561
1236 T	0.00322	0.00117	0.99561
1237 A	0.00322	0.00117	0.99561
1238 T	0.00323	0.00109	0.99569
1239 C	0.00323	0.00103	0.99574
1240 A	0.00325	0.00101	0.99574
1241 A	0.00329	0.00096	0.99575
1242 A	0.00333	0.00091	0.99576
1243 G	0.00338	0.00085	0.99576
1244 C	0.00350	0.00073	0.99577
1245 T	0.00371	0.00051	0.99578
1246 T	0.00383	0.00040	0.99577
1247 T	0.00386	0.00036	0.99578
1248 T	0.00395	0.00028	0.99577
1249 T	0.00400	0.00023	0.99578
1250 T	0.00399	0.00023	0.99579
1251 A	0.00397	0.00024	0.99579
1252 A	0.00396	0.00025	0.99578
1253 C	0.00396	0.00026	0.99579
1254 T	0.00396	0.00026	0.99578
1255 T	0.00394	0.00028	0.99578
1256 G	0.00392	0.00030	0.99578
1257 T	0.00391	0.00032	0.99577
1258 C	0.00386	0.00037	0.99577
1259 C	0.00381	0.00044	0.99575
1260 T	0.00353	0.00082	0.99564
1261 G	0.00334	0.00108	0.99558
1262 A	0.00323	0.00129	0.99549
1263 A	0.00315	0.00150	0.99536
1264 A	0.00306	0.00174	0.99519
1265 T	0.00302	0.00198	0.995
1266 G	0.00296	0.00248	0.99457
1267 T	0.00293	0.00275	0.99432
1268 A	0.00287	0.00283	0.99429
1269 T	0.00285	0.00288	0.99427
1270 A	0.00282	0.00294	0.99424
1271 T	0.00281	0.00295	0.99425
1272 C	0.00278	0.00297	0.99426
1273 G	0.00276	0.00298	0.99425
1274 G	0.00275	0.00300	0.99425
1275 A	0.00274	0.00303	0.99423
1276 A	0.00274	0.00305	0.99422
1277 C	0.00272	0.00307	0.99422
1278 A	0.00270	0.00312	0.99419
1279 G	0.00269	0.00314	0.99417
1280 T	0.00270	0.00319	0.99411
1281 A	0.00266	0.00332	0.99402
1282 A	0.00267	0.00343	0.9939
1283 T	0.00275	0.00322	0.99403
1284 G	0.00277	0.00335	0.99388
1285 G	0.00282	0.00371	0.99347
1286 A	0.00294	0.00432	0.99274
1287 A	0.00309	0.00485	0.99206
1288 A	0.00331	0.00477	0.99192
1289 T	0.00378	0.00442	0.99179
1290 T	0.00396	0.00421	0.99182
1291 T	0.00396	0.00418	0.99186
1292 C	0.00388	0.00425	0.99187
1293 T	0.00384	0.00441	0.99175
1294 C	0.00372	0.00473	0.99156
1295 A	0.00356	0.00609	0.99035
1296 A	0.00350	0.00761	0.98889
1297 A	0.00346	0.00924	0.9873
1298 A	0.00336	0.01018	0.98647
1299 T	0.00325	0.01118	0.98557
1300 A	0.00298	0.01204	0.98498
1301 A	0.00282	0.01242	0.98475
1302 A	0.00281	0.01259	0.98459
1303 A	0.00285	0.01273	0.98442
1304 G	0.00296	0.01275	0.9843
1305 A	0.00314	0.01274	0.98413
1306 G	0.00338	0.01276	0.98387
1307 G	0.00371	0.01275	0.98354
1308 A	0.00419	0.01251	0.98329
1309 A	0.00486	0.01198	0.98316
1310 A	0.00549	0.01149	0.98302
1311 A	0.00573	0.01125	0.98302
1312 T	0.00597	0.01100	0.98304
1313 T	0.00600	0.01094	0.98307
1314 A	0.00598	0.01093	0.9831
1315 C	0.00598	0.01084	0.98318
1316 A	0.00607	0.01077	0.98316
1317 A	0.00627	0.01054	0.98319
1318 G	0.00742	0.00933	0.98325
1319 A	0.00897	0.00779	0.98325
1320 T	0.01069	0.00603	0.98329
1321 A	0.01146	0.00513	0.98341
1322 T	0.01236	0.00407	0.98357
1323 T	0.01274	0.00345	0.98381
1324 C	0.01264	0.00344	0.98392
1325 A	0.01250	0.00360	0.9839
1326 A	0.01252	0.00362	0.98387
1327 T	0.01269	0.00346	0.98385
1328 A	0.01276	0.00342	0.98383
