# lcl|CP097583.1_cds_USQ93603.1_1
# AA	inside	membr	outside
1 A	0.23746	0.00000	0.76254
2 T	0.23677	0.00069	0.76254
3 G	0.23610	0.00136	0.76254
4 A	0.23610	0.02741	0.73649
5 A	0.23027	0.04319	0.72654
6 T	0.23027	0.04517	0.72456
7 A	0.19596	0.08078	0.72327
8 A	0.19596	0.08081	0.72323
9 T	0.19363	0.08375	0.72263
10 T	0.19362	0.17004	0.63635
11 A	0.19216	0.17662	0.63123
12 T	0.17834	0.19133	0.63034
13 T	0.14011	0.23728	0.62261
14 T	0.14009	0.23730	0.62261
15 T	0.14009	0.30413	0.55578
16 A	0.13489	0.30934	0.55578
17 T	0.13195	0.31313	0.55493
18 A	0.13168	0.31718	0.55114
19 A	0.12777	0.32237	0.54986
20 T	0.12200	0.34601	0.53199
21 A	0.10678	0.36130	0.53191
22 A	0.10549	0.36417	0.53035
23 A	0.10523	0.36497	0.5298
24 A	0.10584	0.36474	0.52942
25 A	0.10679	0.36252	0.53069
26 A	0.10822	0.35990	0.53188
27 T	0.13272	0.33226	0.53502
28 A	0.13963	0.32018	0.54018
29 A	0.14174	0.31639	0.54187
30 A	0.14548	0.28617	0.56835
31 A	0.14734	0.28214	0.57052
32 A	0.15128	0.27295	0.57577
33 T	0.23992	0.17923	0.58086
34 T	0.24883	0.16735	0.58382
35 A	0.25424	0.15032	0.59543
36 T	0.26172	0.11224	0.62604
37 G	0.26317	0.10862	0.6282
38 T	0.30687	0.06260	0.63053
39 C	0.30728	0.05421	0.63852
40 A	0.31047	0.04851	0.64102
41 T	0.31573	0.03938	0.64488
42 C	0.31796	0.03381	0.64823
43 T	0.33244	0.01694	0.65062
44 G	0.33271	0.01131	0.65598
45 T	0.33390	0.00891	0.6572
46 C	0.33411	0.00842	0.65748
47 T	0.33451	0.00891	0.65658
48 T	0.33462	0.01063	0.65474
49 T	0.33437	0.01254	0.65309
50 T	0.33366	0.01530	0.65104
51 A	0.33327	0.01631	0.65042
52 T	0.33307	0.01640	0.65054
53 G	0.33174	0.01821	0.65005
54 G	0.33165	0.01860	0.64975
55 A	0.33168	0.01924	0.64909
56 T	0.33209	0.01908	0.64883
57 A	0.33200	0.01951	0.64849
58 T	0.33200	0.01942	0.64858
59 T	0.33195	0.01940	0.64865
60 T	0.33168	0.01976	0.64856
61 G	0.33139	0.02023	0.64838
62 C	0.33125	0.02025	0.64849
63 T	0.33090	0.02130	0.64781
64 A	0.33008	0.02250	0.64741
65 T	0.32964	0.02309	0.64726
66 A	0.32908	0.02366	0.64726
67 A	0.32917	0.02347	0.64736
68 A	0.32984	0.02229	0.64786
69 T	0.33111	0.02044	0.64845
70 C	0.33252	0.01840	0.64909
71 T	0.33497	0.01571	0.64932
72 T	0.33639	0.01400	0.64962
73 T	0.33756	0.01238	0.65006
74 C	0.33787	0.01183	0.65031
75 T	0.33838	0.01127	0.65035
76 T	0.33892	0.00970	0.65137
77 T	0.33927	0.00924	0.65149
78 A	0.33903	0.00951	0.65146
79 T	0.33894	0.00968	0.65138
80 C	0.33872	0.00953	0.65175
81 A	0.33866	0.00983	0.6515
82 A	0.33890	0.00979	0.6513
83 T	0.33972	0.00871	0.65157
84 T	0.34020	0.00812	0.65168
85 T	0.34049	0.00797	0.65154
86 T	0.34068	0.00741	0.6519
87 T	0.34072	0.00677	0.6525
88 T	0.34058	0.00667	0.65274
89 T	0.34020	0.00709	0.65272
90 A	0.33935	0.00908	0.65156
91 T	0.33887	0.00962	0.65151
92 A	0.33758	0.01113	0.65129
93 T	0.33626	0.01266	0.65108
94 G	0.33297	0.01652	0.65051
95 C	0.33100	0.01894	0.65005
96 A	0.32899	0.02330	0.64771
97 G	0.32319	0.03192	0.64489
98 A	0.32097	0.03566	0.64336
99 G	0.32009	0.03661	0.6433
100 A	0.31964	0.03715	0.64321
101 A	0.31959	0.03646	0.64395
102 T	0.31970	0.03578	0.64453
103 C	0.31966	0.03524	0.6451
104 A	0.31989	0.03493	0.64519
105 T	0.32020	0.03454	0.64526
106 G	0.32030	0.03440	0.64529
107 T	0.32052	0.03415	0.64533
108 T	0.32074	0.03388	0.64538
109 C	0.32078	0.03351	0.64571
110 T	0.32082	0.03337	0.64581
111 A	0.31985	0.03429	0.64586
112 A	0.31943	0.03440	0.64617
113 T	0.31998	0.03314	0.64688
114 C	0.31881	0.03385	0.64734
115 A	0.31818	0.03347	0.64836
116 A	0.31842	0.03197	0.64962
117 T	0.31901	0.02847	0.65251
118 A	0.31907	0.02701	0.65393
119 A	0.32100	0.02357	0.65543
120 T	0.32391	0.01449	0.6616
121 T	0.32500	0.01104	0.66397
122 T	0.32493	0.01012	0.66495
123 T	0.32467	0.01009	0.66524
124 T	0.32403	0.01055	0.66542
125 T	0.32305	0.01144	0.66552
126 A	0.32141	0.01300	0.66559
127 T	0.32072	0.01359	0.66569
128 C	0.31968	0.01455	0.66577
129 T	0.31889	0.01578	0.66533
130 G	0.31775	0.01754	0.66472
131 A	0.31693	0.01954	0.66354
132 A	0.31576	0.02159	0.66265
133 G	0.31512	0.02310	0.66179
134 T	0.31507	0.02374	0.66119
135 A	0.31491	0.02378	0.66131
136 T	0.31487	0.02340	0.66173
137 T	0.31472	0.02244	0.66284
138 T	0.31447	0.02208	0.66345
139 A	0.31407	0.02235	0.66358
140 A	0.31395	0.02224	0.6638
141 T	0.31401	0.02168	0.66431
142 G	0.31383	0.02166	0.66451
143 T	0.31385	0.02175	0.66439
144 T	0.31358	0.02237	0.66405
145 A	0.31285	0.02306	0.66408
146 A	0.31264	0.02280	0.66456
147 T	0.31249	0.02198	0.66553
148 T	0.31180	0.02139	0.66681
149 C	0.31077	0.02109	0.66814
150 T	0.30953	0.02305	0.66742
151 G	0.30814	0.02683	0.66503
152 A	0.30803	0.02830	0.66367
153 A	0.30823	0.02885	0.66291
154 G	0.30926	0.02824	0.66249
155 A	0.31038	0.02644	0.66318
156 T	0.31182	0.02445	0.66372
157 T	0.31328	0.02308	0.66364
158 T	0.31330	0.02328	0.66342
159 T	0.31261	0.02409	0.6633
160 T	0.31179	0.02517	0.66304
161 T	0.31026	0.02690	0.66284
162 A	0.30661	0.03132	0.66207
163 G	0.30402	0.03495	0.66104
164 A	0.30239	0.03884	0.65877
165 A	0.29858	0.04476	0.65666
166 A	0.29617	0.04807	0.65576
167 A	0.29533	0.04897	0.6557
168 T	0.29491	0.04895	0.65614
169 A	0.29372	0.04981	0.65647
170 A	0.29321	0.04991	0.65688
171 G	0.29305	0.04903	0.65792
172 A	0.29343	0.04765	0.65893
173 C	0.29485	0.04486	0.66028
174 T	0.29802	0.04121	0.66077
175 A	0.29925	0.04020	0.66055
176 A	0.30048	0.03911	0.66041
177 T	0.30161	0.03828	0.66011
178 T	0.30212	0.03782	0.66006
179 T	0.30237	0.03725	0.66038
180 A	0.30236	0.03670	0.66093
181 T	0.30253	0.03501	0.66247
182 C	0.30215	0.03308	0.66477
183 T	0.30222	0.03233	0.66546
184 G	0.30185	0.03203	0.66612
185 A	0.30255	0.03011	0.66734
186 A	0.30359	0.02771	0.6687
187 G	0.30584	0.02436	0.6698
188 T	0.30792	0.01855	0.67353
189 T	0.30853	0.01555	0.67592
190 G	0.30862	0.01519	0.67619
191 A	0.30864	0.01681	0.67455
192 A	0.30868	0.01794	0.67338
193 A	0.30880	0.01753	0.67367
194 T	0.30911	0.01710	0.67379
195 T	0.30933	0.01759	0.67309
196 A	0.30923	0.01933	0.67144
197 C	0.30940	0.01996	0.67064
198 A	0.30975	0.02218	0.66807
199 A	0.31008	0.02363	0.66629
200 G	0.31063	0.02380	0.66557
201 T	0.31096	0.02365	0.66539
202 T	0.31118	0.02379	0.66503
203 A	0.31134	0.02340	0.66526
204 T	0.31146	0.02293	0.66561
205 C	0.31137	0.02251	0.66613
206 A	0.31141	0.02278	0.66581
207 T	0.31160	0.02291	0.66549
208 G	0.31178	0.02292	0.66531
209 A	0.31199	0.02280	0.66521
210 A	0.31249	0.02235	0.66516
211 T	0.31321	0.02119	0.6656
212 C	0.31353	0.02047	0.666
213 A	0.31429	0.01957	0.66614
214 G	0.31590	0.01780	0.66629
215 G	0.31771	0.01592	0.66637
216 G	0.31832	0.01526	0.66641
217 C	0.31925	0.01431	0.66644
218 A	0.32094	0.01254	0.66652
219 T	0.32323	0.01008	0.66669
220 G	0.32420	0.00906	0.66675
221 C	0.32630	0.00694	0.66677
222 T	0.32788	0.00542	0.6667
223 A	0.32847	0.00500	0.66653
224 T	0.32886	0.00463	0.66651
225 T	0.32920	0.00432	0.66649
226 A	0.32905	0.00446	0.6665
227 T	0.32911	0.00421	0.66667
228 C	0.32894	0.00413	0.66693
229 A	0.32916	0.00382	0.66701
230 C	0.32978	0.00313	0.66709
231 T	0.33012	0.00275	0.66712
232 C	0.33019	0.00268	0.66713
233 T	0.33019	0.00270	0.66711
234 T	0.33008	0.00283	0.6671
235 T	0.32983	0.00308	0.66709
236 T	0.32953	0.00336	0.66712
237 G	0.32915	0.00371	0.66714
238 T	0.32900	0.00380	0.6672
239 A	0.32873	0.00403	0.66724
240 T	0.32857	0.00414	0.66729
241 C	0.32826	0.00444	0.6673
242 C	0.32795	0.00476	0.66728
243 T	0.32780	0.00511	0.66709
244 G	0.32753	0.00553	0.66694
245 A	0.32750	0.00567	0.66683
246 A	0.32762	0.00565	0.66674
247 T	0.32767	0.00566	0.66667
248 A	0.32770	0.00552	0.66679
249 T	0.32772	0.00511	0.66717
250 T	0.32772	0.00490	0.66738
251 T	0.32770	0.00469	0.66761
252 T	0.32752	0.00481	0.66767
253 G	0.32730	0.00506	0.66763
254 A	0.32722	0.00515	0.66763
255 A	0.32720	0.00505	0.66775
256 T	0.32722	0.00481	0.66797
257 T	0.32722	0.00455	0.66823
258 T	0.32722	0.00428	0.6685
259 T	0.32720	0.00401	0.66878
260 T	0.32713	0.00385	0.66901
261 A	0.32681	0.00408	0.66911
262 G	0.32665	0.00404	0.66931
263 G	0.32656	0.00411	0.66933
264 A	0.32624	0.00438	0.66937
265 G	0.32610	0.00428	0.66962
266 T	0.32627	0.00396	0.66977
267 T	0.32618	0.00389	0.66993
268 A	0.32611	0.00398	0.6699
269 C	0.32614	0.00395	0.66991
270 T	0.32618	0.00397	0.66985
271 A	0.32620	0.00400	0.6698
272 T	0.32628	0.00395	0.66977
273 T	0.32617	0.00405	0.66978
274 A	0.32573	0.00448	0.66979
275 T	0.32563	0.00437	0.67001
276 T	0.32546	0.00432	0.67021
277 C	0.32512	0.00457	0.67031
278 C	0.32492	0.00473	0.67034
279 T	0.32470	0.00495	0.67035
280 T	0.32422	0.00543	0.67036
281 C	0.32153	0.00811	0.67036
282 T	0.31801	0.01165	0.67034
283 G	0.31274	0.01696	0.6703
284 G	0.30871	0.02090	0.67039
285 A	0.30742	0.02223	0.67036
286 G	0.30675	0.02284	0.67041
287 G	0.30665	0.02258	0.67077
288 T	0.30660	0.02245	0.67096
289 A	0.30627	0.02289	0.67084
290 C	0.30570	0.02327	0.67103
291 T	0.30510	0.02405	0.67085
292 T	0.30387	0.02551	0.67062
293 T	0.30231	0.02724	0.67046
294 A	0.29915	0.03041	0.67044
295 G	0.29644	0.03313	0.67043
296 G	0.29519	0.03413	0.67067
297 G	0.29425	0.03462	0.67112
298 C	0.29314	0.03570	0.67117
299 A	0.29249	0.03717	0.67034
300 T	0.29195	0.03839	0.66967
301 T	0.29083	0.04008	0.66909
302 G	0.28819	0.04339	0.66841
303 T	0.28676	0.04464	0.6686
304 A	0.28346	0.04539	0.67114
305 G	0.28199	0.04321	0.6748
306 A	0.28074	0.04014	0.67911
307 C	0.27979	0.03726	0.68294
308 A	0.27898	0.03779	0.68323
309 T	0.27820	0.03858	0.68322
310 A	0.27603	0.04208	0.6819
311 A	0.27527	0.04463	0.68011
312 T	0.27503	0.04638	0.67858
313 A	0.27422	0.04829	0.6775
314 T	0.27353	0.04910	0.67737
315 T	0.27113	0.05442	0.67446
316 A	0.26638	0.06747	0.66615
317 A	0.25965	0.07911	0.66125
318 A	0.24516	0.10281	0.65203
319 A	0.24097	0.11580	0.64323
320 A	0.23824	0.12290	0.63886
321 A	0.23753	0.12550	0.63697
322 A	0.23794	0.12586	0.6362
323 T	0.23865	0.12540	0.63594
324 A	0.23754	0.12689	0.63556
325 A	0.23715	0.12557	0.63729
326 A	0.23702	0.12451	0.63847
327 T	0.23733	0.12129	0.64137
328 T	0.23712	0.12046	0.64242
329 G	0.23660	0.12022	0.64318
330 G	0.23645	0.11999	0.64356
331 A	0.23669	0.11914	0.64417
332 A	0.23709	0.11803	0.64488
333 A	0.23833	0.11454	0.64714
334 G	0.24048	0.11123	0.64829
335 C	0.24312	0.10759	0.64929
336 A	0.24620	0.10422	0.64958
337 G	0.24883	0.10015	0.65102
338 A	0.25420	0.09194	0.65386
339 A	0.26418	0.07877	0.65705
340 G	0.27127	0.06587	0.66287
341 C	0.28266	0.03988	0.67746
342 T	0.29314	0.02631	0.68056
343 T	0.29797	0.02006	0.68196
344 T	0.30024	0.01915	0.68062
345 A	0.30114	0.01939	0.67948
346 G	0.30189	0.01847	0.67964
347 T	0.30312	0.01508	0.68179
348 T	0.30376	0.01289	0.68335
349 G	0.30404	0.01244	0.68351
350 C	0.30445	0.01570	0.67985
351 T	0.30476	0.02269	0.67256
352 T	0.30430	0.03619	0.65951
353 T	0.30255	0.04063	0.65683
354 T	0.30160	0.04581	0.65259
355 G	0.30040	0.05383	0.64578
356 G	0.29977	0.05711	0.64312
357 C	0.29948	0.05913	0.64139
358 G	0.29933	0.05995	0.64072
359 G	0.29945	0.06064	0.63991
360 A	0.29952	0.06178	0.63871
361 A	0.29951	0.06184	0.63865
362 C	0.29978	0.06161	0.63862
363 A	0.30013	0.06136	0.63851
364 T	0.30163	0.05987	0.6385
365 C	0.30312	0.05840	0.63849
366 T	0.30467	0.05691	0.63842
367 T	0.30564	0.05604	0.63832
368 C	0.30617	0.05567	0.63815
369 T	0.30619	0.05630	0.63751
370 G	0.30547	0.05815	0.63637
371 A	0.30505	0.06024	0.63471
372 A	0.30584	0.05963	0.63452
373 A	0.31041	0.05527	0.63432
374 A	0.31843	0.04671	0.63486
375 T	0.33309	0.03066	0.63625
376 C	0.33619	0.02480	0.63901
377 T	0.34147	0.01901	0.63951
378 C	0.34629	0.01386	0.63984
379 T	0.34831	0.01279	0.6389
380 T	0.34889	0.01228	0.63883
381 A	0.34844	0.01291	0.63865
382 T	0.34810	0.01313	0.63877
383 T	0.34469	0.01683	0.63849
384 C	0.30596	0.05613	0.63791
385 A	0.26017	0.10698	0.63285
386 A	0.22960	0.13932	0.63107
387 A	0.19693	0.17413	0.62894
388 A	0.17201	0.20078	0.62721
389 G	0.11175	0.26268	0.62556
390 A	0.09775	0.27699	0.62526
391 A	0.09000	0.28478	0.62522
392 A	0.08252	0.29227	0.62521
393 A	0.07949	0.29481	0.6257
394 C	0.07821	0.29580	0.62598
395 A	0.07721	0.29684	0.62595
396 A	0.07675	0.29726	0.62599
397 A	0.07625	0.29769	0.62606
398 T	0.07605	0.29782	0.62613
399 C	0.07542	0.29838	0.62621
400 C	0.07472	0.29899	0.6263
401 C	0.07459	0.29918	0.62623
402 T	0.07503	0.29904	0.62593
403 A	0.07465	0.29982	0.62553
404 A	0.07470	0.29990	0.6254
405 A	0.07503	0.29934	0.62563
406 G	0.07560	0.29477	0.62963
407 A	0.07660	0.25148	0.67192
408 T	0.08165	0.20259	0.71576
409 A	0.08316	0.17508	0.74175
410 A	0.08503	0.14679	0.76817
411 A	0.08649	0.12301	0.7905
412 G	0.08783	0.05584	0.85634
413 T	0.08831	0.04256	0.86912
414 A	0.08851	0.03571	0.87578
415 G	0.08879	0.02893	0.88229
416 G	0.08905	0.02741	0.88353
417 T	0.08941	0.02852	0.88206
418 A	0.08949	0.03354	0.87697
419 A	0.08953	0.03666	0.87381
420 G	0.08956	0.03999	0.87045
421 G	0.08961	0.04235	0.86804
422 G	0.08969	0.04689	0.86342
423 T	0.08981	0.05265	0.85755
424 T	0.08977	0.06445	0.84579
425 C	0.08972	0.07781	0.83247
426 A	0.08950	0.16501	0.74549
427 G	0.08919	0.18304	0.72778
428 G	0.08910	0.19135	0.71955
429 T	0.08900	0.19923	0.71176
430 A	0.08848	0.20544	0.70608
431 C	0.08863	0.20764	0.70372
432 T	0.08922	0.20772	0.70306
433 G	0.08924	0.20810	0.70266
434 A	0.09017	0.20726	0.70257
435 T	0.09197	0.20551	0.70253
436 C	0.09231	0.20517	0.70252
437 A	0.09310	0.20437	0.70253
438 C	0.09427	0.20319	0.70254
439 G	0.09613	0.20143	0.70245
440 C	0.09961	0.19811	0.70229
441 T	0.10443	0.19407	0.70151
442 A	0.10746	0.19151	0.70103
443 A	0.11134	0.18782	0.70083
444 A	0.11556	0.18372	0.70072
445 G	0.12180	0.17755	0.70066
446 C	0.13318	0.16588	0.70094
447 G	0.14734	0.15171	0.70095
448 A	0.16279	0.13634	0.70087
449 A	0.24103	0.05789	0.70108
450 T	0.26708	0.03150	0.70143
451 T	0.27773	0.02070	0.70157
452 T	0.28472	0.01305	0.70224
453 T	0.28715	0.00978	0.70307
454 T	0.28784	0.00903	0.70313
455 T	0.28742	0.00986	0.70272
456 A	0.28700	0.00981	0.70319
457 G	0.28664	0.00992	0.70344
458 T	0.28648	0.01022	0.70331
459 T	0.28531	0.01188	0.70281
460 C	0.27886	0.01975	0.70139
461 A	0.26615	0.03931	0.69453
462 A	0.25316	0.06213	0.68471
463 A	0.24255	0.08300	0.67445
464 G	0.23480	0.09839	0.66681
465 T	0.23139	0.11285	0.65576
466 A	0.22373	0.12542	0.65084
467 A	0.21946	0.13154	0.649
468 T	0.21408	0.13754	0.64839
469 T	0.19704	0.15480	0.64816
470 C	0.19024	0.16186	0.6479
471 T	0.18654	0.16720	0.64626
472 A	0.17881	0.17555	0.64563
473 C	0.17427	0.18029	0.64544
474 T	0.17253	0.18218	0.64529
475 A	0.16927	0.18545	0.64528
476 C	0.16775	0.18687	0.64537
477 G	0.16676	0.18785	0.64539
478 C	0.16627	0.18826	0.64547
479 C	0.16372	0.19070	0.64558
480 G	0.16242	0.19204	0.64555
481 A	0.16181	0.19277	0.64542
482 G	0.16218	0.19206	0.64575
483 A	0.16306	0.18999	0.64695
484 A	0.16818	0.17770	0.65412
485 A	0.17786	0.15439	0.66775
486 A	0.18830	0.13056	0.68113
487 G	0.19604	0.11094	0.69302
488 A	0.20575	0.09671	0.69754
489 T	0.21154	0.08121	0.70724
490 T	0.21310	0.07516	0.71174
491 A	0.21328	0.06938	0.71734
492 T	0.21355	0.05181	0.73464
493 G	0.21351	0.04470	0.74179
494 A	0.21469	0.03996	0.74535
495 T	0.21543	0.03144	0.75313
496 C	0.21545	0.02797	0.75657
497 T	0.21455	0.03555	0.7499
498 T	0.21269	0.04528	0.74203
499 T	0.20895	0.05729	0.73376
500 T	0.20244	0.07498	0.72258
501 A	0.19168	0.10487	0.70345
502 T	0.18660	0.11402	0.69937
503 A	0.17604	0.13218	0.69178
504 T	0.16425	0.15212	0.68362
505 A	0.13733	0.18910	0.67356
506 A	0.11428	0.22275	0.66296
507 A	0.10791	0.23421	0.65788
508 G	0.10314	0.24113	0.65573
509 A	0.10064	0.24780	0.65155
510 A	0.10006	0.24881	0.65113
511 T	0.10089	0.24832	0.65079
512 G	0.10056	0.24905	0.65039
513 T	0.10143	0.24904	0.64954
514 C	0.10043	0.25214	0.64744
515 A	0.09917	0.26348	0.63735
516 A	0.09869	0.27394	0.62737
517 A	0.09917	0.27899	0.62184
518 A	0.09984	0.28055	0.61961
519 A	0.10387	0.27789	0.61824
520 T	0.11826	0.26211	0.61964
521 T	0.13021	0.24741	0.62238
522 A	0.13671	0.23711	0.62618
523 A	0.14581	0.22046	0.63374
524 T	0.16203	0.19231	0.64567
525 T	0.16756	0.18058	0.65185
526 G	0.17347	0.16590	0.66063
527 A	0.18144	0.14950	0.66906
528 A	0.19013	0.12244	0.68743
529 T	0.20063	0.09555	0.70382
530 T	0.20481	0.09489	0.7003
531 A	0.19829	0.10441	0.69729
532 A	0.19233	0.11372	0.69395
533 A	0.18856	0.11852	0.69292
534 T	0.18763	0.11899	0.69338
535 C	0.18682	0.12041	0.69278
536 A	0.18810	0.12312	0.68878
537 A	0.19120	0.12626	0.68255
538 A	0.20138	0.11740	0.68122
539 T	0.21167	0.10952	0.67881
540 T	0.21657	0.11257	0.67085
541 A	0.21274	0.12845	0.65882
542 C	0.20854	0.14687	0.64459
543 T	0.20569	0.17253	0.62177
544 T	0.19843	0.18236	0.61921
545 T	0.18970	0.19526	0.61504
546 A	0.17411	0.21400	0.61189
547 A	0.16502	0.22442	0.61057
548 C	0.16055	0.22845	0.611
549 T	0.15734	0.23263	0.61003
550 A	0.15422	0.23642	0.60936
551 A	0.15538	0.23535	0.60927
552 A	0.15801	0.23274	0.60925
553 A	0.16361	0.22648	0.60991
554 T	0.17138	0.20955	0.61908
555 T	0.17688	0.19429	0.62882
556 G	0.17460	0.19140	0.63401
557 C	0.17074	0.19296	0.63629
558 C	0.16568	0.20120	0.63311
559 G	0.16445	0.21277	0.62278
560 A	0.16735	0.21613	0.61652
561 A	0.16957	0.21599	0.61444
562 A	0.17550	0.21117	0.61332
563 A	0.19050	0.19727	0.61223
564 A	0.20778	0.17277	0.61945
565 T	0.22681	0.14357	0.62963
566 T	0.24254	0.12125	0.63622
567 A	0.24425	0.11072	0.64502
568 T	0.24899	0.09637	0.65464
569 T	0.25164	0.08172	0.66664
570 T	0.25213	0.07732	0.67055
571 A	0.25121	0.08448	0.66431
572 T	0.24968	0.08709	0.66323
573 T	0.23881	0.10542	0.65577
574 A	0.18779	0.16940	0.64281
575 A	0.14056	0.22070	0.63874
576 A	0.11231	0.25518	0.6325
577 A	0.09452	0.27389	0.63159
578 A	0.08878	0.27886	0.63237
579 A	0.08710	0.27577	0.63713
580 A	0.08651	0.27066	0.64283
581 C	0.09092	0.26031	0.64877
582 T	0.10064	0.25139	0.64797
583 T	0.10463	0.25991	0.63547
584 T	0.10386	0.26743	0.62871
585 A	0.09800	0.27547	0.62652
586 T	0.09617	0.27731	0.62652
587 T	0.09338	0.27974	0.62688
588 T	0.08722	0.28585	0.62694
589 C	0.08138	0.29154	0.62707
590 C	0.07881	0.29425	0.62694
591 A	0.07767	0.29574	0.62659
592 A	0.07936	0.29438	0.62626
593 A	0.08498	0.28912	0.6259
594 T	0.09842	0.27617	0.62541
595 G	0.10274	0.27172	0.62554
596 A	0.11146	0.25216	0.63638
597 T	0.12172	0.19010	0.68818
598 A	0.12400	0.14154	0.73445
599 T	0.12916	0.11222	0.75862
600 T	0.13081	0.09832	0.77087
601 A	0.13093	0.09847	0.7706
602 A	0.13130	0.09657	0.77213
603 A	0.13202	0.09252	0.77545
604 G	0.13296	0.08984	0.7772
605 A	0.13615	0.08585	0.778
606 T	0.15089	0.06974	0.77936
607 A	0.15660	0.06245	0.78095
608 T	0.15924	0.05284	0.78791
609 T	0.15915	0.05442	0.78643
610 T	0.15855	0.06671	0.77474
611 T	0.15064	0.12740	0.72196
612 A	0.12218	0.22414	0.65368
613 A	0.10513	0.26973	0.62514
614 A	0.08682	0.31033	0.60286
615 A	0.07809	0.32871	0.5932
616 A	0.07434	0.34046	0.5852
617 A	0.07350	0.34474	0.58176
618 A	0.07547	0.34259	0.58194
619 T	0.07860	0.33920	0.5822
620 A	0.07959	0.33791	0.5825
621 T	0.08157	0.33520	0.58323
622 C	0.08248	0.33385	0.58368
623 C	0.08451	0.33154	0.58394
624 T	0.08767	0.32821	0.58412
625 T	0.08906	0.32673	0.58421
626 T	0.08957	0.32617	0.58427
627 A	0.08981	0.32592	0.58428
628 C	0.09045	0.32519	0.58436
629 G	0.09134	0.32420	0.58446
630 A	0.09329	0.32213	0.58457
631 A	0.09823	0.31698	0.58479
632 A	0.10941	0.30529	0.58531
633 A	0.12906	0.28484	0.5861
634 A	0.18730	0.21625	0.59645
635 T	0.25869	0.11509	0.62622
636 A	0.28388	0.07274	0.64338
637 T	0.30653	0.03146	0.66201
638 C	0.31406	0.01509	0.67085
639 T	0.32075	0.00544	0.67381
640 T	0.32297	0.00181	0.67523
641 A	0.32336	0.00079	0.67586
642 A	0.32363	0.00000	0.67637
