# lcl|CP097583.1_cds_USQ93457.1_1
# AA	inside	membr	outside
1 T	0.28881	0.00000	0.71119
2 T	0.28785	0.00096	0.71119
3 G	0.28691	0.00190	0.71119
4 A	0.28691	0.05550	0.65758
5 C	0.28342	0.13472	0.58186
6 T	0.28342	0.16933	0.54725
7 A	0.22140	0.23978	0.53882
8 A	0.22140	0.23988	0.53871
9 T	0.20943	0.25318	0.53739
10 A	0.20941	0.34164	0.44894
11 A	0.20765	0.35059	0.44175
12 T	0.18627	0.37643	0.4373
13 A	0.11933	0.47618	0.40449
14 A	0.11932	0.47619	0.40448
15 A	0.11932	0.56879	0.31189
16 A	0.11582	0.57229	0.31189
17 A	0.11347	0.57496	0.31157
18 T	0.11344	0.57536	0.3112
19 A	0.11177	0.57710	0.31112
20 A	0.10531	0.58517	0.30952
21 T	0.09583	0.59453	0.30963
22 A	0.09524	0.59496	0.3098
23 C	0.09353	0.59614	0.31033
24 A	0.09511	0.59456	0.31034
25 A	0.09946	0.58826	0.31228
26 C	0.10519	0.58038	0.31442
27 A	0.15504	0.52820	0.31677
28 T	0.24505	0.43583	0.31913
29 T	0.28680	0.38938	0.32381
30 T	0.30022	0.32900	0.37078
31 G	0.27663	0.35081	0.37256
32 C	0.25798	0.34483	0.39719
33 A	0.27136	0.33715	0.39149
34 G	0.26397	0.34677	0.38927
35 A	0.27780	0.32483	0.39736
36 A	0.30942	0.25067	0.43991
37 T	0.31688	0.24138	0.44174
38 A	0.36394	0.18982	0.44625
39 T	0.32299	0.22879	0.44822
40 C	0.24119	0.31267	0.44613
41 A	0.17566	0.40458	0.41976
42 A	0.14961	0.43344	0.41695
43 A	0.14762	0.43218	0.42019
44 G	0.14043	0.43300	0.42656
45 A	0.13964	0.43342	0.42695
46 C	0.13890	0.43000	0.4311
47 C	0.13443	0.43591	0.42965
48 T	0.11541	0.46709	0.4175
49 A	0.07938	0.51786	0.40277
50 A	0.05186	0.55378	0.39437
51 A	0.04887	0.55795	0.39318
52 A	0.04777	0.55902	0.39321
53 A	0.04799	0.54959	0.40241
54 A	0.04980	0.51931	0.43089
55 T	0.05238	0.49346	0.45416
56 T	0.05656	0.47311	0.47033
57 A	0.05420	0.46744	0.47836
58 A	0.05072	0.47141	0.47788
59 A	0.04893	0.46828	0.48279
60 A	0.04777	0.45988	0.49235
61 A	0.04885	0.43678	0.51437
62 A	0.05494	0.38484	0.56023
63 A	0.06174	0.30011	0.63814
64 C	0.08621	0.20809	0.70569
65 C	0.09098	0.18666	0.72237
66 T	0.09233	0.18401	0.72365
67 G	0.09211	0.18277	0.72512
68 A	0.09289	0.18161	0.7255
69 A	0.09514	0.17884	0.72603
70 G	0.09962	0.16803	0.73236
71 T	0.11352	0.12946	0.75702
72 T	0.12701	0.08083	0.79217
73 T	0.13197	0.05167	0.81636
74 T	0.13194	0.04870	0.81937
75 T	0.12913	0.05057	0.82029
76 A	0.12307	0.05669	0.82024
77 A	0.12101	0.05922	0.81976
78 T	0.12041	0.05827	0.82132
79 G	0.11904	0.05710	0.82386
80 A	0.12106	0.05114	0.8278
81 T	0.12711	0.04053	0.83236
82 G	0.12687	0.03857	0.83456
83 C	0.12604	0.03790	0.83607
84 T	0.12561	0.03839	0.836
85 A	0.12512	0.04005	0.83484
86 T	0.12516	0.04052	0.83432
87 T	0.12503	0.04100	0.83398
88 T	0.12450	0.04188	0.83362
89 A	0.12378	0.04231	0.83391
90 T	0.12367	0.04130	0.83502
91 G	0.12195	0.04280	0.83525
92 G	0.12153	0.04339	0.83508
93 T	0.12188	0.04295	0.83517
94 T	0.12226	0.04270	0.83504
95 A	0.12253	0.04247	0.835
96 T	0.12420	0.04007	0.83573
97 A	0.12460	0.03893	0.83646
98 T	0.12548	0.03493	0.83959
99 A	0.12642	0.02933	0.84425
100 T	0.12839	0.02532	0.84628
101 A	0.12866	0.02446	0.84687
102 T	0.12887	0.02294	0.84819
103 A	0.12878	0.02357	0.84766
104 T	0.12892	0.02358	0.8475
105 T	0.12898	0.02268	0.84833
106 G	0.12889	0.02261	0.8485
107 A	0.12889	0.02373	0.84738
108 T	0.12997	0.02339	0.84663
109 T	0.13010	0.02390	0.846
110 A	0.12983	0.02481	0.84536
111 T	0.13007	0.02496	0.84497
112 G	0.12948	0.02696	0.84356
113 A	0.12965	0.02810	0.84226
114 T	0.13053	0.02771	0.84177
115 T	0.13105	0.02923	0.83971
116 T	0.13117	0.03073	0.8381
117 T	0.13105	0.03205	0.8369
118 T	0.13068	0.03380	0.83552
119 T	0.12991	0.03563	0.83446
120 A	0.12843	0.03719	0.83439
121 G	0.12804	0.03758	0.83438
122 A	0.12799	0.03757	0.83444
123 A	0.12815	0.03734	0.83451
124 C	0.12882	0.03643	0.83476
125 A	0.12963	0.03569	0.83468
126 A	0.13129	0.03397	0.83474
127 T	0.13312	0.03210	0.83478
128 T	0.13391	0.03141	0.83469
129 A	0.13417	0.03130	0.83454
130 A	0.13536	0.02976	0.83488
131 T	0.13631	0.02843	0.83525
132 T	0.13600	0.02827	0.83573
133 A	0.13504	0.02870	0.83626
134 A	0.13549	0.02792	0.83659
135 T	0.13756	0.02501	0.83742
136 A	0.13843	0.02384	0.83773
137 C	0.14107	0.02073	0.8382
138 T	0.14431	0.01725	0.83844
139 T	0.14585	0.01543	0.83872
140 T	0.14609	0.01475	0.83916
141 T	0.14514	0.01534	0.83951
142 C	0.14328	0.01677	0.83995
143 C	0.14154	0.01746	0.84099
144 T	0.13942	0.01942	0.84116
145 A	0.13366	0.02513	0.84121
146 T	0.12893	0.02984	0.84123
147 G	0.12443	0.03445	0.84113
148 C	0.12063	0.03846	0.84092
149 A	0.11585	0.04432	0.83983
150 A	0.11408	0.04644	0.83948
151 A	0.11373	0.04684	0.83943
152 G	0.11318	0.04724	0.83959
153 A	0.11253	0.04795	0.83953
154 T	0.11220	0.04741	0.84039
155 T	0.11132	0.04721	0.84147
156 G	0.10949	0.04776	0.84274
157 A	0.10828	0.04867	0.84305
158 G	0.10728	0.04915	0.84357
159 G	0.10674	0.04920	0.84406
160 A	0.10654	0.04932	0.84413
161 G	0.10654	0.04909	0.84437
162 A	0.10653	0.04913	0.84433
163 A	0.10656	0.04900	0.84444
164 T	0.10665	0.04729	0.84606
165 T	0.10665	0.04490	0.84846
166 A	0.10643	0.04331	0.85026
167 A	0.10628	0.04045	0.85328
168 A	0.10625	0.03436	0.8594
169 C	0.10631	0.02836	0.86533
170 A	0.10644	0.02541	0.86815
171 A	0.10691	0.02212	0.87097
172 T	0.10811	0.01721	0.87468
173 T	0.10852	0.01525	0.87623
174 G	0.10864	0.01472	0.87664
175 A	0.10885	0.01330	0.87784
176 G	0.10920	0.01145	0.87935
177 T	0.10976	0.00991	0.88033
178 T	0.11016	0.00839	0.88144
179 T	0.11056	0.00652	0.88292
180 T	0.11083	0.00530	0.88386
181 G	0.11083	0.00459	0.88458
182 T	0.11098	0.00404	0.88499
183 C	0.11107	0.00380	0.88512
184 A	0.11121	0.00385	0.88495
185 A	0.11169	0.00355	0.88476
186 T	0.11242	0.00301	0.88457
187 A	0.11259	0.00330	0.8841
188 T	0.11271	0.00335	0.88394
189 T	0.11277	0.00318	0.88405
190 G	0.11280	0.00321	0.88399
191 T	0.11284	0.00309	0.88407
192 T	0.11286	0.00304	0.8841
193 T	0.11286	0.00302	0.88412
194 T	0.11285	0.00304	0.88411
195 C	0.11280	0.00309	0.88411
196 A	0.11274	0.00322	0.88404
197 G	0.11267	0.00329	0.88403
198 T	0.11261	0.00339	0.884
199 T	0.11249	0.00354	0.88398
200 G	0.11233	0.00371	0.88395
201 T	0.11229	0.00374	0.88397
202 G	0.11210	0.00393	0.88396
203 G	0.11203	0.00400	0.88397
204 T	0.11202	0.00404	0.88395
205 G	0.11194	0.00426	0.8838
206 A	0.11179	0.00456	0.88365
207 A	0.11191	0.00451	0.88358
208 A	0.11208	0.00431	0.8836
209 A	0.11230	0.00406	0.88363
210 T	0.11288	0.00339	0.88373
211 T	0.11307	0.00316	0.88378
212 C	0.11314	0.00303	0.88383
213 T	0.11326	0.00291	0.88383
214 C	0.11320	0.00297	0.88384
215 G	0.11317	0.00302	0.88382
216 T	0.11320	0.00300	0.8838
217 T	0.11319	0.00304	0.88378
218 T	0.11310	0.00310	0.88381
219 T	0.11302	0.00312	0.88386
220 A	0.11261	0.00341	0.88397
221 T	0.11240	0.00350	0.88411
222 T	0.11209	0.00363	0.88428
223 C	0.11133	0.00422	0.88445
224 A	0.11079	0.00474	0.88447
225 T	0.11064	0.00481	0.88455
226 A	0.11042	0.00504	0.88454
227 G	0.11040	0.00503	0.88457
228 T	0.11047	0.00494	0.88459
229 T	0.11050	0.00481	0.88469
230 T	0.11025	0.00512	0.88463
231 A	0.10756	0.00800	0.88444
232 G	0.10665	0.00920	0.88415
233 G	0.10592	0.01039	0.88368
234 A	0.10561	0.01116	0.88323
235 G	0.10545	0.01144	0.8831
236 T	0.10544	0.01157	0.883
237 T	0.10535	0.01172	0.88293
238 T	0.10508	0.01203	0.8829
239 A	0.10445	0.01269	0.88286
240 T	0.10425	0.01282	0.88292
241 G	0.10397	0.01305	0.88298
242 A	0.10387	0.01321	0.88291
243 A	0.10378	0.01305	0.88317
244 T	0.10371	0.01276	0.88353
245 T	0.10350	0.01267	0.88382
246 A	0.10257	0.01307	0.88436
247 G	0.10055	0.01473	0.88472
248 C	0.09943	0.01574	0.88483
249 T	0.09810	0.01756	0.88434
250 A	0.09328	0.02333	0.88338
251 G	0.09062	0.02624	0.88314
252 A	0.08870	0.02872	0.88259
253 A	0.08786	0.03003	0.88211
254 G	0.08760	0.02790	0.8845
255 A	0.08782	0.02716	0.88501
256 T	0.08842	0.02590	0.88568
257 T	0.08877	0.02542	0.88581
258 T	0.08855	0.02566	0.88578
259 T	0.08789	0.02639	0.88571
260 T	0.08698	0.02722	0.8858
261 A	0.08457	0.02948	0.88595
262 G	0.08126	0.03234	0.88639
263 A	0.07777	0.03612	0.88611
264 C	0.07582	0.03815	0.88602
265 A	0.07408	0.04150	0.88443
266 A	0.07374	0.04294	0.88332
267 A	0.07351	0.04399	0.8825
268 A	0.07346	0.04484	0.88171
269 A	0.07360	0.04439	0.88201
270 T	0.07396	0.04178	0.88426
271 A	0.07406	0.04047	0.88547
272 A	0.07472	0.03819	0.88709
273 T	0.07565	0.03270	0.89164
274 A	0.07593	0.02998	0.8941
275 G	0.07650	0.02762	0.89588
276 T	0.07736	0.02599	0.89665
277 A	0.07764	0.02542	0.89694
278 T	0.07800	0.02470	0.8973
279 T	0.07814	0.02443	0.89744
280 T	0.07819	0.02427	0.89754
281 T	0.07756	0.02510	0.89734
282 A	0.07641	0.02828	0.8953
283 A	0.07543	0.03107	0.89351
284 A	0.07491	0.02992	0.89516
285 A	0.07486	0.02694	0.8982
286 G	0.07523	0.02298	0.90178
287 G	0.07565	0.02116	0.90318
288 C	0.07737	0.01913	0.9035
289 A	0.07855	0.02091	0.90055
290 T	0.07953	0.02236	0.89811
291 A	0.08033	0.02436	0.89531
292 T	0.08080	0.02412	0.89508
293 T	0.08090	0.02424	0.89486
294 T	0.08095	0.02408	0.89497
295 A	0.08091	0.02410	0.895
296 C	0.08087	0.02405	0.89508
297 T	0.08090	0.02403	0.89507
298 C	0.08074	0.02421	0.89505
299 A	0.08051	0.02465	0.89484
300 T	0.08046	0.02496	0.89458
301 A	0.08032	0.02532	0.89435
302 G	0.08059	0.02511	0.8943
303 A	0.08095	0.02471	0.89434
304 G	0.08169	0.02307	0.89524
305 A	0.08410	0.01961	0.89629
306 T	0.08666	0.01614	0.8972
307 C	0.08710	0.01546	0.89743
308 A	0.08744	0.01550	0.89706
309 A	0.08793	0.01497	0.8971
310 A	0.08889	0.01396	0.89715
311 T	0.09061	0.01218	0.89721
312 G	0.09321	0.00956	0.89724
313 C	0.09572	0.00695	0.89733
314 T	0.09819	0.00449	0.89732
315 T	0.09849	0.00422	0.89729
316 T	0.09860	0.00416	0.89724
317 T	0.09856	0.00421	0.89722
318 A	0.09846	0.00447	0.89707
319 T	0.09843	0.00435	0.89722
320 T	0.09810	0.00459	0.89731
321 A	0.09767	0.00483	0.8975
322 A	0.09760	0.00456	0.89784
323 C	0.09749	0.00430	0.89821
324 T	0.09739	0.00428	0.89834
325 A	0.09694	0.00468	0.89839
326 C	0.09692	0.00465	0.89842
327 A	0.09697	0.00462	0.89841
328 G	0.09708	0.00452	0.89839
329 C	0.09720	0.00440	0.8984
330 T	0.09753	0.00415	0.89831
331 T	0.09787	0.00404	0.89809
332 T	0.09787	0.00422	0.89791
333 A	0.09783	0.00428	0.89789
334 T	0.09783	0.00430	0.89787
335 T	0.09782	0.00427	0.89792
336 A	0.09778	0.00427	0.89794
337 C	0.09779	0.00421	0.89801
338 A	0.09783	0.00418	0.89799
339 T	0.09783	0.00413	0.89804
340 G	0.09782	0.00413	0.89805
341 A	0.09795	0.00398	0.89806
342 T	0.09799	0.00393	0.89808
343 G	0.09800	0.00350	0.89851
344 T	0.09801	0.00303	0.89896
345 A	0.09797	0.00279	0.89924
346 G	0.09795	0.00243	0.89962
347 G	0.09792	0.00218	0.89989
348 C	0.09792	0.00175	0.90033
349 C	0.09791	0.00173	0.90036
350 A	0.09794	0.00171	0.90035
351 T	0.09799	0.00167	0.90034
352 G	0.09802	0.00164	0.90034
353 G	0.09811	0.00156	0.90033
354 T	0.09835	0.00133	0.90033
355 T	0.09850	0.00119	0.90031
356 C	0.09851	0.00123	0.90027
357 T	0.09853	0.00168	0.89979
358 T	0.09851	0.00175	0.89975
359 A	0.09845	0.00181	0.89974
360 T	0.09845	0.00178	0.89977
361 T	0.09844	0.00178	0.89978
362 C	0.09842	0.00172	0.89986
363 T	0.09844	0.00167	0.8999
364 C	0.09841	0.00168	0.89992
365 A	0.09840	0.00172	0.89989
366 T	0.09844	0.00172	0.89985
367 G	0.09838	0.00186	0.89976
368 T	0.09835	0.00191	0.89974
369 T	0.09829	0.00205	0.89965
370 T	0.09809	0.00233	0.89958
371 T	0.09778	0.00269	0.89953
372 T	0.09694	0.00360	0.89947
373 G	0.09458	0.00612	0.89929
374 A	0.09349	0.00735	0.89917
375 G	0.09266	0.00829	0.89905
376 G	0.09210	0.00907	0.89883
377 A	0.09112	0.01037	0.89852
378 A	0.09043	0.01128	0.8983
379 A	0.09022	0.01174	0.89804
380 T	0.09038	0.01160	0.89802
381 T	0.08974	0.01224	0.89802
382 T	0.08803	0.01398	0.89799
383 T	0.08466	0.01747	0.89787
384 C	0.07269	0.02967	0.89764
385 G	0.06216	0.04043	0.8974
386 A	0.05673	0.04603	0.89724
387 A	0.05218	0.05071	0.89711
388 A	0.05040	0.05259	0.89701
389 C	0.04962	0.05343	0.89695
390 T	0.04916	0.05387	0.89697
391 A	0.04834	0.05478	0.89688
392 A	0.04807	0.05507	0.89686
393 T	0.04732	0.05562	0.89706
394 C	0.04597	0.05678	0.89725
395 A	0.04422	0.05843	0.89735
396 T	0.04230	0.05925	0.89845
397 G	0.03905	0.06245	0.8985
398 A	0.03701	0.06474	0.89826
399 A	0.03594	0.06635	0.8977
400 A	0.03514	0.06703	0.89782
401 A	0.03464	0.06740	0.89795
402 A	0.03417	0.06818	0.89765
403 A	0.03343	0.06906	0.89751
404 A	0.03292	0.06913	0.89795
405 A	0.03283	0.06752	0.89965
406 A	0.03282	0.06311	0.90406
407 G	0.03299	0.05117	0.91585
408 T	0.03317	0.04102	0.9258
409 G	0.03322	0.03685	0.92994
410 C	0.03322	0.03428	0.9325
411 A	0.03326	0.03645	0.93029
412 G	0.03330	0.03850	0.9282
413 A	0.03334	0.04261	0.92405
414 A	0.03341	0.04740	0.91919
415 A	0.03367	0.05085	0.91548
416 T	0.03401	0.05347	0.91251
417 A	0.03407	0.05790	0.90802
418 A	0.03457	0.05702	0.90841
419 T	0.03520	0.05490	0.90991
420 T	0.03542	0.05311	0.91147
421 G	0.03522	0.05512	0.90965
422 A	0.03546	0.05633	0.90821
423 A	0.03605	0.05534	0.90861
424 A	0.03657	0.05442	0.90901
425 A	0.03752	0.05284	0.90964
426 A	0.03857	0.05099	0.91043
427 C	0.03994	0.04886	0.91119
428 A	0.04160	0.04702	0.91137
429 T	0.04276	0.04565	0.9116
430 T	0.04332	0.04495	0.91173
431 C	0.04385	0.04430	0.91186
432 T	0.04456	0.04357	0.91188
433 C	0.04522	0.04280	0.91198
434 A	0.04696	0.04123	0.91181
435 G	0.04942	0.03886	0.91173
436 A	0.05423	0.03413	0.91163
437 T	0.06099	0.02734	0.91167
438 T	0.06574	0.02275	0.91151
439 G	0.07005	0.01876	0.91119
440 T	0.07689	0.01203	0.91107
441 T	0.07895	0.01036	0.91069
442 T	0.07966	0.01000	0.91034
443 A	0.08008	0.00977	0.91015
444 T	0.08243	0.00747	0.91009
445 A	0.08347	0.00721	0.90932
446 T	0.08366	0.00720	0.90914
447 T	0.08339	0.00767	0.90895
448 T	0.08257	0.00886	0.90857
449 T	0.08149	0.01026	0.90824
450 A	0.07880	0.01341	0.90778
451 G	0.07653	0.01604	0.90743
452 A	0.07381	0.01950	0.9067
453 T	0.07296	0.02045	0.90659
454 A	0.07158	0.02213	0.90629
455 A	0.07042	0.02338	0.90621
456 A	0.06957	0.02422	0.90621
457 C	0.06894	0.02481	0.90625
458 T	0.06875	0.02518	0.90606
459 A	0.06856	0.02543	0.906
460 G	0.06860	0.02541	0.90599
461 A	0.06892	0.02512	0.90596
462 T	0.06959	0.02443	0.90598
463 C	0.07004	0.02389	0.90606
464 T	0.07081	0.02313	0.90606
465 T	0.07125	0.02270	0.90606
466 G	0.07151	0.02245	0.90604
467 A	0.07188	0.02210	0.90603
468 T	0.07312	0.02080	0.90608
469 T	0.07361	0.01972	0.90666
470 T	0.07395	0.01866	0.90739
471 T	0.07375	0.01802	0.90823
472 A	0.07315	0.01784	0.90901
473 A	0.07315	0.01572	0.91113
474 A	0.07314	0.01373	0.91313
475 T	0.07361	0.01038	0.91601
476 A	0.07339	0.00966	0.91694
477 T	0.07332	0.00851	0.91816
478 G	0.07252	0.00871	0.91877
479 A	0.07191	0.00876	0.91934
480 T	0.07161	0.00838	0.92
481 G	0.07104	0.00867	0.9203
482 T	0.07066	0.00896	0.92038
483 C	0.06968	0.01013	0.92018
484 G	0.06871	0.01128	0.92001
485 C	0.06837	0.01173	0.9199
486 T	0.06801	0.01267	0.91932
487 T	0.06689	0.01474	0.91837
488 C	0.06401	0.01910	0.91689
489 T	0.06151	0.02501	0.91349
490 A	0.05900	0.02972	0.91128
491 T	0.05801	0.03179	0.9102
492 A	0.05436	0.03671	0.90893
493 A	0.05156	0.04035	0.90809
494 T	0.05004	0.04223	0.90773
495 T	0.04708	0.04531	0.9076
496 A	0.04227	0.05088	0.90684
497 A	0.04006	0.05376	0.90617
498 A	0.03868	0.05583	0.90549
499 A	0.03800	0.05662	0.90538
500 A	0.03780	0.05664	0.90556
501 A	0.03796	0.05592	0.90613
502 G	0.03798	0.05547	0.90655
503 A	0.03807	0.05561	0.90632
504 A	0.03820	0.05557	0.90623
505 A	0.03845	0.05569	0.90586
506 A	0.03891	0.05495	0.90615
507 T	0.03943	0.05373	0.90684
508 A	0.03974	0.05340	0.90686
509 A	0.04072	0.05201	0.90726
510 A	0.04203	0.04905	0.90893
511 T	0.04415	0.04333	0.91252
512 T	0.04724	0.03734	0.91542
513 T	0.04907	0.03364	0.91728
514 A	0.04959	0.03242	0.91799
515 A	0.05034	0.02852	0.92113
516 G	0.05104	0.02404	0.92492
517 T	0.05213	0.02156	0.92631
518 T	0.05295	0.01949	0.92756
519 G	0.05352	0.01940	0.92709
520 A	0.05414	0.02378	0.92207
521 T	0.05479	0.02668	0.91853
522 T	0.05477	0.02692	0.91831
523 G	0.05420	0.02801	0.91779
524 A	0.05245	0.03125	0.91629
525 A	0.05200	0.03184	0.91616
526 C	0.05208	0.03185	0.91606
527 A	0.05241	0.03208	0.91551
528 A	0.05331	0.03147	0.91522
529 C	0.05426	0.03064	0.9151
530 T	0.05480	0.03046	0.91474
531 T	0.05517	0.03050	0.91433
532 T	0.05524	0.03058	0.91417
533 T	0.05518	0.03083	0.91398
534 A	0.05506	0.03119	0.91375
535 A	0.05493	0.03159	0.91348
536 C	0.05507	0.03144	0.9135
537 A	0.05548	0.03102	0.91351
538 A	0.05612	0.03033	0.91354
539 G	0.05722	0.02916	0.91362
540 T	0.05944	0.02692	0.91365
541 C	0.06094	0.02542	0.91364
542 A	0.06382	0.02249	0.91369
543 A	0.06910	0.01708	0.91383
544 T	0.07324	0.01268	0.91407
545 T	0.07382	0.01175	0.91443
546 A	0.07426	0.01082	0.91492
547 G	0.07544	0.00755	0.917
548 A	0.07573	0.00650	0.91776
549 T	0.07610	0.00549	0.91841
550 T	0.07659	0.00459	0.91882
551 T	0.07669	0.00436	0.91895
552 C	0.07616	0.00479	0.91905
553 G	0.07577	0.00522	0.91901
554 A	0.07550	0.00560	0.91891
555 T	0.07539	0.00577	0.91884
556 C	0.07510	0.00667	0.91823
557 G	0.07512	0.00733	0.91755
558 T	0.07524	0.00809	0.91667
559 T	0.07504	0.00945	0.91551
560 T	0.07475	0.01038	0.91487
561 A	0.07440	0.01180	0.91381
562 G	0.07418	0.01217	0.91365
563 A	0.07410	0.01241	0.91349
564 T	0.07402	0.01244	0.91355
565 T	0.07399	0.01244	0.91357
566 A	0.07381	0.01259	0.9136
567 T	0.07370	0.01266	0.91363
568 T	0.07343	0.01287	0.9137
569 T	0.07295	0.01328	0.91377
570 A	0.07226	0.01400	0.91375
571 A	0.07197	0.01430	0.91373
572 A	0.07179	0.01446	0.91375
573 A	0.07164	0.01449	0.91387
574 A	0.07157	0.01427	0.91416
575 G	0.07155	0.01365	0.9148
576 A	0.07164	0.01309	0.91528
577 G	0.07191	0.01227	0.91581
578 A	0.07239	0.01149	0.91613
579 T	0.07382	0.00950	0.91668
580 G	0.07461	0.00839	0.917
581 C	0.07604	0.00664	0.91732
582 T	0.07721	0.00529	0.91749
583 T	0.07768	0.00468	0.91764
584 T	0.07797	0.00426	0.91777
585 T	0.07804	0.00408	0.91788
586 T	0.07806	0.00406	0.91788
587 T	0.07802	0.00385	0.91813
588 T	0.07783	0.00382	0.91835
589 G	0.07748	0.00395	0.91856
590 T	0.07732	0.00389	0.91879
591 G	0.07685	0.00418	0.91898
592 G	0.07649	0.00432	0.91919
593 G	0.07636	0.00411	0.91952
594 G	0.07634	0.00407	0.91959
595 G	0.07637	0.00412	0.91951
596 T	0.07644	0.00401	0.91956
597 A	0.07645	0.00405	0.91951
598 A	0.07647	0.00411	0.91942
599 G	0.07651	0.00416	0.91934
600 C	0.07651	0.00430	0.91919
601 T	0.07651	0.00500	0.91849
602 A	0.07647	0.00580	0.91773
603 T	0.07647	0.00606	0.91747
604 G	0.07641	0.00634	0.91726
605 G	0.07617	0.00686	0.91697
606 T	0.07597	0.00732	0.91671
607 T	0.07572	0.00774	0.91654
608 A	0.07519	0.00843	0.91638
609 T	0.07484	0.00882	0.91634
610 A	0.07376	0.01007	0.91616
611 T	0.07346	0.01030	0.91624
612 T	0.07300	0.01084	0.91616
613 G	0.07201	0.01182	0.91617
614 A	0.07169	0.01183	0.91648
615 T	0.07140	0.01179	0.91681
616 T	0.07055	0.01251	0.91694
617 C	0.06949	0.01347	0.91704
618 C	0.06896	0.01399	0.91705
619 G	0.06823	0.01473	0.91703
620 A	0.06801	0.01499	0.91701
621 A	0.06792	0.01511	0.91697
622 C	0.06810	0.01494	0.91697
623 G	0.06827	0.01481	0.91692
624 T	0.06898	0.01416	0.91686
625 T	0.06958	0.01364	0.91677
626 T	0.06958	0.01374	0.91667
627 A	0.06924	0.01427	0.91649
628 A	0.06900	0.01440	0.9166
629 T	0.06854	0.01479	0.91668
630 T	0.06662	0.01675	0.91663
631 A	0.06064	0.02334	0.91601
632 G	0.05644	0.02816	0.9154
633 G	0.05318	0.03339	0.91343
634 A	0.04926	0.04224	0.90851
635 G	0.04750	0.04519	0.90731
636 T	0.04618	0.04844	0.90538
637 A	0.04295	0.05637	0.90068
638 T	0.04124	0.05983	0.89893
639 G	0.03670	0.06790	0.8954
640 G	0.03466	0.07797	0.88737
641 A	0.03344	0.08497	0.88159
642 A	0.03241	0.09094	0.87664
643 A	0.03166	0.09474	0.8736
644 T	0.03127	0.09614	0.87259
645 A	0.03060	0.09873	0.87066
646 G	0.03012	0.09996	0.86992
647 A	0.02991	0.10131	0.86877
648 T	0.02991	0.10175	0.86833
649 A	0.02980	0.10228	0.86792
650 A	0.02988	0.10217	0.86795
651 A	0.03008	0.10171	0.86821
652 A	0.03041	0.10054	0.86905
653 A	0.03099	0.09826	0.87075
654 A	0.03247	0.09198	0.87555
655 A	0.03393	0.08724	0.87882
656 A	0.03727	0.08180	0.88093
657 T	0.04333	0.07286	0.88382
658 A	0.04485	0.07351	0.88164
659 A	0.04809	0.07112	0.8808
660 T	0.05364	0.06562	0.88075
661 A	0.05606	0.06774	0.8762
662 A	0.06049	0.06215	0.87736
663 T	0.06978	0.05485	0.87537
664 A	0.07424	0.05253	0.87323
665 T	0.07890	0.04794	0.87315
666 T	0.08108	0.04647	0.87246
667 G	0.08148	0.04693	0.87159
668 T	0.08268	0.04552	0.87181
669 G	0.08249	0.04570	0.87181
670 T	0.08325	0.04504	0.87171
671 T	0.08303	0.04560	0.87136
672 C	0.07995	0.04925	0.8708
673 A	0.07827	0.05250	0.86923
674 A	0.07533	0.05733	0.86734
675 A	0.07344	0.06123	0.86533
676 A	0.07196	0.06586	0.86218
677 A	0.07143	0.06689	0.86169
678 A	0.07182	0.06691	0.86127
679 A	0.07262	0.06667	0.86071
680 G	0.07441	0.06485	0.86074
681 C	0.07910	0.06007	0.86083
682 A	0.08170	0.05815	0.86015
683 A	0.08549	0.05460	0.85992
684 T	0.09284	0.04718	0.85997
685 A	0.09560	0.04432	0.86007
686 T	0.10007	0.03970	0.86023
687 T	0.10281	0.03612	0.86107
688 T	0.10345	0.03481	0.86175
689 C	0.10379	0.03351	0.8627
690 T	0.10425	0.03278	0.86297
691 G	0.10421	0.03282	0.86297
692 T	0.10447	0.03240	0.86313
693 T	0.10467	0.03255	0.86277
694 A	0.10481	0.03296	0.86222
695 T	0.10531	0.02940	0.86529
696 A	0.10613	0.02724	0.86663
697 G	0.10740	0.02330	0.8693
698 A	0.10900	0.02078	0.87022
699 A	0.11191	0.01680	0.8713
700 A	0.11261	0.01575	0.87164
701 A	0.11367	0.01433	0.87201
702 T	0.11514	0.01215	0.87271
703 T	0.11558	0.01162	0.87279
704 A	0.11569	0.01223	0.87207
705 T	0.11620	0.01208	0.87171
706 T	0.11635	0.01374	0.86991
707 T	0.11634	0.01484	0.86882
708 A	0.11624	0.01593	0.86783
709 A	0.11624	0.01710	0.86667
710 T	0.11627	0.01727	0.86646
711 T	0.11625	0.01726	0.8665
712 A	0.11618	0.01724	0.86658
713 G	0.11635	0.01681	0.86684
714 T	0.11674	0.01628	0.86698
715 C	0.11696	0.01598	0.86706
716 G	0.11753	0.01603	0.86644
717 T	0.11849	0.01502	0.86649
718 T	0.11883	0.01476	0.86641
719 A	0.11896	0.01462	0.86642
720 T	0.11938	0.01422	0.8664
721 C	0.11983	0.01372	0.86645
722 A	0.12016	0.01374	0.8661
723 T	0.12098	0.01294	0.86608
724 A	0.12132	0.01271	0.86598
725 T	0.12173	0.01233	0.86594
726 G	0.12210	0.01198	0.86593
727 C	0.12303	0.01096	0.866
728 A	0.12384	0.01014	0.86601
729 T	0.12612	0.00782	0.86606
730 T	0.12713	0.00678	0.86608
731 C	0.12772	0.00617	0.86611
732 T	0.12774	0.00668	0.86558
733 A	0.12674	0.00828	0.86498
734 T	0.12575	0.00988	0.86438
735 A	0.12369	0.01240	0.86391
736 G	0.12289	0.01336	0.86375
737 T	0.12221	0.01421	0.86358
738 A	0.12090	0.01614	0.86296
739 T	0.12063	0.01703	0.86234
740 A	0.11827	0.02098	0.86075
741 T	0.11748	0.02186	0.86065
742 A	0.11628	0.02318	0.86054
743 A	0.11590	0.02357	0.86053
744 T	0.11593	0.02342	0.86064
745 C	0.11601	0.02322	0.86078
746 A	0.11595	0.02331	0.86075
747 T	0.11600	0.02321	0.86079
748 T	0.11595	0.02330	0.86075
749 C	0.11578	0.02351	0.86071
750 T	0.11511	0.02444	0.86045
751 A	0.11434	0.02538	0.86028
752 A	0.11410	0.02566	0.86024
753 A	0.11406	0.02562	0.86032
754 G	0.11417	0.02535	0.86049
755 T	0.11481	0.02367	0.86152
756 A	0.11542	0.02188	0.8627
757 T	0.11624	0.01974	0.86402
758 T	0.11670	0.01726	0.86604
759 A	0.11675	0.01662	0.86663
760 G	0.11688	0.01592	0.8672
761 G	0.11745	0.01500	0.86755
762 A	0.11813	0.01489	0.86698
763 T	0.11972	0.01092	0.86936
764 T	0.11999	0.00972	0.87029
765 T	0.12016	0.00865	0.87118
766 T	0.12013	0.00839	0.87148
767 C	0.12002	0.00837	0.87161
768 A	0.11985	0.00860	0.87156
769 G	0.11980	0.00881	0.87139
770 T	0.11990	0.00937	0.87072
771 T	0.11986	0.01053	0.86961
772 A	0.11953	0.01362	0.86685
773 T	0.11935	0.01512	0.86553
774 T	0.11914	0.01823	0.86263
775 T	0.11860	0.02108	0.86032
776 T	0.11781	0.02408	0.85811
777 T	0.11707	0.02984	0.8531
778 A	0.11566	0.03474	0.8496
779 G	0.11438	0.03627	0.84934
780 A	0.11345	0.03741	0.84914
781 A	0.11314	0.03782	0.84904
782 A	0.11306	0.03786	0.84908
783 C	0.11348	0.03739	0.84912
784 A	0.11433	0.03662	0.84904
785 T	0.11574	0.03527	0.84898
786 T	0.11569	0.03537	0.84893
787 T	0.11564	0.03548	0.84889
788 T	0.11531	0.03591	0.84878
789 T	0.11406	0.03722	0.84872
790 A	0.10943	0.04198	0.84859
791 A	0.10235	0.04923	0.84842
792 A	0.10133	0.05021	0.84846
793 A	0.10148	0.05004	0.84848
794 G	0.10229	0.04901	0.84871
795 A	0.10513	0.04558	0.8493
796 C	0.10804	0.04134	0.85062
797 T	0.11277	0.03619	0.85105
798 T	0.11528	0.03305	0.85167
799 C	0.11666	0.03126	0.85208
800 T	0.12049	0.02735	0.85215
801 T	0.12236	0.02527	0.85236
802 T	0.12212	0.02495	0.85293
803 G	0.12059	0.02701	0.8524
804 T	0.12021	0.02792	0.85187
805 T	0.11951	0.02920	0.8513
806 T	0.11849	0.03109	0.85042
807 A	0.11703	0.03392	0.84905
808 T	0.11621	0.03573	0.84806
809 T	0.11472	0.03905	0.84624
810 A	0.11192	0.04729	0.84078
811 A	0.10809	0.05274	0.83918
812 A	0.09653	0.06488	0.83859
813 A	0.09239	0.06632	0.84128
814 G	0.08752	0.06534	0.84714
815 G	0.08539	0.06767	0.84695
816 A	0.08436	0.07056	0.84508
817 A	0.08366	0.07344	0.84289
818 A	0.08348	0.07557	0.84095
819 T	0.08358	0.07726	0.83916
820 T	0.08341	0.08308	0.83351
821 A	0.08280	0.09417	0.82302
822 T	0.08261	0.10636	0.81103
823 A	0.08178	0.13108	0.78714
824 A	0.08151	0.13277	0.78571
825 A	0.08154	0.13225	0.78621
826 T	0.08247	0.12921	0.78832
827 T	0.08191	0.12857	0.78952
828 C	0.07965	0.12964	0.79071
829 C	0.07916	0.13022	0.79061
830 A	0.07939	0.13144	0.78917
831 A	0.07957	0.13238	0.78805
832 A	0.08121	0.13195	0.78683
833 T	0.08648	0.12639	0.78714
834 A	0.08479	0.12716	0.78806
835 G	0.08382	0.11955	0.79662
836 A	0.08271	0.11938	0.79792
837 T	0.08114	0.11984	0.79903
838 A	0.07756	0.13085	0.79159
839 A	0.07450	0.13824	0.78727
840 G	0.07533	0.14082	0.78385
841 G	0.07709	0.14227	0.78065
842 A	0.07941	0.14212	0.77847
843 A	0.08633	0.13606	0.77761
844 A	0.09683	0.12657	0.77659
845 A	0.10887	0.11445	0.77668
846 T	0.13125	0.09129	0.77747
847 A	0.13295	0.08880	0.77825
848 A	0.13370	0.08675	0.77955
849 T	0.13471	0.08399	0.78129
850 T	0.13506	0.08184	0.7831
851 C	0.13497	0.07931	0.78573
852 T	0.13524	0.07845	0.78631
853 A	0.13572	0.07781	0.78647
854 A	0.13637	0.07704	0.78659
855 T	0.13818	0.07527	0.78655
856 A	0.13902	0.07511	0.78587
857 G	0.14138	0.06958	0.78904
858 T	0.14787	0.05961	0.79251
859 A	0.15126	0.05294	0.7958
860 T	0.15658	0.04375	0.79967
861 T	0.16497	0.03183	0.8032
862 C	0.16944	0.02349	0.80707
863 T	0.17339	0.01865	0.80795
864 T	0.17641	0.01514	0.80845
865 T	0.17774	0.01399	0.80827
866 C	0.17757	0.01475	0.80768
867 T	0.17817	0.01634	0.80549
868 A	0.17756	0.02057	0.80187
869 T	0.17739	0.02248	0.80013
870 T	0.17687	0.02571	0.79742
871 T	0.17616	0.03119	0.79265
872 T	0.17505	0.03635	0.7886
873 A	0.17331	0.04532	0.78137
874 A	0.17254	0.05506	0.7724
875 G	0.17201	0.05892	0.76907
876 A	0.17173	0.06590	0.76238
877 A	0.17014	0.07532	0.75454
878 A	0.16993	0.07876	0.75131
879 A	0.16997	0.07888	0.75115
880 T	0.17036	0.07835	0.75128
881 T	0.16951	0.07916	0.75133
882 T	0.16864	0.08027	0.75109
883 C	0.16688	0.08278	0.75034
884 A	0.16448	0.08821	0.74732
885 G	0.16330	0.09276	0.74393
886 A	0.16275	0.10005	0.73719
887 A	0.16223	0.10373	0.73405
888 A	0.16259	0.10364	0.73377
889 A	0.16338	0.10209	0.73453
890 A	0.16585	0.09892	0.73523
891 T	0.17022	0.09275	0.73702
892 C	0.17168	0.08976	0.73855
893 C	0.17443	0.08617	0.7394
894 C	0.17850	0.08180	0.73971
895 G	0.18212	0.07843	0.73945
896 A	0.18889	0.07185	0.73926
897 T	0.19856	0.06248	0.73895
898 G	0.20152	0.05958	0.7389
899 A	0.20728	0.05363	0.73909
900 T	0.21507	0.04325	0.74168
901 A	0.21763	0.03949	0.74288
902 T	0.21847	0.03691	0.74462
903 T	0.21863	0.03583	0.74554
904 C	0.21811	0.03502	0.74687
905 A	0.21802	0.03465	0.74732
906 A	0.21886	0.03257	0.74857
907 G	0.22134	0.02797	0.75069
908 C	0.22467	0.02362	0.75171
909 T	0.23134	0.01673	0.75194
910 T	0.23397	0.01348	0.75255
911 A	0.23406	0.01320	0.75273
912 T	0.23401	0.01301	0.75298
913 T	0.23374	0.01329	0.75298
914 T	0.23319	0.01414	0.75267
915 G	0.23073	0.01759	0.75168
916 G	0.22900	0.02236	0.74865
917 A	0.22831	0.02468	0.747
918 T	0.22782	0.02659	0.74559
919 A	0.22694	0.03028	0.74278
920 T	0.22693	0.03109	0.74198
921 T	0.22649	0.03251	0.74099
922 G	0.22585	0.03455	0.7396
923 A	0.22561	0.03710	0.73729
924 T	0.22521	0.03941	0.73538
925 G	0.22461	0.04158	0.73381
926 A	0.22468	0.04359	0.73173
927 T	0.22477	0.04405	0.73118
928 T	0.22476	0.04471	0.73054
929 T	0.22459	0.04561	0.7298
930 T	0.22433	0.04659	0.72908
931 T	0.22341	0.04851	0.72808
932 A	0.22228	0.05037	0.72736
933 T	0.22169	0.05114	0.72718
934 A	0.22061	0.05227	0.72712
935 T	0.22029	0.05244	0.72726
936 A	0.21870	0.05403	0.72727
937 A	0.21860	0.05360	0.7278
938 A	0.21980	0.05020	0.73001
939 T	0.22361	0.04443	0.73197
940 A	0.22498	0.04218	0.73283
941 C	0.22721	0.03860	0.73418
942 T	0.23020	0.03499	0.7348
943 T	0.23125	0.03396	0.73479
944 T	0.23212	0.03279	0.73509
945 A	0.23305	0.03167	0.73529
946 A	0.23525	0.02958	0.73517
947 T	0.23790	0.02642	0.73567
948 C	0.23947	0.02470	0.73584
949 T	0.24171	0.02575	0.73254
950 T	0.24279	0.02762	0.72959
951 T	0.24362	0.03074	0.72564
952 T	0.24337	0.04110	0.71553
953 A	0.24164	0.05610	0.70225
954 T	0.24084	0.06870	0.69046
955 T	0.23887	0.08308	0.67806
956 T	0.22356	0.10996	0.66648
957 A	0.19180	0.15228	0.65592
958 A	0.17399	0.17530	0.65071
959 A	0.15981	0.19383	0.64636
960 A	0.15166	0.20333	0.64501
961 G	0.14877	0.20779	0.64344
962 A	0.14735	0.21192	0.64073
963 T	0.14682	0.21613	0.63705
964 G	0.14514	0.22446	0.63039
965 A	0.14438	0.23021	0.62541
966 A	0.14273	0.23446	0.62281
967 A	0.14180	0.23703	0.62117
968 A	0.14124	0.23899	0.61977
969 A	0.14135	0.23863	0.62002
970 G	0.14205	0.23762	0.62033
971 A	0.14390	0.23533	0.62078
972 T	0.14921	0.22915	0.62164
973 C	0.15302	0.22434	0.62263
974 A	0.15756	0.21970	0.62273
975 A	0.16885	0.20776	0.62339
976 A	0.18329	0.19117	0.62554
977 T	0.20118	0.17026	0.62856
978 T	0.21591	0.15249	0.63159
979 T	0.22638	0.12289	0.65073
980 T	0.23290	0.08712	0.67999
981 A	0.23525	0.06906	0.69569
982 T	0.23924	0.05169	0.70908
983 C	0.24078	0.04259	0.71663
984 T	0.24327	0.03818	0.71855
985 G	0.24554	0.03510	0.71936
986 A	0.25007	0.03019	0.71974
987 T	0.25736	0.02164	0.72099
988 T	0.26141	0.01720	0.7214
989 T	0.26289	0.01371	0.7234
990 A	0.26342	0.01231	0.72427
991 T	0.26470	0.01026	0.72505
992 G	0.26327	0.01168	0.72505
993 T	0.26223	0.01376	0.72401
994 T	0.25966	0.01864	0.72171
995 T	0.25561	0.02389	0.72051
996 T	0.24933	0.03107	0.7196
997 G	0.23957	0.04184	0.71859
998 A	0.23660	0.04647	0.71694
999 T	0.23538	0.05018	0.71444
1000 T	0.23429	0.05648	0.70923
1001 T	0.23284	0.06306	0.7041
1002 T	0.23041	0.06855	0.70105
1003 T	0.22603	0.07714	0.69684
1004 T	0.22195	0.08426	0.69378
1005 A	0.21653	0.09009	0.69339
1006 A	0.21362	0.09295	0.69343
1007 A	0.21217	0.09428	0.69355
1008 T	0.21143	0.09445	0.69412
1009 C	0.20933	0.09660	0.69407
1010 G	0.20684	0.10141	0.69175
1011 T	0.20554	0.10854	0.68592
1012 A	0.20329	0.12046	0.67626
1013 A	0.20260	0.12500	0.67241
1014 G	0.20252	0.12847	0.66901
1015 A	0.20298	0.13107	0.66596
1016 T	0.20457	0.12827	0.66715
1017 T	0.20681	0.12325	0.66994
1018 T	0.20740	0.12037	0.67223
1019 G	0.20735	0.11708	0.67557
1020 G	0.20779	0.11177	0.68044
1021 A	0.20894	0.11121	0.67986
1022 G	0.21199	0.11005	0.67796
1023 T	0.21909	0.10651	0.6744
1024 T	0.22472	0.11148	0.6638
1025 G	0.22589	0.12551	0.6486
1026 T	0.22808	0.14147	0.63045
1027 T	0.22803	0.17603	0.59595
1028 T	0.22558	0.20160	0.57283
1029 A	0.21991	0.24430	0.53579
1030 G	0.21533	0.27313	0.51154
1031 A	0.21176	0.30302	0.48522
1032 A	0.21008	0.32417	0.46574
1033 A	0.20994	0.34478	0.44529
1034 A	0.21479	0.36809	0.41712
1035 T	0.22503	0.37121	0.40377
1036 A	0.22762	0.37226	0.40012
1037 A	0.23068	0.37260	0.39672
1038 T	0.23633	0.36976	0.39391
1039 T	0.23764	0.37071	0.39164
1040 C	0.23224	0.37826	0.3895
1041 T	0.22450	0.39516	0.38035
1042 A	0.20102	0.43240	0.36657
1043 A	0.17466	0.47233	0.35301
1044 A	0.14668	0.51613	0.33719
1045 A	0.12972	0.55343	0.31685
1046 A	0.11742	0.58900	0.29358
1047 A	0.11805	0.61124	0.27072
1048 A	0.13327	0.60459	0.26213
1049 A	0.15472	0.58756	0.25772
1050 T	0.19160	0.55404	0.25435
1051 A	0.18876	0.56639	0.24485
1052 A	0.20125	0.55478	0.24397
1053 A	0.19775	0.55550	0.24675
1054 G	0.18662	0.56428	0.2491
1055 A	0.18132	0.56852	0.25015
1056 A	0.17409	0.57365	0.25226
1057 C	0.18957	0.55673	0.25371
1058 A	0.18736	0.55983	0.25281
1059 A	0.18256	0.56415	0.2533
1060 A	0.17651	0.56968	0.2538
1061 T	0.17386	0.57089	0.25526
1062 T	0.15771	0.58534	0.25696
1063 G	0.12417	0.61064	0.26519
1064 A	0.11561	0.61052	0.27387
1065 A	0.11921	0.58786	0.29294
1066 A	0.12678	0.55895	0.31427
1067 A	0.14063	0.51833	0.34104
1068 A	0.16094	0.47997	0.35909
1069 A	0.18181	0.44009	0.3781
1070 T	0.20716	0.39611	0.39674
1071 T	0.21269	0.38182	0.40549
1072 A	0.20190	0.39172	0.40638
1073 A	0.19720	0.39451	0.40829
1074 T	0.20392	0.36998	0.4261
1075 A	0.19964	0.37781	0.42255
1076 A	0.19670	0.37910	0.42419
1077 T	0.19800	0.35754	0.44446
1078 T	0.19705	0.36222	0.44074
1079 A	0.19438	0.36030	0.44533
1080 T	0.19284	0.35239	0.45477
1081 T	0.18800	0.34955	0.46245
1082 A	0.18279	0.34247	0.47474
1083 T	0.18108	0.32671	0.49221
1084 G	0.17916	0.31184	0.509
1085 G	0.17866	0.29507	0.52627
1086 C	0.17918	0.26975	0.55108
1087 G	0.18002	0.26978	0.55019
1088 A	0.18150	0.27380	0.5447
1089 T	0.18448	0.27521	0.54032
1090 A	0.18479	0.28823	0.52698
1091 A	0.18647	0.30204	0.51149
1092 T	0.18965	0.30627	0.50408
1093 A	0.19052	0.34843	0.46105
1094 A	0.19238	0.38116	0.42646
1095 A	0.19922	0.41548	0.3853
1096 G	0.20576	0.44912	0.34512
1097 A	0.21443	0.47502	0.31054
1098 A	0.23868	0.48632	0.27499
1099 T	0.27271	0.47315	0.25413
1100 A	0.28682	0.47919	0.23399
1101 T	0.31375	0.46185	0.2244
1102 T	0.32613	0.44963	0.22424
1103 A	0.32975	0.44789	0.22236
1104 T	0.33514	0.43947	0.2254
1105 A	0.33631	0.43627	0.22741
1106 C	0.33796	0.43373	0.22831
1107 T	0.34056	0.43642	0.22303
1108 T	0.34032	0.44264	0.21704
1109 A	0.33742	0.44681	0.21577
1110 T	0.33742	0.44795	0.21463
1111 G	0.33293	0.45334	0.21372
1112 A	0.33336	0.45317	0.21347
1113 C	0.34204	0.44374	0.21423
1114 A	0.35447	0.43287	0.21266
1115 A	0.37034	0.41777	0.21189
1116 A	0.41784	0.37057	0.21159
1117 G	0.46289	0.32583	0.21129
1118 A	0.52716	0.26182	0.21102
1119 T	0.59286	0.19540	0.21175
1120 A	0.62727	0.16052	0.21222
1121 T	0.67171	0.11546	0.21283
1122 T	0.69366	0.09304	0.2133
1123 T	0.70865	0.07745	0.2139
1124 C	0.71492	0.07076	0.21432
1125 C	0.71799	0.06750	0.21451
1126 T	0.72232	0.06332	0.21436
1127 T	0.72342	0.06231	0.21427
1128 T	0.72143	0.06439	0.21418
1129 A	0.71387	0.07219	0.21395
1130 T	0.71509	0.07052	0.21439
1131 T	0.71111	0.07131	0.21758
1132 A	0.69087	0.08774	0.22139
1133 T	0.68287	0.09108	0.22605
1134 T	0.66119	0.10711	0.2317
1135 T	0.61709	0.14889	0.23402
1136 A	0.54036	0.22491	0.23473
1137 T	0.49349	0.27077	0.23574
1138 A	0.39498	0.37058	0.23444
1139 A	0.35846	0.40703	0.23451
1140 T	0.34002	0.42592	0.23406
1141 A	0.28881	0.47898	0.23221
1142 A	0.25265	0.51641	0.23094
1143 T	0.20962	0.56049	0.2299
1144 A	0.14965	0.62352	0.22683
1145 A	0.12526	0.64919	0.22555
1146 G	0.10483	0.67052	0.22465
1147 G	0.09395	0.68141	0.22465
1148 A	0.08820	0.68692	0.22487
1149 T	0.08462	0.68877	0.22661
1150 G	0.07816	0.69321	0.22863
1151 A	0.07640	0.69183	0.23177
1152 G	0.07522	0.68500	0.23978
1153 A	0.07489	0.68027	0.24484
1154 A	0.07510	0.66900	0.25591
1155 T	0.07587	0.64220	0.28193
1156 A	0.07603	0.62230	0.30168
1157 T	0.07648	0.58620	0.33732
1158 T	0.07683	0.53413	0.38904
1159 G	0.07672	0.46343	0.45984
1160 G	0.07712	0.41934	0.50354
1161 T	0.07883	0.33769	0.58348
1162 G	0.07903	0.30925	0.61172
1163 A	0.08000	0.29539	0.62461
1164 A	0.08200	0.25184	0.66616
1165 A	0.08354	0.21620	0.70027
1166 G	0.08548	0.16491	0.74961
1167 T	0.08955	0.10914	0.80131
1168 A	0.09177	0.09240	0.81583
1169 T	0.09477	0.07633	0.82889
1170 T	0.09618	0.07404	0.82978
1171 T	0.09711	0.08472	0.81816
1172 T	0.09722	0.10295	0.79983
1173 G	0.09708	0.12404	0.77887
1174 A	0.09722	0.15871	0.74407
1175 T	0.09757	0.22974	0.67269
1176 T	0.09718	0.27633	0.62649
1177 T	0.09614	0.30690	0.59696
1178 A	0.09144	0.40523	0.50333
1179 T	0.08838	0.47698	0.43464
1180 A	0.08037	0.57381	0.34582
1181 A	0.07148	0.66891	0.25961
1182 A	0.06820	0.74046	0.19134
1183 A	0.06083	0.78154	0.15763
1184 A	0.05866	0.80051	0.14083
1185 A	0.05844	0.80721	0.13435
1186 A	0.05955	0.80881	0.13165
1187 A	0.06209	0.80737	0.13054
1188 T	0.06518	0.80472	0.1301
1189 A	0.06669	0.80327	0.13004
1190 A	0.07252	0.79741	0.13007
1191 A	0.08366	0.78615	0.13019
1192 T	0.09635	0.77325	0.1304
1193 C	0.10914	0.76021	0.13065
1194 G	0.13037	0.73891	0.13072
1195 C	0.15266	0.71662	0.13072
1196 A	0.17266	0.69667	0.13067
1197 A	0.20598	0.66333	0.13069
1198 T	0.30229	0.56688	0.13082
1199 T	0.35277	0.51526	0.13197
1200 C	0.37673	0.48995	0.13332
1201 A	0.45662	0.40543	0.13795
1202 A	0.52581	0.33358	0.14061
1203 A	0.60264	0.24986	0.1475
1204 G	0.68743	0.15663	0.15595
1205 T	0.76350	0.07771	0.15879
1206 T	0.79472	0.03801	0.16727
1207 T	0.80331	0.02713	0.16957
1208 T	0.79603	0.03337	0.1706
1209 T	0.74978	0.07989	0.17033
1210 A	0.61262	0.22058	0.1668
1211 G	0.54357	0.29068	0.16575
1212 T	0.47732	0.35981	0.16288
1213 A	0.30789	0.53712	0.15499
1214 A	0.20333	0.64454	0.15214
1215 A	0.15058	0.70418	0.14524
1216 G	0.11842	0.73662	0.14495
1217 A	0.09621	0.75906	0.14474
1218 A	0.08984	0.76526	0.1449
1219 T	0.08847	0.76625	0.14528
1220 C	0.08704	0.76734	0.14562
1221 A	0.08586	0.76841	0.14573
1222 C	0.08519	0.76878	0.14602
1223 C	0.08459	0.76922	0.1462
1224 T	0.08419	0.76960	0.14621
1225 A	0.08317	0.77068	0.14615
1226 T	0.08343	0.77027	0.14629
1227 T	0.08259	0.77102	0.14639
1228 A	0.08050	0.77237	0.14712
1229 T	0.08054	0.76232	0.15714
1230 T	0.07993	0.74339	0.17669
1231 A	0.07584	0.72853	0.19563
1232 A	0.07301	0.67983	0.24715
1233 T	0.07490	0.54934	0.37577
1234 A	0.07463	0.48556	0.43981
1235 A	0.07707	0.40194	0.52099
1236 T	0.08410	0.22668	0.68922
1237 G	0.08651	0.12887	0.78462
1238 T	0.09293	0.08289	0.82418
1239 T	0.09358	0.06183	0.84459
1240 G	0.09382	0.04929	0.85689
1241 T	0.09380	0.05202	0.85418
1242 T	0.09322	0.07363	0.83316
1243 T	0.09194	0.09754	0.81051
1244 T	0.08888	0.14192	0.7692
1245 A	0.08621	0.24358	0.67021
1246 A	0.08371	0.32620	0.5901
1247 A	0.08100	0.41819	0.50081
1248 T	0.07754	0.47164	0.45083
1249 A	0.07227	0.54626	0.38147
1250 A	0.06274	0.62278	0.31449
1251 G	0.05451	0.67043	0.27505
1252 A	0.04879	0.68939	0.26182
1253 A	0.04274	0.70329	0.25397
1254 A	0.04104	0.70442	0.25454
1255 T	0.04080	0.70402	0.25518
1256 C	0.03747	0.71046	0.25207
1257 A	0.03481	0.73351	0.23168
1258 G	0.03248	0.75824	0.20928
1259 G	0.03133	0.80840	0.16027
1260 A	0.02814	0.84308	0.12878
1261 A	0.02711	0.85691	0.11598
1262 A	0.02861	0.86178	0.10961
1263 A	0.03416	0.85663	0.10921
1264 A	0.04332	0.84739	0.10929
1265 A	0.06824	0.82159	0.11017
1266 A	0.09409	0.79405	0.11185
1267 C	0.13872	0.74607	0.11521
1268 A	0.21914	0.66434	0.11652
1269 A	0.28821	0.59359	0.11819
1270 A	0.36231	0.51800	0.1197
1271 A	0.41128	0.46658	0.12214
1272 T	0.47342	0.40146	0.12513
1273 A	0.51527	0.35068	0.13405
1274 A	0.53837	0.31908	0.14255
1275 A	0.54886	0.30205	0.1491
1276 T	0.55752	0.28547	0.15701
1277 C	0.54682	0.29352	0.15966
1278 A	0.54824	0.29235	0.15941
1279 A	0.55796	0.28122	0.16081
1280 A	0.58222	0.25585	0.16193
1281 A	0.61432	0.22264	0.16304
1282 T	0.68012	0.15752	0.16237
1283 T	0.69864	0.13901	0.16235
1284 T	0.69255	0.14594	0.16151
1285 T	0.67296	0.17189	0.15515
1286 T	0.66486	0.18171	0.15343
1287 T	0.65100	0.19812	0.15088
1288 T	0.61663	0.23546	0.14792
1289 A	0.59295	0.25970	0.14735
1290 T	0.58406	0.26757	0.14837
1291 A	0.58275	0.26776	0.14949
1292 G	0.58253	0.26593	0.15154
1293 A	0.58292	0.26379	0.15329
1294 G	0.58350	0.25990	0.1566
1295 A	0.58397	0.25664	0.15939
1296 A	0.58440	0.24907	0.16653
1297 T	0.58520	0.23621	0.17858
1298 A	0.58560	0.22780	0.1866
1299 T	0.58624	0.21654	0.19722
1300 C	0.58660	0.19908	0.21432
1301 A	0.58741	0.19295	0.21964
1302 A	0.58834	0.18766	0.224
1303 G	0.58996	0.18187	0.22818
1304 A	0.59205	0.17773	0.23022
1305 A	0.59675	0.17030	0.23295
1306 T	0.60684	0.12656	0.2666
1307 G	0.61358	0.07281	0.3136
1308 A	0.62592	0.00000	0.37408
