# lcl|CP097583.1_cds_USQ93523.1_1
# AA	inside	membr	outside
1 A	0.16840	0.00000	0.8316
2 T	0.16790	0.00049	0.8316
3 G	0.16755	0.00084	0.8316
4 A	0.16755	0.01420	0.81824
5 T	0.16656	0.02199	0.81144
6 T	0.16656	0.02434	0.8091
7 A	0.15845	0.03368	0.80786
8 A	0.15845	0.03372	0.80782
9 T	0.15699	0.03548	0.80753
10 A	0.15698	0.05343	0.78958
11 A	0.15668	0.05519	0.78813
12 A	0.14553	0.06699	0.78748
13 G	0.13515	0.07988	0.78497
14 T	0.13515	0.07988	0.78497
15 T	0.13515	0.17543	0.68942
16 A	0.13490	0.17568	0.68942
17 A	0.13457	0.17661	0.68881
18 A	0.13457	0.17717	0.68827
19 T	0.13452	0.17745	0.68804
20 T	0.13390	0.18177	0.68434
21 A	0.13068	0.18498	0.68434
22 A	0.13113	0.18451	0.68435
23 T	0.13228	0.18320	0.68451
24 A	0.13317	0.18221	0.68462
25 T	0.13481	0.17816	0.68704
26 C	0.13547	0.17593	0.68861
27 T	0.14522	0.16471	0.69008
28 A	0.14798	0.16129	0.69073
29 C	0.14944	0.15931	0.69125
30 A	0.15147	0.15533	0.6932
31 T	0.15202	0.15485	0.69313
32 T	0.15042	0.15496	0.69462
33 A	0.15413	0.15093	0.69494
34 G	0.15140	0.15319	0.69541
35 G	0.15187	0.14180	0.70633
36 A	0.15324	0.13138	0.71538
37 C	0.15574	0.12795	0.71631
38 C	0.24283	0.04069	0.71648
39 T	0.24415	0.03945	0.7164
40 T	0.24538	0.03819	0.71643
41 C	0.24411	0.03945	0.71645
42 T	0.24091	0.04279	0.7163
43 T	0.23923	0.04446	0.71631
44 G	0.21562	0.06727	0.71711
45 T	0.20949	0.07621	0.7143
46 G	0.19113	0.09693	0.71194
47 A	0.18238	0.10712	0.7105
48 T	0.17650	0.11352	0.70998
49 A	0.14700	0.14562	0.70739
50 A	0.11478	0.17882	0.7064
51 A	0.11101	0.18197	0.70702
52 A	0.10904	0.18290	0.70807
53 A	0.10800	0.18225	0.70975
54 A	0.10746	0.18099	0.71155
55 G	0.10737	0.17779	0.71484
56 A	0.10720	0.17225	0.72056
57 A	0.10679	0.16869	0.72452
58 A	0.10648	0.16630	0.72722
59 T	0.10664	0.16388	0.72948
60 T	0.10659	0.16304	0.73038
61 T	0.10638	0.16293	0.73069
62 T	0.10631	0.16167	0.73202
63 A	0.10609	0.16156	0.73235
64 A	0.10605	0.15808	0.73587
65 G	0.10635	0.15293	0.74071
66 T	0.10719	0.14695	0.74586
67 A	0.10897	0.12583	0.7652
68 A	0.11218	0.11428	0.77354
69 T	0.11573	0.08980	0.79447
70 T	0.11755	0.07723	0.80522
71 T	0.11789	0.07103	0.81108
72 A	0.11868	0.05161	0.82971
73 G	0.11927	0.02869	0.85204
74 T	0.11936	0.02737	0.85327
75 T	0.11928	0.03131	0.84941
76 A	0.11905	0.04877	0.83218
77 A	0.11909	0.05351	0.8274
78 A	0.11912	0.05619	0.82469
79 A	0.11929	0.05694	0.82377
80 A	0.11939	0.05621	0.82439
81 T	0.12010	0.05468	0.82522
82 G	0.12023	0.05416	0.82562
83 G	0.12089	0.05314	0.82597
84 C	0.12192	0.05173	0.82634
85 C	0.12284	0.05072	0.82645
86 T	0.12393	0.04970	0.82637
87 T	0.12466	0.04906	0.82628
88 T	0.12497	0.04882	0.82622
89 G	0.12504	0.04879	0.82616
90 T	0.12540	0.04844	0.82616
91 A	0.12561	0.04810	0.82629
92 T	0.12616	0.04733	0.82651
93 A	0.12672	0.04655	0.82673
94 G	0.12837	0.04448	0.82715
95 C	0.13146	0.04079	0.82775
96 T	0.13667	0.03541	0.82792
97 C	0.13942	0.03256	0.82801
98 G	0.14550	0.02646	0.82805
99 T	0.16185	0.01004	0.82812
100 T	0.16597	0.00593	0.82809
101 T	0.16764	0.00420	0.82816
102 T	0.16804	0.00377	0.82819
103 A	0.16742	0.00425	0.82833
104 A	0.16703	0.00457	0.82841
105 T	0.16689	0.00452	0.82859
106 T	0.16662	0.00474	0.82864
107 T	0.16622	0.00511	0.82867
108 T	0.16545	0.00582	0.82872
109 T	0.16372	0.00754	0.82874
110 C	0.16127	0.00997	0.82876
111 T	0.15888	0.01248	0.82863
112 C	0.15594	0.01546	0.82861
113 A	0.15427	0.01736	0.82837
114 T	0.15167	0.02013	0.8282
115 G	0.14791	0.02426	0.82783
116 C	0.14515	0.02752	0.82733
117 T	0.14244	0.03233	0.82523
118 A	0.13795	0.03871	0.82334
119 A	0.13548	0.04253	0.82199
120 T	0.13482	0.04365	0.82153
121 T	0.13383	0.04517	0.821
122 A	0.13165	0.04789	0.82047
123 T	0.13101	0.04869	0.8203
124 G	0.12924	0.05110	0.81966
125 A	0.12825	0.05506	0.81669
126 A	0.12731	0.05822	0.81447
127 G	0.12671	0.05984	0.81346
128 G	0.12597	0.06112	0.81291
129 T	0.12538	0.06238	0.81224
130 A	0.12422	0.06388	0.8119
131 G	0.12361	0.06371	0.81268
132 T	0.12321	0.06281	0.81399
133 G	0.12204	0.06278	0.81518
134 A	0.12140	0.06272	0.81589
135 A	0.12089	0.06165	0.81746
136 A	0.12080	0.06142	0.81777
137 G	0.12084	0.05946	0.8197
138 A	0.12120	0.05845	0.82035
139 A	0.12193	0.05582	0.82225
140 T	0.12414	0.05063	0.82523
141 T	0.12571	0.04521	0.82908
142 T	0.12645	0.04206	0.8315
143 T	0.12590	0.04191	0.8322
144 A	0.12449	0.04255	0.83297
145 C	0.12392	0.04131	0.83476
146 A	0.12346	0.04224	0.83431
147 A	0.12390	0.04138	0.83471
148 A	0.12741	0.03792	0.83466
149 T	0.13036	0.03533	0.83432
150 T	0.12989	0.03779	0.83231
151 A	0.12402	0.04852	0.82746
152 T	0.12057	0.05334	0.8261
153 T	0.11018	0.06561	0.82421
154 A	0.08433	0.09612	0.81956
155 A	0.06794	0.11406	0.81801
156 A	0.05169	0.13079	0.81752
157 G	0.04524	0.13839	0.81637
158 A	0.04273	0.14141	0.81585
159 A	0.04201	0.14226	0.81573
160 A	0.04166	0.14289	0.81545
161 T	0.04354	0.14090	0.81556
162 T	0.04355	0.14064	0.81581
163 A	0.04190	0.14207	0.81603
164 A	0.04058	0.14280	0.81663
165 T	0.03961	0.14274	0.81765
166 C	0.03803	0.14334	0.81863
167 A	0.03486	0.14633	0.8188
168 A	0.03165	0.14968	0.81866
169 G	0.03140	0.14999	0.81861
170 A	0.03156	0.15002	0.81842
171 A	0.03215	0.14948	0.81837
172 A	0.03356	0.14627	0.82017
173 A	0.03649	0.13953	0.82398
174 T	0.04365	0.12387	0.83249
175 A	0.04576	0.11579	0.83845
176 A	0.04881	0.10100	0.8502
177 T	0.05326	0.07224	0.87449
178 A	0.05449	0.05669	0.88882
179 G	0.05538	0.03988	0.90474
180 T	0.05727	0.03149	0.91125
181 T	0.05799	0.02802	0.914
182 A	0.05800	0.02665	0.91535
183 T	0.05816	0.02480	0.91704
184 G	0.05764	0.02472	0.91764
185 T	0.05696	0.02528	0.91777
186 A	0.05241	0.03135	0.91624
187 G	0.05078	0.03186	0.91735
188 G	0.04970	0.03287	0.91743
189 A	0.04951	0.03263	0.91787
190 A	0.05000	0.02989	0.92011
191 C	0.05069	0.02619	0.92312
192 T	0.05131	0.02519	0.92349
193 A	0.05168	0.02527	0.92304
194 T	0.05198	0.02516	0.92286
195 G	0.05143	0.02622	0.92236
196 C	0.05115	0.02718	0.92167
197 T	0.05103	0.02822	0.92074
198 T	0.05045	0.03019	0.91936
199 G	0.04927	0.03172	0.91901
200 A	0.04857	0.03348	0.91795
201 T	0.04816	0.03534	0.9165
202 A	0.04759	0.03870	0.91371
203 C	0.04760	0.03939	0.913
204 T	0.04807	0.04242	0.90952
205 A	0.04799	0.04738	0.90463
206 A	0.04802	0.04893	0.90305
207 A	0.04788	0.04894	0.90318
208 G	0.04841	0.04781	0.90377
209 G	0.05026	0.04151	0.90823
210 A	0.05044	0.03966	0.9099
211 C	0.05149	0.03741	0.9111
212 C	0.05195	0.03674	0.91131
213 T	0.05221	0.03668	0.91111
214 G	0.05177	0.03742	0.91082
215 A	0.05180	0.03774	0.91045
216 A	0.05258	0.03730	0.91013
217 A	0.05330	0.03717	0.90952
218 T	0.05460	0.03630	0.9091
219 T	0.05541	0.03628	0.90831
220 A	0.05572	0.03594	0.90834
221 G	0.05624	0.03496	0.90881
222 A	0.05648	0.03374	0.90979
223 A	0.05770	0.03171	0.91058
224 C	0.06053	0.02798	0.91149
225 T	0.06511	0.02300	0.91189
226 C	0.06644	0.02146	0.9121
227 A	0.06910	0.01899	0.91191
228 T	0.07274	0.01544	0.91182
229 A	0.07382	0.01439	0.9118
230 A	0.07420	0.01360	0.9122
231 T	0.07444	0.01300	0.91255
232 T	0.07455	0.01182	0.91364
233 T	0.07440	0.01111	0.91448
234 T	0.07375	0.01127	0.91497
235 G	0.06689	0.01784	0.91527
236 A	0.05919	0.02549	0.91532
237 C	0.05440	0.02994	0.91567
238 G	0.04954	0.03482	0.91564
239 G	0.04627	0.03816	0.91556
240 A	0.04475	0.03976	0.91549
241 G	0.04565	0.03892	0.91542
242 C	0.04682	0.03775	0.91543
243 A	0.04714	0.03724	0.91562
244 G	0.04743	0.03676	0.91581
245 T	0.04757	0.03663	0.91581
246 T	0.04659	0.03780	0.91561
247 C	0.04526	0.03935	0.91538
248 A	0.04358	0.04128	0.91514
249 A	0.04165	0.04338	0.91498
250 A	0.03986	0.04514	0.915
251 T	0.03819	0.04684	0.91497
252 C	0.03253	0.05268	0.91479
253 G	0.02776	0.05782	0.91442
254 A	0.02443	0.06143	0.91414
255 A	0.02128	0.06460	0.91412
256 A	0.01981	0.06589	0.91429
257 A	0.01936	0.06575	0.91489
258 A	0.01933	0.05850	0.92218
259 G	0.01955	0.04996	0.93048
260 A	0.01985	0.04479	0.93536
261 T	0.02008	0.03962	0.9403
262 T	0.02014	0.03656	0.9433
263 C	0.02007	0.03489	0.94503
264 T	0.01996	0.03485	0.94519
265 G	0.01957	0.03533	0.9451
266 A	0.01922	0.03585	0.94493
267 A	0.01911	0.03633	0.94456
268 A	0.01918	0.03646	0.94436
269 T	0.01937	0.03463	0.946
270 A	0.01947	0.03313	0.94739
271 A	0.01972	0.03089	0.94938
272 T	0.02001	0.02794	0.95204
273 A	0.02011	0.02518	0.95471
274 A	0.02033	0.02215	0.95753
275 T	0.02080	0.01588	0.96332
276 T	0.02121	0.01142	0.96737
277 T	0.02140	0.00855	0.97005
278 G	0.02145	0.00602	0.97252
279 T	0.02150	0.00507	0.97342
280 T	0.02148	0.00512	0.97339
281 T	0.02140	0.00572	0.97288
282 T	0.02091	0.00711	0.97199
283 A	0.01975	0.01142	0.96883
284 A	0.01910	0.01405	0.96684
285 T	0.01852	0.01621	0.96527
286 G	0.01737	0.01985	0.96279
287 A	0.01663	0.02483	0.95854
288 A	0.01656	0.02640	0.95705
289 G	0.01666	0.02747	0.95586
290 T	0.01705	0.02807	0.95488
291 T	0.01723	0.02849	0.95429
292 T	0.01716	0.02910	0.95375
293 T	0.01698	0.02956	0.95346
294 A	0.01651	0.03039	0.9531
295 G	0.01630	0.03059	0.9531
296 G	0.01619	0.03072	0.95308
297 A	0.01586	0.03114	0.953
298 A	0.01583	0.03124	0.95293
299 C	0.01589	0.03119	0.95291
300 T	0.01594	0.03123	0.95283
301 A	0.01583	0.03148	0.95269
302 A	0.01593	0.03141	0.95265
303 A	0.01624	0.03108	0.95267
304 G	0.01689	0.03037	0.95274
305 A	0.01799	0.02873	0.95328
306 T	0.02167	0.02387	0.95447
307 A	0.02355	0.02137	0.95508
308 A	0.02537	0.01895	0.95568
309 A	0.02811	0.01514	0.95675
310 T	0.03301	0.00939	0.9576
311 T	0.03493	0.00712	0.95795
312 T	0.03640	0.00538	0.95821
313 T	0.03708	0.00451	0.9584
314 C	0.03731	0.00402	0.95867
315 T	0.03748	0.00379	0.95873
316 T	0.03729	0.00386	0.95885
317 T	0.03696	0.00396	0.95908
318 A	0.03587	0.00494	0.95918
319 A	0.03545	0.00527	0.95927
320 C	0.03535	0.00492	0.95973
321 T	0.03510	0.00506	0.95984
322 T	0.03430	0.00579	0.95991
323 A	0.03338	0.00670	0.95992
324 T	0.03312	0.00687	0.96001
325 G	0.03224	0.00782	0.95994
326 A	0.03137	0.00873	0.9599
327 T	0.03116	0.00901	0.95983
328 T	0.03071	0.00981	0.95949
329 T	0.02988	0.01094	0.95918
330 A	0.02782	0.01340	0.95878
331 T	0.02661	0.01523	0.95816
332 A	0.02536	0.01693	0.95771
333 T	0.02475	0.01769	0.95756
334 G	0.02369	0.01895	0.95736
335 A	0.02328	0.01945	0.95728
336 T	0.02283	0.01985	0.95732
337 G	0.02229	0.02027	0.95744
338 A	0.02211	0.02032	0.95757
339 T	0.02202	0.02007	0.95791
340 A	0.02185	0.01980	0.95834
341 T	0.02176	0.01890	0.95935
342 T	0.02153	0.01868	0.9598
343 A	0.02109	0.01886	0.96006
344 A	0.02086	0.01871	0.96043
345 A	0.02067	0.01807	0.96127
346 G	0.02052	0.01722	0.96226
347 A	0.02052	0.01678	0.96269
348 A	0.02063	0.01572	0.96364
349 G	0.02080	0.01446	0.96474
350 G	0.02105	0.01364	0.96531
351 T	0.02158	0.01256	0.96586
352 A	0.02189	0.01155	0.96656
353 A	0.02234	0.00941	0.96825
354 T	0.02311	0.00731	0.96958
355 T	0.02357	0.00568	0.97075
356 T	0.02373	0.00490	0.97137
357 T	0.02387	0.00393	0.9722
358 A	0.02392	0.00354	0.97253
359 T	0.02397	0.00306	0.97296
360 T	0.02396	0.00263	0.97341
361 T	0.02394	0.00246	0.9736
362 T	0.02390	0.00238	0.97372
363 T	0.02378	0.00235	0.97386
364 A	0.02359	0.00246	0.97395
365 T	0.02347	0.00235	0.97418
366 T	0.02282	0.00268	0.9745
367 G	0.02184	0.00357	0.97459
368 A	0.02135	0.00410	0.97456
369 T	0.02098	0.00452	0.9745
370 G	0.02025	0.00527	0.97447
371 A	0.01992	0.00573	0.97435
372 T	0.01981	0.00593	0.97427
373 G	0.01965	0.00615	0.97421
374 G	0.01961	0.00625	0.97414
375 T	0.01966	0.00628	0.97406
376 T	0.01966	0.00639	0.97395
377 A	0.01963	0.00654	0.97383
378 T	0.01963	0.00666	0.97372
379 T	0.01953	0.00679	0.97368
380 T	0.01937	0.00705	0.97359
381 A	0.01905	0.00751	0.97344
382 A	0.01886	0.00778	0.97336
383 C	0.01878	0.00773	0.97349
384 T	0.01868	0.00778	0.97354
385 T	0.01854	0.00794	0.97352
386 T	0.01833	0.00813	0.97354
387 A	0.01804	0.00837	0.97358
388 G	0.01795	0.00839	0.97367
389 A	0.01789	0.00776	0.97434
390 A	0.01785	0.00692	0.97524
391 G	0.01793	0.00637	0.9757
392 T	0.01784	0.00627	0.97589
393 G	0.01768	0.00615	0.97617
394 A	0.01770	0.00680	0.9755
395 T	0.01778	0.00724	0.97498
396 T	0.01774	0.00837	0.9739
397 A	0.01753	0.01072	0.97176
398 A	0.01713	0.01375	0.96912
399 A	0.01683	0.01510	0.96807
400 A	0.01597	0.01643	0.9676
401 A	0.01524	0.01747	0.96729
402 A	0.01490	0.01796	0.96714
403 G	0.01487	0.01779	0.96733
404 A	0.01499	0.01738	0.96763
405 T	0.01513	0.01689	0.96798
406 T	0.01513	0.01668	0.96819
407 C	0.01506	0.01650	0.96844
408 T	0.01497	0.01651	0.96851
409 C	0.01463	0.01677	0.9686
410 A	0.01412	0.01733	0.96855
411 A	0.01389	0.01755	0.96855
412 A	0.01388	0.01755	0.96857
413 A	0.01394	0.01735	0.96872
414 A	0.01408	0.01709	0.96883
415 C	0.01433	0.01623	0.96944
416 G	0.01472	0.01560	0.96968
417 C	0.01572	0.01443	0.96985
418 G	0.01635	0.01386	0.96979
419 A	0.01755	0.01268	0.96977
420 A	0.01963	0.01055	0.96982
421 T	0.02236	0.00739	0.97025
422 T	0.02325	0.00619	0.97055
423 A	0.02352	0.00492	0.97156
424 G	0.02376	0.00379	0.97245
425 T	0.02398	0.00319	0.97284
426 T	0.02392	0.00318	0.97289
427 G	0.02375	0.00338	0.97287
428 T	0.02344	0.00384	0.97272
429 T	0.02273	0.00476	0.97251
430 A	0.02173	0.00572	0.97256
431 A	0.02055	0.00678	0.97268
432 A	0.01922	0.00777	0.973
433 G	0.01819	0.00830	0.9735
434 C	0.01774	0.00853	0.97373
435 C	0.01733	0.00893	0.97374
436 A	0.01715	0.00921	0.97365
437 A	0.01705	0.00939	0.97356
438 T	0.01702	0.00947	0.97351
439 A	0.01697	0.00952	0.97351
440 A	0.01696	0.00951	0.97352
441 T	0.01702	0.00929	0.97369
442 A	0.01702	0.00918	0.97379
443 C	0.01695	0.00910	0.97395
444 T	0.01684	0.00917	0.974
445 C	0.01668	0.00932	0.97401
446 A	0.01662	0.00946	0.97392
447 T	0.01668	0.00947	0.97386
448 G	0.01666	0.00953	0.97381
449 T	0.01675	0.00935	0.97389
450 A	0.01679	0.00924	0.97398
451 G	0.01677	0.00878	0.97445
452 T	0.01687	0.00798	0.97515
453 A	0.01673	0.00742	0.97585
454 A	0.01665	0.00652	0.97683
455 A	0.01661	0.00538	0.978
456 A	0.01663	0.00431	0.97906
457 T	0.01666	0.00368	0.97967
458 C	0.01668	0.00317	0.98015
459 A	0.01674	0.00300	0.98026
460 C	0.01680	0.00289	0.98031
461 G	0.01682	0.00290	0.98028
462 T	0.01675	0.00302	0.98023
463 A	0.01662	0.00324	0.98014
464 G	0.01654	0.00326	0.9802
465 A	0.01645	0.00332	0.98023
466 G	0.01642	0.00314	0.98044
467 G	0.01641	0.00294	0.98065
468 C	0.01646	0.00269	0.98086
469 G	0.01657	0.00260	0.98083
470 T	0.01669	0.00256	0.98075
471 T	0.01675	0.00257	0.98069
472 A	0.01677	0.00266	0.98057
473 A	0.01685	0.00269	0.98046
474 T	0.01695	0.00240	0.98065
475 G	0.01701	0.00220	0.9808
476 T	0.01714	0.00191	0.98096
477 T	0.01715	0.00183	0.98102
478 C	0.01714	0.00182	0.98104
479 C	0.01712	0.00189	0.981
480 T	0.01710	0.00203	0.98086
481 A	0.01708	0.00221	0.98071
482 A	0.01709	0.00226	0.98065
483 T	0.01708	0.00234	0.98058
484 A	0.01699	0.00245	0.98056
485 T	0.01700	0.00235	0.98065
486 T	0.01694	0.00228	0.98077
487 A	0.01686	0.00230	0.98083
488 G	0.01683	0.00226	0.98091
489 A	0.01683	0.00222	0.98095
490 T	0.01687	0.00215	0.98098
491 T	0.01688	0.00214	0.98099
492 A	0.01661	0.00241	0.98098
493 C	0.01647	0.00256	0.98097
494 A	0.01621	0.00291	0.98088
495 A	0.01610	0.00302	0.98088
496 A	0.01611	0.00300	0.98089
497 T	0.01614	0.00296	0.9809
498 G	0.01608	0.00301	0.98092
499 C	0.01604	0.00298	0.98098
500 C	0.01600	0.00302	0.98098
501 T	0.01599	0.00312	0.9809
502 T	0.01584	0.00352	0.98064
503 A	0.01566	0.00388	0.98045
504 T	0.01564	0.00414	0.98022
505 A	0.01543	0.00441	0.98015
506 T	0.01538	0.00437	0.98025
507 T	0.01519	0.00445	0.98036
508 T	0.01487	0.00472	0.9804
509 C	0.01419	0.00534	0.98047
510 T	0.01358	0.00605	0.98038
511 G	0.01263	0.00710	0.98026
512 A	0.01194	0.00792	0.98014
513 A	0.01159	0.00831	0.9801
514 A	0.01140	0.00850	0.9801
515 A	0.01137	0.00824	0.98039
516 A	0.01137	0.00802	0.98061
517 G	0.01144	0.00763	0.98094
518 A	0.01145	0.00742	0.98112
519 T	0.01146	0.00731	0.98123
520 A	0.01146	0.00728	0.98126
521 A	0.01147	0.00721	0.98132
522 A	0.01148	0.00710	0.98141
523 A	0.01153	0.00691	0.98156
524 A	0.01165	0.00667	0.98168
525 T	0.01193	0.00614	0.98193
526 G	0.01210	0.00576	0.98214
527 A	0.01232	0.00541	0.98227
528 T	0.01244	0.00500	0.98257
529 A	0.01248	0.00482	0.98269
530 T	0.01260	0.00450	0.9829
531 T	0.01270	0.00412	0.98318
532 T	0.01270	0.00392	0.98338
533 T	0.01263	0.00355	0.98382
534 A	0.01247	0.00328	0.98425
535 T	0.01237	0.00288	0.98475
536 T	0.01215	0.00288	0.98497
537 C	0.01181	0.00312	0.98508
538 G	0.01155	0.00348	0.98497
539 C	0.01144	0.00359	0.98497
540 T	0.01137	0.00370	0.98494
541 T	0.01123	0.00387	0.98491
542 G	0.01092	0.00421	0.98487
543 C	0.01082	0.00433	0.98485
544 A	0.01078	0.00447	0.98475
545 A	0.01077	0.00452	0.98471
546 A	0.01079	0.00454	0.98467
547 C	0.01082	0.00452	0.98466
548 A	0.01085	0.00452	0.98462
549 T	0.01093	0.00445	0.98462
550 A	0.01098	0.00441	0.98461
551 A	0.01106	0.00434	0.9846
552 A	0.01128	0.00411	0.98461
553 T	0.01155	0.00379	0.98466
554 A	0.01172	0.00354	0.98474
555 T	0.01210	0.00304	0.98486
556 G	0.01216	0.00281	0.98503
557 A	0.01229	0.00248	0.98523
558 T	0.01237	0.00219	0.98544
559 T	0.01245	0.00184	0.9857
560 T	0.01252	0.00148	0.98601
561 T	0.01258	0.00120	0.98621
562 T	0.01257	0.00108	0.98635
563 T	0.01252	0.00105	0.98642
564 A	0.01241	0.00104	0.98655
565 G	0.01235	0.00085	0.9868
566 C	0.01233	0.00078	0.9869
567 T	0.01240	0.00070	0.98689
568 C	0.01239	0.00071	0.9869
569 T	0.01234	0.00080	0.98687
570 T	0.01222	0.00098	0.9868
571 T	0.01197	0.00135	0.98669
572 C	0.01172	0.00171	0.98657
573 G	0.01159	0.00223	0.98618
574 T	0.01155	0.00264	0.98581
575 T	0.01145	0.00295	0.9856
576 T	0.01127	0.00329	0.98544
577 G	0.01101	0.00368	0.98531
578 T	0.01063	0.00417	0.9852
579 A	0.00983	0.00515	0.98502
580 A	0.00911	0.00600	0.98489
581 G	0.00867	0.00651	0.98483
582 A	0.00849	0.00684	0.98467
583 A	0.00838	0.00706	0.98455
584 G	0.00830	0.00717	0.98454
585 A	0.00823	0.00726	0.98451
586 A	0.00818	0.00732	0.9845
587 A	0.00814	0.00730	0.98456
588 A	0.00809	0.00735	0.98456
589 G	0.00806	0.00744	0.9845
590 A	0.00806	0.00769	0.98424
591 A	0.00808	0.00764	0.98428
592 G	0.00814	0.00746	0.98441
593 A	0.00824	0.00719	0.98457
594 T	0.00851	0.00660	0.98489
595 C	0.00873	0.00610	0.98518
596 T	0.00925	0.00548	0.98526
597 T	0.00958	0.00508	0.98534
598 T	0.00966	0.00493	0.98541
599 T	0.00966	0.00479	0.98555
600 T	0.00959	0.00475	0.98566
601 G	0.00953	0.00443	0.98604
602 A	0.00959	0.00369	0.98672
603 T	0.00969	0.00290	0.98741
604 G	0.00971	0.00249	0.98781
605 T	0.00985	0.00226	0.98789
606 T	0.00960	0.00260	0.9878
607 A	0.00885	0.00388	0.98727
608 A	0.00807	0.00519	0.98674
609 G	0.00776	0.00554	0.9867
610 A	0.00768	0.00574	0.98658
611 A	0.00768	0.00590	0.98642
612 A	0.00780	0.00582	0.98638
613 C	0.00810	0.00556	0.98634
614 T	0.00815	0.00564	0.98621
615 T	0.00810	0.00588	0.98602
616 T	0.00792	0.00641	0.98567
617 T	0.00770	0.00698	0.98531
618 A	0.00748	0.00777	0.98475
619 A	0.00738	0.00791	0.98471
620 A	0.00732	0.00796	0.98472
621 T	0.00733	0.00788	0.98479
622 T	0.00719	0.00803	0.98477
623 C	0.00664	0.00863	0.98474
624 T	0.00589	0.01051	0.9836
625 A	0.00470	0.01267	0.98263
626 A	0.00418	0.01368	0.98215
627 A	0.00378	0.01443	0.98179
628 A	0.00360	0.01469	0.9817
629 A	0.00360	0.01434	0.98206
630 A	0.00410	0.01313	0.98277
631 G	0.00463	0.01183	0.98354
632 G	0.00477	0.01139	0.98383
633 A	0.00498	0.01112	0.98391
634 T	0.00527	0.01081	0.98393
635 A	0.00537	0.01075	0.98388
636 T	0.00552	0.01062	0.98387
637 A	0.00557	0.01055	0.98388
638 A	0.00569	0.01036	0.98395
639 T	0.00592	0.00997	0.9841
640 G	0.00606	0.00973	0.98421
641 T	0.00638	0.00934	0.98428
642 A	0.00578	0.01001	0.98421
643 A	0.00547	0.01045	0.98408
644 A	0.00543	0.01050	0.98407
645 A	0.00559	0.01014	0.98426
646 A	0.00583	0.00929	0.98488
647 T	0.00716	0.00713	0.98571
648 T	0.00803	0.00529	0.98667
649 A	0.00837	0.00457	0.98705
650 T	0.00855	0.00410	0.98735
651 T	0.00833	0.00423	0.98744
652 T	0.00794	0.00472	0.98734
653 C	0.00675	0.00602	0.98723
654 T	0.00610	0.00698	0.98691
655 A	0.00543	0.00802	0.98655
656 A	0.00482	0.00888	0.9863
657 A	0.00445	0.00943	0.98612
658 A	0.00402	0.00999	0.98599
659 T	0.00364	0.01036	0.98601
660 A	0.00287	0.01120	0.98593
661 G	0.00244	0.01174	0.98582
662 A	0.00233	0.01193	0.98574
663 A	0.00236	0.01177	0.98587
664 A	0.00242	0.01154	0.98604
665 A	0.00253	0.01085	0.98662
666 T	0.00273	0.01030	0.98698
667 C	0.00266	0.01023	0.9871
668 A	0.00260	0.01029	0.98712
669 A	0.00253	0.01037	0.9871
670 G	0.00243	0.01046	0.98711
671 A	0.00242	0.01046	0.98713
672 A	0.00244	0.01038	0.98718
673 G	0.00256	0.00977	0.98768
674 G	0.00279	0.00902	0.98819
675 T	0.00323	0.00803	0.98875
676 T	0.00345	0.00683	0.98971
677 T	0.00366	0.00609	0.99025
678 A	0.00373	0.00556	0.99071
679 G	0.00379	0.00496	0.99126
680 A	0.00388	0.00451	0.99162
681 T	0.00401	0.00388	0.99211
682 A	0.00406	0.00346	0.99248
683 A	0.00419	0.00264	0.99317
684 T	0.00437	0.00201	0.99362
685 T	0.00446	0.00172	0.99381
686 T	0.00445	0.00164	0.99391
687 A	0.00442	0.00162	0.99397
688 G	0.00441	0.00155	0.99403
689 A	0.00441	0.00150	0.99409
690 T	0.00442	0.00135	0.99422
691 G	0.00443	0.00124	0.99432
692 A	0.00446	0.00114	0.9944
693 T	0.00448	0.00103	0.99449
694 A	0.00448	0.00097	0.99454
695 T	0.00450	0.00091	0.99459
696 T	0.00450	0.00089	0.99461
697 A	0.00450	0.00087	0.99463
698 T	0.00451	0.00083	0.99466
699 T	0.00452	0.00080	0.99468
700 G	0.00452	0.00076	0.99472
701 A	0.00454	0.00068	0.99478
702 G	0.00459	0.00057	0.99484
703 T	0.00465	0.00048	0.99487
704 T	0.00467	0.00044	0.9949
705 T	0.00469	0.00039	0.99492
706 T	0.00470	0.00036	0.99494
707 C	0.00470	0.00034	0.99495
708 T	0.00470	0.00033	0.99496
709 G	0.00470	0.00033	0.99497
710 A	0.00470	0.00033	0.99497
711 T	0.00470	0.00032	0.99498
712 G	0.00469	0.00035	0.99496
713 G	0.00469	0.00034	0.99497
714 T	0.00472	0.00031	0.99498
715 A	0.00472	0.00031	0.99497
716 T	0.00473	0.00029	0.99497
717 T	0.00473	0.00029	0.99498
718 A	0.00473	0.00030	0.99497
719 T	0.00473	0.00030	0.99497
720 G	0.00470	0.00032	0.99498
721 A	0.00469	0.00033	0.99498
722 T	0.00469	0.00032	0.99499
723 C	0.00468	0.00031	0.99501
724 G	0.00468	0.00031	0.99501
725 C	0.00468	0.00031	0.99501
726 T	0.00467	0.00032	0.99501
727 C	0.00464	0.00036	0.99501
728 G	0.00461	0.00039	0.99501
729 T	0.00459	0.00041	0.99499
730 G	0.00455	0.00046	0.99499
731 G	0.00453	0.00049	0.99498
732 A	0.00452	0.00052	0.99496
733 G	0.00452	0.00052	0.99496
734 A	0.00453	0.00053	0.99494
735 T	0.00456	0.00051	0.99493
736 T	0.00456	0.00058	0.99486
737 T	0.00456	0.00073	0.99471
738 A	0.00455	0.00095	0.9945
739 G	0.00453	0.00106	0.99441
740 G	0.00451	0.00110	0.99439
741 A	0.00451	0.00114	0.99436
742 A	0.00450	0.00115	0.99435
743 T	0.00450	0.00113	0.99437
744 C	0.00449	0.00114	0.99437
745 G	0.00449	0.00118	0.99433
746 A	0.00448	0.00120	0.99431
747 A	0.00448	0.00121	0.99431
748 A	0.00449	0.00121	0.9943
749 T	0.00449	0.00121	0.9943
750 T	0.00449	0.00116	0.99434
751 G	0.00450	0.00113	0.99437
752 A	0.00450	0.00111	0.99439
753 T	0.00452	0.00106	0.99442
754 A	0.00452	0.00103	0.99445
755 G	0.00453	0.00100	0.99446
756 C	0.00457	0.00097	0.99446
757 G	0.00461	0.00095	0.99444
758 A	0.00465	0.00096	0.99439
759 A	0.00475	0.00091	0.99435
760 T	0.00492	0.00077	0.99431
761 T	0.00510	0.00062	0.99428
762 A	0.00515	0.00056	0.9943
763 G	0.00517	0.00052	0.99432
764 T	0.00521	0.00046	0.99433
765 T	0.00520	0.00046	0.99435
766 C	0.00516	0.00049	0.99435
767 C	0.00515	0.00050	0.99435
768 T	0.00517	0.00049	0.99435
769 T	0.00516	0.00050	0.99434
770 C	0.00513	0.00055	0.99433
771 T	0.00510	0.00059	0.99431
772 T	0.00504	0.00069	0.99426
773 A	0.00474	0.00102	0.99424
774 T	0.00458	0.00119	0.99423
775 C	0.00438	0.00140	0.99423
776 A	0.00420	0.00158	0.99422
777 A	0.00409	0.00169	0.99422
778 A	0.00402	0.00176	0.99422
779 C	0.00398	0.00180	0.99422
780 A	0.00399	0.00179	0.99422
781 A	0.00403	0.00175	0.99422
782 A	0.00407	0.00171	0.99422
783 T	0.00412	0.00166	0.99423
784 A	0.00414	0.00164	0.99422
785 T	0.00415	0.00161	0.99424
786 A	0.00415	0.00159	0.99426
787 A	0.00415	0.00157	0.99428
788 T	0.00415	0.00153	0.99432
789 T	0.00413	0.00150	0.99437
790 C	0.00408	0.00153	0.99439
791 A	0.00402	0.00164	0.99434
792 A	0.00401	0.00167	0.99431
793 A	0.00402	0.00166	0.99431
794 G	0.00403	0.00161	0.99435
795 T	0.00409	0.00152	0.9944
796 T	0.00411	0.00116	0.99473
797 G	0.00411	0.00100	0.99489
798 T	0.00410	0.00082	0.99507
799 T	0.00409	0.00072	0.9952
800 T	0.00406	0.00066	0.99528
801 A	0.00398	0.00070	0.99532
802 C	0.00395	0.00069	0.99537
803 A	0.00390	0.00073	0.99537
804 T	0.00389	0.00074	0.99537
805 G	0.00386	0.00078	0.99536
806 C	0.00384	0.00081	0.99536
807 A	0.00382	0.00087	0.99531
808 G	0.00381	0.00091	0.99528
809 G	0.00381	0.00093	0.99525
810 A	0.00381	0.00094	0.99525
811 A	0.00382	0.00093	0.99525
812 A	0.00383	0.00090	0.99527
813 A	0.00385	0.00082	0.99533
814 C	0.00391	0.00069	0.99539
815 C	0.00397	0.00063	0.99541
816 T	0.00400	0.00060	0.99539
817 G	0.00401	0.00059	0.99539
818 T	0.00403	0.00059	0.99538
819 T	0.00404	0.00059	0.99537
820 A	0.00404	0.00061	0.99536
821 T	0.00403	0.00060	0.99537
822 T	0.00403	0.00060	0.99537
823 G	0.00402	0.00059	0.99539
824 T	0.00403	0.00052	0.99545
825 A	0.00401	0.00050	0.99549
826 G	0.00401	0.00046	0.99554
827 C	0.00402	0.00043	0.99555
828 T	0.00403	0.00040	0.99557
829 A	0.00404	0.00039	0.99558
830 C	0.00408	0.00033	0.99559
831 T	0.00411	0.00032	0.99558
832 C	0.00412	0.00034	0.99555
833 A	0.00410	0.00051	0.99538
834 A	0.00409	0.00066	0.99525
835 A	0.00408	0.00081	0.99511
836 T	0.00408	0.00094	0.99498
837 G	0.00408	0.00107	0.99485
838 T	0.00409	0.00129	0.99462
839 T	0.00410	0.00146	0.99444
840 A	0.00410	0.00166	0.99424
841 G	0.00411	0.00170	0.99419
842 A	0.00412	0.00172	0.99417
843 A	0.00413	0.00172	0.99415
844 T	0.00416	0.00170	0.99414
845 C	0.00418	0.00168	0.99414
846 T	0.00419	0.00168	0.99413
847 A	0.00419	0.00169	0.99412
848 T	0.00419	0.00169	0.99412
849 G	0.00416	0.00172	0.99412
850 C	0.00413	0.00177	0.99409
851 A	0.00410	0.00191	0.99399
852 A	0.00402	0.00208	0.9939
853 A	0.00400	0.00220	0.9938
854 A	0.00400	0.00221	0.99379
855 A	0.00402	0.00219	0.99379
856 A	0.00418	0.00202	0.99381
857 A	0.00431	0.00186	0.99383
858 C	0.00447	0.00169	0.99384
859 C	0.00464	0.00151	0.99384
860 C	0.00481	0.00135	0.99384
861 T	0.00501	0.00115	0.99384
862 C	0.00511	0.00105	0.99384
863 G	0.00523	0.00094	0.99383
864 T	0.00522	0.00095	0.99383
865 C	0.00514	0.00103	0.99383
866 C	0.00509	0.00109	0.99382
867 T	0.00503	0.00116	0.99381
868 A	0.00486	0.00135	0.99379
869 C	0.00475	0.00147	0.99378
870 T	0.00468	0.00156	0.99376
871 A	0.00449	0.00175	0.99376
872 A	0.00439	0.00183	0.99378
873 A	0.00430	0.00190	0.9938
874 G	0.00427	0.00191	0.99382
875 C	0.00428	0.00181	0.99391
876 A	0.00430	0.00180	0.9939
877 G	0.00430	0.00179	0.9939
878 A	0.00429	0.00180	0.99391
879 A	0.00429	0.00180	0.99391
880 A	0.00429	0.00179	0.99392
881 C	0.00429	0.00176	0.99395
882 A	0.00430	0.00175	0.99396
883 A	0.00431	0.00172	0.99397
884 G	0.00432	0.00168	0.99399
885 T	0.00434	0.00163	0.99403
886 G	0.00435	0.00161	0.99404
887 A	0.00436	0.00153	0.99412
888 T	0.00438	0.00136	0.99426
889 G	0.00439	0.00125	0.99436
890 T	0.00440	0.00113	0.99446
891 T	0.00442	0.00097	0.99462
892 T	0.00442	0.00088	0.99469
893 A	0.00443	0.00084	0.99473
894 T	0.00444	0.00071	0.99486
895 A	0.00444	0.00062	0.99494
896 A	0.00445	0.00051	0.99504
897 T	0.00446	0.00039	0.99515
898 G	0.00446	0.00034	0.9952
899 C	0.00449	0.00027	0.99524
900 T	0.00450	0.00028	0.99522
901 G	0.00451	0.00032	0.99518
902 T	0.00452	0.00038	0.9951
903 T	0.00451	0.00049	0.995
904 T	0.00451	0.00060	0.99489
905 T	0.00450	0.00080	0.99471
906 A	0.00444	0.00099	0.99456
907 G	0.00440	0.00108	0.99452
908 A	0.00438	0.00119	0.99443
909 A	0.00436	0.00123	0.9944
910 G	0.00436	0.00124	0.9944
911 G	0.00437	0.00124	0.9944
912 T	0.00438	0.00123	0.99438
913 G	0.00439	0.00123	0.99437
914 C	0.00441	0.00123	0.99437
915 A	0.00443	0.00123	0.99434
916 A	0.00445	0.00121	0.99434
917 C	0.00449	0.00118	0.99434
918 T	0.00450	0.00117	0.99433
919 G	0.00450	0.00117	0.99433
920 C	0.00451	0.00116	0.99433
921 T	0.00453	0.00116	0.99432
922 A	0.00454	0.00116	0.99429
923 C	0.00458	0.00113	0.99429
924 A	0.00464	0.00108	0.99427
925 A	0.00473	0.00102	0.99425
926 T	0.00486	0.00089	0.99424
927 G	0.00498	0.00079	0.99423
928 T	0.00516	0.00061	0.99423
929 T	0.00526	0.00048	0.99426
930 A	0.00527	0.00046	0.99427
931 T	0.00532	0.00041	0.99427
932 C	0.00533	0.00040	0.99427
933 A	0.00532	0.00044	0.99424
934 G	0.00531	0.00047	0.99422
935 G	0.00531	0.00050	0.99419
936 T	0.00532	0.00051	0.99417
937 G	0.00532	0.00051	0.99417
938 A	0.00534	0.00050	0.99416
939 A	0.00535	0.00050	0.99416
940 T	0.00535	0.00049	0.99416
941 C	0.00535	0.00049	0.99415
942 A	0.00534	0.00053	0.99413
943 G	0.00531	0.00056	0.99412
944 C	0.00531	0.00058	0.99411
945 T	0.00531	0.00062	0.99408
946 T	0.00528	0.00069	0.99403
947 C	0.00517	0.00087	0.99396
948 A	0.00501	0.00109	0.9939
949 G	0.00499	0.00114	0.99387
950 G	0.00499	0.00115	0.99386
951 G	0.00498	0.00120	0.99382
952 C	0.00501	0.00120	0.99378
953 T	0.00505	0.00128	0.99367
954 T	0.00506	0.00130	0.99363
955 T	0.00505	0.00132	0.99363
956 A	0.00499	0.00141	0.9936
957 T	0.00494	0.00150	0.99356
958 C	0.00478	0.00167	0.99355
959 C	0.00466	0.00195	0.99339
960 A	0.00447	0.00279	0.99274
961 G	0.00440	0.00331	0.99229
962 A	0.00435	0.00367	0.99198
963 A	0.00431	0.00405	0.99164
964 A	0.00429	0.00412	0.99159
965 A	0.00430	0.00413	0.99157
966 A	0.00425	0.00416	0.99159
967 G	0.00425	0.00413	0.99162
968 C	0.00429	0.00407	0.99164
969 A	0.00434	0.00408	0.99159
970 G	0.00441	0.00399	0.99161
971 T	0.00450	0.00383	0.99167
972 T	0.00453	0.00393	0.99154
973 A	0.00454	0.00396	0.9915
974 T	0.00454	0.00400	0.99146
975 G	0.00447	0.00412	0.99141
976 A	0.00445	0.00424	0.99131
977 C	0.00438	0.00441	0.99121
978 A	0.00432	0.00498	0.99071
979 A	0.00437	0.00499	0.99063
980 T	0.00456	0.00478	0.99065
981 G	0.00463	0.00464	0.99074
982 G	0.00482	0.00452	0.99065
983 C	0.00538	0.00411	0.99052
984 T	0.00576	0.00557	0.98868
985 A	0.00574	0.00996	0.98429
986 A	0.00569	0.01097	0.98334
987 A	0.00543	0.01140	0.98317
988 A	0.00518	0.01186	0.98296
989 T	0.00497	0.01207	0.98295
990 C	0.00461	0.01252	0.98287
991 C	0.00438	0.01309	0.98254
992 A	0.00414	0.01410	0.98176
993 A	0.00398	0.01485	0.98117
994 A	0.00375	0.01596	0.98029
995 A	0.00364	0.01644	0.97992
996 A	0.00357	0.01672	0.97971
997 G	0.00352	0.01676	0.97971
998 A	0.00359	0.01662	0.97979
999 A	0.00372	0.01641	0.97988
1000 G	0.00383	0.01621	0.97996
1001 C	0.00422	0.01576	0.98001
1002 C	0.00433	0.01571	0.97995
1003 G	0.00433	0.01595	0.97973
1004 A	0.00445	0.01603	0.97953
1005 A	0.00471	0.01592	0.97937
1006 A	0.00506	0.01566	0.97929
1007 A	0.00661	0.01418	0.97921
1008 A	0.01044	0.01017	0.97939
1009 A	0.01152	0.00877	0.97971
1010 A	0.01205	0.00781	0.98014
1011 T	0.01268	0.00678	0.98054
1012 G	0.01291	0.00630	0.98079
1013 T	0.01322	0.00597	0.98081
1014 T	0.01349	0.00575	0.98076
1015 A	0.01389	0.00544	0.98068
1016 A	0.01430	0.00487	0.98084
1017 T	0.01515	0.00376	0.98109
1018 T	0.01542	0.00331	0.98127
1019 A	0.01551	0.00312	0.98137
1020 C	0.01554	0.00296	0.9815
1021 G	0.01557	0.00296	0.98148
1022 A	0.01563	0.00294	0.98143
1023 T	0.01581	0.00276	0.98143
1024 T	0.01596	0.00264	0.9814
1025 T	0.01606	0.00254	0.9814
1026 T	0.01619	0.00234	0.98147
1027 A	0.01626	0.00223	0.98151
1028 T	0.01636	0.00208	0.98156
1029 A	0.01640	0.00200	0.98159
1030 T	0.01649	0.00182	0.98169
1031 C	0.01649	0.00180	0.98171
1032 T	0.01655	0.00179	0.98166
1033 C	0.01657	0.00183	0.98161
1034 A	0.01661	0.00191	0.98148
1035 A	0.01672	0.00192	0.98137
1036 T	0.01706	0.00169	0.98125
1037 T	0.01727	0.00162	0.98111
1038 T	0.01743	0.00182	0.98075
1039 T	0.01733	0.00295	0.97972
1040 A	0.01718	0.00392	0.9789
1041 T	0.01713	0.00434	0.97853
1042 A	0.01703	0.00450	0.97848
1043 A	0.01700	0.00453	0.97847
1044 T	0.01704	0.00449	0.97847
1045 T	0.01705	0.00449	0.97845
1046 C	0.01694	0.00462	0.97845
1047 T	0.01689	0.00472	0.97839
1048 G	0.01676	0.00489	0.97836
1049 A	0.01671	0.00497	0.97833
1050 A	0.01669	0.00498	0.97833
1051 G	0.01669	0.00498	0.97833
1052 A	0.01670	0.00495	0.97835
1053 A	0.01671	0.00491	0.97838
1054 C	0.01675	0.00482	0.97842
1055 C	0.01682	0.00474	0.97844
1056 T	0.01691	0.00465	0.97844
1057 G	0.01701	0.00456	0.97843
1058 A	0.01714	0.00445	0.97841
1059 A	0.01729	0.00432	0.97839
1060 G	0.01750	0.00410	0.9784
1061 A	0.01794	0.00360	0.97846
1062 T	0.01911	0.00228	0.97861
1063 T	0.01987	0.00137	0.97876
1064 T	0.02017	0.00101	0.97882
1065 T	0.02025	0.00089	0.97886
1066 T	0.02028	0.00089	0.97883
1067 T	0.02028	0.00091	0.97881
1068 A	0.02029	0.00091	0.97881
1069 G	0.02030	0.00080	0.9789
1070 T	0.02035	0.00072	0.97894
1071 T	0.02037	0.00060	0.97903
1072 T	0.02039	0.00056	0.97906
1073 T	0.02039	0.00056	0.97905
1074 T	0.02039	0.00060	0.97902
1075 G	0.02038	0.00062	0.979
1076 G	0.02037	0.00068	0.97895
1077 T	0.02036	0.00072	0.97892
1078 G	0.02036	0.00079	0.97885
1079 C	0.02035	0.00084	0.97881
1080 G	0.02036	0.00086	0.97878
1081 A	0.02038	0.00087	0.97875
1082 T	0.02039	0.00087	0.97874
1083 T	0.02041	0.00089	0.97871
1084 C	0.02041	0.00090	0.97869
1085 A	0.02042	0.00099	0.97859
1086 A	0.02043	0.00102	0.97854
1087 A	0.02046	0.00100	0.97854
1088 T	0.02055	0.00092	0.97852
1089 T	0.02064	0.00085	0.97851
1090 T	0.02070	0.00080	0.97849
1091 C	0.02073	0.00081	0.97846
1092 T	0.02073	0.00085	0.97842
1093 T	0.02071	0.00091	0.97838
1094 T	0.02066	0.00098	0.97836
1095 A	0.02031	0.00138	0.97831
1096 C	0.02013	0.00158	0.97829
1097 A	0.02005	0.00170	0.97824
1098 A	0.02002	0.00173	0.97825
1099 T	0.02007	0.00168	0.97826
1100 A	0.02009	0.00165	0.97826
1101 T	0.02015	0.00159	0.97826
1102 C	0.02016	0.00156	0.97828
1103 C	0.02017	0.00155	0.97828
1104 T	0.02020	0.00154	0.97826
1105 G	0.02021	0.00154	0.97825
1106 T	0.02023	0.00153	0.97824
1107 A	0.02023	0.00153	0.97823
1108 T	0.02030	0.00147	0.97823
1109 C	0.02029	0.00147	0.97824
1110 A	0.02025	0.00153	0.97821
1111 G	0.02023	0.00160	0.97817
1112 C	0.02022	0.00170	0.97808
1113 A	0.02024	0.00190	0.97786
1114 A	0.02027	0.00216	0.97756
1115 T	0.02034	0.00219	0.97747
1116 T	0.02038	0.00234	0.97728
1117 G	0.02039	0.00256	0.97705
1118 T	0.02042	0.00246	0.97712
1119 T	0.02043	0.00271	0.97686
1120 G	0.02044	0.00321	0.97636
1121 T	0.02044	0.00364	0.97592
1122 T	0.02041	0.00404	0.97556
1123 G	0.02038	0.00464	0.97498
1124 A	0.02037	0.00512	0.97451
1125 T	0.02037	0.00536	0.97427
1126 G	0.02036	0.00561	0.97403
1127 A	0.02036	0.00612	0.97352
1128 T	0.02036	0.00633	0.9733
1129 A	0.02035	0.00671	0.97293
1130 A	0.02036	0.00691	0.97274
1131 A	0.02036	0.00711	0.97254
1132 A	0.02037	0.00736	0.97227
1133 A	0.02041	0.00762	0.97197
1134 A	0.02050	0.00766	0.97184
1135 T	0.02069	0.00747	0.97184
1136 A	0.02089	0.00726	0.97184
1137 T	0.02123	0.00692	0.97186
1138 G	0.02139	0.00675	0.97186
1139 C	0.02170	0.00643	0.97186
1140 T	0.02209	0.00607	0.97183
1141 A	0.02249	0.00568	0.97182
1142 T	0.02313	0.00504	0.97183
1143 T	0.02388	0.00428	0.97184
1144 T	0.02429	0.00387	0.97184
1145 C	0.02451	0.00363	0.97186
1146 T	0.02493	0.00328	0.97178
1147 T	0.02520	0.00302	0.97178
1148 T	0.02531	0.00293	0.97176
1149 A	0.02536	0.00292	0.97172
1150 T	0.02577	0.00255	0.97167
1151 C	0.02585	0.00254	0.97161
1152 T	0.02615	0.00273	0.97111
1153 A	0.02626	0.00297	0.97078
1154 A	0.02639	0.00300	0.97061
1155 A	0.02654	0.00287	0.9706
1156 T	0.02684	0.00258	0.97059
1157 T	0.02695	0.00247	0.97058
1158 T	0.02691	0.00251	0.97059
1159 C	0.02685	0.00256	0.97059
1160 A	0.02683	0.00259	0.97059
1161 T	0.02681	0.00260	0.97059
1162 C	0.02677	0.00264	0.97058
1163 C	0.02676	0.00267	0.97057
1164 T	0.02675	0.00274	0.97051
1165 A	0.02674	0.00290	0.97036
1166 T	0.02673	0.00304	0.97023
1167 A	0.02671	0.00309	0.9702
1168 G	0.02672	0.00305	0.97024
1169 T	0.02680	0.00287	0.97034
1170 G	0.02676	0.00281	0.97042
1171 C	0.02676	0.00271	0.97053
1172 C	0.02683	0.00257	0.9706
1173 A	0.02691	0.00259	0.9705
1174 G	0.02704	0.00253	0.97044
1175 T	0.02754	0.00209	0.97037
1176 T	0.02781	0.00191	0.97028
1177 T	0.02789	0.00198	0.97013
1178 T	0.02790	0.00210	0.97001
1179 T	0.02789	0.00261	0.9695
1180 G	0.02786	0.00423	0.96791
1181 T	0.02783	0.00723	0.96494
1182 T	0.02778	0.01380	0.95843
1183 A	0.02763	0.01645	0.95592
1184 A	0.02753	0.01773	0.95474
1185 A	0.02743	0.01885	0.95371
1186 G	0.02740	0.01984	0.95276
1187 C	0.02746	0.02056	0.95199
1188 A	0.02756	0.02267	0.94977
1189 A	0.02769	0.02455	0.94776
1190 A	0.02773	0.02539	0.94688
1191 T	0.02775	0.02577	0.94648
1192 A	0.02775	0.02619	0.94605
1193 A	0.02779	0.02655	0.94567
1194 T	0.02784	0.02668	0.94548
1195 A	0.02787	0.02695	0.94517
1196 T	0.02798	0.02685	0.94517
1197 T	0.02806	0.02679	0.94515
1198 A	0.02809	0.02678	0.94513
1199 G	0.02815	0.02674	0.94512
1200 C	0.02830	0.02664	0.94506
1201 G	0.02851	0.02652	0.94497
1202 A	0.02921	0.02597	0.94482
1203 A	0.03096	0.02431	0.94473
1204 G	0.03407	0.02119	0.94475
1205 C	0.04037	0.01486	0.94477
1206 T	0.04327	0.01188	0.94485
1207 A	0.04451	0.01057	0.94492
1208 C	0.04604	0.00895	0.94501
1209 T	0.04766	0.00737	0.94498
1210 T	0.04861	0.00661	0.94478
1211 C	0.05001	0.00540	0.94458
1212 T	0.05158	0.00496	0.94346
1213 T	0.05207	0.00463	0.9433
1214 T	0.05212	0.00469	0.94318
1215 A	0.05211	0.00486	0.94303
1216 T	0.05239	0.00473	0.94288
1217 C	0.05239	0.00483	0.94278
1218 T	0.05262	0.00488	0.94251
1219 T	0.05259	0.00519	0.94222
1220 T	0.05249	0.00552	0.94199
1221 A	0.05199	0.00621	0.9418
1222 A	0.05180	0.00649	0.9417
1223 A	0.05175	0.00652	0.94173
1224 T	0.05174	0.00643	0.94182
1225 T	0.05167	0.00649	0.94184
1226 A	0.05165	0.00651	0.94184
1227 T	0.05164	0.00651	0.94184
1228 G	0.05151	0.00667	0.94181
1229 C	0.05151	0.00675	0.94174
1230 T	0.05153	0.00720	0.94127
1231 A	0.05148	0.00806	0.94045
1232 A	0.05154	0.00876	0.93969
1233 T	0.05182	0.00859	0.93958
1234 A	0.05205	0.00834	0.93961
1235 T	0.05313	0.00714	0.93973
1236 T	0.05329	0.00685	0.93986
1237 C	0.05335	0.00656	0.94009
1238 C	0.05347	0.00653	0.93999
1239 T	0.05379	0.00726	0.93895
1240 T	0.05393	0.00906	0.93701
1241 T	0.05394	0.01231	0.93375
1242 T	0.05333	0.01999	0.92668
1243 T	0.05134	0.03526	0.9134
1244 T	0.04887	0.03900	0.91213
1245 A	0.04135	0.04917	0.90947
1246 A	0.03275	0.06174	0.90551
1247 A	0.02608	0.07350	0.90042
1248 C	0.02332	0.07652	0.90016
1249 G	0.02079	0.08033	0.89888
1250 A	0.01879	0.08445	0.89676
1251 A	0.01756	0.08729	0.89515
1252 C	0.01677	0.09020	0.89303
1253 A	0.01633	0.10331	0.88036
1254 A	0.01682	0.11426	0.86892
1255 G	0.01735	0.11735	0.8653
1256 A	0.01747	0.12014	0.86239
1257 G	0.01757	0.12180	0.86063
1258 T	0.01776	0.12288	0.85936
1259 T	0.01780	0.12421	0.85799
1260 A	0.01773	0.12509	0.85718
1261 A	0.01809	0.12523	0.85668
1262 A	0.01931	0.12441	0.85629
1263 A	0.02136	0.12270	0.85594
1264 A	0.02433	0.11961	0.85605
1265 A	0.03086	0.11220	0.85693
1266 T	0.04317	0.09788	0.85895
1267 A	0.04383	0.09611	0.86006
1268 A	0.04527	0.08995	0.86478
1269 A	0.04782	0.08062	0.87156
1270 T	0.05279	0.07037	0.87684
1271 T	0.05017	0.07219	0.87764
1272 A	0.04218	0.07903	0.87879
1273 G	0.04167	0.07849	0.87984
1274 A	0.04203	0.07739	0.88058
1275 A	0.04475	0.07402	0.88124
1276 C	0.05844	0.05979	0.88178
1277 T	0.07157	0.04745	0.88098
1278 T	0.07394	0.04533	0.88074
1279 T	0.07383	0.04629	0.87989
1280 T	0.07010	0.05127	0.87863
1281 A	0.05754	0.06567	0.87679
1282 C	0.03879	0.08774	0.87347
1283 A	0.02606	0.11065	0.86329
1284 A	0.02130	0.12316	0.85554
1285 A	0.01789	0.12997	0.85214
1286 A	0.01620	0.13417	0.84963
1287 A	0.01472	0.13882	0.84646
1288 G	0.01339	0.14046	0.84615
1289 A	0.01308	0.14147	0.84546
1290 A	0.01403	0.13984	0.84613
1291 A	0.01549	0.13713	0.84738
1292 G	0.01722	0.13222	0.85056
1293 T	0.01896	0.12914	0.85189
1294 G	0.01996	0.12499	0.85505
1295 A	0.02055	0.11899	0.86045
1296 T	0.02078	0.11849	0.86072
1297 G	0.02036	0.11888	0.86075
1298 A	0.02021	0.12014	0.85964
1299 T	0.02019	0.12042	0.85939
1300 A	0.01994	0.12106	0.859
1301 A	0.01942	0.12089	0.8597
1302 G	0.02030	0.11826	0.86143
1303 A	0.02142	0.11484	0.86374
1304 A	0.02289	0.10574	0.87137
1305 G	0.02683	0.08529	0.88788
1306 G	0.03610	0.07117	0.89273
1307 T	0.04317	0.06691	0.88992
1308 A	0.04510	0.07679	0.87811
1309 A	0.04728	0.08913	0.86359
1310 T	0.05018	0.08906	0.86076
1311 A	0.05000	0.09093	0.85907
1312 T	0.05005	0.09165	0.8583
1313 T	0.04838	0.09724	0.85438
1314 A	0.04494	0.11031	0.84475
1315 G	0.04256	0.12248	0.83496
1316 A	0.04015	0.12770	0.83214
1317 A	0.03655	0.13446	0.82898
1318 A	0.03422	0.13838	0.82741
1319 T	0.03463	0.13806	0.82731
1320 C	0.03327	0.13889	0.82785
1321 A	0.03255	0.13969	0.82776
1322 A	0.03143	0.14077	0.8278
1323 A	0.03179	0.14000	0.82821
1324 C	0.03267	0.13840	0.82892
1325 A	0.03291	0.13831	0.82878
1326 A	0.03496	0.13583	0.8292
1327 G	0.03983	0.13039	0.82978
1328 A	0.04410	0.12644	0.82946
