# lcl|CP097583.1_cds_USQ93600.1_1
# AA	inside	membr	outside
1 T	0.29779	0.00000	0.70221
2 T	0.29575	0.00204	0.70221
3 G	0.29509	0.00270	0.70221
4 A	0.29509	0.00865	0.69626
5 T	0.28753	0.02457	0.68789
6 C	0.28753	0.02792	0.68454
7 G	0.24070	0.07580	0.6835
8 T	0.24070	0.07584	0.68347
9 A	0.23060	0.08706	0.68235
10 A	0.23058	0.15158	0.61785
11 C	0.22798	0.15868	0.61334
12 T	0.20269	0.18469	0.61262
13 A	0.11101	0.27729	0.61169
14 A	0.11100	0.27730	0.61169
15 A	0.11100	0.27861	0.61039
16 C	0.11028	0.27933	0.61039
17 C	0.10927	0.28035	0.61037
18 T	0.10917	0.28056	0.61026
19 A	0.10231	0.28756	0.61012
20 G	0.09250	0.29971	0.60779
21 A	0.08092	0.31129	0.60779
22 A	0.08023	0.31231	0.60746
23 A	0.07980	0.31258	0.60761
24 A	0.07990	0.31206	0.60804
25 C	0.07911	0.30636	0.61452
26 A	0.07873	0.30565	0.61563
27 A	0.08282	0.29773	0.61945
28 G	0.09006	0.28402	0.62592
29 A	0.09387	0.27792	0.6282
30 C	0.09948	0.23851	0.66201
31 G	0.10093	0.23266	0.66641
32 A	0.10434	0.21808	0.67758
33 A	0.15709	0.15886	0.68405
34 T	0.16274	0.14668	0.69059
35 C	0.16412	0.12346	0.71242
36 T	0.16539	0.04955	0.78505
37 T	0.16548	0.04870	0.78582
38 T	0.16583	0.04733	0.78685
39 T	0.15956	0.05429	0.78615
40 G	0.15496	0.06064	0.7844
41 A	0.15014	0.06474	0.78512
42 C	0.14870	0.05966	0.79164
43 A	0.14897	0.05551	0.79552
44 A	0.14640	0.05485	0.79875
45 A	0.14631	0.05832	0.79537
46 T	0.14672	0.05794	0.79533
47 A	0.14678	0.05894	0.79428
48 T	0.14693	0.05860	0.79446
49 T	0.14694	0.06401	0.78906
50 T	0.14691	0.07521	0.77788
51 A	0.14641	0.07565	0.77794
52 A	0.14576	0.07567	0.77857
53 T	0.14484	0.07574	0.77942
54 T	0.14387	0.07621	0.77991
55 C	0.14343	0.07637	0.7802
56 C	0.14337	0.07654	0.7801
57 A	0.14362	0.07705	0.77933
58 G	0.14404	0.07715	0.7788
59 T	0.14559	0.07609	0.77833
60 T	0.14668	0.07606	0.77726
61 G	0.14704	0.07698	0.77598
62 A	0.14887	0.07300	0.77813
63 A	0.15223	0.06563	0.78215
64 T	0.15629	0.05650	0.7872
65 T	0.16018	0.05066	0.78916
66 T	0.16285	0.04674	0.79041
67 C	0.16413	0.04408	0.79179
68 C	0.16580	0.04389	0.79031
69 A	0.16537	0.04965	0.78498
70 A	0.16695	0.05283	0.78022
71 A	0.17026	0.05333	0.77641
72 T	0.17743	0.04948	0.77309
73 T	0.18628	0.04199	0.77173
74 T	0.18574	0.04265	0.77161
75 A	0.17981	0.04806	0.77214
76 A	0.17601	0.05095	0.77305
77 C	0.16177	0.06414	0.77409
78 A	0.15154	0.07457	0.77389
79 C	0.14827	0.07777	0.77396
80 C	0.14537	0.08138	0.77325
81 A	0.14261	0.08767	0.76972
82 A	0.14144	0.08905	0.76951
83 C	0.14174	0.08884	0.76942
84 A	0.14161	0.08934	0.76905
85 A	0.14377	0.08741	0.76882
86 C	0.14434	0.08657	0.76909
87 T	0.14452	0.08638	0.76909
88 G	0.14454	0.08634	0.76912
89 A	0.14491	0.08561	0.76949
90 C	0.14600	0.08365	0.77036
91 A	0.14741	0.08200	0.7706
92 C	0.15166	0.07637	0.77197
93 T	0.15553	0.07226	0.7722
94 C	0.15688	0.07082	0.7723
95 A	0.15880	0.06916	0.77205
96 T	0.15975	0.06815	0.7721
97 A	0.15961	0.06796	0.77243
98 A	0.15955	0.06250	0.77795
99 A	0.15958	0.05895	0.78147
100 G	0.15960	0.04098	0.79942
101 C	0.16020	0.02994	0.80986
102 A	0.16048	0.02720	0.81233
103 A	0.16201	0.02312	0.81486
104 T	0.16626	0.01640	0.81733
105 T	0.16653	0.01486	0.81861
106 C	0.16645	0.01420	0.81935
107 A	0.16655	0.01274	0.8207
108 T	0.16665	0.01148	0.82187
109 A	0.16643	0.01245	0.82112
110 C	0.16641	0.01308	0.82051
111 T	0.16636	0.01439	0.81925
112 T	0.16548	0.01982	0.8147
113 T	0.16382	0.02193	0.81425
114 T	0.16193	0.02541	0.81266
115 A	0.15107	0.03678	0.81216
116 A	0.14757	0.03968	0.81275
117 C	0.14515	0.04076	0.81409
118 G	0.14036	0.04566	0.81398
119 C	0.13784	0.04888	0.81329
120 T	0.13675	0.05035	0.81291
121 A	0.13557	0.05249	0.81194
122 A	0.13508	0.05365	0.81127
123 A	0.13470	0.05417	0.81113
124 C	0.13480	0.05399	0.81121
125 T	0.13488	0.05365	0.81146
126 T	0.13280	0.05573	0.81147
127 G	0.13100	0.05759	0.81141
128 A	0.12988	0.05857	0.81156
129 C	0.12880	0.05946	0.81174
130 A	0.12781	0.06041	0.81177
131 A	0.12753	0.06071	0.81176
132 C	0.12679	0.06128	0.81192
133 A	0.12685	0.06192	0.81124
134 A	0.12780	0.06157	0.81063
135 T	0.13180	0.05698	0.81122
136 G	0.13128	0.05624	0.81248
137 G	0.13185	0.05560	0.81255
138 T	0.13044	0.04696	0.8226
139 A	0.12583	0.04853	0.82565
140 A	0.12487	0.04704	0.82809
141 A	0.12461	0.04183	0.83356
142 C	0.12534	0.03808	0.83659
143 C	0.12562	0.03705	0.83733
144 A	0.12631	0.03731	0.83638
145 A	0.12636	0.03727	0.83637
146 T	0.12629	0.03730	0.83641
147 T	0.12392	0.04094	0.83514
148 A	0.12158	0.04410	0.83433
149 C	0.12030	0.04309	0.8366
150 T	0.11887	0.05032	0.83081
151 G	0.11769	0.05219	0.83012
152 A	0.11681	0.05800	0.82519
153 A	0.11548	0.06052	0.82401
154 A	0.11511	0.06119	0.8237
155 C	0.11489	0.05906	0.82605
156 A	0.11502	0.05853	0.82645
157 A	0.11574	0.05784	0.82642
158 T	0.11678	0.05627	0.82696
159 G	0.11737	0.05480	0.82783
160 T	0.11843	0.05299	0.82859
161 A	0.11859	0.05020	0.83121
162 C	0.11861	0.04524	0.83615
163 T	0.11859	0.04579	0.83562
164 T	0.11854	0.04835	0.8331
165 A	0.11808	0.05505	0.82687
166 A	0.11788	0.05638	0.82574
167 A	0.11851	0.05601	0.82548
168 A	0.11864	0.05500	0.82635
169 A	0.11880	0.05348	0.82771
170 C	0.12030	0.04837	0.83133
171 A	0.12094	0.04625	0.83281
172 A	0.12235	0.04420	0.83345
173 C	0.12943	0.03684	0.83374
174 A	0.13166	0.03923	0.82911
175 T	0.13659	0.03483	0.82858
176 T	0.13807	0.03280	0.82912
177 A	0.13816	0.03337	0.82846
178 T	0.13813	0.03382	0.82805
179 C	0.13770	0.03367	0.82863
180 T	0.13737	0.03457	0.82806
181 T	0.13644	0.03669	0.82687
182 A	0.13553	0.03776	0.82671
183 C	0.13451	0.03878	0.82671
184 G	0.13392	0.03938	0.8267
185 A	0.13389	0.03923	0.82688
186 C	0.13421	0.03865	0.82714
187 A	0.13619	0.03662	0.82719
188 C	0.14113	0.03150	0.82736
189 T	0.14227	0.03050	0.82723
190 G	0.14240	0.03106	0.82653
191 A	0.14252	0.03111	0.82637
192 A	0.14210	0.03141	0.82649
193 A	0.14210	0.03126	0.82665
194 A	0.14261	0.02983	0.82756
195 C	0.14332	0.02791	0.82877
196 A	0.14472	0.02630	0.82899
197 A	0.15008	0.02063	0.82928
198 T	0.15180	0.01866	0.82954
199 A	0.15253	0.01767	0.8298
200 C	0.15364	0.01600	0.83037
201 T	0.15449	0.01416	0.83134
202 A	0.15466	0.01303	0.83231
203 C	0.15526	0.01153	0.83321
204 T	0.15630	0.01166	0.83204
205 T	0.15626	0.01202	0.83172
206 T	0.15548	0.01391	0.83061
207 T	0.15390	0.01627	0.82983
208 A	0.14499	0.02531	0.82969
209 C	0.13915	0.03062	0.83023
210 A	0.13490	0.03519	0.82992
211 A	0.13255	0.03737	0.83009
212 C	0.13152	0.03821	0.83027
213 A	0.13104	0.03872	0.83024
214 A	0.13049	0.03930	0.8302
215 C	0.13023	0.03905	0.83072
216 A	0.12997	0.03941	0.83061
217 T	0.12996	0.03935	0.83069
218 T	0.12986	0.03923	0.83091
219 A	0.12965	0.03935	0.831
220 G	0.12956	0.03938	0.83105
221 C	0.12956	0.03899	0.83146
222 A	0.12942	0.03894	0.83164
223 A	0.12938	0.03885	0.83177
224 G	0.12929	0.03879	0.83192
225 C	0.12950	0.03842	0.83208
226 G	0.12985	0.03803	0.83212
227 A	0.13139	0.03622	0.83239
228 A	0.13223	0.03476	0.83301
229 T	0.13437	0.03139	0.83424
230 T	0.13553	0.02882	0.83565
231 A	0.13577	0.01978	0.84445
232 T	0.13606	0.01367	0.85027
233 T	0.13629	0.00937	0.85434
234 T	0.13627	0.00754	0.85619
235 A	0.13615	0.00673	0.85712
236 A	0.13625	0.00559	0.85816
237 T	0.13637	0.00459	0.85904
238 T	0.13646	0.00390	0.85964
239 C	0.13661	0.00319	0.86021
240 T	0.13663	0.00315	0.86021
241 C	0.13662	0.00317	0.86022
242 G	0.13664	0.00322	0.86015
243 T	0.13668	0.00324	0.86008
244 A	0.13663	0.00337	0.86
245 T	0.13667	0.00333	0.86
246 T	0.13670	0.00351	0.85979
247 T	0.13665	0.00360	0.85975
248 T	0.13652	0.00415	0.85933
249 A	0.13611	0.00517	0.85872
250 A	0.13564	0.00681	0.85755
251 T	0.13554	0.00758	0.85688
252 T	0.13529	0.00870	0.85601
253 G	0.13463	0.01022	0.85515
254 A	0.13404	0.01103	0.85493
255 T	0.13387	0.01143	0.8547
256 G	0.13246	0.01287	0.85467
257 G	0.13187	0.01361	0.85453
258 C	0.13074	0.01488	0.85438
259 A	0.12971	0.01681	0.85348
260 C	0.12940	0.01748	0.85312
261 T	0.12942	0.01874	0.85184
262 G	0.12934	0.02036	0.8503
263 T	0.12943	0.02050	0.85008
264 T	0.12939	0.02073	0.84988
265 T	0.12930	0.02104	0.84967
266 A	0.12887	0.02177	0.84936
267 C	0.12711	0.02371	0.84918
268 G	0.12527	0.02611	0.84861
269 A	0.12468	0.02692	0.84841
270 A	0.12442	0.02742	0.84816
271 G	0.12468	0.02707	0.84825
272 A	0.12511	0.02633	0.84857
273 C	0.12602	0.02485	0.84913
274 A	0.12632	0.02468	0.849
275 C	0.12698	0.02394	0.84908
276 A	0.12760	0.02318	0.84922
277 A	0.12783	0.02253	0.84964
278 A	0.12815	0.02226	0.84959
279 A	0.12836	0.02074	0.85091
280 C	0.12876	0.01951	0.85173
281 G	0.12925	0.01760	0.85315
282 T	0.13046	0.01511	0.85442
283 C	0.12943	0.01586	0.85471
284 C	0.12941	0.01696	0.85363
285 T	0.13029	0.02017	0.84954
286 A	0.12986	0.03137	0.83876
287 T	0.12981	0.03299	0.8372
288 A	0.12951	0.03557	0.83493
289 A	0.12926	0.03633	0.83441
290 T	0.12851	0.03534	0.83615
291 C	0.12743	0.03507	0.8375
292 A	0.12329	0.03888	0.83782
293 T	0.12267	0.03927	0.83807
294 A	0.12115	0.04092	0.83793
295 G	0.12034	0.04175	0.83791
296 C	0.12020	0.04174	0.83806
297 C	0.12014	0.04164	0.83821
298 A	0.11997	0.04204	0.838
299 A	0.12001	0.04254	0.83746
300 C	0.11995	0.04313	0.83692
301 A	0.11981	0.04437	0.83582
302 A	0.11964	0.04468	0.83569
303 A	0.11964	0.04450	0.83586
304 G	0.12001	0.04392	0.83607
305 A	0.12046	0.04332	0.83622
306 C	0.12114	0.04031	0.83855
307 C	0.12232	0.03777	0.83991
308 A	0.12587	0.03431	0.83982
309 C	0.13599	0.02428	0.83972
310 A	0.13809	0.02388	0.83803
311 T	0.14030	0.02184	0.83785
312 T	0.14057	0.02163	0.8378
313 A	0.13904	0.02183	0.83913
314 T	0.13301	0.02668	0.84031
315 C	0.10897	0.04702	0.84401
316 A	0.09237	0.06776	0.83987
317 C	0.08888	0.07114	0.83998
318 A	0.08558	0.07815	0.83627
319 A	0.08296	0.08305	0.83399
320 T	0.08130	0.08558	0.83312
321 C	0.07839	0.08890	0.8327
322 G	0.07583	0.09162	0.83255
323 A	0.07447	0.09307	0.83247
324 A	0.07476	0.09265	0.83259
325 A	0.07466	0.09261	0.83273
326 C	0.07449	0.09264	0.83287
327 A	0.07442	0.09256	0.83302
328 C	0.07434	0.09248	0.83319
329 A	0.07365	0.09337	0.83298
330 A	0.07286	0.09435	0.8328
331 C	0.07288	0.09448	0.83264
332 A	0.07308	0.09455	0.83237
333 A	0.07429	0.09349	0.83222
334 A	0.07467	0.09268	0.83265
335 A	0.07545	0.09117	0.83338
336 A	0.07630	0.08852	0.83519
337 G	0.07726	0.07819	0.84455
338 A	0.07983	0.05030	0.86986
339 C	0.08547	0.02556	0.88897
340 T	0.08740	0.02318	0.88942
341 T	0.09006	0.02208	0.88786
342 T	0.09142	0.02090	0.88767
343 T	0.09174	0.02088	0.88738
344 T	0.09183	0.01957	0.8886
345 A	0.09159	0.01782	0.89059
346 C	0.09155	0.01889	0.88955
347 T	0.09093	0.03672	0.87234
348 A	0.08639	0.05728	0.85632
349 G	0.08399	0.06062	0.85539
350 A	0.08169	0.06456	0.85375
351 A	0.08014	0.06699	0.85288
352 A	0.07982	0.06700	0.85318
353 C	0.07987	0.06605	0.85408
354 T	0.08002	0.06623	0.85375
355 G	0.08008	0.06657	0.85335
356 T	0.08013	0.06744	0.85243
357 T	0.07990	0.06999	0.85011
358 A	0.07938	0.07234	0.84828
359 A	0.07912	0.07310	0.84778
360 A	0.07900	0.07330	0.8477
361 G	0.07913	0.07312	0.84775
362 A	0.07953	0.07269	0.84779
363 T	0.08181	0.07031	0.84788
364 C	0.08477	0.06727	0.84796
365 C	0.08649	0.06551	0.84801
366 T	0.08895	0.06306	0.84798
367 A	0.08982	0.06225	0.84793
368 A	0.09152	0.06047	0.84801
369 A	0.09530	0.05663	0.84807
370 T	0.11240	0.03881	0.84878
371 T	0.12547	0.02100	0.85353
372 A	0.12682	0.01736	0.85582
373 T	0.12872	0.01313	0.85815
374 T	0.12945	0.01119	0.85936
375 T	0.12968	0.01083	0.85948
376 G	0.12949	0.01114	0.85937
377 T	0.12975	0.01094	0.85931
378 A	0.12963	0.01115	0.85921
379 G	0.13025	0.01052	0.85923
380 T	0.13249	0.00832	0.85919
381 T	0.13360	0.00706	0.85933
382 A	0.13292	0.00789	0.85919
383 T	0.13282	0.00798	0.85919
384 T	0.13272	0.00823	0.85905
385 G	0.13252	0.00954	0.85795
386 A	0.13242	0.00993	0.85765
387 T	0.13232	0.01029	0.85739
388 T	0.13134	0.01165	0.857
389 A	0.12568	0.01779	0.85653
390 C	0.11996	0.02359	0.85645
391 G	0.11541	0.02855	0.85604
392 A	0.11251	0.03199	0.85551
393 A	0.11105	0.03375	0.8552
394 C	0.11099	0.03396	0.85505
395 T	0.11110	0.03418	0.85472
396 A	0.11093	0.03450	0.85456
397 G	0.11099	0.03434	0.85467
398 T	0.11146	0.03378	0.85477
399 T	0.11175	0.03333	0.85492
400 G	0.11186	0.03277	0.85537
401 A	0.11212	0.03188	0.856
402 T	0.11238	0.03078	0.85684
403 T	0.11248	0.03033	0.8572
404 C	0.11221	0.03017	0.85762
405 C	0.11077	0.03149	0.85775
406 G	0.11032	0.03282	0.85687
407 A	0.11015	0.03402	0.85583
408 A	0.11055	0.03448	0.85497
409 G	0.11062	0.03513	0.85425
410 G	0.11075	0.03607	0.85318
411 A	0.11072	0.03736	0.85192
412 A	0.11079	0.03240	0.85682
413 A	0.11073	0.02797	0.8613
414 A	0.11114	0.02415	0.86471
415 G	0.11167	0.02322	0.8651
416 C	0.11201	0.02272	0.86527
417 T	0.11215	0.02655	0.86131
418 T	0.11211	0.02705	0.86085
419 T	0.11191	0.02760	0.86049
420 C	0.11070	0.02928	0.86002
421 G	0.10986	0.03258	0.85757
422 C	0.10945	0.03491	0.85564
423 T	0.10909	0.03946	0.85144
424 G	0.10881	0.04094	0.85025
425 G	0.10874	0.04185	0.84941
426 A	0.10872	0.04286	0.84842
427 A	0.10876	0.04368	0.84756
428 C	0.10899	0.04269	0.84832
429 T	0.10964	0.04669	0.84367
430 A	0.11012	0.04942	0.84045
431 A	0.11062	0.05289	0.8365
432 A	0.11105	0.05457	0.83437
433 G	0.11195	0.05499	0.83306
434 A	0.11405	0.05344	0.83251
435 A	0.11490	0.05276	0.83234
436 A	0.11593	0.05192	0.83215
437 A	0.11743	0.05079	0.83179
438 A	0.12085	0.04766	0.83149
439 A	0.12332	0.04496	0.83173
440 T	0.12818	0.03958	0.83224
441 T	0.12944	0.03785	0.83272
442 A	0.13022	0.03675	0.83302
443 C	0.13171	0.03415	0.83414
444 T	0.13421	0.03113	0.83465
445 T	0.13555	0.02959	0.83486
446 C	0.13757	0.02764	0.83479
447 T	0.13801	0.02866	0.83334
448 C	0.13527	0.03264	0.83209
449 A	0.13313	0.03604	0.83082
450 A	0.12261	0.04786	0.82953
451 A	0.11884	0.05185	0.82931
452 T	0.12213	0.04859	0.82927
453 C	0.11904	0.05162	0.82934
454 G	0.11324	0.05757	0.82919
455 C	0.10918	0.06177	0.82905
456 T	0.10496	0.06646	0.82858
457 C	0.09592	0.07565	0.82844
458 A	0.08160	0.09041	0.82799
459 A	0.07353	0.09867	0.82779
460 A	0.06500	0.10738	0.82761
461 C	0.06445	0.10792	0.82763
462 A	0.06381	0.10857	0.82762
463 A	0.06347	0.10889	0.82764
464 A	0.06352	0.10879	0.82769
465 C	0.06362	0.10857	0.8278
466 A	0.06379	0.10837	0.82784
467 C	0.06404	0.10786	0.8281
468 A	0.06435	0.10742	0.82823
469 A	0.06488	0.10655	0.82857
470 T	0.06650	0.10436	0.82914
471 G	0.06747	0.10041	0.83212
472 A	0.06862	0.09709	0.83429
473 G	0.06990	0.08313	0.84697
474 T	0.07031	0.07669	0.853
475 A	0.07049	0.07304	0.85647
476 A	0.07075	0.06591	0.86335
477 T	0.07121	0.05372	0.87507
478 T	0.07155	0.04595	0.88249
479 T	0.07188	0.03923	0.8889
480 A	0.07199	0.03089	0.89712
481 T	0.07230	0.01706	0.91064
482 A	0.07242	0.00929	0.91829
483 A	0.07259	0.00000	0.92742
