# lcl|CP097583.1_cds_USQ93613.1_1
# AA	inside	membr	outside
1 A	0.48752	0.00000	0.51248
2 T	0.48336	0.00415	0.51248
3 G	0.48044	0.00708	0.51248
4 A	0.48044	0.10160	0.41796
5 A	0.45093	0.20425	0.34482
6 T	0.45093	0.21261	0.33645
7 G	0.42643	0.24048	0.33309
8 A	0.42643	0.24055	0.33302
9 A	0.42524	0.24278	0.33199
10 T	0.42523	0.28984	0.28492
11 T	0.42501	0.29784	0.27714
12 G	0.40482	0.32353	0.27165
13 A	0.37651	0.39933	0.22416
14 T	0.37650	0.39933	0.22416
15 T	0.37650	0.46087	0.16262
16 G	0.36972	0.46766	0.16262
17 A	0.36287	0.47515	0.16198
18 C	0.36275	0.47606	0.16119
19 A	0.35923	0.48083	0.15994
20 A	0.35022	0.50242	0.14737
21 G	0.34152	0.51104	0.14743
22 A	0.34929	0.50491	0.1458
23 G	0.36454	0.49040	0.14506
24 T	0.40909	0.44411	0.1468
25 T	0.42826	0.41393	0.15782
26 T	0.43079	0.40575	0.16346
27 A	0.44505	0.38606	0.16889
28 C	0.47678	0.33007	0.19315
29 C	0.47570	0.33135	0.19295
30 T	0.47145	0.33719	0.19136
31 A	0.44825	0.39002	0.16173
32 A	0.42201	0.44620	0.13178
33 A	0.38491	0.51275	0.10234
34 A	0.30758	0.61826	0.07416
35 A	0.25112	0.67779	0.07109
36 A	0.25360	0.65322	0.09318
37 A	0.22794	0.67972	0.09234
38 A	0.26272	0.64868	0.0886
39 T	0.24249	0.66806	0.08944
40 C	0.18974	0.72524	0.08501
41 A	0.15772	0.76473	0.07756
42 A	0.10956	0.81531	0.07513
43 A	0.10532	0.81818	0.0765
44 A	0.06617	0.85695	0.07687
45 A	0.05794	0.86712	0.07494
46 G	0.05224	0.86882	0.07893
47 A	0.04672	0.87135	0.08194
48 A	0.04501	0.86909	0.08589
49 A	0.04291	0.86502	0.09207
50 C	0.04300	0.84157	0.11543
51 A	0.04381	0.83538	0.12081
52 G	0.04683	0.82390	0.12927
53 A	0.05567	0.81009	0.13424
54 A	0.08355	0.76761	0.14884
55 G	0.11343	0.71820	0.16837
56 A	0.14343	0.62146	0.2351
57 A	0.17147	0.51768	0.31085
58 T	0.19525	0.43110	0.37364
59 A	0.19807	0.42735	0.37458
60 T	0.20598	0.40584	0.38819
61 T	0.21104	0.40977	0.37919
62 A	0.21275	0.40585	0.3814
63 T	0.22084	0.35198	0.42718
64 T	0.22515	0.31969	0.45516
65 T	0.22339	0.29726	0.47935
66 A	0.21320	0.30480	0.48199
67 T	0.21250	0.28342	0.50407
68 A	0.21007	0.28195	0.50798
69 T	0.20815	0.28001	0.51184
70 C	0.20532	0.28507	0.50961
71 G	0.20380	0.31758	0.47862
72 T	0.19929	0.37164	0.42907
73 A	0.19283	0.44848	0.3587
74 A	0.17496	0.53307	0.29197
75 A	0.15519	0.59456	0.25025
76 G	0.14846	0.65240	0.19913
77 A	0.14596	0.71040	0.14364
78 A	0.14664	0.72747	0.12589
79 A	0.15408	0.72868	0.11724
80 A	0.16532	0.71996	0.11472
81 A	0.18817	0.69989	0.11194
82 T	0.24996	0.63753	0.11251
83 T	0.28227	0.60712	0.11061
84 T	0.30926	0.58706	0.10368
85 T	0.32128	0.57464	0.10409
86 T	0.32237	0.57721	0.10041
87 A	0.31636	0.58240	0.10123
88 A	0.31281	0.58158	0.10561
89 C	0.31514	0.56763	0.11724
90 T	0.32346	0.55728	0.11926
91 C	0.32644	0.55267	0.12088
92 A	0.32996	0.54944	0.1206
93 A	0.33585	0.54261	0.12154
94 A	0.35620	0.52154	0.12226
95 C	0.38711	0.48461	0.12828
96 A	0.41802	0.45207	0.12991
97 A	0.47259	0.38141	0.14601
98 G	0.50111	0.33820	0.16069
99 A	0.54138	0.30249	0.15614
100 T	0.57331	0.27352	0.15317
101 T	0.52869	0.32901	0.1423
102 A	0.41962	0.46522	0.11515
103 A	0.34916	0.55734	0.0935
104 G	0.30654	0.60132	0.09213
105 A	0.25006	0.66066	0.08928
106 A	0.22645	0.68669	0.08686
107 A	0.22576	0.68601	0.08823
108 C	0.22209	0.68630	0.09161
109 A	0.22173	0.68512	0.09315
110 T	0.22121	0.68021	0.09858
111 C	0.21417	0.68201	0.10382
112 C	0.20702	0.68827	0.10471
113 C	0.20078	0.69511	0.10411
114 T	0.19378	0.70525	0.10097
115 A	0.18605	0.71881	0.09514
116 A	0.18209	0.72412	0.09379
117 A	0.17948	0.72509	0.09543
118 A	0.17911	0.71097	0.10992
119 T	0.18171	0.65940	0.15889
120 A	0.18255	0.63409	0.18335
121 G	0.19032	0.59086	0.21882
122 T	0.21270	0.53763	0.24967
123 A	0.22116	0.50207	0.27677
124 G	0.23348	0.43554	0.33097
125 G	0.25493	0.33018	0.41489
126 T	0.27343	0.26628	0.46029
127 A	0.27392	0.25014	0.47594
128 T	0.27694	0.20934	0.51372
129 T	0.27956	0.19745	0.52299
130 A	0.27901	0.21023	0.51076
131 T	0.27813	0.21628	0.5056
132 T	0.27560	0.23156	0.49284
133 A	0.27216	0.24625	0.4816
134 A	0.27063	0.24822	0.48115
135 A	0.27000	0.24604	0.48396
136 A	0.27048	0.24097	0.48854
137 C	0.27351	0.23065	0.49584
138 T	0.27864	0.23474	0.48662
139 A	0.27776	0.27799	0.44424
140 T	0.27081	0.32094	0.40825
141 T	0.24120	0.40090	0.3579
142 G	0.18329	0.54258	0.27413
143 A	0.16013	0.61454	0.22532
144 A	0.14244	0.65574	0.20181
145 A	0.13650	0.67738	0.18611
146 A	0.14202	0.67708	0.18091
147 T	0.16061	0.66201	0.17738
148 A	0.16916	0.65399	0.17685
149 A	0.18143	0.64145	0.17712
150 T	0.20242	0.61926	0.17833
151 T	0.21177	0.60931	0.17893
152 C	0.21318	0.60724	0.17959
153 A	0.21950	0.60073	0.17977
154 G	0.22618	0.59371	0.18012
155 A	0.23817	0.58094	0.1809
156 T	0.25069	0.56676	0.18255
157 C	0.24843	0.56838	0.18319
158 A	0.24552	0.57095	0.18352
159 A	0.23265	0.58328	0.18407
160 A	0.22672	0.58837	0.18492
161 A	0.23182	0.58206	0.18611
162 A	0.27005	0.54146	0.18848
163 A	0.31451	0.48282	0.20266
164 A	0.37938	0.38058	0.24004
165 T	0.47336	0.22735	0.29929
166 T	0.50847	0.16893	0.3226
167 C	0.51739	0.14571	0.3369
168 T	0.52262	0.13741	0.33997
169 G	0.52173	0.13785	0.34042
170 T	0.52383	0.13512	0.34105
171 T	0.52228	0.13599	0.34173
172 A	0.52007	0.13752	0.34242
173 T	0.51928	0.13218	0.34854
174 C	0.51760	0.12435	0.35806
175 G	0.51630	0.12111	0.36259
176 C	0.51566	0.11815	0.3662
177 T	0.51437	0.12039	0.36524
178 T	0.51223	0.12609	0.36168
179 T	0.51071	0.13322	0.35607
180 T	0.50878	0.13058	0.36063
181 G	0.50384	0.13512	0.36105
182 T	0.50054	0.12563	0.37383
183 A	0.49454	0.13408	0.37138
184 A	0.49183	0.13804	0.37013
185 A	0.48925	0.13183	0.37893
186 T	0.48860	0.12683	0.38456
187 A	0.48784	0.12551	0.38665
188 G	0.48753	0.12215	0.39032
189 C	0.48710	0.11787	0.39502
190 G	0.48670	0.12318	0.39012
191 T	0.48566	0.14266	0.37168
192 T	0.48060	0.18229	0.33712
193 A	0.47614	0.24595	0.27791
194 T	0.47107	0.31388	0.21506
195 A	0.46146	0.36929	0.16925
196 A	0.45751	0.40591	0.13658
197 A	0.45614	0.41899	0.12487
198 A	0.45516	0.41950	0.12533
199 A	0.45571	0.41815	0.12614
200 A	0.45844	0.41296	0.1286
201 T	0.46219	0.40367	0.13413
202 C	0.46493	0.39800	0.13706
203 G	0.46717	0.39433	0.1385
204 A	0.46782	0.39136	0.14081
205 G	0.47024	0.38629	0.14348
206 C	0.47754	0.37539	0.14706
207 T	0.48452	0.36783	0.14765
208 C	0.47882	0.37235	0.14883
209 A	0.47074	0.38400	0.14526
210 A	0.46162	0.39825	0.14013
211 A	0.45675	0.40400	0.13925
212 A	0.45643	0.40408	0.13949
213 A	0.46556	0.39446	0.13998
214 G	0.49217	0.36056	0.14728
215 C	0.53699	0.30508	0.15793
216 A	0.60179	0.23637	0.16184
217 T	0.67179	0.16151	0.1667
218 C	0.70707	0.11995	0.17298
219 T	0.72931	0.09634	0.17436
220 T	0.73119	0.09447	0.17433
221 C	0.72452	0.09965	0.17583
222 A	0.71505	0.11117	0.17378
223 T	0.70783	0.12136	0.17081
224 T	0.69723	0.13211	0.17066
225 T	0.67794	0.15014	0.17192
226 A	0.64706	0.18135	0.17159
227 T	0.62362	0.20010	0.17627
228 G	0.57947	0.24298	0.17755
229 G	0.54472	0.28108	0.1742
230 A	0.53048	0.29422	0.1753
231 A	0.52035	0.30117	0.17847
232 A	0.51821	0.29795	0.18384
233 G	0.52065	0.28641	0.19295
234 C	0.52080	0.28143	0.19777
235 A	0.52088	0.28407	0.19505
236 T	0.52123	0.28721	0.19156
237 T	0.52043	0.29115	0.18842
238 A	0.51975	0.29712	0.18314
239 T	0.51928	0.29956	0.18116
240 A	0.51869	0.30109	0.18023
241 A	0.51838	0.30025	0.18137
242 A	0.51880	0.29976	0.18144
243 T	0.51979	0.29689	0.18332
244 A	0.51970	0.29675	0.18355
245 A	0.51981	0.28617	0.19403
246 T	0.52253	0.25985	0.21762
247 T	0.52092	0.24842	0.23066
248 T	0.51535	0.24286	0.24179
249 A	0.51019	0.25247	0.23733
250 A	0.50856	0.27195	0.21949
251 A	0.50897	0.27436	0.21667
252 A	0.51332	0.24833	0.23836
253 A	0.51503	0.24193	0.24304
254 A	0.51773	0.23465	0.24762
255 T	0.52053	0.23449	0.24499
256 C	0.51907	0.23488	0.24605
257 G	0.51981	0.23797	0.24222
258 A	0.52418	0.23448	0.24134
259 T	0.52923	0.22935	0.24142
260 C	0.53146	0.22700	0.24153
261 T	0.53570	0.22561	0.23869
262 C	0.53317	0.22980	0.23702
263 A	0.53351	0.23615	0.23034
264 A	0.53432	0.24081	0.22486
265 A	0.53740	0.24841	0.21419
266 G	0.54174	0.25447	0.20379
267 T	0.55330	0.24630	0.2004
268 G	0.55636	0.23998	0.20366
269 A	0.56322	0.22979	0.20698
270 T	0.57563	0.21158	0.21279
271 C	0.58164	0.20053	0.21783
272 C	0.59363	0.18833	0.21804
273 A	0.61729	0.16935	0.21336
274 A	0.64155	0.15025	0.2082
275 A	0.64809	0.14354	0.20837
276 T	0.65704	0.13426	0.2087
277 G	0.66064	0.12962	0.20973
278 T	0.66769	0.12005	0.21226
279 C	0.66537	0.11906	0.21557
280 A	0.66784	0.11876	0.2134
281 T	0.66994	0.11631	0.21375
282 T	0.66913	0.11779	0.21307
283 A	0.66608	0.12284	0.21108
284 T	0.66350	0.12725	0.20925
285 C	0.62152	0.16696	0.21152
286 A	0.60847	0.18019	0.21133
287 A	0.60597	0.18286	0.21117
288 A	0.60671	0.18253	0.21076
289 A	0.61201	0.17677	0.21122
290 C	0.61445	0.17366	0.2119
291 T	0.60722	0.18006	0.21271
292 G	0.59689	0.19038	0.21273
293 A	0.59537	0.19472	0.20991
294 T	0.59668	0.19625	0.20706
295 T	0.59736	0.19805	0.20459
296 A	0.59794	0.19488	0.20719
297 T	0.60145	0.18885	0.2097
298 A	0.60099	0.18747	0.21154
299 T	0.60053	0.18583	0.21365
300 T	0.59564	0.18794	0.21642
301 A	0.58057	0.20161	0.21782
302 C	0.57188	0.20565	0.22248
303 A	0.56418	0.21253	0.22329
304 G	0.55861	0.21608	0.22531
305 G	0.55568	0.21676	0.22756
306 A	0.55388	0.21621	0.22991
307 T	0.55396	0.21186	0.23418
308 C	0.54889	0.17169	0.27943
309 A	0.54209	0.16651	0.2914
310 A	0.54093	0.16543	0.29364
311 T	0.54090	0.16340	0.2957
312 G	0.53526	0.16605	0.29869
313 A	0.53104	0.16757	0.30139
314 T	0.52971	0.15293	0.31735
315 G	0.52510	0.14570	0.32921
316 C	0.52440	0.14230	0.3333
317 C	0.52573	0.14127	0.333
318 T	0.52579	0.14412	0.33009
319 T	0.51793	0.15835	0.32372
320 G	0.50481	0.17971	0.31549
321 T	0.49333	0.20609	0.30058
322 G	0.46460	0.28523	0.25017
323 A	0.41340	0.37205	0.21456
324 A	0.38241	0.40678	0.21081
325 A	0.37059	0.41912	0.21028
326 G	0.35821	0.42956	0.21222
327 A	0.34931	0.44992	0.20077
328 A	0.34360	0.46063	0.19577
329 A	0.34109	0.46385	0.19505
330 A	0.34052	0.46353	0.19595
331 G	0.34054	0.45799	0.20147
332 A	0.34258	0.45012	0.2073
333 A	0.34616	0.44566	0.20818
334 A	0.35069	0.44086	0.20845
335 A	0.35247	0.43592	0.2116
336 A	0.35344	0.43154	0.21502
337 T	0.35512	0.42720	0.21768
338 T	0.35588	0.43161	0.2125
339 A	0.35546	0.43851	0.20603
340 G	0.35686	0.44238	0.20077
341 A	0.36104	0.45023	0.18873
342 T	0.37099	0.43216	0.19684
343 A	0.38065	0.41470	0.20465
344 A	0.39939	0.38653	0.21407
345 A	0.45137	0.31141	0.23721
346 T	0.49289	0.21796	0.28915
347 T	0.50773	0.17476	0.31751
348 A	0.51383	0.16069	0.32548
349 G	0.52041	0.14616	0.33344
350 T	0.53475	0.12823	0.33701
351 T	0.53985	0.12108	0.33907
352 T	0.54163	0.12156	0.33681
353 A	0.54057	0.13426	0.32516
354 T	0.53967	0.15301	0.30732
355 G	0.53503	0.20501	0.25996
356 A	0.53173	0.24854	0.21973
357 A	0.53197	0.26334	0.20469
358 A	0.53483	0.26324	0.20193
359 A	0.53898	0.26041	0.20061
360 A	0.54630	0.25384	0.19987
361 T	0.56300	0.23673	0.20027
362 C	0.57402	0.22464	0.20135
363 A	0.58469	0.21401	0.20129
364 T	0.60300	0.19572	0.20129
365 T	0.60752	0.19123	0.20125
366 T	0.60950	0.18915	0.20135
367 G	0.61059	0.18798	0.20143
368 T	0.61239	0.18574	0.20186
369 A	0.61318	0.18484	0.20198
370 T	0.61628	0.18123	0.2025
371 T	0.61840	0.17832	0.20328
372 A	0.62019	0.17591	0.20389
373 T	0.62329	0.17181	0.2049
374 G	0.62585	0.16833	0.20582
375 G	0.63115	0.16193	0.20691
376 A	0.64605	0.14709	0.20686
377 A	0.66743	0.12505	0.20752
378 T	0.71555	0.07202	0.21243
379 T	0.75161	0.03193	0.21646
380 G	0.76270	0.01857	0.21873
381 T	0.76589	0.01470	0.21941
382 C	0.76687	0.01425	0.21887
383 T	0.76770	0.01499	0.21731
384 T	0.76769	0.01736	0.21495
385 T	0.76738	0.01958	0.21304
386 G	0.76672	0.02152	0.21176
387 T	0.76663	0.02410	0.20927
388 T	0.76630	0.02500	0.20869
389 T	0.76563	0.02602	0.20835
390 A	0.76447	0.02773	0.2078
391 A	0.76407	0.02878	0.20715
392 C	0.76380	0.02915	0.20705
393 T	0.76278	0.03109	0.20613
394 G	0.76097	0.03449	0.20454
395 A	0.75970	0.03638	0.20391
396 A	0.75810	0.03846	0.20345
397 G	0.75622	0.04098	0.20281
398 G	0.75578	0.04174	0.20247
399 G	0.75689	0.04161	0.2015
400 A	0.75835	0.04245	0.1992
401 T	0.75891	0.04295	0.19814
402 A	0.75921	0.04465	0.19613
403 G	0.75980	0.04557	0.19463
404 A	0.76056	0.04572	0.19372
405 T	0.76222	0.04386	0.19393
406 A	0.76379	0.04201	0.19421
407 T	0.76664	0.03842	0.19494
408 T	0.76819	0.03592	0.19589
409 C	0.76882	0.03407	0.19711
410 C	0.76998	0.03239	0.19763
411 T	0.77065	0.03153	0.19782
412 G	0.77093	0.03104	0.19803
413 G	0.77164	0.03002	0.19834
414 T	0.77286	0.02868	0.19846
415 T	0.77334	0.02782	0.19884
416 G	0.77405	0.02562	0.20032
417 T	0.77562	0.02233	0.20205
418 A	0.77610	0.02058	0.20332
419 A	0.77667	0.01828	0.20506
420 T	0.77777	0.01488	0.20735
421 A	0.77869	0.01291	0.2084
422 C	0.78020	0.01040	0.2094
423 T	0.78274	0.00825	0.20902
424 G	0.78341	0.00883	0.20776
425 T	0.78519	0.00791	0.2069
426 T	0.78637	0.00745	0.20619
427 G	0.78673	0.00794	0.20534
428 T	0.78684	0.00839	0.20477
429 T	0.78679	0.00926	0.20395
430 T	0.78673	0.01071	0.20255
431 T	0.78668	0.01216	0.20116
432 T	0.78641	0.01343	0.20017
433 T	0.78592	0.01547	0.19861
434 T	0.78521	0.01836	0.19643
435 T	0.78042	0.02365	0.19593
436 G	0.77115	0.03314	0.1957
437 A	0.76642	0.03835	0.19522
438 T	0.76076	0.04463	0.19462
439 C	0.74982	0.05598	0.1942
440 C	0.74180	0.06456	0.19364
441 T	0.73315	0.07536	0.19149
442 A	0.72179	0.08823	0.18998
443 A	0.71755	0.09310	0.18936
444 A	0.71640	0.09454	0.18906
445 A	0.71598	0.09497	0.18905
446 A	0.71648	0.09426	0.18925
447 T	0.71833	0.09180	0.18987
448 T	0.71932	0.09056	0.19011
449 C	0.71864	0.09105	0.19031
450 T	0.71862	0.09103	0.19035
451 A	0.71810	0.09157	0.19033
452 C	0.71781	0.09177	0.19042
453 T	0.71574	0.09412	0.19014
454 T	0.70950	0.10098	0.18951
455 T	0.69088	0.12048	0.18864
456 A	0.67061	0.14259	0.1868
457 G	0.66052	0.15403	0.18545
458 A	0.65591	0.15490	0.1892
459 A	0.65338	0.14923	0.19739
460 A	0.65326	0.14426	0.20248
461 T	0.65392	0.13715	0.20893
462 T	0.65106	0.12875	0.22019
463 A	0.64326	0.12935	0.22739
464 T	0.64022	0.12411	0.23568
465 T	0.63241	0.12401	0.24358
466 C	0.61859	0.13480	0.24661
467 A	0.59355	0.16012	0.24633
468 A	0.55960	0.19499	0.2454
469 G	0.54974	0.20557	0.24468
470 C	0.54257	0.21453	0.24289
471 A	0.53101	0.23326	0.23573
472 G	0.51589	0.25396	0.23014
473 T	0.50764	0.26936	0.223
474 A	0.50267	0.27507	0.22226
475 G	0.50073	0.27601	0.22326
476 G	0.50048	0.26677	0.23274
477 A	0.50107	0.25541	0.24352
478 C	0.50269	0.23338	0.26393
479 G	0.50522	0.22071	0.27407
480 T	0.50754	0.21421	0.27826
481 A	0.50841	0.21902	0.27258
482 T	0.50959	0.21918	0.27123
483 T	0.50998	0.22256	0.26745
484 T	0.50982	0.22516	0.26503
485 T	0.50896	0.22344	0.2676
486 A	0.50700	0.22211	0.27089
487 A	0.50547	0.23063	0.2639
488 G	0.50364	0.23062	0.26573
489 A	0.49587	0.23626	0.26787
490 A	0.48714	0.23254	0.28032
491 A	0.48257	0.21493	0.3025
492 A	0.47767	0.21464	0.30769
493 G	0.47799	0.20885	0.31315
494 A	0.48339	0.19357	0.32304
495 T	0.49055	0.16955	0.3399
496 C	0.49619	0.15503	0.34878
497 C	0.49713	0.15697	0.3459
498 T	0.49739	0.19230	0.31031
499 A	0.49486	0.26028	0.24486
500 A	0.49331	0.33436	0.17233
501 T	0.48746	0.35619	0.15635
502 A	0.47590	0.36989	0.1542
503 A	0.47496	0.37117	0.15387
504 T	0.47990	0.36558	0.15451
505 C	0.47651	0.36857	0.15492
506 C	0.47734	0.36843	0.15423
507 T	0.48105	0.36772	0.15124
508 A	0.47920	0.37237	0.14843
509 A	0.48096	0.37197	0.14706
510 T	0.48847	0.36462	0.1469
511 A	0.48982	0.36242	0.14776
512 A	0.49395	0.35077	0.15528
513 A	0.50200	0.33433	0.16367
514 A	0.51088	0.31901	0.17011
515 T	0.51451	0.30882	0.17666
516 A	0.51518	0.30560	0.17922
517 G	0.51657	0.30216	0.18127
518 C	0.51924	0.29873	0.18203
519 A	0.52305	0.29550	0.18145
520 A	0.53211	0.28662	0.18127
521 A	0.56944	0.25024	0.18032
522 A	0.63208	0.18817	0.17975
523 A	0.70137	0.11935	0.17928
524 T	0.72563	0.08451	0.18986
525 T	0.72957	0.06577	0.20466
526 A	0.72994	0.06366	0.2064
527 T	0.73166	0.05842	0.20993
528 T	0.73185	0.05676	0.21139
529 T	0.73042	0.06405	0.20553
530 T	0.72850	0.06923	0.20227
531 A	0.72374	0.07384	0.20242
532 T	0.72022	0.07578	0.204
533 T	0.71247	0.08196	0.20557
534 G	0.69630	0.09687	0.20682
535 C	0.69213	0.10065	0.20721
536 C	0.69071	0.10188	0.20741
537 C	0.68984	0.10323	0.20693
538 T	0.68880	0.10641	0.20479
539 T	0.68674	0.11019	0.20307
540 C	0.68278	0.11521	0.20201
541 G	0.67732	0.12308	0.1996
542 A	0.67528	0.12707	0.19764
543 A	0.67025	0.13323	0.19652
544 A	0.67022	0.13364	0.19614
545 A	0.67292	0.13123	0.19585
546 T	0.67609	0.12753	0.19638
547 A	0.67597	0.12910	0.19492
548 A	0.67668	0.13057	0.19275
549 T	0.68020	0.12870	0.1911
550 G	0.67966	0.13424	0.18609
551 A	0.68128	0.13132	0.18741
552 T	0.68659	0.12310	0.19031
553 G	0.68541	0.12035	0.19424
554 A	0.68589	0.11282	0.20129
555 C	0.68646	0.10684	0.20669
556 A	0.68689	0.10017	0.21295
557 G	0.68817	0.08623	0.2256
558 T	0.69053	0.08025	0.22923
559 T	0.69198	0.07633	0.23169
560 C	0.69276	0.07433	0.23291
561 T	0.69492	0.06954	0.23554
562 T	0.69615	0.06578	0.23807
563 T	0.69608	0.06385	0.24007
564 T	0.69482	0.06411	0.24106
565 A	0.68948	0.07364	0.23688
566 T	0.68583	0.07533	0.23884
567 G	0.67615	0.08984	0.23401
568 A	0.66224	0.11670	0.22105
569 G	0.65800	0.12668	0.21533
570 A	0.65642	0.13762	0.20595
571 A	0.65682	0.15390	0.18928
572 A	0.66049	0.15374	0.18577
573 T	0.66714	0.14821	0.18465
574 A	0.66718	0.14786	0.18496
575 T	0.66781	0.14458	0.18762
576 T	0.66776	0.14029	0.19196
577 T	0.66757	0.13923	0.1932
578 C	0.66679	0.13984	0.19337
579 T	0.66619	0.14098	0.19283
580 T	0.66463	0.14321	0.19216
581 T	0.66044	0.14812	0.19145
582 T	0.65167	0.15848	0.18984
583 G	0.62485	0.18852	0.18663
584 A	0.61406	0.20766	0.17828
585 A	0.60383	0.23079	0.16538
586 A	0.60201	0.24012	0.15788
587 A	0.60392	0.23933	0.15675
588 T	0.61073	0.22777	0.1615
589 A	0.61431	0.22215	0.16354
590 A	0.62161	0.20848	0.1699
591 T	0.63527	0.18481	0.17992
592 A	0.63889	0.18208	0.17903
593 A	0.64685	0.17763	0.17551
594 T	0.66346	0.16359	0.17295
595 A	0.66631	0.17031	0.16338
596 A	0.66959	0.17008	0.16034
597 T	0.67153	0.16988	0.1586
598 T	0.67193	0.17082	0.15725
599 T	0.67153	0.17259	0.15587
600 T	0.67041	0.17572	0.15387
601 T	0.66852	0.17768	0.1538
602 T	0.66539	0.18180	0.15281
603 A	0.65838	0.18957	0.15205
604 A	0.65605	0.18746	0.15648
605 A	0.65658	0.17898	0.16444
606 G	0.65911	0.15298	0.18791
607 A	0.66769	0.13535	0.19697
608 C	0.68175	0.11129	0.20696
609 T	0.69225	0.10199	0.20576
610 T	0.69601	0.10954	0.19445
611 T	0.69729	0.11650	0.18621
612 A	0.69797	0.12542	0.1766
613 A	0.69936	0.13415	0.16649
614 A	0.70210	0.13604	0.16186
615 A	0.70740	0.13682	0.15577
616 T	0.71538	0.13182	0.15281
617 A	0.72130	0.12979	0.1489
618 T	0.73305	0.11836	0.14859
619 A	0.73724	0.11658	0.14619
620 T	0.74162	0.11294	0.14543
621 T	0.74431	0.10914	0.14655
622 T	0.74622	0.10697	0.14681
623 T	0.74749	0.10468	0.14784
624 G	0.74832	0.10608	0.1456
625 A	0.74985	0.11456	0.13559
626 T	0.75227	0.10995	0.13778
627 T	0.75257	0.11029	0.13714
628 A	0.75267	0.11327	0.13405
629 G	0.75308	0.11423	0.13269
630 T	0.75424	0.11561	0.13015
631 G	0.75480	0.11693	0.12827
632 A	0.75865	0.11634	0.12502
633 T	0.77248	0.10247	0.12504
634 A	0.78125	0.09382	0.12493
635 G	0.79087	0.08405	0.12508
636 T	0.80207	0.07291	0.12501
637 C	0.80741	0.06770	0.12489
638 G	0.81475	0.06160	0.12366
639 T	0.82191	0.05468	0.12341
640 T	0.82622	0.05076	0.12302
641 T	0.82772	0.04953	0.12274
642 T	0.82935	0.04807	0.12258
643 C	0.82815	0.04945	0.12239
644 G	0.82670	0.05158	0.12172
645 T	0.82741	0.05203	0.12056
646 A	0.82367	0.05606	0.12028
647 A	0.81926	0.06064	0.1201
648 T	0.82650	0.05357	0.11993
649 T	0.79729	0.08305	0.11966
650 C	0.75049	0.12997	0.11954
651 T	0.71695	0.16471	0.11835
652 A	0.65449	0.22752	0.11799
653 A	0.57109	0.31119	0.11772
654 A	0.43659	0.44597	0.11744
655 T	0.37553	0.50716	0.11732
656 C	0.28241	0.60030	0.11728
657 A	0.20678	0.67653	0.11669
658 G	0.15248	0.73165	0.11587
659 A	0.09886	0.78671	0.11443
660 A	0.08441	0.80142	0.11417
661 G	0.07140	0.81481	0.11379
662 A	0.06208	0.82470	0.11322
663 A	0.04924	0.83769	0.11307
664 C	0.03783	0.84871	0.11346
665 A	0.02652	0.86078	0.1127
666 A	0.02362	0.86364	0.11274
667 A	0.02197	0.86453	0.1135
668 A	0.02208	0.86322	0.1147
669 A	0.02194	0.85973	0.11833
670 G	0.02198	0.84437	0.13364
671 A	0.02223	0.83241	0.14536
672 T	0.02260	0.79087	0.18653
673 A	0.02275	0.74898	0.22828
674 A	0.02369	0.71331	0.263
675 A	0.02405	0.66211	0.31384
676 A	0.02436	0.56080	0.41484
677 T	0.02485	0.37459	0.60056
678 T	0.02507	0.30486	0.67006
679 G	0.02520	0.24073	0.73408
680 G	0.02560	0.22172	0.75267
681 A	0.02633	0.21962	0.75405
682 A	0.02758	0.20522	0.7672
683 A	0.02799	0.23302	0.73899
684 A	0.02858	0.25843	0.71299
685 A	0.02970	0.28017	0.69013
686 T	0.03053	0.30763	0.66184
687 A	0.03093	0.38124	0.58783
688 A	0.03179	0.43008	0.53813
689 T	0.03266	0.47058	0.49676
690 T	0.03277	0.59595	0.37129
691 A	0.03192	0.83788	0.1302
692 A	0.03142	0.84975	0.11883
693 A	0.02902	0.86172	0.10926
694 A	0.02774	0.86480	0.10746
695 G	0.02753	0.86551	0.10696
696 C	0.02964	0.86426	0.1061
697 G	0.03165	0.86254	0.10581
698 C	0.03480	0.86007	0.10512
699 A	0.03894	0.85628	0.10478
700 T	0.04478	0.85048	0.10474
701 C	0.04820	0.84709	0.10472
702 A	0.05569	0.83958	0.10473
703 C	0.06891	0.82634	0.10475
704 C	0.09480	0.80047	0.10473
705 A	0.12438	0.77096	0.10466
706 C	0.16564	0.72970	0.10466
707 A	0.20201	0.69337	0.10462
708 A	0.23395	0.66145	0.1046
709 G	0.28258	0.61282	0.10461
710 C	0.37819	0.51705	0.10476
711 T	0.44397	0.45126	0.10477
712 A	0.47594	0.41922	0.10483
713 A	0.60064	0.29435	0.10501
714 T	0.82411	0.07000	0.10589
715 G	0.82337	0.07020	0.10643
716 A	0.82100	0.06967	0.10933
717 T	0.82075	0.06824	0.11102
718 C	0.80518	0.08298	0.11184
719 T	0.78967	0.09828	0.11205
720 A	0.74375	0.14412	0.11213
721 C	0.72530	0.16226	0.11245
722 C	0.66245	0.22508	0.11246
723 T	0.63121	0.25633	0.11246
724 T	0.57883	0.30864	0.11253
725 C	0.37847	0.50908	0.11245
726 G	0.28483	0.60296	0.1122
727 C	0.26189	0.62597	0.11214
728 T	0.25048	0.63795	0.11157
729 G	0.22387	0.66530	0.11083
730 A	0.20936	0.68340	0.10724
731 A	0.20469	0.68863	0.10668
732 T	0.19914	0.69422	0.10664
733 A	0.12550	0.76722	0.10728
734 T	0.09427	0.79668	0.10905
735 A	0.07719	0.81178	0.11103
736 A	0.06924	0.81768	0.11309
737 A	0.06271	0.82019	0.1171
738 A	0.05820	0.81388	0.12792
739 G	0.05555	0.80553	0.13892
740 A	0.05237	0.80356	0.14407
741 A	0.04903	0.79451	0.15646
742 A	0.04661	0.78301	0.17039
743 A	0.04477	0.74453	0.2107
744 A	0.04432	0.72797	0.2277
745 G	0.04406	0.64555	0.31039
746 A	0.04387	0.59954	0.3566
747 A	0.04401	0.52938	0.4266
748 T	0.04468	0.33726	0.61806
749 C	0.04462	0.26830	0.68708
750 C	0.04464	0.25620	0.69915
751 A	0.04477	0.28192	0.67332
752 A	0.04498	0.30203	0.65299
753 T	0.04847	0.31055	0.64098
754 G	0.04939	0.34333	0.60728
755 A	0.05016	0.39679	0.55305
756 A	0.05131	0.39558	0.55311
757 A	0.05225	0.55681	0.39094
758 T	0.05428	0.59120	0.35452
759 A	0.04791	0.72225	0.22984
760 A	0.04497	0.79241	0.16261
761 A	0.04376	0.82654	0.1297
762 A	0.04350	0.83201	0.12449
763 A	0.04468	0.83339	0.12192
764 A	0.04845	0.82772	0.12383
765 A	0.05464	0.82051	0.12486
766 C	0.06047	0.81351	0.12603
767 A	0.06455	0.81224	0.1232
768 A	0.06578	0.81108	0.12313
769 G	0.06710	0.80963	0.12327
770 A	0.06940	0.80791	0.12269
771 T	0.07499	0.80249	0.12252
772 C	0.07809	0.79871	0.12319
773 A	0.08355	0.79323	0.12322
774 A	0.11054	0.76621	0.12325
775 G	0.13810	0.73873	0.12317
776 C	0.15938	0.71843	0.12219
777 A	0.19998	0.68000	0.12002
778 A	0.26949	0.61251	0.118
779 A	0.37597	0.50609	0.11794
780 T	0.58877	0.29277	0.11847
781 A	0.63365	0.24756	0.11879
782 T	0.74877	0.12387	0.12736
783 T	0.78851	0.07991	0.13158
784 G	0.80146	0.06433	0.13421
785 A	0.80427	0.05969	0.13604
786 T	0.80759	0.05472	0.13769
787 T	0.80815	0.05292	0.13893
788 T	0.80393	0.05639	0.13968
789 C	0.80085	0.05902	0.14013
790 G	0.79865	0.06138	0.13997
791 T	0.79518	0.06519	0.13963
792 A	0.76889	0.09204	0.13906
793 T	0.75962	0.10142	0.13896
794 A	0.73738	0.12395	0.13867
795 C	0.73286	0.12756	0.13959
796 A	0.73040	0.13120	0.13839
797 A	0.72980	0.13181	0.1384
798 A	0.72977	0.13146	0.13877
799 T	0.73107	0.12965	0.13929
800 A	0.73034	0.13013	0.13953
801 T	0.73200	0.12506	0.14294
802 T	0.73012	0.12561	0.14427
803 T	0.72921	0.12527	0.14552
804 G	0.72831	0.12465	0.14703
805 A	0.72767	0.12395	0.14838
806 T	0.72766	0.11618	0.15616
807 T	0.72722	0.11082	0.16196
808 T	0.72346	0.11020	0.16634
809 C	0.71811	0.11153	0.17036
810 T	0.71381	0.11496	0.17123
811 G	0.70746	0.11849	0.17405
812 A	0.70361	0.12180	0.17458
813 A	0.70165	0.12146	0.17688
814 G	0.70174	0.11757	0.18069
815 T	0.70223	0.08953	0.20824
816 G	0.70207	0.07843	0.2195
817 G	0.70224	0.05898	0.23879
818 T	0.70263	0.05757	0.2398
819 T	0.70346	0.06131	0.23524
820 A	0.70261	0.08924	0.20815
821 A	0.70200	0.09536	0.20265
822 A	0.70111	0.09793	0.20096
823 T	0.70014	0.09810	0.20176
824 A	0.69426	0.10655	0.19919
825 C	0.68892	0.11007	0.20101
826 A	0.68529	0.11635	0.19836
827 A	0.68226	0.12024	0.1975
828 T	0.68086	0.12166	0.19748
829 G	0.67909	0.12440	0.19651
830 G	0.67848	0.12460	0.19692
831 T	0.67885	0.11908	0.20207
832 T	0.67881	0.11373	0.20746
833 T	0.67878	0.10962	0.21161
834 G	0.67883	0.10514	0.21603
835 T	0.67991	0.10124	0.21885
836 C	0.67859	0.10135	0.22006
837 T	0.67722	0.10288	0.2199
838 T	0.67495	0.10525	0.2198
839 G	0.67210	0.10806	0.21985
840 G	0.66919	0.11118	0.21963
841 C	0.66669	0.11413	0.21918
842 A	0.66956	0.11270	0.21774
843 A	0.69430	0.08919	0.2165
844 A	0.70215	0.08300	0.21485
845 A	0.70559	0.07965	0.21476
846 T	0.70877	0.07597	0.21527
847 T	0.71153	0.06736	0.2211
848 T	0.71165	0.06262	0.22573
849 A	0.71251	0.05893	0.22856
850 G	0.71350	0.05487	0.23164
851 T	0.71437	0.05306	0.23257
852 T	0.70787	0.05936	0.23277
853 T	0.68500	0.08509	0.22992
854 T	0.62788	0.15008	0.22204
855 A	0.48412	0.30896	0.20692
856 G	0.40919	0.40035	0.19046
857 A	0.37184	0.45104	0.17712
858 A	0.34556	0.48770	0.16673
859 A	0.33581	0.50029	0.16389
860 T	0.32954	0.50612	0.16434
861 T	0.30897	0.52922	0.16182
862 A	0.25516	0.58988	0.15496
863 A	0.22096	0.62965	0.14939
864 A	0.20733	0.64903	0.14365
865 A	0.20172	0.65489	0.14339
866 A	0.20109	0.65502	0.1439
867 T	0.20233	0.65351	0.14415
868 A	0.20129	0.65435	0.14436
869 C	0.20097	0.65338	0.14565
870 T	0.20080	0.65395	0.14525
871 T	0.19993	0.65489	0.14518
872 T	0.19800	0.65683	0.14517
873 A	0.19458	0.66011	0.14531
874 A	0.19290	0.66084	0.14626
875 A	0.19322	0.63887	0.16791
876 A	0.19639	0.60056	0.20305
877 G	0.20513	0.52993	0.26494
878 A	0.21912	0.39514	0.38574
879 T	0.23589	0.31605	0.44805
880 A	0.24280	0.28141	0.4758
881 T	0.25247	0.25337	0.49416
882 T	0.25224	0.26139	0.48637
883 A	0.24511	0.28527	0.46962
884 A	0.24488	0.27760	0.47753
885 A	0.24870	0.23667	0.51463
886 G	0.25088	0.21631	0.53281
887 A	0.25585	0.23858	0.50557
888 T	0.25492	0.26238	0.4827
889 A	0.24688	0.34726	0.40585
890 T	0.24034	0.41969	0.33998
891 T	0.23009	0.45015	0.31975
892 A	0.20861	0.52217	0.26922
893 T	0.19374	0.54981	0.25646
894 T	0.17613	0.58575	0.23812
895 C	0.14853	0.63338	0.21809
896 A	0.12474	0.68089	0.19437
897 A	0.10451	0.71234	0.18314
898 A	0.08767	0.73351	0.17882
899 A	0.07780	0.74304	0.17917
900 A	0.07527	0.74492	0.17981
901 G	0.07742	0.73867	0.18391
902 A	0.08231	0.73088	0.18682
903 C	0.09292	0.71288	0.1942
904 A	0.10521	0.69962	0.19517
905 G	0.12369	0.67703	0.19928
906 T	0.14701	0.65030	0.20268
907 G	0.15100	0.64544	0.20356
908 A	0.15636	0.64125	0.20239
909 A	0.16880	0.62616	0.20505
910 A	0.20228	0.59133	0.20639
911 A	0.22394	0.56469	0.21137
912 A	0.29432	0.48752	0.21816
913 G	0.35757	0.41350	0.22893
914 A	0.38472	0.38058	0.2347
915 T	0.44766	0.30117	0.25116
916 A	0.45726	0.27529	0.26745
917 T	0.47206	0.24921	0.27874
918 T	0.47239	0.24091	0.2867
919 T	0.46076	0.25333	0.28591
920 T	0.43934	0.26623	0.29443
921 A	0.36869	0.33097	0.30033
922 G	0.33533	0.36005	0.30462
923 T	0.30786	0.38905	0.30309
924 C	0.22376	0.48281	0.29343
925 A	0.19866	0.54823	0.2531
926 A	0.18685	0.58097	0.23218
927 A	0.17706	0.61042	0.21252
928 A	0.17329	0.62217	0.20454
929 T	0.17244	0.62659	0.20098
930 A	0.15802	0.64108	0.2009
931 A	0.15231	0.64512	0.20257
932 A	0.14635	0.64663	0.20703
933 A	0.14195	0.64591	0.21214
934 A	0.14121	0.64056	0.21824
935 A	0.14219	0.62944	0.22837
936 A	0.14571	0.61930	0.23499
937 A	0.15530	0.60077	0.24393
938 T	0.16883	0.57631	0.25486
939 G	0.17636	0.54742	0.27622
940 T	0.18748	0.51690	0.29561
941 T	0.20014	0.47578	0.32408
942 T	0.21128	0.43706	0.35166
943 G	0.21011	0.41177	0.37811
944 G	0.21366	0.35184	0.4345
945 T	0.21882	0.31809	0.46309
946 A	0.22058	0.29509	0.48434
947 C	0.23141	0.21577	0.55282
948 T	0.27138	0.17169	0.55693
949 A	0.28450	0.16714	0.54835
950 T	0.29846	0.16110	0.54044
951 T	0.29739	0.17021	0.53239
952 T	0.28848	0.18585	0.52567
953 T	0.26653	0.21178	0.52169
954 A	0.21688	0.27608	0.50704
955 A	0.19577	0.30770	0.49653
956 A	0.18044	0.34781	0.47174
957 A	0.17335	0.37100	0.45566
958 A	0.16594	0.40475	0.42932
959 T	0.16279	0.41240	0.42481
960 T	0.15021	0.43465	0.41513
961 G	0.12749	0.48742	0.38509
962 A	0.11629	0.50935	0.37436
963 T	0.11370	0.51791	0.36839
964 G	0.10777	0.53689	0.35533
965 A	0.10330	0.55971	0.33699
966 A	0.09958	0.58618	0.31424
967 A	0.09841	0.61136	0.29023
968 A	0.09643	0.62329	0.28028
969 A	0.10009	0.62850	0.2714
970 A	0.10423	0.62651	0.26926
971 A	0.11644	0.61392	0.26963
972 A	0.13430	0.58953	0.27616
973 T	0.15603	0.56063	0.28334
974 T	0.16674	0.53914	0.29413
975 A	0.16549	0.53948	0.29504
976 G	0.17229	0.51890	0.3088
977 A	0.18301	0.48148	0.3355
978 A	0.19474	0.45605	0.34921
979 G	0.22252	0.41496	0.36253
980 A	0.24644	0.38873	0.36483
981 T	0.28610	0.33986	0.37405
982 A	0.29352	0.32782	0.37866
983 A	0.30533	0.30424	0.39043
984 T	0.33314	0.25581	0.41105
985 C	0.33983	0.23831	0.42185
986 A	0.34415	0.23793	0.41792
987 A	0.35508	0.22608	0.41883
988 A	0.37187	0.20982	0.4183
989 C	0.39240	0.18755	0.42005
990 T	0.41372	0.17410	0.41218
991 G	0.41462	0.17818	0.4072
992 T	0.42244	0.17574	0.40182
993 A	0.41824	0.18723	0.39453
994 G	0.41926	0.18797	0.39277
995 A	0.42243	0.18523	0.39233
996 T	0.43128	0.17506	0.39366
997 A	0.43562	0.17004	0.39434
998 T	0.44856	0.15056	0.40088
999 T	0.45339	0.14130	0.40531
1000 T	0.45533	0.13533	0.40934
1001 T	0.45318	0.13471	0.41211
1002 A	0.45187	0.13377	0.41437
1003 T	0.45333	0.13008	0.4166
1004 C	0.45208	0.13020	0.41773
1005 A	0.45223	0.12944	0.41833
1006 C	0.45322	0.12751	0.41926
1007 A	0.45420	0.12645	0.41935
1008 A	0.45439	0.12549	0.42012
1009 T	0.46106	0.11828	0.42065
1010 A	0.46483	0.11242	0.42275
1011 T	0.47268	0.10275	0.42458
1012 G	0.47809	0.08961	0.43231
1013 T	0.49164	0.06743	0.44093
1014 T	0.49849	0.05119	0.45032
1015 T	0.50238	0.04451	0.45311
1016 T	0.50377	0.03994	0.45628
1017 A	0.50208	0.04366	0.45427
1018 T	0.50181	0.04226	0.45593
1019 T	0.50095	0.04247	0.45658
1020 T	0.49986	0.04227	0.45788
1021 T	0.49547	0.04559	0.45894
1022 A	0.49051	0.04872	0.46077
1023 T	0.48647	0.04951	0.46403
1024 C	0.47990	0.05227	0.46782
1025 C	0.47458	0.05668	0.46874
1026 T	0.47263	0.06005	0.46732
1027 A	0.47043	0.06378	0.46579
1028 T	0.46827	0.06768	0.46405
1029 T	0.46448	0.07383	0.4617
1030 T	0.45650	0.08681	0.4567
1031 T	0.43576	0.11840	0.44585
1032 A	0.40192	0.16534	0.43274
1033 G	0.37718	0.20193	0.42089
1034 A	0.36548	0.22061	0.41392
1035 A	0.35907	0.23089	0.41004
1036 A	0.35752	0.23589	0.40659
1037 A	0.35791	0.23665	0.40544
1038 A	0.35932	0.23512	0.40557
1039 A	0.36154	0.23143	0.40703
1040 T	0.36646	0.22316	0.41037
1041 T	0.36759	0.21957	0.41284
1042 T	0.36774	0.21693	0.41533
1043 A	0.36686	0.21542	0.41772
1044 T	0.36560	0.21163	0.42277
1045 G	0.36307	0.21001	0.42692
1046 A	0.36111	0.20876	0.43012
1047 A	0.36014	0.20420	0.43566
1048 G	0.35975	0.19924	0.441
1049 T	0.36084	0.19662	0.44255
1050 A	0.36163	0.19392	0.44445
1051 G	0.36315	0.18808	0.44877
1052 A	0.36591	0.18050	0.45358
1053 A	0.37219	0.16507	0.46274
1054 T	0.38688	0.12796	0.48516
1055 G	0.40044	0.08386	0.51569
1056 T	0.41362	0.04981	0.53656
1057 T	0.41873	0.03607	0.54519
1058 C	0.42087	0.03009	0.54904
1059 T	0.42289	0.02975	0.54737
1060 T	0.42367	0.03017	0.54615
1061 T	0.42390	0.03093	0.54517
1062 A	0.42389	0.03206	0.54405
1063 T	0.42400	0.03260	0.54341
1064 T	0.42252	0.03438	0.5431
1065 T	0.41900	0.03810	0.5429
1066 A	0.40249	0.05515	0.54236
1067 A	0.39224	0.06575	0.54201
1068 T	0.39026	0.06785	0.54189
1069 G	0.38604	0.07549	0.53847
1070 A	0.38254	0.08564	0.53182
1071 A	0.38081	0.08847	0.53072
1072 T	0.38097	0.08855	0.53048
1073 T	0.37457	0.09629	0.52914
1074 A	0.36130	0.11251	0.5262
1075 G	0.35698	0.11850	0.52452
1076 A	0.35334	0.12270	0.52396
1077 T	0.35186	0.12418	0.52396
1078 G	0.35023	0.12573	0.52404
1079 T	0.35113	0.12476	0.52411
1080 C	0.35097	0.12482	0.52421
1081 C	0.35085	0.12515	0.524
1082 T	0.35218	0.12441	0.52341
1083 T	0.35122	0.12604	0.52274
1084 T	0.34705	0.13138	0.52156
1085 T	0.33533	0.14555	0.51912
1086 A	0.31803	0.16310	0.51886
1087 G	0.30613	0.17320	0.52068
1088 A	0.29838	0.17814	0.52348
1089 A	0.29520	0.16595	0.53885
1090 C	0.29534	0.15656	0.5481
1091 A	0.29316	0.15812	0.54872
1092 A	0.29683	0.15237	0.5508
1093 T	0.30415	0.14205	0.5538
1094 T	0.30492	0.13952	0.55557
1095 A	0.30384	0.14061	0.55555
1096 G	0.30466	0.13275	0.56259
1097 G	0.30603	0.12180	0.57217
1098 A	0.30676	0.12186	0.57138
1099 G	0.30707	0.11917	0.57375
1100 T	0.30741	0.12015	0.57244
1101 T	0.30716	0.12771	0.56514
1102 T	0.30650	0.13882	0.55469
1103 A	0.30414	0.16087	0.53499
1104 T	0.30272	0.16385	0.53343
1105 A	0.29920	0.17179	0.529
1106 A	0.29745	0.17476	0.52779
1107 A	0.29536	0.17340	0.53125
1108 C	0.29624	0.16068	0.54308
1109 A	0.29558	0.15931	0.54511
1110 A	0.29601	0.15206	0.55193
1111 G	0.29769	0.14643	0.55588
1112 T	0.29912	0.14586	0.55502
1113 T	0.29548	0.15693	0.5476
1114 C	0.28874	0.16360	0.54766
1115 A	0.28352	0.18165	0.53483
1116 A	0.26417	0.21559	0.52023
1117 G	0.24906	0.24696	0.50398
1118 A	0.24000	0.28037	0.47963
1119 A	0.23527	0.29672	0.46801
1120 A	0.23697	0.29576	0.46727
1121 T	0.24267	0.28969	0.46764
1122 A	0.24192	0.29053	0.46756
1123 G	0.24447	0.28729	0.46824
1124 C	0.25053	0.28103	0.46843
1125 A	0.25570	0.27579	0.4685
1126 A	0.26744	0.26275	0.46982
1127 A	0.26974	0.25911	0.47115
1128 A	0.27297	0.25306	0.47397
1129 C	0.27382	0.25024	0.47594
1130 C	0.27009	0.25132	0.47859
1131 A	0.26296	0.25848	0.47856
1132 A	0.26839	0.25299	0.47862
1133 C	0.27074	0.25007	0.47919
1134 G	0.27275	0.24852	0.47874
1135 A	0.28141	0.23991	0.47868
1136 T	0.29753	0.21853	0.48395
1137 T	0.30326	0.20644	0.49029
1138 A	0.30338	0.20185	0.49476
1139 A	0.31193	0.17200	0.51608
1140 G	0.32540	0.13958	0.53502
1141 T	0.34800	0.10518	0.54682
1142 C	0.35694	0.08835	0.55471
1143 T	0.35975	0.08426	0.55599
1144 T	0.35943	0.08515	0.55541
1145 T	0.35705	0.08980	0.55315
1146 T	0.35210	0.09700	0.55091
1147 A	0.33584	0.11642	0.54774
1148 A	0.32765	0.12479	0.54756
1149 T	0.32236	0.12992	0.54772
1150 A	0.31225	0.13784	0.5499
1151 A	0.30393	0.14287	0.55321
1152 A	0.29744	0.14256	0.56
1153 A	0.29330	0.14024	0.56646
1154 C	0.29258	0.13135	0.57607
1155 T	0.29240	0.12988	0.57772
1156 T	0.29074	0.13158	0.57769
1157 T	0.28904	0.13266	0.5783
1158 A	0.28622	0.13716	0.57662
1159 T	0.28450	0.13994	0.57556
1160 A	0.28148	0.13997	0.57855
1161 T	0.28006	0.13235	0.58759
1162 T	0.27737	0.13373	0.58889
1163 T	0.27286	0.13913	0.58802
1164 G	0.26531	0.14992	0.58477
1165 G	0.25738	0.16856	0.57406
1166 A	0.25369	0.19088	0.55543
1167 A	0.25332	0.19812	0.54857
1168 T	0.25628	0.19728	0.54644
1169 A	0.25532	0.20292	0.54177
1170 T	0.25805	0.19378	0.54816
1171 A	0.25739	0.20043	0.54217
1172 A	0.25836	0.20085	0.5408
1173 A	0.25830	0.20308	0.53861
1174 A	0.25895	0.19967	0.54139
1175 A	0.25925	0.19492	0.54583
1176 T	0.26135	0.18832	0.55034
1177 A	0.26132	0.18694	0.55175
1178 T	0.26297	0.18338	0.55365
1179 T	0.26279	0.18235	0.55487
1180 G	0.26188	0.18228	0.55583
1181 A	0.26295	0.17950	0.55755
1182 T	0.26465	0.17625	0.5591
1183 G	0.26517	0.17655	0.55827
1184 A	0.26628	0.18320	0.55052
1185 T	0.27088	0.18357	0.54556
1186 A	0.27288	0.18398	0.54313
1187 A	0.27519	0.17929	0.54551
1188 A	0.28689	0.16057	0.55255
1189 T	0.30807	0.13499	0.55694
1190 T	0.31701	0.12371	0.55927
1191 A	0.32115	0.11827	0.56059
1192 C	0.32835	0.10783	0.56382
1193 A	0.33523	0.10183	0.56294
1194 T	0.34737	0.08901	0.56362
1195 A	0.35199	0.08733	0.56068
1196 T	0.36184	0.07956	0.55859
1197 T	0.36506	0.08068	0.55425
1198 T	0.36560	0.07970	0.5547
1199 T	0.36482	0.07990	0.55528
1200 T	0.36357	0.07996	0.55647
1201 A	0.36138	0.08161	0.55701
1202 C	0.36001	0.08163	0.55835
1203 T	0.35935	0.08172	0.55892
1204 C	0.35551	0.08563	0.55886
1205 A	0.35346	0.08987	0.55667
1206 A	0.35685	0.08960	0.55355
1207 A	0.36499	0.08401	0.55101
1208 T	0.37241	0.07857	0.54902
1209 T	0.37621	0.07731	0.54647
1210 T	0.37795	0.07699	0.54506
1211 A	0.37752	0.07972	0.54277
1212 T	0.37743	0.08232	0.54026
1213 A	0.37653	0.08969	0.53377
1214 A	0.37674	0.09046	0.5328
1215 T	0.37797	0.08778	0.53425
1216 A	0.37938	0.08634	0.53427
1217 A	0.38094	0.08441	0.53465
1218 A	0.38478	0.07916	0.53606
1219 C	0.38803	0.07392	0.53805
1220 T	0.39224	0.06928	0.53848
1221 T	0.39298	0.06865	0.53837
1222 T	0.39324	0.06958	0.53718
1223 T	0.39219	0.07482	0.533
1224 A	0.38811	0.08624	0.52565
1225 A	0.38631	0.09153	0.52215
1226 A	0.38317	0.09453	0.52231
1227 A	0.38147	0.09252	0.52602
1228 G	0.38303	0.08749	0.52947
1229 A	0.38598	0.08366	0.53036
1230 A	0.38860	0.08040	0.531
1231 A	0.39161	0.07719	0.53119
1232 C	0.39572	0.07207	0.53221
1233 T	0.39952	0.06831	0.53217
1234 G	0.39862	0.06900	0.53238
1235 A	0.39984	0.06772	0.53244
1236 T	0.40480	0.06197	0.53323
1237 C	0.40475	0.06165	0.5336
1238 C	0.40416	0.06210	0.53374
1239 T	0.40403	0.06236	0.53362
1240 C	0.40307	0.06356	0.53337
1241 A	0.40259	0.06551	0.53189
1242 A	0.40292	0.06564	0.53144
1243 C	0.40407	0.06450	0.53143
1244 T	0.40642	0.06221	0.53137
1245 A	0.40813	0.06055	0.53131
1246 A	0.41241	0.05502	0.53257
1247 C	0.41941	0.04460	0.536
1248 T	0.42433	0.03891	0.53677
1249 T	0.42549	0.03505	0.53946
1250 C	0.42532	0.03376	0.54093
1251 A	0.42491	0.03429	0.5408
1252 G	0.42499	0.03428	0.54074
1253 A	0.42548	0.03348	0.54104
1254 A	0.42617	0.03235	0.54148
1255 A	0.42733	0.03097	0.5417
1256 A	0.42806	0.02781	0.54413
1257 T	0.42814	0.02229	0.54956
1258 G	0.42773	0.01977	0.5525
1259 G	0.42743	0.01812	0.55445
1260 C	0.42751	0.01595	0.55655
1261 A	0.42774	0.01547	0.5568
1262 T	0.42802	0.01469	0.5573
1263 G	0.42811	0.01459	0.5573
1264 T	0.42924	0.01335	0.55741
1265 G	0.42917	0.01404	0.55679
1266 G	0.42895	0.01608	0.55497
1267 T	0.42880	0.01630	0.5549
1268 A	0.42841	0.01676	0.55483
1269 T	0.42801	0.01665	0.55534
1270 A	0.42707	0.01710	0.55583
1271 C	0.42680	0.01652	0.55668
1272 T	0.42647	0.01638	0.55715
1273 C	0.42593	0.01629	0.55777
1274 C	0.42501	0.01706	0.55793
1275 T	0.42456	0.01755	0.55788
1276 G	0.42336	0.01891	0.55773
1277 G	0.42237	0.02012	0.55751
1278 A	0.42191	0.02115	0.55694
1279 T	0.42155	0.02191	0.55654
1280 G	0.42097	0.02262	0.55641
1281 G	0.42087	0.02265	0.55648
1282 G	0.42088	0.02287	0.55626
1283 T	0.42110	0.02302	0.55588
1284 A	0.42140	0.02315	0.55544
1285 G	0.42187	0.02287	0.55526
1286 T	0.42291	0.02203	0.55505
1287 A	0.42317	0.02219	0.55463
1288 G	0.42393	0.02130	0.55476
1289 A	0.42592	0.01923	0.55486
1290 A	0.42641	0.01852	0.55507
1291 A	0.42694	0.01757	0.55549
1292 T	0.42711	0.01684	0.55604
1293 T	0.42705	0.01600	0.55695
1294 T	0.42688	0.01587	0.55725
1295 T	0.42599	0.01664	0.55737
1296 A	0.42406	0.01846	0.55747
1297 T	0.42291	0.01876	0.55834
1298 G	0.42079	0.02087	0.55835
1299 G	0.42009	0.02083	0.55908
1300 G	0.42013	0.02070	0.55918
1301 A	0.42076	0.01998	0.55926
1302 T	0.42177	0.01886	0.55938
1303 C	0.42268	0.01799	0.55934
1304 T	0.42357	0.01906	0.55737
1305 T	0.42401	0.01890	0.55708
1306 T	0.42424	0.01896	0.5568
1307 T	0.42418	0.01949	0.55633
1308 A	0.42340	0.02100	0.55559
1309 C	0.42261	0.02222	0.55518
1310 T	0.42209	0.02386	0.55405
1311 T	0.42141	0.02650	0.55209
1312 A	0.42053	0.03002	0.54944
1313 A	0.42027	0.03135	0.54838
1314 A	0.42024	0.03217	0.54758
1315 T	0.42037	0.03249	0.54714
1316 T	0.42022	0.03379	0.54599
1317 A	0.41870	0.03548	0.54581
1318 G	0.41786	0.03524	0.5469
1319 A	0.41720	0.03443	0.54837
1320 A	0.41703	0.03366	0.54931
1321 C	0.41763	0.03131	0.55105
1322 C	0.41792	0.03083	0.55125
1323 T	0.41871	0.03109	0.5502
1324 A	0.41887	0.03357	0.54757
1325 A	0.41890	0.03662	0.54447
1326 A	0.41857	0.03975	0.54168
1327 T	0.41963	0.04315	0.53721
1328 T	0.41597	0.05051	0.53352
1329 A	0.40008	0.06748	0.53244
