# lcl|CP097583.1_cds_USQ93560.1_1
# AA	inside	membr	outside
1 A	0.28733	0.00000	0.71267
2 T	0.28667	0.00066	0.71267
3 G	0.28610	0.00123	0.71267
4 A	0.28610	0.05028	0.66362
5 A	0.28214	0.07915	0.6387
6 T	0.28214	0.08392	0.63394
7 A	0.21533	0.15147	0.6332
8 A	0.21532	0.15147	0.6332
9 T	0.21266	0.15419	0.63314
10 A	0.21265	0.15857	0.62877
11 C	0.21210	0.15925	0.62865
12 T	0.20285	0.16863	0.62852
13 A	0.18014	0.19216	0.62769
14 A	0.18014	0.19216	0.62769
15 T	0.18014	0.19988	0.61997
16 G	0.17923	0.20079	0.61997
17 T	0.17818	0.20197	0.61984
18 T	0.17811	0.20259	0.6193
19 A	0.17520	0.20563	0.61918
20 A	0.16922	0.21246	0.61832
21 T	0.16592	0.21568	0.6184
22 A	0.16591	0.21585	0.61825
23 C	0.16737	0.21405	0.61858
24 T	0.17259	0.20972	0.61769
25 A	0.17445	0.20873	0.61682
26 A	0.17608	0.20720	0.61672
27 T	0.21800	0.16389	0.6181
28 G	0.23592	0.14358	0.62049
29 A	0.24074	0.13607	0.62318
30 T	0.24393	0.07329	0.68278
31 T	0.24295	0.07268	0.68436
32 T	0.24007	0.07384	0.68609
33 T	0.22754	0.09505	0.67742
34 A	0.21497	0.12190	0.66313
35 A	0.20501	0.12968	0.66531
36 A	0.19807	0.12362	0.67831
37 A	0.19259	0.13098	0.67643
38 T	0.19471	0.12997	0.67532
39 A	0.17765	0.15122	0.67113
40 G	0.16945	0.15896	0.67159
41 G	0.16733	0.16071	0.67196
42 T	0.16505	0.16260	0.67236
43 C	0.16108	0.16304	0.67588
44 A	0.15698	0.17248	0.67054
45 A	0.15592	0.17634	0.66774
46 A	0.15528	0.17769	0.66703
47 C	0.15579	0.17707	0.66714
48 T	0.15736	0.17602	0.66662
49 A	0.15728	0.17830	0.66442
50 T	0.15766	0.17848	0.66386
51 T	0.15827	0.17796	0.66378
52 A	0.15805	0.17912	0.66283
53 A	0.15863	0.17743	0.66394
54 A	0.16159	0.17254	0.66587
55 T	0.16594	0.16415	0.66992
56 T	0.17348	0.14548	0.68104
57 A	0.17928	0.13319	0.68752
58 A	0.17971	0.12560	0.69469
59 A	0.18180	0.11779	0.70041
60 T	0.18384	0.11200	0.70416
61 A	0.18356	0.11513	0.70131
62 A	0.18812	0.09857	0.71331
63 T	0.19049	0.08938	0.72013
64 A	0.19139	0.08755	0.72107
65 A	0.19350	0.08365	0.72285
66 T	0.19545	0.07757	0.72698
67 G	0.20024	0.06918	0.73058
68 T	0.20360	0.06474	0.73166
69 T	0.20524	0.06213	0.73264
70 T	0.20563	0.06140	0.73298
71 A	0.20578	0.06116	0.73305
72 T	0.20735	0.05880	0.73385
73 C	0.20753	0.05808	0.73438
74 A	0.20754	0.05820	0.73426
75 A	0.20832	0.05714	0.73454
76 A	0.20983	0.05537	0.7348
77 T	0.21265	0.05198	0.73537
78 T	0.21470	0.04963	0.73567
79 G	0.21592	0.04622	0.73786
80 T	0.21932	0.03882	0.74186
81 A	0.22067	0.03566	0.74367
82 G	0.22257	0.03299	0.74445
83 A	0.22573	0.02916	0.74512
84 T	0.23478	0.01850	0.74673
85 T	0.23697	0.01608	0.74695
86 T	0.23774	0.01655	0.74571
87 T	0.23753	0.01682	0.74565
88 T	0.23608	0.02008	0.74384
89 T	0.23416	0.02364	0.74219
90 A	0.22955	0.02905	0.7414
91 C	0.22876	0.03029	0.74096
92 A	0.22828	0.03294	0.73878
93 T	0.22829	0.03486	0.73685
94 G	0.22823	0.03848	0.73329
95 T	0.22831	0.04074	0.73095
96 T	0.22780	0.04149	0.73071
97 A	0.22730	0.04171	0.73099
98 A	0.22718	0.04152	0.73131
99 A	0.22709	0.04122	0.73169
100 C	0.22713	0.04077	0.7321
101 C	0.22727	0.04040	0.73234
102 T	0.22753	0.04004	0.73243
103 G	0.22718	0.04042	0.7324
104 G	0.22730	0.04034	0.73236
105 T	0.22735	0.04043	0.73222
106 A	0.22691	0.04114	0.73195
107 A	0.22719	0.04070	0.73211
108 G	0.22820	0.03875	0.73305
109 G	0.23005	0.03530	0.73466
110 G	0.23085	0.03241	0.73673
111 T	0.23380	0.02754	0.73865
112 T	0.23583	0.02370	0.74048
113 C	0.23632	0.02005	0.74363
114 G	0.23665	0.01922	0.74413
115 G	0.23825	0.01731	0.74443
116 C	0.23983	0.01558	0.74459
117 T	0.24286	0.01404	0.7431
118 T	0.24380	0.01611	0.74008
119 T	0.24208	0.01926	0.73866
120 T	0.23815	0.02427	0.73758
121 G	0.22787	0.03582	0.73631
122 T	0.22088	0.04467	0.73445
123 A	0.20361	0.06424	0.73215
124 A	0.18714	0.08381	0.72905
125 G	0.17228	0.09909	0.72862
126 A	0.15273	0.11963	0.72765
127 A	0.13214	0.14244	0.72542
128 G	0.12039	0.15472	0.72489
129 C	0.11598	0.16045	0.72357
130 A	0.11385	0.17004	0.71611
131 A	0.11285	0.17362	0.71353
132 A	0.11206	0.17564	0.7123
133 T	0.11157	0.17729	0.71115
134 T	0.11060	0.17919	0.71021
135 A	0.10750	0.18333	0.70917
136 A	0.10515	0.18589	0.70896
137 A	0.10431	0.18667	0.70901
138 A	0.10399	0.18684	0.70917
139 A	0.10436	0.18582	0.70982
140 A	0.10656	0.18193	0.71152
141 T	0.11100	0.17221	0.7168
142 T	0.11275	0.16629	0.72096
143 T	0.11274	0.16243	0.72484
144 A	0.11239	0.15892	0.72869
145 A	0.11265	0.15798	0.72938
146 A	0.11356	0.14452	0.74192
147 A	0.11574	0.12837	0.7559
148 A	0.11653	0.11372	0.76975
149 A	0.11861	0.09317	0.78821
150 T	0.12264	0.06948	0.80787
151 G	0.12371	0.05777	0.81853
152 G	0.12600	0.05135	0.82265
153 T	0.13329	0.04241	0.8243
154 T	0.13519	0.04015	0.82466
155 A	0.13563	0.03957	0.8248
156 T	0.13661	0.03816	0.82523
157 A	0.13713	0.03774	0.82513
158 T	0.13802	0.03567	0.82631
159 T	0.13823	0.03667	0.8251
160 A	0.13796	0.04383	0.81821
161 T	0.13791	0.05175	0.81034
162 T	0.13685	0.05649	0.80666
163 G	0.13451	0.06138	0.80412
164 A	0.13368	0.06392	0.80239
165 A	0.13327	0.06496	0.80177
166 C	0.13389	0.06375	0.80236
167 A	0.13620	0.06297	0.80083
168 T	0.14180	0.05920	0.799
169 A	0.14304	0.05927	0.79769
170 T	0.14482	0.05764	0.79754
171 T	0.14533	0.05763	0.79705
172 T	0.14533	0.05802	0.79665
173 T	0.14509	0.05851	0.7964
174 T	0.14380	0.06000	0.79619
175 A	0.14178	0.06207	0.79614
176 A	0.13984	0.06396	0.79619
177 T	0.13578	0.06792	0.79631
178 G	0.13218	0.07163	0.79618
179 C	0.12919	0.07521	0.79559
180 A	0.12660	0.07913	0.79427
181 G	0.12747	0.07858	0.79395
182 G	0.12979	0.07681	0.7934
183 G	0.13647	0.07081	0.79272
184 G	0.14494	0.06295	0.79211
185 T	0.15083	0.05660	0.79257
186 T	0.15288	0.05414	0.79298
187 A	0.15218	0.05672	0.79111
188 A	0.15203	0.05739	0.79058
189 A	0.15175	0.05842	0.78984
190 A	0.15299	0.05684	0.79017
191 T	0.15577	0.05376	0.79048
192 T	0.15627	0.05289	0.79084
193 A	0.15322	0.05651	0.79027
194 C	0.14919	0.06048	0.79033
195 T	0.14077	0.07355	0.78567
196 A	0.12355	0.09232	0.78412
197 A	0.10912	0.10800	0.78288
198 A	0.10467	0.11140	0.78393
199 G	0.10315	0.11086	0.78599
200 C	0.10252	0.10491	0.79257
201 A	0.10281	0.10351	0.79367
202 T	0.10404	0.10118	0.79478
203 T	0.10489	0.10371	0.7914
204 A	0.10468	0.11011	0.78521
205 G	0.10505	0.11265	0.7823
206 T	0.10586	0.11455	0.77959
207 T	0.10582	0.11719	0.77699
208 A	0.10552	0.12055	0.77393
209 A	0.10612	0.12172	0.77216
210 T	0.10760	0.11960	0.7728
211 A	0.10729	0.12147	0.77123
212 A	0.10791	0.12181	0.77027
213 A	0.10752	0.12310	0.76939
214 A	0.10742	0.12424	0.76834
215 A	0.10771	0.12301	0.76928
216 A	0.10866	0.11837	0.77296
217 A	0.10991	0.11234	0.77774
218 A	0.11466	0.09890	0.78644
219 A	0.11719	0.08047	0.80234
220 T	0.12055	0.06261	0.81685
221 T	0.12168	0.05712	0.8212
222 G	0.12165	0.05605	0.8223
223 C	0.12258	0.05594	0.82148
224 A	0.12460	0.05687	0.81853
225 A	0.12704	0.05749	0.81548
226 T	0.13428	0.05085	0.81487
227 T	0.14203	0.04483	0.81313
228 T	0.14540	0.04325	0.81134
229 T	0.14790	0.04382	0.80828
230 C	0.14829	0.04285	0.80886
231 T	0.14922	0.04305	0.80772
232 T	0.14888	0.04503	0.8061
233 A	0.14774	0.04793	0.80433
234 C	0.14920	0.04667	0.80414
235 A	0.15057	0.04594	0.80349
236 T	0.15243	0.04358	0.80399
237 T	0.15401	0.04179	0.80421
238 T	0.15457	0.04121	0.80422
239 T	0.15457	0.04133	0.8041
240 A	0.15427	0.04167	0.80406
241 A	0.15363	0.04234	0.80403
242 A	0.15378	0.04227	0.80395
243 T	0.15421	0.04191	0.80388
244 G	0.15439	0.04184	0.80377
245 A	0.15524	0.04133	0.80344
246 T	0.15717	0.03988	0.80295
247 A	0.15919	0.03894	0.80187
248 A	0.16187	0.03681	0.80132
249 A	0.16306	0.03601	0.80092
250 T	0.16620	0.03266	0.80114
251 A	0.16783	0.03090	0.80128
252 T	0.17144	0.02663	0.80193
253 A	0.17201	0.02502	0.80296
254 T	0.17412	0.02161	0.80427
255 T	0.17541	0.01876	0.80583
256 T	0.17532	0.01757	0.80712
257 T	0.17207	0.02073	0.8072
258 C	0.16556	0.02750	0.80695
259 T	0.15746	0.03882	0.80372
260 T	0.13567	0.06180	0.80253
261 A	0.10846	0.08904	0.8025
262 G	0.09208	0.10523	0.8027
263 A	0.08570	0.11136	0.80294
264 C	0.08210	0.11391	0.80399
265 C	0.07914	0.11674	0.80412
266 C	0.07713	0.11890	0.80397
267 A	0.07432	0.12270	0.80298
268 G	0.07406	0.12302	0.80292
269 A	0.07418	0.12302	0.8028
270 T	0.07521	0.12188	0.8029
271 A	0.07561	0.12124	0.80316
272 C	0.07607	0.11913	0.8048
273 T	0.07643	0.11856	0.80502
274 T	0.07644	0.11833	0.80523
275 A	0.07612	0.11889	0.80499
276 T	0.07556	0.11959	0.80485
277 G	0.07346	0.12275	0.8038
278 A	0.07207	0.12355	0.80438
279 A	0.07107	0.12178	0.80714
280 G	0.07068	0.11607	0.81325
281 A	0.07086	0.10924	0.81989
282 A	0.07374	0.09710	0.82916
283 T	0.07502	0.07369	0.85128
284 T	0.07498	0.05061	0.87441
285 T	0.07475	0.03894	0.88632
286 G	0.07423	0.04181	0.88396
287 A	0.07294	0.05523	0.87183
288 A	0.07120	0.07044	0.85836
289 A	0.07007	0.07199	0.85794
290 T	0.07070	0.06990	0.85939
291 A	0.06987	0.07410	0.85603
292 T	0.06940	0.07802	0.85257
293 C	0.06860	0.08463	0.84678
294 T	0.06767	0.10151	0.83082
295 A	0.06495	0.11555	0.81949
296 A	0.06423	0.12111	0.81466
297 A	0.06347	0.12914	0.80738
298 G	0.06024	0.14002	0.79974
299 A	0.05668	0.14944	0.79388
300 T	0.05588	0.14868	0.79544
301 A	0.05243	0.15177	0.79579
302 A	0.05044	0.15328	0.79628
303 A	0.05009	0.15321	0.7967
304 C	0.05059	0.15225	0.79716
305 T	0.05100	0.15210	0.7969
306 A	0.05003	0.15363	0.79634
307 G	0.05046	0.15363	0.7959
308 A	0.05211	0.15222	0.79567
309 A	0.05666	0.14817	0.79517
310 A	0.06680	0.13721	0.79599
311 A	0.07961	0.12247	0.79792
312 C	0.08269	0.11753	0.79978
313 A	0.08634	0.11358	0.80008
314 T	0.09435	0.10474	0.80091
315 C	0.09993	0.09874	0.80132
316 A	0.10659	0.09208	0.80133
317 T	0.12189	0.07655	0.80156
318 T	0.12849	0.06790	0.80361
319 A	0.12750	0.06862	0.80388
320 A	0.12995	0.06580	0.80425
321 A	0.13600	0.05597	0.80803
322 T	0.14106	0.04615	0.81279
323 A	0.13866	0.04633	0.81501
324 T	0.13868	0.04314	0.81818
325 T	0.13663	0.04579	0.81757
326 T	0.12803	0.05730	0.81467
327 A	0.11361	0.07505	0.81134
328 A	0.10352	0.08616	0.81033
329 A	0.09608	0.09263	0.8113
330 A	0.09260	0.09488	0.81251
331 G	0.09164	0.09389	0.81447
332 A	0.09207	0.09199	0.81595
333 A	0.09250	0.09001	0.81749
334 T	0.09269	0.08831	0.81899
335 C	0.09269	0.08706	0.82025
336 T	0.09289	0.08649	0.82062
337 A	0.09283	0.08619	0.82097
338 T	0.09304	0.08505	0.82191
339 G	0.09322	0.08411	0.82267
340 T	0.09353	0.08327	0.8232
341 T	0.09367	0.08097	0.82537
342 A	0.09370	0.07766	0.82864
343 G	0.09357	0.07521	0.83122
344 T	0.09363	0.07452	0.83185
345 A	0.09335	0.07467	0.83199
346 G	0.09371	0.07166	0.83463
347 A	0.09527	0.06909	0.83564
348 A	0.09864	0.06267	0.83869
349 T	0.10248	0.05021	0.8473
350 T	0.10533	0.03650	0.85818
351 T	0.10551	0.03284	0.86165
352 A	0.10476	0.03244	0.8628
353 T	0.10460	0.03158	0.86383
354 G	0.10359	0.03333	0.86308
355 T	0.10302	0.03497	0.86201
356 T	0.10185	0.03612	0.86204
357 T	0.09981	0.03839	0.8618
358 G	0.09626	0.04297	0.86077
359 A	0.09301	0.04877	0.85821
360 C	0.09095	0.05355	0.8555
361 G	0.08910	0.05952	0.85137
362 A	0.08822	0.06337	0.8484
363 G	0.08769	0.06689	0.84542
364 G	0.08762	0.07090	0.84147
365 A	0.08773	0.07311	0.83916
366 A	0.08832	0.07351	0.83817
367 G	0.08938	0.07253	0.83809
368 A	0.09080	0.07112	0.83808
369 A	0.09201	0.06989	0.8381
370 G	0.09378	0.06810	0.83812
371 A	0.09553	0.06641	0.83807
372 A	0.09884	0.06306	0.8381
373 A	0.10218	0.05940	0.83842
374 T	0.10787	0.05256	0.83956
375 T	0.11141	0.04794	0.84065
376 T	0.11191	0.04694	0.84115
377 T	0.11061	0.04809	0.84131
378 A	0.10383	0.05551	0.84066
379 G	0.10021	0.05831	0.84148
380 G	0.09862	0.05852	0.84286
381 A	0.09894	0.05602	0.84504
382 G	0.10217	0.05023	0.8476
383 T	0.10722	0.04365	0.84913
384 T	0.11166	0.03789	0.85046
385 A	0.11339	0.03554	0.85107
386 C	0.11537	0.03307	0.85156
387 T	0.11828	0.03010	0.85162
388 A	0.11949	0.02880	0.8517
389 T	0.12063	0.02756	0.85181
390 T	0.12073	0.02746	0.85181
391 C	0.12030	0.02793	0.85178
392 C	0.11984	0.02852	0.85164
393 T	0.11883	0.03035	0.85082
394 G	0.11682	0.03300	0.85018
395 A	0.11572	0.03475	0.84953
396 T	0.11572	0.03529	0.84899
397 A	0.11542	0.03630	0.84829
398 A	0.11548	0.03626	0.84826
399 A	0.11611	0.03519	0.8487
400 A	0.11726	0.03230	0.85044
401 T	0.11899	0.02446	0.85655
402 T	0.11978	0.02160	0.85862
403 T	0.12000	0.02333	0.85667
404 G	0.11993	0.02613	0.85394
405 T	0.11914	0.03039	0.85047
406 T	0.11844	0.03512	0.84644
407 T	0.11736	0.03882	0.84383
408 A	0.11539	0.04292	0.84168
409 A	0.11474	0.04480	0.84045
410 A	0.11436	0.04686	0.83878
411 A	0.11359	0.04854	0.83787
412 A	0.11354	0.04928	0.83719
413 T	0.11378	0.04975	0.83647
414 A	0.11380	0.04960	0.8366
415 A	0.11410	0.04917	0.83674
416 T	0.11487	0.04754	0.83758
417 T	0.11524	0.04579	0.83898
418 C	0.11546	0.04465	0.83988
419 A	0.11569	0.04456	0.83976
420 A	0.11595	0.04429	0.83976
421 A	0.11614	0.04412	0.83974
422 C	0.11709	0.04316	0.83975
423 A	0.11788	0.04266	0.83945
424 G	0.11925	0.04117	0.83958
425 A	0.12192	0.03843	0.83965
426 T	0.12786	0.03210	0.84004
427 T	0.13160	0.02805	0.84035
428 C	0.13468	0.02290	0.84241
429 T	0.13791	0.01941	0.84268
430 T	0.13954	0.01713	0.84333
431 T	0.14038	0.01568	0.84395
432 G	0.13961	0.01643	0.84396
433 A	0.14015	0.01580	0.84406
434 C	0.13899	0.01632	0.84469
435 A	0.13721	0.01894	0.84385
436 A	0.13767	0.01859	0.84374
437 C	0.13765	0.01872	0.84363
438 A	0.13787	0.01940	0.84273
439 T	0.13854	0.01947	0.84198
440 C	0.13870	0.01983	0.84146
441 T	0.13828	0.02130	0.84042
442 A	0.13792	0.02360	0.83848
443 A	0.13784	0.02361	0.83856
444 T	0.13759	0.02347	0.83893
445 A	0.13673	0.02425	0.83902
446 A	0.13634	0.02429	0.83936
447 C	0.13561	0.02469	0.83971
448 G	0.13420	0.02601	0.83979
449 C	0.13334	0.02680	0.83985
450 T	0.13270	0.02752	0.83978
451 C	0.12941	0.03106	0.83953
452 G	0.12883	0.03242	0.83875
453 T	0.12852	0.03417	0.83731
454 A	0.12787	0.03516	0.83697
455 A	0.12786	0.03419	0.83795
456 A	0.12782	0.03393	0.83825
457 A	0.12794	0.03148	0.84058
458 C	0.12883	0.02763	0.84354
459 A	0.12911	0.02652	0.84437
460 A	0.12973	0.02477	0.84549
461 C	0.13118	0.02275	0.84607
462 T	0.13272	0.02109	0.84619
463 T	0.13328	0.02039	0.84633
464 C	0.13370	0.01927	0.84704
465 A	0.13437	0.01860	0.84703
466 T	0.13444	0.01893	0.84663
467 T	0.13425	0.02028	0.84548
468 T	0.13376	0.02138	0.84486
469 A	0.13285	0.02541	0.84174
470 A	0.13234	0.02525	0.84241
471 A	0.13148	0.02454	0.84398
472 G	0.13108	0.02346	0.84546
473 A	0.13094	0.02233	0.84673
474 C	0.13094	0.01819	0.85087
475 G	0.13148	0.01712	0.85141
476 C	0.13272	0.01558	0.85169
477 T	0.13306	0.01538	0.85155
478 G	0.13313	0.01542	0.85145
479 T	0.13320	0.01547	0.85133
480 T	0.13307	0.01584	0.85109
481 T	0.13263	0.01714	0.85023
482 T	0.13143	0.01996	0.8486
483 A	0.12935	0.02691	0.84375
484 G	0.12806	0.02860	0.84334
485 A	0.12756	0.02992	0.84252
486 A	0.12730	0.03064	0.84205
487 A	0.12725	0.03079	0.84196
488 C	0.12771	0.03006	0.84224
489 A	0.12850	0.02968	0.84181
490 G	0.12998	0.02817	0.84185
491 G	0.13142	0.02655	0.84203
492 T	0.13480	0.02274	0.84246
493 T	0.13506	0.02233	0.8426
494 T	0.13514	0.02154	0.84332
495 A	0.13481	0.02159	0.84359
496 A	0.13465	0.02144	0.84391
497 T	0.13467	0.02097	0.84436
498 T	0.13457	0.02088	0.84455
499 A	0.13425	0.02119	0.84457
500 T	0.13425	0.02114	0.84461
501 T	0.13388	0.02151	0.84461
502 A	0.13248	0.02307	0.84445
503 A	0.13176	0.02345	0.84479
504 A	0.13213	0.02236	0.8455
505 G	0.13378	0.01930	0.84693
506 T	0.13801	0.01323	0.84876
507 C	0.13795	0.01211	0.84994
508 C	0.13834	0.01147	0.85019
509 C	0.13852	0.01140	0.85008
510 T	0.13869	0.01199	0.84932
511 A	0.13829	0.01352	0.84819
512 T	0.13855	0.01417	0.84728
513 T	0.13833	0.01592	0.84575
514 T	0.13779	0.01810	0.84411
515 T	0.13702	0.02021	0.84278
516 T	0.13398	0.02459	0.84143
517 A	0.12912	0.03033	0.84055
518 T	0.12678	0.03285	0.84037
519 T	0.12221	0.03740	0.84039
520 G	0.11509	0.04460	0.84031
521 A	0.11002	0.04969	0.84029
522 A	0.10537	0.05398	0.84065
523 C	0.10145	0.05751	0.84104
524 A	0.09806	0.06087	0.84107
525 A	0.09567	0.06270	0.84163
526 G	0.09481	0.06303	0.84216
527 G	0.09428	0.06361	0.84211
528 A	0.09391	0.06440	0.84169
529 G	0.09365	0.06465	0.8417
530 A	0.09349	0.06521	0.84131
531 A	0.09264	0.06650	0.84086
532 G	0.09275	0.06672	0.84053
533 A	0.09359	0.06689	0.83951
534 A	0.09493	0.06693	0.83815
535 A	0.09648	0.06653	0.83699
536 T	0.09874	0.06498	0.83628
537 T	0.10046	0.06331	0.83623
538 A	0.10118	0.06243	0.83639
539 T	0.10202	0.05961	0.83837
540 T	0.10207	0.05629	0.84164
541 A	0.10083	0.05783	0.84135
542 T	0.10029	0.05575	0.84396
543 A	0.09735	0.05838	0.84426
544 A	0.09590	0.05599	0.8481
545 A	0.09434	0.05403	0.85163
546 T	0.09347	0.05116	0.85537
547 A	0.09251	0.04958	0.8579
548 C	0.09219	0.04786	0.85995
549 A	0.09159	0.05002	0.85839
550 G	0.09164	0.04985	0.85851
551 A	0.09170	0.05044	0.85786
552 A	0.09090	0.05203	0.85707
553 A	0.09033	0.05372	0.85595
554 C	0.08937	0.05468	0.85595
555 G	0.08895	0.05692	0.85413
556 G	0.08911	0.06037	0.85052
557 G	0.09129	0.05969	0.84902
558 G	0.09372	0.05830	0.84797
559 T	0.09704	0.05632	0.84664
560 T	0.09943	0.05428	0.84629
561 A	0.10116	0.05266	0.84618
562 T	0.10342	0.05008	0.8465
563 A	0.10449	0.04838	0.84713
564 T	0.10604	0.04532	0.84865
565 A	0.10702	0.04353	0.84944
566 T	0.11030	0.03736	0.85235
567 A	0.11065	0.03547	0.85387
568 T	0.11141	0.03284	0.85575
569 C	0.11183	0.03126	0.85691
570 T	0.11244	0.03003	0.85753
571 A	0.11273	0.02934	0.85794
572 G	0.11429	0.02723	0.85848
573 A	0.11470	0.02657	0.85874
574 A	0.11577	0.02522	0.85902
575 A	0.11731	0.02200	0.8607
576 A	0.11982	0.01759	0.86259
577 T	0.12350	0.01139	0.86511
578 A	0.12632	0.00685	0.86683
579 A	0.13138	0.00000	0.86862
