# lcl|CP097583.1_cds_USQ93130.1_1
# AA	inside	membr	outside
1 A	0.67214	0.00000	0.32785
2 T	0.67124	0.00091	0.32785
3 G	0.67059	0.00155	0.32785
4 A	0.67059	0.00578	0.32363
5 T	0.66089	0.02085	0.31826
6 T	0.66089	0.02260	0.31651
7 A	0.58109	0.10283	0.31608
8 A	0.58109	0.10283	0.31607
9 A	0.57923	0.10476	0.316
10 T	0.57923	0.10778	0.31299
11 A	0.57866	0.10862	0.31271
12 T	0.57336	0.11405	0.31259
13 T	0.55651	0.13207	0.31142
14 T	0.55650	0.13207	0.31142
15 T	0.55650	0.15534	0.28815
16 T	0.55432	0.15753	0.28815
17 T	0.54905	0.16314	0.2878
18 T	0.54862	0.16468	0.2867
19 A	0.52767	0.18678	0.28554
20 T	0.45986	0.27302	0.26711
21 T	0.21325	0.51984	0.26691
22 A	0.17255	0.57263	0.25482
23 A	0.13901	0.61680	0.24419
24 A	0.11340	0.65104	0.23556
25 G	0.10366	0.65944	0.2369
26 A	0.09804	0.66645	0.23551
27 A	0.09657	0.66040	0.24304
28 G	0.09911	0.64835	0.25255
29 T	0.10052	0.64557	0.25391
30 T	0.09936	0.60062	0.30002
31 G	0.09614	0.61095	0.29291
32 A	0.09437	0.61685	0.28878
33 A	0.09413	0.62534	0.28053
34 A	0.08973	0.63892	0.27135
35 A	0.08704	0.64142	0.27154
36 A	0.08607	0.63493	0.279
37 A	0.08508	0.64050	0.27442
38 T	0.10316	0.62505	0.27179
39 A	0.09967	0.66131	0.23902
40 A	0.09881	0.66570	0.23549
41 A	0.09874	0.64845	0.25281
42 A	0.09895	0.63665	0.2644
43 A	0.11229	0.57999	0.30773
44 A	0.11322	0.41448	0.47231
45 A	0.12575	0.37308	0.50117
46 A	0.13732	0.33711	0.52557
47 T	0.14745	0.30386	0.5487
48 A	0.15042	0.29529	0.55429
49 A	0.15344	0.28662	0.55995
50 G	0.15634	0.27574	0.56791
51 C	0.15992	0.26700	0.57308
52 A	0.16429	0.26859	0.56712
53 T	0.17505	0.26625	0.5587
54 T	0.18286	0.26112	0.55602
55 A	0.18562	0.26514	0.54924
56 A	0.19017	0.26289	0.54694
57 A	0.19774	0.24992	0.55233
58 G	0.20287	0.24194	0.5552
59 G	0.21372	0.22864	0.55764
60 A	0.22462	0.21770	0.55769
61 C	0.23859	0.20217	0.55924
62 A	0.28280	0.15664	0.56055
63 T	0.31239	0.12655	0.56106
64 G	0.32198	0.11680	0.56122
65 C	0.33620	0.10219	0.56161
66 T	0.35349	0.08743	0.55908
67 T	0.36606	0.08006	0.55388
68 T	0.36946	0.08147	0.54907
69 G	0.37118	0.08654	0.54228
70 T	0.37252	0.08637	0.54111
71 A	0.37188	0.08770	0.54042
72 T	0.37302	0.08580	0.54118
73 G	0.37159	0.08690	0.54152
74 C	0.37309	0.08516	0.54175
75 T	0.37981	0.07839	0.5418
76 C	0.38716	0.07114	0.5417
77 C	0.39007	0.06845	0.54148
78 T	0.39662	0.06271	0.54067
79 G	0.39800	0.06243	0.53958
80 A	0.39838	0.06289	0.53872
81 A	0.40033	0.06101	0.53866
82 A	0.40180	0.05949	0.53871
83 A	0.40486	0.05600	0.53915
84 T	0.40734	0.05306	0.5396
85 C	0.40852	0.05149	0.53998
86 A	0.41021	0.04974	0.54005
87 T	0.41250	0.04727	0.54023
88 G	0.41394	0.04570	0.54036
89 A	0.41646	0.04307	0.54047
90 T	0.42268	0.03661	0.54071
91 A	0.42704	0.02932	0.54365
92 T	0.43324	0.01920	0.54756
93 T	0.43438	0.01613	0.54948
94 G	0.43508	0.01310	0.55182
95 T	0.43529	0.01208	0.55263
96 T	0.43535	0.01059	0.55406
97 T	0.43535	0.00963	0.55501
98 G	0.43541	0.00910	0.55549
99 T	0.43572	0.00822	0.55606
100 G	0.43597	0.00731	0.55672
101 C	0.43672	0.00619	0.55709
102 T	0.43759	0.00545	0.55696
103 T	0.43799	0.00536	0.55665
104 C	0.43752	0.00624	0.55624
105 T	0.43706	0.00949	0.55346
106 G	0.43669	0.01078	0.55253
107 T	0.43648	0.01144	0.55208
108 T	0.43600	0.01314	0.55086
109 T	0.43494	0.01435	0.55071
110 C	0.43205	0.01747	0.55048
111 G	0.41341	0.03693	0.54966
112 A	0.39765	0.05302	0.54933
113 C	0.39309	0.05772	0.54919
114 A	0.38922	0.06231	0.54847
115 G	0.38830	0.06407	0.54762
116 C	0.38833	0.06415	0.54751
117 T	0.38826	0.06467	0.54707
118 A	0.38802	0.06537	0.54661
119 T	0.38843	0.06505	0.54652
120 C	0.38713	0.06652	0.54635
121 A	0.38589	0.06907	0.54503
122 T	0.38428	0.07183	0.54389
123 A	0.37882	0.08036	0.54082
124 A	0.37548	0.08402	0.5405
125 T	0.37445	0.08514	0.54041
126 A	0.37113	0.08825	0.54061
127 A	0.36985	0.08897	0.54117
128 C	0.37142	0.08649	0.5421
129 T	0.37164	0.08587	0.54249
130 A	0.37105	0.08624	0.5427
131 T	0.37160	0.08537	0.54303
132 A	0.37051	0.08595	0.54353
133 A	0.37030	0.08414	0.54556
134 A	0.37072	0.06472	0.56455
135 T	0.37110	0.04814	0.58075
136 G	0.37116	0.04335	0.5855
137 C	0.37184	0.03919	0.58897
138 T	0.37265	0.03841	0.58893
139 A	0.37278	0.03906	0.58816
140 T	0.37318	0.03910	0.58772
141 T	0.37338	0.03972	0.5869
142 G	0.37287	0.04227	0.58487
143 A	0.37274	0.04773	0.57953
144 A	0.37309	0.05253	0.57439
145 A	0.37393	0.05108	0.575
146 T	0.37696	0.04296	0.58009
147 T	0.37714	0.04032	0.58253
148 T	0.37649	0.04576	0.57775
149 T	0.37544	0.04883	0.57573
150 T	0.37397	0.05160	0.57442
151 G	0.37204	0.05724	0.57073
152 G	0.37102	0.05994	0.56904
153 A	0.37050	0.06036	0.56914
154 T	0.37052	0.06014	0.56934
155 T	0.37024	0.05983	0.56994
156 G	0.36965	0.06033	0.57002
157 C	0.36947	0.06034	0.57019
158 A	0.36935	0.06062	0.57004
159 A	0.36920	0.06083	0.56997
160 T	0.36931	0.06087	0.56982
161 C	0.36955	0.06099	0.56945
162 A	0.36966	0.06308	0.56727
163 A	0.37024	0.06512	0.56465
164 A	0.37135	0.06655	0.56209
165 T	0.37410	0.06572	0.56019
166 A	0.37982	0.06329	0.55688
167 T	0.38654	0.05708	0.55639
168 T	0.38840	0.05652	0.55508
169 G	0.38912	0.05814	0.55274
170 A	0.39097	0.05752	0.5515
171 T	0.39862	0.04951	0.55187
172 T	0.40272	0.04447	0.55281
173 A	0.40466	0.04136	0.55398
174 T	0.40825	0.03613	0.55562
175 T	0.40971	0.03377	0.55653
176 C	0.40996	0.03302	0.55702
177 T	0.41018	0.03341	0.55641
178 T	0.41023	0.03383	0.55594
179 T	0.41000	0.03454	0.55546
180 A	0.40918	0.03671	0.55412
181 A	0.40764	0.03996	0.55239
182 A	0.40242	0.04696	0.55062
183 A	0.39871	0.05142	0.54987
184 A	0.39688	0.05317	0.54994
185 A	0.39740	0.05208	0.55052
186 A	0.39966	0.04894	0.5514
187 G	0.40275	0.04480	0.55246
188 G	0.40598	0.04104	0.55298
189 T	0.41066	0.03589	0.55345
190 T	0.41257	0.03390	0.55353
191 C	0.41391	0.03258	0.55351
192 T	0.41576	0.03114	0.5531
193 T	0.41625	0.03065	0.5531
194 T	0.41615	0.03072	0.55313
195 T	0.41572	0.03110	0.55318
196 T	0.41491	0.03182	0.55327
197 C	0.41381	0.03261	0.55359
198 C	0.41270	0.03352	0.55378
199 C	0.41218	0.03403	0.55379
200 T	0.41253	0.03378	0.55369
201 T	0.41223	0.03425	0.55353
202 G	0.41148	0.03513	0.55338
203 A	0.41173	0.03491	0.55335
204 A	0.41184	0.03381	0.55435
205 T	0.41340	0.02667	0.55993
206 T	0.41259	0.02368	0.56372
207 A	0.40831	0.02648	0.5652
208 T	0.40502	0.02944	0.56554
209 T	0.39928	0.03602	0.5647
210 A	0.38652	0.05168	0.5618
211 A	0.37493	0.06656	0.55851
212 A	0.36846	0.07557	0.55597
213 A	0.36501	0.07993	0.55507
214 T	0.36335	0.08289	0.55376
215 T	0.35945	0.08873	0.55182
216 T	0.35425	0.09466	0.55109
217 G	0.34705	0.10164	0.55131
218 A	0.34317	0.10526	0.55157
219 T	0.34146	0.10616	0.55239
220 T	0.33990	0.10665	0.55345
221 C	0.33642	0.10912	0.55446
222 T	0.33172	0.11434	0.55394
223 A	0.32290	0.12426	0.55284
224 T	0.31824	0.12919	0.55256
225 A	0.31256	0.13525	0.55219
226 A	0.31071	0.13696	0.55233
227 T	0.30999	0.13584	0.55418
228 T	0.30775	0.13719	0.55507
229 A	0.30012	0.14262	0.55725
230 A	0.29449	0.14356	0.56195
231 T	0.29440	0.13995	0.56565
232 A	0.29243	0.13894	0.56863
233 A	0.29394	0.12837	0.57769
234 A	0.29697	0.11404	0.58898
235 T	0.29983	0.10305	0.59712
236 T	0.30063	0.09944	0.59993
237 A	0.30170	0.09747	0.60083
238 T	0.30325	0.09236	0.60439
239 T	0.30296	0.08876	0.60828
240 A	0.29994	0.08711	0.61295
241 T	0.29662	0.08872	0.61467
242 T	0.29147	0.09920	0.60933
243 A	0.28385	0.12664	0.58951
244 A	0.27732	0.14974	0.57294
245 A	0.27482	0.15368	0.57151
246 T	0.27435	0.14790	0.57775
247 T	0.27241	0.14798	0.57961
248 T	0.26356	0.15642	0.58002
249 A	0.24013	0.18616	0.57371
250 G	0.23188	0.20056	0.56756
251 A	0.22836	0.20372	0.56791
252 A	0.22603	0.20140	0.57257
253 T	0.22449	0.19789	0.57762
254 A	0.21715	0.20631	0.57654
255 C	0.21543	0.20933	0.57523
256 A	0.21441	0.22333	0.56227
257 A	0.21403	0.23166	0.5543
258 T	0.21447	0.23333	0.5522
259 T	0.21306	0.23809	0.54885
260 T	0.21009	0.24425	0.54565
261 G	0.20643	0.24968	0.54389
262 A	0.20493	0.25390	0.54116
263 A	0.20552	0.25110	0.54337
264 A	0.20853	0.24509	0.54639
265 G	0.21643	0.23252	0.55105
266 A	0.23985	0.20457	0.55558
267 T	0.26225	0.17535	0.5624
268 T	0.26795	0.16780	0.56425
269 T	0.26857	0.16700	0.56444
270 A	0.26707	0.16861	0.56432
271 A	0.26711	0.16068	0.57221
272 G	0.26966	0.13550	0.59484
273 T	0.27377	0.12516	0.60107
274 A	0.26998	0.12961	0.60042
275 A	0.26918	0.13289	0.59793
276 A	0.26852	0.13631	0.59518
277 A	0.26773	0.13425	0.59802
278 A	0.26952	0.13438	0.5961
279 T	0.28179	0.12067	0.59754
280 T	0.29029	0.11040	0.59931
281 A	0.28938	0.10972	0.6009
282 T	0.28976	0.10457	0.60568
283 C	0.27565	0.11467	0.60968
284 C	0.25473	0.13624	0.60903
285 T	0.23692	0.16936	0.59372
286 A	0.17917	0.26691	0.55392
287 A	0.15547	0.30270	0.54183
288 A	0.14794	0.31486	0.5372
289 T	0.14666	0.31942	0.53392
290 A	0.14523	0.32128	0.53349
291 T	0.14614	0.31950	0.53437
292 T	0.14594	0.31884	0.53522
293 T	0.14581	0.31719	0.537
294 A	0.14452	0.31708	0.5384
295 A	0.14501	0.31436	0.54064
296 A	0.14588	0.31105	0.54306
297 A	0.14854	0.30358	0.54788
298 G	0.15219	0.29601	0.5518
299 A	0.15705	0.28819	0.55476
300 A	0.16197	0.27928	0.55875
301 A	0.16736	0.26997	0.56267
302 T	0.16911	0.26435	0.56655
303 G	0.16962	0.26046	0.56991
304 A	0.17054	0.25497	0.57449
305 A	0.17189	0.24757	0.58054
306 A	0.17425	0.22671	0.59905
307 G	0.17882	0.19673	0.62445
308 A	0.19735	0.15747	0.64518
309 T	0.23787	0.06149	0.70063
310 T	0.24924	0.02585	0.72492
311 G	0.25288	0.01132	0.7358
312 A	0.25669	0.00000	0.74331
