# lcl|CP097583.1_cds_USQ93203.1_1
# AA	inside	membr	outside
1 A	0.84463	0.00000	0.15538
2 T	0.84325	0.00138	0.15538
3 G	0.84225	0.00238	0.15538
4 A	0.84225	0.01862	0.13914
5 T	0.83359	0.05459	0.11183
6 T	0.83359	0.06633	0.10009
7 A	0.50382	0.39772	0.09847
8 A	0.50380	0.39778	0.09842
9 T	0.46621	0.43573	0.09806
10 A	0.46608	0.45633	0.07759
11 C	0.45524	0.46797	0.0768
12 G	0.33577	0.58855	0.07568
13 A	0.19927	0.72650	0.07423
14 A	0.19925	0.72652	0.07423
15 A	0.19925	0.73186	0.06889
16 T	0.19877	0.73234	0.06889
17 C	0.19748	0.73367	0.06885
18 T	0.19744	0.73395	0.06861
19 T	0.19630	0.73522	0.06848
20 T	0.18776	0.74557	0.06668
21 A	0.15539	0.77794	0.06668
22 T	0.15460	0.77894	0.06646
23 T	0.15301	0.78049	0.0665
24 A	0.15098	0.78260	0.06641
25 G	0.14999	0.77760	0.07241
26 A	0.14976	0.77441	0.07584
27 A	0.16274	0.74945	0.08781
28 A	0.18708	0.71659	0.09633
29 A	0.19924	0.69094	0.10982
30 A	0.20582	0.40146	0.39272
31 T	0.20928	0.36805	0.42267
32 T	0.21085	0.31101	0.47815
33 T	0.22123	0.30432	0.47445
34 A	0.21706	0.35984	0.42309
35 A	0.21612	0.31864	0.46524
36 A	0.21596	0.23227	0.55177
37 T	0.21616	0.23219	0.55165
38 T	0.21853	0.24361	0.53786
39 T	0.20705	0.39214	0.40081
40 A	0.19755	0.44141	0.36104
41 T	0.19323	0.48014	0.32663
42 T	0.19015	0.49289	0.31696
43 A	0.18324	0.50917	0.30759
44 T	0.17782	0.55389	0.2683
45 T	0.17407	0.60585	0.22008
46 C	0.16583	0.63612	0.19805
47 A	0.15331	0.68884	0.15785
48 A	0.14472	0.71905	0.13622
49 A	0.13839	0.76589	0.09572
50 A	0.13377	0.78359	0.08264
51 T	0.13202	0.78745	0.08053
52 A	0.12803	0.79328	0.07868
53 A	0.12452	0.79953	0.07595
54 A	0.12373	0.80141	0.07486
55 A	0.12648	0.79853	0.07498
56 A	0.14439	0.77890	0.07672
57 A	0.20650	0.71332	0.08018
58 T	0.26146	0.65727	0.08127
59 T	0.29627	0.62145	0.08228
60 A	0.30747	0.60930	0.08322
61 A	0.32819	0.58527	0.08654
62 T	0.43731	0.46351	0.09917
63 G	0.46703	0.42462	0.10835
64 C	0.50596	0.37904	0.11501
65 A	0.52763	0.35465	0.11772
66 T	0.56710	0.30553	0.12737
67 C	0.63410	0.23162	0.13428
68 T	0.69867	0.16577	0.13555
69 T	0.72448	0.13702	0.13851
70 T	0.74835	0.10434	0.14731
71 A	0.75639	0.09111	0.1525
72 T	0.78409	0.05857	0.15735
73 T	0.78995	0.04908	0.16097
74 T	0.78232	0.05698	0.1607
75 A	0.75456	0.09001	0.15543
76 A	0.71855	0.13307	0.14838
77 T	0.67295	0.18630	0.14075
78 A	0.55830	0.31613	0.12557
79 G	0.47389	0.41767	0.10843
80 A	0.39855	0.52086	0.08059
81 A	0.33881	0.60984	0.05135
82 G	0.27318	0.68018	0.04664
83 G	0.23567	0.72484	0.03949
84 A	0.21646	0.74546	0.03808
85 T	0.20836	0.75410	0.03755
86 C	0.18553	0.77746	0.037
87 A	0.16976	0.79354	0.0367
88 C	0.16289	0.80038	0.03673
89 A	0.15833	0.80499	0.03669
90 T	0.15401	0.80931	0.03668
91 C	0.14431	0.81899	0.03669
92 C	0.13660	0.82673	0.03668
93 A	0.12671	0.83681	0.03648
94 G	0.12010	0.84319	0.03671
95 A	0.11702	0.84634	0.03664
96 A	0.11576	0.84743	0.0368
97 G	0.11687	0.84111	0.04202
98 A	0.12217	0.80856	0.06928
99 A	0.13027	0.76543	0.1043
100 A	0.13920	0.70759	0.15321
101 A	0.15133	0.60019	0.24847
102 A	0.16750	0.51431	0.31819
103 A	0.19273	0.42612	0.38115
104 A	0.21986	0.35433	0.4258
105 A	0.22596	0.28484	0.4892
106 T	0.23530	0.23149	0.53322
107 T	0.23718	0.20966	0.55317
108 A	0.23725	0.20419	0.55856
109 T	0.23741	0.19457	0.56802
110 T	0.23586	0.18965	0.57449
111 T	0.23380	0.18971	0.5765
112 A	0.23132	0.19664	0.57204
113 T	0.23079	0.19256	0.57666
114 G	0.22971	0.18626	0.58403
115 T	0.22925	0.18153	0.58921
116 T	0.22875	0.17457	0.59668
117 T	0.22833	0.17080	0.60086
118 G	0.22790	0.17109	0.60101
119 A	0.22786	0.17462	0.59753
120 A	0.22790	0.17814	0.59395
121 T	0.22852	0.17913	0.59234
122 T	0.22812	0.18801	0.58387
123 A	0.22704	0.20814	0.56483
124 G	0.22762	0.22017	0.55222
125 T	0.23163	0.22834	0.54004
126 A	0.24095	0.23559	0.52347
127 T	0.26232	0.22655	0.51112
128 A	0.26893	0.24569	0.48539
129 T	0.27433	0.25593	0.46974
130 G	0.27828	0.28567	0.43604
131 A	0.28604	0.30118	0.41278
132 T	0.31961	0.27537	0.40502
133 T	0.33280	0.27134	0.39586
134 T	0.34055	0.27166	0.3878
135 T	0.34236	0.28215	0.37549
136 T	0.33759	0.31651	0.3459
137 T	0.32670	0.38269	0.29061
138 A	0.20618	0.60392	0.1899
139 A	0.16547	0.69625	0.13827
140 A	0.14954	0.73219	0.11827
141 A	0.13778	0.75238	0.10984
142 A	0.13526	0.75936	0.10538
143 A	0.13303	0.76160	0.10537
144 A	0.13453	0.76014	0.10533
145 G	0.14441	0.74951	0.10608
146 A	0.16434	0.72924	0.10641
147 C	0.18221	0.71016	0.10763
148 A	0.19468	0.69769	0.10762
149 A	0.21119	0.68076	0.10805
150 A	0.22584	0.66575	0.10841
151 C	0.25467	0.63630	0.10903
152 C	0.27528	0.61556	0.10916
153 T	0.31942	0.57117	0.10941
154 T	0.34331	0.54718	0.1095
155 C	0.34661	0.54392	0.10947
156 T	0.34778	0.54341	0.10882
157 A	0.33212	0.56005	0.10783
158 A	0.32951	0.55884	0.11166
159 G	0.35016	0.53185	0.11799
160 A	0.40764	0.46828	0.12408
161 T	0.50773	0.24285	0.24941
162 T	0.55000	0.17282	0.27718
163 T	0.55633	0.16455	0.27912
164 T	0.54721	0.22132	0.23147
165 A	0.48902	0.29183	0.21914
166 A	0.45323	0.33220	0.21457
167 A	0.43367	0.35338	0.21294
168 A	0.42620	0.35820	0.2156
169 C	0.42193	0.36036	0.21771
170 A	0.41920	0.36516	0.21564
171 T	0.41902	0.36550	0.21549
172 C	0.41618	0.36940	0.21442
173 A	0.41337	0.37747	0.20916
174 T	0.41248	0.38365	0.20386
175 A	0.41096	0.45055	0.13849
176 T	0.40907	0.46720	0.12373
177 A	0.39478	0.48753	0.11769
178 A	0.38762	0.49015	0.12223
179 A	0.37684	0.49324	0.12992
180 A	0.36690	0.48179	0.15131
181 A	0.36245	0.46968	0.16787
182 C	0.37054	0.44385	0.18561
183 A	0.38430	0.42488	0.19081
184 T	0.41521	0.38768	0.19712
185 T	0.42866	0.36844	0.2029
186 T	0.43887	0.35195	0.20917
187 T	0.45750	0.32522	0.21729
188 G	0.46270	0.26462	0.27267
189 T	0.47026	0.22530	0.30444
190 T	0.47230	0.20564	0.32206
191 A	0.46986	0.20052	0.32962
192 T	0.46943	0.19367	0.3369
193 C	0.46994	0.18859	0.34146
194 C	0.47079	0.18670	0.34251
195 T	0.47335	0.18465	0.342
196 A	0.47799	0.18234	0.33966
197 A	0.48563	0.17651	0.33786
198 T	0.55194	0.11038	0.33769
199 T	0.56485	0.09657	0.33859
200 T	0.56855	0.07707	0.35439
201 T	0.56830	0.07075	0.36096
202 T	0.56722	0.06863	0.36415
203 A	0.56622	0.06397	0.36981
204 T	0.56575	0.06029	0.37395
205 T	0.56531	0.06350	0.37119
206 A	0.56417	0.07046	0.36537
207 T	0.56057	0.08236	0.35707
208 T	0.53643	0.11080	0.35277
209 T	0.48833	0.16693	0.34473
210 A	0.39505	0.27011	0.33484
211 G	0.38468	0.28055	0.33478
212 A	0.38002	0.28620	0.33379
213 T	0.37684	0.28748	0.33568
214 G	0.36896	0.29779	0.33325
215 C	0.36584	0.30829	0.32587
216 T	0.35712	0.35877	0.28411
217 A	0.32965	0.45757	0.21279
218 A	0.30990	0.52754	0.16255
219 T	0.30832	0.56774	0.12393
220 A	0.30426	0.58331	0.11244
221 A	0.30127	0.58778	0.11095
222 T	0.29869	0.59071	0.1106
223 A	0.28825	0.60159	0.11017
224 C	0.26643	0.62278	0.11079
225 C	0.25093	0.63890	0.11018
226 A	0.24538	0.64792	0.1067
227 A	0.24099	0.65494	0.10406
228 A	0.24122	0.65753	0.10125
229 A	0.24346	0.65533	0.10121
230 T	0.24925	0.64450	0.10625
231 A	0.23925	0.62434	0.13641
232 A	0.23733	0.57185	0.19082
233 C	0.23903	0.48488	0.27608
234 A	0.23665	0.49965	0.2637
235 A	0.23547	0.53757	0.22696
236 A	0.23532	0.62706	0.13761
237 A	0.24243	0.62220	0.13537
238 G	0.25410	0.60881	0.13709
239 A	0.29682	0.55658	0.1466
240 A	0.36431	0.46384	0.17186
241 C	0.40983	0.39738	0.19279
242 A	0.44240	0.37532	0.18227
243 A	0.45481	0.36414	0.18105
244 A	0.45984	0.35790	0.18226
245 T	0.46629	0.34632	0.1874
246 T	0.46836	0.33575	0.19589
247 T	0.46796	0.31260	0.21943
248 T	0.46629	0.29607	0.23764
249 A	0.46530	0.30366	0.23104
250 G	0.46538	0.32071	0.21392
251 A	0.46626	0.34970	0.18403
252 A	0.46595	0.35220	0.18185
253 A	0.46750	0.35188	0.18063
254 T	0.47271	0.33561	0.19167
255 G	0.47532	0.32826	0.19642
256 C	0.48063	0.32183	0.19754
257 A	0.49600	0.31127	0.19273
258 A	0.53392	0.27388	0.1922
259 T	0.61843	0.18734	0.19423
260 T	0.62894	0.17680	0.19426
261 G	0.63136	0.17483	0.19381
262 T	0.63729	0.16719	0.19552
263 A	0.63995	0.16522	0.19483
264 T	0.64406	0.16118	0.19476
265 T	0.65615	0.15017	0.19368
266 T	0.66089	0.14833	0.19078
267 T	0.66205	0.14813	0.18983
268 A	0.65924	0.15497	0.18579
269 A	0.64287	0.17415	0.18298
270 T	0.62565	0.19212	0.18223
271 C	0.58824	0.22796	0.1838
272 A	0.58616	0.23205	0.18179
273 A	0.59895	0.22302	0.17803
274 A	0.62212	0.19947	0.17841
275 C	0.62635	0.19458	0.17906
276 T	0.63402	0.18962	0.17636
277 T	0.63565	0.18961	0.17474
278 C	0.62730	0.19924	0.17346
279 T	0.62565	0.20428	0.17007
280 T	0.62240	0.21178	0.16582
281 T	0.61583	0.22095	0.16322
282 G	0.60225	0.23512	0.16263
283 T	0.59499	0.24297	0.16204
284 T	0.57775	0.26052	0.16173
285 A	0.52617	0.31289	0.16094
286 C	0.50390	0.33537	0.16074
287 A	0.48876	0.35116	0.16008
288 A	0.48122	0.35909	0.1597
289 A	0.47567	0.36525	0.15908
290 A	0.47327	0.36711	0.15962
291 A	0.47519	0.36280	0.16201
292 A	0.47768	0.34020	0.18212
293 A	0.48008	0.31316	0.20676
294 G	0.48148	0.27408	0.24444
295 A	0.48463	0.25926	0.25611
296 A	0.48944	0.24533	0.26523
297 A	0.49182	0.23390	0.27427
298 G	0.49510	0.22213	0.28277
299 T	0.50239	0.21168	0.28592
300 T	0.50648	0.20575	0.28777
301 T	0.50777	0.21086	0.28137
302 A	0.50835	0.21673	0.27492
303 T	0.51024	0.22011	0.26965
304 G	0.51031	0.21599	0.2737
305 T	0.51028	0.20541	0.2843
306 T	0.50964	0.20559	0.28477
307 A	0.50873	0.20677	0.2845
308 T	0.50903	0.17308	0.3179
309 T	0.50841	0.16077	0.33082
310 G	0.50704	0.15453	0.33843
311 A	0.50681	0.14918	0.344
312 T	0.50652	0.14376	0.34971
313 G	0.50566	0.14358	0.35076
314 G	0.50509	0.14356	0.35135
315 C	0.50485	0.14361	0.35154
316 A	0.50470	0.14562	0.34968
317 T	0.50498	0.14715	0.34788
318 C	0.50488	0.15065	0.34447
319 G	0.50532	0.16349	0.3312
320 A	0.50653	0.18099	0.31248
321 A	0.50862	0.19951	0.29187
322 A	0.51196	0.22781	0.26023
323 A	0.51974	0.23212	0.24815
324 T	0.54321	0.21770	0.2391
325 A	0.55714	0.20572	0.23714
326 T	0.57486	0.18887	0.23628
327 A	0.58179	0.18335	0.23487
328 T	0.58998	0.17509	0.23493
329 C	0.59536	0.17058	0.23406
330 T	0.60876	0.16115	0.23008
331 T	0.61086	0.16269	0.22644
332 A	0.60715	0.17024	0.22261
333 T	0.60750	0.17137	0.22113
334 A	0.60396	0.17842	0.21762
335 G	0.59975	0.18242	0.21783
336 A	0.59702	0.18507	0.2179
337 G	0.59682	0.18436	0.21882
338 T	0.59784	0.18256	0.21961
339 T	0.59983	0.18000	0.22017
340 G	0.60068	0.17885	0.22047
341 C	0.60423	0.17475	0.22102
342 C	0.61614	0.16265	0.22121
343 A	0.63348	0.14536	0.22116
344 A	0.65436	0.12454	0.2211
345 C	0.68384	0.09514	0.22102
346 A	0.69442	0.08508	0.2205
347 G	0.70398	0.07565	0.22037
348 T	0.70929	0.06989	0.22082
349 T	0.71279	0.06592	0.22128
350 T	0.71655	0.06164	0.22182
351 A	0.71949	0.05643	0.22408
352 C	0.72438	0.04702	0.2286
353 T	0.72953	0.04046	0.23001
354 T	0.73288	0.03455	0.23257
355 T	0.73496	0.02970	0.23534
356 A	0.73539	0.02853	0.23608
357 T	0.73775	0.02501	0.23725
358 T	0.73692	0.02276	0.24032
359 T	0.73352	0.02449	0.24199
360 T	0.72366	0.03674	0.23961
361 T	0.69338	0.07995	0.22667
362 T	0.63190	0.15119	0.21691
363 A	0.49867	0.30765	0.19368
364 G	0.44892	0.37591	0.17516
365 A	0.42828	0.40982	0.1619
366 A	0.42042	0.41914	0.16045
367 A	0.41706	0.42253	0.16041
368 A	0.41571	0.42380	0.16049
369 T	0.41409	0.42528	0.16062
370 C	0.41202	0.42731	0.16067
371 C	0.41040	0.42913	0.16046
372 C	0.40870	0.43221	0.15909
373 A	0.40761	0.43562	0.15677
374 T	0.40730	0.43672	0.15598
375 T	0.40628	0.43842	0.1553
376 A	0.40458	0.44071	0.15471
377 A	0.40384	0.44175	0.15442
378 T	0.40426	0.44063	0.15511
379 A	0.40402	0.43961	0.15637
380 A	0.40522	0.43629	0.15849
381 A	0.40883	0.42818	0.163
382 A	0.41377	0.41316	0.17307
383 A	0.42076	0.38353	0.1957
384 T	0.43788	0.31643	0.24569
385 A	0.44706	0.23911	0.31383
386 C	0.46706	0.10400	0.42894
387 T	0.48303	0.06445	0.45252
388 T	0.49149	0.05510	0.45341
389 T	0.49063	0.06361	0.44576
390 A	0.48752	0.08347	0.42901
391 G	0.48640	0.09387	0.41973
392 G	0.48581	0.09834	0.41584
393 A	0.48591	0.11074	0.40335
394 A	0.48665	0.13158	0.38177
395 T	0.48892	0.15286	0.35823
396 T	0.49089	0.15761	0.35151
397 T	0.49080	0.16607	0.34313
398 T	0.48946	0.18515	0.32539
399 G	0.48804	0.21002	0.30193
400 T	0.48757	0.22106	0.29137
401 T	0.48711	0.22447	0.28843
402 A	0.48640	0.22908	0.28453
403 A	0.48589	0.23120	0.2829
404 C	0.48570	0.23191	0.2824
405 T	0.48555	0.23553	0.27892
406 A	0.48535	0.23785	0.27679
407 A	0.48549	0.23871	0.27581
408 A	0.48634	0.23794	0.27572
409 G	0.48851	0.23579	0.2757
410 A	0.49662	0.22677	0.2766
411 T	0.51190	0.20971	0.27839
412 C	0.52214	0.19719	0.28068
413 G	0.53792	0.17950	0.28257
414 T	0.55020	0.16664	0.28316
415 A	0.55646	0.16016	0.28337
416 A	0.57061	0.14583	0.28356
417 T	0.60106	0.11514	0.2838
418 T	0.62978	0.08521	0.28501
419 T	0.63852	0.07541	0.28607
420 G	0.64544	0.06724	0.28733
421 G	0.65936	0.05185	0.28879
422 T	0.67960	0.03059	0.28981
423 T	0.68939	0.02040	0.29021
424 C	0.69254	0.01679	0.29067
425 T	0.69788	0.01154	0.29059
426 T	0.69961	0.01039	0.29
427 T	0.69974	0.01059	0.28967
428 C	0.69942	0.01164	0.28894
429 T	0.69560	0.01880	0.28559
430 A	0.69147	0.02490	0.28363
431 C	0.68465	0.03257	0.28277
432 T	0.67996	0.03932	0.28072
433 A	0.67403	0.04680	0.27917
434 T	0.67094	0.05050	0.27857
435 T	0.66818	0.05375	0.27808
436 T	0.66533	0.05667	0.27801
437 T	0.66226	0.05975	0.278
438 A	0.65975	0.06221	0.27804
439 T	0.65899	0.06293	0.27809
440 C	0.65783	0.06404	0.27813
441 T	0.65589	0.06597	0.27814
442 C	0.65134	0.07051	0.27815
443 G	0.64743	0.07447	0.2781
444 A	0.64397	0.07795	0.27807
445 G	0.64119	0.08074	0.27806
446 C	0.64033	0.08145	0.27822
447 A	0.63940	0.08236	0.27823
448 C	0.63939	0.08180	0.27881
449 A	0.63985	0.08139	0.27876
450 A	0.64078	0.07991	0.27932
451 G	0.64257	0.07668	0.28075
452 T	0.64761	0.06606	0.28632
453 T	0.64981	0.06002	0.29016
454 T	0.65036	0.05041	0.29923
455 T	0.65078	0.04371	0.3055
456 T	0.65093	0.03719	0.31188
457 T	0.65042	0.03680	0.31279
458 C	0.64909	0.03832	0.31259
459 T	0.64715	0.05407	0.29879
460 T	0.63920	0.08521	0.27559
461 T	0.60542	0.14226	0.25233
462 A	0.52143	0.24601	0.23257
463 G	0.45748	0.33112	0.2114
464 A	0.42754	0.37680	0.19567
465 A	0.41711	0.39296	0.18993
466 A	0.41261	0.39939	0.18799
467 A	0.41041	0.40073	0.18886
468 T	0.40975	0.40006	0.19019
469 G	0.40848	0.40217	0.18935
470 A	0.40719	0.40419	0.18861
471 A	0.40563	0.40628	0.18809
472 T	0.40513	0.40705	0.18782
473 A	0.40452	0.40898	0.1865
474 T	0.40429	0.40938	0.18633
475 G	0.40290	0.41135	0.18575
476 A	0.40236	0.41223	0.18541
477 A	0.40210	0.41252	0.18538
478 C	0.40144	0.41249	0.18608
479 A	0.40217	0.41416	0.18367
480 T	0.41073	0.40560	0.18367
481 A	0.41748	0.39954	0.18298
482 A	0.43710	0.37777	0.18513
483 T	0.46503	0.33722	0.19776
484 T	0.48677	0.27410	0.23913
485 A	0.49758	0.18791	0.31451
486 T	0.51444	0.11281	0.37275
487 C	0.52385	0.07832	0.39782
488 T	0.53070	0.07382	0.39548
489 T	0.53105	0.09215	0.37679
490 T	0.52608	0.11123	0.3627
491 T	0.51602	0.12295	0.36103
492 T	0.48683	0.15374	0.35942
493 A	0.41593	0.23618	0.34789
494 A	0.38473	0.27350	0.34177
495 C	0.35767	0.30867	0.33366
496 G	0.32684	0.36386	0.30931
497 A	0.30173	0.42271	0.27556
498 T	0.28661	0.44216	0.27123
499 A	0.26272	0.47461	0.26267
500 A	0.24199	0.50359	0.25442
501 A	0.22982	0.51730	0.25288
502 C	0.21941	0.52768	0.25291
503 A	0.21151	0.54423	0.24426
504 A	0.20592	0.56426	0.22982
505 A	0.20069	0.58325	0.21606
506 A	0.19395	0.59816	0.20788
507 T	0.19002	0.60909	0.2009
508 A	0.17548	0.64052	0.184
509 A	0.17223	0.64656	0.18121
510 T	0.17358	0.64048	0.18594
511 A	0.17006	0.64502	0.18493
512 T	0.18143	0.63036	0.18821
513 A	0.17203	0.64418	0.18379
514 A	0.16436	0.64646	0.18918
515 A	0.16094	0.62844	0.21061
516 T	0.17174	0.56090	0.26736
517 A	0.17447	0.53798	0.28755
518 A	0.18055	0.51302	0.30643
519 A	0.20065	0.46906	0.33029
520 T	0.23154	0.41441	0.35405
521 T	0.23395	0.39909	0.36696
522 A	0.23569	0.38198	0.38233
523 G	0.24037	0.35986	0.39976
524 A	0.24288	0.34791	0.40921
525 T	0.24547	0.33389	0.42064
526 A	0.25105	0.32115	0.42781
527 A	0.26663	0.29745	0.43591
528 A	0.28218	0.27275	0.44507
529 A	0.29224	0.25102	0.45674
530 G	0.30258	0.22756	0.46987
531 T	0.32990	0.17778	0.49232
532 T	0.33855	0.15926	0.50219
533 T	0.34297	0.14816	0.50886
534 G	0.34714	0.13614	0.51672
535 A	0.35295	0.12859	0.51846
536 T	0.36583	0.09912	0.53504
537 T	0.37186	0.08769	0.54046
538 T	0.37275	0.08686	0.54039
539 T	0.36524	0.10122	0.53354
540 G	0.35119	0.12678	0.52203
541 T	0.34927	0.13699	0.51373
542 T	0.33349	0.16698	0.49953
543 A	0.30476	0.21999	0.47524
544 T	0.29564	0.25018	0.45418
545 T	0.26805	0.31722	0.41473
546 G	0.20595	0.41335	0.3807
547 A	0.16744	0.47781	0.35475
548 A	0.13265	0.53712	0.33023
549 T	0.12015	0.56818	0.31166
550 A	0.10178	0.62528	0.27293
551 A	0.08992	0.65539	0.25469
552 A	0.08386	0.68132	0.23482
553 A	0.07990	0.70318	0.21692
554 T	0.07805	0.71041	0.21154
555 A	0.07441	0.71871	0.20688
556 A	0.07220	0.72556	0.20224
557 G	0.07143	0.72751	0.20106
558 A	0.07235	0.72736	0.20029
559 A	0.07367	0.72606	0.20027
560 A	0.07882	0.71753	0.20366
561 A	0.08705	0.70262	0.21033
562 G	0.09917	0.67743	0.22341
563 T	0.11678	0.64062	0.24259
564 A	0.12668	0.62205	0.25128
565 G	0.14187	0.58283	0.2753
566 A	0.16623	0.53107	0.3027
567 A	0.19366	0.48898	0.31736
568 T	0.24116	0.40828	0.35056
569 T	0.27473	0.31911	0.40616
570 A	0.29236	0.26938	0.43826
571 G	0.31025	0.22165	0.4681
572 A	0.32825	0.22512	0.44663
573 T	0.36204	0.21495	0.42301
574 A	0.36943	0.26137	0.36921
575 A	0.38386	0.29429	0.32185
576 T	0.40229	0.29527	0.30244
577 T	0.40252	0.32033	0.27715
578 A	0.39412	0.35477	0.25111
579 T	0.39448	0.36459	0.24094
580 T	0.38882	0.38270	0.22848
581 A	0.38042	0.39914	0.22044
582 T	0.37891	0.40477	0.21633
583 T	0.37388	0.41366	0.21246
584 A	0.36728	0.42592	0.2068
585 T	0.36452	0.43155	0.20393
586 G	0.36118	0.43683	0.20199
587 A	0.35938	0.44083	0.19979
588 T	0.35920	0.44183	0.19897
589 T	0.35910	0.44239	0.19851
590 T	0.35850	0.44333	0.19817
591 A	0.35749	0.44449	0.19801
592 A	0.35736	0.44422	0.19841
593 A	0.35891	0.44144	0.19965
594 A	0.36583	0.43165	0.20252
595 A	0.40444	0.39061	0.20495
596 A	0.45535	0.33569	0.20896
597 A	0.52775	0.25430	0.21795
598 T	0.59737	0.17453	0.2281
599 T	0.62509	0.13856	0.23635
600 T	0.64540	0.11192	0.24268
601 T	0.65934	0.08589	0.25476
602 T	0.66674	0.07512	0.25814
603 T	0.67543	0.06047	0.2641
604 T	0.68132	0.04670	0.27197
605 T	0.68443	0.04142	0.27414
606 A	0.68652	0.03593	0.27755
607 T	0.69210	0.02661	0.28129
608 T	0.69443	0.02305	0.28252
609 T	0.69484	0.02380	0.28136
610 T	0.69360	0.03218	0.27422
611 T	0.69076	0.04426	0.26498
612 T	0.68452	0.06595	0.24953
613 T	0.66785	0.10824	0.22391
614 T	0.62788	0.15617	0.21595
615 A	0.51440	0.28596	0.19963
616 A	0.45576	0.34630	0.19793
617 A	0.40236	0.40123	0.19641
618 C	0.37841	0.42538	0.19621
619 A	0.36673	0.43719	0.19609
620 C	0.36231	0.44164	0.19605
621 T	0.36091	0.44309	0.19599
622 C	0.35984	0.44422	0.19594
623 C	0.35931	0.44484	0.19585
624 T	0.35893	0.44546	0.19561
625 C	0.35746	0.44737	0.19516
626 T	0.35584	0.45125	0.19291
627 A	0.34045	0.46892	0.19063
628 G	0.33242	0.47841	0.18916
629 A	0.32680	0.48869	0.18451
630 A	0.32395	0.49342	0.18263
631 A	0.32327	0.49363	0.18309
632 A	0.32799	0.48602	0.18599
633 T	0.33938	0.46873	0.19189
634 A	0.34699	0.45480	0.19822
635 A	0.35977	0.43176	0.20847
636 A	0.38099	0.38947	0.22954
637 A	0.38961	0.33552	0.27486
638 T	0.40529	0.21318	0.38152
639 A	0.40733	0.16405	0.42863
640 G	0.40937	0.11409	0.47654
641 T	0.41081	0.09265	0.49654
642 T	0.41159	0.08198	0.50643
643 T	0.41206	0.07827	0.50967
644 C	0.41255	0.07805	0.50941
645 T	0.41319	0.08189	0.50492
646 A	0.41332	0.09725	0.48942
647 A	0.41354	0.11094	0.47552
648 A	0.41426	0.11505	0.4707
649 T	0.41700	0.11341	0.46958
650 T	0.41916	0.09785	0.48299
651 A	0.42040	0.09418	0.48542
652 T	0.42545	0.08773	0.48682
653 T	0.42727	0.08674	0.486
654 T	0.42742	0.09203	0.48056
655 T	0.42581	0.10159	0.4726
656 T	0.42287	0.11744	0.45969
657 T	0.41960	0.15714	0.42326
658 G	0.41270	0.17370	0.4136
659 A	0.40966	0.19792	0.39241
660 T	0.40807	0.20242	0.3895
661 G	0.40183	0.21207	0.3861
662 C	0.37959	0.23960	0.3808
663 T	0.35732	0.26556	0.37712
664 C	0.29730	0.33608	0.36662
665 G	0.26546	0.37866	0.35588
666 A	0.25152	0.40094	0.34754
667 C	0.24873	0.40789	0.34337
668 A	0.24943	0.41397	0.3366
669 T	0.26056	0.40780	0.33164
670 A	0.26476	0.40731	0.32792
671 T	0.26690	0.40923	0.32388
672 A	0.25769	0.42770	0.31462
673 A	0.24858	0.45309	0.29834
674 T	0.24597	0.46259	0.29143
675 A	0.23382	0.47992	0.28627
676 A	0.22038	0.49820	0.28142
677 A	0.21896	0.50057	0.28048
678 A	0.22190	0.49689	0.28121
679 C	0.23093	0.48564	0.28343
680 A	0.25831	0.45864	0.28305
681 A	0.26742	0.44695	0.28563
682 A	0.28723	0.42546	0.28731
683 A	0.29311	0.41792	0.28897
684 A	0.29900	0.40732	0.29368
685 A	0.30772	0.37140	0.32088
686 A	0.31728	0.33376	0.34896
687 T	0.33737	0.25133	0.4113
688 T	0.34859	0.20720	0.4442
689 T	0.35432	0.18586	0.45982
690 T	0.35633	0.17681	0.46687
691 A	0.35798	0.17018	0.47183
692 T	0.35914	0.16088	0.47998
693 G	0.35612	0.15525	0.48863
694 G	0.35728	0.14890	0.49382
695 A	0.36507	0.13316	0.50177
696 T	0.38086	0.11005	0.50909
697 G	0.38524	0.10388	0.51087
698 A	0.39064	0.08946	0.51991
699 T	0.39736	0.07079	0.53186
700 T	0.39947	0.06493	0.5356
701 T	0.40038	0.06398	0.53564
702 T	0.40069	0.06316	0.53615
703 T	0.40117	0.06120	0.53763
704 T	0.40093	0.06055	0.53852
705 A	0.39996	0.06074	0.5393
706 T	0.39993	0.06003	0.54004
707 T	0.39940	0.06027	0.54033
708 T	0.39864	0.06102	0.54033
709 C	0.39767	0.06232	0.54001
710 T	0.39708	0.06381	0.5391
711 T	0.39640	0.06516	0.53844
712 T	0.39582	0.06644	0.53775
713 T	0.39462	0.06866	0.53672
714 A	0.39279	0.07097	0.53625
715 A	0.39111	0.07103	0.53786
716 T	0.39110	0.06575	0.54316
717 A	0.39162	0.06269	0.54569
718 A	0.39419	0.05852	0.54729
719 G	0.40093	0.05040	0.54868
720 T	0.40910	0.04039	0.55051
721 T	0.41337	0.03517	0.55146
722 T	0.41782	0.03061	0.55157
723 T	0.42045	0.02835	0.5512
724 T	0.42224	0.02886	0.5489
725 T	0.42238	0.03386	0.54376
726 T	0.42125	0.04413	0.53462
727 T	0.41740	0.06745	0.51515
728 T	0.41180	0.08935	0.49886
729 A	0.40160	0.13320	0.4652
730 G	0.39126	0.17405	0.43469
731 A	0.38615	0.19832	0.41553
732 T	0.38596	0.21080	0.40324
733 T	0.38516	0.22535	0.38949
734 T	0.38397	0.23784	0.37819
735 A	0.38184	0.25942	0.35875
736 T	0.38196	0.27581	0.34224
737 A	0.38020	0.29222	0.32757
738 T	0.37946	0.29896	0.32158
739 T	0.37769	0.30877	0.31354
740 A	0.37400	0.32005	0.30594
741 T	0.36239	0.33779	0.29982
742 A	0.33128	0.38160	0.28712
743 A	0.31347	0.40500	0.28153
744 A	0.30444	0.41661	0.27895
745 A	0.29962	0.42302	0.27737
746 A	0.29869	0.42455	0.27676
747 A	0.30195	0.42118	0.27687
748 A	0.30947	0.41280	0.27773
749 A	0.32276	0.39737	0.27987
750 T	0.34808	0.36684	0.28509
751 A	0.36500	0.34426	0.29075
752 A	0.39801	0.30188	0.3001
753 T	0.43336	0.25598	0.31067
754 C	0.45102	0.23260	0.31638
755 T	0.46560	0.21676	0.31765
756 T	0.47798	0.20309	0.31894
757 A	0.48587	0.19410	0.32002
758 C	0.50201	0.17594	0.32205
759 T	0.52163	0.15599	0.32238
760 T	0.53695	0.13764	0.32541
761 T	0.54171	0.13164	0.32665
762 T	0.54509	0.12754	0.32738
763 A	0.54430	0.12872	0.32697
764 A	0.54493	0.11855	0.33652
765 T	0.55373	0.08495	0.36132
766 T	0.55292	0.07169	0.37538
767 T	0.54835	0.07172	0.37992
768 T	0.54048	0.07875	0.38077
769 T	0.52830	0.09600	0.37569
770 C	0.51206	0.11546	0.37248
771 T	0.50115	0.13185	0.367
772 A	0.48685	0.15093	0.36222
773 A	0.48344	0.15730	0.35926
774 T	0.48144	0.16181	0.35676
775 A	0.47805	0.16726	0.35468
776 A	0.47667	0.16891	0.35443
777 T	0.47619	0.16942	0.35439
778 T	0.47525	0.17346	0.35129
779 T	0.47406	0.18028	0.34567
780 A	0.47190	0.18718	0.34092
781 T	0.47006	0.19258	0.33735
782 T	0.46683	0.20088	0.33229
783 A	0.46146	0.21116	0.32738
784 G	0.45822	0.21609	0.32569
785 A	0.45733	0.21867	0.324
786 A	0.45917	0.21420	0.32662
787 A	0.46378	0.20475	0.33147
788 A	0.47066	0.19062	0.33871
789 T	0.47855	0.16754	0.3539
790 T	0.48419	0.14406	0.37176
791 C	0.48856	0.12749	0.38395
792 T	0.49608	0.11355	0.39037
793 T	0.49980	0.10485	0.39535
794 T	0.50252	0.10298	0.3945
795 T	0.50220	0.10122	0.39658
796 T	0.50069	0.10826	0.39105
797 A	0.49534	0.12642	0.37824
798 T	0.48998	0.15244	0.35759
799 A	0.47838	0.18533	0.33628
800 A	0.47224	0.20385	0.32391
801 T	0.46159	0.22423	0.31419
802 A	0.44657	0.24679	0.30664
803 A	0.44275	0.25331	0.30394
804 A	0.44167	0.25780	0.30053
805 T	0.44421	0.25278	0.30301
806 T	0.44358	0.24971	0.3067
807 A	0.43467	0.25759	0.30774
808 T	0.43330	0.25712	0.30958
809 C	0.42518	0.26481	0.31001
810 T	0.41767	0.27266	0.30967
811 T	0.40353	0.28717	0.3093
812 C	0.37134	0.32002	0.30863
813 A	0.34657	0.34692	0.30651
814 A	0.32370	0.37039	0.3059
815 A	0.30995	0.38430	0.30575
816 A	0.30517	0.38882	0.30601
817 T	0.30721	0.38610	0.30669
818 C	0.30802	0.38076	0.31122
819 A	0.31260	0.37355	0.31385
820 A	0.32664	0.35376	0.31961
821 T	0.35438	0.31972	0.32589
822 T	0.37452	0.29097	0.33451
823 A	0.37703	0.28390	0.33907
824 T	0.38454	0.25789	0.35757
825 T	0.38347	0.23905	0.37747
826 A	0.37342	0.24111	0.38547
827 A	0.36411	0.24372	0.39217
828 T	0.35895	0.24247	0.39858
829 A	0.35309	0.24017	0.40673
830 T	0.35078	0.22630	0.42292
831 T	0.34375	0.22587	0.43038
832 T	0.32330	0.23570	0.441
833 T	0.28815	0.26491	0.44693
834 A	0.25301	0.29481	0.45217
835 A	0.23546	0.29070	0.47384
836 A	0.23050	0.27459	0.49491
837 T	0.22852	0.25377	0.51771
838 T	0.22567	0.24298	0.53135
839 A	0.22078	0.24339	0.53583
840 C	0.21721	0.24086	0.54193
841 T	0.21453	0.24887	0.5366
842 T	0.21006	0.26049	0.52945
843 A	0.19981	0.28533	0.51486
844 G	0.19224	0.31393	0.49383
845 T	0.18797	0.32674	0.4853
846 T	0.17553	0.34501	0.47946
847 G	0.15891	0.36960	0.47149
848 A	0.15446	0.37958	0.46595
849 A	0.15232	0.37986	0.46783
850 A	0.15138	0.36870	0.47991
851 T	0.15148	0.35966	0.48886
852 G	0.15048	0.35628	0.49324
853 G	0.14736	0.36207	0.49058
854 A	0.14346	0.38272	0.47382
855 A	0.14010	0.39179	0.46812
856 A	0.13752	0.38867	0.47382
857 A	0.13800	0.39009	0.4719
858 G	0.13864	0.40423	0.45714
859 A	0.13746	0.48381	0.37873
860 A	0.13651	0.55282	0.31067
861 A	0.13685	0.58935	0.2738
862 A	0.13978	0.59980	0.26042
863 A	0.13988	0.60419	0.25592
864 A	0.14837	0.59640	0.25523
865 A	0.15865	0.58437	0.25697
866 A	0.17705	0.55527	0.26768
867 T	0.20508	0.51769	0.27722
868 A	0.21369	0.50334	0.28297
869 T	0.22823	0.47579	0.29597
870 C	0.23344	0.45672	0.30984
871 T	0.23816	0.45049	0.31135
872 T	0.23730	0.45163	0.31107
873 A	0.22949	0.46148	0.30903
874 G	0.22930	0.46362	0.30708
875 A	0.23195	0.46302	0.30504
876 A	0.23986	0.45122	0.30892
877 G	0.26279	0.42319	0.31402
878 A	0.28777	0.39399	0.31824
879 A	0.31946	0.35773	0.32282
880 C	0.36252	0.30874	0.32873
881 A	0.40240	0.26666	0.33094
882 T	0.49684	0.17027	0.33289
883 T	0.56744	0.09807	0.33449
884 T	0.60175	0.06242	0.33582
885 T	0.61191	0.05141	0.33668
886 T	0.61524	0.04342	0.34134
887 G	0.61615	0.04098	0.34287
888 T	0.61824	0.03814	0.34361
889 T	0.61852	0.03726	0.34422
890 T	0.61862	0.03650	0.34487
891 T	0.61856	0.03520	0.34624
892 T	0.61816	0.03446	0.34738
893 T	0.61695	0.03404	0.34901
894 A	0.61416	0.03541	0.35043
895 G	0.61404	0.03209	0.35387
896 C	0.61535	0.02365	0.361
897 T	0.61666	0.02245	0.36089
898 T	0.61569	0.02597	0.35834
899 T	0.60657	0.04220	0.35122
900 A	0.58087	0.08177	0.33736
901 T	0.56885	0.09794	0.33321
902 T	0.52694	0.14642	0.32664
903 A	0.45347	0.23013	0.3164
904 A	0.40922	0.28437	0.30641
905 T	0.38383	0.32314	0.29303
906 A	0.34208	0.37409	0.28383
907 G	0.32155	0.40001	0.27844
908 A	0.31334	0.41272	0.27394
909 T	0.30970	0.41829	0.27201
910 T	0.29978	0.43073	0.26948
911 T	0.29672	0.43443	0.26885
912 T	0.29265	0.43880	0.26856
913 A	0.28554	0.44607	0.26839
914 G	0.28381	0.44709	0.2691
915 T	0.28288	0.44726	0.26986
916 A	0.28283	0.44638	0.27079
917 A	0.28297	0.44437	0.27266
918 A	0.28326	0.44305	0.2737
919 A	0.28384	0.44133	0.27482
920 A	0.28537	0.43707	0.27756
921 A	0.28912	0.42819	0.28268
922 A	0.29775	0.40740	0.29486
923 T	0.31322	0.36454	0.32224
924 A	0.31726	0.34725	0.3355
925 A	0.32364	0.30150	0.37486
926 A	0.33335	0.22452	0.44212
927 A	0.34432	0.16761	0.48807
928 T	0.36045	0.11894	0.52061
929 T	0.37072	0.06855	0.56073
930 T	0.37587	0.04279	0.58135
931 T	0.37872	0.02889	0.59239
932 A	0.37991	0.01963	0.60046
933 G	0.38207	0.00000	0.61792
