# lcl|CP097583.1_cds_USQ93556.1_1
# AA	inside	membr	outside
1 A	0.79526	0.00000	0.20474
2 T	0.79403	0.00123	0.20474
3 G	0.79276	0.00250	0.20474
4 A	0.79276	0.13910	0.06814
5 A	0.75929	0.18613	0.05457
6 T	0.75929	0.18869	0.05202
7 A	0.31753	0.63229	0.05018
8 A	0.31752	0.63232	0.05016
9 C	0.29046	0.65947	0.05007
10 A	0.29040	0.67267	0.03693
11 G	0.28613	0.67729	0.03658
12 T	0.23142	0.73215	0.03643
13 C	0.10765	0.85663	0.03571
14 A	0.10762	0.85667	0.03571
15 A	0.10762	0.86015	0.03223
16 A	0.10474	0.86303	0.03223
17 A	0.10324	0.86460	0.03216
18 C	0.10320	0.86468	0.03212
19 G	0.10235	0.86556	0.03209
20 A	0.09998	0.86839	0.03163
21 T	0.09759	0.87076	0.03165
22 C	0.09822	0.87015	0.03163
23 A	0.09939	0.86911	0.0315
24 A	0.10848	0.86003	0.0315
25 A	0.11462	0.85098	0.0344
26 T	0.12574	0.83681	0.03744
27 T	0.23340	0.72319	0.04341
28 A	0.24131	0.67891	0.07978
29 A	0.24408	0.65790	0.09802
30 T	0.24874	0.25970	0.49156
31 A	0.24855	0.24911	0.50234
32 T	0.24991	0.20809	0.542
33 T	0.25871	0.18439	0.55689
34 T	0.25879	0.18183	0.55939
35 T	0.25826	0.13396	0.60778
36 A	0.25756	0.05582	0.68662
37 G	0.25667	0.05317	0.69017
38 A	0.25694	0.05130	0.69176
39 C	0.25351	0.05551	0.69097
40 A	0.25298	0.05899	0.68803
41 T	0.25279	0.06229	0.68492
42 T	0.25083	0.07772	0.67145
43 G	0.24854	0.08508	0.66638
44 G	0.24739	0.15983	0.59278
45 T	0.24645	0.17943	0.57412
46 A	0.24362	0.21107	0.54531
47 A	0.24112	0.23872	0.52017
48 T	0.24000	0.25669	0.50331
49 T	0.23607	0.45470	0.30923
50 A	0.22238	0.50375	0.27387
51 T	0.21699	0.51786	0.26515
52 A	0.20385	0.54583	0.25032
53 T	0.19930	0.55549	0.24521
54 C	0.19456	0.56531	0.24012
55 G	0.18986	0.59223	0.21791
56 T	0.19427	0.59914	0.20659
57 T	0.19418	0.61055	0.19527
58 G	0.18738	0.64027	0.17235
59 A	0.18050	0.66418	0.15532
60 A	0.16556	0.68523	0.14922
61 A	0.15710	0.69237	0.15053
62 A	0.15946	0.68715	0.15339
63 A	0.16329	0.68227	0.15444
64 A	0.17387	0.67050	0.15563
65 C	0.19085	0.65071	0.15844
66 T	0.20390	0.63591	0.16019
67 A	0.24860	0.59078	0.16062
68 G	0.25917	0.57968	0.16115
69 A	0.28630	0.55197	0.16174
70 G	0.31081	0.52628	0.1629
71 A	0.33165	0.50367	0.16468
72 A	0.50696	0.32223	0.1708
73 T	0.55333	0.25902	0.18765
74 A	0.56946	0.23540	0.19514
75 T	0.59388	0.19438	0.21174
76 C	0.59603	0.18335	0.22062
77 C	0.60411	0.16971	0.22618
78 T	0.61868	0.15389	0.22743
79 T	0.62428	0.14910	0.22663
80 G	0.61698	0.15730	0.22572
81 T	0.62804	0.14763	0.22433
82 T	0.62961	0.14701	0.22337
83 T	0.61340	0.15397	0.23263
84 T	0.56537	0.20323	0.23139
85 T	0.53059	0.24960	0.21981
86 T	0.49413	0.30684	0.19903
87 A	0.42805	0.41276	0.1592
88 A	0.38873	0.45960	0.15166
89 A	0.35722	0.49696	0.14582
90 A	0.32466	0.52924	0.1461
91 G	0.27391	0.57699	0.14909
92 C	0.22251	0.63704	0.14045
93 A	0.19129	0.70016	0.10855
94 A	0.17201	0.75699	0.071
95 A	0.16474	0.77610	0.05916
96 A	0.16246	0.78448	0.05306
97 A	0.16133	0.79068	0.04799
98 A	0.16053	0.78843	0.05104
99 T	0.16057	0.78173	0.0577
100 A	0.15879	0.78520	0.05601
101 A	0.15682	0.78292	0.06026
102 A	0.15295	0.77799	0.06906
103 A	0.14886	0.75593	0.0952
104 A	0.14739	0.71296	0.13965
105 C	0.15332	0.65846	0.18823
106 G	0.15694	0.64731	0.19575
107 A	0.14444	0.68871	0.16686
108 A	0.14034	0.72127	0.13839
109 A	0.14612	0.72610	0.12779
110 G	0.16642	0.70203	0.13154
111 A	0.16340	0.69474	0.14186
112 A	0.16446	0.68062	0.15492
113 A	0.16844	0.66480	0.16676
114 A	0.17266	0.62087	0.20647
115 A	0.18393	0.56689	0.24918
116 A	0.21345	0.50776	0.27879
117 T	0.25267	0.44630	0.30102
118 C	0.26079	0.42895	0.31027
119 C	0.26469	0.42358	0.31173
120 T	0.26780	0.42053	0.31167
121 A	0.26699	0.42229	0.31072
122 A	0.26736	0.42197	0.31067
123 A	0.27019	0.41932	0.31049
124 C	0.27143	0.41343	0.31514
125 A	0.27373	0.40431	0.32197
126 T	0.28047	0.38553	0.334
127 G	0.28324	0.37589	0.34087
128 G	0.28951	0.36822	0.34226
129 A	0.30897	0.34875	0.34228
130 T	0.37683	0.25117	0.37201
131 T	0.42705	0.18112	0.39182
132 G	0.45812	0.13826	0.40362
133 T	0.48541	0.10406	0.41053
134 T	0.50022	0.08053	0.41926
135 T	0.50863	0.06722	0.42415
136 A	0.51707	0.05725	0.42568
137 T	0.52299	0.05012	0.42689
138 T	0.52381	0.05136	0.42483
139 T	0.52425	0.05950	0.41624
140 T	0.52407	0.08646	0.38947
141 T	0.51715	0.14102	0.34184
142 G	0.50251	0.18712	0.31036
143 A	0.49483	0.24362	0.26155
144 T	0.49259	0.31265	0.19476
145 A	0.48816	0.35727	0.15456
146 A	0.48771	0.36063	0.15166
147 T	0.48977	0.35994	0.15029
148 T	0.49110	0.36050	0.14839
149 A	0.48921	0.36386	0.14692
150 C	0.49019	0.36288	0.14693
151 A	0.49210	0.36368	0.14423
152 T	0.49658	0.36136	0.14206
153 T	0.49832	0.36331	0.13837
154 T	0.49940	0.36284	0.13777
155 T	0.49953	0.36415	0.13632
156 A	0.49918	0.36564	0.13517
157 T	0.49777	0.36831	0.13392
158 C	0.49683	0.37128	0.13189
159 A	0.49728	0.38158	0.12114
160 A	0.49928	0.38403	0.11669
161 A	0.50502	0.38190	0.11308
162 A	0.51820	0.37226	0.10954
163 A	0.55487	0.33777	0.10736
164 T	0.61630	0.26961	0.1141
165 A	0.64717	0.22688	0.12595
166 A	0.69004	0.17721	0.13275
167 T	0.75316	0.11115	0.13569
168 T	0.78339	0.07884	0.13776
169 T	0.78656	0.07677	0.13668
170 A	0.78768	0.07521	0.13711
171 T	0.78936	0.07200	0.13864
172 T	0.78960	0.06980	0.1406
173 A	0.78844	0.07109	0.14047
174 C	0.79030	0.06940	0.1403
175 A	0.79230	0.07042	0.13728
176 T	0.79580	0.06705	0.13716
177 A	0.79634	0.06777	0.13589
178 T	0.79823	0.06741	0.13437
179 A	0.79781	0.07368	0.1285
180 C	0.79964	0.07331	0.12705
181 G	0.80218	0.07269	0.12512
182 T	0.81334	0.06173	0.12493
183 T	0.81725	0.05863	0.12413
184 A	0.82015	0.05593	0.12392
185 C	0.82376	0.05226	0.12398
186 C	0.82694	0.04928	0.12378
187 T	0.82964	0.04726	0.1231
188 C	0.83175	0.04560	0.12266
189 T	0.83439	0.04451	0.12111
190 T	0.83544	0.04447	0.12008
191 T	0.83547	0.04537	0.11916
192 A	0.83272	0.04816	0.11912
193 T	0.83108	0.04947	0.11945
194 T	0.82865	0.05131	0.12004
195 A	0.82216	0.05816	0.11968
196 C	0.81582	0.06460	0.11958
197 A	0.81064	0.07457	0.11479
198 A	0.80947	0.07666	0.11387
199 A	0.80015	0.08818	0.11167
200 A	0.79597	0.09370	0.11033
201 A	0.79693	0.09272	0.11035
202 C	0.80185	0.08589	0.11226
203 A	0.80522	0.08231	0.11247
204 A	0.80875	0.07847	0.11278
205 C	0.81078	0.07610	0.11312
206 C	0.81209	0.07463	0.11327
207 T	0.81311	0.07359	0.11329
208 C	0.81343	0.07318	0.1134
209 T	0.81452	0.07215	0.11334
210 T	0.81510	0.07171	0.11318
211 T	0.81510	0.07202	0.11287
212 T	0.81502	0.07172	0.11326
213 T	0.81411	0.07217	0.11371
214 A	0.81316	0.07069	0.11615
215 G	0.81289	0.06579	0.12132
216 C	0.81248	0.06282	0.1247
217 A	0.81261	0.06090	0.12649
218 A	0.81359	0.05543	0.13098
219 T	0.81537	0.04802	0.13661
220 G	0.81863	0.04074	0.14063
221 A	0.81945	0.03764	0.14291
222 G	0.82163	0.02471	0.15366
223 C	0.82317	0.01704	0.15978
224 A	0.82346	0.01608	0.16046
225 T	0.82380	0.01521	0.16099
226 T	0.82398	0.01538	0.16064
227 T	0.82402	0.01694	0.15904
228 A	0.82394	0.01951	0.15654
229 T	0.82403	0.01851	0.15746
230 T	0.82402	0.01799	0.158
231 T	0.82310	0.01824	0.15865
232 G	0.82188	0.01881	0.15931
233 C	0.82139	0.01860	0.16001
234 T	0.82137	0.01850	0.16014
235 T	0.82103	0.01857	0.16041
236 C	0.82025	0.01920	0.16055
237 T	0.81991	0.02126	0.15884
238 A	0.81908	0.02568	0.15524
239 T	0.81742	0.03299	0.14959
240 G	0.80826	0.04995	0.14178
241 T	0.80228	0.06216	0.13555
242 A	0.79553	0.07269	0.13178
243 T	0.78843	0.08191	0.12967
244 G	0.78026	0.09028	0.12946
245 G	0.77657	0.09422	0.12921
246 T	0.77508	0.09603	0.12889
247 A	0.77278	0.09916	0.12806
248 C	0.77170	0.10089	0.12742
249 A	0.77119	0.10463	0.12418
250 A	0.77171	0.10694	0.12135
251 T	0.77338	0.10612	0.12049
252 A	0.77310	0.10651	0.12039
253 T	0.77293	0.10658	0.1205
254 T	0.77278	0.10533	0.12189
255 T	0.77139	0.10528	0.12333
256 C	0.76736	0.10850	0.12415
257 C	0.76457	0.11122	0.12421
258 A	0.76021	0.11603	0.12375
259 A	0.75338	0.12290	0.12371
260 A	0.75175	0.12457	0.12368
261 A	0.75435	0.12171	0.12394
262 G	0.76224	0.11173	0.12603
263 T	0.77248	0.09083	0.1367
264 T	0.77736	0.07837	0.14428
265 A	0.77807	0.07247	0.14947
266 T	0.77727	0.06788	0.15484
267 T	0.75256	0.09366	0.15379
268 G	0.68194	0.17666	0.14141
269 A	0.64121	0.22663	0.13216
270 A	0.62763	0.24332	0.12904
271 A	0.61392	0.25985	0.12623
272 A	0.60750	0.26475	0.12775
273 T	0.60387	0.26673	0.1294
274 T	0.58795	0.28178	0.13027
275 A	0.57373	0.29540	0.13086
276 C	0.56537	0.30237	0.13225
277 A	0.56078	0.30686	0.13236
278 G	0.55830	0.30802	0.13368
279 T	0.55701	0.30684	0.13616
280 A	0.55564	0.30638	0.13798
281 T	0.55541	0.30382	0.14077
282 G	0.55454	0.29746	0.148
283 C	0.55398	0.29466	0.15136
284 C	0.55363	0.29412	0.15224
285 A	0.55372	0.29467	0.15161
286 G	0.55442	0.29457	0.15101
287 A	0.55659	0.29245	0.15097
288 T	0.56113	0.28710	0.15177
289 G	0.56397	0.28113	0.15491
290 A	0.57151	0.24216	0.18633
291 T	0.58707	0.15527	0.25766
292 T	0.59523	0.10563	0.29914
293 A	0.59819	0.09020	0.31161
294 T	0.60122	0.07230	0.32648
295 T	0.60152	0.06182	0.33667
296 A	0.60078	0.05712	0.34211
297 T	0.59924	0.04376	0.35701
298 G	0.59681	0.03760	0.36559
299 T	0.59601	0.03561	0.36839
300 T	0.59273	0.04500	0.36227
301 G	0.58287	0.07271	0.34442
302 T	0.57996	0.09341	0.32662
303 G	0.57277	0.12439	0.30284
304 G	0.55952	0.18879	0.25169
305 A	0.55447	0.25516	0.19037
306 A	0.55196	0.29676	0.15127
307 G	0.54676	0.30902	0.14422
308 G	0.54625	0.31364	0.14011
309 T	0.54578	0.31492	0.1393
310 T	0.54177	0.31932	0.13892
311 C	0.53662	0.32511	0.13827
312 A	0.53244	0.33015	0.13741
313 C	0.53085	0.33214	0.13701
314 C	0.52891	0.33519	0.1359
315 T	0.52442	0.34234	0.13323
316 A	0.51939	0.35072	0.12988
317 A	0.51709	0.35346	0.12946
318 T	0.51687	0.35386	0.12927
319 G	0.51412	0.35572	0.13016
320 G	0.51338	0.35339	0.13324
321 C	0.51503	0.34728	0.13769
322 A	0.51743	0.34401	0.13856
323 A	0.52567	0.33270	0.14162
324 C	0.54171	0.30915	0.14914
325 A	0.55075	0.30440	0.14485
326 G	0.57150	0.28216	0.14634
327 T	0.61632	0.22986	0.15381
328 A	0.64158	0.20822	0.15019
329 A	0.65924	0.19670	0.14406
330 T	0.65898	0.19990	0.14112
331 A	0.63441	0.24311	0.12249
332 A	0.60788	0.28681	0.1053
333 A	0.57703	0.33797	0.08501
334 T	0.56367	0.34781	0.08851
335 T	0.53426	0.37927	0.08647
336 A	0.47174	0.44305	0.08521
337 A	0.43020	0.48214	0.08766
338 C	0.40655	0.49936	0.09409
339 A	0.36761	0.53537	0.09703
340 C	0.31840	0.58305	0.09855
341 C	0.28630	0.61723	0.09647
342 A	0.24651	0.67046	0.08303
343 G	0.22185	0.70389	0.07426
344 A	0.21004	0.72170	0.06826
345 A	0.19462	0.74019	0.06518
346 A	0.18572	0.74939	0.06489
347 A	0.18200	0.74253	0.07547
348 T	0.18227	0.72329	0.09445
349 A	0.17563	0.72288	0.10148
350 A	0.17003	0.72389	0.10607
351 A	0.17102	0.71692	0.11207
352 A	0.17518	0.71480	0.11003
353 A	0.18173	0.70608	0.11219
354 A	0.19806	0.67011	0.13183
355 A	0.21525	0.63055	0.1542
356 T	0.23775	0.57381	0.18844
357 G	0.23815	0.56374	0.19811
358 A	0.24236	0.54318	0.21447
359 T	0.24630	0.49045	0.26325
360 T	0.24615	0.46112	0.29273
361 A	0.24595	0.44873	0.30532
362 A	0.25010	0.41386	0.33604
363 T	0.25625	0.35909	0.38466
364 A	0.25953	0.32769	0.41278
365 T	0.27241	0.27608	0.45151
366 T	0.27866	0.25066	0.47067
367 A	0.28111	0.23989	0.479
368 T	0.28297	0.22222	0.49481
369 T	0.28378	0.21292	0.50331
370 A	0.28002	0.21636	0.50362
371 T	0.27579	0.21821	0.50599
372 A	0.26608	0.23182	0.50211
373 G	0.25271	0.24685	0.50044
374 A	0.25308	0.24917	0.49775
375 A	0.26741	0.23600	0.49659
376 T	0.28154	0.22256	0.4959
377 G	0.29334	0.21613	0.49053
378 T	0.30541	0.21720	0.4774
379 A	0.30910	0.24491	0.44598
380 T	0.31398	0.26042	0.42561
381 T	0.29256	0.31514	0.39229
382 A	0.25471	0.43339	0.31191
383 G	0.20681	0.55179	0.2414
384 T	0.17930	0.63072	0.18998
385 A	0.14305	0.70644	0.15051
386 A	0.10284	0.76545	0.13171
387 A	0.07777	0.80258	0.11965
388 A	0.06590	0.81877	0.11532
389 T	0.06217	0.82307	0.11476
390 G	0.05343	0.83301	0.11356
391 A	0.05160	0.83898	0.10942
392 A	0.05351	0.83743	0.10907
393 A	0.05832	0.82849	0.11318
394 A	0.06189	0.81689	0.12123
395 A	0.07106	0.79693	0.13201
396 T	0.08056	0.77145	0.14799
397 C	0.08578	0.75833	0.15588
398 G	0.08997	0.75213	0.15791
399 A	0.09524	0.74574	0.15902
400 A	0.10342	0.73741	0.15916
401 A	0.11800	0.72109	0.1609
402 A	0.15388	0.68211	0.164
403 G	0.18275	0.63628	0.18096
404 A	0.22281	0.55482	0.22236
405 A	0.31254	0.42144	0.26602
406 T	0.40279	0.26850	0.32872
407 T	0.45285	0.19122	0.35593
408 T	0.47852	0.14559	0.3759
409 A	0.48634	0.12426	0.38941
410 T	0.49381	0.10623	0.39996
411 T	0.49377	0.12076	0.38547
412 G	0.49292	0.16057	0.34652
413 A	0.49176	0.27244	0.2358
414 T	0.49443	0.32161	0.18396
415 A	0.48989	0.41022	0.09989
416 T	0.48657	0.44333	0.07011
417 T	0.46309	0.47263	0.06428
418 A	0.43431	0.50639	0.0593
419 A	0.42600	0.51494	0.05905
420 T	0.42371	0.51664	0.05965
421 C	0.41819	0.52162	0.0602
422 G	0.41161	0.52827	0.06012
423 C	0.40695	0.53294	0.0601
424 C	0.40326	0.53716	0.05957
425 A	0.39133	0.55052	0.05815
426 A	0.38205	0.56000	0.05795
427 C	0.37981	0.56245	0.05774
428 A	0.37771	0.56539	0.0569
429 A	0.37462	0.56873	0.05666
430 C	0.37743	0.56529	0.05728
431 G	0.38580	0.55659	0.05761
432 A	0.40720	0.53472	0.05807
433 G	0.43261	0.50747	0.05993
434 C	0.46765	0.46942	0.06293
435 A	0.51959	0.41702	0.06339
436 T	0.64940	0.28348	0.06712
437 A	0.69390	0.23717	0.06892
438 T	0.76378	0.16054	0.07568
439 T	0.77747	0.14305	0.07948
440 T	0.76973	0.12465	0.10562
441 T	0.73292	0.13877	0.12832
442 C	0.62504	0.23967	0.13529
443 A	0.56685	0.30221	0.13093
444 A	0.48560	0.38698	0.12742
445 A	0.44922	0.42001	0.13077
446 C	0.42175	0.44264	0.13561
447 T	0.39781	0.46684	0.13535
448 A	0.36115	0.49553	0.14333
449 G	0.35023	0.50273	0.14704
450 A	0.34492	0.50761	0.14746
451 T	0.34350	0.50614	0.15036
452 A	0.33954	0.50275	0.15771
453 T	0.33619	0.49904	0.16477
454 C	0.32795	0.50326	0.16879
455 C	0.31582	0.51479	0.1694
456 C	0.29782	0.53289	0.1693
457 C	0.29162	0.54010	0.16828
458 T	0.28696	0.54867	0.16437
459 T	0.27891	0.56442	0.15667
460 G	0.25522	0.60039	0.14439
461 A	0.23966	0.62822	0.13212
462 A	0.20111	0.68172	0.11717
463 A	0.17563	0.70254	0.12183
464 A	0.16875	0.66145	0.1698
465 A	0.15826	0.57413	0.2676
466 A	0.15048	0.53502	0.3145
467 T	0.14240	0.49221	0.36539
468 G	0.11298	0.52939	0.35763
469 A	0.10071	0.57317	0.32612
470 A	0.08922	0.63032	0.28046
471 A	0.08184	0.65815	0.26001
472 G	0.07628	0.68854	0.23518
473 A	0.06762	0.76271	0.16967
474 A	0.06339	0.82713	0.10948
475 A	0.06070	0.83045	0.10885
476 A	0.05804	0.83119	0.11077
477 A	0.05555	0.82582	0.11863
478 A	0.05468	0.81122	0.13409
479 C	0.05566	0.78767	0.15667
480 G	0.05746	0.78435	0.1582
481 A	0.06216	0.78671	0.15112
482 A	0.07027	0.78074	0.14899
483 G	0.08127	0.76056	0.15817
484 A	0.09042	0.74926	0.16033
485 A	0.10465	0.70239	0.19295
486 T	0.12211	0.66353	0.21435
487 A	0.12882	0.66547	0.2057
488 A	0.14122	0.66463	0.19415
489 A	0.16474	0.63627	0.19898
490 T	0.21048	0.57179	0.21772
491 T	0.24421	0.51461	0.24119
492 A	0.27451	0.48464	0.24085
493 G	0.32670	0.43265	0.24065
494 A	0.36733	0.41656	0.21611
495 A	0.39963	0.40828	0.19209
496 T	0.46414	0.33924	0.19662
497 T	0.50237	0.29781	0.19983
498 T	0.47783	0.32116	0.201
499 A	0.42284	0.37574	0.20142
500 C	0.38069	0.41682	0.20249
501 C	0.32830	0.47180	0.1999
502 G	0.25352	0.56175	0.18473
503 A	0.21921	0.60644	0.17436
504 A	0.21362	0.62835	0.15803
505 A	0.20336	0.65545	0.14119
506 T	0.20744	0.65727	0.13529
507 A	0.20967	0.65883	0.1315
508 G	0.21630	0.65429	0.12941
509 A	0.22484	0.64522	0.12994
510 A	0.24394	0.62404	0.13202
511 T	0.27117	0.59163	0.1372
512 T	0.28292	0.57544	0.14164
513 C	0.27154	0.58427	0.1442
514 G	0.25557	0.60294	0.14149
515 A	0.24903	0.61494	0.13602
516 A	0.24472	0.62572	0.12956
517 G	0.26282	0.61137	0.12581
518 A	0.28697	0.59140	0.12163
519 T	0.29147	0.57482	0.1337
520 A	0.28614	0.56457	0.14929
521 T	0.28258	0.53294	0.18447
522 G	0.25538	0.51298	0.23164
523 A	0.23162	0.50752	0.26087
524 A	0.21936	0.47845	0.30219
525 T	0.22588	0.40146	0.37266
526 G	0.22494	0.36724	0.40781
527 A	0.23129	0.34561	0.42309
528 C	0.23458	0.32412	0.44129
529 C	0.22952	0.32842	0.44206
530 C	0.22636	0.34043	0.43321
531 A	0.21896	0.40080	0.38024
532 A	0.21193	0.44583	0.34225
533 T	0.19991	0.50324	0.29685
534 G	0.19008	0.58942	0.2205
535 A	0.17336	0.66127	0.16537
536 A	0.16065	0.68406	0.15529
537 A	0.14752	0.69438	0.1581
538 A	0.14590	0.69037	0.16373
539 A	0.12835	0.70842	0.16323
540 A	0.12037	0.72717	0.15246
541 A	0.12256	0.72978	0.14766
542 T	0.12737	0.72163	0.151
543 A	0.12276	0.72935	0.14788
544 A	0.11923	0.72608	0.15469
545 T	0.11882	0.70211	0.17907
546 A	0.11180	0.68726	0.20093
547 A	0.10642	0.67900	0.21459
548 C	0.10361	0.66819	0.22819
549 A	0.10155	0.66471	0.23373
550 G	0.10102	0.65598	0.243
551 A	0.10330	0.64203	0.25467
552 C	0.10908	0.62556	0.26537
553 G	0.12445	0.60647	0.26908
554 A	0.18307	0.53770	0.27923
555 A	0.23229	0.47837	0.28934
556 C	0.28780	0.40201	0.31019
557 T	0.36439	0.32030	0.3153
558 T	0.40734	0.26175	0.33091
559 A	0.42512	0.24197	0.3329
560 T	0.43809	0.22069	0.34122
561 A	0.44157	0.22470	0.33373
562 A	0.44312	0.20694	0.34995
563 T	0.45182	0.19557	0.35261
564 T	0.45124	0.22466	0.32411
565 A	0.41735	0.32927	0.25339
566 A	0.40336	0.37226	0.22438
567 A	0.39324	0.41386	0.1929
568 T	0.38859	0.42708	0.18433
569 G	0.37985	0.43791	0.18225
570 T	0.37867	0.44529	0.17604
571 T	0.37533	0.45880	0.16588
572 T	0.36802	0.47685	0.15513
573 T	0.35393	0.49736	0.14871
574 G	0.33226	0.52402	0.14372
575 A	0.32197	0.53475	0.14328
576 A	0.31398	0.54318	0.14285
577 A	0.30971	0.54765	0.14264
578 A	0.30834	0.54898	0.14267
579 C	0.30727	0.54983	0.1429
580 A	0.30595	0.55180	0.14225
581 A	0.30817	0.54981	0.14203
582 A	0.31516	0.54269	0.14216
583 A	0.32197	0.53573	0.14229
584 A	0.33632	0.51957	0.14412
585 A	0.35574	0.48523	0.15903
586 G	0.38081	0.44105	0.17814
587 A	0.42252	0.38668	0.1908
588 T	0.50370	0.27254	0.22375
589 A	0.53845	0.22074	0.24081
590 T	0.58579	0.16065	0.25356
591 T	0.60836	0.12857	0.26307
592 T	0.61886	0.10327	0.27786
593 T	0.62416	0.08847	0.28738
594 T	0.62875	0.07449	0.29676
595 T	0.63060	0.06364	0.30576
596 C	0.63023	0.05189	0.31788
597 T	0.63096	0.04495	0.32409
598 A	0.62505	0.05134	0.32362
599 T	0.61772	0.05487	0.32741
600 T	0.60502	0.06536	0.32962
601 G	0.59380	0.07731	0.32889
602 A	0.58887	0.08401	0.32712
603 C	0.58671	0.08533	0.32796
604 G	0.58499	0.09165	0.32335
605 A	0.58436	0.10349	0.31215
606 A	0.58508	0.11167	0.30325
607 G	0.58588	0.11677	0.29735
608 A	0.58680	0.11988	0.29332
609 T	0.58867	0.11778	0.29356
610 T	0.58929	0.11771	0.29299
611 G	0.58959	0.11940	0.29102
612 T	0.59030	0.11994	0.28976
613 C	0.59015	0.12469	0.28516
614 G	0.59038	0.13270	0.27691
615 T	0.59074	0.13661	0.27265
616 T	0.59067	0.14166	0.26767
617 A	0.59047	0.14718	0.26235
618 T	0.59097	0.14948	0.25955
619 G	0.59049	0.15339	0.25612
620 A	0.59197	0.15004	0.25798
621 A	0.59598	0.13889	0.26512
622 T	0.59795	0.12587	0.27618
623 G	0.59889	0.11249	0.28863
624 C	0.60119	0.10263	0.29617
625 A	0.60529	0.09696	0.29775
626 T	0.60858	0.09232	0.2991
627 A	0.61079	0.08928	0.29993
628 C	0.62188	0.07771	0.30041
629 C	0.62968	0.07255	0.29777
630 T	0.63511	0.08056	0.28433
631 A	0.63728	0.10037	0.26236
632 A	0.63811	0.12138	0.24052
633 A	0.63983	0.13006	0.23012
634 T	0.64378	0.13135	0.22487
635 A	0.64611	0.12995	0.22394
636 T	0.65547	0.12029	0.22424
637 T	0.66218	0.11400	0.22383
638 T	0.66355	0.11345	0.223
639 C	0.66161	0.11492	0.22347
640 A	0.66075	0.11558	0.22368
641 A	0.66186	0.11425	0.22388
642 T	0.66676	0.10871	0.22453
643 C	0.66649	0.10874	0.22478
644 C	0.66619	0.10912	0.2247
645 T	0.66546	0.11057	0.22397
646 A	0.66177	0.11455	0.22368
647 G	0.65044	0.12617	0.22339
648 A	0.62683	0.15046	0.2227
649 A	0.61758	0.15966	0.22276
650 C	0.61083	0.16419	0.22497
651 A	0.60715	0.16774	0.22512
652 G	0.60876	0.16539	0.22586
653 C	0.62224	0.15160	0.22617
654 A	0.64162	0.13306	0.22531
655 T	0.66094	0.11458	0.22449
656 A	0.66367	0.11199	0.22434
657 T	0.66642	0.10872	0.22487
658 T	0.66419	0.11024	0.22557
659 A	0.65757	0.11549	0.22694
660 C	0.65480	0.11509	0.23011
661 T	0.65312	0.11532	0.23156
662 T	0.64773	0.11831	0.23396
663 T	0.63240	0.13163	0.23597
664 C	0.60386	0.16000	0.23613
665 C	0.57552	0.18902	0.23547
666 A	0.54055	0.22797	0.23148
667 A	0.51936	0.25254	0.22811
668 A	0.51103	0.26206	0.22691
669 A	0.50875	0.26382	0.22743
670 G	0.50823	0.25384	0.23793
671 G	0.50841	0.22905	0.26253
672 A	0.50830	0.21920	0.27249
673 T	0.50842	0.21104	0.28055
674 T	0.50798	0.20875	0.28327
675 A	0.50659	0.21053	0.28287
676 A	0.50623	0.21034	0.28343
677 A	0.50655	0.20798	0.28546
678 A	0.50699	0.20467	0.28834
679 T	0.50752	0.19683	0.29564
680 T	0.50758	0.19477	0.29765
681 A	0.50725	0.19362	0.29913
682 G	0.50717	0.18873	0.3041
683 T	0.50692	0.18940	0.30368
684 A	0.50468	0.20108	0.29424
685 A	0.49940	0.20986	0.29074
686 G	0.49527	0.20269	0.30204
687 T	0.49415	0.18518	0.32067
688 A	0.48985	0.17800	0.33216
689 G	0.49355	0.14720	0.35925
690 T	0.49753	0.12919	0.37329
691 T	0.49880	0.12549	0.3757
692 T	0.49932	0.12520	0.37548
693 T	0.49922	0.12651	0.37427
694 A	0.49945	0.12600	0.37455
695 A	0.49987	0.12510	0.37503
696 A	0.50071	0.12371	0.37558
697 T	0.50400	0.11928	0.37673
698 T	0.50719	0.11455	0.37825
699 T	0.50849	0.11259	0.37893
700 A	0.50906	0.11158	0.37936
701 C	0.50964	0.11048	0.37988
702 C	0.51022	0.10976	0.38002
703 G	0.51195	0.10795	0.3801
704 A	0.51497	0.10480	0.38023
705 A	0.51986	0.09971	0.38044
706 A	0.52834	0.09105	0.38062
707 T	0.54729	0.07001	0.3827
708 A	0.56139	0.04989	0.38871
709 T	0.57326	0.03229	0.39446
710 A	0.58102	0.02160	0.39737
711 A	0.59633	0.00000	0.40367
