# lcl|CP097583.1_cds_USQ93440.1_1
# AA	inside	membr	outside
1 A	0.14073	0.00000	0.85927
2 T	0.13993	0.00080	0.85927
3 G	0.13915	0.00158	0.85927
4 A	0.13915	0.01641	0.84444
5 A	0.13359	0.03151	0.8349
6 A	0.13359	0.03266	0.83375
7 G	0.12848	0.03837	0.83315
8 T	0.12848	0.03838	0.83315
9 A	0.12791	0.03897	0.83312
10 A	0.12791	0.04061	0.83148
11 T	0.12785	0.04072	0.83143
12 C	0.12659	0.04202	0.8314
13 G	0.12534	0.04380	0.83086
14 T	0.12534	0.04380	0.83086
15 A	0.12534	0.06449	0.81017
16 A	0.12516	0.06467	0.81017
17 T	0.12495	0.06517	0.80988
18 A	0.12494	0.06619	0.80887
19 G	0.12479	0.06673	0.80848
20 G	0.12449	0.07205	0.80345
21 T	0.12394	0.07253	0.80354
22 T	0.12463	0.07299	0.80238
23 G	0.12528	0.07558	0.79914
24 T	0.12773	0.07412	0.79815
25 A	0.12835	0.07406	0.79759
26 A	0.12889	0.07313	0.79798
27 T	0.13964	0.06132	0.79903
28 C	0.14620	0.05029	0.80351
29 A	0.14672	0.04997	0.8033
30 T	0.14741	0.04648	0.80612
31 T	0.14654	0.04835	0.80511
32 C	0.14441	0.05160	0.80399
33 T	0.14087	0.06018	0.79895
34 G	0.13474	0.06684	0.79842
35 G	0.13231	0.06928	0.79841
36 A	0.12791	0.07355	0.79854
37 A	0.12670	0.07479	0.79851
38 C	0.14307	0.05814	0.79879
39 A	0.14205	0.05907	0.79887
40 G	0.14329	0.05754	0.79916
41 C	0.14485	0.05586	0.79928
42 T	0.14491	0.05582	0.79926
43 G	0.14658	0.05416	0.79926
44 C	0.14363	0.05715	0.79922
45 A	0.14318	0.05879	0.79803
46 G	0.14307	0.05956	0.79737
47 T	0.14334	0.06020	0.79646
48 T	0.14267	0.06212	0.79522
49 A	0.13545	0.07035	0.7942
50 G	0.12808	0.07811	0.7938
51 A	0.12550	0.08102	0.79348
52 A	0.11775	0.08883	0.79342
53 C	0.11349	0.09163	0.79487
54 A	0.11044	0.09501	0.79455
55 A	0.11030	0.09421	0.79549
56 T	0.11372	0.08744	0.79884
57 G	0.10880	0.08826	0.80294
58 T	0.10406	0.09209	0.80384
59 T	0.09558	0.09765	0.80677
60 G	0.08146	0.11558	0.80297
61 A	0.07144	0.13078	0.79778
62 A	0.06115	0.14543	0.79342
63 A	0.05444	0.15656	0.789
64 A	0.04820	0.16694	0.78487
65 A	0.04491	0.16937	0.78572
66 A	0.04186	0.17122	0.78692
67 A	0.04066	0.16906	0.79028
68 A	0.04053	0.16661	0.79286
69 C	0.04066	0.16128	0.79806
70 G	0.04100	0.15911	0.79989
71 A	0.04183	0.15665	0.80152
72 A	0.04276	0.15136	0.80588
73 G	0.04396	0.14480	0.81124
74 A	0.04538	0.14179	0.81283
75 T	0.04724	0.13045	0.8223
76 A	0.04745	0.12580	0.82676
77 T	0.04824	0.12041	0.83135
78 T	0.04747	0.12132	0.83121
79 A	0.04392	0.12796	0.82812
80 A	0.04190	0.12666	0.83144
81 A	0.04129	0.12291	0.8358
82 G	0.04248	0.11327	0.84425
83 T	0.04788	0.09827	0.85386
84 A	0.05155	0.09476	0.85369
85 A	0.05503	0.09463	0.85034
86 A	0.05896	0.09186	0.84918
87 T	0.06293	0.08890	0.84817
88 A	0.06273	0.09183	0.84543
89 T	0.06293	0.09238	0.84469
90 T	0.06260	0.09424	0.84316
91 T	0.06200	0.09921	0.8388
92 A	0.06099	0.10439	0.83461
93 T	0.06043	0.10580	0.83376
94 G	0.05970	0.10794	0.83236
95 A	0.05921	0.10946	0.83133
96 A	0.05858	0.11053	0.83089
97 A	0.05841	0.11074	0.83085
98 A	0.05859	0.11039	0.83102
99 A	0.06037	0.10801	0.83162
100 A	0.06171	0.10577	0.83252
101 A	0.06498	0.10051	0.83451
102 T	0.07075	0.09074	0.83851
103 G	0.07333	0.08570	0.84096
104 A	0.07697	0.08063	0.8424
105 T	0.08123	0.07512	0.84365
106 A	0.08414	0.07160	0.84426
107 A	0.09123	0.06295	0.84582
108 T	0.10428	0.04858	0.84714
109 G	0.11137	0.04064	0.84799
110 T	0.12052	0.03081	0.84868
111 T	0.12714	0.02328	0.84958
112 T	0.13125	0.01832	0.85042
113 C	0.13320	0.01564	0.85116
114 T	0.13796	0.01059	0.85145
115 T	0.14104	0.00712	0.85184
116 T	0.14198	0.00601	0.85201
117 T	0.14266	0.00509	0.85226
118 T	0.14278	0.00469	0.85253
119 T	0.14221	0.00444	0.85334
120 A	0.14068	0.00550	0.85382
121 T	0.13995	0.00590	0.85415
122 C	0.13890	0.00678	0.85432
123 T	0.13827	0.00739	0.85434
124 T	0.13719	0.00846	0.85434
125 G	0.13645	0.00920	0.85435
126 C	0.13609	0.00956	0.85434
127 G	0.13594	0.00980	0.85426
128 G	0.13592	0.00992	0.85416
129 T	0.13601	0.00994	0.85405
130 A	0.13596	0.01000	0.85403
131 T	0.13596	0.01002	0.85403
132 A	0.13592	0.01005	0.85403
133 G	0.13590	0.01004	0.85406
134 C	0.13600	0.00990	0.8541
135 T	0.13619	0.00972	0.85409
136 T	0.13616	0.00977	0.85407
137 T	0.13596	0.01003	0.85401
138 A	0.13532	0.01085	0.85383
139 T	0.13482	0.01151	0.85367
140 A	0.13411	0.01201	0.85388
141 T	0.13339	0.01229	0.85433
142 A	0.13227	0.01270	0.85503
143 T	0.13141	0.01180	0.85678
144 T	0.12768	0.01455	0.85777
145 G	0.11474	0.02672	0.85854
146 G	0.10564	0.03534	0.85902
147 C	0.10097	0.03952	0.85951
148 G	0.09866	0.04275	0.85859
149 G	0.09721	0.04509	0.8577
150 C	0.09658	0.04642	0.857
151 A	0.09626	0.04846	0.85528
152 T	0.09617	0.04998	0.85385
153 A	0.09580	0.05117	0.85303
154 G	0.09563	0.05166	0.85271
155 T	0.09555	0.05204	0.85241
156 T	0.09532	0.05239	0.85228
157 A	0.09454	0.05343	0.85203
158 A	0.09419	0.05379	0.85203
159 A	0.09398	0.05383	0.85219
160 G	0.09389	0.05349	0.85262
161 A	0.09395	0.05281	0.85323
162 T	0.09415	0.05181	0.85404
163 A	0.09418	0.05089	0.85493
164 G	0.09426	0.04958	0.85616
165 A	0.09431	0.04816	0.85753
166 A	0.09433	0.04678	0.85888
167 A	0.09444	0.04277	0.86279
168 A	0.09484	0.03042	0.87475
169 G	0.09530	0.02091	0.88379
170 G	0.09623	0.01563	0.88814
171 T	0.09865	0.01158	0.88977
172 T	0.10012	0.01059	0.88928
173 T	0.10088	0.01150	0.88761
174 A	0.10153	0.01172	0.88674
175 T	0.10253	0.01088	0.8866
176 T	0.10283	0.01100	0.88618
177 T	0.10266	0.01373	0.88361
178 T	0.10212	0.01494	0.88294
179 A	0.10118	0.01632	0.8825
180 T	0.10001	0.01743	0.88256
181 T	0.09387	0.02402	0.88211
182 C	0.08721	0.03157	0.88122
183 T	0.08327	0.03714	0.87959
184 A	0.07839	0.04219	0.87942
185 G	0.07529	0.04535	0.87937
186 T	0.07360	0.04707	0.87933
187 G	0.07088	0.04997	0.87914
188 C	0.06975	0.05113	0.87912
189 T	0.06902	0.05238	0.8786
190 G	0.06798	0.05420	0.87782
191 A	0.06747	0.05512	0.8774
192 A	0.06734	0.05553	0.87713
193 G	0.06742	0.05578	0.87681
194 A	0.06801	0.05540	0.87659
195 A	0.06995	0.05363	0.87642
196 T	0.07251	0.05109	0.8764
197 T	0.07361	0.05005	0.87634
198 A	0.07336	0.05045	0.87618
199 A	0.07321	0.05069	0.8761
200 A	0.07500	0.04841	0.87659
201 T	0.07583	0.04638	0.87778
202 A	0.07622	0.04448	0.8793
203 A	0.07684	0.04163	0.88154
204 T	0.07684	0.03414	0.88902
205 T	0.07587	0.02863	0.8955
206 T	0.07186	0.03013	0.898
207 A	0.06724	0.03300	0.89976
208 G	0.06385	0.03375	0.9024
209 G	0.06219	0.03378	0.90403
210 T	0.06184	0.03188	0.90628
211 G	0.06017	0.03311	0.90673
212 C	0.05702	0.03710	0.90588
213 T	0.05461	0.04504	0.90036
214 A	0.04929	0.05613	0.89458
215 A	0.04610	0.06111	0.89279
216 T	0.04496	0.06370	0.89135
217 G	0.04324	0.06668	0.89008
218 T	0.04246	0.06848	0.88907
219 A	0.04081	0.07170	0.88748
220 A	0.03989	0.07352	0.88659
221 A	0.03937	0.07444	0.88619
222 A	0.03893	0.07520	0.88587
223 T	0.03866	0.07565	0.8857
224 T	0.03765	0.07684	0.88551
225 A	0.03628	0.07789	0.88583
226 A	0.03524	0.07812	0.88665
227 A	0.03493	0.07607	0.889
228 A	0.03479	0.07383	0.89138
229 C	0.03534	0.06788	0.89678
230 A	0.03650	0.06398	0.89952
231 T	0.03687	0.06058	0.90255
232 G	0.03683	0.05899	0.90418
233 A	0.03721	0.05821	0.90459
234 A	0.03814	0.05618	0.90568
235 G	0.04078	0.04891	0.91031
236 T	0.04707	0.03877	0.91415
237 T	0.05272	0.02729	0.91999
238 G	0.05343	0.02525	0.92133
239 T	0.05423	0.02718	0.9186
240 T	0.05234	0.03741	0.91026
241 A	0.04656	0.05785	0.89559
242 A	0.04404	0.06407	0.89189
243 A	0.04168	0.06970	0.88862
244 A	0.04140	0.07137	0.88723
245 T	0.04202	0.07043	0.88755
246 T	0.04189	0.07061	0.8875
247 G	0.04108	0.07093	0.88799
248 A	0.03989	0.07189	0.88822
249 T	0.03937	0.07243	0.88819
250 T	0.03864	0.07344	0.88792
251 T	0.03771	0.07468	0.88761
252 A	0.03695	0.07617	0.88688
253 A	0.03651	0.07710	0.88638
254 A	0.03629	0.07768	0.88603
255 T	0.03623	0.07785	0.88592
256 A	0.03586	0.07943	0.88471
257 A	0.03545	0.08018	0.88437
258 A	0.03535	0.08033	0.88432
259 A	0.03513	0.08049	0.88439
260 A	0.03566	0.07961	0.88473
261 A	0.03831	0.07610	0.88559
262 A	0.04304	0.07028	0.88667
263 A	0.05330	0.05705	0.88965
264 T	0.06904	0.03535	0.89561
265 A	0.07301	0.02849	0.89851
266 T	0.07662	0.02174	0.90165
267 T	0.07781	0.01967	0.90252
268 T	0.07794	0.01956	0.90251
269 T	0.07759	0.01982	0.9026
270 A	0.07589	0.02082	0.90329
271 G	0.07547	0.02019	0.90434
272 T	0.07579	0.01907	0.90514
273 T	0.07509	0.01904	0.90586
274 C	0.07097	0.02248	0.90655
275 G	0.06593	0.02784	0.90623
276 C	0.06411	0.02983	0.90606
277 A	0.06376	0.03120	0.90505
278 A	0.06375	0.03195	0.90429
279 T	0.06499	0.03079	0.90422
280 T	0.06514	0.03042	0.90444
281 T	0.06461	0.03080	0.9046
282 A	0.06320	0.03164	0.90517
283 G	0.06179	0.03282	0.90539
284 A	0.06122	0.03331	0.90547
285 A	0.06103	0.03350	0.90547
286 A	0.06088	0.03359	0.90553
287 A	0.06096	0.03332	0.90572
288 T	0.06118	0.03263	0.90619
289 G	0.06125	0.03217	0.90659
290 G	0.06157	0.03131	0.90713
291 T	0.06230	0.03005	0.90765
292 A	0.06275	0.02903	0.90822
293 A	0.06298	0.02711	0.90991
294 T	0.06331	0.02537	0.91132
295 G	0.06337	0.02424	0.91239
296 A	0.06352	0.02310	0.91338
297 A	0.06409	0.01883	0.91708
298 T	0.06512	0.01279	0.92209
299 T	0.06556	0.01026	0.92418
300 T	0.06636	0.00877	0.92487
301 T	0.06678	0.00795	0.92527
302 T	0.06687	0.00758	0.92555
303 T	0.06689	0.00742	0.92568
304 G	0.06682	0.00714	0.92605
305 A	0.06686	0.00632	0.92682
306 T	0.06701	0.00519	0.92781
307 G	0.06710	0.00485	0.92805
308 A	0.06724	0.00455	0.92822
309 T	0.06739	0.00422	0.92839
310 T	0.06745	0.00413	0.92842
311 T	0.06747	0.00415	0.92838
312 C	0.06744	0.00434	0.92823
313 G	0.06743	0.00487	0.9277
314 A	0.06744	0.00522	0.92734
315 T	0.06751	0.00543	0.92706
316 A	0.06754	0.00593	0.92652
317 A	0.06763	0.00608	0.9263
318 A	0.06782	0.00591	0.92628
319 T	0.06832	0.00542	0.92626
320 T	0.06854	0.00529	0.92618
321 A	0.06865	0.00517	0.92618
322 G	0.06888	0.00490	0.92622
323 T	0.06927	0.00452	0.92622
324 T	0.06960	0.00419	0.92621
325 C	0.06982	0.00392	0.92625
326 T	0.07003	0.00370	0.92626
327 T	0.07010	0.00362	0.92628
328 T	0.07003	0.00368	0.9263
329 C	0.06994	0.00376	0.9263
330 A	0.07002	0.00369	0.92629
331 A	0.07006	0.00364	0.9263
332 C	0.07013	0.00354	0.92633
333 T	0.07025	0.00343	0.92632
334 G	0.07034	0.00332	0.92634
335 G	0.07059	0.00304	0.92637
336 T	0.07113	0.00246	0.92641
337 T	0.07146	0.00213	0.92641
338 C	0.07167	0.00188	0.92645
339 T	0.07210	0.00143	0.92647
340 T	0.07215	0.00136	0.92648
341 G	0.07193	0.00158	0.9265
342 G	0.07181	0.00169	0.9265
343 C	0.07182	0.00169	0.9265
344 C	0.07178	0.00173	0.92649
345 T	0.07171	0.00187	0.92642
346 G	0.07163	0.00200	0.92637
347 T	0.07167	0.00205	0.92628
348 T	0.07162	0.00212	0.92627
349 A	0.07150	0.00223	0.92627
350 T	0.07146	0.00216	0.92638
351 T	0.07137	0.00208	0.92655
352 C	0.07101	0.00233	0.92666
353 C	0.07070	0.00264	0.92666
354 T	0.07026	0.00321	0.92653
355 A	0.06916	0.00467	0.92617
356 A	0.06827	0.00601	0.92572
357 T	0.06214	0.01270	0.92516
358 A	0.05019	0.02620	0.9236
359 T	0.04407	0.03319	0.92274
360 A	0.03374	0.04494	0.92132
361 A	0.02786	0.05128	0.92086
362 A	0.02433	0.05492	0.92075
363 A	0.02273	0.05656	0.92071
364 G	0.02209	0.05705	0.92086
365 G	0.02176	0.05726	0.92098
366 A	0.02157	0.05740	0.92103
367 A	0.02146	0.05745	0.92109
368 T	0.02142	0.05738	0.9212
369 C	0.02136	0.05732	0.92132
370 G	0.02138	0.05728	0.92134
371 A	0.02138	0.05724	0.92138
372 A	0.02139	0.05714	0.92147
373 T	0.02141	0.05701	0.92158
374 C	0.02143	0.05691	0.92166
375 T	0.02142	0.05664	0.92194
376 A	0.02112	0.05680	0.92207
377 A	0.02109	0.05651	0.9224
378 A	0.02127	0.05550	0.92324
379 A	0.02168	0.05431	0.92402
380 A	0.02234	0.04429	0.93338
381 T	0.02413	0.02866	0.9472
382 G	0.02509	0.02039	0.95452
383 T	0.02654	0.01137	0.9621
384 T	0.02693	0.00768	0.96539
385 T	0.02701	0.00721	0.96578
386 T	0.02700	0.00807	0.96492
387 A	0.02695	0.01078	0.96226
388 T	0.02695	0.01082	0.96222
389 T	0.02687	0.01132	0.96181
390 A	0.02667	0.01323	0.9601
391 T	0.02648	0.01465	0.95887
392 C	0.02608	0.01631	0.95761
393 T	0.02529	0.02036	0.95435
394 A	0.02347	0.03204	0.9445
395 A	0.02261	0.03942	0.93798
396 A	0.02225	0.04247	0.93529
397 A	0.02215	0.04446	0.9334
398 A	0.02193	0.04504	0.93304
399 T	0.02182	0.04517	0.93301
400 T	0.02122	0.04605	0.93273
401 T	0.02024	0.04716	0.9326
402 A	0.01937	0.04808	0.93255
403 G	0.01860	0.04889	0.9325
404 A	0.01843	0.04914	0.93243
405 A	0.01845	0.04912	0.93243
406 C	0.01883	0.04871	0.93246
407 A	0.01990	0.04762	0.93247
408 T	0.02226	0.04524	0.9325
409 G	0.02377	0.04369	0.93254
410 C	0.02643	0.04098	0.9326
411 T	0.02700	0.04038	0.93262
412 A	0.02777	0.03949	0.93274
413 A	0.02996	0.03708	0.93296
414 T	0.03283	0.03391	0.93326
415 C	0.03442	0.03197	0.93361
416 A	0.03728	0.02843	0.93429
417 T	0.04643	0.01777	0.9358
418 A	0.05129	0.01221	0.9365
419 T	0.05357	0.00963	0.9368
420 T	0.05448	0.00872	0.9368
421 A	0.05353	0.00944	0.93703
422 T	0.05295	0.00948	0.93756
423 T	0.05129	0.01035	0.93837
424 G	0.04715	0.01392	0.93894
425 A	0.04407	0.01709	0.93885
426 G	0.04107	0.02065	0.93828
427 T	0.03952	0.02219	0.93829
428 A	0.03447	0.02734	0.93819
429 T	0.02878	0.03307	0.93815
430 G	0.02546	0.03659	0.93795
431 C	0.02363	0.03893	0.93743
432 T	0.02230	0.04226	0.93545
433 A	0.02014	0.04577	0.93409
434 A	0.01890	0.04749	0.93361
435 A	0.01582	0.05097	0.93321
436 A	0.01428	0.05264	0.93308
437 A	0.01298	0.05382	0.9332
438 A	0.01240	0.05417	0.93344
439 G	0.01218	0.05405	0.93377
440 T	0.01214	0.05393	0.93392
441 A	0.01195	0.05393	0.93412
442 A	0.01195	0.05374	0.93431
443 A	0.01202	0.05315	0.93483
444 T	0.01230	0.05154	0.93616
445 A	0.01230	0.05076	0.93693
446 A	0.01243	0.04877	0.93881
447 A	0.01265	0.04487	0.94248
448 A	0.01317	0.04094	0.94588
449 T	0.01420	0.03641	0.9494
450 A	0.01415	0.03431	0.95155
451 A	0.01438	0.02894	0.95668
452 C	0.01465	0.02242	0.96294
453 A	0.01498	0.01966	0.96535
454 G	0.01562	0.01726	0.96712
455 T	0.01779	0.01402	0.96818
456 T	0.01887	0.01156	0.96957
457 G	0.01906	0.01064	0.9703
458 T	0.01917	0.00739	0.97344
459 T	0.01893	0.00632	0.97475
460 G	0.01806	0.00609	0.97585
461 G	0.01646	0.00747	0.97607
462 A	0.01571	0.00815	0.97615
463 G	0.01536	0.00834	0.97629
464 C	0.01535	0.00821	0.97645
465 A	0.01548	0.00855	0.97597
466 G	0.01560	0.00874	0.97566
467 G	0.01570	0.00886	0.97544
468 T	0.01591	0.00902	0.97508
469 T	0.01598	0.00960	0.97442
470 A	0.01602	0.01071	0.97327
471 T	0.01599	0.01182	0.9722
472 A	0.01594	0.01367	0.97038
473 T	0.01592	0.01400	0.97007
474 T	0.01581	0.01434	0.96985
475 G	0.01570	0.01475	0.96955
476 G	0.01566	0.01498	0.96936
477 A	0.01562	0.01517	0.96921
478 G	0.01565	0.01514	0.96921
479 T	0.01582	0.01492	0.96925
480 A	0.01590	0.01476	0.96933
481 G	0.01606	0.01441	0.96953
482 A	0.01626	0.01399	0.96975
483 A	0.01640	0.01310	0.97049
484 T	0.01678	0.01122	0.97201
485 T	0.01701	0.01022	0.97278
486 G	0.01708	0.00977	0.97315
487 G	0.01718	0.00956	0.97326
488 C	0.01756	0.00914	0.97329
489 T	0.01776	0.00906	0.97317
490 G	0.01757	0.00932	0.97312
491 A	0.01767	0.00937	0.97297
492 A	0.01830	0.00890	0.9728
493 G	0.01942	0.00791	0.97268
494 C	0.02077	0.00659	0.97264
495 T	0.02281	0.00507	0.97211
496 T	0.02337	0.00501	0.97162
497 T	0.02337	0.00572	0.97092
498 T	0.02276	0.00763	0.96961
499 T	0.02180	0.01052	0.96767
500 G	0.02015	0.01356	0.9663
501 T	0.01887	0.01501	0.96612
502 A	0.01756	0.01649	0.96595
503 G	0.01668	0.01745	0.96587
504 A	0.01418	0.02008	0.96574
505 C	0.01265	0.02170	0.96565
506 A	0.01036	0.02459	0.96505
507 A	0.00893	0.02659	0.96448
508 A	0.00803	0.02793	0.96404
509 A	0.00760	0.02850	0.96391
510 A	0.00726	0.02893	0.96381
511 A	0.00699	0.02909	0.96392
512 A	0.00701	0.02891	0.96409
513 A	0.00704	0.02847	0.96449
514 G	0.00720	0.02802	0.96478
515 A	0.00744	0.02768	0.96489
516 A	0.00770	0.02735	0.96495
517 G	0.00800	0.02686	0.96515
518 T	0.00882	0.02580	0.96538
519 A	0.00941	0.02489	0.9657
520 A	0.01016	0.02333	0.96652
521 C	0.01131	0.02050	0.96819
522 T	0.01318	0.01775	0.96907
523 T	0.01424	0.01556	0.9702
524 T	0.01405	0.01510	0.97085
525 G	0.01297	0.01576	0.97127
526 A	0.01212	0.01648	0.9714
527 T	0.01179	0.01444	0.97376
528 A	0.01129	0.01379	0.97493
529 G	0.01169	0.01139	0.97692
530 A	0.01218	0.00973	0.97809
531 T	0.01260	0.00845	0.97895
532 A	0.01258	0.00829	0.97913
533 T	0.01239	0.00823	0.97939
534 C	0.01077	0.00967	0.97955
535 G	0.00908	0.01206	0.97885
536 A	0.00838	0.01353	0.97809
537 G	0.00791	0.01424	0.97785
538 A	0.00765	0.01476	0.97759
539 A	0.00748	0.01507	0.97745
540 T	0.00733	0.01519	0.97748
541 A	0.00689	0.01591	0.97721
542 G	0.00663	0.01624	0.97713
543 A	0.00652	0.01689	0.97659
544 A	0.00650	0.01727	0.97623
545 T	0.00656	0.01738	0.97606
546 A	0.00657	0.01729	0.97615
547 A	0.00668	0.01670	0.97662
548 T	0.00692	0.01519	0.9779
549 G	0.00708	0.01411	0.9788
550 C	0.00729	0.01348	0.97923
551 C	0.00752	0.01301	0.97947
552 T	0.00769	0.01296	0.97935
553 A	0.00765	0.01314	0.97921
554 A	0.00771	0.01310	0.97919
555 G	0.00810	0.01267	0.97924
556 T	0.00846	0.01203	0.9795
557 A	0.00868	0.01022	0.9811
558 T	0.00953	0.00769	0.98278
559 T	0.01004	0.00647	0.9835
560 T	0.01004	0.00622	0.98374
561 A	0.00922	0.00736	0.98343
562 G	0.00902	0.00787	0.98311
563 A	0.00895	0.00805	0.98299
564 T	0.00908	0.00769	0.98323
565 A	0.00900	0.00779	0.9832
566 A	0.00936	0.00763	0.98301
567 A	0.00957	0.00781	0.98263
568 G	0.00970	0.00810	0.9822
569 A	0.00973	0.00822	0.98205
570 A	0.00970	0.00837	0.98193
571 T	0.00979	0.00823	0.98198
572 T	0.00986	0.00805	0.98209
573 T	0.00988	0.00795	0.98218
574 A	0.00987	0.00786	0.98227
575 C	0.00998	0.00767	0.98236
576 T	0.01008	0.00753	0.9824
577 T	0.00988	0.00773	0.98239
578 C	0.00893	0.00874	0.98233
579 A	0.00861	0.00932	0.98208
580 A	0.00848	0.00948	0.98204
581 T	0.00855	0.00938	0.98207
582 A	0.00852	0.00937	0.98211
583 G	0.00866	0.00911	0.98223
584 C	0.00906	0.00771	0.98323
585 T	0.00942	0.00731	0.98327
586 G	0.00891	0.00809	0.98301
587 A	0.00792	0.00940	0.98269
588 A	0.00761	0.00995	0.98243
589 G	0.00755	0.01006	0.98239
590 A	0.00773	0.00962	0.98265
591 T	0.00817	0.00895	0.98288
592 A	0.00815	0.00890	0.98295
593 G	0.00810	0.00888	0.98302
594 C	0.00794	0.00903	0.98303
595 T	0.00774	0.00936	0.9829
596 T	0.00704	0.01025	0.98271
597 A	0.00599	0.01135	0.98267
598 A	0.00573	0.01166	0.98261
599 A	0.00557	0.01182	0.9826
600 A	0.00549	0.01156	0.98294
601 C	0.00551	0.01056	0.98394
602 A	0.00568	0.01013	0.98419
603 A	0.00558	0.01004	0.98438
604 C	0.00548	0.01001	0.98451
605 A	0.00548	0.00997	0.98455
606 T	0.00559	0.00980	0.98461
607 A	0.00565	0.00959	0.98476
608 A	0.00584	0.00916	0.98499
609 T	0.00621	0.00816	0.98564
610 G	0.00641	0.00671	0.98689
611 T	0.00641	0.00627	0.98732
612 T	0.00620	0.00641	0.9874
613 A	0.00580	0.00688	0.98732
614 A	0.00538	0.00738	0.98724
615 A	0.00517	0.00753	0.9873
616 T	0.00516	0.00714	0.9877
617 T	0.00507	0.00684	0.98808
618 A	0.00504	0.00655	0.9884
619 G	0.00512	0.00582	0.98906
620 C	0.00510	0.00504	0.98986
621 T	0.00509	0.00499	0.98991
622 T	0.00496	0.00512	0.98992
623 T	0.00486	0.00532	0.98982
624 A	0.00469	0.00552	0.98979
625 A	0.00457	0.00564	0.98979
626 A	0.00448	0.00558	0.98994
627 T	0.00440	0.00549	0.99011
628 C	0.00418	0.00568	0.99015
629 A	0.00397	0.00607	0.98996
630 A	0.00373	0.00640	0.98987
631 A	0.00357	0.00665	0.98978
632 A	0.00349	0.00682	0.9897
633 A	0.00340	0.00694	0.98966
634 G	0.00352	0.00655	0.98993
635 T	0.00383	0.00596	0.99022
636 A	0.00398	0.00562	0.9904
637 G	0.00414	0.00530	0.99055
638 T	0.00431	0.00513	0.99056
639 T	0.00430	0.00523	0.99047
640 G	0.00417	0.00544	0.99038
641 A	0.00403	0.00553	0.99044
642 A	0.00399	0.00551	0.9905
643 T	0.00400	0.00538	0.99063
644 T	0.00397	0.00530	0.99073
645 C	0.00377	0.00538	0.99084
646 A	0.00374	0.00539	0.99087
647 A	0.00371	0.00534	0.99095
648 A	0.00371	0.00528	0.99102
649 A	0.00372	0.00520	0.99108
650 C	0.00375	0.00508	0.99117
651 T	0.00384	0.00480	0.99137
652 A	0.00396	0.00453	0.99151
653 A	0.00399	0.00430	0.99171
654 A	0.00408	0.00405	0.99187
655 G	0.00418	0.00384	0.99198
656 G	0.00431	0.00343	0.99226
657 C	0.00455	0.00306	0.99239
658 G	0.00475	0.00286	0.99239
659 A	0.00503	0.00257	0.9924
660 T	0.00540	0.00218	0.99242
661 T	0.00560	0.00199	0.99241
662 T	0.00567	0.00191	0.99242
663 A	0.00539	0.00207	0.99254
664 G	0.00515	0.00210	0.99275
665 T	0.00487	0.00225	0.99287
666 G	0.00435	0.00269	0.99296
667 A	0.00389	0.00306	0.99304
668 C	0.00370	0.00305	0.99324
669 A	0.00352	0.00318	0.99329
670 C	0.00346	0.00319	0.99334
671 A	0.00344	0.00322	0.99334
672 T	0.00346	0.00319	0.99336
673 G	0.00342	0.00322	0.99336
674 T	0.00344	0.00318	0.99338
675 T	0.00340	0.00319	0.99341
676 C	0.00327	0.00323	0.99349
677 A	0.00313	0.00336	0.99352
678 A	0.00298	0.00348	0.99354
679 A	0.00294	0.00351	0.99355
680 C	0.00292	0.00351	0.99357
681 T	0.00292	0.00351	0.99357
682 G	0.00288	0.00356	0.99355
683 A	0.00286	0.00359	0.99355
684 T	0.00276	0.00369	0.99355
685 A	0.00259	0.00386	0.99355
686 A	0.00254	0.00355	0.99391
687 A	0.00251	0.00329	0.9942
688 G	0.00250	0.00293	0.99456
689 A	0.00250	0.00246	0.99505
690 T	0.00251	0.00200	0.99549
691 T	0.00251	0.00180	0.9957
692 G	0.00249	0.00167	0.99584
693 T	0.00248	0.00162	0.99589
694 T	0.00247	0.00162	0.99591
695 A	0.00244	0.00173	0.99583
696 T	0.00242	0.00174	0.99584
697 G	0.00240	0.00175	0.99586
698 A	0.00238	0.00173	0.99589
699 A	0.00233	0.00168	0.99598
700 A	0.00230	0.00158	0.99612
701 C	0.00228	0.00145	0.99627
702 A	0.00227	0.00144	0.99629
703 G	0.00226	0.00142	0.99632
704 A	0.00226	0.00140	0.99633
705 G	0.00229	0.00133	0.99638
706 A	0.00231	0.00128	0.99641
707 T	0.00234	0.00111	0.99656
708 G	0.00235	0.00092	0.99673
709 G	0.00237	0.00082	0.9968
710 T	0.00241	0.00076	0.99684
711 T	0.00242	0.00072	0.99686
712 A	0.00244	0.00069	0.99687
713 T	0.00246	0.00065	0.99689
714 T	0.00247	0.00062	0.99691
715 G	0.00248	0.00059	0.99693
716 C	0.00249	0.00056	0.99695
717 A	0.00251	0.00054	0.99695
718 T	0.00262	0.00042	0.99696
719 G	0.00267	0.00037	0.99696
720 T	0.00270	0.00035	0.99695
721 A	0.00270	0.00040	0.99689
722 T	0.00271	0.00036	0.99693
723 T	0.00270	0.00035	0.99695
724 A	0.00268	0.00038	0.99695
725 G	0.00267	0.00038	0.99695
726 T	0.00267	0.00038	0.99695
727 T	0.00265	0.00040	0.99694
728 T	0.00261	0.00045	0.99693
729 T	0.00252	0.00054	0.99693
730 A	0.00227	0.00079	0.99693
731 G	0.00208	0.00098	0.99694
732 A	0.00200	0.00106	0.99694
733 C	0.00194	0.00112	0.99694
734 C	0.00192	0.00116	0.99692
735 A	0.00188	0.00121	0.9969
736 T	0.00186	0.00124	0.9969
737 A	0.00182	0.00128	0.9969
738 T	0.00179	0.00131	0.9969
739 A	0.00175	0.00134	0.9969
740 C	0.00175	0.00133	0.99692
741 A	0.00175	0.00133	0.99692
742 G	0.00176	0.00131	0.99692
743 A	0.00178	0.00129	0.99692
744 T	0.00186	0.00121	0.99693
745 T	0.00188	0.00119	0.99693
746 T	0.00188	0.00116	0.99695
747 A	0.00188	0.00114	0.99698
748 T	0.00188	0.00111	0.99701
749 T	0.00186	0.00111	0.99704
750 T	0.00182	0.00111	0.99707
751 A	0.00178	0.00112	0.9971
752 A	0.00177	0.00106	0.99717
753 A	0.00175	0.00088	0.99738
754 G	0.00175	0.00071	0.99755
755 A	0.00175	0.00064	0.99761
756 T	0.00175	0.00058	0.99767
757 A	0.00174	0.00058	0.99768
758 T	0.00176	0.00053	0.99772
759 T	0.00175	0.00052	0.99774
760 T	0.00174	0.00050	0.99777
761 T	0.00172	0.00050	0.99778
762 A	0.00170	0.00051	0.99779
763 G	0.00169	0.00051	0.99781
764 A	0.00168	0.00051	0.99781
765 A	0.00166	0.00053	0.9978
766 T	0.00164	0.00055	0.99781
767 T	0.00161	0.00060	0.99779
768 A	0.00156	0.00070	0.99774
769 G	0.00154	0.00071	0.99775
770 A	0.00154	0.00070	0.99777
771 T	0.00154	0.00066	0.9978
772 T	0.00154	0.00064	0.99782
773 C	0.00153	0.00061	0.99785
774 T	0.00153	0.00062	0.99786
775 A	0.00149	0.00069	0.99782
776 A	0.00147	0.00074	0.9978
777 T	0.00147	0.00074	0.99779
778 A	0.00146	0.00076	0.99778
779 A	0.00146	0.00074	0.99779
780 T	0.00149	0.00069	0.99782
781 T	0.00150	0.00067	0.99783
782 C	0.00150	0.00065	0.99785
783 T	0.00151	0.00064	0.99786
784 T	0.00151	0.00064	0.99785
785 T	0.00150	0.00065	0.99785
786 A	0.00147	0.00071	0.99782
787 A	0.00147	0.00074	0.9978
788 A	0.00147	0.00072	0.99781
789 A	0.00147	0.00069	0.99784
790 G	0.00150	0.00063	0.99788
791 T	0.00155	0.00053	0.99791
792 T	0.00156	0.00051	0.99793
793 A	0.00156	0.00053	0.99791
794 A	0.00156	0.00054	0.9979
795 T	0.00157	0.00052	0.99791
796 G	0.00157	0.00053	0.9979
797 A	0.00158	0.00052	0.9979
798 A	0.00162	0.00046	0.99792
799 T	0.00165	0.00041	0.99793
800 A	0.00166	0.00041	0.99793
801 T	0.00165	0.00041	0.99794
802 T	0.00163	0.00043	0.99795
803 T	0.00157	0.00047	0.99796
804 A	0.00149	0.00055	0.99795
805 C	0.00143	0.00060	0.99796
806 A	0.00140	0.00062	0.99797
807 A	0.00140	0.00063	0.99798
808 A	0.00141	0.00060	0.99799
809 C	0.00144	0.00055	0.99802
810 T	0.00146	0.00052	0.99802
811 T	0.00147	0.00051	0.99802
812 C	0.00146	0.00051	0.99803
813 A	0.00146	0.00051	0.99803
814 C	0.00147	0.00051	0.99803
815 A	0.00147	0.00050	0.99803
816 T	0.00150	0.00047	0.99803
817 C	0.00152	0.00045	0.99804
818 C	0.00153	0.00043	0.99804
819 T	0.00155	0.00041	0.99804
820 G	0.00156	0.00040	0.99804
821 A	0.00157	0.00039	0.99804
822 T	0.00158	0.00038	0.99804
823 G	0.00159	0.00036	0.99805
824 T	0.00160	0.00032	0.99808
825 T	0.00160	0.00028	0.99812
826 T	0.00159	0.00024	0.99817
827 A	0.00159	0.00018	0.99823
828 T	0.00158	0.00014	0.99828
829 G	0.00157	0.00013	0.9983
830 G	0.00157	0.00012	0.99832
831 T	0.00157	0.00012	0.99832
832 T	0.00157	0.00012	0.99832
833 G	0.00156	0.00012	0.99831
834 T	0.00156	0.00012	0.99831
835 G	0.00155	0.00013	0.99831
836 G	0.00155	0.00014	0.99831
837 T	0.00155	0.00015	0.9983
838 G	0.00155	0.00016	0.99829
839 A	0.00155	0.00017	0.99828
840 T	0.00155	0.00017	0.99828
841 T	0.00155	0.00018	0.99827
842 G	0.00155	0.00019	0.99826
843 T	0.00155	0.00019	0.99826
844 A	0.00155	0.00020	0.99825
845 T	0.00155	0.00020	0.99825
846 A	0.00154	0.00022	0.99823
847 A	0.00154	0.00023	0.99823
848 A	0.00154	0.00023	0.99823
849 T	0.00155	0.00023	0.99822
850 A	0.00155	0.00023	0.99822
851 T	0.00156	0.00022	0.99822
852 T	0.00157	0.00023	0.99821
853 A	0.00155	0.00027	0.99817
854 T	0.00155	0.00031	0.99814
855 A	0.00152	0.00042	0.99807
856 T	0.00144	0.00051	0.99805
857 A	0.00131	0.00067	0.99802
858 T	0.00123	0.00075	0.99802
859 A	0.00108	0.00090	0.99802
860 C	0.00101	0.00097	0.99802
861 T	0.00097	0.00101	0.99802
862 C	0.00091	0.00108	0.99802
863 C	0.00086	0.00114	0.998
864 A	0.00080	0.00123	0.99797
865 T	0.00078	0.00125	0.99796
866 T	0.00074	0.00129	0.99796
867 A	0.00071	0.00133	0.99796
868 G	0.00070	0.00134	0.99796
869 C	0.00069	0.00134	0.99797
870 C	0.00069	0.00133	0.99797
871 A	0.00070	0.00133	0.99797
872 A	0.00070	0.00133	0.99797
873 C	0.00070	0.00134	0.99797
874 A	0.00070	0.00134	0.99796
875 A	0.00071	0.00133	0.99796
876 A	0.00074	0.00129	0.99797
877 A	0.00078	0.00124	0.99798
878 A	0.00085	0.00115	0.998
879 A	0.00087	0.00101	0.99812
880 A	0.00090	0.00082	0.99828
881 T	0.00092	0.00069	0.99839
882 G	0.00092	0.00055	0.99853
883 T	0.00093	0.00048	0.9986
884 A	0.00093	0.00043	0.99863
885 T	0.00094	0.00036	0.9987
886 A	0.00095	0.00030	0.99876
887 T	0.00098	0.00020	0.99882
888 T	0.00098	0.00016	0.99886
889 C	0.00097	0.00013	0.99891
890 C	0.00096	0.00013	0.99892
891 T	0.00095	0.00016	0.99889
892 T	0.00094	0.00017	0.99888
893 T	0.00092	0.00019	0.99888
894 A	0.00090	0.00023	0.99886
895 G	0.00089	0.00024	0.99887
896 C	0.00089	0.00023	0.99888
897 T	0.00086	0.00026	0.99888
898 A	0.00084	0.00029	0.99887
899 C	0.00084	0.00029	0.99887
900 T	0.00083	0.00031	0.99885
901 A	0.00082	0.00033	0.99885
902 A	0.00082	0.00033	0.99885
903 T	0.00082	0.00033	0.99885
904 G	0.00081	0.00034	0.99885
905 C	0.00081	0.00034	0.99886
906 T	0.00080	0.00034	0.99885
907 G	0.00079	0.00036	0.99885
908 T	0.00078	0.00039	0.99883
909 A	0.00076	0.00042	0.99882
910 A	0.00075	0.00043	0.99882
911 G	0.00074	0.00043	0.99883
912 A	0.00073	0.00043	0.99883
913 A	0.00073	0.00042	0.99885
914 C	0.00075	0.00038	0.99887
915 A	0.00076	0.00037	0.99888
916 G	0.00076	0.00035	0.99889
917 G	0.00078	0.00032	0.99891
918 T	0.00078	0.00030	0.99891
919 A	0.00079	0.00030	0.99891
920 C	0.00079	0.00025	0.99896
921 T	0.00081	0.00023	0.99897
922 A	0.00081	0.00023	0.99896
923 T	0.00081	0.00022	0.99896
924 T	0.00080	0.00023	0.99896
925 G	0.00077	0.00029	0.99893
926 T	0.00074	0.00033	0.99893
927 A	0.00071	0.00040	0.9989
928 G	0.00069	0.00043	0.99888
929 G	0.00068	0.00044	0.99888
930 A	0.00069	0.00044	0.99888
931 T	0.00070	0.00043	0.99888
932 T	0.00070	0.00042	0.99889
933 G	0.00068	0.00043	0.99889
934 A	0.00068	0.00047	0.99886
935 A	0.00067	0.00048	0.99886
936 T	0.00067	0.00048	0.99886
937 A	0.00065	0.00049	0.99886
938 T	0.00065	0.00049	0.99886
939 C	0.00065	0.00050	0.99886
940 G	0.00064	0.00051	0.99886
941 G	0.00063	0.00052	0.99885
942 T	0.00063	0.00053	0.99884
943 A	0.00062	0.00054	0.99883
944 A	0.00062	0.00055	0.99883
945 A	0.00063	0.00055	0.99882
946 A	0.00063	0.00055	0.99882
947 A	0.00065	0.00052	0.99884
948 T	0.00069	0.00044	0.99887
949 G	0.00071	0.00039	0.9989
950 T	0.00075	0.00033	0.99892
951 T	0.00078	0.00030	0.99892
952 T	0.00079	0.00030	0.99891
953 A	0.00077	0.00036	0.99887
954 T	0.00076	0.00041	0.99883
955 A	0.00075	0.00049	0.99876
956 A	0.00075	0.00050	0.99874
957 A	0.00078	0.00050	0.99873
958 T	0.00079	0.00050	0.99871
959 A	0.00079	0.00052	0.9987
960 T	0.00078	0.00051	0.9987
961 T	0.00077	0.00054	0.99869
962 T	0.00075	0.00057	0.99869
963 A	0.00069	0.00064	0.99867
964 G	0.00066	0.00066	0.99868
965 G	0.00066	0.00067	0.99868
966 A	0.00066	0.00066	0.99868
967 A	0.00067	0.00064	0.99869
968 C	0.00067	0.00063	0.99869
969 T	0.00068	0.00063	0.99869
970 C	0.00068	0.00064	0.99869
971 A	0.00066	0.00066	0.99868
972 A	0.00065	0.00068	0.99867
973 G	0.00065	0.00069	0.99867
974 G	0.00065	0.00068	0.99867
975 A	0.00067	0.00066	0.99867
976 A	0.00072	0.00059	0.9987
977 C	0.00077	0.00051	0.99872
978 T	0.00084	0.00043	0.99873
979 A	0.00086	0.00040	0.99874
980 G	0.00089	0.00038	0.99874
981 T	0.00091	0.00036	0.99872
982 T	0.00093	0.00036	0.99872
983 G	0.00093	0.00034	0.99872
984 T	0.00094	0.00032	0.99875
985 A	0.00094	0.00029	0.99876
986 T	0.00095	0.00023	0.99881
987 T	0.00094	0.00022	0.99883
988 C	0.00093	0.00022	0.99884
989 A	0.00093	0.00023	0.99884
990 A	0.00093	0.00023	0.99884
991 A	0.00093	0.00023	0.99884
992 T	0.00094	0.00022	0.99884
993 T	0.00094	0.00022	0.99884
994 A	0.00094	0.00020	0.99886
995 A	0.00095	0.00018	0.99887
996 T	0.00095	0.00018	0.99888
997 G	0.00095	0.00018	0.99888
998 A	0.00095	0.00018	0.99886
999 T	0.00096	0.00018	0.99886
1000 T	0.00096	0.00018	0.99886
1001 T	0.00096	0.00019	0.99886
1002 A	0.00095	0.00020	0.99885
1003 A	0.00095	0.00020	0.99885
1004 G	0.00096	0.00019	0.99884
1005 T	0.00097	0.00019	0.99884
1006 A	0.00098	0.00018	0.99885
1007 T	0.00099	0.00016	0.99885
1008 T	0.00099	0.00016	0.99885
1009 T	0.00099	0.00015	0.99886
1010 C	0.00099	0.00015	0.99886
1011 T	0.00099	0.00014	0.99886
1012 T	0.00099	0.00014	0.99886
1013 C	0.00098	0.00015	0.99886
1014 G	0.00097	0.00017	0.99886
1015 A	0.00097	0.00018	0.99885
1016 C	0.00097	0.00018	0.99885
1017 A	0.00096	0.00020	0.99884
1018 G	0.00096	0.00022	0.99881
1019 G	0.00097	0.00024	0.99879
1020 A	0.00097	0.00027	0.99877
1021 T	0.00097	0.00028	0.99874
1022 T	0.00096	0.00030	0.99874
1023 G	0.00094	0.00033	0.99874
1024 A	0.00092	0.00035	0.99873
1025 A	0.00090	0.00037	0.99873
1026 C	0.00089	0.00038	0.99873
1027 G	0.00088	0.00039	0.99873
1028 A	0.00088	0.00039	0.99872
1029 A	0.00088	0.00040	0.99872
1030 C	0.00088	0.00040	0.99872
1031 A	0.00088	0.00040	0.99872
1032 T	0.00088	0.00040	0.99872
1033 T	0.00088	0.00039	0.99872
1034 C	0.00088	0.00040	0.99872
1035 A	0.00088	0.00040	0.99872
1036 G	0.00088	0.00039	0.99874
1037 C	0.00088	0.00038	0.99874
1038 T	0.00089	0.00037	0.99874
1039 A	0.00089	0.00037	0.99873
1040 A	0.00091	0.00036	0.99873
1041 A	0.00093	0.00033	0.99873
1042 T	0.00096	0.00030	0.99875
1043 T	0.00098	0.00026	0.99876
1044 A	0.00099	0.00024	0.99876
1045 T	0.00100	0.00022	0.99878
1046 T	0.00100	0.00019	0.99881
1047 A	0.00100	0.00018	0.99882
1048 G	0.00100	0.00016	0.99885
1049 G	0.00100	0.00015	0.99885
1050 T	0.00101	0.00013	0.99886
1051 A	0.00101	0.00013	0.99886
1052 T	0.00101	0.00013	0.99886
1053 T	0.00101	0.00013	0.99886
1054 G	0.00100	0.00016	0.99884
1055 A	0.00099	0.00019	0.99881
1056 T	0.00099	0.00023	0.99878
1057 T	0.00098	0.00029	0.99873
1058 A	0.00097	0.00034	0.99868
1059 T	0.00097	0.00038	0.99865
1060 G	0.00096	0.00039	0.99864
1061 A	0.00096	0.00040	0.99864
1062 T	0.00097	0.00039	0.99863
1063 T	0.00098	0.00040	0.99863
1064 C	0.00097	0.00040	0.99862
1065 A	0.00096	0.00046	0.99858
1066 A	0.00096	0.00047	0.99857
1067 T	0.00096	0.00048	0.99856
1068 T	0.00096	0.00050	0.99854
1069 A	0.00096	0.00052	0.99852
1070 C	0.00096	0.00052	0.99852
1071 T	0.00096	0.00056	0.99848
1072 A	0.00096	0.00064	0.9984
1073 T	0.00096	0.00071	0.99833
1074 A	0.00093	0.00081	0.99827
1075 A	0.00091	0.00087	0.99823
1076 A	0.00090	0.00089	0.99821
1077 A	0.00091	0.00088	0.9982
1078 G	0.00094	0.00085	0.99821
1079 A	0.00098	0.00081	0.99822
1080 T	0.00104	0.00073	0.99823
1081 G	0.00107	0.00069	0.99823
1082 C	0.00110	0.00067	0.99823
1083 T	0.00111	0.00067	0.99821
1084 A	0.00111	0.00070	0.99819
1085 A	0.00112	0.00071	0.99818
1086 T	0.00112	0.00070	0.99818
1087 A	0.00112	0.00070	0.99818
1088 G	0.00115	0.00065	0.9982
1089 A	0.00117	0.00063	0.9982
1090 C	0.00118	0.00061	0.99821
1091 C	0.00121	0.00058	0.99822
1092 T	0.00124	0.00055	0.99821
1093 G	0.00125	0.00055	0.99819
1094 A	0.00129	0.00053	0.99817
1095 A	0.00137	0.00048	0.99815
1096 T	0.00145	0.00041	0.99815
1097 T	0.00150	0.00033	0.99817
1098 T	0.00152	0.00029	0.99819
1099 A	0.00151	0.00029	0.9982
1100 T	0.00150	0.00028	0.99821
1101 G	0.00148	0.00031	0.99822
1102 C	0.00146	0.00032	0.99822
1103 C	0.00146	0.00033	0.99821
1104 T	0.00146	0.00035	0.9982
1105 G	0.00144	0.00039	0.99816
1106 A	0.00145	0.00041	0.99814
1107 T	0.00145	0.00042	0.99813
1108 T	0.00143	0.00045	0.99812
1109 A	0.00140	0.00048	0.99811
1110 C	0.00139	0.00049	0.99812
1111 G	0.00139	0.00049	0.99812
1112 A	0.00139	0.00049	0.99812
1113 T	0.00139	0.00049	0.99812
1114 T	0.00140	0.00048	0.99812
1115 C	0.00139	0.00048	0.99813
1116 A	0.00140	0.00048	0.99812
1117 G	0.00141	0.00047	0.99812
1118 T	0.00143	0.00045	0.99811
1119 A	0.00144	0.00045	0.99811
1120 T	0.00146	0.00044	0.99809
1121 T	0.00146	0.00045	0.99808
1122 A	0.00145	0.00049	0.99806
1123 T	0.00144	0.00053	0.99803
1124 T	0.00142	0.00063	0.99796
1125 A	0.00134	0.00088	0.99777
1126 A	0.00133	0.00112	0.99755
1127 A	0.00134	0.00136	0.9973
1128 A	0.00137	0.00160	0.99704
1129 A	0.00138	0.00177	0.99685
1130 T	0.00141	0.00180	0.99679
1131 T	0.00142	0.00186	0.99671
1132 T	0.00143	0.00193	0.99664
1133 T	0.00143	0.00198	0.99659
1134 A	0.00142	0.00205	0.99654
1135 T	0.00142	0.00207	0.99651
1136 T	0.00139	0.00212	0.99649
1137 T	0.00135	0.00218	0.99648
1138 G	0.00127	0.00227	0.99646
1139 A	0.00122	0.00235	0.99644
1140 A	0.00118	0.00241	0.9964
1141 A	0.00117	0.00248	0.99635
1142 A	0.00117	0.00255	0.99629
1143 A	0.00118	0.00263	0.99619
1144 A	0.00120	0.00262	0.99618
1145 A	0.00125	0.00258	0.99618
1146 A	0.00131	0.00251	0.99618
1147 A	0.00141	0.00238	0.9962
1148 C	0.00161	0.00212	0.99627
1149 A	0.00183	0.00189	0.99627
1150 G	0.00211	0.00161	0.99628
1151 G	0.00245	0.00128	0.99627
1152 T	0.00273	0.00100	0.99627
1153 C	0.00281	0.00091	0.99627
1154 T	0.00291	0.00083	0.99627
1155 T	0.00296	0.00078	0.99626
1156 A	0.00298	0.00076	0.99626
1157 T	0.00300	0.00073	0.99626
1158 T	0.00302	0.00071	0.99627
1159 T	0.00303	0.00067	0.99631
1160 T	0.00304	0.00062	0.99634
1161 G	0.00303	0.00058	0.99639
1162 G	0.00304	0.00057	0.99639
1163 G	0.00306	0.00055	0.99639
1164 A	0.00310	0.00050	0.99639
1165 G	0.00317	0.00044	0.9964
1166 G	0.00327	0.00034	0.9964
1167 T	0.00329	0.00032	0.9964
1168 C	0.00330	0.00031	0.99638
1169 A	0.00331	0.00033	0.99637
1170 A	0.00331	0.00034	0.99635
1171 A	0.00333	0.00033	0.99634
1172 T	0.00335	0.00032	0.99633
1173 T	0.00336	0.00032	0.99631
1174 T	0.00337	0.00031	0.99631
1175 T	0.00337	0.00032	0.99631
1176 A	0.00337	0.00033	0.9963
1177 T	0.00337	0.00033	0.9963
1178 C	0.00335	0.00035	0.9963
1179 T	0.00335	0.00039	0.99626
1180 A	0.00325	0.00048	0.99626
1181 C	0.00322	0.00052	0.99627
1182 T	0.00318	0.00057	0.99625
1183 A	0.00303	0.00074	0.99622
1184 C	0.00298	0.00080	0.99622
1185 T	0.00295	0.00089	0.99616
1186 G	0.00292	0.00101	0.99607
1187 A	0.00291	0.00110	0.99599
1188 T	0.00291	0.00113	0.99596
1189 T	0.00291	0.00114	0.99595
1190 T	0.00289	0.00116	0.99594
1191 A	0.00275	0.00132	0.99593
1192 A	0.00269	0.00140	0.99591
1193 C	0.00267	0.00142	0.99591
1194 T	0.00265	0.00145	0.9959
1195 G	0.00259	0.00152	0.99589
1196 A	0.00257	0.00156	0.99588
1197 C	0.00255	0.00158	0.99587
1198 A	0.00255	0.00160	0.99585
1199 A	0.00255	0.00160	0.99585
1200 A	0.00256	0.00160	0.99584
1201 A	0.00256	0.00159	0.99584
1202 T	0.00260	0.00153	0.99586
1203 G	0.00261	0.00142	0.99598
1204 A	0.00262	0.00136	0.99602
1205 A	0.00264	0.00129	0.99607
1206 T	0.00269	0.00109	0.99622
1207 A	0.00271	0.00101	0.99628
1208 C	0.00278	0.00085	0.99637
1209 T	0.00287	0.00077	0.99635
1210 T	0.00293	0.00079	0.99627
1211 T	0.00294	0.00091	0.99614
1212 A	0.00291	0.00117	0.99592
1213 A	0.00288	0.00142	0.9957
1214 G	0.00288	0.00138	0.99575
1215 T	0.00290	0.00150	0.9956
1216 G	0.00289	0.00172	0.99538
1217 T	0.00291	0.00173	0.99536
1218 T	0.00292	0.00178	0.9953
1219 T	0.00291	0.00186	0.99523
1220 G	0.00290	0.00193	0.99517
1221 C	0.00289	0.00203	0.99508
1222 A	0.00287	0.00259	0.99454
1223 T	0.00287	0.00289	0.99424
1224 T	0.00286	0.00295	0.99418
1225 G	0.00284	0.00307	0.99408
1226 A	0.00283	0.00314	0.99403
1227 A	0.00283	0.00318	0.994
1228 C	0.00283	0.00320	0.99397
1229 A	0.00282	0.00327	0.9939
1230 A	0.00283	0.00333	0.99384
1231 A	0.00285	0.00337	0.99378
1232 A	0.00290	0.00336	0.99374
1233 A	0.00301	0.00329	0.9937
1234 A	0.00316	0.00313	0.99371
1235 A	0.00340	0.00286	0.99375
1236 T	0.00368	0.00254	0.99378
1237 A	0.00380	0.00241	0.9938
1238 C	0.00400	0.00219	0.99381
1239 T	0.00424	0.00199	0.99377
1240 A	0.00432	0.00204	0.99364
1241 T	0.00447	0.00194	0.99359
1242 T	0.00461	0.00184	0.99354
1243 G	0.00467	0.00178	0.99355
1244 A	0.00475	0.00169	0.99357
1245 T	0.00524	0.00117	0.99359
1246 T	0.00548	0.00092	0.99361
1247 C	0.00554	0.00084	0.99362
1248 T	0.00565	0.00073	0.99363
1249 T	0.00571	0.00066	0.99363
1250 T	0.00573	0.00064	0.99364
1251 A	0.00574	0.00062	0.99364
1252 G	0.00578	0.00058	0.99364
1253 C	0.00583	0.00052	0.99364
1254 T	0.00589	0.00047	0.99364
1255 T	0.00593	0.00043	0.99364
1256 T	0.00596	0.00042	0.99361
1257 T	0.00597	0.00043	0.9936
1258 A	0.00597	0.00045	0.99358
1259 A	0.00597	0.00046	0.99357
1260 A	0.00597	0.00046	0.99356
1261 G	0.00598	0.00046	0.99356
1262 A	0.00604	0.00040	0.99356
1263 T	0.00619	0.00025	0.99356
1264 T	0.00626	0.00018	0.99357
1265 T	0.00630	0.00014	0.99357
1266 T	0.00630	0.00013	0.99357
1267 T	0.00631	0.00013	0.99357
1268 C	0.00631	0.00014	0.99356
1269 T	0.00631	0.00014	0.99355
1270 T	0.00631	0.00015	0.99354
1271 T	0.00630	0.00017	0.99353
1272 T	0.00630	0.00018	0.99353
1273 C	0.00628	0.00020	0.99353
1274 A	0.00624	0.00024	0.99352
1275 T	0.00614	0.00034	0.99352
1276 C	0.00602	0.00048	0.99351
1277 C	0.00596	0.00056	0.99348
1278 G	0.00594	0.00065	0.99341
1279 T	0.00594	0.00071	0.99336
1280 A	0.00593	0.00073	0.99334
1281 T	0.00594	0.00073	0.99333
1282 T	0.00593	0.00075	0.99333
1283 T	0.00589	0.00079	0.99333
1284 C	0.00571	0.00096	0.99333
1285 A	0.00556	0.00113	0.99331
1286 G	0.00548	0.00122	0.9933
1287 C	0.00544	0.00126	0.9933
1288 A	0.00541	0.00129	0.9933
1289 A	0.00538	0.00132	0.9933
1290 A	0.00538	0.00132	0.9933
1291 C	0.00538	0.00131	0.9933
1292 C	0.00539	0.00131	0.9933
1293 A	0.00539	0.00132	0.99329
1294 T	0.00540	0.00131	0.99329
1295 G	0.00540	0.00132	0.99328
1296 G	0.00540	0.00136	0.99323
1297 A	0.00541	0.00135	0.99324
1298 G	0.00542	0.00123	0.99334
1299 T	0.00547	0.00110	0.99343
1300 T	0.00551	0.00105	0.99345
1301 T	0.00556	0.00106	0.99338
1302 G	0.00558	0.00114	0.99329
1303 T	0.00558	0.00145	0.99297
1304 T	0.00558	0.00164	0.99278
1305 A	0.00557	0.00178	0.99266
1306 A	0.00556	0.00183	0.99261
1307 A	0.00556	0.00171	0.99273
1308 T	0.00556	0.00161	0.99283
1309 T	0.00556	0.00160	0.99283
1310 T	0.00552	0.00181	0.99267
1311 G	0.00545	0.00207	0.99248
1312 A	0.00543	0.00236	0.99221
1313 T	0.00541	0.00249	0.9921
1314 A	0.00537	0.00269	0.99194
1315 G	0.00536	0.00282	0.99181
1316 G	0.00537	0.00288	0.99175
1317 G	0.00537	0.00301	0.99162
1318 A	0.00538	0.00332	0.9913
1319 T	0.00544	0.00359	0.99097
1320 C	0.00541	0.00390	0.99069
1321 A	0.00535	0.00537	0.98928
1322 A	0.00539	0.00557	0.98903
1323 A	0.00546	0.00562	0.98892
1324 T	0.00562	0.00555	0.98884
1325 A	0.00576	0.00544	0.9888
1326 T	0.00615	0.00505	0.9888
1327 T	0.00631	0.00488	0.98881
1328 T	0.00639	0.00479	0.98882
