# lcl|CP097583.1_cds_USQ93566.1_1
# AA	inside	membr	outside
1 A	0.72121	0.00000	0.27879
2 T	0.71884	0.00237	0.27879
3 G	0.71593	0.00528	0.27879
4 A	0.71593	0.01726	0.26681
5 T	0.65856	0.07964	0.2618
6 C	0.65856	0.08067	0.26077
7 A	0.47170	0.26825	0.26006
8 A	0.47169	0.26826	0.26005
9 A	0.46685	0.27318	0.25997
10 A	0.46685	0.27653	0.25662
11 A	0.46673	0.27685	0.25642
12 T	0.46581	0.27786	0.25633
13 A	0.46422	0.27980	0.25598
14 T	0.46422	0.27980	0.25598
15 T	0.46422	0.28159	0.2542
16 T	0.46419	0.28162	0.2542
17 T	0.46408	0.28172	0.2542
18 T	0.46407	0.28176	0.25416
19 T	0.46324	0.28264	0.25412
20 T	0.45617	0.29107	0.25276
21 C	0.38182	0.36498	0.25319
22 A	0.37743	0.37082	0.25175
23 A	0.37604	0.37326	0.2507
24 T	0.37711	0.37329	0.24961
25 A	0.37696	0.37018	0.25287
26 T	0.37804	0.36245	0.25951
27 T	0.38376	0.25199	0.36425
28 T	0.37708	0.20719	0.41573
29 T	0.35224	0.25298	0.39478
30 T	0.28659	0.37819	0.33522
31 A	0.21784	0.57765	0.20451
32 A	0.18435	0.67120	0.14445
33 A	0.16310	0.75000	0.0869
34 A	0.15194	0.76645	0.08161
35 T	0.14420	0.77516	0.08063
36 T	0.13054	0.79055	0.07891
37 A	0.10896	0.81454	0.0765
38 C	0.09719	0.82708	0.07573
39 A	0.08672	0.84588	0.0674
40 A	0.08252	0.85093	0.06655
41 A	0.08047	0.85322	0.06632
42 A	0.07923	0.85425	0.06651
43 A	0.07921	0.85120	0.06958
44 A	0.07850	0.79439	0.12711
45 G	0.07910	0.78851	0.13239
46 A	0.08035	0.78547	0.13418
47 A	0.08232	0.78497	0.1327
48 A	0.08564	0.78183	0.13253
49 A	0.09089	0.77370	0.13541
50 A	0.10283	0.75461	0.14256
51 A	0.13013	0.71036	0.15951
52 A	0.18117	0.62555	0.19328
53 T	0.31714	0.41490	0.26795
54 T	0.43173	0.23664	0.33163
55 T	0.47558	0.16119	0.36323
56 T	0.50236	0.11441	0.38324
57 A	0.50481	0.10252	0.39267
58 T	0.50685	0.09099	0.40216
59 T	0.51000	0.07506	0.41494
60 T	0.51204	0.05653	0.43143
61 T	0.51293	0.04680	0.44027
62 T	0.51756	0.03576	0.44669
63 T	0.51653	0.03637	0.44709
64 T	0.51134	0.04339	0.44528
65 T	0.50332	0.05355	0.44313
66 A	0.48801	0.07707	0.43492
67 A	0.48461	0.09359	0.4218
68 T	0.48500	0.09763	0.41737
69 T	0.48460	0.10248	0.41292
70 T	0.48528	0.10542	0.4093
71 T	0.48014	0.11312	0.40673
72 A	0.46589	0.13064	0.40348
73 T	0.45948	0.13902	0.40151
74 T	0.45650	0.14311	0.40039
75 A	0.45497	0.14555	0.39948
76 T	0.45642	0.14479	0.39879
77 T	0.45705	0.14557	0.39737
78 T	0.45751	0.14621	0.39627
79 A	0.45809	0.14986	0.39205
80 T	0.45983	0.15147	0.3887
81 T	0.46037	0.15526	0.38438
82 T	0.46002	0.16045	0.37953
83 T	0.45975	0.16563	0.37462
84 T	0.45897	0.17114	0.36989
85 A	0.45757	0.18232	0.36011
86 A	0.45898	0.18667	0.35435
87 T	0.46199	0.18546	0.35255
88 A	0.46269	0.19102	0.34629
89 A	0.46938	0.17968	0.35094
90 T	0.48011	0.17502	0.34487
91 A	0.47886	0.19367	0.32747
92 T	0.48107	0.20140	0.31752
93 T	0.47620	0.20692	0.31688
94 T	0.46162	0.22162	0.31676
95 A	0.43596	0.24818	0.31586
96 T	0.42162	0.27133	0.30706
97 C	0.38903	0.32685	0.28411
98 A	0.35912	0.43055	0.21033
99 A	0.33309	0.51644	0.15046
100 T	0.32005	0.53369	0.14626
101 G	0.29443	0.56582	0.13975
102 G	0.28865	0.57230	0.13904
103 A	0.29143	0.56894	0.13963
104 C	0.29545	0.56287	0.14169
105 T	0.30020	0.55676	0.14304
106 C	0.30260	0.55364	0.14376
107 C	0.30466	0.55211	0.14324
108 A	0.30763	0.55284	0.13953
109 A	0.31027	0.55231	0.13743
110 A	0.31332	0.55024	0.13645
111 A	0.31768	0.54662	0.1357
112 G	0.31822	0.54522	0.13656
113 G	0.32084	0.53955	0.1396
114 A	0.29025	0.56803	0.14172
115 A	0.27293	0.58199	0.14508
116 A	0.26368	0.58217	0.15414
117 A	0.26045	0.56877	0.17078
118 G	0.26918	0.53945	0.19138
119 A	0.28139	0.52375	0.19486
120 A	0.30608	0.49715	0.19677
121 A	0.37015	0.41624	0.21361
122 T	0.41916	0.35444	0.2264
123 A	0.41151	0.37172	0.21678
124 T	0.40437	0.36109	0.23453
125 C	0.35925	0.41096	0.22979
126 A	0.31907	0.47040	0.21054
127 T	0.29350	0.49734	0.20916
128 C	0.25720	0.53510	0.2077
129 A	0.22846	0.57072	0.20081
130 A	0.20179	0.60324	0.19497
131 C	0.18769	0.61595	0.19636
132 A	0.14872	0.67053	0.18076
133 A	0.13308	0.71061	0.15631
134 A	0.12873	0.71800	0.15327
135 A	0.12957	0.71387	0.15656
136 A	0.13213	0.70708	0.1608
137 T	0.13741	0.64818	0.21441
138 G	0.13828	0.62011	0.24161
139 G	0.14097	0.60675	0.25229
140 A	0.13997	0.60862	0.25141
141 A	0.13828	0.61618	0.24554
142 G	0.14514	0.60399	0.25088
143 A	0.16666	0.58253	0.25081
144 A	0.17682	0.57133	0.25185
145 A	0.19153	0.55187	0.2566
146 A	0.21631	0.51887	0.26481
147 A	0.22743	0.49242	0.28015
148 T	0.24411	0.42654	0.32934
149 T	0.25753	0.38998	0.3525
150 T	0.25763	0.38026	0.36211
151 A	0.25349	0.40503	0.34148
152 A	0.25648	0.41035	0.33317
153 T	0.26108	0.38563	0.35329
154 A	0.25747	0.37833	0.3642
155 G	0.26777	0.33682	0.39541
156 T	0.29297	0.30517	0.40185
157 C	0.29074	0.32747	0.3818
158 A	0.28512	0.36564	0.34924
159 A	0.28405	0.39696	0.31899
160 T	0.28788	0.40320	0.30891
161 T	0.28673	0.42125	0.29202
162 A	0.27761	0.43600	0.2864
163 A	0.28087	0.42755	0.29159
164 T	0.28991	0.41131	0.29877
165 T	0.28920	0.40750	0.3033
166 C	0.28533	0.40923	0.30544
167 G	0.28243	0.41995	0.29763
168 G	0.28501	0.43183	0.28316
169 A	0.29346	0.45055	0.25599
170 A	0.30160	0.44629	0.2521
171 A	0.31836	0.43169	0.24995
172 T	0.34639	0.40106	0.25255
173 T	0.35754	0.38802	0.25443
174 C	0.38028	0.36106	0.25866
175 A	0.39685	0.34887	0.25429
176 A	0.40267	0.34541	0.25193
177 A	0.41144	0.33780	0.25076
178 T	0.42916	0.31883	0.25201
179 A	0.43781	0.31568	0.24651
180 T	0.46355	0.28669	0.24976
181 A	0.47994	0.27309	0.24698
182 T	0.50510	0.24680	0.24811
183 A	0.49478	0.25765	0.24757
184 A	0.49740	0.25236	0.25024
185 T	0.49450	0.24289	0.26261
186 G	0.42707	0.30162	0.2713
187 C	0.38842	0.33521	0.27637
188 G	0.32516	0.40695	0.26788
189 G	0.30528	0.43635	0.25837
190 A	0.27384	0.48658	0.23957
191 A	0.27065	0.49978	0.22957
192 A	0.28563	0.48911	0.22525
193 A	0.28500	0.48701	0.22799
194 A	0.28702	0.48256	0.23043
195 T	0.29173	0.47357	0.23471
196 T	0.29138	0.46980	0.23881
197 C	0.28752	0.46920	0.24328
198 G	0.28452	0.47046	0.24503
199 A	0.28644	0.46758	0.24597
200 T	0.29191	0.46105	0.24704
201 A	0.29339	0.45882	0.2478
202 A	0.29962	0.45118	0.2492
203 C	0.30768	0.43262	0.2597
204 T	0.31975	0.41496	0.26529
205 A	0.32448	0.40597	0.26955
206 A	0.32867	0.38802	0.28331
207 T	0.33485	0.37185	0.2933
208 T	0.33859	0.36007	0.30134
209 T	0.34184	0.28440	0.37376
210 A	0.34486	0.23902	0.41611
211 T	0.35536	0.15990	0.48474
212 A	0.36335	0.13606	0.50059
213 T	0.38073	0.08494	0.53433
214 T	0.38807	0.06997	0.54196
215 A	0.39047	0.06753	0.54199
216 T	0.39151	0.06071	0.54778
217 T	0.39176	0.06003	0.54821
218 T	0.39120	0.06315	0.54565
219 T	0.39021	0.06613	0.54366
220 T	0.38909	0.07360	0.5373
221 T	0.38738	0.08168	0.53094
222 A	0.38211	0.11254	0.50535
223 T	0.37609	0.19133	0.43258
224 T	0.37189	0.24604	0.38207
225 A	0.36274	0.33220	0.30506
226 G	0.35980	0.34488	0.29532
227 A	0.35877	0.36583	0.2754
228 A	0.35841	0.37356	0.26802
229 G	0.35814	0.37625	0.26561
230 C	0.35853	0.37881	0.26265
231 T	0.35870	0.38283	0.25847
232 G	0.35823	0.38699	0.25479
233 A	0.35877	0.38898	0.25225
234 A	0.35980	0.38949	0.25072
235 G	0.36213	0.38827	0.2496
236 A	0.36530	0.38664	0.24806
237 T	0.37518	0.37631	0.24851
238 T	0.38512	0.36821	0.24668
239 T	0.38816	0.37167	0.24016
240 A	0.38890	0.38145	0.22965
241 A	0.39118	0.39684	0.21198
242 A	0.39471	0.39465	0.21064
243 T	0.40349	0.38618	0.21033
244 A	0.41000	0.37736	0.21264
245 A	0.43418	0.34715	0.21866
246 C	0.50838	0.26532	0.2263
247 A	0.55740	0.21399	0.22861
248 C	0.62092	0.14432	0.23477
249 A	0.63371	0.13073	0.23556
250 T	0.65852	0.10558	0.2359
251 T	0.66612	0.09879	0.2351
252 C	0.66846	0.09609	0.23545
253 T	0.67022	0.09500	0.23478
254 T	0.66870	0.09716	0.23414
255 T	0.66294	0.10452	0.23254
256 C	0.64941	0.11848	0.23211
257 A	0.60520	0.16406	0.23074
258 A	0.48629	0.28295	0.23076
259 A	0.45465	0.31452	0.23083
260 C	0.42556	0.34333	0.23112
261 G	0.41344	0.35572	0.23084
262 C	0.41398	0.35541	0.23062
263 A	0.41658	0.35401	0.22941
264 A	0.42430	0.34696	0.22874
265 A	0.42098	0.35067	0.22836
266 T	0.41999	0.34968	0.23033
267 G	0.40924	0.35928	0.23147
268 T	0.39972	0.36371	0.23658
269 T	0.38223	0.38172	0.23605
270 A	0.34373	0.41968	0.23659
271 G	0.32950	0.43203	0.23847
272 A	0.32409	0.43523	0.24068
273 A	0.31996	0.43653	0.24351
274 C	0.31710	0.43482	0.24808
275 C	0.31550	0.43281	0.25169
276 T	0.31335	0.43448	0.25218
277 A	0.30999	0.43567	0.25434
278 A	0.30776	0.43405	0.25819
279 T	0.30727	0.42789	0.26484
280 G	0.30650	0.38934	0.30416
281 C	0.30588	0.25556	0.43857
282 A	0.30503	0.22789	0.46708
283 T	0.30452	0.20033	0.49514
284 T	0.30284	0.19669	0.50047
285 G	0.28932	0.21885	0.49184
286 A	0.28802	0.23717	0.47482
287 A	0.28748	0.24645	0.46608
288 T	0.28713	0.24178	0.47109
289 A	0.28594	0.25927	0.45479
290 T	0.28672	0.28407	0.4292
291 A	0.28602	0.29657	0.41741
292 A	0.28808	0.29459	0.41732
293 T	0.28915	0.27011	0.44074
294 T	0.28862	0.28163	0.42975
295 A	0.28420	0.37548	0.34033
296 A	0.26925	0.41148	0.31927
297 T	0.23955	0.45816	0.30229
298 A	0.21867	0.48901	0.29233
299 A	0.21650	0.49548	0.28803
300 A	0.21463	0.50254	0.28283
301 T	0.21467	0.50640	0.27893
302 T	0.21313	0.52790	0.25897
303 T	0.21091	0.55011	0.23898
304 A	0.19667	0.57208	0.23126
305 A	0.18640	0.58754	0.22606
306 A	0.18467	0.59137	0.22395
307 A	0.18648	0.59017	0.22335
308 C	0.19821	0.56351	0.23828
309 A	0.22231	0.53731	0.24037
310 T	0.25151	0.50655	0.24194
311 A	0.26105	0.49629	0.24267
312 C	0.28657	0.46942	0.24402
313 C	0.32184	0.43359	0.24457
314 C	0.34646	0.40782	0.24572
315 T	0.36717	0.38823	0.2446
316 A	0.37582	0.38188	0.2423
317 A	0.39861	0.35984	0.24155
318 T	0.48455	0.27066	0.2448
319 A	0.49401	0.24675	0.25924
320 T	0.49808	0.20613	0.29579
321 C	0.47373	0.21399	0.31227
322 A	0.44086	0.27912	0.28002
323 A	0.42283	0.33582	0.24135
324 A	0.34395	0.44643	0.20962
325 G	0.31433	0.48673	0.19893
326 A	0.30836	0.49257	0.19907
327 A	0.30512	0.48171	0.21318
328 T	0.29653	0.47902	0.22445
329 A	0.24460	0.52906	0.22635
330 C	0.21739	0.55487	0.22773
331 G	0.19311	0.59140	0.21549
332 A	0.17851	0.60784	0.21365
333 A	0.17229	0.61442	0.21328
334 T	0.16760	0.61897	0.21343
335 A	0.15824	0.62855	0.21321
336 C	0.15253	0.63263	0.21484
337 A	0.14798	0.63673	0.21529
338 A	0.14608	0.63763	0.2163
339 A	0.14661	0.63461	0.21878
340 A	0.14717	0.63152	0.22131
341 C	0.14811	0.62610	0.2258
342 A	0.15071	0.61033	0.23896
343 G	0.15660	0.58486	0.25854
344 A	0.16585	0.54767	0.28648
345 T	0.20511	0.47687	0.31802
346 T	0.24288	0.41714	0.33999
347 T	0.26891	0.29797	0.43313
348 T	0.27500	0.23642	0.48858
349 T	0.27594	0.20642	0.51764
350 A	0.27633	0.19395	0.52973
351 T	0.27787	0.17356	0.54857
352 T	0.27893	0.12376	0.59731
353 A	0.28003	0.09717	0.6228
354 T	0.29131	0.06524	0.64345
355 T	0.29330	0.05256	0.65415
356 T	0.29368	0.05533	0.65099
357 A	0.29373	0.05721	0.64906
358 T	0.29416	0.05243	0.65342
359 T	0.29450	0.05784	0.64766
360 T	0.29462	0.07192	0.63347
361 T	0.29454	0.10459	0.60088
362 T	0.29350	0.14872	0.55778
363 A	0.28324	0.19941	0.51736
364 T	0.27775	0.22016	0.50209
365 T	0.25457	0.26722	0.4782
366 A	0.20762	0.41271	0.37967
367 A	0.19003	0.49216	0.3178
368 T	0.18410	0.52798	0.28791
369 A	0.17792	0.56086	0.26123
370 A	0.17472	0.57630	0.24898
371 A	0.17278	0.58920	0.23802
372 T	0.17230	0.59417	0.23353
373 A	0.17115	0.59907	0.22978
374 A	0.17158	0.59900	0.22941
375 A	0.17325	0.59727	0.22948
376 A	0.17756	0.59274	0.22969
377 T	0.18376	0.58630	0.22994
378 C	0.18781	0.58202	0.23017
379 C	0.19666	0.57306	0.23029
380 C	0.20277	0.56690	0.23034
381 G	0.20931	0.56037	0.23031
382 A	0.22161	0.54809	0.2303
383 T	0.24878	0.52092	0.2303
384 A	0.27993	0.48965	0.23042
385 T	0.32913	0.43864	0.23223
386 T	0.36768	0.38509	0.24722
387 A	0.38048	0.36495	0.25457
388 A	0.40189	0.31999	0.27812
389 G	0.49413	0.18499	0.32087
390 T	0.56184	0.10101	0.33715
391 T	0.59275	0.06392	0.34333
392 T	0.61590	0.03686	0.34724
393 A	0.62448	0.02635	0.34917
394 T	0.63425	0.01445	0.3513
395 T	0.63772	0.01017	0.35211
396 T	0.64000	0.00706	0.35294
397 T	0.64012	0.00941	0.35048
398 T	0.64007	0.01547	0.34446
399 T	0.63999	0.02189	0.33812
400 A	0.63980	0.03308	0.32712
401 T	0.63969	0.03678	0.32353
402 T	0.63957	0.04484	0.31559
403 T	0.63944	0.05642	0.30414
404 T	0.63906	0.06132	0.29962
405 A	0.63496	0.07106	0.29398
406 T	0.63336	0.07523	0.2914
407 T	0.63152	0.07957	0.2889
408 T	0.62789	0.08688	0.28523
409 A	0.62056	0.09457	0.28487
410 A	0.61846	0.09674	0.28479
411 A	0.61777	0.09750	0.28473
412 T	0.61799	0.09731	0.2847
413 C	0.61818	0.09734	0.28448
414 T	0.61880	0.09729	0.28391
415 T	0.61931	0.09728	0.28341
416 T	0.61960	0.09747	0.28294
417 A	0.61921	0.09794	0.28285
418 A	0.61933	0.09780	0.28287
419 G	0.62027	0.09646	0.28327
420 T	0.62469	0.09156	0.28375
421 C	0.63104	0.08490	0.28406
422 C	0.63953	0.07634	0.28413
423 T	0.65330	0.06259	0.28411
424 A	0.65750	0.05848	0.28402
425 T	0.66536	0.05064	0.284
426 T	0.67234	0.04380	0.28386
427 A	0.67502	0.04154	0.28344
428 T	0.68025	0.03140	0.28835
429 T	0.68234	0.02731	0.29036
430 T	0.68271	0.02481	0.29248
431 T	0.68267	0.02219	0.29514
432 T	0.67992	0.02042	0.29965
433 A	0.67612	0.02343	0.30044
434 C	0.67479	0.02421	0.301
435 G	0.67448	0.02495	0.30056
436 T	0.67479	0.02493	0.30028
437 T	0.67525	0.02479	0.29996
438 T	0.67548	0.02473	0.29979
439 T	0.67554	0.02472	0.29974
440 A	0.67495	0.02502	0.30003
441 T	0.67487	0.02476	0.30037
442 A	0.67475	0.02513	0.30012
443 T	0.67474	0.02517	0.30009
444 T	0.67458	0.02527	0.30015
445 T	0.67429	0.02584	0.29987
446 T	0.67282	0.02814	0.29903
447 A	0.67100	0.03110	0.29789
448 A	0.67007	0.03281	0.29712
449 A	0.66975	0.03388	0.29638
450 T	0.66977	0.03444	0.29579
451 A	0.66852	0.03752	0.29396
452 A	0.66868	0.03796	0.29336
453 T	0.66878	0.03529	0.29593
454 T	0.66847	0.03354	0.29799
455 T	0.66797	0.03169	0.30035
456 T	0.66740	0.03019	0.3024
457 C	0.66535	0.03214	0.30252
458 T	0.66297	0.03944	0.29759
459 T	0.65636	0.04855	0.29509
460 T	0.62849	0.08049	0.29102
461 T	0.58252	0.12946	0.28802
462 A	0.46274	0.25559	0.28167
463 C	0.37956	0.33959	0.28086
464 A	0.33583	0.38659	0.27758
465 A	0.31984	0.40447	0.27569
466 T	0.31283	0.41252	0.27466
467 C	0.30313	0.42290	0.27397
468 A	0.29699	0.43167	0.27134
469 G	0.29534	0.43341	0.27125
470 G	0.29415	0.43577	0.27008
471 A	0.28919	0.44329	0.26752
472 A	0.28781	0.44597	0.26622
473 A	0.28767	0.44571	0.26661
474 A	0.28910	0.44288	0.26801
475 T	0.29041	0.44031	0.26928
476 T	0.29011	0.43992	0.26997
477 G	0.28944	0.44002	0.27054
478 A	0.28919	0.44020	0.2706
479 A	0.28961	0.43865	0.27174
480 A	0.29000	0.43435	0.27565
481 A	0.29367	0.42471	0.28161
482 A	0.29673	0.40911	0.29416
483 T	0.30136	0.36684	0.3318
484 A	0.30368	0.31690	0.37942
485 A	0.30884	0.19271	0.49845
486 T	0.31125	0.10548	0.58328
487 C	0.31442	0.06308	0.6225
488 C	0.31546	0.05526	0.62927
489 T	0.31628	0.05922	0.62449
490 T	0.31616	0.06293	0.62091
491 T	0.31401	0.07777	0.60822
492 G	0.30712	0.11300	0.57988
493 A	0.30153	0.12710	0.57137
494 T	0.29992	0.14077	0.55931
495 T	0.29460	0.16669	0.5387
496 T	0.28414	0.19269	0.52318
497 C	0.27178	0.22055	0.50767
498 T	0.25723	0.28181	0.46095
499 A	0.21634	0.42171	0.36195
500 A	0.19304	0.49017	0.31679
501 T	0.18264	0.50392	0.31344
502 A	0.16806	0.52040	0.31155
503 A	0.15532	0.53315	0.31154
504 A	0.14632	0.54183	0.31185
505 C	0.13861	0.54977	0.31162
506 A	0.12724	0.56593	0.30683
507 A	0.12375	0.57302	0.30323
508 A	0.12150	0.58179	0.29671
509 A	0.12134	0.58476	0.29389
510 A	0.12311	0.58511	0.29178
511 T	0.12891	0.57722	0.29387
512 T	0.13537	0.56920	0.29543
513 A	0.13858	0.56546	0.29596
514 A	0.15084	0.55068	0.29849
515 A	0.17798	0.51637	0.30566
516 A	0.19393	0.49106	0.31501
517 T	0.23115	0.44296	0.32589
518 T	0.27468	0.39023	0.33509
519 T	0.30081	0.35433	0.34487
520 A	0.31433	0.33563	0.35004
521 A	0.34567	0.29248	0.36184
522 T	0.41538	0.18782	0.3968
523 T	0.44501	0.13906	0.41593
524 T	0.44597	0.13249	0.42154
525 T	0.44347	0.13583	0.4207
526 A	0.41552	0.17223	0.41225
527 A	0.39939	0.19100	0.40961
528 A	0.38811	0.20022	0.41167
529 G	0.38541	0.19456	0.42004
530 A	0.38629	0.19376	0.41995
531 T	0.39225	0.18837	0.41939
532 G	0.39063	0.18855	0.42082
533 T	0.38828	0.19019	0.42153
534 T	0.37599	0.20210	0.42192
535 G	0.35243	0.22603	0.42154
536 C	0.33590	0.24515	0.41895
537 T	0.31868	0.27179	0.40953
538 G	0.27613	0.32699	0.39688
539 G	0.24861	0.35872	0.39266
540 A	0.21176	0.40212	0.38612
541 A	0.16921	0.44856	0.38222
542 A	0.14693	0.47236	0.38071
543 C	0.13081	0.48758	0.38161
544 G	0.11970	0.50339	0.37691
545 A	0.11083	0.51904	0.37013
546 A	0.10315	0.53309	0.36376
547 G	0.09756	0.54723	0.35521
548 A	0.09379	0.57111	0.33511
549 A	0.09579	0.55206	0.35215
550 G	0.09396	0.54337	0.36266
551 A	0.08547	0.55152	0.36302
552 A	0.07341	0.57481	0.35178
553 A	0.06416	0.59152	0.34432
554 A	0.05782	0.60036	0.34182
555 A	0.04879	0.60741	0.3438
556 G	0.04307	0.60863	0.3483
557 A	0.04002	0.60183	0.35815
558 A	0.03952	0.58304	0.37745
559 G	0.04140	0.56323	0.39537
560 A	0.04769	0.54223	0.41007
561 A	0.05694	0.49823	0.44483
562 A	0.06118	0.46649	0.47234
563 T	0.06806	0.42006	0.51188
564 G	0.07042	0.37686	0.55271
565 A	0.07241	0.35763	0.56996
566 A	0.07392	0.33964	0.58643
567 A	0.07854	0.32555	0.59591
568 G	0.08505	0.30771	0.60725
569 A	0.09401	0.28715	0.61885
570 A	0.10829	0.26224	0.62947
571 T	0.13658	0.21802	0.6454
572 T	0.14966	0.19763	0.65271
573 A	0.15639	0.18758	0.65603
574 A	0.16631	0.16629	0.6674
575 T	0.18276	0.13790	0.67934
576 T	0.19087	0.12790	0.68122
577 G	0.19390	0.14292	0.66319
578 A	0.19699	0.17688	0.62613
579 T	0.20241	0.18442	0.61317
580 T	0.20177	0.21554	0.58269
581 T	0.19778	0.23970	0.56252
582 T	0.18645	0.26663	0.54692
583 T	0.17297	0.30248	0.52455
584 T	0.16185	0.33054	0.50761
585 A	0.14623	0.35897	0.4948
586 A	0.14001	0.37113	0.48885
587 A	0.13770	0.37678	0.48552
588 A	0.13679	0.37723	0.48598
589 A	0.13923	0.37340	0.48737
590 A	0.14470	0.36659	0.4887
591 T	0.14833	0.36222	0.48945
592 C	0.15122	0.35881	0.48997
593 C	0.15397	0.35608	0.48995
594 A	0.15531	0.35538	0.48931
595 C	0.16007	0.35088	0.48905
596 T	0.16534	0.34613	0.48853
597 A	0.16886	0.34312	0.48802
598 A	0.17643	0.33583	0.48773
599 A	0.18930	0.32270	0.48799
600 A	0.22095	0.28978	0.48927
601 T	0.27507	0.22981	0.49513
602 A	0.30070	0.19943	0.49987
603 T	0.34697	0.14073	0.5123
604 T	0.36780	0.10825	0.52394
605 C	0.37736	0.08055	0.54209
606 T	0.39133	0.05795	0.55071
607 T	0.39771	0.04531	0.55698
608 C	0.39573	0.04258	0.56169
609 A	0.37572	0.06881	0.55547
610 A	0.36032	0.08949	0.55019
611 T	0.34191	0.10923	0.54886
612 A	0.28990	0.16766	0.54244
613 G	0.26428	0.19258	0.54314
614 G	0.25379	0.19997	0.54624
615 A	0.24843	0.20342	0.54815
616 G	0.24731	0.20235	0.55034
617 C	0.24854	0.19966	0.55179
618 T	0.24925	0.19865	0.55211
619 T	0.24948	0.19818	0.55234
620 C	0.24915	0.19826	0.55259
621 T	0.24899	0.19839	0.55262
622 A	0.24849	0.19887	0.55264
623 T	0.24804	0.19914	0.55283
624 T	0.24733	0.19971	0.55295
625 C	0.24597	0.20094	0.55309
626 C	0.24529	0.20146	0.55324
627 G	0.24480	0.20199	0.5532
628 A	0.24455	0.20229	0.55316
629 A	0.24461	0.20201	0.55337
630 A	0.24535	0.20069	0.55396
631 G	0.24757	0.19280	0.55964
632 G	0.25573	0.15801	0.58625
633 A	0.26215	0.12930	0.60854
634 A	0.26644	0.10123	0.63233
635 T	0.27341	0.04803	0.67856
636 T	0.27417	0.02861	0.69722
637 T	0.27453	0.02308	0.70239
638 T	0.27442	0.02682	0.69877
639 A	0.27362	0.04362	0.68276
640 T	0.27320	0.05753	0.66927
641 T	0.27200	0.07611	0.65189
642 A	0.26312	0.10801	0.62887
643 G	0.24948	0.14168	0.60884
644 A	0.23542	0.16737	0.59721
645 A	0.22536	0.17817	0.59646
646 G	0.22273	0.18033	0.59694
647 G	0.22129	0.18100	0.59771
648 C	0.22103	0.18000	0.59896
649 C	0.22097	0.17971	0.59932
650 C	0.22097	0.17965	0.59939
651 A	0.22097	0.17968	0.59936
652 C	0.22097	0.17967	0.59936
653 C	0.22046	0.18020	0.59934
654 A	0.21991	0.18098	0.59911
655 G	0.21991	0.18100	0.5991
656 G	0.22018	0.18072	0.5991
657 G	0.22062	0.18030	0.59908
658 A	0.22187	0.17902	0.5991
659 C	0.22511	0.17509	0.5998
660 A	0.22917	0.17097	0.59986
661 G	0.23845	0.16129	0.60025
662 G	0.25628	0.14277	0.60095
663 T	0.27316	0.12543	0.6014
664 A	0.28711	0.11067	0.60223
665 A	0.30750	0.08117	0.61134
666 A	0.32539	0.04995	0.62466
667 A	0.33604	0.02485	0.63911
668 C	0.33823	0.01243	0.64934
669 T	0.33995	0.00871	0.65134
670 C	0.34050	0.00725	0.65225
671 T	0.34092	0.00693	0.65215
672 T	0.34061	0.00748	0.65191
673 T	0.33903	0.00908	0.65188
674 T	0.33657	0.01163	0.6518
675 A	0.33338	0.01496	0.65165
676 G	0.33228	0.01549	0.65223
677 C	0.33131	0.01622	0.65247
678 T	0.33041	0.01799	0.6516
679 A	0.32932	0.01978	0.65091
680 A	0.32886	0.02149	0.64965
681 A	0.32802	0.02363	0.64835
682 G	0.32772	0.02439	0.64789
683 C	0.32777	0.02396	0.64827
684 T	0.32792	0.02412	0.64795
685 T	0.32795	0.02409	0.64796
686 T	0.32790	0.02413	0.64798
687 A	0.32774	0.02421	0.64805
688 G	0.32768	0.02410	0.64822
689 C	0.32760	0.02371	0.64869
690 T	0.32740	0.02382	0.64877
691 G	0.32692	0.02426	0.64882
692 G	0.32661	0.02452	0.64887
693 G	0.32645	0.02462	0.64893
694 G	0.32653	0.02443	0.64904
695 A	0.32675	0.02325	0.65
696 A	0.32692	0.02093	0.65215
697 T	0.32729	0.01752	0.6552
698 C	0.32750	0.01446	0.65803
699 A	0.32766	0.01363	0.65871
700 G	0.32809	0.01235	0.65956
701 G	0.32898	0.01082	0.6602
702 A	0.32977	0.00935	0.66088
703 G	0.33124	0.00747	0.66129
704 T	0.33297	0.00465	0.66238
705 T	0.33358	0.00350	0.66293
706 C	0.33369	0.00301	0.6633
707 C	0.33393	0.00268	0.6634
708 T	0.33405	0.00255	0.6634
709 T	0.33407	0.00266	0.66326
710 T	0.33406	0.00289	0.66306
711 T	0.33337	0.00381	0.66282
712 T	0.33191	0.00521	0.66288
713 A	0.33020	0.00665	0.66315
714 T	0.32890	0.00745	0.66365
715 G	0.32781	0.00821	0.66398
716 C	0.32740	0.00843	0.66416
717 T	0.32721	0.00868	0.66411
718 G	0.32688	0.00903	0.66409
719 T	0.32662	0.00929	0.66409
720 T	0.32612	0.00980	0.66408
721 T	0.32515	0.01077	0.66408
722 C	0.32328	0.01259	0.66413
723 C	0.32250	0.01339	0.6641
724 G	0.32147	0.01444	0.66409
725 G	0.32124	0.01468	0.66407
726 T	0.32097	0.01498	0.66405
727 T	0.32035	0.01563	0.66402
728 C	0.31980	0.01621	0.66399
729 A	0.31929	0.01683	0.66388
730 G	0.31892	0.01725	0.66383
731 A	0.31882	0.01748	0.66369
732 A	0.31894	0.01749	0.66356
733 T	0.31914	0.01734	0.66351
734 T	0.31896	0.01665	0.66439
735 T	0.31782	0.01652	0.66566
736 G	0.31444	0.01938	0.66618
737 T	0.31233	0.02345	0.66421
738 A	0.29911	0.04239	0.6585
739 G	0.29523	0.05305	0.65171
740 A	0.29287	0.06061	0.64652
741 A	0.29121	0.06408	0.64471
742 A	0.29065	0.06565	0.64371
743 T	0.29034	0.06547	0.64419
744 A	0.28877	0.06628	0.64495
745 T	0.28821	0.06523	0.64656
746 A	0.28717	0.06561	0.64722
747 C	0.28410	0.06743	0.64847
748 A	0.28238	0.06907	0.64855
749 T	0.28083	0.07037	0.6488
750 C	0.27480	0.07609	0.64911
751 G	0.27088	0.07985	0.64928
752 G	0.26620	0.08447	0.64933
753 G	0.26281	0.08793	0.64925
754 A	0.26069	0.09085	0.64845
755 C	0.25910	0.09295	0.64795
756 A	0.25861	0.09465	0.64674
757 G	0.25870	0.09359	0.64771
758 G	0.25919	0.09156	0.64925
759 A	0.26058	0.08728	0.65214
760 G	0.26431	0.08172	0.65396
761 C	0.27133	0.06113	0.66754
762 T	0.27893	0.05002	0.67105
763 T	0.28295	0.04394	0.67311
764 C	0.28350	0.04238	0.67412
765 T	0.28379	0.04323	0.67298
766 A	0.28017	0.04842	0.6714
767 G	0.27630	0.05209	0.67162
768 A	0.27376	0.05574	0.67049
769 T	0.27246	0.05710	0.67043
770 T	0.26962	0.06109	0.6693
771 A	0.26014	0.07329	0.66657
772 A	0.25171	0.08454	0.66375
773 G	0.24555	0.09159	0.66286
774 A	0.23536	0.10064	0.664
775 A	0.22819	0.10841	0.6634
776 A	0.22270	0.11496	0.66234
777 A	0.21894	0.12005	0.66101
778 C	0.21510	0.12568	0.65922
779 T	0.21274	0.12889	0.65837
780 A	0.20283	0.14154	0.65563
781 T	0.19711	0.14840	0.65449
782 T	0.18723	0.15963	0.65314
783 C	0.17524	0.17298	0.65177
784 A	0.16597	0.18804	0.64599
785 A	0.16023	0.19636	0.64342
786 A	0.15747	0.20016	0.64238
787 G	0.15641	0.20114	0.64245
788 A	0.15571	0.20168	0.64261
789 A	0.15195	0.20111	0.64695
790 G	0.15017	0.19741	0.65242
791 C	0.14940	0.19400	0.6566
792 G	0.14758	0.19576	0.65666
793 A	0.14933	0.19438	0.6563
794 A	0.15155	0.18869	0.65976
795 A	0.15463	0.18110	0.66427
796 A	0.15900	0.17322	0.66778
797 A	0.16098	0.16110	0.67792
798 A	0.16528	0.14890	0.68583
799 A	0.16983	0.13727	0.6929
800 A	0.17400	0.12629	0.69971
801 T	0.17888	0.11325	0.70787
802 A	0.18043	0.10415	0.71542
803 T	0.18440	0.08363	0.73197
804 T	0.18627	0.06983	0.7439
805 C	0.18674	0.05708	0.75618
806 C	0.18716	0.05026	0.76258
807 T	0.19080	0.04458	0.76462
808 T	0.19128	0.04296	0.76576
809 G	0.19047	0.04317	0.76636
810 T	0.19009	0.04351	0.7664
811 G	0.18881	0.04435	0.76684
812 T	0.18898	0.03899	0.77202
813 T	0.18857	0.03679	0.77464
814 A	0.18801	0.03546	0.77653
815 T	0.18877	0.03141	0.77982
816 T	0.18967	0.02813	0.7822
817 T	0.18969	0.02662	0.78369
818 T	0.18918	0.02591	0.78491
819 T	0.18814	0.02593	0.78592
820 A	0.18634	0.02750	0.78616
821 T	0.18556	0.02749	0.78694
822 T	0.18331	0.02988	0.78681
823 G	0.17885	0.03490	0.78625
824 A	0.17594	0.03896	0.7851
825 T	0.17345	0.04201	0.78455
826 G	0.16917	0.04811	0.78272
827 A	0.16630	0.05366	0.78005
828 A	0.16407	0.05724	0.77869
829 A	0.16361	0.05881	0.77757
830 T	0.16411	0.05875	0.77714
831 T	0.16404	0.06167	0.7743
832 G	0.16347	0.06828	0.76825
833 A	0.16341	0.08115	0.75544
834 T	0.16444	0.09034	0.74522
835 A	0.16423	0.11086	0.72491
836 T	0.16506	0.11659	0.71835
837 T	0.16475	0.12134	0.71391
838 T	0.16164	0.13158	0.70679
839 T	0.15585	0.14333	0.70083
840 A	0.14293	0.16436	0.69271
841 G	0.13661	0.17453	0.68886
842 G	0.13266	0.18181	0.68554
843 A	0.12942	0.18716	0.68342
844 A	0.12832	0.19022	0.68147
845 A	0.12803	0.19162	0.68035
846 A	0.12807	0.19201	0.67993
847 A	0.12846	0.19410	0.67744
848 A	0.12903	0.19568	0.67529
849 A	0.13021	0.19343	0.67636
850 A	0.13251	0.19046	0.67704
851 G	0.13437	0.18702	0.67861
852 A	0.13672	0.18462	0.67866
853 G	0.13920	0.18206	0.67874
854 G	0.14436	0.17666	0.67898
855 A	0.15288	0.16783	0.67929
856 A	0.16785	0.15239	0.67976
857 A	0.18238	0.13719	0.68043
858 T	0.20783	0.10978	0.68239
859 T	0.21652	0.09969	0.68378
860 A	0.22097	0.09338	0.68564
861 T	0.22740	0.08294	0.68966
862 A	0.23140	0.07348	0.69512
863 T	0.23774	0.05718	0.70509
864 T	0.24090	0.05054	0.70856
865 T	0.24299	0.04810	0.70891
866 C	0.24274	0.04620	0.71106
867 A	0.24398	0.04661	0.70941
868 A	0.24612	0.04438	0.7095
869 A	0.24985	0.04047	0.70968
870 C	0.25569	0.03433	0.70999
871 T	0.26098	0.02906	0.70996
872 C	0.26373	0.02614	0.71013
873 T	0.26587	0.02443	0.70969
874 T	0.26664	0.02369	0.70966
875 C	0.26672	0.02371	0.70956
876 T	0.26559	0.02520	0.7092
877 T	0.26184	0.03077	0.7074
878 C	0.25583	0.03774	0.70644
879 T	0.25391	0.04241	0.70369
880 G	0.24939	0.05157	0.69904
881 A	0.24538	0.06094	0.69367
882 A	0.24332	0.06586	0.69083
883 A	0.24250	0.06801	0.6895
884 G	0.24096	0.07033	0.68871
885 A	0.24075	0.07022	0.68903
886 G	0.24121	0.06913	0.68966
887 A	0.24263	0.06674	0.69064
888 T	0.24525	0.06253	0.69222
889 C	0.24550	0.06057	0.69393
890 A	0.24694	0.05873	0.69433
891 A	0.24725	0.05805	0.69471
892 A	0.24755	0.05737	0.69508
893 C	0.24791	0.05681	0.69528
894 T	0.24790	0.05746	0.69465
895 T	0.24778	0.05802	0.69419
896 T	0.24737	0.05941	0.69322
897 A	0.24619	0.06084	0.69297
898 A	0.24525	0.06195	0.6928
899 A	0.24531	0.05900	0.69569
900 T	0.24749	0.05108	0.70143
901 C	0.24854	0.04387	0.7076
902 A	0.25118	0.04188	0.70694
903 A	0.25589	0.03618	0.70793
904 T	0.26103	0.02994	0.70903
905 T	0.26307	0.02779	0.70914
906 A	0.26380	0.02762	0.70858
907 T	0.26466	0.02447	0.71087
908 T	0.26478	0.02360	0.71162
909 A	0.26476	0.02344	0.7118
910 A	0.26479	0.02310	0.71211
911 C	0.26489	0.02239	0.71273
912 T	0.26492	0.02228	0.7128
913 G	0.26496	0.02248	0.71256
914 A	0.26505	0.02268	0.71227
915 A	0.26520	0.02271	0.71209
916 A	0.26544	0.02260	0.71196
917 T	0.26622	0.02085	0.71293
918 G	0.26679	0.01970	0.71351
919 G	0.26774	0.01840	0.71386
920 A	0.26819	0.01816	0.71365
921 T	0.26900	0.01768	0.71333
922 G	0.26939	0.01790	0.71271
923 G	0.27026	0.01710	0.71264
924 T	0.27196	0.01547	0.71257
925 T	0.27403	0.01324	0.71273
926 T	0.27514	0.01206	0.71279
927 C	0.27586	0.01135	0.7128
928 A	0.27662	0.01057	0.71281
929 C	0.27769	0.00940	0.71291
930 T	0.27823	0.00888	0.71289
931 T	0.27860	0.00850	0.71291
932 C	0.27890	0.00818	0.71292
933 T	0.27924	0.00780	0.71296
934 T	0.27924	0.00780	0.71296
935 C	0.27917	0.00784	0.713
936 T	0.27927	0.00782	0.71291
937 C	0.27931	0.00788	0.71282
938 A	0.27939	0.00822	0.71239
939 T	0.27959	0.00847	0.71194
940 G	0.27965	0.00928	0.71107
941 G	0.27990	0.00948	0.71062
942 A	0.28049	0.00965	0.70986
943 A	0.28139	0.00996	0.70865
944 T	0.28272	0.00906	0.70822
945 A	0.28351	0.00899	0.7075
946 A	0.28374	0.00975	0.70651
947 T	0.28398	0.00965	0.70637
948 T	0.28383	0.01032	0.70585
949 A	0.28358	0.01106	0.70536
950 T	0.28312	0.01162	0.70526
951 C	0.28172	0.01327	0.705
952 A	0.27910	0.01695	0.70395
953 T	0.27753	0.01895	0.70352
954 A	0.27348	0.02374	0.70277
955 G	0.27179	0.02549	0.70272
956 G	0.27076	0.02653	0.70271
957 A	0.27023	0.02688	0.70289
958 G	0.27006	0.02676	0.70317
959 C	0.27013	0.02647	0.70341
960 C	0.27026	0.02624	0.7035
961 A	0.27062	0.02595	0.70342
962 C	0.27118	0.02544	0.70338
963 T	0.27216	0.02452	0.70332
964 A	0.27248	0.02427	0.70324
965 A	0.27311	0.02362	0.70326
966 T	0.27437	0.02216	0.70346
967 C	0.27474	0.02176	0.70349
968 G	0.27538	0.02103	0.70359
969 A	0.27623	0.02014	0.70364
970 A	0.27658	0.01970	0.70372
971 T	0.27742	0.01857	0.70401
972 T	0.27805	0.01766	0.70429
973 G	0.27811	0.01664	0.70526
974 A	0.27829	0.01472	0.70699
975 T	0.27912	0.01095	0.70994
976 A	0.27933	0.00919	0.71149
977 T	0.27986	0.00537	0.71477
978 G	0.27984	0.00458	0.71559
979 T	0.27982	0.00430	0.71588
980 T	0.27975	0.00500	0.71524
981 A	0.27964	0.00525	0.71511
982 G	0.27962	0.00521	0.71517
983 A	0.27962	0.00517	0.71521
984 T	0.27960	0.00510	0.7153
985 C	0.27950	0.00513	0.71537
986 C	0.27937	0.00531	0.71532
987 T	0.27937	0.00538	0.71525
988 G	0.27931	0.00552	0.71517
989 C	0.27929	0.00568	0.71502
990 T	0.27934	0.00598	0.71468
991 T	0.27938	0.00707	0.71355
992 T	0.27936	0.00770	0.71294
993 A	0.27928	0.00868	0.71204
994 T	0.27917	0.00963	0.7112
995 T	0.27899	0.01054	0.71046
996 A	0.27858	0.01134	0.71008
997 A	0.27827	0.01165	0.71008
998 G	0.27765	0.01229	0.71006
999 A	0.27707	0.01283	0.7101
1000 C	0.27539	0.01441	0.7102
1001 C	0.27463	0.01515	0.71022
1002 A	0.27388	0.01627	0.70984
1003 G	0.27358	0.01687	0.70954
1004 G	0.27299	0.01819	0.70882
1005 T	0.27254	0.02007	0.70738
1006 A	0.27169	0.02209	0.70623
1007 G	0.27129	0.02239	0.70632
1008 A	0.27110	0.02256	0.70635
1009 T	0.27106	0.02248	0.70646
1010 T	0.27095	0.02287	0.70618
1011 C	0.27080	0.02313	0.70607
1012 G	0.27074	0.02373	0.70553
1013 A	0.27103	0.02349	0.70548
1014 T	0.27206	0.02244	0.70551
1015 C	0.27253	0.02193	0.70555
1016 G	0.27321	0.02131	0.70547
1017 C	0.27395	0.02063	0.70542
1018 A	0.27461	0.02083	0.70456
1019 A	0.27510	0.02046	0.70444
1020 A	0.27533	0.02032	0.70436
1021 T	0.27562	0.01946	0.70492
1022 T	0.27570	0.01891	0.70539
1023 T	0.27550	0.01713	0.70737
1024 A	0.27496	0.01650	0.70855
1025 A	0.27482	0.01541	0.70976
1026 A	0.27495	0.01420	0.71085
1027 A	0.27565	0.01264	0.7117
1028 T	0.27710	0.01048	0.71242
1029 T	0.27791	0.00856	0.71353
1030 G	0.27774	0.00819	0.71407
1031 G	0.27769	0.00802	0.71428
1032 G	0.27769	0.00787	0.71443
1033 C	0.27756	0.00782	0.71462
1034 T	0.27726	0.00804	0.7147
1035 T	0.27667	0.00862	0.71471
1036 C	0.27583	0.00961	0.71456
1037 C	0.27496	0.01159	0.71345
1038 T	0.27357	0.01649	0.70994
1039 G	0.27197	0.02031	0.70772
1040 A	0.27154	0.02241	0.70605
1041 T	0.27124	0.02367	0.70509
1042 G	0.26834	0.02735	0.7043
1043 T	0.26327	0.03305	0.70368
1044 T	0.24842	0.04889	0.70269
1045 A	0.22473	0.07298	0.70229
1046 A	0.20731	0.09028	0.70241
1047 A	0.18528	0.11191	0.70281
1048 G	0.17296	0.12379	0.70325
1049 C	0.16821	0.12834	0.70345
1050 C	0.16463	0.13201	0.70337
1051 A	0.16126	0.13619	0.70256
1052 G	0.15874	0.13893	0.70233
1053 A	0.15724	0.14073	0.70203
1054 G	0.15685	0.14110	0.70205
1055 A	0.15663	0.14124	0.70213
1056 A	0.15663	0.14037	0.70301
1057 G	0.15682	0.13890	0.70428
1058 C	0.15727	0.13694	0.70579
1059 A	0.15795	0.13616	0.7059
1060 A	0.15977	0.13428	0.70594
1061 T	0.16403	0.12907	0.7069
1062 T	0.16609	0.12611	0.7078
1063 T	0.16676	0.12583	0.70741
1064 T	0.16651	0.12519	0.7083
1065 A	0.16478	0.12577	0.70945
1066 A	0.16375	0.12411	0.71214
1067 A	0.16326	0.11494	0.72179
1068 A	0.16273	0.09533	0.74194
1069 G	0.16228	0.07894	0.75877
1070 T	0.16213	0.05633	0.78154
1071 T	0.16046	0.05171	0.78783
1072 C	0.15754	0.05641	0.78605
1073 A	0.15617	0.05918	0.78465
1074 T	0.15643	0.05788	0.78569
1075 G	0.15611	0.05672	0.78717
1076 T	0.15616	0.05637	0.78747
1077 C	0.15560	0.05927	0.78513
1078 C	0.15505	0.06994	0.77502
1079 G	0.15394	0.08712	0.75894
1080 A	0.14811	0.12064	0.73124
1081 A	0.14496	0.14441	0.71062
1082 A	0.14383	0.15614	0.70004
1083 T	0.14353	0.16525	0.69123
1084 A	0.14191	0.19870	0.65939
1085 A	0.14159	0.20937	0.64903
1086 A	0.14185	0.21205	0.6461
1087 A	0.14335	0.21252	0.64413
1088 A	0.14579	0.20995	0.64426
1089 A	0.15040	0.20509	0.64451
1090 A	0.15579	0.19928	0.64492
1091 T	0.15799	0.19634	0.64568
1092 A	0.15928	0.19430	0.64642
1093 A	0.16172	0.19100	0.64728
1094 T	0.16837	0.18232	0.64931
1095 T	0.17319	0.17439	0.65242
1096 C	0.17476	0.17150	0.65375
1097 C	0.17549	0.17048	0.65403
1098 T	0.17688	0.16916	0.65396
1099 A	0.17962	0.16655	0.65383
1100 A	0.18689	0.15920	0.65391
1101 T	0.20267	0.14324	0.65409
1102 A	0.21752	0.12767	0.65481
1103 T	0.24383	0.09503	0.66114
1104 T	0.26184	0.07385	0.66431
1105 G	0.26779	0.06716	0.66505
1106 A	0.27377	0.06207	0.66416
1107 T	0.30783	0.02889	0.66328
1108 T	0.31810	0.02050	0.6614
1109 T	0.31968	0.02228	0.65805
1110 T	0.31979	0.02236	0.65784
1111 T	0.31899	0.02356	0.65745
1112 A	0.31596	0.02820	0.65585
1113 T	0.31060	0.03438	0.65501
1114 C	0.29693	0.04900	0.65407
1115 A	0.28891	0.05883	0.65226
1116 A	0.26739	0.08220	0.65041
1117 T	0.25910	0.09078	0.65012
1118 T	0.24092	0.10919	0.64988
1119 A	0.15505	0.19529	0.64967
1120 G	0.12702	0.22336	0.64962
1121 C	0.11223	0.23832	0.64945
1122 G	0.09870	0.25342	0.64788
1123 A	0.08985	0.26436	0.64579
1124 A	0.08401	0.27149	0.6445
1125 A	0.08144	0.27543	0.64313
1126 A	0.08107	0.27607	0.64286
1127 A	0.08127	0.27568	0.64305
1128 A	0.08240	0.27394	0.64367
1129 A	0.08449	0.27111	0.64439
1130 C	0.08724	0.26749	0.64527
1131 A	0.08967	0.26449	0.64584
1132 T	0.09362	0.25854	0.64785
1133 C	0.09369	0.25706	0.64925
1134 A	0.09403	0.25617	0.6498
1135 G	0.09510	0.25372	0.65118
1136 G	0.09582	0.24708	0.6571
1137 T	0.09670	0.23285	0.67046
1138 A	0.09746	0.22589	0.67664
1139 T	0.09875	0.19509	0.70616
1140 G	0.09798	0.18411	0.71792
1141 A	0.09754	0.16611	0.73635
1142 G	0.09724	0.08164	0.82112
1143 T	0.09717	0.05836	0.84447
1144 G	0.09675	0.04740	0.85585
1145 G	0.09782	0.03916	0.86302
1146 A	0.09947	0.03187	0.86866
1147 G	0.10018	0.02571	0.87411
1148 C	0.10125	0.02226	0.87649
1149 T	0.10153	0.02560	0.87288
1150 C	0.10134	0.03972	0.85893
1151 A	0.10114	0.12945	0.76941
1152 A	0.10098	0.16135	0.73768
1153 T	0.10083	0.19341	0.70575
1154 T	0.10059	0.21292	0.68648
1155 A	0.10018	0.23054	0.66927
1156 G	0.10006	0.25323	0.6467
1157 A	0.10009	0.26083	0.63908
1158 A	0.09992	0.26541	0.63467
1159 G	0.10029	0.26639	0.63332
1160 T	0.10143	0.26619	0.63237
1161 A	0.10202	0.26661	0.63136
1162 A	0.10276	0.26600	0.63124
1163 T	0.10430	0.26372	0.63197
1164 T	0.10570	0.26223	0.63207
1165 G	0.10669	0.26159	0.63172
1166 T	0.10870	0.25951	0.63179
1167 A	0.10867	0.25990	0.63143
1168 A	0.10893	0.25958	0.63149
1169 A	0.10929	0.25924	0.63146
1170 C	0.10996	0.25813	0.63191
1171 G	0.11154	0.25649	0.63197
1172 A	0.11905	0.24900	0.63195
1173 A	0.14286	0.22507	0.63207
1174 G	0.23381	0.13389	0.6323
1175 C	0.27017	0.09730	0.63254
1176 T	0.30550	0.06171	0.63279
1177 T	0.32148	0.04556	0.63296
1178 C	0.33224	0.03467	0.63309
1179 T	0.34826	0.01939	0.63236
1180 A	0.34945	0.01996	0.63059
1181 T	0.35099	0.02034	0.62867
1182 T	0.34503	0.02970	0.62528
1183 T	0.33654	0.03987	0.62359
1184 T	0.30329	0.07668	0.62003
1185 A	0.21026	0.17194	0.6178
1186 A	0.15389	0.22938	0.61674
1187 C	0.13665	0.24668	0.61667
1188 A	0.12654	0.25682	0.61663
1189 A	0.12255	0.26080	0.61665
1190 T	0.12220	0.26099	0.61681
1191 C	0.11940	0.26372	0.61689
1192 C	0.11546	0.26777	0.61677
1193 G	0.11262	0.27083	0.61655
1194 T	0.10953	0.27444	0.61603
1195 A	0.10471	0.27976	0.61553
1196 A	0.10222	0.28258	0.61519
1197 T	0.09771	0.28742	0.61487
1198 A	0.09202	0.29346	0.61452
1199 A	0.08747	0.29821	0.61431
1200 A	0.08501	0.30070	0.61429
1201 A	0.08330	0.30200	0.6147
1202 A	0.08248	0.30177	0.61575
1203 A	0.08378	0.29580	0.62042
1204 G	0.08578	0.28627	0.62795
1205 A	0.08875	0.26685	0.64439
1206 A	0.09087	0.24799	0.66114
1207 T	0.09483	0.19961	0.70556
1208 T	0.09659	0.11987	0.78354
1209 C	0.09660	0.07429	0.82911
1210 A	0.09596	0.06543	0.83861
1211 T	0.09555	0.06133	0.84312
1212 T	0.09474	0.06549	0.83976
1213 A	0.09393	0.07063	0.83543
1214 C	0.09342	0.06963	0.83695
1215 T	0.09303	0.07075	0.83623
1216 A	0.09251	0.07770	0.82979
1217 T	0.09240	0.08733	0.82027
1218 G	0.08960	0.09784	0.81255
1219 A	0.08635	0.12776	0.78588
1220 T	0.08526	0.13789	0.77686
1221 A	0.08457	0.16482	0.75061
1222 G	0.08439	0.20750	0.70811
1223 A	0.08433	0.23965	0.67603
1224 A	0.08438	0.25030	0.66533
1225 T	0.08456	0.26038	0.65506
1226 T	0.08425	0.26856	0.64718
1227 A	0.08352	0.27765	0.63883
1228 G	0.08319	0.28055	0.63627
1229 A	0.08276	0.28347	0.63377
1230 A	0.08255	0.28519	0.63226
1231 G	0.08281	0.28465	0.63254
1232 A	0.08395	0.28302	0.63303
1233 A	0.08556	0.28053	0.6339
1234 G	0.08977	0.27556	0.63468
1235 C	0.09869	0.26571	0.6356
1236 T	0.10754	0.25708	0.63537
1237 G	0.11002	0.25489	0.63509
1238 T	0.11594	0.24971	0.63435
1239 A	0.12275	0.24268	0.63457
1240 G	0.13310	0.23193	0.63496
1241 A	0.14354	0.21824	0.63822
1242 T	0.18069	0.17721	0.64209
1243 C	0.19761	0.15884	0.64355
1244 G	0.22838	0.12808	0.64354
1245 A	0.26948	0.08791	0.64262
1246 G	0.29915	0.05948	0.64137
1247 T	0.31210	0.05013	0.63777
1248 T	0.32237	0.04200	0.63563
1249 T	0.32648	0.04041	0.63311
1250 T	0.32170	0.04933	0.62896
1251 A	0.29294	0.08403	0.62303
1252 A	0.27626	0.10232	0.62142
1253 T	0.26746	0.11181	0.62073
1254 G	0.20573	0.17374	0.62053
1255 G	0.17128	0.20822	0.6205
1256 G	0.13046	0.24912	0.62042
1257 A	0.10827	0.27135	0.62039
1258 C	0.09405	0.28553	0.62041
1259 C	0.08915	0.29044	0.62042
1260 G	0.08651	0.29316	0.62034
1261 T	0.08518	0.29462	0.6202
1262 C	0.08200	0.29789	0.62011
1263 T	0.08014	0.30012	0.61974
1264 A	0.07533	0.30568	0.61899
1265 A	0.07007	0.31145	0.61848
1266 A	0.06821	0.31377	0.61801
1267 A	0.06739	0.31429	0.61832
1268 A	0.06752	0.31160	0.62089
1269 A	0.06914	0.30551	0.62536
1270 T	0.07449	0.29439	0.63112
1271 C	0.07583	0.28426	0.63991
1272 A	0.07739	0.28024	0.64237
1273 A	0.08007	0.27024	0.6497
1274 T	0.08434	0.24177	0.67389
1275 T	0.08377	0.23156	0.68467
1276 A	0.07780	0.24038	0.68182
1277 A	0.07371	0.20098	0.72531
1278 A	0.06855	0.18980	0.74165
1279 T	0.06584	0.15750	0.77666
1280 A	0.06211	0.15956	0.77833
1281 T	0.06005	0.16690	0.77305
1282 G	0.05659	0.18656	0.75685
1283 A	0.05448	0.21856	0.72696
1284 T	0.05321	0.24476	0.70203
1285 G	0.05138	0.26357	0.68504
1286 A	0.05044	0.30108	0.64848
1287 A	0.05051	0.31466	0.63483
1288 G	0.05059	0.32565	0.62376
1289 A	0.05091	0.33384	0.61525
1290 A	0.05097	0.33733	0.61169
1291 G	0.05109	0.34391	0.60501
1292 A	0.05139	0.35096	0.59765
1293 A	0.05176	0.35727	0.59098
1294 A	0.05206	0.36057	0.58737
1295 G	0.05285	0.36114	0.58601
1296 A	0.05454	0.36074	0.58471
1297 A	0.05632	0.35947	0.5842
1298 A	0.05918	0.35530	0.58552
1299 A	0.06969	0.33902	0.59129
1300 A	0.09211	0.31153	0.59636
1301 T	0.11981	0.27744	0.60275
1302 G	0.12807	0.26638	0.60555
1303 G	0.14725	0.24460	0.60816
1304 T	0.16868	0.22175	0.60957
1305 A	0.18818	0.20031	0.61151
1306 G	0.21761	0.16934	0.61304
1307 C	0.25385	0.13195	0.6142
1308 T	0.27580	0.10921	0.61499
1309 T	0.30350	0.08109	0.61541
1310 A	0.30770	0.07701	0.61529
1311 C	0.28539	0.09939	0.61522
1312 C	0.24735	0.13808	0.61457
1313 A	0.20847	0.17825	0.61327
1314 T	0.20315	0.18527	0.61158
1315 G	0.18518	0.20388	0.61095
1316 A	0.18216	0.20720	0.61064
1317 A	0.18170	0.20763	0.61066
1318 T	0.18096	0.20752	0.61153
1319 C	0.17688	0.21130	0.61182
1320 T	0.17102	0.21713	0.61185
1321 G	0.15039	0.23780	0.61181
1322 G	0.13464	0.25372	0.61163
1323 A	0.12415	0.26437	0.61149
1324 C	0.12103	0.26745	0.61153
1325 A	0.12002	0.26827	0.61172
1326 T	0.11936	0.26857	0.61207
1327 G	0.11827	0.26926	0.61247
1328 C	0.11798	0.26912	0.6129
