# lcl|CP097583.1_cds_USQ93166.1_1
# AA	inside	membr	outside
1 T	0.77958	0.00000	0.22042
2 T	0.74751	0.03208	0.22042
3 G	0.73273	0.04686	0.22042
4 A	0.73273	0.15815	0.10913
5 A	0.54820	0.40048	0.05133
6 A	0.54819	0.40593	0.04589
7 T	0.30532	0.64984	0.04484
8 C	0.30530	0.64990	0.0448
9 A	0.23380	0.72160	0.0446
10 A	0.23371	0.72757	0.03872
11 A	0.22525	0.73636	0.0384
12 A	0.11780	0.84396	0.03824
13 C	0.05050	0.91153	0.03797
14 A	0.05049	0.91154	0.03797
15 A	0.05049	0.91200	0.03751
16 A	0.05015	0.91234	0.03751
17 A	0.04970	0.91280	0.0375
18 T	0.04969	0.91282	0.0375
19 C	0.04923	0.91327	0.0375
20 A	0.04766	0.91504	0.03729
21 A	0.04674	0.91588	0.03739
22 A	0.04703	0.91509	0.03788
23 A	0.04785	0.91299	0.03916
24 A	0.05177	0.90748	0.04075
25 G	0.05783	0.84120	0.10098
26 A	0.06473	0.80932	0.12596
27 T	0.17115	0.62071	0.20814
28 T	0.21840	0.41688	0.36472
29 T	0.22314	0.39471	0.38216
30 A	0.22441	0.26765	0.50795
31 T	0.22444	0.26309	0.51248
32 T	0.22431	0.21560	0.56009
33 A	0.22432	0.23353	0.54215
34 A	0.22398	0.25913	0.51689
35 T	0.22405	0.19201	0.58394
36 T	0.22397	0.24060	0.53543
37 T	0.22318	0.35365	0.42317
38 T	0.22030	0.40906	0.37064
39 A	0.21526	0.46482	0.31992
40 G	0.21400	0.47957	0.30643
41 G	0.21365	0.49101	0.29534
42 T	0.21342	0.50495	0.28163
43 C	0.21320	0.50729	0.27951
44 A	0.21181	0.59335	0.19484
45 A	0.21033	0.61948	0.17019
46 G	0.20750	0.64446	0.14804
47 A	0.20436	0.66070	0.13494
48 A	0.20423	0.66408	0.13169
49 T	0.20527	0.67198	0.12275
50 T	0.20628	0.67481	0.11892
51 A	0.20843	0.67388	0.11769
52 A	0.21353	0.66932	0.11715
53 T	0.22571	0.65684	0.11746
54 G	0.23521	0.64710	0.1177
55 G	0.25403	0.62844	0.11753
56 A	0.28616	0.59520	0.11864
57 A	0.32395	0.55594	0.1201
58 C	0.35762	0.51981	0.12257
59 T	0.47954	0.39647	0.12399
60 T	0.58481	0.29010	0.12508
61 C	0.62489	0.24868	0.12643
62 A	0.66062	0.21290	0.12648
63 T	0.67597	0.19843	0.1256
64 T	0.67934	0.19710	0.12356
65 T	0.66750	0.21049	0.12201
66 A	0.61250	0.26832	0.11918
67 A	0.64521	0.23841	0.11639
68 A	0.64825	0.23580	0.11596
69 T	0.66151	0.21976	0.11872
70 T	0.63592	0.24338	0.1207
71 A	0.48722	0.39344	0.11934
72 T	0.43273	0.45017	0.1171
73 C	0.29922	0.58971	0.11107
74 A	0.23305	0.66511	0.10184
75 A	0.17908	0.72026	0.10065
76 A	0.15600	0.74384	0.10016
77 A	0.14439	0.75544	0.10017
78 T	0.13729	0.76245	0.10026
79 C	0.11911	0.78019	0.1007
80 T	0.10892	0.79037	0.10071
81 A	0.09754	0.80178	0.10068
82 G	0.09202	0.80728	0.1007
83 A	0.09062	0.80860	0.10077
84 A	0.09019	0.80845	0.10135
85 G	0.09109	0.79969	0.10922
86 A	0.09258	0.78917	0.11826
87 T	0.09535	0.77107	0.13357
88 A	0.09617	0.74763	0.1562
89 G	0.09802	0.68645	0.21554
90 T	0.10144	0.65171	0.24686
91 A	0.10194	0.63093	0.26713
92 A	0.10225	0.61077	0.28698
93 A	0.10313	0.56336	0.33352
94 G	0.10550	0.40736	0.48715
95 A	0.10799	0.34488	0.54713
96 T	0.11498	0.22453	0.66049
97 A	0.12248	0.17587	0.70164
98 T	0.12392	0.13861	0.73748
99 T	0.12425	0.14554	0.73021
100 T	0.12396	0.20318	0.67285
101 A	0.12218	0.24980	0.62802
102 T	0.11538	0.30280	0.58181
103 G	0.10382	0.48138	0.4148
104 A	0.09876	0.56503	0.33622
105 T	0.09491	0.62608	0.27902
106 G	0.08759	0.67441	0.238
107 A	0.08476	0.71317	0.20207
108 A	0.08252	0.74652	0.17096
109 A	0.08176	0.75509	0.16315
110 G	0.08196	0.76051	0.15753
111 T	0.08312	0.76449	0.15239
112 A	0.08348	0.77614	0.14038
113 A	0.08424	0.78449	0.13127
114 T	0.08627	0.78194	0.13179
115 A	0.08712	0.78108	0.13179
116 A	0.08806	0.77980	0.13214
117 A	0.09031	0.77735	0.13234
118 C	0.09456	0.77287	0.13257
119 C	0.10007	0.76761	0.13232
120 A	0.11620	0.75237	0.13143
121 A	0.13840	0.73103	0.13057
122 A	0.18158	0.68812	0.1303
123 T	0.27505	0.59472	0.13023
124 A	0.32952	0.53934	0.13114
125 A	0.40925	0.45123	0.13952
126 T	0.60058	0.24741	0.15202
127 T	0.68793	0.15565	0.15641
128 T	0.72811	0.11943	0.15247
129 T	0.74743	0.10020	0.15237
130 A	0.75644	0.09686	0.1467
131 T	0.77073	0.08310	0.14617
132 T	0.77362	0.08154	0.14484
133 C	0.77497	0.08191	0.14312
134 A	0.77569	0.08205	0.14226
135 A	0.78045	0.07735	0.1422
136 T	0.78539	0.07233	0.14228
137 A	0.77245	0.08523	0.14233
138 C	0.76601	0.09154	0.14245
139 C	0.76475	0.09267	0.14258
140 A	0.76446	0.09299	0.14255
141 T	0.76482	0.09263	0.14255
142 C	0.76398	0.09350	0.14252
143 G	0.76288	0.09492	0.14219
144 T	0.76053	0.09781	0.14167
145 A	0.75238	0.10736	0.14026
146 A	0.71335	0.14746	0.13919
147 A	0.70251	0.15833	0.13916
148 A	0.70251	0.15734	0.14015
149 T	0.70438	0.15326	0.14236
150 G	0.70613	0.14741	0.14646
151 C	0.71356	0.13587	0.15057
152 C	0.71839	0.12901	0.15259
153 T	0.72508	0.12180	0.15312
154 T	0.72606	0.12143	0.1525
155 T	0.72644	0.12136	0.1522
156 T	0.72610	0.12206	0.15184
157 T	0.72433	0.12159	0.15408
158 T	0.72087	0.11834	0.16079
159 A	0.71346	0.12169	0.16484
160 T	0.70822	0.11389	0.17789
161 C	0.68969	0.12688	0.18343
162 A	0.67255	0.14418	0.18328
163 C	0.66140	0.15525	0.18334
164 A	0.65177	0.16962	0.17862
165 A	0.64779	0.17400	0.1782
166 G	0.64680	0.17381	0.17939
167 A	0.64684	0.17009	0.18307
168 A	0.64788	0.16176	0.19036
169 G	0.64886	0.11891	0.23223
170 C	0.64909	0.10532	0.24559
171 T	0.64920	0.10368	0.24712
172 T	0.64908	0.10688	0.24403
173 T	0.64872	0.11464	0.23664
174 A	0.64846	0.12421	0.22732
175 G	0.64846	0.13004	0.2215
176 A	0.64890	0.13502	0.21608
177 T	0.65003	0.14018	0.2098
178 T	0.65106	0.15944	0.1895
179 A	0.65165	0.16966	0.17869
180 T	0.65196	0.17306	0.17499
181 A	0.65088	0.17833	0.17079
182 A	0.65045	0.17455	0.17499
183 A	0.65092	0.17106	0.17802
184 T	0.65316	0.15100	0.19583
185 T	0.65400	0.13589	0.21012
186 A	0.65243	0.12959	0.21798
187 T	0.65513	0.12086	0.22401
188 T	0.65486	0.12058	0.22457
189 T	0.65340	0.12272	0.22388
190 A	0.65080	0.12655	0.22265
191 A	0.64927	0.12918	0.22154
192 T	0.64626	0.13221	0.22153
193 A	0.64213	0.13639	0.22147
194 A	0.64074	0.13766	0.22161
195 A	0.64327	0.13483	0.2219
196 C	0.65115	0.12642	0.22244
197 C	0.65975	0.11781	0.22244
198 C	0.66846	0.10917	0.22237
199 A	0.67825	0.09970	0.22205
200 T	0.69079	0.08723	0.22199
201 T	0.70979	0.06834	0.22187
202 C	0.71912	0.05895	0.22193
203 T	0.72668	0.05151	0.22181
204 T	0.73276	0.04420	0.22304
205 T	0.73459	0.04166	0.22375
206 A	0.73522	0.04078	0.22401
207 T	0.73607	0.03967	0.22426
208 T	0.73596	0.03782	0.22621
209 C	0.73535	0.03491	0.22974
210 T	0.73604	0.03341	0.23055
211 T	0.73649	0.03243	0.23108
212 T	0.73527	0.03350	0.23123
213 A	0.73190	0.03788	0.23021
214 A	0.73030	0.04260	0.2271
215 G	0.72675	0.04695	0.2263
216 G	0.72026	0.05279	0.22695
217 G	0.71731	0.05431	0.22837
218 A	0.71524	0.05641	0.22835
219 A	0.71460	0.05697	0.22844
220 T	0.71466	0.05630	0.22905
221 C	0.71400	0.05718	0.22882
222 T	0.71404	0.06230	0.22367
223 G	0.71378	0.07034	0.21589
224 A	0.71383	0.07538	0.21079
225 T	0.71400	0.07800	0.208
226 T	0.71417	0.07975	0.20608
227 T	0.71417	0.08166	0.20418
228 A	0.71290	0.08291	0.20419
229 T	0.71272	0.08152	0.20576
230 T	0.71200	0.08096	0.20704
231 T	0.71004	0.08093	0.20903
232 C	0.70839	0.08115	0.21046
233 C	0.70729	0.08239	0.21032
234 A	0.70452	0.08797	0.20751
235 A	0.70280	0.09210	0.2051
236 A	0.70302	0.09314	0.20384
237 A	0.70339	0.09390	0.20271
238 T	0.70823	0.08787	0.20391
239 T	0.70835	0.08412	0.20753
240 A	0.70173	0.09420	0.20407
241 G	0.70087	0.09361	0.20552
242 T	0.70143	0.09542	0.20315
243 A	0.70064	0.10145	0.19792
244 A	0.70179	0.10324	0.19497
245 C	0.70847	0.09723	0.19431
246 T	0.71720	0.09178	0.19102
247 T	0.71889	0.09087	0.19025
248 T	0.71603	0.09459	0.18938
249 A	0.67948	0.13207	0.18845
250 G	0.65965	0.15186	0.18849
251 C	0.64292	0.16669	0.19039
252 A	0.60837	0.20162	0.19
253 A	0.58577	0.22532	0.18891
254 C	0.56080	0.24989	0.18931
255 T	0.54499	0.27137	0.18365
256 A	0.50154	0.31658	0.18189
257 A	0.45971	0.35854	0.18174
258 A	0.42660	0.39249	0.18091
259 A	0.41552	0.40188	0.1826
260 C	0.41165	0.40003	0.18832
261 A	0.40643	0.40376	0.18981
262 A	0.40491	0.40212	0.19297
263 C	0.40859	0.39226	0.19915
264 C	0.40756	0.39213	0.20032
265 G	0.40765	0.39233	0.20001
266 C	0.41156	0.38873	0.19971
267 T	0.41223	0.39302	0.19475
268 A	0.40578	0.40387	0.19035
269 T	0.40281	0.41056	0.18663
270 T	0.38865	0.42591	0.18544
271 A	0.36223	0.45503	0.18274
272 A	0.34885	0.43644	0.21471
273 A	0.33796	0.42885	0.2332
274 A	0.33112	0.41721	0.25167
275 A	0.32747	0.38760	0.28493
276 A	0.32520	0.36846	0.30634
277 G	0.32383	0.34369	0.33247
278 A	0.32784	0.33088	0.34127
279 A	0.32904	0.29757	0.37339
280 A	0.33098	0.25780	0.41122
281 T	0.33365	0.22103	0.44532
282 T	0.33349	0.21080	0.45571
283 G	0.33229	0.21758	0.45013
284 A	0.33133	0.25111	0.41756
285 T	0.33102	0.26405	0.40492
286 A	0.32997	0.30070	0.36933
287 A	0.33048	0.30100	0.36852
288 A	0.33154	0.29827	0.37019
289 A	0.33384	0.29336	0.3728
290 T	0.34031	0.27935	0.38034
291 T	0.34600	0.26243	0.39156
292 A	0.35014	0.25007	0.39978
293 T	0.35516	0.22767	0.41717
294 T	0.35942	0.20066	0.43992
295 T	0.36163	0.18852	0.44985
296 T	0.36269	0.17924	0.45807
297 G	0.36337	0.17337	0.46326
298 A	0.36557	0.16774	0.46669
299 A	0.37090	0.15863	0.47046
300 T	0.37889	0.14727	0.47384
301 T	0.38630	0.13803	0.47568
302 T	0.39123	0.13190	0.47688
303 A	0.39332	0.12895	0.47773
304 C	0.39755	0.12375	0.4787
305 A	0.40279	0.11803	0.47918
306 G	0.41801	0.10158	0.48042
307 T	0.45918	0.05944	0.48138
308 A	0.47875	0.03934	0.4819
309 A	0.51700	0.00000	0.483
