# lcl|CP097583.1_cds_USQ93285.1_1
# AA	inside	membr	outside
1 A	0.58959	0.00000	0.41041
2 T	0.58943	0.00016	0.41041
3 G	0.58931	0.00028	0.41041
4 A	0.58931	0.07415	0.33655
5 T	0.57929	0.14217	0.27853
6 T	0.57929	0.16170	0.25901
7 A	0.43878	0.30473	0.25649
8 A	0.43878	0.30479	0.25643
9 G	0.42240	0.32218	0.25543
10 A	0.42239	0.39397	0.18364
11 C	0.42175	0.39502	0.18323
12 T	0.41437	0.40275	0.18288
13 A	0.40212	0.41662	0.18126
14 T	0.40211	0.41663	0.18126
15 C	0.40211	0.41796	0.17993
16 G	0.40094	0.41913	0.17993
17 T	0.40051	0.41958	0.17991
18 T	0.40047	0.41969	0.17984
19 C	0.39724	0.42305	0.17971
20 G	0.38418	0.44416	0.17167
21 C	0.35933	0.46906	0.17161
22 A	0.35695	0.48086	0.16219
23 A	0.35585	0.48599	0.15816
24 A	0.35653	0.48700	0.15646
25 G	0.35939	0.48416	0.15644
26 A	0.36321	0.48150	0.15529
27 A	0.43071	0.40322	0.16607
28 G	0.48082	0.33850	0.18068
29 A	0.50005	0.31214	0.18782
30 A	0.50987	0.19375	0.29638
31 A	0.51351	0.18532	0.30117
32 C	0.51952	0.15863	0.32185
33 T	0.57760	0.10073	0.32167
34 T	0.57860	0.10278	0.31862
35 T	0.57826	0.09988	0.32186
36 T	0.57638	0.09673	0.32689
37 G	0.56634	0.10723	0.32642
38 A	0.55343	0.12020	0.32637
39 C	0.54058	0.13899	0.32042
40 G	0.53582	0.14443	0.31975
41 A	0.53425	0.14759	0.31816
42 A	0.53522	0.14615	0.31863
43 A	0.54274	0.13049	0.32677
44 C	0.54255	0.11801	0.33945
45 T	0.55049	0.10745	0.34206
46 T	0.55241	0.10517	0.34242
47 T	0.55046	0.10687	0.34267
48 A	0.54789	0.10915	0.34297
49 C	0.54729	0.10939	0.34333
50 G	0.54758	0.10822	0.3442
51 T	0.54775	0.10768	0.34458
52 C	0.54745	0.10852	0.34403
53 G	0.54821	0.11402	0.33776
54 T	0.55023	0.11448	0.33529
55 T	0.55001	0.11891	0.33109
56 T	0.54863	0.12656	0.3248
57 T	0.54534	0.13265	0.32201
58 A	0.54156	0.14145	0.31699
59 A	0.54036	0.14211	0.31753
60 A	0.53743	0.13818	0.32439
61 C	0.53693	0.12677	0.33631
62 G	0.54519	0.11465	0.34015
63 T	0.54712	0.11442	0.33845
64 G	0.54832	0.11670	0.33497
65 A	0.55029	0.11803	0.33168
66 T	0.55256	0.11684	0.3306
67 G	0.55929	0.10796	0.33275
68 T	0.56083	0.10413	0.33504
69 T	0.56238	0.10014	0.33747
70 T	0.56263	0.09790	0.33947
71 C	0.56165	0.09889	0.33945
72 T	0.56025	0.10951	0.33024
73 A	0.55660	0.11576	0.32764
74 A	0.55234	0.12171	0.32595
75 A	0.55086	0.12425	0.32489
76 T	0.55595	0.11985	0.32419
77 C	0.55281	0.12143	0.32576
78 A	0.54018	0.13637	0.32345
79 G	0.52809	0.14943	0.32248
80 G	0.50742	0.17552	0.31706
81 A	0.49609	0.20070	0.30321
82 A	0.48950	0.23652	0.27398
83 A	0.48640	0.29063	0.22297
84 T	0.48466	0.33487	0.18047
85 T	0.47412	0.35311	0.17277
86 T	0.43458	0.40968	0.15574
87 A	0.37952	0.46716	0.15332
88 G	0.32634	0.52384	0.14982
89 C	0.28517	0.56909	0.14574
90 A	0.24761	0.61060	0.14179
91 C	0.22513	0.63349	0.14138
92 A	0.21594	0.64391	0.14015
93 A	0.21229	0.64758	0.14013
94 G	0.21089	0.64868	0.14042
95 C	0.21620	0.64221	0.14159
96 T	0.21672	0.64081	0.14247
97 C	0.21392	0.64081	0.14527
98 G	0.21212	0.64308	0.1448
99 A	0.21134	0.64515	0.14351
100 A	0.21144	0.64637	0.1422
101 A	0.21280	0.63637	0.15082
102 A	0.21630	0.62206	0.16165
103 A	0.22475	0.58969	0.18556
104 A	0.23828	0.55522	0.2065
105 A	0.26545	0.51097	0.22358
106 G	0.32504	0.42954	0.24542
107 A	0.37268	0.35971	0.26761
108 A	0.38419	0.32752	0.28829
109 T	0.40190	0.26560	0.33251
110 A	0.40526	0.22230	0.37244
111 T	0.40733	0.17631	0.41636
112 T	0.40949	0.16189	0.42862
113 A	0.40233	0.19015	0.40751
114 T	0.39722	0.23274	0.37003
115 A	0.37799	0.32006	0.30195
116 T	0.35669	0.43197	0.21135
117 T	0.29766	0.52040	0.18195
118 A	0.15723	0.67018	0.17259
119 A	0.11888	0.71327	0.16785
120 A	0.10723	0.72386	0.16891
121 C	0.09923	0.73028	0.1705
122 C	0.09807	0.73411	0.16782
123 A	0.09835	0.75037	0.15128
124 A	0.09920	0.75160	0.1492
125 G	0.09850	0.75426	0.14724
126 T	0.09750	0.75741	0.14509
127 A	0.09084	0.76825	0.14091
128 C	0.08531	0.77723	0.13747
129 A	0.08013	0.79049	0.12938
130 G	0.07841	0.79634	0.12525
131 A	0.07815	0.80004	0.12181
132 A	0.08093	0.79879	0.12027
133 A	0.09338	0.78712	0.11951
134 G	0.11266	0.76372	0.12362
135 A	0.14897	0.72542	0.12561
136 A	0.19589	0.66790	0.13621
137 A	0.24439	0.61126	0.14435
138 A	0.29795	0.53550	0.16654
139 A	0.37977	0.42404	0.1962
140 A	0.40223	0.33676	0.26102
141 C	0.40104	0.19779	0.40117
142 C	0.38525	0.19128	0.42347
143 G	0.35269	0.26188	0.38543
144 T	0.32101	0.35508	0.32391
145 A	0.22446	0.56371	0.21183
146 G	0.17990	0.63376	0.18633
147 A	0.15297	0.67917	0.16787
148 A	0.13259	0.71186	0.15555
149 A	0.13357	0.71274	0.15368
150 A	0.13915	0.70420	0.15666
151 T	0.14682	0.68900	0.16418
152 T	0.15388	0.67586	0.17025
153 T	0.15633	0.66997	0.17371
154 T	0.15758	0.66667	0.17575
155 C	0.15787	0.66501	0.17713
156 G	0.15812	0.66441	0.17747
157 A	0.15861	0.66367	0.17772
158 A	0.15976	0.66212	0.17812
159 A	0.16121	0.66003	0.17877
160 A	0.16238	0.65809	0.17953
161 A	0.16354	0.65202	0.18444
162 A	0.16577	0.64020	0.19403
163 A	0.17097	0.61995	0.20909
164 G	0.18144	0.58485	0.23372
165 A	0.20302	0.53304	0.26393
166 T	0.26105	0.43115	0.3078
167 A	0.31794	0.33842	0.34364
168 T	0.41977	0.14485	0.43538
169 T	0.44161	0.07443	0.48396
170 A	0.45367	0.03570	0.51063
171 A	0.46505	0.00000	0.53495
