# lcl|CP097583.1_cds_USQ93599.1_1
# AA	inside	membr	outside
1 A	0.67705	0.00000	0.32295
2 T	0.67572	0.00133	0.32295
3 G	0.67490	0.00216	0.32295
4 A	0.67490	0.01849	0.30661
5 T	0.66687	0.04018	0.29295
6 T	0.66687	0.04405	0.28909
7 A	0.48871	0.22562	0.28567
8 G	0.48870	0.22574	0.28556
9 T	0.46755	0.24856	0.28389
10 A	0.46750	0.34185	0.19065
11 T	0.46209	0.35370	0.18421
12 G	0.40509	0.41139	0.18352
13 A	0.35780	0.46142	0.18079
14 T	0.35779	0.46143	0.18079
15 T	0.35778	0.50021	0.14201
16 C	0.34693	0.51107	0.142
17 A	0.26178	0.60007	0.13815
18 A	0.25964	0.61005	0.13031
19 A	0.23102	0.64107	0.12791
20 A	0.18438	0.70315	0.11247
21 A	0.15981	0.72778	0.11241
22 T	0.16167	0.72630	0.11204
23 A	0.16258	0.72535	0.11207
24 T	0.16957	0.71797	0.11247
25 T	0.17210	0.71094	0.11696
26 T	0.17108	0.70991	0.119
27 A	0.17054	0.70626	0.12319
28 A	0.17489	0.69636	0.12875
29 A	0.17797	0.68635	0.13568
30 A	0.19377	0.52164	0.28459
31 T	0.20367	0.49754	0.29879
32 T	0.21037	0.45730	0.33233
33 A	0.26527	0.39627	0.33846
34 C	0.26561	0.38321	0.35117
35 T	0.26229	0.36682	0.37088
36 A	0.24822	0.37089	0.38089
37 A	0.23782	0.38554	0.37664
38 A	0.26522	0.36076	0.37403
39 A	0.25431	0.38759	0.35809
40 A	0.25966	0.29462	0.44572
41 T	0.26609	0.27889	0.45502
42 T	0.25718	0.28642	0.4564
43 G	0.25330	0.33216	0.41454
44 T	0.23267	0.49515	0.27217
45 T	0.20411	0.57041	0.22549
46 A	0.18252	0.65044	0.16704
47 G	0.17207	0.66428	0.16365
48 A	0.16053	0.67745	0.16202
49 A	0.14513	0.69311	0.16176
50 A	0.13559	0.69823	0.16617
51 C	0.13616	0.69335	0.17049
52 G	0.13647	0.69329	0.17023
53 A	0.13541	0.69519	0.1694
54 A	0.13579	0.69620	0.16802
55 T	0.13936	0.69152	0.16913
56 T	0.14470	0.68688	0.16842
57 A	0.14614	0.68616	0.1677
58 G	0.14974	0.68117	0.16909
59 A	0.15673	0.66918	0.17409
60 T	0.16208	0.66021	0.17771
61 A	0.16408	0.65491	0.18101
62 A	0.18634	0.62102	0.19264
63 A	0.20127	0.59900	0.19972
64 A	0.23592	0.55115	0.21293
65 C	0.29629	0.46176	0.24194
66 T	0.41894	0.32520	0.25586
67 T	0.53948	0.18752	0.273
68 T	0.56529	0.15101	0.2837
69 T	0.58235	0.13222	0.28543
70 T	0.58291	0.13318	0.2839
71 T	0.57614	0.13660	0.28726
72 A	0.56440	0.14304	0.29256
73 T	0.55577	0.14743	0.2968
74 T	0.53333	0.17848	0.2882
75 A	0.49123	0.23317	0.2756
76 A	0.44264	0.30196	0.2554
77 A	0.38385	0.38423	0.23192
78 A	0.31982	0.48221	0.19797
79 A	0.30881	0.52526	0.16592
80 A	0.31436	0.54303	0.14261
81 A	0.32083	0.57305	0.10613
82 A	0.32838	0.58242	0.08921
83 T	0.33574	0.57558	0.08869
84 T	0.33416	0.57639	0.08945
85 A	0.30533	0.60509	0.08958
86 A	0.26842	0.64199	0.08959
87 C	0.22492	0.68595	0.08913
88 C	0.21610	0.69615	0.08776
89 A	0.21332	0.70167	0.08501
90 A	0.21597	0.70084	0.08318
91 A	0.22423	0.69307	0.0827
92 T	0.23799	0.67918	0.08283
93 T	0.24485	0.67043	0.08473
94 T	0.25016	0.65120	0.09865
95 T	0.25279	0.63299	0.11422
96 A	0.25380	0.62217	0.12403
97 G	0.25858	0.59504	0.14638
98 A	0.26853	0.55136	0.18012
99 A	0.28680	0.48701	0.22619
100 A	0.31092	0.40746	0.28162
101 C	0.34815	0.31417	0.33768
102 C	0.38104	0.27294	0.34602
103 A	0.40672	0.25029	0.34299
104 T	0.44899	0.21038	0.34063
105 T	0.46654	0.19522	0.33824
106 A	0.46881	0.19733	0.33385
107 T	0.47098	0.19519	0.33383
108 A	0.47266	0.16826	0.35908
109 A	0.47524	0.13551	0.38926
110 T	0.47927	0.09158	0.42915
111 T	0.48188	0.09352	0.42461
112 T	0.48320	0.11739	0.39941
113 T	0.48286	0.17247	0.34467
114 T	0.48102	0.19883	0.32015
115 T	0.47751	0.22096	0.30153
116 A	0.46007	0.24552	0.29441
117 T	0.44663	0.26866	0.2847
118 C	0.43696	0.29374	0.2693
119 A	0.42521	0.36811	0.20668
120 A	0.41146	0.39544	0.1931
121 A	0.39851	0.42042	0.18107
122 T	0.38933	0.45389	0.15678
123 T	0.36803	0.48444	0.14754
124 C	0.34145	0.51211	0.14644
125 A	0.32634	0.53014	0.14352
126 A	0.32186	0.53572	0.14242
127 C	0.31980	0.53833	0.14187
128 C	0.30297	0.55766	0.13937
129 A	0.28035	0.58287	0.13678
130 A	0.26516	0.59892	0.13592
131 A	0.25959	0.60492	0.13549
132 A	0.25920	0.60553	0.13527
133 C	0.26628	0.59832	0.1354
134 A	0.27968	0.58429	0.13604
135 A	0.30644	0.55587	0.13769
136 G	0.35328	0.50664	0.14007
137 T	0.38627	0.47144	0.14228
138 T	0.40263	0.45219	0.14518
139 A	0.41066	0.42699	0.16235
140 C	0.42045	0.40190	0.17765
141 A	0.43388	0.38223	0.18389
142 A	0.47674	0.33130	0.19195
143 A	0.49155	0.30476	0.2037
144 A	0.50906	0.27409	0.21684
145 C	0.54097	0.22981	0.22922
146 T	0.55651	0.18964	0.25384
147 G	0.56048	0.16187	0.27765
148 T	0.56647	0.14142	0.29211
149 T	0.56877	0.13264	0.29859
150 A	0.56965	0.12778	0.30257
151 A	0.57247	0.09970	0.32784
152 T	0.57623	0.06251	0.36127
153 T	0.57750	0.03731	0.3852
154 T	0.57819	0.02101	0.4008
155 A	0.57844	0.00993	0.41164
156 A	0.57867	0.00000	0.42133
