# lcl|CP097583.1_cds_USQ93289.1_1
# AA	inside	membr	outside
1 A	0.21850	0.00000	0.7815
2 T	0.21318	0.00532	0.7815
3 G	0.20998	0.00852	0.7815
4 A	0.20998	0.01552	0.7745
5 A	0.19474	0.03567	0.7696
6 T	0.19474	0.03646	0.76881
7 A	0.15117	0.08056	0.76827
8 A	0.15117	0.08058	0.76825
9 T	0.14795	0.08416	0.7679
10 G	0.14793	0.10386	0.74821
11 T	0.14685	0.10721	0.74594
12 A	0.12376	0.13110	0.74514
13 A	0.10564	0.15097	0.74339
14 A	0.10564	0.15097	0.74339
15 T	0.10564	0.15863	0.73573
16 A	0.10499	0.15928	0.73573
17 A	0.10461	0.15973	0.73566
18 T	0.10460	0.15989	0.73551
19 A	0.10421	0.16045	0.73535
20 A	0.10267	0.16476	0.73257
21 T	0.10126	0.16567	0.73307
22 T	0.10212	0.16490	0.73298
23 T	0.10281	0.16421	0.73299
24 A	0.10386	0.16490	0.73125
25 T	0.10564	0.15388	0.74048
26 T	0.10614	0.14960	0.74425
27 T	0.10945	0.14025	0.7503
28 G	0.11144	0.13188	0.75668
29 A	0.11220	0.13632	0.75149
30 G	0.11394	0.11620	0.76986
31 A	0.11507	0.12054	0.76439
32 T	0.11746	0.11497	0.76757
33 A	0.13292	0.10186	0.76522
34 T	0.13355	0.10649	0.75995
35 T	0.13248	0.09613	0.77139
36 A	0.12952	0.09953	0.77096
37 A	0.12479	0.11772	0.75749
38 A	0.12705	0.12239	0.75056
39 T	0.12251	0.13605	0.74144
40 A	0.11929	0.14335	0.73736
41 A	0.11606	0.14698	0.73695
42 A	0.11299	0.15021	0.7368
43 A	0.11417	0.14773	0.7381
44 G	0.11269	0.14778	0.73952
45 C	0.11339	0.14679	0.73983
46 A	0.11539	0.14468	0.73993
47 T	0.11894	0.14088	0.74018
48 C	0.12044	0.13921	0.74035
49 C	0.12194	0.13765	0.74041
50 C	0.12429	0.13529	0.74042
51 C	0.12899	0.13057	0.74044
52 A	0.13520	0.12451	0.74029
53 T	0.14577	0.11408	0.74015
54 T	0.15304	0.10696	0.74
55 T	0.15534	0.10479	0.73987
56 A	0.15740	0.10244	0.74016
57 T	0.16461	0.09188	0.74352
58 G	0.16718	0.08657	0.74625
59 A	0.17820	0.07219	0.7496
60 T	0.19355	0.05243	0.75402
61 T	0.20056	0.04306	0.75638
62 T	0.20646	0.03379	0.75975
63 A	0.20809	0.03090	0.76101
64 A	0.20836	0.02774	0.76391
65 T	0.20897	0.02401	0.76703
66 T	0.20872	0.02312	0.76817
67 A	0.20773	0.02280	0.76947
68 C	0.20667	0.02303	0.7703
69 T	0.20261	0.02859	0.7688
70 A	0.19405	0.03929	0.76666
71 A	0.18229	0.05306	0.76466
72 A	0.17778	0.05838	0.76383
73 A	0.17439	0.06254	0.76307
74 T	0.17198	0.06472	0.7633
75 G	0.16911	0.06784	0.76305
76 G	0.16797	0.07157	0.76046
77 G	0.16525	0.07501	0.75974
78 A	0.16229	0.07949	0.75823
79 A	0.15908	0.08466	0.75626
80 T	0.15772	0.08644	0.75585
81 C	0.15548	0.09007	0.75445
82 G	0.15399	0.09389	0.75211
83 T	0.15349	0.09642	0.7501
84 T	0.15131	0.10058	0.7481
85 G	0.14801	0.10533	0.74666
86 C	0.14585	0.10843	0.74572
87 G	0.14293	0.11327	0.7438
88 A	0.14060	0.11726	0.74214
89 A	0.13930	0.11898	0.74171
90 A	0.13897	0.11876	0.74227
91 A	0.13916	0.11791	0.74293
92 A	0.14037	0.11207	0.74755
93 A	0.14193	0.10190	0.75616
94 C	0.14337	0.08881	0.76782
95 A	0.14400	0.08531	0.77069
96 A	0.14475	0.08208	0.77317
97 G	0.14577	0.07896	0.77527
98 G	0.14715	0.07565	0.77719
99 A	0.15012	0.07204	0.77784
100 A	0.15187	0.06693	0.78119
101 A	0.15514	0.05958	0.78529
102 A	0.15956	0.04958	0.79086
103 G	0.16222	0.04236	0.79542
104 G	0.16606	0.03477	0.79916
105 T	0.17129	0.02672	0.80198
106 T	0.17507	0.02085	0.80407
107 T	0.17799	0.01482	0.80718
108 T	0.17914	0.01077	0.81008
109 T	0.17976	0.00820	0.81204
110 T	0.18011	0.00570	0.81419
111 T	0.18050	0.00364	0.81586
112 G	0.18064	0.00267	0.8167
113 C	0.18065	0.00257	0.81679
114 T	0.18068	0.00404	0.81529
115 T	0.18055	0.00705	0.8124
116 T	0.18013	0.01398	0.80589
117 G	0.17942	0.01754	0.80304
118 T	0.17937	0.01835	0.80229
119 G	0.17926	0.01901	0.80174
120 T	0.17939	0.01953	0.80107
121 C	0.17944	0.02039	0.80016
122 C	0.17953	0.02179	0.79868
123 T	0.17958	0.02231	0.79811
124 T	0.17960	0.02329	0.79711
125 T	0.17958	0.02408	0.79633
126 T	0.17939	0.02477	0.79585
127 C	0.17910	0.02553	0.79538
128 A	0.17887	0.02666	0.79448
129 T	0.17849	0.02738	0.79413
130 G	0.17806	0.02825	0.79369
131 A	0.17788	0.02873	0.79339
132 A	0.17767	0.02931	0.79302
133 G	0.17761	0.02963	0.79277
134 A	0.17766	0.02979	0.79255
135 A	0.17791	0.02960	0.79249
136 A	0.17851	0.02893	0.79255
137 A	0.17999	0.02736	0.79265
138 A	0.18271	0.02441	0.79288
139 A	0.18874	0.01784	0.79342
140 C	0.19204	0.01380	0.79415
141 T	0.19343	0.01229	0.79428
142 C	0.19433	0.01127	0.79439
143 C	0.19524	0.01035	0.79441
144 T	0.19647	0.00913	0.79441
145 T	0.19752	0.00808	0.7944
146 C	0.19793	0.00768	0.79439
147 T	0.19891	0.00683	0.79426
148 T	0.19965	0.00611	0.79424
149 T	0.19986	0.00570	0.79445
150 T	0.19947	0.00578	0.79475
151 T	0.19897	0.00614	0.79489
152 C	0.19862	0.00609	0.79529
153 T	0.19867	0.00651	0.79483
154 A	0.19850	0.00681	0.79469
155 T	0.19874	0.00649	0.79477
156 T	0.19878	0.00644	0.79478
157 T	0.19823	0.00696	0.79481
158 C	0.19692	0.00820	0.79488
159 T	0.19221	0.01294	0.79484
160 A	0.18761	0.01761	0.79478
161 C	0.18564	0.01962	0.79473
162 T	0.18275	0.02270	0.79456
163 G	0.17787	0.02777	0.79436
164 A	0.17530	0.03071	0.79399
165 A	0.17344	0.03289	0.79366
166 A	0.17251	0.03422	0.79326
167 A	0.17212	0.03473	0.79315
168 A	0.17194	0.03491	0.79315
169 A	0.17190	0.03489	0.79321
170 A	0.17203	0.03458	0.79338
171 T	0.17217	0.03409	0.79374
172 A	0.17227	0.03359	0.79413
173 T	0.17243	0.03251	0.79507
174 C	0.17252	0.03130	0.79619
175 G	0.17263	0.03079	0.79657
176 C	0.17322	0.02995	0.79683
177 T	0.17347	0.02960	0.79693
178 T	0.17351	0.02956	0.79693
179 T	0.17352	0.02952	0.79695
180 A	0.17347	0.02894	0.79759
181 T	0.17348	0.02766	0.79886
182 G	0.17347	0.02182	0.80471
183 T	0.17356	0.01711	0.80933
184 A	0.17359	0.01527	0.81114
185 T	0.17377	0.01204	0.81419
186 G	0.17388	0.00820	0.81792
187 A	0.17419	0.00628	0.81952
188 G	0.17449	0.00507	0.82044
189 T	0.17490	0.00412	0.82098
190 T	0.17500	0.00386	0.82115
191 G	0.17498	0.00397	0.82106
192 T	0.17487	0.00457	0.82056
193 C	0.17419	0.00591	0.81989
194 G	0.17312	0.00978	0.8171
195 T	0.17241	0.01345	0.81414
196 A	0.17135	0.01834	0.81031
197 A	0.17061	0.01947	0.80992
198 A	0.17017	0.01999	0.80984
199 G	0.16954	0.02061	0.80985
200 G	0.16940	0.02072	0.80988
201 C	0.16945	0.02066	0.8099
202 G	0.16951	0.02060	0.80989
203 G	0.16971	0.02038	0.8099
204 T	0.17001	0.02006	0.80993
205 T	0.17020	0.01982	0.80997
206 C	0.17032	0.01969	0.80998
207 T	0.17044	0.01953	0.81003
208 C	0.17050	0.01946	0.81004
209 C	0.17057	0.01941	0.81002
210 A	0.17076	0.01934	0.8099
211 G	0.17120	0.01901	0.80979
212 T	0.17146	0.01906	0.80948
213 T	0.17167	0.01956	0.80878
214 A	0.17146	0.02102	0.80753
215 A	0.17204	0.02075	0.80721
216 A	0.17329	0.01921	0.8075
217 T	0.17610	0.01533	0.80857
218 T	0.17859	0.01222	0.80919
219 T	0.18138	0.00895	0.80967
220 T	0.18158	0.00838	0.81005
221 A	0.18155	0.00822	0.81023
222 T	0.18155	0.00770	0.81075
223 T	0.18153	0.00759	0.81088
224 C	0.18136	0.00775	0.81089
225 T	0.18096	0.00825	0.81079
226 C	0.18072	0.00868	0.81059
227 A	0.18046	0.00954	0.80999
228 A	0.18002	0.01057	0.80941
229 T	0.17966	0.01148	0.80886
230 T	0.17900	0.01368	0.80732
231 A	0.17535	0.02041	0.80425
232 A	0.17446	0.02312	0.80241
233 A	0.17422	0.02488	0.8009
234 A	0.17402	0.02636	0.79962
235 G	0.17422	0.02663	0.79915
236 A	0.17492	0.02635	0.79873
237 T	0.17631	0.02451	0.79918
238 A	0.17672	0.02391	0.79937
239 T	0.17733	0.02317	0.7995
240 T	0.17754	0.02284	0.79962
241 C	0.17749	0.02281	0.7997
242 C	0.17696	0.02339	0.79965
243 T	0.17641	0.02414	0.79945
244 A	0.17551	0.02505	0.79944
245 C	0.17238	0.02819	0.79943
246 A	0.16894	0.03184	0.79922
247 T	0.16782	0.03293	0.79925
248 C	0.16492	0.03544	0.79964
249 A	0.16099	0.03993	0.79908
250 G	0.15929	0.04161	0.7991
251 A	0.15828	0.04267	0.79905
252 A	0.15709	0.04410	0.79881
253 G	0.15771	0.04325	0.79904
254 C	0.16034	0.03728	0.80238
255 G	0.16199	0.03513	0.80289
256 A	0.16351	0.03359	0.8029
257 T	0.16472	0.03244	0.80283
258 T	0.16423	0.03290	0.80287
259 C	0.16165	0.03552	0.80283
260 A	0.15877	0.03859	0.80264
261 A	0.15654	0.04094	0.80251
262 C	0.15553	0.04198	0.80249
263 A	0.15472	0.04358	0.8017
264 A	0.15408	0.04439	0.80153
265 T	0.15372	0.04396	0.80232
266 T	0.15297	0.04386	0.80317
267 A	0.15104	0.04491	0.80405
268 G	0.15019	0.04123	0.80858
269 C	0.14987	0.03748	0.81265
270 T	0.14985	0.03641	0.81374
271 A	0.14982	0.03455	0.81564
272 A	0.15037	0.03094	0.81869
273 A	0.15059	0.02891	0.8205
274 C	0.15126	0.02683	0.82191
275 T	0.15228	0.02416	0.82357
276 T	0.15285	0.02267	0.82447
277 T	0.15305	0.02295	0.824
278 T	0.15293	0.02451	0.82255
279 T	0.15248	0.02696	0.82056
280 A	0.15187	0.03138	0.81675
281 A	0.15091	0.03465	0.81444
282 T	0.15047	0.03455	0.81498
283 A	0.14984	0.03488	0.81528
284 T	0.14942	0.03434	0.81624
285 T	0.14797	0.03685	0.81519
286 A	0.14541	0.04294	0.81166
287 A	0.14353	0.04910	0.80737
288 T	0.14323	0.04955	0.80722
289 T	0.14289	0.04919	0.80792
290 T	0.14248	0.04808	0.80944
291 A	0.14179	0.04853	0.80969
292 C	0.14122	0.04912	0.80966
293 C	0.13978	0.05315	0.80707
294 T	0.13591	0.05938	0.80472
295 A	0.12718	0.07383	0.799
296 A	0.12256	0.08149	0.79595
297 A	0.12096	0.08508	0.79396
298 C	0.12037	0.08786	0.79176
299 A	0.12013	0.09235	0.78752
300 A	0.12121	0.09286	0.78592
301 A	0.12311	0.09178	0.78511
302 A	0.12545	0.08983	0.78472
303 A	0.12981	0.08613	0.78407
304 T	0.13422	0.08180	0.78398
305 T	0.13621	0.08051	0.78328
306 A	0.13684	0.07951	0.78365
307 A	0.13744	0.07815	0.78441
308 A	0.13868	0.07534	0.78598
309 A	0.14152	0.06948	0.78899
310 C	0.14552	0.06309	0.79139
311 C	0.14647	0.06179	0.79174
312 T	0.14675	0.06167	0.79157
313 G	0.14645	0.06232	0.79122
314 A	0.14657	0.06249	0.79094
315 A	0.14697	0.06188	0.79114
316 G	0.14950	0.05780	0.7927
317 A	0.15250	0.04988	0.79762
318 T	0.15968	0.03354	0.80679
319 C	0.16305	0.02542	0.81153
320 C	0.16522	0.02239	0.81239
321 T	0.16822	0.02100	0.81077
322 T	0.17175	0.01789	0.81036
323 T	0.17292	0.01716	0.80993
324 A	0.17318	0.01748	0.80934
325 A	0.17372	0.01687	0.80941
326 C	0.17476	0.01475	0.81048
327 T	0.17579	0.01391	0.8103
328 T	0.17595	0.01421	0.80984
329 C	0.17365	0.01697	0.80937
330 T	0.17225	0.01988	0.80787
331 A	0.17087	0.02353	0.8056
332 T	0.17017	0.02585	0.80398
333 T	0.16894	0.02784	0.80322
334 T	0.16518	0.03207	0.80275
335 T	0.15980	0.03773	0.80247
336 A	0.15548	0.04245	0.80207
337 A	0.15183	0.04587	0.8023
338 A	0.14811	0.04943	0.80246
339 A	0.14482	0.05259	0.80259
340 T	0.14266	0.05464	0.8027
341 C	0.13106	0.06632	0.80261
342 A	0.12115	0.07716	0.80169
343 G	0.11772	0.08135	0.80092
344 C	0.11770	0.08189	0.80041
345 T	0.11710	0.08386	0.79904
346 A	0.11588	0.08646	0.79765
347 A	0.11543	0.08776	0.7968
348 T	0.11395	0.08957	0.79649
349 A	0.11240	0.09142	0.79618
350 A	0.11198	0.09152	0.7965
351 A	0.11311	0.08911	0.79777
352 T	0.11502	0.08405	0.80093
353 T	0.11635	0.08075	0.8029
354 T	0.11709	0.07815	0.80477
355 T	0.11613	0.07754	0.80633
356 A	0.11467	0.07721	0.80811
357 T	0.11399	0.07301	0.81301
358 C	0.11256	0.06949	0.81795
359 A	0.11190	0.06835	0.81975
360 A	0.11159	0.06683	0.82158
361 A	0.11118	0.06457	0.82426
362 A	0.11129	0.06138	0.82734
363 A	0.11147	0.05895	0.82958
364 G	0.11200	0.04502	0.84298
365 C	0.11366	0.03301	0.85333
366 T	0.11554	0.02783	0.85662
367 T	0.11639	0.02656	0.85706
368 T	0.11719	0.02734	0.85547
369 G	0.11755	0.03068	0.85177
370 T	0.11818	0.03560	0.84622
371 T	0.11808	0.04396	0.83796
372 A	0.11759	0.04994	0.83248
373 T	0.11761	0.05349	0.8289
374 T	0.11740	0.05389	0.82871
375 T	0.11706	0.05400	0.82894
376 A	0.11671	0.05363	0.82966
377 T	0.11652	0.05237	0.83111
378 C	0.11619	0.05152	0.83229
379 T	0.11597	0.05509	0.82894
380 T	0.11519	0.06241	0.8224
381 A	0.11270	0.07460	0.8127
382 G	0.11048	0.08629	0.80324
383 A	0.10903	0.09861	0.79237
384 T	0.10842	0.10828	0.78329
385 A	0.10724	0.12316	0.7696
386 A	0.10619	0.13022	0.76359
387 A	0.10566	0.13326	0.76108
388 A	0.10550	0.13472	0.75978
389 A	0.10531	0.13621	0.75848
390 A	0.10548	0.13655	0.75797
391 G	0.10820	0.13391	0.75789
392 A	0.11388	0.12883	0.75728
393 A	0.12147	0.12222	0.7563
394 T	0.13264	0.11058	0.75677
395 T	0.13683	0.10609	0.75709
396 T	0.13600	0.10696	0.75703
397 T	0.12998	0.11361	0.75641
398 C	0.11833	0.12595	0.75571
399 A	0.10820	0.13624	0.75556
400 G	0.09998	0.14437	0.75565
401 A	0.09638	0.14784	0.75579
402 A	0.09874	0.14509	0.75617
403 C	0.10703	0.13607	0.7569
404 A	0.11832	0.12262	0.75906
405 T	0.13093	0.10768	0.76139
406 C	0.13991	0.09731	0.76278
407 C	0.14945	0.08745	0.7631
408 T	0.16230	0.07451	0.76319
409 T	0.16709	0.06932	0.76359
410 T	0.16791	0.06854	0.76355
411 A	0.16699	0.06982	0.7632
412 T	0.16704	0.06962	0.76333
413 T	0.16360	0.07213	0.76427
414 A	0.15345	0.08329	0.76326
415 A	0.14695	0.09076	0.76229
416 A	0.14494	0.09304	0.76202
417 A	0.14405	0.09250	0.76346
418 T	0.14444	0.08628	0.76927
419 A	0.14393	0.08067	0.7754
420 T	0.14451	0.07266	0.78283
421 T	0.14464	0.06526	0.79011
422 T	0.14386	0.05972	0.79642
423 A	0.14062	0.05917	0.80021
424 T	0.13756	0.06054	0.8019
425 T	0.13121	0.06966	0.79913
426 T	0.12229	0.08465	0.79306
427 G	0.10249	0.12073	0.77678
428 A	0.08366	0.15885	0.75749
429 A	0.07513	0.17738	0.74749
430 G	0.06971	0.18746	0.74284
431 A	0.06498	0.19840	0.73662
432 A	0.05976	0.20878	0.73147
433 A	0.05833	0.21131	0.73036
434 G	0.05762	0.21108	0.73129
435 A	0.05812	0.21080	0.73108
436 A	0.05948	0.20636	0.73416
437 A	0.06134	0.19596	0.7427
438 A	0.06298	0.18914	0.74787
439 T	0.06426	0.18677	0.74898
440 T	0.06399	0.19079	0.74522
441 A	0.06207	0.19722	0.7407
442 A	0.06028	0.20061	0.73911
443 A	0.06007	0.20142	0.7385
444 T	0.06048	0.20036	0.73915
445 A	0.06005	0.20059	0.73935
446 A	0.06179	0.19839	0.73982
447 A	0.06509	0.19104	0.74386
448 G	0.07047	0.17838	0.75115
449 A	0.07825	0.16506	0.75669
450 A	0.09715	0.13384	0.76901
451 T	0.11799	0.10076	0.78125
452 T	0.12662	0.08900	0.78437
453 A	0.12899	0.08340	0.78762
454 A	0.13289	0.07632	0.79079
455 T	0.13779	0.06610	0.79612
456 T	0.13893	0.06356	0.79752
457 C	0.13889	0.06272	0.79839
458 A	0.13947	0.06275	0.79778
459 A	0.14005	0.06263	0.79733
460 G	0.14103	0.06167	0.7973
461 A	0.14311	0.05937	0.79752
462 G	0.14642	0.05571	0.79787
463 T	0.15259	0.04815	0.79926
464 T	0.15645	0.04212	0.80142
465 C	0.15792	0.03833	0.80375
466 G	0.15855	0.03870	0.80276
467 G	0.15903	0.03961	0.80136
468 G	0.16039	0.03911	0.8005
469 T	0.16501	0.03634	0.79864
470 T	0.16734	0.03709	0.79557
471 A	0.16842	0.03989	0.7917
472 G	0.17088	0.04164	0.78747
473 G	0.17438	0.04546	0.78015
474 T	0.17851	0.05720	0.76428
475 T	0.18189	0.05749	0.76061
476 A	0.18277	0.06012	0.75711
477 T	0.18406	0.05891	0.75704
478 T	0.18450	0.05858	0.75692
479 C	0.18437	0.05867	0.75697
480 T	0.18224	0.06163	0.75614
481 C	0.17630	0.06844	0.75526
482 A	0.17339	0.07416	0.75244
483 T	0.16917	0.08208	0.74875
484 A	0.15690	0.09992	0.74317
485 A	0.14689	0.11066	0.74245
486 A	0.14454	0.11359	0.74188
487 A	0.14361	0.11408	0.74231
488 A	0.14342	0.11386	0.74271
489 C	0.14488	0.11177	0.74334
490 T	0.14667	0.10992	0.74341
491 C	0.14603	0.11044	0.74353
492 A	0.14589	0.11063	0.74348
493 A	0.14768	0.10878	0.74354
494 G	0.15148	0.10489	0.74363
495 C	0.15611	0.10004	0.74385
496 G	0.16355	0.09259	0.74386
497 C	0.17902	0.07695	0.74403
498 T	0.18381	0.07268	0.7435
499 T	0.18656	0.07113	0.74231
500 T	0.18634	0.07379	0.73987
501 A	0.18577	0.07910	0.73513
502 A	0.18588	0.08113	0.733
503 T	0.18693	0.07742	0.73566
504 T	0.18755	0.06925	0.7432
505 A	0.18794	0.06611	0.74595
506 A	0.18932	0.06034	0.75035
507 A	0.19300	0.04677	0.76024
508 C	0.19284	0.03729	0.76986
509 A	0.19269	0.03568	0.77162
510 T	0.19277	0.03471	0.77252
511 T	0.19223	0.03547	0.7723
512 T	0.19085	0.03837	0.77078
513 A	0.18762	0.04261	0.76976
514 G	0.18498	0.04409	0.77093
515 T	0.18330	0.04498	0.77172
516 T	0.17948	0.05133	0.7692
517 G	0.16848	0.06914	0.76238
518 G	0.15974	0.08946	0.75079
519 A	0.15577	0.09704	0.74719
520 A	0.15404	0.10315	0.74281
521 A	0.15415	0.10569	0.74016
522 A	0.15520	0.10693	0.73787
523 C	0.15757	0.10441	0.73803
524 T	0.16229	0.10028	0.73743
525 T	0.16375	0.09957	0.73667
526 A	0.16343	0.10096	0.73562
527 A	0.16321	0.10150	0.73528
528 T	0.16312	0.10115	0.73574
529 T	0.16045	0.10259	0.73696
530 A	0.14993	0.11375	0.73631
531 T	0.14231	0.12159	0.7361
532 A	0.13350	0.13127	0.73523
533 A	0.12795	0.13832	0.73373
534 A	0.12449	0.14273	0.73278
535 T	0.12409	0.14244	0.73347
536 A	0.11977	0.14459	0.73565
537 T	0.11983	0.14143	0.73874
538 G	0.11863	0.14124	0.74014
539 A	0.12083	0.13715	0.74202
540 A	0.12592	0.12469	0.7494
541 G	0.13604	0.10716	0.7568
542 A	0.14001	0.10016	0.75983
543 T	0.14577	0.09274	0.76149
544 A	0.14887	0.08927	0.76186
545 T	0.15256	0.08488	0.76256
546 T	0.15393	0.08309	0.76298
547 T	0.15468	0.08211	0.76321
548 T	0.15504	0.08211	0.76285
549 A	0.15483	0.08421	0.76095
550 A	0.15496	0.08696	0.75808
551 A	0.15517	0.08800	0.75683
552 A	0.15561	0.08523	0.75916
553 T	0.15715	0.07395	0.7689
554 T	0.15807	0.06406	0.77786
555 A	0.15849	0.05816	0.78335
556 G	0.16018	0.05214	0.78768
557 G	0.16220	0.04749	0.79031
558 T	0.16436	0.04334	0.79229
559 T	0.16575	0.03842	0.79583
560 T	0.16645	0.03849	0.79506
561 G	0.16662	0.04116	0.79222
562 A	0.16758	0.04234	0.79009
563 T	0.16852	0.04159	0.78989
564 T	0.16849	0.04277	0.78874
565 T	0.16754	0.04711	0.78536
566 C	0.16458	0.05702	0.7784
567 T	0.16188	0.07701	0.7611
568 A	0.15065	0.11968	0.72967
569 A	0.14398	0.14096	0.71506
570 A	0.14095	0.15057	0.70849
571 A	0.14022	0.15467	0.70511
572 A	0.14214	0.15367	0.70418
573 A	0.14532	0.15119	0.70348
574 A	0.14735	0.14986	0.70278
575 A	0.14924	0.14798	0.70277
576 T	0.15153	0.14533	0.70314
577 G	0.15271	0.14357	0.70372
578 A	0.15459	0.14108	0.70433
579 T	0.15640	0.13881	0.70479
580 T	0.15740	0.13753	0.70508
581 C	0.15785	0.13693	0.70522
582 A	0.15885	0.13601	0.70515
583 G	0.16069	0.13409	0.70522
584 A	0.16422	0.13050	0.70528
585 T	0.16796	0.12676	0.70527
586 G	0.16933	0.12567	0.70501
587 A	0.17269	0.12153	0.70578
588 A	0.17897	0.11333	0.70769
589 T	0.19017	0.09821	0.71162
590 A	0.20507	0.08018	0.71474
591 T	0.23633	0.03859	0.72508
592 T	0.24848	0.02085	0.73067
593 T	0.25334	0.01381	0.73285
594 T	0.25509	0.01180	0.7331
595 G	0.25584	0.01147	0.7327
596 A	0.25663	0.01209	0.73128
597 T	0.25794	0.01136	0.7307
598 T	0.25868	0.01144	0.72988
599 T	0.25904	0.01165	0.72932
600 T	0.25918	0.01301	0.72781
601 T	0.25924	0.01416	0.72661
602 T	0.25924	0.01486	0.7259
603 T	0.25923	0.01560	0.72517
604 A	0.25923	0.01597	0.72479
605 T	0.25937	0.01635	0.72427
606 T	0.25935	0.01641	0.72424
607 A	0.25939	0.01641	0.7242
608 A	0.25963	0.01619	0.72419
609 T	0.26009	0.01567	0.72424
610 C	0.26028	0.01551	0.72421
611 G	0.26050	0.01535	0.72415
612 T	0.26100	0.01494	0.72406
613 T	0.26117	0.01490	0.72393
614 T	0.26106	0.01517	0.72377
615 A	0.26071	0.01580	0.72348
616 A	0.26120	0.01563	0.72318
617 T	0.26231	0.01460	0.72308
618 G	0.26308	0.01379	0.72314
619 T	0.26512	0.01171	0.72316
620 T	0.26652	0.01029	0.72319
621 T	0.26746	0.00935	0.7232
622 C	0.26508	0.01174	0.72317
623 C	0.26241	0.01463	0.72296
624 T	0.25824	0.01987	0.72188
625 T	0.25126	0.02708	0.72166
626 T	0.23153	0.04689	0.72158
627 G	0.18730	0.09123	0.72147
628 A	0.16503	0.11358	0.72139
629 C	0.14950	0.12894	0.72156
630 C	0.13583	0.14266	0.72151
631 G	0.12597	0.15298	0.72105
632 A	0.11916	0.16015	0.7207
633 T	0.11589	0.16365	0.72046
634 G	0.10899	0.17093	0.72008
635 A	0.10532	0.17462	0.72006
636 A	0.10327	0.17650	0.72022
637 A	0.10166	0.17776	0.72057
638 A	0.10123	0.17745	0.72132
639 C	0.10112	0.17700	0.72187
640 G	0.10090	0.17714	0.72196
641 G	0.10067	0.17740	0.72193
642 T	0.10054	0.17767	0.72179
643 A	0.10038	0.17821	0.72141
644 A	0.10033	0.17820	0.72147
645 A	0.10034	0.17435	0.72531
646 A	0.10057	0.16817	0.73126
647 T	0.10153	0.15672	0.74176
648 A	0.10171	0.14582	0.75247
649 G	0.10188	0.12137	0.77674
650 T	0.10212	0.08117	0.81671
651 T	0.10226	0.06129	0.83644
652 G	0.10230	0.04810	0.8496
653 G	0.10248	0.03655	0.86097
654 T	0.10296	0.02989	0.86714
655 T	0.10317	0.02563	0.8712
656 T	0.10327	0.02407	0.87266
657 T	0.10330	0.02110	0.8756
658 T	0.10281	0.02292	0.87428
659 G	0.10229	0.02865	0.86906
660 T	0.10207	0.02878	0.86916
661 G	0.10165	0.03081	0.86754
662 G	0.10153	0.03400	0.86447
663 A	0.10154	0.03961	0.85885
664 C	0.10161	0.04065	0.85774
665 G	0.10135	0.04257	0.85608
666 T	0.10151	0.04464	0.85385
667 T	0.10101	0.04824	0.85075
668 C	0.09980	0.05454	0.84566
669 A	0.09837	0.07469	0.82694
670 T	0.09776	0.08989	0.81234
671 T	0.09679	0.11523	0.78798
672 A	0.09457	0.14931	0.75611
673 G	0.09282	0.18288	0.72431
674 A	0.09191	0.23653	0.67156
675 A	0.09079	0.27053	0.63867
676 A	0.09017	0.28721	0.62262
677 A	0.09149	0.28785	0.62065
678 T	0.09517	0.28444	0.62039
679 A	0.09369	0.28661	0.6197
680 A	0.09421	0.28612	0.61967
681 C	0.09663	0.28350	0.61988
682 C	0.10032	0.28077	0.61891
683 A	0.09723	0.28634	0.61643
684 A	0.09535	0.28999	0.61466
685 A	0.09805	0.28929	0.61267
686 A	0.10223	0.28655	0.61122
687 T	0.10417	0.28623	0.6096
688 A	0.10412	0.28630	0.60958
689 A	0.09886	0.29177	0.60937
690 A	0.09829	0.29131	0.6104
691 A	0.10079	0.28714	0.61208
692 C	0.11279	0.27253	0.61467
693 G	0.12457	0.26010	0.61533
694 C	0.14761	0.23646	0.61593
695 A	0.17692	0.20760	0.61548
696 A	0.21129	0.17242	0.6163
697 T	0.26390	0.11931	0.61679
698 T	0.29003	0.09194	0.61803
699 T	0.29937	0.08160	0.61903
700 C	0.29897	0.07950	0.62153
701 A	0.29935	0.07859	0.62206
702 T	0.30067	0.07391	0.62542
703 A	0.30042	0.07332	0.62626
704 T	0.30201	0.07090	0.62709
705 T	0.30343	0.06849	0.62808
706 C	0.30428	0.06108	0.63464
707 C	0.30463	0.05633	0.63904
708 T	0.30591	0.05508	0.63901
709 A	0.30537	0.05589	0.63874
710 A	0.30593	0.05534	0.63873
711 A	0.30617	0.05415	0.63967
712 T	0.30676	0.04370	0.64954
713 A	0.30584	0.03995	0.65421
714 T	0.30530	0.03653	0.65817
715 T	0.30358	0.03438	0.66203
716 T	0.29868	0.03642	0.6649
717 A	0.28869	0.04792	0.66338
718 T	0.28310	0.05596	0.66094
719 T	0.27566	0.07522	0.64912
720 T	0.26084	0.11762	0.62153
721 A	0.21220	0.22469	0.56311
722 A	0.18897	0.25270	0.55832
723 T	0.17815	0.26265	0.55921
724 A	0.15446	0.28559	0.55995
725 G	0.14442	0.29467	0.56092
726 C	0.14027	0.29782	0.56192
727 C	0.13836	0.30001	0.56162
728 A	0.13633	0.30393	0.55974
729 A	0.13543	0.30560	0.55897
730 T	0.13486	0.30687	0.55826
731 T	0.13381	0.30856	0.55763
732 T	0.13260	0.31051	0.55689
733 A	0.12907	0.31562	0.55531
734 A	0.12734	0.31876	0.5539
735 A	0.12632	0.32046	0.55322
736 A	0.12557	0.32050	0.55392
737 A	0.12439	0.32035	0.55526
738 A	0.12433	0.31760	0.55807
739 G	0.12634	0.30939	0.56427
740 A	0.13212	0.29437	0.57351
741 A	0.13942	0.27913	0.58144
742 A	0.15214	0.25558	0.59228
743 A	0.17976	0.21050	0.60974
744 T	0.23695	0.10322	0.65983
745 T	0.24210	0.07620	0.68171
746 T	0.24275	0.06472	0.69252
747 T	0.24314	0.04689	0.70997
748 T	0.24333	0.04122	0.71545
749 T	0.24334	0.03979	0.71687
750 A	0.24336	0.03863	0.71801
751 T	0.24507	0.03484	0.72008
752 A	0.24507	0.03420	0.72073
753 T	0.24617	0.03284	0.72098
754 C	0.24590	0.03336	0.72074
755 G	0.24647	0.03418	0.71935
756 T	0.24828	0.03456	0.71715
757 T	0.25004	0.03545	0.7145
758 T	0.25103	0.04129	0.70768
759 T	0.25128	0.04637	0.70234
760 T	0.25089	0.05128	0.69783
761 T	0.24938	0.06319	0.68744
762 T	0.24620	0.06950	0.68431
763 G	0.22334	0.10103	0.67563
764 A	0.19772	0.13121	0.67106
765 A	0.19204	0.13768	0.67028
766 C	0.18699	0.14349	0.66952
767 A	0.18069	0.15224	0.66707
768 T	0.17643	0.15880	0.66477
769 C	0.16397	0.17708	0.65895
770 A	0.15007	0.22000	0.62993
771 A	0.14287	0.25465	0.60248
772 A	0.13759	0.28567	0.57675
773 A	0.13405	0.31693	0.54902
774 A	0.13125	0.33896	0.5298
775 G	0.13145	0.34532	0.52323
776 A	0.13365	0.34368	0.52267
777 T	0.13771	0.33876	0.52353
778 A	0.13994	0.33576	0.5243
779 T	0.14493	0.32996	0.52511
780 C	0.14611	0.32815	0.52575
781 C	0.14912	0.32472	0.52616
782 A	0.15054	0.32365	0.52581
783 A	0.15380	0.32016	0.52604
784 G	0.16009	0.31332	0.52658
785 A	0.16290	0.31008	0.52701
786 T	0.16993	0.28718	0.54289
787 A	0.17143	0.26355	0.56503
788 A	0.17155	0.25958	0.56887
789 A	0.17226	0.26081	0.56692
790 A	0.17349	0.27203	0.55448
791 A	0.17604	0.27092	0.55304
792 A	0.18374	0.25300	0.56326
793 G	0.21275	0.21070	0.57655
794 A	0.24188	0.17485	0.58327
795 A	0.26972	0.14062	0.58965
796 G	0.30115	0.10399	0.59486
797 T	0.32133	0.07955	0.59912
798 T	0.32774	0.07170	0.60056
799 A	0.32842	0.07071	0.60086
800 T	0.32898	0.07014	0.60088
801 T	0.32927	0.07445	0.59629
802 T	0.32932	0.07777	0.59291
803 T	0.32927	0.07692	0.59381
804 A	0.32903	0.07673	0.59424
805 T	0.32861	0.07584	0.59555
806 G	0.32815	0.07564	0.59621
807 C	0.32823	0.07589	0.59588
808 G	0.32881	0.07728	0.59391
809 A	0.33052	0.07714	0.59234
810 A	0.33410	0.07377	0.59212
811 G	0.33832	0.06920	0.59249
812 G	0.34706	0.06016	0.59278
813 T	0.36737	0.03832	0.59431
814 T	0.37367	0.03129	0.59503
815 T	0.37604	0.02835	0.5956
816 T	0.37730	0.02700	0.59571
817 T	0.37771	0.02667	0.59562
818 T	0.37756	0.02679	0.59565
819 T	0.37513	0.02932	0.59554
820 G	0.37303	0.03153	0.59543
821 A	0.37196	0.03279	0.59525
822 C	0.37188	0.03291	0.5952
823 G	0.37239	0.03310	0.59451
824 T	0.37816	0.02744	0.5944
825 T	0.38068	0.02526	0.59405
826 A	0.38002	0.02588	0.59411
827 T	0.38052	0.02517	0.59431
828 C	0.38010	0.02477	0.59512
829 G	0.38012	0.02451	0.59537
830 C	0.38095	0.02377	0.59528
831 T	0.38270	0.02364	0.59367
832 T	0.38170	0.02842	0.58989
833 T	0.37824	0.03535	0.58641
834 T	0.37339	0.04528	0.58133
835 T	0.36351	0.05969	0.57679
836 A	0.34698	0.07973	0.57329
837 T	0.33943	0.09034	0.57023
838 A	0.33194	0.10021	0.56785
839 A	0.32906	0.10475	0.56618
840 A	0.32676	0.10828	0.56495
841 A	0.32570	0.11039	0.56391
842 T	0.32542	0.10859	0.56599
843 A	0.32470	0.10858	0.56672
844 G	0.32405	0.10909	0.56686
845 G	0.32383	0.10923	0.56694
846 G	0.32380	0.10929	0.56691
847 A	0.32363	0.10983	0.56654
848 T	0.32381	0.10898	0.5672
849 G	0.32325	0.10965	0.5671
850 A	0.32294	0.11186	0.5652
851 A	0.32293	0.11477	0.5623
852 A	0.32323	0.11787	0.5589
853 A	0.32403	0.11885	0.55713
854 A	0.32671	0.11495	0.55834
855 T	0.33246	0.10389	0.56365
856 G	0.33622	0.09308	0.57069
857 T	0.34177	0.08167	0.57656
858 T	0.34522	0.06855	0.58623
859 G	0.34696	0.05400	0.59904
860 T	0.34892	0.04635	0.60474
861 C	0.34852	0.04133	0.61014
862 G	0.34752	0.04144	0.61104
863 C	0.34822	0.04006	0.61173
864 T	0.34979	0.04147	0.60874
865 A	0.34989	0.04663	0.60349
866 G	0.35056	0.04932	0.60012
867 T	0.35173	0.05537	0.59289
868 T	0.35159	0.06312	0.5853
869 T	0.34668	0.07366	0.57967
870 A	0.34178	0.08755	0.57068
871 G	0.33879	0.09219	0.56902
872 G	0.33731	0.09646	0.56623
873 A	0.33686	0.10434	0.5588
874 A	0.33847	0.10564	0.5559
875 C	0.33994	0.10537	0.5547
876 T	0.34200	0.10819	0.54981
877 A	0.34171	0.11562	0.54267
878 A	0.34144	0.12052	0.53804
879 T	0.34216	0.12175	0.53609
880 T	0.34188	0.12477	0.53335
881 T	0.34142	0.12806	0.53051
882 A	0.33954	0.12999	0.53048
883 A	0.33832	0.13094	0.53074
884 A	0.33753	0.12982	0.53265
885 T	0.33513	0.13013	0.53474
886 C	0.33042	0.13429	0.53529
887 G	0.33127	0.13522	0.53351
888 A	0.33486	0.13230	0.53284
889 A	0.33775	0.12963	0.53262
890 T	0.34701	0.12032	0.53268
891 T	0.35234	0.11549	0.53217
892 C	0.35436	0.10836	0.53728
893 A	0.35691	0.10729	0.5358
894 A	0.35643	0.10955	0.53403
895 A	0.35962	0.10509	0.53529
896 T	0.36867	0.09439	0.53693
897 T	0.37186	0.09066	0.53748
898 G	0.37225	0.08690	0.54085
899 C	0.37461	0.08367	0.54172
900 A	0.37707	0.08432	0.5386
901 T	0.37914	0.08640	0.53446
902 C	0.36091	0.10739	0.5317
903 A	0.35267	0.13171	0.51562
904 T	0.34782	0.14494	0.50724
905 T	0.33469	0.16357	0.50173
906 A	0.30029	0.21161	0.4881
907 A	0.28614	0.23846	0.4754
908 A	0.27796	0.24779	0.47425
909 A	0.27111	0.25472	0.47417
910 A	0.27006	0.25786	0.47208
911 A	0.27011	0.26046	0.46943
912 A	0.26975	0.26698	0.46326
913 G	0.27136	0.26542	0.46322
914 T	0.27345	0.26265	0.4639
915 A	0.27416	0.26032	0.46553
916 A	0.27712	0.25485	0.46803
917 C	0.27930	0.24938	0.47132
918 A	0.27712	0.25170	0.47117
919 C	0.27410	0.25525	0.47065
920 A	0.27304	0.25934	0.46762
921 A	0.27290	0.26028	0.46683
922 A	0.27409	0.25927	0.46664
923 A	0.28092	0.24808	0.471
924 T	0.29036	0.23527	0.47437
925 G	0.29530	0.20198	0.50272
926 T	0.31178	0.17112	0.5171
927 T	0.31786	0.15395	0.5282
928 A	0.31915	0.14195	0.53891
929 C	0.32930	0.10126	0.56945
930 T	0.34128	0.08118	0.57754
931 G	0.34438	0.07236	0.58325
932 T	0.35019	0.06190	0.58791
933 C	0.35412	0.05632	0.58956
934 G	0.35880	0.05171	0.5895
935 C	0.36599	0.04304	0.59097
936 T	0.36806	0.04202	0.58992
937 T	0.36803	0.04434	0.58764
938 T	0.36533	0.05332	0.58135
939 A	0.36316	0.06559	0.57126
940 G	0.36159	0.06661	0.57181
941 A	0.36106	0.06531	0.57362
942 T	0.36220	0.06075	0.57704
943 T	0.36417	0.06014	0.57569
944 C	0.36346	0.06205	0.57449
945 T	0.36196	0.07111	0.56694
946 G	0.35652	0.08945	0.55403
947 A	0.35430	0.09603	0.54967
948 T	0.35055	0.10509	0.54436
949 A	0.34086	0.11652	0.54263
950 A	0.32903	0.12830	0.54267
951 C	0.31486	0.14013	0.54501
952 G	0.29101	0.17158	0.53742
953 C	0.26755	0.20972	0.52274
954 A	0.23824	0.31456	0.4472
955 G	0.21689	0.37694	0.40618
956 G	0.20593	0.42489	0.36918
957 A	0.19699	0.46318	0.33982
958 A	0.19435	0.48235	0.3233
959 A	0.19453	0.48925	0.31622
960 A	0.19572	0.48977	0.31451
961 G	0.20041	0.48218	0.31741
962 A	0.20787	0.47298	0.31916
963 A	0.20906	0.46989	0.32105
964 G	0.21107	0.46555	0.32338
965 C	0.21315	0.46188	0.32497
966 T	0.21663	0.45786	0.32551
967 G	0.21692	0.45712	0.32596
968 A	0.21980	0.45415	0.32605
969 G	0.22698	0.44536	0.32766
970 A	0.23014	0.44275	0.3271
971 A	0.23510	0.43442	0.33048
972 A	0.23827	0.42328	0.33845
973 A	0.24217	0.40827	0.34957
974 A	0.24981	0.38665	0.36354
975 A	0.26718	0.34666	0.38616
976 A	0.29842	0.28977	0.41181
977 T	0.39301	0.16302	0.44398
978 T	0.43360	0.10003	0.46636
979 T	0.45960	0.06282	0.47758
980 C	0.47219	0.04214	0.48567
981 T	0.48061	0.03362	0.48577
982 T	0.48326	0.03157	0.48517
983 T	0.48320	0.03219	0.4846
984 T	0.48156	0.03501	0.48343
985 T	0.47965	0.03929	0.48106
986 T	0.47436	0.05120	0.47444
987 G	0.46282	0.07956	0.45762
988 T	0.45244	0.10402	0.44353
989 T	0.43773	0.13223	0.43004
990 A	0.41699	0.17333	0.40968
991 A	0.40398	0.20950	0.38651
992 A	0.39794	0.23159	0.37047
993 T	0.39523	0.25084	0.35393
994 A	0.38970	0.27608	0.33422
995 A	0.38778	0.28458	0.32764
996 A	0.38738	0.28841	0.3242
997 A	0.38779	0.28910	0.32311
998 A	0.38912	0.28830	0.32258
999 T	0.39017	0.28768	0.32216
1000 A	0.39025	0.28896	0.32079
1001 G	0.39131	0.28825	0.32044
1002 T	0.39368	0.28620	0.32012
1003 T	0.39514	0.28467	0.32019
1004 T	0.39651	0.28323	0.32026
1005 T	0.39718	0.28249	0.32034
1006 A	0.39744	0.28153	0.32103
1007 G	0.39837	0.27687	0.32475
1008 A	0.40128	0.27027	0.32844
1009 G	0.41080	0.25187	0.33732
1010 T	0.43501	0.21542	0.34957
1011 T	0.45236	0.18833	0.35931
1012 A	0.46286	0.16898	0.36816
1013 A	0.47780	0.13868	0.38352
1014 G	0.49737	0.10676	0.39587
1015 G	0.51345	0.08437	0.40219
1016 T	0.53444	0.06035	0.40522
1017 T	0.55400	0.03844	0.40756
1018 T	0.55903	0.03695	0.40401
1019 T	0.55935	0.04234	0.39831
1020 A	0.55845	0.05125	0.3903
1021 A	0.55851	0.05915	0.38234
1022 A	0.55919	0.06240	0.3784
1023 T	0.56145	0.06052	0.37803
1024 T	0.56271	0.05950	0.37779
1025 T	0.56344	0.05890	0.37766
1026 T	0.56223	0.06042	0.37735
1027 C	0.55844	0.06430	0.37726
1028 C	0.55511	0.06843	0.37646
1029 T	0.55294	0.07175	0.37531
1030 T	0.54489	0.08229	0.37282
1031 C	0.53739	0.09196	0.37065
1032 T	0.53149	0.10607	0.36244
1033 A	0.52443	0.11758	0.35799
1034 A	0.52157	0.12205	0.35638
1035 T	0.52153	0.12265	0.35582
1036 T	0.52035	0.12424	0.35541
1037 T	0.51749	0.12730	0.3552
1038 A	0.51464	0.12996	0.3554
1039 G	0.51527	0.12882	0.35591
1040 A	0.51805	0.12543	0.35651
1041 T	0.52455	0.11766	0.35779
1042 C	0.53013	0.11019	0.35967
1043 C	0.53700	0.10277	0.36023
1044 T	0.54199	0.09906	0.35894
1045 G	0.53783	0.10562	0.35655
1046 A	0.53274	0.11480	0.35246
1047 T	0.52733	0.12389	0.34878
1048 G	0.51002	0.14848	0.3415
1049 A	0.50492	0.15787	0.33721
1050 A	0.49861	0.16718	0.33421
1051 T	0.49641	0.17569	0.3279
1052 A	0.49192	0.18361	0.32447
1053 T	0.49145	0.18155	0.327
1054 A	0.48726	0.19025	0.32249
1055 T	0.48883	0.19360	0.31757
1056 T	0.47518	0.22214	0.30269
1057 T	0.45755	0.24945	0.293
1058 T	0.43707	0.27552	0.28741
1059 A	0.37650	0.34119	0.28231
1060 T	0.34471	0.37397	0.28131
1061 C	0.30608	0.41357	0.28035
1062 T	0.28589	0.44192	0.2722
1063 A	0.25389	0.48171	0.2644
1064 A	0.23564	0.50777	0.25658
1065 A	0.21980	0.52976	0.25044
1066 A	0.17336	0.58037	0.24626
1067 A	0.15620	0.60033	0.24348
1068 A	0.15592	0.59954	0.24454
1069 A	0.15805	0.60124	0.24071
1070 A	0.16117	0.59646	0.24237
1071 T	0.16899	0.57602	0.25499
1072 A	0.17358	0.57414	0.25229
1073 A	0.17961	0.56775	0.25264
1074 T	0.19571	0.54928	0.25502
1075 A	0.20113	0.53926	0.25961
1076 T	0.20678	0.52711	0.26611
1077 A	0.21222	0.51382	0.27396
1078 A	0.22235	0.49083	0.28681
1079 G	0.24148	0.43569	0.32283
1080 T	0.26304	0.38588	0.35107
1081 T	0.27227	0.34175	0.38598
1082 T	0.27825	0.27753	0.44422
1083 C	0.27448	0.25227	0.47325
1084 T	0.27135	0.27956	0.4491
1085 T	0.25550	0.35806	0.38645
1086 A	0.21232	0.41282	0.37486
1087 A	0.20522	0.42605	0.36873
1088 A	0.20117	0.42596	0.37287
1089 A	0.19546	0.38626	0.41829
1090 C	0.18802	0.38109	0.4309
1091 A	0.17826	0.45807	0.36367
1092 A	0.16938	0.56079	0.26983
1093 A	0.15710	0.67353	0.16937
1094 A	0.15439	0.70686	0.13875
1095 A	0.15565	0.71849	0.12585
1096 T	0.15803	0.72504	0.11693
1097 T	0.15083	0.74026	0.10891
1098 A	0.11196	0.79736	0.09067
1099 G	0.08974	0.82835	0.08191
1100 A	0.07546	0.84997	0.07457
1101 A	0.06794	0.86123	0.07083
1102 G	0.06270	0.86753	0.06977
1103 A	0.06085	0.87049	0.06866
1104 A	0.06068	0.86997	0.06935
1105 A	0.06366	0.86367	0.07266
1106 G	0.07593	0.84314	0.08094
1107 A	0.11688	0.79617	0.08695
1108 A	0.17398	0.72097	0.10505
1109 C	0.19108	0.66075	0.14816
1110 T	0.20609	0.63813	0.15579
1111 A	0.21167	0.62787	0.16045
1112 A	0.21359	0.62086	0.16555
1113 A	0.22344	0.60271	0.17385
1114 G	0.29123	0.52510	0.18367
1115 A	0.39342	0.40218	0.2044
1116 T	0.50437	0.26534	0.23029
1117 T	0.53086	0.23072	0.23842
1118 A	0.53585	0.23691	0.22725
1119 T	0.54499	0.22446	0.23055
1120 A	0.54671	0.21655	0.23674
1121 T	0.56259	0.16252	0.27489
1122 T	0.56562	0.14222	0.29216
1123 T	0.56821	0.13536	0.29642
1124 T	0.56274	0.14813	0.28912
1125 T	0.53872	0.17343	0.28784
1126 A	0.42923	0.29227	0.2785
1127 A	0.28710	0.44410	0.2688
1128 T	0.25638	0.48069	0.26292
1129 C	0.23105	0.51781	0.25114
1130 A	0.21140	0.59658	0.19202
1131 A	0.19821	0.64015	0.16165
1132 A	0.18598	0.68200	0.13202
1133 T	0.16245	0.71606	0.1215
1134 A	0.12630	0.75890	0.1148
1135 G	0.10159	0.78344	0.11497
1136 A	0.08161	0.80572	0.11266
1137 A	0.07620	0.80951	0.11428
1138 G	0.07759	0.80696	0.11545
1139 A	0.08075	0.80418	0.11507
1140 A	0.08931	0.79593	0.11476
1141 T	0.11261	0.76875	0.11864
1142 T	0.11754	0.76244	0.12001
1143 T	0.11898	0.76173	0.11928
1144 A	0.11622	0.77866	0.10512
1145 G	0.11530	0.77904	0.10566
1146 A	0.11936	0.77186	0.10878
1147 A	0.12621	0.75283	0.12096
1148 A	0.13035	0.71680	0.15284
1149 A	0.14324	0.59380	0.26295
1150 C	0.16126	0.43755	0.40119
1151 A	0.16661	0.43935	0.39404
1152 A	0.17539	0.46899	0.35563
1153 A	0.22193	0.51027	0.26779
1154 A	0.24956	0.51275	0.23769
1155 T	0.28402	0.47752	0.23846
1156 T	0.29282	0.44803	0.25915
1157 T	0.29101	0.43356	0.27543
1158 A	0.27361	0.46847	0.25792
1159 A	0.24481	0.56614	0.18905
1160 G	0.23125	0.58045	0.1883
1161 A	0.17804	0.65204	0.16991
1162 G	0.15716	0.68432	0.15852
1163 A	0.15410	0.69654	0.14936
1164 C	0.14896	0.70113	0.14991
1165 G	0.13525	0.72077	0.14398
1166 A	0.13722	0.72790	0.13488
1167 T	0.15051	0.72470	0.12479
1168 C	0.15282	0.73519	0.11199
1169 A	0.15207	0.75524	0.0927
1170 A	0.15298	0.76389	0.08313
1171 A	0.15387	0.76872	0.0774
1172 T	0.15769	0.76653	0.07577
1173 A	0.16002	0.76607	0.07391
1174 A	0.18608	0.73492	0.07899
1175 A	0.24337	0.67019	0.08644
1176 T	0.35624	0.54833	0.09543
1177 T	0.40399	0.49426	0.10176
1178 C	0.42033	0.47219	0.10748
1179 T	0.43396	0.45828	0.10776
1180 A	0.43622	0.45534	0.10844
1181 A	0.45438	0.42611	0.11951
1182 T	0.52544	0.33204	0.14252
1183 A	0.53393	0.31415	0.15193
1184 T	0.55741	0.23257	0.21002
1185 T	0.57015	0.19454	0.23531
1186 A	0.57097	0.18668	0.24235
1187 A	0.55999	0.18852	0.25149
1188 C	0.56016	0.17064	0.2692
1189 A	0.56949	0.16099	0.26952
1190 T	0.58884	0.14047	0.27069
1191 T	0.60613	0.12621	0.26766
1192 T	0.61648	0.12722	0.2563
1193 T	0.60357	0.17832	0.21812
1194 A	0.51979	0.29580	0.18442
1195 T	0.45267	0.39180	0.15553
1196 T	0.34786	0.53271	0.11943
1197 A	0.26405	0.64163	0.09432
1198 A	0.22434	0.70110	0.07455
1199 A	0.20301	0.72959	0.0674
1200 A	0.18961	0.74240	0.06799
1201 T	0.17995	0.74927	0.07077
1202 A	0.16071	0.76884	0.07045
1203 T	0.15743	0.76906	0.07351
1204 C	0.13933	0.78738	0.07329
1205 A	0.12858	0.80215	0.06926
1206 T	0.12481	0.80640	0.0688
1207 A	0.11778	0.81455	0.06767
1208 A	0.11349	0.81776	0.06875
1209 T	0.11286	0.81403	0.07311
1210 A	0.10744	0.80694	0.08562
1211 G	0.10419	0.80101	0.0948
1212 A	0.10471	0.79796	0.09733
1213 G	0.10597	0.79695	0.09709
1214 A	0.10962	0.79216	0.09822
1215 A	0.12584	0.77073	0.10344
1216 A	0.16812	0.70560	0.12627
1217 A	0.20742	0.57469	0.21789
1218 T	0.24717	0.45296	0.29987
1219 T	0.27787	0.33470	0.38743
1220 T	0.27684	0.28941	0.43375
1221 A	0.24777	0.32808	0.42415
1222 G	0.21351	0.37272	0.41377
1223 A	0.20116	0.39275	0.40609
1224 A	0.19797	0.40239	0.39964
1225 T	0.20207	0.39077	0.40716
1226 A	0.20349	0.41562	0.3809
1227 T	0.20653	0.39831	0.39516
1228 T	0.20476	0.40163	0.3936
1229 T	0.19267	0.42711	0.38022
1230 T	0.17467	0.45113	0.37421
1231 C	0.14202	0.51190	0.34608
1232 A	0.12901	0.57287	0.29813
1233 A	0.12521	0.61014	0.26465
1234 A	0.12269	0.63981	0.2375
1235 A	0.12203	0.65615	0.22182
1236 T	0.12443	0.67324	0.20234
1237 A	0.12182	0.68899	0.1892
1238 A	0.11520	0.70259	0.18222
1239 A	0.11478	0.71029	0.17493
1240 A	0.11926	0.70711	0.17363
1241 T	0.12735	0.69926	0.17339
1242 A	0.13485	0.69910	0.16605
1243 A	0.15456	0.67646	0.16897
1244 A	0.18596	0.62298	0.19106
1245 T	0.21130	0.57739	0.21131
1246 G	0.21012	0.61120	0.17868
1247 A	0.21303	0.65783	0.12914
1248 A	0.19912	0.70639	0.09449
1249 A	0.20314	0.72218	0.07468
1250 A	0.18554	0.74791	0.06655
1251 A	0.19667	0.72778	0.07555
1252 T	0.22516	0.68375	0.09109
1253 A	0.22006	0.67278	0.10716
1254 T	0.24154	0.62441	0.13406
1255 C	0.25079	0.60614	0.14307
1256 A	0.26354	0.59656	0.1399
1257 A	0.27980	0.57884	0.14136
1258 A	0.29523	0.56112	0.14365
1259 T	0.31591	0.53723	0.14686
1260 T	0.31759	0.53157	0.15083
1261 C	0.30967	0.52889	0.16143
1262 A	0.30985	0.52619	0.16395
1263 A	0.30842	0.52596	0.16563
1264 A	0.31338	0.51953	0.1671
1265 C	0.33104	0.49766	0.17131
1266 T	0.35695	0.47046	0.17259
1267 A	0.37272	0.44837	0.17891
1268 A	0.39235	0.42318	0.18448
1269 T	0.44891	0.35279	0.1983
1270 T	0.49994	0.29158	0.20848
1271 T	0.52680	0.23332	0.23988
1272 A	0.53952	0.19220	0.26828
1273 T	0.54822	0.14669	0.30508
1274 T	0.54892	0.12714	0.32394
1275 T	0.54856	0.11450	0.33693
1276 T	0.54855	0.09667	0.35478
1277 C	0.54692	0.08771	0.36537
1278 T	0.54491	0.08504	0.37005
1279 T	0.54386	0.09353	0.36261
1280 T	0.54155	0.11145	0.347
1281 T	0.53676	0.14240	0.32084
1282 A	0.52912	0.15919	0.31169
1283 T	0.52782	0.14991	0.32227
1284 T	0.52621	0.14409	0.3297
1285 T	0.52234	0.16835	0.3093
1286 C	0.51584	0.20214	0.28203
1287 T	0.51199	0.26743	0.22059
1288 A	0.49291	0.33857	0.16852
1289 T	0.43713	0.42787	0.135
1290 G	0.38841	0.50017	0.11141
1291 A	0.36524	0.53764	0.09712
1292 A	0.34952	0.56666	0.08383
1293 A	0.34445	0.58123	0.07432
1294 G	0.34251	0.58889	0.0686
1295 A	0.34176	0.60196	0.05628
1296 A	0.34063	0.61188	0.04749
1297 A	0.34007	0.62482	0.03511
1298 T	0.34040	0.62454	0.03506
1299 A	0.33890	0.62715	0.03395
1300 A	0.33961	0.62516	0.03524
1301 A	0.34448	0.61520	0.04033
1302 C	0.35654	0.59736	0.04611
1303 A	0.37046	0.58140	0.04814
1304 A	0.39459	0.55286	0.05255
1305 C	0.40584	0.53416	0.05999
1306 C	0.41270	0.52782	0.05947
1307 A	0.42506	0.51963	0.05532
1308 A	0.46972	0.47749	0.05279
1309 T	0.52225	0.42551	0.05224
1310 T	0.57390	0.37933	0.04677
1311 A	0.58426	0.35748	0.05826
1312 T	0.59357	0.28727	0.11915
1313 T	0.55853	0.28301	0.15846
1314 A	0.47346	0.35656	0.16998
1315 C	0.43440	0.40079	0.16481
1316 A	0.40382	0.43992	0.15626
1317 A	0.39010	0.45615	0.15375
1318 A	0.39193	0.45300	0.15507
1319 G	0.39238	0.45093	0.15669
1320 C	0.37742	0.46494	0.15765
1321 A	0.33687	0.50785	0.15527
1322 C	0.28734	0.55848	0.15417
1323 A	0.24911	0.60421	0.14669
1324 A	0.22068	0.63920	0.14012
1325 A	0.21199	0.65486	0.13315
1326 G	0.20338	0.67429	0.12233
1327 G	0.19971	0.68586	0.11443
1328 A	0.19564	0.69279	0.11156
1329 T	0.19400	0.69434	0.11166
