# tr|A9JR03|A9JR03_ONYPE
# AA	inside	membr	outside
1 M	0.87788	0.00000	0.12211
2 W	0.87756	0.00032	0.12211
3 N	0.87753	0.00035	0.12211
4 L	0.87753	0.01962	0.10285
5 I	0.87724	0.02886	0.09389
6 N	0.87724	0.02913	0.09363
7 T	0.87655	0.03011	0.09334
8 W	0.87655	0.03012	0.09333
9 L	0.87648	0.03019	0.09333
10 T	0.87648	0.03025	0.09327
11 K	0.87648	0.03025	0.09327
12 L	0.87605	0.03068	0.09326
13 N	0.87587	0.03086	0.09326
14 N	0.87587	0.03086	0.09326
15 V	0.87587	0.03087	0.09325
16 L	0.87587	0.03088	0.09325
17 N	0.87586	0.03088	0.09325
18 T	0.87586	0.03089	0.09325
19 I	0.87525	0.03150	0.09324
20 S	0.87271	0.03409	0.0932
21 H	0.84544	0.06135	0.09321
22 Y	0.84483	0.06206	0.09311
23 F	0.84441	0.06260	0.09299
24 F	0.84970	0.05737	0.09293
25 T	0.86060	0.04607	0.09333
26 Y	0.85771	0.04985	0.09244
27 Q	0.86570	0.04483	0.08947
28 N	0.83302	0.08670	0.08029
29 Q	0.79152	0.13514	0.07334
30 W	0.40912	0.55377	0.03711
31 L	0.13410	0.84306	0.02284
32 N	0.02834	0.95679	0.01487
33 L	0.00637	0.98617	0.00746
34 G	0.00319	0.99138	0.00543
35 L	0.00057	0.99635	0.00308
36 L	0.00026	0.99781	0.00193
37 T	0.00020	0.99815	0.00165
38 I	0.00015	0.99878	0.00107
39 I	0.00006	0.99936	0.00058
40 L	0.00006	0.99939	0.00056
41 L	0.00006	0.99946	0.00048
42 F	0.00007	0.99895	0.00098
43 I	0.00012	0.99654	0.00334
44 P	0.00021	0.96792	0.03187
45 H	0.00033	0.96723	0.03244
46 L	0.00038	0.96670	0.03292
47 L	0.00057	0.96406	0.03536
48 Y	0.00156	0.92839	0.07006
49 L	0.00400	0.77066	0.22534
50 I	0.03171	0.67964	0.28865
51 D	0.05636	0.55943	0.38421
52 F	0.05611	0.55391	0.38999
53 L	0.06582	0.34180	0.59238
54 F	0.07299	0.15793	0.76908
55 K	0.08172	0.03804	0.88024
56 C	0.06544	0.13704	0.79753
57 L	0.04965	0.31862	0.63173
58 Y	0.04411	0.75888	0.19701
59 H	0.04342	0.81231	0.14428
60 I	0.04227	0.88877	0.06896
61 L	0.04171	0.89280	0.06549
62 R	0.04231	0.90145	0.05625
63 F	0.04208	0.90528	0.05264
64 I	0.04222	0.90561	0.05216
65 Y	0.04237	0.90540	0.05224
66 Y	0.04261	0.90501	0.05238
67 L	0.04327	0.90416	0.05257
68 G	0.04354	0.90384	0.05263
69 K	0.04391	0.90336	0.05273
70 Y	0.04398	0.90327	0.05274
71 L	0.04408	0.90315	0.05277
72 L	0.04428	0.90285	0.05286
73 L	0.04537	0.90158	0.05305
74 L	0.06085	0.88364	0.05551
75 L	0.15184	0.77816	0.07
76 K	0.70465	0.19857	0.09677
77 K	0.75372	0.14777	0.09851
78 I	0.75914	0.14226	0.09859
79 F	0.77575	0.12444	0.0998
80 K	0.88406	0.01154	0.1044
81 K	0.89500	0.00030	0.1047
82 E	0.89528	0.00000	0.10472
