# tr|Q6YPH7|Q6YPH7_ONYPE
# AA	inside	membr	outside
1 M	0.78161	0.00000	0.21839
2 S	0.24810	0.53351	0.21839
3 V	0.03274	0.74887	0.21839
4 F	0.03274	0.77434	0.19292
5 A	0.00565	0.80269	0.19166
6 L	0.00565	0.80275	0.19161
7 F	0.00177	0.80663	0.19159
8 L	0.00177	0.80663	0.19159
9 A	0.00159	0.80682	0.19159
10 I	0.00159	0.80689	0.19152
11 P	0.00158	0.80689	0.19152
12 F	0.00140	0.80707	0.19152
13 Y	0.00133	0.80715	0.19152
14 W	0.00133	0.80715	0.19152
15 M	0.00133	0.80715	0.19152
16 L	0.00133	0.80715	0.19152
17 N	0.00133	0.80013	0.19855
18 L	0.00133	0.79687	0.2018
19 A	0.00147	0.78978	0.20876
20 L	0.00155	0.69917	0.29928
21 Q	0.00218	0.40534	0.59248
22 D	0.02714	0.08096	0.89189
23 N	0.02750	0.05401	0.9185
24 P	0.02769	0.04868	0.92363
25 A	0.02772	0.02656	0.94572
26 C	0.02772	0.00395	0.96833
27 P	0.02778	0.00292	0.9693
28 S	0.02806	0.00149	0.97045
29 F	0.02805	0.00146	0.97049
30 F	0.02810	0.00068	0.97123
31 P	0.02810	0.00059	0.97131
32 K	0.02811	0.00012	0.97178
33 D	0.02785	0.00037	0.97178
34 L	0.00205	0.02646	0.97149
35 T	0.00180	0.02679	0.97141
36 W	0.00096	0.02771	0.97133
37 N	0.00091	0.02777	0.97133
38 N	0.00082	0.02786	0.97132
39 F	0.00058	0.02815	0.97126
40 S	0.00056	0.02825	0.97118
41 F	0.00033	0.03198	0.96769
42 L	0.00020	0.03326	0.96653
43 F	0.00020	0.03437	0.96543
44 T	0.00020	0.03512	0.96467
45 R	0.00020	0.03646	0.96334
46 Y	0.00019	0.06637	0.93344
47 S	0.00018	0.08367	0.91615
48 L	0.00018	0.12551	0.87432
49 F	0.00018	0.16962	0.8302
50 L	0.00019	0.17685	0.82296
51 T	0.00020	0.18294	0.81686
52 F	0.00023	0.19011	0.80966
53 F	0.00025	0.19729	0.80247
54 K	0.00060	0.17375	0.82564
55 T	0.00040	0.24288	0.75672
56 L	0.00032	0.34427	0.65541
57 A	0.00031	0.41578	0.5839
58 V	0.00007	0.95891	0.04103
59 V	0.00007	0.98496	0.01498
60 F	0.00001	0.99633	0.00366
61 I	0.00002	0.99884	0.00114
62 S	0.00004	0.99888	0.00108
63 T	0.00004	0.99952	0.00044
64 V	0.00006	0.99968	0.00026
65 L	0.00007	0.99990	3e-05
66 G	0.00013	0.99986	1e-05
67 I	0.00039	0.99961	0
68 F	0.00114	0.99886	0
69 V	0.00705	0.99295	0
70 S	0.01088	0.98911	0
71 V	0.01375	0.98625	0
72 I	0.01814	0.98185	1e-05
73 T	0.02058	0.97939	3e-05
74 A	0.02157	0.97840	3e-05
75 F	0.03235	0.96762	3e-05
76 A	0.05869	0.94127	4e-05
77 L	0.06826	0.93169	5e-05
78 S	0.12274	0.87689	0.00037
79 I	0.18001	0.81956	0.00042
80 L	0.24439	0.75516	0.00045
81 E	0.95726	0.04212	0.00062
82 F	0.97656	0.02281	0.00063
83 R	0.99847	0.00083	0.0007
84 T	0.99727	0.00203	0.0007
85 K	0.99598	0.00331	0.0007
86 K	0.96249	0.03683	0.00068
87 I	0.19162	0.80813	0.00025
88 I	0.10997	0.88983	0.0002
89 L	0.01872	0.98109	0.00019
90 G	0.00523	0.99460	0.00017
91 V	0.00139	0.99843	0.00017
92 F	0.00024	0.99959	0.00017
93 L	0.00008	0.99974	0.00017
94 I	0.00008	0.99975	0.00017
95 T	0.00008	0.99975	0.00017
96 T	0.00008	0.99975	0.00017
97 M	0.00008	0.99975	0.00018
98 I	0.00007	0.99974	0.00018
99 T	0.00007	0.99970	0.00023
100 T	0.00007	0.99962	0.00031
101 E	0.00007	0.99943	0.0005
102 S	0.00007	0.99887	0.00105
103 M	0.00007	0.99853	0.0014
104 F	0.00007	0.99716	0.00276
105 L	0.00010	0.95488	0.04502
106 T	0.00036	0.69350	0.30615
107 N	0.00050	0.34940	0.6501
108 Y	0.00052	0.33908	0.66041
109 Q	0.00056	0.31474	0.6847
110 T	0.00059	0.16607	0.83334
111 V	0.00059	0.10752	0.89189
112 A	0.00059	0.01728	0.98212
113 R	0.00060	0.00234	0.99705
114 L	0.00060	0.00116	0.99823
115 G	0.00060	0.00082	0.99858
116 F	0.00061	0.00062	0.99877
117 V	0.00061	0.00012	0.99927
118 D	0.00061	0.00001	0.99938
119 S	0.00061	0.00006	0.99933
120 G	0.00061	0.00199	0.9974
121 Q	0.00061	0.00441	0.99498
122 G	0.00060	0.00897	0.99042
123 T	0.00060	0.01453	0.98486
124 R	0.00059	0.11168	0.88772
125 V	0.00041	0.44703	0.55255
126 F	0.00011	0.85822	0.14166
127 S	0.00007	0.87375	0.12618
128 G	0.00004	0.90549	0.09447
129 I	0.00000	0.99549	0.0045
130 Y	0.00000	0.99830	0.00169
131 L	0.00000	0.99952	0.00048
132 A	0.00000	0.99990	0.0001
133 M	0.00000	0.99996	3e-05
134 I	0.00000	1.00000	0
135 L	0.00000	1.00000	0
136 P	0.00000	1.00000	0
137 F	0.00000	1.00000	0
138 L	0.00000	1.00000	0
139 I	0.00001	0.99999	0
140 N	0.00005	0.99995	0
141 V	0.00007	0.99993	0
142 F	0.00024	0.99976	0
143 H	0.00331	0.99669	0
144 I	0.00666	0.99333	0
145 F	0.01787	0.98212	1e-05
146 L	0.02883	0.97115	2e-05
147 L	0.15466	0.84529	5e-05
148 I	0.52567	0.47409	0.00023
149 Q	0.95220	0.04728	0.00052
150 N	0.96446	0.03498	0.00056
151 I	0.97084	0.02859	0.00057
152 K	0.99922	0.00017	0.00061
153 K	0.99936	0.00003	0.00061
154 I	0.99937	0.00002	0.00061
155 P	0.99939	0.00000	0.00061
156 K	0.99939	0.00000	0.00061
157 E	0.99939	0.00000	0.00061
158 L	0.99939	0.00000	0.00061
159 Y	0.99939	0.00000	0.00061
160 L	0.99939	0.00000	0.00061
161 S	0.99939	0.00000	0.00061
162 A	0.99939	0.00000	0.00061
163 K	0.99939	0.00000	0.00061
164 V	0.99939	0.00000	0.00061
165 D	0.99939	0.00000	0.00061
166 G	0.99939	0.00000	0.00061
167 S	0.99939	0.00000	0.00061
168 S	0.99938	0.00002	0.00061
169 D	0.99933	0.00006	0.00061
170 W	0.99922	0.00017	0.00061
171 K	0.99903	0.00036	0.00061
172 F	0.99237	0.00702	0.00061
173 L	0.98955	0.00984	0.00061
174 Y	0.98921	0.01018	0.00061
175 K	0.98914	0.01026	0.00061
176 I	0.98804	0.01135	0.00061
177 L	0.98720	0.01219	0.00061
178 T	0.98303	0.01636	0.00061
179 P	0.96813	0.03127	0.00061
180 L	0.87267	0.12673	0.0006
181 L	0.85999	0.13941	0.0006
182 R	0.85915	0.14025	0.0006
183 D	0.84416	0.15525	0.0006
184 N	0.48875	0.51068	0.00056
185 I	0.18161	0.81785	0.00053
186 I	0.16662	0.83285	0.00053
187 N	0.16417	0.83530	0.00053
188 I	0.09547	0.90401	0.00051
189 I	0.08445	0.91505	0.0005
190 I	0.07494	0.92455	0.00052
191 F	0.07441	0.92493	0.00066
192 R	0.07426	0.92401	0.00173
193 A	0.06823	0.92987	0.00191
194 V	0.06186	0.93585	0.00229
195 A	0.06050	0.93204	0.00746
196 A	0.05887	0.93000	0.01113
197 W	0.05654	0.92953	0.01392
198 N	0.05588	0.92645	0.01767
199 A	0.05539	0.92563	0.01897
200 Y	0.05482	0.92059	0.02459
201 L	0.05470	0.90840	0.0369
202 W	0.05468	0.77477	0.17055
203 P	0.05469	0.51257	0.43273
204 E	0.05470	0.38056	0.56474
205 L	0.05469	0.36375	0.58156
206 V	0.05470	0.34609	0.59921
207 G	0.05473	0.22095	0.72432
208 G	0.05476	0.04238	0.90287
209 K	0.05476	0.03370	0.91153
210 L	0.05476	0.03356	0.91168
211 L	0.05477	0.03025	0.91499
212 T	0.05478	0.02750	0.91772
213 N	0.05479	0.01783	0.92738
214 V	0.05479	0.01761	0.9276
215 I	0.05479	0.01723	0.92798
216 R	0.05480	0.01032	0.93488
217 N	0.05480	0.00529	0.93991
218 I	0.05480	0.00386	0.94135
219 F	0.05480	0.00291	0.9423
220 D	0.05486	0.00023	0.94492
221 S	0.05486	0.00003	0.94511
222 E	0.05486	0.00001	0.94514
223 K	0.05486	0.00000	0.94514
224 N	0.05485	0.00003	0.94512
225 Q	0.05454	0.00091	0.94455
226 N	0.04364	0.04723	0.90913
227 L	0.03766	0.39220	0.57014
228 V	0.03738	0.42260	0.54002
229 N	0.03728	0.44224	0.52047
230 Q	0.03716	0.50834	0.4545
231 Q	0.03643	0.60576	0.3578
232 M	0.01841	0.91363	0.06797
233 A	0.00488	0.96029	0.03484
234 A	0.00354	0.97472	0.02174
235 T	0.00266	0.98771	0.00963
236 V	0.00173	0.99398	0.00429
237 L	0.00156	0.99717	0.00127
238 M	0.00154	0.99730	0.00115
239 T	0.00153	0.99734	0.00112
240 L	0.00153	0.99736	0.00111
241 P	0.00153	0.99736	0.00111
242 L	0.00153	0.99737	0.00111
243 V	0.00153	0.99736	0.00111
244 L	0.00153	0.99735	0.00112
245 L	0.00172	0.99712	0.00116
246 F	0.00231	0.99642	0.00126
247 I	0.00738	0.99118	0.00144
248 F	0.03027	0.96736	0.00237
249 C	0.16512	0.81988	0.015
250 K	0.63585	0.34114	0.02301
251 R	0.65127	0.32514	0.02358
252 Y	0.65252	0.32376	0.02371
253 V	0.65812	0.31776	0.02412
254 L	0.69323	0.28191	0.02486
255 E	0.93340	0.02175	0.04485
256 G	0.94465	0.00124	0.05411
257 K	0.94547	0.00011	0.05442
258 L	0.94548	0.00009	0.05442
259 N	0.94553	0.00003	0.05444
260 S	0.94555	0.00001	0.05444
261 G	0.94555	0.00001	0.05444
262 I	0.94555	0.00001	0.05444
263 K	0.94556	0.00000	0.05444
264 G	0.94556	0.00000	0.05444
