# tr|Q6YR38|Q6YR38_ONYPE
# AA	inside	membr	outside
1 M	0.58065	0.00000	0.41935
2 M	0.58065	0.00000	0.41935
3 K	0.58065	0.00000	0.41935
4 N	0.58065	0.00000	0.41935
5 N	0.58065	0.00000	0.41935
6 D	0.58065	0.00000	0.41935
7 F	0.58064	0.00001	0.41935
8 T	0.58064	0.00001	0.41935
9 N	0.58064	0.00001	0.41935
10 N	0.58064	0.00001	0.41935
11 N	0.58064	0.00001	0.41935
12 L	0.58063	0.00002	0.41935
13 S	0.58063	0.00002	0.41935
14 H	0.58063	0.00002	0.41935
15 P	0.58063	0.00019	0.41918
16 S	0.58055	0.00028	0.41918
17 L	0.58015	0.00068	0.41917
18 S	0.58014	0.00072	0.41914
19 R	0.57651	0.00455	0.41894
20 C	0.24244	0.51320	0.24437
21 F	0.14803	0.60793	0.24404
22 L	0.14394	0.65823	0.19784
23 Y	0.14187	0.67733	0.1808
24 Q	0.14089	0.70452	0.15459
25 L	0.13461	0.73879	0.1266
26 H	0.12970	0.75351	0.11678
27 P	0.12390	0.76830	0.1078
28 S	0.10237	0.79805	0.09958
29 I	0.07932	0.84044	0.08024
30 K	0.07101	0.85243	0.07655
31 I	0.02050	0.97236	0.00714
32 L	0.01297	0.98382	0.00321
33 A	0.00827	0.98948	0.00225
34 F	0.00698	0.99101	0.002
35 V	0.00655	0.99155	0.00191
36 L	0.00640	0.99178	0.00182
37 L	0.00634	0.99185	0.00182
38 L	0.00642	0.99144	0.00215
39 V	0.00655	0.98969	0.00376
40 F	0.00743	0.98500	0.00756
41 I	0.00911	0.96868	0.0222
42 L	0.01730	0.93155	0.05116
43 K	0.19893	0.38881	0.41225
44 L	0.19948	0.36268	0.43784
45 P	0.24716	0.31217	0.44067
46 I	0.25703	0.29340	0.44956
47 N	0.30385	0.23513	0.46101
48 V	0.32883	0.19963	0.47154
49 E	0.37804	0.12934	0.49262
50 N	0.38014	0.12327	0.49659
51 I	0.38169	0.10281	0.51551
52 A	0.38497	0.08828	0.52675
53 P	0.39364	0.05554	0.55082
54 N	0.42096	0.00628	0.57276
55 Q	0.42334	0.00237	0.57429
56 V	0.42337	0.00156	0.57507
57 F	0.42341	0.00143	0.57517
58 I	0.42344	0.00114	0.57542
59 F	0.42360	0.00083	0.57558
60 A	0.42363	0.00064	0.57573
61 N	0.42384	0.00030	0.57586
62 P	0.42383	0.00112	0.57506
63 K	0.42329	0.00330	0.5734
64 R	0.42020	0.01848	0.56132
65 I	0.28317	0.46002	0.2568
66 T	0.25597	0.54185	0.20219
67 L	0.11052	0.81794	0.07155
68 F	0.05470	0.91830	0.027
69 Y	0.00413	0.99306	0.00281
70 L	0.00089	0.99758	0.00154
71 F	0.00039	0.99868	0.00093
72 C	0.00013	0.99928	0.0006
73 V	0.00002	0.99986	0.00012
74 V	0.00000	0.99999	1e-05
75 A	0.00000	1.00000	0
76 L	0.00000	1.00000	0
77 M	0.00000	1.00000	0
78 S	0.00000	1.00000	0
79 L	0.00000	0.99999	0
80 C	0.00001	0.99998	1e-05
81 F	0.00001	0.99998	1e-05
82 F	0.00005	0.99993	2e-05
83 F	0.00102	0.99880	0.00018
84 G	0.00507	0.99426	0.00067
85 V	0.01815	0.97943	0.00243
86 T	0.04499	0.94455	0.01046
87 W	0.05983	0.91570	0.02447
88 S	0.33759	0.50405	0.15837
89 Y	0.36484	0.45512	0.18003
90 F	0.47443	0.22886	0.29671
91 W	0.52902	0.11935	0.35163
92 Q	0.57407	0.00771	0.41822
93 R	0.57444	0.00583	0.41973
94 I	0.37574	0.22476	0.3995
95 K	0.36534	0.23931	0.39536
96 H	0.26997	0.34583	0.3842
97 L	0.21370	0.44282	0.34348
98 R	0.20072	0.46896	0.33033
99 F	0.14340	0.55497	0.30163
100 V	0.13117	0.57221	0.29662
101 F	0.13009	0.57610	0.29382
102 I	0.12987	0.57764	0.2925
103 I	0.12982	0.57773	0.29245
104 S	0.12980	0.57776	0.29244
105 L	0.12980	0.57777	0.29244
106 V	0.12980	0.57777	0.29244
107 I	0.12981	0.57775	0.29244
108 N	0.12985	0.57768	0.29247
109 L	0.12989	0.57688	0.29323
110 V	0.13007	0.57587	0.29407
111 P	0.13162	0.55108	0.31731
112 S	0.14039	0.38607	0.47355
113 E	0.18223	0.24892	0.56884
114 D	0.19370	0.17640	0.6299
115 T	0.19569	0.17020	0.63411
116 S	0.19613	0.15900	0.64487
117 F	0.19663	0.14517	0.65819
118 N	0.19744	0.11871	0.68385
119 A	0.20014	0.10992	0.68994
120 F	0.21539	0.09183	0.69278
121 M	0.24214	0.06194	0.69592
122 R	0.26039	0.01536	0.72426
123 A	0.25997	0.11796	0.62207
124 Q	0.25785	0.15145	0.5907
125 I	0.17383	0.31118	0.51499
126 P	0.11074	0.61803	0.27123
127 I	0.04218	0.84765	0.11017
128 L	0.03322	0.87848	0.08831
129 S	0.03210	0.88609	0.08181
130 Y	0.02858	0.90946	0.06196
131 D	0.02731	0.93173	0.04097
132 A	0.00776	0.97202	0.02021
133 I	0.00173	0.99419	0.00407
134 H	0.00103	0.99566	0.0033
135 S	0.00090	0.99604	0.00305
136 F	0.00084	0.99658	0.00259
137 W	0.00083	0.99660	0.00257
138 L	0.00083	0.99659	0.00258
139 F	0.00084	0.99657	0.00259
140 L	0.00097	0.99643	0.0026
141 I	0.00154	0.99584	0.00262
142 C	0.00217	0.99509	0.00274
143 I	0.00263	0.99427	0.0031
144 L	0.00399	0.99245	0.00356
145 L	0.02536	0.96907	0.00557
146 Y	0.18674	0.80435	0.0089
147 N	0.25910	0.72553	0.01538
148 F	0.32803	0.56534	0.10663
149 T	0.65372	0.16541	0.18087
150 K	0.71179	0.02845	0.25976
151 K	0.73566	0.00336	0.26098
152 Y	0.58934	0.22363	0.18703
153 I	0.52680	0.31682	0.15639
154 P	0.51818	0.32904	0.15278
155 F	0.36511	0.48686	0.14803
156 K	0.33745	0.51503	0.14751
157 L	0.09112	0.82105	0.08784
158 S	0.06636	0.86612	0.06751
159 Y	0.04541	0.94584	0.00876
160 L	0.01389	0.98312	0.00299
161 L	0.00537	0.99416	0.00047
162 F	0.00412	0.99573	0.00015
163 L	0.00412	0.99579	9e-05
164 L	0.00412	0.99586	3e-05
165 L	0.00412	0.99586	2e-05
166 C	0.00412	0.99586	2e-05
167 V	0.00412	0.99586	2e-05
168 F	0.00412	0.99586	2e-05
169 V	0.00413	0.99584	3e-05
170 I	0.00435	0.99546	0.00019
171 P	0.00498	0.99372	0.0013
172 S	0.00571	0.98953	0.00476
173 Y	0.00619	0.98345	0.01036
174 F	0.00972	0.97498	0.01529
175 P	0.12604	0.43996	0.43399
176 S	0.17179	0.29612	0.5321
177 N	0.20935	0.24451	0.54614
178 I	0.21860	0.22988	0.55152
179 Q	0.23943	0.20318	0.5574
180 E	0.24181	0.05093	0.70726
181 I	0.24257	0.04712	0.71031
182 L	0.25975	0.02157	0.71867
183 G	0.26434	0.00771	0.72794
184 C	0.26671	0.00121	0.73209
185 K	0.26707	0.00014	0.73279
186 L	0.26706	0.00017	0.73278
187 K	0.26704	0.00019	0.73277
188 N	0.26675	0.00076	0.73249
189 Y	0.26622	0.00466	0.72912
190 I	0.26593	0.00704	0.72703
191 L	0.26572	0.00797	0.72632
192 Q	0.26568	0.00870	0.72562
193 T	0.26482	0.01515	0.72004
194 T	0.17943	0.68980	0.13077
195 S	0.07688	0.89239	0.03073
196 F	0.04273	0.93593	0.02135
197 L	0.02541	0.96137	0.01322
198 R	0.02381	0.96488	0.01132
199 I	0.01689	0.97790	0.00521
200 C	0.01664	0.97844	0.00492
201 F	0.00915	0.98962	0.00123
202 I	0.00777	0.99159	0.00064
203 M	0.00722	0.99231	0.00047
204 T	0.00592	0.99364	0.00044
205 R	0.00556	0.99402	0.00042
206 L	0.00095	0.99871	0.00034
207 F	0.00015	0.99952	0.00033
208 L	0.00005	0.99960	0.00035
209 I	0.00030	0.99928	0.00042
210 V	0.00107	0.99835	0.00057
211 M	0.00140	0.99781	0.00079
212 L	0.00244	0.99625	0.00132
213 F	0.00361	0.99326	0.00314
214 F	0.00585	0.98494	0.00921
215 L	0.00986	0.96388	0.02625
216 F	0.02523	0.91986	0.05492
217 N	0.63669	0.19478	0.16852
218 K	0.72493	0.03530	0.23977
219 I	0.72658	0.03199	0.24143
220 T	0.72839	0.02489	0.24673
221 S	0.72904	0.02331	0.24765
222 F	0.72956	0.02020	0.25023
223 I	0.72982	0.01952	0.25066
224 E	0.73195	0.00867	0.25938
225 I	0.73206	0.00695	0.26098
226 Q	0.73225	0.00385	0.2639
227 D	0.73226	0.00108	0.26665
228 G	0.73224	0.00099	0.26676
229 L	0.73222	0.00038	0.2674
230 D	0.73222	0.00018	0.26761
231 I	0.73222	0.00024	0.26755
232 I	0.73220	0.00028	0.26753
233 L	0.73216	0.00030	0.26754
234 S	0.73215	0.00029	0.26756
235 P	0.73213	0.00030	0.26757
236 L	0.73169	0.00074	0.26758
237 K	0.73140	0.00098	0.26762
238 K	0.72973	0.00289	0.26738
239 L	0.71554	0.05291	0.23155
240 K	0.71269	0.06002	0.22729
241 I	0.69412	0.13385	0.17203
242 S	0.68629	0.17636	0.13734
243 T	0.68258	0.22212	0.0953
244 E	0.67514	0.26000	0.06485
245 T	0.65491	0.32140	0.02369
246 F	0.62972	0.36485	0.00543
247 T	0.62546	0.37165	0.00288
248 L	0.62391	0.37378	0.0023
249 M	0.62384	0.37402	0.00214
250 L	0.62375	0.37416	0.0021
251 S	0.62374	0.37416	0.0021
252 L	0.62374	0.37416	0.0021
253 I	0.62374	0.37416	0.0021
254 F	0.62377	0.37411	0.00212
255 M	0.62380	0.37401	0.00219
256 A	0.62381	0.37369	0.0025
257 N	0.62387	0.37223	0.0039
258 S	0.62391	0.37179	0.0043
259 F	0.62415	0.37024	0.00562
260 L	0.62571	0.36537	0.00892
261 L	0.65051	0.32710	0.02238
262 Q	0.82631	0.11742	0.05627
263 E	0.86326	0.05785	0.0789
264 T	0.87148	0.03523	0.09329
265 N	0.87525	0.02175	0.10301
266 K	0.87825	0.01563	0.10611
267 I	0.87859	0.01475	0.10666
268 L	0.88108	0.01099	0.10792
269 K	0.88890	0.00071	0.11039
270 A	0.88929	0.00026	0.11045
271 Q	0.88941	0.00006	0.11053
272 T	0.88941	0.00004	0.11056
273 A	0.88941	0.00001	0.11058
274 R	0.88941	0.00000	0.11059
275 G	0.88941	0.00000	0.11059
276 M	0.88941	0.00000	0.11059
277 D	0.88941	0.00000	0.11059
278 L	0.88940	0.00001	0.11059
279 H	0.88940	0.00001	0.11059
280 K	0.88936	0.00006	0.11059
281 K	0.88897	0.00045	0.11058
282 N	0.81552	0.07468	0.1098
283 I	0.73296	0.16414	0.1029
284 F	0.70227	0.19583	0.1019
285 K	0.69455	0.20526	0.10018
286 R	0.60885	0.33505	0.0561
287 I	0.48838	0.47486	0.03676
288 N	0.46065	0.50682	0.03254
289 H	0.25527	0.72780	0.01693
290 L	0.01946	0.97552	0.00502
291 L	0.00501	0.99350	0.00149
292 A	0.00356	0.99549	0.00096
293 L	0.00320	0.99594	0.00086
294 L	0.00305	0.99613	0.00083
295 V	0.00303	0.99615	0.00082
296 P	0.00303	0.99616	0.00081
297 I	0.00303	0.99619	0.00078
298 F	0.00303	0.99618	0.00079
299 V	0.00303	0.99611	0.00086
300 L	0.00303	0.99331	0.00366
301 V	0.00311	0.98382	0.01307
302 F	0.00360	0.94737	0.04903
303 K	0.01289	0.78319	0.20393
304 R	0.01344	0.77497	0.21159
305 S	0.01360	0.76609	0.2203
306 L	0.01498	0.76307	0.22195
307 V	0.02105	0.66341	0.31555
308 L	0.03266	0.57011	0.39722
309 S	0.10227	0.31247	0.58526
310 N	0.10878	0.27362	0.6176
311 A	0.11004	0.27145	0.61851
312 M	0.11161	0.12409	0.76431
313 E	0.11242	0.00407	0.88351
314 V	0.11254	0.00157	0.88589
315 R	0.11277	0.00042	0.88681
316 G	0.11277	0.00037	0.88686
317 Y	0.11278	0.00021	0.88702
318 V	0.11278	0.00018	0.88704
319 L	0.11279	0.00016	0.88705
320 G	0.11284	0.00006	0.8871
321 A	0.11284	0.00005	0.8871
322 P	0.11285	0.00002	0.88713
323 R	0.11285	0.00005	0.8871
324 T	0.11285	0.00018	0.88697
325 K	0.11283	0.00077	0.88641
326 M	0.10368	0.47933	0.41698
327 I	0.09371	0.70366	0.20263
328 T	0.07880	0.77676	0.14444
329 Y	0.02666	0.86416	0.10917
330 R	0.02402	0.87322	0.10276
331 W	0.00805	0.95674	0.0352
332 K	0.00765	0.95952	0.03283
333 M	0.00273	0.98140	0.01587
334 L	0.00158	0.99046	0.00796
335 D	0.00158	0.99046	0.00796
336 F	0.00158	0.99046	0.00796
337 I	0.00158	0.99046	0.00796
338 T	0.00158	0.99046	0.00796
339 I	0.00158	0.99046	0.00796
340 T	0.00158	0.99046	0.00796
341 T	0.00158	0.99046	0.00796
342 I	0.00158	0.99046	0.00796
343 F	0.00158	0.99045	0.00797
344 A	0.00163	0.99038	0.00798
345 L	0.00200	0.98982	0.00819
346 L	0.00491	0.98603	0.00905
347 F	0.04038	0.94628	0.01334
348 I	0.13604	0.83761	0.02635
349 K	0.88076	0.00000	0.11924
