# tr|Q6YPU0|Q6YPU0_ONYPE
# AA	inside	membr	outside
1 M	0.13228	0.00000	0.86772
2 G	0.13228	0.00000	0.86772
3 P	0.13228	0.00000	0.86772
4 G	0.13228	0.00001	0.86772
5 G	0.13228	0.00001	0.86771
6 R	0.13228	0.00001	0.86771
7 G	0.13227	0.00002	0.86771
8 F	0.13227	0.00002	0.86771
9 K	0.13227	0.00002	0.86771
10 S	0.13227	0.00002	0.86771
11 C	0.13227	0.00003	0.8677
12 L	0.13225	0.00005	0.8677
13 P	0.13224	0.00006	0.8677
14 D	0.13224	0.00006	0.8677
15 H	0.13224	0.00028	0.86747
16 S	0.13217	0.00036	0.86747
17 L	0.13211	0.00043	0.86747
18 I	0.13211	0.00043	0.86746
19 N	0.13211	0.00043	0.86746
20 Y	0.13207	0.00049	0.86744
21 L	0.13147	0.00109	0.86744
22 C	0.13146	0.00113	0.86741
23 G	0.13145	0.00116	0.86739
24 R	0.13146	0.00117	0.86736
25 R	0.13139	0.00142	0.8672
26 I	0.13085	0.00353	0.86561
27 M	0.13048	0.00475	0.86476
28 A	0.13035	0.00497	0.86468
29 I	0.13026	0.00511	0.86463
30 T	0.13022	0.00521	0.86457
31 L	0.13020	0.00526	0.86454
32 A	0.13018	0.00528	0.86454
33 F	0.13022	0.00525	0.86454
34 Q	0.13032	0.00511	0.86457
35 A	0.13036	0.00503	0.86462
36 K	0.13042	0.00484	0.86474
37 D	0.13042	0.00483	0.86476
38 V	0.13043	0.00482	0.86476
39 G	0.13043	0.00478	0.86479
40 S	0.13043	0.00477	0.86481
41 I	0.13044	0.00475	0.86482
42 P	0.13044	0.00472	0.86484
43 I	0.13046	0.00468	0.86485
44 A	0.13054	0.00412	0.86534
45 R	0.13069	0.00387	0.86544
46 S	0.13073	0.00379	0.86548
47 I	0.13075	0.00375	0.86549
48 Y	0.13092	0.00349	0.8656
49 Y	0.13234	0.00153	0.86613
50 S	0.13332	0.00009	0.8666
51 P	0.13336	0.00000	0.86664
