# tr|Q6YPI6|Q6YPI6_ONYPE
# AA	inside	membr	outside
1 M	0.99982	0.00000	0.00018
2 N	0.99982	0.00000	0.00018
3 Q	0.99982	0.00000	0.00018
4 M	0.99982	0.00000	0.00018
5 K	0.99982	0.00000	0.00018
6 Q	0.99982	0.00000	0.00018
7 K	0.99916	0.00067	0.00018
8 R	0.99915	0.00067	0.00018
9 L	0.98554	0.01429	0.00017
10 Q	0.98553	0.01440	7e-05
11 G	0.94578	0.05418	4e-05
12 F	0.10878	0.89119	3e-05
13 Y	0.00048	0.99950	1e-05
14 S	0.00047	0.99952	1e-05
15 L	0.00047	0.99952	0
16 L	0.00020	0.99980	0
17 L	0.00006	0.99993	0
18 A	0.00006	0.99994	0
19 T	0.00005	0.99994	0
20 F	0.00001	0.99999	0
21 F	0.00000	0.99999	0
22 L	0.00000	0.99999	0
23 L	0.00000	0.99999	0
24 V	0.00000	0.99998	1e-05
25 A	0.00000	0.99987	0.00012
26 G	0.00000	0.99984	0.00016
27 C	0.00000	0.99536	0.00463
28 C	0.00000	0.99369	0.0063
29 F	0.00001	0.99055	0.00944
30 F	0.00003	0.95477	0.0452
31 D	0.00015	0.93346	0.06638
32 Q	0.00016	0.91885	0.08099
33 T	0.00017	0.90614	0.09369
34 F	0.00017	0.83649	0.16334
35 Q	0.00017	0.06484	0.93499
36 L	0.00016	0.00357	0.99626
37 G	0.00016	0.00137	0.99847
38 S	0.00016	0.02992	0.96992
39 L	0.00014	0.39139	0.60847
40 K	0.00014	0.39869	0.60117
41 F	0.00012	0.45460	0.54527
42 Q	0.00010	0.47930	0.5206
43 L	0.00000	0.56499	0.43501
44 G	0.00000	0.98929	0.01071
45 L	0.00000	0.99923	0.00077
46 F	0.00000	0.99972	0.00028
47 F	0.00000	1.00000	0
48 L	0.00000	1.00000	0
49 G	0.00000	1.00000	0
50 V	0.00000	1.00000	0
51 L	0.00000	1.00000	0
52 L	0.00000	1.00000	0
53 S	0.00000	1.00000	0
54 L	0.00000	1.00000	0
55 F	0.00000	1.00000	0
56 T	0.00006	0.99994	0
57 Y	0.00011	0.99989	0
58 L	0.00018	0.99982	0
59 V	0.00286	0.99714	1e-05
60 V	0.00761	0.99237	2e-05
61 F	0.08168	0.91825	7e-05
62 K	0.98561	0.01422	0.00017
63 K	0.99557	0.00426	0.00017
64 Y	0.99706	0.00277	0.00017
65 K	0.99972	0.00010	0.00017
66 K	0.99978	0.00005	0.00017
67 T	0.99982	0.00001	0.00017
68 L	0.99549	0.00434	0.00017
69 S	0.99539	0.00444	0.00017
70 K	0.99423	0.00560	0.00017
71 L	0.98280	0.01703	0.00017
72 R	0.97658	0.02325	0.00017
73 F	0.34358	0.65626	0.00016
74 F	0.04082	0.95904	0.00014
75 F	0.03849	0.96142	9e-05
76 A	0.03470	0.96527	3e-05
77 L	0.03218	0.96779	3e-05
78 E	0.02931	0.97067	2e-05
79 A	0.02583	0.97415	1e-05
80 F	0.01649	0.98350	1e-05
81 V	0.00100	0.99900	0
82 F	0.00001	0.99999	0
83 V	0.00000	1.00000	0
84 F	0.00000	1.00000	0
85 V	0.00000	1.00000	0
86 I	0.00000	1.00000	0
87 V	0.00000	0.99999	1e-05
88 T	0.00000	0.99988	0.00012
89 A	0.00000	0.99975	0.00024
90 F	0.00000	0.99948	0.00052
91 L	0.00000	0.99212	0.00788
92 L	0.00000	0.97976	0.02024
93 P	0.00000	0.93730	0.0627
94 G	0.00000	0.78330	0.21669
95 L	0.00000	0.75166	0.24833
96 G	0.00001	0.33355	0.66644
97 F	0.00003	0.22949	0.77047
98 L	0.00008	0.21890	0.78103
99 N	0.00014	0.02469	0.97517
100 I	0.00015	0.01823	0.98163
101 D	0.00017	0.00228	0.99755
102 D	0.00017	0.00181	0.99802
103 L	0.00017	0.00170	0.99813
104 K	0.00017	0.00001	0.99982
105 T	0.00017	0.00008	0.99974
106 K	0.00017	0.00020	0.99962
107 N	0.00017	0.02405	0.97579
108 P	0.00015	0.14293	0.85692
109 L	0.00011	0.17101	0.82888
110 V	0.00004	0.29291	0.70705
111 G	0.00004	0.32024	0.67972
112 K	0.00004	0.33129	0.66867
113 L	0.00001	0.77680	0.22318
114 L	0.00001	0.83552	0.16447
115 T	0.00001	0.96168	0.03831
116 F	0.00000	0.97713	0.02287
117 N	0.00000	0.97845	0.02155
118 Y	0.00000	0.98900	0.011
119 C	0.00000	0.99055	0.00945
120 L	0.00000	0.99495	0.00506
121 S	0.00000	0.99507	0.00493
122 L	0.00000	0.99515	0.00485
123 M	0.00001	0.99521	0.00479
124 F	0.00001	0.99521	0.00479
125 V	0.00003	0.99519	0.00479
126 L	0.00018	0.99504	0.00479
127 H	0.00067	0.99454	0.00479
128 S	0.00089	0.99431	0.00481
129 F	0.00273	0.99247	0.00481
130 I	0.07325	0.92194	0.00482
131 N	0.29714	0.69801	0.00485
132 L	0.32835	0.66677	0.00489
133 N	0.41591	0.57915	0.00495
134 I	0.43246	0.56260	0.00495
135 N	0.46082	0.53423	0.00495
136 Y	0.83496	0.16009	0.00495
137 F	0.86147	0.13358	0.00496
138 K	0.99462	0.00042	0.00496
139 K	0.99429	0.00075	0.00496
140 Q	0.99207	0.00302	0.00491
141 N	0.93215	0.06359	0.00427
142 F	0.20961	0.78903	0.00135
143 S	0.15100	0.84787	0.00113
144 F	0.03310	0.96644	0.00047
145 F	0.00260	0.99733	7e-05
146 I	0.00071	0.99928	1e-05
147 L	0.00013	0.99987	0
148 Y	0.00006	0.99994	0
149 L	0.00005	0.99995	0
150 L	0.00005	0.99995	0
151 M	0.00005	0.99995	0
152 F	0.00005	0.99995	0
153 G	0.00005	0.99995	0
154 F	0.00005	0.99995	0
155 G	0.00005	0.99995	1e-05
156 C	0.00005	0.99978	0.00018
157 F	0.00005	0.99970	0.00025
158 G	0.00005	0.99933	0.00063
159 L	0.00006	0.99812	0.00182
160 G	0.00009	0.96946	0.03045
161 S	0.00013	0.90830	0.09157
162 N	0.00030	0.80965	0.19005
163 L	0.00039	0.79883	0.20078
164 F	0.00163	0.74053	0.25783
165 E	0.00468	0.07362	0.92171
166 N	0.00484	0.02999	0.96516
167 L	0.00491	0.00844	0.98666
168 K	0.00500	0.00751	0.98749
169 D	0.00468	0.18654	0.80879
170 I	0.00360	0.37555	0.62085
171 I	0.00169	0.43965	0.55866
172 L	0.00160	0.44450	0.5539
173 K	0.00157	0.44659	0.55183
174 S	0.00136	0.67657	0.32207
175 F	0.00111	0.70098	0.2979
176 A	0.00099	0.70878	0.29023
177 V	0.00091	0.71286	0.28623
178 L	0.00090	0.71419	0.2849
179 S	0.00090	0.71905	0.28005
180 L	0.00090	0.71942	0.27968
181 M	0.00090	0.71963	0.27947
182 H	0.00090	0.71970	0.2794
183 S	0.00091	0.71984	0.27925
184 I	0.00092	0.72056	0.27852
185 Y	0.00113	0.72036	0.27852
186 L	0.00205	0.71943	0.27852
187 T	0.03307	0.68838	0.27855
188 F	0.05505	0.66634	0.27861
189 T	0.14430	0.57672	0.27898
190 G	0.21612	0.50426	0.27961
191 I	0.25079	0.46899	0.28021
192 K	0.60795	0.11034	0.28171
193 Q	0.65144	0.06662	0.28195
194 F	0.65792	0.05993	0.28216
195 Q	0.69187	0.02588	0.28225
196 T	0.69465	0.02306	0.28229
197 A	0.70637	0.01127	0.28236
198 S	0.70861	0.00885	0.28254
199 L	0.71014	0.00728	0.28258
200 H	0.71184	0.00555	0.28261
201 A	0.71262	0.00477	0.28261
202 P	0.71681	0.00058	0.28261
203 K	0.71733	0.00006	0.28261
204 K	0.71739	0.00000	0.28261
205 E	0.71739	0.00000	0.28261
206 N	0.71739	0.00000	0.28261
207 E	0.71739	0.00000	0.28261
208 N	0.71739	0.00000	0.28261
209 E	0.71739	0.00000	0.28261
