# tr|Q6YQB3|Q6YQB3_ONYPE
# AA	inside	membr	outside
1 M	0.87515	0.00000	0.12486
2 D	0.87515	0.00000	0.12486
3 K	0.87515	0.00000	0.12486
4 K	0.87515	0.00000	0.12486
5 Q	0.87515	0.00000	0.12486
6 K	0.87515	0.00000	0.12486
7 I	0.87515	0.00000	0.12486
8 K	0.87515	0.00000	0.12486
9 K	0.87515	0.00000	0.12486
10 E	0.87515	0.00000	0.12486
11 F	0.87514	0.00000	0.12486
12 Y	0.87513	0.00002	0.12486
13 E	0.87513	0.00002	0.12486
14 H	0.87513	0.00002	0.12486
15 C	0.87513	0.00002	0.12486
16 Q	0.87513	0.00002	0.12486
17 C	0.87512	0.00003	0.12486
18 C	0.87512	0.00003	0.12486
19 G	0.87512	0.00003	0.12486
20 S	0.87511	0.00003	0.12486
21 D	0.87509	0.00005	0.12486
22 L	0.87508	0.00007	0.12485
23 G	0.87507	0.00008	0.12485
24 M	0.87505	0.00010	0.12485
25 N	0.87502	0.00013	0.12485
26 I	0.87480	0.00044	0.12476
27 N	0.87469	0.00059	0.12472
28 D	0.87355	0.00201	0.12444
29 V	0.77146	0.11384	0.11471
30 Y	0.29858	0.59062	0.1108
31 L	0.24419	0.64791	0.1079
32 N	0.20208	0.69586	0.10206
33 L	0.06626	0.87755	0.05619
34 F	0.02883	0.92226	0.0489
35 G	0.01124	0.94319	0.04557
36 V	0.00599	0.96873	0.02528
37 I	0.00544	0.97530	0.01927
38 M	0.00514	0.98866	0.0062
39 A	0.00316	0.99522	0.00162
40 L	0.00146	0.99775	0.00079
41 M	0.00055	0.99916	0.00029
42 I	0.00015	0.99979	6e-05
43 L	0.00007	0.99991	2e-05
44 I	0.00002	0.99997	1e-05
45 S	0.00001	0.99997	2e-05
46 F	0.00000	0.99998	2e-05
47 G	0.00000	0.99992	8e-05
48 F	0.00000	0.99951	0.00049
49 F	0.00001	0.99897	0.00102
50 V	0.00001	0.99813	0.00185
51 L	0.00006	0.99635	0.00359
52 F	0.00061	0.92644	0.07295
53 G	0.00094	0.40349	0.59557
54 F	0.00128	0.37246	0.62626
55 L	0.00911	0.32406	0.66683
56 S	0.05538	0.19178	0.75283
57 L	0.05886	0.15747	0.78367
58 F	0.06073	0.12008	0.81918
59 S	0.08323	0.08894	0.82783
60 F	0.08770	0.08415	0.82815
61 F	0.11463	0.05480	0.83056
62 Q	0.12303	0.03586	0.84111
63 I	0.12381	0.02714	0.84905
64 N	0.12414	0.00829	0.86757
65 N	0.12390	0.01705	0.85906
66 E	0.12128	0.11511	0.76361
67 I	0.03692	0.82383	0.13925
68 F	0.02030	0.88374	0.09596
69 T	0.01902	0.89941	0.08157
70 T	0.01384	0.94279	0.04337
71 L	0.00184	0.97317	0.02498
72 I	0.00021	0.99841	0.00138
73 Y	0.00003	0.99956	0.00042
74 I	0.00001	0.99973	0.00026
75 F	0.00000	0.99991	8e-05
76 V	0.00000	0.99993	7e-05
77 I	0.00001	0.99993	6e-05
78 G	0.00003	0.99991	6e-05
79 S	0.00004	0.99989	7e-05
80 L	0.00009	0.99984	7e-05
81 S	0.00019	0.99974	7e-05
82 F	0.00031	0.99961	8e-05
83 C	0.00124	0.99866	0.0001
84 L	0.00209	0.99780	0.00011
85 I	0.01283	0.98695	0.00022
86 A	0.03511	0.96419	0.00071
87 H	0.13508	0.86263	0.00228
88 F	0.15591	0.84091	0.00317
89 M	0.30887	0.67799	0.01313
90 P	0.80105	0.09506	0.10388
91 K	0.83347	0.04388	0.12265
92 L	0.83538	0.04170	0.12292
93 L	0.84121	0.03554	0.12325
94 F	0.84837	0.02718	0.12445
95 E	0.87415	0.00089	0.12495
96 K	0.87499	0.00004	0.12497
97 L	0.87500	0.00002	0.12497
98 D	0.87503	0.00000	0.12497
99 Y	0.87503	0.00000	0.12497
100 E	0.87503	0.00000	0.12497
101 K	0.87503	0.00000	0.12497
102 V	0.87503	0.00000	0.12497
103 E	0.87503	0.00000	0.12497
104 K	0.87503	0.00000	0.12497
105 E	0.87503	0.00000	0.12497
