# tr|Q6YQR0|Q6YQR0_ONYPE
# AA	inside	membr	outside
1 M	0.22793	0.00000	0.77206
2 W	0.15291	0.07502	0.77206
3 N	0.14453	0.08340	0.77206
4 L	0.14453	0.13547	0.71999
5 L	0.05547	0.23101	0.71351
6 M	0.05547	0.23170	0.71283
7 I	0.04119	0.24600	0.71281
8 L	0.04119	0.24600	0.71281
9 K	0.04114	0.24605	0.71281
10 M	0.04114	0.24669	0.71216
11 I	0.04098	0.24692	0.7121
12 F	0.04052	0.24738	0.7121
13 S	0.04023	0.24769	0.71208
14 F	0.04022	0.24769	0.71208
15 N	0.04022	0.24868	0.71109
16 F	0.04015	0.24876	0.71109
17 L	0.04006	0.24856	0.71137
18 K	0.04006	0.24733	0.71261
19 Y	0.03457	0.25696	0.70846
20 L	0.03156	0.28140	0.68703
21 I	0.03111	0.27805	0.69083
22 S	0.05521	0.23239	0.7124
23 F	0.06065	0.20086	0.73849
24 D	0.08973	0.09037	0.81989
25 F	0.08980	0.06075	0.84944
26 K	0.08995	0.04772	0.86232
27 D	0.08953	0.08625	0.82422
28 F	0.02390	0.52322	0.45288
29 F	0.01552	0.72814	0.25634
30 Y	0.00437	0.83777	0.15787
31 L	0.00329	0.88205	0.11466
32 L	0.00249	0.95011	0.04741
33 Y	0.00269	0.97454	0.02278
34 S	0.00231	0.98245	0.01525
35 I	0.00187	0.99294	0.00519
36 F	0.00157	0.99561	0.00283
37 Y	0.00158	0.99647	0.00196
38 S	0.00322	0.99498	0.0018
39 I	0.00348	0.99503	0.00148
40 F	0.00538	0.99294	0.00168
41 F	0.00738	0.99058	0.00204
42 T	0.01915	0.97261	0.00824
43 K	0.03481	0.95400	0.01119
44 S	0.03473	0.95413	0.01114
45 S	0.03507	0.95417	0.01076
46 F	0.03550	0.95520	0.0093
47 L	0.03808	0.95218	0.00974
48 F	0.08058	0.90730	0.01212
49 G	0.11682	0.86588	0.01729
50 F	0.18313	0.79607	0.0208
51 N	0.48897	0.43561	0.07542
52 V	0.59468	0.32854	0.07678
53 G	0.67022	0.24531	0.08447
54 W	0.65873	0.27220	0.06906
55 N	0.64833	0.28418	0.06748
56 I	0.58321	0.35424	0.06255
57 N	0.47955	0.45777	0.06269
58 F	0.35699	0.58165	0.06136
59 I	0.20864	0.73060	0.06076
60 N	0.17434	0.76806	0.0576
61 I	0.08595	0.86336	0.05069
62 Y	0.05007	0.89943	0.0505
63 N	0.03548	0.91418	0.05034
64 V	0.02583	0.92486	0.04931
65 I	0.02467	0.93053	0.0448
66 K	0.02582	0.92885	0.04533
67 T	0.02095	0.93816	0.04089
68 I	0.01605	0.94819	0.03576
69 F	0.01508	0.94971	0.03522
70 I	0.01431	0.95369	0.032
71 F	0.01372	0.95295	0.03333
72 M	0.01493	0.94677	0.0383
73 W	0.01730	0.90504	0.07766
74 E	0.03866	0.77548	0.18586
75 Q	0.04024	0.71595	0.24381
76 L	0.04012	0.70695	0.25293
77 T	0.04496	0.66088	0.29416
78 T	0.04563	0.45849	0.49588
79 L	0.04454	0.42423	0.53123
80 I	0.04407	0.35194	0.60399
81 Y	0.04521	0.31217	0.64263
82 P	0.04593	0.19428	0.75978
83 L	0.04888	0.14512	0.80599
84 K	0.05678	0.05025	0.89297
85 L	0.04986	0.05501	0.89514
86 F	0.03719	0.07063	0.89219
87 S	0.03844	0.07098	0.89058
88 S	0.04095	0.10145	0.8576
89 L	0.02993	0.20281	0.76726
90 F	0.03421	0.20788	0.75791
91 D	0.04006	0.23130	0.72864
92 F	0.03630	0.57755	0.38615
93 L	0.03703	0.74280	0.22017
94 M	0.03606	0.78041	0.18353
95 Q	0.03537	0.79038	0.17425
96 I	0.02364	0.86343	0.11292
97 L	0.02177	0.86913	0.10911
98 K	0.02098	0.87668	0.10233
99 I	0.01226	0.90973	0.07802
100 F	0.01085	0.91569	0.07347
101 I	0.01060	0.91839	0.07101
102 D	0.01128	0.91665	0.07207
103 V	0.00781	0.92110	0.07109
104 F	0.00774	0.92098	0.07129
105 G	0.00793	0.91963	0.07244
106 S	0.00830	0.91862	0.07307
107 I	0.00871	0.91799	0.0733
108 I	0.01311	0.90892	0.07797
109 G	0.02421	0.88534	0.09045
110 Y	0.04624	0.86202	0.09175
111 I	0.11137	0.79400	0.09464
112 K	0.38872	0.50078	0.1105
113 S	0.41424	0.47492	0.11084
114 S	0.44082	0.44800	0.11118
115 I	0.60564	0.28233	0.11203
116 T	0.74243	0.14323	0.11433
117 S	0.78194	0.10159	0.11647
118 L	0.79020	0.09053	0.11927
119 T	0.82875	0.04258	0.12866
120 G	0.83808	0.03180	0.13013
121 Q	0.85232	0.00990	0.13778
122 K	0.85639	0.00104	0.14256
123 L	0.85642	0.00072	0.14286
124 M	0.85657	0.00054	0.14289
125 D	0.85669	0.00037	0.14293
126 P	0.85671	0.00000	0.14328
127 S	0.85671	0.00000	0.14328
128 E	0.85671	0.00000	0.14328
129 S	0.85669	0.00003	0.14327
130 M	0.85661	0.00015	0.14324
131 W	0.85495	0.00196	0.14309
132 E	0.85380	0.00327	0.14293
133 K	0.85339	0.00391	0.1427
134 I	0.84702	0.01343	0.13955
135 K	0.84132	0.01973	0.13894
136 E	0.79898	0.06921	0.1318
137 I	0.65697	0.23934	0.10369
138 A	0.62373	0.27403	0.10225
139 K	0.60580	0.29240	0.1018
140 L	0.14912	0.83929	0.01159
141 I	0.13147	0.86338	0.00515
142 F	0.12755	0.86776	0.0047
143 S	0.12423	0.87159	0.00418
144 V	0.12127	0.87536	0.00337
145 A	0.12106	0.87576	0.00319
146 V	0.12096	0.87589	0.00314
147 G	0.12091	0.87595	0.00313
148 G	0.12089	0.87599	0.00312
149 S	0.12086	0.87604	0.0031
150 V	0.12084	0.87606	0.0031
151 I	0.12083	0.87605	0.00312
152 Y	0.12093	0.87509	0.00398
153 F	0.12108	0.87276	0.00616
154 L	0.12478	0.84211	0.03311
155 K	0.15951	0.64399	0.19649
156 E	0.16198	0.60256	0.23545
157 I	0.16205	0.59316	0.24479
158 N	0.16206	0.54321	0.29472
159 N	0.16299	0.53490	0.30211
160 F	0.14050	0.55248	0.30702
161 L	0.13421	0.51877	0.34702
162 L	0.13418	0.49747	0.36835
163 N	0.22305	0.05601	0.72094
164 S	0.22684	0.04706	0.7261
165 F	0.22056	0.05269	0.72676
166 I	0.22056	0.04968	0.72976
167 K	0.22114	0.04578	0.73309
168 I	0.21979	0.05594	0.72427
169 G	0.21924	0.07499	0.70578
170 D	0.21839	0.07915	0.70246
171 L	0.17551	0.14724	0.67724
172 L	0.16565	0.23622	0.59813
173 F	0.16491	0.24007	0.59502
174 K	0.15842	0.26898	0.57259
175 I	0.01840	0.58491	0.39668
176 V	0.01032	0.60313	0.38655
177 L	0.00950	0.64197	0.34852
178 R	0.01025	0.64057	0.34918
179 I	0.01028	0.64075	0.34897
180 L	0.01036	0.64016	0.34948
181 D	0.01074	0.63901	0.35026
182 I	0.01071	0.64079	0.3485
183 I	0.01071	0.61699	0.3723
184 S	0.01070	0.61158	0.37772
185 I	0.01073	0.61148	0.37779
186 V	0.01113	0.61078	0.37809
187 L	0.01407	0.60743	0.3785
188 K	0.01688	0.59567	0.38745
189 S	0.01705	0.59563	0.38732
190 F	0.01678	0.59960	0.38362
191 L	0.02658	0.59162	0.3818
192 F	0.05489	0.56566	0.37945
193 L	0.12705	0.47937	0.39358
194 F	0.20457	0.32290	0.47253
195 K	0.39081	0.02622	0.58297
196 K	0.38264	0.04418	0.57318
197 V	0.24866	0.47464	0.2767
198 I	0.14979	0.82540	0.02482
199 I	0.02156	0.97603	0.00242
200 I	0.00731	0.99261	8e-05
201 L	0.00019	0.99978	3e-05
202 S	0.00016	0.99981	2e-05
203 F	0.00004	0.99995	0
204 V	0.00004	0.99995	0
205 L	0.00011	0.99986	3e-05
206 S	0.00013	0.99981	6e-05
207 F	0.00013	0.99980	6e-05
208 F	0.00015	0.99976	9e-05
209 I	0.00018	0.99972	0.0001
210 N	0.00026	0.99956	0.00018
211 F	0.00028	0.99952	0.0002
212 L	0.00054	0.99912	0.00034
213 Y	0.00358	0.99570	0.00073
214 L	0.00576	0.99294	0.0013
215 W	0.02317	0.97052	0.00632
216 V	0.04614	0.93052	0.02334
217 F	0.17872	0.69077	0.13052
218 E	0.51246	0.14543	0.34211
219 N	0.53027	0.09660	0.37313
220 A	0.58388	0.02320	0.39292
221 K	0.59935	0.00089	0.39976
222 K	0.59956	0.00003	0.4004
223 I	0.59957	0.00002	0.40041
224 L	0.59957	0.00000	0.40043
