# tr|Q6YQR2|Q6YQR2_ONYPE
# AA	inside	membr	outside
1 M	0.58684	0.00000	0.41316
2 D	0.58684	0.00000	0.41316
3 K	0.58684	0.00000	0.41316
4 Q	0.58684	0.00000	0.41316
5 Q	0.58684	0.00000	0.41316
6 K	0.58684	0.00000	0.41316
7 L	0.58684	0.00000	0.41316
8 K	0.58684	0.00000	0.41316
9 K	0.58684	0.00000	0.41316
10 E	0.58684	0.00001	0.41316
11 F	0.58679	0.00006	0.41316
12 Y	0.58665	0.00019	0.41316
13 E	0.58651	0.00034	0.41315
14 H	0.58650	0.00034	0.41315
15 C	0.58650	0.00036	0.41314
16 Q	0.58637	0.00050	0.41314
17 C	0.58521	0.00166	0.41313
18 C	0.58514	0.00174	0.41312
19 G	0.58368	0.00326	0.41307
20 S	0.58065	0.00668	0.41267
21 D	0.56385	0.02349	0.41266
22 L	0.51854	0.07286	0.40859
23 G	0.51381	0.07798	0.40821
24 I	0.50951	0.08301	0.40748
25 N	0.50778	0.08512	0.4071
26 I	0.50542	0.08796	0.40662
27 N	0.50460	0.08892	0.40648
28 A	0.49727	0.09845	0.40428
29 A	0.47643	0.12262	0.40095
30 C	0.35817	0.24443	0.39739
31 L	0.31940	0.28738	0.39322
32 N	0.30422	0.30455	0.39123
33 L	0.23696	0.38176	0.38127
34 F	0.18220	0.45056	0.36724
35 G	0.10023	0.54082	0.35896
36 F	0.06920	0.60042	0.33038
37 I	0.05737	0.86635	0.07628
38 M	0.05568	0.87457	0.06975
39 S	0.05013	0.88383	0.06605
40 F	0.01565	0.94070	0.04365
41 I	0.00900	0.98403	0.00697
42 S	0.00862	0.98192	0.00947
43 F	0.00788	0.98393	0.0082
44 I	0.00784	0.96929	0.02287
45 S	0.01067	0.92255	0.06678
46 C	0.00505	0.92902	0.06592
47 G	0.00450	0.93610	0.0594
48 I	0.00282	0.98918	0.008
49 L	0.00053	0.99714	0.00232
50 L	0.00034	0.99839	0.00127
51 L	0.00017	0.99716	0.00266
52 Y	0.00335	0.97320	0.02345
53 S	0.00798	0.82253	0.16949
54 S	0.01028	0.80089	0.18882
55 L	0.01076	0.79692	0.19232
56 I	0.01531	0.78102	0.20367
57 F	0.01997	0.73131	0.24873
58 L	0.02151	0.62048	0.35801
59 L	0.04207	0.56932	0.38861
60 R	0.35348	0.23863	0.4079
61 Y	0.36132	0.23164	0.40704
62 F	0.36360	0.22701	0.40939
63 F	0.36762	0.17165	0.46073
64 T	0.40575	0.12164	0.47261
65 V	0.40240	0.13121	0.46639
66 I	0.41310	0.14811	0.4388
67 I	0.41231	0.19267	0.39501
68 F	0.44301	0.15472	0.40226
69 N	0.44759	0.13801	0.41439
70 E	0.45043	0.13832	0.41125
71 E	0.42443	0.21009	0.36547
72 F	0.02174	0.91545	0.06281
73 F	0.00934	0.97907	0.01159
74 L	0.00480	0.99230	0.0029
75 T	0.00321	0.99491	0.00187
76 I	0.00047	0.99882	0.00071
77 G	0.00008	0.99974	0.00018
78 L	0.00001	0.99995	4e-05
79 I	0.00001	0.99997	2e-05
80 S	0.00001	0.99997	2e-05
81 F	0.00001	0.99996	3e-05
82 I	0.00002	0.99995	3e-05
83 S	0.00008	0.99986	6e-05
84 L	0.00023	0.99963	0.00014
85 F	0.00149	0.99808	0.00044
86 L	0.00227	0.99698	0.00075
87 F	0.00402	0.99488	0.00111
88 F	0.01350	0.98072	0.00578
89 L	0.04501	0.94070	0.01428
90 M	0.16269	0.80170	0.03561
91 A	0.19999	0.74866	0.05134
92 R	0.34356	0.52976	0.12668
93 F	0.35183	0.51363	0.13455
94 M	0.39000	0.44034	0.16965
95 P	0.49467	0.03077	0.47455
96 K	0.51421	0.00192	0.48386
97 L	0.51480	0.00104	0.48416
98 L	0.51486	0.00094	0.4842
99 F	0.51503	0.00067	0.4843
100 E	0.51557	0.00007	0.48435
101 K	0.51564	0.00000	0.48435
102 L	0.51564	0.00000	0.48435
103 D	0.51564	0.00000	0.48436
104 Y	0.51564	0.00000	0.48436
105 E	0.51564	0.00000	0.48436
106 K	0.51564	0.00000	0.48436
107 V	0.51564	0.00000	0.48436
108 E	0.51564	0.00000	0.48436
109 K	0.51564	0.00000	0.48436
110 E	0.51564	0.00000	0.48436
