# tr|Q6YPH6|Q6YPH6_ONYPE
# AA	inside	membr	outside
1 M	0.99490	0.00000	0.0051
2 S	0.99490	0.00000	0.0051
3 L	0.99490	0.00000	0.0051
4 L	0.99490	0.00000	0.0051
5 K	0.99490	0.00000	0.0051
6 K	0.99490	0.00000	0.0051
7 L	0.99490	0.00000	0.0051
8 F	0.99490	0.00000	0.0051
9 H	0.99490	0.00000	0.0051
10 H	0.99490	0.00000	0.0051
11 N	0.99490	0.00000	0.0051
12 S	0.99490	0.00000	0.0051
13 T	0.99490	0.00000	0.0051
14 K	0.99490	0.00000	0.0051
15 Y	0.99490	0.00000	0.00509
16 S	0.99488	0.00002	0.00509
17 K	0.99468	0.00022	0.00509
18 H	0.99407	0.00088	0.00505
19 N	0.97688	0.01810	0.00502
20 H	0.78871	0.20816	0.00313
21 W	0.03861	0.95829	0.00309
22 Y	0.02710	0.97068	0.00222
23 Y	0.00857	0.99048	0.00095
24 L	0.00220	0.99710	0.00071
25 A	0.00084	0.99895	0.00021
26 P	0.00058	0.99925	0.00018
27 A	0.00020	0.99968	0.00012
28 L	0.00004	0.99988	7e-05
29 I	0.00001	0.99992	7e-05
30 L	0.00000	0.99993	6e-05
31 M	0.00000	0.99993	6e-05
32 V	0.00000	0.99993	6e-05
33 L	0.00000	0.99993	6e-05
34 F	0.00000	0.99992	8e-05
35 N	0.00000	0.99937	0.00063
36 F	0.00000	0.99890	0.0011
37 Y	0.00002	0.99635	0.00364
38 P	0.00039	0.96211	0.0375
39 L	0.00048	0.89765	0.10187
40 V	0.00119	0.75018	0.24862
41 K	0.00178	0.24790	0.75032
42 T	0.00186	0.23484	0.76331
43 L	0.00200	0.20799	0.79001
44 F	0.00206	0.09289	0.90505
45 I	0.00282	0.07626	0.92092
46 S	0.00417	0.02815	0.96768
47 L	0.00436	0.00961	0.98603
48 D	0.00501	0.00181	0.99319
49 S	0.00498	0.00104	0.99398
50 R	0.00496	0.00059	0.99444
51 Y	0.00480	0.00057	0.99464
52 N	0.00467	0.00049	0.99485
53 K	0.00464	0.00040	0.99496
54 F	0.00443	0.00064	0.99494
55 A	0.00442	0.00065	0.99493
56 D	0.00441	0.00066	0.99493
57 T	0.00421	0.00087	0.99493
58 F	0.00403	0.00105	0.99493
59 S	0.00394	0.00114	0.99492
60 Y	0.00387	0.00120	0.99492
61 S	0.00387	0.00121	0.99492
62 F	0.00386	0.00122	0.99492
63 N	0.00385	0.00122	0.99492
64 F	0.00385	0.00123	0.99492
65 S	0.00385	0.00122	0.99493
66 N	0.00385	0.00122	0.99493
67 Y	0.00385	0.00122	0.99493
68 T	0.00385	0.00122	0.99493
69 T	0.00385	0.00119	0.99496
70 T	0.00385	0.00110	0.99505
71 F	0.00386	0.00102	0.99513
72 C	0.00388	0.00056	0.99556
73 D	0.00389	0.00046	0.99565
74 P	0.00389	0.00057	0.99554
75 D	0.00389	0.00092	0.99518
76 F	0.00389	0.00945	0.98666
77 R	0.00388	0.01902	0.9771
78 T	0.00379	0.04425	0.95195
79 A	0.00351	0.07649	0.92
80 L	0.00318	0.09875	0.89808
81 F	0.00289	0.12239	0.87472
82 N	0.00256	0.12933	0.86812
83 T	0.00158	0.24080	0.75762
84 F	0.00064	0.65117	0.34819
85 L	0.00025	0.81125	0.18851
86 L	0.00008	0.93737	0.06255
87 V	0.00000	0.98205	0.01795
88 F	0.00000	0.99470	0.0053
89 V	0.00000	0.99723	0.00277
90 A	0.00000	0.99890	0.0011
91 V	0.00000	0.99984	0.00017
92 P	0.00000	0.99990	9e-05
93 I	0.00000	0.99997	3e-05
94 S	0.00000	0.99999	1e-05
95 I	0.00001	0.99999	0
96 F	0.00003	0.99997	0
97 L	0.00013	0.99987	0
98 S	0.00077	0.99922	1e-05
99 L	0.00688	0.99310	1e-05
100 M	0.02147	0.97851	3e-05
101 I	0.03719	0.96273	9e-05
102 A	0.05640	0.94329	0.00031
103 L	0.06733	0.93213	0.00054
104 A	0.09183	0.90721	0.00096
105 L	0.10151	0.89668	0.00181
106 N	0.20274	0.79413	0.00314
107 S	0.60304	0.39333	0.00363
108 V	0.76755	0.22875	0.0037
109 Y	0.91243	0.08378	0.00379
110 N	0.97868	0.01743	0.00389
111 R	0.99090	0.00521	0.00389
112 F	0.98866	0.00744	0.00389
113 L	0.98933	0.00678	0.00389
114 K	0.99162	0.00449	0.00389
115 N	0.98250	0.01362	0.00387
116 I	0.95006	0.04631	0.00364
117 F	0.90875	0.08780	0.00345
118 Q	0.85557	0.14152	0.00291
119 T	0.36242	0.63582	0.00177
120 I	0.16265	0.83688	0.00047
121 F	0.05090	0.94894	0.00016
122 F	0.01745	0.98245	0.0001
123 L	0.01401	0.98592	7e-05
124 P	0.01237	0.98757	6e-05
125 Y	0.00534	0.99463	2e-05
126 L	0.00134	0.99864	2e-05
127 T	0.00082	0.99916	2e-05
128 N	0.00059	0.99939	2e-05
129 P	0.00029	0.99969	2e-05
130 V	0.00003	0.99995	2e-05
131 I	0.00001	0.99996	3e-05
132 M	0.00001	0.99982	0.00017
133 G	0.00001	0.99966	0.00034
134 M	0.00000	0.99945	0.00054
135 V	0.00000	0.99823	0.00177
136 F	0.00000	0.99620	0.00379
137 A	0.00001	0.99076	0.00923
138 V	0.00001	0.97797	0.02201
139 L	0.00012	0.93209	0.0678
140 F	0.00034	0.86807	0.13159
141 Y	0.00133	0.74340	0.25526
142 H	0.00277	0.21849	0.77874
143 N	0.00370	0.06681	0.92949
144 S	0.00378	0.02881	0.9674
145 F	0.00380	0.01925	0.97696
146 G	0.00382	0.01297	0.9832
147 I	0.00384	0.01071	0.98545
148 Q	0.00387	0.00418	0.99195
149 T	0.00386	0.00136	0.99477
150 R	0.00386	0.00035	0.99579
151 P	0.00385	0.00018	0.99597
152 E	0.00382	0.00009	0.99609
153 G	0.00345	0.00045	0.9961
154 F	0.00314	0.00076	0.9961
155 F	0.00309	0.00080	0.9961
156 N	0.00309	0.00081	0.9961
157 S	0.00309	0.00081	0.9961
158 F	0.00309	0.00081	0.9961
159 F	0.00309	0.00082	0.99609
160 G	0.00309	0.00085	0.99606
161 L	0.00309	0.00149	0.99542
162 Q	0.00309	0.00184	0.99507
163 Q	0.00309	0.00462	0.99229
164 D	0.00309	0.00534	0.99157
165 W	0.00308	0.01073	0.98618
166 I	0.00308	0.01327	0.98366
167 N	0.00308	0.01359	0.98333
168 I	0.00307	0.01658	0.98035
169 S	0.00307	0.01665	0.98028
170 A	0.00307	0.01689	0.98004
171 P	0.00307	0.01698	0.97994
172 Y	0.00306	0.01786	0.97908
173 S	0.00303	0.01908	0.97789
174 Y	0.00302	0.02236	0.97462
175 K	0.00301	0.02908	0.96791
176 M	0.00250	0.16903	0.82847
177 F	0.00078	0.87358	0.12564
178 V	0.00061	0.94224	0.05715
179 L	0.00057	0.96407	0.03535
180 I	0.00056	0.98524	0.01421
181 F	0.00055	0.99726	0.00219
182 Y	0.00058	0.99911	0.00031
183 V	0.00076	0.99911	0.00013
184 V	0.00168	0.99826	5e-05
185 W	0.00444	0.99551	5e-05
186 K	0.01375	0.98619	6e-05
187 S	0.01416	0.98580	5e-05
188 L	0.01467	0.98530	4e-05
189 P	0.01505	0.98492	3e-05
190 F	0.01512	0.98485	3e-05
191 Q	0.01581	0.98416	3e-05
192 I	0.01582	0.98415	3e-05
193 L	0.01587	0.98410	3e-05
194 I	0.01603	0.98393	4e-05
195 F	0.01806	0.98186	8e-05
196 S	0.02594	0.97385	0.00021
197 V	0.03384	0.96591	0.00025
198 G	0.07013	0.92952	0.00035
199 L	0.20418	0.79495	0.00087
200 K	0.96117	0.03629	0.00254
201 N	0.98122	0.01621	0.00256
202 I	0.98352	0.01391	0.00257
203 S	0.98919	0.00824	0.00257
204 K	0.99730	0.00012	0.00257
205 D	0.99742	0.00001	0.00257
206 Y	0.99742	0.00000	0.00257
207 Y	0.99742	0.00000	0.00257
208 D	0.99742	0.00000	0.00257
209 A	0.99742	0.00000	0.00257
210 A	0.99742	0.00000	0.00257
211 G	0.99742	0.00001	0.00257
212 I	0.99742	0.00001	0.00257
213 D	0.99742	0.00001	0.00257
214 G	0.99741	0.00001	0.00257
215 A	0.99741	0.00001	0.00257
216 S	0.99740	0.00002	0.00257
217 K	0.99738	0.00004	0.00257
218 I	0.98201	0.01564	0.00235
219 T	0.94846	0.04963	0.00191
220 I	0.66136	0.33678	0.00186
221 F	0.65736	0.34078	0.00185
222 R	0.65454	0.34361	0.00184
223 K	0.59650	0.40180	0.0017
224 I	0.38996	0.60901	0.00103
225 T	0.30547	0.69360	0.00092
226 L	0.04673	0.95248	0.00079
227 P	0.02025	0.97901	0.00074
228 L	0.00168	0.99765	0.00067
229 L	0.00121	0.99813	0.00067
230 A	0.00115	0.99819	0.00067
231 P	0.00109	0.99825	0.00067
232 T	0.00102	0.99832	0.00066
233 I	0.00087	0.99848	0.00065
234 F	0.00085	0.99850	0.00065
235 Y	0.00085	0.99850	0.00066
236 Q	0.00085	0.99838	0.00078
237 L	0.00085	0.99830	0.00086
238 I	0.00086	0.99797	0.00117
239 I	0.00090	0.99561	0.00349
240 A	0.00096	0.98566	0.01338
241 I	0.00111	0.96874	0.03015
242 I	0.00159	0.93349	0.06492
243 Q	0.00174	0.64136	0.3569
244 V	0.00181	0.59689	0.4013
245 F	0.00200	0.51405	0.48395
246 K	0.00253	0.07696	0.92051
247 E	0.00274	0.01119	0.98606
248 Y	0.00235	0.00599	0.99166
249 E	0.00231	0.00122	0.99647
250 S	0.00197	0.00165	0.99638
251 V	0.00146	0.00222	0.99633
252 V	0.00118	0.00265	0.99618
253 G	0.00100	0.00280	0.9962
254 V	0.00096	0.00284	0.9962
255 F	0.00096	0.00281	0.99623
256 G	0.00097	0.00266	0.99637
257 N	0.00098	0.00263	0.9964
258 S	0.00098	0.00262	0.99641
259 D	0.00098	0.00262	0.99641
260 I	0.00098	0.00264	0.99639
261 T	0.00098	0.00264	0.99639
262 K	0.00098	0.00264	0.99639
263 V	0.00097	0.00264	0.99639
264 N	0.00097	0.00264	0.99639
265 T	0.00097	0.00264	0.99639
266 V	0.00097	0.00264	0.99639
267 V	0.00098	0.00264	0.99639
268 G	0.00098	0.00264	0.99639
269 Y	0.00099	0.00262	0.99639
270 I	0.00101	0.00260	0.9964
271 Y	0.00109	0.00148	0.99744
272 Q	0.00132	0.00105	0.99763
273 Q	0.00172	0.00033	0.99794
274 L	0.00177	0.00021	0.99803
275 E	0.00180	0.00008	0.99812
276 G	0.00180	0.00003	0.99817
277 T	0.00180	0.00003	0.99817
278 L	0.00180	0.00004	0.99816
279 M	0.00181	0.00003	0.99816
280 D	0.00182	0.00005	0.99813
281 S	0.00180	0.00044	0.99776
282 Y	0.00175	0.00201	0.99624
283 S	0.00167	0.00539	0.99294
284 R	0.00146	0.04342	0.95512
285 G	0.00051	0.78886	0.21063
286 A	0.00033	0.90402	0.09566
287 A	0.00023	0.94402	0.05575
288 A	0.00013	0.98793	0.01193
289 T	0.00008	0.99554	0.00439
290 V	0.00001	0.99985	0.00014
291 I	0.00000	0.99999	1e-05
292 L	0.00000	1.00000	0
293 L	0.00000	1.00000	0
294 L	0.00000	1.00000	0
295 I	0.00000	1.00000	0
296 S	0.00000	1.00000	0
297 I	0.00000	1.00000	0
298 I	0.00000	1.00000	0
299 F	0.00000	0.99999	0
300 T	0.00004	0.99996	0
301 T	0.00009	0.99990	0
302 I	0.00013	0.99986	1e-05
303 N	0.00044	0.99952	4e-05
304 F	0.00074	0.99921	5e-05
305 F	0.00218	0.99771	0.00011
306 F	0.01166	0.98812	0.00022
307 F	0.08284	0.91664	0.00051
308 E	0.95253	0.04577	0.0017
309 K	0.99704	0.00115	0.00182
310 K	0.99810	0.00007	0.00182
311 L	0.99813	0.00005	0.00182
312 N	0.99817	0.00001	0.00182
313 E	0.99818	0.00000	0.00182
