# tr|Q6YPH4|Q6YPH4_ONYPE
# AA	inside	membr	outside
1 M	0.09944	0.00000	0.90056
2 L	0.09943	0.00001	0.90056
3 G	0.09943	0.00001	0.90056
4 I	0.09943	0.00009	0.90048
5 S	0.09942	0.00012	0.90047
6 L	0.09942	0.00012	0.90046
7 L	0.09940	0.00014	0.90046
8 L	0.09940	0.00014	0.90046
9 I	0.09940	0.00014	0.90046
10 F	0.09940	0.00015	0.90045
11 K	0.09940	0.00015	0.90045
12 K	0.09936	0.00019	0.90045
13 Q	0.09677	0.00292	0.90031
14 K	0.09677	0.00292	0.90031
15 N	0.09677	0.02415	0.87908
16 C	0.08788	0.03304	0.87908
17 K	0.06944	0.05282	0.87774
18 I	0.06009	0.11581	0.82411
19 I	0.04440	0.13294	0.82267
20 F	0.02220	0.15944	0.81836
21 N	0.02151	0.16014	0.81836
22 I	0.02150	0.16018	0.81832
23 F	0.02150	0.16019	0.81832
24 L	0.02150	0.16019	0.81832
25 T	0.02151	0.16017	0.81833
26 I	0.02151	0.16016	0.81833
27 N	0.02158	0.16008	0.81834
28 C	0.02160	0.16006	0.81835
29 Q	0.02160	0.16005	0.81835
30 Y	0.02160	0.16005	0.81835
31 F	0.02161	0.16001	0.81838
32 L	0.02168	0.15982	0.81851
33 N	0.02415	0.15681	0.81905
34 I	0.02551	0.15229	0.82219
35 Y	0.03757	0.12531	0.83712
36 K	0.07952	0.05656	0.86391
37 I	0.08137	0.05130	0.86733
38 L	0.10375	0.00000	0.89625
