# tr|Q6YRK8|Q6YRK8_ONYPE
# AA	inside	membr	outside
1 M	0.95292	0.00000	0.04708
2 F	0.95292	0.00000	0.04708
3 M	0.95292	0.00000	0.04708
4 Y	0.95292	0.00000	0.04708
5 K	0.95292	0.00000	0.04708
6 N	0.95292	0.00000	0.04708
7 N	0.95292	0.00000	0.04708
8 L	0.95292	0.00000	0.04708
9 D	0.95292	0.00000	0.04708
10 T	0.95292	0.00000	0.04708
11 N	0.95292	0.00000	0.04708
12 T	0.95292	0.00000	0.04708
13 N	0.95292	0.00000	0.04708
14 R	0.95292	0.00000	0.04708
15 K	0.95292	0.00000	0.04708
16 A	0.95290	0.00002	0.04708
17 K	0.95285	0.00007	0.04708
18 N	0.95263	0.00030	0.04707
19 V	0.90351	0.04971	0.04678
20 F	0.88062	0.07286	0.04652
21 S	0.84726	0.10622	0.04652
22 K	0.84484	0.10868	0.04647
23 K	0.80090	0.15379	0.04531
24 F	0.02949	0.96477	0.00574
25 L	0.00365	0.99461	0.00175
26 V	0.00080	0.99849	0.00071
27 Y	0.00025	0.99956	0.00019
28 V	0.00021	0.99969	0.0001
29 P	0.00020	0.99972	8e-05
30 L	0.00020	0.99972	8e-05
31 I	0.00020	0.99972	7e-05
32 I	0.00020	0.99972	7e-05
33 S	0.00020	0.99972	7e-05
34 C	0.00020	0.99972	8e-05
35 I	0.00020	0.99972	8e-05
36 T	0.00020	0.99972	8e-05
37 S	0.00020	0.99969	0.00011
38 L	0.00020	0.99964	0.00016
39 L	0.00020	0.99769	0.00211
40 A	0.00023	0.99386	0.00591
41 I	0.00041	0.97994	0.01964
42 D	0.01778	0.80329	0.17893
43 T	0.01877	0.77598	0.20525
44 I	0.01958	0.54960	0.43082
45 S	0.02151	0.48183	0.49666
46 Y	0.02355	0.42298	0.55347
47 D	0.04661	0.00366	0.94973
48 K	0.04718	0.00011	0.95271
49 N	0.04720	0.00003	0.95277
50 K	0.04720	0.00175	0.95104
51 R	0.04719	0.05619	0.89661
52 N	0.04715	0.08094	0.87191
53 F	0.04595	0.34352	0.61053
54 F	0.04586	0.40083	0.55331
55 T	0.04586	0.44309	0.51105
56 L	0.04586	0.62675	0.3274
57 G	0.04585	0.66699	0.28716
58 L	0.04583	0.83045	0.12371
59 F	0.04583	0.89563	0.05854
60 T	0.04583	0.90707	0.04711
61 R	0.04583	0.92360	0.03057
62 Q	0.04583	0.92458	0.0296
63 N	0.04583	0.92591	0.02825
64 T	0.04583	0.92666	0.02751
65 L	0.04583	0.92701	0.02716
66 S	0.04583	0.92702	0.02715
67 V	0.04583	0.92702	0.02715
68 N	0.04584	0.92702	0.02715
69 I	0.04584	0.92701	0.02715
70 F	0.04585	0.92700	0.02715
71 L	0.04617	0.92667	0.02716
72 L	0.06066	0.91215	0.02718
73 L	0.12809	0.84468	0.02723
74 S	0.21965	0.75305	0.0273
75 L	0.24696	0.72563	0.0274
76 N	0.64418	0.32735	0.02847
77 N	0.70467	0.26682	0.02852
78 K	0.94018	0.03130	0.02852
79 F	0.94850	0.02298	0.02852
80 K	0.97083	0.00065	0.02852
81 K	0.97137	0.00012	0.02851
82 S	0.93515	0.03674	0.02812
83 K	0.89217	0.08349	0.02434
84 Y	0.22477	0.76205	0.01318
85 Y	0.12988	0.86472	0.0054
86 L	0.05726	0.94189	0.00085
87 Y	0.01395	0.98595	0.0001
88 L	0.00098	0.99901	1e-05
89 S	0.00022	0.99977	1e-05
90 F	0.00003	0.99996	0
91 V	0.00001	0.99998	0
92 C	0.00001	0.99999	0
93 L	0.00000	0.99999	0
94 I	0.00000	0.99999	0
95 N	0.00000	0.99999	0
96 C	0.00000	0.99999	0
97 L	0.00000	0.99999	0
98 I	0.00000	0.99999	0
99 V	0.00000	0.99999	1e-05
100 M	0.00000	0.99988	0.00012
101 F	0.00000	0.99983	0.00017
102 F	0.00012	0.94582	0.05406
103 C	0.00061	0.93448	0.06491
104 L	0.00226	0.90655	0.09119
105 I	0.00678	0.77715	0.21607
106 E	0.02209	0.60000	0.37792
107 T	0.02587	0.03083	0.9433
108 K	0.02845	0.00805	0.96351
109 T	0.02847	0.00765	0.96387
110 G	0.02822	0.01395	0.95783
111 T	0.02762	0.03880	0.93358
112 L	0.02306	0.04721	0.92973
113 K	0.02245	0.04902	0.92853
114 I	0.01801	0.18743	0.79455
115 N	0.01725	0.26281	0.71994
116 Y	0.01295	0.96235	0.0247
117 F	0.00809	0.98572	0.00619
118 F	0.00746	0.98864	0.0039
119 E	0.00745	0.98924	0.00331
120 H	0.00744	0.99018	0.00238
121 K	0.00744	0.99085	0.00172
122 I	0.00742	0.99217	0.00042
123 L	0.00742	0.99220	0.00038
124 S	0.00742	0.99221	0.00037
125 L	0.00742	0.99222	0.00036
126 M	0.00742	0.99222	0.00036
127 F	0.00742	0.99222	0.00036
128 I	0.00742	0.99222	0.00036
129 F	0.00742	0.99221	0.00036
130 Y	0.00743	0.99214	0.00043
131 Y	0.00749	0.99137	0.00115
132 F	0.01109	0.98643	0.00248
133 F	0.06576	0.92940	0.00484
134 R	0.93684	0.05170	0.01146
135 N	0.96299	0.01853	0.01847
136 K	0.96802	0.01067	0.02131
137 S	0.96826	0.01038	0.02136
138 I	0.96859	0.01005	0.02136
139 I	0.97730	0.00132	0.02138
140 K	0.97707	0.00148	0.02145
141 L	0.97619	0.00236	0.02144
142 K	0.97488	0.00367	0.02144
143 K	0.97275	0.00646	0.02079
144 N	0.93543	0.04875	0.01583
145 Y	0.24548	0.74681	0.0077
146 V	0.00739	0.98902	0.00359
147 G	0.00043	0.99814	0.00143
148 I	0.00006	0.99989	5e-05
149 I	0.00004	0.99996	0
150 Y	0.00002	0.99997	0
151 P	0.00002	0.99997	0
152 L	0.00002	0.99998	0
153 I	0.00002	0.99998	0
154 Y	0.00002	0.99998	0
155 F	0.00002	0.99998	0
156 L	0.00002	0.99998	0
157 I	0.00002	0.99998	0
158 M	0.00002	0.99997	0
159 F	0.00002	0.99996	1e-05
160 I	0.00002	0.99984	0.00013
161 L	0.00005	0.99839	0.00156
162 I	0.00033	0.98572	0.01396
163 K	0.00642	0.55955	0.43403
164 I	0.00918	0.51177	0.47905
165 D	0.01988	0.05459	0.92552
166 N	0.02101	0.00938	0.96961
167 E	0.02143	0.00229	0.97628
168 K	0.02147	0.00053	0.97801
169 L	0.02147	0.00012	0.97841
170 N	0.02147	0.00002	0.97851
171 P	0.02148	0.00000	0.97852
172 Y	0.02148	0.00002	0.9785
173 S	0.02148	0.00002	0.97849
174 R	0.02148	0.00004	0.97848
175 E	0.02148	0.00017	0.97835
176 I	0.02148	0.00040	0.97813
177 T	0.02148	0.00145	0.97707
178 K	0.02148	0.00171	0.97682
179 Y	0.02146	0.02128	0.95727
180 E	0.02145	0.02314	0.95541
181 I	0.02135	0.03773	0.94092
182 N	0.02102	0.07406	0.90493
183 E	0.01594	0.11961	0.86446
184 F	0.00914	0.62399	0.36687
185 M	0.00246	0.80403	0.19351
186 L	0.00030	0.93544	0.06426
187 L	0.00007	0.97755	0.02237
188 F	0.00002	0.99698	0.003
189 Y	0.00002	0.99869	0.00129
190 A	0.00002	0.99947	0.00051
191 F	0.00002	0.99960	0.00038
192 L	0.00002	0.99961	0.00037
193 I	0.00002	0.99961	0.00037
194 Y	0.00005	0.99958	0.00037
195 I	0.00015	0.99949	0.00037
196 N	0.00059	0.99904	0.00038
197 F	0.00176	0.99786	0.00038
198 K	0.00488	0.99473	0.00039
199 L	0.00648	0.99313	0.00039
200 I	0.01110	0.98851	0.00039
201 T	0.03425	0.96533	0.00042
202 N	0.06480	0.93464	0.00056
203 I	0.07283	0.92658	0.00059
204 I	0.10694	0.89209	0.00098
205 I	0.18947	0.80816	0.00237
206 E	0.47411	0.51423	0.01167
207 V	0.81113	0.17293	0.01593
208 R	0.95624	0.02251	0.02126
209 K	0.97719	0.00098	0.02183
210 A	0.97816	0.00000	0.02184
