# tr|Q6YPR5|Q6YPR5_ONYPE
# AA	inside	membr	outside
1 M	0.99882	0.00000	0.00118
2 V	0.99882	0.00000	0.00118
3 M	0.99882	0.00000	0.00118
4 K	0.99882	0.00000	0.00118
5 K	0.99882	0.00000	0.00118
6 T	0.99882	0.00000	0.00118
7 Y	0.99882	0.00000	0.00118
8 T	0.99882	0.00000	0.00118
9 C	0.99882	0.00000	0.00118
10 K	0.99882	0.00000	0.00118
11 D	0.99882	0.00000	0.00118
12 N	0.99878	0.00004	0.00118
13 Q	0.99618	0.00264	0.00118
14 K	0.99617	0.00265	0.00118
15 L	0.99616	0.00281	0.00104
16 Y	0.93470	0.06427	0.00104
17 R	0.86695	0.13201	0.00103
18 L	0.82674	0.17268	0.00058
19 L	0.68060	0.31885	0.00055
20 I	0.33791	0.66202	7e-05
21 S	0.03191	0.96802	7e-05
22 P	0.01974	0.98021	5e-05
23 Y	0.00456	0.99543	1e-05
24 Y	0.00067	0.99933	0
25 I	0.00017	0.99983	0
26 I	0.00001	0.99999	0
27 L	0.00000	1.00000	0
28 L	0.00000	1.00000	0
29 G	0.00000	1.00000	0
30 L	0.00000	1.00000	0
31 I	0.00000	1.00000	0
32 I	0.00000	0.99999	1e-05
33 L	0.00000	0.99985	0.00015
34 P	0.00000	0.99926	0.00075
35 M	0.00001	0.99885	0.00115
36 G	0.00001	0.99582	0.00418
37 F	0.00001	0.99326	0.00673
38 I	0.00008	0.97774	0.02218
39 L	0.00009	0.82780	0.17212
40 F	0.00023	0.61037	0.38941
41 D	0.00100	0.32788	0.67112
42 S	0.00103	0.26822	0.73075
43 F	0.00115	0.17720	0.82165
44 Q	0.00118	0.01120	0.98763
45 D	0.00118	0.00138	0.99744
46 T	0.00118	0.00024	0.99858
47 N	0.00118	0.00003	0.9988
48 Q	0.00118	0.00000	0.99882
49 Q	0.00118	0.00000	0.99882
50 N	0.00118	0.00000	0.99882
51 A	0.00118	0.00000	0.99882
52 F	0.00118	0.00000	0.99882
53 F	0.00118	0.00000	0.99882
54 A	0.00118	0.00000	0.99882
55 T	0.00118	0.00000	0.99882
56 R	0.00118	0.00000	0.99882
57 F	0.00118	0.00000	0.99882
58 T	0.00118	0.00000	0.99882
59 L	0.00118	0.00001	0.99882
60 Q	0.00118	0.00001	0.99882
61 H	0.00118	0.00001	0.99882
62 H	0.00118	0.00001	0.99882
63 Q	0.00118	0.00001	0.99881
64 E	0.00118	0.00001	0.99881
65 F	0.00118	0.00017	0.99866
66 L	0.00118	0.00026	0.99857
67 S	0.00118	0.00032	0.99849
68 N	0.00118	0.00042	0.9984
69 Q	0.00118	0.00155	0.99727
70 S	0.00116	0.00479	0.99405
71 F	0.00106	0.02385	0.97509
72 L	0.00099	0.03676	0.96226
73 Y	0.00091	0.06865	0.93044
74 V	0.00084	0.36585	0.63331
75 L	0.00074	0.59534	0.40393
76 A	0.00072	0.65969	0.3396
77 R	0.00070	0.67139	0.32791
78 S	0.00028	0.83316	0.16656
79 I	0.00007	0.96881	0.03112
80 A	0.00004	0.98962	0.01034
81 I	0.00001	0.99860	0.00139
82 S	0.00000	0.99912	0.00087
83 I	0.00000	0.99999	1e-05
84 I	0.00000	1.00000	0
85 V	0.00000	1.00000	0
86 T	0.00000	1.00000	0
87 F	0.00000	1.00000	0
88 C	0.00000	1.00000	0
89 V	0.00002	0.99998	0
90 F	0.00007	0.99993	0
91 I	0.00024	0.99976	0
92 I	0.00098	0.99902	0
93 V	0.00451	0.99547	2e-05
94 Y	0.02220	0.97768	0.00011
95 P	0.03735	0.96243	0.00022
96 L	0.04931	0.95041	0.00028
97 A	0.37355	0.62611	0.00033
98 Y	0.64683	0.35269	0.00048
99 M	0.75358	0.24587	0.00055
100 I	0.76325	0.23615	0.0006
101 S	0.91350	0.08548	0.00101
102 R	0.98297	0.01587	0.00116
103 L	0.99447	0.00435	0.00117
104 K	0.99792	0.00089	0.00118
105 M	0.99672	0.00213	0.00115
106 K	0.99467	0.00420	0.00113
107 W	0.95304	0.04600	0.00096
108 Q	0.92112	0.07807	0.00081
109 S	0.34894	0.65041	0.00065
110 F	0.18125	0.81835	0.0004
111 L	0.14466	0.85505	0.00029
112 V	0.09610	0.90367	0.00023
113 I	0.03574	0.96405	0.00021
114 L	0.01503	0.98477	0.0002
115 I	0.01474	0.98518	8e-05
116 N	0.01446	0.98548	6e-05
117 G	0.01366	0.98628	6e-05
118 T	0.01296	0.98699	5e-05
119 M	0.01226	0.98770	4e-05
120 W	0.01207	0.98790	3e-05
121 I	0.01202	0.98794	4e-05
122 N	0.01202	0.98772	0.00026
123 M	0.01202	0.98759	0.00039
124 I	0.01202	0.98720	0.00078
125 I	0.01213	0.97070	0.01717
126 K	0.01227	0.94134	0.04639
127 T	0.01228	0.93559	0.05212
128 Q	0.01229	0.92810	0.05961
129 A	0.01229	0.92485	0.06287
130 L	0.01232	0.91191	0.07577
131 V	0.01253	0.85965	0.12782
132 Q	0.01275	0.24069	0.74656
133 I	0.01283	0.16258	0.8246
134 F	0.01288	0.13823	0.8489
135 H	0.01294	0.10221	0.88486
136 L	0.01295	0.03759	0.94946
137 L	0.01296	0.00355	0.98349
138 Q	0.01313	0.00178	0.9851
139 K	0.01316	0.00070	0.98614
140 T	0.01313	0.00088	0.98599
141 F	0.01304	0.00163	0.98533
142 N	0.01299	0.00181	0.9852
143 I	0.01280	0.00320	0.984
144 N	0.01272	0.00540	0.98188
145 L	0.01250	0.00913	0.97837
146 L	0.01234	0.02415	0.9635
147 E	0.01274	0.03342	0.95384
148 T	0.01228	0.04733	0.94038
149 N	0.01102	0.07802	0.91096
150 F	0.00815	0.26648	0.72537
151 A	0.00218	0.90790	0.08992
152 M	0.00177	0.93637	0.06186
153 I	0.00099	0.95793	0.04108
154 V	0.00025	0.99273	0.00702
155 G	0.00015	0.99708	0.00278
156 L	0.00002	0.99897	0.001
157 I	0.00002	0.99957	0.00041
158 Y	0.00001	0.99987	0.00012
159 L	0.00001	0.99995	4e-05
160 F	0.00001	0.99996	2e-05
161 L	0.00006	0.99991	3e-05
162 P	0.00016	0.99979	5e-05
163 F	0.00031	0.99960	8e-05
164 M	0.00088	0.99898	0.00014
165 F	0.00115	0.99866	0.00019
166 L	0.00307	0.99658	0.00035
167 P	0.00863	0.99086	0.0005
168 I	0.01271	0.98663	0.00066
169 Y	0.03217	0.96690	0.00093
170 T	0.06399	0.93480	0.00122
171 A	0.08184	0.91657	0.0016
172 I	0.10851	0.88895	0.00254
173 I	0.28677	0.70833	0.0049
174 K	0.91930	0.06757	0.01313
175 I	0.92829	0.05852	0.01319
176 N	0.94683	0.03961	0.01357
177 P	0.98113	0.00526	0.01362
178 Q	0.98563	0.00072	0.01366
179 L	0.98581	0.00052	0.01367
180 I	0.98588	0.00045	0.01368
181 Q	0.98622	0.00009	0.01369
182 A	0.98623	0.00008	0.0137
183 S	0.98623	0.00001	0.01376
184 K	0.98623	0.00000	0.01377
185 D	0.98623	0.00000	0.01377
186 L	0.98618	0.00005	0.01377
187 G	0.98618	0.00006	0.01377
188 A	0.98618	0.00006	0.01377
189 N	0.98617	0.00007	0.01377
190 E	0.98616	0.00008	0.01376
191 W	0.98602	0.00040	0.01359
192 Q	0.98527	0.00138	0.01335
193 I	0.95067	0.04192	0.00742
194 L	0.92281	0.06983	0.00736
195 Q	0.92126	0.07148	0.00727
196 K	0.89374	0.09940	0.00686
197 I	0.38140	0.61588	0.00272
198 I	0.26915	0.72895	0.0019
199 W	0.21676	0.78145	0.00178
200 P	0.19165	0.80669	0.00166
201 L	0.09005	0.90902	0.00093
202 S	0.07326	0.92601	0.00073
203 L	0.06301	0.93637	0.00062
204 S	0.06031	0.93916	0.00053
205 G	0.05603	0.94365	0.00032
206 V	0.05352	0.94638	9e-05
207 L	0.05328	0.94664	7e-05
208 A	0.05326	0.94667	7e-05
209 G	0.05325	0.94665	0.0001
210 I	0.05323	0.94666	0.0001
211 C	0.05323	0.94643	0.00034
212 L	0.05322	0.94632	0.00046
213 V	0.05324	0.94577	0.00099
214 F	0.05338	0.94487	0.00175
215 L	0.05387	0.94013	0.006
216 Q	0.06237	0.89518	0.04244
217 T	0.06369	0.82188	0.11443
218 A	0.06393	0.77840	0.15767
219 T	0.06419	0.67609	0.25972
220 N	0.06488	0.23122	0.7039
221 I	0.06491	0.17828	0.75681
222 V	0.06486	0.15219	0.78295
223 A	0.06513	0.12464	0.81022
224 P	0.06602	0.03761	0.89637
225 R	0.06635	0.02410	0.90954
226 Y	0.06637	0.02331	0.91032
227 L	0.06640	0.02253	0.91106
228 G	0.06651	0.02097	0.91251
229 A	0.06668	0.01930	0.91402
230 T	0.06671	0.01884	0.91446
231 T	0.06671	0.01882	0.91446
232 Q	0.06672	0.01881	0.91447
233 I	0.06672	0.01882	0.91446
234 T	0.06672	0.01881	0.91447
235 I	0.06672	0.01879	0.91449
236 A	0.06672	0.01877	0.91451
237 E	0.06675	0.01871	0.91454
238 L	0.06675	0.01872	0.91453
239 I	0.06717	0.01833	0.91451
240 E	0.07544	0.00989	0.91466
241 N	0.07844	0.00689	0.91467
242 K	0.07907	0.00632	0.9146
243 A	0.07855	0.01300	0.90846
244 L	0.07653	0.02380	0.89968
245 L	0.07628	0.03958	0.88415
246 S	0.08024	0.03762	0.88215
247 G	0.08068	0.05083	0.86849
248 E	0.08007	0.10745	0.81248
249 I	0.07862	0.12712	0.79426
250 K	0.07833	0.13184	0.78983
251 Q	0.06743	0.26539	0.66718
252 A	0.02779	0.43727	0.53495
253 C	0.01746	0.51484	0.46771
254 A	0.01479	0.70447	0.28074
255 I	0.01395	0.72588	0.26017
256 A	0.01371	0.73038	0.25592
257 I	0.01367	0.73188	0.25446
258 H	0.01366	0.73207	0.25427
259 L	0.01365	0.73242	0.25393
260 S	0.01366	0.73245	0.2539
261 L	0.01368	0.73244	0.25388
262 T	0.01401	0.73210	0.25389
263 M	0.01471	0.73137	0.25392
264 F	0.01484	0.73121	0.25395
265 L	0.01535	0.73066	0.25399
266 I	0.02155	0.72398	0.25447
267 F	0.03560	0.70743	0.25697
268 Q	0.08862	0.65266	0.25871
269 M	0.11239	0.62680	0.26081
270 F	0.16023	0.56512	0.27465
271 K	0.41751	0.26277	0.31972
272 K	0.46112	0.21446	0.32441
273 L	0.46302	0.21244	0.32454
274 S	0.47920	0.19610	0.3247
275 L	0.50260	0.17248	0.32492
276 G	0.54282	0.13210	0.32507
277 E	0.67110	0.00348	0.32541
278 N	0.67420	0.00034	0.32547
279 K	0.67452	0.00001	0.32548
280 D	0.67453	0.00000	0.32548
281 V	0.67453	0.00000	0.32548
282 N	0.67453	0.00000	0.32548
