# tr|Q6YPP5|Q6YPP5_ONYPE
# AA	inside	membr	outside
1 M	0.00501	0.00000	0.99499
2 G	0.00500	0.00000	0.99499
3 Y	0.00500	0.00001	0.99499
4 L	0.00500	0.00001	0.99499
5 Y	0.00499	0.00002	0.99499
6 V	0.00499	0.00002	0.99499
7 R	0.00499	0.00002	0.99499
8 L	0.00499	0.00002	0.99499
9 N	0.00499	0.00002	0.99499
10 I	0.00499	0.00002	0.99499
11 S	0.00499	0.00002	0.99499
12 H	0.00499	0.00002	0.99499
13 T	0.00499	0.00002	0.99499
14 L	0.00499	0.00002	0.99499
15 D	0.00499	0.00002	0.99499
16 L	0.00499	0.00002	0.99499
17 T	0.00499	0.00002	0.995
18 D	0.00499	0.00002	0.995
19 K	0.00499	0.00003	0.99499
20 L	0.00494	0.00438	0.99068
21 L	0.00485	0.00452	0.99063
22 I	0.00485	0.00712	0.98804
23 H	0.00485	0.00719	0.98797
24 K	0.00484	0.00746	0.9877
25 H	0.00451	0.02490	0.97058
26 L	0.00329	0.19087	0.80584
27 C	0.00248	0.32795	0.66957
28 L	0.00065	0.87438	0.12496
29 T	0.00055	0.91884	0.08062
30 M	0.00041	0.95981	0.03977
31 L	0.00007	0.99104	0.00889
32 L	0.00001	0.99692	0.00306
33 S	0.00000	0.99931	0.00069
34 F	0.00000	0.99989	0.00011
35 I	0.00000	0.99998	2e-05
36 F	0.00000	1.00000	0
37 I	0.00000	1.00000	0
38 L	0.00000	1.00000	0
39 M	0.00001	0.99999	0
40 S	0.00002	0.99998	1e-05
41 N	0.00003	0.99996	1e-05
42 F	0.00004	0.99995	1e-05
43 A	0.00050	0.99948	2e-05
44 I	0.00055	0.99940	6e-05
45 T	0.00457	0.99535	7e-05
46 I	0.00612	0.99378	9e-05
47 L	0.00804	0.99181	0.00014
48 L	0.02692	0.97256	0.00053
49 Y	0.20343	0.79484	0.00174
50 Y	0.39535	0.60195	0.00269
51 K	0.97820	0.01686	0.00494
52 K	0.99018	0.00485	0.00497
53 F	0.99167	0.00335	0.00498
54 K	0.99497	0.00005	0.00499
55 K	0.99501	0.00000	0.00499
56 Q	0.99502	0.00000	0.00499
57 N	0.99501	0.00000	0.00499
58 N	0.99501	0.00000	0.00499
59 Q	0.99500	0.00002	0.00499
60 Q	0.99469	0.00034	0.00498
61 L	0.98022	0.01481	0.00497
62 I	0.97122	0.02382	0.00497
63 N	0.96532	0.02972	0.00496
64 K	0.96436	0.03071	0.00493
65 F	0.94443	0.05209	0.00349
66 A	0.91371	0.08288	0.00341
67 F	0.82625	0.17066	0.00309
68 V	0.75743	0.24031	0.00226
69 V	0.47539	0.52299	0.00162
70 F	0.07009	0.92861	0.00129
71 N	0.01705	0.98169	0.00125
72 F	0.00134	0.99833	0.00032
73 F	0.00035	0.99955	0.0001
74 V	0.00017	0.99976	6e-05
75 I	0.00008	0.99991	1e-05
76 T	0.00007	0.99993	0
77 M	0.00005	0.99995	0
78 F	0.00001	0.99999	0
79 Y	0.00001	0.99998	1e-05
80 V	0.00000	0.99997	3e-05
81 V	0.00000	0.99986	0.00014
82 L	0.00000	0.99962	0.00037
83 F	0.00000	0.99918	0.00082
84 Y	0.00001	0.99378	0.00621
85 G	0.00002	0.99039	0.0096
86 V	0.00003	0.98841	0.01157
87 A	0.00008	0.98440	0.01552
88 F	0.00078	0.96447	0.03475
89 L	0.00086	0.92910	0.07004
90 W	0.00123	0.87538	0.12339
91 L	0.00214	0.81023	0.18764
92 A	0.00286	0.51715	0.47998
93 S	0.00319	0.08556	0.91124
94 V	0.00331	0.03461	0.96207
95 S	0.00467	0.00643	0.9889
96 Q	0.00489	0.00422	0.99089
97 L	0.00490	0.00381	0.99129
98 S	0.00496	0.00241	0.99263
99 Q	0.00498	0.00198	0.99304
100 L	0.00497	0.00205	0.99298
101 S	0.00497	0.00216	0.99287
102 S	0.00497	0.00452	0.99052
103 L	0.00481	0.01450	0.98069
104 F	0.00478	0.02525	0.96997
105 D	0.00483	0.03095	0.96422
106 P	0.00442	0.19531	0.80028
107 Y	0.00337	0.47206	0.52457
108 F	0.00277	0.52530	0.47193
109 M	0.00272	0.55461	0.44266
110 L	0.00132	0.60477	0.39392
111 V	0.00095	0.71475	0.2843
112 L	0.00062	0.87617	0.12321
113 L	0.00050	0.91427	0.08523
114 F	0.00051	0.95763	0.04186
115 V	0.00019	0.98522	0.01459
116 S	0.00054	0.98715	0.01231
117 L	0.00048	0.99464	0.00488
118 F	0.00028	0.99911	0.00061
119 I	0.00053	0.99940	7e-05
120 S	0.00059	0.99938	3e-05
121 W	0.00015	0.99985	0
122 A	0.00018	0.99982	0
123 S	0.00006	0.99993	1e-05
124 V	0.00007	0.99992	1e-05
125 Y	0.00072	0.99927	1e-05
126 I	0.00241	0.99755	3e-05
127 A	0.00772	0.99223	5e-05
128 G	0.01091	0.98900	9e-05
129 A	0.02263	0.97726	0.00011
130 L	0.05044	0.94925	0.00031
131 V	0.05715	0.94243	0.00041
132 V	0.06611	0.93343	0.00045
133 F	0.10790	0.89024	0.00187
134 G	0.21143	0.78641	0.00216
135 Y	0.39085	0.60676	0.00239
136 I	0.47653	0.52095	0.00252
137 I	0.63174	0.36544	0.00282
138 E	0.94892	0.04416	0.00692
139 K	0.99199	0.00084	0.00717
140 Q	0.99264	0.00016	0.00719
141 V	0.99264	0.00016	0.0072
142 D	0.99265	0.00012	0.00722
143 K	0.99163	0.00114	0.00723
144 K	0.96431	0.02847	0.00722
145 Y	0.83231	0.16061	0.00708
146 E	0.77438	0.21870	0.00691
147 A	0.52833	0.47028	0.0014
148 S	0.46420	0.53493	0.00087
149 M	0.23944	0.76012	0.00044
150 A	0.02938	0.97045	0.00017
151 F	0.00895	0.99097	7e-05
152 A	0.00677	0.99322	0
153 L	0.00632	0.99368	0
154 F	0.00624	0.99376	0
155 L	0.00623	0.99377	0
156 L	0.00623	0.99377	0
157 V	0.00623	0.99377	0
158 F	0.00623	0.99377	0
159 W	0.00623	0.99375	2e-05
160 P	0.00623	0.99342	0.00035
161 L	0.00623	0.99302	0.00075
162 I	0.00624	0.98738	0.00638
163 K	0.00630	0.87873	0.11497
164 A	0.00631	0.87289	0.12081
165 L	0.00633	0.85975	0.13392
166 W	0.00644	0.83842	0.15515
167 N	0.00717	0.65649	0.33635
168 F	0.00756	0.56218	0.43025
169 C	0.00836	0.26841	0.72323
170 K	0.01334	0.00744	0.97921
171 K	0.01345	0.00020	0.98635
172 E	0.01346	0.00003	0.98651
173 D	0.01346	0.00000	0.98654
