# tr|Q6YPK5|Q6YPK5_ONYPE
# AA	inside	membr	outside
1 M	0.94339	0.00000	0.05661
2 K	0.94339	0.00000	0.05661
3 H	0.94339	0.00000	0.05661
4 L	0.94339	0.00000	0.05661
5 N	0.94339	0.00000	0.05661
6 A	0.94339	0.00000	0.05661
7 E	0.94339	0.00000	0.05661
8 S	0.94339	0.00000	0.05661
9 I	0.94339	0.00000	0.05661
10 T	0.94339	0.00000	0.05661
11 V	0.94339	0.00000	0.05661
12 K	0.94337	0.00002	0.05661
13 E	0.94326	0.00014	0.05661
14 T	0.94324	0.00015	0.05661
15 Q	0.94324	0.00236	0.0544
16 Y	0.91750	0.02810	0.0544
17 T	0.88369	0.06229	0.05402
18 Y	0.88284	0.06329	0.05387
19 K	0.87039	0.07589	0.05373
20 A	0.30521	0.69423	0.00056
21 I	0.00723	0.99234	0.00043
22 G	0.00048	0.99944	9e-05
23 F	0.00010	0.99985	5e-05
24 A	0.00004	0.99991	4e-05
25 S	0.00002	0.99993	4e-05
26 F	0.00002	0.99993	4e-05
27 F	0.00002	0.99993	4e-05
28 V	0.00002	0.99993	4e-05
29 S	0.00002	0.99993	4e-05
30 A	0.00002	0.99993	4e-05
31 L	0.00002	0.99993	4e-05
32 I	0.00002	0.99992	5e-05
33 I	0.00003	0.99990	6e-05
34 G	0.00005	0.99961	0.00034
35 S	0.00013	0.99854	0.00132
36 F	0.00015	0.99800	0.00184
37 L	0.00017	0.93949	0.06033
38 S	0.00262	0.78805	0.20933
39 M	0.02311	0.57880	0.39809
40 D	0.05650	0.03402	0.90948
41 K	0.05657	0.00380	0.93963
42 K	0.05657	0.00030	0.94312
43 L	0.05658	0.00014	0.94328
44 L	0.05658	0.00005	0.94337
45 K	0.05659	0.00000	0.94341
46 S	0.05657	0.00002	0.94341
47 S	0.05656	0.00005	0.94338
48 F	0.05655	0.00015	0.9433
49 K	0.05652	0.00030	0.94317
50 K	0.05494	0.00427	0.94079
51 F	0.00612	0.36604	0.62783
52 I	0.00154	0.56090	0.43756
53 P	0.00146	0.58462	0.41392
54 L	0.00062	0.97161	0.02777
55 I	0.00047	0.98908	0.01045
56 L	0.00023	0.99122	0.00855
57 V	0.00005	0.99531	0.00465
58 S	0.00003	0.99598	0.00399
59 L	0.00002	0.99962	0.00036
60 L	0.00002	0.99988	0.0001
61 T	0.00002	0.99993	5e-05
62 G	0.00002	0.99995	3e-05
63 A	0.00002	0.99997	1e-05
64 L	0.00002	0.99997	1e-05
65 V	0.00002	0.99997	1e-05
66 V	0.00002	0.99997	1e-05
67 G	0.00003	0.99996	2e-05
68 T	0.00007	0.99990	4e-05
69 L	0.00019	0.99964	0.00017
70 G	0.00099	0.99846	0.00055
71 A	0.00256	0.99628	0.00117
72 L	0.00480	0.99337	0.00184
73 L	0.01416	0.98180	0.00405
74 N	0.44317	0.50507	0.05176
75 P	0.59654	0.34836	0.0551
76 I	0.61696	0.32784	0.0552
77 G	0.90382	0.04034	0.05584
78 G	0.92496	0.01904	0.056
79 L	0.93319	0.01054	0.05627
80 E	0.93990	0.00355	0.05655
81 N	0.94041	0.00302	0.05657
82 A	0.94246	0.00097	0.05657
83 S	0.94257	0.00086	0.05657
84 Q	0.94265	0.00078	0.05657
85 T	0.93791	0.00554	0.05656
86 S	0.90752	0.03595	0.05653
87 K	0.89916	0.04433	0.05652
88 G	0.75459	0.20424	0.04117
89 G	0.60214	0.35837	0.03949
90 F	0.57640	0.38440	0.0392
91 L	0.55332	0.40780	0.03888
92 D	0.55086	0.41043	0.03872
93 A	0.42347	0.54921	0.02733
94 V	0.02736	0.94627	0.02638
95 F	0.00632	0.96760	0.02608
96 Y	0.00114	0.97301	0.02584
97 I	0.00069	0.97360	0.02571
98 F	0.00068	0.97362	0.0257
99 A	0.00067	0.97362	0.02571
100 P	0.00067	0.97358	0.02575
101 L	0.00067	0.97352	0.02581
102 A	0.00067	0.97344	0.02589
103 S	0.00067	0.97236	0.02697
104 G	0.00067	0.97045	0.02887
105 G	0.00068	0.96712	0.0322
106 M	0.00101	0.95633	0.04265
107 S	0.00141	0.93693	0.06166
108 S	0.00654	0.90249	0.09097
109 G	0.00737	0.82877	0.16385
110 V	0.00776	0.81873	0.17351
111 T	0.01769	0.69773	0.28458
112 P	0.02064	0.58212	0.39724
113 L	0.02231	0.50834	0.46936
114 K	0.02344	0.02630	0.95027
115 N	0.02371	0.02496	0.95134
116 A	0.03026	0.01519	0.95455
117 Y	0.03106	0.00629	0.96264
118 A	0.03126	0.00318	0.96555
119 G	0.03143	0.00043	0.96815
120 Q	0.03155	0.00003	0.96842
121 N	0.03155	0.00002	0.96843
122 L	0.03155	0.00002	0.96843
123 D	0.03154	0.00004	0.96842
124 W	0.03149	0.00033	0.96818
125 Q	0.03148	0.00078	0.96774
126 E	0.03138	0.00285	0.96577
127 P	0.02741	0.07980	0.89278
128 F	0.01200	0.71718	0.27082
129 M	0.01154	0.72874	0.25972
130 S	0.01013	0.77122	0.21865
131 H	0.00529	0.88493	0.10978
132 M	0.00386	0.95484	0.0413
133 T	0.00174	0.98935	0.00892
134 P	0.00117	0.99207	0.00676
135 A	0.00061	0.99732	0.00207
136 L	0.00045	0.99876	0.00079
137 L	0.00043	0.99938	0.00019
138 V	0.00042	0.99942	0.00016
139 G	0.00042	0.99942	0.00016
140 G	0.00042	0.99942	0.00016
141 I	0.00042	0.99942	0.00016
142 F	0.00042	0.99942	0.00016
143 S	0.00043	0.99942	0.00016
144 I	0.00043	0.99941	0.00016
145 F	0.00048	0.99933	0.00019
146 A	0.00195	0.99772	0.00033
147 S	0.00525	0.99389	0.00085
148 G	0.01025	0.98861	0.00114
149 L	0.01976	0.97869	0.00155
150 I	0.16130	0.83245	0.00625
151 K	0.91392	0.05643	0.02965
152 K	0.92468	0.04512	0.0302
153 F	0.92607	0.04367	0.03026
154 L	0.93204	0.03744	0.03052
155 K	0.96701	0.00186	0.03113
156 T	0.96858	0.00025	0.03117
157 T	0.96868	0.00010	0.03121
158 K	0.96871	0.00001	0.03128
159 Y	0.96871	0.00000	0.03128
160 S	0.96872	0.00000	0.03128
161 G	0.96872	0.00000	0.03128
162 Y	0.96872	0.00000	0.03128
163 G	0.96872	0.00000	0.03128
164 K	0.96872	0.00000	0.03128
165 L	0.96872	0.00000	0.03128
166 E	0.96872	0.00000	0.03128
167 V	0.96872	0.00000	0.03128
168 K	0.96872	0.00000	0.03128
169 E	0.96872	0.00000	0.03128
170 T	0.96872	0.00000	0.03128
171 P	0.96872	0.00000	0.03128
172 K	0.96872	0.00000	0.03128
173 N	0.96872	0.00000	0.03128
174 P	0.96872	0.00000	0.03128
175 D	0.96872	0.00000	0.03128
176 K	0.96872	0.00000	0.03128
177 N	0.96872	0.00000	0.03128
178 T	0.96872	0.00000	0.03128
179 S	0.96872	0.00000	0.03128
180 K	0.96871	0.00000	0.03128
181 S	0.96867	0.00005	0.03128
182 V	0.96847	0.00025	0.03128
183 P	0.96844	0.00028	0.03128
184 E	0.96802	0.00071	0.03127
185 K	0.93586	0.03292	0.03122
186 L	0.44876	0.52680	0.02444
187 S	0.43555	0.54163	0.02282
188 Y	0.42131	0.55709	0.02159
189 P	0.41872	0.56044	0.02084
190 Q	0.41283	0.56754	0.01962
191 I	0.39538	0.58983	0.01479
192 T	0.39206	0.59415	0.01379
193 T	0.37748	0.61326	0.00925
194 G	0.19128	0.80331	0.00542
195 L	0.01529	0.98275	0.00196
196 I	0.01041	0.98886	0.00074
197 A	0.00742	0.99238	0.0002
198 I	0.00384	0.99609	8e-05
199 F	0.00319	0.99674	7e-05
200 T	0.00303	0.99691	7e-05
201 L	0.00293	0.99700	7e-05
202 Y	0.00292	0.99701	8e-05
203 L	0.00292	0.99662	0.00047
204 L	0.00294	0.99476	0.0023
205 S	0.00301	0.99203	0.00497
206 V	0.00356	0.98776	0.00868
207 L	0.00445	0.97809	0.01746
208 I	0.00549	0.87035	0.12416
209 K	0.01296	0.42591	0.56113
210 E	0.01495	0.41952	0.56553
211 S	0.01520	0.41871	0.56609
212 L	0.01521	0.41824	0.56655
213 I	0.01538	0.41291	0.57171
214 L	0.01908	0.40032	0.5806
215 L	0.01992	0.39208	0.58801
216 L	0.02567	0.36821	0.60613
217 P	0.02982	0.16304	0.80714
218 N	0.03242	0.00696	0.96063
219 I	0.03295	0.00361	0.96344
220 K	0.03345	0.00183	0.96472
221 K	0.03096	0.01112	0.95792
222 Y	0.02115	0.26838	0.71047
223 L	0.01800	0.62306	0.35894
224 P	0.01746	0.62831	0.35422
225 E	0.01363	0.65663	0.32974
226 Y	0.00668	0.88778	0.10554
227 I	0.00372	0.96823	0.02804
228 V	0.00056	0.99752	0.00192
229 F	0.00006	0.99899	0.00095
230 L	0.00002	0.99931	0.00067
231 V	0.00002	0.99943	0.00055
232 F	0.00002	0.99946	0.00052
233 V	0.00002	0.99946	0.00052
234 V	0.00003	0.99945	0.00052
235 V	0.00016	0.99931	0.00053
236 L	0.00039	0.99904	0.00057
237 M	0.00100	0.99839	0.00061
238 K	0.00224	0.99649	0.00127
239 L	0.00231	0.99640	0.00129
240 F	0.00294	0.99558	0.00148
241 N	0.02123	0.97689	0.00187
242 V	0.03148	0.96648	0.00203
243 V	0.14702	0.84608	0.0069
244 S	0.26833	0.71821	0.01346
245 D	0.83588	0.13899	0.02512
246 Y	0.90171	0.07284	0.02545
247 Y	0.90581	0.06835	0.02583
248 N	0.91593	0.05076	0.03331
249 S	0.93769	0.02823	0.03409
250 C	0.93815	0.02773	0.03412
251 I	0.94970	0.01635	0.03395
252 N	0.94837	0.01785	0.03378
253 Q	0.94399	0.02346	0.03256
254 A	0.89940	0.07148	0.02912
255 S	0.85871	0.11254	0.02876
256 K	0.84063	0.13095	0.02842
257 F	0.31910	0.67223	0.00867
258 V	0.30488	0.69247	0.00265
259 T	0.30410	0.69522	0.00069
260 T	0.30247	0.69689	0.00064
261 N	0.30137	0.69801	0.00061
262 F	0.29988	0.69958	0.00054
263 T	0.29947	0.70001	0.00053
264 S	0.29937	0.70010	0.00053
265 A	0.29933	0.70014	0.00053
266 F	0.29933	0.70015	0.00053
267 L	0.29933	0.70014	0.00053
268 V	0.29933	0.70011	0.00056
269 I	0.29933	0.69963	0.00104
270 L	0.29933	0.69853	0.00214
271 G	0.29965	0.69404	0.00631
272 S	0.30069	0.68768	0.01163
273 S	0.30118	0.66911	0.02971
274 I	0.30143	0.64882	0.04975
275 P	0.31315	0.36418	0.32267
276 M	0.31863	0.26376	0.41762
277 E	0.33262	0.07449	0.59289
278 D	0.33306	0.03781	0.62913
279 M	0.33306	0.03622	0.63072
280 L	0.33285	0.00573	0.66143
281 K	0.33310	0.00340	0.66351
282 Q	0.32782	0.02404	0.64814
283 L	0.19306	0.22864	0.5783
284 N	0.13197	0.47782	0.39021
285 I	0.09829	0.62568	0.27603
286 K	0.08797	0.73268	0.17935
287 F	0.01300	0.93988	0.04712
288 V	0.00207	0.96228	0.03566
289 F	0.00012	0.99840	0.00148
290 T	0.00010	0.99863	0.00127
291 C	0.00007	0.99897	0.00096
292 I	0.00005	0.99907	0.00088
293 M	0.00004	0.99908	0.00088
294 C	0.00004	0.99909	0.00087
295 V	0.00004	0.99910	0.00087
296 L	0.00004	0.99910	0.00086
297 S	0.00004	0.99910	0.00086
298 V	0.00004	0.99910	0.00086
299 A	0.00005	0.99909	0.00086
300 L	0.00007	0.99904	0.00088
301 V	0.00027	0.99854	0.00119
302 A	0.00316	0.99353	0.00331
303 G	0.00899	0.97486	0.01615
304 Y	0.02348	0.95026	0.02625
305 L	0.10100	0.84288	0.05612
306 G	0.29935	0.50160	0.19904
307 K	0.61689	0.05593	0.32719
308 K	0.65087	0.01549	0.33364
309 L	0.64706	0.01956	0.33338
310 G	0.65106	0.01546	0.33348
311 Y	0.63471	0.03210	0.3332
312 Y	0.62871	0.03823	0.33307
313 P	0.53648	0.13053	0.33299
314 V	0.50078	0.16840	0.33083
315 E	0.49639	0.17874	0.32488
316 S	0.42981	0.28979	0.28041
317 S	0.33008	0.40281	0.26711
318 I	0.12654	0.62000	0.25345
319 T	0.07420	0.67333	0.25247
320 A	0.07015	0.68010	0.24975
321 G	0.06714	0.68425	0.2486
322 L	0.06218	0.68934	0.24848
323 C	0.06132	0.69022	0.24845
324 T	0.06081	0.69080	0.24839
325 N	0.05850	0.69354	0.24796
326 S	0.05165	0.70176	0.24658
327 I	0.04686	0.70677	0.24637
328 G	0.04625	0.70737	0.24638
329 G	0.04610	0.70622	0.24768
330 A	0.04616	0.70547	0.24837
331 G	0.04621	0.70109	0.25269
332 N	0.04646	0.69623	0.2573
333 V	0.04650	0.69432	0.25919
334 A	0.04687	0.67991	0.27322
335 I	0.04742	0.66878	0.2838
336 L	0.04982	0.51549	0.43468
337 S	0.05874	0.40419	0.53707
338 A	0.07476	0.32442	0.60081
339 S	0.11932	0.13941	0.74127
340 D	0.12942	0.06711	0.80347
341 L	0.12907	0.04207	0.82886
342 M	0.12910	0.03614	0.83476
343 G	0.12511	0.04431	0.83058
344 L	0.12211	0.05267	0.82522
345 M	0.11812	0.08892	0.79296
346 P	0.11618	0.10895	0.77486
347 F	0.10956	0.20232	0.68812
348 A	0.10622	0.41548	0.4783
349 Q	0.10124	0.51286	0.3859
350 I	0.04262	0.80066	0.15672
351 A	0.01527	0.93752	0.04721
352 T	0.01003	0.95697	0.033
353 R	0.00668	0.98217	0.01115
354 I	0.00419	0.98955	0.00625
355 G	0.00349	0.99056	0.00595
356 G	0.00330	0.99091	0.0058
357 A	0.00330	0.99090	0.0058
358 L	0.00330	0.99089	0.00581
359 V	0.00330	0.99089	0.00581
360 V	0.00331	0.99088	0.00581
361 V	0.00336	0.99081	0.00583
362 V	0.00357	0.99056	0.00588
363 A	0.00474	0.98919	0.00607
364 S	0.00966	0.98304	0.0073
365 I	0.01281	0.97958	0.00761
366 A	0.02272	0.96548	0.01181
367 Y	0.04063	0.94242	0.01695
368 P	0.11238	0.85223	0.03538
369 L	0.15050	0.80483	0.04467
370 L	0.33692	0.58081	0.08227
371 Y	0.86348	0.00000	0.13652
