# tr|Q6YRF7|Q6YRF7_ONYPE
# AA	inside	membr	outside
1 M	0.39525	0.00000	0.60474
2 L	0.37683	0.01843	0.60474
3 F	0.37496	0.02029	0.60474
4 L	0.37496	0.17553	0.44951
5 Y	0.37441	0.25024	0.37535
6 F	0.37441	0.25139	0.37421
7 D	0.37437	0.25150	0.37413
8 T	0.37437	0.25152	0.37411
9 I	0.37430	0.25170	0.37399
10 T	0.37430	0.25206	0.37363
11 K	0.37430	0.25207	0.37362
12 I	0.37338	0.25312	0.37349
13 I	0.37324	0.25330	0.37346
14 T	0.37324	0.25330	0.37346
15 K	0.37324	0.25335	0.37341
16 L	0.37321	0.25337	0.37341
17 I	0.37320	0.25339	0.37341
18 F	0.37320	0.25337	0.37342
19 N	0.37331	0.25311	0.37358
20 F	0.37344	0.25242	0.37413
21 L	0.37378	0.25121	0.37501
22 L	0.39475	0.22131	0.38394
23 K	0.55168	0.05599	0.39232
24 R	0.57340	0.03396	0.39264
25 S	0.57419	0.03169	0.39412
26 F	0.57455	0.03128	0.39417
27 E	0.60196	0.00380	0.39424
28 M	0.60418	0.00151	0.39431
29 I	0.60429	0.00132	0.39439
30 E	0.60432	0.00075	0.39493
31 N	0.60432	0.00072	0.39497
32 Y	0.60432	0.00072	0.39496
33 N	0.60433	0.00056	0.3951
34 F	0.60434	0.00055	0.39511
35 T	0.60449	0.00018	0.39533
36 S	0.60451	0.00014	0.39534
37 K	0.60452	0.00015	0.39534
38 S	0.60448	0.00044	0.39508
39 L	0.60441	0.00088	0.39472
40 Q	0.60439	0.00115	0.39445
41 F	0.60317	0.01999	0.37684
42 A	0.60100	0.02475	0.37425
43 K	0.60010	0.02591	0.37399
44 G	0.59013	0.05276	0.35711
45 F	0.58557	0.06533	0.3491
46 K	0.58451	0.07075	0.34475
47 A	0.48983	0.39494	0.11522
48 F	0.46642	0.47336	0.06023
49 I	0.44575	0.52817	0.02608
50 A	0.44147	0.53506	0.02347
51 R	0.43967	0.53800	0.02234
52 G	0.40518	0.57327	0.02154
53 N	0.33785	0.64154	0.02062
54 V	0.20519	0.77747	0.01735
55 I	0.18171	0.80177	0.01652
56 N	0.16806	0.81563	0.01632
57 L	0.10067	0.88368	0.01565
58 A	0.06892	0.91587	0.01521
59 V	0.05830	0.92661	0.01509
60 A	0.05530	0.92966	0.01504
61 V	0.04832	0.93679	0.01489
62 V	0.04804	0.93700	0.01496
63 I	0.04808	0.93701	0.0149
64 G	0.09882	0.88382	0.01737
65 Q	0.21886	0.74730	0.03384
66 L	0.22456	0.73540	0.04004
67 F	0.26743	0.64365	0.08892
68 A	0.31456	0.56939	0.11605
69 K	0.38293	0.46978	0.1473
70 I	0.23642	0.64661	0.11697
71 V	0.06897	0.84077	0.09027
72 S	0.06233	0.84279	0.09487
73 S	0.04131	0.87698	0.0817
74 L	0.00891	0.93780	0.05329
75 V	0.00428	0.92691	0.06881
76 A	0.00429	0.87635	0.11936
77 D	0.00564	0.75718	0.23717
78 I	0.00488	0.75451	0.24061
79 I	0.00475	0.74513	0.25012
80 M	0.00484	0.67615	0.31901
81 P	0.00486	0.63715	0.35799
82 L	0.00486	0.62638	0.36876
83 F	0.00486	0.62232	0.37282
84 S	0.00495	0.60967	0.38538
85 L	0.00503	0.60520	0.38977
86 L	0.00549	0.59751	0.39699
87 F	0.00680	0.58744	0.40577
88 N	0.01629	0.54850	0.43521
89 Y	0.01983	0.53226	0.44792
90 T	0.03288	0.50503	0.46209
91 G	0.03976	0.48172	0.47853
92 A	0.05155	0.43714	0.51131
93 L	0.08790	0.23907	0.67303
94 K	0.15411	0.00860	0.83729
95 D	0.15637	0.00505	0.83858
96 L	0.15680	0.00421	0.839
97 K	0.15800	0.00081	0.84119
98 L	0.15810	0.00068	0.84122
99 E	0.15837	0.00039	0.84124
100 I	0.15837	0.00040	0.84123
101 K	0.15863	0.00006	0.84131
102 A	0.15841	0.00066	0.84093
103 N	0.15816	0.00176	0.84008
104 T	0.15381	0.01027	0.83592
105 Y	0.13676	0.02932	0.83392
106 L	0.09535	0.07281	0.83185
107 G	0.09076	0.08443	0.82482
108 Y	0.08256	0.10545	0.81198
109 G	0.07559	0.11733	0.80709
110 N	0.06165	0.18584	0.75251
111 F	0.04852	0.41142	0.54006
112 L	0.02712	0.65631	0.31657
113 Q	0.02453	0.76732	0.20815
114 T	0.01088	0.84877	0.14035
115 I	0.00214	0.96989	0.02797
116 L	0.00110	0.98780	0.0111
117 E	0.00080	0.99016	0.00904
118 F	0.00025	0.99696	0.0028
119 L	0.00016	0.99918	0.00066
120 L	0.00015	0.99955	0.00031
121 L	0.00015	0.99967	0.00019
122 S	0.00016	0.99964	0.0002
123 F	0.00017	0.99961	0.00022
124 I	0.00021	0.99952	0.00026
125 I	0.00044	0.99898	0.00058
126 Y	0.00159	0.99658	0.00183
127 T	0.00602	0.98773	0.00625
128 I	0.00707	0.97563	0.0173
129 L	0.00874	0.93687	0.05438
130 T	0.01730	0.92115	0.06154
131 L	0.03176	0.89679	0.07145
132 I	0.04158	0.87914	0.07927
133 S	0.17564	0.72319	0.10117
134 W	0.40389	0.47769	0.11843
135 K	0.70487	0.13985	0.15527
136 N	0.76481	0.07871	0.15648
137 P	0.78959	0.05278	0.15764
138 L	0.82347	0.01834	0.15819
139 Q	0.84101	0.00034	0.15865
140 K	0.84128	0.00003	0.15869
141 D	0.84130	0.00000	0.1587
142 K	0.84130	0.00000	0.1587
143 V	0.84130	0.00000	0.1587
144 D	0.84130	0.00000	0.1587
145 K	0.84130	0.00000	0.1587
146 N	0.84130	0.00000	0.1587
147 M	0.84130	0.00000	0.1587
148 L	0.84130	0.00000	0.1587
149 L	0.84130	0.00000	0.1587
150 L	0.84130	0.00000	0.1587
151 Q	0.84130	0.00000	0.1587
152 Q	0.84130	0.00000	0.1587
153 S	0.84130	0.00000	0.1587
154 L	0.84130	0.00000	0.1587
155 D	0.84130	0.00000	0.1587
156 K	0.84130	0.00000	0.1587
157 E	0.84130	0.00000	0.1587
158 I	0.84130	0.00000	0.1587
159 A	0.84130	0.00000	0.1587
160 L	0.84130	0.00000	0.1587
161 L	0.84130	0.00000	0.1587
162 E	0.84130	0.00000	0.1587
163 E	0.84130	0.00000	0.1587
164 I	0.84130	0.00000	0.1587
165 K	0.84130	0.00000	0.1587
166 D	0.84130	0.00000	0.1587
167 I	0.84130	0.00000	0.1587
168 L	0.84130	0.00000	0.1587
169 K	0.84130	0.00000	0.1587
170 S	0.84130	0.00000	0.1587
171 N	0.84130	0.00000	0.1587
172 K	0.84130	0.00000	0.1587
