# tr|Q6YQV7|Q6YQV7_ONYPE
# AA	inside	membr	outside
1 M	0.51757	0.00000	0.48243
2 L	0.20483	0.31273	0.48243
3 L	0.16616	0.35141	0.48243
4 C	0.16616	0.36452	0.46932
5 V	0.12875	0.44945	0.4218
6 T	0.12875	0.44982	0.42143
7 A	0.12616	0.45250	0.42134
8 I	0.12616	0.45251	0.42134
9 T	0.12614	0.45252	0.42134
10 S	0.12614	0.45272	0.42113
11 M	0.12613	0.45278	0.42109
12 F	0.12583	0.45309	0.42108
13 F	0.12543	0.45353	0.42104
14 Y	0.12543	0.45353	0.42104
15 P	0.12543	0.45380	0.42078
16 I	0.12541	0.45382	0.42078
17 L	0.12539	0.44569	0.42892
18 K	0.12539	0.34010	0.53452
19 P	0.12534	0.33940	0.53526
20 A	0.11731	0.35153	0.53117
21 I	0.09677	0.36577	0.53747
22 L	0.09731	0.28287	0.61981
23 K	0.15167	0.05753	0.7908
24 N	0.14394	0.08207	0.77399
25 L	0.13141	0.18454	0.68406
26 N	0.12432	0.25282	0.62287
27 I	0.03942	0.87736	0.08322
28 H	0.03249	0.91197	0.05554
29 A	0.00852	0.96591	0.02558
30 I	0.00220	0.99080	0.007
31 Y	0.00126	0.99620	0.00254
32 F	0.00083	0.99889	0.00028
33 S	0.00092	0.99879	0.00029
34 M	0.00090	0.99884	0.00025
35 I	0.00088	0.99881	0.00031
36 A	0.00089	0.99853	0.00057
37 L	0.00090	0.99851	0.00059
38 G	0.00106	0.99820	0.00073
39 F	0.00113	0.99773	0.00113
40 L	0.00251	0.99495	0.00254
41 N	0.00359	0.98790	0.00851
42 Y	0.00406	0.98720	0.00874
43 G	0.00980	0.97709	0.01311
44 I	0.01115	0.96311	0.02575
45 Y	0.02770	0.93575	0.03656
46 S	0.12025	0.81650	0.06325
47 A	0.24848	0.67795	0.07357
48 G	0.35892	0.55630	0.08479
49 L	0.42755	0.47174	0.10072
50 K	0.80822	0.00682	0.18496
51 Q	0.81045	0.00344	0.1861
52 V	0.81026	0.00338	0.18636
53 E	0.81168	0.00201	0.18632
54 I	0.80457	0.00938	0.18606
55 S	0.80278	0.01142	0.1858
56 K	0.79229	0.02209	0.18562
57 A	0.76634	0.05550	0.17817
58 C	0.50265	0.34661	0.15074
59 G	0.36441	0.57204	0.06355
60 L	0.16621	0.81736	0.01643
61 I	0.06942	0.92231	0.00827
62 Y	0.00235	0.99240	0.00525
63 S	0.00133	0.99521	0.00345
64 F	0.00086	0.99880	0.00033
65 I	0.00062	0.99915	0.00023
66 E	0.00055	0.99923	0.00022
67 G	0.00041	0.99943	0.00016
68 I	0.00023	0.99968	9e-05
69 I	0.00014	0.99980	5e-05
70 L	0.00007	0.99987	5e-05
71 S	0.00007	0.99987	6e-05
72 I	0.00007	0.99988	5e-05
73 I	0.00007	0.99986	7e-05
74 F	0.00009	0.99964	0.00027
75 V	0.00021	0.99729	0.0025
76 V	0.00066	0.98167	0.01766
77 L	0.00216	0.96570	0.03215
78 N	0.01519	0.89799	0.08681
79 L	0.02089	0.88823	0.09088
80 V	0.02986	0.85920	0.11094
81 Y	0.06826	0.58662	0.34513
82 A	0.13200	0.36478	0.50321
83 N	0.16112	0.14253	0.69635
84 L	0.11864	0.20639	0.67497
85 V	0.09453	0.50374	0.40173
86 E	0.09079	0.54170	0.3675
87 I	0.05420	0.82473	0.12107
88 A	0.01160	0.93290	0.05551
89 F	0.00107	0.97631	0.02261
90 M	0.00030	0.98998	0.00972
91 A	0.00020	0.99440	0.0054
92 I	0.00006	0.99964	0.0003
93 F	0.00002	0.99988	0.0001
94 A	0.00001	0.99995	4e-05
95 T	0.00001	0.99996	3e-05
96 F	0.00001	0.99996	3e-05
97 I	0.00001	0.99996	3e-05
98 V	0.00001	0.99995	4e-05
99 F	0.00002	0.99992	6e-05
100 V	0.00025	0.99949	0.00025
101 V	0.00188	0.99746	0.00066
102 M	0.02995	0.96580	0.00426
103 S	0.05113	0.93584	0.01304
104 H	0.08085	0.90378	0.01537
105 A	0.09826	0.87391	0.02784
106 Y	0.11046	0.84323	0.04632
107 Y	0.18465	0.70436	0.11099
108 K	0.64238	0.18074	0.17687
109 G	0.66262	0.15973	0.17765
110 F	0.74305	0.07591	0.18104
111 I	0.77738	0.03830	0.18431
112 K	0.81148	0.00175	0.18677
113 V	0.81206	0.00116	0.18678
114 T	0.81251	0.00072	0.18677
115 N	0.81251	0.00125	0.18624
116 R	0.80910	0.02490	0.166
117 F	0.80230	0.07421	0.12349
118 R	0.80106	0.07875	0.12019
119 Q	0.72950	0.18917	0.08133
120 I	0.38416	0.56071	0.05514
121 M	0.35324	0.61660	0.03016
122 L	0.21267	0.78042	0.0069
123 Y	0.19231	0.80126	0.00644
124 C	0.10657	0.88828	0.00515
125 S	0.09690	0.89908	0.00402
126 F	0.07368	0.92483	0.00149
127 A	0.04416	0.95560	0.00024
128 L	0.00398	0.99588	0.00014
129 V	0.00268	0.99727	5e-05
130 V	0.00257	0.99739	4e-05
131 S	0.00230	0.99767	3e-05
132 Y	0.00210	0.99788	2e-05
133 I	0.00208	0.99790	2e-05
134 V	0.00218	0.99770	0.00012
135 R	0.00294	0.99460	0.00246
136 L	0.00303	0.99420	0.00277
137 V	0.00679	0.98644	0.00677
138 L	0.01388	0.96763	0.01849
139 S	0.06787	0.75411	0.17802
140 L	0.10561	0.49276	0.40163
141 C	0.11099	0.47664	0.41237
142 S	0.12807	0.44754	0.42438
143 I	0.14069	0.41979	0.43951
144 W	0.15996	0.37465	0.46539
145 T	0.18266	0.23146	0.58588
146 I	0.18328	0.20935	0.60737
147 E	0.18758	0.06346	0.74895
148 N	0.18189	0.06212	0.75599
149 I	0.15784	0.22122	0.62093
150 I	0.09788	0.30780	0.59432
151 Y	0.03712	0.39729	0.56559
152 N	0.02900	0.42388	0.54711
153 S	0.01019	0.64705	0.34276
154 F	0.00312	0.88467	0.1122
155 L	0.00132	0.91513	0.08355
156 T	0.00075	0.98368	0.01557
157 L	0.00023	0.99384	0.00592
158 P	0.00013	0.99664	0.00323
159 I	0.00002	0.99924	0.00073
160 S	0.00000	0.99944	0.00056
161 L	0.00000	0.99988	0.00011
162 I	0.00000	0.99989	0.00011
163 M	0.00000	0.99988	0.00011
164 L	0.00000	0.99988	0.00011
165 G	0.00001	0.99987	0.00012
166 F	0.00004	0.99979	0.00017
167 V	0.00008	0.99951	0.0004
168 S	0.00026	0.99785	0.00188
169 M	0.00072	0.99644	0.00284
170 F	0.00102	0.99530	0.00367
171 L	0.00368	0.98659	0.00974
172 A	0.13785	0.82916	0.03299
173 L	0.17483	0.72990	0.09526
174 H	0.37977	0.46507	0.15515
175 F	0.44978	0.38683	0.16338
176 D	0.77951	0.03667	0.18382
177 Y	0.79787	0.01480	0.18732
178 T	0.80631	0.00499	0.1887
179 E	0.81066	0.00040	0.18894
180 Q	0.81092	0.00011	0.18898
181 M	0.81093	0.00010	0.18898
182 I	0.81098	0.00003	0.189
183 K	0.81099	0.00000	0.18901
184 Q	0.81099	0.00000	0.18901
185 G	0.81099	0.00000	0.18901
186 M	0.81099	0.00000	0.18901
187 P	0.81099	0.00001	0.18901
188 K	0.81095	0.00005	0.18901
189 K	0.81072	0.00032	0.18897
190 Y	0.79539	0.02141	0.18319
191 E	0.78939	0.02856	0.18204
192 W	0.61493	0.24272	0.14235
193 Q	0.59888	0.26854	0.13258
194 V	0.33386	0.54639	0.11975
195 S	0.17432	0.74865	0.07704
196 L	0.00617	0.98616	0.00767
197 A	0.00311	0.99382	0.00307
198 F	0.00219	0.99665	0.00116
199 A	0.00209	0.99738	0.00053
200 T	0.00206	0.99771	0.00023
201 T	0.00205	0.99785	0.00011
202 L	0.00202	0.99791	7e-05
203 I	0.00202	0.99791	7e-05
204 E	0.00202	0.99791	7e-05
205 I	0.00201	0.99792	7e-05
206 F	0.00201	0.99792	7e-05
207 L	0.00202	0.99787	0.00011
208 R	0.00212	0.99727	0.00061
209 I	0.00214	0.99704	0.00083
210 M	0.00232	0.99470	0.00298
211 L	0.00249	0.99216	0.00536
212 I	0.00408	0.97029	0.02563
213 L	0.01419	0.87574	0.11008
214 L	0.01662	0.82392	0.15946
215 R	0.05751	0.58725	0.35524
216 L	0.06239	0.56859	0.36902
217 F	0.07422	0.40219	0.5236
218 G	0.12082	0.22389	0.65529
219 Q	0.18895	0.00726	0.80379
220 E	0.19094	0.00006	0.809
221 R	0.19095	0.00000	0.80905
222 K	0.19095	0.00000	0.80905
