# tr|Q6YRC1|Q6YRC1_ONYPE
# AA	inside	membr	outside
1 M	0.55457	0.00000	0.44542
2 F	0.55449	0.00009	0.44542
3 A	0.55447	0.00011	0.44542
4 L	0.55447	0.00033	0.4452
5 E	0.55423	0.00074	0.44502
6 F	0.55423	0.00118	0.44458
7 N	0.54974	0.00592	0.44434
8 Y	0.54973	0.00606	0.4442
9 T	0.53450	0.02303	0.44246
10 V	0.53408	0.32069	0.14522
11 V	0.49610	0.36976	0.13414
12 K	0.47578	0.39053	0.13368
13 V	0.00070	0.93458	0.06471
14 L	0.00064	0.93465	0.06471
15 L	0.00064	0.99926	0.0001
16 A	0.00024	0.99965	0.0001
17 A	0.00011	0.99980	9e-05
18 S	0.00011	0.99981	8e-05
19 F	0.00008	0.99984	7e-05
20 L	0.00005	0.99988	7e-05
21 G	0.00003	0.99990	7e-05
22 F	0.00003	0.99990	7e-05
23 T	0.00003	0.99989	8e-05
24 S	0.00003	0.99988	8e-05
25 G	0.00004	0.99985	0.00011
26 I	0.00005	0.99983	0.00012
27 L	0.00010	0.99959	0.0003
28 G	0.00020	0.99921	0.00058
29 V	0.00045	0.99877	0.00078
30 F	0.00270	0.99429	0.00301
31 I	0.01304	0.98071	0.00625
32 I	0.02654	0.93704	0.03642
33 L	0.37911	0.29914	0.32175
34 K	0.43839	0.02559	0.53602
35 K	0.44374	0.00654	0.54973
36 Q	0.43638	0.06303	0.50058
37 A	0.20080	0.39313	0.40607
38 L	0.16265	0.46357	0.37379
39 I	0.04904	0.58340	0.36757
40 G	0.03689	0.59564	0.36748
41 D	0.02924	0.60501	0.36575
42 A	0.01450	0.63593	0.34956
43 L	0.01287	0.64112	0.346
44 S	0.01096	0.64317	0.34587
45 H	0.01031	0.64383	0.34586
46 T	0.01025	0.64392	0.34583
47 A	0.01025	0.64412	0.34563
48 L	0.01024	0.64426	0.3455
49 P	0.01024	0.64427	0.34549
50 G	0.01024	0.64431	0.34545
51 I	0.01024	0.64443	0.34533
52 A	0.01023	0.64461	0.34515
53 L	0.01021	0.64476	0.34503
54 V	0.01022	0.64436	0.34542
55 Y	0.01055	0.64182	0.34763
56 L	0.01132	0.63950	0.34918
57 F	0.05963	0.58041	0.35996
58 A	0.09606	0.51804	0.3859
59 R	0.20253	0.22928	0.5682
60 S	0.21599	0.02257	0.76145
61 T	0.21798	0.04326	0.73876
62 D	0.21315	0.08733	0.69952
63 I	0.09201	0.76392	0.14408
64 W	0.04716	0.92230	0.03055
65 V	0.00342	0.98949	0.00709
66 L	0.00043	0.99813	0.00144
67 W	0.00008	0.99975	0.00018
68 L	0.00007	0.99988	6e-05
69 G	0.00008	0.99990	2e-05
70 A	0.00010	0.99989	1e-05
71 I	0.00011	0.99988	1e-05
72 F	0.00012	0.99988	1e-05
73 A	0.00012	0.99987	1e-05
74 S	0.00015	0.99984	1e-05
75 F	0.00020	0.99978	2e-05
76 V	0.00030	0.99967	3e-05
77 T	0.00034	0.99963	3e-05
78 L	0.00035	0.99960	4e-05
79 L	0.00043	0.99951	6e-05
80 L	0.00081	0.99865	0.00054
81 I	0.00758	0.98056	0.01185
82 E	0.11815	0.84308	0.03876
83 L	0.30659	0.64700	0.04641
84 I	0.54003	0.40589	0.05407
85 K	0.72895	0.08502	0.18603
86 K	0.77882	0.00248	0.2187
87 Y	0.77964	0.00147	0.2189
88 S	0.78040	0.00064	0.21896
89 K	0.78100	0.00003	0.21896
90 I	0.78078	0.00058	0.21864
91 K	0.78037	0.00128	0.21835
92 S	0.76605	0.01935	0.2146
93 D	0.75600	0.03228	0.21172
94 T	0.59371	0.32717	0.07912
95 V	0.24521	0.72930	0.02549
96 L	0.04464	0.94802	0.00734
97 S	0.01031	0.98550	0.00419
98 L	0.00126	0.99607	0.00267
99 V	0.00109	0.99820	0.00071
100 L	0.00100	0.99841	0.0006
101 A	0.00097	0.99845	0.00058
102 S	0.00097	0.99846	0.00058
103 F	0.00096	0.99846	0.00058
104 F	0.00096	0.99846	0.00058
105 G	0.00096	0.99846	0.00058
106 L	0.00096	0.99846	0.00058
107 G	0.00096	0.99846	0.00058
108 N	0.00097	0.99845	0.00058
109 V	0.00097	0.99844	0.00058
110 L	0.00101	0.99839	0.0006
111 I	0.00117	0.99814	0.00069
112 A	0.00504	0.99106	0.00389
113 I	0.01766	0.96332	0.01902
114 A	0.08686	0.80796	0.10518
115 Q	0.15748	0.44186	0.40066
116 N	0.16568	0.32723	0.50709
117 T	0.20728	0.20387	0.58885
118 G	0.21461	0.08884	0.69655
119 E	0.21909	0.00555	0.77535
120 D	0.21933	0.00012	0.78055
121 N	0.21932	0.00004	0.78063
122 K	0.21933	0.00004	0.78063
123 I	0.21920	0.00042	0.78038
124 A	0.21916	0.00050	0.78034
125 T	0.21906	0.00062	0.78032
126 L	0.21849	0.00122	0.78029
127 E	0.21836	0.00137	0.78027
128 K	0.21789	0.00214	0.77996
129 F	0.19120	0.08774	0.72105
130 I	0.18868	0.10065	0.71067
131 L	0.18745	0.10440	0.70815
132 G	0.18669	0.11384	0.69947
133 Q	0.18459	0.13274	0.68266
134 I	0.12659	0.24901	0.6244
135 A	0.09368	0.30939	0.59694
136 L	0.07630	0.35155	0.57214
137 V	0.06580	0.42638	0.50782
138 T	0.05999	0.46356	0.47645
139 E	0.05921	0.46895	0.47184
140 L	0.05424	0.52202	0.42374
141 D	0.05306	0.58222	0.36472
142 M	0.03904	0.71285	0.24811
143 I	0.01139	0.79446	0.19415
144 S	0.01046	0.81350	0.17605
145 T	0.00841	0.83654	0.15505
146 G	0.00268	0.98184	0.01549
147 I	0.00154	0.99090	0.00757
148 M	0.00133	0.99245	0.00622
149 A	0.00099	0.99530	0.00371
150 L	0.00072	0.99606	0.00322
151 I	0.00069	0.99618	0.00313
152 T	0.00377	0.98542	0.01081
153 L	0.00396	0.98432	0.01173
154 V	0.00425	0.98304	0.01271
155 V	0.01729	0.96860	0.01412
156 V	0.03768	0.94537	0.01696
157 V	0.08878	0.84361	0.06761
158 G	0.12425	0.77860	0.09715
159 L	0.16958	0.71441	0.116
160 W	0.31658	0.54517	0.13825
161 K	0.42769	0.36800	0.20431
162 E	0.43831	0.35442	0.20726
163 L	0.49343	0.29671	0.20986
164 K	0.62957	0.15880	0.21163
165 I	0.63489	0.15324	0.21187
166 Y	0.63792	0.14970	0.21239
167 I	0.64019	0.14719	0.21261
168 F	0.64188	0.14293	0.21519
169 D	0.77783	0.00130	0.22087
170 D	0.77797	0.00046	0.22157
171 K	0.77727	0.00112	0.22161
172 F	0.73248	0.04597	0.22156
173 A	0.71193	0.06653	0.22154
174 Q	0.70616	0.07231	0.22153
175 S	0.20853	0.57018	0.2213
176 I	0.14384	0.63506	0.22109
177 G	0.09365	0.68534	0.22101
178 F	0.04542	0.73388	0.2207
179 N	0.03842	0.74108	0.2205
180 T	0.01688	0.76458	0.21854
181 K	0.01256	0.77027	0.21718
182 I	0.00854	0.82615	0.16531
183 M	0.00788	0.83999	0.15212
184 T	0.00671	0.85560	0.13769
185 F	0.00478	0.87284	0.12238
186 I	0.00413	0.88030	0.11557
187 L	0.00335	0.88457	0.11209
188 N	0.00251	0.88684	0.11065
189 F	0.00106	0.90130	0.09765
190 L	0.00032	0.97792	0.02176
191 L	0.00007	0.99317	0.00675
192 I	0.00003	0.98311	0.01685
193 G	0.00003	0.96428	0.03569
194 V	0.00002	0.96469	0.03529
195 V	0.00004	0.95347	0.04648
196 V	0.00004	0.96228	0.03767
197 I	0.00006	0.91287	0.08707
198 S	0.00024	0.27972	0.72004
199 L	0.00035	0.28627	0.71338
200 K	0.00052	0.28587	0.7136
201 I	0.00051	0.96625	0.03324
202 I	0.00053	0.99346	0.00601
203 G	0.00066	0.99723	0.00211
204 I	0.00102	0.99890	7e-05
205 I	0.02661	0.97327	0.00012
206 L	0.03303	0.96651	0.00045
207 T	0.04004	0.95869	0.00127
208 S	0.04176	0.95615	0.00209
209 A	0.04290	0.95487	0.00223
210 F	0.04332	0.95382	0.00286
211 L	0.04358	0.95248	0.00394
212 I	0.05109	0.94376	0.00515
213 M	0.16027	0.83365	0.00609
214 P	0.19270	0.80069	0.00661
215 G	0.19486	0.79816	0.00699
216 V	0.19551	0.79727	0.00722
217 I	0.20131	0.79127	0.00743
218 A	0.21566	0.77659	0.00775
219 R	0.93498	0.05674	0.00828
220 Q	0.96633	0.02529	0.00838
221 F	0.97489	0.01673	0.00839
222 S	0.98280	0.00880	0.0084
223 D	0.98980	0.00186	0.00834
224 R	0.96053	0.03243	0.00704
225 F	0.09173	0.90363	0.00464
226 V	0.04254	0.95440	0.00306
227 T	0.03614	0.96172	0.00215
228 N	0.02940	0.96920	0.0014
229 V	0.01053	0.98883	0.00064
230 I	0.00288	0.99660	0.00053
231 V	0.00007	0.99944	0.00049
232 A	0.00003	0.99949	0.00049
233 S	0.00002	0.99950	0.00048
234 I	0.00000	0.99952	0.00048
235 V	0.00000	0.99952	0.00048
236 T	0.00000	0.99952	0.00048
237 F	0.00000	0.99952	0.00048
238 F	0.00000	0.99952	0.00048
239 S	0.00000	0.99951	0.00049
240 S	0.00000	0.99950	0.0005
241 L	0.00000	0.99949	0.00051
242 I	0.00000	0.99944	0.00056
243 G	0.00001	0.99563	0.00436
244 V	0.00005	0.97735	0.0226
245 F	0.00017	0.95028	0.04955
246 I	0.00080	0.92916	0.07003
247 S	0.00324	0.82495	0.1718
248 N	0.00543	0.07975	0.91482
249 S	0.00647	0.01216	0.98138
250 V	0.00702	0.00748	0.9855
251 Q	0.00765	0.01068	0.98167
252 D	0.00791	0.01734	0.97475
253 M	0.00727	0.04139	0.95134
254 P	0.00615	0.04975	0.9441
255 T	0.00511	0.05951	0.93538
256 G	0.00417	0.11509	0.88075
257 P	0.00341	0.54168	0.45491
258 I	0.00092	0.89395	0.10513
259 I	0.00011	0.95866	0.04123
260 I	0.00006	0.96711	0.03284
261 V	0.00004	0.97103	0.02892
262 I	0.00004	0.99973	0.00023
263 T	0.00004	0.99979	0.00017
264 T	0.00004	0.99982	0.00014
265 L	0.00004	0.99989	7e-05
266 F	0.00004	0.99992	4e-05
267 I	0.00004	0.99996	1e-05
268 A	0.00004	0.99996	1e-05
269 L	0.00004	0.99996	1e-05
270 S	0.00006	0.99993	1e-05
271 L	0.00010	0.99987	2e-05
272 L	0.00026	0.99965	9e-05
273 F	0.00383	0.99578	0.0004
274 S	0.04040	0.95756	0.00204
275 P	0.09722	0.89959	0.00319
276 K	0.13528	0.86054	0.00418
277 Y	0.14002	0.85572	0.00426
278 G	0.14572	0.84988	0.0044
279 V	0.17111	0.82436	0.00453
280 I	0.50747	0.48754	0.00499
281 S	0.87844	0.11441	0.00715
282 R	0.95539	0.03673	0.00788
283 Y	0.95947	0.03263	0.0079
284 V	0.96246	0.02963	0.00791
285 Q	0.99101	0.00107	0.00793
286 K	0.99198	0.00009	0.00793
287 I	0.99204	0.00003	0.00793
288 K	0.99207	0.00000	0.00793
289 Y	0.99207	0.00000	0.00793
290 Q	0.99207	0.00000	0.00793
291 K	0.99207	0.00000	0.00793
292 K	0.99207	0.00000	0.00793
293 I	0.99207	0.00000	0.00793
294 K	0.99207	0.00000	0.00793
295 K	0.99207	0.00000	0.00793
296 F	0.99207	0.00000	0.00793
297 R	0.99207	0.00000	0.00793
298 Q	0.99207	0.00001	0.00793
299 L	0.99193	0.00014	0.00793
300 I	0.99183	0.00024	0.00793
301 H	0.99181	0.00026	0.00793
302 L	0.99180	0.00028	0.00793
303 Y	0.99180	0.00028	0.00793
304 C	0.99180	0.00028	0.00793
305 E	0.99180	0.00028	0.00793
306 Q	0.99180	0.00028	0.00793
307 E	0.99180	0.00029	0.00792
308 E	0.99180	0.00029	0.00792
309 T	0.99179	0.00030	0.00791
310 H	0.99179	0.00031	0.0079
311 T	0.99179	0.00031	0.0079
312 L	0.99179	0.00031	0.0079
313 S	0.99179	0.00031	0.0079
314 L	0.99179	0.00031	0.0079
315 P	0.99179	0.00031	0.0079
316 I	0.99179	0.00031	0.0079
317 I	0.99179	0.00031	0.0079
318 Q	0.99179	0.00030	0.00792
319 I	0.99179	0.00027	0.00794
320 E	0.99179	0.00020	0.00801
321 S	0.99179	0.00019	0.00802
322 F	0.99179	0.00012	0.00809
323 L	0.99179	0.00006	0.00815
324 W	0.99179	0.00005	0.00816
325 K	0.99182	0.00001	0.00818
326 E	0.99182	0.00000	0.00818
327 K	0.99182	0.00000	0.00818
328 Y	0.99182	0.00000	0.00818
329 L	0.99182	0.00000	0.00818
330 M	0.99182	0.00000	0.00818
331 L	0.99182	0.00000	0.00818
332 Q	0.99182	0.00000	0.00818
333 N	0.99182	0.00000	0.00818
334 Q	0.99182	0.00000	0.00818
335 K	0.99180	0.00002	0.00818
336 A	0.99174	0.00008	0.00818
337 Q	0.99102	0.00080	0.00818
338 L	0.98781	0.00401	0.00818
339 T	0.98737	0.00445	0.00818
340 P	0.98622	0.00560	0.00818
341 K	0.98497	0.00686	0.00817
342 G	0.93122	0.06066	0.00812
343 I	0.88997	0.10200	0.00804
344 K	0.86727	0.12471	0.00802
345 L	0.11289	0.87941	0.0077
346 V	0.09245	0.89991	0.00764
347 E	0.08875	0.90366	0.00759
348 N	0.06047	0.93215	0.00738
349 L	0.03475	0.95809	0.00715
350 I	0.02957	0.96333	0.0071
351 D	0.02916	0.96374	0.0071
352 G	0.02767	0.96525	0.00708
353 I	0.02717	0.96576	0.00708
354 V	0.02710	0.96583	0.00707
355 L	0.02708	0.96585	0.00708
356 M	0.02707	0.96585	0.00709
357 I	0.02700	0.96584	0.00715
358 S	0.02688	0.96554	0.00758
359 F	0.02668	0.96555	0.00777
360 I	0.02657	0.95721	0.01622
361 N	0.02651	0.94425	0.02924
362 N	0.02635	0.92630	0.04735
363 V	0.02539	0.91881	0.0558
364 V	0.02493	0.91142	0.06364
365 G	0.02469	0.80848	0.16683
366 G	0.02447	0.74647	0.22905
367 F	0.02424	0.70065	0.27512
368 E	0.02417	0.02613	0.94969
369 L	0.01306	0.17727	0.80968
370 D	0.01265	0.19150	0.79586
371 V	0.00459	0.71452	0.28089
372 F	0.00063	0.97822	0.02115
373 L	0.00016	0.99752	0.00231
374 V	0.00005	0.99977	0.00018
375 I	0.00005	0.99985	0.0001
376 L	0.00005	0.99982	0.00013
377 F	0.00005	0.99979	0.00016
378 C	0.00005	0.99975	0.0002
379 S	0.00005	0.99974	0.0002
380 L	0.00005	0.99973	0.00022
381 T	0.00005	0.99969	0.00025
382 L	0.00005	0.99963	0.00031
383 A	0.00006	0.99956	0.00038
384 S	0.00006	0.99943	0.0005
385 L	0.00007	0.99927	0.00066
386 G	0.00010	0.99843	0.00147
387 V	0.00016	0.99800	0.00185
388 F	0.00180	0.99582	0.00238
389 L	0.01796	0.97896	0.00308
390 V	0.09685	0.89895	0.0042
391 L	0.47461	0.51532	0.01007
392 K	0.94345	0.02870	0.02785
393 K	0.95991	0.01183	0.02826
394 S	0.87869	0.09387	0.02745
395 S	0.82656	0.14754	0.0259
396 M	0.64081	0.33575	0.02344
397 V	0.34211	0.63568	0.02222
398 V	0.19619	0.78181	0.022
399 D	0.18847	0.78975	0.02178
400 A	0.10762	0.87173	0.02064
401 M	0.09875	0.88121	0.02004
402 S	0.05130	0.92871	0.02
403 H	0.02378	0.95627	0.01995
404 S	0.00434	0.97580	0.01986
405 V	0.00352	0.97814	0.01835
406 L	0.00339	0.98001	0.0166
407 L	0.00329	0.98017	0.01654
408 G	0.00324	0.98031	0.01645
409 I	0.00321	0.98055	0.01624
410 V	0.00311	0.98081	0.01608
411 V	0.00302	0.98116	0.01582
412 A	0.00295	0.98096	0.01609
413 F	0.00296	0.97918	0.01787
414 L	0.00302	0.95498	0.042
415 V	0.00369	0.89735	0.09896
416 V	0.00514	0.72961	0.26525
417 K	0.00988	0.22491	0.7652
418 N	0.01020	0.16428	0.82552
419 L	0.00940	0.21048	0.78012
420 N	0.00870	0.23788	0.75342
421 S	0.00607	0.53829	0.45564
422 P	0.00463	0.65416	0.34121
423 L	0.00118	0.82308	0.17573
424 L	0.00084	0.91855	0.08061
425 I	0.00081	0.98005	0.01914
426 M	0.00082	0.99753	0.00164
427 G	0.00083	0.99713	0.00204
428 A	0.00092	0.99729	0.00179
429 A	0.00100	0.99746	0.00154
430 L	0.00100	0.99748	0.00152
431 V	0.00101	0.99747	0.00152
432 G	0.00116	0.99729	0.00155
433 V	0.00127	0.99705	0.00168
434 L	0.00159	0.99654	0.00187
435 T	0.00191	0.99595	0.00214
436 A	0.00197	0.99579	0.00224
437 Y	0.00205	0.99550	0.00245
438 V	0.00227	0.99399	0.00375
439 V	0.00485	0.98956	0.0056
440 E	0.08503	0.90652	0.00846
441 L	0.12313	0.86811	0.00876
442 L	0.34101	0.64916	0.00984
443 G	0.62086	0.36600	0.01315
444 K	0.94451	0.03985	0.01564
445 H	0.95588	0.02835	0.01577
446 S	0.97695	0.00725	0.0158
447 K	0.98325	0.00095	0.0158
448 V	0.98301	0.00122	0.01577
449 T	0.98262	0.00165	0.01574
450 K	0.97634	0.00798	0.01569
451 D	0.95989	0.02527	0.01484
452 A	0.68377	0.30711	0.00911
453 S	0.55855	0.43701	0.00444
454 I	0.17152	0.82782	0.00066
455 G	0.06433	0.93536	0.0003
456 I	0.00074	0.99923	3e-05
457 V	0.00014	0.99984	1e-05
458 F	0.00004	0.99996	1e-05
459 T	0.00002	0.99997	1e-05
460 F	0.00001	0.99999	1e-05
461 F	0.00000	0.99999	1e-05
462 F	0.00000	0.99999	1e-05
463 S	0.00000	0.99999	1e-05
464 V	0.00000	0.99999	1e-05
465 A	0.00000	0.99999	1e-05
466 I	0.00000	0.99999	1e-05
467 I	0.00000	0.99998	1e-05
468 L	0.00001	0.99992	7e-05
469 I	0.00002	0.99954	0.00043
470 S	0.00027	0.98281	0.01691
471 L	0.00067	0.97193	0.0274
472 Y	0.00389	0.86156	0.13454
473 T	0.01032	0.66452	0.32516
474 R	0.01353	0.35863	0.62783
475 H	0.01520	0.14764	0.83716
476 E	0.01571	0.05536	0.92894
477 H	0.01575	0.00992	0.97433
478 L	0.01575	0.00430	0.97995
479 D	0.01580	0.00003	0.98417
480 T	0.01580	0.00000	0.9842
481 D	0.01580	0.00000	0.9842
482 A	0.01580	0.00006	0.98414
483 V	0.01580	0.00016	0.98405
484 F	0.01580	0.00018	0.98403
485 L	0.01580	0.00019	0.98402
486 G	0.01580	0.00020	0.98401
487 N	0.01580	0.00023	0.98398
488 I	0.01580	0.00151	0.9827
489 E	0.01580	0.00178	0.98243
490 L	0.01579	0.00482	0.97938
491 T	0.01579	0.03157	0.95264
492 H	0.01571	0.07684	0.90745
493 I	0.01564	0.09713	0.88723
494 K	0.01561	0.09952	0.88487
495 Q	0.01531	0.13800	0.84669
496 L	0.01465	0.17096	0.81438
497 K	0.01452	0.18528	0.8002
498 K	0.01423	0.23110	0.75467
499 I	0.01073	0.92138	0.06789
500 I	0.00886	0.98278	0.00836
501 P	0.00874	0.98378	0.00748
502 L	0.00810	0.98661	0.00529
503 L	0.00781	0.98851	0.00369
504 C	0.00776	0.98890	0.00334
505 L	0.00772	0.98970	0.00258
506 N	0.00773	0.98972	0.00255
507 F	0.00768	0.98982	0.0025
508 L	0.00767	0.98985	0.00248
509 F	0.00769	0.98984	0.00248
510 V	0.00778	0.98975	0.00247
511 L	0.00860	0.98893	0.00247
512 F	0.00904	0.98849	0.00248
513 F	0.01781	0.97968	0.00251
514 Y	0.18727	0.80970	0.00304
515 K	0.56092	0.43375	0.00532
516 E	0.59845	0.39594	0.00561
517 L	0.64573	0.34842	0.00585
518 K	0.74205	0.25184	0.00611
519 I	0.71264	0.28329	0.00407
520 Y	0.70917	0.28720	0.00363
521 I	0.68860	0.30796	0.00345
522 F	0.86210	0.13261	0.00529
523 D	0.91221	0.08063	0.00716
524 P	0.88334	0.11049	0.00617
525 T	0.84400	0.15040	0.0056
526 L	0.42159	0.57407	0.00435
527 A	0.29652	0.69951	0.00397
528 V	0.14023	0.85612	0.00366
529 I	0.01001	0.98660	0.00339
530 L	0.00251	0.99407	0.00342
531 G	0.00214	0.99452	0.00334
532 F	0.00195	0.99474	0.00331
533 S	0.00182	0.99487	0.00331
534 T	0.00098	0.99578	0.00324
535 T	0.00034	0.99651	0.00315
536 L	0.00008	0.99727	0.00265
537 I	0.00005	0.99781	0.00214
538 N	0.00006	0.99689	0.00306
539 Y	0.00006	0.99590	0.00403
540 L	0.00005	0.99561	0.00433
541 L	0.00012	0.99321	0.00667
542 M	0.00208	0.96141	0.03651
543 F	0.00258	0.95167	0.04576
544 L	0.00312	0.89520	0.10167
545 V	0.00345	0.87878	0.11778
546 S	0.00408	0.72890	0.26703
547 M	0.00509	0.67583	0.31908
548 T	0.00455	0.64124	0.3542
549 A	0.00465	0.45253	0.54281
550 V	0.00401	0.38432	0.61166
551 I	0.00399	0.27963	0.71638
552 S	0.00382	0.13101	0.86516
553 F	0.00267	0.35736	0.63997
554 D	0.00249	0.42479	0.57272
555 V	0.00138	0.73088	0.26773
556 V	0.00118	0.89152	0.10729
557 G	0.00119	0.92482	0.07399
558 S	0.00123	0.97231	0.02647
559 I	0.00151	0.99733	0.00116
560 M	0.00249	0.99676	0.00075
561 V	0.00255	0.99690	0.00055
562 I	0.00277	0.99669	0.00053
563 S	0.00345	0.99598	0.00057
564 C	0.00392	0.99550	0.00058
565 M	0.00413	0.99528	0.00058
566 I	0.00426	0.99513	0.00061
567 G	0.00679	0.99258	0.00063
568 P	0.01740	0.98191	0.00069
569 A	0.01922	0.98006	0.00071
570 A	0.02231	0.97655	0.00114
571 T	0.03248	0.96542	0.0021
572 S	0.04310	0.95430	0.0026
573 L	0.06440	0.93248	0.00313
574 L	0.11120	0.88540	0.0034
575 V	0.21126	0.78444	0.0043
576 T	0.70408	0.29012	0.00579
577 K	0.93015	0.06340	0.00645
578 N	0.97487	0.01862	0.00652
579 L	0.88859	0.10563	0.00578
580 Y	0.64050	0.35437	0.00513
581 N	0.60746	0.38760	0.00495
582 S	0.34471	0.65094	0.00435
583 F	0.11185	0.88423	0.00393
584 L	0.02446	0.97262	0.00292
585 L	0.01225	0.98555	0.0022
586 S	0.00950	0.98853	0.00197
587 L	0.00308	0.99512	0.0018
588 W	0.00156	0.99667	0.00177
589 L	0.00098	0.99726	0.00176
590 A	0.00096	0.99731	0.00173
591 F	0.00095	0.99733	0.00173
592 V	0.00096	0.99723	0.00181
593 N	0.00098	0.99708	0.00194
594 S	0.00096	0.99709	0.00194
595 S	0.00081	0.99748	0.00172
596 F	0.00019	0.99836	0.00145
597 G	0.00016	0.99691	0.00293
598 Y	0.00020	0.99552	0.00428
599 Y	0.00024	0.99342	0.00634
600 L	0.00039	0.98717	0.01244
601 A	0.00055	0.96407	0.03538
602 I	0.00148	0.79242	0.2061
603 G	0.00234	0.28767	0.70999
604 L	0.00246	0.25377	0.74378
605 N	0.00289	0.12548	0.87162
606 L	0.00219	0.29578	0.70204
607 P	0.00253	0.28126	0.71621
608 V	0.00191	0.37959	0.6185
609 S	0.00160	0.42110	0.57731
610 G	0.00132	0.46145	0.53723
611 L	0.00078	0.64701	0.35221
612 I	0.00046	0.96547	0.03406
613 A	0.00041	0.97127	0.02833
614 F	0.00037	0.98225	0.01738
615 M	0.00023	0.98773	0.01204
616 N	0.00018	0.98891	0.01091
617 L	0.00008	0.99713	0.00279
618 V	0.00006	0.99797	0.00197
619 N	0.00008	0.99818	0.00174
620 F	0.00006	0.99890	0.00104
621 L	0.00008	0.99891	0.00101
622 L	0.00009	0.99890	0.001
623 F	0.00013	0.99886	0.00101
624 F	0.00045	0.99851	0.00104
625 F	0.00101	0.99790	0.00109
626 L	0.01006	0.98873	0.00121
627 A	0.07677	0.92128	0.00196
628 P	0.20649	0.79014	0.00337
629 K	0.44019	0.55508	0.00473
630 T	0.44965	0.54558	0.00477
631 G	0.45705	0.53813	0.00482
632 I	0.46128	0.53384	0.00488
633 V	0.47750	0.51749	0.00502
634 A	0.66648	0.32808	0.00544
635 K	0.97906	0.01500	0.00595
636 M	0.98180	0.01223	0.00596
637 I	0.98447	0.00954	0.00599
638 K	0.99231	0.00151	0.00617
639 N	0.99270	0.00111	0.00618
640 N	0.99354	0.00027	0.00619
641 L	0.99357	0.00024	0.00619
642 Q	0.99378	0.00003	0.00619
643 K	0.99380	0.00001	0.00619
644 K	0.99380	0.00001	0.00619
645 E	0.99379	0.00001	0.00619
646 F	0.99379	0.00002	0.00619
647 M	0.99379	0.00002	0.00619
648 I	0.99379	0.00002	0.00619
649 I	0.99379	0.00002	0.00619
650 S	0.99379	0.00002	0.00619
651 L	0.99379	0.00002	0.00619
652 L	0.99379	0.00002	0.00619
653 M	0.99379	0.00002	0.00619
654 H	0.99379	0.00002	0.00619
655 L	0.99379	0.00002	0.00619
656 K	0.99379	0.00001	0.0062
657 N	0.99379	0.00001	0.0062
658 H	0.99379	0.00001	0.0062
659 Q	0.99379	0.00001	0.0062
660 D	0.99379	0.00001	0.0062
661 Q	0.99379	0.00001	0.0062
662 L	0.99379	0.00001	0.00621
663 Q	0.99379	0.00000	0.00621
664 K	0.99379	0.00000	0.00621
665 N	0.99379	0.00000	0.00621
666 H	0.99379	0.00000	0.00621
667 F	0.99379	0.00000	0.00621
668 Q	0.99379	0.00000	0.00621
669 E	0.99379	0.00000	0.00621
670 I	0.99379	0.00000	0.00621
671 Y	0.99379	0.00000	0.00621
672 K	0.99379	0.00000	0.00621
673 D	0.99379	0.00000	0.00621
674 L	0.99379	0.00000	0.00621
675 K	0.99379	0.00000	0.00621
676 W	0.99379	0.00000	0.00621
677 S	0.99379	0.00000	0.00621
678 L	0.99379	0.00000	0.00621
679 S	0.99379	0.00000	0.00621
680 R	0.99379	0.00000	0.00621
681 Y	0.99379	0.00000	0.00621
682 N	0.99379	0.00000	0.00621
683 K	0.99379	0.00000	0.00621
684 C	0.99379	0.00000	0.00621
685 L	0.99379	0.00000	0.00621
686 N	0.99379	0.00000	0.00621
687 N	0.99379	0.00000	0.00621
688 A	0.99379	0.00000	0.00621
689 L	0.99379	0.00000	0.00621
690 K	0.99379	0.00000	0.00621
691 K	0.99379	0.00000	0.00621
692 G	0.99379	0.00000	0.00621
693 Y	0.99379	0.00000	0.00621
694 I	0.99379	0.00000	0.00621
695 Q	0.99379	0.00000	0.00621
696 I	0.99379	0.00000	0.00621
697 K	0.99379	0.00000	0.00621
698 Q	0.99379	0.00000	0.00621
699 N	0.99379	0.00000	0.00621
700 Q	0.99379	0.00000	0.00621
701 V	0.99378	0.00001	0.00621
702 I	0.99378	0.00001	0.00621
703 L	0.99378	0.00000	0.00621
704 N	0.99378	0.00000	0.00621
705 D	0.99378	0.00000	0.00621
706 S	0.99378	0.00000	0.00621
707 G	0.99378	0.00000	0.00621
708 N	0.99378	0.00000	0.00621
709 Y	0.99378	0.00000	0.00621
710 I	0.99378	0.00000	0.00621
711 L	0.99378	0.00000	0.00621
712 E	0.99378	0.00000	0.00621
713 E	0.99378	0.00000	0.00621
714 K	0.99378	0.00000	0.00621
715 I	0.99378	0.00000	0.00621
716 A	0.99378	0.00000	0.00621
717 L	0.99378	0.00000	0.00621
718 W	0.99378	0.00000	0.00621
719 I	0.99378	0.00000	0.00622
