# tr|Q6YRJ2|Q6YRJ2_ONYPE
# AA	inside	membr	outside
1 M	0.97236	0.00000	0.02764
2 T	0.63544	0.33692	0.02764
3 L	0.51078	0.46159	0.02764
4 G	0.51078	0.46923	0.01999
5 T	0.19753	0.79662	0.00585
6 L	0.19750	0.79890	0.0036
7 V	0.00202	0.99465	0.00334
8 I	0.00202	0.99465	0.00333
9 A	0.00139	0.99529	0.00332
10 I	0.00139	0.99579	0.00282
11 M	0.00133	0.99585	0.00282
12 A	0.00053	0.99666	0.00282
13 Q	0.00038	0.99681	0.00282
14 Y	0.00037	0.99681	0.00282
15 L	0.00037	0.99681	0.00282
16 F	0.00037	0.99682	0.00282
17 V	0.00037	0.99674	0.00289
18 H	0.00037	0.99562	0.00401
19 V	0.00038	0.99536	0.00426
20 W	0.00043	0.98825	0.01132
21 H	0.00049	0.98065	0.01886
22 L	0.00067	0.97602	0.02332
23 F	0.00202	0.80610	0.19188
24 P	0.00457	0.71526	0.28018
25 Y	0.01145	0.23675	0.7518
26 Q	0.01686	0.19624	0.7869
27 V	0.01926	0.19107	0.78968
28 A	0.02462	0.11651	0.85887
29 T	0.02498	0.10555	0.86947
30 S	0.02509	0.00043	0.97448
31 M	0.02512	0.00021	0.97467
32 E	0.02514	0.00012	0.97474
33 W	0.02519	0.00006	0.97476
34 K	0.02519	0.00001	0.9748
35 E	0.02517	0.00010	0.97474
36 K	0.02454	0.00167	0.97379
37 G	0.01573	0.26321	0.72106
38 F	0.01125	0.38596	0.60279
39 W	0.00235	0.93149	0.06616
40 F	0.00110	0.95742	0.04149
41 G	0.00093	0.95993	0.03914
42 V	0.00051	0.97602	0.02348
43 N	0.00036	0.97715	0.02248
44 S	0.00009	0.99676	0.00316
45 Y	0.00004	0.99940	0.00056
46 L	0.00004	0.99973	0.00023
47 L	0.00004	0.99991	5e-05
48 P	0.00004	0.99992	4e-05
49 L	0.00004	0.99994	2e-05
50 A	0.00004	0.99994	2e-05
51 V	0.00004	0.99994	2e-05
52 M	0.00004	0.99994	2e-05
53 T	0.00004	0.99993	3e-05
54 L	0.00005	0.99991	4e-05
55 L	0.00033	0.99951	0.00016
56 S	0.00367	0.99589	0.00044
57 M	0.01011	0.98914	0.00076
58 V	0.01251	0.98655	0.00093
59 F	0.02614	0.97201	0.00185
60 Y	0.27112	0.71914	0.00974
61 I	0.39211	0.59383	0.01405
62 R	0.94551	0.03037	0.02412
63 K	0.96884	0.00611	0.02505
64 I	0.96979	0.00514	0.02507
65 R	0.97352	0.00134	0.02514
66 A	0.97361	0.00124	0.02514
67 E	0.97480	0.00002	0.02518
68 L	0.97480	0.00002	0.02518
69 I	0.97481	0.00001	0.02518
70 E	0.97482	0.00000	0.02518
71 Q	0.97482	0.00000	0.02518
72 T	0.97477	0.00005	0.02518
73 N	0.97467	0.00015	0.02518
74 Q	0.97441	0.00041	0.02518
75 N	0.97438	0.00044	0.02518
76 Y	0.97436	0.00046	0.02518
77 F	0.97425	0.00058	0.02518
78 L	0.97423	0.00059	0.02518
79 L	0.97422	0.00060	0.02518
80 A	0.97422	0.00060	0.02518
81 R	0.97422	0.00060	0.02518
82 S	0.97422	0.00060	0.02518
83 K	0.97422	0.00060	0.02518
84 G	0.97422	0.00060	0.02518
85 L	0.97422	0.00060	0.02518
86 T	0.97422	0.00060	0.02518
87 F	0.97422	0.00060	0.02518
88 S	0.97422	0.00060	0.02518
89 Q	0.97422	0.00060	0.02519
90 T	0.97421	0.00059	0.0252
91 I	0.97419	0.00059	0.02522
92 N	0.97419	0.00031	0.02551
93 R	0.97415	0.00028	0.02558
94 H	0.97357	0.00082	0.02561
95 A	0.97068	0.00369	0.02562
96 L	0.96806	0.00629	0.02565
97 K	0.96682	0.00741	0.02576
98 N	0.93522	0.03919	0.02559
99 S	0.27959	0.70162	0.01879
100 L	0.12156	0.86302	0.01541
101 V	0.10476	0.88121	0.01402
102 P	0.09342	0.89379	0.01279
103 Y	0.05652	0.93337	0.01011
104 A	0.03641	0.95889	0.00469
105 P	0.03259	0.96320	0.00421
106 V	0.01966	0.97814	0.00221
107 F	0.00984	0.98935	0.00081
108 F	0.00933	0.99001	0.00067
109 Y	0.00923	0.99016	0.00061
110 E	0.00922	0.99016	0.00062
111 F	0.00921	0.99018	0.00061
112 V	0.00920	0.99018	0.00062
113 G	0.00920	0.99014	0.00066
114 L	0.00920	0.99002	0.00077
115 I	0.00920	0.98985	0.00094
116 T	0.00921	0.98887	0.00191
117 G	0.00921	0.98516	0.00562
118 S	0.00924	0.97564	0.01512
119 F	0.00927	0.96696	0.02377
120 L	0.00943	0.94778	0.04278
121 I	0.01038	0.89471	0.09491
122 E	0.02096	0.19367	0.78537
123 R	0.02354	0.09797	0.87849
124 I	0.02379	0.09347	0.88273
125 F	0.02418	0.08492	0.89089
126 F	0.02671	0.04475	0.92853
127 Y	0.03438	0.00000	0.96562
