# tr|Q6YQB5|Q6YQB5_ONYPE
# AA	inside	membr	outside
1 M	0.25708	0.00000	0.74291
2 F	0.25666	0.00043	0.74291
3 D	0.25661	0.00047	0.74291
4 F	0.25661	0.35723	0.38616
5 L	0.25009	0.50647	0.24344
6 M	0.25009	0.51504	0.23487
7 Q	0.23149	0.53458	0.23393
8 I	0.23148	0.53468	0.23384
9 L	0.22529	0.54137	0.23334
10 K	0.22528	0.57704	0.19768
11 I	0.21668	0.60161	0.18171
12 F	0.19432	0.62546	0.18023
13 I	0.18097	0.64183	0.1772
14 D	0.18097	0.64183	0.1772
15 V	0.18097	0.66033	0.1587
16 F	0.18087	0.66042	0.1587
17 G	0.18086	0.66044	0.1587
18 S	0.18086	0.66044	0.15869
19 I	0.18087	0.66043	0.15869
20 I	0.18100	0.66030	0.15869
21 G	0.18161	0.65966	0.15873
22 Y	0.19446	0.64671	0.15884
23 I	0.21874	0.62162	0.15964
24 K	0.39637	0.44144	0.16219
25 S	0.41179	0.42516	0.16305
26 S	0.41994	0.41673	0.16334
27 I	0.58302	0.25271	0.16427
28 T	0.68484	0.14663	0.16852
29 S	0.69604	0.13286	0.1711
30 L	0.69907	0.11011	0.19082
31 T	0.70472	0.09981	0.19547
32 G	0.71101	0.08610	0.2029
33 Q	0.76081	0.01380	0.22539
34 K	0.76434	0.00372	0.23194
35 L	0.76437	0.00118	0.23444
36 M	0.76459	0.00056	0.23486
37 D	0.76490	0.00020	0.2349
38 P	0.76507	0.00001	0.23493
39 S	0.76507	0.00000	0.23493
40 E	0.76507	0.00000	0.23493
41 S	0.76506	0.00002	0.23493
42 M	0.76501	0.00008	0.23491
43 W	0.76434	0.00077	0.23489
44 E	0.76401	0.00124	0.23476
45 K	0.76360	0.00172	0.23468
46 I	0.75998	0.00737	0.23265
47 K	0.75675	0.01109	0.23216
48 E	0.73153	0.04015	0.22832
49 I	0.67266	0.12612	0.20121
50 A	0.63909	0.16045	0.20046
51 K	0.62784	0.17212	0.20005
52 L	0.06795	0.82132	0.11073
53 I	0.04169	0.85340	0.1049
54 F	0.03739	0.85823	0.10439
55 S	0.03173	0.86466	0.1036
56 V	0.02961	0.86773	0.10267
57 S	0.02938	0.86814	0.10248
58 V	0.02923	0.86842	0.10235
59 G	0.02918	0.86852	0.1023
60 G	0.02913	0.86861	0.10227
61 S	0.02909	0.86868	0.10222
62 V	0.02908	0.86871	0.10222
63 I	0.02908	0.86870	0.10222
64 Y	0.02915	0.86808	0.10278
65 F	0.02923	0.86587	0.10489
66 L	0.02993	0.85027	0.1198
67 K	0.06238	0.76799	0.16963
68 E	0.06410	0.72168	0.21422
69 I	0.06431	0.71571	0.21998
70 N	0.06442	0.65099	0.28459
71 N	0.06530	0.64699	0.28772
72 F	0.06634	0.64337	0.29029
73 L	0.06643	0.57669	0.35687
74 L	0.06665	0.56184	0.37151
75 N	0.15581	0.01751	0.82668
76 S	0.15988	0.01086	0.82926
77 F	0.15997	0.01018	0.82985
78 I	0.16022	0.00431	0.83546
79 K	0.16093	0.00144	0.83763
80 I	0.16083	0.00281	0.83636
81 G	0.16064	0.00735	0.83201
82 D	0.16043	0.00958	0.82999
83 L	0.14227	0.05419	0.80353
84 L	0.13677	0.28113	0.58209
85 F	0.13632	0.28525	0.57843
86 K	0.13190	0.31199	0.5561
87 I	0.00530	0.84515	0.14956
88 V	0.00150	0.87040	0.1281
89 L	0.00097	0.99327	0.00575
90 R	0.00097	0.99395	0.00509
91 I	0.00094	0.99510	0.00396
92 L	0.00094	0.99523	0.00383
93 D	0.00095	0.99517	0.00389
94 I	0.00095	0.99516	0.00389
95 I	0.00095	0.99499	0.00405
96 S	0.00096	0.99485	0.0042
97 I	0.00096	0.99484	0.0042
98 V	0.00096	0.99479	0.00425
99 L	0.00105	0.99463	0.00432
100 K	0.00133	0.99410	0.00457
101 F	0.00135	0.99406	0.00459
102 F	0.00144	0.99392	0.00463
103 L	0.00263	0.99247	0.0049
104 F	0.00913	0.98532	0.00555
105 F	0.04063	0.94552	0.01386
106 L	0.12034	0.82868	0.05099
107 K	0.81952	0.01775	0.16274
108 R	0.83216	0.00371	0.16413
109 L	0.83534	0.00000	0.16466
