# tr|Q6YRA1|Q6YRA1_ONYPE
# AA	inside	membr	outside
1 M	0.22300	0.00000	0.777
2 D	0.22266	0.00034	0.777
3 P	0.22021	0.00279	0.777
4 F	0.22021	0.22353	0.55626
5 N	0.18494	0.30268	0.51238
6 S	0.18494	0.32410	0.49096
7 F	0.05857	0.45362	0.4878
8 N	0.05857	0.45364	0.48778
9 F	0.03018	0.48684	0.48299
10 V	0.03014	0.93023	0.03962
11 L	0.02846	0.94380	0.02773
12 I	0.00538	0.97956	0.01506
13 Y	0.00020	0.98828	0.01151
14 F	0.00020	0.98829	0.01151
15 I	0.00020	0.99681	0.00298
16 L	0.00019	0.99682	0.00298
17 S	0.00019	0.99683	0.00298
18 F	0.00019	0.99684	0.00297
19 L	0.00024	0.99679	0.00297
20 L	0.00056	0.99624	0.0032
21 V	0.00257	0.99345	0.00399
22 P	0.08707	0.89891	0.01403
23 V	0.13324	0.83883	0.02794
24 K	0.26750	0.67011	0.06239
25 G	0.26500	0.64842	0.08659
26 G	0.23881	0.66785	0.09334
27 N	0.24425	0.63938	0.11636
28 S	0.15568	0.74640	0.09792
29 V	0.11124	0.81837	0.07039
30 V	0.03001	0.89388	0.0761
31 V	0.02413	0.90529	0.07059
32 F	0.02834	0.88035	0.09131
33 F	0.42253	0.49016	0.08732
34 F	0.43552	0.47456	0.08992
35 N	0.47553	0.40979	0.11469
36 A	0.47425	0.42074	0.10502
37 A	0.45966	0.43580	0.10454
38 K	0.46023	0.43462	0.10515
39 L	0.10955	0.81883	0.07162
40 S	0.09833	0.83427	0.06739
41 L	0.07545	0.87604	0.04851
42 V	0.07331	0.88125	0.04544
43 L	0.07273	0.88299	0.04428
44 G	0.07245	0.88477	0.04277
45 V	0.07235	0.88479	0.04285
46 L	0.07280	0.88070	0.0465
47 L	0.07582	0.86851	0.05567
48 G	0.09675	0.78475	0.1185
49 S	0.13194	0.65355	0.21451
50 D	0.15938	0.56736	0.27326
51 N	0.16250	0.53838	0.29912
52 V	0.16350	0.53941	0.29709
53 M	0.16563	0.52783	0.30654
54 L	0.16616	0.52537	0.30846
55 F	0.16716	0.51833	0.31451
56 N	0.17524	0.49454	0.33021
57 A	0.17638	0.46461	0.35902
58 F	0.17823	0.42932	0.39245
59 S	0.22138	0.19758	0.58104
60 N	0.23211	0.13073	0.63716
61 S	0.23701	0.10995	0.65304
62 C	0.24182	0.03514	0.72303
63 S	0.24311	0.03252	0.72437
64 F	0.24686	0.02688	0.72626
65 F	0.24870	0.02404	0.72727
66 S	0.25018	0.02193	0.72789
67 K	0.25144	0.02077	0.72779
68 S	0.24623	0.05091	0.70286
69 S	0.24235	0.07229	0.68537
70 N	0.23370	0.12663	0.63967
71 I	0.21503	0.22096	0.56402
72 F	0.21110	0.23190	0.55699
73 F	0.21122	0.23894	0.54984
74 S	0.21422	0.23621	0.54957
75 C	0.21898	0.23174	0.54929
76 C	0.21772	0.24231	0.53997
77 V	0.21538	0.25688	0.52773
78 K	0.21516	0.26579	0.51904
79 F	0.20999	0.29977	0.49023
80 R	0.20966	0.30589	0.48446
81 Y	0.20909	0.31106	0.47985
82 V	0.20910	0.31151	0.4794
83 G	0.20937	0.31112	0.47951
84 L	0.20962	0.31034	0.48004
85 V	0.21121	0.30708	0.48171
86 V	0.21241	0.30522	0.48237
87 L	0.21470	0.30155	0.48375
88 N	0.22601	0.28314	0.49085
89 S	0.23187	0.27409	0.49405
90 S	0.23739	0.26634	0.49627
91 N	0.26047	0.23999	0.49954
92 L	0.27088	0.22851	0.50061
93 W	0.30956	0.18611	0.50433
94 F	0.37005	0.11038	0.51957
95 C	0.39102	0.08160	0.52738
96 S	0.41574	0.05433	0.52993
97 G	0.43518	0.03132	0.5335
98 E	0.45866	0.00451	0.53683
99 K	0.46228	0.00037	0.53736
100 K	0.46243	0.00020	0.53737
101 F	0.46245	0.00017	0.53737
102 A	0.46260	0.00000	0.5374
