# tr|Q6YR29|Q6YR29_ONYPE
# AA	inside	membr	outside
1 M	0.99796	0.00000	0.00204
2 K	0.99796	0.00000	0.00204
3 K	0.99796	0.00000	0.00204
4 N	0.99796	0.00000	0.00204
5 F	0.99796	0.00000	0.00204
6 K	0.99796	0.00000	0.00204
7 P	0.99796	0.00000	0.00204
8 F	0.99796	0.00000	0.00204
9 L	0.99796	0.00000	0.00204
10 F	0.99796	0.00000	0.00204
11 F	0.99796	0.00000	0.00204
12 Q	0.99796	0.00000	0.00204
13 K	0.99796	0.00000	0.00204
14 K	0.99796	0.00000	0.00204
15 L	0.99796	0.00000	0.00204
16 K	0.99796	0.00000	0.00204
17 Y	0.99781	0.00015	0.00204
18 W	0.99780	0.00016	0.00204
19 A	0.99635	0.00161	0.00204
20 K	0.99437	0.00360	0.00204
21 N	0.83163	0.16634	0.00204
22 K	0.81366	0.18431	0.00203
23 N	0.64990	0.34819	0.0019
24 I	0.12891	0.87032	0.00077
25 L	0.01207	0.98782	0.00011
26 F	0.00216	0.99779	5e-05
27 G	0.00080	0.99917	3e-05
28 S	0.00034	0.99964	1e-05
29 L	0.00006	0.99993	0
30 F	0.00000	1.00000	0
31 L	0.00000	1.00000	0
32 T	0.00000	1.00000	0
33 I	0.00000	1.00000	0
34 L	0.00000	1.00000	0
35 F	0.00000	1.00000	0
36 L	0.00000	1.00000	0
37 A	0.00000	0.99999	0
38 V	0.00000	0.99998	2e-05
39 Y	0.00000	0.99953	0.00047
40 L	0.00000	0.99855	0.00144
41 I	0.00002	0.99101	0.00898
42 P	0.00012	0.94157	0.05831
43 F	0.00019	0.90992	0.08989
44 T	0.00054	0.67171	0.32775
45 P	0.00057	0.62896	0.37046
46 L	0.00061	0.52553	0.47387
47 Y	0.00126	0.11764	0.8811
48 K	0.00198	0.00177	0.99625
49 N	0.00202	0.00013	0.99785
50 P	0.00203	0.00002	0.99796
51 D	0.00204	0.00000	0.99797
52 A	0.00204	0.00000	0.99797
53 S	0.00204	0.00000	0.99797
54 S	0.00204	0.00000	0.99797
55 H	0.00204	0.00000	0.99797
56 Y	0.00204	0.00000	0.99797
57 K	0.00204	0.00000	0.99797
58 R	0.00204	0.00000	0.99797
59 L	0.00203	0.00000	0.99797
60 Q	0.00203	0.00000	0.99797
61 S	0.00203	0.00000	0.99797
62 I	0.00203	0.00000	0.99797
63 S	0.00203	0.00000	0.99797
64 L	0.00203	0.00000	0.99797
65 K	0.00203	0.00000	0.99797
66 H	0.00203	0.00000	0.99797
67 L	0.00203	0.00000	0.99797
68 M	0.00203	0.00000	0.99797
69 G	0.00203	0.00000	0.99797
70 T	0.00203	0.00000	0.99797
71 D	0.00203	0.00000	0.99797
72 S	0.00203	0.00000	0.99797
73 T	0.00203	0.00000	0.99797
74 G	0.00203	0.00000	0.99797
75 H	0.00203	0.00000	0.99797
76 D	0.00203	0.00000	0.99797
77 L	0.00203	0.00000	0.99797
78 F	0.00203	0.00000	0.99797
79 N	0.00204	0.00000	0.99797
80 R	0.00204	0.00000	0.99797
81 M	0.00204	0.00001	0.99796
82 L	0.00204	0.00002	0.99795
83 E	0.00204	0.00002	0.99795
84 G	0.00204	0.00007	0.9979
85 T	0.00204	0.00017	0.99779
86 K	0.00204	0.00039	0.99757
87 K	0.00201	0.01051	0.98748
88 S	0.00126	0.15548	0.84325
89 L	0.00056	0.37643	0.62301
90 T	0.00032	0.45460	0.54508
91 I	0.00002	0.95587	0.04411
92 G	0.00001	0.96252	0.03747
93 F	0.00001	0.96803	0.03197
94 C	0.00000	0.97612	0.02388
95 S	0.00000	0.98433	0.01566
96 I	0.00000	0.99948	0.00052
97 M	0.00000	0.99984	0.00016
98 M	0.00000	0.99995	5e-05
99 A	0.00000	0.99999	1e-05
100 S	0.00000	0.99999	1e-05
101 I	0.00000	0.99999	0
102 I	0.00000	0.99999	0
103 G	0.00000	0.99999	0
104 T	0.00000	0.99999	0
105 L	0.00001	0.99999	0
106 L	0.00002	0.99997	1e-05
107 G	0.00195	0.99804	1e-05
108 I	0.01123	0.98875	2e-05
109 I	0.03898	0.96096	7e-05
110 S	0.08167	0.91815	0.00018
111 G	0.18549	0.81354	0.00097
112 Y	0.30229	0.69619	0.00152
113 F	0.39136	0.60688	0.00176
114 K	0.98788	0.01008	0.00203
115 N	0.99300	0.00496	0.00203
116 I	0.99342	0.00456	0.00202
117 F	0.99390	0.00407	0.00202
118 D	0.98422	0.01376	0.00202
119 N	0.86751	0.13052	0.00198
120 I	0.20068	0.79813	0.00119
121 I	0.15457	0.84473	0.00071
122 N	0.07822	0.92125	0.00052
123 F	0.02050	0.97926	0.00025
124 I	0.01115	0.98866	0.00019
125 C	0.00747	0.99235	0.00017
126 D	0.00523	0.99463	0.00014
127 I	0.00031	0.99966	3e-05
128 L	0.00006	0.99992	2e-05
129 V	0.00004	0.99995	2e-05
130 V	0.00003	0.99995	2e-05
131 F	0.00003	0.99995	2e-05
132 P	0.00003	0.99995	2e-05
133 D	0.00003	0.99995	2e-05
134 V	0.00003	0.99995	2e-05
135 I	0.00003	0.99995	2e-05
136 L	0.00003	0.99977	0.0002
137 A	0.00003	0.99935	0.00062
138 I	0.00003	0.99818	0.00179
139 L	0.00004	0.99649	0.00347
140 I	0.00007	0.98990	0.01003
141 M	0.00009	0.92269	0.07722
142 F	0.00012	0.75906	0.24081
143 F	0.00064	0.20610	0.79326
144 L	0.00134	0.14641	0.85225
145 K	0.00192	0.02957	0.96851
146 D	0.00205	0.00115	0.9968
147 N	0.00205	0.00119	0.99675
148 K	0.00204	0.00362	0.99434
149 K	0.00188	0.04825	0.94987
150 L	0.00125	0.21812	0.78062
151 S	0.00087	0.42046	0.57867
152 L	0.00082	0.90586	0.09331
153 I	0.00081	0.95702	0.04216
154 I	0.00081	0.96083	0.03836
155 A	0.00081	0.96099	0.0382
156 L	0.00081	0.96103	0.03816
157 S	0.00081	0.96104	0.03815
158 I	0.00081	0.96104	0.03815
159 S	0.00081	0.96104	0.03815
160 N	0.00081	0.96104	0.03815
161 A	0.00081	0.96104	0.03815
162 P	0.00081	0.96104	0.03815
163 T	0.00081	0.96104	0.03815
164 F	0.00081	0.96104	0.03815
165 I	0.00099	0.96086	0.03815
166 R	0.00164	0.96021	0.03816
167 I	0.00319	0.95865	0.03817
168 I	0.02663	0.93514	0.03823
169 R	0.43293	0.52838	0.03869
170 A	0.61928	0.34185	0.03887
171 N	0.89286	0.06789	0.03925
172 T	0.92107	0.03966	0.03927
173 M	0.94366	0.01700	0.03934
174 K	0.95971	0.00089	0.0394
175 I	0.96014	0.00047	0.0394
176 R	0.96060	0.00001	0.0394
177 Q	0.96060	0.00000	0.0394
178 K	0.96059	0.00001	0.0394
179 G	0.96039	0.00023	0.03938
180 F	0.96021	0.00041	0.03938
181 I	0.96009	0.00053	0.03938
182 K	0.96007	0.00056	0.03938
183 A	0.95977	0.00087	0.03937
184 S	0.95972	0.00091	0.03936
185 K	0.95967	0.00097	0.03936
186 A	0.95581	0.00502	0.03917
187 L	0.95374	0.00717	0.03908
188 G	0.95292	0.00802	0.03906
189 S	0.95173	0.00921	0.03905
190 N	0.95116	0.00979	0.03905
191 E	0.95023	0.01073	0.03904
192 F	0.94870	0.01229	0.03901
193 C	0.94852	0.01247	0.03901
194 I	0.94794	0.01306	0.039
195 I	0.94770	0.01330	0.039
196 F	0.94762	0.01338	0.039
197 K	0.94758	0.01331	0.03911
198 H	0.94312	0.01783	0.03906
199 V	0.92519	0.03582	0.03899
200 L	0.85975	0.10148	0.03877
201 P	0.84641	0.11476	0.03883
202 H	0.79820	0.16300	0.0388
203 L	0.61664	0.34508	0.03829
204 W	0.59169	0.37051	0.0378
205 S	0.58069	0.38194	0.03737
206 I	0.28926	0.69824	0.0125
207 I	0.19039	0.80117	0.00843
208 I	0.16928	0.82374	0.00697
209 T	0.16434	0.82386	0.0118
210 R	0.14034	0.84872	0.01094
211 I	0.09229	0.89903	0.00868
212 T	0.07348	0.91978	0.00674
213 I	0.04061	0.95764	0.00175
214 G	0.02598	0.97203	0.00199
215 M	0.01795	0.97934	0.00271
216 A	0.01407	0.98319	0.00274
217 T	0.01171	0.98539	0.0029
218 V	0.00832	0.98882	0.00286
219 I	0.00773	0.98901	0.00326
220 L	0.00760	0.98699	0.00542
221 T	0.00767	0.97933	0.01301
222 I	0.00771	0.96315	0.02914
223 S	0.00794	0.88238	0.10968
224 G	0.00808	0.86029	0.13163
225 L	0.00825	0.81386	0.17788
226 S	0.00934	0.64258	0.34807
227 F	0.01008	0.62115	0.36878
228 V	0.01147	0.59674	0.39178
229 G	0.03306	0.32871	0.63822
230 L	0.03789	0.22951	0.7326
231 G	0.04209	0.16783	0.79007
232 L	0.04565	0.13664	0.81772
233 D	0.05480	0.06031	0.88489
234 P	0.05525	0.04243	0.90231
235 T	0.05547	0.03539	0.90914
236 I	0.05561	0.02622	0.91817
237 P	0.05572	0.01126	0.93302
238 E	0.05581	0.00277	0.94142
239 W	0.05580	0.00233	0.94187
240 G	0.05582	0.00174	0.94245
241 N	0.05597	0.00080	0.94324
242 I	0.05601	0.00081	0.94318
243 L	0.05599	0.00301	0.94101
244 N	0.05610	0.00377	0.94013
245 A	0.05610	0.00476	0.93913
246 S	0.05615	0.00500	0.93885
247 R	0.05609	0.01645	0.92746
248 S	0.05533	0.05426	0.89041
249 D	0.05152	0.11286	0.83562
250 I	0.04977	0.16829	0.78194
251 R	0.04897	0.18872	0.76232
252 F	0.04419	0.24283	0.71299
253 Y	0.04419	0.24283	0.71299
254 P	0.04419	0.24283	0.71299
255 H	0.04419	0.24283	0.71299
256 L	0.04419	0.24282	0.71299
257 I	0.04419	0.24282	0.71299
258 F	0.04419	0.24282	0.71299
259 W	0.04420	0.24281	0.71299
260 T	0.04423	0.24278	0.71299
261 F	0.04424	0.24276	0.713
262 Y	0.04433	0.24266	0.71301
263 H	0.04487	0.24206	0.71307
264 Y	0.04511	0.24179	0.7131
265 F	0.04664	0.24018	0.71318
266 I	0.07685	0.20936	0.71379
267 N	0.27479	0.00000	0.72521
