# tr|Q6YR41|Q6YR41_ONYPE
# AA	inside	membr	outside
1 M	0.84304	0.00000	0.15696
2 R	0.84051	0.00253	0.15696
3 F	0.82173	0.02131	0.15696
4 L	0.82173	0.02279	0.15548
5 P	0.81718	0.02863	0.15419
6 L	0.81718	0.02944	0.15338
7 I	0.66151	0.18531	0.15318
8 V	0.66150	0.18533	0.15318
9 M	0.65747	0.18951	0.15302
10 S	0.65743	0.22920	0.11337
11 F	0.64384	0.26113	0.09503
12 Y	0.19933	0.71303	0.08765
13 V	0.00549	0.94462	0.04989
14 P	0.00547	0.94464	0.04989
15 W	0.00547	0.97762	0.01691
16 H	0.00468	0.97842	0.01691
17 L	0.00249	0.98080	0.01671
18 S	0.00248	0.98095	0.01657
19 C	0.00233	0.98112	0.01656
20 L	0.00208	0.98190	0.01602
21 G	0.00200	0.98183	0.01617
22 A	0.00203	0.98179	0.01618
23 C	0.00208	0.98161	0.01631
24 L	0.00232	0.98135	0.01634
25 A	0.00307	0.97592	0.02101
26 E	0.00353	0.95417	0.0423
27 T	0.00386	0.95353	0.04262
28 I	0.00409	0.95216	0.04374
29 G	0.00442	0.94816	0.04741
30 Y	0.00457	0.80174	0.19368
31 F	0.00477	0.78326	0.21197
32 V	0.00681	0.77073	0.22245
33 G	0.05564	0.69589	0.24847
34 Y	0.07684	0.65654	0.26662
35 G	0.08725	0.20722	0.70553
36 Y	0.11933	0.03075	0.84992
37 E	0.12230	0.02308	0.85462
38 F	0.13912	0.03115	0.82973
39 C	0.12979	0.17335	0.69686
40 Y	0.11130	0.34996	0.53874
41 Q	0.10698	0.36504	0.52798
42 F	0.08970	0.41692	0.49339
43 E	0.08431	0.43638	0.47931
44 L	0.01734	0.91663	0.06602
45 I	0.00295	0.99269	0.00436
46 A	0.00183	0.99404	0.00413
47 N	0.00153	0.99443	0.00404
48 L	0.00135	0.99468	0.00397
49 A	0.00134	0.99472	0.00394
50 C	0.00134	0.99472	0.00394
51 V	0.00134	0.99472	0.00394
52 L	0.00135	0.99471	0.00395
53 S	0.00135	0.99469	0.00396
54 F	0.00135	0.99468	0.00397
55 G	0.00136	0.99466	0.00398
56 L	0.00154	0.99446	0.004
57 L	0.00250	0.99310	0.0044
58 P	0.00380	0.99035	0.00585
59 G	0.00472	0.98724	0.00804
60 L	0.00796	0.98287	0.00917
61 L	0.03838	0.95027	0.01135
62 L	0.38260	0.57364	0.04376
63 R	0.74617	0.14556	0.10826
64 H	0.82351	0.03818	0.13831
65 Q	0.85108	0.00460	0.14432
66 D	0.85336	0.00175	0.14489
67 N	0.82566	0.03208	0.14225
68 F	0.53117	0.33551	0.13331
69 L	0.32528	0.54476	0.12996
70 K	0.32061	0.54978	0.12961
71 M	0.25336	0.64521	0.10143
72 Y	0.20507	0.74743	0.04749
73 L	0.11340	0.87747	0.00912
74 V	0.04056	0.95591	0.00352
75 V	0.00238	0.99516	0.00246
76 V	0.00182	0.99705	0.00114
77 L	0.00173	0.99770	0.00058
78 L	0.00170	0.99784	0.00047
79 S	0.00170	0.99789	0.00042
80 A	0.00169	0.99795	0.00036
81 L	0.00169	0.99804	0.00027
82 Y	0.00169	0.99806	0.00025
83 Q	0.00170	0.99798	0.00032
84 T	0.00169	0.99796	0.00036
85 L	0.00168	0.99747	0.00084
86 Y	0.00175	0.99085	0.0074
87 W	0.00197	0.97052	0.02751
88 Y	0.00248	0.92229	0.07523
89 V	0.00417	0.90040	0.09543
90 M	0.02208	0.83289	0.14503
91 L	0.04506	0.49994	0.455
92 K	0.07734	0.23479	0.68787
93 W	0.07777	0.23269	0.68954
94 W	0.08103	0.22224	0.69672
95 W	0.09792	0.19195	0.71012
96 T	0.14048	0.09207	0.76744
97 A	0.14571	0.03845	0.81584
98 E	0.14651	0.00117	0.85232
99 I	0.14665	0.00093	0.85241
100 N	0.14679	0.00060	0.85262
101 I	0.14679	0.00059	0.85262
102 F	0.14680	0.00056	0.85264
103 S	0.14688	0.00047	0.85264
104 Q	0.14707	0.00029	0.85264
105 D	0.14708	0.00038	0.85254
106 I	0.14708	0.00776	0.84516
107 T	0.14708	0.00812	0.8448
108 I	0.14708	0.00835	0.84457
109 Q	0.14709	0.00846	0.84445
110 Q	0.14709	0.00922	0.84369
111 I	0.14699	0.01276	0.84026
112 A	0.14692	0.01370	0.83938
113 T	0.14693	0.01479	0.83829
114 T	0.14481	0.01943	0.83577
115 M	0.13054	0.04823	0.82122
116 V	0.07056	0.13269	0.79675
117 N	0.06890	0.13626	0.79484
118 K	0.06695	0.14288	0.79016
119 G	0.02180	0.52336	0.45484
120 L	0.00246	0.85602	0.14153
121 F	0.00015	0.98330	0.01656
122 I	0.00005	0.99555	0.0044
123 A	0.00002	0.99873	0.00125
124 L	0.00001	0.99955	0.00044
125 P	0.00001	0.99986	0.00013
126 L	0.00001	0.99995	4e-05
127 V	0.00001	0.99997	3e-05
128 F	0.00001	0.99997	2e-05
129 V	0.00014	0.99984	2e-05
130 T	0.00019	0.99978	2e-05
131 S	0.00021	0.99976	3e-05
132 F	0.00022	0.99975	3e-05
133 F	0.00027	0.99969	4e-05
134 V	0.00103	0.99883	0.00013
135 V	0.00173	0.99793	0.00033
136 I	0.00351	0.99544	0.00106
137 L	0.01528	0.97866	0.00606
138 L	0.09962	0.87046	0.02992
139 K	0.57972	0.28410	0.13619
140 E	0.60698	0.25479	0.13823
141 L	0.60965	0.25188	0.13846
142 F	0.65599	0.20288	0.14113
143 K	0.84597	0.00683	0.1472
144 R	0.85222	0.00051	0.14727
145 L	0.85239	0.00033	0.14728
146 Q	0.85260	0.00012	0.14728
147 F	0.85261	0.00010	0.14728
148 L	0.85265	0.00007	0.14728
149 A	0.85271	0.00001	0.14729
150 D	0.85271	0.00000	0.14729
151 N	0.85271	0.00000	0.14729
152 Y	0.85271	0.00000	0.14729
153 E	0.85271	0.00000	0.14729
154 F	0.85271	0.00000	0.14729
155 Y	0.85271	0.00000	0.14729
156 K	0.85271	0.00000	0.14729
157 K	0.85271	0.00000	0.14729
