# tr|Q6YQ81|Q6YQ81_ONYPE
# AA	inside	membr	outside
1 M	0.07492	0.00000	0.92508
2 L	0.07476	0.00016	0.92508
3 E	0.07475	0.00017	0.92508
4 F	0.07475	0.00139	0.92386
5 I	0.07335	0.00597	0.92068
6 I	0.07335	0.00617	0.92048
7 L	0.07072	0.00886	0.92042
8 I	0.07072	0.00886	0.92042
9 W	0.07036	0.00923	0.92041
10 L	0.07036	0.00989	0.91976
11 F	0.07034	0.00993	0.91973
12 K	0.07027	0.01000	0.91973
13 K	0.06312	0.01827	0.91862
14 T	0.06305	0.01834	0.91861
15 S	0.06305	0.28984	0.64711
16 L	0.02667	0.32624	0.64709
17 S	0.01422	0.34672	0.63906
18 F	0.01399	0.38181	0.6042
19 L	0.01059	0.44052	0.54889
20 A	0.00519	0.92564	0.06917
21 T	0.00078	0.93117	0.06805
22 P	0.00059	0.95766	0.04176
23 F	0.00046	0.97859	0.02094
24 I	0.00044	0.98627	0.01329
25 T	0.00050	0.98696	0.01254
26 T	0.00051	0.98734	0.01215
27 L	0.00057	0.98748	0.01196
28 L	0.00121	0.98632	0.01247
29 V	0.00130	0.98617	0.01253
30 I	0.00145	0.98414	0.0144
31 S	0.00189	0.98343	0.01467
32 L	0.00212	0.98284	0.01503
33 N	0.01205	0.97232	0.01563
34 T	0.01836	0.96560	0.01603
35 I	0.02701	0.95645	0.01654
36 A	0.04047	0.93363	0.02589
37 N	0.06001	0.91079	0.0292
38 L	0.26714	0.70272	0.03014
39 T	0.29480	0.64330	0.06189
40 N	0.32658	0.59966	0.07376
41 L	0.34877	0.57693	0.07429
42 F	0.43699	0.48604	0.07696
43 M	0.87197	0.04641	0.08162
44 H	0.88460	0.02985	0.08556
45 N	0.90707	0.00711	0.08583
46 I	0.91043	0.00370	0.08587
47 K	0.91389	0.00018	0.08594
48 M	0.91394	0.00013	0.08594
49 L	0.91399	0.00007	0.08594
50 D	0.91405	0.00000	0.08594
51 K	0.91405	0.00000	0.08594
52 G	0.91405	0.00001	0.08594
53 Q	0.91405	0.00002	0.08593
54 I	0.91402	0.00007	0.08591
55 E	0.91401	0.00008	0.08591
56 A	0.91399	0.00011	0.0859
57 A	0.91399	0.00012	0.0859
58 Y	0.91398	0.00012	0.0859
59 S	0.91398	0.00012	0.0859
60 L	0.91398	0.00012	0.0859
61 G	0.91398	0.00012	0.0859
62 M	0.91398	0.00012	0.0859
63 N	0.91398	0.00012	0.0859
64 Q	0.91398	0.00012	0.0859
65 K	0.91398	0.00012	0.0859
66 Q	0.91397	0.00013	0.0859
67 V	0.91376	0.00035	0.08589
68 F	0.91372	0.00040	0.08589
69 K	0.91371	0.00040	0.08589
70 Y	0.91361	0.00051	0.08588
71 I	0.91355	0.00058	0.08587
72 L	0.91354	0.00059	0.08587
73 F	0.91354	0.00059	0.08587
74 E	0.91358	0.00051	0.08591
75 Q	0.91358	0.00051	0.08591
76 G	0.91358	0.00050	0.08591
77 L	0.91358	0.00050	0.08592
78 Q	0.91358	0.00049	0.08593
79 R	0.91358	0.00048	0.08594
80 T	0.91358	0.00048	0.08594
81 K	0.91358	0.00048	0.08594
82 P	0.91358	0.00048	0.08594
83 F	0.91358	0.00048	0.08594
84 I	0.91358	0.00048	0.08594
85 L	0.91358	0.00048	0.08594
86 A	0.91358	0.00048	0.08594
87 T	0.91358	0.00047	0.08595
88 I	0.91358	0.00046	0.08596
89 Y	0.91359	0.00042	0.086
90 S	0.91360	0.00010	0.0863
91 K	0.91361	0.00000	0.08638
92 Y	0.91361	0.00000	0.08638
