# tr|Q6YQR5|Q6YQR5_ONYPE
# AA	inside	membr	outside
1 M	0.97572	0.00000	0.02428
2 L	0.97572	0.00000	0.02428
3 N	0.97572	0.00000	0.02428
4 N	0.97572	0.00000	0.02428
5 Q	0.97570	0.00002	0.02427
6 K	0.97570	0.00013	0.02416
7 N	0.77524	0.20131	0.02345
8 V	0.77523	0.20134	0.02343
9 L	0.75504	0.22173	0.02323
10 R	0.75504	0.22690	0.01806
11 K	0.74772	0.23547	0.01681
12 I	0.18559	0.80946	0.00494
13 I	0.00165	0.99642	0.00192
14 A	0.00162	0.99645	0.00192
15 I	0.00162	0.99821	0.00017
16 S	0.00098	0.99885	0.00017
17 F	0.00057	0.99926	0.00016
18 L	0.00057	0.99927	0.00016
19 L	0.00055	0.99929	0.00016
20 F	0.00053	0.99931	0.00016
21 L	0.00053	0.99932	0.00016
22 A	0.00053	0.99913	0.00035
23 F	0.00053	0.99892	0.00056
24 G	0.00053	0.99812	0.00135
25 L	0.00053	0.99131	0.00816
26 E	0.00056	0.98023	0.01921
27 L	0.00057	0.90200	0.09744
28 L	0.00091	0.88189	0.1172
29 S	0.00364	0.81186	0.1845
30 R	0.01345	0.67994	0.30662
31 Y	0.01443	0.65484	0.33073
32 T	0.01588	0.34903	0.63509
33 I	0.01681	0.28705	0.69615
34 N	0.01784	0.12876	0.8534
35 A	0.02348	0.04682	0.9297
36 T	0.02398	0.03596	0.94006
37 I	0.02369	0.06139	0.91491
38 P	0.02403	0.07196	0.90401
39 C	0.02393	0.09364	0.88243
40 N	0.02372	0.11307	0.86321
41 Y	0.01385	0.61724	0.36891
42 A	0.01146	0.74372	0.24482
43 F	0.01048	0.93155	0.05796
44 F	0.00997	0.96834	0.02169
45 R	0.00994	0.96961	0.02045
46 I	0.00853	0.97853	0.01294
47 E	0.00781	0.98007	0.01213
48 L	0.00586	0.98895	0.00519
49 I	0.00370	0.99529	0.001
50 F	0.00146	0.99799	0.00054
51 I	0.00075	0.99895	0.00031
52 I	0.00048	0.99925	0.00028
53 L	0.00041	0.99933	0.00026
54 I	0.00039	0.99937	0.00024
55 G	0.00104	0.99871	0.00024
56 Y	0.00588	0.99387	0.00025
57 L	0.01043	0.98930	0.00027
58 F	0.03612	0.96353	0.00035
59 G	0.19524	0.80200	0.00276
60 P	0.40696	0.58655	0.00649
61 K	0.84787	0.14075	0.01138
62 Y	0.81980	0.16910	0.0111
63 G	0.76710	0.22232	0.01058
64 F	0.61151	0.38057	0.00792
65 W	0.50499	0.48733	0.00768
66 A	0.53769	0.45406	0.00826
67 S	0.09713	0.89408	0.00879
68 L	0.05339	0.93823	0.00839
69 F	0.04849	0.94259	0.00892
70 Y	0.02517	0.96538	0.00945
71 L	0.01229	0.97732	0.01039
72 L	0.00396	0.98402	0.01202
73 I	0.00434	0.98125	0.0144
74 H	0.00502	0.97878	0.0162
75 Y	0.00504	0.97826	0.01671
76 V	0.00506	0.97789	0.01705
77 L	0.00512	0.97701	0.01787
78 E	0.00529	0.97348	0.02123
79 F	0.00531	0.97218	0.02251
80 S	0.00539	0.96673	0.02788
81 F	0.00543	0.96352	0.03104
82 M	0.00563	0.94735	0.04702
83 E	0.00577	0.91157	0.08267
84 V	0.00578	0.90733	0.08689
85 L	0.00590	0.88415	0.10995
86 L	0.00636	0.82559	0.16805
87 H	0.00967	0.63438	0.35595
88 H	0.01065	0.52552	0.46383
89 I	0.01091	0.51340	0.4757
90 H	0.01137	0.02572	0.96291
91 E	0.01158	0.00259	0.98583
92 N	0.01159	0.00054	0.98788
93 H	0.01159	0.00012	0.98829
94 N	0.01159	0.00008	0.98834
95 H	0.01159	0.00000	0.98841
96 S	0.01159	0.00000	0.98841
97 H	0.01159	0.00000	0.98841
98 D	0.01159	0.00000	0.98841
99 H	0.01159	0.00000	0.98841
100 E	0.01159	0.00000	0.98841
101 N	0.01159	0.00001	0.9884
102 E	0.01159	0.00004	0.98837
103 H	0.01159	0.00017	0.98824
104 A	0.01141	0.00205	0.98654
105 S	0.01138	0.00453	0.98409
106 K	0.01109	0.06885	0.92006
107 A	0.00743	0.17088	0.82169
108 L	0.00632	0.20982	0.78386
109 I	0.00120	0.94162	0.05717
110 F	0.00051	0.97718	0.02231
111 L	0.00025	0.99672	0.00303
112 Y	0.00024	0.99768	0.00208
113 R	0.00024	0.99802	0.00175
114 F	0.00021	0.99956	0.00023
115 F	0.00021	0.99966	0.00013
116 L	0.00021	0.99967	0.00012
117 P	0.00021	0.99967	0.00012
118 Y	0.00021	0.99967	0.00012
119 I	0.00021	0.99967	0.00012
120 V	0.00021	0.99967	0.00012
121 C	0.00023	0.99965	0.00012
122 S	0.00029	0.99958	0.00013
123 F	0.00032	0.99955	0.00013
124 S	0.00036	0.99951	0.00013
125 G	0.00053	0.99933	0.00014
126 L	0.00080	0.99905	0.00016
127 F	0.00572	0.98926	0.00502
128 Y	0.04256	0.95175	0.00569
129 Q	0.91684	0.07351	0.00964
130 K	0.98603	0.00289	0.01108
131 N	0.98685	0.00196	0.01119
132 L	0.98735	0.00115	0.01149
133 N	0.98820	0.00030	0.01151
134 H	0.98830	0.00019	0.01151
135 L	0.98836	0.00013	0.01151
136 T	0.98839	0.00010	0.01151
137 K	0.98841	0.00008	0.01151
138 K	0.98773	0.00079	0.01147
139 T	0.97723	0.01186	0.01092
140 P	0.87073	0.11889	0.01038
141 I	0.01880	0.98037	0.00083
142 I	0.00306	0.99673	0.0002
143 I	0.00235	0.99761	5e-05
144 T	0.00188	0.99812	1e-05
145 L	0.00054	0.99946	0
146 V	0.00013	0.99987	0
147 L	0.00005	0.99995	0
148 I	0.00002	0.99998	0
149 S	0.00000	0.99999	0
150 V	0.00000	1.00000	0
151 V	0.00000	1.00000	0
152 Q	0.00000	1.00000	0
153 I	0.00000	1.00000	0
154 I	0.00000	0.99999	0
155 S	0.00000	0.99997	2e-05
156 S	0.00000	0.99995	4e-05
157 I	0.00000	0.99991	9e-05
158 L	0.00000	0.99959	0.0004
159 F	0.00001	0.99752	0.00248
160 I	0.00003	0.99006	0.0099
161 N	0.00029	0.92089	0.07881
162 L	0.00072	0.90766	0.09163
163 L	0.00145	0.79706	0.20149
164 Q	0.01106	0.02216	0.96678
165 E	0.01146	0.00246	0.98608
166 N	0.01150	0.00139	0.9871
167 F	0.01151	0.00114	0.98735
168 A	0.01151	0.00059	0.9879
169 K	0.01151	0.00001	0.98848
170 K	0.01151	0.00000	0.98849
171 T	0.01151	0.00001	0.98849
172 F	0.01150	0.00003	0.98848
173 L	0.01149	0.00004	0.98847
174 K	0.01149	0.00004	0.98847
175 W	0.01145	0.00027	0.98829
176 F	0.01143	0.00037	0.9882
177 I	0.01143	0.00044	0.98813
178 P	0.01143	0.00068	0.98789
179 S	0.01143	0.00070	0.98787
180 P	0.01141	0.00128	0.98732
181 S	0.01138	0.00179	0.98682
182 Y	0.01122	0.00474	0.98403
183 S	0.01040	0.01654	0.97306
184 W	0.00608	0.02467	0.96925
185 S	0.00584	0.03649	0.95766
186 L	0.00487	0.13047	0.86466
187 N	0.00361	0.23806	0.75832
188 L	0.00229	0.52320	0.47452
189 I	0.00094	0.94434	0.05472
190 Y	0.00068	0.96610	0.03322
191 S	0.00037	0.97753	0.0221
192 F	0.00014	0.99425	0.00561
193 S	0.00012	0.99559	0.00428
194 S	0.00008	0.99862	0.0013
195 V	0.00004	0.99957	0.00039
196 I	0.00003	0.99988	9e-05
197 V	0.00003	0.99988	8e-05
198 S	0.00008	0.99982	0.0001
199 N	0.00009	0.99980	0.0001
200 T	0.00009	0.99980	0.0001
201 I	0.00010	0.99979	0.0001
202 I	0.00011	0.99977	0.00012
203 G	0.00032	0.99953	0.00015
204 A	0.00045	0.99931	0.00023
205 L	0.00077	0.99886	0.00037
206 F	0.00438	0.99467	0.00095
207 Y	0.00795	0.98829	0.00376
208 L	0.03236	0.96337	0.00427
209 I	0.14094	0.85353	0.00553
210 N	0.32189	0.66982	0.0083
211 L	0.54574	0.44479	0.00947
212 R	0.97289	0.01607	0.01105
213 L	0.97783	0.01103	0.01114
214 K	0.98769	0.00076	0.01155
215 D	0.98842	0.00001	0.01157
216 N	0.98842	0.00000	0.01157
217 M	0.98843	0.00000	0.01157
218 E	0.98843	0.00000	0.01157
219 F	0.98843	0.00000	0.01157
220 L	0.98843	0.00000	0.01157
221 Y	0.98843	0.00000	0.01157
222 G	0.98843	0.00000	0.01157
223 F	0.98843	0.00000	0.01157
224 S	0.98843	0.00000	0.01157
225 K	0.98843	0.00000	0.01157
226 E	0.98843	0.00000	0.01157
227 N	0.98843	0.00000	0.01157
