# tr|Q6YR96|Q6YR96_ONYPE
# AA	inside	membr	outside
1 M	0.99967	0.00000	0.00033
2 Y	0.99967	0.00000	0.00033
3 F	0.99967	0.00000	0.00033
4 S	0.99967	0.00000	0.00033
5 I	0.99967	0.00000	0.00033
6 T	0.99967	0.00000	0.00033
7 Q	0.99967	0.00000	0.00033
8 K	0.99967	0.00000	0.00033
9 T	0.99965	0.00002	0.00033
10 K	0.99965	0.00003	0.00033
11 K	0.99862	0.00105	0.00033
12 T	0.74899	0.25070	0.00032
13 L	0.07263	0.92711	0.00026
14 H	0.07259	0.92715	0.00026
15 K	0.07259	0.92733	8e-05
16 Y	0.02975	0.97018	8e-05
17 I	0.00253	0.99741	6e-05
18 L	0.00241	0.99753	6e-05
19 A	0.00185	0.99809	6e-05
20 A	0.00067	0.99928	5e-05
21 H	0.00004	0.99991	5e-05
22 I	0.00001	0.99994	5e-05
23 L	0.00001	0.99994	5e-05
24 A	0.00001	0.99994	5e-05
25 L	0.00001	0.99994	5e-05
26 A	0.00001	0.99994	5e-05
27 L	0.00001	0.99993	7e-05
28 I	0.00001	0.99987	0.00012
29 L	0.00001	0.99940	0.00059
30 F	0.00001	0.98986	0.01012
31 H	0.00003	0.71892	0.28104
32 F	0.00004	0.47482	0.52515
33 S	0.00014	0.20782	0.79204
34 K	0.00025	0.10487	0.89488
35 Q	0.00027	0.08998	0.90975
36 M	0.00027	0.02368	0.97605
37 G	0.00027	0.01952	0.98021
38 L	0.00027	0.01898	0.98075
39 Y	0.00028	0.01461	0.98511
40 D	0.00028	0.00078	0.99893
41 Y	0.00028	0.00140	0.99832
42 F	0.00028	0.01225	0.98746
43 R	0.00029	0.01839	0.98132
44 S	0.00027	0.03633	0.9634
45 P	0.00019	0.14521	0.8546
46 L	0.00012	0.36612	0.63375
47 T	0.00012	0.53242	0.46746
48 Y	0.00011	0.59053	0.40935
49 K	0.00011	0.60811	0.39178
50 A	0.00005	0.90756	0.09239
51 Y	0.00002	0.98434	0.01565
52 F	0.00001	0.99702	0.00298
53 N	0.00001	0.99765	0.00235
54 L	0.00001	0.99980	0.00019
55 A	0.00001	0.99984	0.00015
56 L	0.00001	0.99985	0.00014
57 V	0.00001	0.99985	0.00014
58 P	0.00001	0.99986	0.00013
59 L	0.00001	0.99986	0.00012
60 F	0.00002	0.99985	0.00012
61 Y	0.00006	0.99981	0.00012
62 L	0.00009	0.99978	0.00012
63 G	0.00041	0.99946	0.00012
64 F	0.00154	0.99833	0.00012
65 F	0.03645	0.96342	0.00013
66 F	0.12979	0.87007	0.00013
67 G	0.22493	0.77491	0.00016
68 F	0.48124	0.51848	0.00027
69 K	0.96149	0.03811	0.0004
70 K	0.99509	0.00452	0.00039
71 A	0.83401	0.16578	0.00021
72 Y	0.52812	0.47183	5e-05
73 L	0.44290	0.55708	2e-05
74 M	0.39051	0.60948	1e-05
75 L	0.01536	0.98463	0
76 F	0.00271	0.99728	0
77 I	0.00054	0.99945	0
78 Y	0.00039	0.99961	0
79 L	0.00016	0.99984	0
80 F	0.00009	0.99991	0
81 C	0.00008	0.99991	0
82 E	0.00009	0.99991	0
83 F	0.00009	0.99991	0
84 V	0.00009	0.99991	0
85 T	0.00009	0.99991	0
86 T	0.00009	0.99991	0
87 L	0.00009	0.99990	1e-05
88 G	0.00009	0.99988	3e-05
89 H	0.00009	0.99981	0.00011
90 F	0.00009	0.99934	0.00057
91 W	0.00009	0.99787	0.00204
92 I	0.00012	0.99266	0.00722
93 L	0.00015	0.92882	0.07103
94 A	0.00035	0.62289	0.37675
95 D	0.00048	0.03162	0.96789
96 Y	0.00048	0.01477	0.98474
97 D	0.00049	0.00821	0.99131
98 I	0.00049	0.00432	0.9952
99 F	0.00049	0.00197	0.99755
100 L	0.00049	0.00071	0.99881
101 L	0.00049	0.00038	0.99913
102 E	0.00049	0.00016	0.99935
103 K	0.00049	0.00020	0.99932
104 I	0.00049	0.00231	0.9972
105 N	0.00048	0.00276	0.99676
106 I	0.00044	0.00490	0.99466
107 N	0.00044	0.00694	0.99263
108 K	0.00044	0.02812	0.97144
109 V	0.00037	0.58162	0.41802
110 A	0.00034	0.60257	0.39709
111 F	0.00019	0.62081	0.379
112 F	0.00009	0.70086	0.29905
113 I	0.00005	0.98083	0.01911
114 L	0.00003	0.98856	0.01141
115 N	0.00003	0.98918	0.0108
116 Y	0.00003	0.99592	0.00405
117 L	0.00003	0.99767	0.00229
118 L	0.00007	0.99834	0.00159
119 K	0.00014	0.99833	0.00153
120 T	0.00015	0.99891	0.00094
121 L	0.00016	0.99951	0.00033
122 I	0.00016	0.99962	0.00021
123 P	0.00017	0.99963	0.0002
124 L	0.00018	0.99966	0.00016
125 L	0.00019	0.99966	0.00015
126 S	0.00041	0.99945	0.00015
127 W	0.00445	0.99540	0.00015
128 S	0.02398	0.97586	0.00016
129 F	0.06934	0.93047	0.00019
130 T	0.09979	0.90001	0.0002
131 G	0.14545	0.85434	0.00021
132 L	0.56113	0.43858	0.00029
133 L	0.58046	0.41923	0.00031
134 Y	0.60163	0.39787	0.00049
135 C	0.68924	0.31018	0.00058
136 K	0.99391	0.00548	0.0006
137 D	0.99795	0.00145	0.0006
138 L	0.99798	0.00142	0.0006
139 S	0.99853	0.00086	0.0006
140 H	0.99869	0.00070	0.0006
141 F	0.99874	0.00065	0.0006
142 N	0.99885	0.00054	0.0006
143 I	0.99897	0.00042	0.0006
144 N	0.99927	0.00013	0.0006
145 K	0.99937	0.00003	0.0006
146 K	0.99691	0.00248	0.0006
147 N	0.89362	0.10581	0.00057
148 I	0.56437	0.43524	0.00038
149 I	0.53502	0.46464	0.00034
150 R	0.51175	0.48793	0.00032
151 L	0.18984	0.80995	0.0002
152 L	0.05673	0.94310	0.00017
153 S	0.03738	0.96255	7e-05
154 I	0.01263	0.98735	2e-05
155 L	0.00854	0.99145	1e-05
156 I	0.00011	0.99989	0
157 I	0.00008	0.99992	0
158 I	0.00006	0.99994	0
159 M	0.00004	0.99996	0
160 L	0.00001	0.99999	0
161 I	0.00001	0.99999	0
162 H	0.00000	0.99997	2e-05
163 A	0.00000	0.99993	6e-05
164 C	0.00000	0.99982	0.00017
165 L	0.00000	0.99936	0.00063
166 Y	0.00000	0.99618	0.00382
167 A	0.00001	0.98663	0.01335
168 I	0.00002	0.97873	0.02125
169 N	0.00004	0.95575	0.04421
170 G	0.00006	0.85421	0.14572
171 Y	0.00020	0.52458	0.47522
172 L	0.00023	0.48106	0.51871
173 C	0.00026	0.42192	0.57783
174 Y	0.00038	0.20829	0.79133
175 L	0.00042	0.10146	0.89813
176 P	0.00055	0.06789	0.93156
177 S	0.00058	0.04336	0.95606
178 I	0.00058	0.04051	0.95891
179 K	0.00060	0.01528	0.98413
180 Y	0.00060	0.01458	0.98482
181 I	0.00060	0.01342	0.98598
182 L	0.00060	0.00942	0.98998
183 K	0.00061	0.00013	0.99926
184 D	0.00061	0.00025	0.99913
185 N	0.00058	0.01923	0.98019
186 P	0.00051	0.02495	0.97453
187 Y	0.00045	0.03159	0.96796
188 Y	0.00041	0.05440	0.94519
189 N	0.00040	0.06069	0.9389
190 I	0.00034	0.11481	0.88486
191 F	0.00031	0.12349	0.87619
192 F	0.00031	0.12918	0.8705
193 A	0.00031	0.13593	0.86376
194 N	0.00031	0.13825	0.86143
195 E	0.00031	0.15054	0.84914
196 I	0.00024	0.37026	0.6295
197 T	0.00023	0.41782	0.58195
198 S	0.00023	0.45555	0.54422
199 F	0.00021	0.58062	0.41918
200 I	0.00019	0.70079	0.29902
201 T	0.00019	0.75804	0.24178
202 I	0.00008	0.95462	0.0453
203 F	0.00009	0.97697	0.02294
204 V	0.00028	0.98746	0.01226
205 L	0.00084	0.98943	0.00973
206 N	0.00425	0.98743	0.00832
207 L	0.00737	0.98872	0.00391
208 E	0.05567	0.94163	0.0027
209 T	0.06045	0.93834	0.00121
210 V	0.05906	0.94009	0.00086
211 I	0.06348	0.93575	0.00077
212 T	0.06256	0.93667	0.00077
213 C	0.06227	0.93693	0.0008
214 N	0.02427	0.97494	0.00079
215 L	0.01414	0.98509	0.00076
216 L	0.01374	0.98550	0.00076
217 L	0.01374	0.98549	0.00076
218 F	0.02049	0.97875	0.00076
219 G	0.20138	0.79779	0.00083
220 C	0.24467	0.75449	0.00085
221 V	0.27318	0.72598	0.00085
222 I	0.36893	0.63021	0.00086
223 Y	0.48833	0.51079	0.00089
224 L	0.56525	0.43384	0.00091
225 N	0.84348	0.15539	0.00113
226 P	0.90895	0.08966	0.00138
227 R	0.93215	0.06570	0.00215
228 L	0.93609	0.06098	0.00292
229 K	0.93965	0.05641	0.00394
230 I	0.93988	0.05606	0.00406
231 I	0.94009	0.05543	0.00448
232 Y	0.94083	0.04904	0.01014
233 Q	0.94095	0.04701	0.01204
234 T	0.94095	0.04590	0.01314
235 Y	0.94095	0.04468	0.01437
236 F	0.94096	0.04251	0.01653
237 Y	0.94096	0.00971	0.04933
238 E	0.94099	0.00000	0.05901
