# tr|Q6YQ65|Q6YQ65_ONYPE
# AA	inside	membr	outside
1 M	0.69356	0.00000	0.30644
2 D	0.69356	0.00000	0.30644
3 K	0.69356	0.00000	0.30644
4 Q	0.69356	0.00000	0.30644
5 Q	0.69356	0.00000	0.30644
6 K	0.69356	0.00000	0.30644
7 L	0.69356	0.00000	0.30644
8 K	0.69356	0.00000	0.30644
9 K	0.69356	0.00000	0.30644
10 E	0.69356	0.00001	0.30644
11 F	0.69352	0.00005	0.30643
12 Y	0.69342	0.00015	0.30643
13 E	0.69331	0.00026	0.30643
14 H	0.69331	0.00026	0.30643
15 C	0.69331	0.00028	0.3064
16 Q	0.69321	0.00038	0.3064
17 C	0.69234	0.00126	0.3064
18 C	0.69229	0.00132	0.30638
19 G	0.69118	0.00251	0.30631
20 S	0.68886	0.00538	0.30576
21 D	0.67592	0.01834	0.30574
22 L	0.64119	0.05880	0.30001
23 G	0.63711	0.06342	0.29947
24 I	0.63326	0.06825	0.2985
25 N	0.63167	0.07020	0.29814
26 I	0.62909	0.07319	0.29772
27 N	0.62818	0.07422	0.2976
28 A	0.61899	0.08504	0.29597
29 A	0.59877	0.10772	0.29351
30 C	0.45905	0.25008	0.29086
31 L	0.40919	0.30296	0.28784
32 N	0.39057	0.32300	0.28642
33 L	0.30868	0.41205	0.27927
34 F	0.24767	0.48357	0.26876
35 G	0.13898	0.59845	0.26257
36 F	0.09432	0.66301	0.24267
37 I	0.07755	0.86557	0.05688
38 M	0.07531	0.87259	0.0521
39 S	0.06824	0.88254	0.04923
40 F	0.02171	0.94562	0.03267
41 I	0.01270	0.98204	0.00526
42 S	0.01211	0.98065	0.00723
43 F	0.01112	0.98249	0.00639
44 I	0.01109	0.97135	0.01755
45 S	0.01513	0.93381	0.05106
46 C	0.00715	0.94247	0.05038
47 G	0.00634	0.94831	0.04534
48 I	0.00399	0.98941	0.0066
49 L	0.00074	0.99724	0.00203
50 L	0.00046	0.99821	0.00133
51 L	0.00013	0.99703	0.00283
52 Y	0.00246	0.97722	0.02032
53 S	0.00590	0.80228	0.19183
54 S	0.00751	0.77457	0.21793
55 L	0.00777	0.76985	0.22238
56 I	0.01091	0.75487	0.23421
57 F	0.01460	0.70483	0.28058
58 L	0.01588	0.55825	0.42587
59 L	0.02973	0.49913	0.47114
60 R	0.25743	0.24352	0.49905
61 Y	0.26326	0.23867	0.49807
62 F	0.26530	0.23327	0.50143
63 F	0.26852	0.16011	0.57137
64 T	0.29719	0.11458	0.58823
65 V	0.29631	0.11793	0.58576
66 I	0.30675	0.11974	0.57352
67 I	0.30776	0.13611	0.55613
68 F	0.32991	0.10532	0.56477
69 N	0.33364	0.08529	0.58107
70 E	0.33527	0.08693	0.57779
71 E	0.31589	0.16464	0.51947
72 F	0.01884	0.88615	0.095
73 F	0.00744	0.97520	0.01736
74 L	0.00355	0.99331	0.00314
75 T	0.00240	0.99576	0.00184
76 I	0.00030	0.99916	0.00054
77 G	0.00006	0.99980	0.00014
78 L	0.00001	0.99996	3e-05
79 I	0.00001	0.99997	2e-05
80 S	0.00001	0.99997	2e-05
81 V	0.00001	0.99997	2e-05
82 I	0.00002	0.99996	2e-05
83 S	0.00006	0.99991	3e-05
84 L	0.00015	0.99979	6e-05
85 F	0.00093	0.99892	0.00015
86 L	0.00141	0.99834	0.00026
87 F	0.00269	0.99690	0.0004
88 Y	0.00964	0.98797	0.00239
89 L	0.02217	0.97213	0.0057
90 I	0.06899	0.91703	0.01399
91 A	0.14603	0.82269	0.03129
92 R	0.44256	0.44334	0.1141
93 F	0.45964	0.41761	0.12275
94 M	0.50360	0.35040	0.146
95 P	0.62412	0.02795	0.34793
96 K	0.64194	0.00165	0.35642
97 L	0.64247	0.00084	0.35669
98 L	0.64252	0.00076	0.35672
99 F	0.64268	0.00051	0.35681
100 E	0.64309	0.00005	0.35685
101 K	0.64314	0.00000	0.35686
102 L	0.64314	0.00000	0.35686
103 D	0.64314	0.00000	0.35686
104 Y	0.64314	0.00000	0.35686
105 E	0.64314	0.00000	0.35686
106 K	0.64314	0.00000	0.35686
107 V	0.64314	0.00000	0.35686
108 E	0.64314	0.00000	0.35686
109 K	0.64314	0.00000	0.35686
110 E	0.64314	0.00000	0.35686
