# tr|Q6YPR4|Q6YPR4_ONYPE
# AA	inside	membr	outside
1 M	0.93357	0.00000	0.06644
2 S	0.93357	0.00000	0.06644
3 I	0.93357	0.00000	0.06644
4 K	0.93357	0.00000	0.06644
5 L	0.93357	0.00000	0.06644
6 S	0.93357	0.00000	0.06644
7 R	0.93357	0.00000	0.06644
8 A	0.93357	0.00000	0.06644
9 T	0.93357	0.00000	0.06644
10 P	0.93357	0.00000	0.06644
11 P	0.93357	0.00000	0.06644
12 Q	0.93357	0.00000	0.06644
13 T	0.93357	0.00000	0.06644
14 A	0.93357	0.00000	0.06644
15 S	0.93357	0.00000	0.06644
16 T	0.93357	0.00000	0.06644
17 K	0.93357	0.00000	0.06644
18 I	0.93357	0.00000	0.06644
19 P	0.93357	0.00000	0.06644
20 K	0.93357	0.00000	0.06644
21 K	0.93356	0.00000	0.06644
22 P	0.93356	0.00001	0.06643
23 K	0.93356	0.00001	0.06643
24 K	0.93331	0.00026	0.06642
25 T	0.92716	0.00781	0.06503
26 I	0.86698	0.07230	0.06071
27 T	0.78038	0.16490	0.05472
28 N	0.73059	0.21752	0.05189
29 T	0.47953	0.49980	0.02067
30 L	0.03718	0.95938	0.00344
31 Y	0.01276	0.98592	0.00132
32 I	0.00336	0.99646	0.00017
33 I	0.00045	0.99952	3e-05
34 L	0.00002	0.99998	0
35 V	0.00000	0.99999	0
36 L	0.00000	1.00000	0
37 S	0.00000	1.00000	0
38 F	0.00000	1.00000	0
39 I	0.00000	1.00000	0
40 Y	0.00000	1.00000	0
41 I	0.00000	1.00000	0
42 P	0.00000	0.99999	1e-05
43 I	0.00000	0.99996	4e-05
44 L	0.00001	0.99954	0.00045
45 S	0.00005	0.99786	0.00209
46 L	0.00006	0.99730	0.00264
47 I	0.00010	0.99568	0.00422
48 I	0.00151	0.98226	0.01623
49 F	0.00709	0.89600	0.09691
50 S	0.01814	0.68378	0.29807
51 F	0.02241	0.61012	0.36747
52 N	0.05383	0.26469	0.68148
53 K	0.06599	0.00259	0.93143
54 S	0.06633	0.00056	0.93311
55 E	0.06640	0.00020	0.9334
56 G	0.06624	0.00072	0.93304
57 R	0.06623	0.00091	0.93286
58 I	0.06586	0.00169	0.93245
59 A	0.06582	0.00187	0.9323
60 S	0.06580	0.00191	0.93229
61 L	0.06579	0.00202	0.93219
62 V	0.06579	0.00203	0.93217
63 N	0.06579	0.00203	0.93217
64 W	0.06579	0.00203	0.93217
65 Q	0.06579	0.00203	0.93217
66 G	0.06579	0.00203	0.93217
67 F	0.06579	0.00203	0.93217
68 S	0.06579	0.00203	0.93217
69 F	0.06579	0.00203	0.93217
70 E	0.06579	0.00203	0.93217
71 W	0.06579	0.00203	0.93217
72 Y	0.06580	0.00202	0.93217
73 S	0.06582	0.00179	0.93238
74 K	0.06600	0.00142	0.93258
75 L	0.06603	0.00141	0.93256
76 W	0.06644	0.00100	0.93255
77 T	0.06704	0.00039	0.93256
78 D	0.06717	0.00011	0.93272
79 Q	0.06718	0.00035	0.93247
80 T	0.06718	0.00123	0.9316
81 V	0.06717	0.00255	0.93027
82 K	0.06716	0.00302	0.92982
83 T	0.06690	0.03631	0.89678
84 A	0.06632	0.06490	0.86878
85 I	0.06598	0.08272	0.85131
86 K	0.06075	0.11449	0.82476
87 I	0.04362	0.65109	0.30529
88 T	0.02908	0.89036	0.08057
89 L	0.00548	0.96214	0.03238
90 Y	0.00268	0.98000	0.01733
91 I	0.00051	0.99180	0.0077
92 A	0.00027	0.99678	0.00295
93 C	0.00019	0.99780	0.00201
94 L	0.00015	0.99868	0.00117
95 T	0.00015	0.99916	0.00069
96 T	0.00014	0.99954	0.00032
97 L	0.00014	0.99979	6e-05
98 I	0.00014	0.99983	2e-05
99 S	0.00016	0.99982	2e-05
100 T	0.00017	0.99981	2e-05
101 F	0.00020	0.99978	2e-05
102 L	0.00050	0.99947	2e-05
103 G	0.00200	0.99797	4e-05
104 T	0.00372	0.99622	6e-05
105 F	0.00591	0.99398	0.0001
106 A	0.04403	0.95554	0.00043
107 A	0.07644	0.92230	0.00127
108 I	0.09748	0.90070	0.00182
109 S	0.16627	0.81270	0.02103
110 L	0.62042	0.34817	0.0314
111 A	0.84316	0.10925	0.0476
112 Q	0.89936	0.03778	0.06286
113 S	0.91466	0.02090	0.06444
114 L	0.92257	0.01075	0.06667
115 N	0.93099	0.00206	0.06696
116 K	0.93275	0.00019	0.06706
117 K	0.93287	0.00007	0.06706
118 W	0.93224	0.00072	0.06704
119 R	0.93208	0.00089	0.06703
120 N	0.91796	0.01512	0.06692
121 I	0.64483	0.29026	0.06491
122 V	0.48315	0.45243	0.06442
123 L	0.34054	0.59810	0.06136
124 N	0.32708	0.61414	0.05878
125 V	0.24493	0.70528	0.04979
126 S	0.17432	0.78099	0.04469
127 N	0.14534	0.81115	0.04351
128 F	0.08328	0.89618	0.02054
129 S	0.06130	0.92423	0.01447
130 I	0.00992	0.98321	0.00687
131 V	0.00103	0.99758	0.00139
132 I	0.00041	0.99869	0.0009
133 P	0.00037	0.99896	0.00068
134 E	0.00035	0.99905	0.0006
135 I	0.00014	0.99961	0.00025
136 I	0.00009	0.99981	0.0001
137 T	0.00008	0.99984	8e-05
138 A	0.00006	0.99979	0.00014
139 L	0.00006	0.99938	0.00056
140 A	0.00006	0.99912	0.00082
141 L	0.00006	0.99843	0.0015
142 F	0.00007	0.99773	0.00221
143 V	0.00011	0.97074	0.02916
144 V	0.00078	0.70355	0.29566
145 F	0.00135	0.56816	0.43049
146 G	0.00746	0.44381	0.54873
147 F	0.01157	0.42721	0.56121
148 M	0.02431	0.28439	0.6913
149 G	0.02899	0.14821	0.82279
150 L	0.03126	0.10704	0.8617
151 E	0.05955	0.03384	0.90661
152 S	0.05255	0.05526	0.8922
153 G	0.04951	0.09162	0.85887
154 F	0.04683	0.13130	0.82186
155 W	0.04580	0.15288	0.80132
156 K	0.04595	0.15694	0.79711
157 M	0.02168	0.39164	0.58668
158 L	0.01400	0.83356	0.15244
159 L	0.01183	0.92031	0.06786
160 A	0.01138	0.95823	0.03038
161 H	0.01121	0.95979	0.02899
162 I	0.01107	0.96132	0.02761
163 S	0.01104	0.96193	0.02704
164 F	0.01104	0.96212	0.02685
165 C	0.01105	0.96215	0.0268
166 T	0.01107	0.96215	0.02678
167 P	0.01108	0.96217	0.02676
168 F	0.01108	0.96217	0.02675
169 V	0.01111	0.96215	0.02675
170 V	0.01133	0.96193	0.02674
171 I	0.01321	0.95999	0.0268
172 T	0.02920	0.94299	0.02781
173 V	0.03733	0.93420	0.02847
174 Y	0.06465	0.90450	0.03085
175 P	0.18437	0.76194	0.05368
176 K	0.26155	0.67232	0.06612
177 V	0.26766	0.66531	0.06703
178 I	0.30390	0.62796	0.06813
179 N	0.41092	0.51657	0.07251
180 L	0.50805	0.41357	0.07837
181 D	0.90192	0.01579	0.08229
182 P	0.91408	0.00333	0.0826
183 H	0.91700	0.00031	0.08269
184 S	0.91707	0.00025	0.08269
185 L	0.91693	0.00045	0.08262
186 E	0.91697	0.00042	0.08261
187 A	0.91677	0.00076	0.08247
188 A	0.91676	0.00082	0.08243
189 Y	0.91675	0.00084	0.08242
190 D	0.91678	0.00080	0.08242
191 L	0.91654	0.00106	0.08241
192 G	0.91635	0.00124	0.08241
193 A	0.91579	0.00181	0.0824
194 T	0.91572	0.00188	0.0824
195 P	0.91490	0.00271	0.0824
196 L	0.91337	0.00424	0.0824
197 K	0.91144	0.00619	0.08238
198 A	0.87670	0.04109	0.08222
199 L	0.78247	0.13612	0.08141
200 T	0.75384	0.16482	0.08134
201 K	0.63401	0.28494	0.08105
202 V	0.48803	0.43709	0.07488
203 I	0.45037	0.47578	0.07385
204 L	0.41339	0.51313	0.07347
205 P	0.41044	0.51602	0.07354
206 Q	0.39794	0.52860	0.07345
207 L	0.37362	0.55291	0.07347
208 K	0.37128	0.55511	0.07362
209 G	0.28611	0.64141	0.07249
210 A	0.21476	0.71698	0.06826
211 M	0.06795	0.86671	0.06533
212 L	0.02450	0.91268	0.06282
213 L	0.01441	0.92330	0.06229
214 G	0.01299	0.92472	0.06229
215 A	0.01182	0.92593	0.06226
216 T	0.01022	0.92696	0.06281
217 L	0.00892	0.92789	0.06318
218 A	0.00860	0.92478	0.06662
219 F	0.00857	0.91859	0.07285
220 S	0.00906	0.89491	0.09603
221 L	0.00925	0.85125	0.13951
222 S	0.01429	0.67941	0.3063
223 F	0.01472	0.62748	0.3578
224 D	0.01727	0.43938	0.54335
225 D	0.01750	0.39675	0.58574
226 F	0.01307	0.39936	0.58758
227 M	0.01250	0.39328	0.59422
228 I	0.00794	0.39281	0.59924
229 S	0.00773	0.35709	0.63518
230 Y	0.00722	0.34064	0.65214
231 F	0.00725	0.33460	0.65816
232 V	0.00825	0.27784	0.71391
233 G	0.01280	0.21873	0.76846
234 G	0.01588	0.06485	0.91928
235 S	0.01860	0.02108	0.96032
236 E	0.01901	0.01167	0.96932
237 C	0.01903	0.01146	0.96951
238 Q	0.01905	0.01135	0.9696
239 N	0.01904	0.01119	0.96978
240 I	0.01899	0.01125	0.96976
241 S	0.01893	0.01136	0.96971
242 A	0.01872	0.01220	0.96908
243 Y	0.01812	0.01406	0.96782
244 I	0.01506	0.01771	0.96723
245 Y	0.01401	0.01840	0.96759
246 S	0.01389	0.01387	0.97225
247 L	0.01387	0.01347	0.97265
248 K	0.01399	0.00964	0.97637
249 G	0.01367	0.02153	0.96481
250 T	0.01351	0.04744	0.93906
251 I	0.01332	0.07090	0.91578
252 N	0.01288	0.08437	0.90275
253 P	0.00876	0.46384	0.52739
254 T	0.00720	0.57880	0.414
255 V	0.00402	0.80653	0.18945
256 N	0.00376	0.85214	0.1441
257 A	0.00357	0.94318	0.05324
258 L	0.00335	0.98297	0.01368
259 S	0.00334	0.98697	0.00968
260 T	0.00334	0.99284	0.00382
261 I	0.00334	0.99430	0.00236
262 L	0.00334	0.99449	0.00217
263 I	0.00336	0.99446	0.00217
264 I	0.00341	0.99436	0.00223
265 I	0.00367	0.99385	0.00248
266 A	0.00466	0.99214	0.00319
267 S	0.00587	0.98776	0.00637
268 S	0.00647	0.98609	0.00745
269 K	0.00774	0.98452	0.00774
270 I	0.00783	0.98441	0.00775
271 I	0.00837	0.98383	0.0078
272 L	0.02068	0.97105	0.00827
273 N	0.06273	0.92800	0.00927
274 F	0.08741	0.90298	0.0096
275 I	0.12218	0.86717	0.01065
276 K	0.64037	0.34345	0.01618
277 Y	0.73279	0.25053	0.01667
278 N	0.93882	0.04302	0.01816
279 N	0.95304	0.02876	0.0182
280 Q	0.98021	0.00158	0.01821
281 K	0.98177	0.00001	0.01822
282 Q	0.98178	0.00000	0.01822
283 N	0.98178	0.00000	0.01822
284 Q	0.98178	0.00000	0.01822
285 R	0.98178	0.00000	0.01822
286 K	0.98178	0.00000	0.01822
287 N	0.98178	0.00000	0.01822
288 A	0.98178	0.00000	0.01822
289 K	0.98178	0.00000	0.01822
290 I	0.98178	0.00000	0.01822
291 E	0.98178	0.00000	0.01822
292 A	0.98178	0.00000	0.01822
293 E	0.98178	0.00000	0.01822
294 A	0.98178	0.00000	0.01822
295 N	0.98178	0.00000	0.01822
296 N	0.98178	0.00000	0.01822
297 N	0.98178	0.00000	0.01822
298 E	0.98178	0.00000	0.01822
299 N	0.98178	0.00000	0.01822
300 E	0.98178	0.00000	0.01822
301 S	0.98178	0.00000	0.01822
302 I	0.98178	0.00000	0.01822
303 N	0.98178	0.00000	0.01822
304 G	0.98178	0.00000	0.01822
305 A	0.98178	0.00000	0.01822
306 T	0.98178	0.00000	0.01822
307 T	0.98178	0.00000	0.01822
308 I	0.98178	0.00000	0.01822
309 T	0.98178	0.00000	0.01822
310 T	0.98178	0.00000	0.01822
311 N	0.98178	0.00000	0.01822
312 K	0.98178	0.00000	0.01822
313 T	0.98178	0.00000	0.01822
314 T	0.98178	0.00000	0.01822
315 T	0.98178	0.00000	0.01822
316 T	0.98178	0.00000	0.01822
317 N	0.98178	0.00000	0.01822
318 T	0.98178	0.00000	0.01822
319 K	0.98178	0.00000	0.01822
320 T	0.98178	0.00000	0.01822
321 S	0.98178	0.00000	0.01822
322 A	0.98178	0.00000	0.01822
323 K	0.98178	0.00000	0.01822
324 T	0.98178	0.00000	0.01822
325 N	0.98178	0.00000	0.01822
326 T	0.98178	0.00000	0.01822
327 N	0.98178	0.00000	0.01822
328 E	0.98178	0.00000	0.01822
329 N	0.98178	0.00000	0.01822
330 E	0.98178	0.00000	0.01822
331 F	0.98178	0.00000	0.01822
332 N	0.98178	0.00000	0.01822
333 T	0.98178	0.00000	0.01822
334 K	0.98178	0.00000	0.01822
