# tr|Q6YR49|Q6YR49_ONYPE
# AA	inside	membr	outside
1 M	0.86547	0.00000	0.13453
2 I	0.86511	0.00036	0.13453
3 K	0.86507	0.00040	0.13453
4 K	0.86507	0.00274	0.13219
5 R	0.82108	0.12172	0.0572
6 I	0.82106	0.14431	0.03462
7 I	0.72668	0.23948	0.03383
8 T	0.72668	0.23949	0.03383
9 G	0.72288	0.24330	0.03381
10 A	0.72287	0.24506	0.03207
11 T	0.72016	0.24789	0.03195
12 L	0.43668	0.53155	0.03177
13 V	0.01873	0.95099	0.03028
14 L	0.01866	0.95106	0.03028
15 F	0.01866	0.97884	0.0025
16 S	0.01707	0.98043	0.0025
17 F	0.00824	0.98942	0.00234
18 F	0.00787	0.99116	0.00096
19 F	0.00545	0.99367	0.00087
20 Y	0.00448	0.99524	0.00028
21 Y	0.00431	0.99531	0.00037
22 Y	0.00474	0.99440	0.00085
23 A	0.06118	0.93074	0.00809
24 P	0.08083	0.90099	0.01818
25 L	0.09295	0.83301	0.07405
26 E	0.09840	0.78877	0.11283
27 I	0.09255	0.79366	0.1138
28 K	0.09069	0.78803	0.12129
29 F	0.02240	0.90686	0.07074
30 V	0.00267	0.93106	0.06627
31 V	0.00232	0.93147	0.06622
32 F	0.00227	0.92892	0.06882
33 A	0.00325	0.92543	0.07132
34 L	0.00336	0.91731	0.07933
35 L	0.00368	0.71571	0.28061
36 A	0.00527	0.34782	0.6469
37 I	0.00598	0.32274	0.67129
38 K	0.03506	0.19800	0.76694
39 A	0.03521	0.19464	0.77015
40 V	0.03540	0.18903	0.77557
41 Q	0.03706	0.18570	0.77724
42 E	0.03715	0.17876	0.78408
43 M	0.03717	0.17807	0.78476
44 F	0.03717	0.17693	0.78589
45 F	0.03723	0.17593	0.78684
46 I	0.03787	0.17449	0.78763
47 L	0.05382	0.10263	0.84355
48 K	0.07151	0.03314	0.89534
49 H	0.09676	0.00610	0.89714
50 P	0.10157	0.00087	0.89756
51 K	0.10201	0.00038	0.89761
52 D	0.10227	0.00001	0.89772
53 N	0.10228	0.00001	0.89771
54 Q	0.10227	0.00016	0.89757
55 K	0.10227	0.00120	0.89652
56 Q	0.10212	0.00770	0.89019
57 T	0.09674	0.11376	0.7895
58 F	0.06615	0.25190	0.68195
59 I	0.04400	0.31996	0.63604
60 K	0.04061	0.32733	0.63207
61 F	0.00256	0.72421	0.27323
62 G	0.00105	0.94327	0.05568
63 L	0.00047	0.97442	0.02512
64 V	0.00038	0.98908	0.01054
65 A	0.00036	0.99554	0.0041
66 T	0.00034	0.99706	0.00259
67 S	0.00025	0.99880	0.00095
68 T	0.00009	0.99964	0.00028
69 L	0.00007	0.99980	0.00013
70 L	0.00007	0.99984	9e-05
71 F	0.00007	0.99984	8e-05
72 F	0.00007	0.99984	8e-05
73 T	0.00008	0.99983	9e-05
74 V	0.00010	0.99981	0.0001
75 V	0.00033	0.99952	0.00016
76 C	0.00135	0.99795	0.0007
77 L	0.00317	0.99584	0.00099
78 M	0.00853	0.98965	0.00182
79 L	0.01940	0.97773	0.00287
80 Y	0.11961	0.87079	0.00961
81 P	0.25987	0.70124	0.03889
82 N	0.33288	0.60396	0.06316
83 I	0.34577	0.58777	0.06646
84 C	0.66717	0.23259	0.10023
85 Q	0.88662	0.01159	0.10179
86 N	0.89510	0.00284	0.10206
87 Q	0.89723	0.00069	0.10208
88 N	0.89728	0.00063	0.10208
89 L	0.89730	0.00061	0.10209
90 I	0.89738	0.00049	0.10213
91 K	0.89771	0.00001	0.10228
92 D	0.89771	0.00000	0.10228
93 A	0.89771	0.00002	0.10227
94 K	0.89770	0.00002	0.10227
95 Q	0.89769	0.00005	0.10226
96 L	0.89755	0.00020	0.10225
97 N	0.89754	0.00020	0.10225
98 F	0.89754	0.00020	0.10225
99 L	0.89754	0.00021	0.10225
100 F	0.89754	0.00021	0.10225
101 L	0.89754	0.00021	0.10225
102 N	0.89754	0.00021	0.10225
103 K	0.89754	0.00021	0.10225
104 D	0.89754	0.00021	0.10225
105 T	0.89753	0.00022	0.10225
106 F	0.89752	0.00022	0.10225
107 V	0.89752	0.00023	0.10225
108 S	0.89752	0.00023	0.10225
109 L	0.89752	0.00023	0.10225
110 T	0.89752	0.00023	0.10225
111 K	0.89753	0.00016	0.1023
112 S	0.89679	0.00092	0.10228
113 T	0.89528	0.00251	0.10221
114 P	0.88786	0.01038	0.10176
115 S	0.85759	0.04562	0.09679
116 N	0.78138	0.12705	0.09158
117 L	0.38159	0.54731	0.0711
118 N	0.23723	0.72289	0.03987
119 F	0.07421	0.91275	0.01304
120 F	0.01183	0.98379	0.00438
121 L	0.00087	0.99783	0.00129
122 L	0.00019	0.99936	0.00045
123 L	0.00001	0.99995	4e-05
124 F	0.00000	0.99999	1e-05
125 L	0.00000	1.00000	0
126 P	0.00000	1.00000	0
127 F	0.00000	1.00000	0
128 V	0.00000	1.00000	0
129 L	0.00000	1.00000	0
130 V	0.00000	1.00000	0
131 L	0.00000	0.99999	0
132 I	0.00000	0.99999	1e-05
133 M	0.00000	0.99997	3e-05
134 L	0.00001	0.99899	0.001
135 V	0.00002	0.99365	0.00633
136 F	0.00015	0.98424	0.01561
137 L	0.00247	0.95127	0.04626
138 P	0.01514	0.89657	0.08828
139 F	0.02387	0.77723	0.19889
140 L	0.04465	0.33080	0.62455
141 Q	0.08609	0.11781	0.7961
142 T	0.09904	0.02398	0.87698
143 K	0.10235	0.00055	0.89709
144 D	0.10240	0.00137	0.89622
145 V	0.10088	0.02820	0.87092
146 S	0.09869	0.04765	0.85366
147 K	0.09642	0.05803	0.84554
148 T	0.08637	0.21331	0.70031
149 F	0.06122	0.67998	0.2588
150 L	0.04580	0.86930	0.0849
151 I	0.03124	0.95646	0.0123
152 T	0.02267	0.97033	0.007
153 F	0.00449	0.99092	0.00459
154 Y	0.00329	0.99383	0.00288
155 I	0.00317	0.99546	0.00137
156 G	0.00306	0.99645	0.00049
157 F	0.00289	0.99675	0.00036
158 L	0.00276	0.99692	0.00032
159 M	0.00264	0.99710	0.00026
160 A	0.00138	0.99848	0.00014
161 C	0.00014	0.99974	0.00012
162 L	0.00005	0.99985	0.0001
163 F	0.00007	0.99983	0.0001
164 S	0.00053	0.99934	0.00013
165 L	0.00090	0.99895	0.00014
166 F	0.00695	0.99286	0.00019
167 F	0.06578	0.93273	0.00148
168 L	0.20986	0.78524	0.0049
169 H	0.63290	0.35171	0.01539
170 W	0.51757	0.46423	0.0182
171 H	0.58905	0.38415	0.0268
172 Y	0.44442	0.51886	0.03672
173 L	0.10666	0.85253	0.04081
174 L	0.04609	0.90083	0.05308
175 L	0.01692	0.92319	0.05989
176 F	0.01489	0.91505	0.07006
177 F	0.01548	0.91374	0.07078
178 L	0.01656	0.91242	0.07102
179 A	0.01778	0.91053	0.07169
180 V	0.01831	0.90911	0.07259
181 M	0.02002	0.90542	0.07456
182 L	0.02115	0.90245	0.0764
183 T	0.02390	0.89392	0.08218
184 D	0.02433	0.88892	0.08676
185 S	0.02429	0.88862	0.08708
186 S	0.02424	0.88825	0.08751
187 A	0.02270	0.88989	0.08741
188 F	0.02233	0.88710	0.09057
189 L	0.02226	0.87312	0.10462
190 A	0.02327	0.80562	0.17111
191 R	0.02445	0.60703	0.36852
192 F	0.02468	0.54128	0.43403
193 P	0.02855	0.27158	0.69988
194 R	0.02953	0.17736	0.7931
195 F	0.02983	0.11769	0.85248
196 C	0.03728	0.02603	0.93669
197 P	0.03770	0.00729	0.955
198 F	0.03776	0.00454	0.95769
199 L	0.03781	0.00343	0.95875
200 G	0.03782	0.00340	0.95877
201 T	0.03783	0.00339	0.95878
202 R	0.03783	0.00297	0.9592
203 P	0.03783	0.00294	0.95923
204 L	0.03783	0.00293	0.95924
205 A	0.03785	0.00288	0.95927
206 F	0.03787	0.00279	0.95933
207 H	0.03799	0.00063	0.96138
208 L	0.03800	0.00056	0.96144
209 S	0.03801	0.00048	0.9615
210 P	0.03840	0.00007	0.96152
211 K	0.03844	0.00003	0.96152
212 K	0.03843	0.00159	0.95997
213 T	0.03800	0.07105	0.89095
214 Q	0.03789	0.07998	0.88212
215 K	0.03700	0.11039	0.85262
216 G	0.01030	0.70422	0.28547
217 A	0.00657	0.88246	0.11097
218 I	0.00296	0.98898	0.00807
219 L	0.00260	0.99121	0.0062
220 G	0.00248	0.99180	0.00572
221 T	0.00235	0.99231	0.00534
222 F	0.00217	0.99266	0.00517
223 G	0.00214	0.99278	0.00509
224 S	0.00211	0.99294	0.00494
225 T	0.00206	0.99333	0.00462
226 I	0.00199	0.99406	0.00395
227 T	0.00194	0.99447	0.00358
228 V	0.00137	0.99631	0.00232
229 L	0.00128	0.99668	0.00204
230 M	0.00119	0.99707	0.00174
231 V	0.00045	0.99854	0.001
232 F	0.00040	0.99907	0.00053
233 L	0.00313	0.99630	0.00056
234 F	0.04430	0.95420	0.0015
235 I	0.13598	0.86027	0.00375
236 D	0.92366	0.04356	0.03278
237 C	0.90750	0.05828	0.03422
238 N	0.90249	0.06281	0.0347
239 S	0.85506	0.11615	0.02878
240 C	0.36444	0.61998	0.01558
241 I	0.32815	0.65854	0.01331
242 S	0.04205	0.94552	0.01243
243 F	0.02718	0.96146	0.01136
244 P	0.01963	0.96969	0.01068
245 I	0.01462	0.98052	0.00486
246 Y	0.01433	0.98082	0.00485
247 A	0.01380	0.98132	0.00488
248 F	0.01384	0.98122	0.00495
249 L	0.01435	0.98061	0.00504
250 I	0.01491	0.97992	0.00516
251 S	0.01658	0.97738	0.00604
252 I	0.01686	0.97701	0.00613
253 I	0.01724	0.97641	0.00635
254 S	0.01829	0.97411	0.0076
255 Q	0.01886	0.96989	0.01125
256 I	0.01891	0.96717	0.01392
257 S	0.01950	0.92906	0.05143
258 D	0.02067	0.83181	0.14751
259 L	0.02079	0.81621	0.163
260 L	0.02124	0.68984	0.28892
261 A	0.02261	0.64941	0.32798
262 S	0.03205	0.43402	0.53394
263 K	0.04725	0.04148	0.91127
264 F	0.04803	0.03779	0.91418
265 K	0.05005	0.00032	0.94963
266 R	0.05010	0.00015	0.94975
267 D	0.05011	0.00007	0.94982
268 Y	0.05010	0.00007	0.94983
269 G	0.05009	0.00007	0.94984
270 I	0.05009	0.00006	0.94985
271 K	0.05009	0.00003	0.94989
272 D	0.05009	0.00004	0.94988
273 F	0.04996	0.00017	0.94987
274 G	0.04992	0.00026	0.94982
275 S	0.04989	0.00033	0.94979
276 F	0.04984	0.00170	0.94846
277 L	0.04980	0.00322	0.94698
278 P	0.04979	0.00338	0.94684
279 G	0.04974	0.00828	0.94198
280 H	0.04971	0.00968	0.94061
281 G	0.04958	0.05872	0.8917
282 G	0.04812	0.30472	0.64716
283 F	0.04769	0.32403	0.62828
284 L	0.04766	0.35164	0.6007
285 D	0.04766	0.35791	0.59443
286 R	0.04750	0.51635	0.43615
287 F	0.04692	0.70013	0.25295
288 D	0.04690	0.70551	0.24758
289 S	0.04636	0.74014	0.2135
290 W	0.04601	0.75941	0.19457
291 L	0.04601	0.75939	0.19459
292 L	0.04601	0.75938	0.1946
293 S	0.04602	0.75934	0.19465
294 S	0.04602	0.75932	0.19465
295 F	0.04603	0.75931	0.19466
296 F	0.04605	0.75927	0.19469
297 A	0.04610	0.75918	0.19472
298 L	0.04615	0.75911	0.19474
299 I	0.04715	0.75807	0.19478
300 L	0.04988	0.75524	0.19488
301 F	0.05612	0.74882	0.19506
302 N	0.10656	0.69762	0.19581
303 L	0.12619	0.67783	0.19598
304 P	0.37165	0.43159	0.19675
305 F	0.80135	0.00000	0.19866
