# tr|Q6YQ78|Q6YQ78_ONYPE
# AA	inside	membr	outside
1 M	0.94283	0.00000	0.05717
2 N	0.94272	0.00011	0.05717
3 K	0.94265	0.00018	0.05717
4 N	0.94265	0.01238	0.04496
5 C	0.36153	0.61123	0.02724
6 F	0.36148	0.62257	0.01595
7 G	0.18568	0.79934	0.01497
8 R	0.18568	0.79937	0.01495
9 L	0.02695	0.96157	0.01147
10 V	0.02693	0.96595	0.00713
11 G	0.02628	0.96663	0.00709
12 L	0.01330	0.97964	0.00706
13 G	0.00501	0.98795	0.00703
14 C	0.00501	0.98795	0.00703
15 C	0.00501	0.98841	0.00658
16 L	0.00475	0.98867	0.00658
17 C	0.00462	0.98881	0.00656
18 S	0.00461	0.98887	0.00652
19 F	0.00442	0.98913	0.00645
20 V	0.00387	0.99033	0.00581
21 V	0.00318	0.99095	0.00587
22 F	0.00343	0.99036	0.00621
23 F	0.00545	0.88109	0.11347
24 N	0.01341	0.42148	0.56511
25 C	0.01868	0.36482	0.6165
26 C	0.02215	0.35308	0.62478
27 N	0.03468	0.32587	0.63945
28 F	0.03416	0.33439	0.63145
29 F	0.03830	0.32982	0.63187
30 S	0.03600	0.22773	0.73626
31 F	0.03203	0.24564	0.72233
32 S	0.02727	0.23357	0.73915
33 F	0.00536	0.83843	0.15621
34 F	0.00391	0.86029	0.1358
35 F	0.00295	0.91690	0.08015
36 S	0.00276	0.93773	0.05951
37 Y	0.00255	0.93981	0.05764
38 C	0.00271	0.93957	0.05771
39 F	0.00259	0.94005	0.05736
40 S	0.00284	0.93952	0.05764
41 C	0.00289	0.94046	0.05665
42 C	0.00293	0.94062	0.05644
43 I	0.00318	0.94076	0.05606
44 S	0.00324	0.94026	0.0565
45 F	0.00330	0.94022	0.05648
46 G	0.00400	0.94027	0.05573
47 S	0.00530	0.93875	0.05595
48 G	0.00821	0.93414	0.05765
49 C	0.01055	0.92920	0.06026
50 S	0.01370	0.92624	0.06006
51 Y	0.03614	0.90636	0.0575
52 F	0.05865	0.88296	0.05839
53 S	0.10744	0.83099	0.06157
54 F	0.13151	0.80419	0.0643
55 S	0.31883	0.60335	0.07781
56 N	0.82932	0.07309	0.09759
57 C	0.84713	0.05527	0.0976
58 A	0.87143	0.03194	0.09662
59 T	0.88491	0.01907	0.09603
60 I	0.87795	0.03826	0.08379
61 S	0.87697	0.03930	0.08373
62 K	0.87161	0.04465	0.08373
63 S	0.81481	0.10856	0.07663
64 F	0.74390	0.18871	0.06739
65 N	0.73529	0.20237	0.06235
66 C	0.68422	0.25454	0.06123
67 Y	0.59208	0.34927	0.05865
68 F	0.47813	0.46607	0.0558
69 V	0.47915	0.46585	0.055
70 K	0.48158	0.46353	0.05489
71 L	0.47300	0.47315	0.05384
72 W	0.47193	0.47428	0.05379
73 F	0.47169	0.47451	0.0538
74 S	0.47460	0.47148	0.05392
75 S	0.47309	0.47222	0.05469
76 C	0.45116	0.49409	0.05474
77 F	0.44961	0.49563	0.05476
78 G	0.44992	0.49525	0.05483
79 F	0.44889	0.49607	0.05504
80 N	0.44923	0.49267	0.0581
81 A	0.44984	0.49123	0.05893
82 F	0.45055	0.48081	0.06864
83 N	0.47941	0.39307	0.12751
84 S	0.47582	0.35930	0.16489
85 L	0.46750	0.33028	0.20222
86 S	0.45251	0.20307	0.34442
87 N	0.44423	0.17163	0.38415
88 N	0.41712	0.20273	0.38014
89 F	0.05366	0.69585	0.25049
90 F	0.02889	0.73281	0.2383
91 S	0.02655	0.69583	0.27762
92 N	0.02090	0.71577	0.26334
93 F	0.01454	0.74134	0.24412
94 S	0.01314	0.74348	0.24338
95 I	0.01202	0.78190	0.20609
96 S	0.01146	0.78720	0.20134
97 V	0.00885	0.81764	0.17351
98 F	0.00801	0.82319	0.1688
99 S	0.00782	0.80294	0.18924
100 S	0.00710	0.80834	0.18456
101 F	0.00662	0.81458	0.1788
102 S	0.00655	0.81431	0.17914
103 C	0.00604	0.81888	0.17508
104 F	0.00582	0.82806	0.16613
105 F	0.00573	0.84120	0.15307
106 V	0.00582	0.84174	0.15244
107 F	0.00954	0.81872	0.17173
108 G	0.02190	0.78122	0.19687
109 N	0.09541	0.57923	0.32536
110 C	0.12518	0.52409	0.35073
111 F	0.14082	0.49610	0.36308
112 D	0.21819	0.16545	0.61636
113 C	0.19900	0.26662	0.53437
114 L	0.18672	0.34320	0.47008
115 S	0.19104	0.36484	0.44413
116 H	0.19491	0.40041	0.40468
117 F	0.19512	0.43670	0.36818
118 S	0.22008	0.43222	0.3477
119 F	0.22393	0.44698	0.32909
120 S	0.24679	0.42449	0.32873
121 I	0.17744	0.75586	0.0667
122 L	0.12853	0.80875	0.06272
123 S	0.13149	0.80533	0.06318
124 S	0.12037	0.81703	0.06259
125 Y	0.11970	0.81805	0.06225
126 S	0.12277	0.81580	0.06143
127 C	0.12766	0.81081	0.06153
128 F	0.13586	0.80289	0.06125
129 V	0.13743	0.80136	0.06121
130 S	0.14056	0.79819	0.06126
131 F	0.14186	0.79667	0.06148
132 F	0.14983	0.78765	0.06252
133 N	0.19042	0.71509	0.09449
134 C	0.22154	0.66890	0.10957
135 C	0.25763	0.63201	0.11036
136 N	0.35949	0.52696	0.11355
137 C	0.38808	0.49772	0.11419
138 L	0.34769	0.53872	0.1136
139 N	0.32016	0.56539	0.11445
140 N	0.26374	0.63452	0.10174
141 F	0.20279	0.71037	0.08684
142 I	0.18867	0.76640	0.04493
143 I	0.14833	0.81541	0.03626
144 F	0.39970	0.47921	0.12109
145 P	0.40041	0.41678	0.18281
146 P	0.39627	0.41768	0.18605
147 K	0.39021	0.42118	0.18861
148 F	0.01998	0.94425	0.03577
149 L	0.01351	0.95413	0.03236
150 L	0.01007	0.95743	0.03249
151 L	0.01004	0.95674	0.03323
152 E	0.01012	0.95566	0.03423
153 L	0.01012	0.95561	0.03428
154 L	0.01012	0.95549	0.03439
155 L	0.01012	0.95499	0.03489
156 F	0.01013	0.95421	0.03566
157 Q	0.01017	0.95107	0.03876
158 L	0.01018	0.94996	0.03986
159 L	0.01026	0.94606	0.04368
160 V	0.01077	0.92463	0.0646
161 L	0.01326	0.86270	0.12403
162 L	0.02015	0.79751	0.18234
163 Q	0.04620	0.70811	0.24569
164 L	0.05384	0.66291	0.28325
165 F	0.08702	0.59369	0.31929
166 D	0.24831	0.03880	0.71289
167 K	0.25368	0.00417	0.74215
168 Y	0.25438	0.00000	0.74561
