# tr|Q6YQF6|Q6YQF6_ONYPE
# AA	inside	membr	outside
1 M	0.69138	0.00000	0.30862
2 D	0.69138	0.00000	0.30862
3 K	0.69138	0.00000	0.30862
4 K	0.69138	0.00000	0.30862
5 Q	0.69138	0.00000	0.30862
6 K	0.69138	0.00000	0.30862
7 I	0.69138	0.00000	0.30862
8 K	0.69138	0.00000	0.30862
9 K	0.69138	0.00000	0.30862
10 E	0.69138	0.00000	0.30862
11 F	0.69137	0.00000	0.30862
12 Y	0.69137	0.00001	0.30862
13 E	0.69137	0.00001	0.30862
14 H	0.69137	0.00001	0.30862
15 C	0.69137	0.00001	0.30862
16 Q	0.69137	0.00001	0.30862
17 C	0.69137	0.00001	0.30862
18 C	0.69137	0.00001	0.30862
19 G	0.69137	0.00001	0.30862
20 S	0.69137	0.00001	0.30862
21 D	0.69136	0.00001	0.30862
22 L	0.69136	0.00002	0.30862
23 G	0.69136	0.00002	0.30862
24 M	0.69136	0.00002	0.30862
25 N	0.69135	0.00003	0.30862
26 I	0.69134	0.00005	0.30861
27 N	0.69134	0.00005	0.30861
28 D	0.69130	0.00012	0.30857
29 I	0.68739	0.00509	0.30753
30 D	0.66573	0.02705	0.30722
31 L	0.54393	0.15396	0.3021
32 N	0.44303	0.27601	0.28096
33 L	0.14800	0.74457	0.10743
34 F	0.06404	0.85272	0.08323
35 G	0.01916	0.90445	0.07639
36 V	0.00621	0.96477	0.02901
37 I	0.00490	0.97754	0.01756
38 M	0.00452	0.98729	0.00819
39 G	0.00313	0.99303	0.00385
40 L	0.00172	0.99643	0.00184
41 M	0.00061	0.99887	0.00052
42 I	0.00016	0.99975	0.0001
43 F	0.00007	0.99991	2e-05
44 F	0.00002	0.99998	0
45 S	0.00001	0.99998	0
46 L	0.00000	1.00000	0
47 G	0.00000	0.99999	1e-05
48 F	0.00000	0.99995	5e-05
49 F	0.00000	0.99980	0.00019
50 V	0.00001	0.99953	0.00046
51 L	0.00005	0.99836	0.00159
52 F	0.00022	0.98836	0.01142
53 G	0.00037	0.82917	0.17045
54 F	0.00151	0.75615	0.24234
55 L	0.02972	0.63227	0.33801
56 S	0.20840	0.27676	0.51485
57 L	0.22196	0.19384	0.5842
58 F	0.22580	0.11275	0.66145
59 S	0.27774	0.04465	0.67762
60 S	0.28697	0.03418	0.67885
61 F	0.30206	0.01892	0.67902
62 Q	0.30712	0.01211	0.68077
63 I	0.30753	0.01458	0.67789
64 N	0.30737	0.01168	0.68095
65 N	0.30607	0.03159	0.66234
66 E	0.29878	0.12152	0.5797
67 I	0.06641	0.72202	0.21157
68 L	0.02511	0.85586	0.11903
69 A	0.02088	0.89425	0.08487
70 T	0.01547	0.95520	0.02933
71 L	0.00149	0.98203	0.01648
72 I	0.00006	0.99799	0.00196
73 Y	0.00001	0.99947	0.00052
74 I	0.00000	0.99967	0.00033
75 F	0.00000	0.99995	5e-05
76 F	0.00000	0.99996	4e-05
77 T	0.00000	0.99997	3e-05
78 G	0.00000	0.99997	3e-05
79 I	0.00000	0.99997	3e-05
80 L	0.00002	0.99996	3e-05
81 S	0.00005	0.99991	4e-05
82 F	0.00010	0.99986	4e-05
83 C	0.00070	0.99923	8e-05
84 L	0.00129	0.99861	0.0001
85 I	0.00929	0.99031	0.0004
86 A	0.03257	0.96576	0.00167
87 H	0.10651	0.88764	0.00585
88 F	0.13647	0.85539	0.00814
89 M	0.27886	0.69067	0.03047
90 P	0.59528	0.13866	0.26606
91 K	0.65467	0.03950	0.30583
92 L	0.65822	0.03534	0.30644
93 L	0.66646	0.02675	0.30679
94 F	0.67182	0.01999	0.30819
95 E	0.69021	0.00114	0.30865
96 K	0.69130	0.00004	0.30866
97 L	0.69131	0.00003	0.30866
98 D	0.69134	0.00000	0.30866
99 Y	0.69134	0.00000	0.30866
100 E	0.69134	0.00000	0.30866
101 K	0.69134	0.00000	0.30866
102 V	0.69134	0.00000	0.30866
103 E	0.69134	0.00000	0.30866
104 K	0.69134	0.00000	0.30866
105 E	0.69134	0.00000	0.30866
