# tr|Q6YPT7|Q6YPT7_ONYPE
# AA	inside	membr	outside
1 M	0.41289	0.00000	0.5871
2 K	0.41265	0.00025	0.5871
3 N	0.40789	0.00500	0.5871
4 I	0.40789	0.28493	0.30718
5 F	0.38766	0.33538	0.27695
6 R	0.38766	0.35129	0.26105
7 F	0.03193	0.71838	0.24969
8 G	0.03192	0.71847	0.2496
9 S	0.00763	0.74521	0.24716
10 W	0.00761	0.98190	0.01048
11 L	0.00718	0.98403	0.00879
12 L	0.00490	0.98661	0.00849
13 L	0.00393	0.98832	0.00775
14 A	0.00393	0.98832	0.00775
15 L	0.00393	0.98950	0.00656
16 L	0.00392	0.98951	0.00656
17 N	0.00392	0.98951	0.00656
18 Y	0.00392	0.98952	0.00656
19 L	0.00392	0.98951	0.00657
20 V	0.00406	0.98936	0.00659
21 N	0.00486	0.98837	0.00676
22 I	0.01109	0.98166	0.00726
23 F	0.01808	0.97139	0.01053
24 S	0.07217	0.91200	0.01583
25 F	0.09014	0.85145	0.05842
26 C	0.13935	0.71100	0.14965
27 Q	0.32970	0.42796	0.24234
28 F	0.34313	0.39390	0.26297
29 R	0.36921	0.33380	0.297
30 C	0.37945	0.23211	0.38844
31 F	0.38169	0.22902	0.38929
32 C	0.39848	0.18687	0.41465
33 K	0.58361	0.00104	0.41535
34 S	0.58404	0.00059	0.41537
35 G	0.58406	0.00057	0.41537
36 I	0.58409	0.00053	0.41538
37 G	0.58411	0.00050	0.41539
38 I	0.58444	0.00015	0.41541
39 R	0.58447	0.00000	0.41553
