# tr|Q6YPY0|Q6YPY0_ONYPE
# AA	inside	membr	outside
1 M	0.83925	0.00000	0.16075
2 N	0.83925	0.00000	0.16075
3 Q	0.83925	0.00000	0.16075
4 K	0.83925	0.00000	0.16075
5 P	0.83925	0.00000	0.16075
6 R	0.83925	0.00000	0.16075
7 K	0.83925	0.00000	0.16075
8 A	0.83925	0.00000	0.16075
9 L	0.83925	0.00000	0.16075
10 I	0.83925	0.00000	0.16075
11 K	0.83925	0.00000	0.16075
12 K	0.83925	0.00000	0.16075
13 N	0.83925	0.00000	0.16075
14 N	0.83925	0.00000	0.16075
15 L	0.83925	0.00000	0.16075
16 P	0.83925	0.00000	0.16075
17 Q	0.83925	0.00000	0.16075
18 T	0.83925	0.00000	0.16075
19 N	0.83925	0.00000	0.16075
20 T	0.83925	0.00000	0.16075
21 P	0.83923	0.00002	0.16075
22 K	0.83923	0.00003	0.16075
23 K	0.83918	0.00011	0.16072
24 P	0.83580	0.00421	0.15999
25 F	0.79838	0.04605	0.15557
26 L	0.75060	0.09717	0.15223
27 S	0.69930	0.15516	0.14554
28 S	0.66328	0.21034	0.12638
29 K	0.62626	0.26087	0.11287
30 L	0.11231	0.83783	0.04985
31 L	0.04308	0.93218	0.02474
32 S	0.02654	0.95548	0.01798
33 N	0.02125	0.96847	0.01028
34 C	0.01923	0.97565	0.00511
35 I	0.01710	0.98246	0.00044
36 I	0.01684	0.98289	0.00028
37 F	0.01681	0.98291	0.00027
38 K	0.01681	0.98292	0.00027
39 S	0.01677	0.98297	0.00027
40 I	0.01675	0.98298	0.00027
41 V	0.01674	0.98299	0.00027
42 I	0.01674	0.98299	0.00027
43 V	0.01675	0.98297	0.00028
44 V	0.01682	0.98283	0.00035
45 L	0.01699	0.98242	0.00059
46 A	0.01723	0.98182	0.00095
47 I	0.01762	0.97653	0.00586
48 Y	0.02200	0.91722	0.06079
49 L	0.02910	0.77378	0.19712
50 S	0.07867	0.24359	0.67774
51 K	0.13874	0.06188	0.79938
52 P	0.15647	0.03661	0.80692
53 T	0.17647	0.00407	0.81945
54 Q	0.17714	0.00119	0.82166
55 T	0.17717	0.00065	0.82218
56 D	0.17718	0.00041	0.82241
57 I	0.17698	0.00101	0.82201
58 Y	0.17696	0.00146	0.82158
59 Q	0.17693	0.00350	0.81958
60 K	0.17594	0.01135	0.81271
61 T	0.15837	0.06927	0.77236
62 T	0.10747	0.20697	0.68556
63 Q	0.05605	0.39453	0.54942
64 L	0.01029	0.85362	0.13609
65 H	0.00269	0.94412	0.05319
66 L	0.00120	0.94787	0.05094
67 T	0.00104	0.94944	0.04953
68 A	0.00078	0.95046	0.04876
69 M	0.00074	0.95122	0.04805
70 V	0.00062	0.95147	0.04791
71 A	0.00059	0.95154	0.04787
72 G	0.00058	0.95167	0.04775
73 M	0.00057	0.95183	0.04759
74 F	0.00056	0.95199	0.04744
75 L	0.00057	0.95208	0.04735
76 G	0.00058	0.95206	0.04736
77 G	0.00065	0.95198	0.04736
78 T	0.00077	0.95171	0.04752
79 I	0.00318	0.94895	0.04787
80 L	0.01070	0.93732	0.05198
81 G	0.09521	0.83178	0.073
82 L	0.22649	0.65461	0.1189
83 K	0.72123	0.06313	0.21564
84 K	0.75475	0.02702	0.21823
85 G	0.68733	0.14365	0.16902
86 S	0.62374	0.23611	0.14015
87 F	0.24654	0.70229	0.05118
88 G	0.18078	0.77542	0.04381
89 V	0.06425	0.89809	0.03765
90 S	0.05247	0.91522	0.03231
91 L	0.04361	0.93148	0.02491
92 G	0.03979	0.95169	0.00851
93 V	0.01145	0.98622	0.00233
94 L	0.00316	0.99520	0.00164
95 L	0.00245	0.99641	0.00114
96 G	0.00245	0.99671	0.00083
97 A	0.00250	0.99707	0.00043
98 T	0.00253	0.99709	0.00037
99 L	0.00254	0.99709	0.00037
100 G	0.00259	0.99702	0.00039
101 M	0.00265	0.99691	0.00044
102 W	0.00268	0.99653	0.00079
103 L	0.00281	0.99318	0.00401
104 S	0.00409	0.97232	0.02359
105 L	0.00591	0.92511	0.06898
106 L	0.01767	0.81493	0.1674
107 T	0.12697	0.35866	0.51436
108 K	0.17791	0.17755	0.64454
109 G	0.18189	0.16381	0.6543
110 N	0.18856	0.12979	0.68166
111 I	0.18925	0.12676	0.68399
112 I	0.19106	0.10432	0.70461
113 S	0.19794	0.08644	0.71562
114 I	0.20358	0.07380	0.72262
115 I	0.21953	0.05029	0.73018
116 Q	0.22623	0.01002	0.76375
117 M	0.22669	0.00000	0.7733
