# tr|Q6YQ44|Q6YQ44_ONYPE
# AA	inside	membr	outside
1 M	0.68914	0.00000	0.31086
2 D	0.68914	0.00000	0.31086
3 K	0.68914	0.00000	0.31086
4 Q	0.68914	0.00000	0.31086
5 Q	0.68914	0.00000	0.31086
6 K	0.68914	0.00000	0.31086
7 L	0.68914	0.00000	0.31086
8 K	0.68914	0.00000	0.31086
9 K	0.68913	0.00000	0.31086
10 E	0.68913	0.00002	0.31085
11 F	0.68903	0.00012	0.31084
12 Y	0.68878	0.00038	0.31084
13 E	0.68829	0.00089	0.31082
14 H	0.68828	0.00089	0.31082
15 C	0.68828	0.00125	0.31046
16 Q	0.68783	0.00171	0.31046
17 F	0.68394	0.00564	0.31041
18 C	0.68388	0.00574	0.31037
19 G	0.68263	0.00716	0.3102
20 S	0.68003	0.01105	0.30892
21 D	0.66550	0.02562	0.30888
22 L	0.62648	0.07800	0.29552
23 G	0.62190	0.08384	0.29426
24 I	0.61758	0.09045	0.29197
25 N	0.61579	0.09309	0.29112
26 I	0.61289	0.09695	0.29016
27 N	0.61187	0.09825	0.28988
28 A	0.60293	0.10879	0.28829
29 A	0.58323	0.13088	0.28589
30 C	0.44714	0.26952	0.28334
31 L	0.39857	0.32101	0.28042
32 N	0.38044	0.34044	0.27913
33 L	0.30068	0.42714	0.27219
34 F	0.24126	0.49671	0.26203
35 G	0.13543	0.60851	0.25606
36 F	0.09196	0.67095	0.23708
37 I	0.07568	0.86688	0.05745
38 M	0.07379	0.87239	0.05382
39 S	0.06691	0.88160	0.05149
40 F	0.02157	0.94332	0.0351
41 I	0.01283	0.98053	0.00664
42 S	0.01323	0.97791	0.00886
43 F	0.01283	0.97975	0.00743
44 I	0.01355	0.96659	0.01987
45 S	0.02472	0.91780	0.05748
46 C	0.01330	0.93001	0.05669
47 G	0.01249	0.93649	0.05102
48 I	0.00878	0.98380	0.00742
49 L	0.00161	0.99614	0.00225
50 L	0.00101	0.99754	0.00145
51 L	0.00015	0.99695	0.0029
52 Y	0.00246	0.97758	0.01995
53 S	0.00585	0.80698	0.18716
54 S	0.00743	0.77995	0.21262
55 L	0.00769	0.77534	0.21697
56 I	0.01077	0.76073	0.22849
57 F	0.01438	0.71190	0.27372
58 L	0.01564	0.56868	0.41568
59 L	0.02923	0.51089	0.45988
60 R	0.25290	0.25993	0.48717
61 Y	0.25872	0.25507	0.48622
62 F	0.26077	0.24972	0.48952
63 F	0.26410	0.17809	0.55781
64 T	0.29399	0.13168	0.57433
65 V	0.29330	0.13474	0.57196
66 I	0.30581	0.13418	0.56001
67 I	0.30715	0.14966	0.54319
68 F	0.33232	0.11419	0.55349
69 N	0.33675	0.08518	0.57807
70 E	0.33894	0.08592	0.57514
71 E	0.32020	0.16179	0.51801
72 F	0.02038	0.88479	0.09483
73 F	0.00805	0.97476	0.01719
74 L	0.00382	0.99308	0.0031
75 T	0.00258	0.99560	0.00182
76 I	0.00033	0.99913	0.00055
77 G	0.00006	0.99980	0.00014
78 L	0.00001	0.99996	3e-05
79 I	0.00001	0.99997	2e-05
80 S	0.00001	0.99997	2e-05
81 V	0.00001	0.99997	2e-05
82 I	0.00002	0.99996	2e-05
83 S	0.00006	0.99992	3e-05
84 L	0.00015	0.99980	6e-05
85 F	0.00090	0.99895	0.00015
86 L	0.00138	0.99837	0.00025
87 F	0.00263	0.99697	0.0004
88 Y	0.00941	0.98823	0.00236
89 L	0.02166	0.97272	0.00561
90 I	0.06787	0.91818	0.01395
91 A	0.14422	0.82438	0.0314
92 R	0.43948	0.44532	0.1152
93 F	0.45647	0.41949	0.12404
94 M	0.49983	0.35272	0.14744
95 P	0.61997	0.02855	0.35148
96 K	0.63778	0.00167	0.36055
97 L	0.63831	0.00085	0.36084
98 L	0.63836	0.00076	0.36087
99 F	0.63851	0.00052	0.36097
100 E	0.63893	0.00006	0.36102
101 K	0.63898	0.00000	0.36103
102 L	0.63898	0.00000	0.36103
103 D	0.63898	0.00000	0.36103
104 Y	0.63898	0.00000	0.36103
105 E	0.63898	0.00000	0.36103
106 K	0.63898	0.00000	0.36103
107 V	0.63898	0.00000	0.36103
108 E	0.63898	0.00000	0.36103
109 K	0.63898	0.00000	0.36103
110 E	0.63898	0.00000	0.36103
