# tr|Q6YQU3|Q6YQU3_ONYPE
# AA	inside	membr	outside
1 M	0.99905	0.00000	0.00095
2 T	0.99905	0.00000	0.00095
3 K	0.99905	0.00000	0.00095
4 N	0.99905	0.00000	0.00095
5 K	0.99905	0.00000	0.00095
6 V	0.99905	0.00000	0.00095
7 I	0.99905	0.00000	0.00095
8 N	0.99905	0.00000	0.00095
9 K	0.99905	0.00000	0.00095
10 K	0.99905	0.00000	0.00095
11 D	0.99905	0.00000	0.00095
12 K	0.99752	0.00153	0.00095
13 I	0.89807	0.10099	0.00094
14 S	0.89805	0.10101	0.00094
15 R	0.89805	0.10107	0.00089
16 L	0.86395	0.13517	0.00089
17 V	0.73120	0.26794	0.00086
18 L	0.73084	0.26831	0.00086
19 E	0.72716	0.27199	0.00086
20 G	0.42052	0.57877	0.00071
21 N	0.15632	0.84298	0.00071
22 L	0.10148	0.89787	0.00066
23 L	0.09341	0.90595	0.00064
24 K	0.09013	0.90925	0.00062
25 A	0.05081	0.94867	0.00052
26 L	0.03790	0.96162	0.00048
27 W	0.02951	0.97002	0.00047
28 I	0.01717	0.98237	0.00046
29 I	0.01370	0.98584	0.00046
30 S	0.01270	0.98679	0.00051
31 L	0.01024	0.98889	0.00088
32 P	0.00894	0.98959	0.00147
33 I	0.00367	0.99471	0.00162
34 I	0.00210	0.99582	0.00208
35 V	0.00182	0.99137	0.00681
36 F	0.00168	0.89607	0.10225
37 N	0.00166	0.87619	0.12215
38 V	0.00167	0.86623	0.13211
39 F	0.00167	0.80060	0.19772
40 K	0.00186	0.38092	0.61723
41 A	0.00184	0.36088	0.63729
42 C	0.00181	0.33782	0.66037
43 F	0.00181	0.28717	0.71103
44 G	0.00184	0.13733	0.86083
45 S	0.00191	0.09641	0.90168
46 V	0.00192	0.08821	0.90986
47 D	0.00195	0.07893	0.91912
48 T	0.00196	0.05675	0.9413
49 F	0.00196	0.04937	0.94867
50 F	0.00196	0.04259	0.95545
51 G	0.00197	0.02307	0.97496
52 A	0.00197	0.01586	0.98217
53 G	0.00197	0.01286	0.98516
54 L	0.00198	0.00984	0.98818
55 E	0.00199	0.00555	0.99246
56 G	0.00200	0.00169	0.99631
57 A	0.00200	0.00061	0.9974
58 T	0.00200	0.00038	0.99763
59 Q	0.00200	0.00028	0.99772
60 S	0.00200	0.00026	0.99774
61 Y	0.00200	0.00033	0.99767
62 I	0.00201	0.00094	0.99706
63 Q	0.00202	0.00117	0.99681
64 F	0.00202	0.00189	0.99609
65 S	0.00202	0.00454	0.99344
66 K	0.00204	0.01732	0.98064
67 S	0.00203	0.07841	0.91956
68 A	0.00203	0.15841	0.83955
69 Q	0.00203	0.27195	0.72601
70 S	0.00203	0.73399	0.26398
71 I	0.00203	0.97841	0.01956
72 V	0.00203	0.98625	0.01172
73 E	0.00203	0.99235	0.00563
74 A	0.00203	0.99632	0.00166
75 V	0.00203	0.99784	0.00012
76 G	0.00203	0.99789	7e-05
77 V	0.00203	0.99791	6e-05
78 C	0.00203	0.99791	6e-05
79 L	0.00203	0.99791	6e-05
80 G	0.00203	0.99791	6e-05
81 I	0.00204	0.99790	6e-05
82 T	0.00206	0.99788	6e-05
83 G	0.00206	0.99788	6e-05
84 V	0.00209	0.99784	6e-05
85 A	0.00437	0.99556	6e-05
86 L	0.00928	0.99066	6e-05
87 I	0.02921	0.97072	6e-05
88 S	0.16078	0.83915	6e-05
89 R	0.55968	0.44026	6e-05
90 E	0.62267	0.37727	6e-05
91 V	0.62634	0.37359	6e-05
92 G	0.62989	0.37005	6e-05
93 K	0.97950	0.02043	7e-05
94 N	0.99988	0.00005	7e-05
95 K	0.99993	0.00000	7e-05
96 N	0.99993	0.00000	7e-05
97 V	0.99993	0.00000	7e-05
98 K	0.99993	0.00000	7e-05
99 S	0.99992	0.00001	7e-05
100 L	0.99991	0.00002	7e-05
101 K	0.99990	0.00003	7e-05
102 A	0.99986	0.00007	7e-05
103 R	0.99979	0.00014	7e-05
104 K	0.99749	0.00244	7e-05
105 I	0.53790	0.46206	4e-05
106 A	0.50658	0.49338	4e-05
107 S	0.46196	0.53800	3e-05
108 S	0.31542	0.68455	3e-05
109 V	0.02386	0.97611	2e-05
110 F	0.00370	0.99628	2e-05
111 V	0.00172	0.99826	2e-05
112 L	0.00061	0.99937	2e-05
113 L	0.00005	0.99993	2e-05
114 F	0.00000	1.00000	0
115 I	0.00000	1.00000	0
116 V	0.00000	1.00000	0
117 S	0.00000	1.00000	0
118 L	0.00000	1.00000	0
119 V	0.00000	1.00000	0
120 V	0.00000	1.00000	0
121 A	0.00000	0.99999	1e-05
122 C	0.00000	0.99997	3e-05
123 V	0.00000	0.99991	9e-05
124 M	0.00000	0.99977	0.00023
125 I	0.00000	0.99897	0.00103
126 G	0.00000	0.99389	0.00611
127 F	0.00000	0.98354	0.01646
128 S	0.00002	0.40907	0.59092
129 S	0.00002	0.32320	0.67678
130 P	0.00002	0.27750	0.72248
131 I	0.00002	0.22839	0.77159
132 C	0.00003	0.01834	0.98163
133 S	0.00003	0.00658	0.99338
134 L	0.00003	0.00485	0.99511
135 F	0.00003	0.00328	0.99669
136 L	0.00004	0.00212	0.99785
137 K	0.00007	0.00055	0.99937
138 E	0.00007	0.00004	0.99989
139 K	0.00007	0.00002	0.99992
140 V	0.00007	0.00001	0.99992
141 I	0.00007	0.00001	0.99992
142 N	0.00007	0.00001	0.99992
143 G	0.00007	0.00000	0.99993
144 V	0.00007	0.00000	0.99993
145 P	0.00007	0.00000	0.99993
146 K	0.00007	0.00000	0.99993
147 A	0.00007	0.00000	0.99993
148 I	0.00007	0.00000	0.99993
149 T	0.00007	0.00000	0.99993
150 T	0.00007	0.00000	0.99993
151 E	0.00007	0.00000	0.99993
152 E	0.00007	0.00000	0.99993
153 K	0.00007	0.00001	0.99993
154 N	0.00007	0.00103	0.9989
155 L	0.00007	0.02794	0.97199
156 C	0.00007	0.03531	0.96462
157 I	0.00002	0.19446	0.80553
158 N	0.00002	0.20675	0.79324
159 A	0.00002	0.36649	0.6335
160 F	0.00001	0.51503	0.48496
161 R	0.00001	0.55205	0.44794
162 L	0.00001	0.86469	0.13531
163 Q	0.00001	0.89171	0.10828
164 M	0.00001	0.94144	0.05856
165 L	0.00001	0.98144	0.01856
166 G	0.00001	0.98868	0.01132
167 T	0.00001	0.99884	0.00115
168 I	0.00001	0.99974	0.00025
169 L	0.00001	0.99986	0.00014
170 A	0.00001	0.99988	0.00011
171 A	0.00001	0.99988	0.00011
172 I	0.00001	0.99988	0.00011
173 N	0.00001	0.99988	0.00011
174 V	0.00001	0.99988	0.00011
175 F	0.00003	0.99986	0.00011
176 F	0.00014	0.99975	0.00011
177 L	0.01832	0.98157	0.00011
178 G	0.15716	0.84273	0.00011
179 I	0.27081	0.72908	0.00011
180 E	0.59048	0.40935	0.00017
181 R	0.59794	0.40189	0.00017
182 I	0.60056	0.39927	0.00017
183 L	0.62816	0.37167	0.00017
184 G	0.69585	0.30398	0.00017
185 K	0.99635	0.00347	0.00017
186 L	0.99358	0.00625	0.00017
187 K	0.99458	0.00524	0.00017
188 K	0.98702	0.01282	0.00016
189 I	0.81185	0.18808	7e-05
190 L	0.61120	0.38873	7e-05
191 V	0.06026	0.93968	7e-05
192 L	0.03545	0.96449	6e-05
193 N	0.03452	0.96543	5e-05
194 C	0.03389	0.96607	4e-05
195 I	0.03107	0.96891	3e-05
196 M	0.01623	0.98375	3e-05
197 M	0.00862	0.99135	3e-05
198 G	0.00675	0.99323	3e-05
199 L	0.00316	0.99682	3e-05
200 K	0.00233	0.99765	3e-05
201 I	0.00064	0.99934	2e-05
202 G	0.00047	0.99951	2e-05
203 L	0.00041	0.99956	2e-05
204 S	0.00040	0.99932	0.00027
205 T	0.00038	0.99928	0.00033
206 L	0.00038	0.99917	0.00046
207 C	0.00038	0.99778	0.00185
208 F	0.00038	0.98824	0.01138
209 G	0.00038	0.88898	0.11064
210 I	0.00039	0.87487	0.12474
211 K	0.00046	0.81737	0.18217
212 V	0.00048	0.80876	0.19076
213 I	0.00048	0.63460	0.36492
214 G	0.00048	0.06892	0.9306
215 L	0.00049	0.04411	0.9554
216 E	0.00052	0.03845	0.96102
217 A	0.00052	0.03841	0.96106
218 L	0.00052	0.03456	0.96492
219 C	0.00052	0.00960	0.98989
220 P	0.00050	0.00579	0.99371
221 N	0.00044	0.00752	0.99203
222 V	0.00021	0.19652	0.80327
223 L	0.00007	0.90643	0.0935
224 G	0.00007	0.94983	0.05011
225 L	0.00006	0.97775	0.02219
226 Q	0.00006	0.97998	0.01996
227 T	0.00005	0.98508	0.01487
228 A	0.00003	0.99598	0.004
229 S	0.00002	0.99684	0.00315
230 C	0.00002	0.99729	0.0027
231 L	0.00001	0.99781	0.00218
232 A	0.00001	0.99795	0.00204
233 Y	0.00001	0.99966	0.00033
234 L	0.00001	0.99995	4e-05
235 F	0.00001	0.99997	2e-05
236 I	0.00002	0.99996	1e-05
237 T	0.00004	0.99994	1e-05
238 I	0.00006	0.99993	1e-05
239 V	0.00011	0.99988	1e-05
240 A	0.00129	0.99869	1e-05
241 F	0.00222	0.99776	1e-05
242 F	0.00717	0.99280	2e-05
243 T	0.04709	0.95286	5e-05
244 L	0.05857	0.94133	0.0001
245 F	0.24649	0.75318	0.00033
246 N	0.95076	0.04874	0.0005
247 K	0.99400	0.00547	0.00052
248 K	0.99650	0.00297	0.00053
249 N	0.99655	0.00292	0.00053
250 P	0.99655	0.00292	0.00052
251 L	0.99655	0.00293	0.00052
252 F	0.99658	0.00289	0.00052
253 L	0.99686	0.00262	0.00053
254 S	0.99727	0.00220	0.00053
255 L	0.99732	0.00215	0.00053
256 G	0.99905	0.00042	0.00053
257 D	0.99938	0.00009	0.00053
258 F	0.99938	0.00009	0.00053
259 S	0.99938	0.00009	0.00053
260 F	0.99938	0.00009	0.00053
261 K	0.99938	0.00008	0.00053
262 T	0.99938	0.00008	0.00053
263 F	0.99938	0.00009	0.00053
264 F	0.99938	0.00009	0.00053
265 Q	0.99936	0.00008	0.00055
266 D	0.99931	0.00009	0.0006
267 K	0.99873	0.00066	0.00061
268 K	0.99252	0.00687	0.00061
269 L	0.95684	0.04256	0.0006
270 L	0.94207	0.05734	0.0006
271 K	0.93606	0.06334	0.0006
272 T	0.87265	0.12676	0.00059
273 I	0.67968	0.31974	0.00059
274 L	0.62518	0.37424	0.00058
275 K	0.61410	0.38532	0.00059
276 L	0.09272	0.90670	0.00058
277 S	0.07603	0.92339	0.00058
278 I	0.06776	0.93166	0.00058
279 T	0.06568	0.93374	0.00058
280 L	0.05627	0.94315	0.00058
281 T	0.05429	0.94514	0.00058
282 I	0.05390	0.94552	0.00058
283 G	0.05362	0.94580	0.00059
284 K	0.05347	0.94582	0.00071
285 F	0.05133	0.94796	0.00072
286 I	0.05127	0.94791	0.00082
287 Y	0.05122	0.94269	0.0061
288 E	0.05121	0.91968	0.0291
289 G	0.05115	0.91315	0.03571
290 G	0.05111	0.90120	0.04768
291 R	0.05110	0.87841	0.07048
292 M	0.05102	0.86340	0.08558
293 F	0.05096	0.84869	0.10035
294 T	0.05095	0.83236	0.11669
295 L	0.05095	0.77682	0.17224
296 F	0.05095	0.60435	0.3447
297 M	0.05095	0.54647	0.40257
298 V	0.05095	0.51673	0.43231
299 D	0.05096	0.01443	0.93461
300 S	0.05096	0.01116	0.93788
301 T	0.05096	0.01043	0.93861
302 F	0.05096	0.00932	0.93973
303 D	0.05096	0.00104	0.948
304 K	0.05096	0.00043	0.94861
305 P	0.05095	0.00104	0.94801
306 F	0.05095	0.00168	0.94737
307 L	0.05094	0.00217	0.94688
308 A	0.05094	0.00268	0.94638
309 G	0.05094	0.00304	0.94601
310 T	0.05094	0.00597	0.94309
311 P	0.05092	0.00726	0.94182
312 F	0.05088	0.01012	0.939
313 E	0.05087	0.01117	0.93796
314 F	0.05037	0.02235	0.92727
315 K	0.05034	0.03222	0.91744
316 G	0.04835	0.14704	0.80461
317 L	0.04737	0.29815	0.65448
318 G	0.04713	0.87680	0.07606
319 G	0.04705	0.90173	0.05122
320 L	0.04700	0.92454	0.02845
321 G	0.04700	0.94067	0.01233
322 A	0.04699	0.94709	0.00591
323 I	0.04700	0.95178	0.00121
324 G	0.04705	0.95194	0.00101
325 V	0.04719	0.95186	0.00095
326 A	0.04767	0.95141	0.00092
327 D	0.04839	0.95070	0.00091
328 S	0.04852	0.95059	0.00089
329 I	0.04862	0.95057	0.00081
330 I	0.04883	0.95039	0.00078
331 T	0.04927	0.94996	0.00077
332 L	0.04964	0.94959	0.00077
333 F	0.05261	0.94662	0.00077
334 A	0.05703	0.94215	0.00082
335 Q	0.06784	0.93124	0.00091
336 I	0.06972	0.92930	0.00097
337 S	0.09556	0.90264	0.00179
338 F	0.11569	0.88236	0.00194
339 S	0.23505	0.76113	0.00381
340 L	0.38652	0.60898	0.0045
341 K	0.98372	0.01157	0.0047
342 E	0.99223	0.00305	0.00471
343 G	0.99341	0.00188	0.00471
344 Q	0.99485	0.00044	0.00471
345 L	0.99494	0.00035	0.00471
346 M	0.99504	0.00025	0.00471
347 I	0.99505	0.00024	0.00471
348 V	0.99508	0.00021	0.00471
349 S	0.99518	0.00010	0.00471
350 E	0.99520	0.00008	0.00471
351 N	0.99521	0.00008	0.00471
352 L	0.99524	0.00004	0.00471
353 G	0.99527	0.00002	0.00471
354 N	0.99528	0.00000	0.00471
355 K	0.99528	0.00000	0.00471
356 N	0.99528	0.00001	0.00471
357 N	0.99525	0.00003	0.00471
358 K	0.99498	0.00032	0.0047
359 R	0.97058	0.02498	0.00444
360 A	0.68781	0.30860	0.00359
361 I	0.40622	0.59140	0.00238
362 K	0.39910	0.59860	0.0023
363 T	0.33433	0.66429	0.00138
364 L	0.06247	0.93723	0.0003
365 M	0.01841	0.98156	3e-05
366 L	0.00160	0.99839	1e-05
367 V	0.00063	0.99936	1e-05
368 S	0.00035	0.99964	1e-05
369 F	0.00021	0.99978	1e-05
370 C	0.00019	0.99981	1e-05
371 C	0.00006	0.99993	1e-05
372 F	0.00004	0.99995	1e-05
373 L	0.00004	0.99995	1e-05
374 V	0.00004	0.99995	1e-05
375 F	0.00004	0.99995	1e-05
376 A	0.00004	0.99995	1e-05
377 V	0.00004	0.99987	8e-05
378 T	0.00006	0.99798	0.00196
379 Y	0.00008	0.99628	0.00363
380 L	0.00011	0.98924	0.01065
381 I	0.00026	0.97320	0.02654
382 C	0.00094	0.85004	0.14902
383 A	0.00240	0.52959	0.46801
384 P	0.00454	0.05665	0.93881
385 K	0.00471	0.01426	0.98103
386 E	0.00474	0.00895	0.98632
387 Y	0.00474	0.00734	0.98793
388 C	0.00474	0.00348	0.99178
389 G	0.00474	0.00238	0.99288
390 L	0.00474	0.00214	0.99311
391 G	0.00474	0.00178	0.99348
392 F	0.00474	0.00162	0.99364
393 G	0.00474	0.00154	0.99372
394 D	0.00474	0.00104	0.99422
395 D	0.00474	0.00100	0.99426
396 L	0.00474	0.00100	0.99426
397 C	0.00474	0.00100	0.99426
398 L	0.00474	0.00099	0.99426
399 F	0.00474	0.00099	0.99426
400 F	0.00474	0.00099	0.99427
401 K	0.00475	0.00099	0.99427
402 N	0.00475	0.00099	0.99427
403 L	0.00475	0.00098	0.99427
404 G	0.00479	0.00094	0.99427
405 K	0.00560	0.00013	0.99427
406 E	0.00572	0.00002	0.99427
407 K	0.00573	0.00000	0.99427
408 K	0.00573	0.00000	0.99427
409 D	0.00573	0.00000	0.99427
410 Q	0.00573	0.00000	0.99427
411 M	0.00573	0.00000	0.99427
412 T	0.00573	0.00000	0.99427
413 L	0.00573	0.00000	0.99427
414 D	0.00573	0.00000	0.99427
415 M	0.00573	0.00011	0.99416
416 F	0.00573	0.00017	0.9941
417 H	0.00573	0.00021	0.99406
418 A	0.00573	0.00026	0.99401
419 K	0.00573	0.00030	0.99398
420 N	0.00573	0.00073	0.99354
421 P	0.00570	0.00213	0.99216
422 E	0.00566	0.00467	0.98967
423 F	0.00554	0.02828	0.96618
424 K	0.00549	0.03228	0.96224
425 S	0.00381	0.20176	0.79444
426 F	0.00283	0.56928	0.42789
427 L	0.00212	0.72436	0.27353
428 L	0.00165	0.76973	0.22862
429 G	0.00158	0.95182	0.0466
430 A	0.00158	0.97531	0.02311
431 L	0.00158	0.97688	0.02155
432 L	0.00157	0.97830	0.02013
433 T	0.00158	0.97860	0.01982
434 T	0.00158	0.97885	0.01957
435 C	0.00158	0.97888	0.01954
436 L	0.00158	0.97895	0.01948
437 L	0.00158	0.97895	0.01947
438 T	0.00203	0.97850	0.01947
439 N	0.00289	0.97764	0.01947
440 Q	0.00447	0.97605	0.01948
441 L	0.00490	0.97561	0.01949
442 E	0.00610	0.97439	0.01951
443 V	0.00656	0.97389	0.01955
444 F	0.01026	0.96998	0.01976
445 S	0.02995	0.94953	0.02052
446 T	0.08795	0.89142	0.02063
447 F	0.10023	0.87909	0.02068
448 L	0.24423	0.73443	0.02133
449 I	0.54236	0.43557	0.02207
450 A	0.69740	0.27978	0.02283
451 A	0.73748	0.23905	0.02347
452 K	0.96860	0.00781	0.02359
453 Q	0.97618	0.00023	0.02359
454 P	0.97561	0.00097	0.02341
455 K	0.97311	0.00351	0.02338
456 Y	0.95340	0.02367	0.02293
457 D	0.94539	0.03236	0.02225
458 L	0.63030	0.35154	0.01816
459 L	0.55153	0.43350	0.01498
460 L	0.20256	0.78493	0.0125
461 S	0.15758	0.83057	0.01185
462 F	0.09042	0.89972	0.00985
463 G	0.08203	0.90840	0.00957
464 R	0.07748	0.91327	0.00926
465 V	0.02239	0.97049	0.00712
466 F	0.02088	0.97222	0.0069
467 L	0.02065	0.97249	0.00686
468 F	0.02062	0.97252	0.00686
469 R	0.02064	0.97250	0.00686
470 I	0.02064	0.97250	0.00686
471 P	0.02064	0.97247	0.0069
472 A	0.02064	0.97241	0.00695
473 L	0.02064	0.97165	0.00771
474 Y	0.02066	0.96394	0.0154
475 F	0.02067	0.96192	0.01741
476 F	0.02085	0.93238	0.04677
477 R	0.02472	0.87095	0.10432
478 N	0.02565	0.77118	0.20317
479 V	0.02589	0.76092	0.2132
480 W	0.02645	0.74046	0.23308
481 F	0.02921	0.52171	0.44908
482 G	0.03410	0.31455	0.65134
483 N	0.03638	0.00846	0.95515
484 E	0.03685	0.00233	0.96081
485 E	0.03738	0.00006	0.96255
486 K	0.03738	0.00002	0.96259
487 T	0.03738	0.00003	0.96258
488 S	0.03738	0.00002	0.96259
489 I	0.03736	0.00007	0.96257
490 K	0.03734	0.00016	0.96249
491 I	0.03650	0.01775	0.94575
492 N	0.03636	0.01965	0.94399
493 N	0.03467	0.04369	0.92164
494 A	0.03255	0.07263	0.89482
495 Y	0.02898	0.20141	0.76961
496 G	0.02439	0.41969	0.55592
497 F	0.00639	0.84047	0.15313
498 A	0.00596	0.84907	0.14497
499 N	0.00537	0.85457	0.14006
500 F	0.00102	0.96064	0.03833
501 S	0.00057	0.97257	0.02686
502 A	0.00004	0.99634	0.00363
503 N	0.00001	0.99736	0.00262
504 F	0.00001	0.99961	0.00039
505 I	0.00000	0.99998	1e-05
506 M	0.00000	0.99999	0
507 L	0.00000	0.99999	0
508 M	0.00001	0.99999	0
509 F	0.00001	0.99999	0
510 M	0.00001	0.99998	0
511 V	0.00002	0.99995	3e-05
512 F	0.00010	0.99979	0.00012
513 V	0.00118	0.99825	0.00057
514 C	0.02568	0.97164	0.00269
515 V	0.03623	0.96059	0.00317
516 R	0.10576	0.88908	0.00515
517 F	0.12264	0.87157	0.00579
518 V	0.20984	0.78203	0.00812
519 Y	0.41319	0.57454	0.01227
520 K	0.94766	0.01552	0.03683
521 L	0.95686	0.00592	0.03721
522 K	0.96181	0.00082	0.03737
523 K	0.96259	0.00002	0.03738
524 E	0.96261	0.00000	0.03738
525 K	0.96262	0.00000	0.03738
526 Q	0.96262	0.00000	0.03738
527 P	0.96262	0.00000	0.03738
528 K	0.96262	0.00000	0.03738
529 S	0.96262	0.00000	0.03738
530 F	0.96262	0.00000	0.03738
531 K	0.96262	0.00000	0.03738
