# tr|Q6YPT6|Q6YPT6_ONYPE
# AA	inside	membr	outside
1 M	0.00263	0.00000	0.99737
2 R	0.00263	0.00000	0.99737
3 N	0.00263	0.00000	0.99737
4 I	0.00263	0.00000	0.99737
5 K	0.00263	0.00000	0.99737
6 N	0.00263	0.00000	0.99737
7 L	0.00263	0.00001	0.99737
8 G	0.00263	0.00001	0.99737
9 L	0.00263	0.00001	0.99737
10 W	0.00263	0.00001	0.99737
11 Q	0.00263	0.00001	0.99737
12 K	0.00263	0.00001	0.99737
13 M	0.00263	0.00001	0.99737
14 C	0.00263	0.00001	0.99737
15 Y	0.00263	0.00001	0.99736
16 N	0.00263	0.00001	0.99736
17 F	0.00263	0.00001	0.99736
18 P	0.00263	0.00001	0.99736
19 S	0.00263	0.00002	0.99736
20 Y	0.00262	0.00005	0.99733
21 K	0.00261	0.00006	0.99733
22 K	0.00252	0.00150	0.99597
23 G	0.00151	0.09587	0.90262
24 L	0.00062	0.36582	0.63356
25 Y	0.00034	0.70281	0.29685
26 N	0.00025	0.76865	0.23111
27 T	0.00019	0.86486	0.13495
28 L	0.00010	0.93540	0.06451
29 L	0.00007	0.98484	0.0151
30 I	0.00006	0.99853	0.0014
31 S	0.00006	0.99944	0.0005
32 I	0.00006	0.99970	0.00024
33 D	0.00006	0.99975	0.0002
34 G	0.00006	0.99986	8e-05
35 L	0.00006	0.99992	3e-05
36 L	0.00006	0.99993	0
37 I	0.00006	0.99994	0
38 G	0.00006	0.99994	0
39 F	0.00006	0.99994	0
40 L	0.00006	0.99994	0
41 L	0.00007	0.99993	0
42 A	0.00015	0.99984	1e-05
43 L	0.00039	0.99958	3e-05
44 F	0.00126	0.99868	6e-05
45 L	0.00566	0.99416	0.00018
46 V	0.08607	0.91281	0.00112
47 G	0.42956	0.56839	0.00205
48 T	0.87111	0.12649	0.0024
49 K	0.97948	0.01798	0.00255
50 T	0.99249	0.00495	0.00255
51 K	0.99630	0.00113	0.00256
52 V	0.99660	0.00083	0.00256
53 T	0.99709	0.00035	0.00256
54 N	0.99724	0.00019	0.00256
55 T	0.99733	0.00010	0.00256
56 R	0.99741	0.00002	0.00256
57 T	0.99743	0.00001	0.00256
58 N	0.99742	0.00001	0.00256
59 N	0.99741	0.00003	0.00256
60 T	0.99739	0.00004	0.00256
61 F	0.99738	0.00005	0.00256
62 V	0.99738	0.00005	0.00256
63 K	0.99738	0.00006	0.00256
64 A	0.99736	0.00008	0.00256
65 C	0.99730	0.00013	0.00256
66 Y	0.99720	0.00023	0.00256
67 K	0.99701	0.00043	0.00256
68 M	0.99359	0.00384	0.00256
69 I	0.99057	0.00686	0.00256
70 S	0.99012	0.00731	0.00256
71 K	0.98905	0.00838	0.00256
72 C	0.95757	0.03987	0.00256
73 V	0.93837	0.05911	0.00252
74 D	0.93186	0.06565	0.00249
75 T	0.79770	0.20007	0.00223
76 Y	0.30353	0.69470	0.00177
77 I	0.09120	0.90722	0.00159
78 W	0.01157	0.98696	0.00148
79 L	0.00312	0.99541	0.00148
80 L	0.00247	0.99605	0.00148
81 K	0.00231	0.99618	0.00151
82 G	0.00147	0.99703	0.0015
83 V	0.00104	0.99749	0.00147
84 P	0.00095	0.99759	0.00146
85 I	0.00089	0.99766	0.00145
86 A	0.00089	0.99763	0.00149
87 A	0.00089	0.99752	0.00159
88 Q	0.00089	0.99716	0.00195
89 A	0.00089	0.99697	0.00214
90 M	0.00089	0.99659	0.00252
91 L	0.00088	0.99362	0.00549
92 V	0.00088	0.98930	0.00981
93 W	0.00089	0.97792	0.0212
94 F	0.00090	0.85192	0.14718
95 S	0.00097	0.66141	0.33762
96 N	0.00119	0.54364	0.45517
97 S	0.00128	0.49990	0.49883
98 L	0.00147	0.46674	0.53178
99 W	0.00171	0.20095	0.79734
100 W	0.00184	0.10400	0.89416
101 P	0.00202	0.01557	0.98242
102 S	0.00204	0.00139	0.99658
103 K	0.00205	0.00010	0.99786
104 G	0.00205	0.00009	0.99786
105 L	0.00205	0.00012	0.99783
106 M	0.00205	0.00013	0.99782
107 P	0.00205	0.00017	0.99777
108 D	0.00206	0.00085	0.99709
109 L	0.00205	0.03437	0.96358
110 F	0.00205	0.04080	0.95714
111 P	0.00205	0.04283	0.95512
112 Q	0.00204	0.06479	0.93317
113 I	0.00173	0.49919	0.49908
114 N	0.00167	0.65243	0.3459
115 Q	0.00158	0.79702	0.2014
116 I	0.00106	0.91095	0.088
117 H	0.00085	0.94576	0.05339
118 A	0.00048	0.97390	0.02562
119 A	0.00027	0.99095	0.00878
120 L	0.00022	0.99850	0.00128
121 F	0.00021	0.99877	0.00101
122 V	0.00021	0.99891	0.00088
123 I	0.00021	0.99896	0.00083
124 T	0.00022	0.99896	0.00082
125 L	0.00022	0.99896	0.00081
126 N	0.00025	0.99894	0.00081
127 A	0.00047	0.99872	0.00081
128 G	0.00081	0.99838	0.00081
129 A	0.00217	0.99701	0.00081
130 S	0.00456	0.99463	0.00081
131 L	0.01251	0.98667	0.00081
132 T	0.05425	0.94493	0.00082
133 M	0.07202	0.92716	0.00082
134 I	0.07977	0.91939	0.00084
135 L	0.16410	0.83499	0.00091
136 M	0.69129	0.30711	0.0016
137 Q	0.87620	0.12172	0.00207
138 N	0.93701	0.06066	0.00232
139 I	0.95688	0.04069	0.00243
140 K	0.98063	0.01678	0.00259
141 F	0.98298	0.01442	0.00261
142 V	0.99126	0.00610	0.00264
143 D	0.99731	0.00003	0.00265
144 K	0.99733	0.00002	0.00265
145 G	0.99731	0.00004	0.00265
146 Q	0.99731	0.00004	0.00265
147 I	0.99685	0.00050	0.00264
148 E	0.99657	0.00079	0.00264
149 A	0.99624	0.00112	0.00264
150 A	0.99620	0.00116	0.00264
151 F	0.99618	0.00118	0.00264
152 S	0.99618	0.00118	0.00264
153 L	0.99618	0.00118	0.00264
154 G	0.99618	0.00118	0.00264
155 M	0.99618	0.00118	0.00264
156 T	0.99618	0.00118	0.00264
157 Q	0.99618	0.00118	0.00264
158 R	0.99617	0.00119	0.00264
159 Q	0.99574	0.00162	0.00263
160 T	0.98285	0.01452	0.00263
161 F	0.95120	0.04618	0.00262
162 Y	0.94830	0.04906	0.00263
163 N	0.94672	0.05063	0.00265
164 I	0.94365	0.05371	0.00264
165 I	0.94299	0.05436	0.00265
166 F	0.94290	0.05440	0.0027
167 P	0.94289	0.05391	0.0032
168 Q	0.94286	0.05385	0.00328
169 A	0.94272	0.05396	0.00332
170 L	0.94264	0.05387	0.0035
171 K	0.94254	0.05371	0.00375
172 K	0.93434	0.06188	0.00378
173 S	0.89925	0.09700	0.00375
174 V	0.77168	0.22474	0.00358
175 P	0.74302	0.25361	0.00338
176 F	0.70896	0.28806	0.00298
177 V	0.69549	0.30168	0.00283
178 I	0.69179	0.30540	0.00281
179 T	0.69074	0.30616	0.00311
180 Q	0.66703	0.32940	0.00357
181 F	0.23790	0.75836	0.00375
182 I	0.21070	0.78456	0.00474
183 T	0.20842	0.77239	0.01919
184 N	0.20295	0.74484	0.05221
185 I	0.19819	0.74754	0.05427
186 K	0.19580	0.74868	0.05553
187 D	0.18573	0.75860	0.05568
188 C	0.11782	0.82665	0.05553
189 T	0.08241	0.86217	0.05542
190 F	0.06191	0.88269	0.0554
191 F	0.06063	0.88396	0.05541
192 A	0.06031	0.88397	0.05572
193 F	0.06029	0.88380	0.05592
194 I	0.06029	0.87776	0.06195
195 G	0.06034	0.85128	0.08838
196 L	0.06042	0.82504	0.11454
197 V	0.06065	0.70249	0.23686
198 E	0.06109	0.66757	0.27134
199 M	0.06119	0.64307	0.29575
200 G	0.06126	0.63140	0.30735
201 W	0.06126	0.62897	0.30977
202 I	0.06122	0.62366	0.31512
203 A	0.06130	0.56722	0.37149
204 N	0.06132	0.08762	0.85105
205 R	0.06113	0.05458	0.88429
206 N	0.04827	0.16941	0.78232
207 M	0.04121	0.28303	0.67576
208 G	0.03346	0.48653	0.48001
209 I	0.02071	0.65215	0.32713
210 T	0.01998	0.64711	0.33292
211 A	0.01862	0.66683	0.31455
212 D	0.01837	0.67407	0.30755
213 V	0.00307	0.98048	0.01645
214 I	0.00210	0.99039	0.0075
215 T	0.00187	0.99197	0.00616
216 P	0.00129	0.99474	0.00397
217 F	0.00089	0.99705	0.00206
218 V	0.00085	0.99861	0.00055
219 L	0.00084	0.99868	0.00048
220 L	0.00084	0.99870	0.00046
221 S	0.00084	0.99870	0.00045
222 I	0.00084	0.99870	0.00045
223 I	0.00085	0.99869	0.00045
224 Y	0.00096	0.99854	0.0005
225 L	0.00126	0.99813	0.00061
226 V	0.00280	0.99640	0.0008
227 L	0.01739	0.98101	0.0016
228 I	0.12907	0.86659	0.00433
229 Q	0.51570	0.45163	0.03267
230 C	0.54580	0.41555	0.03865
231 N	0.63466	0.32111	0.04423
232 N	0.68397	0.26969	0.04634
233 T	0.70567	0.24751	0.04682
234 L	0.71271	0.24001	0.04729
235 A	0.72739	0.22508	0.04753
236 K	0.93549	0.00374	0.06077
237 Y	0.93622	0.00277	0.061
238 L	0.93670	0.00215	0.06114
239 E	0.93819	0.00032	0.0615
240 K	0.93840	0.00002	0.06158
241 K	0.93842	0.00000	0.06158
242 L	0.93842	0.00000	0.06158
243 N	0.93842	0.00000	0.06158
244 P	0.93842	0.00000	0.06158
245 S	0.93842	0.00000	0.06158
246 F	0.93842	0.00000	0.06158
247 R	0.93842	0.00000	0.06158
248 P	0.93842	0.00000	0.06158
249 V	0.93842	0.00000	0.06158
250 I	0.93842	0.00000	0.06158
251 S	0.93842	0.00000	0.06158
252 V	0.93842	0.00000	0.06158
