# tr|Q6YR42|Q6YR42_ONYPE
# AA	inside	membr	outside
1 M	0.86116	0.00000	0.13884
2 L	0.86116	0.00000	0.13884
3 K	0.86116	0.00000	0.13884
4 T	0.86116	0.00000	0.13884
5 K	0.86116	0.00000	0.13884
6 N	0.86116	0.00000	0.13884
7 K	0.86113	0.00003	0.13884
8 E	0.86113	0.00003	0.13884
9 T	0.85767	0.00350	0.13883
10 K	0.85764	0.00540	0.13696
11 V	0.83502	0.02876	0.13623
12 F	0.48723	0.37682	0.13596
13 F	0.32535	0.54306	0.1316
14 S	0.32533	0.54308	0.1316
15 P	0.32533	0.56787	0.10681
16 L	0.31984	0.57336	0.10681
17 Q	0.31805	0.57536	0.1066
18 K	0.31771	0.57634	0.10596
19 H	0.22340	0.67964	0.09697
20 I	0.09531	0.89081	0.01389
21 I	0.06851	0.91764	0.01386
22 A	0.06807	0.91821	0.01372
23 S	0.06795	0.91835	0.0137
24 T	0.06786	0.91846	0.01368
25 F	0.06780	0.91853	0.01367
26 L	0.06779	0.91854	0.01367
27 G	0.06779	0.91853	0.01368
28 F	0.06779	0.91852	0.01369
29 T	0.06780	0.91829	0.01391
30 I	0.06780	0.91323	0.01898
31 V	0.06781	0.90094	0.03125
32 L	0.06805	0.86257	0.06938
33 E	0.08016	0.81431	0.10553
34 F	0.08071	0.79550	0.12379
35 A	0.08579	0.47594	0.43827
36 Y	0.09640	0.30499	0.5986
37 D	0.12366	0.17090	0.70544
38 K	0.15265	0.09774	0.74961
39 L	0.15238	0.09527	0.75235
40 G	0.15496	0.08275	0.76229
41 I	0.15599	0.07746	0.76654
42 A	0.15830	0.06555	0.77615
43 K	0.19050	0.01364	0.79585
44 M	0.12469	0.42896	0.44635
45 G	0.08998	0.63990	0.27013
46 A	0.08185	0.76557	0.15258
47 N	0.06193	0.85216	0.08592
48 I	0.03563	0.93276	0.03161
49 G	0.00437	0.98280	0.01283
50 S	0.00251	0.99147	0.00603
51 F	0.00201	0.99589	0.00209
52 I	0.00192	0.99643	0.00165
53 K	0.00191	0.99644	0.00165
54 V	0.00165	0.99682	0.00153
55 S	0.00143	0.99708	0.00149
56 L	0.00134	0.99729	0.00137
57 L	0.00128	0.99739	0.00132
58 P	0.00124	0.99744	0.00132
59 L	0.00111	0.99767	0.00122
60 I	0.00111	0.99768	0.0012
61 L	0.00115	0.99763	0.00123
62 I	0.00143	0.99652	0.00205
63 G	0.00207	0.99503	0.0029
64 F	0.00729	0.98904	0.00367
65 L	0.02724	0.96699	0.00577
66 L	0.10866	0.87660	0.01474
67 G	0.57029	0.29413	0.13559
68 K	0.78675	0.02321	0.19004
69 K	0.80421	0.00402	0.19177
70 H	0.77715	0.05513	0.16771
71 S	0.56175	0.28353	0.15472
72 F	0.38325	0.47726	0.13949
73 L	0.18755	0.67375	0.13869
74 F	0.15362	0.70797	0.13842
75 C	0.14950	0.71374	0.13676
76 T	0.14459	0.80281	0.0526
77 L	0.12013	0.85450	0.02537
78 Y	0.05508	0.92318	0.02175
79 A	0.02614	0.95667	0.01719
80 L	0.00473	0.98010	0.01516
81 F	0.00378	0.98325	0.01297
82 H	0.00381	0.98325	0.01294
83 L	0.00368	0.98334	0.01298
84 F	0.00368	0.98330	0.01302
85 K	0.00372	0.98311	0.01317
86 A	0.00364	0.98317	0.01319
87 I	0.00354	0.98314	0.01332
88 F	0.00360	0.98238	0.01402
89 L	0.00468	0.97175	0.02358
90 S	0.03968	0.79662	0.16371
91 E	0.05197	0.49813	0.4499
92 S	0.05328	0.48767	0.45905
93 T	0.05533	0.47859	0.46608
94 N	0.05583	0.46441	0.47976
95 I	0.05615	0.43996	0.50389
96 L	0.05647	0.30014	0.64339
97 V	0.05751	0.27991	0.66258
98 Y	0.06449	0.26024	0.67527
99 M	0.16370	0.14865	0.68765
100 Q	0.18278	0.08343	0.73379
101 A	0.18324	0.02109	0.79568
102 Q	0.18352	0.00597	0.81052
103 Q	0.18355	0.00053	0.81593
104 M	0.18355	0.00071	0.81575
105 R	0.18353	0.00139	0.81508
106 P	0.18337	0.00515	0.81148
107 L	0.18284	0.01194	0.80522
108 Q	0.18268	0.02720	0.79012
109 Q	0.17484	0.24883	0.57632
110 I	0.08822	0.83558	0.0762
111 A	0.02590	0.92637	0.04773
112 V	0.01735	0.95388	0.02876
113 L	0.01615	0.97414	0.00972
114 L	0.01597	0.97889	0.00514
115 L	0.01594	0.97990	0.00416
116 D	0.01593	0.98079	0.00328
117 Y	0.01587	0.98253	0.0016
118 L	0.01582	0.98310	0.00109
119 L	0.01581	0.98349	0.0007
120 V	0.01581	0.98361	0.00058
121 D	0.01581	0.98369	0.00049
122 L	0.01582	0.98374	0.00044
123 S	0.01583	0.98374	0.00043
124 Y	0.01588	0.98370	0.00042
125 S	0.01621	0.98333	0.00045
126 L	0.01645	0.98307	0.00048
127 S	0.01760	0.98182	0.00059
128 F	0.01897	0.98019	0.00084
129 V	0.02493	0.97181	0.00326
130 F	0.03297	0.94666	0.02036
131 Y	0.05694	0.91121	0.03185
132 T	0.32494	0.61629	0.05877
133 P	0.79668	0.09277	0.11055
134 N	0.81829	0.02100	0.16072
135 L	0.82110	0.01207	0.16683
136 K	0.82892	0.00296	0.16813
137 Y	0.82909	0.00279	0.16812
138 F	0.82944	0.00244	0.16812
139 D	0.83170	0.00018	0.16813
140 N	0.83170	0.00018	0.16812
141 Y	0.83150	0.00049	0.16801
142 K	0.83132	0.00106	0.16763
143 S	0.76696	0.07135	0.16169
144 I	0.42132	0.42755	0.15113
145 L	0.05304	0.81146	0.1355
146 L	0.03837	0.85010	0.11152
147 N	0.03409	0.87686	0.08905
148 L	0.01445	0.94182	0.04373
149 L	0.00678	0.97926	0.01397
150 I	0.00156	0.99483	0.00361
151 V	0.00051	0.99688	0.0026
152 F	0.00011	0.99949	0.00039
153 T	0.00005	0.99967	0.00027
154 S	0.00004	0.99978	0.00018
155 V	0.00001	0.99989	0.0001
156 F	0.00000	0.99989	0.0001
157 A	0.00001	0.99988	0.00011
158 F	0.00001	0.99986	0.00013
159 K	0.00006	0.99962	0.00031
160 C	0.00006	0.99961	0.00032
161 L	0.00007	0.99954	0.0004
162 A	0.00011	0.99925	0.00064
163 S	0.00019	0.99865	0.00117
164 Y	0.00039	0.99805	0.00156
165 F	0.00064	0.99704	0.00232
166 I	0.00377	0.94789	0.04834
167 W	0.01104	0.67405	0.31492
168 L	0.02807	0.27616	0.69577
169 P	0.06222	0.19157	0.74621
170 L	0.07762	0.15535	0.76702
171 I	0.11602	0.09710	0.78688
172 A	0.15544	0.03945	0.8051
173 N	0.16674	0.00543	0.82783
174 K	0.16728	0.00122	0.8315
175 Q	0.16522	0.00322	0.83156
176 N	0.15637	0.01551	0.82812
177 Y	0.14723	0.02902	0.82375
178 F	0.14500	0.03291	0.82209
179 P	0.14433	0.03628	0.81939
180 F	0.13962	0.08072	0.77966
181 L	0.13841	0.20166	0.65993
182 A	0.13759	0.25701	0.6054
183 P	0.13477	0.28363	0.5816
184 L	0.13179	0.31759	0.55062
185 I	0.13126	0.35009	0.51866
186 N	0.13110	0.37316	0.49574
187 Y	0.12712	0.61949	0.2534
188 P	0.12355	0.64389	0.23255
189 I	0.10278	0.76125	0.13597
190 I	0.08778	0.79070	0.12152
191 W	0.06084	0.83005	0.10911
192 C	0.01693	0.89621	0.08686
193 F	0.00610	0.93529	0.05861
194 C	0.00486	0.93346	0.06168
195 Y	0.00374	0.94535	0.0509
196 N	0.00585	0.95000	0.04415
197 L	0.00112	0.98674	0.01213
198 I	0.00078	0.99514	0.00408
199 P	0.00108	0.99671	0.00221
200 V	0.00036	0.99802	0.00162
201 F	0.00014	0.99856	0.00131
202 A	0.00011	0.99876	0.00113
203 T	0.00008	0.99946	0.00046
204 F	0.00004	0.99981	0.00014
205 I	0.00004	0.99983	0.00013
206 F	0.00005	0.99974	0.00022
207 I	0.00017	0.99937	0.00047
208 F	0.00060	0.99869	0.00071
209 I	0.00332	0.99559	0.00109
210 F	0.04468	0.95098	0.00434
211 L	0.05982	0.93195	0.00823
212 F	0.12092	0.85454	0.02455
213 F	0.17263	0.78354	0.04384
214 L	0.24121	0.68223	0.07656
215 N	0.59334	0.26935	0.13731
216 P	0.74430	0.10808	0.14762
217 R	0.82033	0.02940	0.15027
218 I	0.82601	0.02312	0.15088
219 K	0.84363	0.00338	0.15299
220 T	0.84482	0.00194	0.15323
221 Y	0.84501	0.00168	0.15332
222 L	0.84544	0.00116	0.1534
223 N	0.84562	0.00088	0.15349
224 Y	0.84571	0.00078	0.15351
225 Y	0.84580	0.00067	0.15353
226 R	0.84644	0.00000	0.15356
