# sp|B1V9H9|PLSY_PHYAS
# AA	inside	membr	outside
1 M	0.90559	0.00000	0.09441
2 V	0.65104	0.25455	0.09441
3 S	0.56311	0.34248	0.09441
4 I	0.56311	0.43142	0.00546
5 Y	0.30115	0.69752	0.00133
6 F	0.30113	0.69846	0.00041
7 F	0.00142	0.99834	0.00024
8 F	0.00142	0.99834	0.00023
9 F	0.00004	0.99973	0.00023
10 F	0.00004	0.99982	0.00014
11 L	0.00003	0.99983	0.00013
12 L	0.00000	0.99986	0.00013
13 F	0.00000	0.99986	0.00013
14 Y	0.00000	0.99986	0.00013
15 A	0.00000	0.99986	0.00013
16 L	0.00000	0.99986	0.00013
17 G	0.00000	0.99981	0.00019
18 S	0.00000	0.99971	0.00029
19 F	0.00000	0.99961	0.0004
20 P	0.00000	0.99677	0.00323
21 T	0.00000	0.99589	0.0041
22 G	0.00003	0.99276	0.00721
23 L	0.00010	0.98865	0.01125
24 I	0.00061	0.98034	0.01905
25 I	0.00118	0.66070	0.33812
26 G	0.00548	0.46824	0.52628
27 K	0.09203	0.14150	0.76647
28 L	0.09342	0.09272	0.81385
29 T	0.09400	0.08519	0.82082
30 Q	0.09424	0.00107	0.90468
31 K	0.09427	0.00005	0.90568
32 K	0.09428	0.00000	0.90573
33 D	0.09423	0.00004	0.90573
34 L	0.09421	0.00007	0.90573
35 R	0.09420	0.00008	0.90573
36 L	0.09408	0.00020	0.90572
37 V	0.09404	0.00024	0.90572
38 G	0.09399	0.00029	0.90572
39 S	0.09396	0.00033	0.90572
40 R	0.09395	0.00036	0.90569
41 N	0.09395	0.00039	0.90566
42 V	0.09392	0.00048	0.9056
43 G	0.09391	0.00052	0.90558
44 A	0.09390	0.00063	0.90547
45 T	0.09385	0.00085	0.90531
46 N	0.09363	0.00142	0.90495
47 A	0.09296	0.00292	0.90411
48 S	0.09292	0.00331	0.90377
49 R	0.09279	0.00481	0.90241
50 I	0.08322	0.02418	0.8926
51 L	0.06024	0.06312	0.87664
52 G	0.05870	0.07482	0.86648
53 F	0.05679	0.29484	0.64837
54 K	0.05581	0.30854	0.63565
55 W	0.04288	0.74153	0.21558
56 G	0.04072	0.88166	0.07762
57 I	0.03962	0.93603	0.02435
58 V	0.03910	0.95652	0.00438
59 V	0.03906	0.95956	0.00138
60 F	0.03905	0.96063	0.00031
61 L	0.03906	0.96078	0.00017
62 F	0.03908	0.96074	0.00019
63 D	0.03919	0.96054	0.00028
64 F	0.03919	0.96051	0.0003
65 A	0.03925	0.96032	0.00043
66 K	0.03929	0.96002	0.00069
67 G	0.03930	0.96006	0.00064
68 L	0.03932	0.96002	0.00066
69 V	0.03959	0.95969	0.00072
70 P	0.04078	0.95802	0.0012
71 A	0.04131	0.95741	0.00128
72 I	0.04236	0.95615	0.00149
73 I	0.04896	0.94111	0.00993
74 C	0.06174	0.90203	0.03623
75 L	0.07881	0.88216	0.03903
76 R	0.56948	0.38807	0.04245
77 F	0.60833	0.34655	0.04512
78 K	0.93756	0.00797	0.05447
79 N	0.93980	0.00549	0.05471
80 F	0.94246	0.00279	0.05476
81 K	0.94492	0.00012	0.05496
82 D	0.94492	0.00011	0.05497
83 L	0.94492	0.00012	0.05496
84 I	0.94491	0.00012	0.05496
85 F	0.94491	0.00012	0.05496
86 I	0.94491	0.00012	0.05496
87 N	0.94492	0.00012	0.05497
88 G	0.94490	0.00013	0.05497
89 C	0.94484	0.00019	0.05496
90 D	0.94463	0.00041	0.05496
91 N	0.94373	0.00140	0.05487
92 R	0.94254	0.00669	0.05076
93 Y	0.93733	0.02297	0.0397
94 K	0.93460	0.02623	0.03917
95 D	0.90476	0.06241	0.03282
96 I	0.18479	0.80558	0.00963
97 A	0.04239	0.95511	0.00251
98 I	0.00105	0.99735	0.0016
99 C	0.00047	0.99797	0.00156
100 L	0.00007	0.99847	0.00146
101 L	0.00006	0.99850	0.00145
102 V	0.00005	0.99850	0.00144
103 I	0.00005	0.99850	0.00144
104 L	0.00005	0.99850	0.00144
105 P	0.00005	0.99850	0.00144
106 I	0.00005	0.99850	0.00144
107 F	0.00006	0.99849	0.00145
108 G	0.00006	0.99844	0.0015
109 H	0.00006	0.99837	0.00156
110 M	0.00008	0.99830	0.00162
111 F	0.00013	0.99731	0.00255
112 S	0.00051	0.99203	0.00746
113 I	0.00110	0.96991	0.02899
114 F	0.00702	0.51439	0.47859
115 N	0.02352	0.17941	0.79708
116 K	0.04901	0.02990	0.92109
117 F	0.04960	0.02682	0.92359
118 K	0.05253	0.00447	0.94301
119 G	0.05307	0.00316	0.94377
120 G	0.05343	0.00410	0.94247
121 K	0.05342	0.00438	0.9422
122 A	0.05039	0.03061	0.91899
123 I	0.04932	0.28895	0.66172
124 A	0.04742	0.37923	0.57334
125 T	0.04536	0.43197	0.52266
126 S	0.03504	0.48307	0.48188
127 V	0.02312	0.60291	0.37397
128 G	0.01811	0.76727	0.21462
129 V	0.01753	0.91536	0.06711
130 I	0.01620	0.97521	0.00859
131 T	0.01599	0.97659	0.00743
132 A	0.01544	0.97887	0.00569
133 I	0.01473	0.98350	0.00177
134 N	0.01432	0.98422	0.00147
135 P	0.01140	0.98788	0.00072
136 F	0.00278	0.99694	0.00028
137 I	0.00222	0.99758	0.0002
138 G	0.00213	0.99769	0.00018
139 L	0.00180	0.99804	0.00016
140 L	0.00170	0.99813	0.00017
141 G	0.00527	0.99454	0.00018
142 I	0.00571	0.99409	0.0002
143 L	0.02258	0.97717	0.00025
144 F	0.01515	0.98458	0.00026
145 F	0.04417	0.95395	0.00188
146 V	0.24246	0.75425	0.00329
147 L	0.28690	0.70593	0.00718
148 L	0.34874	0.64025	0.011
149 F	0.36395	0.61646	0.01959
150 I	0.29684	0.67879	0.02437
151 F	0.21893	0.75777	0.0233
152 V	0.21680	0.76766	0.01555
153 G	0.20787	0.77950	0.01264
154 Y	0.13294	0.85950	0.00756
155 A	0.09934	0.89503	0.00563
156 S	0.05735	0.93701	0.00564
157 L	0.01329	0.98282	0.0039
158 A	0.00509	0.99002	0.00489
159 S	0.00327	0.98627	0.01047
160 I	0.00188	0.98772	0.0104
161 M	0.00165	0.98745	0.0109
162 A	0.00120	0.98727	0.01153
163 T	0.00102	0.98615	0.01283
164 L	0.00073	0.98603	0.01323
165 L	0.00069	0.98287	0.01644
166 V	0.00070	0.97900	0.0203
167 D	0.00081	0.94326	0.05593
168 L	0.00081	0.93998	0.05921
169 L	0.00083	0.93815	0.06102
170 L	0.00085	0.91928	0.07987
171 F	0.00104	0.90345	0.09551
172 F	0.00148	0.77192	0.2266
173 I	0.00433	0.52667	0.469
174 N	0.01529	0.22135	0.76335
175 H	0.02884	0.12873	0.84242
176 H	0.03384	0.08864	0.87752
177 P	0.03524	0.04377	0.92099
178 G	0.03532	0.03832	0.92637
179 I	0.03517	0.05466	0.91017
180 T	0.03581	0.03774	0.92646
181 N	0.03585	0.03740	0.92675
182 I	0.03558	0.11574	0.84867
183 S	0.03567	0.14018	0.82415
184 Q	0.03560	0.16491	0.79948
185 N	0.03264	0.21399	0.75337
186 Q	0.02124	0.54996	0.4288
187 I	0.00737	0.78360	0.20903
188 L	0.00456	0.94810	0.04734
189 Y	0.00348	0.98940	0.00711
190 F	0.00325	0.99356	0.00318
191 F	0.00315	0.99508	0.00177
192 I	0.00314	0.99529	0.00157
193 G	0.00314	0.99530	0.00156
194 L	0.00315	0.99530	0.00155
195 S	0.00318	0.99528	0.00155
196 T	0.00320	0.99525	0.00155
197 C	0.00322	0.99523	0.00155
198 F	0.00325	0.99520	0.00155
199 I	0.00341	0.99503	0.00155
200 I	0.00730	0.99112	0.00158
201 L	0.02107	0.97705	0.00189
202 K	0.15830	0.83812	0.00359
203 H	0.17351	0.82222	0.00427
204 H	0.18393	0.81092	0.00515
205 S	0.21786	0.77427	0.00787
206 N	0.30032	0.69075	0.00893
207 I	0.37436	0.61566	0.00997
208 I	0.50196	0.48361	0.01443
209 R	0.84076	0.13091	0.02833
210 L	0.87693	0.09115	0.03192
211 W	0.94290	0.02362	0.03348
212 Q	0.96309	0.00221	0.0347
213 G	0.96398	0.00104	0.03498
214 K	0.96489	0.00000	0.0351
215 E	0.96489	0.00000	0.03511
216 Y	0.96489	0.00000	0.03511
217 K	0.96489	0.00000	0.03511
218 F	0.96489	0.00000	0.03511
219 S	0.96489	0.00000	0.03511
220 F	0.96489	0.00000	0.03511
221 I	0.96489	0.00000	0.03511
222 K	0.96489	0.00000	0.03511
223 K	0.96489	0.00000	0.03511
224 R	0.96489	0.00000	0.03511
225 K	0.96489	0.00000	0.03511
