# tr|B1V916|B1V916_PHYAS
# AA	inside	membr	outside
1 M	0.96785	0.00000	0.03216
2 T	0.96784	0.00000	0.03216
3 F	0.96784	0.00001	0.03216
4 F	0.96784	0.00002	0.03214
5 Q	0.96781	0.00006	0.03214
6 G	0.96781	0.00006	0.03214
7 F	0.96261	0.00525	0.03214
8 K	0.96261	0.00525	0.03214
9 N	0.95712	0.01076	0.03212
10 F	0.95709	0.02065	0.02226
11 I	0.95326	0.02498	0.02175
12 T	0.94133	0.03694	0.02173
13 R	0.91640	0.06196	0.02164
14 G	0.91614	0.06222	0.02164
15 N	0.91613	0.07175	0.01213
16 V	0.54082	0.44705	0.01212
17 I	0.49258	0.49534	0.01208
18 N	0.49092	0.49705	0.01203
19 L	0.36397	0.62409	0.01195
20 A	0.14696	0.84153	0.01151
21 V	0.00735	0.98114	0.01151
22 A	0.00632	0.98218	0.01151
23 V	0.00485	0.98367	0.01148
24 V	0.00473	0.98380	0.01147
25 I	0.00467	0.98385	0.01148
26 G	0.00473	0.98370	0.01157
27 Q	0.00472	0.98278	0.0125
28 L	0.00456	0.98282	0.01262
29 F	0.00473	0.98077	0.01451
30 S	0.00647	0.96853	0.025
31 K	0.00701	0.96073	0.03226
32 I	0.00642	0.96055	0.03304
33 V	0.01345	0.95152	0.03503
34 S	0.01437	0.94302	0.04261
35 S	0.01485	0.93445	0.0507
36 L	0.01498	0.91971	0.0653
37 V	0.01516	0.91116	0.07368
38 A	0.02321	0.88028	0.09651
39 D	0.02352	0.47235	0.50413
40 I	0.02354	0.44380	0.53265
41 M	0.02358	0.41181	0.56462
42 M	0.02359	0.30575	0.67066
43 P	0.02364	0.10303	0.87332
44 P	0.02364	0.00898	0.96738
45 F	0.02364	0.00785	0.9685
46 S	0.02365	0.00527	0.97108
47 L	0.02366	0.00485	0.97149
48 L	0.02367	0.00436	0.97197
49 F	0.02370	0.00373	0.97257
50 N	0.02439	0.00150	0.97411
51 E	0.02479	0.00053	0.97468
52 T	0.02495	0.00029	0.97477
53 K	0.02499	0.00009	0.97493
54 G	0.02499	0.00008	0.97493
55 L	0.02499	0.00007	0.97494
56 Q	0.02500	0.00006	0.97494
57 G	0.02500	0.00006	0.97495
58 L	0.02500	0.00005	0.97496
59 K	0.02501	0.00002	0.97497
60 W	0.02501	0.00002	0.97497
61 C	0.02501	0.00002	0.97497
62 I	0.02501	0.00002	0.97497
63 K	0.02502	0.00000	0.97498
64 E	0.02502	0.00001	0.97496
65 D	0.02502	0.00017	0.97481
66 V	0.02457	0.00729	0.96814
67 Y	0.02435	0.01404	0.96161
68 M	0.02409	0.01938	0.95653
69 N	0.02265	0.04329	0.93406
70 Y	0.02024	0.07706	0.90269
71 G	0.01735	0.19705	0.7856
72 I	0.00438	0.79478	0.20084
73 F	0.00263	0.88670	0.11066
74 L	0.00250	0.89644	0.10106
75 Q	0.00241	0.91161	0.08598
76 N	0.00169	0.93409	0.06422
77 I	0.00020	0.99417	0.00564
78 L	0.00006	0.99820	0.00174
79 E	0.00005	0.99844	0.00151
80 F	0.00002	0.99980	0.00018
81 V	0.00001	0.99989	0.0001
82 I	0.00001	0.99990	8e-05
83 F	0.00001	0.99991	8e-05
84 S	0.00002	0.99990	8e-05
85 F	0.00002	0.99989	8e-05
86 A	0.00004	0.99987	9e-05
87 I	0.00009	0.99982	9e-05
88 Y	0.00037	0.99951	0.00012
89 L	0.00521	0.99431	0.00048
90 I	0.01311	0.98608	0.0008
91 L	0.02187	0.97686	0.00127
92 T	0.09814	0.89877	0.0031
93 I	0.13002	0.86462	0.00536
94 F	0.25406	0.73733	0.00861
95 S	0.84501	0.13273	0.02225
96 R	0.95441	0.02121	0.02438
97 T	0.96108	0.01421	0.02471
98 K	0.96855	0.00651	0.02494
99 L	0.96916	0.00588	0.02497
100 E	0.97483	0.00008	0.02509
101 K	0.97491	0.00000	0.02509
102 P	0.97491	0.00000	0.02509
103 K	0.97491	0.00000	0.02509
104 S	0.97491	0.00000	0.02509
105 E	0.97491	0.00000	0.02509
106 L	0.97491	0.00000	0.02509
107 K	0.97491	0.00000	0.02509
108 L	0.97491	0.00000	0.02509
109 I	0.97491	0.00000	0.02509
110 L	0.97491	0.00000	0.02509
111 E	0.97491	0.00000	0.02509
112 S	0.97491	0.00000	0.02509
113 L	0.97491	0.00000	0.02509
114 Q	0.97491	0.00000	0.02509
115 K	0.97491	0.00000	0.02509
116 E	0.97491	0.00000	0.02509
117 I	0.97491	0.00000	0.02509
118 T	0.97491	0.00000	0.02509
119 L	0.97491	0.00000	0.02509
120 L	0.97491	0.00000	0.02509
121 Q	0.97491	0.00000	0.02509
122 E	0.97491	0.00000	0.02509
123 I	0.97491	0.00000	0.02509
124 K	0.97491	0.00000	0.02509
125 N	0.97491	0.00000	0.02509
126 N	0.97491	0.00000	0.02509
127 L	0.97491	0.00000	0.02509
128 Q	0.97491	0.00000	0.02509
129 Q	0.97491	0.00000	0.02509
130 N	0.97491	0.00000	0.02509
131 N	0.97491	0.00000	0.02509
132 N	0.97491	0.00000	0.02509
133 K	0.97491	0.00000	0.02509
134 K	0.97491	0.00000	0.02509
