# tr|B1V923|B1V923_PHYAS
# AA	inside	membr	outside
1 M	0.99884	0.00000	0.00116
2 I	0.99884	0.00000	0.00116
3 M	0.99884	0.00000	0.00116
4 K	0.99884	0.00000	0.00116
5 W	0.99884	0.00000	0.00116
6 P	0.99884	0.00000	0.00116
7 T	0.99884	0.00000	0.00116
8 K	0.99884	0.00000	0.00116
9 K	0.99884	0.00000	0.00116
10 T	0.99884	0.00000	0.00116
11 G	0.99884	0.00000	0.00116
12 R	0.99884	0.00000	0.00116
13 Q	0.99884	0.00001	0.00116
14 T	0.99884	0.00001	0.00116
15 Y	0.99884	0.00001	0.00116
16 G	0.99879	0.00006	0.00116
17 E	0.99860	0.00024	0.00115
18 E	0.99848	0.00041	0.00111
19 I	0.83210	0.16711	0.00079
20 A	0.75728	0.24223	0.00049
21 N	0.05246	0.94705	0.00049
22 A	0.01066	0.98922	0.00012
23 I	0.00441	0.99556	3e-05
24 S	0.00248	0.99750	1e-05
25 H	0.00174	0.99825	1e-05
26 G	0.00034	0.99966	0
27 L	0.00005	0.99995	0
28 M	0.00003	0.99997	0
29 V	0.00000	1.00000	0
30 F	0.00000	1.00000	0
31 F	0.00000	1.00000	0
32 G	0.00000	1.00000	0
33 I	0.00000	1.00000	0
34 F	0.00000	1.00000	0
35 I	0.00000	1.00000	0
36 L	0.00000	1.00000	0
37 V	0.00000	0.99995	5e-05
38 F	0.00000	0.99989	0.00011
39 F	0.00001	0.99424	0.00575
40 I	0.00012	0.98795	0.01193
41 I	0.00030	0.96701	0.03269
42 Q	0.00098	0.72612	0.2729
43 T	0.00110	0.66506	0.33384
44 N	0.00110	0.01245	0.98645
45 K	0.00116	0.00004	0.9988
46 K	0.00116	0.00024	0.99861
47 S	0.00114	0.00240	0.99646
48 P	0.00110	0.00920	0.98969
49 S	0.00109	0.01191	0.987
50 D	0.00108	0.01628	0.98264
51 V	0.00089	0.19035	0.80876
52 P	0.00072	0.22052	0.77876
53 I	0.00033	0.90117	0.0985
54 V	0.00001	0.98333	0.01666
55 L	0.00000	0.98871	0.01129
56 I	0.00000	0.99799	0.00201
57 F	0.00000	0.99941	0.00059
58 S	0.00000	0.99991	9e-05
59 I	0.00000	0.99997	3e-05
60 S	0.00000	0.99997	3e-05
61 V	0.00000	0.99998	2e-05
62 I	0.00000	0.99998	2e-05
63 L	0.00000	0.99998	2e-05
64 L	0.00000	0.99998	2e-05
65 Y	0.00001	0.99998	2e-05
66 L	0.00006	0.99992	2e-05
67 A	0.00042	0.99956	2e-05
68 S	0.01323	0.98674	3e-05
69 T	0.10465	0.89526	8e-05
70 L	0.12587	0.87391	0.00022
71 N	0.19188	0.80778	0.00034
72 H	0.20635	0.79327	0.00038
73 S	0.21862	0.78095	0.00042
74 L	0.23272	0.76672	0.00056
75 S	0.24743	0.75173	0.00084
76 F	0.88018	0.11886	0.00096
77 T	0.99407	0.00476	0.00117
78 K	0.99862	0.00021	0.00117
79 A	0.99878	0.00005	0.00117
80 H	0.99881	0.00001	0.00117
81 K	0.99881	0.00001	0.00117
82 F	0.99856	0.00027	0.00117
83 F	0.99828	0.00055	0.00117
84 Q	0.99824	0.00059	0.00117
85 K	0.99818	0.00065	0.00117
86 S	0.99247	0.00638	0.00115
87 D	0.98477	0.01412	0.00111
88 H	0.24632	0.75284	0.00083
89 I	0.09865	0.90111	0.00024
90 S	0.07600	0.92387	0.00014
91 I	0.02648	0.97346	6e-05
92 Y	0.01519	0.98478	3e-05
93 V	0.00223	0.99776	1e-05
94 L	0.00120	0.99879	1e-05
95 I	0.00092	0.99907	1e-05
96 W	0.00078	0.99922	1e-05
97 G	0.00077	0.99922	0
98 T	0.00077	0.99922	0
99 F	0.00076	0.99923	0
100 A	0.00076	0.99923	1e-05
101 P	0.00076	0.99923	2e-05
102 I	0.00076	0.99923	2e-05
103 L	0.00075	0.99911	0.00013
104 L	0.00075	0.99837	0.00088
105 L	0.00076	0.99673	0.00251
106 L	0.00082	0.74402	0.25516
107 K	0.00154	0.61999	0.37848
108 G	0.00160	0.61169	0.38671
109 L	0.00167	0.59547	0.40286
110 Q	0.00175	0.58941	0.40884
111 G	0.00177	0.10607	0.89216
112 P	0.00180	0.05038	0.94782
113 S	0.00183	0.03455	0.96361
114 L	0.00186	0.01684	0.98129
115 V	0.00189	0.01241	0.9857
116 S	0.00191	0.00115	0.99693
117 E	0.00192	0.00096	0.99712
118 I	0.00190	0.00550	0.99259
119 I	0.00190	0.00794	0.99015
120 P	0.00190	0.00860	0.98949
121 Y	0.00190	0.01000	0.98809
122 L	0.00189	0.01104	0.98707
123 T	0.00189	0.01403	0.98408
124 K	0.00187	0.01793	0.98019
125 G	0.00140	0.77865	0.21995
126 R	0.00119	0.90338	0.09543
127 L	0.00036	0.92142	0.07822
128 I	0.00006	0.99643	0.00351
129 F	0.00002	0.99820	0.00178
130 V	0.00001	0.99904	0.00094
131 C	0.00001	0.99907	0.00092
132 Q	0.00001	0.99908	0.00091
133 C	0.00001	0.99909	0.0009
134 L	0.00001	0.99909	0.0009
135 L	0.00001	0.99909	0.0009
136 V	0.00001	0.99909	0.0009
137 L	0.00001	0.99909	0.0009
138 L	0.00013	0.99897	0.0009
139 G	0.00054	0.99856	0.0009
140 I	0.00110	0.99800	0.0009
141 V	0.00617	0.99291	0.00092
142 G	0.01016	0.98891	0.00092
143 K	0.01492	0.98412	0.00095
144 I	0.01761	0.98144	0.00095
145 F	0.02046	0.97857	0.00097
146 W	0.08759	0.91134	0.00106
147 F	0.13095	0.86749	0.00157
148 E	0.96846	0.02899	0.00254
149 K	0.99440	0.00284	0.00275
150 W	0.93251	0.06533	0.00216
151 E	0.92639	0.07165	0.00196
152 H	0.22465	0.77441	0.00095
153 L	0.17099	0.82837	0.00064
154 H	0.02872	0.97072	0.00057
155 L	0.01398	0.98556	0.00046
156 T	0.00812	0.99147	0.00041
157 L	0.00654	0.99307	0.00039
158 F	0.00599	0.99363	0.00039
159 L	0.00509	0.99452	0.00039
160 L	0.00501	0.99460	0.00039
161 F	0.00501	0.99460	0.00039
162 G	0.00501	0.99460	0.00039
163 W	0.00501	0.99460	0.00039
164 S	0.00501	0.99460	0.0004
165 G	0.00501	0.99451	0.00048
166 L	0.00501	0.99437	0.00062
167 L	0.00502	0.99271	0.00227
168 F	0.00520	0.97749	0.01732
169 V	0.00530	0.96434	0.03036
170 K	0.00647	0.20767	0.78587
171 E	0.00660	0.17629	0.81711
172 L	0.00661	0.17187	0.82152
173 F	0.00705	0.16330	0.82965
174 Q	0.00732	0.12280	0.86988
175 P	0.00739	0.06255	0.93007
176 G	0.00614	0.03709	0.95678
177 N	0.00566	0.03461	0.95973
178 E	0.00535	0.06223	0.93242
179 L	0.00150	0.83267	0.16582
180 F	0.00030	0.96899	0.03072
181 F	0.00006	0.98571	0.01423
182 L	0.00000	0.99885	0.00115
183 F	0.00000	0.99958	0.00042
184 I	0.00000	0.99998	2e-05
185 F	0.00000	0.99998	2e-05
186 L	0.00000	0.99998	2e-05
187 G	0.00000	0.99998	2e-05
188 G	0.00000	0.99998	2e-05
189 C	0.00000	0.99998	2e-05
190 F	0.00000	0.99998	2e-05
191 Y	0.00000	0.99998	2e-05
192 S	0.00000	0.99998	2e-05
193 V	0.00000	0.99998	2e-05
194 G	0.00009	0.99989	2e-05
195 V	0.00046	0.99951	3e-05
196 Y	0.00338	0.99656	6e-05
197 F	0.02019	0.97968	0.00013
198 F	0.03941	0.95995	0.00065
199 V	0.31612	0.67868	0.0052
200 K	0.93043	0.06221	0.00736
201 D	0.98118	0.01140	0.00742
202 Y	0.99182	0.00075	0.00744
203 K	0.99243	0.00011	0.00745
204 K	0.98937	0.00318	0.00745
205 Y	0.81926	0.17338	0.00736
206 F	0.33318	0.65954	0.00728
207 H	0.21811	0.77515	0.00674
208 F	0.08660	0.91113	0.00226
209 I	0.06862	0.93113	0.00024
210 W	0.02977	0.97011	0.00013
211 H	0.01755	0.98236	9e-05
212 L	0.00022	0.99972	6e-05
213 F	0.00005	0.99993	2e-05
214 V	0.00004	0.99996	0
215 I	0.00004	0.99996	0
216 L	0.00004	0.99996	0
217 G	0.00004	0.99996	0
218 T	0.00004	0.99996	0
219 T	0.00004	0.99996	0
220 F	0.00004	0.99995	0
221 H	0.00004	0.99991	5e-05
222 A	0.00004	0.99986	0.00011
223 L	0.00004	0.99888	0.00108
224 G	0.00004	0.99452	0.00543
225 I	0.00005	0.98780	0.01215
226 F	0.00009	0.94186	0.05805
227 Y	0.00021	0.91929	0.0805
228 M	0.00078	0.73874	0.26047
229 L	0.00108	0.31034	0.68859
230 N	0.00220	0.13251	0.86529
231 S	0.00581	0.03572	0.95847
232 L	0.00722	0.02034	0.97243
233 N	0.00742	0.00247	0.99011
234 K	0.00749	0.00000	0.9925
