# tr|B1VAW8|B1VAW8_PHYAS
# AA	inside	membr	outside
1 M	0.97665	0.00000	0.02335
2 I	0.97664	0.00000	0.02335
3 K	0.97664	0.00000	0.02335
4 Y	0.97664	0.00001	0.02334
5 I	0.97375	0.00293	0.02332
6 L	0.97375	0.00293	0.02332
7 K	0.96767	0.00900	0.02332
8 K	0.96766	0.00902	0.02332
9 F	0.56397	0.41312	0.02291
10 S	0.56371	0.43422	0.00207
11 Y	0.54414	0.45449	0.00136
12 T	0.42699	0.57180	0.0012
13 V	0.00009	0.99971	0.0002
14 I	0.00008	0.99972	0.0002
15 L	0.00008	0.99992	0
16 F	0.00004	0.99996	0
17 I	0.00002	0.99998	0
18 T	0.00002	0.99998	0
19 V	0.00001	0.99998	0
20 I	0.00001	0.99999	0
21 F	0.00000	1.00000	0
22 I	0.00000	1.00000	0
23 S	0.00000	0.99998	2e-05
24 F	0.00000	0.99998	3e-05
25 F	0.00000	0.99990	0.0001
26 V	0.00000	0.99979	0.0002
27 L	0.00001	0.99697	0.00302
28 H	0.00022	0.99010	0.00968
29 L	0.00036	0.97733	0.0223
30 I	0.00205	0.94849	0.04946
31 P	0.00358	0.72260	0.27382
32 G	0.00459	0.30601	0.6894
33 D	0.02326	0.08591	0.89083
34 P	0.02329	0.08248	0.89423
35 I	0.02329	0.07612	0.90059
36 T	0.02334	0.00237	0.97429
37 A	0.02334	0.00141	0.97525
38 M	0.02335	0.00055	0.97611
39 Y	0.02335	0.00022	0.97644
40 G	0.02335	0.00013	0.97652
41 Q	0.02335	0.00003	0.97662
42 K	0.02335	0.00000	0.97665
43 G	0.02335	0.00000	0.97665
44 P	0.02335	0.00000	0.97665
45 T	0.02335	0.00000	0.97665
46 P	0.02335	0.00000	0.97665
47 E	0.02335	0.00000	0.97665
48 Q	0.02335	0.00000	0.97665
49 R	0.02335	0.00000	0.97665
50 R	0.02335	0.00000	0.97665
51 I	0.02335	0.00000	0.97665
52 T	0.02335	0.00000	0.97665
53 E	0.02335	0.00000	0.97665
54 K	0.02335	0.00000	0.97665
55 E	0.02335	0.00000	0.97665
56 L	0.02335	0.00000	0.97665
57 G	0.02335	0.00000	0.97665
58 L	0.02335	0.00000	0.97665
59 D	0.02335	0.00000	0.97665
60 K	0.02335	0.00000	0.97665
61 P	0.02335	0.00000	0.97665
62 L	0.02335	0.00000	0.97665
63 L	0.02335	0.00000	0.97665
64 E	0.02335	0.00000	0.97665
65 Q	0.02335	0.00000	0.97664
66 F	0.02335	0.00000	0.97664
67 S	0.02335	0.00000	0.97664
68 K	0.02335	0.00000	0.97664
69 H	0.02335	0.00001	0.97664
70 L	0.02335	0.00001	0.97664
71 K	0.02335	0.00001	0.97664
72 N	0.02335	0.00001	0.97664
73 I	0.02335	0.00001	0.97664
74 F	0.02335	0.00001	0.97664
75 F	0.02335	0.00001	0.97664
76 K	0.02335	0.00001	0.97664
77 F	0.02335	0.00001	0.97664
78 D	0.02335	0.00001	0.97664
79 F	0.02335	0.00001	0.97664
80 G	0.02335	0.00001	0.97664
81 R	0.02335	0.00001	0.97664
82 S	0.02335	0.00001	0.97664
83 Y	0.02335	0.00001	0.97664
84 T	0.02335	0.00000	0.97664
85 G	0.02336	0.00000	0.97664
86 T	0.02336	0.00000	0.97664
87 K	0.02336	0.00000	0.97664
88 E	0.02336	0.00000	0.97664
89 E	0.02336	0.00000	0.97664
90 V	0.02336	0.00000	0.97664
91 K	0.02336	0.00000	0.97664
92 K	0.02336	0.00000	0.97664
93 V	0.02336	0.00000	0.97664
94 F	0.02336	0.00000	0.97664
95 F	0.02336	0.00000	0.97664
96 R	0.02336	0.00000	0.97664
97 N	0.02336	0.00001	0.97664
98 F	0.02335	0.00002	0.97663
99 K	0.02335	0.00003	0.97662
100 N	0.02283	0.00133	0.97584
101 T	0.02188	0.00755	0.97057
102 F	0.02030	0.01894	0.96076
103 K	0.02004	0.03256	0.9474
104 L	0.00394	0.97977	0.01629
105 A	0.00143	0.99140	0.00717
106 F	0.00014	0.99717	0.00268
107 F	0.00003	0.99916	0.00081
108 S	0.00002	0.99946	0.00051
109 C	0.00001	0.99983	0.00016
110 L	0.00000	0.99996	4e-05
111 L	0.00000	0.99999	1e-05
112 G	0.00000	1.00000	0
113 S	0.00000	1.00000	0
114 L	0.00000	1.00000	0
115 I	0.00000	1.00000	0
116 G	0.00000	1.00000	0
117 I	0.00000	1.00000	0
118 L	0.00000	1.00000	0
119 F	0.00000	0.99999	0
120 G	0.00003	0.99995	2e-05
121 V	0.00016	0.99981	3e-05
122 L	0.00135	0.99857	8e-05
123 A	0.00451	0.99431	0.00117
124 A	0.01619	0.98087	0.00294
125 F	0.02967	0.96554	0.00478
126 W	0.06933	0.92522	0.00545
127 E	0.96953	0.01047	0.02
128 G	0.97308	0.00461	0.02231
129 T	0.97613	0.00058	0.02328
130 K	0.97661	0.00004	0.02335
131 K	0.97099	0.00580	0.0232
132 S	0.95345	0.03030	0.01625
133 L	0.25023	0.73587	0.0139
134 I	0.24490	0.74283	0.01227
135 L	0.19227	0.79593	0.0118
136 E	0.18297	0.80896	0.00807
137 F	0.12416	0.87397	0.00187
138 I	0.04357	0.95603	0.00039
139 A	0.00035	0.99944	0.00021
140 I	0.00007	0.99976	0.00017
141 L	0.00002	0.99996	2e-05
142 L	0.00001	0.99998	1e-05
143 I	0.00001	0.99998	1e-05
144 S	0.00001	0.99998	1e-05
145 A	0.00001	0.99998	1e-05
146 P	0.00001	0.99999	0
147 T	0.00000	0.99999	0
148 F	0.00000	0.99999	1e-05
149 I	0.00000	0.99999	1e-05
150 I	0.00000	0.99990	0.0001
151 G	0.00001	0.99266	0.00733
152 F	0.00004	0.99043	0.00953
153 L	0.00036	0.94138	0.05826
154 L	0.00105	0.89277	0.10618
155 Q	0.00968	0.83451	0.15581
156 I	0.01102	0.43250	0.55649
157 T	0.01292	0.41459	0.57249
158 L	0.01336	0.29801	0.68863
159 G	0.01642	0.08362	0.89995
160 H	0.02182	0.02689	0.95129
161 K	0.02311	0.00097	0.97592
162 A	0.02291	0.00152	0.97557
163 G	0.02229	0.00245	0.97526
164 L	0.02191	0.00483	0.97327
165 F	0.02093	0.02118	0.95788
166 P	0.01981	0.02442	0.95577
167 I	0.01344	0.06695	0.91961
168 S	0.01284	0.07369	0.91347
169 G	0.01187	0.09982	0.88831
170 F	0.00989	0.37353	0.61658
171 D	0.00942	0.38185	0.60872
172 S	0.00419	0.55344	0.44237
173 I	0.00160	0.89357	0.10483
174 L	0.00062	0.93443	0.06496
175 H	0.00033	0.98592	0.01374
176 M	0.00025	0.98876	0.01099
177 I	0.00009	0.99047	0.00943
178 L	0.00004	0.99076	0.0092
179 P	0.00004	0.99077	0.00919
180 V	0.00003	0.99080	0.00917
181 L	0.00002	0.99081	0.00917
182 T	0.00003	0.99078	0.00919
183 L	0.00004	0.99074	0.00922
184 S	0.00007	0.99054	0.00939
185 L	0.00023	0.99027	0.0095
186 V	0.00055	0.98959	0.00985
187 I	0.00254	0.98728	0.01018
188 A	0.01930	0.96951	0.0112
189 A	0.02587	0.96163	0.01249
190 S	0.08873	0.89172	0.01955
191 V	0.11543	0.86370	0.02087
192 F	0.20391	0.77117	0.02492
193 K	0.82620	0.14319	0.03061
194 T	0.84226	0.12688	0.03087
195 T	0.91849	0.04978	0.03172
196 Q	0.96582	0.00213	0.03205
197 T	0.96665	0.00116	0.03219
198 T	0.96714	0.00060	0.03225
199 M	0.96666	0.00103	0.0323
200 L	0.96646	0.00111	0.03242
201 E	0.96641	0.00112	0.03248
202 C	0.96630	0.00122	0.03248
203 L	0.96619	0.00133	0.03248
204 R	0.96599	0.00153	0.03248
205 Q	0.96533	0.00219	0.03248
206 P	0.96486	0.00266	0.03248
207 Y	0.96461	0.00291	0.03248
208 I	0.96446	0.00306	0.03248
209 T	0.96444	0.00308	0.03248
210 V	0.96441	0.00311	0.03248
211 A	0.96441	0.00311	0.03248
212 Y	0.96439	0.00312	0.03248
213 A	0.96438	0.00313	0.03249
214 K	0.96438	0.00306	0.03255
215 G	0.96436	0.00304	0.03261
216 L	0.96434	0.00298	0.03267
217 S	0.96434	0.00243	0.03323
218 K	0.96434	0.00223	0.03343
219 N	0.96433	0.00221	0.03346
220 K	0.96431	0.00214	0.03355
221 I	0.96385	0.00260	0.03355
222 I	0.96370	0.00272	0.03358
223 F	0.96364	0.00266	0.0337
224 K	0.96355	0.00160	0.03484
225 H	0.96146	0.00346	0.03507
226 A	0.95617	0.00872	0.0351
227 L	0.94982	0.01493	0.03525
228 K	0.94673	0.01776	0.03551
229 N	0.87709	0.08771	0.0352
230 A	0.43897	0.52956	0.03147
231 L	0.37651	0.59325	0.03024
232 I	0.33575	0.63517	0.02908
233 P	0.28702	0.68934	0.02364
234 I	0.04067	0.95236	0.00697
235 L	0.02832	0.96634	0.00534
236 A	0.01929	0.97881	0.0019
237 H	0.01463	0.98395	0.00143
238 I	0.00365	0.99593	0.00042
239 G	0.00254	0.99718	0.00027
240 L	0.00208	0.99774	0.00018
241 I	0.00195	0.99789	0.00016
242 M	0.00193	0.99790	0.00017
243 S	0.00190	0.99794	0.00016
244 F	0.00188	0.99799	0.00013
245 L	0.00187	0.99793	0.0002
246 I	0.00187	0.99774	0.00039
247 G	0.00188	0.99574	0.00238
248 G	0.00189	0.99264	0.00547
249 S	0.00191	0.98809	0.01001
250 I	0.00193	0.98616	0.01191
251 I	0.00196	0.98125	0.01678
252 I	0.00229	0.91414	0.08358
253 E	0.00598	0.46820	0.52582
254 Y	0.00684	0.42708	0.56608
255 V	0.00769	0.37915	0.61316
256 Y	0.01331	0.32104	0.66565
257 N	0.02998	0.05559	0.91444
258 I	0.03171	0.04359	0.9247
259 Q	0.03669	0.02272	0.94059
260 G	0.03711	0.01559	0.9473
261 T	0.03772	0.00210	0.96018
262 G	0.03776	0.00060	0.96164
263 K	0.03777	0.00022	0.96201
264 L	0.03777	0.00020	0.96202
265 M	0.03778	0.00019	0.96203
266 M	0.03779	0.00015	0.96206
267 Q	0.03782	0.00011	0.96207
268 A	0.03785	0.00008	0.96206
269 F	0.03786	0.00008	0.96205
270 E	0.03791	0.00005	0.96205
271 E	0.03791	0.00066	0.96143
272 R	0.03780	0.01652	0.94568
273 N	0.03550	0.05890	0.9056
274 Y	0.03346	0.29613	0.67041
275 P	0.03198	0.33054	0.63747
276 V	0.02105	0.39108	0.58786
277 I	0.01735	0.40111	0.58154
278 R	0.01680	0.40618	0.57702
279 C	0.01038	0.47657	0.51305
280 C	0.00328	0.79653	0.20019
281 I	0.00108	0.94808	0.05084
282 I	0.00017	0.98452	0.01531
283 L	0.00002	0.99695	0.00303
284 L	0.00000	0.99906	0.00093
285 A	0.00000	0.99978	0.00021
286 L	0.00000	0.99982	0.00018
287 V	0.00000	0.99985	0.00015
288 I	0.00000	0.99985	0.00015
289 A	0.00001	0.99985	0.00015
290 I	0.00004	0.99982	0.00015
291 W	0.00020	0.99964	0.00016
292 N	0.00473	0.99487	0.0004
293 L	0.00620	0.99330	0.0005
294 F	0.02292	0.97592	0.00116
295 L	0.05988	0.93758	0.00254
296 D	0.26199	0.72854	0.00947
297 L	0.29111	0.69897	0.00992
298 I	0.29777	0.69180	0.01043
299 Y	0.31823	0.66495	0.01682
300 L	0.33166	0.64818	0.02016
301 W	0.35623	0.62188	0.02189
302 L	0.46596	0.50522	0.02881
303 D	0.90274	0.06027	0.03698
304 P	0.95802	0.00405	0.03793
305 K	0.96181	0.00013	0.03806
306 I	0.96188	0.00005	0.03806
307 N	0.96193	0.00001	0.03806
308 K	0.96194	0.00000	0.03806
309 K	0.96194	0.00000	0.03806
310 G	0.96194	0.00000	0.03806
