# tr|B1V8X2|B1V8X2_PHYAS
# AA	inside	membr	outside
1 M	0.99933	0.00000	0.00067
2 S	0.99933	0.00000	0.00067
3 A	0.99933	0.00000	0.00067
4 L	0.99933	0.00000	0.00067
5 K	0.99933	0.00000	0.00067
6 K	0.99933	0.00000	0.00067
7 F	0.99933	0.00000	0.00067
8 F	0.99933	0.00000	0.00067
9 K	0.99933	0.00000	0.00067
10 N	0.99933	0.00000	0.00067
11 K	0.99933	0.00000	0.00067
12 N	0.99920	0.00012	0.00067
13 K	0.99712	0.00221	0.00067
14 H	0.99710	0.00223	0.00067
15 K	0.99710	0.00231	0.00059
16 H	0.89198	0.10743	0.00059
17 W	0.57904	0.42041	0.00055
18 Y	0.57475	0.42476	0.00049
19 Y	0.44492	0.55465	0.00043
20 L	0.20867	0.79109	0.00023
21 A	0.00772	0.99205	0.00023
22 P	0.00510	0.99468	0.00022
23 A	0.00140	0.99839	0.00021
24 L	0.00035	0.99945	0.0002
25 L	0.00004	0.99976	0.00019
26 L	0.00002	0.99979	0.00019
27 V	0.00001	0.99979	0.00019
28 T	0.00001	0.99980	0.00019
29 V	0.00001	0.99980	0.00019
30 F	0.00001	0.99980	0.0002
31 N	0.00001	0.99942	0.00057
32 F	0.00001	0.99914	0.00085
33 Y	0.00002	0.99773	0.00225
34 P	0.00004	0.97510	0.02486
35 L	0.00007	0.93169	0.06824
36 T	0.00013	0.82280	0.17707
37 K	0.00015	0.65179	0.34806
38 T	0.00016	0.64754	0.3523
39 F	0.00016	0.63716	0.36268
40 F	0.00017	0.58441	0.41543
41 I	0.00020	0.56811	0.43169
42 S	0.00030	0.41637	0.58334
43 L	0.00042	0.20111	0.79847
44 N	0.00046	0.00977	0.98977
45 H	0.00047	0.00490	0.99463
46 G	0.00047	0.00237	0.99715
47 Y	0.00048	0.00117	0.99836
48 D	0.00048	0.00018	0.99934
49 K	0.00047	0.00004	0.99949
50 F	0.00042	0.00024	0.99934
51 T	0.00042	0.00025	0.99933
52 D	0.00041	0.00025	0.99934
53 V	0.00037	0.00030	0.99933
54 F	0.00037	0.00030	0.99933
55 S	0.00037	0.00030	0.99933
56 S	0.00037	0.00030	0.99933
57 S	0.00037	0.00030	0.99933
58 F	0.00037	0.00030	0.99933
59 N	0.00037	0.00030	0.99933
60 F	0.00037	0.00030	0.99933
61 N	0.00037	0.00030	0.99933
62 N	0.00037	0.00030	0.99933
63 Y	0.00037	0.00030	0.99933
64 V	0.00037	0.00030	0.99933
65 T	0.00037	0.00030	0.99933
66 I	0.00037	0.00029	0.99933
67 F	0.00038	0.00028	0.99934
68 K	0.00054	0.00001	0.99944
69 D	0.00055	0.00001	0.99944
70 P	0.00055	0.00022	0.99923
71 D	0.00055	0.00093	0.99852
72 F	0.00055	0.01446	0.985
73 R	0.00055	0.02565	0.9738
74 T	0.00051	0.05950	0.93998
75 A	0.00043	0.10901	0.89055
76 L	0.00037	0.13952	0.86011
77 L	0.00035	0.16924	0.83041
78 N	0.00031	0.17953	0.82016
79 T	0.00019	0.26620	0.73361
80 F	0.00006	0.54860	0.45135
81 V	0.00003	0.76631	0.23367
82 L	0.00001	0.90930	0.09069
83 V	0.00000	0.97452	0.02548
84 F	0.00000	0.99375	0.00625
85 I	0.00000	0.99718	0.00282
86 A	0.00000	0.99873	0.00126
87 V	0.00000	0.99978	0.00023
88 P	0.00000	0.99986	0.00013
89 I	0.00000	0.99996	4e-05
90 S	0.00000	0.99998	2e-05
91 I	0.00000	0.99999	0
92 F	0.00003	0.99997	0
93 I	0.00014	0.99986	0
94 S	0.00089	0.99911	0
95 L	0.00821	0.99178	0
96 M	0.02403	0.97596	1e-05
97 I	0.04093	0.95903	3e-05
98 S	0.06869	0.93119	0.00011
99 L	0.08047	0.91937	0.00016
100 A	0.10458	0.89523	0.00019
101 L	0.11351	0.88622	0.00027
102 N	0.18508	0.81450	0.00041
103 Y	0.44137	0.55814	0.00049
104 V	0.67256	0.32693	0.00051
105 Y	0.84782	0.15166	0.00052
106 N	0.96165	0.03780	0.00055
107 H	0.98551	0.01394	0.00055
108 F	0.98649	0.01296	0.00055
109 L	0.99091	0.00854	0.00055
110 K	0.99910	0.00035	0.00055
111 K	0.99848	0.00097	0.00055
112 L	0.96251	0.03697	0.00052
113 F	0.93513	0.06438	0.00048
114 Q	0.89782	0.10174	0.00044
115 T	0.50859	0.49111	0.0003
116 V	0.24621	0.75366	0.00013
117 F	0.11416	0.88580	4e-05
118 F	0.02908	0.97090	2e-05
119 L	0.01596	0.98403	1e-05
120 P	0.01445	0.98555	1e-05
121 Y	0.00726	0.99274	0
122 L	0.00120	0.99880	0
123 T	0.00076	0.99924	0
124 N	0.00021	0.99979	0
125 S	0.00006	0.99993	0
126 V	0.00000	0.99999	0
127 V	0.00000	0.99999	0
128 M	0.00000	0.99999	1e-05
129 G	0.00000	0.99998	2e-05
130 M	0.00000	0.99995	5e-05
131 V	0.00000	0.99988	0.00011
132 F	0.00000	0.99956	0.00044
133 A	0.00000	0.99838	0.00162
134 V	0.00000	0.99438	0.00562
135 L	0.00002	0.94997	0.05001
136 F	0.00007	0.89605	0.10387
137 Y	0.00016	0.77773	0.22211
138 H	0.00035	0.34057	0.65909
139 N	0.00049	0.15050	0.84901
140 I	0.00052	0.11001	0.88948
141 W	0.00053	0.04158	0.95789
142 D	0.00055	0.00390	0.99555
143 F	0.00055	0.00281	0.99665
144 K	0.00055	0.00008	0.99937
145 N	0.00055	0.00001	0.99944
146 S	0.00054	0.00001	0.99945
147 T	0.00054	0.00001	0.99945
148 E	0.00054	0.00001	0.99945
149 G	0.00054	0.00001	0.99945
150 L	0.00054	0.00002	0.99945
151 L	0.00054	0.00002	0.99945
152 S	0.00054	0.00003	0.99943
153 F	0.00054	0.00016	0.9993
154 S	0.00054	0.00021	0.99926
155 H	0.00053	0.00058	0.99889
156 N	0.00053	0.00096	0.99851
157 W	0.00053	0.00339	0.99608
158 I	0.00053	0.00464	0.99483
159 S	0.00053	0.00472	0.99476
160 H	0.00053	0.00519	0.99428
161 S	0.00053	0.00541	0.99406
162 A	0.00053	0.00582	0.99366
163 S	0.00052	0.00607	0.99341
164 Y	0.00052	0.00727	0.99221
165 F	0.00052	0.00955	0.98993
166 N	0.00052	0.01004	0.98944
167 K	0.00052	0.01703	0.98245
168 M	0.00043	0.16064	0.83893
169 F	0.00010	0.88764	0.11226
170 I	0.00006	0.95988	0.04007
171 L	0.00005	0.96950	0.03045
172 I	0.00004	0.98026	0.0197
173 F	0.00004	0.98893	0.01103
174 Y	0.00004	0.99782	0.00213
175 V	0.00009	0.99922	0.00068
176 V	0.00035	0.99940	0.00025
177 W	0.00131	0.99858	0.00011
178 R	0.00369	0.99622	8e-05
179 S	0.00401	0.99593	5e-05
180 L	0.00442	0.99556	3e-05
181 P	0.00488	0.99510	2e-05
182 F	0.00495	0.99503	1e-05
183 H	0.00527	0.99471	1e-05
184 I	0.00529	0.99469	1e-05
185 L	0.00537	0.99462	1e-05
186 I	0.00559	0.99440	1e-05
187 F	0.00832	0.99166	2e-05
188 S	0.02358	0.97638	4e-05
189 V	0.02994	0.97002	4e-05
190 A	0.06505	0.93489	6e-05
191 L	0.19304	0.80680	0.00016
192 K	0.95942	0.04008	0.00051
193 N	0.97839	0.02110	0.00051
194 I	0.98089	0.01860	0.00051
195 S	0.98811	0.01138	0.00052
196 K	0.99846	0.00103	0.00052
197 N	0.99928	0.00021	0.00052
198 Y	0.99938	0.00011	0.00052
199 F	0.99940	0.00008	0.00052
200 D	0.99948	0.00001	0.00052
201 A	0.99947	0.00001	0.00052
202 A	0.99947	0.00002	0.00052
203 R	0.99944	0.00004	0.00052
204 I	0.99919	0.00030	0.00052
205 D	0.99917	0.00032	0.00052
206 G	0.99894	0.00056	0.00051
207 A	0.99847	0.00103	0.0005
208 T	0.99673	0.00277	0.0005
209 N	0.99066	0.00886	0.00049
210 L	0.92535	0.07418	0.00047
211 T	0.87016	0.12939	0.00046
212 I	0.46485	0.53470	0.00045
213 F	0.45922	0.54033	0.00045
214 K	0.45817	0.54138	0.00045
215 K	0.41374	0.58586	0.0004
216 I	0.26805	0.73169	0.00025
217 T	0.22327	0.77649	0.00023
218 F	0.04357	0.95623	0.0002
219 P	0.03170	0.96811	0.00019
220 L	0.00386	0.99597	0.00017
221 I	0.00291	0.99692	0.00017
222 L	0.00277	0.99705	0.00018
223 P	0.00272	0.99708	0.00019
224 S	0.00266	0.99712	0.00022
225 V	0.00258	0.99719	0.00023
226 F	0.00257	0.99716	0.00026
227 Y	0.00257	0.99692	0.00051
228 Q	0.00257	0.99607	0.00136
229 V	0.00258	0.99549	0.00193
230 I	0.00258	0.99310	0.00431
231 I	0.00260	0.97589	0.02151
232 T	0.00263	0.90296	0.09441
233 M	0.00263	0.83468	0.16269
234 I	0.00265	0.79608	0.20128
235 Q	0.00266	0.44874	0.5486
236 V	0.00267	0.40929	0.58803
237 F	0.00270	0.35792	0.63939
238 K	0.00287	0.03924	0.9579
239 E	0.00283	0.00484	0.99233
240 Y	0.00238	0.00316	0.99446
241 E	0.00224	0.00119	0.99657
242 S	0.00147	0.00204	0.99649
243 V	0.00064	0.00291	0.99644
244 V	0.00037	0.00342	0.9962
245 G	0.00036	0.00341	0.99623
246 I	0.00035	0.00344	0.99621
247 F	0.00034	0.00340	0.99625
248 G	0.00034	0.00333	0.99633
249 A	0.00034	0.00331	0.99634
250 N	0.00034	0.00329	0.99636
251 E	0.00034	0.00329	0.99637
252 T	0.00034	0.00329	0.99636
253 K	0.00034	0.00329	0.99636
254 V	0.00034	0.00329	0.99636
255 N	0.00034	0.00329	0.99636
256 T	0.00034	0.00329	0.99636
257 I	0.00034	0.00329	0.99636
258 V	0.00034	0.00329	0.99636
259 G	0.00034	0.00329	0.99637
260 Y	0.00035	0.00328	0.99637
261 I	0.00035	0.00327	0.99638
262 Y	0.00039	0.00231	0.9973
263 H	0.00048	0.00144	0.99808
264 Q	0.00095	0.00068	0.99837
265 A	0.00102	0.00043	0.99854
266 S	0.00104	0.00019	0.99876
267 N	0.00106	0.00001	0.99892
268 P	0.00106	0.00007	0.99887
269 V	0.00105	0.00029	0.99866
270 L	0.00105	0.00054	0.99841
271 D	0.00105	0.00098	0.99798
272 S	0.00102	0.00358	0.99539
273 Y	0.00097	0.01337	0.98566
274 S	0.00093	0.01829	0.98078
275 K	0.00085	0.04949	0.94965
276 G	0.00015	0.72504	0.27481
277 A	0.00011	0.86343	0.13647
278 A	0.00008	0.95337	0.04655
279 A	0.00005	0.98526	0.01469
280 T	0.00004	0.99589	0.00407
281 I	0.00000	0.99991	8e-05
282 I	0.00000	0.99999	1e-05
283 L	0.00000	1.00000	0
284 L	0.00000	1.00000	0
285 L	0.00000	1.00000	0
286 I	0.00000	1.00000	0
287 S	0.00000	1.00000	0
288 I	0.00000	1.00000	0
289 F	0.00000	0.99999	0
290 F	0.00002	0.99998	0
291 T	0.00015	0.99984	0
292 L	0.00034	0.99964	2e-05
293 L	0.00117	0.99879	4e-05
294 N	0.03203	0.96786	0.00012
295 F	0.04699	0.95286	0.00015
296 H	0.14061	0.85914	0.00026
297 F	0.20324	0.79648	0.00029
298 M	0.40421	0.59538	0.0004
299 K	0.98721	0.01173	0.00106
300 K	0.99839	0.00054	0.00107
301 F	0.99866	0.00028	0.00107
302 N	0.99888	0.00005	0.00107
303 R	0.99893	0.00001	0.00107
304 E	0.99893	0.00000	0.00107
