# tr|B1V8Z5|B1V8Z5_PHYAS
# AA	inside	membr	outside
1 M	0.94665	0.00000	0.05335
2 F	0.94664	0.00001	0.05335
3 G	0.94664	0.00001	0.05335
4 F	0.94664	0.00002	0.05334
5 F	0.94649	0.00017	0.05334
6 I	0.94649	0.00017	0.05334
7 F	0.94645	0.00022	0.05334
8 I	0.94645	0.00022	0.05334
9 K	0.94644	0.00022	0.05334
10 Q	0.94644	0.00028	0.05327
11 K	0.94288	0.00388	0.05324
12 L	0.47237	0.47659	0.05105
13 I	0.01943	0.94918	0.03139
14 Y	0.01934	0.94927	0.03139
15 N	0.01934	0.97934	0.00132
16 Y	0.00684	0.99184	0.00132
17 F	0.00112	0.99816	0.00072
18 V	0.00107	0.99857	0.00036
19 F	0.00064	0.99909	0.00028
20 M	0.00034	0.99965	0
21 F	0.00000	1.00000	0
22 L	0.00000	1.00000	0
23 F	0.00000	1.00000	0
24 A	0.00000	1.00000	0
25 S	0.00000	0.99999	0
26 I	0.00000	0.99999	1e-05
27 L	0.00000	0.99998	2e-05
28 Y	0.00000	0.99913	0.00087
29 H	0.00000	0.99812	0.00188
30 F	0.00001	0.99569	0.0043
31 V	0.00007	0.99092	0.00901
32 W	0.00018	0.95688	0.04294
33 F	0.00035	0.57383	0.42582
34 F	0.00054	0.40310	0.59636
35 Y	0.00332	0.26394	0.73274
36 F	0.02239	0.12161	0.856
37 L	0.02722	0.08811	0.88467
38 S	0.05289	0.02214	0.92497
39 T	0.05324	0.00429	0.94246
40 K	0.05321	0.00188	0.94491
41 N	0.05068	0.05062	0.8987
42 L	0.00867	0.60905	0.38228
43 F	0.00309	0.83785	0.15907
44 I	0.00040	0.94511	0.05449
45 I	0.00029	0.99575	0.00396
46 I	0.00004	0.99923	0.00072
47 L	0.00001	0.99986	0.00013
48 F	0.00000	0.99999	1e-05
49 Y	0.00000	1.00000	0
50 V	0.00000	1.00000	0
51 F	0.00000	1.00000	0
52 I	0.00000	1.00000	0
53 C	0.00000	1.00000	0
54 F	0.00000	0.99999	0
55 H	0.00000	0.99999	0
56 F	0.00001	0.99999	0
57 V	0.00001	0.99998	0
58 P	0.00006	0.99992	1e-05
59 F	0.00014	0.99975	0.0001
60 C	0.00079	0.99786	0.00135
61 L	0.00121	0.99729	0.0015
62 V	0.00424	0.99348	0.00227
63 F	0.01186	0.98489	0.00325
64 L	0.10303	0.88950	0.00747
65 S	0.67810	0.27687	0.04502
66 D	0.94665	0.00000	0.05335
