# tr|B1VA22|B1VA22_PHYAS
# AA	inside	membr	outside
1 M	0.42781	0.00000	0.57219
2 L	0.39345	0.03436	0.57219
3 F	0.34486	0.08295	0.57219
4 C	0.34486	0.34087	0.31427
5 C	0.16702	0.68014	0.15284
6 F	0.16701	0.71405	0.11895
7 R	0.10070	0.78307	0.11624
8 A	0.10068	0.78313	0.1162
9 C	0.02634	0.85852	0.11515
10 L	0.02613	0.96852	0.00536
11 F	0.02460	0.97100	0.0044
12 C	0.01849	0.97764	0.00387
13 W	0.00997	0.98789	0.00214
14 L	0.00997	0.98789	0.00214
15 F	0.00997	0.98902	0.00102
16 A	0.00996	0.98903	0.00102
17 L	0.00993	0.98905	0.00102
18 V	0.00993	0.98903	0.00104
19 I	0.00994	0.98901	0.00105
20 C	0.00996	0.98638	0.00366
21 V	0.01001	0.98528	0.0047
22 L	0.01292	0.96230	0.02478
23 G	0.07977	0.86424	0.05599
24 N	0.30856	0.62055	0.07088
25 P	0.39391	0.51144	0.09465
26 P	0.40959	0.45543	0.13498
27 V	0.42227	0.35803	0.2197
28 K	0.50902	0.11031	0.38066
29 G	0.41465	0.22663	0.35871
30 V	0.33351	0.32238	0.34412
31 G	0.30860	0.35773	0.33367
32 V	0.29129	0.37122	0.33749
33 N	0.33445	0.32247	0.34308
34 L	0.30944	0.35332	0.33724
35 K	0.30796	0.35533	0.33671
36 L	0.06482	0.73490	0.20028
37 I	0.01645	0.93087	0.05268
38 I	0.01359	0.93830	0.04811
39 G	0.00178	0.95110	0.04712
40 Y	0.00070	0.95348	0.04582
41 L	0.00037	0.95413	0.04549
42 V	0.00036	0.95536	0.04428
43 S	0.00036	0.95494	0.04471
44 G	0.00031	0.95525	0.04444
45 L	0.00020	0.95574	0.04406
46 L	0.00021	0.95604	0.04375
47 V	0.00039	0.95459	0.04502
48 G	0.00223	0.94822	0.04955
49 V	0.00488	0.93783	0.05729
50 A	0.02281	0.89409	0.08311
51 S	0.03907	0.83510	0.12583
52 P	0.06117	0.70520	0.23363
53 C	0.06564	0.64821	0.28615
54 G	0.06617	0.65605	0.27778
55 G	0.07949	0.66131	0.25921
56 F	0.07533	0.73643	0.18824
57 V	0.10946	0.68428	0.20626
58 S	0.11145	0.67564	0.21291
59 S	0.21897	0.36071	0.42032
60 S	0.24421	0.34623	0.40955
61 G	0.13326	0.53951	0.32723
62 G	0.09721	0.71874	0.18405
63 F	0.00544	0.98039	0.01417
64 I	0.00208	0.99666	0.00126
65 G	0.00059	0.99905	0.00036
66 I	0.00006	0.99988	5e-05
67 F	0.00006	0.99991	3e-05
68 I	0.00009	0.99990	1e-05
69 I	0.00019	0.99980	1e-05
70 A	0.00045	0.99954	1e-05
71 T	0.00062	0.99937	1e-05
72 I	0.00072	0.99927	1e-05
73 I	0.00079	0.99919	2e-05
74 I	0.00235	0.99755	0.0001
75 I	0.00638	0.99275	0.00087
76 W	0.01257	0.98401	0.00342
77 N	0.04002	0.94640	0.01358
78 V	0.06737	0.91605	0.01658
79 M	0.16769	0.79391	0.0384
80 I	0.18906	0.68580	0.12513
81 K	0.36314	0.29141	0.34545
82 Y	0.49207	0.15945	0.34847
83 P	0.59727	0.04680	0.35593
84 G	0.60571	0.03292	0.36137
85 E	0.62195	0.00955	0.3685
86 K	0.62942	0.00097	0.36961
87 I	0.57791	0.05264	0.36945
88 P	0.56738	0.06355	0.36907
89 G	0.51407	0.11759	0.36833
90 N	0.50821	0.12473	0.36705
91 V	0.49097	0.14256	0.36646
92 R	0.47973	0.15420	0.36606
93 A	0.41321	0.22796	0.35882
94 I	0.10706	0.60831	0.28463
95 F	0.08046	0.65068	0.26885
96 G	0.06794	0.66345	0.26861
97 L	0.04296	0.68914	0.2679
98 R	0.04090	0.69141	0.26768
99 F	0.00805	0.72516	0.26679
100 F	0.00373	0.72965	0.26662
101 V	0.00297	0.73041	0.26662
102 F	0.00295	0.73024	0.2668
103 G	0.00298	0.72973	0.26729
104 F	0.00297	0.72929	0.26774
105 L	0.00307	0.72244	0.27449
106 P	0.00361	0.71078	0.2856
107 R	0.00405	0.62892	0.36704
108 R	0.00427	0.62075	0.37498
109 C	0.00442	0.60455	0.39103
110 S	0.00468	0.59854	0.39678
111 V	0.00504	0.59544	0.39951
112 F	0.00735	0.57595	0.4167
113 W	0.00843	0.57100	0.42057
114 F	0.00857	0.56634	0.42509
115 L	0.01178	0.54142	0.44679
116 I	0.01992	0.48861	0.49147
117 D	0.10324	0.04510	0.85166
118 F	0.10537	0.02762	0.86701
119 T	0.10541	0.01910	0.87548
120 R	0.10489	0.08739	0.80773
121 P	0.08606	0.55027	0.36368
122 P	0.07825	0.63885	0.2829
123 L	0.01087	0.85905	0.13007
124 F	0.00751	0.94377	0.04872
125 G	0.00703	0.95475	0.03822
126 F	0.00691	0.97715	0.01593
127 M	0.00683	0.97879	0.01439
128 F	0.00648	0.97952	0.01399
129 C	0.00651	0.97957	0.01392
130 F	0.00657	0.97953	0.01391
131 R	0.00683	0.97926	0.01392
132 F	0.00687	0.97920	0.01393
133 S	0.00726	0.97877	0.01397
134 A	0.00773	0.97826	0.014
135 E	0.00834	0.97745	0.01422
136 C	0.00837	0.97741	0.01422
137 V	0.00837	0.97740	0.01422
138 V	0.00839	0.97739	0.01422
139 V	0.00848	0.97729	0.01423
140 V	0.00897	0.97674	0.01429
141 V	0.01196	0.97310	0.01493
142 F	0.03742	0.94013	0.02245
143 G	0.28404	0.64365	0.07231
144 K	0.85145	0.03994	0.10861
145 E	0.88136	0.00729	0.11134
146 K	0.88633	0.00022	0.11346
147 R	0.88647	0.00006	0.11347
148 P	0.88648	0.00006	0.11347
149 F	0.88648	0.00005	0.11347
150 F	0.88649	0.00004	0.11347
151 K	0.88652	0.00000	0.11348
152 R	0.88652	0.00000	0.11348
153 V	0.88652	0.00000	0.11348
