# tr|B1VAN2|B1VAN2_PHYAS
# AA	inside	membr	outside
1 M	0.99673	0.00000	0.00327
2 G	0.99673	0.00000	0.00327
3 I	0.99673	0.00000	0.00327
4 K	0.99673	0.00000	0.00327
5 V	0.99673	0.00000	0.00327
6 I	0.99673	0.00000	0.00327
7 N	0.99673	0.00000	0.00327
8 E	0.99673	0.00000	0.00327
9 N	0.99673	0.00000	0.00327
10 K	0.99673	0.00000	0.00327
11 P	0.99673	0.00000	0.00327
12 N	0.99672	0.00001	0.00327
13 Q	0.99667	0.00006	0.00327
14 L	0.99667	0.00006	0.00327
15 L	0.99667	0.00007	0.00326
16 G	0.99657	0.00016	0.00326
17 V	0.99609	0.00065	0.00326
18 I	0.99607	0.00069	0.00324
19 R	0.99590	0.00086	0.00324
20 R	0.97652	0.02036	0.00312
21 N	0.80649	0.19039	0.00311
22 Y	0.33157	0.66625	0.00218
23 S	0.27602	0.72202	0.00197
24 F	0.11827	0.88110	0.00063
25 F	0.03059	0.96909	0.00033
26 N	0.02594	0.97379	0.00028
27 V	0.00547	0.99443	0.0001
28 F	0.00076	0.99917	6e-05
29 L	0.00009	0.99986	5e-05
30 I	0.00003	0.99992	5e-05
31 F	0.00003	0.99992	5e-05
32 I	0.00003	0.99992	5e-05
33 S	0.00003	0.99992	5e-05
34 L	0.00003	0.99992	6e-05
35 L	0.00003	0.99989	8e-05
36 S	0.00003	0.99963	0.00034
37 C	0.00003	0.99938	0.00059
38 G	0.00003	0.99907	0.0009
39 L	0.00003	0.99649	0.00347
40 Y	0.00010	0.98800	0.01191
41 G	0.00022	0.96186	0.03793
42 E	0.00094	0.94355	0.05551
43 L	0.00104	0.88080	0.11816
44 I	0.00114	0.76106	0.2378
45 N	0.00160	0.25453	0.74388
46 L	0.00170	0.22417	0.77413
47 P	0.00283	0.07977	0.9174
48 N	0.00314	0.00193	0.99493
49 R	0.00320	0.00096	0.99584
50 E	0.00326	0.00003	0.99671
51 T	0.00326	0.00001	0.99673
52 Q	0.00326	0.00000	0.99674
53 P	0.00326	0.00001	0.99674
54 F	0.00326	0.00012	0.99662
55 S	0.00325	0.00038	0.99637
56 G	0.00322	0.00248	0.9943
57 H	0.00318	0.00350	0.99332
58 P	0.00309	0.01066	0.98625
59 R	0.00245	0.26637	0.73119
60 I	0.00192	0.30250	0.69558
61 N	0.00154	0.46578	0.53268
62 L	0.00040	0.81336	0.18624
63 V	0.00032	0.89576	0.10392
64 F	0.00026	0.98132	0.01842
65 Q	0.00023	0.98433	0.01543
66 A	0.00013	0.99641	0.00346
67 S	0.00001	0.99935	0.00064
68 L	0.00000	0.99986	0.00013
69 L	0.00000	0.99996	4e-05
70 F	0.00000	0.99998	1e-05
71 F	0.00000	0.99999	1e-05
72 I	0.00000	0.99999	1e-05
73 V	0.00000	0.99999	1e-05
74 V	0.00000	0.99998	1e-05
75 A	0.00001	0.99998	1e-05
76 L	0.00005	0.99994	1e-05
77 F	0.00037	0.99961	2e-05
78 V	0.00202	0.99792	5e-05
79 N	0.01456	0.98516	0.00028
80 A	0.01909	0.98051	0.0004
81 F	0.03659	0.96285	0.00056
82 R	0.39401	0.60469	0.00129
83 F	0.44208	0.55633	0.00159
84 L	0.66125	0.33674	0.002
85 K	0.98051	0.01626	0.00323
86 D	0.99606	0.00069	0.00325
87 A	0.99647	0.00028	0.00325
88 F	0.99646	0.00029	0.00325
89 L	0.99652	0.00022	0.00326
90 Q	0.99666	0.00007	0.00327
91 I	0.99668	0.00006	0.00327
92 N	0.99670	0.00003	0.00327
93 Q	0.99670	0.00003	0.00327
94 I	0.99666	0.00007	0.00327
95 S	0.99666	0.00007	0.00327
96 F	0.99624	0.00049	0.00327
97 P	0.99616	0.00058	0.00327
98 S	0.99605	0.00068	0.00327
99 L	0.99579	0.00096	0.00325
100 R	0.99561	0.00114	0.00325
101 Q	0.97041	0.02639	0.0032
102 A	0.71586	0.28108	0.00306
103 F	0.49106	0.50629	0.00265
104 F	0.32688	0.67171	0.00142
105 N	0.15071	0.84828	0.00101
106 T	0.13501	0.86432	0.00068
107 L	0.11744	0.88209	0.00048
108 Q	0.09774	0.90195	0.00032
109 V	0.02936	0.97055	9e-05
110 I	0.00121	0.99877	2e-05
111 F	0.00023	0.99977	0
112 F	0.00014	0.99985	0
113 T	0.00013	0.99987	0
114 S	0.00010	0.99989	0
115 F	0.00009	0.99991	0
116 L	0.00009	0.99990	1e-05
117 V	0.00009	0.99989	1e-05
118 V	0.00009	0.99988	4e-05
119 S	0.00009	0.99961	0.00029
120 I	0.00009	0.99927	0.00064
121 W	0.00009	0.99764	0.00226
122 S	0.00011	0.98520	0.01469
123 F	0.00012	0.97814	0.02175
124 G	0.00018	0.93676	0.06306
125 F	0.00032	0.74583	0.25384
126 I	0.00095	0.52516	0.47389
127 I	0.00225	0.35304	0.64471
128 D	0.00318	0.03638	0.96044
129 K	0.00326	0.01529	0.98145
130 L	0.00326	0.01443	0.98231
131 L	0.00327	0.01341	0.98333
132 S	0.00334	0.00332	0.99334
133 Y	0.00336	0.00058	0.99606
134 K	0.00338	0.00002	0.9966
135 F	0.00338	0.00001	0.99661
136 S	0.00338	0.00000	0.99662
