# tr|B1VAR5|B1VAR5_PHYAS
# AA	inside	membr	outside
1 M	0.20643	0.00000	0.79357
2 F	0.20643	0.00000	0.79357
3 F	0.20643	0.00000	0.79357
4 E	0.20643	0.00000	0.79357
5 N	0.20643	0.00000	0.79357
6 K	0.20643	0.00000	0.79357
7 K	0.20643	0.00000	0.79357
8 M	0.20643	0.00000	0.79357
9 S	0.20639	0.00004	0.79357
10 K	0.20639	0.00009	0.79352
11 K	0.20621	0.00034	0.79345
12 Y	0.16914	0.03892	0.79194
13 H	0.09389	0.12234	0.78377
14 L	0.09374	0.12250	0.78376
15 L	0.09374	0.86136	0.0449
16 M	0.08573	0.86938	0.04489
17 F	0.04916	0.93783	0.01301
18 I	0.04844	0.94446	0.0071
19 I	0.04733	0.94630	0.00638
20 M	0.04572	0.95269	0.00158
21 I	0.00570	0.99279	0.00151
22 N	0.00550	0.99342	0.00108
23 T	0.00534	0.99382	0.00085
24 A	0.00530	0.99393	0.00078
25 R	0.00524	0.99400	0.00076
26 I	0.00433	0.99496	0.00071
27 L	0.00428	0.99483	0.00089
28 M	0.00429	0.99418	0.00153
29 N	0.00430	0.99348	0.00221
30 K	0.00433	0.99136	0.00431
31 I	0.00232	0.99388	0.0038
32 I	0.00178	0.99458	0.00364
33 I	0.00133	0.99506	0.00361
34 V	0.00159	0.99453	0.00387
35 L	0.00444	0.97568	0.01988
36 I	0.00822	0.93045	0.06133
37 V	0.01764	0.91476	0.0676
38 I	0.64352	0.27788	0.0786
39 Y	0.68477	0.20191	0.11331
40 Q	0.78704	0.04286	0.1701
41 K	0.79290	0.00905	0.19806
42 N	0.79233	0.00885	0.19882
43 T	0.79234	0.00863	0.19903
44 F	0.79177	0.00774	0.20049
45 L	0.79180	0.00745	0.20074
46 K	0.79195	0.00701	0.20105
47 T	0.79195	0.00700	0.20105
48 I	0.79195	0.00699	0.20106
49 T	0.79196	0.00677	0.20127
50 L	0.79196	0.00673	0.2013
51 G	0.79198	0.00664	0.20138
52 V	0.79199	0.00657	0.20144
53 A	0.79203	0.00635	0.20162
54 T	0.79250	0.00419	0.20332
55 I	0.79270	0.00355	0.20375
56 L	0.79303	0.00247	0.20449
57 Q	0.79339	0.00124	0.20537
58 H	0.79341	0.00083	0.20575
59 S	0.79344	0.00000	0.20657
