# tr|B1V9F5|B1V9F5_PHYAS
# AA	inside	membr	outside
1 M	0.10515	0.00000	0.89485
2 G	0.10515	0.00000	0.89485
3 D	0.10514	0.00000	0.89485
4 F	0.10514	0.00006	0.89479
5 Y	0.10511	0.00029	0.89459
6 D	0.10511	0.00031	0.89458
7 E	0.10109	0.00448	0.89443
8 L	0.10109	0.00460	0.89431
9 F	0.09671	0.01208	0.89121
10 F	0.09671	0.04681	0.85648
11 Q	0.09661	0.05150	0.85189
12 M	0.05194	0.12424	0.82382
13 E	0.00443	0.23801	0.75756
14 V	0.00424	0.23838	0.75737
15 V	0.00424	0.96991	0.02585
16 W	0.00209	0.97206	0.02584
17 V	0.00150	0.97350	0.02499
18 G	0.00150	0.97408	0.02442
19 C	0.00136	0.97476	0.02387
20 F	0.00076	0.98811	0.01113
21 S	0.00053	0.98836	0.01111
22 G	0.00051	0.98886	0.01063
23 V	0.00051	0.98909	0.0104
24 V	0.00051	0.98917	0.01032
25 G	0.00056	0.98894	0.0105
26 N	0.00058	0.98873	0.01069
27 L	0.00062	0.98851	0.01087
28 T	0.00402	0.98499	0.01099
29 T	0.00535	0.98328	0.01137
30 V	0.00665	0.97826	0.01509
31 F	0.00976	0.97101	0.01923
32 S	0.01842	0.94792	0.03366
33 L	0.03754	0.92345	0.03901
34 G	0.06036	0.89370	0.04594
35 S	0.15495	0.75895	0.0861
36 V	0.21907	0.67202	0.10891
37 C	0.29099	0.59881	0.11021
38 F	0.85287	0.03732	0.10981
39 E	0.86725	0.02203	0.11071
40 F	0.81400	0.09192	0.09409
41 I	0.72997	0.19387	0.07616
42 A	0.61455	0.31611	0.06934
43 F	0.51802	0.42399	0.05799
44 L	0.01131	0.97606	0.01263
45 F	0.00337	0.99467	0.00196
46 V	0.00117	0.99785	0.00098
47 F	0.00018	0.99953	0.00029
48 L	0.00010	0.99979	0.00011
49 V	0.00001	0.99997	2e-05
50 F	0.00000	1.00000	0
51 I	0.00000	1.00000	0
52 T	0.00000	1.00000	0
53 F	0.00000	1.00000	0
54 L	0.00000	1.00000	0
55 I	0.00000	1.00000	0
56 I	0.00000	1.00000	0
57 V	0.00000	0.99997	3e-05
58 F	0.00000	0.99988	0.00011
59 L	0.00002	0.99942	0.00056
60 L	0.00007	0.99815	0.00177
61 F	0.00038	0.99534	0.00428
62 Y	0.00158	0.98606	0.01236
63 L	0.01224	0.92571	0.06205
64 L	0.02523	0.83547	0.1393
65 F	0.03374	0.71668	0.24959
66 F	0.05126	0.57532	0.37343
67 S	0.10473	0.02101	0.87426
68 L	0.11490	0.00000	0.8851
