# tr|B1VAX9|B1VAX9_PHYAS
# AA	inside	membr	outside
1 M	0.50178	0.00000	0.49822
2 N	0.50178	0.00000	0.49822
3 A	0.50178	0.00000	0.49822
4 S	0.50178	0.00000	0.49822
5 P	0.50178	0.00000	0.49822
6 T	0.50178	0.00000	0.49822
7 S	0.50178	0.00000	0.49822
8 P	0.50178	0.00000	0.49822
9 E	0.50178	0.00000	0.49822
10 K	0.50178	0.00000	0.49822
11 K	0.50178	0.00000	0.49822
12 N	0.50169	0.00009	0.49821
13 N	0.50150	0.00030	0.4982
14 K	0.50150	0.00030	0.4982
15 K	0.50150	0.02480	0.4737
16 T	0.42188	0.10444	0.47369
17 I	0.06439	0.60623	0.32938
18 L	0.06301	0.61554	0.32145
19 G	0.05297	0.63112	0.31591
20 F	0.01295	0.96119	0.02586
21 S	0.00029	0.97508	0.02463
22 L	0.00007	0.98812	0.01181
23 P	0.00004	0.99132	0.00864
24 V	0.00001	0.99858	0.00141
25 F	0.00000	0.99966	0.00033
26 G	0.00000	0.99994	5e-05
27 L	0.00000	0.99999	1e-05
28 I	0.00000	0.99999	0
29 I	0.00000	1.00000	0
30 L	0.00000	1.00000	0
31 L	0.00000	0.99999	0
32 V	0.00001	0.99999	0
33 L	0.00011	0.99987	2e-05
34 I	0.00041	0.99926	0.00033
35 Q	0.00631	0.99020	0.0035
36 L	0.00671	0.98770	0.00558
37 L	0.00834	0.96602	0.02564
38 G	0.02514	0.92864	0.04622
39 L	0.03198	0.81658	0.15144
40 K	0.28154	0.24029	0.47817
41 W	0.28456	0.23677	0.47866
42 L	0.29092	0.22712	0.48196
43 G	0.47321	0.03130	0.4955
44 R	0.49228	0.00606	0.50167
45 G	0.49734	0.00094	0.50173
46 K	0.49818	0.00004	0.50178
47 D	0.49808	0.00016	0.50177
48 N	0.49345	0.01637	0.49018
49 F	0.48078	0.07890	0.44032
50 H	0.47678	0.08603	0.43719
51 P	0.37154	0.22154	0.40692
52 S	0.22493	0.44376	0.33132
53 T	0.22046	0.53415	0.2454
54 H	0.15515	0.76700	0.07785
55 P	0.04616	0.88070	0.07315
56 L	0.00741	0.93779	0.05479
57 I	0.00336	0.95496	0.04168
58 T	0.00250	0.95788	0.03961
59 P	0.00187	0.96169	0.03643
60 L	0.00023	0.96351	0.03626
61 L	0.00012	0.96389	0.03599
62 I	0.00008	0.96400	0.03593
63 A	0.00006	0.96401	0.03592
64 L	0.00006	0.96401	0.03592
65 L	0.00006	0.96401	0.03592
66 L	0.00007	0.96400	0.03593
67 A	0.00023	0.96381	0.03596
68 A	0.00045	0.96346	0.03609
69 F	0.00109	0.95886	0.04005
70 L	0.00367	0.95018	0.04615
71 Q	0.19734	0.74032	0.06234
72 T	0.28576	0.63986	0.07439
73 I	0.29905	0.61505	0.08591
74 G	0.36264	0.29653	0.34083
75 K	0.42056	0.05322	0.52622
76 N	0.42203	0.05056	0.5274
77 I	0.43724	0.03551	0.52725
78 P	0.43821	0.03375	0.52804
79 I	0.44235	0.03005	0.5276
80 L	0.43977	0.03096	0.52927
81 K	0.43770	0.03291	0.52938
82 D	0.42925	0.04634	0.52441
83 I	0.13649	0.61587	0.24764
84 G	0.08853	0.84955	0.06192
85 G	0.05454	0.90542	0.04004
86 G	0.02160	0.95101	0.0274
87 A	0.01460	0.97626	0.00915
88 I	0.01432	0.98383	0.00185
89 L	0.01423	0.98542	0.00036
90 C	0.01420	0.98558	0.00022
91 I	0.01417	0.98578	5e-05
92 I	0.01416	0.98582	2e-05
93 V	0.01416	0.98582	2e-05
94 P	0.01416	0.98582	2e-05
95 S	0.01417	0.98581	2e-05
96 I	0.01417	0.98579	4e-05
97 L	0.01419	0.98557	0.00025
98 F	0.01424	0.98516	0.0006
99 T	0.01452	0.98284	0.00264
100 V	0.01480	0.97524	0.00996
101 P	0.02335	0.94227	0.03438
102 I	0.02665	0.93071	0.04265
103 F	0.06731	0.70704	0.22565
104 K	0.20643	0.39556	0.39801
105 N	0.22755	0.36341	0.40904
106 A	0.38757	0.17890	0.43353
107 P	0.49448	0.06797	0.43755
108 L	0.50571	0.05423	0.44006
109 L	0.52171	0.03276	0.44552
110 R	0.54330	0.00524	0.45147
111 E	0.54801	0.00030	0.45169
112 M	0.54820	0.00004	0.45175
113 Q	0.54822	0.00001	0.45177
114 K	0.54822	0.00001	0.45177
115 K	0.54821	0.00002	0.45177
116 I	0.54797	0.00026	0.45177
117 S	0.54792	0.00032	0.45176
118 L	0.54771	0.00054	0.45175
119 S	0.54747	0.00078	0.45175
120 F	0.54731	0.00094	0.45174
121 Q	0.54717	0.00109	0.45174
122 N	0.54495	0.00333	0.45172
123 L	0.53929	0.00908	0.45163
124 S	0.47064	0.07776	0.4516
125 G	0.45291	0.09575	0.45135
126 G	0.38420	0.16717	0.44862
127 G	0.35606	0.19743	0.44652
128 E	0.35347	0.20032	0.4462
129 N	0.31189	0.24654	0.44156
130 K	0.28427	0.28810	0.42763
131 I	0.04901	0.69244	0.25855
132 G	0.00667	0.75677	0.23656
133 F	0.00152	0.76411	0.23437
134 T	0.00079	0.76519	0.23402
135 S	0.00017	0.76595	0.23388
136 F	0.00004	0.76609	0.23387
137 F	0.00003	0.76612	0.23386
138 V	0.00003	0.76611	0.23387
139 S	0.00003	0.76606	0.23392
140 V	0.00003	0.76605	0.23393
141 L	0.00003	0.76602	0.23395
142 I	0.00004	0.76542	0.23454
143 I	0.00005	0.76501	0.23495
144 G	0.00006	0.76379	0.23615
145 S	0.00009	0.76171	0.2382
146 F	0.00013	0.76044	0.23943
147 L	0.00015	0.62980	0.37005
148 G	0.00081	0.60602	0.39317
149 M	0.13363	0.25608	0.61029
150 D	0.21533	0.03362	0.75105
151 K	0.21725	0.00793	0.77482
152 K	0.21730	0.00088	0.78182
153 L	0.21731	0.00085	0.78185
154 L	0.21734	0.00077	0.78189
155 K	0.21793	0.00002	0.78205
156 N	0.21793	0.00002	0.78205
157 S	0.21791	0.00006	0.78203
158 F	0.21789	0.00026	0.78185
159 K	0.21788	0.00053	0.78159
160 K	0.21445	0.01091	0.77464
161 F	0.02655	0.82906	0.14439
162 I	0.00207	0.90264	0.0953
163 P	0.00177	0.91755	0.08068
164 L	0.00037	0.99589	0.00374
165 I	0.00010	0.99948	0.00041
166 L	0.00007	0.99984	9e-05
167 I	0.00005	0.99993	2e-05
168 S	0.00005	0.99994	1e-05
169 L	0.00004	0.99996	0
170 I	0.00004	0.99996	0
171 T	0.00004	0.99996	0
172 G	0.00004	0.99996	0
173 V	0.00004	0.99996	0
174 L	0.00004	0.99996	0
175 V	0.00004	0.99996	0
176 V	0.00004	0.99996	0
177 G	0.00004	0.99996	0
178 I	0.00004	0.99995	1e-05
179 L	0.00009	0.99956	0.00035
180 G	0.00109	0.99803	0.00088
181 Y	0.00523	0.99198	0.00279
182 F	0.01237	0.98250	0.00513
183 L	0.03833	0.94691	0.01477
184 Q	0.74942	0.05906	0.19153
185 P	0.77428	0.01088	0.21484
186 I	0.77714	0.00725	0.21561
187 K	0.78178	0.00040	0.21782
188 G	0.78195	0.00020	0.21785
189 I	0.78200	0.00013	0.21787
190 K	0.78210	0.00001	0.21789
191 D	0.78210	0.00000	0.21789
192 S	0.78210	0.00001	0.21789
193 V	0.78210	0.00009	0.21781
194 A	0.78209	0.00009	0.21781
195 L	0.78208	0.00011	0.21781
196 S	0.78206	0.00013	0.21781
197 P	0.78206	0.00013	0.21781
198 K	0.78205	0.00016	0.21779
199 E	0.78030	0.00204	0.21766
200 N	0.71929	0.06390	0.21681
201 I	0.70852	0.08172	0.20976
202 L	0.63708	0.16305	0.19987
203 N	0.45467	0.44320	0.10213
204 A	0.03145	0.88979	0.07875
205 I	0.00920	0.92948	0.06132
206 F	0.00464	0.93928	0.05609
207 Y	0.00328	0.94367	0.05304
208 I	0.00091	0.94851	0.05058
209 F	0.00022	0.95016	0.04962
210 A	0.00015	0.95116	0.04869
211 P	0.00018	0.95141	0.0484
212 L	0.00004	0.95227	0.04768
213 A	0.00003	0.95243	0.04754
214 S	0.00002	0.95249	0.04748
215 G	0.00002	0.95262	0.04737
216 G	0.00002	0.95267	0.04732
217 I	0.00001	0.95270	0.04729
218 T	0.00002	0.95261	0.04737
219 A	0.00005	0.95245	0.0475
220 G	0.00008	0.95190	0.04802
221 I	0.00021	0.95100	0.04879
222 I	0.00067	0.94023	0.05909
223 P	0.00355	0.83149	0.16497
224 L	0.00942	0.79196	0.19862
225 S	0.03149	0.67001	0.2985
226 S	0.12585	0.39924	0.47492
227 S	0.14785	0.03968	0.81247
228 Y	0.15594	0.02370	0.82036
229 S	0.15957	0.01887	0.82157
230 L	0.16171	0.01560	0.82269
231 A	0.16427	0.00985	0.82587
232 S	0.16603	0.00505	0.82892
233 S	0.16854	0.00224	0.82922
234 G	0.16933	0.00139	0.82928
235 N	0.17033	0.00031	0.82936
236 A	0.17043	0.00018	0.82939
237 T	0.17047	0.00010	0.82942
238 D	0.17052	0.00013	0.82936
239 F	0.17043	0.00093	0.82864
240 E	0.17042	0.00143	0.82815
241 A	0.16874	0.04441	0.78685
242 M	0.16452	0.07416	0.76133
243 K	0.16322	0.07698	0.7598
244 S	0.14938	0.17801	0.67262
245 H	0.09550	0.48001	0.42449
246 I	0.01768	0.95768	0.02464
247 F	0.00315	0.99271	0.00414
248 P	0.00276	0.99428	0.00297
249 A	0.00239	0.99703	0.00058
250 L	0.00226	0.99753	0.0002
251 L	0.00225	0.99773	2e-05
252 L	0.00225	0.99775	1e-05
253 G	0.00225	0.99775	1e-05
254 G	0.00225	0.99775	1e-05
255 I	0.00225	0.99775	1e-05
256 F	0.00225	0.99775	1e-05
257 S	0.00225	0.99774	1e-05
258 I	0.00225	0.99774	1e-05
259 L	0.00228	0.99770	2e-05
260 V	0.00247	0.99749	5e-05
261 S	0.00592	0.99376	0.00032
262 G	0.01059	0.98859	0.00081
263 I	0.03114	0.96693	0.00193
264 I	0.22986	0.74618	0.02396
265 K	0.63735	0.21935	0.1433
266 K	0.65980	0.18782	0.15238
267 L	0.66165	0.18553	0.15283
268 F	0.67036	0.17532	0.15432
269 Q	0.82991	0.00329	0.16681
270 K	0.83169	0.00005	0.16826
271 S	0.83170	0.00002	0.16828
272 K	0.83171	0.00000	0.16829
273 L	0.83171	0.00000	0.16829
274 S	0.83171	0.00000	0.16829
275 G	0.83171	0.00000	0.16829
276 N	0.83171	0.00000	0.16829
277 G	0.83171	0.00000	0.16829
278 K	0.83171	0.00000	0.16829
279 L	0.83171	0.00000	0.16829
280 E	0.83171	0.00000	0.16829
281 I	0.83171	0.00000	0.16829
282 K	0.83171	0.00000	0.16829
283 T	0.83171	0.00000	0.16829
284 S	0.83171	0.00000	0.16829
285 L	0.83171	0.00000	0.16829
286 S	0.83171	0.00000	0.16829
287 Q	0.83171	0.00000	0.16829
288 T	0.83171	0.00000	0.16829
289 Q	0.83171	0.00000	0.16829
290 A	0.83171	0.00000	0.16829
291 K	0.83171	0.00000	0.16829
292 P	0.83171	0.00000	0.16829
293 T	0.83171	0.00000	0.16829
294 P	0.83171	0.00000	0.16829
295 K	0.83171	0.00000	0.16829
296 T	0.83170	0.00001	0.16829
297 E	0.83169	0.00002	0.16828
298 P	0.83123	0.00061	0.16816
299 N	0.82509	0.00683	0.16808
300 F	0.81498	0.01745	0.16757
301 D	0.81326	0.01935	0.16738
302 S	0.79492	0.03836	0.16672
303 N	0.77072	0.06410	0.16518
304 K	0.72622	0.11081	0.16296
305 F	0.06533	0.90794	0.02674
306 I	0.03836	0.95396	0.00769
307 T	0.03338	0.96006	0.00657
308 G	0.01709	0.97891	0.004
309 V	0.00236	0.99537	0.00226
310 I	0.00061	0.99759	0.0018
311 A	0.00033	0.99791	0.00175
312 I	0.00010	0.99815	0.00175
313 F	0.00004	0.99821	0.00175
314 S	0.00003	0.99822	0.00175
315 I	0.00003	0.99822	0.00175
316 Y	0.00003	0.99822	0.00175
317 I	0.00003	0.99820	0.00177
318 F	0.00003	0.99807	0.00189
319 S	0.00004	0.99771	0.00225
320 V	0.00046	0.99661	0.00294
321 M	0.00429	0.98140	0.01432
322 L	0.00568	0.91338	0.08094
323 R	0.02853	0.71264	0.25884
324 D	0.03484	0.67246	0.29271
325 L	0.03528	0.66535	0.29937
326 A	0.03560	0.62711	0.33729
327 V	0.03608	0.53860	0.42532
328 L	0.14884	0.03836	0.8128
329 R	0.16516	0.01331	0.82154
330 F	0.16573	0.01231	0.82196
331 P	0.16626	0.00446	0.82928
332 Q	0.16651	0.00071	0.83279
333 I	0.16644	0.00060	0.83297
334 K	0.16610	0.00086	0.83305
335 K	0.15898	0.01505	0.82597
336 Y	0.14739	0.18156	0.67106
337 L	0.14684	0.46469	0.38847
338 P	0.14659	0.48052	0.37289
339 D	0.14298	0.49882	0.35819
340 T	0.03070	0.86202	0.10728
341 I	0.01134	0.94231	0.04635
342 V	0.00521	0.99257	0.00222
343 F	0.00215	0.99724	0.00061
344 I	0.00199	0.99793	8e-05
345 V	0.00198	0.99797	5e-05
346 F	0.00198	0.99798	4e-05
347 V	0.00198	0.99800	2e-05
348 V	0.00198	0.99800	2e-05
349 I	0.00198	0.99800	2e-05
350 L	0.00198	0.99799	2e-05
351 I	0.00202	0.99794	4e-05
352 K	0.00257	0.99718	0.00024
353 L	0.00262	0.99711	0.00027
354 F	0.00338	0.99608	0.00055
355 N	0.02428	0.97415	0.00157
356 L	0.03321	0.96478	0.00202
357 I	0.10931	0.88674	0.00395
358 S	0.32397	0.63282	0.0432
359 Q	0.69715	0.22499	0.07786
360 D	0.80511	0.09785	0.09704
361 Y	0.80539	0.09630	0.09831
362 I	0.80612	0.09162	0.10225
363 N	0.81646	0.02517	0.15837
364 C	0.81847	0.01989	0.16164
365 I	0.82984	0.00848	0.16169
366 V	0.83213	0.00777	0.1601
367 K	0.83347	0.00747	0.15906
368 T	0.83159	0.03208	0.13633
369 S	0.82589	0.05135	0.12276
370 Q	0.82167	0.06029	0.11804
371 L	0.69682	0.19495	0.10823
372 I	0.68682	0.24058	0.07259
373 T	0.68656	0.24249	0.07095
374 K	0.68577	0.24377	0.07045
375 N	0.68291	0.25274	0.06435
376 L	0.67821	0.26166	0.06013
377 T	0.67670	0.28297	0.04033
378 S	0.67615	0.28419	0.03967
379 T	0.67593	0.28463	0.03945
380 L	0.67582	0.28482	0.03936
381 L	0.67582	0.28483	0.03936
382 V	0.67582	0.28482	0.03936
383 I	0.67582	0.28481	0.03937
384 L	0.67589	0.28457	0.03955
385 G	0.67649	0.28359	0.03992
386 S	0.67780	0.28140	0.0408
387 T	0.68758	0.27117	0.04125
388 L	0.69498	0.26260	0.04242
389 Q	0.70922	0.23581	0.05498
390 I	0.71078	0.22842	0.06081
391 A	0.73191	0.13209	0.136
392 K	0.74310	0.08946	0.16745
393 A	0.74968	0.08085	0.16947
394 W	0.75437	0.05338	0.19225
395 K	0.79880	0.00355	0.19765
396 H	0.79546	0.00823	0.19631
397 L	0.74415	0.07178	0.18406
398 Q	0.71800	0.12218	0.15981
399 N	0.21161	0.64959	0.13879
400 V	0.08292	0.86161	0.05546
401 N	0.05423	0.92606	0.01972
402 F	0.00636	0.98380	0.00984
403 I	0.00138	0.99815	0.00046
404 I	0.00010	0.99988	3e-05
405 T	0.00007	0.99992	1e-05
406 C	0.00004	0.99995	1e-05
407 F	0.00001	0.99999	1e-05
408 V	0.00000	0.99999	1e-05
409 C	0.00000	0.99999	1e-05
410 V	0.00000	0.99999	1e-05
411 I	0.00000	0.99999	1e-05
412 V	0.00000	0.99999	1e-05
413 V	0.00000	0.99999	1e-05
414 A	0.00001	0.99999	1e-05
415 L	0.00002	0.99989	9e-05
416 V	0.00010	0.99957	0.00034
417 A	0.00094	0.98948	0.00958
418 G	0.00339	0.97423	0.02239
419 Y	0.00816	0.93869	0.05315
420 L	0.04836	0.80990	0.14174
421 G	0.12690	0.65317	0.21993
422 K	0.17592	0.03777	0.78632
423 K	0.19743	0.00196	0.80061
424 L	0.19652	0.00326	0.80022
425 G	0.19615	0.00409	0.79976
426 Y	0.19380	0.00976	0.79643
427 Y	0.17995	0.02443	0.79562
428 P	0.15788	0.04698	0.79514
429 L	0.13847	0.07861	0.78291
430 E	0.13746	0.09189	0.77065
431 A	0.11875	0.48556	0.39568
432 S	0.05870	0.56265	0.37865
433 V	0.02547	0.61294	0.36159
434 T	0.02128	0.62332	0.3554
435 A	0.01905	0.62833	0.35262
436 G	0.01856	0.63604	0.3454
437 L	0.01683	0.63805	0.34511
438 C	0.01656	0.63847	0.34497
439 T	0.01642	0.63895	0.34463
440 N	0.01577	0.64181	0.34241
441 S	0.01409	0.65765	0.32827
442 I	0.01285	0.66008	0.32707
443 G	0.01236	0.66134	0.32629
444 G	0.01240	0.66163	0.32597
445 A	0.01298	0.66087	0.32615
446 G	0.01329	0.65967	0.32704
447 N	0.01364	0.65858	0.32778
448 I	0.01379	0.65831	0.32789
449 A	0.01824	0.65266	0.32909
450 I	0.02052	0.63409	0.3454
451 L	0.02630	0.58872	0.38498
452 S	0.05406	0.53336	0.41258
453 A	0.10041	0.47946	0.42012
454 S	0.44771	0.11528	0.43701
455 D	0.45839	0.04299	0.49862
456 L	0.45881	0.03676	0.50443
457 M	0.46185	0.03357	0.50458
458 G	0.46078	0.03481	0.50441
459 L	0.46516	0.03091	0.50393
460 M	0.46272	0.03393	0.50335
461 P	0.46444	0.03315	0.50242
462 F	0.46206	0.04443	0.49351
463 A	0.46677	0.05745	0.47579
464 Q	0.44609	0.34331	0.2106
465 I	0.09577	0.85178	0.05246
466 A	0.05886	0.90470	0.03644
467 T	0.05243	0.92006	0.02751
468 R	0.04789	0.93065	0.02146
469 V	0.01429	0.98385	0.00186
470 G	0.00201	0.99719	0.0008
471 G	0.00135	0.99799	0.00065
472 A	0.00091	0.99848	0.00061
473 F	0.00077	0.99862	0.00061
474 V	0.00077	0.99862	0.00061
475 V	0.00078	0.99862	0.00061
476 V	0.00078	0.99860	0.00061
477 V	0.00080	0.99857	0.00063
478 A	0.00092	0.99836	0.00071
479 S	0.00135	0.99766	0.00099
480 I	0.00161	0.99729	0.0011
481 A	0.00235	0.99467	0.00298
482 Y	0.00377	0.99190	0.00433
483 P	0.00908	0.97630	0.01462
484 L	0.01202	0.96924	0.01874
485 L	0.02617	0.93564	0.03819
486 W	0.06436	0.86852	0.06713
487 T	0.39319	0.43130	0.17551
488 V	0.51210	0.00000	0.4879
