# tr|B1V936|B1V936_PHYAS
# AA	inside	membr	outside
1 M	0.97888	0.00000	0.02112
2 K	0.97888	0.00000	0.02112
3 S	0.97888	0.00000	0.02112
4 N	0.97888	0.00000	0.02112
5 S	0.97888	0.00000	0.02112
6 K	0.97888	0.00000	0.02112
7 I	0.97816	0.00072	0.02112
8 K	0.97816	0.00072	0.02112
9 L	0.97529	0.00360	0.02111
10 K	0.97528	0.00623	0.01849
11 H	0.96535	0.01900	0.01565
12 I	0.13896	0.85294	0.0081
13 L	0.00009	0.99637	0.00354
14 Y	0.00008	0.99638	0.00354
15 I	0.00008	0.99991	0
16 A	0.00005	0.99995	0
17 I	0.00000	1.00000	0
18 I	0.00000	1.00000	0
19 L	0.00000	1.00000	0
20 T	0.00000	1.00000	0
21 F	0.00000	1.00000	0
22 I	0.00000	1.00000	0
23 Y	0.00000	1.00000	0
24 V	0.00000	1.00000	0
25 P	0.00000	0.99998	1e-05
26 I	0.00000	0.99998	2e-05
27 A	0.00000	0.99983	0.00017
28 S	0.00001	0.99957	0.00042
29 L	0.00001	0.99944	0.00055
30 I	0.00001	0.99643	0.00355
31 L	0.00011	0.98824	0.01164
32 F	0.00047	0.94626	0.05326
33 S	0.00501	0.88798	0.107
34 F	0.00787	0.85779	0.13434
35 N	0.01750	0.08236	0.90015
36 K	0.02092	0.00040	0.97868
37 S	0.02094	0.00025	0.97881
38 E	0.02112	0.00011	0.97877
39 G	0.02110	0.00036	0.97855
40 R	0.02109	0.00038	0.97853
41 V	0.02107	0.00044	0.9785
42 A	0.02107	0.00044	0.97849
43 S	0.02107	0.00044	0.97849
44 L	0.02106	0.00048	0.97845
45 V	0.02106	0.00049	0.97845
46 N	0.02106	0.00049	0.97845
47 W	0.02106	0.00049	0.97845
48 Q	0.02106	0.00049	0.97845
49 G	0.02106	0.00049	0.97845
50 F	0.02106	0.00049	0.97845
51 S	0.02106	0.00049	0.97845
52 W	0.02107	0.00049	0.97845
53 Q	0.02107	0.00048	0.97845
54 W	0.02107	0.00048	0.97845
55 Y	0.02110	0.00045	0.97845
56 Q	0.02122	0.00031	0.97847
57 K	0.02139	0.00011	0.9785
58 L	0.02140	0.00011	0.9785
59 L	0.02141	0.00009	0.9785
60 S	0.02145	0.00005	0.9785
61 D	0.02147	0.00003	0.9785
62 K	0.02149	0.00006	0.97845
63 T	0.02148	0.00272	0.9758
64 I	0.02145	0.00655	0.972
65 K	0.02144	0.00736	0.97119
66 T	0.02119	0.11983	0.85898
67 S	0.02072	0.25154	0.72775
68 I	0.02016	0.48995	0.48989
69 A	0.01476	0.57714	0.4081
70 I	0.01369	0.61452	0.37179
71 T	0.01249	0.63271	0.3548
72 L	0.00739	0.65619	0.33641
73 K	0.00713	0.65967	0.3332
74 I	0.00105	0.85804	0.14091
75 A	0.00023	0.97072	0.02904
76 F	0.00006	0.99226	0.00769
77 L	0.00004	0.99544	0.00452
78 T	0.00004	0.99708	0.00288
79 T	0.00003	0.99854	0.00143
80 I	0.00003	0.99977	0.0002
81 I	0.00003	0.99986	0.00011
82 S	0.00004	0.99985	0.00011
83 T	0.00006	0.99984	0.0001
84 F	0.00008	0.99981	0.0001
85 L	0.00027	0.99962	0.00011
86 G	0.00380	0.99608	0.00013
87 T	0.00834	0.99151	0.00016
88 F	0.01144	0.98839	0.00017
89 A	0.13948	0.86014	0.00039
90 A	0.26370	0.73552	0.00078
91 I	0.45794	0.54086	0.0012
92 S	0.54730	0.44434	0.00836
93 L	0.59081	0.39999	0.00921
94 A	0.65006	0.33832	0.01163
95 Q	0.68785	0.29596	0.01619
96 S	0.69590	0.28765	0.01645
97 L	0.84320	0.13593	0.02087
98 N	0.95869	0.01987	0.02144
99 K	0.97789	0.00054	0.02157
100 K	0.97835	0.00008	0.02157
101 W	0.97767	0.00080	0.02153
102 R	0.97730	0.00119	0.02152
103 V	0.94902	0.02957	0.02141
104 M	0.93790	0.04090	0.0212
105 I	0.92114	0.05791	0.02095
106 L	0.88511	0.09523	0.01965
107 N	0.87707	0.10353	0.01941
108 A	0.80487	0.17717	0.01797
109 S	0.35968	0.62591	0.01442
110 N	0.26307	0.72284	0.01409
111 F	0.06606	0.93006	0.00388
112 S	0.03462	0.96273	0.00264
113 I	0.00976	0.98931	0.00093
114 V	0.00076	0.99916	8e-05
115 V	0.00049	0.99946	5e-05
116 P	0.00047	0.99950	3e-05
117 E	0.00045	0.99953	2e-05
118 I	0.00037	0.99961	1e-05
119 I	0.00037	0.99962	1e-05
120 T	0.00037	0.99962	1e-05
121 A	0.00036	0.99938	0.00025
122 L	0.00036	0.99912	0.00052
123 S	0.00036	0.99882	0.00081
124 L	0.00037	0.99869	0.00093
125 F	0.00037	0.99856	0.00107
126 V	0.00040	0.97501	0.02459
127 V	0.00048	0.96103	0.0385
128 F	0.00074	0.94498	0.05428
129 G	0.00290	0.91205	0.08505
130 F	0.00362	0.90346	0.09292
131 I	0.00667	0.77797	0.21536
132 R	0.01192	0.17121	0.81688
133 L	0.01230	0.11641	0.87129
134 E	0.02113	0.00860	0.97027
135 S	0.01984	0.01949	0.96066
136 S	0.01842	0.03918	0.94241
137 F	0.01724	0.05476	0.928
138 W	0.01610	0.06531	0.91859
139 K	0.01602	0.06773	0.91625
140 M	0.00663	0.23225	0.76112
141 L	0.00440	0.78474	0.21086
142 L	0.00372	0.82334	0.17294
143 A	0.00342	0.85262	0.14396
144 H	0.00321	0.85436	0.14244
145 I	0.00312	0.85565	0.14122
146 S	0.00309	0.85814	0.13877
147 F	0.00309	0.85860	0.13831
148 C	0.00309	0.85905	0.13786
149 T	0.00309	0.85914	0.13777
150 P	0.00308	0.85950	0.13742
151 F	0.00307	0.86007	0.13686
152 V	0.00308	0.86014	0.13678
153 A	0.00313	0.86031	0.13657
154 I	0.00334	0.86009	0.13658
155 S	0.00572	0.85723	0.13705
156 V	0.00773	0.85497	0.1373
157 Y	0.01832	0.84337	0.13832
158 P	0.08140	0.77467	0.14393
159 K	0.15712	0.69541	0.14746
160 V	0.16231	0.69010	0.14759
161 I	0.19201	0.66023	0.14776
162 S	0.27194	0.57909	0.14897
163 L	0.37014	0.47693	0.15293
164 D	0.83615	0.00920	0.15466
165 P	0.83896	0.00647	0.15457
166 Y	0.83993	0.00579	0.15428
167 C	0.84004	0.00568	0.15429
168 F	0.83854	0.00742	0.15403
169 E	0.84015	0.00591	0.15393
170 A	0.83844	0.00815	0.15341
171 A	0.83874	0.00800	0.15326
172 Y	0.83876	0.00800	0.15324
173 D	0.83940	0.00735	0.15324
174 L	0.83915	0.00766	0.15319
175 G	0.83877	0.00806	0.15317
176 A	0.83734	0.00950	0.15316
177 T	0.83726	0.00959	0.15315
178 P	0.83656	0.01030	0.15314
179 F	0.83428	0.01260	0.15312
180 K	0.83186	0.01510	0.15304
181 A	0.78490	0.06277	0.15233
182 L	0.61328	0.23660	0.15012
183 I	0.53814	0.31200	0.14986
184 K	0.48580	0.36438	0.14981
185 V	0.44188	0.41257	0.14556
186 I	0.42988	0.42523	0.1449
187 L	0.41809	0.43714	0.14476
188 P	0.41779	0.43657	0.14564
189 Q	0.41156	0.44232	0.14611
190 L	0.39847	0.45463	0.1469
191 K	0.39626	0.45481	0.14893
192 G	0.34322	0.51212	0.14465
193 G	0.28244	0.59402	0.12353
194 M	0.16831	0.75590	0.07579
195 L	0.10598	0.85021	0.04382
196 V	0.05951	0.90593	0.03456
197 G	0.05726	0.91032	0.03241
198 A	0.05499	0.91456	0.03045
199 T	0.05244	0.91630	0.03126
200 L	0.05025	0.91809	0.03165
201 A	0.04937	0.91608	0.03455
202 F	0.04934	0.91036	0.04031
203 T	0.05051	0.89587	0.05361
204 L	0.05100	0.84623	0.10277
205 S	0.05577	0.64796	0.29627
206 F	0.05622	0.57768	0.3661
207 D	0.05740	0.50026	0.44233
208 D	0.05724	0.49000	0.45275
209 F	0.04405	0.51336	0.44258
210 I	0.04202	0.51722	0.44076
211 I	0.04033	0.51631	0.44336
212 S	0.04031	0.49173	0.46796
213 Y	0.04031	0.47831	0.48138
214 F	0.04072	0.46931	0.48998
215 V	0.04455	0.43054	0.5249
216 G	0.06956	0.35784	0.5726
217 G	0.11949	0.19656	0.68394
218 A	0.15268	0.10107	0.74625
219 E	0.16046	0.03802	0.80153
220 C	0.16085	0.03693	0.80222
221 Q	0.16119	0.03628	0.80252
222 N	0.16115	0.03609	0.80276
223 I	0.16074	0.03683	0.80243
224 S	0.16001	0.03803	0.80196
225 A	0.15941	0.04030	0.80029
226 Y	0.15886	0.05238	0.78876
227 I	0.15751	0.05600	0.78649
228 Y	0.15742	0.05515	0.78744
229 S	0.16003	0.04373	0.79624
230 L	0.16277	0.04046	0.79677
231 K	0.17003	0.03089	0.79908
232 G	0.17059	0.11161	0.71779
233 T	0.16778	0.28130	0.55092
234 I	0.16604	0.31648	0.51748
235 N	0.16067	0.33742	0.50191
236 P	0.10882	0.60865	0.28253
237 S	0.07772	0.70181	0.22047
238 V	0.05426	0.83678	0.10895
239 N	0.05180	0.86814	0.08006
240 A	0.05037	0.91492	0.03471
241 L	0.04869	0.93582	0.01548
242 S	0.04867	0.93666	0.01467
243 T	0.04867	0.93718	0.01415
244 I	0.04868	0.93740	0.01392
245 L	0.04871	0.93731	0.01398
246 I	0.04895	0.93670	0.01435
247 S	0.04942	0.93525	0.01533
248 L	0.05003	0.93396	0.01601
249 T	0.06167	0.92160	0.01673
250 S	0.06615	0.91510	0.01876
251 F	0.06803	0.91259	0.01938
252 K	0.08706	0.89248	0.02045
253 I	0.08826	0.89123	0.0205
254 I	0.09389	0.88508	0.02104
255 F	0.18081	0.79098	0.02822
256 D	0.47951	0.46742	0.05308
257 F	0.49868	0.44478	0.05654
258 I	0.54004	0.39299	0.06697
259 K	0.82524	0.04157	0.13318
260 Q	0.85209	0.00650	0.14142
261 K	0.85579	0.00014	0.14407
262 K	0.85590	0.00003	0.14408
263 M	0.85591	0.00001	0.14408
264 V	0.85592	0.00001	0.14408
265 H	0.85592	0.00000	0.14408
266 K	0.85592	0.00000	0.14408
267 Q	0.85592	0.00000	0.14408
268 K	0.85592	0.00000	0.14408
