# tr|B1VA19|B1VA19_PHYAS
# AA	inside	membr	outside
1 M	0.89441	0.00000	0.10558
2 Q	0.89441	0.00000	0.10558
3 V	0.89441	0.00000	0.10558
4 K	0.89441	0.00000	0.10558
5 K	0.89437	0.00016	0.10547
6 R	0.89437	0.00041	0.10522
7 L	0.87714	0.01774	0.10512
8 T	0.87714	0.01774	0.10512
9 Q	0.87652	0.01837	0.10511
10 K	0.87650	0.01962	0.10387
11 L	0.86286	0.03424	0.1029
12 V	0.80929	0.08786	0.10284
13 L	0.80625	0.09093	0.10282
14 N	0.80625	0.09093	0.10282
15 I	0.80625	0.09119	0.10255
16 K	0.80624	0.09120	0.10255
17 I	0.80594	0.09151	0.10254
18 F	0.80593	0.09152	0.10254
19 I	0.80592	0.09153	0.10254
20 F	0.80590	0.09155	0.10254
21 L	0.80588	0.09157	0.10254
22 I	0.80589	0.09101	0.10309
23 C	0.80598	0.09001	0.10401
24 K	0.80613	0.08902	0.10485
25 R	0.80618	0.08627	0.10755
26 V	0.80597	0.08637	0.10767
27 Y	0.80598	0.07312	0.1209
28 E	0.80680	0.06971	0.12349
29 N	0.80716	0.05522	0.13762
30 K	0.80394	0.01226	0.1838
31 L	0.72307	0.09325	0.18368
32 G	0.66987	0.14482	0.18531
33 F	0.55832	0.25749	0.18419
34 F	0.39178	0.42547	0.18275
35 C	0.36363	0.45108	0.18528
36 F	0.33716	0.47983	0.183
37 L	0.32137	0.49888	0.17975
38 K	0.31389	0.51302	0.17309
39 I	0.25940	0.63885	0.10175
40 R	0.24563	0.65994	0.09443
41 L	0.06669	0.92866	0.00465
42 I	0.04984	0.94881	0.00134
43 F	0.03642	0.96329	0.00029
44 L	0.03369	0.96617	0.00014
45 Y	0.02720	0.97265	0.00015
46 C	0.01395	0.98592	0.00013
47 L	0.00748	0.99242	0.0001
48 L	0.00034	0.99964	1e-05
49 F	0.00007	0.99990	2e-05
50 F	0.00002	0.99991	7e-05
51 I	0.00001	0.99971	0.00028
52 F	0.00001	0.99581	0.00418
53 L	0.00003	0.98754	0.01243
54 L	0.00018	0.91731	0.08251
55 V	0.00062	0.87033	0.12905
56 F	0.00202	0.75644	0.24154
57 L	0.01187	0.55518	0.43295
58 K	0.03527	0.45763	0.5071
59 Y	0.03930	0.44447	0.51624
60 F	0.04997	0.41587	0.53416
61 K	0.12892	0.19203	0.67905
62 C	0.15651	0.15511	0.68838
63 I	0.16084	0.14899	0.69018
64 Q	0.19043	0.06737	0.7422
65 L	0.19057	0.06437	0.74506
66 H	0.19071	0.05929	0.75
67 I	0.19073	0.05808	0.75119
68 V	0.19075	0.04838	0.76088
69 M	0.19082	0.02724	0.78194
70 F	0.19087	0.01921	0.78992
71 R	0.19104	0.00208	0.80688
72 H	0.19104	0.00161	0.80734
73 L	0.19105	0.00131	0.80764
74 G	0.19105	0.00088	0.80806
75 H	0.19107	0.00063	0.8083
76 F	0.19108	0.00054	0.80838
77 L	0.19109	0.00051	0.80839
78 F	0.19116	0.00043	0.8084
79 F	0.19155	0.00000	0.80845
