# tr|B1VB40|B1VB40_PHYAS
# AA	inside	membr	outside
1 M	0.75897	0.00000	0.24104
2 D	0.75895	0.00002	0.24104
3 I	0.75816	0.00080	0.24104
4 S	0.75816	0.00383	0.23801
5 T	0.75620	0.00866	0.23514
6 F	0.75620	0.00937	0.23443
7 R	0.75465	0.01094	0.23441
8 T	0.75465	0.01094	0.23441
9 I	0.75359	0.01202	0.23439
10 F	0.75359	0.01240	0.23401
11 V	0.75358	0.01242	0.234
12 Y	0.75328	0.01273	0.23399
13 V	0.75260	0.01345	0.23396
14 M	0.75260	0.01345	0.23396
15 L	0.75260	0.01562	0.23178
16 H	0.75247	0.01575	0.23178
17 S	0.75077	0.01860	0.23063
18 L	0.75052	0.02820	0.22128
19 R	0.74789	0.03982	0.21229
20 Q	0.72319	0.20196	0.07485
21 F	0.06789	0.86011	0.072
22 F	0.04735	0.91073	0.04192
23 I	0.04324	0.91910	0.03767
24 F	0.04599	0.91632	0.03769
25 S	0.04692	0.91308	0.04
26 K	0.04709	0.91241	0.0405
27 N	0.04582	0.91436	0.03982
28 L	0.02469	0.94131	0.03401
29 G	0.01890	0.94934	0.03175
30 L	0.00761	0.97057	0.02181
31 T	0.00321	0.99093	0.00586
32 Y	0.00206	0.99351	0.00443
33 F	0.00134	0.99512	0.00353
34 L	0.00096	0.99656	0.00248
35 V	0.00085	0.99674	0.00241
36 G	0.00085	0.99604	0.00311
37 L	0.00095	0.99571	0.00334
38 F	0.00329	0.99269	0.00402
39 L	0.00574	0.97794	0.01632
40 Y	0.03477	0.91190	0.05332
41 L	0.05934	0.68580	0.25486
42 K	0.14946	0.46228	0.38825
43 L	0.19273	0.40156	0.40571
44 K	0.19806	0.08962	0.71232
45 K	0.20004	0.08705	0.71291
46 I	0.19934	0.08922	0.71143
47 I	0.19957	0.08894	0.71148
48 T	0.20015	0.08771	0.71214
49 F	0.20025	0.08726	0.71249
50 V	0.20106	0.08459	0.71435
51 S	0.20494	0.06079	0.73427
52 F	0.20628	0.05471	0.73901
53 L	0.21667	0.03150	0.75183
54 K	0.23560	0.00551	0.75889
55 M	0.23626	0.00457	0.75917
56 F	0.23650	0.00409	0.75941
57 L	0.23692	0.00348	0.7596
58 E	0.23735	0.00288	0.75977
59 R	0.23739	0.00282	0.75979
60 S	0.23740	0.00281	0.7598
61 V	0.23745	0.00275	0.7598
62 M	0.23767	0.00248	0.75985
63 P	0.23803	0.00194	0.76004
64 N	0.23923	0.00010	0.76068
65 D	0.23928	0.00002	0.7607
66 E	0.23929	0.00001	0.76071
67 I	0.23929	0.00001	0.76071
68 K	0.23929	0.00000	0.76071
69 K	0.23929	0.00000	0.76071
70 Q	0.23929	0.00000	0.76071
71 F	0.23929	0.00000	0.76071
72 S	0.23929	0.00000	0.76071
73 N	0.23929	0.00000	0.76071
74 F	0.23929	0.00000	0.76071
75 L	0.23929	0.00000	0.76071
