# tr|B1VA99|B1VA99_PHYAS
# AA	inside	membr	outside
1 M	0.29941	0.00000	0.70059
2 L	0.29941	0.00000	0.70059
3 N	0.29941	0.00000	0.70059
4 D	0.29941	0.00000	0.70059
5 Q	0.29941	0.00002	0.70058
6 K	0.29941	0.00010	0.70049
7 K	0.29873	0.00246	0.69882
8 T	0.29873	0.00271	0.69856
9 L	0.29555	0.01188	0.69256
10 Q	0.29555	0.16717	0.53728
11 K	0.29199	0.20290	0.5051
12 I	0.07647	0.71408	0.20946
13 I	0.01049	0.95453	0.03498
14 I	0.01048	0.95455	0.03497
15 T	0.01048	0.98421	0.00531
16 S	0.00952	0.98516	0.00531
17 F	0.00904	0.98616	0.0048
18 L	0.00904	0.98639	0.00457
19 L	0.00903	0.98655	0.00443
20 F	0.00902	0.98743	0.00355
21 L	0.00902	0.98744	0.00354
22 T	0.00902	0.98793	0.00306
23 F	0.00902	0.98797	0.00301
24 S	0.00902	0.98796	0.00302
25 L	0.00904	0.98804	0.00292
26 E	0.00922	0.98800	0.00278
27 L	0.00928	0.99037	0.00035
28 I	0.01615	0.98340	0.00046
29 F	0.03774	0.95807	0.0042
30 R	0.28011	0.69179	0.0281
31 Y	0.30798	0.65393	0.0381
32 T	0.37311	0.53517	0.09172
33 I	0.40504	0.49292	0.10204
34 N	0.46351	0.33801	0.19847
35 F	0.58398	0.14706	0.26896
36 G	0.68579	0.04013	0.27409
37 T	0.68848	0.04644	0.26507
38 A	0.68273	0.10322	0.21405
39 C	0.68087	0.11986	0.19927
40 N	0.67653	0.13401	0.18946
41 Y	0.60872	0.24477	0.14651
42 S	0.58536	0.27526	0.13938
43 F	0.55758	0.36604	0.07638
44 F	0.53925	0.39684	0.0639
45 K	0.54124	0.39537	0.0634
46 I	0.44217	0.51230	0.04553
47 E	0.41586	0.53995	0.04419
48 L	0.26401	0.70846	0.02754
49 L	0.16215	0.83019	0.00767
50 F	0.07463	0.92229	0.00308
51 I	0.03027	0.96872	0.00101
52 I	0.01513	0.98424	0.00063
53 L	0.00608	0.99346	0.00046
54 I	0.00299	0.99667	0.00035
55 G	0.00082	0.99883	0.00036
56 F	0.00177	0.99783	0.0004
57 L	0.00555	0.99389	0.00056
58 F	0.01482	0.98402	0.00116
59 G	0.04700	0.94466	0.00834
60 F	0.06331	0.92117	0.01552
61 K	0.18831	0.72825	0.08344
62 Y	0.17250	0.74213	0.08537
63 S	0.13248	0.77731	0.09021
64 F	0.10880	0.79233	0.09887
65 F	0.01806	0.87175	0.11019
66 A	0.05137	0.80166	0.14698
67 N	0.05132	0.75769	0.19099
68 L	0.03989	0.76005	0.20006
69 T	0.04404	0.70640	0.24956
70 Y	0.01092	0.72656	0.26251
71 L	0.01314	0.64435	0.34251
72 L	0.02531	0.56044	0.41424
73 I	0.03045	0.47052	0.49903
74 H	0.03439	0.36755	0.59807
75 Y	0.03531	0.33357	0.63113
76 S	0.03576	0.30342	0.66082
77 F	0.03593	0.29188	0.67219
78 E	0.03624	0.25107	0.71269
79 R	0.03627	0.24756	0.71618
80 F	0.03627	0.24645	0.71729
81 L	0.03627	0.24430	0.71944
82 M	0.03628	0.24206	0.72165
83 D	0.03628	0.10140	0.86232
84 F	0.03628	0.10013	0.86359
85 F	0.03628	0.09903	0.8647
86 L	0.03628	0.09813	0.8656
87 P	0.03628	0.09713	0.86659
88 E	0.03628	0.00228	0.96144
89 H	0.03628	0.00179	0.96193
90 S	0.03628	0.00070	0.96302
91 H	0.03628	0.00060	0.96312
92 N	0.03628	0.00052	0.9632
93 H	0.03628	0.00002	0.9637
94 D	0.03628	0.00000	0.96372
95 H	0.03628	0.00002	0.9637
96 H	0.03628	0.00010	0.96362
97 G	0.03627	0.00081	0.96292
98 L	0.03626	0.00202	0.96172
99 E	0.03624	0.00565	0.95811
100 L	0.03614	0.00899	0.95487
101 K	0.03612	0.01129	0.9526
102 I	0.02902	0.88301	0.08797
103 F	0.02745	0.94543	0.02711
104 L	0.02711	0.97051	0.00238
105 Y	0.02706	0.97156	0.00137
106 R	0.02706	0.97182	0.00112
107 F	0.02704	0.97294	2e-05
108 F	0.02704	0.97296	1e-05
109 L	0.02704	0.97296	0
110 P	0.02704	0.97296	0
111 Y	0.02704	0.97296	0
112 L	0.02704	0.97296	0
113 A	0.02704	0.97296	1e-05
114 C	0.02704	0.97295	1e-05
115 C	0.02705	0.97295	1e-05
116 L	0.02705	0.97294	1e-05
117 S	0.02706	0.97294	1e-05
118 G	0.02707	0.97292	1e-05
119 L	0.02718	0.97281	1e-05
120 F	0.04620	0.95332	0.00049
121 Y	0.11631	0.88239	0.0013
122 Q	0.96769	0.02476	0.00755
123 K	0.99021	0.00065	0.00914
124 K	0.99051	0.00029	0.00919
125 R	0.99073	0.00001	0.00925
126 N	0.99073	0.00001	0.00925
127 Q	0.99071	0.00004	0.00925
128 L	0.98472	0.00603	0.00925
129 F	0.98440	0.00635	0.00925
130 K	0.98408	0.00668	0.00925
131 K	0.97228	0.01983	0.00789
132 W	0.88607	0.10767	0.00626
133 P	0.78035	0.21381	0.00584
134 L	0.00167	0.99658	0.00175
135 V	0.00038	0.99854	0.00108
136 I	0.00027	0.99964	9e-05
137 T	0.00019	0.99975	6e-05
138 L	0.00009	0.99986	5e-05
139 T	0.00007	0.99988	5e-05
140 I	0.00006	0.99990	5e-05
141 I	0.00005	0.99991	4e-05
142 S	0.00005	0.99991	4e-05
143 I	0.00005	0.99991	4e-05
144 V	0.00005	0.99991	4e-05
145 Q	0.00005	0.99990	5e-05
146 I	0.00005	0.99988	7e-05
147 F	0.00005	0.99975	0.0002
148 S	0.00005	0.99856	0.00139
149 S	0.00005	0.99817	0.00178
150 I	0.00006	0.99746	0.00248
151 L	0.00008	0.99256	0.00736
152 F	0.00037	0.97231	0.02731
153 I	0.00102	0.94104	0.05795
154 D	0.00464	0.65544	0.33992
155 L	0.00510	0.61386	0.38104
156 L	0.00573	0.53081	0.46346
157 K	0.00907	0.00087	0.99006
158 N	0.00917	0.00021	0.99062
159 E	0.00924	0.00006	0.99071
160 F	0.00924	0.00005	0.99071
161 F	0.00924	0.00004	0.99072
162 Q	0.00926	0.00002	0.99072
163 D	0.00926	0.00000	0.99074
164 Q	0.00926	0.00000	0.99074
165 N	0.00926	0.00000	0.99074
166 S	0.00926	0.00000	0.99074
167 S	0.00926	0.00000	0.99074
168 L	0.00926	0.00000	0.99074
169 L	0.00926	0.00000	0.99074
170 T	0.00926	0.00000	0.99074
171 R	0.00926	0.00000	0.99074
172 F	0.00926	0.00001	0.99073
173 V	0.00926	0.00002	0.99073
174 S	0.00926	0.00002	0.99072
175 D	0.00926	0.00003	0.99071
176 W	0.00925	0.00084	0.98991
177 K	0.00924	0.00086	0.98989
178 Y	0.00921	0.00272	0.98806
179 S	0.00914	0.00465	0.98622
180 T	0.00884	0.01887	0.97228
181 G	0.00762	0.05188	0.9405
182 L	0.00633	0.22386	0.76981
183 N	0.00491	0.35960	0.63549
184 V	0.00299	0.66254	0.33447
185 A	0.00146	0.92168	0.07686
186 Y	0.00071	0.96114	0.03815
187 S	0.00023	0.97782	0.02196
188 F	0.00004	0.99688	0.00308
189 L	0.00003	0.99849	0.00148
190 S	0.00002	0.99943	0.00055
191 V	0.00001	0.99984	0.00015
192 V	0.00001	0.99995	4e-05
193 I	0.00001	0.99996	3e-05
194 N	0.00001	0.99996	3e-05
195 N	0.00001	0.99996	3e-05
196 L	0.00001	0.99996	3e-05
197 I	0.00001	0.99995	3e-05
198 I	0.00003	0.99993	3e-05
199 G	0.00045	0.99951	4e-05
200 V	0.00055	0.99940	5e-05
201 L	0.00133	0.99858	9e-05
202 L	0.00321	0.99660	0.00018
203 Y	0.02168	0.97784	0.00048
204 L	0.07209	0.92614	0.00177
205 I	0.26373	0.73317	0.0031
206 N	0.47912	0.51539	0.00549
207 L	0.71174	0.28120	0.00706
208 R	0.97111	0.02022	0.00866
209 L	0.97902	0.01206	0.00892
210 K	0.98956	0.00116	0.00928
211 D	0.99071	0.00001	0.00929
212 K	0.99071	0.00000	0.00929
213 L	0.99071	0.00000	0.00929
214 E	0.99071	0.00000	0.00929
215 V	0.99071	0.00000	0.00929
216 L	0.99071	0.00000	0.00929
217 D	0.99071	0.00000	0.00929
218 N	0.99071	0.00000	0.00929
219 L	0.99071	0.00000	0.00929
220 Q	0.99071	0.00000	0.00929
221 T	0.99071	0.00000	0.00929
222 N	0.99071	0.00000	0.00929
