# tr|B1VAS0|B1VAS0_PHYAS
# AA	inside	membr	outside
1 M	0.66934	0.00000	0.33066
2 F	0.58345	0.08590	0.33066
3 I	0.56053	0.10881	0.33066
4 S	0.56053	0.16116	0.27832
5 Y	0.47599	0.29844	0.22557
6 L	0.47598	0.31059	0.21344
7 H	0.27004	0.52021	0.20976
8 I	0.27003	0.52055	0.20942
9 I	0.25358	0.54017	0.20625
10 Y	0.25356	0.58085	0.16559
11 S	0.25047	0.58699	0.16254
12 P	0.13586	0.70621	0.15793
13 Y	0.00195	0.85887	0.13919
14 S	0.00194	0.85888	0.13919
15 F	0.00193	0.99502	0.00305
16 L	0.00094	0.99601	0.00305
17 F	0.00036	0.99697	0.00267
18 F	0.00035	0.99743	0.00222
19 L	0.00029	0.99743	0.00228
20 L	0.00022	0.99680	0.00298
21 F	0.00020	0.99597	0.00383
22 F	0.00244	0.97540	0.02217
23 C	0.01277	0.93588	0.05134
24 T	0.01924	0.91656	0.0642
25 F	0.03231	0.83074	0.13695
26 S	0.04580	0.79310	0.1611
27 S	0.08973	0.73404	0.17624
28 S	0.10326	0.72799	0.16875
29 I	0.10196	0.75490	0.14313
30 N	0.10821	0.57378	0.31801
31 F	0.09594	0.63827	0.26579
32 S	0.09557	0.63389	0.27054
33 I	0.10842	0.74773	0.14385
34 Y	0.12249	0.71887	0.15864
35 N	0.20799	0.50022	0.29179
36 K	0.21830	0.42113	0.36057
37 Y	0.18212	0.51099	0.30689
38 L	0.18453	0.52575	0.28972
39 L	0.18152	0.54067	0.27781
40 F	0.18158	0.54329	0.27513
41 A	0.18205	0.54341	0.27454
42 I	0.18203	0.54402	0.27395
43 L	0.18227	0.54321	0.27452
44 S	0.18263	0.54276	0.27461
45 F	0.18339	0.54126	0.27536
46 I	0.18448	0.53933	0.27619
47 K	0.20240	0.51221	0.28538
48 L	0.20244	0.51359	0.28398
49 F	0.20705	0.50826	0.28469
50 L	0.21918	0.48868	0.29214
51 E	0.45019	0.21725	0.33255
52 K	0.48879	0.16895	0.34226
53 N	0.48024	0.19804	0.32173
54 I	0.45811	0.32001	0.22188
55 F	0.45426	0.33062	0.21513
56 R	0.47883	0.29213	0.22904
57 L	0.45039	0.32677	0.22283
58 N	0.46195	0.30936	0.22869
59 L	0.46356	0.30987	0.22656
60 K	0.50568	0.24263	0.25169
61 I	0.50375	0.26505	0.23121
62 I	0.50213	0.26917	0.2287
63 F	0.50239	0.26876	0.22885
64 L	0.50300	0.26772	0.22928
65 G	0.50399	0.26654	0.22947
66 F	0.50411	0.26628	0.22961
67 K	0.50507	0.26510	0.22982
68 I	0.50512	0.26504	0.22984
69 F	0.50541	0.26451	0.23009
70 L	0.50637	0.26237	0.23126
71 K	0.53571	0.22086	0.24343
72 A	0.55642	0.19741	0.24618
73 K	0.56845	0.17672	0.25483
74 V	0.57045	0.17416	0.25539
75 S	0.57258	0.17047	0.25694
76 V	0.57739	0.16440	0.25821
77 S	0.63518	0.09103	0.27379
78 F	0.64296	0.07908	0.27795
79 G	0.65835	0.05737	0.28429
80 K	0.67822	0.00674	0.31504
81 K	0.67974	0.00463	0.31562
82 H	0.67991	0.00441	0.31569
83 I	0.68001	0.00429	0.3157
84 S	0.68312	0.00086	0.31602
85 K	0.68372	0.00007	0.31622
86 T	0.68372	0.00005	0.31622
87 S	0.68373	0.00005	0.31622
88 N	0.68373	0.00005	0.31622
89 V	0.68373	0.00005	0.31622
90 F	0.68373	0.00005	0.31622
91 M	0.68373	0.00005	0.31623
92 H	0.68373	0.00004	0.31623
93 K	0.68373	0.00004	0.31623
94 I	0.68373	0.00004	0.31623
95 F	0.68373	0.00004	0.31623
96 T	0.68373	0.00004	0.31623
97 I	0.68374	0.00003	0.31623
98 F	0.68374	0.00003	0.31623
99 K	0.68375	0.00001	0.31624
100 K	0.68375	0.00000	0.31625
101 N	0.68375	0.00000	0.31625
102 C	0.68375	0.00000	0.31625
