# tr|B1V937|B1V937_PHYAS
# AA	inside	membr	outside
1 M	0.99989	0.00000	0.00011
2 N	0.99989	0.00000	0.00011
3 Q	0.99989	0.00000	0.00011
4 K	0.99989	0.00000	0.00011
5 K	0.99989	0.00000	0.00011
6 I	0.99989	0.00000	0.00011
7 Y	0.99989	0.00000	0.00011
8 D	0.99989	0.00000	0.00011
9 C	0.99989	0.00000	0.00011
10 K	0.99989	0.00000	0.00011
11 D	0.99989	0.00000	0.00011
12 N	0.99987	0.00002	0.00011
13 Q	0.99837	0.00152	0.00011
14 K	0.99836	0.00153	0.00011
15 L	0.99835	0.00156	9e-05
16 Y	0.95742	0.04249	9e-05
17 R	0.88865	0.11126	9e-05
18 F	0.84578	0.15417	4e-05
19 L	0.70321	0.29675	4e-05
20 I	0.37475	0.62525	0
21 F	0.00881	0.99119	0
22 P	0.00579	0.99421	0
23 Y	0.00116	0.99884	0
24 Y	0.00014	0.99986	0
25 V	0.00004	0.99996	0
26 L	0.00000	1.00000	0
27 L	0.00000	1.00000	0
28 V	0.00000	1.00000	0
29 G	0.00000	1.00000	0
30 L	0.00000	1.00000	0
31 I	0.00000	1.00000	0
32 F	0.00000	0.99999	1e-05
33 V	0.00000	0.99993	6e-05
34 P	0.00000	0.99960	0.00041
35 M	0.00000	0.99934	0.00066
36 G	0.00000	0.99755	0.00245
37 F	0.00000	0.99592	0.00408
38 I	0.00001	0.98793	0.01205
39 F	0.00002	0.88484	0.11514
40 F	0.00003	0.66074	0.33923
41 D	0.00010	0.34392	0.65598
42 S	0.00010	0.27328	0.72661
43 F	0.00011	0.18863	0.81126
44 R	0.00011	0.00277	0.99712
45 D	0.00011	0.00023	0.99966
46 T	0.00011	0.00004	0.99985
47 N	0.00011	0.00000	0.99988
48 N	0.00011	0.00000	0.99989
49 P	0.00011	0.00000	0.99989
50 H	0.00011	0.00000	0.99989
51 S	0.00011	0.00000	0.99988
52 L	0.00011	0.00001	0.99988
53 F	0.00011	0.00001	0.99988
54 S	0.00011	0.00001	0.99988
55 Q	0.00011	0.00002	0.99987
56 S	0.00011	0.00002	0.99987
57 L	0.00011	0.00002	0.99987
58 T	0.00011	0.00003	0.99987
59 F	0.00011	0.00003	0.99986
60 E	0.00011	0.00003	0.99986
61 Y	0.00011	0.00003	0.99986
62 H	0.00011	0.00003	0.99986
63 K	0.00011	0.00003	0.99986
64 E	0.00011	0.00010	0.99979
65 F	0.00011	0.00107	0.99882
66 L	0.00011	0.00161	0.99829
67 T	0.00011	0.00210	0.9978
68 N	0.00010	0.00298	0.99691
69 L	0.00010	0.02296	0.97694
70 S	0.00010	0.02880	0.97109
71 F	0.00009	0.05343	0.94648
72 L	0.00009	0.06854	0.93137
73 Y	0.00008	0.09030	0.90962
74 V	0.00008	0.23037	0.76956
75 L	0.00008	0.26069	0.73923
76 S	0.00009	0.28929	0.71063
77 R	0.00009	0.31724	0.68267
78 S	0.00005	0.61890	0.38106
79 I	0.00001	0.96390	0.03608
80 A	0.00001	0.98470	0.01529
81 I	0.00000	0.99708	0.00292
82 S	0.00000	0.99816	0.00184
83 I	0.00000	0.99981	0.00019
84 I	0.00000	0.99998	2e-05
85 V	0.00000	1.00000	0
86 T	0.00000	1.00000	0
87 F	0.00000	1.00000	0
88 L	0.00001	0.99999	0
89 L	0.00003	0.99997	0
90 L	0.00009	0.99991	0
91 I	0.00170	0.99829	0
92 I	0.01950	0.98049	0
93 V	0.02742	0.97258	0
94 Y	0.04924	0.95074	2e-05
95 P	0.06972	0.93026	2e-05
96 L	0.07807	0.92191	3e-05
97 A	0.25874	0.74123	3e-05
98 Y	0.29193	0.70804	3e-05
99 L	0.38427	0.61569	4e-05
100 I	0.41586	0.58410	4e-05
101 S	0.72505	0.27486	9e-05
102 R	0.94286	0.05702	0.00012
103 L	0.53883	0.46106	0.00011
104 N	0.51664	0.48326	0.0001
105 Y	0.39346	0.60648	5e-05
106 I	0.31899	0.68098	3e-05
107 L	0.27404	0.72592	3e-05
108 Q	0.25663	0.74334	3e-05
109 T	0.17513	0.82484	3e-05
110 F	0.13270	0.86727	3e-05
111 L	0.12269	0.87728	3e-05
112 V	0.06999	0.92999	3e-05
113 I	0.01613	0.98385	3e-05
114 L	0.00145	0.99851	3e-05
115 I	0.00138	0.99857	4e-05
116 N	0.00131	0.99843	0.00026
117 G	0.00114	0.99853	0.00034
118 T	0.00098	0.99845	0.00057
119 M	0.00071	0.99848	0.00081
120 W	0.00037	0.99829	0.00135
121 I	0.00027	0.98703	0.01269
122 N	0.00025	0.95128	0.04847
123 M	0.00026	0.92975	0.06999
124 I	0.00024	0.91082	0.08894
125 I	0.00028	0.76328	0.23643
126 K	0.00032	0.30609	0.69359
127 T	0.00032	0.29523	0.70445
128 Q	0.00031	0.27779	0.7219
129 A	0.00025	0.27387	0.72588
130 L	0.00025	0.26764	0.73211
131 V	0.00025	0.24759	0.75216
132 Q	0.00025	0.13428	0.86547
133 I	0.00025	0.11335	0.8864
134 L	0.00025	0.10535	0.8944
135 Q	0.00025	0.07298	0.92677
136 L	0.00025	0.02364	0.97612
137 I	0.00025	0.00294	0.99681
138 Q	0.00025	0.00126	0.99849
139 N	0.00025	0.00057	0.99918
140 N	0.00025	0.00161	0.99814
141 F	0.00025	0.00233	0.99742
142 Q	0.00025	0.00271	0.99705
143 I	0.00024	0.00513	0.99463
144 T	0.00023	0.00931	0.99046
145 L	0.00021	0.01774	0.98206
146 L	0.00020	0.02090	0.9789
147 E	0.00020	0.02630	0.97351
148 T	0.00019	0.04640	0.95341
149 N	0.00017	0.08894	0.91088
150 F	0.00008	0.45642	0.5435
151 A	0.00003	0.87163	0.12833
152 M	0.00003	0.89592	0.10405
153 I	0.00001	0.92941	0.07058
154 L	0.00000	0.98454	0.01545
155 G	0.00000	0.99439	0.00561
156 L	0.00000	0.99809	0.00191
157 I	0.00000	0.99935	0.00064
158 Y	0.00000	0.99979	0.00021
159 L	0.00000	0.99996	3e-05
160 F	0.00002	0.99998	0
161 L	0.00008	0.99991	0
162 P	0.00034	0.99966	0
163 F	0.00098	0.99902	0
164 M	0.00144	0.99856	0
165 F	0.00178	0.99822	1e-05
166 L	0.00367	0.99632	2e-05
167 P	0.00897	0.99100	3e-05
168 V	0.01671	0.98324	5e-05
169 Y	0.02756	0.97237	6e-05
170 T	0.06874	0.93119	7e-05
171 A	0.09123	0.90869	8e-05
172 I	0.12911	0.87080	9e-05
173 V	0.46167	0.53815	0.00018
174 K	0.89907	0.10068	0.00025
175 I	0.90742	0.09233	0.00025
176 N	0.93574	0.06400	0.00025
177 T	0.98972	0.01002	0.00025
178 Q	0.99934	0.00039	0.00026
179 H	0.99967	0.00007	0.00026
180 I	0.99968	0.00006	0.00026
181 Q	0.99973	0.00000	0.00026
182 A	0.99974	0.00000	0.00026
183 A	0.99974	0.00000	0.00026
184 K	0.99974	0.00000	0.00026
185 D	0.99974	0.00000	0.00026
186 L	0.99973	0.00001	0.00026
187 G	0.99973	0.00001	0.00026
188 A	0.99973	0.00001	0.00026
189 S	0.99973	0.00001	0.00026
190 D	0.99972	0.00001	0.00026
191 W	0.99950	0.00023	0.00026
192 Q	0.99837	0.00136	0.00026
193 V	0.95981	0.03994	0.00025
194 F	0.95435	0.04539	0.00025
195 K	0.95348	0.04627	0.00025
196 K	0.92270	0.07706	0.00023
197 I	0.34413	0.65577	0.0001
198 I	0.22242	0.77750	7e-05
199 W	0.16473	0.83520	6e-05
200 P	0.13229	0.86765	6e-05
201 L	0.03297	0.96699	4e-05
202 S	0.01651	0.98345	3e-05
203 L	0.00885	0.99112	3e-05
204 P	0.00704	0.99293	3e-05
205 G	0.00312	0.99685	2e-05
206 V	0.00173	0.99825	2e-05
207 I	0.00165	0.99832	2e-05
208 T	0.00164	0.99834	2e-05
209 G	0.00160	0.99837	3e-05
210 I	0.00158	0.99838	3e-05
211 S	0.00157	0.99818	0.00025
212 L	0.00156	0.99809	0.00035
213 V	0.00156	0.99756	0.00087
214 F	0.00155	0.99670	0.00175
215 L	0.00156	0.98941	0.00903
216 Q	0.00162	0.94139	0.05699
217 V	0.00164	0.92009	0.07827
218 A	0.00166	0.88025	0.1181
219 T	0.00168	0.77802	0.2203
220 N	0.00173	0.25002	0.74826
221 I	0.00172	0.18185	0.81642
222 V	0.00172	0.14598	0.8523
223 A	0.00173	0.10793	0.89033
224 P	0.00175	0.02028	0.97797
225 R	0.00176	0.00692	0.99132
226 Y	0.00176	0.00521	0.99303
227 L	0.00176	0.00430	0.99394
228 G	0.00177	0.00189	0.99635
229 P	0.00177	0.00025	0.99798
230 T	0.00177	0.00015	0.99809
231 T	0.00177	0.00014	0.99809
232 Q	0.00177	0.00014	0.9981
233 I	0.00177	0.00013	0.9981
234 T	0.00177	0.00012	0.99811
235 I	0.00177	0.00012	0.99812
236 A	0.00177	0.00012	0.99812
237 E	0.00177	0.00010	0.99814
238 L	0.00177	0.00010	0.99814
239 I	0.00177	0.00010	0.99814
240 E	0.00181	0.00004	0.99815
241 N	0.00183	0.00002	0.99815
242 K	0.00183	0.00002	0.99815
243 T	0.00183	0.00017	0.99799
244 L	0.00182	0.00083	0.99734
245 L	0.00181	0.00165	0.99654
246 S	0.00182	0.00274	0.99544
247 G	0.00181	0.02622	0.97196
248 E	0.00178	0.14626	0.85196
249 I	0.00174	0.16907	0.82919
250 K	0.00173	0.17423	0.82404
251 Q	0.00141	0.48427	0.51432
252 A	0.00037	0.80049	0.19914
253 C	0.00008	0.93118	0.06873
254 A	0.00003	0.99058	0.00939
255 I	0.00001	0.99900	0.00099
256 A	0.00001	0.99987	0.00013
257 I	0.00001	0.99990	9e-05
258 Y	0.00001	0.99990	9e-05
259 L	0.00001	0.99990	9e-05
260 S	0.00001	0.99990	9e-05
261 L	0.00001	0.99990	9e-05
262 V	0.00001	0.99990	9e-05
263 M	0.00001	0.99990	9e-05
264 F	0.00001	0.99990	9e-05
265 L	0.00002	0.99989	9e-05
266 L	0.00013	0.99977	0.0001
267 F	0.00093	0.99897	0.00011
268 Y	0.00292	0.99696	0.00012
269 L	0.02005	0.97979	0.00017
270 F	0.15709	0.84236	0.00055
271 K	0.91517	0.08303	0.0018
272 K	0.99304	0.00503	0.00193
273 R	0.99633	0.00174	0.00193
274 S	0.99682	0.00124	0.00194
275 Y	0.99732	0.00075	0.00194
276 N	0.99776	0.00031	0.00194
277 E	0.99806	0.00001	0.00194
278 I	0.99806	0.00000	0.00194
