# tr|B1V9W8|B1V9W8_PHYAS
# AA	inside	membr	outside
1 M	0.86568	0.00000	0.13432
2 K	0.86562	0.00005	0.13432
3 I	0.86545	0.00022	0.13432
4 K	0.86545	0.00027	0.13427
5 K	0.81889	0.04764	0.13347
6 I	0.81887	0.04866	0.13247
7 L	0.56556	0.30199	0.13245
8 S	0.56556	0.30199	0.13245
9 F	0.55427	0.31329	0.13244
10 C	0.55426	0.31338	0.13235
11 L	0.55357	0.31410	0.13233
12 K	0.54849	0.31919	0.13232
13 T	0.30990	0.56039	0.1297
14 L	0.30967	0.56062	0.1297
15 S	0.30966	0.60258	0.08776
16 F	0.28104	0.63120	0.08775
17 S	0.26701	0.64550	0.08748
18 I	0.26137	0.66990	0.06872
19 L	0.24553	0.68635	0.06812
20 A	0.19222	0.75115	0.05664
21 C	0.07010	0.87329	0.05661
22 Y	0.04181	0.92794	0.03025
23 F	0.04066	0.93053	0.02881
24 H	0.04151	0.92083	0.03766
25 S	0.04110	0.84565	0.11325
26 H	0.04059	0.83461	0.12481
27 T	0.03923	0.74741	0.21337
28 S	0.03842	0.68896	0.27263
29 S	0.03482	0.67967	0.28552
30 F	0.02049	0.67369	0.30583
31 F	0.01521	0.68242	0.30237
32 S	0.01107	0.69842	0.29052
33 Y	0.00962	0.69044	0.29994
34 L	0.00855	0.70646	0.28499
35 F	0.00836	0.70564	0.286
36 W	0.01008	0.57766	0.41226
37 L	0.01036	0.57968	0.40997
38 F	0.04249	0.52815	0.42935
39 F	0.04342	0.62678	0.3298
40 V	0.04669	0.60442	0.3489
41 S	0.08277	0.51489	0.40234
42 H	0.08523	0.50790	0.40687
43 F	0.08994	0.47743	0.43264
44 V	0.09173	0.40215	0.50612
45 D	0.12075	0.34117	0.53808
46 K	0.12077	0.35160	0.52763
47 I	0.08664	0.56139	0.35197
48 I	0.08457	0.58977	0.32566
49 D	0.08182	0.59566	0.32251
50 Y	0.06026	0.65348	0.28626
51 I	0.05532	0.65992	0.28476
52 F	0.05530	0.65733	0.28737
53 S	0.06327	0.63585	0.30088
54 Y	0.07173	0.62169	0.30659
55 E	0.09206	0.59717	0.31077
56 F	0.09371	0.59525	0.31104
57 I	0.10468	0.58390	0.31142
58 L	0.11273	0.57536	0.31191
59 L	0.14393	0.54371	0.31236
60 I	0.15746	0.52988	0.31266
61 L	0.18776	0.49915	0.31309
62 R	0.35377	0.33212	0.31411
63 M	0.36750	0.31825	0.31425
64 T	0.38170	0.30370	0.3146
65 T	0.41871	0.26337	0.31792
66 I	0.44389	0.23398	0.32213
67 S	0.59222	0.03660	0.37118
68 L	0.61567	0.00000	0.38433
