# tr|B1VAJ4|B1VAJ4_PHYAS
# AA	inside	membr	outside
1 M	0.99736	0.00000	0.00263
2 T	0.99736	0.00000	0.00263
3 Q	0.99736	0.00000	0.00263
4 K	0.99736	0.00000	0.00263
5 E	0.99736	0.00000	0.00263
6 N	0.99736	0.00000	0.00263
7 K	0.99736	0.00000	0.00263
8 I	0.99736	0.00000	0.00263
9 F	0.99736	0.00000	0.00263
10 N	0.99736	0.00000	0.00263
11 K	0.99736	0.00000	0.00263
12 K	0.99736	0.00000	0.00263
13 E	0.99730	0.00006	0.00263
14 K	0.99730	0.00006	0.00263
15 L	0.99730	0.00007	0.00263
16 N	0.99527	0.00210	0.00263
17 K	0.99194	0.00543	0.00263
18 L	0.98441	0.01300	0.00258
19 I	0.58056	0.41692	0.00251
20 L	0.46376	0.53376	0.00247
21 E	0.37984	0.61768	0.00247
22 G	0.30885	0.68871	0.00244
23 N	0.25521	0.74241	0.00239
24 L	0.12002	0.87779	0.00219
25 L	0.11097	0.88686	0.00217
26 K	0.10075	0.89710	0.00215
27 S	0.05373	0.94428	0.002
28 L	0.02828	0.96989	0.00183
29 L	0.00940	0.98882	0.00178
30 V	0.00586	0.99238	0.00175
31 V	0.00517	0.99308	0.00175
32 S	0.00404	0.99421	0.00175
33 F	0.00317	0.99510	0.00174
34 P	0.00274	0.99552	0.00174
35 I	0.00110	0.99716	0.00174
36 I	0.00084	0.99729	0.00186
37 V	0.00076	0.99483	0.00441
38 F	0.00075	0.98231	0.01693
39 N	0.00075	0.94224	0.05701
40 I	0.00075	0.93200	0.06725
41 F	0.00080	0.89057	0.10864
42 K	0.00093	0.41645	0.58262
43 V	0.00094	0.37333	0.62573
44 L	0.00095	0.31800	0.68104
45 F	0.00100	0.27076	0.72824
46 S	0.00123	0.18776	0.81102
47 N	0.00149	0.07904	0.91947
48 I	0.00151	0.06953	0.92896
49 D	0.00158	0.03752	0.9609
50 S	0.00158	0.02456	0.97385
51 L	0.00158	0.02036	0.97806
52 F	0.00158	0.01065	0.98777
53 S	0.00160	0.00662	0.99178
54 I	0.00160	0.00593	0.99247
55 G	0.00161	0.00271	0.99569
56 S	0.00162	0.00178	0.9966
57 P	0.00162	0.00075	0.99763
58 N	0.00163	0.00013	0.99824
59 S	0.00163	0.00007	0.9983
60 S	0.00163	0.00002	0.99835
61 E	0.00163	0.00004	0.99833
62 M	0.00163	0.00006	0.99831
63 G	0.00163	0.00021	0.99817
64 N	0.00163	0.00034	0.99803
65 F	0.00163	0.00187	0.9965
66 I	0.00163	0.00477	0.9936
67 Q	0.00163	0.00507	0.9933
68 I	0.00163	0.00759	0.99078
69 S	0.00163	0.00964	0.98874
70 K	0.00163	0.02737	0.971
71 S	0.00162	0.28766	0.71071
72 I	0.00162	0.46024	0.53814
73 Q	0.00162	0.54154	0.45683
74 A	0.00161	0.92585	0.07254
75 I	0.00161	0.97499	0.02341
76 I	0.00161	0.97889	0.01951
77 D	0.00161	0.97985	0.01854
78 S	0.00161	0.98537	0.01302
79 I	0.00160	0.99794	0.00046
80 G	0.00160	0.99823	0.00017
81 V	0.00160	0.99833	7e-05
82 S	0.00161	0.99834	5e-05
83 L	0.00161	0.99834	5e-05
84 G	0.00162	0.99833	5e-05
85 I	0.00163	0.99832	5e-05
86 A	0.00169	0.99826	5e-05
87 G	0.00176	0.99819	5e-05
88 V	0.00272	0.99723	5e-05
89 T	0.00780	0.99216	5e-05
90 L	0.01187	0.98808	5e-05
91 M	0.03643	0.96352	5e-05
92 V	0.08309	0.91686	5e-05
93 S	0.26670	0.73325	5e-05
94 E	0.58952	0.41042	6e-05
95 I	0.63769	0.36225	6e-05
96 A	0.67135	0.32859	6e-05
97 K	0.98947	0.01045	7e-05
98 T	0.99875	0.00118	7e-05
99 K	0.99982	0.00011	7e-05
100 D	0.99986	0.00007	7e-05
101 I	0.99987	0.00006	7e-05
102 Y	0.99991	0.00001	7e-05
103 N	0.99992	0.00001	7e-05
104 P	0.99992	0.00001	7e-05
105 K	0.99988	0.00004	7e-05
106 A	0.99860	0.00133	7e-05
107 R	0.99759	0.00234	7e-05
108 Q	0.95154	0.04841	5e-05
109 I	0.70999	0.28997	4e-05
110 A	0.68558	0.31438	3e-05
111 S	0.65418	0.34579	3e-05
112 L	0.50956	0.49042	2e-05
113 T	0.18604	0.81394	2e-05
114 F	0.04099	0.95899	2e-05
115 V	0.02381	0.97618	1e-05
116 L	0.00949	0.99050	1e-05
117 L	0.00076	0.99924	0
118 I	0.00041	0.99958	0
119 S	0.00015	0.99985	0
120 I	0.00010	0.99990	0
121 S	0.00007	0.99993	0
122 V	0.00001	0.99999	0
123 L	0.00000	1.00000	0
124 L	0.00000	1.00000	0
125 F	0.00000	0.99999	0
126 F	0.00000	0.99996	4e-05
127 I	0.00000	0.99968	0.00032
128 M	0.00000	0.99833	0.00167
129 F	0.00000	0.98875	0.01125
130 L	0.00000	0.97993	0.02007
131 M	0.00002	0.91197	0.08801
132 A	0.00003	0.72981	0.27016
133 P	0.00003	0.69836	0.30161
134 V	0.00003	0.65266	0.34731
135 V	0.00003	0.51678	0.48319
136 C	0.00004	0.14035	0.85961
137 N	0.00004	0.05633	0.94363
138 I	0.00004	0.05216	0.94779
139 I	0.00005	0.04412	0.95582
140 G	0.00006	0.03159	0.96836
141 L	0.00006	0.02205	0.9779
142 K	0.00007	0.00135	0.99859
143 G	0.00007	0.00086	0.99907
144 D	0.00007	0.00024	0.99969
145 L	0.00007	0.00116	0.99877
146 I	0.00007	0.00264	0.99729
147 K	0.00007	0.00396	0.99598
148 N	0.00007	0.09442	0.9055
149 F	0.00007	0.27312	0.72681
150 I	0.00002	0.71575	0.28422
151 S	0.00002	0.93371	0.06628
152 A	0.00001	0.96621	0.03378
153 F	0.00001	0.98684	0.01315
154 R	0.00001	0.98919	0.0108
155 L	0.00000	0.99385	0.00615
156 K	0.00000	0.99474	0.00526
157 M	0.00000	0.99755	0.00245
158 L	0.00000	0.99961	0.00038
159 G	0.00000	0.99984	0.00016
160 V	0.00000	0.99998	1e-05
161 I	0.00000	0.99999	0
162 L	0.00000	0.99999	0
163 L	0.00001	0.99999	0
164 A	0.00001	0.99998	0
165 I	0.00002	0.99998	0
166 N	0.00005	0.99995	0
167 V	0.00009	0.99991	0
168 F	0.00019	0.99980	0
169 F	0.00044	0.99955	1e-05
170 L	0.22055	0.77944	1e-05
171 G	0.79851	0.20148	1e-05
172 T	0.95383	0.04616	1e-05
173 E	0.98624	0.01369	7e-05
174 R	0.99093	0.00899	7e-05
175 I	0.99101	0.00892	7e-05
176 S	0.99515	0.00478	7e-05
177 G	0.99610	0.00383	7e-05
178 K	0.99978	0.00015	7e-05
179 I	0.99572	0.00421	7e-05
180 K	0.99568	0.00424	7e-05
181 K	0.99342	0.00651	7e-05
182 V	0.28484	0.71516	0
183 L	0.03495	0.96505	0
184 I	0.00272	0.99728	0
185 L	0.00025	0.99975	0
186 N	0.00022	0.99978	0
187 C	0.00017	0.99983	0
188 I	0.00012	0.99988	0
189 M	0.00010	0.99990	0
190 M	0.00009	0.99991	0
191 G	0.00007	0.99993	0
192 L	0.00006	0.99994	0
193 K	0.00006	0.99994	0
194 I	0.00006	0.99994	0
195 G	0.00006	0.99994	0
196 L	0.00006	0.99994	0
197 S	0.00005	0.99991	3e-05
198 F	0.00005	0.99990	4e-05
199 L	0.00005	0.99984	0.00011
200 I	0.00005	0.99350	0.00644
201 F	0.00005	0.96025	0.0397
202 H	0.00006	0.82992	0.17002
203 G	0.00006	0.82015	0.17979
204 L	0.00007	0.81184	0.18809
205 G	0.00012	0.23888	0.761
206 C	0.00013	0.02220	0.97767
207 K	0.00013	0.00038	0.9995
208 T	0.00012	0.02206	0.97782
209 A	0.00006	0.22514	0.77481
210 L	0.00003	0.46389	0.53609
211 G	0.00001	0.59527	0.40472
212 L	0.00001	0.60408	0.39591
213 E	0.00001	0.60812	0.39188
214 I	0.00001	0.95015	0.04984
215 A	0.00001	0.97363	0.02636
216 S	0.00001	0.99325	0.00674
217 V	0.00001	0.99674	0.00325
218 L	0.00001	0.99722	0.00278
219 A	0.00001	0.99789	0.00211
220 H	0.00001	0.99829	0.00171
221 G	0.00001	0.99836	0.00164
222 S	0.00001	0.99837	0.00163
223 I	0.00001	0.99842	0.00158
224 T	0.00001	0.99844	0.00156
225 I	0.00001	0.99846	0.00154
226 V	0.00004	0.99842	0.00154
227 A	0.00051	0.99796	0.00154
228 F	0.00095	0.99751	0.00154
229 F	0.00456	0.99390	0.00154
230 T	0.01802	0.98044	0.00155
231 L	0.03679	0.96165	0.00155
232 L	0.24158	0.75681	0.00161
233 N	0.58867	0.40968	0.00165
234 K	0.98619	0.01215	0.00166
235 K	0.99307	0.00527	0.00166
236 N	0.99383	0.00451	0.00166
237 P	0.99591	0.00243	0.00166
238 F	0.99603	0.00232	0.00166
239 C	0.99664	0.00170	0.00166
240 L	0.99743	0.00091	0.00166
241 N	0.99776	0.00058	0.00166
242 I	0.99783	0.00051	0.00166
243 R	0.99830	0.00004	0.00166
244 D	0.99833	0.00001	0.00166
245 F	0.99833	0.00001	0.00166
246 S	0.99833	0.00001	0.00166
247 W	0.99833	0.00001	0.00166
248 K	0.99834	0.00000	0.00166
249 N	0.99833	0.00001	0.00166
250 V	0.99830	0.00004	0.00166
251 L	0.99824	0.00010	0.00166
252 K	0.99817	0.00017	0.00166
253 N	0.99790	0.00044	0.00166
254 K	0.99707	0.00128	0.00166
255 K	0.99488	0.00354	0.00159
256 I	0.98373	0.01497	0.00129
257 I	0.97731	0.02150	0.0012
258 K	0.97316	0.02567	0.00117
259 T	0.93836	0.06074	0.00091
260 I	0.78852	0.21100	0.00048
261 F	0.76431	0.23526	0.00044
262 K	0.75783	0.24174	0.00042
263 F	0.52132	0.47854	0.00013
264 G	0.51558	0.48433	9e-05
265 F	0.51180	0.48815	5e-05
266 T	0.51146	0.48849	5e-05
267 L	0.51081	0.48914	5e-05
268 M	0.51065	0.48930	5e-05
269 L	0.51062	0.48932	6e-05
270 G	0.51060	0.48931	9e-05
271 K	0.51059	0.48919	0.00022
272 I	0.51030	0.48947	0.00023
273 L	0.51027	0.48940	0.00033
274 Y	0.51011	0.48827	0.00162
275 E	0.51007	0.48284	0.00708
276 F	0.50951	0.48202	0.00847
277 G	0.50950	0.47337	0.01714
278 R	0.50958	0.45654	0.03389
279 L	0.50925	0.44666	0.04409
280 L	0.50924	0.43615	0.05461
281 T	0.50937	0.42352	0.06711
282 L	0.50952	0.39980	0.09068
283 Y	0.51000	0.24506	0.24495
284 M	0.51004	0.23012	0.25985
285 I	0.51005	0.22081	0.26914
286 K	0.51016	0.00829	0.48155
287 S	0.51016	0.00676	0.48307
288 S	0.51016	0.00436	0.48548
289 T	0.51016	0.00444	0.4854
290 N	0.51016	0.00453	0.48531
291 A	0.51016	0.00500	0.48484
292 P	0.51016	0.00556	0.48428
293 F	0.51016	0.00664	0.4832
294 L	0.51016	0.00728	0.48256
295 G	0.51016	0.01138	0.47846
296 F	0.51017	0.01478	0.47506
297 Q	0.51034	0.01569	0.47397
298 G	0.51041	0.01727	0.47232
299 F	0.51053	0.01813	0.47134
300 G	0.51093	0.02688	0.46219
301 E	0.51160	0.02726	0.46114
302 G	0.51174	0.11665	0.37161
303 T	0.51184	0.12222	0.36593
304 L	0.51189	0.12597	0.36214
305 K	0.51213	0.13966	0.34822
306 N	0.51214	0.15664	0.33122
307 M	0.51215	0.35723	0.13062
308 G	0.51217	0.37806	0.10976
309 V	0.51227	0.39032	0.09742
310 A	0.51285	0.39632	0.09083
311 D	0.51366	0.39674	0.0896
312 G	0.51366	0.40486	0.08147
313 A	0.51369	0.41978	0.06652
314 I	0.51377	0.42819	0.05804
315 N	0.51408	0.43247	0.05345
316 L	0.51461	0.43829	0.0471
317 F	0.51550	0.43888	0.04563
318 V	0.52040	0.43427	0.04533
319 Q	0.52557	0.42919	0.04524
320 I	0.52650	0.42835	0.04515
321 A	0.52844	0.42641	0.04514
322 F	0.53110	0.42375	0.04514
323 S	0.54432	0.41053	0.04515
324 L	0.55780	0.39704	0.04515
325 K	0.86379	0.09104	0.04517
326 E	0.87914	0.07569	0.04517
327 G	0.88468	0.07015	0.04517
328 E	0.89450	0.06033	0.04517
329 L	0.89534	0.05949	0.04517
330 M	0.89885	0.05598	0.04517
331 I	0.89948	0.05535	0.04517
332 V	0.90663	0.04820	0.04517
333 S	0.92788	0.02691	0.04521
334 E	0.93313	0.02165	0.04522
335 N	0.93586	0.01891	0.04522
336 L	0.94028	0.01450	0.04522
337 G	0.94749	0.00729	0.04522
338 N	0.95135	0.00342	0.04522
339 K	0.95473	0.00004	0.04522
340 N	0.95476	0.00002	0.04522
341 P	0.95475	0.00003	0.04522
342 K	0.95458	0.00023	0.04519
343 R	0.94243	0.01411	0.04346
344 A	0.77552	0.18976	0.03471
345 I	0.50873	0.46625	0.02502
346 K	0.49541	0.48016	0.02443
347 T	0.36058	0.62586	0.01356
348 L	0.05997	0.93678	0.00325
349 I	0.00983	0.98934	0.00083
350 I	0.00402	0.99546	0.00052
351 T	0.00355	0.99594	0.0005
352 S	0.00137	0.99815	0.00049
353 I	0.00038	0.99917	0.00046
354 S	0.00026	0.99929	0.00045
355 A	0.00006	0.99950	0.00044
356 F	0.00002	0.99954	0.00044
357 L	0.00001	0.99955	0.00044
358 I	0.00001	0.99955	0.00044
359 F	0.00001	0.99955	0.00044
360 G	0.00001	0.99954	0.00045
361 L	0.00001	0.99951	0.00048
362 T	0.00008	0.99882	0.0011
363 Y	0.00018	0.99745	0.00237
364 L	0.00045	0.99255	0.00701
365 I	0.00162	0.97756	0.02081
366 C	0.00658	0.85974	0.13368
367 A	0.02103	0.63009	0.34888
368 P	0.03976	0.17016	0.79008
369 T	0.04119	0.13001	0.8288
370 K	0.04418	0.03319	0.92263
371 Y	0.04437	0.02479	0.93084
372 K	0.04471	0.00222	0.95307
373 G	0.04465	0.00201	0.95333
374 L	0.04463	0.00194	0.95343
375 G	0.04464	0.00131	0.95404
376 Y	0.04467	0.00060	0.95474
377 G	0.04467	0.00044	0.95488
378 D	0.04468	0.00017	0.95515
379 Q	0.04468	0.00016	0.95516
380 I	0.04468	0.00016	0.95517
381 Y	0.04468	0.00015	0.95518
382 L	0.04468	0.00014	0.95519
383 F	0.04468	0.00012	0.9552
384 F	0.04468	0.00012	0.95521
385 K	0.04468	0.00012	0.95521
386 N	0.04468	0.00011	0.95521
387 L	0.04468	0.00011	0.95521
388 G	0.04468	0.00010	0.95523
389 K	0.04468	0.00007	0.95526
390 N	0.04468	0.00006	0.95526
391 G	0.04468	0.00005	0.95527
392 N	0.04468	0.00001	0.95531
393 D	0.04468	0.00001	0.95531
394 I	0.04468	0.00038	0.95495
395 D	0.04468	0.00044	0.95489
396 K	0.04467	0.00103	0.9543
397 T	0.04463	0.00906	0.9463
398 I	0.04440	0.01783	0.93778
399 P	0.04433	0.01929	0.93638
400 P	0.04421	0.02229	0.93349
401 G	0.04307	0.03730	0.91963
402 F	0.04277	0.07253	0.8847
403 S	0.04270	0.07875	0.87855
404 E	0.04248	0.09426	0.86327
405 F	0.04005	0.38100	0.57895
406 L	0.03611	0.73537	0.22852
407 I	0.03505	0.84320	0.12175
408 G	0.03495	0.93483	0.03022
409 A	0.03493	0.95436	0.01071
410 I	0.03491	0.96144	0.00365
411 L	0.03490	0.96391	0.00119
412 T	0.03490	0.96426	0.00083
413 T	0.03490	0.96453	0.00057
414 G	0.03490	0.96455	0.00054
415 L	0.03493	0.96457	0.0005
416 I	0.03520	0.96431	0.0005
417 T	0.04267	0.95680	0.00053
418 T	0.04888	0.95052	0.0006
419 Q	0.05256	0.94675	0.00069
420 L	0.05330	0.94595	0.00074
421 E	0.05645	0.94256	0.00099
422 V	0.05660	0.94237	0.00103
423 I	0.05764	0.94122	0.00114
424 S	0.07175	0.92577	0.00248
425 T	0.14227	0.85506	0.00267
426 F	0.15520	0.84205	0.00274
427 L	0.17855	0.81853	0.00292
428 I	0.37758	0.61786	0.00457
429 A	0.73550	0.25593	0.00857
430 S	0.84162	0.14835	0.01004
431 K	0.98589	0.00384	0.01027
432 Q	0.98950	0.00022	0.01028
433 P	0.98947	0.00025	0.01028
434 K	0.98853	0.00120	0.01028
435 Y	0.97254	0.01719	0.01026
436 D	0.93776	0.05198	0.01026
437 L	0.58418	0.40573	0.01009
438 F	0.51936	0.47199	0.00865
439 L	0.34631	0.64516	0.00853
440 N	0.27702	0.71448	0.0085
441 F	0.04111	0.95067	0.00822
442 G	0.03072	0.96116	0.00812
443 R	0.02683	0.96530	0.00788
444 V	0.00222	0.99007	0.00771
445 F	0.00038	0.99192	0.0077
446 L	0.00019	0.99212	0.0077
447 F	0.00018	0.99213	0.0077
448 R	0.00018	0.99213	0.0077
449 I	0.00015	0.99216	0.0077
450 P	0.00015	0.99213	0.00772
451 F	0.00015	0.99211	0.00774
452 L	0.00015	0.99159	0.00826
453 Y	0.00015	0.98909	0.01076
454 L	0.00015	0.98194	0.01791
455 F	0.00017	0.93661	0.06323
456 R	0.00032	0.89285	0.10683
457 H	0.00035	0.84951	0.15013
458 Y	0.00037	0.83561	0.16402
459 W	0.00037	0.60105	0.39857
460 L	0.00046	0.31116	0.68838
461 K	0.00271	0.00939	0.9879
462 P	0.00273	0.00318	0.99408
463 G	0.00273	0.00286	0.9944
464 H	0.00273	0.00077	0.9965
465 T	0.00273	0.00118	0.99608
466 W	0.00273	0.00175	0.99552
467 E	0.00270	0.00205	0.99525
468 Y	0.00265	0.01209	0.98525
469 H	0.00263	0.18048	0.81689
470 V	0.00262	0.27599	0.72139
471 Y	0.00258	0.29866	0.69875
472 S	0.00243	0.33202	0.66555
473 F	0.00022	0.76295	0.23684
474 A	0.00021	0.88104	0.11875
475 N	0.00019	0.91716	0.08265
476 F	0.00002	0.95288	0.0471
477 S	0.00001	0.95747	0.04251
478 S	0.00001	0.97521	0.02477
479 N	0.00000	0.98772	0.01227
480 L	0.00000	0.99909	0.00091
481 I	0.00000	0.99998	2e-05
482 M	0.00000	1.00000	0
483 L	0.00000	1.00000	0
484 I	0.00000	1.00000	0
485 F	0.00000	1.00000	0
486 M	0.00000	1.00000	0
487 L	0.00000	0.99999	0
488 F	0.00035	0.99965	0
489 L	0.00220	0.99779	2e-05
490 C	0.01594	0.98400	7e-05
491 L	0.03256	0.96732	0.00012
492 R	0.23709	0.76276	0.00015
493 V	0.27822	0.72162	0.00016
494 I	0.30267	0.69715	0.00019
495 F	0.35009	0.64959	0.00032
496 K	0.92676	0.07052	0.00272
497 M	0.99256	0.00471	0.00273
498 K	0.99704	0.00022	0.00274
499 K	0.99724	0.00002	0.00274
500 R	0.99726	0.00000	0.00274
501 D	0.99726	0.00000	0.00274
502 I	0.99726	0.00000	0.00274
503 A	0.99727	0.00000	0.00274
504 I	0.99727	0.00000	0.00274
505 T	0.99727	0.00000	0.00274
506 K	0.99727	0.00000	0.00274
507 K	0.99727	0.00000	0.00274
