# tr|B1V8Y3|B1V8Y3_PHYAS
# AA	inside	membr	outside
1 M	0.83471	0.00000	0.16529
2 K	0.83471	0.00000	0.16529
3 T	0.83471	0.00000	0.16529
4 K	0.83471	0.00000	0.16529
5 N	0.83429	0.00042	0.16528
6 N	0.83429	0.00043	0.16528
7 F	0.64844	0.18631	0.16525
8 F	0.64843	0.18632	0.16525
9 K	0.62055	0.21421	0.16524
10 W	0.61072	0.37511	0.01417
11 L	0.53836	0.44801	0.01363
12 L	0.22261	0.76387	0.01352
13 K	0.00722	0.97965	0.01314
14 W	0.00644	0.98042	0.01314
15 L	0.00643	0.99336	0.00021
16 L	0.00433	0.99546	0.00021
17 L	0.00280	0.99701	0.00019
18 S	0.00279	0.99703	0.00018
19 V	0.00258	0.99724	0.00017
20 M	0.00174	0.99825	1e-05
21 L	0.00003	0.99996	1e-05
22 I	0.00001	0.99999	0
23 I	0.00001	0.99999	0
24 F	0.00000	0.99998	1e-05
25 L	0.00000	0.99955	0.00044
26 S	0.00001	0.99922	0.00077
27 L	0.00001	0.99829	0.00171
28 V	0.00009	0.99729	0.00262
29 I	0.00029	0.99395	0.00576
30 V	0.00183	0.84215	0.15602
31 L	0.00297	0.79660	0.20042
32 F	0.00677	0.62377	0.36946
33 K	0.16069	0.13615	0.70316
34 T	0.16115	0.10565	0.7332
35 C	0.16145	0.03222	0.80634
36 F	0.16157	0.01423	0.8242
37 P	0.16188	0.01057	0.82755
38 S	0.16499	0.00652	0.82848
39 A	0.16501	0.00491	0.83007
40 D	0.16513	0.00334	0.83154
41 S	0.16513	0.00279	0.83208
42 L	0.16514	0.00257	0.83229
43 G	0.16526	0.00142	0.83333
44 E	0.16528	0.00007	0.83464
45 N	0.16529	0.00000	0.83471
46 D	0.16529	0.00000	0.83471
47 K	0.16529	0.00000	0.83471
48 W	0.16529	0.00000	0.83471
49 K	0.16529	0.00000	0.83471
50 F	0.16529	0.00000	0.83471
51 L	0.16529	0.00000	0.83471
52 Y	0.16529	0.00001	0.83471
53 W	0.16529	0.00001	0.83471
54 H	0.16529	0.00001	0.83471
55 F	0.16528	0.00002	0.8347
56 K	0.16528	0.00002	0.8347
57 S	0.16522	0.00118	0.83361
58 H	0.16516	0.00301	0.83183
59 Q	0.16504	0.00990	0.82506
60 G	0.16389	0.11630	0.71981
61 R	0.16253	0.14557	0.6919
62 I	0.13504	0.39492	0.47004
63 T	0.11779	0.52273	0.35948
64 I	0.01261	0.95463	0.03276
65 F	0.00541	0.97375	0.02084
66 G	0.00384	0.97787	0.01829
67 L	0.00247	0.98386	0.01366
68 T	0.00182	0.98805	0.01013
69 I	0.00012	0.99910	0.00079
70 F	0.00006	0.99943	0.00051
71 L	0.00003	0.99956	0.00041
72 T	0.00002	0.99969	0.00029
73 T	0.00001	0.99994	4e-05
74 S	0.00001	0.99996	3e-05
75 V	0.00001	0.99998	1e-05
76 F	0.00001	0.99998	1e-05
77 G	0.00001	0.99998	1e-05
78 C	0.00006	0.99992	2e-05
79 F	0.00015	0.99983	2e-05
80 A	0.00100	0.99888	0.00011
81 L	0.00219	0.99753	0.00028
82 F	0.01076	0.98826	0.00098
83 R	0.13715	0.86012	0.00272
84 F	0.15594	0.83914	0.00492
85 L	0.31310	0.65978	0.02713
86 I	0.42998	0.52473	0.0453
87 R	0.79173	0.05387	0.1544
88 L	0.80111	0.03944	0.15945
89 F	0.80206	0.03781	0.16014
90 I	0.80518	0.03391	0.16091
91 Y	0.81138	0.02642	0.16221
92 K	0.83228	0.00253	0.16519
93 L	0.83235	0.00246	0.1652
94 L	0.83259	0.00219	0.16521
95 F	0.83303	0.00173	0.16524
96 K	0.83467	0.00005	0.16527
97 T	0.83470	0.00002	0.16528
98 L	0.83470	0.00002	0.16528
99 K	0.83471	0.00001	0.16529
100 L	0.83471	0.00001	0.16529
101 N	0.83471	0.00000	0.16529
102 R	0.83471	0.00000	0.16529
