# tr|B1VAQ7|B1VAQ7_PHYAS
# AA	inside	membr	outside
1 M	0.52913	0.00000	0.47087
2 N	0.52913	0.00000	0.47087
3 Y	0.52913	0.00000	0.47087
4 L	0.52913	0.00000	0.47087
5 K	0.52908	0.00005	0.47087
6 N	0.52908	0.00010	0.47082
7 N	0.49420	0.03525	0.47055
8 L	0.49418	0.03534	0.47048
9 K	0.46711	0.06254	0.47035
10 F	0.46659	0.24897	0.28445
11 F	0.43787	0.29426	0.26787
12 L	0.02957	0.71354	0.25689
13 K	0.00138	0.74528	0.25334
14 I	0.00132	0.74535	0.25333
15 F	0.00132	0.99786	0.00082
16 L	0.00071	0.99847	0.00082
17 G	0.00015	0.99949	0.00036
18 T	0.00014	0.99961	0.00024
19 F	0.00006	0.99974	0.0002
20 L	0.00002	0.99998	0
21 Y	0.00001	0.99999	0
22 A	0.00000	0.99999	0
23 F	0.00000	1.00000	0
24 A	0.00000	0.99999	0
25 I	0.00000	0.99998	2e-05
26 Y	0.00001	0.99982	0.00017
27 F	0.00002	0.99900	0.00099
28 F	0.00116	0.99729	0.00155
29 I	0.00693	0.99002	0.00305
30 F	0.07143	0.89261	0.03596
31 T	0.11861	0.81568	0.0657
32 S	0.12605	0.75422	0.11974
33 F	0.17480	0.69748	0.12772
34 I	0.20136	0.64925	0.14938
35 K	0.45856	0.01904	0.52241
36 N	0.46059	0.01079	0.52861
37 G	0.45004	0.02196	0.52801
38 G	0.45009	0.02470	0.52521
39 E	0.42567	0.06240	0.51193
40 N	0.39991	0.13269	0.46741
41 G	0.09297	0.49958	0.40746
42 F	0.02386	0.58420	0.39195
43 I	0.01170	0.60804	0.38027
44 F	0.01025	0.62982	0.35993
45 S	0.01009	0.63127	0.35864
46 G	0.01003	0.63211	0.35787
47 G	0.01001	0.63239	0.3576
48 T	0.01001	0.63245	0.35754
49 E	0.01001	0.63269	0.3573
50 G	0.01001	0.63271	0.35728
51 I	0.01001	0.63273	0.35726
52 T	0.01001	0.63273	0.35726
53 V	0.01001	0.63273	0.35726
54 F	0.01001	0.63272	0.35727
55 L	0.01003	0.63267	0.35731
56 G	0.01028	0.63079	0.35893
57 Q	0.01077	0.62934	0.35989
58 I	0.01180	0.62779	0.36042
59 I	0.01891	0.61194	0.36915
60 P	0.03416	0.54566	0.42018
61 F	0.03924	0.29692	0.66385
62 L	0.07221	0.15662	0.77118
63 D	0.13401	0.06422	0.80178
64 N	0.17648	0.00730	0.81621
65 N	0.17885	0.00366	0.81749
66 P	0.16618	0.01886	0.81497
67 N	0.14600	0.06377	0.79024
68 L	0.12821	0.10029	0.7715
69 K	0.09846	0.17914	0.7224
70 L	0.03471	0.76321	0.20208
71 I	0.00704	0.95175	0.04121
72 L	0.00128	0.99274	0.00598
73 I	0.00082	0.99776	0.00143
74 L	0.00030	0.99947	0.00023
75 S	0.00003	0.99986	0.00012
76 V	0.00000	0.99999	1e-05
77 F	0.00000	0.99999	1e-05
78 L	0.00000	0.99999	1e-05
79 F	0.00000	0.99999	1e-05
80 L	0.00000	0.99999	1e-05
81 C	0.00000	0.99999	1e-05
82 L	0.00000	0.99999	1e-05
83 L	0.00000	0.99999	1e-05
84 I	0.00000	0.99998	1e-05
85 A	0.00014	0.99983	3e-05
86 A	0.00097	0.99892	0.0001
87 F	0.00232	0.99691	0.00076
88 F	0.01058	0.97033	0.01909
89 L	0.04120	0.85069	0.10812
90 D	0.44226	0.41073	0.14701
91 F	0.48198	0.36901	0.14901
92 N	0.66137	0.18304	0.15559
93 T	0.78047	0.05789	0.16163
94 I	0.79554	0.03549	0.16896
95 K	0.79589	0.02923	0.17488
96 K	0.67670	0.15096	0.17234
97 S	0.54969	0.30950	0.1408
98 L	0.14151	0.82830	0.03019
99 G	0.09103	0.90528	0.00369
100 T	0.07055	0.92806	0.00139
101 T	0.04071	0.95886	0.00043
102 L	0.00117	0.99860	0.00022
103 L	0.00048	0.99934	0.00018
104 L	0.00041	0.99942	0.00016
105 I	0.00040	0.99943	0.00016
106 L	0.00040	0.99944	0.00016
107 F	0.00040	0.99944	0.00016
108 L	0.00040	0.99944	0.00016
109 L	0.00040	0.99943	0.00016
110 V	0.00040	0.99943	0.00016
111 F	0.00041	0.99935	0.00025
112 N	0.00051	0.99844	0.00106
113 Y	0.00073	0.99785	0.00143
114 F	0.00154	0.99329	0.00517
115 F	0.01347	0.95325	0.03327
116 Q	0.14299	0.53712	0.31988
117 G	0.16435	0.38688	0.44877
118 E	0.18043	0.12398	0.69559
119 T	0.18131	0.08484	0.73385
120 Q	0.18178	0.03406	0.78416
121 R	0.18199	0.00219	0.81583
122 K	0.18206	0.00065	0.81729
123 V	0.18206	0.00063	0.81731
124 F	0.18207	0.00055	0.81739
125 S	0.18210	0.00004	0.81785
126 V	0.18212	0.00002	0.81786
127 F	0.18213	0.00001	0.81786
128 L	0.18213	0.00000	0.81786
129 Q	0.18213	0.00000	0.81786
130 R	0.18213	0.00000	0.81786
131 R	0.18213	0.00000	0.81786
132 E	0.18213	0.00000	0.81786
133 A	0.18213	0.00000	0.81786
134 G	0.18213	0.00001	0.81786
135 E	0.18209	0.00005	0.81786
136 K	0.18144	0.00072	0.81784
137 G	0.17817	0.00504	0.81679
138 F	0.17565	0.00800	0.81635
139 H	0.17529	0.00841	0.8163
140 L	0.17440	0.00943	0.81617
141 T	0.17423	0.00967	0.8161
142 S	0.17406	0.00995	0.81599
143 C	0.17189	0.01445	0.81366
144 G	0.16571	0.03384	0.80046
145 L	0.14321	0.11724	0.73955
146 G	0.09071	0.39931	0.50998
147 H	0.05990	0.66335	0.27675
148 L	0.00914	0.88955	0.1013
149 L	0.00253	0.95523	0.04224
150 Y	0.00098	0.97928	0.01974
151 V	0.00024	0.98737	0.01239
152 I	0.00014	0.99045	0.00941
153 P	0.00013	0.99119	0.00869
154 F	0.00007	0.99760	0.00233
155 S	0.00007	0.99786	0.00207
156 M	0.00006	0.99881	0.00114
157 G	0.00003	0.99943	0.00054
158 F	0.00001	0.99975	0.00023
159 V	0.00001	0.99989	0.0001
160 F	0.00002	0.99931	0.00067
161 F	0.00003	0.99859	0.00138
162 V	0.00005	0.99835	0.00159
163 F	0.00013	0.99769	0.00218
164 G	0.00043	0.99697	0.00259
165 L	0.00077	0.99624	0.00299
166 Y	0.00317	0.99144	0.00539
167 F	0.01394	0.97431	0.01176
168 L	0.09538	0.86642	0.0382
169 M	0.37462	0.52891	0.09646
170 P	0.65345	0.21021	0.13634
171 S	0.78301	0.03967	0.17732
172 E	0.80559	0.01297	0.18144
173 N	0.80652	0.01179	0.18169
174 V	0.80672	0.01155	0.18173
175 F	0.80739	0.01085	0.18176
176 F	0.80892	0.00929	0.18179
177 R	0.81685	0.00127	0.18188
178 F	0.81720	0.00091	0.18189
179 R	0.81790	0.00020	0.18191
180 S	0.81796	0.00013	0.18191
181 F	0.81800	0.00008	0.18192
182 W	0.81806	0.00002	0.18192
183 A	0.81807	0.00001	0.18192
184 N	0.81808	0.00000	0.18192
185 I	0.81808	0.00000	0.18192
186 G	0.81808	0.00000	0.18192
