# tr|B1VAR7|B1VAR7_PHYAS
# AA	inside	membr	outside
1 M	0.37566	0.00000	0.62434
2 K	0.37566	0.00000	0.62434
3 I	0.37566	0.00000	0.62434
4 I	0.37566	0.00004	0.62431
5 F	0.37565	0.00005	0.6243
6 S	0.37565	0.00005	0.6243
7 F	0.37565	0.00005	0.6243
8 Q	0.37565	0.00005	0.6243
9 S	0.37565	0.00005	0.6243
10 F	0.37565	0.00005	0.6243
11 L	0.37565	0.00005	0.6243
12 K	0.37565	0.00005	0.6243
13 A	0.37565	0.00005	0.6243
14 K	0.37565	0.00005	0.6243
15 K	0.37565	0.00005	0.6243
16 I	0.37565	0.00005	0.6243
17 I	0.37565	0.00005	0.6243
18 S	0.37565	0.00005	0.6243
19 F	0.37566	0.00004	0.6243
20 R	0.37569	0.00001	0.6243
21 K	0.37569	0.00001	0.62431
22 N	0.37569	0.00000	0.62431
23 N	0.37569	0.00000	0.62431
24 D	0.37569	0.00001	0.62431
25 F	0.37568	0.00001	0.62431
26 K	0.37568	0.00001	0.62431
27 K	0.37568	0.00002	0.6243
28 R	0.37566	0.00004	0.6243
29 I	0.37546	0.00026	0.62429
30 F	0.37530	0.00042	0.62428
31 L	0.37525	0.00046	0.62428
32 C	0.37525	0.00047	0.62428
33 I	0.37524	0.00049	0.62428
34 K	0.37523	0.00049	0.62428
35 Y	0.37521	0.00052	0.62427
36 A	0.37518	0.00055	0.62427
37 L	0.37517	0.00057	0.62427
38 S	0.37517	0.00057	0.62427
39 S	0.37517	0.00057	0.62427
40 K	0.37517	0.00056	0.62428
41 K	0.37512	0.00062	0.62426
42 I	0.37431	0.00152	0.62417
43 V	0.37326	0.00261	0.62413
44 N	0.37207	0.00385	0.62408
45 N	0.36933	0.00703	0.62363
46 C	0.36193	0.01475	0.62333
47 N	0.35647	0.02089	0.62264
48 I	0.32895	0.05565	0.61539
49 G	0.27710	0.11707	0.60583
50 C	0.09941	0.31754	0.58305
51 F	0.01938	0.89681	0.08381
52 F	0.01262	0.93361	0.05376
53 Y	0.01029	0.94718	0.04254
54 F	0.00913	0.95789	0.03298
55 Q	0.00899	0.95989	0.03113
56 N	0.00803	0.96784	0.02412
57 L	0.00621	0.97701	0.01678
58 V	0.00504	0.98387	0.01109
59 I	0.00329	0.98943	0.00728
60 F	0.00112	0.99539	0.00349
61 C	0.00084	0.99624	0.00292
62 I	0.00026	0.99856	0.00118
63 N	0.00020	0.99877	0.00103
64 I	0.00014	0.99908	0.00078
65 F	0.00009	0.99910	0.00082
66 V	0.00012	0.99880	0.00109
67 V	0.00029	0.99663	0.00308
68 V	0.00145	0.98891	0.00964
69 N	0.00312	0.97019	0.0267
70 L	0.00447	0.96071	0.03482
71 V	0.01446	0.92671	0.05884
72 Y	0.03384	0.85853	0.10763
73 S	0.07516	0.63543	0.28941
74 K	0.58931	0.04709	0.36359
75 K	0.59630	0.03844	0.36526
76 Y	0.59655	0.03820	0.36526
77 V	0.59701	0.03769	0.36531
78 L	0.59734	0.03732	0.36535
79 F	0.59947	0.03496	0.36557
80 I	0.60601	0.02718	0.36682
81 I	0.61152	0.02024	0.36823
82 F	0.61558	0.01399	0.37043
83 R	0.62203	0.00381	0.37416
84 F	0.62256	0.00279	0.37465
85 K	0.62431	0.00014	0.37555
86 K	0.62435	0.00009	0.37556
87 L	0.62436	0.00008	0.37556
88 I	0.62437	0.00007	0.37556
89 K	0.62437	0.00007	0.37556
90 I	0.62437	0.00007	0.37556
91 S	0.62438	0.00006	0.37556
92 F	0.62438	0.00005	0.37556
93 F	0.62442	0.00000	0.37557
