# tr|B1V968|B1V968_PHYAS
# AA	inside	membr	outside
1 M	0.99995	0.00000	4e-05
2 S	0.99995	0.00000	4e-05
3 V	0.99995	0.00000	4e-05
4 E	0.99995	0.00000	4e-05
5 R	0.99995	0.00000	4e-05
6 Q	0.99995	0.00000	4e-05
7 T	0.99995	0.00000	4e-05
8 S	0.99995	0.00000	4e-05
9 T	0.99995	0.00000	4e-05
10 K	0.99995	0.00000	4e-05
11 D	0.99995	0.00000	4e-05
12 S	0.99995	0.00000	4e-05
13 N	0.99995	0.00000	4e-05
14 Q	0.99995	0.00000	4e-05
15 K	0.99995	0.00000	4e-05
16 T	0.99979	0.00017	4e-05
17 F	0.99956	0.00040	4e-05
18 K	0.99955	0.00040	4e-05
19 R	0.99447	0.00548	4e-05
20 A	0.55383	0.44615	2e-05
21 I	0.05910	0.94087	2e-05
22 Y	0.05552	0.94446	2e-05
23 K	0.05383	0.94614	2e-05
24 N	0.03513	0.96485	2e-05
25 L	0.00783	0.99214	2e-05
26 I	0.00366	0.99631	2e-05
27 I	0.00208	0.99789	2e-05
28 L	0.00015	0.99982	2e-05
29 S	0.00008	0.99990	2e-05
30 L	0.00005	0.99993	2e-05
31 P	0.00003	0.99994	2e-05
32 I	0.00001	0.99996	2e-05
33 A	0.00001	0.99997	2e-05
34 I	0.00001	0.99997	2e-05
35 Y	0.00001	0.99988	0.00011
36 L	0.00001	0.99954	0.00046
37 L	0.00001	0.99848	0.00151
38 F	0.00001	0.95594	0.04404
39 Q	0.00002	0.77743	0.22255
40 H	0.00002	0.67585	0.32414
41 L	0.00002	0.65122	0.34876
42 T	0.00002	0.61673	0.38325
43 T	0.00002	0.33688	0.6631
44 S	0.00002	0.02608	0.9739
45 I	0.00002	0.02150	0.97847
46 D	0.00002	0.01723	0.98274
47 F	0.00002	0.01601	0.98397
48 A	0.00002	0.01062	0.98936
49 I	0.00003	0.00890	0.99107
50 I	0.00003	0.00667	0.99331
51 G	0.00003	0.00105	0.99892
52 D	0.00003	0.00044	0.99954
53 S	0.00003	0.00003	0.99995
54 Q	0.00003	0.00001	0.99997
55 K	0.00003	0.00000	0.99998
56 T	0.00003	0.00000	0.99998
57 T	0.00003	0.00000	0.99998
58 N	0.00003	0.00000	0.99998
59 V	0.00003	0.00000	0.99998
60 D	0.00003	0.00000	0.99998
61 S	0.00003	0.00001	0.99997
62 T	0.00003	0.00016	0.99982
63 I	0.00003	0.00068	0.99929
64 T	0.00003	0.00091	0.99906
65 Y	0.00003	0.00146	0.99851
66 M	0.00003	0.00188	0.99809
67 K	0.00003	0.00230	0.99767
68 Q	0.00003	0.00497	0.99501
69 I	0.00003	0.00881	0.99117
70 K	0.00003	0.01490	0.98508
71 K	0.00003	0.06743	0.93254
72 I	0.00003	0.85367	0.14631
73 L	0.00003	0.93826	0.06172
74 Q	0.00003	0.95402	0.04595
75 S	0.00003	0.99300	0.00697
76 I	0.00003	0.99976	0.00021
77 A	0.00003	0.99993	4e-05
78 I	0.00003	0.99997	0
79 A	0.00003	0.99997	0
80 L	0.00003	0.99997	0
81 G	0.00003	0.99997	0
82 G	0.00003	0.99997	0
83 A	0.00003	0.99997	0
84 G	0.00003	0.99997	0
85 V	0.00015	0.99985	0
86 V	0.00074	0.99925	0
87 L	0.00341	0.99659	0
88 V	0.00996	0.99004	0
89 A	0.04772	0.95228	0
90 R	0.69313	0.30687	0
91 E	0.78572	0.21427	0
92 Y	0.80738	0.19262	0
93 K	0.97032	0.02968	0
94 K	0.99504	0.00495	0
95 Q	0.99999	0.00000	0
96 N	1.00000	0.00000	0
97 K	1.00000	0.00000	0
98 E	1.00000	0.00000	0
99 K	1.00000	0.00000	0
100 S	0.99985	0.00014	0
101 R	0.99899	0.00100	0
102 Q	0.96986	0.03014	0
103 Y	0.90132	0.09868	0
104 A	0.88298	0.11702	0
105 T	0.52642	0.47358	0
106 L	0.08731	0.91269	0
107 A	0.07472	0.92528	0
108 F	0.02658	0.97342	0
109 L	0.00881	0.99119	0
110 L	0.00021	0.99979	0
111 A	0.00003	0.99997	0
112 V	0.00001	0.99999	0
113 T	0.00001	0.99999	0
114 I	0.00000	1.00000	0
115 S	0.00000	1.00000	0
116 L	0.00000	1.00000	0
117 A	0.00000	1.00000	0
118 F	0.00000	1.00000	0
119 L	0.00000	1.00000	0
120 A	0.00000	0.99994	5e-05
121 F	0.00000	0.99976	0.00024
122 L	0.00000	0.99880	0.0012
123 G	0.00000	0.99616	0.00384
124 L	0.00000	0.99358	0.00642
125 G	0.00000	0.97130	0.02871
126 V	0.00000	0.91442	0.08558
127 F	0.00000	0.89926	0.10074
128 L	0.00000	0.42556	0.57444
129 P	0.00000	0.02438	0.97562
130 K	0.00000	0.00947	0.99052
131 P	0.00000	0.00535	0.99464
132 L	0.00000	0.00488	0.99511
133 G	0.00000	0.00030	0.99969
134 D	0.00000	0.00014	0.99986
135 L	0.00000	0.00013	0.99986
136 F	0.00000	0.00012	0.99987
137 L	0.00000	0.00011	0.99988
138 K	0.00000	0.00000	0.99999
139 S	0.00000	0.00000	0.99999
140 D	0.00000	0.00001	0.99998
141 Y	0.00000	0.00015	0.99984
142 H	0.00000	0.00032	0.99967
143 A	0.00000	0.00835	0.99165
144 D	0.00000	0.01099	0.989
145 G	0.00000	0.06499	0.93501
146 G	0.00000	0.08769	0.9123
147 L	0.00000	0.70098	0.29902
148 L	0.00000	0.97676	0.02324
149 Y	0.00000	0.98635	0.01365
150 Y	0.00000	0.99608	0.00391
151 Q	0.00000	0.99727	0.00273
152 L	0.00000	0.99955	0.00045
153 S	0.00000	0.99978	0.00022
154 L	0.00000	0.99996	4e-05
155 I	0.00000	1.00000	0
156 T	0.00000	1.00000	0
157 F	0.00000	1.00000	0
158 V	0.00000	1.00000	0
159 F	0.00000	1.00000	0
160 I	0.00001	0.99999	0
161 T	0.00003	0.99997	0
162 I	0.00006	0.99994	0
163 N	0.00021	0.99979	0
164 S	0.00027	0.99973	0
165 V	0.00044	0.99956	0
166 F	0.02073	0.97927	0
167 I	0.14982	0.85017	0
168 A	0.38307	0.61693	0
169 L	0.40148	0.59852	0
170 E	0.94670	0.05330	0
171 R	0.99492	0.00507	0
172 A	0.99825	0.00174	0
173 K	0.99994	0.00006	0
174 N	0.99524	0.00476	0
175 K	0.99371	0.00629	0
176 T	0.94066	0.05934	0
177 K	0.91419	0.08581	0
178 F	0.31173	0.68827	0
179 I	0.06276	0.93724	0
180 L	0.01509	0.98491	0
181 I	0.00378	0.99622	0
182 L	0.00024	0.99976	0
183 N	0.00018	0.99982	0
184 I	0.00018	0.99982	0
185 F	0.00018	0.99982	0
186 L	0.00018	0.99982	0
187 I	0.00018	0.99982	0
188 T	0.00018	0.99982	0
189 L	0.00018	0.99982	0
190 R	0.00018	0.99982	0
191 V	0.00018	0.99982	0
192 V	0.00018	0.99968	0.00014
193 L	0.00018	0.99888	0.00094
194 S	0.00018	0.98947	0.01034
195 F	0.00018	0.98332	0.01651
196 I	0.00018	0.97778	0.02204
197 Y	0.00018	0.63503	0.36479
198 K	0.00018	0.23393	0.76589
199 F	0.00018	0.21207	0.78775
200 V	0.00018	0.18874	0.81108
201 K	0.00018	0.02641	0.9734
202 E	0.00018	0.00027	0.99954
203 K	0.00018	0.00003	0.99979
204 G	0.00018	0.00098	0.99884
205 Q	0.00018	0.00325	0.99656
206 V	0.00015	0.08266	0.91719
207 T	0.00013	0.25021	0.74966
208 V	0.00008	0.27545	0.72446
209 I	0.00006	0.31093	0.68901
210 D	0.00006	0.37105	0.62889
211 L	0.00003	0.72687	0.2731
212 A	0.00002	0.94257	0.05741
213 L	0.00002	0.96292	0.03707
214 A	0.00002	0.96752	0.03247
215 D	0.00002	0.98295	0.01704
216 L	0.00001	0.99354	0.00645
217 L	0.00001	0.99704	0.00295
218 S	0.00001	0.99719	0.0028
219 N	0.00001	0.99746	0.00253
220 L	0.00001	0.99785	0.00214
221 F	0.00001	0.99786	0.00213
222 I	0.00003	0.99784	0.00212
223 T	0.00015	0.99773	0.00212
224 C	0.00026	0.99762	0.00212
225 I	0.00037	0.99751	0.00212
226 A	0.00092	0.99696	0.00212
227 F	0.00152	0.99636	0.00213
228 F	0.00397	0.99391	0.00213
229 C	0.09294	0.90491	0.00215
230 M	0.28230	0.71552	0.00218
231 F	0.33413	0.66365	0.00223
232 N	0.51164	0.48610	0.00227
233 P	0.66452	0.33321	0.00227
234 K	0.96996	0.02775	0.00229
235 N	0.99162	0.00609	0.00229
236 P	0.99370	0.00401	0.00229
237 F	0.99450	0.00321	0.00229
238 Q	0.99650	0.00121	0.00229
239 L	0.99689	0.00082	0.00229
240 Q	0.99758	0.00013	0.00229
241 F	0.99752	0.00018	0.00229
242 K	0.99762	0.00009	0.00229
243 K	0.99759	0.00012	0.00229
244 I	0.99185	0.00586	0.00229
245 T	0.99142	0.00630	0.00228
246 F	0.99089	0.00683	0.00228
247 P	0.99086	0.00686	0.00228
248 K	0.99018	0.00754	0.00228
249 D	0.90710	0.09063	0.00227
250 V	0.76718	0.23058	0.00224
251 V	0.72966	0.26811	0.00222
252 K	0.66664	0.33114	0.00222
253 G	0.45113	0.54668	0.0022
254 M	0.32069	0.67714	0.00217
255 L	0.31747	0.68036	0.00217
256 K	0.31730	0.68054	0.00217
257 L	0.31344	0.68443	0.00213
258 I	0.31296	0.68491	0.00212
259 G	0.31289	0.68498	0.00212
260 T	0.31288	0.68499	0.00212
261 L	0.31284	0.68503	0.00212
262 I	0.31283	0.68502	0.00215
263 I	0.31283	0.68487	0.00231
264 G	0.31283	0.68263	0.00454
265 K	0.31283	0.68069	0.00649
266 V	0.31283	0.68057	0.00661
267 T	0.31284	0.67408	0.01308
268 Y	0.31285	0.66060	0.02655
269 E	0.31287	0.65083	0.0363
270 I	0.31288	0.64852	0.0386
271 G	0.31289	0.57055	0.11656
272 K	0.31291	0.04941	0.63767
273 K	0.31292	0.03117	0.65591
274 I	0.31290	0.03156	0.65554
275 I	0.31290	0.03157	0.65553
276 L	0.31291	0.02540	0.66168
277 D	0.31296	0.00123	0.6858
278 M	0.31294	0.00148	0.68558
279 T	0.31286	0.00212	0.68503
280 T	0.31241	0.00320	0.68439
281 N	0.31054	0.01031	0.67915
282 Y	0.30525	0.03172	0.66303
283 Y	0.30310	0.03642	0.66047
284 K	0.30290	0.03736	0.65974
285 D	0.29816	0.12402	0.57783
286 I	0.23470	0.74336	0.02194
287 V	0.22358	0.77291	0.00351
288 A	0.21838	0.78021	0.0014
289 I	0.21773	0.78111	0.00115
290 S	0.21762	0.78139	0.00098
291 G	0.21760	0.78148	0.00092
292 L	0.21759	0.78149	0.00091
293 V	0.21759	0.78149	0.00091
294 A	0.21760	0.78149	0.00091
295 V	0.21760	0.78148	0.00091
296 V	0.21764	0.78145	0.00092
297 N	0.21816	0.78089	0.00094
298 G	0.21832	0.78071	0.00096
299 I	0.21846	0.78055	0.00098
300 C	0.21933	0.77936	0.00132
301 Y	0.22206	0.77640	0.00154
302 S	0.23053	0.76729	0.00218
303 I	0.23619	0.76114	0.00267
304 S	0.39820	0.59060	0.0112
305 Q	0.68236	0.29458	0.02306
306 S	0.76849	0.17315	0.05836
307 F	0.77684	0.15862	0.06453
308 E	0.84394	0.07634	0.07972
309 D	0.90331	0.00087	0.09581
310 S	0.90360	0.00012	0.09628
311 Q	0.90368	0.00002	0.09631
312 S	0.90368	0.00001	0.09631
313 A	0.90368	0.00001	0.09632
314 M	0.90368	0.00000	0.09632
315 V	0.90368	0.00000	0.09632
316 S	0.90368	0.00000	0.09632
317 Q	0.90368	0.00000	0.09632
318 S	0.90368	0.00000	0.09632
319 V	0.90368	0.00000	0.09632
320 A	0.90368	0.00000	0.09632
321 F	0.90368	0.00000	0.09632
322 E	0.90368	0.00000	0.09632
323 S	0.90368	0.00000	0.09632
324 N	0.90368	0.00001	0.09632
325 Q	0.90365	0.00004	0.09631
326 K	0.90318	0.00052	0.0963
327 T	0.89959	0.00439	0.09602
328 F	0.89108	0.01303	0.09589
329 K	0.88223	0.02193	0.09584
330 I	0.76741	0.13905	0.09354
331 F	0.71525	0.19265	0.0921
332 K	0.69359	0.21478	0.09163
333 N	0.56121	0.35128	0.08751
334 V	0.22481	0.71487	0.06032
335 F	0.02998	0.92774	0.04228
336 V	0.01125	0.96531	0.02344
337 I	0.00454	0.98990	0.00557
338 T	0.00137	0.99766	0.00097
339 F	0.00027	0.99934	0.00038
340 I	0.00009	0.99975	0.00016
341 I	0.00003	0.99988	9e-05
342 G	0.00002	0.99990	9e-05
343 L	0.00001	0.99990	9e-05
344 F	0.00001	0.99990	9e-05
345 G	0.00001	0.99983	0.00015
346 F	0.00001	0.99965	0.00034
347 L	0.00003	0.99902	0.00094
348 I	0.00019	0.99125	0.00856
349 N	0.00052	0.94984	0.04964
350 E	0.00099	0.91973	0.07927
351 Y	0.00104	0.91257	0.08639
352 F	0.00139	0.89477	0.10384
353 G	0.00461	0.77633	0.21906
354 V	0.01504	0.65361	0.33136
355 E	0.02482	0.50868	0.4665
356 I	0.02734	0.45031	0.52236
357 L	0.03968	0.23570	0.72462
358 S	0.04922	0.08725	0.86353
359 F	0.06704	0.05574	0.87722
360 V	0.08884	0.01908	0.89208
361 K	0.09598	0.00066	0.90336
362 Q	0.09623	0.00009	0.90368
363 K	0.09624	0.00001	0.90375
364 N	0.09624	0.00001	0.90375
365 Y	0.09624	0.00001	0.90375
366 T	0.09624	0.00000	0.90376
367 P	0.09624	0.00000	0.90376
368 Q	0.09624	0.00000	0.90376
369 T	0.09624	0.00000	0.90376
370 H	0.09624	0.00000	0.90376
371 K	0.09624	0.00000	0.90376
372 E	0.09624	0.00002	0.90374
373 M	0.09624	0.00014	0.90363
374 L	0.09618	0.00023	0.90358
375 E	0.09618	0.00025	0.90357
376 N	0.09617	0.00039	0.90344
377 F	0.09610	0.00080	0.9031
378 K	0.09585	0.00161	0.90253
379 I	0.05518	0.12658	0.81824
380 I	0.04531	0.31244	0.64225
381 L	0.04447	0.37757	0.57795
382 R	0.04437	0.45036	0.50528
383 Y	0.04396	0.50891	0.44712
384 E	0.04389	0.52557	0.43054
385 G	0.04297	0.71886	0.23817
386 T	0.04275	0.83192	0.12533
387 S	0.04229	0.94071	0.017
388 L	0.04224	0.94898	0.00878
389 F	0.04223	0.95449	0.00328
390 T	0.04223	0.95637	0.0014
391 S	0.04223	0.95679	0.00098
392 V	0.04222	0.95715	0.00063
393 W	0.04222	0.95727	0.0005
394 A	0.04226	0.95728	0.00046
395 S	0.04239	0.95719	0.00042
396 M	0.04280	0.95680	0.0004
397 M	0.04467	0.95391	0.00142
398 M	0.04818	0.94994	0.00189
399 G	0.05216	0.94556	0.00228
400 Y	0.05451	0.94298	0.0025
401 I	0.05557	0.94143	0.003
402 L	0.10265	0.85460	0.04275
403 S	0.29887	0.64919	0.05194
404 Y	0.44851	0.49881	0.05268
405 K	0.93459	0.01113	0.05428
406 K	0.94181	0.00386	0.05433
407 N	0.93829	0.00742	0.05429
408 A	0.92554	0.02024	0.05422
409 N	0.86901	0.07682	0.05417
410 L	0.73763	0.20855	0.05382
411 I	0.25557	0.72465	0.01978
412 F	0.24913	0.73587	0.015
413 W	0.24556	0.73957	0.01487
414 M	0.19731	0.78835	0.01434
415 N	0.13782	0.84801	0.01417
416 L	0.05387	0.93516	0.01096
417 L	0.04603	0.94357	0.0104
418 R	0.04224	0.94747	0.01028
419 V	0.02328	0.96671	0.01001
420 V	0.01868	0.97133	0.00998
421 L	0.01479	0.97526	0.00994
422 R	0.01378	0.97628	0.00994
423 I	0.00529	0.98476	0.00994
424 S	0.00232	0.98772	0.00995
425 I	0.00030	0.98973	0.00997
426 L	0.00012	0.98953	0.01036
427 F	0.00011	0.98403	0.01586
428 V	0.00011	0.98006	0.01983
429 L	0.00019	0.96006	0.03976
430 H	0.00047	0.94630	0.05323
431 N	0.00085	0.92631	0.07284
432 I	0.00092	0.89580	0.10328
433 F	0.00115	0.74499	0.25386
434 S	0.03680	0.13427	0.82894
435 S	0.04317	0.10036	0.85647
436 T	0.04391	0.08939	0.86671
437 S	0.04396	0.07176	0.88429
438 S	0.04400	0.05235	0.90365
439 T	0.04417	0.04043	0.9154
440 I	0.04423	0.03967	0.9161
441 T	0.04432	0.03355	0.92213
442 P	0.04445	0.01728	0.93827
443 A	0.04442	0.01482	0.94076
444 H	0.04431	0.01236	0.94333
445 Q	0.04252	0.02245	0.93502
446 F	0.00529	0.14537	0.84934
447 G	0.00155	0.34195	0.6565
448 L	0.00110	0.89572	0.10317
449 S	0.00103	0.91166	0.08731
450 T	0.00056	0.94069	0.05875
451 L	0.00024	0.97267	0.02709
452 G	0.00019	0.98372	0.01609
453 S	0.00013	0.99607	0.00379
454 N	0.00012	0.99723	0.00265
455 A	0.00011	0.99942	0.00047
456 T	0.00011	0.99982	7e-05
457 V	0.00011	0.99987	2e-05
458 L	0.00011	0.99987	2e-05
459 I	0.00011	0.99987	2e-05
460 V	0.00011	0.99987	2e-05
461 T	0.00011	0.99987	2e-05
462 T	0.00012	0.99986	2e-05
463 V	0.00013	0.99985	2e-05
464 I	0.00016	0.99978	5e-05
465 F	0.00031	0.99950	0.00019
466 I	0.00296	0.99587	0.00117
467 S	0.00805	0.98928	0.00267
468 F	0.02126	0.97369	0.00506
469 L	0.10819	0.85349	0.03832
470 S	0.39104	0.56556	0.0434
471 K	0.93929	0.01635	0.04436
472 N	0.94918	0.00643	0.04439
473 K	0.95491	0.00068	0.04441
474 A	0.95523	0.00036	0.04441
475 K	0.95556	0.00003	0.04441
476 N	0.95559	0.00000	0.04441
477 R	0.95559	0.00000	0.04441
478 Q	0.95559	0.00000	0.04441
479 Q	0.95559	0.00000	0.04441
480 Q	0.95559	0.00000	0.04441
481 K	0.95559	0.00000	0.04441
