# tr|B1V8Y4|B1V8Y4_PHYAS
# AA	inside	membr	outside
1 M	0.83033	0.00000	0.16967
2 P	0.83033	0.00000	0.16967
3 K	0.83033	0.00000	0.16967
4 K	0.83033	0.00003	0.16964
5 D	0.83023	0.00065	0.16912
6 N	0.83023	0.00129	0.16848
7 R	0.48112	0.35563	0.16325
8 T	0.48109	0.35586	0.16305
9 L	0.32206	0.51718	0.16076
10 N	0.32184	0.62428	0.05389
11 Y	0.29358	0.66766	0.03876
12 L	0.07856	0.88581	0.03563
13 S	0.05842	0.90822	0.03337
14 F	0.05841	0.90822	0.03337
15 F	0.05841	0.90939	0.0322
16 L	0.05839	0.90942	0.0322
17 Y	0.05835	0.90947	0.03218
18 F	0.05835	0.90948	0.03217
19 C	0.05833	0.90953	0.03214
20 F	0.05820	0.91023	0.03158
21 A	0.05816	0.91027	0.03158
22 K	0.05831	0.90890	0.0328
23 R	0.05831	0.90900	0.0327
24 L	0.05819	0.90974	0.03207
25 S	0.05843	0.90724	0.03433
26 Y	0.05867	0.90614	0.03519
27 F	0.06082	0.88913	0.05004
28 I	0.08987	0.82929	0.08084
29 F	0.09983	0.74773	0.15244
30 K	0.18537	0.03800	0.77664
31 K	0.19099	0.01216	0.79685
32 G	0.19114	0.00989	0.79897
33 I	0.19245	0.00806	0.79949
34 K	0.19465	0.00369	0.80167
35 T	0.19474	0.00322	0.80205
36 Y	0.19478	0.00281	0.80242
37 L	0.19479	0.00276	0.80245
38 F	0.19523	0.00228	0.80249
39 F	0.19540	0.00201	0.80259
40 K	0.19587	0.00131	0.80281
41 L	0.19594	0.00124	0.80283
42 Q	0.19654	0.00060	0.80286
43 I	0.19666	0.00044	0.8029
44 K	0.19693	0.00002	0.80305
45 N	0.19694	0.00001	0.80306
46 K	0.19694	0.00000	0.80306
47 T	0.19688	0.00006	0.80305
48 K	0.19674	0.00021	0.80305
49 L	0.19008	0.00720	0.80272
50 K	0.18861	0.00867	0.80272
51 K	0.18804	0.00931	0.80265
52 L	0.18307	0.01488	0.80205
53 N	0.18205	0.01620	0.80175
54 N	0.17609	0.02300	0.80092
55 F	0.17408	0.02630	0.79962
56 I	0.17350	0.02754	0.79896
57 F	0.17315	0.02816	0.79868
58 K	0.17314	0.02819	0.79867
59 F	0.17304	0.02860	0.79837
60 L	0.17301	0.02876	0.79823
61 K	0.17301	0.02878	0.79821
62 T	0.17299	0.02923	0.79778
63 L	0.17299	0.02926	0.79775
64 L	0.17299	0.02926	0.79775
65 F	0.17299	0.02924	0.79776
66 V	0.17300	0.02909	0.7979
67 N	0.17335	0.02007	0.80658
68 K	0.17374	0.01651	0.80975
69 K	0.17383	0.01608	0.81009
70 F	0.17386	0.01598	0.81016
71 N	0.17402	0.01563	0.81034
72 Y	0.17427	0.01518	0.81055
73 Q	0.17476	0.01437	0.81087
74 L	0.17480	0.01410	0.8111
75 L	0.17494	0.01231	0.81274
76 L	0.17523	0.01077	0.814
77 N	0.17612	0.00376	0.82012
78 I	0.17666	0.00231	0.82104
79 L	0.17729	0.00134	0.82137
80 Y	0.17830	0.00000	0.8217
