# tr|B1VA44|B1VA44_PHYAS
# AA	inside	membr	outside
1 M	0.67017	0.00000	0.32983
2 A	0.67017	0.00000	0.32983
3 L	0.67017	0.00000	0.32983
4 R	0.67017	0.00000	0.32982
5 E	0.67017	0.00002	0.32982
6 I	0.67017	0.00003	0.3298
7 I	0.67001	0.00019	0.3298
8 E	0.67001	0.00019	0.3298
9 I	0.66888	0.00133	0.32979
10 L	0.66887	0.00148	0.32965
11 T	0.66880	0.00156	0.32964
12 K	0.66747	0.00290	0.32963
13 Y	0.54154	0.13275	0.32571
14 N	0.54151	0.13277	0.32571
15 T	0.54150	0.41706	0.04143
16 L	0.29510	0.66347	0.04143
17 K	0.28258	0.67638	0.04104
18 I	0.26961	0.71459	0.0158
19 F	0.12432	0.86355	0.01213
20 L	0.03337	0.96649	0.00014
21 G	0.00018	0.99970	0.00011
22 V	0.00003	0.99994	3e-05
23 V	0.00002	0.99997	1e-05
24 L	0.00002	0.99997	1e-05
25 L	0.00002	0.99997	1e-05
26 G	0.00002	0.99997	1e-05
27 F	0.00002	0.99997	1e-05
28 A	0.00002	0.99994	4e-05
29 A	0.00002	0.99990	8e-05
30 G	0.00004	0.99967	0.00029
31 I	0.00005	0.99909	0.00086
32 L	0.00008	0.99358	0.00634
33 G	0.00047	0.94196	0.05757
34 N	0.00084	0.93407	0.0651
35 F	0.00216	0.93039	0.06745
36 V	0.01090	0.88843	0.10067
37 I	0.01926	0.87077	0.10997
38 L	0.30973	0.48307	0.2072
39 K	0.32894	0.01144	0.65962
40 Q	0.32944	0.00402	0.66654
41 K	0.32668	0.01142	0.66191
42 A	0.14150	0.43170	0.4268
43 L	0.12336	0.54869	0.32796
44 L	0.01675	0.67921	0.30403
45 G	0.01312	0.69173	0.29515
46 D	0.00842	0.70610	0.28547
47 F	0.00394	0.75093	0.24513
48 I	0.00364	0.77309	0.22327
49 S	0.00303	0.77398	0.22298
50 H	0.00288	0.77419	0.22293
51 T	0.00288	0.77420	0.22293
52 V	0.00288	0.77421	0.22292
53 L	0.00288	0.77424	0.22289
54 P	0.00288	0.77423	0.22289
55 G	0.00288	0.77424	0.22288
56 I	0.00288	0.77425	0.22287
57 A	0.00288	0.77425	0.22287
58 L	0.00288	0.77426	0.22285
59 A	0.00290	0.77390	0.2232
60 Y	0.00339	0.77226	0.22435
61 L	0.00442	0.77070	0.22488
62 F	0.07990	0.68988	0.23023
63 F	0.12977	0.62748	0.24275
64 R	0.39705	0.19726	0.4057
65 K	0.44867	0.00240	0.54893
66 T	0.44921	0.01700	0.53378
67 D	0.43981	0.04892	0.51127
68 I	0.17658	0.75182	0.0716
69 W	0.09737	0.89178	0.01085
70 V	0.01539	0.98213	0.00248
71 I	0.00179	0.99791	0.00029
72 W	0.00082	0.99912	6e-05
73 I	0.00077	0.99921	2e-05
74 G	0.00077	0.99922	1e-05
75 S	0.00076	0.99923	1e-05
76 F	0.00076	0.99923	1e-05
77 G	0.00077	0.99922	1e-05
78 A	0.00077	0.99922	1e-05
79 S	0.00077	0.99922	1e-05
80 I	0.00078	0.99921	1e-05
81 I	0.00081	0.99918	1e-05
82 S	0.00081	0.99918	1e-05
83 L	0.00083	0.99911	7e-05
84 F	0.00098	0.99891	0.00011
85 L	0.00331	0.99513	0.00156
86 M	0.09626	0.85779	0.04594
87 E	0.22546	0.69975	0.0748
88 I	0.32765	0.57931	0.09304
89 I	0.42751	0.45975	0.11274
90 K	0.50101	0.12329	0.3757
91 R	0.54820	0.00564	0.44616
92 Y	0.54894	0.00308	0.44798
93 S	0.54963	0.00137	0.44901
94 K	0.55021	0.00090	0.4489
95 I	0.54777	0.01309	0.43915
96 K	0.54609	0.01653	0.43739
97 L	0.44581	0.13762	0.41657
98 D	0.42061	0.17215	0.40725
99 T	0.27789	0.57068	0.15144
100 V	0.11233	0.85877	0.02891
101 L	0.04198	0.94666	0.01137
102 S	0.02433	0.96787	0.00781
103 L	0.01996	0.97379	0.00625
104 V	0.01988	0.97465	0.00547
105 L	0.01983	0.97477	0.00541
106 S	0.01982	0.97477	0.00541
107 S	0.01982	0.97477	0.00541
108 F	0.01982	0.97478	0.00541
109 F	0.01982	0.97478	0.00541
110 G	0.01982	0.97477	0.00542
111 L	0.01982	0.97476	0.00542
112 G	0.01984	0.97468	0.00549
113 N	0.01993	0.97449	0.00558
114 V	0.02003	0.97434	0.00562
115 L	0.02049	0.97342	0.00608
116 L	0.02269	0.96992	0.00739
117 A	0.07726	0.89921	0.02353
118 Y	0.16138	0.77124	0.06739
119 A	0.30760	0.52885	0.16355
120 Q	0.45010	0.12262	0.42728
121 K	0.45973	0.02850	0.51177
122 G	0.46226	0.01150	0.52624
123 N	0.46352	0.00124	0.53524
124 E	0.46373	0.00014	0.53613
125 D	0.46363	0.00019	0.53619
126 S	0.46336	0.00047	0.53617
127 S	0.46332	0.00052	0.53615
128 I	0.46326	0.00062	0.53612
129 A	0.46325	0.00063	0.53612
130 V	0.46325	0.00063	0.53612
131 L	0.46325	0.00063	0.53612
132 E	0.46325	0.00063	0.53612
133 K	0.46325	0.00063	0.53612
134 F	0.46325	0.00070	0.53605
135 V	0.46325	0.00071	0.53604
136 L	0.46325	0.00071	0.53604
137 G	0.46325	0.00071	0.53604
138 Q	0.46325	0.00072	0.53603
139 A	0.46322	0.00094	0.53583
140 A	0.46319	0.00135	0.53547
141 L	0.46315	0.00173	0.53512
142 M	0.46315	0.00252	0.53432
143 E	0.46305	0.00308	0.53387
144 Q	0.46296	0.00395	0.53309
145 K	0.46212	0.00709	0.53079
146 D	0.43466	0.14050	0.42484
147 V	0.13979	0.74869	0.11152
148 I	0.00614	0.97085	0.02301
149 F	0.00108	0.99015	0.00877
150 I	0.00041	0.99403	0.00555
151 A	0.00008	0.99948	0.00044
152 L	0.00004	0.99971	0.00025
153 G	0.00003	0.99974	0.00023
154 S	0.00002	0.99986	0.00012
155 L	0.00002	0.99994	5e-05
156 I	0.00002	0.99997	1e-05
157 V	0.00002	0.99997	1e-05
158 L	0.00002	0.99997	1e-05
159 I	0.00002	0.99997	1e-05
160 V	0.00002	0.99996	1e-05
161 V	0.00005	0.99994	2e-05
162 F	0.00034	0.99955	0.0001
163 L	0.00122	0.99830	0.00049
164 L	0.00927	0.98705	0.00368
165 W	0.14250	0.77238	0.08512
166 K	0.34834	0.23725	0.41441
167 E	0.36394	0.18505	0.45101
168 L	0.38682	0.15941	0.45377
169 K	0.50530	0.03482	0.45988
170 L	0.48106	0.05781	0.46113
171 F	0.48143	0.05678	0.4618
172 V	0.48019	0.05722	0.46259
173 F	0.48081	0.05633	0.46285
174 D	0.48864	0.04819	0.46317
175 E	0.48741	0.05063	0.46197
176 I	0.47347	0.06587	0.46066
177 F	0.45354	0.08621	0.46025
178 A	0.44237	0.09804	0.45959
179 Q	0.43789	0.10394	0.45817
180 S	0.28436	0.30668	0.40897
181 I	0.14433	0.45573	0.39994
182 G	0.09740	0.50420	0.3984
183 F	0.06659	0.53860	0.39481
184 N	0.05484	0.55509	0.39008
185 N	0.00966	0.68666	0.30367
186 V	0.00098	0.71809	0.28093
187 L	0.00071	0.73665	0.26265
188 I	0.00068	0.74757	0.25175
189 T	0.00073	0.75538	0.24388
190 C	0.00069	0.76054	0.23877
191 I	0.00065	0.77066	0.22869
192 F	0.00063	0.76953	0.22984
193 N	0.00063	0.73773	0.26164
194 A	0.00060	0.75371	0.24569
195 L	0.00014	0.90033	0.09953
196 L	0.00018	0.96047	0.03935
197 I	0.00021	0.97683	0.02296
198 G	0.00125	0.97001	0.02874
199 V	0.00167	0.97194	0.02639
200 I	0.00181	0.97508	0.02311
201 V	0.00254	0.96910	0.02836
202 I	0.00423	0.92602	0.06975
203 S	0.04600	0.55399	0.40001
204 L	0.05311	0.51656	0.43033
205 K	0.06105	0.49201	0.44694
206 I	0.06139	0.86086	0.07774
207 T	0.06234	0.89503	0.04262
208 G	0.06570	0.92412	0.01017
209 I	0.06724	0.93220	0.00056
210 I	0.07523	0.92466	0.0001
211 L	0.08160	0.91826	0.00014
212 T	0.09856	0.90129	0.00015
213 S	0.10486	0.89495	0.00019
214 A	0.10899	0.89081	0.0002
215 F	0.11074	0.88904	0.00022
216 F	0.11342	0.88628	0.0003
217 I	0.12536	0.87426	0.00037
218 M	0.35425	0.64439	0.00136
219 P	0.45388	0.54461	0.0015
220 S	0.49699	0.50138	0.00163
221 I	0.50119	0.49714	0.00167
222 I	0.50742	0.49081	0.00177
223 S	0.52634	0.47133	0.00233
224 R	0.90142	0.09613	0.00244
225 Q	0.93777	0.05973	0.0025
226 I	0.95884	0.03864	0.00251
227 S	0.96975	0.02745	0.00279
228 D	0.99601	0.00109	0.0029
229 K	0.97739	0.01973	0.00288
230 L	0.38851	0.60908	0.00241
231 S	0.26573	0.73205	0.00221
232 V	0.07555	0.92388	0.00058
233 N	0.06585	0.93379	0.00036
234 V	0.02948	0.97037	0.00014
235 I	0.00515	0.99474	0.0001
236 L	0.00039	0.99952	9e-05
237 S	0.00009	0.99983	8e-05
238 S	0.00004	0.99988	8e-05
239 V	0.00000	0.99992	8e-05
240 I	0.00000	0.99992	8e-05
241 M	0.00000	0.99992	8e-05
242 V	0.00000	0.99992	8e-05
243 F	0.00000	0.99992	8e-05
244 S	0.00000	0.99992	8e-05
245 G	0.00000	0.99991	9e-05
246 F	0.00000	0.99990	0.0001
247 V	0.00000	0.99986	0.00014
248 G	0.00000	0.99724	0.00276
249 I	0.00000	0.98801	0.01198
250 V	0.00002	0.91200	0.08798
251 V	0.00014	0.88849	0.11137
252 S	0.00107	0.81811	0.18083
253 T	0.00154	0.39979	0.59866
254 L	0.00167	0.23233	0.76599
255 N	0.00270	0.00442	0.99288
256 D	0.00282	0.00223	0.99495
257 N	0.00267	0.01761	0.97972
258 V	0.00218	0.04351	0.95431
259 P	0.00213	0.04871	0.94916
260 T	0.00207	0.05663	0.9413
261 G	0.00141	0.07804	0.92055
262 P	0.00132	0.33272	0.66596
263 T	0.00073	0.62505	0.37422
264 I	0.00012	0.97589	0.02399
265 I	0.00005	0.99207	0.00788
266 I	0.00002	0.99664	0.00334
267 V	0.00000	0.99973	0.00026
268 T	0.00000	0.99985	0.00015
269 G	0.00000	0.99999	1e-05
270 I	0.00000	0.99999	0
271 V	0.00000	1.00000	0
272 L	0.00000	1.00000	0
273 F	0.00000	1.00000	0
274 L	0.00000	1.00000	0
275 V	0.00000	1.00000	0
276 L	0.00003	0.99997	0
277 L	0.00014	0.99985	1e-05
278 L	0.00172	0.99823	4e-05
279 A	0.01269	0.98713	0.00018
280 P	0.05289	0.94660	0.00052
281 K	0.08431	0.91439	0.0013
282 Y	0.08788	0.91081	0.00132
283 G	0.09416	0.90448	0.00136
284 F	0.11044	0.88798	0.00158
285 I	0.34708	0.65122	0.0017
286 S	0.68651	0.31121	0.00227
287 R	0.99381	0.00337	0.00282
288 K	0.99665	0.00051	0.00284
289 I	0.99670	0.00046	0.00284
290 F	0.99688	0.00027	0.00284
291 N	0.99706	0.00009	0.00285
292 S	0.99715	0.00000	0.00285
293 K	0.99715	0.00000	0.00285
294 K	0.99715	0.00000	0.00285
295 E	0.99715	0.00000	0.00285
296 K	0.99715	0.00000	0.00285
297 V	0.99715	0.00000	0.00285
298 F	0.99715	0.00000	0.00285
299 K	0.99715	0.00000	0.00285
300 F	0.99715	0.00000	0.00285
301 N	0.99715	0.00000	0.00285
