# tr|B1VB27|B1VB27_PHYAS
# AA	inside	membr	outside
1 M	0.10056	0.00000	0.89943
2 F	0.04989	0.05067	0.89943
3 P	0.04594	0.05462	0.89943
4 L	0.04594	0.86550	0.08855
5 L	0.01223	0.95107	0.0367
6 A	0.01223	0.95449	0.03328
7 N	0.00386	0.96492	0.03122
8 L	0.00386	0.96501	0.03113
9 M	0.00140	0.97615	0.02245
10 T	0.00140	0.99597	0.00263
11 V	0.00117	0.99690	0.00192
12 F	0.00040	0.99776	0.00184
13 R	0.00037	0.99779	0.00184
14 I	0.00037	0.99779	0.00184
15 L	0.00037	0.99779	0.00183
16 L	0.00037	0.99779	0.00183
17 I	0.00037	0.99779	0.00184
18 F	0.00037	0.99778	0.00184
19 V	0.00038	0.99774	0.00188
20 L	0.00038	0.99721	0.00241
21 L	0.00106	0.99565	0.00329
22 P	0.02550	0.96847	0.00603
23 L	0.02803	0.96421	0.00775
24 M	0.03022	0.94395	0.02583
25 S	0.04466	0.86850	0.08684
26 F	0.04529	0.86500	0.08971
27 D	0.89373	0.00924	0.09703
28 E	0.89701	0.00315	0.09984
29 Y	0.89714	0.00282	0.10005
30 D	0.89713	0.00118	0.10169
31 W	0.88389	0.01615	0.09996
32 K	0.88330	0.01804	0.09866
33 F	0.01055	0.92160	0.06785
34 I	0.00288	0.98776	0.00936
35 L	0.00109	0.99390	0.00501
36 I	0.00037	0.99875	0.00089
37 F	0.00029	0.99921	0.0005
38 Q	0.00022	0.99932	0.00047
39 I	0.00004	0.99959	0.00038
40 I	0.00004	0.99959	0.00038
41 F	0.00004	0.99959	0.00038
42 I	0.00004	0.99959	0.00038
43 A	0.00004	0.99959	0.00038
44 A	0.00004	0.99959	0.00038
45 A	0.00004	0.99959	0.00038
46 L	0.00004	0.99952	0.00044
47 T	0.00007	0.99929	0.00065
48 D	0.00011	0.99585	0.00404
49 Y	0.00013	0.99431	0.00556
50 L	0.00026	0.99214	0.0076
51 D	0.00268	0.93231	0.06501
52 G	0.00308	0.92486	0.07206
53 Y	0.00384	0.91135	0.08481
54 I	0.01155	0.89524	0.09321
55 A	0.03808	0.86317	0.09875
56 R	0.08755	0.02059	0.89186
57 K	0.10157	0.00019	0.89824
58 Y	0.10162	0.00010	0.89828
59 K	0.10169	0.00000	0.8983
60 Q	0.10169	0.00049	0.89782
61 Q	0.10169	0.00072	0.89759
62 T	0.10144	0.00155	0.89701
63 V	0.10105	0.00278	0.89617
64 F	0.10099	0.00293	0.89608
65 G	0.10089	0.00457	0.89453
66 K	0.10088	0.00477	0.89436
67 F	0.10061	0.01716	0.88222
68 F	0.10031	0.05674	0.84295
69 D	0.10029	0.05888	0.84083
70 P	0.09909	0.36414	0.53677
71 I	0.09850	0.37926	0.52224
72 A	0.09837	0.38349	0.51814
73 D	0.09796	0.38623	0.51581
74 K	0.09345	0.39581	0.51074
75 L	0.01013	0.97487	0.015
76 L	0.00574	0.99099	0.00326
77 V	0.00553	0.99321	0.00126
78 I	0.00552	0.99380	0.00068
79 I	0.00552	0.99399	0.00049
80 A	0.00552	0.99400	0.00047
81 L	0.00552	0.99400	0.00048
82 F	0.00557	0.99394	0.00049
83 Y	0.00633	0.99307	0.0006
84 L	0.00680	0.99253	0.00067
85 C	0.00911	0.98996	0.00093
86 Q	0.01335	0.98552	0.00113
87 F	0.01389	0.98489	0.00122
88 R	0.01941	0.97906	0.00153
89 F	0.01991	0.97854	0.00155
90 L	0.11594	0.88236	0.00169
91 T	0.37430	0.62304	0.00265
92 I	0.41737	0.57861	0.00402
93 P	0.66610	0.24458	0.08932
94 K	0.68121	0.22654	0.09225
95 N	0.68209	0.22561	0.0923
96 F	0.68289	0.22495	0.09216
97 F	0.67479	0.23349	0.09172
98 I	0.87317	0.03333	0.0935
99 E	0.88281	0.02147	0.09572
100 K	0.88035	0.02397	0.09568
101 R	0.82872	0.07762	0.09367
102 F	0.36322	0.62072	0.01606
103 F	0.11785	0.87171	0.01043
104 L	0.04294	0.94701	0.01005
105 P	0.02315	0.96714	0.00971
106 I	0.02092	0.96952	0.00956
107 L	0.02076	0.96998	0.00926
108 M	0.02070	0.97006	0.00925
109 V	0.01946	0.97130	0.00924
110 I	0.01935	0.97142	0.00924
111 I	0.01933	0.97143	0.00924
112 I	0.01932	0.97142	0.00927
113 R	0.01933	0.97087	0.00979
114 E	0.01934	0.97054	0.01013
115 F	0.01932	0.97009	0.01059
116 L	0.01935	0.96871	0.01194
117 V	0.01986	0.96046	0.01968
118 S	0.02255	0.93987	0.03758
119 G	0.02293	0.93502	0.04204
120 V	0.02700	0.91889	0.05411
121 R	0.04393	0.87439	0.08168
122 M	0.06017	0.82047	0.11936
123 L	0.06310	0.79703	0.13987
124 A	0.06852	0.74723	0.18424
125 A	0.10230	0.28759	0.61012
126 E	0.10654	0.03640	0.85706
127 N	0.10656	0.00193	0.89152
128 E	0.10656	0.00103	0.89241
129 V	0.10563	0.00316	0.89121
130 V	0.10536	0.00437	0.89027
131 V	0.10351	0.00661	0.88988
132 E	0.10326	0.00628	0.89046
133 A	0.09939	0.01944	0.88117
134 S	0.09313	0.05321	0.85367
135 F	0.08631	0.19438	0.7193
136 L	0.07834	0.21531	0.70635
137 G	0.07439	0.22401	0.7016
138 K	0.07416	0.22739	0.69844
139 A	0.07204	0.51464	0.41332
140 K	0.06985	0.63171	0.29844
141 T	0.04615	0.79495	0.1589
142 L	0.01496	0.89787	0.08717
143 F	0.01079	0.92163	0.06758
144 T	0.00599	0.98183	0.01217
145 F	0.00055	0.99838	0.00107
146 L	0.00032	0.99900	0.00068
147 A	0.00022	0.99956	0.00022
148 I	0.00018	0.99972	0.0001
149 F	0.00018	0.99973	9e-05
150 F	0.00019	0.99970	0.00011
151 L	0.00022	0.99960	0.00018
152 F	0.00067	0.99838	0.00095
153 F	0.00166	0.99694	0.0014
154 G	0.00300	0.99338	0.00362
155 L	0.00410	0.99146	0.00444
156 Y	0.01656	0.97440	0.00905
157 L	0.07018	0.90978	0.02004
158 N	0.28025	0.68913	0.03062
159 T	0.61550	0.34691	0.03759
160 E	0.76535	0.17929	0.05536
161 G	0.77656	0.16549	0.05795
162 I	0.78644	0.15016	0.0634
163 P	0.81092	0.11980	0.06928
164 P	0.82645	0.09204	0.08151
165 S	0.83616	0.06350	0.10034
166 I	0.83852	0.06009	0.10138
167 K	0.89061	0.00301	0.10638
168 E	0.89271	0.00100	0.10629
169 I	0.88557	0.00913	0.1053
170 F	0.87544	0.01950	0.10506
171 R	0.86719	0.02805	0.10475
172 H	0.86117	0.03454	0.10429
173 I	0.84843	0.04896	0.10261
174 N	0.84095	0.05829	0.10077
175 K	0.82911	0.07371	0.09719
176 I	0.73400	0.19465	0.07135
177 G	0.67896	0.25858	0.06246
178 D	0.61813	0.33014	0.05173
179 V	0.07006	0.92042	0.00952
180 F	0.01712	0.98010	0.00278
181 L	0.00994	0.98824	0.00182
182 L	0.00558	0.99314	0.00129
183 L	0.00539	0.99342	0.0012
184 A	0.00537	0.99345	0.00118
185 T	0.00536	0.99348	0.00117
186 F	0.00535	0.99349	0.00116
187 L	0.00535	0.99347	0.00119
188 T	0.00536	0.99340	0.00125
189 I	0.00537	0.99324	0.00139
190 I	0.00541	0.99249	0.0021
191 S	0.00594	0.98679	0.00727
192 G	0.00700	0.97788	0.01511
193 I	0.00755	0.96552	0.02693
194 D	0.01660	0.89333	0.09007
195 Y	0.01708	0.88305	0.09987
196 F	0.02261	0.82795	0.14944
197 C	0.05526	0.41658	0.52816
198 K	0.09457	0.10255	0.80288
199 N	0.10329	0.06018	0.83653
200 F	0.10488	0.05659	0.83854
201 Q	0.10798	0.05072	0.84131
202 L	0.10881	0.04430	0.84689
203 I	0.10972	0.02901	0.86127
204 V	0.11025	0.01500	0.87475
205 K	0.11072	0.00022	0.88906
206 N	0.11074	0.00006	0.88921
207 F	0.11074	0.00005	0.88921
208 S	0.11075	0.00003	0.88922
209 P	0.11075	0.00001	0.88924
210 N	0.11075	0.00000	0.88924
211 E	0.11075	0.00000	0.88924
212 L	0.11075	0.00000	0.88924
213 D	0.11075	0.00000	0.88924
214 P	0.11075	0.00000	0.88924
215 K	0.11075	0.00000	0.88924
216 K	0.11075	0.00000	0.88924
