# tr|B1VAB9|B1VAB9_PHYAS
# AA	inside	membr	outside
1 M	0.96901	0.00000	0.03098
2 K	0.96901	0.00000	0.03098
3 A	0.96901	0.00000	0.03098
4 I	0.96901	0.00000	0.03098
5 I	0.96901	0.00000	0.03098
6 L	0.96901	0.00000	0.03098
7 I	0.96901	0.00000	0.03098
8 K	0.96901	0.00000	0.03098
9 K	0.96901	0.00000	0.03098
10 L	0.96901	0.00000	0.03098
11 K	0.96901	0.00000	0.03098
12 K	0.96891	0.00011	0.03098
13 Y	0.96551	0.00351	0.03097
14 F	0.96551	0.00352	0.03097
15 K	0.96551	0.00471	0.02978
16 I	0.94004	0.03017	0.02978
17 L	0.89652	0.07492	0.02856
18 R	0.89471	0.08184	0.02344
19 M	0.84857	0.12989	0.02154
20 L	0.45822	0.54039	0.00139
21 F	0.00365	0.99503	0.00132
22 L	0.00055	0.99883	0.00061
23 I	0.00020	0.99949	0.00031
24 V	0.00019	0.99951	0.0003
25 K	0.00019	0.99952	0.0003
26 K	0.00019	0.99953	0.00028
27 I	0.00011	0.99972	0.00017
28 G	0.00004	0.99985	0.00011
29 L	0.00003	0.99990	7e-05
30 T	0.00003	0.99990	7e-05
31 Y	0.00003	0.99990	7e-05
32 F	0.00003	0.99989	8e-05
33 V	0.00003	0.99985	0.00012
34 V	0.00003	0.99975	0.00022
35 G	0.00004	0.99921	0.00076
36 L	0.00005	0.99620	0.00376
37 F	0.00007	0.99541	0.00453
38 F	0.00074	0.98662	0.01264
39 V	0.00160	0.92656	0.07184
40 L	0.00956	0.70190	0.28853
41 K	0.02486	0.13906	0.83608
42 T	0.02596	0.11549	0.85855
43 K	0.03074	0.00313	0.96614
44 K	0.03075	0.00044	0.96881
45 I	0.03075	0.00044	0.96881
46 I	0.03075	0.00043	0.96882
47 F	0.03078	0.00035	0.96887
48 K	0.03085	0.00022	0.96893
49 I	0.03085	0.00022	0.96893
50 F	0.03088	0.00015	0.96898
51 S	0.03092	0.00005	0.96903
52 K	0.03094	0.00001	0.96905
53 T	0.03094	0.00001	0.96905
54 V	0.03094	0.00001	0.96905
55 F	0.03094	0.00001	0.96905
56 K	0.03094	0.00001	0.96905
57 G	0.03094	0.00001	0.96905
58 E	0.03094	0.00001	0.96905
59 K	0.03094	0.00001	0.96905
60 I	0.03094	0.00001	0.96905
61 I	0.03094	0.00001	0.96905
62 N	0.03095	0.00001	0.96905
63 E	0.03095	0.00000	0.96905
64 A	0.03095	0.00000	0.96905
65 K	0.03095	0.00000	0.96905
66 K	0.03095	0.00000	0.96905
67 I	0.03095	0.00000	0.96905
68 S	0.03095	0.00000	0.96904
69 Q	0.03095	0.00001	0.96904
70 E	0.03095	0.00005	0.96899
71 F	0.03091	0.00083	0.96826
72 Y	0.03089	0.00207	0.96704
73 Y	0.03088	0.00219	0.96693
74 Y	0.03088	0.00225	0.96688
75 T	0.03087	0.00235	0.96677
76 L	0.03087	0.00246	0.96667
77 K	0.03087	0.00254	0.96659
78 K	0.03087	0.00285	0.96628
79 D	0.03084	0.00941	0.95975
80 F	0.02953	0.15512	0.81535
81 S	0.02900	0.19424	0.77675
82 L	0.02706	0.26066	0.71228
83 I	0.02680	0.26614	0.70706
84 S	0.02675	0.26640	0.70685
85 G	0.02669	0.26681	0.7065
86 L	0.02666	0.26703	0.70631
87 K	0.02666	0.26710	0.70624
88 K	0.02663	0.26776	0.70561
89 I	0.02655	0.27088	0.70257
90 L	0.02653	0.27140	0.70208
91 F	0.02651	0.27174	0.70175
92 F	0.02653	0.27192	0.70156
93 L	0.02661	0.27184	0.70155
94 F	0.02737	0.27105	0.70159
95 R	0.03129	0.26708	0.70164
96 N	0.03199	0.26638	0.70163
97 S	0.03287	0.26556	0.70156
98 F	0.03655	0.26185	0.7016
99 V	0.06315	0.23511	0.70175
100 R	0.23872	0.05874	0.70254
101 T	0.23994	0.05751	0.70255
102 I	0.24027	0.05715	0.70258
103 F	0.24395	0.05293	0.70312
104 V	0.25270	0.04371	0.70359
105 L	0.28542	0.00906	0.70552
106 D	0.29103	0.00320	0.70577
107 S	0.29179	0.00241	0.7058
108 R	0.29250	0.00168	0.70582
109 I	0.29269	0.00148	0.70583
110 D	0.29311	0.00102	0.70587
111 F	0.29314	0.00099	0.70587
112 N	0.29377	0.00034	0.7059
113 I	0.29385	0.00026	0.7059
114 L	0.29390	0.00020	0.7059
115 R	0.29409	0.00000	0.70591
