# tr|B1V974|B1V974_PHYAS
# AA	inside	membr	outside
1 M	0.97914	0.00000	0.02086
2 I	0.97914	0.00000	0.02086
3 Y	0.97914	0.00000	0.02086
4 K	0.97914	0.00000	0.02086
5 K	0.97914	0.00000	0.02086
6 N	0.97914	0.00000	0.02086
7 Q	0.97914	0.00000	0.02086
8 I	0.97914	0.00000	0.02086
9 N	0.97914	0.00000	0.02086
10 K	0.97914	0.00000	0.02086
11 K	0.97914	0.00000	0.02086
12 K	0.97914	0.00000	0.02086
13 I	0.97914	0.00000	0.02086
14 M	0.97914	0.00000	0.02086
15 I	0.97914	0.00000	0.02086
16 A	0.97914	0.00000	0.02086
17 E	0.97914	0.00000	0.02086
18 E	0.97914	0.00000	0.02086
19 K	0.97914	0.00000	0.02086
20 K	0.97912	0.00002	0.02086
21 R	0.97820	0.00094	0.02086
22 K	0.97774	0.00140	0.02086
23 F	0.97052	0.00866	0.02082
24 L	0.95679	0.02247	0.02074
25 L	0.95526	0.02400	0.02073
26 E	0.95337	0.02592	0.02072
27 G	0.84734	0.13244	0.02023
28 N	0.46802	0.51342	0.01855
29 L	0.11301	0.87186	0.01513
30 W	0.08540	0.90110	0.0135
31 K	0.06745	0.92028	0.01227
32 V	0.00746	0.98772	0.00481
33 I	0.00242	0.99631	0.00127
34 L	0.00101	0.99830	0.00069
35 Y	0.00046	0.99933	0.0002
36 V	0.00027	0.99966	7e-05
37 T	0.00026	0.99969	5e-05
38 F	0.00019	0.99978	3e-05
39 P	0.00017	0.99982	1e-05
40 I	0.00012	0.99988	0
41 I	0.00011	0.99988	1e-05
42 I	0.00011	0.99986	3e-05
43 Y	0.00011	0.99967	0.00022
44 L	0.00011	0.99877	0.00112
45 V	0.00012	0.99784	0.00204
46 F	0.00016	0.99061	0.00922
47 Q	0.00042	0.96622	0.03336
48 V	0.00045	0.95715	0.0424
49 F	0.00056	0.93103	0.06841
50 F	0.00229	0.78791	0.20981
51 N	0.00777	0.29875	0.69348
52 S	0.01256	0.03232	0.95512
53 Y	0.01546	0.02094	0.9636
54 D	0.01836	0.00869	0.97295
55 I	0.01879	0.00614	0.97506
56 L	0.01993	0.00408	0.97599
57 F	0.02027	0.00254	0.97719
58 Y	0.02081	0.00067	0.97853
59 K	0.02095	0.00004	0.97901
60 S	0.02095	0.00003	0.97902
61 S	0.02096	0.00002	0.97903
62 K	0.02097	0.00000	0.97903
63 G	0.02097	0.00000	0.97903
64 E	0.02097	0.00000	0.97903
65 V	0.02097	0.00000	0.97903
66 D	0.02097	0.00000	0.97903
67 K	0.02097	0.00000	0.97903
68 C	0.02097	0.00000	0.97903
69 F	0.02097	0.00000	0.97903
70 L	0.02097	0.00001	0.97902
71 P	0.02097	0.00001	0.97902
72 S	0.02097	0.00002	0.97901
73 M	0.02097	0.00012	0.97891
74 N	0.02095	0.00029	0.97876
75 R	0.02091	0.00560	0.9735
76 I	0.01669	0.08399	0.89932
77 H	0.01501	0.12683	0.85816
78 L	0.01468	0.14430	0.84102
79 V	0.01459	0.15736	0.82805
80 K	0.01456	0.16089	0.82455
81 D	0.01411	0.22371	0.76218
82 I	0.00120	0.93376	0.06503
83 L	0.00016	0.97439	0.02545
84 I	0.00005	0.98087	0.01907
85 P	0.00003	0.98197	0.018
86 F	0.00002	0.98271	0.01728
87 G	0.00002	0.98298	0.017
88 A	0.00002	0.98300	0.01697
89 S	0.00002	0.98301	0.01697
90 I	0.00002	0.98301	0.01696
91 A	0.00002	0.98301	0.01696
92 T	0.00002	0.98301	0.01696
93 A	0.00003	0.98301	0.01696
94 G	0.00005	0.98298	0.01697
95 V	0.00006	0.98296	0.01697
96 I	0.00014	0.98287	0.01699
97 L	0.00059	0.98238	0.01703
98 V	0.01139	0.97140	0.0172
99 G	0.12339	0.85481	0.02179
100 R	0.50062	0.46802	0.03136
101 N	0.55881	0.40930	0.03188
102 Y	0.65432	0.31344	0.03224
103 G	0.69849	0.26853	0.03297
104 N	0.72669	0.23896	0.03435
105 K	0.96128	0.00080	0.03791
106 N	0.96202	0.00007	0.03791
107 I	0.96206	0.00002	0.03791
108 E	0.96208	0.00000	0.03791
109 K	0.96206	0.00003	0.03791
110 M	0.95964	0.00245	0.03791
111 R	0.94041	0.02169	0.0379
112 S	0.71239	0.25030	0.03731
113 Y	0.61170	0.35648	0.03182
114 L	0.50625	0.47574	0.018
115 S	0.50042	0.48256	0.01702
116 Q	0.47906	0.50484	0.01611
117 T	0.29287	0.69382	0.01331
118 F	0.19458	0.79825	0.00717
119 I	0.01314	0.98668	0.00018
120 L	0.00417	0.99573	9e-05
121 T	0.00357	0.99637	7e-05
122 V	0.00092	0.99907	2e-05
123 I	0.00032	0.99967	0
124 V	0.00005	0.99994	0
125 S	0.00003	0.99997	0
126 F	0.00003	0.99997	0
127 V	0.00003	0.99997	0
128 I	0.00003	0.99996	0
129 T	0.00003	0.99991	5e-05
130 I	0.00003	0.99962	0.00034
131 L	0.00003	0.99847	0.0015
132 F	0.00004	0.99303	0.00694
133 G	0.00006	0.98052	0.01941
134 F	0.00011	0.95304	0.04685
135 F	0.00079	0.73822	0.26099
136 L	0.00681	0.60124	0.39195
137 K	0.02403	0.29125	0.68472
138 T	0.02582	0.28451	0.68966
139 T	0.02657	0.27640	0.69703
140 I	0.02709	0.25573	0.71717
141 L	0.03150	0.18924	0.77926
142 K	0.03791	0.00395	0.95814
143 N	0.03792	0.00060	0.96148
144 I	0.03792	0.00055	0.96153
145 C	0.03793	0.00024	0.96183
146 D	0.03795	0.00007	0.96198
147 I	0.03795	0.00005	0.962
148 K	0.03795	0.00000	0.96205
149 Q	0.03795	0.00000	0.96205
150 N	0.03795	0.00000	0.96205
151 N	0.03795	0.00000	0.96205
152 P	0.03795	0.00001	0.96204
153 A	0.03795	0.00001	0.96204
154 N	0.03795	0.00003	0.96202
155 Q	0.03795	0.00044	0.96161
156 T	0.03767	0.00717	0.95516
157 S	0.03321	0.01361	0.95317
158 L	0.02271	0.02935	0.94795
159 K	0.02211	0.06263	0.91526
160 N	0.01867	0.21083	0.7705
161 Y	0.00422	0.67745	0.31833
162 Y	0.00122	0.93214	0.06664
163 F	0.00011	0.97523	0.02466
164 V	0.00001	0.99894	0.00105
165 I	0.00000	0.99985	0.00015
166 I	0.00000	0.99999	1e-05
167 L	0.00000	0.99999	1e-05
168 S	0.00000	0.99999	1e-05
169 I	0.00000	0.99999	1e-05
170 F	0.00000	0.99999	1e-05
171 C	0.00000	0.99999	1e-05
172 I	0.00000	0.99999	1e-05
173 I	0.00000	0.99999	1e-05
174 I	0.00001	0.99998	1e-05
175 N	0.00004	0.99994	3e-05
176 T	0.00011	0.99982	7e-05
177 V	0.00016	0.99973	0.00012
178 F	0.00628	0.99344	0.00028
179 L	0.07957	0.91971	0.00071
180 A	0.17683	0.81720	0.00596
181 L	0.21050	0.75616	0.03334
182 E	0.76842	0.19471	0.03688
183 R	0.81597	0.14664	0.03739
184 A	0.95350	0.00890	0.0376
185 K	0.96118	0.00089	0.03793
186 G	0.94110	0.02097	0.03794
187 N	0.92077	0.04131	0.03792
188 N	0.66546	0.29675	0.03779
189 K	0.62771	0.33753	0.03476
190 I	0.11228	0.88314	0.00458
191 I	0.03904	0.95992	0.00104
192 L	0.02148	0.97819	0.00033
193 I	0.01224	0.98758	0.00018
194 T	0.00986	0.99003	0.00011
195 T	0.00879	0.99112	9e-05
196 A	0.00860	0.99131	9e-05
197 L	0.00858	0.99133	9e-05
198 N	0.00857	0.99134	9e-05
199 V	0.00857	0.99134	9e-05
200 F	0.00857	0.99134	9e-05
201 I	0.00857	0.99134	9e-05
202 K	0.00857	0.99128	0.00015
203 V	0.00857	0.99128	0.00016
204 I	0.00857	0.99103	0.0004
205 L	0.00857	0.98823	0.00319
206 S	0.00865	0.97346	0.01789
207 N	0.00878	0.96636	0.02486
208 L	0.00885	0.96051	0.03064
209 F	0.00900	0.92847	0.06253
210 W	0.01386	0.75032	0.23582
211 N	0.01808	0.37902	0.6029
212 W	0.02743	0.33111	0.64146
213 K	0.04613	0.00656	0.9473
214 E	0.04643	0.00048	0.95309
215 D	0.04639	0.00105	0.95256
216 I	0.04339	0.05323	0.90338
217 T	0.03509	0.14482	0.82009
218 S	0.01859	0.21518	0.76623
219 L	0.00357	0.37269	0.62374
220 G	0.00317	0.68404	0.31279
221 Y	0.00155	0.73364	0.26481
222 A	0.00126	0.83559	0.16315
223 T	0.00076	0.89076	0.10848
224 L	0.00006	0.95806	0.04187
225 L	0.00000	0.99124	0.00876
226 A	0.00000	0.99240	0.00759
227 H	0.00000	0.99893	0.00107
228 A	0.00000	0.99960	0.0004
229 I	0.00000	0.99985	0.00014
230 V	0.00000	0.99989	0.00011
231 T	0.00000	0.99990	0.0001
232 V	0.00000	0.99997	2e-05
233 F	0.00000	0.99998	2e-05
234 A	0.00001	0.99997	2e-05
235 F	0.00001	0.99996	3e-05
236 W	0.00010	0.99981	8e-05
237 F	0.00038	0.99915	0.00047
238 L	0.00326	0.99516	0.00158
239 F	0.04969	0.94331	0.007
240 W	0.16958	0.81408	0.01634
241 N	0.27965	0.68112	0.03923
242 H	0.45684	0.49770	0.04546
243 N	0.79095	0.16336	0.04569
244 N	0.84499	0.10892	0.04608
245 F	0.87432	0.07956	0.04612
246 L	0.90101	0.05286	0.04613
247 K	0.95131	0.00224	0.04645
248 I	0.95212	0.00143	0.04645
249 I	0.95215	0.00139	0.04645
250 L	0.95266	0.00089	0.04645
251 K	0.95350	0.00005	0.04645
252 K	0.95354	0.00000	0.04645
253 L	0.95354	0.00000	0.04645
254 H	0.95354	0.00000	0.04645
255 F	0.95354	0.00000	0.04645
256 E	0.95354	0.00000	0.04645
257 K	0.95351	0.00004	0.04645
258 R	0.95153	0.00204	0.04643
259 F	0.94032	0.01329	0.04639
260 L	0.93273	0.02094	0.04633
261 K	0.93102	0.02269	0.04629
262 K	0.78004	0.17464	0.04532
263 L	0.38284	0.58849	0.02866
264 V	0.30125	0.67899	0.01977
265 P	0.26322	0.71972	0.01706
266 L	0.11990	0.87807	0.00204
267 A	0.01946	0.97968	0.00085
268 V	0.01335	0.98595	0.00069
269 P	0.01270	0.98672	0.00057
270 I	0.00498	0.99478	0.00024
271 C	0.00280	0.99703	0.00017
272 I	0.00200	0.99794	6e-05
273 S	0.00197	0.99798	5e-05
274 N	0.00192	0.99804	4e-05
275 I	0.00179	0.99820	1e-05
276 I	0.00176	0.99823	1e-05
277 F	0.00174	0.99821	5e-05
278 I	0.00175	0.99806	0.00019
279 L	0.00176	0.99709	0.00116
280 G	0.00178	0.98868	0.00953
281 K	0.00260	0.97258	0.02482
282 L	0.00270	0.97189	0.02541
283 I	0.00359	0.96937	0.02705
284 I	0.00514	0.96489	0.02997
285 S	0.00920	0.74186	0.24893
286 I	0.02232	0.43422	0.54346
287 T	0.03046	0.35510	0.61444
288 L	0.03183	0.30877	0.6594
289 T	0.04629	0.14447	0.80925
290 R	0.04742	0.01926	0.93332
291 Y	0.04748	0.01357	0.93895
292 Y	0.04754	0.01277	0.93968
293 G	0.04786	0.00675	0.94538
294 S	0.04800	0.00307	0.94893
295 E	0.04819	0.00026	0.95155
296 Q	0.04819	0.00124	0.95057
297 G	0.04819	0.00264	0.94917
298 K	0.04819	0.00508	0.94673
299 V	0.04819	0.35561	0.5962
300 I	0.04819	0.65451	0.2973
301 D	0.04818	0.66988	0.28193
302 T	0.04818	0.71207	0.23975
303 Q	0.04818	0.84399	0.10782
304 L	0.04817	0.91669	0.03514
305 I	0.04817	0.94398	0.00785
306 L	0.04817	0.94589	0.00594
307 A	0.04817	0.94716	0.00467
308 V	0.04816	0.94798	0.00386
309 S	0.04817	0.94802	0.00382
310 I	0.04817	0.94811	0.00372
311 N	0.04818	0.94813	0.0037
312 N	0.04819	0.94819	0.00362
313 I	0.04819	0.94831	0.0035
314 F	0.04848	0.94803	0.00349
315 S	0.05006	0.94646	0.00349
316 N	0.05312	0.94340	0.00349
317 I	0.06128	0.93524	0.00348
318 I	0.07289	0.92364	0.00348
319 N	0.17444	0.82208	0.00348
320 S	0.20874	0.78778	0.00349
321 F	0.23481	0.76171	0.00349
322 A	0.52246	0.47405	0.00349
323 D	0.95642	0.04009	0.0035
324 S	0.98086	0.01564	0.0035
325 Q	0.98972	0.00678	0.0035
326 N	0.99045	0.00605	0.0035
327 A	0.99075	0.00575	0.0035
328 I	0.99226	0.00424	0.0035
329 I	0.99364	0.00286	0.0035
330 S	0.99550	0.00100	0.00351
331 Q	0.99639	0.00010	0.00351
332 N	0.99641	0.00009	0.00351
333 L	0.99642	0.00007	0.00351
334 G	0.99644	0.00006	0.00351
335 Q	0.99646	0.00004	0.00351
336 K	0.99650	0.00000	0.00351
337 N	0.99648	0.00001	0.00351
338 M	0.99640	0.00010	0.00351
339 N	0.99605	0.00044	0.00351
340 R	0.99453	0.00197	0.0035
341 V	0.95811	0.03840	0.00348
342 F	0.84897	0.14763	0.0034
343 Q	0.68844	0.30828	0.00328
344 I	0.52214	0.47528	0.00259
345 F	0.44397	0.55388	0.00215
346 Q	0.43774	0.56014	0.00212
347 K	0.42036	0.57757	0.00207
348 I	0.12688	0.87292	0.0002
349 M	0.10239	0.89752	9e-05
350 I	0.02901	0.97096	3e-05
351 S	0.02040	0.97958	3e-05
352 I	0.00797	0.99202	1e-05
353 V	0.00061	0.99938	1e-05
354 V	0.00015	0.99984	1e-05
355 L	0.00003	0.99996	1e-05
356 A	0.00001	0.99998	1e-05
357 F	0.00000	0.99999	1e-05
358 L	0.00000	0.99998	2e-05
359 G	0.00000	0.99983	0.00018
360 T	0.00000	0.99957	0.00044
361 L	0.00000	0.99909	0.0009
362 I	0.00000	0.99798	0.00202
363 H	0.00001	0.99205	0.00795
364 I	0.00001	0.96776	0.03223
365 F	0.00005	0.85915	0.1408
366 C	0.00028	0.58660	0.41311
367 Y	0.00121	0.39987	0.59891
368 R	0.00335	0.12878	0.86787
369 K	0.00339	0.10741	0.8892
370 I	0.00339	0.10680	0.88981
371 L	0.00342	0.09656	0.90002
372 F	0.00345	0.08983	0.90672
373 Y	0.00348	0.03162	0.9649
374 F	0.00348	0.02054	0.97598
375 M	0.00349	0.00819	0.98832
376 K	0.00349	0.00006	0.99645
377 E	0.00349	0.00002	0.99649
378 T	0.00349	0.00003	0.99648
379 I	0.00349	0.00007	0.99644
380 E	0.00349	0.00008	0.99643
381 R	0.00349	0.00020	0.99631
382 G	0.00348	0.00346	0.99306
383 S	0.00347	0.00505	0.99148
384 T	0.00346	0.00756	0.98898
385 F	0.00339	0.00984	0.98676
386 K	0.00337	0.01155	0.98508
387 I	0.00197	0.26330	0.73473
388 L	0.00107	0.59236	0.40657
389 L	0.00101	0.73317	0.26582
390 F	0.00096	0.85289	0.14615
391 Y	0.00096	0.87245	0.12659
392 E	0.00096	0.88062	0.11841
393 T	0.00095	0.95245	0.0466
394 T	0.00093	0.97782	0.02125
395 G	0.00092	0.99753	0.00155
396 L	0.00092	0.99880	0.00028
397 F	0.00092	0.99902	6e-05
398 L	0.00092	0.99907	1e-05
399 T	0.00092	0.99907	1e-05
400 S	0.00092	0.99907	1e-05
401 F	0.00092	0.99907	1e-05
402 S	0.00094	0.99906	1e-05
403 I	0.00094	0.99905	1e-05
404 V	0.00097	0.99901	2e-05
405 L	0.00814	0.99166	0.00019
406 C	0.02130	0.97838	0.00032
407 N	0.03487	0.96465	0.00048
408 F	0.03584	0.96346	0.00069
409 L	0.04115	0.95810	0.00075
410 V	0.19955	0.79907	0.00138
411 C	0.61976	0.37832	0.00192
412 F	0.79414	0.20379	0.00207
413 K	0.99551	0.00192	0.00257
414 K	0.99546	0.00199	0.00255
415 T	0.99343	0.00412	0.00245
416 K	0.94050	0.05712	0.00239
417 I	0.45224	0.54667	0.00109
418 Y	0.25557	0.74346	0.00097
419 L	0.16307	0.83647	0.00046
420 S	0.16240	0.83717	0.00043
421 M	0.13543	0.86420	0.00038
422 N	0.08635	0.91329	0.00036
423 L	0.01576	0.98389	0.00035
424 L	0.00222	0.99746	0.00033
425 R	0.00152	0.99816	0.00032
426 V	0.00040	0.99929	0.00032
427 F	0.00021	0.99948	0.00032
428 A	0.00014	0.99955	0.00032
429 G	0.00005	0.99964	0.00032
430 V	0.00003	0.99966	0.00032
431 L	0.00003	0.99966	0.00032
432 F	0.00003	0.99965	0.00032
433 L	0.00003	0.99961	0.00037
434 F	0.00003	0.99921	0.00077
435 I	0.00011	0.99632	0.00356
436 L	0.00040	0.80049	0.19911
437 K	0.00220	0.12862	0.86918
438 K	0.00223	0.12023	0.87754
439 M	0.00223	0.11985	0.87792
440 D	0.00224	0.11752	0.88024
441 I	0.00224	0.11425	0.88351
442 F	0.00224	0.10137	0.8964
443 S	0.00225	0.08624	0.91151
444 S	0.00226	0.07746	0.92027
445 F	0.00226	0.06576	0.93198
446 T	0.00228	0.01119	0.98653
447 E	0.00229	0.00011	0.99759
448 E	0.00229	0.00003	0.99767
449 L	0.00229	0.00007	0.99764
450 S	0.00229	0.00008	0.99764
451 N	0.00229	0.00031	0.99741
452 F	0.00228	0.00046	0.99726
453 H	0.00228	0.00064	0.99708
454 K	0.00228	0.00151	0.99621
455 V	0.00170	0.28756	0.71074
456 G	0.00061	0.89519	0.1042
457 L	0.00008	0.91343	0.08649
458 S	0.00007	0.92608	0.07386
459 L	0.00001	0.98550	0.01448
460 L	0.00000	0.99653	0.00347
461 L	0.00000	0.99937	0.00063
462 G	0.00000	0.99969	0.00031
463 N	0.00000	0.99977	0.00022
464 L	0.00000	0.99998	2e-05
465 I	0.00000	0.99999	0
466 S	0.00000	1.00000	0
467 F	0.00000	1.00000	0
468 I	0.00000	1.00000	0
469 A	0.00000	0.99999	0
470 T	0.00000	0.99999	0
471 L	0.00001	0.99999	0
472 T	0.00002	0.99997	1e-05
473 F	0.00003	0.99995	2e-05
474 F	0.00033	0.99965	2e-05
475 I	0.00134	0.99860	5e-05
476 P	0.00732	0.99253	0.00015
477 F	0.01332	0.98646	0.00022
478 Y	0.32438	0.67481	0.00081
479 R	0.96985	0.02823	0.00192
480 K	0.98459	0.01312	0.00229
481 L	0.98566	0.01205	0.0023
482 Q	0.99718	0.00052	0.0023
483 K	0.99769	0.00001	0.0023
484 E	0.99770	0.00000	0.0023
485 N	0.99770	0.00000	0.0023
486 L	0.99770	0.00000	0.0023
487 A	0.99770	0.00000	0.0023
488 K	0.99770	0.00000	0.0023
489 M	0.99770	0.00000	0.0023
490 K	0.99770	0.00000	0.0023
491 I	0.99770	0.00000	0.0023
492 K	0.99770	0.00000	0.0023
493 R	0.99770	0.00000	0.0023
494 K	0.99770	0.00000	0.0023
495 I	0.99770	0.00000	0.0023
496 S	0.99770	0.00000	0.0023
