# tr|B1VA07|B1VA07_PHYAS
# AA	inside	membr	outside
1 M	0.50331	0.00000	0.49669
2 T	0.50330	0.00001	0.49669
3 N	0.50329	0.00002	0.49669
4 N	0.50329	0.00008	0.49664
5 F	0.50284	0.00070	0.49646
6 N	0.50284	0.00070	0.49646
7 Y	0.50249	0.00106	0.49645
8 V	0.50249	0.00106	0.49645
9 I	0.50249	0.00106	0.49645
10 I	0.50249	0.00107	0.49645
11 K	0.50249	0.00107	0.49645
12 V	0.50248	0.00107	0.49645
13 I	0.50248	0.00107	0.49645
14 N	0.50248	0.00107	0.49645
15 K	0.50248	0.00107	0.49645
16 Q	0.50248	0.00108	0.49645
17 F	0.50228	0.00127	0.49645
18 G	0.50227	0.00128	0.49645
19 F	0.50169	0.00187	0.49644
20 S	0.50127	0.00228	0.49645
21 E	0.50073	0.00280	0.49647
22 N	0.50060	0.00295	0.49644
23 H	0.50035	0.00333	0.49632
24 I	0.49952	0.00432	0.49615
25 F	0.49932	0.00448	0.49619
26 F	0.49933	0.00442	0.49625
27 G	0.49940	0.00413	0.49647
28 K	0.49954	0.00356	0.49691
29 K	0.49952	0.00359	0.49689
30 C	0.49923	0.00399	0.49678
31 C	0.49855	0.00505	0.49641
32 S	0.49823	0.00669	0.49508
33 Q	0.49801	0.00798	0.49401
34 M	0.49419	0.01435	0.49146
35 V	0.48598	0.02623	0.48779
36 P	0.48417	0.02858	0.48725
37 F	0.48270	0.03038	0.48691
38 L	0.48260	0.03052	0.48688
39 W	0.48258	0.03052	0.4869
40 S	0.48258	0.03024	0.48719
41 L	0.48258	0.03006	0.48736
42 P	0.48267	0.02881	0.48852
43 N	0.48275	0.02790	0.48934
44 N	0.48280	0.02733	0.48988
45 Y	0.48281	0.02730	0.48989
46 N	0.48288	0.02718	0.48995
47 N	0.48293	0.02707	0.49
48 L	0.48295	0.02705	0.49
49 F	0.48298	0.02701	0.49002
50 F	0.48313	0.02682	0.49006
51 L	0.48364	0.02621	0.49015
52 M	0.48551	0.02367	0.49082
53 Y	0.48666	0.01943	0.49391
54 N	0.48932	0.00901	0.50167
55 K	0.49158	0.00322	0.50521
56 I	0.49168	0.00303	0.50529
57 N	0.49216	0.00150	0.50634
58 S	0.49289	0.00028	0.50683
59 G	0.49298	0.00014	0.50688
60 S	0.49303	0.00000	0.50697
