# tr|B1V9Q6|B1V9Q6_PHYAS
# AA	inside	membr	outside
1 M	0.20339	0.00000	0.7966
2 P	0.20339	0.00000	0.7966
3 I	0.20339	0.00000	0.7966
4 P	0.20339	0.00000	0.7966
5 G	0.20339	0.00000	0.7966
6 I	0.20339	0.00000	0.7966
7 K	0.20339	0.00000	0.7966
8 Q	0.20339	0.00000	0.7966
9 H	0.20339	0.00000	0.7966
10 V	0.20339	0.00000	0.7966
11 A	0.20339	0.00000	0.7966
12 A	0.20339	0.00000	0.7966
13 S	0.20339	0.00000	0.7966
14 K	0.20339	0.00000	0.7966
15 P	0.20339	0.00000	0.7966
16 P	0.20339	0.00000	0.7966
17 P	0.20339	0.00000	0.7966
18 P	0.20339	0.00000	0.7966
19 T	0.20339	0.00000	0.7966
20 H	0.20339	0.00001	0.79659
21 K	0.20337	0.00004	0.79659
22 T	0.20336	0.00043	0.79622
23 F	0.20334	0.00082	0.79584
24 D	0.20333	0.00105	0.79562
25 A	0.20319	0.00495	0.79186
26 I	0.20288	0.01100	0.78612
27 A	0.20281	0.01190	0.78529
28 E	0.20275	0.01211	0.78514
29 Y	0.20159	0.01491	0.7835
30 S	0.20099	0.01818	0.78083
31 G	0.19910	0.03474	0.76616
32 S	0.19886	0.03747	0.76368
33 I	0.19856	0.04635	0.75509
34 P	0.19817	0.04963	0.7522
35 A	0.19772	0.05488	0.7474
36 F	0.19749	0.05608	0.74644
37 S	0.19744	0.05648	0.74607
38 K	0.19741	0.05711	0.74548
39 A	0.19661	0.06969	0.7337
40 F	0.19637	0.07289	0.73073
41 L	0.19629	0.07340	0.73031
42 V	0.19623	0.07364	0.73012
43 L	0.19637	0.07351	0.73012
44 S	0.19666	0.07311	0.73023
45 S	0.19818	0.07151	0.7303
46 S	0.19910	0.07057	0.73032
47 S	0.19964	0.06989	0.73047
48 L	0.20178	0.06763	0.73058
49 N	0.20812	0.06069	0.7312
50 Q	0.20976	0.05896	0.73128
51 L	0.20994	0.05873	0.73133
52 F	0.21098	0.05712	0.7319
53 F	0.21478	0.05264	0.73258
54 R	0.23215	0.03298	0.73488
55 L	0.23322	0.03164	0.73514
56 L	0.23915	0.02547	0.73538
57 C	0.24963	0.01405	0.73632
58 K	0.26073	0.00241	0.73685
59 K	0.26162	0.00150	0.73688
60 I	0.26162	0.00150	0.73688
61 I	0.26163	0.00149	0.73688
62 F	0.26179	0.00131	0.73689
63 L	0.26220	0.00083	0.73698
64 Y	0.26256	0.00038	0.73706
65 F	0.26284	0.00000	0.73716
