# tr|B1VA76|B1VA76_PHYAS
# AA	inside	membr	outside
1 M	0.78975	0.00000	0.21024
2 N	0.78969	0.00007	0.21024
3 S	0.78801	0.00174	0.21024
4 I	0.78801	0.01226	0.19973
5 K	0.78659	0.01789	0.19552
6 K	0.78658	0.03673	0.17668
7 R	0.06748	0.88543	0.04709
8 I	0.06732	0.89580	0.03688
9 I	0.02709	0.94148	0.03143
10 T	0.02709	0.97144	0.00147
11 G	0.02608	0.97315	0.00077
12 M	0.02399	0.97526	0.00076
13 S	0.02228	0.97697	0.00075
14 L	0.02227	0.97697	0.00075
15 V	0.02227	0.97697	0.00075
16 L	0.02226	0.97699	0.00075
17 F	0.02224	0.97701	0.00075
18 S	0.02224	0.97701	0.00075
19 F	0.02218	0.97707	0.00075
20 F	0.02165	0.97760	0.00075
21 F	0.02115	0.97809	0.00075
22 Y	0.02118	0.97480	0.00402
23 F	0.02134	0.97123	0.00743
24 L	0.02219	0.96739	0.01042
25 L	0.13763	0.69859	0.16378
26 D	0.21804	0.24917	0.5328
27 E	0.23028	0.01027	0.75944
28 E	0.23050	0.00508	0.76442
29 P	0.22914	0.12404	0.64683
30 K	0.22240	0.26110	0.51651
31 I	0.08322	0.71512	0.20166
32 A	0.00521	0.83175	0.16305
33 F	0.00082	0.83876	0.16042
34 L	0.00012	0.85125	0.14863
35 F	0.00009	0.85426	0.14566
36 F	0.00008	0.85377	0.14615
37 C	0.00008	0.85375	0.14617
38 G	0.00008	0.85375	0.14618
39 L	0.00008	0.85373	0.14619
40 T	0.00008	0.85372	0.1462
41 I	0.00008	0.85372	0.1462
42 V	0.00008	0.85367	0.14625
43 A	0.00008	0.85299	0.14692
44 T	0.00014	0.85220	0.14766
45 Q	0.00021	0.85167	0.14812
46 E	0.00028	0.85136	0.14836
47 M	0.00035	0.85122	0.14842
48 L	0.00122	0.85019	0.1486
49 I	0.02272	0.80206	0.17523
50 I	0.05864	0.72058	0.22078
51 F	0.11458	0.61014	0.27528
52 N	0.40183	0.28456	0.31361
53 K	0.60624	0.06628	0.32748
54 D	0.62090	0.00109	0.378
55 K	0.62112	0.00009	0.37879
56 T	0.62117	0.00004	0.37879
57 K	0.62121	0.00000	0.37879
58 I	0.62121	0.00000	0.37879
59 K	0.62121	0.00000	0.37879
60 S	0.62120	0.00004	0.37876
61 G	0.62114	0.00032	0.37855
62 I	0.62062	0.00103	0.37835
63 D	0.61808	0.00371	0.37821
64 F	0.43157	0.19637	0.37206
65 N	0.41624	0.21340	0.37035
66 K	0.41387	0.22047	0.36566
67 K	0.40054	0.25744	0.34201
68 I	0.12625	0.78844	0.08531
69 A	0.04018	0.93847	0.02135
70 I	0.00727	0.99058	0.00216
71 I	0.00360	0.99586	0.00054
72 L	0.00201	0.99751	0.00048
73 L	0.00156	0.99799	0.00044
74 T	0.00150	0.99826	0.00025
75 L	0.00147	0.99847	7e-05
76 F	0.00146	0.99850	3e-05
77 S	0.00146	0.99852	2e-05
78 F	0.00146	0.99853	1e-05
79 I	0.00146	0.99854	0
80 I	0.00146	0.99854	0
81 F	0.00147	0.99852	1e-05
82 S	0.00148	0.99831	0.00021
83 I	0.00153	0.99817	0.00031
84 F	0.00181	0.99638	0.00181
85 L	0.00336	0.99162	0.00502
86 F	0.05699	0.88122	0.06179
87 P	0.21322	0.37695	0.40983
88 K	0.35113	0.03924	0.60963
89 E	0.37435	0.01146	0.61419
90 K	0.37809	0.00988	0.61203
91 S	0.37871	0.03448	0.58681
92 F	0.37875	0.03479	0.58646
93 F	0.37886	0.03464	0.5865
94 V	0.37892	0.03449	0.58659
95 F	0.37893	0.03376	0.58731
96 L	0.37896	0.03323	0.58781
97 G	0.37938	0.03267	0.58796
98 S	0.37994	0.03205	0.588
99 L	0.38006	0.03193	0.58801
100 E	0.38021	0.03172	0.58807
101 E	0.38022	0.03172	0.58807
102 F	0.38021	0.03176	0.58804
103 L	0.38019	0.03178	0.58803
104 L	0.38025	0.03174	0.58801
105 P	0.38479	0.02724	0.58797
106 K	0.41025	0.00210	0.58765
107 E	0.40736	0.00683	0.58581
108 K	0.35536	0.06833	0.57631
109 S	0.21994	0.44409	0.33597
110 F	0.07492	0.76073	0.16435
111 F	0.00908	0.93713	0.0538
112 L	0.00170	0.98390	0.0144
113 L	0.00027	0.99483	0.0049
114 F	0.00006	0.99762	0.00232
115 A	0.00004	0.99785	0.00212
116 P	0.00001	0.99795	0.00205
117 F	0.00000	0.99799	0.002
118 F	0.00000	0.99802	0.00198
119 L	0.00000	0.99803	0.00197
120 L	0.00000	0.99804	0.00196
121 L	0.00000	0.99805	0.00195
122 F	0.00000	0.99805	0.00195
123 V	0.00000	0.99805	0.00195
124 F	0.00001	0.99801	0.00197
125 V	0.00004	0.99787	0.00209
126 F	0.00058	0.99572	0.00369
127 F	0.01842	0.97495	0.00663
128 T	0.08192	0.89639	0.02169
129 S	0.19522	0.62026	0.18451
130 W	0.21656	0.55618	0.22726
131 N	0.30775	0.35410	0.33815
132 T	0.49293	0.13397	0.3731
133 S	0.54673	0.05512	0.39815
134 D	0.58230	0.01123	0.40646
135 L	0.43444	0.25518	0.31038
136 A	0.42681	0.27018	0.30301
137 K	0.41844	0.28583	0.29573
138 A	0.23038	0.67547	0.09415
139 F	0.14166	0.80948	0.04885
140 L	0.08545	0.91233	0.00222
141 I	0.07880	0.92082	0.00038
142 M	0.07594	0.92399	7e-05
143 L	0.06458	0.93541	1e-05
144 Y	0.05905	0.94095	0
145 I	0.05800	0.94200	0
146 G	0.05742	0.94257	0
147 V	0.05589	0.94411	0
148 G	0.05421	0.94579	0
149 M	0.05296	0.94704	0
150 S	0.04572	0.95428	0
151 S	0.02693	0.97306	1e-05
152 F	0.02085	0.97914	1e-05
153 F	0.01959	0.98028	0.00013
154 A	0.01906	0.98035	0.00058
155 L	0.01969	0.97803	0.00228
156 V	0.02494	0.96270	0.01237
157 L	0.12471	0.81137	0.06392
158 K	0.41687	0.22002	0.36312
159 P	0.42267	0.20676	0.37057
160 I	0.41739	0.21077	0.37184
161 N	0.41964	0.16899	0.41137
162 Q	0.39842	0.18414	0.41744
163 L	0.27815	0.30306	0.41879
164 L	0.00471	0.57529	0.42
165 F	0.00129	0.57770	0.42101
166 F	0.00018	0.57345	0.42637
167 V	0.00007	0.56909	0.43084
168 L	0.00005	0.56801	0.43194
169 I	0.00002	0.56574	0.43424
170 V	0.00002	0.55269	0.44728
171 T	0.00002	0.53285	0.46713
172 L	0.00002	0.51979	0.48019
173 T	0.00002	0.48199	0.51799
174 D	0.00003	0.44623	0.55375
175 S	0.00002	0.44358	0.5564
176 F	0.00002	0.44307	0.55691
177 A	0.00002	0.44224	0.55774
178 F	0.00003	0.44122	0.55875
179 L	0.00018	0.43847	0.56136
180 A	0.00187	0.43006	0.56807
181 R	0.00429	0.39075	0.60496
182 F	0.00382	0.36498	0.6312
183 P	0.00484	0.28933	0.70582
184 R	0.00492	0.23797	0.75711
185 F	0.00463	0.22671	0.76866
186 F	0.00522	0.17445	0.82033
187 P	0.00533	0.00586	0.9888
188 F	0.00534	0.00293	0.99173
189 L	0.00536	0.00208	0.99256
190 N	0.00537	0.00203	0.9926
191 L	0.00537	0.00203	0.9926
192 G	0.00537	0.00197	0.99266
193 P	0.00537	0.00193	0.9927
194 L	0.00537	0.00193	0.9927
195 A	0.00540	0.00189	0.99271
196 P	0.00541	0.00187	0.99272
197 H	0.00541	0.00163	0.99296
198 L	0.00541	0.00144	0.99315
199 S	0.00541	0.00124	0.99335
200 P	0.00548	0.00085	0.99367
201 K	0.00548	0.00020	0.99432
202 K	0.00548	0.00043	0.99409
203 T	0.00546	0.00329	0.99126
204 K	0.00544	0.00409	0.99047
205 K	0.00528	0.04667	0.94804
206 G	0.00286	0.57926	0.41789
207 A	0.00189	0.94192	0.0562
208 I	0.00147	0.99575	0.00277
209 L	0.00142	0.99813	0.00046
210 G	0.00141	0.99851	7e-05
211 T	0.00141	0.99858	1e-05
212 F	0.00141	0.99859	0
213 G	0.00141	0.99859	0
214 S	0.00141	0.99859	0
215 V	0.00141	0.99859	0
216 I	0.00141	0.99859	0
217 A	0.00141	0.99859	0
218 T	0.00141	0.99859	0
219 F	0.00141	0.99859	0
220 I	0.00141	0.99859	0
221 F	0.00141	0.99858	0
222 F	0.00146	0.99853	1e-05
223 L	0.00203	0.99794	3e-05
224 I	0.04678	0.95291	0.00031
225 C	0.65447	0.34416	0.00137
226 R	0.95496	0.04173	0.00331
227 K	0.99245	0.00364	0.00391
228 I	0.98712	0.00922	0.00366
229 E	0.98700	0.00932	0.00368
230 R	0.86471	0.13313	0.00216
231 Y	0.23231	0.76672	0.00096
232 F	0.01582	0.98335	0.00083
233 L	0.00248	0.99696	0.00056
234 F	0.00054	0.99920	0.00026
235 I	0.00022	0.99962	0.00016
236 F	0.00005	0.99979	0.00016
237 F	0.00003	0.99981	0.00016
238 A	0.00003	0.99981	0.00016
239 F	0.00003	0.99981	0.00016
240 L	0.00003	0.99981	0.00016
241 I	0.00003	0.99981	0.00016
242 S	0.00003	0.99981	0.00016
243 L	0.00003	0.99981	0.00016
244 I	0.00003	0.99980	0.00017
245 S	0.00003	0.99935	0.00061
246 Q	0.00008	0.99563	0.00429
247 I	0.00009	0.99067	0.00923
248 S	0.00042	0.91984	0.07974
249 D	0.00059	0.76733	0.23208
250 L	0.00061	0.72330	0.27609
251 L	0.00069	0.59682	0.40248
252 A	0.00089	0.52698	0.47213
253 S	0.00262	0.38805	0.60933
254 K	0.00379	0.01426	0.98195
255 F	0.00383	0.00269	0.99349
256 K	0.00393	0.00008	0.996
257 R	0.00394	0.00003	0.99603
258 E	0.00394	0.00004	0.99602
259 F	0.00393	0.00005	0.99602
260 V	0.00393	0.00006	0.99602
261 I	0.00393	0.00005	0.99602
262 K	0.00393	0.00004	0.99604
263 D	0.00393	0.00004	0.99604
264 F	0.00393	0.00004	0.99603
265 G	0.00392	0.00005	0.99603
266 N	0.00392	0.00005	0.99603
267 I	0.00392	0.00020	0.99588
268 F	0.00392	0.00037	0.99571
269 P	0.00392	0.00039	0.99569
270 G	0.00392	0.00067	0.99541
271 H	0.00392	0.00084	0.99525
272 G	0.00391	0.00236	0.99373
273 G	0.00364	0.06003	0.93634
274 F	0.00356	0.06347	0.93297
275 L	0.00356	0.06821	0.92823
276 D	0.00357	0.07393	0.9225
277 R	0.00353	0.11707	0.8794
278 F	0.00327	0.29772	0.69901
279 D	0.00319	0.34391	0.65289
280 S	0.00224	0.57805	0.4197
281 W	0.00056	0.97604	0.0234
282 I	0.00049	0.99231	0.0072
283 L	0.00048	0.99334	0.00619
284 T	0.00047	0.99361	0.00592
285 S	0.00047	0.99362	0.00591
286 F	0.00047	0.99362	0.00591
287 F	0.00047	0.99361	0.00591
288 S	0.00048	0.99361	0.00591
289 L	0.00048	0.99361	0.00592
290 F	0.00056	0.99352	0.00592
291 F	0.00084	0.99324	0.00592
292 F	0.00137	0.99270	0.00592
293 S	0.00600	0.98805	0.00594
294 A	0.00822	0.98583	0.00596
295 F	0.01807	0.97595	0.00599
296 Q	0.16959	0.82410	0.00632
297 F	0.18165	0.81194	0.00642
298 L	0.30413	0.68891	0.00697
299 K	0.91713	0.07361	0.00925
300 T	0.99061	0.00000	0.00939
