# tr|B1V9I1|B1V9I1_PHYAS
# AA	inside	membr	outside
1 M	0.66048	0.00000	0.33951
2 I	0.66048	0.00000	0.33951
3 L	0.66048	0.00000	0.33951
4 K	0.66048	0.00000	0.33951
5 I	0.66048	0.00001	0.33951
6 P	0.66048	0.00001	0.33951
7 I	0.66002	0.00047	0.33951
8 I	0.66002	0.00047	0.33951
9 N	0.65997	0.00052	0.33951
10 K	0.65997	0.00053	0.3395
11 N	0.65935	0.00126	0.33939
12 P	0.65037	0.01030	0.33933
13 K	0.57675	0.08433	0.33891
14 Q	0.57630	0.08479	0.33891
15 I	0.57626	0.41415	0.00958
16 F	0.49644	0.49397	0.00958
17 K	0.47823	0.51229	0.00948
18 I	0.47123	0.52282	0.00594
19 T	0.41454	0.57982	0.00564
20 V	0.09678	0.90187	0.00134
21 L	0.00101	0.99765	0.00133
22 I	0.00056	0.99815	0.0013
23 L	0.00049	0.99821	0.00129
24 L	0.00049	0.99821	0.00129
25 F	0.00049	0.99821	0.00129
26 L	0.00049	0.99821	0.00129
27 L	0.00049	0.99821	0.00131
28 M	0.00049	0.99818	0.00133
29 I	0.00049	0.99815	0.00136
30 Y	0.00059	0.99711	0.0023
31 F	0.00081	0.99248	0.00671
32 H	0.00364	0.97713	0.01923
33 F	0.02043	0.94321	0.03636
34 D	0.07389	0.86255	0.06356
35 I	0.08098	0.84827	0.07075
36 L	0.08473	0.79543	0.11984
37 L	0.09623	0.73910	0.16467
38 T	0.33478	0.34178	0.32344
39 S	0.33640	0.11296	0.55064
40 D	0.33856	0.01088	0.65055
41 K	0.33870	0.00278	0.65852
42 S	0.33868	0.00237	0.65895
43 D	0.33868	0.00064	0.66068
44 V	0.30804	0.03861	0.65335
45 N	0.30765	0.03991	0.65244
46 S	0.30580	0.04522	0.64897
47 S	0.30544	0.06340	0.63116
48 S	0.30489	0.08714	0.60797
49 S	0.29891	0.11417	0.58691
50 L	0.29746	0.12463	0.57791
51 F	0.29746	0.12660	0.57594
52 L	0.29746	0.12731	0.57524
53 A	0.29746	0.12732	0.57522
54 T	0.29746	0.12733	0.57522
55 V	0.29746	0.12733	0.57522
56 D	0.29746	0.12733	0.57522
57 C	0.29746	0.12733	0.57522
58 A	0.29746	0.12733	0.57522
59 P	0.29746	0.12733	0.57522
60 P	0.29746	0.12732	0.57522
61 C	0.29746	0.12732	0.57522
62 A	0.29746	0.12732	0.57522
63 F	0.29746	0.12728	0.57526
64 V	0.29753	0.12688	0.5756
65 G	0.29896	0.12514	0.57589
66 V	0.30628	0.11746	0.57626
67 E	0.35753	0.03046	0.612
68 G	0.37092	0.01554	0.61353
69 D	0.38273	0.00097	0.61631
70 K	0.38334	0.00020	0.61645
71 N	0.38337	0.00027	0.61636
72 S	0.38337	0.00067	0.61596
73 F	0.38323	0.00112	0.61566
74 K	0.38325	0.00122	0.61553
75 T	0.38281	0.00908	0.60812
76 L	0.38205	0.01572	0.60222
77 N	0.38198	0.01711	0.60091
78 G	0.38193	0.02223	0.59584
79 E	0.38190	0.02465	0.59345
80 Y	0.38183	0.03526	0.58291
81 I	0.38183	0.03723	0.58094
82 T	0.38183	0.03730	0.58086
83 G	0.38183	0.03735	0.58082
84 S	0.38183	0.03735	0.58082
85 D	0.38183	0.03735	0.58082
86 I	0.38183	0.03736	0.58081
87 A	0.38183	0.03736	0.58081
88 L	0.38183	0.03736	0.58081
89 I	0.38183	0.03736	0.58081
90 Q	0.38186	0.03733	0.58081
91 A	0.38187	0.03731	0.58082
92 I	0.38192	0.03726	0.58083
93 A	0.38284	0.03610	0.58106
94 N	0.38697	0.03103	0.58199
95 K	0.39194	0.02568	0.58238
96 L	0.39259	0.02503	0.58239
97 G	0.39554	0.02205	0.58241
98 K	0.41486	0.00263	0.58251
99 K	0.41719	0.00030	0.58251
100 F	0.41725	0.00024	0.58251
101 K	0.41746	0.00003	0.58251
102 N	0.41747	0.00002	0.58251
103 K	0.41749	0.00000	0.58251
104 I	0.41749	0.00000	0.58251
105 F	0.41749	0.00000	0.58251
106 W	0.41749	0.00000	0.58251
