# tr|B1VB03|B1VB03_PHYAS
# AA	inside	membr	outside
1 M	0.97626	0.00000	0.02375
2 K	0.97626	0.00000	0.02375
3 S	0.97626	0.00000	0.02375
4 N	0.97626	0.00000	0.02375
5 N	0.97626	0.00000	0.02375
6 N	0.97626	0.00000	0.02375
7 T	0.97626	0.00000	0.02375
8 K	0.97626	0.00000	0.02375
9 V	0.97626	0.00000	0.02375
10 N	0.97626	0.00000	0.02375
11 D	0.97626	0.00000	0.02375
12 L	0.97626	0.00000	0.02375
13 F	0.97626	0.00000	0.02375
14 K	0.97626	0.00000	0.02375
15 K	0.97626	0.00000	0.02375
16 I	0.97626	0.00000	0.02375
17 N	0.97626	0.00000	0.02375
18 D	0.97626	0.00000	0.02375
19 N	0.97626	0.00000	0.02375
20 F	0.97626	0.00000	0.02375
21 L	0.97626	0.00000	0.02375
22 S	0.97626	0.00000	0.02375
23 S	0.97626	0.00000	0.02375
24 S	0.97626	0.00000	0.02375
25 D	0.97626	0.00000	0.02375
26 T	0.97626	0.00000	0.02375
27 T	0.97626	0.00000	0.02375
28 D	0.97626	0.00000	0.02375
29 Y	0.97626	0.00000	0.02375
30 K	0.97626	0.00000	0.02375
31 R	0.97626	0.00000	0.02375
32 K	0.97624	0.00002	0.02375
33 A	0.97612	0.00014	0.02375
34 S	0.97584	0.00041	0.02374
35 R	0.97484	0.00143	0.02373
36 K	0.96960	0.00673	0.02368
37 G	0.23914	0.73910	0.02175
38 V	0.04438	0.95230	0.00332
39 A	0.02977	0.96754	0.00269
40 F	0.01604	0.98149	0.00248
41 K	0.01462	0.98304	0.00234
42 T	0.00673	0.99206	0.0012
43 I	0.00044	0.99952	5e-05
44 L	0.00013	0.99985	1e-05
45 L	0.00009	0.99991	1e-05
46 L	0.00008	0.99991	0
47 L	0.00008	0.99991	0
48 I	0.00008	0.99991	0
49 T	0.00008	0.99991	0
50 S	0.00008	0.99991	0
51 F	0.00008	0.99991	1e-05
52 T	0.00008	0.99989	2e-05
53 A	0.00008	0.99974	0.00018
54 G	0.00008	0.99941	0.0005
55 T	0.00009	0.98425	0.01566
56 F	0.00009	0.98111	0.0188
57 F	0.00013	0.95437	0.0455
58 S	0.00047	0.90645	0.09308
59 L	0.00069	0.89116	0.10814
60 F	0.00248	0.19259	0.80492
61 K	0.02335	0.00847	0.96818
62 M	0.02359	0.00609	0.97031
63 T	0.02376	0.00418	0.97206
64 Q	0.02380	0.00355	0.97265
65 L	0.02375	0.00277	0.97347
66 K	0.02373	0.00070	0.97557
67 F	0.00907	0.06639	0.92454
68 P	0.00882	0.08053	0.91065
69 Y	0.00604	0.80317	0.19078
70 L	0.00543	0.92606	0.06851
71 W	0.00344	0.95869	0.03787
72 M	0.00256	0.96562	0.03181
73 I	0.00016	0.97137	0.02847
74 K	0.00014	0.97387	0.02599
75 V	0.00008	0.99873	0.00119
76 I	0.00001	0.99960	0.00039
77 F	0.00000	0.99968	0.00032
78 L	0.00000	0.99970	0.0003
79 T	0.00000	0.99971	0.00028
80 S	0.00000	0.99972	0.00028
81 S	0.00000	0.99972	0.00028
82 F	0.00000	0.99972	0.00028
83 A	0.00001	0.99971	0.00028
84 T	0.00001	0.99970	0.00028
85 S	0.00003	0.99966	0.0003
86 I	0.00008	0.99961	0.00031
87 F	0.00064	0.99892	0.00044
88 Y	0.00391	0.99549	0.0006
89 I	0.02170	0.97689	0.00141
90 A	0.11354	0.87248	0.01398
91 A	0.15198	0.83308	0.01494
92 M	0.84534	0.13658	0.01808
93 L	0.91158	0.06877	0.01965
94 R	0.96110	0.01662	0.02228
95 V	0.96493	0.01260	0.02247
96 E	0.96882	0.00759	0.02359
97 M	0.96520	0.01158	0.02323
98 S	0.59390	0.38530	0.0208
99 R	0.57231	0.40847	0.01922
100 L	0.43334	0.54872	0.01793
101 C	0.36673	0.61720	0.01607
102 S	0.30557	0.68064	0.0138
103 C	0.15814	0.83035	0.0115
104 L	0.05711	0.94079	0.00209
105 F	0.04714	0.95190	0.00095
106 A	0.04668	0.95318	0.00013
107 V	0.04656	0.95337	7e-05
108 L	0.04654	0.95341	5e-05
109 E	0.04653	0.95342	4e-05
110 G	0.04649	0.95348	3e-05
111 L	0.04643	0.95355	2e-05
112 T	0.04640	0.95358	2e-05
113 I	0.04634	0.95364	2e-05
114 G	0.04627	0.95366	7e-05
115 I	0.04614	0.95376	0.0001
116 F	0.04611	0.95261	0.00128
117 F	0.04608	0.95086	0.00306
118 H	0.04636	0.91512	0.03852
119 F	0.04645	0.89607	0.05747
120 I	0.04694	0.87036	0.0827
121 N	0.05536	0.32545	0.61919
122 C	0.05760	0.27617	0.66623
123 I	0.05926	0.21155	0.72918
124 Y	0.06294	0.20116	0.7359
125 S	0.06342	0.17494	0.76164
126 N	0.05690	0.16706	0.77604
127 L	0.01745	0.32144	0.66112
128 L	0.01076	0.45961	0.52964
129 E	0.01058	0.48250	0.50693
130 I	0.00262	0.94081	0.05658
131 V	0.00057	0.98665	0.01279
132 F	0.00007	0.99591	0.00402
133 I	0.00000	0.99972	0.00028
134 A	0.00000	0.99979	0.00021
135 L	0.00000	0.99988	0.00012
136 F	0.00000	0.99986	0.00014
137 S	0.00000	0.99984	0.00016
138 T	0.00000	0.99983	0.00017
139 L	0.00000	0.99983	0.00017
140 I	0.00000	0.99982	0.00017
141 I	0.00000	0.99981	0.00018
142 F	0.00006	0.99969	0.00026
143 C	0.00044	0.99894	0.00062
144 V	0.00130	0.99795	0.00075
145 M	0.00521	0.99309	0.0017
146 A	0.01390	0.98372	0.00238
147 H	0.17004	0.82710	0.00286
148 A	0.27190	0.72378	0.00432
149 Y	0.34081	0.64304	0.01615
150 Y	0.54656	0.39015	0.06328
151 K	0.91063	0.01887	0.0705
152 D	0.92710	0.00227	0.07063
153 T	0.92818	0.00112	0.0707
154 L	0.92827	0.00102	0.07071
155 K	0.92925	0.00002	0.07072
156 V	0.92922	0.00006	0.07072
157 T	0.92919	0.00009	0.07072
158 Q	0.92918	0.00011	0.07071
159 R	0.92899	0.00047	0.07054
160 F	0.92453	0.00599	0.06947
161 T	0.92387	0.00684	0.06929
162 T	0.82931	0.10665	0.06403
163 I	0.72988	0.22089	0.04923
164 M	0.72577	0.26327	0.01096
165 Q	0.72268	0.26821	0.00911
166 R	0.69940	0.29189	0.00871
167 I	0.26261	0.73211	0.00528
168 S	0.21115	0.78427	0.00458
169 I	0.06515	0.93478	7e-05
170 A	0.02597	0.97402	1e-05
171 L	0.00244	0.99756	0
172 F	0.00158	0.99842	0
173 F	0.00156	0.99844	0
174 T	0.00152	0.99848	0
175 Y	0.00149	0.99850	0
176 L	0.00148	0.99852	0
177 I	0.00148	0.99851	1e-05
178 R	0.00148	0.99812	0.0004
179 L	0.00147	0.99808	0.00044
180 F	0.00151	0.99662	0.00187
181 F	0.00175	0.99491	0.00334
182 V	0.00288	0.98617	0.01094
183 L	0.00560	0.91322	0.08118
184 F	0.00599	0.90840	0.08561
185 G	0.01136	0.75793	0.23071
186 V	0.02465	0.67195	0.30339
187 D	0.07158	0.42060	0.50782
188 T	0.07193	0.39103	0.53703
189 I	0.07197	0.34262	0.58541
190 E	0.07208	0.03804	0.88987
191 N	0.06780	0.03382	0.89837
192 I	0.05576	0.20113	0.74311
193 L	0.00805	0.32517	0.66677
194 Y	0.00458	0.67961	0.3158
195 Y	0.00295	0.77597	0.22107
196 S	0.00193	0.92323	0.07484
197 I	0.00125	0.96764	0.0311
198 L	0.00015	0.97558	0.02427
199 A	0.00001	0.99757	0.00243
200 I	0.00001	0.99900	0.001
201 P	0.00000	0.99959	0.00041
202 L	0.00000	0.99966	0.00034
203 S	0.00000	0.99967	0.00034
204 L	0.00000	0.99973	0.00028
205 F	0.00000	0.99972	0.00028
206 M	0.00000	0.99971	0.00029
207 L	0.00000	0.99971	0.00029
208 G	0.00001	0.99970	0.0003
209 F	0.00003	0.99966	0.00032
210 L	0.00016	0.99934	0.00051
211 S	0.00112	0.99745	0.00143
212 M	0.00314	0.99493	0.00194
213 Y	0.00437	0.99327	0.00236
214 L	0.01225	0.98184	0.00591
215 A	0.16771	0.81763	0.01466
216 I	0.24164	0.69628	0.06208
217 H	0.65573	0.27688	0.06738
218 F	0.76265	0.16775	0.0696
219 D	0.92253	0.00616	0.07131
220 Y	0.92485	0.00372	0.07143
221 T	0.92625	0.00133	0.07242
222 E	0.92746	0.00005	0.07248
223 Q	0.92750	0.00001	0.07248
224 M	0.92750	0.00001	0.07248
225 I	0.92751	0.00001	0.07248
226 Q	0.92751	0.00000	0.07248
227 Q	0.92751	0.00000	0.07248
228 G	0.92743	0.00008	0.07248
229 L	0.92739	0.00012	0.07248
230 P	0.92736	0.00015	0.07248
231 E	0.92703	0.00050	0.07247
232 K	0.92670	0.00088	0.07241
233 Y	0.91267	0.01891	0.06842
234 E	0.90313	0.03052	0.06636
235 W	0.72219	0.25790	0.01991
236 Q	0.69401	0.28994	0.01605
237 V	0.22764	0.76307	0.00929
238 S	0.13083	0.86358	0.0056
239 L	0.02002	0.97860	0.00137
240 A	0.01801	0.98169	0.00031
241 F	0.01568	0.98420	0.00013
242 A	0.01484	0.98511	5e-05
243 A	0.01467	0.98530	4e-05
244 T	0.01462	0.98535	4e-05
245 L	0.01460	0.98537	4e-05
246 I	0.01459	0.98538	4e-05
247 S	0.01459	0.98538	4e-05
248 I	0.01459	0.98538	4e-05
249 F	0.01459	0.98537	4e-05
250 L	0.01459	0.98527	0.00014
251 R	0.01472	0.98368	0.00161
252 I	0.01474	0.98291	0.00235
253 V	0.01527	0.96443	0.0203
254 N	0.01704	0.92175	0.0612
255 L	0.01966	0.87053	0.10981
256 L	0.02726	0.79740	0.17534
257 L	0.03039	0.75347	0.21613
258 R	0.07710	0.56019	0.36271
259 I	0.07918	0.54175	0.37907
260 M	0.08339	0.19832	0.71828
261 G	0.08466	0.10632	0.80902
262 K	0.08699	0.00066	0.91234
263 E	0.08705	0.00001	0.91294
264 K	0.08705	0.00000	0.91295
265 E	0.08705	0.00000	0.91295
