# tr|B1V8X5|B1V8X5_PHYAS
# AA	inside	membr	outside
1 M	0.92145	0.00000	0.07855
2 C	0.92145	0.00000	0.07855
3 K	0.92144	0.00000	0.07855
4 K	0.92144	0.00007	0.07848
5 K	0.90978	0.02097	0.06924
6 L	0.90976	0.06646	0.02377
7 F	0.00552	0.98039	0.01409
8 F	0.00548	0.98062	0.01389
9 Y	0.00071	0.98567	0.01361
10 I	0.00071	0.99867	0.00062
11 L	0.00044	0.99931	0.00025
12 V	0.00012	0.99967	0.0002
13 L	0.00004	0.99979	0.00017
14 T	0.00004	0.99979	0.00017
15 T	0.00004	0.99991	5e-05
16 I	0.00003	0.99991	5e-05
17 I	0.00003	0.99991	5e-05
18 F	0.00003	0.99991	5e-05
19 Y	0.00003	0.99991	5e-05
20 I	0.00003	0.99990	7e-05
21 L	0.00004	0.99985	0.0001
22 T	0.00023	0.99797	0.0018
23 N	0.00073	0.99091	0.00836
24 N	0.00160	0.98854	0.00986
25 F	0.00185	0.98568	0.01247
26 N	0.00621	0.97617	0.01763
27 Y	0.00725	0.97107	0.02168
28 V	0.01947	0.95126	0.02927
29 I	0.05669	0.90310	0.04022
30 I	0.06976	0.05890	0.87134
31 K	0.07400	0.00945	0.91655
32 V	0.07423	0.00680	0.91897
33 I	0.07794	0.00209	0.91997
34 N	0.07835	0.00059	0.92106
35 K	0.07852	0.00012	0.92136
36 Q	0.07853	0.00010	0.92138
37 F	0.07853	0.00009	0.92138
38 G	0.07853	0.00008	0.9214
39 F	0.07853	0.00007	0.9214
40 S	0.07853	0.00005	0.92142
41 K	0.07853	0.00004	0.92143
42 N	0.07852	0.00006	0.92141
43 H	0.07852	0.00009	0.92139
44 I	0.07850	0.00090	0.9206
45 F	0.07849	0.00091	0.92059
46 L	0.07849	0.00091	0.92059
47 E	0.07850	0.00091	0.92059
48 K	0.07850	0.00091	0.92059
49 N	0.07848	0.00093	0.92059
50 V	0.07848	0.00093	0.92059
51 V	0.07848	0.00093	0.92059
52 L	0.07848	0.00093	0.92059
53 K	0.07848	0.00093	0.92059
54 W	0.07848	0.00093	0.92059
55 C	0.07848	0.00093	0.92059
56 H	0.07848	0.00093	0.92059
57 F	0.07848	0.00093	0.92059
58 C	0.07848	0.00092	0.92059
59 G	0.07850	0.00091	0.92059
60 A	0.07851	0.00090	0.92059
61 Y	0.07855	0.00086	0.92059
62 Q	0.07904	0.00036	0.9206
63 Y	0.07907	0.00033	0.9206
64 L	0.07935	0.00000	0.92065
