# tr|B1VA53|B1VA53_PHYAS
# AA	inside	membr	outside
1 M	0.40204	0.00000	0.59796
2 M	0.40176	0.00027	0.59796
3 F	0.40151	0.00053	0.59796
4 L	0.40151	0.00091	0.59758
5 K	0.39901	0.00345	0.59754
6 T	0.39901	0.00357	0.59742
7 L	0.01340	0.38927	0.59733
8 W	0.01340	0.38927	0.59733
9 N	0.00893	0.39374	0.59732
10 V	0.00892	0.39398	0.5971
11 I	0.00860	0.39430	0.5971
12 V	0.00705	0.39585	0.5971
13 Y	0.00699	0.39592	0.5971
14 N	0.00699	0.39592	0.5971
15 E	0.00699	0.39592	0.59709
16 F	0.00698	0.39593	0.59709
17 G	0.00697	0.39592	0.59711
18 K	0.00697	0.39593	0.5971
19 Y	0.00690	0.39634	0.59676
20 L	0.00675	0.40091	0.59234
21 F	0.00663	0.40104	0.59233
22 I	0.00663	0.40039	0.59297
23 N	0.00665	0.39933	0.59403
24 A	0.00665	0.39956	0.59379
25 F	0.00669	0.39528	0.59802
26 L	0.00673	0.38564	0.60763
27 E	0.00734	0.13090	0.86176
28 T	0.00740	0.14505	0.84754
29 I	0.00736	0.16811	0.82452
30 K	0.00738	0.06620	0.92642
31 M	0.00214	0.74961	0.24825
32 A	0.00134	0.79191	0.20675
33 F	0.00040	0.94051	0.05909
34 L	0.00008	0.97145	0.02847
35 S	0.00006	0.97539	0.02456
36 S	0.00001	0.99521	0.00478
37 L	0.00000	0.99772	0.00227
38 I	0.00000	0.99968	0.00032
39 A	0.00000	0.99998	2e-05
40 F	0.00000	0.99999	1e-05
41 F	0.00000	1.00000	0
42 F	0.00001	0.99999	0
43 G	0.00018	0.99979	3e-05
44 L	0.00018	0.99975	7e-05
45 F	0.00020	0.99974	7e-05
46 L	0.00023	0.99970	7e-05
47 G	0.00058	0.99935	7e-05
48 V	0.00096	0.99896	8e-05
49 Y	0.00199	0.99790	0.00011
50 L	0.00606	0.99382	0.00012
51 Y	0.06175	0.93809	0.00016
52 L	0.10486	0.89481	0.00033
53 L	0.13246	0.86665	0.00089
54 K	0.84230	0.15003	0.00767
55 I	0.85650	0.13581	0.00769
56 K	0.99067	0.00150	0.00783
57 N	0.99186	0.00032	0.00783
58 H	0.99198	0.00019	0.00783
59 H	0.99213	0.00004	0.00783
60 K	0.98923	0.00295	0.00783
61 R	0.98760	0.00458	0.00782
62 Y	0.63756	0.35484	0.0076
63 W	0.59026	0.40509	0.00464
64 I	0.57753	0.41785	0.00462
65 C	0.54952	0.44587	0.00461
66 N	0.23707	0.75842	0.00451
67 T	0.21206	0.78376	0.00418
68 L	0.14886	0.85075	0.00039
69 M	0.13401	0.86561	0.00037
70 N	0.07183	0.92784	0.00032
71 F	0.02778	0.97207	0.00015
72 L	0.01539	0.98451	0.0001
73 I	0.00558	0.99441	1e-05
74 A	0.00079	0.99920	1e-05
75 T	0.00058	0.99942	1e-05
76 P	0.00015	0.99985	0
77 F	0.00003	0.99997	0
78 L	0.00001	0.99998	1e-05
79 L	0.00001	0.99994	5e-05
80 L	0.00000	0.99970	0.00029
81 I	0.00001	0.99927	0.00073
82 F	0.00001	0.99437	0.00562
83 L	0.00002	0.98136	0.01861
84 F	0.00005	0.94891	0.05104
85 I	0.00029	0.63835	0.36136
86 K	0.00367	0.51216	0.48418
87 F	0.00361	0.51326	0.48313
88 I	0.00365	0.65987	0.33648
89 L	0.00376	0.44029	0.55595
90 Y	0.00400	0.42136	0.57464
91 P	0.00728	0.37168	0.62105
92 F	0.00371	0.49799	0.4983
93 F	0.00332	0.58734	0.40934
94 H	0.00333	0.60620	0.39047
95 L	0.00249	0.71021	0.2873
96 S	0.00219	0.76980	0.22801
97 Y	0.00022	0.88916	0.11062
98 G	0.00006	0.95751	0.04243
99 F	0.00002	0.99426	0.00572
100 W	0.00002	0.99919	0.0008
101 V	0.00002	0.99944	0.00055
102 G	0.00002	0.99947	0.00051
103 F	0.00002	0.99959	0.0004
104 I	0.00002	0.99960	0.00038
105 S	0.00003	0.99958	0.00039
106 L	0.00004	0.99957	0.00039
107 L	0.00022	0.99938	0.00039
108 L	0.00177	0.99783	0.00039
109 I	0.00486	0.99473	0.00041
110 L	0.01878	0.98069	0.00053
111 T	0.20159	0.79781	0.0006
112 P	0.23548	0.76378	0.00073
113 L	0.24871	0.75044	0.00085
114 F	0.26972	0.72920	0.00108
115 A	0.54262	0.45207	0.0053
116 R	0.82637	0.16656	0.00707
117 H	0.92719	0.06505	0.00777
118 C	0.96858	0.02331	0.0081
119 E	0.98776	0.00407	0.00817
120 Q	0.99071	0.00109	0.0082
121 V	0.99101	0.00079	0.0082
122 F	0.99110	0.00071	0.0082
123 L	0.99125	0.00055	0.0082
124 T	0.99135	0.00045	0.0082
125 V	0.99138	0.00042	0.0082
126 N	0.99149	0.00031	0.0082
127 P	0.99150	0.00032	0.00818
128 E	0.99150	0.00032	0.00818
129 I	0.99150	0.00040	0.0081
130 Y	0.99150	0.00044	0.00806
131 Q	0.99150	0.00044	0.00806
132 T	0.99150	0.00045	0.00805
133 S	0.99150	0.00045	0.00805
134 Y	0.99150	0.00045	0.00805
135 S	0.99150	0.00045	0.00805
136 L	0.99150	0.00045	0.00805
137 G	0.99150	0.00044	0.00806
138 A	0.99150	0.00043	0.00806
139 N	0.99151	0.00034	0.00815
140 D	0.99151	0.00032	0.00817
141 W	0.99151	0.00031	0.00818
142 Q	0.99151	0.00029	0.0082
143 F	0.99151	0.00028	0.00821
144 V	0.99151	0.00024	0.00824
145 K	0.99152	0.00015	0.00834
146 C	0.99151	0.00015	0.00834
147 F	0.99151	0.00015	0.00834
148 L	0.99151	0.00015	0.00834
149 L	0.99154	0.00013	0.00834
150 K	0.99165	0.00001	0.00834
151 E	0.99164	0.00002	0.00834
152 A	0.99150	0.00016	0.00834
153 R	0.99146	0.00021	0.00834
154 S	0.99041	0.00126	0.00834
155 D	0.95366	0.03807	0.00826
156 L	0.49417	0.49836	0.00746
157 I	0.40920	0.58386	0.00694
158 L	0.39447	0.59862	0.00691
159 R	0.38791	0.60521	0.00689
160 A	0.21170	0.78167	0.00663
161 V	0.13559	0.85793	0.00648
162 S	0.13057	0.86297	0.00647
163 L	0.11681	0.87679	0.00641
164 F	0.11388	0.87974	0.00638
165 S	0.11128	0.88236	0.00636
166 T	0.10129	0.89240	0.00631
167 S	0.09358	0.90012	0.00629
168 L	0.07897	0.91478	0.00624
169 A	0.07253	0.92125	0.00622
170 Y	0.07141	0.92235	0.00624
171 S	0.07089	0.92267	0.00644
172 S	0.07069	0.92266	0.00665
173 V	0.07050	0.92255	0.00696
174 L	0.07043	0.91651	0.01306
175 G	0.07043	0.90670	0.02287
176 I	0.07043	0.89776	0.03181
177 V	0.07048	0.87537	0.05415
178 G	0.07063	0.79474	0.13462
179 H	0.07138	0.36132	0.56731
180 E	0.07184	0.27798	0.65018
181 G	0.07185	0.27240	0.65574
182 I	0.07187	0.26723	0.6609
183 G	0.07214	0.12620	0.80166
184 E	0.07232	0.05833	0.86935
185 I	0.07232	0.05726	0.87041
186 A	0.07235	0.05096	0.87669
187 I	0.07237	0.04658	0.88105
188 S	0.07241	0.03033	0.89726
189 R	0.07246	0.01233	0.9152
190 G	0.07247	0.00844	0.91909
191 Y	0.07249	0.00429	0.92321
192 N	0.07252	0.00097	0.92651
193 G	0.07253	0.00053	0.92694
194 D	0.07254	0.00003	0.92743
195 S	0.07250	0.00010	0.92739
196 Y	0.07241	0.00054	0.92704
197 L	0.07209	0.00899	0.91892
198 L	0.07199	0.01243	0.91557
199 E	0.07198	0.01266	0.91536
200 S	0.07155	0.01606	0.91238
201 H	0.06865	0.02902	0.90233
202 G	0.06540	0.04531	0.88928
203 F	0.05543	0.07451	0.87006
204 N	0.04975	0.09308	0.85716
205 S	0.03613	0.20727	0.7566
206 L	0.01970	0.37441	0.60589
207 N	0.01704	0.50455	0.47841
208 L	0.00671	0.76830	0.225
209 I	0.00162	0.95944	0.03893
210 I	0.00053	0.99315	0.00631
211 V	0.00032	0.99537	0.0043
212 C	0.00027	0.99677	0.00296
213 A	0.00021	0.99916	0.00063
214 L	0.00018	0.99960	0.00022
215 V	0.00018	0.99968	0.00014
216 M	0.00020	0.99967	0.00013
217 F	0.00022	0.99967	0.00012
218 L	0.00036	0.99950	0.00014
219 L	0.00123	0.99852	0.00025
220 T	0.01279	0.98650	0.00071
221 Q	0.01732	0.98157	0.0011
222 I	0.01786	0.98091	0.00123
223 V	0.02014	0.97771	0.00215
224 Q	0.03146	0.96116	0.00738
225 L	0.03335	0.95545	0.0112
226 I	0.04869	0.92879	0.02252
227 G	0.07033	0.90001	0.02965
228 S	0.17711	0.77954	0.04335
229 F	0.28688	0.65782	0.0553
230 V	0.41088	0.53175	0.05736
231 A	0.67481	0.25906	0.06613
232 N	0.88696	0.04141	0.07162
233 K	0.92472	0.00284	0.07245
234 L	0.92538	0.00217	0.07246
235 N	0.92675	0.00078	0.07247
236 K	0.92750	0.00003	0.07247
237 R	0.92753	0.00000	0.07247
