# tr|B1VAF4|B1VAF4_PHYAS
# AA	inside	membr	outside
1 M	0.61767	0.00000	0.38233
2 I	0.61767	0.00000	0.38233
3 R	0.61767	0.00000	0.38233
4 Y	0.61767	0.00000	0.38233
5 F	0.61767	0.00000	0.38233
6 F	0.61767	0.00000	0.38233
7 K	0.61767	0.00000	0.38233
8 K	0.61767	0.00000	0.38233
9 K	0.61767	0.00000	0.38233
10 E	0.61767	0.00000	0.38233
11 N	0.61767	0.00000	0.38233
12 E	0.61767	0.00000	0.38233
13 K	0.61766	0.00001	0.38233
14 I	0.61766	0.00001	0.38233
15 V	0.61766	0.00001	0.38233
16 T	0.61766	0.00001	0.38233
17 I	0.61766	0.00001	0.38233
18 E	0.61766	0.00001	0.38233
19 V	0.61766	0.00001	0.38233
20 C	0.61763	0.00004	0.38233
21 G	0.61736	0.00032	0.38233
22 H	0.61735	0.00032	0.38233
23 A	0.61729	0.00039	0.38231
24 L	0.61728	0.00041	0.38231
25 Y	0.61727	0.00041	0.38231
26 A	0.61719	0.00051	0.38229
27 P	0.61718	0.00053	0.38229
28 K	0.61715	0.00057	0.38227
29 G	0.61578	0.00274	0.38148
30 R	0.61478	0.00390	0.38131
31 D	0.59758	0.02276	0.37966
32 I	0.40390	0.22047	0.37563
33 V	0.36911	0.25586	0.37503
34 C	0.35122	0.27406	0.37472
35 A	0.34428	0.28126	0.37446
36 S	0.34185	0.28378	0.37437
37 V	0.34126	0.28439	0.37435
38 S	0.34119	0.28446	0.37435
39 T	0.34116	0.28449	0.37435
40 A	0.34112	0.28454	0.37435
41 I	0.34109	0.28456	0.37435
42 I	0.34108	0.28457	0.37435
43 V	0.34108	0.28454	0.37438
44 T	0.34108	0.28427	0.37465
45 L	0.34108	0.28425	0.37467
46 N	0.34110	0.28414	0.37476
47 A	0.34115	0.28393	0.37492
48 L	0.34123	0.28335	0.37541
49 E	0.34207	0.28007	0.37785
50 M	0.34275	0.27398	0.38327
51 L	0.34305	0.26610	0.39085
52 G	0.34479	0.22392	0.43128
53 Y	0.34585	0.19120	0.46295
54 Q	0.34843	0.10218	0.54938
55 K	0.34905	0.00152	0.64943
56 D	0.34906	0.00049	0.65045
57 I	0.34897	0.00056	0.65047
58 S	0.34894	0.00037	0.6507
59 F	0.34893	0.00032	0.65075
60 S	0.34893	0.00028	0.65079
61 Y	0.34893	0.00027	0.65081
62 L	0.34893	0.00026	0.65081
63 L	0.34893	0.00023	0.65084
64 E	0.34893	0.00020	0.65087
65 D	0.34893	0.00022	0.65085
66 N	0.34893	0.00058	0.6505
67 F	0.34892	0.00326	0.64783
68 F	0.34891	0.00442	0.64666
69 H	0.34891	0.00516	0.64593
70 L	0.34891	0.00522	0.64587
71 D	0.34891	0.00527	0.64582
72 V	0.34891	0.00623	0.64486
73 L	0.34891	0.00666	0.64444
74 F	0.34891	0.00684	0.64426
75 F	0.34892	0.00680	0.64428
76 D	0.34894	0.00669	0.64437
77 E	0.34895	0.00668	0.64437
78 K	0.34895	0.00668	0.64437
79 N	0.34895	0.00670	0.64435
80 I	0.34894	0.00673	0.64432
81 F	0.34894	0.00673	0.64432
82 L	0.34895	0.00673	0.64432
83 L	0.34895	0.00673	0.64432
84 L	0.34898	0.00670	0.64432
85 S	0.34913	0.00654	0.64432
86 N	0.34959	0.00608	0.64433
87 L	0.34986	0.00581	0.64433
88 E	0.35065	0.00501	0.64433
89 Y	0.35097	0.00469	0.64433
90 T	0.35315	0.00250	0.64435
91 L	0.35395	0.00171	0.64435
92 D	0.35537	0.00028	0.64435
93 N	0.35540	0.00025	0.64435
94 L	0.35542	0.00023	0.64435
95 R	0.35559	0.00006	0.64435
96 D	0.35564	0.00001	0.64435
97 Q	0.35564	0.00001	0.64435
98 Y	0.35565	0.00000	0.64435
99 P	0.35565	0.00000	0.64435
100 K	0.35565	0.00000	0.64436
101 Y	0.35565	0.00000	0.64436
102 L	0.35565	0.00000	0.64436
103 K	0.35565	0.00000	0.64436
104 K	0.35565	0.00000	0.64436
105 I	0.35565	0.00000	0.64436
106 K	0.35565	0.00000	0.64436
107 E	0.35565	0.00000	0.64436
108 V	0.35565	0.00000	0.64436
