# tr|B1VAQ6|B1VAQ6_PHYAS
# AA	inside	membr	outside
1 M	0.99750	0.00000	0.0025
2 V	0.99750	0.00000	0.0025
3 K	0.99750	0.00000	0.0025
4 R	0.99750	0.00000	0.0025
5 M	0.99750	0.00000	0.0025
6 K	0.99750	0.00000	0.0025
7 N	0.99746	0.00003	0.0025
8 K	0.99746	0.00003	0.0025
9 T	0.99725	0.00024	0.0025
10 K	0.99725	0.00025	0.00249
11 A	0.97213	0.02547	0.0024
12 P	0.71782	0.27982	0.00236
13 I	0.03566	0.96240	0.00194
14 I	0.03551	0.96256	0.00194
15 Y	0.03550	0.96426	0.00023
16 L	0.00477	0.99499	0.00023
17 F	0.00162	0.99817	0.0002
18 S	0.00160	0.99821	0.0002
19 L	0.00088	0.99894	0.00018
20 W	0.00025	0.99974	0
21 T	0.00005	0.99994	0
22 L	0.00004	0.99995	0
23 D	0.00004	0.99996	0
24 F	0.00002	0.99998	0
25 I	0.00002	0.99998	0
26 L	0.00002	0.99998	0
27 L	0.00002	0.99998	1e-05
28 I	0.00002	0.99990	8e-05
29 L	0.00002	0.99958	0.0004
30 S	0.00002	0.99643	0.00355
31 F	0.00003	0.98874	0.01124
32 S	0.00004	0.97119	0.02877
33 F	0.00006	0.93711	0.06284
34 Y	0.00015	0.82662	0.17323
35 S	0.00022	0.55281	0.44697
36 F	0.00049	0.12783	0.87167
37 Y	0.00056	0.10781	0.89163
38 C	0.00224	0.05817	0.93959
39 V	0.00235	0.00405	0.9936
40 D	0.00251	0.00060	0.99689
41 G	0.00252	0.00047	0.99702
42 K	0.00252	0.00023	0.99726
43 I	0.00252	0.00039	0.99709
44 E	0.00252	0.00035	0.99713
45 H	0.00252	0.00167	0.99581
46 Q	0.00252	0.00210	0.99539
47 K	0.00251	0.00269	0.9948
48 S	0.00241	0.06302	0.93458
49 L	0.00206	0.24883	0.74912
50 F	0.00139	0.50570	0.49291
51 Y	0.00117	0.51932	0.4795
52 F	0.00115	0.61977	0.37909
53 F	0.00114	0.85665	0.14221
54 G	0.00114	0.88294	0.11592
55 S	0.00113	0.92114	0.07772
56 Y	0.00113	0.96003	0.03884
57 S	0.00113	0.97255	0.02633
58 T	0.00113	0.99242	0.00645
59 F	0.00113	0.99657	0.00231
60 F	0.00113	0.99696	0.0019
61 L	0.00116	0.99716	0.00168
62 L	0.00121	0.99711	0.00168
63 T	0.00335	0.99497	0.00168
64 K	0.00903	0.98926	0.0017
65 D	0.00973	0.98856	0.0017
66 F	0.00982	0.98847	0.0017
67 C	0.01566	0.98262	0.00171
68 A	0.03134	0.96694	0.00172
69 A	0.06186	0.93638	0.00176
70 L	0.06710	0.93113	0.00177
71 P	0.14514	0.85307	0.00179
72 I	0.23888	0.75921	0.00191
73 L	0.35896	0.63852	0.00252
74 N	0.37224	0.62472	0.00304
75 L	0.51638	0.48056	0.00305
76 D	0.96615	0.03079	0.00306
77 C	0.97673	0.02020	0.00306
78 V	0.97943	0.01750	0.00306
79 K	0.99636	0.00057	0.00307
80 N	0.99669	0.00025	0.00307
81 D	0.99691	0.00002	0.00307
82 I	0.99692	0.00001	0.00307
83 K	0.99692	0.00001	0.00307
84 T	0.99686	0.00007	0.00307
85 K	0.99649	0.00044	0.00307
86 K	0.98403	0.01290	0.00306
87 N	0.67376	0.32376	0.00248
88 L	0.23499	0.76400	0.00101
89 W	0.22182	0.77725	0.00094
90 K	0.21586	0.78324	0.0009
91 I	0.04736	0.95249	0.00015
92 F	0.00616	0.99381	2e-05
93 I	0.00011	0.99989	0
94 G	0.00004	0.99996	0
95 L	0.00002	0.99998	0
96 I	0.00002	0.99998	0
97 S	0.00002	0.99998	0
98 I	0.00002	0.99998	0
99 G	0.00002	0.99998	0
100 L	0.00002	0.99998	0
101 M	0.00002	0.99998	0
102 L	0.00002	0.99997	1e-05
103 F	0.00002	0.99986	0.00011
104 F	0.00002	0.99915	0.00083
105 T	0.00006	0.98808	0.01185
106 H	0.00011	0.95529	0.04459
107 H	0.00017	0.93784	0.06199
108 I	0.00020	0.92237	0.07743
109 F	0.00030	0.85098	0.14872
110 S	0.00110	0.44262	0.55628
111 Y	0.00309	0.00000	0.99691
