# tr|B1V8X1|B1V8X1_PHYAS
# AA	inside	membr	outside
1 M	0.99998	0.00000	2e-05
2 N	0.99998	0.00000	2e-05
3 K	0.99998	0.00000	2e-05
4 I	0.99998	0.00000	2e-05
5 Q	0.99998	0.00000	2e-05
6 S	0.99998	0.00000	2e-05
7 N	0.99998	0.00000	2e-05
8 L	0.99998	0.00000	2e-05
9 L	0.99997	0.00001	2e-05
10 I	0.99997	0.00001	2e-05
11 L	0.99997	0.00001	2e-05
12 K	0.99997	0.00001	2e-05
13 R	0.99980	0.00018	2e-05
14 K	0.99980	0.00018	2e-05
15 A	0.99980	0.00019	1e-05
16 P	0.99562	0.00436	1e-05
17 S	0.96556	0.03443	1e-05
18 F	0.96089	0.03910	1e-05
19 F	0.87928	0.12071	1e-05
20 F	0.51191	0.48808	1e-05
21 I	0.00896	0.99103	1e-05
22 F	0.00424	0.99575	1e-05
23 V	0.00324	0.99676	1e-05
24 K	0.00310	0.99689	1e-05
25 Y	0.00096	0.99903	0
26 F	0.00015	0.99985	0
27 F	0.00005	0.99995	0
28 L	0.00001	0.99999	0
29 F	0.00000	1.00000	0
30 F	0.00000	1.00000	0
31 V	0.00000	1.00000	0
32 L	0.00000	1.00000	0
33 L	0.00000	1.00000	0
34 F	0.00000	0.99998	2e-05
35 L	0.00000	0.99981	0.00018
36 A	0.00000	0.99936	0.00064
37 L	0.00000	0.99800	0.00199
38 P	0.00000	0.99387	0.00613
39 F	0.00000	0.98875	0.01124
40 Y	0.00000	0.95933	0.04066
41 W	0.00001	0.93991	0.06008
42 M	0.00001	0.84499	0.155
43 L	0.00001	0.48535	0.51465
44 N	0.00001	0.01245	0.98754
45 V	0.00001	0.00762	0.99238
46 A	0.00001	0.00457	0.99541
47 F	0.00001	0.00364	0.99634
48 Q	0.00002	0.00101	0.99897
49 K	0.00002	0.00003	0.99995
50 D	0.00002	0.00001	0.99998
51 S	0.00002	0.00000	0.99998
52 L	0.00002	0.00000	0.99998
53 H	0.00002	0.00000	0.99998
54 I	0.00002	0.00000	0.99998
55 H	0.00002	0.00000	0.99998
56 W	0.00002	0.00000	0.99998
57 Y	0.00002	0.00000	0.99998
58 P	0.00002	0.00000	0.99998
59 K	0.00002	0.00000	0.99998
60 N	0.00002	0.00000	0.99998
61 F	0.00002	0.00000	0.99998
62 T	0.00002	0.00000	0.99998
63 I	0.00002	0.00000	0.99998
64 E	0.00002	0.00000	0.99998
65 H	0.00002	0.00000	0.99998
66 F	0.00002	0.00000	0.99998
67 K	0.00002	0.00000	0.99998
68 N	0.00001	0.00001	0.99998
69 V	0.00000	0.00002	0.99998
70 L	0.00000	0.00002	0.99998
71 V	0.00000	0.00003	0.99997
72 G	0.00000	0.00003	0.99997
73 N	0.00000	0.00003	0.99997
74 D	0.00000	0.00007	0.99993
75 K	0.00000	0.00094	0.99906
76 I	0.00000	0.25370	0.7463
77 G	0.00000	0.29596	0.70403
78 F	0.00000	0.34695	0.65305
79 L	0.00000	0.38538	0.61462
80 P	0.00000	0.39561	0.60439
81 S	0.00000	0.43731	0.56269
82 F	0.00000	0.60641	0.39359
83 L	0.00000	0.74821	0.25179
84 V	0.00000	0.77891	0.22109
85 T	0.00000	0.80058	0.19943
86 I	0.00000	0.83816	0.16184
87 L	0.00000	0.85445	0.14556
88 V	0.00000	0.99284	0.00716
89 V	0.00000	0.99666	0.00333
90 F	0.00000	0.99890	0.0011
91 L	0.00000	0.99965	0.00035
92 S	0.00000	0.99976	0.00024
93 T	0.00000	0.99997	3e-05
94 I	0.00000	0.99999	1e-05
95 L	0.00001	0.99999	0
96 G	0.00008	0.99992	0
97 I	0.00035	0.99965	0
98 I	0.00120	0.99880	0
99 V	0.01620	0.98380	0
100 S	0.02004	0.97996	0
101 V	0.02287	0.97713	0
102 I	0.02604	0.97396	0
103 T	0.02780	0.97220	0
104 A	0.03243	0.96757	0
105 F	0.16802	0.83198	0
106 A	0.31596	0.68404	0
107 L	0.34181	0.65819	0
108 S	0.36498	0.63502	0
109 I	0.39759	0.60241	0
110 L	0.42585	0.57415	0
111 Q	0.97577	0.02422	0
112 F	0.98170	0.01830	0
113 K	0.99969	0.00031	0
114 N	0.99929	0.00071	0
115 K	0.99824	0.00176	0
116 R	0.96932	0.03068	0
117 I	0.13419	0.86580	0
118 V	0.05916	0.94084	0
119 F	0.01789	0.98211	0
120 S	0.00513	0.99487	0
121 L	0.00136	0.99864	0
122 F	0.00016	0.99984	0
123 L	0.00001	0.99998	0
124 I	0.00001	0.99999	0
125 T	0.00001	0.99999	0
126 T	0.00001	0.99999	0
127 M	0.00001	0.99999	0
128 I	0.00000	0.99999	0
129 T	0.00000	0.99999	0
130 T	0.00000	0.99998	2e-05
131 E	0.00000	0.99991	9e-05
132 S	0.00000	0.99979	0.00021
133 M	0.00000	0.99969	0.00031
134 F	0.00000	0.99934	0.00065
135 L	0.00000	0.96441	0.0356
136 I	0.00000	0.92919	0.0708
137 N	0.00000	0.82174	0.17826
138 Y	0.00000	0.80045	0.19954
139 Q	0.00000	0.75213	0.24787
140 T	0.00000	0.10807	0.89193
141 V	0.00000	0.05555	0.94445
142 A	0.00000	0.02092	0.97907
143 R	0.00000	0.00296	0.99704
144 L	0.00000	0.00131	0.99869
145 G	0.00000	0.00046	0.99954
146 L	0.00000	0.00042	0.99958
147 V	0.00000	0.00033	0.99967
148 D	0.00000	0.00014	0.99986
149 P	0.00000	0.00065	0.99935
150 G	0.00000	0.00236	0.99764
151 N	0.00000	0.00808	0.99192
152 G	0.00000	0.03339	0.96661
153 S	0.00000	0.06492	0.93508
154 I	0.00000	0.73991	0.2601
155 V	0.00000	0.82911	0.17089
156 P	0.00000	0.88470	0.1153
157 G	0.00000	0.90454	0.09547
158 G	0.00000	0.94049	0.05951
159 V	0.00000	0.99430	0.00571
160 Y	0.00000	0.99891	0.00109
161 F	0.00000	0.99976	0.00024
162 A	0.00000	0.99995	5e-05
163 M	0.00000	0.99998	2e-05
164 V	0.00000	1.00000	0
165 L	0.00000	1.00000	0
166 P	0.00000	1.00000	0
167 F	0.00000	1.00000	0
168 L	0.00000	1.00000	0
169 I	0.00004	0.99996	0
170 N	0.00015	0.99985	0
171 F	0.00023	0.99977	0
172 V	0.00151	0.99849	0
173 H	0.00762	0.99238	0
174 I	0.01803	0.98197	0
175 F	0.04936	0.95064	0
176 L	0.08236	0.91763	0
177 L	0.74388	0.25612	0
178 M	0.92158	0.07841	0
179 Q	0.98028	0.01972	0
180 N	0.98602	0.01397	0
181 I	0.98821	0.01178	0
182 K	0.99989	0.00011	0
183 K	0.99998	0.00002	0
184 I	0.99998	0.00001	0
185 P	0.99999	0.00000	0
186 K	0.99999	0.00001	0
187 E	0.99995	0.00005	0
188 L	0.99690	0.00309	0
189 Y	0.99001	0.00998	0
190 L	0.98982	0.01017	0
191 S	0.98981	0.01019	0
192 V	0.98980	0.01019	0
193 K	0.98980	0.01019	0
194 I	0.98977	0.01022	0
195 D	0.98977	0.01023	0
196 G	0.98935	0.01065	0
197 S	0.98754	0.01246	0
198 S	0.98148	0.01852	0
199 N	0.96874	0.03126	0
200 F	0.96358	0.03641	0
201 N	0.95719	0.04280	0
202 F	0.92612	0.07388	0
203 L	0.90579	0.09421	0
204 F	0.90241	0.09758	1e-05
205 K	0.90210	0.09787	3e-05
206 I	0.89748	0.10248	4e-05
207 L	0.89392	0.10600	7e-05
208 I	0.89084	0.10894	0.00021
209 P	0.88925	0.10967	0.00108
210 L	0.88216	0.11659	0.00124
211 L	0.88115	0.11487	0.00397
212 K	0.88101	0.10858	0.01041
213 D	0.87520	0.11431	0.01048
214 N	0.72527	0.26429	0.01044
215 L	0.31941	0.67040	0.01018
216 I	0.30585	0.68400	0.01014
217 N	0.30336	0.68633	0.01031
218 I	0.20331	0.78643	0.01026
219 V	0.18808	0.80141	0.01051
220 I	0.17598	0.81237	0.01165
221 F	0.17443	0.80680	0.01877
222 R	0.17297	0.79044	0.03659
223 A	0.12724	0.83305	0.03971
224 V	0.07714	0.87776	0.0451
225 A	0.06576	0.86417	0.07007
226 A	0.04816	0.86013	0.0917
227 W	0.03045	0.87071	0.09884
228 N	0.02385	0.87573	0.10042
229 A	0.01918	0.87955	0.10127
230 Y	0.01436	0.88600	0.09963
231 L	0.01340	0.88353	0.10308
232 W	0.01322	0.84421	0.14258
233 P	0.01327	0.75805	0.22869
234 Q	0.01327	0.71647	0.27026
235 L	0.01325	0.69889	0.28786
236 V	0.01327	0.67945	0.30729
237 G	0.01340	0.58662	0.39998
238 G	0.01360	0.19808	0.78832
239 K	0.01365	0.18421	0.80215
240 L	0.01365	0.18411	0.80224
241 L	0.01367	0.18216	0.80417
242 T	0.01369	0.18006	0.80624
243 V	0.01372	0.17042	0.81585
244 I	0.01390	0.16786	0.81823
245 V	0.01416	0.15967	0.82617
246 R	0.01529	0.09385	0.89086
247 N	0.01533	0.04821	0.93647
248 F	0.01537	0.03344	0.95119
249 F	0.01584	0.02424	0.95992
250 D	0.02173	0.00196	0.97631
251 S	0.02200	0.00025	0.97776
252 D	0.02201	0.00005	0.97795
253 T	0.02201	0.00001	0.97798
254 K	0.02200	0.00002	0.97798
255 P	0.02141	0.00210	0.97649
256 N	0.01303	0.07296	0.91401
257 L	0.00863	0.67774	0.31363
258 I	0.00837	0.72697	0.26466
259 N	0.00831	0.73833	0.25336
260 Q	0.00822	0.80783	0.18395
261 Q	0.00744	0.87222	0.12033
262 M	0.00340	0.97620	0.0204
263 A	0.00254	0.98593	0.01153
264 A	0.00213	0.99106	0.00682
265 T	0.00205	0.99450	0.00346
266 T	0.00182	0.99574	0.00244
267 L	0.00159	0.99700	0.00141
268 I	0.00156	0.99713	0.00131
269 T	0.00155	0.99718	0.00128
270 V	0.00153	0.99722	0.00126
271 P	0.00153	0.99722	0.00126
272 L	0.00153	0.99723	0.00125
273 V	0.00153	0.99723	0.00125
274 L	0.00154	0.99721	0.00125
275 L	0.00205	0.99667	0.00128
276 F	0.00359	0.99503	0.00137
277 I	0.01582	0.98266	0.00152
278 F	0.04795	0.94954	0.00251
279 C	0.21192	0.77595	0.01212
280 K	0.88282	0.09928	0.0179
281 K	0.89838	0.08347	0.01815
282 Y	0.89872	0.08311	0.01816
283 V	0.90078	0.08103	0.01819
284 L	0.91205	0.06968	0.01827
285 E	0.97399	0.00531	0.0207
286 G	0.97636	0.00246	0.02118
287 N	0.97753	0.00093	0.02154
288 L	0.97767	0.00076	0.02156
289 N	0.97803	0.00030	0.02167
290 S	0.97818	0.00011	0.0217
291 G	0.97823	0.00006	0.02171
292 I	0.97825	0.00004	0.02171
293 K	0.97827	0.00000	0.02173
294 G	0.97827	0.00000	0.02173
