# sp|Q2NKB3|Y013_AYWBP
# AA	inside	membr	outside
1 M	0.00631	0.00000	0.99369
2 S	0.00631	0.00000	0.99369
3 K	0.00631	0.00000	0.99369
4 D	0.00631	0.00000	0.99369
5 D	0.00631	0.00001	0.99367
6 S	0.00631	0.00004	0.99365
7 I	0.00630	0.00007	0.99363
8 K	0.00630	0.00007	0.99363
9 K	0.00626	0.00046	0.99328
10 T	0.00626	0.27483	0.71891
11 V	0.00574	0.36608	0.62818
12 T	0.00459	0.37897	0.61643
13 I	0.00171	0.53252	0.46576
14 G	0.00171	0.53254	0.46575
15 L	0.00171	0.98600	0.01228
16 S	0.00171	0.98601	0.01228
17 T	0.00170	0.98870	0.00959
18 T	0.00170	0.99289	0.0054
19 I	0.00168	0.99496	0.00336
20 F	0.00163	0.99836	0
21 F	0.00162	0.99837	0
22 V	0.00162	0.99838	0
23 L	0.00162	0.99838	0
24 S	0.00162	0.99837	0
25 C	0.00164	0.99836	0
26 F	0.00165	0.99835	0
27 A	0.00172	0.99827	0
28 S	0.00860	0.99139	0
29 I	0.01172	0.98827	1e-05
30 P	0.02799	0.97197	4e-05
31 V	0.04631	0.95340	0.00029
32 G	0.08781	0.91110	0.00109
33 F	0.25271	0.74592	0.00137
34 N	0.36243	0.63538	0.00219
35 V	0.39064	0.60671	0.00264
36 S	0.54209	0.45342	0.00449
37 I	0.60923	0.38625	0.00451
38 E	0.99073	0.00467	0.0046
39 T	0.97669	0.01892	0.00438
40 S	0.80240	0.19479	0.0028
41 A	0.76175	0.23663	0.00162
42 A	0.59205	0.40661	0.00133
43 F	0.41242	0.58702	0.00056
44 L	0.01737	0.98238	0.00025
45 A	0.00831	0.99154	0.00014
46 F	0.00175	0.99812	0.00013
47 I	0.00070	0.99918	0.00012
48 A	0.00030	0.99958	0.00012
49 V	0.00004	0.99984	0.00012
50 A	0.00000	0.99987	0.00013
51 F	0.00000	0.99985	0.00014
52 G	0.00000	0.99983	0.00016
53 P	0.00000	0.99981	0.00019
54 S	0.00000	0.99979	0.00021
55 V	0.00000	0.99978	0.00022
56 G	0.00000	0.99963	0.00037
57 F	0.00000	0.99956	0.00045
58 Y	0.00000	0.99917	0.00083
59 V	0.00001	0.99880	0.00119
60 G	0.00005	0.99495	0.00501
61 L	0.00009	0.95846	0.04146
62 I	0.00032	0.94324	0.05645
63 G	0.00234	0.73143	0.26624
64 H	0.00349	0.70791	0.28861
65 I	0.00365	0.62688	0.36947
66 I	0.00423	0.35680	0.63898
67 K	0.00451	0.00281	0.99269
68 D	0.00451	0.00319	0.9923
69 F	0.00393	0.02188	0.9742
70 F	0.00342	0.15700	0.83958
71 L	0.00337	0.17870	0.81792
72 F	0.00297	0.18459	0.81243
73 G	0.00294	0.18779	0.80927
74 N	0.00286	0.20657	0.79057
75 V	0.00121	0.70672	0.29207
76 S	0.00114	0.85279	0.14607
77 W	0.00100	0.96698	0.03201
78 N	0.00099	0.97242	0.02658
79 W	0.00099	0.99536	0.00365
80 V	0.00099	0.99791	0.0011
81 L	0.00099	0.99892	0.0001
82 C	0.00099	0.99896	6e-05
83 S	0.00099	0.99897	4e-05
84 A	0.00099	0.99899	3e-05
85 L	0.00099	0.99899	2e-05
86 I	0.00099	0.99901	0
87 G	0.00100	0.99900	0
88 F	0.00108	0.99892	0
89 I	0.00475	0.99525	1e-05
90 Y	0.01815	0.98165	0.00021
91 G	0.02854	0.97119	0.00027
92 L	0.04339	0.95592	0.00069
93 P	0.19118	0.80778	0.00104
94 Y	0.21828	0.78065	0.00107
95 K	0.23732	0.75954	0.00313
96 I	0.23809	0.75877	0.00314
97 I	0.36673	0.63010	0.00317
98 D	0.96690	0.02959	0.0035
99 L	0.98829	0.00820	0.00351
100 K	0.99611	0.00035	0.00354
101 Y	0.99615	0.00030	0.00354
102 Q	0.99623	0.00022	0.00354
103 V	0.99627	0.00019	0.00354
104 F	0.99634	0.00012	0.00354
105 T	0.99638	0.00007	0.00354
106 K	0.99621	0.00025	0.00354
107 K	0.99521	0.00125	0.00354
108 K	0.99166	0.00482	0.00352
109 I	0.21709	0.78212	0.00079
110 V	0.06326	0.93611	0.00063
111 Y	0.01209	0.98746	0.00045
112 F	0.00219	0.99768	0.00013
113 W	0.00047	0.99943	0.0001
114 L	0.00017	0.99975	8e-05
115 Y	0.00014	0.99978	8e-05
116 Q	0.00013	0.99979	8e-05
117 V	0.00002	0.99990	8e-05
118 A	0.00001	0.99991	8e-05
119 C	0.00000	0.99992	8e-05
120 N	0.00000	0.99992	8e-05
121 F	0.00000	0.99992	8e-05
122 I	0.00000	0.99992	8e-05
123 I	0.00000	0.99992	8e-05
124 W	0.00000	0.99990	9e-05
125 G	0.00000	0.99965	0.00034
126 F	0.00000	0.99942	0.00057
127 F	0.00011	0.99051	0.00938
128 A	0.00067	0.88450	0.11483
129 P	0.00286	0.09067	0.90647
130 Q	0.00318	0.04696	0.94985
131 S	0.00321	0.03803	0.95875
132 D	0.00330	0.00858	0.98812
133 L	0.00330	0.00634	0.99036
134 L	0.00330	0.00360	0.9931
135 I	0.00340	0.00114	0.99546
136 Y	0.00343	0.00050	0.99607
137 G	0.00346	0.00022	0.99632
138 Q	0.00346	0.00026	0.99628
139 P	0.00346	0.00033	0.99621
140 P	0.00340	0.00072	0.99588
141 K	0.00286	0.00614	0.991
142 L	0.00261	0.09295	0.90444
143 V	0.00256	0.71637	0.28108
144 Y	0.00250	0.74827	0.24924
145 L	0.00248	0.75325	0.24427
146 Q	0.00248	0.77276	0.22477
147 S	0.00188	0.79743	0.20069
148 F	0.00043	0.95518	0.0444
149 L	0.00008	0.97674	0.02318
150 I	0.00004	0.98912	0.01085
151 V	0.00002	0.99831	0.00166
152 I	0.00002	0.99900	0.00099
153 S	0.00002	0.99905	0.00093
154 N	0.00002	0.99936	0.00062
155 I	0.00002	0.99984	0.00015
156 L	0.00002	0.99989	9e-05
157 A	0.00005	0.99987	9e-05
158 Y	0.00016	0.99976	9e-05
159 S	0.00048	0.99943	9e-05
160 V	0.00162	0.99829	0.0001
161 V	0.01074	0.98913	0.00013
162 G	0.04477	0.95500	0.00023
163 I	0.11750	0.88218	0.00032
164 K	0.18862	0.81044	0.00094
165 L	0.21115	0.78786	0.00099
166 M	0.70570	0.29328	0.00101
167 T	0.73923	0.25971	0.00106
168 I	0.75107	0.24783	0.0011
169 Y	0.78225	0.21655	0.00119
170 S	0.81217	0.18594	0.00189
171 C	0.93150	0.06528	0.00322
172 H	0.95810	0.03842	0.00349
173 Y	0.97262	0.02388	0.00351
174 T	0.99336	0.00311	0.00352
175 K	0.99638	0.00009	0.00353
176 Q	0.99645	0.00002	0.00353
177 A	0.99646	0.00001	0.00353
178 T	0.99646	0.00000	0.00353
179 L	0.99646	0.00000	0.00353
180 M	0.99647	0.00000	0.00353
181 K	0.99647	0.00000	0.00354
182 I	0.99647	0.00000	0.00354
183 N	0.99647	0.00000	0.00354
184 N	0.99647	0.00000	0.00354
185 S	0.99647	0.00000	0.00354
