# sp|Q2NJF6|PLSY_AYWBP
# AA	inside	membr	outside
1 M	0.01466	0.00000	0.98534
2 K	0.01465	0.00001	0.98534
3 K	0.01454	0.00012	0.98534
4 L	0.01454	0.79668	0.18878
5 S	0.01114	0.89225	0.09661
6 F	0.01114	0.96967	0.01918
7 L	0.00009	0.98939	0.01052
8 F	0.00009	0.98944	0.01046
9 L	0.00003	0.99000	0.00997
10 F	0.00003	0.99978	0.00019
11 L	0.00003	0.99995	2e-05
12 F	0.00002	0.99997	1e-05
13 F	0.00002	0.99997	0
14 Y	0.00002	0.99997	0
15 I	0.00002	0.99997	0
16 L	0.00002	0.99997	0
17 G	0.00002	0.99997	0
18 S	0.00002	0.99997	0
19 I	0.00003	0.99997	0
20 P	0.00004	0.99995	0
21 T	0.00005	0.99994	0
22 G	0.00016	0.99983	1e-05
23 L	0.00051	0.99943	6e-05
24 V	0.00272	0.99712	0.00016
25 I	0.00773	0.99044	0.00183
26 G	0.04977	0.94610	0.00412
27 K	0.85994	0.13003	0.01003
28 L	0.91591	0.07334	0.01074
29 T	0.97732	0.01169	0.01099
30 Q	0.98517	0.00025	0.01458
31 Q	0.98534	0.00005	0.01462
32 K	0.98536	0.00001	0.01464
33 D	0.98537	0.00000	0.01464
34 L	0.98536	0.00000	0.01464
35 R	0.98537	0.00000	0.01464
36 N	0.98537	0.00000	0.01464
37 K	0.98536	0.00000	0.01464
38 G	0.98534	0.00003	0.01463
39 S	0.98528	0.00009	0.01463
40 G	0.98527	0.00010	0.01463
41 N	0.98527	0.00010	0.01463
42 I	0.98526	0.00011	0.01463
43 G	0.98526	0.00012	0.01463
44 A	0.98526	0.00012	0.01463
45 T	0.98524	0.00014	0.01463
46 N	0.98517	0.00021	0.01463
47 A	0.98491	0.00046	0.01463
48 F	0.98489	0.00049	0.01463
49 R	0.98486	0.00052	0.01463
50 V	0.98443	0.00095	0.01463
51 L	0.98212	0.00326	0.01463
52 G	0.98104	0.00433	0.01463
53 K	0.98019	0.00519	0.01463
54 K	0.96680	0.01861	0.01459
55 W	0.41539	0.57823	0.00638
56 G	0.10850	0.88931	0.00219
57 I	0.04015	0.95826	0.00158
58 L	0.00733	0.99132	0.00135
59 V	0.00190	0.99698	0.00112
60 F	0.00149	0.99744	0.00107
61 L	0.00139	0.99752	0.00109
62 L	0.00137	0.99749	0.00114
63 D	0.00136	0.99746	0.00117
64 F	0.00131	0.99751	0.00117
65 C	0.00131	0.99743	0.00127
66 K	0.00130	0.99739	0.00131
67 G	0.00129	0.99740	0.00131
68 F	0.00129	0.99740	0.00131
69 V	0.00129	0.99738	0.00133
70 P	0.00129	0.99732	0.00139
71 L	0.00130	0.99726	0.00144
72 T	0.00130	0.99704	0.00167
73 I	0.00130	0.99532	0.00338
74 F	0.00131	0.98008	0.01861
75 L	0.00144	0.90532	0.09324
76 H	0.00170	0.84610	0.1522
77 F	0.00180	0.81384	0.18436
78 S	0.01009	0.34376	0.64615
79 E	0.01442	0.05391	0.93167
80 F	0.01460	0.02297	0.96243
81 W	0.01469	0.00392	0.98139
82 P	0.01483	0.00062	0.98455
83 T	0.01486	0.00029	0.98485
84 E	0.01487	0.00004	0.98509
85 P	0.01487	0.00002	0.98511
86 S	0.01486	0.00011	0.98503
87 T	0.01485	0.00100	0.98414
88 Q	0.01485	0.00173	0.98342
89 T	0.01450	0.00473	0.98076
90 F	0.00793	0.03793	0.95414
91 L	0.00681	0.04333	0.94986
92 Q	0.00679	0.20060	0.79261
93 P	0.00661	0.48168	0.51171
94 H	0.00605	0.57145	0.42251
95 L	0.00550	0.63442	0.36008
96 T	0.00521	0.66886	0.32593
97 M	0.00439	0.79557	0.20004
98 K	0.00311	0.81019	0.1867
99 I	0.00120	0.94238	0.05642
100 S	0.00115	0.94682	0.05203
101 L	0.00111	0.95095	0.04795
102 L	0.00111	0.95160	0.04729
103 A	0.00111	0.95170	0.04719
104 I	0.00111	0.95172	0.04717
105 S	0.00112	0.95171	0.04717
106 P	0.00114	0.95169	0.04717
107 I	0.00120	0.95163	0.04717
108 L	0.00201	0.95075	0.04723
109 G	0.00421	0.94790	0.04789
110 H	0.00782	0.94337	0.04881
111 M	0.00915	0.94193	0.04892
112 F	0.01167	0.93919	0.04914
113 S	0.03169	0.91414	0.05417
114 L	0.03669	0.90715	0.05615
115 F	0.25384	0.68882	0.05734
116 N	0.65984	0.28082	0.05934
117 K	0.90357	0.03618	0.06025
118 F	0.90812	0.03159	0.06029
119 K	0.92918	0.00994	0.06088
120 G	0.93069	0.00853	0.06078
121 G	0.93166	0.00771	0.06063
122 K	0.93750	0.00202	0.06048
123 A	0.91121	0.04102	0.04777
124 I	0.89841	0.06651	0.03508
125 A	0.88707	0.08192	0.03101
126 T	0.85325	0.11813	0.02862
127 S	0.51536	0.46469	0.01995
128 V	0.05601	0.93992	0.00407
129 G	0.02834	0.96859	0.00307
130 I	0.02145	0.97725	0.00129
131 I	0.01081	0.98868	0.00051
132 T	0.00954	0.99009	0.00038
133 S	0.00520	0.99449	0.00032
134 F	0.00312	0.99663	0.00025
135 N	0.00251	0.99726	0.00023
136 P	0.00138	0.99848	0.00014
137 L	0.00031	0.99966	3e-05
138 I	0.00024	0.99974	2e-05
139 G	0.00023	0.99975	2e-05
140 I	0.00022	0.99975	3e-05
141 S	0.00024	0.99960	0.00016
142 G	0.00025	0.99957	0.00018
143 I	0.00030	0.99944	0.00027
144 I	0.00040	0.99882	0.00078
145 F	0.00059	0.99704	0.00237
146 F	0.01184	0.96528	0.02289
147 A	0.02331	0.94269	0.034
148 I	0.02764	0.92729	0.04508
149 F	0.03090	0.87010	0.099
150 L	0.04044	0.51144	0.44811
151 R	0.05549	0.04275	0.90176
152 L	0.04026	0.06343	0.89631
153 F	0.02947	0.23486	0.73567
154 G	0.01989	0.59437	0.38575
155 Y	0.01056	0.83566	0.15379
156 A	0.00740	0.86486	0.12774
157 S	0.00242	0.87474	0.12284
158 L	0.00155	0.89279	0.10566
159 S	0.00131	0.92503	0.07367
160 S	0.00123	0.97185	0.02693
161 I	0.00112	0.98115	0.01773
162 M	0.00108	0.98287	0.01605
163 A	0.00095	0.98463	0.01442
164 S	0.00091	0.98552	0.01357
165 T	0.00066	0.99061	0.00873
166 L	0.00026	0.99130	0.00843
167 V	0.00022	0.99142	0.00836
168 N	0.00019	0.99158	0.00823
169 I	0.00014	0.99216	0.0077
170 F	0.00010	0.99225	0.00764
171 L	0.00052	0.99153	0.00796
172 W	0.00338	0.98740	0.00922
173 L	0.01173	0.97584	0.01242
174 N	0.02881	0.95352	0.01767
175 Y	0.05440	0.91653	0.02907
176 L	0.22280	0.73741	0.03978
177 Y	0.60946	0.33379	0.05676
178 C	0.86320	0.07151	0.06528
179 D	0.91585	0.01695	0.06719
180 N	0.91641	0.01621	0.06738
181 F	0.91649	0.01611	0.06739
182 G	0.91712	0.01543	0.06744
183 T	0.91940	0.01313	0.06747
184 L	0.92125	0.01118	0.06757
185 V	0.92436	0.00803	0.06762
186 P	0.92666	0.00552	0.06783
187 I	0.92730	0.00481	0.06789
188 Q	0.93086	0.00089	0.06825
189 N	0.93099	0.00051	0.0685
190 Q	0.93103	0.00052	0.06846
191 I	0.93047	0.00149	0.06805
192 Q	0.93058	0.00138	0.06803
193 K	0.93006	0.00195	0.06799
194 P	0.91589	0.02044	0.06367
195 E	0.85402	0.09327	0.05271
196 L	0.43895	0.53209	0.02897
197 F	0.26402	0.72152	0.01447
198 Y	0.06569	0.92897	0.00534
199 F	0.05627	0.94004	0.00369
200 S	0.05546	0.94153	0.00301
201 I	0.05500	0.94289	0.00211
202 N	0.05493	0.94308	0.00199
203 F	0.05482	0.94365	0.00154
204 A	0.05482	0.94367	0.00151
205 T	0.05481	0.94368	0.00151
206 L	0.05481	0.94368	0.0015
207 I	0.05481	0.94368	0.0015
208 I	0.05482	0.94368	0.00151
209 I	0.05483	0.94358	0.00159
210 A	0.05492	0.94216	0.00293
211 K	0.05559	0.91112	0.03329
212 H	0.05590	0.90765	0.03645
213 Y	0.05627	0.90133	0.04239
214 S	0.06190	0.78631	0.15179
215 N	0.06645	0.72908	0.20446
216 I	0.07190	0.69562	0.23249
217 L	0.08154	0.58938	0.32908
218 R	0.09966	0.41712	0.48321
219 L	0.10425	0.30028	0.59547
220 I	0.11306	0.19418	0.69277
221 K	0.12109	0.00387	0.87504
222 G	0.12158	0.00097	0.87745
223 T	0.12191	0.00006	0.87803
224 E	0.12193	0.00001	0.87806
225 N	0.12193	0.00000	0.87807
226 K	0.12193	0.00000	0.87807
227 F	0.12193	0.00000	0.87807
228 N	0.12193	0.00000	0.87807
229 F	0.12193	0.00000	0.87807
230 K	0.12193	0.00000	0.87807
231 K	0.12193	0.00000	0.87807
