# tr|Q2NJH3|Q2NJH3_AYWBP
# AA	inside	membr	outside
1 M	0.84550	0.00000	0.15449
2 K	0.84550	0.00000	0.15449
3 K	0.84550	0.00000	0.15449
4 Q	0.84550	0.00000	0.15449
5 K	0.84548	0.00002	0.15449
6 L	0.84548	0.00002	0.15449
7 T	0.84487	0.00064	0.15449
8 I	0.84487	0.00064	0.15449
9 L	0.84333	0.00218	0.15449
10 G	0.84332	0.00218	0.15449
11 K	0.84319	0.00231	0.15449
12 N	0.70723	0.13827	0.15449
13 E	0.23132	0.61419	0.15449
14 N	0.23081	0.61470	0.15449
15 N	0.23078	0.61578	0.15343
16 W	0.09924	0.74733	0.15343
17 A	0.03214	0.81451	0.15335
18 I	0.03072	0.81604	0.15324
19 F	0.02320	0.82357	0.15322
20 W	0.01929	0.82778	0.15292
21 V	0.01723	0.82985	0.15292
22 A	0.01722	0.82988	0.1529
23 K	0.01721	0.82996	0.15283
24 A	0.01617	0.83906	0.14477
25 L	0.01552	0.84842	0.13607
26 I	0.01537	0.85253	0.1321
27 Y	0.01535	0.85308	0.13158
28 N	0.01534	0.85323	0.13143
29 P	0.01528	0.86016	0.12456
30 I	0.01480	0.87508	0.11011
31 I	0.01399	0.87382	0.11218
32 I	0.01278	0.73935	0.24787
33 Y	0.00220	0.28836	0.70944
34 F	0.00107	0.28944	0.70949
35 N	0.00148	0.23741	0.76111
36 I	0.00021	0.87478	0.12502
37 Y	0.00013	0.85848	0.14139
38 L	0.00041	0.86613	0.13347
39 L	0.00022	0.91683	0.08295
40 I	0.00029	0.94682	0.05289
41 C	0.00037	0.95861	0.04102
42 G	0.00038	0.97283	0.02678
43 H	0.00043	0.98334	0.01624
44 H	0.00042	0.99849	0.00109
45 L	0.00042	0.99863	0.00094
46 I	0.00043	0.99863	0.00094
47 I	0.00049	0.99827	0.00123
48 F	0.00067	0.99769	0.00164
49 C	0.00078	0.99746	0.00175
50 C	0.00082	0.99741	0.00176
51 L	0.00086	0.99737	0.00176
52 W	0.00149	0.99674	0.00177
53 I	0.00745	0.99070	0.00185
54 W	0.01104	0.98689	0.00206
55 W	0.02344	0.97327	0.00328
56 C	0.05793	0.92527	0.0168
57 C	0.11313	0.86859	0.01828
58 L	0.15392	0.82768	0.01839
59 K	0.96945	0.01125	0.0193
60 K	0.97993	0.00076	0.01931
61 Q	0.98038	0.00031	0.01931
62 K	0.98058	0.00011	0.01931
63 V	0.98061	0.00009	0.01931
64 R	0.98069	0.00001	0.01931
65 D	0.98069	0.00000	0.01931
66 E	0.98069	0.00000	0.01931
67 K	0.98069	0.00000	0.01931
68 M	0.98069	0.00000	0.01931
69 Q	0.98069	0.00000	0.01931
70 K	0.98069	0.00000	0.01931
71 K	0.98069	0.00000	0.01931
72 T	0.98069	0.00000	0.01931
73 T	0.98069	0.00000	0.01931
74 A	0.98069	0.00000	0.01931
75 I	0.98069	0.00000	0.01931
76 R	0.98069	0.00000	0.01931
