# tr|Q2NJ71|Q2NJ71_AYWBP
# AA	inside	membr	outside
1 M	0.83611	0.00000	0.16389
2 H	0.83605	0.00007	0.16389
3 N	0.83574	0.00037	0.16389
4 F	0.83574	0.00110	0.16316
5 N	0.83459	0.00232	0.1631
6 F	0.83459	0.00238	0.16304
7 N	0.83139	0.00559	0.16302
8 I	0.83139	0.00559	0.16302
9 S	0.83121	0.00578	0.16301
10 A	0.83121	0.00608	0.16271
11 F	0.83116	0.00616	0.16269
12 I	0.83004	0.00730	0.16267
13 D	0.82950	0.00786	0.16264
14 K	0.82928	0.00807	0.16264
15 I	0.82928	0.06178	0.10895
16 N	0.82141	0.06964	0.10895
17 D	0.71301	0.17865	0.10834
18 Y	0.67973	0.21757	0.1027
19 A	0.21054	0.68822	0.10124
20 I	0.04423	0.85710	0.09867
21 F	0.01021	0.89112	0.09867
22 I	0.00977	0.89157	0.09867
23 I	0.00972	0.89148	0.0988
24 S	0.00972	0.89129	0.09899
25 F	0.00971	0.89087	0.09942
26 L	0.00976	0.89010	0.10014
27 K	0.01053	0.88716	0.10231
28 T	0.01059	0.88688	0.10253
29 T	0.01061	0.88680	0.10258
30 F	0.01065	0.88623	0.10312
31 N	0.01097	0.88586	0.10317
32 N	0.01118	0.88542	0.1034
33 I	0.01166	0.88492	0.10342
34 I	0.01349	0.88298	0.10353
35 A	0.04503	0.84958	0.10538
36 I	0.05317	0.83760	0.10924
37 K	0.06715	0.12011	0.81273
38 D	0.07375	0.04385	0.8824
39 V	0.07364	0.04182	0.88453
40 D	0.07435	0.03232	0.89334
41 F	0.07061	0.03591	0.89347
42 S	0.07018	0.02602	0.9038
43 F	0.06849	0.00877	0.92275
44 G	0.06771	0.00801	0.92428
45 N	0.06688	0.00902	0.9241
46 I	0.06027	0.02202	0.9177
47 L	0.05456	0.02819	0.91726
48 N	0.05318	0.02978	0.91704
49 S	0.04465	0.04055	0.9148
50 S	0.03912	0.05070	0.91018
51 G	0.02851	0.81637	0.15512
52 I	0.02458	0.94323	0.03219
53 I	0.02266	0.95012	0.02722
54 I	0.01111	0.96517	0.02373
55 S	0.00535	0.97251	0.02215
56 F	0.00317	0.97996	0.01686
57 V	0.00169	0.99035	0.00796
58 S	0.00072	0.99356	0.00572
59 S	0.00057	0.99480	0.00462
60 I	0.00028	0.99839	0.00133
61 F	0.00017	0.99895	0.00089
62 Y	0.00004	0.99968	0.00028
63 I	0.00004	0.99974	0.00022
64 L	0.00011	0.99825	0.00164
65 I	0.00013	0.99814	0.00173
66 F	0.00024	0.99709	0.00268
67 I	0.00025	0.99722	0.00253
68 T	0.00030	0.99638	0.00331
69 F	0.00031	0.99437	0.00532
70 L	0.00036	0.99148	0.00816
71 V	0.00091	0.98999	0.0091
72 F	0.00163	0.98096	0.01741
73 I	0.00440	0.97231	0.02329
74 G	0.74499	0.21928	0.03573
75 S	0.86165	0.10032	0.03803
76 I	0.86289	0.10520	0.0319
77 F	0.86647	0.09251	0.04102
78 N	0.87299	0.07957	0.04744
79 I	0.87533	0.07871	0.04596
80 I	0.90251	0.05091	0.04657
81 K	0.91175	0.03903	0.04922
82 T	0.91028	0.04845	0.04127
83 I	0.90897	0.05919	0.03184
84 I	0.90783	0.06154	0.03063
85 K	0.89820	0.07133	0.03047
86 W	0.08081	0.91023	0.00896
87 I	0.06822	0.92491	0.00688
88 L	0.06494	0.92870	0.00636
89 F	0.06345	0.93028	0.00627
90 P	0.06437	0.92922	0.00641
91 F	0.06414	0.92940	0.00647
92 K	0.06457	0.92884	0.00659
93 L	0.06075	0.93274	0.00651
94 L	0.05874	0.93475	0.00651
95 I	0.05891	0.93454	0.00655
96 I	0.06051	0.93283	0.00666
97 G	0.06216	0.93077	0.00706
98 L	0.06338	0.92604	0.01058
99 C	0.07184	0.91238	0.01578
100 K	0.08262	0.89749	0.01988
101 S	0.08358	0.89627	0.02016
102 I	0.08693	0.89261	0.02046
103 K	0.09711	0.88068	0.02221
104 N	0.09768	0.87987	0.02245
105 I	0.09836	0.87879	0.02285
106 I	0.09967	0.87442	0.0259
107 F	0.10098	0.86856	0.03047
108 I	0.10352	0.84226	0.05423
109 K	0.12349	0.01514	0.86137
110 I	0.12375	0.01125	0.86499
111 K	0.12398	0.00630	0.86972
112 I	0.12399	0.00612	0.8699
113 H	0.12401	0.00541	0.87057
114 P	0.12402	0.00513	0.87085
115 V	0.12402	0.00503	0.87095
116 A	0.12405	0.00273	0.87322
117 L	0.12406	0.00079	0.87515
118 E	0.12407	0.00008	0.87585
119 A	0.12407	0.00006	0.87587
120 L	0.12407	0.00004	0.87588
121 F	0.12407	0.00000	0.87593
