# tr|Q2NK29|Q2NK29_AYWBP
# AA	inside	membr	outside
1 M	0.42406	0.00000	0.57594
2 I	0.42406	0.00000	0.57594
3 S	0.42406	0.00000	0.57594
4 K	0.42406	0.00000	0.57594
5 F	0.42406	0.00000	0.57594
6 V	0.42406	0.00000	0.57594
7 D	0.42406	0.00000	0.57594
8 K	0.42406	0.00000	0.57594
9 G	0.42405	0.00000	0.57594
10 Q	0.42405	0.00001	0.57593
11 I	0.42405	0.00002	0.57593
12 E	0.42402	0.00006	0.57593
13 S	0.42385	0.00022	0.57592
14 A	0.42385	0.00022	0.57592
15 F	0.42385	0.00025	0.5759
16 S	0.42385	0.00025	0.5759
17 L	0.42385	0.00025	0.5759
18 G	0.42385	0.00025	0.5759
19 M	0.42385	0.00025	0.5759
20 N	0.42385	0.00026	0.57589
21 Q	0.42385	0.00026	0.57589
22 K	0.42384	0.00027	0.57589
23 Q	0.42370	0.00090	0.57539
24 T	0.42058	0.00574	0.57368
25 F	0.40213	0.02901	0.56886
26 Y	0.40027	0.03202	0.56771
27 N	0.39571	0.03759	0.56669
28 I	0.39216	0.04437	0.56348
29 I	0.39141	0.04566	0.56293
30 F	0.39121	0.04594	0.56286
31 S	0.39119	0.04589	0.56293
32 Q	0.39111	0.04596	0.56293
33 A	0.39105	0.04601	0.56294
34 L	0.39104	0.04601	0.56295
35 K	0.39106	0.04594	0.56301
36 K	0.39105	0.04593	0.56302
37 S	0.39098	0.04601	0.56302
38 V	0.39097	0.04602	0.56301
39 P	0.39097	0.04602	0.56301
40 F	0.39097	0.04602	0.56301
41 V	0.39100	0.04599	0.56302
42 I	0.39109	0.04582	0.56308
43 T	0.39164	0.04437	0.56399
44 K	0.39206	0.04245	0.56549
45 F	0.39209	0.04237	0.56554
46 I	0.39237	0.04195	0.56569
47 I	0.39373	0.03821	0.56806
48 N	0.39983	0.01246	0.5877
49 I	0.40154	0.00918	0.58928
50 K	0.40350	0.00122	0.59528
51 D	0.40403	0.00018	0.59579
52 F	0.40404	0.00015	0.59581
53 T	0.40405	0.00011	0.59583
54 S	0.40405	0.00008	0.59587
55 F	0.40406	0.00000	0.59594
