# tr|Q2NIT2|Q2NIT2_AYWBP
# AA	inside	membr	outside
1 M	0.93729	0.00000	0.06271
2 L	0.93729	0.00000	0.06271
3 K	0.93729	0.00000	0.06271
4 T	0.93729	0.00000	0.06271
5 N	0.93729	0.00000	0.06271
6 N	0.93729	0.00000	0.06271
7 K	0.93701	0.00028	0.06271
8 A	0.93701	0.00028	0.06271
9 T	0.93368	0.00361	0.06271
10 K	0.93365	0.00410	0.06225
11 V	0.90682	0.03114	0.06205
12 F	0.54513	0.39289	0.06198
13 F	0.33408	0.60502	0.06089
14 S	0.33406	0.60505	0.06089
15 P	0.33406	0.61116	0.05478
16 L	0.32698	0.61824	0.05478
17 Q	0.32482	0.62046	0.05472
18 K	0.32438	0.62107	0.05455
19 H	0.20665	0.74144	0.05192
20 I	0.05384	0.91444	0.03172
21 I	0.02255	0.94574	0.03171
22 A	0.02204	0.94628	0.03168
23 S	0.02191	0.94641	0.03167
24 T	0.02181	0.94652	0.03167
25 L	0.02174	0.94658	0.03167
26 L	0.02174	0.94659	0.03167
27 G	0.02174	0.94657	0.03169
28 L	0.02174	0.94656	0.0317
29 T	0.02174	0.94636	0.0319
30 I	0.02174	0.94253	0.03572
31 V	0.02174	0.92806	0.05019
32 L	0.02178	0.89159	0.08662
33 E	0.02477	0.85305	0.12218
34 F	0.02496	0.82913	0.14591
35 A	0.02627	0.49962	0.47411
36 Y	0.02894	0.27440	0.69667
37 D	0.03707	0.13407	0.82885
38 K	0.04255	0.07873	0.87872
39 L	0.04263	0.07520	0.88217
40 G	0.04329	0.06415	0.89255
41 I	0.04358	0.05961	0.89681
42 A	0.04429	0.04510	0.9106
43 K	0.05215	0.01411	0.93374
44 M	0.04043	0.38781	0.57177
45 G	0.02662	0.64939	0.32399
46 A	0.02384	0.79632	0.17984
47 N	0.01966	0.87098	0.10935
48 I	0.01134	0.95301	0.03565
49 G	0.00423	0.98136	0.0144
50 S	0.00347	0.99169	0.00484
51 F	0.00317	0.99605	0.00078
52 I	0.00305	0.99662	0.00034
53 K	0.00303	0.99664	0.00033
54 V	0.00263	0.99708	0.0003
55 S	0.00228	0.99744	0.00029
56 L	0.00213	0.99762	0.00025
57 L	0.00205	0.99772	0.00024
58 P	0.00198	0.99779	0.00023
59 L	0.00177	0.99802	0.00021
60 I	0.00178	0.99802	0.00021
61 L	0.00183	0.99796	0.00022
62 I	0.00215	0.99756	0.00029
63 G	0.00282	0.99665	0.00053
64 F	0.00955	0.98969	0.00077
65 L	0.02936	0.96890	0.00175
66 L	0.14812	0.84713	0.00475
67 G	0.61385	0.36094	0.02521
68 K	0.93326	0.01853	0.0482
69 K	0.94671	0.00386	0.04943
70 H	0.91278	0.04292	0.0443
71 S	0.66247	0.29606	0.04148
72 F	0.29017	0.67160	0.03824
73 L	0.06206	0.89983	0.03811
74 F	0.03379	0.92799	0.03822
75 C	0.03169	0.92987	0.03844
76 S	0.02969	0.93354	0.03677
77 L	0.02373	0.94080	0.03547
78 Y	0.00863	0.95612	0.03525
79 A	0.00494	0.95993	0.03514
80 L	0.00116	0.96375	0.03509
81 F	0.00098	0.96383	0.03519
82 H	0.00099	0.96352	0.03548
83 L	0.00098	0.96347	0.03555
84 F	0.00098	0.96340	0.03562
85 K	0.00099	0.96317	0.03584
86 A	0.00099	0.96315	0.03587
87 I	0.00099	0.96294	0.03607
88 F	0.00101	0.96187	0.03713
89 L	0.00127	0.95126	0.04746
90 S	0.00863	0.66713	0.32424
91 E	0.01121	0.18110	0.80769
92 S	0.01150	0.16079	0.8277
93 N	0.01203	0.14649	0.84147
94 N	0.01225	0.14242	0.84532
95 I	0.01248	0.12732	0.8602
96 L	0.01259	0.04844	0.93898
97 A	0.01297	0.03690	0.95013
98 Y	0.01375	0.03179	0.95446
99 M	0.01582	0.02644	0.95775
100 Q	0.01652	0.01424	0.96924
101 D	0.01654	0.00021	0.98325
102 Q	0.01654	0.00005	0.98341
103 K	0.01654	0.00001	0.98346
104 M	0.01654	0.00158	0.98188
105 P	0.01654	0.00462	0.97884
106 P	0.01653	0.00945	0.97402
107 L	0.01648	0.01832	0.9652
108 Q	0.01646	0.02411	0.95943
109 Q	0.01509	0.34254	0.64237
110 I	0.00745	0.93309	0.05946
111 A	0.00483	0.95626	0.03892
112 V	0.00415	0.97429	0.02156
113 L	0.00398	0.99033	0.0057
114 L	0.00396	0.99342	0.00262
115 L	0.00396	0.99403	0.00201
116 D	0.00396	0.99431	0.00174
117 Y	0.00395	0.99517	0.00088
118 L	0.00395	0.99553	0.00053
119 L	0.00395	0.99573	0.00033
120 V	0.00395	0.99580	0.00025
121 D	0.00396	0.99583	0.00022
122 L	0.00396	0.99586	0.00018
123 S	0.00399	0.99583	0.00018
124 Y	0.00411	0.99573	0.00017
125 S	0.00474	0.99509	0.00017
126 L	0.00507	0.99476	0.00017
127 S	0.00770	0.99211	0.00019
128 F	0.01069	0.98910	0.00021
129 V	0.01940	0.98022	0.00038
130 F	0.03088	0.96716	0.00197
131 Y	0.03920	0.95821	0.0026
132 T	0.41710	0.57734	0.00556
133 P	0.95754	0.03260	0.00987
134 N	0.97532	0.01255	0.01213
135 L	0.97837	0.00899	0.01264
136 K	0.98571	0.00153	0.01276
137 Y	0.98582	0.00142	0.01276
138 F	0.98612	0.00112	0.01276
139 D	0.98717	0.00007	0.01276
140 N	0.98721	0.00004	0.01276
141 Y	0.98717	0.00007	0.01276
142 K	0.98715	0.00011	0.01275
143 R	0.97724	0.01015	0.01262
144 I	0.43422	0.55401	0.01177
145 L	0.06880	0.92063	0.01058
146 L	0.05233	0.93965	0.00801
147 N	0.04560	0.94831	0.0061
148 L	0.02172	0.97448	0.00379
149 L	0.00627	0.99290	0.00083
150 I	0.00233	0.99735	0.00032
151 V	0.00084	0.99892	0.00024
152 F	0.00007	0.99991	2e-05
153 T	0.00002	0.99997	1e-05
154 F	0.00000	1.00000	0
155 V	0.00000	1.00000	0
156 F	0.00000	1.00000	0
157 A	0.00000	1.00000	0
158 F	0.00000	0.99999	1e-05
159 K	0.00000	0.99984	0.00016
160 C	0.00000	0.99983	0.00017
161 L	0.00000	0.99981	0.00019
162 A	0.00000	0.99955	0.00045
163 S	0.00000	0.99912	0.00087
164 Y	0.00001	0.99861	0.00138
165 F	0.00001	0.99797	0.00202
166 I	0.00009	0.98742	0.01249
167 W	0.00065	0.55923	0.44012
168 L	0.00187	0.19581	0.80233
169 P	0.00525	0.12085	0.87391
170 L	0.00646	0.08153	0.91202
171 I	0.00852	0.05627	0.93521
172 T	0.01233	0.01671	0.97095
173 N	0.01273	0.00526	0.98201
174 K	0.01275	0.00029	0.98696
175 Q	0.01274	0.00013	0.98713
176 N	0.01269	0.00095	0.98636
177 Y	0.01264	0.00190	0.98547
178 F	0.01262	0.00215	0.98523
179 P	0.01261	0.00257	0.98483
180 F	0.01258	0.00626	0.98117
181 L	0.01255	0.02992	0.95753
182 A	0.01254	0.04520	0.94226
183 P	0.01250	0.04901	0.93849
184 L	0.01245	0.05477	0.93277
185 N	0.01245	0.05919	0.92836
186 Y	0.01243	0.14895	0.83862
187 N	0.01233	0.26552	0.72216
188 P	0.01190	0.33446	0.65365
189 I	0.00957	0.62359	0.36684
190 I	0.00817	0.66692	0.32491
191 W	0.00587	0.70510	0.28902
192 C	0.00150	0.77433	0.22417
193 L	0.00063	0.86097	0.13841
194 C	0.00060	0.88296	0.11644
195 Y	0.00056	0.92750	0.07194
196 N	0.00099	0.94609	0.05291
197 L	0.00046	0.98791	0.01164
198 I	0.00034	0.99680	0.00285
199 P	0.00058	0.99774	0.00168
200 V	0.00040	0.99885	0.00074
201 F	0.00031	0.99931	0.00039
202 N	0.00032	0.99932	0.00036
203 T	0.00027	0.99960	0.00013
204 F	0.00022	0.99971	7e-05
205 S	0.00025	0.99969	6e-05
206 F	0.00024	0.99973	3e-05
207 I	0.00044	0.99953	3e-05
208 F	0.00073	0.99924	4e-05
209 I	0.00995	0.98999	7e-05
210 F	0.03674	0.96307	0.00019
211 L	0.07209	0.92734	0.00057
212 F	0.22227	0.77545	0.00228
213 F	0.28186	0.71425	0.00389
214 L	0.36581	0.62765	0.00654
215 N	0.71237	0.27550	0.01213
216 P	0.88705	0.09994	0.01302
217 R	0.95668	0.03001	0.01332
218 I	0.96610	0.02046	0.01344
219 K	0.98364	0.00244	0.01392
220 T	0.98499	0.00103	0.01397
221 Y	0.98517	0.00082	0.01401
222 L	0.98538	0.00055	0.01407
223 N	0.98548	0.00039	0.01412
224 Y	0.98552	0.00034	0.01414
225 Y	0.98555	0.00029	0.01416
226 R	0.98577	0.00000	0.01423
