# tr|Q2NJ37|Q2NJ37_AYWBP
# AA	inside	membr	outside
1 M	0.99772	0.00000	0.00228
2 S	0.99772	0.00000	0.00228
3 A	0.99772	0.00000	0.00228
4 E	0.99772	0.00000	0.00228
5 K	0.99772	0.00000	0.00228
6 N	0.99772	0.00000	0.00228
7 H	0.99772	0.00000	0.00228
8 V	0.99772	0.00000	0.00228
9 P	0.99772	0.00000	0.00228
10 H	0.99772	0.00000	0.00228
11 F	0.99772	0.00000	0.00228
12 S	0.99772	0.00000	0.00228
13 K	0.99772	0.00000	0.00228
14 P	0.99772	0.00000	0.00228
15 T	0.99772	0.00000	0.00228
16 N	0.99772	0.00000	0.00228
17 Q	0.99772	0.00000	0.00228
18 T	0.99772	0.00000	0.00228
19 P	0.99772	0.00000	0.00228
20 K	0.99673	0.00099	0.00228
21 S	0.92972	0.06800	0.00228
22 F	0.92781	0.06992	0.00227
23 K	0.92709	0.07064	0.00226
24 R	0.91706	0.08092	0.00202
25 P	0.67374	0.32482	0.00144
26 I	0.06918	0.93062	0.0002
27 W	0.01669	0.98316	0.00014
28 I	0.00705	0.99283	0.00012
29 N	0.00497	0.99491	0.00012
30 L	0.00177	0.99812	0.00012
31 I	0.00109	0.99880	0.00011
32 I	0.00066	0.99923	0.00011
33 L	0.00010	0.99979	0.00011
34 T	0.00006	0.99983	0.00011
35 F	0.00005	0.99984	0.00011
36 P	0.00004	0.99985	0.00011
37 I	0.00001	0.99987	0.00011
38 A	0.00001	0.99988	0.00011
39 I	0.00000	0.99984	0.00016
40 Y	0.00000	0.99961	0.00039
41 L	0.00000	0.99873	0.00127
42 L	0.00001	0.99747	0.00252
43 F	0.00010	0.96959	0.03031
44 Q	0.00155	0.66996	0.32849
45 Q	0.00179	0.54787	0.45034
46 L	0.00180	0.51732	0.48088
47 S	0.00184	0.47106	0.5271
48 V	0.00191	0.36353	0.63457
49 S	0.00212	0.02737	0.9705
50 I	0.00214	0.01349	0.98437
51 D	0.00216	0.00774	0.9901
52 F	0.00216	0.00750	0.99034
53 Y	0.00216	0.00661	0.99123
54 I	0.00216	0.00622	0.99162
55 I	0.00217	0.00539	0.99244
56 G	0.00217	0.00175	0.99608
57 N	0.00217	0.00034	0.99749
58 E	0.00217	0.00009	0.99773
59 P	0.00217	0.00001	0.99782
60 N	0.00217	0.00000	0.99782
61 S	0.00217	0.00000	0.99782
62 S	0.00217	0.00000	0.99782
63 T	0.00217	0.00000	0.99782
64 N	0.00217	0.00000	0.99782
65 L	0.00217	0.00000	0.99782
66 D	0.00217	0.00000	0.99782
67 K	0.00217	0.00001	0.99781
68 T	0.00217	0.00372	0.99411
69 I	0.00217	0.00772	0.9901
70 S	0.00217	0.01574	0.98209
71 Y	0.00217	0.04020	0.95763
72 M	0.00217	0.06683	0.93101
73 A	0.00217	0.09307	0.90476
74 Q	0.00217	0.09619	0.90164
75 I	0.00217	0.10110	0.89672
76 K	0.00217	0.10721	0.89062
77 K	0.00217	0.15972	0.83811
78 I	0.00215	0.88168	0.11617
79 L	0.00215	0.95006	0.0478
80 Q	0.00215	0.96277	0.03508
81 S	0.00215	0.99301	0.00484
82 V	0.00215	0.99755	0.0003
83 A	0.00215	0.99777	8e-05
84 I	0.00215	0.99785	0
85 A	0.00215	0.99785	0
86 L	0.00215	0.99785	0
87 G	0.00215	0.99785	0
88 G	0.00215	0.99784	0
89 A	0.00217	0.99782	0
90 G	0.00223	0.99777	0
91 V	0.00516	0.99484	0
92 I	0.00968	0.99032	0
93 L	0.01940	0.98059	0
94 V	0.04693	0.95307	0
95 A	0.11033	0.88966	0
96 R	0.75781	0.24217	2e-05
97 E	0.82880	0.17117	2e-05
98 Y	0.84819	0.15179	2e-05
99 K	0.98043	0.01955	2e-05
100 K	0.99683	0.00315	2e-05
101 K	0.99997	0.00000	2e-05
102 N	0.99997	0.00000	2e-05
103 F	0.99997	0.00000	2e-05
104 T	0.99997	0.00000	2e-05
105 K	0.99997	0.00001	2e-05
106 A	0.99977	0.00020	2e-05
107 K	0.99918	0.00079	2e-05
108 Q	0.97292	0.02705	2e-05
109 Y	0.93196	0.06802	2e-05
110 A	0.91502	0.08497	1e-05
111 T	0.63382	0.36617	1e-05
112 L	0.40770	0.59230	0
113 A	0.38793	0.61206	0
114 F	0.30534	0.69466	0
115 L	0.26828	0.73172	0
116 L	0.00383	0.99617	0
117 A	0.00129	0.99871	0
118 I	0.00077	0.99923	0
119 I	0.00035	0.99965	0
120 S	0.00031	0.99969	0
121 S	0.00005	0.99995	0
122 L	0.00001	0.99999	0
123 F	0.00001	0.99999	0
124 F	0.00000	1.00000	0
125 L	0.00000	1.00000	0
126 L	0.00000	0.99997	3e-05
127 V	0.00000	0.99986	0.00014
128 L	0.00000	0.99931	0.00069
129 G	0.00000	0.99739	0.00261
130 L	0.00000	0.99570	0.0043
131 G	0.00000	0.97731	0.02269
132 V	0.00000	0.95877	0.04123
133 L	0.00001	0.94674	0.05324
134 L	0.00002	0.57959	0.4204
135 P	0.00002	0.39520	0.60478
136 A	0.00002	0.37760	0.62238
137 P	0.00002	0.33312	0.66686
138 F	0.00002	0.31716	0.68282
139 G	0.00002	0.01414	0.98583
140 D	0.00002	0.00971	0.99027
141 I	0.00002	0.00931	0.99066
142 F	0.00002	0.00877	0.9912
143 L	0.00002	0.00811	0.99186
144 N	0.00002	0.00010	0.99988
145 K	0.00002	0.00000	0.99997
146 S	0.00002	0.00001	0.99996
147 Y	0.00002	0.00003	0.99995
148 R	0.00002	0.00005	0.99992
149 S	0.00002	0.00289	0.99708
150 Q	0.00002	0.00619	0.99379
151 N	0.00002	0.02876	0.97121
152 G	0.00002	0.05993	0.94005
153 L	0.00000	0.85336	0.14664
154 T	0.00000	0.95609	0.04391
155 Y	0.00000	0.97111	0.02888
156 Y	0.00000	0.99576	0.00424
157 Y	0.00000	0.99814	0.00185
158 L	0.00000	0.99991	9e-05
159 I	0.00000	0.99999	1e-05
160 L	0.00000	1.00000	0
161 I	0.00000	1.00000	0
162 T	0.00000	1.00000	0
163 F	0.00000	1.00000	0
164 V	0.00000	1.00000	0
165 A	0.00000	1.00000	0
166 I	0.00000	1.00000	0
167 T	0.00000	1.00000	0
168 I	0.00001	0.99999	0
169 N	0.00004	0.99996	0
170 A	0.00005	0.99995	0
171 V	0.00012	0.99988	0
172 F	0.01784	0.98216	0
173 I	0.11607	0.88393	0
174 G	0.18689	0.81311	0
175 L	0.19947	0.80052	2e-05
176 E	0.98064	0.01934	2e-05
177 R	0.99211	0.00787	2e-05
178 A	0.99893	0.00104	2e-05
179 K	0.99990	0.00007	2e-05
180 E	0.99981	0.00017	2e-05
181 K	0.99850	0.00147	2e-05
182 T	0.93771	0.06227	2e-05
183 R	0.92949	0.07049	2e-05
184 F	0.08940	0.91059	1e-05
185 V	0.04090	0.95909	0
186 L	0.02040	0.97960	0
187 I	0.00305	0.99695	0
188 L	0.00025	0.99975	0
189 N	0.00018	0.99982	0
190 I	0.00018	0.99982	0
191 C	0.00018	0.99982	0
192 L	0.00017	0.99983	0
193 I	0.00017	0.99983	0
194 I	0.00017	0.99983	0
195 T	0.00017	0.99983	0
196 R	0.00017	0.99983	0
197 I	0.00017	0.99979	4e-05
198 S	0.00017	0.99970	0.00013
199 I	0.00017	0.99947	0.00036
200 S	0.00017	0.98941	0.01042
201 F	0.00017	0.98507	0.01476
202 A	0.00017	0.90951	0.09032
203 F	0.00017	0.89271	0.10711
204 K	0.00018	0.74858	0.25124
205 A	0.00019	0.74270	0.25711
206 I	0.00019	0.73589	0.26392
207 K	0.00019	0.00237	0.99744
208 Q	0.00019	0.00035	0.99946
209 N	0.00019	0.00009	0.99972
210 Q	0.00019	0.00026	0.99955
211 V	0.00014	0.00701	0.99285
212 N	0.00013	0.00829	0.99158
213 L	0.00009	0.02530	0.97461
214 I	0.00007	0.03540	0.96453
215 D	0.00007	0.04128	0.95865
216 L	0.00004	0.69824	0.30173
217 A	0.00003	0.71582	0.28415
218 L	0.00003	0.76149	0.23848
219 S	0.00003	0.76790	0.23208
220 D	0.00003	0.77364	0.22633
221 L	0.00002	0.99221	0.00777
222 I	0.00002	0.99579	0.00419
223 A	0.00002	0.99842	0.00156
224 N	0.00002	0.99866	0.00132
225 L	0.00002	0.99950	0.00048
226 L	0.00002	0.99969	0.00028
227 L	0.00002	0.99971	0.00026
228 T	0.00002	0.99972	0.00025
229 L	0.00003	0.99975	0.00022
230 V	0.00005	0.99973	0.00022
231 T	0.00033	0.99945	0.00022
232 F	0.00042	0.99936	0.00022
233 Y	0.00121	0.99856	0.00023
234 C	0.01506	0.98466	0.00029
235 M	0.02061	0.97910	0.0003
236 F	0.03871	0.96096	0.00033
237 S	0.06729	0.93235	0.00036
238 S	0.19483	0.80480	0.00037
239 K	0.93308	0.06654	0.00039
240 N	0.94201	0.05760	0.00039
241 I	0.94695	0.05266	0.00039
242 F	0.95664	0.04297	0.00039
243 K	0.98911	0.01050	0.00039
244 L	0.99814	0.00147	0.00039
245 Q	0.99896	0.00065	0.00039
246 L	0.99910	0.00051	0.00039
247 K	0.99952	0.00009	0.00039
248 N	0.99950	0.00011	0.00039
249 L	0.99921	0.00040	0.00039
250 V	0.99790	0.00171	0.00039
251 F	0.99773	0.00188	0.00039
252 S	0.99776	0.00185	0.00039
253 K	0.99772	0.00189	0.00039
254 R	0.99732	0.00229	0.00039
255 T	0.99645	0.00316	0.00039
256 V	0.99214	0.00747	0.00039
257 K	0.98850	0.01111	0.00039
258 T	0.65381	0.34581	0.00038
259 I	0.14657	0.85309	0.00034
260 L	0.14074	0.85893	0.00034
261 K	0.13815	0.86151	0.00034
262 L	0.06476	0.93492	0.00033
263 A	0.05678	0.94289	0.00032
264 G	0.05534	0.94434	0.00032
265 T	0.05514	0.94453	0.00032
266 L	0.05474	0.94494	0.00032
267 I	0.05463	0.94504	0.00033
268 I	0.05463	0.94497	0.0004
269 A	0.05463	0.94453	0.00084
270 K	0.05463	0.94343	0.00194
271 S	0.05463	0.94341	0.00196
272 T	0.05463	0.94335	0.00202
273 Y	0.05463	0.94316	0.00221
274 E	0.05463	0.94242	0.00295
275 I	0.05463	0.94188	0.00349
276 G	0.05463	0.91575	0.02962
277 K	0.05463	0.89112	0.05425
278 L	0.05463	0.89047	0.0549
279 I	0.05463	0.88780	0.05757
280 I	0.05463	0.87792	0.06746
281 L	0.05464	0.52200	0.42336
282 D	0.05470	0.05755	0.88776
283 M	0.05470	0.05438	0.89092
284 M	0.05470	0.04914	0.89616
285 D	0.05470	0.00200	0.9433
286 N	0.05469	0.00017	0.94514
287 Y	0.05468	0.00017	0.94516
288 F	0.05467	0.00027	0.94506
289 T	0.05467	0.00022	0.94511
290 K	0.05456	0.00087	0.94457
291 A	0.05346	0.05011	0.89643
292 Q	0.05303	0.05154	0.89543
293 E	0.04862	0.06038	0.891
294 N	0.03569	0.21774	0.74658
295 L	0.02726	0.60725	0.36548
296 V	0.02627	0.92759	0.04614
297 D	0.02611	0.93114	0.04274
298 I	0.02496	0.95388	0.02115
299 F	0.02480	0.96879	0.00641
300 G	0.02479	0.97035	0.00486
301 F	0.02479	0.97159	0.00362
302 V	0.02479	0.97162	0.0036
303 M	0.02479	0.97163	0.00359
304 A	0.02479	0.97163	0.00358
305 V	0.02479	0.97164	0.00358
306 N	0.02480	0.97163	0.00358
307 G	0.02480	0.97163	0.00357
308 I	0.02481	0.97164	0.00356
309 F	0.02510	0.97134	0.00357
310 Y	0.02649	0.96989	0.00362
311 A	0.03673	0.95934	0.00393
312 I	0.04431	0.95042	0.00527
313 S	0.16206	0.82120	0.01674
314 N	0.43834	0.53692	0.02474
315 S	0.53807	0.43548	0.02645
316 F	0.58097	0.39164	0.02739
317 E	0.81355	0.15381	0.03264
318 D	0.94242	0.02418	0.0334
319 S	0.96578	0.00080	0.03342
320 Q	0.96620	0.00037	0.03343
321 S	0.96625	0.00030	0.03345
322 A	0.96627	0.00028	0.03345
323 I	0.96629	0.00026	0.03345
324 V	0.96647	0.00007	0.03345
325 S	0.96650	0.00005	0.03346
326 Q	0.96651	0.00003	0.03346
327 S	0.96652	0.00003	0.03346
328 V	0.96652	0.00002	0.03345
329 T	0.96652	0.00002	0.03345
330 F	0.96652	0.00002	0.03346
331 Q	0.96654	0.00001	0.03346
332 S	0.96653	0.00001	0.03345
333 N	0.96646	0.00008	0.03345
334 S	0.96552	0.00104	0.03344
335 K	0.96291	0.00378	0.03332
336 T	0.94037	0.02953	0.03011
337 F	0.84782	0.12258	0.0296
338 K	0.76001	0.21113	0.02886
339 I	0.38214	0.60017	0.01769
340 F	0.29499	0.68918	0.01583
341 K	0.28402	0.70034	0.01564
342 N	0.20564	0.78117	0.01319
343 I	0.07824	0.91967	0.00208
344 V	0.01004	0.98950	0.00046
345 V	0.00144	0.99836	0.00019
346 I	0.00047	0.99944	8e-05
347 T	0.00027	0.99969	4e-05
348 F	0.00014	0.99982	4e-05
349 I	0.00012	0.99984	4e-05
350 I	0.00012	0.99984	4e-05
351 G	0.00012	0.99984	4e-05
352 I	0.00012	0.99984	4e-05
353 I	0.00012	0.99983	5e-05
354 G	0.00012	0.99962	0.00026
355 V	0.00013	0.99886	0.00101
356 F	0.00018	0.99549	0.00433
357 I	0.00062	0.95805	0.04133
358 N	0.00441	0.81461	0.18097
359 Q	0.01070	0.72608	0.26323
360 F	0.01113	0.65197	0.3369
361 C	0.01750	0.46272	0.51978
362 G	0.02549	0.19225	0.78226
363 E	0.03164	0.08857	0.8798
364 Q	0.03190	0.08190	0.88619
365 L	0.03195	0.07897	0.88908
366 L	0.03247	0.06702	0.9005
367 R	0.03325	0.00820	0.95855
368 V	0.03332	0.00203	0.96465
369 L	0.03346	0.00035	0.96618
370 K	0.03354	0.00001	0.96645
371 P	0.03354	0.00001	0.96645
372 E	0.03354	0.00000	0.96646
373 K	0.03354	0.00000	0.96646
374 D	0.03354	0.00000	0.96646
375 F	0.03354	0.00000	0.96646
376 T	0.03354	0.00000	0.96646
377 K	0.03354	0.00000	0.96646
378 K	0.03354	0.00000	0.96646
379 E	0.03354	0.00001	0.96645
380 I	0.03354	0.00013	0.96633
381 T	0.03354	0.00020	0.96626
382 S	0.03354	0.00021	0.96625
383 F	0.03354	0.00024	0.96622
384 K	0.03354	0.00026	0.9662
385 E	0.03353	0.00324	0.96323
386 I	0.03339	0.09210	0.87451
387 L	0.03337	0.20386	0.76278
388 N	0.03337	0.24839	0.71825
389 W	0.03336	0.28588	0.68076
390 E	0.03336	0.30510	0.66154
391 Q	0.03336	0.49752	0.46912
392 T	0.03334	0.77476	0.19189
393 S	0.03331	0.93404	0.03265
394 L	0.03331	0.95323	0.01347
395 F	0.03331	0.96380	0.00289
396 F	0.03331	0.96621	0.00049
397 S	0.03331	0.96626	0.00044
398 V	0.03331	0.96628	0.00041
399 W	0.03331	0.96629	0.00041
400 T	0.03331	0.96628	0.0004
401 S	0.03335	0.96625	0.00039
402 L	0.03340	0.96621	0.00039
403 M	0.03370	0.96591	0.00039
404 M	0.03485	0.96476	0.00039
405 G	0.03521	0.96440	0.00039
406 Y	0.03610	0.96351	0.00039
407 V	0.03973	0.95987	0.00039
408 V	0.04932	0.95028	0.0004
409 S	0.18379	0.81567	0.00055
410 Y	0.53862	0.46081	0.00058
411 K	0.97393	0.02545	0.00062
412 K	0.99796	0.00142	0.00062
413 N	0.89281	0.10667	0.00052
414 A	0.82232	0.17723	0.00045
415 N	0.71864	0.28092	0.00044
416 L	0.42150	0.57810	0.0004
417 I	0.05357	0.94605	0.00039
418 F	0.02822	0.97140	0.00038
419 V	0.02613	0.97349	0.00038
420 I	0.02152	0.97810	0.00038
421 N	0.01545	0.98417	0.00038
422 L	0.00407	0.99555	0.00038
423 L	0.00058	0.99904	0.00038
424 R	0.00050	0.99912	0.00038
425 V	0.00025	0.99937	0.00038
426 V	0.00019	0.99943	0.00038
427 L	0.00019	0.99943	0.00038
428 R	0.00019	0.99942	0.00039
429 I	0.00015	0.99945	0.0004
430 T	0.00014	0.99945	0.00041
431 I	0.00012	0.99938	0.0005
432 L	0.00012	0.99813	0.00176
433 W	0.00012	0.98645	0.01343
434 F	0.00012	0.97865	0.02123
435 L	0.00013	0.94380	0.05607
436 H	0.00029	0.34934	0.65037
437 D	0.00035	0.18773	0.81192
438 I	0.00035	0.17509	0.82456
439 L	0.00035	0.14165	0.85799
440 P	0.00036	0.04679	0.95286
441 Q	0.00036	0.00496	0.99468
442 L	0.00036	0.00377	0.99587
443 N	0.00036	0.00252	0.99713
444 L	0.00036	0.00212	0.99752
445 D	0.00036	0.00026	0.99939
446 V	0.00036	0.00034	0.9993
447 S	0.00036	0.00036	0.99928
448 I	0.00036	0.00045	0.99919
449 S	0.00036	0.00065	0.99899
450 D	0.00036	0.00086	0.99879
451 A	0.00035	0.01035	0.9893
452 T	0.00035	0.01576	0.98388
453 Q	0.00035	0.02322	0.97643
454 C	0.00032	0.09480	0.90488
455 G	0.00015	0.74326	0.25659
456 L	0.00007	0.85523	0.14471
457 S	0.00006	0.86638	0.13356
458 T	0.00004	0.93403	0.06593
459 F	0.00002	0.98755	0.01244
460 G	0.00002	0.99577	0.00421
461 S	0.00002	0.99693	0.00305
462 N	0.00001	0.99766	0.00233
463 I	0.00001	0.99972	0.00026
464 I	0.00001	0.99978	0.0002
465 V	0.00001	0.99979	0.00019
466 F	0.00002	0.99979	0.00019
467 F	0.00003	0.99978	0.00019
468 T	0.00004	0.99976	0.00019
469 T	0.00014	0.99967	0.00019
470 T	0.00016	0.99964	0.00019
471 Y	0.00019	0.99961	0.00019
472 L	0.00032	0.99948	0.00019
473 F	0.00078	0.99902	0.0002
474 Y	0.01260	0.98718	0.00022
475 S	0.03521	0.96454	0.00025
476 F	0.06543	0.93431	0.00027
477 L	0.14126	0.85844	0.0003
478 R	0.91903	0.08049	0.00047
479 Q	0.99327	0.00620	0.00053
480 N	0.99536	0.00411	0.00054
481 K	0.99900	0.00046	0.00054
482 T	0.99931	0.00015	0.00054
483 N	0.99945	0.00001	0.00054
484 Q	0.99946	0.00000	0.00054
485 I	0.99946	0.00000	0.00054
486 P	0.99946	0.00000	0.00054
487 R	0.99946	0.00000	0.00054
488 F	0.99946	0.00000	0.00054
489 K	0.99946	0.00000	0.00054
490 K	0.99946	0.00000	0.00054
491 N	0.99946	0.00000	0.00054
492 K	0.99946	0.00000	0.00054
493 N	0.99946	0.00000	0.00054
494 N	0.99946	0.00000	0.00054
495 A	0.99946	0.00000	0.00054
496 L	0.99946	0.00000	0.00054
497 Q	0.99946	0.00000	0.00054
498 T	0.99946	0.00000	0.00054
499 K	0.99946	0.00000	0.00054
500 T	0.99946	0.00000	0.00054
501 I	0.99946	0.00000	0.00054
502 N	0.99946	0.00000	0.00054
