# tr|Q2NIT3|Q2NIT3_AYWBP
# AA	inside	membr	outside
1 M	0.08645	0.00000	0.91355
2 N	0.08645	0.00000	0.91355
3 N	0.08645	0.00000	0.91355
4 N	0.08645	0.00000	0.91355
5 F	0.08645	0.00000	0.91355
6 N	0.08645	0.00000	0.91355
7 R	0.08645	0.00000	0.91355
8 N	0.08645	0.00000	0.91355
9 Q	0.08641	0.00004	0.91355
10 K	0.08641	0.00190	0.9117
11 L	0.08185	0.01272	0.90544
12 L	0.06796	0.02786	0.90418
13 R	0.05359	0.04728	0.89914
14 Q	0.05356	0.04731	0.89914
15 I	0.05356	0.94291	0.00353
16 I	0.04432	0.95216	0.00353
17 L	0.03930	0.95748	0.00322
18 T	0.03928	0.95780	0.00293
19 S	0.03800	0.95920	0.0028
20 Y	0.02812	0.97135	0.00053
21 L	0.02210	0.97737	0.00053
22 T	0.02204	0.97744	0.00052
23 S	0.02173	0.97777	0.0005
24 L	0.02161	0.97791	0.00048
25 S	0.02159	0.97794	0.00047
26 I	0.02137	0.97821	0.00042
27 I	0.02136	0.97821	0.00042
28 L	0.02140	0.97813	0.00048
29 T	0.02181	0.97728	0.00091
30 K	0.02225	0.97535	0.00241
31 V	0.02212	0.97547	0.00241
32 F	0.02226	0.97507	0.00267
33 Y	0.03221	0.96415	0.00364
34 T	0.05033	0.94081	0.00886
35 F	0.08866	0.89086	0.02047
36 G	0.11401	0.84725	0.03875
37 N	0.18543	0.77064	0.04393
38 Q	0.93333	0.02085	0.04582
39 T	0.93373	0.01766	0.0486
40 T	0.93388	0.01581	0.0503
41 T	0.93389	0.01535	0.05077
42 F	0.93385	0.01497	0.05118
43 T	0.93401	0.00708	0.05891
44 T	0.93394	0.00278	0.06329
45 I	0.93390	0.00287	0.06322
46 P	0.93393	0.00247	0.0636
47 G	0.93392	0.00239	0.06369
48 L	0.93376	0.00259	0.06365
49 K	0.93368	0.00237	0.06395
50 I	0.92702	0.01084	0.06214
51 F	0.92696	0.01105	0.06198
52 R	0.92713	0.01090	0.06197
53 I	0.92640	0.01182	0.06178
54 H	0.92603	0.01210	0.06187
55 T	0.92510	0.01349	0.06141
56 D	0.92123	0.01788	0.0609
57 F	0.64877	0.29731	0.05392
58 L	0.08604	0.86921	0.04476
59 V	0.05628	0.90168	0.04204
60 Y	0.05008	0.90914	0.04078
61 V	0.04769	0.91285	0.03947
62 R	0.03312	0.92818	0.0387
63 F	0.02182	0.95145	0.02673
64 L	0.02028	0.95455	0.02517
65 P	0.02042	0.95518	0.0244
66 L	0.01720	0.96061	0.02219
67 I	0.01377	0.96510	0.02114
68 V	0.01331	0.96595	0.02074
69 M	0.01324	0.96659	0.02017
70 S	0.01272	0.97091	0.01637
71 F	0.00591	0.98490	0.00919
72 Y	0.00104	0.99366	0.0053
73 V	0.00133	0.99293	0.00574
74 P	0.00116	0.99094	0.0079
75 W	0.00054	0.98410	0.01535
76 Y	0.00065	0.91049	0.08885
77 L	0.00069	0.81437	0.18494
78 S	0.00389	0.63296	0.36315
79 C	0.00670	0.59213	0.40116
80 I	0.01351	0.35861	0.62788
81 G	0.01771	0.20517	0.77713
82 A	0.01839	0.19716	0.78444
83 S	0.01911	0.19369	0.78721
84 L	0.01965	0.19027	0.79009
85 A	0.02041	0.14715	0.83244
86 E	0.03333	0.12315	0.84352
87 A	0.03463	0.12035	0.84502
88 I	0.03529	0.11860	0.84611
89 G	0.03597	0.10581	0.85821
90 F	0.03638	0.05757	0.90606
91 Y	0.03790	0.05097	0.91114
92 L	0.04185	0.04284	0.91531
93 M	0.05643	0.02310	0.92047
94 P	0.06251	0.00833	0.92916
95 K	0.06471	0.00036	0.93493
96 T	0.06469	0.00147	0.93384
97 Q	0.06451	0.00714	0.92836
98 S	0.04028	0.10181	0.85791
99 F	0.01563	0.75554	0.22884
100 G	0.01111	0.85414	0.13475
101 F	0.00961	0.87575	0.11464
102 E	0.00917	0.89078	0.10005
103 P	0.00654	0.93606	0.0574
104 F	0.00082	0.99656	0.00262
105 A	0.00023	0.99777	0.002
106 N	0.00015	0.99792	0.00193
107 L	0.00013	0.99808	0.00179
108 S	0.00013	0.99808	0.00179
109 C	0.00014	0.99808	0.00179
110 V	0.00014	0.99808	0.00179
111 I	0.00014	0.99807	0.00179
112 C	0.00014	0.99807	0.00179
113 F	0.00014	0.99807	0.00179
114 A	0.00014	0.99807	0.00179
115 L	0.00018	0.99803	0.00179
116 L	0.00054	0.99760	0.00186
117 T	0.00207	0.99595	0.00199
118 G	0.00361	0.99318	0.00321
119 L	0.00667	0.98928	0.00405
120 L	0.01870	0.97684	0.00446
121 L	0.14479	0.82402	0.03119
122 Q	0.88441	0.05463	0.06095
123 K	0.93127	0.00254	0.0662
124 K	0.93355	0.00004	0.06641
125 D	0.93313	0.00096	0.06591
126 Y	0.87023	0.06745	0.06232
127 F	0.70548	0.23784	0.05668
128 L	0.09095	0.85473	0.05431
129 K	0.08749	0.85832	0.05418
130 F	0.01816	0.95450	0.02734
131 Y	0.01357	0.98296	0.00346
132 L	0.01012	0.98885	0.00103
133 V	0.00616	0.99324	0.0006
134 I	0.00592	0.99351	0.00056
135 T	0.00592	0.99354	0.00055
136 L	0.00591	0.99355	0.00054
137 V	0.00591	0.99355	0.00053
138 S	0.00591	0.99355	0.00053
139 G	0.00591	0.99355	0.00053
140 L	0.00591	0.99355	0.00053
141 Y	0.00592	0.99345	0.00063
142 Q	0.00592	0.99297	0.00111
143 V	0.00593	0.99220	0.00188
144 C	0.00611	0.97126	0.02263
145 N	0.00632	0.95703	0.03665
146 W	0.00668	0.94452	0.04879
147 F	0.00706	0.93295	0.05999
148 N	0.00997	0.91508	0.07495
149 V	0.01315	0.89633	0.09052
150 L	0.02826	0.67660	0.29515
151 K	0.05863	0.02434	0.91704
152 Y	0.05944	0.02244	0.91813
153 R	0.07082	0.00172	0.92746
154 L	0.07136	0.00101	0.92762
155 K	0.07179	0.00009	0.92812
156 I	0.07179	0.00006	0.92814
157 D	0.07180	0.00000	0.9282
158 L	0.07180	0.00000	0.9282
159 F	0.07180	0.00000	0.9282
160 K	0.07180	0.00000	0.9282
161 K	0.07180	0.00000	0.9282
162 T	0.07180	0.00000	0.9282
163 T	0.07180	0.00000	0.9282
164 W	0.07180	0.00000	0.9282
165 Q	0.07180	0.00001	0.92819
166 V	0.07180	0.00001	0.92819
167 K	0.07180	0.00001	0.92819
168 T	0.07179	0.00001	0.92819
169 P	0.07179	0.00002	0.92818
170 M	0.07178	0.00006	0.92815
171 K	0.07177	0.00007	0.92815
172 T	0.07173	0.00032	0.92795
173 I	0.07157	0.00089	0.92754
174 L	0.07153	0.00120	0.92727
175 I	0.07146	0.00158	0.92697
176 E	0.07140	0.00180	0.92679
177 M	0.07035	0.01375	0.9159
178 L	0.06780	0.03312	0.89908
179 K	0.06770	0.03456	0.89775
180 V	0.06530	0.06177	0.87293
181 D	0.05927	0.14667	0.79406
182 L	0.01007	0.81680	0.17313
183 F	0.00148	0.96845	0.03008
184 I	0.00112	0.98262	0.01626
185 R	0.00099	0.98560	0.01341
186 L	0.00040	0.99385	0.00575
187 S	0.00019	0.99817	0.00164
188 L	0.00013	0.99914	0.00072
189 V	0.00013	0.99925	0.00063
190 F	0.00013	0.99928	0.00059
191 V	0.00013	0.99928	0.00059
192 T	0.00013	0.99927	0.0006
193 S	0.00014	0.99927	0.0006
194 F	0.00014	0.99926	0.0006
195 F	0.00015	0.99923	0.00062
196 V	0.00025	0.99904	0.00071
197 V	0.00050	0.99874	0.00076
198 I	0.00151	0.99753	0.00096
199 L	0.00628	0.99201	0.00171
200 L	0.11540	0.86896	0.01564
201 K	0.48734	0.46025	0.05241
202 E	0.52671	0.41780	0.05549
203 L	0.53031	0.41387	0.05582
204 F	0.55152	0.39180	0.05667
205 K	0.91871	0.00949	0.0718
206 R	0.92635	0.00159	0.07205
207 L	0.92657	0.00134	0.07209
208 Q	0.92687	0.00102	0.07211
209 F	0.92697	0.00088	0.07215
210 L	0.92723	0.00057	0.0722
211 A	0.92771	0.00003	0.07226
212 D	0.92774	0.00000	0.07226
213 T	0.92774	0.00000	0.07226
214 Y	0.92774	0.00000	0.07226
215 E	0.92774	0.00000	0.07226
216 F	0.92774	0.00000	0.07226
217 D	0.92774	0.00000	0.07226
218 K	0.92774	0.00000	0.07226
219 K	0.92774	0.00000	0.07226
