# tr|Q2NK99|Q2NK99_AYWBP
# AA	inside	membr	outside
1 M	0.81957	0.00000	0.18043
2 I	0.81957	0.00000	0.18043
3 E	0.81957	0.00000	0.18043
4 N	0.81957	0.00000	0.18043
5 Y	0.81957	0.00000	0.18043
6 N	0.81957	0.00000	0.18043
7 F	0.81957	0.00000	0.18043
8 T	0.81957	0.00000	0.18043
9 S	0.81957	0.00000	0.18043
10 K	0.81957	0.00001	0.18043
11 S	0.81956	0.00002	0.18042
12 L	0.81910	0.00048	0.18042
13 E	0.81893	0.00066	0.18041
14 F	0.81893	0.00067	0.18041
15 A	0.81893	0.00265	0.17843
16 K	0.81885	0.00273	0.17843
17 G	0.81234	0.00949	0.17817
18 F	0.81216	0.01014	0.17771
19 K	0.81110	0.01136	0.17755
20 A	0.44287	0.53916	0.01798
21 F	0.12368	0.85862	0.01771
22 I	0.10890	0.87723	0.01387
23 A	0.10614	0.88027	0.01359
24 R	0.10434	0.88222	0.01344
25 G	0.09018	0.89657	0.01325
26 N	0.07381	0.91337	0.01281
27 V	0.04679	0.94230	0.01092
28 I	0.04192	0.94779	0.01029
29 N	0.03920	0.95067	0.01013
30 L	0.02605	0.96429	0.00966
31 A	0.01984	0.97081	0.00935
32 V	0.01773	0.97301	0.00926
33 A	0.01711	0.97366	0.00922
34 V	0.01573	0.97521	0.00906
35 V	0.01567	0.97482	0.00952
36 I	0.01572	0.97452	0.00976
37 G	0.02505	0.96220	0.01275
38 Q	0.10608	0.81876	0.07516
39 L	0.10874	0.77227	0.11898
40 F	0.13207	0.54575	0.32219
41 A	0.14315	0.34865	0.5082
42 K	0.16597	0.22707	0.60696
43 I	0.13080	0.38557	0.48363
44 V	0.02524	0.65431	0.32046
45 S	0.02342	0.67905	0.29754
46 S	0.01472	0.75219	0.23309
47 L	0.00505	0.92254	0.07241
48 V	0.00356	0.93899	0.05745
49 A	0.00356	0.94230	0.05413
50 D	0.00422	0.92160	0.07418
51 I	0.00398	0.93789	0.05812
52 I	0.00395	0.93779	0.05826
53 M	0.00400	0.92409	0.07192
54 P	0.00400	0.91627	0.07973
55 L	0.00399	0.91412	0.08189
56 F	0.00399	0.91327	0.08275
57 S	0.00405	0.91082	0.08513
58 L	0.00411	0.90988	0.08602
59 L	0.00463	0.90792	0.08744
60 F	0.00658	0.90425	0.08917
61 N	0.04524	0.85994	0.09481
62 Y	0.06039	0.84076	0.09884
63 T	0.10660	0.78875	0.10465
64 G	0.12805	0.76059	0.11137
65 A	0.16699	0.70942	0.12358
66 L	0.30664	0.51962	0.17373
67 K	0.70206	0.02659	0.27134
68 D	0.71235	0.01583	0.27181
69 L	0.71433	0.01372	0.27194
70 K	0.72149	0.00595	0.27255
71 F	0.72182	0.00564	0.27254
72 T	0.72249	0.00498	0.27253
73 I	0.72273	0.00474	0.27253
74 K	0.72700	0.00035	0.27264
75 A	0.72599	0.00203	0.27199
76 N	0.72480	0.00379	0.27141
77 T	0.69951	0.03183	0.26867
78 Y	0.59679	0.13566	0.26756
79 L	0.29325	0.44060	0.26616
80 C	0.27066	0.46707	0.26227
81 Y	0.21499	0.54658	0.23842
82 G	0.17613	0.58979	0.23408
83 N	0.14629	0.63103	0.22268
84 F	0.11416	0.72172	0.16412
85 L	0.06443	0.83342	0.10215
86 Q	0.05777	0.88236	0.05987
87 T	0.02103	0.93472	0.04426
88 I	0.00387	0.98494	0.01118
89 L	0.00193	0.99249	0.00558
90 E	0.00133	0.99370	0.00497
91 F	0.00058	0.99780	0.00163
92 L	0.00046	0.99913	0.00041
93 L	0.00045	0.99935	0.0002
94 L	0.00045	0.99941	0.00014
95 S	0.00047	0.99932	0.00022
96 F	0.00048	0.99918	0.00033
97 I	0.00052	0.99881	0.00067
98 I	0.00099	0.99607	0.00294
99 Y	0.00214	0.98594	0.01193
100 T	0.00574	0.95271	0.04156
101 I	0.00676	0.87399	0.11925
102 L	0.00836	0.59090	0.40074
103 T	0.01604	0.53829	0.44567
104 L	0.04320	0.43780	0.519
105 M	0.05328	0.38235	0.56436
106 S	0.08116	0.31269	0.60615
107 W	0.14091	0.21684	0.64226
108 K	0.22422	0.05553	0.72026
109 N	0.24717	0.03006	0.72276
110 P	0.25317	0.02135	0.72548
111 L	0.26586	0.00789	0.72625
112 Q	0.27292	0.00019	0.72689
113 K	0.27304	0.00002	0.72694
114 E	0.27305	0.00000	0.72695
115 K	0.27305	0.00000	0.72695
116 T	0.27305	0.00000	0.72695
117 D	0.27305	0.00000	0.72695
118 K	0.27305	0.00000	0.72695
119 N	0.27305	0.00000	0.72695
120 M	0.27305	0.00001	0.72695
121 L	0.27305	0.00002	0.72694
122 L	0.27305	0.00002	0.72694
123 L	0.27305	0.00002	0.72694
124 Q	0.27305	0.00002	0.72693
125 Q	0.27305	0.00002	0.72693
126 S	0.27305	0.00002	0.72693
127 L	0.27305	0.00002	0.72693
128 N	0.27305	0.00002	0.72693
129 K	0.27305	0.00002	0.72693
130 E	0.27305	0.00002	0.72693
131 I	0.27305	0.00002	0.72693
132 A	0.27305	0.00002	0.72693
133 L	0.27305	0.00002	0.72693
134 L	0.27305	0.00002	0.72693
135 E	0.27305	0.00002	0.72693
136 E	0.27305	0.00002	0.72693
137 I	0.27305	0.00002	0.72693
138 K	0.27306	0.00001	0.72694
139 N	0.27306	0.00001	0.72694
140 I	0.27306	0.00001	0.72694
141 L	0.27306	0.00001	0.72694
142 K	0.27307	0.00000	0.72694
143 S	0.27307	0.00000	0.72694
144 N	0.27307	0.00000	0.72694
145 K	0.27307	0.00000	0.72694
