# tr|Q2NIK5|Q2NIK5_AYWBP
# AA	inside	membr	outside
1 M	0.48228	0.00000	0.51772
2 I	0.48207	0.00022	0.51772
3 S	0.48198	0.00030	0.51772
4 F	0.48198	0.00081	0.51721
5 I	0.48102	0.00212	0.51686
6 K	0.48102	0.00214	0.51685
7 N	0.44478	0.03852	0.51671
8 I	0.44477	0.03855	0.51668
9 I	0.43054	0.05305	0.51641
10 G	0.43051	0.08134	0.48815
11 G	0.42710	0.09156	0.48134
12 F	0.33016	0.20000	0.46984
13 E	0.20410	0.38020	0.4157
14 L	0.20317	0.38120	0.41563
15 D	0.20317	0.76123	0.0356
16 V	0.09946	0.86498	0.03557
17 F	0.00430	0.98310	0.0126
18 L	0.00374	0.99507	0.00119
19 V	0.00110	0.99826	0.00064
20 I	0.00051	0.99940	9e-05
21 L	0.00014	0.99977	9e-05
22 F	0.00014	0.99977	9e-05
23 C	0.00014	0.99975	0.00011
24 S	0.00015	0.99974	0.00011
25 L	0.00015	0.99964	0.00022
26 T	0.00015	0.99954	0.00031
27 L	0.00027	0.99900	0.00073
28 A	0.00047	0.99820	0.00133
29 S	0.00052	0.99575	0.00372
30 L	0.00064	0.97533	0.02403
31 G	0.00080	0.97345	0.02575
32 V	0.00096	0.96169	0.03734
33 F	0.03182	0.92658	0.0416
34 L	0.04394	0.90603	0.05002
35 V	0.15531	0.69945	0.14524
36 L	0.27642	0.39673	0.32685
37 K	0.41052	0.11410	0.47537
38 K	0.51637	0.00400	0.47963
39 S	0.39677	0.15261	0.45061
40 S	0.37534	0.18878	0.43588
41 M	0.29499	0.28837	0.41664
42 V	0.15112	0.44253	0.40634
43 V	0.10891	0.48633	0.40476
44 D	0.08896	0.51831	0.39273
45 A	0.06131	0.56619	0.37249
46 M	0.04966	0.58201	0.36832
47 S	0.02651	0.60579	0.3677
48 H	0.01773	0.61556	0.3667
49 S	0.00912	0.62931	0.36157
50 V	0.00496	0.66330	0.33173
51 L	0.00490	0.67217	0.32293
52 L	0.00485	0.67277	0.32238
53 G	0.00480	0.67367	0.32153
54 I	0.00473	0.68431	0.31096
55 V	0.00462	0.68988	0.3055
56 V	0.00455	0.69387	0.30159
57 S	0.00451	0.69358	0.30192
58 F	0.00457	0.69315	0.30228
59 L	0.00540	0.68048	0.31412
60 V	0.01197	0.64848	0.33955
61 V	0.02607	0.57099	0.40294
62 K	0.10354	0.17994	0.71651
63 N	0.10728	0.15578	0.73695
64 L	0.10305	0.20060	0.69634
65 N	0.09986	0.23298	0.66716
66 S	0.07224	0.52586	0.4019
67 P	0.06100	0.64957	0.28942
68 L	0.00992	0.87165	0.11843
69 L	0.00710	0.94753	0.04537
70 I	0.00700	0.97831	0.01468
71 M	0.00720	0.99179	0.00101
72 G	0.00755	0.99137	0.00108
73 A	0.00943	0.98951	0.00106
74 A	0.01076	0.98830	0.00094
75 L	0.01091	0.98814	0.00095
76 V	0.01127	0.98776	0.00097
77 G	0.02025	0.97871	0.00103
78 V	0.02569	0.97312	0.00118
79 L	0.03458	0.96404	0.00138
80 T	0.04890	0.94937	0.00173
81 A	0.05123	0.94690	0.00186
82 Y	0.05323	0.94448	0.00229
83 M	0.05577	0.93883	0.0054
84 V	0.05848	0.93023	0.01128
85 E	0.13275	0.83216	0.03509
86 L	0.16297	0.79825	0.03878
87 L	0.32762	0.62359	0.0488
88 G	0.51976	0.38777	0.09247
89 K	0.83572	0.04952	0.11476
90 H	0.84916	0.03516	0.11568
91 S	0.87762	0.00639	0.11599
92 K	0.88330	0.00069	0.11601
93 V	0.88289	0.00124	0.11587
94 T	0.88257	0.00175	0.11568
95 K	0.87650	0.00809	0.11541
96 D	0.86039	0.02903	0.11059
97 A	0.57517	0.36331	0.06151
98 S	0.46679	0.50026	0.03294
99 I	0.15913	0.83513	0.00573
100 G	0.06462	0.93286	0.00252
101 I	0.00104	0.99865	0.00031
102 V	0.00016	0.99973	0.00011
103 F	0.00003	0.99989	7e-05
104 T	0.00002	0.99991	7e-05
105 F	0.00000	0.99992	7e-05
106 F	0.00000	0.99992	7e-05
107 F	0.00000	0.99992	7e-05
108 S	0.00000	0.99992	7e-05
109 V	0.00000	0.99992	7e-05
110 A	0.00000	0.99992	7e-05
111 I	0.00000	0.99992	7e-05
112 I	0.00001	0.99991	8e-05
113 L	0.00002	0.99984	0.00014
114 I	0.00012	0.99940	0.00048
115 S	0.00221	0.98062	0.01717
116 L	0.00494	0.96781	0.02726
117 Y	0.03013	0.84663	0.12323
118 T	0.07449	0.64069	0.28481
119 R	0.09722	0.35556	0.54721
120 H	0.11140	0.12892	0.75968
121 E	0.11509	0.04528	0.83963
122 H	0.11545	0.01002	0.87453
123 L	0.11546	0.00524	0.8793
124 D	0.11593	0.00003	0.88404
125 T	0.11593	0.00001	0.88406
126 D	0.11593	0.00001	0.88406
127 A	0.11593	0.00005	0.88403
128 V	0.11591	0.00012	0.88397
129 F	0.11591	0.00014	0.88395
130 L	0.11591	0.00015	0.88395
131 G	0.11591	0.00016	0.88394
132 N	0.11590	0.00018	0.88392
133 I	0.11590	0.00086	0.88324
134 E	0.11590	0.00101	0.8831
135 L	0.11587	0.00245	0.88169
136 T	0.11577	0.01880	0.86543
137 H	0.11517	0.04631	0.83852
138 I	0.11454	0.05925	0.82621
139 K	0.11420	0.06116	0.82465
140 Q	0.11144	0.08676	0.8018
141 L	0.10464	0.11347	0.78189
142 K	0.10367	0.12319	0.77314
143 K	0.10126	0.15697	0.74177
144 I	0.06509	0.66248	0.27242
145 I	0.03371	0.94146	0.02483
146 P	0.03150	0.94813	0.02037
147 L	0.01991	0.97052	0.00957
148 L	0.01550	0.98212	0.00238
149 F	0.01489	0.98423	0.00088
150 F	0.01480	0.98490	0.0003
151 N	0.01480	0.98490	0.0003
152 L	0.01477	0.98496	0.00026
153 L	0.01477	0.98497	0.00026
154 F	0.01480	0.98494	0.00026
155 V	0.01487	0.98487	0.00026
156 F	0.01526	0.98446	0.00027
157 F	0.01544	0.98417	0.00039
158 F	0.01922	0.98000	0.00078
159 Y	0.12479	0.86454	0.01067
160 K	0.37823	0.59328	0.02849
161 E	0.41024	0.55918	0.03057
162 L	0.45106	0.51481	0.03413
163 K	0.54069	0.42201	0.0373
164 I	0.54022	0.42406	0.03572
165 Y	0.54770	0.41627	0.03603
166 I	0.54281	0.41984	0.03735
167 F	0.68139	0.25760	0.06101
168 D	0.87936	0.02579	0.09484
169 P	0.86699	0.03917	0.09384
170 N	0.83478	0.07307	0.09215
171 L	0.54499	0.39805	0.05696
172 A	0.42835	0.52381	0.04784
173 V	0.28486	0.67842	0.03672
174 I	0.01170	0.96259	0.0257
175 L	0.00178	0.97302	0.0252
176 G	0.00101	0.97740	0.02159
177 F	0.00077	0.97931	0.01991
178 F	0.00061	0.97974	0.01965
179 T	0.00039	0.98050	0.01911
180 T	0.00011	0.98146	0.01843
181 L	0.00004	0.98409	0.01588
182 I	0.00005	0.99023	0.00972
183 N	0.00007	0.98992	0.01001
184 Y	0.00008	0.99165	0.00827
185 L	0.00007	0.99451	0.00543
186 L	0.00018	0.99592	0.00389
187 M	0.00190	0.99119	0.00692
188 F	0.00218	0.98925	0.00857
189 L	0.00333	0.96881	0.02786
190 V	0.00453	0.96151	0.03396
191 S	0.00877	0.90118	0.09005
192 I	0.01161	0.88223	0.10616
193 T	0.01799	0.83332	0.14869
194 A	0.04417	0.63383	0.322
195 V	0.04528	0.54679	0.40793
196 I	0.05309	0.42508	0.52184
197 S	0.05854	0.14349	0.79797
198 F	0.05291	0.30862	0.63848
199 D	0.05357	0.36588	0.58055
200 V	0.02469	0.71722	0.25809
201 V	0.01964	0.88456	0.09581
202 G	0.01878	0.91934	0.06188
203 S	0.01851	0.95649	0.02501
204 I	0.01975	0.97837	0.00188
205 M	0.02661	0.97179	0.00161
206 V	0.02722	0.97140	0.00138
207 I	0.02951	0.96912	0.00137
208 S	0.03459	0.96393	0.00148
209 C	0.03714	0.96135	0.00151
210 M	0.03809	0.96039	0.00151
211 I	0.03815	0.96028	0.00157
212 G	0.04042	0.95794	0.00165
213 P	0.04553	0.95265	0.00182
214 A	0.04614	0.95196	0.00191
215 A	0.04991	0.94648	0.00361
216 T	0.05964	0.93554	0.00483
217 S	0.06786	0.92510	0.00704
218 L	0.08257	0.90676	0.01067
219 L	0.12581	0.86060	0.01359
220 A	0.29114	0.68002	0.02884
221 T	0.66906	0.28767	0.04327
222 K	0.88154	0.06220	0.05626
223 N	0.92381	0.01629	0.05989
224 L	0.84516	0.09593	0.05891
225 C	0.71448	0.22698	0.05854
226 N	0.64607	0.29619	0.05774
227 S	0.37927	0.56591	0.05482
228 F	0.12565	0.82154	0.05282
229 L	0.03772	0.91834	0.04394
230 L	0.02239	0.93648	0.04112
231 S	0.01591	0.94415	0.03994
232 L	0.00502	0.95611	0.03887
233 W	0.00317	0.95811	0.03872
234 L	0.00250	0.95885	0.03865
235 S	0.00250	0.95881	0.03869
236 F	0.00244	0.95910	0.03846
237 V	0.00247	0.95846	0.03907
238 N	0.00253	0.95783	0.03964
239 S	0.00248	0.95859	0.03894
240 S	0.00199	0.96334	0.03468
241 L	0.00063	0.97208	0.0273
242 G	0.00055	0.97338	0.02607
243 Y	0.00058	0.97432	0.0251
244 Y	0.00064	0.97337	0.02599
245 L	0.00097	0.96891	0.03012
246 A	0.00146	0.94858	0.04996
247 I	0.00453	0.78238	0.21309
248 G	0.00709	0.36487	0.62804
249 L	0.00936	0.30969	0.68095
250 N	0.01188	0.17147	0.81664
251 L	0.00943	0.33460	0.65596
252 P	0.01325	0.31850	0.66824
253 V	0.00969	0.43828	0.55202
254 S	0.00885	0.48322	0.50794
255 G	0.00731	0.53015	0.46254
256 L	0.00423	0.70549	0.29028
257 I	0.00290	0.95833	0.03878
258 A	0.00259	0.96558	0.03184
259 F	0.00266	0.97564	0.0217
260 T	0.00204	0.98109	0.01687
261 N	0.00171	0.98313	0.01516
262 L	0.00097	0.99411	0.00492
263 V	0.00078	0.99592	0.00329
264 N	0.00123	0.99555	0.00322
265 F	0.00097	0.99690	0.00212
266 L	0.00145	0.99646	0.00209
267 L	0.00171	0.99620	0.00209
268 F	0.00213	0.99574	0.00213
269 F	0.00309	0.99471	0.0022
270 F	0.00409	0.99356	0.00235
271 L	0.01509	0.98210	0.0028
272 A	0.09594	0.89875	0.00531
273 P	0.25001	0.73821	0.01177
274 K	0.48788	0.49464	0.01748
275 T	0.49798	0.48440	0.01761
276 G	0.50641	0.47568	0.01791
277 I	0.51076	0.47109	0.01815
278 V	0.52849	0.45254	0.01897
279 A	0.70404	0.27458	0.02138
280 K	0.95684	0.01909	0.02407
281 M	0.96005	0.01576	0.02418
282 I	0.96277	0.01288	0.02434
283 K	0.97199	0.00222	0.02579
284 N	0.97254	0.00157	0.02588
285 N	0.97362	0.00045	0.02593
286 L	0.97369	0.00037	0.02594
287 Q	0.97399	0.00006	0.02595
288 K	0.97402	0.00001	0.02597
289 K	0.97402	0.00001	0.02597
290 E	0.97402	0.00001	0.02597
291 F	0.97401	0.00002	0.02597
292 M	0.97401	0.00002	0.02597
293 I	0.97401	0.00002	0.02597
294 I	0.97401	0.00002	0.02597
295 S	0.97401	0.00002	0.02597
296 L	0.97401	0.00002	0.02597
297 L	0.97401	0.00002	0.02597
298 M	0.97401	0.00002	0.02597
299 H	0.97401	0.00002	0.02597
300 L	0.97401	0.00002	0.02597
301 K	0.97401	0.00001	0.02598
302 N	0.97401	0.00001	0.02598
303 H	0.97401	0.00001	0.02598
304 Q	0.97401	0.00001	0.02598
305 D	0.97401	0.00001	0.02598
306 Q	0.97401	0.00001	0.02598
307 L	0.97401	0.00001	0.02598
308 Q	0.97401	0.00000	0.02598
309 K	0.97401	0.00000	0.02599
310 N	0.97401	0.00000	0.02599
311 H	0.97401	0.00000	0.02599
312 F	0.97401	0.00000	0.02599
313 Q	0.97401	0.00000	0.02599
314 E	0.97401	0.00000	0.02599
315 I	0.97401	0.00000	0.02599
316 Y	0.97401	0.00000	0.02599
317 K	0.97401	0.00000	0.02599
318 D	0.97401	0.00000	0.02599
319 L	0.97401	0.00000	0.02599
320 K	0.97401	0.00000	0.02599
321 W	0.97401	0.00000	0.02599
322 S	0.97401	0.00000	0.02599
323 L	0.97401	0.00000	0.02599
324 S	0.97401	0.00000	0.02599
325 R	0.97401	0.00000	0.02599
326 Y	0.97401	0.00000	0.02599
327 N	0.97401	0.00000	0.02599
328 K	0.97401	0.00000	0.02599
329 C	0.97401	0.00000	0.02599
330 L	0.97401	0.00000	0.02599
331 N	0.97401	0.00000	0.02599
332 N	0.97401	0.00000	0.02599
333 A	0.97401	0.00000	0.02599
334 F	0.97401	0.00000	0.02599
335 K	0.97401	0.00000	0.02599
336 K	0.97401	0.00000	0.02599
337 G	0.97401	0.00000	0.02599
338 Y	0.97401	0.00000	0.02599
339 I	0.97401	0.00000	0.02599
340 Q	0.97401	0.00000	0.02599
341 I	0.97401	0.00000	0.02599
342 K	0.97401	0.00000	0.02599
343 N	0.97401	0.00000	0.02599
344 N	0.97401	0.00000	0.02599
345 Q	0.97401	0.00000	0.02599
346 V	0.97400	0.00001	0.02599
347 I	0.97400	0.00001	0.02599
348 L	0.97400	0.00001	0.02599
349 N	0.97400	0.00001	0.02599
350 D	0.97400	0.00001	0.02599
351 S	0.97400	0.00001	0.02599
352 G	0.97400	0.00001	0.02599
353 N	0.97400	0.00001	0.02599
354 Y	0.97400	0.00001	0.02599
355 I	0.97400	0.00001	0.02599
356 L	0.97400	0.00001	0.02599
357 E	0.97400	0.00000	0.02599
358 E	0.97400	0.00000	0.02599
359 K	0.97400	0.00000	0.02599
360 I	0.97400	0.00000	0.02599
361 A	0.97400	0.00000	0.02599
362 L	0.97400	0.00000	0.02599
363 W	0.97400	0.00000	0.02599
364 I	0.97400	0.00000	0.02599
