# tr|Q2NJB8|Q2NJB8_AYWBP
# AA	inside	membr	outside
1 M	0.81597	0.00000	0.18403
2 T	0.81582	0.00015	0.18403
3 T	0.81573	0.00024	0.18403
4 L	0.81573	0.00150	0.18277
5 I	0.81392	0.00346	0.18261
6 Y	0.81392	0.00347	0.18261
7 P	0.80945	0.00794	0.1826
8 L	0.80945	0.00794	0.1826
9 K	0.80856	0.00884	0.1826
10 L	0.80847	0.02030	0.17123
11 F	0.79010	0.03969	0.17021
12 S	0.74153	0.08881	0.16966
13 S	0.60856	0.22721	0.16423
14 F	0.60838	0.22740	0.16422
15 F	0.60838	0.27053	0.12109
16 D	0.60813	0.27078	0.12109
17 F	0.59132	0.31239	0.09629
18 L	0.59106	0.33689	0.07205
19 M	0.58692	0.34731	0.06577
20 Q	0.52423	0.44083	0.03494
21 I	0.05359	0.91209	0.03431
22 L	0.04838	0.91890	0.03272
23 K	0.04582	0.92271	0.03147
24 I	0.01595	0.97112	0.01293
25 F	0.00959	0.97859	0.01182
26 I	0.00739	0.98140	0.01121
27 D	0.00806	0.98023	0.01171
28 V	0.00305	0.98522	0.01173
29 F	0.00253	0.98565	0.01182
30 Y	0.00294	0.98179	0.01528
31 T	0.00323	0.98038	0.01639
32 I	0.00344	0.97846	0.0181
33 I	0.01384	0.96400	0.02216
34 G	0.01682	0.93477	0.04842
35 Y	0.02495	0.87686	0.09819
36 I	0.03138	0.76051	0.20811
37 K	0.05199	0.71922	0.22879
38 S	0.07358	0.69670	0.22973
39 Y	0.07480	0.69239	0.23281
40 I	0.10125	0.65177	0.24698
41 T	0.12727	0.56545	0.30729
42 S	0.14379	0.52365	0.33255
43 L	0.15998	0.36480	0.47523
44 T	0.16755	0.05057	0.78188
45 G	0.16932	0.04143	0.78924
46 Q	0.17267	0.02333	0.80401
47 K	0.17504	0.00301	0.82195
48 L	0.17506	0.00094	0.824
49 M	0.17511	0.00075	0.82414
50 D	0.17518	0.00040	0.82442
51 P	0.17519	0.00002	0.82479
52 S	0.17519	0.00001	0.8248
53 E	0.17518	0.00017	0.82465
54 S	0.17496	0.00127	0.82377
55 M	0.17453	0.00504	0.82043
56 W	0.17003	0.01287	0.8171
57 G	0.16770	0.02399	0.80832
58 K	0.16733	0.03182	0.80085
59 I	0.16499	0.04658	0.78843
60 K	0.16308	0.05498	0.78194
61 E	0.15196	0.13633	0.71171
62 I	0.11062	0.60068	0.28869
63 A	0.10255	0.66427	0.23318
64 K	0.10034	0.66820	0.23145
65 M	0.06422	0.90078	0.03501
66 I	0.05731	0.92530	0.01739
67 F	0.05595	0.92790	0.01615
68 S	0.05469	0.93005	0.01526
69 V	0.05385	0.93251	0.01363
70 A	0.05380	0.93290	0.0133
71 V	0.05377	0.93301	0.01322
72 G	0.05376	0.93305	0.01319
73 G	0.05376	0.93308	0.01317
74 S	0.05376	0.93311	0.01314
75 V	0.05377	0.93310	0.01313
76 I	0.05406	0.93278	0.01316
77 Y	0.05564	0.93047	0.01388
78 F	0.05936	0.92545	0.01519
79 L	0.07772	0.89479	0.0275
80 K	0.62138	0.30934	0.06928
81 E	0.67214	0.24141	0.08645
82 I	0.67560	0.23394	0.09046
83 K	0.67887	0.21668	0.10446
84 N	0.68115	0.21404	0.1048
85 F	0.67040	0.22469	0.10491
86 V	0.66069	0.22921	0.1101
87 L	0.66085	0.22733	0.11182
88 N	0.82441	0.04532	0.13028
89 S	0.83600	0.03250	0.13149
90 F	0.83212	0.03616	0.13172
91 I	0.83204	0.03510	0.13286
92 K	0.83329	0.03296	0.13375
93 I	0.83200	0.03891	0.12909
94 G	0.83155	0.04969	0.11875
95 D	0.82938	0.05373	0.11689
96 L	0.72535	0.16827	0.10637
97 L	0.71067	0.19959	0.08974
98 F	0.70856	0.20312	0.08832
99 K	0.68026	0.24367	0.07607
100 I	0.02968	0.93972	0.03059
101 V	0.00711	0.96662	0.02627
102 L	0.00507	0.97458	0.02035
103 R	0.00516	0.97406	0.02078
104 I	0.00510	0.97413	0.02076
105 L	0.00510	0.97379	0.0211
106 D	0.00515	0.97294	0.0219
107 I	0.00503	0.97313	0.02184
108 I	0.00487	0.95840	0.03673
109 S	0.00481	0.94988	0.04531
110 I	0.00474	0.94985	0.04541
111 V	0.00473	0.94952	0.04574
112 L	0.00504	0.94889	0.04607
113 K	0.00535	0.94187	0.05278
114 L	0.00519	0.94192	0.05289
115 F	0.00514	0.94225	0.05262
116 L	0.01044	0.93690	0.05266
117 F	0.02354	0.92325	0.05321
118 L	0.04528	0.83587	0.11885
119 F	0.07222	0.54475	0.38303
120 K	0.11616	0.00636	0.87748
121 K	0.11411	0.01087	0.87502
122 V	0.07464	0.29190	0.63346
123 I	0.03705	0.90128	0.06166
124 I	0.00540	0.99180	0.0028
125 I	0.00123	0.99869	8e-05
126 L	0.00003	0.99992	5e-05
127 S	0.00002	0.99994	4e-05
128 F	0.00000	0.99999	1e-05
129 I	0.00000	0.99999	0
130 L	0.00001	0.99996	3e-05
131 S	0.00001	0.99991	8e-05
132 F	0.00001	0.99989	9e-05
133 F	0.00002	0.99987	0.00012
134 I	0.00002	0.99984	0.00014
135 N	0.00003	0.99977	0.00019
136 F	0.00003	0.99975	0.00021
137 L	0.00009	0.99957	0.00034
138 Y	0.00038	0.99918	0.00044
139 L	0.00088	0.99848	0.00064
140 W	0.01353	0.98433	0.00215
141 V	0.04475	0.94760	0.00765
142 F	0.18839	0.77341	0.0382
143 E	0.80900	0.08548	0.10552
144 N	0.83204	0.05429	0.11367
145 D	0.87935	0.00123	0.11943
146 K	0.88043	0.00002	0.11955
147 K	0.88045	0.00000	0.11955
148 M	0.88045	0.00000	0.11955
149 L	0.88045	0.00000	0.11955
