# tr|Q2NIY8|Q2NIY8_AYWBP
# AA	inside	membr	outside
1 M	0.14822	0.00000	0.85178
2 L	0.09049	0.05773	0.85178
3 L	0.08231	0.06591	0.85178
4 F	0.08231	0.65647	0.26123
5 L	0.07574	0.85552	0.06875
6 Y	0.07574	0.88209	0.04217
7 Y	0.06972	0.89175	0.03852
8 Y	0.06972	0.89177	0.03851
9 I	0.06968	0.89193	0.03839
10 Y	0.06968	0.89300	0.03733
11 M	0.06966	0.89306	0.03729
12 F	0.06607	0.89665	0.03728
13 T	0.03373	0.92942	0.03685
14 F	0.03367	0.92948	0.03685
15 N	0.03367	0.93067	0.03566
16 N	0.03320	0.93114	0.03566
17 R	0.02650	0.93828	0.03522
18 F	0.02530	0.94131	0.03339
19 I	0.02073	0.94643	0.03284
20 I	0.03781	0.92284	0.03934
21 N	0.07496	0.86484	0.06021
22 L	0.21396	0.71544	0.0706
23 I	0.26548	0.66249	0.07203
24 S	0.58877	0.33489	0.07634
25 R	0.77941	0.12093	0.09965
26 R	0.80169	0.09683	0.10149
27 M	0.81289	0.08559	0.10153
28 V	0.81823	0.07834	0.10342
29 M	0.82740	0.06873	0.10388
30 A	0.82883	0.06265	0.10852
31 T	0.82886	0.06246	0.10868
32 I	0.82886	0.06243	0.10871
33 I	0.82889	0.06226	0.10886
34 I	0.82890	0.06194	0.10916
35 F	0.82896	0.05713	0.11391
36 F	0.82970	0.02464	0.14566
37 K	0.83294	0.00489	0.16217
38 K	0.83380	0.00305	0.16315
39 E	0.83382	0.00290	0.16328
40 L	0.83384	0.00285	0.16331
41 L	0.83402	0.00258	0.16339
42 S	0.83489	0.00145	0.16367
43 S	0.83530	0.00090	0.1638
44 S	0.83542	0.00055	0.16403
45 Q	0.83581	0.00011	0.16407
46 N	0.83585	0.00005	0.16409
47 S	0.83587	0.00003	0.1641
48 Q	0.83588	0.00002	0.16411
49 R	0.83588	0.00001	0.16411
50 N	0.83588	0.00001	0.16411
51 Y	0.83588	0.00002	0.16411
52 I	0.83588	0.00002	0.16411
53 I	0.83588	0.00002	0.16411
54 I	0.83588	0.00002	0.16411
55 T	0.83588	0.00002	0.16411
56 V	0.83588	0.00002	0.16411
57 L	0.83588	0.00001	0.16411
58 Q	0.83588	0.00001	0.16412
59 E	0.83588	0.00001	0.16412
60 Q	0.83588	0.00001	0.16412
61 E	0.83588	0.00001	0.16412
62 K	0.83588	0.00000	0.16412
63 T	0.83588	0.00001	0.16412
64 L	0.83587	0.00001	0.16412
65 L	0.83587	0.00001	0.16412
66 A	0.83587	0.00002	0.16411
67 K	0.83586	0.00002	0.16411
68 Y	0.83576	0.00015	0.16409
69 W	0.83566	0.00033	0.16401
70 R	0.83562	0.00039	0.16399
71 A	0.82879	0.00917	0.16204
72 N	0.81898	0.03037	0.15065
73 Q	0.81613	0.04134	0.14253
74 M	0.80213	0.06968	0.12819
75 R	0.76301	0.12462	0.11237
76 P	0.54614	0.36541	0.08845
77 F	0.06349	0.91377	0.02274
78 M	0.04773	0.93793	0.01433
79 L	0.02044	0.96998	0.00958
80 L	0.01352	0.98006	0.00642
81 F	0.01337	0.98047	0.00615
82 L	0.01334	0.98054	0.00613
83 L	0.01332	0.98057	0.00611
84 I	0.01331	0.98058	0.00611
85 F	0.01331	0.98058	0.00611
86 C	0.01332	0.98048	0.00619
87 K	0.01337	0.98039	0.00625
88 E	0.01337	0.98038	0.00625
89 F	0.01338	0.98037	0.00625
90 V	0.01346	0.98027	0.00626
91 G	0.01402	0.97951	0.00647
92 M	0.01685	0.97210	0.01105
93 V	0.01767	0.95662	0.0257
94 L	0.02810	0.81875	0.15315
95 K	0.12568	0.14924	0.72508
96 K	0.14046	0.09183	0.76772
97 V	0.14241	0.08711	0.77047
98 R	0.14803	0.07804	0.77394
99 Y	0.15004	0.07323	0.77674
100 L	0.15882	0.05200	0.78918
101 F	0.16350	0.03964	0.79687
102 G	0.16796	0.01076	0.82128
103 K	0.17131	0.00003	0.82866
104 I	0.17132	0.00001	0.82866
105 K	0.17133	0.00000	0.82867
106 T	0.17133	0.00000	0.82867
107 H	0.17133	0.00000	0.82867
108 K	0.17133	0.00000	0.82867
109 T	0.17133	0.00000	0.82867
110 S	0.17133	0.00000	0.82867
111 I	0.17133	0.00000	0.82867
112 I	0.17133	0.00000	0.82867
113 F	0.17133	0.00000	0.82867
114 Y	0.17133	0.00000	0.82867
