# tr|Q2NIU2|Q2NIU2_AYWBP
# AA	inside	membr	outside
1 M	0.99910	0.00000	0.0009
2 K	0.99910	0.00000	0.0009
3 N	0.99910	0.00000	0.0009
4 G	0.99910	0.00000	0.0009
5 I	0.99910	0.00000	0.0009
6 E	0.99910	0.00000	0.0009
7 N	0.99910	0.00000	0.0009
8 I	0.99910	0.00000	0.0009
9 A	0.99910	0.00000	0.0009
10 K	0.99910	0.00000	0.0009
11 F	0.99910	0.00000	0.0009
12 P	0.99910	0.00000	0.0009
13 P	0.99910	0.00000	0.0009
14 T	0.99910	0.00000	0.0009
15 K	0.99910	0.00000	0.0009
16 K	0.99910	0.00000	0.0009
17 K	0.99910	0.00000	0.0009
18 K	0.99910	0.00000	0.0009
19 Q	0.99909	0.00000	0.0009
20 Y	0.99876	0.00034	0.0009
21 G	0.99695	0.00215	0.0009
22 Q	0.99659	0.00251	0.0009
23 E	0.98238	0.01673	0.00089
24 F	0.93167	0.06744	0.00089
25 K	0.92065	0.07846	0.00089
26 K	0.77557	0.22361	0.00082
27 I	0.11083	0.88902	0.00015
28 L	0.00387	0.99610	3e-05
29 L	0.00051	0.99947	3e-05
30 L	0.00006	0.99992	3e-05
31 S	0.00002	0.99995	3e-05
32 L	0.00001	0.99996	3e-05
33 S	0.00001	0.99997	3e-05
34 L	0.00001	0.99997	3e-05
35 I	0.00001	0.99997	3e-05
36 I	0.00001	0.99997	3e-05
37 Y	0.00001	0.99997	3e-05
38 V	0.00001	0.99997	3e-05
39 L	0.00001	0.99996	4e-05
40 V	0.00001	0.99993	7e-05
41 S	0.00001	0.99974	0.00025
42 V	0.00001	0.99906	0.00093
43 W	0.00001	0.99766	0.00233
44 A	0.00001	0.97822	0.02176
45 F	0.00023	0.79348	0.20629
46 D	0.00085	0.23393	0.76522
47 C	0.00087	0.09506	0.90407
48 T	0.00088	0.05994	0.93919
49 R	0.00088	0.03373	0.9654
50 D	0.00088	0.00067	0.99845
51 G	0.00084	0.00022	0.99894
52 G	0.00076	0.00026	0.99899
53 Y	0.00075	0.00018	0.99907
54 K	0.00075	0.00015	0.9991
55 T	0.00075	0.00082	0.99843
56 D	0.00074	0.00091	0.99835
57 L	0.00034	0.00165	0.99802
58 F	0.00032	0.00173	0.99795
59 P	0.00032	0.00175	0.99793
60 T	0.00032	0.00183	0.99785
61 G	0.00032	0.00183	0.99785
62 V	0.00032	0.00183	0.99785
63 I	0.00032	0.00183	0.99785
64 G	0.00032	0.00183	0.99785
65 L	0.00032	0.00183	0.99785
66 G	0.00032	0.00183	0.99785
67 D	0.00032	0.00183	0.99785
68 V	0.00032	0.00183	0.99785
69 I	0.00032	0.00183	0.99785
70 G	0.00032	0.00175	0.99793
71 K	0.00034	0.00172	0.99795
72 L	0.00034	0.00171	0.99796
73 L	0.00048	0.00156	0.99796
74 H	0.00064	0.00139	0.99798
75 K	0.00124	0.00039	0.99837
76 A	0.00128	0.00039	0.99833
77 G	0.00131	0.00040	0.99828
78 K	0.00158	0.00065	0.99777
79 I	0.00154	0.07677	0.92169
80 E	0.00153	0.08858	0.90988
81 T	0.00095	0.39889	0.60016
82 H	0.00082	0.55882	0.44035
83 N	0.00069	0.61678	0.38254
84 I	0.00019	0.95075	0.04907
85 I	0.00005	0.99338	0.00657
86 V	0.00001	0.99877	0.00122
87 I	0.00000	0.99992	7e-05
88 A	0.00000	0.99998	2e-05
89 G	0.00000	0.99999	1e-05
90 T	0.00000	1.00000	0
91 F	0.00000	1.00000	0
92 Y	0.00000	1.00000	0
93 F	0.00000	1.00000	0
94 V	0.00000	1.00000	0
95 I	0.00000	1.00000	0
96 N	0.00003	0.99997	0
97 V	0.00007	0.99993	0
98 F	0.00008	0.99992	0
99 F	0.00038	0.99962	0
100 L	0.00160	0.99840	0
101 F	0.01052	0.98948	1e-05
102 F	0.15351	0.84637	0.00012
103 I	0.20079	0.79895	0.00026
104 S	0.78317	0.21555	0.00128
105 R	0.98812	0.01044	0.00145
106 R	0.99443	0.00409	0.00148
107 Y	0.96573	0.03294	0.00133
108 L	0.28214	0.71702	0.00084
109 G	0.26225	0.73692	0.00083
110 K	0.23407	0.76511	0.00082
111 Y	0.02528	0.97414	0.00058
112 F	0.00722	0.99235	0.00043
113 T	0.00505	0.99491	4e-05
114 I	0.00293	0.99706	1e-05
115 T	0.00183	0.99816	1e-05
116 T	0.00094	0.99905	1e-05
117 A	0.00017	0.99982	1e-05
118 F	0.00008	0.99991	1e-05
119 A	0.00008	0.99992	1e-05
120 T	0.00007	0.99993	0
121 V	0.00005	0.99994	0
122 L	0.00005	0.99995	1e-05
123 L	0.00004	0.99995	1e-05
124 F	0.00004	0.99995	1e-05
125 V	0.00004	0.99989	6e-05
126 S	0.00004	0.99939	0.00057
127 V	0.00005	0.99907	0.00089
128 F	0.00005	0.99734	0.00261
129 F	0.00008	0.98993	0.01
130 I	0.00033	0.94325	0.05642
131 E	0.00145	0.05947	0.93908
132 N	0.00152	0.02974	0.96874
133 Q	0.00158	0.01677	0.98165
134 V	0.00158	0.00574	0.99268
135 K	0.00161	0.00090	0.99748
136 Q	0.00162	0.00076	0.99762
137 G	0.00162	0.00068	0.99769
138 F	0.00162	0.00063	0.99775
139 L	0.00162	0.00060	0.99778
140 F	0.00162	0.00014	0.99825
141 H	0.00162	0.00002	0.99836
142 T	0.00162	0.00001	0.99837
143 E	0.00162	0.00001	0.99837
144 R	0.00162	0.00001	0.99838
145 F	0.00162	0.00001	0.99837
146 F	0.00162	0.00001	0.99837
147 G	0.00162	0.00001	0.99837
148 I	0.00162	0.00001	0.99837
149 F	0.00162	0.00001	0.99837
150 K	0.00162	0.00001	0.99836
151 T	0.00162	0.00002	0.99836
152 E	0.00162	0.00004	0.99834
153 S	0.00162	0.00037	0.99801
154 D	0.00162	0.00128	0.9971
155 F	0.00160	0.01985	0.97855
156 L	0.00160	0.02156	0.97684
157 S	0.00159	0.02578	0.97263
158 D	0.00158	0.04685	0.95157
159 I	0.00107	0.65305	0.34587
160 T	0.00092	0.74819	0.25089
161 R	0.00086	0.77255	0.22659
162 V	0.00043	0.90430	0.09526
163 F	0.00025	0.96474	0.03501
164 F	0.00018	0.99099	0.00884
165 A	0.00017	0.99381	0.00602
166 G	0.00016	0.99491	0.00493
167 I	0.00015	0.99687	0.00299
168 L	0.00013	0.99756	0.00232
169 I	0.00013	0.99766	0.00221
170 G	0.00013	0.99770	0.00217
171 I	0.00014	0.99774	0.00213
172 F	0.00018	0.99772	0.0021
173 N	0.00129	0.99664	0.00207
174 G	0.00200	0.99653	0.00147
175 I	0.00398	0.99463	0.00139
176 P	0.00924	0.98939	0.00138
177 V	0.02109	0.97757	0.00134
178 R	0.05723	0.94139	0.00138
179 I	0.06006	0.93857	0.00137
180 G	0.06691	0.93165	0.00144
181 A	0.12540	0.87307	0.00153
182 S	0.76516	0.23266	0.00218
183 T	0.91410	0.08350	0.00239
184 G	0.92523	0.07234	0.00243
185 G	0.96087	0.03655	0.00257
186 L	0.97042	0.02690	0.00267
187 D	0.98905	0.00822	0.00273
188 I	0.98943	0.00784	0.00273
189 V	0.99059	0.00667	0.00274
190 A	0.99272	0.00453	0.00275
191 K	0.99435	0.00287	0.00277
192 Y	0.99451	0.00272	0.00277
193 L	0.99472	0.00251	0.00277
194 S	0.99493	0.00229	0.00278
195 V	0.99521	0.00201	0.00278
196 Y	0.99608	0.00114	0.00278
197 K	0.99715	0.00003	0.00282
198 K	0.99717	0.00000	0.00282
199 K	0.99715	0.00003	0.00282
200 D	0.99579	0.00140	0.0028
201 I	0.62866	0.36886	0.00247
202 S	0.40393	0.59374	0.00233
203 F	0.28802	0.70997	0.002
204 V	0.11851	0.87988	0.00162
205 V	0.08363	0.91540	0.00097
206 E	0.07796	0.92134	0.00069
207 M	0.02321	0.97642	0.00037
208 F	0.00172	0.99816	0.00013
209 G	0.00023	0.99971	5e-05
210 Y	0.00002	0.99997	1e-05
211 I	0.00000	1.00000	0
212 I	0.00000	1.00000	0
213 M	0.00000	1.00000	0
214 I	0.00000	1.00000	0
215 F	0.00000	1.00000	0
216 G	0.00000	1.00000	0
217 A	0.00000	1.00000	0
218 L	0.00000	0.99999	1e-05
219 G	0.00000	0.99982	0.00018
220 V	0.00000	0.99964	0.00036
221 F	0.00001	0.99890	0.00108
222 I	0.00003	0.99174	0.00823
223 I	0.00007	0.98323	0.0167
224 G	0.00032	0.69149	0.30819
225 Y	0.00047	0.56754	0.43199
226 F	0.00075	0.46199	0.53726
227 Y	0.00119	0.08843	0.91038
228 K	0.00232	0.00366	0.99403
229 E	0.00272	0.00109	0.99618
230 T	0.00282	0.00058	0.9966
231 G	0.00282	0.00035	0.99684
232 F	0.00282	0.00021	0.99697
233 K	0.00282	0.00020	0.99698
234 E	0.00282	0.00371	0.99347
235 L	0.00281	0.01374	0.98345
236 I	0.00281	0.01956	0.97763
237 T	0.00281	0.02260	0.9746
238 Q	0.00278	0.06448	0.93274
239 M	0.00234	0.10100	0.89666
240 S	0.00145	0.15520	0.84335
241 L	0.00069	0.60744	0.39188
242 S	0.00058	0.70792	0.2915
243 L	0.00048	0.83044	0.16908
244 F	0.00042	0.87518	0.12439
245 Y	0.00033	0.94689	0.05277
246 T	0.00029	0.96866	0.03105
247 V	0.00019	0.97675	0.02306
248 L	0.00020	0.97712	0.02268
249 R	0.00034	0.97706	0.02259
250 I	0.00039	0.97707	0.02253
251 K	0.00053	0.97694	0.02253
252 L	0.00060	0.97687	0.02253
253 S	0.00229	0.97518	0.02253
254 S	0.00388	0.97358	0.02253
255 L	0.00402	0.97345	0.02253
256 F	0.00478	0.97269	0.02253
257 M	0.00896	0.96850	0.02253
258 G	0.01408	0.96337	0.02255
259 L	0.01815	0.95930	0.02256
260 I	0.02559	0.95183	0.02258
261 T	0.08267	0.89462	0.02271
262 F	0.11161	0.86526	0.02313
263 V	0.22152	0.75451	0.02397
264 P	0.79566	0.17947	0.02487
265 K	0.95058	0.02427	0.02515
266 K	0.97376	0.00107	0.02516
267 E	0.97465	0.00019	0.02516
268 T	0.97479	0.00004	0.02516
269 K	0.97483	0.00001	0.02516
270 L	0.97483	0.00000	0.02516
271 N	0.97483	0.00000	0.02516
272 C	0.97483	0.00000	0.02516
