# tr|Q2NJX4|Q2NJX4_AYWBP
# AA	inside	membr	outside
1 M	0.93698	0.00000	0.06301
2 K	0.93698	0.00000	0.06301
3 L	0.93698	0.00000	0.06301
4 E	0.93698	0.00000	0.06301
5 K	0.93698	0.00000	0.06301
6 K	0.93698	0.00000	0.06301
7 G	0.93663	0.00035	0.06301
8 I	0.93663	0.00035	0.06301
9 L	0.93654	0.00045	0.06301
10 N	0.93654	0.00051	0.06295
11 M	0.93641	0.00068	0.06291
12 Y	0.92560	0.01150	0.06289
13 L	0.87257	0.06475	0.06267
14 I	0.87256	0.06476	0.06267
15 L	0.87256	0.06502	0.06241
16 K	0.87249	0.06509	0.06241
17 K	0.87022	0.06742	0.06235
18 I	0.86909	0.06989	0.06101
19 K	0.85555	0.08359	0.06086
20 F	0.31132	0.67386	0.01482
21 S	0.02008	0.96519	0.01472
22 S	0.01470	0.97242	0.01287
23 K	0.01317	0.97470	0.01213
24 L	0.00232	0.99529	0.00238
25 Y	0.00059	0.99838	0.00103
26 L	0.00027	0.99916	0.00057
27 I	0.00024	0.99939	0.00038
28 I	0.00023	0.99941	0.00035
29 F	0.00023	0.99942	0.00035
30 I	0.00023	0.99930	0.00047
31 F	0.00023	0.99927	0.0005
32 I	0.00023	0.99908	0.00069
33 Y	0.00028	0.99833	0.00139
34 L	0.00031	0.99738	0.00232
35 L	0.00036	0.98527	0.01437
36 L	0.00085	0.91819	0.08095
37 N	0.00215	0.85982	0.13803
38 F	0.01497	0.68532	0.29972
39 H	0.02549	0.44680	0.52771
40 Q	0.05158	0.13724	0.81118
41 K	0.05288	0.03550	0.91162
42 N	0.05313	0.03202	0.91486
43 L	0.05329	0.02585	0.92086
44 V	0.05362	0.01676	0.92962
45 F	0.05396	0.01579	0.93026
46 A	0.05537	0.01397	0.93066
47 Q	0.06274	0.00116	0.9361
48 E	0.06290	0.00007	0.93703
49 K	0.06290	0.00000	0.93709
50 I	0.06290	0.00000	0.93709
51 D	0.06290	0.00000	0.93709
52 L	0.06290	0.00000	0.93709
53 I	0.06290	0.00000	0.93709
54 E	0.06290	0.00000	0.93709
55 K	0.06290	0.00000	0.93709
56 K	0.06290	0.00000	0.93709
57 L	0.06290	0.00000	0.93709
58 I	0.06290	0.00000	0.93709
59 I	0.06290	0.00000	0.93709
60 L	0.06290	0.00000	0.93709
61 K	0.06291	0.00000	0.93709
