# tr|Q2NJL1|Q2NJL1_AYWBP
# AA	inside	membr	outside
1 M	0.00205	0.00000	0.99795
2 K	0.00205	0.00000	0.99795
3 K	0.00204	0.00001	0.99795
4 C	0.00204	0.00001	0.99795
5 Y	0.00165	0.00041	0.99795
6 T	0.00165	0.00041	0.99794
7 L	0.00058	0.00148	0.99794
8 F	0.00058	0.00148	0.99794
9 I	0.00058	0.00149	0.99793
10 N	0.00058	0.00163	0.99779
11 N	0.00058	0.00175	0.99768
12 I	0.00051	0.00322	0.99627
13 P	0.00039	0.00480	0.99481
14 S	0.00039	0.00480	0.99481
15 Y	0.00039	0.08962	0.90999
16 W	0.00037	0.08964	0.90999
17 N	0.00035	0.09073	0.90893
18 A	0.00035	0.11348	0.88617
19 F	0.00029	0.15714	0.84257
20 V	0.00018	0.86751	0.13232
21 T	0.00003	0.87204	0.12793
22 T	0.00003	0.89671	0.10325
23 I	0.00002	0.96333	0.03665
24 S	0.00001	0.98629	0.0137
25 L	0.00001	0.99471	0.00528
26 A	0.00001	0.99784	0.00215
27 F	0.00001	0.99900	0.00099
28 L	0.00001	0.99942	0.00057
29 G	0.00001	0.99977	0.00022
30 T	0.00001	0.99987	0.00012
31 L	0.00001	0.99995	4e-05
32 G	0.00001	0.99998	1e-05
33 A	0.00001	0.99998	1e-05
34 F	0.00001	0.99998	1e-05
35 L	0.00005	0.99990	5e-05
36 L	0.00011	0.99974	0.00015
37 S	0.00035	0.99949	0.00016
38 L	0.00804	0.99180	0.00016
39 W	0.00930	0.99052	0.00018
40 L	0.01589	0.98391	0.0002
41 L	0.03412	0.96566	0.00021
42 Y	0.10279	0.89693	0.00029
43 L	0.78018	0.21942	0.0004
44 K	0.87454	0.12489	0.00057
45 G	0.89541	0.10402	0.00057
46 I	0.95235	0.04708	0.00057
47 R	0.99856	0.00086	0.00058
48 K	0.99941	0.00001	0.00058
49 K	0.99942	0.00000	0.00058
50 E	0.99942	0.00000	0.00058
51 R	0.99941	0.00001	0.00058
52 I	0.99921	0.00021	0.00058
53 S	0.99898	0.00044	0.00058
54 F	0.99684	0.00259	0.00057
55 Y	0.99515	0.00428	0.00057
56 E	0.99504	0.00439	0.00057
57 R	0.99429	0.00514	0.00056
58 Y	0.98823	0.01122	0.00055
59 L	0.98540	0.01404	0.00055
60 Y	0.98512	0.01433	0.00055
61 K	0.98465	0.01480	0.00055
62 T	0.95621	0.04324	0.00055
63 I	0.80592	0.19357	0.00052
64 D	0.77790	0.22160	0.00051
65 I	0.51362	0.48605	0.00033
66 L	0.11653	0.88329	0.00018
67 L	0.01357	0.98637	5e-05
68 Y	0.00260	0.99738	2e-05
69 F	0.00084	0.99914	2e-05
70 Y	0.00036	0.99963	1e-05
71 I	0.00004	0.99994	2e-05
72 F	0.00001	0.99988	0.0001
73 F	0.00001	0.99940	0.00058
74 V	0.00001	0.99834	0.00165
75 K	0.00002	0.99545	0.00452
76 S	0.00002	0.99530	0.00468
77 V	0.00002	0.99507	0.00491
78 P	0.00003	0.99401	0.00596
79 M	0.00003	0.99377	0.00619
80 M	0.00003	0.99263	0.00733
81 L	0.00003	0.98388	0.01609
82 Q	0.00004	0.97484	0.02512
83 A	0.00004	0.96106	0.0389
84 M	0.00004	0.94216	0.05781
85 L	0.00004	0.88151	0.11845
86 L	0.00006	0.71632	0.28362
87 Y	0.00008	0.65470	0.34521
88 W	0.00024	0.47185	0.52791
89 G	0.00041	0.11092	0.88868
90 T	0.00053	0.02305	0.97642
91 K	0.00056	0.01519	0.98425
92 I	0.00054	0.08865	0.9108
93 A	0.00053	0.12868	0.87079
94 G	0.00046	0.15734	0.8422
95 F	0.00035	0.20964	0.79001
96 C	0.00030	0.23324	0.76646
97 S	0.00028	0.28833	0.71139
98 W	0.00024	0.54483	0.45493
99 L	0.00020	0.67594	0.32387
100 T	0.00014	0.81951	0.18034
101 P	0.00013	0.85691	0.14296
102 F	0.00010	0.92073	0.07918
103 Q	0.00010	0.97443	0.02547
104 A	0.00009	0.99127	0.00864
105 A	0.00007	0.99825	0.00167
106 L	0.00007	0.99948	0.00046
107 F	0.00012	0.99966	0.00022
108 I	0.00019	0.99972	9e-05
109 L	0.00032	0.99959	8e-05
110 I	0.00072	0.99920	8e-05
111 F	0.00211	0.99781	8e-05
112 N	0.02224	0.97765	0.00011
113 S	0.02811	0.97177	0.00011
114 C	0.04203	0.95785	0.00012
115 A	0.10132	0.89856	0.00012
116 M	0.19948	0.80039	0.00014
117 L	0.25490	0.74492	0.00018
118 A	0.38181	0.61791	0.00028
119 E	0.49716	0.50250	0.00034
120 F	0.52835	0.47129	0.00036
121 M	0.68995	0.30964	0.00041
122 I	0.77765	0.22188	0.00047
123 K	0.97579	0.02360	0.00061
124 N	0.98778	0.01160	0.00062
125 M	0.99360	0.00579	0.00062
126 S	0.99525	0.00413	0.00062
127 F	0.99637	0.00301	0.00062
128 F	0.99812	0.00126	0.00062
129 D	0.99935	0.00003	0.00062
130 P	0.99936	0.00002	0.00062
131 G	0.99937	0.00001	0.00062
132 Q	0.99937	0.00001	0.00062
133 I	0.99937	0.00001	0.00062
134 E	0.99937	0.00001	0.00062
135 A	0.99937	0.00001	0.00062
136 S	0.99937	0.00001	0.00062
137 L	0.99937	0.00001	0.00062
138 A	0.99937	0.00001	0.00062
139 L	0.99937	0.00001	0.00062
140 G	0.99937	0.00001	0.00062
141 M	0.99938	0.00001	0.00062
142 N	0.99938	0.00000	0.00062
143 R	0.99938	0.00000	0.00062
144 K	0.99938	0.00000	0.00062
145 Q	0.99938	0.00000	0.00062
146 T	0.99937	0.00001	0.00062
147 F	0.99934	0.00004	0.00062
148 K	0.99934	0.00004	0.00062
149 C	0.99931	0.00007	0.00062
150 V	0.99929	0.00009	0.00062
151 I	0.99929	0.00009	0.00062
152 C	0.99929	0.00009	0.00062
153 P	0.99929	0.00009	0.00062
154 Q	0.99929	0.00009	0.00062
155 L	0.99928	0.00010	0.00062
156 V	0.99928	0.00010	0.00062
157 N	0.99927	0.00011	0.00062
158 Q	0.99909	0.00029	0.00062
159 S	0.99836	0.00102	0.00062
160 L	0.99663	0.00275	0.00062
161 L	0.99520	0.00418	0.00062
162 R	0.99381	0.00558	0.00062
163 I	0.98550	0.01389	0.00061
164 I	0.97247	0.02694	0.00059
165 N	0.96919	0.03021	0.0006
166 E	0.91780	0.08160	0.00059
167 F	0.13661	0.86285	0.00054
168 I	0.07164	0.92783	0.00053
169 L	0.05876	0.94070	0.00054
170 N	0.05462	0.94481	0.00057
171 I	0.05064	0.94878	0.00058
172 K	0.04946	0.94994	0.0006
173 D	0.04827	0.95113	0.0006
174 I	0.01849	0.98092	0.00059
175 C	0.01380	0.98561	0.00059
176 V	0.01279	0.98662	0.00058
177 F	0.01275	0.98667	0.00058
178 Y	0.01274	0.98666	0.00059
179 V	0.01274	0.98666	0.00059
180 I	0.01274	0.98658	0.00068
181 T	0.01275	0.98600	0.00126
182 V	0.01275	0.98508	0.00217
183 V	0.01275	0.98240	0.00485
184 D	0.01275	0.98023	0.00702
185 I	0.01275	0.96658	0.02066
186 F	0.01276	0.95606	0.03119
187 T	0.01280	0.89500	0.0922
188 L	0.01281	0.87035	0.11685
189 S	0.01282	0.77099	0.21619
190 Q	0.01286	0.02892	0.95823
191 K	0.01286	0.01257	0.97457
192 L	0.01286	0.01226	0.97488
193 A	0.01287	0.01077	0.97637
194 K	0.01287	0.00067	0.98646
195 K	0.01287	0.00002	0.98712
196 S	0.01281	0.00031	0.98688
197 Y	0.01271	0.00125	0.98604
198 D	0.01265	0.00628	0.98108
199 Y	0.00310	0.85110	0.14581
200 V	0.00236	0.88207	0.11557
201 T	0.00194	0.89399	0.10407
202 P	0.00130	0.91903	0.07967
203 Y	0.00044	0.97056	0.02899
204 I	0.00001	0.99930	0.00068
205 N	0.00001	0.99951	0.00048
206 A	0.00000	0.99986	0.00013
207 S	0.00000	0.99996	4e-05
208 L	0.00000	1.00000	0
209 I	0.00000	1.00000	0
210 Y	0.00000	1.00000	0
211 I	0.00000	1.00000	0
212 I	0.00000	1.00000	0
213 L	0.00000	1.00000	0
214 I	0.00000	1.00000	0
215 F	0.00001	0.99999	0
216 I	0.00002	0.99997	0
217 S	0.00055	0.99940	5e-05
218 Y	0.00129	0.99864	7e-05
219 Y	0.00441	0.99531	0.00028
220 L	0.00865	0.99062	0.00073
221 L	0.03081	0.96752	0.00166
222 K	0.96292	0.02447	0.0126
223 K	0.98590	0.00124	0.01286
224 L	0.98630	0.00083	0.01287
225 E	0.98687	0.00026	0.01287
226 T	0.98708	0.00005	0.01287
227 K	0.98713	0.00000	0.01287
228 L	0.98713	0.00000	0.01287
229 G	0.98713	0.00000	0.01287
230 N	0.98713	0.00000	0.01287
231 K	0.98713	0.00000	0.01287
232 N	0.98713	0.00000	0.01287
233 A	0.98713	0.00000	0.01287
