# tr|Q2NII2|Q2NII2_AYWBP
# AA	inside	membr	outside
1 M	0.94750	0.00000	0.05249
2 V	0.94750	0.00000	0.05249
3 K	0.94750	0.00000	0.05249
4 K	0.94750	0.00000	0.05249
5 Q	0.94750	0.00000	0.05249
6 K	0.94750	0.00000	0.05249
7 T	0.94750	0.00000	0.05249
8 K	0.94750	0.00000	0.05249
9 K	0.94750	0.00000	0.05249
10 E	0.94750	0.00000	0.05249
11 K	0.94749	0.00002	0.05249
12 T	0.94335	0.00418	0.05246
13 K	0.93221	0.01536	0.05243
14 I	0.93208	0.01549	0.05243
15 I	0.93208	0.01994	0.04797
16 D	0.92399	0.02803	0.04797
17 Y	0.73851	0.21354	0.04794
18 L	0.73387	0.21820	0.04792
19 A	0.68039	0.27169	0.04792
20 L	0.58818	0.36393	0.04788
21 K	0.56172	0.39039	0.04788
22 K	0.55770	0.39443	0.04787
23 L	0.47015	0.48248	0.04737
24 V	0.46506	0.48764	0.0473
25 G	0.46448	0.48825	0.04728
26 F	0.46284	0.48993	0.04724
27 F	0.46239	0.49038	0.04723
28 Y	0.46232	0.49043	0.04724
29 I	0.46232	0.49033	0.04735
30 K	0.46240	0.48788	0.04972
31 K	0.46241	0.48723	0.05035
32 I	0.46238	0.48724	0.05037
33 I	0.46243	0.48700	0.05056
34 F	0.46250	0.48660	0.0509
35 Q	0.46378	0.47258	0.06364
36 L	0.46381	0.46219	0.074
37 V	0.46389	0.43073	0.10538
38 M	0.46684	0.37282	0.16034
39 D	0.46693	0.20436	0.32872
40 K	0.46693	0.08737	0.44569
41 L	0.46694	0.08665	0.44641
42 Q	0.46695	0.08452	0.44853
43 F	0.46695	0.08230	0.45076
44 F	0.46696	0.08023	0.45281
45 I	0.46702	0.07796	0.45501
46 K	0.46752	0.00114	0.53134
47 E	0.46754	0.00014	0.53233
48 F	0.46754	0.00012	0.53234
49 L	0.46754	0.00009	0.53237
50 K	0.46755	0.00000	0.53244
51 S	0.46756	0.00000	0.53244
52 Q	0.46756	0.00000	0.53245
53 H	0.46756	0.00000	0.53245
