# tr|Q2NJX0|Q2NJX0_AYWBP
# AA	inside	membr	outside
1 M	0.24474	0.00000	0.75527
2 R	0.24419	0.00055	0.75527
3 I	0.24059	0.00415	0.75527
4 F	0.24059	0.00616	0.75325
5 L	0.23754	0.01009	0.75238
6 A	0.23754	0.01013	0.75233
7 K	0.23611	0.01157	0.75232
8 L	0.23611	0.01158	0.75232
9 K	0.23569	0.01200	0.75231
10 L	0.23568	0.01680	0.74752
11 S	0.23545	0.01707	0.74748
12 Y	0.23503	0.01749	0.74748
13 N	0.23473	0.01783	0.74745
14 I	0.23473	0.01783	0.74745
15 N	0.23473	0.01793	0.74734
16 I	0.23472	0.01795	0.74734
17 I	0.23471	0.01795	0.74734
18 F	0.23471	0.01795	0.74734
19 Y	0.23472	0.01795	0.74734
20 F	0.23474	0.01786	0.7474
21 Q	0.23481	0.01729	0.7479
22 N	0.23494	0.01693	0.74812
23 L	0.23504	0.01654	0.74842
24 L	0.23602	0.01514	0.74885
25 T	0.23959	0.00850	0.75192
26 K	0.24093	0.00290	0.75617
27 M	0.24138	0.00232	0.7563
28 K	0.24238	0.00081	0.75681
29 K	0.24240	0.00078	0.75683
30 S	0.24223	0.00098	0.75679
31 I	0.24210	0.00113	0.75677
32 N	0.24208	0.00112	0.75679
33 Y	0.24210	0.00111	0.75679
34 F	0.24210	0.00110	0.7568
35 L	0.24212	0.00086	0.75702
36 K	0.24216	0.00057	0.75727
37 F	0.24216	0.00057	0.75727
38 C	0.24222	0.00051	0.75727
39 N	0.24222	0.00051	0.75727
40 N	0.24222	0.00050	0.75727
41 Q	0.24222	0.00050	0.75727
42 W	0.24222	0.00051	0.75727
43 I	0.24222	0.00050	0.75727
44 L	0.24222	0.00050	0.75727
45 A	0.24222	0.00047	0.7573
46 K	0.24223	0.00031	0.75746
47 L	0.24223	0.00031	0.75746
48 N	0.24223	0.00029	0.75748
49 Y	0.24223	0.00027	0.75749
50 S	0.24225	0.00020	0.75755
51 S	0.24228	0.00014	0.75758
52 P	0.24228	0.00011	0.7576
53 S	0.24230	0.00005	0.75765
54 Q	0.24230	0.00002	0.75767
55 Y	0.24230	0.00002	0.75767
56 C	0.24230	0.00001	0.75768
57 Q	0.24230	0.00000	0.75769
58 N	0.24230	0.00000	0.75769
59 F	0.24230	0.00000	0.75769
60 R	0.24231	0.00000	0.75769
