# tr|Q2NK02|Q2NK02_AYWBP
# AA	inside	membr	outside
1 M	0.87646	0.00000	0.12354
2 E	0.86073	0.01573	0.12354
3 I	0.83870	0.03776	0.12354
4 I	0.83870	0.12311	0.03819
5 G	0.81597	0.17140	0.01263
6 E	0.81596	0.17504	0.009
7 S	0.02400	0.97467	0.00133
8 I	0.02399	0.97477	0.00124
9 I	0.00561	0.99329	0.0011
10 N	0.00560	0.99421	0.00019
11 S	0.00434	0.99557	8e-05
12 I	0.00057	0.99935	7e-05
13 F	0.00003	0.99990	6e-05
14 F	0.00003	0.99990	6e-05
15 I	0.00003	0.99990	6e-05
16 I	0.00003	0.99990	6e-05
17 L	0.00003	0.99990	6e-05
18 L	0.00003	0.99990	6e-05
19 W	0.00003	0.99990	6e-05
20 L	0.00003	0.99987	0.0001
21 F	0.00006	0.99963	0.0003
22 V	0.00290	0.99563	0.00146
23 F	0.00751	0.98537	0.00712
24 I	0.05294	0.90767	0.03938
25 P	0.10417	0.35271	0.54311
26 Q	0.11170	0.24634	0.64196
27 N	0.12192	0.13956	0.73852
28 I	0.12184	0.13404	0.74411
29 K	0.12231	0.05729	0.8204
30 R	0.09106	0.12881	0.78012
31 F	0.05323	0.20912	0.73765
32 P	0.04995	0.22832	0.72172
33 S	0.03849	0.33552	0.62598
34 I	0.03365	0.75953	0.20682
35 S	0.02743	0.80535	0.16722
36 D	0.02634	0.81094	0.16272
37 F	0.01711	0.83772	0.14516
38 F	0.01665	0.84285	0.1405
39 L	0.01665	0.84285	0.1405
40 L	0.01665	0.84285	0.1405
41 F	0.01665	0.84285	0.1405
42 I	0.01665	0.84284	0.1405
43 F	0.01665	0.84284	0.14051
44 N	0.01666	0.84282	0.14052
45 N	0.01667	0.84279	0.14054
46 N	0.01672	0.84271	0.14056
47 I	0.01675	0.84268	0.14058
48 L	0.01729	0.84191	0.1408
49 L	0.02284	0.83427	0.14289
50 F	0.03615	0.81691	0.14694
51 G	0.08682	0.74483	0.16835
52 L	0.20014	0.61960	0.18026
53 L	0.75262	0.00000	0.24737
