# tr|Q2NIL7|Q2NIL7_AYWBP
# AA	inside	membr	outside
1 M	0.75501	0.00000	0.24499
2 I	0.75501	0.00000	0.24499
3 T	0.75501	0.00000	0.24499
4 I	0.75501	0.00000	0.24498
5 K	0.75501	0.00001	0.24498
6 F	0.75501	0.00003	0.24496
7 I	0.75301	0.00203	0.24496
8 D	0.75301	0.00203	0.24496
9 I	0.74961	0.00547	0.24492
10 K	0.74960	0.00592	0.24447
11 Y	0.73259	0.02633	0.24108
12 E	0.66292	0.09607	0.24101
13 A	0.27389	0.48639	0.23972
14 N	0.27373	0.48655	0.23972
15 I	0.27372	0.49018	0.23609
16 C	0.26776	0.49614	0.23609
17 S	0.26035	0.50357	0.23607
18 N	0.26023	0.50372	0.23605
19 C	0.25675	0.50724	0.23601
20 V	0.24343	0.52201	0.23455
21 A	0.23985	0.52560	0.23455
22 S	0.23979	0.52567	0.23453
23 V	0.23976	0.52573	0.23452
24 G	0.23975	0.52573	0.23452
25 V	0.23975	0.52573	0.23452
26 M	0.23975	0.52572	0.23453
27 L	0.23975	0.52566	0.23458
28 V	0.23976	0.52542	0.23482
29 Y	0.23982	0.52405	0.23613
30 L	0.23995	0.51453	0.24551
31 Q	0.24114	0.35810	0.40076
32 H	0.24139	0.30773	0.45087
33 L	0.24211	0.23552	0.52238
34 T	0.24678	0.16873	0.5845
35 K	0.24834	0.06617	0.6855
36 L	0.24845	0.02613	0.72542
37 Q	0.24863	0.02399	0.72737
38 V	0.24873	0.02335	0.72792
39 L	0.24880	0.01901	0.73219
40 N	0.25005	0.00284	0.74711
41 K	0.25016	0.00044	0.74939
42 T	0.25017	0.00023	0.7496
43 N	0.25022	0.00003	0.74975
44 H	0.25022	0.00001	0.74977
45 F	0.25022	0.00001	0.74977
46 M	0.25023	0.00000	0.74978
47 D	0.25023	0.00000	0.74978
48 M	0.25023	0.00000	0.74978
49 V	0.25023	0.00000	0.74978
50 Q	0.25023	0.00000	0.74978
51 N	0.25023	0.00000	0.74978
52 Q	0.25023	0.00000	0.74978
53 I	0.25023	0.00000	0.74978
