# tr|Q2NK32|Q2NK32_AYWBP
# AA	inside	membr	outside
1 M	0.99980	0.00000	0.0002
2 V	0.99980	0.00000	0.0002
3 M	0.99980	0.00000	0.0002
4 K	0.99980	0.00000	0.0002
5 K	0.99980	0.00000	0.0002
6 T	0.99980	0.00000	0.0002
7 Y	0.99980	0.00000	0.0002
8 T	0.99980	0.00000	0.0002
9 C	0.99980	0.00000	0.0002
10 K	0.99980	0.00000	0.0002
11 D	0.99980	0.00000	0.0002
12 N	0.99969	0.00011	0.0002
13 Q	0.99833	0.00147	0.0002
14 K	0.99833	0.00147	0.0002
15 L	0.99832	0.00148	0.00019
16 Y	0.96600	0.03381	0.00019
17 K	0.93036	0.06945	0.00019
18 L	0.88792	0.11197	0.00011
19 L	0.73010	0.26980	0.0001
20 I	0.35780	0.64219	1e-05
21 S	0.03380	0.96619	1e-05
22 P	0.02088	0.97911	1e-05
23 Y	0.00490	0.99510	0
24 Y	0.00080	0.99920	0
25 I	0.00020	0.99980	0
26 I	0.00001	0.99999	0
27 L	0.00000	1.00000	0
28 L	0.00000	1.00000	0
29 V	0.00000	1.00000	0
30 L	0.00000	1.00000	0
31 I	0.00000	1.00000	0
32 I	0.00000	0.99999	1e-05
33 L	0.00000	0.99993	7e-05
34 P	0.00000	0.99962	0.00038
35 M	0.00000	0.99931	0.00069
36 G	0.00000	0.99757	0.00244
37 F	0.00000	0.99526	0.00473
38 I	0.00000	0.97879	0.02121
39 L	0.00000	0.84590	0.15409
40 F	0.00003	0.63821	0.36177
41 D	0.00017	0.34420	0.65563
42 S	0.00017	0.28166	0.71817
43 F	0.00020	0.18616	0.81365
44 Q	0.00020	0.01178	0.98803
45 D	0.00020	0.00146	0.99834
46 T	0.00020	0.00025	0.99955
47 N	0.00020	0.00003	0.99977
48 Q	0.00020	0.00001	0.99979
49 Q	0.00020	0.00000	0.9998
50 T	0.00020	0.00000	0.9998
51 A	0.00020	0.00000	0.9998
52 F	0.00020	0.00000	0.9998
53 F	0.00020	0.00000	0.9998
54 A	0.00020	0.00000	0.9998
55 T	0.00020	0.00000	0.9998
56 R	0.00020	0.00000	0.9998
57 F	0.00020	0.00000	0.9998
58 T	0.00020	0.00000	0.9998
59 L	0.00020	0.00001	0.9998
60 Q	0.00020	0.00001	0.9998
61 H	0.00020	0.00001	0.99979
62 H	0.00020	0.00001	0.99979
63 Q	0.00020	0.00002	0.99978
64 D	0.00020	0.00003	0.99977
65 F	0.00020	0.00115	0.99866
66 L	0.00020	0.00178	0.99803
67 F	0.00020	0.00226	0.99754
68 N	0.00020	0.00239	0.99741
69 Q	0.00020	0.00388	0.99592
70 S	0.00019	0.00800	0.9918
71 F	0.00018	0.03177	0.96805
72 L	0.00016	0.04724	0.9526
73 Y	0.00015	0.08974	0.91012
74 V	0.00013	0.54858	0.45129
75 L	0.00012	0.75976	0.24013
76 A	0.00012	0.81374	0.18614
77 R	0.00011	0.82356	0.17632
78 S	0.00005	0.91166	0.08829
79 I	0.00001	0.98169	0.01831
80 A	0.00001	0.99431	0.00569
81 I	0.00000	0.99925	0.00075
82 S	0.00000	0.99952	0.00048
83 I	0.00000	0.99999	1e-05
84 I	0.00000	1.00000	0
85 V	0.00000	1.00000	0
86 T	0.00000	1.00000	0
87 F	0.00000	1.00000	0
88 C	0.00001	0.99999	0
89 V	0.00005	0.99995	0
90 F	0.00018	0.99982	0
91 I	0.00042	0.99958	0
92 I	0.00136	0.99864	0
93 V	0.00571	0.99429	0
94 Y	0.02659	0.97339	2e-05
95 P	0.04244	0.95752	4e-05
96 L	0.05598	0.94397	5e-05
97 A	0.53636	0.46358	6e-05
98 Y	0.78733	0.21259	8e-05
99 M	0.87036	0.12955	9e-05
100 I	0.87689	0.12302	0.0001
101 S	0.95783	0.04200	0.00017
102 R	0.98902	0.01079	0.0002
103 L	0.99673	0.00307	0.0002
104 K	0.99893	0.00087	0.0002
105 M	0.99795	0.00185	0.0002
106 K	0.99606	0.00374	0.0002
107 W	0.96603	0.03379	0.00018
108 Q	0.93852	0.06132	0.00016
109 S	0.23515	0.76472	0.00013
110 F	0.09501	0.90488	0.0001
111 L	0.06766	0.93225	9e-05
112 V	0.03760	0.96231	8e-05
113 V	0.01193	0.98799	8e-05
114 L	0.00282	0.99710	8e-05
115 I	0.00263	0.99732	5e-05
116 N	0.00245	0.99750	4e-05
117 G	0.00199	0.99796	4e-05
118 T	0.00168	0.99828	4e-05
119 M	0.00135	0.99861	4e-05
120 W	0.00128	0.99868	4e-05
121 I	0.00127	0.99868	5e-05
122 N	0.00126	0.99851	0.00024
123 M	0.00126	0.99840	0.00034
124 I	0.00126	0.99804	0.0007
125 I	0.00127	0.98479	0.01394
126 K	0.00128	0.96076	0.03796
127 T	0.00128	0.95528	0.04344
128 Q	0.00128	0.94824	0.05047
129 A	0.00128	0.94486	0.05386
130 L	0.00129	0.93614	0.06258
131 V	0.00132	0.88547	0.11321
132 Q	0.00135	0.14518	0.85348
133 I	0.00136	0.08075	0.91789
134 F	0.00136	0.06351	0.93514
135 N	0.00137	0.04284	0.95579
136 L	0.00137	0.01641	0.98222
137 L	0.00137	0.00144	0.99719
138 Q	0.00141	0.00066	0.99793
139 K	0.00142	0.00017	0.99841
140 T	0.00142	0.00017	0.99842
141 F	0.00142	0.00018	0.9984
142 N	0.00142	0.00010	0.99849
143 M	0.00142	0.00017	0.99841
144 N	0.00141	0.00059	0.998
145 L	0.00141	0.00171	0.99689
146 L	0.00141	0.00806	0.99054
147 E	0.00142	0.01130	0.98729
148 T	0.00141	0.01589	0.9827
149 D	0.00139	0.02554	0.97307
150 F	0.00093	0.17966	0.81942
151 A	0.00021	0.92580	0.07399
152 M	0.00016	0.95267	0.04717
153 I	0.00006	0.97488	0.02507
154 V	0.00002	0.99641	0.00357
155 G	0.00001	0.99853	0.00145
156 L	0.00000	0.99947	0.00053
157 I	0.00000	0.99979	0.00021
158 Y	0.00000	0.99994	5e-05
159 L	0.00000	0.99999	1e-05
160 F	0.00000	1.00000	0
161 L	0.00000	0.99999	0
162 P	0.00001	0.99999	0
163 F	0.00003	0.99997	0
164 M	0.00011	0.99989	0
165 F	0.00018	0.99982	0
166 L	0.00064	0.99935	1e-05
167 P	0.00238	0.99761	1e-05
168 I	0.00413	0.99585	1e-05
169 Y	0.01474	0.98524	2e-05
170 T	0.03690	0.96305	5e-05
171 A	0.04919	0.95074	6e-05
172 I	0.06281	0.93710	9e-05
173 I	0.21464	0.78488	0.00047
174 K	0.94386	0.05478	0.00136
175 I	0.95234	0.04629	0.00137
176 N	0.97121	0.02736	0.00142
177 P	0.99543	0.00314	0.00142
178 Q	0.99815	0.00043	0.00143
179 L	0.99825	0.00032	0.00143
180 I	0.99830	0.00027	0.00143
181 Q	0.99855	0.00001	0.00143
182 A	0.99856	0.00001	0.00143
183 S	0.99856	0.00000	0.00143
184 K	0.99857	0.00000	0.00143
185 D	0.99857	0.00000	0.00143
186 L	0.99853	0.00004	0.00143
187 G	0.99852	0.00004	0.00143
188 A	0.99852	0.00004	0.00143
189 N	0.99852	0.00005	0.00143
190 E	0.99851	0.00006	0.00143
191 W	0.99840	0.00017	0.00142
192 Q	0.99764	0.00096	0.0014
193 V	0.95846	0.04061	0.00092
194 L	0.92650	0.07258	0.00092
195 Q	0.92495	0.07414	0.0009
196 K	0.89629	0.10286	0.00085
197 I	0.36315	0.63653	0.00032
198 I	0.24552	0.75427	0.00021
199 W	0.18822	0.81159	0.00019
200 P	0.16038	0.83944	0.00018
201 L	0.05229	0.94761	0.00011
202 S	0.03434	0.96558	9e-05
203 L	0.02323	0.97670	7e-05
204 S	0.01959	0.98035	7e-05
205 G	0.01369	0.98627	5e-05
206 V	0.01024	0.98974	3e-05
207 L	0.00996	0.99001	3e-05
208 A	0.00994	0.99004	3e-05
209 G	0.00992	0.99004	4e-05
210 I	0.00990	0.99005	5e-05
211 C	0.00989	0.98981	0.00031
212 L	0.00988	0.98971	0.00041
213 V	0.00987	0.98919	0.00093
214 F	0.00988	0.98842	0.00171
215 L	0.00994	0.98376	0.00631
216 Q	0.01075	0.94261	0.04664
217 T	0.01091	0.86632	0.12277
218 A	0.01094	0.82302	0.16605
219 T	0.01097	0.71575	0.27328
220 N	0.01105	0.24996	0.73899
221 I	0.01100	0.18718	0.80182
222 V	0.01092	0.15375	0.83532
223 A	0.01095	0.12023	0.86882
224 P	0.01104	0.02788	0.96108
225 R	0.01108	0.01331	0.97562
226 Y	0.01108	0.01110	0.97782
227 L	0.01108	0.00969	0.97923
228 G	0.01109	0.00642	0.98249
229 A	0.01111	0.00359	0.98531
230 T	0.01111	0.00311	0.98578
231 T	0.01111	0.00309	0.9858
232 Q	0.01111	0.00308	0.98581
233 I	0.01111	0.00307	0.98582
234 T	0.01111	0.00305	0.98584
235 I	0.01111	0.00304	0.98586
236 A	0.01111	0.00302	0.98587
237 E	0.01112	0.00296	0.98592
238 L	0.01112	0.00296	0.98592
239 I	0.01117	0.00289	0.98594
240 E	0.01242	0.00152	0.98606
241 N	0.01289	0.00105	0.98607
242 K	0.01298	0.00096	0.98606
243 A	0.01295	0.00192	0.98513
244 L	0.01281	0.00435	0.98283
245 L	0.01282	0.00880	0.97838
246 S	0.01345	0.00897	0.97758
247 G	0.01351	0.02735	0.95914
248 E	0.01341	0.11677	0.86982
249 I	0.01323	0.13642	0.85034
250 K	0.01319	0.14084	0.84597
251 Q	0.01144	0.37516	0.6134
252 A	0.00472	0.64586	0.34941
253 C	0.00300	0.77929	0.21771
254 A	0.00259	0.92853	0.06887
255 I	0.00245	0.95676	0.04078
256 A	0.00241	0.96325	0.03434
257 I	0.00241	0.96435	0.03323
258 H	0.00241	0.96457	0.03302
259 L	0.00241	0.96466	0.03293
260 S	0.00241	0.96468	0.03291
261 L	0.00241	0.96469	0.0329
262 T	0.00243	0.96467	0.0329
263 M	0.00249	0.96460	0.03291
264 F	0.00251	0.96459	0.03291
265 L	0.00257	0.96452	0.03291
266 I	0.00336	0.96370	0.03294
267 F	0.00700	0.95989	0.03311
268 Q	0.02194	0.94483	0.03323
269 I	0.03185	0.93478	0.03337
270 F	0.13548	0.82858	0.03594
271 K	0.69244	0.26406	0.0435
272 K	0.78684	0.16890	0.04426
273 L	0.79096	0.16476	0.04428
274 S	0.82598	0.12971	0.04431
275 L	0.86612	0.08952	0.04435
276 R	0.93512	0.02049	0.04439
277 E	0.95510	0.00050	0.04441
278 R	0.95558	0.00001	0.04441
279 K	0.95559	0.00000	0.04441
280 D	0.95559	0.00000	0.04441
281 V	0.95559	0.00000	0.04441
282 N	0.95559	0.00000	0.04441
