# tr|Q2NJM9|Q2NJM9_AYWBP
# AA	inside	membr	outside
1 M	0.72262	0.00000	0.27738
2 H	0.72262	0.00000	0.27738
3 N	0.72262	0.00000	0.27738
4 V	0.72262	0.00001	0.27737
5 K	0.72262	0.00001	0.27736
6 I	0.72262	0.00002	0.27736
7 N	0.72261	0.00002	0.27736
8 Q	0.72261	0.00002	0.27736
9 N	0.72261	0.00003	0.27736
10 S	0.72261	0.00280	0.27458
11 L	0.72244	0.00339	0.27417
12 L	0.72154	0.00453	0.27392
13 L	0.72147	0.00467	0.27385
14 R	0.72147	0.00467	0.27385
15 Y	0.72147	0.00626	0.27226
16 T	0.72147	0.00627	0.27226
17 L	0.72144	0.00631	0.27225
18 M	0.72144	0.00631	0.27225
19 K	0.72145	0.00630	0.27225
20 K	0.72103	0.00684	0.27213
21 Y	0.71895	0.00892	0.27213
22 K	0.71891	0.00897	0.27212
23 Y	0.71618	0.01199	0.27184
24 Y	0.71598	0.01220	0.27181
25 Y	0.71597	0.01223	0.2718
26 K	0.71595	0.01225	0.2718
27 Y	0.71583	0.01239	0.27178
28 I	0.71585	0.01239	0.27176
29 L	0.71607	0.01215	0.27178
30 K	0.71806	0.01009	0.27185
31 I	0.71808	0.01006	0.27186
32 I	0.71813	0.01000	0.27186
33 T	0.71898	0.00913	0.27189
34 F	0.71925	0.00870	0.27205
35 K	0.72089	0.00597	0.27314
36 R	0.72092	0.00535	0.27373
37 M	0.72092	0.00514	0.27394
38 K	0.72103	0.00361	0.27535
39 K	0.72104	0.00322	0.27574
40 I	0.72105	0.00320	0.27575
41 N	0.72107	0.00259	0.27634
42 F	0.72108	0.00257	0.27635
43 F	0.72110	0.00248	0.27642
44 N	0.72113	0.00208	0.27679
45 I	0.72115	0.00200	0.27685
46 K	0.72135	0.00006	0.2786
47 N	0.72135	0.00002	0.27863
48 V	0.72135	0.00001	0.27863
49 N	0.72136	0.00001	0.27864
50 K	0.72136	0.00000	0.27864
51 T	0.72136	0.00000	0.27864
52 H	0.72136	0.00000	0.27864
53 S	0.72136	0.00000	0.27864
