# tr|Q2NK45|Q2NK45_AYWBP
# AA	inside	membr	outside
1 M	0.49120	0.00000	0.50879
2 D	0.49120	0.00000	0.50879
3 K	0.49120	0.00000	0.50879
4 Q	0.49120	0.00000	0.50879
5 Q	0.49120	0.00000	0.50879
6 K	0.49120	0.00000	0.50879
7 K	0.49120	0.00000	0.50879
8 E	0.49120	0.00000	0.50879
9 F	0.49120	0.00000	0.50879
10 Y	0.49120	0.00000	0.50879
11 E	0.49120	0.00000	0.50879
12 H	0.49120	0.00000	0.50879
13 C	0.49120	0.00000	0.50879
14 Q	0.49120	0.00000	0.50879
15 C	0.49120	0.00000	0.50879
16 C	0.49120	0.00000	0.50879
17 G	0.49120	0.00000	0.50879
18 S	0.49120	0.00000	0.50879
19 D	0.49120	0.00001	0.50879
20 L	0.49119	0.00002	0.50879
21 G	0.49117	0.00004	0.50879
22 M	0.49117	0.00004	0.50879
23 N	0.49116	0.00004	0.50879
24 I	0.49116	0.00008	0.50876
25 N	0.49115	0.00010	0.50875
26 D	0.49112	0.00024	0.50864
27 I	0.48846	0.00664	0.50491
28 D	0.47568	0.02025	0.50407
29 L	0.39410	0.11484	0.49105
30 N	0.33225	0.20465	0.46311
31 L	0.10699	0.64080	0.25221
32 F	0.04640	0.73474	0.21886
33 G	0.01771	0.77870	0.20359
34 V	0.00887	0.88134	0.10979
35 I	0.00794	0.91049	0.08158
36 M	0.00748	0.96570	0.02682
37 A	0.00467	0.98738	0.00795
38 L	0.00277	0.99301	0.00422
39 M	0.00106	0.99750	0.00144
40 I	0.00029	0.99946	0.00025
41 L	0.00014	0.99981	5e-05
42 I	0.00004	0.99995	0
43 S	0.00003	0.99996	1e-05
44 F	0.00000	0.99999	1e-05
45 G	0.00000	0.99999	1e-05
46 F	0.00000	0.99997	3e-05
47 F	0.00000	0.99986	0.00014
48 L	0.00001	0.99963	0.00036
49 L	0.00009	0.99838	0.00152
50 F	0.00045	0.99204	0.00751
51 G	0.00077	0.89970	0.09953
52 F	0.00235	0.85347	0.14419
53 F	0.03733	0.76473	0.19794
54 S	0.24709	0.40460	0.34832
55 L	0.26289	0.33914	0.39797
56 F	0.27133	0.28040	0.44827
57 S	0.37044	0.17040	0.45916
58 F	0.39069	0.14977	0.45954
59 F	0.47655	0.06269	0.46075
60 Q	0.50244	0.03053	0.46704
61 I	0.50500	0.02594	0.46907
62 N	0.50603	0.01473	0.47925
63 H	0.50523	0.04041	0.45436
64 E	0.49459	0.10539	0.40002
65 I	0.15269	0.68169	0.16562
66 F	0.08788	0.80424	0.10788
67 T	0.08238	0.82676	0.09086
68 T	0.06065	0.90765	0.03171
69 L	0.00737	0.97645	0.01618
70 I	0.00072	0.99764	0.00165
71 Y	0.00011	0.99946	0.00043
72 I	0.00002	0.99971	0.00027
73 F	0.00000	0.99997	2e-05
74 V	0.00000	0.99999	1e-05
75 I	0.00000	0.99999	0
76 G	0.00000	0.99999	0
77 I	0.00000	0.99999	0
78 L	0.00003	0.99996	2e-05
79 S	0.00009	0.99989	2e-05
80 F	0.00018	0.99979	4e-05
81 C	0.00104	0.99884	0.00012
82 L	0.00159	0.99826	0.00015
83 I	0.00790	0.99153	0.00056
84 A	0.02560	0.97199	0.00241
85 H	0.07502	0.91618	0.0088
86 F	0.10380	0.88398	0.01222
87 M	0.20057	0.74621	0.05322
88 P	0.41274	0.16691	0.42035
89 K	0.45223	0.05278	0.49499
90 L	0.45426	0.04951	0.49624
91 L	0.46436	0.03738	0.49826
92 F	0.47126	0.02280	0.50593
93 E	0.49013	0.00114	0.50874
94 K	0.49115	0.00004	0.50881
95 L	0.49116	0.00003	0.50881
96 D	0.49119	0.00000	0.50881
97 Y	0.49119	0.00000	0.50881
98 E	0.49119	0.00000	0.50881
99 K	0.49119	0.00000	0.50881
100 F	0.49119	0.00000	0.50881
101 E	0.49119	0.00000	0.50881
102 K	0.49119	0.00000	0.50881
103 E	0.49119	0.00000	0.50881
