# tr|Q2NJQ8|Q2NJQ8_AYWBP
# AA	inside	membr	outside
1 M	0.95788	0.00000	0.04213
2 C	0.95788	0.00000	0.04213
3 Y	0.95788	0.00000	0.04213
4 N	0.95788	0.00000	0.04213
5 R	0.95788	0.00000	0.04213
6 F	0.95788	0.00000	0.04213
7 I	0.95788	0.00000	0.04213
8 K	0.95788	0.00000	0.04213
9 I	0.95788	0.00000	0.04213
10 K	0.95788	0.00000	0.04213
11 V	0.95788	0.00000	0.04213
12 N	0.95788	0.00000	0.04213
13 E	0.95788	0.00000	0.04213
14 N	0.95788	0.00000	0.04213
15 M	0.95788	0.00000	0.04213
16 K	0.95787	0.00000	0.04213
17 K	0.95780	0.00008	0.04213
18 I	0.95775	0.00014	0.0421
19 N	0.95577	0.00214	0.0421
20 L	0.90135	0.05943	0.03923
21 Q	0.78330	0.17755	0.03916
22 I	0.73893	0.22579	0.03527
23 N	0.68542	0.28029	0.03429
24 H	0.52205	0.44940	0.02855
25 Y	0.17747	0.80568	0.01685
26 L	0.06526	0.92506	0.00968
27 H	0.05720	0.93391	0.00889
28 L	0.04828	0.94376	0.00796
29 T	0.04363	0.95019	0.00617
30 P	0.02830	0.96753	0.00418
31 F	0.00834	0.98937	0.00228
32 F	0.00635	0.99165	0.002
33 F	0.00575	0.99238	0.00187
34 S	0.00569	0.99248	0.00184
35 S	0.00562	0.99257	0.00181
36 V	0.00561	0.99258	0.0018
37 V	0.00561	0.99257	0.00182
38 I	0.00562	0.99240	0.00198
39 V	0.00563	0.99093	0.00343
40 C	0.00580	0.98406	0.01014
41 Y	0.00590	0.97864	0.01545
42 G	0.00633	0.95959	0.03408
43 F	0.00964	0.89266	0.0977
44 N	0.01834	0.70484	0.27682
45 Q	0.02859	0.64537	0.32604
46 T	0.02975	0.57270	0.39755
47 V	0.03031	0.47700	0.49268
48 F	0.03402	0.18871	0.77727
49 Q	0.04032	0.06056	0.89911
50 Y	0.04047	0.04768	0.91185
51 L	0.04088	0.03954	0.91959
52 A	0.04255	0.03138	0.92607
53 N	0.04469	0.01105	0.94426
54 K	0.04594	0.00000	0.95406
