# tr|Q2NIP3|Q2NIP3_AYWBP
# AA	inside	membr	outside
1 M	0.79546	0.00000	0.20454
2 P	0.79546	0.00000	0.20454
3 Q	0.79546	0.00000	0.20454
4 K	0.79546	0.00000	0.20454
5 N	0.79546	0.00000	0.20454
6 I	0.79546	0.00000	0.20454
7 L	0.79546	0.00000	0.20454
8 F	0.79546	0.00000	0.20454
9 N	0.79546	0.00000	0.20454
10 D	0.79546	0.00000	0.20454
11 S	0.79546	0.00000	0.20454
12 P	0.79544	0.00002	0.20454
13 I	0.79536	0.00011	0.20454
14 L	0.79536	0.00011	0.20454
15 N	0.79536	0.00012	0.20452
16 L	0.79535	0.00013	0.20452
17 K	0.79535	0.00013	0.20452
18 L	0.79535	0.00016	0.2045
19 Q	0.79527	0.00025	0.20448
20 K	0.77302	0.02466	0.20232
21 I	0.66391	0.13392	0.20216
22 P	0.65502	0.14860	0.19638
23 F	0.58957	0.23694	0.17348
24 Y	0.51428	0.32809	0.15763
25 L	0.03955	0.84925	0.1112
26 L	0.01032	0.96930	0.02039
27 L	0.00491	0.97999	0.01511
28 N	0.00349	0.98295	0.01356
29 Y	0.00164	0.99289	0.00547
30 F	0.00010	0.99826	0.00164
31 F	0.00001	0.99990	9e-05
32 V	0.00001	0.99997	3e-05
33 V	0.00001	0.99997	2e-05
34 Y	0.00001	0.99997	2e-05
35 N	0.00001	0.99995	4e-05
36 V	0.00001	0.99992	7e-05
37 V	0.00001	0.99990	0.0001
38 N	0.00007	0.99936	0.00057
39 I	0.00007	0.99908	0.00085
40 F	0.00009	0.99742	0.00249
41 F	0.00016	0.98646	0.01338
42 G	0.00060	0.97239	0.027
43 P	0.00284	0.88071	0.11646
44 F	0.00300	0.85301	0.14399
45 L	0.00965	0.83039	0.15996
46 F	0.03012	0.76277	0.20711
47 L	0.04381	0.67117	0.28502
48 Y	0.09170	0.13457	0.77373
49 K	0.20183	0.00313	0.79504
50 K	0.20426	0.00034	0.79539
51 Y	0.20432	0.00562	0.79006
52 Q	0.20225	0.04733	0.75042
53 N	0.19784	0.06475	0.73741
54 Y	0.18169	0.10117	0.71713
55 P	0.15465	0.17998	0.66537
56 R	0.14963	0.26485	0.58551
57 I	0.08687	0.88011	0.03302
58 I	0.08525	0.88811	0.02664
59 Y	0.08470	0.88895	0.02635
60 S	0.08440	0.88945	0.02614
61 S	0.08440	0.88945	0.02614
62 L	0.08440	0.88945	0.02614
63 P	0.08440	0.88945	0.02614
64 F	0.08440	0.88945	0.02614
65 F	0.08440	0.88945	0.02614
66 I	0.08440	0.88945	0.02614
67 F	0.08440	0.88945	0.02614
68 L	0.08442	0.88939	0.0262
69 H	0.08481	0.88873	0.02647
70 N	0.08546	0.88766	0.02687
71 L	0.08617	0.88651	0.02732
72 C	0.09550	0.87366	0.03084
73 I	0.10985	0.85631	0.03384
74 I	0.20145	0.74461	0.05394
75 F	0.85372	0.00000	0.14628
