# tr|Q2NIF8|Q2NIF8_AYWBP
# AA	inside	membr	outside
1 M	0.99958	0.00000	0.00041
2 S	0.99958	0.00000	0.00041
3 N	0.99958	0.00000	0.00041
4 N	0.99958	0.00000	0.00041
5 K	0.99958	0.00000	0.00041
6 K	0.99958	0.00000	0.00041
7 K	0.99958	0.00000	0.00041
8 L	0.99958	0.00000	0.00041
9 I	0.99958	0.00000	0.00041
10 F	0.99958	0.00000	0.00041
11 A	0.99958	0.00000	0.00041
12 K	0.99958	0.00000	0.00041
13 L	0.99957	0.00001	0.00041
14 K	0.99957	0.00001	0.00041
15 K	0.99957	0.00001	0.00041
16 H	0.99930	0.00029	0.00041
17 L	0.99659	0.00300	0.00041
18 P	0.99657	0.00301	0.00041
19 K	0.99519	0.00439	0.00041
20 V	0.72501	0.27474	0.00025
21 C	0.46223	0.53751	0.00025
22 A	0.40704	0.59274	0.00022
23 T	0.31876	0.68108	0.00016
24 F	0.20966	0.79021	0.00013
25 I	0.18944	0.81044	0.00012
26 K	0.18559	0.81429	0.00012
27 Y	0.06252	0.93743	5e-05
28 F	0.01071	0.98928	0
29 F	0.00170	0.99829	0
30 L	0.00062	0.99938	0
31 S	0.00036	0.99964	0
32 L	0.00005	0.99995	0
33 F	0.00000	1.00000	0
34 A	0.00000	1.00000	0
35 L	0.00000	1.00000	0
36 F	0.00000	0.99998	1e-05
37 L	0.00000	0.99994	6e-05
38 A	0.00000	0.99898	0.00102
39 I	0.00000	0.99726	0.00274
40 P	0.00000	0.97640	0.0236
41 F	0.00000	0.97145	0.02855
42 Y	0.00000	0.95921	0.04078
43 W	0.00016	0.73990	0.25993
44 M	0.00018	0.47530	0.52453
45 L	0.00021	0.39146	0.60833
46 N	0.00028	0.24918	0.75053
47 L	0.00031	0.17441	0.82528
48 A	0.00032	0.15106	0.84862
49 L	0.00032	0.14164	0.85804
50 Q	0.00038	0.03549	0.96414
51 D	0.00042	0.00180	0.99779
52 N	0.00042	0.00018	0.9994
53 P	0.00042	0.00010	0.99948
54 A	0.00041	0.00009	0.9995
55 Y	0.00040	0.00005	0.99954
56 P	0.00040	0.00005	0.99955
57 S	0.00040	0.00006	0.99954
58 F	0.00039	0.00008	0.99952
59 F	0.00039	0.00009	0.99952
60 P	0.00039	0.00009	0.99952
61 K	0.00039	0.00009	0.99951
62 D	0.00038	0.00013	0.99948
63 L	0.00018	0.00065	0.99917
64 T	0.00016	0.00071	0.99912
65 W	0.00008	0.00083	0.99908
66 N	0.00007	0.00084	0.99908
67 N	0.00007	0.00085	0.99908
68 F	0.00006	0.00088	0.99905
69 S	0.00006	0.00091	0.99903
70 F	0.00005	0.00157	0.99838
71 L	0.00004	0.00220	0.99776
72 F	0.00005	0.00265	0.99731
73 T	0.00006	0.00290	0.99704
74 R	0.00006	0.00340	0.99654
75 Y	0.00006	0.01583	0.98411
76 S	0.00006	0.02276	0.97718
77 L	0.00006	0.03956	0.96038
78 F	0.00009	0.05374	0.94618
79 S	0.00022	0.05606	0.94371
80 T	0.00025	0.06378	0.93596
81 F	0.00027	0.07385	0.92588
82 L	0.00030	0.08416	0.91554
83 K	0.00052	0.08574	0.91374
84 T	0.00037	0.15860	0.84103
85 L	0.00021	0.29041	0.70938
86 V	0.00018	0.42402	0.5758
87 V	0.00003	0.95156	0.0484
88 V	0.00003	0.98529	0.01467
89 F	0.00000	0.99560	0.00439
90 F	0.00001	0.99859	0.0014
91 S	0.00002	0.99906	0.00092
92 T	0.00002	0.99979	0.00018
93 V	0.00002	0.99994	4e-05
94 L	0.00004	0.99996	0
95 G	0.00007	0.99992	0
96 I	0.00016	0.99984	0
97 F	0.00049	0.99951	0
98 V	0.00307	0.99693	0
99 S	0.00447	0.99553	0
100 V	0.00556	0.99444	0
101 I	0.00734	0.99266	0
102 T	0.00834	0.99166	0
103 A	0.00958	0.99042	0
104 F	0.02111	0.97888	1e-05
105 A	0.05221	0.94777	1e-05
106 L	0.06351	0.93647	2e-05
107 S	0.11251	0.88723	0.00026
108 I	0.18294	0.81670	0.00036
109 L	0.30094	0.69866	0.00039
110 E	0.95636	0.04313	0.00051
111 F	0.98422	0.01527	0.00052
112 K	0.99898	0.00047	0.00055
113 T	0.99807	0.00138	0.00055
114 K	0.99647	0.00299	0.00055
115 K	0.93930	0.06017	0.00054
116 I	0.20725	0.79248	0.00027
117 I	0.07676	0.92305	0.00019
118 L	0.02503	0.97479	0.00018
119 G	0.00616	0.99367	0.00017
120 V	0.00115	0.99868	0.00017
121 F	0.00024	0.99959	0.00017
122 L	0.00006	0.99977	0.00017
123 I	0.00006	0.99977	0.00017
124 T	0.00006	0.99977	0.00017
125 T	0.00006	0.99977	0.00017
126 M	0.00006	0.99977	0.00017
127 I	0.00006	0.99977	0.00018
128 T	0.00006	0.99974	0.00021
129 T	0.00006	0.99968	0.00026
130 E	0.00006	0.99946	0.00049
131 S	0.00006	0.99888	0.00106
132 M	0.00006	0.99849	0.00145
133 F	0.00006	0.99687	0.00308
134 L	0.00009	0.95422	0.04569
135 T	0.00029	0.53240	0.46731
136 N	0.00037	0.34814	0.65148
137 Y	0.00038	0.33677	0.66285
138 Q	0.00041	0.31426	0.68533
139 T	0.00042	0.17020	0.82939
140 V	0.00042	0.06805	0.93153
141 A	0.00043	0.02368	0.9759
142 R	0.00044	0.00192	0.99764
143 L	0.00044	0.00091	0.99865
144 G	0.00044	0.00064	0.99892
145 F	0.00044	0.00034	0.99923
146 V	0.00044	0.00010	0.99946
147 D	0.00044	0.00002	0.99955
148 S	0.00044	0.00008	0.99949
149 G	0.00044	0.00343	0.99613
150 Q	0.00044	0.00753	0.99203
151 G	0.00044	0.01568	0.98389
152 T	0.00043	0.02502	0.97455
153 R	0.00042	0.18194	0.81764
154 V	0.00019	0.74954	0.25026
155 F	0.00005	0.93477	0.06518
156 G	0.00002	0.94853	0.05144
157 G	0.00001	0.96904	0.03095
158 I	0.00000	0.99828	0.00172
159 Y	0.00000	0.99965	0.00035
160 L	0.00000	0.99990	0.0001
161 A	0.00000	0.99998	2e-05
162 M	0.00000	0.99999	1e-05
163 I	0.00000	1.00000	0
164 L	0.00000	1.00000	0
165 P	0.00000	1.00000	0
166 F	0.00000	1.00000	0
167 L	0.00000	1.00000	0
168 I	0.00001	0.99999	0
169 N	0.00008	0.99992	0
170 V	0.00013	0.99987	0
171 F	0.00042	0.99958	0
172 H	0.00582	0.99417	0
173 I	0.01156	0.98844	0
174 F	0.03098	0.96900	1e-05
175 L	0.04926	0.95071	2e-05
176 L	0.24898	0.75096	7e-05
177 M	0.85989	0.13982	0.00029
178 Q	0.98989	0.00970	0.00041
179 N	0.99348	0.00609	0.00043
180 I	0.99472	0.00484	0.00043
181 K	0.99953	0.00003	0.00044
182 K	0.99955	0.00001	0.00044
183 I	0.99955	0.00001	0.00044
184 P	0.99955	0.00001	0.00044
185 K	0.99955	0.00001	0.00044
186 E	0.99955	0.00001	0.00044
187 L	0.99950	0.00006	0.00043
188 Y	0.99933	0.00023	0.00043
189 L	0.99930	0.00026	0.00043
190 S	0.99930	0.00027	0.00043
191 A	0.99930	0.00027	0.00043
192 K	0.99930	0.00027	0.00043
193 V	0.99929	0.00027	0.00043
194 D	0.99929	0.00027	0.00043
195 G	0.99928	0.00028	0.00043
196 S	0.99924	0.00032	0.00043
197 S	0.99896	0.00060	0.00043
198 D	0.99856	0.00101	0.00043
199 W	0.99661	0.00296	0.00042
200 I	0.99341	0.00617	0.00042
201 F	0.99141	0.00816	0.00042
202 L	0.99030	0.00927	0.00043
203 Y	0.99017	0.00940	0.00044
204 K	0.99014	0.00941	0.00045
205 I	0.98971	0.00984	0.00046
206 L	0.98938	0.01017	0.00046
207 T	0.98773	0.01180	0.00048
208 P	0.98184	0.01766	0.00051
209 L	0.94410	0.05539	0.00051
210 L	0.93908	0.06039	0.00054
211 R	0.93836	0.06096	0.00068
212 D	0.92545	0.07386	0.0007
213 N	0.55304	0.44630	0.00066
214 I	0.20093	0.79849	0.00058
215 I	0.18390	0.81553	0.00057
216 N	0.18027	0.81913	0.00059
217 I	0.07910	0.92034	0.00055
218 I	0.06141	0.93805	0.00053
219 I	0.04748	0.95192	0.0006
220 F	0.04672	0.95206	0.00122
221 R	0.04654	0.95096	0.0025
222 A	0.04043	0.95574	0.00383
223 V	0.03389	0.95988	0.00623
224 A	0.03259	0.95949	0.00792
225 A	0.03115	0.95932	0.00954
226 W	0.02963	0.95962	0.01074
227 N	0.02911	0.95864	0.01225
228 A	0.02873	0.95844	0.01283
229 Y	0.02836	0.95616	0.01549
230 L	0.02828	0.94935	0.02237
231 W	0.02826	0.85462	0.11712
232 P	0.02827	0.68387	0.28786
233 E	0.02827	0.58605	0.38568
234 L	0.02827	0.56137	0.41036
235 V	0.02828	0.53583	0.43589
236 G	0.02834	0.32066	0.651
237 G	0.02841	0.05202	0.91957
238 K	0.02843	0.03928	0.93229
239 L	0.02843	0.03907	0.93251
240 L	0.02844	0.03426	0.93731
241 T	0.02847	0.02930	0.94222
242 N	0.02848	0.01531	0.95622
243 M	0.02848	0.01497	0.95655
244 I	0.02848	0.01464	0.95688
245 R	0.02849	0.00840	0.96311
246 N	0.02849	0.00366	0.96785
247 I	0.02849	0.00247	0.96905
248 F	0.02849	0.00166	0.96985
249 D	0.02852	0.00014	0.97135
250 S	0.02852	0.00002	0.97146
251 E	0.02852	0.00000	0.97148
252 K	0.02852	0.00000	0.97148
253 N	0.02849	0.00008	0.97142
254 Q	0.02835	0.00143	0.97022
255 H	0.02327	0.10043	0.8763
256 L	0.02017	0.47485	0.50498
257 V	0.02002	0.50439	0.47559
258 N	0.01997	0.52324	0.45679
259 Q	0.01991	0.58748	0.39261
260 Q	0.01954	0.67807	0.30238
261 M	0.01019	0.93353	0.05628
262 A	0.00317	0.96837	0.02847
263 A	0.00247	0.97969	0.01784
264 T	0.00201	0.98982	0.00818
265 V	0.00153	0.99454	0.00392
266 L	0.00142	0.99695	0.00162
267 M	0.00141	0.99706	0.00153
268 T	0.00141	0.99708	0.00151
269 L	0.00140	0.99710	0.0015
270 P	0.00140	0.99710	0.0015
271 L	0.00140	0.99710	0.0015
272 V	0.00140	0.99710	0.0015
273 L	0.00141	0.99708	0.0015
274 L	0.00163	0.99684	0.00154
275 F	0.00237	0.99601	0.00161
276 V	0.00770	0.99053	0.00177
277 F	0.03247	0.96532	0.00221
278 C	0.22381	0.76804	0.00815
279 K	0.72205	0.26573	0.01222
280 R	0.73721	0.25029	0.01251
281 Y	0.73843	0.24900	0.01257
282 V	0.74288	0.24434	0.01279
283 L	0.77077	0.21606	0.01318
284 E	0.96176	0.01463	0.02362
285 G	0.97067	0.00089	0.02844
286 K	0.97132	0.00008	0.02861
287 L	0.97133	0.00007	0.02861
288 N	0.97137	0.00002	0.02861
289 S	0.97138	0.00001	0.02861
290 G	0.97138	0.00001	0.02861
291 I	0.97138	0.00000	0.02861
292 K	0.97139	0.00000	0.02861
293 G	0.97139	0.00000	0.02861
