# tr|Q2NK33|Q2NK33_AYWBP
# AA	inside	membr	outside
1 M	0.83120	0.00000	0.1688
2 S	0.83120	0.00000	0.1688
3 I	0.83120	0.00000	0.1688
4 K	0.83120	0.00000	0.1688
5 L	0.83120	0.00000	0.1688
6 S	0.83120	0.00000	0.1688
7 G	0.83120	0.00000	0.1688
8 T	0.83120	0.00000	0.1688
9 K	0.83120	0.00000	0.1688
10 S	0.83120	0.00000	0.1688
11 P	0.83120	0.00000	0.1688
12 K	0.83120	0.00000	0.1688
13 T	0.83120	0.00000	0.1688
14 D	0.83120	0.00000	0.1688
15 S	0.83120	0.00000	0.1688
16 T	0.83120	0.00000	0.1688
17 K	0.83120	0.00000	0.1688
18 I	0.83120	0.00000	0.1688
19 Q	0.83120	0.00000	0.1688
20 T	0.83120	0.00000	0.1688
21 N	0.83118	0.00003	0.1688
22 P	0.83116	0.00004	0.1688
23 K	0.83116	0.00004	0.1688
24 K	0.83091	0.00031	0.16879
25 N	0.82039	0.01200	0.1676
26 I	0.71848	0.12845	0.15307
27 T	0.57219	0.29366	0.13415
28 N	0.48810	0.38690	0.125
29 I	0.06374	0.91689	0.01937
30 L	0.00964	0.98646	0.0039
31 Y	0.00458	0.99380	0.00162
32 I	0.00121	0.99858	0.00022
33 I	0.00016	0.99980	3e-05
34 L	0.00001	0.99999	0
35 V	0.00000	1.00000	0
36 L	0.00000	1.00000	0
37 S	0.00000	1.00000	0
38 F	0.00000	1.00000	0
39 I	0.00000	1.00000	0
40 Y	0.00000	1.00000	0
41 I	0.00000	1.00000	0
42 P	0.00000	0.99998	2e-05
43 I	0.00000	0.99993	6e-05
44 L	0.00002	0.99921	0.00077
45 S	0.00009	0.99647	0.00344
46 L	0.00011	0.99554	0.00435
47 I	0.00021	0.99299	0.0068
48 I	0.00199	0.97761	0.0204
49 F	0.01957	0.84556	0.13487
50 S	0.04609	0.64523	0.30867
51 F	0.05733	0.55302	0.38965
52 N	0.15661	0.04623	0.79716
53 K	0.16827	0.00110	0.83063
54 S	0.16867	0.00045	0.83088
55 E	0.16877	0.00039	0.83083
56 G	0.16868	0.00139	0.82993
57 R	0.16868	0.00159	0.82973
58 I	0.16834	0.00309	0.82858
59 A	0.16832	0.00339	0.82828
60 S	0.16829	0.00347	0.82824
61 L	0.16828	0.00377	0.82794
62 V	0.16828	0.00379	0.82793
63 N	0.16828	0.00379	0.82793
64 W	0.16828	0.00379	0.82793
65 Q	0.16828	0.00379	0.82793
66 G	0.16828	0.00379	0.82793
67 F	0.16828	0.00379	0.82793
68 S	0.16828	0.00379	0.82793
69 F	0.16829	0.00378	0.82793
70 K	0.16830	0.00377	0.82793
71 W	0.16830	0.00377	0.82793
72 Y	0.16832	0.00375	0.82793
73 S	0.16840	0.00354	0.82805
74 K	0.16896	0.00288	0.82816
75 L	0.16905	0.00286	0.82809
76 W	0.16997	0.00198	0.82806
77 T	0.17122	0.00073	0.82806
78 D	0.17154	0.00022	0.82824
79 Q	0.17155	0.00057	0.82789
80 T	0.17150	0.00213	0.82638
81 V	0.17143	0.00410	0.82446
82 K	0.17139	0.00532	0.82329
83 T	0.16964	0.11710	0.71326
84 A	0.16799	0.17324	0.65877
85 I	0.16705	0.20355	0.6294
86 K	0.15288	0.24267	0.60445
87 I	0.10934	0.69030	0.20037
88 T	0.07223	0.87198	0.05579
89 L	0.01169	0.95765	0.03067
90 Y	0.00467	0.98228	0.01306
91 I	0.00104	0.99381	0.00516
92 A	0.00065	0.99702	0.00234
93 C	0.00051	0.99792	0.00156
94 L	0.00046	0.99861	0.00093
95 T	0.00046	0.99895	0.0006
96 T	0.00045	0.99924	0.00031
97 L	0.00044	0.99941	0.00015
98 I	0.00046	0.99943	0.00012
99 S	0.00051	0.99937	0.00012
100 T	0.00053	0.99935	0.00012
101 F	0.00055	0.99932	0.00013
102 L	0.00085	0.99899	0.00016
103 G	0.00270	0.99700	0.00029
104 T	0.00545	0.99405	0.0005
105 F	0.01308	0.98605	0.00086
106 S	0.15334	0.84290	0.00375
107 A	0.21940	0.77482	0.00578
108 I	0.25671	0.73621	0.00708
109 S	0.31500	0.62641	0.05859
110 L	0.63630	0.28015	0.08354
111 A	0.76713	0.10817	0.12471
112 Q	0.79294	0.04340	0.16367
113 N	0.81499	0.01732	0.1677
114 L	0.82224	0.00701	0.17075
115 N	0.82718	0.00172	0.1711
116 K	0.82864	0.00012	0.17124
117 K	0.82872	0.00004	0.17124
118 W	0.82838	0.00039	0.17123
119 R	0.82829	0.00049	0.17122
120 N	0.82683	0.00206	0.17111
121 I	0.79842	0.03241	0.16918
122 V	0.76959	0.06168	0.16873
123 L	0.74502	0.08901	0.16598
124 D	0.74313	0.09321	0.16367
125 V	0.53991	0.31915	0.14094
126 S	0.36877	0.50324	0.12798
127 N	0.30941	0.56593	0.12466
128 F	0.17729	0.76397	0.05874
129 S	0.12988	0.82854	0.04158
130 I	0.02042	0.95934	0.02024
131 V	0.00223	0.99427	0.00351
132 I	0.00114	0.99671	0.00214
133 P	0.00107	0.99739	0.00154
134 E	0.00102	0.99764	0.00134
135 I	0.00044	0.99907	0.00049
136 I	0.00028	0.99955	0.00017
137 T	0.00023	0.99965	0.00012
138 A	0.00017	0.99973	0.0001
139 L	0.00016	0.99970	0.00014
140 A	0.00015	0.99968	0.00017
141 L	0.00015	0.99959	0.00026
142 F	0.00015	0.99951	0.00034
143 V	0.00019	0.99658	0.00322
144 I	0.00085	0.96886	0.03029
145 F	0.00161	0.93966	0.05873
146 G	0.01095	0.90380	0.08524
147 F	0.01720	0.89170	0.0911
148 M	0.04824	0.60056	0.3512
149 G	0.05952	0.32600	0.61449
150 L	0.06609	0.24194	0.69197
151 E	0.15000	0.06450	0.7855
152 S	0.13625	0.09567	0.76807
153 G	0.13106	0.10932	0.75963
154 F	0.12436	0.14096	0.73468
155 W	0.12141	0.15662	0.72196
156 K	0.12163	0.15910	0.71927
157 M	0.04928	0.49847	0.45225
158 L	0.03007	0.81491	0.15502
159 L	0.02415	0.87829	0.09756
160 A	0.02291	0.91484	0.06225
161 H	0.02241	0.91675	0.06084
162 I	0.02197	0.91955	0.05848
163 S	0.02187	0.92041	0.05773
164 F	0.02186	0.92062	0.05752
165 C	0.02186	0.92068	0.05746
166 T	0.02187	0.92069	0.05744
167 P	0.02187	0.92073	0.0574
168 F	0.02186	0.92075	0.05739
169 V	0.02187	0.92074	0.05739
170 V	0.02199	0.92062	0.05738
171 I	0.02319	0.91929	0.05752
172 T	0.03576	0.90427	0.05996
173 V	0.04170	0.89677	0.06153
174 Y	0.06359	0.86875	0.06766
175 P	0.20040	0.67133	0.12827
176 K	0.26501	0.57465	0.16034
177 V	0.27077	0.56634	0.16289
178 I	0.30095	0.53321	0.16584
179 N	0.39250	0.42934	0.17816
180 L	0.50702	0.29741	0.19556
181 D	0.78177	0.01271	0.20553
182 P	0.79018	0.00346	0.20636
183 H	0.79289	0.00048	0.20664
184 S	0.79295	0.00040	0.20665
185 L	0.79274	0.00068	0.20658
186 E	0.79278	0.00064	0.20657
187 A	0.79250	0.00113	0.20637
188 A	0.79246	0.00126	0.20627
189 Y	0.79246	0.00129	0.20625
190 D	0.79250	0.00125	0.20625
191 L	0.79201	0.00176	0.20623
192 G	0.79169	0.00209	0.20622
193 A	0.79078	0.00301	0.20621
194 T	0.79057	0.00323	0.2062
195 P	0.78765	0.00617	0.20619
196 L	0.78602	0.00780	0.20618
197 K	0.78419	0.00967	0.20614
198 A	0.74650	0.04802	0.20548
199 L	0.66487	0.13206	0.20307
200 T	0.64132	0.15588	0.2028
201 K	0.55609	0.24197	0.20194
202 V	0.43282	0.38363	0.18355
203 I	0.40086	0.41909	0.18005
204 L	0.36962	0.45145	0.17893
205 P	0.36720	0.45392	0.17888
206 Q	0.35667	0.46476	0.17857
207 L	0.33550	0.48597	0.17853
208 K	0.33239	0.48886	0.17876
209 G	0.24936	0.57665	0.17399
210 A	0.18042	0.66178	0.15781
211 M	0.09817	0.75636	0.14547
212 L	0.04807	0.81916	0.13277
213 L	0.03119	0.83881	0.13
214 G	0.02962	0.84082	0.12956
215 A	0.02795	0.84313	0.12892
216 M	0.02561	0.84460	0.12979
217 L	0.02383	0.84511	0.13106
218 S	0.02336	0.83385	0.14279
219 F	0.02332	0.82801	0.14867
220 S	0.02472	0.80476	0.17052
221 L	0.02562	0.76246	0.21192
222 S	0.04009	0.61127	0.34864
223 F	0.04232	0.56833	0.38935
224 D	0.04972	0.41828	0.532
225 D	0.05087	0.38142	0.5677
226 F	0.04223	0.38983	0.56794
227 M	0.04139	0.38526	0.57335
228 I	0.03407	0.38843	0.5775
229 S	0.03380	0.35810	0.6081
230 Y	0.03331	0.34359	0.6231
231 F	0.03351	0.33177	0.63472
232 V	0.03789	0.26904	0.69307
233 G	0.05530	0.19740	0.74731
234 G	0.06847	0.10606	0.82547
235 S	0.08203	0.04234	0.87563
236 E	0.08412	0.02164	0.89424
237 C	0.08424	0.02120	0.89455
238 Q	0.08436	0.02099	0.89464
239 N	0.08430	0.02100	0.89469
240 I	0.08410	0.02144	0.89446
241 S	0.08373	0.02224	0.89404
242 A	0.08284	0.02493	0.89223
243 Y	0.08049	0.03177	0.88774
244 I	0.06910	0.04610	0.8848
245 Y	0.06507	0.04967	0.88526
246 S	0.06477	0.04036	0.89488
247 L	0.06476	0.03968	0.89556
248 K	0.06571	0.03448	0.8998
249 G	0.06442	0.08569	0.84989
250 T	0.06324	0.26633	0.67043
251 I	0.06201	0.34871	0.58928
252 N	0.06030	0.36996	0.56974
253 P	0.04935	0.55587	0.39478
254 T	0.04278	0.66552	0.2917
255 V	0.03084	0.86071	0.10845
256 N	0.03019	0.88542	0.0844
257 A	0.02974	0.93510	0.03516
258 L	0.02924	0.95476	0.01599
259 S	0.02923	0.95742	0.01335
260 T	0.02923	0.96120	0.00957
261 I	0.02924	0.96213	0.00863
262 L	0.02926	0.96218	0.00856
263 I	0.02936	0.96195	0.00868
264 I	0.02965	0.96129	0.00906
265 I	0.03069	0.95925	0.01005
266 A	0.03461	0.95255	0.01285
267 S	0.03968	0.93560	0.02471
268 S	0.04223	0.92889	0.02888
269 K	0.04769	0.92228	0.03003
270 I	0.04810	0.92182	0.03008
271 I	0.05040	0.91930	0.0303
272 L	0.10368	0.86322	0.03309
273 N	0.41903	0.53859	0.04238
274 S	0.50981	0.44471	0.04549
275 I	0.55222	0.39901	0.04877
276 K	0.71300	0.22613	0.06087
277 Y	0.77355	0.16446	0.06198
278 N	0.90773	0.02627	0.06601
279 N	0.91979	0.01410	0.06612
280 Q	0.93279	0.00106	0.06615
281 K	0.93382	0.00001	0.06617
282 K	0.93384	0.00000	0.06617
283 P	0.93384	0.00000	0.06617
284 K	0.93384	0.00000	0.06617
285 E	0.93384	0.00000	0.06617
286 K	0.93384	0.00000	0.06617
287 P	0.93384	0.00000	0.06617
288 K	0.93384	0.00000	0.06617
289 N	0.93384	0.00000	0.06617
290 R	0.93384	0.00000	0.06617
291 S	0.93384	0.00000	0.06617
292 R	0.93384	0.00000	0.06617
293 G	0.93384	0.00000	0.06617
294 K	0.93384	0.00000	0.06617
295 Q	0.93384	0.00000	0.06617
296 Q	0.93384	0.00000	0.06617
