# tr|Q2NJ41|Q2NJ41_AYWBP
# AA	inside	membr	outside
1 M	0.99618	0.00000	0.00382
2 K	0.99618	0.00000	0.00382
3 K	0.99618	0.00000	0.00382
4 D	0.99618	0.00000	0.00382
5 K	0.99610	0.00008	0.00382
6 Q	0.99610	0.00009	0.00381
7 I	0.60781	0.38839	0.0038
8 K	0.60780	0.38839	0.0038
9 I	0.03768	0.95916	0.00316
10 F	0.03753	0.96206	0.00041
11 G	0.03410	0.96554	0.00036
12 F	0.00492	0.99477	0.00031
13 H	0.00010	0.99965	0.00026
14 P	0.00009	0.99965	0.00026
15 L	0.00009	0.99990	0
16 M	0.00007	0.99993	0
17 F	0.00000	1.00000	0
18 L	0.00000	1.00000	0
19 F	0.00000	1.00000	0
20 F	0.00000	1.00000	0
21 V	0.00000	1.00000	0
22 V	0.00000	1.00000	0
23 V	0.00000	0.99999	1e-05
24 Y	0.00000	0.99996	4e-05
25 A	0.00000	0.99449	0.00551
26 L	0.00000	0.99332	0.00667
27 H	0.00004	0.97424	0.02572
28 L	0.00016	0.96627	0.03357
29 F	0.00023	0.91477	0.085
30 A	0.00048	0.48771	0.51181
31 V	0.00085	0.45642	0.54273
32 K	0.00245	0.00376	0.99379
33 E	0.00377	0.00189	0.99434
34 W	0.00377	0.00184	0.99439
35 G	0.00379	0.00135	0.99485
36 I	0.00379	0.00171	0.9945
37 K	0.00380	0.00196	0.99424
38 K	0.00294	0.01131	0.98574
39 L	0.00130	0.41339	0.58531
40 Y	0.00114	0.44976	0.5491
41 H	0.00104	0.71255	0.28641
42 P	0.00087	0.80485	0.19428
43 L	0.00017	0.87222	0.12761
44 L	0.00001	0.96494	0.03504
45 T	0.00001	0.96778	0.03221
46 P	0.00001	0.99901	0.00098
47 L	0.00001	0.99928	0.00071
48 F	0.00001	0.99972	0.00027
49 I	0.00001	0.99991	8e-05
50 I	0.00001	0.99993	7e-05
51 F	0.00001	0.99994	5e-05
52 I	0.00001	0.99994	5e-05
53 L	0.00001	0.99994	5e-05
54 G	0.00002	0.99993	5e-05
55 Y	0.00005	0.99990	5e-05
56 G	0.00028	0.99963	9e-05
57 L	0.00202	0.99786	0.00013
58 N	0.03345	0.96629	0.00026
59 F	0.08136	0.91835	0.00028
60 I	0.20635	0.79329	0.00036
61 G	0.38801	0.60989	0.0021
62 D	0.90479	0.09161	0.0036
63 S	0.90381	0.09255	0.00364
64 V	0.88952	0.10699	0.00349
65 P	0.88527	0.11126	0.00347
66 Y	0.79774	0.19878	0.00348
67 L	0.74151	0.25497	0.00351
68 N	0.51951	0.47700	0.0035
69 K	0.51789	0.47866	0.00346
70 I	0.28606	0.71235	0.00159
71 G	0.18279	0.81690	0.00031
72 L	0.06309	0.93676	0.00015
73 G	0.00803	0.99183	0.00014
74 F	0.00027	0.99959	0.00013
75 L	0.00018	0.99968	0.00013
76 L	0.00018	0.99969	0.00013
77 C	0.00018	0.99969	0.00013
78 I	0.00018	0.99969	0.00013
79 F	0.00018	0.99969	0.00013
80 V	0.00018	0.99968	0.00014
81 P	0.00018	0.99963	0.00018
82 S	0.00018	0.99956	0.00026
83 Y	0.00018	0.99909	0.00073
84 L	0.00018	0.99510	0.00472
85 V	0.00019	0.98443	0.01538
86 Y	0.00024	0.92179	0.07797
87 R	0.00047	0.83176	0.16777
88 G	0.00066	0.78354	0.2158
89 W	0.00080	0.74853	0.25066
90 I	0.00185	0.63520	0.36294
91 P	0.00353	0.10409	0.89238
92 K	0.00390	0.00515	0.99096
93 D	0.00391	0.00047	0.99563
94 L	0.00391	0.00035	0.99575
95 A	0.00391	0.00026	0.99584
96 D	0.00391	0.00001	0.99609
97 K	0.00391	0.00000	0.99609
98 C	0.00391	0.00000	0.99609
99 N	0.00391	0.00000	0.99609
100 E	0.00391	0.00000	0.99609
101 N	0.00391	0.00000	0.99609
102 F	0.00391	0.00000	0.99609
103 F	0.00391	0.00000	0.99609
104 S	0.00391	0.00000	0.99609
105 T	0.00391	0.00001	0.99609
106 K	0.00391	0.00001	0.99609
107 T	0.00384	0.00016	0.996
108 P	0.00381	0.00047	0.99573
109 N	0.00369	0.01074	0.98556
110 N	0.00271	0.31772	0.67957
111 H	0.00223	0.41433	0.58344
112 L	0.00185	0.60922	0.38893
113 G	0.00182	0.72630	0.27188
114 S	0.00180	0.76541	0.23279
115 D	0.00177	0.86674	0.13149
116 F	0.00163	0.96056	0.03781
117 A	0.00162	0.97642	0.02195
118 N	0.00162	0.99118	0.00721
119 F	0.00162	0.99422	0.00416
120 F	0.00162	0.99554	0.00284
121 I	0.00162	0.99556	0.00282
122 T	0.00162	0.99557	0.00282
123 C	0.00162	0.99557	0.00282
124 V	0.00162	0.99557	0.00281
125 I	0.00162	0.99557	0.00282
126 A	0.00163	0.99556	0.00282
127 G	0.00163	0.99555	0.00282
128 S	0.00176	0.99543	0.00282
129 I	0.00208	0.99510	0.00282
130 L	0.00324	0.99328	0.00347
131 S	0.01186	0.98436	0.00378
132 V	0.19187	0.80408	0.00405
133 D	0.89381	0.10134	0.00486
134 R	0.91193	0.08312	0.00494
135 N	0.91465	0.08028	0.00508
136 L	0.91659	0.07833	0.00508
137 L	0.91791	0.07700	0.00509
138 K	0.99141	0.00349	0.0051
139 R	0.99423	0.00067	0.0051
140 S	0.99265	0.00226	0.0051
141 L	0.98745	0.00746	0.00509
142 S	0.98439	0.01054	0.00507
143 K	0.97265	0.02234	0.00502
144 F	0.11115	0.88696	0.00189
145 L	0.01440	0.98450	0.00111
146 P	0.00668	0.99261	0.00072
147 L	0.00304	0.99694	3e-05
148 T	0.00270	0.99729	1e-05
149 L	0.00039	0.99961	0
150 I	0.00009	0.99991	0
151 I	0.00002	0.99998	0
152 C	0.00000	1.00000	0
153 L	0.00000	1.00000	0
154 I	0.00000	1.00000	0
155 A	0.00000	1.00000	0
156 I	0.00000	1.00000	0
157 L	0.00000	1.00000	0
158 N	0.00000	0.99997	3e-05
159 V	0.00000	0.99994	6e-05
160 G	0.00000	0.99985	0.00014
161 F	0.00000	0.99970	0.0003
162 V	0.00001	0.99696	0.00303
163 G	0.00004	0.99138	0.00857
164 Y	0.00008	0.97459	0.02533
165 L	0.00016	0.94408	0.05576
166 F	0.00041	0.90881	0.09078
167 N	0.00392	0.07933	0.91675
168 Y	0.00458	0.02435	0.97107
169 Q	0.00503	0.00540	0.98958
170 K	0.00510	0.00007	0.99483
171 P	0.00510	0.00005	0.99485
172 E	0.00510	0.00004	0.99486
173 G	0.00499	0.00038	0.99463
174 F	0.00498	0.00046	0.99456
175 S	0.00497	0.00051	0.99452
176 T	0.00497	0.00248	0.99255
177 Q	0.00497	0.00322	0.99181
178 G	0.00445	0.00804	0.9875
179 S	0.00419	0.02024	0.97558
180 F	0.00407	0.03212	0.96381
181 L	0.00400	0.50493	0.49107
182 D	0.00394	0.54512	0.45094
183 S	0.00370	0.59225	0.40404
184 I	0.00358	0.70756	0.28886
185 F	0.00316	0.74610	0.25075
186 Y	0.00239	0.91965	0.07796
187 V	0.00223	0.92320	0.07457
188 A	0.00222	0.92458	0.0732
189 V	0.00221	0.92552	0.07226
190 P	0.00222	0.92587	0.07191
191 L	0.00224	0.92600	0.07176
192 T	0.00229	0.92596	0.07175
193 N	0.00233	0.92592	0.07176
194 G	0.00241	0.92587	0.07172
195 G	0.00251	0.92581	0.07168
196 T	0.00319	0.92507	0.07174
197 N	0.00335	0.92487	0.07178
198 L	0.00352	0.92468	0.07179
199 G	0.00534	0.92283	0.07183
200 I	0.00792	0.92022	0.07186
201 N	0.02119	0.90641	0.0724
202 G	0.03818	0.88930	0.07252
203 F	0.05900	0.86839	0.07261
204 A	0.63271	0.29455	0.07273
205 N	0.73764	0.18912	0.07325
206 G	0.77379	0.15290	0.07331
207 I	0.78587	0.14078	0.07334
208 Y	0.81532	0.11108	0.07359
209 K	0.92369	0.00189	0.07442
210 E	0.92460	0.00091	0.07449
211 A	0.92472	0.00079	0.07449
212 F	0.92504	0.00047	0.07449
213 P	0.92549	0.00002	0.07449
214 Q	0.92550	0.00001	0.07449
215 L	0.92550	0.00001	0.07449
216 D	0.92551	0.00000	0.07449
217 Q	0.92550	0.00001	0.07449
218 K	0.92546	0.00007	0.07446
219 T	0.92385	0.00315	0.07299
220 I	0.91159	0.01622	0.07219
221 R	0.90435	0.02383	0.07182
222 T	0.88456	0.05016	0.06528
223 A	0.73404	0.21696	0.04899
224 I	0.05848	0.93830	0.00322
225 I	0.03790	0.96025	0.00185
226 V	0.03544	0.96292	0.00165
227 P	0.03407	0.96446	0.00148
228 L	0.00575	0.99412	0.00013
229 I	0.00018	0.99981	1e-05
230 M	0.00015	0.99984	0
231 A	0.00014	0.99985	0
232 R	0.00014	0.99986	0
233 C	0.00014	0.99986	0
234 L	0.00014	0.99986	0
235 S	0.00014	0.99986	0
236 I	0.00014	0.99986	0
237 L	0.00014	0.99985	1e-05
238 F	0.00014	0.99985	1e-05
239 A	0.00016	0.99973	0.0001
240 G	0.00020	0.99935	0.00045
241 L	0.00029	0.99887	0.00084
242 M	0.00198	0.99399	0.00403
243 Y	0.00261	0.98042	0.01697
244 V	0.00292	0.96814	0.02894
245 V	0.00867	0.93556	0.05577
246 F	0.02397	0.75809	0.21793
247 D	0.07383	0.01598	0.91019
248 K	0.07462	0.00020	0.92518
249 T	0.07462	0.00013	0.92525
250 K	0.07462	0.00005	0.92532
251 F	0.07462	0.00002	0.92535
252 S	0.07463	0.00000	0.92537
253 G	0.07463	0.00000	0.92537
254 K	0.07463	0.00000	0.92537
255 G	0.07463	0.00000	0.92537
256 K	0.07463	0.00000	0.92537
257 L	0.07463	0.00000	0.92537
258 E	0.07463	0.00000	0.92537
259 Y	0.07463	0.00000	0.92537
260 K	0.07463	0.00000	0.92537
261 N	0.07463	0.00000	0.92537
262 N	0.07463	0.00000	0.92537
263 K	0.07463	0.00000	0.92537
264 L	0.07463	0.00000	0.92537
265 T	0.07463	0.00000	0.92537
266 P	0.07463	0.00000	0.92537
267 K	0.07463	0.00000	0.92537
268 P	0.07463	0.00000	0.92537
269 T	0.07463	0.00000	0.92537
270 E	0.07462	0.00000	0.92537
271 K	0.07462	0.00007	0.92531
272 K	0.07458	0.00158	0.92384
273 I	0.07276	0.05253	0.8747
274 P	0.07146	0.06648	0.86206
275 L	0.05775	0.10890	0.83335
276 E	0.05709	0.11606	0.82684
277 Y	0.05074	0.14288	0.80638
278 K	0.04952	0.15523	0.79526
279 N	0.03118	0.35093	0.61788
280 I	0.00342	0.83145	0.16512
281 G	0.00105	0.87993	0.11902
282 M	0.00067	0.89533	0.104
283 G	0.00056	0.90492	0.09452
284 L	0.00052	0.91039	0.08909
285 T	0.00049	0.91190	0.08761
286 M	0.00045	0.91285	0.0867
287 I	0.00032	0.91405	0.08563
288 F	0.00030	0.91423	0.08547
289 V	0.00030	0.91431	0.08539
290 L	0.00031	0.91435	0.08534
291 F	0.00040	0.91413	0.08547
292 S	0.00117	0.91294	0.08589
293 L	0.00288	0.91081	0.08631
294 S	0.01834	0.89500	0.08666
295 G	0.03652	0.87661	0.08687
296 L	0.08354	0.82834	0.08812
297 L	0.17541	0.72298	0.10161
298 N	0.52015	0.33173	0.14812
299 K	0.64646	0.20029	0.15325
300 L	0.45403	0.43290	0.11307
301 L	0.34230	0.61432	0.04339
302 W	0.20835	0.77641	0.01523
303 A	0.28497	0.70526	0.00977
304 Y	0.13886	0.85153	0.00961
305 L	0.12643	0.86387	0.00969
306 E	0.12504	0.86603	0.00893
307 S	0.04825	0.94822	0.00352
308 L	0.01997	0.97977	0.00026
309 V	0.00328	0.99662	0.0001
310 Y	0.00278	0.99714	8e-05
311 F	0.00270	0.99722	8e-05
312 I	0.00272	0.99720	8e-05
313 L	0.00277	0.99715	8e-05
314 F	0.00286	0.99706	8e-05
315 L	0.00304	0.99687	0.0001
316 I	0.00323	0.99666	0.00012
317 L	0.00361	0.99606	0.00033
318 I	0.00629	0.98975	0.00397
319 R	0.01534	0.96051	0.02415
320 I	0.01701	0.94952	0.03347
321 F	0.01982	0.91154	0.06864
322 N	0.03340	0.68577	0.28083
323 L	0.06318	0.50674	0.43007
324 L	0.13151	0.22655	0.64194
325 S	0.15276	0.11068	0.73656
326 Q	0.16450	0.05221	0.78328
327 E	0.16531	0.00546	0.82923
328 N	0.16533	0.00236	0.83231
329 Q	0.16532	0.00149	0.83319
330 S	0.16478	0.00171	0.83351
331 H	0.16455	0.00732	0.82813
332 I	0.16399	0.01798	0.81803
333 S	0.16382	0.03994	0.79624
334 Q	0.16364	0.04625	0.79011
335 A	0.15964	0.06384	0.77652
336 G	0.15713	0.08280	0.76007
337 Q	0.15641	0.08774	0.75584
338 V	0.14859	0.11214	0.73927
339 I	0.14717	0.11436	0.73847
340 S	0.14704	0.11458	0.73838
341 K	0.14699	0.11475	0.73826
342 N	0.14551	0.11775	0.73674
343 F	0.14295	0.12486	0.7322
344 T	0.14233	0.12578	0.7319
345 T	0.14216	0.12623	0.73162
346 P	0.14211	0.12638	0.73151
347 I	0.14206	0.12656	0.73139
348 L	0.14205	0.12657	0.73138
349 A	0.14207	0.12654	0.73139
350 G	0.14215	0.12642	0.73144
351 L	0.14234	0.12621	0.73145
352 G	0.14355	0.12479	0.73167
353 M	0.14643	0.12096	0.73262
354 T	0.15832	0.10817	0.73351
355 V	0.17439	0.08960	0.73602
356 K	0.22241	0.03559	0.74201
357 W	0.22484	0.03272	0.74244
358 Q	0.23550	0.01810	0.7464
359 Q	0.23623	0.01741	0.74637
360 L	0.23620	0.01896	0.74484
361 M	0.23905	0.02029	0.74066
362 G	0.23534	0.02502	0.73964
363 G	0.22911	0.04335	0.72754
364 I	0.22336	0.08504	0.69161
365 K	0.22209	0.10191	0.67601
366 Q	0.15399	0.43516	0.41085
367 I	0.07332	0.67505	0.25162
368 P	0.05148	0.74466	0.20387
369 V	0.01828	0.89271	0.08901
370 L	0.01178	0.94867	0.03955
371 T	0.01017	0.97493	0.01489
372 M	0.00672	0.98808	0.00521
373 V	0.00316	0.99467	0.00216
374 L	0.00096	0.99835	0.00069
375 T	0.00064	0.99905	0.00031
376 A	0.00021	0.99966	0.00012
377 L	0.00003	0.99991	5e-05
378 L	0.00002	0.99994	4e-05
379 V	0.00002	0.99994	4e-05
380 V	0.00004	0.99991	5e-05
381 V	0.00011	0.99982	7e-05
382 L	0.00050	0.99932	0.00019
383 I	0.00182	0.99773	0.00045
384 S	0.01439	0.97991	0.00569
385 F	0.01805	0.97101	0.01093
386 V	0.04523	0.92970	0.02507
387 L	0.16613	0.76401	0.06986
388 S	0.31997	0.57117	0.10886
389 K	0.62992	0.15718	0.21291
390 A	0.57438	0.20604	0.21958
391 F	0.56393	0.22045	0.21562
392 G	0.59066	0.18883	0.22052
393 F	0.56000	0.22111	0.21889
394 Y	0.56833	0.21132	0.22035
395 P	0.49101	0.28558	0.22341
396 F	0.47699	0.31047	0.21255
397 E	0.47648	0.31470	0.20882
398 T	0.41671	0.46980	0.11349
399 S	0.24017	0.66788	0.09195
400 L	0.08233	0.84495	0.07271
401 T	0.05557	0.89293	0.0515
402 A	0.04908	0.91297	0.03795
403 G	0.04530	0.92206	0.03264
404 L	0.04208	0.92577	0.03215
405 G	0.04199	0.92588	0.03213
406 A	0.04197	0.92592	0.03211
407 L	0.04196	0.92588	0.03215
408 S	0.04199	0.92408	0.03393
409 V	0.04201	0.92368	0.03431
410 G	0.04213	0.92032	0.03755
411 G	0.04238	0.91684	0.04078
412 T	0.04261	0.90540	0.05199
413 G	0.04399	0.81781	0.1382
414 H	0.05154	0.80240	0.14606
415 L	0.05347	0.79322	0.15331
416 G	0.05816	0.75445	0.18739
417 I	0.05920	0.72807	0.21273
418 M	0.07553	0.50979	0.41467
419 S	0.10398	0.43351	0.4625
420 I	0.12807	0.39537	0.47655
421 S	0.23152	0.21288	0.5556
422 K	0.25386	0.01580	0.73033
423 R	0.25510	0.00046	0.74444
424 D	0.25443	0.00095	0.74461
425 N	0.21358	0.04779	0.73863
426 L	0.12967	0.19524	0.67509
427 L	0.02600	0.56269	0.41131
428 P	0.02384	0.58466	0.3915
429 F	0.01944	0.61316	0.3674
430 I	0.01774	0.70611	0.27614
431 M	0.01328	0.89346	0.09326
432 I	0.00161	0.97999	0.0184
433 A	0.00089	0.98545	0.01366
434 T	0.00067	0.98678	0.01255
435 R	0.00057	0.99086	0.00858
436 I	0.00018	0.99944	0.00039
437 I	0.00004	0.99989	7e-05
438 G	0.00003	0.99991	6e-05
439 P	0.00002	0.99992	6e-05
440 I	0.00002	0.99992	5e-05
441 I	0.00002	0.99992	5e-05
442 Y	0.00002	0.99991	6e-05
443 T	0.00003	0.99969	0.00028
444 L	0.00005	0.99925	0.00071
445 A	0.00034	0.99740	0.00226
446 Y	0.00092	0.99376	0.00533
447 F	0.00269	0.98542	0.01189
448 L	0.00934	0.94044	0.05021
449 F	0.08409	0.78598	0.12993
450 K	0.40415	0.35811	0.23775
451 F	0.41657	0.34483	0.2386
452 F	0.43528	0.32451	0.24021
453 Y	0.50785	0.25062	0.24153
454 M	0.68518	0.06910	0.24572
455 S	0.74474	0.00000	0.25525
