# tr|Q2NJB6|Q2NJB6_AYWBP
# AA	inside	membr	outside
1 M	0.59083	0.00000	0.40916
2 P	0.59083	0.00000	0.40916
3 R	0.59083	0.00000	0.40916
4 K	0.59083	0.00000	0.40916
5 A	0.59083	0.00000	0.40916
6 A	0.59083	0.00000	0.40916
7 P	0.59082	0.00001	0.40916
8 R	0.59082	0.00001	0.40916
9 D	0.59081	0.00002	0.40916
10 N	0.59081	0.00013	0.40906
11 A	0.59071	0.00024	0.40904
12 V	0.58964	0.00133	0.40903
13 I	0.58927	0.00170	0.40902
14 E	0.58927	0.00170	0.40902
15 N	0.58927	0.00179	0.40893
16 F	0.58927	0.00179	0.40893
17 F	0.58927	0.00180	0.40893
18 G	0.58927	0.00180	0.40893
19 Q	0.58927	0.00180	0.40893
20 M	0.58927	0.00180	0.40893
21 K	0.58926	0.00180	0.40893
22 S	0.58926	0.00180	0.40893
23 I	0.58925	0.00181	0.40893
24 L	0.58925	0.00182	0.40893
25 F	0.58925	0.00182	0.40893
26 Y	0.58925	0.00182	0.40893
27 R	0.58926	0.00171	0.40903
28 D	0.58927	0.00166	0.40906
29 P	0.58922	0.00173	0.40905
30 F	0.58905	0.00182	0.40914
31 L	0.58905	0.00145	0.40949
32 F	0.58908	0.00070	0.41022
33 Q	0.58921	0.00044	0.41036
34 N	0.58922	0.00040	0.41038
35 P	0.58923	0.00036	0.4104
36 M	0.58923	0.00036	0.41041
37 T	0.58924	0.00035	0.41041
38 K	0.58924	0.00034	0.41042
39 M	0.58924	0.00035	0.41042
40 K	0.58923	0.00035	0.41042
41 T	0.58920	0.00043	0.41037
42 I	0.58912	0.00053	0.41035
43 I	0.58909	0.00057	0.41034
44 N	0.58908	0.00057	0.41034
45 Q	0.58907	0.00058	0.41034
46 F	0.58885	0.00081	0.41034
47 P	0.58882	0.00084	0.41034
48 A	0.58866	0.00099	0.41035
49 F	0.58863	0.00100	0.41036
50 W	0.58864	0.00088	0.41048
51 N	0.58866	0.00081	0.41053
52 K	0.58870	0.00074	0.41057
53 K	0.58870	0.00073	0.41057
54 W	0.58870	0.00073	0.41057
55 I	0.58870	0.00073	0.41057
56 L	0.58870	0.00073	0.41057
57 A	0.58870	0.00072	0.41058
58 K	0.58871	0.00070	0.41059
59 L	0.58871	0.00070	0.41059
60 N	0.58871	0.00068	0.4106
61 Y	0.58871	0.00068	0.41061
62 L	0.58872	0.00066	0.41062
63 S	0.58873	0.00063	0.41063
64 P	0.58877	0.00053	0.4107
65 I	0.58879	0.00046	0.41074
66 Q	0.58880	0.00018	0.41102
67 Y	0.58880	0.00014	0.41107
68 A	0.58880	0.00000	0.4112
