# tr|Q2NK74|Q2NK74_AYWBP
# AA	inside	membr	outside
1 M	0.23485	0.00000	0.76515
2 S	0.23485	0.00000	0.76515
3 I	0.23485	0.00000	0.76515
4 E	0.23485	0.00000	0.76515
5 N	0.23485	0.00000	0.76515
6 E	0.23485	0.00000	0.76515
7 Q	0.23485	0.00000	0.76515
8 S	0.23485	0.00000	0.76515
9 S	0.23485	0.00000	0.76515
10 P	0.23485	0.00000	0.76515
11 D	0.23485	0.00000	0.76515
12 N	0.23485	0.00000	0.76515
13 K	0.23485	0.00000	0.76515
14 E	0.23485	0.00000	0.76515
15 N	0.23485	0.00000	0.76515
16 N	0.23485	0.00000	0.76515
17 N	0.23485	0.00000	0.76515
18 N	0.23485	0.00000	0.76515
19 N	0.23485	0.00000	0.76515
20 K	0.23485	0.00000	0.76515
21 D	0.23485	0.00000	0.76515
22 S	0.23485	0.00000	0.76515
23 K	0.23485	0.00000	0.76515
24 N	0.23485	0.00000	0.76515
25 V	0.23483	0.00003	0.76514
26 N	0.23482	0.00005	0.76514
27 S	0.23480	0.00010	0.7651
28 V	0.23468	0.00033	0.765
29 F	0.23457	0.00048	0.76495
30 V	0.23455	0.00053	0.76492
31 P	0.23455	0.00053	0.76492
32 K	0.23454	0.00055	0.76491
33 K	0.23250	0.00321	0.76428
34 T	0.19162	0.06976	0.73861
35 I	0.06710	0.39973	0.53317
36 L	0.05185	0.49534	0.45281
37 G	0.04746	0.62226	0.33029
38 F	0.02039	0.73514	0.24446
39 S	0.01479	0.78441	0.2008
40 V	0.00500	0.92872	0.06628
41 P	0.00346	0.94969	0.04685
42 L	0.00044	0.98582	0.01375
43 F	0.00003	0.99751	0.00246
44 F	0.00000	0.99935	0.00065
45 L	0.00000	0.99990	9e-05
46 M	0.00000	0.99998	3e-05
47 I	0.00000	1.00000	0
48 L	0.00000	1.00000	0
49 V	0.00000	1.00000	0
50 V	0.00001	0.99999	1e-05
51 F	0.00003	0.99989	8e-05
52 V	0.00029	0.99949	0.00022
53 Q	0.00082	0.99867	0.00051
54 V	0.00086	0.99852	0.00062
55 F	0.00108	0.99806	0.00086
56 V	0.00223	0.98779	0.00998
57 L	0.01368	0.92940	0.05691
58 G	0.21107	0.61230	0.17663
59 F	0.30515	0.51245	0.18239
60 V	0.46370	0.35055	0.18575
61 S	0.55064	0.23162	0.21774
62 F	0.59977	0.17506	0.22518
63 K	0.73865	0.02675	0.2346
64 T	0.75324	0.01212	0.23464
65 T	0.76356	0.00167	0.23477
66 N	0.76337	0.00180	0.23483
67 K	0.75389	0.01357	0.23254
68 F	0.71464	0.05505	0.23031
69 E	0.67275	0.09796	0.22929
70 P	0.41195	0.42894	0.15912
71 V	0.13216	0.76768	0.10015
72 F	0.03492	0.95945	0.00563
73 H	0.02815	0.96707	0.00478
74 P	0.02214	0.97377	0.00409
75 L	0.00087	0.99700	0.00213
76 I	0.00055	0.99756	0.0019
77 T	0.00044	0.99774	0.00181
78 P	0.00041	0.99778	0.00181
79 L	0.00038	0.99781	0.00181
80 L	0.00037	0.99783	0.0018
81 I	0.00037	0.99783	0.0018
82 A	0.00037	0.99783	0.0018
83 M	0.00037	0.99782	0.00181
84 L	0.00037	0.99782	0.00181
85 L	0.00037	0.99778	0.00185
86 A	0.00039	0.99753	0.00208
87 A	0.00044	0.99569	0.00387
88 V	0.00070	0.93922	0.06008
89 L	0.00322	0.84800	0.14878
90 Q	0.19731	0.42715	0.37553
91 K	0.21818	0.32483	0.45699
92 I	0.21896	0.32019	0.46085
93 G	0.22177	0.15993	0.6183
94 A	0.22776	0.06184	0.7104
95 K	0.23306	0.00158	0.76535
96 T	0.23171	0.00296	0.76533
97 P	0.23103	0.00415	0.76482
98 L	0.22981	0.00710	0.76309
99 L	0.22913	0.01762	0.75324
100 K	0.22852	0.02986	0.74162
101 D	0.22241	0.04997	0.72761
102 I	0.02599	0.48870	0.48531
103 G	0.01694	0.67847	0.30459
104 G	0.01542	0.83639	0.14819
105 G	0.01309	0.86293	0.12398
106 S	0.01251	0.86603	0.12146
107 I	0.01179	0.96355	0.02466
108 L	0.01170	0.97418	0.01412
109 C	0.01162	0.98055	0.00783
110 I	0.01152	0.98767	0.0008
111 L	0.01152	0.98789	0.00059
112 V	0.01152	0.98810	0.00038
113 P	0.01152	0.98815	0.00033
114 S	0.01152	0.98819	0.00029
115 I	0.01153	0.98824	0.00023
116 L	0.01155	0.98816	0.00029
117 F	0.01171	0.98784	0.00045
118 T	0.01269	0.98623	0.00107
119 Y	0.01380	0.98292	0.00328
120 P	0.02466	0.95010	0.02524
121 F	0.03269	0.93406	0.03324
122 F	0.18567	0.67358	0.14076
123 K	0.54928	0.23812	0.2126
124 D	0.60378	0.17900	0.21723
125 G	0.60844	0.17164	0.21992
126 S	0.61667	0.16387	0.21946
127 I	0.63427	0.14738	0.21835
128 F	0.64245	0.13911	0.21845
129 L	0.64695	0.13428	0.21877
130 Q	0.76272	0.01787	0.21941
131 M	0.77260	0.00798	0.21942
132 Q	0.77719	0.00364	0.21917
133 N	0.77760	0.00318	0.21921
134 F	0.77765	0.00330	0.21906
135 M	0.77776	0.00319	0.21906
136 R	0.77782	0.00313	0.21905
137 I	0.77784	0.00314	0.21903
138 I	0.77787	0.00310	0.21903
139 M	0.77789	0.00308	0.21903
140 K	0.77801	0.00296	0.21903
141 H	0.77810	0.00287	0.21903
142 L	0.77810	0.00287	0.21903
143 N	0.77814	0.00283	0.21903
144 A	0.77831	0.00266	0.21903
145 E	0.77935	0.00163	0.21903
146 S	0.77940	0.00157	0.21903
147 I	0.77942	0.00155	0.21903
148 T	0.77966	0.00131	0.21903
149 V	0.77985	0.00112	0.21903
150 K	0.78078	0.00019	0.21903
151 I	0.78079	0.00018	0.21903
152 Q	0.78092	0.00005	0.21903
153 E	0.78093	0.00005	0.21903
154 T	0.77865	0.00237	0.21898
155 K	0.77456	0.00656	0.21888
156 Y	0.70215	0.13309	0.16476
157 T	0.61558	0.23500	0.14942
158 Y	0.56772	0.28615	0.14613
159 K	0.54541	0.31272	0.14187
160 A	0.18193	0.76596	0.0521
161 V	0.04313	0.93949	0.01738
162 G	0.00489	0.98639	0.00871
163 F	0.00117	0.99122	0.00761
164 S	0.00060	0.99209	0.00731
165 N	0.00029	0.99261	0.0071
166 F	0.00027	0.99269	0.00704
167 F	0.00027	0.99271	0.00703
168 V	0.00027	0.99271	0.00703
169 S	0.00027	0.99271	0.00703
170 A	0.00027	0.99271	0.00703
171 L	0.00027	0.99271	0.00703
172 I	0.00027	0.99269	0.00704
173 I	0.00027	0.99265	0.00708
174 G	0.00033	0.99178	0.00789
175 S	0.00044	0.98983	0.00973
176 F	0.00058	0.98867	0.01075
177 L	0.00070	0.89247	0.10683
178 S	0.00387	0.76939	0.22673
179 M	0.12140	0.49943	0.37917
180 D	0.21123	0.02789	0.76088
181 K	0.21191	0.00426	0.78383
182 K	0.21195	0.00061	0.78744
183 L	0.21196	0.00049	0.78755
184 L	0.21197	0.00044	0.78759
185 K	0.21226	0.00002	0.78773
186 S	0.21220	0.00007	0.78773
187 S	0.21216	0.00014	0.7877
188 F	0.21212	0.00025	0.78763
189 K	0.21209	0.00039	0.78753
190 K	0.20859	0.00593	0.78547
191 F	0.02430	0.49736	0.47834
192 I	0.00467	0.66736	0.32798
193 P	0.00444	0.68594	0.30961
194 L	0.00191	0.97633	0.02177
195 I	0.00077	0.99095	0.00827
196 L	0.00026	0.99317	0.00656
197 V	0.00013	0.99646	0.00342
198 S	0.00009	0.99699	0.00292
199 L	0.00005	0.99971	0.00024
200 I	0.00004	0.99991	5e-05
201 T	0.00004	0.99994	2e-05
202 G	0.00004	0.99995	1e-05
203 A	0.00004	0.99996	1e-05
204 L	0.00004	0.99996	0
205 F	0.00004	0.99996	0
206 V	0.00004	0.99994	1e-05
207 G	0.00005	0.99991	4e-05
208 T	0.00009	0.99980	0.00011
209 L	0.00024	0.99895	0.00081
210 G	0.00107	0.99635	0.00258
211 A	0.00251	0.99235	0.00515
212 L	0.00439	0.98802	0.00759
213 L	0.01239	0.97297	0.01464
214 H	0.41205	0.39872	0.18923
215 P	0.53077	0.26309	0.20613
216 I	0.54629	0.24702	0.20669
217 G	0.75722	0.03306	0.20972
218 G	0.77336	0.01563	0.21102
219 L	0.77966	0.00850	0.21184
220 E	0.78500	0.00283	0.21216
221 N	0.78541	0.00239	0.2122
222 A	0.78697	0.00083	0.2122
223 S	0.78707	0.00072	0.2122
224 Q	0.78712	0.00068	0.2122
225 T	0.78284	0.00500	0.21216
226 S	0.75540	0.03250	0.2121
227 K	0.74889	0.03905	0.21206
228 G	0.64201	0.19035	0.16764
229 A	0.52735	0.31140	0.16125
230 F	0.50611	0.33310	0.16079
231 L	0.48775	0.35199	0.16026
232 D	0.48565	0.35431	0.16004
233 A	0.37282	0.48493	0.14225
234 V	0.02065	0.83880	0.14055
235 F	0.00437	0.85554	0.14009
236 Y	0.00049	0.85978	0.13973
237 I	0.00016	0.86033	0.13952
238 F	0.00015	0.86035	0.13951
239 A	0.00014	0.86035	0.13951
240 P	0.00014	0.86032	0.13954
241 L	0.00014	0.86026	0.1396
242 A	0.00014	0.86019	0.13967
243 S	0.00015	0.85928	0.14057
244 G	0.00016	0.85763	0.14221
245 G	0.00018	0.85484	0.14498
246 M	0.00117	0.84573	0.15309
247 S	0.00235	0.83016	0.16748
248 S	0.01661	0.79340	0.18999
249 G	0.01899	0.73218	0.24883
250 V	0.02003	0.72369	0.25628
251 T	0.04785	0.61187	0.34028
252 P	0.05559	0.51586	0.42856
253 L	0.05832	0.45175	0.48994
254 K	0.06026	0.02810	0.91164
255 N	0.06068	0.02677	0.91255
256 A	0.07074	0.01387	0.91539
257 Y	0.07211	0.00531	0.92257
258 A	0.07242	0.00276	0.92481
259 G	0.07268	0.00044	0.92688
260 Q	0.07288	0.00003	0.92709
261 N	0.07288	0.00001	0.9271
262 L	0.07287	0.00003	0.9271
263 D	0.07285	0.00005	0.92709
264 L	0.07270	0.00040	0.92689
265 Q	0.07269	0.00078	0.92653
266 E	0.07249	0.00266	0.92485
267 P	0.06319	0.08825	0.84857
268 F	0.03083	0.71189	0.25728
269 M	0.02975	0.72569	0.24456
270 S	0.02617	0.76465	0.20918
271 H	0.01376	0.87667	0.10956
272 M	0.01047	0.94933	0.0402
273 T	0.00637	0.98484	0.00879
274 P	0.00520	0.98825	0.00655
275 A	0.00368	0.99437	0.00194
276 L	0.00326	0.99605	0.00069
277 L	0.00319	0.99670	0.00012
278 V	0.00318	0.99674	8e-05
279 G	0.00318	0.99675	7e-05
280 G	0.00318	0.99675	7e-05
281 I	0.00318	0.99675	7e-05
282 F	0.00318	0.99675	7e-05
283 S	0.00318	0.99674	7e-05
284 I	0.00318	0.99674	8e-05
285 F	0.00323	0.99661	0.00016
286 A	0.00463	0.99489	0.00047
287 S	0.00790	0.99040	0.00171
288 G	0.01260	0.98506	0.00235
289 L	0.02157	0.97514	0.00329
290 I	0.16222	0.82341	0.01436
291 K	0.87808	0.05620	0.06571
292 K	0.88936	0.04370	0.06693
293 F	0.89062	0.04229	0.06709
294 V	0.89624	0.03606	0.0677
295 K	0.92871	0.00190	0.06938
296 T	0.93009	0.00044	0.06947
297 T	0.93018	0.00023	0.06958
298 K	0.93021	0.00002	0.06978
299 Y	0.93021	0.00001	0.06978
300 S	0.93021	0.00000	0.06979
301 G	0.93022	0.00000	0.06979
302 Y	0.93022	0.00000	0.06979
303 G	0.93022	0.00000	0.06979
304 K	0.93022	0.00000	0.06979
305 L	0.93022	0.00000	0.06979
306 E	0.93022	0.00000	0.06979
307 V	0.93022	0.00000	0.06979
308 K	0.93022	0.00000	0.06979
309 D	0.93022	0.00000	0.06979
310 V	0.93022	0.00000	0.06979
311 P	0.93022	0.00000	0.06979
312 K	0.93022	0.00000	0.06979
313 N	0.93022	0.00000	0.06979
314 P	0.93022	0.00000	0.06979
315 N	0.93022	0.00000	0.06979
316 K	0.93022	0.00000	0.06979
317 N	0.93022	0.00000	0.06979
318 T	0.93021	0.00000	0.06979
319 Y	0.93021	0.00000	0.06979
320 K	0.93021	0.00001	0.06979
321 L	0.93010	0.00012	0.06979
322 V	0.92999	0.00023	0.06979
323 P	0.92997	0.00025	0.06979
324 E	0.92974	0.00049	0.06978
325 K	0.86918	0.06119	0.06962
326 L	0.28793	0.66473	0.04734
327 S	0.27208	0.68522	0.0427
328 Y	0.25376	0.70732	0.03893
329 H	0.25061	0.71287	0.03652
330 Q	0.24650	0.71934	0.03417
331 I	0.23544	0.74064	0.02393
332 T	0.23348	0.74447	0.02204
333 T	0.22479	0.76008	0.01512
334 G	0.11700	0.87380	0.00919
335 L	0.00807	0.98863	0.0033
336 I	0.00512	0.99348	0.00139
337 A	0.00340	0.99627	0.00033
338 I	0.00123	0.99865	0.00012
339 F	0.00085	0.99905	0.0001
340 T	0.00078	0.99913	9e-05
341 L	0.00074	0.99916	0.0001
342 Y	0.00074	0.99916	0.0001
343 L	0.00074	0.99867	0.00059
344 F	0.00080	0.99667	0.00253
345 S	0.00100	0.99314	0.00586
346 V	0.00290	0.98660	0.0105
347 L	0.00588	0.97344	0.02068
348 I	0.00884	0.81468	0.17648
349 K	0.03239	0.28196	0.68565
350 E	0.03696	0.27316	0.68988
351 S	0.03753	0.27213	0.69034
352 L	0.03756	0.27186	0.69058
353 I	0.03782	0.26847	0.69371
354 L	0.04580	0.25558	0.69863
355 L	0.04730	0.24986	0.70285
356 L	0.05612	0.23030	0.71358
357 P	0.06249	0.10764	0.82987
358 N	0.06699	0.00707	0.92595
359 I	0.06776	0.00458	0.92766
360 K	0.06885	0.00279	0.92836
361 K	0.05836	0.01865	0.92299
362 Y	0.04275	0.27589	0.68136
363 L	0.03806	0.68219	0.27975
364 P	0.03678	0.68652	0.2767
365 E	0.02965	0.71439	0.25597
366 Y	0.01351	0.89078	0.0957
367 I	0.00768	0.96002	0.0323
368 V	0.00129	0.99736	0.00136
369 F	0.00008	0.99915	0.00076
370 L	0.00003	0.99946	0.00051
371 V	0.00003	0.99956	0.00041
372 F	0.00003	0.99958	0.0004
373 V	0.00003	0.99957	0.00039
374 V	0.00004	0.99956	0.0004
375 V	0.00016	0.99941	0.00043
376 L	0.00038	0.99910	0.00052
377 M	0.00109	0.99830	0.0006
378 K	0.00267	0.99535	0.00198
379 L	0.00274	0.99523	0.00203
380 F	0.00326	0.99438	0.00236
381 N	0.02309	0.97385	0.00306
382 V	0.03274	0.96391	0.00335
383 V	0.13582	0.85356	0.01062
384 S	0.21818	0.74813	0.03368
385 D	0.78989	0.15814	0.05198
386 Y	0.87506	0.07231	0.05264
387 Y	0.87834	0.06820	0.05347
388 N	0.88550	0.04759	0.06692
389 S	0.90089	0.02934	0.06977
390 C	0.90195	0.02813	0.06993
391 I	0.92040	0.00993	0.06967
392 N	0.91985	0.01069	0.06946
393 Q	0.91758	0.01488	0.06754
394 A	0.88535	0.05238	0.06227
395 S	0.85949	0.07877	0.06175
396 K	0.84438	0.09445	0.06117
397 F	0.26321	0.70661	0.03018
398 V	0.23748	0.75599	0.00652
399 T	0.23635	0.76103	0.00263
400 T	0.23277	0.76479	0.00244
401 N	0.22541	0.77247	0.00212
402 F	0.21372	0.78505	0.00124
403 T	0.21010	0.78925	0.00065
404 S	0.20893	0.79045	0.00062
405 A	0.20849	0.79090	0.00061
406 F	0.20843	0.79097	0.0006
407 L	0.20843	0.79097	0.00061
408 V	0.20843	0.79094	0.00063
409 I	0.20843	0.79072	0.00085
410 L	0.20843	0.79019	0.00137
411 G	0.20898	0.78781	0.00321
412 S	0.21064	0.78253	0.00683
413 S	0.21145	0.76916	0.01939
414 I	0.21184	0.75876	0.0294
415 P	0.22835	0.60302	0.16863
416 M	0.23625	0.55215	0.21161
417 E	0.25944	0.40719	0.33336
418 A	0.26018	0.38042	0.3594
419 M	0.26116	0.35447	0.38437
420 L	0.26189	0.05094	0.68718
421 K	0.27822	0.00357	0.71821
422 Q	0.27378	0.01548	0.71074
423 L	0.15738	0.32466	0.51797
424 N	0.11145	0.53238	0.35617
425 F	0.08332	0.64323	0.27344
426 K	0.07661	0.72932	0.19407
427 F	0.00858	0.90425	0.08717
428 V	0.00114	0.93080	0.06806
429 F	0.00006	0.99870	0.00124
430 T	0.00005	0.99907	0.00088
431 C	0.00003	0.99934	0.00063
432 I	0.00001	0.99956	0.00044
433 M	0.00001	0.99957	0.00043
434 C	0.00001	0.99960	0.0004
435 V	0.00000	0.99961	0.00039
436 L	0.00000	0.99961	0.00038
437 L	0.00000	0.99961	0.00038
438 V	0.00001	0.99961	0.00038
439 A	0.00001	0.99961	0.00038
440 L	0.00002	0.99958	0.0004
441 V	0.00037	0.99899	0.00063
442 A	0.00275	0.99512	0.00213
443 G	0.00858	0.97855	0.01288
444 Y	0.02094	0.95821	0.02085
445 L	0.08159	0.87072	0.04769
446 G	0.37617	0.45386	0.16997
447 K	0.67322	0.05358	0.2732
448 K	0.70085	0.02067	0.27848
449 L	0.69739	0.02435	0.27826
450 G	0.69968	0.02193	0.27839
451 Y	0.68548	0.03634	0.27818
452 Y	0.67960	0.04235	0.27805
453 P	0.59343	0.12857	0.278
454 V	0.55414	0.17019	0.27567
455 E	0.55002	0.17827	0.27171
456 S	0.48786	0.26987	0.24227
457 S	0.36172	0.40596	0.23232
458 I	0.12145	0.65579	0.22276
459 T	0.07207	0.70588	0.22205
460 A	0.06858	0.71116	0.22027
461 G	0.06510	0.71538	0.21952
462 L	0.05950	0.72105	0.21944
463 C	0.05860	0.72198	0.21942
464 T	0.05798	0.72263	0.21939
465 N	0.05521	0.72570	0.21909
466 S	0.04696	0.73491	0.21813
467 I	0.04222	0.73979	0.21799
468 G	0.04153	0.74045	0.21802
469 G	0.04131	0.73938	0.21931
470 A	0.04130	0.73854	0.22015
471 G	0.04133	0.73423	0.22445
472 N	0.04152	0.72920	0.22928
473 V	0.04149	0.72694	0.23158
474 A	0.04172	0.71352	0.24475
475 I	0.04219	0.69874	0.25906
476 L	0.04388	0.54283	0.41329
477 S	0.05357	0.41533	0.53111
478 A	0.06368	0.33119	0.60513
479 S	0.09245	0.15700	0.75055
480 D	0.09902	0.07350	0.82747
481 L	0.09697	0.04840	0.85464
482 M	0.09665	0.04472	0.85863
483 G	0.08819	0.06180	0.85001
484 L	0.08583	0.07012	0.84404
485 M	0.08315	0.10462	0.81223
486 P	0.08162	0.12602	0.79236
487 F	0.07702	0.21905	0.70394
488 A	0.07480	0.42499	0.50021
489 Q	0.07160	0.52840	0.40001
490 I	0.03318	0.79566	0.17117
491 A	0.01534	0.92826	0.0564
492 T	0.01177	0.94684	0.04139
493 R	0.00944	0.97109	0.01946
494 I	0.00770	0.97838	0.01393
495 G	0.00722	0.97917	0.01361
496 G	0.00709	0.97944	0.01347
497 A	0.00710	0.97943	0.01347
498 L	0.00711	0.97940	0.01349
499 V	0.00711	0.97940	0.01349
500 V	0.00712	0.97938	0.0135
501 V	0.00721	0.97924	0.01355
502 V	0.00758	0.97878	0.01364
503 A	0.00966	0.97625	0.01409
504 S	0.01849	0.96465	0.01686
505 I	0.02407	0.95837	0.01755
506 S	0.04193	0.93140	0.02667
507 Y	0.06044	0.90952	0.03005
508 P	0.13165	0.82632	0.04203
509 L	0.17104	0.78086	0.04809
510 L	0.35935	0.56780	0.07284
511 Y	0.89141	0.00000	0.10859
