# tr|Q2NJZ6|Q2NJZ6_AYWBP
# AA	inside	membr	outside
1 M	0.29703	0.00000	0.70297
2 D	0.29703	0.00000	0.70297
3 V	0.29703	0.00000	0.70297
4 L	0.29703	0.00004	0.70293
5 K	0.29701	0.00015	0.70284
6 D	0.29701	0.00468	0.69831
7 V	0.25491	0.05868	0.6864
8 I	0.25491	0.05920	0.68589
9 Y	0.25371	0.06369	0.6826
10 H	0.25371	0.17019	0.5761
11 I	0.25321	0.19434	0.55245
12 E	0.25175	0.19808	0.55017
13 T	0.24388	0.24660	0.50952
14 H	0.24388	0.24661	0.50952
15 Y	0.24388	0.32435	0.43177
16 I	0.24368	0.32455	0.43177
17 I	0.24361	0.32477	0.43162
18 T	0.24361	0.32477	0.43161
19 I	0.24361	0.32478	0.43161
20 R	0.24360	0.32478	0.43161
21 A	0.24356	0.32483	0.43161
22 S	0.24356	0.32480	0.43165
23 I	0.24355	0.32477	0.43168
24 P	0.24362	0.32445	0.43194
25 L	0.24377	0.32177	0.43446
26 Y	0.24387	0.32116	0.43497
27 A	0.24440	0.31757	0.43803
28 F	0.24976	0.30912	0.44112
29 N	0.27141	0.27703	0.45156
30 G	0.30407	0.22190	0.47403
31 A	0.35293	0.16992	0.47715
32 R	0.41976	0.09732	0.48293
33 K	0.50913	0.00622	0.48465
34 I	0.51069	0.00465	0.48466
35 K	0.51458	0.00052	0.48489
36 A	0.50931	0.00668	0.484
37 M	0.50816	0.00813	0.48372
38 G	0.50762	0.00872	0.48366
39 V	0.50687	0.00956	0.48357
40 K	0.50673	0.00969	0.48358
41 M	0.50453	0.01218	0.48329
42 V	0.50210	0.01477	0.48313
43 L	0.50204	0.01484	0.48312
44 S	0.50204	0.01482	0.48315
45 G	0.50204	0.01482	0.48315
46 E	0.50204	0.01481	0.48315
47 G	0.50204	0.01481	0.48315
48 A	0.50204	0.01481	0.48316
49 D	0.50204	0.01481	0.48316
50 E	0.50204	0.01481	0.48316
51 I	0.50204	0.01481	0.48316
52 F	0.50204	0.01481	0.48316
53 G	0.50204	0.01480	0.48317
54 G	0.50204	0.01474	0.48323
55 F	0.50204	0.01471	0.48326
56 L	0.50204	0.01459	0.48336
57 Y	0.50211	0.01424	0.48366
58 F	0.50216	0.01363	0.48421
59 H	0.50341	0.00492	0.49168
60 K	0.50390	0.00083	0.49528
61 A	0.50392	0.00063	0.49545
62 P	0.50396	0.00015	0.49589
63 N	0.50397	0.00009	0.49594
64 T	0.50398	0.00003	0.49599
65 P	0.50398	0.00000	0.49601
