# tr|Q2NIG7|Q2NIG7_AYWBP
# AA	inside	membr	outside
1 M	0.99897	0.00000	0.00103
2 N	0.99897	0.00000	0.00103
3 Q	0.99897	0.00000	0.00103
4 I	0.99897	0.00000	0.00103
5 K	0.99897	0.00000	0.00103
6 Q	0.99897	0.00000	0.00103
7 K	0.99835	0.00062	0.00103
8 R	0.99835	0.00062	0.00103
9 L	0.98476	0.01424	0.001
10 Q	0.98475	0.01484	0.00041
11 G	0.94301	0.05682	0.00018
12 F	0.05669	0.94317	0.00013
13 Y	0.00027	0.99968	5e-05
14 S	0.00026	0.99969	5e-05
15 L	0.00026	0.99974	0
16 L	0.00009	0.99991	0
17 L	0.00001	0.99998	0
18 A	0.00001	0.99998	0
19 T	0.00001	0.99999	0
20 F	0.00000	0.99999	0
21 F	0.00000	0.99999	0
22 L	0.00000	0.99999	0
23 L	0.00000	0.99999	0
24 V	0.00000	0.99999	1e-05
25 A	0.00000	0.99995	5e-05
26 V	0.00000	0.99994	6e-05
27 C	0.00001	0.99560	0.0044
28 C	0.00002	0.99396	0.00601
29 F	0.00003	0.99093	0.00904
30 F	0.00019	0.95631	0.0435
31 D	0.00095	0.93494	0.06411
32 Q	0.00098	0.91922	0.0798
33 T	0.00101	0.90552	0.09347
34 F	0.00101	0.83107	0.16792
35 K	0.00102	0.00646	0.99251
36 L	0.00099	0.00053	0.99848
37 G	0.00093	0.00063	0.99844
38 S	0.00092	0.03137	0.96771
39 L	0.00083	0.37686	0.6223
40 K	0.00083	0.38254	0.61663
41 F	0.00073	0.43033	0.56894
42 Q	0.00061	0.45192	0.54747
43 L	0.00002	0.54224	0.45774
44 G	0.00000	0.99344	0.00656
45 L	0.00000	0.99927	0.00073
46 F	0.00000	0.99970	0.0003
47 F	0.00000	0.99999	1e-05
48 L	0.00000	0.99999	1e-05
49 G	0.00000	1.00000	0
50 V	0.00000	1.00000	0
51 L	0.00000	1.00000	0
52 L	0.00000	1.00000	0
53 S	0.00000	1.00000	0
54 L	0.00000	1.00000	0
55 F	0.00000	0.99999	0
56 T	0.00007	0.99993	0
57 Y	0.00011	0.99989	0
58 L	0.00017	0.99983	0
59 V	0.00340	0.99656	4e-05
60 V	0.00861	0.99126	0.00013
61 F	0.08019	0.91938	0.00044
62 K	0.98414	0.01484	0.00102
63 K	0.99436	0.00461	0.00103
64 Y	0.99602	0.00294	0.00103
65 K	0.99881	0.00016	0.00103
66 E	0.99885	0.00011	0.00103
67 T	0.99895	0.00002	0.00103
68 F	0.99421	0.00475	0.00103
69 S	0.99410	0.00486	0.00103
70 K	0.99305	0.00592	0.00103
71 L	0.97868	0.02032	0.00099
72 R	0.97331	0.02569	0.00099
73 F	0.34224	0.65684	0.00092
74 F	0.02574	0.97349	0.00077
75 F	0.02350	0.97597	0.00053
76 A	0.01922	0.98065	0.00013
77 L	0.01721	0.98266	0.00013
78 E	0.01474	0.98515	0.0001
79 V	0.01094	0.98900	6e-05
80 F	0.00713	0.99283	4e-05
81 V	0.00032	0.99968	0
82 F	0.00001	0.99999	0
83 V	0.00000	1.00000	0
84 F	0.00000	1.00000	0
85 V	0.00000	1.00000	0
86 I	0.00000	0.99999	1e-05
87 V	0.00000	0.99995	4e-05
88 T	0.00000	0.99960	0.0004
89 S	0.00000	0.99912	0.00088
90 F	0.00000	0.99885	0.00114
91 F	0.00000	0.99171	0.00829
92 L	0.00000	0.97751	0.02249
93 P	0.00001	0.94172	0.05827
94 G	0.00004	0.72921	0.27075
95 L	0.00004	0.70606	0.2939
96 G	0.00012	0.29628	0.7036
97 L	0.00026	0.20754	0.79221
98 L	0.00049	0.19930	0.80021
99 N	0.00088	0.01165	0.98747
100 I	0.00089	0.01017	0.98894
101 D	0.00102	0.00163	0.99735
102 D	0.00104	0.00140	0.99756
103 F	0.00104	0.00134	0.99762
104 K	0.00104	0.00000	0.99896
105 T	0.00103	0.00011	0.99886
106 K	0.00103	0.00023	0.99874
107 N	0.00101	0.02790	0.97109
108 P	0.00085	0.19642	0.80272
109 L	0.00063	0.22852	0.77086
110 V	0.00022	0.37892	0.62086
111 G	0.00019	0.41219	0.58762
112 K	0.00019	0.42373	0.57609
113 L	0.00003	0.96383	0.03615
114 L	0.00002	0.97118	0.0288
115 T	0.00001	0.98951	0.01048
116 F	0.00001	0.99154	0.00845
117 N	0.00001	0.99172	0.00828
118 C	0.00000	0.99313	0.00686
119 C	0.00000	0.99376	0.00623
120 L	0.00000	0.99550	0.0045
121 S	0.00000	0.99555	0.00445
122 L	0.00000	0.99559	0.00441
123 I	0.00000	0.99562	0.00438
124 F	0.00000	0.99562	0.00438
125 I	0.00003	0.99560	0.00438
126 F	0.00023	0.99539	0.00438
127 H	0.00093	0.99468	0.00439
128 S	0.00120	0.99432	0.00448
129 F	0.00275	0.99276	0.00449
130 I	0.08561	0.90983	0.00456
131 N	0.39303	0.60214	0.00483
132 L	0.42118	0.57385	0.00498
133 N	0.51057	0.48407	0.00537
134 I	0.52321	0.47142	0.00537
135 N	0.53920	0.45542	0.00538
136 Y	0.96589	0.02871	0.00539
137 F	0.96943	0.02518	0.0054
138 K	0.99438	0.00021	0.00541
139 K	0.99389	0.00070	0.00541
140 Q	0.99191	0.00277	0.00533
141 N	0.95281	0.04232	0.00487
142 F	0.15139	0.84727	0.00134
143 S	0.10661	0.89225	0.00113
144 F	0.03492	0.96445	0.00062
145 F	0.00186	0.99807	7e-05
146 I	0.00067	0.99932	1e-05
147 L	0.00010	0.99990	0
148 Y	0.00005	0.99995	0
149 L	0.00005	0.99995	0
150 L	0.00005	0.99995	0
151 M	0.00005	0.99995	0
152 F	0.00005	0.99995	0
153 G	0.00005	0.99995	0
154 F	0.00005	0.99995	0
155 G	0.00005	0.99993	2e-05
156 C	0.00005	0.99982	0.00013
157 F	0.00005	0.99974	0.00021
158 G	0.00005	0.99943	0.00052
159 L	0.00006	0.99859	0.00135
160 G	0.00008	0.95326	0.04666
161 S	0.00014	0.91107	0.0888
162 N	0.00029	0.84872	0.151
163 L	0.00051	0.84323	0.15626
164 F	0.00129	0.81063	0.18807
165 E	0.00523	0.04687	0.9479
166 N	0.00532	0.01705	0.97764
167 L	0.00533	0.01225	0.98242
168 K	0.00542	0.01969	0.97489
169 N	0.00278	0.49411	0.50312
170 I	0.00199	0.64605	0.35196
171 I	0.00062	0.69695	0.30243
172 L	0.00056	0.70030	0.29914
173 K	0.00054	0.70173	0.29773
174 L	0.00030	0.91705	0.08265
175 F	0.00020	0.92202	0.07778
176 A	0.00017	0.92402	0.07582
177 V	0.00012	0.92514	0.07474
178 L	0.00011	0.92566	0.07423
179 S	0.00011	0.92790	0.07198
180 L	0.00011	0.92806	0.07182
181 V	0.00011	0.92817	0.07172
182 H	0.00012	0.92818	0.0717
183 S	0.00013	0.92821	0.07166
184 I	0.00020	0.92833	0.07146
185 Y	0.00078	0.92775	0.07146
186 L	0.00355	0.92497	0.07148
187 T	0.07727	0.85115	0.07158
188 F	0.10228	0.82608	0.07164
189 T	0.23061	0.69735	0.07204
190 G	0.29743	0.62999	0.07259
191 I	0.33256	0.59438	0.07306
192 K	0.83126	0.09253	0.07621
193 Q	0.86222	0.06142	0.07636
194 F	0.86699	0.05651	0.0765
195 Q	0.87671	0.04676	0.07652
196 I	0.87755	0.04592	0.07653
197 A	0.91632	0.00702	0.07665
198 S	0.91830	0.00493	0.07676
199 L	0.91956	0.00365	0.07678
200 H	0.92078	0.00241	0.07681
201 A	0.92121	0.00198	0.07681
202 P	0.92298	0.00021	0.07681
203 K	0.92317	0.00002	0.07681
204 N	0.92318	0.00000	0.07681
205 E	0.92319	0.00000	0.07681
206 N	0.92319	0.00000	0.07681
207 E	0.92319	0.00000	0.07681
208 N	0.92319	0.00000	0.07681
209 E	0.92319	0.00000	0.07681
