# tr|Q2NIT7|Q2NIT7_AYWBP
# AA	inside	membr	outside
1 M	0.97961	0.00000	0.02038
2 M	0.97961	0.00000	0.02038
3 K	0.97961	0.00000	0.02038
4 N	0.97961	0.00000	0.02038
5 N	0.97961	0.00000	0.02038
6 D	0.97961	0.00000	0.02038
7 F	0.97961	0.00000	0.02038
8 T	0.97961	0.00000	0.02038
9 N	0.97961	0.00000	0.02038
10 N	0.97961	0.00000	0.02038
11 N	0.97961	0.00000	0.02038
12 L	0.97961	0.00001	0.02038
13 S	0.97960	0.00001	0.02038
14 R	0.97960	0.00001	0.02038
15 A	0.97960	0.00003	0.02036
16 P	0.97952	0.00011	0.02036
17 L	0.97854	0.00109	0.02036
18 S	0.97852	0.00112	0.02036
19 R	0.97120	0.00844	0.02036
20 C	0.29244	0.69090	0.01666
21 F	0.11380	0.86956	0.01664
22 L	0.10205	0.88452	0.01342
23 Y	0.09887	0.88851	0.01262
24 Q	0.09708	0.89168	0.01124
25 L	0.09259	0.89815	0.00926
26 H	0.08860	0.90294	0.00845
27 P	0.08281	0.90940	0.00779
28 S	0.07204	0.92079	0.00717
29 I	0.05141	0.94291	0.00568
30 K	0.04705	0.94747	0.00548
31 I	0.00562	0.99344	0.00094
32 L	0.00232	0.99689	0.00079
33 A	0.00100	0.99826	0.00074
34 F	0.00040	0.99887	0.00073
35 M	0.00031	0.99895	0.00074
36 L	0.00020	0.99905	0.00075
37 L	0.00019	0.99903	0.00078
38 L	0.00019	0.99842	0.0014
39 V	0.00019	0.99576	0.00405
40 F	0.00020	0.98543	0.01437
41 I	0.00023	0.95607	0.04369
42 L	0.00039	0.89780	0.1018
43 K	0.00420	0.16500	0.8308
44 L	0.00428	0.12640	0.86931
45 P	0.00815	0.11117	0.88068
46 I	0.00883	0.10600	0.88516
47 N	0.01174	0.09491	0.89335
48 V	0.01373	0.08796	0.89831
49 D	0.01866	0.05693	0.92441
50 H	0.01873	0.05037	0.9309
51 I	0.01878	0.04445	0.93676
52 A	0.01918	0.03671	0.9441
53 Q	0.01958	0.02793	0.95248
54 K	0.01984	0.00035	0.9798
55 Q	0.01983	0.00018	0.97998
56 A	0.01983	0.00052	0.97964
57 F	0.01980	0.00506	0.97514
58 I	0.01980	0.00536	0.97484
59 F	0.01979	0.00539	0.97482
60 A	0.01978	0.00545	0.97477
61 N	0.01977	0.00569	0.97453
62 P	0.01974	0.01572	0.96454
63 K	0.01923	0.02514	0.95562
64 Y	0.01721	0.17403	0.80876
65 I	0.01140	0.41651	0.57208
66 T	0.01076	0.45929	0.52995
67 L	0.00565	0.58930	0.40505
68 F	0.00200	0.76591	0.2321
69 Y	0.00009	0.97965	0.02026
70 L	0.00002	0.99108	0.0089
71 F	0.00001	0.99628	0.00371
72 F	0.00000	0.99910	0.0009
73 M	0.00000	0.99970	0.0003
74 L	0.00000	0.99999	1e-05
75 A	0.00000	1.00000	0
76 L	0.00001	0.99999	0
77 M	0.00009	0.99991	0
78 S	0.00011	0.99988	1e-05
79 L	0.00014	0.99985	1e-05
80 C	0.00045	0.99953	2e-05
81 F	0.00046	0.99951	3e-05
82 F	0.00054	0.99943	3e-05
83 F	0.00106	0.99889	5e-05
84 G	0.01532	0.98457	0.0001
85 V	0.04821	0.95157	0.00022
86 T	0.11187	0.88709	0.00104
87 W	0.22502	0.77179	0.00319
88 S	0.42273	0.56798	0.00929
89 Y	0.43762	0.55255	0.00983
90 F	0.54399	0.44209	0.01393
91 W	0.72827	0.25457	0.01717
92 Q	0.97471	0.00575	0.01954
93 R	0.97843	0.00198	0.01958
94 I	0.93817	0.04336	0.01847
95 K	0.93181	0.05011	0.01807
96 H	0.68391	0.29950	0.01658
97 L	0.45054	0.53693	0.01252
98 R	0.24797	0.74002	0.01201
99 F	0.04871	0.94147	0.00982
100 V	0.01489	0.97608	0.00903
101 F	0.01189	0.97920	0.0089
102 V	0.01100	0.98013	0.00886
103 I	0.01059	0.98054	0.00886
104 S	0.01040	0.98073	0.00886
105 L	0.01039	0.98075	0.00886
106 L	0.01038	0.98075	0.00886
107 I	0.01038	0.98075	0.00886
108 N	0.01038	0.98075	0.00886
109 L	0.01038	0.98071	0.0089
110 V	0.01038	0.98065	0.00896
111 P	0.01043	0.97115	0.01842
112 L	0.01065	0.96660	0.02275
113 E	0.01279	0.92636	0.06085
114 T	0.01339	0.91086	0.07575
115 V	0.01387	0.88812	0.09802
116 S	0.01464	0.29807	0.6873
117 C	0.01712	0.23124	0.75165
118 D	0.01904	0.18932	0.79165
119 A	0.01923	0.18841	0.79236
120 F	0.02016	0.18517	0.79467
121 M	0.02061	0.16223	0.81716
122 Q	0.02112	0.06563	0.91324
123 A	0.01908	0.07090	0.91003
124 S	0.01513	0.08602	0.89886
125 I	0.00983	0.83586	0.1543
126 P	0.00436	0.89637	0.09928
127 I	0.00209	0.96546	0.03245
128 L	0.00125	0.97604	0.02271
129 S	0.00055	0.97921	0.02024
130 Y	0.00020	0.99621	0.00359
131 T	0.00009	0.99790	0.002
132 I	0.00003	0.99972	0.00025
133 N	0.00002	0.99975	0.00022
134 S	0.00002	0.99979	0.00019
135 F	0.00001	0.99982	0.00016
136 W	0.00001	0.99982	0.00016
137 L	0.00002	0.99982	0.00016
138 F	0.00004	0.99979	0.00016
139 V	0.00013	0.99970	0.00016
140 I	0.00039	0.99944	0.00017
141 C	0.00066	0.99916	0.00018
142 I	0.00174	0.99804	0.00022
143 L	0.00444	0.99527	0.00028
144 L	0.02562	0.97385	0.00053
145 Y	0.10739	0.89133	0.00127
146 N	0.14715	0.84912	0.00372
147 F	0.16752	0.82357	0.00891
148 T	0.93057	0.05473	0.01469
149 K	0.95206	0.02680	0.02114
150 K	0.97839	0.00013	0.02148
151 Y	0.96113	0.01913	0.01974
152 T	0.94675	0.03406	0.01919
153 P	0.94207	0.03898	0.01894
154 F	0.57745	0.40403	0.01852
155 K	0.56506	0.41668	0.01826
156 L	0.14358	0.84283	0.01359
157 S	0.12492	0.86438	0.0107
158 Y	0.10078	0.89520	0.00402
159 L	0.02474	0.97296	0.0023
160 L	0.00267	0.99714	0.00018
161 F	0.00180	0.99814	6e-05
162 L	0.00179	0.99819	2e-05
163 F	0.00178	0.99821	0
164 F	0.00178	0.99822	0
165 C	0.00178	0.99822	0
166 V	0.00178	0.99822	0
167 F	0.00178	0.99822	0
168 V	0.00178	0.99821	0
169 I	0.00179	0.99817	4e-05
170 P	0.00181	0.99777	0.00042
171 S	0.00184	0.99628	0.00188
172 Y	0.00186	0.98793	0.01021
173 F	0.00204	0.98111	0.01685
174 P	0.00712	0.44330	0.54957
175 S	0.00966	0.36465	0.62569
176 N	0.01229	0.34344	0.64427
177 I	0.01307	0.33210	0.65484
178 Q	0.01456	0.32476	0.66068
179 N	0.01475	0.07398	0.91127
180 I	0.01512	0.06852	0.91636
181 L	0.01937	0.04965	0.93097
182 G	0.02117	0.01618	0.96266
183 C	0.02314	0.00119	0.97567
184 E	0.02328	0.00003	0.97668
185 P	0.02329	0.00001	0.9767
186 K	0.02329	0.00001	0.9767
187 K	0.02328	0.00007	0.97664
188 Y	0.02324	0.00450	0.97226
189 I	0.02321	0.00626	0.97053
190 L	0.02320	0.00719	0.96961
191 Q	0.02319	0.00863	0.96818
192 T	0.02309	0.01599	0.96092
193 T	0.01533	0.83023	0.15444
194 S	0.00834	0.93340	0.05827
195 F	0.00514	0.95233	0.04253
196 L	0.00349	0.97374	0.02277
197 R	0.00334	0.97736	0.0193
198 I	0.00280	0.98793	0.00928
199 C	0.00277	0.98843	0.00881
200 F	0.00137	0.99616	0.00247
201 I	0.00111	0.99775	0.00115
202 M	0.00099	0.99821	0.00079
203 T	0.00071	0.99856	0.00072
204 R	0.00068	0.99863	0.00069
205 L	0.00012	0.99934	0.00054
206 F	0.00003	0.99945	0.00052
207 L	0.00003	0.99946	0.00051
208 I	0.00036	0.99912	0.00052
209 V	0.00117	0.99831	0.00052
210 M	0.00144	0.99803	0.00053
211 L	0.00279	0.99664	0.00057
212 F	0.00387	0.99542	0.00071
213 F	0.00683	0.99195	0.00122
214 L	0.01204	0.98545	0.00252
215 F	0.03284	0.96211	0.00505
216 N	0.87204	0.11289	0.01507
217 K	0.96201	0.01793	0.02006
218 I	0.96495	0.01484	0.02021
219 T	0.96895	0.01033	0.02072
220 S	0.97018	0.00900	0.02082
221 F	0.97115	0.00780	0.02104
222 I	0.97161	0.00728	0.0211
223 E	0.97531	0.00206	0.02263
224 I	0.97557	0.00154	0.02289
225 Q	0.97596	0.00075	0.0233
226 D	0.97599	0.00027	0.02374
227 G	0.97595	0.00030	0.02376
228 L	0.97591	0.00026	0.02384
229 D	0.97591	0.00022	0.02387
230 I	0.97590	0.00024	0.02387
231 I	0.97586	0.00027	0.02387
232 L	0.97579	0.00033	0.02388
233 S	0.97577	0.00032	0.0239
234 P	0.97573	0.00036	0.02392
235 L	0.97489	0.00118	0.02393
236 K	0.97434	0.00167	0.02399
237 K	0.97168	0.00436	0.02397
238 L	0.94470	0.03444	0.02086
239 K	0.93928	0.04026	0.02046
240 I	0.90450	0.07991	0.01559
241 S	0.88983	0.09754	0.01263
242 T	0.88285	0.10856	0.00858
243 E	0.86886	0.12516	0.00599
244 T	0.83095	0.16680	0.00225
245 F	0.78384	0.21561	0.00055
246 T	0.77587	0.22380	0.00033
247 L	0.77295	0.22676	0.00028
248 M	0.77282	0.22691	0.00027
249 L	0.77263	0.22710	0.00027
250 S	0.77263	0.22707	0.0003
251 L	0.77262	0.22705	0.00033
252 I	0.77262	0.22705	0.00033
253 F	0.77262	0.22700	0.00039
254 M	0.77262	0.22687	0.00051
255 A	0.77262	0.22630	0.00108
256 N	0.77263	0.22367	0.00371
257 S	0.77263	0.22294	0.00443
258 F	0.77265	0.22044	0.00691
259 L	0.77278	0.21411	0.01311
260 L	0.77492	0.18709	0.03798
261 Q	0.79045	0.10772	0.10183
262 E	0.79393	0.06190	0.14417
263 T	0.79471	0.03425	0.17104
264 N	0.79503	0.01564	0.18933
265 K	0.79529	0.00953	0.19519
266 I	0.79532	0.00850	0.19618
267 L	0.79554	0.00577	0.19869
268 K	0.79632	0.00041	0.20326
269 A	0.79635	0.00027	0.20337
270 Q	0.79636	0.00011	0.20353
271 T	0.79636	0.00007	0.20357
272 A	0.79636	0.00001	0.20362
273 R	0.79636	0.00001	0.20363
274 G	0.79636	0.00000	0.20363
275 M	0.79636	0.00000	0.20364
276 D	0.79636	0.00000	0.20364
277 L	0.79635	0.00001	0.20364
278 H	0.79634	0.00002	0.20364
279 K	0.79631	0.00006	0.20363
280 K	0.79613	0.00025	0.20362
281 N	0.76731	0.03044	0.20225
282 I	0.69473	0.11571	0.18956
283 F	0.65888	0.15368	0.18745
284 K	0.65153	0.16410	0.18437
285 R	0.57306	0.32193	0.10501
286 I	0.44339	0.49049	0.06612
287 N	0.41946	0.52221	0.05834
288 H	0.16998	0.79987	0.03015
289 L	0.01991	0.97114	0.00895
290 L	0.00621	0.99127	0.00252
291 A	0.00471	0.99387	0.00142
292 L	0.00440	0.99433	0.00126
293 L	0.00423	0.99458	0.00119
294 V	0.00422	0.99461	0.00118
295 P	0.00422	0.99462	0.00117
296 I	0.00421	0.99470	0.00108
297 F	0.00421	0.99470	0.00108
298 V	0.00421	0.99466	0.00112
299 L	0.00422	0.99350	0.00227
300 V	0.00436	0.98735	0.0083
301 F	0.00521	0.96536	0.02943
302 K	0.02134	0.82007	0.15859
303 R	0.02231	0.81156	0.16613
304 S	0.02258	0.80450	0.17292
305 L	0.02689	0.79947	0.17365
306 V	0.04262	0.64827	0.3091
307 L	0.06357	0.58027	0.35616
308 S	0.18743	0.29304	0.51954
309 N	0.20022	0.26347	0.53632
310 A	0.20222	0.26108	0.5367
311 M	0.20445	0.05496	0.74059
312 E	0.20561	0.00453	0.78986
313 V	0.20602	0.00156	0.79242
314 R	0.20662	0.00052	0.79286
315 G	0.20662	0.00046	0.79291
316 Y	0.20663	0.00027	0.7931
317 V	0.20664	0.00026	0.7931
318 L	0.20665	0.00025	0.7931
319 G	0.20677	0.00011	0.79312
320 A	0.20677	0.00011	0.79312
321 A	0.20677	0.00009	0.79313
322 R	0.20678	0.00012	0.7931
323 T	0.20678	0.00031	0.79291
324 K	0.20670	0.00113	0.79217
325 M	0.17308	0.67679	0.15013
326 I	0.15758	0.77748	0.06494
327 T	0.13433	0.82409	0.04158
328 Y	0.03173	0.93628	0.03199
329 R	0.02790	0.94182	0.03028
330 L	0.00487	0.98319	0.01194
331 K	0.00442	0.98452	0.01105
332 I	0.00098	0.99496	0.00406
333 I	0.00083	0.99616	0.00301
334 D	0.00084	0.99615	0.00301
335 F	0.00084	0.99615	0.00301
336 I	0.00084	0.99615	0.00301
337 T	0.00084	0.99615	0.00301
338 I	0.00084	0.99615	0.00301
339 S	0.00084	0.99615	0.00301
340 T	0.00084	0.99615	0.00301
341 I	0.00084	0.99615	0.00301
342 F	0.00084	0.99614	0.00302
343 A	0.00096	0.99598	0.00306
344 L	0.00132	0.99528	0.0034
345 L	0.00347	0.99161	0.00492
346 F	0.01930	0.96828	0.01242
347 I	0.06814	0.89813	0.03374
348 K	0.79102	0.00000	0.20898
