# tr|Q2NIQ8|Q2NIQ8_AYWBP
# AA	inside	membr	outside
1 M	0.23854	0.00000	0.76146
2 L	0.23820	0.00034	0.76146
3 F	0.23815	0.00039	0.76146
4 V	0.23815	0.00192	0.75994
5 S	0.23771	0.00463	0.75766
6 I	0.23771	0.01202	0.75027
7 I	0.23421	0.01707	0.74872
8 Y	0.23421	0.01713	0.74866
9 I	0.23392	0.01952	0.74657
10 R	0.23392	0.02717	0.73891
11 D	0.23381	0.03192	0.73427
12 A	0.14720	0.18853	0.66428
13 L	0.06751	0.50747	0.42502
14 M	0.06749	0.50750	0.42501
15 K	0.06749	0.73618	0.19633
16 A	0.04230	0.76145	0.19626
17 S	0.00971	0.84258	0.14771
18 F	0.00892	0.94724	0.04384
19 F	0.00472	0.96902	0.02626
20 F	0.00291	0.98968	0.00742
21 I	0.00270	0.98990	0.0074
22 A	0.00270	0.98998	0.00732
23 V	0.00270	0.98997	0.00733
24 G	0.00272	0.98992	0.00736
25 I	0.00274	0.98957	0.00769
26 L	0.00280	0.98935	0.00785
27 L	0.00371	0.98770	0.00859
28 S	0.00613	0.98439	0.00948
29 S	0.01105	0.97902	0.00994
30 L	0.01238	0.97443	0.01319
31 L	0.01899	0.96111	0.0199
32 K	0.04943	0.90800	0.04257
33 I	0.06137	0.89483	0.0438
34 I	0.07987	0.87301	0.04712
35 C	0.24306	0.63385	0.12309
36 A	0.54157	0.26775	0.19068
37 Q	0.69345	0.08818	0.21838
38 N	0.74466	0.03082	0.22452
39 T	0.74885	0.01696	0.23419
40 K	0.75552	0.00169	0.2428
41 N	0.75654	0.00049	0.24297
42 K	0.75680	0.00005	0.24315
43 T	0.75684	0.00001	0.24315
44 A	0.75685	0.00001	0.24315
45 F	0.75685	0.00001	0.24315
46 L	0.75685	0.00000	0.24315
47 C	0.75685	0.00000	0.24315
48 S	0.75685	0.00000	0.24315
49 I	0.75685	0.00000	0.24315
50 Q	0.75685	0.00000	0.24315
51 K	0.75685	0.00000	0.24315
52 E	0.75685	0.00000	0.24315
53 K	0.75685	0.00000	0.24315
54 I	0.75685	0.00000	0.24315
55 M	0.75685	0.00000	0.24315
