# tr|Q2NJ93|Q2NJ93_AYWBP
# AA	inside	membr	outside
1 M	0.81747	0.00000	0.18253
2 W	0.11452	0.70295	0.18253
3 I	0.09511	0.72236	0.18253
4 F	0.09511	0.72831	0.17658
5 S	0.03676	0.78768	0.17555
6 I	0.03676	0.78780	0.17544
7 F	0.00965	0.81492	0.17542
8 A	0.00965	0.81492	0.17542
9 I	0.00870	0.81588	0.17542
10 I	0.00870	0.81588	0.17542
11 S	0.00869	0.81589	0.17542
12 N	0.00860	0.81598	0.17542
13 F	0.00840	0.81618	0.17542
14 L	0.00840	0.81618	0.17542
15 L	0.00840	0.81618	0.17542
16 N	0.00840	0.81618	0.17542
17 Y	0.00840	0.81519	0.17641
18 T	0.00840	0.81104	0.18055
19 K	0.00935	0.79157	0.19908
20 G	0.00940	0.78168	0.20892
21 F	0.00944	0.77942	0.21114
22 T	0.01047	0.75915	0.23038
23 T	0.01069	0.74820	0.24112
24 A	0.01095	0.71077	0.27828
25 E	0.01118	0.05772	0.9311
26 I	0.01131	0.05328	0.93542
27 M	0.01483	0.04156	0.94362
28 E	0.01550	0.00485	0.97965
29 R	0.01551	0.00278	0.98171
30 R	0.01551	0.00015	0.98434
31 L	0.01550	0.00107	0.98343
32 D	0.01550	0.00170	0.9828
33 G	0.01547	0.00605	0.97848
34 I	0.01545	0.02101	0.96354
35 Q	0.01544	0.02258	0.96198
36 T	0.01515	0.04351	0.94134
37 T	0.01401	0.14053	0.84547
38 L	0.00874	0.27812	0.71314
39 F	0.00289	0.97659	0.02052
40 T	0.00279	0.98342	0.01379
41 I	0.00269	0.99313	0.00418
42 L	0.00262	0.99634	0.00104
43 I	0.00261	0.99684	0.00055
44 V	0.00261	0.99709	0.00031
45 T	0.00261	0.99709	0.0003
46 G	0.00261	0.99710	0.00029
47 F	0.00261	0.99709	0.00029
48 K	0.00268	0.99703	0.00029
49 P	0.00271	0.99700	0.00029
50 I	0.00273	0.99699	0.00029
51 F	0.00304	0.99667	0.00029
52 K	0.00703	0.99266	0.00031
53 L	0.00743	0.99226	0.00031
54 I	0.00863	0.99106	0.00031
55 T	0.01140	0.98828	0.00032
56 N	0.01550	0.98415	0.00034
57 I	0.01933	0.98032	0.00035
58 I	0.02024	0.97938	0.00038
59 V	0.03368	0.96565	0.00067
60 F	0.12580	0.87238	0.00182
61 I	0.30449	0.68860	0.00691
62 K	0.98161	0.00526	0.01313
63 E	0.98605	0.00077	0.01318
64 T	0.98659	0.00023	0.01319
65 I	0.98664	0.00017	0.01319
66 S	0.98671	0.00010	0.01319
67 N	0.98679	0.00002	0.01319
68 K	0.98681	0.00000	0.01319
69 K	0.98681	0.00000	0.01319
70 L	0.98681	0.00000	0.01319
71 Q	0.98681	0.00000	0.01319
72 T	0.98681	0.00000	0.01319
73 L	0.98681	0.00000	0.01319
74 E	0.98681	0.00000	0.01319
75 I	0.98681	0.00000	0.01319
76 K	0.98681	0.00000	0.01319
77 N	0.98681	0.00000	0.01319
78 N	0.98681	0.00000	0.01319
79 T	0.98681	0.00000	0.01319
80 Q	0.98681	0.00000	0.01319
81 S	0.98681	0.00000	0.01319
82 E	0.98681	0.00000	0.01319
83 R	0.98681	0.00000	0.01319
84 K	0.98681	0.00000	0.01319
85 I	0.98680	0.00001	0.01319
86 K	0.98679	0.00002	0.01319
87 M	0.98648	0.00034	0.01319
88 T	0.98513	0.00170	0.01317
89 D	0.98467	0.00217	0.01317
90 S	0.95715	0.02975	0.01309
91 N	0.91801	0.06916	0.01284
92 F	0.61703	0.37371	0.00926
93 T	0.36867	0.62592	0.0054
94 I	0.12145	0.87513	0.00341
95 G	0.06633	0.93101	0.00266
96 F	0.00752	0.99184	0.00064
97 V	0.00356	0.99595	0.00049
98 S	0.00272	0.99686	0.00042
99 G	0.00073	0.99910	0.00017
100 A	0.00033	0.99963	4e-05
101 L	0.00009	0.99990	1e-05
102 F	0.00004	0.99996	0
103 V	0.00003	0.99996	0
104 T	0.00003	0.99996	0
105 G	0.00003	0.99996	0
106 L	0.00003	0.99995	2e-05
107 C	0.00003	0.99988	9e-05
108 F	0.00003	0.99971	0.00025
109 V	0.00003	0.99912	0.00085
110 F	0.00010	0.99461	0.00529
111 K	0.00035	0.97975	0.01989
112 Y	0.00037	0.97737	0.02227
113 L	0.00045	0.94436	0.05519
114 F	0.00073	0.90144	0.09784
115 F	0.00416	0.61838	0.37745
116 S	0.00835	0.36352	0.62812
117 F	0.00987	0.14550	0.84463
118 L	0.01070	0.08311	0.90618
119 Q	0.01266	0.01724	0.9701
120 L	0.01268	0.01254	0.97478
121 F	0.01271	0.01040	0.97688
122 N	0.01297	0.00343	0.9836
123 P	0.01306	0.00274	0.9842
124 N	0.01307	0.00852	0.97841
125 D	0.01302	0.04229	0.94469
126 T	0.01264	0.15668	0.83068
127 Y	0.01102	0.23457	0.75442
128 P	0.01091	0.25808	0.73102
129 I	0.01085	0.32916	0.65999
130 I	0.01084	0.34552	0.64364
131 I	0.01084	0.34627	0.64289
132 Q	0.01084	0.34633	0.64283
133 G	0.01084	0.34635	0.64281
134 S	0.01084	0.34635	0.64281
135 F	0.01084	0.34636	0.6428
136 N	0.01085	0.34635	0.6428
137 G	0.01086	0.34633	0.6428
138 G	0.01089	0.34630	0.64281
139 N	0.01093	0.34626	0.64281
140 F	0.01097	0.34622	0.64281
141 L	0.01134	0.34585	0.64281
142 M	0.01277	0.34441	0.64282
143 V	0.01605	0.34108	0.64288
144 F	0.07526	0.28164	0.6431
145 K	0.22621	0.12909	0.6447
146 T	0.24356	0.11165	0.64479
147 N	0.26178	0.09327	0.64495
148 S	0.27723	0.07779	0.64498
149 L	0.30482	0.05017	0.64501
150 F	0.35483	0.00000	0.64516
