# tr|Q2NIM4|Q2NIM4_AYWBP
# AA	inside	membr	outside
1 M	0.99937	0.00000	0.00063
2 Y	0.99937	0.00000	0.00063
3 S	0.99937	0.00000	0.00063
4 S	0.99937	0.00000	0.00063
5 I	0.99937	0.00000	0.00063
6 T	0.99937	0.00000	0.00063
7 Q	0.99937	0.00000	0.00063
8 K	0.99937	0.00000	0.00063
9 T	0.99935	0.00002	0.00063
10 K	0.99935	0.00002	0.00063
11 K	0.99842	0.00096	0.00063
12 T	0.79228	0.20712	0.0006
13 L	0.09278	0.90673	0.00048
14 H	0.09275	0.90677	0.00048
15 K	0.09275	0.90714	0.00012
16 Y	0.04572	0.95416	0.00012
17 I	0.00432	0.99560	8e-05
18 L	0.00415	0.99577	7e-05
19 A	0.00332	0.99661	7e-05
20 A	0.00116	0.99878	6e-05
21 H	0.00008	0.99986	6e-05
22 I	0.00002	0.99992	6e-05
23 L	0.00002	0.99992	6e-05
24 A	0.00002	0.99993	6e-05
25 L	0.00002	0.99993	6e-05
26 A	0.00002	0.99993	6e-05
27 L	0.00002	0.99992	7e-05
28 I	0.00002	0.99988	0.00011
29 L	0.00002	0.99961	0.00038
30 F	0.00002	0.99054	0.00944
31 H	0.00008	0.82597	0.17395
32 I	0.00010	0.65988	0.34002
33 S	0.00029	0.24414	0.75557
34 K	0.00051	0.13768	0.86181
35 Q	0.00054	0.11522	0.88424
36 M	0.00054	0.04062	0.95884
37 G	0.00054	0.03545	0.96401
38 F	0.00056	0.03452	0.96493
39 Y	0.00056	0.02754	0.9719
40 D	0.00059	0.00139	0.99802
41 Y	0.00059	0.00166	0.99775
42 F	0.00059	0.03091	0.96851
43 R	0.00059	0.03449	0.96492
44 S	0.00056	0.06789	0.93154
45 P	0.00040	0.14508	0.85452
46 L	0.00025	0.31467	0.68508
47 T	0.00025	0.59379	0.40596
48 Y	0.00024	0.64391	0.35585
49 K	0.00023	0.66485	0.33493
50 A	0.00010	0.90723	0.09267
51 Y	0.00003	0.97578	0.02419
52 L	0.00002	0.99496	0.00502
53 N	0.00001	0.99585	0.00414
54 F	0.00001	0.99956	0.00043
55 A	0.00001	0.99962	0.00037
56 L	0.00001	0.99963	0.00036
57 V	0.00001	0.99964	0.00035
58 P	0.00001	0.99965	0.00034
59 L	0.00002	0.99967	0.00032
60 F	0.00003	0.99965	0.00032
61 Y	0.00006	0.99963	0.00031
62 L	0.00008	0.99960	0.00031
63 G	0.00059	0.99910	0.00032
64 F	0.00128	0.99841	0.00032
65 F	0.09016	0.90952	0.00032
66 F	0.13723	0.86244	0.00033
67 G	0.34497	0.65465	0.00039
68 F	0.49494	0.50443	0.00063
69 K	0.93160	0.06752	0.00088
70 K	0.99483	0.00429	0.00088
71 A	0.59412	0.40546	0.00042
72 Y	0.45266	0.54725	9e-05
73 L	0.38740	0.61256	4e-05
74 T	0.32540	0.67458	2e-05
75 L	0.02294	0.97706	1e-05
76 I	0.00245	0.99755	0
77 I	0.00088	0.99912	0
78 Y	0.00064	0.99935	0
79 L	0.00026	0.99974	0
80 F	0.00019	0.99981	0
81 C	0.00019	0.99981	0
82 E	0.00021	0.99978	0
83 F	0.00021	0.99979	0
84 V	0.00021	0.99979	0
85 T	0.00021	0.99979	0
86 T	0.00021	0.99979	0
87 L	0.00021	0.99978	1e-05
88 G	0.00021	0.99975	3e-05
89 H	0.00021	0.99964	0.00015
90 F	0.00021	0.99934	0.00045
91 W	0.00023	0.99785	0.00193
92 I	0.00028	0.99243	0.00729
93 L	0.00035	0.94557	0.05408
94 A	0.00082	0.28137	0.71781
95 D	0.00109	0.02439	0.97452
96 Y	0.00109	0.01480	0.98411
97 D	0.00110	0.00991	0.989
98 I	0.00110	0.00735	0.99155
99 F	0.00110	0.00209	0.99681
100 L	0.00110	0.00137	0.99753
101 L	0.00110	0.00096	0.99794
102 E	0.00110	0.00062	0.99828
103 K	0.00110	0.00064	0.99826
104 I	0.00110	0.00176	0.99714
105 N	0.00108	0.00200	0.99691
106 I	0.00106	0.00315	0.99579
107 N	0.00105	0.00392	0.99502
108 K	0.00105	0.01338	0.98557
109 V	0.00099	0.21108	0.78793
110 T	0.00097	0.22065	0.77838
111 F	0.00060	0.23558	0.76381
112 F	0.00044	0.29317	0.7064
113 I	0.00020	0.95658	0.04322
114 L	0.00013	0.96955	0.03032
115 N	0.00012	0.97049	0.02939
116 Y	0.00013	0.98601	0.01386
117 L	0.00015	0.98966	0.01019
118 L	0.00033	0.99182	0.00785
119 K	0.00065	0.99166	0.00769
120 N	0.00067	0.99303	0.0063
121 L	0.00071	0.99736	0.00193
122 M	0.00074	0.99778	0.00149
123 P	0.00075	0.99790	0.00136
124 L	0.00075	0.99832	0.00093
125 L	0.00076	0.99843	0.00081
126 S	0.00083	0.99838	0.00079
127 W	0.00200	0.99723	0.00077
128 S	0.01177	0.98744	0.00079
129 F	0.03201	0.96718	0.00081
130 T	0.04330	0.95588	0.00082
131 G	0.06068	0.93848	0.00084
132 L	0.19948	0.79959	0.00093
133 L	0.20834	0.79069	0.00096
134 Y	0.21921	0.77939	0.00139
135 Y	0.26966	0.72882	0.00152
136 K	0.98673	0.01153	0.00174
137 D	0.99421	0.00403	0.00176
138 L	0.99425	0.00399	0.00176
139 S	0.99567	0.00257	0.00176
140 H	0.99616	0.00208	0.00176
141 F	0.99626	0.00198	0.00176
142 N	0.99665	0.00159	0.00176
143 I	0.99679	0.00145	0.00176
144 N	0.99782	0.00042	0.00176
145 K	0.99821	0.00003	0.00176
146 K	0.99600	0.00224	0.00176
147 N	0.89327	0.10508	0.00165
148 I	0.21338	0.78554	0.00108
149 I	0.20261	0.79642	0.00096
150 R	0.19556	0.80360	0.00084
151 L	0.06218	0.93734	0.00048
152 L	0.02250	0.97711	0.00039
153 I	0.00536	0.99461	3e-05
154 I	0.00283	0.99716	1e-05
155 L	0.00210	0.99790	0
156 I	0.00001	0.99999	0
157 I	0.00001	0.99999	0
158 I	0.00000	1.00000	0
159 M	0.00000	1.00000	0
160 L	0.00000	1.00000	0
161 I	0.00000	1.00000	0
162 H	0.00000	0.99993	7e-05
163 T	0.00000	0.99977	0.00023
164 C	0.00000	0.99956	0.00045
165 L	0.00000	0.99872	0.00128
166 Y	0.00002	0.99147	0.00851
167 T	0.00008	0.97226	0.02766
168 I	0.00011	0.96303	0.03686
169 N	0.00018	0.93975	0.06007
170 G	0.00028	0.85382	0.1459
171 Y	0.00063	0.21786	0.78151
172 L	0.00068	0.19808	0.80124
173 C	0.00082	0.17483	0.82435
174 Y	0.00118	0.08324	0.91558
175 L	0.00128	0.05417	0.94455
176 P	0.00171	0.02119	0.9771
177 S	0.00173	0.01811	0.98017
178 I	0.00174	0.01720	0.98106
179 K	0.00176	0.00508	0.99317
180 Y	0.00176	0.00468	0.99356
181 I	0.00176	0.00392	0.99433
182 L	0.00176	0.00291	0.99533
183 K	0.00176	0.00004	0.99819
184 D	0.00176	0.00039	0.99785
185 N	0.00157	0.04769	0.95074
186 S	0.00123	0.05468	0.94408
187 H	0.00105	0.06131	0.93764
188 Y	0.00060	0.12997	0.86942
189 N	0.00055	0.15830	0.84115
190 I	0.00025	0.57333	0.42643
191 F	0.00015	0.59057	0.40929
192 F	0.00013	0.60747	0.3924
193 A	0.00013	0.62109	0.37878
194 N	0.00012	0.62627	0.37361
195 G	0.00012	0.65163	0.34826
196 I	0.00010	0.68157	0.31833
197 T	0.00010	0.69304	0.30685
198 S	0.00010	0.70961	0.29029
199 F	0.00009	0.77971	0.2202
200 I	0.00009	0.84655	0.15336
201 T	0.00009	0.87963	0.12028
202 I	0.00004	0.97994	0.02002
203 F	0.00017	0.99079	0.00904
204 V	0.00053	0.99502	0.00445
205 L	0.00150	0.99505	0.00344
206 N	0.00817	0.98819	0.00364
207 L	0.01539	0.98238	0.00223
208 E	0.19777	0.80037	0.00187
209 T	0.21436	0.78491	0.00073
210 V	0.21041	0.78922	0.00036
211 I	0.22694	0.77276	0.0003
212 T	0.22225	0.77741	0.00034
213 C	0.22354	0.77601	0.00045
214 N	0.06412	0.93544	0.00044
215 L	0.02316	0.97651	0.00033
216 L	0.01988	0.97980	0.00033
217 L	0.01867	0.98101	0.00033
218 L	0.02249	0.97718	0.00033
219 V	0.03639	0.96327	0.00034
220 C	0.05051	0.94914	0.00035
221 V	0.06725	0.93239	0.00036
222 I	0.15028	0.84935	0.00037
223 Y	0.25719	0.74239	0.00042
224 L	0.36228	0.63724	0.00047
225 N	0.70525	0.29402	0.00073
226 P	0.74712	0.25181	0.00107
227 R	0.76065	0.23618	0.00317
228 L	0.76222	0.23278	0.005
229 K	0.76440	0.22729	0.0083
230 I	0.76456	0.22680	0.00864
231 I	0.76473	0.22539	0.00988
232 Y	0.76553	0.20066	0.03381
233 Q	0.76569	0.19336	0.04095
234 T	0.76570	0.18886	0.04544
235 Y	0.76571	0.18405	0.05024
236 F	0.76571	0.17654	0.05775
237 Y	0.76572	0.03997	0.1943
238 D	0.76580	0.00048	0.23372
239 N	0.76580	0.00004	0.23416
240 K	0.76580	0.00000	0.2342
