# tr|Q2NJ48|Q2NJ48_AYWBP
# AA	inside	membr	outside
1 M	0.76467	0.00000	0.23533
2 L	0.08013	0.68454	0.23533
3 T	0.06699	0.69768	0.23533
4 F	0.06699	0.85161	0.0814
5 I	0.02860	0.95093	0.02047
6 F	0.02860	0.96081	0.01059
7 F	0.00991	0.98199	0.0081
8 A	0.00991	0.98205	0.00804
9 I	0.00979	0.98232	0.00789
10 W	0.00979	0.98486	0.00535
11 F	0.00979	0.98493	0.00528
12 T	0.00978	0.98494	0.00527
13 F	0.00978	0.98508	0.00514
14 V	0.00978	0.98508	0.00514
15 F	0.00978	0.98515	0.00507
16 F	0.00978	0.98515	0.00507
17 Q	0.00978	0.96967	0.02055
18 I	0.00978	0.96592	0.0243
19 P	0.05082	0.90239	0.04679
20 K	0.07869	0.42588	0.49542
21 T	0.08016	0.41131	0.50852
22 M	0.08935	0.28244	0.6282
23 P	0.09443	0.26505	0.64051
24 V	0.10711	0.24738	0.64551
25 D	0.15491	0.10586	0.73922
26 F	0.15567	0.10355	0.74077
27 S	0.20227	0.04706	0.75066
28 F	0.22090	0.02343	0.75566
29 C	0.23029	0.01384	0.75587
30 Y	0.23449	0.00617	0.75934
31 K	0.23610	0.00461	0.7593
32 L	0.22728	0.01941	0.75331
33 P	0.22597	0.02513	0.7489
34 V	0.21409	0.35536	0.43055
35 N	0.20506	0.38215	0.4128
36 L	0.16872	0.59653	0.23476
37 I	0.12850	0.67777	0.19373
38 F	0.07699	0.74967	0.17334
39 G	0.02184	0.96545	0.01271
40 L	0.00308	0.98837	0.00855
41 L	0.00045	0.99511	0.00444
42 L	0.00014	0.99712	0.00274
43 S	0.00013	0.99743	0.00243
44 F	0.00003	0.99910	0.00087
45 F	0.00001	0.99990	8e-05
46 I	0.00001	0.99996	3e-05
47 T	0.00006	0.99992	2e-05
48 F	0.00001	0.99998	1e-05
49 I	0.00001	0.99998	1e-05
50 I	0.00001	0.99997	2e-05
51 L	0.00002	0.99988	0.0001
52 V	0.00027	0.99935	0.00038
53 F	0.00073	0.99842	0.00085
54 C	0.00305	0.99462	0.00232
55 L	0.00617	0.98979	0.00403
56 V	0.01541	0.97935	0.00524
57 L	0.29003	0.69770	0.01227
58 M	0.34076	0.63813	0.02111
59 T	0.51539	0.44011	0.0445
60 F	0.54711	0.36968	0.08321
61 L	0.57443	0.28102	0.14455
62 P	0.74082	0.04408	0.21509
63 P	0.74747	0.01777	0.23476
64 N	0.75187	0.00957	0.23855
65 H	0.75342	0.00765	0.23893
66 Y	0.75378	0.00708	0.23914
67 F	0.75452	0.00599	0.23949
68 K	0.75863	0.00141	0.23996
69 G	0.75878	0.00125	0.23997
70 F	0.75877	0.00126	0.23997
71 V	0.75880	0.00122	0.23998
72 S	0.75886	0.00116	0.23998
73 L	0.75886	0.00115	0.23998
74 N	0.75888	0.00113	0.23999
75 L	0.75888	0.00111	0.24
76 S	0.75890	0.00107	0.24003
77 R	0.75890	0.00105	0.24005
78 F	0.75887	0.00108	0.24006
79 V	0.75888	0.00102	0.2401
80 N	0.75890	0.00086	0.24025
81 R	0.75893	0.00066	0.24041
82 F	0.75887	0.00069	0.24044
83 L	0.75886	0.00067	0.24047
84 R	0.75890	0.00053	0.24057
85 I	0.75890	0.00049	0.2406
86 K	0.75891	0.00027	0.24082
87 V	0.75885	0.00033	0.24082
88 V	0.75885	0.00032	0.24083
89 V	0.75885	0.00026	0.2409
90 Q	0.75885	0.00025	0.2409
91 N	0.75885	0.00024	0.24091
92 P	0.75885	0.00023	0.24092
93 H	0.75885	0.00023	0.24093
94 L	0.75885	0.00023	0.24093
95 I	0.75885	0.00022	0.24093
96 P	0.75885	0.00018	0.24097
97 S	0.75885	0.00016	0.24099
98 K	0.75885	0.00015	0.24101
99 E	0.75884	0.00016	0.24101
100 N	0.75874	0.00026	0.241
101 V	0.75856	0.00049	0.24096
102 V	0.75843	0.00063	0.24094
103 I	0.75830	0.00078	0.24092
104 Y	0.75819	0.00089	0.24092
105 A	0.75817	0.00083	0.24099
106 N	0.75815	0.00082	0.24103
107 H	0.75810	0.00085	0.24105
108 K	0.75806	0.00090	0.24105
109 S	0.75781	0.00123	0.24096
110 Y	0.75773	0.00135	0.24092
111 T	0.75772	0.00137	0.24091
112 D	0.75770	0.00138	0.24091
113 P	0.75767	0.00142	0.24091
114 F	0.75764	0.00147	0.24089
115 V	0.75763	0.00148	0.24089
116 I	0.75763	0.00148	0.24089
117 A	0.75763	0.00148	0.24089
118 S	0.75759	0.00151	0.2409
119 V	0.75757	0.00153	0.2409
120 I	0.75755	0.00154	0.24091
121 P	0.75760	0.00130	0.24111
122 R	0.75760	0.00116	0.24124
123 T	0.75755	0.00115	0.24129
124 L	0.75745	0.00122	0.24133
125 S	0.75739	0.00121	0.24139
126 F	0.75737	0.00117	0.24147
127 S	0.75741	0.00074	0.24185
128 P	0.75740	0.00074	0.24186
129 K	0.75725	0.00094	0.24181
130 Q	0.75415	0.00460	0.24124
131 N	0.72368	0.03706	0.23926
132 F	0.44353	0.33903	0.21744
133 N	0.43489	0.35782	0.2073
134 C	0.42572	0.37952	0.19477
135 F	0.41872	0.40721	0.17407
136 F	0.41554	0.43831	0.14614
137 G	0.41459	0.44391	0.14149
138 T	0.41429	0.44675	0.13896
139 A	0.41296	0.44847	0.13857
140 W	0.41280	0.44868	0.13852
141 F	0.41279	0.44866	0.13856
142 L	0.41279	0.44862	0.1386
143 K	0.41280	0.44846	0.13874
144 L	0.41280	0.44846	0.13875
145 A	0.41280	0.44843	0.13876
146 F	0.41280	0.44838	0.13881
147 L	0.41286	0.44770	0.13945
148 S	0.41313	0.44550	0.14136
149 L	0.41331	0.44058	0.14611
150 D	0.41546	0.39609	0.18845
151 C	0.41579	0.38830	0.1959
152 M	0.41712	0.38083	0.20205
153 V	0.41845	0.37575	0.2058
154 I	0.42575	0.34394	0.2303
155 S	0.46688	0.06714	0.46598
156 R	0.50707	0.01877	0.47415
157 D	0.51525	0.00236	0.4824
158 E	0.51609	0.00059	0.48332
159 I	0.51622	0.00034	0.48344
160 R	0.51637	0.00003	0.48361
161 K	0.51637	0.00000	0.48362
162 T	0.51636	0.00003	0.48361
163 A	0.51634	0.00006	0.4836
164 Q	0.51631	0.00022	0.48347
165 N	0.51593	0.00064	0.48342
166 L	0.51568	0.00092	0.4834
167 I	0.51566	0.00097	0.48337
168 N	0.51564	0.00099	0.48336
169 A	0.51562	0.00109	0.48328
170 V	0.51560	0.00111	0.48328
171 P	0.51560	0.00111	0.48328
172 K	0.51560	0.00112	0.48328
173 V	0.51560	0.00112	0.48328
174 K	0.51560	0.00112	0.48328
175 N	0.51560	0.00112	0.48328
176 G	0.51560	0.00112	0.48328
177 M	0.51560	0.00112	0.48328
178 V	0.51560	0.00112	0.48328
179 M	0.51560	0.00112	0.48328
180 V	0.51560	0.00112	0.48328
181 V	0.51560	0.00111	0.48329
182 F	0.51560	0.00108	0.48331
183 P	0.51565	0.00093	0.48342
184 E	0.51568	0.00076	0.48356
185 G	0.51569	0.00074	0.48357
186 G	0.51570	0.00070	0.4836
187 I	0.51583	0.00051	0.48366
188 K	0.51592	0.00005	0.48403
189 D	0.51594	0.00000	0.48406
190 R	0.51594	0.00000	0.48406
191 N	0.51594	0.00000	0.48406
192 N	0.51593	0.00000	0.48406
193 E	0.51593	0.00001	0.48405
194 Q	0.51593	0.00011	0.48396
195 A	0.51579	0.00053	0.48368
196 M	0.51543	0.00191	0.48266
197 P	0.51527	0.00218	0.48256
198 L	0.51505	0.00272	0.48224
199 L	0.51499	0.00304	0.48197
200 G	0.51497	0.00316	0.48187
201 G	0.51496	0.00322	0.48182
202 A	0.51496	0.00326	0.48178
203 F	0.51496	0.00326	0.48178
204 K	0.51496	0.00326	0.48178
205 I	0.51496	0.00329	0.48176
206 A	0.51495	0.00329	0.48175
207 C	0.51495	0.00329	0.48175
208 K	0.51496	0.00329	0.48175
209 S	0.51496	0.00329	0.48175
210 Q	0.51496	0.00329	0.48175
211 A	0.51496	0.00330	0.48175
212 S	0.51496	0.00329	0.48175
213 I	0.51496	0.00329	0.48175
214 L	0.51496	0.00327	0.48178
215 P	0.51498	0.00316	0.48186
216 L	0.51500	0.00312	0.48189
217 T	0.51515	0.00292	0.48194
218 I	0.51541	0.00251	0.48207
219 K	0.51677	0.00066	0.48257
220 G	0.51682	0.00055	0.48263
221 A	0.51699	0.00032	0.48269
222 S	0.51710	0.00019	0.48271
223 Q	0.51720	0.00007	0.48272
224 I	0.51723	0.00005	0.48272
225 K	0.51727	0.00000	0.48273
226 N	0.51727	0.00000	0.48273
227 K	0.51727	0.00000	0.48273
228 R	0.51727	0.00000	0.48273
229 F	0.51727	0.00000	0.48273
230 W	0.51727	0.00000	0.48273
231 Q	0.51727	0.00000	0.48273
232 K	0.51727	0.00000	0.48273
233 K	0.51727	0.00000	0.48273
234 V	0.51727	0.00000	0.48273
235 V	0.51726	0.00000	0.48273
236 E	0.51726	0.00001	0.48273
237 I	0.51726	0.00001	0.48273
238 I	0.51726	0.00001	0.48273
239 I	0.51726	0.00001	0.48273
240 H	0.51726	0.00001	0.48273
241 P	0.51726	0.00001	0.48273
242 P	0.51726	0.00001	0.48273
243 L	0.51726	0.00001	0.48273
244 K	0.51726	0.00000	0.48273
245 Y	0.51726	0.00000	0.48273
246 D	0.51726	0.00000	0.48273
247 N	0.51726	0.00000	0.48273
248 Y	0.51726	0.00000	0.48273
249 C	0.51726	0.00000	0.48273
250 N	0.51726	0.00000	0.48273
251 T	0.51726	0.00001	0.48273
252 N	0.51726	0.00001	0.48273
253 M	0.51726	0.00001	0.48273
254 H	0.51726	0.00001	0.48273
255 Q	0.51726	0.00001	0.48273
256 L	0.51726	0.00001	0.48273
257 A	0.51726	0.00000	0.48273
258 I	0.51726	0.00000	0.48274
259 D	0.51726	0.00000	0.48274
260 V	0.51726	0.00000	0.48274
261 Q	0.51726	0.00000	0.48274
262 N	0.51726	0.00000	0.48274
263 I	0.51726	0.00000	0.48274
264 I	0.51726	0.00000	0.48274
265 N	0.51726	0.00000	0.48274
266 S	0.51726	0.00000	0.48274
267 S	0.51726	0.00000	0.48274
268 F	0.51726	0.00000	0.48274
269 N	0.51726	0.00000	0.48274
