# lcl|CP097583.1_cds_USQ93605.1_1
# AA	inside	membr	outside
1 A	0.24459	0.00000	0.75542
2 T	0.24321	0.00138	0.75542
3 G	0.24273	0.00185	0.75542
4 G	0.24273	0.00458	0.75269
5 A	0.23782	0.01501	0.74717
6 A	0.23782	0.01576	0.74643
7 A	0.22964	0.02420	0.74616
8 C	0.22964	0.02420	0.74616
9 A	0.22757	0.02651	0.74592
10 T	0.22756	0.03896	0.73347
11 T	0.22639	0.04166	0.73195
12 T	0.19570	0.07297	0.73133
13 T	0.14805	0.12602	0.72593
14 A	0.14803	0.12604	0.72593
15 T	0.14803	0.13769	0.71428
16 A	0.14548	0.14024	0.71428
17 A	0.14312	0.14280	0.71408
18 T	0.14286	0.14347	0.71367
19 A	0.12215	0.16493	0.71292
20 A	0.08425	0.21523	0.70052
21 A	0.04840	0.25102	0.70058
22 G	0.04718	0.25208	0.70073
23 A	0.04664	0.25226	0.7011
24 T	0.04664	0.25187	0.70149
25 C	0.04615	0.25031	0.70355
26 A	0.04596	0.25038	0.70366
27 A	0.04799	0.24809	0.70393
28 A	0.05280	0.24068	0.70652
29 A	0.05374	0.23944	0.70681
30 T	0.05547	0.23188	0.71266
31 A	0.05586	0.22835	0.71579
32 A	0.05671	0.22098	0.72232
33 A	0.06735	0.19881	0.73384
34 T	0.07027	0.18829	0.74144
35 C	0.07323	0.15540	0.77136
36 T	0.07884	0.12627	0.7949
37 T	0.07958	0.12473	0.79569
38 G	0.08387	0.12010	0.79604
39 G	0.08159	0.12176	0.79665
40 A	0.08158	0.12168	0.79675
41 A	0.08206	0.11547	0.80246
42 G	0.08327	0.09114	0.82559
43 T	0.09486	0.04527	0.85987
44 T	0.09466	0.01719	0.88815
45 T	0.09434	0.01576	0.8899
46 A	0.09410	0.01513	0.89077
47 G	0.09399	0.01468	0.89132
48 G	0.09398	0.01423	0.89179
49 T	0.09411	0.01451	0.89138
50 T	0.09419	0.01633	0.88948
51 T	0.09419	0.02090	0.88491
52 G	0.09411	0.02183	0.88405
53 G	0.09406	0.02249	0.88345
54 A	0.09401	0.02322	0.88277
55 A	0.09401	0.02347	0.88251
56 C	0.09410	0.02362	0.88229
57 T	0.09438	0.02521	0.88041
58 A	0.09457	0.02639	0.87904
59 T	0.09518	0.02587	0.87895
60 A	0.09544	0.02568	0.87888
61 A	0.09583	0.02521	0.87897
62 G	0.09703	0.02176	0.8812
63 T	0.09898	0.01931	0.88172
64 T	0.09944	0.01854	0.88202
65 T	0.09986	0.01799	0.88215
66 T	0.10006	0.01795	0.88199
67 T	0.10026	0.01759	0.88216
68 T	0.10036	0.01729	0.88234
69 G	0.10035	0.01720	0.88245
70 G	0.10053	0.01704	0.88243
71 C	0.10090	0.01674	0.88235
72 A	0.10171	0.01595	0.88234
73 G	0.10397	0.01368	0.88235
74 T	0.10906	0.00859	0.88234
75 T	0.11012	0.00752	0.88237
76 C	0.11071	0.00698	0.8823
77 T	0.11150	0.00643	0.88208
78 A	0.11179	0.00633	0.88188
79 A	0.11213	0.00608	0.88179
80 T	0.11382	0.00443	0.88176
81 T	0.11501	0.00331	0.88168
82 T	0.11517	0.00320	0.88163
83 T	0.11525	0.00317	0.88158
84 A	0.11514	0.00334	0.88151
85 T	0.11518	0.00330	0.88153
86 T	0.11512	0.00335	0.88153
87 A	0.11502	0.00344	0.88153
88 A	0.11514	0.00329	0.88157
89 C	0.11544	0.00291	0.88165
90 T	0.11558	0.00276	0.88166
91 T	0.11570	0.00261	0.88169
92 C	0.11579	0.00247	0.88173
93 T	0.11591	0.00238	0.88171
94 T	0.11597	0.00232	0.88171
95 T	0.11599	0.00230	0.88171
96 A	0.11600	0.00230	0.8817
97 T	0.11607	0.00222	0.88171
98 C	0.11613	0.00213	0.88174
99 A	0.11625	0.00202	0.88173
100 T	0.11653	0.00173	0.88174
101 T	0.11674	0.00152	0.88174
102 T	0.11683	0.00144	0.88174
103 A	0.11686	0.00141	0.88173
104 T	0.11694	0.00125	0.88181
105 T	0.11700	0.00112	0.88188
106 T	0.11704	0.00098	0.88198
107 T	0.11707	0.00078	0.88215
108 A	0.11706	0.00071	0.88222
109 G	0.11706	0.00058	0.88235
110 C	0.11708	0.00047	0.88245
111 T	0.11708	0.00046	0.88246
112 G	0.11708	0.00047	0.88245
113 T	0.11711	0.00045	0.88244
114 T	0.11711	0.00046	0.88243
115 A	0.11710	0.00047	0.88242
116 T	0.11712	0.00042	0.88246
117 C	0.11710	0.00039	0.88251
118 G	0.11709	0.00040	0.88251
119 T	0.11708	0.00041	0.88252
120 C	0.11696	0.00054	0.8825
121 T	0.11684	0.00079	0.88236
122 T	0.11662	0.00123	0.88215
123 G	0.11577	0.00215	0.88208
124 T	0.11514	0.00290	0.88197
125 T	0.11444	0.00369	0.88187
126 A	0.11351	0.00480	0.88169
127 C	0.11288	0.00543	0.88169
128 G	0.11241	0.00603	0.88157
129 T	0.11214	0.00633	0.88153
130 T	0.11192	0.00656	0.88152
131 C	0.11157	0.00691	0.88153
132 A	0.11139	0.00712	0.88149
133 C	0.11133	0.00717	0.88149
134 C	0.11131	0.00721	0.88149
135 A	0.11127	0.00726	0.88147
136 G	0.11125	0.00728	0.88146
137 C	0.11121	0.00733	0.88145
138 T	0.11122	0.00736	0.88143
139 A	0.11119	0.00743	0.88139
140 A	0.11117	0.00747	0.88136
141 A	0.11118	0.00748	0.88134
142 G	0.11119	0.00749	0.88132
143 A	0.11121	0.00732	0.88147
144 A	0.11135	0.00704	0.88162
145 A	0.11154	0.00655	0.88191
146 A	0.11163	0.00555	0.88282
147 T	0.11177	0.00471	0.88352
148 G	0.11185	0.00390	0.88425
149 A	0.11201	0.00299	0.885
150 G	0.11204	0.00221	0.88575
151 G	0.11216	0.00155	0.88629
152 C	0.11221	0.00122	0.88658
153 T	0.11223	0.00114	0.88663
154 C	0.11225	0.00107	0.88668
155 A	0.11228	0.00136	0.88636
156 T	0.11230	0.00138	0.88632
157 T	0.11231	0.00137	0.88632
158 T	0.11232	0.00132	0.88637
159 G	0.11231	0.00130	0.8864
160 C	0.11232	0.00120	0.88648
161 C	0.11234	0.00117	0.8865
162 A	0.11237	0.00113	0.88651
163 C	0.11242	0.00107	0.8865
164 C	0.11248	0.00102	0.8865
165 T	0.11254	0.00097	0.88649
166 G	0.11258	0.00093	0.88649
167 T	0.11265	0.00086	0.88649
168 G	0.11268	0.00083	0.88649
169 C	0.11271	0.00079	0.8865
170 C	0.11274	0.00076	0.8865
171 A	0.11276	0.00074	0.8865
172 C	0.11281	0.00069	0.8865
173 C	0.11285	0.00065	0.8865
174 T	0.11289	0.00061	0.8865
175 T	0.11293	0.00057	0.88649
176 C	0.11295	0.00056	0.88649
177 A	0.11295	0.00056	0.88649
178 G	0.11321	0.00031	0.88649
179 T	0.11326	0.00025	0.88649
180 T	0.11326	0.00025	0.88649
181 C	0.11324	0.00027	0.88649
182 C	0.11322	0.00028	0.8865
183 T	0.11314	0.00037	0.88649
184 A	0.11291	0.00060	0.88648
185 T	0.11284	0.00068	0.88648
186 T	0.11263	0.00089	0.88648
187 C	0.11210	0.00142	0.88648
188 C	0.11160	0.00191	0.88648
189 T	0.11109	0.00242	0.88648
190 A	0.11067	0.00284	0.88648
191 C	0.11047	0.00304	0.88649
192 A	0.11033	0.00318	0.88648
193 C	0.11028	0.00323	0.8865
194 C	0.11022	0.00329	0.88649
195 T	0.11010	0.00343	0.88647
196 T	0.10977	0.00376	0.88647
197 T	0.10937	0.00416	0.88647
198 A	0.10872	0.00484	0.88644
199 T	0.10828	0.00528	0.88643
200 C	0.10779	0.00572	0.88649
201 T	0.10713	0.00644	0.88643
202 A	0.10589	0.00784	0.88627
203 A	0.10544	0.00834	0.88623
204 T	0.10515	0.00865	0.8862
205 A	0.10480	0.00908	0.88612
206 A	0.10469	0.00911	0.8862
207 T	0.10466	0.00888	0.88646
208 A	0.10462	0.00878	0.8866
209 A	0.10460	0.00852	0.88688
210 T	0.10457	0.00792	0.8875
211 T	0.10455	0.00744	0.88801
212 C	0.10449	0.00705	0.88846
213 A	0.10444	0.00693	0.88863
214 T	0.10440	0.00688	0.88872
215 T	0.10435	0.00694	0.88871
216 A	0.10426	0.00707	0.88867
217 G	0.10423	0.00707	0.8887
218 A	0.10422	0.00689	0.88889
219 T	0.10422	0.00638	0.88941
220 G	0.10422	0.00575	0.89003
221 T	0.10427	0.00506	0.89067
222 T	0.10430	0.00459	0.89111
223 A	0.10432	0.00416	0.89153
224 G	0.10438	0.00338	0.89224
225 T	0.10457	0.00211	0.89333
226 T	0.10461	0.00168	0.89371
227 C	0.10465	0.00142	0.89392
228 T	0.10472	0.00127	0.89401
229 T	0.10473	0.00134	0.89392
230 T	0.10468	0.00167	0.89364
231 A	0.10412	0.00262	0.89326
232 T	0.10359	0.00370	0.89271
233 T	0.10218	0.00626	0.89156
234 A	0.10129	0.00880	0.88991
235 G	0.10072	0.00994	0.88934
236 A	0.10038	0.01067	0.88895
237 A	0.10026	0.01104	0.88869
238 T	0.10030	0.01122	0.88848
239 T	0.09998	0.01152	0.88849
240 A	0.09899	0.01255	0.88846
241 T	0.09859	0.01295	0.88846
242 T	0.09800	0.01353	0.88847
243 C	0.09677	0.01476	0.88847
244 G	0.09548	0.01605	0.88847
245 C	0.09508	0.01645	0.88848
246 T	0.09469	0.01684	0.88847
247 C	0.09388	0.01767	0.88845
248 C	0.09350	0.01812	0.88838
249 T	0.09327	0.01848	0.88825
250 A	0.09291	0.01895	0.88813
251 A	0.09279	0.01913	0.88809
252 A	0.09284	0.01908	0.88809
253 G	0.09305	0.01878	0.88816
254 A	0.09345	0.01769	0.88885
255 A	0.09417	0.01622	0.8896
256 C	0.09554	0.01325	0.89122
257 T	0.09719	0.01103	0.89178
258 T	0.09771	0.01025	0.89204
259 A	0.09788	0.00999	0.89213
260 A	0.09801	0.00985	0.89214
261 T	0.09812	0.00976	0.89212
262 A	0.09785	0.00972	0.89244
263 G	0.09752	0.00898	0.8935
264 T	0.09726	0.00886	0.89387
265 A	0.09600	0.01010	0.89389
266 A	0.09515	0.00980	0.89505
267 T	0.09430	0.00907	0.89663
268 G	0.09376	0.00902	0.89723
269 G	0.09356	0.00879	0.89764
270 C	0.09351	0.00823	0.89826
271 T	0.09356	0.00807	0.89836
272 T	0.09352	0.00804	0.89844
273 T	0.09347	0.00794	0.89859
274 A	0.09332	0.00800	0.89868
275 T	0.09327	0.00798	0.89875
276 G	0.09320	0.00789	0.89892
277 C	0.09316	0.00782	0.89902
278 C	0.09316	0.00778	0.89906
279 T	0.09317	0.00777	0.89906
280 C	0.09303	0.00790	0.89906
281 T	0.09308	0.00788	0.89903
282 G	0.09308	0.00791	0.89901
283 G	0.09316	0.00788	0.89896
284 A	0.09328	0.00777	0.89895
285 T	0.09359	0.00720	0.89921
286 G	0.09365	0.00670	0.89965
287 A	0.09383	0.00622	0.89995
288 T	0.09430	0.00450	0.9012
289 T	0.09431	0.00376	0.90193
290 T	0.09425	0.00305	0.9027
291 T	0.09408	0.00347	0.90245
292 T	0.09378	0.00512	0.9011
293 T	0.09319	0.00578	0.90103
294 T	0.09094	0.00827	0.90079
295 G	0.08546	0.01428	0.90027
296 G	0.08228	0.01844	0.89928
297 C	0.07909	0.02220	0.89872
298 G	0.07681	0.02643	0.89676
299 A	0.07514	0.02872	0.89614
300 T	0.07353	0.03092	0.89554
301 G	0.07006	0.03528	0.89466
302 A	0.06643	0.04228	0.89129
303 C	0.06513	0.04772	0.88715
304 A	0.06407	0.06698	0.86895
305 A	0.06369	0.07326	0.86304
306 A	0.06345	0.07684	0.85971
307 A	0.06309	0.07977	0.85714
308 T	0.06297	0.08135	0.85568
309 T	0.06220	0.08349	0.85431
310 A	0.06062	0.08603	0.85335
311 A	0.05967	0.08769	0.85263
312 A	0.05928	0.08843	0.85229
313 G	0.05911	0.08841	0.85247
314 G	0.05952	0.08783	0.85266
315 T	0.06095	0.08642	0.85264
316 A	0.06102	0.08698	0.852
317 A	0.06103	0.08619	0.85278
318 A	0.06181	0.08144	0.85675
319 T	0.06299	0.07743	0.85957
320 T	0.06331	0.07501	0.86168
321 A	0.06401	0.07435	0.86164
322 A	0.06442	0.07392	0.86166
323 A	0.06506	0.07277	0.86218
324 A	0.06613	0.06904	0.86484
325 G	0.07036	0.06132	0.86831
326 A	0.07688	0.05429	0.86882
327 T	0.09620	0.03482	0.86898
328 T	0.10090	0.03107	0.86802
329 A	0.10280	0.03090	0.86629
330 T	0.10362	0.02966	0.86673
331 A	0.10086	0.03281	0.86633
332 T	0.10038	0.03281	0.86681
333 A	0.09152	0.04117	0.86732
334 C	0.08719	0.04501	0.8678
335 A	0.08141	0.05222	0.86637
336 T	0.07777	0.05743	0.8648
337 A	0.06289	0.07625	0.86086
338 G	0.04707	0.09580	0.85714
339 A	0.03939	0.10871	0.85191
340 T	0.03675	0.11149	0.85176
341 G	0.03083	0.11815	0.85101
342 G	0.02813	0.12083	0.85104
343 G	0.02637	0.12249	0.85113
344 C	0.02589	0.12272	0.85139
345 A	0.02478	0.12392	0.85129
346 C	0.02375	0.12508	0.85118
347 C	0.02304	0.12620	0.85077
348 A	0.02195	0.12859	0.84946
349 A	0.02106	0.13117	0.84778
350 A	0.02045	0.13323	0.84632
351 A	0.02083	0.13412	0.84505
352 A	0.02173	0.13356	0.84471
353 A	0.02190	0.13171	0.84639
354 T	0.02235	0.12732	0.85034
355 A	0.02219	0.12581	0.852
356 A	0.02239	0.11672	0.8609
357 A	0.02272	0.11147	0.86581
358 A	0.02404	0.10344	0.87252
359 A	0.02589	0.09607	0.87804
360 G	0.02955	0.07734	0.89312
361 G	0.03310	0.05875	0.90815
362 A	0.03770	0.04917	0.91313
363 A	0.03842	0.04825	0.91333
364 T	0.03925	0.04800	0.91275
365 A	0.03875	0.05447	0.90678
366 T	0.03865	0.05679	0.90456
367 A	0.03825	0.06106	0.90068
368 A	0.03789	0.06653	0.89558
369 T	0.03811	0.07334	0.88855
370 A	0.03817	0.09022	0.8716
371 A	0.03878	0.09476	0.86646
372 A	0.04024	0.09808	0.86168
373 G	0.04171	0.09567	0.86263
374 T	0.04311	0.09399	0.8629
375 T	0.04378	0.09352	0.86269
376 A	0.04393	0.09407	0.862
377 C	0.04407	0.09385	0.86209
378 T	0.04428	0.09442	0.86131
379 A	0.04410	0.09563	0.86026
380 G	0.04431	0.09574	0.85996
381 T	0.04513	0.09534	0.85952
382 A	0.04532	0.09597	0.85871
383 A	0.04564	0.09574	0.85862
384 A	0.04676	0.09436	0.85889
385 A	0.04892	0.09190	0.85918
386 A	0.05267	0.08770	0.85964
387 A	0.06008	0.07974	0.86018
388 C	0.06964	0.06925	0.86112
389 T	0.07596	0.06313	0.86091
390 A	0.08077	0.05817	0.86106
391 G	0.08745	0.05109	0.86146
392 G	0.09663	0.04176	0.86161
393 T	0.11422	0.02398	0.86179
394 C	0.11970	0.01813	0.86218
395 T	0.12549	0.01236	0.86214
396 T	0.12645	0.01148	0.86208
397 G	0.12688	0.01114	0.86197
398 A	0.12786	0.01020	0.86193
399 T	0.12938	0.00860	0.86203
400 T	0.12992	0.00781	0.86228
401 T	0.13067	0.00680	0.86254
402 T	0.13157	0.00551	0.86292
403 C	0.13187	0.00491	0.86321
404 C	0.13213	0.00462	0.86325
405 T	0.13263	0.00418	0.86319
406 A	0.13279	0.00411	0.8631
407 T	0.13283	0.00409	0.86308
408 G	0.13283	0.00412	0.86305
409 G	0.13289	0.00410	0.86301
410 G	0.13304	0.00395	0.863
411 A	0.13331	0.00374	0.86295
412 A	0.13392	0.00316	0.86292
413 T	0.13439	0.00259	0.86303
414 T	0.13450	0.00260	0.8629
415 A	0.13456	0.00280	0.86263
416 T	0.13473	0.00279	0.86249
417 T	0.13480	0.00291	0.86228
418 T	0.13485	0.00327	0.86188
419 T	0.13482	0.00339	0.86179
420 T	0.13401	0.00443	0.86156
421 T	0.13079	0.00814	0.86107
422 A	0.11971	0.01995	0.86034
423 C	0.11100	0.02873	0.86027
424 G	0.10759	0.03221	0.8602
425 G	0.10495	0.03498	0.86008
426 A	0.10390	0.03605	0.86005
427 C	0.10328	0.03662	0.86009
428 C	0.10267	0.03724	0.86009
429 T	0.10182	0.03813	0.86006
430 C	0.09980	0.04019	0.86001
431 C	0.09858	0.04154	0.85988
432 A	0.09775	0.04293	0.85932
433 G	0.09746	0.04329	0.85925
434 G	0.09708	0.04373	0.85919
435 A	0.09653	0.04438	0.85909
436 A	0.09569	0.04530	0.85901
437 C	0.09544	0.04551	0.85905
438 A	0.09428	0.04723	0.85849
439 G	0.09397	0.04828	0.85775
440 G	0.09400	0.04873	0.85727
441 A	0.09415	0.04907	0.85678
442 A	0.09421	0.04894	0.85684
443 A	0.09444	0.04722	0.85834
444 A	0.09484	0.04320	0.86195
445 A	0.09545	0.03187	0.87268
446 C	0.09557	0.02332	0.88111
447 A	0.09565	0.02081	0.88354
448 G	0.09581	0.01842	0.88577
449 A	0.09589	0.01832	0.8858
450 A	0.09586	0.01825	0.88589
451 C	0.09586	0.01747	0.88667
452 T	0.09603	0.01604	0.88793
453 T	0.09605	0.01394	0.89001
454 G	0.09604	0.01321	0.89075
455 C	0.09631	0.01295	0.89074
456 T	0.09627	0.01435	0.88938
457 A	0.09606	0.01501	0.88894
458 A	0.09601	0.01592	0.88808
459 G	0.09558	0.01849	0.88593
460 G	0.09558	0.02021	0.8842
461 C	0.09626	0.01928	0.88445
462 T	0.09706	0.02355	0.87939
463 T	0.09736	0.02472	0.87792
464 T	0.09722	0.02676	0.87602
465 T	0.09682	0.02919	0.87399
466 G	0.09597	0.03156	0.87247
467 C	0.09545	0.03329	0.87125
468 A	0.09509	0.03582	0.8691
469 A	0.09460	0.03758	0.86781
470 A	0.09461	0.03889	0.8665
471 A	0.09491	0.03945	0.86564
472 G	0.09558	0.03895	0.86548
473 A	0.09628	0.03847	0.86526
474 T	0.09655	0.03826	0.86518
475 T	0.09673	0.03823	0.86504
476 C	0.09684	0.03822	0.86494
477 A	0.09702	0.03878	0.8642
478 A	0.09742	0.03909	0.86349
479 A	0.09857	0.03817	0.86326
480 A	0.09965	0.03723	0.86313
481 A	0.10162	0.03550	0.86288
482 T	0.10603	0.03053	0.86344
483 G	0.10796	0.02862	0.86342
484 A	0.10957	0.02738	0.86305
485 A	0.11445	0.02287	0.86268
486 T	0.11745	0.02001	0.86254
487 T	0.11991	0.01799	0.8621
488 T	0.12239	0.01527	0.86233
489 T	0.12357	0.01351	0.86292
490 T	0.12424	0.01255	0.86321
491 A	0.12400	0.01256	0.86344
492 C	0.12422	0.01184	0.86394
493 C	0.12494	0.01107	0.86399
494 C	0.12539	0.01063	0.86398
495 C	0.12418	0.01190	0.86392
496 A	0.12316	0.01296	0.86387
497 T	0.12251	0.01367	0.86382
498 T	0.12078	0.01551	0.86371
499 A	0.11646	0.02002	0.86351
500 C	0.11371	0.02301	0.86328
501 T	0.11076	0.02776	0.86149
502 A	0.10499	0.03368	0.86133
503 A	0.10309	0.03570	0.86121
504 T	0.10228	0.03647	0.86124
505 G	0.09883	0.03995	0.86122
506 C	0.09737	0.04137	0.86126
507 A	0.09685	0.04249	0.86066
508 C	0.09527	0.04415	0.86058
509 A	0.09449	0.04512	0.86039
510 T	0.09483	0.04491	0.86025
511 T	0.09394	0.04594	0.86012
512 C	0.09184	0.04805	0.86012
513 A	0.09020	0.04989	0.85991
514 T	0.08939	0.05015	0.86046
515 T	0.08834	0.05110	0.86056
516 A	0.08668	0.05278	0.86054
517 A	0.08590	0.05376	0.86033
518 A	0.08554	0.05255	0.86191
519 A	0.08530	0.05114	0.86356
520 G	0.08520	0.04975	0.86504
521 A	0.08502	0.04789	0.86709
522 A	0.08505	0.04382	0.87113
523 A	0.08537	0.03952	0.87511
524 T	0.08714	0.03319	0.87967
525 C	0.08723	0.02692	0.88585
526 G	0.08728	0.02578	0.88695
527 A	0.08728	0.02595	0.88678
528 A	0.08717	0.02519	0.88765
529 G	0.08720	0.02529	0.88751
530 A	0.08781	0.02585	0.88633
531 T	0.08806	0.02549	0.88645
532 A	0.08817	0.02917	0.88267
533 T	0.08835	0.03036	0.88128
534 T	0.08827	0.02993	0.88179
535 T	0.08647	0.03061	0.88291
536 G	0.08306	0.03336	0.88358
537 G	0.08227	0.03495	0.88278
538 C	0.08195	0.03823	0.87982
539 G	0.08165	0.04579	0.87255
540 T	0.08176	0.05023	0.86801
541 A	0.08163	0.05183	0.86654
542 A	0.08165	0.05238	0.86598
543 A	0.08149	0.05277	0.86574
544 G	0.08138	0.05277	0.86584
545 C	0.08142	0.05279	0.86579
546 T	0.08115	0.05381	0.86503
547 A	0.08051	0.05543	0.86406
548 G	0.08021	0.05574	0.86405
549 A	0.08027	0.05569	0.86404
550 A	0.08081	0.05515	0.86404
551 A	0.08192	0.05384	0.86424
552 C	0.08372	0.05188	0.86441
553 A	0.08592	0.04962	0.86445
554 A	0.08885	0.04658	0.86456
555 T	0.09421	0.04104	0.86476
556 A	0.09668	0.03836	0.86495
557 G	0.09812	0.03661	0.86527
558 T	0.10102	0.03124	0.86775
559 C	0.10289	0.02551	0.8716
560 C	0.10526	0.02242	0.87232
561 T	0.10961	0.01786	0.87253
562 T	0.11575	0.01159	0.87266
563 C	0.11849	0.00876	0.87274
564 T	0.11993	0.00735	0.87271
565 T	0.12045	0.00686	0.87269
566 G	0.12061	0.00675	0.87264
567 T	0.12088	0.00831	0.8708
568 A	0.12073	0.01252	0.86675
569 T	0.12112	0.01340	0.86549
570 T	0.12070	0.01607	0.86323
571 T	0.11957	0.01954	0.86089
572 T	0.11850	0.02325	0.85825
573 T	0.11589	0.02893	0.85519
574 G	0.11128	0.03567	0.85305
575 T	0.10939	0.03955	0.85106
576 A	0.10622	0.04496	0.84883
577 G	0.10384	0.04894	0.84722
578 A	0.10212	0.05354	0.84434
579 T	0.10098	0.05574	0.84328
580 G	0.09988	0.05702	0.8431
581 A	0.09887	0.05836	0.84277
582 A	0.09821	0.05920	0.84258
583 G	0.09795	0.05953	0.84251
584 C	0.09777	0.06001	0.84223
585 G	0.09702	0.06158	0.8414
586 G	0.09690	0.06261	0.84049
587 A	0.09692	0.06322	0.83986
588 A	0.09698	0.06352	0.8395
589 G	0.09741	0.06330	0.8393
590 A	0.10005	0.06084	0.83911
591 A	0.10535	0.05525	0.8394
592 A	0.10910	0.05053	0.84037
593 T	0.11406	0.04265	0.8433
594 T	0.11656	0.03801	0.84543
595 T	0.11617	0.04039	0.84344
596 T	0.11482	0.04453	0.84065
597 A	0.10994	0.05411	0.83594
598 A	0.10761	0.05553	0.83686
599 A	0.10717	0.05366	0.83917
600 A	0.10600	0.05304	0.84096
601 T	0.10040	0.05784	0.84175
602 C	0.07323	0.08579	0.84098
603 A	0.05229	0.11019	0.83752
604 A	0.04200	0.12027	0.83773
605 G	0.03357	0.12861	0.83782
606 A	0.02976	0.13245	0.83779
607 G	0.02807	0.13405	0.83788
608 C	0.02759	0.13377	0.83865
609 T	0.02751	0.13436	0.83813
610 G	0.02507	0.13775	0.83718
611 A	0.02238	0.14210	0.83553
612 A	0.02076	0.14513	0.83411
613 A	0.01939	0.14816	0.83245
614 A	0.01891	0.14840	0.83268
615 A	0.01900	0.14784	0.83316
616 G	0.01950	0.14611	0.83439
617 A	0.02084	0.14332	0.83583
618 C	0.02404	0.13590	0.84006
619 G	0.02787	0.12986	0.84227
620 T	0.03363	0.12061	0.84577
621 G	0.03394	0.11907	0.84699
622 A	0.03444	0.11833	0.84724
623 A	0.03523	0.11583	0.84894
624 A	0.03672	0.10320	0.86007
625 T	0.03912	0.07098	0.8899
626 T	0.04233	0.04910	0.90858
627 A	0.04250	0.04144	0.91606
628 T	0.04247	0.03476	0.92277
629 T	0.04140	0.03673	0.92187
630 A	0.03670	0.04669	0.91661
631 G	0.03421	0.05275	0.91304
632 A	0.03284	0.06299	0.90417
633 A	0.03297	0.07312	0.89391
634 G	0.03349	0.09084	0.87566
635 A	0.03433	0.10177	0.8639
636 T	0.03309	0.11085	0.85606
637 G	0.02999	0.12726	0.84275
638 G	0.02865	0.13784	0.83351
639 A	0.02766	0.15103	0.82131
640 G	0.02684	0.15672	0.81644
641 A	0.02670	0.15730	0.81601
642 T	0.02633	0.15776	0.8159
643 A	0.02587	0.15831	0.81583
644 G	0.02540	0.15867	0.81593
645 C	0.02552	0.15866	0.81582
646 A	0.02506	0.15991	0.81503
647 A	0.02433	0.16164	0.81404
648 G	0.02437	0.16277	0.81286
649 A	0.02482	0.16258	0.81259
650 A	0.02449	0.16313	0.81238
651 A	0.02425	0.16286	0.81288
652 A	0.02719	0.15840	0.8144
653 C	0.03394	0.14710	0.81896
654 A	0.03928	0.14002	0.8207
655 A	0.04986	0.12787	0.82227
656 A	0.06470	0.11222	0.82308
657 T	0.09046	0.08531	0.82422
658 A	0.10320	0.07205	0.82475
659 C	0.11651	0.05454	0.82895
660 T	0.13174	0.03679	0.83147
661 T	0.13821	0.02939	0.83241
662 T	0.14261	0.02496	0.83244
663 T	0.14401	0.02287	0.83312
664 T	0.14378	0.02299	0.83323
665 T	0.14285	0.02288	0.83426
666 A	0.14014	0.02545	0.83441
667 C	0.13753	0.02783	0.83464
668 A	0.13579	0.03143	0.83278
669 A	0.13522	0.03319	0.83159
670 G	0.13559	0.03317	0.83124
671 A	0.13647	0.03340	0.83014
672 A	0.13656	0.03336	0.83008
673 A	0.13608	0.03232	0.8316
674 T	0.13572	0.03019	0.83409
675 T	0.13420	0.03004	0.83576
676 C	0.12890	0.03580	0.83531
677 A	0.12016	0.04897	0.83087
678 A	0.11388	0.06054	0.82558
679 G	0.10917	0.07005	0.82077
680 G	0.10451	0.07608	0.81941
681 G	0.10340	0.07920	0.8174
682 G	0.10310	0.08297	0.81394
683 T	0.10310	0.08669	0.81021
684 C	0.10299	0.09360	0.80341
685 A	0.10326	0.09606	0.80068
686 A	0.10327	0.09610	0.80063
687 A	0.10312	0.09601	0.80086
688 A	0.10319	0.09500	0.8018
689 C	0.10369	0.09227	0.80403
690 C	0.10437	0.08936	0.80627
691 G	0.10584	0.08736	0.80679
692 A	0.10706	0.08605	0.80689
693 T	0.10800	0.08515	0.80686
694 A	0.10841	0.08483	0.80676
695 A	0.10851	0.08445	0.80704
696 A	0.10883	0.08258	0.80859
697 G	0.10916	0.08025	0.81058
698 A	0.10981	0.07751	0.81269
699 A	0.11147	0.07057	0.81796
700 A	0.11616	0.05750	0.82634
701 A	0.12176	0.04546	0.83277
702 A	0.12711	0.03478	0.83811
703 C	0.13025	0.02567	0.84409
704 C	0.13387	0.02092	0.84521
705 T	0.13868	0.01600	0.84533
706 G	0.14197	0.01287	0.84516
707 T	0.14820	0.00669	0.84511
708 T	0.15029	0.00481	0.8449
709 T	0.15057	0.00512	0.84431
710 T	0.15075	0.00535	0.84391
711 T	0.15087	0.00577	0.84336
712 T	0.15094	0.00658	0.84248
713 T	0.15090	0.00801	0.84109
714 T	0.15080	0.01064	0.83856
715 A	0.14956	0.01283	0.83761
716 T	0.14835	0.01505	0.83659
717 T	0.14474	0.02081	0.83445
718 G	0.13659	0.02936	0.83404
719 C	0.12884	0.03720	0.83396
720 G	0.12202	0.04445	0.83353
721 G	0.11895	0.04758	0.83347
722 C	0.11781	0.04878	0.83341
723 C	0.11703	0.04971	0.83327
724 A	0.11618	0.05117	0.83265
725 C	0.11602	0.05154	0.83244
726 T	0.11596	0.05167	0.83236
727 A	0.11584	0.05192	0.83223
728 A	0.11596	0.05183	0.83221
729 T	0.11635	0.05145	0.8322
730 C	0.11655	0.05129	0.83216
731 A	0.11689	0.05103	0.83208
732 C	0.11785	0.05011	0.83204
733 T	0.11897	0.04916	0.83188
734 T	0.11968	0.04865	0.83167
735 A	0.11994	0.04864	0.83142
736 G	0.12064	0.04818	0.83119
737 A	0.12223	0.04663	0.83114
738 A	0.12304	0.04402	0.83294
739 A	0.12422	0.04083	0.83495
740 A	0.12647	0.03466	0.83886
741 A	0.12716	0.02648	0.84635
742 A	0.12754	0.01844	0.85402
743 T	0.12823	0.01136	0.86041
744 T	0.12847	0.00838	0.86315
745 G	0.12855	0.00732	0.86414
746 A	0.12867	0.00662	0.86471
747 T	0.12916	0.00533	0.86551
748 T	0.12912	0.00517	0.86572
749 C	0.12900	0.00518	0.86582
750 A	0.12895	0.00560	0.86544
751 G	0.12894	0.00590	0.86516
752 C	0.12897	0.00615	0.86489
753 T	0.12909	0.00608	0.86483
754 A	0.12922	0.00602	0.86476
755 T	0.12939	0.00581	0.86479
756 T	0.12949	0.00568	0.86483
757 C	0.12930	0.00576	0.86494
758 G	0.12932	0.00533	0.86535
759 T	0.12966	0.00472	0.86562
760 T	0.12975	0.00448	0.86577
761 C	0.12976	0.00437	0.86587
762 T	0.12983	0.00430	0.86588
763 C	0.12982	0.00427	0.86591
764 G	0.12988	0.00421	0.86591
765 T	0.13004	0.00406	0.86589
766 T	0.13013	0.00402	0.86585
767 G	0.13022	0.00392	0.86586
768 T	0.13029	0.00382	0.86589
769 G	0.13033	0.00362	0.86605
770 A	0.13038	0.00335	0.86627
771 C	0.13045	0.00303	0.86652
772 G	0.13060	0.00281	0.8666
773 C	0.13111	0.00229	0.8666
774 T	0.13153	0.00227	0.86621
775 T	0.13175	0.00259	0.86566
776 T	0.13172	0.00368	0.86459
777 A	0.13138	0.00602	0.8626
778 T	0.13110	0.00807	0.86082
779 A	0.13074	0.00948	0.85978
780 T	0.13024	0.01051	0.85926
781 G	0.12867	0.01348	0.85785
782 T	0.12740	0.01863	0.85398
783 T	0.12201	0.02957	0.84841
784 G	0.11335	0.05621	0.83044
785 G	0.10683	0.06987	0.82331
786 T	0.10521	0.07360	0.82119
787 A	0.10301	0.07737	0.81962
788 A	0.10169	0.07939	0.81891
789 C	0.10124	0.07993	0.81883
790 C	0.10075	0.08048	0.81877
791 A	0.09968	0.08168	0.81864
792 A	0.09869	0.08272	0.81859
793 C	0.09790	0.08356	0.81854
794 C	0.09751	0.08411	0.81838
795 A	0.09682	0.08528	0.8179
796 G	0.09634	0.08601	0.81766
797 A	0.09656	0.08602	0.81742
798 A	0.09697	0.08579	0.81724
799 G	0.09786	0.08500	0.81714
800 A	0.09969	0.08308	0.81723
801 T	0.10173	0.08108	0.81719
802 A	0.10249	0.08028	0.81723
803 A	0.10247	0.08016	0.81737
804 A	0.10380	0.07690	0.8193
805 A	0.10741	0.07107	0.82153
806 G	0.11239	0.05978	0.82783
807 A	0.12836	0.03652	0.83511
808 C	0.13584	0.02257	0.84158
809 T	0.13885	0.01865	0.8425
810 T	0.14027	0.01668	0.84306
811 G	0.13918	0.01879	0.84202
812 A	0.13853	0.01932	0.84214
813 T	0.13751	0.02015	0.84233
814 T	0.13594	0.02083	0.84323
815 A	0.13341	0.02334	0.84325
816 C	0.13060	0.02539	0.84401
817 A	0.12808	0.02801	0.84391
818 T	0.12579	0.02996	0.84425
819 T	0.11913	0.03645	0.84441
820 C	0.11429	0.04179	0.84392
821 G	0.11116	0.04652	0.84232
822 A	0.10880	0.05112	0.84008
823 G	0.10738	0.05341	0.83921
824 T	0.10643	0.05465	0.83892
825 A	0.10443	0.05678	0.83878
826 G	0.10365	0.05648	0.83986
827 T	0.10286	0.05676	0.84038
828 C	0.10157	0.05799	0.84043
829 A	0.10056	0.06024	0.83919
830 T	0.10066	0.06066	0.83868
831 T	0.09999	0.06258	0.83743
832 G	0.09830	0.06530	0.83641
833 A	0.09738	0.06751	0.8351
834 T	0.09776	0.06664	0.8356
835 A	0.09661	0.06965	0.83374
836 A	0.09554	0.07199	0.83247
837 A	0.09485	0.07301	0.83213
838 A	0.09511	0.07208	0.8328
839 T	0.09501	0.06910	0.83589
840 G	0.09436	0.06828	0.83736
841 T	0.09421	0.06860	0.83719
842 A	0.09309	0.06811	0.83881
843 T	0.09311	0.06690	0.83999
844 A	0.09337	0.06732	0.83932
845 A	0.09499	0.06552	0.83949
846 A	0.09570	0.06394	0.84036
847 T	0.09630	0.06259	0.84111
848 T	0.09652	0.06197	0.84152
849 A	0.09624	0.06480	0.83897
850 A	0.09630	0.06921	0.8345
851 A	0.09648	0.07741	0.8261
852 T	0.09765	0.07959	0.82277
853 A	0.09591	0.09163	0.81247
854 T	0.09596	0.09526	0.80877
855 A	0.09413	0.09946	0.8064
856 G	0.09101	0.10515	0.80383
857 A	0.08946	0.10993	0.80061
858 A	0.09018	0.11112	0.7987
859 A	0.09193	0.11032	0.79775
860 A	0.09440	0.10776	0.79785
861 A	0.09740	0.10490	0.7977
862 T	0.10055	0.10095	0.7985
863 A	0.10242	0.09802	0.79957
864 T	0.10539	0.09388	0.80072
865 G	0.10739	0.09054	0.80206
866 C	0.10935	0.08781	0.80285
867 T	0.11186	0.08491	0.80323
868 T	0.11311	0.08343	0.80346
869 G	0.11294	0.08345	0.80361
870 C	0.11372	0.08260	0.80368
871 G	0.11480	0.08150	0.8037
872 A	0.11806	0.07790	0.80405
873 A	0.12402	0.07162	0.80435
874 T	0.13574	0.05958	0.80468
875 A	0.14129	0.05383	0.80488
876 T	0.15418	0.03802	0.8078
877 T	0.15904	0.03146	0.8095
878 A	0.16163	0.02646	0.8119
879 T	0.16462	0.01947	0.81591
880 A	0.16718	0.01482	0.818
881 T	0.16971	0.01038	0.81991
882 T	0.17143	0.00770	0.82087
883 C	0.17226	0.00624	0.8215
884 C	0.17306	0.00525	0.82169
885 T	0.17336	0.00524	0.8214
886 T	0.17348	0.00544	0.82108
887 T	0.17353	0.00597	0.82051
888 T	0.17352	0.00700	0.81949
889 T	0.17346	0.00830	0.81824
890 T	0.17340	0.00961	0.81699
891 T	0.17298	0.01059	0.81643
892 G	0.17241	0.01166	0.81593
893 T	0.17169	0.01331	0.815
894 T	0.16438	0.02229	0.81333
895 A	0.15361	0.03817	0.80822
896 A	0.14148	0.05630	0.80222
897 G	0.13604	0.07075	0.79322
898 A	0.13266	0.08928	0.77806
899 A	0.13080	0.09753	0.77167
900 A	0.13031	0.10336	0.76633
901 A	0.13022	0.10718	0.76259
902 T	0.13019	0.10745	0.76236
903 G	0.13007	0.10789	0.76204
904 A	0.13004	0.10806	0.7619
905 A	0.13002	0.10822	0.76176
906 C	0.12997	0.10824	0.76179
907 A	0.13003	0.10818	0.76178
908 C	0.13041	0.10779	0.7618
909 A	0.13083	0.10739	0.76177
910 G	0.13168	0.10654	0.76178
911 C	0.13309	0.10511	0.7618
912 T	0.13544	0.10276	0.7618
913 T	0.13729	0.10098	0.76173
914 T	0.13836	0.09935	0.76228
915 A	0.13906	0.09856	0.76237
916 A	0.13978	0.09738	0.76284
917 G	0.14123	0.08797	0.77079
918 A	0.14556	0.07396	0.78049
919 A	0.15176	0.05601	0.79223
920 A	0.16221	0.04056	0.79722
921 T	0.17806	0.02093	0.80101
922 C	0.18375	0.01346	0.80279
923 C	0.18835	0.00858	0.80307
924 T	0.19107	0.00646	0.80247
925 G	0.19052	0.00818	0.8013
926 A	0.18997	0.01342	0.7966
927 A	0.19006	0.01836	0.79158
928 T	0.19043	0.02655	0.78302
929 T	0.19037	0.02778	0.78185
930 A	0.18986	0.03008	0.78007
931 T	0.18964	0.03079	0.77957
932 T	0.18831	0.03254	0.77915
933 C	0.18635	0.03485	0.7788
934 G	0.18459	0.03686	0.77854
935 C	0.18371	0.03776	0.77853
936 T	0.18347	0.03805	0.77849
937 A	0.18212	0.03941	0.77848
938 C	0.18178	0.03974	0.77847
939 C	0.18092	0.04061	0.77847
940 G	0.18030	0.04129	0.77841
941 C	0.18030	0.04132	0.77838
942 T	0.18041	0.04134	0.77825
943 A	0.18043	0.04155	0.77801
944 T	0.18066	0.04143	0.77791
945 T	0.18082	0.04122	0.77796
946 A	0.18098	0.04107	0.77795
947 A	0.18152	0.04014	0.77834
948 A	0.18277	0.03804	0.77919
949 C	0.18696	0.03284	0.7802
950 A	0.19151	0.02802	0.78047
951 T	0.20003	0.01925	0.78072
952 G	0.20139	0.01762	0.781
953 G	0.20326	0.01532	0.78142
954 T	0.20409	0.01439	0.78152
955 T	0.20449	0.01268	0.78283
956 A	0.20464	0.01107	0.78429
957 T	0.20486	0.00898	0.78615
958 T	0.20488	0.00789	0.78724
959 A	0.20486	0.00777	0.78738
960 T	0.20487	0.00651	0.78862
961 A	0.20474	0.00610	0.78916
962 T	0.20477	0.00492	0.79031
963 T	0.20384	0.00494	0.79122
964 C	0.20262	0.00599	0.79139
965 C	0.20177	0.00682	0.79142
966 T	0.20124	0.00745	0.79131
967 G	0.19948	0.00937	0.79115
968 C	0.19724	0.01191	0.79084
969 T	0.19549	0.01597	0.78854
970 T	0.19255	0.02166	0.78578
971 T	0.18627	0.03403	0.7797
972 A	0.17653	0.05166	0.77182
973 G	0.17193	0.05674	0.77133
974 G	0.16908	0.06058	0.77034
975 G	0.16758	0.06267	0.76974
976 T	0.16746	0.06287	0.76967
977 C	0.16720	0.06325	0.76955
978 T	0.16691	0.06391	0.76918
979 A	0.16605	0.06559	0.76836
980 C	0.16577	0.06622	0.76801
981 T	0.16541	0.06817	0.76641
982 G	0.16491	0.07164	0.76345
983 A	0.16438	0.07741	0.75821
984 G	0.16356	0.08281	0.75363
985 A	0.16269	0.09296	0.74435
986 T	0.16188	0.09657	0.74154
987 A	0.15969	0.10200	0.73831
988 A	0.15703	0.10888	0.73409
989 A	0.15574	0.11139	0.73286
990 A	0.15552	0.11098	0.7335
991 G	0.15589	0.10940	0.7347
992 G	0.15843	0.10651	0.73505
993 A	0.16104	0.10541	0.73355
994 A	0.16727	0.09548	0.73725
995 T	0.17471	0.08057	0.74473
996 A	0.17476	0.07755	0.74769
997 T	0.17582	0.07492	0.74926
998 C	0.17572	0.07471	0.74957
999 T	0.17521	0.08205	0.74274
1000 G	0.16423	0.11110	0.72467
1001 A	0.15681	0.13056	0.71263
1002 T	0.15358	0.13775	0.70866
1003 G	0.13797	0.15839	0.70365
1004 A	0.13083	0.17236	0.69682
1005 A	0.12706	0.18100	0.69194
1006 A	0.12660	0.18717	0.68623
1007 A	0.12789	0.19204	0.68006
1008 T	0.13545	0.18527	0.67928
1009 A	0.13740	0.18302	0.67958
1010 A	0.14020	0.17838	0.68142
1011 T	0.14394	0.17212	0.68395
1012 C	0.14362	0.17105	0.68533
1013 C	0.14377	0.17062	0.6856
1014 T	0.14154	0.17292	0.68554
1015 A	0.13512	0.17948	0.68539
1016 A	0.13634	0.17837	0.68529
1017 C	0.13575	0.17911	0.68514
1018 G	0.13529	0.18026	0.68445
1019 G	0.13660	0.17879	0.68461
1020 T	0.14087	0.17507	0.68406
1021 A	0.14156	0.17521	0.68324
1022 A	0.14720	0.17020	0.6826
1023 T	0.16840	0.13517	0.69643
1024 T	0.17962	0.11589	0.70449
1025 T	0.17910	0.11302	0.70788
1026 A	0.17129	0.11038	0.71833
1027 G	0.16806	0.10668	0.72526
1028 A	0.16713	0.10316	0.72971
1029 A	0.16974	0.09657	0.73368
1030 A	0.17530	0.08797	0.73673
1031 C	0.17682	0.08389	0.73928
1032 T	0.17652	0.09441	0.72907
1033 T	0.17185	0.11671	0.71144
1034 T	0.15683	0.13714	0.70603
1035 A	0.12820	0.17802	0.69378
1036 G	0.10958	0.20748	0.68294
1037 A	0.10256	0.22855	0.66888
1038 C	0.09746	0.23360	0.66895
1039 G	0.09284	0.25368	0.65347
1040 A	0.08723	0.29232	0.62045
1041 T	0.08612	0.30741	0.60648
1042 A	0.08356	0.32234	0.59411
1043 A	0.08191	0.33658	0.58152
1044 A	0.08225	0.33962	0.57813
1045 T	0.08347	0.33751	0.57902
1046 T	0.08381	0.34138	0.57482
1047 A	0.08361	0.35103	0.56535
1048 A	0.08383	0.35642	0.55975
1049 A	0.08451	0.36766	0.54783
1050 A	0.08428	0.36850	0.54722
1051 A	0.08328	0.37181	0.5449
1052 G	0.08252	0.37381	0.54367
1053 A	0.08339	0.37610	0.54051
1054 A	0.08555	0.37595	0.5385
1055 A	0.09747	0.36244	0.54009
1056 A	0.11470	0.33939	0.54591
1057 G	0.12353	0.31551	0.56096
1058 A	0.14144	0.27725	0.58131
1059 A	0.16228	0.24366	0.59406
1060 T	0.19249	0.21129	0.59622
1061 T	0.20577	0.19931	0.59492
1062 A	0.21836	0.19498	0.58666
1063 T	0.24610	0.16360	0.5903
1064 T	0.25531	0.15262	0.59207
1065 A	0.25873	0.14692	0.59436
1066 T	0.26590	0.13777	0.59633
1067 C	0.26513	0.13748	0.5974
1068 C	0.26576	0.13703	0.59721
1069 C	0.26850	0.13678	0.59472
1070 A	0.27424	0.13950	0.58626
1071 A	0.28026	0.14585	0.57388
1072 T	0.29955	0.13336	0.56709
1073 A	0.29532	0.14770	0.55698
1074 T	0.28763	0.16143	0.55094
1075 G	0.25999	0.19086	0.54914
1076 C	0.24836	0.20516	0.54649
1077 T	0.23460	0.23464	0.53076
1078 A	0.18637	0.28789	0.52574
1079 G	0.16778	0.30826	0.52397
1080 A	0.15655	0.32147	0.52198
1081 G	0.15145	0.32794	0.52061
1082 C	0.15275	0.32756	0.51969
1083 T	0.15561	0.32658	0.51781
1084 A	0.15501	0.32913	0.51586
1085 A	0.16105	0.32407	0.51488
1086 T	0.16280	0.32221	0.51499
1087 A	0.16140	0.32344	0.51516
1088 A	0.16072	0.32103	0.51825
1089 T	0.16065	0.31624	0.52311
1090 C	0.15717	0.31369	0.52914
1091 A	0.15159	0.31833	0.53008
1092 A	0.14982	0.31811	0.53207
1093 G	0.15273	0.31439	0.53288
1094 A	0.16161	0.30511	0.53328
1095 A	0.17099	0.29456	0.53445
1096 A	0.18526	0.26679	0.54795
1097 T	0.20014	0.22937	0.57049
1098 T	0.20457	0.19171	0.60372
1099 A	0.20692	0.17563	0.61745
1100 A	0.21681	0.14975	0.63344
1101 T	0.22251	0.10243	0.67506
1102 T	0.22392	0.08603	0.69005
1103 A	0.22468	0.07811	0.69721
1104 T	0.22593	0.07480	0.69927
1105 T	0.22502	0.09009	0.6849
1106 T	0.20384	0.13535	0.66082
1107 G	0.16680	0.20535	0.62784
1108 T	0.14791	0.23743	0.61466
1109 A	0.12509	0.27565	0.59926
1110 T	0.11661	0.30149	0.5819
1111 A	0.10007	0.33104	0.56889
1112 A	0.09374	0.34317	0.56309
1113 A	0.09085	0.34726	0.5619
1114 G	0.09004	0.34290	0.56707
1115 A	0.09046	0.34001	0.56953
1116 T	0.09310	0.33510	0.57181
1117 G	0.09370	0.33493	0.57137
1118 C	0.09420	0.33655	0.56925
1119 T	0.09488	0.33727	0.56786
1120 A	0.09468	0.34169	0.56363
1121 T	0.09505	0.34407	0.56088
1122 A	0.09494	0.34628	0.55879
1123 C	0.09560	0.34761	0.5568
1124 A	0.09720	0.35114	0.55166
1125 A	0.10190	0.35147	0.54663
1126 A	0.10759	0.35037	0.54203
1127 A	0.11974	0.34453	0.53573
1128 A	0.14475	0.32028	0.53497
1129 T	0.18312	0.25086	0.56602
1130 T	0.22541	0.16572	0.60886
1131 T	0.23297	0.13543	0.6316
1132 G	0.23463	0.12833	0.63704
1133 A	0.23728	0.17622	0.5865
1134 T	0.23919	0.22625	0.53456
1135 A	0.22653	0.28036	0.49311
1136 A	0.19037	0.33062	0.47901
1137 T	0.18747	0.33458	0.47795
1138 G	0.18207	0.34299	0.47493
1139 A	0.17341	0.35446	0.47213
1140 A	0.17037	0.35872	0.47092
1141 C	0.16935	0.35941	0.47124
1142 A	0.16434	0.36526	0.4704
1143 A	0.16916	0.36117	0.46967
1144 T	0.17386	0.35645	0.46969
1145 C	0.17505	0.35470	0.47024
1146 T	0.17687	0.35378	0.46935
1147 G	0.17866	0.35261	0.46873
1148 A	0.18064	0.35309	0.46627
1149 A	0.18461	0.34932	0.46608
1150 T	0.19221	0.34199	0.46579
1151 A	0.19406	0.33934	0.4666
1152 T	0.19854	0.33347	0.46798
1153 C	0.20005	0.32950	0.47045
1154 A	0.20208	0.32799	0.46993
1155 A	0.21156	0.31527	0.47317
1156 A	0.26868	0.25432	0.477
1157 T	0.33171	0.18548	0.48281
1158 T	0.36794	0.13639	0.49566
1159 C	0.37396	0.08096	0.54508
1160 T	0.36963	0.08756	0.54281
1161 T	0.36108	0.09400	0.54492
1162 G	0.34682	0.10825	0.54493
1163 A	0.34184	0.11421	0.54395
1164 A	0.33330	0.12214	0.54457
1165 C	0.32988	0.11748	0.55263
1166 T	0.32570	0.13318	0.54111
1167 T	0.30141	0.18177	0.51682
1168 G	0.21821	0.33765	0.44415
1169 A	0.15375	0.41520	0.43106
1170 A	0.12307	0.45119	0.42574
1171 G	0.11409	0.45694	0.42898
1172 A	0.10989	0.45882	0.43129
1173 C	0.10781	0.45860	0.4336
1174 A	0.10576	0.45998	0.43425
1175 C	0.10306	0.46129	0.43565
1176 A	0.09744	0.46727	0.43529
1177 G	0.09569	0.46844	0.43586
1178 A	0.09561	0.46850	0.4359
1179 A	0.09594	0.46696	0.4371
1180 G	0.09693	0.46407	0.43901
1181 C	0.09805	0.45345	0.4485
1182 A	0.09885	0.44858	0.45257
1183 T	0.09954	0.44173	0.45873
1184 G	0.09224	0.44884	0.45891
1185 G	0.08975	0.45538	0.45486
1186 A	0.08673	0.47818	0.43509
1187 A	0.08313	0.49203	0.42483
1188 A	0.08204	0.50225	0.41571
1189 A	0.09000	0.50608	0.40392
1190 A	0.11371	0.46929	0.417
1191 A	0.17914	0.33608	0.48479
1192 T	0.19278	0.26805	0.53917
1193 T	0.19627	0.24395	0.55978
1194 T	0.19348	0.25203	0.55449
1195 T	0.18350	0.27762	0.53888
1196 T	0.16791	0.29413	0.53797
1197 A	0.12679	0.33593	0.53728
1198 A	0.11533	0.34582	0.53885
1199 A	0.10726	0.35023	0.5425
1200 C	0.10330	0.35599	0.54072
1201 A	0.09523	0.38736	0.51741
1202 A	0.08332	0.41149	0.50519
1203 A	0.07202	0.43223	0.49576
1204 A	0.06809	0.44889	0.48302
1205 A	0.06635	0.47590	0.45774
1206 G	0.06774	0.48539	0.44687
1207 G	0.07580	0.48694	0.43726
1208 A	0.08973	0.48514	0.42513
1209 A	0.11126	0.46574	0.423
1210 A	0.13157	0.44520	0.42323
1211 A	0.15113	0.42553	0.42334
1212 T	0.18573	0.38844	0.42583
1213 T	0.20661	0.36918	0.42421
1214 A	0.21432	0.36786	0.41782
1215 T	0.22693	0.34905	0.42402
1216 T	0.23023	0.34419	0.42558
1217 T	0.22752	0.34123	0.43126
1218 A	0.19315	0.38324	0.42361
1219 G	0.15513	0.42849	0.41638
1220 A	0.13266	0.45711	0.41023
1221 A	0.10356	0.50392	0.39252
1222 G	0.08827	0.52532	0.38642
1223 A	0.08417	0.54077	0.37506
1224 A	0.09864	0.52955	0.37182
1225 A	0.10722	0.51832	0.37445
1226 A	0.11699	0.50331	0.3797
1227 A	0.13257	0.48686	0.38058
1228 A	0.15921	0.46129	0.3795
1229 A	0.17929	0.44097	0.37973
1230 A	0.20057	0.41667	0.38276
1231 T	0.21919	0.39449	0.38632
1232 T	0.22650	0.38492	0.38857
1233 A	0.23014	0.37941	0.39044
1234 C	0.23466	0.37310	0.39224
1235 C	0.23853	0.36962	0.39184
1236 A	0.24192	0.36978	0.3883
1237 T	0.25204	0.36186	0.3861
1238 A	0.25496	0.36426	0.38078
1239 T	0.26256	0.36421	0.37324
1240 G	0.26580	0.36169	0.37252
1241 A	0.28299	0.31088	0.40613
1242 T	0.30593	0.25044	0.44363
1243 A	0.32991	0.20866	0.46143
1244 T	0.35699	0.15435	0.48866
1245 T	0.36698	0.13965	0.49337
1246 T	0.36641	0.13646	0.49713
1247 A	0.34334	0.16451	0.49215
1248 C	0.33684	0.17251	0.49065
1249 A	0.32885	0.19570	0.47545
1250 C	0.32585	0.21365	0.46049
1251 T	0.32539	0.23734	0.43727
1252 T	0.31979	0.25876	0.42145
1253 T	0.30928	0.28798	0.40274
1254 A	0.29190	0.31770	0.3904
1255 G	0.27914	0.34675	0.3741
1256 A	0.27261	0.36461	0.36278
1257 A	0.27009	0.37141	0.3585
1258 A	0.27009	0.37600	0.35391
1259 A	0.27407	0.37187	0.35406
1260 A	0.27777	0.36719	0.35504
1261 G	0.28468	0.35725	0.35807
1262 T	0.29469	0.34538	0.35993
1263 T	0.30292	0.33478	0.3623
1264 A	0.30695	0.33022	0.36283
1265 T	0.31254	0.32342	0.36404
1266 A	0.31601	0.31808	0.36591
1267 A	0.31828	0.31334	0.36838
1268 A	0.32769	0.29950	0.37282
1269 A	0.33690	0.28059	0.38252
1270 T	0.35346	0.23742	0.40912
1271 A	0.36906	0.21102	0.41992
1272 T	0.40070	0.16485	0.43445
1273 T	0.42383	0.13254	0.44364
1274 T	0.43976	0.10785	0.4524
1275 T	0.44592	0.09326	0.46083
1276 T	0.45261	0.08090	0.46649
1277 A	0.44296	0.08693	0.47011
1278 T	0.44507	0.08167	0.47326
1279 G	0.43887	0.08892	0.47221
1280 A	0.43175	0.10191	0.46633
1281 T	0.43001	0.11162	0.45837
1282 T	0.40986	0.13387	0.45627
1283 T	0.37931	0.16872	0.45198
1284 A	0.34074	0.22337	0.43588
1285 A	0.31050	0.25503	0.43447
1286 C	0.29954	0.26628	0.43418
1287 T	0.28784	0.27998	0.43218
1288 T	0.26624	0.30287	0.43089
1289 C	0.24051	0.32884	0.43066
1290 G	0.20756	0.36195	0.43049
1291 G	0.19038	0.37928	0.43034
1292 G	0.18261	0.38722	0.43017
1293 C	0.17960	0.39033	0.43006
1294 C	0.17816	0.39198	0.42986
1295 G	0.17736	0.39340	0.42924
1296 A	0.17720	0.39458	0.42821
1297 A	0.17762	0.39523	0.42715
1298 A	0.17873	0.39508	0.42619
1299 A	0.18201	0.39186	0.42612
1300 A	0.18831	0.37033	0.44136
1301 T	0.19568	0.35015	0.45417
1302 G	0.19953	0.33100	0.46947
1303 A	0.20544	0.31461	0.47995
1304 A	0.21307	0.29888	0.48805
1305 A	0.21569	0.27429	0.51002
1306 G	0.22034	0.23921	0.54044
1307 A	0.23623	0.19207	0.5717
1308 T	0.23824	0.15783	0.60393
1309 A	0.23783	0.16023	0.60193
1310 T	0.23858	0.15751	0.60392
1311 G	0.23731	0.16712	0.59557
1312 A	0.23706	0.17923	0.58371
1313 T	0.23698	0.17606	0.58696
1314 G	0.23672	0.21510	0.54818
1315 T	0.23682	0.25332	0.50986
1316 T	0.23669	0.29517	0.46814
1317 G	0.23611	0.33948	0.42442
1318 A	0.23427	0.34611	0.41962
1319 A	0.23300	0.34921	0.41779
1320 A	0.23350	0.34948	0.41701
1321 G	0.23435	0.34838	0.41727
1322 C	0.23567	0.34690	0.41744
1323 A	0.23723	0.34570	0.41706
1324 G	0.23843	0.34472	0.41686
1325 C	0.23991	0.34382	0.41627
1326 T	0.24196	0.34496	0.41308
1327 G	0.24238	0.35151	0.40611
1328 A	0.24335	0.35722	0.39944
