# lcl|CP097583.1_cds_USQ93432.1_1
# AA	inside	membr	outside
1 A	0.14076	0.00000	0.85924
2 T	0.14057	0.00019	0.85924
3 G	0.14031	0.00046	0.85924
4 A	0.14031	0.00611	0.85358
5 C	0.13771	0.01266	0.84964
6 A	0.13771	0.01654	0.84575
7 A	0.10063	0.05516	0.84422
8 A	0.10063	0.05519	0.84419
9 A	0.09566	0.06069	0.84365
10 A	0.09565	0.10393	0.80042
11 A	0.09521	0.10581	0.79898
12 T	0.09140	0.11023	0.79837
13 G	0.08286	0.11914	0.798
14 A	0.08286	0.11914	0.798
15 T	0.08286	0.12073	0.79641
16 T	0.08274	0.12085	0.79641
17 C	0.08248	0.12111	0.79641
18 T	0.08247	0.12113	0.7964
19 T	0.08196	0.12165	0.7964
20 C	0.08038	0.12328	0.79634
21 T	0.07884	0.12481	0.79635
22 G	0.07871	0.12498	0.7963
23 C	0.07874	0.12489	0.79637
24 T	0.07899	0.12491	0.79611
25 G	0.07886	0.12555	0.79559
26 A	0.07853	0.12660	0.79486
27 T	0.08304	0.12225	0.79471
28 A	0.08465	0.12130	0.79404
29 A	0.08745	0.11870	0.79385
30 A	0.09016	0.08500	0.82484
31 A	0.09058	0.08358	0.82585
32 A	0.09181	0.07681	0.83138
33 T	0.13002	0.03786	0.83212
34 A	0.13056	0.03878	0.83066
35 T	0.13154	0.03520	0.83326
36 A	0.13001	0.03232	0.83767
37 T	0.12762	0.03518	0.83721
38 T	0.12398	0.03888	0.83713
39 T	0.10372	0.05950	0.83678
40 G	0.09090	0.07175	0.83735
41 A	0.07379	0.08855	0.83767
42 C	0.06992	0.09175	0.83833
43 C	0.06639	0.09473	0.83889
44 C	0.05600	0.11035	0.83365
45 G	0.05101	0.11667	0.83232
46 A	0.05054	0.11846	0.83101
47 A	0.05022	0.11927	0.83051
48 A	0.05080	0.11888	0.83032
49 C	0.05192	0.11758	0.8305
50 A	0.05285	0.11674	0.83041
51 A	0.05428	0.11401	0.83171
52 T	0.05556	0.11193	0.83251
53 T	0.05365	0.11365	0.8327
54 A	0.05038	0.11805	0.83158
55 A	0.04796	0.12069	0.83136
56 A	0.04578	0.12284	0.83139
57 A	0.04333	0.12441	0.83226
58 A	0.04007	0.12738	0.83255
59 A	0.03915	0.12522	0.83564
60 A	0.03883	0.12121	0.83995
61 G	0.03831	0.11459	0.8471
62 A	0.03818	0.09757	0.86424
63 A	0.03757	0.08508	0.87734
64 C	0.03826	0.06623	0.89552
65 G	0.03849	0.06255	0.89895
66 A	0.03892	0.05964	0.90145
67 C	0.04338	0.04809	0.90852
68 C	0.04483	0.04473	0.91044
69 T	0.04620	0.04332	0.91048
70 A	0.04665	0.04255	0.91079
71 T	0.04700	0.04201	0.91099
72 T	0.04726	0.04182	0.91093
73 T	0.04753	0.04159	0.91087
74 G	0.04753	0.03954	0.91293
75 G	0.04767	0.03758	0.91475
76 A	0.04801	0.03489	0.9171
77 T	0.04940	0.03004	0.92055
78 A	0.05043	0.02683	0.92275
79 A	0.05161	0.02279	0.9256
80 A	0.05282	0.01792	0.92926
81 T	0.05435	0.01240	0.93326
82 T	0.05504	0.00971	0.93525
83 T	0.05520	0.00846	0.93634
84 A	0.05520	0.00783	0.93697
85 A	0.05528	0.00686	0.93786
86 T	0.05532	0.00597	0.93871
87 T	0.05532	0.00572	0.93896
88 A	0.05534	0.00564	0.93902
89 T	0.05547	0.00555	0.93897
90 T	0.05546	0.00572	0.93882
91 T	0.05529	0.00590	0.93881
92 T	0.05512	0.00605	0.93882
93 A	0.05492	0.00622	0.93886
94 G	0.05497	0.00606	0.93897
95 C	0.05524	0.00571	0.93906
96 T	0.05610	0.00477	0.93913
97 T	0.05638	0.00442	0.9392
98 T	0.05658	0.00418	0.93925
99 T	0.05676	0.00398	0.93926
100 C	0.05672	0.00401	0.93926
101 C	0.05682	0.00388	0.93929
102 T	0.05689	0.00381	0.93929
103 A	0.05693	0.00377	0.93929
104 T	0.05712	0.00359	0.93929
105 T	0.05725	0.00347	0.93928
106 G	0.05732	0.00341	0.93927
107 C	0.05745	0.00322	0.93933
108 T	0.05762	0.00305	0.93932
109 A	0.05767	0.00302	0.93931
110 T	0.05779	0.00289	0.93932
111 A	0.05786	0.00285	0.93929
112 T	0.05811	0.00263	0.93925
113 A	0.05826	0.00240	0.93934
114 T	0.05836	0.00207	0.93958
115 T	0.05838	0.00188	0.93974
116 T	0.05836	0.00173	0.93991
117 A	0.05830	0.00188	0.93982
118 T	0.05833	0.00201	0.93967
119 T	0.05831	0.00234	0.93935
120 A	0.05819	0.00254	0.93928
121 T	0.05814	0.00258	0.93929
122 T	0.05795	0.00281	0.93925
123 T	0.05686	0.00386	0.93928
124 C	0.05442	0.00640	0.93918
125 A	0.05308	0.00809	0.93883
126 A	0.05267	0.00864	0.93868
127 C	0.05253	0.00884	0.93864
128 A	0.05239	0.00912	0.9385
129 T	0.05237	0.00918	0.93845
130 T	0.05226	0.00931	0.93843
131 T	0.05209	0.00951	0.9384
132 A	0.05184	0.00982	0.93833
133 A	0.05174	0.00985	0.9384
134 G	0.05176	0.00970	0.93854
135 T	0.05183	0.00956	0.93861
136 T	0.05187	0.00942	0.93871
137 C	0.05188	0.00934	0.93879
138 T	0.05190	0.00930	0.9388
139 G	0.05174	0.00944	0.93881
140 C	0.05171	0.00945	0.93884
141 A	0.05179	0.00941	0.93881
142 A	0.05203	0.00921	0.93876
143 T	0.05211	0.00897	0.93892
144 A	0.05215	0.00886	0.93899
145 G	0.05227	0.00853	0.9392
146 A	0.05237	0.00716	0.94048
147 T	0.05260	0.00458	0.94281
148 T	0.05304	0.00292	0.94404
149 T	0.05323	0.00251	0.94426
150 T	0.05324	0.00253	0.94423
151 T	0.05323	0.00276	0.94401
152 A	0.05295	0.00310	0.94396
153 T	0.05267	0.00332	0.94401
154 A	0.05219	0.00375	0.94406
155 T	0.05200	0.00379	0.94421
156 C	0.04986	0.00609	0.94406
157 A	0.04697	0.00979	0.94324
158 T	0.04537	0.01159	0.94304
159 T	0.04113	0.01609	0.94278
160 A	0.03110	0.02692	0.94198
161 A	0.02675	0.03177	0.94147
162 A	0.02430	0.03405	0.94164
163 G	0.02302	0.03516	0.94183
164 A	0.02204	0.03602	0.94193
165 T	0.02159	0.03637	0.94204
166 C	0.02025	0.03767	0.94208
167 C	0.01846	0.03946	0.94208
168 A	0.01752	0.04046	0.94203
169 C	0.01711	0.04087	0.94202
170 G	0.01683	0.04116	0.942
171 A	0.01671	0.04131	0.94198
172 T	0.01679	0.04125	0.94196
173 C	0.01686	0.04114	0.942
174 A	0.01703	0.04102	0.94195
175 A	0.01710	0.04068	0.94221
176 A	0.01721	0.04027	0.94252
177 T	0.01726	0.03970	0.94304
178 G	0.01723	0.03951	0.94327
179 A	0.01748	0.03683	0.94569
180 T	0.01827	0.03261	0.94912
181 A	0.01840	0.03062	0.95098
182 A	0.01858	0.02638	0.95505
183 T	0.01918	0.01703	0.96379
184 A	0.01932	0.01301	0.96768
185 T	0.01916	0.01082	0.97002
186 A	0.01840	0.01052	0.97108
187 G	0.01785	0.01015	0.972
188 A	0.01754	0.01042	0.97204
189 A	0.01740	0.00963	0.97298
190 G	0.01733	0.00792	0.97476
191 G	0.01736	0.00708	0.97556
192 T	0.01736	0.00700	0.97565
193 G	0.01732	0.00701	0.97567
194 C	0.01724	0.00715	0.97561
195 T	0.01709	0.00791	0.975
196 A	0.01684	0.00835	0.97481
197 T	0.01676	0.00865	0.97459
198 A	0.01668	0.00898	0.97434
199 A	0.01661	0.00941	0.97398
200 C	0.01661	0.00943	0.97396
201 T	0.01673	0.00996	0.97331
202 T	0.01677	0.01063	0.9726
203 A	0.01640	0.01201	0.97159
204 T	0.01640	0.01281	0.97079
205 T	0.01626	0.01344	0.9703
206 T	0.01590	0.01399	0.97011
207 A	0.01531	0.01448	0.97021
208 A	0.01489	0.01474	0.97037
209 A	0.01464	0.01438	0.97098
210 A	0.01446	0.01410	0.97144
211 C	0.01479	0.01360	0.97161
212 A	0.01511	0.01340	0.97149
213 A	0.01517	0.01348	0.97135
214 A	0.01519	0.01353	0.97129
215 T	0.01566	0.01308	0.97126
216 T	0.01583	0.01287	0.9713
217 A	0.01590	0.01269	0.97141
218 A	0.01627	0.01210	0.97162
219 A	0.01643	0.01165	0.97192
220 C	0.01664	0.01124	0.97212
221 A	0.01682	0.01099	0.97219
222 A	0.01705	0.01067	0.97228
223 G	0.01756	0.01008	0.97237
224 T	0.01849	0.00906	0.97244
225 G	0.01909	0.00835	0.97256
226 C	0.01998	0.00670	0.97332
227 T	0.02071	0.00576	0.97353
228 T	0.02062	0.00567	0.97371
229 A	0.02006	0.00598	0.97396
230 A	0.01960	0.00603	0.97437
231 C	0.01934	0.00589	0.97476
232 A	0.01914	0.00569	0.97517
233 G	0.01911	0.00530	0.9756
234 T	0.01925	0.00496	0.97579
235 A	0.01934	0.00476	0.97589
236 T	0.01948	0.00454	0.97598
237 C	0.01949	0.00422	0.97629
238 G	0.01952	0.00413	0.97635
239 C	0.01952	0.00405	0.97642
240 T	0.01949	0.00411	0.9764
241 A	0.01942	0.00418	0.97641
242 T	0.01938	0.00420	0.97643
243 A	0.01932	0.00420	0.97648
244 G	0.01929	0.00408	0.97663
245 C	0.01928	0.00369	0.97704
246 T	0.01927	0.00361	0.97712
247 T	0.01924	0.00359	0.97717
248 T	0.01921	0.00357	0.97722
249 A	0.01914	0.00360	0.97725
250 G	0.01911	0.00356	0.97733
251 G	0.01908	0.00299	0.97793
252 T	0.01906	0.00234	0.9786
253 G	0.01905	0.00186	0.97909
254 G	0.01905	0.00157	0.97939
255 G	0.01905	0.00130	0.97964
256 G	0.01905	0.00114	0.97982
257 C	0.01905	0.00107	0.97988
258 T	0.01905	0.00110	0.97985
259 G	0.01904	0.00120	0.97976
260 G	0.01904	0.00135	0.97961
261 A	0.01903	0.00146	0.9795
262 G	0.01904	0.00152	0.97945
263 T	0.01910	0.00141	0.97949
264 T	0.01911	0.00137	0.97953
265 G	0.01911	0.00141	0.97948
266 T	0.01912	0.00154	0.97935
267 T	0.01910	0.00173	0.97917
268 T	0.01907	0.00218	0.97875
269 T	0.01900	0.00294	0.97807
270 A	0.01885	0.00402	0.97713
271 G	0.01872	0.00426	0.97702
272 T	0.01861	0.00453	0.97686
273 A	0.01812	0.00522	0.97666
274 T	0.01769	0.00589	0.97641
275 C	0.01687	0.00684	0.97629
276 A	0.01562	0.00852	0.97586
277 A	0.01230	0.01220	0.9755
278 G	0.01069	0.01391	0.9754
279 A	0.01042	0.01430	0.97528
280 G	0.01022	0.01458	0.9752
281 A	0.01018	0.01471	0.97511
282 A	0.01015	0.01480	0.97505
283 T	0.01023	0.01478	0.97498
284 A	0.00899	0.01616	0.97485
285 T	0.00850	0.01666	0.97484
286 A	0.00800	0.01721	0.97479
287 A	0.00756	0.01767	0.97478
288 G	0.00728	0.01794	0.97478
289 C	0.00709	0.01815	0.97476
290 A	0.00696	0.01832	0.97473
291 A	0.00694	0.01834	0.97472
292 A	0.00715	0.01811	0.97474
293 A	0.00763	0.01754	0.97483
294 C	0.00759	0.01746	0.97496
295 A	0.00748	0.01749	0.97503
296 A	0.00718	0.01736	0.97545
297 T	0.00729	0.01678	0.97593
298 A	0.00714	0.01630	0.97655
299 A	0.00718	0.01540	0.97742
300 T	0.00730	0.01187	0.98083
301 C	0.00686	0.01083	0.98232
302 A	0.00645	0.01129	0.98226
303 A	0.00525	0.01268	0.98207
304 A	0.00458	0.01328	0.98214
305 A	0.00383	0.01389	0.98228
306 A	0.00347	0.01409	0.98244
307 G	0.00346	0.01228	0.98426
308 C	0.00340	0.01142	0.98518
309 G	0.00339	0.01103	0.98558
310 A	0.00339	0.01076	0.98585
311 A	0.00340	0.01052	0.98609
312 A	0.00343	0.01020	0.98638
313 C	0.00346	0.00982	0.98671
314 A	0.00350	0.00934	0.98715
315 A	0.00355	0.00881	0.98764
316 T	0.00363	0.00834	0.98803
317 A	0.00365	0.00809	0.98826
318 T	0.00375	0.00764	0.9886
319 G	0.00378	0.00667	0.98955
320 C	0.00380	0.00614	0.99006
321 T	0.00384	0.00587	0.99029
322 A	0.00388	0.00564	0.99048
323 A	0.00396	0.00539	0.99066
324 T	0.00413	0.00480	0.99107
325 T	0.00437	0.00419	0.99143
326 T	0.00463	0.00262	0.99275
327 A	0.00465	0.00184	0.99352
328 G	0.00467	0.00098	0.99434
329 C	0.00470	0.00055	0.99475
330 T	0.00473	0.00045	0.99482
331 T	0.00475	0.00038	0.99487
332 T	0.00476	0.00034	0.99489
333 T	0.00477	0.00032	0.9949
334 T	0.00477	0.00031	0.99492
335 T	0.00477	0.00029	0.99494
336 A	0.00476	0.00030	0.99495
337 A	0.00476	0.00028	0.99497
338 T	0.00476	0.00025	0.99499
339 T	0.00475	0.00024	0.99501
340 G	0.00473	0.00026	0.99501
341 C	0.00472	0.00026	0.99503
342 G	0.00471	0.00026	0.99503
343 G	0.00471	0.00026	0.99503
344 T	0.00472	0.00026	0.99503
345 T	0.00473	0.00025	0.99503
346 T	0.00473	0.00025	0.99502
347 T	0.00473	0.00025	0.99502
348 A	0.00472	0.00026	0.99502
349 A	0.00472	0.00025	0.99503
350 G	0.00472	0.00024	0.99504
351 T	0.00472	0.00023	0.99505
352 T	0.00473	0.00022	0.99505
353 C	0.00474	0.00021	0.99506
354 T	0.00475	0.00020	0.99506
355 T	0.00475	0.00019	0.99506
356 T	0.00476	0.00018	0.99506
357 C	0.00476	0.00018	0.99506
358 A	0.00477	0.00017	0.99506
359 T	0.00479	0.00014	0.99507
360 T	0.00479	0.00013	0.99508
361 A	0.00479	0.00013	0.99508
362 T	0.00480	0.00012	0.99508
363 T	0.00480	0.00008	0.99511
364 T	0.00481	0.00007	0.99513
365 T	0.00481	0.00006	0.99513
366 T	0.00481	0.00005	0.99514
367 T	0.00482	0.00005	0.99514
368 T	0.00482	0.00005	0.99514
369 T	0.00482	0.00005	0.99514
370 A	0.00481	0.00005	0.99514
371 T	0.00482	0.00004	0.99515
372 T	0.00482	0.00004	0.99515
373 T	0.00482	0.00004	0.99514
374 T	0.00482	0.00004	0.99514
375 T	0.00482	0.00004	0.99514
376 T	0.00481	0.00004	0.99514
377 A	0.00481	0.00004	0.99514
378 T	0.00481	0.00004	0.99514
379 T	0.00481	0.00005	0.99514
380 T	0.00481	0.00005	0.99514
381 T	0.00481	0.00005	0.99514
382 G	0.00481	0.00006	0.99513
383 G	0.00480	0.00006	0.99513
384 T	0.00479	0.00008	0.99513
385 A	0.00478	0.00011	0.99511
386 A	0.00478	0.00015	0.99507
387 T	0.00477	0.00019	0.99504
388 T	0.00477	0.00027	0.99497
389 T	0.00475	0.00032	0.99492
390 A	0.00473	0.00036	0.99491
391 T	0.00472	0.00037	0.99491
392 T	0.00471	0.00038	0.99491
393 A	0.00469	0.00040	0.99491
394 C	0.00468	0.00041	0.99491
395 C	0.00467	0.00041	0.99491
396 T	0.00467	0.00041	0.99491
397 T	0.00467	0.00042	0.99491
398 C	0.00466	0.00043	0.99491
399 T	0.00466	0.00043	0.99491
400 C	0.00465	0.00043	0.99492
401 C	0.00465	0.00043	0.99492
402 T	0.00465	0.00043	0.99491
403 T	0.00465	0.00044	0.99491
404 T	0.00464	0.00045	0.99491
405 A	0.00462	0.00048	0.99491
406 G	0.00460	0.00050	0.99489
407 G	0.00459	0.00052	0.99489
408 A	0.00461	0.00051	0.99488
409 A	0.00465	0.00047	0.99488
410 A	0.00470	0.00042	0.99488
411 T	0.00477	0.00035	0.99488
412 A	0.00480	0.00031	0.99489
413 T	0.00481	0.00027	0.99492
414 T	0.00481	0.00026	0.99493
415 T	0.00481	0.00025	0.99494
416 T	0.00481	0.00024	0.99495
417 T	0.00481	0.00025	0.99494
418 T	0.00479	0.00027	0.99494
419 T	0.00469	0.00036	0.99495
420 A	0.00399	0.00106	0.99495
421 A	0.00354	0.00151	0.99495
422 A	0.00315	0.00190	0.99496
423 C	0.00287	0.00216	0.99497
424 A	0.00272	0.00231	0.99496
425 A	0.00261	0.00243	0.99496
426 A	0.00254	0.00249	0.99496
427 G	0.00252	0.00250	0.99497
428 C	0.00252	0.00249	0.99499
429 A	0.00252	0.00247	0.99501
430 T	0.00254	0.00244	0.99501
431 T	0.00253	0.00245	0.99502
432 C	0.00251	0.00246	0.99502
433 C	0.00249	0.00249	0.99502
434 A	0.00247	0.00250	0.99502
435 T	0.00247	0.00251	0.99502
436 C	0.00245	0.00253	0.99502
437 C	0.00243	0.00254	0.99502
438 T	0.00241	0.00256	0.99502
439 G	0.00233	0.00265	0.99502
440 A	0.00228	0.00270	0.99502
441 T	0.00224	0.00274	0.99502
442 G	0.00216	0.00272	0.99512
443 G	0.00211	0.00205	0.99585
444 A	0.00208	0.00166	0.99626
445 G	0.00207	0.00129	0.99664
446 G	0.00207	0.00109	0.99684
447 A	0.00207	0.00101	0.99692
448 A	0.00208	0.00093	0.997
449 T	0.00208	0.00087	0.99705
450 A	0.00207	0.00086	0.99707
451 G	0.00207	0.00084	0.99709
452 A	0.00207	0.00086	0.99708
453 A	0.00207	0.00087	0.99706
454 T	0.00207	0.00087	0.99707
455 A	0.00207	0.00086	0.99707
456 T	0.00207	0.00084	0.9971
457 T	0.00207	0.00084	0.99709
458 A	0.00207	0.00084	0.99709
459 T	0.00207	0.00082	0.99711
460 A	0.00207	0.00081	0.99713
461 A	0.00207	0.00077	0.99716
462 T	0.00208	0.00068	0.99724
463 A	0.00209	0.00061	0.9973
464 T	0.00211	0.00054	0.99735
465 T	0.00213	0.00045	0.99743
466 T	0.00215	0.00039	0.99747
467 C	0.00216	0.00035	0.99748
468 T	0.00218	0.00033	0.99749
469 T	0.00220	0.00031	0.99749
470 T	0.00223	0.00028	0.99749
471 A	0.00224	0.00028	0.99749
472 T	0.00225	0.00026	0.99749
473 T	0.00226	0.00025	0.99749
474 A	0.00226	0.00025	0.99748
475 A	0.00230	0.00022	0.99748
476 C	0.00234	0.00018	0.99748
477 T	0.00238	0.00014	0.99748
478 T	0.00241	0.00012	0.99748
479 T	0.00242	0.00011	0.99747
480 T	0.00243	0.00011	0.99746
481 G	0.00243	0.00013	0.99744
482 T	0.00243	0.00015	0.99742
483 T	0.00242	0.00018	0.9974
484 T	0.00240	0.00021	0.99739
485 T	0.00238	0.00024	0.99738
486 T	0.00232	0.00032	0.99736
487 A	0.00222	0.00042	0.99735
488 T	0.00217	0.00047	0.99735
489 T	0.00209	0.00056	0.99735
490 A	0.00201	0.00064	0.99735
491 C	0.00198	0.00067	0.99735
492 A	0.00196	0.00070	0.99735
493 A	0.00195	0.00070	0.99735
494 T	0.00196	0.00070	0.99735
495 C	0.00195	0.00070	0.99735
496 A	0.00195	0.00071	0.99735
497 A	0.00195	0.00070	0.99735
498 T	0.00195	0.00069	0.99735
499 G	0.00195	0.00069	0.99735
500 C	0.00196	0.00069	0.99735
501 T	0.00196	0.00068	0.99736
502 A	0.00197	0.00067	0.99736
503 T	0.00198	0.00065	0.99736
504 G	0.00201	0.00062	0.99737
505 T	0.00204	0.00058	0.99737
506 T	0.00205	0.00054	0.9974
507 T	0.00204	0.00051	0.99744
508 A	0.00199	0.00054	0.99747
509 T	0.00198	0.00048	0.99754
510 G	0.00192	0.00045	0.99763
511 G	0.00188	0.00047	0.99766
512 G	0.00185	0.00047	0.99768
513 T	0.00182	0.00050	0.99767
514 T	0.00174	0.00073	0.99753
515 T	0.00153	0.00106	0.99741
516 A	0.00108	0.00177	0.99715
517 G	0.00082	0.00225	0.99693
518 A	0.00069	0.00258	0.99673
519 A	0.00063	0.00274	0.99663
520 A	0.00061	0.00277	0.99661
521 G	0.00060	0.00279	0.99661
522 A	0.00059	0.00281	0.99661
523 T	0.00058	0.00281	0.99661
524 C	0.00057	0.00283	0.9966
525 T	0.00056	0.00284	0.99659
526 A	0.00055	0.00286	0.99659
527 A	0.00054	0.00287	0.99659
528 A	0.00054	0.00288	0.99658
529 A	0.00054	0.00288	0.99659
530 A	0.00054	0.00285	0.99661
531 T	0.00055	0.00278	0.99667
532 A	0.00055	0.00276	0.99669
533 A	0.00056	0.00269	0.99674
534 A	0.00059	0.00262	0.99679
535 A	0.00063	0.00251	0.99686
536 A	0.00072	0.00234	0.99695
537 T	0.00093	0.00198	0.99709
538 A	0.00106	0.00165	0.99728
539 G	0.00132	0.00099	0.99769
540 T	0.00154	0.00056	0.9979
541 T	0.00171	0.00029	0.998
542 T	0.00178	0.00017	0.99805
543 T	0.00179	0.00014	0.99807
544 G	0.00179	0.00013	0.99808
545 T	0.00180	0.00011	0.99809
546 T	0.00180	0.00011	0.9981
547 T	0.00180	0.00010	0.9981
548 T	0.00179	0.00010	0.9981
549 A	0.00178	0.00011	0.99811
550 T	0.00178	0.00011	0.99812
551 T	0.00177	0.00011	0.99812
552 T	0.00176	0.00013	0.99811
553 T	0.00174	0.00015	0.99812
554 T	0.00173	0.00016	0.99812
555 A	0.00169	0.00020	0.99812
556 A	0.00167	0.00022	0.99811
557 A	0.00166	0.00023	0.99811
558 T	0.00166	0.00024	0.9981
559 G	0.00165	0.00025	0.9981
560 T	0.00165	0.00026	0.9981
561 T	0.00165	0.00026	0.9981
562 T	0.00164	0.00027	0.99809
563 T	0.00164	0.00027	0.99808
564 T	0.00164	0.00028	0.99808
565 A	0.00164	0.00029	0.99807
566 A	0.00164	0.00030	0.99807
567 T	0.00164	0.00030	0.99806
568 A	0.00164	0.00031	0.99806
569 T	0.00164	0.00030	0.99806
570 T	0.00164	0.00030	0.99807
571 A	0.00165	0.00029	0.99806
572 T	0.00165	0.00027	0.99808
573 T	0.00165	0.00026	0.99809
574 T	0.00165	0.00025	0.9981
575 G	0.00165	0.00024	0.99811
576 T	0.00165	0.00023	0.99812
577 A	0.00164	0.00023	0.99813
578 G	0.00164	0.00021	0.99816
579 A	0.00164	0.00019	0.99817
580 A	0.00165	0.00018	0.99818
581 T	0.00166	0.00016	0.99819
582 T	0.00166	0.00015	0.99819
583 T	0.00166	0.00015	0.9982
584 C	0.00165	0.00016	0.9982
585 A	0.00164	0.00016	0.9982
586 A	0.00164	0.00016	0.9982
587 T	0.00165	0.00015	0.9982
588 A	0.00166	0.00015	0.9982
589 T	0.00167	0.00013	0.9982
590 C	0.00167	0.00012	0.9982
591 C	0.00167	0.00012	0.99821
592 T	0.00167	0.00013	0.99821
593 T	0.00167	0.00013	0.99821
594 C	0.00167	0.00013	0.99821
595 G	0.00167	0.00013	0.9982
596 T	0.00167	0.00013	0.9982
597 T	0.00167	0.00013	0.9982
598 T	0.00166	0.00014	0.9982
599 T	0.00165	0.00016	0.9982
600 T	0.00162	0.00019	0.99819
601 A	0.00156	0.00026	0.99818
602 A	0.00154	0.00028	0.99818
603 A	0.00152	0.00030	0.99818
604 T	0.00152	0.00030	0.99818
605 A	0.00152	0.00031	0.99818
606 T	0.00151	0.00031	0.99818
607 A	0.00150	0.00031	0.99818
608 C	0.00150	0.00031	0.99819
609 T	0.00149	0.00033	0.99818
610 A	0.00147	0.00035	0.99818
611 A	0.00146	0.00035	0.99818
612 A	0.00146	0.00036	0.99818
613 G	0.00146	0.00036	0.99818
614 G	0.00146	0.00034	0.99819
615 T	0.00146	0.00033	0.9982
616 T	0.00146	0.00033	0.99821
617 T	0.00146	0.00032	0.99821
618 A	0.00146	0.00032	0.99821
619 G	0.00146	0.00032	0.99822
620 A	0.00146	0.00031	0.99822
621 T	0.00147	0.00028	0.99825
622 A	0.00148	0.00026	0.99827
623 T	0.00149	0.00021	0.9983
624 T	0.00150	0.00015	0.99835
625 A	0.00150	0.00013	0.99837
626 C	0.00151	0.00012	0.99838
627 A	0.00151	0.00012	0.99837
628 A	0.00151	0.00012	0.99837
629 T	0.00152	0.00011	0.99837
630 T	0.00153	0.00010	0.99838
631 G	0.00153	0.00009	0.99838
632 T	0.00153	0.00008	0.99839
633 T	0.00153	0.00006	0.99841
634 C	0.00153	0.00005	0.99841
635 A	0.00153	0.00005	0.99841
636 T	0.00153	0.00005	0.99841
637 T	0.00153	0.00005	0.99841
638 T	0.00153	0.00005	0.99841
639 G	0.00153	0.00005	0.99841
640 G	0.00153	0.00005	0.99842
641 C	0.00153	0.00005	0.99842
642 T	0.00153	0.00005	0.99842
643 T	0.00153	0.00005	0.99842
644 G	0.00153	0.00005	0.99842
645 G	0.00153	0.00005	0.99842
646 G	0.00152	0.00006	0.99842
647 C	0.00152	0.00006	0.99842
648 A	0.00152	0.00007	0.99841
649 G	0.00153	0.00007	0.9984
650 A	0.00153	0.00007	0.9984
651 T	0.00154	0.00006	0.9984
652 T	0.00155	0.00006	0.9984
653 T	0.00155	0.00006	0.99839
654 A	0.00155	0.00006	0.99839
655 T	0.00155	0.00006	0.99839
656 T	0.00155	0.00006	0.99839
657 T	0.00155	0.00006	0.99839
658 T	0.00155	0.00006	0.99839
659 C	0.00154	0.00006	0.99839
660 T	0.00154	0.00007	0.99839
661 A	0.00154	0.00008	0.99838
662 A	0.00154	0.00008	0.99838
663 T	0.00154	0.00008	0.99838
664 T	0.00154	0.00008	0.99838
665 T	0.00154	0.00008	0.99838
666 A	0.00154	0.00009	0.99838
667 A	0.00154	0.00009	0.99838
668 T	0.00154	0.00008	0.99838
669 G	0.00154	0.00008	0.99838
670 A	0.00154	0.00008	0.99838
671 T	0.00155	0.00006	0.99838
672 T	0.00156	0.00006	0.99838
673 T	0.00156	0.00006	0.99838
674 C	0.00156	0.00006	0.99838
675 T	0.00156	0.00005	0.99838
676 A	0.00156	0.00005	0.99838
677 T	0.00157	0.00005	0.99838
678 T	0.00157	0.00005	0.99838
679 T	0.00157	0.00005	0.99838
680 T	0.00157	0.00005	0.99838
681 A	0.00157	0.00005	0.99838
682 G	0.00157	0.00004	0.99838
683 C	0.00157	0.00004	0.99838
684 T	0.00158	0.00003	0.99839
685 T	0.00159	0.00002	0.99839
686 T	0.00159	0.00002	0.99839
687 T	0.00159	0.00003	0.99838
688 T	0.00159	0.00006	0.99835
689 A	0.00158	0.00007	0.99834
690 T	0.00158	0.00009	0.99832
691 T	0.00158	0.00012	0.9983
692 T	0.00157	0.00015	0.99828
693 T	0.00156	0.00017	0.99827
694 A	0.00155	0.00020	0.99826
695 T	0.00155	0.00021	0.99825
696 G	0.00154	0.00021	0.99825
697 T	0.00154	0.00022	0.99824
698 T	0.00154	0.00022	0.99824
699 T	0.00154	0.00023	0.99823
700 C	0.00153	0.00024	0.99823
701 A	0.00152	0.00025	0.99823
702 T	0.00152	0.00025	0.99823
703 C	0.00151	0.00026	0.99823
704 C	0.00151	0.00028	0.99821
705 T	0.00150	0.00033	0.99817
706 A	0.00149	0.00038	0.99813
707 A	0.00148	0.00041	0.9981
708 A	0.00148	0.00043	0.99809
709 A	0.00148	0.00045	0.99807
710 A	0.00149	0.00044	0.99807
711 T	0.00152	0.00043	0.99806
712 G	0.00153	0.00045	0.99801
713 A	0.00155	0.00053	0.99792
714 T	0.00158	0.00050	0.99792
715 T	0.00159	0.00049	0.99792
716 T	0.00159	0.00051	0.99789
717 T	0.00157	0.00057	0.99786
718 C	0.00154	0.00063	0.99783
719 A	0.00152	0.00072	0.99777
720 A	0.00151	0.00074	0.99776
721 A	0.00150	0.00074	0.99776
722 T	0.00150	0.00074	0.99776
723 T	0.00150	0.00074	0.99776
724 C	0.00150	0.00073	0.99777
725 A	0.00150	0.00073	0.99777
726 A	0.00151	0.00072	0.99777
727 T	0.00154	0.00068	0.99777
728 T	0.00158	0.00065	0.99778
729 T	0.00160	0.00064	0.99777
730 C	0.00158	0.00067	0.99775
731 A	0.00157	0.00072	0.99771
732 T	0.00157	0.00075	0.99768
733 A	0.00156	0.00080	0.99763
734 A	0.00157	0.00081	0.99762
735 A	0.00161	0.00078	0.9976
736 T	0.00171	0.00068	0.99761
737 T	0.00173	0.00067	0.9976
738 A	0.00174	0.00066	0.9976
739 A	0.00178	0.00062	0.99759
740 T	0.00183	0.00056	0.99761
741 T	0.00185	0.00055	0.9976
742 T	0.00189	0.00052	0.9976
743 T	0.00188	0.00053	0.9976
744 T	0.00185	0.00058	0.99757
745 T	0.00181	0.00066	0.99754
746 C	0.00168	0.00084	0.99749
747 A	0.00156	0.00105	0.9974
748 A	0.00150	0.00116	0.99734
749 A	0.00147	0.00123	0.9973
750 A	0.00137	0.00137	0.99726
751 G	0.00132	0.00146	0.99723
752 A	0.00130	0.00153	0.99717
753 T	0.00132	0.00152	0.99716
754 A	0.00133	0.00153	0.99714
755 T	0.00136	0.00150	0.99714
756 T	0.00136	0.00149	0.99715
757 A	0.00134	0.00150	0.99716
758 T	0.00133	0.00151	0.99715
759 C	0.00130	0.00157	0.99713
760 A	0.00127	0.00169	0.99704
761 A	0.00125	0.00184	0.99691
762 A	0.00118	0.00207	0.99676
763 A	0.00115	0.00211	0.99674
764 G	0.00117	0.00210	0.99674
765 T	0.00119	0.00206	0.99675
766 A	0.00119	0.00203	0.99678
767 C	0.00122	0.00194	0.99684
768 A	0.00126	0.00190	0.99684
769 T	0.00133	0.00175	0.99693
770 T	0.00138	0.00164	0.99699
771 A	0.00138	0.00163	0.99699
772 A	0.00140	0.00161	0.99699
773 A	0.00143	0.00148	0.9971
774 A	0.00147	0.00136	0.99718
775 T	0.00153	0.00123	0.99724
776 T	0.00157	0.00116	0.99727
777 G	0.00159	0.00111	0.99731
778 T	0.00159	0.00108	0.99733
779 C	0.00157	0.00107	0.99736
780 A	0.00154	0.00112	0.99734
781 G	0.00154	0.00115	0.99731
782 G	0.00155	0.00120	0.99725
783 A	0.00163	0.00128	0.99709
784 A	0.00176	0.00127	0.99698
785 T	0.00192	0.00106	0.99703
786 G	0.00194	0.00103	0.99703
787 T	0.00195	0.00105	0.997
788 T	0.00196	0.00107	0.99698
789 A	0.00193	0.00114	0.99693
790 G	0.00193	0.00116	0.99691
791 T	0.00196	0.00118	0.99686
792 T	0.00195	0.00125	0.9968
793 A	0.00191	0.00133	0.99676
794 T	0.00192	0.00134	0.99675
795 T	0.00187	0.00141	0.99671
796 G	0.00180	0.00154	0.99666
797 G	0.00175	0.00170	0.99654
798 T	0.00174	0.00198	0.99627
799 A	0.00171	0.00216	0.99614
800 A	0.00168	0.00230	0.99602
801 A	0.00165	0.00244	0.99592
802 A	0.00163	0.00246	0.99591
803 C	0.00163	0.00245	0.99592
804 A	0.00165	0.00246	0.99589
805 A	0.00175	0.00237	0.99588
806 C	0.00194	0.00218	0.99587
807 T	0.00212	0.00206	0.99583
808 T	0.00217	0.00204	0.99579
809 A	0.00219	0.00205	0.99576
810 T	0.00223	0.00204	0.99574
811 G	0.00221	0.00213	0.99566
812 T	0.00225	0.00212	0.99563
813 A	0.00224	0.00221	0.99555
814 A	0.00225	0.00233	0.99542
815 T	0.00230	0.00230	0.9954
816 T	0.00227	0.00238	0.99535
817 G	0.00210	0.00267	0.99523
818 G	0.00193	0.00302	0.99505
819 A	0.00184	0.00348	0.99468
820 A	0.00186	0.00367	0.99448
821 A	0.00205	0.00360	0.99436
822 A	0.00216	0.00360	0.99424
823 A	0.00227	0.00352	0.99421
824 A	0.00238	0.00338	0.99424
825 A	0.00242	0.00332	0.99426
826 T	0.00248	0.00324	0.99428
827 T	0.00248	0.00324	0.99427
828 C	0.00243	0.00330	0.99427
829 A	0.00239	0.00339	0.99423
830 T	0.00240	0.00339	0.99421
831 T	0.00238	0.00343	0.9942
832 A	0.00222	0.00360	0.99418
833 A	0.00218	0.00365	0.99417
834 T	0.00223	0.00355	0.99422
835 G	0.00222	0.00354	0.99425
836 A	0.00229	0.00343	0.99428
837 T	0.00247	0.00320	0.99433
838 A	0.00253	0.00311	0.99436
839 T	0.00266	0.00293	0.99442
840 A	0.00274	0.00273	0.99453
841 A	0.00291	0.00243	0.99466
842 T	0.00327	0.00196	0.99478
843 T	0.00341	0.00177	0.99482
844 A	0.00335	0.00183	0.99481
845 T	0.00336	0.00181	0.99483
846 A	0.00327	0.00191	0.99483
847 A	0.00321	0.00197	0.99482
848 A	0.00320	0.00198	0.99483
849 A	0.00322	0.00193	0.99484
850 T	0.00326	0.00183	0.9949
851 T	0.00329	0.00173	0.99497
852 T	0.00331	0.00165	0.99504
853 T	0.00328	0.00169	0.99503
854 A	0.00323	0.00177	0.995
855 T	0.00320	0.00173	0.99508
856 G	0.00314	0.00177	0.99509
857 G	0.00309	0.00185	0.99507
858 T	0.00308	0.00187	0.99505
859 G	0.00305	0.00193	0.99502
860 A	0.00303	0.00201	0.99496
861 A	0.00302	0.00203	0.99494
862 G	0.00303	0.00204	0.99494
863 A	0.00305	0.00205	0.9949
864 T	0.00309	0.00210	0.99481
865 A	0.00309	0.00216	0.99475
866 A	0.00311	0.00213	0.99476
867 T	0.00314	0.00202	0.99484
868 G	0.00314	0.00199	0.99487
869 G	0.00315	0.00201	0.99484
870 T	0.00317	0.00219	0.99465
871 A	0.00317	0.00256	0.99427
872 G	0.00318	0.00280	0.99402
873 T	0.00320	0.00300	0.9938
874 G	0.00321	0.00318	0.99361
875 A	0.00322	0.00333	0.99345
876 G	0.00327	0.00338	0.99335
877 A	0.00335	0.00337	0.99328
878 T	0.00345	0.00329	0.99326
879 A	0.00352	0.00325	0.99323
880 T	0.00361	0.00317	0.99322
881 T	0.00366	0.00322	0.99312
882 A	0.00367	0.00335	0.99297
883 A	0.00370	0.00341	0.99289
884 A	0.00373	0.00340	0.99287
885 A	0.00374	0.00341	0.99285
886 A	0.00381	0.00333	0.99285
887 T	0.00396	0.00318	0.99287
888 A	0.00401	0.00312	0.99287
889 A	0.00404	0.00309	0.99287
890 C	0.00412	0.00300	0.99288
891 A	0.00423	0.00290	0.99287
892 G	0.00438	0.00276	0.99286
893 G	0.00466	0.00248	0.99286
894 C	0.00511	0.00205	0.99284
895 T	0.00548	0.00172	0.99279
896 T	0.00573	0.00151	0.99276
897 T	0.00588	0.00138	0.99273
898 G	0.00594	0.00132	0.99273
899 T	0.00603	0.00124	0.99273
900 T	0.00606	0.00120	0.99274
901 G	0.00604	0.00122	0.99273
902 C	0.00610	0.00116	0.99274
903 A	0.00617	0.00111	0.99272
904 A	0.00626	0.00103	0.99271
905 T	0.00641	0.00088	0.99271
906 T	0.00648	0.00081	0.9927
907 A	0.00649	0.00082	0.99269
908 T	0.00652	0.00077	0.99271
909 A	0.00651	0.00077	0.99272
910 A	0.00651	0.00076	0.99273
911 A	0.00652	0.00071	0.99277
912 C	0.00655	0.00064	0.99281
913 G	0.00656	0.00062	0.99281
914 G	0.00660	0.00059	0.99282
915 T	0.00666	0.00053	0.99282
916 A	0.00669	0.00050	0.99281
917 T	0.00673	0.00047	0.99281
918 T	0.00677	0.00042	0.99282
919 T	0.00679	0.00038	0.99283
920 T	0.00680	0.00035	0.99284
921 T	0.00681	0.00032	0.99287
922 T	0.00681	0.00030	0.99289
923 A	0.00680	0.00030	0.9929
924 T	0.00680	0.00028	0.99292
925 T	0.00679	0.00033	0.99288
926 G	0.00678	0.00037	0.99286
927 T	0.00678	0.00039	0.99283
928 A	0.00679	0.00038	0.99283
929 T	0.00680	0.00036	0.99285
930 T	0.00681	0.00033	0.99286
931 T	0.00681	0.00033	0.99286
932 C	0.00680	0.00033	0.99287
933 T	0.00678	0.00036	0.99286
934 C	0.00676	0.00038	0.99286
935 A	0.00675	0.00041	0.99284
936 A	0.00675	0.00043	0.99282
937 T	0.00675	0.00043	0.99282
938 C	0.00675	0.00044	0.99281
939 T	0.00674	0.00051	0.99275
940 T	0.00672	0.00057	0.99271
941 T	0.00668	0.00070	0.99262
942 T	0.00661	0.00093	0.99246
943 G	0.00647	0.00122	0.99231
944 A	0.00641	0.00139	0.99221
945 A	0.00639	0.00148	0.99212
946 G	0.00640	0.00147	0.99213
947 A	0.00642	0.00145	0.99213
948 T	0.00649	0.00137	0.99215
949 T	0.00651	0.00133	0.99215
950 C	0.00653	0.00133	0.99214
951 T	0.00651	0.00149	0.99199
952 G	0.00648	0.00159	0.99193
953 A	0.00641	0.00173	0.99186
954 A	0.00634	0.00185	0.99181
955 T	0.00633	0.00190	0.99178
956 C	0.00629	0.00197	0.99174
957 A	0.00626	0.00211	0.99164
958 G	0.00627	0.00218	0.99155
959 T	0.00629	0.00234	0.99137
960 A	0.00626	0.00248	0.99126
961 A	0.00627	0.00254	0.9912
962 T	0.00634	0.00247	0.99119
963 G	0.00634	0.00249	0.99117
964 G	0.00643	0.00237	0.99119
965 T	0.00663	0.00214	0.99124
966 T	0.00675	0.00193	0.99133
967 T	0.00675	0.00189	0.99136
968 C	0.00664	0.00202	0.99134
969 T	0.00640	0.00236	0.99124
970 C	0.00588	0.00313	0.99098
971 A	0.00567	0.00388	0.99046
972 A	0.00552	0.00449	0.98999
973 A	0.00545	0.00465	0.98991
974 A	0.00549	0.00466	0.98985
975 T	0.00551	0.00469	0.98981
976 G	0.00542	0.00471	0.98988
977 C	0.00536	0.00474	0.9899
978 A	0.00532	0.00508	0.9896
979 T	0.00539	0.00533	0.98928
980 C	0.00544	0.00557	0.98899
981 A	0.00550	0.00647	0.98803
982 T	0.00567	0.00684	0.98749
983 T	0.00573	0.00745	0.98681
984 A	0.00548	0.00885	0.98567
985 A	0.00517	0.01055	0.98428
986 A	0.00490	0.01264	0.98245
987 T	0.00456	0.01526	0.98019
988 A	0.00390	0.01832	0.97778
989 A	0.00362	0.01952	0.97687
990 A	0.00350	0.02022	0.97628
991 A	0.00347	0.02050	0.97603
992 A	0.00355	0.02037	0.97609
993 T	0.00378	0.01981	0.97641
994 A	0.00398	0.01987	0.97615
995 A	0.00419	0.02016	0.97565
996 A	0.00413	0.02132	0.97456
997 A	0.00407	0.02169	0.97424
998 A	0.00404	0.02179	0.97417
999 A	0.00409	0.02175	0.97416
1000 A	0.00424	0.02154	0.97423
1001 C	0.00486	0.02083	0.97432
1002 T	0.00559	0.02019	0.97422
1003 T	0.00610	0.01976	0.97414
1004 T	0.00678	0.01915	0.97407
1005 A	0.00699	0.01904	0.97397
1006 A	0.00744	0.01862	0.97394
1007 A	0.00836	0.01743	0.97422
1008 A	0.00976	0.01567	0.97458
1009 A	0.01188	0.01318	0.97493
1010 T	0.01489	0.00976	0.97535
1011 T	0.01723	0.00688	0.97589
1012 T	0.01784	0.00612	0.97604
1013 T	0.01812	0.00578	0.9761
1014 T	0.01826	0.00564	0.97611
1015 A	0.01828	0.00565	0.97607
1016 A	0.01838	0.00554	0.97607
1017 A	0.01865	0.00518	0.97617
1018 A	0.01921	0.00451	0.97627
1019 A	0.02037	0.00322	0.97641
1020 T	0.02101	0.00246	0.97653
1021 G	0.02122	0.00216	0.97662
1022 T	0.02154	0.00180	0.97666
1023 T	0.02167	0.00169	0.97664
1024 T	0.02173	0.00167	0.97659
1025 T	0.02178	0.00167	0.97655
1026 T	0.02179	0.00173	0.97648
1027 A	0.02173	0.00184	0.97643
1028 T	0.02179	0.00171	0.97649
1029 T	0.02176	0.00173	0.97652
1030 A	0.02168	0.00180	0.97652
1031 T	0.02170	0.00178	0.97652
1032 C	0.02171	0.00178	0.97652
1033 A	0.02173	0.00185	0.97643
1034 C	0.02180	0.00184	0.97636
1035 T	0.02196	0.00204	0.97599
1036 T	0.02203	0.00225	0.97573
1037 T	0.02204	0.00245	0.97551
1038 A	0.02200	0.00266	0.97534
1039 A	0.02194	0.00272	0.97534
1040 T	0.02197	0.00260	0.97543
1041 A	0.02196	0.00259	0.97545
1042 A	0.02197	0.00256	0.97547
1043 C	0.02201	0.00249	0.9755
1044 T	0.02206	0.00244	0.97549
1045 G	0.02208	0.00245	0.97548
1046 G	0.02212	0.00240	0.97548
1047 T	0.02219	0.00233	0.97548
1048 A	0.02222	0.00230	0.97549
1049 T	0.02227	0.00217	0.97556
1050 C	0.02230	0.00197	0.97573
1051 G	0.02230	0.00195	0.97575
1052 C	0.02231	0.00190	0.9758
1053 G	0.02231	0.00187	0.97583
1054 G	0.02232	0.00185	0.97583
1055 G	0.02237	0.00179	0.97584
1056 C	0.02253	0.00163	0.97585
1057 A	0.02268	0.00150	0.97582
1058 T	0.02318	0.00102	0.9758
1059 T	0.02343	0.00082	0.97575
1060 T	0.02357	0.00075	0.97568
1061 T	0.02363	0.00067	0.97569
1062 T	0.02363	0.00064	0.97573
1063 T	0.02362	0.00081	0.97556
1064 T	0.02343	0.00155	0.97502
1065 C	0.02318	0.00186	0.97496
1066 A	0.02289	0.00229	0.97482
1067 A	0.02250	0.00285	0.97464
1068 T	0.02242	0.00303	0.97455
1069 C	0.02227	0.00325	0.97448
1070 A	0.02221	0.00354	0.97425
1071 A	0.02220	0.00374	0.97406
1072 T	0.02220	0.00386	0.97394
1073 T	0.02219	0.00406	0.97375
1074 T	0.02218	0.00422	0.9736
1075 T	0.02217	0.00437	0.97346
1076 T	0.02207	0.00463	0.9733
1077 G	0.02149	0.00523	0.97328
1078 G	0.02105	0.00569	0.97326
1079 G	0.02065	0.00611	0.97323
1080 A	0.02032	0.00651	0.97318
1081 C	0.02026	0.00661	0.97313
1082 A	0.02021	0.00693	0.97286
1083 A	0.02026	0.00714	0.9726
1084 A	0.02029	0.00733	0.97237
1085 A	0.02035	0.00736	0.97228
1086 A	0.02054	0.00717	0.97228
1087 T	0.02118	0.00626	0.97256
1088 T	0.02125	0.00594	0.97281
1089 A	0.02130	0.00563	0.97307
1090 C	0.02142	0.00513	0.97345
1091 T	0.02141	0.00507	0.97352
1092 T	0.02106	0.00530	0.97363
1093 C	0.02072	0.00561	0.97366
1094 C	0.02078	0.00558	0.97364
1095 G	0.02083	0.00564	0.97352
1096 T	0.02102	0.00564	0.97334
1097 T	0.02104	0.00574	0.97322
1098 T	0.02079	0.00623	0.97298
1099 T	0.01870	0.00832	0.97298
1100 T	0.01774	0.00878	0.97348
1101 A	0.01622	0.01007	0.97371
1102 A	0.01483	0.01130	0.97387
1103 C	0.01447	0.01155	0.97398
1104 A	0.01403	0.01326	0.97271
1105 G	0.01310	0.01588	0.97102
1106 A	0.01172	0.02050	0.96778
1107 T	0.01126	0.02237	0.96637
1108 A	0.01018	0.02459	0.96523
1109 A	0.00924	0.02673	0.96402
1110 A	0.00850	0.02844	0.96306
1111 G	0.00804	0.02972	0.96224
1112 A	0.00774	0.03026	0.962
1113 A	0.00736	0.03096	0.96168
1114 A	0.00705	0.03168	0.96126
1115 T	0.00695	0.03153	0.96151
1116 C	0.00661	0.03160	0.96179
1117 A	0.00635	0.03244	0.96122
1118 A	0.00637	0.03244	0.96118
1119 T	0.00651	0.03224	0.96125
1120 A	0.00648	0.03214	0.96137
1121 A	0.00658	0.03155	0.96187
1122 C	0.00662	0.02804	0.96535
1123 G	0.00641	0.02954	0.96405
1124 A	0.00626	0.03378	0.95995
1125 A	0.00630	0.04029	0.95341
1126 A	0.00664	0.04288	0.95048
1127 A	0.00787	0.04278	0.94935
1128 A	0.00982	0.04031	0.94987
1129 T	0.01336	0.03531	0.95132
1130 T	0.01467	0.03371	0.95161
1131 A	0.01515	0.03302	0.95183
1132 A	0.01578	0.03199	0.95223
1133 A	0.01641	0.03086	0.95273
1134 A	0.01713	0.02970	0.95317
1135 A	0.01747	0.02905	0.95347
1136 A	0.01805	0.02794	0.95401
1137 T	0.01892	0.02658	0.9545
1138 T	0.01916	0.02611	0.95472
1139 T	0.01928	0.02580	0.95492
1140 C	0.01941	0.02566	0.95493
1141 A	0.01923	0.02671	0.95407
1142 A	0.01916	0.02803	0.95282
1143 A	0.01919	0.02963	0.95118
1144 G	0.01949	0.02975	0.95077
1145 A	0.02012	0.02998	0.94991
1146 A	0.02274	0.02741	0.94985
1147 A	0.02818	0.02184	0.94997
1148 T	0.03583	0.01397	0.95019
1149 T	0.03883	0.01097	0.95019
1150 T	0.03969	0.01012	0.95019
1151 T	0.04007	0.00983	0.9501
1152 A	0.04020	0.00977	0.95003
1153 T	0.04041	0.00951	0.95008
1154 T	0.04068	0.00906	0.95026
1155 T	0.04083	0.00882	0.95034
1156 T	0.04088	0.00872	0.9504
1157 A	0.04085	0.00874	0.95041
1158 C	0.04084	0.00869	0.95046
1159 G	0.04081	0.00873	0.95047
1160 A	0.04081	0.00873	0.95046
1161 A	0.04090	0.00863	0.95048
1162 C	0.04116	0.00833	0.95052
1163 A	0.04152	0.00794	0.95054
1164 A	0.04243	0.00681	0.95075
1165 A	0.04377	0.00533	0.95091
1166 T	0.04561	0.00333	0.95106
1167 G	0.04609	0.00281	0.95109
1168 T	0.04698	0.00182	0.95119
1169 C	0.04727	0.00150	0.95123
1170 T	0.04754	0.00122	0.95123
1171 T	0.04768	0.00109	0.95123
1172 T	0.04778	0.00098	0.95124
1173 G	0.04784	0.00092	0.95124
1174 T	0.04797	0.00079	0.95125
1175 T	0.04806	0.00065	0.95129
1176 C	0.04807	0.00059	0.95134
1177 A	0.04801	0.00062	0.95136
1178 C	0.04798	0.00061	0.95141
1179 T	0.04797	0.00060	0.95143
1180 T	0.04788	0.00066	0.95146
1181 C	0.04777	0.00077	0.95147
1182 T	0.04769	0.00091	0.9514
1183 G	0.04754	0.00110	0.95136
1184 T	0.04743	0.00124	0.95133
1185 T	0.04723	0.00148	0.95129
1186 T	0.04683	0.00189	0.95128
1187 G	0.04650	0.00222	0.95128
1188 G	0.04633	0.00241	0.95126
1189 G	0.04626	0.00249	0.95126
1190 C	0.04622	0.00252	0.95126
1191 T	0.04617	0.00257	0.95125
1192 T	0.04611	0.00264	0.95125
1193 C	0.04603	0.00274	0.95123
1194 C	0.04594	0.00286	0.9512
1195 A	0.04591	0.00297	0.95111
1196 T	0.04591	0.00302	0.95108
1197 G	0.04589	0.00307	0.95104
1198 A	0.04588	0.00312	0.951
1199 T	0.04588	0.00311	0.95101
1200 A	0.04583	0.00309	0.95108
1201 A	0.04579	0.00305	0.95115
1202 T	0.04580	0.00299	0.95121
1203 G	0.04578	0.00291	0.95131
1204 A	0.04577	0.00300	0.95123
1205 T	0.04585	0.00304	0.95111
1206 T	0.04578	0.00345	0.95076
1207 T	0.04560	0.00460	0.94979
1208 A	0.04505	0.00568	0.94928
1209 T	0.04468	0.00644	0.94888
1210 A	0.04441	0.00760	0.94799
1211 T	0.04424	0.00810	0.94766
1212 A	0.04390	0.00930	0.9468
1213 A	0.04370	0.00969	0.94662
1214 T	0.04356	0.00985	0.94658
1215 G	0.04230	0.01125	0.94644
1216 T	0.04160	0.01210	0.9463
1217 C	0.04075	0.01307	0.94618
1218 T	0.04018	0.01458	0.94524
1219 T	0.03896	0.01667	0.94437
1220 A	0.03722	0.01906	0.94372
1221 T	0.03615	0.02048	0.94337
1222 A	0.03438	0.02257	0.94304
1223 A	0.03282	0.02435	0.94282
1224 A	0.03199	0.02529	0.94272
1225 A	0.03162	0.02573	0.94266
1226 A	0.03132	0.02608	0.9426
1227 A	0.03138	0.02601	0.94261
1228 A	0.03165	0.02565	0.9427
1229 A	0.03230	0.02483	0.94287
1230 T	0.03363	0.02318	0.9432
1231 G	0.03408	0.02215	0.94377
1232 C	0.03476	0.02109	0.94415
1233 T	0.03563	0.02015	0.94422
1234 A	0.03592	0.01985	0.94423
1235 A	0.03663	0.01896	0.94441
1236 T	0.03699	0.01843	0.94457
1237 A	0.03716	0.01811	0.94473
1238 T	0.03769	0.01594	0.94637
1239 T	0.03812	0.01435	0.94753
1240 G	0.03843	0.01270	0.94887
1241 T	0.03937	0.01095	0.94968
1242 T	0.04009	0.00910	0.95081
1243 T	0.04046	0.00762	0.95193
1244 T	0.04059	0.00678	0.95264
1245 A	0.04065	0.00581	0.95354
1246 T	0.04080	0.00441	0.9548
1247 T	0.04080	0.00397	0.95522
1248 A	0.04060	0.00416	0.95525
1249 T	0.04062	0.00410	0.95529
1250 T	0.04054	0.00455	0.95491
1251 A	0.04021	0.00611	0.95367
1252 A	0.04010	0.00806	0.95184
1253 A	0.04004	0.00967	0.95029
1254 T	0.03993	0.01194	0.94814
1255 A	0.03980	0.01357	0.94663
1256 T	0.03982	0.01501	0.94516
1257 T	0.03976	0.01642	0.94382
1258 T	0.03957	0.01809	0.94233
1259 T	0.03933	0.02034	0.94033
1260 A	0.03898	0.02265	0.93837
1261 A	0.03885	0.02357	0.93758
1262 G	0.03882	0.02436	0.93681
1263 A	0.03887	0.02492	0.93621
1264 A	0.03903	0.02503	0.93594
1265 T	0.03938	0.02498	0.93565
1266 T	0.03953	0.02510	0.93538
1267 A	0.03955	0.02514	0.93531
1268 T	0.03977	0.02493	0.9353
1269 A	0.03976	0.02518	0.93506
1270 A	0.03988	0.02505	0.93507
1271 C	0.04012	0.02465	0.93523
1272 A	0.04039	0.02464	0.93497
1273 A	0.04091	0.02419	0.9349
1274 G	0.04224	0.02273	0.93504
1275 A	0.04409	0.02090	0.93501
1276 A	0.04592	0.01911	0.93497
1277 T	0.04898	0.01580	0.93523
1278 G	0.05062	0.01389	0.93549
1279 T	0.05267	0.01165	0.93568
1280 G	0.05381	0.01026	0.93592
1281 C	0.05530	0.00858	0.93612
1282 T	0.05702	0.00686	0.93613
1283 T	0.05860	0.00525	0.93615
1284 A	0.05905	0.00489	0.93606
1285 T	0.05980	0.00426	0.93593
1286 T	0.06023	0.00383	0.93594
1287 A	0.06035	0.00371	0.93594
1288 T	0.06060	0.00349	0.93591
1289 A	0.06073	0.00332	0.93595
1290 C	0.06067	0.00330	0.93603
1291 A	0.06072	0.00331	0.93597
1292 T	0.06106	0.00302	0.93593
1293 C	0.06109	0.00298	0.93592
1294 T	0.06117	0.00306	0.93577
1295 T	0.06123	0.00311	0.93566
1296 T	0.06099	0.00357	0.93544
1297 C	0.06058	0.00415	0.93526
1298 A	0.06041	0.00467	0.93493
1299 T	0.06041	0.00487	0.93471
1300 T	0.06016	0.00540	0.93444
1301 A	0.05968	0.00612	0.9342
1302 T	0.05946	0.00653	0.93401
1303 T	0.05927	0.00675	0.93397
1304 A	0.05905	0.00705	0.93391
1305 T	0.05905	0.00709	0.93386
1306 A	0.05894	0.00732	0.93374
1307 C	0.05895	0.00741	0.93364
1308 T	0.05887	0.00783	0.9333
1309 A	0.05858	0.00850	0.93291
1310 A	0.05804	0.00923	0.93273
1311 A	0.05777	0.00962	0.93261
1312 A	0.05761	0.00982	0.93257
1313 T	0.05761	0.00964	0.93276
1314 A	0.05759	0.00953	0.93288
1315 G	0.05768	0.00932	0.93301
1316 A	0.05775	0.00915	0.9331
1317 T	0.05801	0.00872	0.93327
1318 A	0.05815	0.00850	0.93335
1319 T	0.05853	0.00778	0.9337
1320 T	0.05871	0.00735	0.93394
1321 T	0.05890	0.00695	0.93415
1322 A	0.05891	0.00690	0.93419
1323 T	0.05907	0.00643	0.9345
1324 A	0.05910	0.00589	0.93502
1325 C	0.05918	0.00551	0.93531
1326 T	0.05912	0.00543	0.93545
1327 C	0.05899	0.00545	0.93556
1328 A	0.05900	0.00553	0.93548
