# lcl|CP097583.1_cds_USQ93240.1_1
# AA	inside	membr	outside
1 A	0.49709	0.00000	0.50291
2 T	0.49645	0.00064	0.50291
3 G	0.49608	0.00100	0.50291
4 A	0.49608	0.00750	0.49642
5 G	0.49239	0.01704	0.49056
6 A	0.49239	0.01906	0.48855
7 T	0.48788	0.02442	0.4877
8 T	0.48788	0.02446	0.48766
9 A	0.48342	0.03011	0.48647
10 T	0.48341	0.11636	0.40023
11 T	0.48107	0.12114	0.39779
12 A	0.35617	0.24829	0.39554
13 A	0.23919	0.37668	0.38413
14 T	0.23917	0.37670	0.38413
15 C	0.23917	0.39063	0.37019
16 G	0.23466	0.39514	0.37019
17 T	0.22691	0.40346	0.36963
18 T	0.22656	0.40552	0.36792
19 C	0.21061	0.42447	0.36493
20 A	0.16096	0.55334	0.2857
21 A	0.12419	0.59032	0.28549
22 G	0.12305	0.59490	0.28205
23 A	0.12028	0.60316	0.27656
24 T	0.11902	0.60855	0.27243
25 A	0.10928	0.62636	0.26436
26 A	0.10405	0.63898	0.25696
27 A	0.10297	0.64368	0.25335
28 G	0.10441	0.64124	0.25435
29 A	0.10525	0.64147	0.25328
30 A	0.10834	0.63507	0.25659
31 A	0.10948	0.63297	0.25755
32 A	0.11256	0.62220	0.26524
33 A	0.17925	0.54950	0.27125
34 A	0.18363	0.53734	0.27903
35 A	0.18995	0.41794	0.3921
36 T	0.20447	0.30132	0.49421
37 A	0.20595	0.29512	0.49894
38 T	0.22103	0.27166	0.50731
39 A	0.22247	0.25796	0.51957
40 C	0.23019	0.22393	0.54588
41 G	0.23470	0.21315	0.55215
42 T	0.24978	0.18765	0.56257
43 T	0.30807	0.10630	0.58563
44 T	0.30627	0.12025	0.57348
45 A	0.30386	0.14144	0.5547
46 G	0.30847	0.13377	0.55776
47 A	0.31223	0.13217	0.5556
48 T	0.32197	0.11331	0.56472
49 T	0.32923	0.11646	0.5543
50 T	0.33328	0.12308	0.54364
51 T	0.33362	0.12714	0.53924
52 T	0.33090	0.13701	0.53209
53 T	0.32459	0.14847	0.52694
54 T	0.31497	0.17350	0.51152
55 T	0.29984	0.19330	0.50686
56 T	0.28881	0.20637	0.50482
57 G	0.26352	0.23268	0.5038
58 A	0.24456	0.25382	0.50161
59 C	0.22963	0.27003	0.50034
60 A	0.20860	0.29571	0.49569
61 C	0.18938	0.32149	0.48913
62 A	0.15488	0.39208	0.45304
63 A	0.14862	0.41953	0.43185
64 A	0.14869	0.43606	0.41525
65 A	0.15133	0.44083	0.40784
66 A	0.15637	0.43870	0.40494
67 T	0.19081	0.40299	0.4062
68 T	0.20590	0.38539	0.40871
69 A	0.20648	0.38594	0.40758
70 A	0.21107	0.38375	0.40519
71 A	0.21457	0.38091	0.40452
72 T	0.22992	0.36425	0.40583
73 A	0.24184	0.35087	0.40728
74 T	0.25239	0.33618	0.41142
75 T	0.25829	0.32384	0.41786
76 A	0.26042	0.31542	0.42415
77 G	0.26699	0.29802	0.43499
78 T	0.26542	0.28709	0.44749
79 A	0.25300	0.29124	0.45575
80 G	0.24806	0.27544	0.47649
81 A	0.24832	0.26110	0.49058
82 A	0.24910	0.24681	0.50409
83 A	0.25320	0.22219	0.52461
84 A	0.26207	0.19326	0.54467
85 C	0.29773	0.12342	0.57885
86 A	0.31903	0.09772	0.58325
87 T	0.33824	0.07684	0.58492
88 T	0.34579	0.06898	0.58523
89 G	0.34835	0.06732	0.58434
90 T	0.35078	0.06635	0.58287
91 T	0.35094	0.06449	0.58457
92 G	0.34840	0.06578	0.58582
93 T	0.34949	0.06535	0.58516
94 T	0.34924	0.06818	0.58258
95 C	0.34597	0.07298	0.58105
96 T	0.34024	0.08406	0.5757
97 T	0.33088	0.09848	0.57064
98 T	0.32407	0.10869	0.56723
99 A	0.31736	0.12131	0.56134
100 A	0.31486	0.12449	0.56065
101 T	0.31482	0.11798	0.5672
102 T	0.31468	0.10548	0.57983
103 G	0.31306	0.10141	0.58553
104 A	0.31311	0.09940	0.58748
105 T	0.31346	0.09683	0.58971
106 T	0.31239	0.09735	0.59026
107 C	0.31145	0.09789	0.59067
108 T	0.31086	0.09926	0.58989
109 G	0.30954	0.10219	0.58827
110 G	0.30828	0.10748	0.58424
111 T	0.30755	0.11677	0.57569
112 A	0.30716	0.12364	0.5692
113 A	0.30786	0.12860	0.56354
114 A	0.30785	0.12877	0.56339
115 A	0.31027	0.12286	0.56687
116 T	0.31497	0.11571	0.56932
117 T	0.32074	0.10752	0.57175
118 A	0.32433	0.10019	0.57548
119 T	0.33047	0.08679	0.58274
120 T	0.33078	0.08095	0.58827
121 G	0.31953	0.10023	0.58024
122 T	0.31594	0.12004	0.56403
123 T	0.28941	0.16952	0.54107
124 A	0.22269	0.27964	0.49768
125 A	0.20207	0.31667	0.48126
126 T	0.19033	0.33569	0.47398
127 G	0.16471	0.37645	0.45884
128 A	0.15038	0.40050	0.44912
129 T	0.14181	0.41276	0.44543
130 A	0.13261	0.42566	0.44173
131 A	0.12793	0.43249	0.43958
132 A	0.12746	0.43266	0.43988
133 A	0.13078	0.42795	0.44126
134 T	0.13869	0.41850	0.44281
135 A	0.14270	0.41301	0.44429
136 T	0.14766	0.40705	0.44528
137 C	0.14401	0.41019	0.44581
138 T	0.13534	0.42079	0.44387
139 A	0.12346	0.43439	0.44215
140 A	0.11135	0.44822	0.44043
141 A	0.10200	0.45877	0.43923
142 A	0.08991	0.47118	0.43891
143 A	0.08973	0.46630	0.44397
144 A	0.10804	0.43205	0.45991
145 A	0.13273	0.39556	0.47172
146 G	0.16016	0.33465	0.50519
147 T	0.20502	0.22147	0.5735
148 T	0.21943	0.18922	0.59135
149 A	0.22605	0.17537	0.59859
150 T	0.24138	0.14356	0.61506
151 T	0.24701	0.12916	0.62382
152 T	0.24751	0.12303	0.62947
153 A	0.23350	0.13657	0.62993
154 T	0.22599	0.14701	0.62699
155 T	0.20097	0.19239	0.60664
156 A	0.14873	0.31329	0.53799
157 A	0.12031	0.35990	0.51979
158 A	0.10567	0.38492	0.50941
159 A	0.09983	0.39895	0.50122
160 A	0.09889	0.40084	0.50028
161 T	0.10093	0.39110	0.50797
162 A	0.10177	0.38555	0.51268
163 A	0.10282	0.37861	0.51857
164 A	0.10344	0.37195	0.5246
165 T	0.10064	0.36362	0.53574
166 G	0.09392	0.36567	0.54042
167 A	0.08978	0.36920	0.54102
168 T	0.08905	0.36901	0.54194
169 A	0.08683	0.37130	0.54187
170 C	0.08527	0.37259	0.54214
171 A	0.08461	0.37813	0.53726
172 A	0.08516	0.38567	0.52917
173 T	0.08617	0.39472	0.51912
174 A	0.08412	0.41846	0.49742
175 A	0.08399	0.43798	0.47803
176 A	0.08943	0.41419	0.49638
177 A	0.09782	0.38981	0.51238
178 G	0.12155	0.33208	0.54637
179 T	0.19276	0.21420	0.59304
180 C	0.20966	0.17302	0.61732
181 C	0.21965	0.15636	0.62399
182 C	0.22751	0.14782	0.62467
183 T	0.23390	0.14281	0.62328
184 G	0.23619	0.14201	0.62181
185 A	0.23960	0.14013	0.62026
186 T	0.24345	0.13707	0.61948
187 A	0.24437	0.14161	0.61402
188 T	0.24597	0.14024	0.6138
189 T	0.23990	0.14571	0.61439
190 G	0.21788	0.17046	0.61167
191 A	0.20543	0.18655	0.60803
192 A	0.20288	0.19093	0.60618
193 A	0.20225	0.19206	0.60569
194 A	0.20698	0.18576	0.60726
195 A	0.21654	0.17448	0.60898
196 A	0.22811	0.16069	0.6112
197 A	0.25011	0.13448	0.61541
198 T	0.27096	0.11056	0.61848
199 T	0.27304	0.10668	0.62027
200 T	0.27349	0.10493	0.62158
201 T	0.27378	0.10383	0.62239
202 T	0.27396	0.10299	0.62305
203 C	0.27407	0.10188	0.62405
204 T	0.27378	0.10192	0.6243
205 T	0.27246	0.10307	0.62447
206 C	0.27086	0.10451	0.62464
207 T	0.27069	0.10486	0.62446
208 A	0.26931	0.10641	0.62429
209 A	0.26938	0.10578	0.62484
210 T	0.27680	0.09666	0.62654
211 A	0.28391	0.08894	0.62715
212 T	0.29297	0.07084	0.63619
213 T	0.29963	0.04310	0.65727
214 T	0.30196	0.03022	0.66782
215 T	0.30136	0.02895	0.6697
216 T	0.29688	0.03237	0.67076
217 G	0.28378	0.04481	0.6714
218 A	0.27697	0.05150	0.67153
219 T	0.27313	0.05536	0.67151
220 C	0.26786	0.06059	0.67155
221 C	0.26330	0.06590	0.67081
222 T	0.25629	0.07779	0.66592
223 A	0.24557	0.09137	0.66306
224 T	0.24199	0.09572	0.66229
225 T	0.23790	0.10044	0.66166
226 A	0.23232	0.10732	0.66036
227 A	0.22972	0.10961	0.66068
228 T	0.22792	0.10878	0.6633
229 T	0.22239	0.11197	0.66564
230 T	0.21275	0.12165	0.66561
231 A	0.19904	0.13946	0.66151
232 A	0.18906	0.15921	0.65173
233 A	0.18360	0.16673	0.64967
234 A	0.18235	0.16862	0.64903
235 T	0.18177	0.16948	0.64875
236 T	0.17872	0.17353	0.64774
237 A	0.17332	0.17966	0.64702
238 A	0.17001	0.18382	0.64617
239 A	0.16456	0.18585	0.6496
240 A	0.16198	0.17794	0.66008
241 A	0.16136	0.17187	0.66677
242 T	0.16212	0.16618	0.6717
243 A	0.16167	0.16170	0.67663
244 A	0.16230	0.15585	0.68185
245 T	0.16621	0.14366	0.69013
246 T	0.16801	0.13211	0.69989
247 T	0.16789	0.12905	0.70307
248 A	0.16711	0.12662	0.70627
249 T	0.16716	0.12108	0.71175
250 G	0.16651	0.11807	0.71542
251 A	0.16650	0.11461	0.71889
252 G	0.16722	0.10723	0.72555
253 G	0.16916	0.09693	0.73391
254 A	0.17498	0.08078	0.74424
255 T	0.18646	0.06031	0.75324
256 C	0.18870	0.05274	0.75856
257 A	0.19028	0.05134	0.75839
258 A	0.19233	0.04938	0.75828
259 T	0.19497	0.04449	0.76054
260 A	0.19683	0.03902	0.76415
261 T	0.20018	0.03261	0.76721
262 T	0.20171	0.02559	0.7727
263 T	0.20235	0.02349	0.77416
264 A	0.20206	0.02537	0.77257
265 G	0.20194	0.02830	0.76975
266 T	0.20210	0.02995	0.76796
267 T	0.20137	0.03280	0.76583
268 G	0.20060	0.03630	0.7631
269 T	0.20064	0.03926	0.7601
270 T	0.19973	0.04306	0.75721
271 A	0.19759	0.04850	0.75391
272 T	0.19661	0.05335	0.75004
273 T	0.19491	0.06421	0.74088
274 G	0.19180	0.07589	0.73231
275 A	0.19013	0.08373	0.72614
276 T	0.18986	0.08516	0.72498
277 A	0.18935	0.08592	0.72473
278 A	0.18930	0.08601	0.72469
279 A	0.18963	0.08554	0.72484
280 C	0.19097	0.08401	0.72502
281 C	0.19223	0.08275	0.72502
282 T	0.19362	0.08140	0.72498
283 C	0.19432	0.08077	0.7249
284 A	0.19488	0.08038	0.72475
285 A	0.19584	0.07951	0.72465
286 A	0.19757	0.07784	0.72459
287 A	0.20125	0.07360	0.72515
288 T	0.20803	0.06625	0.72571
289 T	0.21238	0.06075	0.72688
290 T	0.21490	0.05672	0.72839
291 A	0.21608	0.05431	0.72961
292 A	0.21800	0.05163	0.73037
293 T	0.22110	0.04698	0.73192
294 A	0.22416	0.04164	0.7342
295 G	0.22961	0.03421	0.73618
296 T	0.24032	0.02169	0.73799
297 T	0.24807	0.01150	0.74044
298 C	0.25181	0.00669	0.74149
299 A	0.25270	0.00569	0.74161
300 T	0.25293	0.00525	0.74181
301 C	0.25277	0.00530	0.74193
302 C	0.25265	0.00542	0.74193
303 T	0.25259	0.00549	0.74193
304 T	0.25255	0.00551	0.74194
305 C	0.25238	0.00567	0.74196
306 T	0.25227	0.00578	0.74195
307 C	0.25195	0.00608	0.74197
308 C	0.25173	0.00631	0.74197
309 T	0.25116	0.00692	0.74192
310 A	0.25011	0.00801	0.74189
311 G	0.24978	0.00834	0.74188
312 T	0.24960	0.00855	0.74186
313 T	0.24914	0.00893	0.74193
314 A	0.24866	0.00867	0.74267
315 T	0.24848	0.00806	0.74346
316 T	0.24772	0.00843	0.74385
317 C	0.24640	0.00938	0.74421
318 T	0.24552	0.01026	0.74422
319 G	0.24469	0.01118	0.74413
320 G	0.24438	0.01162	0.744
321 A	0.24418	0.01187	0.74394
322 G	0.24402	0.01196	0.74403
323 T	0.24400	0.01159	0.7444
324 T	0.24394	0.01132	0.74473
325 A	0.24380	0.01122	0.74498
326 C	0.24372	0.01100	0.74528
327 T	0.24368	0.01092	0.7454
328 T	0.24360	0.01097	0.74543
329 T	0.24347	0.01146	0.74506
330 A	0.24301	0.01242	0.74457
331 A	0.24259	0.01300	0.74441
332 T	0.24188	0.01305	0.74507
333 T	0.23902	0.01500	0.74598
334 A	0.23177	0.02206	0.74616
335 A	0.22415	0.02956	0.74628
336 T	0.22137	0.03229	0.74634
337 G	0.21421	0.04161	0.74418
338 G	0.21027	0.04672	0.74301
339 A	0.20915	0.04824	0.74262
340 T	0.20854	0.04841	0.74305
341 T	0.20789	0.04899	0.74312
342 G	0.20662	0.05044	0.74293
343 T	0.20575	0.05202	0.74223
344 A	0.20432	0.05466	0.74102
345 T	0.20348	0.05543	0.74108
346 T	0.20190	0.05704	0.74106
347 A	0.19983	0.05913	0.74104
348 T	0.19831	0.06053	0.74115
349 C	0.19657	0.06219	0.74124
350 A	0.19552	0.06328	0.7412
351 A	0.19520	0.06358	0.74121
352 A	0.19556	0.06311	0.74133
353 T	0.19616	0.06211	0.74173
354 T	0.19586	0.06217	0.74197
355 A	0.19514	0.06176	0.74311
356 A	0.19482	0.05908	0.7461
357 A	0.19472	0.05222	0.75306
358 G	0.19491	0.04415	0.76093
359 A	0.19588	0.04052	0.7636
360 T	0.19975	0.03002	0.77024
361 T	0.20166	0.02515	0.77319
362 T	0.20213	0.02452	0.77335
363 T	0.20202	0.02561	0.77236
364 A	0.20187	0.02887	0.76926
365 A	0.20202	0.03012	0.76787
366 A	0.20270	0.03146	0.76585
367 T	0.20392	0.02858	0.7675
368 T	0.20403	0.02762	0.76836
369 T	0.20331	0.02813	0.76856
370 T	0.19635	0.03530	0.76835
371 C	0.18562	0.04746	0.76693
372 A	0.17055	0.06992	0.75953
373 G	0.16287	0.07896	0.75817
374 G	0.15914	0.08471	0.75615
375 A	0.15761	0.08850	0.75389
376 G	0.15650	0.09183	0.75167
377 G	0.15618	0.09302	0.75081
378 A	0.15626	0.09424	0.74951
379 A	0.15635	0.09591	0.74774
380 A	0.15640	0.09653	0.74707
381 T	0.15659	0.09615	0.74725
382 A	0.15670	0.09586	0.74743
383 G	0.15693	0.09536	0.74771
384 A	0.15750	0.09450	0.74801
385 C	0.15856	0.09284	0.7486
386 C	0.16025	0.09088	0.74887
387 C	0.16350	0.08753	0.74897
388 G	0.16531	0.08577	0.74891
389 G	0.16774	0.08344	0.74882
390 A	0.16845	0.08289	0.74866
391 A	0.16988	0.08167	0.74846
392 T	0.17341	0.07696	0.74963
393 T	0.17589	0.06523	0.75888
394 A	0.17829	0.05216	0.76956
395 T	0.18533	0.03011	0.78456
396 T	0.18639	0.02243	0.79118
397 C	0.18700	0.01860	0.79441
398 A	0.18782	0.01766	0.79453
399 T	0.18892	0.01584	0.79525
400 C	0.18808	0.01673	0.79519
401 G	0.18833	0.01686	0.79481
402 T	0.18831	0.01742	0.79428
403 C	0.18483	0.02156	0.79362
404 T	0.18161	0.02741	0.79099
405 T	0.17197	0.03909	0.78894
406 G	0.15482	0.05819	0.78698
407 A	0.14290	0.07518	0.78191
408 T	0.13609	0.08752	0.77639
409 A	0.12466	0.10340	0.77194
410 A	0.12091	0.10777	0.77132
411 A	0.11798	0.11083	0.77118
412 G	0.11622	0.11201	0.77177
413 A	0.11567	0.11219	0.77213
414 T	0.11553	0.11200	0.77247
415 A	0.11518	0.11209	0.77274
416 C	0.11504	0.11150	0.77346
417 T	0.11462	0.11149	0.7739
418 A	0.11316	0.11266	0.77419
419 C	0.11224	0.11305	0.77471
420 A	0.11139	0.11371	0.7749
421 G	0.11177	0.11284	0.77539
422 G	0.11196	0.11121	0.77683
423 T	0.11368	0.10753	0.7788
424 T	0.11513	0.10519	0.77968
425 T	0.11581	0.10267	0.78151
426 A	0.11397	0.10157	0.78447
427 A	0.11383	0.09913	0.78705
428 T	0.11415	0.08969	0.79615
429 A	0.11418	0.07694	0.80888
430 G	0.11843	0.06646	0.81511
431 T	0.12389	0.06106	0.81505
432 T	0.12608	0.06215	0.81177
433 A	0.12357	0.07111	0.80532
434 T	0.12197	0.07670	0.80132
435 A	0.10344	0.10596	0.79061
436 G	0.09178	0.12332	0.7849
437 G	0.08365	0.13684	0.77952
438 A	0.07599	0.15613	0.76787
439 A	0.07295	0.16122	0.76582
440 A	0.06942	0.16570	0.76488
441 A	0.06445	0.17088	0.76466
442 A	0.06143	0.17392	0.76465
443 C	0.06011	0.17557	0.76432
444 A	0.05951	0.18019	0.7603
445 G	0.05930	0.18294	0.75775
446 A	0.05927	0.18741	0.75332
447 A	0.05949	0.19060	0.74991
448 G	0.06069	0.18975	0.74956
449 A	0.06256	0.18695	0.75049
450 A	0.06508	0.18288	0.75204
451 G	0.06824	0.17787	0.7539
452 C	0.07343	0.17037	0.7562
453 T	0.08101	0.16305	0.75594
454 G	0.08734	0.15700	0.75567
455 T	0.09939	0.14480	0.7558
456 A	0.10449	0.13896	0.75655
457 A	0.10878	0.13361	0.75761
458 T	0.11957	0.10338	0.77705
459 T	0.12093	0.09072	0.78835
460 A	0.11569	0.08913	0.79518
461 G	0.11593	0.08379	0.80028
462 A	0.11271	0.08497	0.80231
463 A	0.11063	0.08393	0.80544
464 T	0.10855	0.08108	0.81037
465 G	0.10255	0.08455	0.8129
466 C	0.09907	0.08756	0.81337
467 A	0.09385	0.10046	0.80569
468 A	0.09223	0.10734	0.80043
469 A	0.09394	0.10723	0.79883
470 A	0.09556	0.10741	0.79703
471 A	0.09540	0.10848	0.79612
472 T	0.09736	0.10869	0.79394
473 T	0.09556	0.11480	0.78964
474 A	0.08912	0.12763	0.78325
475 A	0.08503	0.13664	0.77832
476 T	0.08105	0.14269	0.77626
477 T	0.07080	0.15979	0.76942
478 A	0.05002	0.18557	0.76441
479 A	0.03852	0.19795	0.76353
480 A	0.03064	0.20549	0.76387
481 A	0.02232	0.21247	0.76521
482 A	0.01806	0.21226	0.76968
483 G	0.01648	0.20551	0.77801
484 A	0.01648	0.19931	0.78421
485 G	0.01628	0.19437	0.78935
486 A	0.01653	0.19246	0.79101
487 G	0.01741	0.18949	0.79309
488 A	0.01825	0.18509	0.79667
489 A	0.01937	0.17947	0.80116
490 A	0.02576	0.16574	0.8085
491 T	0.03084	0.15646	0.8127
492 A	0.03194	0.15400	0.81407
493 A	0.03365	0.15018	0.81617
494 A	0.03472	0.14709	0.81819
495 A	0.03825	0.14137	0.82038
496 A	0.04333	0.13226	0.82441
497 G	0.05091	0.11599	0.8331
498 A	0.05699	0.10308	0.83993
499 A	0.06061	0.09110	0.84829
500 T	0.06829	0.07068	0.86104
501 T	0.07262	0.04824	0.87914
502 T	0.07392	0.03749	0.88858
503 A	0.07424	0.03097	0.89479
504 T	0.07452	0.02315	0.90233
505 T	0.07451	0.01908	0.90641
506 G	0.07418	0.01731	0.90851
507 G	0.07436	0.01594	0.90969
508 G	0.07516	0.01442	0.91042
509 C	0.07700	0.01213	0.91087
510 T	0.07958	0.00951	0.91092
511 T	0.08104	0.00805	0.91091
512 T	0.08131	0.00775	0.91094
513 G	0.08138	0.00768	0.91093
514 A	0.08158	0.00767	0.91074
515 T	0.08229	0.00645	0.91127
516 T	0.08266	0.00567	0.91167
517 T	0.08277	0.00518	0.91206
518 A	0.08270	0.00503	0.91228
519 T	0.08273	0.00451	0.91276
520 G	0.08263	0.00461	0.91276
521 G	0.08266	0.00462	0.91272
522 T	0.08281	0.00459	0.9126
523 T	0.08290	0.00481	0.91228
524 T	0.08295	0.00491	0.91215
525 T	0.08297	0.00490	0.91212
526 T	0.08296	0.00485	0.91219
527 T	0.08293	0.00486	0.91221
528 A	0.08284	0.00497	0.91219
529 G	0.08274	0.00488	0.91238
530 G	0.08272	0.00491	0.91237
531 T	0.08275	0.00504	0.9122
532 T	0.08269	0.00524	0.91206
533 A	0.08263	0.00539	0.91198
534 T	0.08271	0.00531	0.91198
535 G	0.08272	0.00528	0.912
536 A	0.08278	0.00522	0.912
537 T	0.08303	0.00495	0.91202
538 T	0.08320	0.00478	0.91201
539 A	0.08325	0.00476	0.912
540 T	0.08323	0.00469	0.91208
541 G	0.08296	0.00480	0.91223
542 G	0.08287	0.00485	0.91228
543 T	0.08300	0.00470	0.91231
544 A	0.08306	0.00474	0.91221
545 C	0.08328	0.00460	0.91212
546 T	0.08368	0.00457	0.91175
547 T	0.08374	0.00521	0.91104
548 T	0.08367	0.00578	0.91056
549 T	0.08326	0.00678	0.90996
550 G	0.08274	0.00787	0.90938
551 A	0.08266	0.00830	0.90904
552 T	0.08278	0.00813	0.90909
553 A	0.08273	0.00813	0.90914
554 T	0.08295	0.00786	0.90919
555 T	0.08303	0.00769	0.90929
556 C	0.08289	0.00781	0.9093
557 C	0.08249	0.00834	0.90916
558 T	0.08239	0.00891	0.9087
559 A	0.08157	0.01041	0.90803
560 T	0.08109	0.01112	0.9078
561 A	0.07996	0.01245	0.9076
562 A	0.07912	0.01336	0.90752
563 G	0.07712	0.01521	0.90767
564 A	0.07490	0.01720	0.9079
565 A	0.07287	0.01916	0.90797
566 G	0.07168	0.02036	0.90796
567 A	0.07081	0.02156	0.90763
568 A	0.07062	0.02194	0.90744
569 G	0.07100	0.02165	0.90734
570 T	0.07190	0.02062	0.90748
571 A	0.07219	0.02029	0.90752
572 T	0.07255	0.01948	0.90797
573 T	0.07260	0.01903	0.90836
574 C	0.07215	0.01934	0.90851
575 A	0.07174	0.01978	0.90849
576 C	0.07150	0.01985	0.90865
577 A	0.07138	0.01996	0.90866
578 A	0.07141	0.01987	0.90872
579 T	0.07163	0.01950	0.90888
580 C	0.07179	0.01880	0.9094
581 G	0.07224	0.01820	0.90955
582 T	0.07285	0.01665	0.9105
583 T	0.07299	0.01598	0.91103
584 T	0.07301	0.01522	0.91176
585 A	0.07295	0.01512	0.91193
586 A	0.07294	0.01347	0.9136
587 A	0.07289	0.01148	0.91562
588 A	0.07288	0.00960	0.91752
589 A	0.07294	0.00844	0.91862
590 T	0.07329	0.00731	0.91941
591 G	0.07344	0.00719	0.91937
592 G	0.07367	0.00764	0.9187
593 A	0.07379	0.00804	0.91817
594 A	0.07395	0.00784	0.91821
595 G	0.07403	0.00751	0.91846
596 T	0.07418	0.00707	0.91875
597 T	0.07424	0.00658	0.91917
598 T	0.07429	0.00627	0.91944
599 C	0.07428	0.00613	0.91959
600 T	0.07419	0.00622	0.91959
601 T	0.07412	0.00636	0.91951
602 T	0.07400	0.00656	0.91944
603 G	0.07372	0.00693	0.91935
604 C	0.07358	0.00733	0.91909
605 A	0.07348	0.00782	0.91871
606 A	0.07330	0.00817	0.91853
607 G	0.07332	0.00819	0.91849
608 G	0.07349	0.00804	0.91847
609 T	0.07387	0.00764	0.9185
610 A	0.07404	0.00736	0.9186
611 A	0.07433	0.00695	0.91872
612 A	0.07482	0.00634	0.91884
613 C	0.07536	0.00565	0.91899
614 C	0.07593	0.00502	0.91906
615 T	0.07679	0.00414	0.91907
616 T	0.07728	0.00365	0.91906
617 C	0.07740	0.00354	0.91906
618 T	0.07737	0.00358	0.91905
619 A	0.07710	0.00384	0.91905
620 T	0.07710	0.00383	0.91907
621 T	0.07685	0.00407	0.91908
622 A	0.07602	0.00488	0.9191
623 C	0.07570	0.00481	0.91948
624 T	0.07559	0.00482	0.9196
625 C	0.07528	0.00502	0.9197
626 A	0.07521	0.00507	0.91973
627 T	0.07546	0.00474	0.91979
628 T	0.07558	0.00458	0.91984
629 T	0.07531	0.00465	0.92003
630 T	0.07429	0.00564	0.92007
631 C	0.07203	0.00787	0.92009
632 G	0.07001	0.01059	0.91939
633 A	0.06922	0.01181	0.91897
634 A	0.06872	0.01257	0.91871
635 T	0.06845	0.01296	0.91859
636 T	0.06796	0.01359	0.91845
637 T	0.06747	0.01423	0.9183
638 T	0.06682	0.01496	0.91822
639 A	0.06576	0.01606	0.91818
640 A	0.06532	0.01647	0.91821
641 A	0.06502	0.01666	0.91832
642 G	0.06473	0.01659	0.91868
643 A	0.06456	0.01658	0.91885
644 A	0.06446	0.01631	0.91923
645 G	0.06437	0.01556	0.92007
646 T	0.06431	0.01527	0.92042
647 T	0.06416	0.01524	0.9206
648 T	0.06397	0.01516	0.92087
649 G	0.06368	0.01526	0.92106
650 A	0.06337	0.01552	0.92111
651 G	0.06313	0.01553	0.92134
652 A	0.06301	0.01537	0.92162
653 A	0.06300	0.01452	0.92248
654 A	0.06323	0.01221	0.92455
655 T	0.06410	0.00924	0.92665
656 T	0.06452	0.00797	0.92752
657 T	0.06469	0.00697	0.92835
658 T	0.06468	0.00635	0.92897
659 C	0.06454	0.00567	0.92979
660 T	0.06438	0.00575	0.92986
661 T	0.06423	0.00583	0.92994
662 T	0.06361	0.00643	0.92996
663 A	0.06260	0.00795	0.92945
664 T	0.06214	0.00899	0.92888
665 T	0.06129	0.00999	0.92872
666 A	0.05813	0.01376	0.9281
667 G	0.05698	0.01557	0.92744
668 A	0.05613	0.01789	0.92598
669 A	0.05543	0.01996	0.92461
670 T	0.05508	0.02084	0.92409
671 T	0.05439	0.02254	0.92307
672 A	0.05384	0.02407	0.92208
673 A	0.05363	0.02520	0.92117
674 A	0.05354	0.02551	0.92095
675 A	0.05359	0.02561	0.9208
676 T	0.05370	0.02572	0.92057
677 T	0.05349	0.02640	0.92011
678 A	0.05246	0.02831	0.91924
679 G	0.05187	0.02892	0.91921
680 A	0.05047	0.03038	0.91914
681 A	0.04920	0.03167	0.91913
682 A	0.04848	0.03217	0.91934
683 C	0.04824	0.03176	0.91999
684 A	0.04798	0.03223	0.91979
685 G	0.04808	0.03160	0.92033
686 G	0.04862	0.03068	0.9207
687 T	0.04947	0.03006	0.92047
688 A	0.04977	0.03068	0.91955
689 G	0.05039	0.02793	0.92168
690 A	0.05112	0.02625	0.92263
691 A	0.05258	0.02388	0.92354
692 T	0.05411	0.02151	0.92438
693 G	0.05476	0.02030	0.92493
694 C	0.05593	0.01848	0.92559
695 A	0.05683	0.01737	0.92581
696 T	0.05783	0.01619	0.92597
697 C	0.05801	0.01592	0.92607
698 A	0.05826	0.01589	0.92585
699 A	0.05853	0.01563	0.92583
700 A	0.05903	0.01481	0.92616
701 T	0.05985	0.01305	0.9271
702 T	0.05996	0.01245	0.92758
703 A	0.05995	0.01123	0.92881
704 G	0.06011	0.00990	0.92999
705 A	0.06031	0.00892	0.93078
706 G	0.06052	0.00810	0.93137
707 T	0.06131	0.00681	0.93187
708 T	0.06186	0.00602	0.93212
709 C	0.06222	0.00556	0.93222
710 A	0.06264	0.00522	0.93215
711 T	0.06375	0.00408	0.93216
712 T	0.06439	0.00338	0.93224
713 T	0.06442	0.00331	0.93226
714 A	0.06414	0.00358	0.93229
715 T	0.06398	0.00358	0.93244
716 C	0.06382	0.00355	0.93263
717 T	0.06374	0.00369	0.93257
718 T	0.06366	0.00402	0.93232
719 A	0.06349	0.00460	0.93191
720 T	0.06344	0.00501	0.93155
721 T	0.06295	0.00629	0.93075
722 T	0.06166	0.00809	0.93025
723 A	0.05877	0.01103	0.9302
724 A	0.05434	0.01550	0.93016
725 A	0.05349	0.01629	0.93022
726 A	0.05329	0.01631	0.9304
727 C	0.05319	0.01626	0.93055
728 A	0.05294	0.01647	0.93058
729 T	0.05292	0.01645	0.93063
730 C	0.05288	0.01646	0.93065
731 C	0.05287	0.01647	0.93065
732 T	0.05288	0.01647	0.93065
733 A	0.05284	0.01650	0.93066
734 T	0.05284	0.01648	0.93068
735 T	0.05283	0.01647	0.9307
736 T	0.05280	0.01639	0.93082
737 G	0.05273	0.01601	0.93127
738 C	0.05272	0.01560	0.93169
739 G	0.05272	0.01538	0.9319
740 G	0.05284	0.01510	0.93205
741 C	0.05315	0.01457	0.93229
742 G	0.05360	0.01416	0.93223
743 A	0.05402	0.01398	0.93199
744 T	0.05490	0.01265	0.93245
745 T	0.05529	0.01135	0.93336
746 G	0.05533	0.00928	0.93539
747 T	0.05537	0.00561	0.93901
748 T	0.05537	0.00652	0.93811
749 T	0.05533	0.00787	0.9368
750 A	0.05519	0.00939	0.93542
751 T	0.05511	0.00976	0.93513
752 A	0.05489	0.01062	0.93449
753 T	0.05457	0.01097	0.93446
754 G	0.05413	0.01140	0.93447
755 G	0.05387	0.01166	0.93446
756 T	0.05378	0.01179	0.93444
757 C	0.05345	0.01221	0.93434
758 C	0.05216	0.01461	0.93323
759 T	0.05175	0.01871	0.92954
760 A	0.05114	0.02777	0.92109
761 A	0.04971	0.03714	0.91315
762 A	0.04922	0.03813	0.91265
763 A	0.04888	0.03867	0.91244
764 A	0.04792	0.03978	0.91229
765 A	0.04756	0.04018	0.91226
766 C	0.04757	0.04015	0.91228
767 A	0.04766	0.04008	0.91225
768 A	0.04819	0.03956	0.91224
769 A	0.04908	0.03868	0.91224
770 C	0.05059	0.03714	0.91227
771 T	0.05259	0.03513	0.91228
772 T	0.05397	0.03370	0.91233
773 T	0.05480	0.03278	0.91242
774 A	0.05459	0.03293	0.91248
775 C	0.05443	0.03291	0.91266
776 A	0.05368	0.03342	0.9129
777 A	0.05110	0.03565	0.91325
778 C	0.04864	0.03788	0.91349
779 A	0.04544	0.04121	0.91335
780 A	0.04488	0.04164	0.91348
781 C	0.04605	0.03894	0.91502
782 A	0.04882	0.03607	0.91512
783 G	0.05672	0.02796	0.91532
784 T	0.06363	0.02043	0.91594
785 T	0.06371	0.02156	0.91472
786 A	0.06328	0.02207	0.91465
787 T	0.06291	0.02151	0.91558
788 T	0.06177	0.02235	0.91588
789 A	0.05719	0.02691	0.9159
790 C	0.05529	0.02858	0.91613
791 A	0.05469	0.02929	0.91602
792 T	0.05433	0.02973	0.91595
793 G	0.05347	0.03105	0.91547
794 C	0.05270	0.03199	0.91531
795 A	0.05159	0.03373	0.91468
796 A	0.05133	0.03479	0.91389
797 A	0.05118	0.03494	0.91388
798 A	0.05114	0.03480	0.91406
799 A	0.05122	0.03421	0.91457
800 A	0.05123	0.03130	0.91747
801 A	0.05101	0.02854	0.92045
802 T	0.05122	0.02443	0.92435
803 T	0.05111	0.02342	0.92546
804 A	0.05086	0.02322	0.92592
805 G	0.05105	0.02264	0.92631
806 A	0.05126	0.02226	0.92647
807 A	0.05191	0.02124	0.92685
808 T	0.05354	0.01867	0.92779
809 T	0.05392	0.01752	0.92856
810 T	0.05405	0.01669	0.92926
811 A	0.05398	0.01569	0.93033
812 C	0.05410	0.01114	0.93476
813 T	0.05419	0.00951	0.9363
814 C	0.05425	0.00886	0.93689
815 A	0.05443	0.00847	0.9371
816 T	0.05516	0.00718	0.93765
817 C	0.05534	0.00658	0.93807
818 C	0.05578	0.00536	0.93887
819 T	0.05651	0.00471	0.93878
820 T	0.05667	0.00441	0.93892
821 T	0.05672	0.00439	0.93888
822 T	0.05670	0.00450	0.9388
823 A	0.05658	0.00469	0.93873
824 C	0.05656	0.00421	0.93923
825 T	0.05653	0.00550	0.93796
826 G	0.05639	0.01054	0.93307
827 G	0.05646	0.01473	0.92882
828 T	0.05662	0.01753	0.92585
829 G	0.05667	0.02174	0.92159
830 A	0.05673	0.02553	0.91774
831 A	0.05674	0.02743	0.91582
832 A	0.05681	0.02827	0.91491
833 A	0.05685	0.02915	0.914
834 A	0.05696	0.03003	0.913
835 T	0.05704	0.03130	0.91166
836 T	0.05705	0.03235	0.9106
837 A	0.05701	0.03336	0.90963
838 A	0.05701	0.03386	0.90913
839 A	0.05700	0.03389	0.90911
840 A	0.05695	0.03392	0.90913
841 T	0.05702	0.03380	0.90917
842 T	0.05709	0.03376	0.90916
843 C	0.05688	0.03396	0.90916
844 G	0.05681	0.03404	0.90915
845 A	0.05665	0.03418	0.90917
846 A	0.05686	0.03389	0.90925
847 A	0.05734	0.03335	0.90931
848 C	0.05974	0.03088	0.90938
849 C	0.06671	0.02373	0.90957
850 T	0.07298	0.01743	0.9096
851 C	0.07575	0.01469	0.90956
852 T	0.07887	0.01158	0.90955
853 T	0.08057	0.00988	0.90955
854 T	0.08123	0.00921	0.90956
855 A	0.08143	0.00896	0.9096
856 C	0.08234	0.00802	0.90964
857 C	0.08387	0.00645	0.90969
858 T	0.08567	0.00462	0.9097
859 T	0.08653	0.00376	0.90972
860 T	0.08699	0.00327	0.90973
861 A	0.08682	0.00345	0.90974
862 C	0.08664	0.00359	0.90977
863 A	0.08652	0.00367	0.90981
864 T	0.08645	0.00364	0.90991
865 T	0.08631	0.00364	0.91005
866 T	0.08579	0.00401	0.9102
867 T	0.08448	0.00531	0.91021
868 C	0.07958	0.01012	0.9103
869 A	0.07135	0.01927	0.90938
870 A	0.06824	0.02290	0.90886
871 G	0.06761	0.02397	0.90842
872 A	0.06717	0.02523	0.9076
873 A	0.06697	0.02640	0.90662
874 T	0.06690	0.02731	0.90579
875 T	0.06667	0.02835	0.90498
876 T	0.06515	0.03061	0.90424
877 T	0.06100	0.03630	0.90271
878 T	0.06039	0.03731	0.90231
879 G	0.05888	0.03934	0.90178
880 A	0.05768	0.04116	0.90117
881 A	0.05734	0.04157	0.90108
882 T	0.05712	0.04171	0.90116
883 A	0.05711	0.04152	0.90136
884 A	0.05712	0.04121	0.90167
885 A	0.05714	0.04094	0.90192
886 A	0.05723	0.04057	0.9022
887 T	0.05726	0.03998	0.90276
888 A	0.05730	0.03928	0.90342
889 G	0.05739	0.03797	0.90465
890 A	0.05754	0.03644	0.90601
891 A	0.05784	0.03200	0.91016
892 T	0.05883	0.02364	0.91753
893 C	0.05937	0.02032	0.92031
894 A	0.05983	0.01942	0.92075
895 A	0.06069	0.01816	0.92115
896 A	0.06189	0.01663	0.92148
897 T	0.06351	0.01456	0.92193
898 T	0.06489	0.01266	0.92246
899 A	0.06593	0.00840	0.92567
900 A	0.06792	0.00000	0.93208
