# lcl|CP097583.1_cds_USQ93580.1_1
# AA	inside	membr	outside
1 A	0.13325	0.00000	0.86675
2 T	0.13297	0.00028	0.86675
3 G	0.13248	0.00077	0.86675
4 G	0.13248	0.00737	0.86015
5 A	0.12779	0.01701	0.8552
6 T	0.12779	0.01749	0.85472
7 T	0.10710	0.03838	0.85453
8 C	0.10709	0.03838	0.85453
9 A	0.10152	0.04401	0.85448
10 A	0.10151	0.04545	0.85305
11 A	0.10070	0.04636	0.85293
12 C	0.09639	0.05071	0.8529
13 A	0.09142	0.05631	0.85227
14 A	0.09142	0.05631	0.85227
15 A	0.09142	0.06352	0.84506
16 G	0.09141	0.06354	0.84506
17 T	0.09137	0.06359	0.84504
18 T	0.09137	0.06369	0.84495
19 T	0.09123	0.06387	0.8449
20 C	0.08984	0.06584	0.84431
21 G	0.08088	0.07480	0.84432
22 A	0.08038	0.07579	0.84383
23 T	0.08031	0.07617	0.84351
24 G	0.08035	0.07673	0.84293
25 A	0.08072	0.07839	0.8409
26 A	0.08110	0.07741	0.84148
27 T	0.08761	0.06689	0.84549
28 T	0.09126	0.05903	0.84971
29 T	0.09148	0.05813	0.85039
30 A	0.09143	0.04473	0.86384
31 T	0.09130	0.04379	0.86491
32 T	0.09073	0.03967	0.8696
33 A	0.08499	0.04537	0.86963
34 C	0.08093	0.04830	0.87077
35 A	0.07891	0.04842	0.87266
36 A	0.07710	0.04768	0.87522
37 G	0.07637	0.04843	0.8752
38 C	0.08225	0.04257	0.87518
39 T	0.08214	0.04401	0.87385
40 A	0.08210	0.04463	0.87327
41 T	0.08238	0.04497	0.87265
42 T	0.08250	0.04473	0.87277
43 A	0.08270	0.04365	0.87365
44 A	0.08233	0.03574	0.88193
45 T	0.08273	0.03437	0.8829
46 C	0.08243	0.03410	0.88347
47 A	0.08232	0.03410	0.88358
48 T	0.08452	0.03179	0.88369
49 A	0.08406	0.03236	0.88358
50 C	0.08347	0.03296	0.88357
51 T	0.08348	0.03342	0.8831
52 T	0.08180	0.03566	0.88254
53 T	0.07900	0.03998	0.88101
54 A	0.07370	0.04571	0.88059
55 G	0.07257	0.04676	0.88067
56 A	0.07233	0.04149	0.88618
57 T	0.07167	0.03791	0.89041
58 A	0.06920	0.03908	0.89172
59 T	0.06838	0.03831	0.89331
60 G	0.05731	0.05083	0.89186
61 C	0.05250	0.05686	0.89064
62 A	0.04719	0.06660	0.88621
63 G	0.04417	0.07428	0.88154
64 T	0.04303	0.07772	0.87925
65 T	0.03986	0.08505	0.87509
66 A	0.03260	0.09563	0.87177
67 A	0.02794	0.10087	0.87119
68 A	0.02398	0.10518	0.87083
69 A	0.02177	0.10689	0.87133
70 A	0.02056	0.10746	0.87198
71 A	0.02006	0.10736	0.87258
72 A	0.02008	0.10595	0.87397
73 A	0.02035	0.10409	0.87555
74 A	0.02111	0.10158	0.8773
75 T	0.02251	0.09720	0.88029
76 T	0.02395	0.09255	0.8835
77 C	0.02404	0.08808	0.88787
78 A	0.02407	0.08751	0.88843
79 A	0.02426	0.08678	0.88895
80 A	0.02400	0.08633	0.88967
81 A	0.02449	0.08394	0.89157
82 A	0.02598	0.08114	0.89287
83 T	0.03047	0.06437	0.90517
84 A	0.03291	0.05600	0.9111
85 G	0.03779	0.04320	0.91901
86 T	0.04351	0.03211	0.92438
87 T	0.04567	0.02672	0.9276
88 T	0.04785	0.02163	0.93052
89 T	0.04879	0.01595	0.93525
90 A	0.04814	0.01376	0.9381
91 T	0.04750	0.01113	0.94137
92 T	0.04488	0.01220	0.94292
93 T	0.04173	0.01436	0.94391
94 G	0.03554	0.02022	0.94425
95 G	0.02980	0.02612	0.94408
96 A	0.02593	0.03040	0.94366
97 C	0.02312	0.03472	0.94216
98 A	0.02153	0.03823	0.94025
99 A	0.02095	0.04029	0.93876
100 G	0.02081	0.04081	0.93838
101 A	0.02089	0.04085	0.93826
102 T	0.02103	0.04076	0.93821
103 A	0.02105	0.04038	0.93858
104 T	0.02112	0.03982	0.93905
105 T	0.02105	0.03965	0.93929
106 G	0.02088	0.03973	0.93939
107 G	0.02075	0.03975	0.93949
108 T	0.02073	0.03991	0.93935
109 A	0.02070	0.04009	0.93922
110 A	0.02075	0.03994	0.93931
111 A	0.02090	0.03941	0.93968
112 T	0.02126	0.03771	0.94103
113 T	0.02143	0.03577	0.9428
114 A	0.02147	0.03411	0.94442
115 G	0.02166	0.03055	0.94779
116 G	0.02177	0.02723	0.95101
117 A	0.02199	0.02246	0.95555
118 G	0.02252	0.01713	0.96036
119 G	0.02333	0.01317	0.96349
120 T	0.02548	0.00893	0.96559
121 G	0.02726	0.00598	0.96676
122 T	0.02873	0.00408	0.96719
123 T	0.02915	0.00355	0.96731
124 T	0.02929	0.00338	0.96734
125 T	0.02927	0.00343	0.9673
126 T	0.02909	0.00374	0.96718
127 A	0.02870	0.00446	0.96684
128 G	0.02770	0.00542	0.96689
129 A	0.02672	0.00636	0.96692
130 G	0.02565	0.00731	0.96704
131 T	0.02451	0.00841	0.96708
132 C	0.02127	0.01160	0.96713
133 A	0.01844	0.01443	0.96714
134 C	0.01804	0.01481	0.96715
135 A	0.01778	0.01508	0.96714
136 G	0.01769	0.01518	0.96713
137 C	0.01791	0.01496	0.96713
138 T	0.01810	0.01481	0.9671
139 G	0.01778	0.01521	0.96701
140 G	0.01749	0.01564	0.96687
141 T	0.01735	0.01581	0.96684
142 T	0.01666	0.01660	0.96675
143 T	0.01456	0.01900	0.96645
144 A	0.01266	0.02127	0.96607
145 C	0.01153	0.02288	0.96559
146 A	0.01040	0.02494	0.96466
147 A	0.00977	0.02623	0.964
148 G	0.00944	0.02697	0.96358
149 A	0.00915	0.02749	0.96337
150 A	0.00923	0.02730	0.96347
151 A	0.00910	0.02636	0.96454
152 A	0.00910	0.02509	0.9658
153 A	0.00907	0.02373	0.96721
154 T	0.00904	0.02199	0.96897
155 A	0.00895	0.01902	0.97203
156 C	0.00885	0.01638	0.97477
157 G	0.00883	0.01614	0.97502
158 G	0.00883	0.01598	0.97519
159 T	0.00886	0.01588	0.97526
160 A	0.00885	0.01586	0.97529
161 A	0.00888	0.01580	0.97532
162 A	0.00896	0.01508	0.97595
163 G	0.00911	0.01406	0.97684
164 A	0.00917	0.01322	0.9776
165 A	0.00933	0.01177	0.9789
166 C	0.00984	0.00844	0.98172
167 G	0.01042	0.00653	0.98305
168 T	0.01120	0.00502	0.98378
169 G	0.01198	0.00366	0.98436
170 T	0.01262	0.00279	0.98458
171 T	0.01289	0.00239	0.98472
172 T	0.01301	0.00194	0.98505
173 T	0.01295	0.00187	0.98519
174 T	0.01265	0.00212	0.98524
175 G	0.01225	0.00247	0.98528
176 A	0.01206	0.00263	0.98531
177 T	0.01163	0.00299	0.98539
178 A	0.01080	0.00371	0.98549
179 C	0.01024	0.00416	0.98559
180 T	0.00969	0.00469	0.98562
181 C	0.00905	0.00531	0.98564
182 C	0.00860	0.00576	0.98564
183 G	0.00836	0.00600	0.98563
184 A	0.00828	0.00609	0.98563
185 T	0.00820	0.00616	0.98564
186 A	0.00788	0.00648	0.98564
187 A	0.00769	0.00667	0.98564
188 C	0.00756	0.00674	0.98569
189 A	0.00749	0.00681	0.9857
190 G	0.00748	0.00680	0.98571
191 A	0.00752	0.00675	0.98572
192 A	0.00764	0.00662	0.98574
193 T	0.00782	0.00639	0.98579
194 C	0.00791	0.00603	0.98607
195 T	0.00804	0.00577	0.98619
196 G	0.00809	0.00559	0.98631
197 G	0.00817	0.00530	0.98653
198 T	0.00819	0.00503	0.98678
199 A	0.00818	0.00492	0.9869
200 T	0.00818	0.00424	0.98758
201 T	0.00814	0.00336	0.9885
202 G	0.00810	0.00273	0.98917
203 T	0.00807	0.00226	0.98968
204 T	0.00800	0.00185	0.99014
205 G	0.00787	0.00168	0.99044
206 G	0.00782	0.00159	0.99059
207 A	0.00761	0.00180	0.9906
208 A	0.00740	0.00192	0.99068
209 G	0.00733	0.00170	0.99098
210 T	0.00730	0.00157	0.99114
211 G	0.00725	0.00153	0.99122
212 C	0.00723	0.00151	0.99127
213 T	0.00721	0.00156	0.99123
214 A	0.00718	0.00164	0.99118
215 T	0.00716	0.00169	0.99115
216 A	0.00709	0.00178	0.99112
217 G	0.00706	0.00182	0.99112
218 G	0.00704	0.00183	0.99113
219 A	0.00704	0.00182	0.99114
220 A	0.00704	0.00179	0.99117
221 T	0.00706	0.00174	0.9912
222 G	0.00708	0.00167	0.99125
223 T	0.00709	0.00162	0.99129
224 C	0.00710	0.00154	0.99135
225 T	0.00711	0.00151	0.99138
226 A	0.00712	0.00149	0.99139
227 T	0.00714	0.00142	0.99143
228 A	0.00715	0.00135	0.9915
229 A	0.00717	0.00130	0.99153
230 A	0.00723	0.00101	0.99176
231 T	0.00724	0.00078	0.99199
232 G	0.00722	0.00072	0.99206
233 G	0.00722	0.00069	0.99209
234 T	0.00727	0.00061	0.99212
235 T	0.00729	0.00058	0.99213
236 T	0.00729	0.00057	0.99213
237 A	0.00728	0.00057	0.99215
238 A	0.00729	0.00054	0.99217
239 T	0.00729	0.00049	0.99223
240 T	0.00725	0.00050	0.99225
241 C	0.00716	0.00057	0.99227
242 C	0.00710	0.00062	0.99228
243 T	0.00704	0.00069	0.99228
244 A	0.00691	0.00082	0.99228
245 T	0.00683	0.00089	0.99228
246 C	0.00671	0.00101	0.99228
247 G	0.00664	0.00109	0.99228
248 C	0.00658	0.00114	0.99227
249 T	0.00651	0.00121	0.99228
250 G	0.00643	0.00130	0.99228
251 A	0.00641	0.00132	0.99228
252 A	0.00640	0.00131	0.99229
253 A	0.00640	0.00131	0.9923
254 T	0.00640	0.00126	0.99234
255 T	0.00641	0.00121	0.99238
256 C	0.00641	0.00117	0.99242
257 A	0.00640	0.00117	0.99243
258 A	0.00640	0.00115	0.99244
259 T	0.00642	0.00111	0.99248
260 T	0.00642	0.00108	0.9925
261 T	0.00641	0.00108	0.99252
262 G	0.00639	0.00104	0.99257
263 A	0.00637	0.00100	0.99263
264 T	0.00636	0.00088	0.99275
265 G	0.00636	0.00081	0.99283
266 G	0.00636	0.00075	0.9929
267 A	0.00636	0.00067	0.99298
268 T	0.00636	0.00060	0.99305
269 T	0.00636	0.00051	0.99313
270 T	0.00635	0.00046	0.99319
271 A	0.00635	0.00043	0.99323
272 T	0.00634	0.00036	0.9933
273 T	0.00633	0.00031	0.99336
274 T	0.00632	0.00031	0.99337
275 A	0.00629	0.00033	0.99338
276 T	0.00627	0.00034	0.99339
277 G	0.00623	0.00037	0.99339
278 T	0.00622	0.00038	0.9934
279 A	0.00621	0.00039	0.99341
280 G	0.00621	0.00038	0.9934
281 G	0.00621	0.00038	0.99341
282 T	0.00621	0.00037	0.99342
283 T	0.00621	0.00037	0.99343
284 T	0.00620	0.00036	0.99344
285 A	0.00619	0.00036	0.99345
286 C	0.00619	0.00035	0.99346
287 A	0.00619	0.00035	0.99347
288 A	0.00618	0.00035	0.99347
289 G	0.00619	0.00034	0.99347
290 A	0.00621	0.00032	0.99347
291 T	0.00623	0.00030	0.99347
292 T	0.00624	0.00028	0.99348
293 T	0.00625	0.00028	0.99348
294 A	0.00624	0.00028	0.99348
295 A	0.00624	0.00027	0.99349
296 T	0.00624	0.00024	0.99352
297 T	0.00624	0.00022	0.99354
298 T	0.00621	0.00022	0.99357
299 C	0.00617	0.00024	0.9936
300 T	0.00614	0.00026	0.99361
301 C	0.00609	0.00030	0.99361
302 A	0.00606	0.00033	0.99361
303 T	0.00605	0.00033	0.99362
304 G	0.00604	0.00034	0.99362
305 C	0.00604	0.00034	0.99362
306 T	0.00603	0.00035	0.99362
307 G	0.00602	0.00035	0.99363
308 C	0.00601	0.00035	0.99363
309 T	0.00599	0.00038	0.99363
310 A	0.00596	0.00043	0.99361
311 G	0.00594	0.00046	0.9936
312 G	0.00592	0.00049	0.99359
313 A	0.00592	0.00051	0.99357
314 T	0.00591	0.00051	0.99358
315 G	0.00591	0.00052	0.99357
316 A	0.00591	0.00052	0.99358
317 G	0.00591	0.00050	0.99359
318 A	0.00591	0.00050	0.9936
319 A	0.00591	0.00049	0.99361
320 A	0.00591	0.00046	0.99363
321 T	0.00591	0.00040	0.99369
322 C	0.00591	0.00035	0.99375
323 G	0.00591	0.00032	0.99377
324 T	0.00591	0.00029	0.9938
325 T	0.00591	0.00028	0.99381
326 C	0.00591	0.00027	0.99382
327 T	0.00591	0.00027	0.99382
328 A	0.00591	0.00026	0.99383
329 G	0.00591	0.00026	0.99383
330 A	0.00590	0.00025	0.99384
331 G	0.00591	0.00024	0.99385
332 G	0.00592	0.00020	0.99388
333 T	0.00594	0.00014	0.99392
334 A	0.00595	0.00012	0.99394
335 C	0.00596	0.00008	0.99396
336 T	0.00598	0.00005	0.99396
337 T	0.00599	0.00005	0.99396
338 T	0.00599	0.00004	0.99397
339 T	0.00599	0.00004	0.99397
340 T	0.00598	0.00005	0.99397
341 C	0.00597	0.00006	0.99397
342 G	0.00596	0.00007	0.99397
343 T	0.00596	0.00007	0.99397
344 G	0.00595	0.00007	0.99397
345 T	0.00595	0.00008	0.99397
346 C	0.00595	0.00008	0.99397
347 C	0.00594	0.00009	0.99397
348 T	0.00591	0.00011	0.99397
349 A	0.00589	0.00014	0.99397
350 T	0.00588	0.00015	0.99397
351 G	0.00587	0.00016	0.99397
352 G	0.00587	0.00017	0.99396
353 T	0.00587	0.00017	0.99396
354 A	0.00586	0.00018	0.99396
355 T	0.00585	0.00020	0.99395
356 T	0.00584	0.00021	0.99394
357 A	0.00582	0.00024	0.99393
358 A	0.00582	0.00026	0.99393
359 A	0.00581	0.00027	0.99392
360 A	0.00581	0.00027	0.99392
361 T	0.00581	0.00026	0.99393
362 T	0.00580	0.00026	0.99393
363 T	0.00577	0.00028	0.99395
364 C	0.00576	0.00028	0.99396
365 C	0.00575	0.00029	0.99396
366 A	0.00574	0.00030	0.99396
367 G	0.00574	0.00031	0.99396
368 T	0.00573	0.00031	0.99396
369 A	0.00572	0.00032	0.99396
370 G	0.00571	0.00032	0.99396
371 G	0.00571	0.00029	0.99399
372 C	0.00571	0.00026	0.99403
373 G	0.00571	0.00027	0.99403
374 G	0.00571	0.00027	0.99402
375 T	0.00572	0.00027	0.99401
376 G	0.00572	0.00029	0.99399
377 G	0.00573	0.00030	0.99397
378 T	0.00574	0.00030	0.99396
379 G	0.00574	0.00031	0.99395
380 T	0.00575	0.00034	0.99392
381 A	0.00575	0.00039	0.99385
382 A	0.00575	0.00040	0.99385
383 A	0.00574	0.00042	0.99384
384 A	0.00573	0.00043	0.99384
385 G	0.00573	0.00042	0.99385
386 C	0.00573	0.00040	0.99387
387 T	0.00573	0.00040	0.99387
388 T	0.00573	0.00041	0.99386
389 T	0.00572	0.00043	0.99384
390 A	0.00566	0.00050	0.99384
391 G	0.00560	0.00057	0.99384
392 A	0.00555	0.00061	0.99384
393 A	0.00553	0.00062	0.99385
394 C	0.00552	0.00063	0.99386
395 A	0.00551	0.00064	0.99385
396 T	0.00551	0.00064	0.99384
397 C	0.00550	0.00065	0.99384
398 A	0.00550	0.00065	0.99384
399 T	0.00553	0.00063	0.99384
400 T	0.00554	0.00061	0.99384
401 C	0.00554	0.00061	0.99384
402 A	0.00555	0.00061	0.99384
403 G	0.00558	0.00057	0.99384
404 A	0.00563	0.00052	0.99385
405 A	0.00565	0.00050	0.99386
406 T	0.00567	0.00047	0.99386
407 C	0.00568	0.00044	0.99387
408 T	0.00569	0.00043	0.99387
409 T	0.00570	0.00043	0.99387
410 T	0.00570	0.00043	0.99387
411 A	0.00570	0.00043	0.99387
412 G	0.00571	0.00041	0.99387
413 A	0.00572	0.00035	0.99393
414 A	0.00572	0.00029	0.99399
415 G	0.00573	0.00023	0.99403
416 T	0.00574	0.00021	0.99405
417 A	0.00574	0.00020	0.99406
418 A	0.00574	0.00018	0.99409
419 T	0.00575	0.00016	0.9941
420 T	0.00574	0.00014	0.99411
421 T	0.00574	0.00013	0.99412
422 T	0.00573	0.00014	0.99413
423 G	0.00571	0.00018	0.99411
424 G	0.00571	0.00018	0.99412
425 G	0.00570	0.00019	0.99412
426 A	0.00569	0.00020	0.99411
427 T	0.00569	0.00020	0.9941
428 C	0.00569	0.00021	0.9941
429 G	0.00569	0.00021	0.9941
430 A	0.00569	0.00021	0.9941
431 T	0.00570	0.00020	0.9941
432 T	0.00571	0.00019	0.9941
433 C	0.00571	0.00019	0.9941
434 C	0.00571	0.00018	0.99411
435 T	0.00572	0.00018	0.99411
436 G	0.00572	0.00018	0.9941
437 G	0.00572	0.00018	0.9941
438 T	0.00573	0.00018	0.99409
439 T	0.00573	0.00019	0.99408
440 T	0.00573	0.00019	0.99408
441 A	0.00573	0.00020	0.99407
442 A	0.00573	0.00021	0.99407
443 A	0.00573	0.00020	0.99407
444 A	0.00574	0.00019	0.99407
445 G	0.00575	0.00017	0.99408
446 T	0.00578	0.00013	0.99409
447 A	0.00578	0.00012	0.9941
448 G	0.00579	0.00011	0.9941
449 T	0.00580	0.00010	0.9941
450 T	0.00580	0.00009	0.9941
451 G	0.00581	0.00009	0.9941
452 T	0.00581	0.00009	0.9941
453 T	0.00581	0.00009	0.9941
454 C	0.00581	0.00009	0.9941
455 C	0.00581	0.00009	0.9941
456 T	0.00581	0.00010	0.99409
457 T	0.00580	0.00012	0.99408
458 C	0.00580	0.00013	0.99408
459 T	0.00580	0.00014	0.99406
460 A	0.00579	0.00014	0.99406
461 A	0.00579	0.00014	0.99406
462 T	0.00581	0.00013	0.99407
463 C	0.00581	0.00012	0.99407
464 C	0.00582	0.00011	0.99407
465 T	0.00582	0.00011	0.99407
466 T	0.00582	0.00011	0.99407
467 A	0.00582	0.00012	0.99407
468 T	0.00582	0.00012	0.99406
469 G	0.00582	0.00012	0.99406
470 A	0.00582	0.00012	0.99406
471 T	0.00582	0.00012	0.99406
472 G	0.00582	0.00012	0.99405
473 C	0.00582	0.00013	0.99405
474 T	0.00582	0.00015	0.99403
475 A	0.00582	0.00017	0.99401
476 A	0.00582	0.00018	0.99401
477 A	0.00582	0.00018	0.99401
478 G	0.00582	0.00018	0.994
479 G	0.00583	0.00017	0.99401
480 T	0.00584	0.00015	0.99401
481 C	0.00585	0.00014	0.99402
482 T	0.00585	0.00014	0.99401
483 T	0.00585	0.00015	0.994
484 T	0.00585	0.00019	0.99397
485 T	0.00585	0.00020	0.99396
486 A	0.00585	0.00022	0.99394
487 A	0.00584	0.00022	0.99394
488 T	0.00584	0.00022	0.99394
489 C	0.00583	0.00023	0.99394
490 G	0.00583	0.00024	0.99394
491 C	0.00583	0.00023	0.99393
492 G	0.00583	0.00025	0.99392
493 G	0.00583	0.00025	0.99392
494 C	0.00584	0.00025	0.99391
495 T	0.00585	0.00028	0.99388
496 A	0.00585	0.00031	0.99385
497 T	0.00586	0.00030	0.99384
498 T	0.00587	0.00031	0.99383
499 A	0.00586	0.00033	0.99381
500 A	0.00586	0.00034	0.9938
501 T	0.00585	0.00034	0.9938
502 A	0.00584	0.00035	0.9938
503 G	0.00584	0.00035	0.99381
504 T	0.00585	0.00034	0.99381
505 C	0.00584	0.00035	0.99381
506 C	0.00583	0.00037	0.9938
507 A	0.00585	0.00037	0.99378
508 G	0.00586	0.00036	0.99378
509 A	0.00588	0.00035	0.99378
510 T	0.00589	0.00034	0.99377
511 C	0.00589	0.00034	0.99378
512 C	0.00589	0.00036	0.99375
513 T	0.00589	0.00050	0.99361
514 G	0.00589	0.00061	0.99351
515 T	0.00590	0.00069	0.9934
516 T	0.00591	0.00080	0.99329
517 A	0.00591	0.00090	0.99318
518 T	0.00592	0.00096	0.99313
519 T	0.00590	0.00102	0.99308
520 T	0.00582	0.00117	0.993
521 A	0.00569	0.00138	0.99293
522 T	0.00565	0.00149	0.99286
523 A	0.00555	0.00172	0.99272
524 T	0.00550	0.00184	0.99266
525 G	0.00541	0.00194	0.99265
526 G	0.00538	0.00198	0.99264
527 A	0.00533	0.00202	0.99265
528 A	0.00530	0.00205	0.99265
529 C	0.00529	0.00206	0.99266
530 C	0.00527	0.00210	0.99263
531 A	0.00524	0.00215	0.99261
532 A	0.00523	0.00219	0.99258
533 A	0.00524	0.00221	0.99256
534 A	0.00527	0.00221	0.99252
535 C	0.00536	0.00215	0.99249
536 T	0.00557	0.00212	0.9923
537 T	0.00569	0.00226	0.99205
538 T	0.00576	0.00263	0.99161
539 T	0.00574	0.00337	0.99089
540 A	0.00564	0.00383	0.99053
541 T	0.00559	0.00400	0.99041
542 A	0.00547	0.00415	0.99037
543 T	0.00549	0.00407	0.99044
544 C	0.00548	0.00400	0.99052
545 G	0.00551	0.00407	0.99043
546 T	0.00560	0.00406	0.99033
547 G	0.00560	0.00415	0.99025
548 G	0.00553	0.00429	0.99017
549 T	0.00539	0.00459	0.99002
550 A	0.00505	0.00523	0.98972
551 A	0.00477	0.00596	0.98926
552 A	0.00460	0.00668	0.98871
553 A	0.00446	0.00740	0.98814
554 A	0.00432	0.00793	0.98776
555 A	0.00422	0.00822	0.98756
556 G	0.00412	0.00851	0.98736
557 A	0.00409	0.00871	0.98719
558 A	0.00414	0.00879	0.98707
559 G	0.00433	0.00868	0.98699
560 A	0.00459	0.00856	0.98684
561 A	0.00500	0.00812	0.98688
562 G	0.00568	0.00731	0.98701
563 T	0.00616	0.00667	0.98717
564 T	0.00636	0.00636	0.98727
565 C	0.00643	0.00616	0.9874
566 C	0.00649	0.00608	0.98743
567 T	0.00652	0.00610	0.98737
568 T	0.00641	0.00628	0.98731
569 T	0.00595	0.00686	0.98719
570 A	0.00533	0.00762	0.98705
571 G	0.00497	0.00806	0.98698
572 A	0.00464	0.00844	0.98692
573 A	0.00443	0.00855	0.98702
574 G	0.00438	0.00860	0.98702
575 A	0.00473	0.00847	0.9868
576 A	0.00529	0.00823	0.98648
577 T	0.00569	0.00823	0.98608
578 A	0.00575	0.00844	0.9858
579 T	0.00584	0.00858	0.98558
580 G	0.00579	0.00910	0.98511
581 A	0.00579	0.00975	0.98446
582 A	0.00562	0.01054	0.98384
583 A	0.00563	0.01090	0.98346
584 T	0.00555	0.01123	0.98321
585 T	0.00525	0.01191	0.98283
586 G	0.00490	0.01252	0.98258
587 A	0.00463	0.01301	0.98236
588 A	0.00454	0.01324	0.98221
589 A	0.00450	0.01330	0.9822
590 T	0.00457	0.01312	0.98231
591 A	0.00459	0.01293	0.98248
592 G	0.00466	0.01234	0.98301
593 G	0.00463	0.01221	0.98316
594 A	0.00464	0.01253	0.98283
595 A	0.00479	0.01222	0.98299
596 A	0.00501	0.01169	0.98331
597 A	0.00531	0.01094	0.98375
598 G	0.00568	0.01033	0.984
599 C	0.00617	0.00997	0.98386
600 T	0.00681	0.01067	0.98252
601 A	0.00700	0.01307	0.97992
602 A	0.00722	0.01376	0.97901
603 A	0.00758	0.01411	0.97832
604 G	0.00809	0.01388	0.97802
605 T	0.00871	0.01349	0.9778
606 A	0.00898	0.01323	0.97779
607 G	0.00927	0.01296	0.97778
608 T	0.00967	0.01244	0.97789
609 T	0.00975	0.01222	0.97802
610 C	0.00962	0.01231	0.97807
611 A	0.00942	0.01295	0.97763
612 A	0.00898	0.01370	0.97732
613 G	0.00873	0.01407	0.97719
614 A	0.00845	0.01469	0.97686
615 A	0.00839	0.01487	0.97674
616 G	0.00862	0.01458	0.9768
617 G	0.00908	0.01408	0.97684
618 A	0.00921	0.01396	0.97683
619 A	0.00937	0.01383	0.9768
620 A	0.00958	0.01365	0.97677
621 A	0.00989	0.01339	0.97672
622 G	0.01043	0.01290	0.97667
623 A	0.01202	0.01136	0.97661
624 T	0.01474	0.00853	0.97672
625 A	0.01549	0.00768	0.97683
626 T	0.01624	0.00678	0.97699
627 A	0.01649	0.00643	0.97708
628 A	0.01697	0.00583	0.97719
629 C	0.01725	0.00534	0.97741
630 T	0.01770	0.00484	0.97746
631 T	0.01806	0.00445	0.97749
632 T	0.01824	0.00421	0.97755
633 A	0.01832	0.00404	0.97765
634 G	0.01857	0.00360	0.97783
635 T	0.01882	0.00283	0.97835
636 A	0.01894	0.00241	0.97864
637 T	0.01932	0.00163	0.97905
638 C	0.01946	0.00132	0.97921
639 T	0.01960	0.00118	0.97923
640 T	0.01965	0.00115	0.9792
641 G	0.01966	0.00115	0.97918
642 G	0.01972	0.00114	0.97913
643 A	0.01978	0.00111	0.97911
644 G	0.01988	0.00104	0.97908
645 T	0.02003	0.00090	0.97907
646 T	0.02012	0.00081	0.97907
647 C	0.02012	0.00082	0.97907
648 T	0.02010	0.00089	0.97901
649 G	0.02008	0.00100	0.97892
650 C	0.02008	0.00106	0.97887
651 T	0.02009	0.00113	0.97879
652 G	0.02008	0.00118	0.97873
653 T	0.02011	0.00119	0.9787
654 T	0.02009	0.00129	0.97862
655 C	0.01997	0.00156	0.97847
656 A	0.01993	0.00187	0.97819
657 A	0.01992	0.00201	0.97808
658 A	0.01993	0.00201	0.97806
659 T	0.01999	0.00195	0.97806
660 T	0.02002	0.00193	0.97805
661 T	0.02002	0.00190	0.97808
662 C	0.01999	0.00193	0.97807
663 T	0.01998	0.00196	0.97807
664 A	0.01996	0.00199	0.97805
665 A	0.01999	0.00198	0.97804
666 A	0.02001	0.00196	0.97802
667 T	0.02006	0.00191	0.97803
668 T	0.02006	0.00189	0.97805
669 A	0.01989	0.00204	0.97806
670 G	0.01979	0.00212	0.97809
671 C	0.01976	0.00215	0.97809
672 T	0.01978	0.00228	0.97793
673 A	0.01969	0.00275	0.97756
674 T	0.01977	0.00280	0.97743
675 T	0.01974	0.00301	0.97725
676 G	0.01966	0.00325	0.97709
677 A	0.01967	0.00332	0.97701
678 T	0.01983	0.00309	0.97708
679 T	0.02003	0.00291	0.97706
680 T	0.02009	0.00289	0.97702
681 A	0.02005	0.00299	0.97696
682 T	0.02004	0.00300	0.97696
683 T	0.02001	0.00302	0.97697
684 A	0.01982	0.00322	0.97696
685 T	0.01964	0.00341	0.97695
686 C	0.01904	0.00410	0.97686
687 T	0.01848	0.00501	0.97651
688 A	0.01740	0.00634	0.97626
689 A	0.01614	0.00783	0.97603
690 A	0.01464	0.00951	0.97584
691 A	0.01380	0.01042	0.97578
692 A	0.01341	0.01073	0.97586
693 A	0.01329	0.01081	0.97591
694 G	0.01323	0.01085	0.97592
695 G	0.01340	0.01068	0.97592
696 T	0.01384	0.01020	0.97597
697 A	0.01395	0.01006	0.97598
698 T	0.01415	0.00980	0.97605
699 T	0.01422	0.00965	0.97613
700 T	0.01422	0.00963	0.97615
701 C	0.01403	0.00989	0.97608
702 T	0.01380	0.01063	0.97557
703 G	0.01369	0.01147	0.97484
704 T	0.01365	0.01209	0.97426
705 A	0.01352	0.01308	0.9734
706 G	0.01349	0.01344	0.97306
707 A	0.01352	0.01345	0.97303
708 A	0.01359	0.01321	0.9732
709 T	0.01381	0.01236	0.97383
710 T	0.01417	0.01154	0.97429
711 A	0.01434	0.01075	0.9749
712 A	0.01451	0.00969	0.97579
713 T	0.01468	0.00822	0.9771
714 A	0.01473	0.00768	0.9776
715 G	0.01482	0.00742	0.97776
716 A	0.01494	0.00753	0.97752
717 T	0.01507	0.00762	0.97731
718 T	0.01513	0.00807	0.9768
719 T	0.01515	0.00855	0.9763
720 A	0.01504	0.00983	0.97514
721 A	0.01475	0.01040	0.97486
722 G	0.01454	0.01087	0.97459
723 A	0.01447	0.01158	0.97395
724 A	0.01459	0.01217	0.97324
725 C	0.01523	0.01215	0.97262
726 T	0.01601	0.01522	0.96877
727 A	0.01643	0.02047	0.9631
728 T	0.01710	0.02524	0.95765
729 T	0.01705	0.02710	0.95585
730 A	0.01678	0.02769	0.95554
731 A	0.01661	0.02799	0.9554
732 T	0.01629	0.02838	0.95532
733 C	0.01553	0.02918	0.95528
734 C	0.01484	0.02990	0.95525
735 A	0.01456	0.03027	0.95517
736 A	0.01449	0.03041	0.95511
737 T	0.01465	0.03029	0.95506
738 C	0.01459	0.03038	0.95504
739 G	0.01473	0.03034	0.95494
740 A	0.01499	0.03016	0.95486
741 T	0.01541	0.02979	0.95481
742 A	0.01561	0.02961	0.95478
743 A	0.01627	0.02891	0.95482
744 A	0.01653	0.02838	0.95508
745 G	0.01692	0.02775	0.95533
746 A	0.01787	0.02662	0.9555
747 A	0.01942	0.02495	0.95564
748 A	0.02106	0.02320	0.95574
749 C	0.02497	0.01913	0.95591
750 A	0.03003	0.01406	0.95591
751 A	0.03507	0.00888	0.95605
752 T	0.03723	0.00641	0.95636
753 T	0.03775	0.00572	0.95654
754 T	0.03793	0.00537	0.9567
755 T	0.03795	0.00482	0.95723
756 A	0.03748	0.00453	0.95798
757 T	0.03725	0.00388	0.95887
758 C	0.03679	0.00399	0.95922
759 T	0.03639	0.00442	0.95919
760 T	0.03569	0.00524	0.95908
761 C	0.03413	0.00696	0.95891
762 T	0.03282	0.00914	0.95804
763 G	0.03120	0.01147	0.95734
764 T	0.03051	0.01347	0.95602
765 T	0.02923	0.01743	0.95334
766 A	0.02720	0.02158	0.95122
767 A	0.02541	0.02415	0.95043
768 A	0.02437	0.02583	0.9498
769 A	0.02366	0.02656	0.94978
770 A	0.02325	0.02695	0.94981
771 A	0.02315	0.02701	0.94984
772 A	0.02314	0.02697	0.94989
773 C	0.02325	0.02679	0.94995
774 A	0.02334	0.02674	0.94993
775 G	0.02340	0.02670	0.9499
776 G	0.02354	0.02664	0.94983
777 A	0.02359	0.02673	0.94968
778 A	0.02369	0.02674	0.94958
779 G	0.02392	0.02597	0.95011
780 A	0.02412	0.02547	0.95041
781 T	0.02447	0.02427	0.95126
782 T	0.02484	0.02318	0.95197
783 A	0.02508	0.02219	0.95274
784 G	0.02555	0.02067	0.95378
785 T	0.02660	0.01914	0.95425
786 A	0.02728	0.01862	0.9541
787 A	0.02863	0.01741	0.95396
788 T	0.03146	0.01358	0.95496
789 T	0.03308	0.01022	0.9567
790 G	0.03343	0.00834	0.95823
791 T	0.03383	0.00728	0.95889
792 T	0.03361	0.00715	0.95924
793 C	0.03301	0.00780	0.95919
794 A	0.03251	0.00917	0.95832
795 T	0.03237	0.00990	0.95773
796 G	0.03219	0.01029	0.95752
797 A	0.03214	0.01078	0.95708
798 A	0.03217	0.01120	0.95663
799 G	0.03226	0.01113	0.95661
800 C	0.03242	0.01101	0.95658
801 T	0.03254	0.01105	0.9564
802 A	0.03252	0.01144	0.95605
803 C	0.03258	0.01165	0.95577
804 A	0.03249	0.01274	0.95476
805 A	0.03251	0.01297	0.95451
806 G	0.03276	0.01292	0.95433
807 A	0.03324	0.01257	0.9542
808 A	0.03408	0.01177	0.95414
809 C	0.03544	0.01039	0.95416
810 T	0.03639	0.00955	0.95407
811 T	0.03675	0.00927	0.95397
812 A	0.03665	0.00938	0.95397
813 T	0.03671	0.00925	0.95405
814 G	0.03667	0.00921	0.95411
815 G	0.03669	0.00872	0.95459
816 C	0.03689	0.00780	0.95531
817 C	0.03758	0.00664	0.95577
818 C	0.03803	0.00614	0.95583
819 G	0.03822	0.00593	0.95585
820 G	0.03861	0.00554	0.95586
821 C	0.03894	0.00522	0.95584
822 T	0.03891	0.00535	0.95573
823 G	0.03854	0.00593	0.95553
824 G	0.03857	0.00610	0.95533
825 G	0.03884	0.00641	0.95476
826 G	0.03902	0.00704	0.95394
827 A	0.03974	0.00746	0.95281
828 A	0.03992	0.00894	0.95114
829 T	0.04014	0.01219	0.94768
830 T	0.04002	0.01498	0.94499
831 A	0.03915	0.02001	0.94084
832 A	0.03870	0.02116	0.94013
833 T	0.03865	0.02167	0.93968
834 A	0.03859	0.02197	0.93945
835 G	0.03855	0.02193	0.93952
836 C	0.03853	0.02196	0.93952
837 T	0.03850	0.02235	0.93916
838 T	0.03824	0.02347	0.93828
839 T	0.03790	0.02434	0.93776
840 A	0.03742	0.02531	0.93727
841 G	0.03707	0.02621	0.93671
842 T	0.03697	0.02661	0.93642
843 A	0.03679	0.02701	0.93621
844 A	0.03673	0.02712	0.93614
845 A	0.03684	0.02696	0.9362
846 T	0.03712	0.02638	0.9365
847 G	0.03739	0.02618	0.93643
848 A	0.03821	0.02581	0.93597
849 A	0.03927	0.02535	0.93538
850 A	0.04067	0.02439	0.93494
851 A	0.04261	0.02225	0.93514
852 T	0.04645	0.01823	0.93532
853 A	0.04876	0.01562	0.93562
854 T	0.05252	0.01097	0.93652
855 C	0.05339	0.00964	0.93698
856 T	0.05411	0.00889	0.93701
857 T	0.05445	0.00860	0.93695
858 T	0.05463	0.00852	0.93685
859 G	0.05473	0.00872	0.93656
860 A	0.05508	0.00889	0.93603
861 T	0.05616	0.00789	0.93595
862 T	0.05664	0.00783	0.93553
863 A	0.05639	0.00968	0.93393
864 T	0.05607	0.01201	0.93192
865 T	0.05524	0.01465	0.93011
866 T	0.05315	0.01830	0.92855
867 A	0.04833	0.02543	0.92624
868 A	0.04679	0.02890	0.92431
869 A	0.04598	0.03125	0.92277
870 A	0.04543	0.03356	0.92102
871 G	0.04553	0.03399	0.92048
872 A	0.04592	0.03469	0.91939
873 T	0.04606	0.03467	0.91928
874 G	0.04560	0.03514	0.91926
875 C	0.04544	0.03532	0.91924
876 T	0.04533	0.03544	0.91922
877 C	0.04489	0.03590	0.91921
878 C	0.04457	0.03627	0.91916
879 A	0.04428	0.03679	0.91894
880 C	0.04424	0.03695	0.91881
881 A	0.04425	0.03715	0.91859
882 G	0.04443	0.03720	0.91837
883 A	0.04492	0.03690	0.91818
884 G	0.04544	0.03642	0.91815
885 A	0.04631	0.03561	0.91807
886 A	0.04875	0.03219	0.91907
887 T	0.05214	0.02722	0.92064
888 T	0.05425	0.02380	0.92196
889 A	0.05520	0.02088	0.92391
890 C	0.05652	0.01501	0.92847
891 A	0.05775	0.01285	0.9294
892 G	0.05893	0.01101	0.93006
893 G	0.06060	0.00901	0.93039
894 A	0.06145	0.00804	0.93051
895 T	0.06281	0.00651	0.93067
896 T	0.06309	0.00571	0.9312
897 T	0.06311	0.00535	0.93154
898 G	0.06301	0.00564	0.93136
899 A	0.06299	0.00647	0.93055
900 T	0.06298	0.00686	0.93016
901 A	0.06296	0.00875	0.92829
902 T	0.06322	0.00901	0.92776
903 T	0.06330	0.01013	0.92657
904 A	0.06322	0.01303	0.92374
905 T	0.06322	0.01461	0.92217
906 T	0.06306	0.01494	0.92199
907 A	0.06254	0.01553	0.92193
908 T	0.06244	0.01563	0.92193
909 G	0.06226	0.01579	0.92195
910 C	0.06217	0.01587	0.92196
911 C	0.06216	0.01590	0.92194
912 T	0.06221	0.01597	0.92181
913 C	0.06217	0.01606	0.92177
914 T	0.06219	0.01635	0.92147
915 A	0.06172	0.01738	0.9209
916 G	0.06144	0.01843	0.92013
917 C	0.06069	0.01989	0.91942
918 T	0.06029	0.02161	0.9181
919 A	0.05957	0.02357	0.91687
920 G	0.05871	0.02518	0.91611
921 A	0.05812	0.02690	0.91498
922 G	0.05783	0.02874	0.91343
923 G	0.05843	0.02997	0.91159
924 T	0.06089	0.03094	0.90817
925 G	0.06148	0.03568	0.90284
926 A	0.06257	0.03800	0.89943
927 A	0.06476	0.03619	0.89905
928 T	0.06631	0.03541	0.89828
929 A	0.06645	0.03581	0.89774
930 T	0.06629	0.03563	0.89807
931 C	0.06571	0.03632	0.89797
932 A	0.06477	0.03873	0.89651
933 T	0.06384	0.04110	0.89506
934 C	0.06201	0.04418	0.89382
935 A	0.06106	0.04781	0.89114
936 A	0.06065	0.05075	0.8886
937 A	0.06089	0.05162	0.88749
938 A	0.06160	0.05104	0.88736
939 T	0.06315	0.04957	0.88728
940 T	0.06418	0.04826	0.88756
941 T	0.06524	0.04783	0.88693
942 A	0.06574	0.04698	0.88728
943 A	0.06635	0.04542	0.88823
944 A	0.06755	0.04322	0.88924
945 T	0.06969	0.03971	0.8906
946 C	0.07180	0.03726	0.89094
947 C	0.07493	0.03437	0.8907
948 T	0.07878	0.03247	0.88875
949 G	0.07890	0.03372	0.88738
950 A	0.07702	0.03802	0.88496
951 T	0.07536	0.04353	0.88111
952 A	0.07104	0.05606	0.87289
953 A	0.06831	0.06627	0.86542
954 A	0.06548	0.07958	0.85495
955 A	0.06629	0.08137	0.85233
956 T	0.06826	0.08038	0.85135
957 T	0.06914	0.08054	0.85033
958 G	0.06969	0.08163	0.84868
959 T	0.07111	0.08032	0.84857
960 T	0.07100	0.08063	0.84836
961 T	0.06953	0.08206	0.8484
962 A	0.06750	0.08406	0.84844
963 C	0.06675	0.08464	0.84861
964 T	0.06696	0.08452	0.84852
965 C	0.06624	0.08531	0.84844
966 A	0.06566	0.08646	0.84789
967 A	0.06559	0.08704	0.84737
968 T	0.06582	0.08707	0.84711
969 T	0.06577	0.08725	0.84699
970 A	0.06578	0.08736	0.84686
971 T	0.06774	0.08453	0.84773
972 A	0.06833	0.08259	0.84909
973 A	0.07010	0.07854	0.85136
974 A	0.07381	0.07227	0.85392
975 A	0.08214	0.05949	0.85837
976 A	0.09071	0.04847	0.86083
977 T	0.10449	0.03130	0.86421
978 T	0.10852	0.02615	0.86533
979 T	0.10936	0.02576	0.86488
980 T	0.10927	0.02807	0.86267
981 T	0.10613	0.03644	0.85743
982 A	0.09603	0.05551	0.84846
983 A	0.08172	0.07896	0.83932
984 T	0.07473	0.09519	0.83007
985 A	0.06136	0.11526	0.82338
986 G	0.04581	0.13902	0.81518
987 A	0.03383	0.16733	0.79883
988 A	0.02516	0.19267	0.78218
989 A	0.01642	0.22001	0.76357
990 A	0.01321	0.23265	0.75414
991 A	0.01042	0.24547	0.74411
992 T	0.01049	0.24672	0.74279
993 A	0.00981	0.24879	0.7414
994 G	0.00919	0.25050	0.74031
995 A	0.00916	0.25096	0.73989
996 A	0.00922	0.25106	0.73971
997 A	0.00947	0.25064	0.7399
998 A	0.00995	0.24997	0.74009
999 A	0.01059	0.24913	0.74028
1000 A	0.01118	0.24823	0.74058
1001 A	0.01216	0.24636	0.74148
1002 G	0.01377	0.24284	0.74339
1003 A	0.01735	0.23743	0.74522
1004 A	0.02375	0.22691	0.74935
1005 A	0.03368	0.20684	0.75948
1006 G	0.04494	0.17973	0.77532
1007 T	0.05879	0.15747	0.78375
1008 A	0.06636	0.13809	0.79555
1009 G	0.07608	0.11420	0.80971
1010 A	0.09183	0.08846	0.81972
1011 A	0.10981	0.06192	0.82827
1012 T	0.13003	0.03184	0.83813
1013 A	0.14040	0.01679	0.84281
1014 A	0.15240	0.00000	0.84759
