# lcl|CP097583.1_cds_USQ93229.1_1
# AA	inside	membr	outside
1 A	0.14620	0.00000	0.8538
2 T	0.14604	0.00015	0.8538
3 G	0.14595	0.00025	0.8538
4 G	0.14595	0.00206	0.85199
5 C	0.14562	0.00582	0.84856
6 T	0.14562	0.00721	0.84717
7 A	0.14275	0.01087	0.84638
8 T	0.14275	0.01088	0.84637
9 T	0.14020	0.01372	0.84607
10 A	0.14018	0.04269	0.81712
11 A	0.13885	0.04515	0.816
12 A	0.10620	0.07828	0.81551
13 A	0.08163	0.10534	0.81303
14 A	0.08162	0.10534	0.81303
15 A	0.08162	0.11741	0.80096
16 T	0.08144	0.11759	0.80096
17 A	0.08077	0.11837	0.80086
18 T	0.08076	0.11840	0.80084
19 A	0.08039	0.11877	0.80083
20 A	0.07903	0.12015	0.80081
21 G	0.07731	0.12183	0.80086
22 C	0.07731	0.12175	0.80095
23 C	0.07739	0.12163	0.80099
24 T	0.07788	0.12115	0.80098
25 A	0.07800	0.12093	0.80107
26 C	0.07824	0.12060	0.80116
27 G	0.07947	0.11931	0.80123
28 T	0.08345	0.11508	0.80147
29 C	0.08486	0.11307	0.80207
30 T	0.08863	0.10771	0.80365
31 A	0.08885	0.10751	0.80364
32 A	0.08971	0.10338	0.80692
33 T	0.11051	0.08056	0.80893
34 G	0.11089	0.07840	0.81071
35 G	0.11117	0.04618	0.84265
36 A	0.11305	0.02431	0.86264
37 C	0.11273	0.02349	0.86378
38 A	0.12125	0.01638	0.86238
39 T	0.11796	0.02033	0.8617
40 C	0.11581	0.02251	0.86168
41 G	0.11385	0.02450	0.86164
42 T	0.11233	0.02593	0.86174
43 A	0.11128	0.02603	0.8627
44 A	0.10682	0.03018	0.863
45 C	0.10464	0.03297	0.86238
46 A	0.10369	0.03511	0.8612
47 T	0.10322	0.03676	0.86002
48 G	0.10274	0.03735	0.85992
49 A	0.10246	0.03852	0.85903
50 G	0.10231	0.03889	0.85881
51 T	0.10233	0.03835	0.85932
52 C	0.10230	0.03785	0.85985
53 T	0.10228	0.03781	0.85992
54 A	0.10216	0.03805	0.85979
55 C	0.10219	0.03805	0.85977
56 A	0.10216	0.03840	0.85944
57 A	0.10217	0.03830	0.85953
58 G	0.10237	0.03714	0.86048
59 A	0.10268	0.03603	0.8613
60 T	0.10329	0.03432	0.8624
61 T	0.10497	0.03037	0.86466
62 T	0.10575	0.02592	0.86834
63 T	0.10572	0.02383	0.87044
64 A	0.10537	0.02326	0.87137
65 G	0.10511	0.02259	0.8723
66 A	0.10500	0.02194	0.87306
67 G	0.10587	0.01788	0.87625
68 A	0.10645	0.01626	0.87729
69 A	0.10675	0.01572	0.87754
70 C	0.10724	0.01481	0.87795
71 T	0.10610	0.01737	0.87653
72 T	0.10259	0.02353	0.87389
73 A	0.09611	0.03113	0.87276
74 C	0.09414	0.03350	0.87236
75 A	0.09311	0.03530	0.87159
76 A	0.09262	0.03576	0.87162
77 C	0.09283	0.03540	0.87177
78 T	0.09311	0.03516	0.87172
79 T	0.09309	0.03517	0.87173
80 C	0.09256	0.03563	0.87181
81 T	0.09218	0.03603	0.87179
82 A	0.09154	0.03666	0.8718
83 C	0.09141	0.03671	0.87188
84 T	0.09147	0.03660	0.87192
85 C	0.09145	0.03658	0.87198
86 C	0.09164	0.03627	0.87209
87 T	0.09234	0.03553	0.87213
88 G	0.09253	0.03535	0.87212
89 A	0.09240	0.03553	0.87207
90 A	0.09187	0.03614	0.87199
91 A	0.09164	0.03628	0.87208
92 A	0.09066	0.03578	0.87357
93 A	0.09012	0.03478	0.87511
94 A	0.09136	0.03120	0.87744
95 G	0.09415	0.02367	0.88217
96 T	0.09593	0.01611	0.88795
97 T	0.09644	0.01474	0.88882
98 T	0.09677	0.01499	0.88824
99 A	0.09634	0.01728	0.88638
100 T	0.09592	0.01909	0.885
101 T	0.09529	0.02045	0.88426
102 A	0.09158	0.02414	0.88428
103 G	0.08983	0.02525	0.88492
104 T	0.08851	0.02618	0.88532
105 T	0.08514	0.02899	0.88587
106 C	0.07773	0.03618	0.8861
107 C	0.06860	0.04546	0.88594
108 A	0.05926	0.05602	0.88472
109 C	0.05342	0.06296	0.88362
110 A	0.04759	0.07053	0.88188
111 A	0.04326	0.07568	0.88106
112 A	0.03981	0.07952	0.88068
113 A	0.03810	0.08039	0.8815
114 G	0.03735	0.08027	0.88238
115 A	0.03690	0.07855	0.88454
116 G	0.03665	0.07743	0.88591
117 C	0.03665	0.07664	0.88671
118 A	0.03697	0.07626	0.88677
119 C	0.03766	0.07540	0.88694
120 A	0.03866	0.07455	0.88679
121 G	0.03978	0.07343	0.88679
122 G	0.04151	0.07171	0.88677
123 T	0.04273	0.07026	0.88701
124 G	0.04127	0.07147	0.88726
125 G	0.03908	0.06964	0.89128
126 A	0.03617	0.07091	0.89292
127 A	0.03490	0.07070	0.8944
128 G	0.03411	0.06884	0.89706
129 A	0.03357	0.06790	0.89853
130 A	0.03379	0.06133	0.90488
131 A	0.03511	0.05286	0.91203
132 T	0.03621	0.04621	0.91759
133 A	0.03674	0.04146	0.9218
134 A	0.03651	0.03897	0.92452
135 T	0.03661	0.03609	0.9273
136 C	0.03561	0.03642	0.92796
137 A	0.03301	0.03903	0.92795
138 A	0.03211	0.03981	0.92808
139 G	0.03140	0.04048	0.92813
140 G	0.03012	0.04187	0.92801
141 C	0.02939	0.04288	0.92772
142 A	0.02900	0.04502	0.92598
143 A	0.02813	0.04649	0.92538
144 A	0.02769	0.04745	0.92486
145 A	0.02779	0.04728	0.92494
146 T	0.02816	0.04662	0.92522
147 A	0.02826	0.04406	0.92768
148 A	0.02876	0.04091	0.93033
149 C	0.02978	0.03661	0.93361
150 A	0.03070	0.03479	0.93452
151 G	0.03250	0.03229	0.93521
152 T	0.03664	0.02758	0.93578
153 A	0.03774	0.02619	0.93607
154 C	0.03889	0.02475	0.93637
155 G	0.03924	0.02398	0.93678
156 A	0.04015	0.02239	0.93747
157 C	0.04159	0.01981	0.9386
158 A	0.04236	0.01880	0.93884
159 T	0.04357	0.01683	0.9396
160 C	0.04379	0.01403	0.94218
161 G	0.04323	0.01433	0.94244
162 T	0.04303	0.01432	0.94265
163 G	0.04002	0.01662	0.94335
164 G	0.03889	0.01737	0.94374
165 T	0.04014	0.01624	0.94362
166 G	0.03976	0.01640	0.94385
167 G	0.03983	0.01642	0.94375
168 T	0.03978	0.01741	0.94281
169 G	0.03956	0.01916	0.94128
170 G	0.03940	0.02015	0.94045
171 A	0.03895	0.02226	0.9388
172 G	0.03879	0.02312	0.93809
173 T	0.03850	0.02399	0.93751
174 T	0.03807	0.02464	0.93729
175 A	0.03696	0.02614	0.9369
176 A	0.03557	0.02750	0.93693
177 A	0.03461	0.02833	0.93705
178 C	0.03423	0.02851	0.93726
179 A	0.03394	0.02882	0.93724
180 A	0.03379	0.02896	0.93725
181 A	0.03367	0.02902	0.93731
182 A	0.03362	0.02903	0.93736
183 A	0.03377	0.02861	0.93762
184 T	0.03444	0.02657	0.93898
185 A	0.03478	0.02532	0.9399
186 T	0.03548	0.02105	0.94346
187 C	0.03587	0.01900	0.94513
188 G	0.03655	0.01793	0.94552
189 T	0.03814	0.01582	0.94605
190 C	0.03927	0.01444	0.94629
191 T	0.04084	0.01292	0.94625
192 T	0.04203	0.01181	0.94616
193 A	0.04214	0.01208	0.94578
194 T	0.04304	0.01075	0.94622
195 T	0.04306	0.01094	0.946
196 G	0.04235	0.01162	0.94603
197 A	0.04215	0.01153	0.94631
198 T	0.04217	0.01084	0.94699
199 T	0.04135	0.01071	0.94793
200 T	0.03894	0.01375	0.94731
201 T	0.03683	0.01590	0.94727
202 A	0.03435	0.01850	0.94714
203 A	0.03307	0.01968	0.94725
204 A	0.03244	0.02013	0.94743
205 C	0.03218	0.02021	0.9476
206 G	0.03177	0.02072	0.9475
207 C	0.03051	0.02239	0.94709
208 A	0.02889	0.02688	0.94424
209 A	0.02677	0.03091	0.94232
210 T	0.02572	0.03259	0.94169
211 A	0.02412	0.03470	0.94119
212 A	0.02318	0.03618	0.94064
213 A	0.02278	0.03653	0.9407
214 G	0.02276	0.03642	0.94082
215 A	0.02292	0.03608	0.941
216 T	0.02361	0.03495	0.94144
217 A	0.02375	0.03466	0.9416
218 A	0.02420	0.03367	0.94213
219 T	0.02470	0.03190	0.9434
220 A	0.02494	0.03069	0.94437
221 T	0.02527	0.02899	0.94573
222 A	0.02535	0.02704	0.94761
223 C	0.02622	0.02301	0.95077
224 C	0.02614	0.02175	0.9521
225 T	0.02603	0.02130	0.95266
226 G	0.02534	0.02192	0.95274
227 G	0.02510	0.02237	0.95254
228 A	0.02507	0.02280	0.95213
229 A	0.02520	0.02268	0.95213
230 A	0.02577	0.02080	0.95343
231 A	0.02892	0.01592	0.95516
232 T	0.03121	0.01103	0.95776
233 T	0.03183	0.00923	0.95894
234 A	0.03212	0.00760	0.96028
235 T	0.03248	0.00624	0.96127
236 C	0.03259	0.00568	0.96173
237 T	0.03263	0.00566	0.96171
238 A	0.03260	0.00593	0.96147
239 C	0.03263	0.00600	0.96137
240 T	0.03266	0.00670	0.96065
241 A	0.03193	0.00921	0.95886
242 T	0.02951	0.01225	0.95824
243 A	0.02596	0.01632	0.95771
244 G	0.02446	0.01882	0.95672
245 A	0.02381	0.01934	0.95685
246 A	0.02326	0.01972	0.95702
247 T	0.02291	0.01974	0.95735
248 A	0.02261	0.01979	0.95761
249 C	0.02245	0.01933	0.95823
250 G	0.02234	0.01931	0.95835
251 A	0.02247	0.01914	0.9584
252 T	0.02269	0.01887	0.95845
253 C	0.02278	0.01876	0.95846
254 C	0.02285	0.01869	0.95846
255 T	0.02285	0.01869	0.95847
256 A	0.02280	0.01873	0.95847
257 A	0.02281	0.01871	0.95848
258 C	0.02276	0.01874	0.9585
259 C	0.02278	0.01869	0.95853
260 G	0.02295	0.01846	0.95859
261 T	0.02338	0.01797	0.95865
262 A	0.02347	0.01785	0.95868
263 A	0.02422	0.01705	0.95873
264 T	0.02605	0.01440	0.95954
265 T	0.02661	0.01100	0.9624
266 G	0.02693	0.00733	0.96574
267 T	0.02775	0.00517	0.96709
268 A	0.02784	0.00449	0.96767
269 A	0.02794	0.00373	0.96833
270 T	0.02806	0.00309	0.96886
271 A	0.02813	0.00257	0.9693
272 T	0.02817	0.00208	0.96975
273 T	0.02817	0.00164	0.97019
274 T	0.02814	0.00139	0.97046
275 C	0.02802	0.00144	0.97055
276 T	0.02792	0.00157	0.9705
277 T	0.02777	0.00186	0.97037
278 T	0.02750	0.00246	0.97004
279 A	0.02670	0.00452	0.96878
280 A	0.02598	0.00688	0.96714
281 T	0.02556	0.00798	0.96645
282 T	0.02468	0.00958	0.96574
283 A	0.02294	0.01250	0.96457
284 A	0.02150	0.01425	0.96425
285 T	0.02097	0.01482	0.96421
286 T	0.02001	0.01597	0.96403
287 A	0.01903	0.01707	0.9639
288 C	0.01849	0.01761	0.96389
289 G	0.01806	0.01820	0.96375
290 T	0.01789	0.01849	0.96362
291 T	0.01759	0.01888	0.96353
292 G	0.01712	0.01942	0.96346
293 A	0.01689	0.01972	0.96338
294 T	0.01668	0.01992	0.9634
295 G	0.01644	0.02022	0.96334
296 G	0.01633	0.02035	0.96333
297 A	0.01630	0.02042	0.96328
298 G	0.01632	0.02031	0.96336
299 A	0.01641	0.02026	0.96333
300 A	0.01660	0.02001	0.96339
301 A	0.01696	0.01951	0.96353
302 A	0.01810	0.01776	0.96415
303 A	0.01954	0.01569	0.96477
304 A	0.02012	0.01468	0.9652
305 G	0.02084	0.01299	0.96617
306 A	0.02182	0.01058	0.9676
307 T	0.02224	0.00869	0.96907
308 A	0.02233	0.00808	0.96958
309 T	0.02262	0.00688	0.97049
310 A	0.02266	0.00621	0.97113
311 T	0.02269	0.00573	0.97158
312 T	0.02247	0.00569	0.97184
313 T	0.02206	0.00588	0.97206
314 T	0.02092	0.00683	0.97225
315 G	0.01939	0.00802	0.97259
316 A	0.01869	0.00856	0.97275
317 C	0.01794	0.00911	0.97296
318 T	0.01750	0.00953	0.97297
319 C	0.01652	0.01066	0.97282
320 C	0.01580	0.01172	0.97248
321 A	0.01475	0.01369	0.97157
322 A	0.01366	0.01531	0.97103
323 A	0.01297	0.01649	0.97055
324 A	0.01250	0.01747	0.97003
325 G	0.01240	0.01771	0.96989
326 A	0.01245	0.01755	0.97
327 T	0.01258	0.01714	0.97028
328 G	0.01250	0.01714	0.97036
329 T	0.01254	0.01703	0.97043
330 T	0.01243	0.01709	0.97048
331 A	0.01231	0.01714	0.97056
332 A	0.01224	0.01707	0.9707
333 A	0.01229	0.01679	0.97092
334 G	0.01236	0.01628	0.97135
335 T	0.01254	0.01558	0.97188
336 A	0.01238	0.01524	0.97238
337 G	0.01225	0.01426	0.97349
338 G	0.01215	0.01327	0.97459
339 A	0.01200	0.01308	0.97492
340 G	0.01192	0.01274	0.97535
341 A	0.01206	0.01288	0.97505
342 T	0.01245	0.01183	0.97571
343 A	0.01275	0.01130	0.97594
344 A	0.01340	0.00997	0.97664
345 A	0.01384	0.00862	0.97754
346 A	0.01429	0.00752	0.97818
347 T	0.01488	0.00634	0.97878
348 T	0.01509	0.00594	0.97897
349 T	0.01514	0.00571	0.97914
350 T	0.01507	0.00567	0.97926
351 T	0.01474	0.00584	0.97941
352 T	0.01406	0.00648	0.97946
353 C	0.01234	0.00815	0.9795
354 A	0.01122	0.00959	0.97919
355 G	0.01055	0.01037	0.97909
356 G	0.01027	0.01088	0.97885
357 A	0.01015	0.01131	0.97855
358 G	0.01012	0.01161	0.97828
359 A	0.01019	0.01183	0.97798
360 A	0.01031	0.01205	0.97764
361 A	0.01049	0.01190	0.97761
362 A	0.01083	0.01148	0.97769
363 A	0.01135	0.01089	0.97776
364 T	0.01224	0.00988	0.97789
365 C	0.01247	0.00958	0.97795
366 T	0.01283	0.00928	0.97789
367 G	0.01296	0.00921	0.97783
368 A	0.01310	0.00916	0.97774
369 T	0.01326	0.00904	0.97769
370 A	0.01332	0.00904	0.97764
371 T	0.01343	0.00881	0.97776
372 T	0.01344	0.00861	0.97795
373 A	0.01342	0.00837	0.97821
374 G	0.01340	0.00777	0.97882
375 A	0.01330	0.00714	0.97956
376 G	0.01323	0.00560	0.98117
377 T	0.01347	0.00456	0.98197
378 C	0.01321	0.00446	0.98233
379 G	0.01293	0.00535	0.98172
380 G	0.01290	0.00544	0.98167
381 A	0.01276	0.00568	0.98156
382 A	0.01293	0.00550	0.98157
383 A	0.01327	0.00516	0.98158
384 C	0.01350	0.00488	0.98162
385 A	0.01364	0.00475	0.9816
386 C	0.01381	0.00458	0.98161
387 T	0.01395	0.00444	0.9816
388 T	0.01402	0.00437	0.98161
389 T	0.01404	0.00436	0.9816
390 A	0.01388	0.00453	0.9816
391 C	0.01383	0.00458	0.98159
392 C	0.01378	0.00463	0.98159
393 T	0.01376	0.00468	0.98155
394 T	0.01363	0.00485	0.98152
395 T	0.01333	0.00519	0.98148
396 A	0.01284	0.00571	0.98144
397 A	0.01256	0.00597	0.98146
398 A	0.01242	0.00592	0.98165
399 A	0.01239	0.00575	0.98186
400 A	0.01243	0.00552	0.98204
401 A	0.01260	0.00492	0.98248
402 T	0.01326	0.00376	0.98299
403 A	0.01334	0.00338	0.98328
404 T	0.01344	0.00291	0.98366
405 T	0.01344	0.00271	0.98384
406 C	0.01343	0.00261	0.98396
407 C	0.01340	0.00263	0.98397
408 T	0.01334	0.00270	0.98396
409 G	0.01327	0.00278	0.98395
410 A	0.01323	0.00282	0.98394
411 A	0.01323	0.00283	0.98394
412 G	0.01323	0.00278	0.98398
413 G	0.01327	0.00248	0.98425
414 T	0.01336	0.00220	0.98444
415 T	0.01342	0.00197	0.98461
416 T	0.01346	0.00175	0.98479
417 T	0.01347	0.00159	0.98494
418 T	0.01347	0.00139	0.98515
419 T	0.01343	0.00113	0.98544
420 A	0.01337	0.00101	0.98562
421 G	0.01335	0.00091	0.98575
422 T	0.01334	0.00086	0.9858
423 T	0.01332	0.00087	0.98582
424 C	0.01327	0.00092	0.9858
425 A	0.01323	0.00100	0.98577
426 T	0.01310	0.00116	0.98574
427 A	0.01289	0.00147	0.98564
428 A	0.01277	0.00168	0.98555
429 T	0.01271	0.00181	0.98547
430 A	0.01260	0.00205	0.98536
431 T	0.01254	0.00208	0.98539
432 T	0.01243	0.00221	0.98536
433 G	0.01232	0.00248	0.9852
434 A	0.01227	0.00264	0.98509
435 A	0.01226	0.00271	0.98502
436 T	0.01226	0.00279	0.98495
437 T	0.01225	0.00291	0.98484
438 A	0.01221	0.00295	0.98483
439 A	0.01221	0.00295	0.98484
440 A	0.01218	0.00296	0.98487
441 A	0.01219	0.00290	0.9849
442 C	0.01224	0.00277	0.98499
443 C	0.01226	0.00270	0.98504
444 T	0.01228	0.00267	0.98505
445 G	0.01229	0.00267	0.98505
446 G	0.01230	0.00266	0.98504
447 T	0.01232	0.00264	0.98505
448 A	0.01234	0.00262	0.98505
449 A	0.01235	0.00247	0.98518
450 A	0.01244	0.00217	0.98539
451 G	0.01254	0.00192	0.98554
452 G	0.01264	0.00172	0.98564
453 T	0.01286	0.00137	0.98577
454 G	0.01292	0.00123	0.98584
455 G	0.01302	0.00106	0.98592
456 T	0.01320	0.00081	0.98599
457 C	0.01328	0.00071	0.986
458 A	0.01333	0.00070	0.98597
459 A	0.01340	0.00064	0.98596
460 T	0.01350	0.00052	0.98598
461 T	0.01351	0.00048	0.986
462 A	0.01351	0.00047	0.98603
463 G	0.01351	0.00041	0.98608
464 C	0.01351	0.00037	0.98612
465 T	0.01351	0.00037	0.98612
466 C	0.01351	0.00037	0.98611
467 G	0.01352	0.00039	0.9861
468 T	0.01353	0.00041	0.98606
469 A	0.01352	0.00042	0.98605
470 G	0.01352	0.00042	0.98607
471 T	0.01353	0.00040	0.98607
472 G	0.01352	0.00039	0.98608
473 C	0.01352	0.00038	0.9861
474 T	0.01352	0.00039	0.9861
475 G	0.01348	0.00042	0.9861
476 G	0.01346	0.00044	0.9861
477 T	0.01347	0.00044	0.9861
478 A	0.01342	0.00048	0.98609
479 C	0.01339	0.00051	0.98611
480 T	0.01336	0.00055	0.98609
481 T	0.01325	0.00066	0.9861
482 C	0.01309	0.00081	0.9861
483 G	0.01291	0.00099	0.98609
484 G	0.01281	0.00111	0.98608
485 C	0.01273	0.00118	0.98608
486 T	0.01261	0.00133	0.98606
487 C	0.01226	0.00173	0.98601
488 A	0.01186	0.00232	0.98582
489 A	0.01165	0.00261	0.98573
490 A	0.01148	0.00294	0.98558
491 T	0.01144	0.00304	0.98551
492 T	0.01136	0.00321	0.98543
493 A	0.01116	0.00351	0.98533
494 T	0.01103	0.00367	0.98529
495 T	0.01071	0.00405	0.98524
496 A	0.01013	0.00472	0.98515
497 A	0.00989	0.00500	0.98511
498 A	0.00974	0.00514	0.98512
499 A	0.00966	0.00521	0.98513
500 A	0.00960	0.00526	0.98514
501 A	0.00954	0.00526	0.98519
502 G	0.00952	0.00522	0.98526
503 A	0.00952	0.00516	0.98532
504 G	0.00952	0.00502	0.98546
505 G	0.00952	0.00487	0.98561
506 G	0.00953	0.00471	0.98576
507 T	0.00956	0.00459	0.98585
508 A	0.00957	0.00451	0.98591
509 A	0.00961	0.00436	0.98603
510 A	0.00966	0.00399	0.98635
511 T	0.00987	0.00336	0.98678
512 A	0.00996	0.00306	0.98698
513 T	0.01014	0.00259	0.98727
514 G	0.01022	0.00233	0.98745
515 T	0.01033	0.00205	0.98763
516 T	0.01042	0.00165	0.98792
517 G	0.01047	0.00146	0.98807
518 T	0.01055	0.00114	0.98832
519 T	0.01062	0.00073	0.98865
520 T	0.01065	0.00062	0.98873
521 T	0.01066	0.00066	0.98868
522 A	0.01065	0.00094	0.98842
523 A	0.01065	0.00121	0.98814
524 G	0.01066	0.00157	0.98778
525 T	0.01066	0.00231	0.98703
526 T	0.01062	0.00259	0.9868
527 T	0.01052	0.00301	0.98646
528 A	0.01036	0.00346	0.98617
529 T	0.01030	0.00354	0.98616
530 C	0.01022	0.00365	0.98613
531 T	0.01015	0.00375	0.9861
532 T	0.01005	0.00388	0.98608
533 C	0.00987	0.00409	0.98605
534 T	0.00974	0.00422	0.98604
535 G	0.00958	0.00439	0.98603
536 G	0.00949	0.00448	0.98603
537 T	0.00946	0.00452	0.98602
538 C	0.00940	0.00458	0.98602
539 A	0.00933	0.00466	0.986
540 A	0.00924	0.00476	0.986
541 A	0.00919	0.00483	0.98599
542 C	0.00919	0.00483	0.98599
543 A	0.00923	0.00480	0.98597
544 A	0.00935	0.00469	0.98595
545 G	0.00966	0.00439	0.98595
546 A	0.00996	0.00411	0.98594
547 A	0.01038	0.00370	0.98592
548 A	0.01112	0.00293	0.98595
549 A	0.01143	0.00255	0.98603
550 T	0.01180	0.00204	0.98616
551 T	0.01205	0.00163	0.98632
552 T	0.01207	0.00155	0.98638
553 T	0.01208	0.00144	0.98647
554 T	0.01207	0.00138	0.98656
555 A	0.01192	0.00144	0.98664
556 T	0.01180	0.00139	0.98681
557 C	0.01146	0.00162	0.98693
558 T	0.01126	0.00192	0.98683
559 G	0.01089	0.00237	0.98674
560 A	0.01065	0.00277	0.98658
561 A	0.01054	0.00292	0.98654
562 T	0.01049	0.00295	0.98655
563 G	0.01038	0.00300	0.98662
564 T	0.01034	0.00306	0.9866
565 A	0.01026	0.00314	0.9866
566 G	0.01021	0.00320	0.98659
567 A	0.01017	0.00332	0.98651
568 G	0.01015	0.00334	0.98651
569 C	0.01016	0.00334	0.9865
570 T	0.01018	0.00347	0.98635
571 A	0.01016	0.00370	0.98614
572 C	0.01016	0.00391	0.98593
573 A	0.01015	0.00427	0.98558
574 A	0.01013	0.00444	0.98544
575 T	0.01014	0.00449	0.98537
576 A	0.01009	0.00458	0.98532
577 G	0.01007	0.00461	0.98533
578 G	0.01007	0.00442	0.98551
579 A	0.01009	0.00425	0.98567
580 G	0.01013	0.00389	0.98598
581 T	0.01035	0.00364	0.986
582 A	0.01045	0.00354	0.98602
583 T	0.01058	0.00339	0.98603
584 T	0.01058	0.00358	0.98584
585 A	0.01049	0.00397	0.98554
586 G	0.01046	0.00410	0.98545
587 G	0.01038	0.00416	0.98546
588 A	0.01039	0.00414	0.98548
589 A	0.01041	0.00410	0.98549
590 A	0.01052	0.00395	0.98554
591 C	0.01058	0.00385	0.98558
592 G	0.01064	0.00387	0.9855
593 A	0.01082	0.00373	0.98545
594 A	0.01108	0.00349	0.98543
595 T	0.01136	0.00323	0.9854
596 T	0.01166	0.00296	0.98538
597 T	0.01176	0.00285	0.98539
598 T	0.01178	0.00288	0.98535
599 A	0.01169	0.00302	0.98529
600 T	0.01165	0.00305	0.9853
601 A	0.01162	0.00309	0.98529
602 A	0.01162	0.00308	0.9853
603 A	0.01169	0.00299	0.98532
604 C	0.01194	0.00270	0.98536
605 T	0.01224	0.00243	0.98533
606 A	0.01241	0.00227	0.98532
607 A	0.01264	0.00203	0.98533
608 T	0.01294	0.00168	0.98538
609 T	0.01302	0.00160	0.98538
610 C	0.01294	0.00161	0.98545
611 G	0.01293	0.00182	0.98525
612 T	0.01296	0.00202	0.98503
613 A	0.01293	0.00249	0.98458
614 A	0.01292	0.00267	0.9844
615 T	0.01302	0.00266	0.98431
616 G	0.01304	0.00280	0.98416
617 G	0.01305	0.00293	0.98401
618 T	0.01308	0.00298	0.98393
619 A	0.01308	0.00300	0.98393
620 A	0.01308	0.00299	0.98393
621 A	0.01314	0.00290	0.98397
622 G	0.01322	0.00270	0.98407
623 C	0.01324	0.00261	0.98416
624 T	0.01327	0.00256	0.98417
625 G	0.01328	0.00256	0.98417
626 G	0.01328	0.00257	0.98414
627 A	0.01328	0.00264	0.98408
628 A	0.01331	0.00268	0.984
629 G	0.01332	0.00269	0.98399
630 A	0.01336	0.00265	0.98399
631 A	0.01343	0.00256	0.984
632 G	0.01355	0.00237	0.98408
633 T	0.01375	0.00208	0.98417
634 C	0.01397	0.00181	0.98422
635 G	0.01419	0.00161	0.9842
636 T	0.01464	0.00119	0.98417
637 T	0.01480	0.00107	0.98414
638 A	0.01487	0.00102	0.98412
639 T	0.01502	0.00088	0.98411
640 T	0.01512	0.00075	0.98413
641 T	0.01514	0.00072	0.98413
642 A	0.01513	0.00075	0.98413
643 T	0.01513	0.00077	0.9841
644 C	0.01511	0.00080	0.98408
645 T	0.01510	0.00088	0.98401
646 A	0.01508	0.00100	0.98391
647 T	0.01510	0.00106	0.98385
648 A	0.01509	0.00108	0.98383
649 A	0.01512	0.00106	0.98383
650 G	0.01517	0.00099	0.98384
651 A	0.01525	0.00091	0.98384
652 C	0.01533	0.00082	0.98386
653 C	0.01536	0.00079	0.98386
654 T	0.01538	0.00077	0.98384
655 A	0.01538	0.00079	0.98383
656 C	0.01539	0.00078	0.98382
657 T	0.01541	0.00079	0.9838
658 G	0.01544	0.00080	0.98376
659 T	0.01549	0.00078	0.98374
660 T	0.01552	0.00078	0.9837
661 A	0.01553	0.00083	0.98364
662 G	0.01554	0.00084	0.98362
663 A	0.01555	0.00088	0.98357
664 G	0.01557	0.00087	0.98357
665 G	0.01563	0.00079	0.98358
666 T	0.01572	0.00070	0.98359
667 T	0.01575	0.00065	0.9836
668 C	0.01579	0.00059	0.98362
669 A	0.01584	0.00054	0.98361
670 G	0.01589	0.00050	0.98361
671 C	0.01591	0.00049	0.98361
672 T	0.01592	0.00052	0.98356
673 A	0.01592	0.00060	0.98348
674 T	0.01592	0.00063	0.98345
675 G	0.01590	0.00066	0.98344
676 A	0.01589	0.00067	0.98344
677 A	0.01589	0.00067	0.98344
678 T	0.01590	0.00065	0.98345
679 C	0.01589	0.00065	0.98346
680 C	0.01591	0.00064	0.98345
681 T	0.01594	0.00062	0.98343
682 A	0.01594	0.00066	0.9834
683 A	0.01597	0.00065	0.98339
684 T	0.01602	0.00060	0.98338
685 G	0.01604	0.00058	0.98338
686 A	0.01609	0.00054	0.98337
687 T	0.01612	0.00051	0.98337
688 C	0.01613	0.00049	0.98338
689 A	0.01614	0.00049	0.98338
690 T	0.01615	0.00047	0.98338
691 C	0.01616	0.00046	0.98338
692 C	0.01617	0.00045	0.98338
693 A	0.01619	0.00044	0.98337
694 C	0.01621	0.00043	0.98336
695 A	0.01624	0.00041	0.98335
696 T	0.01631	0.00034	0.98334
697 G	0.01634	0.00033	0.98333
698 G	0.01635	0.00031	0.98335
699 T	0.01635	0.00030	0.98335
700 G	0.01635	0.00029	0.98336
701 G	0.01636	0.00028	0.98337
702 T	0.01636	0.00025	0.98339
703 G	0.01636	0.00026	0.98338
704 G	0.01637	0.00028	0.98335
705 C	0.01640	0.00031	0.98329
706 G	0.01640	0.00066	0.98293
707 A	0.01641	0.00093	0.98266
708 A	0.01641	0.00097	0.98262
709 G	0.01642	0.00099	0.98259
710 G	0.01642	0.00101	0.98257
711 T	0.01641	0.00103	0.98256
712 C	0.01641	0.00103	0.98256
713 G	0.01641	0.00104	0.98255
714 C	0.01641	0.00104	0.98255
715 G	0.01642	0.00104	0.98254
716 C	0.01642	0.00103	0.98254
717 T	0.01643	0.00103	0.98254
718 C	0.01645	0.00102	0.98253
719 C	0.01645	0.00102	0.98253
720 T	0.01645	0.00103	0.98252
721 A	0.01644	0.00107	0.9825
722 T	0.01644	0.00107	0.98249
723 C	0.01643	0.00108	0.98249
724 G	0.01642	0.00110	0.98248
725 G	0.01642	0.00110	0.98247
726 A	0.01646	0.00108	0.98247
727 C	0.01652	0.00103	0.98246
728 G	0.01659	0.00104	0.98237
729 T	0.01689	0.00096	0.98215
730 A	0.01702	0.00095	0.98203
731 A	0.01705	0.00099	0.98197
732 A	0.01706	0.00098	0.98196
733 G	0.01705	0.00099	0.98197
734 C	0.01703	0.00100	0.98197
735 T	0.01697	0.00108	0.98196
736 C	0.01685	0.00124	0.98191
737 C	0.01671	0.00174	0.98155
738 T	0.01654	0.00429	0.97917
739 A	0.01628	0.00501	0.97871
740 T	0.01620	0.00526	0.97854
741 G	0.01609	0.00540	0.9785
742 A	0.01606	0.00544	0.9785
743 C	0.01606	0.00541	0.97852
744 T	0.01606	0.00540	0.97853
745 C	0.01603	0.00544	0.97853
746 C	0.01598	0.00552	0.9785
747 T	0.01595	0.00573	0.97832
748 T	0.01591	0.00592	0.97817
749 G	0.01581	0.00610	0.97809
750 G	0.01576	0.00629	0.97795
751 G	0.01578	0.00646	0.97777
752 G	0.01590	0.00671	0.97738
753 T	0.01598	0.00716	0.97686
754 A	0.01597	0.00826	0.97577
755 A	0.01594	0.00908	0.97499
756 A	0.01593	0.00961	0.97446
757 A	0.01593	0.00965	0.97442
758 A	0.01597	0.00955	0.97448
759 A	0.01607	0.00928	0.97465
760 G	0.01657	0.00860	0.97483
761 C	0.01886	0.00609	0.97505
762 T	0.01932	0.00546	0.97522
763 C	0.01941	0.00542	0.97518
764 T	0.01941	0.00607	0.97452
765 T	0.01933	0.00714	0.97353
766 G	0.01912	0.00860	0.97228
767 G	0.01903	0.00958	0.97139
768 T	0.01902	0.01126	0.96973
769 G	0.01863	0.01458	0.96679
770 T	0.01847	0.02055	0.96098
771 T	0.01670	0.03275	0.95054
772 A	0.01281	0.04323	0.94396
773 A	0.01003	0.04889	0.94108
774 A	0.00881	0.05035	0.94084
775 A	0.00896	0.05036	0.94068
776 C	0.00941	0.04995	0.94063
777 A	0.01027	0.04946	0.94027
778 C	0.01077	0.04938	0.93985
779 G	0.01098	0.05018	0.93885
780 T	0.01018	0.05237	0.93745
781 A	0.00762	0.05811	0.93428
782 A	0.00649	0.06255	0.93096
783 G	0.00583	0.06453	0.92964
784 A	0.00542	0.06637	0.92821
785 A	0.00528	0.06757	0.92715
786 A	0.00542	0.06828	0.9263
787 A	0.00630	0.06786	0.92584
788 A	0.00769	0.06666	0.92564
789 T	0.00938	0.06493	0.92569
790 A	0.01017	0.06416	0.92567
791 A	0.01178	0.06245	0.92577
792 A	0.01446	0.05910	0.92644
793 A	0.01988	0.05290	0.92722
794 A	0.02940	0.04117	0.92942
795 T	0.03672	0.03045	0.93283
796 T	0.03925	0.02556	0.9352
797 C	0.03920	0.02442	0.93638
798 T	0.03898	0.02481	0.93621
799 A	0.03801	0.02632	0.93566
800 A	0.03780	0.02678	0.93542
801 T	0.03845	0.02622	0.93532
802 A	0.03914	0.02586	0.93501
803 A	0.04017	0.02449	0.93535
804 G	0.04284	0.02063	0.93653
805 T	0.04398	0.02114	0.93488
806 T	0.03853	0.03078	0.93069
807 A	0.03350	0.03983	0.92667
808 A	0.03118	0.04729	0.92153
809 T	0.03163	0.04803	0.92034
810 T	0.03120	0.04920	0.9196
811 T	0.02936	0.05176	0.91888
812 T	0.02801	0.05342	0.91857
813 A	0.02533	0.05650	0.91816
814 A	0.02525	0.05657	0.91818
815 A	0.02531	0.05649	0.9182
816 A	0.02535	0.05640	0.91825
817 A	0.02544	0.05624	0.91832
818 A	0.02562	0.05589	0.9185
819 T	0.02591	0.05521	0.91888
820 T	0.02611	0.05456	0.91932
821 G	0.02637	0.05392	0.91971
822 C	0.02677	0.05282	0.92041
823 A	0.02701	0.05230	0.92069
824 A	0.02727	0.05184	0.9209
825 A	0.02785	0.05095	0.9212
826 A	0.02919	0.04927	0.92155
827 A	0.03135	0.04655	0.9221
828 A	0.03510	0.03941	0.92549
829 T	0.04117	0.02551	0.93332
830 A	0.04532	0.01420	0.94048
831 G	0.05118	0.00000	0.94883
