# lcl|CP097583.1_cds_USQ93266.1_1
# AA	inside	membr	outside
1 T	0.22350	0.00000	0.7765
2 T	0.22260	0.00090	0.7765
3 G	0.22217	0.00133	0.7765
4 T	0.22217	0.05295	0.72488
5 A	0.21598	0.10604	0.67798
6 T	0.21598	0.11069	0.67333
7 T	0.19307	0.13496	0.67198
8 G	0.19306	0.13499	0.67195
9 T	0.19067	0.13779	0.67155
10 A	0.19066	0.16198	0.64737
11 A	0.18982	0.16448	0.6457
12 T	0.18202	0.17293	0.64506
13 G	0.15403	0.20575	0.64021
14 A	0.15403	0.20577	0.64021
15 A	0.15402	0.29257	0.55341
16 A	0.15284	0.29376	0.5534
17 A	0.14982	0.29717	0.55301
18 A	0.14969	0.29822	0.55209
19 A	0.14634	0.30220	0.55145
20 A	0.13561	0.32291	0.54148
21 A	0.08461	0.37390	0.54149
22 A	0.08359	0.37607	0.54034
23 G	0.08591	0.37406	0.54003
24 A	0.09659	0.36358	0.53982
25 G	0.11446	0.34222	0.54331
26 T	0.12708	0.32810	0.54482
27 T	0.16306	0.28805	0.5489
28 T	0.18294	0.26340	0.55366
29 T	0.17861	0.26623	0.55516
30 A	0.16279	0.26855	0.56865
31 C	0.13689	0.29077	0.57235
32 C	0.12171	0.30381	0.57448
33 A	0.10925	0.31676	0.57399
34 C	0.09483	0.33116	0.57401
35 A	0.09230	0.33426	0.57344
36 A	0.09281	0.33191	0.57528
37 A	0.09211	0.33245	0.57544
38 C	0.16455	0.25804	0.5774
39 T	0.16270	0.25983	0.57746
40 A	0.16132	0.25839	0.5803
41 A	0.16189	0.25629	0.58182
42 G	0.16298	0.25145	0.58556
43 A	0.17197	0.23562	0.59242
44 A	0.17284	0.18586	0.6413
45 A	0.17699	0.16999	0.65302
46 T	0.17901	0.15918	0.66181
47 T	0.18026	0.15226	0.66748
48 A	0.18048	0.14859	0.67092
49 A	0.18080	0.14608	0.67312
50 T	0.18111	0.14048	0.67841
51 T	0.18106	0.13371	0.68523
52 A	0.18084	0.12641	0.69275
53 A	0.18010	0.10918	0.71072
54 G	0.17787	0.08430	0.73783
55 G	0.17764	0.07094	0.75142
56 A	0.17823	0.05530	0.76648
57 G	0.17835	0.04408	0.77757
58 T	0.17951	0.04347	0.77702
59 T	0.18008	0.04156	0.77836
60 G	0.17998	0.03894	0.78109
61 T	0.18000	0.03753	0.78247
62 T	0.17999	0.03578	0.78424
63 T	0.17944	0.03601	0.78455
64 C	0.17858	0.03631	0.78511
65 A	0.17793	0.03745	0.78463
66 T	0.17751	0.03788	0.78461
67 A	0.17695	0.03801	0.78504
68 C	0.17685	0.03799	0.78516
69 T	0.17686	0.03797	0.78517
70 C	0.17707	0.03763	0.78531
71 C	0.17786	0.03683	0.78531
72 T	0.17857	0.03621	0.78523
73 A	0.17878	0.03602	0.78521
74 A	0.17924	0.03549	0.78526
75 T	0.18059	0.03400	0.78541
76 A	0.18175	0.03216	0.7861
77 C	0.18258	0.02863	0.78878
78 A	0.18430	0.02652	0.78918
79 A	0.18768	0.02274	0.78959
80 T	0.19142	0.01847	0.79011
81 T	0.19718	0.01253	0.79028
82 T	0.19868	0.01130	0.79002
83 T	0.19813	0.01159	0.79028
84 A	0.19747	0.01238	0.79015
85 G	0.19725	0.01240	0.79035
86 G	0.19803	0.01135	0.79062
87 T	0.19833	0.01073	0.79094
88 A	0.19862	0.01017	0.79122
89 T	0.19824	0.01001	0.79176
90 T	0.19647	0.01137	0.79216
91 G	0.19231	0.01535	0.79234
92 C	0.19025	0.01721	0.79253
93 T	0.18869	0.01880	0.79251
94 A	0.18664	0.02094	0.79243
95 C	0.18545	0.02206	0.79249
96 T	0.18434	0.02314	0.79252
97 G	0.18071	0.02677	0.79252
98 G	0.17846	0.02898	0.79256
99 C	0.17709	0.03033	0.79259
100 C	0.17605	0.03143	0.79252
101 G	0.17554	0.03204	0.79242
102 A	0.17525	0.03236	0.79239
103 A	0.17514	0.03248	0.79238
104 A	0.17528	0.03232	0.7924
105 T	0.17573	0.03162	0.79265
106 C	0.17600	0.03020	0.7938
107 A	0.17656	0.02905	0.79439
108 T	0.17713	0.02800	0.79487
109 G	0.17734	0.02780	0.79486
110 A	0.17766	0.02759	0.79475
111 T	0.17799	0.02707	0.79494
112 A	0.17803	0.02622	0.79574
113 A	0.17819	0.02404	0.79777
114 T	0.17838	0.01946	0.80216
115 T	0.17839	0.01718	0.80443
116 T	0.17833	0.01568	0.80599
117 A	0.17823	0.01433	0.80744
118 G	0.17821	0.01310	0.80869
119 A	0.17821	0.01206	0.80973
120 T	0.17825	0.00899	0.81277
121 G	0.17826	0.00731	0.81442
122 T	0.17830	0.00644	0.81526
123 T	0.17824	0.00621	0.81556
124 A	0.17808	0.00634	0.81558
125 T	0.17800	0.00610	0.8159
126 T	0.17775	0.00617	0.81607
127 A	0.17715	0.00677	0.81609
128 G	0.17673	0.00724	0.81603
129 C	0.17650	0.00748	0.81603
130 G	0.17635	0.00825	0.8154
131 A	0.17635	0.00870	0.81495
132 T	0.17665	0.00857	0.81477
133 T	0.17688	0.00854	0.81459
134 T	0.17683	0.00902	0.81414
135 A	0.17670	0.00916	0.81414
136 T	0.17674	0.00901	0.81425
137 T	0.17670	0.00896	0.81434
138 A	0.17662	0.00894	0.81445
139 C	0.17669	0.00870	0.81462
140 C	0.17701	0.00828	0.81471
141 T	0.17727	0.00802	0.8147
142 T	0.17747	0.00784	0.8147
143 A	0.17751	0.00781	0.81468
144 T	0.17776	0.00757	0.81467
145 T	0.17777	0.00756	0.81467
146 T	0.17762	0.00754	0.81484
147 T	0.17732	0.00761	0.81506
148 A	0.17648	0.00846	0.81505
149 A	0.17630	0.00851	0.81518
150 A	0.17633	0.00813	0.81554
151 T	0.17657	0.00766	0.81577
152 A	0.17678	0.00730	0.81592
153 T	0.17754	0.00635	0.81611
154 T	0.17793	0.00589	0.81618
155 T	0.17800	0.00579	0.81622
156 A	0.17773	0.00604	0.81623
157 G	0.17791	0.00570	0.81639
158 T	0.17793	0.00550	0.81657
159 T	0.17780	0.00556	0.81664
160 T	0.17762	0.00566	0.81672
161 T	0.17729	0.00589	0.81682
162 A	0.17683	0.00632	0.81684
163 A	0.17647	0.00663	0.81689
164 T	0.17628	0.00678	0.81694
165 T	0.17596	0.00712	0.81692
166 A	0.17521	0.00803	0.81677
167 A	0.17482	0.00825	0.81693
168 T	0.17451	0.00814	0.81735
169 G	0.17388	0.00828	0.81784
170 G	0.17368	0.00802	0.81831
171 C	0.17378	0.00727	0.81895
172 G	0.17389	0.00708	0.81902
173 C	0.17406	0.00690	0.81904
174 T	0.17428	0.00684	0.81888
175 T	0.17434	0.00689	0.81877
176 T	0.17419	0.00713	0.81868
177 A	0.17383	0.00763	0.81854
178 G	0.17370	0.00774	0.81855
179 T	0.17369	0.00739	0.81892
180 T	0.17356	0.00741	0.81904
181 T	0.17300	0.00791	0.8191
182 T	0.17198	0.00885	0.81917
183 A	0.16950	0.01138	0.81913
184 G	0.16717	0.01376	0.81907
185 A	0.16640	0.01474	0.81886
186 A	0.16592	0.01522	0.81886
187 G	0.16557	0.01586	0.81857
188 A	0.16554	0.01598	0.81848
189 T	0.16577	0.01508	0.81914
190 G	0.16569	0.01488	0.81943
191 A	0.16566	0.01473	0.81961
192 T	0.16566	0.01433	0.82001
193 C	0.16564	0.01429	0.82007
194 A	0.16560	0.01458	0.81982
195 A	0.16556	0.01482	0.81963
196 A	0.16562	0.01488	0.8195
197 T	0.16583	0.01467	0.81949
198 T	0.16592	0.01472	0.81936
199 A	0.16595	0.01458	0.81948
200 T	0.16603	0.01397	0.82
201 T	0.16536	0.01417	0.82047
202 G	0.16371	0.01557	0.82071
203 A	0.16296	0.01606	0.82098
204 T	0.16249	0.01578	0.82174
205 G	0.16092	0.01656	0.82251
206 A	0.16026	0.01563	0.8241
207 G	0.16000	0.01404	0.82597
208 A	0.16030	0.01309	0.82661
209 A	0.16055	0.01236	0.82709
210 T	0.16113	0.01134	0.82753
211 C	0.16136	0.01089	0.82776
212 C	0.16136	0.01085	0.82779
213 G	0.16135	0.01085	0.8278
214 A	0.16138	0.01081	0.8278
215 T	0.16147	0.01072	0.82782
216 T	0.16141	0.01077	0.82782
217 C	0.16136	0.01075	0.82788
218 C	0.16133	0.01066	0.82801
219 T	0.16129	0.01068	0.82802
220 G	0.16099	0.01100	0.82801
221 T	0.16102	0.01098	0.828
222 T	0.16097	0.01102	0.82801
223 G	0.16052	0.01141	0.82807
224 A	0.16019	0.01089	0.82892
225 T	0.16012	0.00928	0.8306
226 T	0.15995	0.00894	0.83111
227 A	0.15950	0.00955	0.83096
228 T	0.15933	0.00938	0.83129
229 A	0.15886	0.01023	0.83091
230 T	0.15859	0.01036	0.83105
231 T	0.15776	0.01163	0.83061
232 G	0.15595	0.01453	0.82953
233 A	0.15478	0.01748	0.82773
234 A	0.15409	0.01926	0.82665
235 A	0.15381	0.01993	0.82626
236 A	0.15369	0.02031	0.82599
237 A	0.15368	0.02039	0.82593
238 T	0.15370	0.02034	0.82596
239 T	0.15367	0.02033	0.82601
240 T	0.15356	0.02032	0.82612
241 T	0.15345	0.02039	0.82616
242 T	0.15328	0.02060	0.82612
243 A	0.15294	0.02089	0.82616
244 G	0.15273	0.02116	0.82612
245 A	0.15257	0.02153	0.8259
246 A	0.15234	0.02149	0.82616
247 G	0.15229	0.02135	0.82636
248 G	0.15220	0.02130	0.8265
249 A	0.15234	0.02107	0.82659
250 G	0.15286	0.02022	0.82692
251 T	0.15382	0.01934	0.82685
252 T	0.15473	0.01852	0.82675
253 A	0.15493	0.01866	0.82641
254 A	0.15536	0.01783	0.82681
255 A	0.15643	0.01547	0.8281
256 T	0.15810	0.01287	0.82902
257 T	0.15898	0.01149	0.82953
258 A	0.15919	0.01125	0.82957
259 T	0.15954	0.01078	0.82967
260 A	0.15959	0.01068	0.82973
261 T	0.15975	0.01038	0.82988
262 T	0.15987	0.01008	0.83004
263 C	0.15980	0.00989	0.8303
264 T	0.15985	0.00988	0.83028
265 C	0.15988	0.00992	0.8302
266 A	0.15997	0.00999	0.83004
267 A	0.16012	0.00992	0.82996
268 T	0.16048	0.00957	0.82995
269 A	0.16049	0.00949	0.83002
270 T	0.16036	0.00944	0.8302
271 A	0.15989	0.00953	0.83058
272 A	0.15991	0.00912	0.83098
273 A	0.16009	0.00847	0.83143
274 C	0.16066	0.00731	0.83203
275 T	0.16134	0.00652	0.83213
276 T	0.16186	0.00601	0.83213
277 G	0.16177	0.00637	0.83185
278 T	0.16180	0.00654	0.83166
279 T	0.16160	0.00708	0.83131
280 G	0.16088	0.00775	0.83138
281 G	0.16031	0.00831	0.83138
282 T	0.15975	0.00895	0.83129
283 G	0.15895	0.00968	0.83138
284 C	0.15864	0.01002	0.83134
285 A	0.15838	0.01071	0.83091
286 G	0.15836	0.01090	0.83074
287 C	0.15849	0.01128	0.83022
288 T	0.15854	0.01245	0.829
289 A	0.15858	0.01311	0.82831
290 T	0.15866	0.01339	0.82794
291 A	0.15848	0.01385	0.82767
292 A	0.15844	0.01387	0.8277
293 G	0.15835	0.01339	0.82826
294 T	0.15830	0.01279	0.82891
295 A	0.15817	0.01269	0.82915
296 T	0.15815	0.01253	0.82932
297 G	0.15809	0.01251	0.8294
298 G	0.15812	0.01248	0.82941
299 A	0.15828	0.01236	0.82937
300 T	0.15868	0.01175	0.82956
301 A	0.15887	0.01142	0.82971
302 A	0.15917	0.01087	0.82996
303 A	0.15931	0.01001	0.83068
304 T	0.15953	0.00901	0.83146
305 C	0.15974	0.00809	0.83217
306 A	0.15991	0.00719	0.8329
307 T	0.16038	0.00648	0.83314
308 C	0.16092	0.00576	0.83332
309 G	0.16138	0.00530	0.83332
310 T	0.16222	0.00449	0.83329
311 T	0.16337	0.00317	0.83345
312 T	0.16376	0.00283	0.83342
313 T	0.16398	0.00282	0.8332
314 T	0.16367	0.00359	0.83274
315 T	0.16299	0.00427	0.83274
316 T	0.16148	0.00581	0.83271
317 A	0.14974	0.01788	0.83237
318 T	0.14465	0.02332	0.83203
319 C	0.12873	0.03997	0.8313
320 A	0.10994	0.06219	0.82787
321 A	0.09921	0.07361	0.82718
322 G	0.09267	0.08041	0.82691
323 A	0.08944	0.08384	0.82672
324 T	0.08789	0.08553	0.82658
325 C	0.08635	0.08712	0.82653
326 A	0.08543	0.08823	0.82635
327 A	0.08483	0.08884	0.82633
328 T	0.08443	0.08923	0.82634
329 T	0.08378	0.08988	0.82633
330 G	0.08285	0.09081	0.82634
331 C	0.08216	0.09143	0.82641
332 A	0.08160	0.09198	0.82641
333 T	0.08128	0.09228	0.82644
334 C	0.08086	0.09267	0.82647
335 A	0.08065	0.09292	0.82642
336 A	0.08068	0.09287	0.82644
337 A	0.08124	0.09125	0.82751
338 T	0.08147	0.08975	0.82878
339 G	0.08147	0.08789	0.83063
340 G	0.08188	0.07362	0.8445
341 A	0.08223	0.06804	0.84973
342 A	0.08291	0.05325	0.86384
343 A	0.08607	0.03619	0.87773
344 T	0.08703	0.02849	0.88448
345 T	0.08704	0.02634	0.88662
346 A	0.08617	0.03421	0.87962
347 T	0.08566	0.03775	0.8766
348 T	0.08409	0.04402	0.87189
349 A	0.07797	0.06279	0.85924
350 A	0.07440	0.07032	0.85529
351 A	0.07149	0.08032	0.84818
352 T	0.06975	0.08629	0.84396
353 G	0.06637	0.09218	0.84145
354 T	0.06438	0.09406	0.84156
355 T	0.06216	0.09640	0.84143
356 G	0.06008	0.09958	0.84034
357 G	0.05887	0.10368	0.83744
358 C	0.05846	0.10436	0.83718
359 A	0.05820	0.10537	0.83643
360 A	0.05782	0.10622	0.83595
361 A	0.05627	0.10834	0.83538
362 C	0.05552	0.10928	0.83521
363 A	0.05495	0.11118	0.83387
364 A	0.05491	0.11314	0.83194
365 A	0.05616	0.11251	0.83134
366 A	0.05984	0.10942	0.83074
367 T	0.06568	0.10417	0.83014
368 A	0.07014	0.09998	0.82988
369 T	0.08013	0.08905	0.83082
370 A	0.08329	0.08556	0.83115
371 A	0.08852	0.07872	0.83276
372 T	0.10009	0.06122	0.83869
373 A	0.10441	0.05277	0.84281
374 T	0.11191	0.04127	0.84682
375 T	0.11646	0.03408	0.84946
376 T	0.11884	0.02832	0.85284
377 C	0.11890	0.02626	0.85484
378 C	0.11879	0.02518	0.85603
379 A	0.11925	0.02435	0.8564
380 T	0.12165	0.02168	0.85667
381 T	0.12126	0.02240	0.85635
382 G	0.11975	0.02464	0.85561
383 A	0.11851	0.02762	0.85388
384 T	0.11689	0.02914	0.85397
385 A	0.11196	0.03673	0.85131
386 A	0.10663	0.04843	0.84494
387 T	0.10440	0.05712	0.83848
388 G	0.09760	0.06934	0.83306
389 A	0.09596	0.07456	0.82948
390 A	0.09592	0.07662	0.82747
391 T	0.09629	0.07662	0.82708
392 T	0.09573	0.07754	0.82672
393 T	0.09330	0.08035	0.82636
394 T	0.09163	0.08245	0.82593
395 A	0.08911	0.08645	0.82444
396 T	0.08769	0.08839	0.82393
397 T	0.08548	0.09104	0.82348
398 T	0.08011	0.09720	0.82269
399 A	0.07076	0.10781	0.82143
400 A	0.06330	0.11670	0.82001
401 A	0.05901	0.12143	0.81956
402 A	0.05675	0.12347	0.81977
403 G	0.05536	0.12438	0.82025
404 A	0.05521	0.12391	0.82088
405 A	0.05594	0.12138	0.82267
406 A	0.05803	0.11758	0.82439
407 A	0.06018	0.11302	0.82679
408 A	0.06393	0.10439	0.83168
409 A	0.07223	0.08970	0.83807
410 T	0.08248	0.07413	0.84339
411 T	0.08832	0.06053	0.85115
412 T	0.09076	0.05581	0.85343
413 T	0.09149	0.05418	0.85433
414 T	0.09179	0.05319	0.85502
415 A	0.09191	0.05206	0.85604
416 T	0.09226	0.04722	0.86051
417 G	0.09272	0.04449	0.86279
418 T	0.09463	0.03977	0.86561
419 T	0.09552	0.03719	0.86729
420 G	0.09575	0.03567	0.86857
421 A	0.09629	0.03168	0.87202
422 A	0.09707	0.02663	0.8763
423 T	0.09862	0.02112	0.88026
424 T	0.09928	0.02071	0.88002
425 T	0.09881	0.02094	0.88025
426 G	0.09623	0.02509	0.87869
427 T	0.09456	0.02846	0.87698
428 T	0.09021	0.03673	0.87306
429 C	0.07608	0.05676	0.86716
430 G	0.05995	0.09582	0.84422
431 G	0.04910	0.11460	0.8363
432 A	0.04325	0.12769	0.82906
433 G	0.04108	0.13435	0.82457
434 A	0.03979	0.13836	0.82185
435 C	0.03931	0.13904	0.82165
436 G	0.03909	0.13994	0.82097
437 A	0.03901	0.14053	0.82046
438 A	0.03891	0.14078	0.82031
439 C	0.03894	0.14077	0.82028
440 A	0.03899	0.14084	0.82017
441 A	0.03921	0.14069	0.8201
442 A	0.03957	0.14038	0.82005
443 G	0.04043	0.13934	0.82023
444 A	0.04173	0.13808	0.82019
445 A	0.04369	0.13580	0.82051
446 A	0.04572	0.13360	0.82068
447 A	0.04904	0.12953	0.82143
448 A	0.05146	0.12506	0.82348
449 T	0.05544	0.11628	0.82828
450 G	0.05826	0.11034	0.8314
451 A	0.06284	0.10174	0.83542
452 A	0.07032	0.08232	0.84736
453 A	0.09189	0.04575	0.86236
454 T	0.10069	0.02602	0.87329
455 C	0.10695	0.01427	0.87877
456 T	0.11149	0.00851	0.88
457 T	0.11323	0.00614	0.88063
458 T	0.11345	0.00587	0.88068
459 T	0.11361	0.00581	0.88057
460 T	0.11366	0.00629	0.88005
461 T	0.11342	0.00926	0.87732
462 A	0.11267	0.01687	0.87046
463 G	0.11169	0.02294	0.86537
464 A	0.11080	0.02625	0.86294
465 T	0.11039	0.02727	0.86234
466 G	0.10936	0.03032	0.86032
467 A	0.10894	0.03244	0.85861
468 G	0.10817	0.03374	0.85808
469 T	0.10770	0.03486	0.85744
470 T	0.10707	0.03594	0.85698
471 A	0.10580	0.03765	0.85656
472 G	0.10472	0.03906	0.85621
473 A	0.10407	0.03975	0.85618
474 T	0.10384	0.03995	0.85621
475 T	0.10347	0.04041	0.85613
476 G	0.10307	0.04081	0.85612
477 C	0.10276	0.04115	0.85608
478 T	0.10260	0.04160	0.85581
479 T	0.10210	0.04225	0.85565
480 C	0.10148	0.04300	0.85552
481 G	0.10128	0.04330	0.85542
482 A	0.10154	0.04310	0.85535
483 A	0.10240	0.04216	0.85543
484 A	0.10605	0.03824	0.85571
485 C	0.11377	0.02982	0.85641
486 T	0.11989	0.02268	0.85742
487 T	0.12242	0.01945	0.85813
488 A	0.12292	0.01861	0.85847
489 T	0.12438	0.01629	0.85934
490 T	0.12515	0.01513	0.85972
491 A	0.12496	0.01427	0.86077
492 T	0.12510	0.01318	0.86172
493 T	0.12510	0.01231	0.86258
494 G	0.12449	0.01192	0.86359
495 G	0.12383	0.01263	0.86354
496 A	0.12324	0.01354	0.86321
497 G	0.12297	0.01391	0.86313
498 T	0.12257	0.01395	0.86348
499 A	0.12155	0.01475	0.8637
500 G	0.12105	0.01491	0.86404
501 T	0.12087	0.01515	0.86397
502 C	0.11966	0.01680	0.86354
503 A	0.11877	0.01972	0.86152
504 T	0.11737	0.02341	0.85922
505 G	0.11306	0.02981	0.85714
506 T	0.11159	0.03281	0.8556
507 G	0.10906	0.03770	0.85324
508 G	0.10780	0.04243	0.84977
509 A	0.10711	0.04547	0.84742
510 T	0.10641	0.04831	0.84529
511 T	0.10412	0.05141	0.84447
512 T	0.09798	0.06047	0.84155
513 A	0.08811	0.07300	0.83889
514 A	0.08417	0.07779	0.83805
515 C	0.08244	0.07956	0.838
516 A	0.08134	0.08178	0.83688
517 A	0.08101	0.08250	0.8365
518 T	0.08153	0.08179	0.83668
519 T	0.08146	0.08220	0.83634
520 A	0.08025	0.08480	0.83496
521 A	0.07844	0.08781	0.83375
522 A	0.07750	0.08931	0.83319
523 A	0.07724	0.08963	0.83313
524 A	0.07760	0.08882	0.83358
525 T	0.07892	0.08583	0.83525
526 A	0.08073	0.08348	0.83578
527 T	0.08436	0.07828	0.83736
528 T	0.08628	0.07340	0.84033
529 A	0.08646	0.07409	0.83946
530 A	0.08746	0.07258	0.83996
531 T	0.09012	0.07084	0.83904
532 A	0.08961	0.07181	0.83857
533 A	0.09066	0.06923	0.84011
534 A	0.09158	0.06506	0.84336
535 T	0.09563	0.05401	0.85037
536 T	0.09798	0.04349	0.85853
537 T	0.09762	0.04087	0.86151
538 C	0.09428	0.04293	0.86279
539 A	0.09073	0.04909	0.86018
540 T	0.08791	0.05423	0.85785
541 G	0.08006	0.06595	0.85398
542 G	0.07572	0.07770	0.84658
543 A	0.07379	0.08459	0.84163
544 A	0.07278	0.09199	0.83524
545 T	0.07262	0.09170	0.83568
546 T	0.06824	0.09616	0.8356
547 A	0.05704	0.10850	0.83446
548 A	0.05169	0.11443	0.83388
549 C	0.04866	0.11791	0.83343
550 A	0.04538	0.12771	0.82691
551 A	0.04489	0.12961	0.82551
552 A	0.04629	0.12813	0.82559
553 A	0.04722	0.12748	0.8253
554 T	0.04884	0.12581	0.82534
555 T	0.04806	0.12509	0.82685
556 A	0.04446	0.12927	0.82628
557 A	0.04060	0.13395	0.82545
558 A	0.03679	0.13974	0.82346
559 G	0.03438	0.14237	0.82326
560 A	0.03136	0.14616	0.82247
561 A	0.03062	0.14585	0.82353
562 A	0.03301	0.14099	0.82601
563 A	0.03592	0.13504	0.82904
564 A	0.04062	0.12286	0.83652
565 T	0.04862	0.10974	0.84164
566 A	0.05256	0.10250	0.84495
567 T	0.05935	0.09222	0.84843
568 A	0.05916	0.09008	0.85077
569 A	0.05960	0.08398	0.85642
570 T	0.06108	0.07219	0.86674
571 G	0.06143	0.06701	0.87156
572 A	0.06260	0.06325	0.87416
573 T	0.06857	0.05442	0.87701
574 T	0.06934	0.05348	0.87718
575 A	0.06878	0.05451	0.87671
576 T	0.06897	0.05430	0.87673
577 G	0.06829	0.05625	0.87547
578 A	0.06805	0.06064	0.87131
579 A	0.06915	0.05941	0.87144
580 A	0.07121	0.05534	0.87344
581 T	0.07459	0.04884	0.87656
582 A	0.07590	0.04586	0.87823
583 A	0.07771	0.04154	0.88074
584 T	0.07958	0.03813	0.88229
585 T	0.08009	0.03693	0.88297
586 T	0.07991	0.03725	0.88284
587 G	0.07921	0.03810	0.88269
588 T	0.07889	0.03897	0.88214
589 G	0.07689	0.04254	0.88057
590 T	0.07461	0.04678	0.87861
591 A	0.07026	0.05342	0.87632
592 G	0.06527	0.06282	0.87192
593 G	0.06175	0.06749	0.87077
594 A	0.05925	0.07104	0.86971
595 G	0.05836	0.07178	0.86985
596 A	0.05845	0.07161	0.86994
597 C	0.05989	0.06943	0.87068
598 G	0.06135	0.06771	0.87094
599 G	0.06291	0.06612	0.87097
600 A	0.06575	0.06336	0.87089
601 T	0.07173	0.05726	0.87101
602 G	0.07390	0.05594	0.87016
603 T	0.07550	0.05571	0.86879
604 A	0.07567	0.05753	0.86679
605 A	0.07612	0.05817	0.8657
606 T	0.07696	0.05788	0.86516
607 G	0.07723	0.05871	0.86406
608 A	0.07779	0.05945	0.86277
609 T	0.07889	0.05898	0.86213
610 A	0.07858	0.06089	0.86052
611 A	0.07874	0.06070	0.86056
612 A	0.07768	0.06024	0.86208
613 G	0.07809	0.05723	0.86468
614 A	0.07936	0.05271	0.86793
615 A	0.08357	0.04450	0.87193
616 A	0.08525	0.04030	0.87445
617 T	0.08703	0.03589	0.87708
618 G	0.08660	0.03565	0.87776
619 T	0.08652	0.03550	0.87799
620 T	0.08521	0.03696	0.87783
621 G	0.08135	0.04075	0.87789
622 G	0.08034	0.04177	0.87789
623 A	0.07970	0.04236	0.87794
624 A	0.07926	0.04267	0.87808
625 C	0.07995	0.04160	0.87845
626 G	0.08139	0.04004	0.87856
627 C	0.08228	0.03895	0.87877
628 G	0.08322	0.03805	0.87873
629 C	0.08412	0.03718	0.8787
630 T	0.08537	0.03626	0.87837
631 G	0.08557	0.03656	0.87787
632 A	0.08588	0.03641	0.8777
633 T	0.08752	0.03391	0.87857
634 A	0.08688	0.03397	0.87915
635 T	0.08723	0.03047	0.8823
636 A	0.08691	0.02932	0.88377
637 G	0.08716	0.02774	0.8851
638 G	0.08770	0.02673	0.88557
639 T	0.08847	0.02563	0.88591
640 A	0.08797	0.02564	0.8864
641 T	0.08790	0.02410	0.888
642 T	0.08744	0.02355	0.88901
643 G	0.08565	0.02387	0.89048
644 C	0.08389	0.02253	0.89358
645 A	0.08248	0.02357	0.89395
646 A	0.08146	0.02414	0.8944
647 T	0.08080	0.02443	0.89476
648 G	0.07947	0.02597	0.89456
649 G	0.07841	0.02746	0.89413
650 G	0.07811	0.02659	0.8953
651 T	0.07809	0.02636	0.89555
652 A	0.07797	0.02698	0.89506
653 A	0.07818	0.02641	0.89541
654 T	0.07869	0.02465	0.89665
655 T	0.07857	0.02388	0.89754
656 G	0.07773	0.02448	0.89778
657 C	0.07708	0.02551	0.89741
658 G	0.07613	0.03298	0.89089
659 A	0.07543	0.04196	0.88261
660 A	0.07496	0.05071	0.87432
661 T	0.07498	0.05602	0.869
662 A	0.07468	0.06121	0.86412
663 T	0.07439	0.06486	0.86075
664 G	0.07353	0.07158	0.85489
665 A	0.07308	0.07521	0.85171
666 A	0.07204	0.07653	0.85143
667 G	0.07184	0.07597	0.85219
668 A	0.07209	0.07635	0.85156
669 A	0.07235	0.07642	0.85123
670 G	0.07280	0.07583	0.85137
671 T	0.07341	0.07567	0.85092
672 T	0.07363	0.07639	0.84999
673 A	0.07332	0.07892	0.84776
674 G	0.07329	0.08047	0.84624
675 A	0.07355	0.08399	0.84246
676 A	0.07357	0.08731	0.83912
677 A	0.07377	0.08868	0.83755
678 A	0.07451	0.08875	0.83674
679 A	0.07571	0.08704	0.83725
680 A	0.07782	0.08425	0.83792
681 A	0.08434	0.07667	0.839
682 G	0.09279	0.06720	0.84001
683 C	0.10218	0.05707	0.84075
684 T	0.10897	0.05016	0.84087
685 A	0.11376	0.04529	0.84096
686 A	0.11863	0.04024	0.84112
687 T	0.12536	0.03302	0.84162
688 T	0.12802	0.03033	0.84165
689 T	0.12898	0.02846	0.84256
690 A	0.12929	0.02853	0.84218
691 A	0.13012	0.02760	0.84228
692 T	0.13130	0.02594	0.84277
693 A	0.13110	0.02581	0.84309
694 T	0.13220	0.02419	0.84361
695 C	0.13234	0.02373	0.84393
696 C	0.13339	0.02254	0.84407
697 G	0.13140	0.02468	0.84392
698 A	0.13319	0.02339	0.84341
699 T	0.13561	0.02114	0.84326
700 C	0.13527	0.02175	0.84298
701 A	0.13515	0.02259	0.84226
702 T	0.13495	0.02310	0.84195
703 A	0.13383	0.02519	0.84098
704 T	0.13347	0.02552	0.84102
705 T	0.13284	0.02615	0.84102
706 G	0.13156	0.02726	0.84118
707 T	0.13125	0.02746	0.8413
708 C	0.13070	0.02784	0.84145
709 G	0.13031	0.02828	0.84141
710 A	0.13028	0.02828	0.84144
711 T	0.13044	0.02799	0.84156
712 G	0.13020	0.02806	0.84173
713 A	0.13043	0.02771	0.84187
714 C	0.13026	0.02717	0.84257
715 A	0.12999	0.02786	0.84215
716 A	0.12974	0.02771	0.84255
717 A	0.12971	0.02736	0.84293
718 A	0.12981	0.02623	0.84396
719 T	0.13005	0.02502	0.84493
720 G	0.13018	0.02160	0.84822
721 T	0.13080	0.01989	0.8493
722 A	0.13031	0.02047	0.84922
723 T	0.13029	0.01951	0.85019
724 G	0.13016	0.01943	0.85042
725 A	0.13010	0.02002	0.84988
726 T	0.13081	0.01886	0.85033
727 T	0.13066	0.01937	0.84998
728 T	0.13029	0.02012	0.84959
729 T	0.12955	0.02177	0.84868
730 T	0.12764	0.02581	0.84655
731 T	0.12649	0.02728	0.84623
732 T	0.12490	0.02941	0.84569
733 A	0.12172	0.03323	0.84505
734 A	0.12108	0.03399	0.84493
735 A	0.12076	0.03399	0.84525
736 A	0.12083	0.03360	0.84557
737 A	0.12098	0.03310	0.84592
738 A	0.12169	0.03208	0.84623
739 C	0.12227	0.03116	0.84656
740 A	0.12281	0.03051	0.84668
741 T	0.12353	0.02966	0.84681
742 A	0.12399	0.02913	0.84688
743 A	0.12485	0.02811	0.84704
744 T	0.12644	0.02634	0.84722
745 T	0.12768	0.02416	0.84816
746 T	0.12833	0.02295	0.84871
747 A	0.12894	0.02170	0.84935
748 G	0.13019	0.01974	0.85007
749 T	0.13191	0.01736	0.85073
750 T	0.13359	0.01466	0.85175
751 T	0.13510	0.01146	0.85344
752 A	0.13685	0.00762	0.85554
753 A	0.13955	0.00000	0.86045
