# lcl|CP097583.1_cds_USQ93256.1_1
# AA	inside	membr	outside
1 A	0.54933	0.00000	0.45067
2 T	0.54613	0.00320	0.45067
3 G	0.54427	0.00505	0.45067
4 A	0.54427	0.01819	0.43753
5 A	0.53718	0.03341	0.42941
6 A	0.53718	0.03493	0.42788
7 T	0.52915	0.04356	0.42729
8 T	0.52915	0.04358	0.42727
9 A	0.52443	0.04894	0.42663
10 A	0.52443	0.09541	0.38016
11 T	0.52294	0.10023	0.37683
12 T	0.45947	0.16602	0.3745
13 A	0.28817	0.34397	0.36786
14 T	0.28815	0.34399	0.36786
15 A	0.28815	0.37875	0.3331
16 G	0.28635	0.38054	0.3331
17 C	0.28484	0.38225	0.33291
18 T	0.28478	0.38360	0.33162
19 A	0.28286	0.38744	0.3297
20 T	0.27957	0.40184	0.31858
21 A	0.24422	0.43728	0.3185
22 A	0.24367	0.43817	0.31816
23 T	0.24509	0.43442	0.32049
24 T	0.24725	0.43184	0.32091
25 T	0.24745	0.42808	0.32447
26 C	0.24633	0.42846	0.32521
27 T	0.25137	0.42478	0.32385
28 A	0.25161	0.42660	0.3218
29 A	0.25075	0.43181	0.31744
30 T	0.25211	0.43002	0.31787
31 G	0.25072	0.44119	0.30809
32 A	0.24856	0.45552	0.29592
33 A	0.28277	0.42192	0.29531
34 A	0.28642	0.41069	0.30288
35 A	0.29123	0.34145	0.36732
36 T	0.30121	0.18523	0.51356
37 G	0.30203	0.18189	0.51607
38 C	0.33133	0.15208	0.51658
39 T	0.32677	0.17326	0.49997
40 A	0.31812	0.21518	0.4667
41 A	0.31154	0.22745	0.46101
42 T	0.30646	0.23638	0.45716
43 A	0.29981	0.24983	0.45037
44 A	0.27225	0.29853	0.42923
45 A	0.25528	0.33542	0.4093
46 G	0.24567	0.34684	0.4075
47 T	0.23841	0.36787	0.39372
48 A	0.21417	0.42869	0.35714
49 C	0.19139	0.45880	0.3498
50 A	0.16862	0.52586	0.30552
51 A	0.16294	0.53346	0.30359
52 A	0.16178	0.53315	0.30507
53 C	0.16586	0.52797	0.30617
54 A	0.17601	0.51757	0.30643
55 T	0.19353	0.49633	0.31014
56 C	0.19871	0.48844	0.31284
57 T	0.20035	0.48681	0.31284
58 T	0.19931	0.48986	0.31083
59 T	0.19756	0.49196	0.31048
60 A	0.18785	0.50332	0.30883
61 A	0.18453	0.50846	0.30701
62 A	0.19170	0.49522	0.31308
63 T	0.21303	0.46304	0.32393
64 A	0.21389	0.45555	0.33056
65 A	0.21553	0.44904	0.33544
66 A	0.21817	0.43594	0.34589
67 G	0.26386	0.36672	0.36941
68 A	0.28419	0.33095	0.38485
69 A	0.28655	0.31823	0.39523
70 A	0.30655	0.29001	0.40343
71 A	0.34479	0.22935	0.42587
72 T	0.36439	0.18764	0.44797
73 A	0.40249	0.12732	0.47019
74 T	0.40894	0.11046	0.4806
75 T	0.40929	0.10577	0.48494
76 T	0.40798	0.11638	0.47564
77 T	0.40260	0.14055	0.45685
78 T	0.37141	0.19618	0.4324
79 A	0.29554	0.28167	0.42279
80 A	0.28753	0.29846	0.414
81 T	0.28377	0.31033	0.40589
82 A	0.26710	0.34244	0.39046
83 C	0.26064	0.34339	0.39596
84 T	0.26038	0.34937	0.39026
85 A	0.25381	0.36804	0.37816
86 G	0.25232	0.37428	0.3734
87 A	0.25410	0.37428	0.37162
88 T	0.25779	0.36904	0.37317
89 T	0.25901	0.36149	0.37951
90 A	0.25745	0.36037	0.38219
91 A	0.25732	0.35749	0.38518
92 A	0.25860	0.35037	0.39104
93 T	0.26050	0.34601	0.3935
94 A	0.26036	0.34550	0.39414
95 C	0.26072	0.34457	0.39471
96 T	0.26137	0.34826	0.39037
97 A	0.26090	0.35708	0.38203
98 A	0.26186	0.35488	0.38326
99 A	0.27287	0.34042	0.38671
100 G	0.29241	0.31381	0.39377
101 G	0.31697	0.24953	0.43351
102 C	0.32939	0.15803	0.51258
103 G	0.34161	0.14466	0.51373
104 G	0.35666	0.13347	0.50986
105 T	0.38802	0.11414	0.49784
106 T	0.39639	0.13039	0.47321
107 T	0.40144	0.13544	0.46312
108 T	0.40383	0.13633	0.45983
109 T	0.40235	0.14882	0.44883
110 T	0.39706	0.17491	0.42803
111 A	0.34925	0.27037	0.38039
112 A	0.31118	0.31695	0.37187
113 A	0.29352	0.33675	0.36973
114 A	0.27869	0.35455	0.36676
115 G	0.27031	0.36245	0.36724
116 A	0.26879	0.36443	0.36677
117 A	0.26925	0.36347	0.36728
118 A	0.27074	0.36140	0.36785
119 C	0.27615	0.35491	0.36893
120 T	0.28494	0.34647	0.3686
121 A	0.28545	0.34568	0.36887
122 A	0.28631	0.34443	0.36926
123 T	0.28812	0.34205	0.36984
124 A	0.28920	0.34071	0.37009
125 C	0.29276	0.33558	0.37166
126 T	0.30604	0.32194	0.37202
127 A	0.31504	0.31275	0.37221
128 C	0.33775	0.28927	0.37298
129 T	0.37452	0.25211	0.37336
130 T	0.39107	0.23460	0.37433
131 T	0.40176	0.21861	0.37963
132 T	0.40847	0.20787	0.38365
133 G	0.41145	0.19995	0.3886
134 T	0.44112	0.12345	0.43543
135 T	0.43802	0.08857	0.47341
136 A	0.42407	0.08700	0.48894
137 T	0.42013	0.07845	0.50142
138 C	0.40465	0.08853	0.50682
139 G	0.38882	0.10711	0.50406
140 G	0.36802	0.13183	0.50015
141 T	0.36247	0.14350	0.49403
142 A	0.35006	0.17000	0.47995
143 T	0.33836	0.21405	0.44759
144 A	0.30999	0.28654	0.40347
145 A	0.29114	0.32715	0.3817
146 A	0.24200	0.38902	0.36898
147 A	0.21682	0.41805	0.36513
148 A	0.19896	0.44072	0.36032
149 A	0.17904	0.46256	0.35841
150 G	0.16991	0.47174	0.35834
151 G	0.15933	0.48490	0.35578
152 A	0.15345	0.49200	0.35456
153 A	0.14729	0.49953	0.35318
154 A	0.14559	0.50012	0.35429
155 A	0.14550	0.49426	0.36024
156 G	0.14615	0.48363	0.37021
157 G	0.14643	0.47700	0.37656
158 T	0.14745	0.46523	0.38732
159 T	0.14814	0.45080	0.40106
160 G	0.14843	0.44316	0.40841
161 A	0.15007	0.43035	0.41958
162 A	0.15427	0.41172	0.43401
163 C	0.15918	0.38570	0.45511
164 A	0.16593	0.37955	0.45452
165 A	0.18215	0.35522	0.46262
166 G	0.21396	0.30967	0.47637
167 T	0.25836	0.24148	0.50016
168 T	0.28002	0.20648	0.5135
169 T	0.29149	0.14354	0.56497
170 T	0.29476	0.11458	0.59067
171 A	0.29679	0.09596	0.60725
172 G	0.29810	0.07693	0.62497
173 A	0.29950	0.07031	0.63019
174 T	0.30306	0.05864	0.63831
175 A	0.30475	0.05620	0.63904
176 T	0.30767	0.04872	0.64361
177 T	0.30825	0.05040	0.64135
178 T	0.30771	0.05645	0.63585
179 T	0.30549	0.06723	0.62728
180 T	0.29249	0.09856	0.60895
181 A	0.28669	0.15134	0.56197
182 G	0.28223	0.19116	0.52661
183 A	0.28052	0.25202	0.46746
184 A	0.28012	0.29359	0.4263
185 A	0.28022	0.32532	0.39446
186 A	0.28077	0.33996	0.37926
187 T	0.28852	0.33292	0.37856
188 T	0.29003	0.33372	0.37625
189 T	0.28736	0.33860	0.37404
190 T	0.28221	0.34570	0.37209
191 C	0.27327	0.35639	0.37033
192 T	0.26951	0.36725	0.36324
193 A	0.26249	0.37614	0.36136
194 A	0.26043	0.37874	0.36083
195 A	0.26086	0.37908	0.36006
196 A	0.26289	0.37827	0.35884
197 C	0.26482	0.37648	0.3587
198 T	0.26525	0.37893	0.35582
199 A	0.25494	0.39079	0.35428
200 A	0.25267	0.39337	0.35396
201 A	0.25454	0.39084	0.35462
202 A	0.26076	0.38287	0.35638
203 C	0.28072	0.34732	0.37196
204 A	0.32676	0.29701	0.37624
205 C	0.36523	0.25504	0.37973
206 A	0.41673	0.20360	0.37968
207 A	0.45577	0.16452	0.37971
208 T	0.48822	0.13172	0.38006
209 T	0.50041	0.11856	0.38104
210 A	0.49926	0.11933	0.3814
211 A	0.50070	0.11360	0.38569
212 T	0.50358	0.10286	0.39356
213 T	0.50226	0.09329	0.40446
214 C	0.49649	0.08866	0.41485
215 C	0.49633	0.08782	0.41585
216 T	0.49181	0.09712	0.41107
217 A	0.48096	0.12691	0.39213
218 A	0.47837	0.13407	0.38756
219 T	0.47864	0.13514	0.38622
220 A	0.47781	0.13683	0.38537
221 A	0.48008	0.12958	0.39034
222 T	0.48195	0.11546	0.40259
223 A	0.48231	0.10882	0.40887
224 T	0.48250	0.10316	0.41434
225 T	0.48240	0.10147	0.41613
226 T	0.48222	0.10421	0.41357
227 T	0.48196	0.10695	0.41109
228 A	0.48167	0.11148	0.40684
229 A	0.48188	0.11254	0.40558
230 A	0.48221	0.11227	0.40552
231 T	0.48267	0.11161	0.40573
232 G	0.48301	0.11042	0.40658
233 A	0.48318	0.10840	0.40842
234 A	0.48329	0.10594	0.41078
235 A	0.48405	0.10271	0.41324
236 T	0.48578	0.09574	0.41849
237 G	0.48746	0.08625	0.42628
238 A	0.48958	0.07815	0.43227
239 G	0.49548	0.06561	0.43891
240 T	0.51405	0.03823	0.44772
241 T	0.51841	0.03257	0.44902
242 T	0.52005	0.03234	0.4476
243 T	0.52115	0.03425	0.44459
244 T	0.52141	0.03447	0.44413
245 T	0.52119	0.03499	0.44382
246 A	0.51949	0.03657	0.44394
247 G	0.51973	0.03596	0.44431
248 C	0.52160	0.03357	0.44483
249 T	0.52605	0.02894	0.44502
250 C	0.52933	0.02547	0.44519
251 C	0.53399	0.02083	0.44517
252 T	0.53625	0.01884	0.44491
253 T	0.53691	0.01831	0.44478
254 T	0.53712	0.01824	0.44464
255 A	0.53682	0.01877	0.44441
256 T	0.53716	0.01843	0.44441
257 C	0.53682	0.01863	0.44455
258 T	0.53649	0.01897	0.44454
259 T	0.53556	0.02001	0.44443
260 C	0.53268	0.02295	0.44437
261 C	0.53077	0.02525	0.44398
262 G	0.53004	0.02848	0.44147
263 A	0.53032	0.02968	0.44
264 A	0.53136	0.02994	0.4387
265 A	0.53362	0.02780	0.43858
266 T	0.53732	0.02407	0.43861
267 T	0.53767	0.02325	0.43908
268 A	0.53754	0.02279	0.43967
269 C	0.53743	0.02095	0.44162
270 T	0.53720	0.02096	0.44184
271 A	0.53674	0.02130	0.44195
272 T	0.53660	0.02134	0.44205
273 T	0.53625	0.02151	0.44225
274 G	0.53561	0.02199	0.4424
275 G	0.53532	0.02189	0.44279
276 T	0.53525	0.02160	0.44314
277 G	0.53505	0.02134	0.44361
278 G	0.53513	0.02045	0.44441
279 A	0.53512	0.02008	0.4448
280 G	0.53516	0.01881	0.44604
281 C	0.53537	0.01750	0.44712
282 T	0.53586	0.01604	0.44809
283 A	0.53603	0.01372	0.45025
284 C	0.53656	0.01171	0.45173
285 T	0.53888	0.00911	0.45201
286 G	0.53995	0.00839	0.45166
287 T	0.54103	0.00757	0.4514
288 T	0.54115	0.00786	0.45099
289 T	0.54116	0.00830	0.45054
290 T	0.54092	0.00860	0.45048
291 T	0.54046	0.00905	0.45048
292 A	0.53977	0.00991	0.45031
293 T	0.53915	0.01039	0.45047
294 T	0.53692	0.01267	0.45041
295 T	0.52952	0.02167	0.4488
296 T	0.51535	0.04031	0.44433
297 A	0.45349	0.11349	0.43302
298 G	0.42928	0.14214	0.42858
299 A	0.40745	0.17141	0.42114
300 T	0.39534	0.18637	0.4183
301 A	0.36582	0.22037	0.41381
302 T	0.36199	0.22497	0.41304
303 A	0.35674	0.23031	0.41295
304 G	0.35335	0.23374	0.4129
305 A	0.35266	0.23445	0.4129
306 G	0.35258	0.23449	0.41293
307 C	0.35274	0.23430	0.41296
308 A	0.35316	0.23387	0.41297
309 A	0.35388	0.23313	0.41299
310 T	0.35512	0.23186	0.41302
311 T	0.35591	0.23100	0.41309
312 T	0.35635	0.23047	0.41318
313 T	0.35676	0.22952	0.41372
314 T	0.35701	0.22853	0.41446
315 A	0.35719	0.22733	0.41547
316 A	0.35751	0.22532	0.41717
317 A	0.35830	0.21990	0.4218
318 A	0.36046	0.20842	0.43112
319 A	0.36615	0.18586	0.44799
320 T	0.37928	0.11402	0.5067
321 A	0.38413	0.08487	0.531
322 T	0.39150	0.05253	0.55597
323 A	0.39380	0.03499	0.57121
324 A	0.39765	0.00000	0.60234
