# lcl|CP097583.1_cds_USQ93473.1_1
# AA	inside	membr	outside
1 A	0.35429	0.00000	0.64571
2 T	0.35161	0.00268	0.64571
3 G	0.35067	0.00362	0.64571
4 A	0.35067	0.14366	0.50567
5 T	0.33995	0.31035	0.3497
6 A	0.33995	0.36220	0.29785
7 A	0.27615	0.43418	0.28967
8 A	0.27615	0.43431	0.28954
9 A	0.26222	0.45064	0.28713
10 A	0.26219	0.59971	0.1381
11 A	0.25956	0.60724	0.1332
12 T	0.23488	0.63336	0.13176
13 A	0.16097	0.71555	0.12348
14 A	0.16096	0.71557	0.12347
15 A	0.16096	0.77238	0.06667
16 A	0.15961	0.77372	0.06667
17 A	0.15804	0.77658	0.06538
18 T	0.15800	0.77809	0.06392
19 T	0.15475	0.78349	0.06177
20 A	0.12778	0.84444	0.02778
21 T	0.10696	0.86520	0.02783
22 A	0.10611	0.86633	0.02757
23 A	0.10714	0.86492	0.02794
24 A	0.11697	0.85448	0.02854
25 C	0.13897	0.82317	0.03786
26 T	0.15897	0.80139	0.03964
27 A	0.27188	0.68501	0.04311
28 A	0.40004	0.55095	0.049
29 T	0.45184	0.49693	0.05123
30 T	0.46638	0.44813	0.08549
31 A	0.46828	0.44153	0.09019
32 A	0.47477	0.41657	0.10866
33 T	0.59588	0.28031	0.12381
34 T	0.59993	0.27058	0.12948
35 T	0.60276	0.24704	0.1502
36 A	0.60527	0.20004	0.19469
37 A	0.60518	0.19855	0.19627
38 A	0.64848	0.15276	0.19876
39 A	0.65076	0.14557	0.20367
40 T	0.66269	0.12713	0.21017
41 A	0.66703	0.11899	0.21398
42 T	0.67504	0.10434	0.22062
43 T	0.70046	0.05688	0.24266
44 T	0.70100	0.04537	0.25363
45 T	0.70104	0.04559	0.25336
46 T	0.69886	0.04844	0.25269
47 T	0.69377	0.05529	0.25094
48 A	0.68803	0.06226	0.2497
49 T	0.68620	0.06565	0.24816
50 A	0.68542	0.06908	0.2455
51 T	0.68640	0.06862	0.24498
52 T	0.68615	0.06996	0.24388
53 T	0.68461	0.07283	0.24257
54 T	0.68408	0.07384	0.24208
55 A	0.68136	0.07862	0.24002
56 T	0.68102	0.07806	0.24092
57 T	0.67979	0.07892	0.2413
58 A	0.67619	0.08195	0.24186
59 T	0.67685	0.07807	0.24509
60 T	0.67605	0.07670	0.24726
61 T	0.67378	0.07786	0.24835
62 G	0.66864	0.08219	0.24918
63 C	0.66621	0.08504	0.24876
64 G	0.66567	0.08873	0.24559
65 T	0.66711	0.08936	0.24353
66 A	0.66769	0.09285	0.23945
67 T	0.67333	0.08842	0.23825
68 T	0.67510	0.08628	0.23862
69 T	0.67572	0.08284	0.24143
70 T	0.67674	0.07678	0.24648
71 A	0.67710	0.07148	0.25142
72 C	0.67840	0.06794	0.25366
73 A	0.68065	0.06513	0.25423
74 T	0.68276	0.06228	0.25497
75 T	0.68449	0.05972	0.25578
76 T	0.68640	0.05708	0.25652
77 G	0.68670	0.05772	0.25557
78 T	0.68865	0.05503	0.25632
79 A	0.68774	0.05931	0.25295
80 T	0.68816	0.06078	0.25106
81 T	0.68412	0.07157	0.24431
82 A	0.63188	0.14848	0.21965
83 A	0.60343	0.21725	0.17932
84 A	0.57384	0.28736	0.1388
85 A	0.55486	0.33922	0.10592
86 A	0.54487	0.35820	0.09693
87 T	0.54342	0.36328	0.09331
88 A	0.53139	0.38457	0.08404
89 T	0.53026	0.38966	0.08008
90 A	0.52146	0.40480	0.07374
91 G	0.51346	0.41784	0.0687
92 T	0.51053	0.42123	0.06824
93 T	0.50394	0.42816	0.06789
94 T	0.49394	0.43793	0.06812
95 A	0.47701	0.45467	0.06832
96 C	0.46814	0.46295	0.06891
97 G	0.45679	0.47420	0.069
98 C	0.45178	0.47902	0.06919
99 C	0.44757	0.48335	0.06908
100 G	0.44475	0.48664	0.06861
101 A	0.44229	0.48976	0.06794
102 A	0.44350	0.48840	0.06811
103 A	0.44754	0.48403	0.06843
104 A	0.45815	0.46935	0.07251
105 G	0.48474	0.39034	0.12492
106 A	0.52721	0.31968	0.15311
107 A	0.57120	0.24594	0.18286
108 T	0.61283	0.18258	0.2046
109 T	0.62288	0.16347	0.21365
110 A	0.62545	0.16358	0.21097
111 T	0.62807	0.15581	0.21611
112 A	0.61857	0.16765	0.21379
113 A	0.61754	0.16090	0.22157
114 T	0.61786	0.15721	0.22494
115 T	0.61056	0.16817	0.22126
116 T	0.59829	0.17999	0.22172
117 T	0.57770	0.19935	0.22295
118 G	0.55091	0.21952	0.22956
119 A	0.53474	0.24593	0.21932
120 T	0.53155	0.24349	0.22496
121 T	0.52942	0.24432	0.22626
122 T	0.52458	0.25008	0.22534
123 A	0.51360	0.26704	0.21937
124 T	0.50691	0.27077	0.22232
125 T	0.49676	0.27925	0.224
126 A	0.48761	0.28891	0.22347
127 T	0.48321	0.29346	0.22334
128 C	0.47804	0.29887	0.22308
129 A	0.47579	0.30349	0.22073
130 A	0.47518	0.30649	0.21833
131 G	0.47595	0.30771	0.21634
132 A	0.47836	0.30968	0.21196
133 A	0.48655	0.30350	0.20996
134 A	0.49549	0.29283	0.21169
135 T	0.50464	0.27195	0.22341
136 G	0.50813	0.26323	0.22864
137 A	0.51987	0.24989	0.23024
138 T	0.53702	0.22995	0.23303
139 T	0.54722	0.22465	0.22813
140 T	0.55351	0.21205	0.23445
141 G	0.55600	0.20376	0.24024
142 T	0.56287	0.19941	0.23773
143 T	0.55170	0.23220	0.2161
144 A	0.52376	0.26592	0.21032
145 A	0.50347	0.28356	0.21298
146 G	0.49465	0.27917	0.22618
147 T	0.49052	0.27399	0.2355
148 C	0.47076	0.29038	0.23886
149 C	0.45186	0.34650	0.20164
150 T	0.44098	0.41773	0.1413
151 A	0.42760	0.49419	0.07821
152 A	0.39671	0.54928	0.05401
153 A	0.38135	0.57382	0.04483
154 A	0.37537	0.58404	0.04059
155 T	0.37718	0.58084	0.04198
156 A	0.37453	0.58295	0.04252
157 A	0.37575	0.58109	0.04316
158 A	0.37898	0.57727	0.04374
159 C	0.38506	0.57001	0.04493
160 G	0.39665	0.55840	0.04495
161 A	0.41654	0.53833	0.04513
162 T	0.44026	0.51413	0.04561
163 T	0.44827	0.50554	0.04619
164 T	0.45350	0.49947	0.04703
165 A	0.45693	0.49151	0.05157
166 A	0.46943	0.46343	0.06715
167 A	0.47071	0.43358	0.09571
168 A	0.47328	0.40551	0.12122
169 C	0.48246	0.37239	0.14516
170 A	0.49654	0.35217	0.15128
171 A	0.52725	0.30159	0.17116
172 T	0.58807	0.22235	0.18958
173 T	0.63644	0.16466	0.1989
174 T	0.67675	0.11594	0.20731
175 T	0.68044	0.08374	0.23582
176 T	0.65218	0.10798	0.23984
177 G	0.54975	0.22524	0.22501
178 A	0.46642	0.34821	0.18537
179 T	0.40578	0.43793	0.15629
180 A	0.23007	0.66576	0.10416
181 A	0.15839	0.77287	0.06875
182 A	0.11820	0.82416	0.05765
183 T	0.09364	0.85337	0.05299
184 G	0.06862	0.88396	0.04741
185 A	0.05414	0.90356	0.0423
186 A	0.05076	0.90999	0.03925
187 A	0.05019	0.90981	0.04001
188 T	0.04962	0.90713	0.04326
189 A	0.04865	0.90658	0.04477
190 A	0.04790	0.90459	0.04751
191 A	0.04745	0.90202	0.05053
192 T	0.04730	0.89887	0.05383
193 C	0.04656	0.89844	0.055
194 A	0.04639	0.89964	0.05397
195 A	0.04648	0.89998	0.05354
196 A	0.04717	0.89859	0.05423
197 A	0.04871	0.89338	0.05791
198 A	0.05620	0.88056	0.06325
199 A	0.07445	0.82087	0.10468
200 G	0.10236	0.67881	0.21883
201 A	0.14537	0.55192	0.30271
202 A	0.18074	0.44750	0.37176
203 T	0.23486	0.23488	0.53026
204 T	0.26832	0.18346	0.54822
205 T	0.27439	0.20390	0.52171
206 T	0.27133	0.32355	0.40512
207 A	0.25902	0.42543	0.31556
208 G	0.25321	0.47901	0.26778
209 T	0.24982	0.54855	0.20163
210 A	0.22532	0.61017	0.16452
211 G	0.21205	0.63949	0.14846
212 A	0.20723	0.66240	0.13036
213 T	0.20427	0.67189	0.12384
214 G	0.19553	0.68739	0.11708
215 A	0.18925	0.70244	0.1083
216 T	0.18765	0.71082	0.10153
217 A	0.18453	0.74252	0.07294
218 A	0.18196	0.75025	0.06779
219 A	0.17443	0.76471	0.06086
220 G	0.16900	0.77501	0.05599
221 A	0.16526	0.78150	0.05325
222 C	0.16152	0.78840	0.05008
223 A	0.15890	0.79189	0.04921
224 A	0.16091	0.79007	0.04902
225 A	0.17722	0.77363	0.04914
226 A	0.21647	0.73383	0.04969
227 C	0.28646	0.66198	0.05156
228 A	0.36504	0.57767	0.05729
229 T	0.53125	0.40299	0.06576
230 T	0.62300	0.29959	0.0774
231 T	0.67141	0.24541	0.08318
232 T	0.70237	0.21085	0.08679
233 T	0.71629	0.17096	0.11275
234 T	0.71988	0.15403	0.12609
235 T	0.71969	0.15195	0.12837
236 T	0.71187	0.16732	0.12081
237 A	0.64854	0.25389	0.09757
238 A	0.60750	0.30650	0.086
239 A	0.59015	0.32971	0.08014
240 A	0.59126	0.32905	0.07968
241 A	0.58548	0.33298	0.08154
242 A	0.59361	0.31634	0.09004
243 T	0.60240	0.30179	0.0958
244 A	0.60430	0.29614	0.09956
245 T	0.60740	0.28853	0.10406
246 T	0.60782	0.28468	0.1075
247 T	0.60676	0.28480	0.10844
248 C	0.60158	0.29105	0.10737
249 A	0.59384	0.30443	0.10172
250 T	0.59187	0.30739	0.10074
251 T	0.59039	0.30965	0.09996
252 A	0.58769	0.31412	0.09819
253 G	0.58686	0.31609	0.09704
254 C	0.58729	0.31558	0.09713
255 T	0.58857	0.31999	0.09144
256 A	0.58951	0.33542	0.07508
257 A	0.59294	0.33478	0.07228
258 G	0.59886	0.32517	0.07597
259 A	0.61059	0.30748	0.08193
260 T	0.63910	0.20958	0.15132
261 T	0.65306	0.15074	0.1962
262 A	0.65835	0.12611	0.21554
263 T	0.66133	0.11208	0.22659
264 T	0.66243	0.11071	0.22686
265 G	0.66294	0.12068	0.21639
266 A	0.66329	0.12977	0.20694
267 T	0.66341	0.13831	0.19829
268 A	0.66272	0.15844	0.17884
269 A	0.66249	0.19641	0.14111
270 A	0.66109	0.22879	0.11012
271 A	0.66185	0.24463	0.09352
272 G	0.66676	0.23420	0.09904
273 T	0.66848	0.23191	0.09961
274 A	0.66938	0.23802	0.09261
275 G	0.67139	0.23691	0.09171
276 C	0.67370	0.23528	0.09103
277 A	0.67688	0.23486	0.08826
278 A	0.68393	0.22784	0.08823
279 T	0.70401	0.20745	0.08854
280 T	0.70975	0.20159	0.08866
281 T	0.71170	0.19956	0.08873
282 C	0.71372	0.19729	0.08899
283 C	0.71583	0.19510	0.08907
284 C	0.71892	0.19197	0.08911
285 T	0.72493	0.18595	0.08912
286 T	0.73264	0.17825	0.08911
287 C	0.74157	0.16932	0.0891
288 T	0.75423	0.15674	0.08903
289 G	0.76277	0.14810	0.08913
290 A	0.77353	0.13709	0.08938
291 T	0.79614	0.11379	0.09007
292 A	0.82887	0.08054	0.09059
293 C	0.86014	0.04643	0.09343
294 T	0.88519	0.02070	0.09412
295 T	0.88896	0.01686	0.09418
296 C	0.88963	0.01668	0.09369
297 T	0.89616	0.01153	0.09231
298 T	0.89498	0.01721	0.08782
299 T	0.89325	0.02178	0.08497
300 T	0.88951	0.02761	0.08288
301 T	0.88182	0.03869	0.07949
302 T	0.87349	0.05032	0.07619
303 T	0.85770	0.06655	0.07575
304 A	0.83913	0.08521	0.07567
305 T	0.82974	0.09460	0.07567
306 T	0.81554	0.10881	0.07565
307 C	0.79552	0.12888	0.07559
308 C	0.78001	0.14443	0.07555
309 A	0.77177	0.15277	0.07546
310 G	0.76820	0.15638	0.07542
311 G	0.76601	0.15864	0.07535
312 C	0.76515	0.15964	0.07521
313 A	0.76433	0.16107	0.0746
314 A	0.76381	0.16231	0.07388
315 T	0.76371	0.16271	0.07359
316 A	0.76344	0.16319	0.07337
317 A	0.76357	0.16311	0.07332
318 A	0.76440	0.16108	0.07452
319 T	0.76590	0.15720	0.07689
320 A	0.76796	0.15325	0.07879
321 T	0.77401	0.14111	0.08488
322 T	0.77699	0.13400	0.08901
323 A	0.77815	0.12748	0.09437
324 T	0.77999	0.11356	0.10645
325 T	0.78094	0.10077	0.11829
326 T	0.77985	0.08453	0.13562
327 T	0.77353	0.07932	0.14715
328 G	0.76716	0.07980	0.15304
329 T	0.76252	0.07673	0.16074
330 A	0.74409	0.08943	0.16648
331 T	0.73056	0.09635	0.17309
332 T	0.70025	0.13075	0.169
333 A	0.67561	0.16482	0.15957
334 G	0.66898	0.18085	0.15017
335 A	0.66485	0.20663	0.12851
336 A	0.66304	0.21186	0.12511
337 T	0.66278	0.21213	0.12509
338 T	0.66182	0.21376	0.12442
339 T	0.65365	0.22373	0.12262
340 C	0.63723	0.24066	0.1221
341 C	0.62624	0.25267	0.12109
342 A	0.61834	0.26304	0.11863
343 A	0.61424	0.27058	0.11518
344 C	0.61208	0.27391	0.11402
345 A	0.60937	0.27880	0.11183
346 T	0.61055	0.27862	0.11084
347 T	0.60919	0.28027	0.11055
348 A	0.60613	0.28286	0.111
349 G	0.60611	0.28154	0.11235
350 T	0.61056	0.26831	0.12114
351 T	0.61269	0.26041	0.12689
352 A	0.61330	0.25443	0.13227
353 A	0.61804	0.22971	0.15224
354 A	0.62249	0.21141	0.1661
355 T	0.63164	0.17536	0.193
356 C	0.62439	0.17213	0.20348
357 A	0.62314	0.18266	0.1942
358 A	0.63204	0.18574	0.18222
359 A	0.63090	0.19436	0.17474
360 T	0.62712	0.20297	0.16991
361 G	0.60839	0.23014	0.16146
362 A	0.59948	0.25867	0.14185
363 T	0.59667	0.26071	0.14262
364 A	0.58895	0.28757	0.12349
365 A	0.58736	0.29889	0.11375
366 T	0.59035	0.29776	0.11189
367 T	0.59045	0.30575	0.1038
368 T	0.58953	0.31057	0.0999
369 A	0.58618	0.31433	0.09949
370 T	0.58517	0.31348	0.10136
371 T	0.58361	0.31278	0.1036
372 G	0.56816	0.32863	0.10321
373 C	0.56005	0.33723	0.10272
374 A	0.55431	0.34605	0.09964
375 A	0.55158	0.34963	0.09879
376 A	0.54962	0.35201	0.09836
377 A	0.55151	0.34985	0.09864
378 A	0.55655	0.34403	0.09942
379 T	0.56847	0.31612	0.11541
380 A	0.57848	0.30045	0.12108
381 T	0.59262	0.27993	0.12746
382 A	0.59874	0.27727	0.124
383 A	0.60545	0.26760	0.12695
384 A	0.61847	0.23828	0.14325
385 T	0.65606	0.18853	0.15542
386 T	0.67589	0.16375	0.16036
387 T	0.70146	0.12994	0.1686
388 T	0.71193	0.11675	0.17131
389 C	0.71364	0.11312	0.17323
390 T	0.71842	0.10917	0.17241
391 T	0.72077	0.10694	0.17229
392 T	0.72118	0.10567	0.17315
393 T	0.72058	0.11071	0.16871
394 A	0.71936	0.12143	0.15921
395 T	0.72058	0.11391	0.16551
396 T	0.70698	0.13408	0.15893
397 T	0.68602	0.15895	0.15503
398 A	0.64985	0.21516	0.13499
399 T	0.63280	0.23896	0.12825
400 G	0.61028	0.26597	0.12375
401 A	0.60033	0.28166	0.11802
402 A	0.59631	0.28852	0.11518
403 A	0.59630	0.28973	0.11397
404 A	0.59563	0.29323	0.11115
405 T	0.60109	0.28911	0.1098
406 A	0.59747	0.29595	0.10658
407 G	0.59641	0.29864	0.10495
408 A	0.59698	0.30096	0.10205
409 T	0.59920	0.29826	0.10254
410 T	0.59964	0.29740	0.10296
411 T	0.59769	0.29874	0.10357
412 T	0.58904	0.30759	0.10337
413 C	0.56048	0.33887	0.10065
414 G	0.46747	0.44214	0.09038
415 A	0.41212	0.50347	0.08442
416 A	0.36305	0.55615	0.0808
417 A	0.35081	0.56946	0.07973
418 A	0.35251	0.56799	0.07949
419 T	0.36349	0.53429	0.10221
420 A	0.33868	0.53843	0.12289
421 T	0.34693	0.50182	0.15126
422 T	0.33794	0.51273	0.14932
423 A	0.30783	0.55744	0.13473
424 A	0.29037	0.59004	0.11959
425 A	0.27113	0.62067	0.1082
426 A	0.24534	0.65270	0.10196
427 A	0.22592	0.66958	0.1045
428 A	0.21716	0.67590	0.10694
429 A	0.21064	0.67918	0.11018
430 A	0.20069	0.68781	0.1115
431 C	0.19500	0.68892	0.11608
432 A	0.19241	0.69152	0.11606
433 G	0.19216	0.68824	0.1196
434 A	0.19375	0.68373	0.12252
435 A	0.19691	0.67209	0.13101
436 T	0.20297	0.64384	0.1532
437 T	0.21107	0.54194	0.24699
438 A	0.21033	0.48648	0.30319
439 G	0.21064	0.42739	0.36197
440 G	0.21238	0.40018	0.38744
441 G	0.21566	0.38300	0.40134
442 A	0.22095	0.36386	0.41519
443 C	0.23635	0.29632	0.46733
444 T	0.25616	0.26462	0.47922
445 T	0.27480	0.23928	0.48592
446 T	0.29275	0.22160	0.48565
447 G	0.29658	0.22242	0.481
448 G	0.30167	0.21687	0.48146
449 A	0.30738	0.19277	0.49985
450 T	0.30800	0.17946	0.51254
451 G	0.30823	0.18331	0.50846
452 A	0.31169	0.18348	0.50483
453 T	0.31674	0.17947	0.50379
454 T	0.31668	0.19709	0.48623
455 T	0.31516	0.21617	0.46866
456 T	0.30956	0.27507	0.41537
457 A	0.29412	0.38263	0.32326
458 A	0.28428	0.46773	0.24798
459 T	0.27533	0.48721	0.23746
460 A	0.26282	0.50993	0.22725
461 G	0.25942	0.51955	0.22104
462 T	0.25489	0.54004	0.20507
463 C	0.24153	0.55806	0.20041
464 A	0.22747	0.59015	0.18237
465 A	0.21882	0.61604	0.16515
466 A	0.20236	0.64784	0.1498
467 C	0.19945	0.65776	0.14279
468 A	0.20203	0.67351	0.12447
469 A	0.21869	0.66395	0.11737
470 T	0.23925	0.64402	0.11673
471 T	0.24812	0.63840	0.11348
472 A	0.23933	0.65808	0.10258
473 T	0.24228	0.65960	0.09812
474 A	0.24174	0.68036	0.0779
475 A	0.24371	0.69369	0.0626
476 A	0.25441	0.68826	0.05733
477 T	0.28531	0.65953	0.05516
478 A	0.30089	0.64840	0.05071
479 A	0.34171	0.60318	0.05511
480 A	0.41250	0.52020	0.06729
481 A	0.47621	0.44558	0.07822
482 T	0.48940	0.41955	0.09105
483 C	0.48935	0.40750	0.10315
484 A	0.48897	0.40941	0.10162
485 A	0.49658	0.40047	0.10296
486 A	0.49902	0.39164	0.10935
487 A	0.50870	0.37327	0.11804
488 A	0.52679	0.34914	0.12407
489 T	0.54787	0.30718	0.14495
490 T	0.53555	0.31723	0.14722
491 T	0.52490	0.33567	0.13944
492 A	0.46560	0.40058	0.13382
493 A	0.43807	0.42639	0.13554
494 A	0.43410	0.42196	0.14395
495 T	0.43961	0.39545	0.16493
496 C	0.41769	0.40654	0.17577
497 C	0.41162	0.40863	0.17975
498 T	0.42389	0.40149	0.17462
499 A	0.41919	0.41307	0.16774
500 T	0.41431	0.42641	0.15928
501 T	0.40411	0.44301	0.15289
502 T	0.39006	0.45972	0.15022
503 T	0.34256	0.50957	0.14787
504 A	0.30505	0.55447	0.14048
505 A	0.28912	0.57205	0.13883
506 A	0.27844	0.57498	0.14658
507 T	0.27455	0.56997	0.15548
508 A	0.25853	0.59030	0.15117
509 A	0.24939	0.59531	0.15529
510 A	0.24264	0.59358	0.16378
511 A	0.23714	0.59253	0.17032
512 A	0.23614	0.58088	0.18298
513 C	0.24124	0.53802	0.22074
514 G	0.25290	0.50555	0.24154
515 A	0.26122	0.44614	0.29263
516 A	0.26418	0.41839	0.31742
517 T	0.26741	0.40527	0.32733
518 T	0.26863	0.39727	0.3341
519 G	0.26777	0.36031	0.37193
520 C	0.26927	0.31844	0.41229
521 G	0.27460	0.30819	0.41721
522 A	0.28217	0.29995	0.41787
523 T	0.29664	0.28073	0.42264
524 T	0.30493	0.26771	0.42735
525 T	0.30545	0.27028	0.42427
526 G	0.29712	0.24703	0.45584
527 A	0.29165	0.28790	0.42046
528 T	0.29127	0.36291	0.34582
529 A	0.28566	0.54114	0.1732
530 A	0.28531	0.62548	0.08922
531 A	0.29526	0.62303	0.0817
532 A	0.29831	0.61101	0.09068
533 A	0.30181	0.59985	0.09834
534 T	0.30601	0.58849	0.1055
535 C	0.30404	0.58881	0.10714
536 C	0.30404	0.59146	0.1045
537 T	0.30456	0.60213	0.09332
538 A	0.30452	0.61266	0.08282
539 A	0.30428	0.61662	0.0791
540 T	0.30520	0.61916	0.07563
541 T	0.30548	0.62366	0.07086
542 T	0.30453	0.62619	0.06928
543 A	0.29771	0.63603	0.06625
544 A	0.29441	0.64183	0.06376
545 A	0.29387	0.64772	0.05841
546 A	0.28738	0.65677	0.05585
547 G	0.28815	0.65434	0.0575
548 A	0.30684	0.63206	0.0611
549 A	0.33938	0.58689	0.07372
550 G	0.40753	0.50580	0.08666
551 C	0.49871	0.40857	0.09272
552 T	0.66827	0.23536	0.09637
553 A	0.73973	0.16375	0.09651
554 T	0.75832	0.14568	0.096
555 A	0.75930	0.14715	0.09355
556 A	0.75796	0.14855	0.09349
557 T	0.76065	0.14212	0.09723
558 T	0.75588	0.14460	0.09952
559 A	0.73882	0.16070	0.10048
560 C	0.73459	0.16217	0.10324
561 T	0.72755	0.17168	0.10077
562 T	0.68585	0.21551	0.09864
563 C	0.59469	0.30931	0.096
564 T	0.48760	0.42261	0.08979
565 A	0.42453	0.48921	0.08627
566 A	0.39839	0.51355	0.08806
567 A	0.38648	0.52478	0.08874
568 G	0.38611	0.52304	0.09086
569 A	0.38688	0.51109	0.10204
570 T	0.38703	0.49996	0.11301
571 T	0.38510	0.49909	0.11581
572 T	0.38078	0.50231	0.11691
573 C	0.37625	0.50717	0.11658
574 G	0.36480	0.52424	0.11097
575 A	0.35976	0.53341	0.10683
576 A	0.34858	0.54700	0.10443
577 G	0.34289	0.55482	0.10229
578 G	0.34238	0.55904	0.09857
579 A	0.33932	0.56396	0.09671
580 A	0.33850	0.56401	0.09749
581 A	0.34138	0.55006	0.10856
582 A	0.34354	0.51825	0.1382
583 G	0.34650	0.48111	0.17239
584 T	0.35487	0.44178	0.20334
585 T	0.35973	0.38638	0.25389
586 T	0.36256	0.31768	0.31975
587 T	0.36450	0.22208	0.41342
588 A	0.36484	0.18700	0.44816
589 G	0.36650	0.16217	0.47134
590 T	0.36814	0.14813	0.48372
591 C	0.36585	0.14455	0.4896
592 A	0.36405	0.14602	0.48993
593 C	0.36476	0.14396	0.49128
594 T	0.36681	0.14681	0.48638
595 T	0.36784	0.15460	0.47756
596 A	0.36796	0.16827	0.46378
597 T	0.37304	0.17119	0.45576
598 A	0.37486	0.20592	0.41922
599 A	0.37611	0.24761	0.37628
600 T	0.37171	0.32748	0.30081
601 A	0.34859	0.47994	0.17147
602 T	0.33896	0.54996	0.11109
603 T	0.32606	0.57767	0.09627
604 A	0.29932	0.62269	0.078
605 A	0.28459	0.64484	0.07056
606 A	0.27476	0.66015	0.06508
607 C	0.26931	0.67117	0.05952
608 A	0.25825	0.69482	0.04692
609 A	0.24280	0.71673	0.04046
610 A	0.23503	0.72824	0.03673
611 A	0.23015	0.73651	0.03334
612 T	0.22426	0.74228	0.03347
613 A	0.20343	0.76160	0.03497
614 T	0.19658	0.76468	0.03873
615 A	0.17700	0.78211	0.04089
616 C	0.15944	0.79942	0.04114
617 C	0.14507	0.81618	0.03874
618 A	0.14024	0.82706	0.03269
619 A	0.14377	0.82681	0.02942
620 A	0.15862	0.81307	0.0283
621 A	0.19600	0.77545	0.02855
622 A	0.25698	0.71295	0.03008
623 A	0.34590	0.60979	0.04431
624 T	0.48349	0.42981	0.0867
625 C	0.53953	0.35117	0.1093
626 C	0.55738	0.32177	0.12085
627 T	0.57253	0.30197	0.1255
628 A	0.57505	0.29813	0.12683
629 A	0.57728	0.29151	0.13121
630 T	0.58229	0.28202	0.13569
631 T	0.58954	0.26143	0.14904
632 T	0.58307	0.24178	0.17515
633 A	0.56263	0.25502	0.18236
634 A	0.54323	0.26198	0.19479
635 A	0.52426	0.26973	0.20601
636 G	0.49540	0.27064	0.23397
637 G	0.48886	0.26627	0.24487
638 A	0.48779	0.25371	0.25849
639 T	0.49122	0.23142	0.27735
640 T	0.49170	0.21923	0.28907
641 T	0.48705	0.22611	0.28683
642 T	0.45239	0.28466	0.26296
643 T	0.41450	0.37913	0.20637
644 T	0.36685	0.47017	0.16297
645 A	0.31356	0.57498	0.11146
646 A	0.29059	0.62553	0.08388
647 A	0.27257	0.65767	0.06975
648 A	0.24107	0.69887	0.06007
649 A	0.22019	0.72090	0.0589
650 A	0.20957	0.73177	0.05866
651 A	0.20415	0.73561	0.06024
652 A	0.19849	0.73790	0.06361
653 C	0.19624	0.73029	0.07347
654 A	0.19606	0.72764	0.0763
655 G	0.19824	0.71539	0.08637
656 A	0.20488	0.69692	0.0982
657 A	0.21098	0.67554	0.11348
658 T	0.21866	0.65385	0.1275
659 T	0.22192	0.61955	0.15853
660 A	0.22104	0.61082	0.16814
661 G	0.22312	0.59693	0.17995
662 G	0.22557	0.58457	0.18986
663 G	0.23225	0.56589	0.20186
664 A	0.24807	0.52964	0.22228
665 C	0.29184	0.41879	0.28937
666 T	0.36588	0.31255	0.32157
667 T	0.40866	0.24484	0.3465
668 T	0.44260	0.19393	0.36347
669 G	0.44863	0.18495	0.36643
670 G	0.45207	0.17927	0.36866
671 A	0.45682	0.15170	0.39148
672 T	0.45638	0.13884	0.40477
673 G	0.45624	0.13480	0.40896
674 A	0.45980	0.13184	0.40836
675 T	0.46412	0.12792	0.40796
676 T	0.46248	0.14732	0.39019
677 T	0.45831	0.16917	0.37253
678 T	0.44752	0.21797	0.33451
679 A	0.43380	0.30779	0.25841
680 A	0.42628	0.37777	0.19595
681 T	0.41997	0.39575	0.18428
682 A	0.41145	0.41378	0.17477
683 T	0.40963	0.42094	0.16943
684 T	0.39582	0.44683	0.15735
685 C	0.35541	0.49084	0.15375
686 A	0.31025	0.55219	0.13756
687 A	0.28573	0.59105	0.12322
688 A	0.24574	0.64314	0.11112
689 C	0.23716	0.65679	0.10605
690 A	0.23477	0.67011	0.09512
691 A	0.24225	0.66633	0.09142
692 T	0.25525	0.65213	0.09262
693 T	0.25689	0.65191	0.0912
694 A	0.24450	0.67385	0.08165
695 T	0.24424	0.67630	0.07946
696 A	0.24021	0.69424	0.06555
697 A	0.24095	0.70539	0.05366
698 A	0.24783	0.70242	0.04975
699 T	0.27318	0.67710	0.04971
700 A	0.28762	0.66564	0.04674
701 A	0.31882	0.62687	0.05432
702 A	0.37684	0.55794	0.06522
703 A	0.42899	0.49549	0.07551
704 T	0.44288	0.46531	0.09182
705 C	0.44298	0.45156	0.10546
706 A	0.44163	0.45422	0.10416
707 A	0.44678	0.44304	0.11018
708 A	0.44678	0.42082	0.13239
709 A	0.45857	0.37929	0.16214
710 A	0.47366	0.34760	0.17873
711 T	0.49033	0.28464	0.22503
712 T	0.47747	0.29486	0.22767
713 T	0.46126	0.33227	0.20646
714 A	0.43394	0.37398	0.19207
715 A	0.41378	0.39336	0.19287
716 A	0.41171	0.38485	0.20344
717 T	0.41815	0.35621	0.22564
718 C	0.39922	0.36443	0.23635
719 C	0.40638	0.35518	0.23844
720 T	0.41823	0.35661	0.22516
721 A	0.41514	0.37366	0.2112
722 T	0.41343	0.39393	0.19264
723 T	0.40723	0.41521	0.17756
724 T	0.40069	0.42897	0.17035
725 T	0.38444	0.45905	0.15652
726 A	0.36616	0.49110	0.14273
727 A	0.35837	0.50490	0.13674
728 A	0.35344	0.50547	0.14109
729 T	0.35442	0.49811	0.14748
730 A	0.34960	0.51282	0.13757
731 A	0.34895	0.50964	0.14141
732 A	0.34912	0.50723	0.14365
733 A	0.35216	0.49940	0.14844
734 A	0.35570	0.48310	0.1612
735 C	0.36757	0.43388	0.19855
736 G	0.39480	0.38522	0.21998
737 A	0.41340	0.35208	0.23452
738 A	0.42037	0.32959	0.25005
739 T	0.42703	0.31598	0.25699
740 T	0.43044	0.30655	0.26301
741 G	0.43200	0.27092	0.29707
742 C	0.43505	0.25706	0.30788
743 G	0.44635	0.24461	0.30904
744 A	0.46061	0.23110	0.30828
745 T	0.49020	0.19786	0.31194
746 T	0.50703	0.17986	0.31311
747 T	0.50751	0.19218	0.30032
748 G	0.49180	0.22400	0.28419
749 A	0.47820	0.29634	0.22546
750 T	0.47453	0.38433	0.14114
751 G	0.46472	0.42549	0.10979
752 A	0.46272	0.46140	0.07588
753 A	0.47508	0.45221	0.07271
754 A	0.47748	0.44604	0.07647
755 C	0.48028	0.44010	0.07962
756 T	0.47712	0.44280	0.08008
757 C	0.46517	0.45477	0.08006
758 C	0.46135	0.45943	0.07922
759 C	0.45631	0.46726	0.07642
760 A	0.45659	0.47284	0.07057
761 A	0.45665	0.47466	0.06868
762 T	0.45832	0.47486	0.06682
763 T	0.45893	0.47747	0.06359
764 T	0.45778	0.48031	0.06192
765 A	0.44869	0.48966	0.06165
766 A	0.44374	0.49480	0.06146
767 A	0.44282	0.49724	0.05994
768 A	0.43453	0.50494	0.06054
769 G	0.43310	0.50216	0.06474
770 A	0.45103	0.47681	0.07216
771 A	0.48243	0.42229	0.09528
772 G	0.54959	0.33133	0.11908
773 C	0.63428	0.23568	0.13004
774 T	0.67225	0.19182	0.13593
775 A	0.70215	0.16165	0.13619
776 T	0.71035	0.15421	0.13544
777 A	0.70976	0.15834	0.1319
778 A	0.70728	0.16037	0.13235
779 T	0.70687	0.15079	0.14235
780 T	0.70384	0.14448	0.15167
781 A	0.68951	0.15567	0.15481
782 C	0.67772	0.16117	0.16111
783 T	0.66776	0.17660	0.15563
784 T	0.62923	0.21974	0.15103
785 C	0.57142	0.28290	0.14568
786 T	0.53376	0.33167	0.13457
787 A	0.47498	0.39647	0.12855
788 A	0.45062	0.42038	0.129
789 A	0.43767	0.43482	0.12751
790 G	0.43518	0.43554	0.12927
791 A	0.43490	0.42193	0.14318
792 T	0.43436	0.40787	0.15777
793 T	0.43312	0.40547	0.16141
794 T	0.43125	0.40613	0.16262
795 C	0.42787	0.41025	0.16188
796 G	0.41932	0.42823	0.15246
797 A	0.41472	0.43903	0.14624
798 A	0.39934	0.45862	0.14204
799 G	0.39185	0.47014	0.13801
800 G	0.39161	0.47679	0.13159
801 A	0.38759	0.48717	0.12525
802 A	0.38680	0.48995	0.12325
803 A	0.39094	0.47964	0.12943
804 A	0.39452	0.45546	0.15002
805 G	0.39984	0.41775	0.18241
806 T	0.41492	0.38278	0.2023
807 T	0.42365	0.33574	0.2406
808 T	0.42903	0.29941	0.27156
809 T	0.43288	0.26283	0.30429
810 A	0.43402	0.22262	0.34336
811 G	0.43767	0.19834	0.36399
812 T	0.44275	0.18095	0.37629
813 C	0.44195	0.17736	0.38069
814 A	0.44112	0.17832	0.38057
815 C	0.44328	0.17358	0.38315
816 T	0.44747	0.17307	0.37946
817 T	0.44968	0.17653	0.37379
818 A	0.45060	0.18327	0.36613
819 T	0.45932	0.17781	0.36288
820 A	0.46258	0.19400	0.34342
821 A	0.46548	0.20699	0.32754
822 T	0.46405	0.24341	0.29254
823 A	0.44631	0.31775	0.23594
824 T	0.43184	0.42295	0.14521
825 T	0.41358	0.46506	0.12136
826 A	0.37714	0.53039	0.09247
827 A	0.35431	0.56480	0.08089
828 A	0.33789	0.58965	0.07247
829 C	0.32784	0.60761	0.06455
830 A	0.30851	0.64576	0.04572
831 A	0.27545	0.68823	0.03632
832 A	0.25919	0.71025	0.03056
833 A	0.24584	0.72876	0.02539
834 T	0.23271	0.74198	0.02531
835 A	0.19772	0.77586	0.02642
836 T	0.18346	0.78693	0.02962
837 A	0.15167	0.81726	0.03107
838 C	0.13326	0.83516	0.03159
839 C	0.11724	0.85291	0.02985
840 A	0.10860	0.86711	0.0243
841 A	0.10720	0.87094	0.02186
842 A	0.11266	0.86636	0.02098
843 A	0.13162	0.84717	0.02121
844 A	0.16698	0.81046	0.02256
845 A	0.21359	0.75150	0.03491
846 A	0.27583	0.65308	0.07109
847 C	0.37282	0.51901	0.10817
848 C	0.40532	0.46723	0.12744
849 T	0.43512	0.42606	0.13882
850 A	0.44384	0.41131	0.14485
851 A	0.45179	0.39416	0.15406
852 T	0.46291	0.37468	0.16241
853 T	0.47623	0.33903	0.18474
854 T	0.47662	0.28852	0.23485
855 A	0.46539	0.27997	0.25465
856 A	0.46076	0.26020	0.27905
857 A	0.45569	0.24281	0.3015
858 G	0.44577	0.20616	0.34807
859 G	0.44259	0.18917	0.36823
860 T	0.44551	0.16179	0.3927
861 T	0.44563	0.15191	0.40245
862 T	0.44452	0.15024	0.40524
863 T	0.43858	0.17878	0.38263
864 T	0.40301	0.25652	0.34046
865 T	0.36767	0.36540	0.26694
866 T	0.32359	0.47420	0.20221
867 A	0.24135	0.62706	0.1316
868 A	0.21269	0.69639	0.09092
869 A	0.19123	0.73177	0.077
870 A	0.15887	0.77065	0.07048
871 A	0.14434	0.78567	0.06998
872 A	0.13636	0.79364	0.07
873 A	0.13245	0.79625	0.0713
874 A	0.12918	0.79742	0.07339
875 C	0.12609	0.79611	0.0778
876 A	0.12673	0.79453	0.07874
877 G	0.12858	0.78723	0.08419
878 A	0.13328	0.77363	0.09309
879 A	0.13908	0.76089	0.10003
880 T	0.14728	0.74841	0.10431
881 T	0.15052	0.73251	0.11697
882 A	0.14887	0.72718	0.12395
883 G	0.15174	0.71472	0.13354
884 G	0.15960	0.69660	0.1438
885 G	0.17469	0.67008	0.15523
886 A	0.21491	0.61058	0.17451
887 C	0.28506	0.45719	0.25775
888 T	0.38476	0.32322	0.29201
889 T	0.44544	0.24179	0.31276
890 T	0.48609	0.17929	0.33462
891 T	0.49033	0.17991	0.32976
892 G	0.46728	0.20966	0.32307
893 A	0.45337	0.21494	0.33168
894 T	0.42341	0.23504	0.34155
895 G	0.40186	0.25171	0.34643
896 A	0.39371	0.26007	0.34621
897 A	0.38979	0.26309	0.34712
898 C	0.38275	0.26999	0.34726
899 T	0.37931	0.28678	0.3339
900 T	0.36834	0.32436	0.3073
901 A	0.34563	0.43456	0.21981
902 A	0.33502	0.51313	0.15185
903 T	0.32765	0.53043	0.14192
904 A	0.31813	0.54892	0.13294
905 G	0.31445	0.55392	0.13162
906 T	0.30784	0.56839	0.12376
907 C	0.28714	0.59218	0.12068
908 A	0.26394	0.62846	0.1076
909 A	0.25059	0.65692	0.09249
910 A	0.22887	0.68900	0.08213
911 C	0.22599	0.69490	0.07911
912 A	0.23039	0.70206	0.06755
913 A	0.24409	0.68710	0.0688
914 T	0.26391	0.65609	0.08001
915 T	0.27628	0.62182	0.10189
916 A	0.27317	0.62257	0.10426
917 T	0.27027	0.60142	0.12831
918 A	0.26119	0.62497	0.11384
919 A	0.25832	0.64623	0.09545
920 A	0.25903	0.65899	0.08198
921 T	0.26750	0.66202	0.07048
922 A	0.27516	0.66751	0.05734
923 A	0.29506	0.64025	0.06469
924 A	0.36866	0.55000	0.08133
925 A	0.42862	0.47797	0.09341
926 T	0.43819	0.45494	0.10686
927 C	0.43598	0.44644	0.11759
928 A	0.42811	0.45758	0.1143
929 A	0.43121	0.45290	0.11589
930 A	0.43360	0.44022	0.12617
931 A	0.44275	0.41697	0.14028
932 A	0.45938	0.39166	0.14895
933 T	0.47430	0.35016	0.17553
934 T	0.46775	0.35534	0.17691
935 T	0.43563	0.40509	0.15928
936 A	0.32546	0.52528	0.14927
937 A	0.27888	0.57117	0.14995
938 A	0.26490	0.57804	0.15706
939 T	0.26346	0.55506	0.18148
940 C	0.25888	0.54718	0.19394
941 C	0.28382	0.51617	0.20001
942 T	0.31324	0.49372	0.19304
943 A	0.32191	0.49333	0.18476
944 T	0.33277	0.49247	0.17475
945 T	0.33196	0.50143	0.16661
946 T	0.32046	0.51606	0.16348
947 T	0.26707	0.57503	0.1579
948 A	0.22476	0.62596	0.14928
949 A	0.20783	0.64571	0.14647
950 A	0.19569	0.65057	0.15374
951 T	0.19296	0.64345	0.1636
952 A	0.17669	0.66845	0.15486
953 A	0.16366	0.69485	0.1415
954 A	0.15335	0.71420	0.13245
955 A	0.14368	0.73839	0.11793
956 A	0.14081	0.74217	0.11702
957 A	0.14748	0.72109	0.13143
958 G	0.16844	0.65600	0.17556
959 A	0.18180	0.53520	0.283
960 A	0.18687	0.48128	0.33185
961 T	0.19200	0.45513	0.35287
962 T	0.19392	0.43939	0.3667
963 G	0.19254	0.42657	0.38089
964 C	0.19402	0.40929	0.39668
965 A	0.20045	0.40285	0.3967
966 A	0.20918	0.39275	0.39807
967 T	0.22610	0.37182	0.40207
968 T	0.23596	0.35818	0.40585
969 T	0.23624	0.35901	0.40475
970 G	0.22494	0.32558	0.44948
971 A	0.21844	0.34792	0.43365
972 T	0.21830	0.41881	0.36289
973 A	0.21227	0.61632	0.1714
974 A	0.21232	0.71156	0.07612
975 A	0.22461	0.70689	0.06851
976 A	0.24111	0.67779	0.0811
977 A	0.25640	0.65081	0.09279
978 T	0.27685	0.61843	0.10472
979 C	0.28051	0.61096	0.10852
980 C	0.28346	0.61106	0.10547
981 T	0.28440	0.62388	0.09172
982 A	0.28391	0.63709	0.07901
983 A	0.28363	0.64160	0.07477
984 T	0.28472	0.64417	0.07111
985 T	0.28531	0.64921	0.06548
986 T	0.28446	0.65161	0.06393
987 A	0.27678	0.66291	0.0603
988 A	0.27188	0.67081	0.05731
989 A	0.26843	0.68029	0.05129
990 A	0.25777	0.69432	0.04791
991 G	0.25791	0.69248	0.04961
992 A	0.27483	0.67126	0.05391
993 A	0.30395	0.62616	0.0699
994 G	0.35879	0.55666	0.08454
995 C	0.44799	0.46096	0.09104
996 T	0.63567	0.26944	0.09489
997 A	0.71653	0.18861	0.09486
998 T	0.73604	0.16973	0.09423
999 A	0.73716	0.17124	0.09159
1000 A	0.73634	0.17219	0.09147
1001 T	0.73963	0.16504	0.09533
1002 T	0.73475	0.16771	0.09754
1003 A	0.71734	0.18394	0.09872
1004 C	0.71507	0.18333	0.10159
1005 T	0.71071	0.18985	0.09945
1006 T	0.67060	0.23190	0.09751
1007 C	0.56960	0.33550	0.0949
1008 T	0.44510	0.46603	0.08886
1009 A	0.37358	0.54089	0.08553
1010 A	0.34541	0.56623	0.08836
1011 A	0.33234	0.57676	0.0909
1012 G	0.33237	0.57298	0.09464
1013 A	0.33413	0.55616	0.1097
1014 T	0.33498	0.54374	0.12128
1015 T	0.33292	0.54287	0.12421
1016 T	0.32771	0.54714	0.12515
1017 C	0.32215	0.55298	0.12488
1018 G	0.30867	0.57144	0.11989
1019 A	0.30239	0.58149	0.11612
1020 A	0.28836	0.59775	0.11389
1021 G	0.28111	0.60707	0.11182
1022 G	0.27990	0.61198	0.10813
1023 A	0.27594	0.61734	0.10672
1024 A	0.27475	0.61734	0.10791
1025 A	0.27768	0.60245	0.11987
1026 A	0.27976	0.56930	0.15093
1027 G	0.28270	0.53077	0.18653
1028 T	0.29099	0.49015	0.21887
1029 T	0.29581	0.43277	0.27142
1030 T	0.29866	0.35251	0.34882
1031 T	0.30044	0.23991	0.45964
1032 A	0.30053	0.19700	0.50247
1033 G	0.30187	0.16974	0.5284
1034 T	0.30302	0.15430	0.54268
1035 C	0.30015	0.15022	0.54963
1036 A	0.29790	0.15141	0.55069
1037 C	0.29839	0.14895	0.55266
1038 T	0.30031	0.15161	0.54808
1039 T	0.30123	0.15985	0.53892
1040 A	0.30124	0.17466	0.5241
1041 T	0.30584	0.17754	0.51662
1042 A	0.30765	0.21435	0.478
1043 A	0.30907	0.25766	0.43327
1044 T	0.30603	0.34674	0.34723
1045 A	0.28832	0.51550	0.19618
1046 T	0.28125	0.59489	0.12386
1047 T	0.27149	0.62236	0.10615
1048 A	0.25048	0.66552	0.08401
1049 A	0.23904	0.68636	0.07461
1050 A	0.23183	0.70061	0.06755
1051 C	0.22802	0.71159	0.06039
1052 A	0.22042	0.73544	0.04413
1053 A	0.20946	0.75463	0.03591
1054 A	0.20416	0.76476	0.03107
1055 A	0.20132	0.77197	0.0267
1056 T	0.19722	0.77598	0.0268
1057 A	0.18224	0.78924	0.02852
1058 T	0.17745	0.78970	0.03285
1059 A	0.16315	0.80154	0.0353
1060 C	0.15101	0.81364	0.03535
1061 C	0.14155	0.82616	0.03229
1062 A	0.14068	0.83470	0.02462
1063 A	0.14697	0.83272	0.02031
1064 A	0.16375	0.81740	0.01885
1065 A	0.20423	0.77675	0.01903
1066 A	0.27161	0.70806	0.02033
1067 A	0.37405	0.59384	0.03212
1068 T	0.53461	0.39927	0.06613
1069 C	0.60254	0.31320	0.08426
1070 C	0.62428	0.28233	0.09338
1071 T	0.64308	0.25991	0.09701
1072 A	0.64706	0.25514	0.09779
1073 A	0.65039	0.24877	0.10084
1074 T	0.65715	0.23885	0.104
1075 T	0.66686	0.21984	0.1133
1076 T	0.65980	0.20769	0.1325
1077 A	0.63650	0.22729	0.13621
1078 A	0.61410	0.24191	0.14399
1079 A	0.59085	0.25775	0.1514
1080 G	0.55686	0.27180	0.17135
1081 G	0.54875	0.27159	0.17966
1082 A	0.54702	0.26321	0.18978
1083 T	0.55166	0.24483	0.20351
1084 T	0.55235	0.23600	0.21165
1085 T	0.54721	0.24340	0.20938
1086 T	0.50065	0.30675	0.1926
1087 T	0.44738	0.39788	0.15473
1088 T	0.38624	0.48737	0.12639
1089 A	0.31379	0.59207	0.09414
1090 A	0.28352	0.63986	0.07663
1091 A	0.25821	0.67394	0.06785
1092 A	0.21059	0.72746	0.06196
1093 A	0.18121	0.75718	0.06162
1094 A	0.16476	0.77306	0.06219
1095 A	0.15551	0.77948	0.06501
1096 A	0.14685	0.78287	0.07028
1097 C	0.14255	0.77469	0.08276
1098 A	0.14165	0.77106	0.08729
1099 G	0.14341	0.75703	0.09956
1100 A	0.14941	0.73706	0.11353
1101 A	0.15479	0.71363	0.13158
1102 T	0.16125	0.68978	0.14897
1103 T	0.16305	0.65114	0.1858
1104 A	0.16004	0.64085	0.19911
1105 G	0.16041	0.62454	0.21505
1106 G	0.16147	0.61178	0.22675
1107 G	0.16686	0.59180	0.24134
1108 A	0.17915	0.55601	0.26484
1109 C	0.21008	0.43258	0.35733
1110 T	0.25945	0.33457	0.40598
1111 T	0.28668	0.27314	0.44018
1112 T	0.30523	0.22660	0.46817
1113 G	0.30378	0.21921	0.47701
1114 G	0.30196	0.21304	0.485
1115 A	0.30363	0.17270	0.52366
1116 T	0.30128	0.15496	0.54375
1117 G	0.29972	0.14792	0.55236
1118 A	0.30141	0.14486	0.55374
1119 T	0.30377	0.13964	0.55659
1120 T	0.30244	0.15535	0.54221
1121 T	0.29917	0.17596	0.52488
1122 T	0.29161	0.22385	0.48454
1123 A	0.28235	0.34456	0.37309
1124 A	0.27702	0.45362	0.26936
1125 T	0.27358	0.47366	0.25276
1126 A	0.26850	0.49195	0.23955
1127 T	0.26735	0.49957	0.23308
1128 T	0.25936	0.52549	0.21516
1129 C	0.23619	0.55521	0.20861
1130 A	0.21255	0.60530	0.18216
1131 A	0.20184	0.64235	0.15581
1132 A	0.18556	0.67703	0.1374
1133 C	0.18258	0.68563	0.13178
1134 A	0.18350	0.70059	0.1159
1135 A	0.19071	0.69978	0.10951
1136 T	0.20198	0.68652	0.1115
1137 T	0.20735	0.68229	0.11036
1138 A	0.20443	0.69620	0.09937
1139 T	0.21023	0.69553	0.09424
1140 A	0.21063	0.72077	0.0686
1141 A	0.21333	0.73730	0.04937
1142 A	0.21948	0.73808	0.04244
1143 T	0.24149	0.72079	0.03773
1144 A	0.25473	0.71408	0.03119
1145 A	0.28579	0.67853	0.03568
1146 A	0.37788	0.57904	0.04308
1147 A	0.47116	0.47836	0.05047
1148 T	0.49212	0.44874	0.05915
1149 C	0.49328	0.43962	0.06711
1150 A	0.49115	0.44300	0.06585
1151 A	0.50253	0.42809	0.06939
1152 A	0.50847	0.40901	0.08253
1153 A	0.53086	0.37131	0.09783
1154 A	0.56394	0.33216	0.10389
1155 T	0.59193	0.28671	0.12136
1156 T	0.58247	0.30002	0.11751
1157 T	0.55532	0.33392	0.11076
1158 A	0.44999	0.44280	0.10721
1159 A	0.37642	0.51502	0.10856
1160 A	0.36029	0.52474	0.11497
1161 T	0.36625	0.50469	0.12907
1162 C	0.36853	0.49544	0.13603
1163 C	0.39260	0.46832	0.13907
1164 T	0.41412	0.44752	0.13836
1165 A	0.41639	0.44646	0.13715
1166 T	0.41420	0.44955	0.13625
1167 T	0.40669	0.45964	0.13366
1168 T	0.39548	0.47138	0.13313
1169 T	0.34824	0.51720	0.13455
1170 A	0.28224	0.58425	0.13351
1171 A	0.23829	0.62716	0.13455
1172 A	0.21193	0.64491	0.14316
1173 T	0.18998	0.65550	0.15452
1174 A	0.12912	0.71916	0.15172
1175 A	0.10522	0.74579	0.14899
1176 A	0.09398	0.75913	0.14689
1177 A	0.09200	0.75754	0.15046
1178 A	0.09358	0.74469	0.16173
1179 T	0.10316	0.70447	0.19237
1180 A	0.11080	0.65651	0.23269
1181 A	0.11550	0.55055	0.33395
1182 T	0.11696	0.46953	0.4135
1183 C	0.11626	0.44138	0.44237
1184 T	0.11577	0.43571	0.44852
1185 T	0.11290	0.43388	0.45323
1186 C	0.10958	0.43599	0.45443
1187 A	0.10871	0.44040	0.4509
1188 A	0.10895	0.44141	0.44963
1189 G	0.10942	0.43181	0.45877
1190 T	0.11166	0.42506	0.46328
1191 T	0.10909	0.42944	0.46146
1192 G	0.10291	0.40254	0.49455
1193 A	0.09954	0.40357	0.49689
1194 A	0.09822	0.43777	0.46402
1195 A	0.09989	0.53605	0.36407
1196 A	0.10195	0.63844	0.25961
1197 A	0.11125	0.69364	0.19511
1198 A	0.12037	0.70577	0.17385
1199 T	0.12848	0.70629	0.16523
1200 A	0.13057	0.75862	0.11081
1201 A	0.13102	0.78913	0.07985
1202 T	0.13161	0.80647	0.06192
1203 A	0.13073	0.81993	0.04934
1204 A	0.13021	0.82440	0.04538
1205 G	0.13032	0.82526	0.04442
1206 T	0.13094	0.82674	0.04231
1207 A	0.13107	0.82908	0.03984
1208 A	0.13227	0.82642	0.04131
1209 T	0.13482	0.82156	0.04362
1210 A	0.13725	0.81880	0.04395
1211 A	0.14078	0.81578	0.04344
1212 A	0.14743	0.80821	0.04437
1213 G	0.16027	0.79258	0.04715
1214 A	0.17473	0.77353	0.05175
1215 A	0.20287	0.73822	0.05891
1216 G	0.26560	0.66923	0.06517
1217 C	0.35115	0.57987	0.06897
1218 C	0.47484	0.45554	0.06962
1219 A	0.61195	0.31878	0.06927
1220 T	0.75511	0.17553	0.06935
1221 T	0.79946	0.13130	0.06924
1222 A	0.80876	0.12252	0.06871
1223 T	0.84562	0.08495	0.06943
1224 C	0.86073	0.06769	0.07157
1225 T	0.87037	0.05813	0.0715
1226 T	0.87138	0.05688	0.07174
1227 T	0.85895	0.06900	0.07206
1228 T	0.82074	0.10728	0.07199
1229 C	0.74085	0.18739	0.07176
1230 T	0.64906	0.27946	0.07148
1231 C	0.49253	0.43636	0.0711
1232 A	0.39742	0.53252	0.07007
1233 A	0.36915	0.56220	0.06865
1234 G	0.35841	0.57336	0.06824
1235 A	0.34157	0.59002	0.06841
1236 A	0.33013	0.60129	0.06858
1237 T	0.32736	0.60237	0.07028
1238 T	0.32092	0.60769	0.07139
1239 C	0.31116	0.61659	0.07225
1240 G	0.30120	0.62720	0.0716
1241 A	0.29890	0.62990	0.0712
1242 A	0.29503	0.63402	0.07095
1243 G	0.29247	0.63671	0.07081
1244 G	0.29170	0.63732	0.07098
1245 T	0.29133	0.63373	0.07494
1246 A	0.29033	0.63260	0.07706
1247 A	0.29063	0.62392	0.08545
1248 G	0.29110	0.60040	0.1085
1249 G	0.29191	0.57079	0.13731
1250 T	0.29263	0.53582	0.17155
1251 T	0.29331	0.48423	0.22247
1252 T	0.29365	0.41844	0.2879
1253 A	0.29363	0.34475	0.36161
1254 T	0.29385	0.22896	0.47719
1255 G	0.29375	0.16279	0.54346
1256 T	0.29402	0.14270	0.56328
1257 A	0.29148	0.14180	0.56672
1258 A	0.29019	0.12550	0.58431
1259 C	0.28961	0.11277	0.59761
1260 T	0.28951	0.11577	0.59472
1261 T	0.28913	0.12178	0.5891
1262 A	0.28844	0.13162	0.57994
1263 T	0.28883	0.15322	0.55795
1264 A	0.28817	0.21177	0.50006
1265 A	0.28748	0.26959	0.44293
1266 T	0.28207	0.35917	0.35876
1267 A	0.26259	0.51716	0.22024
1268 T	0.25184	0.64408	0.10408
1269 T	0.24149	0.67655	0.08197
1270 A	0.22317	0.71228	0.06455
1271 A	0.21292	0.72927	0.05781
1272 A	0.20632	0.74097	0.05271
1273 C	0.20242	0.75304	0.04454
1274 A	0.19545	0.77174	0.03281
1275 A	0.18534	0.78699	0.02768
1276 A	0.18995	0.78558	0.02447
1277 A	0.19517	0.78306	0.02177
1278 T	0.19560	0.78251	0.02189
1279 A	0.18444	0.79255	0.023
1280 T	0.18363	0.79018	0.02619
1281 A	0.16893	0.80354	0.02753
1282 C	0.14992	0.82232	0.02776
1283 C	0.13608	0.83811	0.02582
1284 A	0.13099	0.84799	0.02101
1285 A	0.13486	0.84671	0.01843
1286 A	0.15765	0.82476	0.0176
1287 A	0.21032	0.77189	0.01779
1288 A	0.28046	0.70062	0.01893
1289 A	0.37783	0.59281	0.02936
1290 T	0.52791	0.41277	0.05932
1291 C	0.62653	0.29754	0.07593
1292 C	0.65015	0.26586	0.08399
1293 T	0.66514	0.24773	0.08713
1294 A	0.66724	0.24499	0.08777
1295 A	0.66875	0.24085	0.09041
1296 T	0.67535	0.23108	0.09357
1297 T	0.68053	0.21708	0.1024
1298 T	0.66914	0.21064	0.12022
1299 A	0.64131	0.23385	0.12484
1300 A	0.61718	0.24964	0.13319
1301 A	0.59511	0.26301	0.14188
1302 G	0.55795	0.27994	0.16211
1303 G	0.54751	0.28191	0.17058
1304 A	0.54502	0.27336	0.18162
1305 T	0.54693	0.25204	0.20103
1306 T	0.54582	0.24120	0.21298
1307 T	0.53793	0.24835	0.21372
1308 T	0.49754	0.30489	0.19757
1309 T	0.45450	0.38762	0.15788
1310 T	0.39666	0.47986	0.12348
1311 A	0.32292	0.59084	0.08624
1312 A	0.29647	0.63665	0.06688
1313 A	0.27675	0.66756	0.05569
1314 A	0.24149	0.71149	0.04702
1315 A	0.21813	0.73538	0.04649
1316 A	0.20577	0.74719	0.04704
1317 A	0.19882	0.75118	0.05001
1318 A	0.19203	0.75266	0.05531
1319 C	0.18905	0.74329	0.06767
1320 A	0.18839	0.73916	0.07244
1321 G	0.18984	0.72356	0.0866
1322 A	0.19469	0.70266	0.10265
1323 A	0.19914	0.67968	0.12119
1324 T	0.20472	0.65747	0.13782
1325 T	0.20711	0.61506	0.17783
1326 A	0.20612	0.60175	0.19213
1327 G	0.20785	0.58611	0.20604
1328 G	0.21012	0.57180	0.21809
1329 G	0.21593	0.55083	0.23324
