# lcl|CP097583.1_cds_USQ93424.1_1
# AA	inside	membr	outside
1 G	0.36082	0.00000	0.63918
2 T	0.36029	0.00054	0.63918
3 G	0.35989	0.00093	0.63918
4 G	0.35989	0.16931	0.47081
5 T	0.34797	0.31442	0.33762
6 A	0.34796	0.33838	0.31366
7 T	0.28447	0.40667	0.30886
8 C	0.28447	0.40678	0.30875
9 A	0.26802	0.42682	0.30517
10 A	0.26800	0.51748	0.21452
11 G	0.26670	0.52263	0.21068
12 G	0.25469	0.53592	0.2094
13 G	0.24418	0.55199	0.20383
14 A	0.24418	0.55200	0.20383
15 T	0.24418	0.58326	0.17256
16 A	0.24405	0.58339	0.17256
17 A	0.24395	0.58352	0.17253
18 A	0.24395	0.58357	0.17248
19 A	0.24392	0.58362	0.17246
20 T	0.24381	0.58400	0.17219
21 C	0.24347	0.58432	0.17222
22 A	0.24389	0.58432	0.1718
23 A	0.24543	0.58297	0.1716
24 A	0.24948	0.57898	0.17154
25 A	0.25809	0.56941	0.1725
26 A	0.27227	0.55430	0.17343
27 T	0.45045	0.35712	0.19243
28 T	0.57945	0.21456	0.20599
29 T	0.60690	0.18139	0.21171
30 T	0.62995	0.11695	0.25311
31 T	0.63520	0.10925	0.25555
32 T	0.63979	0.09323	0.26698
33 A	0.67193	0.05984	0.26822
34 T	0.67689	0.05292	0.2702
35 T	0.68119	0.03975	0.27906
36 T	0.68514	0.02839	0.28647
37 C	0.68609	0.02726	0.28665
38 T	0.70776	0.00558	0.28666
39 T	0.70746	0.00593	0.28661
40 T	0.70697	0.00637	0.28666
41 T	0.70683	0.00655	0.28662
42 C	0.70671	0.00671	0.28657
43 G	0.70682	0.00654	0.28664
44 G	0.70687	0.00651	0.28662
45 T	0.70752	0.00596	0.28651
46 T	0.70778	0.00587	0.28635
47 A	0.70756	0.00617	0.28626
48 T	0.70759	0.00620	0.2862
49 T	0.70766	0.00667	0.28567
50 T	0.70763	0.00687	0.28549
51 T	0.70765	0.00696	0.28539
52 T	0.70765	0.00714	0.28521
53 T	0.70753	0.00744	0.28503
54 A	0.70693	0.00853	0.28455
55 T	0.70671	0.00895	0.28434
56 T	0.70590	0.01008	0.28403
57 G	0.70472	0.01168	0.28361
58 T	0.70394	0.01294	0.28312
59 T	0.70343	0.01376	0.28282
60 A	0.70251	0.01463	0.28286
61 T	0.70191	0.01500	0.28309
62 T	0.70152	0.01498	0.2835
63 T	0.69917	0.01690	0.28394
64 C	0.69677	0.01923	0.284
65 T	0.69504	0.02197	0.28299
66 T	0.68665	0.03279	0.28056
67 A	0.68151	0.03823	0.28026
68 T	0.67687	0.04301	0.28012
69 T	0.67221	0.04802	0.27978
70 G	0.66872	0.05150	0.27978
71 C	0.66657	0.05385	0.27957
72 T	0.66611	0.05691	0.27698
73 T	0.66517	0.05901	0.27582
74 G	0.66352	0.06156	0.27492
75 T	0.66189	0.06461	0.27351
76 A	0.66088	0.06665	0.27247
77 T	0.66107	0.06614	0.27278
78 A	0.66084	0.06629	0.27287
79 T	0.66132	0.06546	0.27322
80 T	0.66165	0.06491	0.27344
81 T	0.66155	0.06560	0.27285
82 A	0.66028	0.07064	0.26908
83 A	0.65941	0.07464	0.26595
84 T	0.65878	0.07826	0.26296
85 A	0.65186	0.09397	0.25417
86 T	0.64998	0.09695	0.25307
87 A	0.64317	0.10719	0.24964
88 A	0.63987	0.10879	0.25134
89 T	0.64067	0.09733	0.262
90 G	0.63810	0.09535	0.26655
91 G	0.63533	0.09322	0.27145
92 C	0.63433	0.09098	0.2747
93 T	0.63373	0.09304	0.27323
94 A	0.63132	0.09485	0.27383
95 T	0.63308	0.09333	0.2736
96 T	0.63071	0.09667	0.27261
97 T	0.62534	0.10430	0.27037
98 C	0.60829	0.12092	0.27079
99 T	0.58721	0.15102	0.26176
100 A	0.53236	0.23173	0.23591
101 A	0.42663	0.35957	0.2138
102 C	0.38548	0.41077	0.20376
103 A	0.35768	0.47855	0.16377
104 A	0.34625	0.49337	0.16037
105 A	0.34383	0.49628	0.15988
106 A	0.34387	0.49641	0.15972
107 A	0.34579	0.49412	0.16009
108 C	0.34967	0.48235	0.16798
109 A	0.35149	0.47928	0.16923
110 A	0.35506	0.47008	0.17486
111 T	0.35414	0.46812	0.17774
112 T	0.35105	0.47107	0.17788
113 T	0.34205	0.47961	0.17834
114 A	0.31978	0.50124	0.17898
115 A	0.31307	0.50691	0.18001
116 A	0.30699	0.51156	0.18144
117 A	0.30355	0.51463	0.18183
118 G	0.30175	0.51262	0.18563
119 G	0.30159	0.51168	0.18673
120 A	0.30111	0.50641	0.19248
121 A	0.30179	0.48623	0.21198
122 A	0.31202	0.45105	0.23692
123 A	0.34425	0.36017	0.29558
124 C	0.36959	0.21804	0.41237
125 C	0.38109	0.17473	0.44418
126 T	0.41140	0.13359	0.45501
127 T	0.41441	0.13286	0.45273
128 T	0.41537	0.13755	0.44708
129 T	0.41585	0.14295	0.44119
130 A	0.41506	0.15152	0.43342
131 T	0.41444	0.15211	0.43346
132 A	0.41147	0.18367	0.40486
133 T	0.40576	0.19299	0.40125
134 T	0.37686	0.22283	0.40031
135 A	0.29517	0.31198	0.39285
136 A	0.25888	0.35573	0.38539
137 C	0.24427	0.36983	0.3859
138 A	0.22347	0.47228	0.30426
139 G	0.21559	0.50202	0.28238
140 A	0.20996	0.53912	0.25092
141 A	0.18590	0.56829	0.24581
142 G	0.18384	0.57552	0.24064
143 A	0.18081	0.59710	0.2221
144 A	0.17797	0.60711	0.21492
145 C	0.17683	0.61840	0.20477
146 G	0.17613	0.62430	0.19958
147 A	0.17543	0.62761	0.19696
148 T	0.17944	0.62500	0.19557
149 T	0.18134	0.62401	0.19465
150 C	0.17856	0.62778	0.19366
151 G	0.17625	0.63498	0.18877
152 A	0.17471	0.64432	0.18097
153 A	0.17332	0.65202	0.17465
154 A	0.17425	0.65169	0.17406
155 A	0.19512	0.62895	0.17592
156 A	0.20288	0.60862	0.1885
157 G	0.21078	0.56268	0.22654
158 C	0.22703	0.46297	0.31
159 T	0.24862	0.41451	0.33687
160 A	0.27019	0.38831	0.3415
161 A	0.33794	0.31236	0.3497
162 A	0.36106	0.28425	0.35468
163 G	0.38564	0.25107	0.36329
164 C	0.39476	0.20807	0.39718
165 A	0.40454	0.19475	0.40072
166 A	0.43415	0.16436	0.40149
167 A	0.44939	0.15020	0.40041
168 T	0.46546	0.13191	0.40263
169 T	0.46630	0.13118	0.40253
170 T	0.45570	0.14140	0.40291
171 T	0.42413	0.20193	0.37394
172 G	0.32003	0.38430	0.29567
173 A	0.26653	0.50781	0.22567
174 A	0.24643	0.53200	0.22157
175 A	0.23891	0.53709	0.22401
176 A	0.24132	0.52803	0.23065
177 T	0.24075	0.52434	0.23491
178 C	0.22898	0.53892	0.23211
179 G	0.21834	0.57211	0.20956
180 T	0.20796	0.59125	0.20079
181 A	0.19186	0.60849	0.19965
182 A	0.18843	0.61180	0.19977
183 T	0.18652	0.61280	0.20068
184 C	0.18378	0.61009	0.20613
185 C	0.18083	0.61405	0.20512
186 T	0.17751	0.62323	0.19926
187 A	0.16956	0.63893	0.1915
188 A	0.16600	0.64560	0.1884
189 A	0.16172	0.65128	0.187
190 A	0.16105	0.65213	0.18682
191 A	0.16229	0.64664	0.19106
192 A	0.17001	0.62729	0.20269
193 A	0.18680	0.59206	0.22114
194 A	0.21799	0.52393	0.25807
195 G	0.28895	0.35527	0.35578
196 G	0.35284	0.25063	0.39653
197 T	0.36333	0.23257	0.40409
198 T	0.36463	0.23934	0.39604
199 A	0.35928	0.26136	0.37936
200 A	0.35710	0.27050	0.3724
201 A	0.35796	0.26091	0.38114
202 A	0.37480	0.23156	0.39364
203 T	0.38500	0.20671	0.40828
204 T	0.38710	0.18801	0.42489
205 A	0.38681	0.18275	0.43045
206 C	0.38892	0.17310	0.43798
207 T	0.39248	0.16583	0.44168
208 T	0.39371	0.16184	0.44445
209 T	0.39723	0.15788	0.44488
210 T	0.40130	0.14890	0.4498
211 T	0.39967	0.14867	0.45165
212 G	0.39321	0.14921	0.45759
213 G	0.38656	0.15318	0.46027
214 C	0.38322	0.15729	0.4595
215 A	0.38211	0.16557	0.45232
216 T	0.38498	0.16871	0.44631
217 A	0.38890	0.17367	0.43744
218 A	0.39987	0.16971	0.43042
219 T	0.41899	0.15495	0.42606
220 T	0.43038	0.14331	0.42631
221 T	0.43826	0.13804	0.4237
222 A	0.43418	0.14243	0.42338
223 T	0.43596	0.13997	0.42407
224 A	0.42417	0.15265	0.42318
225 T	0.41353	0.16564	0.42082
226 G	0.38270	0.20908	0.40822
227 A	0.35380	0.26542	0.38078
228 T	0.33258	0.31742	0.35
229 A	0.26846	0.44233	0.28921
230 A	0.21628	0.53996	0.24377
231 A	0.17841	0.61378	0.20781
232 G	0.16371	0.62930	0.207
233 A	0.15672	0.63468	0.2086
234 A	0.15366	0.63413	0.21222
235 G	0.15387	0.62698	0.21915
236 C	0.15619	0.61812	0.22569
237 C	0.15898	0.61287	0.22815
238 A	0.16441	0.60762	0.22798
239 C	0.17010	0.60238	0.22752
240 A	0.17776	0.59810	0.22414
241 G	0.18469	0.59461	0.22069
242 T	0.19143	0.59200	0.21657
243 A	0.19540	0.59091	0.21369
244 T	0.20314	0.58403	0.21284
245 T	0.20816	0.56904	0.2228
246 A	0.20898	0.56425	0.22678
247 A	0.21069	0.54866	0.24065
248 A	0.21666	0.53310	0.25024
249 A	0.23036	0.49316	0.27648
250 A	0.25854	0.44130	0.30015
251 A	0.29293	0.39231	0.31476
252 A	0.35104	0.28733	0.36163
253 A	0.39358	0.21444	0.39198
254 T	0.42728	0.16653	0.40619
255 T	0.42789	0.17649	0.39562
256 A	0.42001	0.23660	0.34339
257 T	0.41497	0.26384	0.32119
258 T	0.40641	0.29777	0.29582
259 A	0.39550	0.33478	0.26971
260 A	0.38957	0.34107	0.26935
261 A	0.38914	0.34212	0.26874
262 G	0.38957	0.34306	0.26736
263 A	0.39252	0.34201	0.26547
264 C	0.39346	0.34029	0.26625
265 T	0.39541	0.33872	0.26587
266 T	0.39623	0.33858	0.26518
267 T	0.39509	0.34114	0.26377
268 C	0.38859	0.35118	0.26024
269 A	0.38221	0.36422	0.25356
270 A	0.37748	0.37433	0.24819
271 G	0.36756	0.38770	0.24474
272 A	0.36403	0.39355	0.24241
273 A	0.37168	0.38700	0.24133
274 A	0.38257	0.37475	0.24268
275 A	0.39767	0.35752	0.2448
276 A	0.42788	0.32449	0.24763
277 T	0.46615	0.28160	0.25225
278 A	0.49393	0.24733	0.25873
279 T	0.54776	0.18056	0.27168
280 C	0.56244	0.15648	0.28108
281 C	0.57905	0.13426	0.28669
282 T	0.59303	0.11794	0.28903
283 G	0.59149	0.11945	0.28906
284 G	0.59216	0.11842	0.28942
285 T	0.59297	0.11751	0.28952
286 A	0.58874	0.12089	0.29038
287 T	0.58153	0.12116	0.29731
288 C	0.56851	0.12687	0.30462
289 G	0.56419	0.13045	0.30536
290 A	0.56347	0.12982	0.30671
291 G	0.56656	0.12190	0.31154
292 G	0.57258	0.11332	0.3141
293 T	0.58008	0.10429	0.31563
294 T	0.58399	0.08889	0.32713
295 T	0.58508	0.07983	0.33509
296 T	0.58386	0.07964	0.3365
297 A	0.57989	0.08432	0.33579
298 G	0.57775	0.08854	0.33371
299 C	0.57718	0.09348	0.32934
300 A	0.57692	0.10777	0.31531
301 G	0.57685	0.12312	0.30003
302 A	0.57694	0.14235	0.28071
303 T	0.57724	0.16041	0.26235
304 A	0.57690	0.17608	0.24703
305 A	0.57648	0.18097	0.24255
306 T	0.57782	0.17941	0.24277
307 A	0.57745	0.18001	0.24253
308 A	0.57749	0.17789	0.24462
309 A	0.57782	0.17010	0.25208
310 G	0.57811	0.16020	0.26169
311 G	0.57887	0.14939	0.27173
312 T	0.58213	0.14660	0.27127
313 A	0.58351	0.15607	0.26042
314 A	0.58522	0.15772	0.25706
315 T	0.58778	0.15796	0.25426
316 T	0.58944	0.15806	0.2525
317 G	0.58960	0.15716	0.25324
318 G	0.58986	0.15587	0.25428
319 G	0.59114	0.15305	0.25581
320 G	0.59370	0.14768	0.25862
321 C	0.59870	0.14121	0.26008
322 C	0.60657	0.13406	0.25938
323 A	0.62096	0.12320	0.25584
324 A	0.63728	0.11160	0.25112
325 A	0.65692	0.09601	0.24707
326 T	0.67671	0.07707	0.24622
327 T	0.69057	0.06336	0.24607
328 T	0.69452	0.05878	0.2467
329 T	0.69595	0.05774	0.24631
330 T	0.69451	0.05882	0.24667
331 A	0.69243	0.06098	0.24659
332 A	0.69233	0.06096	0.24671
333 A	0.69322	0.05992	0.24686
334 C	0.69617	0.05658	0.24724
335 A	0.70158	0.05140	0.24702
336 T	0.71484	0.03820	0.24695
337 G	0.71849	0.03457	0.24695
338 T	0.72201	0.03106	0.24693
339 T	0.72379	0.02936	0.24685
340 T	0.72393	0.02891	0.24716
341 C	0.72334	0.02924	0.24742
342 T	0.72316	0.02999	0.24685
343 A	0.72234	0.03100	0.24666
344 A	0.72189	0.03155	0.24656
345 C	0.72310	0.03040	0.24649
346 G	0.72642	0.02771	0.24586
347 C	0.73145	0.02309	0.24546
348 T	0.73561	0.02061	0.24378
349 T	0.73631	0.02058	0.2431
350 T	0.73553	0.02194	0.24253
351 A	0.73055	0.02719	0.24226
352 A	0.72856	0.02926	0.24218
353 C	0.72646	0.02841	0.24513
354 T	0.72438	0.02920	0.24642
355 G	0.72006	0.03389	0.24605
356 T	0.71854	0.03679	0.24467
357 G	0.71556	0.04367	0.24077
358 G	0.71370	0.04827	0.23802
359 A	0.71293	0.05062	0.23644
360 T	0.71278	0.05080	0.23643
361 A	0.71258	0.05107	0.23634
362 A	0.71264	0.05098	0.23638
363 A	0.71292	0.05030	0.23678
364 C	0.71308	0.04924	0.23768
365 A	0.71365	0.04834	0.238
366 A	0.71404	0.04721	0.23875
367 C	0.71439	0.04623	0.23939
368 C	0.71486	0.04564	0.2395
369 T	0.71564	0.04486	0.2395
370 A	0.71603	0.04447	0.2395
371 A	0.71737	0.04301	0.23962
372 T	0.71819	0.04196	0.23984
373 T	0.71878	0.04013	0.24109
374 T	0.71911	0.03392	0.24698
375 A	0.71927	0.03066	0.25006
376 G	0.71990	0.02660	0.2535
377 T	0.72144	0.02203	0.25653
378 T	0.72276	0.01730	0.25994
379 G	0.72404	0.01496	0.26099
380 T	0.72775	0.01018	0.26207
381 T	0.72935	0.00803	0.26263
382 T	0.72971	0.00750	0.26279
383 C	0.72952	0.00821	0.26226
384 T	0.72952	0.00833	0.26215
385 T	0.72893	0.00890	0.26217
386 A	0.72794	0.00990	0.26216
387 T	0.72758	0.01026	0.26216
388 C	0.72661	0.01130	0.26209
389 C	0.72611	0.01194	0.26195
390 G	0.72539	0.01276	0.26184
391 G	0.72480	0.01357	0.26163
392 A	0.72368	0.01508	0.26123
393 T	0.72330	0.01558	0.26112
394 C	0.72303	0.01604	0.26093
395 A	0.72283	0.01651	0.26065
396 T	0.72283	0.01662	0.26054
397 G	0.72241	0.01729	0.26031
398 T	0.72245	0.01713	0.26041
399 A	0.72148	0.01817	0.26035
400 G	0.72056	0.01894	0.26051
401 G	0.72032	0.01911	0.26057
402 C	0.72019	0.01960	0.26021
403 T	0.72052	0.02109	0.25838
404 T	0.72017	0.02502	0.25481
405 T	0.71931	0.02733	0.25336
406 T	0.71768	0.03046	0.25186
407 A	0.71527	0.03403	0.2507
408 T	0.71413	0.03496	0.25092
409 C	0.71269	0.03643	0.25088
410 A	0.71059	0.04057	0.24885
411 T	0.70936	0.04252	0.24813
412 A	0.70662	0.04527	0.24811
413 A	0.70076	0.05099	0.24825
414 A	0.68935	0.06238	0.24827
415 T	0.68001	0.07083	0.24916
416 C	0.66922	0.08154	0.24924
417 T	0.66057	0.09289	0.24654
418 A	0.64286	0.11325	0.2439
419 A	0.63301	0.12396	0.24303
420 T	0.62765	0.12966	0.24269
421 A	0.62041	0.13726	0.24233
422 A	0.61731	0.13952	0.24318
423 A	0.61579	0.13950	0.24471
424 G	0.61573	0.13801	0.24626
425 T	0.61659	0.13558	0.24783
426 A	0.61797	0.13314	0.24888
427 C	0.62127	0.12783	0.2509
428 T	0.62312	0.12463	0.25225
429 T	0.62455	0.12149	0.25396
430 C	0.62468	0.11938	0.25594
431 C	0.62476	0.11902	0.25622
432 T	0.62478	0.11970	0.25552
433 T	0.62294	0.12149	0.25557
434 T	0.62007	0.12440	0.25553
435 A	0.61194	0.13277	0.25528
436 G	0.61032	0.13013	0.25954
437 A	0.61004	0.11883	0.27113
438 T	0.61101	0.10525	0.28374
439 A	0.61136	0.09695	0.29169
440 T	0.61450	0.08535	0.30014
441 T	0.61495	0.07204	0.31301
442 T	0.61316	0.06827	0.31856
443 T	0.60954	0.07029	0.32018
444 T	0.60523	0.07327	0.3215
445 A	0.59583	0.08632	0.31786
446 T	0.58627	0.10148	0.31226
447 A	0.55197	0.15192	0.29611
448 A	0.51646	0.20852	0.27503
449 A	0.44942	0.28785	0.26273
450 A	0.40177	0.35426	0.24397
451 A	0.35665	0.41923	0.22413
452 A	0.33834	0.44358	0.21808
453 A	0.32832	0.45461	0.21707
454 G	0.32394	0.45725	0.21881
455 A	0.32282	0.45633	0.22085
456 T	0.32283	0.45204	0.22513
457 G	0.32066	0.45085	0.22849
458 C	0.31984	0.44580	0.23436
459 A	0.31870	0.44713	0.23416
460 G	0.32049	0.44592	0.23358
461 A	0.32237	0.44627	0.23137
462 T	0.33033	0.43781	0.23186
463 T	0.33168	0.43615	0.23217
464 T	0.33099	0.43316	0.23586
465 T	0.32604	0.43330	0.24067
466 C	0.30266	0.45120	0.24614
467 A	0.29419	0.45810	0.2477
468 A	0.28866	0.45699	0.25436
469 A	0.29080	0.44634	0.26287
470 A	0.30535	0.40469	0.28995
471 T	0.32744	0.35286	0.3197
472 G	0.33774	0.27192	0.39034
473 A	0.35638	0.20796	0.43566
474 T	0.37670	0.14264	0.48067
475 T	0.38147	0.12210	0.49642
476 T	0.37990	0.11786	0.50224
477 T	0.37176	0.12564	0.5026
478 T	0.36406	0.13441	0.50153
479 T	0.35534	0.14612	0.49855
480 A	0.34434	0.15977	0.4959
481 A	0.33794	0.16915	0.49291
482 A	0.33588	0.17019	0.49393
483 A	0.33630	0.16953	0.49418
484 T	0.33821	0.16430	0.49748
485 G	0.33429	0.16645	0.49926
486 T	0.33350	0.16776	0.49874
487 T	0.33187	0.17049	0.49764
488 A	0.32815	0.17638	0.49547
489 T	0.32699	0.16139	0.51162
490 T	0.32389	0.16547	0.51064
491 T	0.31709	0.18217	0.50074
492 T	0.30453	0.21318	0.48228
493 G	0.26880	0.28162	0.44959
494 A	0.24049	0.34289	0.41662
495 A	0.22702	0.38397	0.389
496 A	0.21661	0.42686	0.35653
497 A	0.21016	0.43978	0.35006
498 G	0.21022	0.43728	0.3525
499 A	0.21284	0.43156	0.3556
500 T	0.21596	0.41833	0.36571
501 C	0.21056	0.42644	0.363
502 C	0.20445	0.46673	0.32882
503 A	0.19989	0.54509	0.25502
504 A	0.19683	0.57766	0.2255
505 A	0.19111	0.61060	0.19829
506 T	0.18903	0.62275	0.18821
507 A	0.18229	0.63747	0.18023
508 G	0.17563	0.65124	0.17313
509 A	0.17488	0.66087	0.16425
510 A	0.17545	0.65991	0.16464
511 G	0.17797	0.65180	0.17023
512 A	0.18109	0.65155	0.16736
513 T	0.18798	0.64339	0.16864
514 A	0.19572	0.64464	0.15963
515 A	0.20599	0.63149	0.16251
516 A	0.22132	0.59299	0.18569
517 G	0.23843	0.55557	0.206
518 A	0.25580	0.53028	0.21392
519 A	0.28247	0.49678	0.22075
520 G	0.29320	0.47941	0.22738
521 A	0.30211	0.46801	0.22989
522 A	0.32336	0.44410	0.23254
523 A	0.36548	0.39721	0.23731
524 A	0.41348	0.33905	0.24748
525 T	0.48221	0.25757	0.26022
526 T	0.53952	0.19305	0.26743
527 A	0.55702	0.17152	0.27147
528 T	0.58121	0.14112	0.27767
529 T	0.58955	0.13194	0.2785
530 A	0.59468	0.13520	0.27011
531 T	0.60780	0.12004	0.27216
532 T	0.61729	0.10825	0.27445
533 T	0.61624	0.10888	0.27488
534 A	0.57335	0.15428	0.27237
535 C	0.56151	0.16606	0.27243
536 C	0.55277	0.17766	0.26957
537 T	0.55446	0.18698	0.25856
538 T	0.54148	0.20900	0.24952
539 T	0.52323	0.24265	0.23412
540 T	0.49865	0.28046	0.22089
541 T	0.46244	0.32543	0.21213
542 T	0.40658	0.38898	0.20445
543 A	0.29069	0.51113	0.19818
544 A	0.21845	0.58423	0.19732
545 A	0.17130	0.63172	0.19698
546 A	0.14034	0.66301	0.19665
547 A	0.12320	0.68014	0.19666
548 C	0.11604	0.68717	0.19679
549 A	0.10955	0.69384	0.19661
550 A	0.10658	0.69692	0.1965
551 C	0.10552	0.69800	0.19648
552 A	0.10616	0.69834	0.19551
553 G	0.11602	0.68965	0.19433
554 A	0.12142	0.68396	0.19462
555 A	0.12436	0.67934	0.1963
556 A	0.12954	0.67030	0.20016
557 T	0.13918	0.61046	0.25035
558 T	0.14442	0.58398	0.27161
559 A	0.14882	0.56096	0.29023
560 T	0.16166	0.52278	0.31556
561 G	0.16889	0.47149	0.35962
562 T	0.18476	0.41480	0.40044
563 T	0.19597	0.35816	0.44586
564 T	0.20024	0.31982	0.47995
565 T	0.19556	0.28987	0.51457
566 A	0.18316	0.25458	0.56226
567 T	0.17731	0.22435	0.59834
568 A	0.16809	0.22258	0.60932
569 A	0.16411	0.22333	0.61256
570 T	0.16200	0.23242	0.60557
571 A	0.15818	0.29294	0.54887
572 A	0.15605	0.32354	0.52041
573 A	0.15328	0.35261	0.49411
574 G	0.14821	0.38525	0.46654
575 A	0.14519	0.47397	0.38084
576 T	0.14556	0.51782	0.33662
577 T	0.14543	0.56093	0.29365
578 T	0.14364	0.59417	0.26218
579 A	0.14025	0.62337	0.23638
580 T	0.13832	0.64240	0.21928
581 T	0.13506	0.66118	0.20376
582 A	0.12665	0.68271	0.19063
583 A	0.12116	0.69849	0.18035
584 A	0.11882	0.71053	0.17065
585 A	0.11646	0.71938	0.16416
586 A	0.11673	0.71972	0.16355
587 A	0.12020	0.71380	0.166
588 A	0.12596	0.69868	0.17537
589 G	0.14595	0.66093	0.19313
590 C	0.16278	0.63597	0.20125
591 C	0.18356	0.61034	0.2061
592 A	0.19959	0.60399	0.19642
593 G	0.21345	0.60102	0.18553
594 A	0.26867	0.55168	0.17966
595 G	0.29851	0.52142	0.18007
596 A	0.33246	0.48527	0.18227
597 A	0.37427	0.43683	0.18889
598 T	0.48273	0.32240	0.19487
599 C	0.53544	0.26582	0.19873
600 T	0.58098	0.21913	0.19989
601 T	0.59326	0.20604	0.20071
602 G	0.58213	0.21848	0.1994
603 T	0.57650	0.22586	0.19764
604 C	0.55045	0.25190	0.19765
605 A	0.49168	0.31282	0.1955
606 G	0.43495	0.37171	0.19334
607 A	0.42178	0.38795	0.19027
608 A	0.40540	0.40728	0.18731
609 T	0.38078	0.43405	0.18516
610 A	0.31339	0.50330	0.18331
611 A	0.28277	0.53203	0.18521
612 G	0.27150	0.53976	0.18874
613 G	0.26649	0.54393	0.18959
614 A	0.26590	0.54436	0.18973
615 A	0.27715	0.52982	0.19303
616 T	0.29039	0.50515	0.20446
617 T	0.29432	0.49729	0.20839
618 A	0.29145	0.49425	0.2143
619 G	0.29059	0.49299	0.21642
620 A	0.28941	0.49210	0.21848
621 T	0.28925	0.48536	0.22539
622 C	0.28772	0.47827	0.23401
623 A	0.28556	0.48206	0.23238
624 A	0.28439	0.48288	0.23273
625 T	0.28955	0.46476	0.24569
626 T	0.28795	0.45995	0.2521
627 A	0.27200	0.46305	0.26496
628 A	0.26546	0.40571	0.32882
629 T	0.26563	0.34596	0.38841
630 A	0.25200	0.37042	0.37758
631 A	0.23719	0.41783	0.34497
632 A	0.22846	0.46654	0.305
633 T	0.22958	0.42043	0.35
634 G	0.20915	0.43623	0.35461
635 A	0.19508	0.45596	0.34896
636 T	0.18790	0.46862	0.34347
637 C	0.16569	0.50270	0.3316
638 A	0.15104	0.54403	0.30493
639 A	0.14582	0.55971	0.29448
640 G	0.14496	0.56208	0.29296
641 G	0.14329	0.56791	0.28881
642 T	0.14403	0.58849	0.26748
643 A	0.14419	0.60743	0.24838
644 A	0.14202	0.62134	0.23664
645 A	0.14179	0.62712	0.2311
646 A	0.14467	0.62687	0.22846
647 T	0.14893	0.62656	0.22451
648 A	0.14316	0.63959	0.21725
649 A	0.14156	0.64211	0.21634
650 A	0.14665	0.63001	0.22334
651 A	0.15264	0.61797	0.2294
652 A	0.15976	0.61129	0.22895
653 A	0.19420	0.56751	0.2383
654 A	0.24725	0.50146	0.25129
655 G	0.30868	0.42387	0.26744
656 A	0.33099	0.39895	0.27006
657 T	0.37135	0.33524	0.2934
658 T	0.39321	0.30081	0.30599
659 T	0.39974	0.28342	0.31684
660 A	0.40022	0.26439	0.33539
661 C	0.40530	0.24352	0.35118
662 T	0.40848	0.23786	0.35366
663 G	0.39905	0.24915	0.3518
664 A	0.39818	0.25278	0.34904
665 C	0.38174	0.27010	0.34815
666 A	0.36361	0.29455	0.34184
667 T	0.36487	0.29371	0.34142
668 G	0.35279	0.30662	0.34059
669 G	0.34475	0.31840	0.33684
670 G	0.34644	0.32228	0.33128
671 A	0.34998	0.32365	0.32637
672 G	0.34915	0.33054	0.32031
673 G	0.35328	0.34592	0.3008
674 A	0.35685	0.37613	0.26702
675 A	0.35630	0.39031	0.25339
676 A	0.35870	0.39415	0.24714
677 T	0.36328	0.39453	0.24218
678 G	0.35647	0.40160	0.24193
679 G	0.35201	0.40705	0.24094
680 A	0.34575	0.41945	0.2348
681 T	0.34295	0.42821	0.22885
682 C	0.33805	0.43449	0.22746
683 A	0.33518	0.44639	0.21844
684 A	0.33417	0.44904	0.21679
685 A	0.33543	0.44252	0.22206
686 T	0.34026	0.42555	0.23419
687 A	0.34344	0.41647	0.24009
688 T	0.34786	0.36505	0.2871
689 C	0.35169	0.32145	0.32687
690 T	0.35465	0.30750	0.33784
691 G	0.35365	0.29977	0.34658
692 C	0.35641	0.29505	0.34854
693 A	0.35963	0.31071	0.32966
694 A	0.37066	0.31702	0.31232
695 A	0.37716	0.32764	0.29521
696 A	0.39868	0.31884	0.28249
697 T	0.43310	0.32015	0.24675
698 T	0.44022	0.33198	0.22779
699 A	0.43599	0.34620	0.21781
700 A	0.43618	0.35243	0.21139
701 A	0.43708	0.34679	0.21613
702 A	0.44071	0.33663	0.22265
703 G	0.45183	0.31601	0.23216
704 T	0.46752	0.29551	0.23698
705 T	0.47376	0.28931	0.23692
706 T	0.48096	0.28922	0.22982
707 T	0.48207	0.30197	0.21596
708 A	0.47986	0.30898	0.21115
709 A	0.47864	0.31201	0.20934
710 A	0.47771	0.31422	0.20807
711 T	0.47639	0.31590	0.2077
712 C	0.46307	0.32987	0.20706
713 A	0.45310	0.34363	0.20327
714 A	0.44540	0.35388	0.20072
715 A	0.44330	0.35687	0.19984
716 A	0.45839	0.34037	0.20123
717 A	0.47823	0.32010	0.20167
718 G	0.50731	0.28251	0.21018
719 A	0.53264	0.25350	0.21386
720 T	0.58127	0.20030	0.21843
721 T	0.60692	0.16815	0.22494
722 T	0.61742	0.15274	0.22984
723 T	0.62106	0.14670	0.23223
724 A	0.61880	0.14825	0.23294
725 T	0.61808	0.14703	0.23488
726 A	0.61125	0.15245	0.23631
727 C	0.61217	0.14977	0.23806
728 C	0.61549	0.14598	0.23853
729 C	0.62334	0.13976	0.2369
730 A	0.63332	0.13992	0.22676
731 T	0.63896	0.13848	0.22256
732 A	0.63539	0.14641	0.2182
733 G	0.63806	0.14444	0.2175
734 T	0.64122	0.14280	0.21598
735 T	0.64299	0.12694	0.23007
736 G	0.64200	0.11756	0.24044
737 T	0.64377	0.10750	0.24873
738 T	0.64260	0.10671	0.25069
739 G	0.63791	0.11254	0.24955
740 A	0.63753	0.12006	0.24241
741 T	0.63783	0.12301	0.23916
742 A	0.63696	0.12634	0.23669
743 G	0.63725	0.12637	0.23638
744 T	0.63922	0.12556	0.23522
745 G	0.63987	0.12449	0.23564
746 A	0.64063	0.12252	0.23685
747 A	0.64174	0.11800	0.24026
748 A	0.64285	0.11267	0.24448
749 C	0.64536	0.10221	0.25244
750 T	0.64919	0.09734	0.25347
751 A	0.65014	0.09623	0.25363
752 A	0.65252	0.09293	0.25455
753 T	0.66163	0.08208	0.25629
754 T	0.66550	0.07896	0.25554
755 T	0.66768	0.07268	0.25964
756 A	0.66568	0.07628	0.25804
757 T	0.66960	0.07403	0.25636
758 T	0.65157	0.09124	0.25718
759 T	0.60389	0.13748	0.25863
760 A	0.54741	0.19775	0.25485
761 T	0.52575	0.22417	0.25008
762 C	0.50453	0.25511	0.24035
763 A	0.49525	0.27024	0.23451
764 T	0.48622	0.28325	0.23053
765 T	0.47169	0.30259	0.22572
766 T	0.44172	0.33426	0.22402
767 C	0.39892	0.37825	0.22283
768 T	0.36768	0.41193	0.22039
769 A	0.24611	0.53927	0.21461
770 C	0.21721	0.57053	0.21227
771 G	0.20569	0.58354	0.21077
772 A	0.19903	0.59163	0.20934
773 A	0.19639	0.59530	0.20831
774 A	0.19560	0.59679	0.20761
775 C	0.19594	0.59661	0.20745
776 A	0.19595	0.59801	0.20604
777 A	0.19594	0.59782	0.20624
778 A	0.19695	0.59555	0.20749
779 A	0.19945	0.59005	0.2105
780 A	0.20228	0.58411	0.21361
781 G	0.20381	0.55063	0.24556
782 G	0.20569	0.49587	0.29844
783 A	0.20968	0.44756	0.34276
784 A	0.21579	0.43598	0.34822
785 T	0.22817	0.43664	0.33519
786 A	0.22685	0.48902	0.28412
787 A	0.22852	0.51843	0.25305
788 A	0.23270	0.49870	0.26859
789 T	0.23570	0.45096	0.31334
790 T	0.23633	0.41671	0.34696
791 A	0.23630	0.38979	0.37391
792 C	0.23957	0.27393	0.4865
793 C	0.23806	0.25810	0.50385
794 C	0.23430	0.26946	0.49624
795 C	0.21473	0.33611	0.44916
796 A	0.19179	0.47594	0.33227
797 T	0.16912	0.53872	0.29216
798 A	0.14005	0.61891	0.24104
799 A	0.12525	0.65985	0.21489
800 C	0.11724	0.67555	0.2072
801 A	0.11282	0.71234	0.17484
802 A	0.11068	0.71991	0.16941
803 A	0.10923	0.72418	0.16659
804 A	0.10971	0.72544	0.16484
805 G	0.11746	0.71831	0.16423
806 A	0.13348	0.70076	0.16576
807 A	0.15397	0.67760	0.16843
808 A	0.17739	0.65085	0.17176
809 G	0.22405	0.59522	0.18073
810 C	0.26536	0.55044	0.1842
811 A	0.27187	0.54362	0.18451
812 C	0.27506	0.53968	0.18527
813 T	0.28419	0.53085	0.18496
814 A	0.28584	0.52943	0.18472
815 A	0.28437	0.53183	0.1838
816 A	0.28033	0.53400	0.18566
817 G	0.29269	0.51800	0.18931
818 A	0.33330	0.45359	0.21311
819 A	0.48735	0.27200	0.24065
820 T	0.54127	0.18905	0.26968
821 T	0.60163	0.10695	0.29143
822 T	0.61365	0.09669	0.28966
823 T	0.61224	0.13329	0.25446
824 T	0.59964	0.15645	0.2439
825 A	0.38878	0.37510	0.23612
826 A	0.33329	0.43259	0.23412
827 A	0.26636	0.50838	0.22525
828 C	0.22052	0.55381	0.22568
829 A	0.18833	0.58595	0.22572
830 A	0.15161	0.62250	0.22589
831 A	0.13975	0.63398	0.22627
832 C	0.13057	0.64275	0.22668
833 C	0.11839	0.65682	0.22478
834 T	0.11244	0.66867	0.21889
835 G	0.10098	0.69159	0.20743
836 A	0.09727	0.70015	0.20258
837 A	0.09660	0.70218	0.20121
838 G	0.09684	0.69728	0.20588
839 T	0.09836	0.68408	0.21756
840 T	0.09876	0.68072	0.22052
841 A	0.09869	0.67880	0.22251
842 C	0.10111	0.67416	0.22473
843 A	0.10440	0.67069	0.22492
844 G	0.10905	0.66483	0.22612
845 A	0.12174	0.64941	0.22886
846 A	0.15938	0.60360	0.23703
847 T	0.17381	0.57213	0.25406
848 T	0.18040	0.34286	0.47674
849 A	0.18222	0.29805	0.51973
850 T	0.18998	0.22510	0.58491
851 T	0.18796	0.19700	0.61504
852 A	0.17766	0.20528	0.61706
853 A	0.17116	0.19976	0.62909
854 A	0.16897	0.20141	0.62962
855 A	0.16873	0.19780	0.63348
856 G	0.17237	0.18432	0.6433
857 A	0.17994	0.18602	0.63405
858 T	0.19196	0.17382	0.63422
859 T	0.19543	0.21287	0.59171
860 T	0.19572	0.29143	0.51285
861 T	0.19354	0.34761	0.45885
862 A	0.16135	0.61323	0.22542
863 A	0.14682	0.63847	0.21471
864 A	0.13795	0.65121	0.21084
865 G	0.12888	0.66128	0.20984
866 A	0.12583	0.66550	0.20868
867 C	0.12606	0.66658	0.20736
868 A	0.12694	0.66947	0.20359
869 A	0.12864	0.66939	0.20197
870 A	0.13162	0.66695	0.20143
871 T	0.13934	0.65913	0.20152
872 A	0.14324	0.65511	0.20164
873 T	0.14941	0.64624	0.20434
874 G	0.15764	0.63446	0.20789
875 A	0.17594	0.60761	0.21645
876 T	0.19446	0.58337	0.22217
877 G	0.19760	0.57811	0.2243
878 C	0.19979	0.57542	0.22479
879 C	0.20451	0.57130	0.22419
880 A	0.21973	0.55723	0.22304
881 A	0.23588	0.54157	0.22255
882 A	0.30466	0.47317	0.22216
883 T	0.39884	0.37893	0.22224
884 A	0.45370	0.32155	0.22475
885 T	0.65085	0.08766	0.26149
886 T	0.65956	0.06183	0.27861
887 T	0.66181	0.05143	0.28676
888 C	0.65951	0.04676	0.29373
889 A	0.65748	0.04747	0.29505
890 C	0.65683	0.04728	0.29589
891 T	0.65421	0.05049	0.2953
892 T	0.64801	0.05823	0.29376
893 T	0.61673	0.09215	0.29113
894 A	0.55838	0.16849	0.27313
895 G	0.49730	0.24022	0.26248
896 G	0.44373	0.29832	0.25795
897 A	0.40039	0.34913	0.25048
898 A	0.39568	0.35778	0.24654
899 A	0.39153	0.37576	0.23272
900 A	0.38821	0.38228	0.22952
901 T	0.38674	0.38001	0.23325
902 T	0.38373	0.38097	0.23531
903 A	0.38007	0.38345	0.23648
904 A	0.37811	0.38430	0.23758
905 C	0.37744	0.38289	0.23967
906 T	0.37753	0.38314	0.23934
907 G	0.37719	0.38445	0.23836
908 G	0.37650	0.38789	0.23562
909 T	0.37589	0.39312	0.23099
910 G	0.37483	0.39905	0.22612
911 A	0.37424	0.39987	0.22588
912 A	0.37446	0.39792	0.22762
913 G	0.37476	0.39289	0.23235
914 A	0.37590	0.38235	0.24175
915 A	0.37836	0.36517	0.25646
916 G	0.38243	0.32258	0.29499
917 A	0.40033	0.25738	0.34228
918 T	0.41274	0.19309	0.39418
919 A	0.41707	0.15610	0.42683
920 A	0.42373	0.12205	0.45423
921 A	0.42813	0.11373	0.45815
922 G	0.44074	0.09370	0.46556
923 T	0.44811	0.07988	0.472
924 T	0.44944	0.07592	0.47465
925 C	0.44921	0.07600	0.47479
926 C	0.44882	0.08590	0.46529
927 T	0.44847	0.09515	0.45638
928 G	0.44401	0.11581	0.44018
929 A	0.44430	0.13508	0.42062
930 A	0.44604	0.15224	0.40171
931 C	0.45064	0.16924	0.38012
932 T	0.45671	0.19801	0.34528
933 T	0.46173	0.21700	0.32127
934 A	0.46329	0.23975	0.29696
935 T	0.46510	0.24379	0.29111
936 T	0.46318	0.25212	0.2847
937 A	0.45513	0.26812	0.27675
938 T	0.45415	0.26944	0.27641
939 G	0.44904	0.27535	0.27561
940 A	0.44707	0.27790	0.27503
941 A	0.44717	0.27772	0.27512
942 C	0.45261	0.27198	0.27541
943 A	0.45996	0.26479	0.27525
944 A	0.46281	0.26202	0.27517
945 C	0.46414	0.26060	0.27526
946 A	0.46609	0.25867	0.27524
947 A	0.46898	0.25566	0.27535
948 T	0.47654	0.24678	0.27667
949 A	0.48724	0.23469	0.27807
950 C	0.49845	0.22190	0.27965
951 C	0.51774	0.19811	0.28415
952 G	0.54130	0.17394	0.28476
953 C	0.56829	0.14678	0.28493
954 T	0.60551	0.11037	0.28412
955 T	0.63619	0.08124	0.28257
956 T	0.65177	0.06840	0.27984
957 T	0.66126	0.06041	0.27833
958 T	0.65992	0.06322	0.27686
959 A	0.65486	0.06760	0.27755
960 T	0.65455	0.06246	0.28299
961 A	0.64364	0.07257	0.2838
962 T	0.63380	0.08060	0.28559
963 T	0.61033	0.11413	0.27555
964 A	0.59464	0.13210	0.27327
965 C	0.58645	0.13857	0.27498
966 A	0.57936	0.14587	0.27477
967 T	0.57708	0.14768	0.27524
968 C	0.57247	0.15221	0.27532
969 C	0.56467	0.16019	0.27514
970 A	0.55760	0.16778	0.27462
971 C	0.55319	0.17252	0.2743
972 A	0.54667	0.18015	0.27318
973 A	0.54264	0.18470	0.27267
974 G	0.54116	0.18685	0.272
975 A	0.54053	0.18784	0.27163
976 A	0.54051	0.18930	0.27019
977 G	0.54145	0.18590	0.27265
978 A	0.54344	0.18302	0.27354
979 T	0.54636	0.18151	0.27213
980 T	0.54695	0.18123	0.27182
981 A	0.54445	0.19016	0.26539
982 G	0.54317	0.18823	0.2686
983 A	0.54401	0.18455	0.27143
984 A	0.54492	0.17234	0.28274
985 A	0.54779	0.15660	0.29561
986 C	0.55997	0.11702	0.32301
987 T	0.56379	0.10572	0.33049
988 T	0.56374	0.10307	0.33318
989 T	0.56352	0.10292	0.33355
990 A	0.56291	0.10710	0.32999
991 T	0.56286	0.10801	0.32913
992 G	0.56272	0.10018	0.3371
993 T	0.56307	0.09427	0.34266
994 A	0.56296	0.09421	0.34283
995 T	0.56330	0.09136	0.34533
996 C	0.56071	0.09313	0.34615
997 A	0.55768	0.09996	0.34237
998 A	0.55594	0.10557	0.33849
999 A	0.55675	0.10693	0.33633
1000 A	0.55803	0.11049	0.33148
1001 A	0.56194	0.10823	0.32983
1002 T	0.56847	0.09948	0.33205
1003 G	0.57225	0.09420	0.33355
1004 A	0.58086	0.08297	0.33616
1005 T	0.58540	0.07549	0.33911
1006 T	0.58839	0.07218	0.33943
1007 T	0.59010	0.07322	0.33668
1008 T	0.59159	0.07227	0.33613
1009 A	0.59228	0.07191	0.33582
1010 T	0.59494	0.06897	0.33609
1011 T	0.59530	0.06851	0.33619
1012 C	0.59304	0.07049	0.33647
1013 C	0.59292	0.07190	0.33519
1014 T	0.59506	0.07504	0.3299
1015 A	0.59456	0.08321	0.32224
1016 A	0.59575	0.08521	0.31904
1017 T	0.60151	0.08190	0.31659
1018 T	0.60502	0.08129	0.3137
1019 T	0.60659	0.07928	0.31413
1020 A	0.60667	0.07800	0.31534
1021 G	0.60864	0.07471	0.31665
1022 G	0.61020	0.07320	0.31659
1023 T	0.61393	0.07091	0.31516
1024 T	0.61166	0.07375	0.31459
1025 A	0.60619	0.07974	0.31407
1026 T	0.60445	0.08195	0.3136
1027 A	0.59600	0.09204	0.31196
1028 C	0.59298	0.09592	0.3111
1029 A	0.58881	0.10371	0.30748
1030 A	0.58909	0.10675	0.30416
1031 A	0.58907	0.10922	0.30171
1032 T	0.59001	0.10801	0.30198
1033 A	0.58999	0.10778	0.30224
1034 T	0.59154	0.10347	0.30499
1035 A	0.59152	0.09913	0.30935
1036 C	0.59308	0.09348	0.31345
1037 C	0.59747	0.08825	0.31429
1038 T	0.60513	0.08040	0.31447
1039 A	0.60732	0.07866	0.31403
1040 C	0.61032	0.07591	0.31378
1041 T	0.61397	0.07420	0.31184
1042 T	0.61551	0.07706	0.30744
1043 T	0.61328	0.08137	0.30534
1044 T	0.60078	0.09903	0.3002
1045 A	0.58317	0.12193	0.29489
1046 A	0.57549	0.12908	0.29543
1047 T	0.57173	0.12757	0.30071
1048 G	0.56495	0.12899	0.30606
1049 A	0.56016	0.13264	0.3072
1050 T	0.56083	0.12652	0.31265
1051 A	0.55926	0.12621	0.31454
1052 A	0.55971	0.12158	0.31872
1053 G	0.56085	0.11926	0.31989
1054 T	0.56242	0.12049	0.31708
1055 C	0.55952	0.12626	0.31422
1056 A	0.55768	0.12945	0.31287
1057 A	0.55690	0.13163	0.31146
1058 A	0.55653	0.13225	0.31122
1059 T	0.55643	0.13304	0.31053
1060 C	0.55520	0.13635	0.30844
1061 A	0.55523	0.14312	0.30166
1062 A	0.55513	0.15087	0.294
1063 A	0.55368	0.15448	0.29184
1064 A	0.55594	0.15325	0.29081
1065 T	0.56346	0.14565	0.2909
1066 A	0.56611	0.14105	0.29284
1067 T	0.57124	0.12166	0.3071
1068 T	0.57319	0.10137	0.32544
1069 T	0.57174	0.09445	0.33381
1070 T	0.56675	0.09735	0.3359
1071 A	0.55328	0.10911	0.33761
1072 C	0.54825	0.11102	0.34073
1073 A	0.54575	0.11391	0.34033
1074 A	0.54566	0.11277	0.34157
1075 G	0.54628	0.11020	0.34351
1076 G	0.54847	0.10634	0.3452
1077 T	0.55316	0.10106	0.34578
1078 T	0.55620	0.09445	0.34935
1079 C	0.55726	0.09151	0.35123
1080 C	0.55877	0.08924	0.35199
1081 A	0.56023	0.08770	0.35207
1082 A	0.56224	0.08568	0.35208
1083 T	0.56569	0.08137	0.35293
1084 G	0.57198	0.07511	0.35291
1085 T	0.58001	0.06628	0.35371
1086 T	0.58229	0.06087	0.35684
1087 A	0.58271	0.06015	0.35714
1088 A	0.58322	0.05878	0.35799
1089 T	0.58789	0.05105	0.36106
1090 T	0.58944	0.04784	0.36272
1091 T	0.58985	0.04448	0.36567
1092 A	0.59008	0.04391	0.36601
1093 T	0.59128	0.04111	0.36762
1094 T	0.59174	0.03871	0.36956
1095 T	0.59047	0.05666	0.35288
1096 T	0.58135	0.06840	0.35025
1097 A	0.56994	0.09116	0.33889
1098 T	0.56409	0.09744	0.33847
1099 T	0.55314	0.10857	0.33829
1100 C	0.52537	0.13689	0.33774
1101 T	0.50088	0.16344	0.33568
1102 C	0.47947	0.18863	0.33191
1103 A	0.46393	0.21818	0.31788
1104 A	0.45610	0.23353	0.31037
1105 A	0.45368	0.24263	0.30368
1106 A	0.45269	0.24586	0.30145
1107 T	0.45179	0.24769	0.30052
1108 G	0.44950	0.25174	0.29876
1109 A	0.44908	0.25240	0.29852
1110 A	0.44801	0.25284	0.29916
1111 G	0.44757	0.25253	0.2999
1112 A	0.44779	0.25197	0.30024
1113 C	0.44925	0.24972	0.30103
1114 G	0.45073	0.24788	0.30138
1115 A	0.45377	0.24455	0.30167
1116 A	0.45759	0.24021	0.3022
1117 A	0.46651	0.23004	0.30345
1118 T	0.48636	0.20819	0.30545
1119 G	0.49163	0.18948	0.3189
1120 T	0.50423	0.16130	0.33446
1121 T	0.50616	0.14892	0.34492
1122 A	0.50664	0.13566	0.3577
1123 G	0.50746	0.10585	0.38669
1124 C	0.50969	0.07803	0.41228
1125 T	0.51399	0.05949	0.42652
1126 T	0.52614	0.03699	0.43688
1127 C	0.53225	0.02635	0.4414
1128 T	0.53812	0.01962	0.44226
1129 T	0.53928	0.01815	0.44257
1130 G	0.53873	0.01734	0.44393
1131 G	0.53949	0.01451	0.446
1132 T	0.54002	0.01358	0.4464
1133 T	0.54022	0.01196	0.44782
1134 T	0.54008	0.01183	0.44809
1135 T	0.53942	0.01319	0.44738
1136 T	0.53674	0.01816	0.4451
1137 T	0.51409	0.04884	0.43706
1138 T	0.46566	0.11330	0.42104
1139 T	0.41390	0.17567	0.41043
1140 A	0.35548	0.24612	0.3984
1141 A	0.31404	0.29151	0.39444
1142 A	0.28595	0.32142	0.39263
1143 A	0.27783	0.33026	0.39191
1144 T	0.27504	0.33328	0.39168
1145 A	0.27117	0.33723	0.39161
1146 T	0.26913	0.33916	0.39171
1147 T	0.26581	0.34234	0.39185
1148 T	0.26218	0.34600	0.39182
1149 A	0.25891	0.34927	0.39182
1150 A	0.25697	0.35020	0.39282
1151 C	0.25576	0.35019	0.39405
1152 T	0.25479	0.35076	0.39445
1153 T	0.25278	0.35218	0.39504
1154 C	0.24951	0.35514	0.39535
1155 T	0.24795	0.35674	0.39531
1156 G	0.24507	0.35968	0.39524
1157 A	0.24469	0.35939	0.39591
1158 A	0.24551	0.35667	0.39782
1159 G	0.24880	0.34774	0.40345
1160 A	0.25806	0.29708	0.44486
1161 T	0.27576	0.21902	0.50523
1162 G	0.28507	0.16154	0.5534
1163 T	0.29563	0.11490	0.58947
1164 T	0.29713	0.10753	0.59534
1165 T	0.29505	0.14276	0.56219
1166 A	0.28994	0.18385	0.52621
1167 T	0.28166	0.22638	0.49196
1168 A	0.26321	0.30064	0.43615
1169 A	0.24397	0.40490	0.35113
1170 A	0.23697	0.45735	0.30568
1171 G	0.23318	0.48495	0.28187
1172 A	0.23138	0.50708	0.26153
1173 A	0.23066	0.51398	0.25536
1174 T	0.23068	0.51595	0.25336
1175 T	0.23057	0.51862	0.25081
1176 T	0.23018	0.52251	0.24732
1177 T	0.22898	0.53201	0.23901
1178 T	0.22704	0.53967	0.2333
1179 A	0.22146	0.55517	0.22337
1180 A	0.21782	0.56406	0.21812
1181 A	0.21525	0.56860	0.21615
1182 A	0.21257	0.57283	0.2146
1183 G	0.21217	0.57445	0.21338
1184 A	0.21505	0.57403	0.21093
1185 A	0.22332	0.56751	0.20918
1186 A	0.24064	0.55178	0.20758
1187 A	0.27065	0.52038	0.20897
1188 T	0.32990	0.45736	0.21274
1189 A	0.36060	0.42276	0.21665
1190 A	0.39677	0.38060	0.22263
1191 A	0.45383	0.30863	0.23755
1192 T	0.55423	0.19126	0.25451
1193 T	0.60148	0.13899	0.25952
1194 T	0.62687	0.11221	0.26092
1195 T	0.63913	0.10124	0.25963
1196 T	0.64241	0.09903	0.25855
1197 T	0.64281	0.10017	0.25703
1198 A	0.64297	0.10256	0.25447
1199 A	0.64667	0.10099	0.25234
1200 T	0.65555	0.09587	0.24859
1201 A	0.65686	0.09540	0.24774
1202 T	0.64891	0.10040	0.25069
1203 T	0.61670	0.13063	0.25267
1204 A	0.49812	0.24846	0.25342
1205 C	0.43679	0.30881	0.2544
1206 A	0.36701	0.38372	0.24928
1207 C	0.31972	0.43205	0.24824
1208 G	0.28394	0.47079	0.24527
1209 T	0.25708	0.50138	0.24154
1210 A	0.20316	0.56048	0.23636
1211 A	0.17782	0.58844	0.23374
1212 A	0.16764	0.59890	0.23347
1213 G	0.16288	0.60314	0.23398
1214 T	0.16484	0.60076	0.23439
1215 T	0.16477	0.60033	0.2349
1216 C	0.16151	0.60296	0.23553
1217 C	0.15727	0.60727	0.23546
1218 T	0.15066	0.61438	0.23496
1219 C	0.12909	0.63697	0.23393
1220 A	0.11424	0.65379	0.23196
1221 A	0.10332	0.66649	0.23018
1222 G	0.10088	0.66945	0.22967
1223 A	0.10246	0.66773	0.22982
1224 A	0.10205	0.66694	0.231
1225 A	0.10277	0.64361	0.25362
1226 A	0.10421	0.60524	0.29055
1227 A	0.10565	0.49279	0.40156
1228 A	0.10818	0.42591	0.4659
1229 T	0.11470	0.34717	0.53813
1230 T	0.11587	0.31059	0.57353
1231 A	0.11707	0.30200	0.58092
1232 A	0.11535	0.29787	0.58678
1233 T	0.11569	0.25956	0.62475
1234 G	0.11303	0.25357	0.6334
1235 A	0.10857	0.27463	0.6168
1236 G	0.10711	0.31532	0.57757
1237 A	0.10585	0.37550	0.51865
1238 G	0.10549	0.40469	0.48982
1239 A	0.10480	0.45982	0.43538
1240 T	0.10520	0.46371	0.43109
1241 A	0.10370	0.48360	0.41271
1242 T	0.10292	0.48158	0.4155
1243 A	0.09630	0.50726	0.39645
1244 C	0.09433	0.51299	0.39268
1245 G	0.09255	0.52333	0.38412
1246 A	0.09464	0.54506	0.3603
1247 A	0.09749	0.55706	0.34546
1248 T	0.10326	0.56405	0.33269
1249 C	0.10614	0.57386	0.32
1250 A	0.11145	0.61024	0.27831
1251 T	0.12505	0.61881	0.25614
1252 A	0.13087	0.61616	0.25297
1253 T	0.14554	0.60291	0.25155
1254 A	0.15957	0.58969	0.25074
1255 T	0.18472	0.55901	0.25627
1256 C	0.19168	0.55208	0.25624
1257 A	0.20421	0.55163	0.24416
1258 A	0.22520	0.53951	0.2353
1259 A	0.27017	0.50043	0.2294
1260 T	0.32164	0.45039	0.22796
1261 G	0.33720	0.43710	0.2257
1262 A	0.37555	0.40007	0.22438
1263 A	0.36258	0.41455	0.22287
1264 A	0.37368	0.40172	0.2246
1265 A	0.36314	0.41019	0.22668
1266 G	0.34931	0.41616	0.23454
1267 A	0.32712	0.43714	0.23574
1268 C	0.29474	0.46874	0.23652
1269 A	0.30041	0.47578	0.22382
1270 G	0.27422	0.51552	0.21027
1271 A	0.26414	0.53604	0.19982
1272 A	0.25742	0.54353	0.19905
1273 T	0.28763	0.51349	0.19889
1274 T	0.27923	0.52143	0.19934
1275 A	0.22072	0.57945	0.19982
1276 C	0.19487	0.60418	0.20095
1277 A	0.16390	0.63443	0.20167
1278 A	0.15323	0.64427	0.2025
1279 A	0.14867	0.64709	0.20424
1280 C	0.15365	0.63942	0.20694
1281 A	0.15504	0.63829	0.20667
1282 T	0.15254	0.63701	0.21045
1283 T	0.14066	0.64709	0.21225
1284 A	0.11116	0.67350	0.21534
1285 A	0.08399	0.69709	0.21893
1286 G	0.06861	0.68201	0.24938
1287 A	0.05991	0.67165	0.26844
1288 A	0.05614	0.64650	0.29737
1289 A	0.05733	0.60309	0.33958
1290 A	0.06123	0.55785	0.38092
1291 G	0.06487	0.50439	0.43074
1292 A	0.07755	0.46256	0.45989
1293 T	0.09222	0.38774	0.52004
1294 T	0.10108	0.33940	0.55952
1295 T	0.10235	0.30427	0.59338
1296 T	0.10266	0.28982	0.60752
1297 T	0.10253	0.26620	0.63128
1298 T	0.10208	0.21366	0.68426
1299 T	0.10143	0.19206	0.7065
1300 G	0.10058	0.17271	0.7267
1301 A	0.10033	0.16975	0.72992
1302 A	0.10034	0.16637	0.73328
1303 A	0.10071	0.15853	0.74075
1304 A	0.10208	0.14534	0.75259
1305 T	0.10387	0.13047	0.76566
1306 T	0.10485	0.12277	0.77238
1307 T	0.10551	0.11993	0.77455
1308 T	0.10567	0.13330	0.76103
1309 A	0.10556	0.17808	0.71636
1310 T	0.10564	0.21001	0.68435
1311 T	0.10540	0.26844	0.62616
1312 T	0.10095	0.43859	0.46047
1313 T	0.09454	0.54218	0.36328
1314 A	0.08909	0.63423	0.27669
1315 A	0.08125	0.68637	0.23238
1316 A	0.07857	0.71025	0.21118
1317 G	0.07745	0.71927	0.20329
1318 A	0.07737	0.72026	0.20237
1319 A	0.07811	0.71961	0.20228
1320 T	0.07971	0.71742	0.20287
1321 G	0.08060	0.71649	0.20292
1322 C	0.08203	0.71527	0.20271
1323 A	0.08432	0.71592	0.19976
1324 G	0.08691	0.71644	0.19666
1325 A	0.08979	0.71389	0.19633
1326 A	0.09482	0.70903	0.19616
1327 A	0.09995	0.70402	0.19603
1328 A	0.10939	0.69440	0.19621
1329 C	0.12413	0.67937	0.1965
