# lcl|CP097583.1_cds_USQ93194.1_1
# AA	inside	membr	outside
1 A	0.62906	0.00000	0.37094
2 T	0.62510	0.00396	0.37094
3 G	0.62249	0.00657	0.37094
4 A	0.62249	0.01723	0.36028
5 C	0.60973	0.03598	0.35429
6 A	0.60973	0.03925	0.35102
7 A	0.58874	0.06045	0.35081
8 A	0.58874	0.06046	0.3508
9 G	0.58469	0.06463	0.35068
10 G	0.58468	0.08036	0.33496
11 C	0.58118	0.08577	0.33304
12 A	0.51751	0.15286	0.32962
13 A	0.38958	0.29749	0.31292
14 A	0.38956	0.29752	0.31292
15 T	0.38955	0.35374	0.2567
16 G	0.38774	0.35556	0.2567
17 A	0.38604	0.35916	0.2548
18 T	0.38599	0.36312	0.25089
19 A	0.38434	0.36997	0.24568
20 T	0.37881	0.49439	0.12679
21 T	0.33656	0.53766	0.12578
22 T	0.33363	0.54759	0.11878
23 T	0.32988	0.55612	0.114
24 A	0.32282	0.56359	0.1136
25 T	0.31934	0.56057	0.12009
26 C	0.30956	0.56701	0.12343
27 T	0.30335	0.57219	0.12445
28 C	0.28616	0.58711	0.12673
29 A	0.26740	0.61280	0.11979
30 A	0.24856	0.63571	0.11574
31 A	0.23858	0.64860	0.11281
32 A	0.23059	0.65704	0.11236
33 A	0.23689	0.65421	0.1089
34 A	0.23750	0.64512	0.11738
35 A	0.24308	0.58206	0.17486
36 A	0.25850	0.44889	0.29261
37 T	0.26315	0.43298	0.30386
38 C	0.30186	0.39108	0.30707
39 A	0.30039	0.39734	0.30226
40 A	0.30545	0.39247	0.30208
41 G	0.31084	0.38493	0.30423
42 A	0.31925	0.37457	0.30618
43 G	0.42865	0.26030	0.31105
44 T	0.43746	0.21328	0.34925
45 T	0.44665	0.21868	0.33467
46 T	0.45017	0.21370	0.33612
47 T	0.44885	0.21394	0.33721
48 A	0.44345	0.23955	0.31699
49 T	0.43756	0.25498	0.30746
50 T	0.42877	0.30131	0.26993
51 A	0.41908	0.31138	0.26954
52 A	0.42059	0.30083	0.27858
53 T	0.42291	0.29718	0.27991
54 A	0.40474	0.31953	0.27574
55 A	0.39628	0.32970	0.27402
56 T	0.39897	0.32547	0.27555
57 A	0.39723	0.32811	0.27467
58 G	0.39717	0.32772	0.27511
59 T	0.40048	0.32364	0.27588
60 T	0.40174	0.32197	0.2763
61 T	0.40219	0.32101	0.27681
62 T	0.40164	0.32085	0.27751
63 A	0.38232	0.34684	0.27083
64 A	0.38015	0.35908	0.26076
65 T	0.38126	0.36286	0.25588
66 A	0.38026	0.36699	0.25275
67 A	0.38686	0.36104	0.2521
68 T	0.41484	0.33215	0.25301
69 T	0.42430	0.32125	0.25445
70 A	0.43327	0.30978	0.25695
71 T	0.46080	0.27573	0.26348
72 A	0.47881	0.25127	0.26991
73 T	0.52310	0.19660	0.28029
74 T	0.53827	0.17037	0.29136
75 A	0.54552	0.15801	0.29647
76 T	0.55979	0.13800	0.30221
77 T	0.57058	0.11086	0.31856
78 T	0.57937	0.09317	0.32747
79 T	0.58357	0.08793	0.3285
80 T	0.58299	0.08746	0.32955
81 T	0.57774	0.09444	0.32782
82 T	0.56587	0.10699	0.32714
83 T	0.55166	0.12235	0.32599
84 A	0.53255	0.14227	0.32518
85 A	0.52665	0.14395	0.32939
86 G	0.53074	0.12203	0.34724
87 T	0.54142	0.10893	0.34965
88 T	0.54475	0.10514	0.3501
89 T	0.54374	0.10503	0.35122
90 G	0.53798	0.11181	0.35021
91 T	0.53499	0.11776	0.34725
92 T	0.53081	0.12506	0.34414
93 T	0.52542	0.13313	0.34145
94 A	0.50984	0.15436	0.3358
95 T	0.50267	0.16510	0.33223
96 T	0.49253	0.18156	0.32591
97 T	0.45555	0.22738	0.31708
98 G	0.36978	0.32319	0.30703
99 G	0.26518	0.44678	0.28804
100 A	0.24472	0.49229	0.26299
101 A	0.23490	0.51163	0.25347
102 A	0.23196	0.51828	0.24976
103 A	0.23324	0.51542	0.25134
104 T	0.23721	0.50478	0.25801
105 G	0.23515	0.50595	0.2589
106 T	0.23374	0.50658	0.25968
107 T	0.23018	0.51366	0.25616
108 A	0.19946	0.56662	0.23392
109 A	0.19096	0.58816	0.22088
110 G	0.18373	0.60298	0.21329
111 T	0.17879	0.61652	0.20469
112 A	0.16905	0.63953	0.19143
113 A	0.16315	0.65562	0.18123
114 A	0.15361	0.67743	0.16896
115 G	0.14547	0.69810	0.15644
116 A	0.13446	0.73370	0.13184
117 A	0.12955	0.74221	0.12824
118 G	0.12730	0.73611	0.13659
119 A	0.12398	0.74197	0.13404
120 A	0.12216	0.72620	0.15164
121 A	0.12096	0.65727	0.22177
122 C	0.13313	0.54173	0.32513
123 G	0.14115	0.52349	0.33537
124 A	0.14344	0.54314	0.31343
125 C	0.14092	0.58552	0.27356
126 A	0.13442	0.73902	0.12657
127 A	0.13452	0.75652	0.10896
128 A	0.14695	0.74548	0.10757
129 A	0.15520	0.73695	0.10786
130 A	0.17021	0.72500	0.10479
131 C	0.19183	0.67074	0.13743
132 A	0.18994	0.69375	0.11631
133 G	0.18539	0.71140	0.10321
134 A	0.15272	0.77897	0.06832
135 A	0.13691	0.81477	0.04833
136 G	0.12930	0.82843	0.04228
137 A	0.12699	0.82429	0.04872
138 A	0.13378	0.80829	0.05793
139 A	0.15633	0.77431	0.06936
140 A	0.18237	0.74220	0.07543
141 A	0.19229	0.72997	0.07774
142 A	0.20668	0.70435	0.08896
143 A	0.21874	0.67887	0.10238
144 T	0.22409	0.66256	0.11334
145 A	0.22556	0.65398	0.12046
146 C	0.23742	0.62909	0.13349
147 A	0.26168	0.60013	0.13819
148 A	0.30506	0.54857	0.14637
149 C	0.44035	0.40208	0.15757
150 T	0.46056	0.38175	0.1577
151 C	0.45917	0.39444	0.14639
152 A	0.45848	0.41775	0.12378
153 A	0.46380	0.42941	0.10679
154 A	0.47387	0.42921	0.09693
155 T	0.51794	0.37229	0.10977
156 T	0.54642	0.33739	0.1162
157 T	0.56430	0.27371	0.16199
158 T	0.56198	0.25175	0.18627
159 T	0.54220	0.25671	0.20109
160 T	0.49236	0.31163	0.19601
161 C	0.41690	0.39027	0.19284
162 G	0.39110	0.43950	0.1694
163 G	0.38829	0.44826	0.16346
164 A	0.38819	0.45712	0.15469
165 A	0.38432	0.47074	0.14494
166 A	0.38172	0.47974	0.13854
167 C	0.33579	0.52569	0.13852
168 T	0.28450	0.58567	0.12983
169 G	0.24864	0.63484	0.11651
170 A	0.24305	0.65185	0.1051
171 A	0.24182	0.66813	0.09005
172 A	0.24225	0.67408	0.08367
173 A	0.24702	0.66503	0.08795
174 T	0.26840	0.63792	0.09368
175 A	0.28994	0.61215	0.09791
176 A	0.30613	0.59639	0.09748
177 T	0.31609	0.58159	0.10232
178 A	0.31934	0.57169	0.10897
179 A	0.32797	0.54291	0.12912
180 T	0.34071	0.44843	0.21086
181 C	0.34801	0.40624	0.24575
182 C	0.35615	0.37841	0.26544
183 T	0.37159	0.35552	0.2729
184 C	0.37064	0.33925	0.29011
185 A	0.34832	0.37720	0.27449
186 G	0.28594	0.45337	0.2607
187 G	0.23068	0.53334	0.23598
188 T	0.22326	0.54160	0.23514
189 A	0.20339	0.56382	0.23279
190 A	0.19125	0.52019	0.28856
191 A	0.17611	0.48019	0.34369
192 C	0.17325	0.46621	0.36054
193 G	0.16536	0.54968	0.28496
194 A	0.12312	0.80981	0.06706
195 A	0.09460	0.86381	0.04158
196 A	0.08289	0.89325	0.02386
197 A	0.07026	0.91005	0.01969
198 A	0.06391	0.91502	0.02107
199 C	0.06371	0.91399	0.0223
200 A	0.06027	0.91768	0.02204
201 A	0.05867	0.91962	0.02171
202 C	0.05723	0.92125	0.02152
203 A	0.05571	0.92381	0.02048
204 A	0.05412	0.92634	0.01953
205 A	0.05269	0.92751	0.0198
206 A	0.05532	0.92415	0.02053
207 A	0.06146	0.91264	0.02591
208 A	0.08094	0.85663	0.06244
209 A	0.09582	0.76166	0.14253
210 T	0.12045	0.66085	0.2187
211 C	0.12623	0.62772	0.24605
212 A	0.13377	0.61033	0.2559
213 A	0.14777	0.58873	0.2635
214 G	0.16601	0.54670	0.28729
215 A	0.18264	0.51806	0.29931
216 A	0.26097	0.42693	0.3121
217 T	0.46617	0.15939	0.37444
218 C	0.48533	0.10226	0.41241
219 T	0.49713	0.08721	0.41566
220 T	0.49236	0.11056	0.39708
221 A	0.47816	0.17924	0.3426
222 T	0.46712	0.24707	0.2858
223 G	0.41625	0.41223	0.17152
224 A	0.40653	0.50379	0.08968
225 T	0.37194	0.56092	0.06713
226 A	0.34371	0.59649	0.0598
227 A	0.31093	0.63049	0.05858
228 A	0.25136	0.68731	0.06133
229 G	0.21990	0.71737	0.06273
230 C	0.21627	0.72026	0.06347
231 A	0.21609	0.72032	0.06359
232 C	0.21764	0.71853	0.06383
233 C	0.21885	0.71762	0.06354
234 T	0.22036	0.71748	0.06217
235 A	0.22008	0.72023	0.05969
236 A	0.21006	0.73442	0.05552
237 T	0.19810	0.75056	0.05134
238 G	0.19072	0.75825	0.05103
239 A	0.18682	0.76102	0.05216
240 A	0.18446	0.76123	0.05431
241 A	0.18750	0.75019	0.0623
242 C	0.20209	0.72250	0.07542
243 G	0.24058	0.67241	0.08701
244 G	0.30677	0.59495	0.09828
245 A	0.37145	0.52242	0.10613
246 T	0.49135	0.36456	0.14408
247 T	0.56008	0.28609	0.15384
248 T	0.57598	0.21926	0.20476
249 T	0.57906	0.18157	0.23937
250 T	0.57947	0.15064	0.26989
251 T	0.57901	0.10440	0.31659
252 T	0.57742	0.08149	0.34109
253 C	0.57498	0.08044	0.34458
254 G	0.57173	0.08849	0.33978
255 A	0.56227	0.11082	0.3269
256 A	0.55983	0.12072	0.31944
257 A	0.55928	0.13050	0.31022
258 A	0.56071	0.13617	0.30311
259 A	0.56488	0.12721	0.3079
260 T	0.56934	0.12695	0.30371
261 T	0.56963	0.13557	0.2948
262 A	0.56851	0.18084	0.25065
263 T	0.56002	0.22926	0.21072
264 T	0.54227	0.27650	0.18123
265 T	0.49623	0.38440	0.11937
266 T	0.42448	0.48977	0.08575
267 A	0.37481	0.56516	0.06004
268 G	0.36054	0.58242	0.05703
269 A	0.35594	0.58945	0.0546
270 T	0.35340	0.59236	0.05423
271 T	0.34661	0.59936	0.05403
272 C	0.33699	0.60893	0.05408
273 T	0.32782	0.62229	0.0499
274 G	0.30879	0.64334	0.04787
275 A	0.29018	0.66520	0.04463
276 A	0.27761	0.67751	0.04488
277 A	0.27512	0.67914	0.04574
278 C	0.28217	0.66354	0.0543
279 A	0.28588	0.65863	0.05549
280 C	0.29340	0.64977	0.05682
281 A	0.30097	0.64298	0.05605
282 A	0.31116	0.63362	0.05522
283 A	0.32954	0.61566	0.0548
284 A	0.35283	0.59097	0.0562
285 A	0.41001	0.53023	0.05975
286 T	0.46586	0.44113	0.09301
287 G	0.49608	0.38093	0.12299
288 T	0.55212	0.27630	0.17158
289 T	0.57557	0.19718	0.22725
290 T	0.58604	0.15249	0.26147
291 T	0.57564	0.16025	0.2641
292 T	0.56237	0.18681	0.25081
293 A	0.54334	0.21087	0.24579
294 T	0.52226	0.22926	0.24848
295 A	0.49272	0.26585	0.24143
296 A	0.46586	0.28689	0.24725
297 A	0.42541	0.31268	0.26192
298 A	0.41208	0.30801	0.27991
299 T	0.39827	0.30709	0.29464
300 C	0.36972	0.32959	0.30069
301 T	0.34811	0.35576	0.29612
302 T	0.31694	0.40010	0.28296
303 A	0.29191	0.45493	0.25316
304 A	0.27324	0.49602	0.23073
305 A	0.25299	0.53254	0.21446
306 T	0.24351	0.55551	0.20097
307 T	0.22295	0.60062	0.17643
308 T	0.20123	0.64185	0.15691
309 A	0.17898	0.67569	0.14533
310 A	0.17113	0.68317	0.1457
311 A	0.16948	0.68243	0.14809
312 T	0.17169	0.66909	0.15922
313 G	0.17325	0.65306	0.17369
314 C	0.18108	0.62584	0.19308
315 T	0.19798	0.60307	0.19895
316 A	0.20134	0.59481	0.20386
317 A	0.20429	0.58202	0.2137
318 A	0.21363	0.55296	0.23341
319 T	0.21485	0.52810	0.25705
320 T	0.21146	0.48635	0.30219
321 A	0.19827	0.48802	0.3137
322 G	0.19482	0.47653	0.32865
323 A	0.19347	0.46227	0.34426
324 A	0.19229	0.44895	0.35876
325 G	0.20002	0.42191	0.37807
326 A	0.22489	0.41046	0.36465
327 A	0.24522	0.42166	0.33312
328 G	0.26327	0.44372	0.29302
329 A	0.28382	0.46025	0.25593
330 T	0.30818	0.44875	0.24308
331 T	0.31816	0.46344	0.2184
332 T	0.31254	0.49802	0.18944
333 T	0.29446	0.54886	0.15668
334 A	0.26983	0.61363	0.11654
335 A	0.24929	0.65306	0.09765
336 A	0.22819	0.68563	0.08619
337 A	0.20983	0.71791	0.07227
338 T	0.20397	0.72729	0.06875
339 G	0.19423	0.74095	0.06481
340 A	0.19031	0.74460	0.06509
341 A	0.18766	0.74550	0.06684
342 T	0.18654	0.74371	0.06975
343 A	0.18351	0.74126	0.07524
344 C	0.18763	0.72465	0.08772
345 A	0.19019	0.72000	0.08981
346 A	0.19864	0.70922	0.09214
347 A	0.20875	0.69418	0.09707
348 A	0.22519	0.67242	0.10238
349 G	0.26332	0.63112	0.10556
350 A	0.32823	0.55982	0.11196
351 T	0.42901	0.45259	0.1184
352 A	0.48382	0.39247	0.12371
353 T	0.53366	0.33169	0.13465
354 T	0.57519	0.27919	0.14563
355 T	0.60466	0.24325	0.15208
356 T	0.61096	0.23448	0.15456
357 A	0.60170	0.25021	0.1481
358 A	0.60401	0.24715	0.14883
359 A	0.60340	0.23615	0.16046
360 T	0.59056	0.23944	0.17
361 T	0.52615	0.30445	0.1694
362 T	0.44015	0.38943	0.17042
363 A	0.34005	0.49458	0.16538
364 A	0.29199	0.54231	0.16569
365 T	0.26195	0.56891	0.16914
366 T	0.20910	0.61901	0.17189
367 A	0.16742	0.66372	0.16886
368 A	0.15507	0.67635	0.16857
369 A	0.14945	0.68105	0.16949
370 G	0.14702	0.68250	0.17049
371 A	0.14625	0.68305	0.17069
372 T	0.14653	0.68191	0.17156
373 A	0.14605	0.68167	0.17228
374 A	0.14615	0.68008	0.17376
375 A	0.14746	0.67505	0.1775
376 C	0.15202	0.66657	0.1814
377 C	0.15698	0.65976	0.18326
378 A	0.16536	0.65010	0.18454
379 A	0.17684	0.63016	0.193
380 T	0.19983	0.58558	0.21459
381 T	0.21442	0.56582	0.21976
382 G	0.22247	0.54382	0.23371
383 T	0.23689	0.46924	0.29388
384 T	0.24779	0.34570	0.40652
385 T	0.25355	0.22293	0.52352
386 T	0.25691	0.14680	0.59629
387 T	0.25861	0.11878	0.62261
388 G	0.25842	0.10033	0.64124
389 C	0.25918	0.06229	0.67853
390 T	0.26301	0.04688	0.69011
391 T	0.26364	0.05743	0.67893
392 T	0.26036	0.13558	0.60407
393 A	0.25231	0.34490	0.4028
394 A	0.24556	0.56650	0.18794
395 A	0.23414	0.67131	0.09456
396 A	0.21385	0.72223	0.06393
397 A	0.20932	0.73164	0.05903
398 A	0.20614	0.73636	0.0575
399 T	0.20387	0.73906	0.05708
400 A	0.19859	0.74782	0.0536
401 C	0.19677	0.75152	0.05172
402 A	0.19377	0.76370	0.04253
403 G	0.19261	0.76920	0.03819
404 A	0.19010	0.77457	0.03533
405 A	0.18854	0.77662	0.03484
406 T	0.18801	0.77763	0.03437
407 T	0.18635	0.77927	0.03438
408 A	0.18271	0.78227	0.03502
409 C	0.18088	0.78271	0.03641
410 A	0.17899	0.78401	0.03701
411 A	0.17988	0.78179	0.03833
412 C	0.18530	0.77433	0.04037
413 C	0.19988	0.75874	0.04137
414 G	0.21959	0.73876	0.04165
415 A	0.29929	0.65654	0.04417
416 A	0.50653	0.44469	0.04879
417 T	0.72875	0.21765	0.0536
418 T	0.80751	0.12726	0.06523
419 C	0.82256	0.08771	0.08973
420 T	0.82319	0.08287	0.09393
421 C	0.81811	0.08657	0.09532
422 A	0.81195	0.10059	0.08747
423 T	0.81202	0.10160	0.08638
424 A	0.81294	0.10384	0.08322
425 T	0.82267	0.09346	0.08387
426 T	0.82198	0.09552	0.0825
427 A	0.81131	0.10360	0.08508
428 A	0.79809	0.11643	0.08549
429 T	0.78524	0.12748	0.08729
430 T	0.78262	0.12877	0.08861
431 T	0.78072	0.12980	0.08949
432 A	0.77603	0.13896	0.08501
433 T	0.77304	0.14792	0.07904
434 T	0.76396	0.16266	0.07338
435 T	0.67058	0.26305	0.06637
436 A	0.47337	0.46979	0.05685
437 A	0.34789	0.60297	0.04914
438 A	0.30392	0.65023	0.04585
439 G	0.29615	0.65738	0.04648
440 A	0.29177	0.66125	0.04698
441 A	0.29016	0.66042	0.04943
442 A	0.29039	0.65630	0.05331
443 C	0.29233	0.64962	0.05805
444 A	0.29410	0.64259	0.0633
445 T	0.30256	0.62702	0.07042
446 C	0.30445	0.62096	0.07459
447 A	0.30662	0.62062	0.07276
448 T	0.30900	0.61798	0.07303
449 T	0.30961	0.61252	0.07787
450 A	0.30096	0.61094	0.0881
451 G	0.29140	0.60849	0.10011
452 C	0.27898	0.60372	0.11729
453 A	0.25908	0.63533	0.10558
454 G	0.24059	0.67362	0.08579
455 A	0.20296	0.73823	0.05882
456 A	0.19493	0.75266	0.05241
457 G	0.19187	0.74566	0.06246
458 G	0.19215	0.63865	0.1692
459 A	0.19613	0.45797	0.3459
460 T	0.19823	0.34469	0.45708
461 C	0.18971	0.33006	0.48022
462 A	0.17654	0.45792	0.36553
463 G	0.16845	0.49355	0.33801
464 G	0.16325	0.52545	0.31131
465 A	0.15922	0.53863	0.30215
466 A	0.15685	0.54340	0.29975
467 C	0.15606	0.54473	0.29921
468 A	0.15546	0.54867	0.29587
469 G	0.15541	0.55008	0.29451
470 A	0.15730	0.55027	0.29242
471 A	0.15776	0.55054	0.29171
472 C	0.15895	0.56597	0.27508
473 A	0.16104	0.59883	0.24013
474 A	0.16393	0.61265	0.22343
475 A	0.16885	0.60175	0.22939
476 A	0.18602	0.56794	0.24605
477 T	0.21189	0.52884	0.25926
478 T	0.24112	0.47897	0.27991
479 T	0.25199	0.48429	0.26372
480 A	0.25545	0.50024	0.24431
481 T	0.26138	0.51735	0.22127
482 A	0.26640	0.53435	0.19925
483 T	0.27237	0.53747	0.19015
484 G	0.28403	0.52958	0.18639
485 A	0.38153	0.43270	0.18577
486 T	0.41229	0.40312	0.18459
487 T	0.43745	0.39127	0.17128
488 T	0.43334	0.41718	0.14948
489 T	0.40920	0.45830	0.1325
490 A	0.37839	0.50479	0.11683
491 A	0.34021	0.55446	0.10533
492 A	0.32786	0.58071	0.09144
493 G	0.31765	0.59837	0.08398
494 A	0.31451	0.61612	0.06937
495 T	0.33284	0.60088	0.06628
496 A	0.33597	0.59799	0.06603
497 A	0.33343	0.60053	0.06603
498 A	0.32980	0.60402	0.06618
499 C	0.32928	0.60423	0.06649
500 C	0.33568	0.59793	0.06639
501 A	0.36857	0.56557	0.06585
502 A	0.40897	0.52571	0.06532
503 A	0.44318	0.49175	0.06508
504 T	0.47658	0.45848	0.06494
505 T	0.48804	0.44685	0.06512
506 T	0.47751	0.45705	0.06543
507 A	0.37674	0.55873	0.06453
508 A	0.30914	0.62620	0.06465
509 A	0.26840	0.66353	0.06807
510 A	0.25064	0.67290	0.07646
511 T	0.25714	0.65062	0.09224
512 T	0.22742	0.66090	0.11169
513 A	0.16635	0.70845	0.12521
514 A	0.14707	0.70405	0.14888
515 A	0.14603	0.69449	0.15948
516 A	0.14506	0.68042	0.17452
517 A	0.15328	0.65994	0.18678
518 T	0.15200	0.64774	0.20026
519 T	0.14495	0.62991	0.22514
520 A	0.13762	0.62662	0.23576
521 A	0.13283	0.63063	0.23654
522 T	0.12966	0.63616	0.23418
523 A	0.12223	0.66235	0.21543
524 A	0.12063	0.67537	0.204
525 A	0.12049	0.68823	0.19128
526 A	0.11947	0.69892	0.18161
527 A	0.11849	0.70728	0.17423
528 A	0.11896	0.71367	0.16737
529 A	0.12146	0.69564	0.1829
530 G	0.12539	0.58282	0.29179
531 A	0.12900	0.49159	0.37941
532 A	0.13315	0.42746	0.43939
533 G	0.13871	0.37610	0.48519
534 T	0.14651	0.34132	0.51218
535 C	0.15022	0.28653	0.56325
536 T	0.15719	0.23106	0.61175
537 T	0.15982	0.21611	0.62406
538 T	0.16059	0.21873	0.62068
539 G	0.16000	0.21946	0.62055
540 G	0.16004	0.22127	0.61869
541 G	0.16048	0.21474	0.62478
542 G	0.16158	0.22314	0.61529
543 C	0.16742	0.23664	0.59594
544 G	0.17551	0.39384	0.43065
545 A	0.18363	0.56920	0.24717
546 G	0.20225	0.63919	0.15856
547 A	0.21580	0.64206	0.14214
548 A	0.22825	0.64296	0.12878
549 A	0.24316	0.63240	0.12444
550 A	0.25701	0.61846	0.12453
551 C	0.27437	0.60085	0.12477
552 A	0.28132	0.59597	0.12271
553 T	0.28701	0.59125	0.12175
554 A	0.28757	0.59086	0.12157
555 T	0.28843	0.58988	0.12169
556 A	0.28771	0.59061	0.12169
557 T	0.28780	0.58966	0.12254
558 C	0.28223	0.59454	0.12323
559 C	0.28147	0.59509	0.12344
560 A	0.28170	0.59488	0.12342
561 G	0.28638	0.58990	0.12372
562 G	0.29031	0.58557	0.12412
563 C	0.30006	0.57575	0.12419
564 A	0.31603	0.56119	0.12278
565 C	0.35450	0.52166	0.12384
566 A	0.39420	0.48425	0.12156
567 A	0.55128	0.32791	0.12081
568 T	0.72198	0.15729	0.12073
569 T	0.79443	0.08428	0.12128
570 A	0.80562	0.07332	0.12106
571 T	0.81867	0.05499	0.12634
572 T	0.82018	0.05108	0.12873
573 A	0.81198	0.05771	0.13031
574 T	0.80752	0.06076	0.13172
575 C	0.80249	0.06492	0.1326
576 T	0.79862	0.07122	0.13016
577 A	0.78737	0.08284	0.12979
578 A	0.77640	0.09369	0.12991
579 T	0.76708	0.10211	0.13081
580 T	0.74946	0.12027	0.13027
581 C	0.73551	0.12850	0.136
582 G	0.72991	0.13357	0.13651
583 G	0.72690	0.13678	0.13632
584 A	0.72546	0.13903	0.1355
585 G	0.72524	0.13954	0.13522
586 A	0.72569	0.13917	0.13515
587 T	0.72799	0.13486	0.13715
588 A	0.72877	0.13282	0.13841
589 T	0.73154	0.12883	0.13963
590 T	0.73278	0.12693	0.14028
591 A	0.73318	0.12630	0.14052
592 T	0.73377	0.12380	0.14243
593 T	0.73424	0.12077	0.145
594 A	0.73410	0.12002	0.14588
595 T	0.73422	0.11746	0.14833
596 T	0.73400	0.11179	0.1542
597 A	0.72880	0.11486	0.15635
598 A	0.72383	0.11627	0.15989
599 A	0.72512	0.10978	0.1651
600 T	0.72577	0.09598	0.17825
601 G	0.72600	0.08690	0.18709
602 A	0.72705	0.08579	0.18716
603 T	0.73011	0.07101	0.19888
604 T	0.73141	0.06521	0.20338
605 T	0.73097	0.06348	0.20555
606 T	0.71571	0.08109	0.20321
607 C	0.69516	0.10531	0.19954
608 T	0.68017	0.12873	0.19109
609 C	0.63551	0.18993	0.17456
610 G	0.58644	0.24948	0.16409
611 A	0.56139	0.28039	0.15822
612 T	0.54317	0.30307	0.15376
613 A	0.50428	0.34581	0.14991
614 C	0.48464	0.36837	0.147
615 A	0.47176	0.38982	0.13842
616 G	0.46668	0.39885	0.13448
617 A	0.46397	0.40385	0.13218
618 T	0.46359	0.40450	0.13192
619 A	0.46247	0.40545	0.13207
620 A	0.46329	0.39983	0.13688
621 C	0.46448	0.39316	0.14236
622 C	0.46563	0.39128	0.14308
623 C	0.46677	0.39094	0.14229
624 A	0.46814	0.39506	0.1368
625 A	0.47361	0.39451	0.13188
626 A	0.47545	0.39414	0.13041
627 A	0.47990	0.38999	0.13011
628 A	0.48382	0.38420	0.13198
629 T	0.49471	0.34722	0.15807
630 T	0.50014	0.31780	0.18206
631 A	0.50552	0.29340	0.20109
632 A	0.51628	0.24346	0.24026
633 T	0.52622	0.18253	0.29126
634 T	0.52880	0.15646	0.31473
635 T	0.52766	0.14687	0.32547
636 A	0.52139	0.13482	0.3438
637 G	0.51756	0.12254	0.3599
638 T	0.52082	0.11030	0.36888
639 A	0.51347	0.11664	0.36989
640 A	0.50747	0.11926	0.37327
641 C	0.50047	0.12347	0.37606
642 T	0.49481	0.13357	0.37162
643 A	0.47595	0.16601	0.35805
644 C	0.46559	0.18119	0.35321
645 A	0.45776	0.21083	0.33142
646 A	0.45441	0.24069	0.3049
647 A	0.45483	0.26615	0.27902
648 T	0.45602	0.28165	0.26233
649 T	0.45213	0.30065	0.24722
650 T	0.44220	0.32359	0.23421
651 A	0.42960	0.34835	0.22205
652 A	0.42112	0.36536	0.21352
653 T	0.42136	0.36450	0.21415
654 A	0.42143	0.36307	0.2155
655 T	0.42439	0.35730	0.21831
656 T	0.42764	0.35137	0.22099
657 G	0.42923	0.34698	0.22379
658 T	0.43366	0.33876	0.22757
659 A	0.43851	0.32857	0.23293
660 T	0.43976	0.32254	0.2377
661 A	0.44069	0.31907	0.24025
662 A	0.44330	0.30757	0.24913
663 A	0.44431	0.29771	0.25797
664 G	0.44710	0.28554	0.26736
665 A	0.45575	0.27046	0.27379
666 T	0.47490	0.23461	0.29049
667 A	0.48213	0.21809	0.29978
668 A	0.50256	0.18919	0.30824
669 A	0.52817	0.15690	0.31492
670 G	0.55968	0.11618	0.32414
671 T	0.58641	0.08175	0.33184
672 T	0.60512	0.05564	0.33924
673 T	0.61689	0.03416	0.34894
674 A	0.62370	0.01698	0.35932
675 A	0.63069	0.00000	0.36932
