# lcl|CP097583.1_cds_USQ93180.1_1
# AA	inside	membr	outside
1 A	0.38299	0.00000	0.61702
2 T	0.38267	0.00032	0.61702
3 G	0.38240	0.00059	0.61702
4 G	0.38240	0.02465	0.59296
5 A	0.37830	0.08244	0.53926
6 A	0.37830	0.09394	0.52776
7 A	0.37000	0.10757	0.52243
8 A	0.37000	0.10772	0.52229
9 T	0.36936	0.11127	0.51937
10 T	0.36936	0.24922	0.38142
11 T	0.36904	0.25760	0.37336
12 T	0.35615	0.27768	0.36617
13 T	0.32152	0.34099	0.33749
14 T	0.32151	0.34101	0.33749
15 T	0.32151	0.52466	0.15383
16 A	0.31582	0.53035	0.15383
17 A	0.30788	0.53988	0.15223
18 T	0.30754	0.54455	0.14791
19 A	0.29054	0.56485	0.14461
20 A	0.23937	0.68561	0.07502
21 G	0.15705	0.76849	0.07446
22 A	0.15491	0.78120	0.06389
23 A	0.15426	0.78536	0.06037
24 T	0.15634	0.78521	0.05845
25 A	0.15688	0.78584	0.05728
26 A	0.15799	0.78514	0.05688
27 A	0.17693	0.76615	0.05693
28 A	0.22176	0.71807	0.06017
29 A	0.23509	0.70442	0.0605
30 A	0.25568	0.67657	0.06775
31 A	0.26794	0.66275	0.06931
32 T	0.29183	0.63546	0.07272
33 T	0.41921	0.50399	0.0768
34 A	0.43282	0.48879	0.07839
35 T	0.48686	0.42245	0.09069
36 T	0.51182	0.37200	0.11619
37 T	0.51889	0.36375	0.11736
38 T	0.60402	0.27736	0.11862
39 A	0.60372	0.27546	0.12083
40 A	0.60788	0.26301	0.12911
41 T	0.61548	0.24799	0.13653
42 A	0.62088	0.22784	0.15128
43 A	0.68241	0.12185	0.19573
44 T	0.69008	0.04367	0.26626
45 T	0.70300	0.02970	0.2673
46 T	0.70582	0.02685	0.26733
47 T	0.70642	0.02843	0.26515
48 T	0.70525	0.03497	0.25978
49 A	0.70297	0.04092	0.25611
50 T	0.70200	0.04356	0.25444
51 T	0.70019	0.04621	0.25361
52 A	0.69661	0.05186	0.25154
53 T	0.69191	0.05889	0.2492
54 T	0.68698	0.06633	0.24669
55 G	0.67944	0.08080	0.23977
56 G	0.67763	0.09005	0.23231
57 G	0.67725	0.10282	0.21993
58 A	0.67719	0.12084	0.20197
59 T	0.67845	0.11990	0.20165
60 T	0.67959	0.11864	0.20177
61 A	0.68004	0.11803	0.20194
62 T	0.68297	0.11338	0.20365
63 C	0.68337	0.11268	0.20395
64 C	0.68388	0.11215	0.20396
65 T	0.68564	0.11055	0.20381
66 G	0.68639	0.10998	0.20362
67 G	0.68791	0.10880	0.20329
68 T	0.69155	0.10538	0.20307
69 T	0.69427	0.10273	0.203
70 A	0.69703	0.09934	0.20364
71 T	0.70361	0.09068	0.20571
72 T	0.70706	0.08430	0.20863
73 T	0.70867	0.08055	0.21077
74 T	0.70949	0.07672	0.21378
75 A	0.71076	0.07312	0.21612
76 G	0.71296	0.06688	0.22016
77 G	0.71704	0.05929	0.22367
78 T	0.72889	0.04207	0.22905
79 T	0.73754	0.03199	0.23047
80 T	0.74825	0.02116	0.23059
81 A	0.75894	0.01103	0.23003
82 T	0.75974	0.01081	0.22946
83 T	0.75947	0.01243	0.22811
84 T	0.75883	0.01689	0.22427
85 A	0.75725	0.02712	0.21562
86 T	0.75609	0.03801	0.20591
87 T	0.75095	0.05663	0.19242
88 T	0.73953	0.08741	0.17306
89 A	0.72410	0.10554	0.17035
90 T	0.71703	0.11381	0.16915
91 T	0.71048	0.12062	0.1689
92 T	0.70221	0.12906	0.16874
93 C	0.69447	0.13692	0.16862
94 A	0.69021	0.14207	0.16772
95 C	0.68854	0.14376	0.1677
96 T	0.68121	0.15142	0.16736
97 T	0.67341	0.16003	0.16656
98 T	0.66201	0.17217	0.16582
99 C	0.64392	0.19152	0.16456
100 T	0.62879	0.21298	0.15823
101 T	0.60562	0.24039	0.15398
102 A	0.56981	0.28255	0.14764
103 A	0.54170	0.31628	0.14202
104 A	0.50628	0.36046	0.13327
105 A	0.48539	0.38413	0.13048
106 A	0.46364	0.41146	0.1249
107 A	0.46393	0.41502	0.12105
108 A	0.47170	0.40936	0.11894
109 A	0.48202	0.39669	0.12129
110 A	0.49509	0.37555	0.12936
111 T	0.51332	0.34209	0.14459
112 T	0.51548	0.32344	0.16108
113 C	0.51592	0.31560	0.16848
114 T	0.51461	0.31815	0.16724
115 A	0.50719	0.33548	0.15733
116 A	0.50245	0.34445	0.1531
117 T	0.49953	0.34625	0.15423
118 A	0.49356	0.35195	0.15449
119 G	0.48904	0.34003	0.17093
120 T	0.48483	0.33036	0.18481
121 G	0.47985	0.32071	0.19944
122 G	0.47799	0.31026	0.21175
123 T	0.48284	0.30287	0.21429
124 A	0.48448	0.30738	0.20814
125 A	0.48881	0.27933	0.23186
126 A	0.49225	0.25214	0.25562
127 T	0.49965	0.20818	0.29217
128 A	0.49893	0.18915	0.31192
129 C	0.49622	0.16964	0.33413
130 G	0.49237	0.17220	0.33543
131 C	0.48786	0.17761	0.33453
132 T	0.48133	0.18986	0.32882
133 G	0.44866	0.23351	0.31783
134 G	0.43710	0.25689	0.30601
135 T	0.43533	0.27409	0.29057
136 A	0.42918	0.31112	0.2597
137 A	0.42912	0.33028	0.2406
138 A	0.44046	0.33367	0.22586
139 T	0.44745	0.32637	0.22617
140 T	0.44354	0.32924	0.22722
141 A	0.41786	0.35641	0.22573
142 A	0.38970	0.38008	0.23021
143 C	0.36353	0.40005	0.23642
144 G	0.31831	0.44311	0.23858
145 A	0.29775	0.46405	0.23819
146 C	0.29731	0.46423	0.23847
147 T	0.30604	0.45980	0.23416
148 G	0.28617	0.48521	0.22861
149 A	0.27343	0.49958	0.227
150 A	0.26365	0.51090	0.22545
151 G	0.25631	0.52015	0.22354
152 T	0.25153	0.52527	0.22321
153 A	0.24535	0.52501	0.22964
154 G	0.24726	0.51281	0.23992
155 A	0.25286	0.50042	0.24671
156 T	0.26616	0.45500	0.27884
157 C	0.27397	0.43893	0.28711
158 A	0.28299	0.43334	0.28367
159 G	0.29383	0.42371	0.28246
160 G	0.30423	0.41940	0.27637
161 A	0.31831	0.41661	0.26507
162 T	0.31454	0.43254	0.25291
163 A	0.29695	0.46576	0.23729
164 A	0.29363	0.46236	0.24402
165 A	0.28999	0.44836	0.26165
166 A	0.28814	0.42523	0.28663
167 T	0.28963	0.37822	0.33215
168 T	0.28836	0.38447	0.32716
169 G	0.28661	0.41488	0.29851
170 A	0.27726	0.50008	0.22267
171 T	0.27163	0.50226	0.22611
172 A	0.25929	0.50535	0.23535
173 A	0.25295	0.50341	0.24364
174 A	0.25156	0.49774	0.25071
175 C	0.25888	0.48163	0.2595
176 C	0.25698	0.48074	0.26229
177 A	0.25594	0.50079	0.24327
178 A	0.25585	0.52788	0.21626
179 T	0.24468	0.56815	0.18717
180 A	0.20736	0.65251	0.14013
181 A	0.16756	0.73726	0.09518
182 A	0.15301	0.75856	0.08843
183 A	0.15607	0.74841	0.09553
184 A	0.16240	0.73777	0.09983
185 A	0.17231	0.72380	0.10389
186 A	0.19165	0.69941	0.10893
187 C	0.20654	0.68045	0.11301
188 A	0.20899	0.68624	0.10478
189 A	0.21066	0.69555	0.09379
190 A	0.21856	0.69292	0.08851
191 C	0.24330	0.66401	0.0927
192 A	0.26621	0.64115	0.09264
193 G	0.32780	0.56599	0.10621
194 T	0.34028	0.54480	0.11492
195 T	0.33481	0.54131	0.12388
196 C	0.32384	0.54980	0.12635
197 A	0.30704	0.56755	0.12542
198 A	0.29410	0.58417	0.12174
199 G	0.28140	0.59981	0.11879
200 A	0.29251	0.60661	0.10088
201 A	0.31563	0.58302	0.10136
202 A	0.34600	0.53679	0.11721
203 A	0.38639	0.45838	0.15522
204 T	0.42901	0.37055	0.20044
205 C	0.43789	0.34307	0.21904
206 A	0.43589	0.34844	0.21566
207 G	0.43589	0.35673	0.20738
208 A	0.44246	0.36466	0.19288
209 A	0.45696	0.35481	0.18823
210 T	0.46813	0.34509	0.18678
211 A	0.47680	0.33025	0.19294
212 T	0.49142	0.30470	0.20389
213 T	0.49516	0.30161	0.20323
214 A	0.49410	0.29858	0.20732
215 T	0.49492	0.28438	0.2207
216 T	0.49188	0.27626	0.23186
217 T	0.48685	0.27689	0.23627
218 C	0.47102	0.28955	0.23943
219 T	0.46046	0.29896	0.24059
220 A	0.43155	0.32719	0.24127
221 A	0.40544	0.35274	0.24181
222 A	0.37893	0.37479	0.24628
223 C	0.38263	0.36761	0.24976
224 T	0.37611	0.37754	0.24635
225 A	0.36545	0.40004	0.23451
226 G	0.36318	0.40437	0.23244
227 T	0.36552	0.40380	0.23069
228 T	0.36121	0.40964	0.22914
229 A	0.34278	0.43602	0.2212
230 A	0.34217	0.44152	0.21631
231 A	0.34364	0.44707	0.20929
232 A	0.34139	0.45477	0.20383
233 T	0.33515	0.46385	0.20101
234 T	0.32350	0.48607	0.19042
235 A	0.31036	0.52610	0.16354
236 T	0.30513	0.54306	0.15181
237 A	0.28109	0.58369	0.13522
238 A	0.26873	0.60174	0.12953
239 A	0.25224	0.61514	0.13263
240 A	0.23334	0.62692	0.13974
241 G	0.22328	0.62171	0.15501
242 A	0.21496	0.62289	0.16214
243 A	0.21363	0.60711	0.17925
244 A	0.22078	0.57984	0.19938
245 T	0.23031	0.54199	0.2277
246 A	0.23048	0.53299	0.23653
247 A	0.23701	0.51894	0.24405
248 T	0.25007	0.49331	0.25662
249 T	0.25426	0.48342	0.26232
250 G	0.25078	0.48540	0.26381
251 A	0.24986	0.48374	0.26641
252 A	0.25951	0.45484	0.28564
253 A	0.26571	0.43792	0.29637
254 A	0.27655	0.41060	0.31286
255 A	0.28981	0.37927	0.33092
256 C	0.30235	0.32913	0.36852
257 C	0.31971	0.28078	0.39952
258 T	0.34907	0.24309	0.40785
259 G	0.36075	0.22689	0.41236
260 T	0.37858	0.20254	0.41888
261 T	0.38274	0.19527	0.42199
262 G	0.37837	0.18752	0.43411
263 A	0.37750	0.16754	0.45496
264 G	0.37918	0.15391	0.46692
265 G	0.38617	0.14253	0.4713
266 T	0.39878	0.13149	0.46972
267 T	0.40533	0.13851	0.45617
268 A	0.40501	0.17327	0.42172
269 T	0.40734	0.20593	0.38673
270 T	0.39446	0.28856	0.31697
271 A	0.38070	0.40408	0.21523
272 A	0.37051	0.45560	0.17389
273 A	0.36626	0.48181	0.15193
274 G	0.36831	0.48664	0.14505
275 A	0.36897	0.49186	0.13917
276 A	0.36817	0.49331	0.13852
277 G	0.36787	0.49347	0.13866
278 T	0.36818	0.49356	0.13825
279 T	0.36804	0.49430	0.13765
280 G	0.36724	0.49546	0.1373
281 T	0.36768	0.49508	0.13724
282 G	0.36761	0.49588	0.1365
283 A	0.36798	0.49547	0.13655
284 A	0.36988	0.49144	0.13868
285 G	0.37543	0.47936	0.14522
286 A	0.38160	0.46999	0.14841
287 C	0.39232	0.45606	0.15163
288 T	0.40586	0.44455	0.1496
289 G	0.41675	0.43350	0.14975
290 A	0.43433	0.41528	0.15039
291 A	0.46961	0.37775	0.15264
292 A	0.51318	0.33216	0.15467
293 C	0.59351	0.23375	0.17274
294 T	0.69886	0.11570	0.18543
295 G	0.73425	0.07044	0.19531
296 T	0.75710	0.04423	0.19866
297 T	0.76239	0.04154	0.19607
298 T	0.75730	0.05706	0.18564
299 A	0.74093	0.09109	0.16798
300 T	0.71136	0.13193	0.15671
301 G	0.66739	0.18341	0.1492
302 T	0.63497	0.22089	0.14414
303 T	0.58149	0.28160	0.13691
304 G	0.49699	0.37251	0.13049
305 A	0.41919	0.45491	0.12589
306 C	0.37542	0.49876	0.12582
307 A	0.35233	0.52222	0.12545
308 A	0.34552	0.52900	0.12548
309 G	0.34420	0.53021	0.12559
310 C	0.34422	0.53014	0.12564
311 C	0.34595	0.52856	0.12549
312 T	0.34601	0.52936	0.12464
313 A	0.34446	0.53218	0.12336
314 T	0.34419	0.53283	0.12298
315 T	0.34232	0.53532	0.12236
316 G	0.33655	0.54193	0.12153
317 A	0.33106	0.54861	0.12034
318 A	0.33033	0.54888	0.12079
319 A	0.33192	0.54487	0.12321
320 A	0.33561	0.53529	0.1291
321 A	0.34776	0.51011	0.14214
322 A	0.36766	0.46883	0.1635
323 T	0.38341	0.40508	0.21151
324 A	0.38979	0.33451	0.2757
325 G	0.39499	0.27280	0.33221
326 T	0.40231	0.21202	0.38567
327 T	0.40652	0.16711	0.42637
328 T	0.40864	0.13743	0.45393
329 A	0.40770	0.14213	0.45018
330 T	0.40695	0.15809	0.43496
331 G	0.40484	0.18399	0.41117
332 T	0.40348	0.23579	0.36073
333 A	0.39323	0.32220	0.28457
334 G	0.37139	0.38403	0.24458
335 A	0.35949	0.42996	0.21054
336 T	0.35475	0.44208	0.20317
337 A	0.34395	0.45520	0.20086
338 A	0.33261	0.46616	0.20123
339 A	0.32274	0.47241	0.20485
340 C	0.31520	0.47602	0.20877
341 C	0.30426	0.49643	0.1993
342 A	0.29920	0.52592	0.17487
343 G	0.29769	0.54345	0.15885
344 T	0.29704	0.55436	0.14859
345 A	0.29443	0.57008	0.13549
346 G	0.29387	0.57164	0.13449
347 A	0.29542	0.56972	0.13486
348 G	0.29780	0.56667	0.13554
349 A	0.30522	0.55861	0.13618
350 C	0.32642	0.53543	0.13815
351 C	0.35353	0.50846	0.138
352 A	0.39015	0.47398	0.13587
353 T	0.43556	0.42927	0.13517
354 A	0.45545	0.41041	0.13414
355 A	0.49947	0.36628	0.13425
356 T	0.56257	0.29438	0.14305
357 T	0.58979	0.24341	0.1668
358 G	0.59229	0.22900	0.1787
359 A	0.58277	0.23838	0.17885
360 A	0.57862	0.23648	0.18491
361 A	0.55134	0.25336	0.19531
362 A	0.53693	0.25680	0.20626
363 A	0.53342	0.24857	0.21801
364 C	0.54449	0.22220	0.23331
365 C	0.56838	0.19403	0.23758
366 T	0.58492	0.18089	0.23419
367 G	0.58689	0.18310	0.23001
368 T	0.59350	0.17760	0.22891
369 T	0.58573	0.18904	0.22523
370 G	0.56920	0.21487	0.21593
371 A	0.55707	0.24672	0.19621
372 G	0.54446	0.27907	0.17647
373 G	0.54028	0.29729	0.16243
374 T	0.53950	0.29974	0.16075
375 T	0.53372	0.30933	0.15695
376 A	0.51609	0.33012	0.15379
377 T	0.50614	0.33749	0.15637
378 C	0.49338	0.34778	0.15884
379 A	0.48341	0.35923	0.15737
380 A	0.47833	0.36123	0.16044
381 A	0.47787	0.35110	0.17103
382 G	0.48083	0.33429	0.18487
383 A	0.48182	0.32857	0.18961
384 G	0.48186	0.29666	0.22149
385 G	0.48227	0.28175	0.23598
386 T	0.48254	0.27421	0.24326
387 T	0.47758	0.27933	0.24309
388 G	0.47087	0.29387	0.23526
389 A	0.47120	0.30989	0.21891
390 T	0.47180	0.32108	0.20712
391 A	0.46444	0.34059	0.19497
392 A	0.45966	0.34700	0.19333
393 A	0.46470	0.34161	0.19369
394 A	0.48383	0.31494	0.20122
395 T	0.50729	0.27750	0.21521
396 T	0.51967	0.26091	0.21942
397 A	0.52137	0.25989	0.21875
398 T	0.52580	0.25175	0.22245
399 T	0.52428	0.23979	0.23592
400 T	0.50153	0.25442	0.24404
401 A	0.43682	0.31513	0.24806
402 T	0.42073	0.32800	0.25127
403 C	0.39892	0.35419	0.24689
404 A	0.38123	0.38471	0.23406
405 A	0.36801	0.40740	0.22459
406 G	0.36217	0.41821	0.21962
407 A	0.35777	0.42846	0.21376
408 T	0.34856	0.44288	0.20856
409 A	0.32332	0.47430	0.20238
410 A	0.31357	0.48292	0.20351
411 A	0.31481	0.48051	0.20468
412 A	0.32927	0.46574	0.20499
413 T	0.34869	0.44252	0.2088
414 A	0.35872	0.42813	0.21315
415 G	0.36561	0.41471	0.21968
416 T	0.37562	0.40455	0.21983
417 T	0.37005	0.42122	0.20872
418 G	0.34284	0.47715	0.18002
419 A	0.31284	0.54955	0.13761
420 A	0.29462	0.57967	0.12571
421 A	0.29040	0.58117	0.12843
422 A	0.28735	0.57515	0.1375
423 A	0.28737	0.54064	0.17199
424 C	0.29333	0.45674	0.24993
425 C	0.29982	0.43549	0.26469
426 T	0.31005	0.41654	0.27341
427 A	0.31897	0.40324	0.27779
428 T	0.32911	0.38572	0.28517
429 T	0.33367	0.37777	0.28856
430 G	0.33484	0.37073	0.29443
431 A	0.33718	0.34934	0.31348
432 G	0.34332	0.31320	0.34348
433 G	0.34892	0.30087	0.35021
434 T	0.35504	0.29327	0.35168
435 T	0.35668	0.30349	0.33984
436 G	0.35317	0.33666	0.31017
437 A	0.35387	0.39013	0.256
438 A	0.35239	0.46414	0.18346
439 A	0.34958	0.47826	0.17217
440 A	0.35598	0.47904	0.16498
441 A	0.38089	0.44419	0.17492
442 A	0.41914	0.38018	0.20068
443 T	0.43511	0.34561	0.21928
444 T	0.43535	0.34440	0.22025
445 A	0.43281	0.36005	0.20714
446 T	0.43090	0.37280	0.1963
447 T	0.42342	0.38270	0.19388
448 T	0.39580	0.41562	0.18858
449 A	0.34348	0.48114	0.17538
450 T	0.33053	0.50703	0.16244
451 C	0.30861	0.55533	0.13606
452 A	0.28584	0.58659	0.12756
453 A	0.26806	0.60893	0.123
454 G	0.26100	0.61747	0.12152
455 A	0.25832	0.62257	0.11912
456 C	0.26033	0.62246	0.11721
457 A	0.26459	0.62772	0.10769
458 A	0.28136	0.61341	0.10523
459 A	0.31052	0.58530	0.10417
460 A	0.36247	0.53249	0.10504
461 T	0.42960	0.46145	0.10895
462 A	0.43632	0.44719	0.1165
463 A	0.45108	0.42635	0.12257
464 T	0.46580	0.40672	0.12749
465 T	0.46558	0.40637	0.12805
466 G	0.44716	0.42889	0.12394
467 A	0.42787	0.45668	0.11544
468 A	0.43547	0.44802	0.11651
469 A	0.42297	0.45487	0.12215
470 A	0.41684	0.44789	0.13528
471 A	0.41802	0.40664	0.17533
472 C	0.42996	0.32727	0.24276
473 C	0.44367	0.30133	0.255
474 T	0.46851	0.27324	0.25825
475 A	0.47185	0.27618	0.25196
476 T	0.47622	0.26693	0.25685
477 T	0.47213	0.27163	0.25623
478 G	0.45826	0.28807	0.25367
479 A	0.44754	0.29975	0.2527
480 G	0.43670	0.33111	0.23219
481 G	0.43546	0.36447	0.20007
482 T	0.43904	0.36098	0.19998
483 T	0.43508	0.36856	0.19636
484 A	0.42239	0.38398	0.19363
485 T	0.41501	0.38644	0.19856
486 C	0.40103	0.39816	0.2008
487 A	0.39111	0.41053	0.19836
488 A	0.38577	0.41230	0.20192
489 A	0.38844	0.39483	0.21672
490 G	0.39481	0.36925	0.23595
491 A	0.39581	0.36552	0.23866
492 G	0.39600	0.33849	0.26551
493 G	0.39701	0.33185	0.27114
494 T	0.39808	0.32625	0.27566
495 T	0.39412	0.33182	0.27406
496 G	0.38778	0.34680	0.26542
497 A	0.38930	0.36457	0.24613
498 T	0.39664	0.37649	0.22687
499 A	0.39021	0.40327	0.20652
500 A	0.38461	0.41413	0.20126
501 A	0.38924	0.40974	0.20102
502 A	0.40199	0.38895	0.20906
503 T	0.43626	0.33547	0.22827
504 T	0.46637	0.30120	0.23243
505 A	0.47024	0.29866	0.2311
506 T	0.47821	0.28794	0.23385
507 T	0.47884	0.27707	0.24409
508 T	0.46035	0.28881	0.25084
509 A	0.39500	0.34942	0.25558
510 T	0.37761	0.36320	0.25919
511 C	0.35909	0.38513	0.25577
512 A	0.34352	0.41462	0.24186
513 A	0.33338	0.43476	0.23186
514 G	0.33024	0.44297	0.22679
515 A	0.32618	0.45310	0.22072
516 T	0.31870	0.46568	0.21562
517 A	0.29713	0.49478	0.20808
518 A	0.28891	0.50271	0.20838
519 A	0.29168	0.49887	0.20945
520 A	0.30911	0.48141	0.20948
521 T	0.33444	0.45225	0.2133
522 A	0.34957	0.43296	0.21747
523 G	0.35791	0.41718	0.2249
524 T	0.36775	0.40715	0.2251
525 T	0.36195	0.42510	0.21295
526 G	0.33307	0.48423	0.1827
527 A	0.29974	0.56326	0.13699
528 A	0.27868	0.59744	0.12387
529 A	0.27388	0.59975	0.12637
530 A	0.27082	0.59430	0.13487
531 A	0.27110	0.56366	0.16525
532 C	0.27738	0.47962	0.24299
533 C	0.28385	0.45747	0.25868
534 T	0.29414	0.43951	0.26635
535 A	0.30395	0.42578	0.27027
536 T	0.31476	0.40872	0.27652
537 T	0.31964	0.40081	0.27955
538 G	0.32096	0.39284	0.28621
539 A	0.32331	0.36903	0.30767
540 G	0.33048	0.33317	0.33636
541 G	0.33652	0.32029	0.34319
542 T	0.34280	0.31288	0.34431
543 T	0.34454	0.32273	0.33274
544 G	0.34096	0.35551	0.30352
545 A	0.34217	0.40498	0.25285
546 A	0.34083	0.47818	0.18099
547 A	0.33805	0.49253	0.16942
548 A	0.34525	0.49250	0.16224
549 A	0.37161	0.45408	0.1743
550 A	0.41277	0.38352	0.20371
551 T	0.42996	0.34496	0.22508
552 T	0.43022	0.34339	0.22639
553 A	0.42762	0.36022	0.21217
554 T	0.42559	0.37360	0.2008
555 T	0.41777	0.38406	0.19817
556 T	0.38846	0.41887	0.19268
557 A	0.33478	0.48587	0.17936
558 T	0.32167	0.51239	0.16594
559 C	0.29922	0.56257	0.13821
560 A	0.27564	0.59525	0.12911
561 A	0.25719	0.61850	0.1243
562 G	0.24977	0.62748	0.12275
563 A	0.24690	0.63289	0.12022
564 C	0.24914	0.63275	0.11811
565 A	0.25373	0.63850	0.10776
566 A	0.27033	0.62446	0.1052
567 A	0.29915	0.59673	0.10412
568 A	0.34848	0.54657	0.10495
569 T	0.41534	0.47563	0.10903
570 A	0.42261	0.46054	0.11686
571 A	0.43778	0.43910	0.12312
572 T	0.45237	0.41944	0.12819
573 T	0.45221	0.41895	0.12884
574 G	0.43443	0.44095	0.12462
575 A	0.41580	0.46850	0.11571
576 A	0.42454	0.45869	0.11676
577 A	0.41310	0.46427	0.12262
578 A	0.40769	0.45604	0.13628
579 A	0.40968	0.41172	0.1786
580 C	0.42209	0.32990	0.24801
581 C	0.43637	0.30325	0.26038
582 T	0.46240	0.27428	0.26332
583 A	0.46639	0.27745	0.25616
584 T	0.47124	0.26768	0.26107
585 T	0.46768	0.27202	0.26029
586 G	0.45476	0.28798	0.25726
587 A	0.44510	0.29957	0.25532
588 G	0.43658	0.33150	0.23192
589 G	0.43601	0.36679	0.19719
590 T	0.43983	0.36350	0.19666
591 T	0.43635	0.37123	0.19243
592 A	0.42452	0.38626	0.18922
593 T	0.41773	0.38848	0.19379
594 C	0.40443	0.39993	0.19564
595 A	0.39506	0.41214	0.19279
596 A	0.39010	0.41374	0.19616
597 A	0.39326	0.39614	0.21061
598 G	0.40026	0.37035	0.22938
599 A	0.40152	0.36671	0.23177
600 G	0.40184	0.34043	0.25773
601 G	0.40294	0.33416	0.2629
602 T	0.40409	0.32880	0.26711
603 T	0.40056	0.33418	0.26526
604 G	0.39466	0.34906	0.25627
605 A	0.39687	0.36669	0.23644
606 T	0.40557	0.37827	0.21616
607 A	0.39990	0.40448	0.19561
608 A	0.39539	0.41460	0.19001
609 A	0.40113	0.40951	0.18936
610 A	0.41479	0.38852	0.1967
611 T	0.45216	0.33361	0.21423
612 T	0.48434	0.29766	0.21799
613 A	0.48872	0.29438	0.2169
614 T	0.49737	0.28282	0.2198
615 T	0.49780	0.27261	0.22959
616 T	0.47644	0.28750	0.23606
617 A	0.40141	0.35766	0.24094
618 T	0.38131	0.37407	0.24462
619 C	0.35974	0.39828	0.24198
620 A	0.34184	0.42812	0.23004
621 A	0.33005	0.44818	0.22178
622 G	0.32608	0.45629	0.21763
623 A	0.32108	0.46642	0.2125
624 T	0.31067	0.48112	0.20821
625 A	0.28508	0.51293	0.20199
626 A	0.27474	0.52258	0.20268
627 A	0.27647	0.51929	0.20424
628 A	0.29380	0.50132	0.20488
629 T	0.31996	0.47113	0.20891
630 A	0.33428	0.45234	0.21338
631 G	0.34218	0.43741	0.22041
632 T	0.35124	0.42804	0.22072
633 T	0.34407	0.44587	0.21005
634 G	0.31232	0.50448	0.1832
635 A	0.27465	0.58232	0.14303
636 A	0.25255	0.61547	0.13198
637 A	0.24699	0.61790	0.13511
638 A	0.24330	0.61179	0.14491
639 A	0.24277	0.57735	0.17988
640 C	0.24795	0.48307	0.26898
641 C	0.25353	0.45949	0.28698
642 T	0.26247	0.44138	0.29615
643 A	0.27070	0.42846	0.30083
644 T	0.27958	0.41234	0.30808
645 T	0.28353	0.40489	0.31159
646 G	0.28467	0.39613	0.3192
647 A	0.28669	0.36905	0.34426
648 G	0.29287	0.32987	0.37726
649 G	0.29812	0.31649	0.38539
650 T	0.30365	0.31030	0.38606
651 T	0.30545	0.32258	0.37197
652 G	0.30258	0.35954	0.33789
653 A	0.30377	0.41762	0.27861
654 A	0.30332	0.50235	0.19433
655 A	0.30193	0.51735	0.18073
656 A	0.30931	0.51989	0.17081
657 A	0.33358	0.48364	0.18277
658 A	0.37015	0.41459	0.21526
659 T	0.38536	0.37851	0.23613
660 T	0.38588	0.37790	0.23622
661 A	0.38397	0.39639	0.21964
662 T	0.38260	0.41092	0.20648
663 T	0.37662	0.41964	0.20374
664 T	0.35486	0.44792	0.19722
665 A	0.31214	0.50720	0.18066
666 T	0.30134	0.53441	0.16424
667 C	0.28325	0.58578	0.13097
668 A	0.26374	0.61558	0.12068
669 A	0.24800	0.63654	0.11546
670 G	0.24188	0.64443	0.11368
671 A	0.23977	0.64919	0.11104
672 C	0.24381	0.64717	0.10902
673 A	0.25119	0.64920	0.09961
674 A	0.27136	0.63175	0.0969
675 A	0.30508	0.59905	0.09587
676 A	0.36262	0.54068	0.0967
677 T	0.44072	0.45932	0.09996
678 A	0.44868	0.44508	0.10625
679 A	0.46713	0.42203	0.11084
680 T	0.48395	0.40148	0.11457
681 T	0.48321	0.40141	0.11538
682 G	0.46137	0.42550	0.11313
683 A	0.43578	0.45637	0.10786
684 A	0.44250	0.44840	0.10911
685 A	0.41957	0.46671	0.11372
686 A	0.40918	0.46644	0.12438
687 A	0.40895	0.43548	0.15556
688 C	0.42283	0.36619	0.21098
689 C	0.43888	0.33917	0.22196
690 T	0.46956	0.30430	0.22614
691 A	0.47127	0.30470	0.22403
692 T	0.47419	0.29640	0.22942
693 T	0.46596	0.30433	0.22971
694 G	0.44417	0.32692	0.22891
695 A	0.42459	0.34521	0.2302
696 G	0.39876	0.38208	0.21917
697 G	0.39373	0.40681	0.19946
698 T	0.39559	0.40240	0.20201
699 T	0.38845	0.40930	0.20225
700 A	0.37184	0.42608	0.20209
701 T	0.36211	0.42847	0.20941
702 C	0.34414	0.44026	0.21561
703 A	0.33247	0.45223	0.21531
704 A	0.32720	0.45168	0.22112
705 A	0.32836	0.43323	0.23841
706 G	0.33270	0.40361	0.26369
707 A	0.33349	0.39609	0.27042
708 G	0.33367	0.35384	0.31249
709 G	0.33434	0.34100	0.32466
710 T	0.33532	0.33343	0.33125
711 T	0.33436	0.33735	0.32828
712 G	0.33165	0.35090	0.31745
713 A	0.33252	0.37329	0.29419
714 T	0.33734	0.38754	0.27512
715 A	0.33549	0.41140	0.25311
716 A	0.33496	0.42237	0.24268
717 A	0.33864	0.42256	0.2388
718 A	0.34825	0.40007	0.25169
719 T	0.37145	0.34404	0.28451
720 T	0.39250	0.31994	0.28756
721 A	0.39374	0.32640	0.27986
722 T	0.39731	0.32737	0.27533
723 T	0.39719	0.31781	0.285
724 T	0.38636	0.32631	0.28733
725 A	0.35098	0.36621	0.28282
726 T	0.34048	0.38019	0.27933
727 C	0.33016	0.40991	0.25993
728 A	0.32241	0.45891	0.21869
729 A	0.31846	0.48937	0.19217
730 G	0.31874	0.49953	0.18172
731 A	0.31873	0.51062	0.17064
732 T	0.32187	0.51688	0.16125
733 A	0.32129	0.53364	0.14508
734 A	0.32842	0.53393	0.13766
735 A	0.34207	0.52631	0.13161
736 A	0.36701	0.50400	0.12899
737 T	0.39594	0.47518	0.12887
738 A	0.41436	0.45864	0.127
739 A	0.43470	0.43663	0.12867
740 T	0.45735	0.41095	0.1317
741 T	0.46348	0.40759	0.12892
742 G	0.44848	0.43079	0.12072
743 A	0.43821	0.45373	0.10807
744 A	0.43984	0.45347	0.1067
745 A	0.42569	0.46437	0.10994
746 A	0.41764	0.46702	0.11533
747 A	0.42342	0.44436	0.13221
748 C	0.44729	0.37957	0.17314
749 C	0.46614	0.35100	0.18287
750 T	0.49474	0.32365	0.18161
751 A	0.51841	0.31198	0.16961
752 T	0.53931	0.29377	0.16692
753 T	0.53774	0.29923	0.16303
754 G	0.51919	0.32333	0.15748
755 A	0.50475	0.33212	0.16313
756 G	0.48910	0.34447	0.16644
757 G	0.48591	0.35099	0.1631
758 T	0.49045	0.34409	0.16546
759 C	0.47943	0.35453	0.16604
760 A	0.46778	0.36900	0.16322
761 T	0.46302	0.37334	0.16364
762 C	0.44579	0.39112	0.16309
763 A	0.42837	0.41088	0.16075
764 A	0.42073	0.41865	0.16062
765 A	0.42523	0.39825	0.17652
766 G	0.43341	0.37371	0.19289
767 A	0.43504	0.36555	0.19941
768 G	0.43579	0.33411	0.2301
769 G	0.43747	0.32172	0.2408
770 T	0.43855	0.31521	0.24624
771 T	0.43113	0.32347	0.2454
772 G	0.41993	0.34159	0.23848
773 A	0.41911	0.35603	0.22486
774 T	0.42471	0.36316	0.21213
775 A	0.41380	0.38648	0.19971
776 A	0.40296	0.39728	0.19975
777 A	0.40237	0.39011	0.20752
778 A	0.40375	0.37253	0.22372
779 T	0.41058	0.33449	0.25493
780 T	0.41724	0.31683	0.26592
781 A	0.41716	0.31571	0.26712
782 T	0.41943	0.30381	0.27675
783 T	0.41833	0.29244	0.28922
784 T	0.40329	0.29905	0.29767
785 A	0.35394	0.34139	0.30466
786 T	0.34094	0.34631	0.31275
787 C	0.32426	0.36590	0.30984
788 A	0.31112	0.39759	0.29129
789 A	0.30255	0.42035	0.2771
790 G	0.30045	0.43026	0.26929
791 A	0.29891	0.44180	0.25929
792 T	0.29564	0.45270	0.25166
793 A	0.27737	0.48220	0.24043
794 A	0.27092	0.48689	0.24219
795 A	0.27392	0.48105	0.24502
796 A	0.28759	0.46770	0.2447
797 T	0.30902	0.44085	0.25012
798 A	0.32092	0.42326	0.25582
799 G	0.32867	0.40519	0.26614
800 T	0.33907	0.39569	0.26524
801 T	0.33483	0.41882	0.24634
802 G	0.31258	0.48165	0.20576
803 A	0.28621	0.57110	0.14269
804 A	0.27225	0.60502	0.12272
805 A	0.27042	0.60525	0.12433
806 A	0.26899	0.59978	0.13124
807 A	0.27093	0.57334	0.15573
808 C	0.27932	0.50597	0.21472
809 C	0.28860	0.48527	0.22614
810 T	0.30237	0.46519	0.23244
811 A	0.31649	0.44801	0.2355
812 T	0.33249	0.42708	0.24043
813 T	0.34082	0.41688	0.2423
814 G	0.34497	0.40900	0.24603
815 A	0.34939	0.39106	0.25955
816 G	0.36081	0.35637	0.28283
817 G	0.36999	0.34148	0.28852
818 T	0.37920	0.33126	0.28954
819 T	0.38298	0.33715	0.27987
820 G	0.37924	0.36620	0.25455
821 A	0.38246	0.40675	0.21079
822 A	0.38236	0.46362	0.15403
823 A	0.38150	0.47367	0.14483
824 A	0.39511	0.46481	0.14008
825 A	0.43066	0.42050	0.14884
826 A	0.48701	0.34051	0.17248
827 T	0.51190	0.29956	0.18854
828 T	0.51182	0.29837	0.18981
829 A	0.50725	0.31272	0.18002
830 T	0.50312	0.32489	0.17199
831 T	0.48933	0.34026	0.17041
832 T	0.43902	0.39474	0.16625
833 A	0.35779	0.48744	0.15477
834 T	0.33659	0.51936	0.14404
835 C	0.30007	0.57895	0.12097
836 A	0.26238	0.62403	0.11359
837 A	0.23837	0.65185	0.10979
838 G	0.22860	0.66282	0.10859
839 A	0.22520	0.66810	0.1067
840 C	0.22555	0.66914	0.10531
841 A	0.22843	0.67303	0.09854
842 A	0.24138	0.66119	0.09743
843 A	0.26562	0.63597	0.09842
844 A	0.30720	0.59217	0.10063
845 T	0.35928	0.53495	0.10577
846 A	0.36446	0.51994	0.1156
847 A	0.37567	0.50189	0.12244
848 T	0.38776	0.48278	0.12946
849 T	0.38747	0.48009	0.13245
850 G	0.37250	0.49513	0.13238
851 A	0.35927	0.51205	0.12867
852 A	0.36548	0.50137	0.13315
853 A	0.35678	0.49933	0.1439
854 A	0.35160	0.48026	0.16814
855 A	0.35247	0.40606	0.24148
856 C	0.36386	0.29006	0.34609
857 C	0.37592	0.25759	0.3665
858 T	0.39798	0.22312	0.3789
859 G	0.40168	0.21291	0.38541
860 T	0.40493	0.20786	0.38721
861 T	0.40008	0.21788	0.38205
862 G	0.38524	0.24572	0.36904
863 A	0.37277	0.27609	0.35114
864 G	0.35749	0.35169	0.29082
865 G	0.35475	0.41669	0.22857
866 T	0.35664	0.41764	0.22572
867 T	0.35194	0.43002	0.21803
868 A	0.33932	0.44920	0.21147
869 T	0.33201	0.45536	0.21263
870 C	0.31728	0.47178	0.21095
871 A	0.30681	0.48766	0.20554
872 A	0.30083	0.49143	0.20774
873 A	0.30112	0.47954	0.21934
874 G	0.30470	0.46375	0.23155
875 A	0.30496	0.46442	0.23062
876 G	0.30482	0.44650	0.24868
877 G	0.30483	0.44654	0.24864
878 T	0.30405	0.44704	0.24891
879 T	0.29726	0.45954	0.24319
880 G	0.28796	0.48228	0.22975
881 A	0.28446	0.51498	0.20056
882 A	0.28293	0.54445	0.17262
883 A	0.28628	0.55729	0.15642
884 A	0.29266	0.55356	0.15379
885 A	0.31587	0.52666	0.15747
886 A	0.34742	0.48481	0.16777
887 T	0.42642	0.38415	0.18942
888 T	0.47688	0.32905	0.19407
889 A	0.48384	0.32275	0.19341
890 T	0.49611	0.30607	0.19782
891 T	0.49940	0.29224	0.20837
892 T	0.48354	0.30147	0.21499
893 A	0.41059	0.37104	0.21837
894 T	0.39434	0.38549	0.22017
895 C	0.37660	0.40934	0.21406
896 A	0.36003	0.44237	0.19759
897 A	0.34875	0.46370	0.18755
898 G	0.34504	0.47243	0.18254
899 A	0.33881	0.48503	0.17616
900 T	0.33444	0.49437	0.17119
901 A	0.32064	0.51499	0.16436
902 A	0.31544	0.51640	0.16817
903 A	0.31963	0.50860	0.17177
904 A	0.34384	0.48219	0.17397
905 T	0.37228	0.44783	0.17989
906 A	0.38435	0.43437	0.18128
907 G	0.38948	0.42634	0.18418
908 T	0.39669	0.42092	0.18239
909 T	0.38933	0.43767	0.17299
910 G	0.35460	0.49365	0.15176
911 A	0.31870	0.56343	0.11786
912 A	0.28375	0.60804	0.10821
913 A	0.27252	0.61645	0.11102
914 A	0.26782	0.61241	0.11978
915 A	0.26666	0.58481	0.14853
916 C	0.27544	0.48894	0.23562
917 C	0.28461	0.46340	0.25199
918 T	0.29817	0.44195	0.25988
919 A	0.30771	0.42804	0.26425
920 T	0.31649	0.41225	0.27126
921 T	0.31950	0.40533	0.27517
922 G	0.31874	0.39706	0.28419
923 A	0.32002	0.37340	0.30658
924 G	0.32716	0.34300	0.32985
925 G	0.33134	0.33997	0.32869
926 T	0.33507	0.33436	0.33056
927 T	0.33080	0.34842	0.32079
928 G	0.31628	0.38840	0.29532
929 A	0.30742	0.43914	0.25344
930 A	0.29402	0.51750	0.18848
931 A	0.29171	0.52918	0.17911
932 A	0.29724	0.53045	0.17231
933 A	0.31615	0.49414	0.18971
934 A	0.34754	0.43314	0.21932
935 T	0.36030	0.38257	0.25713
936 T	0.36057	0.37343	0.26599
937 A	0.35925	0.38167	0.25909
938 T	0.35831	0.38719	0.2545
939 T	0.35440	0.39105	0.25456
940 T	0.33952	0.40820	0.25228
941 A	0.31066	0.44400	0.24534
942 T	0.30410	0.45642	0.23947
943 C	0.29198	0.48407	0.22396
944 A	0.28134	0.51963	0.19904
945 A	0.27534	0.54015	0.18451
946 G	0.27515	0.54559	0.17927
947 A	0.27965	0.55351	0.16684
948 T	0.30165	0.54358	0.15477
949 A	0.31029	0.55503	0.13469
950 A	0.32675	0.54043	0.13282
951 A	0.35215	0.51192	0.13593
952 A	0.39166	0.46707	0.14128
953 T	0.45322	0.39262	0.15416
954 A	0.45857	0.38641	0.15503
955 A	0.47486	0.36834	0.1568
956 T	0.48908	0.35266	0.15826
957 T	0.48876	0.35581	0.15543
958 G	0.46974	0.38291	0.14734
959 A	0.44553	0.42119	0.13328
960 A	0.44620	0.42336	0.13044
961 A	0.42732	0.43965	0.13303
962 A	0.41927	0.44151	0.13921
963 A	0.41898	0.42079	0.16023
964 C	0.42796	0.37578	0.19627
965 C	0.43869	0.35819	0.20312
966 T	0.45769	0.33535	0.20697
967 G	0.47057	0.32147	0.20796
968 T	0.48321	0.30735	0.20944
969 C	0.47842	0.31232	0.20926
970 G	0.47659	0.31948	0.20393
971 A	0.47795	0.32542	0.19663
972 G	0.48698	0.33389	0.17914
973 G	0.49416	0.34730	0.15854
974 T	0.50618	0.33637	0.15744
975 T	0.50640	0.33493	0.15867
976 A	0.49561	0.34535	0.15904
977 T	0.49098	0.34064	0.16838
978 C	0.47439	0.35284	0.17277
979 A	0.45992	0.36761	0.17247
980 A	0.45311	0.36956	0.17733
981 A	0.45809	0.34942	0.19249
982 G	0.46784	0.31684	0.21531
983 A	0.47068	0.30872	0.2206
984 G	0.47149	0.27768	0.25082
985 G	0.47275	0.26787	0.25938
986 T	0.47249	0.26272	0.26479
987 T	0.46588	0.26940	0.26471
988 G	0.45678	0.28492	0.2583
989 A	0.45255	0.30807	0.23938
990 T	0.44910	0.32612	0.22478
991 A	0.43735	0.36096	0.20169
992 A	0.42632	0.37613	0.19755
993 A	0.42619	0.38256	0.19125
994 A	0.43371	0.37066	0.19564
995 T	0.45549	0.33517	0.20934
996 T	0.47268	0.31581	0.21151
997 A	0.47377	0.31592	0.21031
998 T	0.47753	0.30908	0.21339
999 T	0.47592	0.29990	0.22418
1000 T	0.45839	0.31053	0.23108
1001 A	0.39870	0.36620	0.2351
1002 T	0.38310	0.37610	0.2408
1003 C	0.36433	0.39925	0.23641
1004 A	0.34954	0.42999	0.22047
1005 A	0.33981	0.45021	0.20998
1006 G	0.33638	0.45952	0.2041
1007 A	0.33299	0.46885	0.19816
1008 T	0.32733	0.47919	0.19347
1009 A	0.31126	0.50136	0.18738
1010 A	0.30570	0.50352	0.19078
1011 A	0.30904	0.49770	0.19326
1012 A	0.32756	0.47720	0.19524
1013 T	0.34938	0.44915	0.20148
1014 A	0.36955	0.42057	0.20988
1015 G	0.37936	0.40017	0.22046
1016 T	0.39259	0.38591	0.22149
1017 T	0.38926	0.40120	0.20953
1018 G	0.36357	0.45658	0.17985
1019 A	0.33925	0.52785	0.13291
1020 A	0.31066	0.56882	0.12052
1021 A	0.30353	0.57344	0.12303
1022 A	0.30020	0.56852	0.13128
1023 A	0.30133	0.53960	0.15907
1024 C	0.31211	0.45743	0.23047
1025 C	0.32184	0.43391	0.24425
1026 T	0.33641	0.41181	0.25179
1027 A	0.34624	0.39862	0.25513
1028 T	0.35608	0.38332	0.26059
1029 T	0.36000	0.37698	0.26302
1030 G	0.35967	0.37227	0.26806
1031 A	0.36134	0.35491	0.28374
1032 G	0.36833	0.32719	0.30449
1033 G	0.37326	0.32467	0.30206
1034 T	0.37827	0.32033	0.3014
1035 T	0.37400	0.33618	0.28981
1036 G	0.35876	0.37779	0.26345
1037 A	0.34990	0.43033	0.21977
1038 A	0.33679	0.50259	0.16062
1039 A	0.33564	0.51392	0.15045
1040 A	0.34410	0.51429	0.14161
1041 A	0.37107	0.47653	0.1524
1042 A	0.41439	0.41250	0.17311
1043 T	0.43069	0.36491	0.2044
1044 T	0.43112	0.35776	0.21111
1045 A	0.42956	0.36444	0.206
1046 T	0.42840	0.36956	0.20204
1047 T	0.42343	0.37463	0.20194
1048 T	0.40400	0.39581	0.20019
1049 A	0.36901	0.43559	0.1954
1050 T	0.36111	0.44722	0.19167
1051 C	0.34647	0.47215	0.18139
1052 A	0.33300	0.50368	0.16332
1053 A	0.32475	0.52143	0.15383
1054 G	0.32372	0.52588	0.1504
1055 A	0.32797	0.52994	0.14209
1056 T	0.34785	0.51785	0.1343
1057 A	0.35607	0.52363	0.1203
1058 A	0.37188	0.50584	0.12228
1059 A	0.39641	0.47449	0.1291
1060 A	0.43385	0.42882	0.13733
1061 T	0.48761	0.36031	0.15208
1062 A	0.48984	0.35506	0.15509
1063 A	0.50393	0.33803	0.15804
1064 T	0.51625	0.32317	0.16059
1065 T	0.51331	0.32758	0.15912
1066 G	0.48886	0.35890	0.15225
1067 A	0.46223	0.39873	0.13904
1068 A	0.45776	0.40565	0.13659
1069 A	0.42946	0.43054	0.14
1070 A	0.41831	0.43358	0.14812
1071 A	0.41460	0.40989	0.17551
1072 C	0.41896	0.36165	0.21939
1073 C	0.42572	0.34691	0.22737
1074 T	0.43755	0.33064	0.23182
1075 G	0.44567	0.32090	0.23343
1076 T	0.45362	0.31076	0.23562
1077 C	0.44910	0.31545	0.23544
1078 G	0.44681	0.32464	0.22855
1079 A	0.44622	0.33506	0.21871
1080 G	0.45586	0.34887	0.19527
1081 G	0.46149	0.36875	0.16976
1082 T	0.47059	0.36035	0.16906
1083 T	0.47086	0.35648	0.17266
1084 A	0.46522	0.36035	0.17443
1085 T	0.46424	0.34968	0.18608
1086 C	0.45772	0.34848	0.1938
1087 A	0.45252	0.35320	0.19427
1088 A	0.45191	0.34698	0.2011
1089 A	0.45916	0.32116	0.21968
1090 G	0.47112	0.28556	0.24333
1091 A	0.47541	0.27298	0.25161
1092 G	0.47703	0.23124	0.29173
1093 G	0.47901	0.21632	0.30467
1094 T	0.48048	0.21068	0.30885
1095 T	0.48073	0.21606	0.30321
1096 G	0.47992	0.23086	0.28923
1097 A	0.48099	0.26251	0.2565
1098 T	0.48391	0.29013	0.22596
1099 A	0.47954	0.32468	0.19577
1100 A	0.47760	0.34428	0.17812
1101 A	0.48187	0.35797	0.16016
1102 A	0.49174	0.34912	0.15913
1103 T	0.52060	0.31655	0.16285
1104 T	0.54178	0.30032	0.1579
1105 A	0.54140	0.30808	0.15052
1106 T	0.54342	0.31133	0.14525
1107 T	0.53772	0.31407	0.1482
1108 T	0.50968	0.34432	0.14601
1109 A	0.43151	0.43057	0.13793
1110 T	0.40808	0.45847	0.13345
1111 C	0.38098	0.49921	0.11981
1112 A	0.35679	0.52854	0.11466
1113 A	0.34397	0.54518	0.11086
1114 G	0.33885	0.55171	0.10944
1115 A	0.33319	0.55875	0.10807
1116 C	0.32548	0.56760	0.10692
1117 A	0.32707	0.57114	0.10179
1118 A	0.33613	0.56519	0.09868
1119 A	0.35413	0.55011	0.09576
1120 A	0.38798	0.51692	0.09511
1121 T	0.42481	0.47950	0.0957
1122 A	0.44430	0.45469	0.101
1123 A	0.46445	0.42988	0.10567
1124 T	0.48672	0.40159	0.11169
1125 T	0.48890	0.39698	0.11411
1126 G	0.47087	0.41590	0.11324
1127 A	0.45761	0.43224	0.11016
1128 A	0.45417	0.43304	0.11278
1129 A	0.43202	0.44841	0.11957
1130 A	0.42168	0.44308	0.13524
1131 A	0.42121	0.39979	0.17901
1132 C	0.43061	0.29778	0.27162
1133 C	0.43803	0.27027	0.2917
1134 T	0.45110	0.24861	0.30029
1135 G	0.45128	0.24705	0.30166
1136 T	0.45334	0.24432	0.30234
1137 T	0.44949	0.25130	0.29921
1138 G	0.43852	0.26634	0.29513
1139 A	0.43077	0.27470	0.29453
1140 G	0.42583	0.30045	0.27371
1141 G	0.42635	0.33704	0.23662
1142 T	0.42895	0.33318	0.23787
1143 T	0.42601	0.33783	0.23616
1144 A	0.41905	0.34662	0.23433
1145 T	0.41582	0.34499	0.23919
1146 C	0.40979	0.34668	0.24353
1147 A	0.40523	0.35333	0.24144
1148 A	0.40355	0.35074	0.24571
1149 A	0.40540	0.33460	0.26001
1150 G	0.40920	0.31551	0.27529
1151 A	0.41003	0.30848	0.2815
1152 G	0.41030	0.27401	0.3157
1153 G	0.41103	0.26370	0.32526
1154 T	0.41235	0.26236	0.3253
1155 T	0.41291	0.27226	0.31483
1156 G	0.41288	0.29057	0.29655
1157 A	0.41573	0.32353	0.26074
1158 T	0.42246	0.35334	0.22419
1159 A	0.42212	0.38316	0.19472
1160 A	0.42460	0.40568	0.16972
1161 A	0.43488	0.41318	0.15194
1162 A	0.45071	0.39875	0.15055
1163 T	0.48725	0.35614	0.1566
1164 T	0.52161	0.32551	0.15288
1165 A	0.52346	0.33091	0.14563
1166 T	0.52776	0.33099	0.14124
1167 T	0.52493	0.33074	0.14433
1168 T	0.50257	0.35502	0.14241
1169 A	0.44326	0.42005	0.13668
1170 T	0.42539	0.44277	0.13184
1171 C	0.40535	0.47434	0.12032
1172 A	0.38593	0.49800	0.11607
1173 A	0.37604	0.51071	0.11325
1174 G	0.37353	0.51417	0.1123
1175 A	0.37243	0.51720	0.11038
1176 C	0.37561	0.51578	0.10861
1177 A	0.38573	0.51434	0.09993
1178 A	0.40242	0.50265	0.09494
1179 A	0.42598	0.48413	0.08989
1180 A	0.46189	0.45011	0.08801
1181 T	0.50399	0.40819	0.08781
1182 A	0.52141	0.38775	0.09083
1183 A	0.54504	0.36064	0.09432
1184 T	0.56851	0.33248	0.09901
1185 T	0.56994	0.33007	0.09999
1186 G	0.54697	0.35586	0.09717
1187 A	0.52684	0.38234	0.09082
1188 A	0.51985	0.38858	0.09157
1189 A	0.48555	0.41766	0.09679
1190 A	0.47079	0.42009	0.10911
1191 A	0.46758	0.38745	0.14497
1192 C	0.47202	0.31150	0.21647
1193 C	0.47706	0.29101	0.23193
1194 T	0.48581	0.27528	0.23891
1195 G	0.48251	0.27489	0.24261
1196 T	0.48194	0.27296	0.2451
1197 C	0.47318	0.28182	0.245
1198 G	0.46506	0.29604	0.23889
1199 A	0.45894	0.30977	0.23129
1200 G	0.46006	0.33544	0.2045
1201 G	0.46317	0.37137	0.16546
1202 T	0.46826	0.36840	0.16334
1203 T	0.46673	0.36842	0.16485
1204 A	0.46092	0.37379	0.16529
1205 T	0.45872	0.36753	0.17374
1206 C	0.45354	0.36498	0.18148
1207 A	0.44996	0.36877	0.18127
1208 A	0.44873	0.36356	0.18771
1209 A	0.45220	0.34188	0.20592
1210 G	0.45863	0.31478	0.22659
1211 A	0.46020	0.30345	0.23635
1212 G	0.46076	0.25547	0.28377
1213 G	0.46153	0.23844	0.30003
1214 T	0.46239	0.23175	0.30587
1215 T	0.46253	0.23708	0.30039
1216 G	0.46206	0.25197	0.28596
1217 A	0.46324	0.28196	0.2548
1218 T	0.46651	0.30799	0.22549
1219 A	0.46406	0.33623	0.19971
1220 A	0.46365	0.35360	0.18275
1221 A	0.47064	0.36617	0.1632
1222 A	0.48292	0.35562	0.16146
1223 T	0.51738	0.31801	0.16461
1224 T	0.54865	0.29283	0.15851
1225 A	0.54949	0.30128	0.14924
1226 T	0.55233	0.30634	0.14133
1227 T	0.54683	0.31009	0.14308
1228 T	0.51487	0.34587	0.13926
1229 A	0.43100	0.44120	0.1278
1230 T	0.40610	0.47380	0.1201
1231 C	0.37810	0.51839	0.1035
1232 A	0.35204	0.55042	0.09754
1233 A	0.33868	0.56765	0.09367
1234 G	0.33336	0.57451	0.09212
1235 A	0.32746	0.58189	0.09065
1236 C	0.32032	0.59020	0.08949
1237 A	0.32249	0.59315	0.08437
1238 A	0.33282	0.58570	0.08148
1239 A	0.35201	0.56920	0.07879
1240 A	0.38553	0.53649	0.07797
1241 T	0.42245	0.49922	0.07833
1242 A	0.44014	0.47769	0.08218
1243 A	0.46161	0.45246	0.08592
1244 T	0.48613	0.42266	0.09121
1245 T	0.49035	0.41641	0.09324
1246 G	0.47681	0.43059	0.09261
1247 A	0.46649	0.44418	0.08933
1248 A	0.46622	0.44185	0.09193
1249 A	0.44687	0.45413	0.09899
1250 A	0.43832	0.44664	0.11504
1251 A	0.43981	0.39494	0.16525
1252 C	0.45186	0.28148	0.26667
1253 C	0.46142	0.25134	0.28724
1254 T	0.47670	0.22825	0.29505
1255 G	0.47675	0.22924	0.29402
1256 T	0.47808	0.22803	0.29389
1257 T	0.47207	0.23775	0.29018
1258 G	0.45701	0.25759	0.2854
1259 A	0.44366	0.27260	0.28373
1260 G	0.43347	0.31380	0.25273
1261 G	0.43192	0.36764	0.20044
1262 T	0.43319	0.36720	0.19961
1263 T	0.42781	0.37661	0.19558
1264 A	0.41708	0.39075	0.19218
1265 T	0.41189	0.39291	0.1952
1266 C	0.40253	0.39993	0.19754
1267 A	0.39591	0.40915	0.19495
1268 A	0.39317	0.40889	0.19794
1269 A	0.39467	0.39627	0.20906
1270 G	0.39882	0.37839	0.22279
1271 A	0.39961	0.37165	0.22875
1272 G	0.39982	0.33789	0.26229
1273 G	0.40055	0.32718	0.27227
1274 T	0.40187	0.32337	0.27476
1275 T	0.40251	0.32864	0.26885
1276 G	0.40250	0.34144	0.25606
1277 A	0.40634	0.36137	0.23229
1278 T	0.41619	0.37406	0.20975
1279 A	0.41707	0.39208	0.19085
1280 A	0.42083	0.40120	0.17797
1281 A	0.43256	0.39625	0.17119
1282 A	0.44784	0.37378	0.17839
1283 T	0.49510	0.31482	0.19008
1284 T	0.54232	0.27117	0.18651
1285 A	0.54446	0.27933	0.17621
1286 T	0.54971	0.28115	0.16914
1287 T	0.54488	0.28145	0.17366
1288 T	0.52143	0.30660	0.17198
1289 A	0.42837	0.40936	0.16227
1290 T	0.38476	0.45953	0.15571
1291 C	0.35634	0.51321	0.13046
1292 A	0.32616	0.55544	0.1184
1293 A	0.31108	0.57873	0.11019
1294 G	0.30439	0.58835	0.10727
1295 A	0.29178	0.60414	0.10408
1296 C	0.27977	0.61846	0.10177
1297 A	0.27992	0.62940	0.09068
1298 A	0.28829	0.62940	0.08231
1299 A	0.30384	0.62113	0.07504
1300 A	0.32889	0.60049	0.07063
1301 T	0.35671	0.57373	0.06955
1302 A	0.36951	0.55981	0.07068
1303 A	0.38648	0.54067	0.07284
1304 T	0.40446	0.51868	0.07686
1305 T	0.40839	0.51349	0.07812
1306 G	0.40124	0.52142	0.07734
1307 A	0.39918	0.52611	0.07472
1308 A	0.40520	0.51676	0.07803
1309 A	0.39470	0.52029	0.08501
1310 A	0.38907	0.50911	0.10183
1311 A	0.39204	0.47087	0.13709
1312 C	0.40657	0.34213	0.2513
1313 C	0.41652	0.28684	0.29664
1314 T	0.44219	0.25049	0.30732
1315 G	0.44924	0.23980	0.31096
1316 T	0.45622	0.23509	0.30869
1317 T	0.45141	0.24354	0.30505
1318 G	0.42913	0.26357	0.30731
1319 A	0.41509	0.27215	0.31276
1320 G	0.40810	0.28696	0.30493
1321 G	0.41339	0.32903	0.25759
1322 T	0.42074	0.32338	0.25588
1323 T	0.42210	0.32442	0.25348
1324 A	0.41598	0.34144	0.24258
1325 T	0.41403	0.34842	0.23755
1326 C	0.37454	0.41156	0.21391
1327 A	0.33330	0.49938	0.16732
1328 A	0.30939	0.53550	0.15511
