# lcl|CP097583.1_cds_USQ93186.1_1
# AA	inside	membr	outside
1 G	0.70972	0.00000	0.29028
2 T	0.70741	0.00231	0.29028
3 G	0.70607	0.00365	0.29028
4 A	0.70607	0.02800	0.26593
5 T	0.69334	0.06151	0.24515
6 T	0.69334	0.06781	0.23885
7 A	0.48561	0.27766	0.23672
8 A	0.48561	0.27772	0.23667
9 T	0.47175	0.29248	0.23577
10 A	0.47165	0.38453	0.14382
11 A	0.45919	0.40409	0.13673
12 A	0.28013	0.58716	0.13271
13 A	0.04114	0.84679	0.11208
14 A	0.04112	0.84681	0.11208
15 A	0.04112	0.94521	0.01368
16 A	0.03896	0.94737	0.01368
17 A	0.03604	0.95134	0.01262
18 A	0.03595	0.95238	0.01167
19 A	0.03159	0.95708	0.01133
20 A	0.01821	0.97539	0.0064
21 A	0.00873	0.98479	0.00648
22 A	0.00920	0.98422	0.00658
23 A	0.01023	0.98249	0.00728
24 T	0.01505	0.97673	0.00822
25 G	0.01626	0.96484	0.01891
26 A	0.01796	0.95866	0.02338
27 A	0.03402	0.92300	0.04299
28 A	0.05002	0.89325	0.05674
29 T	0.05623	0.87761	0.06616
30 A	0.05786	0.73725	0.20488
31 G	0.05743	0.73986	0.20272
32 A	0.05699	0.72756	0.21545
33 A	0.11723	0.66798	0.21478
34 A	0.12055	0.65145	0.228
35 A	0.13016	0.48178	0.38805
36 C	0.15310	0.25571	0.59119
37 A	0.15654	0.26840	0.57506
38 A	0.23812	0.23248	0.52941
39 A	0.23960	0.42554	0.33486
40 T	0.24642	0.42426	0.32932
41 T	0.24821	0.42600	0.32578
42 A	0.24881	0.42391	0.32728
43 T	0.25234	0.40926	0.33841
44 C	0.24976	0.46766	0.28258
45 T	0.24940	0.51962	0.23098
46 A	0.24799	0.53758	0.21443
47 A	0.24712	0.55499	0.19788
48 A	0.24720	0.56894	0.18385
49 C	0.24820	0.59412	0.15768
50 A	0.24890	0.65431	0.09679
51 A	0.25262	0.65846	0.08892
52 A	0.25695	0.66509	0.07796
53 T	0.27024	0.65592	0.07384
54 A	0.27459	0.66143	0.06397
55 A	0.27755	0.66621	0.05623
56 T	0.29073	0.65004	0.05923
57 A	0.29566	0.64755	0.05679
58 A	0.29977	0.64621	0.05403
59 G	0.31367	0.63090	0.05542
60 A	0.33371	0.60962	0.05667
61 A	0.37866	0.56406	0.05728
62 T	0.55675	0.38347	0.05978
63 C	0.56803	0.37108	0.06089
64 C	0.57624	0.36273	0.06103
65 A	0.58458	0.35447	0.06095
66 A	0.59289	0.34596	0.06114
67 C	0.65001	0.28706	0.06294
68 T	0.70318	0.23356	0.06327
69 C	0.72128	0.21415	0.06457
70 C	0.73984	0.19462	0.06555
71 C	0.75348	0.18180	0.06472
72 T	0.77878	0.15840	0.06282
73 G	0.80925	0.12819	0.06256
74 A	0.81576	0.12204	0.0622
75 T	0.83036	0.10702	0.06262
76 T	0.83927	0.09673	0.064
77 C	0.84891	0.08316	0.06792
78 T	0.85814	0.07231	0.06955
79 C	0.85246	0.07734	0.0702
80 T	0.85443	0.07489	0.07068
81 T	0.84624	0.08286	0.0709
82 G	0.81785	0.11115	0.07099
83 A	0.81138	0.11715	0.07147
84 C	0.80501	0.12327	0.07172
85 C	0.77714	0.15067	0.07219
86 C	0.76417	0.16389	0.07193
87 T	0.74102	0.18799	0.071
88 A	0.68787	0.24277	0.06936
89 A	0.64068	0.29227	0.06706
90 T	0.59633	0.33904	0.06463
91 G	0.55080	0.38359	0.0656
92 A	0.51808	0.41261	0.0693
93 A	0.49293	0.42609	0.08097
94 G	0.48092	0.42819	0.0909
95 C	0.47678	0.42928	0.09395
96 T	0.47073	0.44160	0.08767
97 A	0.45419	0.47868	0.06713
98 T	0.44602	0.48770	0.06628
99 T	0.42896	0.50683	0.06421
100 A	0.38173	0.55905	0.05922
101 G	0.35856	0.57765	0.0638
102 C	0.34632	0.58162	0.07205
103 A	0.33593	0.59571	0.06835
104 A	0.33031	0.60035	0.06934
105 A	0.32607	0.59170	0.08223
106 T	0.32274	0.59234	0.08493
107 A	0.31712	0.59482	0.08806
108 T	0.31144	0.56822	0.12035
109 A	0.30086	0.56961	0.12953
110 A	0.29667	0.55113	0.15219
111 A	0.29406	0.50702	0.19892
112 A	0.29094	0.45778	0.25127
113 T	0.29161	0.40643	0.30196
114 A	0.28878	0.37331	0.33791
115 G	0.28755	0.34788	0.36457
116 A	0.28901	0.33398	0.37701
117 T	0.29192	0.32590	0.38218
118 A	0.29015	0.33638	0.37347
119 A	0.29797	0.33775	0.36427
120 T	0.31691	0.31968	0.36341
121 A	0.31297	0.35313	0.3339
122 A	0.31012	0.39983	0.29005
123 T	0.31602	0.37011	0.31387
124 T	0.30877	0.38831	0.30291
125 T	0.30005	0.41538	0.28457
126 A	0.27374	0.47354	0.25272
127 T	0.26233	0.49945	0.23822
128 A	0.24355	0.53938	0.21707
129 T	0.23387	0.56259	0.20354
130 A	0.21193	0.60348	0.1846
131 A	0.20547	0.60781	0.18672
132 T	0.20252	0.60510	0.19238
133 T	0.19114	0.61831	0.19056
134 A	0.17780	0.62879	0.19341
135 C	0.16319	0.63867	0.19813
136 G	0.15160	0.65014	0.19826
137 A	0.14078	0.66056	0.19866
138 C	0.13534	0.66542	0.19925
139 G	0.14106	0.66275	0.19619
140 A	0.15001	0.65996	0.19003
141 G	0.16511	0.64515	0.18975
142 A	0.18486	0.63150	0.18364
143 A	0.20688	0.61308	0.18004
144 A	0.25772	0.55882	0.18347
145 T	0.33788	0.47097	0.19115
146 A	0.35916	0.44757	0.19327
147 T	0.38943	0.40289	0.20768
148 A	0.39213	0.40072	0.20715
149 T	0.40095	0.38919	0.20985
150 A	0.36757	0.45039	0.18203
151 A	0.32837	0.52431	0.14733
152 A	0.31960	0.54654	0.13386
153 A	0.30905	0.56016	0.1308
154 A	0.29401	0.59197	0.11402
155 A	0.27207	0.62988	0.09806
156 T	0.24283	0.68413	0.07303
157 A	0.18231	0.74474	0.07294
158 A	0.15356	0.76623	0.0802
159 A	0.12926	0.78277	0.08797
160 A	0.11329	0.78850	0.09821
161 C	0.10088	0.79102	0.1081
162 G	0.09250	0.80107	0.10642
163 A	0.09095	0.81177	0.09728
164 A	0.08964	0.82338	0.08699
165 A	0.09200	0.83151	0.07648
166 G	0.09320	0.83476	0.07204
167 A	0.09483	0.84435	0.06082
168 A	0.09660	0.84450	0.05889
169 G	0.09458	0.84551	0.05992
170 A	0.10205	0.83370	0.06425
171 A	0.11757	0.80302	0.07941
172 G	0.14062	0.75847	0.10091
173 A	0.18164	0.68182	0.13654
174 T	0.23993	0.57168	0.18838
175 A	0.26547	0.52448	0.21005
176 A	0.28946	0.46917	0.24137
177 A	0.31366	0.42302	0.26331
178 A	0.33862	0.36706	0.29432
179 T	0.37625	0.28222	0.34152
180 T	0.38761	0.21230	0.40008
181 T	0.39456	0.17697	0.42846
182 A	0.39828	0.15251	0.4492
183 T	0.40371	0.12876	0.46753
184 T	0.40606	0.11198	0.48197
185 G	0.40934	0.09770	0.49296
186 C	0.41815	0.08177	0.50008
187 A	0.42968	0.06790	0.50243
188 T	0.44241	0.05232	0.50526
189 A	0.44839	0.04457	0.50704
190 T	0.46381	0.02684	0.50935
191 A	0.46925	0.01950	0.51125
192 A	0.47726	0.00000	0.52274
