# lcl|CP097583.1_cds_USQ93245.1_1
# AA	inside	membr	outside
1 A	0.19980	0.00000	0.8002
2 T	0.19755	0.00225	0.8002
3 G	0.19533	0.00447	0.8002
4 A	0.19533	0.05641	0.74825
5 A	0.15868	0.14775	0.69357
6 A	0.15868	0.15714	0.68418
7 A	0.10931	0.20811	0.68258
8 A	0.10931	0.20813	0.68257
9 A	0.10557	0.21210	0.68234
10 A	0.10556	0.22417	0.67027
11 T	0.10514	0.22538	0.66948
12 G	0.10113	0.23012	0.66876
13 T	0.09588	0.24454	0.65959
14 T	0.09588	0.24454	0.65959
15 T	0.09588	0.28568	0.61844
16 T	0.09534	0.28622	0.61844
17 A	0.09256	0.28957	0.61788
18 C	0.09249	0.29071	0.61681
19 A	0.09110	0.29472	0.61419
20 A	0.08058	0.32465	0.59478
21 A	0.04242	0.36284	0.59474
22 G	0.04158	0.36428	0.59414
23 A	0.04138	0.36479	0.59382
24 A	0.04359	0.36210	0.59431
25 A	0.04685	0.35417	0.59899
26 A	0.05010	0.34725	0.60265
27 A	0.09425	0.29651	0.60924
28 A	0.14072	0.21777	0.64152
29 T	0.15116	0.20371	0.64513
30 T	0.15429	0.16416	0.68155
31 A	0.15373	0.16405	0.68222
32 A	0.15332	0.16082	0.68585
33 A	0.15997	0.15257	0.68747
34 C	0.16062	0.15035	0.68904
35 A	0.16284	0.14555	0.69162
36 A	0.17301	0.13162	0.69537
37 C	0.17682	0.12664	0.69654
38 C	0.21521	0.08800	0.69678
39 T	0.21649	0.08730	0.69621
40 G	0.21727	0.08454	0.69819
41 G	0.21916	0.08217	0.69866
42 T	0.22329	0.07787	0.69884
43 T	0.23675	0.05568	0.70757
44 T	0.23622	0.02090	0.74288
45 T	0.23534	0.02004	0.74462
46 T	0.23347	0.02134	0.7452
47 T	0.22935	0.02564	0.74501
48 A	0.22368	0.03175	0.74457
49 G	0.22064	0.03503	0.74432
50 T	0.21933	0.03627	0.7444
51 C	0.21846	0.03680	0.74474
52 A	0.21780	0.03738	0.74483
53 A	0.21716	0.03792	0.74492
54 A	0.21681	0.03756	0.74563
55 C	0.21685	0.03670	0.74646
56 C	0.21694	0.03626	0.7468
57 A	0.21699	0.03597	0.74704
58 G	0.21708	0.03607	0.74685
59 G	0.21738	0.03569	0.74694
60 T	0.21784	0.03520	0.74696
61 T	0.21816	0.03459	0.74725
62 G	0.21882	0.03186	0.74932
63 T	0.21943	0.02971	0.75086
64 T	0.21988	0.02887	0.75124
65 T	0.22011	0.02859	0.7513
66 A	0.21980	0.02982	0.75038
67 A	0.22051	0.02792	0.75157
68 T	0.22078	0.02439	0.75483
69 G	0.21955	0.02356	0.75688
70 T	0.21915	0.02138	0.75947
71 G	0.21704	0.02214	0.76082
72 T	0.21510	0.02533	0.75957
73 A	0.21120	0.03074	0.75807
74 T	0.20841	0.03320	0.7584
75 A	0.20273	0.03845	0.75883
76 A	0.20053	0.04000	0.75947
77 T	0.19908	0.04073	0.76019
78 C	0.19719	0.04217	0.76065
79 C	0.19627	0.04311	0.76063
80 C	0.19542	0.04413	0.76045
81 T	0.19509	0.04533	0.75959
82 T	0.19376	0.04691	0.75933
83 T	0.19189	0.04895	0.75916
84 A	0.18814	0.05309	0.75877
85 A	0.18693	0.05449	0.75858
86 C	0.18601	0.05527	0.75872
87 A	0.18449	0.05714	0.75837
88 A	0.18442	0.05724	0.75834
89 T	0.18582	0.05555	0.75863
90 A	0.18573	0.05553	0.75874
91 G	0.18605	0.05502	0.75894
92 T	0.18725	0.05179	0.76096
93 A	0.18769	0.05008	0.76223
94 A	0.18899	0.04623	0.76478
95 T	0.19137	0.04123	0.76741
96 A	0.19257	0.03773	0.7697
97 A	0.19276	0.03530	0.77194
98 T	0.19299	0.03006	0.77694
99 A	0.19252	0.02917	0.77831
100 G	0.19227	0.02783	0.77991
101 T	0.19235	0.02613	0.78152
102 T	0.19216	0.02530	0.78255
103 G	0.19212	0.02459	0.7833
104 G	0.19267	0.02380	0.78353
105 T	0.19292	0.02333	0.78375
106 A	0.19296	0.02307	0.78397
107 T	0.19326	0.02227	0.78447
108 A	0.19319	0.02298	0.78383
109 A	0.19322	0.02324	0.78355
110 T	0.19359	0.02199	0.78443
111 T	0.19364	0.02196	0.7844
112 T	0.19330	0.02211	0.78459
113 T	0.19275	0.02220	0.78505
114 A	0.19143	0.02335	0.78522
115 A	0.19069	0.02383	0.78547
116 C	0.19053	0.02351	0.78595
117 A	0.19050	0.02353	0.78597
118 A	0.19092	0.02302	0.78606
119 T	0.19241	0.02125	0.78634
120 T	0.19308	0.02042	0.7865
121 G	0.19344	0.01999	0.78656
122 T	0.19448	0.01831	0.78721
123 T	0.19493	0.01747	0.7876
124 T	0.19526	0.01692	0.78782
125 C	0.19550	0.01640	0.7881
126 A	0.19608	0.01585	0.78806
127 T	0.19721	0.01475	0.78805
128 T	0.19824	0.01391	0.78785
129 A	0.19903	0.01359	0.78739
130 T	0.20129	0.01167	0.78704
131 A	0.20262	0.01078	0.7866
132 T	0.20372	0.01002	0.78626
133 T	0.20409	0.00990	0.78601
134 A	0.20399	0.01054	0.78546
135 T	0.20373	0.01062	0.78565
136 T	0.20323	0.01100	0.78577
137 T	0.20255	0.01121	0.78625
138 A	0.20055	0.01327	0.78619
139 T	0.19860	0.01533	0.78607
140 T	0.19626	0.01792	0.78582
141 T	0.19197	0.02302	0.78501
142 G	0.18319	0.03217	0.78465
143 G	0.17935	0.03628	0.78436
144 T	0.17664	0.03949	0.78388
145 A	0.17309	0.04314	0.78377
146 C	0.17060	0.04571	0.7837
147 A	0.16793	0.04884	0.78323
148 A	0.16612	0.05073	0.78316
149 C	0.16449	0.05240	0.78312
150 A	0.16245	0.05478	0.78276
151 A	0.16235	0.05520	0.78245
152 C	0.16270	0.05472	0.78259
153 A	0.16297	0.05459	0.78244
154 A	0.16372	0.05388	0.7824
155 T	0.16463	0.05271	0.78267
156 G	0.16516	0.05184	0.783
157 T	0.16616	0.05035	0.78349
158 T	0.16655	0.04901	0.78444
159 T	0.16663	0.04814	0.78523
160 A	0.16517	0.04936	0.78546
161 A	0.16479	0.04818	0.78703
162 T	0.16468	0.04541	0.78991
163 A	0.16391	0.04411	0.79198
164 A	0.16426	0.04032	0.79542
165 T	0.16451	0.03345	0.80204
166 A	0.16443	0.03331	0.80227
167 T	0.16464	0.03245	0.80291
168 A	0.16434	0.03350	0.80216
169 A	0.16405	0.03215	0.80381
170 A	0.16439	0.02972	0.8059
171 A	0.16455	0.02773	0.80771
172 A	0.16470	0.02573	0.80958
173 C	0.16513	0.02289	0.81197
174 T	0.16554	0.02223	0.81222
175 T	0.16563	0.02201	0.81236
176 A	0.16561	0.02209	0.81231
177 C	0.16556	0.02229	0.81215
178 T	0.16552	0.02270	0.81179
179 T	0.16541	0.02318	0.81141
180 A	0.16513	0.02406	0.81081
181 G	0.16510	0.02418	0.81072
182 G	0.16530	0.02382	0.81088
183 T	0.16609	0.02138	0.81253
184 T	0.16645	0.02040	0.81316
185 A	0.16671	0.01988	0.81342
186 C	0.16766	0.01800	0.81434
187 G	0.16853	0.01730	0.81417
188 G	0.16999	0.01575	0.81425
189 T	0.17319	0.01243	0.81438
190 T	0.17516	0.01046	0.81438
191 T	0.17727	0.00829	0.81444
192 C	0.17738	0.00800	0.81461
193 T	0.17740	0.00826	0.81434
194 T	0.17708	0.00908	0.81385
195 A	0.17643	0.01035	0.81322
196 A	0.17624	0.01074	0.81302
197 T	0.17622	0.01109	0.81269
198 A	0.17598	0.01149	0.81252
199 A	0.17610	0.01128	0.81262
200 T	0.17651	0.01074	0.81275
201 T	0.17681	0.01042	0.81277
202 A	0.17703	0.01017	0.81279
203 T	0.17753	0.00939	0.81307
204 A	0.17768	0.00910	0.81323
205 T	0.17781	0.00880	0.81339
206 A	0.17742	0.00910	0.81348
207 C	0.17758	0.00867	0.81375
208 T	0.17780	0.00841	0.81379
209 T	0.17771	0.00863	0.81366
210 A	0.17737	0.00942	0.81321
211 T	0.17731	0.00965	0.81304
212 A	0.17703	0.01032	0.81265
213 T	0.17719	0.01021	0.8126
214 T	0.17731	0.01029	0.8124
215 T	0.17739	0.01023	0.81239
216 A	0.17736	0.01038	0.81226
217 T	0.17776	0.00988	0.81236
218 T	0.17798	0.00951	0.81251
219 A	0.17715	0.01020	0.81265
220 T	0.17700	0.01018	0.81282
221 T	0.17606	0.01088	0.81306
222 A	0.17463	0.01217	0.8132
223 C	0.17421	0.01243	0.81336
224 T	0.17394	0.01267	0.8134
225 A	0.17293	0.01368	0.81339
226 T	0.17248	0.01417	0.81334
227 T	0.17153	0.01523	0.81323
228 A	0.17035	0.01653	0.81312
229 G	0.16968	0.01680	0.81353
230 T	0.16929	0.01712	0.81359
231 A	0.16898	0.01749	0.81353
232 A	0.16901	0.01717	0.81382
233 T	0.16947	0.01612	0.81441
234 A	0.16959	0.01569	0.81473
235 T	0.16998	0.01486	0.81516
236 C	0.17019	0.01441	0.8154
237 T	0.17058	0.01404	0.81538
238 T	0.17078	0.01380	0.81542
239 A	0.17085	0.01374	0.8154
240 T	0.17101	0.01358	0.81542
241 T	0.17116	0.01364	0.81519
242 T	0.17100	0.01335	0.81564
243 A	0.17035	0.01492	0.81473
244 T	0.17001	0.01459	0.8154
245 T	0.16962	0.01395	0.81643
246 T	0.16916	0.01439	0.81645
247 A	0.16828	0.01532	0.81641
248 A	0.16816	0.01455	0.81729
249 T	0.16824	0.01389	0.81787
250 T	0.16831	0.01293	0.81876
251 A	0.16827	0.01233	0.8194
252 T	0.16838	0.01172	0.8199
253 G	0.16822	0.01191	0.81987
254 T	0.16770	0.01289	0.81941
255 A	0.16605	0.01546	0.8185
256 T	0.16498	0.01778	0.81724
257 A	0.16215	0.02248	0.81536
258 T	0.16032	0.02618	0.8135
259 A	0.15836	0.03068	0.81096
260 T	0.15738	0.03246	0.81015
261 A	0.15516	0.03609	0.80875
262 A	0.15442	0.03816	0.80742
263 A	0.15428	0.03874	0.80697
264 A	0.15427	0.03898	0.80674
265 A	0.15482	0.03857	0.8066
266 T	0.15660	0.03600	0.8074
267 T	0.15692	0.03506	0.80801
268 T	0.15598	0.03559	0.80844
269 T	0.15286	0.03833	0.80882
270 C	0.14556	0.04514	0.8093
271 C	0.14038	0.05035	0.80926
272 A	0.13404	0.05696	0.809
273 A	0.12874	0.06253	0.80873
274 G	0.12611	0.06536	0.80854
275 G	0.12319	0.06866	0.80815
276 A	0.12096	0.07122	0.80782
277 A	0.12017	0.07115	0.80867
278 A	0.12065	0.06891	0.81044
279 A	0.12192	0.06592	0.81216
280 G	0.12385	0.06056	0.81559
281 C	0.12600	0.05594	0.81806
282 T	0.12848	0.05244	0.81908
283 A	0.12889	0.05158	0.81954
284 G	0.12995	0.04929	0.82075
285 T	0.13122	0.04764	0.82114
286 G	0.13153	0.04738	0.82109
287 A	0.13180	0.04715	0.82105
288 T	0.13218	0.04711	0.82071
289 A	0.13210	0.04806	0.81984
290 A	0.13207	0.04800	0.81993
291 A	0.13209	0.04660	0.82132
292 G	0.13216	0.04205	0.82578
293 T	0.13237	0.03506	0.83256
294 T	0.13249	0.03129	0.83621
295 A	0.13266	0.02708	0.84026
296 G	0.13289	0.02287	0.84423
297 A	0.13313	0.02162	0.84525
298 A	0.13347	0.01884	0.84769
299 T	0.13393	0.01611	0.84996
300 G	0.13400	0.01469	0.85131
301 G	0.13408	0.01438	0.85153
302 T	0.13423	0.01408	0.85169
303 G	0.13430	0.01395	0.85175
304 T	0.13443	0.01384	0.85173
305 T	0.13461	0.01383	0.85156
306 C	0.13461	0.01434	0.85105
307 G	0.13467	0.01700	0.84832
308 G	0.13483	0.01878	0.84639
309 A	0.13510	0.02304	0.84185
310 A	0.13579	0.02638	0.83783
311 T	0.13695	0.02762	0.83543
312 A	0.13771	0.02913	0.83315
313 A	0.13861	0.02845	0.83294
314 T	0.13941	0.02780	0.83279
315 G	0.13945	0.02773	0.83282
316 T	0.14015	0.02703	0.83283
317 C	0.14081	0.02637	0.83281
318 A	0.14164	0.02557	0.83279
319 C	0.14239	0.02481	0.8328
320 T	0.14348	0.02372	0.8328
321 T	0.14385	0.02335	0.83279
322 C	0.14386	0.02335	0.83279
323 C	0.14386	0.02335	0.83279
324 A	0.14400	0.02321	0.83279
325 T	0.14420	0.02301	0.8328
326 T	0.14440	0.02279	0.8328
327 C	0.14459	0.02260	0.83281
328 G	0.14505	0.02212	0.83284
329 C	0.14621	0.02085	0.83294
330 T	0.14904	0.01798	0.83297
331 G	0.15053	0.01649	0.83297
332 G	0.15495	0.01208	0.83296
333 A	0.15887	0.00816	0.83297
334 T	0.16137	0.00565	0.83298
335 T	0.16321	0.00332	0.83347
336 A	0.16351	0.00294	0.83355
337 T	0.16385	0.00243	0.83372
338 G	0.16391	0.00225	0.83384
339 T	0.16397	0.00248	0.83356
340 A	0.16394	0.00337	0.83269
341 T	0.16399	0.00419	0.83182
342 T	0.16392	0.00594	0.83013
343 T	0.16376	0.00727	0.82897
344 T	0.16347	0.00771	0.82882
345 A	0.16263	0.00876	0.8286
346 T	0.16024	0.01127	0.82849
347 T	0.15803	0.01378	0.82819
348 C	0.15258	0.01997	0.82746
349 G	0.13991	0.03729	0.8228
350 G	0.13027	0.04853	0.8212
351 G	0.12566	0.05433	0.82001
352 G	0.10750	0.07485	0.81765
353 A	0.10665	0.07583	0.81752
354 C	0.10630	0.07622	0.81748
355 T	0.10574	0.07700	0.81725
356 A	0.10544	0.07739	0.81717
357 C	0.10524	0.07762	0.81713
358 A	0.10528	0.07759	0.81713
359 A	0.10535	0.07752	0.81713
360 A	0.10546	0.07740	0.81714
361 G	0.10578	0.07707	0.81716
362 A	0.10623	0.07660	0.81717
363 C	0.10736	0.07527	0.81737
364 A	0.10845	0.07412	0.81743
365 T	0.11029	0.07212	0.81759
366 T	0.11127	0.07097	0.81777
367 A	0.11143	0.07049	0.81807
368 A	0.11169	0.06949	0.81882
369 C	0.11207	0.06444	0.82349
370 A	0.11250	0.06170	0.8258
371 A	0.11347	0.05555	0.83098
372 A	0.11812	0.04053	0.84136
373 T	0.12017	0.02941	0.85042
374 A	0.12134	0.02411	0.85456
375 A	0.12373	0.00000	0.87627
