# lcl|CP097583.1_cds_USQ93356.1_1
# AA	inside	membr	outside
1 T	0.38764	0.00000	0.61237
2 T	0.37882	0.00882	0.61237
3 G	0.37295	0.01469	0.61237
4 G	0.37295	0.22908	0.39798
5 A	0.30595	0.45562	0.23843
6 A	0.30595	0.47005	0.22401
7 A	0.24904	0.53162	0.21935
8 A	0.24904	0.53171	0.21925
9 A	0.24576	0.53584	0.21841
10 A	0.24575	0.57416	0.18009
11 A	0.24551	0.57741	0.17709
12 T	0.23656	0.58812	0.17533
13 A	0.21031	0.63429	0.15541
14 A	0.21030	0.63429	0.15541
15 T	0.21030	0.72919	0.06051
16 A	0.20792	0.73158	0.06051
17 A	0.20585	0.73434	0.05981
18 A	0.20574	0.73556	0.0587
19 A	0.20437	0.73734	0.05829
20 A	0.20157	0.74573	0.0527
21 G	0.17535	0.77087	0.05379
22 A	0.19146	0.75389	0.05465
23 T	0.23842	0.70248	0.0591
24 T	0.27755	0.66229	0.06016
25 G	0.29894	0.62634	0.07471
26 A	0.31181	0.60649	0.0817
27 T	0.46593	0.43314	0.10093
28 T	0.53819	0.30816	0.15365
29 C	0.53895	0.30331	0.15774
30 A	0.54223	0.27849	0.17928
31 T	0.54200	0.27858	0.17942
32 C	0.54099	0.27811	0.1809
33 A	0.55798	0.26186	0.18017
34 A	0.55955	0.26027	0.18018
35 G	0.56771	0.24326	0.18903
36 T	0.59146	0.19991	0.20863
37 G	0.59479	0.19652	0.20869
38 C	0.67771	0.11130	0.21099
39 T	0.68171	0.11296	0.20533
40 A	0.68334	0.11425	0.20241
41 T	0.68479	0.11680	0.19841
42 G	0.68496	0.12334	0.1917
43 A	0.68930	0.11837	0.19234
44 T	0.68984	0.09407	0.21609
45 T	0.69084	0.09318	0.21598
46 G	0.69067	0.09456	0.21477
47 A	0.69258	0.09592	0.2115
48 T	0.69379	0.09463	0.21158
49 A	0.69420	0.09243	0.21337
50 T	0.69585	0.08889	0.21526
51 T	0.69636	0.08494	0.2187
52 T	0.69647	0.08263	0.22089
53 C	0.69583	0.08670	0.21748
54 T	0.69552	0.09040	0.21408
55 T	0.69220	0.10146	0.20634
56 A	0.67656	0.13109	0.19235
57 T	0.66543	0.15503	0.17955
58 C	0.58659	0.28369	0.12973
59 A	0.54075	0.35137	0.10788
60 A	0.53007	0.37873	0.09121
61 A	0.52825	0.39002	0.08173
62 T	0.53666	0.38419	0.07915
63 C	0.53990	0.38631	0.07379
64 T	0.54537	0.38330	0.07133
65 T	0.55079	0.38138	0.06783
66 A	0.54767	0.38548	0.06684
67 T	0.54701	0.38668	0.06631
68 C	0.54202	0.39190	0.06607
69 T	0.53458	0.40272	0.0627
70 C	0.51554	0.42545	0.05901
71 A	0.50715	0.43612	0.05674
72 A	0.50171	0.44300	0.0553
73 A	0.49778	0.44820	0.05402
74 A	0.49300	0.45350	0.05351
75 C	0.49471	0.45219	0.05309
76 A	0.49795	0.45392	0.04813
77 A	0.49520	0.46125	0.04355
78 A	0.50141	0.45084	0.04776
79 A	0.51637	0.41878	0.06485
80 A	0.52859	0.39683	0.07458
81 A	0.57408	0.27426	0.15166
82 C	0.59673	0.20296	0.20031
83 C	0.60636	0.18207	0.21156
84 T	0.60701	0.19322	0.19976
85 A	0.58020	0.25468	0.16512
86 T	0.55749	0.29731	0.14521
87 G	0.49263	0.38386	0.12351
88 A	0.45590	0.45092	0.09317
89 A	0.41979	0.49124	0.08897
90 T	0.40077	0.51651	0.08273
91 A	0.36254	0.55315	0.08432
92 T	0.33398	0.57286	0.09317
93 C	0.29470	0.59473	0.11058
94 C	0.26444	0.62269	0.11288
95 A	0.24219	0.64958	0.10824
96 A	0.22911	0.66212	0.10877
97 C	0.22309	0.66719	0.10973
98 A	0.21334	0.67765	0.10901
99 A	0.20901	0.68161	0.10938
100 C	0.20954	0.67463	0.11582
101 T	0.20691	0.67732	0.11577
102 A	0.19734	0.68894	0.11372
103 A	0.19146	0.69285	0.11568
104 T	0.18838	0.69104	0.12058
105 A	0.17579	0.70431	0.1199
106 G	0.16502	0.69961	0.13537
107 A	0.16942	0.68929	0.14128
108 A	0.19321	0.63322	0.17357
109 G	0.20865	0.58145	0.20991
110 A	0.22783	0.50511	0.26705
111 A	0.25651	0.43671	0.30679
112 G	0.27033	0.37721	0.35246
113 T	0.28940	0.32540	0.38521
114 T	0.29541	0.28535	0.41924
115 T	0.29624	0.25793	0.44583
116 T	0.29285	0.24280	0.46435
117 T	0.28217	0.25509	0.46274
118 A	0.26807	0.29562	0.43631
119 A	0.25841	0.31487	0.42672
120 A	0.24999	0.34214	0.40787
121 A	0.24437	0.36305	0.39258
122 T	0.24211	0.36711	0.39078
123 T	0.23121	0.38932	0.37947
124 A	0.21057	0.45555	0.33388
125 A	0.19431	0.50838	0.2973
126 A	0.18898	0.55330	0.25772
127 A	0.18440	0.60670	0.2089
128 A	0.18284	0.64858	0.16858
129 A	0.18387	0.67836	0.13778
130 T	0.19272	0.67910	0.12818
131 T	0.19187	0.69303	0.1151
132 A	0.18800	0.71358	0.09842
133 G	0.18849	0.72356	0.08796
134 A	0.19079	0.72983	0.07939
135 T	0.19576	0.73125	0.07298
136 A	0.19839	0.73543	0.06618
137 T	0.21119	0.72544	0.06337
138 A	0.21817	0.72477	0.05705
139 A	0.22672	0.72148	0.0518
140 A	0.24254	0.70247	0.055
141 T	0.27851	0.65571	0.06579
142 A	0.29140	0.63966	0.06894
143 A	0.31394	0.61564	0.07042
144 T	0.34154	0.58389	0.07457
145 A	0.34996	0.57786	0.07218
146 A	0.36112	0.55860	0.08028
147 A	0.40121	0.50142	0.09737
148 G	0.44224	0.44425	0.1135
149 A	0.48742	0.39468	0.1179
150 A	0.55211	0.32703	0.12086
151 A	0.61798	0.25866	0.12336
152 T	0.68094	0.19258	0.12649
153 T	0.70374	0.17203	0.12424
154 T	0.71783	0.15943	0.12274
155 G	0.72596	0.15222	0.12183
156 T	0.73485	0.14296	0.12219
157 A	0.73753	0.14058	0.12189
158 T	0.74400	0.13334	0.12265
159 T	0.74858	0.12732	0.1241
160 C	0.74903	0.12657	0.12441
161 A	0.75176	0.12504	0.1232
162 A	0.75957	0.11834	0.12208
163 T	0.76629	0.11244	0.12128
164 T	0.76869	0.11063	0.12069
165 A	0.77130	0.11022	0.11848
166 T	0.77688	0.10543	0.11769
167 A	0.77862	0.10437	0.11701
168 T	0.78442	0.09501	0.12058
169 T	0.78502	0.09355	0.12143
170 T	0.78350	0.09260	0.12389
171 A	0.77851	0.09689	0.1246
172 G	0.77886	0.09564	0.1255
173 A	0.78263	0.09143	0.12594
174 C	0.78686	0.08650	0.12664
175 A	0.79194	0.08123	0.12683
176 T	0.79926	0.07324	0.1275
177 T	0.80424	0.06755	0.12821
178 G	0.80680	0.06404	0.12916
179 T	0.80787	0.06228	0.12985
180 T	0.80870	0.05713	0.13416
181 T	0.80903	0.05374	0.13723
182 T	0.80914	0.05025	0.14061
183 G	0.80915	0.04652	0.14433
184 A	0.81009	0.04231	0.1476
185 G	0.81162	0.03785	0.15053
186 T	0.81348	0.03429	0.15223
187 G	0.81421	0.03192	0.15387
188 G	0.81674	0.02797	0.1553
189 T	0.82002	0.02362	0.15636
190 T	0.82181	0.02043	0.15776
191 G	0.82237	0.01857	0.15906
192 T	0.82413	0.01507	0.1608
193 T	0.82434	0.01243	0.16323
194 T	0.82429	0.00863	0.16707
195 T	0.82416	0.00742	0.16842
196 G	0.82385	0.00757	0.16859
197 T	0.82377	0.00784	0.16839
198 T	0.82344	0.00899	0.16757
199 T	0.82246	0.01127	0.16627
200 T	0.82131	0.01251	0.16618
201 T	0.81810	0.01586	0.16605
202 T	0.80971	0.02434	0.16595
203 G	0.79374	0.04038	0.16588
204 C	0.78503	0.04917	0.16579
205 G	0.77788	0.05711	0.16501
206 G	0.77337	0.06293	0.1637
207 A	0.76914	0.07008	0.16078
208 G	0.76509	0.07715	0.15776
209 A	0.76318	0.08332	0.1535
210 T	0.76299	0.08666	0.15035
211 G	0.76221	0.09415	0.14363
212 A	0.76202	0.09923	0.13875
213 T	0.76236	0.10384	0.13379
214 T	0.76155	0.11242	0.12603
215 T	0.75978	0.12261	0.11761
216 G	0.75449	0.13310	0.11241
217 T	0.75053	0.14161	0.10786
218 G	0.74491	0.15230	0.10278
219 G	0.73775	0.16507	0.09718
220 A	0.73327	0.18252	0.08421
221 A	0.73223	0.18942	0.07835
222 T	0.73171	0.19165	0.07664
223 A	0.72833	0.19645	0.07523
224 T	0.72697	0.19493	0.07809
225 T	0.72434	0.19178	0.08388
226 A	0.71924	0.18729	0.09347
227 A	0.71404	0.18917	0.09679
228 A	0.71210	0.18932	0.09858
229 G	0.71129	0.19071	0.098
230 A	0.71304	0.19078	0.09618
231 A	0.71500	0.19038	0.09462
232 A	0.71763	0.19170	0.09068
233 A	0.72078	0.19698	0.08224
234 T	0.72883	0.19917	0.072
235 A	0.73337	0.21881	0.04783
236 A	0.73991	0.21876	0.04133
237 T	0.75198	0.20703	0.04099
238 T	0.76173	0.19831	0.03996
239 T	0.76531	0.19326	0.04143
240 G	0.76695	0.19176	0.04128
241 A	0.76937	0.18749	0.04314
242 A	0.77331	0.17848	0.04822
243 T	0.78652	0.16047	0.053
244 T	0.79415	0.15033	0.05553
245 T	0.79859	0.14341	0.058
246 T	0.80085	0.13770	0.06144
247 T	0.80122	0.13605	0.06274
248 G	0.80177	0.13422	0.064
249 G	0.80401	0.12941	0.06659
250 G	0.80671	0.12446	0.06882
251 A	0.81027	0.12306	0.06667
252 T	0.81594	0.11889	0.06517
253 A	0.82070	0.11820	0.0611
254 A	0.82556	0.11362	0.06082
255 A	0.83131	0.10703	0.06166
256 G	0.84216	0.09561	0.06223
257 A	0.85710	0.08137	0.06154
258 T	0.88862	0.04974	0.06164
259 T	0.89826	0.04065	0.06108
260 T	0.90145	0.03929	0.05925
261 T	0.90278	0.04146	0.05576
262 T	0.90203	0.04728	0.05068
263 T	0.88639	0.07150	0.0421
264 T	0.85483	0.11678	0.02838
265 A	0.81197	0.17002	0.01801
266 T	0.77749	0.20652	0.016
267 T	0.69328	0.29118	0.01554
268 A	0.47356	0.51096	0.01548
269 A	0.32438	0.65997	0.01565
270 C	0.23687	0.74700	0.01612
271 C	0.19148	0.79236	0.01615
272 C	0.17068	0.81345	0.01588
273 A	0.14980	0.83536	0.01484
274 A	0.13589	0.84999	0.01412
275 A	0.12567	0.86072	0.01361
276 T	0.12021	0.86613	0.01367
277 G	0.09816	0.88816	0.01368
278 A	0.07892	0.90727	0.0138
279 A	0.06808	0.91822	0.01369
280 C	0.05810	0.92817	0.01373
281 A	0.04954	0.93738	0.01308
282 A	0.04487	0.94237	0.01276
283 A	0.04594	0.94122	0.01283
284 A	0.04912	0.93721	0.01367
285 A	0.05423	0.92820	0.01757
286 A	0.06205	0.88552	0.05243
287 T	0.07403	0.82239	0.10359
288 A	0.07841	0.76859	0.153
289 G	0.07856	0.72541	0.19603
290 A	0.07738	0.65768	0.26494
291 A	0.07612	0.47545	0.44843
292 A	0.07413	0.36015	0.56572
293 T	0.07244	0.30626	0.62131
294 T	0.06664	0.39826	0.5351
295 A	0.05683	0.56207	0.3811
296 A	0.05035	0.63054	0.31911
297 A	0.04479	0.65747	0.29775
298 A	0.04075	0.66425	0.295
299 A	0.03642	0.67321	0.29037
300 A	0.03587	0.68667	0.27747
301 G	0.03609	0.70497	0.25894
302 A	0.03650	0.72650	0.237
303 T	0.03707	0.72956	0.23337
304 T	0.03687	0.73560	0.22753
305 T	0.03605	0.74814	0.2158
306 A	0.03339	0.77285	0.19377
307 G	0.03116	0.80910	0.15973
308 A	0.02992	0.83788	0.1322
309 A	0.02894	0.86399	0.10707
310 A	0.02914	0.89199	0.07887
311 A	0.03126	0.90956	0.05918
312 A	0.03625	0.91334	0.05042
313 G	0.04757	0.90572	0.04671
314 A	0.06597	0.89073	0.0433
315 A	0.09681	0.86003	0.04316
316 A	0.14432	0.81081	0.04487
317 T	0.29689	0.65130	0.05181
318 T	0.45444	0.48449	0.06107
319 T	0.50866	0.42421	0.06714
320 T	0.52642	0.40224	0.07135
321 A	0.53475	0.39175	0.0735
322 G	0.55176	0.37112	0.07713
323 A	0.59307	0.32978	0.07715
324 T	0.64905	0.27400	0.07694
325 T	0.68745	0.23631	0.07624
326 T	0.70600	0.21920	0.0748
327 T	0.71351	0.21351	0.07298
328 A	0.71434	0.21539	0.07027
329 A	0.71520	0.21789	0.06691
330 T	0.73843	0.19529	0.06628
331 G	0.76073	0.17512	0.06415
332 A	0.78683	0.15216	0.061
333 A	0.81461	0.12602	0.05937
334 T	0.83871	0.10333	0.05796
335 T	0.84664	0.09656	0.0568
336 T	0.84371	0.10138	0.0549
337 G	0.78192	0.16553	0.05254
338 A	0.73645	0.21467	0.04888
339 T	0.72540	0.22901	0.04559
340 T	0.69922	0.26155	0.03923
341 T	0.63741	0.34117	0.02141
342 A	0.45926	0.52555	0.01519
343 A	0.30717	0.67859	0.01425
344 A	0.19857	0.78678	0.01465
345 A	0.14097	0.84393	0.0151
346 C	0.10595	0.87839	0.01566
347 C	0.08827	0.89623	0.01551
348 A	0.07753	0.90873	0.01375
349 A	0.07129	0.91503	0.01367
350 A	0.06790	0.91796	0.01414
351 A	0.06807	0.91610	0.01582
352 T	0.07191	0.90253	0.02556
353 C	0.07192	0.88638	0.04169
354 C	0.07283	0.88171	0.04546
355 A	0.07389	0.88109	0.04503
356 A	0.07440	0.88173	0.04387
357 T	0.07547	0.88102	0.04351
358 G	0.06695	0.88969	0.04336
359 A	0.06114	0.88972	0.04914
360 A	0.05892	0.82607	0.11501
361 G	0.05784	0.77301	0.16915
362 A	0.05783	0.76234	0.17983
363 A	0.06097	0.74125	0.19778
364 A	0.07585	0.68273	0.24142
365 A	0.08135	0.52447	0.39418
366 T	0.08238	0.37904	0.53858
367 G	0.07949	0.29117	0.62933
368 A	0.07696	0.27199	0.65105
369 T	0.07536	0.28145	0.64319
370 G	0.06793	0.35884	0.57323
371 A	0.06785	0.37365	0.55849
372 A	0.06687	0.39188	0.54125
373 T	0.06599	0.40954	0.52447
374 A	0.06339	0.44504	0.49157
375 C	0.05936	0.47698	0.46366
376 G	0.04712	0.53916	0.41373
377 A	0.03680	0.61594	0.34725
378 A	0.03543	0.67642	0.28815
379 G	0.03626	0.77368	0.19006
380 A	0.03685	0.83537	0.12778
381 A	0.03802	0.84813	0.11385
382 G	0.03986	0.84648	0.11367
383 A	0.04226	0.85109	0.10664
384 A	0.04860	0.85612	0.09528
385 A	0.05977	0.86340	0.07683
386 A	0.07873	0.85145	0.06982
387 A	0.10509	0.83203	0.06287
388 T	0.12932	0.81240	0.05828
389 T	0.13611	0.80494	0.05895
390 A	0.13202	0.80725	0.06072
391 A	0.13810	0.79918	0.06272
392 A	0.16003	0.77555	0.06442
393 C	0.22616	0.70230	0.07154
394 G	0.25394	0.67472	0.07134
395 A	0.29329	0.63631	0.0704
396 T	0.33978	0.58926	0.07096
397 A	0.37175	0.55559	0.07266
398 T	0.40953	0.51488	0.07558
399 A	0.44013	0.47215	0.08772
400 C	0.49716	0.40302	0.09982
401 C	0.55262	0.34564	0.10174
402 T	0.65524	0.24364	0.10112
403 T	0.69557	0.20449	0.09994
404 T	0.69593	0.20488	0.09919
405 A	0.66686	0.23526	0.09788
406 G	0.64695	0.25569	0.09735
407 A	0.64295	0.26090	0.09614
408 T	0.65265	0.25117	0.09618
409 A	0.64320	0.26239	0.09441
410 A	0.63534	0.26824	0.09642
411 T	0.62999	0.26938	0.10063
412 T	0.59346	0.30716	0.09938
413 T	0.51903	0.38636	0.09462
414 A	0.42082	0.49752	0.08166
415 G	0.37499	0.54750	0.07752
416 A	0.34017	0.59453	0.0653
417 T	0.32562	0.61162	0.06276
418 A	0.29496	0.64699	0.05805
419 T	0.27411	0.67037	0.05552
420 A	0.23526	0.71246	0.05229
421 A	0.20430	0.74445	0.05125
422 A	0.18543	0.75971	0.05486
423 T	0.17419	0.76627	0.05954
424 G	0.16313	0.77343	0.06344
425 A	0.15806	0.77514	0.0668
426 T	0.15111	0.77280	0.07609
427 G	0.12668	0.78574	0.08759
428 A	0.11437	0.77849	0.10714
429 A	0.10613	0.76814	0.12572
430 A	0.10163	0.76075	0.13763
431 A	0.09577	0.75702	0.14721
432 A	0.09496	0.74015	0.16489
433 G	0.09344	0.71644	0.19012
434 A	0.09256	0.70005	0.2074
435 A	0.09938	0.66034	0.24027
436 G	0.11225	0.58579	0.30196
437 A	0.12822	0.52734	0.34444
438 A	0.13420	0.51072	0.35508
439 T	0.14719	0.48757	0.36524
440 T	0.14472	0.50688	0.3484
441 A	0.12645	0.55137	0.32218
442 G	0.11292	0.57498	0.3121
443 A	0.10810	0.57433	0.31757
444 A	0.10585	0.57482	0.31933
445 A	0.10609	0.60688	0.28703
446 T	0.11151	0.61089	0.27759
447 T	0.10897	0.62842	0.26261
448 A	0.09808	0.65863	0.2433
449 A	0.08942	0.66708	0.2435
450 T	0.08659	0.65407	0.25934
451 G	0.07584	0.66317	0.26099
452 A	0.06942	0.67561	0.25497
453 A	0.06700	0.68532	0.24768
454 G	0.06694	0.69145	0.24162
455 A	0.06744	0.71075	0.22181
456 A	0.07227	0.72005	0.20769
457 G	0.08037	0.72139	0.19823
458 A	0.08942	0.71860	0.19198
459 A	0.10595	0.70447	0.18958
460 A	0.14438	0.66379	0.19183
461 T	0.19929	0.60057	0.20014
462 T	0.24042	0.55646	0.20311
463 G	0.26967	0.52686	0.20347
464 A	0.30695	0.48601	0.20705
465 T	0.32974	0.45535	0.21491
466 G	0.33447	0.45199	0.21354
467 A	0.35366	0.43320	0.21314
468 T	0.41346	0.37153	0.215
469 A	0.43399	0.35384	0.21217
470 T	0.45431	0.32856	0.21713
471 T	0.45189	0.32543	0.22269
472 G	0.41052	0.37034	0.21914
473 A	0.36638	0.44282	0.19079
474 A	0.26879	0.56392	0.16728
475 A	0.20201	0.65858	0.13941
476 A	0.18681	0.68687	0.12632
477 A	0.18766	0.69992	0.11242
478 G	0.20222	0.69811	0.09968
479 A	0.21280	0.70311	0.08408
480 T	0.22236	0.70748	0.07016
481 A	0.19835	0.75980	0.04185
482 A	0.17622	0.78612	0.03766
483 A	0.16236	0.80119	0.03645
484 A	0.15172	0.81293	0.03536
485 A	0.14854	0.81562	0.03584
486 C	0.15323	0.80637	0.0404
487 A	0.16146	0.79708	0.04146
488 A	0.16376	0.79206	0.04419
489 T	0.16783	0.77809	0.05407
490 G	0.15122	0.79178	0.057
491 C	0.14211	0.79822	0.05966
492 A	0.13635	0.79760	0.06605
493 G	0.12898	0.79462	0.0764
494 A	0.13056	0.77154	0.0979
495 A	0.14063	0.72956	0.12981
496 G	0.16702	0.66546	0.16752
497 A	0.19630	0.52871	0.27499
498 C	0.23008	0.40856	0.36135
499 G	0.24722	0.36692	0.38586
500 A	0.26675	0.35418	0.37906
501 T	0.28704	0.34808	0.36488
502 G	0.29154	0.39003	0.31843
503 A	0.29666	0.43951	0.26384
504 A	0.31632	0.41831	0.26536
505 T	0.31957	0.41218	0.26824
506 A	0.31326	0.45867	0.22807
507 T	0.30935	0.47654	0.21411
508 A	0.29683	0.50289	0.20028
509 T	0.29114	0.51323	0.19563
510 A	0.27842	0.52952	0.19206
511 A	0.27080	0.53790	0.1913
512 A	0.26775	0.53541	0.19685
513 T	0.26659	0.51789	0.21552
514 G	0.26029	0.52125	0.21846
515 A	0.25494	0.53726	0.20781
516 T	0.25167	0.54161	0.20672
517 T	0.24072	0.57042	0.18886
518 A	0.23713	0.57880	0.18407
519 T	0.23558	0.58054	0.18388
520 G	0.23173	0.58625	0.18203
521 A	0.23173	0.58619	0.18209
522 A	0.23659	0.57886	0.18455
523 G	0.25759	0.55338	0.18903
524 A	0.28492	0.52327	0.19182
525 A	0.34745	0.45256	0.19998
526 T	0.42595	0.36587	0.20817
527 A	0.45851	0.32634	0.21514
528 T	0.49735	0.27989	0.22276
529 T	0.54379	0.22348	0.23273
530 T	0.56418	0.19487	0.24095
531 T	0.57433	0.17436	0.2513
532 T	0.57993	0.16277	0.2573
533 A	0.58288	0.15094	0.26617
534 T	0.58894	0.13753	0.27352
535 A	0.59197	0.13104	0.27699
536 A	0.59690	0.12274	0.28037
537 A	0.60934	0.10259	0.28807
538 T	0.63667	0.06477	0.29856
539 A	0.64949	0.04451	0.306
540 A	0.67805	0.00000	0.32195
