# lcl|CP097583.1_cds_USQ93259.1_1
# AA	inside	membr	outside
1 A	0.36016	0.00000	0.63984
2 T	0.35416	0.00600	0.63984
3 G	0.34838	0.01178	0.63984
4 A	0.34838	0.21188	0.43974
5 G	0.29424	0.34054	0.36523
6 A	0.29424	0.35045	0.35532
7 A	0.22344	0.42369	0.35288
8 G	0.22343	0.42374	0.35284
9 A	0.21767	0.42973	0.3526
10 G	0.21766	0.44795	0.33439
11 T	0.21639	0.45165	0.33197
12 A	0.17796	0.49107	0.33098
13 C	0.15586	0.51498	0.32916
14 A	0.15586	0.51499	0.32916
15 T	0.15586	0.55571	0.28843
16 G	0.15530	0.55627	0.28843
17 T	0.15468	0.55832	0.28701
18 T	0.15465	0.56398	0.28137
19 T	0.15285	0.57259	0.27457
20 T	0.14024	0.67094	0.18882
21 T	0.10967	0.70174	0.18859
22 A	0.10692	0.71275	0.18033
23 A	0.10582	0.71750	0.17668
24 A	0.10822	0.71801	0.17377
25 A	0.11509	0.70148	0.18343
26 A	0.12580	0.68411	0.19009
27 T	0.32446	0.47414	0.2014
28 T	0.38085	0.38140	0.23775
29 T	0.38495	0.38206	0.23299
30 A	0.38470	0.34777	0.26753
31 A	0.38364	0.35551	0.26085
32 A	0.38359	0.35612	0.26029
33 A	0.39350	0.34813	0.25836
34 T	0.39450	0.34991	0.25559
35 T	0.39335	0.32950	0.27715
36 A	0.38206	0.33391	0.28402
37 G	0.36673	0.36609	0.26719
38 A	0.34974	0.40276	0.2475
39 A	0.25768	0.54267	0.19965
40 C	0.26074	0.54177	0.19749
41 A	0.27044	0.53218	0.19739
42 T	0.28943	0.51237	0.19821
43 T	0.34769	0.44709	0.20522
44 T	0.32680	0.45460	0.21861
45 C	0.30891	0.47493	0.21616
46 G	0.27543	0.51166	0.21292
47 A	0.22677	0.57888	0.19435
48 A	0.20896	0.60801	0.18303
49 A	0.18088	0.65681	0.16231
50 C	0.17294	0.67754	0.14952
51 A	0.17351	0.69317	0.13333
52 T	0.17928	0.69682	0.1239
53 T	0.17805	0.71334	0.10862
54 A	0.15947	0.74530	0.09522
55 A	0.15078	0.75902	0.0902
56 A	0.15254	0.75259	0.09487
57 A	0.15729	0.74282	0.09989
58 A	0.16713	0.72451	0.10836
59 A	0.17919	0.69944	0.12138
60 A	0.19986	0.66239	0.13775
61 A	0.22501	0.59357	0.18141
62 T	0.28093	0.44159	0.27748
63 T	0.29092	0.42012	0.28896
64 T	0.29402	0.41215	0.29382
65 A	0.29486	0.40793	0.29721
66 T	0.29376	0.39848	0.30777
67 G	0.29322	0.37302	0.33376
68 A	0.29472	0.35911	0.34617
69 A	0.29978	0.33227	0.36796
70 A	0.32011	0.28069	0.3992
71 A	0.33516	0.25441	0.41043
72 A	0.36109	0.19821	0.4407
73 T	0.38757	0.15643	0.45601
74 T	0.40060	0.15337	0.44603
75 T	0.40642	0.18913	0.40445
76 A	0.40652	0.31448	0.279
77 T	0.40855	0.32722	0.26423
78 T	0.39486	0.34364	0.2615
79 T	0.36466	0.37399	0.26135
80 T	0.33286	0.40650	0.26064
81 G	0.27873	0.46247	0.25881
82 C	0.21644	0.52721	0.25635
83 C	0.19449	0.55325	0.25226
84 T	0.17706	0.57859	0.24435
85 A	0.15871	0.59823	0.24306
86 A	0.15285	0.60433	0.24282
87 T	0.14966	0.60749	0.24285
88 A	0.14328	0.61345	0.24327
89 C	0.13864	0.61488	0.24648
90 C	0.13449	0.61737	0.24814
91 C	0.13486	0.61665	0.2485
92 G	0.13459	0.61738	0.24802
93 A	0.13819	0.61459	0.24722
94 A	0.14800	0.60563	0.24637
95 A	0.15721	0.59693	0.24585
96 G	0.17075	0.58335	0.2459
97 G	0.19473	0.55185	0.25341
98 A	0.24153	0.50235	0.25611
99 T	0.36698	0.36383	0.26919
100 A	0.39149	0.32575	0.28276
101 T	0.40506	0.28394	0.311
102 T	0.41180	0.23714	0.35106
103 T	0.41472	0.21162	0.37366
104 A	0.41589	0.18944	0.39467
105 T	0.41760	0.14832	0.43408
106 T	0.41910	0.14097	0.43993
107 T	0.42005	0.13844	0.44151
108 A	0.41367	0.16045	0.42588
109 A	0.39092	0.20203	0.40705
110 T	0.35670	0.25367	0.38963
111 A	0.25947	0.40144	0.3391
112 A	0.23503	0.45110	0.31386
113 T	0.21570	0.49916	0.28514
114 A	0.17208	0.61354	0.21438
115 A	0.15652	0.67633	0.16716
116 A	0.14231	0.74231	0.11538
117 A	0.13337	0.77731	0.08932
118 A	0.12762	0.78734	0.08505
119 A	0.12492	0.79193	0.08315
120 A	0.12487	0.79163	0.0835
121 T	0.12693	0.78905	0.08402
122 C	0.12600	0.78964	0.08436
123 A	0.12549	0.78997	0.08454
124 C	0.12783	0.78744	0.08473
125 A	0.13152	0.78415	0.08433
126 C	0.13942	0.77621	0.08437
127 A	0.15004	0.76746	0.08251
128 T	0.16807	0.74897	0.08296
129 T	0.17475	0.74334	0.08191
130 A	0.17606	0.74281	0.08113
131 A	0.18864	0.72644	0.08493
132 A	0.20339	0.68680	0.10982
133 A	0.22497	0.62764	0.14739
134 T	0.28583	0.47403	0.24014
135 A	0.31542	0.42073	0.26385
136 A	0.34983	0.36585	0.28432
137 C	0.41749	0.25718	0.32533
138 A	0.46007	0.20819	0.33174
139 T	0.51178	0.14609	0.34213
140 G	0.53088	0.12209	0.34703
141 T	0.53548	0.11652	0.34801
142 T	0.53095	0.12213	0.34692
143 A	0.50840	0.14746	0.34414
144 T	0.50186	0.15291	0.34522
145 A	0.48204	0.17440	0.34356
146 A	0.46868	0.19206	0.33926
147 A	0.45990	0.20339	0.33672
148 A	0.45068	0.21909	0.33023
149 A	0.43460	0.23524	0.33016
150 T	0.42279	0.24298	0.33423
151 G	0.39795	0.26509	0.33696
152 G	0.38695	0.27120	0.34184
153 T	0.38222	0.27174	0.34604
154 A	0.36970	0.28111	0.34919
155 C	0.36772	0.27710	0.35518
156 T	0.36830	0.27692	0.35479
157 T	0.36561	0.28004	0.35435
158 G	0.35921	0.28877	0.35202
159 T	0.35704	0.29474	0.34822
160 T	0.35580	0.30295	0.34124
161 T	0.35546	0.30510	0.33945
162 A	0.35248	0.30756	0.33996
163 A	0.35236	0.30363	0.34401
164 T	0.35463	0.29569	0.34967
165 T	0.35585	0.28431	0.35984
166 C	0.35416	0.26531	0.38053
167 A	0.34868	0.27219	0.37913
168 A	0.34818	0.26747	0.38435
169 G	0.35119	0.25826	0.39055
170 G	0.35512	0.24958	0.3953
171 A	0.36296	0.23622	0.40082
172 A	0.36793	0.21517	0.4169
173 A	0.37176	0.19600	0.43225
174 T	0.37556	0.16734	0.4571
175 G	0.37599	0.15478	0.46923
176 A	0.37858	0.14283	0.47859
177 T	0.37987	0.13121	0.48892
178 G	0.37783	0.13055	0.49162
179 T	0.37849	0.13168	0.48984
180 G	0.37308	0.14198	0.48493
181 A	0.37207	0.15054	0.47739
182 G	0.37409	0.15523	0.47069
183 T	0.37860	0.18570	0.4357
184 G	0.37598	0.25829	0.36573
185 A	0.37326	0.37181	0.25493
186 T	0.37171	0.42137	0.20692
187 G	0.35383	0.47861	0.16756
188 A	0.34434	0.49587	0.15979
189 A	0.34006	0.49857	0.16137
190 A	0.34226	0.49023	0.16751
191 T	0.34574	0.48272	0.17154
192 C	0.34662	0.48012	0.17326
193 G	0.34705	0.48591	0.16704
194 A	0.34888	0.48931	0.16181
195 A	0.35161	0.48915	0.15925
196 T	0.35434	0.48746	0.15819
197 A	0.35500	0.48830	0.1567
198 T	0.35827	0.48478	0.15695
199 A	0.35809	0.48717	0.15474
200 T	0.36067	0.48264	0.1567
201 A	0.36012	0.48034	0.15955
202 A	0.36319	0.47514	0.16168
203 G	0.37213	0.45966	0.16821
204 C	0.38825	0.43884	0.17292
205 A	0.40346	0.42239	0.17415
206 A	0.44817	0.37491	0.17692
207 A	0.53478	0.28432	0.18089
208 T	0.65542	0.16054	0.18403
209 T	0.69713	0.11725	0.18562
210 T	0.71970	0.07420	0.2061
211 T	0.72336	0.05931	0.21732
212 T	0.72332	0.05493	0.22175
213 G	0.72193	0.05554	0.22252
214 C	0.72194	0.05488	0.22318
215 A	0.72288	0.05772	0.2194
216 T	0.72729	0.05574	0.21697
217 T	0.72335	0.06733	0.20932
218 T	0.69224	0.10588	0.20189
219 A	0.62183	0.20362	0.17455
220 A	0.58938	0.26073	0.1499
221 A	0.58207	0.27874	0.13919
222 T	0.58190	0.27998	0.13812
223 T	0.57520	0.28827	0.13653
224 T	0.56712	0.29915	0.13374
225 T	0.55697	0.31243	0.13061
226 G	0.53649	0.33664	0.12686
227 A	0.52571	0.35007	0.12422
228 T	0.52043	0.35720	0.12238
229 A	0.51415	0.36432	0.12153
230 A	0.51281	0.36592	0.12127
231 A	0.51243	0.36629	0.12128
232 T	0.51329	0.36498	0.12173
233 C	0.51339	0.36420	0.12241
234 A	0.51396	0.36367	0.12237
235 T	0.51670	0.36037	0.12293
236 T	0.51855	0.35838	0.12307
237 A	0.51766	0.36033	0.12201
238 A	0.52067	0.35769	0.12164
239 A	0.52539	0.34654	0.12808
240 T	0.53396	0.32566	0.14037
241 A	0.54089	0.28238	0.17673
242 A	0.56783	0.18912	0.24305
243 T	0.59768	0.12656	0.27576
244 T	0.61276	0.09773	0.28951
245 T	0.61768	0.08612	0.29621
246 T	0.61860	0.06811	0.31328
247 T	0.61414	0.06238	0.32348
248 C	0.60709	0.06363	0.32928
249 T	0.60156	0.07119	0.32725
250 A	0.58166	0.09263	0.32571
251 A	0.56788	0.10991	0.32222
252 T	0.55515	0.12233	0.32252
253 T	0.52550	0.16307	0.31143
254 C	0.47508	0.22706	0.29786
255 T	0.42063	0.34884	0.23053
256 A	0.36684	0.47777	0.1554
257 A	0.34269	0.52777	0.12954
258 A	0.33225	0.55187	0.11588
259 A	0.32833	0.55687	0.11481
260 T	0.32741	0.55613	0.11646
261 T	0.32232	0.56055	0.11712
262 T	0.31461	0.56848	0.11691
263 C	0.30691	0.57650	0.11659
264 A	0.30338	0.58085	0.11578
265 A	0.30183	0.58275	0.11543
266 A	0.30156	0.58308	0.11537
267 T	0.30102	0.58350	0.11548
268 A	0.29818	0.58626	0.11556
269 A	0.29902	0.58274	0.11824
270 T	0.30099	0.57259	0.12643
271 A	0.29945	0.56669	0.13387
272 A	0.30347	0.55489	0.14164
273 A	0.30759	0.52923	0.16318
274 G	0.31637	0.49627	0.18735
275 A	0.32649	0.46241	0.21111
276 T	0.35807	0.39592	0.24601
277 A	0.38227	0.33250	0.28523
278 T	0.45479	0.21344	0.33178
279 T	0.50597	0.12218	0.37186
280 A	0.51904	0.08702	0.39393
281 T	0.52772	0.06639	0.40588
282 T	0.52898	0.06051	0.41051
283 T	0.52888	0.06025	0.41087
284 C	0.52793	0.05690	0.41517
285 T	0.52714	0.06640	0.40647
286 T	0.52528	0.07985	0.39487
287 T	0.52069	0.11343	0.36588
288 T	0.50465	0.17099	0.32436
289 A	0.46170	0.27222	0.26609
290 A	0.43020	0.33293	0.23687
291 T	0.41705	0.35863	0.22432
292 G	0.40217	0.39008	0.20775
293 A	0.39465	0.40861	0.19674
294 A	0.38840	0.41803	0.19358
295 G	0.38354	0.42812	0.18834
296 A	0.37700	0.44515	0.17785
297 A	0.37226	0.45972	0.16801
298 A	0.36653	0.47898	0.15449
299 T	0.36763	0.48603	0.14634
300 A	0.36701	0.50040	0.13259
301 G	0.36711	0.50498	0.12791
302 A	0.36944	0.50551	0.12505
303 T	0.37145	0.50553	0.12302
304 G	0.37146	0.50746	0.12108
305 A	0.37648	0.50366	0.11986
306 T	0.38786	0.49201	0.12014
307 A	0.39250	0.48682	0.12069
308 T	0.40811	0.46852	0.12338
309 A	0.42086	0.45294	0.1262
310 A	0.44851	0.41828	0.13321
311 A	0.48788	0.36100	0.15112
312 T	0.55374	0.25214	0.19411
313 T	0.58099	0.19711	0.2219
314 T	0.59431	0.17462	0.23107
315 T	0.60038	0.16616	0.23347
316 A	0.59201	0.18567	0.22232
317 A	0.58546	0.18879	0.22574
318 A	0.58332	0.18698	0.22971
319 A	0.59151	0.17172	0.23678
320 A	0.60072	0.15644	0.24285
321 C	0.61641	0.13319	0.2504
322 A	0.62766	0.12333	0.24902
323 T	0.64409	0.10630	0.24961
324 T	0.64739	0.10532	0.24729
325 A	0.64810	0.10952	0.24238
326 T	0.64962	0.11654	0.23383
327 T	0.65017	0.12600	0.22382
328 G	0.64965	0.12721	0.22315
329 G	0.64919	0.13007	0.22074
330 T	0.64735	0.13513	0.21753
331 T	0.63769	0.15328	0.20903
332 C	0.62743	0.16858	0.204
333 A	0.62143	0.18991	0.18867
334 G	0.61912	0.19979	0.18109
335 A	0.61836	0.20556	0.17608
336 T	0.62032	0.20487	0.17481
337 G	0.62167	0.20449	0.17384
338 A	0.62776	0.19581	0.17644
339 A	0.64001	0.17281	0.18718
340 G	0.64162	0.16307	0.1953
341 T	0.64270	0.15720	0.2001
342 A	0.64327	0.16287	0.19387
343 G	0.64376	0.16273	0.1935
344 G	0.64465	0.16254	0.19281
345 A	0.64705	0.16103	0.19192
346 A	0.64842	0.15930	0.19228
347 C	0.65229	0.15307	0.19464
348 A	0.65596	0.15007	0.19396
349 G	0.66340	0.14245	0.19415
350 G	0.67463	0.13039	0.19497
351 A	0.67874	0.12587	0.19539
352 G	0.68389	0.11944	0.19667
353 A	0.69146	0.10553	0.20301
354 T	0.70340	0.08222	0.21439
355 G	0.70920	0.06719	0.22361
356 T	0.72241	0.04941	0.22817
357 T	0.72838	0.04143	0.23018
358 T	0.73120	0.03766	0.23114
359 T	0.73197	0.03632	0.23171
360 C	0.73247	0.03528	0.23225
361 G	0.73316	0.03443	0.23241
362 G	0.73435	0.03310	0.23255
363 C	0.73616	0.03118	0.23267
364 C	0.73893	0.02838	0.23269
365 C	0.74713	0.02019	0.23268
366 T	0.75017	0.01722	0.23261
367 A	0.75200	0.01546	0.23254
368 T	0.75390	0.01366	0.23244
369 T	0.75460	0.01314	0.23225
370 A	0.75488	0.01279	0.23233
371 T	0.75647	0.00940	0.23413
372 T	0.75721	0.00739	0.23541
373 G	0.75731	0.00670	0.23598
374 T	0.75768	0.00650	0.23582
375 T	0.75496	0.01030	0.23474
376 T	0.74842	0.01727	0.2343
377 G	0.73635	0.03053	0.23311
378 T	0.73242	0.03652	0.23107
379 G	0.72505	0.04469	0.23026
380 C	0.72129	0.04962	0.22909
381 T	0.71982	0.05293	0.22725
382 G	0.71809	0.05611	0.22579
383 C	0.71645	0.05957	0.22398
384 T	0.71537	0.06488	0.21974
385 T	0.71410	0.06981	0.21609
386 T	0.71262	0.07549	0.2119
387 G	0.71080	0.08077	0.20843
388 G	0.70842	0.08360	0.20798
389 T	0.70568	0.08666	0.20765
390 A	0.69995	0.09265	0.2074
391 A	0.68873	0.10404	0.20723
392 C	0.68076	0.11202	0.20721
393 A	0.66423	0.12889	0.20688
394 A	0.64703	0.14685	0.20612
395 G	0.63265	0.16204	0.20531
396 A	0.62388	0.17102	0.20511
397 G	0.61740	0.17751	0.20509
398 A	0.61050	0.18048	0.20902
399 A	0.60508	0.17841	0.21651
400 C	0.60430	0.16622	0.22948
401 A	0.60430	0.16287	0.23283
402 G	0.60534	0.15564	0.23902
403 T	0.60820	0.14925	0.24255
404 T	0.61003	0.14575	0.24422
405 C	0.61026	0.14405	0.2457
406 C	0.61122	0.14067	0.2481
407 T	0.61431	0.13684	0.24884
408 C	0.61468	0.13584	0.24948
409 T	0.61725	0.13558	0.24717
410 T	0.61687	0.13934	0.2438
411 T	0.61124	0.15651	0.23225
412 T	0.59203	0.19828	0.2097
413 T	0.53935	0.26502	0.19562
414 A	0.48532	0.32753	0.18716
415 A	0.46558	0.35183	0.18259
416 A	0.45429	0.35485	0.19086
417 A	0.44704	0.35257	0.2004
418 A	0.44315	0.34854	0.20831
419 A	0.44050	0.35127	0.20822
420 A	0.43139	0.36677	0.20183
421 A	0.42384	0.38605	0.1901
422 T	0.41980	0.39991	0.18029
423 A	0.41498	0.42076	0.16425
424 G	0.41329	0.42579	0.16093
425 G	0.41237	0.43679	0.15085
426 T	0.41204	0.44581	0.14215
427 A	0.41131	0.45424	0.13445
428 T	0.41049	0.46184	0.12767
429 A	0.40682	0.47526	0.11792
430 A	0.40415	0.48638	0.10947
431 G	0.40396	0.48569	0.11035
432 A	0.40570	0.48604	0.10826
433 G	0.41030	0.47337	0.11632
434 A	0.42882	0.44179	0.1294
435 T	0.46148	0.37809	0.16043
436 T	0.47555	0.31205	0.2124
437 C	0.47798	0.27402	0.248
438 T	0.47090	0.29350	0.23561
439 A	0.44445	0.34473	0.21082
440 A	0.41936	0.40005	0.18058
441 A	0.41437	0.40531	0.18033
442 A	0.41723	0.40257	0.1802
443 A	0.42758	0.38268	0.18974
444 A	0.44896	0.35493	0.19611
445 C	0.46974	0.32804	0.20222
446 T	0.47119	0.32784	0.20097
447 G	0.43040	0.37585	0.19374
448 T	0.41420	0.39745	0.18836
449 C	0.37126	0.44995	0.17879
450 A	0.30371	0.55227	0.14402
451 A	0.26334	0.60787	0.12879
452 A	0.25357	0.62313	0.12329
453 T	0.25282	0.62563	0.12155
454 G	0.23150	0.64978	0.11872
455 A	0.21633	0.66689	0.11678
456 T	0.19889	0.68667	0.11443
457 A	0.17626	0.71202	0.11172
458 A	0.16432	0.72631	0.10937
459 A	0.16330	0.72411	0.11259
460 A	0.16850	0.70843	0.12308
461 T	0.18411	0.67357	0.14231
462 A	0.19744	0.63458	0.16797
463 C	0.21294	0.59612	0.19094
464 A	0.20306	0.60992	0.18702
465 A	0.19718	0.62674	0.17608
466 A	0.19412	0.64475	0.16114
467 A	0.19403	0.64786	0.15811
468 A	0.19485	0.64740	0.15775
469 A	0.20252	0.61247	0.185
470 T	0.22081	0.54725	0.23194
471 A	0.22474	0.52846	0.24681
472 A	0.23304	0.48490	0.28206
473 T	0.26022	0.39292	0.34686
474 G	0.26362	0.35764	0.37874
475 T	0.27019	0.35332	0.37649
476 T	0.27165	0.36206	0.36629
477 A	0.26902	0.36822	0.36277
478 A	0.26906	0.37160	0.35935
479 T	0.27043	0.35998	0.3696
480 G	0.26546	0.34967	0.38487
481 G	0.26449	0.35347	0.38203
482 T	0.26284	0.39002	0.34714
483 A	0.25781	0.45002	0.29217
484 A	0.25477	0.48715	0.25807
485 A	0.25449	0.49442	0.25109
486 A	0.25592	0.49709	0.247
487 G	0.26328	0.49003	0.24669
488 A	0.27784	0.48670	0.23546
489 T	0.29755	0.48657	0.21588
490 A	0.30321	0.49889	0.1979
491 A	0.30686	0.51781	0.17534
492 A	0.31331	0.51954	0.16714
493 A	0.32373	0.50737	0.16891
494 T	0.34381	0.48162	0.17458
495 T	0.36047	0.46196	0.17756
496 A	0.37004	0.45115	0.17881
497 C	0.39176	0.42039	0.18784
498 T	0.41675	0.39825	0.18501
499 T	0.43124	0.38272	0.18605
500 A	0.44183	0.37035	0.18782
501 T	0.46335	0.34680	0.18985
502 T	0.47400	0.33475	0.19125
503 C	0.47954	0.32224	0.19822
504 A	0.49050	0.30926	0.20023
505 G	0.52683	0.27156	0.20161
506 T	0.57905	0.22086	0.20009
507 T	0.59528	0.20544	0.19928
508 C	0.57998	0.22566	0.19436
509 A	0.56718	0.24962	0.1832
510 A	0.56723	0.25864	0.17413
511 A	0.57286	0.26381	0.16334
512 T	0.59228	0.24936	0.15836
513 A	0.59217	0.25464	0.15319
514 T	0.61201	0.23346	0.15453
515 T	0.61526	0.22940	0.15534
516 A	0.60411	0.23976	0.15613
517 A	0.59738	0.24562	0.157
518 C	0.59528	0.24511	0.15961
519 T	0.59588	0.24385	0.16027
520 C	0.59371	0.24565	0.16064
521 C	0.59505	0.24420	0.16075
522 T	0.59477	0.24450	0.16074
523 T	0.59116	0.24813	0.16071
524 C	0.57937	0.25987	0.16077
525 G	0.56903	0.27179	0.15919
526 G	0.56109	0.28286	0.15606
527 A	0.54940	0.29930	0.1513
528 A	0.54532	0.30379	0.15089
529 T	0.54839	0.30018	0.15142
530 A	0.54303	0.28905	0.16793
531 T	0.54135	0.26792	0.19072
532 A	0.53161	0.26932	0.19906
533 A	0.53219	0.26400	0.20381
534 T	0.54007	0.24739	0.21254
535 A	0.54186	0.24336	0.21479
536 T	0.54433	0.22525	0.23042
537 T	0.53648	0.23472	0.22879
538 T	0.50879	0.27601	0.2152
539 T	0.47601	0.32873	0.19526
540 A	0.44999	0.36279	0.18722
541 A	0.42855	0.39099	0.18046
542 A	0.41931	0.40113	0.17956
543 T	0.41339	0.40583	0.18078
544 C	0.40401	0.41552	0.18047
545 A	0.38587	0.44674	0.16739
546 A	0.37390	0.46564	0.16045
547 A	0.36362	0.47837	0.15802
548 A	0.36055	0.48279	0.15667
549 A	0.36255	0.48302	0.15443
550 T	0.36975	0.47383	0.15642
551 A	0.37181	0.47079	0.1574
552 T	0.37614	0.46150	0.16236
553 A	0.37864	0.45518	0.16618
554 A	0.38287	0.44533	0.1718
555 T	0.39713	0.41642	0.18644
556 T	0.40786	0.39781	0.19434
557 T	0.41310	0.39103	0.19587
558 A	0.41784	0.38181	0.20036
559 A	0.42337	0.37127	0.20537
560 A	0.43106	0.34949	0.21946
561 T	0.45033	0.29446	0.25522
562 C	0.46975	0.24324	0.287
563 A	0.47955	0.23090	0.28956
564 T	0.48772	0.23445	0.27782
565 A	0.48546	0.27306	0.24148
566 T	0.48343	0.29654	0.22003
567 T	0.46436	0.34085	0.19479
568 A	0.44741	0.35009	0.2025
569 A	0.43863	0.35230	0.20907
570 A	0.44122	0.34566	0.21312
571 G	0.44800	0.34130	0.2107
572 C	0.45794	0.33415	0.20791
573 T	0.47392	0.32853	0.19755
574 T	0.47436	0.33824	0.1874
575 T	0.46731	0.35849	0.1742
576 A	0.45586	0.37363	0.17052
577 T	0.44622	0.39131	0.16247
578 T	0.43328	0.40842	0.1583
579 A	0.41448	0.43350	0.15201
580 C	0.40512	0.44413	0.15076
581 A	0.40101	0.45138	0.14762
582 T	0.39943	0.45531	0.14526
583 A	0.39656	0.45967	0.14377
584 A	0.39530	0.46128	0.14342
585 T	0.39946	0.45641	0.14414
586 A	0.41253	0.44000	0.14747
587 A	0.43968	0.40476	0.15555
588 A	0.48011	0.35397	0.16592
589 G	0.50531	0.31716	0.17752
590 C	0.53197	0.26631	0.20173
591 T	0.54288	0.23632	0.22079
592 A	0.54788	0.21774	0.23438
593 T	0.56089	0.19982	0.23929
594 T	0.57728	0.18146	0.24126
595 T	0.58548	0.17199	0.24253
596 T	0.58961	0.15965	0.25074
597 A	0.58832	0.14707	0.26462
598 G	0.59059	0.13215	0.27726
599 A	0.59129	0.11894	0.28977
600 T	0.60222	0.09292	0.30486
601 C	0.60456	0.07622	0.31923
602 T	0.60849	0.06339	0.32812
603 T	0.60158	0.07185	0.32657
604 T	0.58111	0.11777	0.30112
605 T	0.52211	0.22811	0.24978
606 A	0.33749	0.49591	0.16661
607 A	0.23179	0.63341	0.1348
608 A	0.15314	0.73856	0.1083
609 A	0.10113	0.81671	0.08216
610 A	0.08054	0.84967	0.06979
611 A	0.07152	0.86336	0.06512
612 A	0.06609	0.87467	0.05925
613 A	0.06376	0.87915	0.05709
614 T	0.06352	0.88013	0.05635
615 A	0.06288	0.88145	0.05567
616 A	0.06269	0.88158	0.05574
617 A	0.06258	0.88098	0.05644
618 T	0.06285	0.87917	0.05797
619 A	0.06263	0.87787	0.05949
620 A	0.06264	0.87448	0.06288
621 A	0.06288	0.87143	0.06569
622 G	0.06336	0.86794	0.0687
623 A	0.06426	0.86558	0.07016
624 A	0.06702	0.85523	0.07774
625 G	0.07260	0.83711	0.09029
626 A	0.08181	0.81052	0.10767
627 A	0.11192	0.75174	0.13634
628 A	0.16982	0.62801	0.20218
629 T	0.26151	0.34783	0.39066
630 G	0.29044	0.21653	0.49303
631 G	0.31465	0.12250	0.56285
632 T	0.34038	0.06070	0.59891
633 T	0.35114	0.03848	0.61038
634 G	0.35408	0.03364	0.61228
635 T	0.35907	0.02795	0.61299
636 T	0.36045	0.03036	0.60919
637 T	0.36071	0.04658	0.59271
638 T	0.35833	0.10805	0.53361
639 A	0.32838	0.16290	0.50872
640 G	0.28942	0.23992	0.47066
641 A	0.26303	0.29373	0.44324
642 T	0.25627	0.31361	0.43012
643 C	0.23865	0.37677	0.38457
644 A	0.22988	0.42849	0.34162
645 G	0.22562	0.44465	0.32973
646 T	0.22430	0.44762	0.32807
647 T	0.22040	0.45285	0.32676
648 T	0.20766	0.46834	0.324
649 G	0.17805	0.50099	0.32096
650 C	0.17043	0.51112	0.31844
651 T	0.16567	0.51673	0.3176
652 A	0.15559	0.52707	0.31733
653 G	0.15343	0.52932	0.31725
654 T	0.15365	0.52920	0.31714
655 C	0.15266	0.53030	0.31704
656 C	0.15261	0.53065	0.31674
657 T	0.15512	0.52904	0.31585
658 A	0.15488	0.53095	0.31417
659 A	0.15855	0.52864	0.31282
660 A	0.17227	0.51609	0.31164
661 A	0.21885	0.46827	0.31288
662 A	0.24999	0.40631	0.3437
663 T	0.31441	0.30158	0.38401
664 T	0.35193	0.23839	0.40967
665 A	0.36629	0.21674	0.41697
666 T	0.40430	0.16109	0.4346
667 T	0.42961	0.12815	0.44224
668 T	0.43359	0.12049	0.44592
669 T	0.43122	0.12278	0.446
670 A	0.42499	0.13319	0.44182
671 A	0.42214	0.13900	0.43886
672 T	0.42162	0.13055	0.44782
673 T	0.41832	0.13647	0.44521
674 A	0.40812	0.15429	0.43759
675 T	0.40273	0.15829	0.43898
676 T	0.39119	0.18184	0.42697
677 T	0.37857	0.21236	0.40907
678 A	0.34687	0.27485	0.37828
679 A	0.32228	0.32354	0.35419
680 A	0.30614	0.38719	0.30668
681 A	0.28650	0.45746	0.25605
682 A	0.23614	0.55374	0.21012
683 A	0.17266	0.64671	0.18063
684 T	0.14077	0.70722	0.15201
685 G	0.10102	0.77559	0.1234
686 A	0.07577	0.83047	0.09375
687 A	0.05881	0.86589	0.0753
688 A	0.05188	0.87944	0.06868
689 A	0.04664	0.88957	0.06379
690 A	0.04644	0.89111	0.06245
691 A	0.04849	0.88854	0.06297
692 A	0.05279	0.88124	0.06597
693 A	0.06098	0.86621	0.07281
694 G	0.07658	0.84459	0.07883
695 T	0.09791	0.81864	0.08345
696 A	0.10642	0.80528	0.08829
697 T	0.11634	0.78407	0.09959
698 A	0.11823	0.77500	0.10677
699 C	0.12469	0.75500	0.12031
700 A	0.13051	0.74518	0.12431
701 A	0.15082	0.70857	0.14061
702 A	0.17288	0.67667	0.15045
703 A	0.22574	0.61820	0.15606
704 A	0.28322	0.54928	0.16749
705 A	0.33876	0.43771	0.22354
706 A	0.37848	0.32390	0.29762
707 T	0.41939	0.24227	0.33833
708 T	0.44690	0.18870	0.36439
709 A	0.46798	0.17196	0.36005
710 T	0.48347	0.15165	0.36487
711 A	0.48705	0.15365	0.3593
712 T	0.49033	0.15329	0.35637
713 T	0.48493	0.17410	0.34097
714 T	0.45419	0.23152	0.31429
715 G	0.39597	0.35089	0.25313
716 A	0.37012	0.41609	0.2138
717 A	0.35705	0.44831	0.19464
718 A	0.34580	0.46818	0.18602
719 T	0.34015	0.48457	0.17528
720 T	0.32974	0.51066	0.1596
721 A	0.31391	0.52977	0.15632
722 A	0.30802	0.53576	0.15622
723 A	0.30624	0.53493	0.15884
724 G	0.30730	0.52940	0.16329
725 C	0.31213	0.52354	0.16432
726 T	0.31797	0.52259	0.15944
727 G	0.32038	0.52193	0.15769
728 A	0.32420	0.51917	0.15663
729 A	0.33123	0.51249	0.15628
730 T	0.34073	0.50293	0.15635
731 C	0.35235	0.48978	0.15787
732 T	0.37734	0.46568	0.15699
733 A	0.38802	0.45804	0.15394
734 A	0.40250	0.44487	0.15263
735 A	0.41980	0.42629	0.15392
736 T	0.44829	0.38962	0.16208
737 A	0.47566	0.32717	0.19717
738 T	0.53857	0.20689	0.25454
739 T	0.56826	0.15163	0.28011
740 T	0.58075	0.12847	0.29079
741 A	0.58238	0.11865	0.29897
742 A	0.58987	0.10593	0.30421
743 G	0.60180	0.08459	0.31361
744 T	0.60609	0.06888	0.32503
745 G	0.60774	0.06194	0.33032
746 T	0.61105	0.05617	0.33278
747 A	0.61177	0.06050	0.32773
748 G	0.61338	0.06411	0.32251
749 C	0.61767	0.06873	0.3136
750 T	0.61824	0.10245	0.27931
751 T	0.60537	0.13789	0.25674
752 T	0.59289	0.15618	0.25094
753 A	0.57699	0.17744	0.24558
754 G	0.56370	0.19097	0.24533
755 C	0.55809	0.19653	0.24537
756 C	0.55484	0.20011	0.24505
757 T	0.55380	0.20222	0.24398
758 C	0.54995	0.20670	0.24335
759 T	0.54808	0.20918	0.24274
760 A	0.54591	0.21176	0.24233
761 T	0.54492	0.21292	0.24216
762 T	0.54103	0.21690	0.24208
763 A	0.53272	0.22510	0.24218
764 T	0.53066	0.22408	0.24526
765 A	0.52197	0.23053	0.2475
766 G	0.51225	0.23813	0.24963
767 C	0.50349	0.24481	0.25169
768 C	0.49132	0.25706	0.25161
769 A	0.47952	0.27056	0.24992
770 G	0.48186	0.26948	0.24866
771 A	0.48702	0.26664	0.24634
772 A	0.49696	0.25835	0.24469
773 A	0.52966	0.22420	0.24614
774 T	0.55303	0.18263	0.26434
775 A	0.55827	0.16363	0.2781
776 T	0.56348	0.14259	0.29392
777 T	0.56402	0.13091	0.30508
778 T	0.56364	0.12572	0.31064
779 T	0.56139	0.12671	0.3119
780 T	0.55662	0.13472	0.30866
781 T	0.54684	0.15094	0.30221
782 T	0.52824	0.17463	0.29714
783 A	0.47601	0.24803	0.27596
784 A	0.42726	0.31565	0.25709
785 A	0.39740	0.34912	0.25348
786 G	0.36723	0.37491	0.25786
787 G	0.35226	0.39471	0.25303
788 A	0.34422	0.40437	0.25141
789 A	0.34196	0.40357	0.25446
790 A	0.34110	0.39901	0.25989
791 T	0.34187	0.38771	0.27042
792 G	0.34131	0.37991	0.27878
793 G	0.34148	0.37991	0.2786
794 A	0.33988	0.38763	0.27249
795 T	0.34045	0.39733	0.26222
796 A	0.33943	0.41232	0.24825
797 A	0.33916	0.41813	0.2427
798 A	0.33943	0.42393	0.23663
799 T	0.34143	0.42372	0.23486
800 T	0.34179	0.42879	0.22942
801 A	0.33912	0.43899	0.22188
802 A	0.33917	0.44337	0.21746
803 G	0.34177	0.43728	0.22095
804 T	0.34946	0.42534	0.22521
805 A	0.34777	0.42181	0.23042
806 A	0.36437	0.37341	0.26223
807 T	0.38554	0.31347	0.30099
808 A	0.39060	0.28830	0.32109
809 A	0.39414	0.25875	0.34711
810 T	0.40552	0.23267	0.36181
811 C	0.41175	0.21949	0.36876
812 T	0.41270	0.22099	0.36632
813 A	0.40649	0.23222	0.36128
814 A	0.40329	0.23941	0.3573
815 T	0.40324	0.24583	0.35092
816 A	0.39869	0.25850	0.34281
817 G	0.40363	0.25234	0.34404
818 G	0.41322	0.24722	0.33955
819 T	0.42681	0.23974	0.33344
820 A	0.43111	0.25205	0.31685
821 T	0.43834	0.25121	0.31045
822 G	0.43843	0.25497	0.3066
823 A	0.44319	0.25634	0.30047
824 A	0.45272	0.24468	0.30259
825 A	0.46646	0.22619	0.30735
826 T	0.48000	0.20599	0.31402
827 T	0.48767	0.19496	0.31737
828 A	0.49310	0.18243	0.32447
829 C	0.49986	0.16957	0.33057
830 G	0.50204	0.16741	0.33055
831 T	0.50475	0.16576	0.3295
832 T	0.49721	0.17649	0.32629
833 T	0.48658	0.18975	0.32367
834 A	0.46819	0.21385	0.31796
835 G	0.45246	0.22408	0.32346
836 G	0.43557	0.23285	0.33158
837 A	0.42741	0.23653	0.33606
838 T	0.43102	0.22966	0.33932
839 C	0.43137	0.22627	0.34236
840 A	0.42947	0.24597	0.32457
841 G	0.43127	0.24824	0.32049
842 G	0.41747	0.27125	0.31128
843 T	0.42211	0.27944	0.29846
844 T	0.42239	0.28177	0.29584
845 A	0.41070	0.29239	0.29692
846 T	0.40638	0.29499	0.29863
847 A	0.39486	0.30702	0.29811
848 C	0.38876	0.31387	0.29736
849 A	0.37280	0.33903	0.28817
850 G	0.36625	0.35017	0.28359
851 T	0.36412	0.35514	0.28075
852 G	0.35807	0.36410	0.27784
853 G	0.35330	0.37301	0.27368
854 A	0.35249	0.37376	0.27375
855 T	0.35527	0.35604	0.28869
856 A	0.35505	0.34578	0.29917
857 A	0.35823	0.32705	0.31471
858 A	0.35754	0.31257	0.32989
859 C	0.35765	0.29020	0.35214
860 A	0.35394	0.29378	0.35229
861 A	0.34697	0.30904	0.34399
862 A	0.34542	0.30807	0.34651
863 T	0.36186	0.28677	0.35136
864 A	0.35114	0.29315	0.35571
865 G	0.34634	0.25249	0.40117
866 C	0.34397	0.22751	0.42851
867 T	0.33421	0.24153	0.42426
868 G	0.31059	0.30971	0.37971
869 A	0.28636	0.45165	0.26199
870 A	0.28194	0.50318	0.21488
871 A	0.28124	0.52331	0.19544
872 T	0.29055	0.51331	0.19614
873 T	0.29226	0.50918	0.19856
874 T	0.28736	0.51560	0.19703
875 A	0.27594	0.53280	0.19125
876 T	0.27024	0.54005	0.18971
877 C	0.25632	0.55510	0.18858
878 A	0.24249	0.57430	0.18321
879 A	0.23624	0.58277	0.18099
880 A	0.23351	0.58583	0.18065
881 A	0.23305	0.58606	0.18088
882 A	0.23450	0.58395	0.18155
883 A	0.24508	0.56691	0.18801
884 A	0.25870	0.54210	0.1992
885 T	0.26249	0.52764	0.20987
886 A	0.26279	0.52507	0.21214
887 A	0.26168	0.51476	0.22356
888 A	0.26121	0.50459	0.2342
889 G	0.26407	0.48658	0.24934
890 A	0.27565	0.46286	0.26148
891 A	0.33046	0.38573	0.28381
892 T	0.46241	0.22855	0.30905
893 T	0.50966	0.17420	0.31615
894 G	0.52346	0.15978	0.31675
895 A	0.53442	0.15667	0.30891
896 T	0.54309	0.15055	0.30636
897 T	0.54779	0.14461	0.3076
898 T	0.55500	0.14234	0.30266
899 T	0.55783	0.15011	0.29207
900 T	0.55714	0.14717	0.29569
901 T	0.55050	0.16136	0.28814
902 T	0.52442	0.19387	0.28171
903 T	0.45033	0.27297	0.27669
904 C	0.33664	0.39329	0.27007
905 A	0.29857	0.44768	0.25375
906 A	0.28653	0.46950	0.24397
907 A	0.28237	0.47684	0.24079
908 A	0.28082	0.48003	0.23915
909 A	0.28271	0.47939	0.2379
910 A	0.28601	0.47360	0.24039
911 T	0.28956	0.46695	0.24349
912 A	0.28836	0.46692	0.24473
913 G	0.28898	0.46455	0.24647
914 C	0.29098	0.46198	0.24704
915 T	0.29334	0.46084	0.24583
916 A	0.29538	0.46116	0.24346
917 A	0.30251	0.45569	0.2418
918 A	0.31877	0.44143	0.23979
919 T	0.33582	0.42711	0.23707
920 G	0.34159	0.42377	0.23463
921 T	0.35551	0.40649	0.238
922 A	0.36606	0.39105	0.24289
923 A	0.37386	0.37775	0.24839
924 T	0.39776	0.33024	0.272
925 T	0.41380	0.27925	0.30695
926 T	0.41750	0.20637	0.37613
927 T	0.41207	0.13237	0.45556
928 G	0.38966	0.14845	0.4619
929 T	0.36955	0.21527	0.41517
930 A	0.32192	0.33001	0.34807
931 A	0.28522	0.44788	0.2669
932 A	0.28277	0.45038	0.26685
933 T	0.28100	0.45148	0.26753
934 A	0.27656	0.45642	0.26702
935 T	0.27611	0.45522	0.26867
936 C	0.27464	0.45641	0.26895
937 A	0.27500	0.45594	0.26906
938 A	0.27626	0.45446	0.26928
939 A	0.27899	0.45126	0.26975
940 A	0.28163	0.44824	0.27013
941 G	0.28506	0.44432	0.27062
942 A	0.28995	0.43791	0.27214
943 T	0.30015	0.42485	0.27499
944 A	0.30592	0.41754	0.27654
945 T	0.31664	0.40388	0.27947
946 T	0.32223	0.39564	0.28212
947 T	0.32577	0.38921	0.28503
948 T	0.32878	0.38226	0.28897
949 A	0.33207	0.37511	0.29283
950 A	0.33947	0.35653	0.304
951 A	0.35918	0.31023	0.33059
952 T	0.41314	0.22748	0.35938
953 A	0.47348	0.12214	0.40439
954 A	0.55367	0.00000	0.44633
