# lcl|CP097583.1_cds_USQ93546.1_1
# AA	inside	membr	outside
1 A	0.31882	0.00000	0.68117
2 T	0.31585	0.00297	0.68117
3 G	0.31437	0.00445	0.68117
4 G	0.31437	0.02053	0.66509
5 A	0.30084	0.05859	0.64057
6 A	0.30084	0.06324	0.63592
7 T	0.26617	0.10014	0.63369
8 G	0.26616	0.10019	0.63364
9 G	0.25924	0.10745	0.6333
10 A	0.25923	0.14840	0.59237
11 A	0.25706	0.15373	0.5892
12 A	0.23423	0.17825	0.58752
13 C	0.20958	0.21274	0.57768
14 A	0.20957	0.21275	0.57767
15 A	0.20957	0.53013	0.2603
16 T	0.20927	0.53043	0.2603
17 T	0.20865	0.53239	0.25895
18 T	0.20858	0.53805	0.25336
19 T	0.20499	0.54504	0.24996
20 T	0.18488	0.61803	0.1971
21 T	0.12703	0.67602	0.19695
22 A	0.12087	0.68884	0.1903
23 A	0.11526	0.69854	0.1862
24 T	0.11032	0.71177	0.17791
25 A	0.09980	0.72876	0.17144
26 A	0.09260	0.74987	0.15753
27 G	0.09708	0.76415	0.13877
28 A	0.10918	0.76240	0.12841
29 A	0.11103	0.76810	0.12088
30 T	0.11588	0.74515	0.13896
31 A	0.11349	0.75348	0.13303
32 A	0.11262	0.75185	0.13553
33 A	0.14055	0.72662	0.13283
34 A	0.14385	0.72249	0.13366
35 A	0.15576	0.69118	0.15305
36 A	0.17273	0.65338	0.1739
37 A	0.18701	0.63727	0.17572
38 T	0.48657	0.33469	0.17874
39 T	0.49401	0.32217	0.18382
40 A	0.50230	0.30937	0.18833
41 T	0.51149	0.28885	0.19967
42 T	0.51855	0.27457	0.20689
43 T	0.54771	0.22799	0.2243
44 T	0.54762	0.19430	0.25808
45 A	0.55120	0.18789	0.26091
46 A	0.55545	0.17912	0.26544
47 T	0.56571	0.16337	0.27092
48 A	0.57565	0.14654	0.27781
49 A	0.59332	0.12272	0.28396
50 T	0.62353	0.08646	0.29002
51 T	0.64332	0.06241	0.29427
52 T	0.65126	0.05220	0.29655
53 T	0.65417	0.04870	0.29713
54 T	0.65245	0.04898	0.29857
55 A	0.64805	0.05268	0.29927
56 T	0.64747	0.05169	0.30084
57 T	0.63281	0.06792	0.29927
58 A	0.60622	0.09799	0.29579
59 T	0.60333	0.10115	0.29552
60 T	0.59576	0.10984	0.29441
61 T	0.58862	0.11713	0.29426
62 T	0.57096	0.13499	0.29405
63 G	0.55370	0.15372	0.29258
64 G	0.55066	0.15681	0.29252
65 C	0.54844	0.15939	0.29217
66 A	0.54287	0.16626	0.29087
67 T	0.54157	0.16779	0.29063
68 C	0.53604	0.17372	0.29025
69 G	0.51632	0.19505	0.28862
70 A	0.51006	0.20291	0.28703
71 T	0.50966	0.20398	0.28636
72 A	0.50192	0.21306	0.28502
73 T	0.50125	0.21409	0.28466
74 T	0.49673	0.21838	0.28489
75 A	0.47768	0.23780	0.28453
76 A	0.47079	0.24206	0.28715
77 T	0.46808	0.23862	0.29331
78 G	0.46283	0.23657	0.3006
79 A	0.45899	0.23615	0.30485
80 T	0.45930	0.21806	0.32264
81 T	0.45901	0.19516	0.34583
82 G	0.45402	0.19262	0.35337
83 C	0.45206	0.18394	0.364
84 A	0.45037	0.18121	0.36841
85 G	0.44972	0.16991	0.38037
86 C	0.44934	0.16078	0.38989
87 A	0.44851	0.16423	0.38727
88 T	0.44940	0.16530	0.3853
89 A	0.44926	0.16285	0.3879
90 T	0.45003	0.15835	0.39162
91 T	0.44930	0.15557	0.39514
92 T	0.44857	0.13783	0.4136
93 G	0.44542	0.13799	0.41659
94 A	0.44481	0.15825	0.39694
95 T	0.44567	0.16936	0.38497
96 T	0.44182	0.18887	0.3693
97 A	0.43629	0.22338	0.34033
98 T	0.43401	0.23527	0.33072
99 T	0.43056	0.24110	0.32833
100 G	0.42124	0.26477	0.31399
101 A	0.41609	0.28993	0.29398
102 T	0.41488	0.29761	0.28751
103 C	0.41229	0.31228	0.27543
104 A	0.39926	0.37558	0.22516
105 T	0.39180	0.40075	0.20745
106 A	0.37753	0.43157	0.19091
107 A	0.35549	0.46510	0.1794
108 G	0.33974	0.48730	0.17296
109 A	0.32688	0.50717	0.16594
110 A	0.31953	0.52173	0.15875
111 T	0.31876	0.53174	0.1495
112 A	0.30788	0.56543	0.12669
113 A	0.29928	0.58938	0.11133
114 A	0.29094	0.61869	0.09037
115 A	0.28244	0.63924	0.07833
116 A	0.25481	0.68282	0.06237
117 A	0.25162	0.68798	0.06039
118 A	0.24612	0.69557	0.05831
119 G	0.23847	0.69836	0.06317
120 A	0.25197	0.67945	0.06858
121 C	0.25647	0.67050	0.07303
122 A	0.25599	0.66925	0.07476
123 A	0.26855	0.65099	0.08046
124 C	0.29250	0.62227	0.08523
125 A	0.29463	0.62253	0.08284
126 A	0.29456	0.62408	0.08135
127 T	0.32756	0.58283	0.0896
128 T	0.31321	0.60072	0.08607
129 A	0.25937	0.65077	0.08987
130 G	0.20646	0.68429	0.10924
131 A	0.17481	0.70329	0.1219
132 A	0.15890	0.70616	0.13493
133 C	0.13695	0.71610	0.14695
134 A	0.12821	0.72948	0.14231
135 A	0.14299	0.71363	0.14338
136 A	0.15271	0.70957	0.13772
137 A	0.17095	0.69044	0.13862
138 A	0.18075	0.67678	0.14247
139 A	0.19831	0.62503	0.17666
140 A	0.20236	0.59020	0.20744
141 T	0.20672	0.55143	0.24185
142 T	0.20467	0.52966	0.26566
143 A	0.18597	0.54202	0.272
144 T	0.17841	0.54602	0.27557
145 A	0.15536	0.57891	0.26572
146 A	0.13033	0.60568	0.264
147 A	0.10043	0.63515	0.26442
148 A	0.08833	0.64121	0.27047
149 A	0.08217	0.62843	0.2894
150 G	0.08381	0.61094	0.30526
151 G	0.09036	0.58770	0.32194
152 T	0.09267	0.56302	0.3443
153 T	0.09205	0.53093	0.37702
154 G	0.08764	0.52277	0.38958
155 A	0.08309	0.53534	0.38156
156 A	0.07926	0.53148	0.38926
157 C	0.08115	0.51991	0.39894
158 A	0.08557	0.54715	0.36728
159 G	0.09850	0.55100	0.35049
160 G	0.10639	0.56079	0.33282
161 T	0.11440	0.56972	0.31588
162 A	0.11830	0.58478	0.29693
163 A	0.11616	0.59609	0.28776
164 T	0.12425	0.59105	0.2847
165 A	0.12574	0.60605	0.26821
166 G	0.13015	0.61626	0.25359
167 A	0.14082	0.65090	0.20828
168 A	0.15580	0.63772	0.20648
169 A	0.16554	0.61740	0.21707
170 A	0.16376	0.60520	0.23104
171 A	0.16698	0.59929	0.23374
172 G	0.17365	0.59422	0.23213
173 A	0.17515	0.61774	0.20711
174 A	0.18085	0.63961	0.17954
175 G	0.19577	0.66116	0.14307
176 T	0.21124	0.64685	0.14191
177 A	0.21219	0.64908	0.13873
178 A	0.22917	0.63608	0.13474
179 A	0.24590	0.61798	0.13612
180 C	0.26435	0.59788	0.13777
181 T	0.30592	0.56302	0.13106
182 T	0.32048	0.54947	0.13006
183 T	0.32736	0.54265	0.12999
184 A	0.31040	0.56066	0.12893
185 A	0.29810	0.57228	0.12962
186 C	0.29699	0.56430	0.13872
187 C	0.29036	0.57178	0.13785
188 A	0.30479	0.56000	0.13521
189 A	0.33959	0.52827	0.13214
190 T	0.39242	0.47628	0.1313
191 T	0.40570	0.46370	0.1306
192 A	0.40666	0.46316	0.13018
193 A	0.41351	0.44276	0.14373
194 A	0.41403	0.43213	0.15384
195 A	0.42188	0.41358	0.16454
196 A	0.44388	0.37547	0.18065
197 A	0.47789	0.32136	0.20075
198 T	0.52272	0.25920	0.21808
199 C	0.52636	0.24661	0.22702
200 A	0.53080	0.26075	0.20845
201 T	0.53971	0.25762	0.20268
202 A	0.52071	0.30251	0.17679
203 T	0.51767	0.31413	0.1682
204 T	0.51256	0.32287	0.16457
205 G	0.50328	0.32062	0.1761
206 A	0.49952	0.32611	0.17437
207 T	0.49923	0.30539	0.19538
208 G	0.49691	0.29214	0.21096
209 A	0.49697	0.28148	0.22155
210 T	0.49851	0.26333	0.23816
211 C	0.50022	0.25795	0.24183
212 T	0.50215	0.26852	0.22933
213 T	0.49034	0.30194	0.20772
214 A	0.48354	0.35328	0.16317
215 A	0.47988	0.35755	0.16257
216 A	0.47484	0.36452	0.16064
217 A	0.47241	0.35611	0.17147
218 A	0.46934	0.35540	0.17527
219 C	0.46616	0.35289	0.18095
220 A	0.46551	0.35649	0.178
221 A	0.46754	0.35831	0.17415
222 A	0.47548	0.34898	0.17554
223 T	0.50395	0.31771	0.17835
224 A	0.51364	0.30579	0.18058
225 T	0.54381	0.24777	0.20842
226 T	0.55439	0.22538	0.22023
227 C	0.55666	0.21127	0.23206
228 T	0.55991	0.20357	0.23652
229 T	0.55639	0.21077	0.23284
230 C	0.54801	0.22214	0.22985
231 T	0.54380	0.24317	0.21304
232 A	0.53838	0.25064	0.21097
233 G	0.53863	0.24857	0.2128
234 T	0.54489	0.24273	0.21238
235 A	0.55055	0.23777	0.21168
236 C	0.56050	0.21238	0.22712
237 T	0.58553	0.18771	0.22676
238 A	0.57608	0.19836	0.22556
239 A	0.57345	0.20421	0.22234
240 A	0.57427	0.20356	0.22217
241 T	0.57552	0.20229	0.22218
242 T	0.57174	0.20087	0.22739
243 A	0.56360	0.20834	0.22806
244 T	0.55999	0.21531	0.22471
245 A	0.54275	0.25065	0.20661
246 T	0.53376	0.26351	0.20273
247 A	0.49930	0.30818	0.19252
248 A	0.48514	0.32550	0.18936
249 A	0.48111	0.32710	0.1918
250 G	0.48066	0.32201	0.19733
251 G	0.48371	0.31216	0.20414
252 T	0.49173	0.29454	0.21372
253 C	0.49614	0.28175	0.22212
254 T	0.51186	0.26433	0.22381
255 T	0.51324	0.26165	0.22511
256 A	0.51184	0.26636	0.2218
257 A	0.51248	0.26490	0.22262
258 T	0.51441	0.25841	0.22718
259 A	0.51600	0.24587	0.23813
260 T	0.52221	0.22366	0.25413
261 T	0.52660	0.20935	0.26406
262 A	0.53122	0.20464	0.26414
263 A	0.53392	0.20403	0.26205
264 T	0.53742	0.20338	0.25921
265 G	0.52946	0.21982	0.25072
266 A	0.52869	0.22208	0.24923
267 A	0.53366	0.21971	0.24664
268 T	0.55211	0.18958	0.2583
269 A	0.55355	0.18880	0.25765
270 T	0.56127	0.15824	0.28048
271 T	0.55529	0.17204	0.27267
272 A	0.54178	0.19645	0.26178
273 T	0.53094	0.22739	0.24167
274 A	0.49502	0.29940	0.20558
275 G	0.48541	0.32193	0.19266
276 T	0.47948	0.33088	0.18964
277 A	0.47382	0.33750	0.18869
278 A	0.47209	0.33857	0.18934
279 T	0.47463	0.33424	0.19113
280 C	0.47064	0.33747	0.19189
281 C	0.46816	0.33988	0.19197
282 C	0.45988	0.34862	0.19149
283 G	0.45746	0.35272	0.18981
284 A	0.45752	0.35819	0.18428
285 A	0.46259	0.35477	0.18265
286 G	0.47050	0.34703	0.18248
287 A	0.48093	0.33675	0.18231
288 T	0.49934	0.30883	0.19183
289 A	0.50323	0.30093	0.19584
290 T	0.51227	0.28960	0.19813
291 A	0.51038	0.29031	0.19931
292 A	0.51378	0.28357	0.20266
293 A	0.52092	0.27169	0.20739
294 T	0.54226	0.23795	0.2198
295 A	0.54917	0.21710	0.23373
296 A	0.56576	0.18800	0.24624
297 T	0.59302	0.12720	0.27978
298 G	0.59411	0.11536	0.29053
299 C	0.59303	0.10913	0.29784
300 T	0.59061	0.10874	0.30066
301 T	0.58569	0.11180	0.30251
302 A	0.57156	0.12520	0.30323
303 T	0.56560	0.12805	0.30635
304 G	0.56021	0.13236	0.30743
305 C	0.55697	0.12600	0.31703
306 A	0.55618	0.12878	0.31503
307 T	0.56063	0.12568	0.3137
308 T	0.56078	0.12687	0.31236
309 G	0.55917	0.13081	0.31002
310 A	0.55840	0.13563	0.30597
311 T	0.55939	0.13498	0.30562
312 T	0.55961	0.13260	0.30779
313 T	0.55878	0.13428	0.30695
314 G	0.55677	0.13594	0.3073
315 T	0.55501	0.13509	0.3099
316 A	0.55240	0.14298	0.30462
317 T	0.55149	0.14210	0.30641
318 A	0.55032	0.14195	0.30773
319 A	0.54995	0.13997	0.31008
320 A	0.54984	0.13563	0.31453
321 T	0.54992	0.12583	0.32426
322 G	0.54945	0.12057	0.32998
323 G	0.55050	0.11849	0.33102
324 A	0.55068	0.12087	0.32845
325 G	0.55123	0.11181	0.33696
326 G	0.55247	0.11070	0.33683
327 T	0.55501	0.11519	0.3298
328 T	0.55632	0.13448	0.3092
329 A	0.55839	0.17526	0.26635
330 T	0.56133	0.20138	0.23729
331 A	0.56256	0.23766	0.19978
332 A	0.56476	0.24930	0.18594
333 T	0.56967	0.25389	0.17644
334 A	0.57360	0.25285	0.17354
335 T	0.57839	0.24903	0.17258
336 A	0.58256	0.24725	0.17019
337 T	0.58820	0.23962	0.17217
338 C	0.58885	0.23683	0.17432
339 T	0.58667	0.23834	0.17498
340 T	0.57469	0.25105	0.17426
341 C	0.54804	0.27938	0.17257
342 A	0.51057	0.32511	0.16432
343 A	0.49088	0.34847	0.16064
344 A	0.47874	0.36287	0.1584
345 A	0.47161	0.37100	0.1574
346 A	0.47184	0.37144	0.15672
347 T	0.47840	0.36460	0.157
348 A	0.47884	0.36419	0.15696
349 A	0.48393	0.35864	0.15742
350 A	0.49763	0.34440	0.15797
351 A	0.52543	0.31550	0.15907
352 T	0.57275	0.26594	0.16131
353 C	0.60250	0.23465	0.16285
354 T	0.63605	0.20026	0.16369
355 C	0.64597	0.18998	0.16404
356 C	0.65449	0.18140	0.16411
357 T	0.65752	0.17840	0.16408
358 A	0.65878	0.17718	0.16405
359 T	0.66222	0.17320	0.16458
360 T	0.66116	0.17384	0.16501
361 T	0.65771	0.17430	0.16799
362 T	0.64861	0.17023	0.18116
363 A	0.64177	0.16173	0.1965
364 A	0.64073	0.13691	0.22235
365 T	0.64700	0.09618	0.25682
366 T	0.64831	0.07652	0.27517
367 T	0.64733	0.06646	0.28622
368 T	0.64416	0.06651	0.28933
369 T	0.63974	0.06970	0.29057
370 A	0.63054	0.07801	0.29144
371 T	0.62796	0.07799	0.29405
372 T	0.62262	0.08177	0.29562
373 C	0.61236	0.09277	0.29488
374 C	0.60651	0.10513	0.28835
375 T	0.60399	0.11487	0.28114
376 A	0.59759	0.12866	0.27375
377 A	0.59342	0.13857	0.26801
378 T	0.59247	0.14463	0.26291
379 T	0.59003	0.15656	0.2534
380 T	0.58536	0.17037	0.24426
381 A	0.57587	0.19297	0.23116
382 A	0.57035	0.20804	0.22162
383 A	0.55964	0.22197	0.21839
384 A	0.55151	0.23099	0.2175
385 T	0.54096	0.23732	0.22171
386 T	0.53191	0.25089	0.21721
387 A	0.50829	0.29048	0.20123
388 G	0.48182	0.34163	0.17656
389 A	0.47121	0.35437	0.17441
390 A	0.46827	0.35571	0.17602
391 G	0.46635	0.35306	0.18059
392 A	0.46220	0.35507	0.18273
393 C	0.46063	0.34975	0.18962
394 A	0.46040	0.36162	0.17798
395 A	0.45796	0.36919	0.17285
396 G	0.46098	0.36006	0.17897
397 T	0.46760	0.35052	0.18188
398 T	0.46921	0.34823	0.18256
399 A	0.46420	0.34944	0.18636
400 C	0.45908	0.35258	0.18833
401 A	0.45660	0.35922	0.18418
402 A	0.45814	0.36240	0.17946
403 A	0.46218	0.35869	0.17913
404 A	0.47320	0.34057	0.18622
405 T	0.48248	0.32636	0.19116
406 G	0.48666	0.30741	0.20593
407 A	0.49224	0.28999	0.21777
408 C	0.49991	0.26464	0.23545
409 A	0.50977	0.24704	0.24319
410 A	0.52643	0.21284	0.26072
411 T	0.55316	0.16436	0.28248
412 C	0.55417	0.15360	0.29223
413 G	0.55429	0.15195	0.29377
414 A	0.55655	0.14628	0.29716
415 T	0.55942	0.13987	0.30071
416 G	0.55804	0.13960	0.30237
417 T	0.56652	0.13055	0.30292
418 T	0.56919	0.12200	0.30881
419 A	0.56205	0.12818	0.30977
420 T	0.55586	0.13209	0.31205
421 G	0.54032	0.14565	0.31403
422 A	0.52764	0.15867	0.31369
423 T	0.52648	0.15800	0.31551
424 G	0.52223	0.15945	0.31832
425 T	0.52301	0.16217	0.31482
426 T	0.52136	0.16323	0.31542
427 A	0.51151	0.17642	0.31207
428 C	0.49364	0.19458	0.31178
429 T	0.48171	0.20960	0.30869
430 T	0.46423	0.23178	0.30399
431 T	0.44104	0.25891	0.30005
432 A	0.40680	0.29847	0.29473
433 G	0.38906	0.32082	0.29011
434 A	0.38428	0.32853	0.28719
435 A	0.38208	0.32924	0.28868
436 G	0.38241	0.32803	0.28956
437 A	0.38531	0.32581	0.28888
438 T	0.38925	0.32009	0.29067
439 T	0.39075	0.31986	0.28939
440 T	0.39096	0.32383	0.28521
441 A	0.39098	0.32308	0.28594
442 A	0.39254	0.31697	0.29049
443 A	0.39395	0.30954	0.29651
444 A	0.39692	0.29139	0.31169
445 C	0.40495	0.26729	0.32776
446 A	0.41215	0.26655	0.3213
447 A	0.41705	0.26400	0.31896
448 T	0.42868	0.25484	0.31648
449 A	0.43287	0.26338	0.30375
450 T	0.43978	0.26060	0.29962
451 T	0.44272	0.23189	0.32539
452 G	0.44312	0.22936	0.32752
453 T	0.44175	0.23691	0.32134
454 A	0.42566	0.30433	0.27001
455 A	0.42219	0.32596	0.25186
456 T	0.41723	0.37342	0.20934
457 A	0.40272	0.42455	0.17274
458 A	0.39558	0.45942	0.145
459 T	0.39449	0.46403	0.14148
460 A	0.38426	0.48100	0.13474
461 A	0.38192	0.48669	0.13139
462 A	0.38462	0.48399	0.13139
463 C	0.38987	0.47862	0.1315
464 A	0.39118	0.48017	0.12864
465 A	0.39343	0.47837	0.1282
466 C	0.39606	0.47537	0.12857
467 A	0.39492	0.47660	0.12849
468 A	0.39752	0.47396	0.12853
469 C	0.40801	0.46295	0.12904
470 C	0.41778	0.45322	0.12901
471 A	0.42768	0.44370	0.12862
472 A	0.45039	0.42122	0.12838
473 T	0.47899	0.39245	0.12856
474 A	0.49468	0.37665	0.12867
475 T	0.52531	0.34350	0.13119
476 A	0.54910	0.31258	0.13832
477 T	0.61210	0.22796	0.15994
478 A	0.63908	0.19184	0.16908
479 T	0.68863	0.13005	0.18132
480 T	0.71537	0.08805	0.19658
481 T	0.73445	0.06142	0.20413
482 A	0.73654	0.05559	0.20788
483 C	0.74066	0.04157	0.21777
484 C	0.74108	0.04045	0.21847
485 A	0.74113	0.04050	0.21837
486 T	0.74158	0.04119	0.21724
487 A	0.74353	0.04018	0.21629
488 T	0.74409	0.04017	0.21575
489 C	0.74093	0.04265	0.21642
490 T	0.74036	0.04173	0.21791
491 T	0.73938	0.04900	0.21163
492 A	0.73777	0.05497	0.20726
493 G	0.73758	0.05729	0.20513
494 A	0.73784	0.06211	0.20005
495 T	0.73817	0.05853	0.20331
496 T	0.73757	0.05853	0.2039
497 T	0.73537	0.06019	0.20444
498 G	0.72131	0.07452	0.20417
499 C	0.71786	0.07728	0.20486
500 C	0.71627	0.07946	0.20426
501 G	0.71514	0.08418	0.20068
502 T	0.71485	0.09275	0.1924
503 C	0.71391	0.10478	0.18131
504 A	0.70866	0.13285	0.1585
505 A	0.70786	0.13634	0.15579
506 A	0.70719	0.13812	0.15469
507 T	0.70873	0.13455	0.15671
508 A	0.70930	0.13346	0.15725
509 C	0.71071	0.12964	0.15965
510 A	0.71238	0.12930	0.15831
511 T	0.71482	0.12563	0.15955
512 C	0.71607	0.12223	0.1617
513 G	0.71825	0.12314	0.15862
514 T	0.72301	0.12129	0.1557
515 C	0.72216	0.12523	0.1526
516 A	0.71621	0.14653	0.13726
517 A	0.71507	0.15066	0.13427
518 A	0.70738	0.15969	0.13292
519 A	0.70115	0.16636	0.13249
520 A	0.69536	0.17081	0.13382
521 C	0.69301	0.15803	0.14896
522 G	0.69224	0.15697	0.15078
523 G	0.69308	0.15611	0.15082
524 A	0.69902	0.15330	0.14768
525 A	0.70862	0.14940	0.14198
526 T	0.72149	0.13622	0.14228
527 C	0.73739	0.11504	0.14757
528 A	0.73967	0.11189	0.14845
529 T	0.74191	0.10815	0.14994
530 C	0.74065	0.10909	0.15026
531 A	0.74018	0.10941	0.15041
532 C	0.74066	0.10858	0.15076
533 C	0.74327	0.10544	0.15129
534 A	0.74394	0.10486	0.15121
535 C	0.74673	0.10259	0.15068
536 T	0.75311	0.09778	0.14912
537 T	0.75263	0.09963	0.14774
538 G	0.74759	0.10458	0.14783
539 A	0.75387	0.09278	0.15335
540 T	0.75512	0.08974	0.15514
541 G	0.73239	0.10928	0.15833
542 T	0.72262	0.11303	0.16434
543 T	0.70444	0.12651	0.16905
544 A	0.66119	0.16955	0.16927
545 A	0.61848	0.21365	0.16787
546 C	0.59254	0.24161	0.16585
547 A	0.57218	0.27337	0.15445
548 A	0.56053	0.29533	0.14415
549 A	0.55073	0.30751	0.14176
550 T	0.54178	0.32002	0.1382
551 T	0.51671	0.34937	0.13392
552 A	0.42445	0.44730	0.12826
553 C	0.37855	0.49499	0.12647
554 A	0.33036	0.54517	0.12447
555 A	0.30775	0.56913	0.12312
556 A	0.29364	0.58326	0.1231
557 A	0.28750	0.58880	0.1237
558 C	0.28488	0.59050	0.12462
559 A	0.28414	0.59041	0.12545
560 A	0.28473	0.58717	0.1281
561 T	0.28771	0.57857	0.13373
562 A	0.28759	0.57756	0.13486
563 A	0.28855	0.57381	0.13764
564 T	0.29333	0.53081	0.17587
565 G	0.29311	0.51152	0.19537
566 T	0.29423	0.49420	0.21157
567 A	0.29412	0.47535	0.23053
568 A	0.29584	0.44859	0.25557
569 A	0.29777	0.42994	0.27229
570 A	0.30472	0.40828	0.28701
571 G	0.31144	0.39089	0.29767
572 A	0.31391	0.38539	0.3007
573 A	0.31869	0.39094	0.29037
574 A	0.32342	0.38257	0.29401
575 T	0.32997	0.29965	0.37037
576 A	0.33207	0.26847	0.39946
577 T	0.33416	0.22675	0.43909
578 T	0.33382	0.23004	0.43613
579 G	0.33111	0.23569	0.4332
580 G	0.32947	0.24404	0.42649
581 T	0.32860	0.25274	0.41865
582 A	0.32571	0.27171	0.40258
583 G	0.32532	0.27452	0.40016
584 A	0.32600	0.28085	0.39315
585 T	0.32888	0.28283	0.38829
586 A	0.32897	0.29633	0.37471
587 C	0.33102	0.29690	0.37208
588 A	0.33363	0.30954	0.35682
589 T	0.33816	0.34448	0.31736
590 T	0.34369	0.35631	0.3
591 A	0.34368	0.36943	0.28689
592 G	0.34774	0.37054	0.28172
593 A	0.35756	0.36083	0.2816
594 T	0.37127	0.34648	0.28226
595 G	0.38224	0.33481	0.28295
596 A	0.40836	0.30864	0.283
597 T	0.44205	0.27449	0.28346
598 T	0.46196	0.25469	0.28335
599 T	0.47778	0.23874	0.28348
600 A	0.48763	0.23076	0.28161
601 T	0.50680	0.20977	0.28343
602 T	0.51428	0.19964	0.28608
603 T	0.51832	0.19376	0.28791
604 A	0.52121	0.18958	0.28921
605 C	0.53406	0.17407	0.29188
606 T	0.53876	0.16904	0.2922
607 A	0.54507	0.16327	0.29166
608 A	0.55418	0.15469	0.29113
609 T	0.57465	0.13440	0.29096
610 G	0.57948	0.13074	0.28978
611 A	0.59502	0.11659	0.28839
612 T	0.63704	0.07489	0.28807
613 T	0.65529	0.05838	0.28633
614 T	0.66374	0.05193	0.28432
615 T	0.66277	0.06383	0.2734
616 T	0.65525	0.08379	0.26096
617 T	0.63110	0.12389	0.245
618 T	0.57606	0.20150	0.22244
619 A	0.51150	0.26991	0.21859
620 A	0.46541	0.31922	0.21538
621 A	0.42465	0.36251	0.21284
622 A	0.40952	0.37965	0.21083
623 C	0.40089	0.38745	0.21167
624 T	0.38640	0.40812	0.20548
625 T	0.36823	0.43097	0.2008
626 T	0.35443	0.45076	0.1948
627 G	0.33347	0.48301	0.18351
628 G	0.32249	0.51710	0.16041
629 A	0.31707	0.53457	0.14835
630 A	0.31486	0.54261	0.14252
631 A	0.30948	0.55563	0.13489
632 A	0.30542	0.56307	0.13151
633 A	0.30525	0.56442	0.13033
634 A	0.30729	0.56319	0.12953
635 A	0.30913	0.56174	0.12913
636 A	0.31462	0.55437	0.13102
637 A	0.32374	0.54007	0.13619
638 T	0.34202	0.50904	0.14894
639 A	0.35297	0.48660	0.16043
640 A	0.36567	0.44869	0.18564
641 T	0.38139	0.38189	0.23672
642 A	0.38374	0.32902	0.28724
643 A	0.38668	0.28435	0.32897
644 G	0.39002	0.23744	0.37253
645 T	0.39464	0.21185	0.39352
646 A	0.39712	0.19522	0.40766
647 T	0.40771	0.16186	0.43043
648 C	0.41393	0.13456	0.45151
649 G	0.42089	0.12002	0.45909
650 G	0.43278	0.10067	0.46656
651 T	0.45819	0.07667	0.46515
652 T	0.46774	0.07304	0.45923
653 G	0.47258	0.08133	0.44609
654 T	0.48005	0.08387	0.43608
655 T	0.48288	0.08698	0.43013
656 T	0.48391	0.09136	0.42473
657 A	0.48384	0.09903	0.41713
658 G	0.48494	0.10199	0.41306
659 C	0.48594	0.10292	0.41114
660 T	0.48695	0.10629	0.40676
661 G	0.48728	0.10990	0.40281
662 A	0.48871	0.11171	0.39958
663 T	0.49006	0.11184	0.39811
664 T	0.48855	0.11373	0.39772
665 T	0.48760	0.11467	0.39773
666 G	0.48065	0.12240	0.39695
667 T	0.47376	0.13090	0.39533
668 C	0.46554	0.14261	0.39185
669 A	0.44731	0.17269	0.38001
670 G	0.41784	0.20530	0.37686
671 A	0.40680	0.22053	0.37268
672 T	0.40195	0.22688	0.37117
673 A	0.39123	0.24065	0.36811
674 C	0.39341	0.23966	0.36693
675 A	0.39877	0.23509	0.36615
676 G	0.40492	0.22890	0.36619
677 A	0.41350	0.22031	0.3662
678 T	0.42597	0.20775	0.36629
679 C	0.43061	0.20329	0.3661
680 C	0.43800	0.19580	0.36621
681 T	0.44057	0.19491	0.36452
682 T	0.43553	0.20184	0.36264
683 T	0.42927	0.20833	0.36241
684 A	0.40344	0.23439	0.36217
685 A	0.38764	0.25008	0.36229
686 A	0.36779	0.26783	0.36438
687 C	0.34382	0.28688	0.3693
688 A	0.32740	0.30150	0.37111
689 A	0.32479	0.29713	0.37807
690 G	0.32518	0.28918	0.38564
691 A	0.32823	0.27848	0.39328
692 G	0.33831	0.25118	0.41052
693 C	0.34239	0.21208	0.44553
694 T	0.34700	0.19570	0.45729
695 G	0.34817	0.18720	0.46463
696 T	0.35055	0.18047	0.46898
697 G	0.35065	0.17777	0.47158
698 A	0.35101	0.17775	0.47124
699 T	0.35136	0.16898	0.47966
700 A	0.35137	0.16434	0.48429
701 C	0.35189	0.16032	0.4878
702 T	0.35306	0.16663	0.48031
703 A	0.35357	0.18366	0.46278
704 T	0.35518	0.20215	0.44266
705 T	0.35647	0.22997	0.41356
706 T	0.35654	0.28354	0.35993
707 T	0.35589	0.28697	0.35714
708 A	0.35245	0.30196	0.34559
709 A	0.35084	0.31929	0.32987
710 T	0.34801	0.31467	0.33732
711 C	0.34233	0.32136	0.33631
712 G	0.33882	0.38116	0.28002
713 T	0.33610	0.44988	0.21402
714 A	0.32833	0.53493	0.13674
715 A	0.32537	0.56450	0.11013
716 A	0.32412	0.58856	0.08733
717 A	0.32354	0.59981	0.07666
718 G	0.32418	0.60660	0.06921
719 A	0.32757	0.60577	0.06667
720 G	0.32897	0.60407	0.06696
721 G	0.33094	0.60303	0.06603
722 A	0.33290	0.60311	0.06399
723 C	0.33626	0.59974	0.06399
724 C	0.33919	0.59728	0.06353
725 A	0.34600	0.59231	0.06169
726 A	0.36788	0.57185	0.06028
727 C	0.39652	0.54426	0.05922
728 A	0.42944	0.51319	0.05736
729 A	0.47977	0.46480	0.05542
730 A	0.50660	0.43719	0.05621
731 A	0.53868	0.40143	0.05989
732 T	0.61836	0.31978	0.06186
733 T	0.64995	0.28413	0.06592
734 C	0.65651	0.27180	0.07169
735 A	0.66376	0.26253	0.07372
736 A	0.69001	0.23416	0.07583
737 T	0.71584	0.20262	0.08154
738 C	0.58695	0.33021	0.08284
739 C	0.50124	0.41649	0.08227
740 C	0.41013	0.51377	0.0761
741 A	0.34391	0.58246	0.07363
742 A	0.30981	0.61795	0.07224
743 A	0.26170	0.66746	0.07084
744 A	0.23458	0.69538	0.07003
745 C	0.22104	0.70751	0.07145
746 T	0.21538	0.71173	0.07288
747 A	0.19313	0.73383	0.07304
748 G	0.16300	0.76301	0.074
749 A	0.15458	0.77091	0.07452
750 T	0.14770	0.77711	0.07519
751 G	0.13402	0.78718	0.0788
752 A	0.12751	0.79207	0.08041
753 T	0.12333	0.79380	0.08287
754 A	0.11559	0.80035	0.08406
755 G	0.10668	0.80620	0.08713
756 A	0.10087	0.80720	0.09192
757 A	0.09870	0.79526	0.10604
758 A	0.09676	0.77076	0.13247
759 A	0.09586	0.74841	0.15574
760 A	0.09694	0.70329	0.19977
761 T	0.09855	0.52984	0.37161
762 G	0.09961	0.42358	0.47681
763 T	0.10564	0.32832	0.56604
764 T	0.10749	0.28423	0.60828
765 A	0.10809	0.26055	0.63136
766 A	0.10892	0.21857	0.67252
767 T	0.11106	0.18598	0.70297
768 T	0.11179	0.16942	0.71879
769 T	0.11257	0.16992	0.7175
770 A	0.11243	0.18746	0.70011
771 T	0.11257	0.18116	0.70627
772 A	0.11113	0.21194	0.67694
773 T	0.10925	0.23653	0.65422
774 T	0.10385	0.28217	0.61398
775 G	0.09646	0.43138	0.47217
776 A	0.09286	0.52443	0.38271
777 A	0.09094	0.59249	0.31657
778 T	0.08983	0.59742	0.31275
779 T	0.08743	0.60114	0.31143
780 A	0.08486	0.61223	0.30291
781 A	0.08335	0.62083	0.29582
782 C	0.08342	0.62443	0.29215
783 T	0.08398	0.64061	0.27541
784 G	0.08293	0.68026	0.23681
785 A	0.08096	0.74669	0.17235
786 T	0.08079	0.76570	0.15351
787 G	0.06290	0.81623	0.12088
788 A	0.05725	0.84455	0.0982
789 A	0.05236	0.86330	0.08435
790 G	0.04965	0.87466	0.07569
791 A	0.05025	0.88689	0.06286
792 A	0.05909	0.88653	0.05438
793 A	0.09214	0.86292	0.04494
794 A	0.12101	0.83989	0.0391
795 A	0.16286	0.80080	0.03635
796 A	0.20582	0.75792	0.03626
797 A	0.26882	0.69122	0.03996
798 T	0.40564	0.54704	0.04731
799 A	0.46831	0.48120	0.05049
800 A	0.52360	0.42226	0.05414
801 T	0.53325	0.40871	0.05804
802 C	0.50786	0.42986	0.06227
803 A	0.47575	0.46135	0.06291
804 C	0.42732	0.50889	0.0638
805 A	0.38867	0.55089	0.06044
806 A	0.36978	0.57339	0.05683
807 A	0.40818	0.53780	0.05402
808 T	0.47712	0.46684	0.05603
809 A	0.47663	0.46984	0.05353
810 T	0.49141	0.43895	0.06964
811 A	0.47660	0.45859	0.06481
812 A	0.43846	0.49632	0.06522
813 A	0.37520	0.56893	0.05587
814 G	0.31484	0.62917	0.05599
815 A	0.27294	0.67524	0.05183
816 A	0.21449	0.73758	0.04794
817 A	0.17504	0.77737	0.04759
818 C	0.12009	0.83171	0.0482
819 A	0.08493	0.87526	0.03981
820 G	0.06513	0.89739	0.03748
821 A	0.05946	0.90581	0.03473
822 A	0.05539	0.90859	0.03602
823 G	0.05259	0.90956	0.03785
824 A	0.05176	0.89872	0.04952
825 T	0.05245	0.86496	0.08259
826 A	0.04888	0.83005	0.12106
827 A	0.04597	0.77929	0.17474
828 A	0.04436	0.73668	0.21897
829 C	0.04535	0.69102	0.26363
830 C	0.04656	0.68854	0.2649
831 A	0.04763	0.70080	0.25157
832 A	0.05088	0.70460	0.24451
833 A	0.05618	0.69759	0.24623
834 T	0.06639	0.67995	0.25367
835 G	0.06860	0.65036	0.28104
836 A	0.07855	0.59171	0.32974
837 A	0.08204	0.53743	0.38053
838 A	0.08879	0.51047	0.40073
839 T	0.09957	0.45924	0.4412
840 A	0.10281	0.46412	0.43307
841 T	0.10791	0.44230	0.44979
842 T	0.11329	0.44681	0.43991
843 T	0.11409	0.48570	0.40021
844 A	0.11142	0.57328	0.3153
845 A	0.10243	0.62570	0.27187
846 T	0.09898	0.65109	0.24993
847 A	0.09063	0.67800	0.23137
848 A	0.08209	0.70276	0.21516
849 A	0.07460	0.71678	0.20862
850 A	0.06701	0.74618	0.18681
851 A	0.06483	0.76654	0.16863
852 A	0.06842	0.78624	0.14534
853 T	0.07889	0.79482	0.12629
854 A	0.08804	0.79544	0.11651
855 T	0.09948	0.79376	0.10677
856 A	0.10227	0.79791	0.09982
857 A	0.11016	0.78947	0.10037
858 T	0.13445	0.76155	0.104
859 A	0.16616	0.72807	0.10577
860 A	0.19742	0.69493	0.10765
861 C	0.24747	0.64271	0.10982
862 C	0.29493	0.59467	0.1104
863 T	0.35842	0.53130	0.11028
864 T	0.41035	0.48046	0.10918
865 A	0.43832	0.45285	0.10884
866 C	0.47886	0.41191	0.10923
867 T	0.55266	0.33641	0.11093
868 T	0.57129	0.30713	0.12158
869 T	0.55491	0.32020	0.12489
870 A	0.48284	0.38763	0.12953
871 G	0.42072	0.44757	0.1317
872 A	0.38734	0.47628	0.13639
873 A	0.36516	0.49157	0.14327
874 G	0.36896	0.48333	0.14771
875 A	0.38557	0.47010	0.14432
876 T	0.40093	0.45953	0.13954
877 A	0.37628	0.51637	0.10736
878 T	0.35866	0.54696	0.09437
879 A	0.27006	0.65919	0.07076
880 A	0.22651	0.71366	0.05982
881 A	0.17711	0.77342	0.04947
882 A	0.14330	0.81131	0.04539
883 A	0.12711	0.83121	0.04167
884 A	0.12126	0.83729	0.04146
885 A	0.11705	0.84148	0.04147
886 A	0.11404	0.84271	0.04325
887 T	0.11341	0.83842	0.04817
888 T	0.10960	0.83377	0.05662
889 A	0.10462	0.83136	0.06402
890 A	0.10356	0.81607	0.08037
891 T	0.10375	0.79041	0.10584
892 A	0.10008	0.76585	0.13407
893 A	0.09761	0.70598	0.19641
894 T	0.09665	0.65220	0.25115
895 A	0.09120	0.63954	0.26926
896 G	0.09009	0.61125	0.29866
897 A	0.09182	0.62192	0.28627
898 A	0.09768	0.62244	0.27989
899 A	0.10744	0.61805	0.27452
900 T	0.14452	0.55174	0.30373
901 A	0.15916	0.52400	0.31685
902 T	0.18410	0.42477	0.39113
903 A	0.19263	0.39165	0.41572
904 T	0.20183	0.33995	0.45822
905 A	0.20342	0.31768	0.47889
906 T	0.20715	0.30457	0.48827
907 A	0.20766	0.32218	0.47016
908 T	0.21015	0.32446	0.4654
909 A	0.21056	0.32685	0.46259
910 T	0.21027	0.33192	0.45782
911 T	0.20779	0.33824	0.45397
912 T	0.19585	0.35748	0.44668
913 A	0.18164	0.39792	0.42044
914 A	0.17411	0.44600	0.37989
915 A	0.17120	0.47388	0.35492
916 A	0.17669	0.51243	0.31087
917 T	0.19642	0.50112	0.30245
918 T	0.21474	0.50149	0.28377
919 A	0.21967	0.51313	0.2672
920 A	0.23765	0.49929	0.26305
921 A	0.25955	0.48099	0.25946
922 T	0.28915	0.45245	0.2584
923 T	0.30714	0.43961	0.25325
924 T	0.32347	0.43057	0.24596
925 T	0.33185	0.43941	0.22874
926 A	0.33553	0.44739	0.21708
927 T	0.33968	0.44934	0.21098
928 G	0.34152	0.45826	0.20022
929 A	0.34666	0.45998	0.19336
930 T	0.37315	0.43634	0.19051
931 T	0.38437	0.43045	0.18518
932 A	0.38895	0.43247	0.17858
933 T	0.40018	0.41851	0.18131
934 A	0.40466	0.41316	0.18218
935 A	0.41211	0.39696	0.19093
936 A	0.42936	0.36954	0.2011
937 G	0.47081	0.32115	0.20804
938 A	0.50352	0.28271	0.21377
939 T	0.55816	0.22649	0.21535
940 G	0.57038	0.21632	0.2133
941 T	0.59353	0.19718	0.20929
942 T	0.59563	0.19454	0.20983
943 G	0.58519	0.20689	0.20791
944 A	0.58177	0.21918	0.19906
945 A	0.57637	0.23497	0.18867
946 C	0.57982	0.24058	0.1796
947 A	0.58344	0.27265	0.14391
948 T	0.57700	0.28679	0.13622
949 A	0.53913	0.32537	0.13551
950 A	0.51063	0.35453	0.13484
951 T	0.49610	0.36739	0.13651
952 C	0.46040	0.39897	0.14064
953 C	0.42793	0.43391	0.13817
954 A	0.39920	0.47052	0.13027
955 T	0.37065	0.50812	0.12122
956 T	0.36042	0.52119	0.11839
957 A	0.33712	0.54661	0.11628
958 A	0.31997	0.56395	0.11608
959 G	0.31674	0.56054	0.12271
960 T	0.31626	0.55814	0.1256
961 G	0.31751	0.55537	0.12712
962 A	0.31985	0.55179	0.12836
963 A	0.32312	0.54520	0.13168
964 A	0.32812	0.53648	0.1354
965 C	0.33049	0.52234	0.14718
966 A	0.33470	0.51151	0.15379
967 A	0.34490	0.49641	0.15868
968 A	0.35613	0.47877	0.16511
969 A	0.36730	0.46294	0.16975
970 A	0.39962	0.42322	0.17716
971 T	0.41026	0.37121	0.21853
972 G	0.41283	0.31581	0.27137
973 A	0.41644	0.27654	0.30702
974 A	0.42126	0.23818	0.34056
975 T	0.42876	0.17501	0.39624
976 T	0.43444	0.12223	0.44332
977 A	0.44187	0.06935	0.48878
978 A	0.45139	0.00000	0.54861
