# lcl|CP097583.1_cds_USQ93487.1_1
# AA	inside	membr	outside
1 T	0.87143	0.00000	0.12857
2 T	0.87131	0.00012	0.12857
3 G	0.87118	0.00025	0.12857
4 A	0.87118	0.00585	0.12297
5 A	0.86998	0.01125	0.11877
6 A	0.86998	0.01191	0.11811
7 A	0.86726	0.01490	0.11784
8 T	0.86726	0.01491	0.11783
9 T	0.86634	0.01611	0.11755
10 T	0.86634	0.05152	0.08215
11 A	0.85935	0.06280	0.07785
12 T	0.82796	0.09650	0.07554
13 A	0.71497	0.21397	0.07106
14 A	0.71495	0.21399	0.07106
15 T	0.71495	0.24298	0.04208
16 T	0.70758	0.25035	0.04208
17 C	0.68530	0.27456	0.04014
18 T	0.68466	0.28155	0.03379
19 T	0.65687	0.30995	0.03319
20 T	0.51584	0.46180	0.02236
21 A	0.10373	0.87396	0.02231
22 A	0.08301	0.89543	0.02156
23 C	0.07829	0.90034	0.02137
24 T	0.07579	0.90289	0.02132
25 A	0.07237	0.90632	0.02131
26 A	0.07100	0.90768	0.02132
27 T	0.07383	0.90474	0.02142
28 C	0.07456	0.90359	0.02185
29 A	0.07438	0.90380	0.02183
30 A	0.07472	0.90240	0.02287
31 A	0.07502	0.90186	0.02313
32 A	0.07611	0.89953	0.02436
33 A	0.10253	0.87101	0.02646
34 G	0.10656	0.85209	0.04135
35 A	0.11058	0.81954	0.06988
36 A	0.11639	0.72286	0.16075
37 A	0.11806	0.71612	0.16583
38 A	0.14403	0.67997	0.176
39 A	0.14835	0.61059	0.24106
40 T	0.16152	0.52200	0.31648
41 T	0.16795	0.45220	0.37985
42 T	0.16819	0.42904	0.40277
43 T	0.16990	0.34222	0.48788
44 A	0.16315	0.12445	0.7124
45 T	0.15908	0.13349	0.70743
46 T	0.15285	0.16984	0.67732
47 C	0.14045	0.23871	0.62084
48 A	0.13115	0.48176	0.38709
49 T	0.12278	0.58134	0.29589
50 T	0.10323	0.68343	0.21334
51 A	0.08294	0.73563	0.18143
52 G	0.05915	0.80114	0.13972
53 A	0.04703	0.87560	0.07737
54 A	0.04463	0.90063	0.05474
55 A	0.04322	0.91495	0.04184
56 A	0.04260	0.91932	0.03808
57 A	0.04236	0.92212	0.03552
58 A	0.04242	0.92653	0.03104
59 A	0.04296	0.92628	0.03076
60 A	0.04424	0.92515	0.03061
61 A	0.04677	0.92287	0.03036
62 A	0.05469	0.91525	0.03006
63 A	0.06400	0.90624	0.02976
64 A	0.07509	0.89436	0.03055
65 T	0.10012	0.86698	0.03289
66 A	0.11366	0.85256	0.03378
67 A	0.13784	0.82234	0.03982
68 A	0.19328	0.76146	0.04526
69 T	0.27237	0.67267	0.05496
70 A	0.35271	0.57588	0.07141
71 T	0.59322	0.32315	0.08363
72 T	0.68407	0.22321	0.09272
73 T	0.73439	0.15785	0.10776
74 A	0.74398	0.13392	0.1221
75 T	0.76864	0.08992	0.14144
76 G	0.79144	0.06113	0.14743
77 T	0.80775	0.04986	0.1424
78 T	0.81776	0.04980	0.13245
79 T	0.81762	0.07482	0.10756
80 G	0.81389	0.08119	0.10493
81 T	0.81421	0.08102	0.10476
82 G	0.80812	0.08714	0.10474
83 G	0.80009	0.09522	0.10468
84 C	0.79945	0.09598	0.10458
85 C	0.79975	0.09577	0.10448
86 C	0.80006	0.09563	0.10432
87 T	0.79964	0.09694	0.10342
88 A	0.79817	0.09898	0.10286
89 C	0.79415	0.10367	0.10219
90 A	0.79126	0.10817	0.10057
91 G	0.78882	0.11144	0.09973
92 T	0.78834	0.11349	0.09816
93 A	0.78632	0.11812	0.09556
94 T	0.78510	0.12265	0.09224
95 A	0.78059	0.12945	0.08997
96 T	0.77626	0.13341	0.09032
97 G	0.76747	0.14110	0.09143
98 A	0.76365	0.14423	0.09213
99 A	0.76388	0.14253	0.0936
100 C	0.76944	0.13406	0.0965
101 A	0.77841	0.13187	0.08971
102 T	0.80159	0.10601	0.09241
103 T	0.80303	0.10251	0.09446
104 T	0.80208	0.10270	0.09522
105 G	0.80031	0.10251	0.09718
106 C	0.79958	0.09718	0.10324
107 A	0.79916	0.10147	0.09938
108 T	0.79698	0.10680	0.09623
109 A	0.79416	0.11513	0.09071
110 T	0.79369	0.11721	0.0891
111 A	0.79050	0.12263	0.08688
112 G	0.78890	0.12118	0.08991
113 G	0.78905	0.11891	0.09204
114 A	0.78929	0.11730	0.09341
115 A	0.79077	0.11483	0.0944
116 A	0.79333	0.10930	0.09738
117 T	0.79692	0.10222	0.10086
118 A	0.79909	0.09543	0.10548
119 T	0.80003	0.08830	0.11167
120 A	0.80044	0.08023	0.11933
121 A	0.80117	0.07404	0.12478
122 G	0.80207	0.06894	0.12899
123 G	0.80430	0.06443	0.13127
124 T	0.81244	0.05437	0.13319
125 C	0.81453	0.05078	0.13469
126 T	0.81790	0.04694	0.13515
127 T	0.82083	0.04370	0.13547
128 T	0.82254	0.04176	0.13571
129 G	0.82374	0.04171	0.13455
130 A	0.82701	0.04280	0.13019
131 T	0.83135	0.03979	0.12886
132 T	0.83683	0.03497	0.12821
133 T	0.83905	0.03853	0.12241
134 T	0.84117	0.04068	0.11815
135 T	0.84117	0.04378	0.11505
136 T	0.83949	0.04944	0.11106
137 T	0.83793	0.05400	0.10806
138 T	0.83563	0.05670	0.10767
139 G	0.83401	0.05871	0.10728
140 A	0.83327	0.05979	0.10694
141 T	0.83288	0.06035	0.10677
142 C	0.83229	0.06113	0.10657
143 T	0.83227	0.06163	0.1061
144 T	0.83011	0.06423	0.10566
145 G	0.82704	0.06780	0.10516
146 T	0.82425	0.07119	0.10456
147 T	0.81991	0.07637	0.10372
148 A	0.81328	0.08503	0.10169
149 A	0.80998	0.08914	0.10088
150 A	0.80837	0.09107	0.10055
151 A	0.80738	0.09234	0.10028
152 A	0.80875	0.09092	0.10034
153 A	0.81454	0.08508	0.10038
154 T	0.82209	0.07739	0.10052
155 A	0.82721	0.07231	0.10047
156 T	0.83672	0.06220	0.10108
157 T	0.84293	0.05478	0.10229
158 T	0.84582	0.05012	0.10406
159 T	0.84739	0.04644	0.10618
160 T	0.84816	0.04387	0.10797
161 C	0.84786	0.04223	0.10991
162 T	0.84796	0.04139	0.11066
163 A	0.84800	0.04097	0.11103
164 T	0.84795	0.04048	0.11157
165 T	0.84672	0.04125	0.11204
166 T	0.84366	0.04403	0.1123
167 T	0.83740	0.04765	0.11495
168 A	0.83089	0.05145	0.11765
169 G	0.82824	0.05048	0.12129
170 G	0.82716	0.04776	0.12508
171 T	0.82747	0.04341	0.12912
172 T	0.82154	0.05029	0.12817
173 A	0.81203	0.06069	0.12728
174 T	0.80580	0.06775	0.12645
175 G	0.79750	0.07717	0.12533
176 A	0.79439	0.08124	0.12437
177 A	0.79197	0.08361	0.12441
178 G	0.79178	0.08351	0.12471
179 T	0.79195	0.08336	0.12469
180 T	0.79156	0.08419	0.12425
181 C	0.79056	0.08657	0.12287
182 G	0.78972	0.08995	0.12033
183 T	0.78781	0.09573	0.11646
184 T	0.78512	0.10152	0.11336
185 T	0.78068	0.10894	0.11038
186 A	0.76998	0.12255	0.10746
187 A	0.76172	0.13244	0.10583
188 T	0.75734	0.13539	0.10727
189 A	0.74788	0.14363	0.10848
190 G	0.74021	0.14775	0.11204
191 T	0.73881	0.14535	0.11585
192 A	0.73233	0.15283	0.11484
193 A	0.72845	0.15880	0.11275
194 A	0.72796	0.16104	0.111
195 T	0.72960	0.15410	0.1163
196 G	0.72854	0.14642	0.12505
197 T	0.72830	0.14127	0.13043
198 T	0.72334	0.14061	0.13605
199 A	0.71495	0.14712	0.13794
200 C	0.71153	0.14786	0.14061
201 G	0.70912	0.15018	0.1407
202 G	0.70863	0.15085	0.14053
203 A	0.70988	0.14982	0.1403
204 T	0.71328	0.14634	0.14038
205 A	0.71411	0.14716	0.13873
206 T	0.71406	0.14412	0.14182
207 T	0.70489	0.15167	0.14344
208 G	0.69834	0.15659	0.14506
209 A	0.69454	0.16050	0.14497
210 T	0.69229	0.16141	0.1463
211 G	0.68507	0.16938	0.14556
212 A	0.67753	0.17778	0.14468
213 T	0.65005	0.20634	0.1436
214 A	0.59004	0.27942	0.13054
215 A	0.57445	0.29872	0.12683
216 A	0.56001	0.32160	0.11838
217 A	0.55505	0.33424	0.11071
218 T	0.55467	0.33432	0.111
219 T	0.54743	0.33854	0.11403
220 A	0.52285	0.36297	0.11418
221 T	0.50300	0.38084	0.11615
222 T	0.46202	0.42258	0.1154
223 C	0.38626	0.50329	0.11045
224 A	0.32805	0.57505	0.09691
225 A	0.28800	0.62179	0.09021
226 A	0.27717	0.63298	0.08985
227 A	0.27281	0.63674	0.09045
228 A	0.27239	0.63495	0.09266
229 G	0.27397	0.62487	0.10117
230 C	0.27759	0.60871	0.11371
231 A	0.27824	0.60593	0.11583
232 A	0.28426	0.59979	0.11595
233 T	0.29177	0.59157	0.11666
234 A	0.29435	0.59009	0.11555
235 G	0.29858	0.58358	0.11784
236 A	0.30567	0.55186	0.14247
237 T	0.32011	0.48758	0.19231
238 A	0.32751	0.47358	0.19891
239 A	0.33768	0.46553	0.19679
240 T	0.34721	0.45394	0.19885
241 G	0.34836	0.45350	0.19813
242 A	0.34937	0.44574	0.20488
243 A	0.35331	0.40882	0.23787
244 G	0.36220	0.35916	0.27864
245 T	0.37495	0.30303	0.32202
246 T	0.38372	0.23941	0.37688
247 T	0.39078	0.19871	0.41052
248 C	0.38358	0.19213	0.42429
249 T	0.37479	0.22979	0.39542
250 G	0.35040	0.31614	0.33345
251 A	0.32703	0.40955	0.26342
252 A	0.30946	0.43534	0.2552
253 A	0.30469	0.44623	0.24908
254 A	0.30378	0.44934	0.24687
255 A	0.30292	0.45731	0.23977
256 C	0.30427	0.46926	0.22647
257 A	0.30534	0.53325	0.16141
258 G	0.30985	0.57886	0.11128
259 A	0.31844	0.59162	0.08995
260 T	0.33383	0.58541	0.08075
261 A	0.34142	0.57865	0.07994
262 T	0.36092	0.55702	0.08205
263 C	0.35775	0.55867	0.08359
264 T	0.34949	0.56677	0.08374
265 C	0.32496	0.59193	0.0831
266 A	0.28922	0.63125	0.07953
267 A	0.26503	0.65878	0.07619
268 A	0.23638	0.69040	0.07322
269 A	0.22839	0.69894	0.07267
270 A	0.23526	0.69139	0.07334
271 T	0.26466	0.65002	0.08532
272 A	0.27236	0.63262	0.09502
273 T	0.30845	0.57333	0.11822
274 A	0.32154	0.53987	0.13859
275 C	0.30430	0.54077	0.15494
276 A	0.29576	0.54642	0.15783
277 A	0.29847	0.54062	0.16092
278 A	0.30943	0.52479	0.16577
279 A	0.32901	0.50023	0.17076
280 C	0.39519	0.42744	0.17737
281 A	0.44881	0.37110	0.1801
282 T	0.48008	0.33443	0.18549
283 T	0.49194	0.31992	0.18813
284 T	0.49350	0.31596	0.19053
285 T	0.49129	0.31678	0.19193
286 T	0.48479	0.30838	0.20684
287 T	0.47881	0.29942	0.22177
288 A	0.47195	0.29542	0.23263
289 A	0.47173	0.26949	0.25878
290 A	0.47151	0.24898	0.27951
291 T	0.47022	0.21918	0.31061
292 T	0.46747	0.20251	0.33002
293 T	0.46318	0.19997	0.33685
294 A	0.45865	0.21523	0.32612
295 T	0.45828	0.20181	0.33992
296 T	0.45736	0.19772	0.34492
297 A	0.45245	0.19184	0.35571
298 T	0.44922	0.17406	0.37672
299 C	0.43072	0.18442	0.38485
300 G	0.40656	0.23269	0.36075
301 A	0.38862	0.30790	0.30349
302 A	0.38054	0.33961	0.27985
303 A	0.37913	0.36013	0.26073
304 T	0.37946	0.37619	0.24435
305 T	0.37811	0.40184	0.22004
306 A	0.37596	0.43330	0.19074
307 G	0.37522	0.48246	0.14232
308 A	0.37361	0.52013	0.10626
309 A	0.37487	0.54287	0.08226
310 A	0.38100	0.53650	0.0825
311 T	0.39406	0.51894	0.08701
312 A	0.39783	0.51476	0.08741
313 A	0.40007	0.50854	0.09139
314 C	0.40135	0.50052	0.09813
315 G	0.39936	0.49990	0.10074
316 A	0.40393	0.49343	0.10264
317 C	0.41395	0.48230	0.10375
318 A	0.40943	0.49725	0.09332
319 A	0.41227	0.50286	0.08487
320 T	0.42191	0.49222	0.08587
321 A	0.42468	0.48678	0.08854
322 G	0.42852	0.46685	0.10462
323 A	0.45122	0.42383	0.12495
324 T	0.51002	0.34629	0.14369
325 C	0.53013	0.31759	0.15228
326 A	0.54846	0.29979	0.15175
327 A	0.56562	0.28092	0.15347
328 C	0.59311	0.25108	0.15581
329 A	0.62239	0.22054	0.15707
330 T	0.67722	0.16437	0.1584
331 C	0.70909	0.12897	0.16194
332 C	0.73456	0.10295	0.16249
333 T	0.74102	0.09874	0.16025
334 T	0.74261	0.10106	0.15633
335 T	0.73937	0.11054	0.15009
336 A	0.67573	0.19412	0.13015
337 G	0.65955	0.21335	0.1271
338 T	0.65658	0.21368	0.12974
339 A	0.64246	0.22911	0.12843
340 A	0.63531	0.22907	0.13562
341 C	0.64115	0.21463	0.14422
342 T	0.64714	0.21133	0.14152
343 G	0.64145	0.22173	0.13682
344 A	0.63771	0.23217	0.13012
345 T	0.63782	0.23338	0.1288
346 T	0.63683	0.23776	0.12542
347 A	0.63368	0.24560	0.12072
348 T	0.62558	0.25229	0.12212
349 A	0.61444	0.26147	0.12408
350 T	0.60205	0.27074	0.12722
351 T	0.58454	0.28591	0.12955
352 C	0.55823	0.31215	0.12962
353 C	0.54323	0.33087	0.12589
354 A	0.52612	0.36557	0.1083
355 G	0.51689	0.38847	0.09464
356 A	0.51126	0.39723	0.09151
357 A	0.51311	0.39684	0.09005
358 A	0.51948	0.38685	0.09367
359 T	0.53814	0.29997	0.1619
360 C	0.54008	0.28018	0.17975
361 A	0.54343	0.27227	0.1843
362 T	0.54914	0.25514	0.19571
363 A	0.55008	0.24785	0.20207
364 T	0.55176	0.24171	0.20654
365 C	0.55387	0.23746	0.20868
366 A	0.55576	0.22996	0.21428
367 T	0.56064	0.22143	0.21793
368 A	0.54003	0.26682	0.19315
369 T	0.52779	0.28641	0.1858
370 A	0.50489	0.31918	0.17592
371 T	0.47783	0.34852	0.17365
372 A	0.44063	0.38054	0.17884
373 G	0.41098	0.42666	0.16237
374 A	0.39395	0.44310	0.16294
375 G	0.38564	0.44751	0.16686
376 A	0.38711	0.46577	0.14712
377 A	0.40189	0.47057	0.12754
378 A	0.41297	0.47236	0.11468
379 T	0.41597	0.46580	0.11823
380 T	0.41633	0.46740	0.11628
381 A	0.40485	0.47884	0.1163
382 A	0.39898	0.48380	0.11722
383 C	0.39537	0.48406	0.12057
384 T	0.38750	0.49213	0.12037
385 C	0.37472	0.50575	0.11953
386 A	0.35599	0.52989	0.11411
387 A	0.32705	0.56380	0.10914
388 A	0.29476	0.60090	0.10434
389 A	0.27449	0.62099	0.10452
390 A	0.27050	0.62299	0.1065
391 G	0.29192	0.57094	0.13713
392 G	0.29999	0.54293	0.15708
393 A	0.31502	0.51221	0.17277
394 T	0.33787	0.46937	0.19276
395 A	0.34624	0.45003	0.20373
396 T	0.38272	0.40589	0.21139
397 A	0.38712	0.40324	0.20964
398 C	0.39984	0.38693	0.21322
399 A	0.41832	0.38305	0.19863
400 T	0.44744	0.36725	0.18531
401 A	0.46100	0.36171	0.17728
402 T	0.46671	0.35814	0.17516
403 A	0.46839	0.35833	0.17327
404 T	0.47007	0.34279	0.18714
405 T	0.46910	0.33790	0.19301
406 A	0.46437	0.34083	0.1948
407 T	0.46258	0.33769	0.19974
408 A	0.45831	0.33560	0.20609
409 A	0.45975	0.32275	0.21751
410 A	0.46263	0.29544	0.24193
411 T	0.46706	0.26052	0.27243
412 G	0.46707	0.24641	0.28652
413 A	0.46857	0.25455	0.27689
414 A	0.47017	0.25646	0.27337
415 G	0.47496	0.24849	0.27654
416 G	0.48492	0.24259	0.27249
417 A	0.49646	0.23886	0.26469
418 G	0.51856	0.21711	0.26434
419 T	0.55109	0.18645	0.26245
420 T	0.57007	0.16860	0.26134
421 T	0.57763	0.16761	0.25476
422 A	0.58380	0.16613	0.25007
423 T	0.59260	0.16336	0.24404
424 T	0.59596	0.19120	0.21284
425 T	0.59737	0.21454	0.1881
426 T	0.59554	0.22850	0.17596
427 A	0.58667	0.24102	0.17231
428 A	0.56968	0.25814	0.17218
429 A	0.54137	0.28331	0.17532
430 T	0.51992	0.30387	0.17621
431 C	0.48963	0.32972	0.18065
432 G	0.47931	0.33964	0.18105
433 A	0.48003	0.33913	0.18085
434 A	0.48068	0.33835	0.18097
435 C	0.48522	0.33230	0.18249
436 T	0.50106	0.31649	0.18246
437 T	0.50754	0.30971	0.18275
438 A	0.50722	0.31001	0.18277
439 A	0.51543	0.30151	0.18305
440 T	0.52847	0.28827	0.18326
441 T	0.53313	0.28299	0.18388
442 C	0.53224	0.28321	0.18454
443 C	0.53708	0.27819	0.18472
444 T	0.54597	0.26931	0.18472
445 C	0.54908	0.26638	0.18455
446 A	0.55525	0.26108	0.18367
447 T	0.59055	0.22639	0.18306
448 T	0.61009	0.20931	0.1806
449 A	0.60589	0.21230	0.1818
450 T	0.60314	0.20704	0.18981
451 A	0.59536	0.19416	0.21048
452 G	0.58890	0.16578	0.24532
453 T	0.58808	0.13730	0.27463
454 T	0.58623	0.11262	0.30115
455 T	0.58124	0.11527	0.30349
456 A	0.56375	0.16283	0.27342
457 T	0.55023	0.19354	0.25624
458 T	0.52841	0.23582	0.23577
459 A	0.42441	0.35331	0.22228
460 A	0.39246	0.39214	0.2154
461 G	0.38031	0.40824	0.21144
462 T	0.37175	0.41632	0.21193
463 G	0.35327	0.43483	0.2119
464 A	0.34500	0.44379	0.21121
465 T	0.33982	0.44825	0.21194
466 C	0.32749	0.46697	0.20554
467 A	0.31359	0.50799	0.17842
468 A	0.30537	0.54073	0.15389
469 A	0.30211	0.56285	0.13504
470 A	0.30016	0.57175	0.1281
471 T	0.30310	0.56890	0.12801
472 T	0.30426	0.55575	0.13999
473 T	0.30175	0.55212	0.14612
474 A	0.29056	0.55522	0.15423
475 A	0.28126	0.55788	0.16086
476 C	0.27700	0.55690	0.1661
477 A	0.25840	0.58815	0.15345
478 A	0.25437	0.60265	0.14298
479 A	0.28160	0.56691	0.1515
480 A	0.29117	0.54836	0.16047
481 T	0.30826	0.51345	0.1783
482 T	0.29976	0.42949	0.27076
483 A	0.25591	0.47577	0.26832
484 A	0.21862	0.54000	0.24137
485 A	0.15528	0.68614	0.15858
486 A	0.11872	0.76386	0.11743
487 A	0.10089	0.79577	0.10333
488 A	0.09586	0.81533	0.08881
489 A	0.10205	0.81829	0.07966
490 A	0.12586	0.78628	0.08787
491 A	0.14949	0.75606	0.09445
492 T	0.17108	0.72887	0.10005
493 T	0.17733	0.71807	0.1046
494 C	0.17840	0.71469	0.10691
495 T	0.17825	0.71497	0.10678
496 A	0.17589	0.71715	0.10697
497 G	0.17646	0.71104	0.1125
498 A	0.17987	0.70359	0.11653
499 A	0.18552	0.69693	0.11754
500 A	0.19990	0.65948	0.14062
501 T	0.21511	0.62664	0.15825
502 A	0.21522	0.61788	0.16691
503 T	0.21982	0.59572	0.18445
504 A	0.21462	0.60094	0.18445
505 A	0.22678	0.57756	0.19565
506 A	0.25788	0.51013	0.23199
507 A	0.30426	0.42629	0.26945
508 T	0.39326	0.27571	0.33103
509 T	0.42152	0.21991	0.35857
510 A	0.41371	0.23369	0.3526
511 G	0.41468	0.25919	0.32613
512 A	0.41684	0.32614	0.25703
513 T	0.41662	0.33631	0.24708
514 T	0.39289	0.39260	0.21451
515 T	0.36541	0.45058	0.18401
516 T	0.33770	0.50015	0.16215
517 C	0.27166	0.59510	0.13324
518 A	0.19850	0.70643	0.09507
519 A	0.11105	0.81672	0.07224
520 A	0.06001	0.87881	0.06118
521 A	0.04685	0.89536	0.05779
522 A	0.04283	0.90124	0.05593
523 A	0.04125	0.90218	0.05658
524 A	0.04146	0.90043	0.05811
525 A	0.04349	0.89313	0.06338
526 A	0.04673	0.88412	0.06914
527 A	0.05406	0.86660	0.07934
528 T	0.06389	0.85218	0.08393
529 A	0.06809	0.84546	0.08645
530 A	0.07242	0.83655	0.09103
531 A	0.07691	0.82596	0.09713
532 G	0.08650	0.79555	0.11795
533 A	0.10417	0.76222	0.13361
534 A	0.13789	0.71408	0.14803
535 G	0.20828	0.62255	0.16917
536 A	0.24325	0.56754	0.18921
537 T	0.31929	0.43146	0.24925
538 T	0.37135	0.33500	0.29365
539 T	0.39245	0.28523	0.32233
540 T	0.40165	0.23371	0.36464
541 A	0.40685	0.18275	0.41041
542 T	0.41554	0.10676	0.4777
543 T	0.41972	0.07476	0.50551
544 T	0.41991	0.08805	0.49204
545 T	0.41561	0.11651	0.46788
546 A	0.40002	0.21778	0.38219
547 T	0.36948	0.29041	0.34012
548 G	0.32694	0.35996	0.3131
549 G	0.27599	0.45271	0.2713
550 A	0.24662	0.53611	0.21727
551 A	0.23144	0.61715	0.15142
552 A	0.22354	0.65935	0.11711
553 A	0.21583	0.67380	0.11036
554 A	0.21147	0.68120	0.10734
555 A	0.20984	0.68436	0.1058
556 A	0.20926	0.68646	0.10428
557 C	0.20893	0.68713	0.10395
558 T	0.20832	0.68990	0.10178
559 A	0.20686	0.69589	0.09725
560 A	0.20733	0.69601	0.09666
561 A	0.20902	0.69468	0.0963
562 G	0.21226	0.69144	0.0963
563 T	0.21959	0.68090	0.0995
564 C	0.22769	0.66827	0.10404
565 G	0.23620	0.65932	0.10448
566 G	0.25106	0.64460	0.10434
567 A	0.28005	0.61590	0.10405
568 A	0.31332	0.57893	0.10776
569 T	0.41394	0.46672	0.11934
570 T	0.46528	0.38176	0.15297
571 A	0.48872	0.32006	0.19121
572 A	0.51679	0.24290	0.24031
573 A	0.55545	0.17654	0.268
574 T	0.60723	0.11022	0.28255
575 A	0.63251	0.08024	0.28725
576 T	0.64262	0.06402	0.29336
577 G	0.64578	0.05881	0.29541
578 A	0.64777	0.05556	0.29667
579 T	0.65024	0.05143	0.29833
580 A	0.65077	0.04926	0.29997
581 G	0.65293	0.04462	0.30245
582 C	0.65839	0.03635	0.30527
583 C	0.66072	0.03389	0.30538
584 C	0.66285	0.03247	0.30468
585 T	0.66546	0.03136	0.30317
586 T	0.66571	0.03341	0.30088
587 G	0.66529	0.03685	0.29787
588 G	0.66560	0.03704	0.29736
589 T	0.66736	0.03536	0.29728
590 T	0.66875	0.03378	0.29747
591 T	0.66957	0.03277	0.29766
592 C	0.66902	0.03323	0.29774
593 C	0.66659	0.03699	0.29643
594 T	0.66372	0.04674	0.28954
595 G	0.64423	0.08443	0.27135
596 G	0.62859	0.12736	0.24405
597 A	0.60822	0.15197	0.23981
598 A	0.59560	0.16491	0.23948
599 G	0.58352	0.17593	0.24054
600 A	0.57772	0.18009	0.24219
601 C	0.57405	0.18213	0.24382
602 C	0.57071	0.18531	0.24397
603 A	0.56891	0.18846	0.24263
604 G	0.56759	0.19072	0.2417
605 G	0.56663	0.19294	0.24043
606 A	0.56605	0.19384	0.24011
607 T	0.56658	0.19325	0.24017
608 G	0.56663	0.19239	0.24098
609 G	0.56715	0.19112	0.24174
610 C	0.56873	0.18883	0.24243
611 A	0.56850	0.18885	0.24265
612 C	0.56823	0.18877	0.24299
613 A	0.56789	0.18942	0.2427
614 C	0.56838	0.18866	0.24296
615 A	0.56912	0.18845	0.24242
616 G	0.57135	0.18449	0.24417
617 A	0.57833	0.17591	0.24575
618 A	0.59561	0.14069	0.26371
619 T	0.62059	0.09972	0.27968
620 G	0.62439	0.07030	0.30531
621 T	0.62547	0.05284	0.32169
622 G	0.62576	0.03868	0.33557
623 T	0.62638	0.03103	0.34259
624 T	0.62656	0.02821	0.34523
625 G	0.62550	0.02894	0.34556
626 T	0.62578	0.03040	0.34382
627 A	0.62310	0.04203	0.33488
628 A	0.62137	0.05587	0.32275
629 T	0.62024	0.06283	0.31693
630 G	0.61514	0.07926	0.3056
631 A	0.61316	0.09562	0.29122
632 T	0.61303	0.10295	0.28403
633 T	0.61202	0.11370	0.27428
634 A	0.61046	0.12938	0.26017
635 A	0.60981	0.13625	0.25395
636 T	0.60738	0.14237	0.25024
637 A	0.60225	0.15572	0.24202
638 G	0.59921	0.15866	0.24213
639 T	0.59727	0.16106	0.24167
640 A	0.59590	0.16291	0.24118
641 T	0.59534	0.16348	0.24118
642 C	0.59445	0.16445	0.24109
643 T	0.59392	0.16563	0.24045
644 T	0.59239	0.16762	0.23999
645 T	0.59012	0.17082	0.23906
646 A	0.58485	0.17858	0.23657
647 A	0.58225	0.18301	0.23473
648 A	0.58224	0.18340	0.23436
649 A	0.58406	0.18087	0.23508
650 A	0.59400	0.16741	0.23859
651 T	0.61095	0.14732	0.24173
652 A	0.61757	0.13930	0.24314
653 C	0.62990	0.12244	0.24766
654 T	0.64468	0.10816	0.24715
655 A	0.64941	0.10558	0.245
656 T	0.65736	0.09805	0.24459
657 A	0.66455	0.09252	0.24293
658 G	0.66796	0.09004	0.24199
659 A	0.67124	0.08453	0.24424
660 T	0.67946	0.07099	0.24955
661 A	0.67975	0.06715	0.2531
662 T	0.68071	0.06296	0.25633
663 T	0.68102	0.06075	0.25823
664 C	0.68054	0.06000	0.25946
665 A	0.67870	0.06191	0.25939
666 T	0.67789	0.06104	0.26107
667 G	0.67658	0.06072	0.2627
668 G	0.67641	0.05908	0.26452
669 C	0.67815	0.05438	0.26748
670 G	0.67956	0.05019	0.27025
671 G	0.68105	0.04809	0.27085
672 T	0.68188	0.04769	0.27043
673 G	0.68210	0.05231	0.26559
674 G	0.68241	0.05589	0.2617
675 A	0.68297	0.05840	0.25864
676 A	0.68376	0.05961	0.25662
677 T	0.68611	0.05541	0.25849
678 T	0.68855	0.05131	0.26014
679 G	0.68941	0.05043	0.26016
680 A	0.69114	0.04742	0.26144
681 T	0.69224	0.04499	0.26277
682 C	0.69083	0.04674	0.26242
683 T	0.68950	0.05043	0.26007
684 A	0.68097	0.06368	0.25535
685 A	0.66921	0.08077	0.25002
686 A	0.66265	0.09456	0.24279
687 A	0.66183	0.09631	0.24186
688 T	0.66230	0.09368	0.24402
689 T	0.65738	0.09733	0.24529
690 T	0.64036	0.11292	0.24672
691 C	0.62742	0.12530	0.24729
692 C	0.61392	0.13935	0.24673
693 A	0.60765	0.14605	0.2463
694 C	0.60438	0.14977	0.24586
695 A	0.59936	0.15610	0.24453
696 T	0.59552	0.16039	0.24409
697 C	0.59044	0.16558	0.24398
698 A	0.57641	0.17983	0.24376
699 T	0.56553	0.19075	0.24372
700 A	0.53489	0.22138	0.24373
701 C	0.52465	0.23141	0.24394
702 T	0.51964	0.23691	0.24344
703 A	0.51266	0.24410	0.24324
704 A	0.50911	0.24728	0.24361
705 T	0.50878	0.24537	0.24585
706 G	0.50806	0.24493	0.24701
707 A	0.51021	0.23453	0.25526
708 A	0.51314	0.21902	0.26784
709 C	0.51912	0.20444	0.27643
710 A	0.52031	0.20130	0.27839
711 A	0.52124	0.19790	0.28086
712 G	0.52212	0.18819	0.28969
713 C	0.52249	0.16678	0.31073
714 T	0.52303	0.15878	0.31818
715 C	0.52343	0.14670	0.32987
716 A	0.52307	0.14741	0.32952
717 A	0.52311	0.14633	0.33056
718 T	0.52359	0.14104	0.33538
719 T	0.52020	0.13645	0.34335
720 T	0.51204	0.14261	0.34535
721 T	0.50002	0.13638	0.3636
722 G	0.47715	0.14455	0.3783
723 G	0.45681	0.13385	0.40934
724 G	0.45124	0.13448	0.41428
725 C	0.44887	0.14046	0.41066
726 T	0.44547	0.19094	0.36359
727 A	0.43497	0.29881	0.26622
728 T	0.42852	0.34710	0.22437
729 A	0.39719	0.38712	0.21568
730 G	0.38414	0.40693	0.20893
731 A	0.37660	0.41776	0.20564
732 A	0.37248	0.42326	0.20427
733 C	0.36912	0.42682	0.20405
734 A	0.36524	0.43242	0.20234
735 A	0.36112	0.43826	0.20062
736 A	0.35834	0.44160	0.20006
737 A	0.35698	0.44320	0.19981
738 A	0.35707	0.44302	0.19991
739 A	0.35989	0.43869	0.20143
740 A	0.36337	0.43294	0.20369
741 A	0.36721	0.42470	0.2081
742 T	0.37356	0.41037	0.21606
743 T	0.37765	0.39575	0.22659
744 A	0.37816	0.38418	0.23767
745 G	0.38292	0.35824	0.25884
746 C	0.39409	0.32915	0.27676
747 T	0.40904	0.31090	0.28006
748 A	0.41872	0.30122	0.28006
749 A	0.46424	0.25267	0.28309
750 T	0.55755	0.15051	0.29195
751 T	0.59424	0.10874	0.29701
752 T	0.60267	0.06846	0.32886
753 T	0.60809	0.05144	0.34047
754 T	0.61062	0.04469	0.34469
755 T	0.61092	0.04878	0.3403
756 T	0.60998	0.04778	0.34224
757 A	0.60211	0.05522	0.34268
758 T	0.59891	0.05572	0.34537
759 T	0.59258	0.06128	0.34614
760 C	0.57657	0.07808	0.34535
761 A	0.55822	0.10269	0.33909
762 T	0.54062	0.12371	0.33567
763 A	0.50922	0.15989	0.33089
764 T	0.49290	0.18192	0.32517
765 A	0.46986	0.21085	0.31928
766 G	0.45099	0.24383	0.30517
767 G	0.44495	0.25383	0.30122
768 A	0.43772	0.26596	0.29632
769 T	0.43069	0.27639	0.29293
770 A	0.41012	0.29751	0.29237
771 T	0.40202	0.30635	0.29162
772 G	0.39077	0.31888	0.29036
773 T	0.38553	0.32698	0.28749
774 C	0.37452	0.34248	0.283
775 G	0.36596	0.36636	0.26768
776 A	0.36330	0.37887	0.25783
777 A	0.36226	0.38819	0.24955
778 T	0.36427	0.39361	0.24212
779 A	0.35410	0.41619	0.2297
780 T	0.34994	0.41442	0.23564
781 A	0.34271	0.42192	0.23537
782 A	0.33932	0.42058	0.2401
783 T	0.33798	0.40840	0.25362
784 A	0.33701	0.39893	0.26406
785 A	0.33773	0.38473	0.27754
786 A	0.33690	0.35898	0.30412
787 A	0.33913	0.34490	0.31596
788 A	0.34049	0.33254	0.32697
789 T	0.35019	0.32755	0.32226
790 A	0.34122	0.36865	0.29012
791 A	0.33896	0.37797	0.28307
792 A	0.33620	0.39015	0.27364
793 A	0.33363	0.37652	0.28985
794 T	0.33467	0.36439	0.30095
795 G	0.33045	0.36087	0.30867
796 A	0.33325	0.35588	0.31086
797 G	0.33817	0.34263	0.31921
798 T	0.35399	0.31995	0.32605
799 A	0.35984	0.31029	0.32987
800 A	0.36615	0.29904	0.33481
801 A	0.37525	0.28274	0.34201
802 T	0.39023	0.25435	0.35542
803 C	0.39450	0.24108	0.36443
804 T	0.40275	0.23005	0.3672
805 T	0.40444	0.23108	0.36448
806 T	0.40375	0.24181	0.35443
807 A	0.39201	0.27969	0.3283
808 G	0.37424	0.31629	0.30947
809 G	0.37227	0.32469	0.30304
810 A	0.37630	0.32494	0.29875
811 A	0.38772	0.31486	0.29741
812 A	0.41543	0.28349	0.30108
813 T	0.45802	0.22842	0.31356
814 G	0.47050	0.20995	0.31955
815 T	0.48680	0.18867	0.32453
816 T	0.49084	0.18389	0.32528
817 A	0.49233	0.18588	0.32179
818 T	0.49542	0.18101	0.32357
819 T	0.49738	0.18355	0.31907
820 T	0.49755	0.18251	0.31995
821 T	0.49668	0.18688	0.31643
822 A	0.49452	0.19193	0.31354
823 G	0.49047	0.19707	0.31246
824 C	0.48873	0.20021	0.31106
825 G	0.48603	0.20828	0.30569
826 A	0.48635	0.21647	0.29719
827 A	0.49125	0.21743	0.29132
828 A	0.49923	0.21375	0.28702
829 G	0.51286	0.20212	0.28502
830 A	0.54318	0.16403	0.29279
831 T	0.56861	0.12351	0.30789
832 T	0.57975	0.12214	0.29811
833 T	0.58424	0.12856	0.28721
834 A	0.58149	0.16531	0.2532
835 T	0.57987	0.18062	0.23951
836 T	0.57208	0.19008	0.23783
837 A	0.55490	0.21031	0.23479
838 A	0.54548	0.22114	0.23339
839 A	0.54086	0.22661	0.23253
840 C	0.53949	0.22876	0.23175
841 A	0.53564	0.23896	0.22541
842 A	0.53725	0.23810	0.22465
843 A	0.53611	0.24066	0.22322
844 T	0.53992	0.23708	0.223
845 T	0.54095	0.23837	0.22068
846 C	0.53938	0.23616	0.22447
847 A	0.53851	0.23578	0.22571
848 G	0.54132	0.23041	0.22826
849 T	0.54798	0.22321	0.2288
850 C	0.55046	0.22072	0.22882
851 C	0.55444	0.21712	0.22843
852 A	0.55857	0.21370	0.22773
853 A	0.56548	0.20704	0.22749
854 A	0.57241	0.20027	0.22731
855 T	0.59076	0.18205	0.22719
856 G	0.60192	0.17016	0.22793
857 T	0.63403	0.13037	0.23559
858 T	0.64261	0.11571	0.24168
859 A	0.64391	0.10553	0.25056
860 T	0.64642	0.08889	0.26469
861 T	0.64779	0.07999	0.27221
862 A	0.64830	0.07693	0.27477
863 A	0.64960	0.07198	0.27842
864 A	0.65551	0.05866	0.28583
865 A	0.65758	0.05131	0.29111
866 T	0.66118	0.04197	0.29686
867 G	0.66347	0.03621	0.30032
868 T	0.66789	0.02868	0.30343
869 T	0.66884	0.02546	0.30571
870 T	0.66946	0.02341	0.30712
871 T	0.66997	0.02379	0.30624
872 T	0.67052	0.02729	0.30219
873 T	0.67072	0.03458	0.29469
874 T	0.67085	0.03823	0.29092
875 T	0.67083	0.04132	0.28785
876 A	0.67043	0.04734	0.28223
877 T	0.67035	0.04917	0.28048
878 C	0.66959	0.05183	0.27858
879 T	0.66918	0.05362	0.2772
880 T	0.66684	0.05776	0.2754
881 A	0.66440	0.06117	0.27443
882 T	0.66405	0.06200	0.27395
883 C	0.66198	0.06544	0.27258
884 A	0.65747	0.07224	0.27029
885 T	0.65778	0.07347	0.26876
886 T	0.65423	0.08034	0.26543
887 A	0.64487	0.09379	0.26134
888 T	0.63963	0.09970	0.26067
889 T	0.61793	0.12324	0.25883
890 T	0.58452	0.15791	0.25757
891 A	0.52643	0.21631	0.25725
892 C	0.47764	0.26514	0.25722
893 A	0.45693	0.28594	0.25712
894 A	0.44465	0.29825	0.25709
895 C	0.44389	0.29893	0.25717
896 C	0.44943	0.29343	0.25714
897 T	0.45145	0.29144	0.25711
898 A	0.45077	0.29197	0.25726
899 T	0.45436	0.28807	0.25757
900 T	0.45168	0.29062	0.2577
901 C	0.44414	0.29726	0.2586
902 A	0.43728	0.30337	0.25935
903 T	0.43492	0.30320	0.26188
904 T	0.42505	0.31194	0.263
905 A	0.40786	0.33033	0.26181
906 T	0.39673	0.34233	0.26094
907 A	0.37674	0.35934	0.26391
908 A	0.37014	0.36174	0.26812
909 T	0.36564	0.35797	0.27638
910 A	0.35210	0.36183	0.28607
911 A	0.34366	0.36146	0.29488
912 T	0.34139	0.33835	0.32026
913 A	0.33775	0.31280	0.34945
914 A	0.33292	0.26933	0.39775
915 T	0.32892	0.23034	0.44074
916 T	0.32099	0.22719	0.45182
917 T	0.29982	0.25565	0.44453
918 A	0.27082	0.30567	0.4235
919 A	0.23677	0.36070	0.40253
920 T	0.21919	0.38646	0.39435
921 A	0.18676	0.43656	0.37668
922 A	0.15805	0.48069	0.36125
923 A	0.14599	0.50238	0.35164
924 A	0.13550	0.51767	0.34684
925 G	0.12755	0.52877	0.34369
926 A	0.12207	0.55409	0.32384
927 A	0.12018	0.57163	0.30818
928 A	0.12082	0.58509	0.29409
929 T	0.12217	0.60061	0.27723
930 T	0.12134	0.60327	0.2754
931 A	0.11729	0.61849	0.26422
932 A	0.11569	0.62428	0.26003
933 A	0.11577	0.61687	0.26736
934 G	0.11599	0.61248	0.27153
935 T	0.11851	0.60809	0.2734
936 A	0.11919	0.61069	0.27012
937 A	0.12255	0.60790	0.26955
938 A	0.12789	0.59862	0.27349
939 A	0.13760	0.57831	0.28409
940 T	0.15733	0.53170	0.31098
941 A	0.17817	0.48639	0.33545
942 T	0.20071	0.42954	0.36975
943 G	0.20963	0.40707	0.38331
944 A	0.22799	0.37037	0.40164
945 T	0.24420	0.34020	0.4156
946 A	0.25008	0.34315	0.40676
947 A	0.25969	0.34320	0.3971
948 A	0.27522	0.33735	0.38742
949 A	0.30245	0.32655	0.371
950 T	0.33687	0.29855	0.36458
951 A	0.37167	0.28423	0.3441
952 T	0.41057	0.25963	0.3298
953 T	0.42598	0.25508	0.31894
954 T	0.43349	0.25986	0.30665
955 T	0.43412	0.26090	0.30498
956 A	0.43144	0.26558	0.30298
957 T	0.43440	0.26281	0.30279
958 A	0.43434	0.26458	0.30108
959 C	0.43934	0.26003	0.30064
960 T	0.44397	0.26024	0.29578
961 T	0.44406	0.26659	0.28935
962 T	0.42401	0.29783	0.27816
963 A	0.38450	0.35718	0.25831
964 A	0.36594	0.38285	0.2512
965 A	0.35875	0.39133	0.24991
966 T	0.35975	0.38972	0.25052
967 A	0.35857	0.39083	0.25061
968 A	0.36389	0.38466	0.25145
969 G	0.37785	0.36566	0.25649
970 A	0.39319	0.35128	0.25553
971 A	0.41166	0.33288	0.25545
972 T	0.44053	0.30682	0.25265
973 A	0.45222	0.30298	0.24479
974 A	0.47728	0.28305	0.23966
975 T	0.49662	0.26204	0.24134
976 T	0.50824	0.24736	0.24439
977 T	0.51609	0.23744	0.24648
978 T	0.51524	0.23619	0.24857
979 C	0.51340	0.23499	0.25161
980 A	0.51063	0.23874	0.25063
981 A	0.51058	0.23760	0.25183
982 T	0.51561	0.23085	0.25355
983 T	0.52075	0.22426	0.25499
984 A	0.52449	0.21884	0.25668
985 A	0.53374	0.18527	0.28099
986 T	0.55089	0.12814	0.32098
987 T	0.55462	0.10672	0.33865
988 T	0.55333	0.10783	0.33885
989 T	0.55070	0.11690	0.3324
990 A	0.54534	0.14137	0.31329
991 A	0.54218	0.15001	0.3078
992 A	0.54207	0.15176	0.30617
993 T	0.54626	0.14819	0.30554
994 A	0.54741	0.16221	0.29038
995 A	0.55119	0.16795	0.28085
996 A	0.55952	0.16250	0.27798
997 A	0.56691	0.15655	0.27654
998 T	0.57064	0.15227	0.27709
999 T	0.57332	0.14927	0.27742
1000 T	0.57468	0.14847	0.27685
1001 T	0.57518	0.14705	0.27777
1002 T	0.57485	0.14595	0.2792
1003 A	0.57334	0.14592	0.28075
1004 T	0.57276	0.14417	0.28307
1005 T	0.56872	0.14951	0.28177
1006 A	0.56099	0.15804	0.28097
1007 A	0.55903	0.15884	0.28213
1008 A	0.55858	0.15776	0.28366
1009 G	0.55956	0.15427	0.28617
1010 G	0.56316	0.14769	0.28915
1011 T	0.57317	0.13446	0.29236
1012 G	0.58210	0.12310	0.2948
1013 T	0.60325	0.09932	0.29743
1014 C	0.61008	0.09094	0.29898
1015 G	0.61490	0.08596	0.29915
1016 A	0.61908	0.08198	0.29895
1017 T	0.63640	0.06410	0.2995
1018 T	0.64490	0.05574	0.29935
1019 C	0.64862	0.05230	0.29909
1020 A	0.65232	0.04935	0.29833
1021 T	0.65519	0.04708	0.29772
1022 T	0.65709	0.04579	0.29711
1023 T	0.65940	0.04397	0.29664
1024 T	0.66064	0.04307	0.29629
1025 A	0.66093	0.04239	0.29668
1026 T	0.66031	0.04124	0.29845
1027 A	0.65805	0.04294	0.29901
1028 T	0.65909	0.03838	0.30253
1029 T	0.65838	0.03359	0.30804
1030 G	0.65650	0.03572	0.30778
1031 A	0.65490	0.04077	0.30433
1032 T	0.65465	0.04519	0.30016
1033 A	0.65279	0.05290	0.29431
1034 A	0.65264	0.05633	0.29103
1035 A	0.65310	0.05627	0.29064
1036 T	0.65449	0.05524	0.29028
1037 T	0.65526	0.05479	0.28994
1038 T	0.65536	0.05497	0.28966
1039 C	0.65501	0.05519	0.28981
1040 A	0.65508	0.05527	0.28965
1041 T	0.65552	0.05483	0.28964
1042 T	0.65589	0.05450	0.2896
1043 C	0.65632	0.05418	0.28951
1044 T	0.65678	0.05428	0.28894
1045 T	0.65725	0.05469	0.28806
1046 T	0.65712	0.05529	0.28759
1047 A	0.65685	0.05631	0.28683
1048 A	0.65728	0.05564	0.28708
1049 T	0.65808	0.05209	0.28984
1050 G	0.65866	0.04780	0.29354
1051 T	0.65991	0.04519	0.2949
1052 C	0.66036	0.04343	0.29622
1053 A	0.65896	0.04743	0.29361
1054 A	0.66078	0.04690	0.29232
1055 A	0.66465	0.04320	0.29215
1056 T	0.66973	0.03690	0.29337
1057 G	0.67106	0.03551	0.29342
1058 A	0.67100	0.03531	0.29368
1059 T	0.67083	0.03514	0.29404
1060 T	0.67027	0.03634	0.29339
1061 T	0.66756	0.03998	0.29246
1062 T	0.66293	0.04550	0.29156
1063 G	0.65622	0.05223	0.29156
1064 A	0.65154	0.05713	0.29133
1065 T	0.63492	0.07352	0.29156
1066 A	0.60301	0.10503	0.29196
1067 C	0.59691	0.11051	0.29258
1068 T	0.58918	0.11802	0.2928
1069 C	0.56599	0.14090	0.29311
1070 C	0.55116	0.15561	0.29323
1071 T	0.53997	0.16705	0.29299
1072 A	0.52952	0.17807	0.29241
1073 A	0.52440	0.18366	0.29195
1074 C	0.52160	0.18646	0.29195
1075 A	0.52017	0.18793	0.29189
1076 T	0.52188	0.18294	0.29518
1077 T	0.52141	0.18162	0.29696
1078 T	0.51990	0.18254	0.29757
1079 T	0.51688	0.18528	0.29784
1080 A	0.51274	0.18747	0.29978
1081 A	0.51118	0.18649	0.30233
1082 C	0.51037	0.18319	0.30645
1083 T	0.50896	0.18281	0.30822
1084 T	0.50490	0.18446	0.31065
1085 T	0.49680	0.19272	0.31047
1086 A	0.48928	0.19986	0.31086
1087 A	0.48587	0.20094	0.31318
1088 T	0.48367	0.17937	0.33695
1089 T	0.48089	0.14493	0.37417
1090 G	0.47577	0.14429	0.37994
1091 A	0.46067	0.15407	0.38526
1092 G	0.45080	0.14675	0.40246
1093 G	0.44425	0.14377	0.41197
1094 A	0.43880	0.14888	0.41233
1095 A	0.43546	0.15711	0.40742
1096 T	0.43509	0.16384	0.40107
1097 T	0.43407	0.17439	0.39154
1098 A	0.43171	0.20021	0.36808
1099 T	0.43080	0.21354	0.35566
1100 T	0.42919	0.22536	0.34545
1101 A	0.42046	0.26170	0.31785
1102 A	0.39741	0.33528	0.26731
1103 A	0.37116	0.41875	0.2101
1104 A	0.29651	0.49598	0.20751
1105 A	0.26630	0.52548	0.20822
1106 A	0.24024	0.54824	0.21152
1107 A	0.22860	0.55326	0.21815
1108 C	0.22321	0.54881	0.22798
1109 T	0.21746	0.56123	0.22132
1110 A	0.20723	0.58179	0.21099
1111 A	0.20118	0.60317	0.19566
1112 A	0.19805	0.61401	0.18794
1113 T	0.19760	0.61479	0.18761
1114 A	0.19352	0.60421	0.20227
1115 A	0.19233	0.59545	0.21221
1116 A	0.19475	0.58626	0.21899
1117 A	0.20472	0.57017	0.22511
1118 C	0.21999	0.54892	0.23109
1119 C	0.23510	0.53120	0.2337
1120 A	0.24867	0.51696	0.23438
1121 C	0.27592	0.48827	0.23581
1122 T	0.29436	0.47007	0.23558
1123 G	0.30370	0.46120	0.23509
1124 A	0.32374	0.43773	0.23854
1125 A	0.37273	0.36617	0.26109
1126 T	0.43217	0.28307	0.28477
1127 T	0.43712	0.20109	0.36179
1128 A	0.43704	0.19157	0.37138
1129 G	0.43747	0.18475	0.37777
1130 A	0.43458	0.20278	0.36265
1131 A	0.43636	0.21686	0.34677
1132 T	0.44996	0.20938	0.34067
1133 A	0.45840	0.21540	0.3262
1134 T	0.47213	0.20646	0.32141
1135 T	0.47615	0.20200	0.32185
1136 T	0.47205	0.22038	0.30757
1137 A	0.41572	0.29132	0.29295
1138 G	0.38086	0.32910	0.29004
1139 C	0.36919	0.34502	0.28579
1140 T	0.35949	0.36767	0.27283
1141 A	0.34102	0.41881	0.24017
1142 G	0.33137	0.43705	0.23158
1143 A	0.32694	0.44243	0.23063
1144 T	0.32373	0.44589	0.23038
1145 T	0.31544	0.45421	0.23035
1146 G	0.30393	0.46569	0.23038
1147 C	0.30213	0.46738	0.23049
1148 A	0.30174	0.46845	0.22981
1149 A	0.30195	0.46856	0.2295
1150 A	0.30695	0.46294	0.2301
1151 A	0.33440	0.43393	0.23168
1152 T	0.36096	0.40566	0.23338
1153 A	0.38100	0.37920	0.2398
1154 C	0.40002	0.35564	0.24434
1155 A	0.41438	0.34032	0.2453
1156 T	0.43845	0.31282	0.24873
1157 T	0.44813	0.30123	0.25065
1158 A	0.45044	0.29717	0.25239
1159 A	0.46891	0.27504	0.25604
1160 T	0.49530	0.19018	0.31452
1161 T	0.50214	0.14842	0.34944
1162 T	0.50252	0.13682	0.36066
1163 A	0.50078	0.13362	0.3656
1164 T	0.51549	0.10784	0.37668
1165 T	0.50340	0.12105	0.37555
1166 T	0.48820	0.13547	0.37633
1167 A	0.46321	0.17059	0.3662
1168 T	0.44628	0.18861	0.3651
1169 T	0.42286	0.21996	0.35718
1170 T	0.36516	0.29230	0.34254
1171 A	0.26894	0.39637	0.3347
1172 A	0.24334	0.42621	0.33045
1173 A	0.23526	0.43603	0.32871
1174 A	0.23249	0.44025	0.32726
1175 G	0.23085	0.44191	0.32724
1176 T	0.23033	0.44192	0.32776
1177 T	0.22936	0.44440	0.32624
1178 T	0.22787	0.45401	0.31812
1179 A	0.22400	0.47604	0.29997
1180 A	0.22236	0.48876	0.28888
1181 A	0.22256	0.49037	0.28707
1182 T	0.22357	0.48822	0.28821
1183 A	0.22373	0.48650	0.28977
1184 T	0.22681	0.47946	0.29373
1185 T	0.22937	0.47270	0.29792
1186 A	0.23219	0.46326	0.30455
1187 A	0.23870	0.44636	0.31493
1188 T	0.25274	0.40280	0.34447
1189 A	0.25935	0.37160	0.36905
1190 T	0.27771	0.32117	0.40111
1191 T	0.28897	0.27891	0.43212
1192 G	0.30042	0.23975	0.45983
1193 T	0.31217	0.18525	0.50258
1194 T	0.31764	0.12641	0.55595
1195 T	0.31928	0.13725	0.54347
1196 T	0.31545	0.18090	0.50365
1197 A	0.30250	0.29302	0.40448
1198 A	0.29225	0.34610	0.36165
1199 A	0.27734	0.38871	0.33394
1200 A	0.26340	0.42958	0.30702
1201 A	0.26288	0.45519	0.28193
1202 A	0.27252	0.47294	0.25454
1203 T	0.27499	0.51373	0.21128
1204 G	0.25626	0.53929	0.20445
1205 T	0.25177	0.54826	0.19997
1206 T	0.24065	0.56331	0.19604
1207 A	0.20776	0.60337	0.18887
1208 C	0.18795	0.62718	0.18487
1209 T	0.16785	0.65266	0.17948
1210 A	0.12798	0.69940	0.17262
1211 A	0.10805	0.72272	0.16923
1212 A	0.09808	0.73290	0.16902
1213 G	0.09228	0.73879	0.16893
1214 A	0.08716	0.74373	0.16911
1215 A	0.08760	0.74250	0.16989
1216 C	0.09788	0.73090	0.17122
1217 A	0.11520	0.71316	0.17165
1218 A	0.14577	0.68139	0.17284
1219 A	0.19369	0.62993	0.17639
1220 T	0.29185	0.52191	0.18624
1221 T	0.32607	0.48027	0.19365
1222 A	0.34571	0.44400	0.21029
1223 A	0.37109	0.40244	0.22646
1224 A	0.39938	0.36297	0.23765
1225 A	0.43151	0.31992	0.24857
1226 T	0.48108	0.25323	0.26569
1227 T	0.49276	0.21007	0.29717
1228 T	0.49818	0.19108	0.31074
1229 A	0.50087	0.17371	0.32542
1230 T	0.50740	0.13272	0.35988
1231 T	0.51014	0.11328	0.37658
1232 A	0.50483	0.10094	0.39423
1233 T	0.50783	0.06703	0.42515
1234 T	0.50398	0.06297	0.43306
1235 T	0.48330	0.08961	0.42709
1236 A	0.43866	0.13678	0.42456
1237 T	0.39765	0.17889	0.42346
1238 G	0.33555	0.24543	0.41902
1239 G	0.29092	0.30435	0.40472
1240 C	0.24121	0.38024	0.37855
1241 T	0.22168	0.46706	0.31126
1242 T	0.19434	0.55165	0.25401
1243 G	0.15485	0.62870	0.21645
1244 A	0.12778	0.69078	0.18144
1245 A	0.10900	0.71216	0.17885
1246 A	0.10365	0.71831	0.17804
1247 A	0.10225	0.71995	0.17779
1248 A	0.10207	0.72016	0.17777
1249 C	0.10200	0.72039	0.17762
1250 A	0.10136	0.72381	0.17483
1251 T	0.10011	0.72619	0.1737
1252 A	0.09806	0.73024	0.17171
1253 A	0.09736	0.73151	0.17113
1254 A	0.09721	0.73152	0.17127
1255 A	0.09833	0.72129	0.18038
1256 A	0.10039	0.71335	0.18626
1257 A	0.10689	0.69609	0.19702
1258 A	0.11901	0.65612	0.22487
1259 A	0.12630	0.60425	0.26946
1260 G	0.13653	0.54497	0.3185
1261 G	0.15073	0.47398	0.37529
1262 A	0.18129	0.40398	0.41473
1263 T	0.23378	0.29868	0.46754
1264 T	0.31486	0.19396	0.49118
1265 T	0.35776	0.12471	0.51753
1266 T	0.37360	0.08226	0.54414
1267 T	0.37828	0.06136	0.56037
1268 C	0.37491	0.05338	0.57171
1269 T	0.37147	0.06803	0.5605
1270 G	0.36658	0.07407	0.55935
1271 A	0.36542	0.07621	0.55837
1272 A	0.36573	0.07607	0.5582
1273 T	0.36900	0.07178	0.55923
1274 C	0.36934	0.06819	0.56247
1275 T	0.36961	0.06726	0.56313
1276 G	0.36665	0.07152	0.56184
1277 A	0.36583	0.07708	0.55709
1278 T	0.36601	0.08149	0.55251
1279 G	0.36525	0.09094	0.54382
1280 T	0.36477	0.10849	0.52673
1281 T	0.36203	0.13653	0.50144
1282 T	0.34909	0.19309	0.45782
1283 T	0.32104	0.25049	0.42847
1284 A	0.25682	0.36711	0.37607
1285 A	0.22971	0.42606	0.34424
1286 G	0.22099	0.45694	0.32208
1287 A	0.21798	0.48684	0.29518
1288 A	0.21872	0.49912	0.28216
1289 A	0.22225	0.50718	0.27056
1290 T	0.22841	0.51187	0.25972
1291 A	0.23187	0.51452	0.25361
1292 T	0.24141	0.50601	0.25258
1293 T	0.24047	0.50899	0.25054
1294 T	0.23369	0.52324	0.24307
1295 T	0.23063	0.52940	0.23998
1296 A	0.22408	0.53858	0.23734
1297 A	0.21855	0.54478	0.23668
1298 A	0.21784	0.54427	0.2379
1299 A	0.21921	0.53992	0.24087
1300 A	0.22437	0.53337	0.24226
1301 A	0.23158	0.52467	0.24375
1302 A	0.24315	0.50990	0.24695
1303 G	0.26419	0.48373	0.25208
1304 A	0.29495	0.44429	0.26077
1305 T	0.34661	0.37461	0.27879
1306 A	0.37644	0.31933	0.30423
1307 T	0.42954	0.21069	0.35977
1308 G	0.45311	0.16518	0.38172
1309 C	0.47371	0.13555	0.39074
1310 T	0.49646	0.11052	0.39302
1311 A	0.50792	0.09819	0.39388
1312 A	0.52084	0.08457	0.39459
1313 T	0.54034	0.06406	0.39561
1314 T	0.55163	0.05133	0.39704
1315 T	0.55740	0.03878	0.40382
1316 A	0.56245	0.02470	0.41286
1317 A	0.57108	0.00000	0.42892
