# lcl|CP097583.1_cds_USQ93277.1_1
# AA	inside	membr	outside
1 A	0.78221	0.00000	0.21779
2 T	0.78157	0.00064	0.21779
3 G	0.78125	0.00096	0.21779
4 C	0.78125	0.00336	0.21539
5 C	0.77448	0.01968	0.20583
6 A	0.77448	0.02369	0.20183
7 A	0.76492	0.03440	0.20067
8 A	0.76492	0.03442	0.20065
9 A	0.76411	0.03562	0.20027
10 T	0.76411	0.04028	0.19561
11 T	0.76366	0.04131	0.19503
12 A	0.70109	0.10451	0.19439
13 A	0.59887	0.21126	0.18987
14 C	0.59884	0.21129	0.18987
15 A	0.59884	0.35338	0.04777
16 A	0.59632	0.35591	0.04777
17 A	0.59519	0.35817	0.04664
18 A	0.59515	0.35874	0.04611
19 T	0.59462	0.35929	0.04608
20 T	0.59171	0.36248	0.04582
21 T	0.58646	0.36752	0.04602
22 C	0.58560	0.36814	0.04625
23 C	0.58550	0.36808	0.04642
24 T	0.58643	0.36771	0.04586
25 T	0.58727	0.36677	0.04596
26 T	0.58735	0.36671	0.04594
27 A	0.58761	0.36659	0.0458
28 T	0.59261	0.35676	0.05063
29 C	0.58927	0.35849	0.05224
30 T	0.58728	0.35569	0.05703
31 A	0.58327	0.36161	0.05512
32 A	0.58009	0.36666	0.05325
33 A	0.57995	0.36956	0.05048
34 A	0.57901	0.37116	0.04982
35 A	0.58220	0.30883	0.10897
36 A	0.58824	0.21159	0.20017
37 A	0.59313	0.20256	0.20432
38 A	0.71665	0.07547	0.20788
39 C	0.72125	0.06502	0.21373
40 A	0.72488	0.06141	0.21371
41 T	0.72834	0.05645	0.21522
42 T	0.72887	0.05452	0.21661
43 G	0.72935	0.05140	0.21925
44 T	0.72980	0.04899	0.22121
45 T	0.73020	0.04876	0.22104
46 C	0.73035	0.04738	0.22227
47 T	0.73102	0.04760	0.22138
48 T	0.73129	0.04950	0.21921
49 G	0.73140	0.06134	0.20727
50 T	0.73193	0.07547	0.1926
51 A	0.73237	0.07758	0.19005
52 T	0.73347	0.07221	0.19432
53 T	0.73450	0.06992	0.19558
54 A	0.73624	0.06987	0.1939
55 A	0.73836	0.07130	0.19034
56 T	0.74149	0.06608	0.19243
57 T	0.74233	0.07034	0.18733
58 A	0.74195	0.07184	0.18622
59 T	0.74220	0.07154	0.18626
60 A	0.74193	0.07209	0.18598
61 T	0.74191	0.07230	0.18579
62 C	0.74203	0.07218	0.18579
63 T	0.74327	0.07118	0.18555
64 A	0.74328	0.07173	0.18499
65 G	0.74354	0.07172	0.18474
66 C	0.74401	0.07129	0.18469
67 G	0.74587	0.06946	0.18466
68 T	0.75090	0.06444	0.18466
69 T	0.75404	0.06127	0.18469
70 C	0.75670	0.05860	0.1847
71 C	0.75975	0.05558	0.18467
72 T	0.77075	0.04463	0.18462
73 C	0.78160	0.03379	0.18461
74 T	0.78589	0.02957	0.18454
75 T	0.78761	0.02793	0.18447
76 G	0.78795	0.02764	0.18441
77 C	0.79105	0.02450	0.18445
78 T	0.79566	0.02005	0.18429
79 A	0.79653	0.01921	0.18426
80 T	0.80299	0.01241	0.1846
81 T	0.80471	0.01025	0.18504
82 T	0.80471	0.01018	0.18511
83 T	0.80417	0.01014	0.18569
84 C	0.80353	0.01006	0.18641
85 G	0.80302	0.01037	0.18662
86 C	0.80243	0.01089	0.18669
87 T	0.80163	0.01172	0.18665
88 T	0.80059	0.01278	0.18663
89 A	0.79690	0.01652	0.18658
90 T	0.79363	0.01975	0.18662
91 C	0.78785	0.02561	0.18654
92 C	0.78231	0.03157	0.18612
93 T	0.76669	0.04896	0.18435
94 A	0.76035	0.05762	0.18203
95 A	0.75739	0.06338	0.17923
96 T	0.75447	0.06841	0.17712
97 T	0.74743	0.08135	0.17123
98 T	0.73892	0.10528	0.1558
99 T	0.69952	0.15144	0.14904
100 A	0.65332	0.20169	0.14498
101 G	0.60624	0.25084	0.14292
102 T	0.56124	0.29658	0.14218
103 C	0.50374	0.35800	0.13826
104 A	0.41807	0.46520	0.11674
105 A	0.33022	0.58072	0.08907
106 C	0.27967	0.63256	0.08776
107 A	0.21439	0.70385	0.08176
108 A	0.19971	0.72199	0.0783
109 A	0.19378	0.72793	0.07828
110 C	0.19028	0.72992	0.0798
111 G	0.18833	0.73290	0.07876
112 A	0.18691	0.73112	0.08196
113 G	0.18623	0.72911	0.08466
114 A	0.18577	0.72630	0.08793
115 A	0.18556	0.72374	0.0907
116 C	0.18640	0.70346	0.11013
117 A	0.18790	0.70406	0.10803
118 G	0.18922	0.70697	0.10381
119 A	0.19017	0.72317	0.08666
120 A	0.19424	0.73326	0.07251
121 A	0.20901	0.72949	0.06151
122 T	0.21752	0.67670	0.10578
123 A	0.21880	0.64332	0.13788
124 A	0.21980	0.59602	0.18417
125 A	0.22119	0.56692	0.21189
126 A	0.22515	0.52530	0.24954
127 A	0.24578	0.43078	0.32343
128 T	0.27468	0.32105	0.40426
129 A	0.27686	0.27903	0.44411
130 C	0.28197	0.22377	0.49426
131 T	0.28194	0.24875	0.46931
132 T	0.26917	0.31788	0.41295
133 G	0.22335	0.46324	0.31341
134 A	0.18133	0.61104	0.20763
135 C	0.16823	0.63446	0.19731
136 A	0.15400	0.69441	0.15159
137 A	0.14697	0.72307	0.12996
138 A	0.13951	0.74076	0.11973
139 C	0.13463	0.74672	0.11865
140 A	0.13337	0.75668	0.10996
141 A	0.13997	0.75888	0.10116
142 A	0.15718	0.75250	0.09031
143 C	0.18016	0.72932	0.09052
144 T	0.20026	0.70964	0.0901
145 T	0.20646	0.70255	0.09099
146 A	0.19976	0.70825	0.09199
147 C	0.19793	0.70947	0.0926
148 C	0.20712	0.70352	0.08935
149 T	0.19026	0.72854	0.08119
150 A	0.17029	0.75724	0.07247
151 G	0.16499	0.76835	0.06667
152 A	0.16737	0.77265	0.05998
153 A	0.17957	0.76353	0.0569
154 A	0.22049	0.71927	0.06024
155 A	0.28252	0.64361	0.07387
156 A	0.39080	0.49107	0.11813
157 T	0.48846	0.35370	0.15784
158 A	0.48949	0.34587	0.16464
159 T	0.49928	0.34204	0.15869
160 A	0.41434	0.46565	0.12
161 A	0.34162	0.54295	0.11544
162 A	0.27973	0.59909	0.12118
163 G	0.25243	0.61656	0.13102
164 A	0.25331	0.61316	0.13353
165 A	0.25290	0.61266	0.13444
166 C	0.25154	0.61207	0.13639
167 A	0.24602	0.63055	0.12344
168 A	0.21768	0.65964	0.12268
169 G	0.20843	0.65715	0.13442
170 A	0.20261	0.65572	0.14166
171 T	0.20258	0.64345	0.15397
172 C	0.20414	0.61037	0.18549
173 C	0.20165	0.59670	0.20165
174 G	0.19481	0.60504	0.20015
175 A	0.17974	0.63749	0.18278
176 T	0.15499	0.68110	0.16391
177 A	0.12885	0.73305	0.1381
178 G	0.11224	0.78169	0.10607
179 A	0.10760	0.79835	0.09406
180 A	0.10674	0.81353	0.07973
181 A	0.10641	0.80691	0.08667
182 A	0.12002	0.76818	0.1118
183 T	0.15567	0.63614	0.20818
184 A	0.15573	0.57130	0.27298
185 C	0.15451	0.51484	0.33065
186 G	0.15226	0.53825	0.30949
187 G	0.15275	0.57496	0.27229
188 A	0.15477	0.63006	0.21517
189 A	0.15819	0.64821	0.1936
190 A	0.17010	0.64045	0.18946
191 T	0.17528	0.60475	0.21998
192 A	0.17526	0.59872	0.22602
193 G	0.17607	0.58392	0.24001
194 A	0.17692	0.58000	0.24308
195 T	0.18065	0.56961	0.24974
196 A	0.18266	0.56212	0.25523
197 A	0.19049	0.54907	0.26044
198 A	0.20848	0.51534	0.27618
199 G	0.22894	0.46924	0.30182
200 A	0.25429	0.45241	0.29329
201 T	0.29122	0.42571	0.28307
202 A	0.29097	0.48488	0.22416
203 A	0.30351	0.47839	0.21811
204 T	0.31226	0.47078	0.21696
205 A	0.30752	0.48804	0.20444
206 T	0.31132	0.48340	0.20529
207 C	0.30226	0.50087	0.19687
208 A	0.31117	0.53536	0.15347
209 T	0.35019	0.51676	0.13304
210 A	0.37657	0.52074	0.10268
211 T	0.42587	0.47314	0.10099
212 T	0.43806	0.46235	0.09959
213 T	0.43225	0.47106	0.09669
214 T	0.41744	0.48715	0.09541
215 C	0.39463	0.50913	0.09624
216 A	0.38114	0.52271	0.09615
217 T	0.36852	0.53475	0.09673
218 C	0.35677	0.54620	0.09703
219 C	0.34853	0.55461	0.09686
220 A	0.34302	0.56076	0.09622
221 A	0.34042	0.56366	0.09591
222 A	0.34547	0.55859	0.09594
223 G	0.37482	0.52916	0.09602
224 A	0.40743	0.49540	0.09717
225 A	0.46878	0.41394	0.11728
226 G	0.48636	0.38548	0.12816
227 A	0.50514	0.36053	0.13433
228 T	0.53522	0.32043	0.14434
229 A	0.54392	0.30717	0.1489
230 T	0.56943	0.26432	0.16624
231 T	0.60854	0.22257	0.16889
232 A	0.62436	0.20518	0.17047
233 T	0.64529	0.17479	0.17991
234 T	0.64580	0.16953	0.18467
235 A	0.64382	0.16425	0.19192
236 A	0.64343	0.16498	0.1916
237 T	0.64528	0.16503	0.18969
238 T	0.64499	0.17440	0.18062
239 T	0.64233	0.22777	0.12991
240 T	0.63671	0.24030	0.12299
241 T	0.62915	0.24440	0.12645
242 T	0.58164	0.29217	0.1262
243 A	0.46858	0.40693	0.12448
244 C	0.38874	0.48305	0.12821
245 C	0.35282	0.51977	0.1274
246 A	0.32274	0.56153	0.11573
247 A	0.30429	0.58794	0.10777
248 C	0.29616	0.59862	0.10522
249 A	0.29305	0.61028	0.09667
250 G	0.28845	0.62247	0.08907
251 A	0.28869	0.63158	0.07972
252 A	0.29280	0.64028	0.06692
253 T	0.29696	0.64594	0.05709
254 T	0.29691	0.66108	0.04201
255 A	0.29379	0.66470	0.04151
256 G	0.29232	0.66531	0.04237
257 A	0.29186	0.66549	0.04265
258 A	0.29466	0.66069	0.04464
259 C	0.31702	0.63451	0.04846
260 A	0.34480	0.60700	0.04821
261 A	0.37628	0.57473	0.049
262 A	0.42825	0.51893	0.05282
263 T	0.45037	0.48697	0.06266
264 T	0.45276	0.47575	0.07149
265 A	0.45626	0.41503	0.12871
266 A	0.45965	0.30318	0.23718
267 C	0.46076	0.21904	0.3202
268 A	0.45872	0.22121	0.32007
269 T	0.46656	0.23692	0.29652
270 T	0.46270	0.28611	0.25119
271 G	0.36834	0.41651	0.21514
272 A	0.31203	0.49536	0.19262
273 G	0.26018	0.55322	0.1866
274 A	0.23865	0.58899	0.17236
275 A	0.23908	0.59900	0.16192
276 A	0.24111	0.60312	0.15578
277 T	0.25452	0.58758	0.15791
278 T	0.24508	0.59738	0.15754
279 A	0.22667	0.61637	0.15697
280 G	0.21523	0.62776	0.15702
281 A	0.19666	0.64984	0.1535
282 T	0.18434	0.66448	0.15118
283 C	0.15616	0.69737	0.14648
284 A	0.14258	0.71238	0.14503
285 A	0.13862	0.71776	0.14362
286 A	0.13430	0.72324	0.14247
287 A	0.13180	0.72531	0.14289
288 C	0.13583	0.71929	0.14488
289 A	0.14222	0.71076	0.14702
290 A	0.15532	0.69378	0.1509
291 A	0.19233	0.64960	0.15807
292 T	0.25562	0.57807	0.16631
293 T	0.30646	0.51629	0.17726
294 T	0.33706	0.38436	0.27858
295 A	0.34703	0.31679	0.33619
296 T	0.35359	0.25356	0.39284
297 T	0.35307	0.23035	0.41658
298 G	0.33778	0.24255	0.41967
299 T	0.32950	0.25663	0.41386
300 A	0.31727	0.27104	0.4117
301 G	0.31283	0.26743	0.41975
302 T	0.31203	0.25693	0.43104
303 A	0.30643	0.25598	0.4376
304 G	0.30606	0.23938	0.45456
305 A	0.30968	0.22577	0.46455
306 T	0.31569	0.19543	0.48888
307 C	0.31698	0.18932	0.4937
308 A	0.31874	0.23366	0.4476
309 T	0.32065	0.23491	0.44445
310 T	0.32095	0.24411	0.43494
311 A	0.31995	0.26213	0.41792
312 T	0.31939	0.28293	0.39767
313 C	0.30831	0.36241	0.32929
314 A	0.30286	0.44442	0.25272
315 T	0.29665	0.52584	0.17752
316 A	0.28201	0.59188	0.12611
317 A	0.27667	0.61332	0.11001
318 A	0.27236	0.63336	0.09427
319 A	0.27297	0.63814	0.08888
320 A	0.27452	0.65125	0.07424
321 A	0.28303	0.63199	0.08498
322 T	0.29988	0.61438	0.08574
323 A	0.30598	0.60473	0.08928
324 T	0.30842	0.61102	0.08056
325 G	0.30505	0.62987	0.06508
326 G	0.30499	0.63382	0.06119
327 C	0.30513	0.63756	0.05732
328 A	0.30324	0.64353	0.05324
329 A	0.30522	0.64346	0.05131
330 C	0.31547	0.63417	0.05036
331 A	0.35033	0.60188	0.04779
332 C	0.35572	0.59748	0.0468
333 A	0.36614	0.58738	0.04648
334 A	0.38889	0.56418	0.04693
335 A	0.43038	0.52245	0.04717
336 T	0.53479	0.40551	0.05969
337 C	0.60292	0.33180	0.06528
338 T	0.66994	0.25768	0.07238
339 T	0.69535	0.22108	0.08357
340 A	0.69808	0.21897	0.08294
341 C	0.69026	0.22269	0.08705
342 A	0.67140	0.24299	0.08562
343 T	0.68619	0.22661	0.0872
344 A	0.68131	0.22968	0.08901
345 C	0.69689	0.21251	0.09061
346 A	0.70357	0.20546	0.09098
347 T	0.72251	0.18228	0.09521
348 C	0.73541	0.16398	0.10062
349 T	0.74561	0.15434	0.10006
350 A	0.74389	0.16374	0.09238
351 T	0.74635	0.16123	0.09243
352 T	0.74198	0.17461	0.08341
353 T	0.71998	0.21389	0.06613
354 T	0.66607	0.26911	0.06482
355 A	0.50280	0.44199	0.05521
356 A	0.38856	0.55873	0.05272
357 A	0.27487	0.67532	0.04981
358 C	0.21496	0.73578	0.04926
359 A	0.16985	0.78423	0.04592
360 A	0.14775	0.80733	0.04492
361 G	0.13462	0.82113	0.04425
362 A	0.12618	0.83066	0.04316
363 A	0.12302	0.83174	0.04525
364 G	0.11789	0.81713	0.06498
365 A	0.11274	0.79280	0.09446
366 A	0.10575	0.78515	0.10911
367 C	0.09580	0.78243	0.12177
368 A	0.08326	0.82495	0.0918
369 A	0.07115	0.87282	0.05603
370 G	0.06378	0.89585	0.04037
371 A	0.05996	0.91014	0.0299
372 A	0.05754	0.91611	0.02635
373 G	0.06334	0.90337	0.03329
374 A	0.06738	0.89506	0.03755
375 A	0.07635	0.87212	0.05153
376 A	0.09181	0.82377	0.08442
377 A	0.09799	0.75213	0.14988
378 T	0.11094	0.58498	0.30407
379 A	0.11463	0.48512	0.40025
380 T	0.11895	0.37977	0.50128
381 T	0.11939	0.33149	0.54912
382 T	0.11833	0.30096	0.58072
383 T	0.11612	0.29169	0.59219
384 A	0.10841	0.29755	0.59404
385 A	0.10434	0.30330	0.59236
386 A	0.10276	0.31267	0.58456
387 A	0.10182	0.32514	0.57304
388 A	0.10256	0.31808	0.57935
389 A	0.10489	0.30303	0.59208
390 A	0.10978	0.28063	0.60959
391 G	0.14547	0.22520	0.62933
392 T	0.19018	0.16395	0.64588
393 T	0.20786	0.13663	0.65551
394 T	0.21627	0.12643	0.6573
395 T	0.21823	0.12229	0.65948
396 T	0.21892	0.12296	0.65812
397 T	0.21910	0.12492	0.65597
398 T	0.21832	0.12961	0.65207
399 A	0.21718	0.14114	0.64168
400 T	0.21644	0.14791	0.63565
401 T	0.21428	0.15851	0.62721
402 T	0.20263	0.18196	0.6154
403 T	0.15678	0.25022	0.59301
404 G	0.12430	0.28575	0.58995
405 G	0.11255	0.30377	0.58368
406 G	0.11048	0.31885	0.57068
407 A	0.11501	0.34345	0.54154
408 C	0.12521	0.35222	0.52258
409 A	0.14179	0.40760	0.4506
410 T	0.16101	0.44885	0.39014
411 T	0.16254	0.54048	0.29698
412 A	0.15991	0.61612	0.22396
413 A	0.15570	0.66077	0.18353
414 T	0.14833	0.70033	0.15134
415 A	0.13384	0.76306	0.1031
416 A	0.12573	0.78722	0.08706
417 A	0.12480	0.80276	0.07245
418 A	0.12440	0.81075	0.06485
419 T	0.12630	0.81335	0.06035
420 A	0.11838	0.82903	0.05259
421 A	0.11280	0.84301	0.04419
422 A	0.11394	0.84018	0.04589
423 A	0.11573	0.83379	0.05049
424 A	0.12248	0.82076	0.05676
425 A	0.13370	0.79588	0.07042
426 C	0.15434	0.73036	0.1153
427 G	0.15896	0.70348	0.13756
428 A	0.16617	0.68792	0.14591
429 A	0.18050	0.67140	0.14809
430 C	0.21912	0.63217	0.14872
431 C	0.25355	0.60215	0.1443
432 A	0.32857	0.53448	0.13695
433 A	0.39448	0.47556	0.12996
434 T	0.49122	0.38470	0.12408
435 T	0.54861	0.35267	0.09872
436 G	0.57614	0.33993	0.08393
437 A	0.60206	0.32111	0.07683
438 T	0.64583	0.26896	0.0852
439 A	0.65465	0.26110	0.08425
440 T	0.66357	0.26278	0.07365
441 T	0.64044	0.29477	0.06478
442 A	0.57771	0.35795	0.06434
443 A	0.54754	0.38069	0.07176
444 A	0.50340	0.41765	0.07896
445 A	0.47870	0.43636	0.08494
446 C	0.45746	0.45361	0.08892
447 A	0.44695	0.47210	0.08096
448 A	0.43842	0.48835	0.07323
449 T	0.42846	0.49823	0.07331
450 A	0.40681	0.52087	0.07232
451 G	0.40268	0.52524	0.07207
452 A	0.40115	0.52147	0.07739
453 C	0.40191	0.51105	0.08704
454 T	0.40734	0.50325	0.08941
455 G	0.41451	0.49445	0.09104
456 G	0.42046	0.48777	0.09177
457 C	0.43092	0.47699	0.09209
458 C	0.45698	0.45144	0.09158
459 T	0.47827	0.43100	0.09072
460 T	0.49712	0.41536	0.08752
461 T	0.50132	0.41479	0.08389
462 A	0.49231	0.43302	0.07467
463 T	0.49128	0.43083	0.07789
464 A	0.46314	0.42778	0.10909
465 T	0.44146	0.38461	0.17393
466 A	0.37829	0.42487	0.19684
467 A	0.31080	0.46329	0.22591
468 A	0.25588	0.53528	0.20884
469 G	0.21365	0.56362	0.22273
470 A	0.19783	0.57357	0.22859
471 A	0.19643	0.56749	0.23607
472 A	0.19152	0.56263	0.24585
473 C	0.18955	0.54797	0.26248
474 T	0.18679	0.58794	0.22527
475 A	0.18063	0.62073	0.19864
476 A	0.17509	0.66786	0.15704
477 A	0.17154	0.68344	0.14503
478 A	0.17004	0.69508	0.13488
479 T	0.17029	0.69160	0.1381
480 T	0.16826	0.69587	0.13586
481 G	0.16031	0.71577	0.12392
482 A	0.15646	0.73286	0.11068
483 A	0.15246	0.74547	0.10207
484 A	0.14960	0.75080	0.0996
485 T	0.15312	0.74132	0.10556
486 A	0.14420	0.74432	0.11148
487 G	0.13780	0.72988	0.13232
488 A	0.13588	0.71661	0.14751
489 A	0.13457	0.67047	0.19495
490 G	0.14378	0.60725	0.24897
491 A	0.17590	0.53308	0.29102
492 T	0.18487	0.48784	0.32729
493 G	0.18791	0.46818	0.34391
494 A	0.19381	0.46237	0.34382
495 G	0.20048	0.45061	0.34891
496 A	0.21175	0.43765	0.35059
497 T	0.25312	0.39117	0.35572
498 A	0.27817	0.36276	0.35908
499 T	0.32089	0.31720	0.36191
500 G	0.32981	0.31186	0.35832
501 T	0.33831	0.32086	0.34083
502 A	0.32203	0.36955	0.30841
503 A	0.29407	0.43293	0.273
504 T	0.29447	0.45837	0.24716
505 A	0.26733	0.52073	0.21194
506 A	0.26688	0.53397	0.19914
507 A	0.26543	0.54024	0.19433
508 T	0.27202	0.52999	0.19798
509 A	0.26477	0.52998	0.20525
510 T	0.27109	0.51508	0.21383
511 A	0.26275	0.52160	0.21565
512 G	0.26725	0.50924	0.22351
513 T	0.27456	0.49845	0.22699
514 T	0.27985	0.49311	0.22705
515 T	0.27572	0.49774	0.22655
516 G	0.25666	0.51928	0.22406
517 T	0.24542	0.53753	0.21705
518 A	0.20917	0.58766	0.20317
519 T	0.19255	0.61231	0.19513
520 G	0.15718	0.66191	0.1809
521 A	0.14256	0.69080	0.16664
522 A	0.13305	0.71165	0.1553
523 A	0.12901	0.72432	0.14667
524 A	0.14238	0.71442	0.14321
525 A	0.17535	0.66885	0.15581
526 A	0.21311	0.60592	0.18098
527 A	0.24619	0.56394	0.18987
528 T	0.28475	0.49421	0.22103
529 A	0.29529	0.48719	0.21753
530 T	0.30503	0.47496	0.22
531 T	0.29985	0.47917	0.22099
532 A	0.28615	0.49064	0.22321
533 A	0.28060	0.49120	0.2282
534 T	0.27762	0.48209	0.2403
535 G	0.26179	0.49623	0.24198
536 A	0.24688	0.51551	0.23761
537 T	0.24659	0.51791	0.23549
538 A	0.23448	0.54688	0.21863
539 A	0.22828	0.56571	0.20601
540 A	0.22317	0.59626	0.18057
541 G	0.22953	0.58632	0.18415
542 A	0.22673	0.61605	0.15722
543 T	0.23366	0.59980	0.16653
544 A	0.22634	0.62208	0.15158
545 A	0.20545	0.65657	0.13798
546 A	0.20300	0.66566	0.13134
547 G	0.20344	0.67923	0.11733
548 A	0.20480	0.69236	0.10285
549 A	0.21170	0.69279	0.09551
550 A	0.22217	0.68664	0.09119
551 A	0.23160	0.67584	0.09256
552 G	0.25153	0.64918	0.09928
553 T	0.26877	0.62915	0.10208
554 T	0.27636	0.61750	0.10615
555 T	0.27767	0.61106	0.11127
556 A	0.26482	0.62428	0.11089
557 A	0.26103	0.62264	0.11633
558 A	0.25803	0.60972	0.13225
559 C	0.26226	0.58947	0.14827
560 A	0.27090	0.59216	0.13694
561 A	0.29867	0.57086	0.13047
562 A	0.33763	0.53869	0.12369
563 A	0.39113	0.48630	0.12257
564 T	0.43999	0.42906	0.13095
565 T	0.48350	0.36712	0.14938
566 T	0.50086	0.33900	0.16014
567 A	0.51476	0.30767	0.17757
568 C	0.53190	0.25767	0.21042
569 G	0.54603	0.23690	0.21707
570 T	0.57051	0.21074	0.21874
571 T	0.58669	0.19612	0.2172
572 T	0.59496	0.19051	0.21454
573 G	0.59642	0.19362	0.20996
574 A	0.59822	0.19759	0.20419
575 T	0.60196	0.19901	0.19903
576 T	0.60316	0.21012	0.18672
577 A	0.60130	0.25318	0.14552
578 A	0.60281	0.26895	0.12823
579 T	0.60603	0.25721	0.13676
580 A	0.60026	0.25891	0.14083
581 A	0.59474	0.25644	0.14882
582 G	0.59501	0.25044	0.15456
583 C	0.59774	0.24453	0.15772
584 C	0.59051	0.25295	0.15654
585 C	0.59262	0.25847	0.14892
586 T	0.59976	0.26564	0.1346
587 T	0.59050	0.28804	0.12146
588 A	0.56913	0.33382	0.09706
589 T	0.55493	0.35895	0.08612
590 A	0.53903	0.38421	0.07676
591 T	0.53275	0.38948	0.07777
592 T	0.52831	0.39491	0.07678
593 A	0.51960	0.40685	0.07355
594 T	0.51510	0.41558	0.06931
595 C	0.50363	0.43486	0.06152
596 A	0.49621	0.44551	0.05828
597 A	0.48789	0.45542	0.05669
598 A	0.45053	0.49476	0.05471
599 A	0.44015	0.50481	0.05503
600 C	0.46420	0.47886	0.05693
601 A	0.47082	0.47103	0.05815
602 A	0.47034	0.46894	0.06071
603 A	0.47034	0.46395	0.06571
604 A	0.46985	0.45847	0.07169
605 A	0.47161	0.45267	0.07572
606 A	0.47562	0.43226	0.09211
607 A	0.48428	0.39754	0.11819
608 T	0.50458	0.35879	0.13662
609 T	0.52145	0.32914	0.1494
610 A	0.53205	0.30391	0.16404
611 T	0.55057	0.25980	0.18963
612 T	0.55824	0.23228	0.20948
613 G	0.56301	0.20807	0.22892
614 C	0.56506	0.19373	0.2412
615 C	0.56920	0.18818	0.24262
616 A	0.57330	0.20409	0.22262
617 T	0.57973	0.20222	0.21806
618 T	0.58689	0.20019	0.21292
619 T	0.58824	0.20255	0.20921
620 A	0.58823	0.20400	0.20777
621 T	0.58992	0.15877	0.25131
622 T	0.58941	0.14587	0.26471
623 T	0.58809	0.14574	0.26618
624 T	0.58459	0.16222	0.25319
625 G	0.58159	0.18729	0.23113
626 A	0.58059	0.20466	0.21476
627 T	0.57908	0.21558	0.20534
628 A	0.57555	0.22998	0.19446
629 T	0.57360	0.24051	0.18588
630 T	0.57086	0.25057	0.17857
631 G	0.56297	0.27144	0.16559
632 A	0.54904	0.29384	0.15712
633 A	0.53634	0.31246	0.15119
634 C	0.53420	0.31794	0.14785
635 A	0.53271	0.34718	0.12011
636 A	0.53257	0.35889	0.10854
637 A	0.53511	0.36638	0.09851
638 G	0.54582	0.36488	0.0893
639 T	0.57253	0.35413	0.07334
640 A	0.58187	0.34754	0.07059
641 T	0.59271	0.33599	0.07131
642 T	0.59739	0.33053	0.07208
643 A	0.60243	0.32595	0.07161
644 C	0.60827	0.31991	0.07183
645 A	0.61727	0.31216	0.07057
646 A	0.62808	0.30357	0.06834
647 T	0.64671	0.28334	0.06995
648 T	0.65465	0.27451	0.07084
649 C	0.59265	0.33832	0.06902
650 A	0.53387	0.40106	0.06507
651 A	0.49649	0.44086	0.06266
652 G	0.48193	0.45361	0.06447
653 A	0.48074	0.45468	0.06458
654 T	0.49005	0.44025	0.0697
655 A	0.48586	0.43115	0.08299
656 C	0.48561	0.41748	0.09691
657 A	0.48538	0.41905	0.09557
658 C	0.49766	0.40975	0.0926
659 A	0.49398	0.43181	0.07421
660 A	0.49024	0.43903	0.07073
661 A	0.48948	0.44486	0.06566
662 T	0.50119	0.43399	0.06481
663 T	0.49769	0.43882	0.0635
664 C	0.48189	0.45575	0.06236
665 A	0.47304	0.47213	0.05482
666 A	0.47039	0.47472	0.05489
667 A	0.47023	0.47378	0.05599
668 A	0.47232	0.46858	0.05909
669 T	0.47850	0.45849	0.063
670 T	0.48171	0.44212	0.07617
671 A	0.48308	0.41939	0.09754
672 T	0.48538	0.34462	0.17
673 G	0.48802	0.27717	0.2348
674 A	0.49130	0.23442	0.27428
675 C	0.49253	0.21271	0.29476
676 A	0.49483	0.20657	0.29859
677 T	0.49724	0.19869	0.30407
678 T	0.49978	0.18737	0.31286
679 G	0.50081	0.18515	0.31405
680 A	0.50303	0.18921	0.30777
681 A	0.50673	0.19403	0.29923
682 A	0.52128	0.17926	0.29946
683 A	0.52611	0.16363	0.31026
684 T	0.53645	0.14512	0.31842
685 T	0.54267	0.15288	0.30446
686 T	0.54548	0.20149	0.25304
687 A	0.54649	0.28162	0.17189
688 T	0.54937	0.33194	0.11869
689 T	0.54732	0.34589	0.10679
690 A	0.51531	0.38182	0.10288
691 A	0.49457	0.41052	0.09491
692 A	0.47759	0.43554	0.08686
693 C	0.45280	0.46789	0.0793
694 C	0.43286	0.49152	0.07562
695 T	0.42379	0.50256	0.07365
696 T	0.40754	0.52069	0.07177
697 G	0.37532	0.55542	0.06926
698 C	0.35457	0.57771	0.06772
699 C	0.34627	0.58899	0.06473
700 A	0.33999	0.60211	0.05791
701 A	0.33815	0.60465	0.0572
702 G	0.34032	0.60260	0.05708
703 A	0.34631	0.59656	0.05713
704 G	0.35941	0.58322	0.05736
705 C	0.37176	0.57027	0.05797
706 G	0.38181	0.56012	0.05808
707 C	0.40156	0.54030	0.05814
708 T	0.42782	0.51410	0.05807
709 A	0.46987	0.47231	0.05782
710 A	0.54033	0.40203	0.05764
711 A	0.58957	0.35194	0.05849
712 A	0.60189	0.33796	0.06015
713 A	0.60889	0.29924	0.09188
714 A	0.62163	0.26371	0.11466
715 A	0.63477	0.22828	0.13695
716 T	0.65362	0.17463	0.17174
717 T	0.66605	0.13538	0.19857
718 T	0.67369	0.11455	0.21175
719 A	0.67616	0.09701	0.22683
720 T	0.67934	0.06550	0.25515
721 C	0.67992	0.04636	0.27372
722 T	0.68165	0.03973	0.27863
723 T	0.68452	0.03564	0.27984
724 T	0.68158	0.04321	0.2752
725 T	0.67644	0.05744	0.26612
726 T	0.66208	0.08205	0.25586
727 A	0.62864	0.14358	0.22778
728 T	0.58085	0.21069	0.20846
729 T	0.46379	0.35201	0.18419
730 G	0.32801	0.52046	0.15153
731 A	0.29468	0.57478	0.13054
732 G	0.27530	0.60049	0.12421
733 A	0.26768	0.61354	0.11878
734 A	0.26449	0.61924	0.11627
735 T	0.26428	0.62045	0.11528
736 A	0.26411	0.62255	0.11334
737 A	0.26422	0.62573	0.11005
738 T	0.26428	0.63300	0.10272
739 T	0.26411	0.64190	0.09398
740 T	0.26361	0.64574	0.09065
741 T	0.26137	0.65112	0.0875
742 A	0.26001	0.65671	0.08329
743 G	0.25904	0.65905	0.0819
744 A	0.25843	0.66194	0.07963
745 A	0.25941	0.66240	0.07819
746 A	0.26268	0.65962	0.0777
747 A	0.27281	0.64444	0.08275
748 A	0.28546	0.62270	0.09185
749 G	0.29949	0.59028	0.11024
750 A	0.32998	0.52493	0.14509
751 T	0.35761	0.43264	0.20976
752 T	0.38367	0.27420	0.34213
753 T	0.41557	0.13400	0.45043
754 T	0.43300	0.09838	0.46861
755 C	0.43720	0.08495	0.47785
756 T	0.43981	0.08116	0.47904
757 G	0.44076	0.08012	0.47912
758 C	0.44226	0.08188	0.47586
759 A	0.44417	0.09238	0.46345
760 G	0.44744	0.09091	0.46165
761 T	0.46005	0.08162	0.45833
762 T	0.47116	0.07690	0.45194
763 T	0.46923	0.09380	0.43697
764 C	0.45981	0.13017	0.41002
765 T	0.45102	0.22098	0.328
766 A	0.43556	0.39991	0.16452
767 A	0.42415	0.52361	0.05225
768 G	0.42085	0.53447	0.04468
769 A	0.41938	0.54097	0.03965
770 T	0.41742	0.54577	0.03681
771 A	0.40193	0.56541	0.03265
772 C	0.38165	0.58656	0.03179
773 A	0.29942	0.66920	0.03137
774 A	0.25044	0.71852	0.03104
775 A	0.24354	0.72559	0.03087
776 C	0.24325	0.72584	0.03091
777 C	0.24168	0.72771	0.03061
778 T	0.24218	0.72772	0.0301
779 T	0.23854	0.73212	0.02934
780 A	0.21541	0.75539	0.02921
781 A	0.19761	0.77341	0.02898
782 A	0.18375	0.78717	0.02909
783 A	0.17263	0.79560	0.03177
784 C	0.16364	0.80278	0.03358
785 A	0.16314	0.80221	0.03465
786 A	0.18068	0.78081	0.03851
787 A	0.22159	0.73295	0.04546
788 A	0.29465	0.65129	0.05406
789 C	0.44528	0.48723	0.06749
790 C	0.52893	0.39173	0.07935
791 T	0.52898	0.38997	0.08105
792 A	0.48437	0.44284	0.07279
793 A	0.40691	0.52075	0.07234
794 A	0.34981	0.57513	0.07506
795 A	0.26777	0.64189	0.09035
796 A	0.23664	0.57874	0.18463
797 C	0.22693	0.52042	0.25265
798 T	0.21588	0.52942	0.2547
799 G	0.19435	0.57511	0.23054
800 T	0.16394	0.66549	0.17057
801 G	0.10961	0.75199	0.1384
802 A	0.08796	0.78645	0.1256
803 A	0.08455	0.77425	0.14121
804 A	0.08288	0.76020	0.15693
805 G	0.08198	0.74491	0.17312
806 A	0.08174	0.73833	0.17993
807 T	0.08201	0.72666	0.19133
808 A	0.08136	0.72541	0.19323
809 T	0.08080	0.72844	0.19076
810 A	0.07928	0.75231	0.1684
811 A	0.07882	0.77695	0.14423
812 A	0.07848	0.79216	0.12936
813 A	0.07846	0.79922	0.12232
814 A	0.08023	0.80129	0.11849
815 A	0.08904	0.75136	0.1596
816 A	0.09160	0.66677	0.24163
817 A	0.09432	0.60567	0.30001
818 T	0.09819	0.51592	0.38588
819 G	0.10003	0.48240	0.41758
820 G	0.10574	0.46078	0.43347
821 G	0.12072	0.43253	0.44676
822 A	0.15245	0.39987	0.44768
823 T	0.21525	0.32381	0.46094
824 T	0.24374	0.29015	0.4661
825 T	0.25209	0.33349	0.41442
826 T	0.25132	0.37119	0.37749
827 A	0.23712	0.42464	0.33824
828 T	0.23263	0.45142	0.31595
829 G	0.21471	0.50224	0.28305
830 C	0.20795	0.55734	0.23471
831 A	0.20302	0.57860	0.21838
832 A	0.20063	0.62111	0.17826
833 A	0.21427	0.61587	0.16986
834 A	0.23637	0.59822	0.16541
835 C	0.25452	0.58273	0.16275
836 A	0.27198	0.57187	0.15615
837 T	0.28914	0.55848	0.15238
838 T	0.29431	0.55727	0.14842
839 T	0.29325	0.56134	0.14541
840 A	0.26602	0.59117	0.14281
841 A	0.24476	0.61609	0.13916
842 A	0.22088	0.64443	0.13469
843 A	0.19939	0.67236	0.12825
844 G	0.18872	0.68223	0.12905
845 A	0.19599	0.67473	0.12928
846 A	0.20461	0.66423	0.13116
847 G	0.22909	0.62819	0.14272
848 C	0.28893	0.55869	0.15239
849 T	0.33969	0.50270	0.15761
850 G	0.37026	0.46388	0.16586
851 G	0.38180	0.45234	0.16586
852 A	0.40327	0.43559	0.16114
853 T	0.43801	0.39961	0.16238
854 A	0.41761	0.41818	0.16421
855 T	0.45336	0.37438	0.17227
856 A	0.45353	0.37441	0.17206
857 C	0.45488	0.36594	0.17917
858 T	0.45590	0.37212	0.17198
859 T	0.45023	0.40355	0.14623
860 T	0.43482	0.43071	0.13446
861 A	0.32703	0.55675	0.11621
862 A	0.30249	0.59207	0.10544
863 A	0.28989	0.58263	0.12749
864 A	0.28443	0.56997	0.14561
865 G	0.28653	0.54372	0.16975
866 A	0.29187	0.51938	0.18874
867 A	0.28625	0.50702	0.20672
868 T	0.28452	0.50018	0.2153
869 T	0.27562	0.51538	0.209
870 A	0.25486	0.55514	0.19
871 A	0.22905	0.59475	0.1762
872 A	0.20309	0.64725	0.14965
873 A	0.19036	0.66345	0.14619
874 G	0.18929	0.64956	0.16115
875 A	0.19864	0.63295	0.16841
876 A	0.20607	0.61526	0.17867
877 G	0.22065	0.56670	0.21264
878 C	0.23363	0.54414	0.22223
879 T	0.24952	0.53386	0.21661
880 T	0.25395	0.53608	0.20998
881 A	0.24864	0.55797	0.19339
882 T	0.27050	0.53930	0.1902
883 A	0.27284	0.53720	0.18996
884 C	0.28465	0.41779	0.29756
885 T	0.29297	0.39752	0.30951
886 T	0.29491	0.42307	0.28203
887 T	0.28964	0.45739	0.25297
888 A	0.21553	0.57955	0.20492
889 A	0.19514	0.62327	0.18158
890 A	0.18513	0.63233	0.18254
891 A	0.18562	0.62913	0.18524
892 G	0.19716	0.60620	0.19664
893 A	0.21794	0.57534	0.20672
894 A	0.23195	0.53790	0.23014
895 T	0.26379	0.48343	0.25278
896 T	0.26645	0.48114	0.25242
897 A	0.24938	0.51747	0.23315
898 A	0.23123	0.58063	0.18815
899 A	0.21174	0.62217	0.16609
900 A	0.20449	0.63497	0.16053
901 G	0.20198	0.63379	0.16424
902 A	0.21102	0.62334	0.16563
903 A	0.22794	0.60263	0.16944
904 G	0.25505	0.56414	0.18082
905 C	0.27896	0.53624	0.1848
906 T	0.30386	0.51652	0.17962
907 T	0.31397	0.50958	0.17645
908 A	0.31509	0.52166	0.16326
909 T	0.35202	0.49567	0.15231
910 A	0.36288	0.49151	0.1456
911 C	0.39646	0.38329	0.22026
912 T	0.41544	0.35580	0.22875
913 T	0.42033	0.36225	0.21742
914 T	0.41417	0.39488	0.19095
915 A	0.28940	0.56055	0.15006
916 A	0.26341	0.61213	0.12446
917 A	0.24870	0.63318	0.11811
918 A	0.24639	0.63522	0.11838
919 G	0.25839	0.61471	0.1269
920 A	0.28064	0.58357	0.13578
921 A	0.31558	0.53338	0.15104
922 T	0.33518	0.49921	0.16561
923 T	0.32668	0.51523	0.1581
924 A	0.29825	0.55801	0.14374
925 A	0.27098	0.61503	0.11399
926 A	0.25054	0.64551	0.10394
927 A	0.24004	0.65643	0.10353
928 G	0.23834	0.65523	0.10643
929 A	0.24493	0.64650	0.10857
930 A	0.25365	0.63427	0.11208
931 G	0.27463	0.60615	0.11921
932 C	0.30377	0.57283	0.1234
933 T	0.33059	0.54495	0.12446
934 T	0.33946	0.53406	0.12648
935 A	0.34449	0.52887	0.12664
936 T	0.36137	0.50847	0.13017
937 A	0.37349	0.49085	0.13567
938 C	0.40176	0.33016	0.26808
939 T	0.42552	0.28532	0.28917
940 T	0.43443	0.27064	0.29493
941 T	0.42806	0.29976	0.27218
942 A	0.37949	0.37375	0.24675
943 A	0.33620	0.43414	0.22967
944 A	0.29725	0.47091	0.23184
945 A	0.27583	0.48741	0.23676
946 G	0.27665	0.46982	0.25354
947 A	0.27904	0.48904	0.23192
948 A	0.29580	0.46982	0.23438
949 T	0.29556	0.46567	0.23876
950 T	0.27608	0.51629	0.20762
951 A	0.23691	0.58101	0.18208
952 A	0.19529	0.67637	0.12835
953 A	0.18819	0.68861	0.1232
954 A	0.18326	0.69388	0.12286
955 G	0.18145	0.69378	0.12476
956 A	0.18364	0.69003	0.12634
957 A	0.18536	0.68555	0.12909
958 G	0.18839	0.67840	0.1332
959 C	0.19270	0.67162	0.13568
960 T	0.19789	0.66503	0.13707
961 G	0.19998	0.66148	0.13853
962 G	0.20523	0.65398	0.1408
963 A	0.21174	0.64492	0.14334
964 T	0.23694	0.61259	0.15047
965 A	0.25714	0.54652	0.19634
966 T	0.27579	0.48315	0.24106
967 A	0.28194	0.43908	0.27898
968 A	0.28767	0.40444	0.30789
969 A	0.29431	0.37722	0.32848
970 G	0.34572	0.30063	0.35365
971 T	0.37952	0.24548	0.375
972 G	0.40232	0.20442	0.39327
973 T	0.44423	0.13879	0.41698
974 A	0.46635	0.08434	0.44931
975 A	0.51151	0.00000	0.48848
