# lcl|CP097583.1_cds_USQ93372.1_1
# AA	inside	membr	outside
1 A	0.14294	0.00000	0.85707
2 T	0.14201	0.00093	0.85707
3 G	0.14165	0.00128	0.85707
4 A	0.14165	0.00301	0.85534
5 C	0.13953	0.00563	0.85484
6 A	0.13953	0.00603	0.85444
7 G	0.13548	0.01023	0.85429
8 A	0.13548	0.01024	0.85428
9 C	0.13474	0.01104	0.85422
10 A	0.13474	0.01843	0.84683
11 A	0.13435	0.01950	0.84615
12 T	0.13042	0.02368	0.8459
13 T	0.11873	0.03734	0.84393
14 T	0.11872	0.03735	0.84393
15 A	0.11872	0.06227	0.81902
16 T	0.11678	0.06420	0.81902
17 T	0.11128	0.07000	0.81872
18 T	0.11104	0.07124	0.81773
19 A	0.10535	0.07837	0.81628
20 A	0.08932	0.12579	0.78489
21 A	0.07662	0.13845	0.78492
22 T	0.07626	0.13875	0.78499
23 T	0.07563	0.13917	0.7852
24 A	0.07263	0.14200	0.78537
25 C	0.06982	0.14293	0.78725
26 C	0.06681	0.14561	0.78757
27 A	0.06660	0.14571	0.78768
28 C	0.06697	0.14493	0.7881
29 A	0.06741	0.14465	0.78794
30 A	0.06895	0.14263	0.78842
31 T	0.06967	0.14183	0.7885
32 T	0.07016	0.14054	0.7893
33 A	0.07362	0.13703	0.78935
34 A	0.07447	0.13579	0.78974
35 A	0.07607	0.13033	0.79361
36 A	0.07838	0.11772	0.8039
37 T	0.08008	0.11365	0.80628
38 A	0.09866	0.09262	0.80872
39 T	0.09955	0.08372	0.81673
40 G	0.10063	0.07249	0.82688
41 C	0.10179	0.06739	0.83082
42 A	0.10339	0.06347	0.83314
43 T	0.13166	0.02804	0.8403
44 A	0.13014	0.02369	0.84617
45 T	0.13059	0.02308	0.84633
46 G	0.12993	0.02322	0.84684
47 A	0.12979	0.02002	0.85019
48 T	0.12992	0.01663	0.85345
49 T	0.12963	0.01361	0.85675
50 C	0.12903	0.01291	0.85807
51 T	0.12885	0.01299	0.85817
52 C	0.12842	0.01357	0.85801
53 T	0.12757	0.01612	0.85631
54 A	0.11485	0.02949	0.85566
55 G	0.11110	0.03327	0.85563
56 A	0.11041	0.03386	0.85572
57 A	0.10969	0.03453	0.85577
58 C	0.10969	0.03352	0.85679
59 C	0.11013	0.03288	0.857
60 T	0.11026	0.03316	0.85658
61 T	0.11002	0.03490	0.85508
62 T	0.10820	0.04062	0.85118
63 T	0.10173	0.05433	0.84394
64 A	0.09846	0.06109	0.84045
65 T	0.09676	0.06350	0.83974
66 A	0.09526	0.06675	0.83798
67 G	0.09461	0.06591	0.83947
68 A	0.09451	0.06587	0.83962
69 T	0.09453	0.06510	0.84037
70 T	0.09422	0.06583	0.83995
71 C	0.09293	0.06758	0.83949
72 A	0.09198	0.07060	0.83742
73 A	0.09184	0.07064	0.83751
74 A	0.09164	0.07060	0.83776
75 A	0.09166	0.07004	0.8383
76 A	0.09284	0.06820	0.83896
77 C	0.09337	0.05486	0.85176
78 A	0.09330	0.05240	0.8543
79 A	0.09321	0.05231	0.85448
80 T	0.09335	0.05192	0.85473
81 G	0.09337	0.05321	0.85342
82 G	0.09359	0.05455	0.85186
83 A	0.09435	0.05460	0.85105
84 A	0.09624	0.05184	0.85192
85 A	0.10055	0.04508	0.85437
86 T	0.10869	0.03205	0.85925
87 T	0.11177	0.02621	0.86202
88 C	0.11251	0.02436	0.86312
89 A	0.11315	0.02679	0.86007
90 T	0.11327	0.02757	0.85916
91 C	0.11277	0.02845	0.85878
92 A	0.11242	0.02937	0.85821
93 T	0.11219	0.02985	0.85797
94 A	0.11077	0.03088	0.85836
95 C	0.11122	0.03063	0.85814
96 T	0.10991	0.03281	0.85728
97 A	0.10505	0.03949	0.85546
98 A	0.10259	0.04245	0.85496
99 A	0.10162	0.04340	0.85499
100 C	0.10093	0.04415	0.85492
101 A	0.10078	0.04407	0.85515
102 T	0.10171	0.04276	0.85553
103 C	0.10221	0.04206	0.85573
104 A	0.10320	0.04102	0.85578
105 C	0.10432	0.03985	0.85583
106 C	0.10533	0.03882	0.85586
107 A	0.10529	0.03887	0.85584
108 A	0.10563	0.03856	0.85581
109 G	0.10753	0.03663	0.85584
110 C	0.10846	0.03567	0.85586
111 T	0.11037	0.03391	0.85572
112 T	0.11402	0.03000	0.85598
113 A	0.11507	0.02883	0.8561
114 T	0.11574	0.02751	0.85675
115 G	0.11607	0.02674	0.85718
116 T	0.11660	0.02471	0.8587
117 T	0.11721	0.02211	0.86068
118 A	0.11801	0.02039	0.86161
119 A	0.11888	0.01830	0.86281
120 T	0.12096	0.01213	0.86692
121 A	0.12126	0.00972	0.86902
122 A	0.12091	0.00898	0.87011
123 T	0.12100	0.00790	0.87109
124 C	0.12061	0.00790	0.87149
125 T	0.12047	0.00902	0.87051
126 T	0.12015	0.01044	0.86941
127 A	0.11961	0.01119	0.86921
128 A	0.11899	0.01199	0.86903
129 T	0.11828	0.01299	0.86873
130 G	0.11542	0.01553	0.86905
131 C	0.10816	0.02264	0.86919
132 A	0.10169	0.02945	0.86886
133 G	0.09963	0.03183	0.86854
134 C	0.09894	0.03293	0.86813
135 T	0.09813	0.03399	0.86789
136 T	0.09523	0.03723	0.86754
137 T	0.09055	0.04208	0.86737
138 A	0.07735	0.05559	0.86706
139 C	0.06533	0.06808	0.86659
140 A	0.05220	0.08254	0.86527
141 A	0.04377	0.09109	0.86514
142 A	0.03573	0.09954	0.86473
143 A	0.03139	0.10385	0.86476
144 A	0.02890	0.10617	0.86493
145 C	0.02737	0.10699	0.86564
146 A	0.02566	0.10849	0.86584
147 C	0.02506	0.10870	0.86624
148 C	0.02513	0.10862	0.86625
149 A	0.02514	0.10898	0.86588
150 A	0.02474	0.10955	0.86571
151 A	0.02461	0.10948	0.86591
152 T	0.02483	0.10896	0.86622
153 A	0.02431	0.10743	0.86826
154 A	0.02406	0.09968	0.87626
155 G	0.02415	0.09235	0.88349
156 T	0.02445	0.08924	0.88631
157 A	0.02452	0.08754	0.88794
158 A	0.02461	0.08488	0.89051
159 T	0.02485	0.08000	0.89515
160 A	0.02436	0.07560	0.90004
161 A	0.02417	0.06415	0.91167
162 A	0.02438	0.05388	0.92174
163 G	0.02537	0.04361	0.93102
164 A	0.02557	0.03917	0.93526
165 T	0.02608	0.03219	0.94173
166 T	0.02605	0.02997	0.94399
167 T	0.02576	0.03058	0.94366
168 A	0.02542	0.03210	0.94248
169 G	0.02533	0.03217	0.9425
170 A	0.02535	0.03264	0.94202
171 A	0.02545	0.03215	0.9424
172 T	0.02592	0.03100	0.94308
173 T	0.02617	0.03035	0.94348
174 T	0.02625	0.03008	0.94366
175 T	0.02627	0.03012	0.94361
176 T	0.02627	0.03020	0.94353
177 A	0.02623	0.03080	0.94297
178 T	0.02629	0.03097	0.94275
179 T	0.02632	0.03208	0.94159
180 A	0.02633	0.03383	0.93983
181 A	0.02653	0.03424	0.93923
182 A	0.02679	0.03455	0.93865
183 A	0.02709	0.03443	0.93849
184 A	0.02796	0.03369	0.93835
185 A	0.03044	0.03114	0.93843
186 T	0.03667	0.02486	0.93847
187 T	0.04071	0.02069	0.9386
188 T	0.04253	0.01879	0.93868
189 A	0.04363	0.01759	0.93878
190 T	0.04557	0.01540	0.93904
191 C	0.04677	0.01397	0.93926
192 T	0.04839	0.01239	0.93922
193 T	0.04945	0.01146	0.93909
194 C	0.04960	0.01163	0.93878
195 T	0.04981	0.01170	0.93849
196 T	0.04990	0.01168	0.93842
197 T	0.04784	0.01380	0.93836
198 A	0.04362	0.01810	0.93829
199 C	0.04293	0.01878	0.93829
200 C	0.04297	0.01872	0.93831
201 A	0.04194	0.01985	0.93821
202 G	0.04223	0.01960	0.93817
203 T	0.04352	0.01833	0.93815
204 A	0.04201	0.01988	0.93811
205 G	0.04087	0.02102	0.93811
206 A	0.04048	0.02123	0.93829
207 T	0.04029	0.02131	0.9384
208 A	0.03875	0.02280	0.93845
209 T	0.03841	0.02310	0.93848
210 C	0.03780	0.02368	0.93853
211 C	0.03717	0.02430	0.93854
212 A	0.03663	0.02486	0.93852
213 A	0.03628	0.02523	0.93849
214 C	0.03575	0.02575	0.93849
215 A	0.03525	0.02627	0.93847
216 A	0.03509	0.02638	0.93853
217 A	0.03528	0.02543	0.9393
218 C	0.03551	0.02427	0.94022
219 T	0.03564	0.02391	0.94046
220 G	0.03571	0.02174	0.94256
221 T	0.03585	0.01864	0.94552
222 T	0.03586	0.01812	0.94602
223 T	0.03580	0.01836	0.94584
224 T	0.03552	0.01801	0.94647
225 A	0.03454	0.01921	0.94624
226 A	0.03337	0.02043	0.9462
227 A	0.03268	0.01917	0.94815
228 T	0.03249	0.01757	0.94995
229 A	0.03178	0.01778	0.95043
230 A	0.03144	0.01728	0.95128
231 C	0.03118	0.01550	0.95331
232 G	0.03104	0.01551	0.95344
233 G	0.03088	0.01557	0.95355
234 A	0.03080	0.01560	0.9536
235 G	0.03078	0.01536	0.95386
236 G	0.03078	0.01520	0.95402
237 A	0.03073	0.01464	0.95463
238 G	0.03073	0.01398	0.95529
239 G	0.03075	0.01361	0.95564
240 A	0.03081	0.01340	0.95579
241 C	0.03094	0.01316	0.9559
242 A	0.03129	0.01280	0.95592
243 T	0.03254	0.01150	0.95596
244 T	0.03353	0.01049	0.95598
245 T	0.03397	0.01002	0.95601
246 T	0.03420	0.00973	0.95607
247 A	0.03441	0.00918	0.95641
248 A	0.03493	0.00765	0.95743
249 T	0.03566	0.00553	0.95882
250 C	0.03582	0.00450	0.95968
251 A	0.03609	0.00401	0.95989
252 T	0.03711	0.00249	0.9604
253 T	0.03756	0.00181	0.96062
254 C	0.03765	0.00153	0.96082
255 T	0.03783	0.00129	0.96087
256 T	0.03798	0.00100	0.96102
257 T	0.03807	0.00087	0.96107
258 T	0.03806	0.00088	0.96106
259 T	0.03792	0.00105	0.96103
260 T	0.03759	0.00135	0.96106
261 T	0.03695	0.00213	0.96092
262 T	0.03516	0.00462	0.96022
263 G	0.03202	0.00896	0.95901
264 G	0.03010	0.01217	0.95774
265 A	0.02937	0.01393	0.9567
266 A	0.02910	0.01475	0.95614
267 T	0.02902	0.01509	0.9559
268 A	0.02890	0.01551	0.95559
269 T	0.02885	0.01565	0.9555
270 T	0.02878	0.01601	0.95521
271 T	0.02862	0.01694	0.95444
272 T	0.02832	0.01778	0.95391
273 A	0.02814	0.01853	0.95333
274 A	0.02808	0.01912	0.9528
275 A	0.02803	0.01935	0.95261
276 A	0.02802	0.01946	0.95253
277 T	0.02802	0.01948	0.9525
278 T	0.02803	0.01950	0.95247
279 A	0.02797	0.01957	0.95246
280 A	0.02797	0.01949	0.95255
281 A	0.02800	0.01921	0.95278
282 T	0.02806	0.01867	0.95327
283 G	0.02808	0.01805	0.95387
284 A	0.02827	0.01719	0.95454
285 A	0.02914	0.01472	0.95614
286 A	0.03055	0.01063	0.95883
287 T	0.03199	0.00754	0.96047
288 T	0.03287	0.00611	0.96103
289 T	0.03317	0.00586	0.96098
290 G	0.03320	0.00594	0.96086
291 T	0.03337	0.00566	0.96098
292 G	0.03337	0.00558	0.96105
293 A	0.03376	0.00510	0.96114
294 T	0.03471	0.00399	0.96131
295 C	0.03523	0.00319	0.96158
296 C	0.03565	0.00266	0.96168
297 T	0.03609	0.00223	0.96169
298 T	0.03617	0.00215	0.96168
299 C	0.03615	0.00218	0.96166
300 T	0.03616	0.00233	0.96151
301 T	0.03611	0.00263	0.96126
302 T	0.03592	0.00294	0.96115
303 T	0.03531	0.00378	0.9609
304 A	0.03403	0.00582	0.96015
305 A	0.02845	0.01253	0.95902
306 A	0.02540	0.01599	0.95862
307 A	0.02249	0.01932	0.95819
308 T	0.02143	0.02057	0.958
309 A	0.02032	0.02169	0.95799
310 A	0.01967	0.02233	0.958
311 A	0.01956	0.02241	0.95803
312 T	0.01982	0.02206	0.95812
313 C	0.01995	0.02186	0.95819
314 A	0.01997	0.02184	0.95819
315 T	0.01995	0.02183	0.95821
316 T	0.01987	0.02197	0.95816
317 T	0.01978	0.02211	0.95811
318 A	0.01962	0.02227	0.95812
319 A	0.01956	0.02227	0.95817
320 T	0.01952	0.02218	0.95829
321 T	0.01943	0.02215	0.95841
322 C	0.01918	0.02226	0.95855
323 A	0.01897	0.02250	0.95852
324 A	0.01897	0.02255	0.95848
325 A	0.01901	0.02237	0.95863
326 A	0.01923	0.02167	0.9591
327 A	0.01998	0.01991	0.9601
328 T	0.02120	0.01251	0.96629
329 A	0.02158	0.00910	0.96933
330 T	0.02201	0.00568	0.9723
331 T	0.02217	0.00453	0.9733
332 T	0.02218	0.00389	0.97394
333 T	0.02215	0.00400	0.97385
334 G	0.02178	0.00526	0.97295
335 G	0.02167	0.00580	0.97253
336 T	0.02165	0.00652	0.97182
337 A	0.02164	0.00967	0.9687
338 A	0.02164	0.01043	0.96793
339 T	0.02170	0.01058	0.96773
340 T	0.02172	0.01068	0.96761
341 T	0.02164	0.01077	0.96759
342 A	0.02154	0.01114	0.96733
343 G	0.02153	0.01114	0.96733
344 A	0.02153	0.01114	0.96734
345 A	0.02155	0.01094	0.96751
346 A	0.02165	0.01059	0.96776
347 T	0.02182	0.01019	0.96798
348 T	0.02184	0.01005	0.96811
349 T	0.02180	0.01010	0.96811
350 T	0.02176	0.01017	0.96807
351 C	0.02169	0.01032	0.96799
352 A	0.02166	0.01065	0.9677
353 A	0.02167	0.01096	0.96737
354 A	0.02178	0.01090	0.96731
355 G	0.02219	0.01050	0.96731
356 A	0.02306	0.00964	0.96729
357 T	0.02484	0.00750	0.96765
358 C	0.02536	0.00691	0.96773
359 G	0.02617	0.00618	0.96765
360 T	0.02882	0.00367	0.96751
361 T	0.02947	0.00303	0.9675
362 T	0.02964	0.00286	0.9675
363 T	0.02964	0.00286	0.9675
364 T	0.02953	0.00289	0.96757
365 C	0.02879	0.00355	0.96766
366 A	0.02739	0.00498	0.96763
367 G	0.02675	0.00562	0.96763
368 A	0.02612	0.00626	0.96763
369 A	0.02560	0.00677	0.96762
370 A	0.02538	0.00699	0.96763
371 G	0.02519	0.00709	0.96773
372 C	0.02510	0.00709	0.96781
373 G	0.02512	0.00704	0.96784
374 C	0.02520	0.00692	0.96787
375 A	0.02545	0.00667	0.96788
376 A	0.02576	0.00636	0.96788
377 T	0.02588	0.00624	0.96788
378 A	0.02592	0.00618	0.9679
379 A	0.02598	0.00611	0.96791
380 G	0.02604	0.00594	0.96802
381 T	0.02612	0.00574	0.96814
382 C	0.02621	0.00556	0.96823
383 T	0.02635	0.00539	0.96826
384 T	0.02637	0.00531	0.96832
385 T	0.02636	0.00525	0.96839
386 T	0.02633	0.00516	0.96851
387 T	0.02618	0.00520	0.96862
388 G	0.02594	0.00458	0.96948
389 G	0.02586	0.00339	0.97076
390 A	0.02581	0.00283	0.97136
391 A	0.02577	0.00224	0.97199
392 G	0.02577	0.00169	0.97254
393 T	0.02577	0.00148	0.97275
394 G	0.02576	0.00136	0.97287
395 G	0.02576	0.00128	0.97296
396 T	0.02576	0.00126	0.97297
397 T	0.02576	0.00125	0.97299
398 G	0.02574	0.00125	0.97301
399 G	0.02574	0.00124	0.97301
400 A	0.02574	0.00125	0.97302
401 C	0.02574	0.00124	0.97302
402 A	0.02574	0.00134	0.97293
403 T	0.02574	0.00149	0.97276
404 G	0.02570	0.00161	0.97269
405 G	0.02567	0.00176	0.97257
406 T	0.02565	0.00199	0.97236
407 T	0.02562	0.00209	0.97229
408 G	0.02559	0.00220	0.97222
409 A	0.02556	0.00225	0.97218
410 T	0.02558	0.00210	0.97233
411 T	0.02553	0.00196	0.97251
412 T	0.02534	0.00210	0.97255
413 G	0.02491	0.00257	0.97252
414 C	0.02461	0.00304	0.97234
415 G	0.02443	0.00355	0.97202
416 A	0.02437	0.00409	0.97154
417 T	0.02441	0.00414	0.97146
418 T	0.02441	0.00420	0.97139
419 T	0.02430	0.00437	0.97133
420 T	0.02406	0.00471	0.97123
421 C	0.02357	0.00536	0.97107
422 A	0.02334	0.00587	0.97079
423 A	0.02310	0.00641	0.97049
424 A	0.02301	0.00678	0.97021
425 A	0.02309	0.00686	0.97005
426 T	0.02328	0.00676	0.96995
427 A	0.02335	0.00684	0.96981
428 A	0.02348	0.00675	0.96976
429 T	0.02369	0.00658	0.96974
430 T	0.02373	0.00667	0.96961
431 T	0.02359	0.00689	0.96953
432 A	0.02344	0.00725	0.96931
433 A	0.02333	0.00771	0.96896
434 A	0.02323	0.00815	0.96862
435 A	0.02317	0.00841	0.96842
436 A	0.02324	0.00846	0.9683
437 T	0.02337	0.00817	0.96846
438 A	0.02329	0.00844	0.96827
439 G	0.02361	0.00845	0.96795
440 T	0.02370	0.00900	0.9673
441 T	0.02368	0.01024	0.96608
442 A	0.02361	0.01043	0.96596
443 A	0.02367	0.01027	0.96606
444 T	0.02379	0.00977	0.96644
445 A	0.02378	0.00959	0.96663
446 C	0.02395	0.00916	0.96689
447 T	0.02414	0.00893	0.96693
448 C	0.02399	0.00913	0.96688
449 A	0.02389	0.00936	0.96674
450 T	0.02394	0.00934	0.96672
451 A	0.02377	0.00953	0.9667
452 A	0.02369	0.00958	0.96673
453 T	0.02380	0.00945	0.96676
454 C	0.02371	0.00936	0.96693
455 A	0.02374	0.00958	0.96667
456 A	0.02404	0.00959	0.96637
457 A	0.02441	0.00925	0.96634
458 A	0.02483	0.00878	0.96639
459 T	0.02549	0.00806	0.96645
460 A	0.02573	0.00767	0.96661
461 C	0.02615	0.00683	0.96701
462 A	0.02660	0.00633	0.96708
463 G	0.02730	0.00558	0.96712
464 T	0.02852	0.00429	0.96718
465 T	0.02872	0.00403	0.96725
466 T	0.02871	0.00401	0.96727
467 T	0.02854	0.00407	0.9674
468 A	0.02817	0.00434	0.96749
469 G	0.02801	0.00446	0.96753
470 A	0.02791	0.00459	0.9675
471 T	0.02793	0.00432	0.96774
472 A	0.02794	0.00418	0.96788
473 T	0.02788	0.00409	0.96802
474 A	0.02773	0.00405	0.96822
475 G	0.02757	0.00404	0.9684
476 G	0.02755	0.00394	0.96851
477 A	0.02762	0.00371	0.96867
478 C	0.02796	0.00321	0.96883
479 A	0.02835	0.00278	0.96887
480 T	0.02851	0.00259	0.96891
481 C	0.02856	0.00252	0.96892
482 C	0.02858	0.00249	0.96893
483 T	0.02862	0.00248	0.9689
484 T	0.02864	0.00251	0.96885
485 T	0.02865	0.00268	0.96867
486 A	0.02865	0.00292	0.96843
487 T	0.02867	0.00317	0.96817
488 T	0.02866	0.00323	0.96811
489 A	0.02865	0.00330	0.96805
490 G	0.02867	0.00315	0.96818
491 G	0.02877	0.00282	0.96841
492 T	0.02889	0.00264	0.96848
493 T	0.02901	0.00257	0.96842
494 T	0.02902	0.00267	0.96831
495 A	0.02894	0.00281	0.96825
496 G	0.02889	0.00290	0.96822
497 A	0.02886	0.00291	0.96823
498 T	0.02885	0.00279	0.96835
499 G	0.02884	0.00280	0.96836
500 T	0.02883	0.00289	0.96828
501 A	0.02879	0.00303	0.96817
502 T	0.02875	0.00318	0.96806
503 G	0.02871	0.00332	0.96797
504 G	0.02869	0.00335	0.96796
505 G	0.02868	0.00338	0.96794
506 A	0.02871	0.00336	0.96792
507 A	0.02878	0.00329	0.96793
508 C	0.02899	0.00305	0.96795
509 A	0.02928	0.00276	0.96796
510 T	0.02966	0.00237	0.96797
511 T	0.02987	0.00216	0.96797
512 C	0.02999	0.00204	0.96797
513 T	0.03010	0.00203	0.96787
514 T	0.03016	0.00212	0.96771
515 A	0.03021	0.00230	0.96749
516 T	0.03036	0.00230	0.96735
517 T	0.03052	0.00247	0.96701
518 A	0.03061	0.00258	0.96682
519 T	0.03074	0.00253	0.96673
520 T	0.03077	0.00264	0.9666
521 T	0.03017	0.00346	0.96637
522 A	0.02944	0.00448	0.96608
523 A	0.02876	0.00561	0.96563
524 A	0.02855	0.00599	0.96547
525 T	0.02856	0.00595	0.96548
526 T	0.02829	0.00623	0.96549
527 A	0.02774	0.00680	0.96546
528 T	0.02726	0.00732	0.96543
529 C	0.02625	0.00836	0.96539
530 A	0.02531	0.00935	0.96533
531 A	0.02485	0.00982	0.96533
532 A	0.02449	0.01019	0.96532
533 A	0.02422	0.01046	0.96532
534 C	0.02410	0.01059	0.96532
535 C	0.02406	0.01062	0.96532
536 G	0.02412	0.01057	0.96531
537 C	0.02429	0.01039	0.96532
538 C	0.02455	0.01015	0.96531
539 G	0.02473	0.00999	0.96528
540 T	0.02519	0.00955	0.96525
541 T	0.02548	0.00928	0.96524
542 T	0.02556	0.00920	0.96523
543 A	0.02553	0.00920	0.96528
544 G	0.02556	0.00849	0.96594
545 A	0.02571	0.00766	0.96664
546 T	0.02609	0.00654	0.96737
547 T	0.02613	0.00618	0.96769
548 A	0.02597	0.00628	0.96775
549 T	0.02585	0.00607	0.96808
550 A	0.02554	0.00597	0.96849
551 T	0.02544	0.00555	0.96901
552 A	0.02506	0.00515	0.96979
553 G	0.02490	0.00448	0.97062
554 A	0.02485	0.00413	0.97102
555 A	0.02484	0.00376	0.9714
556 G	0.02481	0.00348	0.97171
557 C	0.02481	0.00329	0.9719
558 T	0.02482	0.00328	0.97189
559 T	0.02481	0.00341	0.97178
560 T	0.02480	0.00354	0.97167
561 T	0.02477	0.00369	0.97154
562 T	0.02471	0.00393	0.97137
563 A	0.02460	0.00433	0.97108
564 T	0.02453	0.00463	0.97084
565 A	0.02444	0.00499	0.97057
566 A	0.02427	0.00540	0.97033
567 T	0.02422	0.00567	0.97012
568 G	0.02400	0.00637	0.96964
569 T	0.02387	0.00661	0.96952
570 T	0.02347	0.00726	0.96926
571 A	0.02278	0.00866	0.96856
572 T	0.02246	0.00943	0.96811
573 C	0.02214	0.00996	0.96791
574 A	0.02170	0.01194	0.96636
575 A	0.02147	0.01252	0.96602
576 T	0.02132	0.01278	0.9659
577 T	0.02099	0.01333	0.96568
578 G	0.02063	0.01400	0.96537
579 G	0.02047	0.01416	0.96536
580 A	0.02041	0.01430	0.96529
581 G	0.02041	0.01440	0.9652
582 T	0.02050	0.01450	0.965
583 C	0.02052	0.01489	0.96459
584 A	0.02002	0.01934	0.96065
585 A	0.01988	0.02282	0.95731
586 G	0.01999	0.02494	0.95507
587 T	0.02014	0.02662	0.95325
588 A	0.02018	0.02867	0.95115
589 G	0.02038	0.02933	0.95029
590 A	0.02067	0.02998	0.94936
591 A	0.02117	0.03015	0.94869
592 A	0.02138	0.03076	0.94787
593 A	0.02197	0.03089	0.94713
594 A	0.02327	0.03099	0.94574
595 T	0.02430	0.03242	0.94328
596 A	0.02477	0.03405	0.94117
597 T	0.02599	0.03300	0.94101
598 T	0.02591	0.03384	0.94025
599 T	0.02524	0.03502	0.93973
600 A	0.02359	0.03707	0.93934
601 C	0.02254	0.03824	0.93922
602 A	0.02130	0.04068	0.93803
603 A	0.02018	0.04237	0.93745
604 A	0.02015	0.04240	0.93744
605 A	0.02044	0.04205	0.93751
606 A	0.02110	0.04132	0.93759
607 G	0.02528	0.03641	0.93831
608 C	0.02925	0.03214	0.9386
609 T	0.03192	0.02938	0.9387
610 A	0.03322	0.02804	0.93874
611 T	0.03427	0.02691	0.93882
612 C	0.03350	0.02788	0.93862
613 G	0.02988	0.03275	0.93737
614 A	0.02741	0.03744	0.93515
615 A	0.02642	0.03948	0.9341
616 A	0.02613	0.04110	0.93277
617 A	0.02811	0.03933	0.93256
618 T	0.03143	0.03594	0.93262
619 A	0.03339	0.03390	0.93271
620 A	0.03458	0.03235	0.93307
621 T	0.03616	0.02992	0.93392
622 T	0.03708	0.02800	0.93491
623 T	0.03755	0.02606	0.93638
624 A	0.03778	0.02493	0.93729
625 T	0.03853	0.02310	0.93837
626 C	0.03880	0.02184	0.93936
627 T	0.03888	0.02160	0.93952
628 T	0.03893	0.02146	0.93961
629 T	0.03896	0.02138	0.93966
630 G	0.03897	0.02135	0.93969
631 A	0.03898	0.02131	0.93971
632 A	0.03902	0.02108	0.93989
633 A	0.03913	0.02057	0.9403
634 A	0.03938	0.01976	0.94086
635 A	0.03994	0.01773	0.94234
636 A	0.04141	0.01217	0.94641
637 T	0.04385	0.00627	0.94988
638 A	0.04483	0.00323	0.95194
639 A	0.04614	0.00000	0.95387
