# lcl|CP097583.1_cds_USQ93206.1_1
# AA	inside	membr	outside
1 A	0.10520	0.00000	0.8948
2 T	0.10266	0.00254	0.8948
3 G	0.10042	0.00479	0.8948
4 G	0.10042	0.04505	0.85454
5 A	0.07300	0.14230	0.78471
6 G	0.07300	0.14733	0.77968
7 A	0.05545	0.16849	0.77607
8 T	0.05545	0.16853	0.77602
9 A	0.05331	0.17123	0.77546
10 A	0.05331	0.19135	0.75535
11 T	0.05318	0.19204	0.75478
12 T	0.04444	0.20102	0.75455
13 A	0.02828	0.21804	0.75369
14 A	0.02827	0.21805	0.75369
15 T	0.02827	0.22230	0.74943
16 A	0.02709	0.22348	0.74943
17 T	0.02559	0.22512	0.74929
18 A	0.02545	0.22600	0.74855
19 A	0.02314	0.22882	0.74804
20 A	0.01880	0.23714	0.74407
21 A	0.01389	0.24199	0.74411
22 A	0.01396	0.24199	0.74404
23 A	0.01497	0.24044	0.74458
24 T	0.02044	0.23436	0.74519
25 A	0.02502	0.22560	0.74937
26 A	0.02889	0.21874	0.75236
27 A	0.06516	0.17775	0.75709
28 T	0.12847	0.08981	0.78171
29 C	0.13342	0.08218	0.78441
30 T	0.14492	0.06112	0.79395
31 T	0.14689	0.05870	0.7944
32 T	0.14791	0.05640	0.79569
33 T	0.15330	0.05038	0.79631
34 T	0.15244	0.05111	0.79645
35 T	0.15177	0.04355	0.80467
36 A	0.13820	0.04490	0.81691
37 A	0.13206	0.05360	0.81434
38 A	0.12489	0.06175	0.81336
39 A	0.09875	0.09255	0.8087
40 A	0.08941	0.10202	0.80857
41 G	0.08946	0.10142	0.80911
42 T	0.08975	0.10000	0.81025
43 A	0.09191	0.09484	0.81325
44 T	0.09150	0.09199	0.81651
45 T	0.09113	0.09215	0.81673
46 C	0.08963	0.09354	0.81684
47 A	0.08711	0.09606	0.81684
48 T	0.08616	0.09698	0.81686
49 C	0.08554	0.09758	0.81687
50 C	0.08528	0.09785	0.81687
51 T	0.08525	0.09790	0.81686
52 T	0.08508	0.09805	0.81687
53 C	0.08470	0.09843	0.81687
54 T	0.08461	0.09855	0.81684
55 T	0.08426	0.09885	0.81688
56 T	0.08361	0.09898	0.81742
57 A	0.08138	0.10039	0.81822
58 A	0.08055	0.10043	0.81903
59 A	0.08096	0.08583	0.83321
60 A	0.08336	0.07580	0.84084
61 A	0.08511	0.06310	0.85179
62 T	0.09207	0.03189	0.87604
63 T	0.09436	0.02095	0.88469
64 A	0.09497	0.01898	0.88605
65 T	0.09593	0.01670	0.88737
66 T	0.09594	0.01563	0.88843
67 T	0.09589	0.01489	0.88921
68 T	0.09562	0.01464	0.88975
69 A	0.09500	0.01444	0.89056
70 T	0.09474	0.01283	0.89243
71 T	0.09435	0.01275	0.8929
72 T	0.09375	0.01300	0.89325
73 A	0.09310	0.01362	0.89327
74 T	0.09276	0.01375	0.8935
75 T	0.09216	0.01411	0.89374
76 T	0.09150	0.01485	0.89364
77 T	0.09061	0.01548	0.8939
78 A	0.08971	0.01605	0.89424
79 A	0.08934	0.01580	0.89486
80 T	0.08913	0.01409	0.89677
81 T	0.08838	0.01418	0.89744
82 T	0.08558	0.01698	0.89744
83 T	0.08279	0.01987	0.89734
84 T	0.07844	0.02451	0.89704
85 A	0.07334	0.02984	0.89682
86 A	0.07184	0.03141	0.89675
87 A	0.07121	0.03207	0.89671
88 A	0.07109	0.03220	0.8967
89 T	0.07148	0.03159	0.89693
90 T	0.07168	0.03121	0.89711
91 A	0.07190	0.03071	0.89739
92 T	0.07235	0.02960	0.89805
93 T	0.07244	0.02916	0.89841
94 T	0.07222	0.02905	0.89873
95 T	0.07182	0.02894	0.89924
96 T	0.07149	0.02889	0.89962
97 A	0.07114	0.02914	0.89972
98 G	0.07108	0.02864	0.90027
99 T	0.07150	0.02771	0.90078
100 T	0.07147	0.02711	0.90142
101 T	0.07133	0.02686	0.90181
102 A	0.07038	0.02768	0.90194
103 A	0.07012	0.02755	0.90232
104 A	0.07009	0.02635	0.90356
105 T	0.07022	0.02242	0.90736
106 T	0.07033	0.01922	0.91045
107 T	0.07035	0.01560	0.91405
108 G	0.07006	0.01241	0.91753
109 G	0.06991	0.01177	0.91832
110 A	0.06990	0.01174	0.91836
111 T	0.06997	0.01161	0.91842
112 T	0.06980	0.01213	0.91807
113 T	0.06932	0.01363	0.91706
114 A	0.06783	0.01834	0.91383
115 A	0.06666	0.02008	0.91326
116 A	0.06411	0.02318	0.9127
117 T	0.06363	0.02354	0.91282
118 G	0.06233	0.02534	0.91233
119 C	0.06064	0.02942	0.90993
120 T	0.05964	0.03510	0.90526
121 A	0.05794	0.04129	0.90078
122 A	0.05352	0.05060	0.89588
123 A	0.05183	0.05361	0.89456
124 T	0.05138	0.05399	0.89463
125 T	0.04985	0.05459	0.89555
126 A	0.04776	0.05640	0.89585
127 A	0.04652	0.05732	0.89616
128 C	0.04595	0.05749	0.89656
129 A	0.04545	0.05785	0.89669
130 T	0.04531	0.05779	0.89689
131 T	0.04491	0.05797	0.89712
132 A	0.04400	0.05874	0.89726
133 C	0.04387	0.05874	0.89739
134 A	0.04382	0.05866	0.89751
135 A	0.04404	0.05814	0.89782
136 A	0.04493	0.05676	0.89831
137 A	0.04780	0.05270	0.8995
138 A	0.04866	0.05082	0.90051
139 C	0.05011	0.04576	0.90413
140 A	0.05142	0.04370	0.90488
141 A	0.05382	0.03986	0.90632
142 T	0.05839	0.03358	0.90803
143 T	0.06295	0.02786	0.90919
144 A	0.06606	0.02353	0.9104
145 T	0.07024	0.01390	0.91586
146 T	0.07128	0.01040	0.91832
147 T	0.07141	0.00910	0.91949
148 T	0.07150	0.00754	0.92096
149 A	0.07155	0.00585	0.92261
150 T	0.07164	0.00449	0.92388
151 T	0.07169	0.00364	0.92467
152 T	0.07171	0.00288	0.92542
153 T	0.07170	0.00239	0.92591
154 T	0.07166	0.00186	0.92649
155 C	0.07159	0.00120	0.92721
156 T	0.07155	0.00110	0.92735
157 T	0.07154	0.00100	0.92746
158 A	0.07151	0.00099	0.92751
159 T	0.07150	0.00096	0.92755
160 T	0.07148	0.00096	0.92757
161 T	0.07144	0.00093	0.92763
162 T	0.07141	0.00094	0.92766
163 A	0.07137	0.00095	0.92767
164 T	0.07137	0.00094	0.9277
165 T	0.07137	0.00092	0.92771
166 T	0.07137	0.00091	0.92772
167 T	0.07138	0.00089	0.92773
168 T	0.07138	0.00088	0.92775
169 T	0.07137	0.00087	0.92776
170 T	0.07135	0.00087	0.92777
171 T	0.07134	0.00087	0.92779
172 A	0.07132	0.00086	0.92782
173 T	0.07132	0.00082	0.92785
174 T	0.07129	0.00083	0.92788
175 T	0.07123	0.00087	0.9279
176 T	0.07113	0.00099	0.92789
177 T	0.07107	0.00108	0.92784
178 A	0.07101	0.00114	0.92785
179 T	0.07100	0.00112	0.92788
180 T	0.07096	0.00114	0.9279
181 T	0.07093	0.00118	0.9279
182 T	0.07077	0.00134	0.92788
183 T	0.07055	0.00161	0.92784
184 G	0.07022	0.00210	0.92768
185 T	0.07004	0.00239	0.92757
186 T	0.06979	0.00287	0.92733
187 T	0.06934	0.00385	0.92681
188 T	0.06857	0.00494	0.92649
189 A	0.06748	0.00629	0.92622
190 T	0.06706	0.00688	0.92606
191 T	0.06656	0.00750	0.92593
192 A	0.06583	0.00833	0.92584
193 T	0.06547	0.00871	0.92581
194 T	0.06513	0.00908	0.92579
195 A	0.06432	0.00989	0.92579
196 A	0.06409	0.01010	0.92581
197 A	0.06401	0.01014	0.92585
198 A	0.06396	0.01012	0.92592
199 C	0.06386	0.01010	0.92604
200 T	0.06381	0.01013	0.92607
201 T	0.06364	0.01028	0.92609
202 A	0.06336	0.01055	0.92609
203 T	0.06326	0.01061	0.92613
204 T	0.06303	0.01080	0.92616
205 G	0.06269	0.01094	0.92637
206 A	0.06256	0.01082	0.92661
207 T	0.06270	0.01031	0.92699
208 A	0.06267	0.01014	0.92719
209 A	0.06289	0.00962	0.92749
210 T	0.06352	0.00845	0.92803
211 T	0.06379	0.00746	0.92875
212 T	0.06388	0.00631	0.9298
213 T	0.06379	0.00596	0.93026
214 T	0.06364	0.00576	0.9306
215 T	0.06247	0.00649	0.93104
216 C	0.05942	0.00937	0.9312
217 A	0.05667	0.01219	0.93115
218 T	0.05440	0.01418	0.93142
219 A	0.04998	0.01882	0.93119
220 A	0.04701	0.02216	0.93084
221 A	0.04589	0.02350	0.9306
222 A	0.04530	0.02392	0.93078
223 T	0.04512	0.02385	0.93103
224 T	0.04470	0.02411	0.9312
225 T	0.04374	0.02510	0.93116
226 A	0.04143	0.02810	0.93047
227 T	0.04021	0.03010	0.92968
228 A	0.03832	0.03195	0.92972
229 A	0.03725	0.03294	0.92981
230 G	0.03663	0.03345	0.92992
231 A	0.03631	0.03367	0.93002
232 C	0.03621	0.03366	0.93013
233 A	0.03620	0.03370	0.9301
234 A	0.03633	0.03353	0.93014
235 A	0.03646	0.03326	0.93028
236 T	0.03677	0.03259	0.93064
237 T	0.03700	0.03202	0.93099
238 T	0.03714	0.03005	0.93281
239 T	0.03722	0.02690	0.93588
240 A	0.03727	0.02438	0.93836
241 A	0.03733	0.02222	0.94046
242 A	0.03757	0.01811	0.94432
243 T	0.03800	0.01483	0.94717
244 T	0.03828	0.01339	0.94833
245 T	0.03840	0.01261	0.94899
246 A	0.03839	0.01225	0.94936
247 A	0.03852	0.01148	0.94999
248 A	0.03880	0.00992	0.95128
249 G	0.03959	0.00657	0.95384
250 T	0.04063	0.00428	0.95508
251 T	0.04092	0.00250	0.95658
252 T	0.04105	0.00160	0.95735
253 T	0.04111	0.00108	0.95781
254 T	0.04116	0.00079	0.95805
255 T	0.04119	0.00065	0.95817
256 T	0.04123	0.00054	0.95823
257 T	0.04125	0.00048	0.95827
258 T	0.04126	0.00045	0.95828
259 C	0.04127	0.00042	0.95831
260 T	0.04129	0.00040	0.95831
261 T	0.04130	0.00039	0.95831
262 T	0.04132	0.00037	0.95832
263 T	0.04133	0.00035	0.95832
264 T	0.04135	0.00032	0.95833
265 T	0.04136	0.00028	0.95836
266 G	0.04137	0.00027	0.95836
267 T	0.04138	0.00026	0.95835
268 T	0.04139	0.00027	0.95834
269 T	0.04138	0.00027	0.95835
270 T	0.04125	0.00042	0.95833
271 T	0.04107	0.00064	0.95828
272 T	0.04079	0.00100	0.95821
273 T	0.04033	0.00149	0.95818
274 C	0.03923	0.00264	0.95814
275 T	0.03828	0.00381	0.95791
276 T	0.03679	0.00570	0.95751
277 C	0.03324	0.01000	0.95676
278 A	0.03052	0.01602	0.95347
279 T	0.02967	0.01811	0.95222
280 G	0.02856	0.01943	0.95201
281 T	0.02795	0.02022	0.95182
282 T	0.02730	0.02090	0.9518
283 T	0.02680	0.02141	0.95179
284 C	0.02613	0.02208	0.95179
285 A	0.02559	0.02263	0.95177
286 C	0.02540	0.02283	0.95177
287 C	0.02530	0.02294	0.95175
288 A	0.02514	0.02315	0.95171
289 A	0.02509	0.02322	0.95169
290 A	0.02508	0.02325	0.95168
291 A	0.02506	0.02327	0.95167
292 G	0.02508	0.02323	0.95169
293 A	0.02510	0.02303	0.95187
294 A	0.02513	0.02272	0.95215
295 A	0.02520	0.02222	0.95257
296 A	0.02526	0.02155	0.9532
297 A	0.02536	0.02012	0.95452
298 G	0.02568	0.01842	0.9559
299 A	0.02624	0.01634	0.95742
300 A	0.02715	0.01227	0.96058
301 T	0.03043	0.00632	0.96324
302 T	0.03145	0.00429	0.96427
303 T	0.03161	0.00298	0.96542
304 T	0.03168	0.00213	0.96619
305 C	0.03169	0.00147	0.96684
306 T	0.03170	0.00132	0.96698
307 T	0.03170	0.00104	0.96726
308 T	0.03170	0.00082	0.96747
309 T	0.03164	0.00091	0.96745
310 T	0.03161	0.00114	0.96725
311 C	0.03154	0.00142	0.96704
312 T	0.03149	0.00209	0.96642
313 A	0.03142	0.00269	0.9659
314 T	0.03142	0.00279	0.96579
315 T	0.03139	0.00282	0.96579
316 T	0.03135	0.00286	0.9658
317 T	0.03130	0.00290	0.96581
318 C	0.03120	0.00299	0.96582
319 C	0.03093	0.00326	0.96581
320 C	0.03073	0.00346	0.96581
321 T	0.03044	0.00377	0.96579
322 A	0.03011	0.00414	0.96575
323 A	0.03003	0.00425	0.96573
324 T	0.02994	0.00435	0.9657
325 G	0.02986	0.00447	0.96567
326 A	0.02983	0.00452	0.96565
327 T	0.02983	0.00454	0.96564
328 A	0.02980	0.00455	0.96565
329 T	0.02986	0.00448	0.96566
330 A	0.02985	0.00446	0.96568
331 A	0.02991	0.00436	0.96572
332 C	0.03011	0.00408	0.96581
333 A	0.03049	0.00365	0.96586
334 T	0.03096	0.00311	0.96593
335 T	0.03149	0.00253	0.96599
336 C	0.03181	0.00214	0.96606
337 T	0.03189	0.00205	0.96606
338 T	0.03190	0.00199	0.96611
339 T	0.03190	0.00194	0.96616
340 T	0.03188	0.00190	0.96622
341 T	0.03186	0.00186	0.96628
342 T	0.03179	0.00164	0.96658
343 A	0.03170	0.00153	0.96676
344 G	0.03166	0.00128	0.96705
345 T	0.03168	0.00099	0.96733
346 A	0.03167	0.00093	0.9674
347 T	0.03169	0.00084	0.96747
348 T	0.03170	0.00076	0.96754
349 A	0.03171	0.00074	0.96755
350 T	0.03172	0.00070	0.96758
351 T	0.03172	0.00068	0.9676
352 T	0.03172	0.00068	0.96761
353 T	0.03171	0.00067	0.96762
354 G	0.03168	0.00070	0.96762
355 T	0.03167	0.00072	0.96762
356 T	0.03166	0.00074	0.96761
357 T	0.03164	0.00075	0.96761
358 T	0.03163	0.00077	0.96761
359 T	0.03161	0.00079	0.96761
360 A	0.03159	0.00080	0.96761
361 T	0.03159	0.00079	0.96762
362 A	0.03159	0.00078	0.96764
363 T	0.03159	0.00074	0.96766
364 T	0.03159	0.00072	0.9677
365 T	0.03155	0.00068	0.96777
366 T	0.03149	0.00068	0.96783
367 G	0.03135	0.00077	0.96789
368 T	0.03132	0.00079	0.9679
369 A	0.03128	0.00081	0.96791
370 T	0.03128	0.00080	0.96792
371 C	0.03126	0.00081	0.96793
372 A	0.03127	0.00082	0.96791
373 T	0.03126	0.00084	0.96789
374 T	0.03125	0.00088	0.96788
375 T	0.03119	0.00096	0.96786
376 T	0.03107	0.00113	0.9678
377 T	0.03077	0.00154	0.96769
378 T	0.02962	0.00294	0.96744
379 T	0.02774	0.00558	0.96668
380 T	0.02430	0.00968	0.96602
381 A	0.01919	0.01602	0.96478
382 A	0.01572	0.02024	0.96405
383 T	0.01360	0.02267	0.96372
384 A	0.01053	0.02609	0.96339
385 A	0.00848	0.02842	0.9631
386 A	0.00758	0.02933	0.96308
387 A	0.00713	0.02977	0.9631
388 A	0.00690	0.02996	0.96314
389 A	0.00679	0.02999	0.96322
390 C	0.00675	0.02989	0.96336
391 G	0.00673	0.02989	0.96338
392 A	0.00672	0.02989	0.96339
393 A	0.00672	0.02989	0.96338
394 T	0.00673	0.02987	0.9634
395 A	0.00674	0.02986	0.96341
396 T	0.00675	0.02977	0.96348
397 A	0.00675	0.02969	0.96356
398 A	0.00678	0.02946	0.96377
399 A	0.00684	0.02898	0.96418
400 A	0.00704	0.02793	0.96503
401 A	0.00742	0.02556	0.96702
402 T	0.00848	0.02137	0.97014
403 G	0.00920	0.01685	0.97395
404 T	0.01054	0.01100	0.97846
405 T	0.01113	0.00764	0.98124
406 T	0.01132	0.00577	0.98291
407 A	0.01145	0.00367	0.98488
408 T	0.01166	0.00185	0.9865
409 T	0.01168	0.00108	0.98724
410 T	0.01169	0.00069	0.98762
411 T	0.01169	0.00054	0.98777
412 T	0.01169	0.00048	0.98783
413 T	0.01169	0.00048	0.98783
414 A	0.01167	0.00051	0.98782
415 A	0.01167	0.00051	0.98782
416 T	0.01169	0.00048	0.98782
417 T	0.01170	0.00050	0.9878
418 A	0.01171	0.00052	0.98777
419 T	0.01172	0.00052	0.98776
420 T	0.01173	0.00052	0.98774
421 T	0.01173	0.00056	0.98771
422 T	0.01174	0.00056	0.9877
423 T	0.01174	0.00058	0.98768
424 T	0.01174	0.00060	0.98767
425 T	0.01174	0.00061	0.98765
426 C	0.01173	0.00064	0.98763
427 T	0.01174	0.00068	0.98758
428 T	0.01174	0.00070	0.98755
429 T	0.01175	0.00072	0.98753
430 G	0.01175	0.00074	0.98751
431 T	0.01177	0.00074	0.98749
432 T	0.01178	0.00076	0.98746
433 A	0.01180	0.00081	0.9874
434 T	0.01184	0.00084	0.98732
435 T	0.01188	0.00088	0.98725
436 A	0.01189	0.00096	0.98714
437 T	0.01192	0.00099	0.98709
438 A	0.01193	0.00098	0.98709
439 T	0.01195	0.00095	0.98709
440 T	0.01199	0.00092	0.98709
441 A	0.01201	0.00090	0.98709
442 C	0.01202	0.00088	0.9871
443 C	0.01205	0.00086	0.9871
444 T	0.01206	0.00085	0.98709
445 A	0.01201	0.00091	0.98709
446 G	0.01200	0.00091	0.98709
447 T	0.01203	0.00089	0.98708
448 C	0.01204	0.00089	0.98706
449 T	0.01207	0.00095	0.98699
450 T	0.01209	0.00094	0.98697
451 T	0.01206	0.00103	0.9869
452 T	0.01173	0.00143	0.98685
453 A	0.01136	0.00187	0.98677
454 C	0.01119	0.00205	0.98676
455 A	0.01110	0.00216	0.98675
456 A	0.01111	0.00215	0.98674
457 T	0.01118	0.00207	0.98675
458 C	0.01119	0.00205	0.98675
459 T	0.01125	0.00199	0.98675
460 T	0.01126	0.00197	0.98677
461 C	0.01120	0.00203	0.98677
462 G	0.01112	0.00212	0.98676
463 T	0.01106	0.00221	0.98673
464 T	0.01093	0.00237	0.98669
465 A	0.01075	0.00256	0.98669
466 A	0.01065	0.00266	0.98669
467 A	0.01056	0.00273	0.98672
468 T	0.01051	0.00271	0.98679
469 C	0.01036	0.00282	0.98682
470 A	0.01030	0.00288	0.98682
471 A	0.01030	0.00287	0.98683
472 G	0.01037	0.00278	0.98686
473 A	0.01041	0.00271	0.98688
474 T	0.01049	0.00257	0.98694
475 T	0.01055	0.00210	0.98735
476 T	0.01062	0.00169	0.98769
477 T	0.01062	0.00152	0.98786
478 T	0.01062	0.00143	0.98795
479 T	0.01061	0.00141	0.98798
480 T	0.01057	0.00148	0.98795
481 T	0.01045	0.00171	0.98785
482 T	0.01010	0.00231	0.98759
483 A	0.00950	0.00331	0.98719
484 A	0.00909	0.00430	0.98662
485 A	0.00889	0.00468	0.98643
486 A	0.00884	0.00475	0.98641
487 T	0.00885	0.00464	0.98651
488 T	0.00880	0.00460	0.9866
489 A	0.00875	0.00466	0.98659
490 T	0.00873	0.00463	0.98663
491 A	0.00870	0.00471	0.98659
492 T	0.00868	0.00470	0.98662
493 T	0.00861	0.00491	0.98648
494 T	0.00852	0.00519	0.98629
495 T	0.00828	0.00603	0.9857
496 G	0.00783	0.00700	0.98517
497 A	0.00756	0.00769	0.98474
498 T	0.00742	0.00806	0.98451
499 A	0.00721	0.00850	0.98429
500 A	0.00709	0.00871	0.98419
501 A	0.00705	0.00878	0.98417
502 A	0.00706	0.00876	0.98419
503 A	0.00714	0.00859	0.98428
504 A	0.00733	0.00823	0.98444
505 G	0.00764	0.00755	0.98481
506 A	0.00808	0.00661	0.98531
507 T	0.00874	0.00558	0.98568
508 T	0.00898	0.00517	0.98586
509 T	0.00907	0.00501	0.98592
510 A	0.00910	0.00494	0.98596
511 T	0.00917	0.00482	0.98602
512 T	0.00922	0.00472	0.98606
513 A	0.00925	0.00466	0.98608
514 A	0.00934	0.00453	0.98613
515 A	0.00951	0.00430	0.9862
516 T	0.00983	0.00384	0.98633
517 A	0.01010	0.00343	0.98647
518 T	0.01084	0.00239	0.98676
519 T	0.01137	0.00147	0.98716
520 T	0.01170	0.00091	0.98739
521 T	0.01184	0.00066	0.98751
522 T	0.01196	0.00039	0.98765
523 T	0.01200	0.00027	0.98773
524 T	0.01203	0.00021	0.98776
525 T	0.01203	0.00019	0.98779
526 A	0.01202	0.00020	0.98778
527 T	0.01202	0.00020	0.98778
528 T	0.01202	0.00019	0.98778
529 T	0.01202	0.00019	0.98779
530 T	0.01202	0.00020	0.98779
531 T	0.01201	0.00020	0.98779
532 T	0.01200	0.00021	0.98779
533 T	0.01199	0.00022	0.98779
534 A	0.01198	0.00023	0.98779
535 C	0.01198	0.00023	0.98779
536 G	0.01199	0.00022	0.9878
537 T	0.01199	0.00022	0.98778
538 A	0.01200	0.00022	0.98777
539 T	0.01201	0.00022	0.98777
540 T	0.01201	0.00022	0.98777
541 T	0.01201	0.00021	0.98777
542 G	0.01201	0.00021	0.98777
543 T	0.01202	0.00020	0.98777
544 T	0.01203	0.00019	0.98778
545 T	0.01203	0.00018	0.98778
546 G	0.01204	0.00017	0.98779
547 T	0.01204	0.00016	0.98779
548 T	0.01205	0.00015	0.98779
549 T	0.01205	0.00014	0.9878
550 T	0.01205	0.00015	0.9878
551 T	0.01205	0.00016	0.98779
552 T	0.01205	0.00016	0.98779
553 A	0.01205	0.00016	0.98779
554 T	0.01205	0.00016	0.98778
555 G	0.01205	0.00017	0.98778
556 C	0.01205	0.00021	0.98774
557 T	0.01204	0.00044	0.98752
558 T	0.01202	0.00084	0.98713
559 A	0.01202	0.00128	0.9867
560 A	0.01202	0.00144	0.98654
561 T	0.01202	0.00152	0.98646
562 T	0.01202	0.00163	0.98635
563 T	0.01202	0.00171	0.98627
564 T	0.01201	0.00179	0.9862
565 T	0.01199	0.00186	0.98615
566 T	0.01195	0.00193	0.98611
567 A	0.01157	0.00238	0.98605
568 A	0.01142	0.00256	0.98602
569 T	0.01138	0.00260	0.98602
570 T	0.01132	0.00267	0.98602
571 A	0.01118	0.00281	0.98601
572 A	0.01108	0.00291	0.98601
573 C	0.01102	0.00297	0.98601
574 C	0.01084	0.00315	0.98601
575 A	0.01073	0.00326	0.98601
576 A	0.01065	0.00334	0.98601
577 A	0.01060	0.00340	0.986
578 C	0.01058	0.00341	0.98601
579 A	0.01063	0.00336	0.98601
580 A	0.01089	0.00309	0.98603
581 C	0.01133	0.00263	0.98604
582 T	0.01177	0.00218	0.98605
583 T	0.01191	0.00205	0.98605
584 C	0.01196	0.00199	0.98605
585 T	0.01206	0.00191	0.98603
586 T	0.01210	0.00189	0.98601
587 T	0.01208	0.00188	0.98604
588 T	0.01199	0.00196	0.98606
589 A	0.01181	0.00211	0.98607
590 T	0.01169	0.00186	0.98645
591 C	0.01111	0.00233	0.98655
592 G	0.01063	0.00298	0.98639
593 A	0.01040	0.00340	0.9862
594 A	0.01034	0.00361	0.98605
595 A	0.01032	0.00366	0.98602
596 T	0.01031	0.00365	0.98604
597 T	0.01030	0.00348	0.98622
598 A	0.01028	0.00341	0.9863
599 A	0.01026	0.00335	0.98638
600 A	0.01024	0.00330	0.98646
601 G	0.01021	0.00326	0.98654
602 A	0.01019	0.00324	0.98657
603 C	0.01019	0.00322	0.98658
604 G	0.01019	0.00330	0.9865
605 G	0.01020	0.00334	0.98646
606 T	0.01021	0.00339	0.9864
607 T	0.01022	0.00344	0.98635
608 T	0.01024	0.00347	0.98629
609 A	0.01024	0.00353	0.98624
610 G	0.01024	0.00351	0.98625
611 A	0.01024	0.00354	0.98621
612 A	0.01027	0.00338	0.98635
613 A	0.01036	0.00316	0.98648
614 T	0.01058	0.00242	0.987
615 T	0.01080	0.00183	0.98738
616 C	0.01093	0.00154	0.98753
617 T	0.01104	0.00155	0.98741
618 T	0.01105	0.00189	0.98705
619 T	0.01100	0.00249	0.98651
620 T	0.01076	0.00331	0.98592
621 A	0.01032	0.00386	0.98582
622 A	0.01010	0.00406	0.98583
623 A	0.01001	0.00414	0.98585
624 A	0.00999	0.00413	0.98589
625 C	0.01001	0.00408	0.98591
626 C	0.01006	0.00404	0.98591
627 T	0.01017	0.00393	0.98589
628 C	0.01022	0.00390	0.98588
629 T	0.01029	0.00386	0.98584
630 T	0.01031	0.00389	0.98579
631 A	0.01030	0.00402	0.98567
632 A	0.01033	0.00410	0.98558
633 A	0.01036	0.00426	0.98538
634 A	0.01053	0.00419	0.98528
635 T	0.01061	0.00412	0.98526
636 A	0.01066	0.00411	0.98522
637 A	0.01077	0.00403	0.9852
638 T	0.01097	0.00383	0.9852
639 T	0.01109	0.00369	0.98522
640 A	0.01118	0.00358	0.98523
641 A	0.01146	0.00325	0.98529
642 A	0.01194	0.00266	0.9854
643 T	0.01245	0.00188	0.98567
644 T	0.01255	0.00140	0.98606
645 T	0.01256	0.00120	0.98624
646 C	0.01256	0.00112	0.98632
647 C	0.01256	0.00110	0.98633
648 T	0.01256	0.00112	0.98632
649 G	0.01256	0.00114	0.9863
650 T	0.01257	0.00114	0.98629
651 T	0.01259	0.00113	0.98628
652 G	0.01261	0.00113	0.98626
653 A	0.01265	0.00109	0.98626
654 A	0.01277	0.00094	0.98629
655 A	0.01288	0.00080	0.98632
656 T	0.01311	0.00053	0.98636
657 T	0.01324	0.00039	0.98636
658 T	0.01329	0.00034	0.98637
659 T	0.01332	0.00030	0.98639
660 T	0.01333	0.00028	0.98639
661 T	0.01333	0.00027	0.9864
662 C	0.01332	0.00028	0.9864
663 T	0.01332	0.00028	0.9864
664 C	0.01332	0.00029	0.9864
665 T	0.01331	0.00032	0.98638
666 T	0.01329	0.00035	0.98636
667 A	0.01328	0.00039	0.98633
668 T	0.01328	0.00040	0.98633
669 G	0.01327	0.00043	0.9863
670 A	0.01328	0.00042	0.9863
671 T	0.01330	0.00039	0.98631
672 T	0.01333	0.00035	0.98632
673 T	0.01334	0.00034	0.98632
674 C	0.01335	0.00032	0.98633
675 T	0.01337	0.00030	0.98632
676 T	0.01338	0.00030	0.98632
677 T	0.01338	0.00031	0.98631
678 G	0.01337	0.00033	0.98631
679 A	0.01337	0.00033	0.9863
680 T	0.01338	0.00032	0.9863
681 T	0.01337	0.00033	0.9863
682 T	0.01335	0.00035	0.9863
683 T	0.01331	0.00039	0.9863
684 A	0.01327	0.00043	0.98631
685 A	0.01324	0.00044	0.98632
686 T	0.01324	0.00043	0.98633
687 G	0.01322	0.00044	0.98633
688 T	0.01323	0.00043	0.98634
689 C	0.01318	0.00047	0.98636
690 T	0.01317	0.00048	0.98635
691 A	0.01313	0.00052	0.98635
692 T	0.01313	0.00052	0.98635
693 T	0.01309	0.00056	0.98635
694 C	0.01302	0.00063	0.98635
695 C	0.01300	0.00066	0.98634
696 T	0.01299	0.00076	0.98625
697 T	0.01294	0.00102	0.98604
698 T	0.01260	0.00161	0.98579
699 T	0.01188	0.00272	0.9854
700 T	0.01127	0.00370	0.98503
701 T	0.01082	0.00443	0.98476
702 A	0.00982	0.00569	0.98449
703 T	0.00942	0.00619	0.98439
704 T	0.00891	0.00682	0.98428
705 A	0.00800	0.00794	0.98407
706 G	0.00724	0.00897	0.98379
707 A	0.00665	0.01036	0.98299
708 A	0.00639	0.01169	0.98193
709 G	0.00631	0.01272	0.98097
710 A	0.00628	0.01344	0.98028
711 A	0.00627	0.01390	0.97982
712 A	0.00628	0.01428	0.97944
713 G	0.00628	0.01459	0.97913
714 T	0.00628	0.01514	0.97859
715 A	0.00626	0.01585	0.97789
716 A	0.00621	0.01659	0.9772
717 A	0.00617	0.01689	0.97694
718 A	0.00619	0.01709	0.97672
719 A	0.00630	0.01706	0.97664
720 A	0.00662	0.01668	0.9767
721 A	0.00698	0.01572	0.97729
722 T	0.00755	0.01356	0.97889
723 T	0.00791	0.01247	0.97962
724 T	0.00809	0.01287	0.97904
725 T	0.00803	0.01532	0.97665
726 A	0.00776	0.01912	0.97311
727 A	0.00769	0.01935	0.97297
728 A	0.00777	0.01892	0.97331
729 A	0.00803	0.01802	0.97395
730 G	0.00886	0.01665	0.97449
731 C	0.00996	0.01535	0.97469
732 T	0.01102	0.01437	0.9746
733 C	0.01150	0.01402	0.97448
734 A	0.01171	0.01406	0.97422
735 A	0.01206	0.01380	0.97415
736 A	0.01235	0.01352	0.97414
737 T	0.01289	0.01296	0.97415
738 A	0.01346	0.01238	0.97416
739 T	0.01414	0.01161	0.97425
740 C	0.01438	0.01130	0.97432
741 T	0.01455	0.01113	0.97432
742 C	0.01450	0.01121	0.97429
743 G	0.01442	0.01148	0.9741
744 A	0.01420	0.01177	0.97403
745 G	0.01419	0.01184	0.97397
746 G	0.01461	0.01144	0.97395
747 A	0.01557	0.01053	0.9739
748 C	0.01842	0.00746	0.97412
749 T	0.02177	0.00391	0.97433
750 T	0.02207	0.00355	0.97438
751 A	0.02217	0.00346	0.97437
752 A	0.02226	0.00337	0.97438
753 T	0.02238	0.00322	0.9744
754 T	0.02247	0.00297	0.97456
755 T	0.02250	0.00294	0.97457
756 T	0.02244	0.00314	0.97442
757 T	0.02206	0.00362	0.97433
758 A	0.02105	0.00500	0.97395
759 T	0.02021	0.00631	0.97349
760 A	0.01839	0.00846	0.97315
761 C	0.01757	0.00940	0.97303
762 T	0.01734	0.01016	0.97251
763 A	0.01674	0.01151	0.97175
764 A	0.01650	0.01205	0.97145
765 A	0.01643	0.01219	0.97137
766 A	0.01652	0.01215	0.97134
767 A	0.01657	0.01184	0.9716
768 T	0.01666	0.01156	0.97177
769 A	0.01671	0.01149	0.9718
770 T	0.01681	0.01137	0.97182
771 T	0.01685	0.01141	0.97175
772 T	0.01686	0.01149	0.97166
773 T	0.01684	0.01158	0.97158
774 T	0.01677	0.01174	0.97148
775 A	0.01669	0.01200	0.97131
776 A	0.01664	0.01224	0.97111
777 A	0.01665	0.01227	0.97109
778 A	0.01676	0.01202	0.97122
779 A	0.01700	0.01157	0.97143
780 A	0.01727	0.01061	0.97212
781 G	0.01784	0.00881	0.97336
782 T	0.01876	0.00700	0.97424
783 T	0.01928	0.00515	0.97557
784 T	0.01947	0.00451	0.97602
785 A	0.01970	0.00423	0.97607
786 T	0.02021	0.00344	0.97635
787 T	0.02040	0.00331	0.97629
788 A	0.02048	0.00331	0.97621
789 T	0.02062	0.00337	0.97601
790 T	0.02070	0.00360	0.97571
791 T	0.02074	0.00374	0.97552
792 A	0.02073	0.00400	0.97527
793 A	0.02081	0.00392	0.97528
794 T	0.02099	0.00371	0.9753
795 T	0.02112	0.00358	0.9753
796 T	0.02121	0.00348	0.97531
797 C	0.02126	0.00339	0.97535
798 A	0.02138	0.00329	0.97532
799 T	0.02156	0.00310	0.97534
800 T	0.02162	0.00308	0.97529
801 A	0.02161	0.00317	0.97522
802 T	0.02167	0.00320	0.97513
803 T	0.02171	0.00329	0.97501
804 A	0.02172	0.00329	0.97499
805 A	0.02179	0.00322	0.97499
806 T	0.02199	0.00300	0.975
807 T	0.02213	0.00286	0.97501
808 C	0.02223	0.00274	0.97503
809 C	0.02240	0.00258	0.97501
810 T	0.02269	0.00241	0.9749
811 A	0.02278	0.00281	0.9744
812 T	0.02306	0.00312	0.97382
813 T	0.02324	0.00330	0.97346
814 T	0.02330	0.00367	0.97303
815 T	0.02330	0.00404	0.97266
816 A	0.02318	0.00442	0.97239
817 A	0.02316	0.00459	0.97225
818 T	0.02322	0.00456	0.97222
819 T	0.02321	0.00463	0.97216
820 T	0.02317	0.00464	0.9722
821 T	0.02310	0.00469	0.9722
822 A	0.02296	0.00483	0.97221
823 G	0.02295	0.00482	0.97223
824 C	0.02301	0.00473	0.97226
825 T	0.02308	0.00467	0.97225
826 T	0.02319	0.00458	0.97223
827 T	0.02320	0.00458	0.97222
828 T	0.02318	0.00464	0.97218
829 A	0.02312	0.00476	0.97212
830 A	0.02309	0.00479	0.97211
831 A	0.02307	0.00480	0.97212
832 A	0.02309	0.00475	0.97216
833 A	0.02322	0.00458	0.9722
834 A	0.02387	0.00382	0.97231
835 T	0.02476	0.00272	0.97252
836 C	0.02520	0.00213	0.97267
837 T	0.02561	0.00167	0.97272
838 T	0.02585	0.00139	0.97276
839 T	0.02594	0.00126	0.9728
840 T	0.02594	0.00126	0.97279
841 G	0.02592	0.00134	0.97275
842 T	0.02590	0.00137	0.97272
843 T	0.02566	0.00181	0.97253
844 T	0.02532	0.00221	0.97248
845 T	0.02479	0.00293	0.97228
846 G	0.02152	0.00659	0.97189
847 G	0.01905	0.00976	0.97119
848 C	0.01757	0.01244	0.96999
849 T	0.01646	0.01613	0.96741
850 A	0.01523	0.01843	0.96634
851 A	0.01481	0.01924	0.96596
852 T	0.01442	0.01981	0.96577
853 G	0.01392	0.02047	0.96562
854 C	0.01367	0.02079	0.96554
855 T	0.01353	0.02118	0.96529
856 A	0.01340	0.02145	0.96515
857 T	0.01332	0.02160	0.96508
858 G	0.01318	0.02178	0.96504
859 G	0.01312	0.02185	0.96502
860 A	0.01311	0.02188	0.96501
861 A	0.01310	0.02188	0.96502
862 A	0.01310	0.02186	0.96504
863 C	0.01311	0.02178	0.96511
864 A	0.01314	0.02178	0.96508
865 A	0.01323	0.02162	0.96515
866 G	0.01351	0.02101	0.96548
867 A	0.01383	0.02049	0.96568
868 G	0.01439	0.01969	0.96592
869 G	0.01520	0.01598	0.96882
870 A	0.01600	0.01328	0.97071
871 T	0.01733	0.01068	0.97199
872 A	0.01918	0.00854	0.97227
873 T	0.02041	0.00740	0.9722
874 G	0.02075	0.00943	0.96982
875 T	0.02102	0.01376	0.96522
876 T	0.02070	0.01730	0.962
877 T	0.01963	0.02096	0.95942
878 T	0.01703	0.02925	0.95372
879 A	0.01257	0.04069	0.94674
880 G	0.00880	0.05050	0.9407
881 A	0.00693	0.05753	0.93555
882 A	0.00604	0.05983	0.93412
883 A	0.00553	0.06049	0.93398
884 A	0.00529	0.06076	0.93395
885 A	0.00519	0.06086	0.93395
886 C	0.00518	0.06085	0.93397
887 C	0.00523	0.06082	0.93394
888 A	0.00529	0.06087	0.93384
889 A	0.00541	0.06077	0.93381
890 G	0.00563	0.06058	0.93379
891 A	0.00583	0.06043	0.93373
892 A	0.00619	0.06010	0.93371
893 C	0.00679	0.05946	0.93375
894 A	0.00737	0.05895	0.93369
895 A	0.00838	0.05795	0.93367
896 A	0.01003	0.05630	0.93367
897 A	0.01406	0.05220	0.93374
898 T	0.02147	0.04463	0.9339
899 T	0.02605	0.03872	0.93523
900 A	0.02816	0.03519	0.93665
901 A	0.03203	0.02880	0.93917
902 A	0.03717	0.02098	0.94185
903 T	0.04261	0.01400	0.94338
904 G	0.04616	0.01382	0.94002
905 T	0.04761	0.01321	0.93918
906 T	0.04763	0.01325	0.93912
907 T	0.04680	0.01458	0.93862
908 T	0.04468	0.01710	0.93822
909 C	0.03979	0.02222	0.93799
910 C	0.03688	0.02588	0.93725
911 A	0.03590	0.02945	0.93466
912 A	0.03516	0.03253	0.93231
913 A	0.03467	0.03323	0.9321
914 T	0.03460	0.03333	0.93207
915 T	0.03433	0.03362	0.93204
916 A	0.03392	0.03407	0.93202
917 C	0.03377	0.03423	0.932
918 C	0.03368	0.03437	0.93196
919 A	0.03349	0.03469	0.93182
920 A	0.03342	0.03482	0.93176
921 A	0.03343	0.03484	0.93173
922 A	0.03359	0.03470	0.93171
923 A	0.03409	0.03416	0.93175
924 A	0.03497	0.03292	0.9321
925 G	0.03622	0.03128	0.93251
926 A	0.03818	0.02898	0.93284
927 T	0.04259	0.02382	0.93359
928 T	0.04396	0.02180	0.93424
929 A	0.04460	0.02038	0.93501
930 T	0.04612	0.01739	0.93648
931 T	0.04732	0.01406	0.93862
932 T	0.04770	0.00979	0.94251
933 T	0.04813	0.00719	0.94468
934 A	0.04928	0.00518	0.94553
935 T	0.05082	0.00280	0.94637
936 C	0.05102	0.00199	0.947
937 T	0.05111	0.00175	0.94715
938 T	0.05117	0.00150	0.94733
939 T	0.05123	0.00122	0.94755
940 T	0.05126	0.00109	0.94765
941 G	0.05129	0.00098	0.94773
942 T	0.05142	0.00063	0.94794
943 T	0.05146	0.00046	0.94808
944 T	0.05149	0.00036	0.94815
945 T	0.05149	0.00036	0.94814
946 A	0.05149	0.00061	0.94791
947 T	0.05149	0.00069	0.94781
948 T	0.05149	0.00072	0.94778
949 T	0.05149	0.00076	0.94775
950 T	0.05149	0.00080	0.94771
951 T	0.05149	0.00083	0.94768
952 G	0.05148	0.00086	0.94766
953 T	0.05149	0.00086	0.94765
954 T	0.05149	0.00087	0.94765
955 T	0.05148	0.00088	0.94764
956 T	0.05147	0.00089	0.94763
957 T	0.05146	0.00091	0.94763
958 T	0.05144	0.00094	0.94761
959 T	0.05144	0.00095	0.94761
960 T	0.05143	0.00095	0.94761
961 G	0.05143	0.00096	0.94761
962 T	0.05143	0.00095	0.94762
963 T	0.05143	0.00094	0.94762
964 T	0.05144	0.00093	0.94762
965 G	0.05145	0.00092	0.94763
966 G	0.05147	0.00090	0.94764
967 A	0.05150	0.00086	0.94764
968 G	0.05159	0.00077	0.94765
969 T	0.05187	0.00047	0.94767
970 T	0.05201	0.00032	0.94767
971 T	0.05206	0.00026	0.94768
972 T	0.05209	0.00022	0.94769
973 T	0.05211	0.00020	0.9477
974 T	0.05212	0.00018	0.94771
975 T	0.05213	0.00016	0.94772
976 A	0.05213	0.00015	0.94772
977 T	0.05215	0.00012	0.94774
978 T	0.05216	0.00009	0.94775
979 T	0.05217	0.00007	0.94776
980 G	0.05217	0.00004	0.94778
981 A	0.05219	0.00000	0.94781
