# lcl|CP097583.1_cds_USQ93393.1_1
# AA	inside	membr	outside
1 A	0.58908	0.00000	0.41092
2 T	0.56763	0.02145	0.41092
3 G	0.55598	0.03309	0.41092
4 A	0.55598	0.17854	0.26548
5 A	0.51530	0.23506	0.24964
6 T	0.51530	0.23650	0.24821
7 T	0.34275	0.40952	0.24773
8 T	0.34274	0.40955	0.24772
9 C	0.26514	0.48732	0.24754
10 G	0.26502	0.50623	0.22875
11 A	0.25615	0.51681	0.22704
12 A	0.21144	0.56214	0.22642
13 A	0.16407	0.61266	0.22327
14 T	0.16406	0.61267	0.22327
15 A	0.16406	0.62495	0.21098
16 A	0.16146	0.62756	0.21098
17 A	0.15534	0.63376	0.2109
18 A	0.15520	0.63397	0.21083
19 A	0.15298	0.63622	0.2108
20 A	0.14467	0.64476	0.21057
21 A	0.12923	0.65968	0.21108
22 G	0.13179	0.65544	0.21277
23 A	0.13610	0.64914	0.21476
24 A	0.15051	0.63095	0.21854
25 G	0.15934	0.57953	0.26113
26 T	0.17323	0.53972	0.28705
27 T	0.28090	0.39766	0.32144
28 T	0.29511	0.34821	0.35668
29 T	0.29761	0.32283	0.37955
30 T	0.30137	0.21327	0.48536
31 T	0.30155	0.19837	0.50008
32 T	0.30171	0.14218	0.55612
33 G	0.30531	0.12614	0.56855
34 C	0.30629	0.12360	0.57011
35 A	0.30670	0.13478	0.55852
36 T	0.30921	0.14501	0.54577
37 T	0.30877	0.16852	0.52271
38 A	0.30824	0.20180	0.48996
39 T	0.30397	0.29042	0.40561
40 T	0.30271	0.31213	0.38516
41 T	0.30123	0.32178	0.37699
42 G	0.29901	0.32360	0.37739
43 A	0.29797	0.31981	0.38222
44 A	0.29679	0.31040	0.3928
45 C	0.29627	0.31082	0.39291
46 C	0.29540	0.31878	0.38582
47 A	0.29356	0.33829	0.36815
48 A	0.29228	0.34354	0.36418
49 A	0.29153	0.35825	0.35022
50 T	0.28782	0.37375	0.33842
51 T	0.28354	0.39512	0.32133
52 C	0.27951	0.42337	0.29712
53 A	0.27316	0.47858	0.24826
54 A	0.27067	0.50605	0.22329
55 A	0.27066	0.51895	0.2104
56 A	0.27465	0.52067	0.20468
57 A	0.28893	0.50694	0.20413
58 A	0.32469	0.46883	0.20649
59 T	0.37311	0.41722	0.20966
60 A	0.39408	0.39406	0.21186
61 C	0.42766	0.35219	0.22016
62 T	0.49188	0.28533	0.22279
63 T	0.50703	0.26906	0.22392
64 C	0.50977	0.26537	0.22486
65 C	0.50789	0.26716	0.22496
66 T	0.50433	0.27114	0.22453
67 C	0.48543	0.29070	0.22387
68 A	0.46931	0.30881	0.22187
69 A	0.46750	0.31122	0.22129
70 A	0.47011	0.30807	0.22182
71 A	0.47425	0.30212	0.22363
72 A	0.49356	0.28122	0.22522
73 A	0.51912	0.24683	0.23405
74 C	0.55154	0.20585	0.24261
75 T	0.59672	0.15644	0.24684
76 T	0.64088	0.10751	0.25161
77 T	0.65770	0.08925	0.25304
78 T	0.66240	0.08319	0.25441
79 T	0.66299	0.08207	0.25493
80 T	0.66002	0.08322	0.25676
81 T	0.64771	0.09474	0.25754
82 C	0.62926	0.11297	0.25777
83 C	0.61802	0.12473	0.25726
84 T	0.61169	0.13379	0.25451
85 A	0.59339	0.15719	0.24942
86 T	0.58554	0.16643	0.24803
87 A	0.56926	0.18702	0.24372
88 T	0.56209	0.19285	0.24506
89 A	0.55289	0.19525	0.25186
90 T	0.54822	0.17603	0.27575
91 T	0.53784	0.17226	0.2899
92 A	0.50425	0.20080	0.29495
93 C	0.46769	0.22831	0.30401
94 T	0.43295	0.26378	0.30326
95 A	0.33648	0.36398	0.29953
96 C	0.28939	0.41515	0.29546
97 A	0.24163	0.48563	0.27275
98 T	0.21349	0.52431	0.2622
99 A	0.17907	0.58807	0.23286
100 A	0.16348	0.61638	0.22015
101 A	0.15609	0.62663	0.21728
102 A	0.15238	0.62908	0.21855
103 A	0.15050	0.62646	0.22304
104 T	0.14980	0.61389	0.2363
105 A	0.14838	0.59871	0.25292
106 G	0.14892	0.58756	0.26353
107 A	0.15149	0.57950	0.26901
108 T	0.15629	0.55986	0.28385
109 A	0.15701	0.55218	0.29081
110 T	0.15995	0.53297	0.30707
111 T	0.16118	0.52490	0.31393
112 A	0.15965	0.52121	0.31914
113 A	0.15828	0.52171	0.32002
114 A	0.15710	0.51897	0.32393
115 A	0.15678	0.48677	0.35644
116 A	0.15706	0.44728	0.39565
117 A	0.15972	0.40577	0.43452
118 G	0.16461	0.30526	0.53013
119 A	0.17288	0.25438	0.57274
120 T	0.20144	0.17728	0.62129
121 G	0.21282	0.14107	0.64611
122 T	0.24004	0.09229	0.66767
123 T	0.24824	0.08055	0.6712
124 T	0.24948	0.10676	0.64376
125 T	0.24985	0.12353	0.62661
126 A	0.24968	0.14199	0.60832
127 T	0.25012	0.17030	0.57958
128 T	0.24987	0.18791	0.56222
129 T	0.24907	0.21605	0.53488
130 T	0.24772	0.25229	0.49999
131 T	0.23857	0.28512	0.47631
132 A	0.21800	0.34819	0.43381
133 G	0.20796	0.36942	0.42262
134 A	0.20451	0.38014	0.41535
135 A	0.20652	0.38078	0.4127
136 G	0.21227	0.37600	0.41173
137 T	0.22208	0.36727	0.41065
138 T	0.22510	0.36675	0.40815
139 A	0.22582	0.37072	0.40346
140 A	0.22743	0.37154	0.40104
141 T	0.22928	0.37279	0.39792
142 A	0.22661	0.37781	0.39558
143 A	0.22679	0.37970	0.39352
144 T	0.23134	0.37522	0.39344
145 A	0.23387	0.37290	0.39323
146 G	0.24111	0.36496	0.39393
147 T	0.28342	0.32258	0.39401
148 C	0.30226	0.30333	0.3944
149 A	0.31813	0.28856	0.3933
150 T	0.34971	0.25734	0.39294
151 A	0.36572	0.24161	0.39268
152 T	0.39319	0.21312	0.3937
153 T	0.42270	0.18468	0.39262
154 G	0.42809	0.17364	0.39827
155 T	0.45242	0.13283	0.41475
156 T	0.44367	0.13307	0.42325
157 G	0.40999	0.16570	0.42431
158 T	0.37246	0.20708	0.42046
159 C	0.27452	0.31507	0.41041
160 A	0.23351	0.39178	0.37471
161 A	0.20644	0.43110	0.36246
162 A	0.19512	0.44705	0.35784
163 A	0.18991	0.45619	0.3539
164 T	0.18695	0.46189	0.35116
165 A	0.17242	0.47484	0.35274
166 A	0.16129	0.48556	0.35314
167 A	0.14714	0.49946	0.3534
168 A	0.13884	0.50722	0.35394
169 G	0.13471	0.50808	0.3572
170 T	0.13031	0.51003	0.35965
171 A	0.12185	0.51546	0.36269
172 G	0.11427	0.51979	0.36595
173 A	0.11145	0.52134	0.36721
174 A	0.11114	0.51712	0.37174
175 G	0.11068	0.51138	0.37793
176 A	0.11181	0.50134	0.38685
177 T	0.11570	0.47880	0.4055
178 G	0.11326	0.47344	0.4133
179 A	0.11283	0.46483	0.42234
180 A	0.11701	0.43651	0.44648
181 A	0.12245	0.39910	0.47845
182 G	0.13371	0.30442	0.56187
183 T	0.16835	0.25879	0.57287
184 T	0.17738	0.26087	0.56175
185 T	0.17682	0.30025	0.52293
186 A	0.16785	0.35607	0.47609
187 A	0.16115	0.37348	0.46537
188 A	0.15754	0.36953	0.47293
189 A	0.15166	0.36545	0.48289
190 G	0.15185	0.35059	0.49756
191 T	0.15530	0.33946	0.50524
192 A	0.15556	0.33729	0.50715
193 T	0.15563	0.33286	0.51152
194 A	0.14892	0.33427	0.51681
195 T	0.14283	0.33284	0.52432
196 G	0.13875	0.33496	0.52629
197 A	0.13562	0.33827	0.52611
198 A	0.13396	0.33997	0.52607
199 G	0.13388	0.33934	0.52678
200 A	0.13443	0.34083	0.52474
201 A	0.13746	0.34032	0.52222
202 G	0.14551	0.33542	0.51907
203 G	0.15783	0.33139	0.51078
204 A	0.17997	0.32101	0.49902
205 A	0.20540	0.30285	0.49176
206 T	0.26095	0.24672	0.49233
207 T	0.29924	0.20717	0.49359
208 T	0.33391	0.17061	0.49548
209 T	0.35445	0.14407	0.50148
210 T	0.35749	0.13743	0.50509
211 A	0.35553	0.13727	0.5072
212 T	0.35487	0.13160	0.51353
213 T	0.35356	0.13142	0.51502
214 G	0.35027	0.13568	0.51405
215 T	0.35018	0.13607	0.51374
216 A	0.34470	0.14360	0.5117
217 T	0.34061	0.14287	0.51652
218 T	0.33107	0.14801	0.52092
219 A	0.31471	0.16351	0.52178
220 G	0.30718	0.16897	0.52384
221 G	0.30467	0.17040	0.52494
222 A	0.30319	0.17184	0.52498
223 A	0.30407	0.17124	0.52469
224 G	0.30931	0.16573	0.52497
225 A	0.31484	0.16212	0.52304
226 A	0.32439	0.15628	0.51934
227 A	0.33647	0.14722	0.51631
228 T	0.34778	0.13842	0.5138
229 T	0.35206	0.13586	0.51208
230 T	0.35355	0.13726	0.50919
231 T	0.35168	0.14616	0.50217
232 A	0.33905	0.17054	0.49041
233 T	0.33545	0.17688	0.48767
234 T	0.32952	0.18543	0.48505
235 G	0.31393	0.20724	0.47883
236 A	0.30600	0.21968	0.47432
237 T	0.30355	0.22002	0.47642
238 A	0.29635	0.22939	0.47427
239 T	0.29723	0.22287	0.47989
240 T	0.29618	0.22159	0.48224
241 A	0.29329	0.22116	0.48555
242 T	0.29307	0.21148	0.49545
243 T	0.28987	0.21230	0.49783
244 A	0.28534	0.21789	0.49676
245 A	0.27881	0.22459	0.49659
246 A	0.27297	0.23107	0.49597
247 A	0.26832	0.23750	0.49418
248 A	0.26621	0.24239	0.4914
249 A	0.26727	0.24448	0.48824
250 A	0.26995	0.24267	0.48737
251 T	0.27408	0.23759	0.48833
252 A	0.27570	0.23615	0.48816
253 G	0.27918	0.23140	0.48942
254 A	0.28801	0.21791	0.49408
255 T	0.30373	0.18564	0.51063
256 T	0.31063	0.17328	0.51609
257 A	0.31666	0.16213	0.52121
258 T	0.32667	0.13939	0.53394
259 T	0.33197	0.12483	0.5432
260 A	0.33371	0.11692	0.54937
261 T	0.33843	0.10309	0.55849
262 C	0.34083	0.09717	0.562
263 T	0.34498	0.09318	0.56184
264 T	0.34765	0.09396	0.55839
265 A	0.34486	0.10412	0.55102
266 T	0.34444	0.10476	0.55081
267 T	0.34001	0.11662	0.54336
268 A	0.33013	0.13665	0.53322
269 A	0.32380	0.15983	0.51638
270 A	0.32266	0.16414	0.5132
271 A	0.32502	0.16156	0.51342
272 T	0.33081	0.15432	0.51487
273 T	0.33302	0.15223	0.51475
274 G	0.33251	0.15210	0.51538
275 A	0.33315	0.15075	0.5161
276 T	0.33460	0.14859	0.51681
277 T	0.33492	0.14810	0.51698
278 C	0.33455	0.14848	0.51697
279 T	0.33466	0.14939	0.51596
280 T	0.33390	0.15116	0.51494
281 T	0.33189	0.15415	0.51396
282 A	0.32698	0.16101	0.51202
283 G	0.32189	0.16814	0.50997
284 A	0.31972	0.17279	0.5075
285 A	0.31827	0.17657	0.50515
286 G	0.32003	0.17657	0.5034
287 A	0.32713	0.16949	0.50339
288 T	0.33765	0.15600	0.50635
289 A	0.34089	0.15356	0.50556
290 A	0.35001	0.14008	0.50991
291 A	0.36642	0.11467	0.51892
292 T	0.39112	0.08187	0.527
293 T	0.40007	0.06895	0.53098
294 T	0.40384	0.06324	0.53292
295 T	0.40533	0.06206	0.53262
296 T	0.40591	0.06287	0.53122
297 A	0.40536	0.06598	0.52867
298 A	0.40535	0.06839	0.52626
299 T	0.40590	0.06934	0.52475
300 T	0.40567	0.07145	0.52288
301 A	0.40390	0.07672	0.51938
302 T	0.39977	0.08164	0.51859
303 T	0.38576	0.09741	0.51683
304 A	0.35654	0.12645	0.51701
305 A	0.34486	0.13691	0.51823
306 A	0.34097	0.13693	0.5221
307 A	0.34036	0.13532	0.52432
308 C	0.34196	0.13153	0.52651
309 T	0.34447	0.12927	0.52626
310 G	0.34240	0.13139	0.52621
311 A	0.34195	0.13241	0.52564
312 T	0.34539	0.12910	0.52551
313 T	0.34597	0.12847	0.52556
314 C	0.34413	0.13004	0.52583
315 T	0.34273	0.13139	0.52589
316 T	0.33917	0.13482	0.52601
317 C	0.33428	0.13960	0.52612
318 A	0.33152	0.14270	0.52578
319 C	0.33079	0.14397	0.52524
320 A	0.33202	0.14522	0.52277
321 T	0.33483	0.14317	0.522
322 T	0.33414	0.14475	0.5211
323 A	0.32985	0.14919	0.52096
324 T	0.33128	0.14664	0.52208
325 A	0.32930	0.14411	0.52658
326 A	0.32971	0.12998	0.54032
327 A	0.32969	0.10404	0.56626
328 T	0.33108	0.09325	0.57567
329 T	0.32981	0.09528	0.57491
330 A	0.32692	0.10600	0.56709
331 A	0.32488	0.12094	0.55418
332 A	0.32397	0.12398	0.55205
333 A	0.32394	0.12207	0.55398
334 T	0.32467	0.12043	0.55489
335 T	0.32490	0.12199	0.55312
336 A	0.32470	0.12550	0.5498
337 A	0.32470	0.12659	0.54871
338 T	0.32474	0.12446	0.55081
339 G	0.32455	0.12237	0.55308
340 G	0.32464	0.12074	0.55462
341 A	0.32509	0.12116	0.55375
342 A	0.32590	0.11962	0.55447
343 T	0.32891	0.11499	0.5561
344 T	0.33002	0.11283	0.55715
345 A	0.33060	0.11061	0.55879
346 G	0.33147	0.10575	0.56277
347 A	0.33259	0.10543	0.56198
348 T	0.33550	0.10194	0.56256
349 A	0.33765	0.09991	0.56245
350 A	0.34212	0.09420	0.56368
351 T	0.34974	0.08510	0.56516
352 T	0.35606	0.07661	0.56732
353 A	0.36332	0.06694	0.56975
354 T	0.37698	0.05115	0.57187
355 C	0.38012	0.04639	0.57349
356 C	0.38276	0.04348	0.57377
357 T	0.38660	0.03960	0.5738
358 T	0.39032	0.03586	0.57382
359 C	0.39392	0.03220	0.57388
360 T	0.39852	0.02771	0.57376
361 T	0.40070	0.02571	0.5736
362 T	0.40264	0.02408	0.57328
363 T	0.40457	0.02284	0.57259
364 G	0.40585	0.02370	0.57044
365 A	0.40588	0.02380	0.57031
366 T	0.40717	0.02238	0.57045
367 T	0.40763	0.02180	0.57056
368 T	0.40795	0.02129	0.57076
369 C	0.40750	0.02163	0.57087
370 A	0.40857	0.02068	0.57075
371 T	0.41063	0.01863	0.57073
372 T	0.41149	0.01779	0.57072
373 T	0.41043	0.01894	0.57063
374 T	0.40757	0.02195	0.57048
375 T	0.40272	0.02698	0.57031
376 G	0.39235	0.03758	0.57008
377 A	0.38189	0.04844	0.56967
378 T	0.37742	0.05290	0.56968
379 T	0.36842	0.06200	0.56958
380 A	0.34537	0.08561	0.56903
381 T	0.32560	0.10605	0.56835
382 C	0.28303	0.14897	0.56799
383 A	0.24975	0.18369	0.56656
384 A	0.24116	0.19344	0.5654
385 A	0.23696	0.19850	0.56454
386 A	0.23553	0.20066	0.56381
387 T	0.23632	0.19937	0.5643
388 T	0.23472	0.19882	0.56645
389 T	0.23233	0.20032	0.56735
390 T	0.22942	0.20248	0.5681
391 T	0.22496	0.20618	0.56887
392 T	0.21954	0.21049	0.56997
393 T	0.20944	0.22017	0.57039
394 G	0.19531	0.23461	0.57007
395 A	0.18571	0.24539	0.56891
396 A	0.17690	0.25467	0.56844
397 A	0.16927	0.26250	0.56823
398 T	0.16320	0.26595	0.57085
399 A	0.15316	0.26926	0.57758
400 G	0.15035	0.25935	0.5903
401 A	0.14792	0.25672	0.59535
402 A	0.14606	0.24877	0.60517
403 A	0.14582	0.22852	0.62565
404 T	0.14643	0.20823	0.64535
405 A	0.14547	0.17260	0.68193
406 G	0.14547	0.14288	0.71165
407 A	0.14514	0.14037	0.71449
408 A	0.14580	0.14058	0.71361
409 T	0.14709	0.14226	0.71065
410 T	0.14716	0.14599	0.70684
411 A	0.14541	0.15733	0.69726
412 T	0.14436	0.16014	0.69549
413 T	0.14203	0.17658	0.68139
414 T	0.13561	0.23284	0.63155
415 A	0.12529	0.28575	0.58896
416 A	0.11959	0.30318	0.57723
417 A	0.11543	0.32005	0.56453
418 A	0.11481	0.32121	0.56398
419 A	0.11675	0.31687	0.56638
420 A	0.12057	0.31473	0.5647
421 T	0.12362	0.30958	0.5668
422 T	0.12517	0.30334	0.57149
423 A	0.12559	0.30464	0.56977
424 A	0.12654	0.30412	0.56934
425 T	0.12797	0.30168	0.57035
426 T	0.12832	0.30117	0.57051
427 A	0.12843	0.30132	0.57025
428 A	0.12927	0.29994	0.5708
429 A	0.13109	0.29750	0.5714
430 G	0.13543	0.29243	0.57214
431 A	0.14227	0.28741	0.57032
432 A	0.15064	0.28045	0.56891
433 A	0.16080	0.27120	0.568
434 T	0.18096	0.24833	0.57071
435 G	0.19216	0.23488	0.57296
436 A	0.21451	0.21178	0.57371
437 T	0.27525	0.14491	0.57984
438 T	0.31648	0.09626	0.58726
439 A	0.32866	0.08108	0.59025
440 T	0.34678	0.06043	0.59279
441 C	0.35179	0.05620	0.59202
442 G	0.35615	0.05389	0.58997
443 T	0.36610	0.04853	0.58536
444 T	0.37061	0.05081	0.57858
445 T	0.37071	0.05269	0.5766
446 C	0.35764	0.06603	0.57633
447 T	0.34610	0.07897	0.57493
448 T	0.31438	0.11178	0.57385
449 C	0.24613	0.18076	0.57311
450 C	0.20355	0.22484	0.57161
451 A	0.17947	0.25229	0.56823
452 A	0.16584	0.26837	0.56579
453 A	0.15597	0.27956	0.56447
454 G	0.15475	0.28195	0.5633
455 A	0.15438	0.28438	0.56124
456 T	0.15559	0.28343	0.56098
457 A	0.15390	0.28627	0.55983
458 A	0.15343	0.28748	0.55909
459 A	0.15241	0.28846	0.55914
460 C	0.15088	0.28967	0.55944
461 A	0.15075	0.29038	0.55887
462 A	0.15160	0.28989	0.5585
463 C	0.15314	0.28877	0.55809
464 A	0.15612	0.28712	0.55676
465 A	0.15855	0.28532	0.55613
466 A	0.16309	0.27992	0.55699
467 A	0.16954	0.27151	0.55895
468 T	0.17277	0.26298	0.56424
469 A	0.17390	0.23517	0.59092
470 T	0.17661	0.20641	0.61697
471 T	0.17801	0.16810	0.65389
472 T	0.17797	0.11263	0.7094
473 T	0.17678	0.08228	0.74093
474 A	0.17347	0.07484	0.75169
475 A	0.17044	0.07743	0.75213
476 C	0.16685	0.08749	0.74566
477 A	0.16429	0.10905	0.72666
478 G	0.16440	0.12322	0.71238
479 G	0.16446	0.12541	0.71013
480 A	0.16563	0.12749	0.70688
481 A	0.16682	0.12959	0.70359
482 T	0.16780	0.12567	0.70654
483 C	0.16835	0.12373	0.70792
484 A	0.16947	0.12509	0.70544
485 A	0.17063	0.12454	0.70484
486 T	0.17218	0.12293	0.70489
487 T	0.17347	0.12161	0.70493
488 T	0.17403	0.12114	0.70483
489 A	0.17417	0.12098	0.70485
490 A	0.17447	0.12049	0.70503
491 T	0.17524	0.11912	0.70564
492 T	0.17617	0.11769	0.70614
493 T	0.17698	0.11668	0.70633
494 A	0.17782	0.11557	0.70662
495 T	0.17952	0.11314	0.70735
496 A	0.18115	0.11047	0.70838
497 A	0.18684	0.10192	0.71125
498 A	0.19935	0.08593	0.71472
499 T	0.22037	0.06048	0.71915
500 T	0.24064	0.03708	0.72228
501 T	0.25359	0.02265	0.72375
502 C	0.25584	0.01994	0.72421
503 C	0.25945	0.01644	0.7241
504 T	0.26384	0.01288	0.72328
505 T	0.26518	0.01341	0.72141
506 T	0.26623	0.01401	0.71976
507 T	0.26773	0.01399	0.71828
508 T	0.26801	0.01625	0.71573
509 T	0.26770	0.01855	0.71375
510 A	0.26603	0.02171	0.71226
511 A	0.26557	0.02224	0.71219
512 T	0.26599	0.02171	0.7123
513 T	0.26579	0.02186	0.71235
514 G	0.26550	0.02222	0.71228
515 C	0.26561	0.02217	0.71222
516 T	0.26590	0.02212	0.71199
517 G	0.26584	0.02217	0.712
518 T	0.26536	0.02269	0.71195
519 A	0.26412	0.02397	0.7119
520 G	0.26402	0.02407	0.71192
521 C	0.26403	0.02403	0.71194
522 T	0.26410	0.02397	0.71193
523 A	0.26405	0.02404	0.71191
524 C	0.26431	0.02377	0.71192
525 T	0.26485	0.02328	0.71187
526 G	0.26523	0.02292	0.71185
527 A	0.26630	0.02185	0.71184
528 T	0.26930	0.01875	0.71195
529 T	0.27110	0.01685	0.71204
530 C	0.27199	0.01509	0.71292
531 T	0.27347	0.01306	0.71348
532 T	0.27401	0.01187	0.71412
533 T	0.27381	0.01076	0.71543
534 T	0.27253	0.01171	0.71576
535 C	0.26975	0.01480	0.71545
536 G	0.26693	0.01839	0.71467
537 T	0.26474	0.02119	0.71407
538 T	0.26015	0.02647	0.71338
539 T	0.25247	0.03580	0.71174
540 A	0.23702	0.05163	0.71135
541 G	0.22095	0.06747	0.71158
542 G	0.20856	0.08009	0.71135
543 T	0.19724	0.09460	0.70817
544 C	0.17907	0.11604	0.70489
545 A	0.15476	0.15102	0.69422
546 A	0.13566	0.18466	0.67967
547 A	0.11357	0.22210	0.66433
548 A	0.10189	0.24066	0.65745
549 A	0.09608	0.25036	0.65356
550 A	0.09263	0.25754	0.64983
551 A	0.09002	0.26169	0.64828
552 A	0.08799	0.26404	0.64797
553 A	0.08556	0.26649	0.64795
554 T	0.08451	0.26702	0.64847
555 A	0.08309	0.26835	0.64856
556 G	0.08214	0.26915	0.6487
557 A	0.08184	0.26928	0.64888
558 A	0.08221	0.26623	0.65156
559 T	0.08348	0.26130	0.65522
560 T	0.08396	0.25804	0.658
561 A	0.08345	0.25582	0.66073
562 A	0.08391	0.25041	0.66568
563 A	0.08400	0.23828	0.67772
564 A	0.08456	0.22317	0.69227
565 A	0.08746	0.20797	0.70456
566 T	0.09404	0.18799	0.71797
567 A	0.09810	0.16858	0.73332
568 G	0.10709	0.13571	0.75719
569 A	0.11944	0.10530	0.77526
570 T	0.13497	0.06929	0.79575
571 T	0.14124	0.05336	0.80541
572 A	0.14450	0.04568	0.80983
573 T	0.14804	0.03842	0.81354
574 T	0.14921	0.03450	0.81629
575 A	0.14955	0.03232	0.81813
576 T	0.15033	0.02938	0.82029
577 G	0.15074	0.02914	0.82012
578 A	0.15163	0.02923	0.81915
579 T	0.15333	0.02938	0.8173
580 T	0.15474	0.03332	0.81195
581 T	0.15505	0.04058	0.80437
582 T	0.15190	0.06016	0.78794
583 A	0.14956	0.08064	0.76979
584 A	0.14947	0.09115	0.75938
585 T	0.15032	0.09487	0.75481
586 A	0.15040	0.09922	0.75037
587 T	0.15145	0.10306	0.74548
588 T	0.15114	0.10890	0.73996
589 A	0.14863	0.12106	0.7303
590 T	0.14756	0.12942	0.72302
591 T	0.14660	0.13308	0.72032
592 A	0.14419	0.13634	0.71947
593 T	0.14337	0.13832	0.71831
594 T	0.14152	0.14125	0.71723
595 C	0.13760	0.14531	0.71708
596 C	0.13362	0.14994	0.71643
597 T	0.13231	0.15253	0.71516
598 G	0.13015	0.15571	0.71414
599 C	0.12913	0.15768	0.71319
600 A	0.12900	0.16185	0.70915
601 A	0.13011	0.16441	0.70548
602 A	0.13222	0.16419	0.70359
603 A	0.13987	0.15804	0.70209
604 A	0.14872	0.14936	0.70193
605 G	0.16457	0.12966	0.70576
606 T	0.18169	0.10998	0.70834
607 T	0.19039	0.10039	0.70922
608 T	0.19429	0.09570	0.71
609 A	0.19636	0.09319	0.71045
610 G	0.20000	0.08924	0.71076
611 A	0.20247	0.08603	0.7115
612 A	0.20956	0.07668	0.71376
613 G	0.21546	0.06830	0.71624
614 A	0.21878	0.06476	0.71647
615 A	0.22083	0.05984	0.71933
616 T	0.22443	0.05426	0.72131
617 T	0.22614	0.04981	0.72405
618 A	0.22479	0.04690	0.72831
619 C	0.22302	0.04451	0.73248
620 T	0.21713	0.05211	0.73076
621 T	0.20958	0.06076	0.72967
622 A	0.19224	0.08113	0.72663
623 A	0.18450	0.08882	0.72667
624 A	0.17409	0.09919	0.72671
625 C	0.16989	0.10189	0.72823
626 T	0.16852	0.10599	0.72548
627 T	0.16189	0.12012	0.71799
628 T	0.15053	0.13753	0.71193
629 T	0.11708	0.17532	0.70761
630 G	0.06771	0.22595	0.70635
631 G	0.05255	0.24162	0.70583
632 A	0.04516	0.24894	0.7059
633 A	0.04254	0.25055	0.70691
634 C	0.04169	0.24976	0.70855
635 A	0.04117	0.25029	0.70853
636 A	0.04129	0.25048	0.70823
637 C	0.04225	0.24946	0.70829
638 A	0.04149	0.25137	0.70714
639 A	0.04107	0.25218	0.70674
640 A	0.04120	0.25158	0.70722
641 A	0.04151	0.24920	0.70929
642 A	0.04211	0.24371	0.71417
643 G	0.04457	0.22823	0.7272
644 A	0.04741	0.21647	0.73612
645 T	0.05181	0.19536	0.75283
646 G	0.05290	0.18503	0.76207
647 A	0.05398	0.16782	0.77821
648 A	0.05558	0.15859	0.78583
649 A	0.05918	0.15175	0.78908
650 T	0.06837	0.13274	0.7989
651 T	0.07368	0.11261	0.81371
652 G	0.07638	0.07309	0.85054
653 T	0.07706	0.03193	0.89101
654 T	0.07663	0.03626	0.8871
655 C	0.07416	0.05713	0.8687
656 A	0.06101	0.16418	0.77481
657 A	0.05568	0.21348	0.73084
658 A	0.05427	0.21819	0.72754
659 T	0.05408	0.22067	0.72525
660 A	0.05305	0.22302	0.72393
661 T	0.05341	0.22231	0.72428
662 C	0.05258	0.22262	0.7248
663 T	0.05195	0.22334	0.7247
664 A	0.05121	0.22408	0.72472
665 T	0.05076	0.22446	0.72478
666 C	0.04974	0.22551	0.72475
667 A	0.04829	0.22749	0.72423
668 C	0.04711	0.22908	0.72381
669 A	0.04553	0.23110	0.72337
670 G	0.04533	0.23164	0.72303
671 A	0.04563	0.23196	0.72241
672 A	0.04656	0.23160	0.72184
673 C	0.04768	0.23131	0.72101
674 A	0.04899	0.23136	0.71966
675 A	0.05230	0.22876	0.71894
676 A	0.06065	0.22064	0.71872
677 A	0.07888	0.20173	0.7194
678 A	0.10302	0.17544	0.72154
679 T	0.19477	0.06994	0.73529
680 T	0.22937	0.02978	0.74085
681 T	0.23232	0.02495	0.74273
682 T	0.23333	0.02372	0.74295
683 T	0.23327	0.02390	0.74283
684 T	0.23261	0.02454	0.74285
685 T	0.22964	0.02711	0.74324
686 T	0.22734	0.02909	0.74357
687 A	0.22534	0.03112	0.74353
688 A	0.22432	0.03208	0.7436
689 A	0.22343	0.03235	0.74422
690 A	0.22282	0.03163	0.74555
691 A	0.22273	0.03056	0.74671
692 C	0.22293	0.02873	0.74834
693 A	0.22337	0.02935	0.74727
694 A	0.22412	0.02821	0.74767
695 A	0.22503	0.02699	0.74798
696 T	0.22642	0.02524	0.74834
697 T	0.22791	0.02361	0.74848
698 C	0.22865	0.02246	0.74889
699 T	0.22909	0.02196	0.74895
700 T	0.22935	0.02171	0.74894
701 T	0.22921	0.02190	0.74889
702 A	0.22900	0.02221	0.74879
703 T	0.22944	0.02182	0.74874
704 T	0.22956	0.02126	0.74918
705 T	0.22971	0.01957	0.75073
706 T	0.22862	0.01964	0.75174
707 T	0.22502	0.02248	0.7525
708 T	0.21637	0.03080	0.75283
709 C	0.20695	0.03946	0.75359
710 A	0.20115	0.04565	0.75319
711 A	0.19731	0.04887	0.75382
712 T	0.19461	0.05079	0.75459
713 C	0.19060	0.05406	0.75534
714 A	0.18956	0.05487	0.75558
715 C	0.18947	0.05450	0.75603
716 C	0.19062	0.05332	0.75605
717 T	0.19077	0.05327	0.75596
718 C	0.19079	0.05351	0.7557
719 T	0.19074	0.05465	0.75461
720 T	0.19024	0.05599	0.75378
721 T	0.18881	0.05854	0.75265
722 T	0.18555	0.06283	0.75162
723 A	0.18257	0.06663	0.7508
724 G	0.18082	0.06825	0.75093
725 A	0.17947	0.06989	0.75064
726 A	0.17898	0.06970	0.75133
727 G	0.17903	0.06927	0.75169
728 G	0.17914	0.06894	0.75192
729 A	0.17942	0.06831	0.75227
730 A	0.18004	0.06404	0.75592
731 A	0.18158	0.05280	0.76562
732 T	0.18222	0.04433	0.77345
733 T	0.18268	0.03948	0.77784
734 A	0.18158	0.03712	0.7813
735 T	0.17968	0.03569	0.78463
736 C	0.17412	0.03782	0.78806
737 C	0.16656	0.04653	0.78692
738 A	0.15989	0.06065	0.77946
739 G	0.15163	0.07751	0.77087
740 A	0.14565	0.09982	0.75454
741 A	0.14121	0.10924	0.74955
742 T	0.13867	0.11230	0.74903
743 A	0.13113	0.11901	0.74986
744 T	0.12864	0.11897	0.75239
745 C	0.12425	0.11957	0.75618
746 C	0.11892	0.12317	0.75791
747 A	0.11160	0.13026	0.75814
748 C	0.10810	0.13339	0.7585
749 C	0.10555	0.13629	0.75816
750 G	0.10195	0.14137	0.75668
751 A	0.09874	0.14732	0.75395
752 T	0.09789	0.14956	0.75255
753 T	0.09410	0.15505	0.75086
754 A	0.08463	0.16680	0.74857
755 A	0.08089	0.17083	0.74829
756 A	0.07848	0.17258	0.74894
757 A	0.07715	0.17234	0.75052
758 A	0.07646	0.17027	0.75326
759 A	0.07655	0.16434	0.7591
760 G	0.07867	0.15470	0.76663
761 A	0.08581	0.14179	0.7724
762 A	0.09411	0.12645	0.77944
763 A	0.10838	0.10605	0.78557
764 A	0.11338	0.09559	0.79102
765 T	0.11533	0.08780	0.79687
766 T	0.11636	0.07780	0.80584
767 T	0.11646	0.07341	0.81013
768 A	0.11621	0.07025	0.81354
769 A	0.11615	0.06570	0.81815
770 T	0.11676	0.05826	0.82498
771 T	0.11699	0.05410	0.82892
772 A	0.11689	0.05338	0.82972
773 A	0.11851	0.04978	0.83172
774 T	0.12232	0.04307	0.83461
775 T	0.12384	0.04251	0.83365
776 T	0.12504	0.03919	0.83577
777 T	0.12602	0.03277	0.84122
778 T	0.12547	0.03327	0.84126
779 T	0.12283	0.03849	0.83868
780 T	0.11645	0.05022	0.83333
781 A	0.10692	0.06324	0.82985
782 G	0.09973	0.07175	0.82852
783 A	0.09269	0.08281	0.8245
784 T	0.08842	0.09149	0.82009
785 T	0.08235	0.10442	0.81323
786 A	0.07219	0.12623	0.80158
787 A	0.06730	0.13647	0.79624
788 A	0.06437	0.14171	0.79393
789 T	0.06282	0.14431	0.79286
790 A	0.06070	0.14732	0.79197
791 G	0.05955	0.14829	0.79216
792 A	0.05916	0.14866	0.79218
793 A	0.05836	0.14957	0.79206
794 A	0.05906	0.14871	0.79223
795 C	0.06251	0.14481	0.79268
796 A	0.06565	0.14223	0.79213
797 A	0.06944	0.13883	0.79173
798 T	0.07560	0.13304	0.79136
799 T	0.07814	0.13099	0.79088
800 T	0.07977	0.12962	0.79061
801 A	0.08073	0.12728	0.79199
802 A	0.08365	0.12094	0.79541
803 T	0.08958	0.10778	0.80264
804 T	0.09319	0.09590	0.81091
805 A	0.09456	0.08869	0.81675
806 A	0.09834	0.07867	0.82299
807 A	0.10313	0.06879	0.82808
808 G	0.11050	0.05455	0.83495
809 T	0.12216	0.03358	0.84426
810 T	0.12714	0.02407	0.84879
811 T	0.12861	0.01990	0.8515
812 T	0.12909	0.01780	0.85311
813 A	0.12934	0.01608	0.85457
814 G	0.12941	0.01437	0.85622
815 A	0.12961	0.01339	0.857
816 T	0.13006	0.01174	0.85821
817 A	0.13019	0.01164	0.85817
818 G	0.13050	0.01162	0.85788
819 A	0.13112	0.01163	0.85725
820 G	0.13171	0.01087	0.85741
821 T	0.13274	0.00970	0.85757
822 T	0.13374	0.00882	0.85744
823 T	0.13416	0.00891	0.85693
824 C	0.13408	0.00908	0.85684
825 T	0.13393	0.01116	0.85491
826 T	0.13307	0.01608	0.85086
827 T	0.13177	0.02056	0.84767
828 G	0.12777	0.03016	0.84207
829 T	0.12595	0.03571	0.83834
830 T	0.12362	0.04116	0.83521
831 T	0.12029	0.04493	0.83478
832 T	0.11659	0.04867	0.83474
833 T	0.11094	0.05431	0.83475
834 A	0.10403	0.06121	0.83476
835 C	0.09830	0.06689	0.83481
836 C	0.09440	0.07089	0.83471
837 A	0.09010	0.07589	0.83402
838 A	0.08613	0.08094	0.83293
839 A	0.08420	0.08324	0.83255
840 A	0.08353	0.08405	0.83242
841 G	0.08371	0.08390	0.83239
842 A	0.08438	0.08309	0.83253
843 T	0.08467	0.08260	0.83272
844 A	0.08479	0.08242	0.83278
845 A	0.08529	0.08184	0.83287
846 A	0.08629	0.08068	0.83303
847 A	0.08734	0.07923	0.83343
848 A	0.09003	0.07583	0.83413
849 T	0.09577	0.06858	0.83565
850 A	0.09906	0.06348	0.83745
851 T	0.10431	0.05293	0.84277
852 T	0.10692	0.04658	0.8465
853 T	0.10880	0.04075	0.85045
854 T	0.10895	0.03700	0.85405
855 T	0.10880	0.03455	0.85665
856 G	0.10852	0.03151	0.85997
857 A	0.10800	0.02878	0.86322
858 T	0.10806	0.02500	0.86694
859 A	0.10795	0.02229	0.86977
860 A	0.10844	0.01807	0.87349
861 T	0.10951	0.01295	0.87754
862 T	0.10981	0.01084	0.87936
863 C	0.10966	0.01039	0.87995
864 T	0.10958	0.01174	0.87868
865 G	0.10917	0.01632	0.87451
866 T	0.10896	0.01947	0.87158
867 A	0.10744	0.02356	0.869
868 G	0.10612	0.02702	0.86686
869 A	0.10575	0.02900	0.86525
870 A	0.10564	0.02932	0.86504
871 T	0.10548	0.02969	0.86482
872 T	0.10471	0.03117	0.86412
873 T	0.10369	0.03263	0.86367
874 C	0.10273	0.03421	0.86306
875 A	0.10214	0.03726	0.8606
876 A	0.10189	0.03777	0.86034
877 A	0.10210	0.03770	0.86021
878 T	0.10314	0.03662	0.86024
879 T	0.10362	0.03638	0.86001
880 C	0.10371	0.03568	0.86061
881 A	0.10358	0.03582	0.86059
882 T	0.10352	0.03572	0.86076
883 T	0.10322	0.03594	0.86083
884 C	0.10279	0.03634	0.86086
885 G	0.10283	0.03639	0.86078
886 A	0.10352	0.03562	0.86087
887 A	0.10552	0.03351	0.86096
888 T	0.11052	0.02819	0.8613
889 T	0.11331	0.02543	0.86126
890 A	0.11483	0.02260	0.86257
891 T	0.11613	0.02018	0.86368
892 A	0.11561	0.02086	0.86354
893 A	0.11499	0.02124	0.86377
894 A	0.11474	0.02106	0.8642
895 T	0.11537	0.01950	0.86514
896 T	0.11450	0.01961	0.86589
897 A	0.11220	0.02162	0.86618
898 G	0.11149	0.02239	0.86612
899 A	0.10989	0.02485	0.86526
900 A	0.10890	0.02679	0.86431
901 A	0.10871	0.02670	0.86459
902 T	0.10913	0.02561	0.86526
903 T	0.10893	0.02508	0.86599
904 T	0.10860	0.02464	0.86676
905 C	0.10782	0.02497	0.86721
906 T	0.10743	0.02511	0.86746
907 T	0.10641	0.02595	0.86764
908 C	0.10473	0.02754	0.86773
909 C	0.10330	0.02915	0.86755
910 G	0.10257	0.03042	0.86702
911 A	0.10209	0.03129	0.86662
912 T	0.10203	0.03149	0.86648
913 A	0.10175	0.03185	0.86641
914 G	0.10162	0.03178	0.86659
915 T	0.10156	0.03039	0.86806
916 G	0.09932	0.03168	0.869
917 A	0.09627	0.03427	0.86946
918 A	0.09537	0.03506	0.86956
919 G	0.09484	0.03538	0.86978
920 A	0.09428	0.03612	0.86961
921 A	0.09341	0.03683	0.86976
922 A	0.09314	0.03600	0.87086
923 T	0.09377	0.03483	0.8714
924 A	0.09292	0.03553	0.87155
925 G	0.09187	0.03641	0.87171
926 G	0.09116	0.03692	0.87192
927 A	0.09003	0.03831	0.87165
928 C	0.08944	0.03766	0.8729
929 A	0.08927	0.03764	0.87309
930 T	0.08955	0.03663	0.87382
931 G	0.08950	0.03558	0.87492
932 C	0.08961	0.03446	0.87593
933 T	0.08984	0.03447	0.87568
934 T	0.08970	0.03561	0.87469
935 T	0.08856	0.03988	0.87156
936 A	0.08667	0.04428	0.86905
937 G	0.08584	0.04707	0.8671
938 A	0.08520	0.04823	0.86657
939 A	0.08499	0.04680	0.86821
940 G	0.08533	0.04348	0.87118
941 A	0.08612	0.04213	0.87174
942 A	0.08732	0.04014	0.87254
943 A	0.08959	0.03679	0.87362
944 T	0.09174	0.03282	0.87544
945 G	0.09231	0.03073	0.87696
946 G	0.09295	0.02969	0.87736
947 A	0.09346	0.02862	0.87791
948 A	0.09391	0.02754	0.87855
949 A	0.09453	0.02631	0.87916
950 T	0.09582	0.02390	0.88028
951 T	0.09607	0.02322	0.88071
952 T	0.09619	0.02357	0.88023
953 T	0.09588	0.02621	0.87792
954 A	0.09475	0.03228	0.87297
955 G	0.09433	0.03287	0.87279
956 A	0.09456	0.03301	0.87243
957 A	0.09607	0.03148	0.87244
958 T	0.09986	0.02617	0.87397
959 C	0.10214	0.02228	0.87557
960 T	0.10407	0.02024	0.8757
961 T	0.10487	0.01982	0.87531
962 C	0.10475	0.02041	0.87484
963 T	0.10469	0.02143	0.87388
964 T	0.10441	0.02257	0.87303
965 T	0.10400	0.02346	0.87254
966 T	0.10158	0.02631	0.87211
967 G	0.09734	0.03088	0.87179
968 A	0.09606	0.03249	0.87146
969 T	0.09483	0.03391	0.87126
970 A	0.09092	0.03863	0.87045
971 G	0.08932	0.04068	0.87
972 A	0.08870	0.04261	0.86869
973 A	0.08794	0.04412	0.86794
974 A	0.08786	0.04431	0.86782
975 A	0.08836	0.04382	0.86782
976 A	0.09036	0.04156	0.86808
977 T	0.09483	0.03606	0.86911
978 A	0.09475	0.03571	0.86955
979 A	0.09502	0.03499	0.86999
980 A	0.09542	0.03422	0.87036
981 A	0.09566	0.03366	0.87068
982 T	0.09627	0.03225	0.87148
983 C	0.09692	0.03085	0.87223
984 T	0.09845	0.02894	0.8726
985 T	0.09922	0.02767	0.87311
986 T	0.09969	0.02684	0.87347
987 T	0.09956	0.02650	0.87394
988 T	0.09825	0.02732	0.87443
989 T	0.09535	0.02711	0.87754
990 C	0.08749	0.03066	0.88185
991 A	0.08320	0.03491	0.88188
992 A	0.08195	0.03560	0.88245
993 T	0.08212	0.03301	0.88487
994 G	0.08120	0.03294	0.88586
995 T	0.08150	0.03245	0.88605
996 T	0.08054	0.03354	0.88591
997 A	0.07770	0.03886	0.88344
998 A	0.07674	0.04271	0.88054
999 A	0.07650	0.04725	0.87625
1000 T	0.07648	0.04809	0.87543
1001 A	0.07628	0.04872	0.875
1002 T	0.07615	0.04892	0.87492
1003 T	0.07586	0.04945	0.87469
1004 T	0.07544	0.05031	0.87425
1005 A	0.07411	0.05191	0.87398
1006 G	0.07371	0.05230	0.87398
1007 A	0.07352	0.05258	0.8739
1008 A	0.07342	0.05239	0.8742
1009 G	0.07338	0.05191	0.87471
1010 A	0.07344	0.05146	0.87511
1011 A	0.07357	0.05007	0.87637
1012 A	0.07373	0.04718	0.8791
1013 T	0.07417	0.03895	0.88688
1014 T	0.07488	0.03404	0.89108
1015 G	0.07512	0.03361	0.89126
1016 T	0.07553	0.03576	0.88871
1017 A	0.07558	0.04136	0.88305
1018 A	0.07590	0.04350	0.88061
1019 A	0.07687	0.04299	0.88015
1020 A	0.07968	0.03950	0.88082
1021 G	0.08323	0.03635	0.88042
1022 T	0.08865	0.03337	0.87797
1023 T	0.09036	0.03430	0.87534
1024 T	0.09114	0.03374	0.87513
1025 T	0.09139	0.03363	0.87498
1026 T	0.09088	0.03417	0.87495
1027 A	0.09003	0.03514	0.87484
1028 C	0.08969	0.03463	0.87567
1029 T	0.08958	0.03488	0.87554
1030 A	0.08928	0.03528	0.87544
1031 A	0.08915	0.03540	0.87545
1032 T	0.08927	0.03522	0.87551
1033 G	0.08912	0.03536	0.87552
1034 A	0.08919	0.03524	0.87557
1035 G	0.08958	0.03480	0.87562
1036 C	0.08997	0.03444	0.87559
1037 A	0.09052	0.03409	0.87539
1038 A	0.09217	0.03245	0.87537
1039 A	0.09561	0.02894	0.87545
1040 T	0.10230	0.02203	0.87566
1041 T	0.10568	0.01857	0.87575
1042 A	0.10771	0.01633	0.87595
1043 C	0.10995	0.01388	0.87617
1044 A	0.11156	0.01227	0.87616
1045 T	0.11429	0.00952	0.87619
1046 T	0.11650	0.00738	0.87613
1047 T	0.11720	0.00699	0.87582
1048 T	0.11760	0.00714	0.87526
1049 T	0.11780	0.00674	0.87547
1050 T	0.11783	0.00618	0.87599
1051 T	0.11755	0.00632	0.87612
1052 T	0.11624	0.00781	0.87595
1053 T	0.10981	0.01446	0.87573
1054 G	0.09989	0.02474	0.87537
1055 A	0.09648	0.02835	0.87517
1056 A	0.09484	0.03000	0.87515
1057 A	0.09417	0.03045	0.87538
1058 A	0.09383	0.03063	0.87554
1059 T	0.09375	0.03058	0.87566
1060 T	0.09365	0.03063	0.87572
1061 C	0.09340	0.03085	0.87576
1062 A	0.09324	0.03100	0.87577
1063 T	0.09315	0.03108	0.87577
1064 C	0.09304	0.03118	0.87578
1065 G	0.09297	0.03126	0.87578
1066 A	0.09293	0.03129	0.87578
1067 A	0.09299	0.03120	0.87582
1068 A	0.09311	0.03105	0.87584
1069 C	0.09342	0.03064	0.87593
1070 C	0.09406	0.02976	0.87618
1071 T	0.09516	0.02845	0.87639
1072 T	0.09592	0.02750	0.87657
1073 T	0.09639	0.02693	0.87668
1074 T	0.09659	0.02656	0.87685
1075 G	0.09664	0.02523	0.87813
1076 T	0.09682	0.01762	0.88557
1077 T	0.09682	0.00870	0.89448
1078 A	0.09677	0.00751	0.89573
1079 T	0.09676	0.00957	0.89367
1080 T	0.09610	0.02023	0.88368
1081 A	0.09489	0.02928	0.87582
1082 T	0.09433	0.03017	0.8755
1083 G	0.09151	0.03321	0.87527
1084 G	0.09009	0.03479	0.87512
1085 A	0.08887	0.03691	0.87423
1086 C	0.08781	0.03841	0.87378
1087 G	0.08690	0.04084	0.87226
1088 A	0.08647	0.04245	0.87107
1089 A	0.08626	0.04318	0.87056
1090 G	0.08614	0.04375	0.87012
1091 A	0.08609	0.04481	0.8691
1092 G	0.08605	0.04539	0.86856
1093 G	0.08604	0.04592	0.86804
1094 A	0.08606	0.04635	0.86758
1095 T	0.08615	0.04658	0.86727
1096 G	0.08619	0.04657	0.86724
1097 A	0.08632	0.04648	0.8672
1098 A	0.08660	0.04615	0.86726
1099 A	0.08719	0.04544	0.86738
1100 C	0.08821	0.04397	0.86782
1101 A	0.09066	0.04139	0.86795
1102 A	0.09451	0.03729	0.86821
1103 T	0.10543	0.02557	0.86899
1104 T	0.11186	0.01814	0.87
1105 T	0.11247	0.01709	0.87044
1106 T	0.11286	0.01400	0.87314
1107 A	0.11307	0.01246	0.87446
1108 T	0.11387	0.01035	0.87578
1109 A	0.11430	0.00897	0.87673
1110 T	0.11585	0.00661	0.87754
1111 T	0.11679	0.00546	0.87775
1112 T	0.11683	0.00559	0.87758
1113 A	0.11649	0.00618	0.87733
1114 A	0.11676	0.00621	0.87702
1115 T	0.11735	0.00558	0.87707
1116 T	0.11782	0.00508	0.8771
1117 T	0.11817	0.00470	0.87712
1118 T	0.11841	0.00445	0.87714
1119 C	0.11843	0.00440	0.87717
1120 C	0.11850	0.00433	0.87717
1121 C	0.11860	0.00423	0.87717
1122 T	0.11871	0.00412	0.87717
1123 T	0.11877	0.00406	0.87717
1124 T	0.11885	0.00398	0.87717
1125 T	0.11889	0.00394	0.87717
1126 T	0.11892	0.00391	0.87718
1127 A	0.11894	0.00386	0.8772
1128 T	0.11899	0.00376	0.87725
1129 T	0.11905	0.00363	0.87733
1130 T	0.11910	0.00347	0.87743
1131 T	0.11913	0.00337	0.8775
1132 A	0.11918	0.00322	0.87761
1133 A	0.11923	0.00303	0.87774
1134 A	0.11936	0.00268	0.87796
1135 T	0.11967	0.00187	0.87846
1136 A	0.11995	0.00099	0.87906
1137 A	0.12030	0.00000	0.8797
