# lcl|CP097583.1_cds_USQ93418.1_1
# AA	inside	membr	outside
1 A	0.35524	0.00000	0.64476
2 T	0.35484	0.00040	0.64476
3 G	0.35467	0.00057	0.64476
4 A	0.35467	0.00626	0.63907
5 T	0.35404	0.01218	0.63377
6 T	0.35404	0.01363	0.63232
7 T	0.34250	0.02612	0.63138
8 T	0.34250	0.02618	0.63132
9 A	0.33660	0.03440	0.629
10 G	0.33655	0.21840	0.44505
11 T	0.33293	0.23264	0.43442
12 A	0.26352	0.30611	0.43037
13 A	0.20291	0.37823	0.41886
14 A	0.20290	0.37824	0.41886
15 A	0.20290	0.44214	0.35496
16 T	0.20183	0.44321	0.35496
17 A	0.19826	0.44938	0.35236
18 T	0.19821	0.45496	0.34683
19 A	0.19649	0.46179	0.34172
20 A	0.19104	0.50716	0.3018
21 T	0.18795	0.51035	0.30171
22 A	0.18786	0.51400	0.29814
23 G	0.18781	0.51427	0.29792
24 A	0.18855	0.51371	0.29774
25 T	0.19003	0.51114	0.29883
26 T	0.19013	0.51056	0.2993
27 C	0.19249	0.50659	0.30092
28 A	0.19446	0.50449	0.30105
29 A	0.19566	0.50259	0.30174
30 A	0.19972	0.48981	0.31047
31 G	0.20280	0.48477	0.31243
32 A	0.21171	0.47054	0.31776
33 T	0.38667	0.27995	0.33338
34 T	0.39941	0.25682	0.34377
35 T	0.40612	0.18930	0.40458
36 G	0.41090	0.14549	0.44361
37 A	0.41172	0.14338	0.4449
38 A	0.45529	0.09818	0.44653
39 A	0.45268	0.09740	0.44992
40 C	0.46332	0.08002	0.45666
41 C	0.47367	0.06869	0.45764
42 T	0.48499	0.05796	0.45705
43 T	0.51378	0.02912	0.45709
44 A	0.50022	0.05664	0.44314
45 T	0.49601	0.06526	0.43873
46 T	0.49451	0.06854	0.43694
47 T	0.49238	0.07309	0.43453
48 T	0.48719	0.08085	0.43196
49 T	0.47479	0.10149	0.42371
50 A	0.46019	0.11646	0.42335
51 T	0.45345	0.12199	0.42457
52 T	0.43685	0.13810	0.42506
53 T	0.41082	0.16388	0.4253
54 C	0.40168	0.17297	0.42535
55 G	0.39706	0.17807	0.42487
56 C	0.39572	0.17959	0.42469
57 T	0.39392	0.18272	0.42336
58 T	0.38853	0.19048	0.42099
59 T	0.38429	0.19628	0.41944
60 A	0.37962	0.20230	0.41808
61 G	0.37664	0.20605	0.41731
62 A	0.37501	0.20279	0.4222
63 A	0.37461	0.20183	0.42356
64 G	0.37520	0.19981	0.42499
65 A	0.37745	0.19693	0.42562
66 A	0.37999	0.19292	0.42709
67 T	0.39692	0.16131	0.44177
68 A	0.40119	0.14925	0.44957
69 T	0.40560	0.14220	0.45219
70 A	0.40743	0.13745	0.45512
71 T	0.40963	0.12493	0.46543
72 T	0.41246	0.10423	0.4833
73 T	0.40739	0.09133	0.50128
74 T	0.40363	0.09484	0.50152
75 G	0.39486	0.11475	0.49039
76 A	0.38700	0.16912	0.44388
77 A	0.38238	0.21963	0.39799
78 T	0.38041	0.22774	0.39185
79 A	0.36654	0.24976	0.3837
80 A	0.36449	0.25755	0.37796
81 T	0.36591	0.25595	0.37814
82 C	0.36569	0.25606	0.37824
83 T	0.36587	0.26089	0.37323
84 T	0.36450	0.26939	0.36611
85 T	0.36202	0.27970	0.35827
86 T	0.35605	0.29096	0.35299
87 A	0.34366	0.30699	0.34935
88 A	0.33863	0.31266	0.34871
89 A	0.33633	0.31515	0.34852
90 A	0.33551	0.31607	0.34842
91 A	0.33526	0.31601	0.34873
92 A	0.33575	0.31472	0.34953
93 A	0.33729	0.31135	0.35136
94 G	0.33949	0.30660	0.3539
95 A	0.34250	0.30031	0.35719
96 C	0.35047	0.28439	0.36514
97 G	0.36072	0.27080	0.36849
98 A	0.37967	0.24674	0.37359
99 A	0.42983	0.19148	0.37869
100 G	0.47907	0.13810	0.38283
101 T	0.49605	0.11874	0.38522
102 G	0.50814	0.09178	0.40008
103 T	0.52260	0.07334	0.40406
104 T	0.53388	0.06042	0.40569
105 T	0.53946	0.05581	0.40474
106 T	0.54170	0.05674	0.40156
107 T	0.54293	0.05687	0.4002
108 T	0.54133	0.05641	0.40226
109 T	0.53504	0.05948	0.40547
110 T	0.50749	0.08094	0.41156
111 T	0.46156	0.12814	0.4103
112 C	0.41355	0.17724	0.40921
113 A	0.37758	0.21736	0.40506
114 A	0.35422	0.24100	0.40478
115 T	0.33999	0.25502	0.40499
116 G	0.30623	0.28889	0.40488
117 G	0.28997	0.30534	0.40468
118 C	0.28492	0.31056	0.40452
119 A	0.28180	0.31604	0.40216
120 A	0.28045	0.31913	0.40042
121 A	0.28000	0.32151	0.39849
122 T	0.27964	0.32294	0.39743
123 T	0.27749	0.32728	0.39523
124 A	0.27272	0.33640	0.39089
125 A	0.27130	0.33840	0.3903
126 A	0.27158	0.33802	0.3904
127 G	0.27282	0.33486	0.39232
128 G	0.27671	0.32583	0.39746
129 T	0.28330	0.31195	0.40476
130 G	0.28750	0.30105	0.41145
131 T	0.28945	0.29223	0.41833
132 A	0.28762	0.28452	0.42786
133 G	0.28948	0.24597	0.46456
134 T	0.29269	0.19711	0.5102
135 T	0.29282	0.16021	0.54697
136 A	0.28947	0.14318	0.56735
137 T	0.28297	0.13400	0.58302
138 A	0.26034	0.15923	0.58042
139 G	0.23158	0.17884	0.58959
140 G	0.21169	0.19891	0.5894
141 G	0.19655	0.23413	0.56931
142 A	0.18288	0.30515	0.51196
143 A	0.17607	0.36764	0.45628
144 A	0.17385	0.37968	0.44647
145 A	0.17281	0.38588	0.4413
146 A	0.17321	0.38976	0.43703
147 T	0.17529	0.39074	0.43397
148 C	0.17096	0.40945	0.41959
149 A	0.16887	0.43729	0.39384
150 A	0.16772	0.45058	0.3817
151 A	0.16780	0.45589	0.37631
152 T	0.16901	0.45610	0.37489
153 T	0.16970	0.45761	0.37269
154 A	0.16932	0.45921	0.37147
155 T	0.17016	0.45527	0.37457
156 T	0.17001	0.45467	0.37532
157 G	0.16897	0.45538	0.37565
158 A	0.16925	0.45382	0.37693
159 A	0.17146	0.44625	0.38229
160 A	0.17636	0.43186	0.39178
161 A	0.19431	0.39083	0.41486
162 T	0.22602	0.33093	0.44305
163 G	0.23960	0.29956	0.46084
164 A	0.26103	0.26724	0.47173
165 A	0.30884	0.20665	0.48452
166 G	0.35641	0.15261	0.49098
167 T	0.36985	0.13840	0.49176
168 A	0.37741	0.13483	0.48775
169 A	0.38952	0.12805	0.48244
170 A	0.40353	0.11497	0.4815
171 T	0.42533	0.09060	0.48407
172 T	0.44602	0.07247	0.48152
173 T	0.45446	0.07426	0.47128
174 T	0.45548	0.09557	0.44895
175 G	0.45406	0.12335	0.4226
176 A	0.45021	0.14965	0.40014
177 T	0.44515	0.16655	0.3883
178 T	0.43240	0.18219	0.38541
179 T	0.41705	0.20282	0.38013
180 T	0.38777	0.23650	0.37572
181 A	0.33340	0.29137	0.37523
182 C	0.29139	0.33351	0.3751
183 T	0.26706	0.35853	0.37442
184 A	0.22407	0.40205	0.37388
185 C	0.19842	0.42795	0.37362
186 A	0.17921	0.44779	0.373
187 A	0.17313	0.45427	0.37261
188 A	0.17123	0.45638	0.37239
189 A	0.17120	0.45633	0.37247
190 A	0.17264	0.45484	0.37253
191 A	0.17663	0.44936	0.374
192 T	0.18406	0.44054	0.37539
193 C	0.18749	0.43630	0.3762
194 A	0.19118	0.43249	0.37633
195 A	0.19855	0.42453	0.37691
196 A	0.21587	0.40615	0.37799
197 T	0.24416	0.37549	0.38035
198 T	0.26698	0.35062	0.3824
199 A	0.27871	0.33104	0.39025
200 A	0.28586	0.31189	0.40226
201 A	0.28648	0.28911	0.42442
202 T	0.29128	0.25384	0.45488
203 T	0.29106	0.21516	0.49379
204 A	0.28360	0.17008	0.54632
205 T	0.28068	0.13427	0.58505
206 T	0.27401	0.13162	0.59437
207 T	0.26088	0.12779	0.61133
208 A	0.23408	0.15870	0.60722
209 G	0.21826	0.16955	0.61219
210 A	0.21228	0.17300	0.61472
211 A	0.21019	0.17131	0.61849
212 G	0.20934	0.16835	0.62231
213 A	0.20917	0.16591	0.62492
214 C	0.20916	0.16283	0.628
215 C	0.20917	0.16178	0.62905
216 G	0.20919	0.16140	0.62941
217 A	0.20934	0.16113	0.62954
218 C	0.20951	0.16061	0.62989
219 T	0.20962	0.16069	0.62969
220 G	0.20965	0.16063	0.62972
221 G	0.20973	0.15848	0.6318
222 T	0.20992	0.15586	0.63422
223 G	0.20999	0.15502	0.63499
224 G	0.21017	0.15051	0.63932
225 A	0.21066	0.14701	0.64233
226 G	0.21203	0.13738	0.65059
227 G	0.21527	0.12281	0.66191
228 G	0.22350	0.10965	0.66685
229 T	0.23766	0.09289	0.66945
230 G	0.24510	0.08791	0.66699
231 T	0.26013	0.07592	0.66394
232 G	0.26412	0.09098	0.6449
233 T	0.26593	0.11420	0.61987
234 T	0.26609	0.15404	0.57987
235 T	0.26599	0.19044	0.54357
236 A	0.26571	0.22389	0.5104
237 T	0.26488	0.23674	0.49837
238 A	0.26347	0.24791	0.48862
239 A	0.26011	0.25653	0.48336
240 T	0.25643	0.26107	0.48251
241 G	0.25034	0.26745	0.48221
242 A	0.24899	0.26903	0.48198
243 T	0.24849	0.26954	0.48197
244 C	0.24769	0.27036	0.48195
245 C	0.24740	0.27074	0.48186
246 T	0.24753	0.27084	0.48162
247 C	0.24697	0.27144	0.48159
248 A	0.24698	0.27149	0.48154
249 A	0.24758	0.27089	0.48153
250 A	0.24980	0.26867	0.48153
251 C	0.25570	0.26275	0.48155
252 A	0.26581	0.25263	0.48155
253 C	0.28628	0.23201	0.48171
254 C	0.31575	0.20251	0.48174
255 T	0.35692	0.16131	0.48176
256 C	0.39090	0.12732	0.48179
257 T	0.43462	0.08356	0.48182
258 T	0.46087	0.05725	0.48188
259 T	0.47907	0.03889	0.48204
260 T	0.48197	0.03534	0.48269
261 T	0.48104	0.03550	0.48346
262 A	0.47516	0.03881	0.48603
263 G	0.47077	0.03889	0.49035
264 T	0.46671	0.03852	0.49476
265 A	0.45801	0.05214	0.48986
266 T	0.45182	0.06557	0.48262
267 T	0.43296	0.10613	0.46091
268 A	0.38023	0.16780	0.45197
269 T	0.36103	0.18980	0.44917
270 T	0.33492	0.21747	0.44761
271 A	0.30565	0.24689	0.44746
272 C	0.29558	0.25673	0.4477
273 T	0.27956	0.27333	0.44711
274 G	0.23449	0.31901	0.44649
275 C	0.21139	0.34261	0.446
276 T	0.19611	0.35904	0.44484
277 A	0.17262	0.38368	0.4437
278 A	0.16119	0.39572	0.44309
279 A	0.15711	0.40010	0.4428
280 A	0.15554	0.40189	0.44257
281 A	0.15499	0.40171	0.4433
282 A	0.15495	0.39979	0.44527
283 G	0.15518	0.39726	0.44756
284 A	0.15522	0.39435	0.45043
285 T	0.15659	0.38588	0.45753
286 A	0.15491	0.38383	0.46126
287 A	0.15549	0.37840	0.46611
288 A	0.16081	0.36461	0.47458
289 A	0.16913	0.34746	0.48342
290 A	0.19023	0.30453	0.50524
291 T	0.20093	0.23200	0.56707
292 T	0.20399	0.20425	0.59175
293 T	0.20516	0.17953	0.61531
294 T	0.20468	0.16911	0.62621
295 A	0.20284	0.18048	0.61669
296 A	0.20155	0.17846	0.62
297 T	0.20084	0.13722	0.66194
298 T	0.19934	0.11777	0.68288
299 T	0.19703	0.11046	0.69251
300 T	0.18808	0.11426	0.69766
301 C	0.17080	0.12905	0.70015
302 G	0.15623	0.15076	0.69301
303 A	0.15250	0.16757	0.67993
304 G	0.15079	0.18094	0.66827
305 A	0.15010	0.21845	0.63145
306 A	0.15067	0.25234	0.597
307 T	0.15212	0.27505	0.57284
308 A	0.15246	0.28716	0.56039
309 T	0.15358	0.28849	0.55793
310 T	0.15378	0.29194	0.55428
311 T	0.15364	0.29690	0.54946
312 A	0.15187	0.30241	0.54572
313 G	0.15022	0.30569	0.54409
314 G	0.14925	0.30930	0.54145
315 A	0.14837	0.31428	0.53735
316 A	0.15033	0.31827	0.5314
317 A	0.15894	0.31332	0.52773
318 A	0.17434	0.30032	0.52533
319 A	0.18788	0.28555	0.52657
320 T	0.19456	0.27355	0.53189
321 T	0.19892	0.26584	0.53525
322 A	0.20371	0.26201	0.53428
323 T	0.21562	0.24834	0.53603
324 T	0.21332	0.25367	0.53301
325 G	0.20490	0.25497	0.54013
326 A	0.20825	0.25161	0.54014
327 A	0.21583	0.24568	0.5385
328 G	0.24977	0.21398	0.53625
329 C	0.28540	0.18006	0.53454
330 T	0.31637	0.15256	0.53108
331 T	0.32541	0.14725	0.52734
332 T	0.31997	0.15893	0.5211
333 T	0.30636	0.17843	0.51521
334 A	0.25386	0.23943	0.5067
335 A	0.21661	0.27813	0.50525
336 A	0.19255	0.30157	0.50588
337 A	0.18188	0.31132	0.5068
338 A	0.17979	0.31139	0.50882
339 A	0.17966	0.30990	0.51044
340 A	0.17989	0.30790	0.51221
341 T	0.18199	0.30425	0.51376
342 A	0.17829	0.30712	0.51459
343 G	0.17905	0.30513	0.51582
344 G	0.18258	0.30000	0.51741
345 A	0.18767	0.29273	0.51961
346 A	0.19524	0.28266	0.52211
347 T	0.21092	0.25989	0.5292
348 T	0.21356	0.24817	0.53827
349 A	0.21435	0.24560	0.54004
350 A	0.21742	0.23985	0.54273
351 T	0.22375	0.23039	0.54586
352 T	0.22624	0.22620	0.54756
353 T	0.22797	0.22106	0.55097
354 A	0.22967	0.21528	0.55505
355 T	0.23379	0.19711	0.5691
356 A	0.23505	0.18068	0.58427
357 T	0.24092	0.12741	0.63167
358 T	0.24210	0.09555	0.66236
359 T	0.24151	0.07545	0.68303
360 T	0.24064	0.06543	0.69393
361 A	0.23864	0.06389	0.69746
362 G	0.23635	0.06123	0.70242
363 T	0.23432	0.06035	0.70533
364 G	0.23104	0.06230	0.70665
365 G	0.22922	0.06087	0.70992
366 T	0.22830	0.06701	0.70469
367 A	0.22534	0.08011	0.69454
368 G	0.22430	0.08840	0.6873
369 A	0.22378	0.10017	0.67606
370 A	0.22366	0.11259	0.66375
371 A	0.22408	0.13139	0.64453
372 T	0.22656	0.13980	0.63364
373 G	0.22736	0.15144	0.6212
374 A	0.22894	0.16706	0.604
375 T	0.23179	0.16416	0.60405
376 A	0.23305	0.16380	0.60315
377 T	0.23564	0.16034	0.60403
378 T	0.23731	0.15807	0.60463
379 C	0.23813	0.15528	0.60659
380 T	0.23891	0.15487	0.60622
381 T	0.23932	0.15587	0.60481
382 T	0.23935	0.16208	0.59857
383 T	0.23936	0.17251	0.58813
384 A	0.23669	0.19539	0.56792
385 A	0.23403	0.21090	0.55508
386 A	0.23336	0.21528	0.55137
387 T	0.23416	0.21618	0.54966
388 G	0.23210	0.22572	0.54218
389 A	0.23651	0.23124	0.53225
390 A	0.24511	0.22754	0.52735
391 A	0.25316	0.22240	0.52444
392 A	0.26424	0.21203	0.52373
393 A	0.27826	0.19848	0.52326
394 A	0.29718	0.17964	0.52318
395 A	0.30947	0.16732	0.52321
396 A	0.32276	0.15368	0.52357
397 G	0.34031	0.13550	0.52418
398 T	0.34537	0.13011	0.52451
399 T	0.34851	0.12671	0.52478
400 T	0.34793	0.12753	0.52455
401 C	0.34092	0.13431	0.52477
402 A	0.33242	0.14306	0.52451
403 G	0.32384	0.15156	0.5246
404 G	0.32038	0.15505	0.52457
405 C	0.32041	0.15537	0.52423
406 A	0.32362	0.15280	0.52357
407 A	0.34224	0.13140	0.52635
408 T	0.35746	0.11294	0.5296
409 G	0.36064	0.10816	0.53119
410 C	0.36559	0.10209	0.53232
411 C	0.37375	0.09149	0.53476
412 T	0.38294	0.08313	0.53393
413 T	0.38613	0.08102	0.53286
414 T	0.38568	0.08169	0.53263
415 A	0.38203	0.08557	0.5324
416 T	0.37818	0.08932	0.53251
417 G	0.36753	0.09986	0.53261
418 C	0.35989	0.10752	0.53259
419 A	0.35516	0.11327	0.53156
420 A	0.35369	0.11615	0.53016
421 A	0.35298	0.11819	0.52884
422 A	0.35277	0.11856	0.52867
423 T	0.35308	0.11740	0.52952
424 A	0.35246	0.11158	0.53596
425 A	0.35159	0.10633	0.54208
426 A	0.35036	0.10048	0.54916
427 A	0.35023	0.09748	0.55229
428 A	0.35065	0.09045	0.5589
429 T	0.35134	0.08152	0.56715
430 G	0.35126	0.07873	0.57001
431 G	0.35129	0.07751	0.5712
432 T	0.35132	0.07589	0.57279
433 A	0.35113	0.07598	0.57289
434 T	0.35144	0.07468	0.57388
435 G	0.35202	0.07304	0.57494
436 G	0.35283	0.07075	0.57642
437 T	0.35313	0.06775	0.57912
438 A	0.35326	0.06425	0.5825
439 A	0.35362	0.05955	0.58683
440 T	0.35495	0.04923	0.59582
441 T	0.35559	0.04211	0.6023
442 C	0.35607	0.03798	0.60596
443 A	0.35708	0.03757	0.60535
444 T	0.35842	0.03652	0.60505
445 G	0.35859	0.03624	0.60516
446 G	0.35912	0.03570	0.60517
447 A	0.36005	0.03469	0.60526
448 A	0.36262	0.03070	0.60668
449 C	0.36531	0.02618	0.60852
450 T	0.37029	0.02095	0.60876
451 T	0.37209	0.01947	0.60844
452 T	0.37270	0.01899	0.60831
453 A	0.37291	0.01924	0.60785
454 T	0.37365	0.01920	0.60715
455 T	0.37401	0.01900	0.60699
456 G	0.37413	0.01920	0.60667
457 T	0.37451	0.01912	0.60638
458 A	0.37472	0.01873	0.60655
459 T	0.37518	0.01831	0.60651
460 G	0.37342	0.02020	0.60639
461 A	0.37232	0.02153	0.60615
462 C	0.37108	0.02292	0.606
463 T	0.37072	0.02514	0.60414
464 G	0.36956	0.02893	0.60152
465 T	0.36954	0.03100	0.59946
466 G	0.36974	0.03438	0.59588
467 A	0.37008	0.03698	0.59294
468 T	0.37017	0.03858	0.59125
469 A	0.36973	0.04061	0.58966
470 T	0.37002	0.04094	0.58904
471 T	0.36940	0.04279	0.58781
472 G	0.36874	0.04376	0.5875
473 A	0.36862	0.04386	0.58752
474 T	0.36916	0.04313	0.58771
475 A	0.36930	0.04270	0.588
476 C	0.36977	0.04186	0.58837
477 C	0.37038	0.04121	0.5884
478 A	0.37091	0.04116	0.58793
479 T	0.37135	0.04069	0.58796
480 G	0.36865	0.04360	0.58775
481 G	0.36592	0.04694	0.58714
482 T	0.36558	0.04762	0.5868
483 A	0.36440	0.04732	0.58829
484 A	0.36336	0.04744	0.58921
485 G	0.36337	0.04615	0.59047
486 A	0.36480	0.04570	0.5895
487 T	0.36771	0.04650	0.58579
488 G	0.36892	0.05564	0.57543
489 T	0.37245	0.06591	0.56164
490 A	0.37423	0.06598	0.55979
491 T	0.37593	0.06533	0.55874
492 T	0.37626	0.06458	0.55916
493 A	0.37569	0.06487	0.55944
494 C	0.37510	0.06460	0.56029
495 T	0.37411	0.06520	0.56069
496 C	0.37269	0.06647	0.56084
497 C	0.37164	0.06763	0.56073
498 T	0.37080	0.06904	0.56016
499 A	0.36791	0.07314	0.55896
500 A	0.36663	0.07555	0.55782
501 T	0.36353	0.07971	0.55677
502 A	0.35794	0.08717	0.55489
503 A	0.35400	0.08920	0.55681
504 T	0.34946	0.09198	0.55856
505 G	0.33925	0.10348	0.55727
506 A	0.33498	0.11136	0.55367
507 A	0.33216	0.11469	0.55315
508 A	0.33293	0.11438	0.55269
509 A	0.33511	0.11204	0.55285
510 A	0.34063	0.10689	0.55249
511 C	0.35072	0.09690	0.55238
512 T	0.36314	0.08743	0.54942
513 A	0.36327	0.09399	0.54275
514 A	0.36366	0.09377	0.54256
515 T	0.36375	0.09308	0.54318
516 T	0.36239	0.09355	0.54407
517 T	0.36069	0.09307	0.54625
518 C	0.35762	0.09435	0.54803
519 T	0.35595	0.09533	0.54871
520 A	0.35361	0.09773	0.54866
521 A	0.35232	0.09916	0.54852
522 A	0.34976	0.10055	0.54968
523 G	0.34957	0.10078	0.54965
524 G	0.34985	0.09637	0.55377
525 A	0.35019	0.09175	0.55807
526 A	0.35128	0.08600	0.56272
527 T	0.35317	0.07779	0.56904
528 C	0.35380	0.06780	0.5784
529 A	0.35662	0.06189	0.58149
530 C	0.35810	0.05713	0.58477
531 A	0.35923	0.05708	0.58369
532 A	0.36057	0.05638	0.58304
533 G	0.36274	0.05426	0.583
534 T	0.36485	0.05111	0.58404
535 G	0.36743	0.04786	0.58471
536 T	0.37354	0.03939	0.58707
537 T	0.37400	0.03747	0.58852
538 T	0.37380	0.03583	0.59036
539 C	0.37119	0.03568	0.59314
540 T	0.36999	0.03726	0.59275
541 T	0.36557	0.04480	0.58963
542 C	0.35265	0.06529	0.58206
543 A	0.34695	0.08352	0.56954
544 A	0.34101	0.10072	0.55827
545 G	0.34025	0.10227	0.55748
546 A	0.34046	0.10385	0.55569
547 G	0.34062	0.10317	0.55621
548 T	0.34140	0.10014	0.55845
549 T	0.33918	0.10131	0.55952
550 A	0.33282	0.10766	0.55952
551 C	0.33256	0.10725	0.56018
552 T	0.33287	0.10939	0.55774
553 A	0.33235	0.11481	0.55284
554 A	0.33303	0.11925	0.54772
555 T	0.33363	0.12294	0.54343
556 T	0.33150	0.12810	0.5404
557 T	0.32624	0.13796	0.5358
558 A	0.31396	0.15341	0.53263
559 A	0.30989	0.15965	0.53046
560 A	0.30731	0.16289	0.52981
561 A	0.30629	0.16255	0.53116
562 G	0.30618	0.15738	0.53644
563 A	0.30963	0.15196	0.53841
564 A	0.31677	0.14009	0.54314
565 C	0.32638	0.11947	0.55416
566 A	0.33764	0.10579	0.55656
567 T	0.34836	0.09153	0.56011
568 T	0.34970	0.09604	0.55426
569 T	0.33678	0.11163	0.55159
570 A	0.30609	0.14383	0.55008
571 A	0.28436	0.16500	0.55064
572 A	0.27024	0.17633	0.55344
573 C	0.24859	0.19164	0.55977
574 G	0.23909	0.20391	0.557
575 G	0.23564	0.21321	0.55116
576 A	0.23766	0.23008	0.53226
577 A	0.24137	0.22828	0.53035
578 T	0.24580	0.22376	0.53044
579 G	0.24747	0.21804	0.53449
580 T	0.25023	0.20843	0.54133
581 C	0.24965	0.19928	0.55107
582 T	0.24999	0.19763	0.55237
583 C	0.24845	0.19871	0.55284
584 A	0.24632	0.20330	0.55038
585 A	0.24498	0.20582	0.5492
586 C	0.24343	0.20819	0.54838
587 A	0.23847	0.21543	0.5461
588 A	0.23596	0.22097	0.54308
589 G	0.23616	0.22523	0.53861
590 A	0.23743	0.22807	0.5345
591 A	0.24304	0.22149	0.53547
592 T	0.24665	0.19564	0.55772
593 T	0.24801	0.16109	0.5909
594 G	0.24831	0.13986	0.61184
595 A	0.24868	0.13013	0.62119
596 T	0.25009	0.10855	0.64136
597 G	0.25118	0.10042	0.6484
598 G	0.25718	0.09057	0.65225
599 A	0.27487	0.07310	0.65203
600 T	0.27758	0.06844	0.65398
601 T	0.27803	0.06786	0.6541
602 A	0.27753	0.06859	0.65388
603 T	0.27612	0.06955	0.65434
604 C	0.27302	0.07213	0.65486
605 T	0.26943	0.08640	0.64417
606 A	0.26412	0.11736	0.61852
607 A	0.26172	0.15148	0.5868
608 A	0.25797	0.17397	0.56806
609 T	0.25678	0.17995	0.56326
610 A	0.24868	0.19872	0.5526
611 A	0.24721	0.20320	0.5496
612 T	0.25192	0.20224	0.54584
613 T	0.25201	0.21010	0.53788
614 A	0.24635	0.22447	0.52918
615 T	0.24360	0.23118	0.52521
616 T	0.23780	0.23718	0.52501
617 T	0.21899	0.25628	0.52473
618 A	0.16431	0.31183	0.52386
619 A	0.14141	0.33580	0.52279
620 C	0.13550	0.34135	0.52315
621 A	0.12869	0.34932	0.52199
622 A	0.12640	0.35208	0.52152
623 A	0.12438	0.35440	0.52122
624 T	0.12097	0.35793	0.52111
625 G	0.10865	0.37042	0.52093
626 A	0.10254	0.37494	0.52252
627 A	0.10345	0.37112	0.52543
628 G	0.11324	0.35759	0.52918
629 A	0.13570	0.33253	0.53177
630 A	0.16593	0.29973	0.53434
631 T	0.18542	0.27587	0.53871
632 A	0.18707	0.27380	0.53913
633 T	0.20174	0.25102	0.54724
634 A	0.20374	0.24627	0.54999
635 A	0.20723	0.24014	0.55263
636 T	0.21389	0.22564	0.56046
637 T	0.21835	0.21081	0.57084
638 T	0.21667	0.20462	0.57871
639 A	0.20583	0.20806	0.58611
640 A	0.20205	0.19300	0.60496
641 C	0.19938	0.14679	0.65382
642 T	0.19751	0.13294	0.66954
643 T	0.19232	0.13477	0.67291
644 T	0.18707	0.13854	0.67439
645 A	0.17173	0.16068	0.6676
646 G	0.16008	0.17914	0.66078
647 A	0.14766	0.19616	0.65618
648 T	0.13050	0.20748	0.66202
649 G	0.10573	0.23006	0.66421
650 A	0.09337	0.25836	0.64827
651 A	0.09053	0.26760	0.64186
652 A	0.09236	0.26857	0.63906
653 T	0.09521	0.26697	0.63782
654 A	0.09639	0.27365	0.62996
655 T	0.09835	0.28504	0.61662
656 A	0.09786	0.30435	0.59779
657 T	0.09604	0.32497	0.57899
658 A	0.08908	0.36385	0.54707
659 A	0.08427	0.39477	0.52096
660 A	0.08147	0.40961	0.50893
661 A	0.07892	0.41708	0.50401
662 T	0.07883	0.41145	0.50972
663 T	0.07567	0.41400	0.51033
664 G	0.07127	0.42122	0.50751
665 A	0.06922	0.42840	0.50238
666 A	0.06957	0.42654	0.50389
667 A	0.07317	0.41869	0.50814
668 A	0.08262	0.39603	0.52135
669 A	0.09372	0.37283	0.53345
670 A	0.10697	0.34533	0.54771
671 T	0.11763	0.31525	0.56712
672 G	0.11763	0.29517	0.58721
673 G	0.12151	0.28767	0.59082
674 C	0.11552	0.30397	0.58052
675 A	0.10608	0.33807	0.55584
676 A	0.10145	0.36610	0.53246
677 A	0.10368	0.38187	0.51445
678 A	0.11796	0.37904	0.503
679 A	0.13624	0.36522	0.49854
680 A	0.16050	0.34090	0.4986
681 A	0.19576	0.29945	0.50479
682 T	0.22738	0.26080	0.51181
683 A	0.24164	0.24294	0.51541
684 T	0.25530	0.22447	0.52023
685 T	0.26083	0.21608	0.52308
686 C	0.26269	0.21004	0.52727
687 T	0.26496	0.20560	0.52944
688 T	0.26527	0.20419	0.53054
689 C	0.25726	0.21289	0.52985
690 T	0.25222	0.22233	0.52545
691 A	0.23942	0.24132	0.51926
692 A	0.22769	0.25444	0.51787
693 A	0.22492	0.25794	0.51713
694 G	0.22556	0.25753	0.51692
695 A	0.23016	0.24746	0.52237
696 A	0.24229	0.22584	0.53187
697 T	0.26239	0.19207	0.54555
698 G	0.28228	0.15942	0.55831
699 G	0.30035	0.13458	0.56508
700 A	0.31475	0.11556	0.56969
701 T	0.32627	0.10055	0.57317
702 T	0.32964	0.09535	0.57501
703 T	0.33015	0.09489	0.57497
704 T	0.32714	0.09848	0.57438
705 T	0.31869	0.10852	0.57279
706 G	0.30240	0.13255	0.56504
707 G	0.28416	0.16277	0.55307
708 A	0.26810	0.18125	0.55065
709 G	0.24640	0.20521	0.5484
710 A	0.23194	0.22313	0.54493
711 A	0.22751	0.22190	0.55059
712 C	0.22771	0.21090	0.56138
713 A	0.23113	0.20320	0.56567
714 T	0.23646	0.18816	0.57538
715 C	0.23610	0.17930	0.58459
716 C	0.23511	0.18000	0.58488
717 T	0.23266	0.18922	0.57812
718 G	0.22280	0.21387	0.56334
719 A	0.21544	0.24763	0.53693
720 A	0.21245	0.26429	0.52327
721 T	0.21223	0.27703	0.51073
722 A	0.21067	0.28283	0.5065
723 T	0.21212	0.28352	0.50436
724 G	0.21062	0.28765	0.50173
725 A	0.20755	0.29207	0.50038
726 T	0.20828	0.28962	0.5021
727 A	0.20581	0.29123	0.50296
728 A	0.20620	0.28536	0.50844
729 A	0.21251	0.26827	0.51922
730 A	0.22241	0.24472	0.53287
731 A	0.22470	0.22900	0.5463
732 A	0.22932	0.20558	0.5651
733 T	0.23599	0.19011	0.5739
734 T	0.23537	0.19319	0.57143
735 A	0.23149	0.21139	0.55713
736 A	0.22684	0.23811	0.53505
737 A	0.22470	0.25355	0.52175
738 A	0.22366	0.25349	0.52285
739 A	0.22529	0.24976	0.52495
740 A	0.23322	0.23772	0.52906
741 A	0.25004	0.21090	0.53906
742 C	0.28012	0.17200	0.54788
743 G	0.29595	0.15626	0.54779
744 T	0.31143	0.14157	0.547
745 T	0.31619	0.13869	0.54512
746 T	0.31776	0.13839	0.54385
747 T	0.31822	0.13796	0.54382
748 C	0.31589	0.13615	0.54795
749 A	0.31582	0.13736	0.54682
750 T	0.31882	0.13221	0.54897
751 T	0.32029	0.13034	0.54937
752 G	0.31989	0.13087	0.54924
753 G	0.32031	0.13110	0.5486
754 G	0.32164	0.12939	0.54897
755 G	0.32506	0.12644	0.5485
756 T	0.33299	0.11896	0.54806
757 A	0.33941	0.11224	0.54834
758 A	0.35299	0.09583	0.55118
759 T	0.37532	0.06927	0.5554
760 T	0.38788	0.05484	0.55728
761 T	0.38673	0.05580	0.55747
762 A	0.37714	0.06904	0.55382
763 G	0.37071	0.07842	0.55086
764 A	0.36947	0.08348	0.54705
765 A	0.36970	0.08513	0.54517
766 A	0.37280	0.08274	0.54447
767 T	0.37787	0.07694	0.54519
768 T	0.38374	0.07060	0.54566
769 T	0.38568	0.06847	0.54584
770 T	0.38288	0.07071	0.54642
771 C	0.37735	0.07380	0.54885
772 T	0.37590	0.07516	0.54894
773 T	0.37229	0.07936	0.54835
774 A	0.36681	0.08510	0.54808
775 T	0.36571	0.08555	0.54873
776 C	0.36193	0.08883	0.54923
777 T	0.35745	0.09459	0.54796
778 T	0.34347	0.11222	0.54431
779 T	0.30619	0.15722	0.53659
780 A	0.23797	0.24440	0.51762
781 A	0.20702	0.28191	0.51106
782 A	0.18118	0.30839	0.51042
783 A	0.15814	0.33134	0.51051
784 A	0.14573	0.34107	0.51319
785 A	0.14292	0.33471	0.52237
786 C	0.14317	0.32752	0.5293
787 G	0.14394	0.32574	0.53032
788 G	0.14396	0.32576	0.53028
789 T	0.14388	0.32650	0.52962
790 A	0.13823	0.33329	0.52847
791 A	0.13378	0.33895	0.52727
792 A	0.13265	0.33973	0.52763
793 A	0.13260	0.33764	0.52976
794 T	0.13320	0.33459	0.53221
795 A	0.13149	0.34139	0.52711
796 T	0.13076	0.34365	0.52559
797 T	0.12809	0.34888	0.52304
798 G	0.12157	0.35899	0.51943
799 A	0.11865	0.36719	0.51416
800 A	0.11909	0.36320	0.51771
801 A	0.12176	0.34653	0.53171
802 A	0.12922	0.30185	0.56893
803 T	0.14767	0.22079	0.63154
804 A	0.15284	0.18925	0.65792
805 A	0.15432	0.16422	0.68146
806 T	0.15573	0.13994	0.70432
807 T	0.15610	0.12683	0.71707
808 T	0.15606	0.12253	0.72141
809 T	0.15218	0.12956	0.71827
810 A	0.14742	0.14493	0.70765
811 A	0.14202	0.16667	0.69131
812 A	0.13559	0.19765	0.66676
813 A	0.13146	0.20775	0.66079
814 G	0.12624	0.22143	0.65232
815 G	0.12563	0.22946	0.64491
816 A	0.12861	0.24295	0.62845
817 G	0.13598	0.25402	0.61
818 A	0.14872	0.24554	0.60574
819 T	0.16455	0.23041	0.60504
820 T	0.17399	0.22137	0.60464
821 T	0.17848	0.21622	0.6053
822 T	0.18142	0.21167	0.60691
823 T	0.18219	0.20994	0.60787
824 T	0.18185	0.21091	0.60723
825 T	0.18053	0.21572	0.60375
826 C	0.17706	0.22418	0.59876
827 A	0.17343	0.25100	0.57558
828 T	0.16390	0.26988	0.56622
829 A	0.14686	0.29394	0.5592
830 A	0.13524	0.30974	0.55502
831 A	0.12854	0.31805	0.55341
832 G	0.13157	0.31141	0.55702
833 A	0.14213	0.29749	0.56038
834 A	0.16009	0.27499	0.56492
835 A	0.18696	0.24481	0.56823
836 A	0.20341	0.22840	0.56819
837 T	0.22328	0.20893	0.56779
838 A	0.23041	0.21166	0.55793
839 A	0.24276	0.20739	0.54986
840 T	0.25817	0.19499	0.54684
841 T	0.26151	0.19216	0.54633
842 T	0.25961	0.19453	0.54586
843 A	0.24872	0.20641	0.54487
844 T	0.24349	0.21123	0.54528
845 C	0.23093	0.22323	0.54585
846 A	0.22142	0.23740	0.54118
847 G	0.22009	0.24240	0.53751
848 A	0.22429	0.23959	0.53612
849 A	0.23108	0.23577	0.53315
850 T	0.25422	0.21067	0.53511
851 T	0.26089	0.19300	0.54611
852 T	0.26293	0.17707	0.56
853 T	0.26282	0.16819	0.56899
854 T	0.25967	0.16619	0.57415
855 A	0.25407	0.17165	0.57428
856 G	0.25053	0.17547	0.574
857 A	0.25024	0.17616	0.57361
858 A	0.25315	0.17298	0.57387
859 A	0.25805	0.16782	0.57413
860 A	0.26574	0.16064	0.57362
861 A	0.27894	0.14710	0.57396
862 T	0.28855	0.13302	0.57844
863 T	0.29153	0.12236	0.58611
864 T	0.29184	0.11691	0.59125
865 A	0.28982	0.11675	0.59342
866 T	0.28996	0.10822	0.60181
867 C	0.27994	0.11318	0.60688
868 A	0.27469	0.11900	0.60631
869 A	0.27619	0.11416	0.60966
870 T	0.27930	0.11053	0.61017
871 G	0.27963	0.10957	0.6108
872 T	0.28711	0.10197	0.61092
873 T	0.28893	0.09615	0.61492
874 T	0.29034	0.08967	0.61999
875 C	0.28927	0.08995	0.62078
876 T	0.28870	0.10742	0.60388
877 T	0.28433	0.14093	0.57474
878 A	0.22986	0.21557	0.55457
879 T	0.21546	0.23966	0.54488
880 A	0.18671	0.27912	0.53417
881 A	0.16554	0.30321	0.53125
882 C	0.15641	0.31358	0.53001
883 A	0.15138	0.32330	0.52532
884 A	0.14678	0.32961	0.52361
885 A	0.14508	0.33213	0.52279
886 A	0.14291	0.33501	0.52208
887 A	0.14242	0.33625	0.52133
888 A	0.14563	0.33164	0.52273
889 A	0.14835	0.32778	0.52388
890 G	0.15203	0.31288	0.53509
891 T	0.15961	0.29968	0.54071
892 T	0.16138	0.29540	0.54322
893 T	0.16128	0.29394	0.54477
894 A	0.15714	0.29788	0.54498
895 C	0.15512	0.29918	0.54569
896 A	0.15355	0.30176	0.54469
897 A	0.15312	0.30152	0.54536
898 A	0.15713	0.29496	0.54791
899 A	0.17520	0.27443	0.55038
900 A	0.20381	0.23888	0.55731
901 C	0.22983	0.14035	0.62982
902 T	0.24378	0.11026	0.64596
903 T	0.25410	0.08145	0.66446
904 T	0.25356	0.10882	0.63763
905 T	0.24880	0.13557	0.61563
906 T	0.24177	0.15638	0.60186
907 A	0.22043	0.19888	0.58069
908 A	0.21233	0.21060	0.57708
909 A	0.20731	0.21770	0.57499
910 A	0.20560	0.22706	0.56734
911 A	0.20591	0.22721	0.56687
912 T	0.20731	0.22538	0.5673
913 A	0.20678	0.22663	0.56659
914 T	0.20746	0.22556	0.56698
915 T	0.20756	0.23148	0.56096
916 G	0.20746	0.23876	0.55379
917 A	0.20791	0.23562	0.55647
918 T	0.20869	0.23381	0.55751
919 A	0.20890	0.23318	0.55792
920 T	0.20866	0.23216	0.55918
921 C	0.20805	0.23283	0.55912
922 A	0.20795	0.23532	0.55673
923 A	0.20842	0.23590	0.55568
924 A	0.21039	0.23466	0.55495
925 A	0.21525	0.23018	0.55458
926 A	0.22845	0.21647	0.55507
927 T	0.27808	0.15612	0.5658
928 T	0.30122	0.12491	0.57387
929 A	0.31037	0.11067	0.57896
930 T	0.32899	0.08022	0.5908
931 A	0.33145	0.08710	0.58145
932 T	0.33464	0.08076	0.58461
933 T	0.33879	0.07599	0.58522
934 A	0.33808	0.07727	0.58466
935 T	0.33931	0.07592	0.58477
936 C	0.33977	0.07583	0.58439
937 G	0.34026	0.07567	0.58408
938 A	0.34617	0.07048	0.58335
939 T	0.35487	0.06214	0.58299
940 G	0.35582	0.06105	0.58314
941 C	0.35716	0.05956	0.58329
942 T	0.35913	0.05696	0.58391
943 T	0.35959	0.05595	0.58446
944 C	0.35919	0.05596	0.58484
945 T	0.35993	0.05532	0.58475
946 A	0.35887	0.05663	0.5845
947 A	0.35762	0.05787	0.58451
948 T	0.35742	0.05804	0.58454
949 G	0.35513	0.06073	0.58414
950 A	0.35364	0.06268	0.58367
951 A	0.35430	0.06228	0.58341
952 G	0.35625	0.06036	0.5834
953 A	0.35984	0.05768	0.58248
954 T	0.37644	0.03953	0.58403
955 T	0.37849	0.03719	0.58432
956 T	0.37929	0.03628	0.58443
957 A	0.37798	0.03973	0.58229
958 C	0.37771	0.04031	0.58197
959 T	0.37837	0.04186	0.57977
960 A	0.37749	0.04532	0.57719
961 T	0.37804	0.04568	0.57628
962 T	0.37790	0.04673	0.57537
963 T	0.37669	0.04859	0.57473
964 T	0.37386	0.05182	0.57432
965 T	0.36840	0.05779	0.57381
966 A	0.35914	0.06744	0.57343
967 T	0.35354	0.07292	0.57355
968 T	0.35121	0.07453	0.57426
969 A	0.34691	0.07773	0.57536
970 G	0.34431	0.07888	0.57681
971 A	0.34372	0.07869	0.57759
972 A	0.34369	0.07650	0.57981
973 G	0.34430	0.07399	0.58172
974 A	0.34513	0.07238	0.58248
975 A	0.34618	0.07075	0.58307
976 G	0.34801	0.06822	0.58378
977 G	0.34871	0.06699	0.5843
978 A	0.35018	0.06504	0.58478
979 A	0.35361	0.06050	0.58589
980 T	0.36014	0.05155	0.58831
981 T	0.36291	0.04750	0.58959
982 T	0.36535	0.04396	0.59069
983 T	0.36685	0.04075	0.5924
984 T	0.36753	0.03877	0.59371
985 T	0.36798	0.03669	0.59533
986 A	0.36838	0.03405	0.59757
987 T	0.36931	0.02836	0.60233
988 T	0.37020	0.02053	0.60928
989 A	0.37095	0.00996	0.61909
990 A	0.37208	0.00000	0.62792
