# lcl|CP097583.1_cds_USQ93295.1_1
# AA	inside	membr	outside
1 A	0.49103	0.00000	0.50897
2 T	0.46306	0.02798	0.50897
3 G	0.45108	0.03995	0.50897
4 A	0.45108	0.08596	0.46297
5 A	0.39492	0.17468	0.43041
6 A	0.39492	0.17959	0.42549
7 A	0.23551	0.34120	0.42329
8 A	0.23551	0.34129	0.42321
9 T	0.21815	0.36041	0.42144
10 G	0.21803	0.54753	0.23445
11 A	0.21187	0.56388	0.22425
12 A	0.13771	0.64177	0.22053
13 A	0.06900	0.71945	0.21155
14 A	0.06899	0.71946	0.21155
15 A	0.06899	0.73961	0.1914
16 G	0.06785	0.74075	0.1914
17 A	0.06603	0.74304	0.19094
18 A	0.06598	0.74446	0.18956
19 A	0.06576	0.74552	0.18871
20 A	0.06515	0.75653	0.17832
21 A	0.06517	0.75505	0.17979
22 T	0.07946	0.73343	0.18711
23 T	0.08918	0.71449	0.19633
24 T	0.10155	0.69759	0.20085
25 T	0.10765	0.65258	0.23977
26 T	0.10885	0.64256	0.24859
27 G	0.11674	0.62154	0.26172
28 A	0.12925	0.58516	0.2856
29 A	0.13246	0.58106	0.28648
30 A	0.13787	0.45804	0.40409
31 A	0.14256	0.45112	0.40632
32 A	0.15361	0.42110	0.42529
33 T	0.32228	0.25583	0.4219
34 A	0.32657	0.32723	0.3462
35 T	0.33377	0.28398	0.38224
36 T	0.33459	0.28558	0.37983
37 A	0.31498	0.32636	0.35866
38 A	0.31847	0.33453	0.347
39 A	0.28871	0.39793	0.31336
40 A	0.28682	0.40603	0.30714
41 C	0.28747	0.40657	0.30597
42 A	0.28985	0.41200	0.29815
43 T	0.30071	0.40096	0.29833
44 A	0.30018	0.40384	0.29598
45 T	0.30141	0.40353	0.29507
46 G	0.30217	0.40304	0.29479
47 C	0.30389	0.39999	0.29612
48 T	0.30629	0.39846	0.29524
49 T	0.30741	0.40288	0.2897
50 T	0.30692	0.40644	0.28663
51 A	0.30628	0.40765	0.28607
52 G	0.30370	0.41296	0.28333
53 A	0.30402	0.41449	0.28149
54 A	0.31275	0.41573	0.27152
55 A	0.32460	0.41275	0.26265
56 A	0.35607	0.38113	0.2628
57 T	0.44156	0.28880	0.26965
58 A	0.45888	0.27312	0.26799
59 A	0.49787	0.23157	0.27056
60 T	0.52350	0.19147	0.28503
61 A	0.53457	0.17665	0.28878
62 T	0.56663	0.11958	0.31378
63 T	0.57389	0.10962	0.31649
64 C	0.57598	0.10645	0.31757
65 C	0.58071	0.10448	0.31481
66 T	0.58149	0.11710	0.30141
67 A	0.58249	0.12290	0.29461
68 T	0.57990	0.13190	0.2882
69 T	0.57451	0.13908	0.2864
70 A	0.56923	0.14491	0.28586
71 T	0.56760	0.14477	0.28763
72 T	0.56727	0.14208	0.29065
73 C	0.56285	0.14363	0.29352
74 A	0.55959	0.14716	0.29325
75 T	0.56192	0.14230	0.29578
76 G	0.56093	0.14430	0.29477
77 A	0.56832	0.13828	0.2934
78 T	0.57844	0.12969	0.29187
79 G	0.57828	0.13023	0.29149
80 A	0.57806	0.13083	0.29111
81 A	0.58114	0.12707	0.29179
82 A	0.58607	0.12117	0.29276
83 C	0.58940	0.11608	0.29452
84 T	0.59719	0.10754	0.29527
85 C	0.60192	0.10246	0.29563
86 T	0.60827	0.09605	0.29568
87 T	0.60989	0.09459	0.29552
88 A	0.61037	0.09453	0.2951
89 T	0.61693	0.08714	0.29594
90 A	0.61975	0.08469	0.29557
91 T	0.62470	0.07371	0.30159
92 T	0.62264	0.07029	0.30706
93 T	0.61435	0.07271	0.31294
94 T	0.58675	0.10020	0.31306
95 T	0.53864	0.14837	0.31299
96 A	0.40898	0.28118	0.30984
97 C	0.29857	0.39433	0.3071
98 A	0.24889	0.45351	0.2976
99 A	0.22201	0.48277	0.29522
100 G	0.21173	0.49522	0.29305
101 A	0.20280	0.51068	0.28653
102 T	0.19685	0.52116	0.28199
103 A	0.19077	0.53066	0.27857
104 T	0.18846	0.53371	0.27783
105 A	0.18334	0.54472	0.27193
106 A	0.17948	0.55491	0.26561
107 T	0.17729	0.55876	0.26395
108 T	0.17098	0.56999	0.25903
109 A	0.15767	0.58808	0.25425
110 A	0.15096	0.59597	0.25307
111 A	0.14542	0.60148	0.2531
112 A	0.14240	0.60375	0.25386
113 A	0.14191	0.60111	0.25698
114 A	0.14290	0.59510	0.26199
115 A	0.14625	0.58138	0.27237
116 A	0.14899	0.55798	0.29304
117 T	0.15575	0.51043	0.33382
118 A	0.15997	0.45552	0.38451
119 A	0.16720	0.33527	0.49752
120 T	0.17638	0.22509	0.59853
121 T	0.18490	0.17563	0.63946
122 T	0.18816	0.15737	0.65447
123 A	0.18921	0.17593	0.63487
124 A	0.19462	0.18110	0.62429
125 T	0.20111	0.18404	0.61485
126 T	0.20551	0.20020	0.5943
127 A	0.20677	0.23107	0.56216
128 A	0.21245	0.25143	0.53612
129 T	0.21935	0.26926	0.51139
130 A	0.22090	0.27908	0.50003
131 T	0.22623	0.27253	0.50124
132 T	0.22875	0.26590	0.50535
133 T	0.22755	0.28609	0.48636
134 T	0.22405	0.30256	0.47338
135 A	0.21636	0.31795	0.46568
136 G	0.21280	0.32780	0.4594
137 A	0.21024	0.33458	0.45517
138 A	0.20807	0.34114	0.45079
139 A	0.20650	0.34732	0.44618
140 T	0.20654	0.35100	0.44246
141 A	0.20614	0.35991	0.43395
142 G	0.20705	0.35975	0.43319
143 G	0.20917	0.35793	0.4329
144 A	0.21330	0.35413	0.43257
145 A	0.22184	0.34475	0.43341
146 C	0.25165	0.31239	0.43596
147 G	0.27398	0.28940	0.43662
148 G	0.29931	0.26375	0.43694
149 C	0.33244	0.23039	0.43717
150 T	0.37175	0.19234	0.43591
151 A	0.39593	0.16905	0.43502
152 T	0.42754	0.13731	0.43515
153 T	0.43740	0.12754	0.43507
154 G	0.43690	0.12925	0.43385
155 G	0.44088	0.12455	0.43458
156 T	0.46118	0.10577	0.43304
157 T	0.46284	0.10831	0.42886
158 A	0.44412	0.12242	0.43345
159 T	0.44178	0.12247	0.43575
160 A	0.42687	0.13555	0.43759
161 G	0.42444	0.13577	0.43978
162 C	0.42477	0.13361	0.44162
163 G	0.42620	0.13213	0.44167
164 C	0.43358	0.12433	0.44209
165 T	0.43508	0.12328	0.44164
166 C	0.42946	0.12904	0.4415
167 T	0.42522	0.13364	0.44114
168 C	0.41132	0.14799	0.44068
169 G	0.39943	0.16232	0.43824
170 C	0.39177	0.17154	0.43669
171 T	0.38550	0.18348	0.43102
172 A	0.37332	0.20112	0.42557
173 T	0.37012	0.20654	0.42333
174 G	0.36375	0.21492	0.42133
175 A	0.35629	0.22740	0.41631
176 A	0.35314	0.23066	0.4162
177 T	0.35268	0.22889	0.41843
178 A	0.35165	0.23364	0.41471
179 A	0.35344	0.22810	0.41847
180 T	0.35707	0.21174	0.43119
181 G	0.35196	0.19363	0.45442
182 A	0.34776	0.19168	0.46057
183 C	0.33921	0.18904	0.47175
184 A	0.30395	0.23248	0.46357
185 A	0.26628	0.27741	0.4563
186 A	0.24061	0.31491	0.44448
187 A	0.22888	0.33802	0.43311
188 A	0.22154	0.35472	0.42374
189 T	0.21766	0.36336	0.41898
190 A	0.20794	0.39224	0.39982
191 A	0.20540	0.39156	0.40305
192 T	0.20748	0.37755	0.41498
193 A	0.20538	0.37335	0.42127
194 T	0.20872	0.36330	0.42799
195 T	0.20765	0.35632	0.43603
196 C	0.19784	0.36174	0.44042
197 A	0.19068	0.36605	0.44328
198 A	0.18567	0.36662	0.44771
199 A	0.18188	0.36810	0.45003
200 C	0.18038	0.36748	0.45213
201 C	0.18339	0.36380	0.45282
202 A	0.17987	0.36974	0.45039
203 T	0.17878	0.37111	0.45012
204 A	0.16844	0.38443	0.44712
205 G	0.16046	0.39561	0.44392
206 A	0.15168	0.40599	0.44234
207 A	0.14865	0.37798	0.47337
208 A	0.15132	0.33784	0.51084
209 G	0.16021	0.30723	0.53256
210 A	0.17240	0.30060	0.527
211 G	0.18424	0.29725	0.51851
212 A	0.19826	0.29411	0.50762
213 T	0.22234	0.26691	0.51075
214 T	0.22980	0.26082	0.50938
215 A	0.22872	0.26879	0.50248
216 T	0.22443	0.28752	0.48805
217 A	0.21089	0.34112	0.448
218 A	0.20358	0.36273	0.43369
219 T	0.19799	0.36741	0.4346
220 A	0.18944	0.37678	0.43378
221 A	0.18580	0.37826	0.43594
222 A	0.18478	0.37539	0.43983
223 T	0.18515	0.36911	0.44574
224 A	0.18399	0.36700	0.449
225 T	0.18757	0.35788	0.45455
226 A	0.18952	0.35295	0.45753
227 A	0.19403	0.33812	0.46785
228 A	0.19882	0.32415	0.47702
229 A	0.20716	0.30376	0.48908
230 T	0.21828	0.28035	0.50137
231 A	0.22571	0.26682	0.50748
232 G	0.23535	0.25133	0.51333
233 C	0.25383	0.23035	0.51582
234 T	0.27448	0.21153	0.51399
235 T	0.28818	0.20268	0.50914
236 T	0.29446	0.20419	0.50135
237 A	0.29639	0.20798	0.49563
238 G	0.30423	0.20121	0.49456
239 A	0.32283	0.17612	0.50105
240 T	0.36935	0.11499	0.51566
241 T	0.38835	0.08992	0.52173
242 T	0.39613	0.07932	0.52455
243 T	0.39851	0.07211	0.52938
244 T	0.39791	0.07135	0.53074
245 T	0.39598	0.07362	0.5304
246 T	0.39076	0.08095	0.5283
247 C	0.38210	0.09280	0.5251
248 A	0.37397	0.12269	0.50334
249 T	0.37002	0.14237	0.48761
250 G	0.33881	0.18464	0.47654
251 A	0.31489	0.21640	0.46871
252 A	0.29154	0.24646	0.462
253 A	0.27646	0.26458	0.45895
254 A	0.27013	0.27254	0.45732
255 A	0.26883	0.27424	0.45694
256 A	0.27006	0.27291	0.45703
257 A	0.27525	0.26744	0.45731
258 A	0.28259	0.25887	0.45854
259 T	0.29266	0.24637	0.46097
260 T	0.29796	0.23942	0.46262
261 T	0.29969	0.23832	0.46199
262 A	0.30089	0.23959	0.45952
263 A	0.30190	0.23877	0.45933
264 T	0.30436	0.23541	0.46022
265 A	0.30627	0.23246	0.46128
266 T	0.30862	0.22619	0.4652
267 C	0.31127	0.21917	0.46956
268 G	0.31507	0.21493	0.47
269 A	0.31962	0.20919	0.47119
270 A	0.32711	0.19616	0.47673
271 T	0.35226	0.16309	0.48464
272 T	0.36833	0.14335	0.48832
273 T	0.37735	0.10174	0.52091
274 A	0.38079	0.07579	0.54342
275 T	0.38517	0.04947	0.56536
276 T	0.38705	0.03395	0.57899
277 T	0.38783	0.02728	0.58489
278 G	0.38764	0.02558	0.58678
279 G	0.38780	0.02517	0.58703
280 T	0.38811	0.02547	0.58642
281 C	0.38788	0.02613	0.586
282 A	0.38748	0.03140	0.58113
283 G	0.38759	0.03197	0.58044
284 A	0.38888	0.03128	0.57984
285 A	0.39097	0.02911	0.57992
286 G	0.39203	0.02783	0.58014
287 C	0.39383	0.02538	0.58078
288 T	0.39630	0.02381	0.57989
289 C	0.39678	0.02655	0.57667
290 T	0.39738	0.03346	0.56916
291 T	0.39720	0.03773	0.56507
292 T	0.39529	0.05539	0.54931
293 T	0.39246	0.06905	0.5385
294 T	0.38734	0.07858	0.53407
295 T	0.37302	0.09924	0.52775
296 A	0.34814	0.12970	0.52216
297 T	0.33332	0.14481	0.52187
298 C	0.30827	0.16986	0.52188
299 A	0.28940	0.18901	0.5216
300 A	0.27182	0.20685	0.52133
301 C	0.26293	0.21564	0.52143
302 C	0.25848	0.22048	0.52105
303 T	0.25584	0.22417	0.51999
304 A	0.25144	0.22941	0.51914
305 A	0.25168	0.22943	0.51889
306 T	0.25098	0.23028	0.51875
307 A	0.24846	0.23277	0.51877
308 A	0.24712	0.23344	0.51944
309 A	0.24670	0.23351	0.51979
310 A	0.24642	0.23357	0.52
311 A	0.24814	0.23135	0.5205
312 A	0.25320	0.22500	0.5218
313 T	0.26253	0.21355	0.52392
314 A	0.26687	0.20612	0.52701
315 T	0.28179	0.18520	0.53301
316 G	0.28990	0.16937	0.54073
317 A	0.29453	0.15707	0.54839
318 T	0.30110	0.13217	0.56672
319 T	0.30592	0.10556	0.58852
320 T	0.30624	0.09354	0.60023
321 A	0.30509	0.08119	0.61372
322 A	0.30520	0.06717	0.62762
323 T	0.30587	0.05080	0.64333
324 T	0.30628	0.04223	0.65149
325 T	0.30662	0.03858	0.6548
326 T	0.30708	0.03823	0.65468
327 T	0.30676	0.03887	0.65437
328 A	0.30535	0.04582	0.64882
329 T	0.30420	0.04933	0.64647
330 T	0.30320	0.05343	0.64337
331 G	0.30104	0.05627	0.64269
332 A	0.29934	0.06149	0.63917
333 T	0.29776	0.06499	0.63724
334 G	0.29428	0.06926	0.63645
335 C	0.28515	0.08076	0.63409
336 T	0.27916	0.09055	0.63029
337 G	0.27018	0.10317	0.62664
338 C	0.26302	0.11559	0.62139
339 T	0.25775	0.12745	0.6148
340 A	0.25328	0.13770	0.60901
341 A	0.25191	0.14240	0.60569
342 A	0.25194	0.14281	0.60525
343 G	0.25266	0.14222	0.60512
344 T	0.25638	0.13748	0.60614
345 T	0.25743	0.13729	0.60527
346 C	0.25182	0.14733	0.60085
347 A	0.24706	0.17114	0.5818
348 A	0.24576	0.17393	0.5803
349 T	0.24550	0.17675	0.57774
350 A	0.24246	0.18126	0.57628
351 T	0.24267	0.18149	0.57584
352 C	0.22961	0.19560	0.5748
353 A	0.21960	0.21260	0.5678
354 A	0.20909	0.22819	0.56272
355 A	0.20800	0.23195	0.56005
356 A	0.20845	0.23145	0.5601
357 A	0.20992	0.22816	0.56191
358 T	0.21628	0.21080	0.57291
359 T	0.22084	0.19875	0.58041
360 A	0.22311	0.18771	0.58919
361 T	0.22753	0.17642	0.59605
362 T	0.23012	0.16941	0.60047
363 T	0.22937	0.16756	0.60307
364 G	0.22245	0.17462	0.60292
365 A	0.21831	0.17969	0.602
366 A	0.21615	0.18358	0.60027
367 A	0.21433	0.18879	0.59689
368 A	0.21429	0.18979	0.59592
369 A	0.21834	0.18186	0.5998
370 T	0.23528	0.16207	0.60265
371 A	0.23576	0.16048	0.60376
372 T	0.23917	0.15919	0.60164
373 A	0.23889	0.16425	0.59685
374 A	0.23969	0.16607	0.59424
375 T	0.24238	0.15133	0.60629
376 A	0.24745	0.13722	0.61533
377 T	0.25333	0.12220	0.62447
378 T	0.25619	0.11810	0.62571
379 T	0.25635	0.11815	0.62551
380 T	0.25441	0.12086	0.62473
381 T	0.24752	0.13059	0.62189
382 T	0.23597	0.14454	0.61949
383 T	0.22374	0.16215	0.61411
384 A	0.20337	0.19094	0.60568
385 A	0.19099	0.21063	0.59837
386 A	0.18463	0.21815	0.59721
387 T	0.18236	0.21706	0.60058
388 A	0.17301	0.23039	0.5966
389 A	0.17088	0.23672	0.5924
390 A	0.17051	0.24059	0.58889
391 A	0.17136	0.24635	0.58229
392 A	0.17439	0.24371	0.5819
393 T	0.18157	0.23518	0.58325
394 A	0.18497	0.23107	0.58396
395 A	0.19212	0.22322	0.58465
396 A	0.20223	0.21116	0.58661
397 T	0.21487	0.19734	0.58779
398 T	0.21836	0.19310	0.58853
399 T	0.22119	0.18982	0.589
400 A	0.22167	0.18924	0.58909
401 T	0.22393	0.18492	0.59116
402 T	0.22532	0.18079	0.59389
403 A	0.22585	0.17678	0.59736
404 T	0.22949	0.16399	0.60652
405 A	0.23189	0.15234	0.61577
406 T	0.23764	0.13549	0.62687
407 G	0.23980	0.11825	0.64195
408 T	0.24659	0.10153	0.65188
409 G	0.24681	0.09755	0.65564
410 A	0.24908	0.09636	0.65456
411 T	0.25540	0.08543	0.65917
412 A	0.25835	0.08569	0.65597
413 A	0.26260	0.08105	0.65634
414 T	0.27093	0.07371	0.65535
415 T	0.27181	0.07585	0.65234
416 T	0.27059	0.08029	0.64912
417 A	0.26836	0.08670	0.64494
418 A	0.26765	0.09165	0.64071
419 A	0.26839	0.09226	0.63934
420 T	0.26993	0.09062	0.63944
421 T	0.27034	0.09130	0.63836
422 T	0.27039	0.09139	0.63822
423 T	0.27003	0.09189	0.63808
424 C	0.26814	0.09493	0.63692
425 A	0.26716	0.09950	0.63334
426 T	0.26756	0.10112	0.63133
427 A	0.26732	0.10577	0.6269
428 A	0.26706	0.10968	0.62325
429 T	0.26988	0.10836	0.62176
430 T	0.27098	0.10416	0.62487
431 T	0.27044	0.10492	0.62464
432 A	0.26937	0.10572	0.62491
433 A	0.27191	0.10296	0.62513
434 A	0.27466	0.09968	0.62566
435 T	0.28238	0.08987	0.62776
436 A	0.28629	0.08700	0.62671
437 T	0.29148	0.08416	0.62436
438 T	0.29155	0.08897	0.61948
439 A	0.28638	0.10662	0.60699
440 A	0.28634	0.10977	0.60388
441 T	0.28824	0.10728	0.60448
442 A	0.28790	0.10786	0.60424
443 A	0.28829	0.10678	0.60493
444 T	0.29036	0.10322	0.60641
445 C	0.29042	0.10223	0.60735
446 G	0.29039	0.10564	0.60398
447 T	0.29144	0.10485	0.60371
448 A	0.29278	0.10581	0.60141
449 A	0.29444	0.10522	0.60034
450 A	0.29873	0.10061	0.60067
451 C	0.30399	0.09195	0.60406
452 T	0.30667	0.08807	0.60526
453 T	0.30745	0.08600	0.60654
454 T	0.30612	0.08621	0.60767
455 C	0.30189	0.08921	0.6089
456 G	0.29850	0.09312	0.60838
457 A	0.29552	0.09661	0.60787
458 G	0.29489	0.09788	0.60724
459 A	0.29598	0.09865	0.60538
460 A	0.30002	0.09514	0.60483
461 G	0.30209	0.08936	0.60855
462 T	0.31128	0.07488	0.61384
463 A	0.30846	0.07683	0.61471
464 C	0.30533	0.08001	0.61466
465 T	0.30266	0.08495	0.61239
466 A	0.29100	0.10069	0.6083
467 A	0.28577	0.10705	0.60718
468 A	0.28421	0.10821	0.60759
469 C	0.28587	0.10586	0.60827
470 G	0.28557	0.10663	0.6078
471 T	0.28780	0.10577	0.60643
472 T	0.28772	0.10753	0.60475
473 T	0.28606	0.11139	0.60255
474 A	0.28107	0.11693	0.602
475 A	0.27792	0.11968	0.6024
476 T	0.27616	0.11941	0.60443
477 T	0.27265	0.12017	0.60718
478 C	0.26643	0.12333	0.61025
479 A	0.26033	0.13041	0.60926
480 A	0.25699	0.13380	0.60921
481 A	0.25554	0.13489	0.60956
482 A	0.25634	0.13286	0.61081
483 A	0.25703	0.13115	0.61181
484 A	0.25830	0.12398	0.61771
485 T	0.26103	0.11563	0.62334
486 G	0.26287	0.10664	0.63049
487 A	0.26540	0.09993	0.63467
488 A	0.26887	0.09268	0.63844
489 T	0.27380	0.07829	0.64791
490 T	0.27570	0.07566	0.64864
491 A	0.27700	0.07566	0.64734
492 T	0.27866	0.07651	0.64483
493 T	0.28045	0.08281	0.63675
494 T	0.28149	0.08676	0.63175
495 T	0.28199	0.09046	0.62754
496 A	0.28281	0.09475	0.62245
497 A	0.28327	0.09245	0.62429
498 A	0.28460	0.08882	0.62658
499 T	0.28760	0.08225	0.63015
500 T	0.28948	0.07657	0.63395
501 T	0.29067	0.07032	0.63901
502 T	0.29197	0.06429	0.64374
503 T	0.29254	0.06143	0.64604
504 T	0.29268	0.06027	0.64705
505 T	0.29237	0.06071	0.64693
506 T	0.29127	0.06336	0.64536
507 A	0.28779	0.07148	0.64073
508 A	0.28649	0.07778	0.63572
509 A	0.28578	0.08278	0.63144
510 G	0.28570	0.08719	0.62711
511 A	0.28642	0.09389	0.61969
512 A	0.28893	0.09393	0.61713
513 T	0.29553	0.08848	0.61599
514 A	0.30044	0.08362	0.61594
515 A	0.30825	0.07567	0.61608
516 T	0.32137	0.06198	0.61665
517 T	0.32689	0.05580	0.6173
518 C	0.32969	0.05229	0.61802
519 T	0.33379	0.04799	0.61823
520 T	0.33504	0.04677	0.61819
521 T	0.33508	0.04681	0.61811
522 T	0.33220	0.04988	0.61791
523 T	0.32596	0.05630	0.61775
524 T	0.31230	0.07012	0.61758
525 T	0.28895	0.09391	0.61713
526 G	0.25812	0.12474	0.61714
527 A	0.23162	0.15148	0.6169
528 A	0.21687	0.16613	0.617
529 A	0.20811	0.17376	0.61812
530 C	0.20979	0.16888	0.62132
531 A	0.21357	0.16444	0.62199
532 A	0.21777	0.15975	0.62248
533 C	0.22253	0.15459	0.62287
534 T	0.22971	0.14764	0.62266
535 T	0.23167	0.14588	0.62244
536 T	0.23244	0.14518	0.62239
537 T	0.23224	0.14547	0.62229
538 T	0.23172	0.14641	0.62187
539 T	0.23111	0.14737	0.62152
540 A	0.22950	0.14935	0.62114
541 A	0.22888	0.14973	0.62139
542 A	0.22854	0.14926	0.6222
543 T	0.22846	0.14697	0.62458
544 A	0.22812	0.14410	0.62779
545 T	0.22801	0.13542	0.63657
546 A	0.22756	0.12350	0.64893
547 G	0.22758	0.10468	0.66774
548 G	0.22796	0.08396	0.68808
549 A	0.22806	0.06279	0.70915
550 G	0.22841	0.04204	0.72955
551 A	0.22853	0.03142	0.74006
552 T	0.22832	0.02426	0.74742
553 G	0.22740	0.02911	0.74348
554 G	0.22689	0.04079	0.73232
555 T	0.22652	0.06170	0.71177
556 A	0.22559	0.07960	0.69481
557 T	0.22514	0.09930	0.67556
558 T	0.22346	0.11856	0.65797
559 A	0.22007	0.13752	0.64241
560 G	0.21755	0.15036	0.63209
561 T	0.21645	0.16165	0.62191
562 A	0.21283	0.16797	0.6192
563 T	0.21287	0.16717	0.61997
564 T	0.21231	0.16721	0.62049
565 T	0.20969	0.16952	0.62078
566 C	0.20850	0.17049	0.62101
567 A	0.20770	0.17119	0.62111
568 C	0.20775	0.17099	0.62126
569 G	0.20791	0.17076	0.62134
570 T	0.20817	0.17046	0.62136
571 A	0.20844	0.17018	0.62138
572 A	0.20912	0.16940	0.62148
573 A	0.20991	0.16850	0.62158
574 A	0.21255	0.16537	0.62208
575 A	0.21617	0.16115	0.62268
576 A	0.22570	0.15047	0.62382
577 A	0.24220	0.13279	0.62502
578 T	0.27002	0.10351	0.62646
579 A	0.28777	0.08413	0.62809
580 T	0.31038	0.05987	0.62975
581 T	0.32487	0.04318	0.63195
582 A	0.33382	0.03106	0.63512
583 T	0.34147	0.02001	0.63852
584 A	0.34837	0.01025	0.64138
585 A	0.35144	0.00000	0.64855
