# lcl|CP097583.1_cds_USQ93312.1_1
# AA	inside	membr	outside
1 A	0.58392	0.00000	0.41608
2 T	0.57842	0.00550	0.41608
3 G	0.57184	0.01207	0.41608
4 C	0.57184	0.02213	0.40603
5 C	0.50267	0.11353	0.3838
6 A	0.50267	0.12747	0.36986
7 G	0.44881	0.18462	0.36657
8 A	0.44881	0.18476	0.36643
9 A	0.44241	0.19163	0.36596
10 T	0.44240	0.19468	0.36292
11 T	0.44080	0.19646	0.36275
12 A	0.36599	0.27138	0.36263
13 C	0.29183	0.34603	0.36213
14 C	0.29182	0.34605	0.36213
15 A	0.29182	0.36413	0.34405
16 G	0.28942	0.36653	0.34405
17 A	0.27852	0.37763	0.34386
18 A	0.27827	0.37808	0.34365
19 G	0.27403	0.38240	0.34357
20 T	0.25359	0.40458	0.34183
21 A	0.17923	0.47877	0.342
22 G	0.17738	0.48042	0.3422
23 A	0.17763	0.47918	0.34319
24 A	0.17910	0.47739	0.34351
25 A	0.18276	0.46031	0.35692
26 T	0.18815	0.44223	0.36962
27 T	0.19333	0.42351	0.38315
28 A	0.19805	0.36769	0.43427
29 C	0.20161	0.36282	0.43557
30 A	0.19684	0.34575	0.45742
31 A	0.19284	0.34735	0.45981
32 T	0.19071	0.33714	0.47215
33 T	0.18245	0.33893	0.47862
34 C	0.16229	0.35780	0.4799
35 G	0.15412	0.31195	0.53394
36 T	0.15084	0.27331	0.57585
37 A	0.14390	0.30441	0.55169
38 A	0.15210	0.30045	0.54745
39 T	0.14943	0.30646	0.5441
40 T	0.14663	0.29726	0.55611
41 T	0.14176	0.29897	0.55928
42 A	0.13521	0.31034	0.55445
43 A	0.13386	0.29662	0.56952
44 G	0.13027	0.26519	0.60454
45 A	0.12659	0.29855	0.57486
46 A	0.12421	0.31058	0.56521
47 A	0.11805	0.33141	0.55054
48 A	0.11418	0.34268	0.54314
49 A	0.11168	0.36081	0.52751
50 A	0.10959	0.36767	0.52273
51 A	0.11148	0.36173	0.52679
52 A	0.11637	0.36150	0.52214
53 T	0.12071	0.37805	0.50124
54 A	0.12217	0.41323	0.46461
55 A	0.12586	0.41622	0.45792
56 T	0.13164	0.40538	0.46298
57 T	0.13518	0.40237	0.46246
58 G	0.13454	0.40656	0.4589
59 A	0.14192	0.40673	0.45135
60 T	0.16413	0.38033	0.45554
61 T	0.16668	0.37434	0.45898
62 C	0.16721	0.36912	0.46368
63 T	0.16835	0.37029	0.46136
64 C	0.16628	0.37248	0.46123
65 G	0.16691	0.37923	0.45385
66 A	0.16806	0.38329	0.44866
67 A	0.18420	0.36947	0.44633
68 T	0.21482	0.33745	0.44773
69 A	0.22505	0.33072	0.44423
70 G	0.23761	0.31807	0.44432
71 A	0.24386	0.32583	0.43031
72 A	0.25483	0.32227	0.42289
73 A	0.26228	0.32317	0.41455
74 A	0.27017	0.32086	0.40896
75 A	0.28650	0.30593	0.40757
76 A	0.32582	0.26670	0.40748
77 T	0.38056	0.21124	0.4082
78 A	0.38977	0.20176	0.40848
79 G	0.39741	0.19367	0.40892
80 A	0.41221	0.17892	0.40888
81 A	0.42421	0.16493	0.41086
82 A	0.43899	0.14938	0.41163
83 T	0.45526	0.13277	0.41197
84 T	0.46066	0.12590	0.41345
85 T	0.46203	0.12646	0.41151
86 T	0.44906	0.13818	0.41275
87 T	0.40968	0.17554	0.41478
88 C	0.33747	0.24619	0.41634
89 A	0.28555	0.29822	0.41622
90 C	0.27487	0.30857	0.41656
91 C	0.26652	0.31688	0.4166
92 A	0.26575	0.31770	0.41655
93 A	0.27224	0.31125	0.41651
94 C	0.28900	0.29405	0.41696
95 C	0.29550	0.28748	0.41702
96 T	0.30609	0.27688	0.41703
97 T	0.31172	0.27104	0.41724
98 C	0.31166	0.27103	0.41731
99 A	0.31209	0.27059	0.41733
100 T	0.31355	0.26888	0.41757
101 T	0.31383	0.26542	0.42075
102 A	0.31128	0.26645	0.42228
103 C	0.30951	0.26707	0.42343
104 A	0.30878	0.26638	0.42484
105 A	0.30965	0.26431	0.42604
106 A	0.31149	0.26004	0.42847
107 G	0.31386	0.25294	0.4332
108 T	0.32016	0.24145	0.43839
109 A	0.32152	0.21215	0.46633
110 T	0.32219	0.16113	0.51668
111 T	0.32230	0.09267	0.58504
112 C	0.32068	0.05228	0.62703
113 A	0.31862	0.05932	0.62206
114 T	0.31636	0.07085	0.61279
115 A	0.31263	0.09884	0.58852
116 A	0.30154	0.12493	0.57353
117 T	0.29143	0.14334	0.56522
118 T	0.28190	0.17488	0.54323
119 T	0.26877	0.21686	0.51438
120 G	0.24261	0.28159	0.4758
121 G	0.23356	0.31984	0.4466
122 A	0.23082	0.33501	0.43416
123 T	0.22825	0.33828	0.43346
124 A	0.22647	0.34074	0.43278
125 A	0.22576	0.33892	0.43532
126 T	0.22531	0.33653	0.43816
127 C	0.22404	0.33578	0.44018
128 T	0.22294	0.33664	0.44041
129 C	0.22090	0.33863	0.44047
130 G	0.21975	0.34013	0.44012
131 A	0.21880	0.34128	0.43992
132 A	0.21832	0.34184	0.43984
133 C	0.21838	0.34152	0.44009
134 A	0.21917	0.34116	0.43967
135 A	0.22308	0.33596	0.44097
136 A	0.23584	0.32132	0.44285
137 A	0.25165	0.30284	0.44551
138 A	0.27788	0.27250	0.44962
139 A	0.30083	0.23142	0.46775
140 C	0.32707	0.18151	0.49142
141 T	0.37578	0.12383	0.50039
142 T	0.40658	0.08540	0.50802
143 T	0.43066	0.05089	0.51845
144 T	0.43954	0.04570	0.51476
145 T	0.43578	0.06051	0.50372
146 T	0.42016	0.09511	0.48473
147 A	0.38280	0.14950	0.46769
148 G	0.36706	0.18132	0.45162
149 A	0.35922	0.20831	0.43246
150 T	0.35548	0.21198	0.43254
151 A	0.34901	0.21871	0.43228
152 T	0.34346	0.22351	0.43303
153 T	0.33361	0.23416	0.43224
154 C	0.31979	0.24876	0.43145
155 A	0.30656	0.26770	0.42575
156 A	0.29979	0.27664	0.42357
157 A	0.29700	0.28023	0.42276
158 G	0.29529	0.28225	0.42247
159 A	0.29420	0.28364	0.42217
160 A	0.29372	0.28384	0.42245
161 A	0.29371	0.28352	0.42276
162 A	0.29409	0.28273	0.42319
163 G	0.29506	0.28098	0.42396
164 G	0.29757	0.27742	0.42502
165 T	0.30299	0.27033	0.42668
166 A	0.30817	0.26339	0.42844
167 A	0.31906	0.24767	0.43327
168 A	0.33415	0.22367	0.44217
169 T	0.36229	0.17665	0.46106
170 T	0.37835	0.12702	0.49463
171 T	0.39205	0.09849	0.50945
172 T	0.40293	0.08006	0.51701
173 T	0.40419	0.07437	0.52143
174 A	0.40502	0.06786	0.52712
175 T	0.40688	0.05890	0.53422
176 T	0.40859	0.04841	0.543
177 A	0.40966	0.03748	0.55286
178 T	0.41481	0.02164	0.56355
179 T	0.41651	0.01488	0.5686
180 T	0.41682	0.01280	0.57037
181 T	0.41677	0.01191	0.57132
182 T	0.41629	0.01249	0.57122
183 T	0.41530	0.01488	0.56982
184 T	0.41382	0.01828	0.5679
185 T	0.41096	0.02156	0.56749
186 A	0.40733	0.02590	0.56677
187 A	0.40511	0.02823	0.56666
188 G	0.40299	0.03035	0.56666
189 C	0.40233	0.03103	0.56664
190 T	0.40168	0.03178	0.56655
191 C	0.40100	0.03251	0.56649
192 C	0.40078	0.03285	0.56638
193 G	0.40073	0.03305	0.56621
194 A	0.40072	0.03316	0.56612
195 T	0.40139	0.03251	0.5661
196 T	0.40212	0.03179	0.56609
197 G	0.40265	0.03120	0.56615
198 G	0.40324	0.03030	0.56645
199 G	0.40405	0.02917	0.56678
200 T	0.40509	0.02775	0.56715
201 T	0.40586	0.02687	0.56727
202 T	0.40653	0.02638	0.56709
203 T	0.40600	0.02780	0.5662
204 A	0.40392	0.03158	0.5645
205 G	0.40258	0.03390	0.56353
206 T	0.40302	0.03358	0.56341
207 A	0.40271	0.03299	0.5643
208 G	0.40109	0.03266	0.56626
209 G	0.40064	0.03098	0.56838
210 A	0.39992	0.03135	0.56874
211 C	0.39967	0.03032	0.57
212 A	0.39956	0.03281	0.56763
213 T	0.39972	0.03228	0.568
214 T	0.39926	0.03261	0.56813
215 T	0.39853	0.03341	0.56806
216 T	0.39508	0.03764	0.56727
217 C	0.39159	0.04146	0.56695
218 G	0.38868	0.04574	0.56558
219 G	0.38655	0.04932	0.56413
220 A	0.38465	0.05327	0.56208
221 T	0.38321	0.05531	0.56148
222 G	0.38013	0.06057	0.55931
223 G	0.37911	0.06431	0.55659
224 A	0.37829	0.06865	0.55306
225 G	0.37812	0.06949	0.55238
226 G	0.37902	0.06867	0.55231
227 G	0.38085	0.06627	0.55288
228 T	0.38271	0.06597	0.55131
229 A	0.38296	0.06939	0.54765
230 A	0.38212	0.07761	0.54027
231 G	0.38203	0.08411	0.53386
232 A	0.38233	0.09626	0.5214
233 T	0.38352	0.10117	0.51532
234 A	0.38366	0.10578	0.51056
235 T	0.38586	0.10697	0.50718
236 A	0.38578	0.10929	0.50493
237 T	0.38617	0.10753	0.5063
238 A	0.38612	0.10661	0.50728
239 T	0.38778	0.10078	0.51143
240 T	0.38852	0.09722	0.51426
241 C	0.38947	0.09379	0.51674
242 A	0.39014	0.09257	0.5173
243 T	0.39181	0.08998	0.51822
244 A	0.39193	0.08899	0.51909
245 C	0.39402	0.08475	0.52123
246 T	0.39711	0.08195	0.52094
247 T	0.40088	0.07832	0.5208
248 T	0.40098	0.07949	0.51954
249 A	0.39727	0.08630	0.51643
250 G	0.39304	0.09439	0.51257
251 A	0.38296	0.11271	0.50432
252 A	0.38109	0.11881	0.5001
253 G	0.37046	0.13413	0.4954
254 A	0.37325	0.13518	0.49156
255 A	0.38318	0.12743	0.48939
256 T	0.38442	0.12965	0.48593
257 G	0.37402	0.14744	0.47854
258 T	0.36375	0.17278	0.46346
259 A	0.32269	0.22109	0.45622
260 A	0.29225	0.25416	0.45359
261 G	0.26285	0.28457	0.45258
262 A	0.25230	0.29640	0.4513
263 C	0.24849	0.29990	0.45161
264 A	0.24545	0.30282	0.45173
265 A	0.24470	0.30335	0.45196
266 T	0.24453	0.30323	0.45223
267 C	0.24308	0.30442	0.45249
268 C	0.24193	0.30557	0.45251
269 A	0.23564	0.31219	0.45217
270 C	0.23334	0.31446	0.4522
271 A	0.23218	0.31597	0.45185
272 A	0.23373	0.31440	0.45187
273 A	0.23738	0.30910	0.45352
274 T	0.24684	0.28864	0.46452
275 A	0.25080	0.28058	0.46862
276 T	0.25743	0.25090	0.49166
277 G	0.25965	0.24036	0.49999
278 A	0.26166	0.23312	0.50521
279 A	0.26487	0.22260	0.51253
280 A	0.27231	0.20325	0.52444
281 A	0.28686	0.17390	0.53924
282 T	0.29607	0.11875	0.58518
283 T	0.29876	0.08396	0.61727
284 T	0.29948	0.05396	0.64656
285 T	0.29811	0.04753	0.65436
286 C	0.29398	0.05083	0.65519
287 G	0.29001	0.06206	0.64794
288 A	0.28697	0.08183	0.6312
289 A	0.28610	0.09062	0.62328
290 T	0.28613	0.10103	0.61283
291 A	0.28600	0.10982	0.60417
292 T	0.28659	0.10477	0.60864
293 T	0.28666	0.10432	0.60902
294 T	0.28672	0.10642	0.60685
295 T	0.28650	0.11641	0.59709
296 T	0.28604	0.15329	0.56066
297 A	0.28530	0.18519	0.52951
298 A	0.28294	0.21835	0.4987
299 A	0.27869	0.23323	0.48809
300 T	0.27640	0.23754	0.48605
301 A	0.26931	0.25245	0.47824
302 A	0.26833	0.25618	0.47549
303 T	0.26958	0.25671	0.4737
304 A	0.26776	0.26231	0.46994
305 A	0.26712	0.26468	0.4682
306 T	0.26808	0.26449	0.46743
307 A	0.26824	0.26493	0.46683
308 A	0.26964	0.26141	0.46895
309 A	0.27304	0.25418	0.47278
310 A	0.28312	0.24047	0.47641
311 T	0.30199	0.21838	0.47963
312 C	0.31172	0.20744	0.48084
313 T	0.32480	0.19411	0.48109
314 T	0.33169	0.18714	0.48117
315 C	0.33323	0.18556	0.48121
316 C	0.33468	0.18426	0.48106
317 G	0.33818	0.18140	0.48042
318 A	0.34891	0.17159	0.4795
319 T	0.38654	0.13461	0.47885
320 A	0.41600	0.10631	0.47769
321 T	0.45078	0.07043	0.47879
322 T	0.46165	0.05737	0.48099
323 A	0.46379	0.05503	0.48118
324 T	0.46884	0.04446	0.4867
325 G	0.47055	0.04292	0.48653
326 A	0.47215	0.04253	0.48532
327 T	0.47602	0.03829	0.48569
328 T	0.47796	0.03717	0.48487
329 T	0.47864	0.03718	0.48418
330 T	0.47845	0.03809	0.48347
331 A	0.47589	0.04212	0.48198
332 G	0.47137	0.04741	0.48122
333 A	0.46982	0.04999	0.48019
334 A	0.46934	0.05083	0.47983
335 A	0.46938	0.05070	0.47992
336 A	0.46992	0.04994	0.48014
337 T	0.47092	0.04801	0.48107
338 T	0.47127	0.04632	0.48242
339 T	0.47104	0.04544	0.48352
340 G	0.46713	0.04854	0.48434
341 G	0.46543	0.04996	0.48461
342 C	0.46559	0.04977	0.48464
343 C	0.46650	0.04962	0.48388
344 G	0.46828	0.04951	0.48221
345 T	0.47359	0.04462	0.48179
346 T	0.47695	0.04208	0.48097
347 T	0.47768	0.04236	0.47996
348 T	0.47811	0.04267	0.47922
349 C	0.47725	0.04385	0.4789
350 A	0.47678	0.04593	0.4773
351 T	0.47574	0.04725	0.47701
352 T	0.47136	0.05198	0.47667
353 T	0.45828	0.06461	0.47711
354 A	0.43351	0.08848	0.47802
355 T	0.39903	0.11887	0.48209
356 A	0.32375	0.19318	0.48308
357 C	0.28897	0.22799	0.48304
358 A	0.25308	0.26769	0.47923
359 A	0.21865	0.30556	0.47579
360 A	0.18232	0.34492	0.47277
361 A	0.16012	0.36999	0.46989
362 A	0.15402	0.37770	0.46828
363 A	0.15117	0.37846	0.47037
364 G	0.15029	0.37725	0.47246
365 A	0.15009	0.37738	0.47253
366 A	0.15101	0.37605	0.47294
367 A	0.15230	0.37421	0.47349
368 C	0.15298	0.37253	0.47448
369 A	0.15407	0.37182	0.47411
370 T	0.15553	0.36978	0.47469
371 A	0.15634	0.36824	0.47542
372 T	0.15758	0.36568	0.47674
373 T	0.15836	0.36417	0.47747
374 T	0.15795	0.35583	0.48622
375 A	0.15638	0.34924	0.49438
376 G	0.15511	0.32888	0.51601
377 A	0.15039	0.31476	0.53485
378 A	0.14796	0.28385	0.56819
379 G	0.14779	0.22142	0.63078
380 A	0.14842	0.19312	0.65847
381 A	0.15184	0.16079	0.68737
382 A	0.15503	0.12553	0.71943
383 G	0.15800	0.08827	0.75373
384 C	0.16107	0.06936	0.76958
385 G	0.16287	0.10306	0.73407
386 G	0.16465	0.13781	0.69755
387 A	0.16547	0.19654	0.638
388 T	0.16691	0.25717	0.57592
389 T	0.16766	0.28201	0.55033
390 A	0.16796	0.28643	0.54561
391 A	0.16825	0.28889	0.54286
392 A	0.16902	0.28910	0.54187
393 T	0.16992	0.28844	0.54164
394 C	0.17057	0.28764	0.54179
395 A	0.17182	0.28949	0.53869
396 A	0.17390	0.29129	0.53481
397 T	0.17718	0.28775	0.53507
398 T	0.17875	0.28589	0.53536
399 A	0.17878	0.28502	0.5362
400 G	0.18118	0.27727	0.54154
401 C	0.18385	0.27221	0.54394
402 T	0.18658	0.27102	0.54239
403 C	0.18679	0.27500	0.53821
404 A	0.18846	0.28147	0.53008
405 A	0.19352	0.27716	0.52932
406 G	0.20174	0.26897	0.52929
407 A	0.21576	0.25493	0.52931
408 T	0.26973	0.20088	0.52939
409 C	0.30903	0.16140	0.52956
410 C	0.36440	0.10639	0.5292
411 T	0.41601	0.05605	0.52795
412 T	0.43123	0.04105	0.52772
413 T	0.43351	0.03891	0.52759
414 T	0.43313	0.03961	0.52726
415 T	0.43190	0.04100	0.52711
416 C	0.41967	0.05320	0.52713
417 A	0.40441	0.06892	0.52668
418 A	0.39803	0.07590	0.52607
419 T	0.39670	0.07775	0.52554
420 A	0.38031	0.09556	0.52413
421 G	0.36913	0.10702	0.52384
422 A	0.36301	0.11302	0.52398
423 A	0.36042	0.11544	0.52414
424 G	0.35823	0.11696	0.52481
425 C	0.35980	0.11484	0.52536
426 T	0.36460	0.11018	0.52522
427 T	0.36986	0.10473	0.5254
428 T	0.36841	0.10617	0.52541
429 A	0.36590	0.10863	0.52547
430 A	0.36494	0.10953	0.52553
431 C	0.36431	0.10975	0.52595
432 T	0.36421	0.10962	0.52617
433 C	0.36390	0.10976	0.52634
434 T	0.36476	0.10919	0.52605
435 T	0.36333	0.11147	0.52521
436 T	0.35747	0.11995	0.52259
437 T	0.34288	0.13308	0.52403
438 T	0.30902	0.16629	0.52469
439 A	0.28127	0.18152	0.5372
440 A	0.26041	0.18683	0.55276
441 C	0.24639	0.19218	0.56143
442 A	0.23766	0.20259	0.55976
443 A	0.23534	0.20037	0.56429
444 A	0.22785	0.20070	0.57145
445 A	0.22429	0.19971	0.576
446 T	0.22399	0.19740	0.57861
447 T	0.22089	0.19509	0.58402
448 C	0.21342	0.20078	0.5858
449 A	0.20588	0.21715	0.57697
450 T	0.19595	0.23706	0.56699
451 A	0.17063	0.28162	0.54776
452 A	0.14474	0.33026	0.525
453 A	0.11596	0.38641	0.49762
454 A	0.09969	0.41754	0.48277
455 A	0.08930	0.43255	0.47815
456 G	0.08305	0.43927	0.47767
457 A	0.08119	0.43967	0.47914
458 A	0.08073	0.43669	0.48257
459 A	0.08259	0.42480	0.49261
460 A	0.08330	0.40349	0.51321
461 C	0.08448	0.36466	0.55085
462 A	0.08605	0.34482	0.56913
463 G	0.08865	0.32770	0.58365
464 T	0.09230	0.31633	0.59137
465 G	0.09664	0.30926	0.5941
466 A	0.10148	0.30638	0.59214
467 T	0.10369	0.29816	0.59815
468 T	0.10425	0.29761	0.59814
469 A	0.10370	0.30911	0.58718
470 A	0.09989	0.33020	0.56991
471 A	0.09914	0.33518	0.56568
472 A	0.10736	0.32407	0.56857
473 A	0.11924	0.30548	0.57529
474 A	0.14051	0.26488	0.5946
475 A	0.16516	0.21759	0.61726
476 T	0.19379	0.16102	0.64519
477 T	0.20745	0.13457	0.65799
478 T	0.21049	0.12597	0.66354
479 T	0.21034	0.12890	0.66076
480 A	0.20776	0.14050	0.65173
481 T	0.20640	0.15082	0.64278
482 T	0.20369	0.17170	0.62461
483 A	0.18881	0.19703	0.61415
484 G	0.17891	0.21141	0.60968
485 A	0.17199	0.22255	0.60547
486 T	0.16649	0.23097	0.60254
487 C	0.15472	0.24655	0.59874
488 A	0.14852	0.26048	0.591
489 A	0.14950	0.26597	0.58453
490 A	0.15260	0.27149	0.57591
491 G	0.15817	0.26768	0.57415
492 A	0.17042	0.25669	0.57288
493 G	0.18957	0.23371	0.57672
494 T	0.20117	0.21960	0.57922
495 A	0.20517	0.21500	0.57983
496 A	0.21204	0.20728	0.58068
497 T	0.21920	0.19909	0.5817
498 A	0.22097	0.19661	0.58242
499 T	0.22287	0.19324	0.58389
500 C	0.22334	0.19077	0.58588
501 G	0.22459	0.18907	0.58634
502 G	0.23077	0.18297	0.58625
503 G	0.23932	0.17358	0.5871
504 A	0.24825	0.16475	0.587
505 A	0.26548	0.14690	0.58763
506 T	0.27838	0.11819	0.60343
507 T	0.27862	0.10996	0.61141
508 G	0.26662	0.11737	0.61601
509 G	0.26519	0.11709	0.61772
510 T	0.26727	0.11057	0.62216
511 A	0.26498	0.11125	0.62378
512 A	0.26642	0.10978	0.6238
513 T	0.27353	0.10194	0.62453
514 A	0.27420	0.10106	0.62474
515 T	0.27531	0.09890	0.62579
516 T	0.27442	0.09916	0.62642
517 T	0.27179	0.10086	0.62735
518 A	0.26919	0.10231	0.6285
519 T	0.26830	0.10196	0.62975
520 G	0.26755	0.10190	0.63055
521 C	0.26736	0.10079	0.63186
522 T	0.26730	0.10085	0.63185
523 A	0.26716	0.10101	0.63184
524 G	0.26757	0.10021	0.63223
525 T	0.26851	0.10000	0.63149
526 G	0.26886	0.10054	0.6306
527 A	0.26991	0.09925	0.63084
528 A	0.27198	0.09581	0.63221
529 A	0.27578	0.08911	0.63511
530 T	0.28377	0.07285	0.64338
531 T	0.29076	0.04792	0.66131
532 T	0.29504	0.04032	0.66463
533 T	0.29724	0.03604	0.66672
534 A	0.29848	0.03096	0.67055
535 T	0.29990	0.02567	0.67444
536 T	0.30033	0.02265	0.67701
537 T	0.30001	0.02345	0.67654
538 T	0.29951	0.02373	0.67676
539 T	0.29755	0.02559	0.67686
540 G	0.29120	0.03188	0.67691
541 G	0.28282	0.04132	0.67586
542 C	0.27854	0.05040	0.67107
543 T	0.26058	0.09575	0.64366
544 A	0.24868	0.14594	0.60539
545 A	0.24350	0.20833	0.54817
546 A	0.24091	0.21919	0.5399
547 A	0.23901	0.22818	0.53281
548 T	0.23967	0.23003	0.53029
549 T	0.23740	0.23259	0.53001
550 C	0.23573	0.23432	0.52995
551 A	0.23491	0.23537	0.52972
552 T	0.23404	0.23632	0.52965
553 C	0.23224	0.23821	0.52956
554 C	0.23042	0.24029	0.52929
555 T	0.22386	0.24776	0.52838
556 G	0.22013	0.25177	0.5281
557 A	0.21824	0.25394	0.52782
558 A	0.21652	0.25580	0.52767
559 A	0.21598	0.25611	0.52791
560 C	0.21631	0.25405	0.52964
561 A	0.21343	0.25634	0.53023
562 A	0.21338	0.25425	0.53237
563 A	0.21521	0.24788	0.53691
564 A	0.21956	0.23540	0.54504
565 A	0.22661	0.22499	0.5484
566 C	0.25266	0.17812	0.56921
567 A	0.28452	0.13770	0.57778
568 G	0.33772	0.07933	0.58295
569 A	0.34711	0.06789	0.585
570 T	0.35646	0.05658	0.58695
571 T	0.35844	0.05563	0.58593
572 C	0.35465	0.05736	0.58799
573 T	0.35011	0.07421	0.57568
574 T	0.33376	0.09216	0.57408
575 T	0.32960	0.10364	0.56676
576 A	0.32333	0.11867	0.55801
577 A	0.31934	0.12501	0.55565
578 C	0.31707	0.11973	0.5632
579 T	0.31163	0.12654	0.56183
580 T	0.28392	0.16223	0.55386
581 T	0.27737	0.17606	0.54657
582 A	0.26931	0.18500	0.54569
583 A	0.26412	0.19034	0.54553
584 A	0.26224	0.18861	0.54914
585 A	0.26014	0.18903	0.55083
586 C	0.25817	0.18897	0.55286
587 A	0.25541	0.19282	0.55177
588 A	0.25019	0.19888	0.55093
589 G	0.24984	0.19951	0.55064
590 T	0.25118	0.19970	0.54911
591 A	0.25086	0.20276	0.54638
592 G	0.25169	0.20353	0.54478
593 A	0.25354	0.20203	0.54443
594 A	0.25610	0.19817	0.54573
595 A	0.26148	0.18869	0.54983
596 T	0.27659	0.16749	0.55592
597 C	0.27839	0.14892	0.57269
598 A	0.28412	0.14910	0.56677
599 T	0.29443	0.13685	0.56872
600 T	0.29770	0.13268	0.56962
601 A	0.29743	0.13087	0.5717
602 T	0.29872	0.12266	0.57861
603 C	0.29913	0.08641	0.61446
604 T	0.29781	0.08476	0.61743
605 C	0.28117	0.10334	0.61549
606 A	0.26272	0.17261	0.56467
607 A	0.24694	0.19836	0.5547
608 T	0.23559	0.21411	0.55031
609 A	0.22135	0.22794	0.5507
610 G	0.21646	0.23139	0.55216
611 C	0.21398	0.22964	0.55638
612 A	0.21076	0.24296	0.54628
613 C	0.21035	0.24769	0.54196
614 A	0.21048	0.25699	0.53252
615 A	0.20819	0.26314	0.52867
616 A	0.20863	0.26442	0.52695
617 A	0.20988	0.26402	0.5261
618 A	0.21183	0.26210	0.52608
619 A	0.21384	0.25882	0.52734
620 T	0.21797	0.25193	0.53009
621 A	0.22427	0.24348	0.53225
622 T	0.22566	0.23974	0.5346
623 T	0.22618	0.23746	0.53636
624 A	0.22543	0.23784	0.53673
625 A	0.22508	0.23835	0.53657
626 A	0.22614	0.23329	0.54057
627 A	0.22810	0.22538	0.54652
628 A	0.23544	0.20061	0.56396
629 A	0.28202	0.13535	0.58264
630 T	0.29432	0.10496	0.60072
631 G	0.29957	0.08772	0.61272
632 C	0.30329	0.07226	0.62444
633 A	0.30636	0.06811	0.62553
634 A	0.31152	0.06017	0.62831
635 T	0.32340	0.04455	0.63204
636 T	0.32915	0.03687	0.63398
637 T	0.33417	0.02995	0.63589
638 C	0.33511	0.02207	0.64282
639 T	0.33505	0.02227	0.64268
640 T	0.33210	0.02722	0.64068
641 A	0.32679	0.03453	0.63868
642 T	0.32522	0.03681	0.63797
643 G	0.32178	0.04113	0.63708
644 G	0.32043	0.04193	0.63764
645 T	0.32000	0.04197	0.63804
646 G	0.31830	0.04314	0.63857
647 G	0.31786	0.04280	0.63934
648 C	0.31952	0.04073	0.63975
649 A	0.32071	0.03949	0.6398
650 C	0.32179	0.03823	0.63997
651 T	0.32267	0.03736	0.63996
652 T	0.32306	0.03699	0.63994
653 C	0.32317	0.03691	0.63992
654 T	0.32306	0.03709	0.63985
655 A	0.32247	0.03782	0.63971
656 T	0.32368	0.03667	0.63966
657 T	0.32352	0.03721	0.63926
658 A	0.32291	0.03803	0.63906
659 G	0.32288	0.03761	0.63951
660 T	0.32339	0.03646	0.64015
661 A	0.32348	0.03567	0.64086
662 G	0.32446	0.03353	0.64201
663 T	0.32724	0.02842	0.64434
664 T	0.32903	0.02602	0.64495
665 T	0.32948	0.02637	0.64415
666 T	0.32959	0.02503	0.64537
667 G	0.32926	0.02430	0.64644
668 A	0.32915	0.02372	0.64713
669 A	0.32912	0.02197	0.64891
670 G	0.32912	0.02024	0.65064
671 C	0.32920	0.01916	0.65164
672 T	0.32931	0.01904	0.65164
673 T	0.32927	0.01972	0.65101
674 T	0.32901	0.02116	0.64984
675 A	0.32823	0.02375	0.64803
676 G	0.32782	0.02619	0.64599
677 G	0.32765	0.02885	0.6435
678 G	0.32768	0.03306	0.63925
679 G	0.32782	0.04148	0.6307
680 T	0.32828	0.05824	0.61348
681 T	0.32844	0.07461	0.59696
682 A	0.32785	0.09426	0.57789
683 A	0.32715	0.10484	0.56801
684 A	0.32753	0.10851	0.56397
685 G	0.32811	0.10804	0.56386
686 G	0.32946	0.10695	0.56359
687 T	0.33321	0.10357	0.56323
688 T	0.33520	0.10186	0.56294
689 C	0.33577	0.10141	0.56282
690 T	0.33555	0.10167	0.56278
691 T	0.33441	0.10306	0.56254
692 A	0.33231	0.10545	0.56224
693 T	0.33042	0.10760	0.56198
694 C	0.32565	0.11294	0.56142
695 A	0.32048	0.11864	0.56089
696 A	0.31484	0.12428	0.56087
697 A	0.30661	0.13237	0.56102
698 A	0.29945	0.13902	0.56154
699 C	0.29906	0.13902	0.56193
700 C	0.29997	0.13793	0.56211
701 A	0.30334	0.13509	0.56157
702 A	0.31287	0.12620	0.56093
703 C	0.33190	0.10778	0.56032
704 T	0.34883	0.09246	0.55872
705 T	0.36144	0.08092	0.55764
706 T	0.36347	0.08057	0.55596
707 T	0.35948	0.08639	0.55413
708 A	0.35151	0.09604	0.55246
709 G	0.34864	0.09969	0.55168
710 T	0.34801	0.10161	0.55038
711 T	0.34624	0.10435	0.54941
712 T	0.34344	0.10786	0.54871
713 A	0.33596	0.11687	0.54717
714 T	0.32279	0.13016	0.54706
715 A	0.29952	0.15419	0.54629
716 A	0.28818	0.16506	0.54676
717 A	0.27591	0.17485	0.54924
718 A	0.26858	0.17904	0.55238
719 A	0.26306	0.18056	0.55638
720 A	0.25662	0.17952	0.56387
721 G	0.25112	0.17809	0.57078
722 A	0.24749	0.18076	0.57176
723 A	0.24579	0.18140	0.57281
724 A	0.24549	0.18067	0.57384
725 A	0.24648	0.17755	0.57597
726 T	0.24842	0.17188	0.5797
727 T	0.25044	0.16610	0.58346
728 G	0.25140	0.16129	0.58731
729 T	0.25396	0.15417	0.59188
730 T	0.25523	0.14765	0.59712
731 C	0.25602	0.13962	0.60436
732 T	0.25736	0.13798	0.60466
733 T	0.25891	0.13869	0.60239
734 T	0.25892	0.14262	0.59846
735 A	0.25725	0.14980	0.59294
736 T	0.25463	0.14982	0.59554
737 G	0.24482	0.14892	0.60626
738 T	0.23682	0.14308	0.6201
739 A	0.20075	0.18156	0.61769
740 A	0.17832	0.20578	0.6159
741 A	0.15867	0.23109	0.61024
742 A	0.14629	0.24463	0.60908
743 A	0.13527	0.25467	0.61007
744 T	0.12827	0.25993	0.61179
745 A	0.12011	0.27250	0.60738
746 A	0.11759	0.27826	0.60414
747 A	0.11738	0.28960	0.59303
748 A	0.11670	0.29743	0.58587
749 T	0.11586	0.29832	0.58582
750 T	0.11094	0.30412	0.58494
751 A	0.10235	0.31866	0.579
752 A	0.09437	0.33380	0.57184
753 C	0.08350	0.35012	0.56638
754 A	0.07545	0.38093	0.54362
755 A	0.07424	0.39823	0.52754
756 A	0.07675	0.40171	0.52154
757 A	0.08247	0.39927	0.51826
758 T	0.09011	0.39215	0.51774
759 A	0.09269	0.38583	0.52147
760 A	0.09668	0.37255	0.53078
761 A	0.10169	0.35761	0.5407
762 A	0.11025	0.31677	0.57298
763 A	0.12117	0.28335	0.59549
764 T	0.13329	0.24985	0.61686
765 A	0.13748	0.23229	0.63023
766 G	0.14134	0.21533	0.64333
767 G	0.14426	0.20210	0.65364
768 T	0.15141	0.18622	0.66237
769 G	0.15464	0.17940	0.66596
770 G	0.16641	0.16564	0.66795
771 A	0.17466	0.15571	0.66962
772 A	0.17701	0.14976	0.67322
773 G	0.18059	0.14038	0.67904
774 A	0.19023	0.12353	0.68624
775 A	0.20039	0.10600	0.69361
776 G	0.21050	0.08413	0.70537
777 T	0.23656	0.04910	0.71434
778 T	0.25561	0.02716	0.71722
779 C	0.26115	0.02025	0.7186
780 T	0.26416	0.01983	0.71601
781 T	0.26558	0.02444	0.70998
782 A	0.26567	0.03542	0.69891
783 T	0.26665	0.04210	0.69124
784 T	0.26761	0.05244	0.67995
785 T	0.26785	0.07079	0.66136
786 T	0.26768	0.09913	0.63319
787 T	0.26597	0.11125	0.62279
788 G	0.25607	0.12972	0.6142
789 T	0.25131	0.13564	0.61305
790 T	0.20634	0.18378	0.60987
791 C	0.20078	0.19020	0.60903
792 T	0.19869	0.19384	0.60747
793 C	0.18640	0.20767	0.60594
794 A	0.18374	0.21059	0.60567
795 A	0.18217	0.21219	0.60565
796 T	0.18277	0.21158	0.60565
797 G	0.18314	0.21120	0.60566
798 C	0.18330	0.21104	0.60566
799 C	0.18353	0.21081	0.60567
800 A	0.18378	0.21055	0.60567
801 A	0.18425	0.21008	0.60568
802 A	0.18556	0.20876	0.60568
803 A	0.18885	0.20547	0.60569
804 A	0.19571	0.19852	0.60577
805 C	0.20835	0.18480	0.60686
806 A	0.21788	0.17490	0.60723
807 C	0.23019	0.16178	0.60803
808 A	0.24850	0.14310	0.6084
809 A	0.27482	0.11603	0.60916
810 T	0.28786	0.10111	0.61103
811 T	0.29665	0.08045	0.6229
812 A	0.29866	0.07189	0.62945
813 A	0.30293	0.00000	0.69707
