# lcl|CP097583.1_cds_USQ93414.1_1
# AA	inside	membr	outside
1 T	0.89224	0.00000	0.10777
2 T	0.88958	0.00266	0.10777
3 G	0.88793	0.00431	0.10777
4 C	0.88793	0.00524	0.10684
5 T	0.87549	0.01951	0.105
6 T	0.87549	0.01987	0.10464
7 T	0.68254	0.21294	0.10452
8 C	0.68252	0.21296	0.10452
9 A	0.63490	0.26066	0.10445
10 A	0.63478	0.26593	0.09929
11 A	0.62703	0.27376	0.09921
12 T	0.54998	0.35085	0.09917
13 C	0.41520	0.48594	0.09887
14 G	0.41517	0.48596	0.09887
15 C	0.41517	0.49163	0.0932
16 A	0.41336	0.49345	0.0932
17 A	0.41151	0.49535	0.09314
18 A	0.41135	0.49564	0.09302
19 A	0.40990	0.49713	0.09298
20 G	0.40332	0.50435	0.09234
21 A	0.39709	0.51048	0.09243
22 T	0.39703	0.51043	0.09254
23 T	0.39692	0.51038	0.0927
24 A	0.39643	0.51181	0.09176
25 A	0.39619	0.49855	0.10526
26 T	0.39600	0.48710	0.11689
27 T	0.39568	0.46434	0.13998
28 T	0.39389	0.45245	0.15366
29 T	0.38983	0.44781	0.16236
30 A	0.38384	0.32579	0.29037
31 A	0.38084	0.31662	0.30254
32 A	0.37988	0.26608	0.35403
33 G	0.38370	0.22358	0.39272
34 G	0.38381	0.20437	0.41183
35 C	0.38485	0.13290	0.48226
36 T	0.38539	0.07142	0.5432
37 G	0.38539	0.08029	0.53432
38 T	0.38908	0.09381	0.51711
39 T	0.38873	0.19455	0.41671
40 A	0.38828	0.22520	0.38652
41 T	0.38802	0.24226	0.36972
42 A	0.38690	0.26426	0.34884
43 G	0.38640	0.26770	0.3459
44 A	0.38503	0.33275	0.28222
45 A	0.38510	0.35778	0.25712
46 A	0.38561	0.38663	0.22776
47 A	0.38780	0.39771	0.21449
48 T	0.39110	0.40071	0.20819
49 T	0.39242	0.40138	0.20621
50 A	0.39307	0.40372	0.20321
51 T	0.39418	0.40156	0.20425
52 T	0.39302	0.40679	0.20019
53 C	0.38991	0.41206	0.19803
54 T	0.38579	0.43332	0.18089
55 A	0.38107	0.46457	0.15437
56 A	0.37866	0.47556	0.14578
57 A	0.37784	0.48372	0.13844
58 G	0.37935	0.48983	0.13082
59 A	0.38879	0.48549	0.12572
60 A	0.40467	0.47205	0.12328
61 G	0.43106	0.44707	0.12187
62 T	0.54043	0.33885	0.12072
63 T	0.56949	0.30952	0.12099
64 A	0.58061	0.29811	0.12128
65 A	0.59139	0.28631	0.1223
66 A	0.60068	0.27608	0.12325
67 C	0.65281	0.22252	0.12466
68 C	0.67716	0.19794	0.1249
69 C	0.70815	0.16693	0.12491
70 A	0.72227	0.15302	0.12471
71 T	0.73154	0.14408	0.12439
72 A	0.73415	0.14208	0.12378
73 G	0.73937	0.13673	0.1239
74 G	0.74782	0.12773	0.12445
75 T	0.76746	0.10351	0.12903
76 T	0.77838	0.08746	0.13416
77 C	0.79522	0.06555	0.13923
78 T	0.81573	0.04314	0.14113
79 G	0.82169	0.03801	0.14029
80 A	0.82738	0.03374	0.13888
81 T	0.83575	0.02559	0.13866
82 T	0.84084	0.02091	0.13826
83 T	0.84267	0.01954	0.13778
84 T	0.84298	0.02121	0.13581
85 T	0.84141	0.02368	0.13491
86 T	0.83571	0.03104	0.13325
87 A	0.82704	0.04077	0.1322
88 T	0.82274	0.04542	0.13185
89 C	0.81527	0.05368	0.13106
90 T	0.81077	0.06029	0.12894
91 A	0.80745	0.06579	0.12676
92 A	0.80636	0.06804	0.1256
93 A	0.80603	0.06848	0.12549
94 A	0.80619	0.06826	0.12556
95 T	0.80680	0.06654	0.12665
96 A	0.80677	0.06534	0.12789
97 C	0.80680	0.06435	0.12885
98 C	0.80711	0.06399	0.1289
99 T	0.80762	0.06378	0.12859
100 T	0.80802	0.06408	0.1279
101 A	0.80859	0.06387	0.12755
102 T	0.81041	0.06231	0.12728
103 T	0.81161	0.06127	0.12711
104 T	0.81147	0.06157	0.12696
105 A	0.81026	0.06349	0.12624
106 A	0.81070	0.06335	0.12596
107 A	0.81224	0.06038	0.12738
108 A	0.81381	0.05548	0.1307
109 T	0.81669	0.04363	0.13968
110 T	0.81732	0.03440	0.14828
111 T	0.81642	0.03049	0.1531
112 T	0.80962	0.03184	0.15854
113 C	0.80139	0.03752	0.16109
114 C	0.79016	0.04814	0.16169
115 A	0.78369	0.05455	0.16176
116 G	0.78110	0.05705	0.16185
117 T	0.77923	0.05891	0.16185
118 G	0.77654	0.06160	0.16185
119 C	0.77538	0.06264	0.16198
120 T	0.77502	0.06281	0.16217
121 A	0.77444	0.06336	0.16219
122 C	0.77450	0.06300	0.16251
123 T	0.77515	0.06227	0.16258
124 A	0.77499	0.06233	0.16268
125 T	0.77441	0.06204	0.16355
126 C	0.77340	0.06223	0.16438
127 C	0.77215	0.06288	0.16498
128 G	0.77147	0.06279	0.16574
129 T	0.77124	0.06307	0.16568
130 T	0.76854	0.06629	0.16517
131 A	0.76212	0.07398	0.16389
132 T	0.75389	0.08262	0.16349
133 G	0.73449	0.10094	0.16457
134 A	0.72125	0.11552	0.16323
135 T	0.71630	0.11664	0.16706
136 A	0.71132	0.12242	0.16625
137 T	0.70686	0.11949	0.17365
138 G	0.70021	0.12069	0.1791
139 T	0.69554	0.12446	0.17999
140 T	0.68926	0.13025	0.18049
141 G	0.68306	0.13554	0.18139
142 C	0.67953	0.13912	0.18135
143 A	0.67540	0.14566	0.17894
144 A	0.67152	0.15140	0.17707
145 T	0.67017	0.15369	0.17614
146 T	0.66865	0.15733	0.17402
147 A	0.66507	0.16529	0.16964
148 G	0.66287	0.16972	0.16741
149 A	0.66021	0.18022	0.15957
150 A	0.65832	0.19092	0.15075
151 G	0.65349	0.20804	0.13847
152 A	0.65008	0.21852	0.13139
153 A	0.64903	0.22186	0.12911
154 A	0.64873	0.22085	0.13042
155 A	0.64950	0.21250	0.138
156 A	0.65222	0.19068	0.1571
157 G	0.65664	0.17368	0.16969
158 G	0.66064	0.16719	0.17217
159 T	0.66956	0.15598	0.17447
160 T	0.67322	0.15140	0.17539
161 A	0.67331	0.14970	0.177
162 T	0.67419	0.14854	0.17727
163 T	0.67384	0.15270	0.17346
164 T	0.67270	0.15162	0.17567
165 A	0.66667	0.15820	0.17513
166 A	0.66536	0.15979	0.17485
167 T	0.66566	0.15628	0.17806
168 C	0.66054	0.16385	0.1756
169 A	0.65589	0.18882	0.15529
170 A	0.65576	0.21671	0.12753
171 A	0.65614	0.22199	0.12187
172 A	0.66351	0.21577	0.12072
173 A	0.67462	0.20431	0.12107
174 T	0.69125	0.18227	0.12648
175 C	0.69865	0.17199	0.12936
176 A	0.70257	0.16859	0.12884
177 T	0.70737	0.16351	0.12912
178 A	0.70878	0.16179	0.12943
179 A	0.71015	0.16012	0.12973
180 A	0.71297	0.15693	0.13009
181 T	0.71936	0.14736	0.13328
182 C	0.72186	0.14305	0.13509
183 T	0.72590	0.13844	0.13565
184 A	0.72365	0.14039	0.13596
185 G	0.72274	0.14037	0.13689
186 T	0.72661	0.13693	0.13647
187 G	0.72273	0.14268	0.13459
188 G	0.72346	0.14009	0.13645
189 T	0.72839	0.13534	0.13627
190 A	0.72743	0.14046	0.13212
191 G	0.72984	0.13721	0.13295
192 A	0.74705	0.11657	0.13638
193 A	0.77328	0.08640	0.14032
194 T	0.78197	0.07406	0.14397
195 T	0.78562	0.06856	0.14582
196 C	0.78667	0.06672	0.14661
197 C	0.78708	0.06617	0.14674
198 T	0.78794	0.06534	0.14671
199 T	0.78833	0.06507	0.1466
200 C	0.78791	0.06573	0.14636
201 T	0.78777	0.06662	0.14561
202 T	0.78686	0.06875	0.1444
203 T	0.78561	0.07090	0.14348
204 A	0.78236	0.07517	0.14247
205 A	0.77935	0.08011	0.14055
206 A	0.77724	0.08166	0.1411
207 A	0.77585	0.07881	0.14534
208 G	0.77500	0.07598	0.14902
209 G	0.77819	0.07035	0.15147
210 T	0.78373	0.06055	0.15571
211 T	0.78902	0.05372	0.15725
212 A	0.79130	0.05081	0.15789
213 T	0.79588	0.04353	0.16058
214 G	0.79835	0.04026	0.16139
215 T	0.79958	0.03811	0.16231
216 T	0.79971	0.03926	0.16102
217 T	0.79982	0.04101	0.15917
218 T	0.79991	0.04154	0.15855
219 T	0.79987	0.04140	0.15873
220 T	0.79986	0.04075	0.15939
221 A	0.79995	0.04066	0.15938
222 T	0.80045	0.03918	0.16036
223 C	0.80071	0.03797	0.16133
224 T	0.80128	0.03870	0.16002
225 T	0.80177	0.03898	0.15925
226 A	0.80114	0.04199	0.15687
227 A	0.80093	0.04327	0.15581
228 T	0.80222	0.04172	0.15605
229 A	0.80191	0.04282	0.15526
230 A	0.80194	0.04338	0.15468
231 T	0.80024	0.04661	0.15316
232 T	0.79791	0.05586	0.14624
233 T	0.79255	0.06769	0.13975
234 A	0.77385	0.11397	0.11218
235 A	0.76233	0.13050	0.10717
236 T	0.75577	0.14096	0.10327
237 G	0.72506	0.17263	0.10232
238 A	0.68733	0.21225	0.10043
239 C	0.64883	0.25077	0.10039
240 T	0.57212	0.32899	0.09889
241 C	0.43504	0.46791	0.09704
242 G	0.36067	0.54861	0.09073
243 C	0.32570	0.58463	0.08967
244 A	0.30255	0.60809	0.08935
245 A	0.27927	0.63152	0.08921
246 A	0.25812	0.65268	0.0892
247 C	0.25553	0.65505	0.08942
248 C	0.25197	0.65888	0.08915
249 A	0.24884	0.66243	0.08873
250 G	0.24804	0.66301	0.08895
251 A	0.24799	0.66308	0.08893
252 A	0.24842	0.66251	0.08908
253 A	0.24984	0.66006	0.09009
254 C	0.25382	0.64911	0.09707
255 T	0.25994	0.64010	0.09995
256 A	0.26308	0.63355	0.10336
257 A	0.28564	0.59999	0.11437
258 A	0.28971	0.58685	0.12345
259 G	0.29294	0.57723	0.12983
260 A	0.29369	0.54810	0.1582
261 A	0.29577	0.50711	0.19712
262 A	0.29734	0.44980	0.25286
263 T	0.30011	0.34209	0.35779
264 T	0.30195	0.20980	0.48825
265 T	0.30659	0.14750	0.54591
266 T	0.30615	0.12432	0.56952
267 A	0.30488	0.10941	0.58572
268 A	0.30438	0.08686	0.60876
269 C	0.30421	0.06266	0.63314
270 T	0.30421	0.06261	0.63318
271 T	0.30442	0.06594	0.62964
272 T	0.30270	0.08229	0.61501
273 A	0.29488	0.12170	0.58343
274 T	0.28784	0.15733	0.55483
275 T	0.27186	0.20865	0.51949
276 T	0.23963	0.31335	0.44701
277 G	0.15075	0.52619	0.32306
278 A	0.10445	0.69724	0.19832
279 A	0.07623	0.76495	0.15882
280 A	0.06874	0.78892	0.14233
281 A	0.06617	0.79860	0.13523
282 A	0.06577	0.80445	0.12979
283 A	0.06875	0.80747	0.12378
284 T	0.07286	0.80490	0.12224
285 A	0.07314	0.80479	0.12207
286 A	0.07504	0.80266	0.1223
287 T	0.07982	0.79655	0.12362
288 T	0.07868	0.79692	0.12439
289 C	0.07316	0.80340	0.12344
290 A	0.06652	0.81918	0.1143
291 A	0.06035	0.83368	0.10597
292 A	0.05407	0.84798	0.09796
293 A	0.04934	0.85937	0.0913
294 A	0.04978	0.86441	0.08581
295 A	0.06565	0.84649	0.08786
296 A	0.10134	0.80086	0.0978
297 A	0.13804	0.75100	0.11095
298 A	0.18492	0.68323	0.13185
299 A	0.27507	0.55888	0.16606
300 T	0.40296	0.34692	0.25011
301 T	0.49971	0.20871	0.29157
302 C	0.51053	0.17550	0.31397
303 G	0.51138	0.18626	0.30236
304 A	0.50480	0.23355	0.26165
305 A	0.45235	0.32434	0.22331
306 T	0.40207	0.40164	0.19628
307 A	0.32025	0.50395	0.1758
308 A	0.27931	0.56149	0.1592
309 A	0.25614	0.60358	0.14028
310 G	0.23716	0.62565	0.1372
311 A	0.21263	0.65318	0.13418
312 A	0.19462	0.66973	0.13565
313 A	0.19617	0.66841	0.13542
314 A	0.20208	0.67002	0.1279
315 A	0.20892	0.66049	0.13059
316 A	0.21512	0.64806	0.13683
317 T	0.22081	0.63706	0.14213
318 T	0.22136	0.63179	0.14685
319 G	0.21787	0.63180	0.15033
320 T	0.21495	0.63236	0.15269
321 T	0.21060	0.63527	0.15413
322 C	0.20545	0.63906	0.15549
323 A	0.20179	0.64381	0.1544
324 A	0.19936	0.64514	0.1555
325 G	0.19954	0.63782	0.16264
326 A	0.21338	0.61998	0.16665
327 A	0.25330	0.57089	0.1758
328 G	0.29670	0.45374	0.24956
329 T	0.33711	0.34899	0.31389
330 T	0.35838	0.25075	0.39088
331 T	0.37265	0.20501	0.42234
332 T	0.38218	0.18999	0.42782
333 A	0.38176	0.21115	0.40708
334 A	0.38363	0.22736	0.38902
335 A	0.38651	0.21711	0.39638
336 A	0.39317	0.20832	0.3985
337 T	0.40770	0.20360	0.3887
338 T	0.41179	0.20668	0.38152
339 A	0.41308	0.22126	0.36566
340 T	0.41554	0.22838	0.35608
341 T	0.41549	0.23232	0.35218
342 A	0.41455	0.25271	0.33274
343 T	0.41520	0.25869	0.32611
344 G	0.41550	0.26507	0.31942
345 T	0.41537	0.27338	0.31124
346 A	0.41401	0.28539	0.3006
347 A	0.41247	0.30729	0.28024
348 T	0.41167	0.33432	0.25401
349 T	0.41018	0.34618	0.24364
350 T	0.40571	0.35429	0.24
351 A	0.39375	0.37313	0.23312
352 A	0.38731	0.38184	0.23085
353 C	0.38638	0.38346	0.23016
354 G	0.38936	0.38206	0.22858
355 A	0.40135	0.37707	0.22158
356 A	0.43534	0.34897	0.21569
357 T	0.47888	0.30895	0.21217
358 C	0.48904	0.29923	0.21173
359 A	0.49956	0.29006	0.21039
360 T	0.51742	0.27308	0.2095
361 G	0.52513	0.26867	0.2062
362 C	0.53845	0.25699	0.20457
363 T	0.53998	0.26370	0.19633
364 A	0.53941	0.27232	0.18827
365 T	0.55921	0.25484	0.18594
366 T	0.56140	0.25523	0.18337
367 A	0.55195	0.26635	0.1817
368 T	0.55194	0.26516	0.1829
369 A	0.54940	0.26556	0.18504
370 G	0.56748	0.24403	0.18849
371 A	0.59274	0.21446	0.1928
372 T	0.60471	0.19936	0.19593
373 A	0.60559	0.19497	0.19943
374 T	0.61004	0.18024	0.20972
375 C	0.60734	0.17598	0.21669
376 A	0.60552	0.17541	0.21908
377 A	0.60648	0.17383	0.21969
378 A	0.61506	0.16391	0.22102
379 C	0.62419	0.15361	0.22219
380 C	0.62948	0.14811	0.22242
381 T	0.62990	0.14722	0.22288
382 G	0.62825	0.15057	0.22119
383 A	0.62974	0.15079	0.21946
384 T	0.63765	0.14387	0.21848
385 A	0.63935	0.14152	0.21913
386 T	0.64716	0.10989	0.24295
387 T	0.64734	0.09630	0.25636
388 T	0.63301	0.12308	0.24391
389 T	0.57311	0.20517	0.22172
390 A	0.39297	0.44792	0.15911
391 A	0.29148	0.55366	0.15486
392 A	0.23718	0.60515	0.15768
393 A	0.20268	0.64067	0.15664
394 A	0.16581	0.67870	0.15549
395 C	0.15445	0.68867	0.15688
396 A	0.14604	0.70134	0.15263
397 A	0.14149	0.70742	0.15109
398 G	0.13915	0.70978	0.15107
399 T	0.13745	0.71446	0.14809
400 A	0.13564	0.72079	0.14356
401 A	0.13517	0.72355	0.14128
402 A	0.13514	0.72364	0.14122
403 A	0.13562	0.72223	0.14215
404 T	0.13739	0.71811	0.14451
405 T	0.13917	0.71357	0.14726
406 A	0.13995	0.71189	0.14817
407 A	0.14099	0.70927	0.14974
408 A	0.14279	0.70404	0.15317
409 A	0.14587	0.69458	0.15956
410 A	0.15525	0.67005	0.1747
411 A	0.17238	0.62686	0.20076
412 A	0.19826	0.52673	0.27501
413 T	0.26096	0.28832	0.45072
414 T	0.26987	0.18321	0.54692
415 G	0.27392	0.13135	0.59473
416 A	0.27947	0.10187	0.61867
417 T	0.28612	0.06389	0.64999
418 T	0.28900	0.05196	0.65904
419 T	0.29343	0.04282	0.66374
420 G	0.29588	0.04179	0.66233
421 A	0.29887	0.04963	0.6515
422 T	0.30354	0.06916	0.6273
423 T	0.30795	0.10119	0.59085
424 T	0.31105	0.12551	0.56345
425 T	0.31162	0.14972	0.53865
426 T	0.30977	0.20966	0.48057
427 G	0.30583	0.29088	0.4033
428 T	0.30408	0.32163	0.37429
429 T	0.30051	0.34291	0.35659
430 A	0.29535	0.35027	0.35437
431 A	0.29236	0.35452	0.35312
432 T	0.29053	0.35656	0.35291
433 T	0.28743	0.35977	0.3528
434 C	0.28516	0.36210	0.35274
435 T	0.28458	0.36272	0.35269
436 C	0.28388	0.36347	0.35265
437 G	0.28344	0.36397	0.35258
438 G	0.28328	0.36423	0.35248
439 C	0.28384	0.36370	0.35246
440 A	0.28461	0.36301	0.35237
441 A	0.28685	0.36085	0.3523
442 G	0.29174	0.35592	0.35234
443 C	0.30027	0.34737	0.35235
444 A	0.31587	0.33206	0.35207
445 G	0.34816	0.29980	0.35203
446 T	0.41023	0.23780	0.35197
447 T	0.46204	0.18664	0.35132
448 A	0.49044	0.16010	0.34947
449 T	0.54900	0.09857	0.35243
450 T	0.59317	0.05083	0.356
451 T	0.60441	0.03927	0.35632
452 T	0.60998	0.03137	0.35865
453 T	0.61075	0.02617	0.36308
454 G	0.61098	0.02399	0.36503
455 T	0.61087	0.02356	0.36557
456 T	0.61005	0.02373	0.36621
457 C	0.60768	0.02476	0.36756
458 T	0.60443	0.02963	0.36594
459 T	0.60069	0.03740	0.36191
460 A	0.59196	0.05317	0.35487
461 C	0.58102	0.06757	0.35141
462 A	0.57595	0.08617	0.33788
463 A	0.57296	0.10692	0.32011
464 A	0.56506	0.13284	0.3021
465 T	0.55173	0.15850	0.28977
466 A	0.50582	0.22712	0.26705
467 A	0.45399	0.29014	0.25587
468 A	0.40888	0.33815	0.25297
469 G	0.38342	0.36479	0.25178
470 G	0.37596	0.37289	0.25114
471 T	0.37623	0.37321	0.25057
472 C	0.37438	0.37577	0.24985
473 A	0.37358	0.37795	0.24847
474 T	0.37518	0.37628	0.24854
475 T	0.37474	0.37661	0.24866
476 T	0.37091	0.38023	0.24886
477 G	0.36495	0.38592	0.24912
478 C	0.36052	0.38928	0.2502
479 A	0.35787	0.39136	0.25077
480 A	0.35637	0.39145	0.25218
481 C	0.35597	0.38974	0.25429
482 A	0.35862	0.38637	0.25501
483 T	0.36532	0.37737	0.25731
484 C	0.36439	0.37084	0.26477
485 A	0.37244	0.36158	0.26599
486 A	0.38686	0.34597	0.26717
487 A	0.40378	0.32192	0.2743
488 A	0.41541	0.29780	0.28678
489 T	0.43771	0.23598	0.32631
490 A	0.44649	0.16935	0.38416
491 T	0.45042	0.11168	0.4379
492 T	0.45145	0.08407	0.46449
493 T	0.45060	0.07792	0.47148
494 T	0.44840	0.07823	0.47337
495 T	0.44102	0.08450	0.47448
496 T	0.42527	0.10124	0.47349
497 T	0.39247	0.13784	0.46969
498 A	0.33388	0.21096	0.45515
499 G	0.30248	0.24732	0.4502
500 A	0.27815	0.28132	0.44053
501 T	0.26383	0.30148	0.43469
502 G	0.23925	0.34036	0.42039
503 A	0.22573	0.38490	0.38937
504 A	0.21985	0.43636	0.34379
505 G	0.21475	0.47730	0.30794
506 A	0.21201	0.49776	0.29023
507 T	0.21094	0.50005	0.28901
508 A	0.20826	0.50661	0.28513
509 A	0.20569	0.51141	0.28289
510 A	0.20496	0.51446	0.28058
511 G	0.20508	0.51595	0.27896
512 A	0.20610	0.51879	0.27512
513 A	0.20929	0.51869	0.27202
514 T	0.21312	0.51425	0.27262
515 T	0.21416	0.51424	0.2716
516 T	0.20756	0.52496	0.26748
517 A	0.19843	0.53685	0.26472
518 A	0.19442	0.53377	0.27182
519 A	0.19283	0.51980	0.28737
520 G	0.19614	0.47843	0.32542
521 T	0.21069	0.41523	0.37409
522 A	0.20887	0.40292	0.3882
523 G	0.21268	0.40366	0.38366
524 A	0.21793	0.41639	0.36569
525 A	0.23065	0.41626	0.35309
526 G	0.25909	0.38785	0.35306
527 A	0.30459	0.34709	0.34832
528 T	0.34520	0.30804	0.34676
529 T	0.35829	0.30020	0.34151
530 T	0.35587	0.30954	0.3346
531 A	0.33784	0.33377	0.32839
532 A	0.32060	0.35752	0.32188
533 A	0.30894	0.37168	0.31939
534 A	0.29835	0.38975	0.31191
535 A	0.29591	0.40305	0.30104
536 T	0.30046	0.39936	0.30018
537 A	0.29857	0.40180	0.29963
538 A	0.30041	0.39794	0.30166
539 T	0.30760	0.38113	0.31128
540 T	0.31067	0.36931	0.32002
541 G	0.31130	0.36379	0.32491
542 T	0.31693	0.35475	0.32832
543 A	0.31672	0.35440	0.32888
544 A	0.32057	0.34846	0.33096
545 A	0.33381	0.32731	0.33887
546 T	0.36458	0.28810	0.34732
547 A	0.39041	0.25771	0.35187
548 T	0.42483	0.21624	0.35893
549 T	0.43905	0.20110	0.35986
550 T	0.44568	0.19503	0.35929
551 T	0.44584	0.19690	0.35725
552 T	0.44005	0.20268	0.35726
553 A	0.42043	0.22714	0.35243
554 A	0.41470	0.22192	0.36338
555 T	0.42019	0.20080	0.37901
556 A	0.41968	0.19109	0.38922
557 A	0.42521	0.17342	0.40136
558 T	0.43551	0.15455	0.40995
559 T	0.43427	0.15420	0.41153
560 T	0.43281	0.15667	0.41052
561 G	0.42996	0.16709	0.40295
562 T	0.42948	0.18200	0.38852
563 T	0.42793	0.18748	0.38459
564 A	0.42396	0.20476	0.37127
565 A	0.42110	0.21900	0.3599
566 T	0.42139	0.22113	0.35748
567 C	0.41895	0.22685	0.3542
568 A	0.41757	0.23977	0.34266
569 A	0.41769	0.24769	0.33462
570 T	0.41983	0.25000	0.33017
571 A	0.42018	0.26005	0.31977
572 A	0.42344	0.26705	0.30951
573 A	0.43032	0.26598	0.3037
574 T	0.43773	0.25635	0.30592
575 A	0.43926	0.24965	0.31109
576 T	0.44638	0.22614	0.32747
577 T	0.44625	0.22119	0.33256
578 T	0.44305	0.22315	0.33379
579 A	0.43745	0.22981	0.33273
580 A	0.43364	0.23459	0.33177
581 A	0.43269	0.23432	0.33299
582 C	0.43402	0.23065	0.33533
583 G	0.43438	0.23255	0.33306
584 A	0.43974	0.23358	0.32668
585 A	0.45242	0.23390	0.31368
586 G	0.45918	0.23380	0.30701
587 C	0.47605	0.21913	0.30482
588 T	0.49430	0.20066	0.30504
589 T	0.49970	0.19651	0.30378
590 T	0.50163	0.19599	0.30237
591 A	0.50203	0.19765	0.30032
592 C	0.50509	0.19464	0.30028
593 A	0.50642	0.19500	0.29857
594 A	0.51532	0.18641	0.29827
595 A	0.52695	0.17528	0.29778
596 T	0.54052	0.16105	0.29843
597 T	0.54557	0.15493	0.2995
598 A	0.54684	0.14966	0.3035
599 T	0.54397	0.14597	0.31006
600 C	0.54030	0.14449	0.31521
601 C	0.53464	0.14817	0.3172
602 A	0.52648	0.15513	0.31839
603 A	0.51868	0.16171	0.31961
604 A	0.51560	0.16399	0.32041
605 G	0.51782	0.16040	0.32178
606 C	0.52167	0.15091	0.32742
607 G	0.52891	0.13774	0.33335
608 A	0.54286	0.12114	0.33601
609 T	0.55443	0.10938	0.33619
610 C	0.55605	0.10930	0.33465
611 T	0.55671	0.12028	0.323
612 T	0.55444	0.12489	0.32068
613 T	0.53686	0.14806	0.31509
614 G	0.49827	0.18852	0.31321
615 T	0.47506	0.22012	0.30482
616 C	0.44584	0.25450	0.29966
617 A	0.40102	0.31425	0.28473
618 A	0.36334	0.35378	0.28288
619 G	0.32995	0.38830	0.28175
620 A	0.30375	0.41599	0.28026
621 A	0.28656	0.43333	0.28011
622 C	0.27716	0.43627	0.28657
623 A	0.27242	0.43793	0.28964
624 A	0.27200	0.43338	0.29463
625 A	0.27185	0.42415	0.304
626 T	0.27201	0.41290	0.31509
627 C	0.26997	0.41193	0.3181
628 A	0.26703	0.42269	0.31028
629 A	0.25826	0.44105	0.3007
630 A	0.25355	0.44553	0.30093
631 A	0.25045	0.44885	0.3007
632 A	0.24917	0.44989	0.30094
633 A	0.25086	0.43972	0.30942
634 C	0.26346	0.41058	0.32596
635 A	0.27018	0.39641	0.33341
636 T	0.28178	0.35545	0.36277
637 A	0.28693	0.31607	0.397
638 T	0.29490	0.29408	0.41102
639 T	0.29830	0.30555	0.39615
640 A	0.29917	0.32798	0.37285
641 A	0.29729	0.34911	0.35361
642 A	0.29712	0.32625	0.37664
643 T	0.29813	0.30815	0.39372
644 A	0.28855	0.31171	0.39974
645 T	0.28015	0.31468	0.40517
646 C	0.26471	0.32946	0.40583
647 A	0.25490	0.34570	0.3994
648 A	0.24791	0.35414	0.39795
649 G	0.24519	0.35725	0.39757
650 A	0.24348	0.36041	0.39611
651 A	0.25142	0.35380	0.39478
652 G	0.26135	0.33945	0.3992
653 A	0.26375	0.34291	0.39334
654 A	0.26723	0.35658	0.37619
655 T	0.27129	0.36534	0.36337
656 T	0.27323	0.37533	0.35144
657 A	0.27423	0.37591	0.34987
658 A	0.27794	0.37170	0.35036
659 T	0.28636	0.36200	0.35164
660 A	0.29387	0.35240	0.35373
661 C	0.30857	0.33525	0.35618
662 A	0.33675	0.30630	0.35695
663 A	0.39551	0.24310	0.36139
664 T	0.44718	0.18853	0.3643
665 T	0.46035	0.17414	0.36552
666 T	0.46840	0.16573	0.36587
667 T	0.47378	0.14793	0.37829
668 T	0.47547	0.13449	0.39003
669 T	0.47614	0.12037	0.40349
670 T	0.47588	0.11450	0.40962
671 T	0.47417	0.11242	0.41341
672 A	0.47047	0.11637	0.41315
673 G	0.47040	0.11396	0.41564
674 A	0.47304	0.11098	0.41598
675 A	0.47917	0.10466	0.41617
676 G	0.49185	0.09195	0.41619
677 C	0.51492	0.06902	0.41606
678 T	0.53198	0.05524	0.41278
679 T	0.54310	0.05198	0.40493
680 T	0.54487	0.05536	0.39977
681 T	0.54484	0.06889	0.38627
682 T	0.54417	0.09280	0.36302
683 A	0.54202	0.10990	0.34808
684 T	0.54143	0.11484	0.34373
685 A	0.54138	0.12107	0.33755
686 A	0.54183	0.12322	0.33495
687 A	0.54281	0.12314	0.33405
688 T	0.54531	0.12085	0.33383
689 T	0.54699	0.11958	0.33343
690 T	0.54786	0.11864	0.3335
691 T	0.54721	0.11951	0.33327
692 A	0.54606	0.12048	0.33346
693 T	0.54618	0.11855	0.33526
694 A	0.54500	0.12118	0.33383
695 A	0.54577	0.11978	0.33445
696 T	0.54585	0.12291	0.33124
697 A	0.54482	0.13110	0.32408
698 A	0.54508	0.13388	0.32104
699 T	0.54673	0.13380	0.31947
700 A	0.54786	0.13298	0.31916
701 A	0.55245	0.12826	0.3193
702 T	0.56412	0.11608	0.31981
703 A	0.57142	0.10798	0.3206
704 C	0.58577	0.09240	0.32183
705 T	0.61112	0.06645	0.32243
706 T	0.62245	0.05394	0.32361
707 C	0.62459	0.05143	0.32399
708 T	0.62846	0.04764	0.3239
709 T	0.62990	0.04641	0.3237
710 T	0.63058	0.04582	0.3236
711 T	0.63131	0.04537	0.32332
712 T	0.63229	0.04490	0.32281
713 A	0.63281	0.04396	0.32323
714 T	0.63381	0.04124	0.32495
715 G	0.63447	0.03912	0.32641
716 G	0.63560	0.03748	0.32692
717 T	0.64000	0.03170	0.3283
718 A	0.64294	0.02782	0.32924
719 T	0.64969	0.02040	0.32991
720 T	0.65774	0.01113	0.33114
721 T	0.66062	0.00804	0.33134
722 C	0.66095	0.00774	0.33132
723 T	0.66097	0.00875	0.33027
724 A	0.66051	0.01070	0.32879
725 A	0.66032	0.01197	0.3277
726 T	0.66035	0.01254	0.32711
727 T	0.66007	0.01359	0.32635
728 T	0.65924	0.01614	0.32463
729 T	0.65725	0.02077	0.32197
730 T	0.65252	0.02635	0.32113
731 T	0.62455	0.05673	0.31872
732 A	0.57241	0.11226	0.31533
733 A	0.54735	0.13771	0.31495
734 C	0.53895	0.14619	0.31485
735 T	0.52918	0.15600	0.31483
736 T	0.51448	0.17072	0.3148
737 C	0.47530	0.20995	0.31475
738 T	0.43274	0.25284	0.31442
739 C	0.33850	0.34726	0.31425
740 A	0.27310	0.41296	0.31394
741 A	0.22087	0.46566	0.31347
742 A	0.18472	0.50201	0.31327
743 C	0.16381	0.52293	0.31326
744 A	0.14235	0.54441	0.31323
745 G	0.12526	0.56110	0.31364
746 A	0.10871	0.57756	0.31373
747 A	0.09767	0.58837	0.31395
748 C	0.08736	0.59862	0.31402
749 A	0.08079	0.60523	0.31399
750 A	0.07663	0.60891	0.31445
751 G	0.07540	0.60890	0.3157
752 A	0.07483	0.60824	0.31693
753 A	0.07418	0.60553	0.32029
754 A	0.07584	0.57351	0.35065
755 T	0.07905	0.51562	0.40533
756 T	0.07898	0.48923	0.43179
757 A	0.07727	0.48725	0.43548
758 T	0.07630	0.48993	0.43377
759 A	0.07411	0.51301	0.41288
760 A	0.07171	0.48865	0.43964
761 A	0.07144	0.44989	0.47866
762 T	0.07143	0.35991	0.56866
763 A	0.07092	0.30826	0.62082
764 T	0.07099	0.26339	0.66563
765 T	0.06997	0.23480	0.69523
766 A	0.06697	0.22990	0.70313
767 A	0.06579	0.21838	0.71582
768 A	0.06502	0.21312	0.72186
769 G	0.06494	0.20264	0.73242
770 A	0.06507	0.20174	0.73319
771 T	0.06546	0.20847	0.72606
772 A	0.06565	0.24910	0.68525
773 T	0.06613	0.25338	0.68049
774 A	0.06341	0.27071	0.66587
775 T	0.06175	0.28471	0.65353
776 A	0.05753	0.33633	0.60613
777 C	0.05531	0.35320	0.59149
778 G	0.05444	0.39237	0.5532
779 A	0.05588	0.44290	0.50123
780 A	0.06492	0.47337	0.46171
781 A	0.08518	0.47177	0.44305
782 T	0.11982	0.44476	0.43542
783 T	0.12783	0.45290	0.41927
784 T	0.12856	0.47331	0.39813
785 T	0.12502	0.49145	0.38353
786 A	0.11201	0.52266	0.36533
787 A	0.10458	0.53191	0.36351
788 A	0.09925	0.53724	0.36351
789 T	0.10404	0.53043	0.36552
790 A	0.10439	0.52949	0.36612
791 C	0.11022	0.52306	0.36673
792 A	0.11493	0.51866	0.36641
793 A	0.12171	0.51200	0.36629
794 A	0.13818	0.49553	0.36629
795 A	0.18190	0.45163	0.36647
796 A	0.19559	0.43772	0.36669
797 A	0.21816	0.41171	0.37013
798 A	0.24687	0.38023	0.37289
799 T	0.31073	0.31167	0.37759
800 T	0.33359	0.28600	0.38041
801 A	0.36414	0.25374	0.38212
802 A	0.41089	0.20570	0.38341
803 T	0.45579	0.15964	0.38457
804 T	0.47330	0.14102	0.38569
805 A	0.47930	0.13419	0.38651
806 A	0.49796	0.11234	0.3897
807 T	0.51986	0.08575	0.39439
808 T	0.53038	0.06905	0.40057
809 T	0.54140	0.04755	0.41104
810 T	0.53915	0.04523	0.41562
811 T	0.53220	0.04892	0.41888
812 T	0.52530	0.05389	0.42081
813 T	0.51149	0.06535	0.42316
814 T	0.48318	0.09253	0.42429
815 A	0.45374	0.12071	0.42555
816 C	0.44243	0.12922	0.42835
817 G	0.42963	0.14135	0.42902
818 A	0.41346	0.15837	0.42817
819 T	0.40079	0.17124	0.42797
820 T	0.39030	0.18200	0.4277
821 C	0.35839	0.21442	0.42719
822 G	0.33891	0.23588	0.42521
823 A	0.33327	0.24500	0.42172
824 A	0.33097	0.24812	0.42091
825 G	0.32973	0.25012	0.42015
826 G	0.32900	0.25191	0.41909
827 A	0.32884	0.25211	0.41906
828 A	0.32902	0.24981	0.42117
829 G	0.32979	0.24766	0.42254
830 T	0.33106	0.24672	0.42222
831 A	0.33180	0.24664	0.42156
832 A	0.33308	0.24276	0.42415
833 T	0.33574	0.22917	0.43508
834 T	0.33762	0.21419	0.44819
835 T	0.33746	0.20333	0.45921
836 G	0.33602	0.19903	0.46494
837 T	0.33546	0.18778	0.47675
838 A	0.33445	0.18216	0.48338
839 A	0.33365	0.18105	0.4853
840 A	0.33278	0.17639	0.49083
841 T	0.33372	0.15668	0.5096
842 T	0.33349	0.14140	0.5251
843 A	0.33305	0.13294	0.53401
844 G	0.33334	0.10442	0.56224
845 C	0.33524	0.08907	0.57568
846 T	0.33837	0.08374	0.57789
847 A	0.33931	0.08344	0.57725
848 A	0.34035	0.08231	0.57735
849 T	0.34115	0.08143	0.57741
850 C	0.34074	0.08391	0.57536
851 A	0.34017	0.09841	0.56142
852 A	0.33979	0.11552	0.54469
853 A	0.34025	0.14152	0.51824
854 T	0.34188	0.16122	0.4969
855 T	0.34202	0.18031	0.47768
856 A	0.33998	0.20206	0.45796
857 G	0.33991	0.21001	0.45009
858 A	0.34255	0.22130	0.43615
859 T	0.35053	0.21698	0.43249
860 T	0.35768	0.21213	0.4302
861 A	0.36426	0.20532	0.43042
862 A	0.37132	0.19729	0.43139
863 T	0.37850	0.18858	0.43292
864 T	0.37894	0.18747	0.43359
865 C	0.37887	0.18687	0.43426
866 C	0.37981	0.18569	0.43449
867 T	0.38062	0.18523	0.43416
868 T	0.38102	0.18543	0.43355
869 A	0.38071	0.18618	0.43311
870 T	0.38176	0.18553	0.43271
871 A	0.38194	0.18567	0.43239
872 A	0.38280	0.18437	0.43283
873 A	0.38567	0.18036	0.43396
874 A	0.39959	0.16505	0.43535
875 A	0.41754	0.14541	0.43705
876 A	0.44999	0.11091	0.4391
877 T	0.47755	0.08124	0.44121
878 T	0.49937	0.05714	0.4435
879 T	0.51773	0.03621	0.44606
880 A	0.52424	0.02839	0.44737
881 T	0.53427	0.01712	0.44861
882 T	0.53681	0.01393	0.44927
883 T	0.53811	0.01199	0.44989
884 T	0.53827	0.01102	0.45071
885 T	0.53783	0.01108	0.45109
886 G	0.53660	0.01213	0.45127
887 T	0.53668	0.01143	0.4519
888 T	0.53645	0.01100	0.45255
889 T	0.53589	0.01145	0.45266
890 C	0.53513	0.01244	0.45243
891 T	0.53477	0.01302	0.45221
892 A	0.52946	0.01804	0.45251
893 T	0.52720	0.02001	0.45279
894 T	0.52419	0.02280	0.45301
895 C	0.51386	0.03313	0.453
896 C	0.50307	0.04392	0.45301
897 T	0.48795	0.05950	0.45255
898 T	0.45726	0.09133	0.45141
899 A	0.40572	0.14403	0.45025
900 C	0.38122	0.16950	0.44928
901 A	0.36560	0.19049	0.4439
902 A	0.35773	0.20284	0.43943
903 T	0.35346	0.20925	0.43729
904 A	0.34704	0.21741	0.43555
905 T	0.34418	0.22036	0.43546
906 T	0.33423	0.23019	0.43558
907 A	0.31670	0.24764	0.43566
908 A	0.30004	0.26373	0.43623
909 C	0.29076	0.27176	0.43748
910 G	0.28666	0.27669	0.43665
911 A	0.28470	0.27968	0.43562
912 A	0.28376	0.28185	0.43439
913 A	0.28348	0.28223	0.43429
914 A	0.28336	0.28190	0.43474
915 T	0.28291	0.27537	0.44172
916 G	0.28226	0.27189	0.44584
917 A	0.28147	0.26864	0.44989
918 A	0.28101	0.25893	0.46006
919 A	0.28078	0.24783	0.47139
920 A	0.28113	0.23139	0.48749
921 A	0.28255	0.19981	0.51764
922 G	0.28394	0.14838	0.56768
923 G	0.28529	0.12430	0.59041
924 A	0.29064	0.10581	0.60355
925 T	0.29513	0.09278	0.61209
926 T	0.29711	0.08677	0.61613
927 T	0.29824	0.08271	0.61905
928 A	0.29830	0.07920	0.62251
929 T	0.29854	0.06884	0.63261
930 A	0.29859	0.05653	0.64487
931 G	0.29864	0.04083	0.66053
932 C	0.29893	0.03180	0.66927
933 T	0.30016	0.03047	0.66936
934 G	0.30108	0.03249	0.66643
935 T	0.30254	0.03749	0.65998
936 T	0.30272	0.04545	0.65183
937 T	0.30167	0.05693	0.64141
938 T	0.30072	0.06448	0.63481
939 A	0.29963	0.07158	0.62879
940 G	0.29945	0.07170	0.62885
941 G	0.29972	0.07243	0.62785
942 T	0.30048	0.07278	0.62674
943 T	0.30069	0.07750	0.62181
944 C	0.30055	0.08006	0.6194
945 T	0.29808	0.09401	0.60791
946 A	0.29555	0.10418	0.60027
947 A	0.29463	0.10768	0.59769
948 C	0.29418	0.11093	0.5949
949 G	0.29564	0.11443	0.58993
950 T	0.29936	0.11639	0.58426
951 A	0.29987	0.12334	0.57679
952 A	0.30108	0.12755	0.57137
953 T	0.30380	0.12709	0.56911
954 T	0.30540	0.13021	0.56439
955 A	0.30572	0.13651	0.55777
956 A	0.30829	0.13688	0.55484
957 A	0.31224	0.13460	0.55317
958 T	0.31964	0.12699	0.55337
959 A	0.32614	0.12033	0.55353
960 T	0.33667	0.10888	0.55445
961 T	0.34013	0.10531	0.55455
962 C	0.33634	0.11003	0.55363
963 A	0.33300	0.11804	0.54897
964 G	0.33127	0.12415	0.54458
965 A	0.33179	0.12707	0.54115
966 A	0.33600	0.12419	0.5398
967 A	0.33965	0.12096	0.53939
968 T	0.35376	0.10438	0.54186
969 T	0.36225	0.09334	0.54442
970 A	0.36505	0.08916	0.54579
971 T	0.36929	0.08346	0.54725
972 A	0.37256	0.07958	0.54786
973 C	0.37685	0.07471	0.54844
974 C	0.38324	0.06818	0.54858
975 T	0.38943	0.06245	0.54811
976 A	0.39177	0.06109	0.54714
977 T	0.39731	0.05614	0.54655
978 T	0.40241	0.05205	0.54554
979 T	0.40441	0.05060	0.54499
980 T	0.40224	0.05375	0.54401
981 A	0.39957	0.05715	0.54328
982 G	0.39947	0.05793	0.5426
983 A	0.39998	0.05789	0.54212
984 A	0.40149	0.05460	0.54391
985 T	0.40446	0.04550	0.55004
986 A	0.40901	0.03870	0.5523
987 T	0.41367	0.03177	0.55456
988 T	0.41615	0.02861	0.55523
989 T	0.41557	0.02860	0.55583
990 A	0.41323	0.03079	0.55598
991 T	0.41191	0.03187	0.55622
992 C	0.40925	0.03423	0.55651
993 A	0.40662	0.03677	0.55661
994 G	0.40416	0.03913	0.55672
995 C	0.40261	0.04054	0.55684
996 T	0.40080	0.04284	0.55636
997 C	0.39571	0.04893	0.55536
998 A	0.38892	0.06040	0.55069
999 T	0.38572	0.07029	0.544
1000 A	0.37761	0.08038	0.542
1001 T	0.37268	0.08696	0.54037
1002 A	0.36531	0.09423	0.54046
1003 T	0.35824	0.09787	0.54389
1004 C	0.35642	0.09706	0.54652
1005 T	0.35619	0.09701	0.54679
1006 C	0.35312	0.10036	0.54652
1007 A	0.35280	0.10125	0.54595
1008 T	0.35348	0.10078	0.54574
1009 T	0.35425	0.09997	0.54578
1010 T	0.35460	0.09945	0.54595
1011 A	0.35466	0.09922	0.54611
1012 T	0.35486	0.09732	0.54782
1013 A	0.35495	0.09484	0.5502
1014 T	0.35500	0.09281	0.55219
1015 G	0.35503	0.09065	0.55431
1016 A	0.35511	0.08883	0.55605
1017 A	0.35523	0.08682	0.55795
1018 A	0.35553	0.08455	0.55992
1019 A	0.35624	0.08144	0.56232
1020 A	0.35752	0.07479	0.56769
1021 A	0.36197	0.06305	0.57497
1022 A	0.36810	0.05135	0.58055
1023 A	0.37034	0.03900	0.59065
1024 T	0.37269	0.02640	0.60091
1025 A	0.37339	0.01524	0.61138
1026 A	0.37456	0.00000	0.62544
