# lcl|CP097583.1_cds_USQ93146.1_1
# AA	inside	membr	outside
1 A	0.16691	0.00000	0.83309
2 T	0.16686	0.00006	0.83309
3 G	0.16682	0.00009	0.83309
4 T	0.16682	0.00143	0.83175
5 G	0.16600	0.00349	0.83052
6 T	0.16600	0.00374	0.83027
7 T	0.16025	0.00969	0.83006
8 C	0.16025	0.00969	0.83005
9 T	0.15943	0.01071	0.82986
10 G	0.15943	0.04100	0.79957
11 T	0.15921	0.04300	0.79778
12 T	0.15412	0.04932	0.79656
13 A	0.14012	0.06809	0.79179
14 A	0.14012	0.06809	0.79179
15 A	0.14012	0.06992	0.78996
16 T	0.14005	0.06999	0.78996
17 A	0.13985	0.07020	0.78995
18 T	0.13984	0.07024	0.78992
19 C	0.13940	0.07072	0.78988
20 T	0.13811	0.07358	0.78831
21 T	0.12600	0.08570	0.7883
22 T	0.12486	0.08713	0.78802
23 A	0.12298	0.08934	0.78767
24 T	0.12118	0.09143	0.78738
25 A	0.11629	0.09674	0.78697
26 A	0.11392	0.09928	0.78681
27 T	0.11403	0.09893	0.78703
28 A	0.11220	0.10055	0.78726
29 A	0.11058	0.10188	0.78754
30 T	0.11205	0.09531	0.79264
31 T	0.10917	0.09732	0.79351
32 A	0.10263	0.10307	0.7943
33 C	0.12291	0.08142	0.79566
34 A	0.12028	0.08441	0.79532
35 T	0.12047	0.08093	0.7986
36 T	0.11891	0.07527	0.80582
37 T	0.11081	0.08348	0.8057
38 C	0.10224	0.09218	0.80558
39 A	0.07171	0.12352	0.80478
40 A	0.06558	0.12960	0.80481
41 A	0.06196	0.13292	0.80511
42 T	0.05888	0.13552	0.80561
43 G	0.05357	0.13986	0.80657
44 T	0.04754	0.13555	0.81691
45 A	0.03851	0.14382	0.81767
46 A	0.03597	0.14471	0.81932
47 A	0.03363	0.14635	0.82002
48 T	0.03271	0.14316	0.82413
49 A	0.02996	0.14475	0.82529
50 A	0.02876	0.14544	0.82579
51 A	0.02823	0.14298	0.82879
52 A	0.02789	0.14080	0.83132
53 A	0.02797	0.13806	0.83397
54 A	0.02855	0.13285	0.83859
55 A	0.02978	0.12394	0.84629
56 T	0.03223	0.11467	0.8531
57 T	0.03342	0.10607	0.86051
58 T	0.03358	0.10310	0.86331
59 T	0.03359	0.09799	0.86842
60 T	0.03322	0.09238	0.8744
61 A	0.03247	0.08632	0.88121
62 T	0.03242	0.05907	0.90851
63 T	0.03214	0.05379	0.91407
64 A	0.03169	0.05159	0.91672
65 A	0.03157	0.04834	0.92008
66 T	0.03164	0.04125	0.92711
67 G	0.03157	0.03440	0.93403
68 G	0.03172	0.02744	0.94084
69 A	0.03215	0.02525	0.9426
70 T	0.03375	0.02164	0.94462
71 G	0.03404	0.02047	0.94549
72 G	0.03487	0.01826	0.94686
73 A	0.03570	0.01908	0.94521
74 T	0.03570	0.02291	0.94139
75 T	0.03485	0.03532	0.92983
76 A	0.03152	0.07217	0.8963
77 A	0.03058	0.08175	0.88768
78 A	0.03005	0.08462	0.88534
79 A	0.02971	0.08618	0.88412
80 A	0.02989	0.08655	0.88356
81 T	0.03147	0.08450	0.88403
82 T	0.03181	0.08378	0.8844
83 G	0.03181	0.08323	0.88497
84 T	0.03223	0.08209	0.88568
85 C	0.03224	0.08162	0.88614
86 G	0.03246	0.08124	0.8863
87 T	0.03309	0.08036	0.88656
88 T	0.03338	0.07991	0.88671
89 T	0.03333	0.07987	0.88679
90 T	0.03310	0.07998	0.88692
91 C	0.03245	0.08024	0.88731
92 A	0.03173	0.08095	0.88731
93 A	0.03129	0.08138	0.88733
94 A	0.03155	0.08106	0.88739
95 A	0.03251	0.08003	0.88746
96 A	0.03570	0.07674	0.88756
97 A	0.04139	0.07041	0.8882
98 A	0.05521	0.05536	0.88942
99 T	0.08920	0.01801	0.8928
100 T	0.09711	0.00911	0.89378
101 T	0.09858	0.00706	0.89437
102 A	0.09908	0.00620	0.89473
103 T	0.09944	0.00549	0.89506
104 T	0.09946	0.00529	0.89525
105 T	0.09938	0.00510	0.89552
106 T	0.09937	0.00486	0.89577
107 T	0.09930	0.00481	0.89589
108 T	0.09908	0.00489	0.89602
109 T	0.09866	0.00519	0.89614
110 G	0.09785	0.00585	0.89631
111 T	0.09690	0.00665	0.89645
112 G	0.09646	0.00690	0.89664
113 A	0.09637	0.00681	0.89682
114 T	0.09632	0.00631	0.89737
115 T	0.09608	0.00602	0.8979
116 T	0.09536	0.00629	0.89836
117 A	0.09297	0.00853	0.8985
118 A	0.08060	0.02085	0.89855
119 G	0.07267	0.02876	0.89856
120 C	0.07119	0.03027	0.89853
121 G	0.07026	0.03129	0.89845
122 A	0.06968	0.03203	0.89829
123 T	0.06946	0.03235	0.89819
124 G	0.06904	0.03278	0.89818
125 G	0.06890	0.03295	0.89815
126 T	0.06895	0.03294	0.89811
127 A	0.06892	0.03292	0.89815
128 C	0.06882	0.03280	0.89837
129 T	0.06884	0.03292	0.89824
130 T	0.06876	0.03296	0.89828
131 T	0.06853	0.03299	0.89847
132 T	0.06793	0.03333	0.89873
133 G	0.06644	0.03446	0.89911
134 T	0.06578	0.03422	0.89999
135 C	0.06340	0.03608	0.90052
136 A	0.05943	0.04001	0.90057
137 A	0.05616	0.04323	0.9006
138 A	0.05396	0.04524	0.90081
139 G	0.05229	0.04643	0.90129
140 A	0.05189	0.04553	0.90258
141 A	0.05179	0.03328	0.91494
142 T	0.05180	0.02531	0.92289
143 T	0.05174	0.02372	0.92453
144 A	0.05149	0.02324	0.92526
145 C	0.05138	0.02271	0.9259
146 A	0.05112	0.02324	0.92564
147 A	0.05092	0.02351	0.92557
148 G	0.05082	0.02395	0.92523
149 T	0.05067	0.02491	0.92443
150 A	0.04981	0.03115	0.91904
151 G	0.04895	0.03558	0.91547
152 T	0.04864	0.03672	0.91464
153 T	0.04786	0.03830	0.91384
154 T	0.04593	0.04213	0.91194
155 A	0.04239	0.04921	0.9084
156 T	0.04017	0.05161	0.90821
157 A	0.03632	0.05544	0.90824
158 A	0.03432	0.05540	0.91028
159 A	0.03342	0.05298	0.9136
160 A	0.03329	0.05006	0.91665
161 A	0.03332	0.04773	0.91895
162 C	0.03352	0.04563	0.92085
163 G	0.03379	0.04501	0.92119
164 T	0.03375	0.04489	0.92136
165 T	0.03340	0.04519	0.9214
166 C	0.03259	0.04593	0.92148
167 A	0.03228	0.04627	0.92145
168 A	0.03206	0.04640	0.92154
169 G	0.03215	0.04609	0.92176
170 A	0.03257	0.04564	0.92179
171 A	0.03344	0.04479	0.92176
172 A	0.03461	0.04332	0.92207
173 A	0.04078	0.03608	0.92315
174 T	0.04642	0.02901	0.92458
175 T	0.04837	0.02577	0.92586
176 A	0.04913	0.02370	0.92718
177 T	0.05122	0.01878	0.93
178 T	0.05304	0.01359	0.93337
179 T	0.05258	0.01188	0.93554
180 T	0.05144	0.01043	0.93814
181 C	0.04880	0.01169	0.93951
182 T	0.04578	0.01464	0.93958
183 G	0.04115	0.01978	0.93907
184 G	0.03837	0.02294	0.93868
185 A	0.03099	0.03043	0.93858
186 A	0.02761	0.03400	0.93839
187 A	0.02631	0.03525	0.93844
188 T	0.02523	0.03601	0.93875
189 C	0.02282	0.03814	0.93903
190 A	0.02119	0.04046	0.93835
191 A	0.02072	0.04122	0.93806
192 A	0.02036	0.04170	0.93794
193 G	0.02031	0.04177	0.93792
194 A	0.02037	0.04176	0.93788
195 T	0.02061	0.04125	0.93814
196 A	0.02064	0.04107	0.93829
197 A	0.02067	0.04085	0.93847
198 G	0.02069	0.04040	0.9389
199 T	0.02077	0.03968	0.93955
200 T	0.02064	0.03906	0.94029
201 A	0.02037	0.03828	0.94136
202 C	0.02027	0.03607	0.94366
203 A	0.02014	0.03505	0.94482
204 A	0.02008	0.03286	0.94706
205 G	0.02021	0.02993	0.94986
206 T	0.02072	0.02624	0.95305
207 A	0.02085	0.02443	0.95472
208 G	0.02094	0.01669	0.96237
209 G	0.02118	0.01289	0.96593
210 A	0.02149	0.01113	0.96737
211 G	0.02186	0.00935	0.96879
212 T	0.02271	0.00640	0.9709
213 T	0.02355	0.00420	0.97225
214 T	0.02392	0.00331	0.97277
215 C	0.02405	0.00282	0.97313
216 T	0.02412	0.00280	0.97309
217 T	0.02409	0.00302	0.97289
218 T	0.02401	0.00327	0.97273
219 A	0.02396	0.00352	0.97252
220 T	0.02395	0.00362	0.97243
221 A	0.02392	0.00359	0.9725
222 T	0.02390	0.00359	0.97251
223 T	0.02387	0.00352	0.97261
224 T	0.02376	0.00342	0.97281
225 A	0.02360	0.00351	0.97289
226 G	0.02356	0.00344	0.973
227 A	0.02355	0.00337	0.97308
228 A	0.02353	0.00327	0.97319
229 G	0.02354	0.00315	0.97331
230 G	0.02360	0.00291	0.97349
231 T	0.02369	0.00278	0.97354
232 A	0.02374	0.00274	0.97352
233 A	0.02385	0.00265	0.97349
234 T	0.02393	0.00258	0.97349
235 T	0.02399	0.00256	0.97345
236 T	0.02402	0.00255	0.97344
237 A	0.02406	0.00249	0.97345
238 G	0.02414	0.00236	0.9735
239 T	0.02434	0.00213	0.97353
240 T	0.02460	0.00184	0.97356
241 C	0.02477	0.00161	0.97363
242 T	0.02500	0.00136	0.97363
243 T	0.02510	0.00126	0.97364
244 A	0.02512	0.00121	0.97367
245 C	0.02519	0.00110	0.97371
246 T	0.02520	0.00107	0.97373
247 T	0.02511	0.00105	0.97384
248 C	0.02483	0.00121	0.97396
249 T	0.02448	0.00156	0.97396
250 A	0.02399	0.00206	0.97396
251 A	0.02343	0.00259	0.97398
252 T	0.02310	0.00289	0.97401
253 G	0.02271	0.00328	0.97401
254 C	0.02250	0.00347	0.97403
255 G	0.02241	0.00356	0.97403
256 G	0.02241	0.00355	0.97404
257 C	0.02243	0.00353	0.97404
258 T	0.02249	0.00348	0.97404
259 C	0.02248	0.00348	0.97404
260 A	0.02248	0.00348	0.97404
261 A	0.02247	0.00349	0.97404
262 C	0.02247	0.00348	0.97404
263 C	0.02249	0.00346	0.97405
264 T	0.02248	0.00348	0.97404
265 T	0.02244	0.00352	0.97403
266 T	0.02225	0.00373	0.97402
267 T	0.02169	0.00429	0.97402
268 G	0.02094	0.00503	0.97404
269 A	0.02052	0.00534	0.97415
270 A	0.02023	0.00543	0.97434
271 T	0.02011	0.00515	0.97474
272 T	0.01989	0.00497	0.97515
273 A	0.01940	0.00501	0.97559
274 T	0.01915	0.00470	0.97615
275 T	0.01882	0.00473	0.97645
276 A	0.01832	0.00494	0.97675
277 G	0.01807	0.00498	0.97694
278 C	0.01794	0.00499	0.97707
279 T	0.01779	0.00515	0.97707
280 G	0.01740	0.00560	0.977
281 A	0.01714	0.00604	0.97682
282 T	0.01695	0.00643	0.97663
283 A	0.01666	0.00713	0.97621
284 A	0.01648	0.00741	0.97611
285 A	0.01643	0.00755	0.97602
286 A	0.01641	0.00761	0.97598
287 T	0.01642	0.00754	0.97604
288 A	0.01641	0.00748	0.97611
289 A	0.01643	0.00730	0.97627
290 T	0.01644	0.00677	0.97678
291 T	0.01645	0.00613	0.97742
292 A	0.01645	0.00581	0.97774
293 T	0.01646	0.00546	0.97809
294 T	0.01645	0.00526	0.97829
295 T	0.01643	0.00504	0.97853
296 T	0.01640	0.00468	0.97892
297 A	0.01632	0.00457	0.9791
298 G	0.01630	0.00435	0.97936
299 G	0.01629	0.00402	0.97969
300 A	0.01628	0.00390	0.97982
301 G	0.01629	0.00376	0.97995
302 A	0.01633	0.00360	0.98007
303 G	0.01642	0.00315	0.98043
304 A	0.01661	0.00274	0.98065
305 A	0.01685	0.00232	0.98084
306 T	0.01728	0.00162	0.9811
307 C	0.01740	0.00134	0.98125
308 A	0.01750	0.00123	0.98127
309 T	0.01760	0.00112	0.98128
310 G	0.01763	0.00109	0.98129
311 G	0.01768	0.00103	0.98129
312 T	0.01779	0.00094	0.98127
313 T	0.01783	0.00093	0.98124
314 C	0.01775	0.00104	0.98121
315 T	0.01776	0.00106	0.98118
316 T	0.01769	0.00114	0.98116
317 A	0.01758	0.00126	0.98116
318 T	0.01754	0.00127	0.98118
319 C	0.01754	0.00126	0.9812
320 C	0.01754	0.00122	0.98125
321 T	0.01753	0.00123	0.98124
322 A	0.01736	0.00142	0.98122
323 T	0.01727	0.00154	0.98119
324 T	0.01659	0.00228	0.98113
325 C	0.01551	0.00338	0.98111
326 A	0.01504	0.00386	0.9811
327 A	0.01478	0.00413	0.98109
328 T	0.01464	0.00427	0.98109
329 C	0.01439	0.00452	0.98108
330 T	0.01420	0.00473	0.98107
331 A	0.01384	0.00509	0.98107
332 A	0.01358	0.00536	0.98106
333 A	0.01352	0.00541	0.98106
334 A	0.01350	0.00543	0.98107
335 A	0.01351	0.00538	0.98111
336 A	0.01356	0.00526	0.98118
337 C	0.01361	0.00503	0.98136
338 A	0.01366	0.00494	0.9814
339 T	0.01368	0.00483	0.98149
340 T	0.01369	0.00473	0.98158
341 C	0.01367	0.00470	0.98163
342 T	0.01365	0.00471	0.98164
343 A	0.01364	0.00466	0.98169
344 A	0.01365	0.00459	0.98177
345 A	0.01367	0.00434	0.98198
346 G	0.01371	0.00413	0.98215
347 T	0.01378	0.00320	0.98302
348 T	0.01381	0.00210	0.9841
349 T	0.01383	0.00162	0.98455
350 T	0.01381	0.00141	0.98479
351 T	0.01376	0.00128	0.98497
352 T	0.01366	0.00117	0.98517
353 T	0.01349	0.00119	0.98532
354 A	0.01323	0.00121	0.98556
355 C	0.01306	0.00115	0.9858
356 G	0.01292	0.00125	0.98583
357 T	0.01276	0.00141	0.98583
358 C	0.01259	0.00158	0.98583
359 A	0.01249	0.00175	0.98576
360 A	0.01241	0.00189	0.9857
361 G	0.01239	0.00192	0.98568
362 T	0.01239	0.00196	0.98565
363 A	0.01237	0.00198	0.98565
364 G	0.01237	0.00195	0.98569
365 C	0.01236	0.00192	0.98572
366 G	0.01236	0.00193	0.98571
367 C	0.01237	0.00193	0.98571
368 A	0.01238	0.00195	0.98568
369 T	0.01240	0.00194	0.98567
370 T	0.01241	0.00194	0.98565
371 T	0.01240	0.00195	0.98564
372 A	0.01239	0.00198	0.98563
373 A	0.01239	0.00192	0.98569
374 G	0.01240	0.00183	0.98578
375 A	0.01241	0.00172	0.98587
376 T	0.01243	0.00156	0.98602
377 T	0.01242	0.00135	0.98623
378 T	0.01241	0.00129	0.9863
379 A	0.01237	0.00124	0.98639
380 G	0.01236	0.00112	0.98653
381 G	0.01233	0.00103	0.98665
382 A	0.01236	0.00092	0.98672
383 C	0.01242	0.00079	0.98678
384 G	0.01244	0.00077	0.98679
385 A	0.01247	0.00073	0.9868
386 A	0.01249	0.00071	0.9868
387 A	0.01250	0.00069	0.98681
388 C	0.01252	0.00067	0.98682
389 T	0.01255	0.00063	0.98682
390 T	0.01256	0.00061	0.98683
391 T	0.01257	0.00059	0.98683
392 T	0.01256	0.00060	0.98683
393 C	0.01250	0.00066	0.98684
394 G	0.01243	0.00072	0.98685
395 G	0.01240	0.00074	0.98686
396 A	0.01237	0.00076	0.98686
397 G	0.01239	0.00074	0.98687
398 C	0.01242	0.00070	0.98688
399 T	0.01250	0.00063	0.98687
400 G	0.01253	0.00061	0.98685
401 T	0.01261	0.00052	0.98687
402 T	0.01261	0.00050	0.98688
403 T	0.01261	0.00052	0.98688
404 T	0.01258	0.00052	0.98689
405 C	0.01220	0.00091	0.98688
406 A	0.01198	0.00120	0.98681
407 G	0.01187	0.00136	0.98677
408 A	0.01177	0.00154	0.98669
409 A	0.01171	0.00166	0.98664
410 T	0.01167	0.00171	0.98661
411 T	0.01156	0.00187	0.98656
412 A	0.01137	0.00210	0.98654
413 G	0.01131	0.00217	0.98653
414 A	0.01129	0.00222	0.9865
415 A	0.01128	0.00221	0.98651
416 A	0.01128	0.00216	0.98657
417 T	0.01128	0.00209	0.98663
418 A	0.01127	0.00206	0.98667
419 C	0.01127	0.00202	0.98671
420 A	0.01126	0.00202	0.98672
421 G	0.01126	0.00202	0.98672
422 C	0.01127	0.00200	0.98673
423 T	0.01130	0.00197	0.98673
424 A	0.01131	0.00196	0.98673
425 G	0.01132	0.00193	0.98675
426 T	0.01136	0.00187	0.98677
427 A	0.01138	0.00183	0.9868
428 T	0.01142	0.00137	0.98721
429 G	0.01148	0.00108	0.98744
430 G	0.01153	0.00092	0.98755
431 T	0.01160	0.00077	0.98762
432 T	0.01164	0.00067	0.98768
433 A	0.01164	0.00066	0.9877
434 T	0.01168	0.00054	0.98778
435 T	0.01168	0.00042	0.9879
436 C	0.01162	0.00046	0.98793
437 A	0.01157	0.00073	0.9877
438 T	0.01156	0.00083	0.98761
439 G	0.01154	0.00090	0.98755
440 A	0.01153	0.00095	0.98751
441 T	0.01153	0.00097	0.9875
442 T	0.01152	0.00100	0.98748
443 T	0.01151	0.00102	0.98747
444 T	0.01150	0.00103	0.98747
445 T	0.01148	0.00104	0.98748
446 T	0.01146	0.00107	0.98748
447 T	0.01143	0.00111	0.98746
448 C	0.01139	0.00116	0.98745
449 A	0.01137	0.00128	0.98736
450 A	0.01136	0.00134	0.9873
451 A	0.01136	0.00139	0.98725
452 A	0.01136	0.00141	0.98723
453 A	0.01136	0.00142	0.98722
454 G	0.01138	0.00141	0.98721
455 A	0.01140	0.00140	0.9872
456 A	0.01143	0.00135	0.98722
457 G	0.01149	0.00128	0.98723
458 G	0.01154	0.00122	0.98723
459 A	0.01162	0.00115	0.98724
460 T	0.01185	0.00087	0.98727
461 T	0.01193	0.00080	0.98727
462 T	0.01196	0.00078	0.98726
463 A	0.01197	0.00080	0.98723
464 T	0.01197	0.00079	0.98723
465 T	0.01195	0.00082	0.98724
466 T	0.01190	0.00083	0.98727
467 G	0.01184	0.00087	0.98729
468 G	0.01178	0.00091	0.98732
469 G	0.01175	0.00091	0.98733
470 C	0.01175	0.00090	0.98735
471 G	0.01170	0.00095	0.98735
472 C	0.01176	0.00089	0.98734
473 A	0.01179	0.00086	0.98734
474 T	0.01181	0.00084	0.98734
475 A	0.01176	0.00089	0.98734
476 C	0.01175	0.00090	0.98736
477 C	0.01175	0.00090	0.98736
478 C	0.01174	0.00090	0.98736
479 C	0.01174	0.00090	0.98736
480 C	0.01175	0.00090	0.98736
481 A	0.01177	0.00088	0.98735
482 T	0.01183	0.00082	0.98734
483 T	0.01184	0.00082	0.98734
484 A	0.01182	0.00084	0.98734
485 T	0.01184	0.00081	0.98735
486 T	0.01185	0.00078	0.98737
487 A	0.01184	0.00076	0.9874
488 C	0.01184	0.00069	0.98747
489 T	0.01184	0.00066	0.9875
490 A	0.01181	0.00066	0.98752
491 C	0.01180	0.00066	0.98754
492 A	0.01175	0.00080	0.98746
493 A	0.01170	0.00094	0.98735
494 G	0.01169	0.00099	0.98732
495 T	0.01167	0.00104	0.98729
496 G	0.01164	0.00110	0.98726
497 A	0.01162	0.00115	0.98723
498 T	0.01161	0.00112	0.98728
499 G	0.01159	0.00113	0.98729
500 G	0.01158	0.00116	0.98726
501 T	0.01158	0.00119	0.98723
502 G	0.01157	0.00130	0.98713
503 A	0.01157	0.00134	0.98709
504 A	0.01157	0.00139	0.98704
505 G	0.01156	0.00138	0.98706
506 G	0.01156	0.00137	0.98708
507 C	0.01154	0.00136	0.9871
508 G	0.01154	0.00144	0.98703
509 C	0.01153	0.00149	0.98698
510 A	0.01153	0.00176	0.98672
511 G	0.01153	0.00192	0.98656
512 G	0.01154	0.00205	0.98642
513 A	0.01156	0.00214	0.9863
514 G	0.01159	0.00217	0.98624
515 A	0.01169	0.00212	0.98618
516 A	0.01182	0.00203	0.98615
517 T	0.01195	0.00195	0.9861
518 T	0.01202	0.00188	0.9861
519 A	0.01203	0.00184	0.98613
520 T	0.01208	0.00177	0.98615
521 T	0.01207	0.00176	0.98616
522 C	0.01202	0.00180	0.98618
523 C	0.01196	0.00187	0.98617
524 A	0.01194	0.00194	0.98612
525 A	0.01193	0.00199	0.98608
526 G	0.01189	0.00204	0.98608
527 T	0.01189	0.00204	0.98606
528 G	0.01179	0.00216	0.98605
529 A	0.01176	0.00218	0.98606
530 C	0.01180	0.00213	0.98608
531 T	0.01191	0.00201	0.98608
532 A	0.01199	0.00195	0.98607
533 C	0.01226	0.00168	0.98606
534 T	0.01242	0.00154	0.98605
535 T	0.01253	0.00144	0.98603
536 T	0.01259	0.00139	0.98602
537 A	0.01252	0.00148	0.98599
538 G	0.01254	0.00149	0.98597
539 A	0.01255	0.00150	0.98595
540 T	0.01258	0.00149	0.98593
541 T	0.01241	0.00170	0.98589
542 T	0.01208	0.00208	0.98584
543 A	0.01156	0.00270	0.98574
544 A	0.01094	0.00351	0.98555
545 A	0.01066	0.00380	0.98553
546 T	0.01046	0.00399	0.98555
547 A	0.01016	0.00436	0.98549
548 A	0.00986	0.00472	0.98542
549 A	0.00941	0.00510	0.98549
550 G	0.00911	0.00533	0.98556
551 T	0.00902	0.00534	0.98565
552 A	0.00889	0.00544	0.98567
553 C	0.00884	0.00546	0.98571
554 C	0.00882	0.00550	0.98569
555 T	0.00880	0.00562	0.98558
556 T	0.00874	0.00582	0.98543
557 T	0.00868	0.00597	0.98534
558 G	0.00857	0.00617	0.98526
559 G	0.00850	0.00631	0.98519
560 A	0.00847	0.00631	0.98522
561 T	0.00845	0.00630	0.98524
562 A	0.00838	0.00642	0.9852
563 A	0.00836	0.00650	0.98513
564 A	0.00840	0.00646	0.98514
565 G	0.00844	0.00649	0.98507
566 A	0.00852	0.00662	0.98486
567 T	0.00873	0.00650	0.98476
568 A	0.00877	0.00761	0.98362
569 A	0.00877	0.00806	0.98317
570 A	0.00882	0.00801	0.98318
571 A	0.00892	0.00770	0.98338
572 A	0.00895	0.00724	0.9838
573 G	0.00898	0.00690	0.98412
574 G	0.00904	0.00672	0.98423
575 T	0.00916	0.00651	0.98434
576 T	0.00921	0.00641	0.98438
577 G	0.00925	0.00636	0.98439
578 A	0.00936	0.00630	0.98433
579 T	0.00953	0.00624	0.98423
580 T	0.00959	0.00664	0.98377
581 T	0.00963	0.00763	0.98273
582 T	0.00967	0.00784	0.98249
583 A	0.00969	0.00814	0.98216
584 A	0.00971	0.00847	0.98182
585 A	0.00980	0.00861	0.98159
586 C	0.00998	0.00864	0.98138
587 A	0.01026	0.00880	0.98094
588 A	0.01089	0.00837	0.98074
589 G	0.01161	0.00775	0.98064
590 A	0.01238	0.00705	0.98057
591 T	0.01374	0.00572	0.98054
592 T	0.01432	0.00512	0.98057
593 T	0.01450	0.00492	0.98058
594 T	0.01456	0.00488	0.98056
595 T	0.01456	0.00495	0.98049
596 T	0.01454	0.00503	0.98044
597 T	0.01444	0.00527	0.98028
598 G	0.01436	0.00549	0.98016
599 A	0.01432	0.00563	0.98005
600 A	0.01425	0.00572	0.98003
601 A	0.01431	0.00566	0.98003
602 A	0.01448	0.00549	0.98003
603 A	0.01503	0.00493	0.98003
604 C	0.01612	0.00383	0.98005
605 C	0.01648	0.00345	0.98007
606 A	0.01686	0.00308	0.98007
607 A	0.01731	0.00262	0.98006
608 C	0.01771	0.00222	0.98007
609 T	0.01811	0.00182	0.98007
610 T	0.01846	0.00147	0.98007
611 T	0.01861	0.00132	0.98007
612 T	0.01866	0.00128	0.98006
613 T	0.01864	0.00130	0.98006
614 T	0.01856	0.00138	0.98007
615 A	0.01836	0.00156	0.98007
616 A	0.01829	0.00162	0.98009
617 C	0.01833	0.00151	0.98016
618 T	0.01841	0.00143	0.98016
619 G	0.01844	0.00137	0.98019
620 T	0.01857	0.00120	0.98023
621 T	0.01864	0.00113	0.98022
622 A	0.01860	0.00121	0.98019
623 C	0.01857	0.00114	0.98029
624 T	0.01852	0.00117	0.98031
625 G	0.01846	0.00121	0.98033
626 G	0.01842	0.00126	0.98032
627 C	0.01836	0.00135	0.98029
628 C	0.01834	0.00151	0.98015
629 A	0.01833	0.00180	0.97987
630 A	0.01832	0.00195	0.97972
631 T	0.01832	0.00202	0.97965
632 T	0.01831	0.00214	0.97955
633 A	0.01825	0.00233	0.97942
634 G	0.01823	0.00243	0.97934
635 A	0.01822	0.00242	0.97936
636 A	0.01821	0.00234	0.97944
637 G	0.01821	0.00224	0.97954
638 G	0.01822	0.00207	0.97971
639 C	0.01822	0.00200	0.97979
640 G	0.01821	0.00200	0.97979
641 A	0.01821	0.00201	0.97978
642 A	0.01822	0.00202	0.97976
643 G	0.01824	0.00205	0.97971
644 C	0.01827	0.00211	0.97962
645 G	0.01831	0.00260	0.9791
646 A	0.01831	0.00264	0.97904
647 T	0.01833	0.00261	0.97906
648 G	0.01834	0.00259	0.97907
649 G	0.01839	0.00255	0.97906
650 C	0.01849	0.00242	0.97909
651 T	0.01869	0.00230	0.979
652 T	0.01892	0.00210	0.97898
653 T	0.01902	0.00202	0.97896
654 A	0.01904	0.00201	0.97895
655 G	0.01910	0.00196	0.97895
656 C	0.01918	0.00181	0.979
657 T	0.01928	0.00176	0.97896
658 T	0.01929	0.00186	0.97885
659 T	0.01928	0.00199	0.97873
660 T	0.01923	0.00217	0.97859
661 A	0.01917	0.00253	0.9783
662 A	0.01914	0.00268	0.97819
663 A	0.01913	0.00278	0.97809
664 A	0.01916	0.00284	0.97799
665 A	0.01921	0.00282	0.97797
666 A	0.01929	0.00275	0.97795
667 A	0.01946	0.00259	0.97795
668 T	0.02009	0.00195	0.97797
669 T	0.02021	0.00183	0.97797
670 T	0.02022	0.00181	0.97797
671 A	0.02019	0.00184	0.97796
672 T	0.02020	0.00184	0.97797
673 A	0.02020	0.00184	0.97796
674 C	0.02027	0.00176	0.97796
675 T	0.02032	0.00175	0.97794
676 T	0.02035	0.00175	0.9779
677 T	0.02037	0.00180	0.97782
678 T	0.02030	0.00189	0.97781
679 G	0.02009	0.00211	0.9778
680 G	0.02008	0.00210	0.97782
681 T	0.02022	0.00194	0.97785
682 C	0.02033	0.00179	0.97789
683 C	0.02046	0.00162	0.97792
684 T	0.02073	0.00134	0.97793
685 A	0.02083	0.00130	0.97788
686 C	0.02092	0.00124	0.97784
687 T	0.02101	0.00133	0.97765
688 T	0.02103	0.00159	0.97738
689 T	0.02104	0.00181	0.97715
690 T	0.02101	0.00202	0.97697
691 A	0.02096	0.00212	0.97692
692 G	0.02094	0.00216	0.9769
693 A	0.02092	0.00222	0.97686
694 G	0.02091	0.00228	0.97681
695 C	0.02090	0.00252	0.97657
696 T	0.02089	0.00390	0.97521
697 G	0.02058	0.00818	0.97124
698 A	0.02048	0.01149	0.96802
699 A	0.02044	0.01543	0.96413
700 A	0.02046	0.01579	0.96375
701 A	0.02036	0.01610	0.96354
702 T	0.02031	0.01605	0.96363
703 T	0.02022	0.01627	0.9635
704 C	0.02001	0.01678	0.96321
705 G	0.01980	0.01899	0.96121
706 A	0.01963	0.01986	0.96051
707 A	0.01957	0.02078	0.95965
708 T	0.01948	0.02119	0.95934
709 A	0.01932	0.02140	0.95929
710 C	0.01941	0.02128	0.95931
711 T	0.01957	0.02112	0.95931
712 T	0.01956	0.02113	0.95931
713 C	0.01942	0.02126	0.95932
714 C	0.01933	0.02136	0.95932
715 A	0.01929	0.02143	0.95929
716 A	0.01936	0.02138	0.95927
717 A	0.01955	0.02120	0.95925
718 C	0.02011	0.02063	0.95925
719 A	0.02173	0.01903	0.95924
720 T	0.02587	0.01463	0.9595
721 A	0.02842	0.01199	0.95959
722 T	0.03188	0.00846	0.95966
723 A	0.03223	0.00808	0.95969
724 T	0.03261	0.00746	0.95993
725 C	0.03267	0.00726	0.96007
726 A	0.03282	0.00724	0.95994
727 G	0.03311	0.00702	0.95988
728 A	0.03492	0.00559	0.95949
729 A	0.03554	0.00558	0.95888
730 T	0.03605	0.00537	0.95858
731 T	0.03497	0.00672	0.95832
732 T	0.03202	0.01036	0.95762
733 T	0.03037	0.01316	0.95647
734 G	0.02712	0.01725	0.95562
735 G	0.02612	0.01909	0.95479
736 A	0.02561	0.02051	0.95388
737 T	0.02543	0.02067	0.9539
738 G	0.02432	0.02180	0.95388
739 A	0.02334	0.02285	0.95381
740 T	0.02261	0.02359	0.9538
741 C	0.02163	0.02456	0.95381
742 G	0.02094	0.02526	0.9538
743 A	0.02083	0.02537	0.9538
744 A	0.02078	0.02541	0.95381
745 C	0.02072	0.02544	0.95384
746 C	0.02065	0.02550	0.95385
747 C	0.02056	0.02559	0.95385
748 G	0.02053	0.02568	0.95378
749 A	0.02066	0.02569	0.95364
750 A	0.02080	0.02571	0.95349
751 A	0.02135	0.02515	0.9535
752 T	0.02226	0.02392	0.95383
753 G	0.02277	0.02180	0.95542
754 G	0.02360	0.01828	0.95812
755 C	0.02483	0.01381	0.96137
756 T	0.02642	0.01180	0.96178
757 T	0.02714	0.01015	0.96271
758 T	0.02776	0.00995	0.96229
759 T	0.02808	0.01022	0.9617
760 T	0.02795	0.01179	0.96026
761 G	0.02774	0.01346	0.9588
762 T	0.02771	0.01789	0.9544
763 G	0.02762	0.02123	0.95115
764 A	0.02720	0.02710	0.9457
765 T	0.02697	0.03158	0.94145
766 T	0.02670	0.03760	0.9357
767 T	0.02611	0.04267	0.93122
768 A	0.02533	0.04916	0.92551
769 A	0.02497	0.05424	0.92079
770 A	0.02475	0.05817	0.91709
771 A	0.02442	0.06408	0.91149
772 G	0.02413	0.07141	0.90446
773 A	0.02333	0.08476	0.89192
774 A	0.02174	0.09680	0.88147
775 A	0.02114	0.10211	0.87675
776 A	0.02086	0.10637	0.87278
777 T	0.02112	0.10670	0.87218
778 A	0.02117	0.10721	0.87163
779 T	0.02186	0.10716	0.87097
780 G	0.02236	0.10826	0.86938
781 C	0.02324	0.11002	0.86674
782 A	0.02395	0.12717	0.84888
783 A	0.02551	0.13346	0.84103
784 A	0.02875	0.13137	0.83987
785 T	0.03499	0.12577	0.83924
786 A	0.03685	0.12404	0.83911
787 G	0.04147	0.11869	0.83984
788 C	0.04592	0.11368	0.8404
789 T	0.04912	0.11061	0.84027
790 C	0.04759	0.11243	0.83999
791 A	0.04484	0.11622	0.83894
792 A	0.04374	0.11847	0.83779
793 A	0.04149	0.12178	0.83673
794 A	0.04248	0.12141	0.8361
795 A	0.04638	0.11742	0.8362
796 A	0.05689	0.10625	0.83686
797 T	0.06553	0.09581	0.83866
798 G	0.06675	0.09376	0.83949
799 C	0.06863	0.09131	0.84006
800 T	0.06859	0.09127	0.84013
801 G	0.06817	0.09159	0.84024
802 C	0.06931	0.09039	0.84031
803 A	0.07190	0.08785	0.84025
804 A	0.07540	0.08437	0.84023
805 T	0.09320	0.06622	0.84058
806 A	0.09992	0.05906	0.84101
807 T	0.10134	0.05731	0.84135
808 A	0.10160	0.05605	0.84235
809 T	0.10192	0.05297	0.84511
810 T	0.10151	0.05162	0.84687
811 A	0.09882	0.05325	0.84793
812 T	0.09797	0.05171	0.85031
813 T	0.09490	0.05352	0.85159
814 A	0.08352	0.06403	0.85245
815 A	0.07132	0.07567	0.85301
816 A	0.06199	0.08290	0.85511
817 A	0.05244	0.09101	0.85655
818 A	0.04898	0.09401	0.85701
819 T	0.04873	0.09664	0.85462
820 T	0.04725	0.11232	0.84044
821 G	0.04418	0.12676	0.82906
822 T	0.04261	0.13704	0.82035
823 T	0.03965	0.15088	0.80947
824 T	0.03370	0.16537	0.80092
825 A	0.02035	0.18626	0.79339
826 G	0.01562	0.19392	0.79045
827 A	0.01282	0.19973	0.78746
828 A	0.01146	0.20229	0.78626
829 A	0.01089	0.20322	0.78589
830 A	0.01079	0.20335	0.78586
831 A	0.01090	0.20289	0.78621
832 A	0.01105	0.20229	0.78665
833 A	0.01168	0.20073	0.78759
834 T	0.01359	0.19540	0.791
835 A	0.01463	0.19246	0.79291
836 A	0.01666	0.18648	0.79686
837 A	0.01931	0.17322	0.80747
838 G	0.02184	0.15826	0.8199
839 A	0.02435	0.14632	0.82934
840 A	0.02777	0.13328	0.83895
841 G	0.03295	0.12366	0.84339
842 A	0.04255	0.11242	0.84504
843 T	0.07257	0.07804	0.8494
844 T	0.09152	0.05302	0.85546
845 T	0.10108	0.03902	0.8599
846 T	0.10631	0.03038	0.86331
847 T	0.10905	0.02399	0.86697
848 T	0.11039	0.01615	0.87347
849 A	0.11112	0.01665	0.87223
850 T	0.11260	0.01793	0.86947
851 T	0.11241	0.02683	0.86076
852 T	0.10971	0.04213	0.84815
853 T	0.10266	0.06507	0.83227
854 T	0.08613	0.09426	0.81961
855 A	0.05254	0.13615	0.8113
856 G	0.03449	0.15978	0.80573
857 A	0.02484	0.17908	0.79607
858 A	0.01851	0.19139	0.7901
859 G	0.01534	0.19700	0.78766
860 A	0.01415	0.19976	0.78609
861 A	0.01359	0.20154	0.78487
862 A	0.01338	0.20319	0.78343
863 A	0.01343	0.20328	0.78329
864 T	0.01358	0.20328	0.78314
865 G	0.01355	0.20359	0.78286
866 T	0.01314	0.20453	0.78233
867 C	0.01237	0.20564	0.78199
868 G	0.01199	0.20656	0.78146
869 A	0.01173	0.20755	0.78072
870 A	0.01209	0.20752	0.78039
871 A	0.01382	0.20602	0.78017
872 A	0.01924	0.20068	0.78008
873 A	0.02726	0.19124	0.7815
874 A	0.03921	0.17539	0.7854
875 A	0.05384	0.15178	0.79438
876 T	0.07134	0.12371	0.80495
877 T	0.08223	0.09751	0.82026
878 T	0.08667	0.07167	0.84165
879 A	0.08786	0.05846	0.85368
880 A	0.09357	0.04690	0.85953
881 T	0.09800	0.03900	0.863
882 T	0.09645	0.04263	0.86093
883 C	0.09062	0.05223	0.85714
884 A	0.08618	0.06472	0.8491
885 A	0.08109	0.07469	0.84421
886 A	0.07680	0.08179	0.8414
887 G	0.07091	0.08966	0.83943
888 A	0.06591	0.09577	0.83833
889 T	0.06403	0.09789	0.83808
890 T	0.05927	0.10584	0.83489
891 A	0.05017	0.12425	0.82557
892 G	0.03894	0.14818	0.81288
893 A	0.02793	0.17017	0.8019
894 A	0.02101	0.18105	0.79795
895 A	0.01737	0.18638	0.79626
896 A	0.01579	0.18866	0.79555
897 A	0.01564	0.18917	0.7952
898 A	0.01651	0.18800	0.7955
899 T	0.01764	0.18612	0.79624
900 A	0.01703	0.18579	0.79718
901 G	0.01761	0.18312	0.79927
902 C	0.01876	0.17942	0.80182
903 G	0.02075	0.17736	0.80189
904 A	0.02463	0.17347	0.8019
905 A	0.03171	0.16414	0.80416
906 T	0.03909	0.15200	0.80891
907 T	0.04442	0.14334	0.81224
908 T	0.04408	0.13794	0.81798
909 A	0.03849	0.13998	0.82153
910 A	0.03153	0.14180	0.82667
911 A	0.02493	0.14311	0.83195
912 A	0.02331	0.14066	0.83603
913 G	0.02683	0.13080	0.84237
914 A	0.03658	0.11303	0.85039
915 A	0.04973	0.08959	0.86068
916 T	0.06130	0.06783	0.87087
917 T	0.06421	0.06102	0.87476
918 T	0.06031	0.06653	0.87315
919 A	0.05551	0.08152	0.86298
920 A	0.05019	0.09704	0.85277
921 A	0.04394	0.11090	0.84516
922 A	0.04180	0.11668	0.84151
923 A	0.04141	0.11817	0.84043
924 A	0.04065	0.12044	0.83891
925 A	0.03973	0.12282	0.83746
926 T	0.03854	0.12488	0.83658
927 T	0.03488	0.13309	0.83202
928 A	0.02980	0.14161	0.8286
929 A	0.02900	0.14355	0.82745
930 A	0.02892	0.14256	0.82852
931 T	0.02942	0.13759	0.83299
932 A	0.02930	0.13192	0.83879
933 T	0.03009	0.12359	0.84632
934 G	0.03014	0.11766	0.8522
935 C	0.03039	0.11476	0.85485
936 T	0.03068	0.11435	0.85496
937 G	0.03079	0.11406	0.85515
938 A	0.03151	0.11326	0.85523
939 A	0.03274	0.11166	0.8556
940 G	0.03489	0.10874	0.85637
941 C	0.03969	0.09753	0.86278
942 A	0.05048	0.08421	0.86531
943 A	0.06060	0.07068	0.86872
944 T	0.06911	0.05763	0.87326
945 T	0.07187	0.05425	0.87388
946 G	0.07275	0.05423	0.87302
947 A	0.07492	0.05151	0.87357
948 A	0.07717	0.04813	0.8747
949 A	0.07875	0.04397	0.87728
950 T	0.08431	0.03428	0.88141
951 T	0.08723	0.02717	0.88559
952 T	0.08774	0.02547	0.88678
953 T	0.08652	0.02601	0.88747
954 A	0.08322	0.02883	0.88796
955 T	0.08104	0.03004	0.88893
956 C	0.07742	0.03305	0.88952
957 C	0.07486	0.03597	0.88917
958 A	0.06586	0.04822	0.88591
959 A	0.06132	0.05428	0.8844
960 A	0.05633	0.06067	0.88299
961 A	0.04993	0.06804	0.88203
962 G	0.04273	0.07485	0.88242
963 T	0.04125	0.07559	0.88316
964 A	0.04056	0.07649	0.88296
965 A	0.04148	0.07504	0.88348
966 C	0.04259	0.07314	0.88427
967 A	0.04330	0.07246	0.88424
968 T	0.04453	0.07069	0.88477
969 T	0.04498	0.06965	0.88537
970 G	0.04402	0.07044	0.88554
971 A	0.04354	0.07070	0.88577
972 A	0.04330	0.06961	0.88708
973 T	0.04337	0.06763	0.889
974 T	0.04286	0.06567	0.89147
975 C	0.04150	0.06466	0.89384
976 G	0.04086	0.06450	0.89465
977 A	0.04052	0.06426	0.89522
978 A	0.04048	0.06372	0.8958
979 A	0.04062	0.06191	0.89746
980 A	0.04148	0.05939	0.89913
981 T	0.04471	0.04618	0.9091
982 A	0.04583	0.03970	0.91447
983 A	0.04703	0.03296	0.92002
984 A	0.04799	0.02527	0.92674
985 C	0.04825	0.01704	0.9347
986 C	0.04860	0.01496	0.93644
987 T	0.04947	0.01356	0.93696
988 G	0.04980	0.01310	0.9371
989 T	0.05007	0.01280	0.93713
990 T	0.05026	0.01261	0.93712
991 T	0.05027	0.01246	0.93726
992 A	0.05017	0.01150	0.93833
993 T	0.05021	0.00972	0.94007
994 G	0.05004	0.00865	0.94132
995 G	0.04997	0.00780	0.94223
996 T	0.05002	0.00711	0.94287
997 T	0.04997	0.00652	0.94351
998 C	0.04883	0.00708	0.94409
999 A	0.04773	0.00950	0.94277
1000 G	0.04761	0.01092	0.94147
1001 A	0.04758	0.01280	0.93962
1002 T	0.04800	0.01319	0.93881
1003 T	0.04806	0.01389	0.93805
1004 T	0.04794	0.01463	0.93742
1005 A	0.04765	0.01522	0.93713
1006 T	0.04747	0.01534	0.9372
1007 T	0.04707	0.01575	0.93719
1008 T	0.04616	0.01674	0.93709
1009 A	0.04537	0.01780	0.93684
1010 C	0.04488	0.01835	0.93677
1011 A	0.04420	0.01912	0.93668
1012 G	0.04367	0.01977	0.93657
1013 A	0.04350	0.01997	0.93653
1014 A	0.04313	0.02030	0.93657
1015 C	0.04305	0.02024	0.93671
1016 A	0.04310	0.02007	0.93683
1017 T	0.04316	0.01981	0.93702
1018 G	0.04314	0.01970	0.93716
1019 A	0.04323	0.01954	0.93723
1020 A	0.04345	0.01917	0.93738
1021 A	0.04396	0.01735	0.93869
1022 G	0.04544	0.01454	0.94003
1023 G	0.04736	0.01201	0.94063
1024 T	0.04974	0.00925	0.94101
1025 T	0.05069	0.00817	0.94114
1026 T	0.05124	0.00756	0.9412
1027 T	0.05160	0.00703	0.94137
1028 T	0.05175	0.00658	0.94168
1029 A	0.05173	0.00633	0.94194
1030 A	0.05178	0.00578	0.94244
1031 C	0.05191	0.00460	0.94349
1032 T	0.05218	0.00385	0.94397
1033 A	0.05224	0.00350	0.94426
1034 A	0.05234	0.00295	0.94471
1035 T	0.05250	0.00235	0.94515
1036 T	0.05254	0.00212	0.94534
1037 T	0.05254	0.00159	0.94586
1038 T	0.05253	0.00134	0.94613
1039 T	0.05251	0.00121	0.94628
1040 T	0.05249	0.00118	0.94633
1041 T	0.05244	0.00117	0.94639
1042 G	0.05231	0.00130	0.94639
1043 A	0.05223	0.00138	0.94639
1044 T	0.05220	0.00139	0.94641
1045 G	0.05208	0.00150	0.94642
1046 A	0.05205	0.00152	0.94643
1047 A	0.05208	0.00148	0.94645
1048 C	0.05215	0.00136	0.94649
1049 C	0.05228	0.00121	0.94651
1050 T	0.05234	0.00114	0.94651
1051 G	0.05238	0.00110	0.94652
1052 T	0.05244	0.00103	0.94654
1053 T	0.05246	0.00100	0.94653
1054 T	0.05246	0.00100	0.94655
1055 T	0.05245	0.00096	0.94659
1056 T	0.05239	0.00100	0.94661
1057 G	0.05229	0.00108	0.94662
1058 T	0.05226	0.00110	0.94664
1059 T	0.05214	0.00121	0.94665
1060 A	0.05184	0.00153	0.94663
1061 T	0.05166	0.00172	0.94663
1062 C	0.05139	0.00205	0.94656
1063 G	0.05099	0.00270	0.94631
1064 A	0.05076	0.00309	0.94615
1065 T	0.05073	0.00305	0.94621
1066 T	0.05065	0.00308	0.94627
1067 G	0.05055	0.00317	0.94629
1068 G	0.05028	0.00331	0.94641
1069 C	0.05011	0.00343	0.94645
1070 C	0.05004	0.00350	0.94646
1071 T	0.04995	0.00360	0.94644
1072 A	0.04983	0.00373	0.94643
1073 T	0.04978	0.00380	0.94642
1074 T	0.04960	0.00400	0.9464
1075 G	0.04933	0.00432	0.94635
1076 A	0.04918	0.00447	0.94635
1077 G	0.04906	0.00456	0.94637
1078 A	0.04891	0.00471	0.94637
1079 T	0.04882	0.00470	0.94648
1080 C	0.04848	0.00494	0.94658
1081 A	0.04816	0.00524	0.9466
1082 A	0.04807	0.00520	0.94672
1083 A	0.04812	0.00491	0.94697
1084 G	0.04820	0.00461	0.94719
1085 C	0.04835	0.00424	0.94741
1086 T	0.04861	0.00359	0.94779
1087 T	0.04874	0.00330	0.94796
1088 T	0.04874	0.00329	0.94798
1089 T	0.04869	0.00337	0.94794
1090 T	0.04860	0.00354	0.94786
1091 A	0.04848	0.00356	0.94797
1092 T	0.04838	0.00358	0.94804
1093 A	0.04813	0.00405	0.94782
1094 T	0.04736	0.00508	0.94756
1095 G	0.04485	0.00815	0.947
1096 A	0.04197	0.01222	0.94581
1097 A	0.04083	0.01380	0.94538
1098 A	0.04024	0.01471	0.94505
1099 A	0.03989	0.01512	0.94499
1100 A	0.03979	0.01526	0.94496
1101 T	0.03965	0.01522	0.94513
1102 A	0.03952	0.01524	0.94524
1103 A	0.03949	0.01495	0.94556
1104 T	0.03948	0.01471	0.94581
1105 C	0.03944	0.01467	0.94589
1106 C	0.03942	0.01473	0.94585
1107 A	0.03937	0.01483	0.9458
1108 G	0.03929	0.01494	0.94577
1109 A	0.03926	0.01497	0.94577
1110 T	0.03918	0.01505	0.94577
1111 C	0.03872	0.01549	0.94579
1112 A	0.03854	0.01563	0.94583
1113 C	0.03851	0.01551	0.94598
1114 A	0.03849	0.01543	0.94608
1115 A	0.03855	0.01527	0.94618
1116 A	0.03888	0.01477	0.94635
1117 A	0.03937	0.01326	0.94738
1118 C	0.04010	0.01009	0.9498
1119 T	0.04129	0.00607	0.95264
1120 G	0.04166	0.00461	0.95373
1121 T	0.04208	0.00364	0.95428
1122 G	0.04215	0.00328	0.95458
1123 G	0.04225	0.00306	0.9547
1124 C	0.04228	0.00275	0.95498
1125 C	0.04230	0.00259	0.95511
1126 G	0.04232	0.00255	0.95514
1127 C	0.04234	0.00254	0.95511
1128 T	0.04221	0.00291	0.95488
1129 A	0.04183	0.00346	0.95471
1130 T	0.04169	0.00362	0.95469
1131 G	0.04144	0.00388	0.95468
1132 G	0.04138	0.00417	0.95445
1133 A	0.04134	0.00419	0.95446
1134 T	0.04135	0.00372	0.95493
1135 T	0.04135	0.00364	0.95501
1136 T	0.04124	0.00392	0.95484
1137 A	0.04091	0.00442	0.95466
1138 T	0.04073	0.00472	0.95455
1139 T	0.04042	0.00521	0.95437
1140 A	0.03992	0.00575	0.95433
1141 G	0.03971	0.00593	0.95436
1142 T	0.03958	0.00603	0.9544
1143 T	0.03922	0.00634	0.95445
1144 C	0.03865	0.00690	0.95445
1145 C	0.03829	0.00729	0.95442
1146 T	0.03801	0.00776	0.95423
1147 A	0.03772	0.00835	0.95393
1148 A	0.03760	0.00860	0.95381
1149 A	0.03755	0.00868	0.95377
1150 A	0.03759	0.00863	0.95379
1151 T	0.03786	0.00806	0.95408
1152 T	0.03806	0.00742	0.95452
1153 G	0.03812	0.00717	0.95472
1154 G	0.03823	0.00687	0.9549
1155 T	0.03848	0.00659	0.95494
1156 G	0.03858	0.00652	0.9549
1157 A	0.03844	0.00680	0.95475
1158 A	0.03855	0.00678	0.95467
1159 T	0.03880	0.00648	0.95472
1160 T	0.03868	0.00649	0.95483
1161 A	0.03806	0.00730	0.95464
1162 A	0.03752	0.00782	0.95466
1163 T	0.03707	0.00804	0.95488
1164 A	0.03529	0.00999	0.95472
1165 G	0.03322	0.01240	0.95439
1166 G	0.03243	0.01331	0.95425
1167 T	0.03207	0.01357	0.95436
1168 G	0.03146	0.01399	0.95455
1169 G	0.03127	0.01406	0.95467
1170 T	0.03140	0.01376	0.95484
1171 T	0.03115	0.01396	0.95489
1172 C	0.03037	0.01480	0.95483
1173 T	0.02940	0.01623	0.95438
1174 C	0.02789	0.01808	0.95403
1175 A	0.02666	0.01990	0.95344
1176 A	0.02569	0.02120	0.95311
1177 A	0.02493	0.02211	0.95297
1178 G	0.02444	0.02261	0.95295
1179 A	0.02388	0.02321	0.95291
1180 G	0.02321	0.02364	0.95315
1181 A	0.02279	0.02401	0.95319
1182 A	0.02261	0.02416	0.95323
1183 G	0.02252	0.02405	0.95342
1184 A	0.02275	0.02332	0.95392
1185 A	0.02298	0.02258	0.95444
1186 A	0.02323	0.02186	0.95491
1187 A	0.02371	0.01981	0.95648
1188 T	0.02437	0.01735	0.95829
1189 T	0.02471	0.01644	0.95884
1190 T	0.02463	0.01665	0.95873
1191 A	0.02426	0.01750	0.95824
1192 G	0.02411	0.01820	0.95769
1193 A	0.02406	0.01873	0.9572
1194 A	0.02414	0.01903	0.95683
1195 A	0.02442	0.01856	0.95702
1196 T	0.02501	0.01767	0.95733
1197 T	0.02522	0.01698	0.9578
1198 T	0.02522	0.01695	0.95783
1199 T	0.02473	0.01790	0.95737
1200 A	0.02359	0.01994	0.95647
1201 A	0.02281	0.02161	0.95558
1202 A	0.02249	0.02187	0.95564
1203 A	0.02222	0.02173	0.95605
1204 G	0.02218	0.02143	0.95639
1205 A	0.02227	0.02120	0.95653
1206 T	0.02245	0.02091	0.95664
1207 A	0.02252	0.02093	0.95655
1208 A	0.02264	0.02075	0.95661
1209 G	0.02284	0.02039	0.95677
1210 A	0.02315	0.01998	0.95687
1211 T	0.02360	0.01933	0.95706
1212 G	0.02397	0.01878	0.95725
1213 C	0.02462	0.01791	0.95747
1214 A	0.02550	0.01722	0.95729
1215 T	0.02648	0.01646	0.95707
1216 A	0.02688	0.01646	0.95666
1217 A	0.02774	0.01605	0.95621
1218 A	0.02885	0.01507	0.95608
1219 T	0.03061	0.01278	0.95661
1220 T	0.03164	0.01134	0.95703
1221 T	0.03238	0.01034	0.95728
1222 A	0.03262	0.01016	0.95722
1223 A	0.03317	0.00941	0.95742
1224 T	0.03395	0.00832	0.95773
1225 A	0.03388	0.00818	0.95794
1226 T	0.03414	0.00776	0.9581
1227 T	0.03412	0.00761	0.95827
1228 G	0.03373	0.00788	0.95839
1229 C	0.03355	0.00800	0.95846
1230 T	0.03340	0.00812	0.95848
1231 C	0.03290	0.00861	0.95849
1232 C	0.03249	0.00907	0.95844
1233 A	0.03218	0.00951	0.95831
1234 G	0.03190	0.00990	0.9582
1235 A	0.03175	0.01018	0.95807
1236 A	0.03179	0.01020	0.95801
1237 G	0.03216	0.00986	0.95798
1238 A	0.03250	0.00948	0.95802
1239 A	0.03293	0.00889	0.95819
1240 T	0.03346	0.00821	0.95834
1241 T	0.03364	0.00793	0.95843
1242 A	0.03371	0.00780	0.9585
1243 G	0.03383	0.00753	0.95863
1244 A	0.03405	0.00712	0.95883
1245 A	0.03450	0.00632	0.95918
1246 T	0.03504	0.00538	0.95959
1247 G	0.03528	0.00484	0.95988
1248 G	0.03542	0.00428	0.96031
1249 T	0.03560	0.00387	0.96053
1250 A	0.03565	0.00358	0.96077
1251 T	0.03570	0.00302	0.96129
1252 T	0.03573	0.00274	0.96153
1253 T	0.03575	0.00246	0.9618
1254 A	0.03576	0.00208	0.96216
1255 G	0.03580	0.00172	0.96248
1256 A	0.03588	0.00138	0.96274
1257 T	0.03601	0.00098	0.963
1258 T	0.03614	0.00069	0.96317
1259 T	0.03619	0.00058	0.96324
1260 G	0.03621	0.00053	0.96327
1261 C	0.03624	0.00048	0.96328
1262 G	0.03625	0.00047	0.96328
1263 T	0.03627	0.00045	0.96328
1264 C	0.03628	0.00044	0.96328
1265 G	0.03630	0.00044	0.96326
1266 T	0.03632	0.00045	0.96323
1267 T	0.03633	0.00047	0.96319
1268 T	0.03633	0.00047	0.96319
1269 T	0.03631	0.00050	0.96319
1270 G	0.03629	0.00052	0.96319
1271 G	0.03628	0.00052	0.9632
1272 C	0.03629	0.00052	0.96319
1273 G	0.03630	0.00052	0.96318
1274 G	0.03633	0.00051	0.96316
1275 T	0.03640	0.00050	0.9631
1276 T	0.03644	0.00051	0.96305
1277 G	0.03645	0.00058	0.96298
1278 T	0.03647	0.00057	0.96296
1279 A	0.03646	0.00060	0.96294
1280 T	0.03645	0.00063	0.96291
1281 A	0.03644	0.00067	0.96289
1282 C	0.03643	0.00066	0.96291
1283 A	0.03643	0.00067	0.9629
1284 T	0.03643	0.00067	0.9629
1285 T	0.03642	0.00069	0.96289
1286 C	0.03640	0.00073	0.96287
1287 A	0.03639	0.00089	0.96273
1288 G	0.03637	0.00107	0.96256
1289 G	0.03636	0.00114	0.9625
1290 T	0.03639	0.00116	0.96246
1291 T	0.03636	0.00122	0.96242
1292 T	0.03626	0.00136	0.96237
1293 C	0.03605	0.00163	0.96232
1294 G	0.03592	0.00190	0.96218
1295 G	0.03581	0.00225	0.96193
1296 A	0.03580	0.00259	0.96162
1297 A	0.03580	0.00276	0.96144
1298 T	0.03585	0.00279	0.96136
1299 A	0.03588	0.00282	0.9613
1300 G	0.03591	0.00281	0.96128
1301 G	0.03591	0.00281	0.96129
1302 A	0.03591	0.00279	0.96129
1303 T	0.03594	0.00276	0.96131
1304 T	0.03593	0.00275	0.96132
1305 C	0.03583	0.00285	0.96132
1306 G	0.03578	0.00293	0.96128
1307 A	0.03576	0.00299	0.96125
1308 A	0.03575	0.00303	0.96121
1309 A	0.03577	0.00305	0.96117
1310 G	0.03591	0.00292	0.96116
1311 A	0.03609	0.00271	0.9612
1312 T	0.03622	0.00254	0.96124
1313 T	0.03630	0.00243	0.96127
1314 A	0.03636	0.00233	0.96131
1315 T	0.03651	0.00207	0.96142
1316 T	0.03660	0.00180	0.9616
1317 A	0.03667	0.00163	0.9617
1318 C	0.03685	0.00135	0.96181
1319 T	0.03713	0.00106	0.96181
1320 T	0.03725	0.00095	0.96179
1321 T	0.03725	0.00098	0.96177
1322 A	0.03718	0.00107	0.96175
1323 T	0.03714	0.00111	0.96174
1324 T	0.03707	0.00116	0.96177
1325 T	0.03690	0.00132	0.96178
1326 A	0.03661	0.00161	0.96177
1327 A	0.03638	0.00184	0.96178
1328 C	0.03634	0.00179	0.96187
