# lcl|CP097583.1_cds_USQ93404.1_1
# AA	inside	membr	outside
1 A	0.13307	0.00000	0.86693
2 T	0.13062	0.00245	0.86693
3 G	0.12974	0.00333	0.86693
4 A	0.12974	0.07769	0.79257
5 A	0.12654	0.12307	0.75039
6 T	0.12654	0.12392	0.74954
7 G	0.11872	0.13205	0.74923
8 A	0.11872	0.13206	0.74922
9 T	0.11584	0.13500	0.74916
10 C	0.11582	0.13909	0.74509
11 A	0.11439	0.14102	0.74459
12 A	0.10053	0.15498	0.74449
13 A	0.09064	0.16512	0.74424
14 A	0.09064	0.16512	0.74424
15 T	0.09064	0.16619	0.74317
16 A	0.09022	0.16661	0.74317
17 T	0.08981	0.16703	0.74315
18 A	0.08979	0.16711	0.7431
19 A	0.08966	0.16727	0.74306
20 A	0.08925	0.16809	0.74265
21 A	0.08908	0.16814	0.74278
22 T	0.09329	0.16348	0.74322
23 T	0.09780	0.15827	0.74393
24 A	0.10392	0.15168	0.7444
25 C	0.11206	0.13783	0.75011
26 C	0.11753	0.13128	0.7512
27 T	0.17657	0.07153	0.75189
28 T	0.20549	0.04199	0.75252
29 T	0.20699	0.04061	0.7524
30 T	0.20809	0.03748	0.75443
31 T	0.20795	0.03734	0.75471
32 A	0.20752	0.03305	0.75943
33 T	0.20660	0.03130	0.76209
34 T	0.20305	0.03277	0.76419
35 T	0.19877	0.02654	0.77468
36 A	0.19066	0.02933	0.78001
37 G	0.18660	0.03348	0.77992
38 A	0.17973	0.04148	0.77878
39 T	0.16894	0.05454	0.77653
40 G	0.16100	0.06300	0.776
41 C	0.15917	0.06548	0.77536
42 A	0.15632	0.06872	0.77497
43 G	0.15498	0.07000	0.77502
44 A	0.15404	0.07126	0.7747
45 G	0.15372	0.07169	0.7746
46 C	0.15346	0.07194	0.7746
47 A	0.15331	0.07207	0.77462
48 A	0.15341	0.07195	0.77465
49 T	0.15367	0.07163	0.77469
50 C	0.15383	0.07143	0.77474
51 T	0.15409	0.07115	0.77476
52 A	0.15434	0.07069	0.77497
53 T	0.15468	0.06991	0.77541
54 T	0.15488	0.06907	0.77606
55 T	0.15498	0.06833	0.77669
56 T	0.15497	0.06387	0.78117
57 A	0.15488	0.05953	0.78558
58 G	0.15507	0.05355	0.79138
59 G	0.15622	0.04497	0.79881
60 A	0.15614	0.04150	0.80236
61 A	0.15740	0.03524	0.80736
62 T	0.16044	0.02432	0.81524
63 T	0.16088	0.02039	0.81872
64 A	0.16054	0.02086	0.8186
65 T	0.16058	0.01944	0.81998
66 T	0.16049	0.01965	0.81986
67 T	0.16048	0.02009	0.81943
68 T	0.15981	0.02178	0.81841
69 T	0.15714	0.02524	0.81762
70 T	0.15361	0.03137	0.81502
71 T	0.14967	0.03810	0.81222
72 A	0.14228	0.04641	0.8113
73 G	0.14020	0.04856	0.81125
74 A	0.13931	0.04955	0.81115
75 T	0.13783	0.05111	0.81106
76 C	0.13577	0.05330	0.81093
77 C	0.13427	0.05530	0.81043
78 T	0.13027	0.06069	0.80904
79 A	0.12150	0.07172	0.80677
80 A	0.11732	0.07680	0.80588
81 A	0.11393	0.08130	0.80477
82 A	0.11256	0.08326	0.80419
83 A	0.11234	0.08302	0.80464
84 A	0.11390	0.08115	0.80496
85 A	0.11649	0.07825	0.80526
86 T	0.12046	0.07363	0.80592
87 T	0.12235	0.07076	0.80689
88 T	0.12295	0.06938	0.80767
89 T	0.12326	0.06856	0.80818
90 A	0.12230	0.06908	0.80863
91 A	0.12242	0.06702	0.81056
92 C	0.12285	0.06108	0.81607
93 T	0.12502	0.05617	0.8188
94 A	0.12563	0.05386	0.82052
95 C	0.12504	0.05159	0.82337
96 A	0.12044	0.06132	0.81824
97 A	0.11657	0.07063	0.8128
98 T	0.11512	0.07252	0.81235
99 G	0.11252	0.07499	0.8125
100 G	0.11162	0.07616	0.81223
101 A	0.11212	0.07284	0.81504
102 T	0.11396	0.06326	0.82278
103 A	0.11415	0.05981	0.82603
104 G	0.11495	0.05631	0.82874
105 A	0.11554	0.05487	0.8296
106 T	0.11594	0.05444	0.82962
107 T	0.11602	0.05393	0.83005
108 A	0.11582	0.05449	0.82969
109 G	0.11560	0.05426	0.83014
110 A	0.11550	0.05366	0.83085
111 C	0.11541	0.05264	0.83195
112 A	0.11480	0.05303	0.83217
113 C	0.11441	0.05267	0.83293
114 A	0.11423	0.05362	0.83215
115 G	0.11416	0.05515	0.83068
116 A	0.11464	0.05682	0.82853
117 A	0.11572	0.05547	0.82881
118 G	0.11734	0.05355	0.82912
119 A	0.12390	0.04272	0.83338
120 T	0.13165	0.03107	0.83728
121 T	0.13475	0.02730	0.83795
122 T	0.13602	0.02401	0.83997
123 T	0.13607	0.02380	0.84013
124 T	0.13479	0.02532	0.83988
125 T	0.13101	0.02892	0.84007
126 C	0.12425	0.03536	0.84039
127 A	0.12080	0.03894	0.84026
128 A	0.11971	0.04009	0.8402
129 C	0.11956	0.04024	0.8402
130 A	0.11810	0.04223	0.83968
131 T	0.11714	0.04377	0.83909
132 T	0.11554	0.04529	0.83917
133 G	0.11419	0.04705	0.83875
134 A	0.11380	0.04771	0.83849
135 A	0.11377	0.04698	0.83925
136 C	0.11401	0.04580	0.84019
137 A	0.11496	0.04464	0.8404
138 T	0.11684	0.04262	0.84055
139 C	0.11772	0.04190	0.84039
140 A	0.11755	0.04293	0.83952
141 A	0.11792	0.04370	0.83839
142 T	0.11913	0.04293	0.83794
143 A	0.11953	0.04302	0.83744
144 T	0.12101	0.04158	0.83741
145 A	0.12138	0.04001	0.83861
146 T	0.12232	0.03668	0.841
147 T	0.12286	0.03341	0.84373
148 T	0.12285	0.02947	0.84768
149 T	0.12254	0.02500	0.85246
150 T	0.12128	0.02392	0.8548
151 G	0.11937	0.02453	0.8561
152 A	0.11828	0.02491	0.85681
153 A	0.11688	0.02461	0.8585
154 G	0.11625	0.02355	0.8602
155 C	0.11537	0.02330	0.86133
156 T	0.11439	0.02524	0.86037
157 A	0.11159	0.03122	0.85719
158 T	0.10960	0.03445	0.85595
159 G	0.10539	0.04062	0.85398
160 A	0.10282	0.04385	0.85332
161 A	0.10154	0.04546	0.85301
162 A	0.10103	0.04538	0.85359
163 A	0.10131	0.04511	0.85358
164 C	0.10221	0.04367	0.85413
165 T	0.10241	0.04523	0.85236
166 T	0.10224	0.04562	0.85214
167 T	0.10190	0.04634	0.85176
168 A	0.10112	0.04778	0.8511
169 T	0.10052	0.04895	0.85053
170 C	0.09893	0.05000	0.85106
171 T	0.09725	0.05264	0.8501
172 A	0.08099	0.07181	0.8472
173 A	0.07277	0.08155	0.84567
174 A	0.06699	0.08725	0.84576
175 G	0.06271	0.09142	0.84588
176 A	0.05986	0.09361	0.84654
177 A	0.05902	0.09340	0.84758
178 A	0.05936	0.09200	0.84864
179 A	0.06110	0.08859	0.85031
180 T	0.06429	0.08284	0.85286
181 A	0.06504	0.08072	0.85423
182 A	0.06632	0.07621	0.85748
183 A	0.06687	0.07335	0.85979
184 G	0.06754	0.07107	0.86139
185 A	0.06831	0.06932	0.86237
186 T	0.07005	0.06669	0.86325
187 A	0.07066	0.06551	0.86382
188 T	0.07267	0.06251	0.86482
189 C	0.07303	0.06093	0.86605
190 G	0.07352	0.05989	0.86659
191 A	0.07438	0.05850	0.86711
192 T	0.07593	0.05603	0.86804
193 T	0.07658	0.05397	0.86945
194 A	0.07781	0.05114	0.87105
195 T	0.08087	0.03048	0.88866
196 T	0.08314	0.02006	0.8968
197 T	0.08406	0.01374	0.9022
198 A	0.08443	0.01010	0.90547
199 T	0.08545	0.00606	0.90848
200 C	0.08563	0.00478	0.90959
201 T	0.08600	0.00445	0.90955
202 G	0.08624	0.00447	0.9093
203 T	0.08667	0.00456	0.90878
204 T	0.08711	0.00681	0.90608
205 T	0.08719	0.00935	0.90346
206 T	0.08547	0.01410	0.90043
207 T	0.08431	0.01966	0.89603
208 A	0.08261	0.02733	0.89006
209 G	0.08161	0.03972	0.87867
210 T	0.08092	0.04252	0.87656
211 A	0.08031	0.04481	0.87489
212 T	0.07968	0.04591	0.87441
213 T	0.07800	0.04791	0.8741
214 C	0.07524	0.05112	0.87364
215 T	0.07306	0.05404	0.87289
216 T	0.06369	0.06419	0.87212
217 A	0.05744	0.07137	0.87118
218 A	0.05277	0.07691	0.87033
219 A	0.05006	0.07978	0.87016
220 A	0.04809	0.08181	0.87011
221 A	0.04692	0.08291	0.87017
222 A	0.04485	0.08499	0.87016
223 C	0.04392	0.08585	0.87024
224 A	0.04351	0.08679	0.8697
225 A	0.04383	0.08652	0.86964
226 A	0.04467	0.08573	0.8696
227 A	0.04783	0.08255	0.86962
228 A	0.05072	0.07948	0.8698
229 C	0.05451	0.07321	0.87228
230 A	0.05827	0.06863	0.8731
231 A	0.06401	0.06150	0.87449
232 A	0.07344	0.05128	0.87528
233 C	0.07588	0.04779	0.87632
234 T	0.07765	0.04565	0.87671
235 T	0.07783	0.04374	0.87843
236 T	0.07655	0.04250	0.88096
237 G	0.07426	0.04166	0.88407
238 G	0.07179	0.04223	0.88598
239 C	0.07066	0.03273	0.8966
240 A	0.07029	0.02896	0.90074
241 G	0.07022	0.02523	0.90454
242 G	0.06979	0.02468	0.90553
243 G	0.06945	0.02377	0.90678
244 G	0.06924	0.02335	0.9074
245 G	0.06870	0.02190	0.90941
246 G	0.06826	0.02167	0.91008
247 C	0.06867	0.02107	0.91025
248 A	0.06879	0.02348	0.90773
249 A	0.06897	0.02546	0.90557
250 A	0.06921	0.02761	0.90318
251 A	0.06947	0.02823	0.9023
252 A	0.06963	0.02863	0.90173
253 T	0.06990	0.02969	0.90041
254 A	0.06999	0.03025	0.89977
255 T	0.07014	0.03042	0.89944
256 T	0.07021	0.03057	0.89922
257 T	0.07025	0.03052	0.89923
258 A	0.07021	0.02996	0.89984
259 T	0.07024	0.02844	0.90132
260 T	0.07023	0.02663	0.90313
261 A	0.07024	0.02486	0.90489
262 C	0.07032	0.02357	0.90611
263 A	0.07058	0.02324	0.90619
264 A	0.07087	0.02308	0.90606
265 T	0.07184	0.02168	0.90648
266 T	0.07211	0.02108	0.90682
267 A	0.07216	0.02083	0.90702
268 A	0.07252	0.01969	0.9078
269 C	0.07317	0.01828	0.90855
270 T	0.07404	0.01731	0.90866
271 G	0.07599	0.01539	0.90862
272 A	0.07805	0.01341	0.90854
273 T	0.08058	0.01091	0.90851
274 A	0.08151	0.01003	0.90846
275 G	0.08231	0.00922	0.90847
276 T	0.08464	0.00686	0.90849
277 A	0.08560	0.00586	0.90854
278 T	0.08663	0.00476	0.9086
279 T	0.08739	0.00394	0.90866
280 C	0.08783	0.00341	0.90876
281 C	0.08802	0.00317	0.90881
282 T	0.08832	0.00288	0.9088
283 T	0.08839	0.00282	0.90879
284 C	0.08835	0.00286	0.90879
285 T	0.08842	0.00283	0.90874
286 A	0.08856	0.00273	0.90871
287 T	0.08901	0.00227	0.90871
288 T	0.08901	0.00226	0.90872
289 T	0.08893	0.00235	0.90872
290 A	0.08885	0.00231	0.90884
291 T	0.08886	0.00219	0.90895
292 C	0.08872	0.00229	0.90899
293 A	0.08862	0.00239	0.90899
294 T	0.08868	0.00230	0.90901
295 T	0.08868	0.00229	0.90902
296 T	0.08859	0.00239	0.90903
297 A	0.08849	0.00248	0.90903
298 G	0.08848	0.00245	0.90907
299 A	0.08848	0.00242	0.9091
300 T	0.08849	0.00236	0.90915
301 A	0.08849	0.00237	0.90914
302 G	0.08850	0.00230	0.9092
303 T	0.08851	0.00225	0.90924
304 T	0.08851	0.00226	0.90923
305 A	0.08852	0.00222	0.90926
306 T	0.08854	0.00207	0.90939
307 A	0.08855	0.00193	0.90952
308 T	0.08859	0.00174	0.90967
309 C	0.08861	0.00155	0.90984
310 G	0.08863	0.00151	0.90986
311 A	0.08864	0.00147	0.90989
312 T	0.08865	0.00138	0.90997
313 T	0.08859	0.00139	0.91002
314 T	0.08848	0.00152	0.91
315 T	0.08821	0.00162	0.91018
316 G	0.08773	0.00195	0.91032
317 T	0.08746	0.00211	0.91043
318 T	0.08702	0.00247	0.91051
319 C	0.08616	0.00326	0.91057
320 G	0.08541	0.00425	0.91034
321 C	0.08461	0.00541	0.90997
322 G	0.08402	0.00615	0.90982
323 A	0.08360	0.00662	0.90979
324 T	0.08335	0.00689	0.90976
325 G	0.08299	0.00725	0.90976
326 C	0.08288	0.00735	0.90976
327 C	0.08279	0.00746	0.90976
328 G	0.08275	0.00752	0.90972
329 C	0.08274	0.00756	0.90969
330 T	0.08273	0.00779	0.90947
331 T	0.08271	0.00812	0.90918
332 T	0.08265	0.00841	0.90893
333 A	0.08222	0.00922	0.90856
334 A	0.08209	0.00968	0.90823
335 A	0.08203	0.00984	0.90813
336 A	0.08186	0.00994	0.90821
337 A	0.08182	0.00985	0.90834
338 G	0.08178	0.00957	0.90864
339 A	0.08170	0.00938	0.90892
340 G	0.08170	0.00929	0.90902
341 A	0.08174	0.00940	0.90886
342 A	0.08180	0.00938	0.90882
343 A	0.08207	0.00874	0.9092
344 T	0.08242	0.00783	0.90975
345 A	0.08252	0.00742	0.91006
346 A	0.08247	0.00706	0.91048
347 T	0.08248	0.00676	0.91076
348 T	0.08240	0.00654	0.91106
349 A	0.08206	0.00676	0.91118
350 C	0.08196	0.00670	0.91134
351 T	0.08185	0.00677	0.91138
352 A	0.08146	0.00713	0.91141
353 C	0.08144	0.00708	0.91148
354 T	0.08163	0.00689	0.91147
355 G	0.08159	0.00691	0.9115
356 C	0.08176	0.00633	0.91191
357 T	0.08193	0.00611	0.91197
358 T	0.08188	0.00612	0.912
359 C	0.08169	0.00614	0.91218
360 G	0.08144	0.00634	0.91222
361 G	0.08149	0.00626	0.91225
362 C	0.08177	0.00586	0.91236
363 C	0.08208	0.00555	0.91237
364 A	0.08251	0.00526	0.91223
365 T	0.08329	0.00452	0.91219
366 T	0.08349	0.00438	0.91214
367 T	0.08345	0.00464	0.91191
368 A	0.08323	0.00503	0.91174
369 T	0.08310	0.00516	0.91174
370 A	0.08271	0.00630	0.91099
371 A	0.08169	0.00761	0.9107
372 T	0.07991	0.00930	0.91079
373 G	0.07361	0.01573	0.91066
374 A	0.07134	0.01811	0.91055
375 A	0.06995	0.01943	0.91062
376 G	0.06913	0.02028	0.91059
377 G	0.06882	0.02067	0.91052
378 T	0.06865	0.02095	0.9104
379 A	0.06841	0.02148	0.91011
380 T	0.06836	0.02152	0.91012
381 T	0.06823	0.02166	0.91012
382 A	0.06806	0.02178	0.91017
383 G	0.06800	0.02163	0.91037
384 T	0.06797	0.02155	0.91048
385 A	0.06790	0.02163	0.91047
386 A	0.06791	0.02157	0.91052
387 T	0.06802	0.02133	0.91066
388 C	0.06787	0.02140	0.91074
389 A	0.06786	0.02140	0.91075
390 T	0.06808	0.02102	0.91089
391 G	0.06821	0.02063	0.91116
392 A	0.06839	0.02031	0.91131
393 T	0.06927	0.01908	0.91165
394 A	0.06973	0.01743	0.91285
395 T	0.07014	0.01478	0.91508
396 T	0.07035	0.00826	0.92138
397 G	0.07040	0.00623	0.92337
398 A	0.07062	0.00500	0.92438
399 T	0.07103	0.00391	0.92506
400 T	0.07130	0.00328	0.92542
401 T	0.07161	0.00269	0.92569
402 T	0.07189	0.00221	0.92589
403 T	0.07172	0.00239	0.92588
404 C	0.07133	0.00289	0.92578
405 T	0.07076	0.00432	0.92493
406 A	0.06907	0.00742	0.92351
407 A	0.06782	0.00972	0.92246
408 T	0.06636	0.01228	0.92135
409 T	0.06369	0.01785	0.91846
410 A	0.05926	0.03054	0.9102
411 T	0.05640	0.03595	0.90766
412 T	0.05205	0.04182	0.90613
413 T	0.04649	0.04897	0.90454
414 A	0.03922	0.05756	0.90322
415 A	0.03682	0.06070	0.90248
416 A	0.03610	0.06165	0.90225
417 T	0.03588	0.06192	0.9022
418 A	0.03554	0.06225	0.9022
419 T	0.03548	0.06227	0.90224
420 T	0.03529	0.06242	0.90228
421 A	0.03482	0.06288	0.9023
422 C	0.03402	0.06363	0.90235
423 T	0.03364	0.06403	0.90233
424 G	0.03333	0.06436	0.90232
425 A	0.03316	0.06452	0.90231
426 A	0.03323	0.06428	0.90249
427 G	0.03343	0.06378	0.90279
428 A	0.03432	0.06238	0.9033
429 A	0.03575	0.05947	0.90478
430 A	0.03682	0.05692	0.90626
431 A	0.03810	0.05340	0.9085
432 A	0.04157	0.04607	0.91237
433 T	0.05113	0.03176	0.91711
434 T	0.05458	0.02477	0.92065
435 T	0.05580	0.01957	0.92462
436 T	0.05588	0.01518	0.92894
437 T	0.05440	0.01307	0.93253
438 T	0.04997	0.01931	0.93072
439 C	0.04585	0.02850	0.92565
440 A	0.04399	0.03969	0.91633
441 A	0.04302	0.04941	0.90757
442 A	0.04258	0.05195	0.90547
443 T	0.04240	0.05206	0.90553
444 T	0.03873	0.05553	0.90574
445 T	0.02897	0.06494	0.90609
446 C	0.02288	0.07139	0.90573
447 C	0.02020	0.07692	0.90288
448 A	0.01759	0.08440	0.898
449 A	0.01594	0.08784	0.89622
450 A	0.01524	0.08974	0.89502
451 A	0.01488	0.09067	0.89445
452 A	0.01461	0.09122	0.89417
453 G	0.01456	0.09131	0.89413
454 A	0.01475	0.09171	0.89354
455 A	0.01491	0.09209	0.89299
456 A	0.01525	0.09240	0.89235
457 A	0.01577	0.09175	0.89247
458 A	0.01605	0.09095	0.893
459 A	0.01677	0.08852	0.89472
460 A	0.01881	0.08363	0.89757
461 C	0.02346	0.07420	0.90234
462 T	0.02989	0.06607	0.90404
463 A	0.03646	0.06091	0.90263
464 A	0.04271	0.05737	0.89992
465 T	0.04456	0.05536	0.90008
466 A	0.04459	0.05519	0.90023
467 A	0.04501	0.04934	0.90565
468 T	0.04720	0.03553	0.91727
469 C	0.04860	0.02826	0.92313
470 T	0.05169	0.02378	0.92453
471 T	0.05440	0.01988	0.92573
472 C	0.05323	0.02022	0.92655
473 T	0.05119	0.02217	0.92665
474 C	0.04491	0.02855	0.92654
475 C	0.03935	0.03496	0.92569
476 A	0.03542	0.04458	0.92
477 A	0.03323	0.05566	0.91111
478 A	0.03265	0.05918	0.90817
479 T	0.03219	0.06040	0.90741
480 T	0.02986	0.06370	0.90644
481 A	0.02543	0.06815	0.90643
482 A	0.02083	0.07285	0.90632
483 A	0.01997	0.07347	0.90656
484 A	0.01975	0.07345	0.9068
485 C	0.02044	0.07219	0.90737
486 A	0.02278	0.07016	0.90706
487 T	0.02571	0.06762	0.90668
488 T	0.02511	0.06922	0.90566
489 A	0.02243	0.07357	0.904
490 T	0.02160	0.07588	0.90252
491 T	0.01984	0.07869	0.90147
492 A	0.01695	0.08329	0.89976
493 A	0.01509	0.08541	0.89951
494 A	0.01457	0.08524	0.90018
495 A	0.01383	0.08380	0.90237
496 G	0.01358	0.08129	0.90514
497 A	0.01396	0.07551	0.91053
498 A	0.01516	0.06944	0.91541
499 A	0.02045	0.06064	0.91891
500 T	0.02893	0.04899	0.92208
501 T	0.03102	0.04511	0.92387
502 G	0.03113	0.04346	0.9254
503 A	0.03138	0.04157	0.92705
504 A	0.03119	0.03878	0.93003
505 C	0.02972	0.03685	0.93344
506 A	0.02731	0.04138	0.93131
507 T	0.02689	0.04476	0.92834
508 A	0.02560	0.04742	0.92698
509 A	0.02526	0.04898	0.92576
510 A	0.02430	0.05088	0.92482
511 A	0.02402	0.05015	0.92583
512 C	0.02546	0.04445	0.93008
513 T	0.02716	0.04303	0.92981
514 A	0.02794	0.04460	0.92746
515 T	0.02949	0.04456	0.92595
516 T	0.02962	0.04779	0.9226
517 T	0.02858	0.05177	0.91965
518 A	0.02591	0.05436	0.91973
519 T	0.02335	0.05678	0.91987
520 A	0.01958	0.06052	0.91991
521 A	0.01705	0.06293	0.92002
522 C	0.01623	0.06349	0.92028
523 A	0.01541	0.06563	0.91897
524 A	0.01479	0.06671	0.9185
525 A	0.01467	0.06676	0.91857
526 A	0.01439	0.06682	0.91879
527 G	0.01412	0.06666	0.91922
528 A	0.01413	0.06452	0.92136
529 G	0.01609	0.05987	0.92404
530 A	0.01881	0.05632	0.92487
531 A	0.02014	0.05381	0.92605
532 A	0.02160	0.05151	0.92688
533 A	0.02317	0.04833	0.9285
534 T	0.02506	0.04481	0.93012
535 A	0.02554	0.04353	0.93093
536 A	0.02690	0.04142	0.93168
537 A	0.03023	0.03672	0.93305
538 C	0.03353	0.03103	0.93544
539 T	0.03774	0.02589	0.93636
540 T	0.04017	0.02217	0.93766
541 A	0.04025	0.02047	0.93928
542 T	0.04051	0.01797	0.94152
543 C	0.04026	0.01556	0.94418
544 G	0.04018	0.01322	0.9466
545 G	0.04014	0.01236	0.9475
546 T	0.04146	0.01024	0.94829
547 T	0.04171	0.00961	0.94868
548 T	0.04095	0.01019	0.94885
549 A	0.03949	0.01101	0.9495
550 A	0.03817	0.01146	0.95036
551 G	0.03802	0.01084	0.95114
552 T	0.03815	0.01036	0.95149
553 A	0.03810	0.01035	0.95154
554 C	0.03828	0.00984	0.95187
555 T	0.03854	0.00972	0.95174
556 G	0.03830	0.01016	0.95154
557 G	0.03815	0.01046	0.95139
558 T	0.03804	0.01081	0.95115
559 T	0.03794	0.01116	0.9509
560 A	0.03785	0.01135	0.9508
561 T	0.03783	0.01132	0.95085
562 A	0.03776	0.01137	0.95087
563 G	0.03775	0.01112	0.95114
564 T	0.03775	0.01079	0.95145
565 A	0.03774	0.01076	0.95149
566 A	0.03776	0.01031	0.95193
567 T	0.03791	0.00967	0.95243
568 T	0.03796	0.00908	0.95297
569 T	0.03795	0.00866	0.95339
570 A	0.03785	0.00840	0.95375
571 G	0.03780	0.00747	0.95473
572 A	0.03784	0.00633	0.95583
573 C	0.03788	0.00502	0.9571
574 G	0.03794	0.00482	0.95724
575 A	0.03818	0.00461	0.95722
576 T	0.03853	0.00422	0.95725
577 G	0.03864	0.00410	0.95726
578 T	0.03891	0.00388	0.9572
579 T	0.03912	0.00346	0.95742
580 A	0.03918	0.00367	0.95716
581 C	0.03931	0.00389	0.9568
582 T	0.03952	0.00537	0.95511
583 T	0.03955	0.00628	0.95417
584 T	0.03941	0.00729	0.9533
585 A	0.03915	0.00904	0.95181
586 G	0.03906	0.00983	0.95111
587 G	0.03886	0.01046	0.95068
588 T	0.03876	0.01099	0.95025
589 T	0.03848	0.01158	0.94994
590 T	0.03795	0.01239	0.94965
591 A	0.03712	0.01325	0.94963
592 A	0.03667	0.01365	0.94968
593 A	0.03639	0.01379	0.94981
594 A	0.03626	0.01378	0.94996
595 C	0.03624	0.01373	0.95004
596 C	0.03624	0.01372	0.95005
597 A	0.03626	0.01372	0.95003
598 G	0.03634	0.01365	0.95002
599 A	0.03647	0.01353	0.95
600 A	0.03655	0.01345	0.95
601 G	0.03670	0.01329	0.95001
602 A	0.03702	0.01289	0.95009
603 A	0.03775	0.01200	0.95024
604 C	0.03890	0.01063	0.95046
605 T	0.04128	0.00817	0.95056
606 T	0.04237	0.00697	0.95065
607 A	0.04299	0.00624	0.95077
608 T	0.04409	0.00493	0.95098
609 T	0.04455	0.00436	0.95109
610 A	0.04475	0.00371	0.95153
611 T	0.04507	0.00286	0.95207
612 T	0.04519	0.00234	0.95247
613 T	0.04521	0.00188	0.95292
614 T	0.04501	0.00152	0.95348
615 A	0.04432	0.00200	0.95368
616 G	0.04373	0.00238	0.95389
617 C	0.04322	0.00279	0.95399
618 T	0.04262	0.00342	0.95396
619 G	0.04148	0.00460	0.95392
620 C	0.04086	0.00527	0.95387
621 C	0.04039	0.00578	0.95383
622 A	0.04021	0.00599	0.9538
623 G	0.04013	0.00608	0.95379
624 A	0.04010	0.00612	0.95378
625 C	0.04010	0.00613	0.95378
626 C	0.04009	0.00614	0.95377
627 T	0.04006	0.00618	0.95377
628 T	0.04000	0.00624	0.95376
629 C	0.03991	0.00634	0.95376
630 G	0.03978	0.00649	0.95373
631 A	0.03973	0.00656	0.9537
632 T	0.03970	0.00658	0.95372
633 G	0.03963	0.00664	0.95372
634 G	0.03956	0.00673	0.95371
635 G	0.03953	0.00662	0.95385
636 G	0.03942	0.00657	0.95401
637 A	0.03938	0.00648	0.95414
638 A	0.03943	0.00593	0.95464
639 A	0.03944	0.00540	0.95516
640 A	0.03946	0.00481	0.95573
641 G	0.03952	0.00401	0.95647
642 T	0.03959	0.00286	0.95756
643 A	0.03963	0.00225	0.95812
644 C	0.03967	0.00180	0.95853
645 T	0.03971	0.00167	0.95862
646 T	0.03972	0.00165	0.95864
647 T	0.03968	0.00168	0.95864
648 T	0.03959	0.00181	0.95861
649 A	0.03942	0.00198	0.9586
650 T	0.03933	0.00199	0.95868
651 G	0.03917	0.00207	0.95876
652 T	0.03910	0.00206	0.95884
653 C	0.03902	0.00202	0.95896
654 T	0.03899	0.00211	0.95889
655 A	0.03892	0.00235	0.95873
656 A	0.03892	0.00249	0.95858
657 T	0.03887	0.00262	0.95851
658 T	0.03865	0.00285	0.9585
659 T	0.03818	0.00327	0.95855
660 A	0.03731	0.00409	0.95859
661 G	0.03685	0.00454	0.95862
662 C	0.03659	0.00478	0.95862
663 T	0.03634	0.00509	0.95857
664 C	0.03544	0.00609	0.95847
665 T	0.03506	0.00667	0.95827
666 T	0.03397	0.00811	0.95792
667 A	0.03163	0.01126	0.95711
668 A	0.02963	0.01385	0.95652
669 T	0.02875	0.01519	0.95606
670 A	0.02810	0.01602	0.95589
671 T	0.02782	0.01628	0.9559
672 A	0.02708	0.01691	0.956
673 G	0.02681	0.01712	0.95606
674 C	0.02672	0.01721	0.95608
675 T	0.02645	0.01822	0.95533
676 A	0.02603	0.01936	0.95461
677 A	0.02584	0.01992	0.95423
678 A	0.02536	0.02087	0.95377
679 A	0.02527	0.02144	0.9533
680 A	0.02529	0.02144	0.95327
681 A	0.02524	0.02149	0.95327
682 A	0.02527	0.02107	0.95365
683 A	0.02530	0.02035	0.95434
684 T	0.02536	0.01978	0.95485
685 A	0.02535	0.01957	0.95508
686 A	0.02541	0.01922	0.95536
687 T	0.02553	0.01813	0.95635
688 A	0.02533	0.01785	0.95682
689 A	0.02550	0.01659	0.9579
690 A	0.02619	0.01364	0.96017
691 G	0.02667	0.01088	0.96245
692 C	0.02707	0.00935	0.96358
693 T	0.02742	0.00856	0.96402
694 T	0.02760	0.00820	0.9642
695 C	0.02765	0.00785	0.9645
696 G	0.02755	0.00835	0.9641
697 A	0.02762	0.00828	0.9641
698 T	0.02836	0.00724	0.9644
699 T	0.02893	0.00633	0.96474
700 G	0.02920	0.00588	0.96492
701 C	0.02967	0.00475	0.96558
702 T	0.03019	0.00403	0.96578
703 A	0.03038	0.00378	0.96584
704 T	0.03074	0.00331	0.96595
705 C	0.03092	0.00309	0.96598
706 T	0.03102	0.00305	0.96593
707 T	0.03096	0.00314	0.96591
708 T	0.03098	0.00313	0.96589
709 A	0.03084	0.00345	0.96571
710 G	0.03069	0.00375	0.96556
711 T	0.03060	0.00355	0.96585
712 T	0.03040	0.00377	0.96583
713 T	0.02909	0.00523	0.96567
714 A	0.02708	0.00752	0.9654
715 G	0.02634	0.00856	0.9651
716 A	0.02551	0.00992	0.96456
717 A	0.02507	0.01096	0.96397
718 A	0.02503	0.01100	0.96397
719 T	0.02545	0.01040	0.96416
720 G	0.02530	0.01053	0.96417
721 T	0.02518	0.01083	0.964
722 C	0.02502	0.01160	0.96337
723 T	0.02436	0.01517	0.96047
724 A	0.02330	0.01799	0.95872
725 A	0.02188	0.02095	0.95717
726 T	0.02088	0.02206	0.95706
727 G	0.01959	0.02345	0.95697
728 A	0.01848	0.02467	0.95685
729 A	0.01773	0.02548	0.95679
730 C	0.01744	0.02569	0.95687
731 A	0.01709	0.02624	0.95668
732 A	0.01718	0.02611	0.95671
733 T	0.01736	0.02583	0.95681
734 T	0.01734	0.02579	0.95687
735 A	0.01721	0.02587	0.95692
736 G	0.01720	0.02443	0.95837
737 G	0.01736	0.02262	0.96002
738 A	0.01723	0.02226	0.96051
739 A	0.01746	0.02167	0.96087
740 C	0.01795	0.02091	0.96114
741 A	0.01799	0.02165	0.96036
742 A	0.01807	0.02230	0.95963
743 G	0.01824	0.02258	0.95918
744 A	0.01861	0.02289	0.9585
745 A	0.01969	0.02246	0.95784
746 T	0.02287	0.01896	0.95818
747 A	0.02429	0.01669	0.95902
748 T	0.02549	0.01390	0.96061
749 T	0.02556	0.01275	0.96168
750 A	0.02554	0.01206	0.9624
751 A	0.02564	0.01115	0.96321
752 G	0.02578	0.01025	0.96397
753 T	0.02598	0.00962	0.96439
754 T	0.02615	0.00912	0.96472
755 C	0.02580	0.00961	0.96458
756 T	0.02511	0.01151	0.96338
757 G	0.02185	0.01671	0.96144
758 A	0.01954	0.02123	0.95923
759 A	0.01812	0.02317	0.9587
760 A	0.01739	0.02434	0.95827
761 G	0.01741	0.02401	0.95858
762 T	0.01785	0.02351	0.95864
763 C	0.01792	0.02349	0.95859
764 A	0.01854	0.02337	0.95809
765 A	0.01929	0.02286	0.95785
766 A	0.02004	0.02219	0.95776
767 T	0.02098	0.02130	0.95771
768 T	0.02173	0.02056	0.95771
769 T	0.02230	0.01996	0.95774
770 T	0.02236	0.01990	0.95774
771 T	0.02186	0.02051	0.95763
772 C	0.02066	0.02175	0.95759
773 A	0.01937	0.02343	0.9572
774 T	0.01841	0.02455	0.95703
775 A	0.01689	0.02626	0.95685
776 A	0.01538	0.02789	0.95673
777 A	0.01428	0.02902	0.9567
778 A	0.01415	0.02860	0.95725
779 A	0.01497	0.02685	0.95819
780 A	0.01661	0.02199	0.9614
781 A	0.01838	0.01804	0.96358
782 T	0.01911	0.01588	0.96501
783 T	0.01966	0.01449	0.96584
784 C	0.01959	0.01439	0.96602
785 A	0.01931	0.01506	0.96562
786 A	0.01915	0.01547	0.96538
787 T	0.01919	0.01566	0.96515
788 T	0.01741	0.01808	0.96452
789 A	0.01370	0.02420	0.9621
790 G	0.01198	0.02681	0.96121
791 G	0.01033	0.02901	0.96066
792 A	0.00946	0.03093	0.9596
793 A	0.00923	0.03168	0.95909
794 T	0.00941	0.03117	0.95942
795 A	0.00940	0.03044	0.96015
796 T	0.00975	0.02903	0.96122
797 T	0.00974	0.02830	0.96196
798 A	0.00950	0.02765	0.96285
799 A	0.00930	0.02671	0.96398
800 A	0.00910	0.02588	0.96502
801 T	0.00900	0.02527	0.96573
802 G	0.00848	0.02545	0.96607
803 A	0.00816	0.02566	0.96618
804 A	0.00798	0.02575	0.96627
805 C	0.00794	0.02564	0.96642
806 A	0.00789	0.02608	0.96602
807 A	0.00796	0.02616	0.96589
808 G	0.00837	0.02562	0.96601
809 A	0.00882	0.02510	0.96608
810 A	0.00934	0.02434	0.96632
811 G	0.01037	0.02086	0.96878
812 T	0.01314	0.01431	0.97255
813 T	0.01424	0.01140	0.97436
814 G	0.01475	0.00960	0.97564
815 G	0.01584	0.00807	0.97609
816 T	0.01684	0.00721	0.97596
817 T	0.01715	0.00766	0.97519
818 T	0.01708	0.00914	0.97378
819 A	0.01675	0.01057	0.97268
820 T	0.01661	0.01155	0.97183
821 T	0.01597	0.01404	0.97
822 A	0.01507	0.01639	0.96854
823 A	0.01434	0.01718	0.96847
824 A	0.01356	0.01808	0.96836
825 A	0.01325	0.01858	0.96817
826 G	0.01300	0.01926	0.96774
827 C	0.01252	0.01998	0.9675
828 A	0.01232	0.02087	0.96681
829 A	0.01271	0.02050	0.96679
830 G	0.01303	0.02020	0.96677
831 T	0.01329	0.02002	0.96669
832 T	0.01315	0.02033	0.96653
833 C	0.01275	0.02085	0.9664
834 T	0.01226	0.02221	0.96553
835 G	0.01108	0.02417	0.96475
836 A	0.01040	0.02528	0.96432
837 A	0.01014	0.02575	0.96412
838 A	0.01020	0.02587	0.96393
839 A	0.01058	0.02552	0.9639
840 A	0.01175	0.02419	0.96406
841 T	0.01382	0.02158	0.96461
842 T	0.01501	0.01975	0.96525
843 A	0.01558	0.01877	0.96566
844 C	0.01691	0.01663	0.96646
845 A	0.01798	0.01517	0.96685
846 A	0.01828	0.01445	0.96727
847 A	0.01860	0.01370	0.96771
848 A	0.01951	0.01251	0.96798
849 T	0.02051	0.01120	0.96829
850 T	0.02102	0.00993	0.96904
851 T	0.02149	0.00908	0.96943
852 A	0.02148	0.00891	0.9696
853 A	0.02160	0.00859	0.9698
854 A	0.02185	0.00805	0.9701
855 T	0.02230	0.00707	0.97063
856 A	0.02256	0.00632	0.97112
857 T	0.02356	0.00469	0.97174
858 T	0.02418	0.00320	0.97262
859 T	0.02440	0.00260	0.973
860 A	0.02440	0.00234	0.97326
861 T	0.02447	0.00208	0.97346
862 T	0.02443	0.00201	0.97355
863 T	0.02431	0.00209	0.9736
864 C	0.02359	0.00283	0.97358
865 G	0.02309	0.00344	0.97347
866 A	0.02296	0.00364	0.97339
867 T	0.02291	0.00371	0.97338
868 G	0.02284	0.00377	0.97339
869 A	0.02281	0.00379	0.97339
870 T	0.02293	0.00359	0.97348
871 T	0.02293	0.00352	0.97354
872 C	0.02290	0.00351	0.97359
873 T	0.02288	0.00353	0.97359
874 T	0.02277	0.00363	0.9736
875 C	0.02260	0.00376	0.97364
876 A	0.02223	0.00417	0.9736
877 A	0.02204	0.00436	0.9736
878 G	0.02198	0.00441	0.97362
879 T	0.02199	0.00437	0.97363
880 G	0.02195	0.00442	0.97363
881 C	0.02204	0.00427	0.97368
882 T	0.02219	0.00414	0.97367
883 A	0.02219	0.00423	0.97358
884 A	0.02220	0.00431	0.97349
885 T	0.02227	0.00418	0.97355
886 G	0.02230	0.00415	0.97354
887 T	0.02238	0.00344	0.97418
888 T	0.02246	0.00299	0.97455
889 T	0.02247	0.00306	0.97447
890 T	0.02240	0.00327	0.97433
891 A	0.02215	0.00372	0.97413
892 G	0.02202	0.00405	0.97393
893 A	0.02186	0.00453	0.97362
894 T	0.02180	0.00464	0.97356
895 A	0.02172	0.00477	0.97351
896 T	0.02168	0.00484	0.97348
897 T	0.02146	0.00502	0.97352
898 A	0.02112	0.00524	0.97365
899 G	0.02094	0.00510	0.97397
900 A	0.02081	0.00506	0.97413
901 G	0.02072	0.00505	0.97423
902 C	0.02068	0.00500	0.97432
903 T	0.02070	0.00496	0.97434
904 C	0.02063	0.00504	0.97433
905 A	0.02062	0.00518	0.9742
906 A	0.02073	0.00509	0.97418
907 T	0.02090	0.00494	0.97416
908 G	0.02091	0.00496	0.97413
909 T	0.02099	0.00495	0.97405
910 C	0.02085	0.00523	0.97393
911 G	0.02059	0.00628	0.97313
912 T	0.02062	0.00679	0.97258
913 A	0.01962	0.00865	0.97173
914 A	0.01881	0.01004	0.97115
915 A	0.01837	0.01130	0.97033
916 T	0.01784	0.01263	0.96953
917 T	0.01632	0.01537	0.96831
918 A	0.01372	0.01933	0.96695
919 A	0.01158	0.02216	0.96626
920 A	0.01072	0.02319	0.96608
921 A	0.01021	0.02350	0.9663
922 A	0.00982	0.02373	0.96645
923 A	0.00967	0.02377	0.96657
924 T	0.00953	0.02382	0.96665
925 C	0.00922	0.02412	0.96666
926 A	0.00896	0.02437	0.96666
927 A	0.00874	0.02458	0.96668
928 A	0.00871	0.02457	0.96672
929 A	0.00869	0.02456	0.96676
930 C	0.00872	0.02449	0.96679
931 A	0.00881	0.02436	0.96684
932 A	0.00905	0.02404	0.96691
933 A	0.00961	0.02323	0.96716
934 T	0.01066	0.02181	0.96754
935 T	0.01123	0.02102	0.96776
936 A	0.01182	0.01911	0.96907
937 G	0.01245	0.01707	0.97048
938 A	0.01342	0.01503	0.97156
939 T	0.01475	0.01216	0.97309
940 T	0.01618	0.00904	0.97478
941 T	0.01742	0.00565	0.97694
942 T	0.01789	0.00362	0.97849
943 G	0.01801	0.00278	0.97921
944 T	0.01801	0.00237	0.97962
945 T	0.01786	0.00228	0.97986
946 A	0.01768	0.00237	0.97994
947 T	0.01770	0.00222	0.98008
948 T	0.01768	0.00203	0.9803
949 A	0.01757	0.00204	0.9804
950 T	0.01754	0.00202	0.98045
951 T	0.01747	0.00239	0.98014
952 G	0.01688	0.00352	0.9796
953 A	0.01649	0.00493	0.97859
954 T	0.01639	0.00580	0.97782
955 T	0.01627	0.00675	0.97698
956 A	0.01605	0.00758	0.97637
957 T	0.01590	0.00779	0.9763
958 T	0.01555	0.00822	0.97623
959 T	0.01496	0.00888	0.97616
960 A	0.01398	0.01002	0.97599
961 C	0.01350	0.01070	0.9758
962 A	0.01307	0.01178	0.97514
963 A	0.01268	0.01273	0.97459
964 T	0.01245	0.01366	0.97389
965 T	0.01210	0.01410	0.9738
966 A	0.01115	0.01522	0.97363
967 A	0.01016	0.01632	0.97352
968 T	0.01002	0.01638	0.9736
969 C	0.00969	0.01659	0.97371
970 G	0.00942	0.01711	0.97346
971 G	0.00934	0.01746	0.9732
972 A	0.00933	0.01795	0.97272
973 A	0.00928	0.01851	0.97222
974 A	0.00947	0.01894	0.97159
975 A	0.01003	0.01815	0.97182
976 G	0.01112	0.01694	0.97194
977 T	0.01192	0.01625	0.97184
978 T	0.01251	0.01579	0.9717
979 A	0.01270	0.01580	0.97151
980 A	0.01269	0.01577	0.97153
981 T	0.01266	0.01553	0.97181
982 A	0.01231	0.01551	0.97218
983 A	0.01231	0.01479	0.97291
984 A	0.01241	0.01427	0.97331
985 A	0.01288	0.01340	0.97372
986 A	0.01335	0.01244	0.97422
987 T	0.01406	0.01128	0.97465
988 A	0.01417	0.01072	0.97511
989 A	0.01441	0.00949	0.9761
990 C	0.01478	0.00795	0.97727
991 T	0.01514	0.00742	0.97743
992 T	0.01536	0.00704	0.9776
993 T	0.01560	0.00674	0.97766
994 A	0.01572	0.00657	0.97771
995 A	0.01584	0.00638	0.97777
996 A	0.01621	0.00572	0.97807
997 T	0.01700	0.00465	0.97835
998 C	0.01736	0.00417	0.97847
999 T	0.01786	0.00405	0.97809
1000 T	0.01807	0.00410	0.97783
1001 T	0.01803	0.00441	0.97756
1002 T	0.01783	0.00503	0.97715
1003 T	0.01751	0.00603	0.97647
1004 A	0.01711	0.00687	0.97602
1005 T	0.01695	0.00674	0.97631
1006 A	0.01652	0.00718	0.9763
1007 A	0.01638	0.00722	0.9764
1008 T	0.01606	0.00740	0.97654
1009 C	0.01535	0.00803	0.97662
1010 G	0.01480	0.00860	0.9766
1011 T	0.01449	0.00892	0.9766
1012 C	0.01423	0.00920	0.97657
1013 A	0.01404	0.00944	0.97652
1014 A	0.01394	0.00960	0.97647
1015 G	0.01389	0.00968	0.97644
1016 A	0.01390	0.00976	0.97634
1017 A	0.01370	0.01005	0.97626
1018 G	0.01366	0.01001	0.97633
1019 A	0.01368	0.00999	0.97633
1020 A	0.01376	0.00986	0.97638
1021 A	0.01393	0.00947	0.97659
1022 T	0.01457	0.00853	0.9769
1023 T	0.01493	0.00786	0.97721
1024 G	0.01518	0.00718	0.97764
1025 C	0.01556	0.00643	0.97801
1026 T	0.01612	0.00568	0.9782
1027 G	0.01642	0.00530	0.97828
1028 A	0.01647	0.00528	0.97825
1029 T	0.01663	0.00495	0.97842
1030 A	0.01665	0.00483	0.97852
1031 T	0.01662	0.00430	0.97908
1032 T	0.01653	0.00365	0.97982
1033 T	0.01644	0.00321	0.98036
1034 C	0.01618	0.00321	0.98061
1035 T	0.01605	0.00346	0.98049
1036 A	0.01583	0.00404	0.98013
1037 A	0.01577	0.00420	0.98003
1038 A	0.01572	0.00436	0.97993
1039 A	0.01578	0.00445	0.97977
1040 G	0.01577	0.00444	0.97979
1041 T	0.01586	0.00445	0.9797
1042 T	0.01581	0.00466	0.97953
1043 T	0.01557	0.00525	0.97919
1044 A	0.01505	0.00585	0.9791
1045 A	0.01447	0.00656	0.97897
1046 A	0.01394	0.00726	0.97881
1047 A	0.01346	0.00793	0.97861
1048 C	0.01326	0.00816	0.97858
1049 A	0.01310	0.00843	0.97846
1050 A	0.01315	0.00845	0.97841
1051 A	0.01324	0.00833	0.97843
1052 T	0.01335	0.00818	0.97848
1053 G	0.01336	0.00811	0.97853
1054 G	0.01341	0.00783	0.97876
1055 C	0.01354	0.00744	0.97902
1056 T	0.01364	0.00718	0.97917
1057 C	0.01367	0.00698	0.97935
1058 G	0.01384	0.00676	0.97939
1059 T	0.01418	0.00638	0.97945
1060 G	0.01427	0.00628	0.97945
1061 A	0.01442	0.00607	0.97951
1062 A	0.01467	0.00576	0.97956
1063 T	0.01504	0.00512	0.97984
1064 T	0.01521	0.00479	0.98
1065 G	0.01529	0.00453	0.98018
1066 A	0.01551	0.00409	0.9804
1067 A	0.01560	0.00357	0.98083
1068 A	0.01574	0.00289	0.98136
1069 A	0.01599	0.00210	0.98191
1070 T	0.01636	0.00120	0.98243
1071 T	0.01641	0.00089	0.9827
1072 C	0.01644	0.00065	0.9829
1073 C	0.01636	0.00070	0.98294
1074 T	0.01629	0.00077	0.98294
1075 G	0.01624	0.00082	0.98294
1076 T	0.01620	0.00087	0.98294
1077 T	0.01614	0.00093	0.98292
1078 T	0.01607	0.00101	0.98292
1079 T	0.01598	0.00107	0.98295
1080 G	0.01583	0.00120	0.98297
1081 G	0.01571	0.00130	0.98298
1082 C	0.01534	0.00169	0.98297
1083 T	0.01519	0.00190	0.9829
1084 T	0.01501	0.00210	0.98289
1085 T	0.01472	0.00239	0.98289
1086 A	0.01432	0.00279	0.98289
1087 T	0.01413	0.00298	0.9829
1088 C	0.01388	0.00317	0.98295
1089 A	0.01374	0.00330	0.98296
1090 C	0.01370	0.00333	0.98297
1091 A	0.01363	0.00343	0.98294
1092 A	0.01358	0.00349	0.98293
1093 T	0.01356	0.00352	0.98292
1094 T	0.01349	0.00354	0.98297
1095 A	0.01340	0.00361	0.983
1096 T	0.01333	0.00348	0.98319
1097 C	0.01321	0.00344	0.98336
1098 G	0.01314	0.00345	0.98342
1099 C	0.01308	0.00346	0.98346
1100 G	0.01305	0.00355	0.9834
1101 T	0.01303	0.00374	0.98323
1102 G	0.01297	0.00418	0.98285
1103 A	0.01293	0.00485	0.98222
1104 A	0.01291	0.00553	0.98156
1105 G	0.01285	0.00589	0.98126
1106 T	0.01282	0.00722	0.97995
1107 T	0.01278	0.00914	0.97807
1108 G	0.01270	0.01353	0.97377
1109 A	0.01261	0.01634	0.97104
1110 G	0.01255	0.01963	0.96783
1111 A	0.01249	0.02218	0.96533
1112 A	0.01241	0.02348	0.96412
1113 A	0.01218	0.02430	0.96352
1114 A	0.01204	0.02469	0.96327
1115 G	0.01190	0.02502	0.96308
1116 A	0.01175	0.02530	0.96295
1117 G	0.01170	0.02541	0.9629
1118 A	0.01168	0.02537	0.96296
1119 A	0.01166	0.02532	0.96301
1120 G	0.01166	0.02523	0.96311
1121 A	0.01167	0.02518	0.96315
1122 C	0.01170	0.02509	0.9632
1123 A	0.01177	0.02504	0.96319
1124 A	0.01193	0.02489	0.96318
1125 A	0.01231	0.02446	0.96323
1126 A	0.01306	0.02367	0.96327
1127 G	0.01402	0.02267	0.96331
1128 A	0.01546	0.02109	0.96346
1129 C	0.01819	0.01818	0.96363
1130 C	0.02121	0.01510	0.96369
1131 T	0.02647	0.00982	0.96371
1132 A	0.02858	0.00770	0.96372
1133 T	0.03135	0.00489	0.96375
1134 T	0.03298	0.00325	0.96378
1135 T	0.03379	0.00234	0.96387
1136 T	0.03413	0.00174	0.96413
1137 A	0.03405	0.00165	0.96429
1138 T	0.03413	0.00142	0.96444
1139 C	0.03405	0.00136	0.96459
1140 T	0.03397	0.00144	0.96458
1141 G	0.03375	0.00169	0.96455
1142 A	0.03361	0.00185	0.96454
1143 T	0.03355	0.00191	0.96453
1144 T	0.03340	0.00209	0.96451
1145 T	0.03291	0.00260	0.96449
1146 A	0.03259	0.00296	0.96444
1147 A	0.03237	0.00325	0.96438
1148 G	0.03220	0.00347	0.96433
1149 A	0.03211	0.00370	0.96419
1150 G	0.03205	0.00379	0.96416
1151 A	0.03194	0.00391	0.96415
1152 T	0.03190	0.00396	0.96414
1153 T	0.03185	0.00403	0.96412
1154 C	0.03178	0.00411	0.96411
1155 T	0.03174	0.00427	0.96398
1156 G	0.03165	0.00455	0.9638
1157 G	0.03162	0.00471	0.96366
1158 A	0.03148	0.00511	0.96341
1159 A	0.03142	0.00531	0.96327
1160 G	0.03142	0.00512	0.96346
1161 T	0.03144	0.00517	0.96338
1162 A	0.03143	0.00520	0.96337
1163 T	0.03145	0.00509	0.96346
1164 T	0.03145	0.00491	0.96364
1165 G	0.03127	0.00496	0.96377
1166 A	0.03119	0.00502	0.9638
1167 A	0.03112	0.00493	0.96394
1168 C	0.03108	0.00452	0.96439
1169 A	0.03109	0.00439	0.96453
1170 A	0.03115	0.00418	0.96467
1171 G	0.03123	0.00397	0.96481
1172 A	0.03137	0.00375	0.96488
1173 T	0.03142	0.00363	0.96494
1174 G	0.03143	0.00346	0.96511
1175 C	0.03148	0.00332	0.9652
1176 T	0.03155	0.00322	0.96523
1177 G	0.03158	0.00318	0.96524
1178 A	0.03172	0.00302	0.96525
1179 T	0.03195	0.00274	0.96531
1180 A	0.03207	0.00260	0.96533
1181 T	0.03232	0.00218	0.9655
1182 C	0.03246	0.00195	0.96559
1183 G	0.03258	0.00186	0.96557
1184 T	0.03281	0.00164	0.96554
1185 T	0.03296	0.00149	0.96555
1186 A	0.03298	0.00151	0.96552
1187 T	0.03304	0.00145	0.96552
1188 G	0.03305	0.00123	0.96571
1189 T	0.03314	0.00108	0.96579
1190 T	0.03316	0.00101	0.96584
1191 T	0.03314	0.00102	0.96584
1192 T	0.03308	0.00114	0.96578
1193 T	0.03298	0.00137	0.96565
1194 A	0.03280	0.00158	0.96562
1195 T	0.03236	0.00206	0.96558
1196 A	0.03149	0.00299	0.96552
1197 T	0.03102	0.00345	0.96553
1198 C	0.02999	0.00447	0.96554
1199 G	0.02941	0.00505	0.96554
1200 T	0.02925	0.00522	0.96553
1201 C	0.02891	0.00557	0.96553
1202 C	0.02873	0.00579	0.96548
1203 T	0.02862	0.00604	0.96534
1204 A	0.02837	0.00658	0.96505
1205 A	0.02821	0.00699	0.9648
1206 T	0.02817	0.00731	0.96452
1207 T	0.02790	0.00816	0.96393
1208 A	0.02773	0.00846	0.96382
1209 T	0.02765	0.00876	0.96359
1210 T	0.02722	0.00973	0.96305
1211 A	0.02658	0.01133	0.96208
1212 C	0.02616	0.01221	0.96164
1213 A	0.02485	0.01490	0.96025
1214 A	0.02374	0.01713	0.95914
1215 T	0.02306	0.01813	0.95881
1216 A	0.02234	0.01928	0.95839
1217 A	0.02188	0.02049	0.95762
1218 A	0.02153	0.02161	0.95686
1219 G	0.02130	0.02210	0.9566
1220 A	0.02118	0.02258	0.95624
1221 T	0.02099	0.02218	0.95683
1222 G	0.02056	0.02285	0.95658
1223 T	0.02015	0.02447	0.95538
1224 A	0.01928	0.02697	0.95376
1225 A	0.01884	0.02939	0.95177
1226 A	0.01872	0.02954	0.95174
1227 A	0.01882	0.02930	0.95189
1228 A	0.01890	0.02907	0.95203
1229 A	0.01909	0.02870	0.95221
1230 C	0.01957	0.02774	0.95269
1231 G	0.01978	0.02746	0.95276
1232 A	0.02030	0.02706	0.95264
1233 A	0.02146	0.02594	0.95261
1234 T	0.02319	0.02376	0.95304
1235 T	0.02380	0.02296	0.95324
1236 A	0.02430	0.02110	0.9546
1237 T	0.02482	0.01931	0.95587
1238 C	0.02453	0.01886	0.95661
1239 A	0.02436	0.01921	0.95644
1240 A	0.02503	0.01846	0.95651
1241 A	0.02661	0.01670	0.95669
1242 T	0.02857	0.01453	0.95691
1243 T	0.02941	0.01363	0.95696
1244 T	0.02968	0.01310	0.95721
1245 A	0.02969	0.01303	0.95728
1246 G	0.03037	0.01215	0.95748
1247 G	0.03159	0.01034	0.95806
1248 T	0.03350	0.00849	0.95801
1249 T	0.03354	0.00848	0.95797
1250 A	0.03344	0.00889	0.95766
1251 T	0.03279	0.00988	0.95733
1252 A	0.02887	0.01432	0.95681
1253 C	0.02486	0.01846	0.95668
1254 A	0.02105	0.02283	0.95613
1255 G	0.02069	0.02368	0.95562
1256 A	0.02070	0.02440	0.9549
1257 A	0.02073	0.02466	0.95461
1258 T	0.02094	0.02468	0.95438
1259 T	0.02107	0.02458	0.95434
1260 A	0.02103	0.02492	0.95405
1261 A	0.02116	0.02475	0.95409
1262 T	0.02160	0.02391	0.9545
1263 T	0.02166	0.02366	0.95468
1264 A	0.02168	0.02349	0.95483
1265 T	0.02178	0.02316	0.95506
1266 C	0.02175	0.02276	0.95549
1267 G	0.02178	0.02269	0.95554
1268 C	0.02214	0.02236	0.95549
1269 T	0.02241	0.02286	0.95473
1270 A	0.02230	0.02435	0.95335
1271 A	0.02246	0.02560	0.95194
1272 A	0.02225	0.02729	0.95047
1273 A	0.02252	0.02827	0.94921
1274 A	0.02306	0.02729	0.94966
1275 T	0.02377	0.02262	0.95361
1276 A	0.02384	0.01869	0.95748
1277 G	0.02409	0.01500	0.96091
1278 A	0.02376	0.01636	0.95988
1279 C	0.02331	0.01940	0.95729
1280 A	0.02190	0.03082	0.94728
1281 A	0.02094	0.03491	0.94414
1282 G	0.02068	0.03537	0.94395
1283 G	0.02050	0.03572	0.94378
1284 G	0.02035	0.03655	0.9431
1285 G	0.01987	0.03705	0.94309
1286 C	0.01968	0.03722	0.9431
1287 G	0.01942	0.03767	0.94292
1288 A	0.01923	0.03810	0.94266
1289 C	0.01916	0.03830	0.94255
1290 A	0.01902	0.03891	0.94206
1291 G	0.01909	0.03892	0.94199
1292 G	0.01971	0.03826	0.94203
1293 A	0.02072	0.03716	0.94212
1294 A	0.02187	0.03593	0.94219
1295 C	0.02337	0.03398	0.94266
1296 T	0.02465	0.03277	0.94258
1297 A	0.02491	0.03302	0.94207
1298 A	0.02493	0.03337	0.94171
1299 A	0.02518	0.03326	0.94156
1300 A	0.02581	0.03280	0.94139
1301 A	0.02760	0.03024	0.94216
1302 A	0.03121	0.02544	0.94335
1303 T	0.04133	0.01343	0.94525
1304 T	0.04414	0.00949	0.94637
1305 T	0.04447	0.00871	0.94682
1306 A	0.04468	0.00828	0.94703
1307 A	0.04524	0.00734	0.94742
1308 T	0.04557	0.00640	0.94803
1309 T	0.04581	0.00587	0.94833
1310 T	0.04609	0.00533	0.94859
1311 T	0.04629	0.00497	0.94873
1312 A	0.04639	0.00478	0.94883
1313 A	0.04666	0.00430	0.94904
1314 T	0.04678	0.00402	0.9492
1315 T	0.04681	0.00400	0.94919
1316 T	0.04685	0.00411	0.94904
1317 A	0.04686	0.00466	0.94848
1318 A	0.04682	0.00484	0.94834
1319 A	0.04691	0.00482	0.94827
1320 T	0.04748	0.00411	0.94841
1321 T	0.04772	0.00378	0.94849
1322 G	0.04737	0.00418	0.94846
1323 T	0.04738	0.00421	0.94841
1324 C	0.04720	0.00440	0.94839
1325 T	0.04735	0.00427	0.94839
1326 T	0.04743	0.00419	0.94838
1327 T	0.04748	0.00416	0.94836
1328 C	0.04751	0.00413	0.94835
1329 T	0.04763	0.00403	0.94833
