# lcl|CP097583.1_cds_USQ93161.1_1
# AA	inside	membr	outside
1 A	0.19815	0.00000	0.80184
2 T	0.19786	0.00030	0.80184
3 G	0.19697	0.00118	0.80184
4 A	0.19697	0.02004	0.78299
5 A	0.18311	0.06512	0.75176
6 T	0.18311	0.07076	0.74612
7 A	0.16161	0.09587	0.74251
8 A	0.16161	0.09591	0.74247
9 A	0.16100	0.09710	0.74189
10 A	0.16100	0.12551	0.71349
11 T	0.16088	0.12678	0.71234
12 A	0.15499	0.13356	0.71145
13 T	0.14673	0.14641	0.70686
14 T	0.14672	0.14642	0.70686
15 A	0.14672	0.17645	0.67683
16 G	0.14633	0.17684	0.67683
17 A	0.14578	0.17750	0.67672
18 A	0.14577	0.17774	0.67649
19 T	0.14504	0.17868	0.67629
20 C	0.13938	0.19435	0.66628
21 A	0.11283	0.22098	0.66619
22 T	0.11277	0.22189	0.66535
23 T	0.11141	0.22460	0.66399
24 A	0.10975	0.22659	0.66366
25 A	0.11012	0.22592	0.66397
26 A	0.11098	0.22288	0.66614
27 A	0.12590	0.20219	0.67191
28 C	0.15456	0.15869	0.68675
29 G	0.16172	0.15071	0.68757
30 T	0.17073	0.13054	0.69874
31 C	0.17179	0.12944	0.69876
32 A	0.17339	0.12775	0.69886
33 T	0.19280	0.10831	0.69889
34 A	0.19433	0.10639	0.69928
35 A	0.19903	0.09676	0.70422
36 C	0.20552	0.08328	0.71119
37 T	0.20825	0.08018	0.71157
38 C	0.22539	0.06285	0.71175
39 A	0.22452	0.06704	0.70845
40 A	0.22469	0.06818	0.70713
41 A	0.22516	0.06876	0.70608
42 G	0.22634	0.06784	0.70582
43 T	0.23724	0.05190	0.71086
44 T	0.23770	0.02653	0.73577
45 A	0.23792	0.02629	0.73578
46 G	0.23859	0.02442	0.73699
47 C	0.23812	0.03087	0.73101
48 G	0.23736	0.03741	0.72523
49 T	0.23717	0.04120	0.72164
50 T	0.23634	0.04252	0.72114
51 A	0.23524	0.04423	0.72053
52 C	0.23423	0.04546	0.7203
53 T	0.23149	0.04852	0.71999
54 C	0.22400	0.05596	0.72005
55 G	0.21574	0.06498	0.71928
56 A	0.21395	0.06784	0.71821
57 C	0.21153	0.07135	0.71712
58 G	0.20939	0.07510	0.71552
59 A	0.20860	0.07607	0.71533
60 A	0.20861	0.07590	0.71549
61 A	0.20857	0.07548	0.71595
62 C	0.21120	0.07163	0.71717
63 A	0.21262	0.06957	0.71781
64 C	0.21387	0.06773	0.7184
65 C	0.21573	0.06578	0.71849
66 A	0.21607	0.06547	0.71845
67 G	0.21760	0.06390	0.71851
68 A	0.21927	0.06191	0.71882
69 A	0.22098	0.06005	0.71897
70 C	0.22854	0.05116	0.7203
71 T	0.23502	0.04331	0.72168
72 T	0.23827	0.03898	0.72275
73 A	0.23879	0.03755	0.72366
74 T	0.23966	0.03537	0.72496
75 T	0.23994	0.03414	0.72592
76 A	0.23998	0.03086	0.72915
77 A	0.24015	0.02267	0.73719
78 C	0.24108	0.01335	0.74557
79 A	0.24198	0.01200	0.74602
80 T	0.24320	0.00970	0.7471
81 T	0.24447	0.00734	0.74819
82 T	0.24456	0.00701	0.74843
83 T	0.24409	0.00783	0.74808
84 G	0.24332	0.00877	0.74792
85 C	0.24292	0.00958	0.74749
86 A	0.24088	0.01606	0.74307
87 A	0.24014	0.01885	0.74101
88 G	0.23985	0.01943	0.74072
89 A	0.23954	0.01980	0.74066
90 A	0.23940	0.01996	0.74064
91 T	0.23947	0.01962	0.74092
92 T	0.23946	0.01945	0.7411
93 C	0.23941	0.01939	0.74121
94 T	0.23943	0.01935	0.74123
95 G	0.23937	0.01938	0.74125
96 C	0.23932	0.01938	0.7413
97 G	0.23928	0.01941	0.7413
98 A	0.23938	0.01931	0.74131
99 G	0.23967	0.01884	0.74149
100 C	0.24029	0.01816	0.74155
101 T	0.24082	0.01763	0.74156
102 T	0.24168	0.01670	0.74163
103 C	0.24218	0.01614	0.74168
104 A	0.24246	0.01585	0.74168
105 A	0.24308	0.01520	0.74172
106 T	0.24454	0.01321	0.74225
107 T	0.24575	0.01135	0.74289
108 A	0.24639	0.01043	0.74317
109 T	0.25013	0.00450	0.74537
110 T	0.25124	0.00265	0.74611
111 A	0.25125	0.00229	0.74646
112 T	0.25129	0.00188	0.74683
113 C	0.25123	0.00173	0.74704
114 T	0.25117	0.00187	0.74696
115 T	0.25096	0.00238	0.74666
116 T	0.25031	0.00354	0.74615
117 G	0.24950	0.00464	0.74587
118 T	0.24884	0.00653	0.74463
119 G	0.24791	0.00745	0.74465
120 G	0.24754	0.00783	0.74464
121 A	0.24730	0.00812	0.74458
122 A	0.24722	0.00817	0.74461
123 C	0.24719	0.00815	0.74465
124 T	0.24717	0.00820	0.74463
125 G	0.24715	0.00823	0.74462
126 T	0.24714	0.00827	0.7446
127 G	0.24713	0.00833	0.74454
128 A	0.24713	0.00850	0.74436
129 T	0.24714	0.00856	0.7443
130 G	0.24713	0.00876	0.74411
131 G	0.24714	0.00881	0.74404
132 T	0.24713	0.00890	0.74397
133 G	0.24712	0.00901	0.74387
134 A	0.24712	0.00917	0.7437
135 T	0.24721	0.00910	0.74369
136 A	0.24727	0.00911	0.74362
137 G	0.24741	0.00884	0.74375
138 A	0.24788	0.00823	0.74389
139 T	0.24851	0.00693	0.74456
140 A	0.24879	0.00611	0.7451
141 T	0.24991	0.00442	0.74567
142 T	0.24999	0.00390	0.7461
143 T	0.24993	0.00386	0.74621
144 T	0.24966	0.00422	0.74612
145 T	0.24931	0.00462	0.74607
146 A	0.24888	0.00513	0.74598
147 T	0.24850	0.00557	0.74593
148 A	0.24710	0.00718	0.74572
149 C	0.24608	0.00834	0.74558
150 A	0.24567	0.00902	0.7453
151 G	0.24432	0.01044	0.74524
152 A	0.24361	0.01118	0.74521
153 T	0.24367	0.01111	0.74522
154 T	0.24330	0.01147	0.74522
155 C	0.24298	0.01177	0.74525
156 A	0.24282	0.01192	0.74525
157 C	0.24283	0.01189	0.74528
158 A	0.24281	0.01193	0.74526
159 T	0.24294	0.01181	0.74526
160 C	0.24272	0.01205	0.74523
161 A	0.24256	0.01225	0.74518
162 T	0.24246	0.01238	0.74515
163 G	0.24176	0.01312	0.74512
164 G	0.24134	0.01350	0.74516
165 T	0.24077	0.01403	0.74521
166 G	0.23910	0.01531	0.74559
167 G	0.23833	0.01558	0.74609
168 C	0.23798	0.01547	0.74656
169 A	0.23759	0.01570	0.74671
170 A	0.23755	0.01544	0.747
171 A	0.23770	0.01435	0.74795
172 T	0.23781	0.01338	0.74881
173 A	0.23782	0.01303	0.74916
174 T	0.23774	0.01126	0.75099
175 G	0.23753	0.01045	0.75203
176 G	0.23737	0.01015	0.75248
177 C	0.23726	0.00977	0.75298
178 G	0.23718	0.00961	0.7532
179 T	0.23714	0.00949	0.75336
180 A	0.23701	0.00955	0.75344
181 G	0.23690	0.00957	0.75353
182 C	0.23686	0.00951	0.75363
183 T	0.23686	0.00921	0.75393
184 G	0.23679	0.00904	0.75417
185 A	0.23679	0.00886	0.75434
186 T	0.23685	0.00814	0.755
187 G	0.23683	0.00770	0.75546
188 T	0.23685	0.00686	0.75629
189 T	0.23684	0.00514	0.75802
190 T	0.23679	0.00445	0.75876
191 G	0.23645	0.00452	0.75903
192 T	0.23598	0.00472	0.7593
193 G	0.23530	0.00554	0.75916
194 A	0.23471	0.00648	0.75881
195 A	0.23409	0.00738	0.75852
196 G	0.23363	0.00817	0.7582
197 T	0.23324	0.00962	0.75714
198 A	0.23129	0.01375	0.75495
199 T	0.23030	0.01694	0.75275
200 T	0.22918	0.02013	0.7507
201 A	0.22813	0.02443	0.74744
202 A	0.22729	0.02708	0.74563
203 A	0.22692	0.02901	0.74408
204 T	0.22679	0.02911	0.7441
205 T	0.22642	0.02961	0.74397
206 A	0.22561	0.03054	0.74385
207 T	0.22520	0.03094	0.74386
208 C	0.22477	0.03141	0.74381
209 G	0.22454	0.03182	0.74364
210 A	0.22448	0.03203	0.74349
211 T	0.22479	0.03180	0.74341
212 T	0.22480	0.03187	0.74334
213 T	0.22471	0.03204	0.74325
214 A	0.22455	0.03208	0.74337
215 G	0.22452	0.03167	0.74381
216 A	0.22455	0.03115	0.7443
217 A	0.22483	0.03038	0.7448
218 A	0.22515	0.02947	0.74538
219 A	0.22570	0.02835	0.74595
220 A	0.22708	0.02629	0.74663
221 G	0.22971	0.02142	0.74887
222 T	0.23262	0.01728	0.7501
223 G	0.23457	0.01424	0.7512
224 T	0.23757	0.01051	0.75192
225 A	0.23888	0.00866	0.75246
226 T	0.24032	0.00668	0.753
227 G	0.24042	0.00640	0.75318
228 T	0.24073	0.00574	0.75354
229 T	0.24091	0.00489	0.75419
230 T	0.24103	0.00436	0.75461
231 T	0.24099	0.00408	0.75493
232 T	0.24095	0.00387	0.75519
233 C	0.24087	0.00373	0.75539
234 T	0.24076	0.00378	0.75546
235 T	0.24052	0.00397	0.75551
236 C	0.24005	0.00434	0.75561
237 T	0.24001	0.00437	0.75562
238 T	0.23985	0.00461	0.75555
239 T	0.23958	0.00490	0.75552
240 A	0.23912	0.00542	0.75545
241 T	0.23902	0.00550	0.75548
242 T	0.23875	0.00572	0.75553
243 T	0.23753	0.00700	0.75546
244 A	0.23481	0.00973	0.75546
245 A	0.23288	0.01168	0.75545
246 T	0.23257	0.01189	0.75553
247 T	0.23198	0.01255	0.75546
248 C	0.23104	0.01368	0.75527
249 A	0.23012	0.01561	0.75428
250 T	0.22987	0.01630	0.75383
251 T	0.22732	0.01964	0.75303
252 T	0.22442	0.02401	0.75157
253 A	0.21741	0.03330	0.74928
254 T	0.21281	0.03989	0.7473
255 T	0.20634	0.05026	0.7434
256 A	0.19051	0.06731	0.74219
257 A	0.17990	0.07907	0.74104
258 T	0.17583	0.08333	0.74083
259 T	0.17022	0.08902	0.74075
260 C	0.15921	0.10039	0.7404
261 A	0.14822	0.11373	0.73806
262 T	0.14559	0.11758	0.73683
263 T	0.14009	0.12586	0.73405
264 A	0.13108	0.13600	0.73292
265 A	0.12496	0.14318	0.73186
266 A	0.12299	0.14521	0.73181
267 A	0.12041	0.14621	0.73337
268 C	0.11981	0.14558	0.73461
269 A	0.11947	0.14741	0.73312
270 A	0.11928	0.14879	0.73193
271 A	0.11893	0.15044	0.73063
272 T	0.11959	0.14953	0.73088
273 A	0.11673	0.15264	0.73063
274 G	0.11501	0.15098	0.73401
275 A	0.11393	0.15021	0.73585
276 A	0.11488	0.14358	0.74154
277 G	0.11621	0.13892	0.74487
278 A	0.11955	0.13078	0.74967
279 A	0.12101	0.11717	0.76182
280 T	0.12297	0.10409	0.77294
281 T	0.12333	0.09872	0.77795
282 T	0.12223	0.09557	0.78219
283 A	0.11949	0.09218	0.78833
284 C	0.11844	0.08162	0.79993
285 A	0.11628	0.08327	0.80044
286 G	0.11652	0.07901	0.80447
287 A	0.11625	0.07444	0.80931
288 C	0.11622	0.07000	0.81378
289 G	0.11629	0.07242	0.81129
290 C	0.11613	0.07679	0.80708
291 T	0.11663	0.08894	0.79443
292 A	0.11075	0.10958	0.77968
293 A	0.10563	0.13481	0.75956
294 T	0.10336	0.14226	0.75438
295 A	0.09261	0.15995	0.74744
296 A	0.08778	0.16500	0.74722
297 A	0.08204	0.17220	0.74576
298 G	0.07726	0.17871	0.74404
299 A	0.07559	0.18320	0.74122
300 T	0.07533	0.18331	0.74137
301 A	0.07321	0.18564	0.74115
302 A	0.07423	0.18406	0.74171
303 A	0.07444	0.18251	0.74305
304 C	0.07535	0.17921	0.74544
305 T	0.07722	0.17569	0.74709
306 T	0.07894	0.17191	0.74916
307 A	0.07762	0.17207	0.75032
308 A	0.07714	0.17062	0.75224
309 C	0.07729	0.16908	0.75364
310 G	0.07773	0.16810	0.75418
311 A	0.07945	0.16657	0.75397
312 A	0.08591	0.15979	0.7543
313 T	0.09813	0.14701	0.75486
314 T	0.11078	0.13496	0.75426
315 A	0.12228	0.11725	0.76047
316 T	0.13873	0.09449	0.76678
317 A	0.14264	0.08880	0.76856
318 T	0.14813	0.07540	0.77647
319 A	0.14962	0.07323	0.77714
320 A	0.15279	0.06828	0.77893
321 T	0.15722	0.06222	0.78056
322 A	0.15862	0.06313	0.77825
323 T	0.15915	0.06286	0.77799
324 T	0.15808	0.06619	0.77573
325 T	0.15295	0.07810	0.76895
326 T	0.14593	0.09005	0.76402
327 A	0.13525	0.10776	0.75698
328 G	0.12652	0.12017	0.75331
329 A	0.12172	0.13185	0.74643
330 A	0.11868	0.14151	0.73981
331 G	0.11541	0.14912	0.73547
332 A	0.11253	0.15817	0.72931
333 A	0.10890	0.16723	0.72388
334 A	0.10625	0.17579	0.71795
335 A	0.10496	0.17800	0.71704
336 A	0.10541	0.17759	0.717
337 T	0.10692	0.17547	0.71761
338 A	0.10657	0.17540	0.71803
339 C	0.10633	0.17511	0.71856
340 A	0.10786	0.17392	0.71822
341 A	0.10991	0.17159	0.7185
342 A	0.11308	0.16761	0.71931
343 A	0.11762	0.16238	0.72001
344 T	0.12345	0.15597	0.72058
345 C	0.12931	0.14552	0.72517
346 G	0.13360	0.13933	0.72706
347 A	0.13903	0.13124	0.72972
348 T	0.14710	0.11802	0.73487
349 T	0.15016	0.11017	0.73967
350 C	0.15279	0.10297	0.74424
351 A	0.14836	0.10462	0.74702
352 G	0.14573	0.10636	0.7479
353 A	0.15245	0.09846	0.74909
354 T	0.15816	0.09070	0.75113
355 G	0.16165	0.08595	0.7524
356 A	0.16621	0.07658	0.75721
357 A	0.17161	0.06643	0.76196
358 T	0.17360	0.05969	0.76671
359 T	0.17419	0.05721	0.7686
360 A	0.17454	0.05590	0.76956
361 A	0.17496	0.05359	0.77145
362 T	0.17551	0.04983	0.77466
363 G	0.17593	0.04740	0.77668
364 G	0.17622	0.04593	0.77785
365 A	0.17666	0.04472	0.77863
366 A	0.17712	0.04337	0.77951
367 T	0.17762	0.04184	0.78054
368 C	0.17800	0.04029	0.78171
369 A	0.17837	0.03944	0.7822
370 A	0.17906	0.03794	0.783
371 T	0.18065	0.03510	0.78425
372 G	0.18169	0.03233	0.78598
373 T	0.18429	0.02762	0.7881
374 A	0.18767	0.01548	0.79686
375 A	0.19228	0.00000	0.80772
