# lcl|CP097583.1_cds_USQ93189.1_1
# AA	inside	membr	outside
1 A	0.03425	0.00000	0.96574
2 T	0.03404	0.00021	0.96574
3 G	0.03393	0.00032	0.96574
4 A	0.03393	0.00128	0.96478
5 A	0.03265	0.00346	0.96388
6 T	0.03265	0.00354	0.96381
7 T	0.02876	0.00746	0.96378
8 G	0.02876	0.00746	0.96378
9 G	0.02816	0.00807	0.96377
10 A	0.02816	0.00837	0.96347
11 T	0.02809	0.00845	0.96346
12 T	0.02674	0.00981	0.96345
13 C	0.02374	0.01280	0.96345
14 A	0.02374	0.01280	0.96345
15 A	0.02374	0.01282	0.96343
16 C	0.02372	0.01285	0.96343
17 C	0.02369	0.01287	0.96343
18 T	0.02369	0.01287	0.96343
19 A	0.02367	0.01290	0.96343
20 T	0.02361	0.01299	0.96339
21 T	0.02350	0.01311	0.96339
22 A	0.02354	0.01307	0.9634
23 T	0.02368	0.01281	0.96352
24 T	0.02394	0.01248	0.96358
25 T	0.02407	0.01183	0.9641
26 T	0.02413	0.01153	0.96434
27 A	0.02464	0.01058	0.96478
28 T	0.02531	0.00885	0.96584
29 T	0.02536	0.00852	0.96611
30 A	0.02540	0.00574	0.96886
31 T	0.02542	0.00527	0.9693
32 T	0.02544	0.00441	0.97015
33 T	0.02560	0.00372	0.97068
34 T	0.02557	0.00355	0.97088
35 T	0.02553	0.00266	0.97181
36 A	0.02548	0.00097	0.97355
37 T	0.02547	0.00094	0.97359
38 G	0.02546	0.00092	0.97362
39 T	0.02546	0.00091	0.97363
40 T	0.02546	0.00090	0.97364
41 T	0.02545	0.00091	0.97364
42 A	0.02542	0.00096	0.97363
43 T	0.02544	0.00091	0.97365
44 T	0.02540	0.00105	0.97355
45 T	0.02531	0.00146	0.97323
46 T	0.02520	0.00179	0.973
47 T	0.02505	0.00213	0.97282
48 A	0.02488	0.00242	0.9727
49 A	0.02478	0.00260	0.97262
50 T	0.02476	0.00263	0.97261
51 T	0.02473	0.00267	0.9726
52 T	0.02470	0.00270	0.9726
53 A	0.02466	0.00273	0.97261
54 T	0.02466	0.00272	0.97262
55 A	0.02464	0.00272	0.97264
56 T	0.02467	0.00266	0.97267
57 T	0.02469	0.00259	0.97272
58 T	0.02470	0.00254	0.97276
59 C	0.02471	0.00249	0.9728
60 T	0.02472	0.00247	0.97281
61 T	0.02468	0.00251	0.97281
62 T	0.02459	0.00262	0.97279
63 T	0.02434	0.00290	0.97276
64 A	0.02378	0.00352	0.9727
65 G	0.02359	0.00368	0.97273
66 A	0.02354	0.00375	0.97271
67 A	0.02372	0.00354	0.97275
68 T	0.02412	0.00303	0.97285
69 T	0.02438	0.00267	0.97296
70 T	0.02450	0.00244	0.97305
71 T	0.02451	0.00233	0.97315
72 T	0.02447	0.00231	0.97321
73 T	0.02441	0.00237	0.97322
74 T	0.02434	0.00244	0.97322
75 T	0.02414	0.00267	0.9732
76 A	0.02356	0.00333	0.97311
77 T	0.02321	0.00386	0.97293
78 T	0.02221	0.00543	0.97236
79 G	0.02052	0.00758	0.9719
80 A	0.01961	0.00889	0.97151
81 T	0.01896	0.00992	0.97113
82 A	0.01804	0.01115	0.97081
83 A	0.01771	0.01156	0.97073
84 A	0.01754	0.01172	0.97074
85 A	0.01744	0.01173	0.97083
86 A	0.01744	0.01150	0.97105
87 T	0.01750	0.01094	0.97156
88 G	0.01751	0.01076	0.97173
89 A	0.01754	0.01066	0.9718
90 A	0.01758	0.01057	0.97185
91 T	0.01763	0.01047	0.9719
92 T	0.01766	0.01039	0.97195
93 T	0.01769	0.01029	0.97202
94 T	0.01770	0.01020	0.9721
95 T	0.01767	0.01013	0.97221
96 G	0.01759	0.01009	0.97232
97 A	0.01758	0.00999	0.97244
98 A	0.01763	0.00966	0.97272
99 A	0.01776	0.00893	0.97331
100 A	0.01804	0.00812	0.97384
101 T	0.01883	0.00624	0.97494
102 T	0.01934	0.00420	0.97646
103 A	0.01965	0.00315	0.9772
104 T	0.02001	0.00217	0.97782
105 T	0.02025	0.00124	0.97852
106 T	0.02030	0.00092	0.97878
107 A	0.02032	0.00077	0.97891
108 C	0.02036	0.00061	0.97903
109 T	0.02040	0.00056	0.97904
110 T	0.02041	0.00057	0.97902
111 T	0.02042	0.00058	0.979
112 T	0.02041	0.00060	0.97899
113 T	0.02037	0.00066	0.97897
114 T	0.02031	0.00074	0.97895
115 G	0.02025	0.00082	0.97894
116 T	0.02023	0.00085	0.97893
117 A	0.02020	0.00088	0.97892
118 T	0.02018	0.00086	0.97896
119 T	0.02014	0.00084	0.97902
120 T	0.02007	0.00088	0.97905
121 G	0.01998	0.00096	0.97906
122 G	0.01996	0.00098	0.97906
123 A	0.01994	0.00099	0.97907
124 A	0.01994	0.00099	0.97907
125 T	0.01997	0.00095	0.97907
126 C	0.01999	0.00092	0.97908
127 A	0.02000	0.00092	0.97908
128 T	0.02002	0.00089	0.97908
129 T	0.02004	0.00088	0.97909
130 T	0.02005	0.00086	0.97909
131 T	0.02006	0.00085	0.97909
132 A	0.02007	0.00084	0.9791
133 T	0.02010	0.00079	0.97911
134 T	0.02013	0.00073	0.97914
135 T	0.02014	0.00069	0.97917
136 A	0.02015	0.00065	0.9792
137 T	0.02019	0.00055	0.97926
138 T	0.02021	0.00047	0.97932
139 T	0.02023	0.00042	0.97936
140 T	0.02022	0.00038	0.9794
141 T	0.02018	0.00038	0.97943
142 T	0.02012	0.00041	0.97947
143 T	0.02002	0.00046	0.97951
144 G	0.01987	0.00057	0.97957
145 A	0.01978	0.00064	0.97958
146 T	0.01974	0.00067	0.9796
147 T	0.01968	0.00072	0.97961
148 A	0.01961	0.00078	0.97961
149 G	0.01959	0.00080	0.97961
150 G	0.01958	0.00080	0.97961
151 T	0.01958	0.00081	0.97961
152 C	0.01957	0.00082	0.97961
153 T	0.01956	0.00083	0.97961
154 G	0.01955	0.00086	0.97959
155 G	0.01953	0.00091	0.97956
156 T	0.01951	0.00094	0.97955
157 T	0.01950	0.00097	0.97953
158 T	0.01948	0.00100	0.97952
159 A	0.01942	0.00107	0.9795
160 T	0.01938	0.00111	0.97952
161 G	0.01923	0.00126	0.97952
162 T	0.01919	0.00130	0.9795
163 A	0.01915	0.00139	0.97946
164 A	0.01914	0.00138	0.97949
165 T	0.01914	0.00130	0.97956
166 T	0.01912	0.00123	0.97965
167 T	0.01910	0.00113	0.97977
168 T	0.01908	0.00110	0.97982
169 T	0.01903	0.00116	0.9798
170 T	0.01898	0.00126	0.97976
171 G	0.01891	0.00140	0.9797
172 G	0.01873	0.00173	0.97954
173 A	0.01865	0.00191	0.97944
174 A	0.01861	0.00204	0.97935
175 A	0.01856	0.00215	0.9793
176 A	0.01855	0.00218	0.97926
177 A	0.01856	0.00219	0.97925
178 T	0.01860	0.00216	0.97924
179 T	0.01860	0.00220	0.9792
180 A	0.01859	0.00238	0.97903
181 A	0.01855	0.00258	0.97886
182 T	0.01856	0.00265	0.97879
183 A	0.01855	0.00276	0.97869
184 G	0.01855	0.00274	0.97871
185 G	0.01857	0.00270	0.97872
186 T	0.01865	0.00262	0.97873
187 T	0.01866	0.00260	0.97874
188 A	0.01860	0.00265	0.97875
189 C	0.01838	0.00280	0.97881
190 G	0.01822	0.00295	0.97884
191 A	0.01811	0.00307	0.97882
192 C	0.01803	0.00318	0.97879
193 G	0.01802	0.00355	0.97844
194 A	0.01806	0.00352	0.97841
195 T	0.01818	0.00329	0.97853
196 A	0.01812	0.00332	0.97857
197 T	0.01811	0.00331	0.97858
198 C	0.01796	0.00344	0.97861
199 A	0.01778	0.00368	0.97854
200 A	0.01773	0.00372	0.97855
201 A	0.01772	0.00372	0.97856
202 G	0.01777	0.00365	0.97858
203 G	0.01794	0.00345	0.9786
204 C	0.01815	0.00318	0.97867
205 C	0.01828	0.00303	0.97869
206 C	0.01841	0.00289	0.97869
207 T	0.01854	0.00278	0.97869
208 T	0.01855	0.00277	0.97868
209 T	0.01855	0.00278	0.97867
210 A	0.01855	0.00279	0.97865
211 A	0.01856	0.00274	0.9787
212 T	0.01857	0.00248	0.97895
213 A	0.01859	0.00230	0.97912
214 A	0.01864	0.00211	0.97925
215 A	0.01873	0.00186	0.97941
216 T	0.01909	0.00133	0.97958
217 T	0.01915	0.00118	0.97967
218 T	0.01919	0.00106	0.97975
219 T	0.01920	0.00093	0.97987
220 A	0.01920	0.00086	0.97994
221 T	0.01923	0.00067	0.9801
222 T	0.01927	0.00045	0.98028
223 T	0.01927	0.00042	0.98032
224 T	0.01924	0.00044	0.98032
225 A	0.01921	0.00054	0.98025
226 T	0.01920	0.00054	0.98026
227 T	0.01919	0.00054	0.98027
228 A	0.01917	0.00054	0.98028
229 T	0.01918	0.00053	0.9803
230 C	0.01918	0.00051	0.98031
231 T	0.01918	0.00050	0.98031
232 C	0.01918	0.00049	0.98032
233 C	0.01919	0.00049	0.98032
234 T	0.01915	0.00054	0.98031
235 A	0.01909	0.00062	0.98029
236 T	0.01906	0.00066	0.98028
237 T	0.01897	0.00079	0.98024
238 A	0.01886	0.00098	0.98015
239 T	0.01879	0.00117	0.98004
240 T	0.01854	0.00178	0.97967
241 A	0.01778	0.00334	0.97888
242 T	0.01735	0.00405	0.9786
243 T	0.01665	0.00501	0.97834
244 A	0.01541	0.00632	0.97828
245 G	0.01490	0.00685	0.97825
246 A	0.01455	0.00719	0.97826
247 G	0.01444	0.00727	0.97829
248 C	0.01449	0.00720	0.97832
249 T	0.01447	0.00721	0.97832
250 C	0.01439	0.00728	0.97832
251 C	0.01432	0.00735	0.97832
252 T	0.01427	0.00745	0.97828
253 A	0.01422	0.00759	0.97818
254 A	0.01420	0.00765	0.97815
255 T	0.01419	0.00768	0.97814
256 T	0.01414	0.00772	0.97813
257 T	0.01398	0.00784	0.97819
258 A	0.01372	0.00803	0.97824
259 A	0.01358	0.00814	0.97829
260 G	0.01357	0.00803	0.97841
261 A	0.01366	0.00782	0.97852
262 A	0.01381	0.00751	0.97867
263 A	0.01431	0.00659	0.9791
264 T	0.01518	0.00471	0.98012
265 T	0.01544	0.00386	0.98071
266 T	0.01556	0.00316	0.98128
267 T	0.01558	0.00234	0.98207
268 T	0.01558	0.00204	0.98237
269 T	0.01556	0.00189	0.98256
270 T	0.01553	0.00197	0.9825
271 A	0.01544	0.00231	0.98225
272 A	0.01536	0.00250	0.98213
273 T	0.01533	0.00263	0.98204
274 A	0.01523	0.00285	0.98193
275 A	0.01499	0.00326	0.98175
276 T	0.01494	0.00357	0.98149
277 T	0.01464	0.00453	0.98083
278 T	0.01421	0.00506	0.98073
279 A	0.01328	0.00610	0.98061
280 T	0.01251	0.00691	0.98057
281 A	0.01116	0.00849	0.98034
282 C	0.00980	0.01007	0.98013
283 A	0.00770	0.01421	0.97809
284 A	0.00602	0.01744	0.97654
285 A	0.00525	0.01837	0.97638
286 T	0.00486	0.01882	0.97632
287 G	0.00442	0.01934	0.97625
288 G	0.00418	0.01958	0.97624
289 C	0.00409	0.01966	0.97626
290 G	0.00409	0.01972	0.9762
291 A	0.00415	0.01981	0.97604
292 C	0.00432	0.01968	0.976
293 A	0.00448	0.01983	0.97569
294 T	0.00471	0.01993	0.97536
295 A	0.00476	0.02010	0.97515
296 A	0.00476	0.02021	0.97502
297 A	0.00478	0.02028	0.97494
298 A	0.00480	0.02003	0.97516
299 A	0.00500	0.01961	0.97539
300 T	0.00566	0.01851	0.97583
301 A	0.00573	0.01803	0.97624
302 A	0.00590	0.01702	0.97707
303 A	0.00618	0.01594	0.97789
304 A	0.00659	0.01443	0.97898
305 A	0.00696	0.01263	0.98041
306 A	0.00897	0.00854	0.98249
307 T	0.01054	0.00516	0.9843
308 T	0.01076	0.00411	0.98512
309 C	0.01082	0.00368	0.9855
310 A	0.01088	0.00341	0.98571
311 T	0.01093	0.00320	0.98586
312 C	0.01086	0.00322	0.98593
313 C	0.01090	0.00333	0.98576
314 T	0.01099	0.00428	0.98474
315 A	0.01094	0.00597	0.98309
316 G	0.01108	0.00732	0.98159
317 T	0.01128	0.00839	0.98032
318 T	0.01098	0.00912	0.9799
319 A	0.01041	0.00988	0.97971
320 A	0.00987	0.01048	0.97965
321 T	0.00970	0.01055	0.97975
322 C	0.00914	0.01108	0.97978
323 G	0.00854	0.01193	0.97952
324 T	0.00829	0.01260	0.97911
325 A	0.00720	0.01386	0.97894
326 A	0.00578	0.01544	0.97878
327 T	0.00526	0.01599	0.97875
328 A	0.00486	0.01644	0.97871
329 C	0.00470	0.01659	0.97872
330 A	0.00457	0.01689	0.97855
331 C	0.00452	0.01699	0.97849
332 A	0.00448	0.01714	0.97838
333 A	0.00447	0.01716	0.97837
334 G	0.00445	0.01718	0.97837
335 A	0.00450	0.01706	0.97844
336 A	0.00478	0.01672	0.9785
337 C	0.00603	0.01522	0.97875
338 A	0.00760	0.01354	0.97887
339 A	0.00899	0.01200	0.97901
340 A	0.01007	0.01073	0.97921
341 T	0.01056	0.00977	0.97967
342 T	0.01082	0.00904	0.98015
343 T	0.01094	0.00805	0.98101
344 T	0.01096	0.00758	0.98147
345 A	0.01081	0.00711	0.98208
346 G	0.01087	0.00633	0.9828
347 A	0.01111	0.00572	0.98316
348 A	0.01098	0.00476	0.98425
349 G	0.01093	0.00337	0.9857
350 C	0.01085	0.00283	0.98632
351 C	0.01085	0.00260	0.98655
352 G	0.01079	0.00275	0.98646
353 T	0.01084	0.00286	0.9863
354 T	0.01066	0.00339	0.98595
355 T	0.01034	0.00403	0.98563
356 T	0.00941	0.00541	0.98519
357 A	0.00715	0.00874	0.9841
358 G	0.00581	0.01116	0.98303
359 A	0.00476	0.01283	0.98241
360 A	0.00438	0.01389	0.98173
361 A	0.00430	0.01403	0.98167
362 T	0.00431	0.01403	0.98166
363 G	0.00428	0.01407	0.98166
364 T	0.00427	0.01405	0.98167
365 C	0.00423	0.01406	0.9817
366 T	0.00400	0.01438	0.98161
367 G	0.00381	0.01467	0.98152
368 A	0.00370	0.01486	0.98143
369 A	0.00353	0.01510	0.98137
370 A	0.00347	0.01520	0.98133
371 A	0.00343	0.01496	0.9816
372 A	0.00341	0.01478	0.98181
373 A	0.00342	0.01455	0.98203
374 A	0.00346	0.01435	0.98219
375 A	0.00363	0.01392	0.98245
376 A	0.00392	0.01323	0.98286
377 T	0.00448	0.01192	0.98359
378 A	0.00483	0.01097	0.9842
379 G	0.00530	0.00938	0.98532
380 G	0.00628	0.00670	0.98702
381 T	0.00737	0.00456	0.98807
382 G	0.00788	0.00336	0.98876
383 C	0.00852	0.00256	0.98892
384 T	0.00866	0.00302	0.98833
385 T	0.00872	0.00412	0.98716
386 T	0.00869	0.00495	0.98636
387 A	0.00857	0.00559	0.98585
388 A	0.00852	0.00571	0.98577
389 T	0.00861	0.00536	0.98603
390 T	0.00866	0.00516	0.98618
391 A	0.00865	0.00509	0.98625
392 C	0.00868	0.00494	0.98638
393 T	0.00859	0.00508	0.98633
394 A	0.00827	0.00566	0.98607
395 T	0.00793	0.00624	0.98584
396 T	0.00771	0.00679	0.9855
397 G	0.00718	0.00775	0.98506
398 A	0.00671	0.00915	0.98414
399 A	0.00640	0.00953	0.98407
400 A	0.00616	0.00979	0.98405
401 A	0.00585	0.01009	0.98406
402 A	0.00578	0.01014	0.98408
403 C	0.00583	0.01007	0.9841
404 A	0.00595	0.00994	0.98411
405 C	0.00619	0.00969	0.98412
406 A	0.00645	0.00943	0.98412
407 A	0.00716	0.00871	0.98412
408 T	0.00838	0.00748	0.98414
409 T	0.00901	0.00675	0.98424
410 C	0.00921	0.00643	0.98436
411 T	0.00922	0.00637	0.98441
412 T	0.00917	0.00645	0.98437
413 T	0.00883	0.00692	0.98425
414 A	0.00793	0.00782	0.98424
415 G	0.00750	0.00822	0.98428
416 A	0.00732	0.00821	0.98447
417 A	0.00729	0.00779	0.98492
418 C	0.00746	0.00707	0.98547
419 A	0.00764	0.00674	0.98561
420 A	0.00791	0.00614	0.98596
421 T	0.00867	0.00502	0.98631
422 T	0.00868	0.00477	0.98655
423 T	0.00857	0.00472	0.98671
424 G	0.00827	0.00471	0.98702
425 C	0.00803	0.00486	0.9871
426 T	0.00785	0.00520	0.98695
427 A	0.00752	0.00589	0.98659
428 A	0.00739	0.00612	0.98649
429 A	0.00734	0.00630	0.98636
430 A	0.00732	0.00635	0.98634
431 A	0.00731	0.00630	0.98638
432 A	0.00726	0.00622	0.98652
433 T	0.00729	0.00591	0.9868
434 C	0.00733	0.00558	0.98708
435 A	0.00741	0.00541	0.98718
436 A	0.00755	0.00501	0.98744
437 T	0.00763	0.00426	0.9881
438 T	0.00767	0.00389	0.98845
439 T	0.00769	0.00368	0.98864
440 T	0.00768	0.00343	0.98889
441 A	0.00756	0.00353	0.98891
442 A	0.00750	0.00353	0.98897
443 T	0.00748	0.00345	0.98907
444 T	0.00740	0.00346	0.98914
445 G	0.00727	0.00347	0.98927
446 A	0.00721	0.00342	0.98938
447 T	0.00722	0.00305	0.98974
448 G	0.00716	0.00287	0.98998
449 C	0.00728	0.00260	0.99011
450 T	0.00757	0.00234	0.99009
451 A	0.00761	0.00247	0.98993
452 A	0.00768	0.00255	0.98976
453 T	0.00771	0.00273	0.98957
454 A	0.00769	0.00281	0.9895
455 T	0.00769	0.00273	0.98957
456 T	0.00767	0.00281	0.98952
457 T	0.00762	0.00290	0.98948
458 C	0.00755	0.00301	0.98944
459 T	0.00748	0.00317	0.98935
460 A	0.00736	0.00337	0.98927
461 A	0.00728	0.00349	0.98924
462 A	0.00725	0.00353	0.98922
463 G	0.00729	0.00348	0.98923
464 A	0.00743	0.00324	0.98933
465 A	0.00757	0.00301	0.98943
466 T	0.00772	0.00278	0.98949
467 T	0.00778	0.00263	0.98959
468 A	0.00780	0.00252	0.98968
469 T	0.00784	0.00243	0.98973
470 T	0.00786	0.00238	0.98975
471 A	0.00785	0.00238	0.98978
472 A	0.00788	0.00237	0.98975
473 T	0.00804	0.00218	0.98977
474 G	0.00820	0.00202	0.98978
475 A	0.00838	0.00185	0.98977
476 A	0.00861	0.00162	0.98976
477 T	0.00875	0.00146	0.98979
478 A	0.00880	0.00139	0.98981
479 T	0.00896	0.00119	0.98985
480 T	0.00904	0.00104	0.98992
481 T	0.00907	0.00095	0.98998
482 T	0.00910	0.00087	0.99003
483 T	0.00911	0.00078	0.99011
484 A	0.00908	0.00076	0.99016
485 T	0.00904	0.00076	0.9902
486 C	0.00896	0.00083	0.99021
487 C	0.00891	0.00088	0.99021
488 C	0.00887	0.00094	0.99019
489 T	0.00885	0.00104	0.9901
490 A	0.00879	0.00113	0.99007
491 A	0.00878	0.00117	0.99005
492 T	0.00881	0.00114	0.99005
493 A	0.00881	0.00114	0.99005
494 C	0.00885	0.00106	0.99009
495 T	0.00887	0.00103	0.99009
496 C	0.00884	0.00107	0.99009
497 C	0.00878	0.00112	0.99009
498 A	0.00873	0.00118	0.99009
499 T	0.00870	0.00120	0.99009
500 T	0.00866	0.00125	0.99009
501 A	0.00851	0.00140	0.99009
502 C	0.00843	0.00147	0.99009
503 A	0.00836	0.00153	0.99011
504 T	0.00833	0.00154	0.99012
505 G	0.00824	0.00162	0.99014
506 A	0.00816	0.00168	0.99016
507 C	0.00809	0.00171	0.9902
508 G	0.00802	0.00174	0.99024
509 G	0.00800	0.00170	0.9903
510 A	0.00798	0.00168	0.99034
511 G	0.00800	0.00166	0.99035
512 C	0.00807	0.00160	0.99034
513 A	0.00810	0.00175	0.99015
514 G	0.00812	0.00181	0.99008
515 T	0.00812	0.00187	0.99002
516 T	0.00811	0.00193	0.98997
517 A	0.00810	0.00199	0.98991
518 T	0.00809	0.00197	0.98994
519 A	0.00807	0.00194	0.98998
520 A	0.00807	0.00186	0.99007
521 T	0.00806	0.00175	0.99018
522 T	0.00806	0.00172	0.99022
523 A	0.00805	0.00173	0.99023
524 G	0.00804	0.00164	0.99032
525 A	0.00804	0.00165	0.99032
526 G	0.00803	0.00167	0.9903
527 G	0.00803	0.00165	0.99032
528 A	0.00803	0.00165	0.99033
529 A	0.00804	0.00163	0.99033
530 A	0.00805	0.00157	0.99038
531 C	0.00807	0.00149	0.99044
532 A	0.00809	0.00150	0.9904
533 A	0.00814	0.00147	0.99039
534 G	0.00821	0.00141	0.99038
535 A	0.00829	0.00134	0.99038
536 T	0.00856	0.00107	0.99037
537 T	0.00871	0.00091	0.99038
538 T	0.00877	0.00084	0.99039
539 T	0.00879	0.00080	0.9904
540 A	0.00879	0.00079	0.99042
541 T	0.00880	0.00077	0.99043
542 C	0.00878	0.00076	0.99046
543 C	0.00878	0.00076	0.99046
544 G	0.00879	0.00075	0.99046
545 C	0.00882	0.00072	0.99046
546 T	0.00887	0.00066	0.99046
547 G	0.00890	0.00063	0.99047
548 G	0.00897	0.00055	0.99048
549 C	0.00907	0.00045	0.99048
550 G	0.00911	0.00041	0.99048
551 C	0.00919	0.00033	0.99048
552 T	0.00926	0.00027	0.99047
553 T	0.00929	0.00026	0.99046
554 A	0.00930	0.00028	0.99042
555 T	0.00935	0.00024	0.99042
556 T	0.00937	0.00025	0.99039
557 T	0.00936	0.00027	0.99036
558 T	0.00935	0.00029	0.99035
559 A	0.00934	0.00031	0.99035
560 T	0.00933	0.00032	0.99035
561 G	0.00932	0.00033	0.99035
562 T	0.00932	0.00033	0.99036
563 T	0.00931	0.00033	0.99036
564 A	0.00930	0.00034	0.99037
565 T	0.00929	0.00033	0.99038
566 C	0.00919	0.00043	0.99038
567 T	0.00910	0.00059	0.9903
568 G	0.00904	0.00077	0.9902
569 A	0.00898	0.00101	0.99001
570 G	0.00894	0.00108	0.98998
571 G	0.00892	0.00113	0.98995
572 G	0.00891	0.00120	0.98989
573 A	0.00890	0.00131	0.98978
574 C	0.00891	0.00145	0.98964
575 A	0.00891	0.00172	0.98937
576 A	0.00893	0.00182	0.98925
577 T	0.00898	0.00191	0.98911
578 A	0.00899	0.00198	0.98903
579 T	0.00902	0.00197	0.98902
580 T	0.00903	0.00194	0.98903
581 T	0.00903	0.00195	0.98901
582 T	0.00901	0.00200	0.989
583 C	0.00892	0.00220	0.98888
584 A	0.00884	0.00253	0.98862
585 A	0.00881	0.00278	0.9884
586 A	0.00880	0.00283	0.98837
587 A	0.00877	0.00287	0.98836
588 A	0.00877	0.00288	0.98835
589 A	0.00880	0.00274	0.98847
590 C	0.00887	0.00256	0.98857
591 A	0.00897	0.00242	0.98861
592 A	0.00914	0.00223	0.98863
593 C	0.00918	0.00216	0.98866
594 A	0.00923	0.00212	0.98865
595 G	0.00932	0.00203	0.98866
596 G	0.00947	0.00187	0.98866
597 T	0.00968	0.00165	0.98867
598 T	0.00993	0.00141	0.98866
599 C	0.01000	0.00133	0.98867
600 T	0.01008	0.00126	0.98867
601 A	0.01008	0.00125	0.98867
602 G	0.01009	0.00124	0.98867
603 A	0.01010	0.00122	0.98868
604 C	0.01015	0.00115	0.9887
605 A	0.01021	0.00105	0.98874
606 T	0.01038	0.00081	0.98881
607 C	0.01059	0.00053	0.98888
608 G	0.01076	0.00034	0.9889
609 T	0.01079	0.00030	0.98891
610 G	0.01073	0.00032	0.98894
611 C	0.01072	0.00033	0.98896
612 C	0.01069	0.00036	0.98896
613 G	0.01069	0.00036	0.98895
614 C	0.01070	0.00036	0.98895
615 T	0.01071	0.00038	0.9889
616 T	0.01070	0.00047	0.98883
617 T	0.01068	0.00055	0.98878
618 A	0.01046	0.00090	0.98865
619 G	0.01034	0.00119	0.98846
620 G	0.01029	0.00126	0.98844
621 T	0.01024	0.00134	0.98842
622 A	0.01012	0.00149	0.98839
623 T	0.01006	0.00155	0.98839
624 C	0.00986	0.00174	0.9884
625 A	0.00974	0.00194	0.98832
626 G	0.00967	0.00203	0.9883
627 C	0.00962	0.00215	0.98823
628 G	0.00959	0.00234	0.98807
629 A	0.00958	0.00245	0.98797
630 A	0.00957	0.00256	0.98788
631 A	0.00955	0.00257	0.98787
632 A	0.00955	0.00257	0.98787
633 T	0.00955	0.00250	0.98794
634 A	0.00955	0.00247	0.98798
635 C	0.00956	0.00242	0.98802
636 T	0.00957	0.00240	0.98803
637 G	0.00958	0.00239	0.98802
638 A	0.00961	0.00237	0.98803
639 T	0.00970	0.00227	0.98804
640 A	0.00974	0.00221	0.98805
641 G	0.00985	0.00191	0.98825
642 T	0.01002	0.00166	0.98833
643 A	0.01002	0.00160	0.98837
644 T	0.01005	0.00149	0.98846
645 G	0.01002	0.00139	0.98858
646 A	0.01002	0.00138	0.9886
647 C	0.01005	0.00121	0.98874
648 T	0.01018	0.00111	0.98871
649 A	0.01023	0.00118	0.9886
650 T	0.01033	0.00113	0.98854
651 T	0.01042	0.00115	0.98842
652 G	0.01041	0.00144	0.98815
653 T	0.01042	0.00178	0.98781
654 A	0.01032	0.00244	0.98723
655 G	0.01029	0.00257	0.98715
656 T	0.01026	0.00267	0.98706
657 T	0.01020	0.00278	0.98701
658 T	0.01012	0.00293	0.98695
659 C	0.00995	0.00320	0.98685
660 A	0.00972	0.00383	0.98645
661 G	0.00961	0.00416	0.98623
662 A	0.00954	0.00441	0.98605
663 A	0.00935	0.00474	0.98591
664 G	0.00934	0.00478	0.98589
665 A	0.00936	0.00476	0.98588
666 A	0.00937	0.00474	0.9859
667 A	0.00939	0.00471	0.98591
668 C	0.00944	0.00461	0.98595
669 T	0.00951	0.00454	0.98594
670 G	0.00949	0.00463	0.98589
671 G	0.00956	0.00467	0.98577
672 T	0.00970	0.00483	0.98546
673 A	0.00973	0.00535	0.98493
674 A	0.00986	0.00540	0.98474
675 A	0.01011	0.00527	0.98462
676 A	0.01046	0.00488	0.98466
677 T	0.01100	0.00422	0.98478
678 T	0.01115	0.00400	0.98484
679 T	0.01124	0.00385	0.9849
680 C	0.01128	0.00375	0.98498
681 A	0.01134	0.00372	0.98494
682 A	0.01141	0.00354	0.98505
683 T	0.01177	0.00301	0.98522
684 T	0.01194	0.00277	0.9853
685 G	0.01202	0.00263	0.98535
686 C	0.01209	0.00236	0.98555
687 T	0.01210	0.00240	0.98551
688 T	0.01207	0.00246	0.98547
689 T	0.01192	0.00269	0.9854
690 A	0.01172	0.00299	0.9853
691 G	0.01154	0.00327	0.98519
692 A	0.01143	0.00355	0.98502
693 G	0.01141	0.00365	0.98494
694 G	0.01148	0.00388	0.98464
695 G	0.01180	0.00362	0.98458
696 T	0.01235	0.00320	0.98445
697 A	0.01250	0.00326	0.98424
698 T	0.01265	0.00315	0.9842
699 C	0.01267	0.00326	0.98408
700 A	0.01267	0.00397	0.98335
701 T	0.01271	0.00420	0.9831
702 G	0.01270	0.00426	0.98303
703 T	0.01271	0.00435	0.98294
704 T	0.01268	0.00459	0.98274
705 A	0.01243	0.00510	0.98246
706 C	0.01228	0.00540	0.98231
707 A	0.01166	0.00693	0.98141
708 A	0.01109	0.00847	0.98044
709 A	0.01074	0.00978	0.97947
710 T	0.01047	0.01136	0.97817
711 G	0.00989	0.01502	0.97509
712 A	0.00939	0.02209	0.96852
713 A	0.00886	0.02369	0.96746
714 A	0.00868	0.02419	0.96713
715 G	0.00860	0.02424	0.96716
716 A	0.00866	0.02421	0.96713
717 C	0.00893	0.02394	0.96714
718 G	0.00900	0.02405	0.96695
719 C	0.00918	0.02415	0.96667
720 T	0.00943	0.02415	0.96642
721 A	0.00943	0.02439	0.96618
722 A	0.00950	0.02447	0.96604
723 T	0.00997	0.02416	0.96587
724 C	0.01003	0.02434	0.96564
725 A	0.01002	0.02489	0.9651
726 A	0.01007	0.02517	0.96476
727 A	0.01029	0.02509	0.96462
728 T	0.01059	0.02478	0.96463
729 A	0.01060	0.02495	0.96445
730 A	0.01134	0.02377	0.96489
731 A	0.01225	0.02254	0.9652
732 A	0.01329	0.02148	0.96522
733 G	0.01439	0.02021	0.96539
734 A	0.01736	0.01698	0.96566
735 A	0.02359	0.01041	0.966
736 T	0.02509	0.00845	0.96645
737 A	0.02558	0.00779	0.96663
738 T	0.02591	0.00725	0.96684
739 T	0.02607	0.00699	0.96694
740 T	0.02617	0.00683	0.967
741 A	0.02624	0.00673	0.96703
742 A	0.02650	0.00642	0.96708
743 T	0.02681	0.00603	0.96716
744 T	0.02708	0.00566	0.96726
745 A	0.02723	0.00544	0.96733
746 C	0.02751	0.00502	0.96747
747 T	0.02787	0.00461	0.96752
748 T	0.02838	0.00405	0.96756
749 T	0.02868	0.00372	0.96761
750 C	0.02884	0.00353	0.96763
751 A	0.02899	0.00337	0.96764
752 T	0.02926	0.00294	0.9678
753 A	0.02944	0.00270	0.96786
754 A	0.02980	0.00225	0.96795
755 T	0.03038	0.00159	0.96802
756 T	0.03072	0.00102	0.96826
757 T	0.03097	0.00060	0.96843
758 A	0.03112	0.00035	0.96853
759 A	0.03131	0.00000	0.96869
