# lcl|CP097583.1_cds_USQ93496.1_1
# AA	inside	membr	outside
1 A	0.16967	0.00000	0.83033
2 T	0.16697	0.00270	0.83033
3 G	0.16536	0.00431	0.83033
4 A	0.16536	0.03372	0.80092
5 A	0.15465	0.06837	0.77698
6 G	0.15465	0.07161	0.77374
7 A	0.14407	0.08398	0.77195
8 A	0.14407	0.08400	0.77193
9 A	0.14376	0.08466	0.77158
10 T	0.14376	0.10394	0.7523
11 A	0.14367	0.10504	0.75129
12 T	0.14198	0.10707	0.75095
13 T	0.13532	0.11708	0.7476
14 G	0.13532	0.11708	0.7476
15 T	0.13532	0.17924	0.68544
16 A	0.13466	0.17990	0.68544
17 A	0.13356	0.18219	0.68426
18 T	0.13353	0.18452	0.68195
19 A	0.13172	0.18913	0.67915
20 T	0.12357	0.24996	0.62646
21 A	0.09429	0.27964	0.62607
22 A	0.09331	0.29257	0.61412
23 A	0.09336	0.29292	0.61372
24 A	0.09573	0.29046	0.61381
25 T	0.09931	0.28168	0.61902
26 A	0.10053	0.27844	0.62103
27 C	0.12526	0.24949	0.62525
28 G	0.14367	0.22574	0.63059
29 G	0.14654	0.22314	0.63032
30 T	0.14967	0.21635	0.63398
31 A	0.14695	0.22062	0.63243
32 C	0.14614	0.22170	0.63215
33 T	0.15840	0.20999	0.63161
34 A	0.15590	0.21290	0.6312
35 A	0.15663	0.21075	0.63262
36 A	0.15892	0.20339	0.6377
37 G	0.16038	0.20196	0.63766
38 C	0.20687	0.15471	0.63842
39 A	0.19080	0.17105	0.63815
40 G	0.18834	0.17196	0.6397
41 A	0.19070	0.16874	0.64056
42 A	0.19217	0.16540	0.64243
43 C	0.23596	0.11478	0.64926
44 G	0.23135	0.09429	0.67435
45 T	0.24416	0.07990	0.67593
46 C	0.24185	0.08179	0.67636
47 G	0.23941	0.08639	0.6742
48 T	0.23899	0.09030	0.67071
49 A	0.22342	0.10958	0.667
50 A	0.22037	0.11475	0.66488
51 T	0.22069	0.11446	0.66485
52 T	0.22081	0.11294	0.66625
53 A	0.21951	0.11321	0.66729
54 T	0.21970	0.10834	0.67196
55 T	0.21663	0.10893	0.67444
56 C	0.21253	0.11045	0.67701
57 T	0.20717	0.11664	0.67619
58 A	0.19861	0.13115	0.67024
59 A	0.19642	0.13449	0.66909
60 A	0.19613	0.13511	0.66876
61 A	0.19628	0.13451	0.66921
62 T	0.19751	0.11536	0.68714
63 T	0.19784	0.10891	0.69325
64 A	0.19798	0.10830	0.69372
65 A	0.19816	0.10582	0.69602
66 T	0.19854	0.10286	0.6986
67 T	0.19871	0.09610	0.70519
68 A	0.19872	0.09455	0.70673
69 T	0.19948	0.08929	0.71123
70 G	0.20104	0.08365	0.7153
71 A	0.20398	0.07902	0.717
72 T	0.20766	0.06221	0.73013
73 T	0.20985	0.05705	0.7331
74 T	0.20920	0.05747	0.73333
75 T	0.20720	0.06038	0.73242
76 G	0.20567	0.06974	0.72459
77 A	0.20453	0.07787	0.71761
78 A	0.20505	0.07531	0.71964
79 T	0.20656	0.06946	0.72398
80 T	0.20835	0.06300	0.72865
81 A	0.20859	0.05837	0.73304
82 C	0.20658	0.05855	0.73486
83 C	0.19954	0.06819	0.73228
84 T	0.19563	0.08329	0.72108
85 A	0.18839	0.10530	0.70632
86 A	0.18465	0.12086	0.69448
87 T	0.18159	0.12849	0.68992
88 T	0.17891	0.13696	0.68412
89 T	0.17181	0.14831	0.67989
90 A	0.16095	0.16321	0.67583
91 A	0.15548	0.17085	0.67367
92 T	0.15179	0.17545	0.67276
93 A	0.13411	0.19503	0.67086
94 A	0.12234	0.20721	0.67045
95 A	0.11821	0.21138	0.67042
96 A	0.11651	0.21242	0.67107
97 A	0.11572	0.21180	0.67247
98 C	0.11642	0.20872	0.67485
99 A	0.12299	0.20113	0.67588
100 C	0.12958	0.19353	0.67689
101 A	0.13042	0.19256	0.67702
102 A	0.13103	0.19179	0.67718
103 A	0.13227	0.19029	0.67744
104 T	0.13685	0.18100	0.68216
105 G	0.13852	0.17590	0.68559
106 G	0.14333	0.16142	0.69525
107 A	0.15507	0.14381	0.70112
108 T	0.17218	0.11685	0.71097
109 T	0.18346	0.09745	0.71909
110 C	0.18879	0.08262	0.72859
111 T	0.19445	0.07277	0.73278
112 T	0.19703	0.06441	0.73856
113 T	0.19867	0.05716	0.74417
114 T	0.19896	0.05369	0.74735
115 G	0.19866	0.05202	0.74932
116 A	0.19962	0.03463	0.76575
117 T	0.20018	0.02167	0.77814
118 T	0.20015	0.01764	0.78222
119 T	0.19927	0.01703	0.7837
120 A	0.19848	0.01975	0.78177
121 T	0.19822	0.02242	0.77936
122 T	0.19662	0.03146	0.77192
123 T	0.19382	0.04602	0.76016
124 T	0.19165	0.06331	0.74504
125 T	0.18818	0.08770	0.72412
126 A	0.17924	0.11509	0.70567
127 A	0.17236	0.13048	0.69715
128 A	0.16715	0.14006	0.69278
129 A	0.15893	0.15088	0.69019
130 A	0.15331	0.16118	0.68551
131 A	0.15039	0.16605	0.68357
132 A	0.14912	0.16893	0.68194
133 G	0.14829	0.17121	0.6805
134 G	0.14830	0.17212	0.67958
135 G	0.14853	0.17202	0.67944
136 A	0.14897	0.17157	0.67946
137 T	0.14967	0.17009	0.68025
138 T	0.15021	0.16891	0.68088
139 C	0.15047	0.16831	0.68122
140 A	0.15081	0.16815	0.68104
141 A	0.15145	0.16737	0.68119
142 G	0.15257	0.16541	0.68201
143 A	0.15628	0.16104	0.68269
144 G	0.16261	0.15398	0.68341
145 G	0.17413	0.13722	0.68865
146 C	0.19121	0.11292	0.69587
147 T	0.21038	0.09108	0.69854
148 T	0.22844	0.07098	0.70057
149 T	0.24014	0.05698	0.70288
150 A	0.24324	0.05333	0.70343
151 A	0.24530	0.05020	0.70451
152 A	0.24593	0.04180	0.71227
153 T	0.24968	0.03222	0.71811
154 G	0.25000	0.03024	0.71976
155 A	0.25133	0.02938	0.71929
156 T	0.25348	0.02729	0.71923
157 A	0.25286	0.02798	0.71916
158 T	0.25377	0.02706	0.71917
159 T	0.25383	0.02687	0.71931
160 T	0.25323	0.02735	0.71942
161 C	0.25262	0.02778	0.71959
162 T	0.25214	0.02851	0.71936
163 C	0.24835	0.03279	0.71886
164 C	0.24412	0.03785	0.71803
165 T	0.23946	0.04280	0.71774
166 A	0.23010	0.05278	0.71711
167 T	0.22213	0.06121	0.71666
168 A	0.20268	0.08125	0.71607
169 C	0.18692	0.09746	0.71561
170 A	0.17712	0.10915	0.71372
171 A	0.17432	0.11312	0.71256
172 A	0.17360	0.11417	0.71223
173 G	0.17455	0.11294	0.71251
174 T	0.17609	0.11120	0.71271
175 T	0.17448	0.11184	0.71368
176 A	0.17115	0.11444	0.71441
177 T	0.16958	0.11461	0.71581
178 A	0.16590	0.11766	0.71644
179 A	0.16428	0.11842	0.7173
180 C	0.16339	0.11685	0.71975
181 G	0.16247	0.11758	0.71995
182 G	0.16221	0.11773	0.72005
183 T	0.16224	0.11820	0.71956
184 A	0.16174	0.12061	0.71766
185 A	0.16176	0.12084	0.7174
186 T	0.16242	0.11454	0.72304
187 T	0.16294	0.10874	0.72832
188 T	0.16278	0.10333	0.7339
189 A	0.16257	0.09707	0.74036
190 A	0.16264	0.09026	0.7471
191 A	0.16304	0.07367	0.76329
192 A	0.16372	0.05753	0.77875
193 T	0.16587	0.04482	0.78931
194 T	0.16710	0.03978	0.79312
195 A	0.16745	0.03728	0.79527
196 T	0.16778	0.03482	0.7974
197 A	0.16790	0.03296	0.79914
198 T	0.16850	0.02858	0.80292
199 T	0.16830	0.02538	0.80632
200 T	0.16771	0.02524	0.80704
201 T	0.16692	0.02486	0.80821
202 G	0.16597	0.02884	0.80519
203 A	0.16548	0.03170	0.80282
204 T	0.16574	0.03285	0.8014
205 G	0.16583	0.03814	0.79603
206 A	0.16630	0.04501	0.78868
207 T	0.16815	0.04511	0.78674
208 T	0.16768	0.04714	0.78519
209 T	0.16587	0.05172	0.78241
210 T	0.16427	0.05779	0.77793
211 T	0.16159	0.06594	0.77247
212 A	0.15766	0.07372	0.76862
213 T	0.15461	0.07961	0.76577
214 T	0.15064	0.08546	0.7639
215 T	0.14763	0.08983	0.76254
216 A	0.13910	0.09976	0.76114
217 A	0.13317	0.10667	0.76017
218 A	0.12908	0.11148	0.75944
219 T	0.12783	0.11256	0.75961
220 G	0.12481	0.11531	0.75988
221 A	0.12349	0.11626	0.76025
222 A	0.12330	0.11584	0.76086
223 C	0.12507	0.11305	0.76188
224 C	0.12702	0.11052	0.76245
225 T	0.13284	0.10472	0.76244
226 A	0.13565	0.10230	0.76205
227 A	0.13838	0.10004	0.76157
228 A	0.14260	0.09624	0.76115
229 T	0.14939	0.08953	0.76108
230 T	0.14959	0.08902	0.76139
231 A	0.14118	0.09704	0.76178
232 G	0.14037	0.09612	0.76352
233 A	0.14163	0.09688	0.76148
234 T	0.14549	0.09386	0.76066
235 A	0.14068	0.11273	0.74659
236 T	0.13977	0.11843	0.74179
237 T	0.13213	0.13266	0.73521
238 A	0.11642	0.15804	0.72554
239 A	0.10542	0.17130	0.72327
240 A	0.09529	0.18201	0.7227
241 G	0.09154	0.18283	0.72563
242 A	0.08972	0.18389	0.72639
243 A	0.08872	0.18266	0.72862
244 G	0.08796	0.18256	0.72948
245 C	0.08749	0.18282	0.72969
246 T	0.08707	0.18431	0.72862
247 A	0.08598	0.18659	0.72743
248 A	0.08555	0.18794	0.72652
249 A	0.08564	0.18809	0.72626
250 A	0.08600	0.18774	0.72625
251 A	0.08659	0.18535	0.72806
252 A	0.08776	0.18226	0.72998
253 A	0.08967	0.17746	0.73286
254 G	0.09194	0.16580	0.74226
255 A	0.09520	0.15845	0.74635
256 G	0.10155	0.14730	0.75115
257 A	0.11055	0.13477	0.75469
258 T	0.13448	0.10037	0.76514
259 T	0.14602	0.08250	0.77148
260 T	0.15430	0.06474	0.78096
261 T	0.16024	0.04637	0.79339
262 A	0.16264	0.03561	0.80175
263 G	0.16534	0.02482	0.80984
264 T	0.16658	0.02060	0.81283
265 T	0.16742	0.01879	0.81379
266 A	0.16808	0.01760	0.81432
267 T	0.16958	0.01579	0.81464
268 T	0.17033	0.01451	0.81516
269 T	0.17057	0.01366	0.81576
270 T	0.16938	0.01399	0.81662
271 T	0.16830	0.01473	0.81696
272 C	0.16515	0.01811	0.81673
273 C	0.16341	0.02052	0.81607
274 G	0.16244	0.02253	0.81503
275 A	0.16151	0.02531	0.81318
276 A	0.16151	0.02636	0.81213
277 T	0.16216	0.02681	0.81103
278 T	0.16179	0.02874	0.80947
279 A	0.16066	0.03288	0.80646
280 T	0.16031	0.03583	0.80386
281 T	0.15974	0.03764	0.80261
282 T	0.15883	0.04023	0.80094
283 G	0.15703	0.04354	0.79943
284 T	0.15659	0.04537	0.79804
285 T	0.15515	0.04772	0.79713
286 A	0.15391	0.04978	0.79631
287 A	0.15349	0.05057	0.79593
288 T	0.15389	0.05030	0.79581
289 G	0.15379	0.05075	0.79546
290 T	0.15416	0.05069	0.79514
291 A	0.15377	0.05184	0.7944
292 A	0.15363	0.05205	0.79432
293 G	0.15364	0.05089	0.79547
294 A	0.15362	0.05070	0.79569
295 T	0.15424	0.04862	0.79714
296 T	0.15404	0.05009	0.79587
297 A	0.15094	0.05657	0.79249
298 G	0.14998	0.05857	0.79145
299 A	0.14994	0.05987	0.79018
300 A	0.14986	0.06039	0.78976
301 A	0.15115	0.05865	0.79021
302 A	0.15468	0.05419	0.79113
303 T	0.15882	0.04902	0.79216
304 G	0.15975	0.04716	0.79308
305 T	0.16091	0.04532	0.79377
306 T	0.15941	0.04644	0.79415
307 T	0.15578	0.04977	0.79446
308 C	0.15189	0.05267	0.79544
309 G	0.14892	0.05631	0.79477
310 A	0.14713	0.05935	0.79352
311 C	0.14598	0.06134	0.79267
312 T	0.14560	0.06564	0.78875
313 G	0.14429	0.07038	0.78533
314 G	0.14237	0.07474	0.78289
315 A	0.14103	0.07849	0.78048
316 G	0.14112	0.07940	0.77947
317 A	0.14212	0.07889	0.77898
318 A	0.14382	0.07749	0.77869
319 A	0.14718	0.07334	0.77948
320 T	0.15128	0.06600	0.78272
321 T	0.15266	0.06371	0.78364
322 A	0.15302	0.06529	0.7817
323 A	0.15313	0.06755	0.77932
324 A	0.15328	0.07130	0.77542
325 A	0.15333	0.07378	0.77289
326 A	0.15371	0.07581	0.77047
327 A	0.15426	0.07452	0.77122
328 A	0.15523	0.07194	0.77283
329 G	0.15691	0.06597	0.77712
330 T	0.15823	0.05947	0.7823
331 C	0.15891	0.05540	0.78568
332 G	0.16052	0.05309	0.78639
333 A	0.16277	0.05061	0.78663
334 G	0.16508	0.04753	0.78739
335 T	0.17029	0.04210	0.78761
336 T	0.17369	0.03866	0.78765
337 T	0.17537	0.03521	0.78942
338 T	0.17567	0.03521	0.78912
339 A	0.17251	0.04268	0.78481
340 A	0.17172	0.04373	0.78454
341 T	0.17148	0.04375	0.78477
342 G	0.17082	0.04459	0.78459
343 A	0.17092	0.04522	0.78386
344 C	0.17176	0.04441	0.78383
345 A	0.17383	0.04230	0.78387
346 G	0.17666	0.03937	0.78396
347 A	0.18088	0.03521	0.78391
348 A	0.18385	0.03202	0.78414
349 C	0.18674	0.02894	0.78432
350 T	0.18774	0.02781	0.78444
351 A	0.18728	0.02835	0.78437
352 C	0.18757	0.02805	0.78438
353 C	0.18789	0.02786	0.78424
354 T	0.18840	0.02764	0.78396
355 T	0.18894	0.02745	0.78362
356 T	0.18929	0.02736	0.78334
357 A	0.18811	0.02877	0.78312
358 A	0.18817	0.02867	0.78316
359 T	0.18923	0.02694	0.78383
360 G	0.18914	0.02642	0.78445
361 A	0.19057	0.02408	0.78535
362 C	0.19469	0.01621	0.78911
363 T	0.19542	0.01440	0.79018
364 C	0.19539	0.01359	0.79102
365 C	0.19579	0.01279	0.79142
366 T	0.19645	0.01203	0.79152
367 T	0.19640	0.01199	0.7916
368 C	0.19566	0.01249	0.79184
369 G	0.19520	0.01303	0.79177
370 G	0.19502	0.01310	0.79188
371 G	0.19484	0.01309	0.79207
372 A	0.19479	0.01304	0.79216
373 A	0.19494	0.01289	0.79217
374 C	0.19547	0.01129	0.79324
375 T	0.19581	0.01141	0.79277
376 T	0.19573	0.01382	0.79045
377 T	0.19507	0.01790	0.78703
378 T	0.19396	0.02488	0.78116
379 A	0.19261	0.03227	0.77512
380 T	0.19164	0.03687	0.77149
381 A	0.18671	0.04929	0.764
382 A	0.18384	0.05446	0.76169
383 T	0.18256	0.05534	0.7621
384 T	0.17887	0.05928	0.76185
385 A	0.17172	0.06700	0.76128
386 A	0.16553	0.07359	0.76088
387 C	0.16251	0.07649	0.761
388 G	0.16161	0.07746	0.76093
389 G	0.16117	0.07798	0.76084
390 A	0.16096	0.07823	0.76081
391 A	0.16088	0.07805	0.76107
392 C	0.16090	0.07806	0.76104
393 A	0.16075	0.07995	0.75931
394 G	0.16072	0.08125	0.75803
395 A	0.16061	0.08244	0.75694
396 A	0.16063	0.08328	0.75608
397 A	0.16089	0.08338	0.75573
398 G	0.16216	0.08173	0.75611
399 A	0.16547	0.07804	0.7565
400 G	0.17028	0.07228	0.75743
401 T	0.17750	0.06405	0.75845
402 A	0.18273	0.05803	0.75925
403 A	0.18721	0.05281	0.75997
404 T	0.19426	0.04054	0.7652
405 T	0.19631	0.03566	0.76803
406 A	0.19660	0.03374	0.76966
407 T	0.19738	0.02952	0.7731
408 A	0.19789	0.02364	0.77846
409 T	0.19848	0.01760	0.78393
410 C	0.19866	0.01489	0.78645
411 T	0.19813	0.01601	0.78585
412 C	0.19780	0.01807	0.78413
413 A	0.19781	0.02374	0.77846
414 A	0.19794	0.02548	0.77657
415 A	0.19854	0.02614	0.77532
416 T	0.20085	0.02453	0.77462
417 T	0.20238	0.02306	0.77456
418 A	0.20266	0.02263	0.77471
419 T	0.20319	0.02184	0.77497
420 A	0.20279	0.02213	0.77509
421 C	0.20286	0.02193	0.77521
422 G	0.20332	0.02144	0.77523
423 T	0.20421	0.02059	0.7752
424 T	0.20462	0.02018	0.7752
425 C	0.20493	0.01987	0.7752
426 T	0.20461	0.02031	0.77509
427 T	0.20272	0.02252	0.77477
428 C	0.19831	0.02743	0.77426
429 A	0.19494	0.03150	0.77356
430 G	0.19380	0.03268	0.77352
431 G	0.19333	0.03305	0.77362
432 T	0.19361	0.03270	0.7737
433 A	0.19342	0.03277	0.77381
434 C	0.19494	0.03026	0.7748
435 C	0.19713	0.02766	0.77521
436 T	0.20184	0.02296	0.7752
437 A	0.20291	0.02198	0.77512
438 T	0.20403	0.02095	0.77502
439 T	0.20458	0.02045	0.77497
440 T	0.20454	0.02052	0.77494
441 T	0.20335	0.02105	0.7756
442 A	0.19982	0.02433	0.77585
443 C	0.19786	0.02571	0.77643
444 T	0.19519	0.02868	0.77613
445 G	0.18722	0.03776	0.77502
446 A	0.18176	0.04517	0.77308
447 A	0.17827	0.05084	0.77089
448 A	0.17573	0.05591	0.76836
449 A	0.17448	0.05814	0.76738
450 A	0.17408	0.05822	0.7677
451 T	0.17423	0.05447	0.7713
452 T	0.17433	0.05236	0.77331
453 T	0.17404	0.05300	0.77296
454 G	0.17349	0.05372	0.7728
455 A	0.17332	0.05414	0.77254
456 T	0.17324	0.05364	0.77312
457 T	0.17308	0.05382	0.7731
458 C	0.17218	0.05479	0.77303
459 T	0.17172	0.05608	0.7722
460 A	0.17051	0.05941	0.77008
461 A	0.16914	0.06266	0.7682
462 A	0.16847	0.06460	0.76692
463 T	0.16849	0.06596	0.76555
464 T	0.16846	0.06534	0.7662
465 A	0.16824	0.06429	0.76746
466 A	0.16831	0.06386	0.76783
467 A	0.16871	0.06198	0.76931
468 T	0.16978	0.05524	0.77499
469 A	0.17120	0.05117	0.77763
470 A	0.17306	0.04719	0.77975
471 A	0.17544	0.04245	0.7821
472 G	0.17755	0.03854	0.78391
473 T	0.18001	0.03504	0.78495
474 T	0.18128	0.03308	0.78564
475 C	0.18197	0.03191	0.78612
476 G	0.18278	0.03108	0.78615
477 T	0.18346	0.03050	0.78604
478 T	0.18359	0.03078	0.78563
479 A	0.18291	0.03241	0.78468
480 T	0.17899	0.03718	0.78382
481 G	0.17123	0.04443	0.78434
482 A	0.16562	0.05096	0.78342
483 A	0.15576	0.05970	0.78454
484 G	0.15086	0.06314	0.786
485 C	0.14599	0.06729	0.78671
486 T	0.14163	0.07263	0.78574
487 C	0.13718	0.07845	0.78437
488 A	0.13606	0.08240	0.78153
489 A	0.13598	0.08340	0.78061
490 A	0.13672	0.08341	0.77987
491 T	0.13828	0.08209	0.77963
492 T	0.13748	0.08283	0.7797
493 A	0.13604	0.08387	0.78008
494 T	0.13559	0.08388	0.78053
495 T	0.13388	0.08529	0.78082
496 C	0.13120	0.08780	0.78101
497 C	0.12907	0.08985	0.78108
498 T	0.12773	0.09118	0.78109
499 A	0.12538	0.09355	0.78107
500 C	0.12349	0.09539	0.78112
501 A	0.12214	0.09681	0.78105
502 A	0.12193	0.09658	0.78148
503 G	0.12189	0.09138	0.78673
504 A	0.12207	0.08379	0.79414
505 G	0.12339	0.07630	0.80031
506 G	0.12369	0.06341	0.81289
507 A	0.12406	0.05518	0.82076
508 G	0.12478	0.04569	0.82952
509 C	0.12657	0.03617	0.83727
510 T	0.12837	0.03170	0.83994
511 T	0.13065	0.03025	0.8391
512 G	0.13095	0.03079	0.83826
513 G	0.13123	0.03252	0.83624
514 A	0.13061	0.03755	0.83184
515 T	0.12874	0.04275	0.82851
516 T	0.12598	0.05399	0.82003
517 G	0.11877	0.09098	0.79025
518 A	0.11706	0.12934	0.7536
519 A	0.11522	0.15784	0.72694
520 T	0.11337	0.17666	0.70997
521 A	0.11085	0.19092	0.69823
522 T	0.11034	0.19180	0.69786
523 G	0.10816	0.19421	0.69763
524 A	0.10662	0.19647	0.6969
525 A	0.10548	0.19823	0.69629
526 C	0.10449	0.19964	0.69587
527 A	0.10287	0.20156	0.69557
528 A	0.10190	0.20281	0.69528
529 A	0.10163	0.20331	0.69505
530 G	0.10166	0.20335	0.69499
531 C	0.10186	0.20355	0.69459
532 A	0.10223	0.20673	0.69104
533 A	0.10348	0.20987	0.68666
534 T	0.10597	0.20896	0.68507
535 A	0.10709	0.20945	0.68346
536 A	0.10905	0.20767	0.68328
537 A	0.11381	0.20176	0.68443
538 G	0.12328	0.18901	0.6877
539 A	0.13732	0.17156	0.69113
540 C	0.17359	0.12844	0.69797
541 A	0.21132	0.08971	0.69897
542 T	0.24118	0.05835	0.70047
543 T	0.25575	0.04168	0.70257
544 C	0.26296	0.03235	0.70469
545 T	0.26480	0.03052	0.70468
546 T	0.26624	0.02791	0.70584
547 T	0.26743	0.02581	0.70676
548 A	0.26800	0.02474	0.70726
549 T	0.26838	0.02427	0.70735
550 G	0.26133	0.03036	0.70832
551 C	0.25260	0.04062	0.70678
552 T	0.24343	0.06006	0.69652
553 A	0.23031	0.08248	0.68722
554 A	0.22485	0.09364	0.68152
555 A	0.22710	0.09403	0.67887
556 T	0.23134	0.09132	0.67734
557 T	0.23233	0.09124	0.67643
558 A	0.23240	0.09113	0.67647
559 G	0.23168	0.09167	0.67665
560 A	0.23059	0.09288	0.67653
561 T	0.22743	0.09617	0.6764
562 C	0.22526	0.09839	0.67635
563 A	0.22421	0.09947	0.67633
564 T	0.22362	0.10009	0.67629
565 T	0.22122	0.10261	0.67616
566 C	0.21185	0.11222	0.67593
567 C	0.18988	0.13489	0.67522
568 A	0.17088	0.15574	0.67338
569 A	0.15997	0.16752	0.67251
570 A	0.14058	0.18754	0.67188
571 A	0.13098	0.19731	0.67171
572 A	0.12941	0.19822	0.67236
573 A	0.12835	0.19007	0.68158
574 A	0.13040	0.17705	0.69255
575 T	0.14103	0.15593	0.70303
576 T	0.14789	0.13762	0.7145
577 C	0.14976	0.13105	0.71919
578 C	0.14984	0.13041	0.71976
579 T	0.14967	0.13131	0.71902
580 T	0.14842	0.13254	0.71904
581 T	0.14375	0.13713	0.71912
582 A	0.13807	0.14296	0.71896
583 A	0.13525	0.14531	0.71944
584 C	0.13398	0.14239	0.72363
585 T	0.13341	0.14153	0.72506
586 A	0.13248	0.14173	0.72579
587 A	0.13233	0.14087	0.7268
588 A	0.13274	0.13781	0.72945
589 T	0.13354	0.12833	0.73813
590 T	0.13448	0.10356	0.76196
591 T	0.13588	0.08277	0.78135
592 A	0.13620	0.07197	0.79183
593 T	0.13661	0.05247	0.81092
594 T	0.13649	0.04246	0.82105
595 A	0.13589	0.04010	0.82401
596 A	0.13565	0.03640	0.82795
597 T	0.13575	0.03320	0.83105
598 G	0.13570	0.03182	0.83248
599 T	0.13598	0.03106	0.83296
600 T	0.13599	0.03084	0.83317
601 T	0.13573	0.03124	0.83304
602 T	0.13514	0.03432	0.83054
603 A	0.13345	0.04245	0.8241
604 G	0.13290	0.04491	0.82219
605 G	0.13277	0.04985	0.81738
606 T	0.13275	0.06270	0.80455
607 T	0.13136	0.09457	0.77407
608 T	0.12902	0.13197	0.739
609 T	0.12204	0.17097	0.70699
610 A	0.11491	0.21061	0.67448
611 A	0.11206	0.22626	0.66168
612 T	0.11060	0.23802	0.65138
613 A	0.10872	0.24696	0.64431
614 G	0.10772	0.25086	0.64141
615 T	0.10542	0.25517	0.63941
616 A	0.09936	0.26252	0.63813
617 A	0.09677	0.26552	0.63772
618 A	0.09550	0.26654	0.63796
619 G	0.09507	0.26690	0.63803
620 A	0.09488	0.26736	0.63776
621 A	0.09561	0.26699	0.6374
622 G	0.09777	0.26550	0.63672
623 A	0.10021	0.26454	0.63524
624 A	0.10336	0.26255	0.63408
625 A	0.10761	0.25885	0.63353
626 T	0.11659	0.24887	0.63454
627 A	0.12293	0.24267	0.63439
628 A	0.13423	0.23057	0.63521
629 A	0.15563	0.20772	0.63665
630 A	0.19529	0.16451	0.6402
631 T	0.23626	0.11910	0.64465
632 C	0.26352	0.08431	0.65217
633 T	0.28984	0.05343	0.65673
634 G	0.29772	0.04360	0.65867
635 T	0.30703	0.03315	0.65982
636 T	0.31012	0.02880	0.66108
637 T	0.30921	0.02924	0.66155
638 T	0.30069	0.03550	0.66381
639 T	0.28407	0.04741	0.66852
640 G	0.26499	0.06525	0.66977
641 G	0.22904	0.10230	0.66866
642 A	0.20044	0.13345	0.66611
643 G	0.18114	0.15454	0.66432
644 G	0.17317	0.16497	0.66186
645 G	0.17135	0.16722	0.66143
646 A	0.17217	0.16642	0.66141
647 A	0.17366	0.16488	0.66146
648 T	0.17505	0.16333	0.66162
649 C	0.17517	0.16311	0.66172
650 C	0.17557	0.16267	0.66176
651 T	0.17558	0.16270	0.66173
652 C	0.17534	0.16306	0.6616
653 T	0.17511	0.16404	0.66086
654 T	0.17451	0.16548	0.66002
655 T	0.17236	0.16904	0.65861
656 T	0.16836	0.17363	0.65801
657 A	0.16340	0.17978	0.65682
658 G	0.16049	0.18264	0.65687
659 A	0.15938	0.18091	0.65971
660 A	0.15924	0.17608	0.66468
661 T	0.16017	0.16075	0.67908
662 T	0.16099	0.14230	0.69671
663 A	0.16144	0.12831	0.71025
664 A	0.16323	0.09477	0.742
665 G	0.16574	0.06798	0.76629
666 T	0.16770	0.05059	0.78171
667 T	0.16965	0.04366	0.78669
668 T	0.16988	0.04552	0.7846
669 T	0.16938	0.05421	0.77641
670 A	0.16853	0.06900	0.76247
671 A	0.16789	0.08276	0.74935
672 T	0.16733	0.09797	0.7347
673 A	0.16341	0.14508	0.69152
674 A	0.16175	0.16734	0.67091
675 A	0.15782	0.19432	0.64786
676 A	0.15137	0.22508	0.62355
677 A	0.14913	0.23438	0.61649
678 T	0.14894	0.23551	0.61555
679 G	0.14771	0.24028	0.61201
680 A	0.14797	0.24023	0.6118
681 T	0.14900	0.23916	0.61185
682 G	0.14902	0.24029	0.61069
683 A	0.14939	0.24206	0.60855
684 G	0.14817	0.24654	0.60528
685 T	0.14888	0.24879	0.60234
686 T	0.14730	0.25110	0.60159
687 A	0.14228	0.25873	0.59899
688 A	0.13622	0.26541	0.59838
689 A	0.13217	0.26997	0.59786
690 C	0.13163	0.27030	0.59806
691 A	0.13369	0.26869	0.59761
692 C	0.14148	0.26118	0.59734
693 A	0.15323	0.25057	0.59619
694 A	0.16550	0.23899	0.59551
695 A	0.18201	0.22263	0.59536
696 T	0.22667	0.17451	0.59882
697 G	0.24312	0.15665	0.60024
698 A	0.26668	0.12859	0.60472
699 T	0.29618	0.09121	0.61261
700 T	0.30517	0.07843	0.6164
701 C	0.30829	0.07326	0.61845
702 T	0.31303	0.06800	0.61898
703 A	0.31476	0.06639	0.61885
704 T	0.31604	0.06498	0.61898
705 T	0.31542	0.06559	0.61899
706 A	0.31212	0.06891	0.61897
707 T	0.31187	0.06553	0.6226
708 A	0.31089	0.06594	0.62317
709 G	0.31056	0.06376	0.62568
710 A	0.31179	0.05944	0.62877
711 A	0.31274	0.05192	0.63535
712 T	0.31401	0.04702	0.63897
713 T	0.31468	0.04853	0.63679
714 A	0.31477	0.05248	0.63276
715 T	0.31516	0.05198	0.63285
716 A	0.31471	0.05225	0.63304
717 T	0.31458	0.05170	0.63373
718 T	0.30519	0.06423	0.63058
719 C	0.28021	0.09553	0.62426
720 T	0.26849	0.13016	0.60136
721 A	0.25412	0.16495	0.58093
722 A	0.24466	0.18329	0.57205
723 A	0.24118	0.19131	0.56751
724 T	0.24033	0.19494	0.56474
725 T	0.23938	0.19675	0.56387
726 A	0.23837	0.19745	0.56418
727 A	0.23794	0.19674	0.56532
728 A	0.23823	0.19378	0.568
729 T	0.23825	0.18869	0.57305
730 C	0.23654	0.18722	0.57623
731 A	0.23488	0.18749	0.57763
732 A	0.23363	0.18811	0.57825
733 G	0.23387	0.18718	0.57894
734 G	0.23421	0.18662	0.57917
735 C	0.23586	0.18497	0.57917
736 G	0.23984	0.18123	0.57892
737 A	0.24451	0.17717	0.57831
738 A	0.24629	0.17612	0.57758
739 A	0.24864	0.17412	0.57724
740 A	0.25202	0.17025	0.57773
741 A	0.25971	0.15009	0.5902
742 G	0.27060	0.11140	0.618
743 T	0.29652	0.07256	0.63093
744 T	0.31292	0.04379	0.64329
745 T	0.31862	0.03112	0.65026
746 C	0.31960	0.02825	0.65215
747 T	0.31951	0.02973	0.65076
748 G	0.31594	0.03394	0.65013
749 T	0.31309	0.03703	0.64988
750 T	0.30945	0.04267	0.64788
751 A	0.30577	0.04791	0.64633
752 A	0.30459	0.04869	0.64672
753 A	0.30332	0.04814	0.64854
754 T	0.30238	0.04636	0.65127
755 C	0.29966	0.04732	0.65302
756 T	0.29813	0.04846	0.6534
757 G	0.29621	0.05039	0.6534
758 C	0.29567	0.05140	0.65293
759 T	0.29538	0.05218	0.65244
760 C	0.29468	0.05326	0.65206
761 G	0.29388	0.05576	0.65036
762 T	0.29436	0.05630	0.64933
763 G	0.29368	0.05794	0.64839
764 A	0.29413	0.05807	0.6478
765 A	0.29474	0.05774	0.64752
766 T	0.29616	0.05558	0.64827
767 T	0.29712	0.05382	0.64907
768 T	0.29802	0.05241	0.64958
769 A	0.29837	0.05225	0.64938
770 T	0.30001	0.04905	0.65094
771 T	0.30031	0.04615	0.65354
772 A	0.29936	0.04786	0.65278
773 G	0.29775	0.05127	0.65098
774 T	0.29417	0.06263	0.64321
775 A	0.27808	0.10233	0.61959
776 A	0.25569	0.14470	0.59961
777 A	0.24883	0.15919	0.59197
778 A	0.24470	0.16925	0.58605
779 G	0.24233	0.17362	0.58405
780 A	0.24181	0.17914	0.57905
781 T	0.24261	0.18600	0.57139
782 T	0.24239	0.19485	0.56276
783 A	0.24100	0.20256	0.55644
784 T	0.24054	0.20516	0.5543
785 T	0.23735	0.21277	0.54988
786 T	0.23121	0.21879	0.55001
787 G	0.22548	0.22532	0.5492
788 A	0.22341	0.22818	0.5484
789 T	0.22235	0.22954	0.54812
790 C	0.21963	0.23242	0.54795
791 G	0.21781	0.23480	0.54739
792 T	0.21617	0.23719	0.54664
793 A	0.21337	0.24061	0.54602
794 A	0.21203	0.24226	0.54571
795 A	0.21432	0.23985	0.54583
796 A	0.22003	0.23110	0.54887
797 A	0.23121	0.21436	0.55443
798 A	0.25728	0.17285	0.56987
799 T	0.27973	0.12836	0.5919
800 A	0.28784	0.11438	0.59777
801 T	0.29705	0.10090	0.60204
802 G	0.30121	0.09467	0.60412
803 A	0.30839	0.08609	0.60552
804 T	0.31941	0.07241	0.60818
805 T	0.32970	0.05961	0.61069
806 T	0.33522	0.05172	0.61307
807 A	0.33709	0.04792	0.61499
808 T	0.34068	0.03903	0.62029
809 C	0.34104	0.03102	0.62794
810 T	0.34196	0.02674	0.6313
811 T	0.34244	0.02600	0.63156
812 T	0.34141	0.02745	0.63114
813 T	0.33554	0.03391	0.63056
814 G	0.31765	0.05307	0.62929
815 T	0.30422	0.06683	0.62895
816 A	0.27088	0.10465	0.62447
817 G	0.23561	0.15352	0.61087
818 G	0.19611	0.22486	0.57904
819 T	0.18240	0.25812	0.55948
820 A	0.16216	0.29813	0.5397
821 G	0.15254	0.32346	0.52399
822 A	0.14837	0.34786	0.50377
823 T	0.14554	0.37158	0.48288
824 A	0.14053	0.39217	0.4673
825 T	0.13817	0.39743	0.4644
826 A	0.13584	0.40223	0.46193
827 A	0.13505	0.40418	0.46077
828 A	0.13451	0.40506	0.46042
829 C	0.13432	0.40510	0.46058
830 T	0.13453	0.40532	0.46015
831 T	0.13392	0.40658	0.45951
832 A	0.13094	0.41090	0.45816
833 A	0.12989	0.41270	0.45741
834 T	0.12949	0.41338	0.45713
835 A	0.12713	0.41448	0.45838
836 A	0.12638	0.40828	0.46533
837 A	0.12786	0.38954	0.4826
838 A	0.13128	0.37002	0.4987
839 A	0.13853	0.33161	0.52986
840 A	0.16149	0.27371	0.56481
841 T	0.20326	0.19279	0.60395
842 T	0.22576	0.15744	0.6168
843 A	0.23729	0.13701	0.6257
844 G	0.24775	0.12931	0.62294
845 A	0.26026	0.13011	0.60963
846 T	0.27782	0.12574	0.59645
847 G	0.28767	0.13098	0.58135
848 T	0.29103	0.14578	0.56319
849 T	0.29142	0.16354	0.54504
850 T	0.28782	0.18858	0.52361
851 T	0.27751	0.21267	0.50982
852 A	0.23554	0.26515	0.49931
853 A	0.21397	0.29158	0.49444
854 A	0.20158	0.30649	0.49193
855 T	0.19192	0.31722	0.49087
856 A	0.18238	0.32942	0.4882
857 G	0.17896	0.33615	0.48488
858 A	0.17779	0.33993	0.48228
859 A	0.17702	0.34287	0.48011
860 T	0.17667	0.34380	0.47953
861 T	0.16615	0.35614	0.47771
862 G	0.14956	0.37627	0.47417
863 A	0.14565	0.38301	0.47133
864 A	0.14401	0.38593	0.47007
865 A	0.14519	0.38429	0.47051
866 A	0.15303	0.37489	0.47207
867 A	0.16907	0.35700	0.47394
868 A	0.19266	0.33017	0.47717
869 C	0.22322	0.29388	0.48291
870 T	0.25838	0.25707	0.48454
871 T	0.28213	0.23331	0.48456
872 T	0.29472	0.21889	0.48639
873 T	0.30284	0.20559	0.49157
874 T	0.30385	0.19401	0.50214
875 T	0.30182	0.15602	0.54216
876 A	0.29727	0.14229	0.56044
877 G	0.29510	0.13135	0.57356
878 C	0.29741	0.11664	0.58595
879 A	0.29832	0.10986	0.59182
880 T	0.30270	0.10517	0.59213
881 A	0.30576	0.10248	0.59176
882 T	0.31012	0.09766	0.59222
883 G	0.31097	0.09718	0.59186
884 A	0.31269	0.08725	0.60006
885 T	0.31480	0.07257	0.61263
886 T	0.31429	0.08677	0.59893
887 T	0.30663	0.14636	0.547
888 A	0.29156	0.24140	0.46705
889 A	0.27665	0.30909	0.41426
890 A	0.26762	0.33398	0.39839
891 A	0.26485	0.34435	0.3908
892 G	0.26430	0.34746	0.38825
893 A	0.26508	0.34990	0.38502
894 T	0.26675	0.34878	0.38448
895 A	0.26712	0.34800	0.38489
896 T	0.26782	0.34507	0.3871
897 T	0.26785	0.34219	0.38996
898 G	0.26778	0.33800	0.39422
899 A	0.26790	0.33353	0.39857
900 T	0.26823	0.32884	0.40293
901 A	0.26846	0.32666	0.40488
902 C	0.27089	0.32060	0.40851
903 T	0.27343	0.31795	0.40862
904 G	0.27265	0.32092	0.40643
905 G	0.27240	0.32377	0.40383
906 A	0.27300	0.32798	0.39902
907 G	0.27776	0.32691	0.39533
908 A	0.28413	0.31859	0.39728
909 A	0.30770	0.29069	0.4016
910 G	0.37255	0.21535	0.4121
911 T	0.46369	0.11339	0.42291
912 T	0.50685	0.05858	0.43458
913 T	0.51500	0.04354	0.44146
914 T	0.51687	0.04126	0.44188
915 A	0.51597	0.04219	0.44184
916 T	0.51743	0.04048	0.44209
917 T	0.51711	0.04066	0.44222
918 T	0.51315	0.04451	0.44235
919 C	0.50533	0.05279	0.44188
920 C	0.49241	0.06946	0.43814
921 T	0.43795	0.13757	0.42448
922 A	0.29710	0.29762	0.40528
923 A	0.21323	0.38968	0.39709
924 A	0.17451	0.43617	0.38932
925 G	0.16421	0.44736	0.38843
926 A	0.16046	0.45089	0.38866
927 T	0.16201	0.44737	0.39061
928 A	0.16155	0.44682	0.39162
929 C	0.16553	0.44168	0.39279
930 T	0.16945	0.43817	0.39237
931 T	0.17012	0.43898	0.3909
932 T	0.16975	0.44172	0.38853
933 A	0.16863	0.44834	0.38303
934 T	0.16715	0.45077	0.38208
935 T	0.15897	0.46012	0.38091
936 A	0.14112	0.47885	0.38003
937 A	0.13492	0.48487	0.38021
938 C	0.12873	0.48886	0.38241
939 A	0.11893	0.49929	0.38178
940 A	0.10849	0.50958	0.38193
941 A	0.10282	0.51187	0.38531
942 A	0.10053	0.50756	0.3919
943 G	0.10389	0.49129	0.40481
944 A	0.11753	0.41594	0.46653
945 T	0.13578	0.26903	0.59519
946 A	0.14161	0.18665	0.67175
947 T	0.14660	0.14639	0.70701
948 T	0.14390	0.14456	0.71155
949 A	0.13652	0.17463	0.68884
950 T	0.12582	0.19852	0.67566
951 C	0.11092	0.22075	0.66832
952 G	0.09811	0.26429	0.6376
953 A	0.09129	0.32788	0.58083
954 G	0.09120	0.39370	0.5151
955 G	0.09198	0.47542	0.4326
956 A	0.09424	0.51262	0.39314
957 A	0.09393	0.52389	0.38219
958 T	0.09511	0.52344	0.38145
959 T	0.09361	0.52697	0.37943
960 A	0.08889	0.53839	0.37272
961 A	0.08662	0.54208	0.37131
962 A	0.08527	0.54070	0.37404
963 A	0.08412	0.53845	0.37742
964 A	0.08370	0.54233	0.37397
965 A	0.08383	0.54605	0.37012
966 T	0.08464	0.55485	0.36051
967 A	0.07880	0.58340	0.3378
968 A	0.07327	0.61604	0.31069
969 A	0.07371	0.61507	0.31122
970 A	0.07467	0.61019	0.31514
971 G	0.08065	0.59723	0.32211
972 A	0.11663	0.55326	0.33011
973 C	0.15401	0.50295	0.34305
974 A	0.18360	0.46441	0.35199
975 T	0.22941	0.40812	0.36247
976 C	0.27728	0.35682	0.3659
977 A	0.32191	0.31370	0.36439
978 T	0.40921	0.22694	0.36385
979 T	0.43887	0.19633	0.3648
980 T	0.44485	0.19035	0.3648
981 T	0.43390	0.20364	0.36246
982 A	0.40273	0.24049	0.35678
983 G	0.37711	0.27188	0.35101
984 A	0.25376	0.41292	0.33331
985 A	0.20070	0.47669	0.3226
986 A	0.17438	0.50678	0.31883
987 A	0.16179	0.52231	0.3159
988 G	0.15366	0.53129	0.31505
989 A	0.15439	0.53102	0.31459
990 A	0.17287	0.50759	0.31954
991 T	0.20042	0.47435	0.32522
992 T	0.20056	0.47305	0.32639
993 A	0.19719	0.47634	0.32647
994 A	0.19536	0.47810	0.32654
995 T	0.19517	0.47788	0.32695
996 T	0.19335	0.48054	0.3261
997 A	0.18805	0.48593	0.32601
998 A	0.18731	0.48577	0.32692
999 T	0.18818	0.48098	0.33084
1000 T	0.18701	0.47688	0.33611
1001 C	0.17798	0.48031	0.34171
1002 T	0.17081	0.48498	0.34421
1003 A	0.16428	0.48860	0.34712
1004 A	0.16598	0.47473	0.35929
1005 G	0.17316	0.43962	0.38723
1006 A	0.18440	0.40863	0.40697
1007 T	0.20621	0.25206	0.54173
1008 T	0.21872	0.18552	0.59576
1009 A	0.22106	0.15649	0.62245
1010 A	0.22240	0.13935	0.63825
1011 T	0.22492	0.12348	0.6516
1012 T	0.22329	0.12488	0.65183
1013 T	0.21305	0.14935	0.63759
1014 A	0.19495	0.19875	0.60631
1015 G	0.17887	0.23658	0.58455
1016 A	0.16369	0.33708	0.49922
1017 A	0.14050	0.41426	0.44524
1018 A	0.11645	0.47982	0.40374
1019 A	0.10108	0.52704	0.37187
1020 T	0.09070	0.56093	0.34837
1021 G	0.07998	0.61944	0.30058
1022 A	0.07411	0.62778	0.29812
1023 A	0.07110	0.62834	0.30057
1024 G	0.07021	0.61981	0.30999
1025 T	0.07137	0.61015	0.31848
1026 C	0.07063	0.60567	0.3237
1027 G	0.07050	0.60762	0.32188
1028 A	0.07097	0.60880	0.32024
1029 T	0.07199	0.60841	0.3196
1030 G	0.07144	0.61016	0.3184
1031 A	0.07209	0.61012	0.3178
1032 A	0.07354	0.60656	0.31991
1033 G	0.07596	0.60028	0.32376
1034 A	0.08073	0.59606	0.32321
1035 A	0.09224	0.58247	0.32528
1036 G	0.11596	0.54998	0.33406
1037 A	0.14710	0.50900	0.3439
1038 A	0.17126	0.47719	0.35154
1039 A	0.24439	0.39582	0.35979
1040 A	0.30023	0.31830	0.38147
1041 T	0.35235	0.24188	0.40577
1042 A	0.38357	0.19793	0.41849
1043 T	0.41616	0.15459	0.42925
1044 T	0.45101	0.11206	0.43693
1045 T	0.44882	0.10898	0.4422
1046 T	0.44554	0.10944	0.44502
1047 T	0.44033	0.11337	0.4463
1048 A	0.43343	0.12008	0.44648
1049 C	0.43112	0.12122	0.44766
1050 T	0.42649	0.12957	0.44395
1051 T	0.40819	0.15956	0.43225
1052 A	0.37175	0.21470	0.41355
1053 T	0.34917	0.25584	0.395
1054 A	0.29767	0.33991	0.36243
1055 A	0.24049	0.42625	0.33326
1056 A	0.18967	0.49429	0.31604
1057 A	0.16758	0.52178	0.31064
1058 A	0.15705	0.53182	0.31112
1059 A	0.14743	0.53896	0.31362
1060 G	0.14654	0.53569	0.31776
1061 A	0.15271	0.52647	0.32081
1062 T	0.16051	0.51554	0.32395
1063 G	0.16290	0.51073	0.32638
1064 A	0.16495	0.50699	0.32805
1065 T	0.16883	0.49771	0.33345
1066 T	0.16887	0.49283	0.3383
1067 C	0.16489	0.49202	0.34308
1068 T	0.16024	0.49753	0.34223
1069 G	0.14881	0.51546	0.33572
1070 A	0.13975	0.53717	0.32308
1071 A	0.13000	0.55665	0.31335
1072 G	0.12072	0.57806	0.30122
1073 A	0.11885	0.58073	0.30043
1074 A	0.12551	0.56796	0.30653
1075 A	0.14238	0.52435	0.33326
1076 A	0.16125	0.48810	0.35066
1077 A	0.19224	0.41336	0.3944
1078 A	0.22160	0.33299	0.44541
1079 T	0.24182	0.26469	0.49349
1080 T	0.24857	0.24211	0.50932
1081 T	0.24976	0.25322	0.49702
1082 A	0.24920	0.26989	0.48091
1083 T	0.24872	0.28980	0.46148
1084 A	0.24273	0.31584	0.44143
1085 T	0.22953	0.33558	0.43489
1086 A	0.21068	0.36351	0.42581
1087 A	0.19912	0.38009	0.42079
1088 A	0.18640	0.39602	0.41758
1089 A	0.17189	0.41112	0.41698
1090 G	0.16868	0.41113	0.42019
1091 A	0.17289	0.41058	0.41653
1092 A	0.18265	0.40193	0.41542
1093 A	0.19848	0.38832	0.4132
1094 A	0.21434	0.37001	0.41566
1095 T	0.23410	0.34679	0.41911
1096 A	0.24468	0.34480	0.41052
1097 T	0.26192	0.32305	0.41503
1098 T	0.27048	0.31277	0.41676
1099 T	0.27570	0.30666	0.41764
1100 T	0.27932	0.30248	0.4182
1101 C	0.28023	0.30123	0.41854
1102 C	0.28380	0.29800	0.4182
1103 A	0.29080	0.29325	0.41595
1104 T	0.31939	0.26610	0.41451
1105 A	0.34180	0.24449	0.41371
1106 T	0.36963	0.21696	0.41341
1107 T	0.38556	0.19609	0.41836
1108 T	0.38929	0.17513	0.43559
1109 T	0.38889	0.15883	0.45228
1110 A	0.38367	0.15624	0.46009
1111 A	0.37515	0.15711	0.46775
1112 C	0.37020	0.15155	0.47825
1113 A	0.36825	0.16297	0.46878
1114 G	0.37224	0.17254	0.45521
1115 G	0.38141	0.17512	0.44347
1116 A	0.38140	0.20245	0.41615
1117 G	0.38681	0.22019	0.393
1118 A	0.39459	0.22488	0.38054
1119 G	0.40957	0.21419	0.37624
1120 A	0.41480	0.21292	0.37228
1121 T	0.41914	0.20998	0.37088
1122 T	0.42044	0.20926	0.3703
1123 T	0.42036	0.20974	0.36991
1124 T	0.41709	0.21073	0.37218
1125 A	0.40053	0.22702	0.37245
1126 G	0.38387	0.24268	0.37345
1127 T	0.37945	0.24676	0.37379
1128 C	0.37041	0.25582	0.37377
1129 G	0.36201	0.26508	0.3729
1130 A	0.35627	0.27140	0.37232
1131 A	0.35276	0.27496	0.37229
1132 G	0.34597	0.27935	0.37467
1133 C	0.34103	0.27884	0.38014
1134 A	0.34090	0.26923	0.38987
1135 G	0.34429	0.25891	0.3968
1136 A	0.35624	0.24362	0.40014
1137 C	0.37393	0.22159	0.40448
1138 A	0.38500	0.20967	0.40533
1139 C	0.41316	0.17055	0.41628
1140 T	0.43852	0.14954	0.41194
1141 T	0.44661	0.15135	0.40204
1142 T	0.44406	0.17095	0.38499
1143 A	0.40441	0.24061	0.35497
1144 T	0.39146	0.26539	0.34314
1145 T	0.36929	0.28684	0.34388
1146 A	0.32006	0.33547	0.34447
1147 A	0.29261	0.35811	0.34928
1148 A	0.26910	0.36429	0.3666
1149 C	0.26153	0.35170	0.38677
1150 G	0.25486	0.35436	0.39078
1151 A	0.25257	0.35239	0.39505
1152 T	0.25361	0.34697	0.39942
1153 G	0.25294	0.34602	0.40104
1154 A	0.25148	0.34843	0.40009
1155 A	0.25055	0.34337	0.40607
1156 G	0.24933	0.34020	0.41047
1157 T	0.24601	0.34633	0.40766
1158 A	0.23214	0.37234	0.39552
1159 A	0.22274	0.38996	0.3873
1160 A	0.21478	0.40501	0.38021
1161 A	0.21103	0.41335	0.37562
1162 G	0.21005	0.42580	0.36414
1163 A	0.21769	0.42479	0.35751
1164 A	0.23005	0.41482	0.35513
1165 A	0.24692	0.39276	0.36031
1166 T	0.27552	0.29617	0.42831
1167 T	0.28295	0.26769	0.44937
1168 T	0.28318	0.24686	0.46995
1169 T	0.27956	0.22860	0.49184
1170 A	0.27199	0.22054	0.50747
1171 C	0.26354	0.20693	0.52953
1172 A	0.24824	0.22056	0.5312
1173 T	0.24281	0.22741	0.52979
1174 C	0.22488	0.25759	0.51753
1175 A	0.20340	0.37554	0.42105
1176 A	0.18958	0.41707	0.39335
1177 A	0.18542	0.43829	0.37629
1178 A	0.18451	0.44819	0.3673
1179 T	0.18956	0.44649	0.36394
1180 A	0.19460	0.44209	0.36332
1181 G	0.20656	0.41704	0.37641
1182 A	0.21318	0.40602	0.3808
1183 G	0.21991	0.39549	0.3846
1184 A	0.22831	0.39066	0.38103
1185 T	0.24438	0.38019	0.37544
1186 A	0.25028	0.38439	0.36533
1187 A	0.25488	0.38317	0.36195
1188 T	0.25925	0.37916	0.36159
1189 T	0.25934	0.37972	0.36093
1190 T	0.25692	0.38263	0.36045
1191 A	0.25033	0.38907	0.36061
1192 G	0.24755	0.38702	0.36543
1193 A	0.24594	0.38244	0.37163
1194 A	0.24683	0.37185	0.38132
1195 G	0.25361	0.34846	0.39792
1196 A	0.26506	0.32970	0.40524
1197 A	0.28571	0.29095	0.42334
1198 T	0.38614	0.16733	0.44654
1199 C	0.41116	0.12710	0.46174
1200 T	0.42879	0.10720	0.464
1201 G	0.43203	0.10747	0.4605
1202 T	0.43485	0.10851	0.45663
1203 T	0.43342	0.11560	0.45098
1204 A	0.41172	0.14948	0.4388
1205 T	0.41053	0.15066	0.43881
1206 A	0.39456	0.17269	0.43275
1207 G	0.39235	0.18423	0.42342
1208 A	0.39697	0.18831	0.41472
1209 T	0.40739	0.17911	0.4135
1210 T	0.40928	0.17815	0.41256
1211 T	0.40900	0.17997	0.41103
1212 T	0.40814	0.17943	0.41242
1213 T	0.40579	0.17987	0.41435
1214 T	0.40116	0.18035	0.4185
1215 T	0.39297	0.18656	0.42048
1216 C	0.36897	0.21023	0.4208
1217 T	0.32956	0.25383	0.41661
1218 A	0.23248	0.35666	0.41085
1219 G	0.18275	0.41163	0.40561
1220 A	0.16822	0.42905	0.40273
1221 A	0.16284	0.43655	0.40061
1222 A	0.16089	0.43929	0.39981
1223 A	0.16363	0.43618	0.40018
1224 T	0.17148	0.42485	0.40367
1225 A	0.17497	0.42025	0.40478
1226 A	0.18171	0.40922	0.40907
1227 T	0.19419	0.37828	0.42752
1228 A	0.19682	0.37254	0.43064
1229 A	0.20325	0.34792	0.44883
1230 T	0.21441	0.32774	0.45785
1231 T	0.22432	0.31481	0.46086
1232 T	0.22754	0.31042	0.46204
1233 T	0.22880	0.30781	0.46339
1234 T	0.22843	0.30536	0.4662
1235 A	0.22459	0.30851	0.46689
1236 T	0.21745	0.31249	0.47006
1237 G	0.20562	0.32975	0.46463
1238 A	0.19070	0.35102	0.45828
1239 A	0.17660	0.35578	0.46762
1240 A	0.16668	0.33896	0.49436
1241 A	0.15842	0.28561	0.55596
1242 T	0.15020	0.26643	0.58337
1243 G	0.12099	0.35333	0.52568
1244 A	0.10513	0.43469	0.46018
1245 A	0.08945	0.52017	0.39037
1246 A	0.07723	0.55929	0.36347
1247 A	0.07016	0.57250	0.35734
1248 A	0.06574	0.57936	0.35489
1249 G	0.06498	0.57943	0.3556
1250 A	0.06534	0.57965	0.355
1251 A	0.06752	0.57666	0.35582
1252 A	0.06870	0.57427	0.35703
1253 C	0.07047	0.57022	0.35931
1254 T	0.07220	0.56806	0.35973
1255 C	0.06948	0.57174	0.35877
1256 A	0.06705	0.58050	0.35245
1257 A	0.06640	0.58552	0.34809
1258 A	0.06818	0.58469	0.34714
1259 G	0.07442	0.57241	0.35317
1260 T	0.08910	0.55085	0.36006
1261 A	0.10090	0.52471	0.37438
1262 A	0.11427	0.49723	0.3885
1263 A	0.12994	0.46815	0.40191
1264 A	0.15743	0.42836	0.4142
1265 A	0.18395	0.38756	0.42848
1266 T	0.27246	0.26994	0.4576
1267 A	0.32514	0.20177	0.47309
1268 T	0.38407	0.12559	0.49034
1269 T	0.39796	0.10100	0.50104
1270 T	0.39558	0.10025	0.50418
1271 T	0.38895	0.10556	0.50549
1272 A	0.36720	0.13083	0.50197
1273 A	0.35706	0.14189	0.50105
1274 A	0.34997	0.14856	0.50147
1275 T	0.34802	0.14890	0.50308
1276 G	0.34523	0.15053	0.50424
1277 A	0.34419	0.15089	0.50492
1278 A	0.34552	0.14599	0.50849
1279 G	0.35185	0.13569	0.51247
1280 T	0.35796	0.12712	0.51491
1281 T	0.36108	0.12253	0.51639
1282 T	0.36245	0.12094	0.51661
1283 T	0.36348	0.11887	0.51766
1284 A	0.36282	0.11875	0.51843
1285 G	0.36265	0.11791	0.51943
1286 T	0.36498	0.11450	0.52052
1287 T	0.36682	0.11246	0.52072
1288 A	0.36674	0.11329	0.51997
1289 T	0.36995	0.10926	0.52079
1290 T	0.37152	0.10610	0.52237
1291 T	0.37125	0.10539	0.52336
1292 A	0.37074	0.10316	0.52609
1293 T	0.37339	0.09383	0.53279
1294 G	0.37394	0.08655	0.53951
1295 T	0.37774	0.06987	0.55239
1296 T	0.37763	0.06673	0.55564
1297 T	0.37390	0.08017	0.54593
1298 T	0.36670	0.09820	0.5351
1299 A	0.35418	0.11993	0.5259
1300 G	0.34454	0.13714	0.51833
1301 A	0.33307	0.15394	0.51298
1302 T	0.31817	0.17288	0.50895
1303 G	0.28971	0.20615	0.50415
1304 A	0.28366	0.21802	0.49832
1305 T	0.27315	0.23191	0.49494
1306 A	0.24622	0.26529	0.48848
1307 A	0.22534	0.29247	0.48218
1308 T	0.21593	0.30961	0.47445
1309 A	0.20555	0.32929	0.46517
1310 A	0.19840	0.34396	0.45764
1311 T	0.19105	0.35641	0.45255
1312 A	0.17343	0.37741	0.44915
1313 A	0.15694	0.39648	0.44658
1314 T	0.14901	0.40326	0.44773
1315 A	0.13716	0.41427	0.44856
1316 A	0.13409	0.41614	0.44976
1317 A	0.13556	0.41140	0.45304
1318 C	0.13921	0.40198	0.4588
1319 G	0.14488	0.39306	0.46206
1320 T	0.16338	0.37043	0.46618
1321 T	0.17479	0.35486	0.47036
1322 A	0.18220	0.34322	0.47459
1323 T	0.19020	0.32974	0.48006
1324 A	0.19376	0.31328	0.49296
1325 T	0.19735	0.28740	0.51525
1326 T	0.19896	0.25523	0.54581
1327 A	0.19936	0.25003	0.55061
1328 A	0.19545	0.24300	0.56156
1329 A	0.19718	0.21758	0.58524
