# lcl|CP097583.1_cds_USQ93199.1_1
# AA	inside	membr	outside
1 A	0.23038	0.00000	0.76963
2 T	0.23016	0.00022	0.76963
3 G	0.23006	0.00031	0.76963
4 T	0.23006	0.00052	0.76942
5 C	0.22887	0.00175	0.76938
6 T	0.22887	0.00178	0.76935
7 T	0.21554	0.01513	0.76934
8 T	0.21554	0.01513	0.76934
9 C	0.20745	0.02327	0.76929
10 A	0.20744	0.02969	0.76287
11 A	0.20682	0.03053	0.76265
12 A	0.20247	0.03497	0.76256
13 A	0.19621	0.04151	0.76228
14 T	0.19621	0.04152	0.76228
15 T	0.19621	0.04360	0.7602
16 T	0.19593	0.04388	0.7602
17 G	0.19475	0.04511	0.76014
18 T	0.19472	0.04524	0.76004
19 T	0.19388	0.04618	0.75995
20 T	0.18769	0.05786	0.75446
21 A	0.17586	0.06971	0.75442
22 A	0.17568	0.07042	0.7539
23 A	0.17561	0.07100	0.75339
24 T	0.17559	0.07118	0.75324
25 T	0.17546	0.07051	0.75404
26 T	0.17512	0.07073	0.75416
27 T	0.17305	0.07186	0.7551
28 A	0.16885	0.07541	0.75575
29 A	0.16654	0.07707	0.75639
30 A	0.16489	0.06857	0.76655
31 G	0.16413	0.06794	0.76794
32 T	0.16368	0.06208	0.77424
33 T	0.16784	0.05813	0.77403
34 A	0.16658	0.05986	0.77356
35 A	0.16613	0.05833	0.77554
36 A	0.16617	0.05397	0.77986
37 T	0.16621	0.05342	0.78037
38 T	0.16774	0.05119	0.78108
39 A	0.16755	0.04984	0.78262
40 T	0.16785	0.04629	0.78587
41 C	0.16783	0.04326	0.78891
42 A	0.16788	0.04244	0.78968
43 T	0.17271	0.03381	0.79348
44 C	0.17288	0.02739	0.79973
45 G	0.17343	0.02687	0.7997
46 T	0.17415	0.02622	0.79962
47 T	0.17444	0.02577	0.79978
48 A	0.17433	0.02578	0.79988
49 T	0.17456	0.02523	0.8002
50 T	0.17455	0.02285	0.8026
51 A	0.17449	0.01900	0.80652
52 A	0.17503	0.01607	0.8089
53 T	0.17593	0.01296	0.81111
54 A	0.17626	0.01147	0.81227
55 T	0.17697	0.00942	0.8136
56 T	0.17778	0.00763	0.81459
57 G	0.17841	0.00607	0.81552
58 T	0.17879	0.00575	0.81547
59 T	0.17868	0.00606	0.81527
60 T	0.17767	0.00825	0.81408
61 T	0.17618	0.00979	0.81404
62 T	0.17268	0.01326	0.81406
63 T	0.15654	0.02964	0.81382
64 A	0.14351	0.04285	0.81364
65 C	0.13784	0.04856	0.8136
66 A	0.13418	0.05281	0.81301
67 A	0.13300	0.05425	0.81275
68 T	0.13199	0.05530	0.81271
69 T	0.13072	0.05676	0.81252
70 A	0.12927	0.05823	0.8125
71 T	0.12889	0.05831	0.8128
72 A	0.12822	0.05882	0.81296
73 T	0.12804	0.05867	0.81329
74 C	0.12762	0.05878	0.8136
75 C	0.12736	0.05897	0.81368
76 T	0.12722	0.05910	0.81369
77 T	0.12711	0.05919	0.81369
78 A	0.12685	0.05946	0.81369
79 G	0.12685	0.05945	0.8137
80 A	0.12706	0.05909	0.81385
81 T	0.12765	0.05744	0.81491
82 A	0.12802	0.05584	0.81614
83 T	0.12933	0.05200	0.81868
84 T	0.12949	0.04922	0.82129
85 A	0.12949	0.04546	0.82505
86 T	0.12975	0.02891	0.84134
87 T	0.12995	0.01746	0.85259
88 G	0.13001	0.01246	0.85753
89 T	0.13048	0.00961	0.85992
90 T	0.13067	0.00875	0.86058
91 A	0.13064	0.00841	0.86095
92 T	0.13068	0.00775	0.86157
93 T	0.12995	0.00872	0.86133
94 A	0.12917	0.01181	0.85901
95 T	0.12899	0.01188	0.85912
96 T	0.12846	0.01303	0.85852
97 T	0.12808	0.01412	0.8578
98 T	0.12738	0.01687	0.85576
99 C	0.12612	0.02100	0.85287
100 A	0.12521	0.04091	0.83388
101 T	0.12449	0.05460	0.82092
102 A	0.12079	0.06575	0.81346
103 A	0.11859	0.07064	0.81077
104 A	0.11625	0.07428	0.80947
105 A	0.11143	0.07922	0.80935
106 G	0.10934	0.08123	0.80944
107 A	0.10761	0.08284	0.80956
108 T	0.10673	0.08351	0.80977
109 C	0.10541	0.08472	0.80987
110 C	0.10413	0.08599	0.80989
111 A	0.10302	0.08718	0.80979
112 A	0.10254	0.08770	0.80976
113 A	0.10237	0.08786	0.80978
114 A	0.10258	0.08761	0.80982
115 G	0.10303	0.08697	0.81
116 G	0.10428	0.08461	0.81111
117 C	0.10671	0.08103	0.81226
118 A	0.10723	0.08019	0.81258
119 C	0.10868	0.07797	0.81335
120 A	0.11084	0.07554	0.81361
121 C	0.11477	0.07109	0.81415
122 C	0.11925	0.06629	0.81446
123 A	0.13715	0.04803	0.81482
124 T	0.14945	0.03532	0.81524
125 T	0.15530	0.02653	0.81817
126 T	0.15663	0.02379	0.81959
127 G	0.15674	0.02138	0.82188
128 T	0.15662	0.01594	0.82744
129 A	0.15535	0.01495	0.8297
130 T	0.15467	0.01372	0.83161
131 T	0.15351	0.01405	0.83244
132 T	0.15159	0.01531	0.8331
133 G	0.14796	0.01896	0.83308
134 T	0.14578	0.02123	0.833
135 A	0.14032	0.02681	0.83287
136 A	0.13784	0.02922	0.83295
137 A	0.13726	0.02963	0.83311
138 T	0.13700	0.02960	0.8334
139 A	0.13656	0.02989	0.83355
140 A	0.13630	0.02993	0.83376
141 T	0.13616	0.02982	0.83402
142 A	0.13581	0.03031	0.83387
143 A	0.13553	0.03065	0.83382
144 T	0.13545	0.03090	0.83365
145 A	0.13540	0.03132	0.83328
146 T	0.13543	0.03118	0.83338
147 T	0.13538	0.03130	0.83333
148 T	0.13523	0.03142	0.83334
149 T	0.13505	0.03142	0.83353
150 A	0.13477	0.03142	0.83381
151 A	0.13473	0.03097	0.8343
152 A	0.13526	0.02895	0.8358
153 T	0.13643	0.02583	0.83774
154 T	0.13734	0.02287	0.8398
155 G	0.13806	0.01946	0.84249
156 T	0.13922	0.01521	0.84557
157 T	0.13979	0.01277	0.84743
158 T	0.13994	0.00903	0.85104
159 T	0.13992	0.00750	0.85258
160 T	0.13980	0.00736	0.85284
161 T	0.13939	0.00774	0.85287
162 A	0.13856	0.00847	0.85297
163 G	0.13808	0.00879	0.85313
164 A	0.13796	0.00884	0.85319
165 A	0.13816	0.00840	0.85344
166 G	0.13842	0.00786	0.85372
167 G	0.13891	0.00731	0.85379
168 T	0.13965	0.00649	0.85385
169 A	0.13986	0.00623	0.85391
170 T	0.14014	0.00577	0.85409
171 T	0.14028	0.00541	0.8543
172 T	0.14035	0.00513	0.85452
173 T	0.14039	0.00484	0.85477
174 T	0.14040	0.00466	0.85495
175 T	0.14038	0.00461	0.85501
176 A	0.14036	0.00460	0.85504
177 T	0.14037	0.00452	0.85511
178 G	0.14036	0.00445	0.85519
179 G	0.14043	0.00431	0.85526
180 T	0.14058	0.00406	0.85536
181 A	0.14072	0.00384	0.85544
182 T	0.14098	0.00331	0.85572
183 T	0.14121	0.00283	0.85596
184 T	0.14139	0.00226	0.85635
185 T	0.14149	0.00156	0.85696
186 T	0.14150	0.00121	0.85729
187 G	0.14142	0.00120	0.85738
188 T	0.14145	0.00113	0.85742
189 G	0.14142	0.00118	0.85739
190 T	0.14150	0.00121	0.85729
191 T	0.14151	0.00149	0.857
192 T	0.14147	0.00179	0.85674
193 T	0.14139	0.00257	0.85604
194 T	0.14130	0.00317	0.85554
195 T	0.14074	0.00386	0.8554
196 A	0.13987	0.00484	0.85529
197 T	0.13942	0.00532	0.85527
198 T	0.13812	0.00663	0.85525
199 C	0.13622	0.00854	0.85524
200 G	0.13490	0.00990	0.85519
201 G	0.13438	0.01045	0.85517
202 A	0.13423	0.01062	0.85514
203 G	0.13421	0.01065	0.85514
204 T	0.13425	0.01063	0.85513
205 A	0.13426	0.01063	0.85511
206 T	0.13431	0.01058	0.85511
207 T	0.13429	0.01061	0.8551
208 T	0.13423	0.01064	0.85513
209 A	0.13414	0.01069	0.85517
210 T	0.13411	0.01060	0.85528
211 G	0.13404	0.01062	0.85534
212 C	0.13406	0.01053	0.85542
213 A	0.13416	0.01045	0.8554
214 T	0.13451	0.01008	0.85541
215 A	0.13465	0.00992	0.85543
216 T	0.13525	0.00923	0.85552
217 A	0.13540	0.00909	0.85551
218 T	0.13548	0.00795	0.85657
219 T	0.13551	0.00670	0.85779
220 T	0.13550	0.00600	0.8585
221 T	0.13546	0.00509	0.85944
222 T	0.13535	0.00430	0.86035
223 T	0.13513	0.00507	0.8598
224 T	0.13414	0.00796	0.85791
225 T	0.12862	0.01578	0.8556
226 A	0.12511	0.02085	0.85403
227 A	0.12048	0.02668	0.85285
228 A	0.11299	0.03495	0.85206
229 A	0.10961	0.03833	0.85206
230 T	0.10736	0.04052	0.85212
231 T	0.10499	0.04280	0.8522
232 A	0.10215	0.04564	0.85221
233 C	0.10024	0.04751	0.85225
234 T	0.09894	0.04890	0.85216
235 A	0.09619	0.05181	0.85199
236 A	0.09485	0.05336	0.85178
237 A	0.09423	0.05395	0.85182
238 G	0.09363	0.05444	0.85193
239 G	0.09329	0.05460	0.8521
240 T	0.09335	0.05426	0.85239
241 C	0.09328	0.05414	0.85258
242 C	0.09335	0.05390	0.85275
243 A	0.09350	0.05363	0.85287
244 C	0.09400	0.05300	0.853
245 G	0.09469	0.05222	0.85309
246 G	0.09641	0.05040	0.85319
247 T	0.09893	0.04691	0.85416
248 T	0.10119	0.03871	0.8601
249 T	0.10184	0.03600	0.86215
250 A	0.10154	0.03208	0.86637
251 T	0.10143	0.02459	0.87397
252 A	0.09971	0.02354	0.87675
253 T	0.09795	0.02347	0.87858
254 A	0.09290	0.03123	0.87588
255 T	0.09071	0.03622	0.87306
256 A	0.08312	0.05052	0.86636
257 A	0.07582	0.06852	0.85566
258 A	0.07290	0.07045	0.85666
259 T	0.07175	0.07043	0.85782
260 A	0.07050	0.07118	0.85832
261 T	0.06991	0.07104	0.85905
262 C	0.06906	0.07160	0.85934
263 C	0.06820	0.07308	0.85871
264 T	0.06765	0.07589	0.85646
265 A	0.06610	0.08268	0.85122
266 T	0.06515	0.08543	0.84942
267 A	0.06347	0.08885	0.84768
268 A	0.06210	0.09156	0.84634
269 A	0.06148	0.09276	0.84576
270 A	0.06133	0.09310	0.84556
271 G	0.06134	0.09311	0.84556
272 A	0.06158	0.09345	0.84497
273 A	0.06213	0.09232	0.84554
274 A	0.06287	0.09086	0.84627
275 A	0.06439	0.08747	0.84814
276 A	0.06657	0.08288	0.85055
277 G	0.07154	0.07256	0.85591
278 A	0.07619	0.06542	0.85839
279 A	0.08395	0.05106	0.86499
280 T	0.09516	0.03306	0.87177
281 T	0.09628	0.02997	0.87376
282 T	0.09652	0.02952	0.87396
283 G	0.09658	0.03023	0.87319
284 A	0.09670	0.03108	0.87222
285 A	0.09699	0.03080	0.87221
286 T	0.09816	0.02923	0.87261
287 A	0.10046	0.02656	0.87298
288 T	0.10593	0.01961	0.87447
289 T	0.10756	0.01698	0.87547
290 A	0.10825	0.01504	0.8767
291 T	0.10890	0.01327	0.87782
292 C	0.10907	0.01268	0.87826
293 C	0.10925	0.01265	0.8781
294 A	0.10949	0.01387	0.87663
295 T	0.11046	0.01311	0.87643
296 T	0.11069	0.01302	0.87629
297 T	0.11077	0.01296	0.87627
298 T	0.11067	0.01308	0.87624
299 C	0.11040	0.01336	0.87625
300 A	0.11035	0.01345	0.87619
301 C	0.11052	0.01329	0.8762
302 A	0.11086	0.01295	0.87619
303 A	0.11150	0.01232	0.87618
304 T	0.11310	0.01071	0.87619
305 C	0.11449	0.00927	0.87624
306 T	0.11606	0.00765	0.87629
307 A	0.11678	0.00683	0.87639
308 T	0.11738	0.00612	0.8765
309 T	0.11769	0.00574	0.87657
310 G	0.11790	0.00548	0.87661
311 T	0.11800	0.00503	0.87698
312 G	0.11804	0.00485	0.87712
313 A	0.11811	0.00456	0.87733
314 T	0.11829	0.00430	0.87742
315 G	0.11836	0.00425	0.87738
316 G	0.11858	0.00402	0.8774
317 A	0.11989	0.00295	0.87715
318 T	0.12020	0.00281	0.877
319 T	0.12036	0.00260	0.87704
320 C	0.12039	0.00244	0.87717
321 T	0.12039	0.00245	0.87716
322 T	0.12039	0.00245	0.87716
323 C	0.12036	0.00275	0.87688
324 C	0.12030	0.00342	0.87628
325 A	0.12029	0.00543	0.87427
326 T	0.12028	0.00579	0.87393
327 T	0.12014	0.00625	0.87361
328 T	0.12003	0.00645	0.87352
329 A	0.11989	0.00661	0.8735
330 C	0.11980	0.00666	0.87354
331 G	0.11970	0.00680	0.8735
332 C	0.11965	0.00689	0.87347
333 C	0.11953	0.00705	0.87342
334 A	0.11934	0.00753	0.87313
335 G	0.11881	0.00822	0.87298
336 A	0.11876	0.00847	0.87277
337 C	0.11884	0.00841	0.87274
338 A	0.11900	0.00829	0.87271
339 A	0.11913	0.00817	0.87271
340 A	0.11940	0.00789	0.87271
341 C	0.11965	0.00763	0.87272
342 A	0.11975	0.00754	0.8727
343 A	0.11988	0.00738	0.87274
344 C	0.12014	0.00707	0.87279
345 G	0.12059	0.00665	0.87277
346 T	0.12105	0.00617	0.87277
347 C	0.12156	0.00559	0.87285
348 A	0.12299	0.00415	0.87286
349 T	0.12331	0.00380	0.87289
350 C	0.12353	0.00340	0.87307
351 T	0.12343	0.00346	0.87312
352 C	0.12325	0.00362	0.87314
353 A	0.12314	0.00382	0.87305
354 T	0.12313	0.00377	0.8731
355 A	0.12310	0.00383	0.87307
356 A	0.12312	0.00367	0.87321
357 T	0.12338	0.00319	0.87344
358 C	0.12342	0.00244	0.87415
359 T	0.12345	0.00229	0.87427
360 T	0.12319	0.00250	0.87431
361 T	0.12267	0.00303	0.8743
362 A	0.12143	0.00436	0.87421
363 C	0.12069	0.00519	0.87412
364 A	0.12038	0.00553	0.87409
365 A	0.12026	0.00566	0.87408
366 A	0.12015	0.00580	0.87404
367 A	0.12013	0.00584	0.87404
368 C	0.12015	0.00580	0.87405
369 T	0.12011	0.00584	0.87405
370 A	0.12005	0.00586	0.87408
371 T	0.12002	0.00585	0.87413
372 A	0.11995	0.00589	0.87416
373 T	0.11995	0.00582	0.87423
374 C	0.11992	0.00557	0.87451
375 T	0.11996	0.00535	0.87468
376 G	0.11999	0.00521	0.87481
377 G	0.11998	0.00518	0.87484
378 T	0.12004	0.00511	0.87485
379 T	0.12005	0.00508	0.87486
380 T	0.12004	0.00500	0.87496
381 A	0.11999	0.00495	0.87507
382 T	0.11999	0.00467	0.87534
383 T	0.11998	0.00431	0.8757
384 A	0.11997	0.00376	0.87627
385 G	0.12004	0.00255	0.87741
386 C	0.12014	0.00184	0.87802
387 T	0.12019	0.00174	0.87807
388 A	0.12021	0.00176	0.87802
389 T	0.12027	0.00177	0.87796
390 T	0.12026	0.00206	0.87768
391 A	0.12021	0.00231	0.87748
392 T	0.12021	0.00231	0.87748
393 A	0.12016	0.00246	0.87737
394 T	0.12016	0.00249	0.87735
395 T	0.12016	0.00252	0.87732
396 G	0.12010	0.00274	0.87716
397 T	0.12008	0.00332	0.8766
398 T	0.12003	0.00435	0.87563
399 A	0.11962	0.00587	0.87451
400 A	0.11952	0.00650	0.87397
401 T	0.11952	0.00666	0.87382
402 T	0.11950	0.00685	0.87365
403 G	0.11945	0.00691	0.87363
404 T	0.11945	0.00696	0.8736
405 G	0.11938	0.00711	0.87352
406 T	0.11935	0.00735	0.8733
407 C	0.11898	0.00791	0.87311
408 A	0.11856	0.00931	0.87213
409 A	0.11846	0.00982	0.87172
410 T	0.11854	0.00995	0.87151
411 A	0.11855	0.01022	0.87123
412 A	0.11869	0.01013	0.87118
413 T	0.11905	0.00975	0.87119
414 T	0.11924	0.00954	0.87123
415 A	0.11926	0.00952	0.87122
416 C	0.11923	0.00951	0.87126
417 T	0.11933	0.00951	0.87116
418 A	0.11933	0.00960	0.87107
419 A	0.11956	0.00943	0.87102
420 A	0.12026	0.00871	0.87103
421 T	0.12133	0.00758	0.87108
422 T	0.12230	0.00621	0.87149
423 T	0.12263	0.00582	0.87155
424 C	0.12190	0.00671	0.8714
425 A	0.12156	0.00747	0.87096
426 A	0.12134	0.00790	0.87076
427 T	0.12139	0.00795	0.87066
428 A	0.12142	0.00795	0.87062
429 T	0.12170	0.00763	0.87067
430 A	0.12184	0.00712	0.87104
431 T	0.12273	0.00576	0.87151
432 T	0.12293	0.00544	0.87163
433 C	0.12295	0.00537	0.87167
434 A	0.12306	0.00529	0.87165
435 G	0.12310	0.00530	0.8716
436 T	0.12317	0.00529	0.87154
437 T	0.12320	0.00524	0.87156
438 A	0.12323	0.00521	0.87156
439 T	0.12330	0.00496	0.87174
440 T	0.12337	0.00488	0.87175
441 C	0.12341	0.00480	0.87179
442 A	0.12344	0.00491	0.87165
443 A	0.12346	0.00494	0.8716
444 A	0.12347	0.00501	0.87152
445 A	0.12353	0.00493	0.87155
446 G	0.12370	0.00465	0.87166
447 T	0.12410	0.00339	0.87251
448 T	0.12448	0.00258	0.87294
449 T	0.12464	0.00220	0.87316
450 T	0.12467	0.00213	0.87319
451 A	0.12467	0.00218	0.87315
452 T	0.12467	0.00218	0.87315
453 G	0.12460	0.00228	0.87312
454 G	0.12458	0.00233	0.87309
455 T	0.12461	0.00225	0.87314
456 T	0.12461	0.00219	0.8732
457 G	0.12455	0.00222	0.87324
458 T	0.12457	0.00218	0.87326
459 C	0.12454	0.00219	0.87327
460 G	0.12452	0.00221	0.87327
461 C	0.12454	0.00220	0.87325
462 A	0.12460	0.00220	0.8732
463 T	0.12474	0.00210	0.87316
464 T	0.12483	0.00210	0.87307
465 T	0.12493	0.00219	0.87288
466 A	0.12492	0.00224	0.87283
467 T	0.12500	0.00215	0.87286
468 A	0.12496	0.00219	0.87284
469 T	0.12499	0.00216	0.87286
470 C	0.12499	0.00215	0.87286
471 T	0.12505	0.00211	0.87284
472 T	0.12506	0.00212	0.87282
473 A	0.12504	0.00216	0.8728
474 T	0.12517	0.00203	0.8728
475 A	0.12519	0.00201	0.8728
476 T	0.12531	0.00181	0.87288
477 T	0.12538	0.00171	0.87292
478 T	0.12539	0.00169	0.87293
479 A	0.12538	0.00168	0.87293
480 T	0.12539	0.00162	0.87298
481 T	0.12537	0.00162	0.87302
482 T	0.12532	0.00163	0.87305
483 T	0.12502	0.00192	0.87305
484 A	0.12461	0.00234	0.87305
485 C	0.12440	0.00256	0.87305
486 A	0.12419	0.00279	0.87303
487 A	0.12419	0.00281	0.873
488 T	0.12439	0.00262	0.87299
489 T	0.12443	0.00264	0.87293
490 G	0.12442	0.00271	0.87288
491 T	0.12444	0.00265	0.87291
492 T	0.12443	0.00268	0.87289
493 T	0.12442	0.00270	0.87287
494 T	0.12436	0.00278	0.87286
495 G	0.12421	0.00293	0.87285
496 T	0.12409	0.00302	0.87289
497 T	0.12381	0.00329	0.8729
498 T	0.12326	0.00386	0.87288
499 G	0.12235	0.00481	0.87284
500 C	0.12204	0.00515	0.87281
501 A	0.12167	0.00572	0.87262
502 A	0.12148	0.00616	0.87236
503 A	0.12131	0.00656	0.87212
504 T	0.12129	0.00667	0.87205
505 T	0.12119	0.00685	0.87196
506 T	0.12086	0.00692	0.87222
507 A	0.12043	0.00699	0.87258
508 T	0.12029	0.00686	0.87285
509 G	0.12014	0.00680	0.87306
510 G	0.11997	0.00689	0.87313
511 C	0.11988	0.00695	0.87317
512 T	0.11986	0.00701	0.87312
513 T	0.11972	0.00719	0.87309
514 A	0.11943	0.00755	0.87302
515 T	0.11937	0.00768	0.87295
516 T	0.11921	0.00787	0.87291
517 T	0.11905	0.00791	0.87304
518 A	0.11872	0.00810	0.87318
519 T	0.11857	0.00796	0.87347
520 G	0.11802	0.00823	0.87376
521 T	0.11754	0.00840	0.87406
522 T	0.11685	0.00873	0.87442
523 A	0.11604	0.00956	0.8744
524 A	0.11599	0.00950	0.87452
525 A	0.11616	0.00919	0.87465
526 T	0.11642	0.00868	0.8749
527 T	0.11654	0.00842	0.87504
528 T	0.11661	0.00823	0.87516
529 T	0.11651	0.00813	0.87537
530 T	0.11617	0.00828	0.87555
531 T	0.11289	0.01153	0.87559
532 A	0.10980	0.01460	0.87559
533 A	0.10809	0.01623	0.87568
534 A	0.10727	0.01692	0.8758
535 T	0.10672	0.01727	0.876
536 G	0.10431	0.01951	0.87618
537 G	0.10327	0.02054	0.87619
538 T	0.10254	0.02169	0.87577
539 T	0.10015	0.02515	0.8747
540 A	0.09717	0.02963	0.87319
541 G	0.09500	0.03289	0.87211
542 G	0.09429	0.03354	0.87217
543 G	0.09419	0.03314	0.87267
544 T	0.09437	0.03239	0.87324
545 T	0.09458	0.03158	0.87384
546 C	0.09471	0.03084	0.87445
547 T	0.09480	0.03069	0.87451
548 C	0.09478	0.03066	0.87455
549 T	0.09480	0.03075	0.87445
550 T	0.09476	0.03104	0.87419
551 G	0.09467	0.03153	0.8738
552 G	0.09459	0.03202	0.87338
553 T	0.09465	0.03263	0.87271
554 T	0.09447	0.03089	0.87464
555 T	0.09390	0.03203	0.87407
556 G	0.09289	0.03478	0.87233
557 A	0.09188	0.04239	0.86574
558 A	0.09046	0.05375	0.85579
559 A	0.09007	0.06183	0.8481
560 A	0.09024	0.06509	0.84468
561 A	0.09083	0.06878	0.84039
562 G	0.09205	0.06983	0.83812
563 A	0.09361	0.07240	0.83398
564 T	0.09471	0.07876	0.82653
565 T	0.09413	0.11527	0.7906
566 T	0.09330	0.15359	0.75311
567 T	0.08899	0.21618	0.69483
568 A	0.07689	0.32408	0.59902
569 A	0.06964	0.36751	0.56284
570 T	0.06486	0.38962	0.54552
571 A	0.05501	0.40508	0.53991
572 A	0.05118	0.41382	0.53501
573 A	0.04863	0.41839	0.53298
574 A	0.04783	0.42022	0.53195
575 C	0.04808	0.42034	0.53158
576 A	0.04909	0.42134	0.52957
577 A	0.05170	0.41871	0.52959
578 T	0.05510	0.41492	0.52998
579 A	0.05719	0.41235	0.53046
580 G	0.06209	0.40680	0.53111
581 C	0.07193	0.39575	0.53232
582 T	0.08031	0.38793	0.53176
583 A	0.08085	0.38872	0.53043
584 A	0.08417	0.38621	0.52962
585 A	0.08781	0.38358	0.52861
586 A	0.09348	0.37878	0.52774
587 A	0.10555	0.36652	0.52793
588 T	0.15776	0.31264	0.5296
589 A	0.20045	0.26930	0.53025
590 A	0.26344	0.20104	0.53552
591 T	0.35344	0.09825	0.54831
592 T	0.37923	0.06538	0.55538
593 A	0.38492	0.05522	0.55985
594 C	0.38803	0.04339	0.56858
595 T	0.39253	0.03651	0.57096
596 T	0.39345	0.03416	0.57239
597 T	0.39183	0.03527	0.5729
598 C	0.38846	0.03855	0.57299
599 T	0.38291	0.04546	0.57163
600 T	0.36074	0.07125	0.56801
601 A	0.30627	0.13189	0.56184
602 T	0.26871	0.17521	0.55608
603 A	0.23013	0.22306	0.54682
604 A	0.21439	0.24677	0.53884
605 G	0.20561	0.26383	0.53056
606 T	0.19975	0.26957	0.53068
607 A	0.18268	0.28899	0.52832
608 A	0.14515	0.32742	0.52742
609 A	0.11707	0.35542	0.52751
610 C	0.08466	0.38752	0.52782
611 A	0.05884	0.41562	0.52554
612 G	0.05738	0.41793	0.52469
613 T	0.05707	0.42066	0.52226
614 A	0.05605	0.42461	0.51935
615 T	0.05601	0.42637	0.51762
616 T	0.05545	0.42703	0.51752
617 A	0.05323	0.43094	0.51583
618 T	0.05132	0.43497	0.51371
619 G	0.04589	0.44449	0.50961
620 A	0.04029	0.45790	0.50181
621 A	0.03660	0.45848	0.50492
622 A	0.03471	0.45221	0.51309
623 A	0.03434	0.42701	0.53866
624 A	0.03912	0.37084	0.59004
625 C	0.04451	0.32867	0.62681
626 A	0.05142	0.31037	0.6382
627 A	0.05945	0.30919	0.63136
628 A	0.06743	0.31447	0.6181
629 A	0.07017	0.32921	0.60063
630 T	0.07318	0.31755	0.60928
631 A	0.07307	0.28787	0.63905
632 A	0.07165	0.26682	0.66154
633 A	0.06389	0.25880	0.67731
634 C	0.05850	0.24835	0.69315
635 A	0.05111	0.30729	0.6416
636 A	0.04290	0.37354	0.58355
637 G	0.03582	0.44008	0.5241
638 A	0.03065	0.49359	0.47576
639 A	0.02827	0.51663	0.4551
640 A	0.02788	0.52822	0.4439
641 A	0.02962	0.52955	0.44083
642 A	0.03258	0.52186	0.44555
643 A	0.03847	0.51077	0.45077
644 A	0.03826	0.50743	0.4543
645 A	0.03804	0.50557	0.45639
646 C	0.03865	0.50123	0.46013
647 A	0.03805	0.50169	0.46026
648 A	0.03881	0.50031	0.46088
649 G	0.04631	0.49261	0.46108
650 C	0.05992	0.48012	0.45996
651 A	0.07556	0.46824	0.4562
652 A	0.09692	0.45079	0.4523
653 A	0.10410	0.44552	0.45038
654 A	0.11698	0.43312	0.4499
655 A	0.13448	0.41433	0.4512
656 T	0.16914	0.36917	0.4617
657 A	0.18607	0.34489	0.46903
658 A	0.23665	0.28555	0.4778
659 A	0.29798	0.21389	0.48814
660 T	0.36706	0.13419	0.49875
661 T	0.40953	0.08485	0.50562
662 T	0.42284	0.06700	0.51016
663 T	0.42592	0.06122	0.51286
664 A	0.42597	0.06076	0.51327
665 T	0.42590	0.06150	0.5126
666 A	0.42537	0.06197	0.51266
667 A	0.42556	0.06095	0.5135
668 T	0.42693	0.05792	0.51515
669 A	0.42631	0.05726	0.51643
670 T	0.42676	0.05406	0.51918
671 G	0.42586	0.05314	0.521
672 G	0.42648	0.05031	0.5232
673 T	0.42882	0.04711	0.52407
674 A	0.43196	0.04324	0.5248
675 T	0.43657	0.03767	0.52576
676 C	0.43914	0.03441	0.52646
677 T	0.44130	0.03221	0.52649
678 A	0.44171	0.03200	0.52629
679 T	0.44275	0.03123	0.52602
680 T	0.44313	0.03163	0.52524
681 T	0.44314	0.03441	0.52244
682 T	0.44284	0.03475	0.52241
683 A	0.44180	0.03593	0.52227
684 T	0.44213	0.03485	0.52302
685 T	0.44197	0.03400	0.52403
686 C	0.44119	0.03315	0.52566
687 G	0.44122	0.03356	0.52522
688 T	0.44403	0.03123	0.52474
689 A	0.44411	0.03312	0.52276
690 T	0.44533	0.03265	0.52202
691 T	0.44562	0.03282	0.52156
692 T	0.44500	0.03291	0.5221
693 A	0.44307	0.03519	0.52174
694 T	0.44190	0.03574	0.52235
695 T	0.43932	0.04020	0.52047
696 A	0.43524	0.04657	0.5182
697 T	0.43372	0.05102	0.51526
698 T	0.42989	0.05745	0.51265
699 G	0.42388	0.06537	0.51075
700 A	0.42046	0.07186	0.50768
701 A	0.42034	0.07229	0.50737
702 A	0.42064	0.07193	0.50743
703 A	0.42161	0.07045	0.50795
704 T	0.42464	0.06658	0.50878
705 G	0.42522	0.06494	0.50984
706 T	0.42605	0.06269	0.51126
707 T	0.42648	0.06170	0.51183
708 A	0.42666	0.06077	0.51257
709 A	0.42701	0.05904	0.51394
710 T	0.42824	0.05637	0.51539
711 A	0.42898	0.05491	0.51611
712 T	0.43159	0.05048	0.51793
713 T	0.43300	0.04817	0.51883
714 T	0.43373	0.04662	0.51965
715 A	0.43414	0.04498	0.52088
716 A	0.43524	0.04128	0.52348
717 G	0.43655	0.03670	0.52674
718 T	0.44009	0.02882	0.53109
719 C	0.44304	0.02042	0.53653
720 T	0.44742	0.01446	0.53812
721 T	0.44990	0.00952	0.54058
722 A	0.45126	0.00502	0.54372
723 A	0.45341	0.00000	0.54659
