# lcl|CP097583.1_cds_USQ93353.1_1
# AA	inside	membr	outside
1 A	0.37614	0.00000	0.62386
2 T	0.37501	0.00113	0.62386
3 G	0.37404	0.00210	0.62386
4 A	0.37404	0.13163	0.49433
5 A	0.32674	0.34567	0.3276
6 T	0.32673	0.35985	0.31342
7 A	0.12951	0.56186	0.30863
8 A	0.12951	0.56194	0.30855
9 T	0.11321	0.57917	0.30763
10 A	0.11314	0.63010	0.25676
11 A	0.10789	0.63673	0.25538
12 A	0.05887	0.68606	0.25507
13 A	0.01476	0.73081	0.25443
14 A	0.01476	0.73082	0.25443
15 A	0.01476	0.73179	0.25346
16 A	0.01411	0.73243	0.25346
17 A	0.01341	0.73313	0.25346
18 A	0.01339	0.73315	0.25346
19 G	0.01320	0.73334	0.25346
20 A	0.01267	0.73381	0.25352
21 G	0.01219	0.73417	0.25364
22 C	0.01281	0.73331	0.25388
23 A	0.01408	0.73191	0.25401
24 A	0.01905	0.72679	0.25416
25 A	0.02626	0.71754	0.2562
26 A	0.03423	0.70779	0.25798
27 A	0.15422	0.58213	0.26365
28 T	0.31924	0.36036	0.32041
29 T	0.33756	0.32629	0.33614
30 T	0.34997	0.14927	0.50076
31 A	0.35152	0.14020	0.50828
32 T	0.35483	0.11447	0.5307
33 T	0.37817	0.08254	0.53929
34 T	0.37797	0.07554	0.54649
35 T	0.37798	0.04114	0.58087
36 T	0.37753	0.01266	0.60981
37 A	0.37699	0.01221	0.6108
38 T	0.37688	0.01130	0.61182
39 T	0.37198	0.01511	0.61291
40 A	0.36548	0.02078	0.61374
41 C	0.36483	0.02092	0.61425
42 T	0.36438	0.02143	0.61419
43 G	0.36119	0.02444	0.61437
44 G	0.35673	0.03125	0.61202
45 A	0.35217	0.03691	0.61092
46 G	0.34634	0.04394	0.60973
47 G	0.33320	0.05891	0.60788
48 A	0.32522	0.06813	0.60665
49 G	0.32461	0.07368	0.6017
50 T	0.32448	0.07507	0.60045
51 A	0.32432	0.07646	0.59922
52 G	0.32437	0.07622	0.59941
53 T	0.32474	0.07554	0.59972
54 T	0.32499	0.07465	0.60035
55 T	0.32482	0.07429	0.60089
56 C	0.32448	0.07328	0.60224
57 T	0.32428	0.07267	0.60305
58 G	0.32368	0.07259	0.60372
59 G	0.32351	0.07181	0.60468
60 C	0.32341	0.07106	0.60553
61 T	0.32337	0.07116	0.60546
62 T	0.32338	0.06752	0.60911
63 G	0.32314	0.06385	0.61302
64 G	0.32311	0.06396	0.61293
65 G	0.32327	0.06403	0.61271
66 A	0.32341	0.06198	0.61461
67 A	0.32549	0.05632	0.61819
68 A	0.32676	0.05107	0.62218
69 A	0.32815	0.04432	0.62753
70 G	0.33010	0.03031	0.63959
71 G	0.33152	0.02229	0.64618
72 T	0.33603	0.01830	0.64567
73 A	0.33695	0.01992	0.64314
74 T	0.33803	0.02049	0.64148
75 T	0.33794	0.02273	0.63934
76 A	0.33741	0.02479	0.6378
77 T	0.33669	0.02539	0.63792
78 T	0.33491	0.02687	0.63822
79 G	0.33259	0.02872	0.6387
80 G	0.33050	0.03040	0.6391
81 C	0.32791	0.03239	0.63971
82 G	0.32396	0.03617	0.63988
83 C	0.32182	0.03812	0.64007
84 C	0.31888	0.04105	0.64007
85 G	0.31678	0.04325	0.63997
86 C	0.31536	0.04476	0.63988
87 T	0.31523	0.04524	0.63953
88 G	0.31406	0.04707	0.63888
89 T	0.31477	0.04678	0.63845
90 A	0.31439	0.04709	0.63853
91 G	0.31417	0.04725	0.63858
92 G	0.31215	0.04910	0.63876
93 T	0.31053	0.05061	0.63885
94 C	0.30835	0.05289	0.63875
95 A	0.30620	0.05662	0.63718
96 A	0.30611	0.05778	0.63612
97 A	0.30582	0.05931	0.63487
98 T	0.30569	0.06099	0.63332
99 T	0.30221	0.06718	0.6306
100 T	0.29518	0.07525	0.62957
101 T	0.28138	0.08931	0.62931
102 A	0.25008	0.12068	0.62924
103 A	0.22353	0.14626	0.63021
104 A	0.21025	0.15740	0.63235
105 A	0.20177	0.16214	0.63609
106 A	0.19677	0.16474	0.6385
107 A	0.19462	0.16350	0.64188
108 A	0.19269	0.16231	0.645
109 C	0.19126	0.16073	0.64801
110 G	0.19021	0.16087	0.64892
111 T	0.19023	0.15988	0.64989
112 G	0.18945	0.16063	0.64992
113 G	0.18856	0.16186	0.64958
114 A	0.18773	0.16431	0.64796
115 T	0.18787	0.16174	0.65038
116 T	0.18692	0.16048	0.6526
117 A	0.18468	0.16170	0.65362
118 A	0.18457	0.15997	0.65546
119 A	0.18516	0.15643	0.65841
120 A	0.18649	0.14997	0.66354
121 G	0.18935	0.13562	0.67503
122 T	0.19413	0.11856	0.68731
123 T	0.19666	0.10417	0.69916
124 T	0.19788	0.09111	0.71101
125 T	0.19815	0.07080	0.73105
126 T	0.19464	0.05909	0.74627
127 A	0.18860	0.05851	0.75289
128 T	0.18655	0.05677	0.75669
129 G	0.18160	0.06438	0.75402
130 A	0.17728	0.08138	0.74134
131 A	0.17445	0.08725	0.73829
132 A	0.17068	0.09382	0.73549
133 A	0.16466	0.10090	0.73444
134 A	0.16298	0.10340	0.73362
135 A	0.16290	0.10346	0.73364
136 A	0.16372	0.10261	0.73367
137 T	0.16607	0.09887	0.73506
138 T	0.16683	0.09709	0.73608
139 G	0.16724	0.09542	0.73734
140 A	0.16829	0.09260	0.73911
141 T	0.16951	0.09035	0.74013
142 C	0.16987	0.08954	0.74059
143 C	0.17039	0.08898	0.74063
144 T	0.17122	0.08833	0.74045
145 T	0.17171	0.08816	0.74012
146 A	0.17203	0.08786	0.74012
147 T	0.17340	0.08643	0.74017
148 A	0.17406	0.08526	0.74068
149 T	0.17643	0.07679	0.74678
150 C	0.17844	0.06746	0.7541
151 A	0.18167	0.06264	0.7557
152 A	0.18799	0.05337	0.75865
153 T	0.20290	0.03565	0.76146
154 A	0.20662	0.03010	0.76328
155 T	0.21073	0.02282	0.76646
156 T	0.21253	0.01429	0.77318
157 G	0.21362	0.01093	0.77545
158 A	0.21464	0.00910	0.77626
159 T	0.21617	0.00673	0.7771
160 T	0.21640	0.00604	0.77756
161 C	0.21603	0.00594	0.77803
162 T	0.21590	0.00607	0.77803
163 G	0.21544	0.00651	0.77805
164 G	0.21509	0.00695	0.77796
165 T	0.21493	0.00730	0.77777
166 A	0.21473	0.00793	0.77734
167 C	0.21422	0.00857	0.77722
168 T	0.21395	0.01025	0.7758
169 A	0.20767	0.01940	0.77293
170 T	0.20320	0.02751	0.7693
171 G	0.19722	0.03412	0.76867
172 A	0.19308	0.03832	0.7686
173 A	0.19130	0.03957	0.76913
174 T	0.19063	0.03962	0.76975
175 C	0.18935	0.04069	0.76996
176 C	0.18892	0.04110	0.76998
177 T	0.18872	0.04129	0.76999
178 A	0.18811	0.04190	0.76999
179 T	0.18783	0.04216	0.77001
180 T	0.18717	0.04279	0.77004
181 C	0.18665	0.04320	0.77015
182 A	0.18615	0.04353	0.77033
183 G	0.18577	0.04356	0.77067
184 C	0.18551	0.04339	0.7711
185 A	0.18540	0.04340	0.7712
186 C	0.18505	0.04352	0.77143
187 G	0.18456	0.04376	0.77168
188 G	0.18458	0.04357	0.77185
189 A	0.18496	0.04306	0.77198
190 G	0.18545	0.04179	0.77275
191 A	0.18685	0.03983	0.77332
192 A	0.18958	0.03009	0.78033
193 G	0.19308	0.02076	0.78616
194 T	0.19398	0.01396	0.79206
195 T	0.19413	0.01010	0.79577
196 T	0.19419	0.00872	0.7971
197 T	0.19417	0.00847	0.79735
198 T	0.19388	0.00925	0.79687
199 G	0.19283	0.01016	0.797
200 T	0.19212	0.01104	0.79685
201 G	0.19044	0.01443	0.79514
202 A	0.18861	0.01868	0.79271
203 C	0.18764	0.02006	0.7923
204 T	0.18286	0.02637	0.79078
205 A	0.17746	0.03271	0.78983
206 A	0.17524	0.03612	0.78864
207 T	0.17391	0.03801	0.78808
208 G	0.17086	0.04227	0.78688
209 A	0.16908	0.04460	0.78632
210 T	0.16765	0.04571	0.78664
211 G	0.16566	0.04743	0.7869
212 G	0.16401	0.04892	0.78707
213 A	0.16301	0.04988	0.78711
214 G	0.16246	0.05039	0.78715
215 C	0.16231	0.05054	0.78715
216 C	0.16228	0.05068	0.78704
217 G	0.16225	0.05078	0.78697
218 A	0.16240	0.05069	0.78691
219 A	0.16270	0.05040	0.78691
220 A	0.16313	0.04996	0.78691
221 C	0.16445	0.04824	0.78731
222 A	0.16514	0.04645	0.78841
223 G	0.16616	0.04441	0.78943
224 A	0.16920	0.03991	0.79089
225 T	0.17249	0.03479	0.79272
226 T	0.17322	0.03346	0.79332
227 T	0.17273	0.02894	0.79833
228 A	0.17088	0.02643	0.8027
229 G	0.17062	0.02444	0.80495
230 A	0.17055	0.02326	0.80619
231 T	0.17129	0.01948	0.80922
232 T	0.17135	0.01762	0.81102
233 T	0.16944	0.01813	0.81242
234 G	0.16606	0.02005	0.81389
235 G	0.16266	0.02218	0.81517
236 G	0.16082	0.02328	0.8159
237 C	0.16036	0.02336	0.81628
238 C	0.15979	0.02407	0.81614
239 A	0.15943	0.02515	0.81543
240 T	0.15900	0.02612	0.81489
241 T	0.15687	0.02992	0.81321
242 A	0.15456	0.03320	0.81224
243 T	0.15281	0.03525	0.81194
244 G	0.14982	0.03831	0.81187
245 A	0.14731	0.04104	0.81166
246 A	0.14608	0.04216	0.81177
247 A	0.14581	0.04212	0.81207
248 G	0.14578	0.04166	0.81256
249 A	0.14623	0.04081	0.81296
250 T	0.14695	0.03855	0.8145
251 T	0.14731	0.03636	0.81633
252 T	0.14706	0.03606	0.81688
253 T	0.14597	0.03741	0.81661
254 T	0.14426	0.04041	0.81532
255 A	0.14070	0.04475	0.81455
256 G	0.13931	0.04523	0.81545
257 A	0.13837	0.04454	0.81709
258 T	0.13780	0.04291	0.81929
259 G	0.13614	0.04460	0.81926
260 A	0.13558	0.04659	0.81783
261 A	0.13500	0.04846	0.81653
262 A	0.13547	0.04818	0.81634
263 A	0.13604	0.04729	0.81667
264 T	0.13792	0.04268	0.81941
265 T	0.13864	0.03986	0.8215
266 T	0.13877	0.03804	0.82318
267 A	0.13849	0.03676	0.82475
268 T	0.13855	0.03505	0.8264
269 C	0.13827	0.03518	0.82654
270 A	0.13711	0.03952	0.82338
271 A	0.13649	0.04337	0.82014
272 G	0.13618	0.04665	0.81717
273 A	0.13597	0.05272	0.81131
274 G	0.13613	0.05337	0.8105
275 A	0.13693	0.05331	0.80976
276 A	0.13809	0.05149	0.81042
277 T	0.14049	0.04698	0.81253
278 C	0.14157	0.04327	0.81516
279 T	0.14273	0.04258	0.8147
280 A	0.14282	0.04372	0.81345
281 A	0.14300	0.04408	0.81293
282 T	0.14435	0.04209	0.81356
283 G	0.14509	0.04096	0.81395
284 T	0.14657	0.03870	0.81474
285 G	0.14692	0.03829	0.81479
286 A	0.14716	0.03811	0.81472
287 C	0.14708	0.03811	0.81481
288 T	0.14684	0.03853	0.81464
289 A	0.14583	0.03958	0.81459
290 C	0.14383	0.04141	0.81475
291 A	0.14190	0.04341	0.8147
292 G	0.14158	0.04361	0.81481
293 G	0.14427	0.03989	0.81583
294 A	0.14676	0.03685	0.81639
295 C	0.14923	0.03393	0.81684
296 A	0.15444	0.02834	0.81722
297 A	0.15562	0.02688	0.8175
298 G	0.15740	0.02491	0.8177
299 T	0.15924	0.02297	0.81779
300 T	0.15965	0.02249	0.81787
301 T	0.15725	0.02436	0.81839
302 A	0.14719	0.03411	0.81871
303 T	0.13857	0.04191	0.81952
304 C	0.11680	0.06309	0.82012
305 A	0.10538	0.07444	0.82018
306 A	0.09976	0.07976	0.82048
307 C	0.09692	0.08234	0.82074
308 A	0.09406	0.08549	0.82044
309 T	0.09213	0.08767	0.82019
310 G	0.09005	0.09009	0.81985
311 T	0.08723	0.09275	0.82002
312 A	0.08281	0.09705	0.82013
313 A	0.07898	0.09863	0.82238
314 T	0.07700	0.09838	0.82461
315 C	0.07326	0.10112	0.82561
316 A	0.06910	0.10647	0.82443
317 A	0.06661	0.10956	0.82384
318 T	0.06522	0.11107	0.82372
319 A	0.06263	0.11380	0.82357
320 A	0.06092	0.11550	0.82358
321 A	0.05972	0.11524	0.82504
322 G	0.05915	0.11394	0.82691
323 A	0.05865	0.11350	0.82785
324 A	0.05856	0.10871	0.83273
325 A	0.05855	0.09683	0.84462
326 G	0.05848	0.08383	0.8577
327 G	0.05841	0.06412	0.87747
328 C	0.05851	0.05579	0.88569
329 A	0.05855	0.05573	0.88573
330 A	0.05865	0.05723	0.88412
331 G	0.05903	0.05581	0.88517
332 G	0.05944	0.05426	0.88629
333 G	0.06018	0.05338	0.88644
334 G	0.06049	0.05356	0.88595
335 A	0.06105	0.05620	0.88276
336 A	0.06179	0.06320	0.87501
337 T	0.06254	0.06590	0.87157
338 A	0.06288	0.06893	0.86819
339 T	0.06401	0.07126	0.86472
340 T	0.06436	0.07318	0.86246
341 T	0.06410	0.07780	0.8581
342 A	0.06373	0.07797	0.8583
343 G	0.06355	0.07771	0.85874
344 G	0.06350	0.07761	0.85889
345 A	0.06370	0.07799	0.85831
346 C	0.06432	0.07719	0.85849
347 A	0.06459	0.07728	0.85814
348 A	0.06500	0.07725	0.85775
349 A	0.06569	0.07666	0.85764
350 C	0.06690	0.07543	0.85767
351 T	0.06841	0.07396	0.85763
352 A	0.07068	0.07170	0.85763
353 T	0.07501	0.06729	0.8577
354 T	0.07673	0.06553	0.85774
355 C	0.07748	0.06483	0.85769
356 A	0.07891	0.06354	0.85755
357 A	0.08329	0.05929	0.85741
358 G	0.09109	0.05166	0.85726
359 T	0.10451	0.03840	0.85708
360 T	0.11162	0.03133	0.85706
361 A	0.11877	0.02400	0.85722
362 T	0.12645	0.01602	0.85753
363 T	0.12929	0.01281	0.8579
364 C	0.13095	0.01066	0.85839
365 C	0.13112	0.01026	0.85862
366 T	0.13129	0.01014	0.85858
367 C	0.12667	0.01494	0.8584
368 A	0.12069	0.02172	0.85758
369 T	0.11307	0.02997	0.85696
370 A	0.10111	0.04228	0.8566
371 T	0.09569	0.04795	0.85636
372 T	0.08540	0.05875	0.85585
373 A	0.06874	0.07566	0.8556
374 C	0.06291	0.08152	0.85557
375 T	0.05924	0.08555	0.85522
376 A	0.05265	0.09255	0.85481
377 A	0.04749	0.09787	0.85463
378 T	0.04380	0.10160	0.8546
379 G	0.03677	0.10879	0.85445
380 A	0.03321	0.11219	0.85459
381 A	0.03091	0.11436	0.85473
382 A	0.02982	0.11526	0.85491
383 T	0.02898	0.11568	0.85534
384 C	0.02720	0.11694	0.85585
385 A	0.02514	0.11921	0.85566
386 A	0.02348	0.12091	0.8556
387 A	0.02192	0.12229	0.85579
388 A	0.02097	0.12300	0.85604
389 A	0.02055	0.12282	0.85663
390 A	0.02007	0.11664	0.86328
391 A	0.02062	0.10679	0.87259
392 G	0.02110	0.09480	0.8841
393 G	0.02162	0.08211	0.89627
394 A	0.02221	0.07595	0.90185
395 T	0.02317	0.06541	0.91142
396 T	0.02357	0.05157	0.92486
397 T	0.02354	0.04807	0.92839
398 T	0.02332	0.04662	0.93006
399 A	0.02135	0.05066	0.92798
400 G	0.01994	0.05702	0.92303
401 A	0.01890	0.06127	0.91983
402 A	0.01830	0.05977	0.92192
403 A	0.01750	0.06062	0.92188
404 T	0.01698	0.06114	0.92188
405 A	0.01598	0.06610	0.91792
406 A	0.01508	0.07144	0.91348
407 A	0.01474	0.07253	0.91273
408 A	0.01474	0.07232	0.91294
409 A	0.01496	0.07059	0.91445
410 G	0.01540	0.06843	0.91617
411 T	0.01586	0.06703	0.91711
412 A	0.01591	0.06641	0.91768
413 C	0.01606	0.06556	0.91838
414 T	0.01626	0.06528	0.91845
415 A	0.01629	0.06522	0.91848
416 C	0.01663	0.06484	0.91852
417 T	0.01776	0.06373	0.9185
418 A	0.01818	0.06332	0.9185
419 A	0.01958	0.06180	0.91863
420 T	0.02302	0.05811	0.91887
421 G	0.02504	0.05579	0.91917
422 A	0.03159	0.04720	0.92122
423 T	0.04199	0.03516	0.92285
424 T	0.04741	0.02858	0.92401
425 A	0.04988	0.02536	0.92476
426 T	0.05340	0.02096	0.92564
427 G	0.05511	0.01867	0.92623
428 A	0.05921	0.01380	0.927
429 T	0.06461	0.00763	0.92777
430 A	0.06663	0.00532	0.92805
431 T	0.06839	0.00327	0.92833
432 T	0.06864	0.00297	0.92839
433 A	0.06860	0.00303	0.92837
434 T	0.06856	0.00304	0.92841
435 T	0.06828	0.00330	0.92841
436 A	0.06808	0.00358	0.92833
437 T	0.06801	0.00359	0.9284
438 T	0.06729	0.00421	0.9285
439 G	0.06587	0.00560	0.92853
440 T	0.06478	0.00667	0.92856
441 C	0.06291	0.00855	0.92854
442 G	0.06141	0.01029	0.9283
443 A	0.06078	0.01110	0.92812
444 A	0.06046	0.01152	0.92801
445 A	0.06036	0.01166	0.92798
446 T	0.06038	0.01161	0.92801
447 T	0.06037	0.01142	0.92822
448 G	0.06026	0.01127	0.92848
449 G	0.06023	0.01110	0.92868
450 C	0.06024	0.01088	0.92887
451 G	0.06025	0.01084	0.92891
452 G	0.06028	0.01082	0.92889
453 T	0.06038	0.01073	0.9289
454 A	0.06041	0.01071	0.92888
455 C	0.06045	0.01061	0.92895
456 A	0.06053	0.01048	0.929
457 G	0.06058	0.01026	0.92915
458 T	0.06069	0.00989	0.92942
459 A	0.06079	0.00962	0.92959
460 G	0.06081	0.00940	0.92979
461 G	0.06085	0.00803	0.93112
462 T	0.06089	0.00634	0.93277
463 G	0.06089	0.00513	0.93398
464 A	0.06094	0.00376	0.93529
465 T	0.06115	0.00246	0.93638
466 A	0.06121	0.00195	0.93684
467 T	0.06128	0.00155	0.93716
468 C	0.06126	0.00142	0.93732
469 G	0.06124	0.00142	0.93733
470 A	0.06124	0.00140	0.93735
471 A	0.06126	0.00132	0.93742
472 T	0.06131	0.00123	0.93747
473 C	0.06135	0.00117	0.93749
474 C	0.06138	0.00111	0.93752
475 T	0.06144	0.00104	0.93752
476 T	0.06146	0.00102	0.93752
477 A	0.06146	0.00102	0.93752
478 C	0.06149	0.00099	0.93752
479 C	0.06156	0.00092	0.93752
480 T	0.06161	0.00089	0.93749
481 T	0.06166	0.00086	0.93749
482 T	0.06163	0.00091	0.93747
483 T	0.06159	0.00096	0.93745
484 T	0.06151	0.00107	0.93742
485 T	0.06126	0.00130	0.93743
486 A	0.06103	0.00151	0.93746
487 G	0.06087	0.00162	0.9375
488 A	0.06065	0.00181	0.93754
489 G	0.06053	0.00186	0.93761
490 T	0.06045	0.00191	0.93764
491 C	0.06042	0.00191	0.93767
492 T	0.06039	0.00197	0.93764
493 A	0.06032	0.00208	0.93761
494 T	0.06028	0.00214	0.93758
495 T	0.06023	0.00220	0.93757
496 A	0.05999	0.00245	0.93755
497 G	0.05974	0.00270	0.93756
498 A	0.05953	0.00291	0.93756
499 C	0.05945	0.00296	0.93759
500 A	0.05939	0.00303	0.93758
501 A	0.05938	0.00303	0.93758
502 G	0.05939	0.00301	0.9376
503 T	0.05942	0.00294	0.93764
504 T	0.05944	0.00290	0.93767
505 C	0.05944	0.00270	0.93786
506 G	0.05944	0.00265	0.93791
507 T	0.05944	0.00262	0.93794
508 T	0.05942	0.00262	0.93796
509 A	0.05937	0.00254	0.93809
510 T	0.05936	0.00245	0.93819
511 G	0.05934	0.00221	0.93845
512 A	0.05934	0.00206	0.9386
513 C	0.05934	0.00190	0.93876
514 T	0.05936	0.00186	0.93877
515 T	0.05931	0.00190	0.93879
516 A	0.05919	0.00202	0.93879
517 G	0.05913	0.00206	0.93881
518 G	0.05910	0.00207	0.93882
519 A	0.05912	0.00183	0.93906
520 T	0.05915	0.00151	0.93933
521 T	0.05917	0.00131	0.93952
522 T	0.05913	0.00131	0.93956
523 C	0.05900	0.00147	0.93953
524 A	0.05889	0.00180	0.93931
525 T	0.05879	0.00212	0.9391
526 A	0.05869	0.00228	0.93904
527 A	0.05863	0.00236	0.93901
528 T	0.05861	0.00237	0.93903
529 A	0.05850	0.00244	0.93907
530 C	0.05844	0.00244	0.93912
531 T	0.05814	0.00271	0.93916
532 C	0.05716	0.00365	0.93918
533 T	0.05683	0.00402	0.93916
534 T	0.05654	0.00435	0.93911
535 T	0.05614	0.00486	0.939
536 A	0.05571	0.00531	0.93898
537 T	0.05556	0.00545	0.93898
538 A	0.05528	0.00564	0.93908
539 T	0.05516	0.00562	0.93922
540 T	0.05478	0.00592	0.9393
541 C	0.05393	0.00674	0.93933
542 A	0.05305	0.00762	0.93933
543 T	0.05236	0.00830	0.93934
544 A	0.05110	0.00954	0.93936
545 A	0.05038	0.01022	0.9394
546 C	0.05003	0.01045	0.93953
547 A	0.04990	0.01049	0.93961
548 C	0.05001	0.01028	0.93972
549 T	0.05002	0.01020	0.93978
550 T	0.04999	0.01020	0.93982
551 T	0.04995	0.01023	0.93982
552 A	0.04990	0.01019	0.93991
553 A	0.04984	0.01014	0.94002
554 T	0.04984	0.00938	0.94078
555 T	0.04968	0.00806	0.94226
556 C	0.04921	0.00784	0.94295
557 C	0.04897	0.00800	0.94304
558 T	0.04881	0.00830	0.94289
559 T	0.04863	0.00868	0.94268
560 A	0.04829	0.00949	0.94222
561 T	0.04808	0.00995	0.94197
562 T	0.04772	0.01080	0.94148
563 T	0.04679	0.01290	0.94031
564 A	0.03855	0.02381	0.93763
565 A	0.03652	0.02718	0.9363
566 A	0.03577	0.02751	0.93672
567 A	0.03510	0.02737	0.93753
568 A	0.03468	0.02711	0.93821
569 G	0.03450	0.02685	0.93865
570 C	0.03435	0.02672	0.93893
571 T	0.03430	0.02722	0.93848
572 C	0.03417	0.02771	0.93811
573 T	0.03402	0.02903	0.93696
574 A	0.03381	0.03079	0.9354
575 A	0.03354	0.03180	0.93465
576 A	0.03329	0.03286	0.93386
577 G	0.03308	0.03322	0.9337
578 A	0.03290	0.03346	0.93364
579 A	0.03275	0.03329	0.93396
580 A	0.03259	0.03341	0.93401
581 C	0.03220	0.03361	0.93419
582 A	0.03180	0.03487	0.93333
583 A	0.03198	0.03463	0.93339
584 A	0.03203	0.03445	0.93352
585 A	0.03237	0.03381	0.93381
586 A	0.03359	0.03181	0.9346
587 C	0.03660	0.02030	0.94309
588 T	0.03815	0.01717	0.94469
589 A	0.03715	0.01764	0.94521
590 A	0.03657	0.01795	0.94549
591 A	0.03616	0.01831	0.94552
592 C	0.03589	0.01841	0.94569
593 C	0.03573	0.01845	0.94582
594 T	0.03638	0.01776	0.94585
595 A	0.03636	0.01774	0.9459
596 C	0.03679	0.01742	0.9458
597 T	0.03726	0.01694	0.9458
598 C	0.03610	0.01800	0.9459
599 A	0.03505	0.01920	0.94575
600 A	0.03446	0.01977	0.94577
601 C	0.03464	0.01989	0.94548
602 A	0.03485	0.01977	0.94538
603 T	0.03523	0.01927	0.9455
604 A	0.03537	0.01854	0.9461
605 G	0.03616	0.01710	0.94675
606 T	0.03636	0.01666	0.94698
607 A	0.03637	0.01611	0.94752
608 T	0.03648	0.01538	0.94814
609 T	0.03630	0.01534	0.94837
610 A	0.03602	0.01558	0.94841
611 A	0.03578	0.01545	0.94877
612 A	0.03575	0.01444	0.9498
613 G	0.03589	0.01351	0.95061
614 A	0.03615	0.01297	0.95088
615 A	0.03627	0.01258	0.95115
616 T	0.03653	0.01195	0.95152
617 T	0.03658	0.01175	0.95167
618 A	0.03660	0.01173	0.95167
619 A	0.03672	0.01112	0.95216
620 G	0.03676	0.01037	0.95286
621 A	0.03683	0.00924	0.95393
622 T	0.03719	0.00748	0.95534
623 C	0.03727	0.00673	0.956
624 T	0.03760	0.00654	0.95586
625 T	0.03755	0.00680	0.95565
626 T	0.03731	0.00733	0.95535
627 A	0.03676	0.00820	0.95503
628 G	0.03656	0.00851	0.95492
629 G	0.03661	0.00844	0.95495
630 T	0.03685	0.00805	0.95511
631 A	0.03690	0.00792	0.95517
632 T	0.03720	0.00737	0.95543
633 T	0.03730	0.00702	0.95568
634 C	0.03719	0.00691	0.9559
635 A	0.03711	0.00698	0.95591
636 A	0.03717	0.00690	0.95594
637 C	0.03740	0.00664	0.95597
638 C	0.03773	0.00631	0.95597
639 T	0.03802	0.00604	0.95594
640 C	0.03814	0.00593	0.95592
641 A	0.03845	0.00581	0.95574
642 A	0.03859	0.00578	0.95563
643 A	0.03882	0.00568	0.9555
644 T	0.03946	0.00507	0.95547
645 T	0.03977	0.00489	0.95534
646 T	0.03997	0.00477	0.95526
647 T	0.04007	0.00474	0.9552
648 G	0.04004	0.00496	0.95499
649 A	0.04017	0.00508	0.95475
650 T	0.04043	0.00451	0.95506
651 T	0.04035	0.00461	0.95504
652 T	0.04023	0.00485	0.95491
653 T	0.03993	0.00525	0.95482
654 G	0.03934	0.00596	0.9547
655 A	0.03912	0.00640	0.95448
656 G	0.03901	0.00654	0.95445
657 A	0.03891	0.00668	0.95441
658 A	0.03885	0.00678	0.95436
659 G	0.03878	0.00696	0.95426
660 T	0.03856	0.00718	0.95426
661 G	0.03813	0.00766	0.95421
662 A	0.03787	0.00802	0.95411
663 A	0.03766	0.00827	0.95408
664 C	0.03770	0.00818	0.95412
665 A	0.03770	0.00826	0.95404
666 A	0.03778	0.00828	0.95395
667 A	0.03787	0.00826	0.95387
668 C	0.03811	0.00808	0.95382
669 T	0.03854	0.00812	0.95334
670 A	0.03863	0.00814	0.95322
671 T	0.03902	0.00783	0.95316
672 T	0.03886	0.00833	0.95282
673 T	0.03808	0.00911	0.95281
674 C	0.03711	0.00961	0.95328
675 T	0.03616	0.01047	0.95337
676 G	0.03489	0.01163	0.95349
677 C	0.03418	0.01220	0.95362
678 T	0.03355	0.01317	0.95328
679 G	0.03286	0.01427	0.95288
680 A	0.03250	0.01499	0.95251
681 A	0.03177	0.01587	0.95236
682 A	0.03135	0.01631	0.95234
683 T	0.03089	0.01654	0.95257
684 G	0.03030	0.01677	0.95292
685 A	0.02999	0.01696	0.95305
686 A	0.02990	0.01696	0.95314
687 G	0.02983	0.01704	0.95313
688 A	0.02982	0.01737	0.95281
689 A	0.02993	0.01733	0.95274
690 A	0.03003	0.01726	0.95272
691 A	0.03013	0.01710	0.95277
692 A	0.03056	0.01661	0.95283
693 A	0.03079	0.01607	0.95313
694 A	0.03111	0.01524	0.95365
695 T	0.03179	0.01351	0.9547
696 T	0.03204	0.01175	0.95621
697 T	0.03221	0.01039	0.95739
698 C	0.03229	0.00935	0.95837
699 T	0.03238	0.00928	0.95835
700 A	0.03231	0.01006	0.95763
701 T	0.03249	0.00967	0.95784
702 T	0.03268	0.00972	0.9576
703 T	0.03288	0.01004	0.95708
704 T	0.03278	0.00934	0.95788
705 A	0.03223	0.00952	0.95825
706 T	0.03202	0.00922	0.95876
707 G	0.03172	0.00910	0.95918
708 C	0.03131	0.00927	0.95942
709 G	0.03118	0.00955	0.95928
710 A	0.03126	0.00968	0.95907
711 T	0.03161	0.00948	0.95891
712 G	0.03158	0.00989	0.95854
713 T	0.03154	0.01078	0.95768
714 A	0.03116	0.01256	0.95628
715 A	0.02977	0.01554	0.95469
716 G	0.02907	0.01694	0.95399
717 A	0.02844	0.01831	0.95326
718 G	0.02803	0.01917	0.9528
719 A	0.02789	0.01959	0.95251
720 A	0.02788	0.01977	0.95236
721 A	0.02805	0.01956	0.95239
722 A	0.02887	0.01863	0.9525
723 T	0.03021	0.01703	0.95276
724 G	0.03054	0.01647	0.95299
725 C	0.03112	0.01563	0.95325
726 T	0.03177	0.01506	0.95317
727 A	0.03189	0.01523	0.95288
728 T	0.03215	0.01460	0.95325
729 T	0.03224	0.01438	0.95338
730 T	0.03211	0.01436	0.95353
731 T	0.03169	0.01430	0.954
732 C	0.03086	0.01486	0.95428
733 G	0.03010	0.01568	0.95422
734 A	0.02958	0.01646	0.95396
735 A	0.02934	0.01673	0.95392
736 A	0.02997	0.01614	0.95389
737 A	0.03141	0.01449	0.9541
738 T	0.03307	0.01136	0.95558
739 A	0.03336	0.01049	0.95614
740 T	0.03365	0.00980	0.95655
741 T	0.03318	0.01056	0.95626
742 G	0.03214	0.01243	0.95544
743 A	0.03128	0.01394	0.95477
744 T	0.03034	0.01525	0.95441
745 G	0.02902	0.01691	0.95407
746 T	0.02851	0.01770	0.95379
747 A	0.02749	0.01943	0.95307
748 G	0.02698	0.02019	0.95283
749 A	0.02692	0.02039	0.95269
750 T	0.02727	0.02010	0.95263
751 A	0.02721	0.02026	0.95253
752 T	0.02735	0.01995	0.9527
753 T	0.02743	0.01952	0.95305
754 T	0.02743	0.01909	0.95348
755 T	0.02740	0.01852	0.95408
756 A	0.02728	0.01812	0.9546
757 T	0.02737	0.01752	0.9551
758 A	0.02721	0.01716	0.95563
759 T	0.02719	0.01696	0.95586
760 A	0.02693	0.01718	0.9559
761 A	0.02690	0.01704	0.95607
762 A	0.02708	0.01643	0.9565
763 A	0.02754	0.01536	0.9571
764 T	0.02841	0.01355	0.95804
765 T	0.02959	0.01131	0.9591
766 A	0.03024	0.01001	0.95975
767 T	0.03064	0.00885	0.96051
768 T	0.03024	0.00885	0.96091
769 A	0.02907	0.01030	0.96063
770 T	0.02892	0.01041	0.96067
771 T	0.02835	0.01220	0.95945
772 A	0.02677	0.01730	0.95593
773 A	0.02568	0.02048	0.95384
774 T	0.02515	0.02369	0.95116
775 T	0.02344	0.02949	0.94707
776 T	0.02106	0.03480	0.94414
777 A	0.01670	0.04139	0.94191
778 A	0.01431	0.04504	0.94066
779 A	0.01321	0.04679	0.94001
780 T	0.01227	0.04767	0.94006
781 G	0.01050	0.04935	0.94015
782 A	0.00963	0.05020	0.94016
783 A	0.00910	0.05055	0.94034
784 C	0.00885	0.05069	0.94046
785 A	0.00844	0.05117	0.94039
786 A	0.00828	0.05140	0.94032
787 A	0.00827	0.05162	0.94011
788 A	0.00836	0.05162	0.94002
789 A	0.00862	0.05140	0.93998
790 A	0.00899	0.05075	0.94025
791 T	0.00991	0.04889	0.94119
792 A	0.01058	0.04675	0.94267
793 G	0.01139	0.04502	0.94359
794 A	0.01315	0.04245	0.9444
795 T	0.01743	0.03630	0.94627
796 G	0.01984	0.03237	0.9478
797 A	0.02362	0.02730	0.94908
798 T	0.02860	0.02016	0.95125
799 T	0.03116	0.01517	0.95367
800 T	0.03226	0.01066	0.95708
801 T	0.03271	0.00838	0.95891
802 A	0.03291	0.00759	0.95951
803 T	0.03292	0.00677	0.96031
804 T	0.03266	0.00639	0.96094
805 T	0.03172	0.00822	0.96006
806 T	0.03097	0.01035	0.95868
807 A	0.02987	0.01158	0.95855
808 G	0.02935	0.01186	0.95879
809 A	0.02911	0.01220	0.95868
810 T	0.02917	0.01220	0.95863
811 C	0.02851	0.01306	0.95842
812 A	0.02821	0.01484	0.95696
813 T	0.02795	0.01544	0.95661
814 T	0.02681	0.01719	0.95599
815 T	0.02381	0.02098	0.95521
816 T	0.02036	0.02494	0.9547
817 C	0.01752	0.02868	0.95379
818 A	0.01453	0.03537	0.9501
819 A	0.01324	0.03976	0.94701
820 A	0.01255	0.04265	0.94481
821 T	0.01231	0.04396	0.94374
822 A	0.00985	0.04908	0.94108
823 A	0.00851	0.05145	0.94004
824 A	0.00756	0.05243	0.94001
825 A	0.00748	0.05233	0.94019
826 A	0.00779	0.05176	0.94045
827 A	0.00882	0.05006	0.94112
828 C	0.01055	0.04703	0.94241
829 T	0.01226	0.04486	0.94288
830 T	0.01249	0.04430	0.94322
831 A	0.01227	0.04461	0.94313
832 A	0.01228	0.04476	0.94295
833 A	0.01223	0.04513	0.94264
834 A	0.01195	0.04513	0.94292
835 A	0.01267	0.04377	0.94357
836 A	0.01293	0.04268	0.9444
837 A	0.01343	0.04018	0.9464
838 T	0.01440	0.03505	0.95055
839 C	0.01400	0.03223	0.95378
840 A	0.01408	0.03180	0.95412
841 G	0.01671	0.02871	0.95458
842 A	0.01950	0.02727	0.95323
843 T	0.02173	0.02572	0.95255
844 A	0.02254	0.02485	0.95262
845 T	0.02485	0.01999	0.95515
846 A	0.02537	0.01818	0.95645
847 T	0.02532	0.01700	0.95769
848 C	0.02509	0.01674	0.95818
849 T	0.02494	0.01684	0.95822
850 T	0.02449	0.01735	0.95815
851 C	0.02308	0.01893	0.958
852 A	0.02139	0.02135	0.95725
853 T	0.02020	0.02282	0.95699
854 G	0.01819	0.02492	0.9569
855 G	0.01724	0.02620	0.95656
856 A	0.01677	0.02723	0.956
857 A	0.01679	0.02709	0.95611
858 A	0.01677	0.02690	0.95633
859 A	0.01717	0.02689	0.95594
860 A	0.01802	0.02574	0.95624
861 T	0.01919	0.02405	0.95676
862 T	0.01984	0.02240	0.95775
863 T	0.02038	0.02113	0.9585
864 A	0.02057	0.02070	0.95874
865 A	0.02165	0.01949	0.95887
866 T	0.02243	0.01862	0.95894
867 T	0.02222	0.01884	0.95895
868 T	0.02134	0.02013	0.95854
869 A	0.01964	0.02210	0.95826
870 T	0.01831	0.02369	0.958
871 A	0.01517	0.02791	0.95692
872 A	0.01303	0.03061	0.95637
873 A	0.01122	0.03227	0.95651
874 A	0.01062	0.03151	0.95787
875 T	0.01089	0.02945	0.95967
876 T	0.00959	0.02975	0.96066
877 G	0.00822	0.03017	0.96162
878 A	0.00798	0.03014	0.96187
879 A	0.00825	0.02985	0.96189
880 A	0.00856	0.02933	0.96211
881 A	0.00887	0.02886	0.96227
882 T	0.00960	0.02801	0.96238
883 T	0.00950	0.02819	0.96231
884 T	0.00899	0.02877	0.96224
885 A	0.00764	0.03017	0.96219
886 A	0.00658	0.03116	0.96226
887 A	0.00599	0.03154	0.96247
888 A	0.00560	0.03162	0.96278
889 A	0.00563	0.03118	0.96319
890 A	0.00587	0.03039	0.96374
891 T	0.00656	0.02854	0.9649
892 A	0.00686	0.02681	0.96633
893 A	0.00731	0.02505	0.96764
894 A	0.00854	0.02115	0.9703
895 A	0.00944	0.01799	0.97256
896 T	0.01007	0.01504	0.97489
897 T	0.01047	0.01327	0.97626
898 A	0.01061	0.01238	0.97701
899 C	0.01104	0.01034	0.97863
900 T	0.01158	0.00899	0.97942
901 A	0.01174	0.00854	0.97973
902 T	0.01223	0.00780	0.97996
903 T	0.01244	0.00745	0.98011
904 G	0.01248	0.00729	0.98024
905 G	0.01253	0.00668	0.98079
906 T	0.01275	0.00590	0.98135
907 T	0.01287	0.00515	0.98197
908 T	0.01293	0.00419	0.98288
909 A	0.01289	0.00363	0.98348
910 G	0.01283	0.00326	0.98391
911 T	0.01280	0.00297	0.98423
912 A	0.01269	0.00314	0.98417
913 G	0.01261	0.00334	0.98405
914 G	0.01238	0.00367	0.98394
915 T	0.01237	0.00370	0.98392
916 A	0.01232	0.00389	0.98379
917 A	0.01233	0.00390	0.98377
918 G	0.01233	0.00387	0.9838
919 T	0.01234	0.00389	0.98377
920 A	0.01234	0.00388	0.98377
921 T	0.01235	0.00378	0.98386
922 A	0.01234	0.00375	0.98391
923 T	0.01236	0.00365	0.98399
924 T	0.01235	0.00352	0.98412
925 T	0.01233	0.00346	0.98422
926 C	0.01229	0.00342	0.9843
927 G	0.01226	0.00341	0.98432
928 G	0.01227	0.00338	0.98435
929 T	0.01231	0.00333	0.98436
930 A	0.01227	0.00335	0.98437
931 C	0.01238	0.00321	0.98441
932 A	0.01254	0.00298	0.98448
933 T	0.01273	0.00270	0.98457
934 G	0.01281	0.00254	0.98466
935 A	0.01306	0.00217	0.98477
936 T	0.01341	0.00174	0.98485
937 T	0.01362	0.00124	0.98513
938 C	0.01371	0.00107	0.98522
939 T	0.01387	0.00087	0.98526
940 T	0.01392	0.00082	0.98526
941 A	0.01393	0.00083	0.98523
942 T	0.01397	0.00083	0.9852
943 T	0.01396	0.00084	0.9852
944 T	0.01387	0.00092	0.9852
945 A	0.01377	0.00106	0.98518
946 T	0.01370	0.00115	0.98514
947 C	0.01363	0.00134	0.98503
948 T	0.01358	0.00188	0.98454
949 A	0.01354	0.00260	0.98386
950 T	0.01351	0.00295	0.98354
951 A	0.01345	0.00334	0.98321
952 A	0.01342	0.00355	0.98304
953 T	0.01340	0.00357	0.98304
954 A	0.01327	0.00370	0.98303
955 G	0.01317	0.00376	0.98306
956 A	0.01314	0.00379	0.98308
957 G	0.01310	0.00379	0.98311
958 G	0.01308	0.00379	0.98312
959 C	0.01309	0.00378	0.98313
960 T	0.01311	0.00378	0.98311
961 T	0.01309	0.00384	0.98307
962 T	0.01303	0.00395	0.98302
963 A	0.01286	0.00413	0.98301
964 A	0.01273	0.00426	0.98301
965 A	0.01268	0.00427	0.98306
966 A	0.01260	0.00427	0.98314
967 C	0.01261	0.00410	0.9833
968 A	0.01268	0.00393	0.98339
969 C	0.01283	0.00371	0.98346
970 G	0.01308	0.00342	0.98351
971 C	0.01374	0.00274	0.98352
972 T	0.01438	0.00209	0.98353
973 T	0.01463	0.00181	0.98355
974 C	0.01477	0.00164	0.98358
975 T	0.01483	0.00155	0.98361
976 T	0.01475	0.00164	0.98361
977 A	0.01447	0.00184	0.98369
978 T	0.01415	0.00211	0.98375
979 T	0.01364	0.00262	0.98375
980 A	0.01279	0.00346	0.98376
981 T	0.01188	0.00437	0.98376
982 A	0.00905	0.00725	0.98369
983 A	0.00782	0.00851	0.98367
984 T	0.00732	0.00898	0.9837
985 A	0.00655	0.00968	0.98377
986 A	0.00629	0.00979	0.98392
987 T	0.00612	0.00984	0.98404
988 A	0.00577	0.01012	0.98411
989 C	0.00565	0.01015	0.98419
990 T	0.00555	0.01026	0.98419
991 A	0.00532	0.01050	0.98419
992 A	0.00524	0.01058	0.98418
993 T	0.00520	0.01061	0.98419
994 A	0.00516	0.01065	0.9842
995 T	0.00514	0.01064	0.98423
996 T	0.00509	0.01065	0.98426
997 A	0.00502	0.01069	0.98429
998 A	0.00498	0.01067	0.98434
999 A	0.00486	0.01062	0.98453
1000 A	0.00476	0.01031	0.98494
1001 T	0.00474	0.00978	0.98547
1002 T	0.00467	0.00919	0.98614
1003 A	0.00445	0.00857	0.98697
1004 A	0.00434	0.00775	0.98791
1005 G	0.00428	0.00518	0.99054
1006 T	0.00428	0.00402	0.9917
1007 G	0.00422	0.00362	0.99216
1008 G	0.00418	0.00310	0.99273
1009 A	0.00415	0.00304	0.99282
1010 T	0.00414	0.00287	0.99298
1011 T	0.00408	0.00270	0.99322
1012 G	0.00392	0.00276	0.99331
1013 A	0.00384	0.00279	0.99337
1014 T	0.00379	0.00272	0.99349
1015 G	0.00361	0.00297	0.99342
1016 C	0.00347	0.00317	0.99336
1017 A	0.00331	0.00385	0.99284
1018 G	0.00319	0.00417	0.99264
1019 A	0.00310	0.00493	0.99197
1020 A	0.00306	0.00529	0.99165
1021 A	0.00306	0.00537	0.99157
1022 A	0.00308	0.00521	0.99171
1023 T	0.00311	0.00499	0.99189
1024 G	0.00312	0.00489	0.99199
1025 T	0.00314	0.00476	0.9921
1026 T	0.00314	0.00457	0.99229
1027 A	0.00314	0.00447	0.99239
1028 A	0.00314	0.00436	0.9925
1029 T	0.00314	0.00428	0.99258
1030 G	0.00312	0.00422	0.99266
1031 A	0.00313	0.00416	0.99272
1032 T	0.00321	0.00402	0.99278
1033 A	0.00320	0.00400	0.9928
1034 A	0.00323	0.00389	0.99288
1035 G	0.00326	0.00370	0.99304
1036 A	0.00333	0.00355	0.99313
1037 A	0.00345	0.00335	0.99321
1038 T	0.00370	0.00291	0.99338
1039 A	0.00387	0.00262	0.99352
1040 T	0.00442	0.00192	0.99366
1041 A	0.00460	0.00162	0.99378
1042 G	0.00518	0.00095	0.99387
1043 T	0.00554	0.00054	0.99392
1044 T	0.00565	0.00040	0.99395
1045 T	0.00569	0.00035	0.99396
1046 C	0.00569	0.00034	0.99397
1047 T	0.00570	0.00033	0.99397
1048 T	0.00570	0.00034	0.99396
1049 T	0.00568	0.00036	0.99395
1050 A	0.00564	0.00040	0.99396
1051 T	0.00562	0.00041	0.99397
1052 T	0.00556	0.00045	0.99399
1053 A	0.00539	0.00058	0.99403
1054 G	0.00528	0.00066	0.99406
1055 G	0.00525	0.00066	0.99408
1056 C	0.00526	0.00063	0.99411
1057 G	0.00526	0.00063	0.99411
1058 A	0.00527	0.00062	0.99412
1059 T	0.00528	0.00060	0.99412
1060 T	0.00529	0.00059	0.99412
1061 G	0.00529	0.00060	0.99412
1062 T	0.00528	0.00059	0.99412
1063 C	0.00527	0.00060	0.99413
1064 A	0.00527	0.00061	0.99413
1065 T	0.00527	0.00061	0.99413
1066 G	0.00526	0.00061	0.99412
1067 G	0.00526	0.00061	0.99412
1068 T	0.00527	0.00060	0.99412
1069 A	0.00527	0.00059	0.99414
1070 T	0.00529	0.00056	0.99416
1071 T	0.00529	0.00053	0.99418
1072 T	0.00530	0.00050	0.9942
1073 T	0.00530	0.00045	0.99425
1074 A	0.00530	0.00043	0.99427
1075 A	0.00530	0.00036	0.99434
1076 T	0.00530	0.00021	0.99449
1077 T	0.00528	0.00014	0.99459
1078 C	0.00525	0.00013	0.99461
1079 C	0.00524	0.00014	0.99462
1080 A	0.00523	0.00015	0.99462
1081 G	0.00522	0.00016	0.99462
1082 G	0.00522	0.00016	0.99462
1083 T	0.00522	0.00016	0.99462
1084 G	0.00522	0.00016	0.99462
1085 G	0.00522	0.00016	0.99462
1086 T	0.00522	0.00015	0.99463
1087 T	0.00522	0.00015	0.99463
1088 T	0.00521	0.00016	0.99462
1089 T	0.00519	0.00018	0.99462
1090 G	0.00514	0.00024	0.99463
1091 G	0.00508	0.00030	0.99462
1092 C	0.00500	0.00038	0.99461
1093 G	0.00490	0.00049	0.99461
1094 C	0.00484	0.00058	0.99459
1095 A	0.00480	0.00068	0.99453
1096 A	0.00476	0.00073	0.99452
1097 G	0.00474	0.00075	0.99451
1098 A	0.00473	0.00077	0.9945
1099 G	0.00473	0.00078	0.99449
1100 C	0.00473	0.00076	0.99451
1101 T	0.00473	0.00075	0.99452
1102 T	0.00473	0.00074	0.99453
1103 A	0.00472	0.00075	0.99453
1104 T	0.00471	0.00075	0.99453
1105 C	0.00468	0.00079	0.99453
1106 A	0.00465	0.00083	0.99452
1107 A	0.00463	0.00086	0.99451
1108 G	0.00461	0.00089	0.9945
1109 G	0.00459	0.00092	0.99448
1110 G	0.00458	0.00096	0.99445
1111 A	0.00458	0.00101	0.99442
1112 A	0.00458	0.00101	0.99441
1113 A	0.00459	0.00095	0.99447
1114 A	0.00460	0.00088	0.99452
1115 T	0.00462	0.00077	0.99461
1116 A	0.00462	0.00068	0.9947
1117 C	0.00464	0.00060	0.99477
1118 A	0.00467	0.00055	0.99479
1119 A	0.00466	0.00053	0.99481
1120 G	0.00466	0.00052	0.99482
1121 C	0.00468	0.00050	0.99482
1122 T	0.00468	0.00050	0.99482
1123 A	0.00467	0.00052	0.99481
1124 T	0.00466	0.00053	0.99481
1125 T	0.00464	0.00056	0.9948
1126 C	0.00460	0.00060	0.9948
1127 A	0.00456	0.00063	0.99481
1128 G	0.00456	0.00061	0.99483
1129 T	0.00457	0.00057	0.99487
1130 A	0.00457	0.00055	0.99488
1131 C	0.00459	0.00052	0.9949
1132 G	0.00461	0.00048	0.99492
1133 C	0.00463	0.00043	0.99493
1134 T	0.00467	0.00039	0.99493
1135 C	0.00468	0.00038	0.99493
1136 G	0.00468	0.00039	0.99493
1137 T	0.00468	0.00039	0.99493
1138 A	0.00466	0.00041	0.99492
1139 T	0.00466	0.00041	0.99493
1140 A	0.00464	0.00044	0.99493
1141 A	0.00464	0.00043	0.99493
1142 A	0.00464	0.00042	0.99494
1143 T	0.00464	0.00040	0.99496
1144 A	0.00464	0.00040	0.99496
1145 A	0.00465	0.00038	0.99497
1146 T	0.00466	0.00034	0.995
1147 A	0.00467	0.00031	0.99502
1148 T	0.00468	0.00027	0.99505
1149 T	0.00469	0.00022	0.99509
1150 C	0.00469	0.00018	0.99513
1151 C	0.00469	0.00017	0.99513
1152 T	0.00469	0.00017	0.99513
1153 A	0.00469	0.00017	0.99513
1154 T	0.00469	0.00017	0.99513
1155 T	0.00469	0.00017	0.99513
1156 T	0.00469	0.00017	0.99514
1157 T	0.00469	0.00016	0.99515
1158 T	0.00468	0.00015	0.99517
1159 G	0.00468	0.00015	0.99518
1160 G	0.00467	0.00015	0.99518
1161 T	0.00466	0.00015	0.99518
1162 A	0.00465	0.00017	0.99518
1163 T	0.00465	0.00016	0.99519
1164 T	0.00464	0.00017	0.99519
1165 T	0.00463	0.00018	0.99518
1166 G	0.00462	0.00020	0.99518
1167 T	0.00461	0.00022	0.99518
1168 T	0.00459	0.00025	0.99516
1169 T	0.00456	0.00028	0.99516
1170 A	0.00450	0.00035	0.99515
1171 G	0.00444	0.00042	0.99515
1172 G	0.00439	0.00047	0.99513
1173 A	0.00437	0.00050	0.99513
1174 A	0.00435	0.00052	0.99513
1175 T	0.00434	0.00053	0.99513
1176 G	0.00433	0.00054	0.99513
1177 C	0.00433	0.00055	0.99513
1178 A	0.00432	0.00056	0.99512
1179 A	0.00432	0.00056	0.99511
1180 T	0.00433	0.00056	0.99511
1181 T	0.00433	0.00057	0.9951
1182 A	0.00430	0.00062	0.99508
1183 A	0.00427	0.00068	0.99505
1184 T	0.00426	0.00069	0.99505
1185 G	0.00423	0.00073	0.99503
1186 G	0.00423	0.00075	0.99502
1187 T	0.00424	0.00074	0.99502
1188 T	0.00424	0.00074	0.99501
1189 A	0.00423	0.00075	0.99502
1190 T	0.00423	0.00074	0.99503
1191 T	0.00422	0.00074	0.99504
1192 G	0.00418	0.00077	0.99505
1193 A	0.00416	0.00078	0.99505
1194 A	0.00415	0.00076	0.99508
1195 T	0.00416	0.00072	0.99512
1196 A	0.00415	0.00071	0.99514
1197 T	0.00414	0.00069	0.99516
1198 G	0.00413	0.00070	0.99517
1199 C	0.00413	0.00069	0.99518
1200 T	0.00413	0.00071	0.99516
1201 A	0.00412	0.00076	0.99512
1202 G	0.00412	0.00081	0.99507
1203 A	0.00413	0.00087	0.995
1204 A	0.00413	0.00090	0.99497
1205 A	0.00415	0.00086	0.99499
1206 T	0.00422	0.00077	0.995
1207 G	0.00425	0.00075	0.995
1208 T	0.00429	0.00069	0.99502
1209 T	0.00430	0.00068	0.99502
1210 T	0.00430	0.00071	0.995
1211 T	0.00429	0.00073	0.99498
1212 G	0.00428	0.00077	0.99496
1213 A	0.00427	0.00081	0.99492
1214 A	0.00427	0.00086	0.99486
1215 A	0.00428	0.00090	0.99482
1216 T	0.00431	0.00095	0.99475
1217 T	0.00430	0.00098	0.99473
1218 G	0.00397	0.00138	0.99465
1219 G	0.00380	0.00161	0.99459
1220 A	0.00370	0.00177	0.99453
1221 C	0.00365	0.00187	0.99448
1222 A	0.00360	0.00215	0.99425
1223 A	0.00361	0.00216	0.99423
1224 A	0.00364	0.00214	0.99422
1225 G	0.00368	0.00210	0.99421
1226 T	0.00375	0.00204	0.99421
1227 C	0.00376	0.00203	0.99421
1228 A	0.00376	0.00204	0.9942
1229 A	0.00377	0.00203	0.9942
1230 T	0.00380	0.00201	0.99419
1231 T	0.00381	0.00200	0.99419
1232 C	0.00381	0.00201	0.99418
1233 T	0.00383	0.00199	0.99418
1234 A	0.00384	0.00201	0.99415
1235 C	0.00385	0.00202	0.99413
1236 A	0.00388	0.00213	0.99398
1237 G	0.00394	0.00214	0.99392
1238 A	0.00400	0.00215	0.99385
1239 A	0.00411	0.00209	0.9938
1240 A	0.00418	0.00204	0.99378
1241 T	0.00430	0.00159	0.99411
1242 T	0.00440	0.00133	0.99427
1243 G	0.00445	0.00121	0.99434
1244 A	0.00450	0.00116	0.99434
1245 T	0.00468	0.00100	0.99432
1246 A	0.00468	0.00103	0.99428
1247 T	0.00470	0.00105	0.99425
1248 T	0.00468	0.00115	0.99418
1249 A	0.00465	0.00119	0.99416
1250 A	0.00463	0.00120	0.99417
1251 T	0.00463	0.00119	0.99418
1252 A	0.00462	0.00118	0.9942
1253 C	0.00462	0.00117	0.99422
1254 G	0.00461	0.00117	0.99423
1255 C	0.00461	0.00116	0.99424
1256 C	0.00458	0.00118	0.99423
1257 A	0.00457	0.00120	0.99423
1258 C	0.00461	0.00116	0.99423
1259 T	0.00476	0.00101	0.99423
1260 T	0.00480	0.00097	0.99423
1261 C	0.00478	0.00100	0.99422
1262 C	0.00476	0.00106	0.99418
1263 T	0.00473	0.00137	0.9939
1264 T	0.00459	0.00214	0.99327
1265 T	0.00425	0.00282	0.99292
1266 A	0.00394	0.00365	0.99241
1267 A	0.00384	0.00386	0.99231
1268 T	0.00385	0.00387	0.99228
1269 A	0.00381	0.00389	0.99229
1270 A	0.00382	0.00387	0.99231
1271 C	0.00384	0.00382	0.99234
1272 T	0.00372	0.00393	0.99236
1273 C	0.00349	0.00415	0.99236
1274 A	0.00320	0.00447	0.99233
1275 A	0.00304	0.00466	0.9923
1276 A	0.00298	0.00474	0.99228
1277 A	0.00292	0.00482	0.99227
1278 A	0.00289	0.00487	0.99224
1279 A	0.00288	0.00487	0.99225
1280 T	0.00287	0.00487	0.99225
1281 A	0.00281	0.00499	0.9922
1282 A	0.00280	0.00506	0.99214
1283 A	0.00281	0.00504	0.99215
1284 A	0.00285	0.00488	0.99227
1285 G	0.00295	0.00461	0.99243
1286 A	0.00336	0.00404	0.9926
1287 T	0.00404	0.00308	0.99287
1288 C	0.00432	0.00248	0.9932
1289 C	0.00465	0.00197	0.99338
1290 T	0.00473	0.00187	0.9934
1291 T	0.00474	0.00187	0.99339
1292 T	0.00471	0.00195	0.99334
1293 A	0.00461	0.00216	0.99323
1294 T	0.00458	0.00222	0.9932
1295 T	0.00442	0.00239	0.99319
1296 A	0.00416	0.00260	0.99323
1297 G	0.00399	0.00259	0.99342
1298 G	0.00369	0.00291	0.9934
1299 A	0.00348	0.00322	0.9933
1300 G	0.00336	0.00332	0.99331
1301 G	0.00337	0.00336	0.99328
1302 A	0.00342	0.00335	0.99323
1303 A	0.00348	0.00330	0.99323
1304 C	0.00357	0.00317	0.99326
1305 T	0.00365	0.00312	0.99324
1306 T	0.00366	0.00317	0.99316
1307 T	0.00366	0.00323	0.99311
1308 A	0.00362	0.00330	0.99308
1309 A	0.00360	0.00335	0.99305
1310 G	0.00359	0.00336	0.99305
1311 A	0.00359	0.00336	0.99305
1312 T	0.00361	0.00332	0.99306
1313 T	0.00364	0.00328	0.99309
1314 A	0.00365	0.00325	0.9931
1315 G	0.00373	0.00312	0.99315
1316 G	0.00385	0.00289	0.99327
1317 A	0.00397	0.00271	0.99332
1318 T	0.00423	0.00227	0.99349
1319 T	0.00444	0.00183	0.99373
1320 A	0.00449	0.00163	0.99387
1321 T	0.00459	0.00123	0.99417
1322 A	0.00466	0.00098	0.99436
1323 C	0.00470	0.00079	0.99451
1324 T	0.00479	0.00068	0.99454
1325 C	0.00485	0.00061	0.99454
1326 T	0.00489	0.00058	0.99453
1327 T	0.00490	0.00060	0.9945
1328 G	0.00490	0.00064	0.99445
1329 T	0.00490	0.00071	0.99438
