# lcl|CP097583.1_cds_USQ93230.1_1
# AA	inside	membr	outside
1 A	0.65112	0.00000	0.34889
2 T	0.65100	0.00012	0.34889
3 G	0.65096	0.00016	0.34889
4 A	0.65096	0.01488	0.33417
5 T	0.65057	0.02869	0.32074
6 T	0.65057	0.03466	0.31477
7 A	0.64604	0.04384	0.31011
8 A	0.64604	0.04391	0.31004
9 A	0.64588	0.04511	0.30901
10 T	0.64588	0.10934	0.24478
11 A	0.64581	0.11521	0.23898
12 T	0.64457	0.11881	0.23661
13 T	0.63958	0.13597	0.22446
14 A	0.63957	0.13597	0.22446
15 T	0.63957	0.15122	0.20922
16 G	0.63644	0.15434	0.20922
17 A	0.63475	0.15622	0.20904
18 C	0.63466	0.15673	0.20862
19 T	0.63378	0.15839	0.20783
20 T	0.62915	0.17807	0.19279
21 G	0.61786	0.18940	0.19275
22 A	0.61706	0.19209	0.19085
23 T	0.61688	0.19260	0.19052
24 T	0.61285	0.19677	0.19038
25 C	0.60899	0.20033	0.19068
26 A	0.60701	0.20282	0.19017
27 C	0.61622	0.19313	0.19065
28 G	0.62610	0.18307	0.19083
29 A	0.63225	0.17689	0.19086
30 T	0.64230	0.16481	0.19289
31 C	0.64310	0.16361	0.19328
32 C	0.64544	0.16123	0.19332
33 G	0.69271	0.11405	0.19324
34 A	0.69641	0.11135	0.19224
35 T	0.70111	0.10596	0.19292
36 T	0.70732	0.09785	0.19483
37 A	0.69880	0.10622	0.19498
38 T	0.70371	0.09858	0.19771
39 C	0.66609	0.13029	0.20361
40 A	0.64278	0.15191	0.20531
41 C	0.63035	0.16145	0.2082
42 T	0.62448	0.17013	0.20539
43 G	0.62043	0.17348	0.20609
44 A	0.60400	0.18983	0.20616
45 A	0.58788	0.21025	0.20187
46 T	0.58256	0.21384	0.20361
47 C	0.57582	0.21287	0.2113
48 T	0.56664	0.21949	0.21387
49 A	0.54242	0.24280	0.21479
50 C	0.53100	0.25314	0.21586
51 T	0.51731	0.27047	0.21222
52 A	0.47065	0.33383	0.19552
53 A	0.44581	0.36999	0.18419
54 T	0.42873	0.39332	0.17796
55 A	0.37793	0.45554	0.16654
56 A	0.32463	0.51447	0.1609
57 A	0.29353	0.54650	0.15998
58 A	0.27172	0.57399	0.15428
59 A	0.25884	0.58696	0.15419
60 A	0.24762	0.59224	0.16013
61 A	0.24317	0.59081	0.16601
62 T	0.24135	0.55839	0.20027
63 G	0.23703	0.54217	0.2208
64 G	0.23592	0.53447	0.22961
65 A	0.23818	0.53302	0.22881
66 A	0.23834	0.52620	0.23546
67 A	0.23998	0.51187	0.24814
68 T	0.24651	0.48792	0.26557
69 T	0.24574	0.48555	0.26871
70 A	0.24360	0.48744	0.26895
71 A	0.24342	0.48298	0.27361
72 T	0.24411	0.46095	0.29495
73 A	0.24195	0.45211	0.30594
74 A	0.24216	0.43555	0.32229
75 T	0.25778	0.37299	0.36923
76 G	0.26304	0.36063	0.37633
77 A	0.26472	0.36782	0.36746
78 A	0.27183	0.33965	0.38851
79 T	0.27932	0.28545	0.43523
80 A	0.27699	0.26342	0.45959
81 T	0.28391	0.23664	0.47945
82 A	0.28900	0.22170	0.4893
83 C	0.29632	0.20272	0.50096
84 T	0.30367	0.19723	0.4991
85 T	0.30675	0.19870	0.49455
86 T	0.30645	0.20247	0.49108
87 T	0.27648	0.24250	0.48102
88 A	0.22072	0.31905	0.46023
89 A	0.19428	0.36542	0.4403
90 G	0.18329	0.38755	0.42916
91 G	0.17881	0.40110	0.42009
92 T	0.18110	0.42053	0.39838
93 T	0.17654	0.45819	0.36526
94 A	0.15212	0.52984	0.31804
95 A	0.13141	0.58467	0.28392
96 A	0.11777	0.62514	0.25709
97 A	0.10983	0.64723	0.24294
98 A	0.10975	0.65483	0.23542
99 A	0.12480	0.64059	0.23461
100 G	0.14778	0.61126	0.24097
101 A	0.16616	0.58944	0.24441
102 A	0.17150	0.58250	0.246
103 T	0.17512	0.57575	0.24913
104 C	0.16813	0.58446	0.24741
105 T	0.16182	0.60203	0.23615
106 A	0.15282	0.62820	0.21898
107 A	0.15097	0.63685	0.21219
108 T	0.15476	0.63922	0.20602
109 A	0.15591	0.64356	0.20053
110 A	0.16262	0.60946	0.22792
111 A	0.17308	0.54553	0.28139
112 A	0.18900	0.50605	0.30495
113 T	0.19933	0.49879	0.30187
114 A	0.20521	0.53575	0.25904
115 G	0.22209	0.58036	0.19755
116 A	0.24669	0.55446	0.19885
117 A	0.28135	0.50461	0.21404
118 A	0.30813	0.46035	0.23153
119 T	0.33240	0.42330	0.2443
120 C	0.33610	0.41337	0.25054
121 A	0.33146	0.42216	0.24638
122 G	0.32976	0.42667	0.24356
123 A	0.32248	0.43866	0.23885
124 A	0.31918	0.44241	0.23841
125 A	0.32085	0.44115	0.238
126 A	0.32832	0.42582	0.24587
127 G	0.33538	0.40206	0.26256
128 C	0.34720	0.37862	0.27418
129 T	0.36005	0.37114	0.26881
130 A	0.34718	0.40684	0.24598
131 T	0.33625	0.44452	0.21922
132 A	0.31879	0.47600	0.2052
133 G	0.30966	0.48880	0.20153
134 A	0.31047	0.48015	0.20938
135 A	0.31776	0.46595	0.21629
136 C	0.33473	0.43937	0.22591
137 A	0.38063	0.39276	0.2266
138 T	0.44576	0.32562	0.22862
139 A	0.45357	0.31704	0.22939
140 T	0.46356	0.30313	0.23332
141 T	0.46735	0.29633	0.23632
142 T	0.46837	0.28334	0.24829
143 T	0.46762	0.27231	0.26007
144 C	0.45202	0.27773	0.27025
145 A	0.44345	0.28934	0.26721
146 A	0.43761	0.29228	0.27011
147 A	0.43109	0.29701	0.27189
148 G	0.42758	0.29920	0.27322
149 T	0.42843	0.29842	0.27315
150 A	0.42167	0.30291	0.27542
151 A	0.42511	0.29421	0.28068
152 A	0.43554	0.27654	0.28792
153 A	0.46006	0.23303	0.30692
154 G	0.48574	0.18728	0.32698
155 T	0.50705	0.14487	0.34808
156 T	0.51523	0.12626	0.35851
157 T	0.51891	0.11635	0.36474
158 T	0.52005	0.11174	0.36821
159 T	0.52032	0.11014	0.36955
160 T	0.52035	0.10846	0.3712
161 C	0.51889	0.10928	0.37183
162 T	0.51952	0.10991	0.37056
163 G	0.51929	0.11215	0.36856
164 T	0.51980	0.11271	0.36749
165 T	0.51975	0.11487	0.36538
166 A	0.51884	0.11875	0.36241
167 A	0.51840	0.10824	0.37335
168 T	0.52335	0.09468	0.38196
169 G	0.52389	0.08745	0.38865
170 T	0.52620	0.07822	0.39558
171 T	0.52712	0.07486	0.39802
172 A	0.52532	0.07810	0.39659
173 T	0.52556	0.07436	0.40008
174 G	0.52008	0.08453	0.39539
175 A	0.51255	0.10070	0.38675
176 A	0.50745	0.11902	0.37352
177 T	0.50479	0.13442	0.36079
178 G	0.49624	0.16522	0.33854
179 T	0.48948	0.21206	0.29846
180 A	0.47482	0.23888	0.2863
181 T	0.46866	0.24769	0.28365
182 T	0.46043	0.25709	0.28248
183 A	0.44069	0.27848	0.28082
184 C	0.42200	0.29670	0.28129
185 C	0.39612	0.33009	0.27378
186 T	0.37956	0.35966	0.26078
187 A	0.35383	0.40103	0.24514
188 A	0.34647	0.40946	0.24407
189 A	0.34466	0.41124	0.24409
190 T	0.34757	0.40679	0.24565
191 T	0.34201	0.41078	0.24721
192 C	0.33405	0.41931	0.24665
193 A	0.32821	0.43885	0.23294
194 A	0.31661	0.45629	0.22711
195 A	0.31175	0.46406	0.22419
196 A	0.30687	0.47278	0.22035
197 A	0.30785	0.47036	0.22179
198 A	0.31174	0.45924	0.22902
199 A	0.32353	0.44123	0.23524
200 A	0.33641	0.42217	0.24142
201 A	0.35789	0.38927	0.25284
202 G	0.39556	0.33637	0.26807
203 G	0.41008	0.30674	0.28319
204 T	0.41764	0.29083	0.29153
205 A	0.42053	0.28121	0.29826
206 A	0.42494	0.26066	0.3144
207 A	0.43105	0.23168	0.33727
208 T	0.44215	0.19178	0.36607
209 T	0.45158	0.16093	0.38748
210 T	0.46091	0.12737	0.41172
211 C	0.45882	0.12032	0.42086
212 A	0.45652	0.12925	0.41422
213 A	0.45382	0.13761	0.40858
214 G	0.43861	0.15504	0.40635
215 G	0.43719	0.16509	0.39771
216 T	0.45057	0.17541	0.37403
217 T	0.45455	0.17074	0.3747
218 A	0.45223	0.18306	0.36471
219 T	0.45207	0.19418	0.35374
220 A	0.44815	0.19698	0.35486
221 C	0.44723	0.19391	0.35887
222 T	0.44246	0.20299	0.35454
223 T	0.43767	0.21020	0.35212
224 C	0.43342	0.21656	0.35002
225 T	0.42992	0.22573	0.34435
226 G	0.41942	0.24715	0.33343
227 G	0.41051	0.25877	0.33072
228 T	0.40730	0.26438	0.32832
229 T	0.40110	0.27308	0.32582
230 A	0.39187	0.28522	0.32292
231 C	0.38737	0.29066	0.32196
232 A	0.38398	0.29632	0.3197
233 A	0.38236	0.29897	0.31866
234 A	0.38327	0.29707	0.31966
235 A	0.39243	0.28613	0.32143
236 A	0.40221	0.27375	0.32404
237 A	0.41281	0.24397	0.34323
238 G	0.42860	0.22046	0.35094
239 C	0.45530	0.18966	0.35505
240 A	0.46775	0.17596	0.35629
241 A	0.48455	0.15557	0.35988
242 T	0.50563	0.13066	0.36371
243 T	0.50873	0.12421	0.36706
244 G	0.50892	0.12425	0.36683
245 T	0.50335	0.13053	0.36612
246 T	0.49427	0.15617	0.34955
247 A	0.47755	0.18028	0.34217
248 A	0.45637	0.21014	0.33348
249 A	0.44985	0.21603	0.33412
250 T	0.44010	0.22535	0.33456
251 T	0.42791	0.24506	0.32703
252 G	0.41720	0.25299	0.32982
253 T	0.41297	0.25158	0.33545
254 T	0.40488	0.25680	0.33832
255 T	0.39281	0.26687	0.34032
256 C	0.38165	0.27650	0.34184
257 C	0.37699	0.28090	0.34211
258 A	0.37337	0.28444	0.3422
259 G	0.37045	0.28730	0.34225
260 C	0.36936	0.28837	0.34228
261 T	0.36847	0.28943	0.34211
262 C	0.36609	0.29218	0.34172
263 A	0.36292	0.29719	0.33989
264 A	0.36092	0.30109	0.33798
265 A	0.36036	0.30312	0.33653
266 G	0.36088	0.30223	0.33688
267 A	0.36322	0.30143	0.33535
268 A	0.37465	0.27652	0.34883
269 T	0.40060	0.23987	0.35953
270 A	0.40857	0.21895	0.37248
271 A	0.41995	0.18739	0.39267
272 A	0.42644	0.16701	0.40655
273 T	0.43680	0.14124	0.42196
274 G	0.44493	0.12769	0.42738
275 T	0.44143	0.15227	0.40631
276 T	0.43147	0.18170	0.38683
277 T	0.38915	0.27896	0.33189
278 T	0.37729	0.31127	0.31145
279 T	0.35317	0.35275	0.29409
280 A	0.29309	0.43884	0.26807
281 A	0.27722	0.45904	0.26373
282 T	0.27033	0.46669	0.26298
283 G	0.26942	0.46670	0.26388
284 A	0.26931	0.46606	0.26463
285 A	0.26956	0.46406	0.26638
286 G	0.27071	0.46057	0.26872
287 A	0.27193	0.45781	0.27026
288 A	0.27319	0.45541	0.2714
289 A	0.27480	0.45268	0.27251
290 A	0.27793	0.44826	0.27381
291 A	0.28104	0.44369	0.27527
292 C	0.28422	0.43865	0.27712
293 A	0.28757	0.43412	0.27831
294 A	0.29266	0.42794	0.2794
295 A	0.30105	0.41855	0.28039
296 A	0.31461	0.40369	0.2817
297 A	0.34247	0.37259	0.28493
298 T	0.40811	0.27332	0.31856
299 A	0.44959	0.19024	0.36017
300 A	0.53329	0.00000	0.46671
