# lcl|CP097583.1_cds_USQ93419.1_1
# AA	inside	membr	outside
1 A	0.40046	0.00000	0.59954
2 T	0.40014	0.00032	0.59954
3 G	0.39989	0.00056	0.59954
4 T	0.39989	0.00127	0.59884
5 T	0.38640	0.01588	0.59772
6 T	0.38640	0.01625	0.59735
7 C	0.21785	0.18512	0.59703
8 G	0.21785	0.18514	0.59701
9 A	0.20348	0.19973	0.5968
10 A	0.20345	0.21207	0.58448
11 T	0.20186	0.21397	0.58417
12 A	0.15499	0.26101	0.584
13 A	0.11226	0.30419	0.58356
14 A	0.11225	0.30419	0.58356
15 T	0.11225	0.30506	0.58269
16 A	0.11200	0.30531	0.58269
17 A	0.11168	0.30564	0.58268
18 T	0.11167	0.30569	0.58263
19 T	0.11097	0.30648	0.58255
20 T	0.10513	0.31483	0.58004
21 A	0.04504	0.37495	0.58002
22 A	0.04317	0.37763	0.5792
23 A	0.04201	0.37889	0.57909
24 T	0.04138	0.37951	0.57912
25 A	0.04008	0.37768	0.58224
26 A	0.03971	0.37504	0.58525
27 A	0.04025	0.36083	0.59892
28 A	0.04157	0.34186	0.61658
29 G	0.04239	0.32939	0.62822
30 T	0.04598	0.19161	0.76242
31 T	0.04660	0.18526	0.76814
32 A	0.04704	0.16965	0.7833
33 T	0.05434	0.15440	0.79126
34 G	0.05449	0.14941	0.79609
35 T	0.05470	0.11286	0.83244
36 T	0.05487	0.08340	0.86173
37 G	0.05484	0.08256	0.8626
38 C	0.05515	0.08216	0.8627
39 A	0.05507	0.09723	0.84771
40 A	0.05513	0.09879	0.84609
41 A	0.05520	0.09861	0.84618
42 A	0.05542	0.09782	0.84676
43 G	0.05764	0.09023	0.85213
44 G	0.05789	0.03479	0.90733
45 T	0.05901	0.03062	0.91036
46 G	0.05936	0.02875	0.91189
47 G	0.05973	0.02863	0.91165
48 T	0.06014	0.02971	0.91015
49 T	0.06025	0.03885	0.9009
50 T	0.06030	0.04184	0.89786
51 T	0.06032	0.04479	0.89489
52 A	0.06018	0.04557	0.89425
53 T	0.06010	0.04652	0.89338
54 T	0.05998	0.04664	0.89337
55 A	0.05984	0.04674	0.89342
56 C	0.06007	0.04641	0.89351
57 G	0.06028	0.04616	0.89356
58 C	0.06060	0.04584	0.89357
59 C	0.06138	0.04503	0.89359
60 A	0.06200	0.04442	0.89358
61 G	0.06322	0.04320	0.89357
62 C	0.07716	0.02920	0.89364
63 T	0.07976	0.02665	0.89359
64 T	0.08103	0.02537	0.8936
65 T	0.08176	0.02457	0.89367
66 A	0.08196	0.02436	0.89368
67 T	0.08337	0.02291	0.89372
68 G	0.08344	0.02275	0.8938
69 C	0.08402	0.02214	0.89384
70 A	0.08524	0.02099	0.89378
71 A	0.08824	0.01802	0.89374
72 T	0.09744	0.00882	0.89374
73 G	0.09952	0.00672	0.89376
74 T	0.10114	0.00508	0.89377
75 T	0.10079	0.00520	0.89401
76 T	0.09994	0.00590	0.89416
77 C	0.09739	0.00831	0.89431
78 G	0.09228	0.01356	0.89415
79 C	0.09077	0.01527	0.89396
80 T	0.08908	0.01718	0.89374
81 T	0.08636	0.02007	0.89358
82 A	0.08223	0.02444	0.89333
83 T	0.08059	0.02617	0.89324
84 C	0.07796	0.02881	0.89323
85 T	0.07672	0.03005	0.89324
86 T	0.07578	0.03097	0.89325
87 A	0.07454	0.03220	0.89326
88 C	0.07391	0.03280	0.89328
89 C	0.07353	0.03317	0.8933
90 T	0.07318	0.03351	0.89331
91 G	0.07262	0.03403	0.89335
92 A	0.07226	0.03438	0.89336
93 T	0.07216	0.03447	0.89337
94 A	0.07202	0.03457	0.89341
95 A	0.07192	0.03441	0.89366
96 A	0.07187	0.03353	0.89459
97 G	0.07187	0.03207	0.89605
98 G	0.07185	0.03070	0.89746
99 A	0.07188	0.02905	0.89907
100 A	0.07195	0.02617	0.90188
101 T	0.07226	0.02062	0.90713
102 G	0.07251	0.01808	0.9094
103 T	0.07277	0.01529	0.91193
104 G	0.07289	0.01223	0.91488
105 T	0.07308	0.00893	0.918
106 T	0.07312	0.00770	0.91918
107 T	0.07313	0.00606	0.92082
108 T	0.07313	0.00507	0.9218
109 G	0.07312	0.00459	0.92229
110 T	0.07310	0.00466	0.92224
111 T	0.07289	0.00636	0.92075
112 T	0.07243	0.01117	0.91639
113 T	0.07037	0.02259	0.90704
114 A	0.06724	0.03372	0.89904
115 G	0.06578	0.04214	0.89208
116 G	0.06488	0.04779	0.88733
117 A	0.06453	0.05374	0.88173
118 A	0.06446	0.05471	0.88083
119 A	0.06445	0.05517	0.88038
120 A	0.06441	0.05537	0.88023
121 T	0.06441	0.05541	0.88018
122 C	0.06439	0.05542	0.8802
123 A	0.06434	0.05548	0.88018
124 G	0.06434	0.05548	0.88019
125 G	0.06437	0.05544	0.88018
126 C	0.06442	0.05539	0.88018
127 T	0.06457	0.05525	0.88018
128 C	0.06463	0.05519	0.88018
129 T	0.06472	0.05512	0.88016
130 G	0.06467	0.05520	0.88013
131 G	0.06474	0.05515	0.88011
132 A	0.06505	0.05485	0.88011
133 A	0.06621	0.05363	0.88015
134 A	0.06883	0.05036	0.88081
135 A	0.07529	0.04301	0.8817
136 T	0.08730	0.02848	0.88423
137 C	0.09512	0.01777	0.88711
138 T	0.10150	0.01049	0.88801
139 A	0.10438	0.00713	0.88849
140 C	0.10845	0.00286	0.88869
141 T	0.10946	0.00192	0.88861
142 T	0.10990	0.00155	0.88856
143 T	0.10999	0.00151	0.88851
144 T	0.10984	0.00182	0.88834
145 T	0.10940	0.00289	0.88771
146 T	0.10854	0.00423	0.88722
147 T	0.10586	0.00739	0.88675
148 A	0.10392	0.01020	0.88588
149 A	0.10322	0.01094	0.88585
150 T	0.10298	0.01117	0.88586
151 A	0.10273	0.01140	0.88587
152 T	0.10262	0.01144	0.88595
153 C	0.10174	0.01219	0.88606
154 T	0.10113	0.01278	0.88609
155 T	0.10064	0.01327	0.88608
156 A	0.09951	0.01442	0.88608
157 A	0.09886	0.01509	0.88606
158 C	0.09855	0.01539	0.88605
159 T	0.09835	0.01561	0.88605
160 G	0.09759	0.01640	0.88601
161 G	0.09711	0.01693	0.88596
162 A	0.09700	0.01713	0.88587
163 A	0.09694	0.01729	0.88577
164 T	0.09703	0.01722	0.88575
165 A	0.09706	0.01720	0.88574
166 G	0.09727	0.01663	0.88609
167 A	0.09750	0.01586	0.88664
168 T	0.09821	0.01428	0.8875
169 A	0.09849	0.01302	0.88849
170 C	0.09892	0.01003	0.89105
171 T	0.09961	0.00828	0.89211
172 T	0.09957	0.00792	0.8925
173 T	0.09945	0.00786	0.8927
174 T	0.09915	0.00797	0.89287
175 A	0.09889	0.00814	0.89296
176 G	0.09880	0.00680	0.89441
177 C	0.09869	0.00603	0.89528
178 G	0.09858	0.00589	0.89553
179 A	0.09848	0.00602	0.8955
180 T	0.09811	0.00605	0.89585
181 G	0.09784	0.00626	0.8959
182 G	0.09773	0.00636	0.89591
183 A	0.09769	0.00587	0.89645
184 C	0.09772	0.00563	0.89666
185 A	0.09778	0.00605	0.89617
186 A	0.09785	0.00640	0.89574
187 G	0.09794	0.00643	0.89563
188 T	0.09809	0.00636	0.89555
189 T	0.09804	0.00666	0.89531
190 A	0.09800	0.00718	0.89482
191 G	0.09800	0.00726	0.89475
192 T	0.09802	0.00741	0.89457
193 G	0.09799	0.00744	0.89457
194 T	0.09804	0.00737	0.89459
195 T	0.09798	0.00737	0.89465
196 G	0.09772	0.00756	0.89472
197 C	0.09759	0.00750	0.89491
198 T	0.09736	0.00782	0.89482
199 A	0.09686	0.00835	0.89479
200 A	0.09671	0.00848	0.89482
201 A	0.09682	0.00830	0.89487
202 A	0.09724	0.00780	0.89496
203 C	0.09735	0.00715	0.8955
204 T	0.09755	0.00684	0.89562
205 G	0.09764	0.00697	0.8954
206 A	0.09765	0.00764	0.89471
207 T	0.09796	0.00781	0.89423
208 A	0.09837	0.00747	0.89416
209 T	0.09890	0.00689	0.8942
210 T	0.09911	0.00667	0.89423
211 A	0.09910	0.00667	0.89423
212 C	0.09912	0.00660	0.89429
213 T	0.09949	0.00626	0.89425
214 A	0.09937	0.00655	0.89409
215 A	0.09959	0.00640	0.89402
216 T	0.09971	0.00634	0.89396
217 T	0.09942	0.00688	0.89371
218 T	0.09901	0.00723	0.89376
219 T	0.09825	0.00771	0.89404
220 A	0.09628	0.00955	0.89417
221 A	0.09529	0.01032	0.89439
222 T	0.09497	0.01019	0.89485
223 C	0.09421	0.01078	0.89501
224 A	0.09368	0.01130	0.89502
225 A	0.09338	0.01155	0.89508
226 A	0.09321	0.01170	0.8951
227 G	0.09299	0.01185	0.89516
228 A	0.09319	0.01159	0.89522
229 C	0.09386	0.01061	0.89552
230 T	0.09433	0.01011	0.89556
231 T	0.09430	0.01014	0.89556
232 T	0.09412	0.01038	0.8955
233 T	0.09385	0.01074	0.89541
234 A	0.09288	0.01188	0.89524
235 G	0.09215	0.01248	0.89537
236 A	0.09190	0.01274	0.89536
237 T	0.09196	0.01252	0.89551
238 A	0.09172	0.01291	0.89537
239 A	0.09172	0.01274	0.89554
240 T	0.09195	0.01188	0.89618
241 T	0.09194	0.01123	0.89684
242 A	0.09184	0.01052	0.89765
243 T	0.09180	0.00858	0.89961
244 C	0.09174	0.00755	0.90072
245 G	0.09171	0.00732	0.90097
246 T	0.09168	0.00697	0.90135
247 A	0.09163	0.00679	0.90159
248 A	0.09159	0.00661	0.9018
249 T	0.09159	0.00644	0.90197
250 G	0.09157	0.00606	0.90237
251 G	0.09155	0.00589	0.90256
252 G	0.09157	0.00583	0.9026
253 A	0.09163	0.00584	0.90253
254 T	0.09175	0.00573	0.90252
255 G	0.09183	0.00559	0.90258
256 A	0.09193	0.00529	0.90278
257 T	0.09217	0.00423	0.9036
258 T	0.09225	0.00349	0.90426
259 G	0.09229	0.00319	0.90452
260 G	0.09242	0.00297	0.90461
261 T	0.09269	0.00247	0.90484
262 T	0.09273	0.00236	0.90491
263 T	0.09266	0.00240	0.90494
264 T	0.09252	0.00252	0.90496
265 G	0.09238	0.00261	0.90501
266 T	0.09232	0.00270	0.90497
267 T	0.09224	0.00275	0.90501
268 T	0.09207	0.00293	0.905
269 T	0.09175	0.00329	0.90496
270 T	0.09093	0.00419	0.90488
271 C	0.08739	0.00800	0.90461
272 A	0.08508	0.01077	0.90415
273 A	0.08379	0.01244	0.90376
274 G	0.08339	0.01298	0.90364
275 A	0.08331	0.01321	0.90348
276 A	0.08328	0.01338	0.90333
277 T	0.08360	0.01314	0.90327
278 T	0.08378	0.01302	0.90321
279 T	0.08379	0.01319	0.90301
280 A	0.08375	0.01339	0.90286
281 A	0.08372	0.01350	0.90278
282 T	0.08368	0.01354	0.90278
283 T	0.08362	0.01367	0.90272
284 T	0.08349	0.01387	0.90264
285 A	0.08300	0.01449	0.9025
286 A	0.08257	0.01506	0.90238
287 T	0.08219	0.01561	0.9022
288 G	0.08106	0.01742	0.90152
289 G	0.07780	0.02201	0.90019
290 A	0.07628	0.02477	0.89894
291 A	0.07488	0.02768	0.89744
292 G	0.07420	0.02858	0.89722
293 A	0.07405	0.02840	0.89755
294 T	0.07418	0.02554	0.90028
295 A	0.07424	0.02373	0.90203
296 T	0.07447	0.02235	0.90317
297 G	0.07419	0.02232	0.90349
298 A	0.07418	0.02223	0.9036
299 C	0.07422	0.02197	0.90381
300 T	0.07429	0.02212	0.90359
301 G	0.07432	0.02236	0.90332
302 T	0.07453	0.02215	0.90331
303 A	0.07454	0.02231	0.90315
304 T	0.07457	0.02242	0.903
305 T	0.07454	0.02236	0.9031
306 C	0.07428	0.02256	0.90316
307 G	0.07392	0.02350	0.90257
308 A	0.07362	0.02533	0.90106
309 A	0.07365	0.02551	0.90084
310 A	0.07413	0.02497	0.90091
311 A	0.07528	0.02316	0.90156
312 T	0.07708	0.01801	0.90492
313 A	0.07843	0.01515	0.90642
314 T	0.08040	0.01171	0.90789
315 T	0.08106	0.01059	0.90835
316 A	0.08131	0.01071	0.90797
317 T	0.08154	0.01045	0.90801
318 T	0.08145	0.01061	0.90794
319 T	0.08110	0.01087	0.90803
320 T	0.08027	0.01155	0.90818
321 G	0.07773	0.01483	0.90743
322 A	0.07480	0.01940	0.90579
323 C	0.07296	0.02266	0.90437
324 T	0.07250	0.02393	0.90357
325 A	0.07172	0.02591	0.90236
326 A	0.07146	0.02711	0.90144
327 T	0.07169	0.02736	0.90095
328 C	0.07175	0.02820	0.90004
329 A	0.07162	0.02992	0.89846
330 A	0.07113	0.03048	0.89839
331 T	0.07193	0.02960	0.89847
332 T	0.07015	0.03153	0.89833
333 G	0.06385	0.03864	0.89752
334 C	0.05542	0.04908	0.8955
335 A	0.05140	0.05587	0.89273
336 A	0.04949	0.05910	0.89141
337 A	0.04791	0.06153	0.89056
338 A	0.04701	0.06300	0.88998
339 T	0.04539	0.06532	0.8893
340 A	0.04229	0.06931	0.8884
341 A	0.04100	0.07111	0.88789
342 A	0.04018	0.07149	0.88833
343 A	0.03975	0.07098	0.88927
344 A	0.04013	0.06818	0.89169
345 A	0.04154	0.06376	0.8947
346 C	0.04303	0.05985	0.89712
347 C	0.04395	0.05848	0.89757
348 T	0.04520	0.05720	0.89761
349 G	0.04582	0.05669	0.8975
350 A	0.04621	0.05644	0.89736
351 T	0.04710	0.05549	0.89741
352 A	0.04840	0.05387	0.89773
353 T	0.04911	0.05096	0.89993
354 T	0.04968	0.04898	0.90133
355 A	0.05018	0.04616	0.90365
356 A	0.05146	0.03908	0.90946
357 T	0.05435	0.02748	0.91817
358 T	0.05637	0.02183	0.9218
359 T	0.05679	0.02044	0.92277
360 A	0.05655	0.02078	0.92267
361 A	0.05663	0.01979	0.92359
362 T	0.05701	0.01668	0.92631
363 T	0.05727	0.01387	0.92887
364 T	0.05611	0.01489	0.929
365 A	0.05383	0.01785	0.92832
366 T	0.05301	0.01873	0.92825
367 A	0.05194	0.01997	0.92809
368 A	0.05120	0.02062	0.92818
369 T	0.05108	0.02079	0.92813
370 T	0.05087	0.02192	0.92722
371 T	0.05056	0.02326	0.92618
372 A	0.04957	0.02602	0.92441
373 T	0.04891	0.02757	0.92351
374 T	0.04673	0.03136	0.9219
375 T	0.04061	0.04119	0.91819
376 G	0.03014	0.06312	0.90674
377 A	0.02509	0.07493	0.89998
378 A	0.02210	0.07988	0.89802
379 A	0.02113	0.08178	0.89709
380 A	0.02085	0.08233	0.89681
381 A	0.02116	0.08193	0.8969
382 G	0.02187	0.08078	0.89734
383 T	0.02326	0.07881	0.89794
384 A	0.02369	0.07820	0.8981
385 A	0.02428	0.07751	0.89821
386 A	0.02508	0.07609	0.89882
387 T	0.02643	0.07284	0.90073
388 T	0.02740	0.06989	0.90272
389 T	0.02775	0.06889	0.90336
390 A	0.02796	0.06820	0.90384
391 G	0.02819	0.06772	0.90409
392 A	0.02841	0.06814	0.90345
393 T	0.02941	0.06763	0.90296
394 A	0.03002	0.06751	0.90246
395 A	0.03198	0.06539	0.90263
396 A	0.03339	0.06406	0.90255
397 A	0.03557	0.06001	0.90442
398 G	0.03966	0.04880	0.91154
399 T	0.05226	0.02750	0.92024
400 T	0.05812	0.01950	0.92239
401 T	0.05942	0.01984	0.92074
402 T	0.05976	0.02482	0.91542
403 T	0.05970	0.02888	0.91142
404 T	0.05918	0.03222	0.9086
405 G	0.05791	0.03385	0.90825
406 A	0.05764	0.03444	0.90792
407 A	0.05739	0.03490	0.90771
408 T	0.05750	0.03493	0.90758
409 C	0.05716	0.03544	0.9074
410 G	0.05635	0.03718	0.90647
411 T	0.05421	0.04109	0.90469
412 A	0.05301	0.04588	0.90111
413 A	0.05253	0.04975	0.89772
414 A	0.05265	0.05084	0.89651
415 A	0.05343	0.05064	0.89593
416 T	0.05465	0.04959	0.89576
417 A	0.05515	0.04881	0.89604
418 A	0.05574	0.04815	0.89611
419 A	0.05538	0.04852	0.8961
420 T	0.05697	0.04680	0.89623
421 C	0.05718	0.04652	0.8963
422 A	0.05832	0.04543	0.89625
423 A	0.06062	0.04309	0.89628
424 C	0.06494	0.03862	0.89644
425 T	0.06961	0.03390	0.89649
426 T	0.07107	0.03243	0.8965
427 T	0.06915	0.03382	0.89702
428 C	0.06146	0.04058	0.89796
429 A	0.05407	0.04826	0.89767
430 G	0.04699	0.05522	0.89779
431 G	0.03935	0.06329	0.89737
432 A	0.03475	0.06775	0.8975
433 G	0.03358	0.06839	0.89803
434 G	0.03477	0.06500	0.90023
435 A	0.03746	0.06163	0.90091
436 C	0.03989	0.05867	0.90144
437 A	0.04035	0.05927	0.90038
438 A	0.04066	0.05906	0.90028
439 A	0.03992	0.05994	0.90014
440 G	0.03865	0.06087	0.90049
441 A	0.03760	0.06204	0.90037
442 C	0.03728	0.06066	0.90206
443 A	0.03704	0.06163	0.90133
444 A	0.03689	0.06170	0.90141
445 A	0.03693	0.06132	0.90175
446 G	0.03701	0.06099	0.90199
447 A	0.03695	0.06095	0.9021
448 G	0.03703	0.05726	0.90571
449 T	0.03726	0.05367	0.90907
450 A	0.03720	0.04952	0.91328
451 G	0.03730	0.04361	0.91909
452 G	0.03754	0.03788	0.92459
453 A	0.03780	0.03330	0.9289
454 A	0.03828	0.02749	0.93424
455 T	0.03866	0.02291	0.93842
456 C	0.03882	0.02209	0.93909
457 G	0.03912	0.02723	0.93365
458 T	0.03954	0.03157	0.92889
459 A	0.03964	0.03850	0.92186
460 A	0.04034	0.03962	0.92004
461 G	0.04061	0.03978	0.91962
462 A	0.04094	0.03940	0.91966
463 G	0.04130	0.03812	0.92058
464 C	0.04200	0.03661	0.92138
465 T	0.04258	0.03770	0.91971
466 T	0.04326	0.03858	0.91817
467 T	0.04330	0.03948	0.91722
468 A	0.04299	0.04074	0.91627
469 G	0.04286	0.04119	0.91595
470 T	0.04293	0.04125	0.91582
471 A	0.04293	0.04166	0.91542
472 A	0.04312	0.04189	0.91499
473 A	0.04368	0.04174	0.91457
474 A	0.04472	0.04069	0.91458
475 A	0.04522	0.04008	0.9147
476 A	0.04678	0.03837	0.91485
477 T	0.04997	0.03498	0.91506
478 C	0.05152	0.03327	0.91521
479 C	0.05406	0.03073	0.91522
480 T	0.05945	0.02547	0.91508
481 A	0.06308	0.02213	0.91479
482 A	0.06872	0.01659	0.91469
483 T	0.07140	0.01400	0.9146
484 A	0.07235	0.01318	0.91447
485 T	0.07449	0.01094	0.91456
486 T	0.07589	0.00956	0.91455
487 A	0.07648	0.00918	0.91433
488 T	0.07801	0.00750	0.9145
489 T	0.07885	0.00651	0.91464
490 T	0.07834	0.00682	0.91484
491 T	0.07661	0.00822	0.91517
492 C	0.07445	0.01019	0.91535
493 G	0.07281	0.01185	0.91534
494 C	0.07230	0.01237	0.91533
495 A	0.07228	0.01251	0.91521
496 G	0.07253	0.01236	0.91511
497 A	0.07230	0.01268	0.91502
498 T	0.07225	0.01274	0.91502
499 G	0.07197	0.01302	0.91501
500 A	0.07185	0.01312	0.91504
501 A	0.07184	0.01306	0.91511
502 C	0.07189	0.01290	0.91521
503 C	0.07205	0.01271	0.91525
504 T	0.07238	0.01237	0.91525
505 A	0.07247	0.01229	0.91524
506 C	0.07260	0.01217	0.91523
507 T	0.07277	0.01203	0.9152
508 G	0.07279	0.01206	0.91516
509 G	0.07289	0.01194	0.91517
510 T	0.07314	0.01163	0.91522
511 A	0.07313	0.01161	0.91526
512 A	0.07317	0.01051	0.91632
513 T	0.07322	0.00830	0.91849
514 C	0.07310	0.00573	0.92117
515 T	0.07301	0.00464	0.92235
516 T	0.07279	0.00531	0.92189
517 G	0.07235	0.00783	0.91982
518 A	0.07178	0.01038	0.91784
519 T	0.07132	0.01138	0.91729
520 A	0.07019	0.01258	0.91722
521 G	0.06957	0.01327	0.91716
522 T	0.06932	0.01366	0.91702
523 G	0.06872	0.01430	0.91697
524 A	0.06842	0.01465	0.91694
525 A	0.06829	0.01475	0.91695
526 T	0.06826	0.01473	0.917
527 C	0.06822	0.01474	0.91704
528 A	0.06820	0.01476	0.91704
529 T	0.06820	0.01474	0.91707
530 C	0.06818	0.01473	0.91709
531 T	0.06820	0.01471	0.9171
532 A	0.06813	0.01478	0.91708
533 G	0.06811	0.01478	0.91711
534 T	0.06811	0.01478	0.91711
535 C	0.06803	0.01489	0.91708
536 A	0.06803	0.01493	0.91704
537 A	0.06821	0.01457	0.91722
538 G	0.06876	0.01380	0.91745
539 T	0.07047	0.01182	0.91771
540 T	0.07321	0.00870	0.91809
541 T	0.07516	0.00588	0.91896
542 T	0.07563	0.00473	0.91964
543 T	0.07579	0.00352	0.92068
544 G	0.07579	0.00310	0.92111
545 A	0.07596	0.00286	0.92118
546 T	0.07607	0.00249	0.92145
547 T	0.07600	0.00282	0.92118
548 T	0.07548	0.00420	0.92032
549 A	0.07358	0.00815	0.91828
550 T	0.07176	0.01275	0.91548
551 T	0.06531	0.02285	0.91184
552 A	0.05607	0.03528	0.90865
553 A	0.05120	0.04162	0.90717
554 A	0.04887	0.04492	0.90621
555 A	0.04756	0.04704	0.9054
556 G	0.04683	0.04804	0.90514
557 A	0.04631	0.04929	0.9044
558 T	0.04606	0.05056	0.90338
559 T	0.04565	0.05106	0.90329
560 T	0.04517	0.05165	0.90318
561 A	0.04427	0.05280	0.90293
562 T	0.04392	0.05324	0.90285
563 C	0.04326	0.05396	0.90278
564 T	0.04250	0.05503	0.90247
565 A	0.04147	0.05629	0.90223
566 A	0.04082	0.05717	0.902
567 A	0.04039	0.05768	0.90192
568 G	0.04033	0.05779	0.90188
569 A	0.04048	0.05750	0.90203
570 A	0.04107	0.05654	0.90239
571 A	0.04219	0.05442	0.90339
572 A	0.04458	0.04981	0.90562
573 A	0.04807	0.04390	0.90803
574 T	0.05205	0.03291	0.91504
575 T	0.05476	0.02234	0.9229
576 A	0.05562	0.01764	0.92675
577 G	0.05624	0.01513	0.92863
578 T	0.05699	0.01349	0.92952
579 A	0.05713	0.01299	0.92989
580 A	0.05778	0.01200	0.93021
581 T	0.05897	0.01044	0.93059
582 T	0.05906	0.01014	0.9308
583 G	0.05889	0.01169	0.92942
584 T	0.05899	0.01284	0.92817
585 T	0.05880	0.01473	0.92647
586 G	0.05852	0.01507	0.92641
587 T	0.05868	0.01448	0.92684
588 G	0.05872	0.01379	0.92749
589 T	0.05888	0.01328	0.92784
590 C	0.05884	0.01308	0.92808
591 T	0.05825	0.01382	0.92793
592 C	0.05622	0.01622	0.92756
593 A	0.05316	0.02152	0.92532
594 T	0.05181	0.02357	0.92462
595 G	0.04879	0.02762	0.92359
596 A	0.04764	0.02959	0.92277
597 T	0.04698	0.03086	0.92217
598 A	0.04607	0.03271	0.92123
599 A	0.04544	0.03449	0.92008
600 T	0.04531	0.03585	0.91884
601 G	0.04452	0.04020	0.91528
602 A	0.04454	0.04204	0.91343
603 A	0.04449	0.04365	0.91186
604 A	0.04481	0.04362	0.91156
605 A	0.04555	0.04284	0.91161
606 T	0.04766	0.04043	0.91192
607 G	0.04951	0.03841	0.91208
608 C	0.05115	0.03662	0.91223
609 T	0.05155	0.03654	0.91192
610 T	0.05131	0.03714	0.91155
611 A	0.05054	0.03818	0.91128
612 T	0.05006	0.03885	0.91109
613 A	0.04881	0.04041	0.91078
614 A	0.04819	0.04043	0.91138
615 A	0.04828	0.03847	0.91324
616 T	0.05046	0.03282	0.91672
617 A	0.05043	0.03153	0.91804
618 T	0.05066	0.02834	0.921
619 G	0.04921	0.02854	0.92225
620 C	0.04868	0.02845	0.92287
621 A	0.04901	0.02763	0.92335
622 G	0.04971	0.02659	0.9237
623 A	0.05138	0.02485	0.92377
624 T	0.05528	0.02063	0.92409
625 C	0.05651	0.01982	0.92368
626 G	0.05751	0.01931	0.92317
627 T	0.05794	0.02036	0.9217
628 A	0.05790	0.02307	0.91902
629 T	0.05807	0.02519	0.91675
630 A	0.05775	0.03016	0.91209
631 A	0.05780	0.03141	0.9108
632 T	0.05741	0.03392	0.90868
633 T	0.05485	0.03871	0.90644
634 G	0.05081	0.04441	0.90479
635 A	0.04601	0.05241	0.90157
636 A	0.04269	0.05748	0.89983
637 A	0.04165	0.05934	0.89901
638 T	0.04123	0.05997	0.8988
639 G	0.04027	0.06172	0.89801
640 A	0.03965	0.06429	0.89605
641 A	0.03938	0.06415	0.89647
642 A	0.03864	0.06340	0.89795
643 G	0.03794	0.06330	0.89876
644 A	0.03784	0.06302	0.89913
645 C	0.03787	0.06215	0.89998
646 G	0.03801	0.06194	0.90005
647 G	0.03878	0.06116	0.90006
648 T	0.04002	0.05994	0.90004
649 C	0.04093	0.05925	0.89982
650 A	0.04202	0.05931	0.89867
651 A	0.04429	0.05870	0.89702
652 A	0.04642	0.05756	0.89602
653 T	0.05080	0.05351	0.89568
654 A	0.05237	0.05284	0.89479
655 A	0.05570	0.04825	0.89605
656 T	0.05880	0.04169	0.89951
657 A	0.06018	0.03620	0.90361
658 T	0.06244	0.02915	0.90841
659 C	0.06005	0.02840	0.91155
660 T	0.05966	0.02880	0.91155
661 G	0.05769	0.03128	0.91102
662 A	0.05723	0.03187	0.91091
663 T	0.05838	0.03051	0.91111
664 T	0.05721	0.03181	0.91098
665 G	0.05515	0.03363	0.91123
666 T	0.05448	0.03360	0.91191
667 A	0.05215	0.03640	0.91144
668 T	0.05114	0.03732	0.91154
669 A	0.04888	0.03970	0.91142
670 C	0.04702	0.04160	0.91138
671 G	0.04463	0.04500	0.91037
672 T	0.04364	0.04627	0.91009
673 A	0.04244	0.04774	0.90982
674 A	0.04310	0.04722	0.90967
675 A	0.04362	0.04679	0.90959
676 C	0.04402	0.04533	0.91066
677 A	0.04458	0.04534	0.91007
678 T	0.04482	0.04600	0.90918
679 A	0.04502	0.04759	0.90739
680 A	0.04497	0.04888	0.90616
681 T	0.04533	0.04923	0.90544
682 A	0.04393	0.04783	0.90824
683 T	0.04302	0.04919	0.90779
684 T	0.03954	0.05623	0.90423
685 A	0.02775	0.08835	0.8839
686 A	0.02163	0.10361	0.87476
687 A	0.01784	0.11106	0.8711
688 G	0.01690	0.11380	0.8693
689 A	0.01636	0.11596	0.86768
690 T	0.01675	0.11477	0.86849
691 A	0.01648	0.11585	0.86767
692 A	0.01652	0.11510	0.86839
693 A	0.01636	0.11355	0.87009
694 G	0.01673	0.11073	0.87254
695 T	0.01668	0.10956	0.87376
696 A	0.01597	0.10943	0.87461
697 C	0.01567	0.10927	0.87506
698 A	0.01518	0.11100	0.87382
699 A	0.01493	0.11203	0.87303
700 G	0.01537	0.11190	0.87273
701 A	0.01643	0.11200	0.87156
702 A	0.01841	0.11127	0.87032
703 G	0.02045	0.10993	0.86963
704 A	0.02263	0.10925	0.86812
705 A	0.02629	0.10496	0.86874
706 A	0.03034	0.09879	0.87087
707 A	0.03727	0.08726	0.87547
708 T	0.06201	0.05086	0.88714
709 T	0.07255	0.03416	0.8933
710 C	0.07626	0.02673	0.89702
711 T	0.07846	0.02413	0.89741
712 T	0.07912	0.02390	0.89697
713 T	0.07860	0.02495	0.89646
714 G	0.07434	0.03017	0.89549
715 A	0.07293	0.03364	0.89342
716 A	0.07147	0.03796	0.89057
717 A	0.06784	0.04763	0.88452
718 G	0.06449	0.05498	0.88053
719 T	0.05811	0.06568	0.87621
720 A	0.03617	0.08874	0.87508
721 G	0.02778	0.09757	0.87465
722 G	0.02423	0.10371	0.87206
723 G	0.02270	0.10690	0.8704
724 C	0.02287	0.10686	0.87027
725 A	0.02316	0.10718	0.86965
726 A	0.02406	0.10685	0.86908
727 A	0.02538	0.10610	0.86851
728 C	0.02688	0.10481	0.86832
729 T	0.02700	0.10600	0.867
730 T	0.02621	0.10722	0.86658
731 T	0.02458	0.10912	0.86631
732 A	0.02162	0.11223	0.86615
733 A	0.01995	0.11388	0.86617
734 C	0.01931	0.11349	0.8672
735 T	0.01964	0.11281	0.86754
736 A	0.01943	0.11252	0.86805
737 A	0.02012	0.10887	0.87101
738 A	0.02187	0.10547	0.87267
739 G	0.02518	0.10078	0.87404
740 A	0.03059	0.09084	0.87857
741 A	0.03522	0.08220	0.88258
742 A	0.04010	0.06905	0.89085
743 T	0.04239	0.04527	0.91234
744 G	0.04319	0.03478	0.92203
745 T	0.04572	0.02885	0.92542
746 T	0.04687	0.03041	0.92272
747 A	0.04365	0.04105	0.9153
748 A	0.04162	0.04514	0.91324
749 A	0.04086	0.04791	0.91123
750 T	0.04058	0.04940	0.91002
751 A	0.03849	0.05649	0.90501
752 A	0.03864	0.05941	0.90195
753 T	0.03890	0.05799	0.9031
754 T	0.03829	0.05693	0.90478
755 T	0.03697	0.05670	0.90633
756 A	0.03398	0.06177	0.90425
757 C	0.03119	0.07621	0.8926
758 A	0.02331	0.09807	0.87863
759 A	0.01653	0.11531	0.86816
760 A	0.01038	0.12321	0.8664
761 A	0.00689	0.12739	0.86572
762 A	0.00584	0.12915	0.86501
763 A	0.00535	0.12967	0.86498
764 C	0.00523	0.12955	0.86522
765 A	0.00522	0.12998	0.8648
766 A	0.00559	0.12991	0.8645
767 A	0.00616	0.12928	0.86456
768 G	0.00730	0.12795	0.86475
769 A	0.01132	0.12375	0.86493
770 T	0.01896	0.11270	0.86834
771 A	0.02132	0.10802	0.87066
772 A	0.02447	0.10342	0.87212
773 A	0.02686	0.10003	0.87311
774 T	0.03092	0.09366	0.87541
775 C	0.03095	0.09283	0.87622
776 A	0.02961	0.09449	0.8759
777 A	0.03005	0.09385	0.8761
778 A	0.03156	0.09155	0.8769
779 A	0.03554	0.08554	0.87891
780 T	0.04958	0.06913	0.88129
781 A	0.06244	0.04783	0.88974
782 A	0.07238	0.03059	0.89703
783 T	0.07548	0.02088	0.90364
784 C	0.07684	0.01625	0.90692
785 A	0.07788	0.01565	0.90647
786 T	0.07919	0.01540	0.90541
787 T	0.07953	0.01512	0.90535
788 T	0.07969	0.01505	0.90526
789 T	0.07889	0.01610	0.90501
790 T	0.07586	0.01965	0.9045
791 C	0.07239	0.02358	0.90404
792 A	0.06095	0.03626	0.9028
793 A	0.05738	0.04064	0.90199
794 A	0.05555	0.04273	0.90173
795 T	0.05542	0.04318	0.9014
796 A	0.05540	0.04400	0.9006
797 A	0.05596	0.04285	0.90119
798 T	0.05652	0.04040	0.90308
799 T	0.05615	0.03908	0.90477
800 T	0.05323	0.04161	0.90517
801 C	0.04715	0.04729	0.90556
802 T	0.04378	0.05059	0.90563
803 C	0.04000	0.05431	0.90569
804 A	0.03574	0.05854	0.90572
805 C	0.03363	0.06062	0.90575
806 C	0.03312	0.06113	0.90575
807 A	0.03285	0.06141	0.90574
808 A	0.03361	0.06064	0.90575
809 C	0.03519	0.05896	0.90585
810 T	0.03596	0.05817	0.90586
811 G	0.03626	0.05751	0.90623
812 A	0.03605	0.05603	0.90792
813 T	0.03629	0.05226	0.91145
814 T	0.03526	0.05035	0.9144
815 C	0.03208	0.04260	0.92532
816 A	0.02797	0.04575	0.92628
817 A	0.02363	0.05122	0.92515
818 A	0.02251	0.05633	0.92116
819 T	0.02225	0.06032	0.91743
820 A	0.02037	0.06751	0.91213
821 A	0.01978	0.06966	0.91057
822 A	0.01947	0.06969	0.91084
823 A	0.01908	0.06697	0.91395
824 T	0.01893	0.06075	0.92032
825 T	0.01855	0.05752	0.92393
826 A	0.01802	0.05489	0.92708
827 T	0.01766	0.05146	0.93089
828 C	0.01692	0.05032	0.93276
829 C	0.01657	0.05043	0.933
830 A	0.01632	0.05075	0.93293
831 A	0.01617	0.05088	0.93294
832 G	0.01614	0.05093	0.93293
833 A	0.01614	0.05098	0.93288
834 A	0.01615	0.05075	0.93311
835 A	0.01622	0.04917	0.93461
836 G	0.01637	0.04738	0.93625
837 A	0.01662	0.04518	0.9382
838 A	0.01708	0.04084	0.94208
839 A	0.01900	0.03412	0.94688
840 C	0.02217	0.02574	0.95209
841 G	0.02660	0.02024	0.95315
842 A	0.03080	0.01544	0.95376
843 T	0.03647	0.00864	0.95489
844 T	0.03869	0.00599	0.95532
845 T	0.03950	0.00499	0.95551
846 T	0.03988	0.00404	0.95609
847 A	0.03996	0.00364	0.95641
848 T	0.04002	0.00300	0.95698
849 T	0.04008	0.00237	0.95755
850 T	0.04014	0.00189	0.95798
851 C	0.04014	0.00128	0.95858
852 T	0.04009	0.00117	0.95874
853 T	0.03977	0.00140	0.95883
854 C	0.03922	0.00190	0.95889
855 T	0.03884	0.00227	0.95889
856 C	0.03845	0.00266	0.95888
857 C	0.03830	0.00282	0.95888
858 T	0.03809	0.00303	0.95887
859 A	0.03742	0.00371	0.95887
860 G	0.03712	0.00401	0.95887
861 T	0.03701	0.00412	0.95887
862 C	0.03685	0.00428	0.95887
863 G	0.03676	0.00437	0.95887
864 T	0.03678	0.00435	0.95887
865 T	0.03677	0.00436	0.95887
866 T	0.03672	0.00441	0.95887
867 A	0.03659	0.00454	0.95888
868 C	0.03652	0.00458	0.9589
869 C	0.03648	0.00461	0.95891
870 T	0.03643	0.00468	0.95889
871 T	0.03634	0.00479	0.95888
872 T	0.03624	0.00489	0.95886
873 G	0.03612	0.00503	0.95885
874 A	0.03607	0.00505	0.95888
875 A	0.03607	0.00482	0.95911
876 T	0.03605	0.00430	0.95965
877 T	0.03603	0.00370	0.96028
878 T	0.03595	0.00339	0.96066
879 T	0.03575	0.00327	0.96098
880 A	0.03546	0.00357	0.96097
881 T	0.03536	0.00348	0.96117
882 T	0.03519	0.00311	0.96169
883 T	0.03494	0.00314	0.96192
884 T	0.03430	0.00371	0.96199
885 T	0.03264	0.00533	0.96203
886 A	0.02825	0.00976	0.96199
887 A	0.02590	0.01217	0.96193
888 A	0.02396	0.01417	0.96188
889 A	0.02288	0.01518	0.96194
890 A	0.02248	0.01544	0.96208
891 T	0.02225	0.01553	0.96223
892 G	0.02186	0.01581	0.96234
893 C	0.02154	0.01603	0.96243
894 T	0.02123	0.01645	0.96232
895 T	0.02040	0.01770	0.96189
896 T	0.01856	0.02051	0.96093
897 G	0.01521	0.02457	0.96021
898 A	0.01293	0.02748	0.9596
899 A	0.01233	0.02849	0.95917
900 A	0.01210	0.02884	0.95906
901 A	0.01204	0.02885	0.95911
902 G	0.01212	0.02851	0.95937
903 T	0.01234	0.02789	0.95976
904 T	0.01235	0.02753	0.96012
905 T	0.01222	0.02727	0.96052
906 T	0.01191	0.02713	0.96096
907 A	0.01136	0.02719	0.96145
908 A	0.01103	0.02618	0.96279
909 A	0.01083	0.02300	0.96617
910 A	0.01075	0.02101	0.96824
911 A	0.01074	0.01921	0.97005
912 T	0.01070	0.01823	0.97107
913 A	0.01060	0.01797	0.97143
914 A	0.01058	0.01772	0.97169
915 A	0.01062	0.01723	0.97214
916 A	0.01072	0.01659	0.9727
917 A	0.01094	0.01559	0.97346
918 A	0.01158	0.01355	0.97486
919 T	0.01277	0.01008	0.97715
920 T	0.01350	0.00633	0.98016
921 C	0.01398	0.00401	0.98201
922 T	0.01433	0.00342	0.98225
923 T	0.01438	0.00335	0.98227
924 T	0.01424	0.00368	0.98208
925 T	0.01414	0.00403	0.98183
926 T	0.01401	0.00429	0.9817
927 A	0.01380	0.00467	0.98153
928 A	0.01375	0.00468	0.98157
929 T	0.01376	0.00448	0.98175
930 T	0.01335	0.00457	0.98208
931 T	0.01270	0.00494	0.98236
932 T	0.01202	0.00543	0.98255
933 A	0.01103	0.00632	0.98265
934 A	0.01063	0.00660	0.98277
935 C	0.01050	0.00661	0.98289
936 C	0.01040	0.00663	0.98298
937 A	0.01039	0.00663	0.98298
938 C	0.01040	0.00662	0.98298
939 T	0.01041	0.00664	0.98295
940 A	0.01039	0.00668	0.98293
941 T	0.01040	0.00669	0.98292
942 A	0.01037	0.00671	0.98291
943 G	0.01038	0.00669	0.98292
944 T	0.01041	0.00659	0.98299
945 A	0.01045	0.00649	0.98306
946 A	0.01056	0.00625	0.9832
947 C	0.01085	0.00568	0.98347
948 T	0.01120	0.00522	0.98358
949 A	0.01134	0.00497	0.98369
950 T	0.01167	0.00448	0.98386
951 A	0.01181	0.00423	0.98396
952 T	0.01197	0.00396	0.98407
953 T	0.01207	0.00311	0.98482
954 T	0.01207	0.00234	0.98558
955 G	0.01206	0.00169	0.98626
956 T	0.01206	0.00096	0.98699
957 T	0.01203	0.00068	0.98729
958 A	0.01191	0.00068	0.98741
959 C	0.01188	0.00058	0.98755
960 A	0.01187	0.00056	0.98757
961 C	0.01187	0.00052	0.9876
962 T	0.01190	0.00049	0.98761
963 T	0.01191	0.00046	0.98762
964 T	0.01191	0.00046	0.98763
965 T	0.01191	0.00044	0.98765
966 T	0.01189	0.00045	0.98766
967 T	0.01185	0.00047	0.98768
968 T	0.01181	0.00049	0.9877
969 C	0.01177	0.00052	0.98771
970 A	0.01173	0.00055	0.98771
971 G	0.01172	0.00056	0.98772
972 T	0.01171	0.00057	0.98772
973 T	0.01171	0.00057	0.98772
974 A	0.01171	0.00057	0.98772
975 C	0.01171	0.00055	0.98775
976 A	0.01171	0.00053	0.98775
977 T	0.01172	0.00051	0.98778
978 T	0.01172	0.00049	0.98779
979 T	0.01172	0.00047	0.98781
980 G	0.01172	0.00046	0.98783
981 T	0.01172	0.00034	0.98794
982 T	0.01167	0.00036	0.98797
983 T	0.01163	0.00039	0.98799
984 T	0.01157	0.00046	0.98797
985 G	0.01144	0.00062	0.98794
986 A	0.01136	0.00073	0.98791
987 T	0.01132	0.00079	0.98789
988 T	0.01129	0.00089	0.98783
989 T	0.01122	0.00106	0.98772
990 G	0.01112	0.00122	0.98766
991 T	0.01106	0.00126	0.98768
992 T	0.01101	0.00130	0.98769
993 G	0.01096	0.00135	0.98769
994 G	0.01094	0.00138	0.98769
995 C	0.01093	0.00138	0.98769
996 T	0.01092	0.00141	0.98768
997 T	0.01088	0.00146	0.98765
998 T	0.01083	0.00153	0.98764
999 C	0.01077	0.00161	0.98762
1000 A	0.01072	0.00179	0.98749
1001 A	0.01066	0.00189	0.98745
1002 A	0.01057	0.00203	0.9874
1003 A	0.01052	0.00210	0.98739
1004 A	0.01042	0.00221	0.98737
1005 G	0.01035	0.00222	0.98743
1006 A	0.01028	0.00227	0.98745
1007 A	0.01025	0.00225	0.9875
1008 T	0.01028	0.00215	0.98758
1009 G	0.01025	0.00218	0.98757
1010 G	0.01025	0.00216	0.98759
1011 A	0.01028	0.00214	0.98757
1012 T	0.01040	0.00199	0.98761
1013 T	0.01041	0.00193	0.98766
1014 C	0.01030	0.00202	0.98768
1015 A	0.01027	0.00205	0.98768
1016 T	0.01027	0.00203	0.9877
1017 T	0.01024	0.00204	0.98771
1018 A	0.01018	0.00209	0.98772
1019 C	0.01017	0.00208	0.98774
1020 T	0.01012	0.00210	0.98779
1021 C	0.00995	0.00221	0.98784
1022 A	0.00934	0.00282	0.98784
1023 T	0.00909	0.00305	0.98785
1024 A	0.00845	0.00369	0.98787
1025 T	0.00824	0.00382	0.98794
1026 G	0.00782	0.00421	0.98797
1027 G	0.00749	0.00444	0.98807
1028 A	0.00724	0.00464	0.98811
1029 A	0.00702	0.00482	0.98817
1030 A	0.00642	0.00540	0.98819
1031 A	0.00584	0.00596	0.9882
1032 A	0.00564	0.00611	0.98824
1033 A	0.00545	0.00624	0.98831
1034 T	0.00545	0.00615	0.9884
1035 A	0.00533	0.00622	0.98844
1036 T	0.00530	0.00615	0.98854
1037 C	0.00522	0.00611	0.98867
1038 A	0.00513	0.00617	0.9887
1039 C	0.00499	0.00629	0.98872
1040 A	0.00478	0.00651	0.98871
1041 A	0.00427	0.00702	0.98871
1042 T	0.00393	0.00736	0.98871
1043 G	0.00300	0.00817	0.98882
1044 G	0.00230	0.00871	0.98899
1045 G	0.00195	0.00830	0.98975
1046 A	0.00170	0.00808	0.99021
1047 C	0.00160	0.00749	0.99091
1048 G	0.00155	0.00744	0.991
1049 A	0.00153	0.00736	0.99112
1050 A	0.00152	0.00722	0.99125
1051 A	0.00153	0.00706	0.99141
1052 A	0.00155	0.00685	0.9916
1053 A	0.00156	0.00614	0.9923
1054 G	0.00156	0.00538	0.99306
1055 A	0.00156	0.00498	0.99346
1056 C	0.00154	0.00462	0.99383
1057 A	0.00154	0.00455	0.99391
1058 C	0.00153	0.00441	0.99406
1059 G	0.00152	0.00439	0.99409
1060 A	0.00151	0.00434	0.99415
1061 G	0.00151	0.00429	0.9942
1062 A	0.00152	0.00412	0.99436
1063 G	0.00154	0.00388	0.99458
1064 G	0.00157	0.00318	0.99524
1065 A	0.00161	0.00271	0.99568
1066 T	0.00162	0.00174	0.99663
1067 T	0.00163	0.00108	0.99729
1068 G	0.00164	0.00073	0.99763
1069 G	0.00166	0.00049	0.99785
1070 C	0.00168	0.00037	0.99796
1071 T	0.00173	0.00029	0.99798
1072 T	0.00178	0.00023	0.99799
1073 T	0.00180	0.00021	0.99799
1074 T	0.00180	0.00021	0.99799
1075 G	0.00178	0.00022	0.998
1076 A	0.00177	0.00021	0.99802
1077 T	0.00176	0.00019	0.99804
1078 A	0.00176	0.00019	0.99805
1079 C	0.00176	0.00017	0.99807
1080 A	0.00174	0.00019	0.99807
1081 T	0.00173	0.00020	0.99807
1082 T	0.00172	0.00020	0.99808
1083 T	0.00170	0.00023	0.99808
1084 G	0.00165	0.00026	0.99808
1085 T	0.00164	0.00027	0.99809
1086 T	0.00163	0.00028	0.99809
1087 C	0.00161	0.00030	0.99809
1088 G	0.00160	0.00031	0.99809
1089 T	0.00159	0.00032	0.99809
1090 C	0.00158	0.00033	0.99809
1091 A	0.00155	0.00036	0.99809
1092 A	0.00154	0.00036	0.99809
1093 A	0.00154	0.00036	0.9981
1094 G	0.00155	0.00036	0.9981
1095 T	0.00156	0.00034	0.9981
1096 T	0.00156	0.00032	0.99812
1097 C	0.00156	0.00030	0.99814
1098 T	0.00156	0.00029	0.99815
1099 A	0.00156	0.00029	0.99815
1100 G	0.00156	0.00028	0.99815
1101 A	0.00157	0.00028	0.99816
1102 A	0.00157	0.00027	0.99816
1103 T	0.00158	0.00023	0.99819
1104 T	0.00159	0.00020	0.99821
1105 G	0.00159	0.00018	0.99823
1106 T	0.00159	0.00015	0.99826
1107 T	0.00159	0.00011	0.9983
1108 C	0.00159	0.00009	0.99831
1109 T	0.00159	0.00009	0.99832
1110 T	0.00159	0.00008	0.99833
1111 G	0.00159	0.00007	0.99834
1112 G	0.00158	0.00007	0.99834
1113 T	0.00158	0.00007	0.99835
1114 G	0.00156	0.00007	0.99837
1115 T	0.00155	0.00007	0.99838
1116 G	0.00153	0.00009	0.99838
1117 G	0.00152	0.00011	0.99837
1118 T	0.00152	0.00013	0.99835
1119 T	0.00151	0.00014	0.99834
1120 G	0.00150	0.00015	0.99834
1121 G	0.00150	0.00016	0.99834
1122 G	0.00149	0.00016	0.99834
1123 C	0.00149	0.00017	0.99834
1124 T	0.00149	0.00017	0.99833
1125 A	0.00149	0.00018	0.99833
1126 G	0.00149	0.00018	0.99833
1127 T	0.00149	0.00018	0.99833
1128 T	0.00149	0.00018	0.99833
1129 A	0.00149	0.00018	0.99833
1130 C	0.00149	0.00018	0.99833
1131 T	0.00148	0.00018	0.99833
1132 A	0.00148	0.00018	0.99833
1133 A	0.00148	0.00018	0.99833
1134 T	0.00148	0.00018	0.99834
1135 A	0.00148	0.00018	0.99834
1136 A	0.00149	0.00017	0.99835
1137 A	0.00149	0.00015	0.99836
1138 T	0.00150	0.00013	0.99837
1139 G	0.00150	0.00010	0.99839
1140 G	0.00151	0.00008	0.9984
1141 T	0.00153	0.00006	0.99841
1142 T	0.00154	0.00004	0.99841
1143 T	0.00154	0.00004	0.99842
1144 T	0.00155	0.00003	0.99842
1145 T	0.00155	0.00003	0.99842
1146 A	0.00155	0.00002	0.99842
1147 T	0.00155	0.00002	0.99842
1148 T	0.00155	0.00002	0.99843
1149 T	0.00155	0.00002	0.99843
1150 T	0.00154	0.00003	0.99842
1151 T	0.00152	0.00005	0.99843
1152 T	0.00148	0.00010	0.99843
1153 A	0.00142	0.00016	0.99843
1154 T	0.00139	0.00019	0.99843
1155 C	0.00134	0.00023	0.99843
1156 A	0.00132	0.00026	0.99843
1157 C	0.00131	0.00027	0.99843
1158 A	0.00130	0.00027	0.99843
1159 T	0.00130	0.00028	0.99843
1160 T	0.00129	0.00028	0.99843
1161 C	0.00129	0.00028	0.99843
1162 A	0.00129	0.00028	0.99843
1163 T	0.00129	0.00028	0.99843
1164 T	0.00129	0.00028	0.99843
1165 C	0.00129	0.00028	0.99843
1166 C	0.00129	0.00029	0.99843
1167 T	0.00129	0.00029	0.99843
1168 G	0.00129	0.00029	0.99843
1169 G	0.00128	0.00029	0.99843
1170 T	0.00129	0.00029	0.99843
1171 A	0.00129	0.00029	0.99843
1172 T	0.00129	0.00028	0.99844
1173 A	0.00129	0.00026	0.99845
1174 A	0.00129	0.00024	0.99847
1175 T	0.00129	0.00018	0.99853
1176 G	0.00129	0.00013	0.99858
1177 A	0.00129	0.00011	0.9986
1178 T	0.00129	0.00007	0.99864
1179 T	0.00130	0.00005	0.99866
1180 T	0.00130	0.00004	0.99867
1181 T	0.00130	0.00003	0.99867
1182 G	0.00130	0.00003	0.99868
1183 C	0.00129	0.00003	0.99868
1184 T	0.00129	0.00003	0.99868
1185 T	0.00129	0.00003	0.99868
1186 T	0.00129	0.00004	0.99867
1187 A	0.00128	0.00005	0.99867
1188 T	0.00128	0.00005	0.99867
1189 T	0.00128	0.00005	0.99868
1190 T	0.00127	0.00006	0.99868
1191 T	0.00126	0.00007	0.99867
1192 C	0.00123	0.00010	0.99867
1193 A	0.00113	0.00021	0.99866
1194 T	0.00109	0.00025	0.99866
1195 A	0.00104	0.00031	0.99866
1196 T	0.00101	0.00034	0.99866
1197 G	0.00095	0.00040	0.99866
1198 A	0.00091	0.00044	0.99866
1199 G	0.00083	0.00052	0.99866
1200 C	0.00076	0.00059	0.99866
1201 G	0.00071	0.00064	0.99864
1202 C	0.00067	0.00068	0.99864
1203 T	0.00065	0.00073	0.99862
1204 A	0.00061	0.00081	0.99858
1205 A	0.00059	0.00085	0.99856
1206 A	0.00058	0.00086	0.99855
1207 T	0.00058	0.00087	0.99855
1208 T	0.00056	0.00088	0.99855
1209 A	0.00054	0.00090	0.99856
1210 C	0.00052	0.00092	0.99856
1211 A	0.00049	0.00094	0.99856
1212 A	0.00047	0.00096	0.99857
1213 A	0.00045	0.00097	0.99857
1214 A	0.00045	0.00096	0.99859
1215 T	0.00045	0.00094	0.99862
1216 C	0.00045	0.00081	0.99874
1217 G	0.00045	0.00078	0.99877
1218 T	0.00045	0.00074	0.99881
1219 A	0.00045	0.00073	0.99882
1220 A	0.00045	0.00070	0.99886
1221 A	0.00044	0.00067	0.99888
1222 A	0.00044	0.00058	0.99898
1223 T	0.00045	0.00050	0.99906
1224 A	0.00045	0.00044	0.99911
1225 G	0.00045	0.00038	0.99917
1226 G	0.00047	0.00033	0.9992
1227 T	0.00051	0.00026	0.99923
1228 A	0.00053	0.00022	0.99925
1229 T	0.00053	0.00020	0.99927
1230 T	0.00053	0.00019	0.99928
1231 T	0.00053	0.00018	0.99929
1232 T	0.00053	0.00016	0.99931
1233 A	0.00051	0.00017	0.99933
1234 A	0.00050	0.00015	0.99935
1235 G	0.00050	0.00013	0.99937
1236 A	0.00050	0.00012	0.99938
1237 T	0.00050	0.00011	0.9994
1238 C	0.00049	0.00010	0.99941
1239 T	0.00049	0.00010	0.99941
1240 T	0.00049	0.00010	0.99941
1241 T	0.00048	0.00011	0.99941
1242 A	0.00048	0.00011	0.99941
1243 G	0.00048	0.00011	0.99941
1244 G	0.00048	0.00010	0.99942
1245 T	0.00048	0.00010	0.99942
1246 T	0.00048	0.00011	0.99942
1247 C	0.00047	0.00012	0.99941
1248 T	0.00046	0.00014	0.9994
1249 A	0.00045	0.00017	0.99939
1250 A	0.00044	0.00017	0.99938
1251 T	0.00044	0.00018	0.99938
1252 G	0.00044	0.00018	0.99938
1253 G	0.00044	0.00018	0.99938
1254 T	0.00044	0.00017	0.99939
1255 A	0.00044	0.00017	0.99939
1256 T	0.00044	0.00015	0.99941
1257 T	0.00044	0.00014	0.99941
1258 A	0.00044	0.00014	0.99941
1259 A	0.00044	0.00014	0.99942
1260 T	0.00044	0.00014	0.99942
1261 G	0.00044	0.00013	0.99942
1262 T	0.00044	0.00014	0.99942
1263 T	0.00043	0.00014	0.99942
1264 G	0.00043	0.00016	0.99941
1265 G	0.00043	0.00018	0.9994
1266 A	0.00043	0.00019	0.99939
1267 A	0.00043	0.00019	0.99939
1268 A	0.00043	0.00019	0.99939
1269 A	0.00043	0.00018	0.99939
1270 A	0.00044	0.00017	0.9994
1271 T	0.00046	0.00014	0.99941
1272 T	0.00047	0.00011	0.99942
1273 T	0.00047	0.00011	0.99942
1274 T	0.00047	0.00010	0.99942
1275 T	0.00047	0.00010	0.99943
1276 T	0.00047	0.00010	0.99943
1277 T	0.00047	0.00010	0.99943
1278 T	0.00047	0.00010	0.99943
1279 A	0.00047	0.00010	0.99943
1280 C	0.00047	0.00009	0.99943
1281 A	0.00047	0.00010	0.99943
1282 G	0.00047	0.00010	0.99943
1283 A	0.00047	0.00010	0.99943
1284 G	0.00047	0.00009	0.99943
1285 G	0.00048	0.00009	0.99944
1286 G	0.00049	0.00007	0.99944
1287 C	0.00051	0.00005	0.99944
1288 T	0.00052	0.00004	0.99944
1289 T	0.00053	0.00004	0.99943
1290 T	0.00053	0.00005	0.99942
1291 A	0.00054	0.00006	0.9994
1292 T	0.00054	0.00006	0.9994
1293 T	0.00053	0.00007	0.9994
1294 T	0.00053	0.00007	0.9994
1295 T	0.00053	0.00008	0.9994
1296 C	0.00051	0.00009	0.9994
1297 G	0.00050	0.00011	0.9994
1298 C	0.00049	0.00011	0.9994
1299 A	0.00048	0.00012	0.9994
1300 C	0.00048	0.00012	0.9994
1301 T	0.00048	0.00012	0.99939
1302 T	0.00048	0.00012	0.99939
1303 A	0.00048	0.00012	0.99939
1304 T	0.00048	0.00012	0.9994
1305 A	0.00048	0.00013	0.9994
1306 C	0.00047	0.00012	0.9994
1307 A	0.00047	0.00012	0.9994
1308 A	0.00047	0.00012	0.9994
1309 A	0.00047	0.00012	0.9994
1310 C	0.00048	0.00012	0.9994
1311 A	0.00048	0.00011	0.9994
1312 T	0.00050	0.00010	0.9994
1313 T	0.00051	0.00008	0.9994
1314 T	0.00052	0.00008	0.9994
1315 T	0.00052	0.00007	0.9994
1316 T	0.00052	0.00007	0.99941
1317 G	0.00052	0.00006	0.99941
1318 A	0.00052	0.00006	0.99942
1319 T	0.00052	0.00004	0.99944
1320 T	0.00052	0.00003	0.99945
1321 T	0.00052	0.00002	0.99946
1322 T	0.00052	0.00002	0.99946
1323 T	0.00052	0.00002	0.99946
1324 A	0.00052	0.00002	0.99946
1325 T	0.00052	0.00002	0.99946
1326 T	0.00052	0.00002	0.99946
1327 T	0.00052	0.00002	0.99946
1328 T	0.00052	0.00002	0.99946
1329 A	0.00052	0.00002	0.99946
