# lcl|CP097583.1_cds_USQ93581.1_1
# AA	inside	membr	outside
1 A	0.54350	0.00000	0.4565
2 T	0.54340	0.00010	0.4565
3 G	0.54309	0.00041	0.4565
4 T	0.54309	0.00125	0.45566
5 T	0.52778	0.01773	0.4545
6 T	0.52778	0.01806	0.45417
7 G	0.45905	0.08700	0.45396
8 A	0.45905	0.08701	0.45395
9 A	0.45695	0.08913	0.45392
10 T	0.45695	0.09096	0.45209
11 T	0.45625	0.09182	0.45193
12 A	0.44552	0.10267	0.45182
13 C	0.42904	0.11968	0.45128
14 G	0.42904	0.11969	0.45128
15 T	0.42904	0.13399	0.43697
16 T	0.42860	0.13443	0.43697
17 T	0.42730	0.13578	0.43692
18 T	0.42714	0.13611	0.43675
19 G	0.41728	0.14614	0.43657
20 C	0.39837	0.16797	0.43366
21 T	0.37110	0.19530	0.4336
22 G	0.36855	0.20091	0.43055
23 A	0.36610	0.20842	0.42549
24 T	0.36480	0.21733	0.41787
25 A	0.36049	0.24101	0.3985
26 T	0.35838	0.24175	0.39988
27 A	0.35402	0.23963	0.40635
28 G	0.35097	0.22869	0.42034
29 G	0.34765	0.23556	0.41679
30 C	0.34233	0.20604	0.45163
31 G	0.33686	0.24177	0.42137
32 A	0.33424	0.26624	0.39952
33 A	0.33250	0.29295	0.37455
34 G	0.33069	0.30602	0.3633
35 G	0.33076	0.30741	0.36183
36 A	0.33059	0.31671	0.3527
37 A	0.33055	0.34875	0.3207
38 T	0.34072	0.36251	0.29677
39 A	0.33862	0.41002	0.25136
40 A	0.33773	0.42050	0.24177
41 A	0.33722	0.42348	0.2393
42 T	0.33678	0.41702	0.2462
43 G	0.33691	0.40383	0.25926
44 A	0.33561	0.38979	0.2746
45 A	0.33795	0.38575	0.2763
46 G	0.34184	0.37889	0.27927
47 G	0.34860	0.37047	0.28093
48 T	0.36783	0.34804	0.28414
49 A	0.37009	0.34428	0.28563
50 A	0.37607	0.33475	0.28918
51 A	0.38844	0.31945	0.29212
52 A	0.40889	0.29585	0.29526
53 T	0.43329	0.26646	0.30025
54 T	0.46154	0.23453	0.30393
55 A	0.47446	0.22241	0.30313
56 T	0.49351	0.20262	0.30387
57 T	0.50205	0.19605	0.3019
58 A	0.50728	0.19614	0.29657
59 A	0.53182	0.17167	0.29651
60 A	0.57077	0.13266	0.29657
61 T	0.60352	0.09988	0.2966
62 T	0.64341	0.05906	0.29753
63 T	0.65284	0.05002	0.29714
64 T	0.65664	0.04640	0.29696
65 T	0.65750	0.04582	0.29668
66 T	0.65545	0.04724	0.2973
67 T	0.64916	0.05277	0.29808
68 T	0.62484	0.07711	0.29806
69 T	0.60290	0.09939	0.2977
70 C	0.54196	0.16177	0.29627
71 A	0.43168	0.27821	0.2901
72 A	0.34386	0.37076	0.28538
73 G	0.28155	0.43680	0.28165
74 A	0.25399	0.46473	0.28129
75 A	0.24805	0.47090	0.28105
76 G	0.24597	0.47286	0.28117
77 G	0.24660	0.47203	0.28137
78 C	0.24958	0.46889	0.28153
79 G	0.25052	0.46908	0.28039
80 A	0.24910	0.47232	0.27858
81 T	0.25118	0.47093	0.2779
82 G	0.24738	0.47547	0.27715
83 A	0.24497	0.47890	0.27613
84 A	0.24362	0.48030	0.27608
85 G	0.24381	0.47866	0.27753
86 T	0.24457	0.47568	0.27975
87 T	0.24295	0.47554	0.28152
88 G	0.23766	0.47883	0.28351
89 A	0.23274	0.48161	0.28566
90 A	0.22816	0.47678	0.29506
91 G	0.22548	0.44417	0.33036
92 A	0.22450	0.42099	0.3545
93 A	0.22528	0.36266	0.41206
94 G	0.23026	0.25406	0.51568
95 G	0.23426	0.16830	0.59743
96 T	0.23730	0.11339	0.64931
97 C	0.23693	0.09785	0.66522
98 A	0.23626	0.12330	0.64044
99 A	0.23613	0.14197	0.62191
100 G	0.23618	0.16161	0.60222
101 A	0.23639	0.17064	0.59297
102 A	0.23742	0.18497	0.57762
103 T	0.23957	0.19996	0.56047
104 T	0.23981	0.22725	0.53294
105 A	0.23803	0.27740	0.48458
106 G	0.23547	0.30168	0.46285
107 T	0.23485	0.32668	0.43847
108 G	0.23312	0.36759	0.3993
109 G	0.23315	0.40174	0.36512
110 A	0.23407	0.42183	0.3441
111 A	0.23558	0.43217	0.33224
112 A	0.23822	0.43484	0.32695
113 T	0.24154	0.43837	0.32009
114 T	0.24273	0.44772	0.30955
115 G	0.24321	0.45000	0.30679
116 A	0.24347	0.45216	0.30436
117 A	0.24394	0.45473	0.30134
118 A	0.24485	0.45468	0.30047
119 C	0.24742	0.45327	0.29931
120 A	0.25318	0.45737	0.28945
121 G	0.27967	0.43857	0.28176
122 A	0.30165	0.42296	0.27539
123 T	0.32794	0.39936	0.2727
124 A	0.33659	0.39390	0.26951
125 A	0.35411	0.37702	0.26887
126 A	0.38080	0.35023	0.26897
127 G	0.42092	0.30855	0.27053
128 T	0.49020	0.23697	0.27284
129 T	0.52981	0.19424	0.27595
130 T	0.55651	0.16668	0.27681
131 C	0.57986	0.14215	0.27799
132 T	0.60035	0.12151	0.27813
133 G	0.60551	0.11628	0.27822
134 T	0.61528	0.10645	0.27827
135 A	0.61786	0.10389	0.27825
136 C	0.62701	0.09474	0.27825
137 C	0.63465	0.08779	0.27756
138 T	0.63486	0.09116	0.27397
139 A	0.62182	0.10527	0.27291
140 T	0.61931	0.10813	0.27255
141 A	0.61163	0.11634	0.27203
142 A	0.61203	0.11572	0.27225
143 C	0.62305	0.10296	0.27398
144 T	0.63261	0.09303	0.27436
145 T	0.63443	0.09099	0.27458
146 C	0.62894	0.09630	0.27476
147 T	0.61778	0.10747	0.27475
148 C	0.58743	0.13807	0.27449
149 C	0.56583	0.16059	0.27358
150 T	0.53585	0.19467	0.26947
151 A	0.50000	0.23370	0.26631
152 T	0.46080	0.27707	0.26212
153 T	0.41280	0.32723	0.25997
154 A	0.31472	0.42693	0.25834
155 A	0.25705	0.48275	0.2602
156 A	0.23088	0.50257	0.26654
157 G	0.21455	0.51138	0.27408
158 G	0.21093	0.50988	0.27919
159 A	0.20957	0.50923	0.28119
160 A	0.20981	0.50589	0.2843
161 A	0.21291	0.49813	0.28896
162 T	0.21389	0.48348	0.30263
163 A	0.21381	0.47861	0.30758
164 T	0.21339	0.47302	0.31359
165 T	0.21208	0.47759	0.31033
166 A	0.20939	0.49085	0.29975
167 A	0.20754	0.49537	0.29709
168 A	0.20632	0.49477	0.29891
169 A	0.20525	0.49101	0.30374
170 A	0.20497	0.47861	0.31642
171 A	0.20537	0.44841	0.34623
172 A	0.20714	0.41870	0.37415
173 T	0.21222	0.36535	0.42243
174 A	0.21523	0.31854	0.46623
175 T	0.21981	0.25250	0.52769
176 T	0.22144	0.20847	0.57009
177 T	0.22223	0.13341	0.64437
178 T	0.22164	0.09800	0.68036
179 T	0.21760	0.08792	0.69448
180 T	0.20938	0.09435	0.69627
181 C	0.19326	0.11608	0.69066
182 A	0.18603	0.14682	0.66715
183 A	0.18202	0.17407	0.64391
184 G	0.18002	0.19454	0.62544
185 A	0.17967	0.23816	0.58217
186 A	0.18116	0.30242	0.51642
187 G	0.18166	0.36157	0.45676
188 G	0.18778	0.39051	0.42171
189 T	0.19880	0.43823	0.36296
190 G	0.20093	0.44551	0.35356
191 A	0.20274	0.45275	0.3445
192 T	0.20535	0.45269	0.34196
193 A	0.20514	0.45464	0.34022
194 C	0.20540	0.45496	0.33964
195 A	0.20442	0.45790	0.33767
196 G	0.20490	0.45863	0.33646
197 T	0.20553	0.46013	0.33435
198 A	0.20333	0.46650	0.33018
199 A	0.20469	0.46753	0.32778
200 A	0.20551	0.46610	0.32839
201 A	0.20775	0.46154	0.33071
202 G	0.21327	0.44786	0.33887
203 T	0.22600	0.42482	0.34918
204 C	0.23130	0.40552	0.36318
205 G	0.24561	0.39156	0.36282
206 G	0.26268	0.38112	0.3562
207 A	0.27750	0.37429	0.34821
208 A	0.31517	0.34567	0.33916
209 A	0.38826	0.27281	0.33893
210 T	0.46086	0.19742	0.34173
211 A	0.49471	0.16314	0.34216
212 T	0.54832	0.10852	0.34316
213 T	0.55748	0.09811	0.34441
214 T	0.56319	0.09140	0.34541
215 T	0.56502	0.08867	0.34631
216 A	0.56638	0.08620	0.34742
217 T	0.56753	0.08355	0.34892
218 T	0.56882	0.08014	0.35104
219 A	0.56953	0.07858	0.35189
220 A	0.57132	0.07571	0.35297
221 C	0.57519	0.06885	0.35596
222 A	0.57748	0.06586	0.35666
223 A	0.57859	0.06366	0.35776
224 T	0.58055	0.06026	0.35919
225 T	0.58162	0.05846	0.35992
226 G	0.58235	0.05725	0.36041
227 A	0.58391	0.05246	0.36363
228 A	0.58829	0.04275	0.36895
229 T	0.59699	0.02863	0.37438
230 A	0.60482	0.01592	0.37926
231 A	0.61574	0.00000	0.38426
