# lcl|CP097583.1_cds_USQ93294.1_1
# AA	inside	membr	outside
1 A	0.26930	0.00000	0.7307
2 T	0.26612	0.00318	0.7307
3 G	0.26432	0.00498	0.7307
4 A	0.26432	0.00576	0.72992
5 C	0.25059	0.01988	0.72953
6 C	0.25059	0.02002	0.72939
7 A	0.21428	0.05647	0.72926
8 A	0.21427	0.05647	0.72926
9 A	0.21123	0.05954	0.72923
10 G	0.21123	0.06090	0.72788
11 A	0.21092	0.06129	0.72779
12 A	0.20807	0.06415	0.72778
13 A	0.20622	0.06605	0.72773
14 A	0.20622	0.06605	0.72773
15 T	0.20622	0.06623	0.72756
16 G	0.20621	0.06624	0.72756
17 T	0.20620	0.06625	0.72755
18 T	0.20620	0.06629	0.72751
19 T	0.20617	0.06635	0.72748
20 T	0.20580	0.06756	0.72664
21 T	0.20381	0.06931	0.72688
22 T	0.20342	0.06951	0.72707
23 T	0.20256	0.06986	0.72759
24 A	0.20074	0.07220	0.72706
25 G	0.20035	0.06578	0.73386
26 G	0.20028	0.06379	0.73594
27 T	0.20092	0.05699	0.74208
28 T	0.20115	0.04759	0.75125
29 T	0.20112	0.04727	0.75161
30 A	0.20092	0.02956	0.76952
31 G	0.20048	0.03245	0.76707
32 A	0.20027	0.03279	0.76694
33 T	0.20111	0.03510	0.7638
34 T	0.20074	0.03940	0.75986
35 T	0.19994	0.03984	0.76021
36 G	0.19749	0.04303	0.75948
37 G	0.19617	0.04680	0.75703
38 G	0.19553	0.04857	0.75589
39 A	0.19497	0.05505	0.74998
40 G	0.19485	0.05626	0.74889
41 A	0.19476	0.05853	0.74671
42 A	0.19442	0.06005	0.74553
43 A	0.19516	0.05897	0.74587
44 A	0.19518	0.05718	0.74763
45 A	0.19557	0.05626	0.74818
46 A	0.19623	0.05457	0.7492
47 C	0.19765	0.05123	0.75112
48 C	0.19910	0.04940	0.75151
49 T	0.20127	0.04729	0.75144
50 T	0.20231	0.04627	0.75143
51 G	0.20294	0.04568	0.75138
52 G	0.20402	0.04467	0.7513
53 G	0.20673	0.04184	0.75142
54 T	0.21078	0.03733	0.7519
55 A	0.21421	0.03343	0.75237
56 T	0.21999	0.02697	0.75305
57 T	0.22502	0.02107	0.75391
58 T	0.22627	0.01885	0.75488
59 C	0.22691	0.01614	0.75694
60 T	0.22822	0.01437	0.75741
61 G	0.22873	0.01349	0.75778
62 T	0.23302	0.00890	0.75808
63 A	0.23371	0.00814	0.75815
64 T	0.23539	0.00634	0.75827
65 C	0.23562	0.00563	0.75876
66 T	0.23520	0.00620	0.75861
67 G	0.23417	0.00727	0.75857
68 A	0.23374	0.00777	0.75849
69 A	0.23360	0.00792	0.75849
70 T	0.23357	0.00793	0.7585
71 C	0.23348	0.00787	0.75865
72 T	0.23345	0.00796	0.75858
73 G	0.23285	0.00892	0.75823
74 G	0.23231	0.01017	0.75753
75 T	0.23194	0.01244	0.75562
76 A	0.23173	0.01648	0.7518
77 T	0.23180	0.02006	0.74814
78 T	0.23136	0.02552	0.74312
79 A	0.23076	0.02958	0.73966
80 T	0.23056	0.03146	0.73798
81 T	0.22951	0.03431	0.73618
82 G	0.22762	0.03822	0.73416
83 T	0.22716	0.04027	0.73256
84 T	0.22527	0.04316	0.73156
85 A	0.22145	0.04775	0.7308
86 A	0.22034	0.04898	0.73069
87 T	0.22010	0.04906	0.73085
88 A	0.21985	0.04909	0.73106
89 A	0.21993	0.04878	0.73129
90 T	0.21998	0.04822	0.73179
91 T	0.21989	0.04913	0.73098
92 T	0.21904	0.05058	0.73038
93 A	0.21537	0.05531	0.72933
94 A	0.21307	0.05773	0.72919
95 A	0.21194	0.05874	0.72932
96 A	0.21195	0.05813	0.72992
97 A	0.21270	0.05674	0.73056
98 C	0.21515	0.05365	0.7312
99 A	0.21934	0.04937	0.73129
100 A	0.22417	0.04456	0.73126
101 T	0.23062	0.03764	0.73174
102 T	0.23423	0.03341	0.73236
103 T	0.23611	0.03138	0.73251
104 T	0.23778	0.02831	0.73392
105 T	0.23899	0.02493	0.73607
106 T	0.23926	0.02390	0.73685
107 T	0.23624	0.02578	0.73798
108 T	0.23290	0.02700	0.74011
109 C	0.22593	0.03384	0.74023
110 G	0.21799	0.04401	0.73799
111 T	0.21093	0.05475	0.73432
112 A	0.19849	0.06962	0.73188
113 A	0.19497	0.07440	0.73063
114 T	0.19446	0.07501	0.73052
115 A	0.19119	0.07757	0.73124
116 A	0.18873	0.07685	0.73442
117 T	0.18831	0.07536	0.73634
118 C	0.18760	0.07562	0.73678
119 A	0.18712	0.07747	0.73541
120 A	0.18702	0.07754	0.73544
121 T	0.18691	0.07763	0.73546
122 A	0.18576	0.07884	0.7354
123 T	0.18280	0.08180	0.7354
124 C	0.17275	0.09190	0.73535
125 A	0.16226	0.10405	0.73369
126 A	0.15211	0.11576	0.73213
127 G	0.14999	0.11849	0.73152
128 A	0.14884	0.12064	0.73053
129 A	0.14809	0.12235	0.72957
130 T	0.14944	0.11602	0.73453
131 T	0.14978	0.11266	0.73756
132 A	0.14324	0.11448	0.74228
133 A	0.14153	0.11047	0.748
134 T	0.14342	0.10207	0.75451
135 T	0.14280	0.09248	0.76472
136 G	0.13967	0.09264	0.7677
137 A	0.13792	0.09325	0.76883
138 A	0.13675	0.09182	0.77143
139 C	0.13613	0.09027	0.77359
140 C	0.13552	0.09171	0.77277
141 T	0.13574	0.09458	0.76967
142 T	0.13588	0.09865	0.76547
143 T	0.13459	0.10382	0.76159
144 A	0.13199	0.11420	0.75381
145 A	0.13003	0.11583	0.75414
146 A	0.12846	0.11418	0.75736
147 A	0.12787	0.10566	0.76647
148 A	0.12916	0.09483	0.776
149 C	0.13082	0.08241	0.78677
150 A	0.13163	0.08099	0.78737
151 A	0.13336	0.07959	0.78705
152 T	0.13582	0.07714	0.78704
153 T	0.13768	0.07674	0.78559
154 A	0.13862	0.07723	0.78415
155 T	0.14015	0.06855	0.7913
156 T	0.14095	0.07045	0.7886
157 G	0.14014	0.07785	0.78201
158 A	0.13949	0.09429	0.76621
159 A	0.13664	0.10997	0.75339
160 A	0.13566	0.11600	0.74833
161 A	0.13690	0.11640	0.7467
162 T	0.14234	0.11097	0.74669
163 T	0.14520	0.10759	0.74721
164 T	0.14777	0.10574	0.74649
165 T	0.14835	0.10674	0.74491
166 A	0.14810	0.10980	0.7421
167 A	0.15087	0.10722	0.74191
168 A	0.15101	0.10628	0.7427
169 G	0.15154	0.10432	0.74414
170 T	0.15307	0.10195	0.74498
171 T	0.15384	0.10085	0.74532
172 A	0.15402	0.10052	0.74547
173 C	0.15524	0.09904	0.74572
174 C	0.15663	0.09762	0.74574
175 A	0.15800	0.09646	0.74554
176 C	0.16058	0.09415	0.74527
177 A	0.16320	0.09266	0.74414
178 A	0.16695	0.09005	0.74299
179 T	0.17645	0.08077	0.74278
180 A	0.18400	0.07257	0.74343
181 A	0.20004	0.05595	0.74401
182 T	0.21612	0.03619	0.74769
183 T	0.22108	0.02944	0.74947
184 T	0.21826	0.03204	0.74971
185 T	0.21305	0.03756	0.74939
186 A	0.20343	0.04808	0.74849
187 G	0.18956	0.06269	0.74774
188 G	0.18508	0.06686	0.74805
189 T	0.18534	0.06568	0.74898
190 T	0.17993	0.07072	0.74935
191 A	0.17080	0.07947	0.74974
192 T	0.16507	0.08491	0.75002
193 C	0.15240	0.09742	0.75019
194 C	0.14036	0.10957	0.75007
195 G	0.13525	0.11474	0.75001
196 A	0.13355	0.11691	0.74954
197 A	0.13279	0.11793	0.74928
198 A	0.13251	0.11850	0.74899
199 C	0.13263	0.11825	0.74912
200 A	0.13346	0.11724	0.7493
201 T	0.13440	0.11615	0.74946
202 A	0.13412	0.11650	0.74937
203 T	0.13429	0.11623	0.74949
204 G	0.13382	0.11699	0.74919
205 A	0.13381	0.11680	0.7494
206 A	0.13417	0.11398	0.75185
207 T	0.13510	0.10572	0.75919
208 A	0.13563	0.09961	0.76476
209 A	0.13670	0.09009	0.77321
210 T	0.13778	0.07500	0.78721
211 G	0.13767	0.06784	0.79449
212 A	0.13668	0.06501	0.79831
213 T	0.13556	0.05743	0.80701
214 G	0.13381	0.05367	0.81251
215 T	0.13276	0.05342	0.81383
216 A	0.12971	0.05985	0.81044
217 G	0.12866	0.05874	0.8126
218 G	0.12841	0.06218	0.80941
219 A	0.12868	0.07393	0.79739
220 G	0.12854	0.08416	0.78731
221 T	0.12868	0.09115	0.78017
222 T	0.12806	0.09740	0.77454
223 A	0.12693	0.09968	0.77339
224 A	0.12670	0.10025	0.77305
225 A	0.12682	0.09959	0.7736
226 G	0.12708	0.09887	0.77405
227 C	0.12765	0.09750	0.77486
228 T	0.12891	0.09602	0.77507
229 C	0.12923	0.09572	0.77504
230 A	0.12953	0.09669	0.77377
231 A	0.12994	0.09738	0.77268
232 A	0.13038	0.09800	0.77162
233 T	0.13129	0.09654	0.77217
234 T	0.13190	0.09542	0.77268
235 A	0.13264	0.09311	0.77424
236 G	0.13459	0.08912	0.77629
237 C	0.13814	0.08351	0.77834
238 A	0.14309	0.07817	0.77874
239 T	0.15885	0.06068	0.78047
240 T	0.16865	0.05147	0.77988
241 G	0.17430	0.04939	0.77631
242 A	0.18432	0.04683	0.76885
243 T	0.19425	0.04340	0.76235
244 T	0.19894	0.04135	0.75971
245 T	0.20060	0.04071	0.75869
246 T	0.19932	0.04280	0.75788
247 T	0.19546	0.04797	0.75658
248 C	0.18985	0.05552	0.75463
249 T	0.18527	0.06436	0.75037
250 A	0.17929	0.07372	0.74698
251 A	0.17632	0.07817	0.74551
252 A	0.17494	0.08014	0.74492
253 A	0.17538	0.08023	0.74439
254 G	0.17595	0.07956	0.7445
255 A	0.17667	0.07903	0.7443
256 A	0.17677	0.07890	0.74432
257 T	0.17696	0.07847	0.74456
258 T	0.17577	0.08024	0.74399
259 A	0.16558	0.09336	0.74106
260 A	0.16264	0.09957	0.73779
261 A	0.15869	0.10680	0.73452
262 A	0.15632	0.11016	0.73351
263 A	0.15636	0.11041	0.73324
264 A	0.15887	0.10780	0.73332
265 A	0.16633	0.09975	0.73391
266 A	0.17402	0.09071	0.73527
267 T	0.18051	0.08115	0.73834
268 T	0.18353	0.07410	0.74236
269 T	0.18577	0.06756	0.74667
270 C	0.18680	0.06041	0.75279
271 T	0.18792	0.05576	0.75631
272 C	0.18895	0.05233	0.75873
273 T	0.19064	0.04951	0.75985
274 T	0.19113	0.04843	0.76044
275 C	0.19117	0.04816	0.76067
276 T	0.19123	0.04835	0.76042
277 G	0.19018	0.05035	0.75946
278 T	0.18958	0.05253	0.75789
279 A	0.18903	0.05655	0.75443
280 G	0.18936	0.05936	0.75127
281 A	0.19051	0.05926	0.75022
282 A	0.19371	0.04595	0.76034
283 A	0.19749	0.03970	0.7628
284 T	0.20140	0.03141	0.76719
285 T	0.20239	0.02797	0.76963
286 A	0.20263	0.02652	0.77086
287 T	0.20287	0.02445	0.77268
288 T	0.20296	0.02433	0.77271
289 T	0.20296	0.02443	0.77262
290 T	0.20294	0.02461	0.77245
291 A	0.20289	0.02504	0.77207
292 T	0.20285	0.02534	0.77181
293 G	0.20279	0.02623	0.77098
294 G	0.20272	0.02764	0.76964
295 G	0.20269	0.03182	0.7655
296 A	0.20269	0.04985	0.74746
297 T	0.20296	0.05037	0.74666
298 G	0.20325	0.05106	0.74569
299 A	0.20399	0.05166	0.74435
300 A	0.20530	0.04994	0.74476
301 C	0.20743	0.04730	0.74527
302 G	0.21094	0.04460	0.74445
303 T	0.21493	0.04316	0.7419
304 T	0.21748	0.04174	0.74078
305 T	0.21810	0.04332	0.73858
306 A	0.21754	0.04663	0.73583
307 T	0.21735	0.04701	0.73564
308 C	0.21433	0.05047	0.73521
309 T	0.21130	0.05373	0.73498
310 A	0.20449	0.06101	0.7345
311 C	0.20082	0.06484	0.73434
312 T	0.19932	0.06646	0.73422
313 C	0.19487	0.07104	0.73409
314 A	0.19241	0.07381	0.73378
315 G	0.19209	0.07425	0.73367
316 C	0.19292	0.07341	0.73367
317 A	0.19330	0.07310	0.7336
318 A	0.19682	0.06961	0.73358
319 T	0.21409	0.05227	0.73364
320 C	0.21517	0.05126	0.73357
321 A	0.21576	0.05076	0.73348
322 T	0.21682	0.04965	0.73353
323 A	0.21610	0.05044	0.73347
324 T	0.21638	0.05021	0.73341
325 C	0.21523	0.05148	0.73329
326 A	0.21585	0.05110	0.73305
327 A	0.21605	0.05098	0.73297
328 A	0.21739	0.04944	0.73318
329 T	0.21836	0.04771	0.73392
330 A	0.21541	0.05004	0.73455
331 T	0.21291	0.04775	0.73934
332 G	0.21075	0.04509	0.74417
333 T	0.21009	0.03720	0.75271
334 C	0.20813	0.03517	0.7567
335 G	0.20580	0.03794	0.75626
336 T	0.20406	0.04141	0.75453
337 T	0.19869	0.05243	0.74887
338 T	0.18342	0.06930	0.74728
339 A	0.14955	0.10587	0.74458
340 A	0.13199	0.12435	0.74366
341 A	0.12365	0.13315	0.7432
342 C	0.11901	0.13719	0.7438
343 A	0.10993	0.14700	0.74307
344 A	0.10408	0.15285	0.74307
345 T	0.09802	0.15972	0.74225
346 C	0.07656	0.18236	0.74108
347 A	0.07212	0.19346	0.73443
348 T	0.07015	0.19612	0.73372
349 A	0.06684	0.20016	0.733
350 A	0.06522	0.20246	0.73231
351 T	0.06417	0.20393	0.7319
352 A	0.05308	0.21580	0.73112
353 A	0.04652	0.22364	0.72984
354 G	0.04274	0.22957	0.72768
355 A	0.03913	0.24187	0.719
356 A	0.03780	0.24620	0.716
357 A	0.03795	0.24919	0.71286
358 A	0.03913	0.24890	0.71197
359 A	0.04213	0.24474	0.71312
360 A	0.04761	0.23474	0.71764
361 A	0.05001	0.21849	0.7315
362 T	0.05248	0.19006	0.75746
363 A	0.05247	0.17851	0.76901
364 A	0.05318	0.17483	0.77198
365 A	0.05301	0.17176	0.77523
366 A	0.05413	0.16349	0.78238
367 A	0.05543	0.15549	0.78908
368 A	0.05794	0.14552	0.79654
369 C	0.06157	0.12138	0.81704
370 T	0.06798	0.13042	0.8016
371 T	0.06960	0.15054	0.77986
372 A	0.06671	0.18659	0.74671
373 A	0.06585	0.20113	0.73302
374 A	0.06680	0.20633	0.72686
375 G	0.06973	0.19271	0.73756
376 G	0.07455	0.18358	0.74186
377 A	0.08149	0.17436	0.74415
378 T	0.09342	0.16111	0.74546
379 C	0.09654	0.15855	0.74492
380 A	0.10004	0.16033	0.73963
381 A	0.10398	0.16156	0.73446
382 A	0.10692	0.15936	0.73372
383 T	0.10970	0.15791	0.73239
384 A	0.11108	0.16211	0.7268
385 T	0.11365	0.15924	0.72711
386 C	0.11264	0.15915	0.72822
387 A	0.11091	0.16161	0.72748
388 G	0.10998	0.16252	0.7275
389 C	0.11103	0.16215	0.72682
390 A	0.11198	0.16239	0.72563
391 G	0.11637	0.15828	0.72535
392 G	0.12578	0.14868	0.72554
393 T	0.15091	0.12343	0.72567
394 A	0.17053	0.10378	0.72569
395 T	0.20031	0.07023	0.72946
396 C	0.20932	0.05940	0.73128
397 A	0.21405	0.05507	0.73088
398 T	0.21676	0.05249	0.73076
399 T	0.21955	0.04939	0.73106
400 T	0.22096	0.04808	0.73096
401 T	0.22200	0.04709	0.73091
402 A	0.22210	0.04663	0.73126
403 C	0.22454	0.04346	0.732
404 A	0.22569	0.04301	0.73131
405 A	0.22391	0.04524	0.73085
406 A	0.22417	0.04535	0.73049
407 A	0.22987	0.03925	0.73087
408 T	0.23207	0.03669	0.73123
409 T	0.23301	0.03298	0.73401
410 T	0.23335	0.02979	0.73686
411 T	0.23199	0.03048	0.73753
412 T	0.22848	0.03508	0.73644
413 T	0.22238	0.04396	0.73366
414 A	0.21093	0.05578	0.73328
415 A	0.20363	0.06305	0.73332
416 A	0.20084	0.06585	0.7333
417 T	0.19937	0.06708	0.73355
418 C	0.19328	0.07303	0.73368
419 A	0.18946	0.07695	0.73358
420 T	0.18730	0.07911	0.73359
421 C	0.18016	0.08647	0.73337
422 G	0.17627	0.09099	0.73274
423 T	0.17261	0.09647	0.73091
424 A	0.16633	0.10632	0.72735
425 A	0.16387	0.10939	0.72674
426 T	0.16212	0.11071	0.72718
427 A	0.15702	0.11386	0.72911
428 A	0.15694	0.11103	0.73203
429 T	0.15745	0.10834	0.73421
430 A	0.15741	0.10751	0.73508
431 A	0.15776	0.10618	0.73606
432 G	0.15964	0.10159	0.73877
433 T	0.16215	0.09601	0.74184
434 T	0.16326	0.09147	0.74527
435 G	0.16462	0.08615	0.74923
436 T	0.16711	0.07918	0.7537
437 T	0.16744	0.07115	0.76142
438 A	0.16753	0.06615	0.76632
439 A	0.16772	0.06318	0.7691
440 A	0.16785	0.06077	0.77137
441 T	0.16806	0.05418	0.77775
442 A	0.16834	0.04982	0.78185
443 A	0.16887	0.04556	0.78557
444 T	0.16979	0.03638	0.79383
445 A	0.17057	0.03114	0.79828
446 G	0.17235	0.02426	0.8034
447 T	0.17646	0.01355	0.81
448 T	0.17774	0.00913	0.81313
449 A	0.17818	0.00656	0.81526
450 G	0.17924	0.00000	0.82075
