# lcl|CP097583.1_cds_USQ93178.1_1
# AA	inside	membr	outside
1 A	0.91897	0.00000	0.08103
2 T	0.91154	0.00743	0.08103
3 G	0.90811	0.01086	0.08103
4 T	0.90811	0.01648	0.07542
5 C	0.81574	0.11292	0.07134
6 T	0.81574	0.11488	0.06939
7 C	0.23753	0.69381	0.06866
8 A	0.23751	0.69384	0.06865
9 A	0.19511	0.73627	0.06862
10 A	0.19500	0.73852	0.06648
11 A	0.18793	0.74566	0.06641
12 C	0.13296	0.80064	0.0664
13 C	0.09755	0.83606	0.06639
14 A	0.09754	0.83607	0.06639
15 A	0.09754	0.83616	0.0663
16 C	0.09737	0.83634	0.0663
17 C	0.09723	0.83647	0.0663
18 A	0.09722	0.83651	0.06628
19 A	0.09710	0.83664	0.06627
20 A	0.09637	0.83750	0.06614
21 T	0.09515	0.83870	0.06615
22 A	0.09503	0.83866	0.0663
23 T	0.09522	0.83387	0.07091
24 A	0.09546	0.83000	0.07454
25 G	0.09598	0.75842	0.1456
26 A	0.09654	0.72920	0.17425
27 T	0.10250	0.59018	0.30732
28 T	0.10539	0.51826	0.37636
29 T	0.10637	0.50667	0.38696
30 A	0.10583	0.22112	0.67305
31 A	0.10499	0.22584	0.66917
32 A	0.10451	0.19289	0.7026
33 T	0.10543	0.18815	0.70642
34 T	0.10478	0.20024	0.69497
35 C	0.10284	0.17235	0.72481
36 T	0.10096	0.26401	0.63503
37 G	0.09903	0.33502	0.56594
38 T	0.09768	0.37753	0.52479
39 A	0.09556	0.71165	0.19279
40 A	0.09486	0.74939	0.15575
41 T	0.09464	0.75679	0.14856
42 A	0.09440	0.75944	0.14616
43 A	0.09434	0.75927	0.14639
44 A	0.09421	0.76059	0.1452
45 C	0.09420	0.76073	0.14507
46 C	0.09423	0.76546	0.14031
47 A	0.09459	0.77445	0.13096
48 A	0.09574	0.77661	0.12765
49 A	0.09735	0.78150	0.12115
50 A	0.10139	0.77829	0.12032
51 T	0.11392	0.76606	0.12002
52 A	0.12475	0.75503	0.12022
53 A	0.16084	0.71813	0.12103
54 A	0.18050	0.69756	0.12194
55 A	0.19630	0.68085	0.12286
56 T	0.23719	0.63840	0.12441
57 A	0.28402	0.59041	0.12557
58 G	0.32390	0.54803	0.12807
59 T	0.47668	0.39287	0.13045
60 T	0.53943	0.32850	0.13207
61 C	0.57059	0.29624	0.13316
62 T	0.79128	0.07473	0.13399
63 T	0.81675	0.04895	0.1343
64 G	0.82192	0.04365	0.13443
65 T	0.82628	0.03914	0.13458
66 C	0.82759	0.03774	0.13466
67 G	0.83009	0.03515	0.13476
68 A	0.83193	0.03335	0.13471
69 C	0.84087	0.02441	0.13473
70 T	0.85133	0.01413	0.13454
71 T	0.85639	0.00923	0.13438
72 T	0.86179	0.00396	0.13425
73 T	0.86249	0.00329	0.13422
74 T	0.86246	0.00337	0.13417
75 T	0.86235	0.00344	0.13422
76 G	0.86205	0.00369	0.13426
77 C	0.86179	0.00392	0.13428
78 T	0.86136	0.00438	0.13426
79 C	0.85689	0.00889	0.13421
80 C	0.83812	0.02794	0.13394
81 T	0.82650	0.04014	0.13336
82 T	0.80442	0.06276	0.13282
83 G	0.78778	0.07966	0.13256
84 G	0.77419	0.09399	0.13183
85 T	0.76747	0.10112	0.1314
86 G	0.75713	0.11180	0.13107
87 C	0.75337	0.11542	0.13121
88 G	0.75099	0.11781	0.1312
89 G	0.74994	0.11884	0.13122
90 A	0.74963	0.11942	0.13095
91 C	0.74953	0.11968	0.1308
92 C	0.74944	0.11991	0.13065
93 T	0.74929	0.12009	0.13061
94 T	0.74851	0.12088	0.13062
95 G	0.74357	0.12583	0.13061
96 C	0.73759	0.13184	0.13057
97 C	0.73241	0.13732	0.13027
98 A	0.72871	0.14278	0.12851
99 A	0.72457	0.14842	0.12701
100 A	0.71998	0.15410	0.12591
101 A	0.71664	0.15763	0.12573
102 A	0.71508	0.15506	0.12986
103 T	0.71495	0.13086	0.1542
104 T	0.71474	0.11725	0.16801
105 A	0.71432	0.09966	0.18602
106 A	0.71420	0.08481	0.20099
107 T	0.71494	0.06826	0.21681
108 G	0.71515	0.05966	0.22519
109 C	0.71570	0.04946	0.23484
110 C	0.71577	0.04797	0.23626
111 T	0.71590	0.04779	0.23631
112 G	0.71590	0.04920	0.2349
113 T	0.71609	0.05118	0.23272
114 T	0.71606	0.05608	0.22787
115 T	0.71561	0.06443	0.21997
116 T	0.71421	0.07760	0.20819
117 A	0.71244	0.10308	0.18448
118 A	0.71151	0.11083	0.17766
119 A	0.71091	0.10950	0.17959
120 T	0.71098	0.10802	0.181
121 A	0.71117	0.11178	0.17704
122 A	0.71139	0.11079	0.17783
123 T	0.70303	0.11698	0.17999
124 T	0.69204	0.12706	0.1809
125 T	0.66102	0.16032	0.17866
126 T	0.58903	0.23843	0.17253
127 G	0.42061	0.42090	0.15849
128 A	0.29672	0.57204	0.13123
129 A	0.24739	0.62918	0.12343
130 A	0.21427	0.66533	0.1204
131 A	0.19114	0.69144	0.11742
132 A	0.17026	0.71548	0.11425
133 C	0.15648	0.73028	0.11323
134 A	0.14922	0.73800	0.11278
135 A	0.14768	0.73953	0.11279
136 A	0.14900	0.73809	0.11291
137 A	0.15475	0.73207	0.11317
138 C	0.16353	0.72272	0.11376
139 C	0.17661	0.70830	0.11509
140 C	0.19750	0.68684	0.11566
141 T	0.20642	0.67801	0.11557
142 A	0.20545	0.67939	0.11516
143 A	0.20552	0.67947	0.11501
144 T	0.20907	0.67522	0.1157
145 A	0.20793	0.67416	0.11791
146 T	0.20894	0.64834	0.14272
147 A	0.20813	0.62850	0.16337
148 A	0.21079	0.58230	0.20692
149 A	0.21502	0.50232	0.28266
150 G	0.22350	0.33101	0.44549
151 G	0.24634	0.19677	0.5569
152 T	0.25596	0.15271	0.59133
153 A	0.25841	0.13806	0.60352
154 A	0.26145	0.13049	0.60805
155 T	0.26418	0.11504	0.62079
156 T	0.26356	0.11734	0.6191
157 A	0.25977	0.14211	0.59813
158 A	0.25243	0.19865	0.54892
159 A	0.24467	0.29710	0.45822
160 A	0.23507	0.41329	0.35163
161 T	0.23087	0.44335	0.32578
162 T	0.22122	0.47331	0.30547
163 A	0.20776	0.49074	0.30151
164 A	0.20456	0.49520	0.30023
165 T	0.20283	0.49245	0.30472
166 G	0.19975	0.49253	0.30772
167 C	0.19895	0.49056	0.31049
168 T	0.19894	0.48966	0.3114
169 G	0.19811	0.49241	0.30948
170 A	0.19789	0.49255	0.30957
171 T	0.20028	0.48910	0.31061
172 T	0.20187	0.48689	0.31124
173 T	0.20260	0.48166	0.31574
174 G	0.20262	0.48039	0.317
175 C	0.20451	0.47893	0.31656
176 A	0.21051	0.47508	0.31441
177 T	0.22300	0.46354	0.31347
178 A	0.22621	0.46345	0.31033
179 A	0.24347	0.44745	0.30908
180 A	0.27176	0.41831	0.30993
181 A	0.32634	0.35567	0.31799
182 A	0.41657	0.25566	0.32777
183 T	0.53436	0.12359	0.34204
184 T	0.56298	0.08984	0.34717
185 T	0.57766	0.06987	0.35247
186 T	0.57718	0.07135	0.35147
187 A	0.57012	0.09940	0.33048
188 T	0.56564	0.11257	0.32179
189 T	0.55568	0.13228	0.31204
190 T	0.54421	0.15552	0.30027
191 A	0.52366	0.18472	0.29162
192 T	0.51998	0.19308	0.28694
193 G	0.50764	0.21039	0.28197
194 A	0.50130	0.22152	0.27719
195 A	0.49804	0.23009	0.27186
196 T	0.49913	0.23437	0.2665
197 A	0.49886	0.24223	0.25891
198 T	0.49927	0.24382	0.25691
199 A	0.49733	0.24758	0.25508
200 A	0.49430	0.25121	0.2545
201 T	0.48705	0.25659	0.25636
202 G	0.46814	0.27604	0.25582
203 T	0.45029	0.29741	0.2523
204 A	0.42753	0.32356	0.24892
205 A	0.41728	0.33461	0.24811
206 A	0.41227	0.33995	0.24778
207 A	0.41307	0.33824	0.24869
208 A	0.41704	0.33154	0.25142
209 G	0.42908	0.31291	0.25801
210 T	0.45795	0.27297	0.26908
211 T	0.47295	0.24574	0.28131
212 T	0.48661	0.21952	0.29388
213 T	0.49336	0.19767	0.30897
214 C	0.48984	0.18543	0.32473
215 C	0.48979	0.18167	0.32854
216 T	0.49209	0.17565	0.33227
217 A	0.49408	0.17149	0.33443
218 C	0.49892	0.16443	0.33664
219 T	0.50605	0.15804	0.33591
220 T	0.51364	0.15121	0.33516
221 T	0.51152	0.15316	0.33532
222 A	0.50575	0.15856	0.33569
223 G	0.50352	0.16054	0.33595
224 T	0.50259	0.15426	0.34315
225 A	0.49934	0.14950	0.35117
226 T	0.50196	0.13205	0.366
227 T	0.50296	0.11813	0.3789
228 A	0.49709	0.13167	0.37124
229 T	0.49097	0.14637	0.36266
230 T	0.47511	0.18041	0.34448
231 A	0.44246	0.24503	0.3125
232 A	0.38167	0.33962	0.27871
233 A	0.34050	0.38943	0.27007
234 A	0.32585	0.40923	0.26492
235 A	0.31295	0.42613	0.26091
236 A	0.30029	0.44106	0.25865
237 C	0.28795	0.44867	0.26338
238 G	0.28345	0.46425	0.2523
239 G	0.27702	0.48339	0.23959
240 A	0.27471	0.50432	0.22097
241 G	0.27412	0.52124	0.20464
242 A	0.27463	0.52844	0.19693
243 A	0.27583	0.52939	0.19477
244 G	0.27860	0.52542	0.19598
245 A	0.28261	0.51543	0.20196
246 A	0.28819	0.50622	0.20559
247 A	0.29596	0.49491	0.20913
248 T	0.30908	0.47508	0.21585
249 C	0.31364	0.46658	0.21978
250 A	0.31926	0.46053	0.22021
251 A	0.33086	0.44553	0.2236
252 A	0.34318	0.42769	0.22913
253 A	0.35827	0.40045	0.24127
254 G	0.38467	0.34743	0.2679
255 A	0.41512	0.25208	0.3328
256 C	0.42660	0.19319	0.38021
257 A	0.43388	0.17763	0.3885
258 A	0.44282	0.16260	0.39458
259 A	0.45310	0.14752	0.39937
260 C	0.46184	0.13013	0.40802
261 T	0.47749	0.11798	0.40454
262 G	0.48802	0.10800	0.40399
263 G	0.50370	0.10806	0.38824
264 T	0.52014	0.12595	0.35391
265 T	0.52356	0.14784	0.32861
266 A	0.51937	0.15636	0.32427
267 T	0.51882	0.15963	0.32155
268 T	0.51692	0.16188	0.32121
269 G	0.51414	0.16563	0.32023
270 C	0.51302	0.16645	0.32053
271 A	0.51248	0.16711	0.32041
272 C	0.51263	0.16652	0.32085
273 T	0.51266	0.16635	0.32099
274 C	0.51107	0.16791	0.32102
275 A	0.50905	0.17004	0.32091
276 C	0.50871	0.17026	0.32102
277 G	0.50848	0.17093	0.32059
278 A	0.50871	0.17152	0.31977
279 G	0.50897	0.17198	0.31905
280 G	0.51210	0.16898	0.31892
281 A	0.51616	0.16724	0.31661
282 A	0.52506	0.15817	0.31677
283 T	0.53903	0.14317	0.3178
284 T	0.55036	0.13214	0.31749
285 A	0.55816	0.12547	0.31637
286 A	0.57362	0.10841	0.31796
287 T	0.60164	0.07781	0.32055
288 A	0.61808	0.05752	0.32439
289 T	0.62416	0.04457	0.33126
290 C	0.62779	0.03710	0.33511
291 T	0.62939	0.03408	0.33653
292 T	0.63046	0.03150	0.33804
293 T	0.63072	0.03035	0.33893
294 T	0.63090	0.02951	0.33959
295 T	0.63096	0.02908	0.33996
296 G	0.63100	0.02694	0.34206
297 T	0.63112	0.02440	0.34448
298 C	0.63127	0.02237	0.34636
299 A	0.63144	0.02185	0.34671
300 A	0.63200	0.02091	0.34709
301 A	0.63322	0.01924	0.34754
302 T	0.63443	0.01760	0.34798
303 A	0.63540	0.01641	0.34819
304 A	0.63821	0.01227	0.34953
305 T	0.64113	0.00771	0.35116
306 C	0.64232	0.00552	0.35217
307 T	0.64379	0.00354	0.35267
308 A	0.64562	0.00119	0.35319
309 A	0.64627	0.00000	0.35373
