# lcl|CP097583.1_cds_USQ93358.1_1
# AA	inside	membr	outside
1 A	0.58284	0.00000	0.41716
2 T	0.58274	0.00010	0.41716
3 G	0.58269	0.00015	0.41716
4 A	0.58269	0.01884	0.39848
5 A	0.58043	0.04003	0.37955
6 T	0.58043	0.04059	0.37898
7 T	0.57381	0.04751	0.37867
8 A	0.57381	0.04753	0.37866
9 T	0.57206	0.04948	0.37846
10 C	0.57205	0.05469	0.37326
11 A	0.57010	0.05707	0.37283
12 A	0.56214	0.06518	0.37268
13 G	0.55490	0.07299	0.37211
14 C	0.55490	0.07299	0.37211
15 C	0.55490	0.08294	0.36216
16 T	0.55459	0.08325	0.36216
17 T	0.55246	0.08653	0.36101
18 A	0.55163	0.08824	0.36013
19 T	0.53475	0.10593	0.35931
20 A	0.40957	0.24036	0.35007
21 T	0.28839	0.36154	0.35006
22 C	0.27542	0.37511	0.34948
23 T	0.26471	0.38690	0.34839
24 A	0.23559	0.41624	0.34816
25 A	0.20873	0.44325	0.34801
26 A	0.18607	0.46591	0.34802
27 A	0.18063	0.47118	0.34819
28 C	0.17738	0.47183	0.35078
29 A	0.16293	0.48607	0.35101
30 C	0.15129	0.49345	0.35525
31 A	0.14123	0.50339	0.35538
32 G	0.13381	0.51004	0.35616
33 A	0.13090	0.51281	0.35629
34 C	0.12822	0.51318	0.3586
35 C	0.12924	0.50934	0.36143
36 T	0.13024	0.50512	0.36463
37 A	0.12925	0.50727	0.36348
38 A	0.13454	0.50297	0.36249
39 A	0.13431	0.50422	0.36148
40 A	0.13586	0.49896	0.36519
41 A	0.13713	0.47551	0.38736
42 T	0.13951	0.43378	0.42671
43 T	0.14552	0.30952	0.54496
44 T	0.14255	0.22086	0.63659
45 T	0.13570	0.22821	0.63609
46 A	0.12260	0.25889	0.61851
47 A	0.11209	0.27619	0.61172
48 A	0.10237	0.28273	0.6149
49 A	0.09710	0.27079	0.63211
50 A	0.09457	0.25576	0.64967
51 T	0.09315	0.24285	0.66399
52 A	0.09089	0.24390	0.66522
53 T	0.08920	0.23179	0.67901
54 A	0.08704	0.22513	0.68783
55 G	0.08543	0.21766	0.69691
56 T	0.08496	0.21454	0.7005
57 C	0.08363	0.23053	0.68584
58 G	0.08266	0.25891	0.65842
59 G	0.08110	0.26903	0.64988
60 A	0.08088	0.27820	0.64092
61 T	0.08154	0.28222	0.63624
62 T	0.08165	0.29013	0.62822
63 A	0.07980	0.30251	0.6177
64 A	0.08030	0.30902	0.61067
65 A	0.08224	0.31442	0.60334
66 T	0.08822	0.31567	0.59611
67 A	0.09387	0.32462	0.58151
68 T	0.11146	0.30891	0.57963
69 A	0.12801	0.30212	0.56987
70 A	0.14747	0.28619	0.56634
71 T	0.16451	0.26409	0.57139
72 T	0.17010	0.25428	0.57562
73 A	0.17169	0.25144	0.57687
74 T	0.17768	0.24424	0.57808
75 A	0.17957	0.24126	0.57917
76 C	0.17571	0.24388	0.58041
77 A	0.17278	0.24848	0.57874
78 A	0.17623	0.24570	0.57807
79 A	0.18267	0.24109	0.57624
80 T	0.21092	0.21250	0.57657
81 T	0.23744	0.18623	0.57633
82 T	0.24291	0.18044	0.57665
83 T	0.24351	0.18366	0.57283
84 A	0.23846	0.19757	0.56397
85 A	0.23566	0.21290	0.55144
86 A	0.21928	0.24144	0.53928
87 A	0.19989	0.27267	0.52744
88 A	0.19700	0.27518	0.52783
89 A	0.20639	0.26451	0.52911
90 T	0.22534	0.24326	0.53141
91 G	0.23037	0.23718	0.53245
92 C	0.24629	0.21943	0.53427
93 T	0.25752	0.20942	0.53306
94 A	0.25924	0.21226	0.52851
95 T	0.25892	0.21494	0.52614
96 T	0.25696	0.21910	0.52395
97 A	0.25258	0.22913	0.51829
98 A	0.24134	0.23656	0.52209
99 A	0.23561	0.23649	0.5279
100 T	0.23137	0.23557	0.53306
101 A	0.22003	0.24484	0.53512
102 T	0.21550	0.24660	0.5379
103 C	0.20708	0.25319	0.53973
104 A	0.19473	0.26525	0.54003
105 A	0.19071	0.26765	0.54164
106 A	0.19405	0.26195	0.544
107 A	0.20144	0.24996	0.54861
108 A	0.21364	0.23302	0.55334
109 A	0.22796	0.19241	0.57963
110 T	0.24104	0.14980	0.60916
111 T	0.24269	0.13361	0.6237
112 C	0.24303	0.12715	0.62982
113 A	0.24364	0.12510	0.63125
114 T	0.24500	0.12079	0.63421
115 C	0.24570	0.11832	0.63598
116 A	0.24811	0.11529	0.63661
117 T	0.25400	0.10837	0.63763
118 T	0.25720	0.10238	0.64043
119 G	0.25892	0.09772	0.64336
120 T	0.26433	0.08863	0.64704
121 T	0.26638	0.07235	0.66128
122 A	0.26601	0.06490	0.66909
123 T	0.26633	0.05639	0.67728
124 T	0.26661	0.04561	0.68777
125 T	0.26661	0.03953	0.69386
126 A	0.26641	0.03406	0.69953
127 T	0.26662	0.02309	0.7103
128 T	0.26638	0.02149	0.71214
129 T	0.26554	0.02742	0.70703
130 A	0.25860	0.04692	0.69449
131 G	0.25484	0.05161	0.69355
132 T	0.25154	0.05686	0.69159
133 G	0.24868	0.06364	0.68768
134 G	0.24762	0.06671	0.68568
135 C	0.24684	0.07211	0.68105
136 G	0.24652	0.08506	0.66843
137 A	0.24632	0.09236	0.66132
138 T	0.24616	0.09591	0.65793
139 A	0.24576	0.09863	0.65561
140 A	0.24546	0.10069	0.65385
141 G	0.24503	0.10235	0.65262
142 G	0.24520	0.10420	0.6506
143 G	0.24551	0.10387	0.65062
144 G	0.24621	0.10324	0.65055
145 A	0.24710	0.10258	0.65032
146 T	0.24892	0.10133	0.64975
147 C	0.24915	0.10220	0.64864
148 G	0.24918	0.10511	0.64571
149 G	0.24972	0.10634	0.64393
150 A	0.25047	0.10761	0.64192
151 A	0.25304	0.10501	0.64195
152 A	0.25947	0.09802	0.64251
153 A	0.27206	0.07841	0.64953
154 A	0.27515	0.07096	0.65389
155 C	0.27985	0.06216	0.65799
156 T	0.28730	0.05273	0.65997
157 A	0.29062	0.04897	0.66041
158 C	0.29640	0.04296	0.66064
159 T	0.30696	0.03348	0.65957
160 T	0.31066	0.02984	0.6595
161 T	0.31156	0.02880	0.65965
162 A	0.31057	0.03015	0.65928
163 G	0.31016	0.03049	0.65935
164 C	0.31053	0.02954	0.65993
165 T	0.31106	0.02949	0.65945
166 A	0.30803	0.03351	0.65847
167 A	0.30741	0.03508	0.65751
168 A	0.30793	0.03486	0.65721
169 G	0.30925	0.03399	0.65677
170 T	0.31186	0.03065	0.65748
171 T	0.31460	0.02725	0.65815
172 T	0.31561	0.02579	0.6586
173 T	0.31621	0.02478	0.65901
174 T	0.31595	0.02484	0.65921
175 G	0.31543	0.02524	0.65934
176 C	0.31515	0.02544	0.65941
177 C	0.31453	0.02607	0.6594
178 A	0.31412	0.02655	0.65932
179 A	0.31405	0.02666	0.65929
180 A	0.31436	0.02635	0.65928
181 G	0.31485	0.02584	0.65931
182 T	0.31622	0.02426	0.65952
183 T	0.31653	0.02291	0.66056
184 A	0.31672	0.02158	0.6617
185 T	0.31754	0.01853	0.66393
186 T	0.31774	0.01670	0.66556
187 A	0.31756	0.01580	0.66665
188 A	0.31771	0.01392	0.66837
189 T	0.31868	0.00996	0.67136
190 T	0.31908	0.00830	0.67262
191 G	0.31851	0.00809	0.6734
192 T	0.31860	0.00779	0.67361
193 T	0.31771	0.00864	0.67365
194 C	0.31653	0.00962	0.67385
195 T	0.31583	0.01042	0.67376
196 T	0.31508	0.01131	0.67361
197 G	0.31424	0.01229	0.67346
198 T	0.31386	0.01244	0.6737
199 T	0.31341	0.01280	0.67379
200 T	0.31289	0.01275	0.67436
201 T	0.31208	0.01322	0.6747
202 C	0.30947	0.01581	0.67471
203 T	0.30678	0.01952	0.6737
204 T	0.30259	0.02498	0.67243
205 G	0.29104	0.03922	0.66974
206 A	0.28446	0.04720	0.66834
207 A	0.27920	0.05361	0.66719
208 A	0.27215	0.06187	0.66598
209 A	0.26820	0.06615	0.66565
210 A	0.26500	0.06924	0.66576
211 G	0.26246	0.07165	0.66589
212 A	0.26165	0.07250	0.66584
213 A	0.26100	0.07285	0.66615
214 G	0.26050	0.07265	0.66685
215 A	0.26044	0.07250	0.66706
216 T	0.26066	0.07131	0.66803
217 T	0.26019	0.07128	0.66853
218 G	0.25935	0.07198	0.66868
219 T	0.25907	0.07213	0.6688
220 T	0.25817	0.07318	0.66865
221 G	0.25635	0.07514	0.66852
222 T	0.25478	0.07643	0.66879
223 G	0.25244	0.07876	0.6688
224 A	0.25154	0.07921	0.66925
225 A	0.25105	0.07736	0.6716
226 G	0.25175	0.07362	0.67463
227 A	0.25283	0.06941	0.67775
228 T	0.25560	0.05742	0.68698
229 A	0.25640	0.05253	0.69107
230 A	0.25720	0.04837	0.69443
231 T	0.25827	0.04191	0.69982
232 A	0.25849	0.03985	0.70166
233 A	0.25869	0.03778	0.70353
234 T	0.25898	0.03598	0.70504
235 A	0.25914	0.03669	0.70418
236 A	0.25937	0.03730	0.70334
237 A	0.25980	0.03817	0.70202
238 G	0.26029	0.03716	0.70255
239 A	0.26087	0.03632	0.70281
240 T	0.26222	0.03390	0.70388
241 T	0.26311	0.03155	0.70534
242 G	0.26358	0.03055	0.70587
243 T	0.26458	0.02859	0.70684
244 T	0.26498	0.02729	0.70772
245 G	0.26486	0.02663	0.70851
246 T	0.26527	0.02562	0.70911
247 G	0.26508	0.02564	0.70928
248 A	0.26485	0.02633	0.70882
249 A	0.26526	0.02625	0.70849
250 T	0.26632	0.02563	0.70805
251 C	0.26647	0.02544	0.70809
252 A	0.26733	0.02506	0.70761
253 T	0.26872	0.02363	0.70765
254 G	0.26908	0.02321	0.7077
255 C	0.27009	0.02210	0.70782
256 G	0.27107	0.02117	0.70776
257 C	0.27237	0.01981	0.70782
258 C	0.27394	0.01829	0.70776
259 G	0.27582	0.01664	0.70754
260 T	0.27826	0.01449	0.70725
261 T	0.27827	0.01472	0.70701
262 A	0.27648	0.01747	0.70605
263 T	0.27607	0.01830	0.70563
264 T	0.27455	0.02058	0.70487
265 G	0.27073	0.02483	0.70444
266 A	0.26804	0.02793	0.70403
267 T	0.26691	0.02886	0.70422
268 A	0.26489	0.03067	0.70445
269 A	0.26435	0.03105	0.7046
270 A	0.26395	0.03099	0.70506
271 C	0.26442	0.02988	0.70569
272 A	0.26476	0.02943	0.70581
273 A	0.26533	0.02872	0.70595
274 G	0.26515	0.02852	0.70632
275 C	0.26558	0.02783	0.70658
276 T	0.26568	0.02767	0.70664
277 A	0.26549	0.02749	0.70702
278 C	0.26556	0.02701	0.70743
279 T	0.26582	0.02672	0.70746
280 T	0.26584	0.02688	0.70729
281 T	0.26577	0.02677	0.70746
282 A	0.26551	0.02716	0.70734
283 G	0.26541	0.02730	0.70729
284 A	0.26547	0.02615	0.70838
285 T	0.26643	0.02207	0.7115
286 G	0.26682	0.01993	0.71325
287 T	0.26781	0.01674	0.71546
288 T	0.26793	0.01314	0.71893
289 G	0.26643	0.01198	0.72159
290 T	0.26565	0.01118	0.72318
291 C	0.25769	0.01770	0.72461
292 G	0.25366	0.02143	0.72491
293 A	0.25152	0.02333	0.72515
294 A	0.24901	0.02565	0.72535
295 A	0.24779	0.02666	0.72555
296 T	0.24726	0.02695	0.72579
297 T	0.24576	0.02788	0.72636
298 G	0.24347	0.02987	0.72666
299 A	0.24201	0.03118	0.72681
300 C	0.24100	0.03183	0.72717
301 G	0.23985	0.03288	0.72726
302 G	0.23947	0.03315	0.72738
303 T	0.23947	0.03305	0.72748
304 G	0.23896	0.03343	0.7276
305 C	0.23893	0.03326	0.72782
306 T	0.23885	0.03308	0.72807
307 T	0.23858	0.03317	0.72826
308 C	0.23821	0.03335	0.72843
309 T	0.23777	0.03376	0.72848
310 T	0.23688	0.03468	0.72844
311 A	0.23478	0.03645	0.72877
312 T	0.23305	0.03659	0.73036
313 A	0.22760	0.04154	0.73085
314 G	0.22518	0.03580	0.73903
315 T	0.22370	0.03320	0.7431
316 G	0.22173	0.03285	0.74541
317 G	0.22059	0.03151	0.7479
318 T	0.22007	0.03110	0.74883
319 G	0.21888	0.03236	0.74877
320 T	0.21832	0.03321	0.74846
321 A	0.21691	0.03630	0.7468
322 G	0.21574	0.03942	0.74483
323 A	0.21525	0.04307	0.74168
324 T	0.21483	0.04558	0.7396
325 G	0.21369	0.05123	0.73508
326 A	0.21304	0.06026	0.7267
327 T	0.21272	0.06554	0.72174
328 A	0.21187	0.07305	0.71508
329 T	0.21127	0.07898	0.70975
330 T	0.21038	0.08479	0.70484
331 A	0.20878	0.09470	0.69652
332 G	0.20624	0.10033	0.69343
333 A	0.20511	0.10447	0.69042
334 G	0.20446	0.10646	0.68908
335 A	0.20315	0.10921	0.68764
336 A	0.20134	0.10925	0.68941
337 T	0.19941	0.11260	0.68799
338 T	0.19448	0.12682	0.67871
339 A	0.18665	0.14302	0.67032
340 A	0.18396	0.15520	0.66084
341 A	0.18325	0.15990	0.65685
342 A	0.18307	0.16320	0.65373
343 A	0.18373	0.16586	0.65041
344 A	0.18674	0.16371	0.64955
345 T	0.18974	0.15982	0.65043
346 A	0.19181	0.15753	0.65066
347 A	0.19360	0.15548	0.65092
348 A	0.19836	0.14943	0.65221
349 C	0.20684	0.13971	0.65345
350 T	0.21267	0.13332	0.65401
351 A	0.21751	0.12785	0.65463
352 C	0.22291	0.12186	0.65522
353 A	0.22775	0.11798	0.65427
354 T	0.23631	0.10939	0.6543
355 T	0.23754	0.10707	0.65539
356 A	0.23666	0.10818	0.65517
357 T	0.23771	0.10782	0.65447
358 A	0.23488	0.10947	0.65564
359 A	0.23413	0.10802	0.65785
360 A	0.23602	0.10333	0.66065
361 T	0.24771	0.08625	0.66604
362 C	0.25475	0.07315	0.67209
363 T	0.26372	0.06431	0.67197
364 A	0.26485	0.06637	0.66879
365 A	0.26683	0.06548	0.6677
366 T	0.26951	0.06312	0.66737
367 T	0.27050	0.06245	0.66705
368 T	0.26927	0.06278	0.66795
369 A	0.26479	0.06692	0.66829
370 T	0.26273	0.06821	0.66907
371 T	0.25900	0.07226	0.66874
372 A	0.25451	0.07746	0.66802
373 A	0.25037	0.08273	0.6669
374 A	0.24906	0.08357	0.66737
375 A	0.24863	0.08368	0.66769
376 T	0.24963	0.08239	0.66798
377 A	0.24901	0.08341	0.66758
378 T	0.24955	0.08180	0.66865
379 A	0.24949	0.08055	0.66996
380 A	0.25012	0.07823	0.67166
381 A	0.25084	0.07299	0.67617
382 G	0.25221	0.06759	0.6802
383 T	0.25456	0.06236	0.68308
384 T	0.25681	0.05966	0.68352
385 T	0.25790	0.05848	0.68361
386 A	0.25867	0.05913	0.6822
387 T	0.26105	0.05599	0.68296
388 A	0.26165	0.05502	0.68332
389 T	0.26267	0.05301	0.68433
390 T	0.26327	0.05179	0.68494
391 A	0.26364	0.05051	0.68586
392 T	0.26467	0.04496	0.69037
393 T	0.26528	0.04185	0.69287
394 G	0.26532	0.03953	0.69515
395 A	0.26589	0.03730	0.69681
396 T	0.26645	0.03462	0.69892
397 G	0.26426	0.03739	0.69834
398 A	0.26422	0.03805	0.69774
399 A	0.26527	0.03649	0.69825
400 G	0.26688	0.03362	0.69949
401 T	0.26875	0.03120	0.70004
402 T	0.27022	0.02914	0.70063
403 C	0.27079	0.02833	0.70087
404 A	0.27130	0.02814	0.70055
405 T	0.27198	0.02772	0.7003
406 G	0.27216	0.02818	0.69966
407 T	0.27355	0.02751	0.69895
408 A	0.27484	0.02789	0.69728
409 T	0.27734	0.02547	0.6972
410 T	0.27828	0.02464	0.69708
411 A	0.27907	0.02383	0.6971
412 T	0.27967	0.02307	0.69727
413 C	0.28018	0.02240	0.69742
414 T	0.28051	0.02226	0.69724
415 T	0.27961	0.02335	0.69703
416 A	0.27833	0.02489	0.69677
417 T	0.27701	0.02624	0.69675
418 A	0.27458	0.02858	0.69685
419 A	0.27253	0.02951	0.69797
420 T	0.27172	0.02768	0.7006
421 G	0.27021	0.02831	0.70148
422 C	0.26943	0.02881	0.70177
423 T	0.26931	0.02917	0.70152
424 T	0.26904	0.02978	0.70119
425 T	0.26832	0.03052	0.70117
426 T	0.26749	0.03141	0.70109
427 A	0.26633	0.03258	0.7011
428 A	0.26603	0.03263	0.70135
429 C	0.26645	0.03176	0.70179
430 G	0.26701	0.03142	0.70157
431 C	0.26850	0.03041	0.7011
432 T	0.26907	0.03162	0.69931
433 T	0.26933	0.03533	0.69534
434 T	0.26940	0.04246	0.68814
435 A	0.26932	0.04689	0.68378
436 T	0.26943	0.04971	0.68086
437 T	0.26944	0.05139	0.67916
438 A	0.26841	0.05318	0.67841
439 A	0.26836	0.05325	0.67839
440 A	0.26840	0.05240	0.67919
441 A	0.26775	0.05161	0.68063
442 A	0.26744	0.05126	0.6813
443 T	0.26741	0.04921	0.68338
444 A	0.26512	0.05166	0.68322
445 T	0.26456	0.05470	0.68074
446 T	0.26224	0.06521	0.67255
447 A	0.25826	0.08464	0.65709
448 G	0.25568	0.09531	0.64901
449 A	0.25418	0.10345	0.64236
450 A	0.25160	0.10633	0.64208
451 G	0.25041	0.10713	0.64246
452 A	0.24978	0.10768	0.64255
453 A	0.24959	0.10772	0.64269
454 C	0.25081	0.10627	0.64292
455 C	0.25324	0.10377	0.643
456 A	0.25779	0.09919	0.64302
457 T	0.26562	0.09127	0.64311
458 C	0.26933	0.08747	0.64321
459 T	0.27213	0.08465	0.64322
460 T	0.27367	0.08300	0.64334
461 C	0.27482	0.08077	0.6444
462 T	0.27555	0.08001	0.64444
463 A	0.27582	0.07966	0.64451
464 A	0.27673	0.07797	0.64531
465 T	0.27906	0.07506	0.64588
466 A	0.28002	0.07368	0.64629
467 C	0.28338	0.06675	0.64988
468 A	0.28850	0.06067	0.65083
469 G	0.29891	0.04755	0.65354
470 T	0.31540	0.02840	0.6562
471 T	0.32319	0.01867	0.65815
472 T	0.32750	0.01369	0.65881
473 T	0.32795	0.01085	0.6612
474 T	0.32774	0.01029	0.66197
475 A	0.32730	0.01064	0.66206
476 T	0.32703	0.01022	0.66276
477 T	0.32620	0.01147	0.66233
478 T	0.32490	0.01537	0.65973
479 T	0.32147	0.01979	0.65873
480 A	0.31224	0.03043	0.65734
481 A	0.30768	0.03492	0.65739
482 T	0.30577	0.03645	0.65778
483 C	0.30424	0.03765	0.65811
484 A	0.30345	0.03873	0.65782
485 C	0.30332	0.03873	0.65795
486 T	0.30318	0.03952	0.6573
487 A	0.30279	0.04180	0.65541
488 G	0.30206	0.04482	0.65312
489 T	0.30027	0.05056	0.64917
490 G	0.29683	0.06416	0.63901
491 A	0.29615	0.07133	0.63253
492 A	0.29567	0.07757	0.62676
493 T	0.29604	0.07998	0.62399
494 T	0.29608	0.08269	0.62123
495 T	0.29591	0.08541	0.61869
496 A	0.29510	0.08896	0.61594
497 A	0.29482	0.09079	0.61439
498 T	0.29525	0.09063	0.61412
499 A	0.29537	0.09110	0.61353
500 A	0.29609	0.08975	0.61416
501 A	0.29848	0.08568	0.61584
502 A	0.29958	0.08046	0.61995
503 T	0.30107	0.07050	0.62843
504 T	0.30143	0.06610	0.63246
505 C	0.30152	0.06429	0.63419
506 C	0.30161	0.06393	0.63445
507 T	0.30201	0.06494	0.63304
508 A	0.30205	0.06802	0.62994
509 A	0.30281	0.06986	0.62733
510 A	0.30478	0.07010	0.62512
511 A	0.30780	0.07059	0.62161
512 A	0.31301	0.06740	0.61959
513 T	0.32580	0.05205	0.62215
514 A	0.33285	0.04533	0.62182
515 T	0.33958	0.03841	0.622
516 T	0.34272	0.03649	0.62079
517 T	0.34471	0.03499	0.6203
518 T	0.34561	0.03418	0.6202
519 A	0.34651	0.03266	0.62083
520 T	0.34749	0.03120	0.62131
521 C	0.34728	0.03118	0.62154
522 T	0.34719	0.03181	0.62099
523 C	0.34416	0.03506	0.62077
524 G	0.34278	0.03718	0.62004
525 T	0.34165	0.03866	0.61969
526 A	0.33870	0.04227	0.61903
527 C	0.33757	0.04360	0.61883
528 T	0.33668	0.04462	0.61871
529 C	0.33568	0.04563	0.61869
530 A	0.33602	0.04550	0.61848
531 A	0.33848	0.04306	0.61846
532 C	0.34128	0.04027	0.61845
533 A	0.34391	0.03773	0.61836
534 T	0.34917	0.03240	0.61843
535 T	0.35328	0.02814	0.61858
536 T	0.35447	0.02689	0.61864
537 T	0.35531	0.02601	0.61868
538 C	0.35578	0.02536	0.61886
539 G	0.35679	0.02505	0.61816
540 T	0.35770	0.02548	0.61683
541 T	0.35700	0.02894	0.61406
542 T	0.35482	0.03290	0.61228
543 A	0.34770	0.04369	0.60861
544 A	0.34440	0.04809	0.60751
545 A	0.34364	0.04852	0.60784
546 T	0.34348	0.04530	0.61123
547 A	0.34338	0.04469	0.61193
548 A	0.34355	0.04387	0.61258
549 T	0.34414	0.04168	0.61418
550 A	0.34373	0.04159	0.61467
551 T	0.34304	0.04091	0.61605
552 T	0.34140	0.04187	0.61673
553 T	0.33825	0.04560	0.61615
554 C	0.33085	0.05307	0.61609
555 T	0.32529	0.05933	0.61537
556 T	0.31586	0.06947	0.61468
557 A	0.29254	0.09366	0.6138
558 C	0.26583	0.12117	0.61299
559 G	0.22895	0.16108	0.60996
560 A	0.20347	0.19403	0.6025
561 A	0.18942	0.21135	0.59923
562 G	0.18390	0.21830	0.5978
563 A	0.18187	0.22349	0.59465
564 T	0.18297	0.22122	0.59581
565 A	0.18002	0.22194	0.59804
566 T	0.17962	0.21575	0.60463
567 T	0.17379	0.21970	0.60651
568 C	0.16179	0.23152	0.6067
569 A	0.15458	0.24110	0.60432
570 A	0.14919	0.24759	0.60323
571 A	0.14732	0.24992	0.60276
572 A	0.14683	0.25045	0.60272
573 T	0.14717	0.24979	0.60304
574 A	0.14659	0.24867	0.60475
575 G	0.14650	0.24498	0.60853
576 A	0.14645	0.23973	0.61381
577 T	0.14610	0.23022	0.62368
578 T	0.14387	0.22839	0.62775
579 A	0.13934	0.23320	0.62747
580 A	0.13616	0.22993	0.63391
581 A	0.13515	0.21104	0.6538
582 A	0.13578	0.18039	0.68383
583 T	0.14232	0.14968	0.70799
584 T	0.14295	0.13999	0.71707
585 A	0.13737	0.14583	0.7168
586 A	0.13547	0.15084	0.71369
587 T	0.13488	0.14811	0.71701
588 A	0.13192	0.14862	0.71946
589 G	0.13084	0.14370	0.72547
590 T	0.13159	0.13412	0.73429
591 T	0.13169	0.12372	0.74459
592 T	0.13266	0.11757	0.74978
593 C	0.13218	0.11543	0.75239
594 T	0.13160	0.12144	0.74696
595 A	0.13007	0.13401	0.73593
596 T	0.12963	0.15100	0.71938
597 A	0.12699	0.17970	0.69331
598 G	0.12475	0.20196	0.67329
599 A	0.12370	0.23148	0.64482
600 A	0.12421	0.25932	0.61648
601 A	0.12694	0.27673	0.59633
602 A	0.13532	0.27226	0.59242
603 T	0.14731	0.26007	0.59261
604 A	0.15159	0.25885	0.58956
605 T	0.15599	0.25556	0.58845
606 A	0.15805	0.25664	0.58531
607 A	0.16097	0.25616	0.58287
608 A	0.16684	0.25090	0.58226
609 T	0.17504	0.24887	0.5761
610 A	0.17635	0.25075	0.5729
611 T	0.17759	0.25298	0.56943
612 A	0.17222	0.26812	0.55966
613 T	0.16859	0.27481	0.55659
614 C	0.16272	0.28776	0.54952
615 A	0.15724	0.30804	0.53472
616 G	0.15719	0.32032	0.52249
617 A	0.16303	0.32701	0.50996
618 A	0.17405	0.32047	0.50548
619 G	0.19156	0.30302	0.50543
620 A	0.21805	0.27418	0.50777
621 A	0.23981	0.25003	0.51016
622 G	0.26884	0.21916	0.51199
623 C	0.29838	0.18877	0.51285
624 T	0.32183	0.16520	0.51297
625 T	0.32839	0.15869	0.51292
626 T	0.33016	0.15700	0.51285
627 A	0.32936	0.15797	0.51267
628 C	0.32859	0.15889	0.51252
629 A	0.32897	0.15934	0.51168
630 A	0.32836	0.16075	0.5109
631 A	0.33295	0.15698	0.51006
632 A	0.34353	0.14622	0.51025
633 A	0.35025	0.13900	0.51074
634 A	0.36233	0.12227	0.5154
635 T	0.38248	0.09293	0.52459
636 C	0.39151	0.07831	0.53019
637 T	0.40462	0.06110	0.53427
638 C	0.41497	0.04762	0.53741
639 T	0.42498	0.03726	0.53777
640 T	0.43185	0.03040	0.53775
641 T	0.43402	0.02871	0.53727
642 T	0.43334	0.03010	0.53656
643 T	0.42992	0.03396	0.53612
644 A	0.42702	0.03704	0.53593
645 T	0.42580	0.03797	0.53623
646 T	0.42447	0.03917	0.53635
647 C	0.42288	0.04057	0.53656
648 T	0.42132	0.04508	0.5336
649 A	0.41876	0.05154	0.5297
650 A	0.41788	0.05222	0.52989
651 T	0.41569	0.05304	0.53127
652 G	0.41004	0.05878	0.53119
653 G	0.40813	0.05714	0.53473
654 T	0.40783	0.05649	0.53568
655 A	0.40643	0.05797	0.53559
656 G	0.40571	0.05860	0.53569
657 T	0.40539	0.05922	0.5354
658 T	0.40465	0.06041	0.53495
659 T	0.40305	0.06306	0.53389
660 A	0.40022	0.06777	0.53202
661 A	0.39803	0.07143	0.53053
662 G	0.39751	0.07283	0.52965
663 A	0.39741	0.07416	0.52842
664 G	0.39766	0.07292	0.52942
665 A	0.39859	0.07158	0.52982
666 T	0.39953	0.06702	0.53344
667 G	0.40038	0.06397	0.53565
668 C	0.40147	0.06159	0.53694
669 T	0.40309	0.06179	0.53512
670 A	0.40379	0.06487	0.53133
671 T	0.40690	0.06269	0.53041
672 T	0.41004	0.06033	0.52964
673 A	0.41048	0.06304	0.52648
674 A	0.41120	0.06089	0.52791
675 T	0.41334	0.05295	0.53371
676 T	0.41428	0.05020	0.53552
677 T	0.41504	0.04909	0.53587
678 A	0.41391	0.05081	0.53528
679 T	0.41260	0.05474	0.53267
680 T	0.40937	0.06711	0.52352
681 A	0.40179	0.07783	0.52038
682 G	0.39496	0.08709	0.51795
683 A	0.39214	0.09049	0.51737
684 T	0.39089	0.09227	0.51684
685 C	0.38704	0.10021	0.51276
686 A	0.38631	0.10803	0.50566
687 A	0.38511	0.11609	0.4988
688 G	0.38535	0.11866	0.49599
689 T	0.38665	0.11952	0.49383
690 T	0.38748	0.12070	0.49182
691 A	0.38752	0.12054	0.49193
692 G	0.39005	0.11772	0.49222
693 T	0.39465	0.11277	0.49258
694 T	0.39687	0.11044	0.49268
695 C	0.39874	0.10853	0.49274
696 T	0.40227	0.10633	0.49139
697 T	0.40159	0.11009	0.48832
698 A	0.39624	0.12033	0.48344
699 T	0.38949	0.13154	0.47897
700 A	0.37300	0.15562	0.47138
701 A	0.36276	0.16968	0.46757
702 A	0.35831	0.17657	0.46511
703 A	0.35681	0.17827	0.46492
704 A	0.35785	0.17174	0.47042
705 T	0.36095	0.16273	0.47631
706 G	0.36029	0.16153	0.47818
707 A	0.36164	0.16019	0.47817
708 T	0.36645	0.15443	0.47911
709 A	0.36990	0.15208	0.47802
710 T	0.37525	0.14551	0.47924
711 T	0.37353	0.14704	0.47943
712 A	0.36165	0.16066	0.4777
713 T	0.34875	0.17513	0.47611
714 C	0.30540	0.22215	0.47245
715 G	0.25935	0.27459	0.46606
716 A	0.20829	0.33384	0.45788
717 A	0.17311	0.37730	0.44959
718 G	0.15176	0.40275	0.44549
719 A	0.14139	0.42015	0.43847
720 A	0.13627	0.42827	0.43546
721 A	0.13642	0.42616	0.43742
722 A	0.13991	0.41684	0.44325
723 A	0.14618	0.39929	0.45453
724 G	0.15143	0.38413	0.46444
725 A	0.15665	0.37536	0.46799
726 T	0.16215	0.36302	0.47484
727 A	0.16423	0.36016	0.47561
728 T	0.16748	0.35436	0.47816
729 T	0.16949	0.35001	0.4805
730 A	0.17044	0.34834	0.48122
731 T	0.17231	0.34460	0.48309
732 A	0.17371	0.34137	0.48492
733 G	0.17417	0.33782	0.48802
734 A	0.17543	0.33204	0.49253
735 A	0.17894	0.31491	0.50615
736 A	0.18282	0.29539	0.52179
737 T	0.19035	0.24614	0.56351
738 A	0.19590	0.20168	0.60242
739 T	0.20279	0.14299	0.65422
740 T	0.20947	0.11053	0.68
741 G	0.21182	0.09526	0.69293
742 G	0.21735	0.08658	0.69606
743 G	0.22293	0.07625	0.70082
744 T	0.22716	0.07099	0.70185
745 A	0.22878	0.07195	0.69928
746 T	0.23433	0.07155	0.69412
747 C	0.23611	0.08070	0.68319
748 G	0.23933	0.08913	0.67153
749 T	0.24253	0.10875	0.64871
750 T	0.24391	0.12290	0.63318
751 T	0.24237	0.14393	0.6137
752 C	0.22402	0.19294	0.58303
753 T	0.21172	0.26200	0.52629
754 G	0.18545	0.32426	0.49028
755 A	0.16867	0.37302	0.45831
756 A	0.16135	0.41126	0.42739
757 A	0.15639	0.44057	0.40305
758 A	0.15522	0.45464	0.39014
759 A	0.15638	0.45886	0.38476
760 A	0.15888	0.45919	0.38194
761 A	0.16246	0.45675	0.38078
762 A	0.16595	0.45368	0.38036
763 T	0.17389	0.44533	0.38078
764 T	0.17916	0.43926	0.38159
765 A	0.18210	0.43592	0.38198
766 A	0.18363	0.43394	0.38243
767 C	0.18625	0.43080	0.38295
768 A	0.18994	0.42681	0.38326
769 C	0.19744	0.41894	0.38362
770 A	0.21086	0.40542	0.38372
771 A	0.23175	0.38437	0.38388
772 T	0.27209	0.34389	0.38402
773 T	0.30220	0.31212	0.38568
774 A	0.32345	0.28765	0.3889
775 T	0.36424	0.21921	0.41655
776 T	0.40835	0.15762	0.43402
777 T	0.42966	0.11259	0.45775
778 C	0.44733	0.08323	0.46944
779 A	0.47264	0.05573	0.47163
780 T	0.49681	0.02985	0.47334
781 T	0.50815	0.02208	0.46977
782 T	0.51207	0.02453	0.4634
783 T	0.51299	0.03593	0.45108
784 T	0.50949	0.06187	0.42864
785 T	0.50426	0.08189	0.41385
786 A	0.50106	0.09110	0.40784
787 T	0.49853	0.09648	0.40499
788 T	0.49422	0.10206	0.40372
789 T	0.48624	0.11696	0.3968
790 C	0.47091	0.13712	0.39198
791 A	0.44610	0.17389	0.38001
792 A	0.43089	0.19310	0.37601
793 A	0.42737	0.19862	0.37401
794 A	0.42569	0.20128	0.37304
795 T	0.42469	0.20260	0.37272
796 G	0.42391	0.20369	0.3724
797 A	0.42372	0.20382	0.37246
798 T	0.42364	0.20375	0.37261
799 G	0.42329	0.20400	0.37272
800 T	0.42321	0.20397	0.37282
801 C	0.42299	0.20409	0.37292
802 A	0.42450	0.20295	0.37255
803 A	0.42739	0.20042	0.37219
804 A	0.43494	0.19280	0.37226
805 A	0.44510	0.18220	0.3727
806 T	0.46230	0.16377	0.37393
807 T	0.48250	0.13707	0.38043
808 C	0.49222	0.11781	0.38998
809 T	0.49799	0.10881	0.3932
810 T	0.50205	0.10212	0.39584
811 A	0.50473	0.09608	0.39919
812 T	0.51258	0.08082	0.4066
813 T	0.51734	0.06460	0.41806
814 T	0.52489	0.03231	0.4428
815 C	0.52671	0.01669	0.4566
816 T	0.52839	0.01391	0.4577
817 T	0.52876	0.01545	0.45579
818 T	0.52868	0.01767	0.45366
819 T	0.52817	0.02128	0.45055
820 T	0.52528	0.02998	0.44474
821 T	0.52111	0.04048	0.43841
822 A	0.47739	0.09791	0.4247
823 A	0.45215	0.13545	0.4124
824 A	0.43354	0.16151	0.40495
825 A	0.41421	0.18596	0.39983
826 G	0.39808	0.21336	0.38856
827 A	0.39193	0.22906	0.37901
828 A	0.39018	0.24022	0.36961
829 A	0.38942	0.24877	0.36181
830 T	0.38934	0.25124	0.35942
831 T	0.38854	0.25652	0.35494
832 T	0.38714	0.26232	0.35054
833 T	0.38484	0.26565	0.34952
834 A	0.38236	0.26942	0.34822
835 G	0.38139	0.27032	0.34829
836 A	0.38117	0.27043	0.3484
837 C	0.38158	0.26958	0.34885
838 T	0.38289	0.26813	0.34898
839 C	0.38289	0.26804	0.34907
840 T	0.38543	0.26564	0.34894
841 A	0.38682	0.26431	0.34887
842 A	0.38961	0.26139	0.34901
843 T	0.39629	0.25146	0.35225
844 A	0.39840	0.24650	0.3551
845 T	0.41021	0.18985	0.39994
846 A	0.41865	0.15873	0.42262
847 A	0.42464	0.13738	0.43797
848 A	0.43062	0.11606	0.45332
849 T	0.44443	0.08745	0.46812
850 T	0.45312	0.07380	0.47307
851 A	0.46052	0.06518	0.47429
852 T	0.46825	0.05528	0.47647
853 G	0.47078	0.05114	0.47807
854 T	0.47602	0.04375	0.48022
855 T	0.47971	0.03816	0.48213
856 C	0.48068	0.03524	0.48408
857 T	0.48186	0.03335	0.48479
858 T	0.48205	0.03323	0.48472
859 T	0.48202	0.03431	0.48367
860 T	0.48193	0.03508	0.48298
861 T	0.48176	0.03636	0.48188
862 T	0.48135	0.03572	0.48293
863 T	0.48084	0.03631	0.48284
864 A	0.47921	0.03867	0.48212
865 A	0.47810	0.03979	0.4821
866 A	0.47784	0.03968	0.48247
867 T	0.47844	0.03662	0.48494
868 G	0.47832	0.03841	0.48328
869 A	0.47972	0.03993	0.48035
870 T	0.48130	0.04107	0.47763
871 T	0.48167	0.04642	0.4719
872 T	0.47797	0.06143	0.46059
873 T	0.46774	0.09611	0.43615
874 A	0.45390	0.12984	0.41626
875 T	0.44452	0.17332	0.38217
876 T	0.42744	0.25264	0.31992
877 A	0.40731	0.30137	0.29133
878 A	0.39775	0.31345	0.2888
879 T	0.38769	0.32554	0.28677
880 T	0.37051	0.34500	0.2845
881 T	0.35421	0.36417	0.28162
882 C	0.34078	0.37913	0.28009
883 G	0.33268	0.38857	0.27875
884 T	0.32957	0.39251	0.27792
885 T	0.32433	0.39818	0.27748
886 T	0.31393	0.40943	0.27665
887 C	0.30267	0.42104	0.27629
888 A	0.29390	0.43172	0.27438
889 A	0.28618	0.44116	0.27265
890 A	0.28159	0.44751	0.2709
891 A	0.27875	0.45182	0.26944
892 A	0.28034	0.45244	0.26723
893 A	0.28364	0.44837	0.26799
894 A	0.29038	0.43864	0.27098
895 A	0.30439	0.41791	0.2777
896 T	0.33410	0.37400	0.29189
897 A	0.35209	0.34270	0.3052
898 A	0.38927	0.29518	0.31555
899 T	0.45223	0.21520	0.33258
900 T	0.47119	0.18115	0.34765
901 A	0.46795	0.18141	0.35064
902 A	0.46543	0.17921	0.35537
903 T	0.46488	0.17140	0.36372
904 T	0.45738	0.19791	0.34472
905 G	0.43512	0.23837	0.32651
906 T	0.42089	0.26714	0.31197
907 T	0.39530	0.31276	0.29194
908 A	0.35076	0.37765	0.27159
909 T	0.31918	0.41679	0.26403
910 G	0.19824	0.55467	0.24709
911 A	0.14655	0.62268	0.23077
912 A	0.13436	0.64691	0.21874
913 A	0.13001	0.65960	0.21039
914 A	0.12900	0.65588	0.21511
915 T	0.12953	0.65289	0.21758
916 T	0.12622	0.65484	0.21894
917 A	0.11968	0.66061	0.21971
918 C	0.11491	0.66499	0.22009
919 G	0.10995	0.67290	0.21714
920 A	0.10648	0.68243	0.21109
921 A	0.10268	0.69338	0.20394
922 G	0.10204	0.70045	0.19751
923 A	0.10534	0.70970	0.18496
924 A	0.11478	0.70039	0.18483
925 A	0.12643	0.68417	0.1894
926 A	0.14579	0.65957	0.19464
927 T	0.20653	0.58221	0.21126
928 T	0.24958	0.50394	0.24648
929 T	0.27244	0.45644	0.27112
930 T	0.28605	0.41435	0.2996
931 A	0.29405	0.37782	0.32813
932 A	0.30334	0.34234	0.35433
933 T	0.32620	0.21061	0.46319
934 T	0.34363	0.14545	0.51091
935 T	0.35798	0.12056	0.52145
936 T	0.36682	0.11244	0.52075
937 T	0.36557	0.12049	0.51394
938 T	0.35566	0.13959	0.50475
939 A	0.31429	0.19523	0.49048
940 A	0.29480	0.22778	0.47742
941 A	0.27793	0.26832	0.45375
942 A	0.25960	0.36854	0.37186
943 A	0.25155	0.43609	0.31235
944 A	0.23730	0.49180	0.27091
945 A	0.22718	0.53667	0.23615
946 T	0.21932	0.57154	0.20914
947 T	0.18077	0.68498	0.13424
948 A	0.15312	0.76089	0.08599
949 A	0.14373	0.78586	0.0704
950 A	0.14093	0.79564	0.06343
951 T	0.14246	0.79452	0.06302
952 T	0.14070	0.79673	0.06257
953 T	0.13707	0.80054	0.0624
954 T	0.12830	0.80941	0.06229
955 C	0.11425	0.82340	0.06236
956 A	0.10197	0.83593	0.06209
957 A	0.09050	0.84754	0.06195
958 A	0.08086	0.85746	0.06167
959 C	0.07939	0.85851	0.0621
960 A	0.07906	0.85965	0.0613
961 A	0.08326	0.84990	0.06684
962 A	0.09100	0.81379	0.09521
963 A	0.10113	0.79209	0.10677
964 G	0.12409	0.75555	0.12036
965 A	0.20858	0.64781	0.1436
966 A	0.27853	0.56084	0.16063
967 A	0.33440	0.47692	0.18868
968 A	0.37740	0.41434	0.20827
969 A	0.41080	0.35415	0.23505
970 T	0.48410	0.23280	0.2831
971 T	0.52636	0.16394	0.3097
972 T	0.53654	0.14135	0.32211
973 T	0.53698	0.13512	0.32791
974 T	0.52840	0.14873	0.32287
975 T	0.51296	0.18260	0.30444
976 A	0.44603	0.30668	0.24729
977 G	0.31612	0.45107	0.23281
978 A	0.23401	0.55948	0.20651
979 A	0.18507	0.64585	0.16908
980 A	0.16012	0.67595	0.16393
981 A	0.15179	0.67836	0.16985
982 T	0.14904	0.67624	0.17471
983 T	0.14683	0.67414	0.17903
984 A	0.14255	0.68003	0.17741
985 T	0.14001	0.68202	0.17797
986 T	0.13549	0.69185	0.17265
987 A	0.12642	0.71513	0.15846
988 G	0.12167	0.72436	0.15397
989 A	0.11551	0.73979	0.1447
990 A	0.11263	0.74101	0.14637
991 T	0.11360	0.73734	0.14906
992 T	0.11451	0.73429	0.15119
993 G	0.11502	0.73312	0.15186
994 C	0.11796	0.72781	0.15423
995 A	0.12103	0.73351	0.14547
996 A	0.12532	0.72820	0.14648
997 A	0.13547	0.71280	0.15173
998 A	0.16482	0.67226	0.16293
999 T	0.23409	0.55802	0.20789
1000 A	0.25525	0.41344	0.33131
1001 A	0.28894	0.29622	0.41483
1002 T	0.32850	0.20904	0.46245
1003 T	0.33414	0.23814	0.42773
1004 T	0.31266	0.38344	0.30389
1005 A	0.25000	0.54136	0.20864
1006 A	0.22094	0.65086	0.1282
1007 A	0.20166	0.69848	0.09985
1008 A	0.19517	0.72368	0.08114
1009 A	0.20085	0.71743	0.08172
1010 T	0.21232	0.69774	0.08994
1011 A	0.20981	0.69573	0.09445
1012 T	0.21478	0.68396	0.10126
1013 C	0.20003	0.69614	0.10384
1014 C	0.18546	0.71793	0.09661
1015 G	0.17718	0.73783	0.08499
1016 A	0.17480	0.75043	0.07477
1017 A	0.17439	0.76141	0.06421
1018 T	0.18195	0.75898	0.05907
1019 A	0.18212	0.76434	0.05353
1020 T	0.18483	0.76289	0.05228
1021 A	0.18059	0.76918	0.05023
1022 A	0.17997	0.77003	0.05
1023 A	0.18418	0.76419	0.05162
1024 A	0.19538	0.75016	0.05446
1025 A	0.21799	0.71982	0.06219
1026 A	0.29192	0.63480	0.07328
1027 T	0.43055	0.46646	0.10298
1028 A	0.51379	0.33042	0.15579
1029 T	0.59091	0.22357	0.18553
1030 T	0.61388	0.18081	0.20531
1031 T	0.62663	0.16166	0.21171
1032 A	0.62737	0.16525	0.20739
1033 T	0.62812	0.16024	0.21164
1034 T	0.62707	0.15690	0.21602
1035 A	0.62606	0.15814	0.21581
1036 A	0.62812	0.15080	0.22108
1037 T	0.63955	0.12973	0.23071
1038 T	0.65087	0.11599	0.23314
1039 A	0.65847	0.11810	0.22343
1040 T	0.66960	0.10842	0.22199
1041 T	0.67426	0.10552	0.22022
1042 T	0.67727	0.10965	0.21308
1043 T	0.67762	0.10829	0.21408
1044 T	0.67728	0.10503	0.21769
1045 T	0.67441	0.10667	0.21892
1046 T	0.66465	0.11713	0.21822
1047 C	0.64731	0.13464	0.21805
1048 A	0.64089	0.14264	0.21647
1049 T	0.63673	0.14817	0.2151
1050 T	0.63173	0.15640	0.21188
1051 C	0.62823	0.16438	0.20739
1052 A	0.62698	0.18019	0.19283
1053 A	0.62753	0.18193	0.19054
1054 A	0.63113	0.17973	0.18914
1055 T	0.64095	0.17028	0.18878
1056 T	0.64331	0.17027	0.18642
1057 C	0.64087	0.17190	0.18723
1058 A	0.62050	0.20419	0.17531
1059 T	0.61735	0.21626	0.16639
1060 G	0.60344	0.24593	0.15063
1061 A	0.60033	0.26219	0.13747
1062 T	0.61181	0.26635	0.12185
1063 T	0.60952	0.27968	0.1108
1064 T	0.60163	0.29531	0.10307
1065 A	0.59500	0.31205	0.09295
1066 T	0.59165	0.31464	0.09371
1067 T	0.58493	0.31904	0.09603
1068 A	0.57165	0.32988	0.09846
1069 A	0.56496	0.32713	0.10791
1070 C	0.55426	0.32430	0.12143
1071 A	0.49835	0.37721	0.12444
1072 G	0.46707	0.40585	0.12708
1073 C	0.44042	0.42998	0.1296
1074 A	0.42298	0.44831	0.12871
1075 C	0.42391	0.44834	0.12775
1076 A	0.41040	0.46921	0.12039
1077 A	0.39782	0.49273	0.10945
1078 A	0.39082	0.51498	0.0942
1079 T	0.39192	0.51974	0.08833
1080 A	0.38468	0.52616	0.08917
1081 A	0.39078	0.49334	0.11589
1082 A	0.39933	0.47010	0.13057
1083 T	0.41898	0.42761	0.1534
1084 G	0.42872	0.40443	0.16685
1085 T	0.44725	0.37557	0.17718
1086 T	0.44725	0.36316	0.18958
1087 C	0.41766	0.38026	0.20209
1088 C	0.39509	0.40095	0.20397
1089 T	0.36007	0.45685	0.18308
1090 A	0.32323	0.53280	0.14397
1091 A	0.28991	0.57975	0.13035
1092 A	0.25713	0.62767	0.1152
1093 A	0.22863	0.65783	0.11353
1094 T	0.21748	0.60860	0.17392
1095 A	0.19014	0.61415	0.19572
1096 G	0.16718	0.62327	0.20955
1097 A	0.16185	0.63551	0.20265
1098 A	0.16081	0.65307	0.18612
1099 A	0.16650	0.65288	0.18063
1100 A	0.17915	0.62824	0.19261
1101 T	0.19654	0.59881	0.20465
1102 T	0.20308	0.59007	0.20685
1103 T	0.20435	0.59206	0.2036
1104 T	0.20441	0.59083	0.20477
1105 A	0.20338	0.59655	0.20006
1106 A	0.20275	0.60147	0.19578
1107 T	0.20187	0.60367	0.19446
1108 A	0.20104	0.61370	0.18526
1109 A	0.20196	0.60967	0.18837
1110 A	0.20112	0.58521	0.21367
1111 A	0.20145	0.56491	0.23363
1112 T	0.22479	0.51098	0.26423
1113 T	0.26067	0.45828	0.28106
1114 A	0.27046	0.43655	0.29298
1115 A	0.28509	0.40491	0.31001
1116 T	0.29714	0.37451	0.32835
1117 A	0.29881	0.38849	0.3127
1118 A	0.30641	0.41786	0.27573
1119 T	0.31944	0.46593	0.21463
1120 A	0.31329	0.49099	0.19571
1121 A	0.31667	0.49754	0.18579
1122 T	0.33556	0.48729	0.17715
1123 T	0.33281	0.49091	0.17629
1124 C	0.29065	0.53949	0.16987
1125 A	0.24325	0.61117	0.14559
1126 T	0.22891	0.65666	0.11443
1127 C	0.18949	0.72088	0.08963
1128 A	0.16719	0.77874	0.05407
1129 A	0.16032	0.80291	0.03677
1130 T	0.16044	0.80900	0.03056
1131 A	0.15094	0.81909	0.02998
1132 A	0.14582	0.82388	0.0303
1133 A	0.14792	0.81689	0.03519
1134 A	0.14706	0.81090	0.04204
1135 C	0.14731	0.80642	0.04627
1136 C	0.15059	0.80296	0.04645
1137 A	0.15522	0.80526	0.03952
1138 A	0.15791	0.80884	0.03325
1139 A	0.15766	0.81341	0.02893
1140 A	0.17134	0.80045	0.02822
1141 G	0.22732	0.73992	0.03276
1142 A	0.30855	0.64671	0.04474
1143 T	0.33818	0.58856	0.07326
1144 G	0.34315	0.55481	0.10204
1145 A	0.35185	0.53902	0.10913
1146 A	0.35723	0.52159	0.12118
1147 A	0.37673	0.46084	0.16243
1148 G	0.41194	0.37182	0.21624
1149 T	0.46545	0.28570	0.24885
1150 T	0.48995	0.22041	0.28964
1151 T	0.50629	0.19255	0.30116
1152 T	0.48341	0.24431	0.27228
1153 A	0.34245	0.45685	0.2007
1154 A	0.25239	0.56536	0.18225
1155 A	0.18618	0.64605	0.16776
1156 A	0.13905	0.71920	0.14175
1157 A	0.11115	0.75456	0.13429
1158 A	0.09980	0.76333	0.13687
1159 G	0.09258	0.76548	0.14194
1160 A	0.09501	0.76203	0.14296
1161 A	0.09845	0.75399	0.14756
1162 T	0.10245	0.74729	0.15026
1163 T	0.10296	0.74759	0.14945
1164 A	0.10214	0.75039	0.14747
1165 T	0.10374	0.74496	0.1513
1166 T	0.10343	0.74302	0.15355
1167 T	0.10181	0.73987	0.15833
1168 T	0.09736	0.74405	0.15859
1169 C	0.08964	0.75251	0.15784
1170 T	0.08250	0.76799	0.14951
1171 A	0.06286	0.80206	0.13508
1172 A	0.05440	0.81413	0.13147
1173 A	0.05226	0.81814	0.1296
1174 A	0.06196	0.80845	0.12959
1175 A	0.10245	0.73440	0.16316
1176 T	0.18481	0.50653	0.30866
1177 A	0.21132	0.39633	0.39236
1178 A	0.23534	0.31419	0.45047
1179 T	0.26889	0.23897	0.49214
1180 T	0.28230	0.20691	0.51079
1181 A	0.28497	0.20033	0.5147
1182 T	0.29113	0.18942	0.51945
1183 A	0.29137	0.19343	0.5152
1184 A	0.29306	0.19993	0.50701
1185 T	0.29870	0.20903	0.49226
1186 T	0.29454	0.23408	0.47137
1187 A	0.26760	0.29747	0.43493
1188 T	0.24253	0.35543	0.40204
1189 G	0.22932	0.42143	0.34926
1190 A	0.22128	0.57873	0.19999
1191 T	0.21743	0.66932	0.11324
1192 A	0.21048	0.69821	0.09131
1193 A	0.21173	0.70839	0.07987
1194 T	0.20728	0.70349	0.08923
1195 A	0.16537	0.74566	0.08897
1196 C	0.14152	0.76625	0.09223
1197 A	0.12060	0.78921	0.09019
1198 A	0.10036	0.81156	0.08808
1199 A	0.08375	0.83034	0.0859
1200 C	0.08015	0.83513	0.08471
1201 A	0.07691	0.85114	0.07194
1202 A	0.07506	0.86633	0.05861
1203 A	0.07661	0.88572	0.03767
1204 A	0.07899	0.90017	0.02084
1205 A	0.07300	0.91251	0.01449
1206 A	0.07373	0.90823	0.01804
1207 G	0.08408	0.89040	0.02552
1208 A	0.10172	0.86801	0.03027
1209 A	0.12843	0.82972	0.04185
1210 A	0.17266	0.75731	0.07002
1211 C	0.21481	0.68900	0.09618
1212 A	0.26486	0.63396	0.10118
1213 A	0.39296	0.50899	0.09806
1214 A	0.47226	0.43148	0.09627
1215 A	0.50402	0.40448	0.0915
1216 T	0.52317	0.38888	0.08795
1217 T	0.52416	0.37023	0.10562
1218 T	0.51602	0.34109	0.14288
1219 A	0.47656	0.36816	0.15528
1220 A	0.45421	0.37686	0.16894
1221 A	0.43901	0.37846	0.18252
1222 C	0.42926	0.37257	0.19817
1223 A	0.42911	0.37379	0.1971
1224 A	0.43943	0.36638	0.19419
1225 G	0.45185	0.35903	0.18913
1226 A	0.47416	0.33991	0.18593
1227 T	0.49436	0.32484	0.1808
1228 T	0.50023	0.31209	0.18767
1229 T	0.50140	0.31007	0.18854
1230 T	0.49991	0.31509	0.18501
1231 T	0.49658	0.32420	0.17922
1232 T	0.48853	0.34193	0.16954
1233 A	0.46747	0.37282	0.15971
1234 A	0.45991	0.38376	0.15633
1235 A	0.46194	0.38124	0.15683
1236 T	0.47079	0.37208	0.15714
1237 G	0.47545	0.36903	0.15552
1238 A	0.48925	0.35521	0.15553
1239 T	0.50371	0.33560	0.16069
1240 A	0.50993	0.32125	0.16882
1241 T	0.51526	0.30164	0.1831
1242 T	0.52569	0.25958	0.21473
1243 A	0.53139	0.23612	0.23249
1244 T	0.53969	0.21281	0.24751
1245 T	0.54132	0.20146	0.25722
1246 A	0.53717	0.20980	0.25303
1247 A	0.54176	0.20418	0.25406
1248 T	0.55371	0.18874	0.25756
1249 A	0.55776	0.18432	0.25793
1250 T	0.56889	0.17165	0.25946
1251 T	0.57807	0.16123	0.26071
1252 T	0.58692	0.15241	0.26068
1253 T	0.58786	0.15692	0.25521
1254 A	0.55744	0.21012	0.23244
1255 A	0.55216	0.21998	0.22785
1256 T	0.55339	0.21849	0.22812
1257 T	0.54201	0.24023	0.21775
1258 G	0.50857	0.27558	0.21584
1259 G	0.48807	0.29753	0.21441
1260 T	0.48640	0.30041	0.21319
1261 T	0.47938	0.30983	0.2108
1262 C	0.46094	0.33095	0.20811
1263 T	0.44486	0.35335	0.20179
1264 A	0.41107	0.39226	0.19667
1265 A	0.39977	0.40767	0.19256
1266 T	0.39827	0.41015	0.19158
1267 A	0.39473	0.41483	0.19045
1268 A	0.39610	0.41112	0.19278
1269 T	0.40390	0.39510	0.20101
1270 T	0.40421	0.39327	0.20253
1271 T	0.40011	0.39831	0.20158
1272 A	0.39265	0.40739	0.19996
1273 G	0.38145	0.42394	0.19461
1274 A	0.37391	0.44272	0.18336
1275 A	0.37075	0.44862	0.18063
1276 A	0.37673	0.44079	0.18247
1277 T	0.40496	0.37769	0.21735
1278 A	0.41434	0.36221	0.22345
1279 A	0.43013	0.34241	0.22747
1280 A	0.44528	0.31706	0.23767
1281 T	0.45085	0.28098	0.26818
1282 T	0.45230	0.25609	0.2916
1283 T	0.45071	0.27057	0.27872
1284 A	0.44646	0.28526	0.26828
1285 A	0.44566	0.28029	0.27405
1286 T	0.44797	0.26131	0.29072
1287 T	0.44758	0.23142	0.321
1288 T	0.43984	0.22985	0.3303
1289 G	0.41087	0.26503	0.3241
1290 C	0.39059	0.31497	0.29444
1291 A	0.35698	0.47548	0.16754
1292 A	0.34221	0.52120	0.1366
1293 A	0.33924	0.53576	0.125
1294 G	0.33714	0.54514	0.11773
1295 G	0.33764	0.55010	0.11225
1296 A	0.34430	0.54079	0.11491
1297 T	0.35816	0.52255	0.11929
1298 G	0.36240	0.51748	0.12012
1299 G	0.36501	0.52656	0.10843
1300 A	0.36684	0.53896	0.0942
1301 A	0.36984	0.54086	0.0893
1302 A	0.37592	0.53709	0.08699
1303 A	0.38419	0.52972	0.08608
1304 A	0.39358	0.51986	0.08656
1305 A	0.40521	0.50660	0.08819
1306 T	0.42761	0.47957	0.09282
1307 T	0.43747	0.46963	0.0929
1308 A	0.42019	0.48961	0.0902
1309 G	0.40517	0.50353	0.0913
1310 A	0.39521	0.51941	0.08537
1311 A	0.39633	0.51581	0.08786
1312 A	0.40715	0.48381	0.10904
1313 A	0.44843	0.42401	0.12756
1314 T	0.58220	0.25730	0.1605
1315 T	0.61250	0.21460	0.1729
1316 A	0.62185	0.20215	0.17599
1317 T	0.62731	0.19287	0.17982
1318 C	0.62649	0.19175	0.18177
1319 C	0.62953	0.18864	0.18184
1320 T	0.63203	0.18649	0.18148
1321 A	0.63625	0.18232	0.18143
1322 T	0.64973	0.16877	0.18151
1323 T	0.65919	0.15976	0.18105
1324 C	0.65864	0.16095	0.18041
1325 C	0.65246	0.16968	0.17786
1326 G	0.63828	0.19457	0.16716
1327 A	0.63783	0.20163	0.16055
1328 A	0.63852	0.20887	0.15261
