# lcl|CP097583.1_cds_USQ93171.1_1
# AA	inside	membr	outside
1 A	0.62781	0.00000	0.37219
2 T	0.62699	0.00082	0.37219
3 G	0.62608	0.00173	0.37219
4 G	0.62608	0.00883	0.36509
5 A	0.62060	0.03192	0.34748
6 A	0.62060	0.03294	0.34646
7 A	0.61033	0.04340	0.34627
8 T	0.61033	0.04340	0.34627
9 T	0.60678	0.04721	0.34601
10 C	0.60677	0.06909	0.32414
11 A	0.60568	0.07283	0.32149
12 A	0.59867	0.08054	0.32079
13 T	0.59414	0.08682	0.31904
14 T	0.59414	0.08682	0.31904
15 A	0.59414	0.09191	0.31395
16 T	0.59380	0.09225	0.31395
17 T	0.59306	0.09302	0.31392
18 T	0.59302	0.09313	0.31384
19 C	0.59158	0.09462	0.31379
20 T	0.58614	0.10320	0.31065
21 T	0.56443	0.12493	0.31063
22 T	0.56147	0.13030	0.30822
23 T	0.55682	0.13735	0.30583
24 A	0.54470	0.15610	0.2992
25 A	0.54016	0.16232	0.29752
26 T	0.53738	0.16549	0.29714
27 A	0.53104	0.17334	0.29563
28 A	0.54078	0.15986	0.29936
29 T	0.54128	0.15893	0.29979
30 A	0.53997	0.15310	0.30692
31 A	0.54001	0.15256	0.30743
32 G	0.54112	0.14697	0.31192
33 T	0.56091	0.12662	0.31247
34 T	0.56259	0.12482	0.31259
35 T	0.56261	0.12273	0.31466
36 A	0.56200	0.12296	0.31503
37 A	0.56124	0.12637	0.31239
38 T	0.56461	0.12340	0.31199
39 T	0.56299	0.12541	0.3116
40 T	0.56142	0.12593	0.31265
41 T	0.55993	0.12604	0.31403
42 G	0.55750	0.12818	0.31432
43 A	0.55829	0.12395	0.31775
44 A	0.55825	0.10836	0.3334
45 T	0.56112	0.10078	0.3381
46 A	0.56339	0.09400	0.3426
47 T	0.57037	0.07576	0.35388
48 T	0.57290	0.06892	0.35819
49 A	0.57401	0.06638	0.35961
50 T	0.57574	0.05522	0.36905
51 T	0.57617	0.05257	0.37127
52 T	0.57605	0.05262	0.37133
53 T	0.57555	0.05491	0.36953
54 A	0.57487	0.05825	0.36688
55 A	0.57441	0.06076	0.36482
56 T	0.57517	0.06405	0.36079
57 A	0.57620	0.06609	0.3577
58 T	0.57882	0.06506	0.35612
59 A	0.58094	0.06357	0.35548
60 T	0.58441	0.05947	0.35613
61 T	0.58587	0.05980	0.35434
62 T	0.58793	0.06000	0.35207
63 T	0.58823	0.06936	0.3424
64 G	0.58503	0.08877	0.3262
65 T	0.58418	0.09674	0.31908
66 T	0.58134	0.10663	0.31204
67 T	0.57533	0.11909	0.30558
68 T	0.55779	0.14289	0.29932
69 A	0.52957	0.17837	0.29206
70 A	0.52323	0.18809	0.28867
71 A	0.52161	0.19001	0.28838
72 A	0.52306	0.18853	0.2884
73 T	0.52582	0.18532	0.28886
74 T	0.52733	0.18387	0.28881
75 C	0.52535	0.18670	0.28795
76 A	0.52515	0.19240	0.28245
77 A	0.52212	0.19631	0.28157
78 A	0.51868	0.20047	0.28085
79 T	0.51875	0.20123	0.28002
80 T	0.50483	0.21678	0.27839
81 C	0.47624	0.24622	0.27754
82 G	0.45047	0.27487	0.27465
83 A	0.43753	0.29093	0.27154
84 A	0.43534	0.29490	0.26977
85 A	0.43871	0.29264	0.26865
86 A	0.45189	0.28035	0.26777
87 T	0.47541	0.25004	0.27455
88 T	0.48144	0.23920	0.27936
89 T	0.47534	0.24038	0.28427
90 A	0.45311	0.25717	0.28972
91 A	0.42928	0.26606	0.30466
92 C	0.39845	0.27298	0.32857
93 G	0.36335	0.30508	0.33156
94 C	0.34638	0.32290	0.33072
95 G	0.33161	0.34410	0.32429
96 A	0.32293	0.36451	0.31256
97 G	0.31728	0.37348	0.30924
98 A	0.31513	0.37651	0.30836
99 A	0.31863	0.37454	0.30683
100 A	0.32018	0.37220	0.30762
101 A	0.32232	0.36847	0.30921
102 A	0.32550	0.35535	0.31915
103 T	0.32995	0.32871	0.34135
104 T	0.33191	0.30070	0.36738
105 T	0.33332	0.28338	0.3833
106 G	0.33384	0.27779	0.38838
107 A	0.33412	0.28159	0.38429
108 A	0.33466	0.28175	0.38359
109 T	0.33517	0.27817	0.38666
110 T	0.33402	0.27665	0.38933
111 A	0.33114	0.27635	0.39251
112 A	0.33022	0.26614	0.40364
113 A	0.32993	0.24279	0.42728
114 A	0.33060	0.21467	0.45472
115 T	0.33443	0.17169	0.49389
116 G	0.33739	0.13664	0.52597
117 T	0.34096	0.12240	0.53664
118 G	0.34375	0.11589	0.54036
119 T	0.35097	0.11445	0.53458
120 T	0.35048	0.12584	0.52368
121 G	0.34912	0.13594	0.51495
122 A	0.34704	0.14199	0.51097
123 A	0.34883	0.14397	0.5072
124 T	0.35622	0.13980	0.50398
125 T	0.35440	0.14435	0.50125
126 C	0.35081	0.15268	0.49651
127 A	0.35089	0.16264	0.48648
128 T	0.35611	0.16502	0.47887
129 A	0.35828	0.17564	0.46608
130 T	0.36505	0.17070	0.46426
131 T	0.36492	0.17335	0.46174
132 T	0.36170	0.18084	0.45747
133 T	0.34801	0.20132	0.45067
134 C	0.31446	0.23895	0.44659
135 A	0.29200	0.26327	0.44473
136 A	0.28263	0.27351	0.44385
137 G	0.27882	0.27788	0.4433
138 A	0.27750	0.28058	0.44193
139 C	0.28079	0.27757	0.44164
140 A	0.28660	0.27385	0.43956
141 A	0.29420	0.26723	0.43858
142 A	0.30592	0.25568	0.4384
143 T	0.32033	0.24063	0.43904
144 G	0.32710	0.23774	0.43516
145 A	0.33049	0.23747	0.43204
146 G	0.33494	0.23356	0.4315
147 T	0.34120	0.23820	0.4206
148 A	0.34008	0.25567	0.40425
149 T	0.34142	0.26777	0.39081
150 G	0.33822	0.29643	0.36534
151 A	0.33396	0.34018	0.32585
152 A	0.33848	0.35789	0.30364
153 A	0.33896	0.36873	0.29231
154 A	0.34124	0.35764	0.30111
155 A	0.34683	0.34561	0.30756
156 T	0.35490	0.32035	0.32476
157 T	0.35748	0.28922	0.35329
158 C	0.35322	0.27439	0.37239
159 G	0.34730	0.27642	0.37628
160 A	0.34031	0.28627	0.37342
161 T	0.33448	0.30026	0.36526
162 C	0.32165	0.32041	0.35793
163 A	0.31075	0.35218	0.33707
164 A	0.30897	0.35628	0.33475
165 A	0.30845	0.36039	0.33116
166 A	0.31082	0.36358	0.32559
167 T	0.32012	0.35601	0.32387
168 C	0.32924	0.34464	0.32612
169 A	0.33737	0.33591	0.32672
170 A	0.35527	0.31683	0.3279
171 A	0.37819	0.28955	0.33226
172 T	0.40127	0.26034	0.3384
173 C	0.42577	0.22804	0.34619
174 T	0.45949	0.18487	0.35563
175 T	0.47672	0.16388	0.3594
176 T	0.48488	0.15405	0.36107
177 T	0.48385	0.15482	0.36133
178 T	0.48066	0.15731	0.36203
179 T	0.47240	0.16306	0.36454
180 G	0.46419	0.16876	0.36705
181 G	0.45978	0.16969	0.37053
182 A	0.45771	0.16514	0.37715
183 A	0.46087	0.15298	0.38615
184 T	0.46970	0.13601	0.39429
185 A	0.47586	0.11951	0.40463
186 C	0.49350	0.09054	0.41596
187 A	0.49569	0.08641	0.4179
188 C	0.49932	0.08091	0.41977
189 T	0.50502	0.07750	0.41748
190 T	0.50657	0.07956	0.41387
191 T	0.50368	0.08830	0.40802
192 A	0.49088	0.11075	0.39837
193 A	0.47809	0.13540	0.3865
194 A	0.46391	0.16384	0.37225
195 T	0.42974	0.21753	0.35273
196 A	0.36423	0.31040	0.32537
197 A	0.29523	0.41951	0.28526
198 A	0.24780	0.48094	0.27127
199 A	0.21807	0.51756	0.26437
200 T	0.19126	0.55250	0.25624
201 A	0.14571	0.60323	0.25106
202 G	0.10760	0.64404	0.24836
203 A	0.10330	0.64467	0.25203
204 A	0.10147	0.64331	0.25521
205 G	0.09941	0.64228	0.2583
206 A	0.09981	0.64013	0.26005
207 C	0.10006	0.63803	0.2619
208 G	0.10057	0.63658	0.26285
209 A	0.10128	0.63548	0.26323
210 A	0.10306	0.63338	0.26357
211 T	0.10562	0.63038	0.26399
212 C	0.10798	0.62748	0.26453
213 A	0.11111	0.62315	0.26574
214 A	0.11669	0.61486	0.26846
215 A	0.12644	0.59762	0.27594
216 A	0.13829	0.57795	0.28376
217 A	0.15606	0.54971	0.29423
218 A	0.17976	0.48246	0.33778
219 A	0.21207	0.37729	0.41064
220 T	0.25995	0.25046	0.48959
221 T	0.27786	0.18062	0.54152
222 A	0.28637	0.14060	0.57303
223 T	0.29579	0.09704	0.60717
224 A	0.30101	0.04925	0.64973
225 A	0.30842	0.00000	0.69158
