# lcl|CP097583.1_cds_USQ93332.1_1
# AA	inside	membr	outside
1 A	0.46208	0.00000	0.53792
2 T	0.45948	0.00260	0.53792
3 G	0.45683	0.00525	0.53792
4 A	0.45683	0.05730	0.48587
5 T	0.41083	0.16178	0.42739
6 A	0.41083	0.17898	0.4102
7 A	0.12418	0.47080	0.40502
8 A	0.12417	0.47096	0.40488
9 A	0.08704	0.51056	0.4024
10 G	0.08699	0.57980	0.33321
11 A	0.08268	0.58799	0.32934
12 A	0.04244	0.62911	0.32846
13 G	0.01668	0.65668	0.32664
14 A	0.01668	0.65668	0.32664
15 A	0.01668	0.65744	0.32589
16 G	0.01661	0.65751	0.32589
17 T	0.01654	0.65758	0.32588
18 T	0.01653	0.65761	0.32585
19 C	0.01621	0.65798	0.32581
20 A	0.01501	0.66069	0.3243
21 A	0.01098	0.66471	0.3243
22 A	0.01088	0.66483	0.32428
23 A	0.01095	0.66467	0.32439
24 A	0.01219	0.66328	0.32452
25 A	0.01500	0.65074	0.33426
26 A	0.01872	0.63836	0.34293
27 A	0.06607	0.56262	0.37131
28 G	0.11881	0.46019	0.42099
29 A	0.13684	0.43149	0.43167
30 A	0.14849	0.20132	0.65019
31 A	0.15341	0.19321	0.65339
32 T	0.16315	0.14260	0.69425
33 T	0.21557	0.10264	0.68179
34 T	0.21730	0.09797	0.68473
35 T	0.21625	0.07397	0.70977
36 T	0.21339	0.06282	0.72379
37 T	0.20732	0.07023	0.72245
38 C	0.19410	0.08441	0.72148
39 G	0.17377	0.12331	0.70293
40 A	0.16934	0.13088	0.69978
41 A	0.16791	0.13474	0.69735
42 T	0.16761	0.13584	0.69655
43 T	0.16808	0.13464	0.69728
44 T	0.16440	0.13578	0.69981
45 A	0.15379	0.14644	0.69978
46 G	0.15125	0.14906	0.69969
47 C	0.14691	0.15360	0.69949
48 A	0.14258	0.15925	0.69817
49 A	0.14082	0.16294	0.69624
50 A	0.14044	0.16353	0.69603
51 A	0.14067	0.16339	0.69594
52 A	0.14185	0.16215	0.696
53 G	0.14607	0.15709	0.69684
54 T	0.15437	0.14778	0.69785
55 G	0.15804	0.14308	0.69888
56 T	0.17742	0.12184	0.70074
57 A	0.18300	0.11343	0.70357
58 T	0.18915	0.10241	0.70843
59 T	0.19640	0.08861	0.71498
60 T	0.20001	0.07865	0.72134
61 T	0.20169	0.06646	0.73185
62 T	0.20974	0.04454	0.74571
63 T	0.21086	0.03967	0.74947
64 T	0.21178	0.03690	0.75131
65 T	0.21154	0.03614	0.75231
66 A	0.20981	0.03721	0.75298
67 A	0.20999	0.03386	0.75615
68 T	0.21000	0.02519	0.76481
69 A	0.21002	0.02306	0.76692
70 A	0.21015	0.01890	0.77095
71 T	0.21164	0.01345	0.77491
72 T	0.21281	0.01071	0.77649
73 T	0.21244	0.01071	0.77685
74 C	0.21183	0.01112	0.77705
75 T	0.21122	0.01227	0.77651
76 A	0.20951	0.01430	0.77619
77 T	0.20847	0.01556	0.77598
78 T	0.20726	0.01685	0.77588
79 G	0.20606	0.01816	0.77578
80 C	0.20566	0.01860	0.77574
81 G	0.20541	0.01919	0.77539
82 T	0.20541	0.01947	0.77512
83 T	0.20516	0.01993	0.77492
84 T	0.20464	0.02088	0.77448
85 T	0.20395	0.02208	0.77397
86 G	0.20281	0.02299	0.7742
87 G	0.20243	0.02338	0.77419
88 T	0.20255	0.02299	0.77446
89 T	0.20260	0.02260	0.7748
90 A	0.20225	0.02405	0.77369
91 A	0.20216	0.02484	0.773
92 A	0.20213	0.02481	0.77307
93 T	0.20138	0.02544	0.77319
94 G	0.20003	0.02708	0.77289
95 A	0.19947	0.02779	0.77274
96 T	0.19942	0.02771	0.77287
97 A	0.19908	0.02854	0.77238
98 A	0.19934	0.02791	0.77276
99 A	0.19973	0.02604	0.77424
100 T	0.20012	0.02467	0.77521
101 T	0.20028	0.02366	0.77606
102 T	0.20030	0.02324	0.77646
103 A	0.20013	0.02453	0.77534
104 T	0.19988	0.02605	0.77406
105 A	0.19828	0.02793	0.77379
106 A	0.19772	0.02798	0.7743
107 T	0.19792	0.02687	0.77522
108 T	0.19802	0.02584	0.77614
109 C	0.19734	0.02539	0.77727
110 C	0.19723	0.02525	0.77752
111 G	0.19720	0.02561	0.77718
112 A	0.19781	0.02531	0.77688
113 T	0.19907	0.02407	0.77685
114 T	0.19935	0.02385	0.7768
115 A	0.19785	0.02536	0.7768
116 G	0.19736	0.02483	0.77781
117 T	0.19718	0.02356	0.77926
118 G	0.19534	0.02475	0.77991
119 G	0.19481	0.02516	0.78003
120 T	0.19504	0.02501	0.77995
121 C	0.19367	0.02687	0.77946
122 A	0.19203	0.02942	0.77855
123 T	0.19130	0.03060	0.77809
124 A	0.19006	0.03220	0.77774
125 A	0.18968	0.03278	0.77753
126 A	0.19061	0.03168	0.77771
127 A	0.19201	0.02947	0.77853
128 T	0.19256	0.02680	0.78063
129 T	0.19245	0.02574	0.78181
130 C	0.19205	0.02551	0.78243
131 A	0.19189	0.02557	0.78254
132 T	0.19183	0.02523	0.78294
133 A	0.19162	0.02522	0.78316
134 T	0.19191	0.02454	0.78355
135 T	0.19204	0.02419	0.78378
136 T	0.19186	0.02372	0.78442
137 A	0.19101	0.02384	0.78516
138 T	0.19034	0.02270	0.78697
139 A	0.18948	0.02275	0.78778
140 A	0.18924	0.02203	0.78872
141 G	0.18932	0.01978	0.7909
142 A	0.18975	0.01829	0.79196
143 T	0.19045	0.01630	0.79325
144 T	0.19123	0.01375	0.79503
145 T	0.19179	0.01170	0.79651
146 T	0.19190	0.01083	0.79727
147 A	0.19171	0.01034	0.79794
148 T	0.19168	0.00979	0.79853
149 T	0.19135	0.01001	0.79864
150 A	0.19031	0.01163	0.79805
151 G	0.19009	0.01229	0.79762
152 G	0.19001	0.01254	0.79745
153 T	0.19008	0.01252	0.79739
154 A	0.19017	0.01299	0.79684
155 T	0.19040	0.01296	0.79664
156 T	0.19022	0.01320	0.79658
157 T	0.18997	0.01361	0.79642
158 T	0.18937	0.01462	0.79601
159 A	0.18835	0.01571	0.79594
160 A	0.18791	0.01555	0.79654
161 T	0.18766	0.01514	0.7972
162 T	0.18701	0.01530	0.79769
163 A	0.18523	0.01705	0.79772
164 G	0.18470	0.01757	0.79772
165 T	0.18457	0.01778	0.79765
166 T	0.18435	0.01805	0.7976
167 A	0.18389	0.01853	0.79758
168 T	0.18393	0.01842	0.79765
169 A	0.18394	0.01828	0.79778
170 T	0.18423	0.01760	0.79817
171 A	0.18433	0.01729	0.79838
172 A	0.18469	0.01655	0.79876
173 C	0.18562	0.01466	0.79972
174 T	0.18655	0.01354	0.79991
175 T	0.18696	0.01305	0.8
176 A	0.18731	0.01266	0.80004
177 T	0.18807	0.01176	0.80017
178 T	0.18855	0.01120	0.80025
179 T	0.18890	0.01032	0.80078
180 A	0.18915	0.00970	0.80115
181 T	0.18965	0.00845	0.8019
182 T	0.18961	0.00760	0.80279
183 A	0.18905	0.00779	0.80316
184 G	0.18878	0.00786	0.80337
185 T	0.18902	0.00709	0.80389
186 T	0.18912	0.00559	0.80529
187 T	0.18908	0.00527	0.80565
188 T	0.18892	0.00544	0.80565
189 T	0.18853	0.00618	0.8053
190 C	0.18665	0.00855	0.80481
191 G	0.18547	0.01140	0.80312
192 T	0.18387	0.01450	0.80162
193 A	0.18188	0.01795	0.80016
194 G	0.18086	0.01909	0.80006
195 T	0.17993	0.02021	0.79987
196 T	0.17857	0.02167	0.79976
197 T	0.17656	0.02377	0.79967
198 C	0.17264	0.02797	0.79939
199 A	0.16854	0.03389	0.79756
200 A	0.16637	0.03822	0.79541
201 A	0.16508	0.04076	0.79416
202 A	0.16401	0.04228	0.79372
203 A	0.16360	0.04268	0.79373
204 A	0.16339	0.04273	0.79389
205 A	0.16336	0.04241	0.79423
206 A	0.16347	0.04158	0.79495
207 C	0.16376	0.04068	0.79555
208 A	0.16403	0.04027	0.79571
209 C	0.16423	0.03977	0.796
210 A	0.16458	0.03927	0.79614
211 G	0.16522	0.03837	0.79642
212 G	0.16621	0.03712	0.79668
213 T	0.16767	0.03383	0.79849
214 T	0.16919	0.03127	0.79954
215 T	0.17031	0.02795	0.80173
216 T	0.17106	0.02474	0.80419
217 G	0.17116	0.02298	0.80586
218 T	0.17137	0.02131	0.80732
219 T	0.17152	0.02000	0.80848
220 A	0.17162	0.01913	0.80925
221 A	0.17197	0.01596	0.81207
222 G	0.17379	0.01053	0.81568
223 T	0.17596	0.00645	0.81759
224 T	0.17714	0.00448	0.81838
225 T	0.17744	0.00421	0.81835
226 T	0.17742	0.00453	0.81805
227 T	0.17734	0.00563	0.81703
228 A	0.17720	0.00672	0.81608
229 T	0.17715	0.00722	0.81563
230 T	0.17706	0.00788	0.81505
231 T	0.17687	0.00907	0.81406
232 T	0.17661	0.01004	0.81335
233 T	0.17611	0.01065	0.81325
234 G	0.17529	0.01159	0.81313
235 A	0.17495	0.01205	0.813
236 T	0.17474	0.01235	0.81291
237 C	0.17442	0.01275	0.81283
238 G	0.17426	0.01294	0.8128
239 A	0.17424	0.01298	0.81278
240 A	0.17428	0.01295	0.81278
241 A	0.17441	0.01282	0.81277
242 C	0.17485	0.01236	0.81279
243 T	0.17575	0.01144	0.81281
244 T	0.17608	0.01110	0.81282
245 T	0.17629	0.01088	0.81282
246 G	0.17642	0.01075	0.81282
247 A	0.17679	0.01041	0.8128
248 T	0.17781	0.00937	0.81282
249 A	0.17852	0.00868	0.8128
250 T	0.17992	0.00720	0.81288
251 T	0.18102	0.00594	0.81304
252 T	0.18153	0.00534	0.81312
253 A	0.18188	0.00489	0.81324
254 T	0.18265	0.00385	0.81349
255 T	0.18307	0.00319	0.81373
256 T	0.18311	0.00281	0.81407
257 T	0.18304	0.00239	0.81457
258 A	0.18300	0.00235	0.81466
259 G	0.18300	0.00216	0.81483
260 T	0.18305	0.00187	0.81508
261 T	0.18305	0.00175	0.81519
262 T	0.18304	0.00174	0.81522
263 C	0.18293	0.00183	0.81523
264 T	0.18281	0.00195	0.81523
265 T	0.18267	0.00210	0.81522
266 T	0.18242	0.00236	0.81523
267 C	0.18192	0.00286	0.81523
268 G	0.18171	0.00307	0.81522
269 G	0.18162	0.00316	0.81522
270 A	0.18157	0.00323	0.8152
271 C	0.18160	0.00323	0.81517
272 T	0.18169	0.00317	0.81514
273 T	0.18175	0.00318	0.81507
274 A	0.18176	0.00334	0.8149
275 T	0.18183	0.00336	0.81481
276 A	0.18188	0.00332	0.8148
277 T	0.18196	0.00319	0.81485
278 T	0.18194	0.00314	0.81492
279 T	0.18183	0.00318	0.81498
280 C	0.18157	0.00332	0.81512
281 A	0.18147	0.00340	0.81514
282 T	0.18132	0.00355	0.81512
283 T	0.18117	0.00372	0.81511
284 T	0.18102	0.00388	0.8151
285 T	0.18073	0.00421	0.81505
286 A	0.18037	0.00456	0.81507
287 T	0.18004	0.00481	0.81516
288 T	0.17930	0.00569	0.81502
289 A	0.17755	0.00816	0.81429
290 T	0.17645	0.00985	0.8137
291 G	0.17467	0.01172	0.81361
292 G	0.17269	0.01394	0.81337
293 A	0.17158	0.01524	0.81318
294 T	0.17104	0.01584	0.81312
295 C	0.17016	0.01679	0.81305
296 A	0.16994	0.01724	0.81282
297 A	0.16992	0.01742	0.81266
298 A	0.16993	0.01761	0.81246
299 A	0.16995	0.01768	0.81237
300 T	0.17000	0.01765	0.81234
301 T	0.17000	0.01751	0.81249
302 T	0.16991	0.01745	0.81264
303 T	0.16958	0.01758	0.81283
304 A	0.16888	0.01853	0.8126
305 T	0.16852	0.01893	0.81255
306 T	0.16781	0.01978	0.81241
307 G	0.16652	0.02117	0.81231
308 A	0.16570	0.02199	0.81231
309 A	0.16527	0.02227	0.81247
310 A	0.16504	0.02223	0.81274
311 A	0.16515	0.02144	0.81341
312 A	0.16604	0.01911	0.81485
313 T	0.16713	0.01686	0.81601
314 A	0.16742	0.01498	0.81759
315 T	0.16780	0.01264	0.81955
316 T	0.16794	0.01147	0.8206
317 T	0.16793	0.01093	0.82114
318 C	0.16787	0.01037	0.82176
319 A	0.16791	0.01040	0.82169
320 A	0.16800	0.01031	0.82169
321 T	0.16820	0.01014	0.82166
322 T	0.16825	0.01014	0.82161
323 T	0.16823	0.01021	0.82156
324 G	0.16817	0.01007	0.82177
325 G	0.16819	0.00975	0.82206
326 G	0.16831	0.00915	0.82254
327 T	0.16884	0.00786	0.8233
328 T	0.16923	0.00700	0.82376
329 T	0.16960	0.00617	0.82423
330 T	0.16973	0.00537	0.8249
331 A	0.16973	0.00497	0.8253
332 T	0.16982	0.00445	0.82573
333 A	0.16986	0.00423	0.82591
334 G	0.16995	0.00407	0.82599
335 T	0.17021	0.00381	0.82598
336 T	0.17036	0.00380	0.82584
337 T	0.17034	0.00415	0.82551
338 A	0.17015	0.00465	0.8252
339 T	0.17003	0.00511	0.82485
340 T	0.16982	0.00567	0.82451
341 A	0.16958	0.00620	0.82421
342 T	0.16955	0.00643	0.82403
343 A	0.16941	0.00678	0.82381
344 T	0.16948	0.00675	0.82377
345 T	0.16907	0.00726	0.82367
346 T	0.16830	0.00838	0.82331
347 T	0.16535	0.01182	0.82283
348 T	0.16095	0.01672	0.82233
349 A	0.15547	0.02282	0.8217
350 T	0.15237	0.02651	0.82111
351 A	0.14896	0.03000	0.82105
352 A	0.14509	0.03389	0.82102
353 T	0.14388	0.03504	0.82108
354 T	0.14042	0.03846	0.82112
355 C	0.13523	0.04366	0.82111
356 A	0.13290	0.04612	0.82098
357 T	0.13162	0.04751	0.82086
358 A	0.13018	0.04920	0.82062
359 G	0.12992	0.04952	0.82056
360 T	0.13014	0.04932	0.82054
361 A	0.13028	0.04903	0.8207
362 T	0.13066	0.04843	0.82092
363 T	0.13081	0.04804	0.82115
364 A	0.13056	0.04813	0.82132
365 T	0.13044	0.04804	0.82152
366 T	0.13020	0.04810	0.8217
367 A	0.12968	0.04847	0.82184
368 A	0.12941	0.04802	0.82257
369 A	0.12963	0.04641	0.82396
370 T	0.13006	0.04207	0.82788
371 T	0.13032	0.03719	0.8325
372 A	0.13039	0.03262	0.83699
373 T	0.13070	0.02922	0.84008
374 A	0.13055	0.02663	0.84282
375 T	0.13041	0.02237	0.84722
376 A	0.13003	0.02093	0.84903
377 T	0.12990	0.01732	0.85278
378 T	0.12945	0.01408	0.85647
379 G	0.12839	0.01410	0.85751
380 G	0.12756	0.01503	0.85742
381 T	0.12745	0.01626	0.85629
382 T	0.12650	0.02134	0.85215
383 T	0.12447	0.02721	0.84832
384 T	0.12200	0.03735	0.84064
385 A	0.11865	0.04660	0.83475
386 A	0.11768	0.05235	0.82997
387 A	0.11710	0.05489	0.82801
388 T	0.11688	0.05556	0.82755
389 T	0.11664	0.05697	0.82639
390 A	0.11562	0.05972	0.82466
391 A	0.11413	0.06300	0.82286
392 G	0.11362	0.06462	0.82176
393 T	0.11342	0.06597	0.82061
394 G	0.11312	0.06774	0.81914
395 A	0.11309	0.06867	0.81825
396 T	0.11279	0.06937	0.81784
397 A	0.11200	0.07068	0.81732
398 A	0.11127	0.07163	0.8171
399 A	0.10937	0.07356	0.81708
400 A	0.10720	0.07602	0.81678
401 A	0.10553	0.07818	0.81628
402 A	0.10574	0.07720	0.81705
403 G	0.10704	0.07462	0.81833
404 A	0.10998	0.07100	0.81902
405 T	0.11591	0.06348	0.82061
406 A	0.11990	0.05743	0.82266
407 T	0.12751	0.04739	0.8251
408 C	0.13174	0.04039	0.82787
409 T	0.13590	0.03559	0.82852
410 T	0.13751	0.03349	0.829
411 G	0.13801	0.03266	0.82933
412 G	0.13924	0.03112	0.82963
413 C	0.14145	0.02824	0.83031
414 T	0.14392	0.02449	0.83159
415 T	0.14573	0.02219	0.83208
416 C	0.14716	0.02053	0.83231
417 T	0.14880	0.01888	0.83232
418 T	0.14948	0.01823	0.83229
419 T	0.14954	0.01795	0.8325
420 A	0.14950	0.01814	0.83236
421 A	0.14974	0.01808	0.83219
422 A	0.15005	0.01632	0.83363
423 A	0.15059	0.01312	0.83629
424 T	0.15178	0.00900	0.83923
425 T	0.15221	0.00740	0.84039
426 T	0.15090	0.00855	0.84055
427 G	0.14881	0.01124	0.83994
428 T	0.14796	0.01270	0.83934
429 T	0.14633	0.01583	0.83783
430 G	0.14512	0.01953	0.83535
431 T	0.14428	0.02531	0.8304
432 A	0.14096	0.03839	0.82065
433 T	0.13966	0.05461	0.80573
434 A	0.13716	0.06725	0.7956
435 T	0.13284	0.07664	0.79052
436 A	0.12757	0.08296	0.78947
437 T	0.12486	0.08607	0.78906
438 A	0.11949	0.09176	0.78875
439 A	0.11743	0.09372	0.78884
440 C	0.11650	0.09450	0.789
441 A	0.11621	0.09474	0.78906
442 A	0.11642	0.09434	0.78924
443 C	0.11715	0.09339	0.78946
444 A	0.11777	0.09274	0.78948
445 T	0.11850	0.09199	0.7895
446 T	0.11860	0.09180	0.7896
447 A	0.11858	0.09179	0.78963
448 A	0.11872	0.09153	0.78975
449 G	0.11915	0.08913	0.79172
450 T	0.12013	0.08583	0.79404
451 A	0.12098	0.08403	0.795
452 C	0.12342	0.07975	0.79683
453 A	0.12663	0.07638	0.79699
454 A	0.13225	0.07035	0.7974
455 G	0.14207	0.05773	0.8002
456 T	0.15861	0.04000	0.80139
457 T	0.16740	0.02947	0.80312
458 T	0.17124	0.02051	0.80825
459 T	0.17173	0.01467	0.8136
460 T	0.17182	0.01156	0.81662
461 T	0.17181	0.00787	0.82033
462 T	0.17169	0.00660	0.82171
463 C	0.17155	0.00616	0.82229
464 T	0.17113	0.00697	0.82189
465 T	0.16977	0.00910	0.82113
466 A	0.16789	0.01254	0.81957
467 T	0.16605	0.01665	0.81729
468 G	0.16262	0.02660	0.81078
469 G	0.16059	0.03701	0.8024
470 G	0.15966	0.04410	0.79624
471 A	0.15834	0.05060	0.79107
472 A	0.15709	0.05801	0.78489
473 A	0.15637	0.06107	0.78255
474 A	0.15576	0.06328	0.78096
475 A	0.15553	0.06431	0.78016
476 A	0.15604	0.06408	0.77988
477 A	0.15672	0.06341	0.77986
478 T	0.15761	0.06250	0.77989
479 T	0.15801	0.06211	0.77988
480 A	0.15815	0.06198	0.77986
481 C	0.15852	0.06161	0.77988
482 T	0.15868	0.06153	0.7798
483 T	0.15861	0.06187	0.77952
484 T	0.15844	0.06201	0.77954
485 T	0.15791	0.06252	0.77957
486 A	0.15669	0.06368	0.77962
487 A	0.15627	0.06317	0.78055
488 C	0.15664	0.06039	0.78296
489 A	0.15823	0.05749	0.78427
490 G	0.16144	0.05305	0.78551
491 A	0.17042	0.04240	0.78718
492 T	0.18075	0.03099	0.78827
493 T	0.18630	0.02509	0.78861
494 A	0.18943	0.02085	0.78973
495 T	0.19401	0.01513	0.79087
496 A	0.19528	0.01326	0.79146
497 T	0.19652	0.01140	0.79208
498 T	0.19675	0.01080	0.79244
499 A	0.19652	0.01099	0.79249
500 T	0.19637	0.01104	0.79259
501 G	0.19586	0.01180	0.79235
502 A	0.19564	0.01267	0.79169
503 A	0.19544	0.01383	0.79073
504 T	0.19548	0.01412	0.79039
505 A	0.19542	0.01455	0.79004
506 T	0.19560	0.01443	0.78996
507 G	0.19538	0.01495	0.78968
508 T	0.19540	0.01439	0.79021
509 T	0.19534	0.01367	0.79099
510 A	0.19504	0.01355	0.79141
511 G	0.19497	0.01322	0.79181
512 C	0.19531	0.01268	0.79201
513 T	0.19581	0.01222	0.79198
514 G	0.19621	0.01186	0.79193
515 T	0.19677	0.01140	0.79183
516 T	0.19707	0.01120	0.79172
517 T	0.19727	0.01126	0.79147
518 T	0.19736	0.01130	0.79133
519 A	0.19741	0.01128	0.79131
520 T	0.19749	0.01112	0.7914
521 T	0.19753	0.01083	0.79163
522 T	0.19760	0.01042	0.79198
523 G	0.19759	0.01030	0.79212
524 G	0.19786	0.00979	0.79235
525 A	0.19856	0.00899	0.79245
526 T	0.19983	0.00752	0.79265
527 T	0.20043	0.00683	0.79274
528 A	0.20090	0.00622	0.79288
529 G	0.20142	0.00552	0.79307
530 T	0.20226	0.00440	0.79334
531 T	0.20246	0.00414	0.79339
532 T	0.20267	0.00387	0.79346
533 T	0.20283	0.00362	0.79355
534 T	0.20287	0.00362	0.79351
535 T	0.20282	0.00379	0.79339
536 T	0.20274	0.00412	0.79314
537 A	0.20241	0.00484	0.79275
538 T	0.20227	0.00540	0.79233
539 A	0.20165	0.00690	0.79145
540 T	0.19974	0.00980	0.79046
541 T	0.19633	0.01500	0.78867
542 A	0.18616	0.02931	0.78453
543 T	0.18075	0.03854	0.78071
544 T	0.17089	0.05122	0.77789
545 T	0.16077	0.06365	0.77558
546 A	0.14688	0.08103	0.77209
547 T	0.14182	0.08893	0.76925
548 A	0.13228	0.10112	0.7666
549 T	0.12447	0.11211	0.76343
550 T	0.11324	0.12393	0.76283
551 T	0.09830	0.13982	0.76189
552 A	0.08371	0.15508	0.7612
553 A	0.07532	0.16354	0.76114
554 C	0.07106	0.16782	0.76113
555 A	0.06713	0.17187	0.761
556 T	0.06399	0.17511	0.7609
557 C	0.05935	0.17986	0.7608
558 A	0.05308	0.18683	0.76009
559 A	0.04720	0.19350	0.7593
560 A	0.04459	0.19618	0.75924
561 A	0.04272	0.19807	0.7592
562 A	0.04269	0.19780	0.75951
563 A	0.04351	0.19406	0.76243
564 A	0.04533	0.18760	0.76708
565 A	0.05000	0.17135	0.77865
566 T	0.05518	0.15757	0.78726
567 T	0.05777	0.14398	0.79824
568 A	0.05863	0.13422	0.80714
569 G	0.06043	0.12058	0.81899
570 T	0.06252	0.11318	0.8243
571 A	0.06369	0.10574	0.83057
572 T	0.06610	0.09434	0.83956
573 G	0.06541	0.08883	0.84576
574 T	0.06561	0.08821	0.84618
575 T	0.06493	0.08851	0.84655
576 T	0.06215	0.10079	0.83706
577 A	0.05691	0.11804	0.82506
578 A	0.05486	0.12391	0.82122
579 T	0.05375	0.12655	0.8197
580 A	0.05132	0.12986	0.81882
581 A	0.05080	0.12699	0.82222
582 T	0.05067	0.12348	0.82585
583 A	0.04860	0.12780	0.82359
584 A	0.04600	0.13256	0.82145
585 T	0.04381	0.13801	0.81818
586 A	0.04130	0.14747	0.81123
587 A	0.03950	0.15556	0.80493
588 A	0.03843	0.16362	0.79795
589 G	0.03750	0.17110	0.7914
590 A	0.03666	0.18399	0.77936
591 A	0.03515	0.19846	0.76639
592 A	0.03319	0.21200	0.75481
593 A	0.03306	0.22373	0.74321
594 A	0.03627	0.22510	0.73864
595 A	0.03990	0.22522	0.73488
596 G	0.04891	0.21494	0.73615
597 T	0.06553	0.19738	0.73709
598 A	0.07437	0.18819	0.73744
599 T	0.08983	0.17062	0.73955
600 T	0.09988	0.15709	0.74303
601 A	0.10321	0.15211	0.74468
602 T	0.10627	0.14758	0.74615
603 T	0.10853	0.14321	0.74826
604 G	0.10917	0.14152	0.74931
605 A	0.11007	0.13978	0.75015
606 A	0.11263	0.13530	0.75207
607 A	0.11578	0.12968	0.75455
608 C	0.12017	0.12265	0.75719
609 A	0.12721	0.11416	0.75863
610 G	0.13428	0.10550	0.76022
611 A	0.14225	0.09661	0.76114
612 A	0.15034	0.08749	0.76217
613 G	0.16343	0.07337	0.7632
614 A	0.17875	0.05500	0.76625
615 A	0.19372	0.03636	0.76992
616 T	0.20912	0.01751	0.77337
617 A	0.21507	0.00935	0.77558
618 A	0.22183	0.00000	0.77817
