# lcl|CP097583.1_cds_USQ93586.1_1
# AA	inside	membr	outside
1 A	0.57211	0.00000	0.42788
2 T	0.56995	0.00216	0.42788
3 G	0.56865	0.00346	0.42788
4 A	0.56865	0.01528	0.41607
5 A	0.56399	0.02850	0.4075
6 A	0.56399	0.03029	0.40571
7 A	0.55688	0.03793	0.40518
8 A	0.55688	0.03795	0.40517
9 T	0.55629	0.03889	0.40482
10 A	0.55628	0.05313	0.39058
11 T	0.55536	0.05470	0.38994
12 T	0.50769	0.10281	0.3895
13 G	0.37080	0.24310	0.3861
14 G	0.37077	0.24313	0.38609
15 A	0.37077	0.34178	0.28744
16 G	0.36692	0.34564	0.28744
17 T	0.36134	0.35274	0.28592
18 T	0.36096	0.35734	0.28169
19 G	0.34922	0.37102	0.27976
20 A	0.31991	0.42876	0.25133
21 T	0.29201	0.45660	0.2514
22 T	0.29049	0.46150	0.24801
23 T	0.28834	0.46399	0.24767
24 A	0.27981	0.47351	0.24668
25 G	0.26679	0.48424	0.24897
26 T	0.25178	0.49913	0.2491
27 C	0.17744	0.57423	0.24833
28 G	0.14584	0.60810	0.24607
29 A	0.12835	0.63080	0.24086
30 A	0.11580	0.64440	0.23979
31 A	0.10825	0.65435	0.2374
32 T	0.10495	0.65812	0.23693
33 A	0.10291	0.65852	0.23857
34 A	0.09732	0.66163	0.24105
35 A	0.09481	0.61967	0.28552
36 A	0.09362	0.50960	0.39678
37 A	0.09431	0.50652	0.39917
38 A	0.18090	0.42120	0.39789
39 A	0.18143	0.42979	0.38878
40 A	0.19097	0.42220	0.38682
41 T	0.19388	0.41305	0.39307
42 T	0.18072	0.41917	0.40011
43 G	0.17682	0.40707	0.41611
44 A	0.09840	0.49396	0.40764
45 A	0.08953	0.55719	0.35328
46 A	0.08472	0.57429	0.34099
47 A	0.08358	0.57493	0.34149
48 A	0.08401	0.57213	0.34386
49 A	0.08130	0.56846	0.35024
50 T	0.08129	0.49605	0.42265
51 A	0.07169	0.47882	0.44949
52 G	0.06926	0.47770	0.45304
53 G	0.06758	0.50652	0.4259
54 A	0.06516	0.58978	0.34506
55 A	0.06331	0.62577	0.31092
56 T	0.06488	0.62675	0.30837
57 A	0.06175	0.63829	0.29997
58 G	0.05807	0.64300	0.29894
59 A	0.05691	0.65058	0.29251
60 A	0.05738	0.64991	0.29272
61 A	0.06235	0.64307	0.29458
62 A	0.08049	0.61865	0.30085
63 A	0.09911	0.59414	0.30675
64 G	0.11001	0.56451	0.32548
65 T	0.12410	0.53282	0.34308
66 A	0.12804	0.51471	0.35725
67 G	0.14651	0.43550	0.41798
68 C	0.19614	0.37550	0.42836
69 T	0.21631	0.35352	0.43018
70 A	0.22475	0.34916	0.42609
71 A	0.23964	0.33851	0.42185
72 T	0.25417	0.32407	0.42175
73 A	0.24931	0.33740	0.41329
74 G	0.24706	0.33485	0.41809
75 G	0.26530	0.31961	0.41509
76 A	0.30508	0.29405	0.40086
77 T	0.40243	0.19904	0.39853
78 T	0.44114	0.16952	0.38933
79 T	0.44995	0.16140	0.38865
80 T	0.42208	0.18936	0.38857
81 A	0.38864	0.22907	0.38229
82 T	0.35600	0.26267	0.38132
83 C	0.27592	0.34474	0.37934
84 A	0.24852	0.38012	0.37136
85 A	0.23545	0.39413	0.37042
86 A	0.22655	0.40524	0.3682
87 T	0.22024	0.41229	0.36747
88 G	0.20147	0.43588	0.36264
89 C	0.17457	0.46486	0.36057
90 A	0.15797	0.49266	0.34937
91 G	0.15231	0.50355	0.34415
92 A	0.15025	0.50929	0.34045
93 G	0.15371	0.50587	0.34042
94 A	0.15825	0.50205	0.33971
95 A	0.16284	0.49467	0.34248
96 A	0.17771	0.46696	0.35533
97 C	0.19052	0.44189	0.36759
98 T	0.20411	0.42729	0.3686
99 A	0.21664	0.41482	0.36854
100 A	0.22279	0.40821	0.36899
101 T	0.23321	0.39366	0.37313
102 A	0.23512	0.38746	0.37743
103 T	0.23911	0.33617	0.42472
104 A	0.24605	0.29194	0.46201
105 T	0.24806	0.24908	0.50286
106 C	0.24817	0.17631	0.57553
107 A	0.25050	0.16417	0.58533
108 A	0.24160	0.17508	0.58333
109 G	0.23854	0.19726	0.5642
110 A	0.23619	0.25474	0.50907
111 T	0.24208	0.26801	0.48991
112 A	0.24349	0.27867	0.47784
113 T	0.25343	0.26788	0.47869
114 T	0.25633	0.26417	0.4795
115 A	0.25518	0.27691	0.46791
116 A	0.25179	0.28342	0.46479
117 T	0.25150	0.28417	0.46433
118 C	0.24993	0.28637	0.4637
119 A	0.24836	0.29048	0.46116
120 T	0.24853	0.29172	0.45975
121 T	0.24818	0.29210	0.45972
122 T	0.24708	0.29315	0.45978
123 A	0.24425	0.29599	0.45976
124 T	0.24367	0.29570	0.46064
125 C	0.24146	0.29688	0.46166
126 A	0.23985	0.29998	0.46017
127 A	0.23957	0.30099	0.45944
128 G	0.24016	0.29980	0.46003
129 A	0.24150	0.29727	0.46123
130 A	0.25027	0.28645	0.46327
131 A	0.26508	0.26065	0.47427
132 A	0.29933	0.21924	0.48143
133 C	0.36883	0.14305	0.48812
134 T	0.40696	0.10355	0.48949
135 T	0.43760	0.07115	0.49126
136 A	0.44501	0.06339	0.49159
137 G	0.44912	0.05839	0.49249
138 T	0.46207	0.04379	0.49414
139 T	0.46731	0.03461	0.49808
140 T	0.46963	0.03108	0.4993
141 T	0.47058	0.02975	0.49967
142 T	0.47016	0.02947	0.50037
143 T	0.46469	0.03634	0.49897
144 A	0.41836	0.08889	0.49276
145 G	0.37181	0.14559	0.48261
146 C	0.34881	0.16946	0.48173
147 A	0.33215	0.19115	0.47671
148 A	0.32667	0.19841	0.47491
149 G	0.32413	0.20110	0.47477
150 C	0.32282	0.20367	0.47352
151 A	0.32124	0.20812	0.47063
152 G	0.32044	0.20995	0.46961
153 A	0.31898	0.21258	0.46844
154 T	0.31874	0.21276	0.4685
155 G	0.31810	0.21339	0.46851
156 G	0.31742	0.21377	0.46881
157 G	0.31734	0.21363	0.46903
158 C	0.31785	0.21296	0.46919
159 T	0.31868	0.21244	0.46888
160 G	0.31881	0.21300	0.46819
161 C	0.31911	0.21310	0.4678
162 T	0.31954	0.21345	0.46701
163 A	0.31956	0.21443	0.46601
164 A	0.32076	0.21265	0.4666
165 A	0.32221	0.20935	0.46845
166 G	0.32487	0.20040	0.47473
167 A	0.33246	0.14654	0.52099
168 A	0.34510	0.08687	0.56803
169 T	0.35095	0.05586	0.59319
170 C	0.35541	0.03558	0.60901
171 T	0.35860	0.03327	0.60814
172 A	0.35914	0.03875	0.60211
173 T	0.36054	0.04096	0.59851
174 T	0.36089	0.04565	0.59347
175 T	0.35910	0.05762	0.58328
176 T	0.35483	0.08674	0.55844
177 T	0.34322	0.11871	0.53807
178 A	0.32515	0.13969	0.53516
179 A	0.31393	0.15214	0.53393
180 A	0.30812	0.15848	0.5334
181 G	0.30347	0.16629	0.53024
182 C	0.30201	0.17506	0.52292
183 T	0.30084	0.18051	0.51865
184 T	0.29482	0.19303	0.51215
185 A	0.28497	0.20533	0.5097
186 T	0.27666	0.21686	0.50649
187 C	0.25399	0.24600	0.50002
188 A	0.23608	0.27376	0.49016
189 A	0.22253	0.29018	0.48728
190 A	0.21109	0.30358	0.48533
191 A	0.20464	0.31075	0.4846
192 A	0.20238	0.31333	0.48429
193 G	0.20183	0.31341	0.48476
194 G	0.20639	0.30869	0.48492
195 A	0.21560	0.29957	0.48484
196 A	0.22469	0.29026	0.48505
197 A	0.23651	0.27537	0.48812
198 T	0.25266	0.25249	0.49486
199 T	0.27279	0.22683	0.50038
200 T	0.28211	0.21088	0.50701
201 A	0.28116	0.20432	0.51452
202 A	0.28173	0.20056	0.5177
203 A	0.28238	0.19727	0.52035
204 A	0.28584	0.19112	0.52304
205 A	0.29352	0.18131	0.52517
206 A	0.29964	0.17149	0.52886
207 T	0.30926	0.15290	0.53783
208 A	0.31230	0.13974	0.54796
209 A	0.31639	0.12558	0.55803
210 T	0.32376	0.09577	0.58046
211 T	0.33122	0.07191	0.59687
212 A	0.33240	0.05819	0.6094
213 T	0.33365	0.04608	0.62027
214 C	0.33374	0.04082	0.62544
215 G	0.33379	0.04065	0.62557
216 T	0.33439	0.04019	0.62542
217 G	0.33456	0.04067	0.62477
218 A	0.33531	0.04089	0.6238
219 T	0.33735	0.04011	0.62254
220 T	0.33848	0.03879	0.62272
221 G	0.33908	0.03777	0.62315
222 G	0.34098	0.03539	0.62363
223 T	0.34453	0.03117	0.62429
224 C	0.34715	0.02844	0.62441
225 T	0.35144	0.02838	0.62018
226 A	0.35320	0.03531	0.61149
227 T	0.35522	0.03695	0.60783
228 T	0.35597	0.03895	0.60508
229 T	0.35625	0.04197	0.60179
230 T	0.35624	0.04386	0.5999
231 A	0.35615	0.04553	0.59832
232 A	0.35628	0.04658	0.59713
233 A	0.35639	0.04681	0.59679
234 T	0.35692	0.04597	0.59712
235 G	0.35750	0.04567	0.59683
236 A	0.35861	0.04501	0.59639
237 T	0.36059	0.04322	0.59619
238 T	0.36167	0.04258	0.59575
239 T	0.36206	0.04249	0.59544
240 A	0.36230	0.04270	0.595
241 A	0.36289	0.04188	0.59523
242 A	0.36398	0.04058	0.59544
243 T	0.36495	0.03929	0.59576
244 T	0.36569	0.03833	0.59598
245 C	0.36636	0.03757	0.59608
246 A	0.36722	0.03675	0.59603
247 G	0.36925	0.03474	0.59601
248 G	0.37402	0.02999	0.59599
249 T	0.38484	0.01914	0.59602
250 T	0.38925	0.01469	0.59605
251 T	0.39217	0.01152	0.5963
252 T	0.39419	0.00923	0.59658
253 C	0.39508	0.00805	0.59687
254 C	0.39599	0.00700	0.59701
255 T	0.39714	0.00585	0.59701
256 T	0.39765	0.00544	0.59691
257 A	0.39787	0.00533	0.59679
258 T	0.39866	0.00459	0.59675
259 G	0.39926	0.00401	0.59673
260 T	0.40000	0.00326	0.59674
261 T	0.40055	0.00261	0.59684
262 A	0.40066	0.00251	0.59683
263 T	0.40106	0.00211	0.59683
264 T	0.40017	0.00333	0.5965
265 C	0.39808	0.00546	0.59646
266 A	0.39742	0.00629	0.59628
267 T	0.39692	0.00692	0.59616
268 T	0.39584	0.00811	0.59605
269 C	0.39457	0.00955	0.59587
270 T	0.39326	0.01161	0.59513
271 G	0.39176	0.01325	0.59499
272 A	0.39128	0.01383	0.59488
273 T	0.39111	0.01405	0.59484
274 T	0.39096	0.01421	0.59483
275 C	0.39083	0.01432	0.59484
276 G	0.39078	0.01440	0.59482
277 T	0.39080	0.01437	0.59482
278 C	0.39082	0.01435	0.59483
279 T	0.39084	0.01434	0.59481
280 T	0.39086	0.01438	0.59476
281 C	0.39079	0.01447	0.59474
282 A	0.39070	0.01468	0.59462
283 A	0.39072	0.01479	0.59449
284 A	0.39075	0.01472	0.59454
285 A	0.39084	0.01448	0.59467
286 A	0.39106	0.01420	0.59474
287 T	0.39153	0.01240	0.59607
288 T	0.39169	0.00972	0.59859
289 A	0.39181	0.00896	0.59923
290 T	0.39200	0.00840	0.5996
291 G	0.39204	0.00857	0.59938
292 A	0.39195	0.00823	0.59982
293 T	0.39254	0.00663	0.60084
294 T	0.39260	0.00544	0.60196
295 T	0.39245	0.00572	0.60183
296 C	0.39231	0.00675	0.60094
297 T	0.39218	0.01147	0.59635
298 A	0.39193	0.01305	0.59503
299 T	0.39188	0.01358	0.59454
300 T	0.39174	0.01379	0.59446
301 A	0.39123	0.01440	0.59437
302 C	0.39074	0.01482	0.59444
303 T	0.38896	0.01694	0.5941
304 C	0.38765	0.01832	0.59403
305 A	0.38692	0.01909	0.59399
306 T	0.38650	0.01954	0.59396
307 A	0.38562	0.02045	0.59393
308 C	0.38515	0.02091	0.59394
309 C	0.38358	0.02253	0.59388
310 G	0.38251	0.02371	0.59379
311 A	0.38230	0.02396	0.59374
312 A	0.38235	0.02396	0.59369
313 A	0.38259	0.02374	0.59367
314 A	0.38366	0.02260	0.59374
315 C	0.38450	0.02132	0.59418
316 T	0.38492	0.02074	0.59434
317 A	0.38506	0.02049	0.59445
318 C	0.38549	0.01983	0.59468
319 G	0.38637	0.01886	0.59477
320 C	0.39024	0.01491	0.59485
321 T	0.39159	0.01336	0.59505
322 T	0.39181	0.01303	0.59516
323 T	0.39184	0.01287	0.59528
324 A	0.39181	0.01240	0.59579
325 G	0.39182	0.01180	0.59638
326 C	0.39215	0.00909	0.59876
327 T	0.39235	0.00756	0.60009
328 T	0.39247	0.00666	0.60087
329 T	0.39255	0.00612	0.60133
330 T	0.39259	0.00548	0.60193
331 G	0.39261	0.00515	0.60224
332 T	0.39266	0.00339	0.60395
333 C	0.39273	0.00225	0.60503
334 A	0.39277	0.00199	0.60524
335 T	0.39284	0.00174	0.60542
336 T	0.39287	0.00159	0.60554
337 T	0.39288	0.00152	0.60561
338 T	0.39288	0.00147	0.60565
339 A	0.39288	0.00130	0.60582
340 T	0.39288	0.00102	0.60609
341 T	0.39289	0.00086	0.60625
342 A	0.39289	0.00074	0.60637
343 T	0.39290	0.00055	0.60655
344 A	0.39291	0.00035	0.60674
345 A	0.39292	0.00000	0.60708
