# lcl|CP097583.1_cds_USQ93461.1_1
# AA	inside	membr	outside
1 A	0.23315	0.00000	0.76685
2 T	0.23157	0.00158	0.76685
3 G	0.23023	0.00291	0.76685
4 A	0.23023	0.26258	0.50718
5 T	0.21077	0.56167	0.22757
6 A	0.21077	0.65266	0.13657
7 G	0.10617	0.77156	0.12227
8 A	0.10616	0.77190	0.12193
9 A	0.09874	0.78024	0.12102
10 A	0.09872	0.82835	0.07293
11 A	0.09751	0.83113	0.07136
12 A	0.08012	0.84936	0.07051
13 C	0.06853	0.86334	0.06812
14 A	0.06853	0.86335	0.06812
15 A	0.06853	0.88642	0.04505
16 A	0.06841	0.88655	0.04505
17 T	0.06828	0.88700	0.04472
18 G	0.06827	0.88862	0.04312
19 A	0.06807	0.89148	0.04045
20 A	0.06625	0.91770	0.01606
21 T	0.06446	0.91940	0.01614
22 A	0.06497	0.92020	0.01484
23 G	0.06692	0.91821	0.01487
24 A	0.07417	0.91205	0.01377
25 A	0.08380	0.89864	0.01756
26 A	0.09609	0.88412	0.01978
27 A	0.34105	0.62787	0.03108
28 A	0.59979	0.35169	0.04852
29 T	0.69467	0.24908	0.05625
30 T	0.71399	0.15751	0.1285
31 A	0.71586	0.16057	0.12358
32 A	0.71781	0.15832	0.12386
33 T	0.74931	0.12948	0.12122
34 A	0.74779	0.13549	0.11672
35 T	0.75283	0.11638	0.13079
36 T	0.75549	0.10621	0.1383
37 C	0.75456	0.10791	0.13753
38 A	0.76472	0.10028	0.13499
39 A	0.76228	0.11436	0.12336
40 A	0.76375	0.11372	0.12253
41 G	0.76686	0.11111	0.12203
42 T	0.77359	0.10528	0.12114
43 T	0.79537	0.08198	0.12265
44 T	0.79633	0.08270	0.12097
45 T	0.79723	0.08242	0.12035
46 A	0.79694	0.08278	0.12028
47 T	0.79743	0.08236	0.12022
48 A	0.79746	0.08242	0.12012
49 T	0.79937	0.08083	0.1198
50 C	0.80118	0.07900	0.11981
51 T	0.80624	0.07408	0.11969
52 T	0.80800	0.07244	0.11956
53 T	0.80990	0.07084	0.11926
54 A	0.81261	0.06846	0.11893
55 A	0.81800	0.06305	0.11895
56 T	0.82440	0.05397	0.12163
57 T	0.83221	0.04209	0.12571
58 T	0.83480	0.03759	0.12761
59 T	0.83827	0.03246	0.12927
60 T	0.83913	0.03007	0.1308
61 G	0.83987	0.02818	0.13195
62 T	0.84761	0.01933	0.13306
63 T	0.84867	0.02045	0.13088
64 T	0.84989	0.02149	0.12863
65 T	0.85068	0.02256	0.12676
66 T	0.85075	0.02444	0.12481
67 A	0.85197	0.02462	0.1234
68 T	0.85261	0.02422	0.12316
69 G	0.85279	0.02383	0.12338
70 T	0.85323	0.02360	0.12317
71 T	0.85354	0.02322	0.12324
72 T	0.85397	0.02293	0.12309
73 T	0.85406	0.02296	0.12297
74 T	0.85415	0.02309	0.12275
75 A	0.85415	0.02344	0.12242
76 T	0.85452	0.02307	0.12242
77 T	0.85494	0.02289	0.12217
78 T	0.85506	0.02339	0.12154
79 T	0.85506	0.02452	0.12042
80 T	0.85489	0.02637	0.11874
81 A	0.85330	0.03117	0.11552
82 A	0.85275	0.03281	0.11444
83 A	0.85199	0.03436	0.11365
84 T	0.85337	0.03333	0.11331
85 G	0.85427	0.03350	0.11224
86 T	0.85766	0.03161	0.11073
87 T	0.85958	0.03382	0.1066
88 T	0.86024	0.04053	0.09922
89 T	0.86005	0.04673	0.09321
90 T	0.85893	0.05762	0.08345
91 T	0.85706	0.06568	0.07726
92 A	0.85268	0.07589	0.07143
93 T	0.83700	0.09679	0.06621
94 T	0.82513	0.11031	0.06456
95 T	0.79115	0.14756	0.06129
96 A	0.69367	0.24600	0.06034
97 A	0.61048	0.33012	0.0594
98 C	0.55365	0.38713	0.05923
99 A	0.45562	0.48579	0.05859
100 C	0.41418	0.52752	0.0583
101 A	0.37654	0.56615	0.05731
102 A	0.34353	0.60000	0.05647
103 A	0.32082	0.62432	0.05486
104 T	0.31506	0.62958	0.05536
105 A	0.29994	0.64546	0.0546
106 A	0.29254	0.65162	0.05583
107 A	0.29027	0.65321	0.05652
108 A	0.28987	0.65240	0.05773
109 G	0.29150	0.64925	0.05926
110 C	0.29747	0.64140	0.06113
111 T	0.30777	0.63044	0.06179
112 A	0.31452	0.62274	0.06274
113 T	0.32467	0.61060	0.06472
114 T	0.32758	0.60501	0.06741
115 A	0.32899	0.59961	0.0714
116 C	0.33088	0.55927	0.10984
117 A	0.33163	0.54466	0.12371
118 G	0.33430	0.50543	0.16026
119 A	0.33506	0.43232	0.23262
120 T	0.33629	0.35583	0.30787
121 T	0.33471	0.30715	0.35814
122 T	0.32972	0.21315	0.45713
123 G	0.31966	0.18259	0.49776
124 A	0.30964	0.15882	0.53154
125 G	0.30799	0.12439	0.56763
126 T	0.30867	0.09749	0.59384
127 G	0.30772	0.09156	0.60072
128 G	0.30763	0.08269	0.60967
129 T	0.30720	0.07894	0.61386
130 G	0.30629	0.08403	0.60969
131 T	0.30605	0.09967	0.59427
132 T	0.30566	0.13192	0.56242
133 T	0.30486	0.17781	0.51733
134 T	0.30217	0.24043	0.45741
135 A	0.29397	0.32626	0.37977
136 T	0.28842	0.39052	0.32106
137 T	0.27707	0.43904	0.28389
138 A	0.24090	0.53249	0.22661
139 A	0.22380	0.59926	0.17694
140 A	0.21129	0.63964	0.14907
141 A	0.20179	0.66219	0.13602
142 A	0.19904	0.67170	0.12926
143 A	0.19873	0.67419	0.12707
144 A	0.19919	0.67332	0.1275
145 G	0.20084	0.66800	0.13115
146 A	0.20578	0.65778	0.13644
147 T	0.21261	0.64470	0.14269
148 T	0.21405	0.64979	0.13616
149 T	0.21319	0.65593	0.13088
150 A	0.20939	0.66371	0.12689
151 G	0.20778	0.66671	0.12551
152 G	0.20768	0.66873	0.1236
153 T	0.21507	0.66445	0.12047
154 G	0.23392	0.65386	0.11221
155 A	0.27647	0.62546	0.09807
156 A	0.32837	0.59162	0.08001
157 A	0.38900	0.52694	0.08406
158 T	0.47152	0.43043	0.09805
159 T	0.51722	0.37637	0.10641
160 A	0.54214	0.33764	0.12023
161 C	0.58452	0.26342	0.15205
162 A	0.62822	0.21027	0.16151
163 T	0.65586	0.17389	0.17024
164 C	0.66180	0.16323	0.17497
165 T	0.66033	0.16942	0.17025
166 A	0.59269	0.24924	0.15807
167 A	0.53485	0.32374	0.14141
168 A	0.50768	0.35900	0.13331
169 G	0.48371	0.39105	0.12523
170 A	0.46531	0.42638	0.1083
171 T	0.46498	0.43076	0.10426
172 T	0.45608	0.44895	0.09497
173 T	0.42296	0.49343	0.08361
174 A	0.33790	0.60110	0.06101
175 A	0.30403	0.64934	0.04663
176 A	0.27989	0.67887	0.04124
177 A	0.25288	0.70978	0.03734
178 G	0.24064	0.72110	0.03825
179 T	0.25206	0.70781	0.04013
180 T	0.24607	0.71284	0.04109
181 A	0.22620	0.73251	0.0413
182 C	0.20989	0.74620	0.04391
183 C	0.18817	0.76875	0.04308
184 A	0.17490	0.78587	0.03923
185 A	0.15254	0.81024	0.03723
186 A	0.14167	0.82217	0.03616
187 G	0.13200	0.83022	0.03778
188 A	0.12725	0.82858	0.04416
189 A	0.13242	0.75326	0.11432
190 G	0.14789	0.67852	0.17359
191 A	0.15518	0.64477	0.20004
192 A	0.16737	0.61394	0.21869
193 A	0.18888	0.58698	0.22414
194 T	0.20286	0.56303	0.2341
195 T	0.20961	0.55972	0.23067
196 A	0.19935	0.57929	0.22136
197 T	0.21314	0.51767	0.26919
198 A	0.21352	0.50501	0.28148
199 A	0.21085	0.49248	0.29667
200 A	0.21211	0.46142	0.32647
201 T	0.21161	0.43348	0.35491
202 C	0.20907	0.43648	0.35446
203 A	0.20575	0.47712	0.31714
204 A	0.19671	0.49408	0.30922
205 A	0.19276	0.49345	0.3138
206 T	0.19046	0.48477	0.32477
207 T	0.18147	0.49265	0.32587
208 A	0.14833	0.52580	0.32587
209 A	0.10918	0.59445	0.29637
210 A	0.09013	0.66119	0.24869
211 G	0.07687	0.74273	0.1804
212 A	0.06849	0.78330	0.1482
213 A	0.06119	0.82051	0.1183
214 A	0.05984	0.85617	0.08398
215 A	0.07143	0.87490	0.05367
216 A	0.10140	0.84752	0.05108
217 A	0.12381	0.82428	0.05191
218 A	0.14851	0.79157	0.05992
219 T	0.18640	0.72666	0.08694
220 C	0.19400	0.70953	0.09647
221 C	0.19970	0.69871	0.1016
222 A	0.20716	0.69366	0.09918
223 G	0.21642	0.68781	0.09577
224 A	0.22647	0.68255	0.09098
225 T	0.24552	0.66772	0.08675
226 T	0.27792	0.63473	0.08735
227 T	0.26568	0.64193	0.09239
228 A	0.23788	0.68508	0.07704
229 A	0.22223	0.69965	0.07812
230 A	0.20971	0.70434	0.08595
231 A	0.21604	0.66978	0.11418
232 G	0.25416	0.59623	0.14961
233 A	0.32303	0.51760	0.15937
234 T	0.41276	0.42751	0.15973
235 A	0.44245	0.41933	0.13822
236 A	0.46698	0.41278	0.12024
237 A	0.49660	0.38947	0.11393
238 A	0.52396	0.36553	0.11051
239 A	0.53192	0.36213	0.10595
240 T	0.54818	0.34146	0.11036
241 T	0.55379	0.33424	0.11197
242 T	0.55444	0.33179	0.11377
243 A	0.54438	0.33969	0.11594
244 C	0.53509	0.34638	0.11853
245 A	0.52087	0.37608	0.10305
246 A	0.48524	0.43256	0.08221
247 A	0.48662	0.44488	0.06849
248 T	0.49378	0.43917	0.06705
249 A	0.48483	0.45232	0.06285
250 G	0.48424	0.42756	0.08821
251 T	0.49667	0.38894	0.11439
252 A	0.42776	0.44701	0.12523
253 G	0.38760	0.48324	0.12917
254 G	0.36370	0.51664	0.11965
255 C	0.34947	0.53236	0.11816
256 G	0.34822	0.53561	0.11617
257 A	0.34833	0.53831	0.11336
258 A	0.36917	0.51904	0.11179
259 C	0.39146	0.49609	0.11245
260 C	0.39994	0.48890	0.11117
261 A	0.39905	0.49433	0.10663
262 A	0.39247	0.50485	0.10269
263 C	0.38116	0.51914	0.09971
264 T	0.36960	0.54206	0.08834
265 G	0.35613	0.55903	0.08484
266 A	0.35343	0.55652	0.09005
267 A	0.35441	0.54876	0.09683
268 A	0.36756	0.52328	0.10915
269 C	0.38928	0.45722	0.1535
270 T	0.40478	0.43688	0.15833
271 A	0.40515	0.43866	0.15619
272 G	0.41009	0.42640	0.16352
273 A	0.41610	0.41602	0.16787
274 G	0.41939	0.40533	0.17528
275 T	0.42778	0.31777	0.25445
276 T	0.43769	0.26318	0.29913
277 A	0.45015	0.22281	0.32705
278 C	0.45516	0.19376	0.35109
279 A	0.45723	0.18705	0.35572
280 G	0.46018	0.17498	0.36484
281 T	0.46343	0.17318	0.36339
282 T	0.46405	0.17813	0.35781
283 A	0.46433	0.18477	0.3509
284 A	0.46858	0.17658	0.35484
285 A	0.47217	0.15967	0.36816
286 T	0.47637	0.13843	0.3852
287 C	0.48195	0.12058	0.39747
288 T	0.47923	0.13356	0.38721
289 G	0.45196	0.22417	0.32388
290 A	0.44446	0.28478	0.27076
291 T	0.44243	0.33385	0.22371
292 G	0.43829	0.38124	0.18047
293 A	0.43860	0.40909	0.15231
294 T	0.44424	0.44512	0.11063
295 T	0.42360	0.47711	0.09928
296 A	0.39238	0.51631	0.09131
297 T	0.38120	0.53159	0.08722
298 A	0.35210	0.56565	0.08226
299 C	0.33648	0.58210	0.08142
300 A	0.31259	0.60673	0.08068
301 G	0.30680	0.61276	0.08044
302 G	0.30680	0.61280	0.0804
303 A	0.30796	0.61249	0.07955
304 C	0.31187	0.60856	0.07957
305 A	0.31742	0.60307	0.07951
306 A	0.32431	0.59555	0.08014
307 G	0.33429	0.58458	0.08112
308 T	0.34591	0.57185	0.08223
309 A	0.35066	0.56654	0.08281
310 A	0.35959	0.55356	0.08685
311 A	0.38146	0.52361	0.09493
312 C	0.44985	0.42475	0.1254
313 G	0.50008	0.36476	0.13516
314 T	0.55842	0.30367	0.13792
315 T	0.59986	0.26284	0.1373
316 A	0.62218	0.24646	0.13135
317 A	0.65513	0.21508	0.12979
318 T	0.66816	0.16312	0.16872
319 T	0.67296	0.12135	0.20569
320 T	0.67400	0.10819	0.21781
321 T	0.67472	0.09014	0.23514
322 A	0.67186	0.08356	0.24459
323 C	0.66944	0.06533	0.26523
324 T	0.66498	0.06940	0.26561
325 G	0.65109	0.09104	0.25788
326 T	0.60728	0.16449	0.22822
327 T	0.53416	0.30062	0.16523
328 A	0.45792	0.42108	0.121
329 A	0.39818	0.49497	0.10686
330 A	0.36222	0.54661	0.09117
331 G	0.32033	0.59941	0.08025
332 A	0.24185	0.69903	0.05911
333 A	0.22127	0.72951	0.04922
334 A	0.20647	0.74938	0.04415
335 A	0.19676	0.76528	0.03796
336 A	0.19040	0.77236	0.03724
337 G	0.18979	0.77328	0.03693
338 A	0.19305	0.77092	0.03603
339 A	0.19992	0.76195	0.03812
340 G	0.20356	0.75556	0.04088
341 T	0.20707	0.74979	0.04315
342 T	0.20776	0.74687	0.04537
343 C	0.20765	0.74385	0.04851
344 T	0.20823	0.74321	0.04857
345 A	0.20665	0.74465	0.0487
346 A	0.20719	0.74266	0.05015
347 A	0.21173	0.73359	0.05468
348 A	0.22318	0.70940	0.06742
349 G	0.25667	0.60916	0.13417
350 T	0.33041	0.44807	0.22152
351 T	0.36818	0.34812	0.2837
352 G	0.37722	0.30187	0.32092
353 A	0.38764	0.27492	0.33744
354 A	0.39770	0.23599	0.36631
355 T	0.41570	0.13490	0.4494
356 T	0.42196	0.11406	0.46397
357 A	0.41571	0.11135	0.47294
358 T	0.41374	0.10532	0.48094
359 C	0.40116	0.11331	0.48553
360 G	0.38910	0.12712	0.48378
361 A	0.37921	0.13902	0.48177
362 C	0.37199	0.14715	0.48085
363 T	0.36973	0.15646	0.47381
364 G	0.36816	0.17112	0.46073
365 T	0.36939	0.20369	0.42692
366 T	0.36828	0.24940	0.38232
367 T	0.36405	0.29586	0.34009
368 T	0.35450	0.38168	0.26382
369 A	0.31971	0.56174	0.11855
370 A	0.26584	0.62740	0.10676
371 A	0.24314	0.65361	0.10325
372 A	0.22825	0.67079	0.10096
373 A	0.21305	0.68922	0.09773
374 C	0.20216	0.70156	0.09628
375 T	0.19485	0.71250	0.09264
376 A	0.18725	0.72713	0.08561
377 A	0.18760	0.73007	0.08232
378 A	0.18615	0.73348	0.08037
379 G	0.18645	0.73336	0.08019
380 A	0.18835	0.72307	0.08858
381 A	0.18623	0.71659	0.09717
382 T	0.18719	0.70652	0.10628
383 T	0.18472	0.70032	0.11496
384 A	0.17698	0.70076	0.12226
385 G	0.16953	0.70054	0.12993
386 G	0.16562	0.69987	0.13452
387 C	0.17032	0.69088	0.1388
388 G	0.20119	0.66679	0.13203
389 A	0.25555	0.62946	0.11499
390 A	0.29820	0.60595	0.09585
391 A	0.36570	0.54209	0.09221
392 T	0.48625	0.39907	0.11468
393 T	0.49042	0.34939	0.16018
394 A	0.48751	0.33039	0.1821
395 A	0.48745	0.31332	0.19923
396 A	0.49014	0.29096	0.21889
397 T	0.49291	0.26813	0.23896
398 C	0.48084	0.26419	0.25497
399 T	0.47193	0.27015	0.25791
400 A	0.41481	0.33901	0.24617
401 A	0.37933	0.40449	0.21618
402 A	0.35805	0.45362	0.18833
403 G	0.33348	0.49198	0.17454
404 A	0.31592	0.51752	0.16657
405 T	0.31798	0.52281	0.15921
406 T	0.31380	0.53563	0.15057
407 T	0.29876	0.57061	0.13062
408 A	0.24744	0.63927	0.11328
409 A	0.22637	0.66250	0.11112
410 A	0.20845	0.68055	0.11101
411 A	0.18721	0.69980	0.11298
412 G	0.19340	0.68823	0.11837
413 T	0.21708	0.66184	0.12109
414 T	0.22442	0.65533	0.12025
415 A	0.21999	0.66628	0.11373
416 C	0.21649	0.66937	0.11414
417 T	0.20679	0.69415	0.09907
418 A	0.19044	0.72493	0.08463
419 A	0.16073	0.76167	0.0776
420 A	0.14198	0.78304	0.07498
421 G	0.12825	0.78643	0.08532
422 A	0.11783	0.77940	0.10277
423 A	0.12228	0.72066	0.15706
424 G	0.15161	0.65737	0.19103
425 A	0.17676	0.62129	0.20195
426 A	0.19868	0.59048	0.21084
427 A	0.22169	0.57078	0.20754
428 T	0.24366	0.55213	0.20421
429 T	0.24836	0.56126	0.19038
430 A	0.22301	0.61357	0.16343
431 T	0.21707	0.59754	0.1854
432 A	0.19937	0.60839	0.19224
433 A	0.18810	0.60785	0.20406
434 G	0.18193	0.59039	0.22768
435 A	0.17759	0.59245	0.22995
436 C	0.17969	0.59577	0.22454
437 A	0.18461	0.61881	0.19658
438 A	0.19183	0.61784	0.19033
439 A	0.20058	0.60712	0.1923
440 T	0.21698	0.58406	0.19896
441 T	0.21970	0.57514	0.20515
442 A	0.19587	0.58302	0.22112
443 A	0.16770	0.61725	0.21505
444 A	0.13784	0.66409	0.19807
445 G	0.11598	0.72685	0.15717
446 A	0.10016	0.76916	0.13068
447 A	0.08796	0.80615	0.10589
448 A	0.08575	0.83815	0.0761
449 A	0.09723	0.85012	0.05265
450 A	0.12411	0.82397	0.05192
451 A	0.14059	0.80414	0.05527
452 A	0.16066	0.76708	0.07226
453 T	0.19673	0.67746	0.12581
454 C	0.19867	0.65034	0.15099
455 C	0.19860	0.63840	0.16299
456 A	0.20177	0.63868	0.15955
457 G	0.20826	0.63759	0.15415
458 A	0.21919	0.63543	0.14538
459 T	0.23354	0.62941	0.13705
460 T	0.25520	0.61032	0.13447
461 T	0.23364	0.63696	0.12941
462 A	0.20283	0.70679	0.09038
463 A	0.18510	0.73232	0.08258
464 A	0.16875	0.74805	0.0832
465 A	0.16844	0.72919	0.10236
466 A	0.19166	0.68207	0.12627
467 A	0.23392	0.61436	0.15171
468 T	0.30069	0.53466	0.16465
469 A	0.32702	0.51595	0.15703
470 A	0.34832	0.50257	0.14911
471 A	0.37488	0.47868	0.14644
472 A	0.39762	0.45649	0.1459
473 A	0.40488	0.45186	0.14326
474 T	0.41903	0.42766	0.15331
475 T	0.42432	0.41670	0.15898
476 T	0.42569	0.41207	0.16224
477 A	0.41856	0.41508	0.16636
478 C	0.41250	0.41728	0.17022
479 A	0.40411	0.44538	0.15051
480 A	0.38302	0.49370	0.12328
481 A	0.39175	0.51100	0.09724
482 T	0.40793	0.49958	0.09249
483 A	0.40529	0.51122	0.08349
484 G	0.41321	0.47607	0.11072
485 T	0.44519	0.41696	0.13785
486 A	0.39713	0.45704	0.14582
487 G	0.36789	0.48474	0.14737
488 G	0.34759	0.51906	0.13335
489 C	0.33557	0.53408	0.13034
490 G	0.33346	0.53879	0.12775
491 A	0.32980	0.54612	0.12408
492 A	0.34613	0.53210	0.12176
493 C	0.36594	0.51181	0.12225
494 C	0.37668	0.50273	0.1206
495 A	0.37753	0.50728	0.11519
496 A	0.37140	0.51841	0.1102
497 C	0.35902	0.53450	0.10648
498 T	0.34919	0.55799	0.09282
499 G	0.33750	0.57397	0.08853
500 A	0.33602	0.57225	0.09174
501 A	0.33868	0.56512	0.0962
502 A	0.35627	0.53870	0.10502
503 C	0.38629	0.47505	0.13866
504 T	0.41510	0.44312	0.14179
505 A	0.41782	0.44362	0.13856
506 G	0.42642	0.42976	0.14381
507 A	0.43543	0.41788	0.1467
508 G	0.43986	0.40759	0.15255
509 T	0.45241	0.33308	0.21451
510 T	0.46591	0.28278	0.25131
511 A	0.48259	0.23945	0.27796
512 C	0.48899	0.20887	0.30214
513 A	0.49147	0.20108	0.30746
514 G	0.49514	0.18575	0.31911
515 T	0.49916	0.18191	0.31893
516 T	0.49968	0.18532	0.31501
517 A	0.49979	0.19008	0.31012
518 A	0.50450	0.17918	0.31633
519 A	0.50873	0.15964	0.33163
520 T	0.51358	0.13591	0.35051
521 C	0.51951	0.11801	0.36248
522 T	0.51473	0.12941	0.35586
523 G	0.47088	0.22303	0.30609
524 A	0.45903	0.27904	0.26194
525 T	0.45581	0.32425	0.21994
526 G	0.44933	0.36917	0.1815
527 A	0.44888	0.39400	0.15712
528 T	0.45397	0.42465	0.12138
529 T	0.42658	0.46181	0.11161
530 A	0.38799	0.50689	0.10512
531 T	0.37371	0.52419	0.1021
532 A	0.33877	0.56313	0.0981
533 C	0.31968	0.58229	0.09804
534 A	0.29096	0.61143	0.0976
535 G	0.28364	0.61865	0.0977
536 G	0.28281	0.61922	0.09797
537 A	0.28320	0.61936	0.09744
538 C	0.28643	0.61592	0.09765
539 A	0.29112	0.61098	0.0979
540 A	0.29642	0.60455	0.09903
541 G	0.30426	0.59504	0.1007
542 T	0.31343	0.58427	0.1023
543 A	0.31719	0.57972	0.10309
544 A	0.32462	0.56668	0.10871
545 A	0.34211	0.53817	0.11971
546 C	0.39662	0.43517	0.16821
547 G	0.43881	0.37873	0.18246
548 T	0.49152	0.32240	0.18608
549 T	0.52835	0.28656	0.18509
550 A	0.54763	0.27523	0.17714
551 A	0.57633	0.24838	0.17529
552 T	0.58780	0.18810	0.2241
553 T	0.59161	0.13954	0.26884
554 T	0.59202	0.12375	0.28423
555 T	0.59234	0.10309	0.30458
556 A	0.58977	0.09411	0.31611
557 C	0.58766	0.07165	0.34068
558 T	0.58379	0.07578	0.34043
559 G	0.57173	0.09908	0.32919
560 T	0.53361	0.19015	0.27624
561 T	0.47674	0.33383	0.18944
562 A	0.41542	0.45064	0.13393
563 A	0.36887	0.51595	0.11517
564 A	0.34275	0.56009	0.09717
565 G	0.31388	0.60052	0.0856
566 A	0.26110	0.67351	0.06539
567 A	0.24643	0.69979	0.05378
568 A	0.23607	0.71852	0.04542
569 A	0.22932	0.73318	0.0375
570 A	0.22541	0.73800	0.0366
571 G	0.22598	0.73798	0.03604
572 A	0.23096	0.73406	0.03497
573 A	0.24017	0.72290	0.03693
574 G	0.24496	0.71580	0.03924
575 T	0.24949	0.70916	0.04135
576 T	0.25058	0.70594	0.04348
577 C	0.25075	0.70274	0.04651
578 T	0.25168	0.70148	0.04683
579 A	0.25044	0.70249	0.04708
580 A	0.25155	0.69999	0.04847
581 A	0.25777	0.68972	0.05251
582 A	0.27404	0.66198	0.06398
583 G	0.33501	0.54288	0.1221
584 T	0.43598	0.37470	0.18932
585 T	0.48118	0.27983	0.23899
586 G	0.49152	0.24283	0.26565
587 A	0.50145	0.22520	0.27336
588 A	0.51073	0.20025	0.28902
589 T	0.52603	0.13033	0.34365
590 T	0.53226	0.11398	0.35376
591 A	0.51901	0.12268	0.35831
592 T	0.51070	0.12630	0.363
593 C	0.49748	0.13603	0.36649
594 G	0.48126	0.15342	0.36532
595 A	0.46874	0.16772	0.36355
596 C	0.45989	0.17718	0.36292
597 T	0.45764	0.18435	0.35802
598 G	0.45551	0.19652	0.34797
599 T	0.45587	0.21545	0.32868
600 T	0.45316	0.24561	0.30123
601 T	0.44392	0.28070	0.27538
602 T	0.41765	0.35199	0.23036
603 A	0.31747	0.54277	0.13976
604 A	0.27151	0.59589	0.13259
605 A	0.25129	0.61824	0.13047
606 A	0.23943	0.63151	0.12906
607 A	0.23698	0.63502	0.128
608 C	0.23864	0.63190	0.12946
609 T	0.24396	0.62751	0.12852
610 A	0.24890	0.62526	0.12584
611 A	0.25552	0.61988	0.1246
612 A	0.25676	0.61887	0.12438
613 G	0.25804	0.61478	0.12718
614 A	0.26247	0.58668	0.15085
615 T	0.26522	0.56130	0.17348
616 T	0.26180	0.55827	0.17993
617 T	0.25843	0.55719	0.18438
618 A	0.25152	0.56216	0.18632
619 G	0.24681	0.56130	0.1919
620 G	0.24528	0.56133	0.19339
621 T	0.25242	0.55415	0.19342
622 G	0.26826	0.54720	0.18454
623 A	0.30157	0.53520	0.16323
624 A	0.32756	0.53038	0.14205
625 A	0.36828	0.46363	0.1681
626 T	0.44431	0.29427	0.26142
627 T	0.44836	0.25285	0.29879
628 A	0.44902	0.23306	0.31792
629 C	0.45090	0.21840	0.3307
630 A	0.45327	0.21473	0.332
631 T	0.45567	0.21021	0.33412
632 C	0.45344	0.21143	0.33513
633 T	0.45190	0.22078	0.32732
634 A	0.39982	0.29735	0.30283
635 A	0.36655	0.39066	0.24278
636 A	0.34903	0.43229	0.21868
637 G	0.33012	0.46694	0.20294
638 A	0.31721	0.49869	0.1841
639 T	0.32394	0.50080	0.17527
640 T	0.32389	0.53264	0.14347
641 T	0.30938	0.57077	0.11986
642 A	0.26171	0.65223	0.08606
643 A	0.24336	0.68410	0.07254
644 A	0.23032	0.70460	0.06508
645 A	0.21513	0.72726	0.05761
646 G	0.21957	0.72158	0.05885
647 T	0.24721	0.69188	0.06091
648 T	0.24496	0.69341	0.06163
649 A	0.23210	0.70668	0.06122
650 C	0.21959	0.71694	0.06347
651 C	0.19948	0.73882	0.0617
652 A	0.18387	0.76055	0.05559
653 A	0.15711	0.79074	0.05215
654 A	0.14649	0.80378	0.04973
655 G	0.13739	0.81221	0.05039
656 A	0.13611	0.81061	0.05329
657 A	0.15308	0.74140	0.10552
658 G	0.20936	0.65094	0.1397
659 A	0.23197	0.61342	0.15461
660 A	0.25751	0.57633	0.16617
661 A	0.28768	0.54495	0.16736
662 T	0.31354	0.51794	0.16852
663 T	0.33467	0.50383	0.1615
664 A	0.31157	0.54201	0.14643
665 T	0.33108	0.49677	0.17216
666 A	0.32634	0.49523	0.17842
667 A	0.32285	0.48796	0.1892
668 A	0.32592	0.46173	0.21235
669 T	0.32441	0.44192	0.23367
670 C	0.31949	0.44698	0.23353
671 A	0.31404	0.47799	0.20798
672 A	0.30218	0.49407	0.20375
673 A	0.29671	0.49393	0.20936
674 T	0.29205	0.48553	0.22243
675 T	0.27518	0.49657	0.22825
676 A	0.22424	0.53466	0.2411
677 A	0.16296	0.61101	0.22603
678 A	0.13038	0.67289	0.19672
679 G	0.10840	0.74007	0.15153
680 A	0.09478	0.77852	0.12669
681 A	0.08251	0.81324	0.10425
682 A	0.07684	0.84663	0.07653
683 A	0.08261	0.86638	0.051
684 A	0.10351	0.84628	0.05021
685 A	0.11801	0.82937	0.05262
686 A	0.13578	0.79838	0.06584
687 T	0.16464	0.71837	0.11699
688 C	0.16803	0.69891	0.13306
689 C	0.17107	0.68708	0.14185
690 A	0.17536	0.68620	0.13844
691 G	0.18139	0.68487	0.13374
692 A	0.18806	0.68396	0.12798
693 T	0.20064	0.67554	0.12382
694 T	0.22256	0.65115	0.12629
695 T	0.21061	0.65512	0.13427
696 A	0.18897	0.70328	0.10775
697 A	0.17636	0.71288	0.11075
698 A	0.16597	0.70817	0.12585
699 A	0.16915	0.66055	0.1703
700 G	0.19535	0.57776	0.22689
701 A	0.24501	0.51134	0.24365
702 T	0.31106	0.44329	0.24566
703 A	0.33565	0.45004	0.2143
704 A	0.35542	0.45638	0.1882
705 A	0.38034	0.44018	0.17949
706 A	0.40375	0.42213	0.17412
707 A	0.41041	0.42354	0.16604
708 T	0.42387	0.40532	0.17082
709 T	0.42871	0.39988	0.17141
710 T	0.42981	0.39782	0.17237
711 A	0.42262	0.40484	0.17254
712 C	0.41603	0.41133	0.17263
713 A	0.40685	0.44516	0.14799
714 A	0.38412	0.50151	0.11438
715 A	0.38939	0.51823	0.09238
716 T	0.40140	0.51076	0.08785
717 A	0.39681	0.52313	0.08006
718 G	0.40159	0.50200	0.0964
719 T	0.42760	0.45714	0.11526
720 A	0.37616	0.50291	0.12093
721 G	0.34698	0.53114	0.12187
722 G	0.32935	0.55797	0.11268
723 C	0.32002	0.56911	0.11086
724 G	0.32463	0.56636	0.10901
725 A	0.32996	0.56363	0.10641
726 A	0.36354	0.53166	0.10479
727 C	0.39740	0.49736	0.10524
728 C	0.41094	0.48494	0.10412
729 A	0.41314	0.48676	0.10009
730 A	0.40607	0.49730	0.09663
731 C	0.39115	0.51486	0.09399
732 T	0.37663	0.53920	0.08416
733 G	0.35979	0.55903	0.08117
734 A	0.35729	0.55784	0.08487
735 A	0.35971	0.55032	0.08997
736 A	0.37999	0.52084	0.09917
737 C	0.41378	0.45378	0.13244
738 T	0.43715	0.42703	0.13582
739 A	0.43789	0.42895	0.13316
740 G	0.44455	0.41680	0.13865
741 A	0.45231	0.40590	0.1418
742 G	0.45590	0.39651	0.14759
743 T	0.46577	0.32401	0.21021
744 T	0.47544	0.27824	0.24632
745 A	0.48643	0.24272	0.27086
746 C	0.49092	0.21585	0.29323
747 A	0.49260	0.20938	0.29802
748 G	0.49521	0.19586	0.30892
749 T	0.49812	0.19322	0.30867
750 T	0.49839	0.19668	0.30493
751 A	0.49815	0.20147	0.30038
752 A	0.50152	0.19006	0.30842
753 A	0.50424	0.16695	0.3288
754 T	0.50765	0.13998	0.35237
755 C	0.51107	0.11856	0.37037
756 T	0.50571	0.12800	0.3663
757 G	0.47017	0.21595	0.31388
758 A	0.45966	0.27311	0.26723
759 T	0.45665	0.31923	0.22412
760 G	0.45124	0.36389	0.18487
761 A	0.45084	0.38957	0.1596
762 T	0.45559	0.42261	0.1218
763 T	0.43024	0.45877	0.11099
764 A	0.39418	0.50261	0.10321
765 T	0.38153	0.51900	0.09946
766 A	0.34875	0.55638	0.09488
767 C	0.33162	0.57382	0.09456
768 A	0.30441	0.60161	0.09398
769 G	0.29726	0.60878	0.09396
770 G	0.29648	0.60941	0.09411
771 A	0.29674	0.60988	0.09337
772 C	0.29980	0.60668	0.09352
773 A	0.30426	0.60213	0.09361
774 A	0.30927	0.59625	0.09447
775 G	0.31708	0.58717	0.09575
776 T	0.32636	0.57646	0.09718
777 A	0.33013	0.57196	0.0979
778 A	0.33772	0.55931	0.10297
779 A	0.35607	0.53086	0.11307
780 C	0.41451	0.43391	0.15159
781 G	0.45937	0.37647	0.16416
782 T	0.51371	0.31868	0.16761
783 T	0.55162	0.28126	0.16711
784 A	0.57237	0.26699	0.16065
785 A	0.60338	0.23752	0.1591
786 T	0.61615	0.17901	0.20483
787 T	0.62096	0.13196	0.24708
788 T	0.62202	0.11724	0.26073
789 T	0.62275	0.09710	0.28015
790 A	0.62017	0.08935	0.29048
791 C	0.61810	0.06788	0.31402
792 T	0.61424	0.07105	0.31471
793 G	0.60193	0.09207	0.306
794 T	0.56316	0.16734	0.2695
795 T	0.50031	0.30610	0.1936
796 A	0.43313	0.42543	0.14144
797 A	0.38104	0.49464	0.12432
798 A	0.35055	0.54379	0.10566
799 G	0.31618	0.59145	0.09237
800 A	0.25206	0.68064	0.0673
801 A	0.23474	0.70992	0.05534
802 A	0.22235	0.72869	0.04897
803 A	0.21432	0.74459	0.0411
804 A	0.20928	0.75076	0.03995
805 G	0.20918	0.75155	0.03927
806 A	0.21302	0.74922	0.03777
807 A	0.22060	0.73975	0.03965
808 G	0.22454	0.73328	0.04218
809 T	0.22837	0.72735	0.04427
810 T	0.22924	0.72460	0.04615
811 C	0.22928	0.72182	0.04889
812 T	0.23005	0.72143	0.04853
813 A	0.22890	0.72292	0.04817
814 A	0.22966	0.72109	0.04925
815 A	0.23471	0.71212	0.05317
816 A	0.24754	0.68786	0.06459
817 G	0.28851	0.58747	0.12402
818 T	0.37797	0.42312	0.19892
819 T	0.42357	0.32293	0.2535
820 G	0.43516	0.28077	0.28407
821 A	0.44766	0.25636	0.29598
822 A	0.45993	0.22273	0.31734
823 T	0.48125	0.13390	0.38485
824 T	0.48960	0.11348	0.39692
825 A	0.48485	0.11116	0.40399
826 T	0.48375	0.10577	0.41048
827 C	0.47171	0.11431	0.41399
828 G	0.45940	0.12848	0.41212
829 A	0.44946	0.14034	0.4102
830 C	0.44186	0.14883	0.40932
831 T	0.43945	0.15747	0.40307
832 G	0.43777	0.17039	0.39184
833 T	0.43940	0.19680	0.3638
834 T	0.43804	0.23485	0.32711
835 T	0.43245	0.27464	0.29291
836 T	0.41921	0.34884	0.23194
837 A	0.37124	0.51433	0.11442
838 A	0.29808	0.59719	0.10474
839 A	0.26512	0.63299	0.10189
840 A	0.24242	0.65745	0.10013
841 A	0.22028	0.68187	0.09785
842 C	0.20394	0.69911	0.09695
843 T	0.19143	0.71423	0.09434
844 A	0.17886	0.73207	0.08907
845 A	0.17664	0.73649	0.08687
846 A	0.17413	0.74009	0.08579
847 G	0.17401	0.73981	0.08617
848 A	0.17543	0.72874	0.09583
849 A	0.17230	0.72035	0.10735
850 T	0.17231	0.70995	0.11774
851 T	0.16915	0.70378	0.12706
852 A	0.16060	0.70458	0.13482
853 G	0.15231	0.70404	0.14365
854 G	0.14747	0.70280	0.14973
855 C	0.15033	0.69383	0.15585
856 G	0.17454	0.67377	0.15169
857 A	0.21818	0.64456	0.13727
858 A	0.25186	0.63087	0.11727
859 A	0.30512	0.57498	0.1199
860 T	0.40254	0.44346	0.154
861 T	0.40526	0.37517	0.21957
862 A	0.40218	0.34495	0.25287
863 A	0.40150	0.31889	0.27961
864 A	0.40281	0.28948	0.3077
865 T	0.40439	0.26175	0.33385
866 C	0.39312	0.25347	0.35342
867 T	0.38424	0.26002	0.35574
868 A	0.33340	0.32680	0.3398
869 A	0.30381	0.39645	0.29974
870 A	0.28583	0.45292	0.26125
871 G	0.26456	0.50110	0.23433
872 A	0.24917	0.53809	0.21274
873 T	0.25052	0.55495	0.19453
874 T	0.24792	0.57591	0.17617
875 T	0.23835	0.61508	0.14657
876 A	0.20366	0.67375	0.12259
877 A	0.18846	0.69340	0.11815
878 A	0.17749	0.70575	0.11677
879 A	0.16569	0.71631	0.118
880 G	0.17606	0.70081	0.12312
881 T	0.20433	0.66956	0.12611
882 T	0.20937	0.66543	0.12519
883 A	0.20700	0.67486	0.11814
884 C	0.20435	0.67872	0.11693
885 T	0.19841	0.70247	0.09911
886 A	0.18590	0.73112	0.08299
887 A	0.15765	0.76745	0.0749
888 A	0.15561	0.77224	0.07216
889 G	0.15678	0.76183	0.08139
890 A	0.16284	0.74006	0.09709
891 A	0.17943	0.67529	0.14528
892 G	0.22275	0.60462	0.17263
893 A	0.25617	0.56417	0.17966
894 A	0.29947	0.51425	0.18629
895 A	0.34490	0.47246	0.18264
896 T	0.38406	0.43799	0.17795
897 T	0.39392	0.44255	0.16353
898 A	0.36341	0.50153	0.13506
899 T	0.35164	0.50356	0.1448
900 A	0.27847	0.57558	0.14596
901 A	0.22291	0.62975	0.14734
902 G	0.20378	0.63786	0.15837
903 A	0.18916	0.65789	0.15295
904 C	0.18463	0.67128	0.14409
905 A	0.18931	0.69291	0.11779
906 A	0.20227	0.67890	0.11883
907 A	0.21412	0.66374	0.12214
908 T	0.23448	0.63680	0.12872
909 T	0.24080	0.62134	0.13786
910 C	0.22366	0.60947	0.16687
911 A	0.19335	0.65102	0.15563
912 A	0.16109	0.69867	0.14025
913 G	0.13609	0.75125	0.11265
914 A	0.11760	0.78330	0.09909
915 A	0.10318	0.80713	0.08969
916 A	0.10109	0.81384	0.08506
917 A	0.11054	0.81059	0.07888
918 A	0.13157	0.79607	0.07236
919 A	0.14104	0.80523	0.05373
920 A	0.15620	0.76985	0.07395
921 T	0.18721	0.67934	0.13345
922 A	0.18695	0.64682	0.16623
923 G	0.19070	0.56655	0.24275
924 C	0.19971	0.50822	0.29207
925 G	0.20703	0.49437	0.2986
926 A	0.21793	0.48834	0.29374
927 T	0.23193	0.48667	0.2814
928 T	0.24952	0.47677	0.27371
929 T	0.22534	0.51738	0.25728
930 A	0.19560	0.59162	0.21278
931 A	0.18008	0.61922	0.20069
932 A	0.16466	0.65050	0.18484
933 A	0.15851	0.65471	0.18678
934 A	0.16871	0.62540	0.20589
935 A	0.18908	0.58339	0.22753
936 T	0.22183	0.53932	0.23886
937 A	0.23348	0.55751	0.209
938 A	0.24264	0.57070	0.18666
939 A	0.25388	0.56832	0.1778
940 A	0.26336	0.56612	0.17051
941 A	0.27534	0.55992	0.16473
942 T	0.30368	0.51955	0.17676
943 T	0.30647	0.51156	0.18198
944 T	0.30773	0.50829	0.18397
945 A	0.30646	0.50761	0.18593
946 C	0.30557	0.50785	0.18658
947 A	0.30360	0.53230	0.1641
948 A	0.30087	0.56014	0.13898
949 A	0.31361	0.57185	0.11453
950 T	0.33857	0.55295	0.10849
951 A	0.34666	0.55567	0.09767
952 G	0.36403	0.51592	0.12005
953 T	0.40472	0.45052	0.14477
954 A	0.39720	0.45179	0.15102
955 G	0.40851	0.44181	0.14968
956 G	0.42062	0.44596	0.13342
957 C	0.43494	0.43583	0.12924
958 G	0.44640	0.42779	0.12582
959 A	0.46279	0.41557	0.12165
960 A	0.50329	0.37784	0.11887
961 C	0.53918	0.34196	0.11886
962 C	0.55655	0.32592	0.11753
963 A	0.56496	0.32103	0.11401
964 A	0.56688	0.32290	0.11021
965 C	0.55588	0.33668	0.10744
966 T	0.54513	0.35834	0.09653
967 G	0.53395	0.37361	0.09244
968 A	0.53477	0.37277	0.09246
969 A	0.53958	0.36754	0.09289
970 A	0.55917	0.34592	0.09491
971 C	0.58502	0.30888	0.1061
972 T	0.60756	0.28695	0.10548
973 A	0.60433	0.29003	0.10564
974 G	0.61025	0.28207	0.10768
975 A	0.61694	0.27399	0.10907
976 G	0.61950	0.26906	0.11144
977 C	0.62713	0.24063	0.13224
978 T	0.64194	0.22011	0.13794
979 A	0.65933	0.19787	0.14279
980 C	0.66608	0.18783	0.14608
981 A	0.66898	0.18480	0.14622
982 G	0.67255	0.18049	0.14696
983 T	0.67623	0.17395	0.14982
984 T	0.67704	0.17174	0.15123
985 A	0.67598	0.17249	0.15153
986 A	0.67729	0.16079	0.16192
987 A	0.67987	0.14279	0.17734
988 T	0.68189	0.11831	0.1998
989 C	0.68622	0.09484	0.21895
990 T	0.68489	0.08871	0.22639
991 G	0.66634	0.11451	0.21915
992 A	0.65460	0.13615	0.20925
993 T	0.65143	0.14834	0.20023
994 G	0.64824	0.15686	0.1949
995 A	0.64839	0.15542	0.1962
996 T	0.64892	0.14627	0.20481
997 T	0.64818	0.14431	0.20751
998 T	0.64633	0.14659	0.20708
999 T	0.64369	0.14881	0.20751
1000 C	0.63899	0.15445	0.20657
1001 A	0.63586	0.15811	0.20603
1002 A	0.63312	0.16053	0.20635
1003 G	0.63240	0.16023	0.20737
1004 G	0.63277	0.15818	0.20905
1005 C	0.63335	0.15692	0.20973
1006 G	0.63438	0.15576	0.20985
1007 A	0.63596	0.15437	0.20967
1008 A	0.63736	0.15173	0.21091
1009 G	0.63869	0.14843	0.21288
1010 T	0.63984	0.14718	0.21298
1011 A	0.64006	0.14584	0.2141
1012 G	0.64105	0.14282	0.21613
1013 A	0.64416	0.14015	0.2157
1014 A	0.65382	0.11850	0.22768
1015 G	0.66465	0.10129	0.23406
1016 T	0.67598	0.10041	0.22361
1017 T	0.68053	0.11507	0.20441
1018 G	0.68075	0.16096	0.15829
1019 A	0.68086	0.19464	0.1245
1020 G	0.68254	0.20632	0.11114
1021 T	0.68610	0.20330	0.1106
1022 T	0.68803	0.20146	0.1105
1023 T	0.68856	0.20018	0.11125
1024 A	0.68740	0.20104	0.11156
1025 C	0.68720	0.19967	0.11314
1026 T	0.68657	0.20236	0.11107
1027 G	0.68507	0.20826	0.10666
1028 T	0.68485	0.21275	0.1024
1029 T	0.68405	0.21792	0.09803
1030 A	0.68220	0.22365	0.09415
1031 A	0.68001	0.22832	0.09166
1032 G	0.67921	0.23002	0.09077
1033 A	0.67958	0.23049	0.08992
1034 A	0.68149	0.22873	0.08977
1035 A	0.68495	0.22535	0.08969
1036 A	0.69227	0.21806	0.08967
1037 A	0.70168	0.20862	0.0897
1038 A	0.71457	0.19527	0.09016
1039 A	0.73528	0.17369	0.09103
1040 G	0.76007	0.14686	0.09308
1041 T	0.80931	0.09557	0.09512
1042 T	0.83876	0.06560	0.09564
1043 T	0.85008	0.05367	0.09625
1044 T	0.85241	0.05208	0.09551
1045 T	0.85382	0.05120	0.09498
1046 T	0.85475	0.05016	0.0951
1047 T	0.85342	0.05184	0.09475
1048 A	0.85124	0.05478	0.09398
1049 G	0.85239	0.05306	0.09455
1050 T	0.85747	0.04683	0.09571
1051 T	0.86075	0.04315	0.0961
1052 T	0.86219	0.04113	0.09667
1053 A	0.85828	0.04469	0.09703
1054 T	0.85832	0.04286	0.09881
1055 T	0.85639	0.04397	0.09964
1056 T	0.85189	0.04830	0.09982
1057 A	0.84661	0.05362	0.09977
1058 C	0.84245	0.05777	0.09978
1059 A	0.83875	0.06244	0.09881
1060 A	0.83658	0.06477	0.09865
1061 T	0.83629	0.06509	0.09862
1062 A	0.83555	0.06603	0.09842
1063 G	0.83586	0.06579	0.09834
1064 C	0.83713	0.06448	0.0984
1065 T	0.83880	0.06308	0.09812
1066 A	0.83978	0.06263	0.09759
1067 T	0.84179	0.06107	0.09714
1068 T	0.84325	0.06013	0.09663
1069 A	0.84394	0.06016	0.09589
1070 T	0.84568	0.05586	0.09846
1071 T	0.84701	0.05164	0.10136
1072 T	0.84728	0.04987	0.10286
1073 T	0.84706	0.04959	0.10334
1074 A	0.84163	0.05504	0.10334
1075 A	0.84061	0.05614	0.10325
1076 G	0.84067	0.05061	0.10872
1077 T	0.84040	0.04945	0.11016
1078 A	0.83932	0.04904	0.11164
1079 T	0.83891	0.04626	0.11482
1080 A	0.83420	0.04792	0.11788
1081 G	0.83192	0.04637	0.12171
1082 G	0.83059	0.04534	0.12408
1083 T	0.82901	0.04746	0.12353
1084 G	0.82692	0.05006	0.12302
1085 T	0.82610	0.05244	0.12146
1086 A	0.82445	0.05571	0.11985
1087 G	0.82327	0.05688	0.11985
1088 C	0.82293	0.05730	0.11977
1089 A	0.82328	0.05731	0.11941
1090 T	0.82396	0.05691	0.11913
1091 C	0.82457	0.05658	0.11885
1092 T	0.82544	0.05602	0.11855
1093 T	0.82537	0.05611	0.11851
1094 T	0.82520	0.05609	0.11871
1095 A	0.82474	0.05634	0.11892
1096 G	0.82502	0.05555	0.11943
1097 C	0.82622	0.04853	0.12525
1098 T	0.82954	0.04402	0.12645
1099 T	0.83127	0.04151	0.12721
1100 T	0.83342	0.03881	0.12777
1101 A	0.83458	0.03673	0.12869
1102 T	0.83591	0.03455	0.12955
1103 T	0.83660	0.02903	0.13437
1104 A	0.83669	0.02618	0.13714
1105 G	0.83716	0.02323	0.13961
1106 G	0.83967	0.01823	0.1421
1107 T	0.84115	0.01465	0.1442
1108 T	0.84352	0.01175	0.14473
1109 A	0.84504	0.00932	0.14565
1110 T	0.84543	0.00823	0.14634
1111 T	0.84514	0.00875	0.1461
1112 A	0.84421	0.01079	0.145
1113 T	0.84373	0.01213	0.14415
1114 T	0.84226	0.01595	0.14179
1115 T	0.83787	0.02524	0.13689
1116 T	0.81732	0.05513	0.12755
1117 T	0.76450	0.11551	0.11999
1118 A	0.62806	0.26361	0.10833
1119 T	0.55321	0.34968	0.09711
1120 G	0.32270	0.59920	0.0781
1121 A	0.19531	0.74042	0.06426
1122 A	0.13011	0.81372	0.05617
1123 A	0.06354	0.88723	0.04922
1124 A	0.05671	0.89426	0.04903
1125 A	0.05344	0.89760	0.04896
1126 A	0.05158	0.89945	0.04897
1127 A	0.05138	0.89955	0.04907
1128 C	0.05137	0.89945	0.04919
1129 A	0.05156	0.89923	0.04921
1130 A	0.05184	0.89893	0.04923
1131 T	0.05239	0.89830	0.0493
1132 A	0.05264	0.89799	0.04937
1133 A	0.05289	0.89767	0.04944
1134 A	0.05367	0.89620	0.05013
1135 A	0.05521	0.89291	0.05188
1136 A	0.05690	0.88828	0.05482
1137 A	0.06086	0.87759	0.06155
1138 A	0.06778	0.85137	0.08086
1139 T	0.07979	0.79943	0.12077
1140 A	0.08712	0.72716	0.18572
1141 G	0.09918	0.57578	0.32504
1142 A	0.11170	0.48641	0.40189
1143 T	0.13224	0.25262	0.61513
1144 T	0.14328	0.13009	0.72663
1145 A	0.14900	0.06754	0.78345
1146 A	0.15443	0.00000	0.84558
