# lcl|CP097583.1_cds_USQ93429.1_1
# AA	inside	membr	outside
1 A	0.64906	0.00000	0.35094
2 T	0.64726	0.00179	0.35094
3 G	0.64636	0.00270	0.35094
4 A	0.64636	0.05287	0.30078
5 A	0.64300	0.10452	0.25248
6 A	0.64300	0.11399	0.24301
7 T	0.63716	0.12009	0.24274
8 A	0.63716	0.12010	0.24273
9 T	0.63575	0.12172	0.24254
10 T	0.63572	0.14613	0.21815
11 C	0.62972	0.15368	0.2166
12 T	0.54879	0.23895	0.21226
13 A	0.30210	0.50559	0.1923
14 T	0.30206	0.50564	0.1923
15 A	0.30206	0.58788	0.11006
16 G	0.29712	0.59282	0.11006
17 A	0.29219	0.59833	0.10948
18 A	0.29207	0.59986	0.10807
19 G	0.29001	0.60214	0.10784
20 A	0.28491	0.60952	0.10556
21 A	0.27355	0.62084	0.10561
22 A	0.27385	0.62041	0.10575
23 C	0.27527	0.61835	0.10637
24 A	0.27993	0.61354	0.10654
25 T	0.28595	0.60527	0.10879
26 G	0.28797	0.60230	0.10974
27 C	0.32787	0.56155	0.11057
28 G	0.36568	0.52236	0.11196
29 T	0.37579	0.51181	0.1124
30 A	0.37628	0.50729	0.11643
31 G	0.37704	0.50372	0.11924
32 A	0.37828	0.49877	0.12295
33 T	0.40449	0.42728	0.16824
34 G	0.40700	0.40368	0.18932
35 T	0.43089	0.29871	0.2704
36 T	0.44768	0.10676	0.44556
37 G	0.44315	0.10673	0.45012
38 C	0.48822	0.05892	0.45286
39 T	0.48362	0.06580	0.45058
40 G	0.47720	0.07810	0.44469
41 A	0.47425	0.08411	0.44164
42 T	0.47382	0.08584	0.44034
43 T	0.47448	0.08375	0.44177
44 T	0.47019	0.08195	0.44786
45 T	0.46072	0.10048	0.43879
46 T	0.44161	0.12179	0.43659
47 T	0.38661	0.18995	0.42343
48 A	0.32805	0.25216	0.41979
49 G	0.28471	0.30229	0.413
50 A	0.26079	0.33780	0.40141
51 A	0.24483	0.35413	0.40104
52 C	0.23435	0.36524	0.40041
53 G	0.22189	0.38220	0.39591
54 A	0.21854	0.38980	0.39167
55 A	0.21679	0.39895	0.38426
56 T	0.21660	0.39932	0.38407
57 T	0.21512	0.40120	0.38368
58 G	0.20846	0.40762	0.38392
59 A	0.20547	0.41115	0.38339
60 T	0.20451	0.40892	0.38657
61 G	0.20161	0.41927	0.37912
62 A	0.20589	0.42402	0.37009
63 A	0.21550	0.42653	0.35797
64 T	0.22132	0.43029	0.3484
65 T	0.22535	0.43466	0.33999
66 T	0.22503	0.45835	0.31663
67 A	0.20762	0.53015	0.26223
68 A	0.19953	0.57727	0.2232
69 A	0.19085	0.58648	0.22267
70 G	0.19548	0.53997	0.26456
71 A	0.19227	0.52021	0.28753
72 T	0.19826	0.50363	0.29812
73 A	0.20485	0.52683	0.26831
74 A	0.20513	0.54570	0.24917
75 A	0.20738	0.56358	0.22904
76 T	0.21292	0.55612	0.23096
77 A	0.21441	0.57021	0.21538
78 T	0.21518	0.58728	0.19755
79 A	0.20769	0.62267	0.16963
80 A	0.20029	0.63432	0.16539
81 A	0.19230	0.64488	0.16282
82 A	0.18225	0.65700	0.16076
83 A	0.18251	0.66053	0.15695
84 C	0.19190	0.65622	0.15187
85 A	0.19964	0.69049	0.10987
86 A	0.21701	0.69040	0.09259
87 T	0.24143	0.67114	0.08743
88 A	0.25198	0.66829	0.07973
89 A	0.27789	0.64394	0.07818
90 A	0.33517	0.56634	0.09849
91 T	0.39449	0.49173	0.11378
92 T	0.42010	0.45509	0.12481
93 A	0.43190	0.43653	0.13156
94 C	0.45411	0.40558	0.14031
95 C	0.47942	0.37764	0.14294
96 T	0.51775	0.33830	0.14395
97 C	0.54080	0.31514	0.14406
98 T	0.56456	0.29161	0.14382
99 A	0.56643	0.29275	0.14082
100 A	0.57592	0.28406	0.14001
101 T	0.57486	0.27854	0.1466
102 C	0.57340	0.27316	0.15344
103 A	0.55828	0.28141	0.1603
104 A	0.55577	0.27794	0.1663
105 G	0.55795	0.26471	0.17733
106 G	0.55721	0.26788	0.17492
107 G	0.55706	0.27181	0.17113
108 T	0.59362	0.24141	0.16497
109 T	0.59178	0.26391	0.14431
110 A	0.56450	0.30536	0.13014
111 T	0.55690	0.31811	0.12499
112 A	0.51865	0.36781	0.11354
113 T	0.49551	0.39485	0.10964
114 T	0.45323	0.43764	0.10913
115 A	0.40209	0.48899	0.10892
116 A	0.35515	0.53520	0.10964
117 G	0.30513	0.58442	0.11045
118 C	0.27308	0.61570	0.11123
119 G	0.25246	0.63805	0.10948
120 A	0.23890	0.65146	0.10965
121 A	0.23558	0.65392	0.1105
122 A	0.23714	0.64779	0.11507
123 T	0.23842	0.64127	0.12031
124 C	0.23720	0.61630	0.1465
125 A	0.23724	0.60427	0.15849
126 A	0.23876	0.58894	0.1723
127 A	0.24243	0.57570	0.18187
128 A	0.24786	0.56248	0.18967
129 T	0.25828	0.54033	0.20139
130 G	0.26635	0.51196	0.2217
131 A	0.28029	0.48836	0.23135
132 T	0.30407	0.44088	0.25505
133 T	0.30582	0.41652	0.27765
134 A	0.29073	0.42336	0.28591
135 T	0.28957	0.38374	0.32669
136 G	0.28260	0.38592	0.33147
137 T	0.27944	0.36925	0.35131
138 A	0.27218	0.38223	0.34559
139 A	0.27089	0.35598	0.37313
140 T	0.27250	0.30967	0.41783
141 T	0.26972	0.28967	0.4406
142 A	0.25940	0.30171	0.43889
143 C	0.25361	0.31170	0.4347
144 T	0.25143	0.32441	0.42416
145 A	0.24646	0.35157	0.40197
146 G	0.24452	0.36739	0.38809
147 T	0.24330	0.38875	0.36795
148 C	0.24087	0.40663	0.3525
149 A	0.23531	0.48592	0.27877
150 A	0.23059	0.53396	0.23545
151 A	0.20308	0.60594	0.19098
152 A	0.19023	0.64636	0.16341
153 A	0.18287	0.67579	0.14135
154 A	0.18274	0.68055	0.13671
155 A	0.18549	0.67691	0.1376
156 T	0.19489	0.65345	0.15166
157 G	0.19869	0.63273	0.16858
158 A	0.20795	0.62184	0.1702
159 T	0.23115	0.60971	0.15915
160 A	0.23976	0.63988	0.12037
161 A	0.26329	0.64900	0.0877
162 T	0.27168	0.64311	0.08521
163 A	0.27020	0.65236	0.07744
164 A	0.27070	0.64941	0.07989
165 A	0.28509	0.62540	0.08952
166 C	0.30119	0.60338	0.09544
167 A	0.31230	0.59392	0.09378
168 C	0.33719	0.56830	0.09451
169 A	0.35866	0.55207	0.08926
170 T	0.38579	0.52739	0.08683
171 A	0.36578	0.55082	0.0834
172 A	0.39429	0.52056	0.08514
173 A	0.39964	0.51345	0.0869
174 A	0.40785	0.47897	0.11318
175 A	0.41498	0.45646	0.12855
176 T	0.41401	0.44530	0.14069
177 A	0.38282	0.47133	0.14585
178 A	0.33082	0.51830	0.15088
179 C	0.29954	0.53527	0.1652
180 G	0.25109	0.57960	0.16931
181 G	0.23996	0.58780	0.17225
182 G	0.24795	0.57843	0.17361
183 A	0.28482	0.53968	0.1755
184 C	0.31658	0.50194	0.18148
185 C	0.31946	0.49380	0.18675
186 A	0.32617	0.48567	0.18816
187 T	0.32941	0.48086	0.18973
188 C	0.32988	0.47982	0.19031
189 A	0.33192	0.48212	0.18596
190 T	0.33634	0.47770	0.18596
191 T	0.33864	0.47113	0.19024
192 T	0.33834	0.47617	0.18549
193 A	0.33269	0.51753	0.14978
194 A	0.31533	0.51866	0.16601
195 A	0.29102	0.52934	0.17964
196 A	0.28346	0.51037	0.20618
197 T	0.28624	0.46931	0.24445
198 A	0.28104	0.46003	0.25894
199 G	0.27976	0.43844	0.2818
200 A	0.28045	0.41319	0.30636
201 G	0.28159	0.37257	0.34584
202 A	0.28143	0.34915	0.36942
203 T	0.28250	0.30377	0.41373
204 G	0.28159	0.30022	0.41819
205 A	0.28131	0.31867	0.40002
206 T	0.28212	0.34130	0.37658
207 A	0.28101	0.35213	0.36686
208 G	0.28051	0.37367	0.34582
209 A	0.28002	0.39551	0.32447
210 T	0.27988	0.42297	0.29716
211 C	0.27539	0.46973	0.25489
212 A	0.27561	0.53258	0.1918
213 A	0.27839	0.56302	0.15858
214 A	0.28410	0.57439	0.14151
215 A	0.29478	0.56436	0.14087
216 T	0.33466	0.52031	0.14503
217 A	0.35010	0.48598	0.16392
218 T	0.36594	0.44343	0.19064
219 C	0.37104	0.42971	0.19925
220 A	0.37716	0.42696	0.19588
221 T	0.38772	0.41571	0.19656
222 T	0.39676	0.40640	0.19684
223 A	0.40105	0.40271	0.19624
224 T	0.40987	0.39458	0.19555
225 T	0.41410	0.38906	0.19684
226 C	0.41386	0.39221	0.19393
227 A	0.41747	0.39841	0.18412
228 A	0.43558	0.38253	0.18189
229 A	0.45862	0.36039	0.18099
230 G	0.47849	0.34141	0.18011
231 T	0.52104	0.30410	0.17486
232 A	0.55558	0.27282	0.17161
233 A	0.59613	0.23118	0.1727
234 T	0.65029	0.17103	0.17869
235 T	0.69435	0.12442	0.18123
236 T	0.71157	0.10593	0.1825
237 A	0.71904	0.09924	0.18172
238 A	0.72198	0.09693	0.18109
239 T	0.72443	0.09555	0.18002
240 T	0.72558	0.09522	0.1792
241 T	0.72270	0.09946	0.17784
242 A	0.69439	0.13200	0.17361
243 T	0.68082	0.15086	0.16832
244 A	0.64471	0.18873	0.16656
245 A	0.62249	0.21220	0.16531
246 A	0.60930	0.22561	0.1651
247 T	0.60583	0.22523	0.16895
248 C	0.58952	0.23749	0.17299
249 T	0.57293	0.25201	0.17506
250 T	0.56294	0.26099	0.17607
251 C	0.54355	0.27996	0.17649
252 G	0.53203	0.29241	0.17555
253 A	0.51962	0.30678	0.17359
254 T	0.52011	0.30683	0.17307
255 T	0.52082	0.30593	0.17325
256 T	0.51569	0.31111	0.1732
257 A	0.50658	0.31956	0.17386
258 T	0.50386	0.32066	0.17548
259 C	0.49989	0.32269	0.17742
260 A	0.49723	0.32595	0.17682
261 A	0.49682	0.32555	0.17763
262 T	0.49885	0.32164	0.17952
263 T	0.49755	0.32186	0.18059
264 A	0.49240	0.32544	0.18216
265 G	0.49384	0.29533	0.21082
266 A	0.49741	0.27452	0.22808
267 A	0.49898	0.23811	0.26291
268 A	0.50163	0.21328	0.28509
269 T	0.50578	0.19437	0.29985
270 T	0.50586	0.19172	0.30242
271 A	0.50457	0.19027	0.30516
272 T	0.50467	0.16758	0.32775
273 T	0.50363	0.16051	0.33585
274 T	0.50103	0.15674	0.34223
275 A	0.49741	0.15635	0.34625
276 T	0.49659	0.14588	0.35754
277 T	0.49470	0.14470	0.3606
278 G	0.48924	0.15349	0.35727
279 G	0.48728	0.16112	0.35159
280 T	0.48719	0.16880	0.34401
281 T	0.48604	0.17836	0.3356
282 A	0.47838	0.19772	0.3239
283 T	0.47679	0.20867	0.31454
284 T	0.47110	0.24287	0.28603
285 A	0.45333	0.30878	0.2379
286 A	0.43579	0.38264	0.18157
287 T	0.42457	0.40549	0.16994
288 A	0.40829	0.43384	0.15787
289 G	0.39093	0.45904	0.15004
290 A	0.38264	0.47395	0.14341
291 A	0.38096	0.47873	0.1403
292 A	0.38483	0.47759	0.13759
293 A	0.39947	0.46520	0.13533
294 T	0.42450	0.44051	0.13499
295 A	0.42862	0.43575	0.13563
296 T	0.42874	0.43384	0.13742
297 T	0.42676	0.43404	0.1392
298 A	0.40988	0.45263	0.13749
299 C	0.40236	0.45921	0.13842
300 A	0.38835	0.47726	0.1344
301 T	0.38260	0.48239	0.13501
302 A	0.37378	0.49294	0.13328
303 T	0.37063	0.49748	0.13188
304 G	0.29667	0.57607	0.12726
305 A	0.24358	0.62868	0.12774
306 A	0.22275	0.65519	0.12206
307 A	0.24729	0.63002	0.12268
308 A	0.29747	0.56545	0.13708
309 T	0.36100	0.48286	0.15613
310 T	0.37329	0.45722	0.16949
311 A	0.37366	0.44544	0.18089
312 T	0.36855	0.43909	0.19236
313 C	0.32406	0.48172	0.19422
314 A	0.26085	0.56262	0.17654
315 A	0.21002	0.62372	0.16626
316 A	0.20094	0.64210	0.15696
317 A	0.19470	0.66034	0.14497
318 A	0.19102	0.67461	0.13436
319 A	0.18985	0.67181	0.13834
320 A	0.19032	0.66709	0.1426
321 T	0.19405	0.64250	0.16345
322 A	0.19319	0.63073	0.17609
323 T	0.19649	0.60671	0.19679
324 A	0.19175	0.59580	0.21245
325 A	0.18903	0.58749	0.22349
326 A	0.18778	0.57492	0.2373
327 A	0.17399	0.51912	0.30689
328 G	0.17266	0.45589	0.37145
329 C	0.17295	0.42548	0.40157
330 T	0.17487	0.44186	0.38328
331 A	0.16846	0.52901	0.30254
332 T	0.16431	0.59028	0.2454
333 A	0.15543	0.67566	0.16892
334 G	0.15348	0.67827	0.16825
335 A	0.15375	0.66672	0.17953
336 A	0.15835	0.61615	0.22549
337 T	0.17671	0.53352	0.28978
338 C	0.18470	0.48078	0.33453
339 A	0.19150	0.47450	0.334
340 G	0.20246	0.45863	0.33891
341 A	0.21369	0.44662	0.33969
342 T	0.22281	0.43612	0.34107
343 T	0.22491	0.43304	0.34205
344 C	0.22539	0.42863	0.34598
345 A	0.22470	0.44745	0.32785
346 A	0.22606	0.47260	0.30134
347 A	0.23011	0.48798	0.28191
348 A	0.23277	0.49282	0.2744
349 A	0.23761	0.49947	0.26292
350 T	0.24600	0.47529	0.27872
351 A	0.24880	0.47634	0.27486
352 G	0.25558	0.46546	0.27895
353 G	0.27734	0.44155	0.28111
354 G	0.35738	0.36189	0.28073
355 A	0.41585	0.31436	0.26979
356 T	0.49624	0.23318	0.27058
357 T	0.50297	0.23503	0.262
358 T	0.50451	0.23356	0.26192
359 T	0.49955	0.24015	0.2603
360 A	0.44332	0.29820	0.25848
361 A	0.42487	0.31698	0.25814
362 C	0.40969	0.33084	0.25947
363 A	0.40164	0.33923	0.25913
364 A	0.39164	0.35002	0.25835
365 A	0.38270	0.35889	0.25842
366 C	0.31795	0.42242	0.25963
367 G	0.28506	0.45471	0.26022
368 G	0.28422	0.45333	0.26245
369 A	0.30451	0.43201	0.26349
370 G	0.32350	0.41153	0.26497
371 C	0.33705	0.39669	0.26626
372 T	0.35390	0.37766	0.26843
373 G	0.35707	0.37349	0.26944
374 C	0.36740	0.36201	0.27059
375 T	0.37368	0.35588	0.27044
376 A	0.36969	0.36018	0.27012
377 C	0.37445	0.35510	0.27046
378 T	0.38722	0.34274	0.27004
379 A	0.39102	0.33869	0.27028
380 T	0.39951	0.32588	0.27462
381 T	0.39739	0.32391	0.27869
382 T	0.39411	0.32076	0.28514
383 C	0.38747	0.27187	0.34065
384 A	0.37468	0.27030	0.35502
385 G	0.36789	0.26159	0.37052
386 A	0.36440	0.26092	0.37468
387 T	0.36419	0.25263	0.38318
388 A	0.36166	0.24929	0.38905
389 T	0.35956	0.18007	0.46037
390 T	0.35462	0.15656	0.48882
391 G	0.34508	0.16057	0.49435
392 A	0.33996	0.18431	0.47573
393 A	0.33346	0.19205	0.47449
394 T	0.32736	0.19896	0.47367
395 G	0.31763	0.20883	0.47354
396 G	0.30978	0.21533	0.47489
397 G	0.30332	0.23914	0.45754
398 A	0.29687	0.28725	0.41588
399 A	0.29057	0.33373	0.3757
400 T	0.28646	0.37330	0.34024
401 T	0.28052	0.41589	0.30358
402 A	0.26475	0.47952	0.25573
403 A	0.24924	0.56343	0.18734
404 G	0.23798	0.59268	0.16934
405 A	0.23358	0.61473	0.1517
406 A	0.22879	0.61693	0.15429
407 A	0.22299	0.61479	0.16222
408 A	0.21910	0.61300	0.1679
409 G	0.21938	0.60845	0.17217
410 C	0.22299	0.60587	0.17114
411 A	0.22728	0.60674	0.16598
412 A	0.23393	0.60063	0.16544
413 A	0.24243	0.58954	0.16803
414 T	0.25859	0.56691	0.1745
415 T	0.27664	0.54755	0.17581
416 A	0.28085	0.54493	0.17422
417 T	0.28881	0.53914	0.17206
418 A	0.28853	0.54045	0.17103
419 A	0.29135	0.53446	0.17419
420 A	0.30694	0.51562	0.17744
421 A	0.34961	0.46646	0.18393
422 A	0.40011	0.40632	0.19357
423 T	0.45770	0.34085	0.20145
424 T	0.50180	0.28907	0.20913
425 A	0.54490	0.23367	0.22143
426 T	0.60498	0.15981	0.23522
427 G	0.61908	0.13724	0.24368
428 A	0.63336	0.12015	0.24648
429 A	0.63809	0.11136	0.25055
430 T	0.64618	0.09714	0.25669
431 T	0.64834	0.09142	0.26024
432 C	0.64162	0.09791	0.26047
433 T	0.63506	0.10994	0.25501
434 T	0.62992	0.12215	0.24793
435 T	0.61216	0.15181	0.23603
436 A	0.59474	0.17696	0.2283
437 A	0.58801	0.18866	0.22334
438 G	0.58549	0.19345	0.22106
439 G	0.59291	0.19193	0.21516
440 T	0.60232	0.18699	0.21069
441 T	0.60344	0.19514	0.20143
442 A	0.59667	0.20231	0.20101
443 T	0.59306	0.20568	0.20126
444 T	0.56752	0.23176	0.20072
445 A	0.49651	0.30454	0.19895
446 C	0.45374	0.34738	0.19888
447 A	0.43321	0.37056	0.19623
448 G	0.41744	0.38908	0.19348
449 G	0.40401	0.40451	0.19148
450 A	0.38931	0.42225	0.18843
451 A	0.38222	0.43033	0.18745
452 A	0.38026	0.43081	0.18893
453 A	0.38068	0.42816	0.19116
454 A	0.38388	0.42003	0.19609
455 T	0.39054	0.39623	0.21323
456 C	0.39573	0.37008	0.23419
457 G	0.40127	0.35679	0.24194
458 T	0.41085	0.33656	0.25259
459 A	0.41218	0.32680	0.26102
460 G	0.41289	0.32040	0.26672
461 C	0.41638	0.31282	0.2708
462 T	0.42196	0.30579	0.27224
463 A	0.42110	0.30523	0.27367
464 T	0.43005	0.28721	0.28274
465 T	0.42914	0.28064	0.29023
466 G	0.42421	0.28107	0.29471
467 A	0.42200	0.25536	0.32265
468 T	0.42232	0.18674	0.39094
469 G	0.41974	0.15809	0.42217
470 A	0.41633	0.16870	0.41497
471 T	0.41869	0.16218	0.41914
472 A	0.41823	0.16021	0.42156
473 T	0.41952	0.15035	0.43014
474 T	0.41786	0.15274	0.4294
475 T	0.41265	0.16633	0.42102
476 G	0.40591	0.18583	0.40827
477 T	0.40233	0.23231	0.36536
478 A	0.39364	0.29400	0.31236
479 A	0.38907	0.31575	0.29519
480 A	0.38389	0.33280	0.28331
481 A	0.38133	0.35163	0.26704
482 A	0.38096	0.36385	0.25518
483 G	0.38103	0.36075	0.25821
484 A	0.38185	0.36017	0.25797
485 T	0.38497	0.35381	0.26122
486 T	0.38660	0.34737	0.26603
487 C	0.38587	0.35054	0.26359
488 A	0.38476	0.36246	0.25278
489 A	0.38558	0.36377	0.25064
490 G	0.38851	0.36502	0.24647
491 A	0.39276	0.37208	0.23517
492 A	0.40744	0.37111	0.22145
493 T	0.43538	0.34950	0.21512
494 T	0.44545	0.34961	0.20493
495 A	0.44945	0.36660	0.18394
496 A	0.44990	0.37903	0.17107
497 A	0.45705	0.37573	0.16722
498 T	0.46931	0.36357	0.16712
499 G	0.47199	0.36342	0.16459
500 A	0.50768	0.32632	0.166
501 T	0.55256	0.27609	0.17135
502 A	0.56128	0.26551	0.17321
503 A	0.56646	0.25673	0.17682
504 C	0.57976	0.24109	0.17915
505 A	0.58947	0.23114	0.17938
506 A	0.59069	0.22958	0.17973
507 T	0.59522	0.22475	0.18003
508 C	0.59622	0.22376	0.18001
509 A	0.59603	0.22391	0.18006
510 A	0.60156	0.21672	0.18172
511 T	0.61346	0.20266	0.18388
512 G	0.61680	0.19838	0.18482
513 C	0.62437	0.19033	0.1853
514 G	0.63899	0.17516	0.18585
515 A	0.65929	0.15494	0.18577
516 T	0.67877	0.13510	0.18613
517 A	0.69235	0.12170	0.18595
518 T	0.71642	0.09595	0.18763
519 T	0.73031	0.07500	0.19469
520 A	0.73469	0.06663	0.19868
521 T	0.73938	0.05634	0.20427
522 T	0.74490	0.04046	0.21464
523 T	0.74592	0.03508	0.219
524 T	0.74628	0.03131	0.22241
525 A	0.74642	0.02661	0.22696
526 C	0.74548	0.02314	0.23138
527 T	0.74402	0.02400	0.23198
528 T	0.74242	0.02464	0.23294
529 A	0.74023	0.02631	0.23346
530 G	0.73893	0.02686	0.23421
531 T	0.73824	0.02698	0.23478
532 C	0.73604	0.02626	0.2377
533 G	0.73343	0.03167	0.23489
534 T	0.72241	0.04855	0.22905
535 G	0.70856	0.06706	0.22438
536 G	0.70182	0.07896	0.21922
537 A	0.69275	0.09481	0.21244
538 G	0.68578	0.10732	0.20689
539 G	0.68277	0.11071	0.20651
540 T	0.68127	0.11318	0.20555
541 G	0.67167	0.12636	0.20197
542 G	0.66765	0.13205	0.20029
543 C	0.66517	0.13778	0.19705
544 G	0.66095	0.15168	0.18737
545 A	0.65945	0.16100	0.17955
546 T	0.65872	0.16553	0.17575
547 G	0.65719	0.16746	0.17535
548 A	0.65641	0.16839	0.17519
549 A	0.65530	0.16788	0.17682
550 T	0.65495	0.16607	0.17898
551 C	0.65320	0.16608	0.18071
552 A	0.65040	0.16890	0.1807
553 G	0.64763	0.17259	0.17978
554 A	0.64681	0.17479	0.1784
555 A	0.64698	0.17380	0.17921
556 A	0.65071	0.16852	0.18077
557 T	0.65851	0.14688	0.1946
558 T	0.66321	0.12981	0.20698
559 A	0.66555	0.12218	0.21226
560 A	0.67008	0.10959	0.22032
561 T	0.67514	0.09749	0.22737
562 A	0.67491	0.09486	0.23023
563 A	0.67641	0.09155	0.23204
564 T	0.68257	0.07685	0.24058
565 G	0.68497	0.07062	0.24442
566 T	0.68960	0.06435	0.24604
567 T	0.69739	0.05616	0.24645
568 T	0.70275	0.05392	0.24332
569 T	0.70452	0.06002	0.23546
570 T	0.70434	0.06720	0.22845
571 A	0.70346	0.08198	0.21456
572 A	0.70333	0.08717	0.2095
573 T	0.70334	0.09056	0.20611
574 A	0.70327	0.09218	0.20455
575 A	0.70437	0.08990	0.20573
576 T	0.70607	0.08610	0.20783
577 T	0.70659	0.08596	0.20745
578 T	0.70478	0.09094	0.20427
579 A	0.69708	0.10673	0.19619
580 G	0.69266	0.11955	0.18779
581 A	0.69022	0.13444	0.17533
582 T	0.69023	0.13812	0.17165
583 A	0.68975	0.14458	0.16567
584 T	0.69036	0.14443	0.16521
585 A	0.68952	0.14606	0.16443
586 A	0.68944	0.14573	0.16483
587 T	0.69011	0.14483	0.16506
588 C	0.68078	0.15396	0.16526
589 G	0.67766	0.15711	0.16523
590 C	0.67836	0.15658	0.16505
591 A	0.68154	0.15481	0.16366
592 T	0.69212	0.14510	0.16279
593 C	0.69881	0.13952	0.16167
594 T	0.71108	0.13216	0.15676
595 A	0.71378	0.13289	0.15333
596 T	0.71519	0.13311	0.15171
597 T	0.70316	0.14852	0.14832
598 A	0.68080	0.17312	0.14608
599 A	0.66768	0.18655	0.14576
600 A	0.65443	0.19933	0.14624
601 A	0.65343	0.19801	0.14856
602 A	0.65908	0.18533	0.15559
603 A	0.66843	0.17104	0.16053
604 T	0.68120	0.15536	0.16344
605 C	0.68420	0.15165	0.16414
606 A	0.68542	0.15286	0.16172
607 A	0.68549	0.15373	0.16078
608 A	0.68622	0.15320	0.16058
609 A	0.68648	0.15196	0.16156
610 A	0.68702	0.15030	0.16269
611 T	0.68876	0.13598	0.17525
612 A	0.68938	0.12980	0.18082
613 C	0.69067	0.12260	0.18673
614 C	0.69276	0.11834	0.1889
615 G	0.69497	0.11729	0.18775
616 A	0.69743	0.11690	0.18567
617 T	0.70429	0.11131	0.1844
618 T	0.70726	0.10851	0.18423
619 G	0.70861	0.10329	0.1881
620 T	0.71158	0.08292	0.20551
621 T	0.71263	0.05972	0.22764
622 A	0.71203	0.04848	0.23949
623 C	0.71164	0.03507	0.25328
624 T	0.71087	0.03733	0.25179
625 G	0.71026	0.05223	0.23751
626 G	0.70986	0.05856	0.23158
627 G	0.70982	0.06604	0.22414
628 A	0.71029	0.07445	0.21526
629 T	0.71275	0.07687	0.21038
630 A	0.71326	0.07748	0.20926
631 G	0.71414	0.07618	0.20969
632 G	0.71434	0.07587	0.20979
633 G	0.71416	0.07596	0.20988
634 C	0.71434	0.07567	0.20998
635 A	0.71474	0.07543	0.20983
636 T	0.71561	0.07459	0.2098
637 G	0.71605	0.07442	0.20953
638 C	0.71750	0.07317	0.20933
639 A	0.71937	0.07180	0.20882
640 T	0.72139	0.07009	0.20851
641 T	0.72200	0.06980	0.20821
642 T	0.72175	0.07056	0.2077
643 A	0.72099	0.07144	0.20757
644 A	0.72110	0.07092	0.20798
645 T	0.72273	0.06820	0.20907
646 A	0.72397	0.06600	0.21002
647 C	0.73050	0.05845	0.21105
648 T	0.74793	0.04057	0.21149
649 A	0.75333	0.03485	0.21182
650 C	0.75995	0.02789	0.21217
651 T	0.76880	0.01907	0.21214
652 T	0.77469	0.01316	0.21215
653 T	0.77636	0.01108	0.21255
654 T	0.77683	0.01042	0.21275
655 T	0.77675	0.01055	0.21271
656 C	0.77659	0.01035	0.21305
657 T	0.77659	0.01072	0.21269
658 G	0.77662	0.01165	0.21173
659 A	0.77676	0.01226	0.21098
660 T	0.77725	0.01220	0.21056
661 T	0.77759	0.01299	0.20942
662 T	0.77798	0.01311	0.20891
663 A	0.77810	0.01382	0.20808
664 G	0.77832	0.01318	0.2085
665 T	0.77873	0.01230	0.20896
666 A	0.77881	0.01142	0.20977
667 G	0.77892	0.01094	0.21014
668 C	0.77913	0.01087	0.21
669 T	0.77917	0.01374	0.20708
670 T	0.77910	0.01886	0.20204
671 A	0.77891	0.02635	0.19474
672 T	0.77854	0.03292	0.18854
673 G	0.77764	0.04391	0.17845
674 A	0.77733	0.05257	0.1701
675 T	0.77613	0.06214	0.16173
676 A	0.77426	0.06636	0.15938
677 A	0.77330	0.06787	0.15883
678 T	0.76816	0.07327	0.15858
679 G	0.76038	0.08094	0.15867
680 C	0.75823	0.08310	0.15867
681 T	0.75785	0.08388	0.15826
682 A	0.75527	0.08659	0.15814
683 C	0.75292	0.08905	0.15803
684 T	0.74994	0.09212	0.15793
685 A	0.74000	0.10209	0.1579
686 C	0.71868	0.12332	0.15799
687 A	0.70033	0.14173	0.15794
688 C	0.69011	0.15194	0.15795
689 C	0.68341	0.15862	0.15797
690 C	0.67887	0.16318	0.15795
691 A	0.67551	0.16656	0.15793
692 C	0.67810	0.16396	0.15794
693 A	0.68294	0.15913	0.15793
694 A	0.69019	0.15181	0.158
695 C	0.69651	0.14501	0.15847
696 T	0.70593	0.13474	0.15933
697 G	0.71123	0.12916	0.15962
698 G	0.71807	0.12106	0.16088
699 T	0.71993	0.11771	0.16236
700 A	0.71880	0.11805	0.16315
701 T	0.71806	0.11188	0.17006
702 T	0.71296	0.10943	0.17762
703 C	0.69977	0.12024	0.17999
704 A	0.67014	0.15214	0.17772
705 A	0.64568	0.17659	0.17773
706 A	0.63976	0.18085	0.1794
707 A	0.63671	0.18059	0.18271
708 G	0.63493	0.17317	0.1919
709 G	0.63413	0.14710	0.21877
710 T	0.63390	0.12701	0.23909
711 T	0.63364	0.11536	0.25099
712 C	0.63303	0.11016	0.25681
713 T	0.63256	0.10901	0.25843
714 T	0.63158	0.10914	0.25927
715 T	0.62888	0.11369	0.25743
716 G	0.62402	0.12174	0.25424
717 G	0.62212	0.12943	0.24845
718 T	0.62127	0.13774	0.24099
719 T	0.61933	0.14570	0.23497
720 A	0.61325	0.15925	0.22751
721 A	0.60905	0.16831	0.22263
722 T	0.60568	0.17376	0.22057
723 A	0.59810	0.19469	0.20721
724 A	0.59446	0.20871	0.19683
725 A	0.59438	0.21133	0.19429
726 A	0.59488	0.20326	0.20186
727 T	0.59782	0.17394	0.22823
728 T	0.59910	0.15158	0.24932
729 T	0.59869	0.14975	0.25156
730 G	0.59142	0.15826	0.25032
731 T	0.58872	0.16240	0.24888
732 T	0.58418	0.16876	0.24706
733 G	0.57318	0.18300	0.24382
734 A	0.56268	0.19954	0.23778
735 T	0.55277	0.21521	0.23203
736 A	0.53032	0.25698	0.2127
737 A	0.51823	0.27410	0.20767
738 G	0.51251	0.28086	0.20663
739 G	0.50941	0.28699	0.20359
740 T	0.51285	0.29064	0.19652
741 T	0.50284	0.31963	0.17753
742 A	0.45756	0.40265	0.13979
743 A	0.44325	0.41550	0.14125
744 A	0.42873	0.42895	0.14231
745 A	0.41004	0.44786	0.1421
746 A	0.41692	0.43595	0.14712
747 C	0.42379	0.42707	0.14915
748 A	0.42343	0.43738	0.13919
749 A	0.41797	0.45031	0.13172
750 T	0.41302	0.45789	0.12909
751 T	0.40291	0.47013	0.12696
752 A	0.36617	0.51136	0.12247
753 T	0.34237	0.52759	0.13004
754 G	0.29961	0.56876	0.13163
755 A	0.27240	0.59868	0.12892
756 A	0.26163	0.61062	0.12775
757 A	0.25620	0.61538	0.12842
758 A	0.25637	0.60981	0.13382
759 T	0.27279	0.57509	0.15212
760 A	0.27126	0.56770	0.16104
761 A	0.27306	0.55862	0.16832
762 T	0.28170	0.54129	0.17701
763 A	0.28582	0.53362	0.18056
764 A	0.30028	0.50175	0.19797
765 T	0.33403	0.42100	0.24496
766 G	0.33600	0.40049	0.26351
767 A	0.33651	0.38592	0.27756
768 T	0.34196	0.36287	0.29517
769 A	0.34386	0.35926	0.29688
770 A	0.34660	0.35424	0.29916
771 A	0.35789	0.33375	0.30837
772 T	0.36785	0.30219	0.32996
773 T	0.37182	0.29087	0.33731
774 A	0.37424	0.30272	0.32304
775 T	0.37877	0.27867	0.34256
776 T	0.37912	0.26434	0.35653
777 A	0.37359	0.25059	0.37582
778 G	0.37829	0.22950	0.39221
779 A	0.38729	0.22239	0.39032
780 T	0.39704	0.20294	0.40002
781 T	0.40145	0.19517	0.40338
782 T	0.40259	0.19455	0.40286
783 A	0.40214	0.20221	0.39565
784 C	0.40191	0.21633	0.38175
785 A	0.39402	0.27888	0.3271
786 T	0.39167	0.36247	0.24585
787 T	0.38241	0.44405	0.17354
788 T	0.36783	0.46728	0.16489
789 A	0.33018	0.52586	0.14397
790 G	0.30372	0.55552	0.14077
791 G	0.29101	0.57261	0.13639
792 C	0.28764	0.58266	0.1297
793 A	0.28747	0.60986	0.10267
794 A	0.29326	0.61380	0.09293
795 A	0.30005	0.61250	0.08745
796 A	0.31533	0.60293	0.08175
797 T	0.34793	0.57149	0.08057
798 T	0.36330	0.55494	0.08176
799 A	0.37049	0.54571	0.0838
800 T	0.37994	0.52880	0.09125
801 T	0.38543	0.52145	0.09312
802 C	0.39061	0.51518	0.09421
803 A	0.39005	0.51665	0.0933
804 A	0.39001	0.51719	0.09279
805 A	0.39459	0.51188	0.09353
806 A	0.40937	0.49533	0.0953
807 A	0.43304	0.47019	0.09676
808 A	0.48707	0.40263	0.1103
809 T	0.57917	0.29716	0.12367
810 T	0.64731	0.21228	0.14041
811 A	0.65686	0.18617	0.15697
812 T	0.67692	0.13549	0.18759
813 T	0.67972	0.11924	0.20105
814 G	0.67120	0.13875	0.19005
815 A	0.65918	0.16369	0.17713
816 T	0.66479	0.17096	0.16425
817 T	0.63210	0.20888	0.15902
818 A	0.57574	0.26890	0.15537
819 T	0.55852	0.28686	0.15462
820 T	0.52097	0.32569	0.15334
821 C	0.42664	0.42304	0.15032
822 A	0.33483	0.52764	0.13753
823 T	0.30633	0.56080	0.13287
824 T	0.26986	0.60124	0.1289
825 G	0.22368	0.65308	0.12324
826 A	0.19637	0.68282	0.12081
827 A	0.17105	0.70702	0.12193
828 A	0.15259	0.72320	0.12422
829 A	0.14034	0.73318	0.12649
830 C	0.12421	0.74740	0.12839
831 A	0.11586	0.75769	0.12646
832 C	0.10845	0.76670	0.12485
833 A	0.10424	0.77857	0.1172
834 A	0.10378	0.78363	0.11259
835 A	0.10506	0.79022	0.10471
836 A	0.11318	0.78152	0.10531
837 T	0.13468	0.75496	0.11036
838 A	0.14878	0.72325	0.12797
839 A	0.16299	0.67671	0.16029
840 T	0.17143	0.60606	0.22251
841 T	0.17594	0.53390	0.29016
842 T	0.17783	0.51620	0.30596
843 A	0.17698	0.49340	0.32961
844 A	0.18016	0.41455	0.40529
845 T	0.18969	0.29721	0.5131
846 T	0.19112	0.26056	0.54831
847 C	0.19045	0.24855	0.561
848 A	0.18926	0.34247	0.46828
849 A	0.18384	0.44041	0.37575
850 A	0.18277	0.51751	0.29972
851 A	0.18217	0.53392	0.28391
852 A	0.18287	0.54450	0.27263
853 G	0.18432	0.55157	0.26411
854 A	0.18747	0.59764	0.21489
855 A	0.18920	0.64283	0.16797
856 G	0.19565	0.65135	0.153
857 A	0.20027	0.66888	0.13085
858 A	0.21068	0.68036	0.10895
859 G	0.21639	0.69057	0.09304
860 C	0.22388	0.69135	0.08476
861 T	0.23152	0.70359	0.06489
862 T	0.23582	0.70426	0.05992
863 T	0.23647	0.70866	0.05487
864 G	0.21473	0.73774	0.04753
865 A	0.21218	0.74206	0.04576
866 C	0.21213	0.73961	0.04827
867 A	0.21213	0.74234	0.04553
868 A	0.22146	0.73235	0.04619
869 C	0.24306	0.70911	0.04783
870 A	0.26927	0.68178	0.04895
871 G	0.35828	0.59088	0.05083
872 C	0.44504	0.49905	0.05591
873 T	0.52349	0.42290	0.05361
874 C	0.52352	0.42661	0.04986
875 A	0.50340	0.45203	0.04457
876 A	0.50148	0.45753	0.04099
877 A	0.51523	0.44434	0.04044
878 A	0.54726	0.41088	0.04187
879 C	0.57690	0.37949	0.04361
880 A	0.60598	0.35075	0.04327
881 C	0.63829	0.31853	0.04318
882 T	0.65301	0.30686	0.04013
883 T	0.64498	0.31532	0.0397
884 T	0.61452	0.34641	0.03908
885 A	0.52790	0.43260	0.0395
886 A	0.50173	0.45725	0.04102
887 C	0.47124	0.46143	0.06733
888 T	0.43062	0.49870	0.07068
889 C	0.37774	0.55158	0.07068
890 A	0.29772	0.64792	0.05436
891 A	0.22295	0.73667	0.04038
892 A	0.17684	0.78685	0.0363
893 A	0.15405	0.80996	0.03599
894 A	0.14139	0.82197	0.03664
895 A	0.13168	0.82211	0.04621
896 A	0.12390	0.81849	0.05762
897 A	0.11625	0.79818	0.08557
898 G	0.11201	0.77010	0.11789
899 A	0.10080	0.76892	0.13027
900 A	0.08654	0.76807	0.1454
901 G	0.07655	0.78097	0.14247
902 A	0.07137	0.79424	0.13439
903 A	0.07053	0.79014	0.13933
904 T	0.07104	0.78143	0.14754
905 T	0.06750	0.77316	0.15935
906 A	0.05245	0.78530	0.16225
907 A	0.04504	0.75563	0.19933
908 G	0.04126	0.66865	0.29009
909 A	0.03922	0.63900	0.32178
910 A	0.03958	0.58873	0.37168
911 C	0.04216	0.53641	0.42142
912 A	0.04499	0.50228	0.45272
913 A	0.05999	0.43241	0.5076
914 T	0.07149	0.36768	0.56083
915 T	0.07281	0.34239	0.58481
916 C	0.06870	0.34811	0.58319
917 A	0.06344	0.42403	0.51253
918 A	0.06078	0.46077	0.47845
919 A	0.05725	0.53880	0.40395
920 A	0.05822	0.57383	0.36796
921 T	0.06937	0.60150	0.32913
922 A	0.07880	0.65374	0.26746
923 A	0.09213	0.64691	0.26096
924 T	0.11508	0.61517	0.26974
925 T	0.12807	0.60417	0.26776
926 T	0.13272	0.61220	0.25507
927 A	0.13437	0.61400	0.25163
928 A	0.13949	0.60697	0.25355
929 T	0.14866	0.58718	0.26417
930 T	0.14820	0.59095	0.26084
931 C	0.14680	0.60463	0.24857
932 A	0.14504	0.66700	0.18796
933 A	0.14064	0.72596	0.13341
934 A	0.13976	0.76523	0.09501
935 A	0.14004	0.77736	0.0826
936 A	0.14626	0.78032	0.07341
937 G	0.15863	0.77396	0.06741
938 A	0.17199	0.77268	0.05533
939 A	0.19093	0.76042	0.04865
940 G	0.26253	0.68751	0.04995
941 A	0.30306	0.64931	0.04763
942 A	0.40267	0.55129	0.04604
943 G	0.44994	0.50757	0.0425
944 C	0.50763	0.45273	0.03964
945 T	0.58306	0.38535	0.03159
946 T	0.61324	0.35686	0.0299
947 T	0.61634	0.35542	0.02824
948 G	0.49522	0.47879	0.02599
949 A	0.47102	0.50350	0.02548
950 C	0.46112	0.51190	0.02698
951 A	0.44224	0.53137	0.02638
952 A	0.44337	0.52967	0.02696
953 C	0.45769	0.51388	0.02843
954 A	0.46836	0.50237	0.02926
955 G	0.51288	0.45646	0.03067
956 C	0.53028	0.43488	0.03484
957 T	0.53120	0.43456	0.03423
958 C	0.48269	0.48447	0.03284
959 A	0.42189	0.54750	0.03061
960 A	0.38458	0.58603	0.02939
961 A	0.35747	0.61314	0.02939
962 A	0.34525	0.62358	0.03117
963 C	0.34649	0.62030	0.03321
964 A	0.34625	0.61931	0.03444
965 C	0.34963	0.61346	0.03691
966 T	0.34990	0.61426	0.03583
967 T	0.33975	0.62421	0.03604
968 T	0.32204	0.64200	0.03596
969 A	0.26973	0.69137	0.03891
970 A	0.25014	0.70224	0.04761
971 C	0.22909	0.57903	0.19188
972 T	0.20514	0.57909	0.21578
973 C	0.18235	0.59530	0.22235
974 A	0.14371	0.69557	0.16073
975 A	0.10198	0.79739	0.10063
976 A	0.07814	0.83485	0.08702
977 A	0.06777	0.84295	0.08927
978 A	0.06224	0.84329	0.09447
979 A	0.05917	0.80581	0.13503
980 A	0.05735	0.77639	0.16626
981 A	0.05584	0.71820	0.22596
982 G	0.05570	0.67542	0.26889
983 A	0.05337	0.67258	0.27406
984 A	0.05021	0.67508	0.27472
985 G	0.04725	0.71393	0.23882
986 A	0.04521	0.74709	0.2077
987 A	0.04506	0.74870	0.20624
988 T	0.04605	0.74638	0.20757
989 T	0.04554	0.75191	0.20256
990 A	0.03982	0.77651	0.18366
991 A	0.03820	0.76431	0.1975
992 G	0.03764	0.71202	0.25034
993 A	0.03769	0.69301	0.26929
994 A	0.04152	0.66274	0.29574
995 C	0.04994	0.62874	0.32133
996 A	0.05768	0.61349	0.32883
997 A	0.11644	0.53327	0.35029
998 T	0.16857	0.45254	0.37888
999 T	0.17810	0.43306	0.38884
1000 C	0.17425	0.44520	0.38054
1001 A	0.16288	0.53448	0.30264
1002 A	0.15752	0.59809	0.24439
1003 A	0.15772	0.66694	0.17535
1004 A	0.16398	0.70467	0.13135
1005 T	0.21146	0.67294	0.1156
1006 A	0.24312	0.66672	0.09017
1007 A	0.27422	0.64077	0.08502
1008 T	0.33055	0.58225	0.08721
1009 T	0.36143	0.54720	0.09138
1010 T	0.36864	0.53957	0.09179
1011 A	0.35954	0.54818	0.09228
1012 A	0.36724	0.53867	0.09409
1013 C	0.38229	0.51793	0.09977
1014 T	0.37312	0.52811	0.09877
1015 C	0.35751	0.54755	0.09495
1016 A	0.33743	0.58240	0.08016
1017 A	0.28170	0.65250	0.0658
1018 A	0.26856	0.67810	0.05333
1019 A	0.26341	0.68716	0.04943
1020 A	0.24977	0.70375	0.04649
1021 G	0.25089	0.70171	0.04741
1022 A	0.25684	0.69953	0.04363
1023 A	0.24656	0.70843	0.04501
1024 G	0.29163	0.65473	0.05364
1025 A	0.33888	0.60315	0.05796
1026 A	0.41554	0.51745	0.06701
1027 T	0.46207	0.46736	0.07058
1028 C	0.47042	0.46036	0.06922
1029 T	0.48323	0.45774	0.05903
1030 T	0.47524	0.46739	0.05737
1031 T	0.44257	0.50183	0.0556
1032 A	0.35110	0.59477	0.05414
1033 A	0.31683	0.62647	0.0567
1034 C	0.30267	0.61840	0.07892
1035 A	0.28804	0.62576	0.0862
1036 A	0.27935	0.62723	0.09342
1037 C	0.27895	0.61515	0.1059
1038 A	0.28192	0.60456	0.11352
1039 G	0.29276	0.58276	0.12449
1040 C	0.30377	0.51988	0.17635
1041 T	0.31415	0.50833	0.17752
1042 A	0.31238	0.51657	0.17105
1043 A	0.29630	0.54083	0.16287
1044 A	0.27424	0.56429	0.16147
1045 A	0.26973	0.56471	0.16556
1046 A	0.26967	0.52162	0.2087
1047 T	0.27757	0.47186	0.25057
1048 G	0.27216	0.46667	0.26116
1049 A	0.26890	0.50610	0.225
1050 T	0.27299	0.51799	0.20902
1051 T	0.27120	0.53001	0.19879
1052 T	0.26641	0.55398	0.17961
1053 A	0.22856	0.59100	0.18043
1054 A	0.21353	0.58344	0.20303
1055 T	0.20549	0.53051	0.264
1056 T	0.19033	0.52736	0.28231
1057 C	0.16995	0.55077	0.27927
1058 A	0.14005	0.64876	0.2112
1059 A	0.12025	0.69976	0.17999
1060 C	0.11206	0.71968	0.16827
1061 A	0.10812	0.74893	0.14295
1062 A	0.10672	0.76036	0.13293
1063 A	0.10838	0.76484	0.12678
1064 A	0.11551	0.77141	0.11308
1065 A	0.12493	0.77139	0.10367
1066 A	0.15000	0.73639	0.11361
1067 T	0.16247	0.70071	0.13682
1068 A	0.16546	0.69820	0.13634
1069 G	0.16941	0.70293	0.12766
1070 A	0.17529	0.70565	0.11906
1071 A	0.19061	0.68097	0.12842
1072 T	0.25157	0.60721	0.14122
1073 T	0.28412	0.57255	0.14333
1074 A	0.29208	0.56446	0.14346
1075 A	0.31034	0.53719	0.15246
1076 G	0.31671	0.48282	0.20046
1077 A	0.32511	0.45041	0.22448
1078 G	0.35227	0.40872	0.239
1079 C	0.37888	0.37113	0.24999
1080 A	0.40711	0.33585	0.25704
1081 T	0.48739	0.23547	0.27713
1082 T	0.50205	0.20925	0.28871
1083 T	0.48246	0.22969	0.28785
1084 C	0.40030	0.32416	0.27553
1085 A	0.33163	0.47643	0.19194
1086 A	0.28588	0.58911	0.12502
1087 A	0.24902	0.63701	0.11397
1088 A	0.24819	0.64701	0.1048
1089 T	0.26407	0.63759	0.09834
1090 A	0.26041	0.66197	0.07762
1091 C	0.26617	0.65934	0.0745
1092 T	0.27497	0.66133	0.0637
1093 T	0.27217	0.66598	0.06185
1094 T	0.26317	0.67699	0.05984
1095 A	0.25045	0.68975	0.0598
1096 A	0.24672	0.69273	0.06055
1097 C	0.24708	0.68147	0.07146
1098 T	0.24418	0.68174	0.07409
1099 C	0.23692	0.68772	0.07535
1100 A	0.22810	0.69993	0.07197
1101 A	0.22117	0.70984	0.06898
1102 A	0.21804	0.71555	0.06641
1103 A	0.21752	0.71511	0.06738
1104 A	0.21570	0.71475	0.06955
1105 G	0.21923	0.68048	0.10029
1106 A	0.22596	0.64534	0.1287
1107 A	0.23055	0.55955	0.20991
1108 A	0.29309	0.44837	0.25853
1109 A	0.34202	0.37970	0.27829
1110 A	0.35325	0.36650	0.28025
1111 G	0.36278	0.39340	0.24382
1112 A	0.37117	0.42878	0.20005
1113 T	0.39525	0.41715	0.1876
1114 T	0.39864	0.44091	0.16044
1115 T	0.39870	0.44365	0.15765
1116 A	0.38905	0.46907	0.14188
1117 T	0.38468	0.46368	0.15164
1118 T	0.37613	0.46212	0.16175
1119 C	0.33087	0.50657	0.16257
1120 A	0.29534	0.54389	0.16077
1121 C	0.27477	0.56621	0.15902
1122 A	0.26541	0.58376	0.15083
1123 A	0.26284	0.59014	0.14702
1124 C	0.26225	0.59166	0.14609
1125 T	0.26294	0.59558	0.14148
1126 A	0.26024	0.60668	0.13309
1127 A	0.25910	0.61293	0.12797
1128 A	0.25958	0.61305	0.12736
1129 A	0.26418	0.61162	0.12419
1130 A	0.27109	0.59309	0.13583
1131 A	0.29308	0.55916	0.14776
1132 G	0.33154	0.50772	0.16074
1133 A	0.37956	0.45488	0.16556
1134 T	0.44675	0.38314	0.17011
1135 T	0.49120	0.33642	0.17238
1136 T	0.51062	0.31833	0.17104
1137 A	0.52603	0.30566	0.16831
1138 A	0.53226	0.29555	0.1722
1139 T	0.54966	0.27035	0.17999
1140 T	0.54723	0.26964	0.18313
1141 A	0.53830	0.28353	0.17816
1142 G	0.54081	0.25291	0.20627
1143 A	0.54450	0.22488	0.23062
1144 T	0.55071	0.19871	0.25057
1145 T	0.55916	0.18159	0.25925
1146 T	0.56530	0.17415	0.26056
1147 C	0.56495	0.17764	0.25741
1148 A	0.56685	0.17941	0.25374
1149 G	0.56458	0.18210	0.25332
1150 T	0.56608	0.18061	0.25331
1151 A	0.55724	0.19155	0.25122
1152 C	0.55076	0.19777	0.25147
1153 A	0.54964	0.19924	0.25112
1154 G	0.55149	0.19694	0.25157
1155 T	0.55605	0.19283	0.25113
1156 C	0.55323	0.19928	0.24749
1157 T	0.54863	0.21482	0.23656
1158 A	0.51708	0.26524	0.21769
1159 G	0.50038	0.29552	0.20409
1160 A	0.48701	0.31207	0.20092
1161 G	0.48100	0.32144	0.19756
1162 T	0.48543	0.31428	0.20028
1163 A	0.46948	0.32598	0.20453
1164 C	0.46700	0.31764	0.21537
1165 T	0.45813	0.32514	0.21674
1166 C	0.42250	0.36163	0.21587
1167 G	0.39521	0.40499	0.1998
1168 A	0.37713	0.45252	0.17035
1169 G	0.37248	0.46655	0.16096
1170 A	0.36923	0.48509	0.14567
1171 A	0.37031	0.48382	0.14587
1172 T	0.37190	0.47285	0.15525
1173 T	0.36961	0.46839	0.162
1174 A	0.36168	0.46780	0.17053
1175 C	0.35172	0.46788	0.18039
1176 A	0.34282	0.48046	0.17672
1177 A	0.33795	0.48549	0.17656
1178 A	0.33594	0.48583	0.17823
1179 A	0.33870	0.47636	0.18494
1180 G	0.34755	0.45799	0.19446
1181 G	0.36386	0.40597	0.23017
1182 A	0.37697	0.37398	0.24904
1183 A	0.38208	0.34822	0.26969
1184 T	0.38818	0.32632	0.2855
1185 A	0.38704	0.31853	0.29443
1186 G	0.38623	0.29568	0.31809
1187 T	0.38614	0.28773	0.32613
1188 A	0.38204	0.30263	0.31533
1189 G	0.38200	0.30790	0.3101
1190 A	0.39639	0.30488	0.29872
1191 T	0.42355	0.28271	0.29373
1192 A	0.42408	0.29930	0.27661
1193 T	0.43701	0.29572	0.26728
1194 T	0.43646	0.31188	0.25166
1195 G	0.43476	0.34091	0.22433
1196 A	0.43546	0.35876	0.20578
1197 A	0.43883	0.36737	0.1938
1198 T	0.44248	0.35583	0.20168
1199 T	0.44553	0.34565	0.20882
1200 T	0.44290	0.34771	0.20938
1201 T	0.42622	0.36954	0.20425
1202 C	0.40596	0.39487	0.19918
1203 A	0.38042	0.44354	0.17604
1204 A	0.37046	0.46274	0.1668
1205 A	0.36413	0.47672	0.15915
1206 T	0.36337	0.48012	0.1565
1207 G	0.35875	0.49045	0.1508
1208 A	0.35982	0.49057	0.14961
1209 A	0.36372	0.48659	0.14969
1210 A	0.37583	0.47331	0.15085
1211 A	0.40532	0.43836	0.15631
1212 T	0.45320	0.38602	0.16078
1213 A	0.48112	0.35326	0.16563
1214 T	0.50883	0.32044	0.17072
1215 C	0.53053	0.29074	0.17873
1216 C	0.55041	0.26941	0.18017
1217 T	0.57047	0.24946	0.18008
1218 T	0.59106	0.22932	0.17962
1219 A	0.60007	0.22240	0.17753
1220 T	0.61202	0.21223	0.17576
1221 T	0.60581	0.22091	0.17328
1222 G	0.58597	0.24438	0.16965
1223 A	0.57677	0.25505	0.16817
1224 T	0.57526	0.24869	0.17605
1225 A	0.56208	0.25698	0.18094
1226 T	0.57107	0.23727	0.19167
1227 A	0.55338	0.27578	0.17084
1228 T	0.54546	0.29577	0.15876
1229 A	0.52493	0.33367	0.1414
1230 T	0.49728	0.37144	0.13128
1231 A	0.43916	0.43718	0.12366
1232 A	0.40999	0.46744	0.12257
1233 T	0.39173	0.48620	0.12207
1234 G	0.35487	0.52472	0.12041
1235 A	0.33156	0.55132	0.11712
1236 A	0.30582	0.57927	0.11491
1237 G	0.28838	0.60001	0.1116
1238 A	0.27526	0.61733	0.1074
1239 T	0.26959	0.62546	0.10494
1240 A	0.25917	0.64306	0.09778
1241 A	0.25691	0.64879	0.0943
1242 A	0.25756	0.64891	0.09353
1243 A	0.25969	0.64296	0.09734
1244 A	0.26461	0.62970	0.10569
1245 T	0.28145	0.59149	0.12706
1246 A	0.29211	0.56843	0.13945
1247 T	0.30935	0.53680	0.15385
1248 A	0.31882	0.50946	0.17172
1249 A	0.33238	0.48079	0.18683
1250 T	0.36066	0.42629	0.21305
1251 T	0.38104	0.38673	0.23223
1252 A	0.39590	0.34981	0.25429
1253 T	0.41105	0.29553	0.29342
1254 T	0.41693	0.23139	0.35168
1255 T	0.41704	0.20961	0.37335
1256 T	0.41431	0.20234	0.38334
1257 A	0.40850	0.20296	0.38855
1258 A	0.40809	0.18881	0.4031
1259 A	0.40930	0.16551	0.42518
1260 T	0.41389	0.14311	0.443
1261 T	0.41820	0.12669	0.45511
1262 G	0.41983	0.11965	0.46052
1263 G	0.42605	0.10724	0.4667
1264 G	0.43091	0.10677	0.46232
1265 T	0.43668	0.10545	0.45787
1266 T	0.43932	0.11407	0.44661
1267 T	0.44067	0.13259	0.42674
1268 A	0.44086	0.17211	0.38702
1269 T	0.44159	0.18632	0.37208
1270 T	0.44143	0.20936	0.34921
1271 T	0.44066	0.23590	0.32345
1272 A	0.43744	0.28011	0.28245
1273 A	0.43353	0.32341	0.24306
1274 T	0.43177	0.34060	0.22763
1275 T	0.42148	0.36108	0.21744
1276 A	0.41533	0.37757	0.2071
1277 A	0.41634	0.38237	0.20129
1278 A	0.42023	0.38101	0.19876
1279 A	0.42766	0.37554	0.1968
1280 T	0.44770	0.35582	0.19647
1281 T	0.45484	0.36376	0.18139
1282 T	0.45694	0.37548	0.16758
1283 T	0.44988	0.39956	0.15056
1284 A	0.44326	0.41084	0.14591
1285 A	0.43776	0.41908	0.14316
1286 A	0.43599	0.42140	0.14261
1287 T	0.44398	0.41318	0.14283
1288 C	0.44939	0.40820	0.14241
1289 A	0.46079	0.39880	0.14041
1290 G	0.48222	0.37799	0.13979
1291 T	0.52363	0.33703	0.13934
1292 A	0.53568	0.32588	0.13844
1293 T	0.56049	0.30106	0.13845
1294 A	0.58189	0.27932	0.13879
1295 A	0.61936	0.23799	0.14265
1296 T	0.65870	0.19264	0.14866
1297 T	0.67315	0.17407	0.15277
1298 T	0.67941	0.15651	0.16409
1299 C	0.68163	0.15035	0.16802
1300 C	0.67493	0.15845	0.16662
1301 A	0.67138	0.16492	0.1637
1302 A	0.67164	0.16499	0.16337
1303 A	0.67531	0.16156	0.16313
1304 T	0.69644	0.14028	0.16328
1305 T	0.70757	0.12757	0.16485
1306 C	0.71675	0.10833	0.17492
1307 A	0.71883	0.10070	0.18047
1308 T	0.72220	0.09145	0.18635
1309 T	0.72177	0.08916	0.18906
1310 T	0.71613	0.09689	0.18698
1311 T	0.70606	0.11361	0.18033
1312 T	0.69435	0.14927	0.15638
1313 T	0.68137	0.16754	0.15109
1314 A	0.64572	0.20923	0.14505
1315 T	0.61941	0.24131	0.13928
1316 A	0.59434	0.27009	0.13557
1317 C	0.58407	0.28177	0.13416
1318 G	0.56361	0.30825	0.12813
1319 A	0.55417	0.32315	0.12268
1320 T	0.54664	0.33468	0.11868
1321 A	0.52706	0.35969	0.11325
1322 A	0.51997	0.36682	0.11321
1323 T	0.51786	0.35805	0.12409
1324 A	0.51342	0.35657	0.13
1325 A	0.50979	0.35385	0.13636
1326 T	0.50820	0.34833	0.14347
1327 A	0.50274	0.35284	0.14442
1328 T	0.49842	0.35507	0.1465
