# lcl|CP097583.1_cds_USQ93443.1_1
# AA	inside	membr	outside
1 A	0.23167	0.00000	0.76833
2 T	0.23145	0.00021	0.76833
3 G	0.23127	0.00040	0.76833
4 T	0.23127	0.00369	0.76503
5 A	0.20806	0.03315	0.75879
6 T	0.20806	0.03414	0.7578
7 A	0.06812	0.17465	0.75723
8 A	0.06812	0.17467	0.75721
9 A	0.05815	0.18488	0.75697
10 A	0.05814	0.19195	0.74991
11 A	0.05731	0.19313	0.74956
12 T	0.05195	0.19858	0.74947
13 G	0.04500	0.20564	0.74936
14 A	0.04500	0.20564	0.74936
15 T	0.04500	0.20771	0.74729
16 T	0.04486	0.20785	0.74729
17 C	0.04464	0.20808	0.74728
18 T	0.04463	0.20821	0.74716
19 A	0.04425	0.20871	0.74703
20 T	0.04325	0.21064	0.74611
21 C	0.03972	0.21418	0.74611
22 A	0.03946	0.21548	0.74505
23 A	0.03910	0.21621	0.74469
24 A	0.03741	0.21795	0.74463
25 A	0.03661	0.21720	0.74619
26 T	0.03602	0.21674	0.74724
27 A	0.03662	0.20281	0.76057
28 G	0.03988	0.17375	0.78637
29 A	0.03977	0.16662	0.79361
30 A	0.04038	0.05592	0.90369
31 A	0.04046	0.05242	0.90712
32 T	0.04109	0.04120	0.91771
33 G	0.04548	0.03433	0.92019
34 T	0.04532	0.03367	0.92101
35 C	0.04507	0.02961	0.92532
36 A	0.04474	0.02730	0.92796
37 A	0.04447	0.02732	0.9282
38 G	0.04620	0.02527	0.92852
39 C	0.04606	0.02470	0.92924
40 C	0.04634	0.02419	0.92948
41 C	0.04660	0.02353	0.92988
42 T	0.04707	0.02300	0.92993
43 G	0.04774	0.02207	0.9302
44 A	0.04786	0.02156	0.93058
45 T	0.04893	0.02024	0.93083
46 T	0.04931	0.01910	0.93159
47 T	0.04931	0.01590	0.93478
48 A	0.04881	0.01463	0.93655
49 T	0.04847	0.01375	0.93778
50 A	0.04798	0.01251	0.93951
51 T	0.04780	0.01107	0.94112
52 G	0.04741	0.01052	0.94206
53 T	0.04758	0.00969	0.94273
54 T	0.04732	0.00988	0.9428
55 G	0.04668	0.01104	0.94228
56 G	0.04658	0.01204	0.94138
57 T	0.04605	0.01412	0.93983
58 A	0.04448	0.01656	0.93897
59 A	0.04380	0.01693	0.93928
60 T	0.04345	0.01698	0.93956
61 T	0.04297	0.01741	0.93962
62 C	0.04244	0.01773	0.93983
63 C	0.04147	0.01882	0.93971
64 T	0.04090	0.01970	0.9394
65 T	0.04034	0.02068	0.93897
66 T	0.03922	0.02256	0.93821
67 A	0.03613	0.02721	0.93666
68 A	0.03462	0.02979	0.93558
69 A	0.03369	0.03171	0.93459
70 A	0.03234	0.03291	0.93475
71 A	0.03192	0.03271	0.93537
72 T	0.03220	0.03180	0.93601
73 G	0.03182	0.03153	0.93664
74 C	0.03165	0.03131	0.93704
75 T	0.03160	0.03116	0.93725
76 A	0.03051	0.03221	0.93728
77 A	0.03044	0.03210	0.93747
78 A	0.03078	0.03137	0.93786
79 A	0.03155	0.03030	0.93815
80 G	0.03295	0.02743	0.93962
81 T	0.03403	0.02474	0.94124
82 A	0.03396	0.02415	0.94188
83 T	0.03416	0.02332	0.94251
84 T	0.03408	0.02279	0.94313
85 A	0.03343	0.02276	0.94381
86 T	0.03292	0.02172	0.94537
87 C	0.03192	0.02108	0.947
88 G	0.03137	0.02138	0.94724
89 A	0.03141	0.02142	0.94717
90 A	0.03244	0.01947	0.94809
91 G	0.03318	0.01811	0.94871
92 T	0.03410	0.01710	0.9488
93 T	0.03327	0.01699	0.94974
94 T	0.03206	0.01843	0.94952
95 T	0.03078	0.02066	0.94857
96 A	0.02806	0.02470	0.94724
97 A	0.02658	0.02650	0.94692
98 A	0.02549	0.02749	0.94702
99 T	0.02490	0.02711	0.948
100 A	0.02354	0.02821	0.94825
101 A	0.02255	0.02879	0.94866
102 A	0.02180	0.02924	0.94896
103 A	0.02146	0.02929	0.94925
104 G	0.02133	0.02902	0.94966
105 C	0.02147	0.02840	0.95012
106 A	0.02151	0.02826	0.95023
107 A	0.02163	0.02786	0.95051
108 A	0.02185	0.02704	0.95111
109 T	0.02206	0.02613	0.95181
110 C	0.02214	0.02510	0.95276
111 A	0.02231	0.02417	0.95352
112 A	0.02291	0.02294	0.95415
113 G	0.02374	0.02152	0.95474
114 T	0.02463	0.02020	0.95518
115 T	0.02565	0.01886	0.9555
116 T	0.02655	0.01602	0.95742
117 G	0.02717	0.01359	0.95923
118 G	0.02816	0.01108	0.96076
119 T	0.02957	0.00772	0.96271
120 T	0.03018	0.00589	0.96394
121 T	0.03047	0.00477	0.96476
122 T	0.03063	0.00412	0.96525
123 A	0.03066	0.00315	0.96619
124 T	0.03064	0.00224	0.96712
125 T	0.03058	0.00161	0.96781
126 T	0.03048	0.00142	0.9681
127 C	0.02983	0.00193	0.96824
128 C	0.02921	0.00254	0.96825
129 A	0.02875	0.00302	0.96823
130 G	0.02864	0.00315	0.96822
131 A	0.02855	0.00325	0.96819
132 A	0.02853	0.00329	0.96817
133 T	0.02855	0.00327	0.96818
134 T	0.02855	0.00319	0.96825
135 A	0.02853	0.00325	0.96822
136 T	0.02852	0.00328	0.9682
137 G	0.02849	0.00350	0.96801
138 T	0.02839	0.00411	0.96749
139 T	0.02807	0.00519	0.96674
140 T	0.02767	0.00561	0.96672
141 A	0.02670	0.00660	0.9667
142 A	0.02607	0.00722	0.96671
143 G	0.02566	0.00757	0.96677
144 C	0.02556	0.00759	0.96685
145 G	0.02553	0.00758	0.96688
146 G	0.02553	0.00756	0.96692
147 T	0.02554	0.00752	0.96694
148 T	0.02552	0.00749	0.96699
149 A	0.02548	0.00746	0.96706
150 T	0.02547	0.00678	0.96776
151 T	0.02544	0.00619	0.96837
152 C	0.02535	0.00584	0.96881
153 A	0.02524	0.00590	0.96886
154 G	0.02520	0.00589	0.96891
155 C	0.02517	0.00590	0.96893
156 A	0.02511	0.00598	0.9689
157 G	0.02512	0.00598	0.9689
158 G	0.02519	0.00588	0.96893
159 A	0.02529	0.00576	0.96895
160 G	0.02555	0.00545	0.969
161 A	0.02614	0.00462	0.96924
162 T	0.02691	0.00334	0.96975
163 T	0.02699	0.00279	0.97022
164 T	0.02701	0.00194	0.97105
165 A	0.02702	0.00146	0.97152
166 T	0.02703	0.00107	0.9719
167 T	0.02702	0.00095	0.97202
168 T	0.02699	0.00093	0.97208
169 T	0.02686	0.00109	0.97205
170 T	0.02646	0.00162	0.97192
171 T	0.02527	0.00307	0.97167
172 G	0.02244	0.00596	0.9716
173 A	0.02137	0.00709	0.97154
174 A	0.02059	0.00791	0.9715
175 A	0.02034	0.00808	0.97159
176 C	0.02020	0.00808	0.97171
177 T	0.02011	0.00816	0.97174
178 A	0.01993	0.00838	0.97169
179 C	0.01989	0.00839	0.97172
180 T	0.01986	0.00845	0.97168
181 T	0.01984	0.00854	0.97163
182 T	0.01980	0.00861	0.97158
183 T	0.01975	0.00873	0.97153
184 T	0.01968	0.00885	0.97147
185 T	0.01958	0.00905	0.97137
186 A	0.01935	0.00944	0.97121
187 G	0.01911	0.00993	0.97095
188 A	0.01867	0.01062	0.97071
189 A	0.01841	0.01096	0.97062
190 G	0.01773	0.01162	0.97064
191 A	0.01752	0.01176	0.97072
192 A	0.01753	0.01147	0.97101
193 A	0.01766	0.01078	0.97156
194 A	0.01790	0.00937	0.97273
195 T	0.01802	0.00678	0.9752
196 A	0.01807	0.00588	0.97605
197 T	0.01814	0.00514	0.97673
198 A	0.01811	0.00502	0.97688
199 A	0.01809	0.00490	0.97701
200 A	0.01811	0.00475	0.97714
201 T	0.01820	0.00444	0.97735
202 T	0.01822	0.00430	0.97748
203 C	0.01824	0.00414	0.97762
204 T	0.01826	0.00406	0.97767
205 C	0.01816	0.00411	0.97773
206 T	0.01813	0.00411	0.97775
207 C	0.01808	0.00414	0.97778
208 A	0.01816	0.00408	0.97776
209 A	0.01832	0.00377	0.97791
210 T	0.01865	0.00326	0.97809
211 T	0.01892	0.00253	0.97855
212 T	0.01904	0.00216	0.97879
213 T	0.01909	0.00137	0.97954
214 C	0.01909	0.00110	0.97981
215 T	0.01909	0.00109	0.97982
216 T	0.01904	0.00124	0.97972
217 A	0.01864	0.00187	0.9795
218 T	0.01850	0.00208	0.97942
219 T	0.01825	0.00251	0.97924
220 A	0.01768	0.00326	0.97907
221 A	0.01747	0.00348	0.97905
222 T	0.01733	0.00362	0.97904
223 A	0.01702	0.00396	0.97902
224 A	0.01691	0.00405	0.97903
225 T	0.01687	0.00406	0.97907
226 A	0.01680	0.00408	0.97911
227 A	0.01678	0.00405	0.97917
228 T	0.01679	0.00390	0.97931
229 T	0.01678	0.00383	0.97939
230 C	0.01676	0.00376	0.97947
231 T	0.01676	0.00375	0.97949
232 T	0.01674	0.00377	0.97949
233 T	0.01670	0.00380	0.9795
234 C	0.01660	0.00390	0.9795
235 A	0.01652	0.00399	0.97949
236 A	0.01649	0.00401	0.9795
237 A	0.01649	0.00397	0.97954
238 G	0.01654	0.00387	0.9796
239 G	0.01669	0.00365	0.97967
240 T	0.01697	0.00280	0.98023
241 G	0.01708	0.00246	0.98046
242 T	0.01728	0.00198	0.98074
243 T	0.01746	0.00140	0.98114
244 T	0.01749	0.00117	0.98134
245 A	0.01749	0.00103	0.98148
246 T	0.01751	0.00074	0.98175
247 T	0.01751	0.00064	0.98185
248 T	0.01751	0.00060	0.98189
249 A	0.01750	0.00056	0.98193
250 A	0.01749	0.00054	0.98197
251 T	0.01749	0.00053	0.98199
252 T	0.01747	0.00055	0.98198
253 G	0.01742	0.00063	0.98196
254 G	0.01720	0.00100	0.9818
255 G	0.01711	0.00110	0.98178
256 A	0.01707	0.00112	0.98181
257 T	0.01706	0.00106	0.98188
258 G	0.01703	0.00103	0.98194
259 C	0.01703	0.00101	0.98196
260 C	0.01704	0.00100	0.98196
261 T	0.01704	0.00101	0.98195
262 T	0.01704	0.00102	0.98194
263 T	0.01704	0.00103	0.98194
264 T	0.01702	0.00105	0.98193
265 T	0.01697	0.00111	0.98192
266 T	0.01686	0.00122	0.98192
267 A	0.01668	0.00139	0.98193
268 T	0.01659	0.00148	0.98193
269 T	0.01625	0.00181	0.98194
270 C	0.01569	0.00236	0.98194
271 C	0.01540	0.00266	0.98195
272 A	0.01520	0.00286	0.98194
273 A	0.01511	0.00296	0.98193
274 G	0.01509	0.00297	0.98193
275 A	0.01512	0.00294	0.98194
276 A	0.01517	0.00285	0.98198
277 G	0.01535	0.00244	0.98221
278 T	0.01540	0.00229	0.9823
279 T	0.01542	0.00224	0.98235
280 A	0.01542	0.00221	0.98237
281 T	0.01543	0.00216	0.9824
282 T	0.01543	0.00214	0.98242
283 T	0.01543	0.00213	0.98243
284 T	0.01543	0.00213	0.98244
285 T	0.01541	0.00214	0.98244
286 A	0.01536	0.00224	0.9824
287 A	0.01525	0.00232	0.98243
288 T	0.01509	0.00240	0.98251
289 G	0.01474	0.00257	0.98269
290 T	0.01458	0.00248	0.98293
291 A	0.01406	0.00286	0.98307
292 G	0.01371	0.00286	0.98343
293 C	0.01341	0.00279	0.9838
294 T	0.01307	0.00323	0.9837
295 G	0.01275	0.00371	0.98354
296 T	0.01262	0.00406	0.98332
297 G	0.01236	0.00454	0.9831
298 G	0.01226	0.00481	0.98294
299 T	0.01222	0.00508	0.98271
300 T	0.01215	0.00522	0.98264
301 A	0.01204	0.00552	0.98244
302 T	0.01199	0.00568	0.98233
303 T	0.01181	0.00605	0.98214
304 C	0.01150	0.00654	0.98196
305 A	0.01137	0.00698	0.98165
306 A	0.01123	0.00740	0.98137
307 A	0.01118	0.00760	0.98123
308 A	0.01115	0.00766	0.9812
309 T	0.01118	0.00761	0.98121
310 A	0.01118	0.00752	0.9813
311 A	0.01119	0.00733	0.98148
312 A	0.01119	0.00700	0.9818
313 A	0.01121	0.00682	0.98197
314 A	0.01127	0.00631	0.98242
315 A	0.01141	0.00580	0.98279
316 A	0.01161	0.00527	0.98312
317 T	0.01202	0.00446	0.98352
318 T	0.01228	0.00398	0.98375
319 T	0.01248	0.00370	0.98382
320 T	0.01252	0.00360	0.98388
321 A	0.01232	0.00400	0.98368
322 G	0.01238	0.00393	0.98369
323 G	0.01243	0.00396	0.98361
324 T	0.01268	0.00388	0.98344
325 A	0.01283	0.00394	0.98323
326 T	0.01315	0.00363	0.98322
327 T	0.01332	0.00328	0.98339
328 G	0.01347	0.00305	0.98348
329 T	0.01361	0.00280	0.98359
330 T	0.01348	0.00289	0.98363
331 C	0.01306	0.00330	0.98364
332 C	0.01271	0.00368	0.98361
333 T	0.01223	0.00416	0.9836
334 A	0.01046	0.00597	0.98357
335 A	0.00885	0.00763	0.98352
336 A	0.00774	0.00880	0.98346
337 C	0.00712	0.00947	0.9834
338 A	0.00638	0.01042	0.9832
339 A	0.00593	0.01093	0.98314
340 A	0.00580	0.01109	0.98311
341 T	0.00584	0.01105	0.9831
342 G	0.00571	0.01117	0.98312
343 A	0.00580	0.01101	0.98319
344 T	0.00609	0.01047	0.98344
345 A	0.00611	0.01037	0.98352
346 C	0.00618	0.01023	0.9836
347 C	0.00641	0.00998	0.98361
348 T	0.00656	0.00985	0.98359
349 A	0.00653	0.00992	0.98355
350 A	0.00646	0.01001	0.98352
351 T	0.00639	0.01010	0.98351
352 T	0.00619	0.01036	0.98346
353 A	0.00523	0.01123	0.98354
354 T	0.00473	0.01118	0.98408
355 A	0.00397	0.01164	0.98439
356 A	0.00348	0.01169	0.98483
357 A	0.00331	0.01039	0.9863
358 G	0.00326	0.00894	0.98779
359 A	0.00332	0.00799	0.9887
360 A	0.00338	0.00737	0.98925
361 T	0.00359	0.00649	0.98992
362 T	0.00363	0.00622	0.99015
363 T	0.00364	0.00618	0.99018
364 A	0.00361	0.00629	0.9901
365 G	0.00351	0.00636	0.99013
366 T	0.00346	0.00673	0.98981
367 G	0.00332	0.00741	0.98927
368 A	0.00325	0.00801	0.98874
369 A	0.00304	0.00853	0.98842
370 A	0.00285	0.00907	0.98808
371 A	0.00268	0.00951	0.98781
372 A	0.00264	0.00949	0.98787
373 A	0.00260	0.00942	0.98798
374 G	0.00261	0.00922	0.98816
375 A	0.00274	0.00878	0.98847
376 T	0.00303	0.00744	0.98953
377 G	0.00308	0.00689	0.99003
378 G	0.00318	0.00621	0.99061
379 T	0.00335	0.00574	0.99092
380 T	0.00338	0.00555	0.99107
381 C	0.00335	0.00552	0.99114
382 C	0.00336	0.00550	0.99113
383 A	0.00341	0.00548	0.99111
384 A	0.00346	0.00545	0.99109
385 T	0.00368	0.00525	0.99107
386 C	0.00376	0.00519	0.99105
387 A	0.00363	0.00550	0.99087
388 G	0.00360	0.00553	0.99087
389 G	0.00383	0.00555	0.99062
390 T	0.00419	0.00600	0.98982
391 A	0.00428	0.00631	0.98941
392 A	0.00443	0.00617	0.9894
393 A	0.00464	0.00599	0.98937
394 T	0.00480	0.00576	0.98943
395 A	0.00453	0.00611	0.98936
396 T	0.00430	0.00633	0.98938
397 A	0.00381	0.00688	0.98932
398 T	0.00364	0.00706	0.98931
399 A	0.00329	0.00741	0.9893
400 G	0.00309	0.00757	0.98934
401 A	0.00298	0.00765	0.98937
402 T	0.00292	0.00767	0.9894
403 A	0.00284	0.00770	0.98946
404 C	0.00281	0.00765	0.98955
405 T	0.00281	0.00763	0.98957
406 A	0.00280	0.00765	0.98956
407 A	0.00280	0.00765	0.98955
408 A	0.00283	0.00760	0.98957
409 A	0.00289	0.00751	0.9896
410 T	0.00311	0.00691	0.98997
411 A	0.00324	0.00653	0.99022
412 A	0.00366	0.00586	0.99048
413 T	0.00466	0.00460	0.99074
414 T	0.00505	0.00386	0.99109
415 A	0.00518	0.00356	0.99126
416 A	0.00534	0.00314	0.99151
417 T	0.00551	0.00263	0.99187
418 T	0.00565	0.00211	0.99224
419 T	0.00570	0.00173	0.99258
420 T	0.00573	0.00133	0.99295
421 T	0.00569	0.00129	0.99301
422 T	0.00556	0.00145	0.99299
423 A	0.00527	0.00172	0.99302
424 G	0.00413	0.00291	0.99297
425 G	0.00331	0.00376	0.99292
426 A	0.00285	0.00419	0.99295
427 C	0.00262	0.00437	0.99301
428 A	0.00242	0.00460	0.99298
429 A	0.00229	0.00472	0.99299
430 C	0.00226	0.00474	0.99299
431 A	0.00225	0.00477	0.99299
432 A	0.00224	0.00477	0.99299
433 G	0.00225	0.00475	0.993
434 T	0.00228	0.00471	0.99301
435 T	0.00228	0.00470	0.99302
436 C	0.00228	0.00468	0.99304
437 C	0.00229	0.00466	0.99305
438 T	0.00229	0.00465	0.99305
439 A	0.00228	0.00467	0.99305
440 T	0.00228	0.00466	0.99306
441 C	0.00225	0.00469	0.99306
442 G	0.00221	0.00472	0.99307
443 G	0.00221	0.00467	0.99311
444 A	0.00226	0.00457	0.99317
445 A	0.00245	0.00426	0.99329
446 A	0.00257	0.00394	0.9935
447 T	0.00275	0.00257	0.99467
448 A	0.00285	0.00167	0.99548
449 T	0.00291	0.00110	0.99599
450 T	0.00292	0.00086	0.99622
451 T	0.00292	0.00071	0.99637
452 T	0.00291	0.00063	0.99646
453 A	0.00284	0.00069	0.99647
454 T	0.00281	0.00069	0.9965
455 T	0.00276	0.00072	0.99651
456 T	0.00262	0.00091	0.99647
457 G	0.00234	0.00121	0.99645
458 T	0.00223	0.00133	0.99644
459 T	0.00204	0.00153	0.99643
460 A	0.00179	0.00178	0.99642
461 A	0.00168	0.00190	0.99642
462 T	0.00163	0.00194	0.99643
463 A	0.00154	0.00202	0.99644
464 A	0.00148	0.00204	0.99648
465 A	0.00146	0.00202	0.99652
466 A	0.00145	0.00200	0.99655
467 A	0.00145	0.00196	0.99659
468 A	0.00146	0.00192	0.99662
469 T	0.00148	0.00189	0.99664
470 T	0.00148	0.00187	0.99665
471 T	0.00149	0.00185	0.99667
472 G	0.00149	0.00184	0.99668
473 A	0.00150	0.00181	0.99669
474 T	0.00154	0.00175	0.99671
475 A	0.00156	0.00170	0.99674
476 T	0.00161	0.00156	0.99684
477 T	0.00164	0.00146	0.99691
478 A	0.00165	0.00136	0.99698
479 T	0.00170	0.00113	0.99717
480 T	0.00173	0.00084	0.99743
481 T	0.00174	0.00071	0.99756
482 T	0.00174	0.00055	0.99772
483 T	0.00172	0.00038	0.99789
484 G	0.00170	0.00032	0.99799
485 G	0.00168	0.00029	0.99802
486 T	0.00168	0.00024	0.99808
487 G	0.00166	0.00023	0.99812
488 T	0.00165	0.00023	0.99812
489 T	0.00163	0.00027	0.9981
490 G	0.00161	0.00031	0.99808
491 A	0.00160	0.00034	0.99806
492 A	0.00160	0.00036	0.99804
493 A	0.00160	0.00036	0.99804
494 T	0.00160	0.00036	0.99804
495 T	0.00160	0.00035	0.99805
496 T	0.00160	0.00036	0.99805
497 G	0.00158	0.00037	0.99805
498 T	0.00157	0.00038	0.99805
499 C	0.00156	0.00039	0.99804
500 A	0.00155	0.00041	0.99804
501 A	0.00155	0.00041	0.99804
502 G	0.00155	0.00041	0.99803
503 A	0.00155	0.00041	0.99803
504 T	0.00156	0.00040	0.99803
505 T	0.00157	0.00038	0.99805
506 T	0.00157	0.00036	0.99807
507 A	0.00157	0.00035	0.99808
508 T	0.00156	0.00033	0.9981
509 G	0.00155	0.00032	0.99812
510 G	0.00155	0.00031	0.99814
511 A	0.00155	0.00029	0.99815
512 C	0.00157	0.00025	0.99817
513 T	0.00158	0.00024	0.99818
514 A	0.00156	0.00026	0.99818
515 T	0.00156	0.00027	0.99818
516 T	0.00154	0.00030	0.99817
517 G	0.00150	0.00033	0.99817
518 A	0.00147	0.00035	0.99817
519 A	0.00146	0.00035	0.99818
520 T	0.00146	0.00034	0.9982
521 C	0.00145	0.00033	0.99821
522 A	0.00145	0.00033	0.99822
523 C	0.00144	0.00033	0.99822
524 C	0.00144	0.00033	0.99822
525 T	0.00144	0.00033	0.99822
526 A	0.00143	0.00034	0.99822
527 G	0.00143	0.00034	0.99822
528 C	0.00143	0.00034	0.99822
529 G	0.00144	0.00034	0.99822
530 A	0.00144	0.00032	0.99823
531 T	0.00145	0.00031	0.99824
532 T	0.00145	0.00030	0.99824
533 T	0.00145	0.00030	0.99824
534 A	0.00145	0.00029	0.99825
535 A	0.00145	0.00028	0.99827
536 T	0.00145	0.00025	0.9983
537 G	0.00145	0.00022	0.99833
538 G	0.00145	0.00020	0.99835
539 T	0.00146	0.00017	0.99837
540 T	0.00146	0.00015	0.99839
541 T	0.00145	0.00014	0.99841
542 T	0.00144	0.00014	0.99842
543 G	0.00143	0.00016	0.99841
544 A	0.00142	0.00017	0.99841
545 A	0.00141	0.00017	0.99842
546 T	0.00141	0.00017	0.99841
547 G	0.00141	0.00017	0.99842
548 G	0.00140	0.00017	0.99842
549 A	0.00140	0.00017	0.99843
550 G	0.00140	0.00016	0.99844
551 C	0.00140	0.00016	0.99845
552 A	0.00140	0.00016	0.99845
553 C	0.00140	0.00015	0.99845
554 A	0.00141	0.00015	0.99845
555 T	0.00142	0.00014	0.99845
556 T	0.00142	0.00014	0.99845
557 T	0.00142	0.00013	0.99845
558 G	0.00142	0.00013	0.99845
559 A	0.00143	0.00012	0.99845
560 T	0.00144	0.00011	0.99846
561 T	0.00144	0.00010	0.99846
562 T	0.00145	0.00009	0.99846
563 T	0.00145	0.00009	0.99846
564 T	0.00145	0.00010	0.99845
565 A	0.00144	0.00012	0.99843
566 A	0.00144	0.00012	0.99843
567 T	0.00145	0.00011	0.99844
568 T	0.00146	0.00010	0.99844
569 T	0.00145	0.00010	0.99844
570 A	0.00144	0.00011	0.99845
571 T	0.00143	0.00012	0.99845
572 C	0.00142	0.00012	0.99845
573 T	0.00142	0.00013	0.99845
574 T	0.00141	0.00014	0.99845
575 C	0.00140	0.00015	0.99845
576 T	0.00138	0.00016	0.99845
577 T	0.00136	0.00019	0.99845
578 C	0.00132	0.00023	0.99845
579 T	0.00130	0.00025	0.99845
580 A	0.00127	0.00028	0.99845
581 C	0.00125	0.00030	0.99845
582 A	0.00124	0.00031	0.99844
583 G	0.00124	0.00032	0.99844
584 A	0.00124	0.00032	0.99844
585 A	0.00124	0.00031	0.99844
586 C	0.00125	0.00030	0.99844
587 A	0.00127	0.00028	0.99845
588 T	0.00129	0.00026	0.99845
589 T	0.00129	0.00026	0.99844
590 T	0.00129	0.00028	0.99843
591 T	0.00127	0.00031	0.99842
592 G	0.00123	0.00034	0.99842
593 A	0.00119	0.00039	0.99841
594 T	0.00116	0.00043	0.99841
595 A	0.00113	0.00047	0.9984
596 A	0.00112	0.00051	0.99837
597 A	0.00111	0.00051	0.99838
598 G	0.00111	0.00049	0.99839
599 A	0.00111	0.00048	0.99841
600 T	0.00111	0.00044	0.99845
601 C	0.00111	0.00040	0.99849
602 G	0.00111	0.00039	0.9985
603 A	0.00111	0.00038	0.99851
604 C	0.00111	0.00036	0.99852
605 T	0.00111	0.00036	0.99852
606 T	0.00111	0.00036	0.99852
607 C	0.00111	0.00036	0.99853
608 G	0.00111	0.00036	0.99852
609 T	0.00111	0.00036	0.99852
610 A	0.00111	0.00037	0.99852
611 A	0.00111	0.00036	0.99852
612 A	0.00113	0.00035	0.99852
613 T	0.00115	0.00030	0.99855
614 T	0.00116	0.00026	0.99858
615 A	0.00117	0.00022	0.99861
616 G	0.00118	0.00017	0.99865
617 C	0.00119	0.00013	0.99868
618 G	0.00120	0.00010	0.9987
619 G	0.00123	0.00008	0.9987
620 T	0.00124	0.00008	0.99869
621 T	0.00124	0.00009	0.99867
622 T	0.00123	0.00011	0.99866
623 T	0.00118	0.00019	0.99863
624 A	0.00111	0.00027	0.99861
625 A	0.00107	0.00033	0.9986
626 A	0.00106	0.00035	0.99859
627 T	0.00106	0.00036	0.99858
628 C	0.00105	0.00037	0.99858
629 A	0.00105	0.00040	0.99855
630 T	0.00105	0.00041	0.99855
631 T	0.00101	0.00044	0.99855
632 C	0.00097	0.00048	0.99855
633 A	0.00094	0.00053	0.99853
634 C	0.00092	0.00055	0.99853
635 G	0.00090	0.00057	0.99853
636 T	0.00089	0.00058	0.99853
637 A	0.00087	0.00060	0.99852
638 A	0.00086	0.00061	0.99853
639 A	0.00086	0.00061	0.99853
640 C	0.00086	0.00060	0.99853
641 A	0.00086	0.00060	0.99853
642 A	0.00087	0.00059	0.99853
643 A	0.00088	0.00058	0.99854
644 T	0.00089	0.00056	0.99855
645 A	0.00090	0.00055	0.99855
646 G	0.00091	0.00048	0.99861
647 G	0.00092	0.00040	0.99868
648 C	0.00094	0.00034	0.99872
649 G	0.00095	0.00033	0.99872
650 G	0.00097	0.00031	0.99873
651 A	0.00098	0.00030	0.99872
652 T	0.00100	0.00027	0.99873
653 A	0.00101	0.00027	0.99873
654 T	0.00102	0.00023	0.99876
655 T	0.00102	0.00019	0.9988
656 T	0.00102	0.00015	0.99883
657 T	0.00102	0.00013	0.99885
658 T	0.00101	0.00012	0.99887
659 A	0.00101	0.00012	0.99887
660 C	0.00098	0.00014	0.99888
661 A	0.00097	0.00015	0.99888
662 C	0.00096	0.00015	0.99889
663 T	0.00095	0.00016	0.99888
664 A	0.00095	0.00017	0.99888
665 G	0.00095	0.00017	0.99888
666 T	0.00095	0.00017	0.99888
667 A	0.00094	0.00018	0.99888
668 G	0.00094	0.00017	0.99888
669 C	0.00094	0.00018	0.99888
670 G	0.00094	0.00026	0.9988
671 G	0.00094	0.00033	0.99873
672 T	0.00094	0.00043	0.99863
673 A	0.00094	0.00046	0.99859
674 T	0.00095	0.00047	0.99858
675 A	0.00095	0.00049	0.99857
676 A	0.00095	0.00049	0.99856
677 C	0.00096	0.00049	0.99856
678 A	0.00096	0.00049	0.99855
679 G	0.00096	0.00049	0.99855
680 A	0.00097	0.00049	0.99855
681 A	0.00097	0.00048	0.99855
682 T	0.00097	0.00047	0.99856
683 C	0.00097	0.00043	0.99859
684 T	0.00098	0.00042	0.99861
685 T	0.00098	0.00041	0.99861
686 C	0.00098	0.00041	0.99862
687 G	0.00098	0.00040	0.99862
688 G	0.00098	0.00041	0.99861
689 A	0.00098	0.00041	0.99861
690 G	0.00098	0.00040	0.99862
691 G	0.00100	0.00039	0.99862
692 A	0.00103	0.00036	0.99862
693 T	0.00111	0.00027	0.99862
694 A	0.00117	0.00020	0.99862
695 C	0.00126	0.00011	0.99862
696 T	0.00130	0.00008	0.99862
697 C	0.00131	0.00007	0.99862
698 T	0.00132	0.00005	0.99862
699 T	0.00133	0.00006	0.99861
700 T	0.00133	0.00006	0.99861
701 T	0.00134	0.00005	0.99861
702 T	0.00133	0.00006	0.99861
703 T	0.00132	0.00007	0.9986
704 C	0.00131	0.00008	0.9986
705 T	0.00128	0.00011	0.9986
706 A	0.00123	0.00017	0.9986
707 A	0.00119	0.00020	0.9986
708 T	0.00118	0.00022	0.9986
709 C	0.00115	0.00025	0.9986
710 A	0.00113	0.00028	0.99859
711 T	0.00111	0.00032	0.99857
712 A	0.00106	0.00042	0.99852
713 A	0.00101	0.00052	0.99848
714 A	0.00097	0.00059	0.99844
715 A	0.00096	0.00061	0.99844
716 T	0.00095	0.00061	0.99844
717 T	0.00094	0.00062	0.99844
718 G	0.00092	0.00065	0.99844
719 C	0.00091	0.00065	0.99844
720 A	0.00091	0.00066	0.99844
721 G	0.00091	0.00066	0.99843
722 C	0.00091	0.00065	0.99843
723 T	0.00092	0.00065	0.99843
724 G	0.00092	0.00065	0.99842
725 T	0.00092	0.00065	0.99842
726 T	0.00092	0.00066	0.99842
727 T	0.00092	0.00070	0.99838
728 T	0.00091	0.00074	0.99835
729 A	0.00090	0.00079	0.99831
730 G	0.00089	0.00086	0.99824
731 G	0.00089	0.00093	0.99819
732 A	0.00089	0.00097	0.99814
733 A	0.00090	0.00099	0.99812
734 A	0.00091	0.00098	0.99811
735 A	0.00096	0.00090	0.99814
736 A	0.00101	0.00082	0.99817
737 T	0.00104	0.00077	0.99819
738 T	0.00105	0.00081	0.99815
739 A	0.00104	0.00092	0.99804
740 T	0.00104	0.00095	0.99801
741 T	0.00102	0.00098	0.998
742 G	0.00100	0.00104	0.99797
743 G	0.00098	0.00112	0.9979
744 T	0.00098	0.00126	0.99777
745 G	0.00094	0.00149	0.99757
746 A	0.00092	0.00167	0.99742
747 A	0.00084	0.00178	0.99738
748 A	0.00081	0.00183	0.99736
749 A	0.00081	0.00183	0.99735
750 A	0.00087	0.00178	0.99735
751 C	0.00094	0.00170	0.99736
752 A	0.00104	0.00162	0.99734
753 T	0.00116	0.00149	0.99735
754 T	0.00123	0.00142	0.99735
755 T	0.00124	0.00141	0.99735
756 A	0.00118	0.00147	0.99735
757 A	0.00116	0.00149	0.99735
758 C	0.00115	0.00150	0.99735
759 A	0.00115	0.00151	0.99734
760 A	0.00117	0.00149	0.99734
761 A	0.00123	0.00143	0.99734
762 T	0.00137	0.00129	0.99734
763 T	0.00141	0.00125	0.99734
764 C	0.00139	0.00124	0.99737
765 A	0.00140	0.00123	0.99737
766 G	0.00146	0.00116	0.99738
767 A	0.00158	0.00104	0.99738
768 T	0.00177	0.00082	0.9974
769 A	0.00188	0.00069	0.99742
770 T	0.00193	0.00056	0.99751
771 T	0.00194	0.00050	0.99756
772 A	0.00194	0.00049	0.99758
773 G	0.00194	0.00048	0.99759
774 T	0.00194	0.00046	0.99759
775 T	0.00195	0.00044	0.99761
776 T	0.00195	0.00043	0.99762
777 G	0.00195	0.00043	0.99761
778 G	0.00195	0.00043	0.99762
779 T	0.00195	0.00039	0.99766
780 A	0.00194	0.00039	0.99767
781 G	0.00194	0.00037	0.99768
782 T	0.00196	0.00035	0.99769
783 A	0.00195	0.00036	0.99769
784 G	0.00195	0.00036	0.99769
785 A	0.00196	0.00036	0.99768
786 T	0.00196	0.00034	0.9977
787 G	0.00196	0.00032	0.99772
788 T	0.00198	0.00029	0.99773
789 T	0.00198	0.00030	0.99772
790 T	0.00198	0.00032	0.99769
791 T	0.00198	0.00040	0.99762
792 T	0.00197	0.00051	0.99752
793 A	0.00195	0.00077	0.99728
794 T	0.00189	0.00087	0.99724
795 A	0.00172	0.00111	0.99717
796 G	0.00163	0.00120	0.99717
797 A	0.00157	0.00127	0.99715
798 C	0.00150	0.00136	0.99714
799 G	0.00146	0.00144	0.9971
800 C	0.00146	0.00148	0.99706
801 T	0.00148	0.00164	0.99688
802 A	0.00147	0.00189	0.99664
803 T	0.00148	0.00197	0.99656
804 T	0.00146	0.00215	0.99639
805 A	0.00144	0.00239	0.99618
806 A	0.00144	0.00267	0.99589
807 A	0.00144	0.00271	0.99585
808 T	0.00145	0.00273	0.99582
809 A	0.00145	0.00277	0.99579
810 T	0.00144	0.00278	0.99578
811 C	0.00142	0.00282	0.99576
812 A	0.00141	0.00287	0.99572
813 A	0.00138	0.00292	0.99569
814 A	0.00143	0.00289	0.99568
815 G	0.00152	0.00281	0.99567
816 A	0.00171	0.00264	0.99564
817 A	0.00176	0.00257	0.99567
818 G	0.00183	0.00235	0.99581
819 A	0.00187	0.00226	0.99587
820 A	0.00193	0.00217	0.9959
821 T	0.00203	0.00201	0.99595
822 T	0.00210	0.00195	0.99595
823 G	0.00214	0.00192	0.99594
824 A	0.00222	0.00187	0.99591
825 T	0.00235	0.00175	0.9959
826 A	0.00225	0.00184	0.99591
827 C	0.00229	0.00177	0.99594
828 A	0.00239	0.00167	0.99593
829 A	0.00264	0.00143	0.99594
830 C	0.00268	0.00138	0.99594
831 T	0.00273	0.00137	0.9959
832 T	0.00272	0.00141	0.99587
833 A	0.00253	0.00163	0.99584
834 T	0.00239	0.00179	0.99582
835 G	0.00192	0.00235	0.99572
836 C	0.00164	0.00279	0.99557
837 A	0.00146	0.00304	0.9955
838 G	0.00138	0.00315	0.99547
839 A	0.00137	0.00322	0.99541
840 T	0.00140	0.00324	0.99537
841 C	0.00136	0.00332	0.99533
842 A	0.00134	0.00343	0.99523
843 A	0.00135	0.00348	0.99518
844 A	0.00135	0.00349	0.99515
845 A	0.00140	0.00345	0.99515
846 A	0.00141	0.00343	0.99516
847 A	0.00144	0.00330	0.99527
848 T	0.00148	0.00315	0.99537
849 T	0.00147	0.00301	0.99552
850 G	0.00144	0.00300	0.99556
851 G	0.00141	0.00306	0.99554
852 A	0.00139	0.00314	0.99547
853 A	0.00139	0.00318	0.99543
854 A	0.00143	0.00313	0.99545
855 A	0.00146	0.00302	0.99552
856 G	0.00153	0.00274	0.99574
857 A	0.00160	0.00250	0.9959
858 A	0.00174	0.00192	0.99634
859 T	0.00197	0.00138	0.99665
860 T	0.00207	0.00109	0.99684
861 C	0.00211	0.00094	0.99695
862 G	0.00217	0.00085	0.99698
863 T	0.00225	0.00076	0.99699
864 T	0.00228	0.00071	0.99701
865 T	0.00233	0.00066	0.99701
866 T	0.00235	0.00064	0.99701
867 T	0.00233	0.00066	0.99701
868 A	0.00227	0.00074	0.99698
869 T	0.00220	0.00083	0.99698
870 G	0.00209	0.00102	0.99689
871 A	0.00199	0.00114	0.99687
872 A	0.00197	0.00119	0.99684
873 A	0.00201	0.00116	0.99683
874 T	0.00208	0.00106	0.99687
875 C	0.00212	0.00100	0.99687
876 T	0.00217	0.00101	0.99681
877 T	0.00216	0.00114	0.9967
878 A	0.00212	0.00119	0.99669
879 T	0.00210	0.00122	0.99668
880 T	0.00205	0.00127	0.99668
881 T	0.00197	0.00135	0.99668
882 C	0.00184	0.00148	0.99668
883 G	0.00176	0.00157	0.99666
884 A	0.00173	0.00161	0.99666
885 A	0.00171	0.00163	0.99665
886 G	0.00170	0.00166	0.99665
887 T	0.00170	0.00167	0.99663
888 T	0.00170	0.00167	0.99663
889 G	0.00168	0.00168	0.99664
890 A	0.00167	0.00167	0.99666
891 A	0.00168	0.00161	0.99671
892 G	0.00170	0.00153	0.99677
893 A	0.00178	0.00138	0.99684
894 A	0.00181	0.00129	0.9969
895 G	0.00185	0.00125	0.9969
896 T	0.00189	0.00131	0.99679
897 A	0.00189	0.00149	0.99661
898 G	0.00190	0.00165	0.99646
899 A	0.00195	0.00172	0.99633
900 T	0.00206	0.00162	0.99632
901 T	0.00207	0.00160	0.99632
902 T	0.00208	0.00160	0.99632
903 T	0.00207	0.00161	0.99632
904 T	0.00204	0.00164	0.99632
905 A	0.00195	0.00170	0.99635
906 T	0.00191	0.00171	0.99638
907 G	0.00188	0.00178	0.99634
908 A	0.00187	0.00182	0.99631
909 A	0.00188	0.00183	0.9963
910 T	0.00189	0.00183	0.99628
911 T	0.00189	0.00194	0.99617
912 T	0.00184	0.00218	0.99598
913 G	0.00181	0.00254	0.99565
914 A	0.00180	0.00280	0.9954
915 A	0.00179	0.00292	0.99529
916 A	0.00181	0.00295	0.99524
917 A	0.00184	0.00294	0.99522
918 A	0.00189	0.00289	0.99521
919 A	0.00204	0.00274	0.99522
920 A	0.00226	0.00251	0.99523
921 T	0.00252	0.00224	0.99524
922 T	0.00267	0.00209	0.99524
923 T	0.00272	0.00203	0.99525
924 T	0.00274	0.00201	0.99525
925 A	0.00273	0.00201	0.99526
926 A	0.00275	0.00198	0.99527
927 T	0.00280	0.00188	0.99532
928 T	0.00282	0.00178	0.9954
929 C	0.00280	0.00176	0.99544
930 T	0.00282	0.00173	0.99545
931 A	0.00271	0.00183	0.99546
932 G	0.00268	0.00184	0.99547
933 G	0.00272	0.00179	0.99549
934 C	0.00289	0.00160	0.99551
935 C	0.00315	0.00128	0.99557
936 T	0.00353	0.00088	0.99559
937 T	0.00373	0.00069	0.99558
938 T	0.00376	0.00067	0.99557
939 T	0.00374	0.00070	0.99555
940 T	0.00367	0.00078	0.99555
941 T	0.00356	0.00090	0.99554
942 G	0.00335	0.00113	0.99552
943 G	0.00320	0.00132	0.99547
944 A	0.00313	0.00148	0.99539
945 T	0.00306	0.00168	0.99527
946 G	0.00281	0.00220	0.99499
947 A	0.00262	0.00288	0.9945
948 T	0.00255	0.00338	0.99407
949 A	0.00243	0.00423	0.99333
950 A	0.00236	0.00505	0.99258
951 T	0.00234	0.00534	0.99232
952 A	0.00230	0.00559	0.9921
953 A	0.00218	0.00591	0.99191
954 G	0.00200	0.00615	0.99185
955 G	0.00182	0.00660	0.99159
956 A	0.00171	0.00737	0.99091
957 A	0.00167	0.00781	0.99052
958 G	0.00165	0.00802	0.99033
959 A	0.00165	0.00835	0.98999
960 A	0.00166	0.00845	0.98989
961 T	0.00169	0.00845	0.98985
962 T	0.00170	0.00857	0.98973
963 A	0.00170	0.00895	0.98935
964 G	0.00171	0.00931	0.98897
965 A	0.00174	0.00963	0.98864
966 A	0.00178	0.00955	0.98867
967 A	0.00187	0.00943	0.9887
968 A	0.00205	0.00918	0.98878
969 A	0.00235	0.00866	0.98899
970 C	0.00286	0.00794	0.98919
971 A	0.00331	0.00747	0.98922
972 A	0.00404	0.00667	0.98929
973 T	0.00487	0.00583	0.98929
974 T	0.00512	0.00565	0.98923
975 A	0.00523	0.00571	0.98905
976 A	0.00540	0.00550	0.9891
977 A	0.00554	0.00526	0.9892
978 G	0.00584	0.00484	0.98932
979 T	0.00657	0.00402	0.9894
980 T	0.00694	0.00362	0.98944
981 A	0.00701	0.00353	0.98946
982 T	0.00729	0.00323	0.98949
983 C	0.00737	0.00314	0.98949
984 C	0.00745	0.00305	0.9895
985 A	0.00764	0.00287	0.9895
986 A	0.00806	0.00244	0.9895
987 T	0.00853	0.00197	0.9895
988 C	0.00892	0.00158	0.9895
989 T	0.00901	0.00149	0.9895
990 T	0.00901	0.00148	0.98951
991 A	0.00898	0.00151	0.98951
992 T	0.00898	0.00151	0.98951
993 T	0.00893	0.00156	0.9895
994 C	0.00887	0.00161	0.98951
995 A	0.00883	0.00185	0.98932
996 A	0.00875	0.00227	0.98899
997 G	0.00874	0.00238	0.98887
998 T	0.00889	0.00243	0.98868
999 A	0.00886	0.00264	0.98851
1000 T	0.00894	0.00252	0.98855
1001 T	0.00896	0.00246	0.98858
1002 A	0.00894	0.00246	0.9886
1003 T	0.00894	0.00239	0.98866
1004 C	0.00894	0.00231	0.98875
1005 T	0.00892	0.00241	0.98867
1006 T	0.00888	0.00255	0.98857
1007 T	0.00873	0.00295	0.98833
1008 G	0.00818	0.00370	0.98812
1009 A	0.00796	0.00396	0.98807
1010 A	0.00780	0.00414	0.98807
1011 A	0.00765	0.00427	0.98809
1012 A	0.00753	0.00437	0.98811
1013 C	0.00746	0.00437	0.98817
1014 G	0.00744	0.00438	0.98819
1015 A	0.00744	0.00441	0.98816
1016 A	0.00745	0.00439	0.98816
1017 A	0.00750	0.00430	0.9882
1018 A	0.00771	0.00405	0.98824
1019 T	0.00813	0.00343	0.98843
1020 G	0.00825	0.00318	0.98856
1021 T	0.00847	0.00289	0.98863
1022 C	0.00859	0.00269	0.98873
1023 T	0.00861	0.00267	0.98872
1024 T	0.00862	0.00266	0.98872
1025 C	0.00861	0.00266	0.98873
1026 T	0.00862	0.00267	0.9887
1027 A	0.00859	0.00272	0.98868
1028 T	0.00869	0.00261	0.98869
1029 A	0.00873	0.00254	0.98872
1030 T	0.00893	0.00220	0.98886
1031 T	0.00898	0.00168	0.98934
1032 T	0.00885	0.00168	0.98947
1033 A	0.00863	0.00177	0.98959
1034 A	0.00857	0.00172	0.98971
1035 T	0.00854	0.00163	0.98983
1036 T	0.00840	0.00175	0.98985
1037 C	0.00805	0.00211	0.98984
1038 T	0.00759	0.00286	0.98955
1039 A	0.00666	0.00438	0.98896
1040 A	0.00621	0.00491	0.98889
1041 A	0.00581	0.00535	0.98884
1042 A	0.00566	0.00554	0.98881
1043 T	0.00558	0.00561	0.98881
1044 C	0.00547	0.00572	0.98881
1045 A	0.00542	0.00591	0.98866
1046 T	0.00540	0.00602	0.98859
1047 A	0.00528	0.00625	0.98846
1048 T	0.00516	0.00645	0.98838
1049 T	0.00495	0.00676	0.98829
1050 A	0.00450	0.00744	0.98805
1051 G	0.00424	0.00794	0.98782
1052 A	0.00404	0.00852	0.98744
1053 A	0.00386	0.00918	0.98697
1054 A	0.00380	0.00950	0.98671
1055 T	0.00379	0.00958	0.98663
1056 G	0.00366	0.00978	0.98656
1057 A	0.00360	0.01002	0.98638
1058 A	0.00360	0.01013	0.98627
1059 A	0.00362	0.01013	0.98625
1060 A	0.00366	0.00982	0.98651
1061 A	0.00394	0.00909	0.98697
1062 T	0.00450	0.00771	0.9878
1063 A	0.00455	0.00729	0.98816
1064 G	0.00460	0.00690	0.98849
1065 A	0.00465	0.00677	0.98857
1066 T	0.00471	0.00664	0.98865
1067 T	0.00474	0.00655	0.98872
1068 A	0.00480	0.00649	0.98871
1069 A	0.00488	0.00638	0.98875
1070 A	0.00501	0.00615	0.98884
1071 T	0.00514	0.00597	0.9889
1072 G	0.00523	0.00571	0.98906
1073 A	0.00552	0.00512	0.98936
1074 A	0.00585	0.00460	0.98956
1075 A	0.00632	0.00393	0.98974
1076 T	0.00699	0.00304	0.98996
1077 T	0.00748	0.00244	0.99007
1078 T	0.00775	0.00211	0.99014
1079 T	0.00797	0.00180	0.99023
1080 G	0.00810	0.00161	0.99029
1081 A	0.00822	0.00147	0.99031
1082 T	0.00841	0.00126	0.99033
1083 T	0.00850	0.00116	0.99035
1084 C	0.00854	0.00111	0.99035
1085 T	0.00860	0.00106	0.99034
1086 T	0.00865	0.00103	0.99032
1087 T	0.00868	0.00101	0.9903
1088 T	0.00873	0.00100	0.99028
1089 A	0.00874	0.00105	0.99021
1090 G	0.00878	0.00108	0.99015
1091 T	0.00885	0.00102	0.99013
1092 A	0.00888	0.00103	0.99008
1093 G	0.00896	0.00100	0.99005
1094 T	0.00914	0.00084	0.99002
1095 T	0.00919	0.00080	0.99001
1096 T	0.00915	0.00085	0.98999
1097 T	0.00906	0.00097	0.98997
1098 T	0.00890	0.00117	0.98993
1099 C	0.00852	0.00166	0.98983
1100 A	0.00822	0.00205	0.98973
1101 A	0.00795	0.00240	0.98966
1102 T	0.00788	0.00255	0.98957
1103 A	0.00779	0.00270	0.9895
1104 C	0.00774	0.00276	0.9895
1105 T	0.00770	0.00280	0.98949
1106 T	0.00761	0.00290	0.98949
1107 T	0.00753	0.00298	0.98949
1108 C	0.00737	0.00314	0.98949
1109 G	0.00726	0.00327	0.98947
1110 C	0.00720	0.00335	0.98945
1111 G	0.00712	0.00355	0.98934
1112 A	0.00700	0.00377	0.98923
1113 T	0.00697	0.00385	0.98919
1114 A	0.00681	0.00406	0.98913
1115 A	0.00667	0.00425	0.98908
1116 T	0.00661	0.00433	0.98906
1117 A	0.00638	0.00470	0.98892
1118 A	0.00613	0.00509	0.98878
1119 A	0.00585	0.00560	0.98855
1120 A	0.00567	0.00577	0.98856
1121 A	0.00555	0.00576	0.98868
1122 G	0.00554	0.00546	0.989
1123 A	0.00559	0.00517	0.98923
1124 G	0.00565	0.00484	0.9895
1125 T	0.00574	0.00466	0.9896
1126 T	0.00575	0.00456	0.98969
1127 T	0.00570	0.00454	0.98975
1128 A	0.00562	0.00457	0.98981
1129 C	0.00553	0.00454	0.98993
1130 A	0.00546	0.00463	0.98991
1131 A	0.00544	0.00465	0.98991
1132 T	0.00546	0.00469	0.98985
1133 A	0.00546	0.00496	0.98958
1134 T	0.00558	0.00487	0.98955
1135 T	0.00562	0.00471	0.98967
1136 T	0.00558	0.00476	0.98966
1137 A	0.00547	0.00491	0.98962
1138 G	0.00545	0.00497	0.98958
1139 A	0.00549	0.00497	0.98954
1140 A	0.00563	0.00469	0.98968
1141 A	0.00582	0.00432	0.98985
1142 T	0.00621	0.00364	0.99014
1143 T	0.00633	0.00336	0.99031
1144 A	0.00637	0.00322	0.99041
1145 T	0.00641	0.00310	0.99049
1146 T	0.00642	0.00310	0.99048
1147 A	0.00643	0.00323	0.99035
1148 T	0.00643	0.00332	0.99025
1149 T	0.00642	0.00356	0.99003
1150 A	0.00637	0.00419	0.98943
1151 A	0.00632	0.00441	0.98927
1152 A	0.00632	0.00447	0.98921
1153 G	0.00639	0.00442	0.98918
1154 A	0.00651	0.00448	0.98901
1155 G	0.00672	0.00442	0.98887
1156 T	0.00715	0.00468	0.98816
1157 T	0.00730	0.00510	0.98761
1158 A	0.00739	0.00598	0.98663
1159 A	0.00751	0.00630	0.98619
1160 A	0.00767	0.00625	0.98608
1161 T	0.00789	0.00609	0.98602
1162 T	0.00799	0.00598	0.98603
1163 A	0.00804	0.00593	0.98602
1164 T	0.00813	0.00584	0.98604
1165 T	0.00813	0.00583	0.98604
1166 C	0.00812	0.00584	0.98604
1167 T	0.00812	0.00585	0.98603
1168 G	0.00810	0.00588	0.98603
1169 A	0.00813	0.00585	0.98602
1170 T	0.00831	0.00567	0.98602
1171 G	0.00844	0.00553	0.98603
1172 A	0.00874	0.00522	0.98605
1173 T	0.00938	0.00452	0.98611
1174 C	0.00957	0.00427	0.98616
1175 C	0.00967	0.00416	0.98616
1176 A	0.00975	0.00409	0.98616
1177 C	0.00997	0.00388	0.98615
1178 A	0.01022	0.00368	0.9861
1179 T	0.01117	0.00275	0.98607
1180 A	0.01176	0.00218	0.98606
1181 T	0.01277	0.00117	0.98606
1182 T	0.01313	0.00082	0.98606
1183 T	0.01325	0.00068	0.98607
1184 T	0.01326	0.00067	0.98607
1185 A	0.01320	0.00073	0.98607
1186 T	0.01318	0.00075	0.98607
1187 T	0.01308	0.00091	0.98601
1188 T	0.01270	0.00154	0.98576
1189 T	0.01177	0.00253	0.9857
1190 T	0.01039	0.00395	0.98566
1191 A	0.00759	0.00677	0.98565
1192 A	0.00568	0.00868	0.98564
1193 C	0.00367	0.01069	0.98563
1194 G	0.00274	0.01168	0.98558
1195 A	0.00238	0.01216	0.98546
1196 A	0.00214	0.01250	0.98537
1197 A	0.00200	0.01278	0.98522
1198 A	0.00193	0.01290	0.98517
1199 A	0.00189	0.01295	0.98516
1200 A	0.00189	0.01297	0.98514
1201 T	0.00194	0.01293	0.98513
1202 T	0.00195	0.01293	0.98511
1203 A	0.00194	0.01299	0.98507
1204 T	0.00194	0.01307	0.98499
1205 T	0.00191	0.01315	0.98494
1206 A	0.00174	0.01342	0.98484
1207 A	0.00164	0.01355	0.9848
1208 A	0.00162	0.01351	0.98488
1209 A	0.00163	0.01338	0.98499
1210 A	0.00169	0.01300	0.98531
1211 A	0.00196	0.01183	0.98621
1212 T	0.00206	0.01025	0.98768
1213 T	0.00211	0.00879	0.9891
1214 T	0.00210	0.00673	0.99117
1215 A	0.00201	0.00555	0.99244
1216 G	0.00199	0.00377	0.99424
1217 G	0.00199	0.00302	0.99499
1218 T	0.00208	0.00274	0.99517
1219 A	0.00214	0.00254	0.99533
1220 T	0.00228	0.00229	0.99543
1221 A	0.00228	0.00228	0.99544
1222 A	0.00225	0.00231	0.99544
1223 C	0.00223	0.00235	0.99543
1224 T	0.00222	0.00256	0.99522
1225 A	0.00220	0.00303	0.99477
1226 A	0.00225	0.00338	0.99437
1227 T	0.00236	0.00358	0.99407
1228 G	0.00239	0.00439	0.99321
1229 T	0.00248	0.00508	0.99244
1230 T	0.00244	0.00680	0.99076
1231 A	0.00211	0.00824	0.98966
1232 A	0.00197	0.00876	0.98926
1233 A	0.00187	0.00925	0.98889
1234 A	0.00189	0.00942	0.98869
1235 T	0.00198	0.00945	0.98857
1236 T	0.00203	0.00949	0.98849
1237 A	0.00203	0.00967	0.9883
1238 T	0.00209	0.00963	0.98828
1239 T	0.00198	0.00979	0.98823
1240 A	0.00178	0.01004	0.98817
1241 A	0.00162	0.01025	0.98813
1242 A	0.00152	0.01038	0.9881
1243 G	0.00145	0.01051	0.98803
1244 A	0.00143	0.01053	0.98804
1245 A	0.00150	0.01043	0.98807
1246 A	0.00159	0.01033	0.98808
1247 A	0.00180	0.01011	0.9881
1248 C	0.00226	0.00961	0.98813
1249 G	0.00271	0.00921	0.98809
1250 A	0.00311	0.00884	0.98805
1251 A	0.00410	0.00785	0.98805
1252 A	0.00520	0.00672	0.98807
1253 T	0.00708	0.00476	0.98816
1254 T	0.00797	0.00352	0.98851
1255 A	0.00800	0.00333	0.98867
1256 C	0.00817	0.00302	0.98881
1257 A	0.00827	0.00290	0.98884
1258 T	0.00837	0.00279	0.98884
1259 G	0.00828	0.00285	0.98887
1260 T	0.00841	0.00269	0.9889
1261 T	0.00836	0.00274	0.98889
1262 T	0.00803	0.00299	0.98898
1263 A	0.00742	0.00344	0.98914
1264 G	0.00698	0.00370	0.98932
1265 A	0.00668	0.00390	0.98941
1266 A	0.00661	0.00388	0.98951
1267 C	0.00660	0.00380	0.9896
1268 A	0.00662	0.00377	0.98961
1269 A	0.00667	0.00369	0.98964
1270 C	0.00673	0.00361	0.98966
1271 T	0.00676	0.00358	0.98966
1272 T	0.00677	0.00357	0.98965
1273 T	0.00674	0.00361	0.98966
1274 T	0.00670	0.00365	0.98966
1275 T	0.00663	0.00372	0.98965
1276 A	0.00652	0.00380	0.98968
1277 A	0.00648	0.00374	0.98978
1278 T	0.00646	0.00355	0.98999
1279 G	0.00642	0.00344	0.99014
1280 A	0.00639	0.00337	0.99025
1281 T	0.00639	0.00322	0.99039
1282 G	0.00638	0.00299	0.99063
1283 G	0.00640	0.00281	0.99079
1284 A	0.00642	0.00264	0.99094
1285 T	0.00649	0.00220	0.99131
1286 T	0.00650	0.00173	0.99177
1287 T	0.00650	0.00148	0.99201
1288 A	0.00650	0.00148	0.99202
1289 A	0.00649	0.00143	0.99208
1290 T	0.00649	0.00145	0.99205
1291 A	0.00645	0.00164	0.9919
1292 A	0.00644	0.00170	0.99187
1293 A	0.00643	0.00169	0.99188
1294 T	0.00643	0.00164	0.99193
1295 T	0.00642	0.00160	0.99198
1296 G	0.00641	0.00155	0.99204
1297 G	0.00642	0.00150	0.99208
1298 T	0.00643	0.00145	0.99212
1299 T	0.00643	0.00144	0.99212
1300 T	0.00642	0.00156	0.99202
1301 T	0.00641	0.00157	0.99201
1302 A	0.00629	0.00168	0.99204
1303 G	0.00621	0.00173	0.99207
1304 A	0.00616	0.00176	0.99208
1305 C	0.00613	0.00177	0.9921
1306 A	0.00614	0.00176	0.9921
1307 G	0.00617	0.00173	0.99211
1308 C	0.00621	0.00168	0.99211
1309 G	0.00628	0.00162	0.9921
1310 A	0.00640	0.00150	0.9921
1311 T	0.00665	0.00125	0.9921
1312 A	0.00672	0.00117	0.9921
1313 A	0.00680	0.00110	0.99211
1314 T	0.00698	0.00087	0.99215
1315 T	0.00704	0.00079	0.99217
1316 T	0.00706	0.00076	0.99218
1317 A	0.00704	0.00077	0.99219
1318 T	0.00703	0.00075	0.99221
1319 C	0.00700	0.00077	0.99222
1320 A	0.00696	0.00083	0.9922
1321 G	0.00696	0.00085	0.99219
1322 A	0.00701	0.00080	0.99219
1323 T	0.00713	0.00067	0.9922
1324 T	0.00714	0.00065	0.99221
1325 T	0.00714	0.00052	0.99233
1326 G	0.00713	0.00046	0.99241
1327 G	0.00712	0.00041	0.99246
1328 C	0.00712	0.00039	0.99248
