# lcl|CP097583.1_cds_USQ93578.1_1
# AA	inside	membr	outside
1 T	0.51502	0.00000	0.48498
2 T	0.51502	0.00001	0.48498
3 G	0.51501	0.00001	0.48498
4 T	0.51501	0.00264	0.48235
5 T	0.51486	0.00566	0.47949
6 T	0.51486	0.00678	0.47837
7 T	0.51225	0.01005	0.4777
8 T	0.51225	0.01010	0.47765
9 A	0.50948	0.01342	0.4771
10 T	0.50948	0.05790	0.43263
11 T	0.50855	0.06182	0.42963
12 A	0.37517	0.19711	0.42772
13 A	0.24103	0.33494	0.42403
14 T	0.24101	0.33496	0.42403
15 A	0.24101	0.34905	0.40995
16 A	0.23573	0.35433	0.40995
17 A	0.23137	0.35869	0.40994
18 T	0.23127	0.35879	0.40994
19 A	0.22743	0.36264	0.40994
20 G	0.21736	0.37271	0.40994
21 C	0.21033	0.37973	0.40994
22 C	0.21008	0.37998	0.40994
23 C	0.21000	0.38006	0.40993
24 A	0.21015	0.37994	0.40992
25 T	0.21062	0.37946	0.40992
26 G	0.21059	0.37950	0.40991
27 T	0.21291	0.37715	0.40994
28 A	0.21496	0.37492	0.41011
29 C	0.21661	0.37210	0.41129
30 A	0.21999	0.36628	0.41373
31 T	0.22334	0.36128	0.41538
32 A	0.22492	0.35535	0.41972
33 T	0.26538	0.31093	0.4237
34 A	0.26881	0.30530	0.4259
35 T	0.27515	0.16754	0.55731
36 T	0.27737	0.04756	0.67506
37 A	0.27762	0.04358	0.6788
38 T	0.28324	0.03347	0.68329
39 T	0.28322	0.02663	0.69015
40 T	0.28318	0.02138	0.69544
41 G	0.28304	0.01960	0.69736
42 T	0.28295	0.01621	0.70084
43 T	0.28280	0.00971	0.70749
44 G	0.28213	0.00584	0.71203
45 G	0.28175	0.00631	0.71194
46 G	0.28169	0.00632	0.71199
47 G	0.28169	0.00629	0.71202
48 A	0.28171	0.00648	0.71181
49 T	0.28176	0.00723	0.71101
50 T	0.28177	0.00852	0.70971
51 T	0.28175	0.00853	0.70972
52 T	0.28164	0.00873	0.70963
53 T	0.28146	0.00900	0.70954
54 A	0.28136	0.01010	0.70854
55 G	0.28132	0.01042	0.70826
56 G	0.28135	0.01049	0.70816
57 T	0.28167	0.01065	0.70768
58 T	0.28198	0.01126	0.70676
59 T	0.28219	0.01232	0.70549
60 T	0.28229	0.01353	0.70419
61 T	0.28239	0.01615	0.70147
62 T	0.28251	0.02135	0.69615
63 T	0.28227	0.03329	0.68444
64 A	0.28179	0.04062	0.6776
65 T	0.28169	0.04578	0.67253
66 T	0.28108	0.05101	0.66791
67 A	0.28024	0.05455	0.66521
68 G	0.28027	0.05589	0.66384
69 T	0.28044	0.05788	0.66168
70 A	0.28029	0.05988	0.65984
71 T	0.28054	0.06048	0.65899
72 A	0.28108	0.06071	0.65821
73 A	0.28227	0.05988	0.65785
74 T	0.28258	0.05987	0.65755
75 T	0.28267	0.06000	0.65733
76 G	0.28263	0.05996	0.65741
77 T	0.28330	0.05932	0.65738
78 A	0.28347	0.05921	0.65733
79 G	0.28362	0.05905	0.65733
80 C	0.28427	0.05838	0.65734
81 A	0.28556	0.05714	0.65729
82 T	0.28742	0.05527	0.65731
83 G	0.28909	0.05359	0.65732
84 G	0.29244	0.05022	0.65734
85 A	0.29867	0.04396	0.65738
86 T	0.31271	0.02933	0.65795
87 T	0.31957	0.02172	0.65871
88 T	0.32509	0.01581	0.6591
89 T	0.32875	0.01147	0.65978
90 T	0.33055	0.00895	0.66051
91 A	0.33134	0.00789	0.66077
92 T	0.33316	0.00582	0.66102
93 T	0.33452	0.00441	0.66108
94 T	0.33517	0.00381	0.66101
95 T	0.33564	0.00324	0.66112
96 A	0.33538	0.00357	0.66105
97 T	0.33547	0.00343	0.6611
98 T	0.33542	0.00343	0.66114
99 C	0.33518	0.00359	0.66122
100 T	0.33515	0.00370	0.66116
101 T	0.33487	0.00410	0.66103
102 T	0.33438	0.00470	0.66092
103 T	0.33398	0.00525	0.66077
104 T	0.33356	0.00582	0.66062
105 A	0.33240	0.00719	0.66041
106 T	0.33179	0.00802	0.66019
107 T	0.33083	0.00943	0.65974
108 T	0.32108	0.01998	0.65894
109 A	0.31294	0.02840	0.65867
110 T	0.30513	0.03654	0.65833
111 A	0.29265	0.04929	0.65806
112 G	0.28804	0.05400	0.65796
113 C	0.28534	0.05675	0.6579
114 A	0.28273	0.05957	0.6577
115 A	0.28207	0.06035	0.65757
116 T	0.28198	0.06046	0.65756
117 G	0.28178	0.06072	0.65749
118 A	0.28175	0.06081	0.65744
119 T	0.28188	0.06021	0.65791
120 G	0.28188	0.06014	0.65798
121 T	0.28197	0.05975	0.65828
122 T	0.28201	0.05945	0.65854
123 A	0.28200	0.05930	0.6587
124 T	0.28205	0.05884	0.6591
125 C	0.28205	0.05820	0.65975
126 T	0.28213	0.05795	0.65991
127 A	0.28217	0.05801	0.65982
128 A	0.28227	0.05727	0.66046
129 G	0.28247	0.05632	0.66121
130 A	0.28290	0.05505	0.66204
131 G	0.28366	0.04133	0.67501
132 A	0.28397	0.03295	0.68308
133 T	0.28440	0.02399	0.69161
134 T	0.28464	0.01410	0.70127
135 T	0.28468	0.01080	0.70452
136 A	0.28460	0.01069	0.70471
137 G	0.28460	0.01033	0.70508
138 T	0.28464	0.01232	0.70304
139 G	0.28445	0.01596	0.69959
140 T	0.28370	0.02911	0.68719
141 G	0.28157	0.03488	0.68354
142 G	0.27991	0.03965	0.68044
143 A	0.27949	0.04317	0.67735
144 T	0.27921	0.04375	0.67704
145 C	0.27866	0.04430	0.67705
146 A	0.27862	0.04453	0.67684
147 T	0.27879	0.04438	0.67683
148 C	0.27883	0.04442	0.67676
149 C	0.27901	0.04438	0.67661
150 T	0.27934	0.04478	0.67588
151 T	0.27937	0.04596	0.67466
152 T	0.27909	0.04723	0.67368
153 T	0.27516	0.05157	0.67327
154 A	0.26832	0.05872	0.67296
155 G	0.26463	0.06244	0.67293
156 A	0.26206	0.06511	0.67283
157 C	0.26119	0.06597	0.67283
158 A	0.26081	0.06672	0.67247
159 A	0.26205	0.06614	0.67182
160 A	0.26430	0.06514	0.67055
161 A	0.26704	0.06402	0.66895
162 A	0.27060	0.06088	0.66852
163 A	0.28249	0.04813	0.66938
164 T	0.28652	0.04173	0.67175
165 T	0.28878	0.03780	0.67342
166 A	0.28969	0.03636	0.67395
167 T	0.28969	0.03591	0.6744
168 C	0.28852	0.03656	0.67493
169 T	0.28726	0.03776	0.67498
170 C	0.28443	0.04062	0.67495
171 T	0.27958	0.04587	0.67455
172 A	0.27483	0.05192	0.67324
173 G	0.27214	0.05638	0.67148
174 T	0.27160	0.05814	0.67026
175 A	0.26969	0.05983	0.67048
176 T	0.26890	0.05564	0.67546
177 T	0.26764	0.05050	0.68186
178 T	0.26561	0.04915	0.68524
179 C	0.26185	0.05107	0.68708
180 A	0.25931	0.05381	0.68687
181 A	0.25823	0.05509	0.68668
182 A	0.25766	0.05569	0.68666
183 A	0.25792	0.05559	0.68648
184 T	0.25919	0.05435	0.68646
185 T	0.25922	0.05397	0.68682
186 A	0.25778	0.05615	0.68606
187 A	0.25698	0.05719	0.68583
188 T	0.25635	0.05733	0.68632
189 T	0.25380	0.05965	0.68655
190 A	0.25015	0.06490	0.68494
191 T	0.24765	0.06711	0.68525
192 A	0.24435	0.07041	0.68524
193 A	0.24273	0.06943	0.68783
194 G	0.24243	0.06420	0.69338
195 A	0.24354	0.05900	0.69746
196 T	0.24534	0.05380	0.70086
197 T	0.24674	0.05043	0.70283
198 T	0.24697	0.04756	0.70546
199 T	0.24695	0.04582	0.70723
200 T	0.24678	0.04475	0.70846
201 T	0.24603	0.04477	0.70921
202 A	0.24503	0.04568	0.70929
203 G	0.24393	0.04586	0.71021
204 A	0.24321	0.04737	0.70941
205 A	0.24236	0.04998	0.70767
206 T	0.24171	0.05187	0.70642
207 T	0.24004	0.05737	0.70259
208 A	0.23817	0.06690	0.69493
209 A	0.23849	0.06835	0.69317
210 A	0.23901	0.06800	0.693
211 A	0.23973	0.06657	0.69371
212 T	0.24127	0.06142	0.69731
213 T	0.24350	0.05618	0.70032
214 G	0.24440	0.05318	0.70241
215 T	0.24574	0.04996	0.7043
216 T	0.24612	0.04830	0.70558
217 G	0.24615	0.04785	0.706
218 T	0.24650	0.04751	0.70599
219 T	0.24665	0.04757	0.70578
220 C	0.24660	0.04785	0.70554
221 A	0.24670	0.04882	0.70448
222 T	0.24722	0.04924	0.70353
223 A	0.24728	0.05063	0.70209
224 A	0.24735	0.05152	0.70114
225 T	0.24875	0.05107	0.70018
226 A	0.24791	0.05559	0.6965
227 A	0.24664	0.05783	0.69553
228 A	0.24769	0.05723	0.69508
229 G	0.24914	0.05641	0.69445
230 A	0.25288	0.05557	0.69155
231 T	0.26035	0.04899	0.69067
232 T	0.26201	0.05014	0.68785
233 T	0.26123	0.05676	0.68201
234 A	0.25856	0.06167	0.67978
235 A	0.25754	0.06284	0.67962
236 T	0.25722	0.06308	0.6797
237 T	0.25594	0.06420	0.67986
238 C	0.25486	0.06520	0.67994
239 C	0.25434	0.06573	0.67993
240 G	0.25405	0.06603	0.67993
241 C	0.25399	0.06611	0.6799
242 T	0.25427	0.06590	0.67983
243 T	0.25424	0.06599	0.67978
244 C	0.25457	0.06573	0.6797
245 A	0.25520	0.06537	0.67943
246 A	0.25628	0.06433	0.6794
247 A	0.25760	0.06242	0.67998
248 A	0.25950	0.06008	0.68042
249 T	0.26522	0.05307	0.68171
250 A	0.26762	0.04768	0.68469
251 A	0.27016	0.04274	0.68711
252 A	0.27363	0.03740	0.68897
253 T	0.27999	0.03005	0.68997
254 T	0.28233	0.02759	0.69008
255 A	0.28418	0.02658	0.68923
256 A	0.28878	0.02248	0.68873
257 T	0.29097	0.01824	0.69078
258 T	0.29122	0.01834	0.69044
259 A	0.29119	0.02239	0.68642
260 T	0.29127	0.02369	0.68505
261 T	0.29107	0.02575	0.68318
262 T	0.29076	0.02611	0.68313
263 A	0.29034	0.02658	0.68308
264 T	0.29018	0.02666	0.68316
265 T	0.28976	0.02767	0.68257
266 C	0.28924	0.02882	0.68194
267 T	0.28909	0.02959	0.68132
268 A	0.28898	0.03078	0.68023
269 A	0.28901	0.03119	0.6798
270 T	0.28919	0.03119	0.67963
271 C	0.28924	0.03140	0.67935
272 A	0.28929	0.03178	0.67892
273 T	0.28958	0.03174	0.67868
274 A	0.28961	0.03175	0.67864
275 A	0.28991	0.03147	0.67862
276 A	0.29063	0.03079	0.67858
277 A	0.29182	0.02938	0.6788
278 C	0.29406	0.02657	0.67937
279 T	0.29739	0.02332	0.67929
280 A	0.29856	0.02243	0.67901
281 A	0.30058	0.02048	0.67895
282 T	0.30513	0.01586	0.67902
283 T	0.30745	0.01357	0.67898
284 T	0.30948	0.01119	0.67933
285 T	0.31003	0.01017	0.6798
286 G	0.31035	0.00928	0.68037
287 A	0.31080	0.00852	0.68068
288 T	0.31183	0.00691	0.68125
289 C	0.31273	0.00551	0.68176
290 C	0.31365	0.00446	0.68189
291 T	0.31504	0.00306	0.6819
292 T	0.31551	0.00269	0.68181
293 T	0.31566	0.00255	0.68179
294 T	0.31579	0.00247	0.68174
295 A	0.31596	0.00241	0.68164
296 T	0.31612	0.00213	0.68175
297 C	0.31582	0.00234	0.68183
298 A	0.31576	0.00247	0.68177
299 T	0.31581	0.00243	0.68176
300 C	0.31575	0.00254	0.68171
301 G	0.31573	0.00258	0.68169
302 C	0.31594	0.00238	0.68168
303 T	0.31625	0.00212	0.68163
304 T	0.31635	0.00205	0.68159
305 C	0.31639	0.00205	0.68157
306 T	0.31646	0.00204	0.6815
307 A	0.31649	0.00206	0.68146
308 T	0.31650	0.00204	0.68146
309 T	0.31644	0.00208	0.68148
310 T	0.31639	0.00212	0.68148
311 T	0.31628	0.00221	0.6815
312 C	0.31608	0.00240	0.68152
313 C	0.31593	0.00255	0.68152
314 C	0.31582	0.00267	0.6815
315 T	0.31571	0.00285	0.68145
316 A	0.31522	0.00337	0.68142
317 G	0.31446	0.00415	0.68139
318 A	0.31252	0.00614	0.68134
319 A	0.31145	0.00727	0.68128
320 C	0.31120	0.00714	0.68166
321 T	0.31112	0.00722	0.68166
322 A	0.31083	0.00751	0.68166
323 T	0.31065	0.00765	0.6817
324 T	0.31037	0.00792	0.68171
325 T	0.30998	0.00833	0.68168
326 C	0.30923	0.00912	0.68165
327 T	0.30870	0.00975	0.68155
328 T	0.30707	0.01139	0.68154
329 T	0.30397	0.01451	0.68151
330 T	0.30103	0.01745	0.68153
331 A	0.29600	0.02247	0.68153
332 C	0.29422	0.02410	0.68168
333 A	0.29280	0.02545	0.68175
334 C	0.29204	0.02607	0.68189
335 C	0.29020	0.02786	0.68194
336 T	0.28760	0.03057	0.68183
337 A	0.27771	0.04080	0.68149
338 A	0.27190	0.04683	0.68128
339 A	0.26531	0.05351	0.68117
340 G	0.26251	0.05572	0.68177
341 A	0.26013	0.05623	0.68364
342 T	0.25888	0.05653	0.68459
343 G	0.25732	0.05862	0.68406
344 A	0.25631	0.06084	0.68285
345 A	0.25595	0.06197	0.68208
346 T	0.25577	0.06262	0.68161
347 T	0.25550	0.06343	0.68107
348 A	0.25524	0.06327	0.68149
349 T	0.25513	0.06169	0.68318
350 A	0.25496	0.06071	0.68434
351 T	0.25483	0.05777	0.6874
352 C	0.25458	0.05484	0.69058
353 G	0.25385	0.05427	0.69188
354 T	0.25291	0.05395	0.69313
355 G	0.25145	0.05679	0.69175
356 G	0.25058	0.05885	0.69057
357 A	0.25016	0.06049	0.68934
358 A	0.24999	0.06090	0.68911
359 A	0.24998	0.05883	0.69119
360 A	0.25024	0.04953	0.70022
361 A	0.25049	0.04358	0.70593
362 T	0.25086	0.03599	0.71315
363 A	0.25105	0.03301	0.71594
364 G	0.25149	0.02974	0.71877
365 G	0.25207	0.02747	0.72045
366 T	0.25330	0.02470	0.722
367 T	0.25474	0.02226	0.723
368 G	0.25566	0.02093	0.72342
369 G	0.25648	0.01992	0.7236
370 C	0.25738	0.01880	0.72383
371 T	0.25771	0.01871	0.72358
372 T	0.25793	0.01905	0.72301
373 T	0.25821	0.01971	0.72209
374 T	0.25833	0.02177	0.7199
375 A	0.25822	0.02585	0.71594
376 A	0.25844	0.03004	0.71152
377 G	0.25946	0.02939	0.71116
378 T	0.26171	0.02718	0.71111
379 T	0.26140	0.02998	0.70863
380 A	0.25913	0.03239	0.70849
381 T	0.25895	0.03270	0.70834
382 T	0.25625	0.03563	0.70811
383 A	0.25197	0.03991	0.70812
384 C	0.24736	0.04449	0.70816
385 T	0.24419	0.04794	0.70787
386 T	0.23758	0.05503	0.7074
387 C	0.21599	0.07754	0.70647
388 A	0.19232	0.10158	0.70611
389 A	0.18309	0.11096	0.70595
390 T	0.17971	0.11445	0.70584
391 G	0.17460	0.11954	0.70586
392 C	0.17148	0.12264	0.70588
393 T	0.16765	0.12644	0.70591
394 G	0.15949	0.13458	0.70593
395 C	0.15618	0.13791	0.70591
396 C	0.15637	0.13803	0.7056
397 A	0.15773	0.13779	0.70448
398 A	0.16136	0.13501	0.70363
399 T	0.16717	0.12975	0.70308
400 T	0.16843	0.12952	0.70205
401 G	0.16916	0.12923	0.70161
402 T	0.17130	0.12514	0.70356
403 A	0.17039	0.12406	0.70554
404 T	0.17041	0.12231	0.70728
405 T	0.16974	0.12060	0.70966
406 A	0.16797	0.12133	0.7107
407 A	0.16671	0.12010	0.71319
408 A	0.16594	0.12026	0.7138
409 A	0.16415	0.11854	0.7173
410 T	0.16334	0.10344	0.73323
411 T	0.15983	0.09280	0.74737
412 A	0.15414	0.10030	0.74556
413 T	0.14941	0.11294	0.73765
414 A	0.13547	0.14425	0.72028
415 A	0.12823	0.15729	0.71448
416 G	0.12374	0.16123	0.71503
417 A	0.11084	0.17503	0.71413
418 G	0.09582	0.19526	0.70893
419 G	0.08444	0.22608	0.68948
420 A	0.07372	0.27654	0.64975
421 A	0.06504	0.33212	0.60284
422 A	0.06147	0.33924	0.59929
423 T	0.05998	0.34376	0.59626
424 A	0.05525	0.35167	0.59308
425 A	0.05238	0.35545	0.59218
426 C	0.05124	0.35564	0.59312
427 A	0.04931	0.35850	0.59219
428 A	0.04760	0.36035	0.59205
429 A	0.04683	0.36060	0.59258
430 G	0.04665	0.35986	0.59349
431 A	0.04625	0.35980	0.59395
432 A	0.04866	0.35413	0.59721
433 A	0.05433	0.34588	0.59978
434 C	0.06364	0.33147	0.6049
435 A	0.07333	0.32170	0.60498
436 A	0.08227	0.31030	0.60743
437 T	0.10148	0.28255	0.61597
438 T	0.10804	0.27333	0.61863
439 A	0.10724	0.27423	0.61853
440 A	0.11407	0.25583	0.63009
441 A	0.12143	0.23482	0.64375
442 A	0.13806	0.20653	0.65541
443 A	0.17443	0.15751	0.66806
444 T	0.22228	0.09794	0.67978
445 G	0.22689	0.08791	0.6852
446 T	0.23149	0.07945	0.68906
447 T	0.23334	0.07313	0.69353
448 T	0.23078	0.07351	0.69571
449 T	0.21891	0.08634	0.69476
450 A	0.19618	0.11371	0.69012
451 A	0.18427	0.13040	0.68533
452 A	0.16777	0.14865	0.68358
453 A	0.15067	0.16756	0.68177
454 G	0.12919	0.19080	0.68001
455 G	0.11483	0.20662	0.67855
456 G	0.10231	0.22480	0.67289
457 A	0.09931	0.23227	0.66842
458 T	0.10271	0.23070	0.66659
459 T	0.10288	0.23378	0.66334
460 A	0.10150	0.24149	0.657
461 A	0.10183	0.24814	0.65003
462 T	0.10217	0.25803	0.6398
463 A	0.10102	0.26837	0.63061
464 A	0.10167	0.27349	0.62484
465 T	0.10252	0.27942	0.61805
466 A	0.10125	0.28670	0.61205
467 T	0.10060	0.28962	0.60978
468 T	0.09762	0.29747	0.60492
469 A	0.09224	0.30553	0.60224
470 A	0.08891	0.30834	0.60275
471 A	0.08822	0.30600	0.60579
472 A	0.08965	0.29311	0.61724
473 A	0.09483	0.26951	0.63567
474 A	0.10159	0.25048	0.64792
475 A	0.10730	0.22822	0.66449
476 A	0.11477	0.20342	0.68182
477 T	0.12332	0.17291	0.70376
478 A	0.12697	0.15523	0.71779
479 T	0.13280	0.13584	0.73136
480 G	0.13480	0.12833	0.73687
481 G	0.13670	0.12461	0.73868
482 C	0.14021	0.11913	0.74066
483 G	0.14668	0.11191	0.7414
484 A	0.15610	0.10344	0.74046
485 T	0.17429	0.08507	0.74064
486 G	0.18495	0.07548	0.73957
487 G	0.19369	0.06854	0.73778
488 T	0.20432	0.05806	0.73762
489 T	0.21051	0.05222	0.73727
490 G	0.21239	0.05050	0.73711
491 T	0.21726	0.04659	0.73616
492 T	0.21921	0.04146	0.73933
493 T	0.21919	0.04037	0.74044
494 T	0.21829	0.04030	0.74141
495 T	0.21482	0.04457	0.7406
496 C	0.20508	0.05735	0.73757
497 A	0.18960	0.08363	0.72678
498 T	0.17862	0.10347	0.7179
499 G	0.16774	0.12563	0.70664
500 A	0.16252	0.13245	0.70502
501 A	0.15812	0.13810	0.70378
502 G	0.15561	0.14072	0.70367
503 G	0.15401	0.14174	0.70424
504 C	0.15184	0.14450	0.70366
505 G	0.15015	0.15385	0.69599
506 G	0.15025	0.15944	0.69031
507 A	0.15112	0.16776	0.68111
508 A	0.15227	0.17825	0.66947
509 T	0.15499	0.18608	0.65893
510 A	0.15505	0.20209	0.64286
511 A	0.15643	0.21123	0.63235
512 T	0.15910	0.21352	0.62738
513 A	0.15956	0.21998	0.62046
514 A	0.16186	0.22041	0.61774
515 A	0.16237	0.22071	0.61692
516 T	0.16431	0.21856	0.61712
517 A	0.16302	0.21836	0.61863
518 A	0.16389	0.21344	0.62267
519 A	0.16719	0.20003	0.63278
520 A	0.17656	0.17465	0.64878
521 C	0.18485	0.15380	0.66135
522 T	0.19524	0.13668	0.66807
523 A	0.19669	0.13274	0.67057
524 G	0.19846	0.12834	0.6732
525 T	0.20110	0.12452	0.67439
526 G	0.20172	0.12398	0.67429
527 A	0.20387	0.12017	0.67596
528 T	0.21281	0.11046	0.67673
529 A	0.21767	0.10991	0.67241
530 A	0.22460	0.10356	0.67184
531 A	0.23584	0.09144	0.67272
532 A	0.24803	0.07803	0.67394
533 T	0.26572	0.05760	0.67668
534 T	0.27641	0.04504	0.67856
535 G	0.28085	0.03960	0.67956
536 T	0.28685	0.03241	0.68074
537 T	0.28895	0.02938	0.68167
538 A	0.28942	0.02803	0.68255
539 G	0.29020	0.02624	0.68357
540 T	0.29092	0.02347	0.68561
541 T	0.29097	0.02233	0.68669
542 C	0.29082	0.02174	0.68744
543 T	0.29087	0.02148	0.68765
544 T	0.29077	0.02152	0.68771
545 C	0.29067	0.02148	0.68786
546 T	0.29095	0.02127	0.68777
547 G	0.29111	0.02124	0.68766
548 A	0.29173	0.02070	0.68758
549 T	0.29331	0.01891	0.68779
550 G	0.29423	0.01774	0.68802
551 G	0.29598	0.01527	0.68874
552 T	0.30137	0.00966	0.68897
553 T	0.30306	0.00842	0.68852
554 C	0.30351	0.00832	0.68817
555 T	0.30419	0.00932	0.68649
556 T	0.30424	0.01333	0.68243
557 T	0.30416	0.01980	0.67605
558 T	0.30381	0.02541	0.67079
559 A	0.30351	0.03881	0.65768
560 A	0.30340	0.04612	0.65048
561 A	0.30326	0.05102	0.64572
562 A	0.30313	0.05154	0.64533
563 T	0.30321	0.05148	0.64531
564 T	0.30229	0.05260	0.64511
565 G	0.30148	0.05384	0.64467
566 C	0.30107	0.05456	0.64436
567 T	0.30095	0.05666	0.64238
568 G	0.30072	0.05936	0.63992
569 T	0.30070	0.06119	0.63811
570 A	0.30062	0.06375	0.63563
571 A	0.30067	0.06546	0.63387
572 A	0.30077	0.06607	0.63315
573 A	0.30089	0.06588	0.63323
574 A	0.30112	0.06548	0.6334
575 G	0.30182	0.06460	0.63357
576 T	0.30339	0.06283	0.63378
577 C	0.30439	0.06158	0.63403
578 A	0.30644	0.05948	0.63408
579 G	0.31097	0.05472	0.6343
580 T	0.31798	0.04757	0.63444
581 C	0.32232	0.04297	0.6347
582 T	0.33383	0.03145	0.63472
583 A	0.33882	0.02650	0.63468
584 A	0.34252	0.02285	0.63463
585 T	0.34327	0.02195	0.63478
586 A	0.34286	0.02238	0.63477
587 T	0.34385	0.02020	0.63595
588 T	0.34461	0.01853	0.63686
589 C	0.34483	0.01773	0.63744
590 T	0.34630	0.01615	0.63755
591 T	0.34730	0.01503	0.63767
592 C	0.34701	0.01529	0.63771
593 C	0.34772	0.01454	0.63774
594 T	0.34618	0.01612	0.6377
595 A	0.34430	0.01799	0.63772
596 T	0.34359	0.01868	0.63773
597 C	0.34144	0.02084	0.63773
598 A	0.34043	0.02186	0.63771
599 C	0.33960	0.02262	0.63778
600 T	0.33540	0.02689	0.63771
601 T	0.32874	0.03381	0.63745
602 T	0.30903	0.05393	0.63705
603 A	0.28207	0.08169	0.63624
604 A	0.26263	0.10178	0.63559
605 A	0.25601	0.10821	0.63578
606 A	0.25038	0.11303	0.63659
607 G	0.24654	0.11571	0.63775
608 G	0.24260	0.11903	0.63836
609 T	0.24108	0.11950	0.63942
610 G	0.23780	0.12239	0.6398
611 C	0.23708	0.12262	0.6403
612 A	0.23659	0.12301	0.64041
613 T	0.23642	0.12241	0.64117
614 G	0.23628	0.12125	0.64247
615 T	0.23625	0.12006	0.6437
616 G	0.23613	0.11951	0.64436
617 C	0.23609	0.11621	0.6477
618 T	0.23597	0.11464	0.64939
619 A	0.23535	0.11455	0.6501
620 T	0.23491	0.11318	0.65192
621 G	0.23289	0.11459	0.65253
622 A	0.23133	0.11582	0.65285
623 G	0.23029	0.10828	0.66144
624 A	0.22954	0.10115	0.66931
625 G	0.22846	0.08129	0.69025
626 G	0.22799	0.06372	0.70829
627 T	0.22743	0.05463	0.71794
628 A	0.22350	0.06518	0.71132
629 A	0.22033	0.06632	0.71334
630 A	0.21846	0.06628	0.71526
631 T	0.21739	0.06387	0.71875
632 G	0.21402	0.06812	0.71786
633 C	0.21246	0.07234	0.7152
634 T	0.21068	0.09526	0.69406
635 G	0.20798	0.11464	0.67738
636 G	0.20555	0.14257	0.65188
637 T	0.20426	0.16351	0.63222
638 T	0.20197	0.18191	0.61611
639 T	0.19754	0.20364	0.59882
640 A	0.19019	0.22465	0.58516
641 A	0.18558	0.23409	0.58034
642 A	0.18288	0.23840	0.57873
643 A	0.18116	0.24048	0.57835
644 G	0.18031	0.24008	0.57961
645 A	0.18057	0.23930	0.58013
646 A	0.18103	0.23838	0.58059
647 A	0.18306	0.23561	0.58133
648 A	0.18601	0.23153	0.58246
649 A	0.18963	0.22701	0.58336
650 A	0.19446	0.22157	0.58397
651 A	0.20340	0.20933	0.58726
652 G	0.20673	0.20236	0.5909
653 T	0.21021	0.19665	0.59315
654 A	0.21225	0.19345	0.59431
655 G	0.21959	0.18325	0.59715
656 A	0.23374	0.16758	0.59867
657 T	0.26441	0.13429	0.60129
658 G	0.28121	0.11464	0.60416
659 T	0.31247	0.08039	0.60715
660 T	0.33014	0.06235	0.60751
661 T	0.33972	0.05310	0.60717
662 T	0.34389	0.04766	0.60846
663 T	0.34383	0.04329	0.61288
664 A	0.33687	0.04823	0.6149
665 T	0.33062	0.05421	0.61518
666 T	0.31218	0.07447	0.61335
667 C	0.25998	0.13315	0.60687
668 A	0.21992	0.18211	0.59798
669 T	0.19834	0.20422	0.59744
670 G	0.17405	0.22910	0.59684
671 A	0.16612	0.23752	0.59636
672 A	0.16384	0.24005	0.5961
673 C	0.16403	0.23942	0.59656
674 T	0.16435	0.23939	0.59626
675 T	0.16275	0.24181	0.59544
676 A	0.15800	0.24832	0.59368
677 T	0.15659	0.25040	0.59301
678 A	0.15352	0.25471	0.59177
679 A	0.15055	0.25830	0.59115
680 A	0.14988	0.25910	0.59101
681 T	0.15070	0.25764	0.59166
682 T	0.14862	0.26012	0.59126
683 A	0.14430	0.26371	0.59199
684 T	0.14122	0.26335	0.59543
685 G	0.13755	0.26475	0.5977
686 A	0.13681	0.26345	0.59974
687 A	0.13757	0.25630	0.60612
688 A	0.14092	0.24327	0.61581
689 A	0.14464	0.21633	0.63903
690 T	0.15355	0.15079	0.69566
691 T	0.15984	0.11256	0.72759
692 T	0.15523	0.12001	0.72476
693 T	0.14303	0.17325	0.68373
694 A	0.12033	0.24254	0.63713
695 A	0.10565	0.28383	0.61052
696 A	0.08385	0.32585	0.59029
697 A	0.06544	0.35662	0.57795
698 A	0.05802	0.36802	0.57396
699 T	0.05692	0.37208	0.571
700 A	0.05213	0.38769	0.56018
701 A	0.05107	0.39511	0.55382
702 A	0.05134	0.40302	0.54564
703 A	0.05186	0.40334	0.5448
704 A	0.05205	0.40165	0.5463
705 T	0.05368	0.39453	0.55179
706 A	0.05406	0.38892	0.55702
707 C	0.05435	0.38320	0.56245
708 C	0.05438	0.38133	0.56429
709 C	0.05579	0.38124	0.56297
710 A	0.05708	0.38334	0.55958
711 A	0.06051	0.38288	0.55661
712 G	0.06430	0.38149	0.55421
713 A	0.06969	0.38076	0.54956
714 A	0.08105	0.37480	0.54415
715 A	0.11082	0.34169	0.54749
716 T	0.16992	0.27239	0.55769
717 A	0.20372	0.21975	0.57653
718 A	0.21939	0.19114	0.58947
719 A	0.23264	0.15769	0.60968
720 T	0.23721	0.13534	0.62744
721 C	0.21078	0.15929	0.62992
722 G	0.16980	0.21258	0.61762
723 A	0.15377	0.24242	0.60381
724 G	0.15350	0.25781	0.5887
725 A	0.15744	0.26619	0.57637
726 A	0.15704	0.27795	0.56501
727 G	0.15776	0.27733	0.5649
728 T	0.15895	0.27672	0.56433
729 A	0.15530	0.27990	0.5648
730 A	0.15367	0.28064	0.5657
731 C	0.15216	0.28076	0.56708
732 T	0.15290	0.27970	0.5674
733 C	0.15185	0.28081	0.56734
734 A	0.15348	0.27937	0.56715
735 A	0.15546	0.27743	0.56712
736 A	0.15996	0.27289	0.56714
737 T	0.16703	0.26542	0.56755
738 A	0.17201	0.26009	0.5679
739 A	0.17752	0.25206	0.57042
740 T	0.18158	0.24068	0.57773
741 T	0.18466	0.23108	0.58426
742 A	0.18729	0.22241	0.5903
743 A	0.19418	0.20214	0.60368
744 T	0.20545	0.15707	0.63749
745 T	0.21974	0.10078	0.67948
746 C	0.23240	0.06661	0.70099
747 T	0.24619	0.04840	0.7054
748 G	0.25452	0.03692	0.70856
749 T	0.26353	0.02552	0.71096
750 T	0.26469	0.02293	0.71239
751 T	0.26582	0.02093	0.71325
752 T	0.26616	0.01574	0.7181
753 A	0.26636	0.01256	0.72108
754 T	0.26668	0.00801	0.7253
755 A	0.26696	0.00504	0.728
756 A	0.26768	0.00000	0.73232
