# lcl|CP097583.1_cds_USQ93300.1_1
# AA	inside	membr	outside
1 A	0.78923	0.00000	0.21077
2 T	0.78897	0.00025	0.21077
3 G	0.78885	0.00038	0.21077
4 T	0.78885	0.00062	0.21053
5 C	0.78445	0.00556	0.20999
6 T	0.78445	0.00590	0.20965
7 T	0.77312	0.01738	0.20949
8 C	0.77312	0.01740	0.20948
9 G	0.76987	0.02102	0.20911
10 A	0.76987	0.05114	0.179
11 T	0.76949	0.05294	0.17757
12 T	0.73344	0.09020	0.17636
13 G	0.65178	0.17272	0.1755
14 T	0.65177	0.17273	0.1755
15 A	0.65177	0.17753	0.17069
16 A	0.64993	0.17938	0.17069
17 C	0.64795	0.18137	0.17068
18 T	0.64790	0.18151	0.17059
19 G	0.64623	0.18331	0.17046
20 G	0.64135	0.18971	0.16894
21 T	0.63609	0.19498	0.16893
22 T	0.63578	0.19554	0.16867
23 T	0.63527	0.19608	0.16865
24 A	0.63355	0.19787	0.16858
25 T	0.63284	0.19715	0.17001
26 T	0.63079	0.19845	0.17076
27 A	0.62646	0.20082	0.17272
28 G	0.62568	0.19714	0.17718
29 C	0.62498	0.19618	0.17884
30 A	0.62494	0.19031	0.18474
31 T	0.62550	0.18834	0.18616
32 T	0.62425	0.18626	0.18949
33 A	0.64335	0.16551	0.19113
34 G	0.64393	0.16357	0.1925
35 T	0.64646	0.12271	0.23083
36 T	0.64567	0.05317	0.30116
37 T	0.64198	0.05559	0.30244
38 T	0.63429	0.06295	0.30276
39 A	0.51047	0.18664	0.30289
40 G	0.47238	0.22299	0.30462
41 G	0.45162	0.24360	0.30478
42 T	0.42605	0.26880	0.30515
43 A	0.40389	0.28809	0.30802
44 T	0.38691	0.30311	0.30997
45 T	0.35413	0.33912	0.30676
46 A	0.32324	0.37002	0.30673
47 T	0.30461	0.38738	0.30801
48 A	0.28298	0.40854	0.30847
49 A	0.27112	0.41883	0.31005
50 T	0.26514	0.42082	0.31403
51 A	0.25365	0.43041	0.31594
52 G	0.24555	0.43643	0.31802
53 G	0.24324	0.43648	0.32028
54 A	0.24237	0.43588	0.32176
55 G	0.24230	0.43292	0.32478
56 C	0.24281	0.42839	0.32881
57 T	0.24327	0.42659	0.33015
58 A	0.24354	0.42548	0.33098
59 T	0.24426	0.42207	0.33366
60 A	0.24464	0.41749	0.33787
61 T	0.24555	0.40602	0.34843
62 T	0.24689	0.27799	0.47512
63 G	0.24755	0.23946	0.51299
64 A	0.24860	0.21593	0.53547
65 T	0.25058	0.17406	0.57536
66 G	0.25119	0.14226	0.60656
67 T	0.25396	0.11637	0.62966
68 T	0.25730	0.08909	0.65361
69 T	0.25808	0.06638	0.67553
70 T	0.25837	0.04994	0.69169
71 T	0.25852	0.03634	0.70514
72 T	0.25857	0.03115	0.71028
73 T	0.25855	0.03629	0.70516
74 G	0.25734	0.06948	0.67318
75 G	0.25651	0.14395	0.59954
76 T	0.25555	0.32901	0.41544
77 T	0.25364	0.41012	0.33624
78 T	0.25190	0.49056	0.25753
79 A	0.24908	0.60035	0.15057
80 A	0.24797	0.65523	0.0968
81 A	0.24772	0.69371	0.05856
82 A	0.24767	0.71436	0.03796
83 A	0.24777	0.72137	0.03085
84 A	0.24796	0.72531	0.02673
85 T	0.24829	0.72670	0.025
86 A	0.24832	0.72778	0.02391
87 T	0.24829	0.72790	0.02381
88 T	0.24817	0.72813	0.02369
89 T	0.24783	0.72858	0.02359
90 A	0.24636	0.73025	0.02339
91 C	0.24508	0.73171	0.02321
92 A	0.24283	0.73469	0.02249
93 A	0.23445	0.74386	0.0217
94 A	0.23243	0.74660	0.02097
95 A	0.23498	0.74463	0.02039
96 A	0.24875	0.73082	0.02043
97 A	0.30862	0.66924	0.02215
98 A	0.42936	0.54703	0.02361
99 T	0.64938	0.32425	0.02637
100 C	0.71593	0.25529	0.02878
101 C	0.76859	0.20148	0.02993
102 T	0.83853	0.13070	0.03076
103 C	0.86821	0.10083	0.03096
104 C	0.88861	0.08058	0.0308
105 T	0.89177	0.07800	0.03023
106 A	0.87687	0.09336	0.02977
107 T	0.85981	0.11084	0.02935
108 T	0.78222	0.18960	0.02818
109 A	0.59933	0.37354	0.02713
110 C	0.35645	0.61570	0.02786
111 A	0.20220	0.77128	0.02652
112 G	0.14335	0.83020	0.02645
113 A	0.10717	0.86650	0.02633
114 A	0.08232	0.89031	0.02738
115 A	0.05892	0.91203	0.02905
116 G	0.04648	0.91493	0.03859
117 A	0.04267	0.91467	0.04267
118 C	0.04034	0.91404	0.04562
119 A	0.03738	0.91833	0.04428
120 A	0.03464	0.92329	0.04207
121 A	0.03304	0.92520	0.04176
122 T	0.03101	0.92733	0.04166
123 T	0.02894	0.92950	0.04157
124 A	0.02698	0.93048	0.04254
125 A	0.02576	0.93071	0.04352
126 A	0.02515	0.92289	0.05196
127 G	0.02495	0.91032	0.06474
128 A	0.02518	0.89069	0.08413
129 A	0.02563	0.86309	0.11127
130 A	0.02627	0.83110	0.14263
131 T	0.02819	0.72704	0.24478
132 G	0.02950	0.54415	0.42634
133 T	0.03055	0.30092	0.66853
134 T	0.03172	0.19067	0.77762
135 T	0.03201	0.15394	0.81405
136 A	0.03209	0.14243	0.82547
137 A	0.03205	0.12692	0.84104
138 A	0.03201	0.10539	0.86261
139 C	0.03211	0.09615	0.87174
140 A	0.03218	0.13478	0.83305
141 A	0.03242	0.17594	0.79164
142 A	0.03382	0.20305	0.76313
143 T	0.03478	0.22605	0.73918
144 G	0.03326	0.25321	0.71354
145 G	0.03269	0.31685	0.65046
146 G	0.03173	0.48918	0.47908
147 A	0.03138	0.76119	0.20743
148 A	0.03257	0.88081	0.08662
149 G	0.03160	0.92093	0.04748
150 A	0.03228	0.93066	0.03706
151 A	0.03386	0.93000	0.03614
152 A	0.03711	0.92778	0.03511
153 T	0.04319	0.92259	0.03422
154 C	0.04412	0.92363	0.03225
155 C	0.04545	0.92382	0.03073
156 T	0.04811	0.92163	0.03025
157 A	0.04856	0.92157	0.02986
158 G	0.04652	0.92377	0.02971
159 C	0.04673	0.92372	0.02955
160 C	0.04814	0.92260	0.02927
161 A	0.05099	0.92024	0.02877
162 A	0.05804	0.91323	0.02873
163 A	0.09483	0.87645	0.02871
164 A	0.13763	0.83362	0.02875
165 A	0.17320	0.79773	0.02907
166 C	0.21157	0.75685	0.03158
167 A	0.24459	0.72202	0.03339
168 A	0.31166	0.65410	0.03424
169 A	0.48026	0.48430	0.03545
170 T	0.74325	0.22036	0.03639
171 T	0.84298	0.11987	0.03715
172 A	0.85584	0.10376	0.0404
173 A	0.84202	0.11643	0.04156
174 A	0.80584	0.15137	0.04278
175 C	0.77206	0.18373	0.04421
176 A	0.74266	0.21393	0.04341
177 G	0.73125	0.22454	0.04422
178 A	0.72798	0.22942	0.0426
179 T	0.72313	0.23462	0.04225
180 T	0.68455	0.27477	0.04069
181 A	0.49734	0.46588	0.03678
182 T	0.34855	0.61289	0.03856
183 G	0.23199	0.72808	0.03993
184 A	0.14829	0.81434	0.03737
185 A	0.13944	0.82233	0.03824
186 C	0.13439	0.82590	0.03971
187 A	0.13030	0.83119	0.03851
188 G	0.12874	0.83239	0.03887
189 T	0.12779	0.83335	0.03886
190 A	0.12783	0.83301	0.03915
191 T	0.12803	0.83235	0.03961
192 G	0.12822	0.82947	0.04231
193 A	0.12849	0.82723	0.04427
194 A	0.12861	0.82092	0.05047
195 A	0.12890	0.80444	0.06667
196 A	0.12936	0.78259	0.08805
197 A	0.13021	0.74833	0.12146
198 T	0.13172	0.71155	0.15674
199 A	0.13304	0.67994	0.18702
200 A	0.13477	0.65415	0.21108
201 T	0.13809	0.62235	0.23956
202 A	0.13927	0.60261	0.25811
203 A	0.14200	0.55041	0.3076
204 A	0.14943	0.36873	0.48185
205 T	0.15243	0.21066	0.63691
206 A	0.15431	0.09824	0.74745
207 A	0.16072	0.00000	0.83928
