# lcl|CP097583.1_cds_USQ93228.1_1
# AA	inside	membr	outside
1 A	0.57377	0.00000	0.42623
2 T	0.57180	0.00197	0.42623
3 G	0.57115	0.00262	0.42623
4 A	0.57115	0.00783	0.42102
5 C	0.56890	0.01244	0.41865
6 T	0.56890	0.01330	0.4178
7 C	0.56359	0.01866	0.41774
8 G	0.56359	0.01867	0.41774
9 T	0.56039	0.02192	0.41768
10 T	0.56038	0.02707	0.41254
11 C	0.55954	0.02823	0.41223
12 A	0.54700	0.04139	0.4116
13 A	0.52882	0.06391	0.40726
14 T	0.52882	0.06392	0.40726
15 T	0.52882	0.09456	0.37661
16 A	0.52613	0.09725	0.37661
17 A	0.52214	0.10253	0.37533
18 A	0.52203	0.10368	0.37429
19 A	0.52073	0.10556	0.3737
20 A	0.51855	0.11474	0.3667
21 A	0.51727	0.11590	0.36683
22 G	0.51745	0.11520	0.36735
23 G	0.51782	0.11419	0.36799
24 T	0.51908	0.11248	0.36844
25 C	0.51949	0.10863	0.37188
26 C	0.51988	0.10751	0.37261
27 T	0.52369	0.10321	0.37309
28 T	0.52560	0.10077	0.37363
29 T	0.52607	0.10025	0.37369
30 T	0.52619	0.09841	0.3754
31 T	0.52556	0.09844	0.37601
32 G	0.52064	0.09571	0.38364
33 T	0.51830	0.09526	0.38644
34 G	0.50646	0.10719	0.38635
35 A	0.49871	0.11028	0.39101
36 T	0.49880	0.10121	0.39998
37 G	0.49307	0.10671	0.40021
38 A	0.51242	0.08671	0.40087
39 A	0.51031	0.08593	0.40377
40 T	0.51266	0.07928	0.40807
41 C	0.51236	0.07863	0.40902
42 C	0.51291	0.07715	0.40994
43 C	0.51775	0.07151	0.41074
44 T	0.51760	0.07257	0.40984
45 T	0.51730	0.07325	0.40945
46 T	0.51630	0.07463	0.40908
47 T	0.51070	0.08074	0.40856
48 A	0.49293	0.09939	0.40769
49 C	0.47596	0.11778	0.40626
50 T	0.45740	0.14244	0.40016
51 T	0.42621	0.17640	0.39739
52 A	0.36934	0.23833	0.39233
53 A	0.33173	0.27871	0.38956
54 A	0.28956	0.32501	0.38544
55 G	0.26666	0.34422	0.38911
56 T	0.24366	0.36210	0.39423
57 A	0.20547	0.39380	0.40073
58 A	0.19435	0.40285	0.40279
59 T	0.19066	0.40581	0.40353
60 G	0.17964	0.41352	0.40684
61 A	0.17158	0.42172	0.40669
62 A	0.16673	0.42634	0.40693
63 A	0.15175	0.44282	0.40543
64 C	0.13422	0.46377	0.40201
65 A	0.10547	0.51141	0.38312
66 A	0.08524	0.55062	0.36414
67 A	0.08062	0.57122	0.34816
68 A	0.07784	0.57963	0.34253
69 A	0.07614	0.58640	0.33746
70 A	0.07615	0.57910	0.34475
71 A	0.07695	0.55793	0.36512
72 A	0.07851	0.53428	0.3872
73 A	0.08302	0.51151	0.40548
74 A	0.08566	0.48709	0.42724
75 T	0.09019	0.45108	0.45873
76 A	0.09169	0.43044	0.47787
77 A	0.09502	0.39540	0.50958
78 A	0.09801	0.37314	0.52885
79 A	0.10048	0.34651	0.55301
80 C	0.10444	0.30649	0.58907
81 T	0.11036	0.29706	0.59258
82 G	0.11266	0.29728	0.59006
83 A	0.11387	0.29996	0.58617
84 A	0.11693	0.29877	0.5843
85 A	0.12041	0.29293	0.58666
86 A	0.12484	0.27060	0.60456
87 A	0.13259	0.24065	0.62677
88 G	0.15221	0.18711	0.66069
89 C	0.17231	0.15018	0.67751
90 T	0.18911	0.14291	0.66798
91 A	0.19372	0.17095	0.63534
92 T	0.19854	0.18924	0.61222
93 T	0.19983	0.22007	0.58009
94 A	0.19948	0.22789	0.57263
95 A	0.20051	0.22804	0.57145
96 A	0.20494	0.22251	0.57256
97 A	0.21519	0.21123	0.57358
98 C	0.23278	0.19208	0.57514
99 T	0.24660	0.17764	0.57577
100 C	0.25312	0.17069	0.57619
101 G	0.25955	0.16424	0.57621
102 T	0.26898	0.15473	0.5763
103 T	0.27363	0.15006	0.57631
104 C	0.27668	0.14662	0.5767
105 T	0.28111	0.14221	0.57668
106 C	0.28404	0.13888	0.57708
107 G	0.28659	0.13644	0.57697
108 T	0.28551	0.13765	0.57684
109 A	0.28165	0.14166	0.5767
110 G	0.28032	0.14277	0.57691
111 A	0.28127	0.14175	0.57697
112 A	0.28729	0.13513	0.57757
113 G	0.30232	0.11892	0.57875
114 C	0.33724	0.08247	0.58028
115 G	0.36155	0.05789	0.58056
116 T	0.39282	0.02634	0.58084
117 T	0.39971	0.01915	0.58114
118 A	0.40130	0.01786	0.58084
119 T	0.40198	0.01718	0.58084
120 T	0.40215	0.01660	0.58125
121 T	0.40205	0.01644	0.58151
122 T	0.39994	0.01840	0.58166
123 A	0.39660	0.02146	0.58193
124 C	0.39527	0.02241	0.58233
125 C	0.39391	0.02377	0.58232
126 T	0.39321	0.02478	0.58202
127 A	0.39208	0.02639	0.58153
128 T	0.39191	0.02661	0.58148
129 T	0.39170	0.02687	0.58144
130 T	0.39147	0.02669	0.58184
131 T	0.39113	0.02449	0.58439
132 T	0.39040	0.02110	0.5885
133 G	0.38783	0.02176	0.59042
134 T	0.38652	0.02208	0.59139
135 T	0.38410	0.02422	0.59169
136 G	0.37874	0.02962	0.59165
137 G	0.37760	0.03087	0.59153
138 A	0.37701	0.03173	0.59127
139 C	0.37611	0.03287	0.59101
140 A	0.37509	0.03534	0.58957
141 T	0.37474	0.03738	0.58788
142 A	0.37332	0.04254	0.58414
143 A	0.37240	0.04641	0.58118
144 A	0.37143	0.04909	0.57948
145 A	0.37067	0.04993	0.5794
146 T	0.37056	0.04977	0.57966
147 T	0.36986	0.05045	0.5797
148 G	0.36771	0.05393	0.57836
149 A	0.36695	0.05683	0.57622
150 T	0.36691	0.05834	0.57476
151 G	0.36585	0.06092	0.57324
152 T	0.36558	0.06083	0.57358
153 T	0.36437	0.06170	0.57392
154 T	0.36160	0.06528	0.57311
155 A	0.35818	0.06937	0.57245
156 C	0.35623	0.06942	0.57435
157 A	0.35471	0.07303	0.57227
158 A	0.35400	0.07293	0.57306
159 T	0.35348	0.07056	0.57596
160 G	0.35288	0.07130	0.57583
161 G	0.35278	0.07158	0.57563
162 A	0.35273	0.07140	0.57587
163 A	0.35380	0.06944	0.57675
164 A	0.35535	0.06709	0.57756
165 A	0.35888	0.06213	0.57899
166 G	0.36202	0.05771	0.58027
167 A	0.36405	0.05446	0.58148
168 G	0.36741	0.04970	0.5829
169 T	0.37228	0.04431	0.58341
170 A	0.37400	0.04213	0.58387
171 T	0.37705	0.03736	0.58559
172 A	0.37856	0.03580	0.58564
173 T	0.38052	0.03336	0.58613
174 T	0.38144	0.03159	0.58696
175 A	0.38112	0.03158	0.58731
176 G	0.38151	0.02978	0.58871
177 T	0.38383	0.02532	0.59085
178 T	0.38528	0.02103	0.59369
179 G	0.38569	0.01919	0.59512
180 T	0.38833	0.01553	0.59614
181 T	0.38855	0.01509	0.59635
182 C	0.38838	0.01483	0.59678
183 T	0.38873	0.01487	0.5964
184 A	0.38855	0.01508	0.59636
185 T	0.38889	0.01454	0.59656
186 T	0.38858	0.01484	0.59658
187 A	0.38685	0.01676	0.5964
188 C	0.38095	0.02264	0.59641
189 T	0.37639	0.02755	0.59606
190 G	0.36673	0.03772	0.59555
191 A	0.36024	0.04521	0.59456
192 A	0.35786	0.04840	0.59374
193 G	0.35724	0.04965	0.59311
194 A	0.35727	0.05053	0.5922
195 T	0.35838	0.04986	0.59177
196 A	0.35846	0.05148	0.59007
197 T	0.35892	0.05242	0.58866
198 G	0.35898	0.05301	0.588
199 G	0.35912	0.05397	0.5869
200 T	0.35972	0.05438	0.5859
201 T	0.35975	0.05433	0.58591
202 A	0.35969	0.05434	0.58597
203 A	0.36005	0.05381	0.58614
204 T	0.36056	0.05272	0.58672
205 C	0.36072	0.05211	0.58717
206 A	0.36117	0.05206	0.58677
207 T	0.36134	0.05227	0.58639
208 A	0.36137	0.05321	0.58541
209 A	0.36141	0.05315	0.58544
210 A	0.36165	0.05158	0.58677
211 T	0.36211	0.04361	0.59429
212 T	0.36248	0.03797	0.59955
213 A	0.36249	0.02985	0.60765
214 G	0.36317	0.02392	0.61291
215 G	0.36363	0.02211	0.61427
216 G	0.36416	0.02146	0.61438
217 G	0.36528	0.02082	0.6139
218 A	0.36646	0.01991	0.61363
219 A	0.36881	0.01743	0.61376
220 T	0.37138	0.01456	0.61406
221 T	0.37257	0.01311	0.61431
222 T	0.37349	0.01197	0.61453
223 T	0.37387	0.01159	0.61454
224 C	0.37377	0.01164	0.61458
225 A	0.37370	0.01203	0.61427
226 C	0.37348	0.01223	0.6143
227 G	0.37327	0.01253	0.6142
228 T	0.37348	0.01232	0.6142
229 A	0.37385	0.01194	0.61421
230 C	0.37436	0.01138	0.61426
231 T	0.37510	0.01065	0.61426
232 C	0.37456	0.01109	0.61436
233 G	0.37409	0.01157	0.61434
234 T	0.37395	0.01175	0.6143
235 A	0.37363	0.01218	0.61419
236 C	0.37412	0.01131	0.61457
237 T	0.37518	0.01017	0.61465
238 T	0.37557	0.00950	0.61492
239 T	0.37554	0.00939	0.61507
240 T	0.37473	0.01012	0.61515
241 C	0.37135	0.01350	0.61516
242 G	0.36848	0.01643	0.6151
243 C	0.36596	0.01894	0.61511
244 G	0.36147	0.02364	0.61489
245 G	0.35882	0.02670	0.61448
246 T	0.35659	0.02955	0.61385
247 C	0.35273	0.03342	0.61385
248 A	0.34979	0.03660	0.6136
249 T	0.34810	0.03805	0.61385
250 G	0.34602	0.03994	0.61405
251 C	0.34467	0.04138	0.61395
252 A	0.34278	0.04484	0.61238
253 A	0.34032	0.04854	0.61114
254 A	0.33824	0.05354	0.60822
255 A	0.32709	0.06710	0.6058
256 G	0.30955	0.08723	0.60322
257 G	0.29777	0.10427	0.59796
258 T	0.28978	0.11818	0.59204
259 G	0.26454	0.15510	0.58037
260 A	0.26148	0.16204	0.57647
261 T	0.25913	0.16577	0.57509
262 A	0.25344	0.17434	0.57221
263 A	0.25198	0.17560	0.57242
264 A	0.25120	0.17386	0.57494
265 A	0.25128	0.17097	0.57774
266 A	0.25136	0.16821	0.58043
267 A	0.25163	0.16343	0.58493
268 G	0.25214	0.15964	0.58822
269 T	0.25285	0.15618	0.59096
270 T	0.25308	0.15265	0.59427
271 T	0.25334	0.15007	0.59658
272 C	0.25349	0.14867	0.59784
273 A	0.25364	0.14787	0.59848
274 A	0.25388	0.14681	0.5993
275 A	0.25519	0.14423	0.60058
276 A	0.25686	0.14067	0.60248
277 A	0.26058	0.13521	0.6042
278 A	0.26536	0.11750	0.61714
279 A	0.27123	0.09152	0.63724
280 T	0.28197	0.06366	0.65437
281 A	0.28942	0.04435	0.66623
282 A	0.30337	0.00000	0.69663
