# lcl|CP097583.1_cds_USQ93337.1_1
# AA	inside	membr	outside
1 A	0.49075	0.00000	0.50925
2 T	0.48906	0.00169	0.50925
3 G	0.48733	0.00342	0.50925
4 A	0.48733	0.03711	0.47556
5 T	0.46681	0.09727	0.43592
6 T	0.46681	0.11808	0.41512
7 A	0.13270	0.45329	0.41401
8 A	0.13269	0.45331	0.414
9 T	0.11189	0.47427	0.41385
10 A	0.11180	0.48263	0.40556
11 C	0.10809	0.48667	0.40524
12 A	0.07070	0.52450	0.4048
13 A	0.04116	0.55659	0.40225
14 A	0.04116	0.55659	0.40225
15 G	0.04116	0.56155	0.39729
16 A	0.04076	0.56195	0.39729
17 A	0.04011	0.56265	0.39724
18 G	0.04009	0.56272	0.39718
19 A	0.03975	0.56313	0.39712
20 A	0.03883	0.56469	0.39648
21 A	0.03839	0.56507	0.39653
22 A	0.03931	0.56405	0.39663
23 T	0.04164	0.56120	0.39717
24 A	0.04389	0.55867	0.39745
25 A	0.04606	0.54967	0.40428
26 A	0.04788	0.54088	0.41124
27 A	0.07524	0.48685	0.43791
28 A	0.10998	0.42378	0.46624
29 T	0.13324	0.37432	0.49243
30 T	0.13749	0.10097	0.76153
31 T	0.13811	0.08554	0.77635
32 T	0.13819	0.05466	0.80715
33 C	0.13963	0.03925	0.82113
34 G	0.13907	0.03801	0.82292
35 G	0.13942	0.02750	0.83309
36 T	0.14200	0.01848	0.83952
37 T	0.14221	0.01964	0.83815
38 T	0.14492	0.02086	0.83422
39 A	0.14158	0.02948	0.82893
40 T	0.14031	0.02995	0.82975
41 A	0.13919	0.03095	0.82986
42 T	0.13901	0.03059	0.83039
43 C	0.13923	0.02951	0.83126
44 C	0.13909	0.03047	0.83044
45 T	0.13910	0.03075	0.83015
46 A	0.13884	0.03132	0.82983
47 T	0.13865	0.03164	0.82971
48 T	0.13815	0.03225	0.8296
49 A	0.13781	0.03318	0.82902
50 T	0.13781	0.03315	0.82904
51 A	0.13788	0.03303	0.8291
52 T	0.13812	0.03256	0.82932
53 T	0.13842	0.03191	0.82967
54 T	0.13878	0.03124	0.82999
55 T	0.13895	0.03086	0.83018
56 T	0.13914	0.02991	0.83095
57 A	0.13940	0.02922	0.83137
58 A	0.14005	0.02818	0.83178
59 T	0.14231	0.02532	0.83237
60 A	0.14386	0.02346	0.83269
61 T	0.14793	0.01835	0.83371
62 T	0.15296	0.01089	0.83614
63 A	0.15310	0.01023	0.83668
64 T	0.15363	0.00905	0.83733
65 T	0.15393	0.00867	0.83741
66 T	0.15407	0.00846	0.83747
67 T	0.15462	0.00800	0.83738
68 T	0.15474	0.00798	0.83727
69 T	0.15484	0.00768	0.83749
70 A	0.15472	0.00769	0.83759
71 T	0.15477	0.00725	0.83798
72 T	0.15495	0.00692	0.83813
73 C	0.15473	0.00720	0.83807
74 T	0.15471	0.00749	0.83781
75 T	0.15472	0.00782	0.83747
76 A	0.15462	0.00873	0.83665
77 T	0.15475	0.00928	0.83597
78 T	0.15485	0.00983	0.83531
79 T	0.15487	0.01060	0.83453
80 G	0.15464	0.01155	0.83381
81 T	0.15458	0.01225	0.83316
82 A	0.15445	0.01294	0.83262
83 A	0.15457	0.01301	0.83242
84 T	0.15486	0.01289	0.83226
85 A	0.15520	0.01274	0.83205
86 T	0.15599	0.01194	0.83207
87 T	0.15640	0.01161	0.83199
88 T	0.15661	0.01148	0.83191
89 A	0.15664	0.01150	0.83186
90 T	0.15665	0.01147	0.83188
91 T	0.15623	0.01191	0.83186
92 A	0.15595	0.01224	0.8318
93 T	0.15597	0.01205	0.83198
94 A	0.15568	0.01229	0.83203
95 T	0.15566	0.01209	0.83225
96 T	0.15532	0.01226	0.83243
97 C	0.15303	0.01443	0.83254
98 A	0.15139	0.01616	0.83246
99 A	0.15149	0.01607	0.83245
100 T	0.15211	0.01545	0.83244
101 C	0.15234	0.01523	0.83243
102 T	0.15306	0.01451	0.83243
103 T	0.15256	0.01473	0.8327
104 T	0.15174	0.01538	0.83288
105 T	0.14805	0.01895	0.833
106 C	0.14351	0.02346	0.83304
107 C	0.14045	0.02653	0.83302
108 T	0.13653	0.03095	0.83252
109 G	0.13281	0.03551	0.83168
110 T	0.13085	0.03760	0.83155
111 T	0.12716	0.04149	0.83136
112 A	0.11849	0.05053	0.83098
113 A	0.11226	0.05676	0.83099
114 C	0.10733	0.06120	0.83147
115 G	0.10183	0.06795	0.83022
116 A	0.09873	0.07370	0.82756
117 A	0.09705	0.07684	0.82611
118 A	0.09589	0.07904	0.82507
119 G	0.09293	0.08286	0.82422
120 A	0.09052	0.08382	0.82566
121 A	0.08930	0.08405	0.82665
122 A	0.08886	0.08497	0.82616
123 A	0.08851	0.08735	0.82415
124 A	0.08834	0.08950	0.82216
125 A	0.08825	0.09011	0.82164
126 T	0.08820	0.08848	0.82332
127 A	0.08812	0.08708	0.8248
128 T	0.08817	0.08314	0.8287
129 A	0.08812	0.07890	0.83299
130 A	0.08815	0.07455	0.83729
131 C	0.08856	0.06772	0.84372
132 T	0.08928	0.06375	0.84696
133 G	0.08931	0.06192	0.84877
134 A	0.08941	0.05957	0.85101
135 A	0.08973	0.05328	0.85699
136 C	0.09018	0.04776	0.86206
137 A	0.09063	0.04256	0.8668
138 G	0.09248	0.03525	0.87227
139 T	0.09562	0.02938	0.87499
140 T	0.09714	0.02676	0.8761
141 A	0.09795	0.02538	0.87667
142 T	0.09908	0.02074	0.88017
143 G	0.09975	0.01764	0.8826
144 G	0.10050	0.01561	0.88389
145 A	0.10185	0.01367	0.88448
146 A	0.10475	0.01013	0.88512
147 T	0.10791	0.00638	0.88572
148 T	0.10965	0.00428	0.88607
149 C	0.11017	0.00354	0.8863
150 T	0.11042	0.00321	0.88636
151 T	0.11053	0.00308	0.88638
152 T	0.11058	0.00303	0.88639
153 T	0.11053	0.00309	0.88637
154 T	0.11037	0.00324	0.88639
155 T	0.11011	0.00343	0.88646
156 A	0.10956	0.00391	0.88653
157 A	0.10923	0.00411	0.88666
158 C	0.10902	0.00422	0.88677
159 T	0.10897	0.00424	0.88678
160 T	0.10908	0.00412	0.8868
161 C	0.10907	0.00413	0.88681
162 T	0.10928	0.00392	0.8868
163 T	0.10938	0.00384	0.88679
164 T	0.10933	0.00388	0.88679
165 G	0.10911	0.00413	0.88676
166 T	0.10915	0.00412	0.88673
167 T	0.10914	0.00412	0.88674
168 T	0.10893	0.00436	0.88671
169 T	0.10867	0.00480	0.88653
170 T	0.10834	0.00526	0.8864
171 T	0.10796	0.00577	0.88627
172 A	0.10754	0.00638	0.88608
173 T	0.10737	0.00664	0.88599
174 A	0.10705	0.00707	0.88588
175 A	0.10696	0.00722	0.88582
176 T	0.10691	0.00715	0.88593
177 G	0.10681	0.00705	0.88614
178 A	0.10679	0.00684	0.88637
179 T	0.10683	0.00633	0.88684
180 A	0.10681	0.00604	0.88716
181 T	0.10680	0.00568	0.88752
182 T	0.10679	0.00543	0.88778
183 T	0.10678	0.00527	0.88795
184 G	0.10676	0.00515	0.88809
185 G	0.10677	0.00509	0.88814
186 A	0.10678	0.00507	0.88815
187 A	0.10680	0.00492	0.88828
188 T	0.10687	0.00459	0.88854
189 T	0.10695	0.00447	0.88858
190 G	0.10699	0.00454	0.88847
191 G	0.10708	0.00486	0.88806
192 T	0.10732	0.00567	0.88701
193 T	0.10739	0.00676	0.88585
194 T	0.10748	0.00816	0.88437
195 G	0.10755	0.01010	0.88236
196 A	0.10761	0.01275	0.87964
197 A	0.10771	0.01367	0.87863
198 T	0.10785	0.01407	0.87808
199 T	0.10791	0.01450	0.87759
200 T	0.10792	0.01451	0.87757
201 T	0.10763	0.01486	0.87751
202 A	0.10681	0.01572	0.87746
203 T	0.10642	0.01609	0.87749
204 C	0.10536	0.01713	0.8775
205 G	0.10423	0.01828	0.87749
206 G	0.10342	0.01909	0.87749
207 C	0.10262	0.01989	0.87749
208 A	0.10150	0.02108	0.87742
209 A	0.10061	0.02203	0.87736
210 C	0.10019	0.02246	0.87735
211 A	0.10002	0.02267	0.87731
212 A	0.10004	0.02266	0.87731
213 A	0.10047	0.02221	0.87732
214 A	0.10148	0.02118	0.87734
215 T	0.10353	0.01911	0.87736
216 C	0.10521	0.01732	0.87747
217 C	0.10700	0.01549	0.87751
218 C	0.10897	0.01350	0.87753
219 T	0.11159	0.01089	0.87752
220 T	0.11247	0.01003	0.87751
221 T	0.11288	0.00964	0.87748
222 T	0.11310	0.00943	0.87747
223 T	0.11308	0.00941	0.87751
224 T	0.11301	0.00899	0.878
225 T	0.11282	0.00836	0.87882
226 A	0.11250	0.00826	0.87923
227 A	0.11220	0.00762	0.88018
228 T	0.11215	0.00661	0.88124
229 A	0.11207	0.00602	0.88192
230 A	0.11203	0.00529	0.88268
231 A	0.11209	0.00418	0.88373
232 T	0.11213	0.00318	0.8847
233 T	0.11211	0.00270	0.88519
234 A	0.11209	0.00252	0.88539
235 G	0.11207	0.00234	0.88559
236 G	0.11207	0.00225	0.88568
237 T	0.11206	0.00222	0.88571
238 T	0.11205	0.00222	0.88573
239 T	0.11204	0.00224	0.88572
240 A	0.11202	0.00233	0.88565
241 G	0.11202	0.00236	0.88562
242 G	0.11203	0.00237	0.88561
243 T	0.11207	0.00234	0.88559
244 T	0.11211	0.00231	0.88558
245 T	0.11214	0.00224	0.88563
246 T	0.11216	0.00210	0.88574
247 T	0.11218	0.00197	0.88585
248 T	0.11219	0.00179	0.88603
249 A	0.11219	0.00156	0.88626
250 C	0.11221	0.00127	0.88652
251 T	0.11227	0.00117	0.88656
252 T	0.11229	0.00109	0.88662
253 T	0.11227	0.00108	0.88665
254 G	0.11220	0.00115	0.88666
255 T	0.11218	0.00118	0.88664
256 A	0.11215	0.00120	0.88665
257 T	0.11216	0.00117	0.88667
258 T	0.11213	0.00121	0.88667
259 T	0.11206	0.00130	0.88664
260 T	0.11191	0.00147	0.88662
261 G	0.11148	0.00190	0.88661
262 A	0.11101	0.00237	0.88662
263 T	0.11093	0.00245	0.88662
264 T	0.11070	0.00269	0.88661
265 C	0.10964	0.00376	0.88661
266 C	0.10880	0.00461	0.88659
267 T	0.10745	0.00604	0.8865
268 T	0.10659	0.00696	0.88645
269 C	0.10591	0.00770	0.8864
270 T	0.10533	0.00845	0.88622
271 T	0.10480	0.00910	0.88611
272 T	0.10219	0.01180	0.88601
273 T	0.09756	0.01650	0.88594
274 T	0.09451	0.01962	0.88587
275 T	0.09057	0.02358	0.88586
276 A	0.08634	0.02784	0.88582
277 G	0.08406	0.03011	0.88584
278 T	0.08329	0.03094	0.88577
279 A	0.08232	0.03203	0.88564
280 T	0.08153	0.03300	0.88548
281 A	0.07951	0.03539	0.88509
282 T	0.07790	0.03728	0.88482
283 A	0.07537	0.03997	0.88465
284 A	0.07327	0.04198	0.88475
285 A	0.07256	0.04234	0.88511
286 A	0.07219	0.04263	0.88518
287 A	0.07203	0.04253	0.88545
288 A	0.07189	0.04171	0.8864
289 A	0.07184	0.04084	0.88732
290 T	0.07173	0.03903	0.88923
291 T	0.07126	0.03869	0.89005
292 A	0.06966	0.04035	0.88999
293 T	0.06874	0.04080	0.89046
294 A	0.06671	0.04207	0.89122
295 T	0.06529	0.03854	0.89617
296 G	0.06058	0.03753	0.90189
297 T	0.05548	0.04101	0.90352
298 G	0.04170	0.05655	0.90175
299 A	0.03216	0.07708	0.89076
300 A	0.02524	0.09003	0.88473
301 G	0.02273	0.09485	0.88242
302 A	0.02138	0.09863	0.87998
303 A	0.02100	0.09847	0.88052
304 A	0.02111	0.09672	0.88217
305 T	0.02134	0.09487	0.88379
306 A	0.02122	0.09310	0.88567
307 C	0.02114	0.09144	0.88742
308 A	0.02112	0.09120	0.88767
309 T	0.02115	0.09097	0.88788
310 G	0.02089	0.09118	0.88793
311 A	0.02079	0.09126	0.88795
312 A	0.02081	0.09120	0.88799
313 A	0.02095	0.09058	0.88846
314 A	0.02133	0.08924	0.88942
315 A	0.02225	0.08628	0.89146
316 T	0.02341	0.08293	0.89366
317 T	0.02404	0.07977	0.89618
318 A	0.02428	0.07757	0.89815
319 A	0.02511	0.07194	0.90296
320 A	0.02700	0.06414	0.90886
321 G	0.03125	0.04695	0.9218
322 T	0.04509	0.02485	0.93005
323 T	0.05158	0.01308	0.93534
324 T	0.05385	0.01061	0.93554
325 T	0.05496	0.01029	0.93475
326 T	0.05493	0.01123	0.93384
327 T	0.05464	0.01279	0.93257
328 A	0.05368	0.01604	0.93028
329 T	0.05351	0.01700	0.92949
330 T	0.05315	0.01887	0.92798
331 T	0.05251	0.02098	0.92651
332 T	0.05094	0.02347	0.92559
333 T	0.04667	0.02936	0.92397
334 G	0.04093	0.03812	0.92095
335 A	0.03890	0.04572	0.91538
336 A	0.03799	0.05211	0.9099
337 A	0.03750	0.05814	0.90436
338 A	0.03715	0.06224	0.90061
339 A	0.03552	0.06794	0.89654
340 A	0.03418	0.07201	0.8938
341 A	0.03289	0.07390	0.89321
342 A	0.03209	0.07496	0.89296
343 G	0.03215	0.07497	0.89288
344 G	0.03257	0.07460	0.89282
345 A	0.03345	0.07380	0.89275
346 A	0.03477	0.07244	0.89279
347 T	0.03749	0.06962	0.89289
348 T	0.03970	0.06730	0.89301
349 A	0.04073	0.06611	0.89316
350 A	0.04218	0.06417	0.89365
351 T	0.04481	0.06008	0.89511
352 T	0.04594	0.05745	0.89661
353 T	0.04748	0.05398	0.89853
354 T	0.04875	0.05048	0.90078
355 G	0.04948	0.04768	0.90284
356 C	0.05093	0.04308	0.90598
357 T	0.05388	0.03805	0.90807
358 A	0.05782	0.03331	0.90887
359 A	0.06270	0.02794	0.90936
360 A	0.06863	0.02165	0.90972
361 A	0.07292	0.01702	0.91007
362 T	0.07802	0.00966	0.91233
363 T	0.08097	0.00511	0.91392
364 T	0.08156	0.00307	0.91536
365 T	0.08177	0.00230	0.91593
366 T	0.08182	0.00244	0.91574
367 A	0.08182	0.00316	0.91502
368 T	0.08189	0.00324	0.91487
369 T	0.08189	0.00351	0.9146
370 G	0.08165	0.00411	0.91423
371 T	0.08159	0.00447	0.91395
372 T	0.08149	0.00476	0.91374
373 G	0.08134	0.00507	0.91359
374 T	0.08129	0.00529	0.91342
375 T	0.08114	0.00563	0.91323
376 G	0.08088	0.00656	0.91255
377 T	0.08027	0.00753	0.91221
378 T	0.07874	0.00972	0.91153
379 G	0.07646	0.01206	0.91148
380 T	0.07392	0.01470	0.91139
381 A	0.06917	0.01970	0.91114
382 A	0.06504	0.02406	0.9109
383 C	0.06329	0.02585	0.91087
384 A	0.06246	0.02689	0.91065
385 G	0.06198	0.02751	0.9105
386 G	0.06190	0.02770	0.91041
387 C	0.06186	0.02789	0.91026
388 A	0.06202	0.02829	0.90968
389 G	0.06244	0.02808	0.90948
390 T	0.06338	0.02713	0.9095
391 A	0.06361	0.02690	0.90949
392 T	0.06397	0.02649	0.90953
393 T	0.06411	0.02606	0.90983
394 C	0.06393	0.02609	0.90998
395 T	0.06377	0.02622	0.91002
396 A	0.06295	0.02707	0.90998
397 A	0.06245	0.02763	0.90992
398 A	0.06201	0.02811	0.90988
399 T	0.06199	0.02808	0.90993
400 A	0.06061	0.02876	0.91063
401 T	0.05989	0.02785	0.91225
402 A	0.05810	0.02751	0.91439
403 G	0.05722	0.02559	0.91719
404 A	0.05707	0.02200	0.92094
405 A	0.05693	0.01864	0.92444
406 C	0.05690	0.01704	0.92606
407 G	0.05712	0.01655	0.92633
408 T	0.05739	0.01660	0.926
409 A	0.05747	0.01692	0.92562
410 A	0.05761	0.01706	0.92533
411 T	0.05810	0.01683	0.92507
412 T	0.05826	0.01739	0.92436
413 T	0.05817	0.01983	0.92199
414 A	0.05802	0.02291	0.91908
415 T	0.05792	0.02427	0.91781
416 T	0.05781	0.02603	0.91616
417 A	0.05753	0.02899	0.91347
418 A	0.05736	0.03027	0.91238
419 A	0.05739	0.03081	0.9118
420 A	0.05748	0.03118	0.91133
421 A	0.05767	0.03076	0.91157
422 G	0.05797	0.02965	0.91238
423 A	0.05840	0.02800	0.9136
424 G	0.05884	0.02640	0.91475
425 T	0.05912	0.02500	0.91588
426 G	0.05921	0.02449	0.9163
427 A	0.05953	0.02445	0.91602
428 T	0.06008	0.02392	0.916
429 T	0.06031	0.02396	0.91573
430 A	0.06050	0.02403	0.91547
431 T	0.06107	0.02379	0.91515
432 A	0.06135	0.02390	0.91475
433 A	0.06169	0.02376	0.91455
434 A	0.06220	0.02326	0.91455
435 A	0.06360	0.02183	0.91457
436 T	0.06693	0.01835	0.91472
437 T	0.07036	0.01467	0.91497
438 C	0.07162	0.01323	0.91515
439 A	0.07319	0.01158	0.91523
440 T	0.07564	0.00898	0.91538
441 C	0.07664	0.00787	0.91549
442 C	0.07786	0.00664	0.9155
443 C	0.07917	0.00533	0.9155
444 T	0.07991	0.00463	0.91547
445 T	0.08025	0.00429	0.91546
446 T	0.08061	0.00394	0.91545
447 A	0.08078	0.00377	0.91545
448 T	0.08116	0.00338	0.91546
449 C	0.08143	0.00307	0.9155
450 T	0.08204	0.00245	0.91552
451 T	0.08240	0.00208	0.91552
452 T	0.08275	0.00173	0.91553
453 G	0.08294	0.00152	0.91553
454 T	0.08329	0.00117	0.91554
455 T	0.08362	0.00081	0.91558
456 A	0.08376	0.00065	0.91559
457 A	0.08382	0.00057	0.91561
458 C	0.08391	0.00046	0.91563
459 T	0.08397	0.00040	0.91563
460 A	0.08399	0.00039	0.91561
461 T	0.08402	0.00037	0.91562
462 T	0.08402	0.00038	0.91559
463 T	0.08402	0.00043	0.91555
464 T	0.08400	0.00050	0.9155
465 A	0.08393	0.00062	0.91546
466 A	0.08390	0.00064	0.91546
467 T	0.08392	0.00060	0.91547
468 T	0.08391	0.00060	0.91549
469 T	0.08389	0.00060	0.91551
470 C	0.08385	0.00063	0.91552
471 T	0.08381	0.00067	0.91552
472 T	0.08376	0.00072	0.91552
473 T	0.08373	0.00075	0.91552
474 T	0.08367	0.00081	0.91552
475 C	0.08358	0.00091	0.91552
476 T	0.08348	0.00099	0.91553
477 T	0.08337	0.00110	0.91553
478 G	0.08327	0.00119	0.91554
479 C	0.08321	0.00124	0.91555
480 G	0.08317	0.00128	0.91555
481 A	0.08314	0.00131	0.91556
482 C	0.08306	0.00138	0.91556
483 A	0.08302	0.00143	0.91554
484 G	0.08303	0.00143	0.91554
485 G	0.08305	0.00140	0.91555
486 G	0.08309	0.00135	0.91556
487 T	0.08316	0.00127	0.91556
488 T	0.08321	0.00116	0.91563
489 T	0.08321	0.00113	0.91566
490 T	0.08319	0.00114	0.91566
491 T	0.08313	0.00123	0.91564
492 A	0.08309	0.00133	0.91558
493 G	0.08308	0.00141	0.91551
494 G	0.08307	0.00144	0.91549
495 T	0.08307	0.00138	0.91555
496 T	0.08307	0.00138	0.91555
497 A	0.08304	0.00141	0.91555
498 T	0.08299	0.00142	0.91559
499 C	0.08294	0.00151	0.91556
500 T	0.08291	0.00172	0.91537
501 A	0.08287	0.00195	0.91519
502 T	0.08280	0.00213	0.91507
503 T	0.08267	0.00242	0.91491
504 A	0.08232	0.00296	0.91472
505 A	0.08205	0.00325	0.9147
506 G	0.08195	0.00339	0.91465
507 T	0.08188	0.00370	0.91442
508 T	0.08167	0.00438	0.91396
509 A	0.08114	0.00557	0.9133
510 T	0.08064	0.00622	0.91314
511 A	0.07961	0.00730	0.91309
512 A	0.07903	0.00792	0.91304
513 A	0.07880	0.00815	0.91305
514 C	0.07878	0.00811	0.91311
515 C	0.07881	0.00807	0.91313
516 T	0.07889	0.00800	0.91311
517 G	0.07889	0.00805	0.91307
518 A	0.07890	0.00807	0.91302
519 C	0.07895	0.00807	0.91298
520 A	0.07903	0.00826	0.91271
521 G	0.07915	0.00817	0.91268
522 T	0.07945	0.00795	0.91261
523 T	0.07971	0.00794	0.91236
524 T	0.07985	0.00799	0.91216
525 A	0.07989	0.00808	0.91203
526 A	0.08000	0.00799	0.91201
527 T	0.08015	0.00757	0.91228
528 A	0.08005	0.00757	0.91237
529 A	0.08007	0.00754	0.91239
530 A	0.08016	0.00754	0.91231
531 A	0.08054	0.00726	0.9122
532 A	0.08101	0.00633	0.91266
533 A	0.08114	0.00568	0.91318
534 A	0.08123	0.00457	0.9142
535 T	0.08133	0.00387	0.9148
536 C	0.08136	0.00360	0.91505
537 T	0.08138	0.00354	0.91508
538 C	0.08139	0.00354	0.91508
539 G	0.08142	0.00357	0.91501
540 T	0.08148	0.00350	0.91503
541 G	0.08151	0.00347	0.91503
542 G	0.08160	0.00337	0.91504
543 T	0.08197	0.00299	0.91504
544 C	0.08210	0.00283	0.91508
545 C	0.08226	0.00266	0.91508
546 T	0.08260	0.00236	0.91504
547 T	0.08282	0.00217	0.91502
548 T	0.08295	0.00208	0.91497
549 T	0.08303	0.00203	0.91493
550 A	0.08306	0.00202	0.91492
551 T	0.08316	0.00173	0.91511
552 A	0.08322	0.00156	0.91522
553 G	0.08339	0.00125	0.91536
554 A	0.08372	0.00086	0.91542
555 T	0.08381	0.00070	0.9155
556 T	0.08385	0.00063	0.91552
557 C	0.08386	0.00060	0.91554
558 T	0.08388	0.00058	0.91554
559 A	0.08389	0.00056	0.91554
560 T	0.08393	0.00053	0.91555
561 T	0.08395	0.00050	0.91555
562 T	0.08401	0.00044	0.91555
563 T	0.08401	0.00043	0.91556
564 G	0.08400	0.00043	0.91556
565 T	0.08400	0.00045	0.91555
566 T	0.08400	0.00046	0.91553
567 T	0.08399	0.00050	0.91551
568 A	0.08397	0.00054	0.91549
569 T	0.08400	0.00052	0.91548
570 T	0.08398	0.00056	0.91546
571 T	0.08397	0.00065	0.91538
572 C	0.08390	0.00082	0.91528
573 T	0.08382	0.00099	0.91519
574 A	0.08376	0.00111	0.91512
575 T	0.08373	0.00116	0.91511
576 T	0.08365	0.00127	0.91508
577 C	0.08353	0.00144	0.91503
578 C	0.08344	0.00163	0.91493
579 T	0.08319	0.00211	0.9147
580 T	0.08280	0.00254	0.91466
581 T	0.08219	0.00320	0.91461
582 G	0.08121	0.00432	0.91446
583 A	0.08053	0.00556	0.91391
584 C	0.08031	0.00603	0.91366
585 T	0.07999	0.00756	0.91245
586 A	0.07955	0.00874	0.91171
587 A	0.07933	0.00929	0.91139
588 T	0.07912	0.00993	0.91096
589 G	0.07851	0.01132	0.91017
590 G	0.07820	0.01216	0.90964
591 A	0.07796	0.01321	0.90883
592 G	0.07787	0.01341	0.90871
593 G	0.07787	0.01345	0.90868
594 A	0.07793	0.01341	0.90866
595 A	0.07802	0.01327	0.90871
596 C	0.07812	0.01306	0.90882
597 T	0.07823	0.01294	0.90883
598 A	0.07829	0.01287	0.90883
599 A	0.07839	0.01273	0.90888
600 T	0.07850	0.01251	0.90899
601 T	0.07858	0.01235	0.90907
602 T	0.07868	0.01191	0.9094
603 A	0.07863	0.01157	0.9098
604 G	0.07861	0.01099	0.9104
605 G	0.07879	0.01009	0.91111
606 T	0.07962	0.00889	0.91149
607 A	0.07996	0.00871	0.91132
608 T	0.08132	0.00724	0.91144
609 T	0.08179	0.00662	0.9116
610 A	0.08156	0.00686	0.91158
611 A	0.08159	0.00673	0.91168
612 T	0.08102	0.00688	0.9121
613 A	0.08023	0.00768	0.91208
614 G	0.07876	0.00939	0.91185
615 T	0.07735	0.01139	0.91126
616 T	0.07243	0.01671	0.91086
617 T	0.05393	0.03598	0.91008
618 A	0.03590	0.05452	0.90958
619 G	0.02392	0.06687	0.9092
620 C	0.01712	0.07400	0.90888
621 A	0.01360	0.07763	0.90876
622 G	0.01108	0.08026	0.90867
623 A	0.01025	0.08109	0.90866
624 A	0.00994	0.08140	0.90866
625 C	0.00972	0.08162	0.90867
626 A	0.00973	0.08158	0.90869
627 C	0.00985	0.08142	0.90872
628 C	0.01003	0.08123	0.90873
629 C	0.01031	0.08095	0.90874
630 T	0.01068	0.08059	0.90873
631 T	0.01088	0.08041	0.90871
632 A	0.01094	0.08039	0.90867
633 T	0.01104	0.08023	0.90873
634 A	0.01090	0.08023	0.90887
635 A	0.01080	0.07829	0.91091
636 A	0.01091	0.07644	0.91265
637 G	0.01126	0.07145	0.91729
638 A	0.01186	0.06724	0.9209
639 A	0.01245	0.05958	0.92797
640 T	0.01343	0.03603	0.95054
641 G	0.01379	0.02251	0.9637
642 T	0.01409	0.01313	0.97277
643 T	0.01422	0.00944	0.97634
644 G	0.01415	0.00825	0.9776
645 T	0.01414	0.00853	0.97734
646 G	0.01398	0.01131	0.97471
647 A	0.01349	0.01767	0.96884
648 T	0.01278	0.02800	0.95922
649 A	0.01146	0.06213	0.92641
650 T	0.01058	0.07662	0.91279
651 A	0.00888	0.09565	0.89547
652 A	0.00770	0.10470	0.8876
653 A	0.00724	0.10859	0.88417
654 A	0.00707	0.11092	0.88201
655 A	0.00699	0.11210	0.88091
656 A	0.00701	0.11233	0.88066
657 A	0.00709	0.11219	0.88073
658 A	0.00720	0.11195	0.88085
659 A	0.00735	0.11170	0.88094
660 T	0.00753	0.11140	0.88107
661 A	0.00766	0.11124	0.8811
662 A	0.00783	0.11102	0.88115
663 A	0.00814	0.11064	0.88122
664 C	0.00872	0.10991	0.88137
665 T	0.00963	0.10898	0.88139
666 T	0.01064	0.10796	0.8814
667 A	0.01151	0.10707	0.88142
668 A	0.01329	0.10525	0.88146
669 A	0.01672	0.10170	0.88159
670 A	0.02376	0.09392	0.88231
671 G	0.03729	0.07925	0.88346
672 T	0.07459	0.04048	0.88493
673 A	0.08659	0.02757	0.88584
674 T	0.10188	0.01086	0.88726
675 T	0.10750	0.00434	0.88816
676 T	0.10944	0.00212	0.88844
677 T	0.11011	0.00135	0.88853
678 T	0.11042	0.00106	0.88853
679 T	0.11042	0.00106	0.88852
680 T	0.11018	0.00133	0.88849
681 A	0.10939	0.00212	0.88849
682 G	0.10890	0.00260	0.8885
683 C	0.10855	0.00295	0.8885
684 T	0.10821	0.00329	0.8885
685 C	0.10791	0.00359	0.8885
686 C	0.10771	0.00379	0.88849
687 T	0.10761	0.00391	0.88848
688 C	0.10748	0.00407	0.88845
689 T	0.10742	0.00418	0.88839
690 T	0.10724	0.00444	0.88832
691 A	0.10686	0.00489	0.88825
692 T	0.10656	0.00520	0.88824
693 T	0.10613	0.00565	0.88822
694 T	0.10555	0.00622	0.88823
695 T	0.10522	0.00655	0.88823
696 A	0.10487	0.00688	0.88824
697 G	0.10467	0.00705	0.88828
698 C	0.10459	0.00707	0.88834
699 T	0.10457	0.00707	0.88836
700 A	0.10454	0.00709	0.88837
701 G	0.10458	0.00694	0.88848
702 A	0.10460	0.00688	0.88852
703 T	0.10464	0.00665	0.88871
704 G	0.10464	0.00578	0.88958
705 T	0.10463	0.00524	0.89012
706 T	0.10463	0.00492	0.89045
707 T	0.10461	0.00470	0.89068
708 A	0.10457	0.00461	0.89082
709 A	0.10456	0.00446	0.89098
710 G	0.10457	0.00436	0.89108
711 T	0.10461	0.00420	0.89119
712 A	0.10462	0.00416	0.89121
713 T	0.10463	0.00397	0.8914
714 T	0.10461	0.00365	0.89173
715 T	0.10451	0.00350	0.89199
716 T	0.10422	0.00349	0.89228
717 T	0.10389	0.00355	0.89256
718 T	0.10342	0.00378	0.8928
719 T	0.10279	0.00422	0.89299
720 A	0.10185	0.00504	0.89311
721 G	0.10114	0.00568	0.89318
722 C	0.10096	0.00582	0.89323
723 T	0.10087	0.00588	0.89325
724 G	0.10076	0.00599	0.89326
725 G	0.10076	0.00598	0.89326
726 T	0.10083	0.00590	0.89326
727 T	0.10083	0.00590	0.89327
728 C	0.10074	0.00597	0.89329
729 A	0.10068	0.00603	0.89329
730 C	0.10073	0.00597	0.8933
731 T	0.10081	0.00592	0.89327
732 A	0.10082	0.00598	0.89321
733 T	0.10095	0.00596	0.89309
734 A	0.10098	0.00622	0.89281
735 T	0.10068	0.00660	0.89272
736 T	0.09949	0.00773	0.89278
737 T	0.09816	0.00898	0.89286
738 A	0.09519	0.01181	0.893
739 G	0.09401	0.01259	0.89339
740 T	0.09341	0.01289	0.8937
741 T	0.09224	0.01396	0.8938
742 T	0.09046	0.01696	0.89257
743 T	0.08819	0.01997	0.89184
744 T	0.08401	0.02575	0.89024
745 A	0.07014	0.04352	0.88635
746 A	0.06016	0.05683	0.88301
747 T	0.05473	0.06530	0.87996
748 A	0.04831	0.07393	0.87776
749 A	0.04472	0.07811	0.87717
750 A	0.04174	0.08132	0.87694
751 A	0.03987	0.08331	0.87681
752 C	0.03909	0.08407	0.87684
753 G	0.03872	0.08460	0.87668
754 A	0.03865	0.08478	0.87656
755 A	0.03868	0.08477	0.87654
756 A	0.03879	0.08464	0.87657
757 T	0.03913	0.08418	0.87668
758 A	0.03924	0.08327	0.87748
759 T	0.03940	0.08160	0.879
760 A	0.03940	0.08018	0.88043
761 G	0.03949	0.07687	0.88365
762 T	0.03964	0.07501	0.88534
763 G	0.03978	0.07283	0.88738
764 G	0.04025	0.07073	0.88903
765 T	0.04279	0.06606	0.89115
766 A	0.04406	0.06324	0.8927
767 A	0.04557	0.05853	0.8959
768 A	0.04881	0.04294	0.90826
769 G	0.05172	0.03003	0.91825
770 G	0.05442	0.02242	0.92315
771 T	0.05728	0.01665	0.92606
772 T	0.05787	0.02060	0.92153
773 A	0.05759	0.02478	0.91763
774 T	0.05699	0.02832	0.91469
775 T	0.05414	0.03747	0.90838
776 T	0.04916	0.04658	0.90426
777 A	0.03645	0.06945	0.8941
778 G	0.02957	0.08198	0.88844
779 A	0.02263	0.09449	0.88289
780 A	0.01757	0.10064	0.88179
781 A	0.01404	0.10476	0.8812
782 A	0.01145	0.10840	0.88015
783 A	0.01004	0.11107	0.87889
784 C	0.00885	0.11304	0.87811
785 A	0.00784	0.11665	0.87551
786 A	0.00725	0.11774	0.87502
787 A	0.00679	0.11869	0.87452
788 A	0.00657	0.11910	0.87433
789 A	0.00642	0.11927	0.87431
790 C	0.00665	0.11869	0.87465
791 A	0.00703	0.11836	0.87461
792 A	0.00786	0.11752	0.87462
793 A	0.00983	0.11555	0.87462
794 A	0.01315	0.11216	0.87469
795 T	0.02171	0.10339	0.8749
796 A	0.02681	0.09695	0.87623
797 A	0.03266	0.08882	0.87851
798 T	0.04031	0.07661	0.88307
799 A	0.04242	0.06953	0.88805
800 T	0.04793	0.05277	0.8993
801 A	0.04684	0.04898	0.90419
802 G	0.04828	0.04176	0.90996
803 T	0.04800	0.03857	0.91343
804 A	0.04482	0.03989	0.9153
805 A	0.04440	0.03843	0.91717
806 A	0.04392	0.03775	0.91834
807 G	0.04431	0.03620	0.9195
808 A	0.04627	0.03357	0.92016
809 A	0.04735	0.03190	0.92074
810 T	0.04854	0.02993	0.92153
811 A	0.04894	0.02891	0.92216
812 T	0.04921	0.02784	0.92295
813 T	0.04911	0.02740	0.92349
814 T	0.04839	0.02781	0.92381
815 C	0.04698	0.02909	0.92393
816 T	0.04511	0.03144	0.92346
817 G	0.04056	0.03690	0.92254
818 A	0.03824	0.03974	0.92202
819 A	0.03595	0.04236	0.92168
820 G	0.03478	0.04352	0.9217
821 A	0.03460	0.04274	0.92267
822 T	0.03527	0.03991	0.92483
823 G	0.03571	0.03769	0.9266
824 T	0.03692	0.03234	0.93073
825 T	0.03747	0.03011	0.93243
826 T	0.03769	0.02873	0.93358
827 T	0.03782	0.02649	0.93569
828 A	0.03754	0.02629	0.93617
829 G	0.03751	0.02544	0.93705
830 A	0.03760	0.02599	0.93641
831 T	0.03801	0.02609	0.93591
832 T	0.03808	0.02687	0.93504
833 A	0.03756	0.02989	0.93255
834 T	0.03713	0.03089	0.93197
835 A	0.03622	0.03220	0.93158
836 A	0.03560	0.03314	0.93126
837 A	0.03517	0.03300	0.93183
838 A	0.03519	0.03165	0.93316
839 A	0.03574	0.02903	0.93523
840 T	0.03672	0.02395	0.93933
841 A	0.03704	0.02171	0.94125
842 T	0.03736	0.01932	0.94333
843 T	0.03730	0.01837	0.94433
844 G	0.03710	0.01825	0.94464
845 G	0.03703	0.01818	0.94479
846 T	0.03713	0.01797	0.94491
847 A	0.03712	0.01794	0.94494
848 T	0.03735	0.01759	0.94507
849 C	0.03738	0.01774	0.94487
850 A	0.03755	0.01793	0.94452
851 G	0.03799	0.01770	0.94431
852 G	0.03884	0.01708	0.94408
853 T	0.04053	0.01577	0.94369
854 T	0.04169	0.01520	0.94312
855 A	0.04267	0.01419	0.94314
856 T	0.04512	0.01124	0.94363
857 T	0.04575	0.01024	0.94401
858 A	0.04600	0.00936	0.94465
859 A	0.04645	0.00839	0.94516
860 T	0.04687	0.00746	0.94567
861 T	0.04709	0.00706	0.94585
862 A	0.04711	0.00701	0.94587
863 T	0.04721	0.00681	0.94598
864 T	0.04716	0.00674	0.94611
865 T	0.04683	0.00704	0.94613
866 T	0.04626	0.00756	0.94618
867 A	0.04488	0.00890	0.94622
868 G	0.04429	0.00943	0.94627
869 G	0.04406	0.00975	0.94619
870 A	0.04398	0.01011	0.94591
871 A	0.04404	0.01009	0.94586
872 T	0.04468	0.00927	0.94605
873 A	0.04509	0.00885	0.94606
874 T	0.04572	0.00810	0.94618
875 A	0.04599	0.00774	0.94627
876 T	0.04649	0.00718	0.94634
877 T	0.04684	0.00680	0.94637
878 C	0.04701	0.00674	0.94624
879 T	0.04713	0.00749	0.94538
880 T	0.04684	0.00836	0.94481
881 T	0.04604	0.01011	0.94385
882 A	0.04474	0.01220	0.94306
883 T	0.04400	0.01326	0.94274
884 G	0.04240	0.01527	0.94232
885 T	0.04166	0.01622	0.94211
886 A	0.04110	0.01713	0.94177
887 A	0.04088	0.01726	0.94186
888 T	0.04086	0.01694	0.9422
889 A	0.04080	0.01656	0.94264
890 T	0.04090	0.01531	0.94378
891 G	0.04069	0.01510	0.94421
892 A	0.04060	0.01513	0.94427
893 T	0.04080	0.01482	0.94439
894 T	0.04063	0.01501	0.94437
895 A	0.03978	0.01601	0.94422
896 A	0.03932	0.01646	0.94421
897 C	0.03888	0.01691	0.94421
898 A	0.03848	0.01758	0.94393
899 A	0.03815	0.01832	0.94353
900 A	0.03809	0.01864	0.94327
901 A	0.03854	0.01835	0.9431
902 T	0.03976	0.01724	0.943
903 A	0.04039	0.01614	0.94347
904 T	0.04146	0.01382	0.94472
905 T	0.04205	0.01192	0.94604
906 A	0.04223	0.01097	0.94681
907 T	0.04263	0.00911	0.94826
908 C	0.04284	0.00818	0.94898
909 T	0.04319	0.00765	0.94916
910 T	0.04316	0.00765	0.94919
911 T	0.04273	0.00816	0.94911
912 T	0.04170	0.00932	0.94897
913 A	0.03859	0.01293	0.94848
914 A	0.03721	0.01434	0.94846
915 A	0.03613	0.01538	0.94848
916 G	0.03583	0.01575	0.94842
917 A	0.03578	0.01572	0.9485
918 T	0.03589	0.01517	0.94894
919 A	0.03575	0.01496	0.94929
920 A	0.03569	0.01466	0.94964
921 A	0.03580	0.01425	0.94995
922 A	0.03612	0.01360	0.95027
923 C	0.03638	0.01308	0.95055
924 A	0.03659	0.01285	0.95056
925 T	0.03677	0.01263	0.9506
926 T	0.03682	0.01253	0.95065
927 C	0.03665	0.01272	0.95062
928 G	0.03655	0.01288	0.95057
929 G	0.03654	0.01289	0.95057
930 T	0.03661	0.01290	0.95049
931 T	0.03663	0.01294	0.95043
932 T	0.03668	0.01296	0.95036
933 A	0.03656	0.01279	0.95066
934 G	0.03655	0.01203	0.95142
935 A	0.03669	0.01076	0.95255
936 T	0.03716	0.00743	0.95541
937 A	0.03744	0.00592	0.95663
938 C	0.03778	0.00445	0.95776
939 T	0.03817	0.00388	0.95796
940 A	0.03835	0.00361	0.95804
941 T	0.03860	0.00324	0.95815
942 G	0.03866	0.00304	0.9583
943 G	0.03872	0.00292	0.95837
944 T	0.03883	0.00265	0.95852
945 A	0.03887	0.00256	0.95856
946 T	0.03893	0.00244	0.95864
947 A	0.03896	0.00238	0.95866
948 T	0.03900	0.00230	0.9587
949 A	0.03901	0.00225	0.95874
950 T	0.03909	0.00200	0.95892
951 T	0.03913	0.00189	0.95898
952 A	0.03918	0.00187	0.95896
953 T	0.03929	0.00170	0.95901
954 T	0.03939	0.00161	0.95899
955 T	0.03947	0.00183	0.95871
956 T	0.03948	0.00185	0.95866
957 T	0.03939	0.00204	0.95857
958 G	0.03931	0.00213	0.95856
959 T	0.03927	0.00221	0.95852
960 A	0.03923	0.00229	0.95848
961 T	0.03923	0.00230	0.95847
962 C	0.03922	0.00240	0.95838
963 T	0.03919	0.00268	0.95813
964 T	0.03906	0.00321	0.95773
965 T	0.03801	0.00460	0.95739
966 A	0.03662	0.00626	0.95711
967 A	0.03616	0.00686	0.95698
968 T	0.03581	0.00729	0.9569
969 A	0.03505	0.00818	0.95676
970 A	0.03473	0.00849	0.95678
971 T	0.03463	0.00857	0.9568
972 A	0.03445	0.00872	0.95683
973 G	0.03437	0.00879	0.95684
974 C	0.03442	0.00871	0.95687
975 T	0.03453	0.00860	0.95687
976 G	0.03454	0.00857	0.95688
977 G	0.03470	0.00840	0.9569
978 T	0.03514	0.00795	0.95691
979 T	0.03528	0.00779	0.95693
980 C	0.03531	0.00764	0.95705
981 A	0.03524	0.00765	0.95711
982 C	0.03528	0.00757	0.95715
983 T	0.03534	0.00749	0.95717
984 A	0.03536	0.00751	0.95714
985 T	0.03557	0.00731	0.95712
986 A	0.03581	0.00707	0.95713
987 T	0.03608	0.00666	0.95725
988 T	0.03591	0.00560	0.95849
989 T	0.03548	0.00468	0.95984
990 A	0.03452	0.00522	0.96027
991 G	0.03403	0.00538	0.96059
992 T	0.03388	0.00508	0.96104
993 T	0.03343	0.00547	0.96111
994 T	0.03264	0.00680	0.96056
995 T	0.03192	0.00797	0.96011
996 T	0.03034	0.01031	0.95935
997 A	0.02533	0.01739	0.95727
998 A	0.02124	0.02339	0.95537
999 T	0.01865	0.02726	0.95408
1000 A	0.01662	0.03010	0.95329
1001 A	0.01528	0.03174	0.95297
1002 A	0.01445	0.03277	0.95277
1003 A	0.01396	0.03338	0.95266
1004 C	0.01373	0.03353	0.95274
1005 G	0.01365	0.03370	0.95266
1006 A	0.01364	0.03380	0.95257
1007 A	0.01364	0.03382	0.95254
1008 A	0.01368	0.03377	0.95254
1009 T	0.01382	0.03355	0.95263
1010 A	0.01385	0.03327	0.95288
1011 T	0.01390	0.03272	0.95338
1012 A	0.01385	0.03219	0.95396
1013 G	0.01387	0.03117	0.95496
1014 T	0.01399	0.03031	0.9557
1015 G	0.01405	0.02969	0.95626
1016 G	0.01422	0.02927	0.9565
1017 T	0.01516	0.02788	0.95696
1018 A	0.01551	0.02820	0.95629
1019 A	0.01586	0.02696	0.95719
1020 A	0.01725	0.02119	0.96157
1021 G	0.01853	0.01568	0.96579
1022 G	0.01958	0.01171	0.96871
1023 T	0.02053	0.00935	0.97012
1024 C	0.02067	0.00851	0.97082
1025 A	0.02066	0.00885	0.97049
1026 T	0.02061	0.00914	0.97026
1027 T	0.02014	0.00999	0.96987
1028 T	0.01890	0.01233	0.96877
1029 A	0.01573	0.01942	0.96486
1030 G	0.01343	0.02537	0.96119
1031 A	0.01136	0.03166	0.95698
1032 A	0.00921	0.03495	0.95585
1033 A	0.00707	0.03791	0.95502
1034 A	0.00604	0.03955	0.95441
1035 A	0.00523	0.04072	0.95405
1036 C	0.00478	0.04123	0.954
1037 A	0.00459	0.04166	0.95375
1038 A	0.00470	0.04160	0.95369
1039 A	0.00512	0.04120	0.95368
1040 A	0.00568	0.04059	0.95373
1041 T	0.00678	0.03930	0.95391
1042 A	0.00701	0.03865	0.95435
1043 A	0.00704	0.03829	0.95467
1044 T	0.00711	0.03784	0.95506
1045 A	0.00671	0.03825	0.95505
1046 T	0.00654	0.03826	0.9552
1047 A	0.00580	0.03887	0.95534
1048 G	0.00584	0.03837	0.95579
1049 T	0.00623	0.03743	0.95633
1050 A	0.00620	0.03695	0.95686
1051 A	0.00713	0.03484	0.95803
1052 A	0.01048	0.02871	0.96081
1053 G	0.01379	0.02315	0.96306
1054 A	0.01735	0.01775	0.9649
1055 A	0.01883	0.01435	0.96682
1056 T	0.01995	0.01126	0.96879
1057 A	0.02063	0.00969	0.96968
1058 T	0.02107	0.00840	0.97053
1059 T	0.02103	0.00793	0.97104
1060 T	0.02032	0.00845	0.97123
1061 A	0.01891	0.01006	0.97103
1062 T	0.01765	0.01149	0.97087
1063 A	0.01423	0.01542	0.97034
1064 A	0.01180	0.01797	0.97023
1065 A	0.00935	0.02037	0.97027
1066 A	0.00838	0.02118	0.97044
1067 A	0.00821	0.02099	0.97081
1068 T	0.00837	0.02012	0.97152
1069 G	0.00839	0.01963	0.97198
1070 T	0.00857	0.01864	0.97279
1071 T	0.00852	0.01837	0.97311
1072 T	0.00819	0.01849	0.97331
1073 T	0.00796	0.01839	0.97364
1074 A	0.00764	0.01856	0.9738
1075 G	0.00755	0.01849	0.97396
1076 A	0.00754	0.01851	0.97395
1077 T	0.00762	0.01843	0.97395
1078 T	0.00761	0.01849	0.97389
1079 A	0.00746	0.01886	0.97369
1080 T	0.00739	0.01886	0.97376
1081 A	0.00716	0.01897	0.97387
1082 A	0.00701	0.01881	0.97417
1083 A	0.00699	0.01787	0.97514
1084 A	0.00731	0.01597	0.97672
1085 A	0.00767	0.01401	0.97832
1086 T	0.00831	0.01021	0.98148
1087 A	0.00843	0.00803	0.98354
1088 T	0.00855	0.00569	0.98575
1089 T	0.00855	0.00478	0.98667
1090 G	0.00845	0.00459	0.98695
1091 G	0.00841	0.00447	0.98711
1092 T	0.00840	0.00432	0.98728
1093 A	0.00837	0.00423	0.9874
1094 T	0.00838	0.00397	0.98765
1095 C	0.00829	0.00382	0.98789
1096 G	0.00824	0.00385	0.9879
1097 G	0.00827	0.00378	0.98796
1098 G	0.00837	0.00372	0.98791
1099 T	0.00858	0.00359	0.98783
1100 T	0.00872	0.00358	0.9877
1101 A	0.00882	0.00344	0.98773
1102 T	0.00906	0.00304	0.98789
1103 T	0.00911	0.00288	0.98801
1104 A	0.00908	0.00271	0.98821
1105 A	0.00910	0.00253	0.98837
1106 T	0.00913	0.00237	0.9885
1107 T	0.00914	0.00230	0.98855
1108 A	0.00913	0.00229	0.98858
1109 T	0.00914	0.00224	0.98863
1110 T	0.00912	0.00218	0.9887
1111 T	0.00905	0.00223	0.98872
1112 T	0.00894	0.00229	0.98876
1113 A	0.00869	0.00249	0.98883
1114 G	0.00859	0.00254	0.98888
1115 G	0.00856	0.00253	0.98891
1116 A	0.00856	0.00255	0.9889
1117 A	0.00861	0.00247	0.98892
1118 T	0.00885	0.00210	0.98905
1119 T	0.00902	0.00187	0.98911
1120 T	0.00911	0.00175	0.98914
1121 A	0.00916	0.00170	0.98914
1122 T	0.00924	0.00163	0.98913
1123 T	0.00931	0.00164	0.98905
1124 A	0.00934	0.00192	0.98874
1125 T	0.00940	0.00211	0.98849
1126 T	0.00940	0.00224	0.98835
1127 T	0.00914	0.00277	0.98809
1128 A	0.00866	0.00347	0.98787
1129 T	0.00840	0.00382	0.98779
1130 G	0.00784	0.00453	0.98763
1131 T	0.00757	0.00488	0.98755
1132 A	0.00739	0.00519	0.98742
1133 A	0.00731	0.00526	0.98743
1134 T	0.00728	0.00522	0.9875
1135 A	0.00724	0.00519	0.98757
1136 T	0.00725	0.00498	0.98777
1137 G	0.00714	0.00501	0.98784
1138 A	0.00707	0.00508	0.98785
1139 T	0.00708	0.00505	0.98787
1140 T	0.00702	0.00509	0.98789
1141 A	0.00677	0.00534	0.98788
1142 A	0.00663	0.00547	0.98789
1143 C	0.00651	0.00557	0.98792
1144 C	0.00641	0.00567	0.98792
1145 A	0.00629	0.00582	0.9879
1146 A	0.00631	0.00582	0.98787
1147 A	0.00671	0.00544	0.98785
1148 T	0.00708	0.00507	0.98784
1149 A	0.00725	0.00487	0.98788
1150 T	0.00757	0.00414	0.9883
1151 T	0.00774	0.00345	0.98881
1152 A	0.00779	0.00309	0.98912
1153 T	0.00794	0.00241	0.98964
1154 C	0.00801	0.00207	0.98992
1155 T	0.00812	0.00187	0.99
1156 T	0.00808	0.00188	0.99005
1157 T	0.00785	0.00209	0.99005
1158 T	0.00735	0.00259	0.99007
1159 A	0.00591	0.00409	0.99
1160 A	0.00532	0.00460	0.99007
1161 A	0.00481	0.00503	0.99016
1162 G	0.00465	0.00513	0.99023
1163 A	0.00457	0.00513	0.99031
1164 T	0.00452	0.00499	0.99049
1165 A	0.00444	0.00496	0.99061
1166 A	0.00439	0.00488	0.99073
1167 A	0.00434	0.00482	0.99084
1168 A	0.00434	0.00466	0.99099
1169 C	0.00436	0.00454	0.9911
1170 A	0.00436	0.00452	0.99111
1171 T	0.00437	0.00449	0.99113
1172 T	0.00436	0.00448	0.99116
1173 C	0.00433	0.00451	0.99117
1174 G	0.00430	0.00453	0.99117
1175 G	0.00429	0.00452	0.99118
1176 T	0.00430	0.00451	0.99119
1177 T	0.00429	0.00450	0.99121
1178 T	0.00429	0.00449	0.99122
1179 A	0.00426	0.00433	0.9914
1180 G	0.00426	0.00397	0.99177
1181 A	0.00427	0.00341	0.99232
1182 T	0.00433	0.00205	0.99362
1183 A	0.00437	0.00149	0.99414
1184 C	0.00442	0.00092	0.99465
1185 T	0.00447	0.00077	0.99475
1186 A	0.00449	0.00070	0.9948
1187 T	0.00453	0.00062	0.99485
1188 G	0.00453	0.00056	0.9949
1189 G	0.00454	0.00052	0.99494
1190 T	0.00455	0.00044	0.995
1191 A	0.00455	0.00043	0.99502
1192 T	0.00455	0.00041	0.99504
1193 A	0.00455	0.00040	0.99505
1194 T	0.00455	0.00039	0.99506
1195 A	0.00454	0.00039	0.99506
1196 T	0.00455	0.00037	0.99509
1197 T	0.00454	0.00037	0.99508
1198 A	0.00453	0.00044	0.99503
1199 T	0.00453	0.00047	0.995
1200 T	0.00450	0.00056	0.99494
1201 T	0.00447	0.00066	0.99487
1202 T	0.00440	0.00075	0.99485
1203 T	0.00432	0.00087	0.99481
1204 G	0.00421	0.00098	0.99481
1205 T	0.00418	0.00102	0.99481
1206 A	0.00412	0.00107	0.9948
1207 T	0.00410	0.00110	0.9948
1208 C	0.00407	0.00113	0.99481
1209 T	0.00405	0.00116	0.9948
1210 T	0.00402	0.00120	0.99478
1211 T	0.00397	0.00126	0.99477
1212 A	0.00387	0.00139	0.99475
1213 A	0.00383	0.00143	0.99475
1214 T	0.00382	0.00143	0.99474
1215 A	0.00380	0.00146	0.99474
1216 A	0.00380	0.00145	0.99475
1217 T	0.00381	0.00143	0.99476
1218 A	0.00382	0.00142	0.99476
1219 A	0.00383	0.00141	0.99476
1220 A	0.00387	0.00136	0.99478
1221 A	0.00395	0.00125	0.9948
1222 G	0.00401	0.00115	0.99484
1223 T	0.00413	0.00098	0.99489
1224 T	0.00420	0.00086	0.99494
1225 T	0.00423	0.00077	0.995
1226 T	0.00424	0.00071	0.99505
1227 T	0.00423	0.00065	0.99512
1228 A	0.00422	0.00065	0.99514
1229 A	0.00422	0.00062	0.99516
1230 T	0.00422	0.00059	0.99519
1231 T	0.00421	0.00059	0.9952
1232 T	0.00411	0.00071	0.99518
1233 G	0.00389	0.00091	0.9952
1234 A	0.00374	0.00102	0.99525
1235 T	0.00369	0.00098	0.99533
1236 T	0.00360	0.00103	0.99536
1237 C	0.00347	0.00114	0.99539
1238 C	0.00339	0.00121	0.9954
1239 T	0.00332	0.00129	0.99539
1240 G	0.00318	0.00144	0.99538
1241 A	0.00305	0.00158	0.99536
1242 T	0.00303	0.00161	0.99536
1243 G	0.00297	0.00169	0.99535
1244 A	0.00293	0.00176	0.99531
1245 A	0.00291	0.00178	0.99531
1246 T	0.00291	0.00178	0.99531
1247 A	0.00289	0.00180	0.99531
1248 T	0.00288	0.00180	0.99532
1249 C	0.00284	0.00184	0.99532
1250 A	0.00280	0.00192	0.99528
1251 A	0.00265	0.00210	0.99525
1252 A	0.00254	0.00225	0.99521
1253 A	0.00246	0.00236	0.99518
1254 A	0.00242	0.00240	0.99518
1255 T	0.00243	0.00224	0.99532
1256 A	0.00237	0.00209	0.99553
1257 T	0.00232	0.00196	0.99572
1258 G	0.00225	0.00194	0.99582
1259 T	0.00222	0.00190	0.99589
1260 A	0.00213	0.00190	0.99597
1261 G	0.00208	0.00188	0.99604
1262 T	0.00207	0.00183	0.9961
1263 A	0.00204	0.00179	0.99617
1264 C	0.00204	0.00168	0.99628
1265 A	0.00203	0.00168	0.99629
1266 A	0.00204	0.00164	0.99631
1267 A	0.00204	0.00161	0.99635
1268 C	0.00204	0.00158	0.99637
1269 T	0.00204	0.00158	0.99638
1270 G	0.00204	0.00156	0.99641
1271 G	0.00204	0.00154	0.99642
1272 A	0.00205	0.00151	0.99645
1273 A	0.00208	0.00144	0.99648
1274 A	0.00212	0.00123	0.99665
1275 A	0.00217	0.00104	0.99679
1276 T	0.00223	0.00087	0.9969
1277 T	0.00225	0.00076	0.997
1278 T	0.00225	0.00071	0.99703
1279 A	0.00226	0.00066	0.99709
1280 T	0.00226	0.00059	0.99715
1281 G	0.00226	0.00052	0.99722
1282 A	0.00228	0.00046	0.99726
1283 G	0.00229	0.00037	0.99734
1284 C	0.00231	0.00030	0.99739
1285 A	0.00234	0.00028	0.99739
1286 T	0.00238	0.00022	0.9974
1287 T	0.00238	0.00022	0.9974
1288 A	0.00237	0.00023	0.9974
1289 A	0.00238	0.00023	0.99739
1290 T	0.00238	0.00020	0.99742
1291 T	0.00239	0.00019	0.99742
1292 T	0.00239	0.00018	0.99743
1293 T	0.00239	0.00017	0.99744
1294 A	0.00237	0.00018	0.99745
1295 C	0.00236	0.00019	0.99745
1296 A	0.00233	0.00021	0.99745
1297 G	0.00232	0.00022	0.99745
1298 C	0.00232	0.00022	0.99745
1299 C	0.00232	0.00022	0.99745
1300 C	0.00232	0.00022	0.99745
1301 C	0.00233	0.00022	0.99745
1302 C	0.00233	0.00021	0.99745
1303 G	0.00233	0.00021	0.99745
1304 C	0.00234	0.00021	0.99745
1305 G	0.00234	0.00021	0.99745
1306 T	0.00235	0.00020	0.99745
1307 T	0.00235	0.00019	0.99745
1308 A	0.00236	0.00018	0.99746
1309 G	0.00237	0.00017	0.99746
1310 T	0.00237	0.00015	0.99747
1311 C	0.00238	0.00013	0.99748
1312 G	0.00239	0.00012	0.9975
1313 C	0.00240	0.00011	0.9975
1314 T	0.00240	0.00011	0.9975
1315 T	0.00240	0.00011	0.99749
1316 T	0.00240	0.00011	0.99749
1317 A	0.00240	0.00011	0.99749
1318 G	0.00240	0.00010	0.9975
1319 G	0.00240	0.00007	0.99752
1320 T	0.00239	0.00007	0.99754
1321 T	0.00239	0.00007	0.99754
1322 T	0.00239	0.00007	0.99754
1323 A	0.00238	0.00008	0.99754
1324 G	0.00237	0.00008	0.99754
1325 A	0.00237	0.00008	0.99754
1326 T	0.00237	0.00008	0.99755
1327 A	0.00237	0.00008	0.99755
1328 C	0.00237	0.00008	0.99755
