# lcl|CP097583.1_cds_USQ93535.1_1
# AA	inside	membr	outside
1 G	0.13288	0.00000	0.86713
2 T	0.13277	0.00011	0.86713
3 G	0.13269	0.00019	0.86713
4 A	0.13269	0.00181	0.86551
5 T	0.13148	0.00340	0.86512
6 T	0.13148	0.00359	0.86494
7 A	0.10972	0.02550	0.86479
8 A	0.10972	0.02550	0.86478
9 C	0.10871	0.02658	0.86471
10 A	0.10871	0.03415	0.85715
11 A	0.10864	0.03445	0.85692
12 A	0.10795	0.03516	0.8569
13 G	0.10735	0.03582	0.85683
14 T	0.10735	0.03582	0.85683
15 T	0.10735	0.03715	0.8555
16 C	0.10734	0.03716	0.8555
17 T	0.10732	0.03725	0.85543
18 T	0.10732	0.03739	0.85529
19 T	0.10712	0.03770	0.85519
20 T	0.10485	0.04220	0.85295
21 T	0.09677	0.05030	0.85293
22 T	0.09560	0.05238	0.85202
23 T	0.09232	0.05802	0.84966
24 A	0.08405	0.06860	0.84735
25 A	0.07748	0.07653	0.84599
26 A	0.07514	0.07862	0.84624
27 A	0.07560	0.07686	0.84754
28 A	0.07571	0.07508	0.84922
29 G	0.07596	0.07327	0.85076
30 C	0.07686	0.05502	0.86812
31 A	0.07721	0.05462	0.86818
32 T	0.07802	0.05313	0.86885
33 T	0.08353	0.04752	0.86895
34 A	0.08371	0.04730	0.869
35 C	0.08381	0.04671	0.86948
36 C	0.08392	0.04615	0.86992
37 G	0.08398	0.04618	0.86983
38 A	0.08526	0.04500	0.86973
39 T	0.08569	0.04518	0.86913
40 T	0.08626	0.04476	0.86898
41 T	0.08636	0.04489	0.86876
42 A	0.08628	0.04544	0.86828
43 A	0.08737	0.04178	0.87085
44 A	0.08708	0.03702	0.8759
45 A	0.08787	0.03418	0.87795
46 T	0.09030	0.02786	0.88184
47 A	0.09207	0.01955	0.88838
48 T	0.09351	0.01231	0.89417
49 C	0.09280	0.01112	0.89608
50 G	0.09235	0.01132	0.89633
51 T	0.09124	0.01255	0.89621
52 C	0.08966	0.01424	0.8961
53 C	0.08773	0.01644	0.89583
54 C	0.08682	0.01742	0.89577
55 T	0.08629	0.01798	0.89573
56 T	0.08566	0.01866	0.89568
57 A	0.08468	0.01964	0.89568
58 C	0.08393	0.02039	0.89569
59 C	0.08333	0.02098	0.8957
60 T	0.08291	0.02139	0.8957
61 C	0.08239	0.02190	0.89571
62 A	0.08262	0.02167	0.8957
63 A	0.08269	0.02160	0.89571
64 C	0.08317	0.02104	0.89578
65 T	0.08439	0.01968	0.89592
66 A	0.08472	0.01929	0.896
67 T	0.08696	0.01658	0.89645
68 C	0.08638	0.01693	0.89669
69 A	0.08560	0.01770	0.8967
70 G	0.08553	0.01743	0.89704
71 A	0.08551	0.01710	0.89739
72 G	0.08553	0.01625	0.89822
73 A	0.08575	0.01555	0.89869
74 T	0.08642	0.01305	0.90053
75 T	0.08661	0.01114	0.90225
76 T	0.08673	0.00882	0.90446
77 T	0.08668	0.00784	0.90547
78 T	0.08658	0.00739	0.90603
79 T	0.08645	0.00736	0.90619
80 T	0.08636	0.00689	0.90674
81 A	0.08612	0.00682	0.90705
82 A	0.08552	0.00703	0.90745
83 T	0.08500	0.00735	0.90765
84 C	0.08323	0.00958	0.90718
85 G	0.07748	0.01869	0.90384
86 G	0.07372	0.02511	0.90117
87 A	0.07159	0.02922	0.8992
88 A	0.07100	0.03148	0.89752
89 G	0.07079	0.03228	0.89693
90 A	0.07069	0.03260	0.89671
91 A	0.07065	0.03217	0.89718
92 G	0.07066	0.03137	0.89797
93 T	0.07065	0.03116	0.89819
94 A	0.07060	0.03116	0.89824
95 A	0.07061	0.03106	0.89833
96 T	0.07060	0.03094	0.89846
97 G	0.07040	0.03106	0.89853
98 T	0.07035	0.03099	0.89865
99 C	0.07020	0.03098	0.89882
100 G	0.07011	0.03101	0.89887
101 G	0.07011	0.03095	0.89894
102 C	0.07037	0.03062	0.89902
103 A	0.07042	0.03055	0.89903
104 A	0.07068	0.03019	0.89913
105 G	0.07111	0.02904	0.89986
106 A	0.07199	0.02758	0.90042
107 G	0.07376	0.02421	0.90203
108 T	0.07809	0.01393	0.90798
109 T	0.08064	0.00761	0.91176
110 C	0.08205	0.00415	0.9138
111 T	0.08321	0.00268	0.91411
112 T	0.08352	0.00234	0.91414
113 T	0.08357	0.00230	0.91413
114 T	0.08341	0.00253	0.91406
115 A	0.08289	0.00319	0.91392
116 T	0.08247	0.00367	0.91387
117 T	0.08116	0.00563	0.91321
118 A	0.07593	0.01103	0.91304
119 A	0.07203	0.01498	0.91299
120 T	0.07015	0.01672	0.91313
121 G	0.06884	0.01827	0.91289
122 C	0.06826	0.02007	0.91167
123 T	0.06785	0.02257	0.90958
124 T	0.06755	0.02451	0.90794
125 T	0.06732	0.02552	0.90717
126 A	0.06659	0.02706	0.90635
127 G	0.06617	0.02824	0.9056
128 T	0.06591	0.02896	0.90513
129 T	0.06405	0.03148	0.90447
130 A	0.06141	0.03459	0.904
131 A	0.06056	0.03590	0.90354
132 T	0.06007	0.03659	0.90334
133 A	0.05950	0.03745	0.90305
134 A	0.05923	0.03797	0.90279
135 T	0.05918	0.03815	0.90267
136 A	0.05898	0.03865	0.90236
137 A	0.05888	0.03904	0.90208
138 A	0.05809	0.03973	0.90218
139 A	0.05804	0.03914	0.90282
140 A	0.05853	0.03721	0.90425
141 A	0.05875	0.03196	0.90929
142 A	0.05899	0.02763	0.91338
143 C	0.05938	0.02504	0.91557
144 G	0.06019	0.02319	0.91662
145 G	0.06200	0.02101	0.91699
146 C	0.06439	0.01831	0.91731
147 T	0.06618	0.01654	0.91728
148 T	0.06679	0.01623	0.91698
149 T	0.06701	0.01635	0.91664
150 A	0.06674	0.01956	0.91369
151 G	0.06682	0.01973	0.91345
152 T	0.06711	0.01802	0.91487
153 A	0.06674	0.01704	0.91622
154 T	0.06687	0.01665	0.91648
155 C	0.06629	0.01810	0.91561
156 G	0.06246	0.02720	0.91035
157 A	0.06144	0.02954	0.90902
158 A	0.06115	0.03025	0.90859
159 A	0.06130	0.02997	0.90872
160 A	0.06177	0.02936	0.90888
161 C	0.06224	0.02787	0.9099
162 T	0.06201	0.02788	0.91011
163 C	0.06111	0.02868	0.91021
164 C	0.06051	0.02931	0.91018
165 C	0.05990	0.03005	0.91005
166 G	0.05898	0.03151	0.90951
167 G	0.05842	0.03244	0.90914
168 T	0.05830	0.03283	0.90887
169 A	0.05798	0.03320	0.90882
170 A	0.05799	0.03322	0.90879
171 A	0.05824	0.03281	0.90895
172 A	0.05913	0.03155	0.90932
173 C	0.06206	0.02774	0.9102
174 A	0.06295	0.02663	0.91042
175 A	0.06440	0.02484	0.91077
176 T	0.06686	0.02170	0.91144
177 T	0.06779	0.02039	0.91182
178 A	0.06867	0.01899	0.91234
179 C	0.07240	0.01105	0.91655
180 T	0.07360	0.00899	0.91741
181 T	0.07388	0.00855	0.91757
182 T	0.07379	0.00911	0.9171
183 A	0.07363	0.00976	0.91661
184 A	0.07358	0.01008	0.91634
185 A	0.07361	0.00962	0.91677
186 T	0.07380	0.00830	0.91789
187 T	0.07398	0.00743	0.91859
188 A	0.07421	0.00671	0.91909
189 T	0.07473	0.00526	0.92001
190 T	0.07497	0.00448	0.92055
191 T	0.07504	0.00417	0.92079
192 T	0.07500	0.00393	0.92106
193 T	0.07496	0.00387	0.92117
194 T	0.07485	0.00394	0.92121
195 A	0.07464	0.00423	0.92113
196 T	0.07451	0.00438	0.92112
197 T	0.07433	0.00464	0.92103
198 A	0.07399	0.00538	0.92063
199 A	0.07367	0.00597	0.92036
200 A	0.07360	0.00616	0.92023
201 T	0.07364	0.00611	0.92025
202 G	0.07368	0.00600	0.92032
203 A	0.07390	0.00573	0.92037
204 T	0.07431	0.00520	0.92049
205 T	0.07489	0.00448	0.92064
206 C	0.07530	0.00393	0.92077
207 T	0.07561	0.00361	0.92078
208 T	0.07570	0.00355	0.92074
209 T	0.07573	0.00358	0.9207
210 T	0.07572	0.00363	0.92064
211 T	0.07568	0.00379	0.92052
212 A	0.07553	0.00400	0.92047
213 T	0.07544	0.00406	0.9205
214 T	0.07530	0.00418	0.92052
215 T	0.07504	0.00444	0.92052
216 A	0.07468	0.00477	0.92054
217 G	0.07437	0.00504	0.92059
218 T	0.07443	0.00491	0.92067
219 A	0.07436	0.00497	0.92067
220 G	0.07442	0.00473	0.92084
221 A	0.07479	0.00410	0.9211
222 T	0.07508	0.00355	0.92138
223 T	0.07515	0.00339	0.92146
224 C	0.07506	0.00345	0.92149
225 T	0.07483	0.00367	0.9215
226 C	0.07432	0.00419	0.92149
227 C	0.07381	0.00475	0.92144
228 T	0.07322	0.00554	0.92125
229 G	0.07218	0.00689	0.92094
230 G	0.07169	0.00762	0.92069
231 T	0.07140	0.00808	0.92051
232 T	0.07079	0.00883	0.92038
233 A	0.07012	0.00956	0.92031
234 T	0.07009	0.00951	0.9204
235 G	0.06976	0.00972	0.92052
236 G	0.06959	0.00973	0.92069
237 T	0.06958	0.00962	0.9208
238 T	0.06951	0.00959	0.92091
239 A	0.06890	0.01006	0.92104
240 C	0.06816	0.01059	0.92125
241 A	0.06653	0.01241	0.92106
242 T	0.06523	0.01379	0.92098
243 G	0.06200	0.01741	0.92059
244 A	0.05852	0.02195	0.91954
245 A	0.05507	0.02632	0.91861
246 A	0.04901	0.03310	0.91789
247 A	0.04501	0.03768	0.91731
248 A	0.04356	0.03915	0.9173
249 A	0.04302	0.03946	0.91752
250 A	0.04288	0.03911	0.91802
251 G	0.04298	0.03828	0.91874
252 T	0.04332	0.03682	0.91986
253 T	0.04344	0.03599	0.92058
254 T	0.04324	0.03582	0.92093
255 G	0.04243	0.03621	0.92136
256 C	0.04190	0.03647	0.92164
257 A	0.04127	0.03740	0.92134
258 A	0.04079	0.03812	0.9211
259 G	0.04054	0.03843	0.92103
260 T	0.04042	0.03900	0.92059
261 T	0.03994	0.04080	0.91926
262 A	0.03814	0.04358	0.91828
263 A	0.03723	0.04438	0.91839
264 A	0.03670	0.04410	0.91919
265 A	0.03618	0.04383	0.91998
266 A	0.03633	0.04098	0.92269
267 A	0.03705	0.03720	0.92574
268 A	0.03776	0.03354	0.9287
269 G	0.03855	0.02650	0.93494
270 T	0.03932	0.02251	0.93817
271 G	0.03954	0.02138	0.93908
272 T	0.03985	0.02084	0.93932
273 T	0.03986	0.02082	0.93932
274 G	0.03977	0.02080	0.93943
275 T	0.03973	0.02089	0.93939
276 T	0.03968	0.02116	0.93916
277 A	0.03964	0.02166	0.9387
278 A	0.03964	0.02183	0.93853
279 A	0.03974	0.02208	0.93818
280 A	0.04008	0.02206	0.93786
281 T	0.04054	0.02211	0.93734
282 G	0.04050	0.02396	0.93554
283 A	0.04080	0.02869	0.93051
284 T	0.04220	0.02847	0.92933
285 T	0.04356	0.02672	0.92972
286 A	0.04374	0.02676	0.9295
287 A	0.04445	0.02600	0.92954
288 T	0.04512	0.02516	0.92972
289 A	0.04528	0.02568	0.92903
290 A	0.04568	0.02534	0.92897
291 T	0.04692	0.02433	0.92875
292 T	0.04732	0.02434	0.92834
293 T	0.04751	0.02453	0.92797
294 T	0.04739	0.02474	0.92786
295 T	0.04662	0.02587	0.92751
296 T	0.04459	0.02843	0.92698
297 A	0.03819	0.03625	0.92556
298 C	0.03517	0.04006	0.92477
299 A	0.03303	0.04442	0.92254
300 A	0.03263	0.04656	0.92081
301 A	0.03282	0.04710	0.92008
302 A	0.03357	0.04659	0.91984
303 A	0.03475	0.04552	0.91974
304 A	0.03639	0.04377	0.91983
305 A	0.03925	0.04050	0.92025
306 T	0.04524	0.03407	0.9207
307 T	0.04704	0.03203	0.92093
308 T	0.04779	0.03106	0.92115
309 C	0.04808	0.03049	0.92143
310 G	0.04829	0.03031	0.92139
311 A	0.04851	0.03014	0.92135
312 T	0.04924	0.02942	0.92135
313 A	0.04941	0.02928	0.92131
314 T	0.04982	0.02890	0.92127
315 T	0.04995	0.02866	0.92139
316 A	0.04941	0.02910	0.92148
317 A	0.04912	0.02878	0.92209
318 A	0.04940	0.02724	0.92335
319 A	0.05029	0.02398	0.92573
320 T	0.05231	0.01540	0.93229
321 T	0.05344	0.01127	0.93529
322 C	0.05517	0.00754	0.93729
323 T	0.05661	0.00573	0.93767
324 T	0.05708	0.00502	0.9379
325 T	0.05703	0.00499	0.93799
326 T	0.05646	0.00555	0.93799
327 T	0.05599	0.00606	0.93795
328 C	0.05545	0.00674	0.93782
329 A	0.05508	0.00854	0.93638
330 A	0.05497	0.00968	0.93534
331 T	0.05501	0.01028	0.93471
332 T	0.05499	0.01063	0.93438
333 T	0.05492	0.01145	0.93363
334 A	0.05474	0.01354	0.93172
335 T	0.05468	0.01386	0.93146
336 A	0.05430	0.01438	0.93132
337 G	0.05421	0.01429	0.93149
338 A	0.05427	0.01396	0.93177
339 T	0.05425	0.01326	0.93248
340 T	0.05403	0.01308	0.93289
341 T	0.05340	0.01352	0.93308
342 T	0.05212	0.01482	0.93306
343 A	0.05030	0.01682	0.93287
344 A	0.04934	0.01786	0.9328
345 A	0.04854	0.01867	0.93279
346 G	0.04830	0.01876	0.93293
347 T	0.04809	0.01889	0.93302
348 A	0.04767	0.01908	0.93324
349 G	0.04751	0.01864	0.93384
350 G	0.04754	0.01816	0.9343
351 G	0.04775	0.01751	0.93474
352 C	0.04914	0.01573	0.93514
353 C	0.05042	0.01437	0.93521
354 T	0.05152	0.01328	0.9352
355 A	0.05191	0.01290	0.9352
356 C	0.05266	0.01205	0.93529
357 T	0.05429	0.01036	0.93535
358 T	0.05468	0.00998	0.93534
359 T	0.05492	0.00950	0.93558
360 T	0.05498	0.00949	0.93553
361 T	0.05496	0.00961	0.93544
362 T	0.05471	0.00949	0.93581
363 A	0.05424	0.00997	0.93579
364 G	0.05407	0.00967	0.93626
365 A	0.05364	0.00949	0.93687
366 T	0.05337	0.00848	0.93815
367 A	0.05264	0.00924	0.93812
368 T	0.05191	0.01078	0.93732
369 A	0.05107	0.01494	0.93399
370 G	0.05074	0.01906	0.9302
371 A	0.05040	0.02675	0.92285
372 A	0.05024	0.02943	0.92034
373 A	0.05020	0.03147	0.91833
374 T	0.05021	0.03263	0.91716
375 A	0.05010	0.03305	0.91684
376 T	0.04998	0.03345	0.91657
377 A	0.04965	0.03412	0.91623
378 T	0.04921	0.03457	0.91622
379 C	0.04878	0.03500	0.91622
380 A	0.04845	0.03539	0.91616
381 A	0.04816	0.03565	0.91619
382 C	0.04802	0.03572	0.91626
383 T	0.04792	0.03624	0.91584
384 A	0.04778	0.03746	0.91476
385 T	0.04805	0.03812	0.91383
386 T	0.04800	0.03853	0.91348
387 A	0.04771	0.03878	0.91352
388 A	0.04773	0.03824	0.91402
389 G	0.04789	0.03745	0.91467
390 A	0.04846	0.03614	0.91541
391 C	0.05020	0.03351	0.91628
392 A	0.05377	0.02954	0.91668
393 A	0.05824	0.02486	0.9169
394 T	0.06621	0.01662	0.91717
395 C	0.06834	0.01435	0.91731
396 T	0.06982	0.01291	0.91727
397 A	0.07041	0.01233	0.91725
398 A	0.07067	0.01201	0.91733
399 T	0.07102	0.01150	0.91749
400 T	0.07121	0.01106	0.91773
401 T	0.07104	0.01063	0.91833
402 T	0.07046	0.01077	0.91876
403 A	0.06901	0.01189	0.91911
404 A	0.06806	0.01240	0.91955
405 A	0.06748	0.01237	0.92016
406 C	0.06735	0.01175	0.92089
407 C	0.06817	0.01067	0.92117
408 T	0.06932	0.00961	0.92106
409 T	0.06949	0.00959	0.92092
410 G	0.06893	0.01022	0.92085
411 T	0.06838	0.01109	0.92053
412 T	0.06680	0.01300	0.92021
413 T	0.06365	0.01670	0.91966
414 A	0.05972	0.02189	0.91839
415 A	0.05868	0.02389	0.91743
416 T	0.05803	0.02482	0.91716
417 T	0.05665	0.02651	0.91684
418 T	0.05530	0.02830	0.91639
419 T	0.05373	0.03044	0.91583
420 A	0.05147	0.03325	0.91528
421 A	0.05042	0.03464	0.91493
422 A	0.04994	0.03549	0.91457
423 T	0.04933	0.03660	0.91406
424 A	0.04774	0.03962	0.91265
425 A	0.04652	0.04110	0.91238
426 A	0.04156	0.04555	0.91289
427 A	0.03642	0.05054	0.91304
428 A	0.03471	0.05220	0.91308
429 A	0.03417	0.05298	0.91285
430 G	0.03396	0.05322	0.91282
431 A	0.03405	0.05325	0.9127
432 T	0.03431	0.05279	0.9129
433 A	0.03439	0.05231	0.9133
434 A	0.03475	0.05123	0.91402
435 A	0.03523	0.04907	0.9157
436 G	0.03614	0.04465	0.91922
437 T	0.03776	0.03932	0.92292
438 T	0.03920	0.03638	0.92442
439 T	0.03975	0.03428	0.92597
440 C	0.03998	0.03194	0.92808
441 G	0.04014	0.03131	0.92855
442 T	0.04030	0.03053	0.92918
443 C	0.04025	0.02979	0.92997
444 G	0.04018	0.03014	0.92968
445 A	0.04040	0.03111	0.92849
446 A	0.04107	0.03098	0.92795
447 T	0.04274	0.02857	0.92869
448 A	0.04304	0.02862	0.92833
449 A	0.04336	0.02457	0.93207
450 G	0.04382	0.02061	0.93557
451 G	0.04438	0.02029	0.93534
452 T	0.04527	0.02106	0.93366
453 T	0.04566	0.02419	0.93015
454 A	0.04551	0.03006	0.92443
455 T	0.04533	0.03075	0.92393
456 A	0.04444	0.03300	0.92256
457 A	0.04344	0.03551	0.92105
458 A	0.04031	0.04182	0.91788
459 C	0.03762	0.04769	0.9147
460 A	0.03671	0.05222	0.91107
461 G	0.03641	0.05412	0.90947
462 A	0.03616	0.05566	0.90818
463 T	0.03637	0.05631	0.90732
464 T	0.03644	0.05691	0.90664
465 T	0.03637	0.05681	0.90682
466 A	0.03579	0.05715	0.90705
467 A	0.03555	0.05707	0.90739
468 A	0.03630	0.05614	0.90755
469 C	0.03729	0.05492	0.90779
470 A	0.03786	0.05494	0.9072
471 A	0.03921	0.05330	0.90749
472 A	0.04106	0.05123	0.9077
473 T	0.04384	0.04824	0.90793
474 T	0.04597	0.04596	0.90806
475 C	0.04742	0.04401	0.90857
476 G	0.05011	0.04110	0.90878
477 A	0.05439	0.03654	0.90907
478 G	0.05496	0.03566	0.90939
479 A	0.05653	0.03363	0.90984
480 A	0.05895	0.03068	0.91036
481 A	0.06348	0.02297	0.91354
482 T	0.06875	0.01454	0.91671
483 T	0.07220	0.01021	0.91759
484 T	0.07307	0.00940	0.91753
485 T	0.07235	0.01138	0.91627
486 T	0.07065	0.01346	0.91589
487 G	0.06576	0.01884	0.91539
488 A	0.05944	0.02626	0.9143
489 A	0.05649	0.02944	0.91407
490 C	0.05573	0.03024	0.91403
491 A	0.05451	0.03336	0.91212
492 A	0.05263	0.03670	0.91067
493 T	0.05202	0.03778	0.9102
494 T	0.05011	0.04086	0.90904
495 A	0.04875	0.04440	0.90685
496 G	0.04791	0.04681	0.90528
497 G	0.04755	0.04716	0.90529
498 T	0.04744	0.04714	0.90543
499 T	0.04696	0.04758	0.90546
500 A	0.04633	0.04838	0.90529
501 C	0.04597	0.04875	0.90528
502 A	0.04571	0.04924	0.90505
503 A	0.04560	0.04963	0.90478
504 T	0.04576	0.04955	0.90469
505 G	0.04585	0.04954	0.90461
506 A	0.04611	0.04933	0.90456
507 A	0.04673	0.04807	0.9052
508 A	0.04832	0.04473	0.90695
509 T	0.04929	0.04140	0.9093
510 A	0.05034	0.03590	0.91375
511 T	0.05224	0.02814	0.91963
512 T	0.05314	0.02449	0.92237
513 A	0.05357	0.02325	0.92317
514 A	0.05505	0.02057	0.92437
515 T	0.05675	0.01659	0.92667
516 G	0.05724	0.01492	0.92784
517 T	0.05850	0.01199	0.92952
518 A	0.06028	0.00995	0.92976
519 T	0.06197	0.00846	0.92957
520 T	0.06211	0.01031	0.92758
521 T	0.06204	0.01151	0.92646
522 A	0.06183	0.01321	0.92496
523 T	0.06194	0.01304	0.92502
524 T	0.06170	0.01407	0.92423
525 A	0.06132	0.01524	0.92344
526 T	0.06135	0.01530	0.92336
527 C	0.06077	0.01615	0.92307
528 T	0.06012	0.01870	0.92118
529 T	0.05777	0.02506	0.91717
530 G	0.05311	0.03277	0.91413
531 T	0.04992	0.04122	0.90886
532 A	0.04556	0.04758	0.90686
533 A	0.04261	0.05136	0.90604
534 A	0.03972	0.05495	0.90532
535 A	0.03837	0.05659	0.90504
536 C	0.03772	0.05727	0.90501
537 G	0.03712	0.05843	0.90445
538 A	0.03684	0.05938	0.90377
539 A	0.03695	0.05956	0.90349
540 A	0.03734	0.05942	0.90325
541 G	0.03809	0.05890	0.90301
542 A	0.03939	0.05767	0.90294
543 T	0.04195	0.05488	0.90317
544 G	0.04304	0.05359	0.90338
545 G	0.04462	0.05183	0.90355
546 A	0.04538	0.05116	0.90346
547 T	0.04682	0.04945	0.90373
548 T	0.04794	0.04786	0.9042
549 A	0.04844	0.04721	0.90434
550 A	0.04912	0.04594	0.90495
551 A	0.05122	0.04287	0.9059
552 T	0.05523	0.03603	0.90874
553 A	0.05754	0.02934	0.91312
554 A	0.06211	0.02155	0.91634
555 T	0.06435	0.01529	0.92037
556 A	0.06524	0.01204	0.92273
557 T	0.06616	0.00869	0.92515
558 T	0.06630	0.00818	0.92552
559 A	0.06600	0.00886	0.92514
560 T	0.06605	0.00920	0.92475
561 T	0.06606	0.01102	0.92291
562 G	0.06510	0.01566	0.91923
563 A	0.06462	0.01665	0.91873
564 T	0.06460	0.01701	0.9184
565 T	0.06423	0.01765	0.91812
566 T	0.06309	0.01931	0.9176
567 C	0.06213	0.02066	0.91721
568 A	0.06131	0.02275	0.91594
569 T	0.06150	0.02283	0.91567
570 T	0.06157	0.02289	0.91553
571 T	0.06149	0.02301	0.9155
572 A	0.06151	0.02299	0.91551
573 T	0.06164	0.02278	0.91558
574 T	0.06170	0.02268	0.91562
575 C	0.06173	0.02262	0.91565
576 T	0.06180	0.02253	0.91567
577 A	0.06185	0.02247	0.91567
578 A	0.06193	0.02237	0.91569
579 A	0.06217	0.02211	0.91573
580 A	0.06271	0.02153	0.91576
581 T	0.06393	0.01992	0.91615
582 A	0.06501	0.01834	0.91664
583 G	0.06604	0.01671	0.91725
584 A	0.06818	0.01401	0.91781
585 T	0.07190	0.00903	0.91907
586 T	0.07265	0.00748	0.91987
587 T	0.07321	0.00640	0.92039
588 A	0.07354	0.00550	0.92096
589 T	0.07411	0.00370	0.92219
590 A	0.07442	0.00235	0.92323
591 A	0.07555	0.00000	0.92445
