# lcl|CP097583.1_cds_USQ93597.1_1
# AA	inside	membr	outside
1 A	0.48903	0.00000	0.51096
2 T	0.48493	0.00411	0.51096
3 G	0.48149	0.00755	0.51096
4 A	0.48149	0.21796	0.30055
5 A	0.44810	0.37945	0.17244
6 T	0.44810	0.40447	0.14743
7 A	0.18616	0.68427	0.12956
8 A	0.18615	0.68439	0.12946
9 A	0.15398	0.71852	0.1275
10 A	0.15393	0.78759	0.05848
11 A	0.14982	0.79263	0.05755
12 C	0.09999	0.84281	0.05719
13 A	0.03411	0.91644	0.04945
14 A	0.03410	0.91644	0.04945
15 C	0.03410	0.93729	0.0286
16 A	0.03371	0.93768	0.0286
17 T	0.03339	0.93842	0.02818
18 T	0.03338	0.93918	0.02744
19 A	0.03117	0.94190	0.02692
20 A	0.02509	0.95160	0.0233
21 A	0.02201	0.95461	0.02338
22 A	0.02259	0.95392	0.02348
23 A	0.02515	0.95055	0.0243
24 A	0.03583	0.93876	0.02541
25 A	0.04928	0.91174	0.03899
26 A	0.06307	0.88836	0.04857
27 T	0.23986	0.68467	0.07546
28 A	0.32385	0.57637	0.09979
29 A	0.34659	0.54500	0.10841
30 A	0.36899	0.33532	0.29569
31 A	0.37306	0.33451	0.29243
32 T	0.38167	0.28983	0.32849
33 A	0.41917	0.26188	0.31896
34 A	0.41785	0.26769	0.31446
35 A	0.42132	0.22710	0.35157
36 C	0.43581	0.16294	0.40124
37 T	0.44278	0.16402	0.3932
38 A	0.44486	0.17092	0.38422
39 T	0.42893	0.19729	0.37378
40 T	0.41327	0.21785	0.36888
41 T	0.40445	0.23017	0.36537
42 T	0.38690	0.24830	0.3648
43 C	0.36608	0.26630	0.36762
44 A	0.34325	0.29666	0.36008
45 T	0.31998	0.32251	0.35751
46 A	0.27923	0.36350	0.35726
47 A	0.25078	0.39196	0.35726
48 C	0.21413	0.42856	0.35732
49 A	0.19352	0.45059	0.35588
50 C	0.18750	0.45643	0.35608
51 T	0.19033	0.45342	0.35625
52 G	0.18398	0.45982	0.35619
53 A	0.17460	0.46934	0.35605
54 C	0.18195	0.45969	0.35836
55 A	0.18378	0.45817	0.35805
56 T	0.20136	0.42594	0.3727
57 A	0.21047	0.41089	0.37864
58 A	0.21698	0.40081	0.38221
59 T	0.22840	0.38667	0.38493
60 T	0.23751	0.36979	0.39269
61 G	0.24254	0.34555	0.41191
62 A	0.25178	0.31234	0.43588
63 T	0.25898	0.27913	0.46189
64 T	0.26223	0.25786	0.47992
65 C	0.26276	0.23674	0.50051
66 T	0.26232	0.22726	0.51042
67 A	0.25829	0.23368	0.50803
68 T	0.25627	0.22271	0.52102
69 T	0.25311	0.20913	0.53776
70 G	0.24695	0.22665	0.5264
71 A	0.24240	0.23864	0.51896
72 T	0.24178	0.23611	0.5221
73 G	0.23882	0.25070	0.51048
74 A	0.23402	0.25976	0.50622
75 A	0.23215	0.25765	0.5102
76 T	0.23130	0.24483	0.52387
77 T	0.22847	0.24675	0.52478
78 C	0.21949	0.25987	0.52064
79 A	0.21153	0.30038	0.48809
80 A	0.20823	0.34620	0.44557
81 T	0.20423	0.40483	0.39093
82 A	0.19893	0.47655	0.32452
83 A	0.19560	0.53642	0.26798
84 T	0.19203	0.58740	0.22057
85 A	0.18926	0.68030	0.13044
86 A	0.18833	0.71111	0.10056
87 A	0.18823	0.71248	0.09929
88 A	0.19048	0.70948	0.10003
89 A	0.19852	0.69766	0.10382
90 T	0.22310	0.66090	0.116
91 C	0.23197	0.64712	0.12091
92 G	0.24134	0.63671	0.12195
93 A	0.26776	0.60968	0.12256
94 T	0.31478	0.56072	0.1245
95 T	0.33122	0.54380	0.12499
96 A	0.33910	0.53561	0.1253
97 T	0.34543	0.52512	0.12945
98 T	0.34545	0.52547	0.12907
99 A	0.34051	0.53733	0.12216
100 A	0.33939	0.53575	0.12487
101 A	0.34325	0.52343	0.13332
102 A	0.37127	0.48871	0.14003
103 A	0.41668	0.43899	0.14432
104 C	0.48254	0.36724	0.15023
105 A	0.54353	0.30225	0.15422
106 A	0.59702	0.24587	0.15712
107 C	0.64520	0.19435	0.16045
108 T	0.72989	0.11046	0.15965
109 T	0.74602	0.09947	0.15451
110 A	0.72408	0.13559	0.14033
111 T	0.71209	0.15596	0.13194
112 T	0.69890	0.17486	0.12624
113 T	0.66027	0.21900	0.12073
114 A	0.54102	0.34471	0.11427
115 A	0.46765	0.41862	0.11373
116 T	0.39236	0.49434	0.11331
117 A	0.33064	0.55532	0.11404
118 A	0.29711	0.58665	0.11624
119 C	0.27456	0.60246	0.12297
120 G	0.25019	0.62536	0.12445
121 C	0.24368	0.62987	0.12645
122 C	0.24635	0.62578	0.12787
123 G	0.24360	0.62843	0.12796
124 G	0.24181	0.63054	0.12765
125 A	0.24078	0.63189	0.12734
126 T	0.24004	0.63279	0.12717
127 A	0.23539	0.63750	0.1271
128 G	0.23106	0.63423	0.1347
129 A	0.23149	0.62928	0.13923
130 G	0.23254	0.62518	0.14229
131 A	0.23571	0.61843	0.14585
132 A	0.24391	0.59627	0.15983
133 T	0.26318	0.53651	0.2003
134 T	0.27325	0.48999	0.23676
135 T	0.27757	0.46938	0.25306
136 A	0.27958	0.43576	0.28466
137 A	0.28302	0.33910	0.37789
138 A	0.28379	0.26228	0.45393
139 T	0.28514	0.17280	0.54205
140 T	0.28507	0.13085	0.58407
141 T	0.28210	0.12401	0.59389
142 A	0.27584	0.15089	0.57326
143 T	0.27329	0.15755	0.56916
144 T	0.26831	0.18495	0.54674
145 A	0.25583	0.24496	0.4992
146 A	0.24907	0.34674	0.40419
147 A	0.24508	0.45228	0.30264
148 G	0.24045	0.56355	0.196
149 A	0.23849	0.58042	0.18109
150 A	0.23896	0.58515	0.17588
151 T	0.24161	0.58414	0.17424
152 A	0.24159	0.58808	0.17034
153 C	0.24055	0.59199	0.16746
154 A	0.24035	0.59505	0.16459
155 A	0.24042	0.59681	0.16278
156 T	0.24117	0.59925	0.15958
157 T	0.23887	0.60473	0.1564
158 C	0.23621	0.61020	0.15358
159 G	0.23043	0.62600	0.14357
160 A	0.22797	0.63608	0.13595
161 A	0.22834	0.63612	0.13554
162 A	0.23066	0.63438	0.13495
163 G	0.23673	0.62805	0.13521
164 G	0.25505	0.60519	0.13976
165 C	0.29364	0.55843	0.14794
166 G	0.31884	0.53055	0.15061
167 A	0.34655	0.50102	0.15243
168 A	0.39261	0.44902	0.15837
169 A	0.48136	0.35560	0.16304
170 C	0.58224	0.25036	0.1674
171 T	0.69261	0.13440	0.17299
172 G	0.70822	0.11736	0.17443
173 T	0.71630	0.11173	0.17197
174 T	0.71194	0.12185	0.16621
175 A	0.68888	0.15080	0.16032
176 G	0.67717	0.15942	0.16341
177 A	0.66675	0.16774	0.1655
178 A	0.66848	0.16318	0.16835
179 T	0.67688	0.15115	0.17197
180 C	0.67939	0.14410	0.17651
181 A	0.67818	0.14370	0.17813
182 T	0.68347	0.13318	0.18336
183 C	0.67945	0.13493	0.18562
184 G	0.67525	0.14174	0.18301
185 A	0.67265	0.14934	0.17801
186 A	0.66972	0.15175	0.17853
187 T	0.66833	0.15208	0.17959
188 T	0.65527	0.16474	0.17998
189 T	0.60940	0.20855	0.18205
190 C	0.53814	0.28203	0.17982
191 G	0.44925	0.38859	0.16217
192 A	0.41301	0.44164	0.14535
193 A	0.39327	0.46867	0.13806
194 A	0.37953	0.49039	0.13007
195 A	0.36464	0.51069	0.12468
196 G	0.35932	0.50979	0.13089
197 A	0.36057	0.49924	0.14018
198 T	0.36375	0.47272	0.16352
199 A	0.35715	0.46879	0.17405
200 C	0.35765	0.45545	0.1869
201 T	0.35792	0.45433	0.18775
202 G	0.35592	0.45647	0.1876
203 A	0.35551	0.45540	0.18909
204 T	0.35592	0.45191	0.19217
205 G	0.35630	0.44983	0.19387
206 A	0.35699	0.44152	0.20149
207 A	0.35968	0.43349	0.20683
208 A	0.36421	0.42291	0.21287
209 T	0.36565	0.41083	0.22352
210 A	0.36658	0.40036	0.23305
211 A	0.36874	0.37616	0.25509
212 G	0.37265	0.32259	0.30476
213 A	0.37903	0.25513	0.36585
214 T	0.39848	0.15290	0.44863
215 T	0.41377	0.10390	0.48233
216 A	0.41896	0.08100	0.50003
217 A	0.42570	0.05971	0.51459
218 T	0.43164	0.03528	0.53308
219 T	0.43277	0.02395	0.54328
220 T	0.43383	0.01702	0.54915
221 A	0.43492	0.01181	0.55327
222 A	0.43723	0.00000	0.56277
