# lcl|CP097583.1_cds_USQ93313.1_1
# AA	inside	membr	outside
1 A	0.28267	0.00000	0.71733
2 T	0.28204	0.00063	0.71733
3 G	0.28155	0.00112	0.71733
4 G	0.28155	0.01227	0.70618
5 A	0.27983	0.03144	0.68873
6 T	0.27983	0.03295	0.68723
7 T	0.27495	0.03842	0.68663
8 T	0.27495	0.03844	0.68661
9 T	0.27094	0.04305	0.68601
10 A	0.27091	0.10853	0.62056
11 A	0.26748	0.11809	0.61443
12 G	0.21440	0.17562	0.60998
13 G	0.13348	0.29678	0.56974
14 A	0.13347	0.29680	0.56973
15 A	0.13347	0.78915	0.07738
16 A	0.13322	0.78941	0.07737
17 G	0.13306	0.79127	0.07567
18 A	0.13305	0.79729	0.06966
19 T	0.13280	0.79961	0.06759
20 A	0.12782	0.83662	0.03556
21 T	0.10074	0.86375	0.03551
22 A	0.09963	0.86671	0.03366
23 A	0.09923	0.86825	0.03252
24 T	0.10042	0.86741	0.03216
25 A	0.10100	0.86626	0.03274
26 A	0.10101	0.86575	0.03325
27 G	0.10939	0.85486	0.03575
28 T	0.12301	0.84107	0.03592
29 T	0.12048	0.84508	0.03444
30 A	0.11124	0.85677	0.03199
31 A	0.10134	0.87027	0.02839
32 A	0.09875	0.86890	0.03235
33 A	0.14145	0.82198	0.03656
34 A	0.14843	0.80898	0.04259
35 A	0.17434	0.73586	0.0898
36 C	0.22350	0.61645	0.16005
37 C	0.24625	0.59271	0.16104
38 C	0.68518	0.15353	0.16129
39 T	0.69658	0.14295	0.16048
40 A	0.70546	0.13470	0.15984
41 T	0.71499	0.12516	0.15986
42 T	0.71968	0.12008	0.16024
43 T	0.73807	0.09658	0.16536
44 T	0.73645	0.06871	0.19483
45 C	0.73579	0.07371	0.1905
46 T	0.73231	0.07905	0.18863
47 T	0.72533	0.08834	0.18633
48 A	0.70562	0.11335	0.18103
49 A	0.66339	0.16470	0.17191
50 A	0.64121	0.19919	0.15961
51 T	0.64148	0.19681	0.16172
52 A	0.63242	0.20688	0.1607
53 G	0.62932	0.20203	0.16864
54 T	0.62805	0.20541	0.16654
55 T	0.61930	0.24023	0.14047
56 T	0.60523	0.27324	0.12153
57 T	0.54108	0.35952	0.0994
58 A	0.37026	0.59113	0.03861
59 A	0.35697	0.60703	0.036
60 T	0.34538	0.62061	0.03402
61 A	0.33080	0.63673	0.03247
62 T	0.32242	0.64547	0.03212
63 C	0.30295	0.66553	0.03152
64 G	0.29628	0.67319	0.03053
65 A	0.29334	0.67745	0.02921
66 A	0.29304	0.67823	0.02873
67 A	0.29571	0.67449	0.0298
68 T	0.30441	0.66445	0.03114
69 T	0.30742	0.65420	0.03837
70 A	0.30773	0.64590	0.04638
71 A	0.30760	0.62906	0.06334
72 G	0.31089	0.59141	0.09769
73 A	0.31756	0.57103	0.11141
74 A	0.31965	0.56828	0.11207
75 T	0.33310	0.54197	0.12494
76 A	0.33799	0.52988	0.13213
77 G	0.35243	0.50048	0.14709
78 A	0.38186	0.45463	0.16351
79 T	0.40303	0.42069	0.17628
80 A	0.41949	0.35314	0.22737
81 T	0.47156	0.16070	0.36774
82 A	0.47287	0.14500	0.38213
83 T	0.47452	0.12702	0.39847
84 T	0.47016	0.12038	0.40945
85 T	0.45290	0.13077	0.41634
86 C	0.41417	0.15804	0.42779
87 A	0.33661	0.24208	0.4213
88 C	0.28986	0.29540	0.41474
89 A	0.20823	0.44560	0.34617
90 A	0.15654	0.63541	0.20805
91 A	0.11364	0.74161	0.14475
92 A	0.08008	0.81922	0.1007
93 A	0.05967	0.85855	0.08178
94 A	0.05356	0.87843	0.06801
95 A	0.05080	0.91341	0.03579
96 T	0.05210	0.91359	0.03431
97 A	0.04609	0.92438	0.02952
98 A	0.04564	0.92909	0.02526
99 A	0.04796	0.92767	0.02437
100 A	0.04952	0.92608	0.0244
101 A	0.05289	0.92138	0.02573
102 T	0.05724	0.91546	0.0273
103 A	0.05870	0.91366	0.02764
104 A	0.06155	0.91118	0.02727
105 A	0.06049	0.91237	0.02714
106 A	0.05913	0.91306	0.02782
107 A	0.05727	0.90695	0.03578
108 A	0.05729	0.88640	0.05632
109 A	0.06095	0.84190	0.09715
110 G	0.07231	0.75483	0.17286
111 A	0.08559	0.69662	0.2178
112 G	0.15469	0.55137	0.29394
113 A	0.28759	0.37633	0.33608
114 A	0.35802	0.26816	0.37382
115 T	0.40979	0.18188	0.40833
116 G	0.42595	0.14542	0.42863
117 G	0.44241	0.12144	0.43616
118 T	0.47393	0.08868	0.43739
119 T	0.47785	0.08767	0.43448
120 T	0.48100	0.08175	0.43724
121 T	0.48145	0.08523	0.43333
122 T	0.47961	0.09062	0.42978
123 T	0.47235	0.10634	0.42131
124 G	0.43428	0.16891	0.39681
125 A	0.41880	0.20991	0.37129
126 A	0.41303	0.25385	0.33312
127 A	0.41165	0.28441	0.30393
128 A	0.41368	0.29306	0.29326
129 T	0.41717	0.28953	0.2933
130 T	0.41678	0.29181	0.29141
131 T	0.41308	0.30267	0.28425
132 T	0.40345	0.32285	0.2737
133 C	0.38197	0.36482	0.25321
134 A	0.37419	0.40400	0.2218
135 A	0.37287	0.41693	0.21019
136 T	0.37652	0.42305	0.20042
137 T	0.37757	0.42821	0.19422
138 T	0.37734	0.43333	0.18933
139 A	0.37651	0.43983	0.18366
140 A	0.37868	0.43902	0.18231
141 T	0.38620	0.43018	0.18362
142 T	0.39372	0.41911	0.18717
143 T	0.39719	0.41236	0.19045
144 T	0.40053	0.40467	0.1948
145 G	0.40053	0.40377	0.1957
146 A	0.40440	0.40031	0.19528
147 A	0.41932	0.36537	0.21531
148 A	0.44013	0.34124	0.21863
149 A	0.47308	0.31166	0.21527
150 T	0.50079	0.29345	0.20576
151 A	0.50285	0.30157	0.19558
152 A	0.50160	0.31015	0.18825
153 A	0.50337	0.31476	0.18186
154 G	0.51007	0.30525	0.18468
155 A	0.52456	0.28632	0.18912
156 T	0.55427	0.24601	0.19972
157 T	0.57911	0.22104	0.19985
158 A	0.58292	0.22087	0.19621
159 T	0.58671	0.22319	0.19009
160 T	0.58037	0.24092	0.17871
161 A	0.55291	0.29263	0.15447
162 T	0.54509	0.30048	0.15443
163 T	0.53367	0.31114	0.15519
164 T	0.51137	0.33287	0.15576
165 A	0.46478	0.37894	0.15629
166 C	0.43352	0.40852	0.15796
167 C	0.40990	0.43130	0.1588
168 A	0.39657	0.44655	0.15687
169 G	0.39513	0.45052	0.15436
170 A	0.40093	0.44687	0.1522
171 A	0.40967	0.43910	0.15123
172 G	0.42079	0.42529	0.15392
173 T	0.43627	0.40454	0.15918
174 A	0.44504	0.38924	0.16572
175 A	0.45463	0.37507	0.1703
176 T	0.46637	0.35611	0.17752
177 A	0.47064	0.34230	0.18706
178 A	0.47570	0.33328	0.19103
179 T	0.48705	0.31699	0.19597
180 T	0.49378	0.30937	0.19685
181 A	0.49540	0.31327	0.19133
182 A	0.50056	0.30156	0.19789
183 A	0.51104	0.28095	0.20802
184 T	0.53198	0.22942	0.2386
185 T	0.53270	0.21492	0.25238
186 T	0.53225	0.19849	0.26925
187 G	0.53062	0.17569	0.2937
188 A	0.53044	0.14293	0.32663
189 T	0.53096	0.12375	0.3453
190 C	0.53088	0.12776	0.34136
191 A	0.53224	0.20061	0.26715
192 T	0.53383	0.23500	0.23117
193 A	0.53301	0.28716	0.17984
194 T	0.53300	0.30616	0.16084
195 T	0.53101	0.32179	0.14721
196 G	0.52838	0.33459	0.13703
197 A	0.52806	0.34269	0.12925
198 T	0.52867	0.34533	0.12601
199 G	0.52803	0.34795	0.12401
200 A	0.52886	0.34888	0.12226
201 A	0.53103	0.34748	0.12149
202 G	0.53344	0.34546	0.1211
203 A	0.53721	0.34386	0.11893
204 T	0.54929	0.32948	0.12124
205 A	0.55490	0.32286	0.12224
206 A	0.55939	0.31653	0.12409
207 T	0.56329	0.30897	0.12774
208 C	0.56573	0.30382	0.13045
209 C	0.56705	0.30202	0.13093
210 A	0.57107	0.29910	0.12983
211 G	0.58054	0.29073	0.12873
212 A	0.59508	0.27872	0.1262
213 G	0.63574	0.24005	0.12421
214 T	0.73162	0.14473	0.12365
215 T	0.77407	0.10242	0.12352
216 T	0.81230	0.06772	0.11998
217 T	0.82279	0.06024	0.11697
218 T	0.82916	0.05621	0.11463
219 T	0.83170	0.05351	0.11479
220 T	0.82673	0.06089	0.11238
221 T	0.81258	0.08053	0.10689
222 G	0.76910	0.12558	0.10532
223 C	0.74400	0.15089	0.1051
224 A	0.62871	0.26689	0.1044
225 A	0.50789	0.38845	0.10367
226 C	0.44395	0.45265	0.10341
227 C	0.40233	0.49485	0.10281
228 A	0.36846	0.52922	0.10233
229 G	0.34748	0.55059	0.10193
230 A	0.32977	0.56888	0.10136
231 A	0.31198	0.58721	0.10081
232 C	0.30461	0.59525	0.10014
233 A	0.29720	0.60282	0.09999
234 A	0.29097	0.60929	0.09975
235 A	0.29037	0.61015	0.09948
236 T	0.29183	0.60881	0.09936
237 C	0.28986	0.61064	0.09949
238 A	0.29074	0.60940	0.09987
239 T	0.29586	0.60309	0.10104
240 T	0.29442	0.60296	0.10262
241 C	0.28593	0.60975	0.10432
242 A	0.27375	0.62229	0.10396
243 A	0.26612	0.62364	0.11024
244 A	0.26765	0.60745	0.12489
245 T	0.26850	0.56923	0.16227
246 T	0.26650	0.54972	0.18378
247 A	0.25984	0.43733	0.30283
248 T	0.25575	0.32251	0.42173
249 T	0.24793	0.28465	0.46742
250 A	0.22505	0.31691	0.45805
251 A	0.21205	0.37591	0.41204
252 A	0.20415	0.38879	0.40706
253 A	0.20169	0.38823	0.41008
254 G	0.20038	0.37367	0.42595
255 T	0.20043	0.36651	0.43305
256 A	0.20025	0.36942	0.43033
257 A	0.20044	0.36875	0.43082
258 A	0.20066	0.36593	0.43341
259 T	0.20091	0.36199	0.4371
260 T	0.20060	0.36144	0.43796
261 A	0.19789	0.38783	0.41429
262 G	0.19606	0.44108	0.36285
263 A	0.19495	0.47571	0.32935
264 A	0.19392	0.50123	0.30485
265 A	0.19310	0.51804	0.28885
266 T	0.19405	0.53689	0.26906
267 T	0.19238	0.55504	0.25258
268 G	0.17855	0.60397	0.21748
269 A	0.17059	0.63299	0.19642
270 A	0.16630	0.64958	0.18412
271 G	0.16872	0.64294	0.18834
272 A	0.18331	0.62287	0.19383
273 A	0.22435	0.56361	0.21205
274 T	0.30251	0.47263	0.22487
275 C	0.32224	0.44502	0.23274
276 T	0.33726	0.42868	0.23407
277 T	0.34003	0.42617	0.23381
278 C	0.33034	0.44007	0.22959
279 T	0.31655	0.47531	0.20813
280 G	0.27925	0.52388	0.19687
281 G	0.27204	0.53917	0.1888
282 A	0.26533	0.55901	0.17567
283 A	0.26951	0.56158	0.16891
284 A	0.29426	0.53728	0.16846
285 T	0.35078	0.47978	0.16944
286 A	0.38135	0.44990	0.16875
287 A	0.41915	0.41244	0.16842
288 A	0.45892	0.36953	0.17155
289 T	0.50010	0.32428	0.17562
290 A	0.51801	0.30315	0.17885
291 T	0.55153	0.25572	0.19275
292 A	0.56501	0.23385	0.20114
293 T	0.58298	0.20489	0.21213
294 T	0.58528	0.19747	0.21725
295 T	0.58732	0.19408	0.2186
296 T	0.58559	0.19430	0.22012
297 A	0.57753	0.20085	0.22162
298 A	0.57536	0.19341	0.23123
299 C	0.57425	0.17890	0.24685
300 A	0.57547	0.17640	0.24813
301 G	0.58487	0.15921	0.25592
302 T	0.61798	0.11675	0.26527
303 T	0.62821	0.08517	0.28662
304 T	0.62690	0.08959	0.28351
305 A	0.60920	0.12330	0.2675
306 T	0.58057	0.17919	0.24024
307 A	0.51626	0.29916	0.18457
308 A	0.45337	0.41344	0.13318
309 A	0.42485	0.44403	0.13113
310 T	0.39543	0.47747	0.12709
311 T	0.38195	0.49238	0.12566
312 T	0.36209	0.51248	0.12543
313 C	0.32045	0.55438	0.12516
314 G	0.30767	0.56757	0.12477
315 A	0.30268	0.57286	0.12446
316 C	0.30260	0.57279	0.12461
317 A	0.30274	0.57258	0.12467
318 A	0.30287	0.57234	0.1248
319 G	0.30312	0.57065	0.12623
320 C	0.30352	0.56725	0.12923
321 A	0.30386	0.56659	0.12955
322 G	0.30455	0.56455	0.1309
323 C	0.30685	0.56147	0.13167
324 A	0.30875	0.55935	0.13189
325 G	0.31223	0.55550	0.13227
326 A	0.31925	0.54637	0.13438
327 A	0.33141	0.52873	0.13986
328 A	0.35855	0.48733	0.15412
329 A	0.38973	0.41665	0.19361
330 A	0.44499	0.28828	0.26673
331 T	0.49652	0.14772	0.35576
332 A	0.50197	0.08786	0.41017
333 A	0.50894	0.00000	0.49106
