# lcl|CP097583.1_cds_USQ93434.1_1
# AA	inside	membr	outside
1 A	0.62042	0.00000	0.37959
2 T	0.61626	0.00416	0.37959
3 G	0.61201	0.00841	0.37959
4 A	0.61201	0.05084	0.33715
5 A	0.56953	0.14432	0.28615
6 C	0.56953	0.15541	0.27507
7 A	0.52591	0.21307	0.26102
8 A	0.52591	0.21326	0.26084
9 T	0.52303	0.21906	0.25791
10 A	0.52302	0.28208	0.1949
11 T	0.52181	0.28475	0.19344
12 T	0.42609	0.38117	0.19275
13 A	0.16621	0.64453	0.18926
14 C	0.16615	0.64459	0.18926
15 A	0.16615	0.65724	0.17662
16 A	0.15861	0.66477	0.17662
17 A	0.15110	0.67233	0.17658
18 C	0.15091	0.67257	0.17653
19 A	0.14424	0.67934	0.17642
20 A	0.12726	0.69702	0.17573
21 G	0.11038	0.71385	0.17576
22 A	0.10982	0.71453	0.17565
23 G	0.10968	0.71462	0.17571
24 A	0.11142	0.71225	0.17634
25 A	0.11408	0.70155	0.18437
26 G	0.11679	0.69214	0.19107
27 A	0.15325	0.64707	0.19968
28 G	0.19848	0.56397	0.23755
29 C	0.21290	0.54369	0.24341
30 T	0.23383	0.49978	0.26639
31 A	0.23588	0.49580	0.26833
32 A	0.24061	0.48539	0.27401
33 T	0.29266	0.42225	0.28509
34 T	0.29273	0.41845	0.28882
35 T	0.29311	0.31718	0.38971
36 A	0.29110	0.11099	0.5979
37 A	0.29032	0.10654	0.60315
38 T	0.29761	0.09286	0.60953
39 T	0.28929	0.10015	0.61056
40 T	0.28175	0.10854	0.60971
41 A	0.27236	0.12220	0.60544
42 T	0.26880	0.13419	0.59701
43 G	0.26408	0.13515	0.60077
44 A	0.25735	0.16589	0.57676
45 A	0.25518	0.22852	0.5163
46 T	0.25435	0.23762	0.50804
47 T	0.25164	0.24996	0.4984
48 A	0.24649	0.26634	0.48717
49 T	0.24515	0.28252	0.47233
50 T	0.24313	0.30128	0.45559
51 A	0.24059	0.30596	0.45345
52 G	0.23802	0.30979	0.45219
53 T	0.23735	0.31134	0.4513
54 A	0.23662	0.31431	0.44907
55 G	0.23668	0.31769	0.44563
56 A	0.23757	0.31747	0.44496
57 T	0.24081	0.31613	0.44306
58 A	0.24113	0.32237	0.4365
59 T	0.24401	0.31595	0.44005
60 A	0.24593	0.31387	0.44019
61 G	0.24803	0.30835	0.44362
62 T	0.25958	0.29283	0.44758
63 G	0.26797	0.28259	0.44944
64 A	0.27781	0.27464	0.44754
65 A	0.30034	0.25657	0.44309
66 T	0.31826	0.24153	0.44022
67 G	0.34724	0.21451	0.43824
68 A	0.40059	0.17421	0.4252
69 T	0.41556	0.17085	0.41359
70 A	0.42510	0.18729	0.38761
71 T	0.43467	0.18676	0.37857
72 T	0.44483	0.18737	0.3678
73 A	0.44630	0.20524	0.34847
74 T	0.44329	0.21286	0.34385
75 T	0.43728	0.22641	0.33631
76 A	0.42298	0.25050	0.32652
77 A	0.41926	0.25715	0.32359
78 G	0.41692	0.26088	0.32221
79 G	0.41611	0.26403	0.31986
80 A	0.41936	0.26059	0.32006
81 T	0.42772	0.25136	0.32092
82 G	0.42900	0.24976	0.32124
83 A	0.43059	0.24776	0.32164
84 C	0.43191	0.24595	0.32215
85 C	0.43525	0.24275	0.322
86 A	0.43876	0.24031	0.32093
87 A	0.44738	0.23311	0.31951
88 A	0.45637	0.22531	0.31833
89 T	0.46710	0.21545	0.31744
90 A	0.47550	0.20799	0.31651
91 G	0.49150	0.18726	0.32123
92 G	0.50716	0.17007	0.32277
93 T	0.54186	0.13490	0.32325
94 T	0.55601	0.12677	0.31721
95 A	0.56737	0.12055	0.31208
96 T	0.58559	0.10079	0.31362
97 A	0.58982	0.09216	0.31802
98 T	0.59667	0.07822	0.32511
99 T	0.60175	0.06186	0.33639
100 A	0.60279	0.05813	0.33908
101 C	0.60313	0.05486	0.34201
102 T	0.60415	0.06534	0.33051
103 A	0.60168	0.07253	0.32579
104 T	0.60003	0.07677	0.3232
105 A	0.58920	0.09508	0.31572
106 A	0.58022	0.11011	0.30968
107 C	0.57607	0.11362	0.3103
108 A	0.57171	0.11904	0.30925
109 G	0.57099	0.11942	0.30959
110 G	0.57082	0.11948	0.30969
111 C	0.57109	0.11917	0.30974
112 G	0.57186	0.11875	0.30938
113 C	0.57386	0.11707	0.30907
114 A	0.57556	0.11592	0.30852
115 G	0.57828	0.11348	0.30824
116 A	0.58211	0.10994	0.30796
117 T	0.59140	0.10055	0.30805
118 T	0.59644	0.09528	0.30827
119 T	0.59887	0.09177	0.30936
120 A	0.59919	0.09009	0.31071
121 T	0.59965	0.08835	0.312
122 C	0.60006	0.08624	0.3137
123 A	0.60071	0.08607	0.31322
124 A	0.60262	0.08426	0.31313
125 A	0.61440	0.07182	0.31378
126 T	0.62017	0.06381	0.31603
127 G	0.62291	0.05979	0.31731
128 A	0.63059	0.04143	0.32798
129 T	0.63715	0.02547	0.33737
130 T	0.63822	0.02004	0.34174
131 T	0.63901	0.01520	0.3458
132 A	0.63916	0.01391	0.34693
133 T	0.63950	0.01213	0.34836
134 C	0.63969	0.01100	0.34931
135 T	0.64010	0.01117	0.34872
136 T	0.64043	0.01137	0.3482
137 T	0.64079	0.01186	0.34736
138 T	0.64059	0.01289	0.34652
139 T	0.64002	0.01397	0.34601
140 G	0.63875	0.01529	0.34596
141 T	0.63794	0.01615	0.34591
142 A	0.63665	0.01795	0.34541
143 A	0.63652	0.01812	0.34536
144 C	0.63671	0.01782	0.34547
145 A	0.63709	0.01862	0.34429
146 T	0.63844	0.01731	0.34425
147 T	0.63939	0.01738	0.34323
148 T	0.63965	0.01885	0.3415
149 T	0.63966	0.01902	0.34133
150 T	0.63967	0.01908	0.34125
151 T	0.63952	0.01917	0.34131
152 A	0.63925	0.01951	0.34124
153 C	0.63889	0.01989	0.34122
154 A	0.63861	0.02110	0.34028
155 C	0.63842	0.02281	0.33876
156 T	0.63607	0.03191	0.33202
157 A	0.63320	0.03938	0.32742
158 T	0.63261	0.04194	0.32545
159 T	0.63061	0.04597	0.32342
160 T	0.62733	0.05110	0.32157
161 T	0.62096	0.05746	0.32158
162 A	0.60705	0.07146	0.32149
163 A	0.59894	0.07925	0.32181
164 A	0.59456	0.08339	0.32206
165 C	0.59271	0.08426	0.32303
166 G	0.59124	0.08572	0.32304
167 A	0.59065	0.08655	0.32281
168 T	0.59162	0.08549	0.32288
169 G	0.59159	0.08548	0.32293
170 C	0.59241	0.08465	0.32294
171 T	0.59370	0.08326	0.32304
172 C	0.59368	0.08317	0.32315
173 C	0.59373	0.08328	0.323
174 A	0.59330	0.08488	0.32182
175 G	0.59339	0.08558	0.32103
176 A	0.59372	0.08689	0.31939
177 A	0.59516	0.08716	0.31768
178 A	0.59800	0.08451	0.31748
179 T	0.60627	0.07161	0.32211
180 T	0.61041	0.06253	0.32706
181 T	0.61135	0.05838	0.33028
182 T	0.61165	0.05520	0.33315
183 A	0.60951	0.05540	0.3351
184 A	0.60803	0.05221	0.33976
185 G	0.60761	0.04195	0.35044
186 T	0.60755	0.03767	0.35478
187 T	0.60560	0.03665	0.35774
188 T	0.59821	0.04466	0.35714
189 A	0.58305	0.06229	0.35466
190 G	0.57201	0.07268	0.35532
191 C	0.56741	0.07700	0.35559
192 A	0.56251	0.08226	0.35523
193 T	0.55959	0.08509	0.35533
194 C	0.55138	0.09352	0.35511
195 T	0.53901	0.10680	0.35419
196 A	0.51509	0.13104	0.35387
197 C	0.49991	0.14606	0.35403
198 A	0.49169	0.15647	0.35185
199 A	0.48738	0.16454	0.34808
200 C	0.48313	0.17091	0.34596
201 T	0.46801	0.19057	0.34141
202 T	0.44637	0.21538	0.33825
203 T	0.39979	0.26423	0.33599
204 A	0.33956	0.32804	0.3324
205 G	0.29301	0.37663	0.33036
206 A	0.26052	0.40803	0.33144
207 G	0.24859	0.41830	0.33311
208 G	0.24181	0.42460	0.33359
209 A	0.23123	0.43619	0.33258
210 A	0.21251	0.45452	0.33297
211 A	0.19506	0.46803	0.33691
212 A	0.18828	0.46629	0.34544
213 T	0.18440	0.46237	0.35322
214 A	0.17748	0.46726	0.35526
215 A	0.16885	0.47386	0.35729
216 A	0.15946	0.48021	0.36033
217 A	0.15667	0.47487	0.36846
218 G	0.15545	0.46209	0.38246
219 A	0.15481	0.44424	0.40095
220 G	0.15513	0.42956	0.41531
221 A	0.15773	0.42169	0.42057
222 A	0.16223	0.40762	0.43014
223 A	0.16640	0.38722	0.44639
224 T	0.17275	0.33345	0.49379
225 T	0.17558	0.29907	0.52535
226 C	0.17688	0.25327	0.56985
227 G	0.17890	0.22343	0.59768
228 T	0.18122	0.19487	0.62391
229 T	0.18251	0.17465	0.64284
230 T	0.18249	0.17554	0.64197
231 A	0.18278	0.18404	0.63318
232 A	0.18451	0.18241	0.63309
233 G	0.18550	0.16632	0.64818
234 A	0.18728	0.15168	0.66104
235 T	0.19194	0.13601	0.67206
236 T	0.19344	0.13126	0.6753
237 A	0.19224	0.12990	0.67786
238 G	0.19103	0.12522	0.68375
239 C	0.18902	0.12187	0.68911
240 T	0.18522	0.15432	0.66045
241 G	0.17445	0.21228	0.61327
242 G	0.16283	0.30635	0.53082
243 A	0.15081	0.45157	0.39762
244 A	0.14560	0.50699	0.34741
245 A	0.14349	0.53055	0.32596
246 A	0.14496	0.53240	0.32264
247 A	0.14771	0.53183	0.32046
248 T	0.15296	0.52701	0.32003
249 T	0.15551	0.52418	0.32032
250 C	0.15742	0.52271	0.31988
251 A	0.15987	0.52178	0.31834
252 A	0.16308	0.51907	0.31785
253 C	0.16872	0.51303	0.31825
254 A	0.17671	0.50603	0.31727
255 T	0.18685	0.49680	0.31635
256 A	0.18782	0.49650	0.31568
257 T	0.19067	0.49442	0.31491
258 G	0.17838	0.50788	0.31374
259 A	0.17070	0.51523	0.31407
260 A	0.16631	0.51712	0.31657
261 A	0.16478	0.51566	0.31956
262 A	0.17015	0.50650	0.32335
263 A	0.20365	0.46902	0.32734
264 A	0.25577	0.40693	0.3373
265 A	0.34204	0.30850	0.34946
266 T	0.47278	0.16471	0.36251
267 T	0.51293	0.11723	0.36984
268 C	0.52011	0.10729	0.3726
269 C	0.51888	0.10874	0.37238
270 T	0.51829	0.11271	0.36899
271 A	0.51123	0.12596	0.36282
272 A	0.50169	0.14101	0.35729
273 T	0.50014	0.14619	0.35367
274 T	0.49964	0.15282	0.34753
275 T	0.49338	0.16168	0.34493
276 A	0.48163	0.17485	0.34352
277 A	0.47728	0.17702	0.3457
278 T	0.47550	0.17543	0.34906
279 A	0.46835	0.17891	0.35274
280 T	0.46882	0.17253	0.35865
281 T	0.46776	0.16363	0.36861
282 T	0.46371	0.16151	0.37478
283 A	0.44683	0.17548	0.37769
284 A	0.43830	0.17968	0.38202
285 A	0.41816	0.19727	0.38458
286 T	0.40789	0.20478	0.38733
287 A	0.40302	0.20969	0.38729
288 T	0.40032	0.21128	0.3884
289 G	0.39583	0.21763	0.38653
290 A	0.39105	0.22557	0.38339
291 T	0.38874	0.22596	0.3853
292 G	0.38438	0.22743	0.38819
293 A	0.38478	0.22710	0.38812
294 A	0.39055	0.21581	0.39365
295 T	0.39843	0.19550	0.40607
296 C	0.40048	0.18535	0.41418
297 T	0.40646	0.18270	0.41084
298 T	0.40701	0.18000	0.413
299 T	0.40551	0.17708	0.41741
300 A	0.39901	0.18343	0.41756
301 A	0.39354	0.18814	0.41832
302 C	0.39225	0.17763	0.43012
303 T	0.38820	0.18505	0.42674
304 T	0.37731	0.20092	0.42176
305 A	0.35358	0.22827	0.41815
306 T	0.34098	0.23156	0.42746
307 G	0.31456	0.25571	0.42972
308 G	0.29497	0.25965	0.44538
309 G	0.28408	0.27127	0.44465
310 A	0.27715	0.29688	0.42597
311 A	0.27368	0.31470	0.41162
312 A	0.27149	0.33200	0.39652
313 A	0.27165	0.34495	0.3834
314 A	0.27228	0.34891	0.37881
315 A	0.27094	0.35331	0.37575
316 A	0.27236	0.35377	0.37387
317 T	0.27524	0.35118	0.37358
318 A	0.27283	0.35562	0.37155
319 G	0.27182	0.35388	0.37429
320 A	0.27343	0.35309	0.37348
321 T	0.27265	0.35395	0.3734
322 A	0.26447	0.37431	0.36122
323 A	0.25950	0.38560	0.35489
324 A	0.25913	0.38609	0.35478
325 A	0.25992	0.38371	0.35637
326 T	0.26903	0.36290	0.36807
327 T	0.27834	0.33785	0.38381
328 T	0.28269	0.31482	0.40249
329 T	0.28497	0.30225	0.41278
330 A	0.28565	0.28539	0.42897
331 G	0.28959	0.26544	0.44497
332 A	0.30113	0.24483	0.45403
333 T	0.32481	0.21327	0.46192
334 A	0.33972	0.19428	0.466
335 A	0.35845	0.16970	0.47185
336 T	0.37693	0.14610	0.47696
337 A	0.38465	0.13489	0.48046
338 T	0.39365	0.12210	0.48425
339 T	0.39886	0.11437	0.48676
340 A	0.40107	0.11047	0.48846
341 T	0.40449	0.10298	0.49253
342 A	0.40626	0.09814	0.4956
343 A	0.40979	0.09080	0.49941
344 A	0.41502	0.08130	0.50368
345 A	0.43123	0.05573	0.51304
346 T	0.44582	0.03234	0.52184
347 A	0.45471	0.01851	0.52679
348 A	0.46650	0.00000	0.5335
