# lcl|CP097583.1_cds_USQ93257.1_1
# AA	inside	membr	outside
1 A	0.31595	0.00000	0.68405
2 T	0.31525	0.00071	0.68405
3 G	0.31464	0.00131	0.68405
4 A	0.31464	0.03202	0.65334
5 A	0.30364	0.06296	0.63341
6 A	0.30363	0.06355	0.63283
7 T	0.20864	0.15859	0.63278
8 G	0.20862	0.15861	0.63278
9 G	0.19315	0.17412	0.63273
10 C	0.19312	0.17964	0.62725
11 C	0.18788	0.18608	0.62604
12 A	0.10246	0.27354	0.62401
13 A	0.05124	0.33165	0.61711
14 A	0.05122	0.33168	0.61711
15 A	0.05122	0.34835	0.60044
16 A	0.04941	0.35016	0.60044
17 G	0.04660	0.35298	0.60042
18 A	0.04619	0.35344	0.60037
19 A	0.04069	0.35894	0.60037
20 C	0.03047	0.36908	0.60045
21 A	0.01512	0.38439	0.60049
22 A	0.01746	0.38192	0.60062
23 C	0.02093	0.37799	0.60108
24 T	0.02703	0.37196	0.60101
25 G	0.02630	0.37271	0.60099
26 A	0.02405	0.37497	0.60098
27 A	0.03761	0.36024	0.60215
28 A	0.04381	0.34704	0.60915
29 A	0.03941	0.34490	0.61569
30 A	0.03613	0.26097	0.7029
31 C	0.03307	0.25054	0.71639
32 A	0.03034	0.24038	0.72928
33 A	0.02924	0.23478	0.73598
34 A	0.02662	0.22916	0.74421
35 C	0.03036	0.15911	0.81053
36 T	0.03628	0.13335	0.83037
37 A	0.03627	0.13045	0.83328
38 T	0.04674	0.11738	0.83589
39 A	0.04400	0.11891	0.83708
40 A	0.04324	0.11693	0.83984
41 T	0.04303	0.10751	0.84946
42 T	0.03985	0.09958	0.86057
43 G	0.03902	0.08838	0.8726
44 A	0.03624	0.07916	0.8846
45 A	0.03587	0.07535	0.88878
46 G	0.03564	0.07170	0.89266
47 A	0.03577	0.06859	0.89565
48 A	0.03631	0.06379	0.89991
49 A	0.03701	0.05862	0.90437
50 T	0.03717	0.05408	0.90875
51 T	0.03721	0.04759	0.9152
52 T	0.03713	0.04239	0.92048
53 T	0.03677	0.03863	0.9246
54 A	0.03554	0.03686	0.9276
55 A	0.03483	0.03448	0.9307
56 A	0.03472	0.02880	0.93647
57 T	0.03495	0.02359	0.94146
58 G	0.03474	0.02225	0.94301
59 C	0.03541	0.01978	0.94481
60 T	0.03617	0.01850	0.94533
61 G	0.03662	0.01759	0.94579
62 T	0.03801	0.01471	0.94728
63 T	0.03839	0.01366	0.94795
64 T	0.03858	0.01293	0.94849
65 C	0.03865	0.00922	0.95212
66 T	0.03863	0.00845	0.95292
67 C	0.03864	0.00652	0.95484
68 A	0.03851	0.00653	0.95496
69 T	0.03849	0.00640	0.9551
70 G	0.03838	0.00646	0.95516
71 G	0.03836	0.00633	0.95531
72 T	0.03866	0.00597	0.95537
73 T	0.03863	0.00568	0.95569
74 T	0.03844	0.00570	0.95586
75 A	0.03817	0.00584	0.95599
76 A	0.03808	0.00551	0.95641
77 T	0.03812	0.00427	0.95761
78 G	0.03803	0.00364	0.95833
79 G	0.03800	0.00336	0.95864
80 T	0.03801	0.00313	0.95886
81 T	0.03799	0.00286	0.95916
82 C	0.03794	0.00285	0.95921
83 C	0.03794	0.00283	0.95923
84 T	0.03793	0.00284	0.95922
85 G	0.03792	0.00286	0.95923
86 T	0.03791	0.00287	0.95922
87 T	0.03789	0.00288	0.95923
88 A	0.03787	0.00288	0.95926
89 G	0.03787	0.00266	0.95947
90 T	0.03789	0.00234	0.95977
91 A	0.03791	0.00204	0.96005
92 T	0.03796	0.00180	0.96024
93 T	0.03802	0.00154	0.96044
94 G	0.03805	0.00137	0.96058
95 T	0.03808	0.00123	0.96069
96 T	0.03809	0.00110	0.96081
97 A	0.03808	0.00096	0.96096
98 T	0.03811	0.00069	0.9612
99 T	0.03811	0.00059	0.9613
100 T	0.03800	0.00067	0.96133
101 T	0.03781	0.00084	0.96135
102 T	0.03747	0.00127	0.96126
103 T	0.03710	0.00188	0.96102
104 G	0.03675	0.00240	0.96085
105 T	0.03657	0.00267	0.96076
106 A	0.03639	0.00296	0.96065
107 T	0.03633	0.00305	0.96061
108 T	0.03629	0.00309	0.96062
109 T	0.03623	0.00315	0.96062
110 T	0.03615	0.00325	0.9606
111 T	0.03604	0.00337	0.96059
112 C	0.03588	0.00357	0.96055
113 T	0.03562	0.00391	0.96046
114 T	0.03544	0.00420	0.96036
115 A	0.03518	0.00458	0.96024
116 A	0.03500	0.00482	0.96018
117 T	0.03491	0.00494	0.96015
118 G	0.03478	0.00509	0.96013
119 A	0.03459	0.00531	0.9601
120 A	0.03426	0.00562	0.96012
121 A	0.03409	0.00577	0.96015
122 A	0.03404	0.00574	0.96022
123 A	0.03405	0.00555	0.9604
124 G	0.03413	0.00515	0.96073
125 G	0.03430	0.00461	0.9611
126 T	0.03464	0.00392	0.96145
127 T	0.03481	0.00348	0.9617
128 T	0.03488	0.00329	0.96184
129 T	0.03490	0.00314	0.96195
130 C	0.03490	0.00307	0.96203
131 A	0.03490	0.00306	0.96205
132 A	0.03491	0.00299	0.96211
133 T	0.03497	0.00281	0.96222
134 T	0.03503	0.00262	0.96234
135 T	0.03502	0.00247	0.96251
136 C	0.03504	0.00198	0.96298
137 C	0.03510	0.00173	0.96317
138 T	0.03517	0.00155	0.96328
139 T	0.03520	0.00148	0.96333
140 T	0.03520	0.00146	0.96334
141 A	0.03510	0.00153	0.96337
142 T	0.03509	0.00137	0.96353
143 T	0.03502	0.00109	0.9639
144 T	0.03486	0.00107	0.96408
145 T	0.03466	0.00121	0.96412
146 T	0.03436	0.00152	0.96412
147 A	0.03405	0.00189	0.96406
148 T	0.03389	0.00204	0.96407
149 T	0.03366	0.00227	0.96407
150 A	0.03345	0.00247	0.96408
151 A	0.03337	0.00254	0.96409
152 C	0.03322	0.00266	0.96412
153 A	0.03310	0.00277	0.96413
154 T	0.03306	0.00279	0.96414
155 T	0.03298	0.00287	0.96415
156 A	0.03278	0.00306	0.96416
157 A	0.03271	0.00312	0.96417
158 C	0.03267	0.00306	0.96427
159 T	0.03264	0.00304	0.96432
160 A	0.03261	0.00304	0.96435
161 T	0.03262	0.00301	0.96438
162 G	0.03261	0.00299	0.9644
163 T	0.03263	0.00295	0.96442
164 T	0.03263	0.00279	0.96458
165 T	0.03264	0.00267	0.96469
166 A	0.03262	0.00255	0.96483
167 T	0.03262	0.00227	0.96511
168 G	0.03261	0.00199	0.96541
169 C	0.03261	0.00163	0.96575
170 T	0.03267	0.00143	0.9659
171 T	0.03267	0.00136	0.96597
172 T	0.03266	0.00129	0.96605
173 A	0.03263	0.00126	0.96611
174 T	0.03262	0.00122	0.96616
175 T	0.03261	0.00108	0.96631
176 T	0.03259	0.00100	0.96642
177 A	0.03255	0.00101	0.96645
178 A	0.03252	0.00096	0.96652
179 T	0.03250	0.00080	0.9667
180 G	0.03239	0.00084	0.96676
181 A	0.03236	0.00083	0.96681
182 G	0.03236	0.00079	0.96685
183 C	0.03236	0.00076	0.96688
184 T	0.03236	0.00075	0.96689
185 G	0.03236	0.00074	0.9669
186 T	0.03237	0.00074	0.9669
187 T	0.03237	0.00073	0.96691
188 T	0.03236	0.00074	0.9669
189 A	0.03235	0.00073	0.96692
190 T	0.03234	0.00071	0.96695
191 A	0.03231	0.00072	0.96697
192 T	0.03228	0.00072	0.96701
193 C	0.03226	0.00072	0.96703
194 A	0.03226	0.00071	0.96703
195 T	0.03229	0.00067	0.96704
196 T	0.03230	0.00063	0.96706
197 C	0.03227	0.00066	0.96707
198 T	0.03215	0.00079	0.96706
199 T	0.03200	0.00093	0.96708
200 T	0.03166	0.00125	0.96709
201 A	0.03145	0.00145	0.96709
202 T	0.03132	0.00158	0.9671
203 C	0.03117	0.00163	0.9672
204 T	0.03105	0.00177	0.96718
205 T	0.03088	0.00194	0.96718
206 T	0.03055	0.00227	0.96718
207 T	0.03025	0.00258	0.96717
208 A	0.02958	0.00326	0.96716
209 C	0.02911	0.00375	0.96715
210 A	0.02860	0.00435	0.96706
211 A	0.02793	0.00503	0.96704
212 A	0.02603	0.00696	0.96702
213 A	0.02504	0.00794	0.96702
214 G	0.02444	0.00852	0.96704
215 C	0.02423	0.00868	0.96709
216 T	0.02408	0.00884	0.96708
217 A	0.02376	0.00921	0.96702
218 A	0.02363	0.00938	0.96699
219 A	0.02359	0.00940	0.96701
220 A	0.02350	0.00945	0.96705
221 G	0.02348	0.00925	0.96728
222 A	0.02346	0.00905	0.96748
223 C	0.02347	0.00862	0.9679
224 A	0.02346	0.00848	0.96806
225 T	0.02346	0.00831	0.96822
226 T	0.02343	0.00814	0.96843
227 T	0.02337	0.00799	0.96864
228 C	0.02318	0.00798	0.96884
229 C	0.02300	0.00777	0.96922
230 A	0.02286	0.00779	0.96935
231 A	0.02280	0.00749	0.96971
232 A	0.02277	0.00731	0.96992
233 G	0.02282	0.00696	0.97021
234 A	0.02283	0.00635	0.97081
235 T	0.02287	0.00399	0.97313
236 T	0.02287	0.00280	0.97434
237 C	0.02285	0.00211	0.97504
238 G	0.02285	0.00198	0.97518
239 A	0.02286	0.00186	0.97528
240 T	0.02291	0.00159	0.9755
241 C	0.02292	0.00147	0.97561
242 A	0.02292	0.00145	0.97563
243 T	0.02293	0.00133	0.97574
244 A	0.02293	0.00129	0.97578
245 T	0.02293	0.00125	0.97582
246 T	0.02293	0.00124	0.97583
247 T	0.02293	0.00117	0.97591
248 G	0.02292	0.00113	0.97595
249 T	0.02292	0.00116	0.97593
250 A	0.02291	0.00123	0.97587
251 T	0.02291	0.00109	0.976
252 T	0.02292	0.00097	0.97611
253 T	0.02293	0.00089	0.97618
254 A	0.02292	0.00092	0.97615
255 T	0.02294	0.00088	0.97618
256 T	0.02293	0.00087	0.9762
257 T	0.02292	0.00088	0.97619
258 A	0.02291	0.00091	0.97618
259 T	0.02291	0.00091	0.97618
260 T	0.02291	0.00092	0.97618
261 A	0.02291	0.00095	0.97615
262 A	0.02291	0.00095	0.97615
263 T	0.02291	0.00093	0.97616
264 T	0.02290	0.00092	0.97617
265 T	0.02289	0.00093	0.97618
266 G	0.02287	0.00094	0.97618
267 G	0.02287	0.00094	0.97619
268 G	0.02287	0.00093	0.97619
269 G	0.02289	0.00091	0.9762
270 T	0.02293	0.00087	0.9762
271 A	0.02296	0.00083	0.97621
272 G	0.02307	0.00072	0.97621
273 T	0.02322	0.00055	0.97623
274 T	0.02328	0.00048	0.97624
275 T	0.02331	0.00044	0.97625
276 T	0.02336	0.00038	0.97625
277 T	0.02342	0.00032	0.97627
278 T	0.02343	0.00030	0.97627
279 A	0.02341	0.00030	0.97629
280 C	0.02341	0.00029	0.97629
281 C	0.02343	0.00027	0.9763
282 T	0.02345	0.00026	0.97629
283 T	0.02347	0.00025	0.97628
284 T	0.02348	0.00025	0.97627
285 T	0.02346	0.00030	0.97625
286 T	0.02340	0.00041	0.97619
287 T	0.02331	0.00060	0.97609
288 A	0.02294	0.00105	0.97601
289 T	0.02278	0.00120	0.97602
290 T	0.02246	0.00153	0.97601
291 T	0.02199	0.00201	0.976
292 T	0.02123	0.00277	0.976
293 C	0.02003	0.00397	0.976
294 T	0.01895	0.00507	0.97598
295 T	0.01668	0.00737	0.97595
296 C	0.01344	0.01065	0.97591
297 A	0.01086	0.01328	0.97586
298 A	0.00952	0.01466	0.97582
299 A	0.00835	0.01586	0.97579
300 A	0.00749	0.01675	0.97575
301 G	0.00713	0.01711	0.97575
302 A	0.00695	0.01729	0.97577
303 A	0.00686	0.01735	0.97578
304 A	0.00681	0.01738	0.9758
305 C	0.00680	0.01737	0.97583
306 A	0.00680	0.01736	0.97583
307 A	0.00682	0.01732	0.97587
308 A	0.00684	0.01725	0.9759
309 A	0.00690	0.01714	0.97596
310 T	0.00701	0.01693	0.97606
311 T	0.00710	0.01632	0.97659
312 A	0.00710	0.01596	0.97694
313 T	0.00712	0.01522	0.97765
314 T	0.00713	0.01444	0.97843
315 T	0.00714	0.01348	0.97939
316 A	0.00714	0.01234	0.98052
317 A	0.00716	0.01102	0.98182
318 T	0.00721	0.00863	0.98416
319 T	0.00725	0.00585	0.98691
320 T	0.00728	0.00379	0.98892
321 A	0.00730	0.00282	0.98989
322 A	0.00732	0.00183	0.99085
323 T	0.00735	0.00101	0.99163
324 T	0.00736	0.00068	0.99196
325 T	0.00736	0.00052	0.99213
326 T	0.00735	0.00048	0.99217
327 T	0.00732	0.00054	0.99214
328 T	0.00729	0.00062	0.99208
329 G	0.00722	0.00076	0.99201
330 T	0.00720	0.00086	0.99194
331 A	0.00716	0.00090	0.99194
332 T	0.00715	0.00092	0.99193
333 T	0.00711	0.00096	0.99192
334 T	0.00706	0.00101	0.99192
335 C	0.00702	0.00106	0.99192
336 A	0.00700	0.00111	0.99188
337 C	0.00700	0.00112	0.99188
338 A	0.00700	0.00113	0.99187
339 A	0.00702	0.00112	0.99185
340 T	0.00707	0.00108	0.99185
341 C	0.00709	0.00106	0.99184
342 T	0.00714	0.00103	0.99182
343 T	0.00719	0.00100	0.99181
344 T	0.00722	0.00098	0.99181
345 T	0.00722	0.00098	0.99179
346 G	0.00721	0.00101	0.99178
347 T	0.00721	0.00102	0.99177
348 A	0.00719	0.00109	0.99173
349 A	0.00719	0.00113	0.99168
350 T	0.00726	0.00112	0.99162
351 A	0.00725	0.00133	0.99142
352 T	0.00728	0.00137	0.99135
353 T	0.00727	0.00140	0.99134
354 G	0.00717	0.00149	0.99135
355 A	0.00713	0.00152	0.99134
356 T	0.00711	0.00151	0.99139
357 C	0.00707	0.00151	0.99141
358 G	0.00706	0.00154	0.9914
359 G	0.00707	0.00156	0.99137
360 A	0.00708	0.00156	0.99136
361 A	0.00709	0.00155	0.99136
362 T	0.00710	0.00153	0.99136
363 A	0.00711	0.00152	0.99137
364 C	0.00713	0.00149	0.99139
365 T	0.00716	0.00145	0.99139
366 T	0.00718	0.00143	0.99139
367 T	0.00719	0.00144	0.99138
368 T	0.00716	0.00151	0.99134
369 G	0.00708	0.00167	0.99124
370 A	0.00690	0.00205	0.99106
371 A	0.00683	0.00215	0.99101
372 A	0.00685	0.00219	0.99097
373 A	0.00692	0.00216	0.99091
374 T	0.00718	0.00186	0.99096
375 A	0.00728	0.00173	0.99099
376 T	0.00731	0.00163	0.99105
377 T	0.00728	0.00160	0.99112
378 T	0.00718	0.00172	0.9911
379 C	0.00706	0.00189	0.99105
380 A	0.00696	0.00213	0.9909
381 A	0.00696	0.00215	0.9909
382 T	0.00697	0.00214	0.99088
383 T	0.00695	0.00217	0.99088
384 T	0.00690	0.00222	0.99088
385 C	0.00680	0.00231	0.99089
386 A	0.00661	0.00252	0.99087
387 C	0.00647	0.00267	0.99086
388 A	0.00638	0.00280	0.99082
389 A	0.00636	0.00284	0.9908
390 A	0.00636	0.00285	0.99079
391 G	0.00640	0.00277	0.99084
392 G	0.00649	0.00261	0.9909
393 T	0.00670	0.00221	0.99109
394 G	0.00676	0.00207	0.99118
395 A	0.00682	0.00197	0.99121
396 T	0.00689	0.00188	0.99123
397 A	0.00692	0.00185	0.99123
398 A	0.00694	0.00180	0.99125
399 A	0.00697	0.00173	0.9913
400 A	0.00703	0.00160	0.99138
401 T	0.00711	0.00139	0.9915
402 T	0.00718	0.00118	0.99163
403 C	0.00728	0.00097	0.99174
404 A	0.00730	0.00093	0.99177
405 T	0.00732	0.00088	0.99181
406 T	0.00732	0.00084	0.99184
407 T	0.00732	0.00080	0.99188
408 G	0.00732	0.00074	0.99194
409 A	0.00733	0.00054	0.99212
410 T	0.00736	0.00039	0.99225
411 T	0.00738	0.00027	0.99235
412 T	0.00740	0.00023	0.99237
413 T	0.00740	0.00021	0.9924
414 A	0.00740	0.00020	0.99241
415 T	0.00740	0.00018	0.99242
416 T	0.00740	0.00018	0.99242
417 T	0.00739	0.00018	0.99243
418 C	0.00738	0.00019	0.99243
419 T	0.00737	0.00021	0.99242
420 A	0.00735	0.00024	0.99241
421 T	0.00734	0.00025	0.99241
422 T	0.00733	0.00027	0.9924
423 A	0.00730	0.00031	0.99239
424 T	0.00730	0.00032	0.99238
425 T	0.00728	0.00034	0.99238
426 A	0.00727	0.00036	0.99237
427 G	0.00726	0.00036	0.99238
428 G	0.00725	0.00037	0.99237
429 T	0.00724	0.00038	0.99238
430 T	0.00723	0.00038	0.99238
431 G	0.00722	0.00039	0.99238
432 G	0.00722	0.00040	0.99238
433 A	0.00722	0.00040	0.99238
434 G	0.00722	0.00040	0.99238
435 T	0.00722	0.00039	0.99238
436 G	0.00722	0.00039	0.99238
437 G	0.00723	0.00039	0.99238
438 A	0.00723	0.00039	0.99238
439 A	0.00723	0.00038	0.9924
440 T	0.00724	0.00035	0.99241
441 T	0.00725	0.00033	0.99242
442 T	0.00726	0.00032	0.99243
443 G	0.00726	0.00031	0.99243
444 G	0.00726	0.00033	0.9924
445 G	0.00727	0.00034	0.9924
446 T	0.00729	0.00032	0.9924
447 T	0.00729	0.00033	0.99237
448 A	0.00729	0.00034	0.99237
449 T	0.00730	0.00032	0.99238
450 A	0.00730	0.00032	0.99238
451 T	0.00730	0.00031	0.99239
452 T	0.00730	0.00030	0.99239
453 C	0.00730	0.00030	0.9924
454 G	0.00730	0.00031	0.9924
455 A	0.00730	0.00031	0.99239
456 T	0.00730	0.00031	0.99239
457 T	0.00729	0.00034	0.99237
458 C	0.00723	0.00042	0.99235
459 A	0.00718	0.00050	0.99231
460 T	0.00715	0.00054	0.99231
461 G	0.00707	0.00062	0.9923
462 G	0.00701	0.00069	0.9923
463 G	0.00699	0.00074	0.99227
464 C	0.00697	0.00082	0.99221
465 A	0.00694	0.00117	0.9919
466 A	0.00695	0.00135	0.9917
467 T	0.00697	0.00153	0.9915
468 T	0.00696	0.00173	0.99132
469 G	0.00691	0.00195	0.99113
470 T	0.00688	0.00229	0.99082
471 G	0.00683	0.00240	0.99076
472 A	0.00679	0.00250	0.99072
473 A	0.00671	0.00262	0.99067
474 T	0.00667	0.00268	0.99064
475 C	0.00659	0.00279	0.99062
476 A	0.00654	0.00291	0.99055
477 A	0.00652	0.00296	0.99052
478 A	0.00651	0.00298	0.99051
479 A	0.00652	0.00298	0.9905
480 T	0.00653	0.00295	0.99051
481 T	0.00654	0.00287	0.99059
482 A	0.00655	0.00281	0.99064
483 T	0.00654	0.00277	0.99068
484 A	0.00653	0.00273	0.99074
485 A	0.00654	0.00267	0.99079
486 A	0.00656	0.00261	0.99082
487 A	0.00666	0.00249	0.99085
488 T	0.00702	0.00209	0.9909
489 A	0.00724	0.00186	0.99091
490 T	0.00753	0.00156	0.99091
491 T	0.00770	0.00136	0.99094
492 A	0.00782	0.00121	0.99097
493 T	0.00804	0.00095	0.99102
494 T	0.00810	0.00084	0.99107
495 A	0.00814	0.00075	0.99111
496 T	0.00822	0.00058	0.9912
497 T	0.00827	0.00048	0.99125
498 T	0.00830	0.00038	0.99131
499 T	0.00834	0.00031	0.99135
500 T	0.00835	0.00028	0.99138
501 A	0.00835	0.00027	0.99138
502 T	0.00835	0.00025	0.9914
503 T	0.00835	0.00025	0.9914
504 T	0.00834	0.00025	0.9914
505 T	0.00834	0.00025	0.99141
506 T	0.00833	0.00026	0.99141
507 A	0.00831	0.00030	0.9914
508 G	0.00828	0.00034	0.99138
509 G	0.00826	0.00040	0.99134
510 A	0.00826	0.00053	0.99121
511 G	0.00827	0.00058	0.99116
512 G	0.00829	0.00059	0.99112
513 T	0.00833	0.00059	0.99109
514 T	0.00835	0.00059	0.99106
515 T	0.00835	0.00061	0.99103
516 T	0.00836	0.00063	0.99101
517 T	0.00836	0.00064	0.991
518 T	0.00835	0.00065	0.991
519 T	0.00835	0.00067	0.99098
520 T	0.00833	0.00069	0.99098
521 A	0.00831	0.00071	0.99097
522 T	0.00828	0.00074	0.99098
523 A	0.00823	0.00079	0.99098
524 G	0.00822	0.00080	0.99098
525 C	0.00822	0.00079	0.99099
526 A	0.00821	0.00079	0.99099
527 T	0.00822	0.00078	0.99101
528 C	0.00822	0.00077	0.991
529 G	0.00823	0.00077	0.99099
530 G	0.00825	0.00077	0.99098
531 A	0.00828	0.00073	0.99099
532 A	0.00834	0.00066	0.99099
533 T	0.00850	0.00051	0.99099
534 T	0.00857	0.00044	0.99099
535 T	0.00861	0.00043	0.99096
536 T	0.00863	0.00049	0.99089
537 A	0.00863	0.00062	0.99075
538 T	0.00864	0.00082	0.99054
539 T	0.00864	0.00138	0.98999
540 T	0.00861	0.00183	0.98957
541 T	0.00849	0.00273	0.98878
542 A	0.00830	0.00303	0.98867
543 T	0.00817	0.00319	0.98863
544 A	0.00785	0.00359	0.98856
545 A	0.00768	0.00379	0.98853
546 C	0.00765	0.00381	0.98854
547 G	0.00762	0.00395	0.98842
548 A	0.00761	0.00408	0.98831
549 G	0.00762	0.00412	0.98826
550 T	0.00763	0.00417	0.9882
551 T	0.00763	0.00422	0.98815
552 A	0.00762	0.00432	0.98807
553 T	0.00762	0.00435	0.98803
554 A	0.00760	0.00441	0.98799
555 T	0.00760	0.00444	0.98795
556 A	0.00759	0.00452	0.98789
557 A	0.00759	0.00457	0.98784
558 A	0.00762	0.00460	0.98779
559 A	0.00771	0.00457	0.98771
560 A	0.00786	0.00445	0.98769
561 A	0.00816	0.00415	0.98769
562 T	0.00878	0.00348	0.98774
563 A	0.00917	0.00305	0.98778
564 T	0.00989	0.00217	0.98794
565 T	0.00999	0.00189	0.98812
566 A	0.01004	0.00173	0.98824
567 T	0.01013	0.00137	0.98849
568 C	0.01020	0.00117	0.98863
569 A	0.01025	0.00111	0.98865
570 T	0.01039	0.00095	0.98866
571 T	0.01050	0.00084	0.98866
572 T	0.01055	0.00080	0.98866
573 T	0.01059	0.00076	0.98864
574 A	0.01062	0.00073	0.98865
575 T	0.01069	0.00064	0.98867
576 T	0.01072	0.00058	0.9887
577 T	0.01076	0.00053	0.98871
578 G	0.01078	0.00050	0.98873
579 G	0.01083	0.00045	0.98872
580 C	0.01088	0.00041	0.98871
581 A	0.01094	0.00041	0.98865
582 T	0.01103	0.00034	0.98863
583 T	0.01107	0.00032	0.9886
584 T	0.01108	0.00035	0.98857
585 A	0.01108	0.00037	0.98855
586 T	0.01109	0.00037	0.98853
587 T	0.01109	0.00040	0.9885
588 T	0.01109	0.00043	0.98848
589 G	0.01109	0.00050	0.98841
590 T	0.01108	0.00056	0.98836
591 A	0.01108	0.00068	0.98824
592 A	0.01109	0.00075	0.98816
593 T	0.01110	0.00078	0.98812
594 T	0.01111	0.00080	0.9881
595 T	0.01110	0.00081	0.98808
596 T	0.01110	0.00082	0.98808
597 A	0.01108	0.00084	0.98809
598 G	0.01107	0.00084	0.98809
599 C	0.01107	0.00084	0.98809
600 C	0.01108	0.00084	0.98808
601 A	0.01109	0.00085	0.98807
602 A	0.01112	0.00083	0.98806
603 T	0.01117	0.00078	0.98805
604 T	0.01121	0.00074	0.98805
605 T	0.01123	0.00072	0.98805
606 A	0.01124	0.00071	0.98805
607 T	0.01127	0.00067	0.98806
608 G	0.01128	0.00065	0.98806
609 T	0.01131	0.00062	0.98807
610 C	0.01134	0.00059	0.98807
611 A	0.01138	0.00055	0.98807
612 T	0.01146	0.00047	0.98807
613 G	0.01151	0.00042	0.98807
614 T	0.01162	0.00031	0.98807
615 T	0.01168	0.00027	0.98805
616 T	0.01170	0.00025	0.98804
617 A	0.01171	0.00025	0.98804
618 T	0.01171	0.00025	0.98805
619 T	0.01168	0.00027	0.98805
620 C	0.01168	0.00026	0.98807
621 T	0.01168	0.00026	0.98806
622 A	0.01168	0.00028	0.98804
623 T	0.01169	0.00027	0.98804
624 T	0.01170	0.00026	0.98804
625 T	0.01171	0.00025	0.98804
626 T	0.01171	0.00024	0.98804
627 T	0.01171	0.00024	0.98805
628 T	0.01172	0.00023	0.98805
629 T	0.01172	0.00023	0.98805
630 G	0.01172	0.00023	0.98806
631 T	0.01172	0.00023	0.98806
632 T	0.01172	0.00022	0.98806
633 G	0.01172	0.00022	0.98806
634 A	0.01172	0.00021	0.98806
635 T	0.01173	0.00021	0.98806
636 A	0.01173	0.00020	0.98807
637 A	0.01174	0.00019	0.98807
638 A	0.01176	0.00017	0.98807
639 A	0.01177	0.00014	0.98808
640 T	0.01179	0.00010	0.98811
641 A	0.01181	0.00006	0.98812
642 A	0.01184	0.00000	0.98816
