# lcl|CP097583.1_cds_USQ93305.1_1
# AA	inside	membr	outside
1 A	0.95826	0.00000	0.04175
2 T	0.95782	0.00044	0.04175
3 G	0.95759	0.00067	0.04175
4 C	0.95759	0.00090	0.04152
5 C	0.95459	0.00408	0.04134
6 T	0.95459	0.00423	0.04119
7 T	0.89435	0.06451	0.04114
8 C	0.89434	0.06452	0.04114
9 C	0.87507	0.08385	0.04108
10 T	0.87500	0.09786	0.02715
11 A	0.85526	0.11786	0.02688
12 T	0.68661	0.28664	0.02675
13 A	0.33616	0.63798	0.02587
14 A	0.33608	0.63806	0.02586
15 C	0.33607	0.64185	0.02208
16 G	0.32568	0.65224	0.02208
17 A	0.31303	0.66499	0.02199
18 A	0.31084	0.66746	0.02171
19 G	0.26065	0.71784	0.02152
20 A	0.17730	0.80175	0.02096
21 A	0.09754	0.88148	0.02098
22 A	0.09521	0.88372	0.02107
23 T	0.09397	0.88466	0.02137
24 C	0.09122	0.88735	0.02142
25 A	0.08991	0.88876	0.02133
26 A	0.08930	0.88969	0.02101
27 A	0.08804	0.88999	0.02197
28 A	0.08775	0.88795	0.0243
29 T	0.08708	0.88758	0.02534
30 T	0.08569	0.83387	0.08043
31 A	0.08177	0.82582	0.09241
32 A	0.07913	0.79191	0.12896
33 A	0.08554	0.71980	0.19466
34 G	0.08335	0.67102	0.24562
35 C	0.08266	0.52727	0.39007
36 A	0.08288	0.35493	0.56219
37 A	0.08243	0.36942	0.54815
38 T	0.08535	0.37115	0.5435
39 T	0.08471	0.40265	0.51264
40 A	0.08427	0.40174	0.51399
41 A	0.08421	0.37862	0.53718
42 T	0.08427	0.30535	0.61037
43 G	0.08447	0.22243	0.6931
44 C	0.08429	0.17247	0.74324
45 G	0.08428	0.20718	0.70854
46 G	0.08437	0.21714	0.69848
47 A	0.08457	0.23409	0.68134
48 T	0.08533	0.24838	0.66629
49 T	0.08597	0.28945	0.62458
50 T	0.08627	0.35135	0.56238
51 A	0.08637	0.38467	0.52896
52 A	0.08639	0.43208	0.48153
53 T	0.08653	0.47185	0.44162
54 T	0.08616	0.51278	0.40106
55 A	0.08557	0.58320	0.33124
56 A	0.08644	0.62177	0.29178
57 A	0.08876	0.66352	0.24772
58 A	0.09108	0.69851	0.21041
59 A	0.10961	0.70402	0.18637
60 T	0.13397	0.71206	0.15396
61 A	0.13836	0.78632	0.07532
62 A	0.16220	0.77623	0.06157
63 A	0.15863	0.78950	0.05187
64 A	0.15981	0.79109	0.0491
65 T	0.17234	0.77851	0.04915
66 C	0.17329	0.77785	0.04885
67 A	0.18732	0.76411	0.04858
68 T	0.21740	0.73437	0.04824
69 C	0.22295	0.72888	0.04818
70 A	0.23114	0.72089	0.04797
71 C	0.21984	0.73242	0.04774
72 A	0.23649	0.71659	0.04692
73 C	0.27628	0.67697	0.04676
74 A	0.28530	0.66810	0.0466
75 A	0.33006	0.62337	0.04658
76 T	0.37184	0.58154	0.04663
77 C	0.39497	0.55807	0.04696
78 C	0.43611	0.51682	0.04707
79 A	0.44887	0.50418	0.04695
80 A	0.47827	0.47479	0.04694
81 A	0.50573	0.44733	0.04694
82 A	0.53186	0.42139	0.04674
83 A	0.57433	0.37827	0.04739
84 A	0.66107	0.28470	0.05423
85 A	0.68659	0.25134	0.06206
86 T	0.70531	0.21685	0.07784
87 T	0.71113	0.20386	0.08501
88 C	0.71269	0.19749	0.08981
89 A	0.71448	0.19284	0.09268
90 A	0.71685	0.18756	0.09559
91 T	0.71934	0.17753	0.10312
92 T	0.72023	0.17170	0.10808
93 A	0.72051	0.16813	0.11136
94 G	0.72082	0.13691	0.14227
95 G	0.72135	0.12025	0.1584
96 A	0.72049	0.10988	0.16962
97 T	0.72062	0.08573	0.19365
98 T	0.72063	0.07698	0.20238
99 T	0.72036	0.07522	0.20442
100 T	0.71962	0.08351	0.19687
101 A	0.71869	0.08699	0.19432
102 T	0.71749	0.07753	0.20498
103 A	0.71562	0.08207	0.20231
104 A	0.71399	0.08011	0.20589
105 T	0.71369	0.07697	0.20934
106 G	0.71274	0.07634	0.21092
107 T	0.71266	0.07535	0.21199
108 C	0.71247	0.07480	0.21272
109 T	0.71251	0.07456	0.21293
110 C	0.71236	0.07446	0.21317
111 T	0.71244	0.07445	0.21311
112 C	0.71208	0.07485	0.21307
113 C	0.71211	0.07512	0.21277
114 T	0.71215	0.07571	0.21214
115 G	0.71189	0.07602	0.21209
116 A	0.71272	0.07521	0.21207
117 T	0.71456	0.07332	0.21211
118 A	0.71615	0.07149	0.21237
119 C	0.71917	0.06649	0.21434
120 T	0.72483	0.06071	0.21445
121 G	0.72835	0.05765	0.214
122 A	0.73351	0.05377	0.21272
123 T	0.75041	0.03803	0.21156
124 T	0.75150	0.04228	0.20622
125 T	0.74546	0.04775	0.20679
126 A	0.72648	0.06660	0.20691
127 G	0.70902	0.08372	0.20726
128 T	0.69958	0.09373	0.20669
129 C	0.67635	0.11809	0.20555
130 A	0.66145	0.13415	0.2044
131 T	0.65766	0.13825	0.2041
132 A	0.65241	0.14375	0.20383
133 T	0.65065	0.14542	0.20393
134 C	0.64803	0.14796	0.204
135 T	0.64680	0.14858	0.20462
136 T	0.64562	0.14946	0.20491
137 T	0.64401	0.15081	0.20518
138 G	0.63792	0.15661	0.20547
139 C	0.63290	0.16164	0.20546
140 C	0.62873	0.16582	0.20546
141 T	0.62359	0.17200	0.2044
142 G	0.60967	0.18772	0.20261
143 A	0.59934	0.20053	0.20013
144 A	0.59382	0.20809	0.19809
145 A	0.59014	0.21421	0.19564
146 A	0.58900	0.21200	0.199
147 T	0.59274	0.19917	0.20809
148 A	0.59141	0.19154	0.21705
149 A	0.59091	0.17329	0.23579
150 T	0.59158	0.15542	0.253
151 A	0.58971	0.15077	0.25953
152 T	0.59013	0.13224	0.27763
153 T	0.58705	0.13686	0.27609
154 T	0.58299	0.15982	0.25719
155 T	0.57657	0.19033	0.2331
156 T	0.56400	0.25418	0.18182
157 A	0.54481	0.31510	0.14009
158 A	0.53749	0.34182	0.12069
159 A	0.52767	0.36697	0.10536
160 A	0.49303	0.41372	0.09324
161 A	0.47124	0.43646	0.09231
162 T	0.45788	0.44641	0.0957
163 A	0.43584	0.46838	0.09579
164 A	0.42400	0.47749	0.09851
165 A	0.41771	0.47441	0.10787
166 A	0.41556	0.46907	0.11537
167 A	0.41455	0.46517	0.12028
168 A	0.41585	0.46009	0.12405
169 A	0.41671	0.45782	0.12548
170 T	0.41774	0.45513	0.12713
171 A	0.41669	0.45682	0.1265
172 G	0.41493	0.45634	0.12873
173 A	0.41477	0.45461	0.13062
174 A	0.41843	0.44505	0.13652
175 G	0.42595	0.42792	0.14614
176 C	0.45072	0.39069	0.15858
177 C	0.48564	0.34929	0.16507
178 G	0.51675	0.31669	0.16656
179 T	0.57055	0.26043	0.16902
180 T	0.60383	0.22382	0.17236
181 G	0.61355	0.21339	0.17306
182 A	0.62406	0.19664	0.1793
183 T	0.63896	0.14040	0.22064
184 T	0.64334	0.11010	0.24657
185 T	0.64428	0.09425	0.26147
186 T	0.64513	0.07798	0.27689
187 G	0.64448	0.07356	0.28196
188 A	0.64472	0.07851	0.27677
189 T	0.64632	0.07600	0.27768
190 G	0.64637	0.07468	0.27895
191 A	0.64639	0.07485	0.27877
192 T	0.64830	0.07294	0.27875
193 G	0.64918	0.07146	0.27936
194 G	0.65185	0.06722	0.28093
195 A	0.65325	0.06270	0.28405
196 A	0.65443	0.05914	0.28642
197 T	0.65667	0.05572	0.28761
198 T	0.65814	0.05365	0.28821
199 C	0.65870	0.05315	0.28815
200 G	0.65957	0.05324	0.28719
201 T	0.66174	0.05219	0.28607
202 T	0.66404	0.05255	0.28341
203 T	0.66618	0.05312	0.28071
204 T	0.66766	0.05222	0.28013
205 T	0.66842	0.05280	0.27878
206 T	0.66722	0.05948	0.2733
207 A	0.66097	0.08133	0.2577
208 C	0.64792	0.10985	0.24223
209 A	0.63598	0.16801	0.19601
210 A	0.62912	0.22412	0.14675
211 T	0.63280	0.22327	0.14393
212 T	0.62747	0.23105	0.14148
213 T	0.61280	0.24853	0.13867
214 T	0.56703	0.29806	0.13491
215 C	0.52276	0.34580	0.13144
216 T	0.49101	0.38352	0.12548
217 A	0.43785	0.44245	0.11971
218 A	0.41371	0.46704	0.11925
219 T	0.39689	0.48415	0.11896
220 G	0.36706	0.51407	0.11887
221 G	0.35811	0.52299	0.11891
222 C	0.35166	0.52942	0.11891
223 A	0.34915	0.53210	0.11875
224 C	0.34898	0.53238	0.11864
225 C	0.34996	0.53157	0.11847
226 A	0.35091	0.53112	0.11797
227 A	0.35126	0.53102	0.11771
228 A	0.35358	0.52871	0.11771
229 A	0.36097	0.52094	0.11808
230 A	0.38113	0.49684	0.12202
231 A	0.40145	0.46130	0.13725
232 A	0.44691	0.39841	0.15469
233 T	0.49307	0.33188	0.17505
234 T	0.49728	0.30933	0.19339
235 T	0.49961	0.29214	0.20825
236 A	0.50186	0.27222	0.22591
237 T	0.50746	0.20998	0.28256
238 T	0.50883	0.16531	0.32587
239 T	0.50791	0.13502	0.35708
240 T	0.50107	0.10615	0.39279
241 T	0.47339	0.11640	0.41021
242 A	0.42065	0.15530	0.42404
243 C	0.40525	0.14665	0.44809
244 A	0.38992	0.15800	0.45209
245 C	0.38280	0.16081	0.45638
246 C	0.37968	0.16683	0.4535
247 T	0.37622	0.19361	0.43016
248 T	0.34379	0.26608	0.39013
249 T	0.29220	0.35200	0.3558
250 G	0.24912	0.43182	0.31905
251 A	0.20121	0.55154	0.24725
252 A	0.16197	0.64333	0.19471
253 A	0.14776	0.67320	0.17905
254 A	0.14425	0.70017	0.15558
255 A	0.13639	0.72282	0.14079
256 G	0.12852	0.74856	0.12291
257 A	0.12399	0.76764	0.10837
258 T	0.12176	0.78042	0.09782
259 A	0.11644	0.79502	0.08854
260 A	0.11443	0.79922	0.08634
261 A	0.11311	0.79792	0.08897
262 A	0.11275	0.79042	0.09682
263 A	0.11378	0.77698	0.10924
264 A	0.11395	0.74623	0.13982
265 C	0.11367	0.69912	0.18721
266 A	0.11356	0.69359	0.19285
267 A	0.11436	0.68939	0.19624
268 G	0.11761	0.68133	0.20106
269 A	0.12489	0.67326	0.20186
270 A	0.15543	0.63848	0.2061
271 T	0.21428	0.52370	0.26203
272 C	0.24842	0.42663	0.32495
273 A	0.27693	0.38027	0.3428
274 A	0.32721	0.33837	0.33442
275 T	0.36967	0.32349	0.30684
276 A	0.37087	0.37507	0.25407
277 A	0.39068	0.39587	0.21344
278 A	0.40611	0.41565	0.17824
279 T	0.42910	0.40633	0.16458
280 A	0.43658	0.39723	0.16619
281 T	0.44426	0.38805	0.1677
282 T	0.42418	0.40784	0.16798
283 A	0.37561	0.45975	0.16464
284 C	0.36045	0.47547	0.16409
285 A	0.34010	0.50265	0.15726
286 A	0.32923	0.51336	0.15742
287 A	0.32580	0.51636	0.15785
288 T	0.32667	0.51464	0.15869
289 G	0.32859	0.51229	0.15912
290 C	0.33388	0.50586	0.16026
291 A	0.33586	0.50610	0.15804
292 A	0.34076	0.50308	0.15616
293 T	0.34676	0.49817	0.15507
294 T	0.35215	0.49334	0.15451
295 A	0.35506	0.49010	0.15484
296 A	0.37055	0.46969	0.15977
297 G	0.41158	0.42157	0.16685
298 T	0.47288	0.35537	0.17176
299 C	0.52915	0.28916	0.1817
300 A	0.56925	0.24817	0.18258
301 T	0.61258	0.20341	0.18401
302 T	0.63177	0.18483	0.18339
303 T	0.63542	0.18015	0.18443
304 A	0.63742	0.17679	0.1858
305 T	0.64337	0.13763	0.219
306 T	0.64759	0.08809	0.26432
307 T	0.64989	0.07003	0.28008
308 T	0.65297	0.05141	0.29562
309 G	0.64993	0.04565	0.30443
310 T	0.64739	0.04458	0.30803
311 C	0.64190	0.04927	0.30884
312 A	0.63682	0.05524	0.30794
313 C	0.63514	0.05698	0.30788
314 C	0.63553	0.06025	0.30422
315 T	0.62934	0.09016	0.2805
316 T	0.61214	0.11785	0.27001
317 T	0.58936	0.15675	0.25389
318 G	0.53662	0.23924	0.22415
319 A	0.50539	0.30837	0.18625
320 A	0.48240	0.35444	0.16316
321 A	0.46687	0.38213	0.151
322 A	0.44595	0.41653	0.13752
323 A	0.43681	0.42596	0.13723
324 G	0.42603	0.43764	0.13633
325 A	0.41268	0.45543	0.1319
326 T	0.40109	0.47052	0.12839
327 C	0.37916	0.49518	0.12566
328 A	0.35556	0.52197	0.12247
329 A	0.33556	0.54313	0.1213
330 A	0.32225	0.55667	0.12108
331 A	0.31283	0.56549	0.12167
332 C	0.31200	0.56370	0.1243
333 A	0.31156	0.56151	0.12694
334 A	0.31241	0.55582	0.13176
335 T	0.31692	0.54634	0.13673
336 A	0.31941	0.54114	0.13946
337 A	0.32689	0.53014	0.14298
338 T	0.35424	0.47431	0.17145
339 C	0.36592	0.43356	0.20051
340 G	0.38187	0.40060	0.21753
341 T	0.41221	0.34188	0.24591
342 T	0.43983	0.29982	0.26035
343 A	0.45371	0.27626	0.27002
344 A	0.46439	0.25722	0.27839
345 T	0.47802	0.21880	0.30318
346 A	0.47934	0.20302	0.31765
347 A	0.48176	0.18323	0.33502
348 A	0.48785	0.15542	0.35673
349 T	0.49454	0.12486	0.3806
350 A	0.49836	0.09418	0.40746
351 T	0.50374	0.05704	0.43922
352 T	0.50587	0.03037	0.46376
353 A	0.50672	0.01427	0.47901
354 A	0.50771	0.00000	0.4923
