# lcl|CP097583.1_cds_USQ93287.1_1
# AA	inside	membr	outside
1 T	0.48247	0.00000	0.51754
2 T	0.48239	0.00008	0.51754
3 G	0.48232	0.00015	0.51754
4 T	0.48232	0.00108	0.51661
5 T	0.48105	0.00379	0.51517
6 T	0.48104	0.00427	0.51469
7 A	0.44652	0.03883	0.51465
8 A	0.44652	0.03883	0.51465
9 A	0.44354	0.04184	0.51463
10 T	0.44353	0.04310	0.51337
11 C	0.44271	0.04398	0.51332
12 A	0.43363	0.05319	0.51319
13 G	0.42473	0.06260	0.51268
14 G	0.42473	0.06260	0.51268
15 T	0.42473	0.06916	0.50611
16 T	0.42464	0.06925	0.50611
17 T	0.42448	0.06953	0.506
18 T	0.42446	0.06990	0.50564
19 A	0.42362	0.07082	0.50557
20 T	0.42179	0.07326	0.50495
21 T	0.40361	0.09143	0.50496
22 A	0.40251	0.09270	0.5048
23 C	0.40116	0.09398	0.50486
24 T	0.39974	0.09574	0.50452
25 A	0.39577	0.10000	0.50423
26 T	0.39427	0.10169	0.50404
27 G	0.39275	0.10372	0.50353
28 A	0.39167	0.10767	0.50066
29 T	0.39102	0.10914	0.49984
30 A	0.38835	0.08611	0.52554
31 G	0.38518	0.09014	0.52467
32 G	0.38435	0.08993	0.52572
33 T	0.38480	0.09713	0.51807
34 A	0.38361	0.10029	0.51611
35 A	0.38375	0.09411	0.52214
36 G	0.38344	0.08748	0.52908
37 G	0.38346	0.08726	0.52928
38 C	0.38822	0.08269	0.52909
39 T	0.38761	0.08749	0.52491
40 A	0.38686	0.08950	0.52364
41 A	0.38625	0.09117	0.52258
42 T	0.38453	0.09331	0.52216
43 G	0.37904	0.09887	0.52209
44 T	0.37506	0.08683	0.53811
45 A	0.37047	0.09041	0.53911
46 G	0.36861	0.09029	0.5411
47 G	0.36746	0.08969	0.54285
48 C	0.36753	0.08575	0.54672
49 A	0.36775	0.08434	0.54792
50 A	0.36965	0.08127	0.54908
51 A	0.37423	0.07513	0.55064
52 T	0.38026	0.06792	0.55183
53 C	0.38350	0.06209	0.55441
54 T	0.38608	0.05575	0.55817
55 A	0.38774	0.05336	0.5589
56 C	0.39397	0.04629	0.55973
57 T	0.39690	0.04318	0.55992
58 T	0.39786	0.04393	0.55821
59 T	0.39826	0.04417	0.55756
60 A	0.39807	0.04815	0.55378
61 T	0.39836	0.05237	0.54927
62 T	0.39571	0.06484	0.53945
63 A	0.37889	0.10043	0.52068
64 A	0.36941	0.10976	0.52082
65 A	0.36898	0.10782	0.5232
66 T	0.36996	0.10035	0.5297
67 T	0.37009	0.09634	0.53357
68 C	0.36881	0.09394	0.53725
69 T	0.36812	0.09521	0.53666
70 T	0.36778	0.09649	0.53572
71 T	0.36690	0.09840	0.5347
72 G	0.36039	0.10661	0.533
73 T	0.35787	0.11151	0.53062
74 T	0.34964	0.12562	0.52475
75 A	0.33432	0.14418	0.5215
76 G	0.32841	0.15374	0.51786
77 A	0.32653	0.15918	0.51429
78 A	0.32506	0.16309	0.51185
79 C	0.32411	0.16682	0.50907
80 A	0.32392	0.17446	0.50162
81 A	0.32523	0.17753	0.49724
82 A	0.32582	0.18016	0.49401
83 A	0.32993	0.17748	0.49259
84 A	0.33522	0.17275	0.49203
85 A	0.34676	0.15526	0.49797
86 T	0.36507	0.11812	0.51681
87 T	0.36652	0.10508	0.5284
88 T	0.36720	0.10298	0.52981
89 C	0.36728	0.10268	0.53004
90 T	0.36621	0.10623	0.52756
91 A	0.36505	0.10684	0.52811
92 T	0.36541	0.10499	0.5296
93 T	0.36318	0.10688	0.52994
94 A	0.35617	0.11411	0.52972
95 C	0.35202	0.11008	0.5379
96 A	0.34421	0.11511	0.54068
97 A	0.34100	0.10980	0.54921
98 G	0.33983	0.09848	0.56169
99 C	0.33643	0.10263	0.56094
100 G	0.32829	0.13284	0.53888
101 A	0.31930	0.16862	0.51208
102 T	0.31257	0.17847	0.50895
103 A	0.28833	0.20329	0.50838
104 A	0.26596	0.22692	0.50713
105 A	0.24142	0.25124	0.50734
106 C	0.22733	0.26511	0.50757
107 C	0.22116	0.27373	0.50512
108 T	0.21425	0.28506	0.50069
109 A	0.19871	0.30163	0.49965
110 A	0.19041	0.31041	0.49918
111 T	0.18515	0.31600	0.49885
112 A	0.17776	0.32322	0.49902
113 C	0.17484	0.32333	0.50183
114 T	0.16868	0.32832	0.50299
115 A	0.15753	0.33884	0.50363
116 C	0.15231	0.34263	0.50506
117 G	0.14862	0.34618	0.5052
118 A	0.14654	0.34864	0.50483
119 A	0.14584	0.34650	0.50766
120 A	0.14651	0.34286	0.51064
121 A	0.14852	0.33878	0.51269
122 A	0.15464	0.32350	0.52185
123 A	0.17527	0.28970	0.53504
124 A	0.19835	0.25287	0.54878
125 A	0.20231	0.23602	0.56168
126 A	0.20466	0.20146	0.59388
127 A	0.20773	0.16421	0.62807
128 T	0.21206	0.12284	0.66511
129 T	0.21403	0.10006	0.68591
130 T	0.21639	0.08990	0.69371
131 T	0.21818	0.08099	0.70083
132 A	0.21778	0.06961	0.71261
133 G	0.21750	0.06145	0.72104
134 G	0.21749	0.05629	0.72622
135 T	0.21788	0.05115	0.73096
136 A	0.21768	0.05212	0.7302
137 T	0.21853	0.04983	0.73164
138 T	0.21863	0.05067	0.73069
139 T	0.21809	0.05520	0.72671
140 G	0.21519	0.07753	0.70728
141 T	0.21247	0.11415	0.67338
142 A	0.20578	0.14801	0.6462
143 A	0.19863	0.16419	0.63718
144 T	0.19621	0.16674	0.63704
145 A	0.19369	0.16901	0.6373
146 G	0.19308	0.16918	0.63774
147 T	0.19317	0.16889	0.63793
148 C	0.19235	0.16965	0.638
149 C	0.19225	0.16987	0.63788
150 T	0.19271	0.16983	0.63745
151 G	0.19230	0.17141	0.63629
152 A	0.19270	0.17177	0.63553
153 T	0.19377	0.17082	0.6354
154 T	0.19397	0.17075	0.63528
155 A	0.19402	0.17011	0.63587
156 T	0.19558	0.16801	0.6364
157 C	0.19616	0.16714	0.6367
158 A	0.19770	0.16615	0.63615
159 A	0.20312	0.16098	0.63591
160 A	0.21256	0.15256	0.63488
161 T	0.22814	0.13678	0.63508
162 G	0.23829	0.12620	0.63551
163 A	0.26102	0.10006	0.63892
164 T	0.29442	0.06239	0.64318
165 T	0.31529	0.03541	0.6493
166 T	0.32053	0.02329	0.65618
167 T	0.32000	0.02243	0.65757
168 T	0.31775	0.02367	0.65857
169 G	0.31092	0.03184	0.65724
170 T	0.30715	0.03711	0.65574
171 A	0.29861	0.04848	0.65291
172 G	0.29096	0.05947	0.64957
173 A	0.28483	0.07318	0.64199
174 T	0.28176	0.07755	0.64069
175 A	0.26857	0.09141	0.64001
176 A	0.25633	0.10402	0.63966
177 T	0.25380	0.10600	0.64019
178 C	0.24923	0.11061	0.64016
179 C	0.24643	0.11790	0.63567
180 A	0.24338	0.13774	0.61889
181 G	0.24266	0.14522	0.61212
182 G	0.23993	0.15429	0.60578
183 T	0.23835	0.16064	0.60101
184 T	0.23594	0.16712	0.59694
185 T	0.23291	0.17308	0.59401
186 A	0.23035	0.17796	0.59168
187 A	0.22926	0.17974	0.591
188 T	0.22919	0.17954	0.59127
189 A	0.22808	0.18128	0.59065
190 T	0.22831	0.18015	0.59154
191 A	0.22737	0.17954	0.5931
192 T	0.22715	0.17454	0.5983
193 A	0.22468	0.17497	0.60035
194 A	0.22521	0.16894	0.60585
195 A	0.22692	0.16047	0.61261
196 A	0.23226	0.14871	0.61902
197 A	0.23381	0.14342	0.62276
198 A	0.23455	0.13113	0.63431
199 C	0.23512	0.11912	0.64576
200 A	0.23463	0.11989	0.64548
201 A	0.23579	0.11872	0.6455
202 A	0.24247	0.11436	0.64317
203 T	0.26314	0.09425	0.64261
204 T	0.27257	0.08677	0.64066
205 T	0.27862	0.07721	0.64418
206 T	0.28048	0.07350	0.64602
207 T	0.28047	0.07482	0.64471
208 T	0.27856	0.07907	0.64237
209 T	0.27385	0.08860	0.63755
210 A	0.26263	0.11054	0.62684
211 A	0.25972	0.11521	0.62506
212 T	0.26067	0.11265	0.62667
213 T	0.25981	0.11203	0.62817
214 T	0.25757	0.11247	0.62996
215 C	0.25346	0.11535	0.63119
216 C	0.25082	0.11723	0.63194
217 A	0.24973	0.11943	0.63084
218 A	0.24899	0.12095	0.63006
219 A	0.24922	0.12157	0.62921
220 A	0.25052	0.12128	0.6282
221 T	0.25306	0.11817	0.62876
222 G	0.25337	0.11680	0.62983
223 A	0.25557	0.11188	0.63255
224 A	0.25959	0.10539	0.63503
225 T	0.26571	0.09810	0.63618
226 T	0.27196	0.09110	0.63694
227 T	0.27769	0.08493	0.63737
228 T	0.28036	0.08093	0.6387
229 A	0.28022	0.07897	0.64081
230 T	0.27810	0.08017	0.64173
231 A	0.27299	0.08457	0.64244
232 A	0.27573	0.07747	0.6468
233 C	0.28470	0.05440	0.66089
234 T	0.28711	0.04987	0.66303
235 T	0.28521	0.05640	0.65839
236 T	0.28137	0.06719	0.65144
237 T	0.27452	0.10114	0.62433
238 A	0.23619	0.16032	0.60349
239 A	0.21207	0.18372	0.60421
240 A	0.19148	0.20415	0.60436
241 A	0.18211	0.21283	0.60507
242 A	0.17836	0.21585	0.60579
243 C	0.17678	0.21627	0.60695
244 A	0.17396	0.21894	0.6071
245 T	0.17226	0.22013	0.6076
246 T	0.16777	0.22455	0.60768
247 C	0.16141	0.23090	0.60769
248 A	0.15772	0.23484	0.60744
249 A	0.15520	0.23721	0.60759
250 G	0.15448	0.23749	0.60802
251 A	0.15461	0.23676	0.60863
252 A	0.15480	0.23522	0.60998
253 G	0.15550	0.22871	0.61579
254 T	0.15733	0.21981	0.62286
255 C	0.15820	0.21548	0.62632
256 G	0.15941	0.21292	0.62766
257 A	0.16406	0.20689	0.62906
258 T	0.17289	0.19460	0.6325
259 G	0.17918	0.18436	0.63646
260 T	0.20717	0.15140	0.64143
261 T	0.22558	0.09647	0.67794
262 A	0.22694	0.07238	0.70067
263 T	0.22810	0.04980	0.7221
264 T	0.22867	0.03836	0.73297
265 T	0.22895	0.03283	0.73822
266 T	0.22895	0.02952	0.74153
267 A	0.22899	0.02597	0.74503
268 T	0.22922	0.02205	0.74874
269 T	0.22935	0.01594	0.7547
270 T	0.22933	0.01021	0.76046
271 T	0.22926	0.00773	0.763
272 T	0.22862	0.00695	0.76442
273 G	0.22699	0.00856	0.76446
274 G	0.22607	0.01007	0.76386
275 T	0.22412	0.01794	0.75794
276 T	0.22117	0.02873	0.75009
277 G	0.21078	0.05361	0.73561
278 A	0.20271	0.07090	0.72639
279 T	0.19144	0.09102	0.71754
280 G	0.14870	0.16026	0.69105
281 A	0.12837	0.20184	0.6698
282 G	0.12271	0.22276	0.65452
283 G	0.11840	0.25298	0.62862
284 A	0.11512	0.27592	0.60897
285 A	0.11135	0.28232	0.60632
286 T	0.11028	0.28494	0.60478
287 G	0.10896	0.28768	0.60336
288 T	0.10822	0.28860	0.60318
289 C	0.10616	0.29077	0.60308
290 A	0.10396	0.29340	0.60264
291 T	0.10226	0.29538	0.60235
292 C	0.09898	0.29944	0.60158
293 A	0.09621	0.30392	0.59986
294 A	0.09403	0.30676	0.59922
295 A	0.09297	0.30765	0.59938
296 G	0.09288	0.30685	0.60028
297 A	0.09379	0.30545	0.60076
298 G	0.09942	0.29595	0.60463
299 A	0.10786	0.28420	0.60794
300 T	0.12312	0.25816	0.61872
301 A	0.13218	0.24256	0.62526
302 A	0.14378	0.21898	0.63724
303 A	0.17079	0.15170	0.67751
304 G	0.19138	0.11174	0.69688
305 A	0.20496	0.09255	0.70249
306 T	0.23095	0.06206	0.707
307 A	0.24687	0.04265	0.71048
308 T	0.25038	0.03389	0.71573
309 T	0.25212	0.03004	0.71783
310 T	0.25227	0.02852	0.71921
311 T	0.25142	0.02898	0.7196
312 A	0.24924	0.03342	0.71735
313 G	0.24872	0.03646	0.71482
314 A	0.24878	0.04449	0.70673
315 T	0.24964	0.05051	0.69985
316 T	0.24850	0.06721	0.6843
317 T	0.24302	0.11459	0.64239
318 T	0.22697	0.14217	0.63086
319 A	0.20580	0.16931	0.62489
320 T	0.19654	0.18137	0.62209
321 T	0.17138	0.21167	0.61694
322 C	0.13229	0.25644	0.61127
323 A	0.09640	0.30089	0.6027
324 A	0.08104	0.32011	0.59884
325 A	0.07217	0.33073	0.5971
326 A	0.06579	0.33827	0.59595
327 A	0.06407	0.34094	0.59499
328 T	0.06388	0.34139	0.59474
329 A	0.06346	0.34173	0.59482
330 T	0.06340	0.34148	0.59512
331 A	0.06270	0.34198	0.59532
332 A	0.06249	0.34158	0.59593
333 C	0.06250	0.34008	0.59742
334 A	0.06310	0.33886	0.59804
335 A	0.06686	0.33373	0.59941
336 G	0.07315	0.32689	0.59995
337 A	0.08530	0.31502	0.59968
338 A	0.09717	0.30345	0.59938
339 A	0.11674	0.27919	0.60408
340 A	0.15616	0.23055	0.6133
341 T	0.17161	0.19410	0.63428
342 T	0.17824	0.16511	0.65665
343 A	0.18188	0.15142	0.6667
344 T	0.18860	0.11454	0.69685
345 T	0.19360	0.07810	0.7283
346 T	0.19786	0.04879	0.75336
347 T	0.19906	0.04056	0.76037
348 A	0.19884	0.03912	0.76204
349 G	0.19929	0.03501	0.76571
350 T	0.19999	0.03483	0.76518
351 T	0.19972	0.03751	0.76277
352 A	0.19827	0.03917	0.76256
353 T	0.19789	0.03932	0.76279
354 T	0.19692	0.04030	0.76277
355 A	0.18694	0.05160	0.76146
356 C	0.17706	0.06260	0.76034
357 C	0.16377	0.08068	0.75555
358 A	0.14772	0.12529	0.72699
359 A	0.13662	0.15945	0.70392
360 A	0.12291	0.19119	0.68589
361 A	0.12019	0.19958	0.68023
362 T	0.12094	0.20038	0.67868
363 T	0.12068	0.20077	0.67856
364 G	0.11979	0.20157	0.67865
365 A	0.12033	0.20092	0.67876
366 T	0.12340	0.19724	0.67936
367 C	0.12528	0.19513	0.67959
368 T	0.12974	0.19057	0.67969
369 T	0.13284	0.18732	0.67984
370 T	0.13273	0.18755	0.67972
371 T	0.13117	0.18913	0.6797
372 C	0.12486	0.19660	0.67854
373 A	0.11796	0.21009	0.67195
374 A	0.11174	0.22171	0.66655
375 A	0.10365	0.23315	0.66319
376 A	0.10000	0.23844	0.66156
377 A	0.09890	0.23961	0.66148
378 A	0.09951	0.22966	0.67084
379 A	0.10192	0.21768	0.6804
380 A	0.10868	0.19725	0.69407
381 G	0.13687	0.15253	0.7106
382 A	0.15876	0.11995	0.72129
383 T	0.17681	0.08822	0.73497
384 T	0.18170	0.08058	0.73773
385 T	0.18259	0.07978	0.73762
386 T	0.18256	0.08085	0.73658
387 A	0.18181	0.08353	0.73466
388 A	0.18136	0.08612	0.73252
389 T	0.18137	0.08689	0.73173
390 T	0.18139	0.08734	0.73126
391 G	0.18050	0.08838	0.73112
392 A	0.17918	0.09216	0.72866
393 T	0.17894	0.09261	0.72845
394 A	0.17713	0.09909	0.72379
395 A	0.17767	0.10387	0.71845
396 A	0.18414	0.09946	0.7164
397 A	0.19004	0.09682	0.71314
398 T	0.19440	0.08611	0.71949
399 T	0.19632	0.08293	0.72075
400 A	0.19699	0.08323	0.71977
401 T	0.19787	0.08156	0.72057
402 T	0.19809	0.08156	0.72036
403 T	0.19810	0.08167	0.72022
404 T	0.19812	0.08156	0.72032
405 A	0.19819	0.08144	0.72037
406 A	0.19839	0.08105	0.72056
407 G	0.19919	0.07969	0.72112
408 C	0.20089	0.07748	0.72163
409 T	0.20359	0.07518	0.72123
410 A	0.20644	0.07344	0.72012
411 T	0.20982	0.07138	0.7188
412 T	0.21148	0.07278	0.71574
413 T	0.21239	0.07359	0.71403
414 A	0.21261	0.07296	0.71443
415 G	0.21520	0.06885	0.71595
416 A	0.21731	0.06590	0.71679
417 A	0.22348	0.05798	0.71854
418 C	0.23460	0.04593	0.71947
419 A	0.24510	0.03559	0.71931
420 T	0.25841	0.02246	0.71914
421 T	0.26121	0.01967	0.71912
422 T	0.26279	0.01807	0.71913
423 T	0.26374	0.01709	0.71917
424 T	0.26400	0.01648	0.71953
425 C	0.26406	0.01605	0.7199
426 T	0.26369	0.01628	0.72003
427 T	0.26338	0.01652	0.7201
428 T	0.26279	0.01707	0.72014
429 C	0.26034	0.01967	0.71999
430 G	0.25888	0.02123	0.71988
431 A	0.25830	0.02188	0.71981
432 A	0.25808	0.02214	0.71978
433 G	0.25947	0.02070	0.71983
434 C	0.26130	0.01884	0.71986
435 T	0.26452	0.01557	0.71992
436 A	0.26584	0.01432	0.71985
437 T	0.26672	0.01313	0.72015
438 T	0.26695	0.01269	0.72036
439 A	0.26685	0.01259	0.72056
440 T	0.26705	0.01170	0.72125
441 T	0.26709	0.01140	0.72151
442 C	0.26708	0.01126	0.72166
443 C	0.26709	0.01134	0.72156
444 T	0.26706	0.01186	0.72108
445 T	0.26582	0.01340	0.72078
446 T	0.26526	0.01437	0.72037
447 G	0.26425	0.01566	0.72009
448 T	0.26354	0.01633	0.72012
449 C	0.26271	0.01549	0.7218
450 T	0.26163	0.01712	0.72125
451 A	0.25585	0.02471	0.71944
452 G	0.25479	0.02622	0.71899
453 T	0.25349	0.03270	0.71381
454 A	0.25025	0.04157	0.70818
455 T	0.24849	0.04515	0.70636
456 T	0.24534	0.05094	0.70371
457 A	0.23417	0.06458	0.70124
458 A	0.22210	0.07691	0.70098
459 A	0.21219	0.08679	0.70102
460 G	0.20140	0.09768	0.70093
461 A	0.19103	0.10904	0.69994
462 C	0.18070	0.12055	0.69875
463 A	0.16118	0.14599	0.69284
464 A	0.14781	0.16056	0.69163
465 A	0.13966	0.16967	0.69068
466 A	0.13420	0.17621	0.68959
467 A	0.13197	0.17878	0.68925
468 C	0.13002	0.17936	0.69062
469 T	0.12860	0.18177	0.68963
470 T	0.12627	0.18356	0.69018
471 A	0.11906	0.19112	0.68982
472 A	0.11562	0.19441	0.68997
473 A	0.11511	0.19427	0.69062
474 C	0.11740	0.18548	0.69713
475 A	0.11986	0.18197	0.69817
476 T	0.12772	0.17239	0.69989
477 T	0.13252	0.16578	0.7017
478 T	0.13361	0.16377	0.70261
479 T	0.13300	0.16369	0.70331
480 A	0.12733	0.16147	0.71119
481 A	0.12453	0.15464	0.72083
482 A	0.12019	0.15023	0.72959
483 A	0.11776	0.14311	0.73914
484 A	0.11669	0.13394	0.74937
485 A	0.11728	0.12313	0.7596
486 A	0.12219	0.10057	0.77724
487 A	0.12363	0.08613	0.79024
488 A	0.12509	0.07662	0.7983
489 T	0.12739	0.06638	0.80623
490 A	0.12811	0.06358	0.8083
491 T	0.12927	0.05945	0.81127
492 T	0.13053	0.06019	0.80928
493 G	0.13053	0.05959	0.80987
494 T	0.13081	0.06018	0.80901
495 T	0.13101	0.06631	0.80269
496 T	0.13091	0.07388	0.79521
497 C	0.13053	0.08068	0.7888
498 A	0.13068	0.09388	0.77545
499 T	0.13096	0.10194	0.76711
500 T	0.13100	0.10958	0.75943
501 A	0.12857	0.11632	0.75511
502 T	0.12787	0.11813	0.754
503 T	0.12592	0.11601	0.75807
504 A	0.11940	0.12104	0.75956
505 G	0.11698	0.11995	0.76306
506 A	0.11602	0.11986	0.76412
507 A	0.11568	0.12026	0.76406
508 G	0.11554	0.12285	0.7616
509 A	0.11565	0.13162	0.75273
510 A	0.11533	0.13963	0.74505
511 A	0.11548	0.14614	0.73838
512 G	0.11621	0.14934	0.73444
513 A	0.11860	0.14778	0.73362
514 G	0.12153	0.14474	0.73373
515 A	0.12777	0.13831	0.73392
516 A	0.13291	0.13278	0.73431
517 C	0.14375	0.12133	0.73491
518 C	0.15993	0.10496	0.73511
519 T	0.17266	0.09236	0.73498
520 T	0.17985	0.08531	0.73485
521 A	0.18670	0.07857	0.73473
522 T	0.19307	0.07234	0.73459
523 T	0.19711	0.06755	0.73535
524 T	0.19919	0.06121	0.7396
525 T	0.20001	0.05810	0.74189
526 T	0.20012	0.05529	0.74459
527 C	0.19859	0.05170	0.74972
528 G	0.19777	0.05143	0.75081
529 A	0.19817	0.05080	0.75103
530 A	0.19953	0.04931	0.75116
531 A	0.20302	0.04551	0.75146
532 G	0.21290	0.03526	0.75185
533 A	0.22178	0.02567	0.75255
534 T	0.22953	0.01727	0.7532
535 G	0.23268	0.01468	0.75264
536 T	0.23329	0.01706	0.74965
537 T	0.23219	0.02159	0.74622
538 A	0.22886	0.02717	0.74396
539 T	0.22748	0.02961	0.74292
540 T	0.22540	0.03254	0.74205
541 A	0.22206	0.03679	0.74116
542 C	0.22036	0.03896	0.74068
543 T	0.21829	0.04139	0.74032
544 A	0.21570	0.04419	0.74011
545 A	0.21449	0.04551	0.74001
546 T	0.21413	0.04580	0.74007
547 C	0.21385	0.04584	0.74031
548 T	0.21370	0.04548	0.74083
549 T	0.21326	0.04508	0.74167
550 T	0.21197	0.04477	0.74326
551 C	0.20806	0.04797	0.74398
552 G	0.19361	0.06231	0.74408
553 C	0.18435	0.07129	0.74436
554 A	0.17756	0.07833	0.74411
555 A	0.17363	0.08237	0.744
556 G	0.17167	0.08440	0.74393
557 A	0.17115	0.08496	0.74389
558 A	0.17152	0.08452	0.74396
559 G	0.17442	0.08048	0.7451
560 A	0.17752	0.07621	0.74627
561 A	0.17998	0.07056	0.74946
562 T	0.18121	0.06884	0.74995
563 T	0.18129	0.06967	0.74905
564 A	0.17985	0.07705	0.74309
565 A	0.17833	0.07879	0.74288
566 T	0.17723	0.07939	0.74338
567 A	0.17431	0.08177	0.74392
568 T	0.17259	0.08317	0.74424
569 C	0.16958	0.08647	0.74396
570 A	0.16717	0.09112	0.74171
571 G	0.16614	0.09275	0.74111
572 A	0.16574	0.09330	0.74097
573 A	0.16564	0.09240	0.74196
574 T	0.16578	0.08895	0.74528
575 T	0.16581	0.07361	0.76058
576 T	0.16568	0.06454	0.76978
577 G	0.16521	0.05901	0.77578
578 T	0.16492	0.05663	0.77844
579 G	0.16436	0.05565	0.77999
580 A	0.16404	0.05537	0.78058
581 G	0.16389	0.05486	0.78125
582 A	0.16411	0.05453	0.78137
583 G	0.16509	0.05342	0.78149
584 A	0.16680	0.05201	0.78119
585 A	0.16868	0.05020	0.78112
586 A	0.17180	0.04646	0.78174
587 A	0.17903	0.03709	0.78388
588 G	0.18164	0.03198	0.78638
589 T	0.18467	0.02830	0.78703
590 T	0.18743	0.02409	0.78847
591 T	0.18935	0.02155	0.7891
592 T	0.19049	0.01915	0.79035
593 T	0.19149	0.01788	0.79063
594 T	0.19172	0.01893	0.78934
595 T	0.19182	0.02083	0.78736
596 A	0.19178	0.02347	0.78476
597 T	0.19209	0.02526	0.78265
598 T	0.19227	0.02823	0.77949
599 A	0.19199	0.03047	0.77754
600 T	0.19160	0.03231	0.77609
601 T	0.19028	0.03581	0.77391
602 T	0.18031	0.04764	0.77205
603 A	0.16288	0.06673	0.7704
604 G	0.15501	0.07670	0.76829
605 A	0.15066	0.08242	0.76692
606 T	0.14803	0.08563	0.76635
607 A	0.14431	0.09030	0.76539
608 A	0.14313	0.09182	0.76504
609 A	0.14316	0.09208	0.76476
610 G	0.14352	0.09185	0.76463
611 A	0.14399	0.09151	0.7645
612 A	0.14627	0.08922	0.76451
613 T	0.14845	0.08699	0.76456
614 T	0.14981	0.08557	0.76462
615 A	0.15051	0.08479	0.7647
616 C	0.15189	0.08319	0.76492
617 C	0.15359	0.08138	0.76503
618 T	0.15595	0.07896	0.76509
619 C	0.15849	0.07633	0.76518
620 A	0.16108	0.07375	0.76517
621 T	0.16508	0.06972	0.7652
622 G	0.16681	0.06763	0.76555
623 T	0.16923	0.06389	0.76688
624 T	0.17149	0.05977	0.76874
625 T	0.17319	0.04496	0.78185
626 G	0.17401	0.02592	0.80007
627 T	0.17613	0.01527	0.80859
628 T	0.17716	0.01038	0.81247
629 C	0.17746	0.00765	0.81489
630 T	0.17805	0.00529	0.81666
631 G	0.17790	0.00477	0.81732
632 T	0.17802	0.00455	0.81743
633 T	0.17758	0.00516	0.81725
634 T	0.17715	0.00631	0.81653
635 A	0.17602	0.00933	0.81465
636 T	0.17519	0.01135	0.81347
637 T	0.17294	0.01686	0.8102
638 T	0.16825	0.02722	0.80453
639 A	0.16194	0.05014	0.78792
640 G	0.15576	0.07919	0.76505
641 A	0.15388	0.09307	0.75305
642 A	0.15293	0.09813	0.74893
643 A	0.15260	0.10022	0.74719
644 A	0.15240	0.10174	0.74586
645 T	0.15239	0.10212	0.7455
646 T	0.15235	0.10213	0.74552
647 T	0.15228	0.10211	0.74561
648 A	0.15220	0.10199	0.74581
649 A	0.15219	0.10168	0.74614
650 C	0.15221	0.10132	0.74647
651 T	0.15227	0.10114	0.74659
652 T	0.15226	0.10102	0.74671
653 A	0.15215	0.10110	0.74675
654 T	0.15159	0.10143	0.74698
655 G	0.15111	0.10203	0.74687
656 G	0.15079	0.10238	0.74683
657 A	0.15087	0.10424	0.74489
658 A	0.15251	0.10252	0.74497
659 A	0.15399	0.10126	0.74475
660 A	0.15813	0.09609	0.74579
661 G	0.16510	0.08659	0.7483
662 A	0.18172	0.06700	0.75128
663 T	0.20564	0.04060	0.75376
664 T	0.21558	0.03013	0.75429
665 T	0.21797	0.02821	0.75381
666 A	0.21780	0.02967	0.75253
667 T	0.21796	0.02935	0.75268
668 C	0.21663	0.03068	0.7527
669 T	0.21516	0.03249	0.75235
670 T	0.21367	0.03456	0.75177
671 C	0.21220	0.03677	0.75104
672 T	0.21060	0.04058	0.74882
673 T	0.20758	0.04381	0.74861
674 T	0.20052	0.05109	0.74839
675 A	0.19053	0.06153	0.74793
676 A	0.18870	0.06346	0.74783
677 C	0.18820	0.06314	0.74866
678 A	0.18804	0.06305	0.74891
679 A	0.18883	0.06191	0.74926
680 T	0.19195	0.05832	0.74973
681 A	0.19361	0.05636	0.75004
682 G	0.19572	0.05389	0.7504
683 A	0.19797	0.05120	0.75083
684 T	0.20061	0.04805	0.75135
685 A	0.20215	0.04612	0.75172
686 T	0.20496	0.04263	0.75241
687 T	0.20576	0.04094	0.7533
688 T	0.20659	0.03940	0.75401
689 T	0.20747	0.03791	0.75462
690 A	0.20759	0.03747	0.75494
691 A	0.20781	0.03589	0.7563
692 T	0.20862	0.03225	0.75913
693 T	0.20917	0.02813	0.76271
694 T	0.20935	0.02701	0.76364
695 T	0.20815	0.02942	0.76243
696 A	0.20165	0.04146	0.75689
697 G	0.19704	0.04278	0.76018
698 T	0.19013	0.04580	0.76407
699 T	0.17277	0.06570	0.76153
700 T	0.15064	0.09252	0.75684
701 C	0.11182	0.13805	0.75013
702 A	0.08314	0.17900	0.73785
703 A	0.06960	0.19686	0.73354
704 A	0.06073	0.20808	0.73118
705 A	0.05582	0.21478	0.7294
706 A	0.05320	0.21871	0.72809
707 T	0.05209	0.21992	0.72799
708 A	0.04935	0.22264	0.72801
709 A	0.04795	0.22401	0.72804
710 G	0.04740	0.22444	0.72816
711 C	0.04718	0.22458	0.72823
712 C	0.04713	0.22476	0.72811
713 A	0.04728	0.22478	0.72795
714 A	0.04759	0.22460	0.72781
715 A	0.04803	0.22434	0.72763
716 G	0.04893	0.22344	0.72763
717 A	0.05043	0.22172	0.72785
718 A	0.05403	0.21529	0.73068
719 A	0.06144	0.20086	0.7377
720 A	0.06536	0.19003	0.7446
721 A	0.07155	0.16722	0.76122
722 T	0.08125	0.12765	0.79111
723 T	0.08815	0.09645	0.8154
724 T	0.09429	0.06071	0.845
725 T	0.09932	0.04242	0.85826
726 A	0.10040	0.03467	0.86493
727 A	0.10125	0.02822	0.87053
728 T	0.10245	0.02386	0.87368
729 T	0.10186	0.02391	0.87424
730 G	0.09802	0.02717	0.8748
731 G	0.09601	0.02918	0.87481
732 T	0.09450	0.03481	0.87069
733 A	0.08991	0.05080	0.8593
734 C	0.08649	0.06357	0.84994
735 T	0.08368	0.09032	0.826
736 A	0.07973	0.11867	0.8016
737 A	0.07841	0.13072	0.79087
738 T	0.07826	0.13871	0.78303
739 G	0.07774	0.14079	0.78147
740 G	0.07760	0.14106	0.78135
741 T	0.07758	0.14160	0.78082
742 T	0.07714	0.14211	0.78074
743 C	0.07498	0.14434	0.78069
744 C	0.07250	0.14702	0.78048
745 A	0.07203	0.14802	0.77995
746 C	0.07209	0.14817	0.77974
747 A	0.07292	0.14812	0.77896
748 T	0.07618	0.14554	0.77828
749 T	0.07876	0.14353	0.77771
750 A	0.07886	0.14437	0.77678
751 A	0.07856	0.14553	0.77591
752 A	0.07861	0.14454	0.77684
753 A	0.07621	0.14377	0.78003
754 A	0.07638	0.14316	0.78046
755 G	0.08165	0.13884	0.77951
756 A	0.09508	0.12237	0.78255
757 A	0.10745	0.10768	0.78487
758 T	0.13336	0.07900	0.78764
759 T	0.14974	0.06036	0.7899
760 C	0.15147	0.05890	0.78963
761 G	0.15277	0.06009	0.78713
762 A	0.15061	0.06717	0.78222
763 A	0.14895	0.06939	0.78166
764 T	0.14776	0.07083	0.78141
765 T	0.14343	0.07639	0.78019
766 A	0.13777	0.08082	0.78141
767 C	0.13292	0.08364	0.78343
768 T	0.12852	0.08873	0.78274
769 G	0.11822	0.09948	0.7823
770 C	0.11130	0.10702	0.78168
771 T	0.10826	0.11207	0.77967
772 G	0.10500	0.11674	0.77826
773 A	0.10389	0.11848	0.77763
774 A	0.10304	0.11872	0.77825
775 A	0.10221	0.11901	0.77878
776 A	0.10165	0.11671	0.78164
777 A	0.10222	0.11369	0.78409
778 G	0.10401	0.10980	0.78619
779 A	0.10518	0.10849	0.78633
780 T	0.10696	0.10612	0.78692
781 A	0.10680	0.11080	0.7824
782 T	0.10841	0.11165	0.77994
783 T	0.10796	0.11866	0.77338
784 A	0.10483	0.12783	0.76735
785 A	0.10495	0.13036	0.76469
786 A	0.10418	0.13177	0.76405
787 A	0.10460	0.13003	0.76537
788 G	0.10639	0.12300	0.77061
789 A	0.10858	0.11491	0.77651
790 T	0.11130	0.10534	0.78337
791 T	0.11367	0.09800	0.78833
792 T	0.11374	0.09073	0.79554
793 T	0.11140	0.09138	0.79723
794 T	0.10591	0.09775	0.79635
795 G	0.09683	0.10792	0.79525
796 A	0.09056	0.11662	0.79282
797 A	0.08482	0.12361	0.79158
798 A	0.08167	0.12621	0.79213
799 A	0.07960	0.12755	0.79286
800 A	0.07800	0.12872	0.79328
801 G	0.07853	0.12829	0.79318
802 A	0.08068	0.12662	0.7927
803 A	0.08440	0.12250	0.7931
804 A	0.09127	0.11386	0.79487
805 G	0.09836	0.10484	0.79681
806 T	0.10984	0.09107	0.79909
807 T	0.11761	0.07955	0.80284
808 T	0.12132	0.07375	0.80493
809 C	0.12265	0.07137	0.80598
810 T	0.12336	0.07115	0.80548
811 T	0.12272	0.07256	0.80472
812 T	0.12152	0.07422	0.80426
813 A	0.11994	0.07672	0.80334
814 A	0.12023	0.07702	0.80274
815 A	0.12205	0.07373	0.80421
816 T	0.12741	0.06389	0.80871
817 T	0.13113	0.05417	0.81471
818 T	0.13285	0.04650	0.82064
819 A	0.13134	0.04483	0.82383
820 T	0.13191	0.04052	0.82757
821 G	0.13093	0.04022	0.82884
822 G	0.13008	0.04051	0.82941
823 G	0.12960	0.04117	0.82923
824 T	0.13041	0.04219	0.8274
825 T	0.12862	0.04903	0.82235
826 A	0.12481	0.05772	0.81748
827 A	0.12303	0.06182	0.81516
828 A	0.12128	0.06508	0.81364
829 G	0.12054	0.06753	0.81193
830 T	0.12039	0.07062	0.80899
831 A	0.11951	0.07879	0.8017
832 G	0.11893	0.08108	0.79999
833 A	0.11898	0.08313	0.7979
834 T	0.11862	0.08408	0.7973
835 A	0.11511	0.08996	0.79493
836 C	0.11176	0.09634	0.7919
837 A	0.11071	0.11328	0.77601
838 G	0.11066	0.11913	0.7702
839 A	0.11112	0.12356	0.76533
840 A	0.11289	0.12364	0.76347
841 T	0.11615	0.12044	0.7634
842 T	0.11770	0.11617	0.76614
843 G	0.11829	0.11492	0.76679
844 A	0.11958	0.11351	0.76691
845 A	0.12151	0.11078	0.76771
846 T	0.12445	0.10631	0.76924
847 A	0.12662	0.10381	0.76958
848 T	0.13155	0.09673	0.77173
849 T	0.13439	0.09138	0.77422
850 A	0.13514	0.09037	0.77449
851 G	0.13605	0.08908	0.77487
852 A	0.13745	0.08793	0.77463
853 A	0.13984	0.08620	0.77396
854 A	0.14623	0.07929	0.77448
855 A	0.14930	0.07556	0.77513
856 A	0.15310	0.07119	0.77572
857 A	0.15617	0.06667	0.77715
858 A	0.16140	0.05766	0.78093
859 G	0.16992	0.04485	0.78523
860 T	0.18816	0.02508	0.78676
861 T	0.19434	0.01819	0.78747
862 T	0.19764	0.01462	0.78774
863 T	0.19872	0.01344	0.78784
864 T	0.19899	0.01318	0.78783
865 C	0.19914	0.01293	0.78792
866 G	0.19933	0.01282	0.78785
867 T	0.20061	0.01159	0.78781
868 T	0.20092	0.01130	0.78778
869 C	0.20059	0.01167	0.78773
870 T	0.19929	0.01307	0.78764
871 C	0.19104	0.02146	0.7875
872 C	0.19101	0.02166	0.78733
873 T	0.19167	0.02136	0.78697
874 T	0.19190	0.02144	0.78666
875 A	0.19227	0.02115	0.78658
876 T	0.19334	0.02010	0.78656
877 G	0.19382	0.01953	0.78665
878 T	0.19435	0.01885	0.7868
879 T	0.19464	0.01849	0.78687
880 T	0.19478	0.01832	0.78689
881 C	0.19483	0.01825	0.78692
882 A	0.19488	0.01819	0.78693
883 T	0.19499	0.01807	0.78693
884 A	0.19503	0.01803	0.78694
885 T	0.19511	0.01793	0.78696
886 A	0.19518	0.01783	0.78698
887 C	0.19528	0.01746	0.78726
888 A	0.19532	0.01726	0.78742
889 A	0.19547	0.01685	0.78768
890 A	0.19558	0.01652	0.7879
891 A	0.19576	0.01577	0.78847
892 T	0.19613	0.01442	0.78945
893 A	0.19650	0.01061	0.7929
894 A	0.19708	0.00000	0.80292
