# lcl|CP097583.1_cds_USQ93573.1_1
# AA	inside	membr	outside
1 A	0.08595	0.00000	0.91406
2 T	0.08533	0.00061	0.91406
3 G	0.08460	0.00135	0.91406
4 A	0.08460	0.02253	0.89288
5 A	0.08191	0.03684	0.88125
6 A	0.08191	0.03899	0.8791
7 A	0.07315	0.04866	0.8782
8 A	0.07315	0.04867	0.87819
9 A	0.07134	0.05057	0.87809
10 T	0.07134	0.05452	0.87414
11 T	0.07073	0.05557	0.8737
12 A	0.04593	0.08076	0.87331
13 A	0.02334	0.10438	0.87228
14 T	0.02334	0.10439	0.87228
15 A	0.02334	0.11141	0.86526
16 A	0.02289	0.11186	0.86526
17 A	0.02260	0.11216	0.86525
18 A	0.02259	0.11218	0.86523
19 A	0.02255	0.11222	0.86523
20 C	0.02249	0.11213	0.86538
21 A	0.02240	0.11215	0.86544
22 T	0.02377	0.11060	0.86563
23 C	0.02480	0.10915	0.86605
24 T	0.02713	0.10673	0.86614
25 G	0.02809	0.10532	0.86659
26 C	0.02941	0.10303	0.86755
27 T	0.04570	0.08649	0.86781
28 A	0.05364	0.07734	0.86903
29 A	0.05573	0.07467	0.86959
30 T	0.05816	0.06476	0.87709
31 T	0.05831	0.06413	0.87756
32 T	0.05834	0.05959	0.88207
33 A	0.05917	0.05639	0.88444
34 A	0.05930	0.05399	0.88671
35 T	0.06050	0.03100	0.9085
36 T	0.06131	0.01238	0.92631
37 A	0.06130	0.01172	0.92697
38 C	0.06616	0.00620	0.92764
39 C	0.06602	0.00597	0.92801
40 C	0.06605	0.00585	0.9281
41 T	0.06613	0.00576	0.92811
42 T	0.06613	0.00576	0.92811
43 T	0.06611	0.00578	0.92812
44 T	0.06598	0.00586	0.92817
45 T	0.06579	0.00604	0.92817
46 A	0.06543	0.00627	0.9283
47 G	0.06524	0.00629	0.92847
48 A	0.06520	0.00618	0.92862
49 A	0.06521	0.00604	0.92874
50 T	0.06529	0.00580	0.92891
51 T	0.06537	0.00530	0.92932
52 T	0.06542	0.00500	0.92958
53 T	0.06545	0.00461	0.92994
54 T	0.06546	0.00432	0.93022
55 T	0.06547	0.00404	0.9305
56 T	0.06548	0.00312	0.93141
57 A	0.06542	0.00282	0.93175
58 G	0.06539	0.00258	0.93204
59 T	0.06538	0.00227	0.93236
60 T	0.06535	0.00204	0.9326
61 T	0.06533	0.00184	0.93283
62 T	0.06531	0.00164	0.93305
63 T	0.06529	0.00157	0.93314
64 G	0.06526	0.00152	0.93321
65 T	0.06525	0.00146	0.93329
66 T	0.06524	0.00140	0.93335
67 A	0.06523	0.00132	0.93345
68 T	0.06525	0.00115	0.9336
69 G	0.06519	0.00095	0.93385
70 T	0.06516	0.00084	0.934
71 T	0.06507	0.00088	0.93404
72 A	0.06460	0.00135	0.93404
73 C	0.06435	0.00159	0.93405
74 C	0.06420	0.00179	0.93401
75 T	0.06408	0.00207	0.93385
76 T	0.06394	0.00231	0.93374
77 T	0.06376	0.00258	0.93366
78 T	0.06354	0.00288	0.93358
79 T	0.06332	0.00316	0.93352
80 T	0.06287	0.00355	0.93357
81 A	0.06197	0.00442	0.9336
82 T	0.06181	0.00456	0.93363
83 T	0.06163	0.00471	0.93365
84 C	0.06138	0.00495	0.93367
85 G	0.06122	0.00511	0.93367
86 T	0.06115	0.00517	0.93367
87 T	0.06104	0.00529	0.93367
88 A	0.06091	0.00544	0.93365
89 C	0.06072	0.00565	0.93364
90 A	0.06056	0.00590	0.93354
91 A	0.06045	0.00613	0.93341
92 A	0.06021	0.00640	0.9334
93 A	0.05999	0.00663	0.93338
94 A	0.05996	0.00663	0.93341
95 A	0.05996	0.00618	0.93386
96 A	0.05998	0.00587	0.93415
97 G	0.06007	0.00557	0.93436
98 T	0.06027	0.00518	0.93455
99 T	0.06025	0.00500	0.93475
100 T	0.06009	0.00492	0.935
101 T	0.05973	0.00505	0.93522
102 G	0.05920	0.00535	0.93544
103 A	0.05887	0.00530	0.93583
104 C	0.05871	0.00459	0.9367
105 T	0.05857	0.00458	0.93685
106 C	0.05824	0.00478	0.93698
107 A	0.05783	0.00515	0.93702
108 T	0.05728	0.00563	0.93709
109 C	0.05638	0.00650	0.93712
110 C	0.05592	0.00689	0.93719
111 A	0.05578	0.00701	0.93721
112 G	0.05576	0.00687	0.93737
113 A	0.05583	0.00670	0.93747
114 T	0.05596	0.00648	0.93756
115 C	0.05599	0.00620	0.93781
116 C	0.05601	0.00596	0.93803
117 A	0.05588	0.00610	0.93802
118 G	0.05586	0.00611	0.93802
119 A	0.05588	0.00609	0.93802
120 T	0.05596	0.00601	0.93803
121 T	0.05600	0.00592	0.93808
122 T	0.05601	0.00558	0.93841
123 A	0.05582	0.00548	0.93869
124 T	0.05572	0.00514	0.93914
125 T	0.05552	0.00494	0.93954
126 T	0.05519	0.00503	0.93977
127 A	0.05479	0.00535	0.93987
128 A	0.05462	0.00536	0.94002
129 A	0.05449	0.00512	0.94039
130 A	0.05444	0.00468	0.94087
131 T	0.05443	0.00405	0.94152
132 T	0.05442	0.00327	0.94231
133 C	0.05441	0.00287	0.94272
134 C	0.05439	0.00280	0.94282
135 A	0.05438	0.00280	0.94281
136 T	0.05440	0.00277	0.94284
137 T	0.05441	0.00276	0.94283
138 T	0.05441	0.00275	0.94284
139 A	0.05442	0.00271	0.94287
140 T	0.05445	0.00247	0.94309
141 T	0.05445	0.00237	0.94318
142 T	0.05444	0.00233	0.94323
143 T	0.05443	0.00231	0.94327
144 A	0.05421	0.00250	0.94329
145 A	0.05420	0.00243	0.94337
146 T	0.05425	0.00212	0.94363
147 T	0.05424	0.00196	0.9438
148 T	0.05415	0.00192	0.94393
149 T	0.05405	0.00187	0.94409
150 T	0.05348	0.00226	0.94427
151 A	0.05288	0.00283	0.94429
152 T	0.05255	0.00309	0.94436
153 T	0.05193	0.00368	0.94439
154 T	0.05126	0.00433	0.94441
155 T	0.04919	0.00638	0.94443
156 A	0.04666	0.00890	0.94445
157 G	0.04513	0.01040	0.94448
158 C	0.04456	0.01095	0.94448
159 A	0.04422	0.01130	0.94447
160 T	0.04409	0.01145	0.94447
161 C	0.04389	0.01165	0.94446
162 T	0.04378	0.01178	0.94445
163 A	0.04356	0.01201	0.94443
164 T	0.04347	0.01207	0.94445
165 T	0.04317	0.01236	0.94447
166 A	0.04266	0.01284	0.94449
167 C	0.04243	0.01282	0.94475
168 A	0.04227	0.01294	0.94478
169 G	0.04226	0.01291	0.94482
170 A	0.04232	0.01279	0.94489
171 T	0.04250	0.01245	0.94505
172 T	0.04258	0.01224	0.94518
173 T	0.04262	0.01137	0.94601
174 T	0.04241	0.01079	0.9468
175 T	0.04181	0.01082	0.94737
176 T	0.04086	0.01121	0.94793
177 A	0.03921	0.01241	0.94838
178 G	0.03821	0.01170	0.95009
179 A	0.03751	0.01060	0.95188
180 T	0.03705	0.00977	0.95319
181 G	0.03593	0.01047	0.9536
182 G	0.03534	0.01101	0.95365
183 A	0.03519	0.01150	0.95331
184 T	0.03513	0.01194	0.95293
185 A	0.03496	0.01321	0.95184
186 T	0.03491	0.01389	0.95119
187 A	0.03482	0.01448	0.95071
188 T	0.03464	0.01494	0.95042
189 A	0.03391	0.01602	0.95007
190 G	0.03367	0.01650	0.94982
191 C	0.03324	0.01716	0.9496
192 T	0.03252	0.01977	0.9477
193 A	0.03070	0.02322	0.94607
194 A	0.02949	0.02506	0.94545
195 A	0.02802	0.02678	0.9452
196 A	0.02740	0.02747	0.94512
197 A	0.02727	0.02719	0.94554
198 A	0.02729	0.02632	0.94639
199 T	0.02758	0.02475	0.94767
200 T	0.02758	0.02341	0.94902
201 T	0.02713	0.02315	0.94972
202 A	0.02573	0.02466	0.94962
203 A	0.02469	0.02606	0.94926
204 A	0.02425	0.02569	0.95006
205 C	0.02409	0.02529	0.95063
206 A	0.02420	0.02512	0.95069
207 A	0.02466	0.02460	0.95074
208 C	0.02579	0.02333	0.95089
209 A	0.02663	0.02246	0.95092
210 A	0.02737	0.02167	0.95097
211 A	0.02828	0.02046	0.95126
212 C	0.02949	0.01840	0.95211
213 T	0.03052	0.01715	0.95233
214 A	0.03104	0.01601	0.95296
215 T	0.03270	0.01348	0.95383
216 T	0.03365	0.01099	0.95537
217 T	0.03398	0.00979	0.95623
218 T	0.03406	0.00817	0.95777
219 T	0.03364	0.00794	0.95842
220 G	0.03330	0.00808	0.95862
221 G	0.03309	0.00821	0.9587
222 A	0.03303	0.00839	0.95858
223 A	0.03312	0.00829	0.9586
224 A	0.03324	0.00771	0.95906
225 A	0.03382	0.00589	0.96029
226 T	0.03455	0.00425	0.9612
227 T	0.03448	0.00390	0.96162
228 T	0.03430	0.00383	0.96187
229 T	0.03408	0.00392	0.96201
230 T	0.03365	0.00435	0.962
231 C	0.03276	0.00519	0.96205
232 G	0.03195	0.00599	0.96206
233 A	0.03148	0.00646	0.96207
234 T	0.03124	0.00671	0.96206
235 C	0.03082	0.00713	0.96205
236 C	0.03055	0.00741	0.96204
237 T	0.03023	0.00779	0.96198
238 A	0.02983	0.00820	0.96197
239 T	0.02971	0.00831	0.96197
240 A	0.02951	0.00852	0.96196
241 G	0.02946	0.00848	0.96206
242 C	0.02950	0.00785	0.96264
243 T	0.02960	0.00750	0.96291
244 G	0.02963	0.00734	0.96304
245 A	0.02983	0.00717	0.96301
246 T	0.03006	0.00695	0.96299
247 A	0.03010	0.00694	0.96296
248 A	0.03020	0.00677	0.96303
249 A	0.03036	0.00648	0.96315
250 T	0.03046	0.00608	0.96345
251 T	0.03052	0.00570	0.96378
252 A	0.03056	0.00535	0.9641
253 T	0.03063	0.00476	0.96462
254 T	0.03062	0.00399	0.96538
255 A	0.03058	0.00336	0.96606
256 G	0.03057	0.00285	0.96658
257 T	0.03059	0.00258	0.96684
258 T	0.03059	0.00222	0.96719
259 A	0.03059	0.00203	0.96739
260 T	0.03063	0.00165	0.96772
261 T	0.03063	0.00131	0.96806
262 G	0.03063	0.00117	0.9682
263 T	0.03063	0.00098	0.96839
264 G	0.03063	0.00091	0.96846
265 T	0.03065	0.00083	0.96851
266 C	0.03067	0.00076	0.96856
267 A	0.03072	0.00069	0.9686
268 T	0.03081	0.00059	0.9686
269 T	0.03087	0.00053	0.9686
270 T	0.03091	0.00051	0.96858
271 T	0.03092	0.00054	0.96854
272 T	0.03093	0.00056	0.96851
273 T	0.03086	0.00074	0.96841
274 T	0.03073	0.00112	0.96816
275 A	0.03034	0.00185	0.96782
276 T	0.03027	0.00211	0.96762
277 A	0.03006	0.00311	0.96682
278 T	0.02998	0.00343	0.96659
279 T	0.02983	0.00412	0.96605
280 T	0.02973	0.00495	0.96532
281 A	0.02936	0.00657	0.96406
282 T	0.02923	0.00681	0.96397
283 A	0.02909	0.00702	0.96389
284 T	0.02892	0.00724	0.96384
285 A	0.02846	0.00775	0.96379
286 C	0.02825	0.00795	0.96381
287 T	0.02812	0.00808	0.9638
288 A	0.02787	0.00835	0.96378
289 T	0.02779	0.00843	0.96378
290 C	0.02769	0.00854	0.96377
291 T	0.02764	0.00862	0.96374
292 A	0.02753	0.00878	0.96369
293 G	0.02752	0.00883	0.96366
294 T	0.02751	0.00884	0.96364
295 A	0.02741	0.00897	0.96362
296 A	0.02742	0.00890	0.96368
297 A	0.02762	0.00854	0.96384
298 C	0.02780	0.00792	0.96428
299 A	0.02800	0.00767	0.96433
300 T	0.02893	0.00656	0.96452
301 G	0.02918	0.00624	0.96458
302 C	0.02970	0.00561	0.96469
303 A	0.03032	0.00507	0.96461
304 T	0.03144	0.00375	0.9648
305 T	0.03136	0.00383	0.96482
306 A	0.03091	0.00438	0.96472
307 T	0.03057	0.00460	0.96483
308 T	0.02961	0.00515	0.96524
309 A	0.02860	0.00612	0.96527
310 T	0.02764	0.00718	0.96518
311 C	0.02601	0.00871	0.96528
312 A	0.02361	0.01187	0.96452
313 A	0.02215	0.01364	0.96421
314 A	0.01878	0.01719	0.96403
315 C	0.01691	0.01916	0.96393
316 A	0.01469	0.02218	0.96313
317 A	0.01317	0.02388	0.96294
318 A	0.01284	0.02415	0.96301
319 G	0.01265	0.02425	0.9631
320 A	0.01258	0.02429	0.96313
321 C	0.01255	0.02409	0.96337
322 C	0.01254	0.02408	0.96337
323 A	0.01244	0.02427	0.96329
324 T	0.01244	0.02432	0.96324
325 A	0.01234	0.02446	0.96319
326 A	0.01229	0.02455	0.96316
327 T	0.01235	0.02444	0.9632
328 A	0.01228	0.02415	0.96357
329 A	0.01230	0.02332	0.96438
330 A	0.01224	0.02252	0.96524
331 C	0.01230	0.02099	0.9667
332 A	0.01246	0.02020	0.96734
333 A	0.01274	0.01927	0.96799
334 A	0.01296	0.01781	0.96923
335 T	0.01383	0.01495	0.97122
336 T	0.01420	0.01342	0.97238
337 G	0.01436	0.00968	0.97596
338 A	0.01453	0.00770	0.97777
339 A	0.01521	0.00482	0.97997
340 C	0.01550	0.00297	0.98153
341 T	0.01564	0.00256	0.9818
342 T	0.01572	0.00236	0.98192
343 T	0.01577	0.00228	0.98195
344 T	0.01577	0.00233	0.9819
345 A	0.01574	0.00247	0.98179
346 T	0.01575	0.00248	0.98177
347 T	0.01570	0.00250	0.9818
348 A	0.01555	0.00281	0.98164
349 T	0.01548	0.00287	0.98165
350 T	0.01534	0.00299	0.98168
351 A	0.01482	0.00361	0.98156
352 A	0.01467	0.00375	0.98159
353 G	0.01460	0.00376	0.98164
354 T	0.01458	0.00388	0.98153
355 G	0.01457	0.00401	0.98142
356 T	0.01464	0.00422	0.98114
357 T	0.01462	0.00434	0.98103
358 T	0.01450	0.00471	0.98079
359 T	0.01428	0.00506	0.98066
360 A	0.01397	0.00547	0.98056
361 C	0.01387	0.00561	0.98052
362 T	0.01378	0.00578	0.98045
363 T	0.01362	0.00601	0.98037
364 A	0.01324	0.00642	0.98034
365 T	0.01314	0.00654	0.98033
366 A	0.01277	0.00692	0.98031
367 A	0.01273	0.00694	0.98033
368 A	0.01281	0.00680	0.98039
369 T	0.01309	0.00644	0.98047
370 A	0.01314	0.00629	0.98057
371 T	0.01341	0.00579	0.9808
372 T	0.01346	0.00565	0.98089
373 A	0.01334	0.00566	0.98099
374 T	0.01338	0.00525	0.98137
375 A	0.01312	0.00545	0.98143
376 A	0.01303	0.00546	0.9815
377 G	0.01307	0.00536	0.98157
378 A	0.01317	0.00519	0.98163
379 G	0.01343	0.00487	0.9817
380 A	0.01361	0.00464	0.98175
381 T	0.01398	0.00411	0.98192
382 T	0.01415	0.00374	0.98212
383 T	0.01422	0.00340	0.98237
384 T	0.01419	0.00330	0.98252
385 T	0.01411	0.00325	0.98264
386 T	0.01398	0.00323	0.98279
387 G	0.01372	0.00333	0.98295
388 G	0.01366	0.00345	0.9829
389 T	0.01363	0.00329	0.98308
390 A	0.01354	0.00337	0.98308
391 A	0.01351	0.00336	0.98313
392 T	0.01350	0.00332	0.98319
393 G	0.01344	0.00328	0.98328
394 G	0.01342	0.00325	0.98332
395 G	0.01343	0.00321	0.98336
396 A	0.01346	0.00318	0.98336
397 G	0.01349	0.00320	0.98331
398 T	0.01357	0.00310	0.98333
399 A	0.01357	0.00337	0.98306
400 A	0.01359	0.00365	0.98277
401 G	0.01358	0.00410	0.98232
402 A	0.01360	0.00484	0.98156
403 T	0.01367	0.00540	0.98092
404 T	0.01370	0.00571	0.98058
405 A	0.01369	0.00622	0.98009
406 A	0.01370	0.00620	0.9801
407 T	0.01374	0.00605	0.98021
408 G	0.01367	0.00601	0.98032
409 G	0.01370	0.00585	0.98045
410 C	0.01384	0.00554	0.98063
411 T	0.01400	0.00560	0.9804
412 T	0.01400	0.00620	0.97979
413 T	0.01391	0.00680	0.97929
414 T	0.01372	0.00723	0.97905
415 G	0.01350	0.00773	0.97878
416 A	0.01337	0.00799	0.97863
417 A	0.01323	0.00821	0.97856
418 C	0.01325	0.00825	0.9785
419 A	0.01333	0.00832	0.97834
420 A	0.01344	0.00827	0.9783
421 A	0.01364	0.00807	0.9783
422 A	0.01404	0.00766	0.9783
423 A	0.01443	0.00726	0.97831
424 A	0.01501	0.00663	0.97836
425 C	0.01584	0.00575	0.97841
426 T	0.01655	0.00503	0.97841
427 A	0.01682	0.00475	0.97843
428 T	0.01722	0.00432	0.97846
429 T	0.01725	0.00429	0.97845
430 A	0.01723	0.00431	0.97846
431 T	0.01724	0.00418	0.97858
432 A	0.01721	0.00414	0.97865
433 A	0.01725	0.00397	0.97878
434 C	0.01753	0.00347	0.97901
435 T	0.01820	0.00267	0.97913
436 G	0.01864	0.00209	0.97927
437 C	0.01897	0.00161	0.97941
438 T	0.01931	0.00122	0.97948
439 T	0.01945	0.00105	0.9795
440 C	0.01949	0.00090	0.97962
441 T	0.01954	0.00095	0.97951
442 T	0.01960	0.00099	0.97942
443 T	0.01961	0.00110	0.97929
444 T	0.01956	0.00127	0.97917
445 T	0.01945	0.00157	0.97899
446 T	0.01927	0.00189	0.97884
447 A	0.01877	0.00266	0.97857
448 G	0.01827	0.00345	0.97827
449 G	0.01802	0.00398	0.978
450 A	0.01793	0.00432	0.97774
451 A	0.01790	0.00454	0.97755
452 A	0.01789	0.00463	0.97748
453 A	0.01782	0.00476	0.97742
454 T	0.01778	0.00482	0.9774
455 T	0.01771	0.00490	0.97739
456 A	0.01760	0.00507	0.97733
457 A	0.01757	0.00510	0.97733
458 A	0.01755	0.00511	0.97734
459 A	0.01755	0.00508	0.97737
460 A	0.01755	0.00505	0.9774
461 C	0.01760	0.00498	0.97742
462 T	0.01767	0.00490	0.97742
463 A	0.01773	0.00483	0.97744
464 T	0.01791	0.00462	0.97746
465 C	0.01806	0.00444	0.9775
466 T	0.01827	0.00421	0.97752
467 T	0.01843	0.00392	0.97766
468 T	0.01861	0.00360	0.97779
469 A	0.01873	0.00333	0.97795
470 C	0.01900	0.00266	0.97833
471 T	0.01935	0.00188	0.97877
472 T	0.01960	0.00139	0.97901
473 T	0.01982	0.00110	0.97909
474 T	0.01995	0.00093	0.97912
475 A	0.02001	0.00085	0.97913
476 T	0.02010	0.00062	0.97927
477 T	0.02015	0.00050	0.97935
478 T	0.02021	0.00036	0.97943
479 C	0.02025	0.00022	0.97953
480 T	0.02026	0.00020	0.97954
481 A	0.02026	0.00022	0.97953
482 T	0.02026	0.00022	0.97951
483 T	0.02025	0.00027	0.97948
484 T	0.02023	0.00041	0.97936
485 T	0.02017	0.00068	0.97915
486 T	0.02002	0.00113	0.97885
487 T	0.01988	0.00145	0.97867
488 T	0.01965	0.00182	0.97854
489 A	0.01937	0.00235	0.97829
490 A	0.01917	0.00281	0.97801
491 T	0.01902	0.00311	0.97788
492 G	0.01888	0.00343	0.9777
493 T	0.01884	0.00378	0.97738
494 T	0.01879	0.00404	0.97716
495 G	0.01873	0.00448	0.97679
496 A	0.01871	0.00456	0.97673
497 T	0.01868	0.00465	0.97667
498 A	0.01851	0.00487	0.97663
499 T	0.01842	0.00498	0.97661
500 C	0.01818	0.00525	0.97657
501 A	0.01795	0.00573	0.97632
502 A	0.01782	0.00607	0.97611
503 A	0.01765	0.00647	0.97588
504 A	0.01753	0.00695	0.97552
505 G	0.01751	0.00713	0.97537
506 A	0.01753	0.00721	0.97526
507 A	0.01766	0.00712	0.97522
508 A	0.01791	0.00685	0.97525
509 T	0.01830	0.00635	0.97535
510 T	0.01847	0.00606	0.97546
511 G	0.01856	0.00579	0.97564
512 A	0.01874	0.00545	0.9758
513 A	0.01893	0.00514	0.97593
514 C	0.01906	0.00484	0.9761
515 C	0.01923	0.00463	0.97614
516 T	0.01954	0.00446	0.976
517 A	0.01967	0.00445	0.97588
518 T	0.01996	0.00421	0.97583
519 A	0.01998	0.00423	0.97579
520 T	0.02002	0.00416	0.97582
521 T	0.02003	0.00394	0.97603
522 A	0.01996	0.00392	0.97612
523 G	0.01995	0.00374	0.9763
524 G	0.02015	0.00342	0.97643
525 A	0.02032	0.00317	0.97651
526 A	0.02055	0.00280	0.97665
527 T	0.02096	0.00226	0.97678
528 T	0.02107	0.00212	0.97681
529 C	0.02110	0.00208	0.97682
530 C	0.02112	0.00211	0.97678
531 A	0.02114	0.00219	0.97667
532 A	0.02122	0.00218	0.97661
533 T	0.02129	0.00213	0.97657
534 G	0.02133	0.00211	0.97657
535 A	0.02141	0.00202	0.97656
536 T	0.02159	0.00176	0.97666
537 T	0.02169	0.00163	0.97669
538 T	0.02176	0.00154	0.9767
539 T	0.02185	0.00144	0.97671
540 T	0.02189	0.00147	0.97665
541 T	0.02189	0.00153	0.97658
542 T	0.02187	0.00158	0.97655
543 T	0.02178	0.00181	0.97642
544 A	0.02154	0.00234	0.97613
545 A	0.02137	0.00258	0.97605
546 T	0.02123	0.00287	0.9759
547 A	0.02104	0.00323	0.97573
548 A	0.02101	0.00333	0.97567
549 A	0.02101	0.00335	0.97564
550 A	0.02104	0.00332	0.97564
551 T	0.02112	0.00318	0.97569
552 T	0.02119	0.00306	0.97574
553 T	0.02125	0.00296	0.97579
554 T	0.02131	0.00289	0.9758
555 T	0.02132	0.00289	0.9758
556 T	0.02130	0.00292	0.97579
557 T	0.02127	0.00295	0.97578
558 A	0.02117	0.00307	0.97576
559 A	0.02113	0.00312	0.97576
560 T	0.02115	0.00309	0.97576
561 T	0.02115	0.00308	0.97576
562 A	0.02112	0.00310	0.97577
563 T	0.02123	0.00297	0.9758
564 T	0.02129	0.00287	0.97584
565 A	0.02132	0.00282	0.97586
566 A	0.02147	0.00260	0.97593
567 T	0.02179	0.00205	0.97616
568 A	0.02192	0.00182	0.97626
569 T	0.02213	0.00144	0.97643
570 T	0.02230	0.00110	0.9766
571 T	0.02236	0.00102	0.97662
572 T	0.02238	0.00101	0.97662
573 T	0.02237	0.00103	0.97659
574 T	0.02235	0.00106	0.97658
575 T	0.02233	0.00109	0.97658
576 A	0.02230	0.00113	0.97657
577 A	0.02229	0.00113	0.97658
578 T	0.02230	0.00108	0.97661
579 T	0.02230	0.00105	0.97664
580 A	0.02229	0.00103	0.97668
581 T	0.02229	0.00094	0.97678
582 T	0.02227	0.00091	0.97682
583 T	0.02225	0.00090	0.97684
584 G	0.02218	0.00093	0.97688
585 G	0.02216	0.00091	0.97693
586 T	0.02214	0.00091	0.97695
587 C	0.02212	0.00092	0.97696
588 G	0.02212	0.00102	0.97686
589 G	0.02214	0.00122	0.97664
590 G	0.02217	0.00134	0.97649
591 T	0.02224	0.00140	0.97636
592 T	0.02229	0.00149	0.97623
593 T	0.02232	0.00154	0.97614
594 T	0.02235	0.00162	0.97603
595 T	0.02236	0.00177	0.97587
596 T	0.02234	0.00206	0.9756
597 T	0.02230	0.00241	0.9753
598 T	0.02223	0.00296	0.97482
599 A	0.02204	0.00353	0.97443
600 T	0.02183	0.00406	0.97411
601 A	0.02143	0.00471	0.97386
602 T	0.02122	0.00506	0.97373
603 A	0.02063	0.00594	0.97342
604 A	0.02015	0.00683	0.97302
605 T	0.01972	0.00773	0.97255
606 A	0.01862	0.01012	0.97126
607 A	0.01767	0.01292	0.96941
608 A	0.01726	0.01415	0.96858
609 G	0.01702	0.01528	0.96771
610 A	0.01686	0.01704	0.9661
611 A	0.01695	0.01770	0.96536
612 T	0.01724	0.01776	0.965
613 T	0.01734	0.01805	0.96461
614 T	0.01732	0.01840	0.96429
615 T	0.01720	0.01876	0.96404
616 A	0.01691	0.01938	0.96371
617 A	0.01695	0.01938	0.96368
618 A	0.01712	0.01920	0.96368
619 T	0.01752	0.01873	0.96376
620 T	0.01790	0.01826	0.96384
621 T	0.01837	0.01767	0.96396
622 A	0.01862	0.01726	0.96412
623 T	0.01888	0.01676	0.96436
624 T	0.01903	0.01631	0.96465
625 A	0.01912	0.01607	0.96481
626 A	0.01936	0.01533	0.96531
627 A	0.01977	0.01446	0.96577
628 A	0.02034	0.01343	0.96623
629 A	0.02178	0.01098	0.96724
630 T	0.02404	0.00781	0.96815
631 A	0.02492	0.00652	0.96856
632 A	0.02596	0.00517	0.96887
633 T	0.02775	0.00307	0.96918
634 T	0.02858	0.00207	0.96935
635 T	0.02893	0.00159	0.96948
636 T	0.02923	0.00114	0.96963
637 T	0.02940	0.00081	0.96979
638 A	0.02949	0.00055	0.96996
639 A	0.02972	0.00000	0.97028
