# lcl|CP097583.1_cds_USQ93347.1_1
# AA	inside	membr	outside
1 A	0.71101	0.00000	0.28899
2 T	0.68298	0.02803	0.28899
3 G	0.66834	0.04267	0.28899
4 A	0.66834	0.07317	0.25849
5 A	0.55064	0.22640	0.22295
6 G	0.55064	0.23436	0.21501
7 A	0.19618	0.59410	0.20973
8 C	0.19617	0.59417	0.20966
9 A	0.16496	0.63115	0.20388
10 A	0.16492	0.78890	0.04617
11 A	0.16232	0.79243	0.04525
12 A	0.13888	0.81611	0.04501
13 G	0.11829	0.83723	0.04449
14 A	0.11828	0.83723	0.04449
15 C	0.11828	0.83945	0.04226
16 A	0.11802	0.83971	0.04226
17 A	0.11780	0.83998	0.04221
18 A	0.11780	0.84014	0.04207
19 A	0.11779	0.84022	0.04199
20 T	0.11777	0.84241	0.03982
21 A	0.11753	0.84150	0.04097
22 T	0.12204	0.83305	0.04491
23 T	0.12605	0.81957	0.05439
24 A	0.12963	0.81015	0.06022
25 T	0.13527	0.75120	0.11353
26 T	0.13454	0.73551	0.12996
27 A	0.13986	0.72002	0.14013
28 A	0.16294	0.62315	0.21391
29 A	0.17295	0.60335	0.22371
30 T	0.20407	0.28171	0.51422
31 A	0.20691	0.27928	0.51382
32 T	0.22371	0.24222	0.53408
33 T	0.32491	0.18535	0.48974
34 T	0.31948	0.25325	0.42727
35 T	0.31269	0.25007	0.43724
36 A	0.29409	0.26091	0.445
37 T	0.28637	0.26805	0.44558
38 T	0.27769	0.27652	0.44579
39 C	0.24508	0.31026	0.44466
40 A	0.23940	0.31648	0.44411
41 C	0.23534	0.32100	0.44366
42 A	0.23295	0.32762	0.43943
43 T	0.23457	0.32715	0.43828
44 T	0.22942	0.34560	0.42498
45 A	0.21873	0.36004	0.42124
46 A	0.21829	0.36365	0.41806
47 T	0.21837	0.36326	0.41837
48 A	0.21702	0.36505	0.41793
49 A	0.21921	0.37067	0.41011
50 T	0.23055	0.35377	0.41568
51 A	0.24273	0.34575	0.41152
52 T	0.25997	0.32785	0.41217
53 T	0.26855	0.31935	0.4121
54 A	0.27663	0.31213	0.41125
55 A	0.28560	0.30120	0.4132
56 T	0.33134	0.24910	0.41956
57 T	0.38436	0.18581	0.42982
58 T	0.38908	0.17048	0.44044
59 T	0.39214	0.14912	0.45874
60 T	0.38972	0.15628	0.454
61 T	0.38118	0.18929	0.42953
62 T	0.35903	0.24628	0.39468
63 A	0.32743	0.37477	0.2978
64 A	0.32144	0.44543	0.23314
65 A	0.32167	0.47948	0.19885
66 T	0.32142	0.52448	0.15411
67 A	0.32655	0.55739	0.11606
68 T	0.32623	0.57362	0.10016
69 A	0.30359	0.60297	0.09343
70 A	0.29697	0.61516	0.08787
71 A	0.29430	0.61912	0.08659
72 A	0.30413	0.60858	0.08729
73 C	0.30887	0.60308	0.08805
74 T	0.31878	0.59446	0.08676
75 T	0.32158	0.59399	0.08443
76 A	0.32116	0.60263	0.07621
77 T	0.32383	0.60527	0.0709
78 T	0.32182	0.61274	0.06543
79 A	0.31759	0.62123	0.06117
80 T	0.31797	0.62384	0.05819
81 A	0.31727	0.63036	0.05236
82 A	0.32104	0.62654	0.05243
83 A	0.33767	0.60432	0.05802
84 A	0.37473	0.55703	0.06824
85 G	0.42548	0.48438	0.09014
86 C	0.52702	0.35827	0.11471
87 T	0.59502	0.29241	0.11256
88 A	0.62582	0.26822	0.10596
89 T	0.67038	0.22624	0.10338
90 T	0.70381	0.19583	0.10035
91 A	0.71748	0.18017	0.10236
92 A	0.72302	0.15060	0.12638
93 T	0.72998	0.13405	0.13597
94 T	0.72552	0.13386	0.14062
95 C	0.71387	0.14740	0.13873
96 T	0.69973	0.16931	0.13096
97 A	0.65607	0.22347	0.12046
98 A	0.61533	0.26556	0.1191
99 T	0.60042	0.28177	0.11781
100 G	0.56634	0.32266	0.111
101 T	0.52531	0.37041	0.10429
102 C	0.45973	0.43656	0.10371
103 A	0.38073	0.53159	0.08768
104 A	0.33821	0.58251	0.07928
105 A	0.31899	0.60677	0.07424
106 G	0.30580	0.62661	0.06758
107 A	0.30245	0.63116	0.06638
108 T	0.30582	0.62530	0.06888
109 A	0.29703	0.63625	0.06673
110 T	0.28297	0.65096	0.06608
111 C	0.24306	0.69152	0.06542
112 A	0.19721	0.74307	0.05972
113 A	0.17353	0.76934	0.05714
114 A	0.15105	0.79178	0.05716
115 G	0.12832	0.81520	0.05648
116 A	0.10599	0.84267	0.05135
117 A	0.09247	0.85004	0.0575
118 G	0.08794	0.84294	0.06911
119 A	0.08908	0.82725	0.08367
120 A	0.09277	0.78856	0.11867
121 G	0.09317	0.75098	0.15585
122 A	0.09698	0.72436	0.17866
123 A	0.10701	0.67381	0.21918
124 T	0.12185	0.60116	0.277
125 A	0.12636	0.53449	0.33915
126 T	0.14083	0.44632	0.41286
127 C	0.14470	0.40338	0.45193
128 A	0.14658	0.41159	0.44183
129 A	0.14769	0.41709	0.43521
130 A	0.14663	0.42066	0.43271
131 A	0.14721	0.42094	0.43185
132 T	0.15197	0.41157	0.43646
133 T	0.15296	0.38918	0.45785
134 A	0.14790	0.39160	0.4605
135 T	0.14668	0.39852	0.45481
136 A	0.13956	0.44907	0.41137
137 A	0.13563	0.49699	0.36738
138 A	0.13265	0.56017	0.30717
139 G	0.13805	0.58124	0.28071
140 T	0.14603	0.60375	0.25023
141 T	0.15222	0.62130	0.22648
142 A	0.15385	0.62433	0.22182
143 T	0.15777	0.61927	0.22296
144 T	0.15961	0.61913	0.22126
145 T	0.15927	0.62442	0.21631
146 C	0.15636	0.63268	0.21096
147 A	0.15540	0.66150	0.1831
148 A	0.15578	0.69742	0.1468
149 A	0.15608	0.73253	0.11139
150 A	0.15471	0.74262	0.10267
151 T	0.17154	0.72890	0.09956
152 T	0.17538	0.72802	0.0966
153 A	0.16587	0.74477	0.08937
154 A	0.16767	0.74816	0.08417
155 A	0.17205	0.74908	0.07887
156 A	0.18396	0.74528	0.07076
157 A	0.22303	0.71913	0.05784
158 A	0.28427	0.66027	0.05546
159 A	0.35028	0.59393	0.05579
160 A	0.41852	0.52988	0.0516
161 T	0.51592	0.43144	0.05264
162 T	0.56792	0.37976	0.05231
163 T	0.59018	0.35701	0.05282
164 A	0.58764	0.35872	0.05363
165 T	0.58495	0.35803	0.05702
166 C	0.56847	0.37241	0.05912
167 C	0.54907	0.39200	0.05893
168 T	0.54783	0.39546	0.05672
169 A	0.53927	0.40552	0.05521
170 A	0.54644	0.39993	0.05363
171 A	0.55875	0.38914	0.05211
172 T	0.57809	0.36812	0.05379
173 T	0.53865	0.40011	0.06125
174 A	0.46780	0.46964	0.06257
175 A	0.42046	0.51062	0.06892
176 C	0.37764	0.54346	0.0789
177 A	0.33207	0.59622	0.07171
178 A	0.30378	0.62594	0.07027
179 A	0.30355	0.62679	0.06967
180 T	0.32064	0.60719	0.07217
181 G	0.31538	0.61241	0.07221
182 A	0.31575	0.61033	0.07392
183 T	0.32183	0.60114	0.07702
184 A	0.32332	0.59903	0.07765
185 A	0.32517	0.59138	0.08346
186 T	0.32870	0.56846	0.10284
187 T	0.32962	0.55076	0.11962
188 T	0.32891	0.54584	0.12525
189 A	0.31448	0.56221	0.12331
190 T	0.30396	0.56471	0.13133
191 T	0.27217	0.60043	0.1274
192 A	0.21579	0.65821	0.126
193 A	0.19881	0.66817	0.13302
194 A	0.18911	0.65941	0.15149
195 A	0.18258	0.64694	0.17048
196 A	0.18153	0.60018	0.21829
197 A	0.18603	0.52653	0.28744
198 A	0.19186	0.47262	0.33552
199 G	0.19619	0.41598	0.38783
200 T	0.20734	0.37296	0.41971
201 T	0.21134	0.35557	0.43308
202 T	0.21315	0.34586	0.44099
203 T	0.21331	0.34645	0.44025
204 A	0.21184	0.35162	0.43654
205 A	0.21185	0.35648	0.43167
206 C	0.21244	0.35762	0.42994
207 T	0.21433	0.37957	0.4061
208 A	0.20684	0.44614	0.34702
209 A	0.19811	0.51291	0.28898
210 A	0.20082	0.57395	0.22523
211 A	0.20829	0.62928	0.16244
212 T	0.22727	0.61099	0.16175
213 A	0.23795	0.60197	0.16008
214 T	0.25174	0.56498	0.18327
215 T	0.25710	0.52565	0.21725
216 G	0.24775	0.53532	0.21694
217 G	0.23431	0.56255	0.20314
218 A	0.22085	0.60144	0.17771
219 A	0.21469	0.62604	0.15927
220 G	0.21302	0.63278	0.1542
221 A	0.22035	0.62796	0.15169
222 A	0.22937	0.61844	0.15219
223 T	0.24882	0.59852	0.15266
224 T	0.26273	0.58401	0.15326
225 C	0.26543	0.58096	0.15361
226 G	0.26893	0.58341	0.14766
227 A	0.28073	0.57954	0.13973
228 T	0.29673	0.56455	0.13873
229 A	0.30436	0.55692	0.13872
230 A	0.32781	0.53291	0.13929
231 A	0.38268	0.46850	0.14882
232 C	0.44049	0.39892	0.16059
233 C	0.51150	0.32632	0.16218
234 T	0.58484	0.25702	0.15814
235 T	0.61602	0.23006	0.15392
236 A	0.63309	0.22131	0.14561
237 T	0.64927	0.21067	0.14006
238 T	0.65762	0.20628	0.1361
239 A	0.66371	0.19303	0.14326
240 T	0.67463	0.17195	0.15342
241 A	0.68986	0.14790	0.16224
242 T	0.70272	0.12822	0.16907
243 G	0.67490	0.15570	0.16941
244 T	0.64531	0.19956	0.15514
245 A	0.54523	0.32193	0.13284
246 T	0.49771	0.39080	0.11149
247 G	0.42016	0.47578	0.10406
248 A	0.36629	0.53565	0.09806
249 A	0.34851	0.55747	0.09402
250 A	0.33369	0.57810	0.08821
251 C	0.31778	0.59929	0.08293
252 G	0.29870	0.64143	0.05986
253 A	0.28876	0.65612	0.05512
254 A	0.26767	0.67907	0.05327
255 A	0.25000	0.69808	0.05192
256 A	0.23923	0.70886	0.0519
257 C	0.24095	0.70560	0.05345
258 A	0.24135	0.70466	0.05398
259 A	0.24901	0.69536	0.05563
260 C	0.25516	0.68716	0.05769
261 T	0.26281	0.67873	0.05846
262 A	0.26520	0.67539	0.05941
263 T	0.27064	0.66268	0.06668
264 T	0.27219	0.65418	0.07363
265 G	0.26626	0.65581	0.07793
266 A	0.26612	0.62618	0.1077
267 A	0.27501	0.57785	0.14714
268 G	0.28730	0.45862	0.25408
269 A	0.30016	0.40042	0.29943
270 T	0.30771	0.32204	0.37025
271 C	0.30664	0.27910	0.41426
272 G	0.30751	0.27192	0.42058
273 A	0.30836	0.26868	0.42296
274 A	0.31006	0.26761	0.42233
275 T	0.32884	0.23888	0.43227
276 T	0.32777	0.23951	0.43272
277 A	0.32303	0.23249	0.44448
278 A	0.31835	0.22116	0.46049
279 G	0.31372	0.21985	0.46642
280 T	0.31140	0.22785	0.46075
281 T	0.30214	0.24207	0.45579
282 A	0.29346	0.28750	0.41904
283 T	0.28762	0.31302	0.39936
284 T	0.27952	0.34185	0.37863
285 G	0.26617	0.38821	0.34562
286 G	0.24951	0.44851	0.30198
287 A	0.23094	0.54643	0.22263
288 A	0.22679	0.57192	0.20129
289 A	0.22696	0.58593	0.18711
290 A	0.22811	0.59034	0.18155
291 A	0.23104	0.58811	0.18086
292 T	0.23835	0.57907	0.18258
293 A	0.24274	0.58312	0.17414
294 T	0.25083	0.58260	0.16658
295 A	0.25584	0.59726	0.14691
296 A	0.26546	0.59274	0.1418
297 T	0.27872	0.58196	0.13933
298 A	0.28305	0.58474	0.13221
299 T	0.29024	0.58053	0.12923
300 A	0.29781	0.58249	0.11971
301 A	0.30625	0.57658	0.11717
302 T	0.32058	0.55932	0.1201
303 A	0.32859	0.55214	0.11927
304 G	0.33954	0.53163	0.12883
305 A	0.37992	0.48866	0.13142
306 T	0.41134	0.45790	0.13076
307 G	0.43200	0.44972	0.11828
308 A	0.46594	0.41406	0.12
309 A	0.51327	0.35975	0.12699
310 T	0.58973	0.27166	0.13862
311 T	0.60594	0.25748	0.13658
312 C	0.61005	0.26352	0.12642
313 G	0.61165	0.29044	0.09792
314 A	0.61525	0.30748	0.07727
315 A	0.61548	0.31703	0.06749
316 A	0.62366	0.30965	0.06668
317 A	0.64117	0.29250	0.06633
318 T	0.66891	0.26331	0.06778
319 A	0.67833	0.25441	0.06726
320 C	0.68625	0.24552	0.06823
321 A	0.69514	0.23877	0.06609
322 A	0.70115	0.23250	0.06635
323 T	0.71297	0.21959	0.06743
324 T	0.70745	0.22430	0.06826
325 G	0.67637	0.25500	0.06862
326 C	0.66759	0.26009	0.07231
327 G	0.65850	0.26965	0.07185
328 C	0.65009	0.27794	0.07196
329 A	0.63778	0.29178	0.07044
330 A	0.64486	0.28512	0.07002
331 A	0.65076	0.27950	0.06974
332 C	0.66129	0.26705	0.07166
333 T	0.67593	0.25234	0.07172
334 G	0.68467	0.23993	0.0754
335 T	0.70160	0.21704	0.08136
336 T	0.72049	0.19339	0.08613
337 T	0.73005	0.18130	0.08866
338 T	0.73223	0.17164	0.09612
339 C	0.73097	0.16836	0.10068
340 G	0.72908	0.17051	0.10041
341 A	0.72726	0.17370	0.09904
342 T	0.72697	0.17334	0.09969
343 A	0.72463	0.17592	0.09945
344 T	0.72585	0.17404	0.10011
345 A	0.72458	0.17166	0.10377
346 A	0.72427	0.16615	0.10958
347 A	0.72416	0.14782	0.12801
348 T	0.72462	0.11061	0.16478
349 G	0.72463	0.09991	0.17546
350 A	0.72573	0.09143	0.18284
351 A	0.72537	0.08124	0.1934
352 T	0.72596	0.06367	0.21037
353 A	0.72510	0.05455	0.22034
354 T	0.72477	0.05247	0.22276
355 T	0.72317	0.05333	0.2235
356 G	0.71831	0.05825	0.22344
357 C	0.71520	0.06192	0.22289
358 T	0.71431	0.06712	0.21857
359 T	0.71002	0.07995	0.21003
360 T	0.70288	0.10670	0.19042
361 G	0.68797	0.16098	0.15105
362 T	0.68072	0.21216	0.10712
363 A	0.67261	0.22431	0.10309
364 T	0.66913	0.22547	0.10541
365 T	0.66386	0.22919	0.10696
366 T	0.65520	0.23581	0.109
367 C	0.62398	0.26646	0.10957
368 C	0.60038	0.29063	0.10899
369 A	0.56812	0.32737	0.10451
370 G	0.55005	0.34982	0.10013
371 G	0.54346	0.35988	0.09666
372 A	0.53870	0.36748	0.09382
373 A	0.53549	0.37369	0.09081
374 A	0.53476	0.37414	0.09111
375 T	0.53606	0.37222	0.09173
376 A	0.53404	0.37439	0.09158
377 A	0.53320	0.37577	0.09103
378 A	0.53447	0.37367	0.09186
379 A	0.53752	0.36741	0.09507
380 T	0.54312	0.36023	0.09665
381 A	0.54839	0.35389	0.09772
382 G	0.55941	0.33875	0.10185
383 A	0.57995	0.31348	0.10657
384 T	0.61872	0.26089	0.12039
385 T	0.65460	0.21518	0.13022
386 T	0.65894	0.20166	0.13941
387 T	0.65650	0.19798	0.14552
388 G	0.64678	0.21453	0.13869
389 A	0.63149	0.23298	0.13554
390 T	0.62689	0.21896	0.15415
391 A	0.61622	0.22210	0.16169
392 A	0.61605	0.19685	0.1871
393 T	0.61687	0.18395	0.19918
394 T	0.60758	0.19284	0.19957
395 A	0.57925	0.23051	0.19024
396 T	0.56407	0.24375	0.19217
397 A	0.52714	0.28439	0.18848
398 G	0.50480	0.30992	0.18528
399 A	0.49402	0.32965	0.17633
400 C	0.48801	0.34321	0.16879
401 G	0.48408	0.37925	0.13667
402 A	0.48088	0.39164	0.12747
403 T	0.48044	0.39862	0.12094
404 A	0.47524	0.41053	0.11422
405 T	0.47461	0.41320	0.11219
406 C	0.47189	0.41611	0.11201
407 T	0.47182	0.42026	0.10792
408 A	0.47076	0.42394	0.10531
409 A	0.47387	0.42178	0.10434
410 A	0.47970	0.41461	0.10569
411 T	0.49704	0.39043	0.11253
412 T	0.50639	0.36645	0.12717
413 A	0.50610	0.36719	0.12671
414 T	0.49757	0.37136	0.13107
415 A	0.45473	0.43164	0.11363
416 A	0.42950	0.46126	0.10924
417 A	0.40243	0.48815	0.10942
418 A	0.38627	0.49243	0.1213
419 A	0.36248	0.51389	0.12363
420 A	0.35224	0.50482	0.14295
421 A	0.34932	0.51154	0.13913
422 G	0.35665	0.50539	0.13795
423 A	0.36660	0.50151	0.13189
424 A	0.39506	0.48220	0.12273
425 A	0.40604	0.46784	0.12612
426 T	0.41708	0.44659	0.13633
427 T	0.42486	0.43087	0.14427
428 T	0.42647	0.42508	0.14845
429 T	0.42614	0.42175	0.15211
430 C	0.42225	0.42349	0.15425
431 C	0.42062	0.42517	0.15421
432 A	0.41878	0.43158	0.14964
433 G	0.41853	0.43631	0.14517
434 G	0.41945	0.45026	0.13029
435 A	0.42247	0.46913	0.10839
436 A	0.42920	0.46884	0.10196
437 A	0.43694	0.44868	0.11438
438 T	0.46043	0.38205	0.15752
439 A	0.46728	0.35219	0.18054
440 A	0.47758	0.31768	0.20473
441 A	0.49260	0.28118	0.22622
442 G	0.51026	0.23920	0.25054
443 G	0.52862	0.20772	0.26366
444 T	0.55992	0.17101	0.26906
445 T	0.57159	0.15633	0.27208
446 A	0.57798	0.14972	0.2723
447 T	0.58763	0.14020	0.27218
448 T	0.58938	0.13947	0.27115
449 C	0.58839	0.14545	0.26616
450 A	0.58098	0.15707	0.26194
451 T	0.57682	0.16748	0.2557
452 G	0.57026	0.17874	0.25099
453 G	0.54682	0.20650	0.24669
454 C	0.53835	0.21977	0.24188
455 G	0.53299	0.23432	0.23269
456 A	0.53352	0.24957	0.21691
457 A	0.54690	0.25001	0.20309
458 T	0.56825	0.23384	0.19792
459 A	0.57607	0.23094	0.19299
460 T	0.58301	0.22135	0.19564
461 G	0.58422	0.21805	0.19774
462 G	0.58706	0.21196	0.20098
463 T	0.59228	0.20486	0.20285
464 C	0.59663	0.19960	0.20377
465 T	0.60086	0.19516	0.20398
466 C	0.60383	0.19204	0.20414
467 C	0.60698	0.18887	0.20415
468 T	0.60680	0.18918	0.20402
469 G	0.60288	0.19337	0.20376
470 C	0.60171	0.19499	0.2033
471 A	0.59553	0.20351	0.20095
472 A	0.59669	0.20386	0.19945
473 A	0.59701	0.19715	0.20585
474 T	0.60632	0.18422	0.20947
475 A	0.60068	0.19164	0.20768
476 T	0.59871	0.17712	0.22417
477 T	0.58417	0.20136	0.21447
478 G	0.55807	0.24205	0.19988
479 A	0.55594	0.26482	0.17925
480 A	0.55404	0.28476	0.16119
481 T	0.54887	0.30712	0.14401
482 T	0.53469	0.34475	0.12056
483 T	0.51194	0.38483	0.10323
484 A	0.47510	0.42541	0.0995
485 T	0.46136	0.44126	0.09738
486 A	0.43375	0.47005	0.0962
487 T	0.42326	0.47989	0.09685
488 C	0.40905	0.49388	0.09707
489 T	0.39776	0.50780	0.09444
490 A	0.37989	0.53025	0.08987
491 A	0.36324	0.54950	0.08726
492 A	0.35462	0.55907	0.08631
493 A	0.34891	0.56572	0.08536
494 A	0.34739	0.55901	0.09359
495 A	0.34619	0.55489	0.09893
496 G	0.34757	0.54564	0.10678
497 A	0.35091	0.53817	0.11091
498 A	0.36247	0.51196	0.12557
499 A	0.38143	0.47391	0.14465
500 T	0.41279	0.42133	0.16588
501 T	0.43833	0.36747	0.1942
502 A	0.45323	0.34194	0.20484
503 A	0.46719	0.31216	0.22064
504 A	0.48417	0.27322	0.24262
505 T	0.50628	0.24097	0.25275
506 T	0.51782	0.22445	0.25773
507 T	0.51654	0.22045	0.26302
508 T	0.51146	0.23280	0.25574
509 T	0.50140	0.25214	0.24646
510 A	0.45893	0.32597	0.2151
511 G	0.42468	0.37086	0.20446
512 T	0.41049	0.40483	0.18468
513 A	0.38167	0.48446	0.13386
514 G	0.37270	0.48660	0.14071
515 A	0.37168	0.48499	0.14333
516 T	0.37272	0.48095	0.14634
517 A	0.37175	0.48091	0.14734
518 C	0.37241	0.47692	0.15067
519 T	0.37303	0.47646	0.15052
520 T	0.37372	0.47680	0.14948
521 T	0.37046	0.48232	0.14721
522 C	0.36477	0.49101	0.14422
523 G	0.36275	0.50270	0.13455
524 A	0.36129	0.50862	0.13009
525 A	0.36103	0.51494	0.12403
526 G	0.36254	0.51658	0.12089
527 A	0.36833	0.51560	0.11607
528 A	0.39664	0.48911	0.11425
529 A	0.44109	0.44015	0.11876
530 T	0.48330	0.38592	0.13078
531 T	0.50277	0.35641	0.14082
532 A	0.51848	0.33520	0.14632
533 T	0.54060	0.28076	0.17865
534 A	0.55661	0.24459	0.19881
535 A	0.57987	0.21202	0.20811
536 T	0.63666	0.13965	0.22368
537 T	0.63986	0.15255	0.20759
538 T	0.63233	0.19665	0.17102
539 T	0.61194	0.25452	0.13353
540 A	0.41709	0.48483	0.09807
541 G	0.32265	0.58134	0.09601
542 A	0.28241	0.62562	0.09197
543 A	0.25497	0.65290	0.09214
544 G	0.23720	0.66718	0.09561
545 C	0.22596	0.67564	0.09839
546 T	0.21697	0.69390	0.08913
547 G	0.16633	0.76626	0.06741
548 A	0.12457	0.83294	0.04248
549 A	0.11760	0.84246	0.03995
550 A	0.11257	0.85061	0.03682
551 A	0.10707	0.85718	0.03575
552 A	0.10103	0.86431	0.03466
553 C	0.09955	0.86562	0.03483
554 A	0.08550	0.88098	0.03352
555 A	0.07846	0.88865	0.03289
556 G	0.07597	0.89131	0.03272
557 C	0.08401	0.88297	0.03302
558 A	0.09252	0.87603	0.03145
559 A	0.11228	0.85393	0.03379
560 A	0.14728	0.81127	0.04145
561 T	0.19193	0.75192	0.05614
562 T	0.22205	0.70312	0.07483
563 T	0.24090	0.48652	0.27258
564 G	0.23864	0.40290	0.35846
565 A	0.23733	0.37446	0.38821
566 A	0.23361	0.37366	0.39273
567 T	0.23230	0.35825	0.40944
568 A	0.22550	0.35240	0.42209
569 A	0.20954	0.35320	0.43726
570 A	0.21179	0.30713	0.48108
571 C	0.19473	0.28379	0.52148
572 A	0.16134	0.36253	0.47613
573 A	0.13054	0.43097	0.43849
574 A	0.10801	0.48378	0.40821
575 A	0.09316	0.53144	0.37541
576 A	0.08727	0.56102	0.35171
577 A	0.08665	0.68511	0.22823
578 A	0.08774	0.75226	0.16001
579 T	0.08788	0.80246	0.10966
580 A	0.08475	0.85556	0.05969
581 T	0.07264	0.89540	0.03196
582 T	0.05411	0.92053	0.02535
583 A	0.04213	0.94110	0.01677
584 A	0.03719	0.94818	0.01463
585 A	0.03467	0.94965	0.01568
586 C	0.03485	0.94530	0.01985
587 A	0.03593	0.94346	0.02061
588 A	0.04024	0.93674	0.02302
589 A	0.05261	0.91975	0.02764
590 T	0.05726	0.90985	0.03289
591 A	0.05937	0.90172	0.03891
592 G	0.06890	0.86596	0.06513
593 A	0.07790	0.84055	0.08156
594 A	0.08597	0.78926	0.12476
595 G	0.12355	0.72079	0.15566
596 A	0.16439	0.65065	0.18496
597 A	0.20233	0.59148	0.20618
598 C	0.24594	0.53101	0.22305
599 A	0.27642	0.51139	0.21219
600 A	0.43811	0.36505	0.19684
601 A	0.54053	0.26206	0.1974
602 T	0.61195	0.18778	0.20028
603 T	0.64997	0.14744	0.20259
604 T	0.66603	0.11451	0.21946
605 C	0.66712	0.09503	0.23785
606 T	0.67215	0.10847	0.21937
607 T	0.67108	0.14743	0.18149
608 T	0.66290	0.23113	0.10597
609 T	0.65283	0.25624	0.09093
610 T	0.63219	0.30040	0.06741
611 T	0.60696	0.34318	0.04986
612 A	0.38575	0.56787	0.04638
613 C	0.32307	0.63369	0.04324
614 A	0.27439	0.68858	0.03703
615 A	0.23891	0.72867	0.03242
616 C	0.22002	0.75256	0.02742
617 A	0.20795	0.77080	0.02125
618 G	0.19131	0.79095	0.01774
619 A	0.18674	0.79904	0.01422
620 A	0.18288	0.80415	0.01297
621 A	0.18236	0.80499	0.01265
622 A	0.19753	0.78928	0.01319
623 T	0.21460	0.77151	0.01389
624 A	0.21645	0.76916	0.01438
625 A	0.21972	0.76529	0.01499
626 A	0.22733	0.75581	0.01686
627 T	0.23558	0.74364	0.02078
628 A	0.23498	0.73924	0.02579
629 C	0.25334	0.71328	0.03338
630 A	0.29044	0.67191	0.03764
631 T	0.36423	0.58357	0.0522
632 A	0.37440	0.56084	0.06476
633 T	0.39681	0.51160	0.09159
634 A	0.40266	0.48747	0.10987
635 C	0.38937	0.26508	0.34555
636 T	0.37947	0.22646	0.39407
637 G	0.34625	0.22789	0.42586
638 A	0.33139	0.26836	0.40025
639 T	0.33440	0.29809	0.36751
640 T	0.32992	0.35072	0.31936
641 T	0.30746	0.38122	0.31132
642 A	0.22094	0.49895	0.28011
643 T	0.17156	0.55858	0.26986
644 T	0.12729	0.68386	0.18884
645 A	0.07456	0.76701	0.15842
646 A	0.05112	0.79990	0.14898
647 A	0.03896	0.81851	0.14253
648 A	0.03324	0.82296	0.14379
649 A	0.02936	0.82701	0.14362
650 A	0.02704	0.82682	0.14613
651 A	0.02510	0.82497	0.14993
652 C	0.02399	0.82232	0.15369
653 A	0.02272	0.82636	0.15092
654 A	0.02155	0.83512	0.14334
655 G	0.02119	0.83778	0.14103
656 A	0.02267	0.84004	0.13729
657 A	0.02737	0.83520	0.13743
658 A	0.04434	0.80144	0.15423
659 T	0.06579	0.76098	0.17322
660 A	0.07400	0.71149	0.2145
661 G	0.10379	0.65471	0.24149
662 A	0.14608	0.61722	0.2367
663 T	0.21930	0.55596	0.22474
664 A	0.24682	0.54459	0.2086
665 T	0.28779	0.42056	0.29165
666 A	0.28773	0.38132	0.33095
667 T	0.31750	0.32386	0.35865
668 T	0.29426	0.36890	0.33684
669 A	0.19889	0.60656	0.19455
670 A	0.15249	0.76045	0.08707
671 A	0.10670	0.83857	0.05473
672 A	0.09654	0.86729	0.03617
673 A	0.07916	0.89296	0.02788
674 A	0.07559	0.90116	0.02325
675 A	0.07456	0.90365	0.0218
676 A	0.07815	0.89962	0.02222
677 A	0.08703	0.89022	0.02276
678 T	0.09709	0.87967	0.02324
679 A	0.10175	0.87709	0.02115
680 A	0.10546	0.87417	0.02036
681 A	0.10654	0.87336	0.0201
682 G	0.10704	0.87158	0.02139
683 A	0.11006	0.86573	0.02421
684 A	0.11963	0.85398	0.02639
685 A	0.13885	0.82990	0.03125
686 T	0.18167	0.77639	0.04193
687 T	0.23249	0.70362	0.0639
688 G	0.24957	0.65741	0.09301
689 G	0.26546	0.61878	0.11576
690 G	0.28531	0.58493	0.12976
691 A	0.32627	0.52195	0.15178
692 T	0.48057	0.29244	0.22699
693 T	0.59870	0.13041	0.27089
694 T	0.61929	0.07960	0.30111
695 T	0.61538	0.10318	0.28144
696 A	0.56942	0.21646	0.21412
697 A	0.51333	0.35338	0.13328
698 A	0.33132	0.56590	0.10279
699 A	0.13144	0.78507	0.08349
700 A	0.07353	0.86218	0.0643
701 A	0.05568	0.89578	0.04854
702 A	0.04699	0.91137	0.04164
703 A	0.03956	0.93124	0.0292
704 A	0.03140	0.93931	0.02929
705 T	0.02903	0.94088	0.03009
706 A	0.02633	0.94412	0.02956
707 T	0.02307	0.94711	0.02982
708 C	0.01743	0.95270	0.02987
709 G	0.01397	0.95643	0.0296
710 A	0.01145	0.95921	0.02935
711 A	0.00981	0.96061	0.02958
712 G	0.00893	0.96109	0.02998
713 A	0.00973	0.96020	0.03007
714 A	0.01215	0.95662	0.03123
715 C	0.01535	0.95071	0.03394
716 A	0.02055	0.94326	0.03619
717 A	0.02990	0.92460	0.0455
718 A	0.05758	0.88279	0.05962
719 A	0.13059	0.77170	0.09772
720 T	0.21974	0.63755	0.14271
721 A	0.24894	0.43184	0.31922
722 G	0.26672	0.18832	0.54495
723 T	0.28149	0.11316	0.60535
724 C	0.28681	0.09190	0.62128
725 A	0.28739	0.11055	0.60206
726 A	0.29798	0.11311	0.5889
727 T	0.29921	0.11028	0.59052
728 T	0.29464	0.11793	0.58742
729 T	0.28483	0.14123	0.57394
730 T	0.25987	0.24709	0.49304
731 T	0.20332	0.51909	0.2776
732 G	0.13687	0.65957	0.20357
733 A	0.12446	0.72685	0.14869
734 A	0.11859	0.77264	0.10877
735 T	0.11540	0.81862	0.06598
736 T	0.11287	0.84598	0.04115
737 T	0.10886	0.85867	0.03247
738 A	0.10196	0.87178	0.02626
739 G	0.09889	0.87801	0.0231
740 A	0.09734	0.88562	0.01705
741 A	0.09681	0.88962	0.01358
742 A	0.09674	0.89127	0.01199
743 A	0.09648	0.89210	0.01141
744 A	0.09638	0.89160	0.01202
745 A	0.09656	0.88878	0.01465
746 A	0.09674	0.88453	0.01873
747 A	0.09833	0.87785	0.02382
748 G	0.12315	0.84705	0.0298
749 A	0.14737	0.81800	0.03463
750 A	0.16403	0.78909	0.04688
751 G	0.17886	0.75373	0.0674
752 A	0.20427	0.71282	0.0829
753 A	0.29670	0.60474	0.09856
754 T	0.56539	0.30114	0.13348
755 T	0.64340	0.20000	0.15661
756 A	0.67024	0.17782	0.15194
757 A	0.68608	0.17463	0.1393
758 T	0.70203	0.19511	0.10286
759 T	0.65705	0.30359	0.03936
760 C	0.35126	0.62516	0.02358
761 A	0.22661	0.75532	0.01807
762 A	0.18505	0.79713	0.01782
763 A	0.15816	0.82397	0.01787
764 C	0.12620	0.85565	0.01815
765 C	0.08245	0.89978	0.01777
766 C	0.05584	0.92745	0.01671
767 A	0.04307	0.94543	0.0115
768 A	0.03382	0.95578	0.01039
769 G	0.02572	0.96429	0.00999
770 A	0.02016	0.97007	0.00977
771 A	0.01776	0.97251	0.00973
772 C	0.01702	0.97259	0.01039
773 A	0.01635	0.97333	0.01032
774 A	0.01701	0.97270	0.01028
775 A	0.02044	0.96923	0.01033
776 A	0.02506	0.96458	0.01035
777 A	0.03657	0.95277	0.01065
778 A	0.06963	0.91324	0.01714
779 T	0.09257	0.87631	0.03112
780 A	0.10812	0.85074	0.04114
781 A	0.14800	0.79730	0.05471
782 A	0.20831	0.67828	0.11342
783 T	0.22786	0.33787	0.43427
784 T	0.23327	0.19877	0.56796
785 T	0.23534	0.15720	0.60746
786 T	0.23563	0.13762	0.62674
787 T	0.23511	0.12216	0.64273
788 T	0.23334	0.09481	0.67185
789 A	0.23005	0.08549	0.68447
790 A	0.23173	0.07881	0.68946
791 T	0.23213	0.07182	0.69605
792 T	0.23165	0.07036	0.69798
793 T	0.22912	0.07404	0.69683
794 T	0.22215	0.08627	0.69158
795 G	0.21312	0.11076	0.67612
796 G	0.20744	0.16739	0.62517
797 A	0.18704	0.49387	0.31909
798 A	0.16458	0.65812	0.17731
799 T	0.15480	0.69723	0.14797
800 T	0.13628	0.73459	0.12913
801 A	0.07027	0.83169	0.09803
802 A	0.03257	0.90231	0.06513
803 A	0.02269	0.92128	0.05602
804 A	0.01883	0.93488	0.0463
805 A	0.01612	0.95129	0.03259
806 A	0.01591	0.95862	0.02547
807 A	0.01641	0.96204	0.02154
808 A	0.01841	0.96353	0.01807
809 G	0.02555	0.95656	0.01789
810 T	0.03614	0.94539	0.01847
811 A	0.03992	0.94111	0.01897
812 A	0.04554	0.93237	0.02209
813 T	0.05010	0.92601	0.02389
814 C	0.04845	0.92708	0.02447
815 A	0.04476	0.93613	0.01911
816 A	0.04363	0.93865	0.01772
817 A	0.05114	0.92811	0.02075
818 A	0.06813	0.90492	0.02695
819 A	0.12319	0.84467	0.03213
820 A	0.42794	0.51376	0.05829
821 T	0.58896	0.32265	0.08839
822 T	0.61727	0.28120	0.10153
823 A	0.61869	0.26710	0.11421
824 A	0.59726	0.23329	0.16945
825 T	0.59862	0.20230	0.19908
826 G	0.56770	0.22633	0.20598
827 A	0.56100	0.23112	0.20789
828 C	0.57296	0.21728	0.20976
829 G	0.57783	0.22162	0.20055
830 A	0.57715	0.24346	0.17939
831 T	0.53960	0.29740	0.163
832 A	0.43276	0.43260	0.13463
833 A	0.37354	0.55187	0.07459
834 A	0.36417	0.59351	0.04232
835 A	0.36028	0.60455	0.03518
836 T	0.35860	0.60792	0.03348
837 A	0.35291	0.61060	0.03649
838 T	0.35118	0.60717	0.04165
839 T	0.28818	0.66773	0.0441
840 A	0.12252	0.83307	0.04441
841 C	0.09015	0.86479	0.04506
842 A	0.07766	0.88246	0.03988
843 A	0.07205	0.89062	0.03732
844 G	0.06991	0.89125	0.03885
845 A	0.06986	0.88874	0.04141
846 A	0.07382	0.87550	0.05068
847 G	0.07342	0.83125	0.09533
848 C	0.06446	0.82278	0.11275
849 A	0.05407	0.83102	0.11492
850 G	0.04091	0.86903	0.09005
851 A	0.03760	0.89987	0.06254
852 A	0.04496	0.90384	0.0512
853 A	0.06547	0.88538	0.04915
854 A	0.08617	0.81991	0.09393
855 A	0.11706	0.68972	0.19322
856 T	0.17837	0.56791	0.25372
857 T	0.20378	0.52906	0.26716
858 A	0.20377	0.54350	0.25273
859 G	0.20291	0.56584	0.23125
860 A	0.20312	0.56012	0.23675
861 A	0.20380	0.54384	0.25236
862 T	0.20640	0.46201	0.33159
863 T	0.20651	0.31540	0.47808
864 C	0.20086	0.30954	0.4896
865 C	0.18199	0.33743	0.48058
866 A	0.16256	0.37931	0.45812
867 A	0.14283	0.41552	0.44166
868 A	0.12698	0.45425	0.41877
869 A	0.12366	0.48670	0.38963
870 A	0.13089	0.50141	0.3677
871 G	0.14464	0.50085	0.35451
872 A	0.16773	0.52891	0.30337
873 T	0.20289	0.49176	0.30534
874 T	0.21968	0.49076	0.28956
875 T	0.20957	0.54191	0.24852
876 A	0.15091	0.70135	0.14773
877 A	0.10798	0.85633	0.03569
878 A	0.08194	0.88839	0.02967
879 A	0.06203	0.91355	0.02442
880 A	0.05665	0.92013	0.02322
881 A	0.07476	0.89825	0.02699
882 C	0.09798	0.87146	0.03056
883 A	0.10244	0.86787	0.0297
884 A	0.10352	0.86723	0.02925
885 A	0.10504	0.86632	0.02864
886 A	0.11136	0.85901	0.02962
887 T	0.12531	0.84010	0.03459
888 T	0.13166	0.80796	0.06038
889 G	0.13617	0.78541	0.07841
890 A	0.14267	0.76620	0.09113
891 A	0.15959	0.74234	0.09807
892 C	0.17967	0.72283	0.0975
893 A	0.19847	0.71699	0.08454
894 A	0.24083	0.67921	0.07996
895 T	0.32651	0.59454	0.07895
896 T	0.35038	0.57187	0.07774
897 A	0.36353	0.56474	0.07173
898 A	0.39399	0.51984	0.08617
899 A	0.48121	0.37372	0.14506
900 T	0.58018	0.23064	0.18918
901 G	0.58867	0.19637	0.21496
902 T	0.60052	0.17405	0.22543
903 T	0.60378	0.16971	0.22651
904 T	0.60122	0.17575	0.22304
905 T	0.59217	0.18898	0.21886
906 A	0.55957	0.22593	0.21451
907 A	0.53810	0.25304	0.20886
908 A	0.53175	0.26859	0.19966
909 A	0.51723	0.29525	0.18752
910 A	0.50593	0.32243	0.17163
911 A	0.42784	0.41335	0.1588
912 T	0.39757	0.45496	0.14746
913 A	0.35369	0.54086	0.10546
914 A	0.29790	0.61578	0.08631
915 A	0.26613	0.65823	0.07564
916 T	0.25456	0.66906	0.07638
917 T	0.23540	0.69016	0.07444
918 A	0.19038	0.74470	0.06492
919 G	0.12929	0.80698	0.06374
920 A	0.11439	0.82101	0.0646
921 A	0.10850	0.82614	0.06536
922 T	0.11208	0.82070	0.06723
923 C	0.11096	0.82109	0.06795
924 A	0.10935	0.82186	0.06879
925 T	0.11378	0.81572	0.0705
926 C	0.10608	0.82118	0.07273
927 T	0.10061	0.82629	0.07309
928 C	0.09309	0.83340	0.0735
929 A	0.09046	0.83212	0.07742
930 A	0.09161	0.82892	0.07946
931 A	0.09811	0.82100	0.08089
932 G	0.11139	0.79251	0.0961
933 A	0.13145	0.76586	0.10269
934 A	0.15721	0.65522	0.18756
935 A	0.18123	0.59153	0.22724
936 T	0.22641	0.48423	0.28936
937 A	0.24481	0.38741	0.36778
938 T	0.26259	0.31438	0.42303
939 T	0.26788	0.25841	0.47371
940 G	0.26946	0.24106	0.48948
941 A	0.27149	0.22307	0.50544
942 T	0.27190	0.17916	0.54894
943 A	0.26871	0.20868	0.52261
944 G	0.26384	0.22778	0.50838
945 A	0.26229	0.26147	0.47624
946 T	0.26203	0.26092	0.47705
947 T	0.25839	0.27171	0.4699
948 A	0.25200	0.29741	0.4506
949 G	0.24970	0.30616	0.44414
950 C	0.24487	0.34778	0.40736
951 T	0.23858	0.50387	0.25755
952 G	0.22372	0.56541	0.21088
953 A	0.18723	0.72016	0.09262
954 A	0.16527	0.75777	0.07696
955 A	0.14776	0.78145	0.07079
956 C	0.12835	0.80117	0.07048
957 T	0.11649	0.82564	0.05788
958 C	0.09759	0.85194	0.05047
959 A	0.08708	0.87997	0.03295
960 A	0.07981	0.89817	0.02202
961 G	0.07472	0.90986	0.01542
962 A	0.07391	0.91601	0.01009
963 A	0.07873	0.91115	0.01012
964 G	0.09178	0.89253	0.01568
965 A	0.10410	0.87803	0.01787
966 A	0.13564	0.84263	0.02172
967 C	0.15609	0.81626	0.02766
968 A	0.17612	0.79512	0.02876
969 A	0.17905	0.79080	0.03014
970 C	0.19298	0.77426	0.03276
971 A	0.22085	0.74609	0.03306
972 A	0.24236	0.72448	0.03316
973 A	0.29527	0.66739	0.03735
974 A	0.42501	0.53169	0.0433
975 A	0.47095	0.47354	0.0555
976 A	0.59004	0.31236	0.09759
977 T	0.62252	0.25600	0.12148
978 A	0.61403	0.25807	0.1279
979 A	0.61551	0.24557	0.13892
980 T	0.62071	0.23197	0.14732
981 T	0.60527	0.24517	0.14956
982 A	0.49917	0.36581	0.13502
983 A	0.44779	0.42935	0.12285
984 A	0.38713	0.50728	0.10558
985 A	0.27865	0.65842	0.06294
986 A	0.18559	0.76516	0.04925
987 T	0.14193	0.81364	0.04443
988 A	0.07229	0.89249	0.03522
989 A	0.05255	0.91272	0.03473
990 A	0.04253	0.92236	0.03511
991 A	0.03376	0.92838	0.03785
992 A	0.02861	0.92875	0.04263
993 C	0.02436	0.92796	0.04767
994 G	0.02127	0.93310	0.04563
995 A	0.01805	0.94339	0.03855
996 A	0.01730	0.95023	0.03247
997 A	0.01811	0.95011	0.03177
998 A	0.02020	0.94753	0.03228
999 G	0.02609	0.93392	0.03998
1000 A	0.03464	0.91799	0.04738
1001 T	0.05551	0.87208	0.07241
1002 T	0.06780	0.84381	0.08838
1003 A	0.07400	0.82457	0.10143
1004 A	0.08671	0.78992	0.12337
1005 A	0.10624	0.67140	0.22236
1006 A	0.12222	0.59365	0.28413
1007 A	0.14431	0.49684	0.35885
1008 T	0.19417	0.31918	0.48665
1009 T	0.20814	0.21775	0.57411
1010 T	0.21161	0.17709	0.6113
1011 G	0.20672	0.14883	0.64446
1012 G	0.19826	0.16523	0.63651
1013 A	0.19251	0.17951	0.62798
1014 G	0.18360	0.19904	0.61736
1015 A	0.18044	0.23084	0.58872
1016 T	0.17961	0.23341	0.58698
1017 A	0.17847	0.24933	0.5722
1018 G	0.18347	0.27630	0.54024
1019 T	0.18602	0.34309	0.47088
1020 C	0.16922	0.42087	0.40991
1021 G	0.16154	0.50947	0.32899
1022 T	0.15214	0.62196	0.2259
1023 T	0.13753	0.71232	0.15015
1024 G	0.11189	0.79812	0.08999
1025 A	0.09526	0.85057	0.05418
1026 A	0.08453	0.87036	0.0451
1027 A	0.07413	0.88645	0.03943
1028 A	0.07177	0.89012	0.03811
1029 T	0.07363	0.88828	0.03809
1030 A	0.07315	0.88887	0.03798
1031 A	0.07482	0.88679	0.0384
1032 T	0.08234	0.87801	0.03965
1033 A	0.09127	0.86716	0.04157
1034 A	0.10680	0.84385	0.04935
1035 T	0.12921	0.81236	0.05844
1036 A	0.13704	0.79889	0.06407
1037 A	0.14957	0.77696	0.07347
1038 A	0.17403	0.74499	0.08098
1039 C	0.18466	0.72555	0.08979
1040 A	0.20875	0.69797	0.09328
1041 A	0.29181	0.61222	0.09597
1042 A	0.42815	0.47194	0.09991
1043 T	0.54886	0.33251	0.11863
1044 T	0.61958	0.25151	0.12891
1045 T	0.68162	0.17024	0.14814
1046 T	0.71139	0.12271	0.1659
1047 T	0.74126	0.07296	0.18578
1048 T	0.74729	0.05695	0.19576
1049 A	0.72743	0.07706	0.1955
1050 T	0.70925	0.09634	0.19442
1051 T	0.67601	0.14450	0.17949
1052 T	0.60326	0.24523	0.1515
1053 A	0.36953	0.50630	0.12417
1054 A	0.24609	0.64422	0.10969
1055 A	0.16901	0.72763	0.10336
1056 G	0.12478	0.77734	0.09789
1057 G	0.10348	0.81716	0.07937
1058 A	0.09182	0.84743	0.06074
1059 A	0.06761	0.89380	0.03859
1060 G	0.05001	0.92884	0.02115
1061 A	0.03935	0.94813	0.01252
1062 A	0.03238	0.95814	0.00947
1063 A	0.02971	0.96203	0.00826
1064 T	0.02856	0.96373	0.00771
1065 T	0.02689	0.96596	0.00714
1066 A	0.02523	0.96807	0.0067
1067 A	0.02454	0.96888	0.00657
1068 A	0.02437	0.96890	0.00673
1069 A	0.02481	0.96718	0.00801
1070 A	0.02606	0.96214	0.01179
1071 A	0.02952	0.94955	0.02093
1072 A	0.03969	0.90463	0.05568
1073 T	0.05368	0.83883	0.1075
1074 A	0.07262	0.75888	0.16849
1075 A	0.10306	0.63546	0.26148
1076 C	0.12888	0.39083	0.4803
1077 T	0.14040	0.29901	0.56059
1078 G	0.14009	0.26027	0.59963
1079 A	0.14288	0.25554	0.60158
1080 A	0.16080	0.25839	0.58081
1081 A	0.17858	0.25852	0.56291
1082 A	0.20061	0.22308	0.57631
1083 T	0.21687	0.19433	0.5888
1084 T	0.21103	0.23310	0.55587
1085 T	0.19364	0.34552	0.46083
1086 A	0.12970	0.50931	0.36099
1087 G	0.06694	0.67412	0.25895
1088 A	0.03771	0.81868	0.14361
1089 A	0.02352	0.87912	0.09735
1090 A	0.01977	0.93003	0.05019
1091 A	0.01709	0.95714	0.02576
1092 T	0.01558	0.96510	0.01932
1093 A	0.01219	0.97289	0.01492
1094 A	0.00821	0.97973	0.01206
1095 A	0.00648	0.98295	0.01057
1096 A	0.00632	0.98366	0.01002
1097 T	0.00673	0.98289	0.01039
1098 A	0.00707	0.98219	0.01074
1099 A	0.00812	0.98012	0.01175
1100 A	0.01126	0.97673	0.01201
1101 A	0.01679	0.96865	0.01456
1102 A	0.03430	0.94869	0.017
1103 A	0.06520	0.91454	0.02027
1104 A	0.09500	0.87951	0.02549
1105 A	0.12103	0.85109	0.02788
1106 A	0.15225	0.81042	0.03734
1107 T	0.22754	0.71591	0.05655
1108 A	0.32055	0.60239	0.07706
1109 A	0.41366	0.44803	0.13831
1110 G	0.52952	0.27747	0.19301
1111 T	0.64783	0.14319	0.20898
1112 T	0.67453	0.14073	0.18474
1113 A	0.67649	0.21234	0.11118
1114 T	0.67875	0.21309	0.10815
1115 T	0.62914	0.26286	0.108
1116 A	0.55712	0.33294	0.10995
1117 T	0.52016	0.36665	0.1132
1118 C	0.46844	0.41901	0.11255
1119 C	0.39310	0.50862	0.09829
1120 G	0.29910	0.64232	0.05857
1121 A	0.26186	0.70889	0.02924
1122 A	0.14915	0.82647	0.02437
1123 A	0.10794	0.87108	0.02098
1124 A	0.09920	0.88262	0.01818
1125 T	0.09484	0.88632	0.01884
1126 C	0.08568	0.89558	0.01874
1127 A	0.07601	0.90720	0.01679
1128 A	0.06717	0.92035	0.01248
1129 C	0.06143	0.92771	0.01086
1130 A	0.05614	0.93549	0.00837
1131 A	0.05362	0.93928	0.00711
1132 A	0.05492	0.93768	0.00741
1133 A	0.05890	0.93305	0.00806
1134 A	0.07106	0.91966	0.00928
1135 A	0.10777	0.85926	0.03297
1136 T	0.17582	0.75581	0.06838
1137 A	0.17980	0.71588	0.10432
1138 T	0.18258	0.63318	0.18423
1139 C	0.18376	0.55455	0.26169
1140 A	0.18508	0.53186	0.28306
1141 A	0.18877	0.50936	0.30187
1142 A	0.19942	0.46066	0.33992
1143 T	0.23588	0.35628	0.40784
1144 A	0.25138	0.33444	0.41419
1145 T	0.25036	0.24710	0.50254
1146 A	0.22002	0.31823	0.46175
1147 G	0.17509	0.46685	0.35806
1148 A	0.15607	0.60802	0.23591
1149 A	0.15033	0.74513	0.10454
1150 A	0.15034	0.74881	0.10086
1151 T	0.15643	0.73650	0.10707
1152 T	0.15659	0.73708	0.10633
1153 T	0.15457	0.73606	0.10938
1154 C	0.14326	0.74709	0.10965
1155 A	0.12964	0.76251	0.10785
1156 T	0.12330	0.77032	0.10638
1157 C	0.11864	0.77725	0.10411
1158 A	0.11557	0.78283	0.1016
1159 C	0.11445	0.78618	0.09937
1160 T	0.11359	0.79203	0.09438
1161 T	0.10720	0.80248	0.09033
1162 A	0.09106	0.82246	0.08648
1163 A	0.07849	0.83779	0.08372
1164 A	0.07811	0.84335	0.07854
1165 A	0.08594	0.83635	0.0777
1166 A	0.09847	0.82562	0.07591
1167 A	0.12959	0.79072	0.07969
1168 A	0.18069	0.73475	0.08456
1169 A	0.26977	0.61808	0.11215
1170 T	0.38951	0.45632	0.15416
1171 A	0.48578	0.34599	0.16823
1172 T	0.60864	0.21783	0.17353
1173 T	0.60027	0.22743	0.1723
1174 A	0.55428	0.27420	0.17153
1175 G	0.50682	0.31733	0.17585
1176 T	0.48422	0.33673	0.17905
1177 G	0.45793	0.35558	0.18649
1178 A	0.42662	0.38018	0.19321
1179 A	0.42335	0.38066	0.196
1180 T	0.41819	0.38355	0.19827
1181 T	0.38207	0.42433	0.1936
1182 A	0.29950	0.51914	0.18136
1183 A	0.23682	0.60134	0.16184
1184 G	0.14558	0.71421	0.14021
1185 A	0.12107	0.73625	0.14269
1186 G	0.10581	0.74259	0.1516
1187 A	0.10049	0.74827	0.15124
1188 A	0.10142	0.74780	0.15079
1189 G	0.10399	0.74409	0.15192
1190 A	0.10747	0.74021	0.15232
1191 A	0.11291	0.73333	0.15377
1192 T	0.11902	0.72403	0.15695
1193 T	0.12142	0.71792	0.16066
1194 A	0.12295	0.71217	0.16488
1195 A	0.12577	0.70228	0.17195
1196 T	0.13243	0.66757	0.19999
1197 T	0.13464	0.61758	0.24778
1198 T	0.13446	0.57106	0.29448
1199 T	0.13349	0.55090	0.31562
1200 A	0.12950	0.53267	0.33783
1201 C	0.12798	0.49452	0.3775
1202 A	0.12820	0.48810	0.3837
1203 A	0.13154	0.47096	0.39751
1204 G	0.14123	0.42882	0.42996
1205 A	0.15748	0.34725	0.49527
1206 G	0.18256	0.26926	0.54818
1207 T	0.21521	0.13696	0.64784
1208 T	0.22484	0.09769	0.67747
1209 C	0.22938	0.08036	0.69026
1210 G	0.23316	0.10135	0.66549
1211 T	0.23688	0.15024	0.61288
1212 T	0.23715	0.20790	0.55495
1213 T	0.23618	0.24607	0.51775
1214 T	0.22904	0.30443	0.46653
1215 A	0.20423	0.41909	0.37669
1216 G	0.19094	0.48396	0.3251
1217 A	0.18017	0.54361	0.27622
1218 A	0.17042	0.60270	0.22688
1219 A	0.16282	0.68346	0.15372
1220 G	0.16226	0.71665	0.12109
1221 T	0.16098	0.76883	0.07019
1222 A	0.15725	0.79523	0.04751
1223 A	0.15616	0.80357	0.04027
1224 T	0.15500	0.80878	0.03623
1225 A	0.14873	0.81792	0.03335
1226 A	0.12961	0.83837	0.03202
1227 A	0.12564	0.84183	0.03252
1228 G	0.12338	0.84371	0.03292
1229 A	0.12201	0.84514	0.03286
1230 A	0.12601	0.84103	0.03296
1231 C	0.13701	0.82968	0.03332
1232 A	0.14869	0.81937	0.03195
1233 A	0.18588	0.78237	0.03175
1234 A	0.25291	0.71458	0.03251
1235 T	0.32797	0.63723	0.0348
1236 T	0.35512	0.60798	0.0369
1237 A	0.37112	0.58202	0.04687
1238 C	0.41725	0.51071	0.07204
1239 A	0.43608	0.48119	0.08273
1240 A	0.46741	0.44118	0.09141
1241 A	0.50987	0.39082	0.09931
1242 T	0.59282	0.30103	0.10615
1243 C	0.61477	0.27770	0.10753
1244 T	0.63526	0.25698	0.10777
1245 T	0.60530	0.28341	0.11129
1246 A	0.50393	0.38565	0.11042
1247 T	0.45109	0.43783	0.11108
1248 T	0.38095	0.50169	0.11736
1249 C	0.27734	0.58372	0.13893
1250 A	0.19477	0.66303	0.1422
1251 A	0.17473	0.68206	0.1432
1252 C	0.15961	0.69821	0.14218
1253 A	0.13518	0.73127	0.13355
1254 A	0.11669	0.75624	0.12707
1255 T	0.11180	0.76022	0.12799
1256 T	0.10646	0.76644	0.1271
1257 A	0.09586	0.78069	0.12346
1258 G	0.09016	0.78312	0.12671
1259 A	0.08743	0.77887	0.13371
1260 A	0.08558	0.76121	0.15321
1261 G	0.08030	0.74647	0.17323
1262 A	0.07496	0.75540	0.16964
1263 A	0.06946	0.79245	0.13809
1264 A	0.06877	0.81356	0.11767
1265 A	0.06967	0.81308	0.11726
1266 A	0.07086	0.78300	0.14615
1267 A	0.07436	0.72270	0.20295
1268 A	0.07566	0.65267	0.27167
1269 T	0.07799	0.55591	0.3661
1270 A	0.07700	0.59781	0.32519
1271 A	0.07255	0.64494	0.28252
1272 G	0.07040	0.64759	0.28201
1273 G	0.06947	0.69014	0.24039
1274 A	0.06966	0.70263	0.22772
1275 A	0.07115	0.71769	0.21116
1276 A	0.07898	0.72966	0.19136
1277 T	0.08650	0.71992	0.19358
1278 C	0.08682	0.72569	0.18749
1279 A	0.08750	0.75865	0.15385
1280 G	0.08969	0.77993	0.13039
1281 T	0.09387	0.80631	0.09982
1282 G	0.09607	0.80748	0.09645
1283 A	0.10154	0.80565	0.09281
1284 A	0.11205	0.79055	0.0974
1285 A	0.13454	0.76292	0.10255
1286 C	0.17503	0.71604	0.10893
1287 T	0.20549	0.68621	0.1083
1288 C	0.20888	0.68421	0.1069
1289 A	0.21317	0.68860	0.09823
1290 A	0.22520	0.68302	0.09178
1291 A	0.24050	0.67341	0.08609
1292 A	0.27194	0.64425	0.08381
1293 T	0.42535	0.49047	0.08417
1294 T	0.53252	0.38204	0.08544
1295 T	0.58184	0.33824	0.07992
1296 A	0.60071	0.32230	0.07699
1297 A	0.60701	0.31484	0.07815
1298 A	0.62296	0.29689	0.08015
1299 T	0.67933	0.23864	0.08203
1300 T	0.70056	0.21706	0.08239
1301 C	0.69361	0.22394	0.08244
1302 A	0.68727	0.23815	0.07457
1303 T	0.67226	0.26425	0.06349
1304 T	0.60265	0.34140	0.05595
1305 A	0.37376	0.58117	0.04507
1306 G	0.21934	0.74411	0.03655
1307 A	0.15782	0.81451	0.02767
1308 A	0.11367	0.86028	0.02605
1309 A	0.09297	0.88096	0.02608
1310 A	0.06685	0.90577	0.02738
1311 A	0.05483	0.91352	0.03164
1312 C	0.05341	0.91217	0.03442
1313 A	0.04266	0.92684	0.03049
1314 A	0.04321	0.93112	0.02567
1315 A	0.04324	0.93572	0.02104
1316 A	0.04379	0.93608	0.02013
1317 A	0.04631	0.93332	0.02037
1318 T	0.05237	0.91635	0.03129
1319 T	0.05394	0.90291	0.04314
1320 A	0.05009	0.90157	0.04835
1321 A	0.04727	0.89936	0.05338
1322 A	0.04549	0.89519	0.05931
1323 A	0.04470	0.88397	0.07132
1324 A	0.04068	0.85447	0.10485
1325 A	0.04800	0.78739	0.16461
1326 T	0.06116	0.70644	0.2324
1327 G	0.06667	0.62470	0.30862
1328 A	0.07454	0.46879	0.45667
