# lcl|CP097583.1_cds_USQ93216.1_1
# AA	inside	membr	outside
1 A	0.34101	0.00000	0.659
2 T	0.33949	0.00151	0.659
3 G	0.33862	0.00238	0.659
4 A	0.33862	0.00341	0.65797
5 C	0.32914	0.01380	0.65706
6 A	0.32914	0.01437	0.65649
7 A	0.32142	0.02222	0.65636
8 G	0.32142	0.02222	0.65636
9 A	0.32113	0.02256	0.65632
10 T	0.32113	0.02445	0.65442
11 T	0.32106	0.02469	0.65425
12 A	0.31866	0.02721	0.65412
13 A	0.30830	0.03817	0.65353
14 T	0.30829	0.03818	0.65353
15 T	0.30829	0.04378	0.64792
16 A	0.30706	0.04502	0.64792
17 A	0.30572	0.04650	0.64779
18 T	0.30568	0.04679	0.64753
19 T	0.30496	0.04775	0.64729
20 T	0.29703	0.06205	0.64091
21 T	0.26419	0.09480	0.64101
22 T	0.26227	0.09755	0.64018
23 T	0.25831	0.10219	0.63951
24 A	0.22517	0.13722	0.63761
25 G	0.19951	0.16255	0.63794
26 T	0.18276	0.17893	0.63831
27 A	0.13399	0.22844	0.63758
28 G	0.09430	0.26360	0.6421
29 A	0.06219	0.30056	0.63724
30 C	0.04135	0.32105	0.6376
31 A	0.02651	0.34733	0.62615
32 A	0.01881	0.36061	0.62058
33 A	0.01577	0.36705	0.61717
34 A	0.01340	0.37120	0.6154
35 A	0.01234	0.37148	0.61618
36 A	0.01186	0.36302	0.62511
37 A	0.01146	0.36287	0.62568
38 A	0.01555	0.35802	0.62643
39 A	0.01534	0.35552	0.62914
40 A	0.01604	0.35121	0.63276
41 C	0.01661	0.34402	0.63937
42 A	0.01726	0.34197	0.64076
43 A	0.02223	0.33091	0.64686
44 T	0.02284	0.30937	0.66779
45 T	0.02361	0.30626	0.67013
46 A	0.02339	0.30371	0.67291
47 A	0.02408	0.26869	0.70723
48 A	0.02518	0.23971	0.73511
49 A	0.02518	0.21833	0.75649
50 A	0.02775	0.16795	0.8043
51 A	0.03244	0.12474	0.84282
52 A	0.03987	0.08451	0.87562
53 T	0.04730	0.05435	0.89835
54 T	0.05749	0.02998	0.91253
55 T	0.06154	0.01878	0.91967
56 T	0.06331	0.01311	0.92357
57 T	0.06388	0.01028	0.92584
58 T	0.06380	0.00905	0.92714
59 T	0.06363	0.00822	0.92815
60 C	0.06330	0.00797	0.92873
61 A	0.06312	0.00807	0.92881
62 C	0.06308	0.00785	0.92907
63 T	0.06316	0.00777	0.92906
64 T	0.06312	0.00783	0.92905
65 T	0.06310	0.00785	0.92905
66 A	0.06282	0.00811	0.92907
67 T	0.06295	0.00781	0.92924
68 T	0.06311	0.00714	0.92974
69 T	0.06309	0.00621	0.9307
70 A	0.06300	0.00555	0.93145
71 T	0.06305	0.00492	0.93203
72 T	0.06290	0.00427	0.93282
73 A	0.06283	0.00417	0.93301
74 T	0.06287	0.00402	0.93311
75 T	0.06285	0.00398	0.93316
76 T	0.06283	0.00400	0.93317
77 T	0.06280	0.00402	0.93318
78 G	0.06265	0.00424	0.93311
79 G	0.06258	0.00440	0.93302
80 T	0.06259	0.00439	0.93302
81 T	0.06255	0.00438	0.93308
82 T	0.06245	0.00449	0.93306
83 A	0.06234	0.00452	0.93315
84 T	0.06227	0.00454	0.93319
85 G	0.06217	0.00459	0.93324
86 T	0.06216	0.00458	0.93325
87 T	0.06216	0.00463	0.93321
88 A	0.06214	0.00470	0.93316
89 T	0.06215	0.00444	0.93341
90 T	0.06213	0.00440	0.93347
91 G	0.06209	0.00434	0.93357
92 G	0.06208	0.00423	0.93369
93 T	0.06207	0.00410	0.93382
94 A	0.06201	0.00408	0.93391
95 C	0.06198	0.00393	0.9341
96 T	0.06196	0.00390	0.93414
97 A	0.06188	0.00401	0.9341
98 G	0.06190	0.00403	0.93407
99 G	0.06197	0.00410	0.93393
100 A	0.06210	0.00427	0.93363
101 T	0.06241	0.00404	0.93354
102 T	0.06269	0.00386	0.93344
103 T	0.06284	0.00395	0.9332
104 A	0.06292	0.00406	0.93302
105 T	0.06311	0.00378	0.93311
106 A	0.06321	0.00358	0.93321
107 T	0.06344	0.00326	0.93331
108 T	0.06360	0.00299	0.93342
109 C	0.06367	0.00285	0.93347
110 C	0.06376	0.00275	0.93348
111 T	0.06390	0.00264	0.93345
112 T	0.06387	0.00271	0.93342
113 T	0.06372	0.00290	0.93337
114 T	0.06360	0.00309	0.93331
115 T	0.06343	0.00334	0.93323
116 T	0.06322	0.00352	0.93326
117 A	0.06292	0.00377	0.93331
118 G	0.06277	0.00386	0.93338
119 A	0.06268	0.00391	0.93342
120 C	0.06258	0.00395	0.93347
121 A	0.06182	0.00472	0.93346
122 A	0.06151	0.00504	0.93345
123 A	0.06168	0.00488	0.93344
124 T	0.06192	0.00463	0.93345
125 C	0.06190	0.00464	0.93346
126 T	0.06208	0.00443	0.93349
127 T	0.06217	0.00433	0.9335
128 A	0.06210	0.00440	0.9335
129 C	0.06208	0.00441	0.93351
130 T	0.06208	0.00443	0.93348
131 A	0.06204	0.00453	0.93343
132 T	0.06199	0.00455	0.93346
133 T	0.06182	0.00470	0.93349
134 T	0.06150	0.00498	0.93352
135 A	0.06014	0.00612	0.93374
136 C	0.05950	0.00630	0.9342
137 C	0.05873	0.00687	0.9344
138 C	0.05787	0.00766	0.93447
139 T	0.05665	0.00891	0.93444
140 T	0.05297	0.01272	0.93431
141 A	0.04951	0.01629	0.9342
142 A	0.04791	0.01788	0.93421
143 A	0.04705	0.01860	0.93435
144 A	0.04672	0.01798	0.9353
145 T	0.04661	0.01744	0.93595
146 T	0.04638	0.01739	0.93624
147 A	0.04609	0.01751	0.9364
148 C	0.04589	0.01745	0.93666
149 C	0.04564	0.01765	0.93672
150 G	0.04545	0.01782	0.93674
151 T	0.04541	0.01784	0.93675
152 C	0.04531	0.01793	0.93676
153 A	0.04523	0.01807	0.93669
154 G	0.04525	0.01803	0.93672
155 A	0.04523	0.01795	0.93681
156 T	0.04517	0.01778	0.93704
157 T	0.04507	0.01759	0.93734
158 T	0.04492	0.01633	0.93875
159 A	0.04462	0.01591	0.93947
160 A	0.04450	0.01500	0.9405
161 A	0.04444	0.01378	0.94178
162 A	0.04446	0.01211	0.94343
163 T	0.04461	0.00820	0.9472
164 T	0.04469	0.00524	0.95007
165 T	0.04462	0.00409	0.95128
166 T	0.04438	0.00402	0.95161
167 T	0.04401	0.00457	0.95142
168 G	0.04378	0.00504	0.95118
169 G	0.04370	0.00505	0.95125
170 A	0.04365	0.00498	0.95137
171 A	0.04364	0.00486	0.95151
172 T	0.04364	0.00467	0.95169
173 C	0.04364	0.00455	0.95182
174 A	0.04363	0.00462	0.95175
175 A	0.04364	0.00459	0.95177
176 T	0.04369	0.00450	0.95181
177 A	0.04369	0.00453	0.95178
178 T	0.04373	0.00452	0.95175
179 T	0.04373	0.00440	0.95187
180 T	0.04366	0.00440	0.95193
181 A	0.04350	0.00445	0.95205
182 G	0.04344	0.00431	0.95225
183 T	0.04342	0.00425	0.95233
184 A	0.04335	0.00426	0.95238
185 G	0.04334	0.00423	0.95243
186 T	0.04343	0.00409	0.95248
187 A	0.04349	0.00396	0.95254
188 A	0.04365	0.00366	0.9527
189 T	0.04407	0.00294	0.953
190 C	0.04451	0.00216	0.95333
191 C	0.04479	0.00174	0.95347
192 T	0.04495	0.00156	0.9535
193 T	0.04503	0.00147	0.95351
194 C	0.04506	0.00143	0.95351
195 T	0.04514	0.00135	0.9535
196 T	0.04519	0.00130	0.95351
197 T	0.04524	0.00123	0.95353
198 A	0.04523	0.00123	0.95354
199 T	0.04527	0.00119	0.95354
200 G	0.04530	0.00111	0.95358
201 T	0.04538	0.00101	0.95361
202 A	0.04542	0.00094	0.95364
203 T	0.04554	0.00074	0.95372
204 T	0.04558	0.00055	0.95387
205 T	0.04559	0.00046	0.95395
206 T	0.04559	0.00042	0.95399
207 A	0.04556	0.00038	0.95406
208 T	0.04555	0.00034	0.95411
209 C	0.04552	0.00034	0.95414
210 T	0.04549	0.00036	0.95415
211 T	0.04544	0.00041	0.95415
212 T	0.04538	0.00048	0.95415
213 G	0.04522	0.00065	0.95413
214 G	0.04520	0.00069	0.95411
215 G	0.04519	0.00071	0.9541
216 A	0.04518	0.00073	0.95409
217 G	0.04519	0.00073	0.95409
218 T	0.04519	0.00072	0.95408
219 T	0.04519	0.00071	0.95409
220 A	0.04519	0.00070	0.95411
221 T	0.04519	0.00066	0.95415
222 G	0.04519	0.00065	0.95417
223 C	0.04518	0.00063	0.95418
224 C	0.04519	0.00062	0.95419
225 T	0.04519	0.00062	0.95419
226 T	0.04518	0.00063	0.95419
227 A	0.04517	0.00064	0.95419
228 T	0.04516	0.00065	0.95419
229 G	0.04515	0.00065	0.95419
230 T	0.04515	0.00061	0.95424
231 T	0.04514	0.00056	0.9543
232 A	0.04513	0.00053	0.95434
233 C	0.04510	0.00048	0.95441
234 T	0.04508	0.00046	0.95445
235 G	0.04504	0.00046	0.95449
236 C	0.04504	0.00037	0.95459
237 T	0.04506	0.00035	0.95459
238 T	0.04506	0.00035	0.95459
239 C	0.04505	0.00036	0.95459
240 T	0.04503	0.00040	0.95458
241 A	0.04498	0.00048	0.95453
242 T	0.04490	0.00061	0.95449
243 T	0.04474	0.00087	0.95439
244 G	0.04454	0.00123	0.95422
245 T	0.04442	0.00167	0.95391
246 T	0.04420	0.00192	0.95388
247 A	0.04373	0.00242	0.95385
248 T	0.04357	0.00259	0.95384
249 T	0.04347	0.00272	0.95382
250 C	0.04334	0.00289	0.95377
251 A	0.04328	0.00304	0.95368
252 A	0.04325	0.00312	0.95364
253 T	0.04322	0.00317	0.95361
254 T	0.04316	0.00324	0.9536
255 G	0.04247	0.00393	0.9536
256 A	0.04217	0.00420	0.95363
257 G	0.04203	0.00431	0.95366
258 T	0.04185	0.00444	0.9537
259 C	0.04156	0.00473	0.95371
260 A	0.04124	0.00511	0.95365
261 A	0.04102	0.00545	0.95353
262 A	0.04087	0.00570	0.95343
263 A	0.04072	0.00591	0.95337
264 G	0.04071	0.00590	0.95339
265 G	0.04076	0.00573	0.95351
266 T	0.04088	0.00540	0.95372
267 A	0.04103	0.00501	0.95397
268 T	0.04133	0.00448	0.95419
269 T	0.04137	0.00419	0.95444
270 C	0.04138	0.00376	0.95486
271 C	0.04138	0.00365	0.95497
272 C	0.04136	0.00367	0.95496
273 T	0.04140	0.00374	0.95486
274 T	0.04142	0.00389	0.95469
275 T	0.04122	0.00425	0.95453
276 T	0.04065	0.00502	0.95433
277 A	0.03967	0.00620	0.95413
278 T	0.03693	0.00844	0.95463
279 G	0.03251	0.01288	0.9546
280 A	0.02904	0.01656	0.95439
281 A	0.02584	0.01997	0.95419
282 A	0.02348	0.02241	0.95411
283 G	0.02107	0.02471	0.95422
284 A	0.01891	0.02688	0.95421
285 A	0.01801	0.02765	0.95434
286 T	0.01757	0.02795	0.95448
287 G	0.01632	0.02922	0.95445
288 G	0.01514	0.03048	0.95438
289 C	0.01423	0.03151	0.95426
290 A	0.01251	0.03366	0.95383
291 A	0.01203	0.03419	0.95379
292 G	0.01162	0.03469	0.95369
293 A	0.01134	0.03500	0.95366
294 A	0.01103	0.03532	0.95365
295 C	0.01077	0.03540	0.95382
296 A	0.00940	0.03685	0.95375
297 A	0.00821	0.03800	0.95378
298 G	0.00725	0.03867	0.95408
299 G	0.00645	0.03894	0.95461
300 A	0.00580	0.03909	0.95512
301 G	0.00521	0.03661	0.95818
302 A	0.00495	0.03312	0.96193
303 A	0.00439	0.03055	0.96506
304 A	0.00405	0.02823	0.96772
305 A	0.00356	0.02653	0.96991
306 A	0.00310	0.02468	0.97222
307 G	0.00280	0.02262	0.97457
308 G	0.00245	0.02199	0.97556
309 A	0.00216	0.02172	0.97613
310 A	0.00213	0.02063	0.97724
311 A	0.00217	0.01939	0.97844
312 A	0.00226	0.01822	0.97951
313 C	0.00259	0.01607	0.98134
314 A	0.00260	0.01582	0.98157
315 T	0.00255	0.01580	0.98165
316 A	0.00231	0.01621	0.98149
317 A	0.00219	0.01620	0.98162
318 A	0.00211	0.01605	0.98184
319 A	0.00216	0.01425	0.98358
320 T	0.00230	0.01235	0.98535
321 T	0.00232	0.01106	0.98662
322 A	0.00232	0.01012	0.98755
323 A	0.00238	0.00923	0.98839
324 T	0.00249	0.00827	0.98924
325 A	0.00253	0.00766	0.98982
326 T	0.00263	0.00663	0.99075
327 A	0.00266	0.00595	0.9914
328 T	0.00280	0.00499	0.9922
329 G	0.00283	0.00439	0.99277
330 T	0.00292	0.00392	0.99316
331 A	0.00290	0.00363	0.99346
332 C	0.00287	0.00335	0.99378
333 T	0.00286	0.00327	0.99387
334 A	0.00285	0.00324	0.99392
335 G	0.00286	0.00318	0.99395
336 A	0.00291	0.00310	0.99399
337 A	0.00307	0.00290	0.99403
338 T	0.00339	0.00235	0.99427
339 T	0.00374	0.00168	0.99458
340 T	0.00383	0.00143	0.99474
341 T	0.00384	0.00131	0.99486
342 G	0.00382	0.00121	0.99497
343 A	0.00382	0.00117	0.99501
344 C	0.00385	0.00105	0.9951
345 T	0.00392	0.00094	0.99514
346 A	0.00396	0.00088	0.99516
347 T	0.00402	0.00080	0.99518
348 T	0.00404	0.00075	0.99521
349 T	0.00403	0.00075	0.99522
350 T	0.00399	0.00070	0.99531
351 G	0.00393	0.00072	0.99535
352 T	0.00392	0.00066	0.99542
353 T	0.00391	0.00063	0.99547
354 A	0.00389	0.00056	0.99554
355 T	0.00389	0.00049	0.99562
356 C	0.00387	0.00045	0.99567
357 T	0.00382	0.00049	0.99569
358 T	0.00371	0.00060	0.9957
359 T	0.00360	0.00070	0.9957
360 A	0.00356	0.00074	0.99571
361 G	0.00354	0.00076	0.99571
362 G	0.00353	0.00074	0.99574
363 T	0.00352	0.00071	0.99577
364 C	0.00351	0.00070	0.99579
365 A	0.00347	0.00073	0.9958
366 T	0.00346	0.00073	0.99581
367 G	0.00343	0.00076	0.99582
368 G	0.00340	0.00078	0.99582
369 A	0.00339	0.00080	0.99581
370 T	0.00339	0.00077	0.99584
371 G	0.00339	0.00074	0.99587
372 G	0.00339	0.00071	0.99589
373 A	0.00340	0.00067	0.99593
374 C	0.00340	0.00061	0.99599
375 A	0.00341	0.00061	0.99599
376 T	0.00342	0.00059	0.996
377 T	0.00342	0.00058	0.996
378 T	0.00342	0.00057	0.99601
379 G	0.00341	0.00056	0.99603
380 T	0.00340	0.00048	0.99611
381 T	0.00334	0.00043	0.99622
382 C	0.00324	0.00044	0.99632
383 A	0.00312	0.00056	0.99633
384 A	0.00302	0.00064	0.99634
385 A	0.00299	0.00067	0.99635
386 T	0.00296	0.00069	0.99634
387 T	0.00294	0.00071	0.99635
388 G	0.00292	0.00069	0.99639
389 A	0.00291	0.00069	0.99641
390 A	0.00290	0.00066	0.99644
391 T	0.00290	0.00064	0.99646
392 C	0.00290	0.00063	0.99647
393 C	0.00288	0.00065	0.99648
394 C	0.00286	0.00066	0.99648
395 C	0.00285	0.00067	0.99648
396 A	0.00284	0.00068	0.99648
397 T	0.00284	0.00068	0.99648
398 C	0.00284	0.00068	0.99648
399 A	0.00284	0.00068	0.99648
400 T	0.00285	0.00067	0.99648
401 T	0.00285	0.00067	0.99649
402 A	0.00285	0.00066	0.9965
403 T	0.00285	0.00064	0.99651
404 T	0.00285	0.00056	0.99659
405 A	0.00284	0.00045	0.9967
406 T	0.00285	0.00032	0.99683
407 C	0.00284	0.00023	0.99693
408 A	0.00284	0.00021	0.99695
409 T	0.00285	0.00019	0.99697
410 C	0.00285	0.00017	0.99698
411 T	0.00285	0.00017	0.99698
412 G	0.00284	0.00017	0.99698
413 A	0.00284	0.00017	0.99699
414 T	0.00284	0.00016	0.997
415 T	0.00283	0.00017	0.99701
416 G	0.00281	0.00016	0.99703
417 T	0.00281	0.00015	0.99705
418 A	0.00280	0.00014	0.99706
419 T	0.00280	0.00014	0.99707
420 A	0.00279	0.00014	0.99708
421 T	0.00278	0.00014	0.99708
422 T	0.00278	0.00014	0.99709
423 T	0.00276	0.00015	0.99709
424 C	0.00274	0.00016	0.9971
425 A	0.00273	0.00017	0.9971
426 A	0.00273	0.00018	0.9971
427 A	0.00272	0.00018	0.9971
428 C	0.00272	0.00017	0.99711
429 A	0.00272	0.00017	0.99711
430 C	0.00273	0.00016	0.99712
431 T	0.00273	0.00015	0.99712
432 C	0.00273	0.00014	0.99713
433 T	0.00274	0.00014	0.99713
434 T	0.00274	0.00014	0.99713
435 T	0.00274	0.00014	0.99713
436 T	0.00274	0.00013	0.99713
437 T	0.00273	0.00014	0.99714
438 T	0.00272	0.00014	0.99715
439 T	0.00271	0.00013	0.99716
440 T	0.00269	0.00015	0.99717
441 A	0.00265	0.00018	0.99718
442 A	0.00264	0.00018	0.99718
443 C	0.00263	0.00017	0.9972
444 A	0.00262	0.00018	0.99721
445 G	0.00262	0.00017	0.99721
446 T	0.00261	0.00016	0.99722
447 C	0.00261	0.00016	0.99723
448 G	0.00261	0.00016	0.99724
449 G	0.00261	0.00015	0.99724
450 C	0.00261	0.00015	0.99725
451 G	0.00261	0.00015	0.99725
452 T	0.00261	0.00015	0.99725
453 T	0.00261	0.00015	0.99725
454 T	0.00261	0.00015	0.99725
455 T	0.00261	0.00015	0.99725
456 T	0.00261	0.00015	0.99725
457 A	0.00260	0.00015	0.99725
458 T	0.00260	0.00014	0.99725
459 A	0.00260	0.00014	0.99726
460 T	0.00260	0.00012	0.99728
461 C	0.00259	0.00010	0.99731
462 T	0.00259	0.00010	0.99732
463 G	0.00258	0.00009	0.99733
464 T	0.00258	0.00008	0.99735
465 T	0.00257	0.00008	0.99735
466 T	0.00257	0.00008	0.99735
467 G	0.00257	0.00007	0.99736
468 G	0.00256	0.00007	0.99737
469 T	0.00255	0.00007	0.99737
470 T	0.00255	0.00008	0.99737
471 A	0.00251	0.00011	0.99737
472 G	0.00249	0.00014	0.99737
473 C	0.00247	0.00015	0.99737
474 T	0.00246	0.00017	0.99737
475 G	0.00245	0.00019	0.99737
476 A	0.00243	0.00020	0.99736
477 T	0.00243	0.00021	0.99736
478 T	0.00242	0.00023	0.99736
479 T	0.00238	0.00028	0.99734
480 A	0.00229	0.00038	0.99733
481 A	0.00224	0.00043	0.99733
482 T	0.00222	0.00045	0.99733
483 A	0.00218	0.00049	0.99733
484 A	0.00215	0.00051	0.99734
485 C	0.00214	0.00051	0.99734
486 T	0.00212	0.00053	0.99734
487 T	0.00209	0.00057	0.99734
488 C	0.00203	0.00063	0.99734
489 T	0.00198	0.00069	0.99734
490 A	0.00193	0.00074	0.99733
491 A	0.00190	0.00076	0.99734
492 G	0.00189	0.00077	0.99734
493 G	0.00188	0.00077	0.99734
494 G	0.00188	0.00074	0.99737
495 A	0.00188	0.00073	0.9974
496 T	0.00187	0.00072	0.99741
497 T	0.00186	0.00072	0.99742
498 A	0.00182	0.00075	0.99743
499 G	0.00179	0.00076	0.99745
500 G	0.00178	0.00076	0.99746
501 A	0.00177	0.00077	0.99746
502 A	0.00177	0.00073	0.9975
503 A	0.00179	0.00065	0.99757
504 T	0.00179	0.00060	0.99762
505 G	0.00178	0.00058	0.99764
506 G	0.00178	0.00054	0.99768
507 A	0.00177	0.00053	0.99769
508 A	0.00177	0.00051	0.99772
509 T	0.00178	0.00046	0.99775
510 T	0.00179	0.00041	0.9978
511 T	0.00178	0.00036	0.99785
512 C	0.00177	0.00033	0.9979
513 T	0.00176	0.00033	0.99791
514 A	0.00175	0.00034	0.99792
515 T	0.00174	0.00034	0.99792
516 A	0.00172	0.00037	0.9979
517 T	0.00171	0.00039	0.99789
518 T	0.00168	0.00042	0.9979
519 A	0.00159	0.00052	0.99789
520 A	0.00153	0.00056	0.99791
521 T	0.00150	0.00056	0.99794
522 A	0.00145	0.00058	0.99797
523 G	0.00144	0.00057	0.99799
524 C	0.00143	0.00057	0.998
525 T	0.00142	0.00058	0.998
526 A	0.00139	0.00061	0.998
527 T	0.00137	0.00063	0.998
528 A	0.00132	0.00068	0.998
529 G	0.00129	0.00072	0.998
530 G	0.00126	0.00075	0.99799
531 G	0.00123	0.00080	0.99798
532 A	0.00122	0.00084	0.99794
533 T	0.00122	0.00085	0.99792
534 G	0.00121	0.00086	0.99792
535 G	0.00121	0.00087	0.99792
536 T	0.00122	0.00086	0.99791
537 A	0.00121	0.00087	0.99791
538 G	0.00121	0.00088	0.99791
539 A	0.00121	0.00089	0.99789
540 T	0.00122	0.00089	0.99789
541 A	0.00121	0.00093	0.99785
542 A	0.00121	0.00088	0.9979
543 A	0.00121	0.00084	0.99795
544 T	0.00121	0.00080	0.99799
545 T	0.00121	0.00077	0.99803
546 A	0.00119	0.00077	0.99803
547 T	0.00119	0.00076	0.99805
548 A	0.00118	0.00076	0.99806
549 T	0.00117	0.00074	0.99808
550 A	0.00115	0.00074	0.99811
551 A	0.00115	0.00069	0.99816
552 A	0.00115	0.00066	0.99818
553 A	0.00117	0.00061	0.99822
554 C	0.00119	0.00055	0.99826
555 T	0.00125	0.00049	0.99826
556 T	0.00127	0.00046	0.99826
557 T	0.00128	0.00045	0.99827
558 T	0.00128	0.00045	0.99827
559 G	0.00126	0.00047	0.99827
560 A	0.00126	0.00046	0.99828
561 A	0.00128	0.00044	0.99829
562 T	0.00132	0.00038	0.9983
563 A	0.00134	0.00035	0.99831
564 T	0.00142	0.00026	0.99832
565 T	0.00144	0.00022	0.99834
566 T	0.00145	0.00021	0.99835
567 G	0.00144	0.00021	0.99835
568 T	0.00145	0.00021	0.99835
569 T	0.00144	0.00020	0.99836
570 A	0.00144	0.00021	0.99835
571 T	0.00144	0.00020	0.99836
572 T	0.00143	0.00020	0.99837
573 T	0.00142	0.00020	0.99838
574 A	0.00140	0.00023	0.99838
575 C	0.00137	0.00025	0.99838
576 A	0.00135	0.00031	0.99834
577 A	0.00134	0.00033	0.99833
578 A	0.00132	0.00037	0.99831
579 T	0.00131	0.00037	0.99831
580 G	0.00130	0.00039	0.99831
581 G	0.00129	0.00039	0.99831
582 T	0.00129	0.00040	0.99832
583 T	0.00127	0.00042	0.99831
584 T	0.00124	0.00047	0.99829
585 G	0.00120	0.00053	0.99828
586 G	0.00118	0.00056	0.99826
587 A	0.00116	0.00061	0.99823
588 A	0.00115	0.00062	0.99823
589 A	0.00115	0.00062	0.99823
590 T	0.00115	0.00061	0.99824
591 A	0.00115	0.00061	0.99824
592 C	0.00115	0.00060	0.99825
593 A	0.00116	0.00059	0.99826
594 A	0.00116	0.00058	0.99827
595 C	0.00116	0.00056	0.99828
596 G	0.00117	0.00055	0.99828
597 T	0.00119	0.00052	0.99829
598 A	0.00120	0.00050	0.9983
599 T	0.00123	0.00045	0.99833
600 A	0.00124	0.00043	0.99834
601 T	0.00125	0.00039	0.99836
602 T	0.00126	0.00037	0.99838
603 A	0.00126	0.00034	0.99839
604 A	0.00127	0.00031	0.99842
605 T	0.00130	0.00026	0.99843
606 T	0.00132	0.00022	0.99846
607 T	0.00134	0.00018	0.99849
608 T	0.00135	0.00013	0.99851
609 A	0.00136	0.00011	0.99853
610 A	0.00138	0.00008	0.99854
611 T	0.00138	0.00006	0.99855
612 T	0.00139	0.00005	0.99857
613 T	0.00139	0.00004	0.99857
614 C	0.00139	0.00004	0.99857
615 T	0.00139	0.00004	0.99857
616 T	0.00139	0.00004	0.99857
617 A	0.00139	0.00005	0.99856
618 T	0.00139	0.00006	0.99855
619 T	0.00139	0.00007	0.99854
620 T	0.00139	0.00008	0.99854
621 T	0.00138	0.00010	0.99852
622 A	0.00137	0.00011	0.99851
623 T	0.00137	0.00012	0.99851
624 T	0.00137	0.00012	0.9985
625 T	0.00137	0.00013	0.99849
626 T	0.00137	0.00014	0.99849
627 A	0.00136	0.00016	0.99848
628 T	0.00136	0.00017	0.99848
629 T	0.00135	0.00018	0.99846
630 A	0.00135	0.00019	0.99846
631 A	0.00135	0.00020	0.99845
632 T	0.00135	0.00020	0.99845
633 A	0.00135	0.00023	0.99843
634 T	0.00135	0.00023	0.99842
635 T	0.00135	0.00023	0.99842
636 A	0.00134	0.00024	0.99841
637 A	0.00134	0.00025	0.99841
638 C	0.00134	0.00024	0.99841
639 A	0.00134	0.00025	0.99841
640 A	0.00135	0.00024	0.99841
641 T	0.00137	0.00023	0.99841
642 T	0.00138	0.00021	0.99841
643 A	0.00138	0.00021	0.99841
644 T	0.00139	0.00019	0.99841
645 C	0.00140	0.00019	0.99842
646 T	0.00140	0.00019	0.99841
647 T	0.00140	0.00019	0.99841
648 A	0.00140	0.00019	0.99841
649 T	0.00141	0.00018	0.99841
650 C	0.00142	0.00017	0.99841
651 T	0.00142	0.00016	0.99841
652 T	0.00143	0.00016	0.99842
653 C	0.00143	0.00015	0.99842
654 A	0.00142	0.00016	0.99842
655 G	0.00142	0.00017	0.99842
656 C	0.00143	0.00015	0.99842
657 T	0.00143	0.00015	0.99841
658 T	0.00143	0.00016	0.99841
659 A	0.00143	0.00017	0.9984
660 T	0.00143	0.00017	0.9984
661 T	0.00143	0.00018	0.99839
662 T	0.00143	0.00020	0.99838
663 A	0.00141	0.00023	0.99836
664 A	0.00140	0.00025	0.99835
665 A	0.00140	0.00026	0.99833
666 A	0.00138	0.00028	0.99834
667 A	0.00136	0.00030	0.99834
668 T	0.00137	0.00029	0.99835
669 T	0.00135	0.00030	0.99835
670 C	0.00133	0.00031	0.99835
671 C	0.00132	0.00033	0.99835
672 T	0.00130	0.00035	0.99834
673 A	0.00127	0.00042	0.99831
674 T	0.00125	0.00045	0.9983
675 T	0.00122	0.00051	0.99828
676 A	0.00112	0.00064	0.99824
677 A	0.00108	0.00067	0.99824
678 T	0.00105	0.00069	0.99826
679 T	0.00100	0.00073	0.99827
680 A	0.00094	0.00079	0.99827
681 C	0.00090	0.00082	0.99828
682 G	0.00086	0.00086	0.99828
683 C	0.00083	0.00091	0.99827
684 T	0.00078	0.00101	0.99821
685 A	0.00072	0.00114	0.99814
686 T	0.00071	0.00118	0.99812
687 A	0.00066	0.00126	0.99808
688 A	0.00062	0.00133	0.99805
689 A	0.00060	0.00134	0.99806
690 T	0.00058	0.00135	0.99807
691 A	0.00055	0.00142	0.99804
692 G	0.00052	0.00149	0.998
693 A	0.00050	0.00153	0.99797
694 A	0.00048	0.00161	0.99791
695 A	0.00049	0.00164	0.99786
696 T	0.00052	0.00162	0.99786
697 A	0.00053	0.00164	0.99783
698 A	0.00054	0.00160	0.99786
699 T	0.00058	0.00150	0.99792
700 G	0.00058	0.00148	0.99794
701 A	0.00058	0.00148	0.99795
702 T	0.00058	0.00145	0.99796
703 A	0.00058	0.00143	0.99798
704 A	0.00059	0.00140	0.99801
705 A	0.00059	0.00136	0.99805
706 A	0.00061	0.00130	0.99808
707 T	0.00068	0.00118	0.99813
708 T	0.00072	0.00109	0.99819
709 G	0.00072	0.00108	0.99819
710 A	0.00073	0.00107	0.9982
711 T	0.00074	0.00105	0.99821
712 A	0.00071	0.00111	0.99819
713 A	0.00069	0.00111	0.9982
714 A	0.00071	0.00106	0.99822
715 T	0.00078	0.00097	0.99825
716 A	0.00081	0.00093	0.99826
717 C	0.00089	0.00083	0.99828
718 A	0.00095	0.00077	0.99828
719 T	0.00101	0.00071	0.99829
720 T	0.00104	0.00067	0.99829
721 C	0.00106	0.00065	0.99829
722 C	0.00108	0.00063	0.99829
723 T	0.00111	0.00062	0.99828
724 A	0.00111	0.00063	0.99827
725 T	0.00113	0.00061	0.99826
726 T	0.00113	0.00062	0.99826
727 A	0.00110	0.00064	0.99826
728 A	0.00109	0.00064	0.99826
729 A	0.00111	0.00062	0.99827
730 T	0.00114	0.00058	0.99829
731 T	0.00116	0.00055	0.99829
732 A	0.00117	0.00055	0.99828
733 A	0.00119	0.00051	0.99829
734 A	0.00120	0.00048	0.99832
735 T	0.00120	0.00044	0.99836
736 A	0.00117	0.00044	0.99839
737 C	0.00116	0.00042	0.99842
738 A	0.00115	0.00042	0.99842
739 T	0.00115	0.00041	0.99844
740 C	0.00114	0.00042	0.99844
741 T	0.00113	0.00043	0.99844
742 G	0.00112	0.00043	0.99844
743 G	0.00112	0.00043	0.99844
744 T	0.00113	0.00043	0.99844
745 A	0.00113	0.00044	0.99844
746 T	0.00114	0.00041	0.99845
747 T	0.00115	0.00038	0.99848
748 T	0.00115	0.00036	0.99849
749 T	0.00115	0.00033	0.99851
750 A	0.00115	0.00032	0.99854
751 C	0.00115	0.00030	0.99856
752 C	0.00115	0.00029	0.99856
753 A	0.00115	0.00028	0.99857
754 A	0.00116	0.00027	0.99857
755 T	0.00119	0.00024	0.99857
756 T	0.00119	0.00024	0.99857
757 A	0.00119	0.00023	0.99857
758 T	0.00119	0.00018	0.99863
759 T	0.00119	0.00014	0.99867
760 T	0.00119	0.00012	0.99869
761 T	0.00119	0.00011	0.9987
762 T	0.00119	0.00010	0.99871
763 G	0.00118	0.00009	0.99873
764 C	0.00117	0.00009	0.99874
765 G	0.00117	0.00010	0.99874
766 G	0.00116	0.00010	0.99873
767 A	0.00116	0.00010	0.99873
768 T	0.00117	0.00010	0.99873
769 G	0.00117	0.00010	0.99872
770 C	0.00117	0.00010	0.99873
771 T	0.00117	0.00014	0.99869
772 T	0.00118	0.00017	0.99865
773 T	0.00117	0.00024	0.99859
774 T	0.00116	0.00031	0.99853
775 T	0.00115	0.00044	0.99841
776 T	0.00113	0.00068	0.99819
777 A	0.00110	0.00116	0.99774
778 A	0.00109	0.00132	0.99759
779 A	0.00108	0.00148	0.99744
780 T	0.00106	0.00157	0.99737
781 T	0.00103	0.00167	0.9973
782 T	0.00099	0.00179	0.99722
783 A	0.00092	0.00192	0.99716
784 A	0.00088	0.00198	0.99713
785 T	0.00087	0.00201	0.99712
786 A	0.00085	0.00202	0.99713
787 A	0.00085	0.00202	0.99714
788 A	0.00085	0.00201	0.99715
789 A	0.00084	0.00201	0.99715
790 C	0.00085	0.00200	0.99715
791 A	0.00086	0.00200	0.99715
792 A	0.00087	0.00199	0.99714
793 A	0.00089	0.00197	0.99714
794 T	0.00094	0.00192	0.99714
795 A	0.00098	0.00189	0.99714
796 T	0.00106	0.00178	0.99715
797 C	0.00112	0.00171	0.99717
798 A	0.00123	0.00159	0.99718
799 G	0.00147	0.00135	0.99719
800 T	0.00195	0.00085	0.9972
801 A	0.00209	0.00072	0.99719
802 T	0.00227	0.00054	0.99719
803 T	0.00234	0.00044	0.99723
804 T	0.00239	0.00035	0.99726
805 T	0.00242	0.00027	0.99731
806 T	0.00244	0.00020	0.99737
807 T	0.00242	0.00019	0.9974
808 C	0.00235	0.00025	0.99741
809 C	0.00228	0.00033	0.99739
810 A	0.00202	0.00064	0.99734
811 A	0.00157	0.00114	0.99729
812 G	0.00121	0.00154	0.99726
813 A	0.00109	0.00170	0.99721
814 A	0.00100	0.00182	0.99719
815 A	0.00096	0.00186	0.99718
816 T	0.00094	0.00189	0.99717
817 G	0.00088	0.00195	0.99717
818 G	0.00086	0.00197	0.99717
819 A	0.00085	0.00198	0.99717
820 A	0.00084	0.00199	0.99717
821 C	0.00085	0.00199	0.99717
822 A	0.00085	0.00198	0.99717
823 T	0.00087	0.00197	0.99717
824 T	0.00087	0.00196	0.99717
825 T	0.00088	0.00196	0.99717
826 T	0.00087	0.00195	0.99717
827 C	0.00087	0.00194	0.99719
828 G	0.00087	0.00194	0.99719
829 A	0.00087	0.00193	0.99721
830 A	0.00087	0.00190	0.99723
831 A	0.00088	0.00184	0.99729
832 T	0.00091	0.00175	0.99734
833 A	0.00095	0.00146	0.9976
834 T	0.00101	0.00094	0.99805
835 A	0.00104	0.00052	0.99844
836 T	0.00108	0.00036	0.99856
837 T	0.00110	0.00026	0.99863
838 G	0.00111	0.00022	0.99867
839 A	0.00112	0.00020	0.99869
840 T	0.00112	0.00013	0.99874
841 A	0.00113	0.00012	0.99875
842 T	0.00114	0.00012	0.99874
843 T	0.00114	0.00013	0.99873
844 T	0.00113	0.00015	0.99872
845 T	0.00111	0.00020	0.9987
846 T	0.00107	0.00027	0.99866
847 G	0.00102	0.00044	0.99855
848 T	0.00097	0.00082	0.9982
849 A	0.00090	0.00147	0.99763
850 A	0.00086	0.00156	0.99759
851 G	0.00082	0.00162	0.99756
852 A	0.00079	0.00165	0.99756
853 T	0.00077	0.00168	0.99755
854 C	0.00074	0.00171	0.99755
855 A	0.00072	0.00174	0.99754
856 C	0.00072	0.00174	0.99754
857 G	0.00072	0.00175	0.99754
858 A	0.00072	0.00175	0.99754
859 T	0.00072	0.00174	0.99754
860 C	0.00072	0.00174	0.99754
861 A	0.00072	0.00174	0.99754
862 G	0.00073	0.00174	0.99754
863 A	0.00073	0.00173	0.99754
864 A	0.00074	0.00172	0.99754
865 T	0.00078	0.00169	0.99754
866 T	0.00080	0.00165	0.99755
867 A	0.00081	0.00162	0.99757
868 G	0.00084	0.00156	0.9976
869 G	0.00089	0.00147	0.99764
870 A	0.00099	0.00133	0.99768
871 A	0.00131	0.00097	0.99772
872 T	0.00188	0.00033	0.99779
873 A	0.00194	0.00024	0.99783
874 T	0.00197	0.00016	0.99787
875 A	0.00198	0.00013	0.99789
876 T	0.00199	0.00009	0.99791
877 T	0.00199	0.00006	0.99795
878 T	0.00200	0.00004	0.99796
879 T	0.00200	0.00004	0.99796
880 T	0.00200	0.00003	0.99796
881 T	0.00200	0.00003	0.99797
882 T	0.00200	0.00004	0.99797
883 G	0.00200	0.00004	0.99796
884 T	0.00199	0.00005	0.99796
885 T	0.00199	0.00006	0.99794
886 T	0.00199	0.00007	0.99794
887 A	0.00199	0.00007	0.99794
888 T	0.00199	0.00007	0.99793
889 G	0.00199	0.00008	0.99793
890 T	0.00199	0.00008	0.99793
891 T	0.00199	0.00008	0.99793
892 T	0.00199	0.00008	0.99793
893 T	0.00199	0.00008	0.99793
894 A	0.00199	0.00008	0.99793
895 T	0.00199	0.00008	0.99793
896 T	0.00199	0.00009	0.99793
897 A	0.00199	0.00009	0.99793
898 A	0.00199	0.00009	0.99793
899 T	0.00199	0.00008	0.99793
900 T	0.00200	0.00008	0.99793
901 A	0.00200	0.00008	0.99793
902 T	0.00200	0.00008	0.99793
903 G	0.00200	0.00008	0.99793
904 T	0.00200	0.00007	0.99793
905 T	0.00201	0.00007	0.99793
906 A	0.00201	0.00006	0.99793
907 T	0.00202	0.00005	0.99793
908 T	0.00203	0.00004	0.99794
909 T	0.00203	0.00003	0.99794
910 T	0.00204	0.00002	0.99794
911 C	0.00204	0.00002	0.99794
912 T	0.00204	0.00002	0.99794
913 T	0.00205	0.00002	0.99794
914 T	0.00205	0.00002	0.99794
915 T	0.00205	0.00002	0.99794
916 T	0.00205	0.00001	0.99794
917 T	0.00205	0.00001	0.99794
918 T	0.00205	0.00001	0.99794
919 T	0.00205	0.00001	0.99794
920 C	0.00205	0.00002	0.99794
921 A	0.00205	0.00002	0.99794
922 T	0.00205	0.00002	0.99793
923 C	0.00204	0.00003	0.99793
924 T	0.00203	0.00006	0.99792
925 T	0.00201	0.00010	0.99788
926 T	0.00198	0.00015	0.99787
927 T	0.00193	0.00023	0.99785
928 A	0.00186	0.00030	0.99784
929 T	0.00183	0.00033	0.99784
930 G	0.00179	0.00038	0.99783
931 A	0.00178	0.00041	0.99782
932 C	0.00177	0.00042	0.99782
933 T	0.00177	0.00043	0.99781
934 A	0.00176	0.00045	0.99779
935 T	0.00176	0.00046	0.99778
936 C	0.00175	0.00047	0.99777
937 A	0.00175	0.00048	0.99777
938 A	0.00174	0.00049	0.99777
939 T	0.00174	0.00049	0.99777
940 C	0.00174	0.00049	0.99777
941 C	0.00173	0.00050	0.99776
942 G	0.00172	0.00052	0.99776
943 A	0.00172	0.00053	0.99775
944 A	0.00172	0.00054	0.99774
945 A	0.00172	0.00054	0.99774
946 G	0.00172	0.00054	0.99774
947 A	0.00175	0.00051	0.99774
948 T	0.00177	0.00046	0.99776
949 G	0.00178	0.00043	0.99779
950 T	0.00180	0.00038	0.99782
951 A	0.00180	0.00038	0.99782
952 G	0.00179	0.00041	0.9978
953 C	0.00178	0.00044	0.99778
954 T	0.00178	0.00049	0.99774
955 G	0.00177	0.00055	0.99768
956 A	0.00176	0.00059	0.99765
957 A	0.00177	0.00060	0.99763
958 C	0.00178	0.00060	0.99761
959 A	0.00179	0.00062	0.9976
960 T	0.00179	0.00062	0.99759
961 T	0.00179	0.00062	0.99759
962 T	0.00178	0.00063	0.99759
963 G	0.00176	0.00066	0.99759
964 T	0.00173	0.00069	0.99758
965 C	0.00168	0.00077	0.99755
966 A	0.00164	0.00085	0.99751
967 A	0.00161	0.00093	0.99746
968 A	0.00158	0.00097	0.99745
969 A	0.00157	0.00100	0.99743
970 C	0.00158	0.00099	0.99743
971 A	0.00160	0.00099	0.99741
972 A	0.00161	0.00099	0.9974
973 A	0.00164	0.00096	0.9974
974 A	0.00170	0.00090	0.9974
975 T	0.00177	0.00082	0.99741
976 G	0.00182	0.00074	0.99743
977 C	0.00188	0.00067	0.99745
978 T	0.00194	0.00061	0.99745
979 T	0.00197	0.00060	0.99743
980 A	0.00197	0.00064	0.99739
981 T	0.00198	0.00066	0.99735
982 T	0.00199	0.00068	0.99733
983 T	0.00196	0.00075	0.99729
984 A	0.00193	0.00082	0.99725
985 A	0.00192	0.00085	0.99722
986 A	0.00192	0.00085	0.99723
987 A	0.00193	0.00082	0.99724
988 G	0.00197	0.00075	0.99728
989 A	0.00202	0.00069	0.99729
990 T	0.00207	0.00060	0.99733
991 G	0.00209	0.00056	0.99735
992 T	0.00210	0.00053	0.99736
993 T	0.00210	0.00053	0.99737
994 C	0.00209	0.00054	0.99737
995 A	0.00208	0.00055	0.99737
996 A	0.00206	0.00056	0.99737
997 C	0.00206	0.00057	0.99737
998 C	0.00205	0.00059	0.99737
999 T	0.00204	0.00063	0.99733
1000 G	0.00203	0.00066	0.99731
1001 G	0.00203	0.00070	0.99727
1002 A	0.00204	0.00070	0.99726
1003 T	0.00210	0.00064	0.99727
1004 T	0.00213	0.00059	0.99728
1005 A	0.00215	0.00056	0.99729
1006 C	0.00219	0.00048	0.99733
1007 C	0.00223	0.00042	0.99736
1008 T	0.00226	0.00039	0.99735
1009 A	0.00228	0.00039	0.99734
1010 C	0.00229	0.00039	0.99732
1011 T	0.00231	0.00047	0.99723
1012 G	0.00229	0.00057	0.99714
1013 T	0.00227	0.00072	0.99701
1014 T	0.00225	0.00085	0.9969
1015 A	0.00220	0.00100	0.99681
1016 A	0.00217	0.00107	0.99675
1017 A	0.00215	0.00114	0.99671
1018 A	0.00214	0.00122	0.99665
1019 A	0.00213	0.00131	0.99655
1020 A	0.00213	0.00146	0.99641
1021 A	0.00214	0.00156	0.9963
1022 T	0.00217	0.00156	0.99627
1023 A	0.00218	0.00154	0.99628
1024 G	0.00220	0.00151	0.99628
1025 T	0.00222	0.00149	0.9963
1026 T	0.00222	0.00148	0.9963
1027 C	0.00221	0.00148	0.9963
1028 G	0.00221	0.00148	0.9963
1029 C	0.00221	0.00149	0.9963
1030 G	0.00221	0.00149	0.9963
1031 A	0.00222	0.00149	0.99629
1032 A	0.00225	0.00147	0.99629
1033 A	0.00229	0.00142	0.99628
1034 T	0.00243	0.00129	0.99628
1035 G	0.00253	0.00115	0.99632
1036 T	0.00269	0.00099	0.99633
1037 T	0.00277	0.00089	0.99634
1038 T	0.00282	0.00082	0.99635
1039 A	0.00284	0.00083	0.99633
1040 A	0.00289	0.00078	0.99632
1041 A	0.00297	0.00070	0.99634
1042 A	0.00307	0.00059	0.99634
1043 T	0.00325	0.00040	0.99635
1044 T	0.00337	0.00027	0.99635
1045 A	0.00340	0.00024	0.99636
1046 C	0.00341	0.00022	0.99636
1047 T	0.00342	0.00021	0.99637
1048 T	0.00343	0.00021	0.99637
1049 T	0.00343	0.00021	0.99637
1050 T	0.00343	0.00020	0.99637
1051 C	0.00343	0.00020	0.99637
1052 T	0.00343	0.00020	0.99637
1053 T	0.00344	0.00019	0.99637
1054 G	0.00344	0.00019	0.99637
1055 G	0.00344	0.00019	0.99637
1056 T	0.00345	0.00018	0.99637
1057 A	0.00346	0.00017	0.99636
1058 G	0.00348	0.00015	0.99636
1059 T	0.00352	0.00011	0.99637
1060 T	0.00354	0.00010	0.99637
1061 G	0.00355	0.00008	0.99637
1062 T	0.00358	0.00005	0.99636
1063 T	0.00360	0.00005	0.99636
1064 T	0.00360	0.00005	0.99635
1065 T	0.00360	0.00006	0.99634
1066 T	0.00360	0.00006	0.99634
1067 T	0.00360	0.00007	0.99634
1068 G	0.00360	0.00007	0.99633
1069 A	0.00360	0.00009	0.99631
1070 C	0.00360	0.00009	0.9963
1071 T	0.00360	0.00013	0.99627
1072 T	0.00359	0.00017	0.99625
1073 T	0.00356	0.00025	0.99619
1074 A	0.00350	0.00042	0.99607
1075 T	0.00348	0.00046	0.99606
1076 T	0.00345	0.00050	0.99605
1077 A	0.00339	0.00057	0.99603
1078 G	0.00333	0.00064	0.99603
1079 C	0.00331	0.00066	0.99603
1080 T	0.00330	0.00068	0.99603
1081 G	0.00325	0.00072	0.99602
1082 C	0.00324	0.00073	0.99602
1083 T	0.00324	0.00074	0.99602
1084 A	0.00323	0.00075	0.99602
1085 C	0.00323	0.00075	0.99602
1086 T	0.00324	0.00074	0.99602
1087 C	0.00324	0.00074	0.99602
1088 C	0.00324	0.00073	0.99602
1089 T	0.00325	0.00074	0.99601
1090 G	0.00325	0.00075	0.99599
1091 A	0.00326	0.00078	0.99596
1092 T	0.00327	0.00080	0.99592
1093 A	0.00328	0.00089	0.99583
1094 T	0.00331	0.00088	0.99581
1095 A	0.00334	0.00091	0.99576
1096 A	0.00338	0.00089	0.99573
1097 T	0.00348	0.00079	0.99572
1098 T	0.00350	0.00090	0.9956
1099 A	0.00350	0.00105	0.99546
1100 A	0.00351	0.00115	0.99534
1101 T	0.00351	0.00116	0.99533
1102 T	0.00351	0.00124	0.99526
1103 A	0.00350	0.00131	0.99518
1104 T	0.00350	0.00134	0.99516
1105 T	0.00350	0.00135	0.99515
1106 T	0.00350	0.00141	0.9951
1107 A	0.00346	0.00155	0.99498
1108 G	0.00343	0.00176	0.99481
1109 C	0.00331	0.00218	0.99452
1110 A	0.00316	0.00347	0.99338
1111 G	0.00306	0.00409	0.99285
1112 G	0.00303	0.00451	0.99246
1113 A	0.00301	0.00500	0.99199
1114 A	0.00303	0.00523	0.99174
1115 G	0.00307	0.00530	0.99164
1116 T	0.00317	0.00529	0.99155
1117 G	0.00320	0.00534	0.99146
1118 A	0.00325	0.00535	0.9914
1119 A	0.00332	0.00531	0.99137
1120 A	0.00341	0.00523	0.99136
1121 T	0.00357	0.00507	0.99137
1122 A	0.00372	0.00491	0.99137
1123 T	0.00386	0.00476	0.99138
1124 C	0.00392	0.00470	0.99138
1125 T	0.00399	0.00466	0.99135
1126 C	0.00402	0.00468	0.9913
1127 A	0.00405	0.00474	0.9912
1128 A	0.00407	0.00482	0.99111
1129 A	0.00414	0.00485	0.991
1130 A	0.00433	0.00469	0.99098
1131 A	0.00468	0.00435	0.99097
1132 A	0.00524	0.00367	0.9911
1133 T	0.00651	0.00223	0.99126
1134 T	0.00705	0.00160	0.99136
1135 A	0.00728	0.00133	0.9914
1136 C	0.00757	0.00099	0.99143
1137 T	0.00773	0.00083	0.99144
1138 T	0.00779	0.00078	0.99143
1139 T	0.00780	0.00077	0.99144
1140 T	0.00777	0.00081	0.99143
1141 G	0.00766	0.00093	0.99141
1142 G	0.00755	0.00104	0.99141
1143 T	0.00751	0.00109	0.99139
1144 G	0.00739	0.00122	0.99139
1145 G	0.00734	0.00127	0.99139
1146 G	0.00733	0.00128	0.99139
1147 A	0.00734	0.00128	0.99138
1148 C	0.00739	0.00122	0.99139
1149 T	0.00746	0.00115	0.99139
1150 A	0.00754	0.00107	0.99139
1151 G	0.00763	0.00098	0.99139
1152 T	0.00773	0.00088	0.9914
1153 C	0.00777	0.00085	0.99139
1154 T	0.00780	0.00082	0.99138
1155 T	0.00781	0.00083	0.99137
1156 T	0.00781	0.00083	0.99136
1157 T	0.00781	0.00084	0.99135
1158 A	0.00780	0.00087	0.99132
1159 A	0.00780	0.00088	0.99131
1160 T	0.00781	0.00087	0.99132
1161 T	0.00781	0.00086	0.99133
1162 A	0.00781	0.00084	0.99135
1163 T	0.00783	0.00075	0.99142
1164 T	0.00783	0.00066	0.99151
1165 G	0.00782	0.00056	0.99163
1166 T	0.00783	0.00055	0.99161
1167 T	0.00783	0.00053	0.99164
1168 G	0.00780	0.00061	0.99159
1169 G	0.00778	0.00064	0.99158
1170 T	0.00778	0.00069	0.99154
1171 G	0.00775	0.00073	0.99152
1172 T	0.00772	0.00078	0.99151
1173 C	0.00765	0.00087	0.99148
1174 G	0.00762	0.00096	0.99143
1175 C	0.00761	0.00105	0.99135
1176 T	0.00759	0.00133	0.99108
1177 T	0.00755	0.00185	0.99061
1178 T	0.00740	0.00276	0.98984
1179 A	0.00717	0.00429	0.98855
1180 G	0.00710	0.00456	0.98835
1181 A	0.00705	0.00496	0.988
1182 A	0.00701	0.00536	0.98764
1183 T	0.00701	0.00569	0.9873
1184 C	0.00692	0.00641	0.98668
1185 G	0.00646	0.00739	0.98615
1186 A	0.00623	0.00880	0.98497
1187 T	0.00615	0.00947	0.98438
1188 A	0.00585	0.01054	0.98361
1189 C	0.00564	0.01144	0.98291
1190 A	0.00553	0.01285	0.98161
1191 A	0.00549	0.01385	0.98066
1192 G	0.00547	0.01443	0.9801
1193 A	0.00550	0.01482	0.97968
1194 T	0.00555	0.01507	0.97939
1195 A	0.00556	0.01578	0.97866
1196 T	0.00562	0.01628	0.9781
1197 G	0.00558	0.01756	0.97686
1198 A	0.00563	0.01819	0.97617
1199 A	0.00567	0.01895	0.97538
1200 A	0.00588	0.02007	0.97405
1201 G	0.00637	0.02008	0.97355
1202 C	0.00736	0.01948	0.97316
1203 A	0.00744	0.02094	0.97162
1204 A	0.00770	0.02198	0.97032
1205 A	0.00805	0.02230	0.96965
1206 A	0.00833	0.02270	0.96897
1207 A	0.00886	0.02310	0.96805
1208 A	0.00946	0.02260	0.96795
1209 T	0.01083	0.02165	0.96752
1210 A	0.01135	0.02263	0.96601
1211 A	0.01203	0.02370	0.96427
1212 T	0.01277	0.02291	0.96432
1213 G	0.01310	0.02266	0.96424
1214 T	0.01349	0.02241	0.9641
1215 T	0.01330	0.02275	0.96396
1216 C	0.01259	0.02357	0.96383
1217 A	0.01178	0.02472	0.9635
1218 A	0.01171	0.02493	0.96336
1219 A	0.01173	0.02498	0.96329
1220 G	0.01278	0.02389	0.96334
1221 A	0.01365	0.02300	0.96335
1222 A	0.01485	0.02162	0.96353
1223 T	0.01724	0.01901	0.96375
1224 T	0.01832	0.01778	0.9639
1225 T	0.01898	0.01701	0.96401
1226 A	0.01971	0.01616	0.96413
1227 T	0.02062	0.01512	0.96426
1228 A	0.02101	0.01465	0.96434
1229 A	0.02166	0.01383	0.96452
1230 T	0.02276	0.01253	0.96471
1231 A	0.02347	0.01166	0.96487
1232 A	0.02422	0.01080	0.96498
1233 A	0.02595	0.00877	0.96528
1234 T	0.02811	0.00618	0.96571
1235 T	0.02852	0.00535	0.96613
1236 T	0.02886	0.00432	0.96682
1237 T	0.02912	0.00355	0.96733
1238 T	0.02926	0.00279	0.96796
1239 T	0.02933	0.00197	0.9687
1240 T	0.02946	0.00111	0.96943
1241 A	0.02953	0.00056	0.96991
1242 A	0.02962	0.00000	0.97038
