# lcl|CP097583.1_cds_USQ93435.1_1
# AA	inside	membr	outside
1 A	0.40181	0.00000	0.5982
2 T	0.39947	0.00234	0.5982
3 G	0.39775	0.00406	0.5982
4 A	0.39775	0.16788	0.43437
5 A	0.38320	0.30734	0.30947
6 T	0.38320	0.32903	0.28778
7 G	0.18225	0.54542	0.27233
8 A	0.18225	0.54571	0.27205
9 A	0.15338	0.58047	0.26615
10 A	0.15318	0.73245	0.11438
11 A	0.14067	0.74939	0.10995
12 A	0.06905	0.82207	0.10888
13 A	0.01886	0.87466	0.10648
14 A	0.01885	0.87467	0.10648
15 A	0.01885	0.87802	0.10313
16 A	0.01852	0.87835	0.10313
17 A	0.01829	0.87861	0.1031
18 G	0.01828	0.87869	0.10303
19 G	0.01797	0.87910	0.10293
20 A	0.01686	0.88072	0.10243
21 T	0.01512	0.88234	0.10253
22 A	0.01548	0.88167	0.10285
23 A	0.01675	0.87801	0.10524
24 C	0.02127	0.87145	0.10728
25 G	0.02660	0.86056	0.11284
26 A	0.03463	0.84979	0.11557
27 C	0.18930	0.67964	0.13107
28 A	0.30236	0.55791	0.13974
29 A	0.33201	0.52622	0.14178
30 T	0.38620	0.31442	0.29938
31 A	0.39124	0.30447	0.30429
32 T	0.40928	0.25327	0.33745
33 T	0.49129	0.12684	0.38187
34 T	0.48604	0.11568	0.39828
35 C	0.47583	0.07928	0.44489
36 T	0.45484	0.13179	0.41337
37 A	0.43185	0.21120	0.35695
38 A	0.34019	0.34549	0.31433
39 A	0.19472	0.60769	0.19759
40 G	0.13494	0.68563	0.17943
41 A	0.11117	0.72652	0.1623
42 A	0.10003	0.74633	0.15364
43 A	0.09807	0.74917	0.15277
44 A	0.09470	0.76619	0.13911
45 A	0.09286	0.76834	0.1388
46 A	0.09238	0.76873	0.13889
47 T	0.09212	0.76854	0.13934
48 T	0.09109	0.76941	0.13949
49 A	0.08967	0.77246	0.13788
50 A	0.08904	0.77306	0.13791
51 A	0.08928	0.77172	0.139
52 G	0.08961	0.76952	0.14087
53 T	0.09055	0.76631	0.14314
54 A	0.09140	0.76131	0.14729
55 C	0.09270	0.75490	0.1524
56 A	0.09771	0.74703	0.15526
57 A	0.10941	0.72728	0.16331
58 A	0.12489	0.69896	0.17614
59 G	0.19358	0.60094	0.20548
60 T	0.26345	0.51043	0.22612
61 T	0.30961	0.36668	0.32371
62 A	0.38680	0.16632	0.44689
63 T	0.40595	0.09128	0.50278
64 T	0.42032	0.06288	0.51681
65 T	0.42385	0.06145	0.5147
66 A	0.41797	0.08556	0.49647
67 T	0.42259	0.09199	0.48542
68 T	0.40983	0.12075	0.46942
69 T	0.39819	0.13734	0.46446
70 A	0.35453	0.18961	0.45586
71 A	0.32502	0.22268	0.45231
72 T	0.31096	0.23680	0.45224
73 C	0.28478	0.26403	0.45119
74 C	0.25924	0.29447	0.44629
75 T	0.25104	0.30969	0.43926
76 A	0.24364	0.32872	0.42764
77 A	0.24050	0.33467	0.42482
78 A	0.23677	0.34012	0.42312
79 C	0.23360	0.34348	0.42293
80 A	0.23229	0.34542	0.4223
81 T	0.22797	0.35084	0.42119
82 A	0.22246	0.35710	0.42045
83 C	0.22307	0.35662	0.42031
84 T	0.22657	0.35363	0.4198
85 A	0.22937	0.35120	0.41943
86 T	0.23529	0.34508	0.41963
87 T	0.24050	0.34016	0.41933
88 A	0.24374	0.33780	0.41846
89 A	0.25443	0.32094	0.42462
90 A	0.26387	0.30718	0.42896
91 G	0.27741	0.27616	0.44643
92 A	0.28329	0.25720	0.4595
93 T	0.29479	0.20369	0.50152
94 T	0.29994	0.17067	0.52939
95 T	0.30113	0.15534	0.54352
96 A	0.30097	0.13663	0.5624
97 G	0.30346	0.11293	0.58361
98 C	0.30935	0.10001	0.59064
99 T	0.31567	0.09584	0.58849
100 A	0.31223	0.10561	0.58217
101 A	0.31182	0.10738	0.5808
102 T	0.31170	0.11006	0.57823
103 A	0.31141	0.11551	0.57308
104 T	0.31254	0.10858	0.57887
105 T	0.31237	0.10444	0.5832
106 T	0.31162	0.10563	0.58275
107 T	0.30928	0.11160	0.57912
108 A	0.29232	0.13263	0.57504
109 G	0.28152	0.14558	0.5729
110 A	0.27611	0.15298	0.57091
111 A	0.27473	0.15443	0.57084
112 A	0.27591	0.15064	0.57346
113 T	0.28253	0.14096	0.57651
114 T	0.28290	0.13943	0.57767
115 T	0.27715	0.14686	0.57598
116 C	0.26601	0.16106	0.57293
117 T	0.25848	0.17325	0.56828
118 A	0.25022	0.18619	0.56359
119 A	0.24748	0.18978	0.56274
120 T	0.24700	0.18954	0.56347
121 A	0.24566	0.19035	0.56398
122 T	0.25153	0.17988	0.56859
123 T	0.25684	0.16846	0.5747
124 G	0.25618	0.16675	0.57708
125 C	0.25835	0.16325	0.57839
126 T	0.26375	0.15854	0.57771
127 T	0.26470	0.15959	0.57571
128 T	0.26443	0.16256	0.57302
129 A	0.26184	0.17068	0.56748
130 A	0.26286	0.17317	0.56397
131 T	0.26598	0.15879	0.57523
132 T	0.26106	0.16339	0.57556
133 A	0.25131	0.17488	0.57381
134 A	0.24598	0.18227	0.57174
135 A	0.23966	0.19050	0.56983
136 A	0.23646	0.19615	0.56739
137 A	0.23564	0.19634	0.56802
138 A	0.24072	0.18465	0.57464
139 T	0.24693	0.16731	0.58577
140 T	0.25047	0.16598	0.58355
141 T	0.24992	0.17757	0.5725
142 A	0.24292	0.21495	0.54214
143 T	0.23932	0.23099	0.52969
144 A	0.20507	0.28328	0.51165
145 G	0.18399	0.30502	0.51099
146 A	0.17193	0.31654	0.51153
147 A	0.16038	0.32471	0.51491
148 G	0.15096	0.33085	0.51819
149 C	0.14551	0.33398	0.52051
150 A	0.14480	0.33815	0.51706
151 G	0.14690	0.33910	0.51401
152 G	0.15189	0.33920	0.5089
153 G	0.15731	0.33786	0.50483
154 A	0.16246	0.33688	0.50065
155 T	0.17224	0.32109	0.50667
156 T	0.17602	0.31022	0.51376
157 A	0.17500	0.30487	0.52012
158 A	0.17390	0.30049	0.52562
159 A	0.17211	0.29904	0.52886
160 A	0.17313	0.29571	0.53116
161 C	0.17593	0.28983	0.53425
162 A	0.17970	0.28648	0.53383
163 A	0.19129	0.27426	0.53445
164 A	0.21141	0.25259	0.536
165 T	0.24412	0.21506	0.54083
166 A	0.25335	0.20601	0.54065
167 T	0.26529	0.16156	0.57315
168 T	0.26278	0.14429	0.59292
169 A	0.25228	0.14476	0.60296
170 A	0.24470	0.14190	0.6134
171 T	0.24149	0.13648	0.62202
172 C	0.23932	0.13311	0.62758
173 A	0.24263	0.13008	0.6273
174 A	0.24914	0.12399	0.62688
175 T	0.25798	0.11603	0.62599
176 T	0.26201	0.11846	0.61953
177 T	0.25616	0.13256	0.61128
178 G	0.24947	0.13837	0.61217
179 T	0.24946	0.13769	0.61285
180 A	0.24677	0.13822	0.61502
181 A	0.24217	0.14099	0.61683
182 C	0.23885	0.14086	0.6203
183 T	0.23231	0.14981	0.61788
184 A	0.20714	0.18022	0.61264
185 A	0.19035	0.19871	0.61094
186 A	0.17780	0.21490	0.60729
187 G	0.17607	0.21834	0.60559
188 A	0.17728	0.21826	0.60446
189 A	0.18020	0.21321	0.60659
190 A	0.18432	0.19948	0.61621
191 T	0.18738	0.19050	0.62212
192 T	0.18825	0.17925	0.63249
193 G	0.18744	0.17331	0.63925
194 C	0.18731	0.16873	0.64397
195 T	0.18690	0.16666	0.64644
196 A	0.18460	0.16896	0.64645
197 A	0.18399	0.16909	0.64692
198 C	0.18518	0.16723	0.64759
199 A	0.19092	0.16169	0.64739
200 T	0.19895	0.14391	0.65714
201 G	0.19946	0.13678	0.66376
202 T	0.20121	0.13702	0.66176
203 T	0.20165	0.14362	0.65473
204 A	0.20134	0.16540	0.63325
205 A	0.19934	0.16444	0.63622
206 A	0.20076	0.15486	0.64438
207 T	0.20531	0.12645	0.66824
208 A	0.20572	0.11089	0.68338
209 C	0.20890	0.09537	0.69573
210 G	0.21065	0.09306	0.69629
211 A	0.21348	0.09098	0.69553
212 T	0.21656	0.08775	0.69569
213 T	0.21702	0.08761	0.69537
214 T	0.21685	0.08856	0.6946
215 T	0.21623	0.09000	0.69377
216 A	0.21529	0.09300	0.6917
217 G	0.21503	0.09358	0.69139
218 A	0.21505	0.09208	0.69288
219 T	0.21579	0.08790	0.69631
220 A	0.21597	0.08548	0.69854
221 T	0.21685	0.08316	0.69999
222 C	0.21751	0.08172	0.70077
223 G	0.21837	0.08158	0.70005
224 A	0.22008	0.07976	0.70015
225 A	0.22403	0.07556	0.70042
226 G	0.23237	0.06673	0.7009
227 T	0.25902	0.03964	0.70133
228 T	0.26166	0.03559	0.70274
229 A	0.26101	0.03919	0.6998
230 T	0.26161	0.04180	0.6966
231 T	0.25975	0.04600	0.69425
232 T	0.25796	0.05159	0.69046
233 T	0.25338	0.06093	0.68569
234 T	0.24769	0.06978	0.68253
235 A	0.24053	0.07745	0.68201
236 A	0.23686	0.08130	0.68184
237 A	0.22695	0.09081	0.68224
238 T	0.21986	0.09705	0.68309
239 C	0.20474	0.11128	0.68398
240 T	0.19704	0.11887	0.68409
241 C	0.18130	0.13452	0.68419
242 C	0.16958	0.14634	0.68407
243 A	0.16239	0.15386	0.68376
244 T	0.15582	0.16093	0.68326
245 C	0.14422	0.17272	0.68307
246 T	0.13239	0.18550	0.68211
247 A	0.11349	0.20547	0.68104
248 A	0.10599	0.21310	0.68091
249 A	0.10296	0.21609	0.68095
250 G	0.10134	0.21753	0.68114
251 A	0.10247	0.21505	0.68248
252 A	0.10919	0.20480	0.68601
253 T	0.11648	0.19259	0.69092
254 C	0.11959	0.18297	0.69744
255 T	0.12229	0.17844	0.69927
256 T	0.12201	0.17683	0.70116
257 T	0.11797	0.17955	0.70248
258 A	0.10544	0.19270	0.70185
259 A	0.10128	0.19634	0.70238
260 A	0.09813	0.18963	0.71224
261 T	0.09473	0.18235	0.72292
262 A	0.09138	0.17209	0.73652
263 A	0.08944	0.17003	0.74053
264 A	0.08609	0.16663	0.74728
265 G	0.08413	0.16468	0.7512
266 A	0.08418	0.17191	0.74391
267 T	0.08485	0.16742	0.74774
268 A	0.08478	0.17452	0.7407
269 T	0.08550	0.17095	0.74356
270 T	0.08537	0.17190	0.74274
271 A	0.07929	0.19682	0.72388
272 A	0.07522	0.21163	0.71315
273 A	0.06399	0.22800	0.70801
274 A	0.05746	0.23829	0.70426
275 A	0.05074	0.24657	0.70268
276 A	0.04370	0.25451	0.70179
277 G	0.04233	0.25369	0.70398
278 A	0.04242	0.25162	0.70596
279 A	0.04315	0.24769	0.70917
280 A	0.04497	0.23981	0.71522
281 C	0.04785	0.22495	0.7272
282 A	0.04834	0.22217	0.72948
283 A	0.04971	0.21928	0.73101
284 C	0.05120	0.21498	0.73382
285 A	0.05543	0.21059	0.73399
286 G	0.06230	0.20267	0.73503
287 A	0.07203	0.18989	0.73808
288 C	0.08590	0.17359	0.74052
289 T	0.10490	0.15435	0.74074
290 C	0.11467	0.14387	0.74146
291 T	0.13601	0.12278	0.74122
292 A	0.14278	0.11642	0.7408
293 A	0.15287	0.10620	0.74093
294 T	0.17169	0.08165	0.74666
295 T	0.18040	0.06948	0.75012
296 T	0.18116	0.05651	0.76232
297 A	0.17044	0.06077	0.7688
298 A	0.16747	0.05691	0.77562
299 C	0.16551	0.05167	0.78282
300 T	0.16042	0.05617	0.78341
301 A	0.15407	0.06244	0.78349
302 A	0.15138	0.06487	0.78375
303 A	0.14344	0.07263	0.78393
304 A	0.14107	0.07469	0.78425
305 G	0.14023	0.07300	0.78677
306 A	0.14101	0.07054	0.78845
307 G	0.14169	0.06786	0.79045
308 T	0.14356	0.06455	0.79189
309 T	0.14373	0.06347	0.7928
310 C	0.14369	0.06294	0.79337
311 C	0.14376	0.06282	0.79342
312 T	0.14393	0.06284	0.79324
313 A	0.14402	0.06289	0.79308
314 T	0.14451	0.06241	0.79308
315 T	0.14497	0.06196	0.79308
316 G	0.14424	0.06215	0.79361
317 T	0.14407	0.05989	0.79605
318 A	0.14368	0.05740	0.79891
319 A	0.14353	0.05255	0.80392
320 C	0.14374	0.03779	0.81846
321 T	0.14420	0.03335	0.82245
322 A	0.14426	0.03095	0.82478
323 T	0.14468	0.02670	0.82861
324 T	0.14442	0.02384	0.83174
325 A	0.14302	0.02456	0.83242
326 T	0.14159	0.01884	0.83958
327 G	0.13694	0.02129	0.84177
328 G	0.13572	0.02200	0.84228
329 G	0.13500	0.02200	0.84299
330 G	0.13437	0.02249	0.84314
331 C	0.13426	0.02281	0.84293
332 A	0.13424	0.02344	0.84231
333 C	0.13426	0.02361	0.84212
334 G	0.13432	0.02452	0.84116
335 T	0.13451	0.02575	0.83974
336 T	0.13438	0.02602	0.8396
337 G	0.13405	0.02638	0.83957
338 A	0.13376	0.02684	0.8394
339 T	0.13343	0.02625	0.84032
340 C	0.13201	0.02756	0.84044
341 A	0.13064	0.02926	0.84009
342 T	0.12985	0.03073	0.83943
343 G	0.12825	0.03280	0.83894
344 G	0.12685	0.03491	0.83825
345 A	0.12545	0.03751	0.83703
346 A	0.12518	0.03752	0.83729
347 A	0.12566	0.03630	0.83804
348 A	0.12657	0.03376	0.83968
349 A	0.12786	0.03068	0.84146
350 C	0.12891	0.02505	0.84603
351 T	0.13049	0.02261	0.8469
352 A	0.13093	0.02175	0.84733
353 C	0.13147	0.02081	0.84772
354 T	0.13231	0.02025	0.84744
355 T	0.13285	0.01999	0.84716
356 T	0.13281	0.02015	0.84704
357 A	0.13289	0.02031	0.8468
358 T	0.13378	0.01971	0.84651
359 T	0.13364	0.01989	0.84646
360 A	0.13230	0.02091	0.8468
361 G	0.13188	0.02074	0.84737
362 A	0.13034	0.02181	0.84786
363 T	0.12969	0.02071	0.8496
364 G	0.12859	0.02074	0.85067
365 T	0.12834	0.02041	0.85125
366 A	0.12665	0.02173	0.85162
367 A	0.12575	0.02207	0.85219
368 T	0.12550	0.02118	0.85333
369 T	0.12343	0.02276	0.85381
370 A	0.11768	0.02844	0.85388
371 G	0.11205	0.03393	0.85402
372 A	0.10814	0.03791	0.85395
373 C	0.10462	0.04136	0.85402
374 A	0.10275	0.04334	0.8539
375 A	0.10175	0.04430	0.85396
376 A	0.10124	0.04473	0.85402
377 C	0.10154	0.04428	0.85418
378 T	0.10189	0.04386	0.85424
379 C	0.10207	0.04323	0.85469
380 G	0.10233	0.04276	0.8549
381 T	0.10275	0.04234	0.85491
382 T	0.10298	0.04231	0.8547
383 T	0.10291	0.04159	0.8555
384 A	0.10232	0.04216	0.85553
385 G	0.10202	0.04048	0.8575
386 T	0.10195	0.03922	0.85883
387 A	0.10147	0.03834	0.8602
388 G	0.10151	0.03682	0.86167
389 A	0.10203	0.03462	0.86336
390 T	0.10262	0.03255	0.86484
391 A	0.10259	0.03181	0.8656
392 A	0.10254	0.03007	0.86739
393 A	0.10260	0.02484	0.87256
394 G	0.10266	0.01939	0.87795
395 A	0.10270	0.01584	0.88146
396 G	0.10262	0.01247	0.88491
397 T	0.10271	0.01077	0.88652
398 T	0.10243	0.01014	0.88743
399 C	0.10151	0.01069	0.8878
400 G	0.10065	0.01212	0.88724
401 G	0.09989	0.01389	0.88621
402 A	0.09950	0.01835	0.88215
403 G	0.09928	0.02243	0.87829
404 G	0.09931	0.02446	0.87623
405 G	0.09962	0.02567	0.87471
406 A	0.09998	0.02564	0.87438
407 T	0.10053	0.02468	0.87479
408 T	0.10042	0.02447	0.87511
409 A	0.09964	0.02516	0.8752
410 C	0.09894	0.02547	0.8756
411 A	0.09760	0.02682	0.87559
412 C	0.09684	0.02750	0.87565
413 A	0.09630	0.02813	0.87557
414 A	0.09624	0.02819	0.87557
415 C	0.09637	0.02801	0.87562
416 A	0.09645	0.02788	0.87567
417 T	0.09675	0.02751	0.87574
418 A	0.09655	0.02750	0.87594
419 T	0.09657	0.02722	0.87621
420 C	0.09642	0.02720	0.87638
421 G	0.09624	0.02692	0.87684
422 G	0.09636	0.02591	0.87774
423 A	0.09703	0.02454	0.87844
424 G	0.09816	0.02282	0.87902
425 C	0.10276	0.01793	0.8793
426 T	0.10705	0.01339	0.87956
427 T	0.10867	0.01169	0.87964
428 A	0.10943	0.01099	0.87959
429 T	0.10970	0.01076	0.87954
430 G	0.10962	0.01118	0.87919
431 A	0.10843	0.01303	0.87854
432 A	0.10770	0.01387	0.87844
433 A	0.10761	0.01329	0.8791
434 T	0.10762	0.01185	0.88054
435 T	0.10712	0.01197	0.88091
436 G	0.10637	0.01324	0.88038
437 T	0.10607	0.01405	0.87988
438 T	0.10555	0.01505	0.8794
439 T	0.10496	0.01607	0.87897
440 A	0.10460	0.01696	0.87844
441 T	0.10417	0.01765	0.87818
442 G	0.10347	0.01867	0.87787
443 A	0.10299	0.01977	0.87724
444 T	0.10267	0.01996	0.87737
445 A	0.09936	0.02349	0.87715
446 A	0.09802	0.02487	0.87711
447 T	0.09670	0.02623	0.87706
448 C	0.09479	0.02842	0.87679
449 A	0.09342	0.03014	0.87644
450 A	0.09309	0.03071	0.8762
451 A	0.09316	0.03077	0.87607
452 A	0.09329	0.03070	0.87601
453 A	0.09373	0.03023	0.87604
454 A	0.09488	0.02765	0.87747
455 T	0.09621	0.02536	0.87843
456 A	0.09673	0.02438	0.87889
457 A	0.09718	0.02352	0.87929
458 C	0.09808	0.02159	0.88033
459 T	0.09963	0.01931	0.88106
460 T	0.10051	0.01802	0.88146
461 T	0.10077	0.01752	0.88171
462 C	0.10052	0.01769	0.8818
463 A	0.10068	0.01933	0.87999
464 T	0.10097	0.01934	0.87968
465 A	0.10103	0.01923	0.87974
466 G	0.10154	0.01848	0.87998
467 A	0.10166	0.01832	0.88002
468 T	0.10200	0.01426	0.88374
469 A	0.10210	0.01269	0.88521
470 G	0.10230	0.01090	0.8868
471 T	0.10272	0.00885	0.88842
472 C	0.10297	0.00744	0.88959
473 C	0.10314	0.00713	0.88973
474 A	0.10326	0.00703	0.88971
475 G	0.10337	0.00691	0.88972
476 G	0.10345	0.00685	0.8897
477 T	0.10350	0.00690	0.88961
478 C	0.10349	0.00699	0.88952
479 A	0.10350	0.00710	0.88941
480 T	0.10355	0.00707	0.88937
481 G	0.10356	0.00705	0.88939
482 A	0.10359	0.00701	0.8894
483 A	0.10375	0.00681	0.88944
484 G	0.10406	0.00611	0.88983
485 C	0.10464	0.00483	0.89053
486 T	0.10669	0.00265	0.89066
487 T	0.10736	0.00192	0.89072
488 T	0.10762	0.00155	0.89083
489 T	0.10766	0.00144	0.8909
490 T	0.10768	0.00140	0.89093
491 C	0.10758	0.00141	0.891
492 T	0.10740	0.00159	0.89101
493 C	0.10708	0.00201	0.89091
494 A	0.10660	0.00298	0.89041
495 A	0.10536	0.00430	0.89034
496 A	0.10456	0.00512	0.89031
497 T	0.10408	0.00560	0.89033
498 G	0.10291	0.00681	0.89028
499 C	0.10276	0.00692	0.89032
500 G	0.10277	0.00692	0.89031
501 T	0.10284	0.00682	0.89034
502 T	0.10281	0.00686	0.89033
503 C	0.10262	0.00706	0.89032
504 T	0.10162	0.00819	0.89019
505 C	0.09938	0.01054	0.89009
506 G	0.09725	0.01285	0.8899
507 A	0.09575	0.01452	0.88973
508 G	0.09501	0.01528	0.8897
509 G	0.09454	0.01576	0.88969
510 A	0.09435	0.01599	0.88966
511 G	0.09421	0.01607	0.88972
512 C	0.09414	0.01608	0.88978
513 A	0.09409	0.01612	0.88979
514 A	0.09410	0.01605	0.88985
515 A	0.09408	0.01593	0.88999
516 A	0.09417	0.01559	0.89024
517 G	0.09456	0.01479	0.89065
518 T	0.09463	0.01335	0.89201
519 A	0.09458	0.01258	0.89284
520 A	0.09455	0.01200	0.89345
521 C	0.09457	0.01077	0.89466
522 T	0.09455	0.01061	0.89484
523 G	0.09453	0.01055	0.89493
524 A	0.09455	0.01047	0.89498
525 T	0.09462	0.01022	0.89516
526 A	0.09468	0.00996	0.89536
527 T	0.09489	0.00825	0.89686
528 T	0.09501	0.00580	0.89919
529 T	0.09510	0.00368	0.90122
530 G	0.09515	0.00237	0.90248
531 T	0.09514	0.00168	0.90318
532 C	0.09509	0.00141	0.90351
533 T	0.09511	0.00136	0.90353
534 T	0.09509	0.00138	0.90354
535 T	0.09504	0.00155	0.90341
536 T	0.09498	0.00186	0.90316
537 A	0.09486	0.00261	0.90253
538 G	0.09480	0.00284	0.90236
539 T	0.09478	0.00315	0.90207
540 A	0.09468	0.00366	0.90166
541 A	0.09456	0.00384	0.90161
542 T	0.09451	0.00390	0.90159
543 T	0.09445	0.00407	0.90149
544 G	0.09437	0.00413	0.90149
545 C	0.09436	0.00411	0.90152
546 T	0.09436	0.00416	0.90148
547 G	0.09432	0.00430	0.90138
548 C	0.09429	0.00453	0.90118
549 T	0.09410	0.00546	0.90044
550 G	0.09391	0.00705	0.89904
551 A	0.09331	0.00815	0.89854
552 T	0.09265	0.00940	0.89795
553 G	0.09167	0.01074	0.89758
554 A	0.09117	0.01145	0.89738
555 C	0.08965	0.01301	0.89734
556 G	0.08811	0.01558	0.89631
557 G	0.08693	0.01835	0.89472
558 A	0.08602	0.02081	0.89318
559 G	0.08593	0.02286	0.89121
560 T	0.08631	0.02406	0.88964
561 A	0.08607	0.02473	0.8892
562 A	0.08614	0.02465	0.8892
563 A	0.08640	0.02432	0.88928
564 A	0.08634	0.02425	0.88941
565 C	0.08631	0.02417	0.88951
566 C	0.08636	0.02412	0.88952
567 T	0.08636	0.02432	0.88932
568 C	0.08606	0.02468	0.88927
569 A	0.08578	0.02504	0.88918
570 A	0.08564	0.02522	0.88913
571 A	0.08580	0.02507	0.88913
572 C	0.08647	0.02417	0.88935
573 A	0.08777	0.02278	0.88945
574 A	0.08842	0.02143	0.89015
575 T	0.08938	0.01964	0.89098
576 T	0.08989	0.01830	0.89181
577 G	0.08998	0.01789	0.89214
578 A	0.08977	0.01663	0.8936
579 A	0.09038	0.01441	0.89521
580 T	0.09199	0.01136	0.89664
581 C	0.09312	0.00908	0.8978
582 T	0.09473	0.00761	0.89766
583 G	0.09536	0.00784	0.8968
584 T	0.09537	0.00935	0.89529
585 G	0.09356	0.01184	0.8946
586 A	0.09247	0.01353	0.894
587 A	0.09026	0.01633	0.89341
588 A	0.08817	0.01912	0.8927
589 C	0.08709	0.02013	0.89278
590 A	0.08564	0.02223	0.89213
591 T	0.08414	0.02356	0.8923
592 G	0.08141	0.02622	0.89237
593 C	0.07970	0.02795	0.89235
594 T	0.07677	0.03151	0.89172
595 C	0.07280	0.03590	0.8913
596 A	0.06820	0.04123	0.89057
597 A	0.06556	0.04458	0.88986
598 G	0.06432	0.04589	0.88979
599 A	0.06394	0.04629	0.88977
600 A	0.06382	0.04628	0.88989
601 G	0.06389	0.04550	0.89061
602 C	0.06407	0.04470	0.89122
603 T	0.06428	0.04440	0.89132
604 C	0.06410	0.04449	0.89141
605 A	0.06417	0.04450	0.89134
606 A	0.06459	0.04404	0.89137
607 G	0.06555	0.04299	0.89146
608 T	0.06628	0.04087	0.89284
609 A	0.06629	0.04025	0.89346
610 G	0.06659	0.03759	0.89582
611 A	0.06706	0.03551	0.89742
612 A	0.06684	0.03476	0.8984
613 A	0.06745	0.03220	0.90034
614 T	0.06797	0.02911	0.90292
615 T	0.06826	0.02604	0.90569
616 A	0.06841	0.02419	0.9074
617 T	0.06902	0.02016	0.91082
618 T	0.06900	0.01659	0.9144
619 G	0.06870	0.01313	0.91818
620 T	0.06872	0.01134	0.91993
621 C	0.06754	0.01204	0.92042
622 G	0.06718	0.01414	0.91867
623 T	0.06704	0.01556	0.9174
624 T	0.06664	0.01840	0.91496
625 A	0.06558	0.02245	0.91197
626 T	0.06526	0.02387	0.91087
627 T	0.06316	0.02776	0.90908
628 A	0.05937	0.03502	0.90562
629 A	0.05762	0.03808	0.9043
630 T	0.05553	0.04067	0.90381
631 A	0.05223	0.04584	0.90193
632 A	0.04923	0.05032	0.90046
633 A	0.04545	0.05531	0.89924
634 A	0.04288	0.05951	0.89761
635 T	0.04142	0.06196	0.89662
636 A	0.03827	0.06820	0.89352
637 G	0.03557	0.07334	0.89108
638 A	0.03348	0.07977	0.88675
639 T	0.03144	0.08517	0.88339
640 A	0.02738	0.09038	0.88225
641 A	0.02581	0.09210	0.88209
642 A	0.02461	0.09311	0.88228
643 A	0.02421	0.09300	0.88278
644 C	0.02473	0.09125	0.88402
645 T	0.02647	0.08962	0.88391
646 A	0.02668	0.08970	0.88362
647 A	0.02845	0.08813	0.88342
648 T	0.03081	0.08546	0.88374
649 A	0.03023	0.08688	0.88289
650 A	0.03092	0.08422	0.88486
651 T	0.03306	0.07935	0.88759
652 A	0.03231	0.08061	0.88708
653 A	0.03145	0.08152	0.88704
654 A	0.03176	0.07988	0.88835
655 A	0.03261	0.07721	0.89018
656 A	0.03325	0.07343	0.89332
657 A	0.03479	0.06895	0.89626
658 G	0.03668	0.06487	0.89845
659 A	0.04036	0.05854	0.9011
660 A	0.04308	0.05331	0.90361
661 A	0.04759	0.04647	0.90594
662 G	0.05114	0.04002	0.90884
663 T	0.05320	0.03434	0.91246
664 A	0.05367	0.03241	0.91393
665 T	0.05422	0.03037	0.91541
666 T	0.05436	0.02949	0.91616
667 A	0.05407	0.02990	0.91603
668 T	0.05428	0.02898	0.91674
669 G	0.05426	0.02802	0.91773
670 A	0.05457	0.02736	0.91808
671 G	0.05520	0.02612	0.91869
672 T	0.05670	0.02360	0.91971
673 G	0.05732	0.02247	0.92021
674 A	0.05879	0.02058	0.92063
675 T	0.06157	0.01647	0.92195
676 T	0.06352	0.01336	0.92312
677 T	0.06452	0.01143	0.92404
678 A	0.06502	0.01043	0.92454
679 T	0.06542	0.00927	0.92531
680 C	0.06533	0.00880	0.92588
681 T	0.06493	0.00936	0.92572
682 A	0.06364	0.01120	0.92516
683 A	0.06311	0.01218	0.92472
684 T	0.06289	0.01251	0.9246
685 T	0.06193	0.01368	0.9244
686 T	0.06069	0.01514	0.92416
687 A	0.05943	0.01663	0.92393
688 G	0.05927	0.01703	0.9237
689 G	0.05946	0.01699	0.92355
690 T	0.06023	0.01632	0.92345
691 T	0.06049	0.01608	0.92343
692 T	0.06066	0.01579	0.92355
693 A	0.06062	0.01577	0.92361
694 A	0.06058	0.01571	0.92371
695 C	0.06068	0.01549	0.92384
696 T	0.06086	0.01528	0.92385
697 C	0.06100	0.01514	0.92385
698 C	0.06108	0.01515	0.92376
699 T	0.06101	0.01551	0.92348
700 G	0.06080	0.01621	0.92299
701 A	0.06069	0.01739	0.92192
702 A	0.06059	0.01798	0.92144
703 G	0.06058	0.01827	0.92114
704 A	0.06074	0.01770	0.92156
705 A	0.06091	0.01592	0.92317
706 T	0.06108	0.01437	0.92454
707 G	0.06044	0.01421	0.92535
708 G	0.06016	0.01415	0.92569
709 G	0.06004	0.01696	0.92301
710 G	0.06023	0.01820	0.92157
711 T	0.06035	0.02193	0.91772
712 G	0.06014	0.02530	0.91455
713 G	0.06027	0.02761	0.91212
714 T	0.06024	0.03048	0.90928
715 A	0.06011	0.03120	0.90869
716 A	0.05998	0.03154	0.90848
717 A	0.05993	0.03182	0.90825
718 A	0.05996	0.03163	0.9084
719 C	0.06007	0.03127	0.90866
720 T	0.06022	0.03104	0.90875
721 G	0.06029	0.03089	0.90882
722 C	0.06051	0.03062	0.90886
723 A	0.06086	0.03031	0.90884
724 T	0.06187	0.02929	0.90885
725 A	0.06207	0.02903	0.9089
726 T	0.06241	0.02863	0.90895
727 A	0.06197	0.02908	0.90895
728 T	0.06179	0.02870	0.9095
729 A	0.06106	0.02900	0.90995
730 G	0.06082	0.02843	0.91076
731 G	0.06179	0.02717	0.91104
732 T	0.06748	0.02138	0.91113
733 A	0.07012	0.01865	0.91122
734 T	0.07542	0.01309	0.91149
735 T	0.07722	0.01106	0.91172
736 T	0.07743	0.01069	0.91187
737 C	0.07646	0.01156	0.91197
738 A	0.07535	0.01284	0.91181
739 G	0.07482	0.01354	0.91165
740 C	0.07463	0.01389	0.91148
741 T	0.07413	0.01537	0.9105
742 T	0.07213	0.01906	0.9088
743 T	0.06590	0.02775	0.90635
744 A	0.05102	0.04513	0.90386
745 A	0.04409	0.05327	0.90263
746 A	0.03562	0.06269	0.90168
747 A	0.03263	0.06596	0.90141
748 A	0.03089	0.06770	0.9014
749 A	0.02911	0.06947	0.90142
750 A	0.02715	0.07105	0.90179
751 G	0.02462	0.07352	0.90186
752 A	0.02273	0.07595	0.90133
753 A	0.02227	0.07739	0.90034
754 G	0.02217	0.07789	0.89994
755 G	0.02232	0.07816	0.89952
756 A	0.02231	0.07904	0.89865
757 A	0.02239	0.07912	0.89849
758 T	0.02255	0.07848	0.89898
759 A	0.02241	0.07797	0.89962
760 G	0.02241	0.07647	0.90111
761 A	0.02260	0.07498	0.90242
762 T	0.02310	0.07302	0.90387
763 G	0.02341	0.07152	0.90506
764 A	0.02459	0.06893	0.90647
765 A	0.02637	0.06469	0.90894
766 T	0.02894	0.05519	0.91587
767 T	0.03077	0.04022	0.92901
768 A	0.03147	0.03410	0.93442
769 T	0.03226	0.02558	0.94216
770 T	0.03248	0.02344	0.94408
771 A	0.03249	0.02212	0.94539
772 A	0.03271	0.02037	0.94693
773 A	0.03309	0.01825	0.94866
774 A	0.03359	0.01532	0.95109
775 C	0.03508	0.01186	0.95306
776 T	0.03712	0.01031	0.95257
777 T	0.03797	0.01044	0.95158
778 A	0.03830	0.01227	0.94943
779 T	0.03914	0.01331	0.94755
780 T	0.03938	0.01821	0.94241
781 T	0.03921	0.02860	0.93219
782 T	0.03871	0.03347	0.92782
783 A	0.03720	0.04277	0.92004
784 T	0.03648	0.04629	0.91724
785 T	0.03560	0.04910	0.9153
786 A	0.03430	0.05328	0.91242
787 A	0.03352	0.05580	0.91068
788 T	0.03331	0.05627	0.91042
789 T	0.03258	0.05750	0.90992
790 A	0.03209	0.05876	0.90915
791 G	0.03160	0.05939	0.909
792 C	0.03154	0.05990	0.90856
793 G	0.03167	0.06180	0.90652
794 A	0.03167	0.06308	0.90525
795 A	0.03160	0.06376	0.90464
796 A	0.03188	0.06380	0.90432
797 T	0.03230	0.06356	0.90414
798 G	0.03208	0.06402	0.90391
799 A	0.03290	0.06367	0.90343
800 A	0.03420	0.06254	0.90325
801 A	0.03671	0.06015	0.90315
802 A	0.03950	0.05736	0.90314
803 A	0.04648	0.05041	0.90312
804 T	0.05793	0.03841	0.90366
805 A	0.06157	0.03397	0.90446
806 T	0.06764	0.02586	0.9065
807 T	0.06737	0.02510	0.90753
808 C	0.06457	0.02711	0.90831
809 A	0.06207	0.02916	0.90876
810 A	0.05904	0.03163	0.90933
811 A	0.05653	0.03368	0.90979
812 C	0.05522	0.03422	0.91056
813 T	0.05591	0.03358	0.91052
814 G	0.05500	0.03470	0.9103
815 A	0.05400	0.03722	0.90878
816 T	0.05458	0.03777	0.90764
817 T	0.05410	0.03835	0.90754
818 T	0.05259	0.03955	0.90785
819 A	0.05058	0.04157	0.90784
820 A	0.04936	0.04267	0.90796
821 C	0.04852	0.04299	0.90848
822 T	0.04802	0.04343	0.90854
823 A	0.04713	0.04434	0.90852
824 A	0.04632	0.04514	0.90854
825 A	0.04581	0.04562	0.90857
826 A	0.04559	0.04579	0.90862
827 T	0.04545	0.04506	0.90949
828 A	0.04521	0.04438	0.91041
829 G	0.04518	0.04296	0.91186
830 T	0.04522	0.03996	0.91481
831 T	0.04514	0.03673	0.91813
832 A	0.04495	0.03392	0.92113
833 A	0.04491	0.03072	0.92437
834 G	0.04485	0.02777	0.92739
835 G	0.04491	0.02546	0.92962
836 G	0.04530	0.02407	0.93062
837 A	0.04617	0.02183	0.932
838 G	0.04786	0.01830	0.93384
839 T	0.04926	0.01514	0.9356
840 T	0.04954	0.01349	0.93696
841 G	0.04964	0.01207	0.93828
842 T	0.04982	0.01097	0.93921
843 T	0.04984	0.01091	0.93924
844 T	0.04965	0.01358	0.93677
845 T	0.04925	0.01627	0.93448
846 A	0.04848	0.02055	0.93097
847 G	0.04774	0.02124	0.93102
848 A	0.04712	0.02213	0.93074
849 A	0.04668	0.02279	0.93053
850 G	0.04640	0.02351	0.93009
851 C	0.04647	0.02369	0.92985
852 T	0.04661	0.02523	0.92816
853 A	0.04668	0.02753	0.92578
854 G	0.04681	0.02827	0.92492
855 T	0.04709	0.02868	0.92423
856 T	0.04719	0.02988	0.92293
857 T	0.04723	0.03162	0.92114
858 A	0.04721	0.03462	0.91818
859 A	0.04727	0.03721	0.91552
860 A	0.04740	0.03855	0.91405
861 T	0.04759	0.03990	0.91251
862 A	0.04771	0.04229	0.90999
863 A	0.04797	0.04305	0.90898
864 A	0.04853	0.04298	0.90848
865 A	0.04953	0.04219	0.90828
866 A	0.05096	0.04082	0.90821
867 T	0.05479	0.03686	0.90835
868 A	0.05739	0.03398	0.90863
869 A	0.06089	0.02995	0.90917
870 A	0.06173	0.02843	0.90984
871 G	0.06271	0.02677	0.91053
872 G	0.06367	0.02538	0.91095
873 T	0.06523	0.02354	0.91124
874 C	0.06599	0.02269	0.91132
875 C	0.06767	0.02100	0.91134
876 T	0.07014	0.01853	0.91133
877 T	0.07110	0.01758	0.91133
878 C	0.07162	0.01706	0.91132
879 G	0.07247	0.01626	0.91127
880 G	0.07415	0.01461	0.91125
881 C	0.07694	0.01179	0.91126
882 T	0.07964	0.00929	0.91108
883 A	0.08084	0.00823	0.91093
884 C	0.08243	0.00667	0.9109
885 T	0.08470	0.00454	0.91077
886 T	0.08537	0.00397	0.91066
887 T	0.08512	0.00422	0.91065
888 A	0.08388	0.00547	0.91065
889 A	0.08331	0.00603	0.91066
890 T	0.08294	0.00634	0.91073
891 C	0.08142	0.00779	0.91079
892 A	0.08055	0.00865	0.9108
893 C	0.07985	0.00933	0.91082
894 T	0.07944	0.00973	0.91083
895 T	0.07863	0.01055	0.91082
896 C	0.07711	0.01208	0.91082
897 T	0.07631	0.01289	0.9108
898 C	0.07480	0.01444	0.91076
899 A	0.07340	0.01591	0.91069
900 A	0.07226	0.01708	0.91065
901 G	0.07179	0.01755	0.91067
902 G	0.07173	0.01744	0.91083
903 G	0.07174	0.01740	0.91087
904 A	0.07183	0.01716	0.91102
905 T	0.07213	0.01662	0.91126
906 T	0.07226	0.01633	0.91141
907 T	0.07206	0.01648	0.91146
908 T	0.07158	0.01700	0.91143
909 A	0.07058	0.01847	0.91095
910 A	0.07005	0.01875	0.9112
911 A	0.06955	0.01830	0.91215
912 A	0.06920	0.01816	0.91264
913 A	0.06893	0.01797	0.9131
914 T	0.06877	0.01652	0.91471
915 A	0.06837	0.01637	0.91525
916 G	0.06813	0.01589	0.91597
917 G	0.06805	0.01562	0.91633
918 T	0.06798	0.01514	0.91688
919 G	0.06784	0.01490	0.91725
920 A	0.06779	0.01449	0.91771
921 T	0.06778	0.01341	0.91881
922 G	0.06779	0.01253	0.91968
923 T	0.06782	0.01183	0.92035
924 C	0.06778	0.01170	0.92053
925 A	0.06777	0.01274	0.91948
926 T	0.06780	0.01305	0.91914
927 A	0.06771	0.01355	0.91874
928 A	0.06769	0.01420	0.91811
929 T	0.06784	0.01431	0.91784
930 A	0.06783	0.01454	0.91763
931 G	0.06786	0.01451	0.91763
932 T	0.06834	0.01412	0.91754
933 A	0.06788	0.01571	0.91641
934 G	0.06777	0.01600	0.91622
935 G	0.06787	0.01638	0.91575
936 T	0.06811	0.01676	0.91513
937 G	0.06817	0.01767	0.91416
938 A	0.06861	0.01753	0.91387
939 T	0.06916	0.01703	0.91381
940 A	0.06937	0.01681	0.91382
941 A	0.06971	0.01642	0.91388
942 T	0.07052	0.01545	0.91403
943 A	0.07071	0.01515	0.91413
944 C	0.07098	0.01479	0.91424
945 T	0.07147	0.01432	0.91421
946 T	0.07165	0.01424	0.91411
947 A	0.07151	0.01452	0.91397
948 T	0.07205	0.01417	0.91379
949 G	0.06996	0.01670	0.91335
950 G	0.06906	0.01772	0.91322
951 T	0.06899	0.01821	0.91281
952 A	0.06780	0.02024	0.91196
953 A	0.06776	0.02050	0.91174
954 A	0.06829	0.01979	0.91192
955 A	0.06950	0.01838	0.91212
956 T	0.07147	0.01570	0.91283
957 T	0.07230	0.01453	0.91317
958 C	0.07254	0.01412	0.91334
959 G	0.07275	0.01392	0.91333
960 T	0.07323	0.01347	0.9133
961 T	0.07262	0.01424	0.91314
962 C	0.07151	0.01536	0.91314
963 T	0.06965	0.01730	0.91304
964 A	0.06664	0.02047	0.9129
965 T	0.06513	0.02201	0.91286
966 C	0.06220	0.02495	0.91284
967 G	0.06032	0.02702	0.91266
968 A	0.05954	0.02801	0.91245
969 A	0.05913	0.02848	0.9124
970 G	0.05895	0.02861	0.91244
971 A	0.05913	0.02877	0.9121
972 T	0.05971	0.02638	0.91391
973 G	0.05994	0.02687	0.91319
974 A	0.06032	0.02965	0.91003
975 T	0.06105	0.03216	0.90679
976 T	0.06123	0.03495	0.90381
977 T	0.06115	0.03805	0.9008
978 A	0.06090	0.04125	0.89785
979 A	0.06071	0.04336	0.89592
980 A	0.06069	0.04426	0.89505
981 A	0.06069	0.04469	0.89461
982 A	0.06077	0.04473	0.89451
983 A	0.06096	0.04412	0.89493
984 T	0.06123	0.04248	0.89629
985 A	0.06128	0.04115	0.89757
986 G	0.06140	0.03817	0.90043
987 T	0.06164	0.03511	0.90326
988 T	0.06175	0.03439	0.90386
989 T	0.06179	0.03522	0.90299
990 A	0.06179	0.03895	0.89926
991 A	0.06192	0.04191	0.89617
992 A	0.06208	0.04425	0.89367
993 A	0.06237	0.04679	0.89084
994 G	0.06308	0.04729	0.88963
995 A	0.06424	0.04833	0.88743
996 A	0.06702	0.04662	0.88636
997 A	0.07225	0.04180	0.88595
998 T	0.07883	0.03520	0.88597
999 T	0.08227	0.03169	0.88603
1000 T	0.08388	0.02999	0.88613
1001 A	0.08440	0.02932	0.88628
1002 C	0.08495	0.02862	0.88644
1003 C	0.08533	0.02823	0.88644
1004 C	0.08574	0.02786	0.8864
1005 T	0.08615	0.02751	0.88634
1006 T	0.08604	0.02772	0.88624
1007 C	0.08557	0.02825	0.88617
1008 A	0.08455	0.02931	0.88614
1009 C	0.08420	0.02965	0.88614
1010 A	0.08413	0.02972	0.88615
1011 A	0.08498	0.02887	0.88616
1012 C	0.08767	0.02616	0.88617
1013 C	0.09240	0.02135	0.88624
1014 C	0.09602	0.01773	0.88625
1015 G	0.09913	0.01463	0.88624
1016 T	0.10244	0.01134	0.88622
1017 G	0.10356	0.01024	0.8862
1018 T	0.10532	0.00850	0.88618
1019 T	0.10590	0.00795	0.88616
1020 A	0.10608	0.00773	0.88619
1021 A	0.10616	0.00751	0.88633
1022 T	0.10625	0.00717	0.88658
1023 A	0.10621	0.00678	0.887
1024 A	0.10616	0.00632	0.88752
1025 C	0.10606	0.00578	0.88817
1026 A	0.10574	0.00597	0.88829
1027 G	0.10578	0.00560	0.88862
1028 G	0.10584	0.00555	0.88861
1029 T	0.10598	0.00573	0.88829
1030 T	0.10597	0.00653	0.8875
1031 T	0.10589	0.00645	0.88765
1032 A	0.10541	0.00835	0.88624
1033 G	0.10507	0.00867	0.88626
1034 A	0.10492	0.00902	0.88606
1035 T	0.10484	0.00911	0.88605
1036 T	0.10470	0.00939	0.88592
1037 C	0.10405	0.01025	0.8857
1038 T	0.10364	0.01074	0.88561
1039 G	0.10291	0.01147	0.88561
1040 T	0.10275	0.01165	0.8856
1041 A	0.10242	0.01203	0.88555
1042 C	0.10225	0.01221	0.88554
1043 C	0.10217	0.01237	0.88547
1044 T	0.10206	0.01316	0.88478
1045 A	0.10178	0.01376	0.88446
1046 A	0.10166	0.01397	0.88437
1047 A	0.10160	0.01415	0.88425
1048 G	0.10158	0.01408	0.88434
1049 C	0.10174	0.01354	0.88472
1050 A	0.10193	0.01337	0.88469
1051 G	0.10239	0.01289	0.88473
1052 G	0.10324	0.01203	0.88473
1053 T	0.10449	0.01080	0.88471
1054 G	0.10522	0.01017	0.8846
1055 A	0.10692	0.00816	0.88492
1056 T	0.10756	0.00731	0.88513
1057 T	0.10790	0.00694	0.88517
1058 T	0.10801	0.00672	0.88527
1059 A	0.10805	0.00652	0.88542
1060 T	0.10819	0.00564	0.88617
1061 T	0.10809	0.00539	0.88653
1062 C	0.10751	0.00560	0.88689
1063 A	0.10731	0.00588	0.88681
1064 T	0.10730	0.00578	0.88692
1065 G	0.10698	0.00605	0.88697
1066 G	0.10702	0.00603	0.88694
1067 C	0.10761	0.00557	0.88683
1068 T	0.10791	0.00603	0.88606
1069 G	0.10793	0.00621	0.88586
1070 T	0.10813	0.00630	0.88557
1071 T	0.10807	0.00674	0.88519
1072 T	0.10774	0.00768	0.88458
1073 C	0.10690	0.00998	0.88312
1074 T	0.10577	0.01854	0.87569
1075 G	0.10448	0.02424	0.87128
1076 A	0.10060	0.03178	0.86762
1077 T	0.09650	0.03881	0.86469
1078 A	0.08807	0.04979	0.86214
1079 T	0.08375	0.05544	0.86082
1080 A	0.07315	0.06763	0.85923
1081 A	0.06597	0.07506	0.85897
1082 A	0.05998	0.08121	0.85881
1083 A	0.05416	0.08718	0.85866
1084 A	0.04971	0.09146	0.85883
1085 C	0.04852	0.09201	0.85948
1086 A	0.04647	0.09421	0.85932
1087 G	0.04455	0.09644	0.85901
1088 C	0.04302	0.09843	0.85855
1089 G	0.04145	0.10048	0.85807
1090 A	0.03700	0.10581	0.85719
1091 A	0.03300	0.11079	0.8562
1092 G	0.02882	0.11612	0.85507
1093 C	0.02694	0.12038	0.85267
1094 A	0.02633	0.12451	0.84916
1095 A	0.02677	0.12528	0.84795
1096 A	0.02968	0.12287	0.84745
1097 T	0.03851	0.11332	0.84817
1098 T	0.04231	0.10867	0.84902
1099 A	0.04412	0.10181	0.85407
1100 T	0.04608	0.09329	0.86063
1101 T	0.04543	0.08574	0.86883
1102 G	0.04132	0.08737	0.87131
1103 A	0.03368	0.09005	0.87628
1104 A	0.03023	0.09070	0.87907
1105 A	0.02791	0.08983	0.88227
1106 A	0.02566	0.08809	0.88624
1107 C	0.02499	0.08534	0.88968
1108 A	0.02390	0.09301	0.88308
1109 A	0.02288	0.10071	0.87641
1110 A	0.02280	0.10906	0.86814
1111 A	0.02302	0.11455	0.86243
1112 A	0.02296	0.11844	0.8586
1113 A	0.02397	0.11529	0.86074
1114 A	0.02565	0.10788	0.86647
1115 G	0.02799	0.09999	0.87202
1116 T	0.03219	0.09361	0.8742
1117 T	0.03506	0.09173	0.87321
1118 C	0.03565	0.09441	0.86994
1119 T	0.03589	0.10544	0.85867
1120 T	0.03443	0.12289	0.84268
1121 T	0.03117	0.13650	0.83233
1122 A	0.02626	0.15112	0.82262
1123 A	0.02398	0.16204	0.81398
1124 A	0.02322	0.16477	0.81201
1125 A	0.02371	0.16020	0.81609
1126 G	0.02415	0.15186	0.82399
1127 A	0.02604	0.14754	0.82641
1128 A	0.02817	0.14433	0.82751
1129 C	0.03086	0.14138	0.82776
1130 A	0.03300	0.14309	0.8239
1131 A	0.03955	0.13640	0.82404
1132 A	0.04652	0.12909	0.82439
1133 A	0.05557	0.11972	0.82471
1134 T	0.06253	0.11273	0.82473
1135 C	0.06476	0.11166	0.82358
1136 A	0.06633	0.11323	0.82044
1137 A	0.06598	0.11610	0.81792
1138 A	0.06636	0.12009	0.81356
1139 A	0.06862	0.12001	0.81136
1140 T	0.07514	0.11603	0.80884
1141 A	0.08317	0.10762	0.80921
1142 A	0.09551	0.09423	0.81026
1143 T	0.11287	0.07360	0.81353
1144 T	0.11902	0.06344	0.81754
1145 C	0.11928	0.05937	0.82135
1146 T	0.11926	0.05856	0.82217
1147 C	0.10608	0.07138	0.82253
1148 A	0.10000	0.07754	0.82245
1149 G	0.09280	0.08481	0.82238
1150 C	0.08788	0.09002	0.82211
1151 C	0.08470	0.09361	0.82169
1152 T	0.07896	0.10149	0.81955
1153 A	0.06917	0.11428	0.81656
1154 A	0.06440	0.12048	0.81513
1155 T	0.06291	0.12203	0.81506
1156 A	0.06046	0.12439	0.81515
1157 A	0.05973	0.12394	0.81633
1158 T	0.06157	0.11888	0.81955
1159 C	0.06333	0.11498	0.82169
1160 A	0.06483	0.11251	0.82266
1161 T	0.06849	0.10822	0.82328
1162 A	0.06973	0.10682	0.82345
1163 T	0.07186	0.10447	0.82367
1164 T	0.07189	0.10413	0.82398
1165 T	0.07110	0.10208	0.82682
1166 A	0.07030	0.10216	0.82754
1167 T	0.06953	0.10058	0.82989
1168 A	0.06801	0.09891	0.83308
1169 A	0.06740	0.09405	0.83855
1170 T	0.06727	0.07841	0.85431
1171 A	0.06706	0.07390	0.85904
1172 A	0.06711	0.06738	0.86551
1173 T	0.06824	0.05991	0.87184
1174 A	0.06862	0.05559	0.87579
1175 T	0.07008	0.04563	0.88429
1176 T	0.07164	0.03443	0.89394
1177 T	0.07140	0.03496	0.89363
1178 T	0.06883	0.04504	0.88613
1179 A	0.06453	0.07262	0.86284
1180 A	0.06090	0.07949	0.85962
1181 T	0.05825	0.08290	0.85884
1182 A	0.05097	0.09298	0.85605
1183 T	0.04624	0.09992	0.85385
1184 C	0.03841	0.11367	0.84793
1185 G	0.03523	0.12037	0.8444
1186 A	0.03364	0.13017	0.8362
1187 A	0.03260	0.13426	0.83313
1188 T	0.03246	0.13504	0.8325
1189 C	0.03197	0.13675	0.83128
1190 A	0.02993	0.14505	0.82502
1191 A	0.02774	0.15065	0.8216
1192 G	0.02562	0.15720	0.81718
1193 A	0.02493	0.16598	0.80909
1194 A	0.02489	0.17663	0.79848
1195 A	0.02506	0.18212	0.79282
1196 A	0.02550	0.18308	0.79142
1197 A	0.02657	0.18337	0.79005
1198 G	0.02735	0.18302	0.78963
1199 A	0.02919	0.18144	0.78938
1200 A	0.03354	0.17650	0.78996
1201 A	0.04207	0.16547	0.79246
1202 A	0.06423	0.13927	0.79649
1203 T	0.07039	0.12905	0.80055
1204 A	0.07277	0.12373	0.8035
1205 A	0.07656	0.11271	0.81073
1206 A	0.08015	0.10456	0.81529
1207 C	0.08653	0.09014	0.82333
1208 G	0.09085	0.08419	0.82496
1209 T	0.10088	0.07430	0.82482
1210 T	0.10492	0.07308	0.82201
1211 T	0.10653	0.07179	0.82167
1212 A	0.10458	0.07415	0.82127
1213 A	0.10863	0.06809	0.82327
1214 A	0.11227	0.06197	0.82576
1215 C	0.11767	0.05387	0.82845
1216 A	0.12624	0.04614	0.82762
1217 T	0.13889	0.03381	0.8273
1218 T	0.14500	0.02867	0.82633
1219 A	0.14599	0.03174	0.82226
1220 T	0.14625	0.03257	0.82118
1221 T	0.14080	0.04031	0.81889
1222 T	0.13278	0.05213	0.81508
1223 T	0.12242	0.06510	0.81248
1224 A	0.10799	0.08201	0.81001
1225 A	0.09943	0.09064	0.80993
1226 A	0.09047	0.09964	0.80989
1227 A	0.08282	0.10688	0.81031
1228 G	0.07553	0.11401	0.81046
1229 C	0.07121	0.11851	0.81028
1230 A	0.06924	0.12248	0.80827
1231 G	0.06922	0.12250	0.80827
1232 A	0.07003	0.12172	0.80825
1233 T	0.07292	0.11866	0.80842
1234 A	0.07282	0.11854	0.80864
1235 C	0.07296	0.11484	0.8122
1236 T	0.07291	0.11380	0.81329
1237 C	0.07160	0.11462	0.81378
1238 A	0.07127	0.11498	0.81375
1239 A	0.07226	0.11404	0.8137
1240 G	0.07295	0.11340	0.81365
1241 G	0.07446	0.11138	0.81416
1242 T	0.07948	0.10572	0.8148
1243 A	0.08080	0.10121	0.81799
1244 G	0.08386	0.08847	0.82766
1245 T	0.08772	0.07500	0.83729
1246 T	0.08977	0.06224	0.84799
1247 T	0.09092	0.05050	0.85857
1248 A	0.08986	0.04554	0.86459
1249 G	0.08975	0.03853	0.87172
1250 A	0.08960	0.03343	0.87697
1251 A	0.08923	0.02873	0.88204
1252 G	0.08928	0.02559	0.88513
1253 T	0.09100	0.02496	0.88404
1254 T	0.09082	0.02642	0.88276
1255 A	0.09054	0.02784	0.88161
1256 T	0.09037	0.02899	0.88063
1257 T	0.08987	0.03040	0.87973
1258 G	0.08899	0.03429	0.87672
1259 T	0.08853	0.03689	0.87458
1260 T	0.08780	0.04239	0.86981
1261 G	0.08631	0.04452	0.86917
1262 A	0.08567	0.04539	0.86894
1263 A	0.08563	0.04558	0.86879
1264 T	0.08571	0.04541	0.86887
1265 C	0.08560	0.04576	0.86863
1266 T	0.08576	0.04787	0.86637
1267 T	0.08567	0.05143	0.8629
1268 T	0.08343	0.06009	0.85648
1269 A	0.07528	0.07782	0.8469
1270 G	0.07125	0.08638	0.84237
1271 A	0.06859	0.09161	0.83979
1272 A	0.06695	0.09566	0.83739
1273 A	0.06679	0.09790	0.83531
1274 A	0.06781	0.09874	0.83345
1275 A	0.06990	0.09922	0.83087
1276 T	0.07411	0.09706	0.82883
1277 T	0.07576	0.09939	0.82485
1278 A	0.07522	0.10706	0.81772
1279 A	0.07533	0.11358	0.81109
1280 A	0.07647	0.11450	0.80902
1281 T	0.07924	0.11119	0.80957
1282 A	0.08009	0.11015	0.80976
1283 T	0.08484	0.10480	0.81036
1284 T	0.08426	0.10451	0.81124
1285 C	0.08169	0.10684	0.81147
1286 A	0.07928	0.10974	0.81099
1287 A	0.07675	0.11274	0.81051
1288 G	0.07604	0.11380	0.81017
1289 A	0.07741	0.11298	0.80961
1290 A	0.08104	0.10986	0.8091
1291 A	0.08825	0.10036	0.81139
1292 T	0.09819	0.08267	0.81914
1293 T	0.10192	0.07576	0.82231
1294 A	0.10359	0.07256	0.82384
1295 A	0.10531	0.06957	0.82512
1296 A	0.10734	0.06658	0.82608
1297 G	0.10994	0.06270	0.82736
1298 T	0.11437	0.05766	0.82797
1299 A	0.11705	0.05473	0.82823
1300 A	0.12156	0.05016	0.82828
1301 A	0.12838	0.04299	0.82864
1302 T	0.13528	0.03583	0.82888
1303 A	0.13549	0.03540	0.82912
1304 T	0.13579	0.03458	0.82963
1305 T	0.13559	0.03499	0.82941
1306 A	0.13487	0.03774	0.82739
1307 T	0.13452	0.03805	0.82743
1308 T	0.13214	0.04090	0.82697
1309 A	0.13027	0.04167	0.82806
1310 A	0.12969	0.04033	0.82998
1311 A	0.12968	0.03943	0.83088
1312 G	0.13017	0.03774	0.8321
1313 C	0.13096	0.03640	0.83264
1314 T	0.13166	0.03563	0.83271
1315 A	0.13150	0.03591	0.83259
1316 C	0.13210	0.03499	0.83292
1317 T	0.13272	0.03434	0.83294
1318 G	0.13236	0.03474	0.8329
1319 T	0.13252	0.03431	0.83317
1320 C	0.13161	0.03511	0.83329
1321 G	0.13116	0.03599	0.83284
1322 G	0.13119	0.03592	0.83289
1323 A	0.13178	0.03544	0.83278
1324 A	0.13322	0.03403	0.83275
1325 T	0.13514	0.03194	0.83293
1326 G	0.13627	0.02861	0.83512
1327 G	0.13751	0.02623	0.83626
1328 T	0.13973	0.02268	0.83759
