# lcl|CP097583.1_cds_USQ93232.1_1
# AA	inside	membr	outside
1 A	0.71155	0.00000	0.28845
2 T	0.71045	0.00109	0.28845
3 G	0.70932	0.00223	0.28845
4 G	0.70932	0.01516	0.27552
5 T	0.68745	0.06225	0.2503
6 T	0.68745	0.06983	0.24272
7 A	0.21721	0.54607	0.23673
8 A	0.21718	0.54624	0.23658
9 A	0.17293	0.59326	0.23381
10 G	0.17286	0.67288	0.15426
11 A	0.16499	0.68480	0.15021
12 A	0.08983	0.76163	0.14854
13 A	0.02997	0.82225	0.14778
14 A	0.02996	0.82227	0.14778
15 G	0.02995	0.82348	0.14657
16 G	0.02774	0.82569	0.14657
17 C	0.02621	0.82728	0.14651
18 A	0.02613	0.82804	0.14584
19 C	0.02468	0.82967	0.14565
20 A	0.02112	0.83960	0.13928
21 A	0.01606	0.84470	0.13925
22 A	0.01606	0.84504	0.1389
23 A	0.01659	0.84458	0.13883
24 T	0.01846	0.84264	0.1389
25 A	0.01970	0.83323	0.14708
26 A	0.02086	0.82401	0.15513
27 A	0.03122	0.78274	0.18604
28 G	0.05208	0.72905	0.21886
29 A	0.05972	0.70117	0.23912
30 A	0.07311	0.32097	0.60592
31 G	0.07786	0.29888	0.62327
32 T	0.08766	0.24443	0.66791
33 T	0.14403	0.18951	0.66646
34 A	0.14517	0.20948	0.64535
35 T	0.14660	0.15828	0.69512
36 A	0.14291	0.13285	0.72424
37 A	0.13981	0.13929	0.7209
38 A	0.14021	0.13937	0.72043
39 G	0.13996	0.15601	0.70403
40 A	0.14204	0.16282	0.69514
41 T	0.14436	0.16416	0.69148
42 T	0.14579	0.17072	0.68349
43 A	0.14978	0.17448	0.67573
44 T	0.14999	0.26354	0.58647
45 T	0.14980	0.28305	0.56714
46 T	0.14971	0.30479	0.54549
47 T	0.14903	0.33136	0.51961
48 A	0.14789	0.36160	0.49051
49 A	0.14713	0.38874	0.46412
50 A	0.14713	0.39075	0.46211
51 A	0.14891	0.38950	0.46159
52 T	0.15551	0.38287	0.46163
53 C	0.16157	0.37674	0.46169
54 T	0.17134	0.36788	0.46078
55 T	0.17513	0.36541	0.45946
56 A	0.18396	0.35820	0.45784
57 T	0.20766	0.33390	0.45845
58 G	0.21248	0.32926	0.45826
59 A	0.22196	0.31622	0.46181
60 T	0.22993	0.30553	0.46454
61 C	0.23428	0.30132	0.4644
62 G	0.25548	0.28043	0.46409
63 T	0.27011	0.26723	0.46266
64 A	0.27802	0.26270	0.45928
65 A	0.28843	0.25528	0.4563
66 C	0.30765	0.23850	0.45385
67 G	0.39129	0.15653	0.45218
68 T	0.40294	0.14916	0.4479
69 A	0.39874	0.15905	0.44221
70 A	0.41136	0.14838	0.44026
71 C	0.42616	0.13429	0.43956
72 T	0.44108	0.12018	0.43874
73 T	0.42337	0.14043	0.4362
74 A	0.40225	0.16327	0.43449
75 T	0.38933	0.17723	0.43344
76 C	0.36429	0.20265	0.43307
77 A	0.33982	0.22828	0.4319
78 A	0.26918	0.29970	0.43112
79 G	0.23742	0.33152	0.43105
80 C	0.22770	0.34114	0.43116
81 G	0.21438	0.35439	0.43123
82 G	0.20328	0.36530	0.43142
83 C	0.19827	0.37016	0.43158
84 C	0.19561	0.37277	0.43161
85 C	0.19485	0.37362	0.43154
86 A	0.19448	0.37421	0.43131
87 A	0.19559	0.37339	0.43101
88 A	0.19807	0.37128	0.43064
89 A	0.20041	0.36884	0.43076
90 A	0.20000	0.36730	0.4327
91 A	0.20401	0.34568	0.45032
92 T	0.20874	0.31454	0.47672
93 T	0.20860	0.29749	0.49391
94 A	0.20519	0.28279	0.51203
95 C	0.20444	0.25766	0.53789
96 T	0.20498	0.24363	0.55139
97 G	0.20259	0.23532	0.56209
98 A	0.20196	0.23097	0.56707
99 T	0.20185	0.21275	0.5854
100 A	0.20165	0.20341	0.59493
101 G	0.20166	0.13977	0.65857
102 T	0.19846	0.12510	0.67644
103 A	0.19327	0.12790	0.67883
104 T	0.19073	0.12919	0.68008
105 T	0.18507	0.15968	0.65526
106 A	0.17243	0.18938	0.63819
107 C	0.16090	0.20936	0.62974
108 A	0.14013	0.27024	0.58963
109 A	0.13455	0.32044	0.54501
110 A	0.13261	0.35700	0.5104
111 A	0.13122	0.36907	0.49971
112 A	0.13068	0.37280	0.49653
113 T	0.13082	0.37087	0.49831
114 A	0.13048	0.37173	0.49779
115 G	0.13055	0.36893	0.50052
116 G	0.13088	0.36625	0.50286
117 T	0.13166	0.36146	0.50688
118 G	0.13226	0.35941	0.50834
119 C	0.13470	0.35599	0.50931
120 T	0.13727	0.35564	0.50709
121 G	0.13853	0.35641	0.50506
122 A	0.14032	0.35885	0.50083
123 A	0.14676	0.35475	0.49849
124 A	0.15447	0.34837	0.49716
125 G	0.16597	0.33275	0.50129
126 A	0.17934	0.31645	0.50421
127 A	0.19730	0.29804	0.50466
128 T	0.24542	0.24613	0.50845
129 A	0.26350	0.22272	0.51378
130 A	0.27841	0.19769	0.52391
131 G	0.31095	0.14618	0.54286
132 T	0.35459	0.10195	0.54346
133 T	0.37233	0.09246	0.5352
134 C	0.34809	0.13898	0.51293
135 A	0.33258	0.17236	0.49506
136 A	0.31969	0.18832	0.49199
137 T	0.30083	0.20963	0.48953
138 A	0.25913	0.25663	0.48424
139 C	0.24030	0.27810	0.48161
140 C	0.22585	0.29934	0.4748
141 A	0.21932	0.30811	0.47258
142 T	0.21640	0.31119	0.47241
143 T	0.20878	0.31896	0.47226
144 A	0.18665	0.34122	0.47213
145 C	0.18403	0.34369	0.47228
146 C	0.18264	0.34486	0.4725
147 A	0.18092	0.34675	0.47233
148 A	0.18044	0.34731	0.47225
149 C	0.18191	0.34584	0.47225
150 A	0.18090	0.34713	0.47197
151 A	0.17969	0.34842	0.47189
152 A	0.18222	0.34494	0.47284
153 A	0.18366	0.34244	0.4739
154 A	0.18638	0.33806	0.47555
155 G	0.19258	0.32097	0.48644
156 A	0.20348	0.29947	0.49705
157 G	0.22568	0.24449	0.52983
158 A	0.24326	0.21154	0.5452
159 A	0.24994	0.18984	0.56022
160 A	0.25611	0.16207	0.58182
161 T	0.26498	0.11109	0.62393
162 T	0.26852	0.08661	0.64487
163 T	0.27276	0.06497	0.66226
164 T	0.27377	0.05340	0.67282
165 T	0.27364	0.04699	0.67938
166 A	0.27338	0.03986	0.68676
167 C	0.27331	0.02148	0.70521
168 T	0.27308	0.01885	0.70807
169 G	0.27240	0.01820	0.7094
170 T	0.27242	0.01764	0.70994
171 T	0.27221	0.01720	0.71059
172 A	0.27107	0.01836	0.71057
173 T	0.27069	0.01619	0.71312
174 T	0.27018	0.01419	0.71563
175 C	0.26879	0.01429	0.71693
176 G	0.26809	0.01510	0.71681
177 T	0.26750	0.01563	0.71687
178 T	0.26679	0.01626	0.71696
179 C	0.26597	0.01703	0.71701
180 T	0.26519	0.01789	0.71691
181 C	0.26450	0.01885	0.71665
182 C	0.26407	0.01978	0.71615
183 A	0.26387	0.02114	0.715
184 T	0.26435	0.02185	0.7138
185 T	0.26449	0.02361	0.7119
186 T	0.26430	0.02700	0.7087
187 G	0.26327	0.03328	0.70345
188 T	0.26290	0.04160	0.69549
189 T	0.26218	0.04805	0.68976
190 A	0.26076	0.05571	0.68353
191 A	0.25871	0.06084	0.68045
192 T	0.25826	0.06379	0.67795
193 A	0.25660	0.07256	0.67084
194 A	0.25551	0.08100	0.6635
195 A	0.25551	0.08677	0.65771
196 G	0.25559	0.09441	0.65
197 A	0.25593	0.09885	0.64522
198 T	0.25625	0.09925	0.6445
199 A	0.25650	0.10041	0.64309
200 G	0.25656	0.10067	0.64277
201 T	0.25660	0.10122	0.64218
202 A	0.25660	0.10245	0.64096
203 G	0.25674	0.10257	0.64069
204 A	0.25722	0.10187	0.6409
205 G	0.25792	0.10096	0.64111
206 A	0.25914	0.09949	0.64137
207 A	0.26091	0.09757	0.64152
208 C	0.26392	0.09450	0.64158
209 A	0.26744	0.09351	0.63905
210 A	0.27421	0.08764	0.63815
211 T	0.28488	0.07770	0.63742
212 T	0.29131	0.07170	0.63699
213 T	0.29551	0.06660	0.63789
214 G	0.29677	0.06300	0.64024
215 G	0.29786	0.06094	0.6412
216 A	0.30208	0.05540	0.64253
217 C	0.30906	0.04765	0.64329
218 G	0.31613	0.04050	0.64336
219 T	0.32695	0.02989	0.64317
220 T	0.33192	0.02499	0.6431
221 T	0.33319	0.02384	0.64297
222 C	0.33320	0.02383	0.64296
223 A	0.33335	0.02384	0.64281
224 C	0.33360	0.02361	0.64279
225 T	0.33460	0.02290	0.64251
226 C	0.33459	0.02313	0.64228
227 A	0.33436	0.02372	0.64192
228 T	0.33444	0.02371	0.64185
229 A	0.33279	0.02549	0.64173
230 A	0.33229	0.02598	0.64173
231 A	0.33307	0.02518	0.64175
232 C	0.33612	0.02179	0.64209
233 G	0.33801	0.01984	0.64216
234 T	0.33994	0.01782	0.64225
235 T	0.34109	0.01678	0.64213
236 T	0.34125	0.01668	0.64207
237 A	0.34117	0.01661	0.64222
238 A	0.34136	0.01535	0.64328
239 T	0.34179	0.01346	0.64475
240 T	0.34196	0.01255	0.64549
241 C	0.34192	0.01227	0.64581
242 A	0.34187	0.01265	0.64548
243 G	0.34094	0.01386	0.6452
244 A	0.34055	0.01453	0.64492
245 T	0.34046	0.01447	0.64507
246 T	0.33988	0.01580	0.64432
247 G	0.33878	0.01717	0.64405
248 T	0.33826	0.01880	0.64295
249 T	0.33594	0.02100	0.64306
250 A	0.33183	0.02466	0.6435
251 A	0.32981	0.02625	0.64393
252 T	0.32861	0.02597	0.64542
253 C	0.32717	0.02673	0.64609
254 C	0.32600	0.02820	0.6458
255 T	0.32536	0.02903	0.64562
256 A	0.32465	0.02978	0.64558
257 G	0.32438	0.03007	0.64556
258 T	0.32327	0.03120	0.64553
259 C	0.32138	0.03304	0.64558
260 C	0.32010	0.03429	0.64561
261 T	0.31892	0.03657	0.64451
262 G	0.31646	0.04041	0.64313
263 A	0.31547	0.04240	0.64213
264 A	0.31486	0.04427	0.64088
265 A	0.31501	0.04449	0.6405
266 T	0.31555	0.04317	0.64127
267 A	0.31576	0.04283	0.64141
268 A	0.31596	0.04265	0.64138
269 T	0.31687	0.04147	0.64166
270 A	0.31696	0.04114	0.6419
271 A	0.31802	0.03924	0.64274
272 A	0.31873	0.03586	0.64541
273 T	0.31902	0.03122	0.64976
274 G	0.31913	0.02856	0.65232
275 C	0.31937	0.02687	0.65376
276 T	0.31970	0.02618	0.65412
277 T	0.32002	0.02598	0.65399
278 T	0.32011	0.02612	0.65376
279 A	0.31992	0.02670	0.65338
280 A	0.31984	0.02693	0.65324
281 T	0.31995	0.02513	0.65492
282 G	0.31972	0.02379	0.65649
283 T	0.32005	0.02263	0.65732
284 A	0.32113	0.02143	0.65744
285 T	0.32252	0.01941	0.65807
286 A	0.32308	0.02226	0.65466
287 T	0.32426	0.02233	0.65341
288 T	0.32449	0.02488	0.65063
289 A	0.32379	0.02748	0.64873
290 A	0.32361	0.02835	0.64804
291 A	0.32385	0.02776	0.64839
292 T	0.32459	0.02658	0.64882
293 T	0.32526	0.02523	0.64951
294 A	0.32522	0.02499	0.64978
295 C	0.32534	0.02465	0.65001
296 C	0.32554	0.02440	0.65006
297 T	0.32570	0.02422	0.65008
298 T	0.32579	0.02413	0.65008
299 C	0.32585	0.02414	0.65001
300 T	0.32608	0.02435	0.64957
301 A	0.32542	0.02576	0.64882
302 T	0.32514	0.02592	0.64895
303 T	0.32278	0.02834	0.64888
304 G	0.31491	0.03660	0.64849
305 T	0.31195	0.03955	0.64851
306 C	0.30079	0.05129	0.64791
307 A	0.29367	0.06030	0.64603
308 A	0.29253	0.06211	0.64536
309 T	0.29622	0.05859	0.64519
310 A	0.29564	0.05973	0.64463
311 T	0.29843	0.05687	0.64469
312 T	0.29951	0.05482	0.64566
313 T	0.29968	0.05415	0.64617
314 T	0.29953	0.05403	0.64644
315 T	0.29911	0.05434	0.64655
316 T	0.29907	0.05420	0.64672
317 T	0.29903	0.05409	0.64688
318 A	0.29898	0.05405	0.64697
319 A	0.29899	0.05395	0.64707
320 A	0.29901	0.05374	0.64725
321 G	0.29904	0.05335	0.64761
322 A	0.29916	0.05287	0.64797
323 A	0.29960	0.05187	0.64853
324 A	0.30035	0.04994	0.64971
325 A	0.30065	0.04810	0.65126
326 A	0.30113	0.04397	0.65489
327 T	0.30216	0.03409	0.66375
328 A	0.30277	0.02928	0.66794
329 T	0.30390	0.01705	0.67905
330 T	0.30535	0.00852	0.68612
331 T	0.30586	0.00519	0.68895
332 A	0.30608	0.00365	0.69028
333 A	0.30669	0.00000	0.69331
