# lcl|CP097583.1_cds_USQ93221.1_1
# AA	inside	membr	outside
1 A	0.42937	0.00000	0.57063
2 T	0.41628	0.01309	0.57063
3 G	0.41111	0.01826	0.57063
4 G	0.41111	0.02699	0.56189
5 C	0.38260	0.06683	0.55056
6 A	0.38260	0.07553	0.54187
7 A	0.28758	0.17472	0.5377
8 A	0.28758	0.17481	0.53761
9 G	0.28509	0.17848	0.53643
10 A	0.28508	0.20529	0.50962
11 A	0.28472	0.20705	0.50823
12 A	0.28058	0.21177	0.50765
13 T	0.27082	0.22413	0.50504
14 C	0.27080	0.22416	0.50504
15 T	0.27080	0.32619	0.40301
16 A	0.26780	0.32919	0.40301
17 A	0.26480	0.33425	0.40095
18 A	0.26468	0.33844	0.39689
19 A	0.26226	0.34336	0.39438
20 T	0.23465	0.41120	0.35416
21 T	0.16422	0.47579	0.35999
22 G	0.15380	0.50282	0.34338
23 T	0.14497	0.54386	0.31117
24 T	0.12500	0.62708	0.24792
25 A	0.08967	0.73317	0.17716
26 A	0.06469	0.76996	0.16535
27 A	0.05596	0.77602	0.16802
28 A	0.05270	0.75722	0.19009
29 A	0.05334	0.75090	0.19576
30 C	0.05550	0.67249	0.27202
31 C	0.05445	0.67643	0.26912
32 A	0.05450	0.69343	0.25207
33 A	0.07219	0.68772	0.24009
34 A	0.07234	0.70890	0.21876
35 A	0.07557	0.70855	0.21588
36 A	0.07611	0.70393	0.21996
37 C	0.07629	0.70183	0.22188
38 A	0.14133	0.63848	0.22019
39 A	0.12788	0.66678	0.20533
40 A	0.12861	0.66534	0.20605
41 A	0.12986	0.66311	0.20702
42 A	0.12875	0.66267	0.20858
43 G	0.17025	0.58505	0.24469
44 A	0.15934	0.54106	0.2996
45 A	0.19229	0.49279	0.31492
46 A	0.22792	0.45057	0.32151
47 T	0.29337	0.38812	0.3185
48 A	0.34197	0.34253	0.31551
49 T	0.34917	0.31483	0.336
50 T	0.34062	0.31232	0.34706
51 T	0.33314	0.31313	0.35374
52 G	0.31731	0.33021	0.35248
53 C	0.29508	0.35648	0.34843
54 G	0.28119	0.37800	0.34081
55 A	0.28263	0.38710	0.33027
56 A	0.27155	0.40867	0.31979
57 A	0.27605	0.41087	0.31308
58 T	0.27292	0.41758	0.3095
59 A	0.25179	0.43701	0.3112
60 T	0.24068	0.44388	0.31545
61 A	0.22803	0.45632	0.31564
62 T	0.23035	0.44329	0.32637
63 A	0.19519	0.48305	0.32176
64 G	0.18335	0.49462	0.32203
65 A	0.16824	0.51553	0.31623
66 A	0.14971	0.53348	0.31682
67 A	0.13967	0.52520	0.33514
68 A	0.13302	0.52743	0.33954
69 A	0.13961	0.51284	0.34755
70 C	0.16874	0.46920	0.36206
71 G	0.19728	0.43468	0.36804
72 T	0.20589	0.41558	0.37853
73 C	0.20376	0.40781	0.38843
74 T	0.20515	0.40569	0.38917
75 T	0.20318	0.40508	0.39174
76 G	0.19300	0.40649	0.40051
77 A	0.19212	0.40037	0.40751
78 A	0.19877	0.38738	0.41385
79 T	0.20717	0.35179	0.44104
80 T	0.20698	0.34282	0.4502
81 A	0.19502	0.38305	0.42194
82 A	0.15640	0.43569	0.40791
83 G	0.13891	0.47089	0.3902
84 A	0.13153	0.49979	0.36868
85 A	0.12756	0.51309	0.35935
86 G	0.12990	0.49868	0.37142
87 A	0.13270	0.49767	0.36963
88 A	0.14214	0.48469	0.37317
89 A	0.14397	0.47835	0.37769
90 A	0.14511	0.47783	0.37706
91 A	0.14646	0.48343	0.37011
92 A	0.14709	0.49956	0.35334
93 A	0.14853	0.51608	0.33539
94 G	0.15100	0.51812	0.33089
95 A	0.15364	0.51377	0.33259
96 T	0.15745	0.50070	0.34185
97 T	0.16082	0.49257	0.34661
98 A	0.16230	0.48918	0.34852
99 C	0.16702	0.47601	0.35697
100 A	0.17099	0.48153	0.34748
101 A	0.17569	0.47708	0.34723
102 A	0.18389	0.46940	0.34671
103 G	0.20009	0.44970	0.35021
104 G	0.23952	0.40338	0.3571
105 G	0.28020	0.32661	0.39319
106 T	0.32496	0.26555	0.40949
107 T	0.35735	0.22581	0.41684
108 A	0.37196	0.20899	0.41906
109 T	0.38745	0.19161	0.42095
110 C	0.39421	0.18750	0.41829
111 A	0.40114	0.18263	0.41623
112 A	0.41232	0.17295	0.41473
113 A	0.42942	0.15864	0.41194
114 A	0.44788	0.14057	0.41155
115 C	0.47116	0.11662	0.41221
116 T	0.49365	0.09371	0.41264
117 T	0.49992	0.08720	0.41288
118 C	0.50014	0.08708	0.41279
119 C	0.50123	0.08686	0.41192
120 A	0.50402	0.08441	0.41157
121 G	0.50947	0.07883	0.4117
122 T	0.51748	0.07079	0.41173
123 T	0.52911	0.05920	0.4117
124 C	0.53081	0.05740	0.4118
125 A	0.52960	0.05866	0.41173
126 A	0.52782	0.06059	0.41159
127 T	0.53003	0.05829	0.41168
128 C	0.53091	0.05730	0.41179
129 T	0.53061	0.05760	0.41179
130 T	0.52925	0.05860	0.41215
131 C	0.51484	0.07241	0.41275
132 A	0.50099	0.08619	0.41281
133 C	0.49511	0.09180	0.41309
134 C	0.49151	0.09506	0.41343
135 A	0.49102	0.09557	0.41342
136 G	0.49264	0.09395	0.41341
137 T	0.49363	0.09293	0.41345
138 T	0.49233	0.09415	0.41351
139 C	0.49051	0.09552	0.41398
140 G	0.48723	0.09751	0.41526
141 T	0.48565	0.09763	0.41672
142 C	0.47903	0.10383	0.41715
143 T	0.47449	0.10888	0.41662
144 T	0.46745	0.11742	0.41513
145 A	0.45341	0.13544	0.41114
146 A	0.44799	0.14157	0.41045
147 A	0.44112	0.14804	0.41084
148 A	0.43884	0.14477	0.4164
149 A	0.43726	0.13915	0.42359
150 T	0.43620	0.13587	0.42793
151 A	0.43477	0.13342	0.4318
152 T	0.43400	0.13053	0.43548
153 A	0.43205	0.12855	0.43941
154 G	0.43105	0.11288	0.45608
155 A	0.43031	0.10160	0.46809
156 T	0.42890	0.09423	0.47686
157 C	0.42700	0.09401	0.47899
158 A	0.42519	0.10706	0.46774
159 A	0.42382	0.11126	0.46491
160 A	0.42260	0.11523	0.46217
161 T	0.42224	0.11533	0.46243
162 T	0.42097	0.11731	0.46172
163 G	0.41875	0.11664	0.46461
164 A	0.41813	0.11510	0.46677
165 T	0.41756	0.10519	0.47724
166 G	0.41545	0.10354	0.481
167 G	0.41478	0.10192	0.4833
168 T	0.41687	0.10861	0.47452
169 A	0.41349	0.11697	0.46954
170 G	0.40953	0.12423	0.46624
171 A	0.40768	0.12936	0.46296
172 T	0.40687	0.13048	0.46265
173 C	0.40430	0.13393	0.46177
174 A	0.40072	0.14333	0.45596
175 A	0.39926	0.14802	0.45272
176 G	0.39878	0.14875	0.45247
177 A	0.39899	0.14984	0.45118
178 G	0.40048	0.14841	0.4511
179 G	0.40201	0.14657	0.45142
180 A	0.40567	0.14181	0.45252
181 T	0.41811	0.12799	0.4539
182 A	0.42183	0.12383	0.45433
183 T	0.42579	0.11910	0.45511
184 A	0.42720	0.11901	0.45378
185 T	0.42986	0.11667	0.45347
186 T	0.43071	0.11710	0.45219
187 A	0.42867	0.12176	0.44957
188 G	0.42833	0.12209	0.44958
189 A	0.42905	0.12160	0.44934
190 A	0.43217	0.11829	0.44954
191 A	0.44766	0.10209	0.45025
192 A	0.45779	0.08823	0.45398
193 T	0.47035	0.07061	0.45903
194 T	0.47671	0.06165	0.46164
195 T	0.47911	0.05785	0.46303
196 G	0.48025	0.05495	0.4648
197 G	0.48367	0.04887	0.46746
198 T	0.48676	0.04506	0.46819
199 T	0.48833	0.04322	0.46845
200 T	0.48940	0.04280	0.4678
201 A	0.48895	0.04375	0.4673
202 T	0.48959	0.04319	0.46722
203 C	0.48745	0.04569	0.46686
204 T	0.48611	0.04839	0.4655
205 A	0.48545	0.05093	0.46363
206 G	0.48608	0.05122	0.46269
207 A	0.48800	0.05092	0.46108
208 A	0.49040	0.04959	0.46001
209 T	0.49474	0.04420	0.46107
210 T	0.49767	0.03981	0.46252
211 A	0.49708	0.04287	0.46006
212 A	0.49800	0.04356	0.45844
213 A	0.49921	0.04186	0.45892
214 T	0.50037	0.04051	0.45912
215 T	0.50078	0.03982	0.4594
216 T	0.50032	0.04028	0.45939
217 C	0.49689	0.04402	0.45909
218 G	0.49137	0.05191	0.45673
219 T	0.48909	0.05629	0.45462
220 G	0.48616	0.06085	0.45299
221 A	0.48403	0.06539	0.45058
222 A	0.48368	0.06705	0.44927
223 T	0.48490	0.06471	0.45039
224 T	0.48530	0.06303	0.45166
225 A	0.48508	0.06249	0.45243
226 G	0.48531	0.06016	0.45453
227 C	0.48613	0.05767	0.4562
228 T	0.48663	0.05664	0.45672
229 A	0.48425	0.05912	0.45663
230 A	0.48406	0.05919	0.45675
231 C	0.48270	0.06033	0.45697
232 A	0.47957	0.06374	0.45669
233 A	0.47888	0.06392	0.45721
234 A	0.47961	0.06191	0.45848
235 G	0.48009	0.06098	0.45893
236 G	0.47832	0.06332	0.45836
237 T	0.47835	0.06400	0.45764
238 G	0.47671	0.06613	0.45716
239 A	0.47592	0.06689	0.45719
240 A	0.47584	0.06389	0.46027
241 T	0.47799	0.05602	0.46599
242 T	0.47859	0.05254	0.46887
243 A	0.47759	0.05059	0.47182
244 C	0.47792	0.04721	0.47487
245 C	0.47790	0.04673	0.47537
246 T	0.47677	0.04806	0.47517
247 G	0.47352	0.05194	0.47454
248 G	0.47351	0.05192	0.47457
249 T	0.47364	0.05189	0.47448
250 G	0.47330	0.05226	0.47444
251 T	0.47346	0.05071	0.47583
252 T	0.47362	0.04782	0.47856
253 A	0.47370	0.04628	0.48002
254 A	0.47376	0.04390	0.48234
255 G	0.47407	0.04007	0.48587
256 A	0.47443	0.03790	0.48767
257 A	0.47482	0.03477	0.49042
258 A	0.47545	0.03129	0.49326
259 G	0.47672	0.02671	0.49657
260 T	0.47884	0.02272	0.49844
261 T	0.48017	0.01919	0.50063
262 A	0.48083	0.01692	0.50225
263 G	0.48109	0.01471	0.5042
264 T	0.48122	0.01333	0.50544
265 T	0.48131	0.01184	0.50685
266 G	0.48140	0.00977	0.50883
267 G	0.48163	0.00805	0.51032
268 T	0.48219	0.00636	0.51145
269 A	0.48266	0.00462	0.51272
270 A	0.48390	0.00000	0.5161
