# lcl|CP097583.1_cds_USQ93255.1_1
# AA	inside	membr	outside
1 A	0.54056	0.00000	0.45944
2 T	0.53910	0.00146	0.45944
3 G	0.53830	0.00226	0.45944
4 G	0.53830	0.00971	0.45199
5 C	0.52476	0.04095	0.43429
6 T	0.52476	0.05450	0.42074
7 T	0.39832	0.18964	0.41204
8 T	0.39832	0.19006	0.41162
9 A	0.33916	0.26289	0.39795
10 A	0.33907	0.59949	0.06144
11 A	0.33219	0.61578	0.05204
12 T	0.25020	0.70088	0.04893
13 A	0.04504	0.91790	0.03706
14 A	0.04501	0.91793	0.03706
15 A	0.04501	0.92095	0.03404
16 G	0.04395	0.92201	0.03404
17 A	0.04265	0.92332	0.03402
18 A	0.04260	0.92342	0.03397
19 C	0.04135	0.92471	0.03393
20 A	0.03645	0.93422	0.02933
21 A	0.03152	0.93919	0.0293
22 A	0.03142	0.94000	0.02859
23 A	0.03142	0.94019	0.02839
24 A	0.03162	0.94015	0.02823
25 A	0.03213	0.93580	0.03206
26 A	0.03295	0.93263	0.03442
27 A	0.04068	0.91353	0.04579
28 G	0.06473	0.87223	0.06305
29 A	0.08636	0.84226	0.07137
30 G	0.13327	0.68613	0.1806
31 A	0.15526	0.65325	0.19149
32 T	0.20317	0.54023	0.25661
33 T	0.43809	0.27785	0.28406
34 A	0.44350	0.26608	0.29043
35 T	0.44744	0.20108	0.35147
36 T	0.45072	0.08311	0.46617
37 T	0.44651	0.10510	0.44838
38 T	0.44150	0.12856	0.42994
39 A	0.36717	0.30116	0.33168
40 A	0.35706	0.31991	0.32303
41 A	0.35146	0.32775	0.32078
42 G	0.34835	0.33152	0.32013
43 G	0.35172	0.32377	0.32451
44 C	0.35153	0.32133	0.32714
45 T	0.35203	0.32582	0.32215
46 A	0.35213	0.33183	0.31603
47 C	0.35234	0.33268	0.31498
48 T	0.35241	0.33462	0.31296
49 A	0.35238	0.33605	0.31157
50 A	0.35252	0.33719	0.31029
51 T	0.35361	0.33616	0.31023
52 T	0.35447	0.33535	0.31017
53 C	0.35432	0.33547	0.3102
54 T	0.35616	0.33467	0.30917
55 G	0.35515	0.33938	0.30548
56 A	0.35764	0.33857	0.30379
57 G	0.36881	0.33019	0.301
58 A	0.38496	0.32448	0.29056
59 T	0.43485	0.27126	0.29389
60 T	0.45800	0.25461	0.28739
61 A	0.47079	0.23819	0.29101
62 A	0.52931	0.12731	0.34338
63 T	0.53091	0.12209	0.34699
64 A	0.51824	0.13615	0.34561
65 C	0.51133	0.14539	0.34328
66 T	0.50372	0.18545	0.31083
67 G	0.49012	0.20460	0.30529
68 G	0.47919	0.21592	0.30489
69 T	0.48059	0.21497	0.30444
70 T	0.47298	0.22304	0.30397
71 C	0.43925	0.25853	0.30221
72 C	0.42650	0.27153	0.30197
73 A	0.41295	0.28566	0.30139
74 T	0.39721	0.30196	0.30083
75 A	0.38349	0.31589	0.30062
76 C	0.37966	0.31955	0.30078
77 A	0.37652	0.32263	0.30085
78 A	0.37637	0.32081	0.30283
79 G	0.37591	0.31999	0.3041
80 C	0.37995	0.31539	0.30466
81 A	0.38912	0.30623	0.30465
82 A	0.39718	0.29738	0.30544
83 G	0.40955	0.28273	0.30773
84 G	0.41519	0.27404	0.31076
85 A	0.42172	0.26621	0.31207
86 T	0.43459	0.24153	0.32388
87 T	0.43968	0.22061	0.33971
88 G	0.44250	0.20696	0.35054
89 A	0.46577	0.17457	0.35967
90 T	0.47127	0.15401	0.37472
91 T	0.46995	0.14718	0.38287
92 T	0.46254	0.16069	0.37676
93 A	0.45612	0.17098	0.3729
94 T	0.45477	0.13952	0.40571
95 T	0.44916	0.13382	0.41702
96 A	0.44175	0.13298	0.42526
97 T	0.43696	0.12632	0.43672
98 C	0.42980	0.12182	0.44838
99 T	0.41992	0.13073	0.44935
100 T	0.39237	0.16095	0.44669
101 G	0.33114	0.22863	0.44024
102 C	0.31632	0.25160	0.43207
103 G	0.30745	0.30379	0.38876
104 A	0.30289	0.33649	0.36063
105 A	0.30077	0.35054	0.34868
106 A	0.29986	0.35821	0.34193
107 T	0.29859	0.36340	0.33801
108 A	0.29516	0.37176	0.33308
109 G	0.29116	0.38012	0.32872
110 A	0.28899	0.39546	0.31555
111 A	0.29031	0.40726	0.30243
112 G	0.29270	0.41639	0.29091
113 A	0.29685	0.43520	0.26796
114 A	0.30410	0.44149	0.25441
115 T	0.31686	0.43843	0.24471
116 T	0.32402	0.44403	0.23195
117 A	0.32366	0.47224	0.2041
118 A	0.32486	0.49239	0.18275
119 A	0.32693	0.51094	0.16212
120 T	0.32907	0.50264	0.16829
121 A	0.32807	0.49605	0.17588
122 A	0.32937	0.48299	0.18764
123 A	0.33473	0.45148	0.21378
124 C	0.34511	0.38931	0.26558
125 A	0.35484	0.38133	0.26383
126 T	0.39565	0.34326	0.26109
127 T	0.41213	0.34401	0.24386
128 T	0.41182	0.36512	0.22306
129 A	0.40582	0.37372	0.22046
130 A	0.39596	0.38376	0.22028
131 A	0.39031	0.38676	0.22293
132 A	0.39102	0.38173	0.22725
133 C	0.40445	0.36526	0.23029
134 A	0.41856	0.35103	0.23041
135 A	0.43529	0.33375	0.23096
136 C	0.45991	0.30829	0.2318
137 A	0.47901	0.28907	0.23192
138 T	0.50261	0.26529	0.2321
139 C	0.51890	0.24740	0.23371
140 C	0.54294	0.22280	0.23426
141 A	0.56428	0.20267	0.23305
142 T	0.59107	0.17636	0.23256
143 T	0.59207	0.17549	0.23244
144 T	0.59212	0.17489	0.23299
145 G	0.59110	0.17446	0.23444
146 A	0.59461	0.16761	0.23778
147 T	0.60391	0.15286	0.24323
148 T	0.61818	0.13219	0.24963
149 T	0.62638	0.11587	0.25775
150 T	0.63808	0.09879	0.26313
151 C	0.64926	0.08175	0.26899
152 A	0.65076	0.07596	0.27327
153 T	0.65236	0.06427	0.28337
154 T	0.65208	0.05528	0.29264
155 C	0.65042	0.05382	0.29576
156 T	0.64482	0.05892	0.29626
157 A	0.62989	0.07182	0.29829
158 A	0.62410	0.07546	0.30044
159 A	0.61908	0.07736	0.30356
160 C	0.61444	0.07936	0.3062
161 G	0.61055	0.08036	0.30909
162 T	0.60882	0.07948	0.31169
163 G	0.60591	0.08244	0.31165
164 G	0.60354	0.08647	0.31
165 T	0.60276	0.09267	0.30457
166 T	0.59861	0.10656	0.29483
167 T	0.58982	0.14399	0.2662
168 G	0.56122	0.22385	0.21493
169 T	0.54339	0.25794	0.19867
170 T	0.52041	0.29181	0.18778
171 A	0.44728	0.39082	0.1619
172 A	0.41173	0.43614	0.15213
173 C	0.39338	0.45804	0.14858
174 T	0.36739	0.49259	0.14002
175 A	0.28894	0.58249	0.12857
176 A	0.25815	0.61823	0.12362
177 A	0.25099	0.62842	0.1206
178 A	0.24780	0.63211	0.12009
179 A	0.24517	0.62932	0.12552
180 T	0.24411	0.61831	0.13758
181 A	0.24185	0.61757	0.14057
182 A	0.23787	0.62061	0.14152
183 A	0.23644	0.62047	0.14309
184 A	0.23530	0.62155	0.14316
185 A	0.23525	0.61996	0.14479
186 A	0.23706	0.61442	0.14853
187 A	0.24099	0.60450	0.15452
188 G	0.24909	0.58738	0.16354
189 A	0.26316	0.56386	0.17298
190 A	0.29697	0.51742	0.18561
191 G	0.35382	0.42719	0.21899
192 T	0.37908	0.37533	0.24559
193 A	0.39033	0.33791	0.27175
194 T	0.41635	0.23420	0.34946
195 T	0.42513	0.19317	0.38171
196 T	0.42994	0.17111	0.39895
197 A	0.43292	0.14846	0.41862
198 T	0.43904	0.08271	0.47825
199 C	0.43783	0.06509	0.49708
200 T	0.43563	0.07845	0.48591
201 T	0.42529	0.11519	0.45952
202 A	0.37908	0.21714	0.40378
203 A	0.34769	0.31638	0.33593
204 G	0.33735	0.34822	0.31443
205 T	0.33551	0.36852	0.29596
206 A	0.32167	0.41418	0.26414
207 T	0.31910	0.43815	0.24276
208 T	0.30257	0.49003	0.2074
209 T	0.29345	0.50710	0.19944
210 A	0.27981	0.52608	0.1941
211 A	0.27202	0.53427	0.1937
212 A	0.27147	0.53485	0.19368
213 G	0.27162	0.53454	0.19385
214 T	0.27269	0.53334	0.19397
215 C	0.27348	0.53246	0.19406
216 T	0.27474	0.53116	0.19411
217 A	0.27557	0.53029	0.19414
218 A	0.27608	0.52967	0.19425
219 A	0.27693	0.52855	0.19452
220 A	0.28070	0.52404	0.19526
221 G	0.28803	0.51204	0.19992
222 T	0.30596	0.48754	0.2065
223 A	0.32226	0.46467	0.21306
224 A	0.35111	0.42369	0.2252
225 A	0.40675	0.32633	0.26692
226 T	0.48497	0.21604	0.29898
227 T	0.51091	0.17628	0.31282
228 A	0.53308	0.14507	0.32185
229 T	0.56560	0.08974	0.34466
230 A	0.58349	0.05668	0.35982
231 A	0.61287	0.00000	0.38713
