# lcl|CP097583.1_cds_USQ93475.1_1
# AA	inside	membr	outside
1 A	0.36529	0.00000	0.6347
2 T	0.36202	0.00327	0.6347
3 G	0.35883	0.00646	0.6347
4 T	0.35883	0.05555	0.58562
5 C	0.28002	0.17823	0.54175
6 A	0.28001	0.19588	0.52411
7 A	0.18645	0.29570	0.51785
8 A	0.18644	0.29577	0.51778
9 T	0.18161	0.30116	0.51722
10 A	0.18160	0.33794	0.48045
11 A	0.18079	0.34099	0.47822
12 A	0.14818	0.37488	0.47694
13 A	0.09643	0.43661	0.46696
14 T	0.09643	0.43662	0.46696
15 T	0.09643	0.52305	0.38052
16 A	0.08688	0.53260	0.38052
17 A	0.07758	0.54248	0.37994
18 A	0.07733	0.54340	0.37926
19 A	0.07495	0.54619	0.37886
20 A	0.07060	0.55753	0.37187
21 A	0.06569	0.56235	0.37196
22 A	0.06630	0.56289	0.37081
23 A	0.06877	0.55890	0.37233
24 T	0.07537	0.55017	0.37446
25 A	0.07923	0.53381	0.38696
26 A	0.08453	0.51844	0.39703
27 T	0.13184	0.43805	0.43011
28 T	0.16934	0.33203	0.49863
29 C	0.18243	0.30972	0.50785
30 T	0.19885	0.25969	0.54146
31 T	0.20009	0.26332	0.5366
32 T	0.20007	0.26510	0.53482
33 A	0.20399	0.26378	0.53222
34 A	0.20409	0.26505	0.53086
35 A	0.20822	0.22956	0.56222
36 T	0.22129	0.16903	0.60968
37 A	0.22445	0.16427	0.61129
38 A	0.29949	0.08754	0.61297
39 T	0.29736	0.07988	0.62275
40 T	0.29394	0.07479	0.63127
41 C	0.28848	0.08005	0.63147
42 G	0.28193	0.09661	0.62147
43 A	0.28439	0.09334	0.62228
44 A	0.28134	0.09540	0.62327
45 T	0.28279	0.09455	0.62266
46 T	0.27459	0.10328	0.62214
47 C	0.25935	0.11893	0.62172
48 T	0.24302	0.14022	0.61676
49 G	0.21880	0.17618	0.60502
50 A	0.20130	0.20798	0.59072
51 T	0.20245	0.20931	0.58825
52 A	0.20117	0.21170	0.58712
53 T	0.20027	0.21268	0.58705
54 T	0.19514	0.21867	0.58619
55 T	0.18057	0.23340	0.58603
56 C	0.15395	0.25659	0.58945
57 A	0.11905	0.29349	0.58747
58 G	0.09903	0.31468	0.58629
59 A	0.09545	0.31918	0.58538
60 A	0.09228	0.32254	0.58519
61 A	0.09052	0.32413	0.58536
62 T	0.09241	0.31763	0.58996
63 A	0.08938	0.31709	0.59353
64 A	0.08831	0.31335	0.59834
65 A	0.09428	0.30183	0.60389
66 T	0.09453	0.29815	0.60732
67 A	0.09445	0.29462	0.61093
68 A	0.09487	0.29060	0.61453
69 T	0.09601	0.27829	0.6257
70 A	0.09514	0.26588	0.63898
71 T	0.09858	0.24637	0.65506
72 A	0.10521	0.22060	0.67419
73 G	0.11500	0.19366	0.69134
74 G	0.11664	0.18798	0.69538
75 A	0.11819	0.18047	0.70134
76 T	0.12097	0.16198	0.71706
77 T	0.12471	0.14144	0.73385
78 T	0.12642	0.12250	0.75109
79 G	0.12574	0.10519	0.76907
80 T	0.12627	0.08194	0.79179
81 T	0.12477	0.07314	0.80208
82 A	0.12011	0.08214	0.79775
83 A	0.10270	0.10477	0.79253
84 A	0.08289	0.12927	0.78784
85 G	0.07393	0.13894	0.78712
86 A	0.07055	0.14481	0.78464
87 A	0.06946	0.14903	0.78151
88 G	0.06927	0.15255	0.77818
89 T	0.06977	0.16460	0.76563
90 A	0.06788	0.20002	0.7321
91 A	0.06664	0.22735	0.70601
92 A	0.06555	0.24770	0.68674
93 T	0.06591	0.25360	0.68049
94 A	0.06531	0.26426	0.67043
95 T	0.06614	0.26508	0.66878
96 T	0.06573	0.26444	0.66982
97 A	0.06472	0.26521	0.67006
98 G	0.06449	0.26480	0.6707
99 T	0.06382	0.26483	0.67135
100 C	0.06243	0.26532	0.67225
101 A	0.06061	0.26697	0.67242
102 A	0.06074	0.26605	0.6732
103 G	0.06194	0.26402	0.67404
104 A	0.06445	0.26018	0.67536
105 A	0.07022	0.25107	0.67871
106 A	0.07827	0.22429	0.69743
107 T	0.08552	0.19711	0.71736
108 G	0.08808	0.18562	0.72629
109 G	0.09368	0.17665	0.72967
110 A	0.10085	0.16884	0.7303
111 A	0.10893	0.16007	0.73099
112 A	0.12435	0.14336	0.73229
113 A	0.16146	0.10324	0.7353
114 A	0.19235	0.06940	0.73825
115 T	0.21537	0.04334	0.74129
116 C	0.22302	0.03383	0.74315
117 T	0.23337	0.02404	0.74259
118 T	0.23644	0.02128	0.74228
119 T	0.23666	0.02103	0.74231
120 T	0.23626	0.02232	0.74142
121 T	0.23199	0.02757	0.74044
122 T	0.22768	0.03103	0.74129
123 A	0.22149	0.03647	0.74204
124 G	0.21665	0.03947	0.74387
125 A	0.21383	0.04130	0.74487
126 T	0.21242	0.04182	0.74576
127 T	0.21144	0.04217	0.74639
128 A	0.21051	0.04255	0.74695
129 C	0.21002	0.04252	0.74746
130 G	0.20991	0.04244	0.74765
131 C	0.20990	0.04222	0.74788
132 C	0.20965	0.04249	0.74786
133 A	0.21044	0.04190	0.74766
134 T	0.21132	0.04101	0.74767
135 G	0.21099	0.04129	0.74772
136 A	0.21096	0.04129	0.74775
137 G	0.21111	0.04103	0.74787
138 C	0.21160	0.04008	0.74832
139 G	0.21245	0.03898	0.74857
140 T	0.21511	0.03612	0.74877
141 T	0.21639	0.03443	0.74918
142 A	0.21693	0.03379	0.74927
143 T	0.21797	0.03236	0.74966
144 T	0.21795	0.02782	0.75422
145 G	0.21701	0.02349	0.75949
146 T	0.21652	0.01798	0.7655
147 T	0.21579	0.01473	0.76948
148 T	0.21314	0.01557	0.77129
149 C	0.20572	0.02291	0.77137
150 A	0.19733	0.03570	0.76696
151 A	0.19186	0.04204	0.7661
152 G	0.18523	0.04873	0.76604
153 A	0.18314	0.05167	0.76519
154 G	0.18253	0.05288	0.76458
155 C	0.18226	0.05285	0.76489
156 T	0.18213	0.05292	0.76495
157 T	0.18176	0.05319	0.76505
158 T	0.18097	0.05382	0.7652
159 A	0.17898	0.05581	0.76521
160 C	0.17700	0.05783	0.76516
161 C	0.17447	0.06069	0.76484
162 A	0.17330	0.06281	0.76389
163 G	0.17287	0.06391	0.76321
164 A	0.17275	0.06452	0.76273
165 A	0.17286	0.06445	0.76269
166 A	0.17320	0.06399	0.76282
167 T	0.17434	0.06068	0.76498
168 T	0.17464	0.05734	0.76802
169 C	0.17427	0.05461	0.77113
170 A	0.17400	0.05368	0.77232
171 A	0.17372	0.05192	0.77436
172 G	0.17413	0.04649	0.77938
173 A	0.17695	0.03826	0.78479
174 T	0.17754	0.03354	0.78893
175 G	0.17648	0.02840	0.79512
176 G	0.17571	0.02968	0.79461
177 T	0.17423	0.03425	0.79153
178 T	0.17112	0.04081	0.78806
179 T	0.16452	0.05012	0.78536
180 A	0.15199	0.06318	0.78483
181 A	0.14567	0.06878	0.78555
182 A	0.14147	0.07106	0.78746
183 A	0.13791	0.07250	0.78959
184 C	0.13583	0.07188	0.79229
185 C	0.13542	0.07150	0.79309
186 T	0.13457	0.07221	0.79322
187 G	0.13124	0.07558	0.79319
188 T	0.12941	0.07744	0.79315
189 T	0.12536	0.08164	0.793
190 C	0.11924	0.08775	0.79302
191 A	0.11395	0.09321	0.79284
192 A	0.10876	0.09819	0.79306
193 A	0.10462	0.10214	0.79324
194 G	0.10128	0.10510	0.79362
195 A	0.09930	0.10734	0.79336
196 A	0.09851	0.10733	0.79416
197 G	0.09842	0.10625	0.79533
198 A	0.09967	0.10377	0.79656
199 A	0.10310	0.09781	0.79909
200 T	0.10693	0.08969	0.80338
201 T	0.10980	0.08261	0.80759
202 A	0.11113	0.07622	0.81265
203 T	0.11174	0.06600	0.82225
204 A	0.11160	0.06323	0.82517
205 T	0.11149	0.06010	0.8284
206 A	0.11138	0.05886	0.82977
207 T	0.11136	0.05749	0.83115
208 A	0.11128	0.05775	0.83097
209 G	0.11129	0.05588	0.83283
210 T	0.11141	0.05263	0.83596
211 A	0.11139	0.05141	0.8372
212 T	0.11147	0.04855	0.83997
213 G	0.11126	0.04522	0.84352
214 A	0.11137	0.04449	0.84415
215 A	0.11143	0.04447	0.8441
216 A	0.11151	0.04631	0.84218
217 G	0.11178	0.04727	0.84095
218 A	0.11245	0.04754	0.84001
219 A	0.11313	0.04791	0.83896
220 T	0.11384	0.04771	0.83845
221 T	0.11431	0.04696	0.83874
222 A	0.11334	0.04785	0.83881
223 G	0.11301	0.04801	0.83898
224 G	0.11329	0.04745	0.83925
225 C	0.11401	0.04637	0.83962
226 G	0.11495	0.04539	0.83966
227 T	0.11758	0.04275	0.83967
228 C	0.11838	0.04199	0.83963
229 A	0.11851	0.04193	0.83956
230 C	0.11837	0.04213	0.83949
231 T	0.11914	0.04136	0.8395
232 T	0.11873	0.04183	0.83944
233 C	0.11659	0.04399	0.83942
234 A	0.11545	0.04531	0.83924
235 C	0.11611	0.04458	0.83931
236 A	0.11705	0.04347	0.83949
237 A	0.11899	0.04142	0.83959
238 A	0.12321	0.03710	0.83969
239 C	0.12904	0.03093	0.84004
240 T	0.13147	0.02859	0.83994
241 A	0.12865	0.03140	0.83995
242 G	0.12800	0.03177	0.84023
243 T	0.12725	0.03232	0.84042
244 T	0.12379	0.03559	0.84062
245 A	0.11904	0.03924	0.84172
246 C	0.11589	0.04177	0.84234
247 A	0.11386	0.04394	0.8422
248 A	0.11271	0.04512	0.84217
249 A	0.11191	0.04593	0.84216
250 A	0.10988	0.04785	0.84227
251 A	0.10887	0.04854	0.8426
252 A	0.10851	0.04653	0.84496
253 G	0.10840	0.04332	0.84829
254 C	0.10846	0.04086	0.85069
255 T	0.10851	0.03985	0.85164
256 G	0.10837	0.03850	0.85313
257 C	0.10846	0.03736	0.85418
258 T	0.10840	0.03727	0.85433
259 A	0.10829	0.03734	0.85437
260 G	0.10828	0.03636	0.85536
261 A	0.10831	0.03583	0.85586
262 A	0.10835	0.03529	0.85636
263 T	0.10851	0.03107	0.86042
264 T	0.10869	0.02462	0.86669
265 G	0.10864	0.02059	0.87077
266 T	0.10866	0.01735	0.87399
267 C	0.10865	0.01359	0.87776
268 G	0.10865	0.01142	0.87992
269 G	0.10874	0.00954	0.88173
270 T	0.10904	0.00833	0.88264
271 G	0.10916	0.00768	0.88316
272 A	0.10930	0.00727	0.88343
273 T	0.10935	0.00504	0.8856
274 G	0.10936	0.00398	0.88665
275 T	0.10937	0.00359	0.88704
276 T	0.10927	0.00368	0.88705
277 A	0.10909	0.00454	0.88638
278 T	0.10878	0.00508	0.88614
279 G	0.10815	0.00604	0.88581
280 G	0.10717	0.00796	0.88486
281 G	0.10658	0.00936	0.88406
282 T	0.10595	0.01153	0.88252
283 A	0.10467	0.01644	0.87889
284 A	0.10431	0.01765	0.87804
285 A	0.10396	0.01811	0.87792
286 T	0.10376	0.01844	0.87779
287 A	0.10352	0.01877	0.87772
288 T	0.10339	0.01883	0.87778
289 C	0.10318	0.01901	0.87782
290 A	0.10305	0.01911	0.87784
291 T	0.10309	0.01904	0.87787
292 C	0.10277	0.01934	0.8779
293 C	0.10266	0.01945	0.8779
294 T	0.10269	0.01941	0.8779
295 C	0.10242	0.01968	0.8779
296 A	0.10215	0.01996	0.87789
297 T	0.10227	0.01985	0.87788
298 G	0.10224	0.01988	0.87788
299 G	0.10241	0.01959	0.878
300 T	0.10321	0.01865	0.87814
301 G	0.10349	0.01791	0.8786
302 A	0.10412	0.01671	0.87917
303 T	0.10541	0.01442	0.88017
304 A	0.10606	0.01321	0.88073
305 G	0.10735	0.01106	0.88159
306 T	0.11061	0.00683	0.88256
307 A	0.11110	0.00614	0.88276
308 G	0.11118	0.00579	0.88304
309 T	0.11130	0.00577	0.88293
310 A	0.11120	0.00596	0.88284
311 T	0.11114	0.00607	0.88279
312 T	0.11091	0.00659	0.8825
313 T	0.11071	0.00741	0.88188
314 A	0.11028	0.00914	0.88058
315 T	0.11009	0.01048	0.87943
316 G	0.10971	0.01113	0.87915
317 A	0.10937	0.01240	0.87823
318 A	0.10849	0.01393	0.87758
319 G	0.10790	0.01526	0.87684
320 C	0.10684	0.01703	0.87613
321 A	0.10580	0.01911	0.8751
322 A	0.10543	0.02011	0.87446
323 T	0.10528	0.02048	0.87425
324 G	0.10479	0.02119	0.87401
325 G	0.10424	0.02222	0.87354
326 T	0.10403	0.02268	0.87329
327 A	0.10363	0.02329	0.87308
328 A	0.10340	0.02394	0.87265
329 G	0.10336	0.02410	0.87254
330 A	0.10347	0.02413	0.8724
331 A	0.10361	0.02393	0.87245
332 T	0.10400	0.02338	0.87263
333 G	0.10424	0.02286	0.8729
334 G	0.10457	0.02231	0.87311
335 C	0.10510	0.02149	0.87341
336 A	0.10582	0.02069	0.87349
337 C	0.10708	0.01922	0.8737
338 A	0.10843	0.01787	0.87369
339 A	0.10909	0.01709	0.87381
340 A	0.11034	0.01570	0.87397
341 A	0.11182	0.01337	0.87481
342 T	0.11368	0.01090	0.87542
343 T	0.11479	0.00849	0.87673
344 T	0.11549	0.00665	0.87786
345 T	0.11577	0.00592	0.87832
346 A	0.11574	0.00573	0.87853
347 A	0.11590	0.00504	0.87907
348 T	0.11643	0.00386	0.87971
349 T	0.11673	0.00325	0.88001
350 A	0.11695	0.00271	0.88035
351 T	0.11740	0.00202	0.88057
352 C	0.11755	0.00179	0.88067
353 G	0.11776	0.00167	0.88057
354 T	0.11785	0.00158	0.88057
355 T	0.11789	0.00153	0.88057
356 A	0.11788	0.00154	0.88058
357 T	0.11791	0.00151	0.88058
358 C	0.11778	0.00158	0.88064
359 C	0.11777	0.00162	0.88062
360 T	0.11777	0.00170	0.88053
361 T	0.11775	0.00183	0.88042
362 T	0.11769	0.00200	0.88031
363 A	0.11755	0.00223	0.88022
364 A	0.11729	0.00257	0.88014
365 T	0.11720	0.00264	0.88015
366 T	0.11706	0.00276	0.88018
367 G	0.11688	0.00291	0.88021
368 A	0.11679	0.00296	0.88026
369 T	0.11675	0.00284	0.88041
370 G	0.11663	0.00288	0.88049
371 G	0.11658	0.00288	0.88055
372 G	0.11652	0.00288	0.8806
373 C	0.11648	0.00285	0.88067
374 A	0.11647	0.00286	0.88067
375 C	0.11653	0.00278	0.8807
376 G	0.11663	0.00268	0.88069
377 G	0.11665	0.00267	0.88069
378 T	0.11667	0.00265	0.88069
379 A	0.11668	0.00263	0.88069
380 A	0.11670	0.00259	0.88071
381 C	0.11678	0.00230	0.88092
382 T	0.11689	0.00212	0.881
383 T	0.11698	0.00195	0.88107
384 T	0.11708	0.00180	0.88112
385 G	0.11712	0.00169	0.8812
386 G	0.11718	0.00154	0.88128
387 T	0.11725	0.00115	0.8816
388 T	0.11727	0.00095	0.88178
389 C	0.11728	0.00078	0.88194
390 T	0.11730	0.00075	0.88195
391 A	0.11729	0.00085	0.88186
392 T	0.11728	0.00093	0.88178
393 T	0.11722	0.00109	0.88169
394 G	0.11711	0.00131	0.88158
395 A	0.11704	0.00159	0.88137
396 T	0.11691	0.00188	0.88121
397 G	0.11656	0.00251	0.88094
398 G	0.11645	0.00278	0.88077
399 A	0.11642	0.00296	0.88062
400 G	0.11639	0.00301	0.88061
401 A	0.11636	0.00306	0.88058
402 T	0.11631	0.00310	0.88058
403 T	0.11629	0.00312	0.88059
404 C	0.11625	0.00317	0.88059
405 T	0.11619	0.00325	0.88056
406 G	0.11606	0.00339	0.88056
407 C	0.11593	0.00352	0.88054
408 T	0.11542	0.00408	0.88049
409 G	0.11451	0.00500	0.88049
410 C	0.11379	0.00573	0.88049
411 G	0.11330	0.00625	0.88045
412 G	0.11310	0.00649	0.8804
413 C	0.11308	0.00653	0.88039
414 A	0.11318	0.00645	0.88037
415 A	0.11329	0.00635	0.88037
416 T	0.11346	0.00610	0.88044
417 G	0.11348	0.00595	0.88057
418 C	0.11370	0.00568	0.88063
419 G	0.11390	0.00538	0.88072
420 T	0.11419	0.00493	0.88088
421 T	0.11418	0.00491	0.88091
422 A	0.11359	0.00560	0.88081
423 T	0.11004	0.00926	0.88069
424 A	0.10513	0.01424	0.88063
425 C	0.09922	0.02012	0.88065
426 A	0.09310	0.02657	0.88033
427 G	0.09174	0.02812	0.88014
428 A	0.09012	0.03028	0.8796
429 A	0.08922	0.03127	0.87951
430 G	0.08839	0.03203	0.87958
431 T	0.08810	0.03170	0.8802
432 A	0.08653	0.03268	0.88079
433 C	0.08540	0.03334	0.88127
434 G	0.08434	0.03570	0.87996
435 T	0.08397	0.03728	0.87875
436 A	0.08328	0.03827	0.87845
437 T	0.08273	0.03903	0.87825
438 G	0.08110	0.04089	0.878
439 T	0.08019	0.04190	0.87791
440 C	0.07855	0.04361	0.87784
441 A	0.07617	0.04670	0.87714
442 A	0.07505	0.04840	0.87655
443 A	0.07434	0.04940	0.87626
444 A	0.07388	0.05001	0.87611
445 A	0.07345	0.04978	0.87678
446 T	0.07325	0.04488	0.88188
447 A	0.07209	0.04155	0.88636
448 G	0.07183	0.03564	0.89253
449 C	0.07154	0.03082	0.89764
450 A	0.07138	0.03061	0.89802
451 A	0.07158	0.02994	0.89847
452 T	0.07169	0.02940	0.89891
453 G	0.07169	0.02911	0.89919
454 G	0.07190	0.02908	0.89902
455 A	0.07232	0.02816	0.89953
456 A	0.07263	0.02760	0.89977
457 T	0.07418	0.02654	0.89928
458 T	0.07507	0.02827	0.89667
459 A	0.07492	0.03210	0.89298
460 A	0.07501	0.03789	0.8871
461 T	0.07531	0.03854	0.88615
462 T	0.07478	0.04260	0.88262
463 A	0.07119	0.04861	0.88019
464 A	0.06868	0.05064	0.88069
465 A	0.05930	0.06039	0.88031
466 G	0.05045	0.06999	0.87956
467 A	0.04526	0.07588	0.87887
468 A	0.04245	0.07867	0.87888
469 A	0.04062	0.08033	0.87905
470 T	0.03994	0.07994	0.88012
471 A	0.03866	0.08090	0.88045
472 G	0.03825	0.08076	0.88098
473 A	0.03832	0.08047	0.88121
474 T	0.03872	0.07981	0.88146
475 C	0.03817	0.08035	0.88147
476 A	0.03785	0.08062	0.88152
477 G	0.03780	0.08064	0.88157
478 A	0.03832	0.08007	0.88161
479 A	0.03928	0.07904	0.88167
480 C	0.04148	0.07676	0.88176
481 A	0.04524	0.07278	0.88198
482 C	0.05085	0.06660	0.88256
483 T	0.05854	0.05865	0.88282
484 A	0.06072	0.05626	0.88302
485 T	0.06487	0.05150	0.88363
486 T	0.06724	0.04567	0.88709
487 G	0.06782	0.04274	0.88943
488 A	0.06878	0.03155	0.89967
489 T	0.07035	0.01969	0.90996
490 T	0.07118	0.01318	0.91564
491 T	0.07143	0.01043	0.91814
492 T	0.07141	0.00898	0.9196
493 G	0.07104	0.00876	0.9202
494 T	0.07086	0.00824	0.9209
495 A	0.07047	0.00923	0.9203
496 G	0.06976	0.01044	0.9198
497 A	0.06922	0.01306	0.91771
498 T	0.06919	0.01461	0.9162
499 A	0.06866	0.01821	0.91312
500 A	0.06833	0.02226	0.90941
501 T	0.06822	0.02450	0.90728
502 T	0.06807	0.03124	0.9007
503 A	0.06789	0.04070	0.89141
504 T	0.06782	0.04593	0.88625
505 G	0.06771	0.04880	0.88349
506 A	0.06757	0.05261	0.87982
507 T	0.06713	0.05771	0.87515
508 G	0.06616	0.06149	0.87235
509 G	0.06569	0.06224	0.87207
510 A	0.06552	0.06276	0.87172
511 A	0.06545	0.06288	0.87167
512 G	0.06544	0.06270	0.87185
513 C	0.06553	0.06238	0.87209
514 G	0.06567	0.06260	0.87172
515 A	0.06591	0.06320	0.87089
516 A	0.06630	0.06370	0.87
517 A	0.06674	0.06429	0.86897
518 A	0.06768	0.06438	0.86795
519 A	0.06871	0.06283	0.86846
520 G	0.07090	0.05999	0.86911
521 A	0.07329	0.05735	0.86935
522 A	0.07727	0.05280	0.86993
523 C	0.08203	0.04760	0.87037
524 C	0.08541	0.04418	0.87041
525 A	0.09242	0.03735	0.87024
526 G	0.10170	0.02818	0.87012
527 T	0.10793	0.02208	0.86998
528 A	0.11015	0.01993	0.86993
529 A	0.11336	0.01668	0.86996
530 T	0.11787	0.01158	0.87056
531 T	0.11996	0.00851	0.87153
532 C	0.12020	0.00780	0.87201
533 T	0.12047	0.00742	0.87211
534 T	0.12053	0.00732	0.87215
535 C	0.12047	0.00737	0.87217
536 C	0.12007	0.00776	0.87217
537 G	0.11976	0.00808	0.87216
538 A	0.12016	0.00768	0.87216
539 C	0.12084	0.00700	0.87215
540 A	0.12175	0.00618	0.87207
541 A	0.12282	0.00515	0.87204
542 G	0.12319	0.00474	0.87207
543 T	0.12347	0.00444	0.87209
544 T	0.12358	0.00431	0.87211
545 T	0.12364	0.00418	0.87218
546 T	0.12358	0.00421	0.87221
547 C	0.12351	0.00424	0.87224
548 C	0.12356	0.00420	0.87224
549 T	0.12363	0.00414	0.87223
550 A	0.12368	0.00413	0.8722
551 A	0.12376	0.00407	0.87218
552 T	0.12387	0.00397	0.87217
553 C	0.12388	0.00396	0.87215
554 T	0.12389	0.00395	0.87217
555 T	0.12376	0.00407	0.87217
556 T	0.12358	0.00426	0.87216
557 T	0.12312	0.00474	0.87215
558 A	0.12214	0.00582	0.87204
559 A	0.12177	0.00584	0.87239
560 T	0.12163	0.00531	0.87306
561 A	0.12137	0.00526	0.87337
562 A	0.12126	0.00513	0.87361
563 A	0.12126	0.00502	0.87373
564 T	0.12119	0.00498	0.87383
565 G	0.12105	0.00503	0.87391
566 G	0.12091	0.00516	0.87393
567 A	0.12080	0.00530	0.87389
568 G	0.12077	0.00523	0.874
569 C	0.12074	0.00514	0.87412
570 G	0.12072	0.00517	0.87411
571 A	0.12073	0.00522	0.87405
572 C	0.12075	0.00519	0.87407
573 G	0.12078	0.00542	0.8738
574 G	0.12081	0.00584	0.87336
575 G	0.12086	0.00604	0.8731
576 T	0.12094	0.00630	0.87276
577 A	0.12100	0.00639	0.87261
578 T	0.12109	0.00609	0.87283
579 A	0.12112	0.00585	0.87303
580 G	0.12118	0.00526	0.87356
581 C	0.12134	0.00423	0.87443
582 T	0.12151	0.00401	0.87448
583 G	0.12155	0.00427	0.87418
584 T	0.12163	0.00445	0.87392
585 A	0.12166	0.00472	0.87362
586 G	0.12172	0.00484	0.87345
587 G	0.12178	0.00482	0.8734
588 A	0.12182	0.00482	0.87337
589 A	0.12188	0.00466	0.87346
590 T	0.12201	0.00444	0.87355
591 G	0.12202	0.00442	0.87357
592 G	0.12205	0.00438	0.87357
593 C	0.12214	0.00427	0.87359
594 T	0.12229	0.00415	0.87357
595 A	0.12229	0.00419	0.87352
596 C	0.12254	0.00396	0.8735
597 T	0.12289	0.00372	0.87339
598 A	0.12301	0.00383	0.87316
599 A	0.12327	0.00367	0.87307
600 T	0.12347	0.00348	0.87305
601 A	0.12353	0.00343	0.87304
602 T	0.12369	0.00325	0.87306
603 T	0.12379	0.00314	0.87307
604 C	0.12378	0.00314	0.87308
605 C	0.12391	0.00301	0.87308
606 T	0.12426	0.00267	0.87307
607 T	0.12445	0.00248	0.87307
608 C	0.12456	0.00237	0.87308
609 T	0.12462	0.00232	0.87307
610 C	0.12436	0.00259	0.87305
611 A	0.12429	0.00269	0.87302
612 T	0.12429	0.00272	0.87299
613 A	0.12427	0.00279	0.87294
614 A	0.12428	0.00277	0.87295
615 T	0.12432	0.00273	0.87295
616 T	0.12432	0.00268	0.87301
617 T	0.12432	0.00263	0.87304
618 A	0.12421	0.00270	0.87308
619 G	0.12419	0.00269	0.87312
620 G	0.12427	0.00262	0.87311
621 T	0.12447	0.00250	0.87303
622 G	0.12453	0.00265	0.87282
623 A	0.12455	0.00278	0.87266
624 A	0.12457	0.00281	0.87262
625 G	0.12457	0.00285	0.87258
626 T	0.12458	0.00283	0.87258
627 T	0.12457	0.00283	0.87259
628 A	0.12455	0.00289	0.87256
629 T	0.12455	0.00288	0.87257
630 T	0.12447	0.00298	0.87255
631 G	0.12419	0.00313	0.87268
632 A	0.12410	0.00315	0.87276
633 T	0.12403	0.00296	0.87301
634 G	0.12383	0.00311	0.87307
635 C	0.12372	0.00323	0.87304
636 T	0.12358	0.00363	0.8728
637 T	0.12318	0.00413	0.87269
638 T	0.12225	0.00510	0.87265
639 G	0.11931	0.00812	0.87257
640 A	0.11755	0.00992	0.87253
641 C	0.11698	0.01039	0.87263
642 C	0.11639	0.01118	0.87244
643 G	0.11585	0.01219	0.87196
644 C	0.11571	0.01266	0.87163
645 T	0.11572	0.01351	0.87077
646 T	0.11566	0.01453	0.86981
647 A	0.11539	0.01562	0.86899
648 T	0.11529	0.01631	0.8684
649 A	0.11502	0.01705	0.86793
650 T	0.11496	0.01729	0.86775
651 A	0.11427	0.01815	0.86758
652 A	0.11410	0.01850	0.8674
653 A	0.11412	0.01851	0.86737
654 T	0.11410	0.01839	0.86751
655 A	0.11395	0.01875	0.86731
656 A	0.11389	0.01915	0.86696
657 T	0.11374	0.01920	0.86706
658 A	0.11342	0.01957	0.867
659 A	0.11327	0.01968	0.86706
660 A	0.11316	0.01955	0.86729
661 G	0.11314	0.01865	0.8682
662 A	0.11322	0.01592	0.87085
663 G	0.11341	0.01413	0.87246
664 A	0.11385	0.01314	0.87301
665 T	0.11497	0.01140	0.87364
666 T	0.11594	0.00986	0.87421
667 T	0.11634	0.00898	0.87467
668 C	0.11669	0.00838	0.87494
669 T	0.11709	0.00811	0.8748
670 A	0.11734	0.00777	0.87489
671 T	0.11784	0.00712	0.87503
672 T	0.11813	0.00660	0.87527
673 T	0.11802	0.00663	0.87534
674 C	0.11701	0.00701	0.87598
675 T	0.11639	0.00863	0.87498
676 G	0.11551	0.01313	0.87137
677 A	0.11516	0.01593	0.86892
678 A	0.11533	0.01680	0.86788
679 T	0.11582	0.01724	0.86694
680 T	0.11601	0.01754	0.86645
681 A	0.11617	0.01815	0.86568
682 G	0.11636	0.01786	0.86577
683 T	0.11660	0.01769	0.8657
684 T	0.11657	0.01787	0.86556
685 A	0.11634	0.01833	0.86534
686 C	0.11634	0.01842	0.86524
687 A	0.11631	0.01872	0.86498
688 T	0.11634	0.01886	0.8648
689 A	0.11635	0.01900	0.86466
690 T	0.11642	0.01906	0.86452
691 A	0.11644	0.01925	0.8643
692 T	0.11662	0.01909	0.86429
693 T	0.11639	0.01937	0.86424
694 A	0.11595	0.02025	0.8638
695 A	0.11583	0.02039	0.86378
696 A	0.11559	0.02029	0.86412
697 G	0.11566	0.01906	0.86527
698 G	0.11697	0.01694	0.86609
699 T	0.12121	0.01186	0.86693
700 C	0.12332	0.00950	0.86718
701 C	0.12423	0.00885	0.86692
702 T	0.12478	0.00962	0.86561
703 G	0.12497	0.01021	0.86482
704 A	0.12561	0.01015	0.86424
705 T	0.12595	0.00986	0.86419
706 T	0.12622	0.00956	0.86421
707 T	0.12633	0.00927	0.8644
708 T	0.12622	0.00907	0.86472
709 C	0.12515	0.00998	0.86487
710 C	0.12409	0.01101	0.86491
711 T	0.12294	0.01243	0.86463
712 A	0.12051	0.01502	0.86448
713 C	0.11978	0.01580	0.86442
714 T	0.11888	0.01692	0.8642
715 G	0.11598	0.02012	0.8639
716 G	0.11423	0.02183	0.86394
717 T	0.11299	0.02309	0.86391
718 G	0.10839	0.02824	0.86337
719 G	0.10365	0.03353	0.86282
720 A	0.10103	0.03695	0.86202
721 G	0.09990	0.03869	0.86141
722 A	0.09955	0.04034	0.86011
723 A	0.09982	0.04078	0.8594
724 A	0.10034	0.04111	0.85855
725 T	0.10169	0.04065	0.85765
726 T	0.10215	0.04225	0.8556
727 T	0.10206	0.04526	0.85268
728 T	0.09965	0.05540	0.84494
729 A	0.09057	0.07323	0.8362
730 G	0.08636	0.08087	0.83277
731 A	0.08426	0.08507	0.83067
732 A	0.08266	0.08651	0.83083
733 G	0.08146	0.08692	0.83162
734 T	0.08140	0.08593	0.83267
735 T	0.08089	0.08440	0.83471
736 G	0.07943	0.08538	0.83519
737 A	0.07848	0.08612	0.83539
738 T	0.07824	0.08449	0.83727
739 A	0.07714	0.08533	0.83753
740 A	0.07646	0.08538	0.83816
741 A	0.07660	0.08107	0.84232
742 T	0.07738	0.07590	0.84672
743 T	0.07690	0.07443	0.84867
744 G	0.07155	0.07940	0.84905
745 C	0.06946	0.08226	0.84828
746 A	0.06706	0.08997	0.84297
747 A	0.06587	0.09634	0.83779
748 G	0.06638	0.10079	0.83283
749 A	0.06894	0.10769	0.82337
750 A	0.07210	0.11429	0.81361
751 A	0.08080	0.11390	0.80531
752 T	0.08996	0.10691	0.80313
753 T	0.09255	0.11511	0.79234
754 T	0.09174	0.12694	0.78133
755 A	0.08755	0.14379	0.76867
756 T	0.08304	0.16182	0.75514
757 G	0.07307	0.18188	0.74505
758 A	0.06524	0.19688	0.73788
759 A	0.05860	0.20919	0.7322
760 A	0.05569	0.21489	0.72942
761 A	0.05389	0.21821	0.7279
762 A	0.05361	0.21853	0.72786
763 G	0.05352	0.21850	0.72798
764 G	0.05313	0.21898	0.72788
765 A	0.05335	0.21933	0.72731
766 A	0.05385	0.21893	0.72723
767 G	0.05469	0.21359	0.73172
768 A	0.05600	0.21099	0.73301
769 G	0.06068	0.20536	0.73397
770 G	0.06561	0.20331	0.73108
771 A	0.07023	0.20792	0.72186
772 A	0.07950	0.20269	0.71781
773 A	0.09015	0.19360	0.71624
774 A	0.10420	0.18018	0.71561
775 A	0.12095	0.16401	0.71503
776 T	0.14246	0.14082	0.71672
777 T	0.15565	0.12569	0.71867
778 A	0.16352	0.11510	0.72138
779 T	0.17431	0.09993	0.72575
780 T	0.17989	0.08664	0.73347
781 A	0.18105	0.07955	0.7394
782 T	0.18582	0.06810	0.74608
783 T	0.18696	0.06439	0.74865
784 C	0.18672	0.06288	0.75039
785 G	0.18708	0.06220	0.75072
786 T	0.18835	0.06072	0.75093
787 T	0.18862	0.06050	0.75087
788 C	0.18813	0.06120	0.75066
789 T	0.18846	0.06202	0.74952
790 A	0.18760	0.06440	0.748
791 A	0.18847	0.06515	0.74637
792 A	0.18867	0.06637	0.74495
793 A	0.19151	0.06641	0.74208
794 T	0.19964	0.05956	0.7408
795 T	0.19757	0.06532	0.73711
796 A	0.18889	0.07928	0.73183
797 A	0.18756	0.08214	0.7303
798 T	0.18800	0.08258	0.72942
799 A	0.18581	0.08726	0.72693
800 T	0.18489	0.08933	0.72579
801 T	0.18039	0.09532	0.72429
802 G	0.17207	0.10434	0.72359
803 T	0.16836	0.10839	0.72325
804 G	0.16354	0.11259	0.72387
805 A	0.16164	0.11406	0.7243
806 C	0.16150	0.11228	0.72622
807 T	0.16167	0.11194	0.72638
808 T	0.16124	0.11266	0.7261
809 C	0.15979	0.11660	0.7236
810 T	0.14944	0.14064	0.70992
811 G	0.13806	0.16171	0.70023
812 A	0.13257	0.17549	0.69193
813 A	0.12271	0.19357	0.68372
814 A	0.11776	0.20193	0.68031
815 A	0.11651	0.20267	0.68082
816 A	0.11803	0.20035	0.68162
817 A	0.12001	0.19764	0.68235
818 A	0.12423	0.18960	0.68616
819 T	0.12968	0.17802	0.69229
820 A	0.13049	0.18424	0.68526
821 A	0.13164	0.19068	0.67768
822 A	0.12867	0.20538	0.66596
823 A	0.12926	0.20204	0.66869
824 G	0.13156	0.19314	0.6753
825 T	0.13361	0.18365	0.68274
826 T	0.13507	0.17925	0.68568
827 C	0.13495	0.17653	0.68852
828 G	0.13503	0.17810	0.68687
829 A	0.13581	0.18075	0.68345
830 T	0.13810	0.17963	0.68226
831 A	0.13963	0.17944	0.68093
832 A	0.14467	0.17524	0.68009
833 T	0.16028	0.14775	0.69197
834 T	0.16809	0.13223	0.69969
835 A	0.17174	0.12420	0.70406
836 T	0.17702	0.11091	0.71207
837 T	0.17565	0.10801	0.71634
838 A	0.16856	0.11514	0.71629
839 C	0.16157	0.12214	0.71628
840 A	0.15544	0.13651	0.70804
841 G	0.15230	0.14690	0.7008
842 A	0.15187	0.16565	0.68248
843 A	0.15772	0.16522	0.67705
844 A	0.16533	0.15802	0.67665
845 T	0.18043	0.13512	0.68444
846 T	0.18144	0.13231	0.68625
847 C	0.17907	0.13412	0.68682
848 C	0.17881	0.13728	0.68391
849 T	0.17949	0.13745	0.68307
850 T	0.17788	0.14012	0.68199
851 A	0.16915	0.15075	0.68011
852 T	0.16392	0.15736	0.67871
853 C	0.15349	0.16885	0.67766
854 A	0.14636	0.17819	0.67544
855 A	0.13901	0.18831	0.67268
856 A	0.13210	0.19715	0.67075
857 T	0.12814	0.20282	0.66905
858 G	0.11802	0.22169	0.66028
859 A	0.10471	0.28123	0.61407
860 A	0.09735	0.30305	0.5996
861 A	0.09059	0.32222	0.58718
862 A	0.08826	0.32669	0.58505
863 A	0.09418	0.31833	0.58749
864 A	0.09965	0.31335	0.58701
865 A	0.11484	0.29735	0.58781
866 G	0.12173	0.28813	0.59014
867 T	0.12472	0.28439	0.59089
868 A	0.12593	0.28356	0.59051
869 A	0.12711	0.28036	0.59252
870 T	0.12988	0.27275	0.59737
871 T	0.13269	0.26615	0.60116
872 T	0.13352	0.26364	0.60284
873 A	0.13435	0.26064	0.60502
874 A	0.13649	0.24991	0.61359
875 T	0.13834	0.23963	0.62204
876 T	0.13885	0.23063	0.63051
877 A	0.13746	0.23086	0.63168
878 A	0.13849	0.22900	0.6325
879 A	0.13970	0.22736	0.63294
880 A	0.14120	0.22554	0.63327
881 A	0.15312	0.20724	0.63964
882 T	0.20685	0.14164	0.65151
883 A	0.22315	0.12536	0.65149
884 T	0.24302	0.10367	0.65332
885 T	0.24707	0.10693	0.64599
886 G	0.24214	0.11184	0.64602
887 T	0.24495	0.10899	0.64606
888 T	0.24448	0.11015	0.64538
889 T	0.24159	0.11388	0.64452
890 C	0.22848	0.12850	0.64302
891 T	0.22309	0.13485	0.64207
892 T	0.21284	0.14691	0.64024
893 T	0.18955	0.17182	0.63864
894 A	0.14610	0.21830	0.6356
895 C	0.13256	0.23544	0.63199
896 A	0.12129	0.26127	0.61744
897 G	0.11307	0.28119	0.60575
898 A	0.10926	0.29647	0.59427
899 A	0.10917	0.29698	0.59385
900 A	0.11198	0.29358	0.59444
901 A	0.11804	0.28570	0.59626
902 A	0.12561	0.27579	0.5986
903 C	0.13279	0.26457	0.60263
904 A	0.13657	0.26288	0.60056
905 A	0.14089	0.25898	0.60013
906 A	0.14990	0.24970	0.6004
907 A	0.15827	0.24054	0.60119
908 T	0.16885	0.22600	0.60515
909 T	0.17054	0.21299	0.61646
910 T	0.17103	0.20953	0.61944
911 T	0.16985	0.20757	0.62258
912 A	0.16618	0.20952	0.6243
913 G	0.16333	0.19094	0.64573
914 A	0.16262	0.17946	0.65792
915 T	0.16451	0.17160	0.66389
916 G	0.16529	0.17545	0.65926
917 G	0.16822	0.20050	0.63129
918 A	0.17246	0.22183	0.60571
919 A	0.18583	0.20555	0.60863
920 T	0.19786	0.18932	0.61282
921 T	0.20761	0.17744	0.61495
922 A	0.20826	0.17703	0.6147
923 C	0.20889	0.17521	0.61591
924 A	0.20942	0.17604	0.61454
925 G	0.20976	0.17675	0.61349
926 A	0.21061	0.17754	0.61185
927 T	0.21345	0.17555	0.61101
928 T	0.21399	0.17732	0.60869
929 T	0.21396	0.18038	0.60566
930 A	0.21238	0.18586	0.60176
931 A	0.21064	0.19340	0.59595
932 G	0.20944	0.19408	0.59648
933 A	0.20925	0.19450	0.59625
934 G	0.21152	0.19179	0.5967
935 A	0.21670	0.18623	0.59707
936 C	0.22033	0.18250	0.59716
937 G	0.22929	0.17362	0.59708
938 A	0.24377	0.15960	0.59663
939 G	0.26367	0.13966	0.59667
940 T	0.31523	0.08795	0.59681
941 C	0.33097	0.07218	0.59685
942 T	0.33305	0.07076	0.59619
943 T	0.32610	0.08018	0.59372
944 C	0.31239	0.09637	0.59124
945 T	0.29908	0.11183	0.58909
946 A	0.25402	0.15810	0.58788
947 A	0.24140	0.17067	0.58793
948 T	0.23560	0.17625	0.58815
949 C	0.22445	0.18725	0.58829
950 G	0.21355	0.19786	0.58859
951 C	0.20475	0.20637	0.58888
952 C	0.19277	0.21837	0.58886
953 A	0.19130	0.22007	0.58864
954 A	0.19469	0.21668	0.58864
955 G	0.19526	0.21568	0.58905
956 G	0.19681	0.21393	0.58926
957 T	0.19964	0.21055	0.5898
958 A	0.20297	0.20478	0.59225
959 T	0.20731	0.19677	0.59591
960 T	0.20845	0.19419	0.59736
961 A	0.20860	0.19376	0.59765
962 A	0.20893	0.19288	0.59819
963 A	0.20926	0.19033	0.60041
964 A	0.20963	0.17766	0.61271
965 T	0.21085	0.16580	0.62335
966 T	0.21399	0.14666	0.63935
967 G	0.21618	0.12945	0.65438
968 T	0.21827	0.11334	0.66839
969 T	0.21894	0.07676	0.7043
970 A	0.21823	0.06959	0.71217
971 T	0.21796	0.06216	0.71988
972 T	0.21778	0.05405	0.72816
973 G	0.21743	0.04865	0.73392
974 A	0.21727	0.04673	0.73601
975 T	0.21731	0.04223	0.74047
976 T	0.21701	0.05878	0.72421
977 T	0.21291	0.10225	0.68484
978 A	0.17095	0.24502	0.58403
979 A	0.14659	0.30964	0.54377
980 G	0.11985	0.37256	0.50759
981 A	0.10432	0.41533	0.48035
982 A	0.09271	0.43841	0.46888
983 A	0.09015	0.44218	0.46766
984 A	0.08819	0.44433	0.46749
985 G	0.08799	0.44444	0.46756
986 A	0.08855	0.44406	0.46739
987 C	0.08905	0.44381	0.46714
988 A	0.08966	0.44544	0.46489
989 T	0.09094	0.44532	0.46375
990 T	0.09113	0.44557	0.46331
991 A	0.08941	0.44740	0.46319
992 A	0.08888	0.44793	0.4632
993 T	0.08971	0.44631	0.46398
994 C	0.08946	0.44623	0.46431
995 C	0.09012	0.44551	0.46436
996 A	0.09303	0.44276	0.4642
997 A	0.09999	0.43595	0.46406
998 A	0.11040	0.42550	0.46411
999 A	0.13483	0.40088	0.4643
1000 A	0.18195	0.34959	0.46846
1001 T	0.28856	0.20034	0.5111
1002 A	0.32572	0.13955	0.53473
1003 T	0.36019	0.07637	0.56344
1004 T	0.37745	0.04660	0.57594
1005 T	0.38358	0.03125	0.58517
1006 T	0.38426	0.03149	0.58426
1007 T	0.38412	0.03140	0.58448
1008 A	0.38386	0.03192	0.58422
1009 A	0.38381	0.03218	0.584
1010 A	0.38410	0.03594	0.57996
1011 T	0.38621	0.03607	0.57772
1012 A	0.38659	0.03820	0.57522
1013 A	0.38549	0.04129	0.57322
1014 T	0.38578	0.04015	0.57407
1015 T	0.38544	0.05266	0.56191
1016 T	0.38482	0.06375	0.55142
1017 G	0.38390	0.08624	0.52987
1018 T	0.38336	0.09866	0.51798
1019 A	0.37304	0.12819	0.49876
1020 T	0.36358	0.14120	0.49522
1021 A	0.35277	0.15473	0.4925
1022 A	0.34960	0.15908	0.49131
1023 A	0.34848	0.16069	0.49083
1024 C	0.34885	0.16023	0.49092
1025 G	0.35009	0.15898	0.49093
1026 T	0.35214	0.15682	0.49104
1027 T	0.35428	0.15458	0.49114
1028 C	0.35514	0.15360	0.49125
1029 T	0.35651	0.15225	0.49124
1030 C	0.35643	0.15187	0.49169
1031 A	0.35445	0.15378	0.49177
1032 A	0.35330	0.15468	0.49201
1033 G	0.35565	0.15216	0.49219
1034 T	0.35758	0.14984	0.49258
1035 G	0.35613	0.15072	0.49315
1036 C	0.35751	0.14736	0.49513
1037 A	0.35920	0.14572	0.49508
1038 A	0.37225	0.13242	0.49533
1039 G	0.38384	0.11985	0.49632
1040 T	0.40671	0.09590	0.49739
1041 A	0.41684	0.08488	0.49829
1042 T	0.43497	0.05452	0.5105
1043 C	0.43830	0.04052	0.52118
1044 T	0.44106	0.03012	0.52882
1045 T	0.44184	0.02708	0.53109
1046 T	0.44186	0.02606	0.53208
1047 T	0.44159	0.02612	0.5323
1048 C	0.44120	0.02644	0.53237
1049 A	0.44107	0.02646	0.53248
1050 T	0.44095	0.02618	0.53286
1051 T	0.44049	0.02627	0.53323
1052 T	0.44006	0.02656	0.53338
1053 T	0.43902	0.02756	0.53342
1054 A	0.43635	0.02842	0.53523
1055 A	0.43353	0.02968	0.53679
1056 T	0.43023	0.03255	0.53723
1057 A	0.42657	0.03904	0.53439
1058 T	0.42391	0.04001	0.53608
1059 G	0.42014	0.04401	0.53585
1060 A	0.41908	0.04706	0.53386
1061 T	0.41903	0.04823	0.53273
1062 T	0.41884	0.05019	0.53097
1063 G	0.41868	0.05511	0.52621
1064 T	0.41853	0.06425	0.51722
1065 T	0.41748	0.07922	0.50329
1066 T	0.41599	0.09040	0.49361
1067 T	0.41090	0.10554	0.48357
1068 A	0.40527	0.12690	0.46783
1069 A	0.40289	0.13607	0.46105
1070 T	0.39891	0.14261	0.45848
1071 T	0.39097	0.15423	0.4548
1072 A	0.37760	0.17569	0.44672
1073 A	0.37041	0.18547	0.44411
1074 T	0.36567	0.19116	0.44317
1075 A	0.35892	0.19940	0.44168
1076 A	0.35602	0.20298	0.44101
1077 A	0.35506	0.20190	0.44303
1078 A	0.35486	0.19902	0.44612
1079 A	0.35646	0.19285	0.45069
1080 A	0.36086	0.18451	0.45463
1081 C	0.36377	0.17837	0.45787
1082 C	0.36669	0.17294	0.46038
1083 T	0.37042	0.16852	0.46106
1084 C	0.37211	0.16659	0.4613
1085 A	0.37419	0.16477	0.46104
1086 A	0.38027	0.15878	0.46095
1087 C	0.39364	0.14497	0.46138
1088 T	0.41287	0.12419	0.46294
1089 T	0.42281	0.11305	0.46414
1090 G	0.42835	0.10204	0.4696
1091 T	0.43855	0.09203	0.46942
1092 T	0.44106	0.09949	0.45945
1093 A	0.44071	0.11776	0.44153
1094 A	0.44228	0.11865	0.43908
1095 T	0.44906	0.10574	0.4452
1096 T	0.44974	0.10585	0.44441
1097 T	0.44748	0.11363	0.43889
1098 G	0.43330	0.12718	0.43952
1099 A	0.42341	0.13835	0.43824
1100 A	0.42055	0.14129	0.43816
1101 A	0.41720	0.14479	0.438
1102 C	0.41661	0.14563	0.43776
1103 A	0.41636	0.14622	0.43741
1104 A	0.41652	0.14646	0.43702
1105 A	0.41670	0.14622	0.43707
1106 T	0.41697	0.14574	0.43729
1107 C	0.41620	0.14636	0.43743
1108 T	0.41598	0.14701	0.43701
1109 T	0.41440	0.15090	0.43471
1110 A	0.40992	0.15835	0.43173
1111 G	0.40843	0.15993	0.43163
1112 A	0.40853	0.16007	0.43139
1113 A	0.41056	0.15589	0.43355
1114 G	0.41750	0.14658	0.43593
1115 C	0.43507	0.12603	0.43891
1116 T	0.46385	0.09731	0.43883
1117 T	0.47648	0.08417	0.43935
1118 T	0.48189	0.07776	0.44036
1119 T	0.48505	0.07357	0.44138
1120 T	0.48749	0.06849	0.44402
1121 T	0.48714	0.05341	0.45946
1122 C	0.48380	0.04642	0.46979
1123 A	0.48100	0.04769	0.47131
1124 C	0.48056	0.04591	0.47353
1125 T	0.48076	0.04624	0.473
1126 T	0.47860	0.04949	0.47191
1127 T	0.47416	0.05493	0.47091
1128 T	0.46801	0.06217	0.46981
1129 A	0.46071	0.07220	0.46709
1130 G	0.44790	0.08716	0.46494
1131 A	0.43509	0.10466	0.46025
1132 A	0.42832	0.11538	0.45631
1133 T	0.40925	0.14010	0.45065
1134 A	0.38377	0.17652	0.43971
1135 A	0.35872	0.22138	0.4199
1136 A	0.33423	0.26269	0.40308
1137 T	0.32768	0.27489	0.39743
1138 A	0.32181	0.28610	0.3921
1139 T	0.31718	0.29346	0.38937
1140 A	0.30521	0.30908	0.3857
1141 A	0.28857	0.32765	0.38378
1142 T	0.27943	0.33690	0.38367
1143 T	0.27117	0.34447	0.38436
1144 A	0.26041	0.35440	0.38518
1145 A	0.25479	0.35681	0.38841
1146 T	0.25246	0.35399	0.39355
1147 C	0.24259	0.35947	0.39794
1148 G	0.23655	0.36496	0.39849
1149 T	0.23152	0.37141	0.39707
1150 C	0.20993	0.39799	0.39208
1151 A	0.19263	0.42668	0.38069
1152 A	0.18413	0.43573	0.38015
1153 A	0.18480	0.42591	0.38929
1154 A	0.18905	0.40871	0.40224
1155 A	0.19573	0.39346	0.4108
1156 C	0.20741	0.35022	0.44236
1157 A	0.22026	0.31683	0.46291
1158 A	0.24073	0.27100	0.48828
1159 T	0.25942	0.22705	0.51353
1160 T	0.26600	0.21418	0.51982
1161 T	0.26921	0.20975	0.52104
1162 G	0.26975	0.20468	0.52557
1163 A	0.27082	0.20149	0.52769
1164 A	0.26801	0.19768	0.53431
1165 T	0.26524	0.21423	0.52053
1166 T	0.25712	0.25768	0.4852
1167 A	0.24882	0.33658	0.41461
1168 A	0.24184	0.42403	0.33413
1169 A	0.23830	0.45647	0.30524
1170 A	0.23702	0.46426	0.29872
1171 A	0.23901	0.45680	0.30419
1172 A	0.24281	0.44660	0.31059
1173 T	0.25071	0.41617	0.33312
1174 G	0.25925	0.39172	0.34903
1175 C	0.26155	0.38024	0.35822
1176 T	0.26348	0.38128	0.35524
1177 T	0.26375	0.38186	0.35439
1178 T	0.26212	0.38489	0.353
1179 A	0.25919	0.38939	0.35142
1180 T	0.25859	0.39134	0.35008
1181 C	0.25193	0.40009	0.34798
1182 A	0.24640	0.42540	0.3282
1183 A	0.24537	0.44289	0.31173
1184 A	0.24697	0.46448	0.28854
1185 A	0.24943	0.46719	0.28338
1186 A	0.26147	0.45692	0.28161
1187 A	0.28269	0.43224	0.28507
1188 A	0.31689	0.39348	0.28963
1189 C	0.36383	0.33686	0.2993
1190 A	0.43360	0.26428	0.30212
1191 T	0.51270	0.18396	0.30333
1192 T	0.53763	0.16117	0.30121
1193 T	0.54437	0.15771	0.29792
1194 A	0.54015	0.16232	0.29753
1195 A	0.53732	0.16426	0.29841
1196 T	0.53476	0.16616	0.29907
1197 T	0.52808	0.17239	0.29953
1198 C	0.51564	0.18433	0.30004
1199 A	0.50679	0.19346	0.29976
1200 A	0.49942	0.20089	0.2997
1201 T	0.49345	0.20490	0.30165
1202 C	0.47713	0.21895	0.30392
1203 A	0.45973	0.23617	0.3041
1204 G	0.45966	0.22924	0.3111
1205 C	0.47410	0.20939	0.31652
1206 G	0.48689	0.19532	0.31779
1207 G	0.50866	0.17315	0.31819
1208 T	0.51791	0.16146	0.32063
1209 A	0.52051	0.15739	0.32211
1210 A	0.52499	0.15239	0.32262
1211 T	0.53226	0.14115	0.3266
1212 T	0.53540	0.13603	0.32857
1213 G	0.53740	0.13261	0.32999
1214 T	0.54046	0.12854	0.331
1215 T	0.54274	0.12778	0.32949
1216 T	0.54390	0.12841	0.32769
1217 T	0.54270	0.12935	0.32796
1218 A	0.53087	0.14542	0.3237
1219 A	0.52113	0.15627	0.3226
1220 A	0.51716	0.15662	0.32622
1221 T	0.51485	0.14654	0.33861
1222 G	0.51201	0.13983	0.34816
1223 A	0.51029	0.13890	0.35081
1224 T	0.50636	0.14189	0.35175
1225 A	0.49914	0.14158	0.35928
1226 T	0.49591	0.13458	0.36952
1227 T	0.48726	0.15099	0.36175
1228 G	0.46849	0.18635	0.34516
1229 A	0.44810	0.21415	0.33775
1230 T	0.42692	0.24566	0.32743
1231 G	0.39888	0.27814	0.32299
1232 A	0.38673	0.29372	0.31955
1233 C	0.37685	0.30465	0.31849
1234 G	0.37268	0.31539	0.31192
1235 C	0.37217	0.32178	0.30605
1236 A	0.37317	0.33154	0.29529
1237 A	0.37636	0.33871	0.28492
1238 T	0.38253	0.33782	0.27965
1239 T	0.38507	0.34410	0.27083
1240 G	0.38238	0.36632	0.2513
1241 A	0.38518	0.35977	0.25505
1242 A	0.38823	0.35266	0.25911
1243 T	0.39237	0.34640	0.26123
1244 T	0.39327	0.34652	0.26021
1245 A	0.39153	0.35128	0.25719
1246 A	0.39424	0.34951	0.25626
1247 T	0.39867	0.34128	0.26006
1248 A	0.39733	0.33911	0.26356
1249 A	0.39865	0.33704	0.26431
1250 A	0.40585	0.32966	0.26448
1251 A	0.41932	0.30284	0.27785
1252 A	0.42679	0.27096	0.30225
1253 G	0.43896	0.23148	0.32956
1254 T	0.45182	0.19268	0.3555
1255 T	0.46129	0.17454	0.36417
1256 C	0.46547	0.16429	0.37024
1257 T	0.47071	0.16051	0.36877
1258 A	0.47111	0.16418	0.36472
1259 G	0.47111	0.16825	0.36064
1260 T	0.47550	0.17411	0.35038
1261 A	0.46485	0.20947	0.32568
1262 A	0.46322	0.23664	0.30015
1263 T	0.47492	0.23509	0.28999
1264 G	0.45871	0.25951	0.28178
1265 T	0.44627	0.29004	0.26369
1266 T	0.39283	0.36787	0.23929
1267 A	0.32523	0.45747	0.2173
1268 A	0.28016	0.52315	0.1967
1269 A	0.24259	0.56730	0.1901
1270 G	0.22640	0.58031	0.19328
1271 A	0.21112	0.59171	0.19718
1272 A	0.20415	0.59488	0.20096
1273 G	0.20002	0.59660	0.20339
1274 C	0.19617	0.59983	0.204
1275 A	0.18868	0.60880	0.20253
1276 C	0.18383	0.61500	0.20116
1277 G	0.17930	0.62367	0.19702
1278 T	0.17641	0.63130	0.19229
1279 G	0.16196	0.65312	0.18491
1280 A	0.15656	0.66580	0.17764
1281 A	0.15795	0.66626	0.1758
1282 A	0.16243	0.65713	0.18044
1283 A	0.17292	0.63870	0.18838
1284 A	0.20043	0.59181	0.20776
1285 T	0.23684	0.53787	0.2253
1286 T	0.25733	0.49979	0.24288
1287 A	0.26788	0.46429	0.26783
1288 A	0.28461	0.42577	0.28961
1289 T	0.30614	0.34163	0.35224
1290 G	0.31582	0.28059	0.40359
1291 T	0.33180	0.22703	0.44117
1292 T	0.33534	0.20018	0.46447
1293 A	0.33330	0.20364	0.46306
1294 A	0.33256	0.19966	0.46778
1295 A	0.33194	0.19803	0.47003
1296 A	0.33143	0.19738	0.47119
1297 T	0.33354	0.21076	0.4557
1298 A	0.33380	0.23188	0.43432
1299 T	0.33599	0.24734	0.41667
1300 A	0.33495	0.28362	0.38143
1301 A	0.33553	0.32435	0.34012
1302 T	0.33945	0.32003	0.34051
1303 T	0.33605	0.37551	0.28845
1304 T	0.32486	0.42186	0.25327
1305 T	0.30172	0.47783	0.22045
1306 G	0.26930	0.53748	0.19322
1307 A	0.24762	0.57530	0.17708
1308 T	0.23550	0.59784	0.16665
1309 G	0.21787	0.62460	0.15753
1310 A	0.21061	0.64139	0.148
1311 A	0.21008	0.64330	0.14661
1312 A	0.21431	0.63904	0.14665
1313 T	0.22337	0.62613	0.1505
1314 T	0.22639	0.62425	0.14936
1315 C	0.22631	0.62532	0.14838
1316 A	0.23074	0.63281	0.13645
1317 A	0.23418	0.63968	0.12615
1318 A	0.23962	0.63800	0.12238
1319 G	0.25343	0.62447	0.12209
1320 T	0.29353	0.58476	0.12171
1321 A	0.32181	0.55447	0.12372
1322 A	0.34503	0.52826	0.12671
1323 A	0.38620	0.48091	0.1329
1324 T	0.44841	0.41114	0.14045
1325 A	0.46696	0.38575	0.14729
1326 T	0.54781	0.28960	0.16259
1327 A	0.57724	0.24454	0.17822
1328 T	0.60894	0.18950	0.20155
