# lcl|CP097583.1_cds_USQ93213.1_1
# AA	inside	membr	outside
1 A	0.46319	0.00000	0.53682
2 T	0.46156	0.00163	0.53682
3 G	0.45935	0.00384	0.53682
4 A	0.45935	0.03887	0.50179
5 A	0.43747	0.09715	0.46538
6 A	0.43747	0.10369	0.45884
7 G	0.41886	0.12474	0.4564
8 T	0.41886	0.12479	0.45635
9 T	0.41309	0.13191	0.455
10 A	0.41307	0.16352	0.42341
11 A	0.41006	0.16752	0.42243
12 A	0.38843	0.18951	0.42206
13 G	0.36376	0.21460	0.42164
14 C	0.36375	0.21461	0.42164
15 T	0.36375	0.22324	0.41301
16 T	0.36298	0.22402	0.41301
17 C	0.36126	0.22588	0.41286
18 T	0.36120	0.22704	0.41176
19 G	0.35636	0.23335	0.41029
20 T	0.34302	0.26852	0.38847
21 T	0.28624	0.32543	0.38833
22 A	0.28113	0.33473	0.38415
23 A	0.27947	0.33897	0.38156
24 A	0.27907	0.33955	0.38138
25 A	0.27924	0.33696	0.3838
26 A	0.28044	0.33274	0.38682
27 A	0.31175	0.29706	0.39119
28 C	0.34399	0.24354	0.41247
29 G	0.35156	0.23475	0.41369
30 T	0.35869	0.21698	0.42433
31 A	0.35920	0.21653	0.42428
32 G	0.36108	0.20959	0.42933
33 T	0.38540	0.18442	0.43018
34 G	0.38577	0.17991	0.43433
35 A	0.38674	0.16040	0.45285
36 T	0.38806	0.13778	0.47416
37 G	0.38813	0.13805	0.47382
38 A	0.39295	0.13385	0.47321
39 T	0.38611	0.14091	0.47298
40 G	0.37841	0.15128	0.4703
41 A	0.37504	0.15216	0.4728
42 T	0.37416	0.14864	0.47721
43 A	0.38430	0.12885	0.48685
44 T	0.37688	0.09516	0.52797
45 C	0.36550	0.11170	0.5228
46 G	0.36011	0.12675	0.51314
47 T	0.35371	0.14865	0.49764
48 T	0.34396	0.16114	0.4949
49 G	0.31561	0.19310	0.49129
50 T	0.30967	0.20150	0.48883
51 A	0.29937	0.21188	0.48876
52 C	0.29214	0.21889	0.48897
53 G	0.28812	0.22381	0.48807
54 T	0.28557	0.22686	0.48758
55 C	0.28237	0.23059	0.48703
56 G	0.27953	0.23557	0.48491
57 T	0.27568	0.24545	0.47887
58 A	0.26497	0.27826	0.45677
59 A	0.25970	0.28653	0.45377
60 A	0.25545	0.29244	0.45211
61 A	0.25428	0.29169	0.45403
62 A	0.25571	0.28248	0.46181
63 A	0.26048	0.27072	0.4688
64 A	0.26185	0.26376	0.47439
65 G	0.26516	0.25407	0.48076
66 A	0.27080	0.24363	0.48556
67 G	0.28227	0.22193	0.4958
68 T	0.29669	0.19781	0.5055
69 T	0.30634	0.18289	0.51077
70 T	0.31560	0.17621	0.50819
71 A	0.31660	0.17431	0.50909
72 T	0.31900	0.15299	0.52801
73 G	0.31990	0.15445	0.52565
74 T	0.32071	0.15275	0.52654
75 T	0.32091	0.15693	0.52216
76 A	0.32089	0.17572	0.5034
77 T	0.32098	0.18358	0.49544
78 A	0.31802	0.19847	0.48351
79 A	0.31533	0.21349	0.47118
80 A	0.31275	0.21822	0.46903
81 T	0.32778	0.19884	0.47338
82 A	0.32036	0.21317	0.46648
83 A	0.31423	0.22565	0.46012
84 G	0.30689	0.24246	0.45064
85 A	0.30148	0.27149	0.42704
86 A	0.28004	0.32827	0.39169
87 A	0.27020	0.34212	0.38769
88 A	0.26634	0.34979	0.38387
89 A	0.26371	0.35646	0.37983
90 A	0.26520	0.35548	0.37932
91 C	0.26918	0.35171	0.37911
92 G	0.26793	0.35425	0.37782
93 T	0.27657	0.34559	0.37784
94 C	0.27619	0.34618	0.37764
95 G	0.28170	0.34107	0.37724
96 T	0.29152	0.33146	0.37702
97 C	0.29515	0.32783	0.37702
98 A	0.30142	0.32165	0.37692
99 T	0.31958	0.30298	0.37743
100 A	0.32750	0.29418	0.37832
101 A	0.33748	0.28141	0.38111
102 T	0.35082	0.26498	0.3842
103 C	0.35498	0.25147	0.39355
104 A	0.35812	0.24527	0.39661
105 A	0.36602	0.23013	0.40385
106 A	0.37611	0.21385	0.41004
107 G	0.38701	0.19553	0.41746
108 A	0.41071	0.16714	0.42215
109 C	0.44569	0.10412	0.45019
110 A	0.45308	0.08690	0.46002
111 A	0.46048	0.07203	0.4675
112 G	0.46873	0.05692	0.47434
113 G	0.47388	0.04784	0.47828
114 T	0.47972	0.03919	0.48109
115 T	0.48349	0.02398	0.49253
116 A	0.48484	0.01536	0.4998
117 A	0.48663	0.00000	0.51336
