# lcl|CP097583.1_cds_USQ93455.1_1
# AA	inside	membr	outside
1 A	0.41453	0.00000	0.58547
2 T	0.41325	0.00128	0.58547
3 G	0.41275	0.00178	0.58547
4 A	0.41275	0.00670	0.58055
5 A	0.39296	0.03117	0.57587
6 T	0.39295	0.03228	0.57477
7 T	0.09023	0.33606	0.57371
8 G	0.09022	0.33612	0.57366
9 G	0.07285	0.35372	0.57343
10 A	0.07283	0.35790	0.56927
11 A	0.07174	0.35913	0.56913
12 A	0.06517	0.36571	0.56911
13 C	0.05898	0.37196	0.56906
14 C	0.05898	0.37196	0.56906
15 A	0.05898	0.38014	0.56087
16 C	0.05844	0.38068	0.56087
17 A	0.05747	0.38175	0.56078
18 A	0.05744	0.38197	0.56058
19 A	0.05697	0.38258	0.56046
20 T	0.05613	0.38436	0.5595
21 C	0.05294	0.38744	0.55962
22 T	0.05322	0.38779	0.559
23 T	0.05292	0.38980	0.55728
24 T	0.05285	0.39404	0.55311
25 G	0.05224	0.40357	0.54418
26 A	0.05197	0.40613	0.5419
27 A	0.05464	0.38940	0.55597
28 A	0.05769	0.36542	0.57689
29 A	0.05868	0.34468	0.59664
30 C	0.06008	0.06981	0.87011
31 C	0.06039	0.06567	0.87394
32 C	0.06070	0.06218	0.87711
33 T	0.06362	0.12172	0.81466
34 G	0.06355	0.21829	0.71816
35 A	0.06368	0.24375	0.69257
36 A	0.06387	0.26355	0.67258
37 G	0.06424	0.27702	0.65873
38 A	0.07030	0.28968	0.64001
39 A	0.07073	0.36688	0.5624
40 A	0.07131	0.37030	0.55839
41 A	0.07156	0.37673	0.55171
42 T	0.07144	0.37653	0.55202
43 A	0.07192	0.37503	0.55304
44 A	0.07116	0.37349	0.55536
45 A	0.07264	0.37103	0.55634
46 C	0.07507	0.36732	0.55761
47 C	0.07922	0.36303	0.55775
48 G	0.08795	0.35429	0.55775
49 A	0.09049	0.35177	0.55774
50 T	0.09187	0.35037	0.55777
51 A	0.09124	0.35097	0.55779
52 C	0.09279	0.34927	0.55794
53 C	0.09842	0.34347	0.55811
54 A	0.10511	0.33671	0.55817
55 C	0.11537	0.32632	0.55831
56 C	0.17353	0.26810	0.55836
57 T	0.25896	0.18273	0.55831
58 C	0.27676	0.16515	0.55809
59 C	0.30474	0.13743	0.55783
60 A	0.31457	0.12824	0.55719
61 T	0.33611	0.10672	0.55718
62 T	0.37095	0.07177	0.55729
63 A	0.33436	0.10832	0.55732
64 T	0.32671	0.11564	0.55765
65 C	0.29336	0.14792	0.55872
66 A	0.26929	0.17166	0.55906
67 C	0.22951	0.21070	0.55979
68 C	0.17028	0.27018	0.55954
69 T	0.14386	0.29740	0.55874
70 A	0.10570	0.33717	0.55713
71 A	0.08749	0.35602	0.55649
72 A	0.07527	0.36842	0.55631
73 A	0.06354	0.37999	0.55647
74 A	0.05555	0.38623	0.55822
75 A	0.05293	0.38686	0.56022
76 A	0.05161	0.38615	0.56223
77 A	0.05103	0.38412	0.56485
78 A	0.05091	0.38234	0.56675
79 A	0.05098	0.37950	0.56952
80 A	0.05121	0.37505	0.57375
81 T	0.05140	0.36506	0.58354
82 T	0.05135	0.35657	0.59208
83 T	0.05139	0.34829	0.60032
84 A	0.05116	0.34483	0.60401
85 A	0.05104	0.33114	0.61781
86 A	0.05097	0.29600	0.65303
87 A	0.05099	0.27597	0.67304
88 T	0.05130	0.23254	0.71617
89 A	0.05133	0.21004	0.73863
90 T	0.05181	0.16870	0.77949
91 T	0.05198	0.12645	0.82158
92 A	0.05201	0.11116	0.83683
93 T	0.05288	0.08662	0.8605
94 T	0.05303	0.07199	0.87498
95 T	0.05272	0.06379	0.8835
96 A	0.05177	0.05957	0.88866
97 T	0.05127	0.06027	0.88846
98 C	0.05011	0.06321	0.88669
99 A	0.04860	0.08754	0.86385
100 A	0.04804	0.10809	0.84387
101 T	0.04810	0.11198	0.83992
102 A	0.04771	0.11467	0.83762
103 G	0.04770	0.11547	0.83684
104 T	0.04815	0.11532	0.83653
105 T	0.04828	0.11578	0.83594
106 C	0.04824	0.11600	0.83576
107 A	0.04868	0.11685	0.83447
108 A	0.04959	0.11627	0.83415
109 A	0.05069	0.11536	0.83395
110 T	0.05250	0.11362	0.83388
111 A	0.05411	0.11219	0.8337
112 A	0.05895	0.10703	0.83402
113 T	0.06674	0.09892	0.83433
114 T	0.07254	0.09273	0.83474
115 G	0.07628	0.08849	0.83523
116 T	0.08284	0.08165	0.83552
117 T	0.08485	0.07953	0.83561
118 A	0.08645	0.07770	0.83584
119 A	0.09114	0.07235	0.83652
120 T	0.10138	0.06171	0.83691
121 A	0.10628	0.05599	0.83774
122 T	0.12875	0.03219	0.83906
123 T	0.14562	0.01483	0.83955
124 A	0.14831	0.01196	0.83973
125 T	0.15078	0.00900	0.84022
126 T	0.15201	0.00748	0.84051
127 T	0.15298	0.00636	0.84066
128 T	0.15381	0.00536	0.84083
129 T	0.15426	0.00477	0.84098
130 T	0.15475	0.00418	0.84107
131 A	0.15488	0.00408	0.84105
132 T	0.15506	0.00386	0.84108
133 G	0.15512	0.00382	0.84107
134 T	0.15532	0.00361	0.84107
135 T	0.15542	0.00358	0.84099
136 T	0.15544	0.00364	0.84092
137 T	0.15543	0.00370	0.84088
138 A	0.15509	0.00412	0.8408
139 A	0.15492	0.00436	0.84073
140 T	0.15506	0.00417	0.84076
141 G	0.15506	0.00415	0.8408
142 A	0.15519	0.00402	0.84079
143 T	0.15560	0.00354	0.84086
144 T	0.15580	0.00329	0.84091
145 T	0.15588	0.00319	0.84094
146 T	0.15594	0.00309	0.84096
147 C	0.15596	0.00303	0.84101
148 T	0.15600	0.00300	0.841
149 T	0.15602	0.00297	0.84102
150 G	0.15602	0.00295	0.84103
151 T	0.15610	0.00284	0.84107
152 T	0.15612	0.00279	0.8411
153 C	0.15600	0.00275	0.84125
154 T	0.15607	0.00262	0.84132
155 C	0.15604	0.00261	0.84135
156 T	0.15601	0.00269	0.8413
157 G	0.15580	0.00302	0.84117
158 T	0.15581	0.00324	0.84096
159 T	0.15503	0.00439	0.84058
160 G	0.15396	0.00568	0.84037
161 G	0.15348	0.00596	0.84056
162 T	0.15297	0.00650	0.84053
163 A	0.15182	0.00805	0.84013
164 T	0.15094	0.00951	0.83955
165 T	0.14909	0.01351	0.8374
166 A	0.14493	0.01986	0.83522
167 G	0.14245	0.02302	0.83453
168 T	0.14065	0.02567	0.83367
169 T	0.13863	0.02837	0.833
170 C	0.13537	0.03221	0.83243
171 G	0.13292	0.03665	0.83042
172 A	0.13083	0.03945	0.82972
173 T	0.12964	0.04085	0.82951
174 A	0.12773	0.04317	0.8291
175 T	0.12666	0.04444	0.82889
176 C	0.12556	0.04554	0.82889
177 A	0.12474	0.04667	0.82859
178 A	0.12426	0.04723	0.82851
179 A	0.12410	0.04741	0.82849
180 T	0.12415	0.04724	0.82861
181 A	0.12392	0.04770	0.82838
182 T	0.12423	0.04663	0.82915
183 T	0.12399	0.04623	0.82978
184 A	0.12300	0.04761	0.82938
185 A	0.12274	0.04769	0.82958
186 A	0.12287	0.04664	0.83049
187 A	0.12333	0.04513	0.83154
188 A	0.12544	0.04059	0.83397
189 T	0.12844	0.03295	0.83862
190 G	0.12928	0.02898	0.84173
191 T	0.13051	0.02593	0.84356
192 T	0.13038	0.02455	0.84507
193 G	0.12958	0.02338	0.84703
194 A	0.12982	0.02183	0.84835
195 T	0.13008	0.02023	0.84969
196 G	0.12921	0.02077	0.85001
197 T	0.12851	0.02317	0.84833
198 T	0.12669	0.02638	0.84693
199 T	0.12248	0.03317	0.84435
200 T	0.11582	0.04027	0.84391
201 A	0.10258	0.05434	0.84308
202 A	0.09834	0.05907	0.84259
203 A	0.09697	0.06051	0.84252
204 C	0.09658	0.06034	0.84309
205 G	0.09621	0.06061	0.84317
206 A	0.09633	0.06048	0.84318
207 T	0.09616	0.06028	0.84356
208 T	0.09270	0.06427	0.84303
209 C	0.08811	0.06924	0.84266
210 A	0.08271	0.07593	0.84136
211 G	0.07858	0.08135	0.84007
212 A	0.07483	0.08712	0.83805
213 T	0.07028	0.09336	0.83636
214 A	0.06197	0.10317	0.83486
215 A	0.05429	0.11169	0.83402
216 A	0.04850	0.11763	0.83387
217 A	0.04571	0.11962	0.83468
218 A	0.04418	0.12010	0.83571
219 A	0.04343	0.11838	0.83819
220 T	0.04626	0.11138	0.84236
221 G	0.04621	0.10665	0.84714
222 G	0.04772	0.09989	0.85238
223 G	0.04766	0.09425	0.8581
224 C	0.04786	0.08619	0.86595
225 T	0.04723	0.08718	0.8656
226 G	0.04163	0.09599	0.86238
227 A	0.03984	0.10106	0.85909
228 A	0.03777	0.10657	0.85566
229 G	0.03649	0.11095	0.85256
230 A	0.03567	0.11241	0.85191
231 T	0.03637	0.10886	0.85477
232 A	0.03624	0.10620	0.85756
233 A	0.03705	0.10109	0.86187
234 A	0.03802	0.09613	0.86586
235 A	0.04008	0.09014	0.86978
236 T	0.04189	0.08254	0.87558
237 A	0.04267	0.07499	0.88234
238 A	0.04371	0.06691	0.88938
239 T	0.04459	0.06025	0.89515
240 T	0.04317	0.05966	0.89717
241 A	0.03853	0.06409	0.89739
242 G	0.03489	0.06695	0.89817
243 A	0.03113	0.07301	0.89586
244 G	0.02749	0.07911	0.89341
245 A	0.02488	0.09001	0.88512
246 A	0.02396	0.09974	0.8763
247 A	0.02367	0.10926	0.86707
248 A	0.02532	0.11168	0.863
249 T	0.02926	0.10254	0.8682
250 A	0.03180	0.09853	0.86966
251 A	0.03540	0.09295	0.87166
252 T	0.03960	0.08701	0.87339
253 C	0.04120	0.08394	0.87486
254 T	0.04226	0.08257	0.87517
255 T	0.04244	0.08228	0.87528
256 A	0.04196	0.08329	0.87475
257 C	0.04063	0.08476	0.87461
258 A	0.03939	0.08702	0.87359
259 A	0.03937	0.08721	0.87342
260 T	0.04017	0.08598	0.87384
261 T	0.04042	0.08570	0.87388
262 G	0.03990	0.08678	0.87331
263 A	0.04050	0.08767	0.87183
264 A	0.04167	0.08299	0.87534
265 A	0.04294	0.07900	0.87806
266 A	0.04629	0.07234	0.88137
267 A	0.05119	0.06405	0.88476
268 G	0.06056	0.05186	0.88757
269 A	0.07038	0.04056	0.88905
270 T	0.08071	0.02867	0.89063
271 T	0.08546	0.02317	0.89136
272 T	0.08526	0.02307	0.89167
273 T	0.08474	0.02338	0.89188
274 C	0.08183	0.02638	0.89179
275 A	0.07862	0.03054	0.89084
276 A	0.07715	0.03286	0.88999
277 A	0.07677	0.03322	0.89
278 G	0.07665	0.03255	0.8908
279 T	0.07700	0.03145	0.89155
280 T	0.07556	0.03069	0.89374
281 C	0.07216	0.03207	0.89577
282 C	0.07048	0.03375	0.89577
283 G	0.06705	0.03743	0.89553
284 A	0.06618	0.03839	0.89543
285 G	0.06592	0.03847	0.89562
286 T	0.06825	0.03626	0.89549
287 C	0.06703	0.03739	0.89558
288 T	0.06619	0.03847	0.89535
289 G	0.06322	0.04212	0.89465
290 T	0.06085	0.04572	0.89343
291 T	0.05787	0.04894	0.89319
292 A	0.05257	0.05445	0.89297
293 A	0.04940	0.05752	0.89308
294 A	0.04680	0.05957	0.89364
295 C	0.04494	0.06027	0.89479
296 A	0.04409	0.06068	0.89523
297 A	0.04364	0.05927	0.89709
298 G	0.04383	0.05664	0.89953
299 A	0.04442	0.05487	0.90071
300 C	0.04445	0.05434	0.90122
301 A	0.04383	0.05439	0.90178
302 T	0.04372	0.05349	0.90279
303 G	0.04350	0.05185	0.90465
304 A	0.04327	0.04910	0.90763
305 A	0.04337	0.04784	0.90878
306 T	0.04367	0.04356	0.91277
307 G	0.04364	0.04272	0.91365
308 A	0.04323	0.04235	0.91442
309 A	0.04311	0.04144	0.91546
310 T	0.04329	0.03950	0.91721
311 T	0.04184	0.04165	0.91651
312 A	0.03921	0.04639	0.9144
313 A	0.03755	0.05142	0.91103
314 T	0.03598	0.05009	0.91393
315 A	0.03094	0.05175	0.91731
316 G	0.02749	0.05254	0.91997
317 A	0.02620	0.05187	0.92193
318 C	0.02523	0.05115	0.92363
319 A	0.02502	0.05157	0.9234
320 A	0.02514	0.05132	0.92354
321 T	0.02556	0.05048	0.92396
322 A	0.02559	0.05029	0.92412
323 T	0.02566	0.05005	0.92429
324 T	0.02503	0.05010	0.92486
325 C	0.02297	0.05268	0.92435
326 A	0.02180	0.05506	0.92313
327 A	0.02039	0.05740	0.92221
328 A	0.01957	0.05855	0.92188
329 A	0.01935	0.05883	0.92182
330 T	0.02019	0.05780	0.92201
331 A	0.02068	0.05639	0.92293
332 A	0.02170	0.05424	0.92407
333 A	0.02306	0.05170	0.92524
334 G	0.02545	0.04689	0.92766
335 A	0.03002	0.03943	0.93055
336 T	0.03591	0.03085	0.93324
337 A	0.03640	0.02845	0.93514
338 T	0.03733	0.02274	0.93993
339 T	0.03745	0.01963	0.94292
340 T	0.03684	0.01892	0.94423
341 C	0.03518	0.01972	0.94511
342 T	0.03435	0.02052	0.94512
343 A	0.03378	0.02125	0.94496
344 A	0.03341	0.02166	0.94493
345 A	0.03338	0.02166	0.94496
346 G	0.03359	0.02141	0.945
347 A	0.03409	0.02036	0.94555
348 T	0.03519	0.01764	0.94717
349 A	0.03620	0.01556	0.94824
350 T	0.03707	0.01331	0.94961
351 T	0.03719	0.01233	0.95048
352 T	0.03688	0.01219	0.95093
353 C	0.03595	0.01286	0.95119
354 T	0.03460	0.01422	0.95118
355 A	0.03207	0.01684	0.95109
356 A	0.03119	0.01774	0.95107
357 A	0.03095	0.01799	0.95106
358 G	0.03095	0.01795	0.95109
359 A	0.03103	0.01771	0.95125
360 T	0.03116	0.01717	0.95168
361 A	0.03121	0.01666	0.95212
362 T	0.03133	0.01558	0.95309
363 T	0.03140	0.01429	0.95431
364 C	0.03143	0.01251	0.95606
365 C	0.03149	0.01184	0.95666
366 T	0.03166	0.01152	0.95682
367 A	0.03171	0.01139	0.9569
368 G	0.03181	0.01122	0.95698
369 A	0.03194	0.01103	0.95702
370 G	0.03244	0.01033	0.95723
371 G	0.03305	0.00921	0.95773
372 A	0.03346	0.00837	0.95817
373 T	0.03395	0.00731	0.95873
374 T	0.03419	0.00633	0.95947
375 T	0.03440	0.00535	0.96025
376 T	0.03447	0.00433	0.9612
377 T	0.03450	0.00313	0.96237
378 G	0.03448	0.00136	0.96415
379 T	0.03449	0.00079	0.96472
380 T	0.03446	0.00073	0.96482
381 A	0.03373	0.00158	0.96469
382 C	0.03274	0.00271	0.96455
383 A	0.03208	0.00388	0.96403
384 T	0.03167	0.00436	0.96396
385 G	0.03139	0.00467	0.96395
386 G	0.03128	0.00479	0.96394
387 T	0.03124	0.00482	0.96393
388 C	0.03118	0.00485	0.96397
389 C	0.03112	0.00490	0.96398
390 T	0.03096	0.00506	0.96398
391 C	0.03066	0.00535	0.96398
392 C	0.03040	0.00561	0.96398
393 C	0.03018	0.00584	0.96398
394 G	0.03010	0.00592	0.96398
395 G	0.03006	0.00596	0.96397
396 T	0.03002	0.00600	0.96397
397 A	0.02991	0.00612	0.96397
398 C	0.02986	0.00617	0.96397
399 A	0.02968	0.00634	0.96398
400 G	0.02959	0.00640	0.964
401 G	0.02954	0.00641	0.96405
402 A	0.02955	0.00638	0.96407
403 A	0.02963	0.00624	0.96413
404 A	0.02982	0.00527	0.9649
405 G	0.03002	0.00402	0.96596
406 A	0.03047	0.00290	0.96663
407 C	0.03056	0.00237	0.96707
408 T	0.03060	0.00219	0.96721
409 T	0.03062	0.00216	0.96721
410 A	0.03063	0.00217	0.9672
411 T	0.03063	0.00211	0.96727
412 T	0.03062	0.00206	0.96732
413 T	0.03061	0.00183	0.96756
414 A	0.03060	0.00155	0.96786
415 G	0.03059	0.00126	0.96815
416 C	0.03059	0.00104	0.96837
417 T	0.03056	0.00102	0.96842
418 A	0.03050	0.00105	0.96845
419 A	0.03048	0.00104	0.96848
420 G	0.03049	0.00096	0.96856
421 T	0.03049	0.00091	0.96859
422 G	0.03049	0.00072	0.96879
423 T	0.03050	0.00064	0.96886
424 T	0.03050	0.00060	0.9689
425 T	0.03046	0.00061	0.96893
426 A	0.03037	0.00069	0.96893
427 G	0.03034	0.00071	0.96895
428 C	0.03033	0.00072	0.96894
429 C	0.03032	0.00074	0.96893
430 G	0.03032	0.00075	0.96892
431 G	0.03036	0.00073	0.96891
432 T	0.03042	0.00067	0.96891
433 T	0.03045	0.00065	0.9689
434 C	0.03045	0.00065	0.9689
435 T	0.03044	0.00066	0.9689
436 T	0.03041	0.00069	0.9689
437 T	0.03035	0.00074	0.96891
438 G	0.03021	0.00088	0.9689
439 A	0.03011	0.00097	0.96891
440 T	0.03005	0.00100	0.96894
441 A	0.02993	0.00108	0.96899
442 C	0.02983	0.00116	0.96902
443 A	0.02977	0.00121	0.96902
444 A	0.02974	0.00124	0.96902
445 G	0.02973	0.00124	0.96903
446 A	0.02977	0.00119	0.96904
447 T	0.02980	0.00116	0.96904
448 G	0.02980	0.00110	0.96909
449 C	0.02981	0.00101	0.96918
450 A	0.02982	0.00098	0.96921
451 T	0.02983	0.00095	0.96922
452 C	0.02984	0.00093	0.96923
453 T	0.02986	0.00091	0.96923
454 T	0.02987	0.00090	0.96923
455 T	0.02987	0.00089	0.96924
456 T	0.02986	0.00090	0.96924
457 T	0.02984	0.00091	0.96924
458 A	0.02982	0.00090	0.96929
459 T	0.02980	0.00085	0.96935
460 G	0.02978	0.00079	0.96944
461 T	0.02977	0.00063	0.9696
462 T	0.02976	0.00054	0.9697
463 G	0.02971	0.00053	0.96976
464 T	0.02969	0.00049	0.96983
465 T	0.02963	0.00050	0.96987
466 A	0.02916	0.00099	0.96985
467 A	0.02882	0.00134	0.96984
468 T	0.02867	0.00147	0.96985
469 G	0.02829	0.00184	0.96986
470 G	0.02820	0.00193	0.96986
471 T	0.02811	0.00202	0.96987
472 T	0.02795	0.00218	0.96987
473 C	0.02759	0.00254	0.96987
474 T	0.02732	0.00283	0.96985
475 G	0.02709	0.00309	0.96982
476 A	0.02702	0.00318	0.9698
477 A	0.02698	0.00324	0.96979
478 T	0.02696	0.00326	0.96978
479 T	0.02694	0.00326	0.96981
480 T	0.02688	0.00329	0.96983
481 G	0.02673	0.00341	0.96986
482 T	0.02662	0.00350	0.96988
483 C	0.02644	0.00367	0.96989
484 G	0.02636	0.00382	0.96981
485 A	0.02632	0.00392	0.96976
486 A	0.02630	0.00395	0.96976
487 A	0.02630	0.00394	0.96975
488 A	0.02633	0.00390	0.96978
489 A	0.02638	0.00339	0.97023
490 T	0.02642	0.00298	0.97061
491 A	0.02643	0.00277	0.97081
492 T	0.02643	0.00233	0.97124
493 G	0.02642	0.00223	0.97135
494 T	0.02642	0.00214	0.97144
495 A	0.02638	0.00206	0.97155
496 G	0.02637	0.00177	0.97186
497 G	0.02637	0.00160	0.97203
498 T	0.02639	0.00162	0.97199
499 G	0.02616	0.00217	0.97167
500 T	0.02593	0.00300	0.97107
501 A	0.02574	0.00397	0.9703
502 G	0.02565	0.00408	0.97027
503 G	0.02562	0.00410	0.97028
504 A	0.02561	0.00403	0.97036
505 G	0.02561	0.00390	0.97049
506 C	0.02564	0.00372	0.97064
507 T	0.02572	0.00360	0.97068
508 G	0.02572	0.00357	0.97071
509 C	0.02573	0.00355	0.97072
510 T	0.02571	0.00358	0.97071
511 C	0.02568	0.00363	0.97068
512 G	0.02566	0.00367	0.97067
513 T	0.02564	0.00371	0.97065
514 A	0.02561	0.00377	0.97062
515 T	0.02559	0.00380	0.97062
516 C	0.02544	0.00395	0.9706
517 A	0.02532	0.00416	0.97052
518 G	0.02523	0.00431	0.97046
519 A	0.02498	0.00458	0.97043
520 A	0.02486	0.00474	0.97039
521 A	0.02499	0.00465	0.97035
522 A	0.02531	0.00410	0.97058
523 C	0.02596	0.00319	0.97085
524 T	0.02666	0.00254	0.9708
525 T	0.02668	0.00286	0.97046
526 T	0.02669	0.00336	0.96995
527 T	0.02662	0.00391	0.96948
528 T	0.02629	0.00458	0.96913
529 A	0.02570	0.00521	0.96909
530 A	0.02534	0.00557	0.96909
531 A	0.02444	0.00644	0.96911
532 A	0.02363	0.00723	0.96915
533 C	0.02326	0.00752	0.96922
534 A	0.02264	0.00811	0.96925
535 G	0.02200	0.00871	0.96928
536 C	0.02170	0.00899	0.96931
537 T	0.02153	0.00920	0.96927
538 A	0.02122	0.00962	0.96915
539 G	0.02107	0.00970	0.96923
540 A	0.02105	0.00974	0.96921
541 G	0.02108	0.00964	0.96928
542 A	0.02106	0.00941	0.96953
543 A	0.02107	0.00924	0.96968
544 A	0.02113	0.00907	0.9698
545 C	0.02118	0.00892	0.9699
546 A	0.02126	0.00889	0.96985
547 G	0.02153	0.00865	0.96981
548 C	0.02203	0.00816	0.96981
549 T	0.02252	0.00781	0.96966
550 T	0.02279	0.00769	0.96952
551 T	0.02285	0.00757	0.96959
552 T	0.02264	0.00753	0.96984
553 A	0.02221	0.00788	0.9699
554 A	0.02192	0.00730	0.97078
555 T	0.02161	0.00679	0.97159
556 A	0.02108	0.00701	0.97191
557 A	0.02082	0.00669	0.97249
558 G	0.02069	0.00612	0.97319
559 G	0.02062	0.00584	0.97355
560 G	0.02061	0.00563	0.97376
561 T	0.02068	0.00532	0.974
562 C	0.02067	0.00520	0.97413
563 A	0.02073	0.00513	0.97414
564 A	0.02075	0.00510	0.97416
565 A	0.02079	0.00503	0.97418
566 G	0.02086	0.00491	0.97423
567 A	0.02093	0.00483	0.97424
568 T	0.02104	0.00462	0.97434
569 A	0.02121	0.00441	0.97438
570 T	0.02156	0.00398	0.97446
571 T	0.02183	0.00365	0.97452
572 T	0.02201	0.00344	0.97455
573 T	0.02209	0.00330	0.97461
574 T	0.02218	0.00320	0.97461
575 T	0.02220	0.00301	0.97479
576 T	0.02221	0.00271	0.97508
577 A	0.02218	0.00258	0.97524
578 T	0.02222	0.00227	0.97552
579 T	0.02224	0.00186	0.9759
580 T	0.02220	0.00167	0.97612
581 T	0.02212	0.00170	0.97619
582 T	0.02173	0.00208	0.97619
583 A	0.02112	0.00275	0.97612
584 T	0.02092	0.00296	0.97612
585 T	0.02037	0.00352	0.9761
586 G	0.01954	0.00445	0.976
587 A	0.01892	0.00529	0.97579
588 T	0.01836	0.00608	0.97556
589 G	0.01702	0.00783	0.97515
590 A	0.01562	0.00989	0.97449
591 A	0.01476	0.01125	0.974
592 A	0.01437	0.01211	0.97351
593 T	0.01420	0.01283	0.97296
594 A	0.01366	0.01411	0.97222
595 G	0.01343	0.01443	0.97214
596 A	0.01348	0.01443	0.97209
597 T	0.01361	0.01426	0.97212
598 T	0.01361	0.01422	0.97217
599 C	0.01356	0.01424	0.9722
600 T	0.01348	0.01437	0.97215
601 A	0.01323	0.01471	0.97205
602 T	0.01315	0.01492	0.97193
603 A	0.01244	0.01580	0.97175
604 G	0.01213	0.01624	0.97163
605 G	0.01182	0.01634	0.97184
606 T	0.01144	0.01653	0.97202
607 A	0.01021	0.01821	0.97158
608 G	0.00944	0.01878	0.97177
609 A	0.00918	0.01897	0.97184
610 A	0.00925	0.01885	0.9719
611 A	0.00940	0.01858	0.97202
612 A	0.00974	0.01738	0.97287
613 A	0.01026	0.01594	0.9738
614 G	0.01071	0.01483	0.97446
615 A	0.01104	0.01459	0.97436
616 A	0.01153	0.01392	0.97455
617 G	0.01222	0.01264	0.97514
618 T	0.01237	0.01212	0.97552
619 T	0.01237	0.01208	0.97555
620 C	0.01217	0.01236	0.97547
621 A	0.01186	0.01348	0.97466
622 G	0.01115	0.01460	0.97425
623 A	0.01025	0.01634	0.97342
624 A	0.00981	0.01731	0.97288
625 G	0.00936	0.01822	0.97243
626 G	0.00922	0.01888	0.97191
627 A	0.00906	0.02104	0.9699
628 A	0.00900	0.02117	0.96983
629 A	0.00927	0.02053	0.97019
630 T	0.00986	0.01890	0.97124
631 G	0.00974	0.01855	0.97171
632 C	0.00990	0.01830	0.9718
633 A	0.01003	0.01878	0.97119
634 A	0.01025	0.01890	0.97085
635 A	0.01063	0.01853	0.97085
636 T	0.01109	0.01803	0.97089
637 A	0.01105	0.01809	0.97086
638 T	0.01136	0.01765	0.97099
639 C	0.01126	0.01793	0.97081
640 G	0.01120	0.01896	0.96984
641 A	0.01121	0.01938	0.96941
642 A	0.01131	0.01943	0.96926
643 A	0.01153	0.01918	0.96928
644 T	0.01236	0.01822	0.96942
645 A	0.01263	0.01722	0.97015
646 G	0.01341	0.01547	0.97112
647 A	0.01410	0.01431	0.97159
648 A	0.01457	0.01325	0.97219
649 A	0.01571	0.01168	0.97261
650 A	0.01789	0.00899	0.97312
651 T	0.01869	0.00772	0.97359
652 A	0.01891	0.00720	0.97388
653 G	0.01920	0.00673	0.97407
654 T	0.01949	0.00631	0.97419
655 T	0.01933	0.00649	0.97418
656 T	0.01886	0.00680	0.97435
657 G	0.01805	0.00754	0.97442
658 A	0.01729	0.00824	0.97448
659 A	0.01704	0.00835	0.97462
660 C	0.01702	0.00809	0.97489
661 G	0.01708	0.00799	0.97493
662 C	0.01750	0.00752	0.97499
663 T	0.01853	0.00652	0.97495
664 T	0.01883	0.00627	0.9749
665 T	0.01887	0.00627	0.97486
666 A	0.01869	0.00646	0.97484
667 T	0.01858	0.00653	0.97488
668 T	0.01819	0.00670	0.97511
669 A	0.01743	0.00733	0.97524
670 T	0.01721	0.00741	0.97537
671 C	0.01689	0.00764	0.97546
672 A	0.01665	0.00787	0.97549
673 G	0.01656	0.00793	0.9755
674 A	0.01656	0.00794	0.9755
675 A	0.01660	0.00788	0.97553
676 A	0.01668	0.00776	0.97557
677 T	0.01695	0.00704	0.97601
678 T	0.01713	0.00631	0.97656
679 G	0.01710	0.00556	0.97734
680 A	0.01713	0.00481	0.97806
681 T	0.01715	0.00409	0.97876
682 G	0.01715	0.00383	0.97901
683 G	0.01718	0.00367	0.97914
684 T	0.01731	0.00345	0.97925
685 T	0.01735	0.00341	0.97925
686 T	0.01737	0.00350	0.97914
687 T	0.01737	0.00376	0.97887
688 A	0.01733	0.00384	0.97883
689 A	0.01733	0.00360	0.97906
690 T	0.01733	0.00330	0.97937
691 T	0.01732	0.00287	0.97981
692 C	0.01729	0.00228	0.98043
693 T	0.01727	0.00231	0.98042
694 G	0.01719	0.00242	0.98039
695 G	0.01714	0.00248	0.98038
696 C	0.01711	0.00257	0.98031
697 G	0.01711	0.00303	0.97987
698 A	0.01711	0.00343	0.97946
699 G	0.01711	0.00367	0.97922
700 G	0.01712	0.00422	0.97866
701 G	0.01710	0.00471	0.97819
702 T	0.01707	0.00545	0.97748
703 A	0.01695	0.00801	0.97504
704 A	0.01686	0.01091	0.97223
705 A	0.01674	0.01386	0.96941
706 A	0.01662	0.01544	0.96794
707 A	0.01659	0.01565	0.96776
708 A	0.01662	0.01575	0.96763
709 A	0.01674	0.01566	0.9676
710 G	0.01697	0.01542	0.9676
711 C	0.01709	0.01526	0.96764
712 A	0.01721	0.01514	0.96765
713 G	0.01732	0.01501	0.96766
714 A	0.01754	0.01477	0.96768
715 C	0.01767	0.01462	0.96772
716 C	0.01784	0.01442	0.96773
717 T	0.01810	0.01412	0.96778
718 C	0.01823	0.01396	0.96781
719 C	0.01840	0.01378	0.96782
720 T	0.01889	0.01329	0.96782
721 T	0.01927	0.01291	0.96783
722 A	0.01953	0.01264	0.96783
723 T	0.02022	0.01193	0.96784
724 G	0.02065	0.01147	0.96788
725 G	0.02140	0.01060	0.968
726 A	0.02366	0.00819	0.96814
727 A	0.02644	0.00530	0.96826
728 T	0.02931	0.00227	0.96842
729 T	0.03065	0.00080	0.96855
730 G	0.03081	0.00061	0.96857
731 T	0.03096	0.00052	0.96851
732 T	0.03091	0.00072	0.96837
733 T	0.03056	0.00136	0.96808
734 T	0.03033	0.00193	0.96775
735 T	0.03004	0.00246	0.9675
736 G	0.02958	0.00297	0.96745
737 G	0.02933	0.00327	0.9674
738 T	0.02908	0.00355	0.96737
739 T	0.02799	0.00465	0.96736
740 C	0.02541	0.00723	0.96736
741 T	0.02390	0.00875	0.96735
742 A	0.02121	0.01146	0.96734
743 C	0.01949	0.01317	0.96734
744 C	0.01839	0.01428	0.96732
745 A	0.01659	0.01612	0.96729
746 A	0.01459	0.01815	0.96726
747 C	0.01349	0.01927	0.96724
748 A	0.01280	0.02007	0.96713
749 G	0.01253	0.02038	0.9671
750 A	0.01243	0.02050	0.96707
751 A	0.01239	0.02056	0.96705
752 A	0.01241	0.02053	0.96706
753 A	0.01248	0.02038	0.96714
754 G	0.01261	0.02012	0.96726
755 A	0.01282	0.01972	0.96747
756 C	0.01316	0.01882	0.96802
757 T	0.01348	0.01828	0.96824
758 T	0.01366	0.01788	0.96846
759 G	0.01365	0.01763	0.96871
760 T	0.01365	0.01747	0.96888
761 T	0.01358	0.01738	0.96905
762 A	0.01341	0.01634	0.97026
763 G	0.01329	0.01372	0.97299
764 A	0.01319	0.01235	0.97446
765 T	0.01317	0.00992	0.97691
766 G	0.01310	0.00825	0.97866
767 A	0.01307	0.00731	0.97962
768 A	0.01309	0.00555	0.98135
769 G	0.01313	0.00357	0.9833
770 C	0.01316	0.00263	0.98421
771 T	0.01326	0.00222	0.98453
772 T	0.01327	0.00228	0.98444
773 T	0.01324	0.00283	0.98393
774 G	0.01311	0.00474	0.98215
775 A	0.01296	0.00753	0.97951
776 T	0.01278	0.01050	0.97672
777 A	0.01255	0.01548	0.97197
778 A	0.01240	0.01940	0.9682
779 G	0.01230	0.02123	0.96647
780 A	0.01219	0.02265	0.96516
781 G	0.01212	0.02336	0.96452
782 A	0.01203	0.02406	0.96391
783 A	0.01205	0.02405	0.96389
784 G	0.01210	0.02395	0.96396
785 G	0.01217	0.02373	0.9641
786 A	0.01226	0.02354	0.96419
787 C	0.01242	0.02329	0.9643
788 G	0.01256	0.02315	0.96428
789 T	0.01264	0.02309	0.96427
790 T	0.01269	0.02313	0.96418
791 T	0.01270	0.02320	0.96409
792 A	0.01269	0.02336	0.96395
793 G	0.01269	0.02348	0.96383
794 G	0.01276	0.02350	0.96375
795 A	0.01300	0.02325	0.96375
796 A	0.01366	0.02255	0.96379
797 A	0.01567	0.02039	0.96394
798 A	0.01868	0.01722	0.96409
799 C	0.02208	0.01360	0.96432
800 A	0.02678	0.00877	0.96446
801 T	0.03063	0.00481	0.96456
802 A	0.03195	0.00348	0.96457
803 T	0.03301	0.00239	0.9646
804 T	0.03345	0.00202	0.96454
805 T	0.03378	0.00183	0.96439
806 A	0.03358	0.00224	0.96418
807 T	0.03348	0.00248	0.96403
808 T	0.03307	0.00323	0.9637
809 T	0.03244	0.00411	0.96345
810 A	0.03099	0.00565	0.96336
811 G	0.02982	0.00688	0.96331
812 G	0.02950	0.00724	0.96326
813 T	0.02938	0.00737	0.96325
814 C	0.02911	0.00763	0.96326
815 A	0.02891	0.00784	0.96325
816 T	0.02864	0.00813	0.96323
817 C	0.02772	0.00915	0.96314
818 C	0.02717	0.00988	0.96295
819 T	0.02691	0.01026	0.96284
820 A	0.02640	0.01086	0.96274
821 A	0.02612	0.01117	0.96271
822 T	0.02606	0.01126	0.96268
823 C	0.02596	0.01138	0.96266
824 A	0.02589	0.01148	0.96262
825 G	0.02591	0.01151	0.96257
826 A	0.02595	0.01160	0.96245
827 A	0.02598	0.01167	0.96234
828 T	0.02626	0.01143	0.96231
829 G	0.02633	0.01125	0.96242
830 A	0.02644	0.01110	0.96246
831 T	0.02670	0.01037	0.96293
832 A	0.02679	0.00987	0.96334
833 T	0.02683	0.00862	0.96456
834 T	0.02673	0.00783	0.96544
835 A	0.02646	0.00798	0.96556
836 A	0.02632	0.00798	0.96569
837 A	0.02622	0.00775	0.96603
838 A	0.02616	0.00741	0.96643
839 A	0.02617	0.00681	0.96703
840 T	0.02630	0.00555	0.96815
841 C	0.02634	0.00487	0.96879
842 T	0.02636	0.00475	0.96889
843 T	0.02622	0.00472	0.96906
844 C	0.02581	0.00511	0.96908
845 T	0.02557	0.00566	0.96878
846 T	0.02494	0.00668	0.96838
847 G	0.02385	0.00873	0.96741
848 A	0.02306	0.01096	0.96598
849 A	0.02285	0.01168	0.96547
850 T	0.02287	0.01172	0.96541
851 A	0.02279	0.01190	0.96531
852 T	0.02308	0.01156	0.96536
853 T	0.02322	0.01151	0.96527
854 T	0.02327	0.01175	0.96499
855 T	0.02321	0.01215	0.96464
856 A	0.02309	0.01254	0.96437
857 T	0.02309	0.01253	0.96439
858 T	0.02290	0.01265	0.96444
859 A	0.02252	0.01323	0.96425
860 A	0.02118	0.01471	0.96411
861 A	0.02093	0.01511	0.96396
862 A	0.02088	0.01532	0.96381
863 A	0.02086	0.01541	0.96374
864 A	0.02094	0.01527	0.96378
865 T	0.02118	0.01497	0.96385
866 A	0.02130	0.01484	0.96386
867 T	0.02153	0.01432	0.96415
868 A	0.02169	0.01431	0.964
869 A	0.02203	0.01377	0.9642
870 A	0.02292	0.01250	0.96458
871 T	0.02436	0.01075	0.96489
872 T	0.02443	0.01136	0.9642
873 T	0.02402	0.01199	0.96399
874 G	0.02294	0.01385	0.9632
875 A	0.02253	0.01566	0.96181
876 A	0.02227	0.01722	0.96051
877 C	0.02244	0.01773	0.95983
878 T	0.02282	0.01931	0.95787
879 T	0.02295	0.01956	0.95749
880 A	0.02281	0.01972	0.95746
881 G	0.02264	0.01977	0.95759
882 A	0.02226	0.01997	0.95777
883 C	0.02221	0.01869	0.9591
884 C	0.02228	0.01852	0.9592
885 A	0.02237	0.01882	0.9588
886 G	0.02245	0.01932	0.95823
887 G	0.02254	0.02050	0.95695
888 A	0.02255	0.02135	0.95609
889 G	0.02268	0.02162	0.9557
890 A	0.02274	0.02197	0.95529
891 A	0.02302	0.02172	0.95526
892 A	0.02343	0.02138	0.95519
893 A	0.02389	0.02080	0.95531
894 A	0.02443	0.02005	0.95551
895 G	0.02549	0.01846	0.95605
896 A	0.02608	0.01727	0.95665
897 G	0.02724	0.01502	0.95774
898 A	0.02900	0.01287	0.95812
899 C	0.03069	0.01083	0.95848
900 T	0.03177	0.01058	0.95766
901 T	0.03335	0.00918	0.95747
902 T	0.03367	0.00895	0.95737
903 A	0.03372	0.00882	0.95746
904 T	0.03381	0.00854	0.95765
905 C	0.03386	0.00791	0.95822
906 T	0.03397	0.00775	0.95828
907 C	0.03409	0.00765	0.95825
908 A	0.03443	0.00757	0.95799
909 A	0.03499	0.00720	0.95781
910 T	0.03649	0.00591	0.95761
911 T	0.03726	0.00532	0.95742
912 T	0.03760	0.00532	0.95708
913 T	0.03782	0.00505	0.95714
914 T	0.03783	0.00503	0.95714
915 A	0.03770	0.00518	0.95712
916 T	0.03765	0.00526	0.9571
917 C	0.03747	0.00554	0.95699
918 A	0.03693	0.00708	0.95599
919 A	0.03656	0.00782	0.95561
920 A	0.03637	0.00831	0.95532
921 A	0.03563	0.00909	0.95528
922 A	0.03556	0.00918	0.95527
923 C	0.03639	0.00832	0.95529
924 T	0.03665	0.00816	0.95519
925 C	0.03663	0.00834	0.95504
926 A	0.03665	0.00858	0.95478
927 T	0.03682	0.00854	0.95463
928 T	0.03693	0.00845	0.95462
929 T	0.03700	0.00838	0.95462
930 T	0.03697	0.00839	0.95464
931 A	0.03695	0.00826	0.95478
932 C	0.03705	0.00802	0.95493
933 T	0.03723	0.00780	0.95497
934 G	0.03742	0.00758	0.95501
935 C	0.03773	0.00722	0.95505
936 T	0.03784	0.00711	0.95506
937 T	0.03773	0.00722	0.95505
938 C	0.03729	0.00755	0.95517
939 A	0.03605	0.00901	0.95494
940 G	0.03547	0.00985	0.95468
941 A	0.03547	0.01008	0.95445
942 A	0.03498	0.01078	0.95424
943 A	0.03490	0.01089	0.95422
944 T	0.03481	0.01027	0.95492
945 G	0.03441	0.01089	0.95471
946 A	0.03402	0.01132	0.95465
947 A	0.03407	0.01130	0.95464
948 T	0.03428	0.01094	0.95479
949 T	0.03440	0.01094	0.95466
950 C	0.03430	0.01154	0.95416
951 T	0.03407	0.01258	0.95334
952 T	0.03218	0.01457	0.95324
953 T	0.02709	0.01990	0.95301
954 G	0.02274	0.02448	0.95278
955 G	0.02076	0.02690	0.95233
956 C	0.01932	0.02859	0.95209
957 A	0.01810	0.03125	0.95066
958 A	0.01720	0.03377	0.94903
959 A	0.01683	0.03466	0.94851
960 A	0.01653	0.03521	0.94826
961 G	0.01635	0.03563	0.94802
962 A	0.01640	0.03527	0.94833
963 A	0.01666	0.03479	0.94855
964 G	0.01729	0.03371	0.949
965 T	0.01783	0.03232	0.94985
966 A	0.01795	0.03204	0.95001
967 A	0.01816	0.03171	0.95013
968 A	0.01856	0.03107	0.95037
969 C	0.01864	0.03062	0.95074
970 A	0.01863	0.03117	0.9502
971 A	0.01873	0.03193	0.94934
972 A	0.01887	0.03286	0.94827
973 T	0.01952	0.03238	0.9481
974 T	0.01978	0.03263	0.94759
975 A	0.01897	0.03158	0.94945
976 G	0.01844	0.02776	0.95381
977 G	0.01841	0.02564	0.95594
978 T	0.01867	0.02837	0.95297
979 A	0.01759	0.03972	0.94269
980 A	0.01797	0.04373	0.9383
981 T	0.01919	0.04425	0.93656
982 A	0.01902	0.04454	0.93645
983 A	0.01893	0.04449	0.93658
984 A	0.01913	0.04412	0.93674
985 T	0.01972	0.04337	0.93691
986 C	0.01949	0.04351	0.937
987 A	0.01928	0.04393	0.93679
988 G	0.01895	0.04450	0.93655
989 T	0.01881	0.04494	0.93625
990 A	0.01838	0.04604	0.93558
991 A	0.01832	0.04665	0.93503
992 A	0.01836	0.04659	0.93505
993 A	0.01897	0.04581	0.93522
994 A	0.01993	0.04462	0.93545
995 T	0.02154	0.04266	0.93579
996 A	0.02216	0.04195	0.93589
997 G	0.02341	0.04047	0.93613
998 A	0.02554	0.03780	0.93666
999 T	0.02935	0.03334	0.93731
1000 A	0.03097	0.03155	0.93749
1001 A	0.03551	0.02681	0.93768
1002 T	0.04576	0.01542	0.93882
1003 T	0.04924	0.01129	0.93946
1004 T	0.05025	0.01035	0.9394
1005 T	0.05030	0.01008	0.93962
1006 T	0.05006	0.01024	0.9397
1007 A	0.04954	0.01065	0.93981
1008 T	0.04923	0.01072	0.94004
1009 G	0.04895	0.01047	0.94057
1010 A	0.04902	0.00991	0.94107
1011 T	0.04935	0.00907	0.94158
1012 G	0.04956	0.00846	0.94198
1013 C	0.04989	0.00774	0.94237
1014 T	0.05024	0.00738	0.94238
1015 T	0.05023	0.00745	0.94232
1016 G	0.05015	0.00764	0.94221
1017 G	0.05011	0.00790	0.94199
1018 G	0.05010	0.00826	0.94164
1019 A	0.05007	0.00884	0.94108
1020 T	0.04971	0.00963	0.94066
1021 G	0.04798	0.01261	0.93941
1022 A	0.04695	0.01448	0.93858
1023 A	0.04664	0.01541	0.93794
1024 G	0.04660	0.01609	0.9373
1025 T	0.04690	0.01672	0.93638
1026 A	0.04722	0.01688	0.9359
1027 T	0.04772	0.01647	0.93581
1028 T	0.04773	0.01659	0.93567
1029 T	0.04705	0.01731	0.93564
1030 T	0.04508	0.01927	0.93565
1031 T	0.04235	0.02265	0.935
1032 A	0.03756	0.02761	0.93482
1033 G	0.03465	0.03043	0.93493
1034 G	0.03336	0.03172	0.93492
1035 A	0.03199	0.03310	0.93491
1036 C	0.03134	0.03364	0.93502
1037 C	0.03094	0.03426	0.9348
1038 T	0.03057	0.03584	0.93359
1039 A	0.03004	0.03846	0.9315
1040 A	0.03012	0.03950	0.93038
1041 A	0.03041	0.03979	0.9298
1042 A	0.03102	0.03945	0.92953
1043 A	0.03162	0.03832	0.93006
1044 T	0.03310	0.03515	0.93175
1045 A	0.03377	0.03390	0.93234
1046 A	0.03443	0.03298	0.93259
1047 A	0.03515	0.03211	0.93273
1048 T	0.03623	0.03112	0.93265
1049 T	0.03649	0.03126	0.93225
1050 A	0.03630	0.03238	0.93132
1051 A	0.03621	0.03347	0.93032
1052 A	0.03525	0.03489	0.92986
1053 A	0.03436	0.03647	0.92918
1054 A	0.03412	0.03703	0.92884
1055 G	0.03389	0.03695	0.92916
1056 A	0.03351	0.04139	0.9251
1057 A	0.03342	0.04449	0.92208
1058 G	0.03374	0.04348	0.92278
1059 T	0.03435	0.04311	0.92254
1060 G	0.03457	0.04252	0.92291
1061 G	0.03558	0.04112	0.92331
1062 C	0.03725	0.03916	0.9236
1063 T	0.03811	0.03859	0.9233
1064 C	0.03827	0.03913	0.9226
1065 A	0.03850	0.03921	0.92229
1066 G	0.03872	0.03925	0.92203
1067 A	0.03888	0.03933	0.92178
1068 T	0.03924	0.03911	0.92165
1069 C	0.03933	0.03964	0.92104
1070 A	0.03917	0.04121	0.91961
1071 A	0.03939	0.04146	0.91915
1072 G	0.03987	0.04108	0.91905
1073 A	0.04074	0.04026	0.919
1074 A	0.04242	0.03867	0.91891
1075 A	0.04502	0.03508	0.9199
1076 G	0.04903	0.03010	0.92088
1077 A	0.05265	0.02612	0.92123
1078 A	0.05609	0.02283	0.92108
1079 T	0.06237	0.01648	0.92115
1080 T	0.06572	0.01368	0.9206
1081 A	0.06614	0.01430	0.91956
1082 T	0.06684	0.01398	0.91918
1083 T	0.06698	0.01381	0.91921
1084 A	0.06707	0.01385	0.91909
1085 T	0.06729	0.01357	0.91914
1086 A	0.06751	0.01335	0.91914
1087 C	0.06804	0.01266	0.9193
1088 A	0.06827	0.01257	0.91916
1089 T	0.06861	0.01229	0.9191
1090 G	0.06880	0.01233	0.91887
1091 A	0.06907	0.01218	0.91875
1092 A	0.06980	0.01152	0.91868
1093 T	0.07123	0.00967	0.91911
1094 T	0.07164	0.00932	0.91904
1095 A	0.07173	0.00921	0.91907
1096 G	0.07191	0.00897	0.91912
1097 G	0.07220	0.00866	0.91913
1098 G	0.07252	0.00840	0.91908
1099 C	0.07293	0.00798	0.91908
1100 A	0.07373	0.00721	0.91906
1101 T	0.07475	0.00621	0.91904
1102 G	0.07526	0.00574	0.91901
1103 C	0.07604	0.00498	0.91898
1104 T	0.07707	0.00400	0.91893
1105 G	0.07747	0.00366	0.91888
1106 T	0.07767	0.00349	0.91885
1107 T	0.07785	0.00336	0.91879
1108 G	0.07788	0.00333	0.91879
1109 T	0.07797	0.00317	0.91887
1110 A	0.07801	0.00312	0.91888
1111 T	0.07820	0.00287	0.91893
1112 C	0.07828	0.00281	0.91892
1113 T	0.07853	0.00267	0.9188
1114 A	0.07857	0.00269	0.91874
1115 A	0.07866	0.00261	0.91873
1116 A	0.07878	0.00250	0.91871
1117 G	0.07910	0.00217	0.91872
1118 C	0.07930	0.00182	0.91888
1119 T	0.07959	0.00153	0.91889
1120 T	0.07975	0.00139	0.91886
1121 T	0.07980	0.00136	0.91883
1122 T	0.07978	0.00143	0.91879
1123 G	0.07965	0.00166	0.91868
1124 A	0.07963	0.00174	0.91863
1125 T	0.07968	0.00173	0.9186
1126 T	0.07968	0.00178	0.91855
1127 T	0.07971	0.00181	0.91848
1128 T	0.07967	0.00190	0.91843
1129 A	0.07956	0.00217	0.91827
1130 A	0.07949	0.00233	0.91817
1131 T	0.07948	0.00233	0.91819
1132 G	0.07942	0.00239	0.91819
1133 T	0.07945	0.00236	0.91819
1134 A	0.07939	0.00241	0.91819
1135 C	0.07938	0.00236	0.91826
1136 A	0.07942	0.00233	0.91824
1137 T	0.07940	0.00236	0.91825
1138 C	0.07933	0.00246	0.91821
1139 G	0.07932	0.00256	0.91812
1140 T	0.07931	0.00270	0.91799
1141 A	0.07923	0.00299	0.91779
1142 T	0.07922	0.00309	0.9177
1143 T	0.07912	0.00330	0.91758
1144 A	0.07886	0.00382	0.91732
1145 A	0.07855	0.00413	0.91732
1146 T	0.07847	0.00411	0.91743
1147 G	0.07802	0.00461	0.91737
1148 T	0.07798	0.00480	0.91723
1149 C	0.07789	0.00540	0.91671
1150 G	0.07778	0.00594	0.91628
1151 A	0.07776	0.00624	0.91601
1152 A	0.07786	0.00621	0.91593
1153 T	0.07788	0.00625	0.91586
1154 C	0.07782	0.00641	0.91578
1155 G	0.07770	0.00694	0.91537
1156 A	0.07766	0.00765	0.91469
1157 G	0.07765	0.00844	0.91391
1158 A	0.07765	0.00891	0.91344
1159 G	0.07770	0.00914	0.91317
1160 G	0.07776	0.00962	0.91262
1161 T	0.07786	0.00993	0.91221
1162 G	0.07792	0.01048	0.9116
1163 A	0.07800	0.01086	0.91113
1164 T	0.07817	0.01085	0.91098
1165 A	0.07822	0.01097	0.91081
1166 A	0.07830	0.01079	0.91091
1167 A	0.07853	0.01026	0.9112
1168 G	0.07860	0.00974	0.91166
1169 G	0.07870	0.00941	0.91189
1170 C	0.07889	0.00875	0.91237
1171 G	0.07915	0.00865	0.9122
1172 G	0.07976	0.00820	0.91204
1173 T	0.08030	0.00801	0.91169
1174 T	0.08060	0.00787	0.91154
1175 A	0.08064	0.00815	0.91121
1176 T	0.08084	0.00829	0.91088
1177 A	0.08088	0.00933	0.90979
1178 C	0.08125	0.00928	0.90947
1179 A	0.08185	0.01070	0.90745
1180 T	0.08293	0.00979	0.90728
1181 T	0.08335	0.00971	0.90693
1182 A	0.08339	0.01021	0.90639
1183 T	0.08378	0.01044	0.90578
1184 C	0.08376	0.01092	0.90531
1185 T	0.08407	0.01081	0.90512
1186 T	0.08390	0.01101	0.90509
1187 T	0.08348	0.01147	0.90505
1188 A	0.08266	0.01232	0.90502
1189 C	0.08213	0.01287	0.90501
1190 C	0.08162	0.01344	0.90494
1191 T	0.08090	0.01445	0.90464
1192 A	0.08034	0.01549	0.90417
1193 A	0.08014	0.01594	0.90391
1194 T	0.08023	0.01610	0.90367
1195 G	0.08020	0.01654	0.90327
1196 A	0.08045	0.01656	0.90298
1197 A	0.08065	0.01662	0.90273
1198 G	0.08101	0.01650	0.90249
1199 A	0.08159	0.01613	0.90227
1200 T	0.08292	0.01499	0.90208
1201 A	0.08332	0.01524	0.90144
1202 T	0.08507	0.01369	0.90124
1203 A	0.08517	0.01376	0.90107
1204 A	0.08549	0.01339	0.90112
1205 A	0.08597	0.01263	0.90139
1206 T	0.08669	0.01145	0.90186
1207 T	0.08711	0.01069	0.9022
1208 T	0.08723	0.01046	0.9023
1209 A	0.08715	0.01082	0.90203
1210 T	0.08708	0.01045	0.90247
1211 T	0.08621	0.01096	0.90283
1212 A	0.08407	0.01279	0.90314
1213 A	0.08296	0.01348	0.90357
1214 C	0.08229	0.01342	0.90429
1215 T	0.08141	0.01470	0.90389
1216 C	0.07935	0.01723	0.90342
1217 G	0.07859	0.01945	0.90196
1218 T	0.07805	0.02238	0.89957
1219 G	0.07672	0.02567	0.89762
1220 A	0.07632	0.02745	0.89622
1221 T	0.07638	0.02838	0.89523
1222 G	0.07628	0.02923	0.89449
1223 A	0.07636	0.02999	0.89365
1224 T	0.07694	0.02937	0.89369
1225 T	0.07698	0.02935	0.89367
1226 T	0.07664	0.02972	0.89365
1227 G	0.07592	0.03048	0.8936
1228 C	0.07544	0.03099	0.89357
1229 A	0.07490	0.03174	0.89335
1230 G	0.07461	0.03220	0.89318
1231 A	0.07466	0.03233	0.89301
1232 A	0.07523	0.03184	0.89292
1233 A	0.07540	0.03173	0.89287
1234 A	0.07576	0.03041	0.89384
1235 G	0.07605	0.02803	0.89592
1236 A	0.07640	0.02667	0.89693
1237 A	0.07717	0.02498	0.89784
1238 T	0.07926	0.02139	0.89935
1239 T	0.08058	0.01842	0.90101
1240 A	0.08200	0.01677	0.90123
1241 T	0.08441	0.01407	0.90153
1242 T	0.08583	0.01255	0.90162
1243 A	0.08644	0.01324	0.90032
1244 T	0.08707	0.01388	0.89905
1245 A	0.08757	0.01656	0.89586
1246 T	0.08818	0.01899	0.89283
1247 T	0.08824	0.02520	0.88655
1248 A	0.08817	0.03076	0.88106
1249 T	0.08816	0.03500	0.87683
1250 T	0.08788	0.03612	0.876
1251 A	0.08688	0.03882	0.8743
1252 G	0.08634	0.03972	0.87394
1253 G	0.08612	0.04075	0.87313
1254 C	0.08569	0.04200	0.87231
1255 G	0.08542	0.04413	0.87045
1256 G	0.08530	0.04576	0.86894
1257 A	0.08525	0.04690	0.86786
1258 A	0.08520	0.04713	0.86766
1259 G	0.08535	0.04712	0.86753
1260 A	0.08559	0.04708	0.86733
1261 G	0.08589	0.04683	0.86728
1262 C	0.08641	0.04631	0.86728
1263 G	0.08703	0.04570	0.86727
1264 G	0.08765	0.04512	0.86723
1265 C	0.08887	0.04392	0.86721
1266 C	0.09069	0.04219	0.86713
1267 G	0.09242	0.04050	0.86709
1268 A	0.09625	0.03670	0.86705
1269 A	0.10027	0.03271	0.86703
1270 T	0.10724	0.02574	0.86702
1271 C	0.11189	0.02093	0.86718
1272 A	0.11560	0.01720	0.86719
1273 A	0.11741	0.01511	0.86748
1274 T	0.12040	0.01124	0.86836
1275 T	0.12194	0.00927	0.86879
1276 T	0.12327	0.00815	0.86859
1277 T	0.12386	0.00699	0.86915
1278 T	0.12415	0.00640	0.86945
1279 T	0.12385	0.00655	0.86959
1280 A	0.12318	0.00713	0.86968
1281 C	0.12300	0.00718	0.86982
1282 A	0.12289	0.00729	0.86983
1283 A	0.12302	0.00712	0.86985
1284 T	0.12305	0.00705	0.86991
1285 T	0.12294	0.00716	0.8699
1286 C	0.12282	0.00729	0.86989
1287 T	0.12276	0.00749	0.86974
1288 G	0.12248	0.00819	0.86933
1289 T	0.12242	0.00849	0.86909
1290 T	0.12228	0.00885	0.86887
1291 A	0.12215	0.00928	0.86857
1292 G	0.12205	0.00949	0.86846
1293 T	0.12203	0.00975	0.86822
1294 A	0.12179	0.01049	0.86772
1295 T	0.12186	0.01111	0.86703
1296 A	0.12179	0.01325	0.86496
1297 G	0.12165	0.01358	0.86476
1298 G	0.12171	0.01392	0.86437
1299 T	0.12217	0.01421	0.86363
1300 T	0.12220	0.01528	0.86252
1301 C	0.12221	0.01598	0.86181
1302 T	0.12226	0.02055	0.85719
1303 T	0.12221	0.02810	0.84969
1304 A	0.12210	0.03993	0.83797
1305 T	0.12182	0.04915	0.82903
1306 G	0.12141	0.05770	0.82088
1307 A	0.12080	0.07159	0.80761
1308 T	0.12024	0.08475	0.79501
1309 G	0.11941	0.09380	0.78679
1310 A	0.11914	0.10008	0.78079
1311 T	0.11945	0.10588	0.77467
1312 T	0.11936	0.11294	0.76771
1313 T	0.11902	0.11846	0.76252
1314 A	0.11843	0.12418	0.75739
1315 A	0.11819	0.12799	0.75382
1316 A	0.11812	0.13061	0.75127
1317 A	0.11808	0.13259	0.74933
1318 A	0.11844	0.13266	0.74889
1319 A	0.12043	0.13111	0.74845
1320 A	0.12086	0.13055	0.74859
1321 G	0.12216	0.12914	0.7487
1322 C	0.12489	0.12643	0.74868
1323 T	0.12796	0.12408	0.74796
1324 C	0.12903	0.12358	0.74739
1325 A	0.13181	0.12278	0.74541
1326 A	0.13869	0.11803	0.74327
1327 A	0.15032	0.10870	0.74098
1328 T	0.16008	0.10109	0.73883
