# lcl|CP097583.1_cds_USQ93403.1_1
# AA	inside	membr	outside
1 A	0.48329	0.00000	0.51671
2 T	0.47777	0.00552	0.51671
3 G	0.47417	0.00911	0.51671
4 T	0.47417	0.05746	0.46836
5 A	0.39738	0.18986	0.41276
6 T	0.39738	0.19424	0.40838
7 A	0.12543	0.46757	0.407
8 A	0.12542	0.46759	0.40699
9 A	0.11199	0.48115	0.40686
10 A	0.11197	0.48721	0.40081
11 A	0.11094	0.48862	0.40043
12 A	0.10451	0.49507	0.40042
13 A	0.09632	0.50335	0.40033
14 T	0.09632	0.50335	0.40033
15 T	0.09632	0.50377	0.3999
16 C	0.09496	0.50513	0.3999
17 G	0.09237	0.50777	0.39986
18 A	0.09227	0.50807	0.39966
19 G	0.09040	0.51010	0.39949
20 A	0.08270	0.52285	0.39445
21 A	0.07514	0.53040	0.39446
22 A	0.07929	0.52612	0.39458
23 T	0.09406	0.50484	0.4011
24 A	0.10733	0.48613	0.40654
25 T	0.13928	0.40939	0.45133
26 T	0.14665	0.38041	0.47294
27 T	0.17028	0.30681	0.52291
28 T	0.18037	0.24151	0.57813
29 T	0.17605	0.23616	0.58779
30 T	0.16628	0.11740	0.71632
31 A	0.13906	0.16801	0.69293
32 A	0.12801	0.19967	0.67232
33 A	0.11449	0.30990	0.57561
34 T	0.10425	0.37478	0.52097
35 A	0.08913	0.40421	0.50666
36 T	0.07967	0.42627	0.49406
37 A	0.06439	0.45886	0.47675
38 A	0.05765	0.46975	0.4726
39 A	0.05096	0.48729	0.46175
40 A	0.04937	0.48782	0.46281
41 A	0.04907	0.48957	0.46135
42 A	0.04903	0.49074	0.46023
43 A	0.05309	0.48058	0.46633
44 A	0.05325	0.47585	0.4709
45 T	0.05440	0.47446	0.47113
46 A	0.05482	0.47419	0.47099
47 T	0.05596	0.47253	0.47151
48 A	0.05688	0.47110	0.47202
49 T	0.05966	0.46621	0.47414
50 T	0.06191	0.46179	0.4763
51 A	0.06549	0.45469	0.47982
52 A	0.07398	0.43957	0.48645
53 T	0.10084	0.40049	0.49867
54 A	0.12256	0.35635	0.52109
55 A	0.15633	0.30882	0.53484
56 T	0.27172	0.17300	0.55528
57 T	0.32892	0.10105	0.57003
58 T	0.34393	0.07342	0.58265
59 T	0.35582	0.05351	0.59068
60 T	0.36386	0.03620	0.59994
61 T	0.36591	0.03012	0.60397
62 T	0.37192	0.02034	0.60774
63 A	0.37289	0.01838	0.60873
64 A	0.37541	0.01530	0.60928
65 T	0.37954	0.01056	0.6099
66 T	0.38045	0.00936	0.61019
67 C	0.38189	0.00772	0.6104
68 T	0.38248	0.00768	0.60984
69 T	0.38281	0.00779	0.6094
70 T	0.38204	0.00937	0.60859
71 T	0.38051	0.01144	0.60805
72 T	0.37797	0.01490	0.60713
73 T	0.37248	0.02156	0.60596
74 T	0.36182	0.03330	0.60488
75 T	0.33283	0.06408	0.60309
76 A	0.26254	0.13789	0.59957
77 T	0.25249	0.14850	0.599
78 A	0.24258	0.15964	0.59777
79 T	0.23766	0.16485	0.59749
80 G	0.23194	0.17089	0.59718
81 C	0.22820	0.17504	0.59675
82 A	0.21626	0.18907	0.59467
83 C	0.21309	0.19229	0.59462
84 T	0.21043	0.19545	0.59412
85 A	0.20667	0.19983	0.5935
86 T	0.20522	0.20149	0.59329
87 C	0.20166	0.20533	0.593
88 A	0.19807	0.21052	0.59141
89 T	0.19607	0.21331	0.59062
90 A	0.19276	0.21722	0.59001
91 T	0.19190	0.21888	0.58922
92 A	0.18950	0.22365	0.58685
93 T	0.18794	0.22410	0.58796
94 G	0.18393	0.22319	0.59287
95 A	0.18289	0.21851	0.59859
96 T	0.18101	0.20834	0.61066
97 A	0.17713	0.20014	0.62273
98 G	0.17424	0.17284	0.65293
99 C	0.17415	0.11624	0.70961
100 G	0.17195	0.11469	0.71336
101 A	0.17093	0.11664	0.71243
102 A	0.16955	0.12345	0.70701
103 A	0.16866	0.12652	0.70483
104 A	0.16836	0.12654	0.7051
105 T	0.17035	0.11156	0.71808
106 A	0.17026	0.11082	0.71892
107 T	0.17068	0.11708	0.71224
108 T	0.17110	0.14910	0.6798
109 A	0.17022	0.15352	0.67626
110 A	0.16850	0.15387	0.67764
111 A	0.16251	0.15744	0.68005
112 T	0.15940	0.15962	0.68098
113 C	0.15459	0.16351	0.6819
114 A	0.15069	0.17441	0.67489
115 A	0.15203	0.17595	0.67201
116 T	0.15435	0.17318	0.67247
117 T	0.15426	0.17153	0.67421
118 T	0.15259	0.17333	0.67408
119 T	0.14947	0.17460	0.67594
120 A	0.13000	0.19165	0.67835
121 G	0.11129	0.20786	0.68084
122 A	0.09358	0.22647	0.67994
123 A	0.08823	0.22994	0.68182
124 A	0.08682	0.22941	0.68377
125 A	0.08854	0.22567	0.68579
126 A	0.08995	0.22255	0.6875
127 C	0.09082	0.21993	0.68926
128 C	0.09128	0.21938	0.68934
129 A	0.09217	0.21994	0.6879
130 A	0.10055	0.21309	0.68636
131 A	0.13179	0.18291	0.68529
132 T	0.13661	0.17811	0.68528
133 G	0.13740	0.17529	0.6873
134 A	0.13941	0.16545	0.69514
135 T	0.14345	0.15616	0.7004
136 A	0.14630	0.14817	0.70553
137 C	0.15381	0.13459	0.71159
138 T	0.15886	0.12939	0.71176
139 T	0.15999	0.12825	0.71177
140 T	0.15962	0.12830	0.71208
141 T	0.15029	0.13775	0.71195
142 A	0.12509	0.16303	0.71187
143 A	0.09770	0.17487	0.72743
144 A	0.09217	0.16443	0.74341
145 G	0.09211	0.14762	0.76026
146 A	0.09152	0.14487	0.76361
147 A	0.09144	0.14133	0.76724
148 A	0.09155	0.13721	0.77124
149 T	0.09137	0.13388	0.77475
150 A	0.09064	0.13271	0.77664
151 A	0.08952	0.13123	0.77926
152 A	0.09061	0.12644	0.78295
153 A	0.09207	0.12081	0.78712
154 T	0.09345	0.11463	0.79192
155 C	0.09378	0.11110	0.79512
156 A	0.09350	0.11022	0.79628
157 A	0.09400	0.10891	0.79708
158 C	0.09512	0.10691	0.79797
159 T	0.09641	0.10531	0.79828
160 T	0.09736	0.10399	0.79865
161 T	0.09858	0.10100	0.80042
162 T	0.09929	0.09799	0.80273
163 G	0.09970	0.09524	0.80505
164 T	0.10085	0.08107	0.81808
165 A	0.10208	0.05651	0.84141
166 C	0.10543	0.02683	0.86773
167 T	0.10851	0.01986	0.87163
168 C	0.10992	0.01677	0.87332
169 T	0.11258	0.01417	0.87325
170 T	0.11362	0.01347	0.87291
171 A	0.11371	0.01389	0.87239
172 T	0.11394	0.01315	0.87291
173 T	0.11351	0.01393	0.87256
174 T	0.11141	0.01783	0.87076
175 A	0.10801	0.02412	0.86787
176 T	0.10572	0.02686	0.86741
177 A	0.09849	0.03632	0.86519
178 A	0.09548	0.04072	0.8638
179 G	0.09415	0.04223	0.86362
180 T	0.09376	0.04401	0.86223
181 G	0.09327	0.04481	0.86191
182 T	0.09307	0.04517	0.86176
183 T	0.09279	0.04570	0.86151
184 G	0.09234	0.04636	0.8613
185 T	0.09186	0.04703	0.86111
186 A	0.09089	0.04812	0.86099
187 G	0.09042	0.04848	0.8611
188 G	0.09013	0.04866	0.86122
189 T	0.08999	0.04904	0.86098
190 A	0.08974	0.04952	0.86074
191 A	0.08972	0.04949	0.86079
192 A	0.09001	0.04916	0.86083
193 A	0.09061	0.04827	0.86111
194 T	0.09149	0.04647	0.86204
195 A	0.09203	0.04526	0.86272
196 A	0.09346	0.04268	0.86386
197 T	0.09746	0.03607	0.86647
198 A	0.10056	0.02997	0.86948
199 A	0.10184	0.02616	0.872
200 T	0.10507	0.01631	0.87862
201 T	0.10707	0.01150	0.88143
202 C	0.10774	0.00946	0.8828
203 T	0.10920	0.00770	0.88311
204 T	0.10969	0.00687	0.88343
205 T	0.10993	0.00646	0.88361
206 T	0.11020	0.00599	0.88381
207 T	0.11044	0.00551	0.88405
208 G	0.11066	0.00474	0.8846
209 T	0.11100	0.00360	0.8854
210 T	0.11116	0.00325	0.8856
211 G	0.11114	0.00323	0.88563
212 T	0.11143	0.00295	0.88562
213 T	0.11169	0.00272	0.88559
214 A	0.11172	0.00318	0.8851
215 T	0.11187	0.00302	0.88511
216 T	0.11195	0.00302	0.88504
217 T	0.11193	0.00329	0.88477
218 G	0.11182	0.00371	0.88447
219 T	0.11179	0.00403	0.88418
220 A	0.11168	0.00431	0.88401
221 T	0.11146	0.00462	0.88392
222 T	0.11104	0.00517	0.88379
223 T	0.11064	0.00570	0.88366
224 A	0.11010	0.00626	0.88364
225 T	0.10978	0.00658	0.88364
226 T	0.10910	0.00728	0.88362
227 T	0.10812	0.00828	0.8836
228 C	0.10592	0.01052	0.88355
229 A	0.10400	0.01255	0.88345
230 A	0.10331	0.01326	0.88343
231 T	0.10291	0.01363	0.88346
232 G	0.10196	0.01457	0.88348
233 T	0.10176	0.01474	0.8835
234 T	0.10075	0.01556	0.8837
235 C	0.09843	0.01780	0.88377
236 A	0.09707	0.01918	0.88375
237 T	0.09703	0.01918	0.88379
238 C	0.09657	0.01960	0.88383
239 A	0.09602	0.02021	0.88377
240 T	0.09574	0.02053	0.88374
241 T	0.09492	0.02133	0.88374
242 T	0.09309	0.02332	0.88359
243 A	0.08468	0.03212	0.8832
244 A	0.07820	0.03874	0.88306
245 T	0.07492	0.04167	0.88341
246 T	0.07146	0.04512	0.88342
247 G	0.06667	0.05030	0.88304
248 A	0.06494	0.05252	0.88255
249 A	0.06397	0.05324	0.88279
250 A	0.06340	0.05309	0.88351
251 T	0.06207	0.05256	0.88537
252 T	0.05914	0.05402	0.88684
253 A	0.05177	0.06129	0.88694
254 A	0.04689	0.06599	0.88712
255 A	0.04468	0.06735	0.88797
256 A	0.04381	0.06753	0.88866
257 G	0.04315	0.06675	0.8901
258 A	0.04264	0.06518	0.89218
259 T	0.04240	0.06413	0.89347
260 T	0.04184	0.06454	0.89362
261 A	0.04091	0.06624	0.89286
262 A	0.04063	0.06663	0.89274
263 A	0.04059	0.06603	0.89338
264 A	0.04063	0.06433	0.89503
265 A	0.04082	0.06132	0.89787
266 A	0.04136	0.05192	0.90672
267 T	0.04211	0.04295	0.91494
268 C	0.04241	0.03835	0.91924
269 G	0.04294	0.03599	0.92108
270 T	0.04392	0.03310	0.92298
271 T	0.04464	0.03185	0.92351
272 T	0.04483	0.03132	0.92385
273 A	0.04484	0.03108	0.92408
274 A	0.04491	0.02896	0.92613
275 A	0.04507	0.02541	0.92952
276 T	0.04561	0.01753	0.93686
277 T	0.04589	0.01292	0.94119
278 T	0.04595	0.01094	0.94312
279 A	0.04575	0.01043	0.94383
280 T	0.04568	0.00962	0.94469
281 G	0.04552	0.00909	0.94538
282 G	0.04543	0.00875	0.94582
283 G	0.04571	0.00798	0.94632
284 C	0.04694	0.00613	0.94693
285 T	0.04777	0.00523	0.947
286 A	0.04812	0.00493	0.94695
287 A	0.04825	0.00479	0.94696
288 T	0.04847	0.00455	0.94698
289 T	0.04858	0.00442	0.94699
290 T	0.04848	0.00446	0.94706
291 A	0.04839	0.00447	0.94714
292 T	0.04854	0.00419	0.94727
293 C	0.04849	0.00417	0.94735
294 T	0.04856	0.00422	0.94722
295 T	0.04811	0.00503	0.94685
296 A	0.04695	0.00666	0.9464
297 T	0.04637	0.00758	0.94605
298 T	0.04521	0.00951	0.94528
299 A	0.04302	0.01267	0.94431
300 T	0.04190	0.01448	0.94362
301 G	0.04020	0.01659	0.94322
302 T	0.03947	0.01757	0.94297
303 T	0.03833	0.01866	0.94301
304 A	0.03612	0.02081	0.94307
305 A	0.03520	0.02159	0.94321
306 T	0.03469	0.02196	0.94334
307 C	0.03385	0.02277	0.94338
308 A	0.03330	0.02338	0.94331
309 A	0.03307	0.02367	0.94326
310 G	0.03286	0.02393	0.94321
311 T	0.03269	0.02425	0.94306
312 A	0.03215	0.02485	0.943
313 G	0.03186	0.02491	0.94323
314 G	0.03162	0.02499	0.94339
315 A	0.03155	0.02495	0.94349
316 G	0.03157	0.02461	0.94381
317 A	0.03175	0.02420	0.94404
318 A	0.03217	0.02312	0.9447
319 G	0.03270	0.02125	0.94605
320 A	0.03317	0.02004	0.94679
321 A	0.03407	0.01779	0.94815
322 G	0.03523	0.01418	0.95059
323 T	0.03620	0.01180	0.95201
324 T	0.03671	0.00981	0.95347
325 T	0.03695	0.00911	0.95394
326 T	0.03692	0.00850	0.95458
327 T	0.03660	0.00815	0.95525
328 A	0.03584	0.00909	0.95508
329 A	0.03536	0.00936	0.95527
330 T	0.03515	0.00900	0.95584
331 G	0.03490	0.00894	0.95615
332 A	0.03474	0.00902	0.95624
333 A	0.03461	0.00895	0.95644
334 T	0.03469	0.00862	0.9567
335 T	0.03457	0.00826	0.95716
336 A	0.03433	0.00830	0.95737
337 C	0.03424	0.00816	0.95759
338 C	0.03422	0.00814	0.95764
339 T	0.03416	0.00826	0.95758
340 A	0.03392	0.00858	0.9575
341 T	0.03379	0.00874	0.95746
342 C	0.03322	0.00935	0.95743
343 G	0.03294	0.00972	0.95734
344 G	0.03287	0.00988	0.95726
345 G	0.03293	0.00987	0.95721
346 A	0.03316	0.00967	0.95717
347 T	0.03387	0.00895	0.95718
348 T	0.03457	0.00812	0.95731
349 A	0.03485	0.00772	0.95743
350 T	0.03560	0.00652	0.95789
351 T	0.03617	0.00525	0.95858
352 T	0.03630	0.00475	0.95895
353 T	0.03610	0.00490	0.959
354 A	0.03516	0.00595	0.95889
355 A	0.03461	0.00642	0.95896
356 T	0.03425	0.00658	0.95916
357 A	0.03382	0.00695	0.95923
358 G	0.03355	0.00708	0.95937
359 A	0.03348	0.00702	0.95951
360 T	0.03346	0.00693	0.9596
361 A	0.03341	0.00701	0.95959
362 A	0.03340	0.00699	0.9596
363 T	0.03348	0.00675	0.95977
364 A	0.03350	0.00664	0.95986
365 T	0.03356	0.00616	0.96027
366 T	0.03362	0.00585	0.96053
367 T	0.03360	0.00581	0.9606
368 T	0.03352	0.00587	0.96061
369 T	0.03320	0.00625	0.96054
370 C	0.02993	0.00968	0.96039
371 A	0.02752	0.01230	0.96018
372 T	0.02606	0.01387	0.96008
373 A	0.02305	0.01709	0.95986
374 A	0.02193	0.01831	0.95976
375 A	0.02147	0.01875	0.95978
376 A	0.02148	0.01831	0.96021
377 T	0.02174	0.01684	0.96141
378 T	0.02178	0.01613	0.96208
379 C	0.02168	0.01590	0.96242
380 A	0.02161	0.01590	0.96248
381 A	0.02133	0.01616	0.9625
382 T	0.02116	0.01638	0.96247
383 G	0.02084	0.01665	0.96251
384 G	0.02059	0.01687	0.96254
385 A	0.02053	0.01686	0.96262
386 T	0.02058	0.01674	0.96268
387 C	0.02053	0.01672	0.96276
388 A	0.02051	0.01674	0.96276
389 A	0.02049	0.01671	0.9628
390 T	0.02055	0.01651	0.96294
391 A	0.02054	0.01649	0.96297
392 A	0.02061	0.01620	0.96319
393 T	0.02078	0.01246	0.96676
394 T	0.02079	0.00997	0.96924
395 A	0.02062	0.00865	0.97073
396 T	0.02069	0.00602	0.97329
397 G	0.02063	0.00520	0.97417
398 C	0.02060	0.00486	0.97453
399 T	0.02060	0.00506	0.97435
400 A	0.02057	0.00529	0.97414
401 G	0.02058	0.00531	0.97412
402 T	0.02061	0.00547	0.97392
403 A	0.02062	0.00560	0.97378
404 A	0.02069	0.00527	0.97404
405 T	0.02082	0.00503	0.97416
406 A	0.02078	0.00501	0.97422
407 T	0.02078	0.00503	0.97419
408 T	0.02070	0.00556	0.97375
409 T	0.02060	0.00625	0.97315
410 T	0.02042	0.00696	0.97262
411 A	0.02006	0.00759	0.97235
412 A	0.01983	0.00802	0.97215
413 A	0.01975	0.00814	0.97211
414 A	0.01971	0.00809	0.97219
415 A	0.01977	0.00795	0.97228
416 A	0.01988	0.00774	0.97238
417 T	0.01995	0.00740	0.97265
418 C	0.01998	0.00712	0.97291
419 C	0.02007	0.00697	0.97296
420 T	0.02028	0.00676	0.97296
421 G	0.02034	0.00677	0.97289
422 T	0.02059	0.00657	0.97284
423 T	0.02078	0.00647	0.97275
424 T	0.02080	0.00653	0.97268
425 T	0.02084	0.00648	0.97267
426 A	0.02064	0.00678	0.97259
427 A	0.02051	0.00687	0.97262
428 A	0.02070	0.00662	0.97268
429 T	0.02112	0.00605	0.97282
430 A	0.02155	0.00551	0.97295
431 C	0.02233	0.00445	0.97322
432 T	0.02313	0.00353	0.97334
433 T	0.02355	0.00299	0.97347
434 T	0.02367	0.00269	0.97365
435 T	0.02372	0.00252	0.97376
436 T	0.02368	0.00252	0.9738
437 T	0.02359	0.00251	0.9739
438 A	0.02313	0.00297	0.97391
439 A	0.02295	0.00316	0.97389
440 A	0.02288	0.00327	0.97386
441 A	0.02282	0.00334	0.97384
442 G	0.02280	0.00339	0.97381
443 A	0.02285	0.00337	0.97378
444 T	0.02297	0.00319	0.97384
445 G	0.02302	0.00310	0.97387
446 T	0.02314	0.00296	0.97391
447 T	0.02320	0.00285	0.97395
448 A	0.02323	0.00275	0.97402
449 A	0.02333	0.00241	0.97426
450 T	0.02336	0.00219	0.97445
451 T	0.02336	0.00210	0.97454
452 T	0.02335	0.00207	0.97458
453 T	0.02333	0.00205	0.97462
454 T	0.02332	0.00204	0.97464
455 C	0.02329	0.00204	0.97468
456 T	0.02326	0.00207	0.97467
457 A	0.02323	0.00207	0.9747
458 T	0.02322	0.00202	0.97475
459 G	0.02320	0.00198	0.97482
460 G	0.02320	0.00192	0.97488
461 C	0.02324	0.00145	0.97531
462 A	0.02330	0.00133	0.97537
463 G	0.02336	0.00131	0.97533
464 A	0.02342	0.00131	0.97528
465 T	0.02353	0.00123	0.97525
466 T	0.02355	0.00135	0.97511
467 T	0.02346	0.00167	0.97487
468 A	0.02317	0.00238	0.97446
469 T	0.02305	0.00277	0.97418
470 T	0.02282	0.00327	0.97391
471 A	0.02240	0.00397	0.97363
472 A	0.02220	0.00419	0.9736
473 A	0.02214	0.00425	0.97361
474 T	0.02211	0.00426	0.97362
475 T	0.02205	0.00430	0.97365
476 C	0.02188	0.00443	0.97368
477 T	0.02184	0.00446	0.9737
478 T	0.02173	0.00455	0.97372
479 C	0.02156	0.00470	0.97373
480 C	0.02137	0.00489	0.97374
481 C	0.02117	0.00509	0.97374
482 A	0.02054	0.00572	0.97374
483 T	0.02019	0.00607	0.97373
484 A	0.01957	0.00671	0.97373
485 A	0.01904	0.00724	0.97371
486 T	0.01879	0.00749	0.97372
487 A	0.01824	0.00802	0.97374
488 A	0.01796	0.00826	0.97378
489 A	0.01787	0.00827	0.97386
490 A	0.01799	0.00798	0.97403
491 T	0.01831	0.00731	0.97437
492 T	0.01839	0.00715	0.97446
493 G	0.01816	0.00740	0.97445
494 T	0.01809	0.00741	0.9745
495 T	0.01773	0.00766	0.97462
496 T	0.01717	0.00817	0.97466
497 T	0.01654	0.00877	0.97468
498 A	0.01555	0.00973	0.97472
499 C	0.01496	0.01014	0.9749
500 A	0.01443	0.01069	0.97488
501 T	0.01417	0.01088	0.97495
502 A	0.01375	0.01126	0.97499
503 T	0.01360	0.01131	0.97509
504 A	0.01328	0.01152	0.9752
505 G	0.01313	0.01090	0.97597
506 G	0.01305	0.01059	0.97636
507 A	0.01302	0.01011	0.97686
508 G	0.01295	0.00971	0.97734
509 A	0.01291	0.00943	0.97767
510 A	0.01288	0.00895	0.97817
511 G	0.01286	0.00864	0.9785
512 A	0.01289	0.00837	0.97874
513 A	0.01295	0.00810	0.97895
514 G	0.01305	0.00776	0.97918
515 A	0.01318	0.00746	0.97936
516 T	0.01344	0.00671	0.97985
517 T	0.01359	0.00642	0.97999
518 T	0.01357	0.00709	0.97933
519 T	0.01347	0.00815	0.97838
520 G	0.01322	0.00874	0.97804
521 A	0.01308	0.00848	0.97844
522 T	0.01292	0.00812	0.97896
523 T	0.01260	0.00797	0.97942
524 G	0.01208	0.00832	0.9796
525 C	0.01176	0.00880	0.97944
526 A	0.01149	0.01083	0.97768
527 T	0.01136	0.01241	0.97622
528 A	0.01105	0.01365	0.97529
529 T	0.01096	0.01422	0.97482
530 A	0.01076	0.01503	0.97421
531 T	0.01062	0.01534	0.97404
532 A	0.01024	0.01603	0.97374
533 A	0.00992	0.01642	0.97365
534 A	0.00986	0.01659	0.97354
535 A	0.00984	0.01665	0.97351
536 A	0.00985	0.01663	0.97352
537 A	0.00997	0.01650	0.97354
538 G	0.01014	0.01629	0.97357
539 A	0.01043	0.01597	0.9736
540 A	0.01108	0.01525	0.97367
541 T	0.01275	0.01345	0.9738
542 T	0.01406	0.01198	0.97396
543 T	0.01451	0.01129	0.97419
544 A	0.01454	0.01110	0.97437
545 A	0.01459	0.01081	0.9746
546 T	0.01474	0.01022	0.97504
547 G	0.01489	0.00960	0.97551
548 T	0.01559	0.00855	0.97586
549 A	0.01761	0.00628	0.9761
550 T	0.01969	0.00399	0.97633
551 T	0.02052	0.00284	0.97664
552 T	0.02083	0.00237	0.9768
553 T	0.02098	0.00202	0.97699
554 A	0.02095	0.00192	0.97713
555 T	0.02113	0.00142	0.97744
556 C	0.02118	0.00109	0.97774
557 T	0.02128	0.00095	0.97777
558 T	0.02111	0.00111	0.97778
559 T	0.02046	0.00182	0.97772
560 T	0.01881	0.00360	0.97759
561 C	0.01420	0.00840	0.9774
562 A	0.01239	0.01049	0.97712
563 A	0.01192	0.01109	0.97699
564 T	0.01180	0.01132	0.97688
565 G	0.01162	0.01154	0.97685
566 T	0.01154	0.01167	0.97679
567 T	0.01127	0.01202	0.97671
568 A	0.01050	0.01303	0.97647
569 C	0.00808	0.01576	0.97615
570 T	0.00742	0.01743	0.97514
571 G	0.00670	0.01867	0.97462
572 A	0.00617	0.01983	0.97401
573 A	0.00593	0.02035	0.97371
574 A	0.00574	0.02073	0.97353
575 G	0.00546	0.02102	0.97352
576 A	0.00518	0.02133	0.97349
577 G	0.00498	0.02150	0.97352
578 A	0.00490	0.02161	0.97349
579 A	0.00491	0.02157	0.97352
580 A	0.00493	0.02150	0.97356
581 A	0.00499	0.02109	0.97391
582 A	0.00511	0.02007	0.97482
583 A	0.00527	0.01816	0.97657
584 T	0.00547	0.01379	0.98075
585 T	0.00560	0.01235	0.98204
586 C	0.00560	0.01246	0.98194
587 A	0.00560	0.01444	0.97996
588 A	0.00560	0.01471	0.97969
589 A	0.00566	0.01473	0.97961
590 A	0.00585	0.01432	0.97983
591 A	0.00625	0.01327	0.98047
592 C	0.00687	0.00976	0.98337
593 T	0.00805	0.00865	0.98331
594 T	0.00851	0.00857	0.98292
595 T	0.00885	0.00934	0.98181
596 A	0.00891	0.01047	0.98062
597 T	0.00893	0.01054	0.98052
598 A	0.00882	0.01067	0.98051
599 A	0.00837	0.01092	0.9807
600 T	0.00815	0.01095	0.98089
601 C	0.00766	0.01148	0.98086
602 A	0.00730	0.01197	0.98074
603 A	0.00703	0.01231	0.98066
604 A	0.00690	0.01243	0.98066
605 A	0.00677	0.01256	0.98067
606 A	0.00685	0.01247	0.98068
607 A	0.00717	0.01208	0.98075
608 C	0.00757	0.01155	0.98088
609 T	0.00830	0.01076	0.98094
610 C	0.00972	0.00929	0.98099
611 C	0.01006	0.00894	0.981
612 T	0.01029	0.00871	0.981
613 A	0.01040	0.00860	0.981
614 C	0.01068	0.00831	0.981
615 T	0.01122	0.00777	0.98101
616 C	0.01204	0.00694	0.98102
617 T	0.01301	0.00596	0.98103
618 T	0.01411	0.00484	0.98106
619 A	0.01490	0.00402	0.98108
620 T	0.01514	0.00369	0.98118
621 T	0.01544	0.00323	0.98132
622 T	0.01557	0.00249	0.98195
623 T	0.01562	0.00195	0.98242
624 T	0.01568	0.00132	0.983
625 T	0.01567	0.00101	0.98331
626 T	0.01561	0.00083	0.98355
627 A	0.01547	0.00083	0.9837
628 T	0.01543	0.00071	0.98387
629 C	0.01536	0.00073	0.98391
630 T	0.01531	0.00079	0.9839
631 T	0.01528	0.00085	0.98388
632 T	0.01526	0.00089	0.98385
633 T	0.01514	0.00102	0.98384
634 G	0.01482	0.00139	0.98379
635 A	0.01463	0.00167	0.9837
636 T	0.01449	0.00211	0.98339
637 A	0.01420	0.00295	0.98285
638 A	0.01397	0.00372	0.98232
639 T	0.01388	0.00395	0.98217
640 T	0.01376	0.00421	0.98204
641 T	0.01358	0.00459	0.98182
642 A	0.01333	0.00513	0.98154
643 G	0.01316	0.00550	0.98134
644 A	0.01311	0.00569	0.98119
645 T	0.01311	0.00580	0.9811
646 A	0.01309	0.00580	0.98111
647 A	0.01310	0.00573	0.98117
648 T	0.01311	0.00563	0.98126
649 T	0.01312	0.00552	0.98136
650 C	0.01313	0.00538	0.98149
651 T	0.01315	0.00534	0.98151
652 T	0.01316	0.00532	0.98152
653 T	0.01315	0.00539	0.98145
654 T	0.01310	0.00557	0.98134
655 A	0.01288	0.00600	0.98111
656 A	0.01269	0.00628	0.98104
657 A	0.01262	0.00613	0.98124
658 A	0.01268	0.00595	0.98136
659 A	0.01299	0.00554	0.98148
660 A	0.01361	0.00463	0.98176
661 T	0.01426	0.00374	0.982
662 T	0.01445	0.00348	0.98206
663 A	0.01444	0.00341	0.98215
664 G	0.01453	0.00317	0.9823
665 A	0.01472	0.00279	0.98249
666 T	0.01486	0.00251	0.98263
667 C	0.01486	0.00246	0.98268
668 T	0.01483	0.00251	0.98266
669 T	0.01453	0.00288	0.98259
670 T	0.01390	0.00358	0.98252
671 C	0.01196	0.00564	0.9824
672 A	0.01058	0.00711	0.98231
673 G	0.00958	0.00818	0.98224
674 A	0.00876	0.00916	0.98207
675 A	0.00845	0.00954	0.982
676 C	0.00827	0.00971	0.98202
677 A	0.00824	0.00971	0.98205
678 A	0.00838	0.00939	0.98223
679 T	0.00854	0.00905	0.98241
680 C	0.00848	0.00903	0.98248
681 T	0.00842	0.00910	0.98248
682 C	0.00828	0.00925	0.98246
683 A	0.00818	0.00941	0.98241
684 A	0.00812	0.00950	0.98239
685 A	0.00813	0.00950	0.98237
686 T	0.00813	0.00940	0.98247
687 T	0.00811	0.00939	0.98249
688 A	0.00808	0.00933	0.98259
689 A	0.00806	0.00920	0.98274
690 A	0.00800	0.00895	0.98305
691 G	0.00802	0.00842	0.98357
692 T	0.00810	0.00783	0.98407
693 A	0.00816	0.00721	0.98463
694 G	0.00826	0.00558	0.98616
695 A	0.00833	0.00451	0.98716
696 A	0.00840	0.00360	0.988
697 T	0.00855	0.00266	0.98878
698 A	0.00862	0.00234	0.98904
699 T	0.00863	0.00205	0.98931
700 T	0.00864	0.00187	0.98949
701 T	0.00862	0.00180	0.98959
702 A	0.00858	0.00179	0.98963
703 A	0.00856	0.00168	0.98976
704 G	0.00857	0.00155	0.98989
705 T	0.00860	0.00136	0.99004
706 T	0.00862	0.00124	0.99014
707 C	0.00860	0.00118	0.99022
708 T	0.00860	0.00123	0.99017
709 T	0.00856	0.00128	0.99017
710 T	0.00848	0.00134	0.99018
711 A	0.00834	0.00148	0.99018
712 T	0.00828	0.00152	0.9902
713 C	0.00816	0.00159	0.99024
714 A	0.00807	0.00181	0.99012
715 G	0.00803	0.00199	0.98998
716 A	0.00807	0.00203	0.98991
717 T	0.00814	0.00197	0.98989
718 T	0.00822	0.00194	0.98984
719 T	0.00827	0.00190	0.98983
720 T	0.00830	0.00188	0.98982
721 T	0.00832	0.00186	0.98983
722 T	0.00829	0.00189	0.98983
723 T	0.00824	0.00194	0.98982
724 G	0.00813	0.00208	0.9898
725 A	0.00808	0.00219	0.98973
726 A	0.00807	0.00226	0.98967
727 A	0.00807	0.00232	0.98962
728 T	0.00809	0.00231	0.9896
729 T	0.00809	0.00228	0.98963
730 T	0.00807	0.00229	0.98965
731 A	0.00791	0.00248	0.98961
732 T	0.00777	0.00261	0.98962
733 G	0.00766	0.00271	0.98964
734 A	0.00759	0.00280	0.98961
735 A	0.00756	0.00299	0.98946
736 A	0.00755	0.00317	0.98927
737 G	0.00768	0.00313	0.98919
738 T	0.00787	0.00323	0.98891
739 T	0.00791	0.00367	0.98842
740 A	0.00786	0.00406	0.98808
741 T	0.00783	0.00448	0.98769
742 T	0.00764	0.00570	0.98667
743 T	0.00689	0.00806	0.98504
744 A	0.00571	0.00949	0.9848
745 A	0.00496	0.01042	0.98462
746 A	0.00454	0.01088	0.98457
747 A	0.00440	0.01096	0.98464
748 C	0.00435	0.01095	0.98469
749 A	0.00432	0.01104	0.98464
750 A	0.00432	0.01112	0.98456
751 T	0.00435	0.01108	0.98456
752 T	0.00432	0.01111	0.98457
753 A	0.00420	0.01122	0.98458
754 A	0.00416	0.01106	0.98479
755 C	0.00415	0.01088	0.98497
756 A	0.00416	0.01080	0.98504
757 G	0.00427	0.01063	0.9851
758 A	0.00450	0.01038	0.98512
759 T	0.00485	0.01001	0.98514
760 G	0.00503	0.00984	0.98512
761 A	0.00546	0.00941	0.98514
762 T	0.00604	0.00875	0.98521
763 A	0.00628	0.00842	0.9853
764 A	0.00664	0.00791	0.98545
765 A	0.00767	0.00654	0.98578
766 T	0.00923	0.00403	0.98674
767 T	0.00951	0.00271	0.98778
768 T	0.00972	0.00186	0.98842
769 T	0.00980	0.00152	0.98868
770 T	0.00979	0.00145	0.98877
771 A	0.00975	0.00142	0.98883
772 A	0.00978	0.00131	0.98891
773 T	0.00983	0.00116	0.98901
774 T	0.00981	0.00115	0.98904
775 T	0.00977	0.00117	0.98906
776 T	0.00957	0.00138	0.98904
777 A	0.00889	0.00220	0.9889
778 T	0.00834	0.00292	0.98874
779 T	0.00776	0.00377	0.98847
780 A	0.00685	0.00537	0.98778
781 A	0.00626	0.00636	0.98738
782 A	0.00589	0.00696	0.98715
783 T	0.00569	0.00714	0.98717
784 T	0.00520	0.00763	0.98717
785 A	0.00471	0.00815	0.98713
786 T	0.00452	0.00833	0.98715
787 C	0.00442	0.00844	0.98715
788 A	0.00436	0.00852	0.98712
789 T	0.00437	0.00854	0.98709
790 C	0.00435	0.00862	0.98703
791 A	0.00433	0.00874	0.98693
792 A	0.00424	0.00895	0.98681
793 T	0.00418	0.00917	0.98665
794 T	0.00388	0.00977	0.98635
795 A	0.00337	0.01053	0.98611
796 G	0.00303	0.01096	0.98601
797 A	0.00287	0.01119	0.98593
798 A	0.00281	0.01124	0.98595
799 A	0.00289	0.01097	0.98614
800 A	0.00310	0.01019	0.98671
801 A	0.00335	0.00944	0.98721
802 A	0.00368	0.00852	0.9878
803 T	0.00433	0.00693	0.98875
804 A	0.00460	0.00608	0.98932
805 A	0.00479	0.00540	0.98981
806 T	0.00484	0.00496	0.9902
807 C	0.00482	0.00442	0.99076
808 G	0.00481	0.00416	0.99102
809 C	0.00479	0.00409	0.99112
810 T	0.00477	0.00418	0.99104
811 G	0.00475	0.00436	0.99088
812 A	0.00476	0.00471	0.99053
813 T	0.00483	0.00486	0.99031
814 A	0.00486	0.00504	0.9901
815 A	0.00497	0.00487	0.99016
816 A	0.00523	0.00450	0.99027
817 T	0.00567	0.00366	0.99067
818 T	0.00593	0.00291	0.99116
819 T	0.00609	0.00245	0.99146
820 T	0.00617	0.00227	0.99156
821 C	0.00613	0.00228	0.99159
822 T	0.00603	0.00251	0.99146
823 A	0.00585	0.00277	0.99138
824 T	0.00577	0.00292	0.99131
825 T	0.00564	0.00310	0.99126
826 T	0.00552	0.00335	0.99113
827 T	0.00529	0.00367	0.99104
828 A	0.00477	0.00432	0.99092
829 A	0.00448	0.00462	0.99091
830 A	0.00434	0.00472	0.99094
831 A	0.00408	0.00494	0.99098
832 A	0.00393	0.00505	0.99102
833 C	0.00396	0.00497	0.99107
834 A	0.00408	0.00482	0.9911
835 A	0.00436	0.00450	0.99113
836 T	0.00461	0.00422	0.99116
837 T	0.00471	0.00409	0.99121
838 C	0.00458	0.00420	0.99122
839 G	0.00445	0.00437	0.99118
840 T	0.00438	0.00446	0.99115
841 A	0.00425	0.00463	0.99112
842 A	0.00416	0.00475	0.99108
843 T	0.00418	0.00475	0.99108
844 A	0.00409	0.00475	0.99116
845 T	0.00411	0.00455	0.99133
846 A	0.00387	0.00458	0.99155
847 T	0.00377	0.00446	0.99177
848 C	0.00359	0.00440	0.99201
849 T	0.00346	0.00461	0.99194
850 A	0.00329	0.00485	0.99187
851 A	0.00324	0.00472	0.99204
852 T	0.00321	0.00460	0.99219
853 A	0.00310	0.00466	0.99224
854 A	0.00307	0.00442	0.99251
855 A	0.00300	0.00429	0.99271
856 T	0.00299	0.00415	0.99285
857 A	0.00295	0.00411	0.99295
858 T	0.00293	0.00401	0.99306
859 A	0.00291	0.00397	0.99312
860 A	0.00291	0.00386	0.99324
861 A	0.00289	0.00367	0.99343
862 T	0.00293	0.00342	0.99365
863 T	0.00292	0.00333	0.99374
864 A	0.00290	0.00327	0.99383
865 A	0.00291	0.00317	0.99392
866 A	0.00293	0.00306	0.99401
867 A	0.00294	0.00287	0.99419
868 A	0.00298	0.00264	0.99438
869 T	0.00310	0.00217	0.99474
870 T	0.00317	0.00186	0.99498
871 A	0.00320	0.00160	0.9952
872 C	0.00334	0.00120	0.99545
873 T	0.00347	0.00093	0.9956
874 T	0.00351	0.00080	0.99569
875 T	0.00352	0.00074	0.99574
876 G	0.00353	0.00066	0.99581
877 T	0.00354	0.00061	0.99584
878 C	0.00355	0.00049	0.99597
879 T	0.00355	0.00046	0.99599
880 A	0.00355	0.00042	0.99603
881 T	0.00356	0.00040	0.99605
882 G	0.00356	0.00038	0.99607
883 G	0.00357	0.00036	0.99607
884 G	0.00358	0.00030	0.99612
885 T	0.00361	0.00025	0.99615
886 G	0.00362	0.00020	0.99618
887 T	0.00365	0.00013	0.99622
888 T	0.00367	0.00011	0.99623
889 G	0.00367	0.00010	0.99623
890 C	0.00367	0.00010	0.99624
891 T	0.00367	0.00011	0.99622
892 T	0.00367	0.00015	0.99618
893 G	0.00367	0.00021	0.99612
894 T	0.00367	0.00028	0.99605
895 T	0.00367	0.00035	0.99599
896 A	0.00366	0.00040	0.99593
897 T	0.00366	0.00043	0.99592
898 A	0.00366	0.00046	0.99589
899 A	0.00366	0.00047	0.99588
900 T	0.00366	0.00047	0.99588
901 T	0.00366	0.00046	0.99589
902 T	0.00365	0.00046	0.99589
903 A	0.00363	0.00048	0.9959
904 C	0.00361	0.00050	0.9959
905 C	0.00359	0.00051	0.9959
906 T	0.00359	0.00052	0.99589
907 T	0.00358	0.00055	0.99588
908 A	0.00357	0.00057	0.99586
909 T	0.00356	0.00058	0.99586
910 A	0.00356	0.00059	0.99586
911 A	0.00356	0.00059	0.99586
912 T	0.00356	0.00058	0.99586
913 C	0.00356	0.00058	0.99586
914 A	0.00355	0.00059	0.99585
915 A	0.00358	0.00056	0.99585
916 C	0.00366	0.00048	0.99585
917 T	0.00373	0.00041	0.99585
918 T	0.00380	0.00035	0.99585
919 T	0.00383	0.00031	0.99586
920 C	0.00383	0.00031	0.99586
921 T	0.00383	0.00031	0.99586
922 A	0.00380	0.00035	0.99585
923 A	0.00379	0.00037	0.99585
924 T	0.00378	0.00038	0.99583
925 T	0.00376	0.00040	0.99585
926 A	0.00371	0.00042	0.99586
927 T	0.00368	0.00042	0.9959
928 G	0.00366	0.00042	0.99593
929 C	0.00365	0.00042	0.99593
930 T	0.00365	0.00041	0.99595
931 C	0.00364	0.00041	0.99595
932 A	0.00363	0.00042	0.99595
933 G	0.00361	0.00044	0.99595
934 A	0.00360	0.00046	0.99595
935 A	0.00355	0.00050	0.99595
936 T	0.00352	0.00052	0.99596
937 G	0.00347	0.00054	0.99599
938 C	0.00345	0.00056	0.99599
939 T	0.00341	0.00060	0.99599
940 T	0.00335	0.00070	0.99596
941 T	0.00324	0.00082	0.99594
942 A	0.00310	0.00100	0.9959
943 G	0.00304	0.00110	0.99586
944 A	0.00296	0.00122	0.99581
945 A	0.00291	0.00129	0.9958
946 T	0.00287	0.00131	0.99582
947 T	0.00283	0.00134	0.99582
948 A	0.00277	0.00138	0.99585
949 G	0.00272	0.00139	0.99589
950 C	0.00268	0.00140	0.99592
951 T	0.00265	0.00144	0.9959
952 C	0.00262	0.00150	0.99588
953 A	0.00245	0.00182	0.99574
954 A	0.00235	0.00205	0.9956
955 A	0.00227	0.00216	0.99557
956 A	0.00221	0.00222	0.99557
957 A	0.00218	0.00225	0.99557
958 A	0.00217	0.00221	0.99563
959 G	0.00217	0.00215	0.99568
960 A	0.00217	0.00209	0.99573
961 G	0.00218	0.00202	0.9958
962 G	0.00219	0.00194	0.99587
963 T	0.00223	0.00184	0.99593
964 G	0.00224	0.00175	0.99601
965 G	0.00226	0.00164	0.9961
966 A	0.00229	0.00156	0.99614
967 G	0.00234	0.00144	0.99622
968 A	0.00239	0.00133	0.99628
969 T	0.00240	0.00127	0.99633
970 C	0.00240	0.00124	0.99636
971 A	0.00239	0.00125	0.99636
972 A	0.00239	0.00124	0.99637
973 G	0.00240	0.00120	0.99639
974 T	0.00244	0.00119	0.99637
975 A	0.00248	0.00119	0.99633
976 G	0.00263	0.00095	0.99642
977 T	0.00274	0.00078	0.99648
978 T	0.00276	0.00076	0.99648
979 G	0.00274	0.00080	0.99646
980 T	0.00274	0.00083	0.99642
981 C	0.00274	0.00090	0.99637
982 A	0.00273	0.00112	0.99615
983 A	0.00270	0.00130	0.996
984 T	0.00270	0.00136	0.99594
985 A	0.00266	0.00155	0.9958
986 T	0.00255	0.00171	0.99574
987 A	0.00232	0.00197	0.99572
988 G	0.00217	0.00213	0.99571
989 A	0.00211	0.00220	0.99569
990 G	0.00209	0.00221	0.9957
991 A	0.00209	0.00221	0.9957
992 A	0.00210	0.00219	0.99571
993 T	0.00214	0.00215	0.99571
994 C	0.00216	0.00212	0.99572
995 A	0.00219	0.00212	0.99569
996 A	0.00221	0.00210	0.99569
997 A	0.00225	0.00206	0.99569
998 A	0.00230	0.00200	0.99569
999 A	0.00241	0.00190	0.9957
1000 C	0.00251	0.00177	0.99572
1001 T	0.00266	0.00160	0.99574
1002 T	0.00278	0.00146	0.99576
1003 C	0.00282	0.00141	0.99577
1004 A	0.00287	0.00137	0.99577
1005 A	0.00302	0.00121	0.99577
1006 T	0.00316	0.00104	0.99581
1007 A	0.00322	0.00096	0.99583
1008 T	0.00335	0.00077	0.99587
1009 T	0.00340	0.00056	0.99604
1010 T	0.00342	0.00033	0.99625
1011 T	0.00340	0.00022	0.99638
1012 G	0.00336	0.00021	0.99643
1013 G	0.00333	0.00023	0.99644
1014 T	0.00330	0.00028	0.99642
1015 G	0.00328	0.00030	0.99642
1016 C	0.00327	0.00031	0.99642
1017 G	0.00327	0.00033	0.9964
1018 A	0.00328	0.00032	0.9964
1019 C	0.00328	0.00032	0.9964
1020 T	0.00328	0.00033	0.99639
1021 A	0.00328	0.00033	0.99639
1022 C	0.00328	0.00033	0.99639
1023 T	0.00328	0.00033	0.99639
1024 A	0.00328	0.00034	0.99639
1025 C	0.00328	0.00034	0.99639
1026 A	0.00327	0.00034	0.99639
1027 T	0.00327	0.00034	0.99639
1028 C	0.00326	0.00036	0.99638
1029 T	0.00325	0.00037	0.99638
1030 T	0.00324	0.00039	0.99636
1031 T	0.00322	0.00042	0.99636
1032 A	0.00318	0.00048	0.99634
1033 G	0.00317	0.00050	0.99634
1034 G	0.00317	0.00047	0.99636
1035 A	0.00317	0.00044	0.99639
1036 A	0.00318	0.00041	0.99642
1037 C	0.00320	0.00034	0.99645
1038 T	0.00321	0.00035	0.99644
1039 G	0.00321	0.00035	0.99644
1040 A	0.00322	0.00034	0.99645
1041 T	0.00323	0.00033	0.99645
1042 T	0.00322	0.00034	0.99644
1043 C	0.00320	0.00036	0.99644
1044 T	0.00318	0.00040	0.99642
1045 A	0.00316	0.00046	0.99639
1046 A	0.00314	0.00048	0.99637
1047 A	0.00314	0.00049	0.99637
1048 A	0.00314	0.00050	0.99637
1049 T	0.00314	0.00049	0.99638
1050 A	0.00310	0.00052	0.99638
1051 T	0.00308	0.00050	0.99642
1052 C	0.00305	0.00051	0.99644
1053 A	0.00302	0.00054	0.99645
1054 G	0.00300	0.00054	0.99646
1055 C	0.00302	0.00051	0.99648
1056 T	0.00302	0.00050	0.99648
1057 C	0.00301	0.00051	0.99648
1058 G	0.00301	0.00054	0.99644
1059 T	0.00302	0.00060	0.99638
1060 A	0.00302	0.00078	0.99621
1061 T	0.00303	0.00083	0.99614
1062 T	0.00303	0.00087	0.99609
1063 A	0.00303	0.00089	0.99608
1064 A	0.00303	0.00088	0.99609
1065 T	0.00304	0.00085	0.99611
1066 T	0.00304	0.00082	0.99614
1067 C	0.00305	0.00080	0.99615
1068 T	0.00307	0.00077	0.99616
1069 G	0.00306	0.00078	0.99616
1070 A	0.00306	0.00079	0.99615
1071 A	0.00305	0.00081	0.99614
1072 A	0.00304	0.00082	0.99614
1073 T	0.00305	0.00078	0.99617
1074 A	0.00305	0.00079	0.99617
1075 A	0.00304	0.00077	0.99619
1076 T	0.00304	0.00074	0.99621
1077 T	0.00304	0.00074	0.99621
1078 G	0.00303	0.00080	0.99617
1079 A	0.00300	0.00095	0.99605
1080 A	0.00299	0.00108	0.99594
1081 G	0.00301	0.00124	0.99574
1082 A	0.00309	0.00130	0.99561
1083 T	0.00327	0.00118	0.99555
1084 T	0.00332	0.00122	0.99545
1085 T	0.00335	0.00126	0.99539
1086 T	0.00335	0.00130	0.99535
1087 A	0.00334	0.00135	0.99531
1088 T	0.00334	0.00136	0.9953
1089 T	0.00333	0.00138	0.99529
1090 T	0.00332	0.00140	0.99528
1091 T	0.00329	0.00143	0.99528
1092 A	0.00321	0.00150	0.99528
1093 A	0.00316	0.00155	0.99528
1094 A	0.00314	0.00156	0.9953
1095 A	0.00314	0.00156	0.9953
1096 C	0.00315	0.00154	0.9953
1097 A	0.00317	0.00152	0.9953
1098 T	0.00320	0.00150	0.9953
1099 A	0.00322	0.00149	0.99529
1100 A	0.00324	0.00147	0.99529
1101 A	0.00330	0.00140	0.99529
1102 A	0.00343	0.00124	0.99534
1103 G	0.00358	0.00106	0.99536
1104 T	0.00385	0.00077	0.99537
1105 T	0.00402	0.00061	0.99537
1106 G	0.00409	0.00053	0.99537
1107 T	0.00419	0.00044	0.99537
1108 T	0.00423	0.00041	0.99536
1109 T	0.00424	0.00040	0.99537
1110 T	0.00426	0.00039	0.99536
1111 A	0.00426	0.00042	0.99532
1112 T	0.00427	0.00040	0.99532
1113 T	0.00427	0.00040	0.99533
1114 A	0.00426	0.00040	0.99534
1115 T	0.00424	0.00036	0.9954
1116 G	0.00421	0.00035	0.99545
1117 G	0.00419	0.00036	0.99545
1118 G	0.00418	0.00037	0.99545
1119 T	0.00418	0.00037	0.99545
1120 C	0.00419	0.00037	0.99544
1121 A	0.00419	0.00038	0.99542
1122 T	0.00420	0.00038	0.99542
1123 A	0.00420	0.00038	0.99542
1124 T	0.00420	0.00038	0.99542
1125 G	0.00420	0.00038	0.99542
1126 C	0.00420	0.00038	0.99542
1127 A	0.00421	0.00037	0.99542
1128 T	0.00422	0.00036	0.99542
1129 C	0.00422	0.00036	0.99542
1130 C	0.00423	0.00035	0.99542
1131 T	0.00424	0.00034	0.99541
1132 G	0.00425	0.00034	0.9954
1133 A	0.00427	0.00035	0.99538
1134 T	0.00432	0.00033	0.99535
1135 T	0.00434	0.00034	0.99533
1136 T	0.00434	0.00035	0.99531
1137 A	0.00433	0.00044	0.99522
1138 G	0.00433	0.00043	0.99524
1139 A	0.00433	0.00041	0.99526
1140 T	0.00434	0.00038	0.99528
1141 T	0.00435	0.00037	0.99529
1142 C	0.00435	0.00037	0.99529
1143 T	0.00435	0.00037	0.99528
1144 T	0.00435	0.00038	0.99527
1145 T	0.00434	0.00041	0.99526
1146 A	0.00430	0.00046	0.99523
1147 G	0.00428	0.00048	0.99523
1148 G	0.00427	0.00051	0.99522
1149 T	0.00425	0.00055	0.99521
1150 T	0.00422	0.00059	0.99519
1151 C	0.00416	0.00066	0.99518
1152 A	0.00413	0.00076	0.99511
1153 A	0.00412	0.00082	0.99506
1154 T	0.00413	0.00084	0.99503
1155 G	0.00413	0.00086	0.99501
1156 A	0.00416	0.00086	0.99499
1157 T	0.00419	0.00083	0.99497
1158 A	0.00421	0.00083	0.99495
1159 A	0.00425	0.00080	0.99495
1160 T	0.00434	0.00070	0.99496
1161 T	0.00435	0.00069	0.99495
1162 T	0.00436	0.00070	0.99494
1163 T	0.00437	0.00071	0.99493
1164 T	0.00436	0.00073	0.99491
1165 T	0.00434	0.00080	0.99486
1166 A	0.00428	0.00089	0.99483
1167 T	0.00422	0.00097	0.99481
1168 A	0.00407	0.00119	0.99474
1169 A	0.00402	0.00130	0.99468
1170 A	0.00395	0.00144	0.99461
1171 A	0.00389	0.00150	0.99461
1172 T	0.00388	0.00148	0.99463
1173 T	0.00387	0.00148	0.99465
1174 G	0.00384	0.00148	0.99468
1175 C	0.00386	0.00146	0.99468
1176 T	0.00389	0.00154	0.99458
1177 T	0.00384	0.00163	0.99453
1178 T	0.00371	0.00187	0.99441
1179 A	0.00363	0.00209	0.99428
1180 G	0.00358	0.00237	0.99405
1181 C	0.00357	0.00255	0.99388
1182 T	0.00356	0.00292	0.99351
1183 A	0.00352	0.00360	0.99289
1184 T	0.00348	0.00400	0.99252
1185 T	0.00341	0.00432	0.99227
1186 A	0.00330	0.00470	0.992
1187 A	0.00321	0.00503	0.99176
1188 T	0.00320	0.00523	0.99157
1189 A	0.00311	0.00548	0.99142
1190 A	0.00309	0.00557	0.99134
1191 A	0.00312	0.00551	0.99137
1192 A	0.00319	0.00545	0.99136
1193 A	0.00327	0.00534	0.99138
1194 T	0.00331	0.00525	0.99144
1195 T	0.00333	0.00526	0.9914
1196 A	0.00335	0.00525	0.9914
1197 T	0.00338	0.00519	0.99143
1198 G	0.00338	0.00516	0.99145
1199 A	0.00347	0.00507	0.99146
1200 A	0.00354	0.00493	0.99153
1201 C	0.00372	0.00459	0.9917
1202 A	0.00394	0.00436	0.9917
1203 T	0.00446	0.00384	0.99171
1204 T	0.00478	0.00356	0.99166
1205 A	0.00508	0.00337	0.99155
1206 T	0.00559	0.00298	0.99143
1207 T	0.00591	0.00281	0.99128
1208 T	0.00605	0.00317	0.99078
1209 A	0.00613	0.00413	0.98973
1210 A	0.00629	0.00558	0.98812
1211 T	0.00648	0.00549	0.98803
1212 T	0.00647	0.00562	0.98791
1213 A	0.00641	0.00600	0.98759
1214 T	0.00642	0.00611	0.98747
1215 C	0.00617	0.00653	0.9873
1216 G	0.00587	0.00756	0.98656
1217 A	0.00569	0.00842	0.98588
1218 T	0.00548	0.00872	0.98579
1219 G	0.00486	0.00936	0.98578
1220 A	0.00455	0.00968	0.98578
1221 A	0.00420	0.01002	0.98578
1222 C	0.00383	0.01038	0.98579
1223 C	0.00351	0.01073	0.98576
1224 C	0.00312	0.01118	0.9857
1225 A	0.00290	0.01144	0.98567
1226 A	0.00279	0.01157	0.98565
1227 A	0.00274	0.01163	0.98563
1228 A	0.00283	0.01155	0.98562
1229 C	0.00303	0.01135	0.98562
1230 A	0.00332	0.01104	0.98564
1231 G	0.00389	0.01045	0.98566
1232 A	0.00497	0.00932	0.98572
1233 T	0.00669	0.00754	0.98578
1234 T	0.00692	0.00727	0.98581
1235 C	0.00718	0.00676	0.98606
1236 T	0.00765	0.00618	0.98617
1237 A	0.00781	0.00598	0.98621
1238 A	0.00792	0.00567	0.98642
1239 T	0.00847	0.00485	0.98669
1240 T	0.00891	0.00426	0.98683
1241 T	0.00888	0.00397	0.98715
1242 T	0.00882	0.00334	0.98784
1243 A	0.00867	0.00317	0.98816
1244 A	0.00861	0.00285	0.98855
1245 A	0.00858	0.00247	0.98895
1246 T	0.00862	0.00212	0.98926
1247 T	0.00863	0.00172	0.98964
1248 T	0.00861	0.00154	0.98985
1249 A	0.00850	0.00166	0.98984
1250 T	0.00843	0.00178	0.9898
1251 T	0.00822	0.00199	0.98979
1252 T	0.00771	0.00254	0.98975
1253 A	0.00685	0.00352	0.98962
1254 T	0.00652	0.00401	0.98947
1255 C	0.00553	0.00542	0.98905
1256 A	0.00422	0.00905	0.98673
1257 A	0.00367	0.01185	0.98448
1258 G	0.00342	0.01416	0.98242
1259 A	0.00325	0.01588	0.98087
1260 T	0.00324	0.01602	0.98074
1261 T	0.00319	0.01614	0.98067
1262 T	0.00311	0.01631	0.98058
1263 A	0.00296	0.01661	0.98043
1264 C	0.00291	0.01683	0.98026
1265 A	0.00287	0.01769	0.97944
1266 T	0.00283	0.01868	0.97849
1267 A	0.00274	0.02061	0.97665
1268 A	0.00271	0.02144	0.97584
1269 A	0.00261	0.02224	0.97515
1270 G	0.00255	0.02272	0.97474
1271 A	0.00251	0.02338	0.97411
1272 A	0.00253	0.02379	0.97368
1273 G	0.00261	0.02390	0.97349
1274 A	0.00265	0.02391	0.97344
1275 A	0.00272	0.02375	0.97353
1276 A	0.00289	0.02299	0.97413
1277 A	0.00316	0.02245	0.97439
1278 A	0.00372	0.02106	0.97522
1279 A	0.00610	0.01743	0.97646
1280 G	0.00847	0.01453	0.977
1281 T	0.01072	0.01214	0.97713
1282 T	0.01196	0.01078	0.97727
1283 T	0.01210	0.01061	0.97729
1284 A	0.01212	0.01062	0.97726
1285 A	0.01219	0.01055	0.97726
1286 C	0.01239	0.01025	0.97736
1287 T	0.01286	0.01005	0.9771
1288 A	0.01357	0.00984	0.97659
1289 A	0.01459	0.00920	0.9762
1290 T	0.01637	0.00781	0.97583
1291 A	0.01698	0.00751	0.9755
1292 T	0.01758	0.00725	0.97517
1293 A	0.01783	0.00786	0.97431
1294 A	0.01848	0.00747	0.97405
1295 T	0.01910	0.00684	0.97405
1296 T	0.01913	0.00686	0.97401
1297 A	0.01850	0.00750	0.974
1298 T	0.01770	0.00831	0.974
1299 C	0.01398	0.01206	0.97396
1300 A	0.01058	0.01547	0.97394
1301 C	0.00842	0.01764	0.97393
1302 A	0.00618	0.01993	0.9739
1303 A	0.00550	0.02063	0.97387
1304 C	0.00496	0.02119	0.97385
1305 A	0.00463	0.02154	0.97383
1306 G	0.00428	0.02191	0.97381
1307 A	0.00420	0.02196	0.97384
1308 A	0.00419	0.02191	0.97389
1309 C	0.00418	0.02188	0.97394
1310 A	0.00432	0.02169	0.97399
1311 A	0.00468	0.02123	0.97409
1312 G	0.00500	0.02084	0.97416
1313 C	0.00541	0.02037	0.97423
1314 G	0.00561	0.02019	0.9742
1315 A	0.00599	0.01986	0.97415
1316 T	0.00680	0.01893	0.97427
1317 G	0.00694	0.01879	0.97427
1318 A	0.00696	0.01880	0.97424
1319 A	0.00701	0.01820	0.97478
1320 A	0.00704	0.01714	0.97583
1321 A	0.00707	0.01563	0.97731
1322 T	0.00711	0.01173	0.98116
1323 G	0.00707	0.00857	0.98435
1324 A	0.00706	0.00676	0.98618
1325 T	0.00709	0.00476	0.98815
1326 A	0.00707	0.00422	0.9887
1327 G	0.00707	0.00360	0.98933
1328 A	0.00707	0.00327	0.98965
1329 T	0.00710	0.00283	0.99007
