# lcl|CP097583.1_cds_USQ93621.1_1
# AA	inside	membr	outside
1 A	0.49197	0.00000	0.50803
2 T	0.48777	0.00420	0.50803
3 G	0.48481	0.00715	0.50803
4 A	0.48481	0.10274	0.41245
5 A	0.45502	0.20653	0.33845
6 T	0.45502	0.21500	0.32998
7 G	0.43026	0.24316	0.32658
8 A	0.43026	0.24322	0.32651
9 A	0.42906	0.24548	0.32546
10 T	0.42906	0.29317	0.27777
11 T	0.42883	0.30128	0.26988
12 G	0.40863	0.32705	0.26432
13 A	0.38034	0.40350	0.21616
14 T	0.38033	0.40350	0.21616
15 T	0.38033	0.46588	0.15379
16 G	0.37356	0.47265	0.15378
17 A	0.36673	0.48013	0.15314
18 C	0.36661	0.48105	0.15234
19 A	0.36309	0.48583	0.15107
20 A	0.35409	0.50756	0.13835
21 G	0.34539	0.51620	0.13841
22 A	0.35324	0.51000	0.13676
23 G	0.36867	0.49531	0.13601
24 T	0.41373	0.44849	0.13778
25 T	0.43313	0.41795	0.14892
26 T	0.43571	0.40966	0.15463
27 A	0.45021	0.38969	0.16009
28 C	0.48236	0.33304	0.18459
29 C	0.48132	0.33429	0.18439
30 T	0.47707	0.34014	0.18278
31 A	0.45367	0.39346	0.15287
32 A	0.42718	0.45020	0.12262
33 A	0.38979	0.51737	0.09284
34 A	0.31166	0.62404	0.0643
35 A	0.25457	0.68446	0.06097
36 A	0.25715	0.65983	0.08302
37 A	0.23117	0.68669	0.08215
38 A	0.26643	0.65525	0.07833
39 T	0.24590	0.67503	0.07906
40 C	0.19237	0.73315	0.07448
41 A	0.15989	0.77318	0.06693
42 A	0.11106	0.82448	0.06445
43 A	0.10676	0.82745	0.06579
44 A	0.06708	0.86680	0.06612
45 A	0.05874	0.87710	0.06416
46 G	0.05297	0.87887	0.06816
47 A	0.04738	0.88146	0.07116
48 A	0.04566	0.87922	0.07512
49 A	0.04352	0.87516	0.08132
50 C	0.04362	0.85154	0.10484
51 A	0.04444	0.84530	0.11025
52 G	0.04749	0.83374	0.11877
53 A	0.05644	0.81980	0.12376
54 A	0.08459	0.77695	0.13846
55 G	0.11478	0.72705	0.15818
56 A	0.14514	0.62929	0.22556
57 A	0.17353	0.52438	0.30208
58 T	0.19760	0.43682	0.36558
59 A	0.20047	0.43316	0.36636
60 T	0.20848	0.41146	0.38006
61 T	0.21363	0.41547	0.3709
62 A	0.21538	0.41149	0.37313
63 T	0.22355	0.35685	0.4196
64 T	0.22794	0.32410	0.44797
65 T	0.22618	0.30138	0.47244
66 A	0.21596	0.30895	0.47508
67 T	0.21527	0.28728	0.49746
68 A	0.21284	0.28578	0.50138
69 T	0.21091	0.28382	0.50526
70 C	0.20807	0.28898	0.50295
71 G	0.20655	0.32214	0.47131
72 T	0.20202	0.37714	0.42083
73 A	0.19554	0.45528	0.34918
74 A	0.17761	0.54121	0.28118
75 A	0.15772	0.60365	0.23862
76 G	0.15096	0.66274	0.1863
77 A	0.14849	0.72190	0.12961
78 A	0.14928	0.73926	0.11145
79 A	0.15685	0.74055	0.1026
80 A	0.16828	0.73171	0.1
81 A	0.19148	0.71137	0.09715
82 T	0.25426	0.64806	0.09768
83 T	0.28711	0.61717	0.09571
84 T	0.31452	0.59689	0.08859
85 T	0.32679	0.58427	0.08895
86 T	0.32796	0.58687	0.08517
87 A	0.32200	0.59204	0.08597
88 A	0.31852	0.59112	0.09035
89 C	0.32092	0.57706	0.10202
90 T	0.32938	0.56658	0.10404
91 C	0.33244	0.56190	0.10566
92 A	0.33603	0.55861	0.10536
93 A	0.34209	0.55161	0.1063
94 A	0.36295	0.53002	0.10703
95 C	0.39450	0.49244	0.11305
96 A	0.42624	0.45909	0.11467
97 A	0.48194	0.38727	0.1308
98 G	0.51112	0.34333	0.14554
99 A	0.55249	0.30664	0.14086
100 T	0.58517	0.27705	0.13779
101 T	0.53990	0.33348	0.12662
102 A	0.42913	0.47193	0.09894
103 A	0.35752	0.56564	0.07684
104 G	0.31405	0.61053	0.07542
105 A	0.25604	0.67146	0.0725
106 A	0.23187	0.69813	0.07
107 A	0.23116	0.69752	0.07131
108 C	0.22741	0.69798	0.07461
109 A	0.22702	0.69685	0.07612
110 T	0.22647	0.69198	0.08155
111 C	0.21929	0.69393	0.08679
112 C	0.21201	0.70031	0.08768
113 C	0.20566	0.70728	0.08706
114 T	0.19852	0.71762	0.08387
115 A	0.19061	0.73148	0.07791
116 A	0.18655	0.73692	0.07652
117 A	0.18389	0.73796	0.07815
118 A	0.18352	0.72363	0.09285
119 T	0.18616	0.67152	0.14231
120 A	0.18705	0.64589	0.16706
121 G	0.19495	0.60205	0.20299
122 T	0.21768	0.54804	0.23429
123 A	0.22633	0.51183	0.26184
124 G	0.23889	0.44434	0.31678
125 G	0.26077	0.33735	0.40188
126 T	0.27966	0.27252	0.44782
127 A	0.28021	0.25630	0.46348
128 T	0.28330	0.21446	0.50223
129 T	0.28600	0.20243	0.51156
130 A	0.28549	0.21571	0.49879
131 T	0.28463	0.22204	0.49333
132 T	0.28215	0.23780	0.48005
133 A	0.27874	0.25291	0.46834
134 A	0.27723	0.25501	0.46776
135 A	0.27661	0.25288	0.4705
136 A	0.27712	0.24778	0.4751
137 C	0.28023	0.23728	0.48249
138 T	0.28548	0.24162	0.4729
139 A	0.28463	0.28637	0.42901
140 T	0.27765	0.33063	0.39172
141 T	0.24763	0.41288	0.33949
142 G	0.18893	0.55851	0.25257
143 A	0.16552	0.63252	0.20196
144 A	0.14763	0.67479	0.17758
145 A	0.14165	0.69705	0.16131
146 A	0.14740	0.69677	0.15584
147 T	0.16661	0.68126	0.15212
148 A	0.17547	0.67298	0.15155
149 A	0.18819	0.66003	0.15178
150 T	0.20995	0.63713	0.15293
151 T	0.21968	0.62684	0.15349
152 C	0.22119	0.62473	0.15408
153 A	0.22777	0.61799	0.15424
154 G	0.23471	0.61075	0.15454
155 A	0.24713	0.59759	0.15528
156 T	0.26012	0.58298	0.1569
157 C	0.25785	0.58464	0.15751
158 A	0.25488	0.58729	0.15783
159 A	0.24165	0.59999	0.15836
160 A	0.23556	0.60526	0.15919
161 A	0.24086	0.59876	0.16038
162 A	0.28048	0.55677	0.16276
163 A	0.32648	0.49646	0.17706
164 A	0.39377	0.39126	0.21497
165 T	0.49133	0.23364	0.27504
166 T	0.52767	0.17372	0.2986
167 C	0.53689	0.15004	0.31306
168 T	0.54231	0.14152	0.31617
169 G	0.54140	0.14200	0.3166
170 T	0.54358	0.13917	0.31725
171 T	0.54201	0.14005	0.31794
172 A	0.53981	0.14155	0.31864
173 T	0.53908	0.13600	0.32492
174 C	0.53750	0.12781	0.3347
175 G	0.53630	0.12435	0.33935
176 C	0.53574	0.12122	0.34305
177 T	0.53454	0.12343	0.34203
178 T	0.53247	0.12921	0.33831
179 T	0.53104	0.13648	0.33247
180 T	0.52920	0.13368	0.33712
181 G	0.52439	0.13811	0.3375
182 T	0.52119	0.12820	0.35061
183 A	0.51529	0.13672	0.34799
184 A	0.51264	0.14075	0.34661
185 A	0.51010	0.13424	0.35566
186 T	0.50947	0.12905	0.36148
187 A	0.50871	0.12767	0.36362
188 G	0.50841	0.12420	0.3674
189 C	0.50799	0.11978	0.37222
190 G	0.50760	0.12530	0.3671
191 T	0.50657	0.14545	0.34798
192 T	0.50146	0.18643	0.31211
193 A	0.49692	0.25223	0.25085
194 T	0.49175	0.32232	0.18593
195 A	0.48195	0.37964	0.13841
196 A	0.47791	0.41753	0.10456
197 A	0.47651	0.43117	0.09232
198 A	0.47552	0.43183	0.09265
199 A	0.47610	0.43055	0.09335
200 A	0.47895	0.42534	0.09571
201 T	0.48289	0.41598	0.10113
202 C	0.48578	0.41035	0.10388
203 G	0.48812	0.40665	0.10524
204 A	0.48885	0.40369	0.10746
205 G	0.49139	0.39857	0.11004
206 C	0.49899	0.38743	0.11357
207 T	0.50623	0.37963	0.11413
208 C	0.50034	0.38442	0.11524
209 A	0.49196	0.39655	0.11149
210 A	0.48250	0.41140	0.1061
211 A	0.47745	0.41738	0.10517
212 A	0.47710	0.41752	0.10538
213 A	0.48656	0.40759	0.10584
214 G	0.51415	0.37262	0.11323
215 C	0.56063	0.31530	0.12406
216 A	0.62766	0.24430	0.12804
217 T	0.69989	0.16710	0.13301
218 C	0.73639	0.12418	0.13942
219 T	0.75933	0.09983	0.14084
220 T	0.76125	0.09795	0.1408
221 C	0.75435	0.10332	0.14232
222 A	0.74456	0.11528	0.14017
223 T	0.73706	0.12590	0.13704
224 T	0.72604	0.13713	0.13682
225 T	0.70619	0.15571	0.13809
226 A	0.67469	0.18759	0.13772
227 T	0.65091	0.20657	0.14251
228 G	0.60631	0.24990	0.14379
229 G	0.57135	0.28844	0.14021
230 A	0.55712	0.30156	0.14132
231 A	0.54700	0.30844	0.14456
232 A	0.54501	0.30491	0.15008
233 G	0.54768	0.29280	0.15952
234 C	0.54789	0.28760	0.16451
235 A	0.54801	0.29035	0.16164
236 T	0.54840	0.29363	0.15798
237 T	0.54760	0.29773	0.15467
238 A	0.54691	0.30397	0.14912
239 T	0.54645	0.30651	0.14704
240 A	0.54585	0.30811	0.14603
241 A	0.54555	0.30725	0.14719
242 A	0.54600	0.30679	0.14721
243 T	0.54706	0.30390	0.14905
244 A	0.54700	0.30389	0.1491
245 A	0.54725	0.29293	0.15982
246 T	0.55019	0.26558	0.18424
247 T	0.54864	0.25372	0.19764
248 T	0.54306	0.24818	0.20875
249 A	0.53790	0.25893	0.20317
250 A	0.53629	0.28035	0.18336
251 A	0.53677	0.28454	0.17869
252 A	0.54137	0.25854	0.20008
253 A	0.54320	0.25252	0.20428
254 A	0.54608	0.24541	0.20852
255 T	0.54910	0.24555	0.20535
256 C	0.54769	0.24602	0.20628
257 G	0.54851	0.24933	0.20217
258 A	0.55311	0.24568	0.20121
259 T	0.55843	0.24033	0.20125
260 C	0.56079	0.23788	0.20132
261 T	0.56528	0.23643	0.1983
262 C	0.56278	0.24072	0.1965
263 A	0.56319	0.24739	0.18941
264 A	0.56410	0.25227	0.18363
265 A	0.56741	0.26024	0.17235
266 G	0.57203	0.26665	0.16131
267 T	0.58423	0.25810	0.15767
268 G	0.58751	0.25162	0.16087
269 A	0.59479	0.24101	0.16419
270 T	0.60790	0.22203	0.17007
271 C	0.61430	0.21061	0.17509
272 C	0.62700	0.19784	0.17517
273 A	0.65214	0.17764	0.17022
274 A	0.67790	0.15734	0.16476
275 A	0.68486	0.15022	0.16492
276 T	0.69436	0.14040	0.16525
277 G	0.69821	0.13550	0.16628
278 T	0.70569	0.12548	0.16883
279 C	0.70332	0.12452	0.17216
280 A	0.70596	0.12416	0.16989
281 T	0.70819	0.12157	0.17023
282 T	0.70735	0.12313	0.16952
283 A	0.70414	0.12842	0.16744
284 T	0.70143	0.13305	0.16552
285 C	0.65686	0.17538	0.16776
286 A	0.64296	0.18949	0.16755
287 A	0.64029	0.19235	0.16736
288 A	0.64102	0.19206	0.16692
289 A	0.64659	0.18601	0.16739
290 C	0.64914	0.18278	0.16809
291 T	0.64142	0.18962	0.16896
292 G	0.63045	0.20056	0.16899
293 A	0.62883	0.20506	0.1661
294 T	0.63019	0.20660	0.16321
295 T	0.63090	0.20842	0.16068
296 A	0.63149	0.20511	0.1634
297 T	0.63517	0.19879	0.16605
298 A	0.63468	0.19736	0.16795
299 T	0.63419	0.19567	0.17014
300 T	0.62905	0.19793	0.17302
301 A	0.61313	0.21240	0.17447
302 C	0.60396	0.21671	0.17933
303 A	0.59584	0.22398	0.18018
304 G	0.58995	0.22774	0.18231
305 G	0.58687	0.22845	0.18468
306 A	0.58492	0.22794	0.18713
307 T	0.58496	0.22341	0.19164
308 C	0.57962	0.18069	0.23969
309 A	0.57244	0.17513	0.25244
310 A	0.57120	0.17397	0.25484
311 T	0.57111	0.17187	0.25701
312 G	0.56520	0.17463	0.26017
313 A	0.56075	0.17619	0.26306
314 T	0.55928	0.16068	0.28005
315 G	0.55442	0.15296	0.29262
316 C	0.55365	0.14940	0.29695
317 C	0.55501	0.14838	0.29661
318 T	0.55504	0.15146	0.29351
319 T	0.54689	0.16640	0.28671
320 G	0.53348	0.18856	0.27795
321 T	0.52178	0.21608	0.26214
322 G	0.49265	0.29907	0.20828
323 A	0.44012	0.38971	0.17017
324 A	0.40837	0.42558	0.16604
325 A	0.39652	0.43811	0.16537
326 G	0.38428	0.44841	0.16731
327 A	0.37542	0.46955	0.15503
328 A	0.36973	0.48065	0.14961
329 A	0.36727	0.48395	0.14878
330 A	0.36676	0.48357	0.14966
331 G	0.36688	0.47772	0.1554
332 A	0.36909	0.46938	0.16152
333 A	0.37291	0.46474	0.16236
334 A	0.37774	0.45973	0.16253
335 A	0.37964	0.45465	0.16572
336 A	0.38069	0.45014	0.16918
337 T	0.38250	0.44567	0.17183
338 T	0.38342	0.45060	0.16598
339 A	0.38315	0.45808	0.15877
340 G	0.38471	0.46253	0.15276
341 A	0.38922	0.47128	0.1395
342 T	0.39987	0.45247	0.14766
343 A	0.41016	0.43449	0.15535
344 A	0.43006	0.40522	0.16471
345 A	0.48566	0.32641	0.18793
346 T	0.53003	0.22877	0.2412
347 T	0.54592	0.18391	0.27018
348 A	0.55254	0.16953	0.27793
349 G	0.55957	0.15496	0.28548
350 T	0.57489	0.13640	0.28871
351 T	0.58045	0.12901	0.29054
352 T	0.58263	0.12946	0.28791
353 A	0.58187	0.14285	0.27528
354 T	0.58126	0.16277	0.25597
355 G	0.57712	0.21799	0.20489
356 A	0.57448	0.26393	0.16159
357 A	0.57534	0.27930	0.14537
358 A	0.57870	0.27895	0.14235
359 A	0.58327	0.27586	0.14088
360 A	0.59119	0.26881	0.14001
361 T	0.60924	0.25046	0.1403
362 C	0.62115	0.23757	0.14128
363 A	0.63268	0.22614	0.14118
364 T	0.65244	0.20643	0.14113
365 T	0.65735	0.20159	0.14106
366 T	0.65951	0.19934	0.14114
367 G	0.66072	0.19807	0.1412
368 T	0.66269	0.19570	0.1416
369 A	0.66360	0.19471	0.14168
370 T	0.66697	0.19088	0.14215
371 T	0.66929	0.18784	0.14287
372 A	0.67130	0.18528	0.14341
373 T	0.67469	0.18095	0.14437
374 G	0.67752	0.17730	0.14518
375 G	0.68334	0.17060	0.14606
376 A	0.69946	0.15487	0.14567
377 A	0.72250	0.13153	0.14597
378 T	0.77436	0.07520	0.15044
379 T	0.81313	0.03286	0.154
380 G	0.82511	0.01895	0.15593
381 T	0.82857	0.01499	0.15644
382 C	0.82968	0.01454	0.15578
383 T	0.83060	0.01532	0.15408
384 T	0.83067	0.01779	0.15153
385 T	0.83044	0.02010	0.14946
386 G	0.82987	0.02207	0.14806
387 T	0.82983	0.02478	0.14539
388 T	0.82956	0.02571	0.14473
389 T	0.82893	0.02666	0.14442
390 A	0.82787	0.02820	0.14393
391 A	0.82750	0.02911	0.14339
392 C	0.82724	0.02944	0.14331
393 T	0.82623	0.03121	0.14256
394 G	0.82442	0.03428	0.1413
395 A	0.82320	0.03600	0.1408
396 A	0.82164	0.03794	0.14043
397 G	0.81977	0.04031	0.13992
398 G	0.81939	0.04091	0.1397
399 G	0.82106	0.03998	0.13896
400 A	0.82272	0.04012	0.13716
401 T	0.82337	0.04030	0.13633
402 A	0.82376	0.04148	0.13476
403 G	0.82442	0.04200	0.13358
404 A	0.82526	0.04184	0.13289
405 T	0.82707	0.03982	0.1331
406 A	0.82880	0.03783	0.13336
407 T	0.83190	0.03407	0.13403
408 T	0.83361	0.03150	0.13488
409 C	0.83438	0.02961	0.13601
410 C	0.83570	0.02782	0.13648
411 T	0.83645	0.02688	0.13667
412 G	0.83670	0.02641	0.1369
413 G	0.83728	0.02552	0.13721
414 T	0.83827	0.02438	0.13735
415 T	0.83867	0.02359	0.13774
416 G	0.83926	0.02148	0.13926
417 T	0.84052	0.01843	0.14106
418 A	0.84091	0.01678	0.14231
419 A	0.84136	0.01460	0.14404
420 T	0.84224	0.01135	0.1464
421 G	0.84298	0.00949	0.14752
422 C	0.84416	0.00784	0.148
423 T	0.84614	0.00637	0.1475
424 G	0.84664	0.00708	0.14628
425 T	0.84804	0.00654	0.14541
426 T	0.84897	0.00637	0.14466
427 G	0.84923	0.00696	0.14381
428 T	0.84930	0.00748	0.14322
429 T	0.84925	0.00837	0.14238
430 T	0.84921	0.00985	0.14094
431 T	0.84916	0.01114	0.1397
432 T	0.84887	0.01222	0.13891
433 T	0.84837	0.01409	0.13754
434 T	0.84763	0.01688	0.13549
435 T	0.84266	0.02234	0.135
436 G	0.83312	0.03206	0.13482
437 A	0.82859	0.03693	0.13448
438 T	0.82292	0.04300	0.13409
439 C	0.81154	0.05474	0.13372
440 C	0.80323	0.06347	0.1333
441 T	0.79442	0.07388	0.1317
442 A	0.78344	0.08606	0.1305
443 A	0.77938	0.09057	0.13004
444 A	0.77824	0.09197	0.12979
445 A	0.77784	0.09238	0.12978
446 A	0.77838	0.09166	0.12995
447 T	0.78008	0.08946	0.13046
448 T	0.78102	0.08832	0.13066
449 C	0.78043	0.08875	0.13081
450 T	0.78044	0.08873	0.13083
451 A	0.77996	0.08925	0.13079
452 C	0.77968	0.08946	0.13086
453 T	0.77775	0.09175	0.1305
454 T	0.77165	0.09863	0.12972
455 T	0.75390	0.11748	0.12861
456 A	0.73664	0.13694	0.12642
457 G	0.72884	0.14639	0.12476
458 A	0.72469	0.14689	0.12843
459 A	0.72240	0.14098	0.13662
460 A	0.72223	0.13659	0.14118
461 T	0.72281	0.12972	0.14747
462 T	0.72217	0.11865	0.15918
463 A	0.71581	0.11755	0.16665
464 T	0.71382	0.11113	0.17506
465 T	0.70877	0.10879	0.18245
466 C	0.70245	0.11233	0.18521
467 A	0.69384	0.12150	0.18466
468 A	0.66597	0.15063	0.1834
469 G	0.65871	0.15885	0.18243
470 C	0.65510	0.16470	0.1802
471 A	0.64999	0.17870	0.1713
472 G	0.64449	0.19157	0.16393
473 T	0.63978	0.20535	0.15487
474 A	0.63648	0.20988	0.15364
475 G	0.63569	0.20997	0.15434
476 G	0.63592	0.20085	0.16324
477 A	0.63686	0.18957	0.17357
478 C	0.63883	0.16823	0.19294
479 G	0.64176	0.15763	0.20061
480 T	0.64463	0.15242	0.20296
481 A	0.64612	0.15604	0.19784
482 T	0.64761	0.15614	0.19624
483 T	0.64823	0.15964	0.19213
484 T	0.64834	0.16416	0.1875
485 T	0.64767	0.16701	0.18532
486 A	0.64603	0.16718	0.18678
487 A	0.64440	0.17801	0.1776
488 G	0.64244	0.18073	0.17683
489 A	0.63397	0.19539	0.17065
490 A	0.62463	0.21123	0.16414
491 A	0.61988	0.19928	0.18084
492 A	0.61474	0.20115	0.18411
493 G	0.61544	0.19789	0.18666
494 A	0.62237	0.18783	0.1898
495 T	0.63144	0.17301	0.19556
496 C	0.63871	0.16008	0.20121
497 C	0.64013	0.15724	0.20263
498 T	0.64078	0.16395	0.19526
499 C	0.63871	0.17962	0.18168
500 A	0.63644	0.24607	0.11749
501 T	0.62840	0.26846	0.10314
502 A	0.61321	0.28558	0.10122
503 A	0.61073	0.28876	0.10051
504 T	0.61350	0.28647	0.10003
505 C	0.60860	0.29080	0.1006
506 C	0.60884	0.29100	0.10015
507 T	0.61238	0.28963	0.09798
508 A	0.60969	0.29455	0.09576
509 A	0.61120	0.29421	0.09458
510 T	0.61906	0.28654	0.0944
511 A	0.62002	0.28469	0.09529
512 A	0.62415	0.27224	0.10361
513 A	0.63254	0.25460	0.11286
514 A	0.64171	0.23839	0.1199
515 T	0.64545	0.22752	0.12703
516 A	0.64597	0.22425	0.12979
517 G	0.64696	0.22109	0.13195
518 C	0.64828	0.21906	0.13266
519 A	0.64993	0.21818	0.13189
520 A	0.65393	0.21449	0.13157
521 A	0.66502	0.20463	0.13035
522 A	0.68211	0.18861	0.12928
523 A	0.74214	0.12889	0.12897
524 T	0.76219	0.09580	0.14201
525 T	0.76524	0.07430	0.16046
526 A	0.76555	0.07139	0.16306
527 T	0.76692	0.06543	0.16765
528 T	0.76735	0.06304	0.16962
529 T	0.76621	0.07110	0.16268
530 T	0.76447	0.07674	0.15879
531 A	0.76058	0.08033	0.15909
532 T	0.75825	0.08075	0.16101
533 T	0.75418	0.08296	0.16285
534 G	0.74471	0.09083	0.16447
535 C	0.74088	0.09418	0.16494
536 C	0.73960	0.09522	0.16518
537 C	0.73883	0.09660	0.16457
538 T	0.73807	0.10011	0.16182
539 T	0.73659	0.10384	0.15957
540 C	0.73345	0.10835	0.1582
541 G	0.73030	0.11462	0.15508
542 A	0.72935	0.11817	0.15248
543 A	0.72502	0.12399	0.15099
544 A	0.72542	0.12410	0.15047
545 A	0.72849	0.12143	0.15008
546 T	0.73207	0.11739	0.15054
547 A	0.73186	0.11948	0.14865
548 A	0.73267	0.12180	0.14553
549 T	0.73672	0.12078	0.1425
550 G	0.73598	0.12846	0.13556
551 A	0.73791	0.12623	0.13587
552 T	0.74417	0.11819	0.13764
553 G	0.74267	0.11687	0.14047
554 A	0.74320	0.11134	0.14547
555 C	0.74389	0.10683	0.14928
556 A	0.74442	0.10295	0.15263
557 G	0.74600	0.09397	0.16003
558 T	0.74895	0.08751	0.16354
559 T	0.75077	0.08362	0.16561
560 C	0.75180	0.08156	0.16665
561 T	0.75455	0.07703	0.16842
562 T	0.75620	0.07359	0.17021
563 T	0.75621	0.07174	0.17206
564 T	0.75479	0.07261	0.1726
565 A	0.74829	0.08152	0.17019
566 T	0.74314	0.08376	0.17309
567 G	0.73110	0.09815	0.17075
568 A	0.71317	0.12365	0.16319
569 G	0.70758	0.13218	0.16024
570 A	0.70492	0.13931	0.15577
571 A	0.70507	0.14810	0.14683
572 A	0.70971	0.14917	0.14113
573 T	0.71795	0.14369	0.13836
574 A	0.71761	0.14432	0.13807
575 T	0.71809	0.14095	0.14097
576 T	0.71796	0.13608	0.14596
577 T	0.71753	0.13519	0.14728
578 C	0.71621	0.13640	0.14739
579 T	0.71525	0.13828	0.14648
580 T	0.71266	0.14178	0.14555
581 T	0.70797	0.14740	0.14463
582 T	0.69715	0.16016	0.14268
583 G	0.66010	0.20109	0.13881
584 A	0.64495	0.22645	0.1286
585 A	0.62931	0.25777	0.11292
586 A	0.62613	0.27033	0.10355
587 A	0.62689	0.27109	0.10203
588 T	0.63060	0.26165	0.10775
589 A	0.63220	0.25663	0.11117
590 A	0.63605	0.24479	0.11915
591 T	0.64327	0.22433	0.13239
592 A	0.64306	0.22507	0.13187
593 A	0.64536	0.22596	0.12869
594 G	0.65397	0.21957	0.12646
595 A	0.66063	0.22357	0.1158
596 A	0.66703	0.22030	0.11267
597 T	0.67097	0.21762	0.11141
598 T	0.67241	0.21702	0.11057
599 T	0.67278	0.21834	0.10887
600 T	0.67226	0.22097	0.10676
601 T	0.67083	0.22202	0.10715
602 T	0.66855	0.22555	0.1059
603 A	0.66294	0.23530	0.10176
604 A	0.66125	0.23339	0.10536
605 A	0.66190	0.22389	0.11421
606 G	0.66488	0.18898	0.14614
607 A	0.67535	0.16587	0.15878
608 C	0.69244	0.13365	0.17391
609 T	0.70540	0.12493	0.16967
610 T	0.71004	0.14447	0.14549
611 T	0.71163	0.16169	0.12668
612 A	0.71251	0.18274	0.10474
613 A	0.71418	0.18929	0.09653
614 A	0.71748	0.18976	0.09276
615 A	0.72362	0.18778	0.0886
616 T	0.73291	0.17837	0.08872
617 A	0.73978	0.17389	0.08634
618 T	0.75313	0.16098	0.08589
619 A	0.75792	0.15855	0.08353
620 T	0.76294	0.15457	0.08249
621 T	0.76604	0.15084	0.08312
622 T	0.76840	0.14825	0.08335
623 T	0.77023	0.14553	0.08424
624 G	0.77151	0.14599	0.08249
625 A	0.77399	0.15248	0.07354
626 T	0.78156	0.14280	0.07563
627 T	0.78280	0.14300	0.0742
628 A	0.78334	0.14626	0.07041
629 G	0.78469	0.14653	0.06878
630 T	0.78730	0.14750	0.0652
631 G	0.78862	0.14939	0.06199
632 A	0.79676	0.14544	0.05779
633 T	0.82566	0.11679	0.05756
634 A	0.84602	0.09702	0.05697
635 T	0.86886	0.07446	0.05668
636 T	0.87559	0.06833	0.05609
637 C	0.87914	0.06549	0.05536
638 G	0.88375	0.06355	0.05269
639 T	0.88812	0.05970	0.05218
640 T	0.89078	0.05776	0.05146
641 T	0.89142	0.05760	0.05098
642 T	0.88862	0.06073	0.05065
643 C	0.87359	0.07611	0.05029
644 G	0.85873	0.09200	0.04927
645 T	0.83905	0.11300	0.04795
646 A	0.79510	0.15726	0.04764
647 A	0.77331	0.17923	0.04746
648 T	0.76890	0.18388	0.04722
649 G	0.69605	0.25712	0.04683
650 C	0.66152	0.29186	0.04662
651 T	0.63137	0.32220	0.04643
652 A	0.56740	0.38624	0.04636
653 A	0.48184	0.47184	0.04632
654 A	0.33626	0.61745	0.0463
655 C	0.27999	0.67372	0.04629
656 C	0.23834	0.71544	0.04622
657 A	0.20288	0.75132	0.04581
658 G	0.16721	0.78748	0.04531
659 A	0.12344	0.83207	0.04449
660 A	0.10420	0.85214	0.04366
661 G	0.08579	0.87164	0.04257
662 A	0.07126	0.88798	0.04076
663 A	0.05233	0.90759	0.04007
664 A	0.03340	0.92543	0.04117
665 A	0.01879	0.93588	0.04533
666 A	0.01472	0.92770	0.05759
667 A	0.01232	0.91727	0.07041
668 A	0.01206	0.89724	0.0907
669 A	0.01167	0.85442	0.13391
670 G	0.01155	0.82466	0.16378
671 A	0.01172	0.80511	0.18316
672 T	0.01208	0.73220	0.25572
673 A	0.01218	0.70396	0.28387
674 A	0.01237	0.67381	0.31382
675 A	0.01249	0.62500	0.36251
676 A	0.01261	0.53367	0.45372
677 T	0.01280	0.35689	0.63031
678 T	0.01289	0.30726	0.67986
679 G	0.01295	0.28762	0.69943
680 A	0.01324	0.29732	0.68944
681 A	0.01375	0.29928	0.68697
682 A	0.01457	0.27879	0.70664
683 A	0.01553	0.30763	0.67684
684 A	0.01696	0.33861	0.64444
685 A	0.01957	0.35761	0.62282
686 T	0.02168	0.37891	0.59941
687 A	0.02222	0.44033	0.53746
688 A	0.02296	0.47945	0.49759
689 T	0.02405	0.51148	0.46447
690 T	0.02408	0.63780	0.33812
691 A	0.02283	0.92787	0.04931
692 A	0.02221	0.94323	0.03456
693 A	0.02118	0.95392	0.0249
694 A	0.02092	0.95596	0.02311
695 G	0.02226	0.95528	0.02246
696 C	0.02760	0.95101	0.02139
697 G	0.03118	0.94796	0.02086
698 C	0.03669	0.94350	0.01982
699 A	0.04215	0.93836	0.01948
700 T	0.04951	0.93104	0.01945
701 C	0.05373	0.92683	0.01943
702 A	0.06245	0.91814	0.01941
703 C	0.07829	0.90231	0.0194
704 C	0.10005	0.88063	0.01933
705 A	0.12469	0.85617	0.01914
706 A	0.17349	0.80739	0.01912
707 A	0.22726	0.75362	0.01911
708 A	0.26512	0.71577	0.01911
709 A	0.31384	0.66700	0.01916
710 C	0.40825	0.57173	0.02003
711 T	0.47233	0.50734	0.02033
712 A	0.50152	0.47801	0.02047
713 A	0.63271	0.34649	0.02081
714 T	0.91604	0.06191	0.02205
715 G	0.93098	0.04603	0.02299
716 A	0.94097	0.03412	0.02492
717 T	0.94506	0.02849	0.02645
718 C	0.93907	0.03362	0.02731
719 T	0.93268	0.03995	0.02737
720 A	0.90641	0.06642	0.02717
721 T	0.89846	0.07449	0.02705
722 C	0.83432	0.13915	0.02652
723 T	0.80321	0.17079	0.026
724 T	0.74991	0.22403	0.02606
725 T	0.52903	0.44502	0.02595
726 A	0.31757	0.65660	0.02583
727 C	0.26062	0.71348	0.02591
728 C	0.23087	0.74372	0.02541
729 G	0.19888	0.77763	0.02348
730 A	0.17808	0.79958	0.02234
731 A	0.17157	0.80649	0.02194
732 T	0.16504	0.81325	0.02171
733 A	0.07892	0.89964	0.02144
734 C	0.04215	0.93576	0.02209
735 A	0.03323	0.94494	0.02184
736 A	0.02979	0.94828	0.02194
737 A	0.02770	0.95011	0.02219
738 A	0.02644	0.95014	0.02341
739 G	0.02552	0.95004	0.02444
740 A	0.02467	0.94707	0.02826
741 A	0.02370	0.93911	0.03719
742 A	0.02311	0.92719	0.0497
743 A	0.02295	0.89603	0.08102
744 A	0.02319	0.87985	0.09696
745 G	0.02369	0.78815	0.18816
746 A	0.02412	0.72599	0.24989
747 A	0.02462	0.63946	0.33592
748 T	0.02562	0.39819	0.57619
749 C	0.02587	0.24976	0.72436
750 C	0.02595	0.21844	0.75562
751 A	0.02628	0.23133	0.74239
752 A	0.02731	0.24353	0.72916
753 T	0.02834	0.25012	0.72154
754 G	0.02830	0.28638	0.68532
755 A	0.02723	0.34685	0.62592
756 A	0.02582	0.34345	0.63073
757 A	0.02405	0.55363	0.42233
758 T	0.02298	0.64598	0.33104
759 A	0.01910	0.80735	0.17355
760 A	0.01674	0.89535	0.08791
761 A	0.01552	0.93463	0.04985
762 A	0.01484	0.94161	0.04355
763 A	0.01446	0.94822	0.03731
764 A	0.01455	0.94791	0.03754
765 A	0.01509	0.94756	0.03735
766 C	0.01601	0.94650	0.03749
767 A	0.01700	0.94639	0.03662
768 A	0.01736	0.94599	0.03666
769 G	0.01795	0.94527	0.03679
770 A	0.01919	0.94412	0.03669
771 T	0.02277	0.94052	0.0367
772 C	0.02543	0.93746	0.03711
773 A	0.02964	0.93334	0.03703
774 A	0.04950	0.91362	0.03688
775 G	0.07248	0.89097	0.03656
776 A	0.09208	0.87255	0.03536
777 A	0.13746	0.82791	0.03463
778 A	0.21936	0.74557	0.03507
779 A	0.33775	0.62536	0.03689
780 T	0.61981	0.34079	0.0394
781 A	0.70576	0.25297	0.04127
782 T	0.84673	0.10799	0.04528
783 T	0.89693	0.05569	0.04738
784 G	0.91422	0.03726	0.04852
785 A	0.91883	0.03201	0.04916
786 T	0.92592	0.02430	0.04977
787 T	0.92656	0.02326	0.05019
788 T	0.92489	0.02474	0.05037
789 T	0.92333	0.02633	0.05034
790 G	0.91876	0.03122	0.05002
791 T	0.91412	0.03611	0.04978
792 A	0.88007	0.07066	0.04927
793 T	0.86737	0.08352	0.04911
794 A	0.84236	0.10881	0.04884
795 C	0.83605	0.11498	0.04897
796 G	0.83236	0.11875	0.04889
797 A	0.83066	0.12048	0.04886
798 A	0.82968	0.12144	0.04889
799 C	0.82976	0.12131	0.04894
800 A	0.82852	0.12262	0.04886
801 T	0.82912	0.12185	0.04904
802 T	0.82757	0.12333	0.0491
803 T	0.82694	0.12391	0.04916
804 G	0.82655	0.12424	0.04921
805 A	0.82633	0.12366	0.05
806 T	0.82652	0.11930	0.05418
807 T	0.82638	0.11595	0.05767
808 T	0.82453	0.11515	0.06032
809 C	0.82161	0.11555	0.06284
810 T	0.81870	0.11732	0.06398
811 G	0.81433	0.11966	0.06601
812 A	0.81179	0.12117	0.06704
813 A	0.81060	0.11901	0.07039
814 G	0.81063	0.11422	0.07514
815 T	0.81101	0.07842	0.11057
816 G	0.81085	0.06440	0.12474
817 G	0.81092	0.04230	0.14678
818 T	0.81089	0.03920	0.14991
819 T	0.81077	0.04233	0.14689
820 A	0.81008	0.06264	0.12728
821 A	0.80958	0.06637	0.12405
822 A	0.80884	0.06735	0.12381
823 T	0.80802	0.06689	0.12509
824 A	0.80353	0.07358	0.12289
825 C	0.79950	0.07609	0.12441
826 G	0.79667	0.08088	0.12245
827 A	0.79403	0.08562	0.12035
828 T	0.79273	0.08787	0.1194
829 G	0.79123	0.09186	0.11691
830 G	0.79054	0.09288	0.11658
831 T	0.79049	0.09077	0.11874
832 T	0.79023	0.08788	0.12189
833 T	0.78993	0.08531	0.12476
834 G	0.78972	0.08252	0.12777
835 T	0.78993	0.08042	0.12965
836 C	0.78870	0.08103	0.13027
837 T	0.78707	0.08286	0.13007
838 T	0.78450	0.08556	0.12993
839 G	0.78145	0.08863	0.12993
840 G	0.77805	0.09221	0.12974
841 C	0.77452	0.09609	0.12939
842 A	0.77632	0.09546	0.12822
843 A	0.79427	0.07857	0.12716
844 A	0.79973	0.07450	0.12576
845 A	0.80185	0.07241	0.12574
846 T	0.80377	0.07006	0.12617
847 T	0.80622	0.06331	0.13047
848 T	0.80615	0.06001	0.13383
849 A	0.80670	0.05742	0.13589
850 G	0.80818	0.05360	0.13822
851 T	0.80947	0.05160	0.13893
852 T	0.80243	0.05858	0.13899
853 T	0.77586	0.08757	0.13657
854 T	0.71024	0.15978	0.12999
855 A	0.54564	0.33709	0.11727
856 G	0.45760	0.43874	0.10366
857 A	0.41377	0.49343	0.0928
858 A	0.38303	0.53265	0.08432
859 A	0.37156	0.54629	0.08214
860 T	0.36391	0.55297	0.08312
861 T	0.33972	0.57860	0.08168
862 A	0.27719	0.64641	0.0764
863 A	0.23787	0.68994	0.0722
864 A	0.22186	0.71015	0.06799
865 A	0.21488	0.71683	0.06829
866 A	0.21342	0.71743	0.06915
867 T	0.21383	0.71655	0.06963
868 A	0.21213	0.71781	0.07006
869 C	0.21132	0.71710	0.07158
870 T	0.21065	0.71803	0.07132
871 T	0.20941	0.71922	0.07137
872 T	0.20726	0.72130	0.07144
873 A	0.20366	0.72466	0.07168
874 A	0.20179	0.72539	0.07281
875 A	0.20181	0.70038	0.0978
876 A	0.20422	0.65700	0.13879
877 G	0.21131	0.57864	0.21005
878 A	0.22272	0.42843	0.34885
879 T	0.23637	0.34166	0.42197
880 A	0.24143	0.30395	0.45462
881 T	0.24916	0.27458	0.47625
882 T	0.24858	0.28425	0.46717
883 A	0.24212	0.31043	0.44745
884 A	0.24170	0.30179	0.45652
885 A	0.24482	0.25594	0.49924
886 G	0.24657	0.23417	0.51927
887 A	0.25092	0.26199	0.48708
888 T	0.25002	0.29025	0.45973
889 A	0.24290	0.38714	0.36997
890 T	0.23738	0.46992	0.2927
891 T	0.22861	0.50255	0.26885
892 A	0.20985	0.58063	0.20952
893 T	0.19687	0.60917	0.19396
894 T	0.18068	0.64741	0.17191
895 C	0.15482	0.69636	0.14882
896 A	0.13265	0.74564	0.12171
897 A	0.11387	0.77746	0.10867
898 A	0.09846	0.79789	0.10365
899 A	0.08949	0.80662	0.10389
900 A	0.08727	0.80826	0.10447
901 G	0.09003	0.80166	0.10831
902 A	0.09579	0.79322	0.11099
903 C	0.10818	0.77415	0.11767
904 A	0.12238	0.75921	0.11841
905 G	0.14385	0.73414	0.122
906 T	0.17132	0.70379	0.12488
907 G	0.17625	0.69821	0.12554
908 A	0.18302	0.69267	0.1243
909 A	0.19849	0.67503	0.12648
910 A	0.23817	0.63444	0.12738
911 A	0.26407	0.60432	0.13161
912 A	0.34596	0.51670	0.13735
913 G	0.42011	0.43334	0.14655
914 A	0.45197	0.39657	0.15146
915 T	0.52604	0.30794	0.16602
916 A	0.53730	0.28208	0.18063
917 T	0.55453	0.25302	0.19246
918 T	0.55285	0.24537	0.20178
919 T	0.53661	0.26037	0.20302
920 T	0.50923	0.27933	0.21144
921 A	0.42127	0.36161	0.21712
922 G	0.37989	0.39886	0.22125
923 T	0.34574	0.43399	0.22027
924 C	0.24795	0.54031	0.21175
925 A	0.21875	0.60484	0.17641
926 A	0.20481	0.63721	0.15799
927 A	0.19362	0.66618	0.1402
928 A	0.18906	0.67830	0.13265
929 T	0.18824	0.68233	0.12943
930 A	0.17557	0.69454	0.12989
931 A	0.17010	0.69795	0.13194
932 A	0.16476	0.69806	0.13718
933 A	0.16013	0.69684	0.14303
934 A	0.16010	0.68989	0.15001
935 A	0.16189	0.67620	0.16191
936 A	0.16502	0.66538	0.1696
937 A	0.17348	0.64633	0.18019
938 T	0.18519	0.62150	0.19331
939 G	0.19154	0.58929	0.21917
940 T	0.20003	0.55686	0.24311
941 T	0.21030	0.51173	0.27797
942 T	0.21953	0.46763	0.31284
943 G	0.21809	0.43538	0.34653
944 G	0.22086	0.36181	0.41733
945 T	0.22490	0.32250	0.4526
946 A	0.22498	0.29690	0.47812
947 C	0.23397	0.21076	0.55526
948 T	0.27012	0.17105	0.55883
949 A	0.28429	0.16800	0.54772
950 T	0.29947	0.16299	0.53754
951 T	0.30312	0.16924	0.52764
952 T	0.30169	0.17992	0.5184
953 T	0.28515	0.20954	0.50531
954 A	0.24562	0.27287	0.48151
955 A	0.22859	0.30965	0.46176
956 A	0.21535	0.36421	0.42044
957 A	0.20913	0.39912	0.39175
958 A	0.20299	0.44689	0.35012
959 T	0.20039	0.45731	0.3423
960 T	0.19047	0.48025	0.32928
961 G	0.17286	0.53624	0.2909
962 A	0.16474	0.55932	0.27593
963 T	0.16306	0.56968	0.26726
964 G	0.15904	0.59002	0.25094
965 A	0.15632	0.61471	0.22897
966 A	0.15444	0.61937	0.22619
967 A	0.15431	0.62297	0.22271
968 A	0.15406	0.62358	0.22236
969 A	0.16105	0.61491	0.22403
970 C	0.16800	0.60600	0.22599
971 A	0.18297	0.59714	0.2199
972 A	0.20502	0.57999	0.21499
973 T	0.23136	0.56041	0.20823
974 T	0.24517	0.54939	0.20545
975 A	0.24193	0.56126	0.19681
976 G	0.25236	0.53667	0.21098
977 A	0.26960	0.49036	0.24003
978 A	0.28802	0.45851	0.25346
979 G	0.33157	0.40431	0.26412
980 A	0.36799	0.36976	0.26224
981 T	0.42380	0.30689	0.26931
982 A	0.43368	0.29351	0.27281
983 A	0.44742	0.27128	0.28131
984 T	0.48010	0.22343	0.29648
985 C	0.48783	0.20868	0.30349
986 A	0.49190	0.21339	0.29471
987 A	0.50148	0.20648	0.29204
988 A	0.51704	0.18958	0.29338
989 C	0.51401	0.19077	0.29523
990 T	0.50863	0.19868	0.29268
991 G	0.49011	0.21806	0.29184
992 C	0.48369	0.22602	0.29029
993 A	0.47904	0.23662	0.28434
994 G	0.48409	0.23317	0.28274
995 A	0.49238	0.22612	0.28151
996 T	0.50737	0.21129	0.28134
997 A	0.51423	0.20502	0.28075
998 T	0.52794	0.17983	0.29223
999 T	0.53246	0.16787	0.29967
1000 T	0.53429	0.16019	0.30552
1001 T	0.53324	0.15726	0.3095
1002 A	0.53304	0.15423	0.31273
1003 T	0.53603	0.14775	0.31621
1004 C	0.53507	0.14696	0.31797
1005 A	0.53553	0.14541	0.31906
1006 C	0.53697	0.14244	0.32059
1007 A	0.53833	0.14093	0.32074
1008 A	0.53891	0.13902	0.32206
1009 T	0.54909	0.12790	0.32301
1010 A	0.55411	0.11910	0.32679
1011 T	0.55775	0.11180	0.33045
1012 G	0.56050	0.09347	0.34603
1013 T	0.56750	0.07044	0.36206
1014 T	0.57054	0.04848	0.38099
1015 T	0.57196	0.04151	0.38653
1016 T	0.57266	0.03900	0.38834
1017 A	0.57072	0.04658	0.38269
1018 T	0.57021	0.04701	0.38278
1019 T	0.56921	0.04823	0.38256
1020 T	0.56782	0.04862	0.38355
1021 T	0.56308	0.05252	0.3844
1022 A	0.55803	0.05594	0.38603
1023 T	0.55406	0.05700	0.38894
1024 C	0.54771	0.06056	0.39174
1025 C	0.54264	0.06516	0.39221
1026 T	0.54081	0.06954	0.38966
1027 A	0.53868	0.07429	0.38703
1028 T	0.53641	0.07962	0.38397
1029 T	0.53234	0.08742	0.38024
1030 T	0.52440	0.10143	0.37417
1031 T	0.50474	0.13691	0.35835
1032 A	0.47217	0.18708	0.34076
1033 G	0.44854	0.22737	0.32409
1034 A	0.43733	0.24791	0.31475
1035 A	0.43117	0.25911	0.30972
1036 A	0.42982	0.26520	0.30498
1037 A	0.43086	0.26579	0.30334
1038 A	0.43331	0.26334	0.30335
1039 A	0.43692	0.25826	0.30482
1040 T	0.44530	0.24658	0.30812
1041 T	0.44732	0.24219	0.31049
1042 T	0.44772	0.23946	0.31281
1043 A	0.44675	0.23819	0.31506
1044 T	0.44534	0.23462	0.32004
1045 G	0.44244	0.23356	0.32399
1046 A	0.44013	0.23287	0.327
1047 A	0.43913	0.22861	0.33226
1048 G	0.43891	0.22380	0.33729
1049 T	0.44106	0.22051	0.33843
1050 A	0.44263	0.21741	0.33996
1051 G	0.44531	0.21067	0.34403
1052 A	0.44948	0.20192	0.3486
1053 A	0.45738	0.18537	0.35726
1054 T	0.47791	0.14352	0.37858
1055 G	0.49592	0.09597	0.40811
1056 T	0.51404	0.05774	0.42822
1057 T	0.52086	0.04269	0.43646
1058 C	0.52363	0.03624	0.44013
1059 T	0.52637	0.03545	0.43819
1060 T	0.52741	0.03578	0.4368
1061 T	0.52771	0.03663	0.43567
1062 A	0.52772	0.03791	0.43438
1063 T	0.52788	0.03846	0.43365
1064 T	0.52611	0.04056	0.43333
1065 T	0.52181	0.04506	0.43313
1066 A	0.50118	0.06624	0.43258
1067 A	0.48863	0.07913	0.43223
1068 T	0.48616	0.08150	0.43233
1069 G	0.48091	0.09022	0.42887
1070 A	0.47654	0.10163	0.42182
1071 A	0.47437	0.10495	0.42068
1072 T	0.47457	0.10501	0.42041
1073 T	0.46663	0.11439	0.41898
1074 A	0.44980	0.13443	0.41578
1075 G	0.44433	0.14171	0.41396
1076 A	0.43964	0.14703	0.41333
1077 T	0.43774	0.14892	0.41334
1078 G	0.43570	0.15086	0.41344
1079 T	0.43666	0.14980	0.41353
1080 C	0.43638	0.14997	0.41365
1081 C	0.43611	0.15048	0.41341
1082 T	0.43750	0.14977	0.41273
1083 T	0.43617	0.15190	0.41193
1084 T	0.43102	0.15842	0.41056
1085 T	0.41670	0.17559	0.40771
1086 A	0.39544	0.19714	0.40742
1087 G	0.38086	0.20945	0.40969
1088 A	0.37144	0.21534	0.41322
1089 A	0.36741	0.20006	0.43253
1090 C	0.36738	0.18877	0.44385
1091 A	0.36433	0.19096	0.44471
1092 A	0.36809	0.18454	0.44737
1093 T	0.37592	0.17289	0.45118
1094 T	0.37672	0.16982	0.45346
1095 A	0.37554	0.17098	0.45348
1096 G	0.37651	0.16123	0.46226
1097 G	0.37819	0.14736	0.47446
1098 A	0.37914	0.14739	0.47347
1099 G	0.37959	0.14387	0.47653
1100 T	0.38004	0.14512	0.47484
1101 T	0.37987	0.15453	0.46561
1102 T	0.37925	0.16827	0.45248
1103 A	0.37693	0.19545	0.42762
1104 T	0.37558	0.19883	0.42559
1105 A	0.37200	0.20802	0.41998
1106 A	0.37024	0.21156	0.4182
1107 A	0.36808	0.20964	0.42228
1108 C	0.36920	0.19425	0.43655
1109 A	0.36850	0.19263	0.43886
1110 A	0.36903	0.18386	0.4471
1111 G	0.37103	0.17726	0.45171
1112 T	0.37276	0.17676	0.45048
1113 T	0.36858	0.19028	0.44114
1114 C	0.36073	0.19834	0.44093
1115 A	0.35459	0.22048	0.42493
1116 A	0.33214	0.26116	0.4067
1117 G	0.31452	0.29915	0.38633
1118 A	0.30396	0.34020	0.35585
1119 A	0.29859	0.36010	0.34131
1120 A	0.30084	0.35919	0.33996
1121 T	0.30811	0.35183	0.34006
1122 A	0.30743	0.35288	0.33969
1123 G	0.31080	0.34903	0.34016
1124 C	0.31852	0.34135	0.34013
1125 A	0.32519	0.33475	0.34007
1126 A	0.34016	0.31850	0.34134
1127 A	0.34318	0.31416	0.34265
1128 A	0.34733	0.30711	0.34555
1129 C	0.34846	0.30397	0.34757
1130 C	0.34385	0.30580	0.35035
1131 A	0.33499	0.31479	0.35021
1132 A	0.34173	0.30807	0.35021
1133 C	0.34469	0.30448	0.35083
1134 G	0.34723	0.30251	0.35026
1135 A	0.35806	0.29179	0.35015
1136 T	0.37820	0.26559	0.35621
1137 T	0.38539	0.25100	0.36361
1138 A	0.38546	0.24566	0.36889
1139 A	0.39597	0.21043	0.3936
1140 G	0.41274	0.17154	0.41571
1141 T	0.44089	0.12954	0.42958
1142 C	0.45198	0.10921	0.43881
1143 T	0.45546	0.10427	0.44027
1144 T	0.45505	0.10552	0.43943
1145 T	0.45214	0.11147	0.43639
1146 T	0.44617	0.12042	0.43341
1147 A	0.42656	0.14417	0.42926
1148 A	0.41682	0.15449	0.42869
1149 T	0.41055	0.16089	0.42855
1150 A	0.39872	0.17016	0.43112
1151 A	0.38903	0.17583	0.43514
1152 A	0.38140	0.17492	0.44368
1153 A	0.37649	0.17188	0.45164
1154 C	0.37568	0.16076	0.46357
1155 T	0.37555	0.15888	0.46557
1156 T	0.37364	0.16088	0.46548
1157 T	0.37169	0.16208	0.46623
1158 A	0.36835	0.16762	0.46402
1159 T	0.36633	0.17104	0.46263
1160 A	0.36277	0.17091	0.46632
1161 T	0.36116	0.16127	0.47757
1162 T	0.35809	0.16271	0.4792
1163 T	0.35289	0.16911	0.47799
1164 G	0.34419	0.18205	0.47375
1165 G	0.33495	0.20524	0.45981
1166 A	0.33077	0.23357	0.43567
1167 A	0.33057	0.24283	0.4266
1168 T	0.33451	0.24195	0.42354
1169 A	0.33366	0.24914	0.4172
1170 T	0.33729	0.23829	0.42442
1171 A	0.33664	0.24730	0.41606
1172 A	0.33796	0.24831	0.41372
1173 A	0.33794	0.25217	0.40989
1174 A	0.33880	0.24870	0.4125
1175 A	0.33923	0.24327	0.4175
1176 T	0.34196	0.23525	0.42278
1177 A	0.34197	0.23370	0.42433
1178 T	0.34414	0.22939	0.42648
1179 T	0.34395	0.22834	0.4277
1180 G	0.34285	0.22852	0.42863
1181 A	0.34425	0.22520	0.43055
1182 T	0.34644	0.22134	0.43221
1183 G	0.34711	0.22213	0.43075
1184 A	0.34851	0.23107	0.42042
1185 T	0.35433	0.23220	0.41347
1186 A	0.35690	0.23342	0.40969
1187 A	0.35988	0.22831	0.41181
1188 A	0.37506	0.20496	0.41999
1189 T	0.40244	0.17255	0.425
1190 T	0.41399	0.15832	0.42769
1191 A	0.41936	0.15145	0.42919
1192 C	0.42852	0.13849	0.43299
1193 A	0.43723	0.13098	0.43179
1194 T	0.45285	0.11462	0.43253
1195 A	0.45889	0.11240	0.42871
1196 T	0.47166	0.10238	0.42596
1197 T	0.47582	0.10383	0.42035
1198 T	0.47653	0.10259	0.42088
1199 T	0.47561	0.10279	0.4216
1200 T	0.47417	0.10276	0.42307
1201 A	0.47160	0.10466	0.42374
1202 C	0.47038	0.10420	0.42542
1203 T	0.47013	0.10375	0.42612
1204 C	0.46642	0.10755	0.42603
1205 A	0.46472	0.11207	0.4232
1206 A	0.46947	0.11135	0.41917
1207 A	0.48034	0.10381	0.41584
1208 T	0.49023	0.09652	0.41325
1209 T	0.49563	0.09447	0.4099
1210 T	0.49815	0.09388	0.40798
1211 A	0.49781	0.09726	0.40493
1212 T	0.49784	0.10058	0.40159
1213 A	0.49700	0.11000	0.39299
1214 A	0.49745	0.11095	0.3916
1215 T	0.49912	0.10746	0.39342
1216 A	0.50103	0.10558	0.39339
1217 A	0.50309	0.10310	0.39381
1218 A	0.50805	0.09643	0.39552
1219 C	0.51226	0.08982	0.39793
1220 T	0.51768	0.08391	0.39841
1221 T	0.51866	0.08320	0.39814
1222 T	0.51902	0.08453	0.39644
1223 T	0.51788	0.09133	0.39079
1224 A	0.51336	0.10573	0.3809
1225 A	0.51132	0.11309	0.3756
1226 A	0.50780	0.11717	0.37503
1227 A	0.50599	0.11550	0.37851
1228 G	0.50809	0.10987	0.38204
1229 A	0.51195	0.10522	0.38284
1230 A	0.51546	0.10125	0.38328
1231 A	0.51945	0.09732	0.38323
1232 C	0.52488	0.09113	0.38399
1233 T	0.53002	0.08624	0.38374
1234 G	0.52925	0.08689	0.38386
1235 A	0.53109	0.08507	0.38384
1236 T	0.53776	0.07761	0.38463
1237 C	0.53796	0.07706	0.38498
1238 C	0.53733	0.07760	0.38507
1239 T	0.53730	0.07782	0.38488
1240 C	0.53621	0.07924	0.38454
1241 A	0.53568	0.08173	0.38258
1242 A	0.53620	0.08183	0.38197
1243 C	0.53778	0.08027	0.38195
1244 T	0.54094	0.07723	0.38183
1245 A	0.54327	0.07501	0.38172
1246 A	0.54897	0.06797	0.38306
1247 C	0.55827	0.05492	0.38681
1248 T	0.56486	0.04748	0.38766
1249 T	0.56645	0.04288	0.39068
1250 C	0.56631	0.04143	0.39226
1251 A	0.56583	0.04213	0.39204
1252 G	0.56595	0.04212	0.39193
1253 A	0.56663	0.04114	0.39223
1254 A	0.56754	0.03973	0.39273
1255 A	0.56909	0.03796	0.39295
1256 A	0.57007	0.03413	0.3958
1257 T	0.57021	0.02749	0.40231
1258 G	0.56971	0.02455	0.40574
1259 G	0.56934	0.02262	0.40804
1260 C	0.56946	0.02005	0.41049
1261 A	0.56978	0.01949	0.41073
1262 T	0.57016	0.01855	0.4113
1263 G	0.57029	0.01850	0.4112
1264 T	0.57180	0.01691	0.41129
1265 G	0.57173	0.01784	0.41043
1266 G	0.57145	0.02062	0.40793
1267 T	0.57126	0.02096	0.40779
1268 A	0.57076	0.02161	0.40762
1269 T	0.57024	0.02153	0.40822
1270 A	0.56902	0.02215	0.40882
1271 C	0.56868	0.02147	0.40984
1272 T	0.56826	0.02131	0.41042
1273 C	0.56756	0.02125	0.4112
1274 C	0.56636	0.02225	0.4114
1275 T	0.56578	0.02290	0.41132
1276 G	0.56421	0.02468	0.41111
1277 G	0.56292	0.02626	0.41082
1278 A	0.56232	0.02763	0.41006
1279 T	0.56184	0.02865	0.40951
1280 G	0.56108	0.02962	0.4093
1281 G	0.56094	0.02972	0.40934
1282 G	0.56096	0.03003	0.40901
1283 T	0.56125	0.03025	0.4085
1284 A	0.56166	0.03043	0.40791
1285 G	0.56228	0.03007	0.40765
1286 T	0.56367	0.02897	0.40736
1287 A	0.56401	0.02919	0.4068
1288 G	0.56503	0.02802	0.40695
1289 A	0.56766	0.02528	0.40706
1290 A	0.56832	0.02435	0.40732
1291 A	0.56902	0.02311	0.40787
1292 T	0.56925	0.02217	0.40858
1293 T	0.56917	0.02108	0.40975
1294 T	0.56894	0.02093	0.41014
1295 T	0.56777	0.02195	0.41028
1296 A	0.56522	0.02438	0.4104
1297 T	0.56370	0.02478	0.41153
1298 G	0.56091	0.02756	0.41153
1299 G	0.56000	0.02753	0.41247
1300 G	0.56005	0.02737	0.41259
1301 A	0.56089	0.02642	0.41269
1302 T	0.56222	0.02494	0.41284
1303 C	0.56343	0.02379	0.41278
1304 T	0.56461	0.02521	0.41018
1305 T	0.56520	0.02500	0.4098
1306 T	0.56553	0.02507	0.4094
1307 T	0.56546	0.02576	0.40879
1308 A	0.56449	0.02771	0.40781
1309 C	0.56348	0.02927	0.40724
1310 T	0.56285	0.03140	0.40574
1311 T	0.56199	0.03486	0.40315
1312 A	0.56088	0.03949	0.39963
1313 A	0.56056	0.04123	0.39822
1314 A	0.56053	0.04232	0.39715
1315 T	0.56070	0.04274	0.39657
1316 T	0.56051	0.04445	0.39504
1317 A	0.55855	0.04664	0.3948
1318 G	0.55748	0.04629	0.39624
1319 A	0.55662	0.04520	0.39818
1320 A	0.55641	0.04418	0.39941
1321 C	0.55720	0.04109	0.40172
1322 C	0.55759	0.04045	0.40195
1323 T	0.55864	0.04078	0.40058
1324 A	0.55885	0.04406	0.39709
1325 A	0.55889	0.04810	0.39301
1326 A	0.55845	0.05222	0.38932
1327 T	0.55987	0.05669	0.38343
1328 T	0.55501	0.06645	0.37854
