# lcl|CP097583.1_cds_USQ93231.1_1
# AA	inside	membr	outside
1 A	0.27106	0.00000	0.72893
2 T	0.27034	0.00072	0.72893
3 G	0.26957	0.00149	0.72893
4 G	0.26957	0.00487	0.72555
5 C	0.25266	0.02778	0.71956
6 T	0.25266	0.03169	0.71564
7 A	0.10193	0.18360	0.71447
8 A	0.10192	0.18363	0.71444
9 G	0.09054	0.19547	0.71398
10 G	0.09053	0.23163	0.67784
11 G	0.08964	0.23606	0.67429
12 A	0.08151	0.24815	0.67034
13 A	0.07636	0.26165	0.66199
14 T	0.07635	0.26165	0.66199
15 T	0.07635	0.36222	0.56142
16 T	0.07599	0.36259	0.56142
17 T	0.07499	0.36476	0.56025
18 A	0.07493	0.36895	0.55612
19 G	0.07414	0.37254	0.55332
20 G	0.07199	0.43621	0.4918
21 A	0.06805	0.44075	0.49119
22 A	0.06787	0.44786	0.48428
23 A	0.06742	0.45101	0.48157
24 A	0.06735	0.45240	0.48025
25 A	0.06763	0.44971	0.48265
26 A	0.06812	0.44646	0.48542
27 A	0.07120	0.42986	0.49894
28 A	0.07734	0.40371	0.51894
29 T	0.08198	0.38766	0.53036
30 A	0.08502	0.27036	0.64461
31 G	0.08631	0.26716	0.64653
32 G	0.08863	0.25753	0.65384
33 A	0.11672	0.24729	0.63599
34 A	0.12046	0.24758	0.63197
35 T	0.13394	0.22872	0.63735
36 G	0.14122	0.21791	0.64087
37 A	0.14415	0.21564	0.64021
38 C	0.22862	0.13099	0.64039
39 T	0.22997	0.13963	0.63041
40 C	0.23328	0.13733	0.6294
41 A	0.23694	0.13893	0.62412
42 G	0.24294	0.13546	0.62161
43 G	0.29257	0.08614	0.62129
44 T	0.29584	0.08130	0.62286
45 T	0.30234	0.07482	0.62283
46 T	0.30376	0.07269	0.62354
47 T	0.30336	0.07276	0.62389
48 C	0.30282	0.07322	0.62395
49 A	0.30104	0.07584	0.62312
50 C	0.30037	0.07652	0.62311
51 T	0.30037	0.07701	0.62262
52 G	0.30022	0.07768	0.62209
53 A	0.30034	0.07806	0.62159
54 A	0.29786	0.08081	0.62132
55 G	0.29868	0.08010	0.62122
56 A	0.31449	0.06371	0.62179
57 A	0.31989	0.05746	0.62265
58 G	0.32241	0.05419	0.6234
59 G	0.32568	0.04988	0.62444
60 A	0.32970	0.04502	0.62529
61 T	0.33571	0.03831	0.62598
62 T	0.34501	0.02740	0.62759
63 T	0.34692	0.02529	0.62779
64 T	0.34865	0.02387	0.62748
65 T	0.34899	0.02427	0.62673
66 A	0.34861	0.02496	0.62642
67 A	0.34891	0.02376	0.62733
68 T	0.34895	0.02276	0.62829
69 T	0.34879	0.02153	0.62968
70 C	0.34848	0.02046	0.63106
71 C	0.34851	0.01999	0.63149
72 T	0.34909	0.01935	0.63157
73 G	0.34875	0.01965	0.63159
74 T	0.34907	0.01938	0.63154
75 T	0.34781	0.02074	0.63145
76 A	0.34494	0.02368	0.63138
77 C	0.34407	0.02075	0.63518
78 T	0.34314	0.02113	0.63573
79 G	0.34205	0.02267	0.63527
80 T	0.34176	0.02321	0.63502
81 A	0.34095	0.02497	0.63409
82 G	0.34071	0.02557	0.63372
83 T	0.34101	0.02525	0.63374
84 T	0.34111	0.02520	0.63369
85 G	0.34115	0.02500	0.63385
86 A	0.34157	0.02447	0.63396
87 T	0.34271	0.02299	0.63429
88 G	0.34359	0.02154	0.63487
89 T	0.34408	0.02055	0.63536
90 G	0.34407	0.02010	0.63583
91 T	0.34410	0.01999	0.63591
92 C	0.34380	0.02024	0.63596
93 T	0.34322	0.02171	0.63508
94 A	0.34180	0.02566	0.63254
95 A	0.33924	0.03074	0.63003
96 T	0.33492	0.03808	0.627
97 A	0.32406	0.05383	0.62212
98 A	0.32082	0.05663	0.62255
99 T	0.31847	0.05612	0.62542
100 G	0.31558	0.05830	0.62612
101 T	0.31484	0.05838	0.62678
102 T	0.31385	0.05965	0.62649
103 G	0.31180	0.06372	0.62448
104 T	0.31082	0.07023	0.61894
105 T	0.30659	0.07726	0.61615
106 T	0.29220	0.09565	0.61216
107 T	0.25917	0.13454	0.60629
108 A	0.21544	0.18062	0.60395
109 C	0.18157	0.21591	0.60252
110 A	0.15591	0.24497	0.59911
111 A	0.13919	0.26405	0.59675
112 C	0.13075	0.27428	0.59498
113 A	0.12517	0.28270	0.59213
114 A	0.12190	0.28687	0.59123
115 A	0.12003	0.28899	0.59098
116 A	0.12038	0.28826	0.59135
117 A	0.12276	0.28492	0.59233
118 A	0.12545	0.27877	0.59578
119 A	0.12927	0.26948	0.60125
120 T	0.13472	0.25199	0.61329
121 T	0.13620	0.24659	0.61722
122 T	0.13591	0.24421	0.61988
123 G	0.13369	0.24686	0.61944
124 G	0.13239	0.25202	0.61559
125 A	0.13188	0.25669	0.61144
126 A	0.13224	0.25685	0.61092
127 A	0.13686	0.25114	0.61201
128 A	0.13954	0.24171	0.61875
129 A	0.14041	0.22138	0.63821
130 G	0.14295	0.17993	0.67712
131 A	0.13757	0.14857	0.71386
132 T	0.13686	0.12454	0.7386
133 G	0.13570	0.11786	0.74645
134 G	0.13391	0.13666	0.72943
135 T	0.13304	0.13781	0.72915
136 T	0.12889	0.14286	0.72825
137 A	0.12040	0.15439	0.72521
138 T	0.11485	0.16156	0.7236
139 C	0.10054	0.17628	0.72317
140 A	0.08782	0.19057	0.72161
141 A	0.07958	0.19950	0.72091
142 G	0.07718	0.20182	0.721
143 C	0.07648	0.20245	0.72108
144 G	0.07607	0.20283	0.72111
145 A	0.07646	0.20207	0.72147
146 C	0.07959	0.19759	0.72282
147 A	0.08479	0.19219	0.72302
148 C	0.09022	0.18643	0.72335
149 A	0.09275	0.18379	0.72347
150 A	0.09501	0.18146	0.72353
151 T	0.09749	0.17859	0.72392
152 T	0.09820	0.17469	0.72711
153 A	0.09576	0.17494	0.7293
154 G	0.09813	0.16185	0.74002
155 G	0.10499	0.15131	0.7437
156 A	0.11908	0.13271	0.74822
157 T	0.14467	0.09909	0.75624
158 T	0.14953	0.08801	0.76246
159 T	0.15109	0.08073	0.76819
160 G	0.15158	0.07343	0.77498
161 A	0.15301	0.06830	0.7787
162 T	0.15307	0.05686	0.79007
163 T	0.14999	0.05139	0.79862
164 C	0.14547	0.05320	0.80132
165 T	0.13802	0.07956	0.78242
166 A	0.10808	0.14911	0.74281
167 A	0.07036	0.23379	0.69586
168 A	0.05054	0.29505	0.65441
169 A	0.04147	0.32876	0.62977
170 A	0.03874	0.33875	0.62251
171 A	0.03782	0.34484	0.61734
172 G	0.03788	0.34638	0.61575
173 A	0.03814	0.34773	0.61413
174 A	0.03814	0.34826	0.61361
175 A	0.03861	0.34705	0.61433
176 A	0.03741	0.34583	0.61676
177 A	0.03726	0.34353	0.61921
178 T	0.03909	0.33937	0.62154
179 T	0.03935	0.33933	0.62132
180 A	0.03883	0.34272	0.61845
181 A	0.03844	0.34734	0.61421
182 T	0.03859	0.34769	0.61372
183 G	0.03761	0.34785	0.61454
184 A	0.03731	0.34882	0.61387
185 A	0.03773	0.34815	0.61412
186 A	0.04115	0.34018	0.61867
187 A	0.04714	0.32806	0.6248
188 A	0.06802	0.29721	0.63477
189 A	0.10550	0.22714	0.66737
190 C	0.15439	0.13846	0.70714
191 C	0.19798	0.08027	0.72175
192 T	0.22390	0.05129	0.72481
193 C	0.22947	0.04523	0.7253
194 T	0.23270	0.04248	0.72482
195 T	0.23246	0.04338	0.72416
196 T	0.22940	0.04716	0.72344
197 T	0.22118	0.05647	0.72234
198 A	0.20485	0.07369	0.72145
199 G	0.19519	0.08028	0.72453
200 G	0.19166	0.08195	0.72639
201 A	0.19006	0.08361	0.72633
202 C	0.19101	0.08216	0.72683
203 A	0.19493	0.08470	0.72037
204 T	0.20211	0.08560	0.71229
205 T	0.20448	0.09037	0.70515
206 T	0.20477	0.09208	0.70314
207 T	0.20374	0.09750	0.69876
208 A	0.19703	0.12100	0.68197
209 A	0.17423	0.16108	0.66469
210 A	0.12091	0.21775	0.66134
211 A	0.07640	0.26576	0.65784
212 A	0.06089	0.28238	0.65673
213 G	0.05292	0.29098	0.6561
214 A	0.04769	0.29686	0.65545
215 A	0.04510	0.29922	0.65568
216 T	0.04441	0.29878	0.65681
217 A	0.04387	0.29830	0.65783
218 A	0.04408	0.29594	0.65998
219 A	0.04466	0.29083	0.66451
220 A	0.04593	0.28039	0.67368
221 T	0.04704	0.26323	0.68973
222 C	0.04726	0.25372	0.69902
223 G	0.04762	0.25130	0.70108
224 A	0.04818	0.25001	0.70181
225 A	0.04891	0.24887	0.70222
226 C	0.05528	0.24184	0.70289
227 C	0.06442	0.23261	0.70297
228 T	0.07430	0.22257	0.70312
229 A	0.07676	0.22017	0.70306
230 A	0.08124	0.21510	0.70366
231 A	0.09662	0.19655	0.70682
232 T	0.11405	0.15881	0.72714
233 A	0.11725	0.09973	0.78302
234 T	0.12146	0.04793	0.83061
235 T	0.12253	0.02965	0.84782
236 T	0.12292	0.02129	0.8558
237 T	0.12280	0.01705	0.86015
238 G	0.12214	0.01576	0.8621
239 T	0.12189	0.01490	0.86321
240 T	0.12129	0.01467	0.86405
241 A	0.12034	0.01638	0.86328
242 G	0.11939	0.01794	0.86267
243 A	0.11442	0.02457	0.86102
244 G	0.11276	0.02648	0.86076
245 A	0.11230	0.02765	0.86005
246 A	0.11224	0.02907	0.85869
247 A	0.11261	0.02841	0.85898
248 T	0.11318	0.02697	0.85985
249 T	0.11342	0.02622	0.86035
250 T	0.11349	0.02579	0.86072
251 C	0.11344	0.02570	0.86086
252 T	0.11362	0.02595	0.86042
253 T	0.11354	0.02721	0.85925
254 T	0.11286	0.02916	0.85799
255 T	0.11200	0.03090	0.8571
256 G	0.11083	0.03222	0.85695
257 G	0.11027	0.03283	0.8569
258 T	0.11027	0.03266	0.85707
259 T	0.11020	0.03261	0.85719
260 C	0.11002	0.03258	0.8574
261 T	0.11046	0.03352	0.85602
262 A	0.11031	0.03833	0.85137
263 A	0.11053	0.03971	0.84977
264 T	0.11140	0.03888	0.84971
265 A	0.11162	0.03866	0.84973
266 T	0.11292	0.03261	0.85447
267 A	0.11306	0.03112	0.85582
268 G	0.11399	0.02973	0.85628
269 T	0.11569	0.02801	0.8563
270 T	0.11595	0.02810	0.85595
271 A	0.11575	0.02943	0.85481
272 A	0.11533	0.03115	0.85353
273 T	0.11440	0.03355	0.85205
274 G	0.11297	0.03832	0.84871
275 A	0.11192	0.04675	0.84133
276 A	0.11214	0.05169	0.83616
277 T	0.11335	0.05022	0.83643
278 T	0.11360	0.04951	0.83689
279 A	0.11203	0.05064	0.83733
280 T	0.11165	0.05077	0.83758
281 C	0.11092	0.05142	0.83766
282 A	0.10977	0.05294	0.83729
283 G	0.10958	0.05300	0.83741
284 A	0.11104	0.05171	0.83725
285 T	0.11571	0.04677	0.83752
286 T	0.11674	0.04561	0.83765
287 T	0.11523	0.04644	0.83832
288 A	0.11003	0.05102	0.83895
289 C	0.10562	0.05494	0.83944
290 C	0.09915	0.06196	0.83889
291 A	0.08987	0.07477	0.83536
292 G	0.08342	0.08600	0.83058
293 A	0.08004	0.09288	0.82708
294 A	0.07864	0.09559	0.82577
295 G	0.07849	0.09529	0.82622
296 G	0.07932	0.09307	0.82761
297 A	0.08257	0.08833	0.82911
298 A	0.08955	0.07965	0.83081
299 C	0.09480	0.07283	0.83237
300 T	0.09595	0.07142	0.83263
301 A	0.09644	0.07049	0.83307
302 T	0.09715	0.06841	0.83445
303 T	0.09743	0.06750	0.83506
304 T	0.09743	0.06701	0.83557
305 T	0.09725	0.06587	0.83688
306 A	0.09613	0.06644	0.83743
307 G	0.09491	0.06692	0.83817
308 A	0.09335	0.06851	0.83814
309 A	0.08863	0.07280	0.83856
310 A	0.08319	0.07867	0.83814
311 A	0.08095	0.07873	0.84032
312 A	0.08030	0.07661	0.84309
313 A	0.08109	0.06957	0.84934
314 A	0.08465	0.05690	0.85844
315 T	0.08969	0.04543	0.86489
316 T	0.09247	0.03957	0.86796
317 T	0.09294	0.03792	0.86915
318 A	0.09229	0.03852	0.86918
319 T	0.09196	0.03786	0.87017
320 T	0.09157	0.03784	0.87059
321 T	0.09109	0.03836	0.87055
322 T	0.09037	0.03895	0.87068
323 C	0.08870	0.04048	0.87082
324 T	0.08682	0.04252	0.87066
325 T	0.08501	0.04456	0.87042
326 C	0.08056	0.04941	0.87002
327 G	0.07719	0.05508	0.86774
328 A	0.07605	0.06102	0.86294
329 A	0.07563	0.06215	0.86223
330 A	0.07475	0.06300	0.86226
331 G	0.07504	0.06178	0.86318
332 A	0.07570	0.05663	0.86768
333 A	0.07838	0.04888	0.87274
334 A	0.08131	0.04345	0.87525
335 T	0.08335	0.04005	0.87661
336 T	0.08392	0.03896	0.87712
337 A	0.08388	0.03923	0.87689
338 T	0.08394	0.03936	0.8767
339 A	0.08380	0.04031	0.87589
340 G	0.08386	0.04067	0.87547
341 A	0.08452	0.04220	0.87328
342 T	0.08449	0.04463	0.87088
343 G	0.08361	0.04588	0.87052
344 T	0.08266	0.04748	0.86985
345 A	0.07102	0.06032	0.86866
346 A	0.06616	0.06491	0.86894
347 C	0.06432	0.06464	0.87104
348 A	0.06312	0.06635	0.87053
349 G	0.06334	0.06413	0.87253
350 G	0.06556	0.06098	0.87346
351 T	0.07010	0.05646	0.87343
352 A	0.07097	0.05622	0.87281
353 T	0.07176	0.05420	0.87405
354 T	0.07177	0.05379	0.87444
355 A	0.07147	0.05411	0.87443
356 A	0.07140	0.05421	0.87439
357 C	0.07129	0.05407	0.87465
358 A	0.07133	0.05406	0.87461
359 A	0.07150	0.05375	0.87475
360 A	0.07209	0.05284	0.87507
361 G	0.07274	0.05189	0.87537
362 C	0.07394	0.05027	0.87579
363 A	0.07479	0.04905	0.87616
364 A	0.07754	0.04591	0.87656
365 A	0.08064	0.04234	0.87703
366 A	0.08248	0.03952	0.87799
367 G	0.08447	0.03622	0.87932
368 G	0.08741	0.02093	0.89166
369 T	0.09038	0.01342	0.89619
370 T	0.09209	0.00962	0.89829
371 T	0.09327	0.00708	0.89964
372 T	0.09380	0.00616	0.90004
373 T	0.09398	0.00576	0.90025
374 C	0.09327	0.00619	0.90054
375 T	0.09350	0.00582	0.90068
376 G	0.09290	0.00629	0.90081
377 G	0.09263	0.00647	0.9009
378 C	0.09268	0.00628	0.90104
379 T	0.09284	0.00640	0.90076
380 C	0.09250	0.00697	0.90054
381 T	0.09242	0.00809	0.89949
382 A	0.09222	0.01411	0.89367
383 T	0.09210	0.01577	0.89213
384 T	0.09188	0.01700	0.89112
385 A	0.09083	0.01976	0.8894
386 A	0.08927	0.02161	0.88912
387 A	0.08871	0.02211	0.88918
388 A	0.08848	0.02231	0.88921
389 G	0.08837	0.02235	0.88928
390 A	0.08839	0.02232	0.88929
391 C	0.08850	0.02221	0.88929
392 A	0.08855	0.02246	0.889
393 T	0.08832	0.02271	0.88898
394 A	0.08792	0.02323	0.88886
395 A	0.08777	0.02337	0.88887
396 T	0.08782	0.02318	0.889
397 C	0.08758	0.02235	0.89007
398 A	0.08741	0.02224	0.89035
399 A	0.08736	0.02170	0.89094
400 A	0.08746	0.02125	0.89129
401 G	0.08763	0.02081	0.89156
402 C	0.08856	0.01966	0.89179
403 C	0.08943	0.01826	0.8923
404 G	0.09078	0.01678	0.89244
405 T	0.09588	0.01149	0.89263
406 G	0.09704	0.01023	0.89273
407 G	0.09783	0.00931	0.89286
408 T	0.09925	0.00700	0.89375
409 C	0.09944	0.00505	0.8955
410 C	0.09945	0.00452	0.89603
411 T	0.09942	0.00448	0.89609
412 G	0.09927	0.00473	0.89601
413 A	0.09919	0.00489	0.89592
414 A	0.09920	0.00486	0.89593
415 A	0.09946	0.00447	0.89608
416 G	0.09941	0.00393	0.89666
417 T	0.09951	0.00323	0.89726
418 C	0.09938	0.00311	0.89751
419 A	0.09923	0.00354	0.89723
420 T	0.09924	0.00367	0.89708
421 G	0.09922	0.00367	0.89712
422 G	0.09921	0.00367	0.89712
423 T	0.09921	0.00372	0.89707
424 T	0.09919	0.00374	0.89707
425 C	0.09906	0.00389	0.89704
426 T	0.09879	0.00430	0.8969
427 A	0.09848	0.00484	0.89668
428 G	0.09837	0.00505	0.89658
429 A	0.09829	0.00515	0.89656
430 T	0.09827	0.00518	0.89656
431 A	0.09822	0.00514	0.89664
432 T	0.09807	0.00499	0.89694
433 C	0.09774	0.00521	0.89705
434 A	0.09755	0.00545	0.897
435 T	0.09757	0.00543	0.897
436 A	0.09749	0.00561	0.89689
437 G	0.09743	0.00566	0.89691
438 A	0.09741	0.00566	0.89693
439 A	0.09742	0.00544	0.89714
440 G	0.09745	0.00521	0.89734
441 A	0.09755	0.00490	0.89755
442 C	0.09786	0.00439	0.89775
443 C	0.09818	0.00402	0.89779
444 T	0.09831	0.00392	0.89777
445 G	0.09834	0.00389	0.89777
446 G	0.09842	0.00381	0.89778
447 T	0.09854	0.00368	0.89778
448 T	0.09858	0.00355	0.89788
449 C	0.09858	0.00319	0.89823
450 T	0.09863	0.00292	0.89844
451 A	0.09843	0.00309	0.89848
452 T	0.09834	0.00312	0.89854
453 G	0.09806	0.00336	0.89859
454 G	0.09800	0.00333	0.89866
455 G	0.09801	0.00302	0.89897
456 T	0.09808	0.00259	0.89932
457 C	0.09814	0.00233	0.89953
458 C	0.09821	0.00225	0.89954
459 T	0.09827	0.00232	0.8994
460 A	0.09813	0.00285	0.89902
461 T	0.09800	0.00324	0.89876
462 T	0.09745	0.00409	0.89846
463 A	0.09601	0.00633	0.89767
464 A	0.09478	0.00820	0.89702
465 A	0.09384	0.00934	0.89682
466 G	0.09311	0.01011	0.89679
467 G	0.09272	0.01063	0.89665
468 T	0.09258	0.01103	0.89639
469 A	0.09243	0.01166	0.89591
470 A	0.09239	0.01188	0.89573
471 T	0.09240	0.01196	0.89563
472 A	0.09239	0.01192	0.8957
473 T	0.09240	0.01175	0.89584
474 T	0.09230	0.01163	0.89607
475 A	0.09204	0.01184	0.89612
476 C	0.09182	0.01186	0.89632
477 A	0.09153	0.01218	0.89629
478 G	0.09126	0.01246	0.89628
479 G	0.09038	0.01339	0.89623
480 T	0.08993	0.01393	0.89614
481 A	0.08928	0.01474	0.89598
482 A	0.08908	0.01500	0.89592
483 A	0.08938	0.01467	0.89595
484 A	0.08962	0.01436	0.89602
485 A	0.08989	0.01354	0.89657
486 A	0.09069	0.01126	0.89805
487 T	0.09149	0.00915	0.89935
488 T	0.09176	0.00801	0.90022
489 A	0.09183	0.00739	0.90078
490 C	0.09196	0.00688	0.90115
491 C	0.09221	0.00665	0.90115
492 T	0.09259	0.00629	0.90112
493 G	0.09267	0.00626	0.90107
494 G	0.09271	0.00628	0.90101
495 T	0.09268	0.00646	0.90087
496 C	0.09265	0.00666	0.90069
497 A	0.09262	0.00689	0.90049
498 A	0.09267	0.00676	0.90057
499 T	0.09274	0.00654	0.90072
500 T	0.09278	0.00642	0.90081
501 A	0.09275	0.00627	0.90099
502 G	0.09275	0.00518	0.90207
503 G	0.09281	0.00459	0.9026
504 G	0.09289	0.00418	0.90293
505 C	0.09295	0.00448	0.90257
506 A	0.09286	0.00592	0.90122
507 T	0.09289	0.00600	0.90111
508 G	0.09272	0.00628	0.90099
509 A	0.09248	0.00666	0.90085
510 G	0.09227	0.00695	0.90079
511 C	0.09225	0.00713	0.90062
512 A	0.09227	0.00748	0.90024
513 A	0.09233	0.00779	0.89988
514 G	0.09250	0.00761	0.89989
515 T	0.09271	0.00738	0.89991
516 T	0.09281	0.00726	0.89993
517 A	0.09287	0.00710	0.90003
518 C	0.09299	0.00689	0.90012
519 T	0.09315	0.00669	0.90016
520 T	0.09327	0.00653	0.90019
521 T	0.09310	0.00669	0.90021
522 G	0.09253	0.00727	0.90019
523 C	0.09226	0.00756	0.90019
524 A	0.09204	0.00778	0.90017
525 A	0.09198	0.00783	0.90019
526 A	0.09209	0.00772	0.9002
527 A	0.09243	0.00732	0.90024
528 T	0.09317	0.00649	0.90033
529 T	0.09438	0.00496	0.90066
530 T	0.09449	0.00468	0.90083
531 A	0.09452	0.00443	0.90105
532 A	0.09464	0.00408	0.90128
533 C	0.09473	0.00376	0.90151
534 T	0.09489	0.00356	0.90154
535 C	0.09500	0.00345	0.90155
536 T	0.09522	0.00327	0.90151
537 T	0.09488	0.00371	0.90141
538 T	0.09411	0.00467	0.90122
539 A	0.09287	0.00618	0.90095
540 T	0.09197	0.00734	0.9007
541 A	0.09062	0.00886	0.90053
542 G	0.08931	0.01023	0.90046
543 T	0.08830	0.01125	0.90045
544 G	0.08698	0.01246	0.90055
545 T	0.08657	0.01260	0.90083
546 T	0.08593	0.01317	0.9009
547 G	0.08497	0.01398	0.90105
548 A	0.08444	0.01445	0.90112
549 T	0.08422	0.01461	0.90117
550 T	0.08395	0.01485	0.9012
551 C	0.08362	0.01516	0.90122
552 A	0.08314	0.01571	0.90115
553 G	0.08236	0.01654	0.90109
554 A	0.08181	0.01719	0.901
555 T	0.08155	0.01752	0.90092
556 A	0.08123	0.01805	0.90072
557 A	0.08103	0.01827	0.90069
558 G	0.08083	0.01827	0.9009
559 G	0.08080	0.01825	0.90095
560 G	0.08088	0.01786	0.90126
561 A	0.08107	0.01726	0.90167
562 A	0.08136	0.01605	0.90258
563 T	0.08177	0.01489	0.90335
564 A	0.08214	0.01334	0.90452
565 T	0.08260	0.01123	0.90617
566 T	0.08286	0.00955	0.90759
567 T	0.08298	0.00845	0.90858
568 T	0.08302	0.00846	0.90851
569 T	0.08303	0.00838	0.90858
570 G	0.08291	0.00839	0.90869
571 A	0.08285	0.00894	0.90822
572 T	0.08282	0.00919	0.90799
573 T	0.08264	0.00993	0.90743
574 A	0.08219	0.01152	0.90628
575 A	0.08147	0.01234	0.9062
576 A	0.07867	0.01491	0.90642
577 G	0.07656	0.01720	0.90624
578 G	0.07500	0.02052	0.90448
579 A	0.07424	0.02510	0.90067
580 A	0.07400	0.03089	0.89511
581 G	0.07387	0.03327	0.89286
582 T	0.07411	0.03327	0.89262
583 A	0.07408	0.03333	0.8926
584 T	0.07431	0.03311	0.89259
585 T	0.07424	0.03320	0.89256
586 C	0.07383	0.03363	0.89254
587 C	0.07355	0.03399	0.89246
588 A	0.07313	0.03449	0.89238
589 G	0.07291	0.03471	0.89238
590 G	0.07308	0.03454	0.89238
591 T	0.07348	0.03414	0.89237
592 C	0.07362	0.03398	0.8924
593 C	0.07400	0.03352	0.89247
594 T	0.07451	0.03313	0.89236
595 A	0.07403	0.03388	0.89209
596 A	0.07360	0.03450	0.8919
597 T	0.07451	0.03362	0.89187
598 A	0.07445	0.03343	0.89212
599 A	0.07478	0.03021	0.89501
600 A	0.07561	0.02719	0.8972
601 A	0.07775	0.02318	0.89908
602 G	0.08164	0.01823	0.90013
603 T	0.08771	0.01162	0.90066
604 T	0.08989	0.00908	0.90103
605 T	0.09015	0.00864	0.90121
606 T	0.09009	0.00849	0.90142
607 G	0.08986	0.00872	0.90143
608 T	0.08968	0.00903	0.90129
609 A	0.08899	0.01008	0.90092
610 A	0.08865	0.01087	0.90048
611 T	0.08828	0.01141	0.90031
612 T	0.08689	0.01358	0.89953
613 A	0.08126	0.02199	0.89674
614 T	0.07769	0.02666	0.89565
615 A	0.07172	0.03419	0.89409
616 A	0.06856	0.03741	0.89404
617 A	0.06762	0.03819	0.89419
618 A	0.06701	0.03811	0.89489
619 T	0.06662	0.03728	0.8961
620 C	0.06505	0.03861	0.89633
621 T	0.06347	0.04046	0.89607
622 G	0.06103	0.04313	0.89583
623 C	0.05935	0.04536	0.89529
624 T	0.05825	0.04770	0.89405
625 G	0.05731	0.05018	0.89251
626 T	0.05643	0.05342	0.89015
627 T	0.05472	0.05750	0.88778
628 A	0.05172	0.06449	0.88379
629 A	0.05109	0.06563	0.88329
630 A	0.05092	0.06589	0.8832
631 A	0.05095	0.06588	0.88317
632 A	0.05149	0.06474	0.88377
633 A	0.05231	0.06327	0.88442
634 A	0.05301	0.06170	0.88529
635 A	0.05425	0.05849	0.88727
636 T	0.05687	0.05047	0.89267
637 A	0.05786	0.04635	0.89579
638 A	0.05914	0.03997	0.90088
639 G	0.05947	0.03653	0.904
640 G	0.05983	0.03491	0.90527
641 A	0.06017	0.03361	0.90622
642 A	0.06049	0.03233	0.90718
643 G	0.06104	0.02967	0.9093
644 T	0.06230	0.02644	0.91126
645 A	0.06304	0.02328	0.91367
646 T	0.06445	0.01951	0.91604
647 C	0.06571	0.01639	0.9179
648 A	0.06735	0.01378	0.91887
649 T	0.06980	0.00995	0.92024
650 G	0.07196	0.00610	0.92195
651 A	0.07564	0.00000	0.92436
