# lcl|CP097583.1_cds_USQ93324.1_1
# AA	inside	membr	outside
1 A	0.72253	0.00000	0.27748
2 T	0.71685	0.00568	0.27748
3 G	0.71042	0.01211	0.27748
4 G	0.71042	0.02500	0.26458
5 A	0.58720	0.17740	0.23541
6 A	0.58720	0.18284	0.22997
7 C	0.22802	0.54397	0.22802
8 A	0.22801	0.54413	0.22787
9 A	0.20088	0.57361	0.22551
10 A	0.20084	0.71207	0.08709
11 A	0.19872	0.72158	0.0797
12 A	0.17148	0.75166	0.07687
13 G	0.10683	0.83546	0.05771
14 A	0.10682	0.83548	0.05771
15 A	0.10682	0.85588	0.0373
16 A	0.10485	0.85785	0.0373
17 A	0.10298	0.85978	0.03724
18 T	0.10291	0.85993	0.03716
19 C	0.09743	0.86550	0.03708
20 A	0.06562	0.90320	0.03119
21 A	0.02388	0.94489	0.03123
22 G	0.02235	0.94778	0.02986
23 A	0.02175	0.94952	0.02873
24 A	0.02155	0.95064	0.02781
25 A	0.02258	0.93847	0.03894
26 A	0.02323	0.92535	0.05141
27 A	0.03246	0.88933	0.07821
28 G	0.05560	0.75222	0.19218
29 A	0.06204	0.73053	0.20743
30 C	0.07324	0.41747	0.5093
31 A	0.07551	0.41243	0.51205
32 G	0.08102	0.38428	0.5347
33 C	0.18962	0.27426	0.53612
34 A	0.19604	0.27422	0.52973
35 G	0.20165	0.25732	0.54103
36 A	0.22262	0.18827	0.5891
37 T	0.22761	0.18669	0.5857
38 T	0.24378	0.17319	0.58302
39 T	0.24191	0.24739	0.5107
40 A	0.23847	0.29169	0.46985
41 A	0.23618	0.32452	0.4393
42 A	0.23602	0.38371	0.38027
43 A	0.24062	0.35745	0.40193
44 G	0.23856	0.42930	0.33214
45 T	0.23982	0.44270	0.31747
46 A	0.24023	0.45699	0.30278
47 T	0.23797	0.48448	0.27755
48 A	0.22509	0.52661	0.2483
49 A	0.21784	0.58486	0.1973
50 G	0.21517	0.60130	0.18354
51 T	0.21596	0.61072	0.17333
52 A	0.21431	0.63046	0.15524
53 T	0.21471	0.63341	0.15188
54 A	0.21648	0.63331	0.15021
55 T	0.21822	0.63121	0.15057
56 T	0.21878	0.63075	0.15047
57 C	0.21613	0.63191	0.15196
58 G	0.21260	0.63647	0.15093
59 G	0.21363	0.63579	0.15058
60 A	0.21759	0.63179	0.15062
61 C	0.22340	0.62580	0.15079
62 A	0.29415	0.55531	0.15053
63 A	0.34308	0.50437	0.15255
64 C	0.38831	0.45745	0.15423
65 A	0.44877	0.39918	0.15204
66 A	0.46491	0.38756	0.14754
67 T	0.56820	0.28334	0.14846
68 T	0.57480	0.27683	0.14837
69 A	0.56300	0.29180	0.14521
70 A	0.57390	0.27657	0.14954
71 A	0.59231	0.24474	0.16295
72 T	0.64074	0.18727	0.172
73 T	0.63588	0.18832	0.17579
74 C	0.62762	0.19464	0.17773
75 A	0.63052	0.19172	0.17776
76 A	0.63083	0.19085	0.17832
77 T	0.63200	0.18836	0.17963
78 T	0.62796	0.19170	0.18034
79 T	0.62156	0.19740	0.18104
80 T	0.61651	0.19614	0.18736
81 A	0.60696	0.20121	0.19184
82 A	0.59852	0.20576	0.19573
83 T	0.59347	0.20689	0.19964
84 G	0.58477	0.21279	0.20244
85 C	0.58302	0.21229	0.20469
86 A	0.58118	0.21430	0.20452
87 A	0.58012	0.21502	0.20486
88 A	0.58257	0.21132	0.2061
89 T	0.58808	0.20351	0.2084
90 T	0.58993	0.20015	0.20992
91 A	0.59099	0.18227	0.22674
92 T	0.59400	0.15088	0.25512
93 T	0.59426	0.13290	0.27284
94 G	0.59419	0.11845	0.28736
95 T	0.59423	0.11146	0.29431
96 T	0.59351	0.09673	0.30976
97 G	0.59205	0.08406	0.3239
98 T	0.59248	0.07515	0.33237
99 T	0.59186	0.07072	0.33743
100 G	0.58925	0.06915	0.34159
101 T	0.58703	0.06511	0.34786
102 T	0.58295	0.06242	0.35462
103 T	0.57454	0.06749	0.35797
104 T	0.56146	0.07570	0.36284
105 G	0.54447	0.08832	0.36721
106 G	0.53886	0.09494	0.36621
107 T	0.53677	0.09560	0.36763
108 A	0.53203	0.09935	0.36862
109 T	0.52922	0.09979	0.37099
110 T	0.52691	0.10080	0.37229
111 T	0.52213	0.10610	0.37177
112 C	0.51865	0.11013	0.37122
113 A	0.51731	0.11366	0.36903
114 T	0.51704	0.11507	0.36789
115 A	0.51674	0.11905	0.36421
116 T	0.51671	0.12216	0.36113
117 T	0.51555	0.12826	0.35619
118 T	0.51216	0.14011	0.34772
119 A	0.50082	0.16625	0.33293
120 T	0.49150	0.18740	0.32111
121 A	0.47786	0.21282	0.30931
122 A	0.47327	0.22319	0.30355
123 A	0.47068	0.23181	0.29751
124 G	0.46892	0.23727	0.29381
125 A	0.46779	0.24489	0.28731
126 A	0.46737	0.25159	0.28105
127 T	0.46299	0.26553	0.27149
128 G	0.44778	0.31385	0.23837
129 G	0.44500	0.34173	0.21327
130 G	0.44343	0.34667	0.2099
131 A	0.44082	0.35169	0.20749
132 T	0.43774	0.35428	0.20798
133 G	0.42602	0.37126	0.20272
134 C	0.42074	0.38161	0.19765
135 A	0.40862	0.44137	0.15001
136 G	0.40040	0.47981	0.11978
137 A	0.39652	0.51314	0.09033
138 A	0.39701	0.52609	0.0769
139 A	0.39931	0.53350	0.06719
140 A	0.40375	0.52815	0.0681
141 A	0.41170	0.51655	0.07175
142 A	0.42567	0.49183	0.0825
143 T	0.44038	0.46766	0.09197
144 C	0.44973	0.44854	0.10173
145 A	0.45545	0.44358	0.10097
146 A	0.46294	0.43799	0.09906
147 A	0.47162	0.42938	0.09901
148 A	0.48371	0.41607	0.10022
149 A	0.50427	0.39333	0.1024
150 A	0.53226	0.35377	0.11398
151 T	0.58696	0.27878	0.13426
152 T	0.61285	0.24478	0.14237
153 T	0.61914	0.23244	0.14843
154 A	0.62354	0.22325	0.15321
155 A	0.63072	0.21025	0.15903
156 T	0.64355	0.18456	0.17189
157 A	0.65613	0.16614	0.17774
158 T	0.70948	0.10062	0.1899
159 T	0.73908	0.06257	0.19834
160 T	0.76032	0.03870	0.20098
161 C	0.76732	0.03168	0.201
162 T	0.77477	0.02721	0.19802
163 T	0.77593	0.02830	0.19577
164 T	0.77690	0.03020	0.1929
165 T	0.77803	0.03569	0.18628
166 T	0.77834	0.03960	0.18207
167 T	0.77850	0.04646	0.17503
168 A	0.77908	0.05823	0.16269
169 T	0.78164	0.06649	0.15188
170 T	0.78270	0.07638	0.14092
171 T	0.78278	0.07770	0.13952
172 T	0.78275	0.07966	0.13759
173 T	0.78264	0.08095	0.13641
174 T	0.78209	0.08273	0.13518
175 C	0.78064	0.08584	0.13352
176 T	0.77951	0.08925	0.13125
177 A	0.77720	0.09405	0.12874
178 A	0.77552	0.09703	0.12745
179 A	0.77475	0.09796	0.12729
180 A	0.77488	0.09792	0.12719
181 A	0.77551	0.09734	0.12715
182 A	0.77740	0.09549	0.12712
183 C	0.78157	0.09124	0.12718
184 T	0.78662	0.08647	0.12691
185 T	0.79022	0.08349	0.12629
186 T	0.79037	0.08500	0.12462
187 A	0.78959	0.08601	0.1244
188 T	0.79344	0.08214	0.12443
189 G	0.79513	0.07974	0.12513
190 G	0.80245	0.07168	0.12587
191 C	0.81540	0.05777	0.12683
192 T	0.82813	0.04487	0.127
193 T	0.83634	0.03648	0.12718
194 T	0.83704	0.03568	0.12729
195 T	0.83615	0.03663	0.12721
196 C	0.83259	0.04032	0.1271
197 A	0.83072	0.04154	0.12774
198 T	0.82950	0.04115	0.12935
199 T	0.82412	0.04539	0.13049
200 T	0.79563	0.07262	0.13175
201 C	0.74050	0.12691	0.13259
202 C	0.70044	0.16635	0.1332
203 A	0.66500	0.20260	0.13239
204 A	0.64883	0.21913	0.13205
205 A	0.64307	0.22512	0.13181
206 T	0.64201	0.22635	0.13164
207 A	0.63950	0.22928	0.13122
208 A	0.63824	0.22966	0.1321
209 T	0.63898	0.22640	0.13463
210 T	0.63862	0.22503	0.13635
211 T	0.63749	0.22663	0.13588
212 T	0.63577	0.22899	0.13524
213 A	0.63292	0.23343	0.13365
214 T	0.63157	0.23551	0.13291
215 T	0.62502	0.24321	0.13178
216 A	0.59377	0.27624	0.12999
217 A	0.57538	0.29649	0.12812
218 A	0.56397	0.30728	0.12874
219 T	0.56006	0.30671	0.13323
220 A	0.55560	0.30733	0.13707
221 A	0.55375	0.29980	0.14645
222 A	0.55340	0.28598	0.16062
223 T	0.55377	0.24312	0.20311
224 T	0.55360	0.19427	0.25213
225 T	0.55356	0.16101	0.28543
226 T	0.55346	0.13640	0.31014
227 G	0.55273	0.12743	0.31984
228 G	0.55238	0.12380	0.32382
229 A	0.55205	0.12374	0.3242
230 A	0.55183	0.12249	0.32568
231 T	0.55259	0.11987	0.32754
232 C	0.55230	0.12130	0.3264
233 G	0.55315	0.13153	0.31532
234 T	0.55532	0.14263	0.30205
235 T	0.55634	0.16669	0.27696
236 T	0.55724	0.18193	0.26082
237 A	0.55745	0.21992	0.22263
238 A	0.55791	0.23751	0.20459
239 A	0.55923	0.21798	0.2228
240 T	0.56186	0.20447	0.23367
241 T	0.56292	0.19895	0.23812
242 T	0.56264	0.20265	0.23471
243 T	0.55995	0.20621	0.23384
244 G	0.55545	0.21372	0.23083
245 T	0.55307	0.21865	0.22829
246 T	0.54889	0.22674	0.22438
247 C	0.54379	0.23856	0.21765
248 A	0.53829	0.28067	0.18104
249 A	0.53344	0.30540	0.16116
250 A	0.53106	0.32532	0.14363
251 A	0.52715	0.33213	0.14072
252 A	0.52177	0.34177	0.13645
253 A	0.51778	0.35273	0.1295
254 A	0.51887	0.35454	0.12659
255 C	0.51418	0.35979	0.12603
256 A	0.52129	0.35544	0.12326
257 A	0.53769	0.34029	0.12202
258 T	0.56618	0.31311	0.1207
259 G	0.57473	0.30850	0.11677
260 T	0.60438	0.28050	0.11511
261 A	0.61394	0.27186	0.1142
262 A	0.62258	0.26231	0.1151
263 T	0.62833	0.25536	0.1163
264 T	0.62723	0.25455	0.11822
265 A	0.62349	0.25618	0.12033
266 C	0.61962	0.25473	0.12565
267 T	0.62328	0.24757	0.12915
268 C	0.62199	0.24662	0.13139
269 C	0.62279	0.24434	0.13288
270 A	0.62639	0.24020	0.13342
271 T	0.65329	0.21252	0.13419
272 C	0.65347	0.21021	0.13632
273 A	0.65363	0.21008	0.13629
274 G	0.65247	0.20848	0.13904
275 A	0.65334	0.20290	0.14376
276 T	0.66157	0.18905	0.14938
277 A	0.66086	0.18899	0.15015
278 T	0.66362	0.17028	0.16609
279 T	0.66326	0.16129	0.17545
280 A	0.65775	0.16584	0.17641
281 A	0.65451	0.16599	0.1795
282 T	0.65654	0.15877	0.1847
283 T	0.64897	0.17086	0.18017
284 T	0.63945	0.18095	0.1796
285 A	0.61225	0.20690	0.18085
286 T	0.58657	0.23010	0.18334
287 T	0.55552	0.26073	0.18375
288 A	0.48888	0.32909	0.18203
289 C	0.46127	0.35277	0.18595
290 A	0.43625	0.39026	0.17349
291 T	0.41974	0.40819	0.17207
292 G	0.39637	0.43299	0.17065
293 A	0.38545	0.44616	0.16839
294 T	0.37895	0.45357	0.16747
295 A	0.37543	0.44795	0.17662
296 G	0.37441	0.44055	0.18504
297 A	0.37449	0.44210	0.18341
298 G	0.37583	0.44168	0.18249
299 T	0.37714	0.44277	0.18009
300 T	0.37623	0.45268	0.17109
301 A	0.36987	0.47624	0.1539
302 A	0.36659	0.48931	0.14411
303 A	0.36787	0.49042	0.14171
304 A	0.37071	0.49306	0.13623
305 A	0.37454	0.49381	0.13164
306 T	0.38478	0.47204	0.14318
307 A	0.38807	0.46178	0.15015
308 A	0.38485	0.43711	0.17804
309 A	0.38267	0.41015	0.20717
310 G	0.38868	0.37306	0.23826
311 T	0.39683	0.31789	0.28528
312 A	0.39556	0.32698	0.27746
313 T	0.40267	0.30384	0.29349
314 T	0.39355	0.30629	0.30016
315 G	0.35874	0.33844	0.30282
316 A	0.31786	0.39758	0.28456
317 C	0.29186	0.43988	0.26826
318 A	0.26784	0.50121	0.23095
319 G	0.25577	0.54135	0.20288
320 A	0.25225	0.59777	0.14998
321 T	0.25521	0.59702	0.14777
322 G	0.24630	0.60846	0.14524
323 A	0.24337	0.61213	0.14449
324 A	0.24630	0.60781	0.14589
325 C	0.24337	0.61094	0.14569
326 A	0.24442	0.61425	0.14133
327 A	0.25128	0.61269	0.13603
328 T	0.25702	0.60933	0.13364
329 A	0.25019	0.62134	0.12847
330 T	0.24549	0.62624	0.12827
331 A	0.23120	0.63590	0.1329
332 A	0.22362	0.63797	0.13841
333 A	0.21887	0.63819	0.14295
334 G	0.22466	0.62557	0.14977
335 A	0.24477	0.59718	0.15805
336 T	0.25700	0.57450	0.1685
337 A	0.26297	0.56041	0.17662
338 A	0.28019	0.51899	0.20081
339 A	0.31206	0.45319	0.23476
340 T	0.34535	0.39454	0.26011
341 T	0.37127	0.34819	0.28054
342 A	0.38576	0.32388	0.29036
343 T	0.41737	0.28524	0.29739
344 T	0.40946	0.29099	0.29956
345 A	0.39807	0.30030	0.30162
346 A	0.38465	0.30864	0.3067
347 A	0.37663	0.31133	0.31204
348 T	0.37935	0.29752	0.32313
349 G	0.37711	0.31307	0.30982
350 A	0.36744	0.35005	0.28251
351 G	0.35044	0.38895	0.26061
352 T	0.34215	0.41296	0.24489
353 T	0.31192	0.46528	0.2228
354 A	0.26999	0.50109	0.22892
355 G	0.25031	0.51274	0.23694
356 A	0.24547	0.51153	0.24301
357 A	0.24327	0.50781	0.24893
358 C	0.24275	0.49979	0.25746
359 A	0.24433	0.50169	0.25398
360 G	0.25051	0.50042	0.24907
361 G	0.25716	0.50931	0.23353
362 A	0.26375	0.53161	0.20464
363 T	0.27230	0.52704	0.20066
364 T	0.27637	0.52036	0.20327
365 A	0.27759	0.51506	0.20735
366 T	0.28022	0.50600	0.21377
367 C	0.27847	0.50655	0.21498
368 A	0.27882	0.51926	0.20192
369 A	0.28085	0.53027	0.18889
370 A	0.28733	0.54376	0.16892
371 A	0.29512	0.54674	0.15813
372 A	0.31485	0.53487	0.15028
373 A	0.34783	0.50733	0.14485
374 T	0.37932	0.45041	0.17028
375 A	0.39568	0.42131	0.183
376 T	0.41586	0.37393	0.21021
377 T	0.41351	0.35527	0.23122
378 C	0.39999	0.37633	0.22369
379 A	0.38484	0.42750	0.18766
380 A	0.36105	0.47096	0.16799
381 A	0.35079	0.49185	0.15736
382 G	0.35154	0.50093	0.14754
383 A	0.35747	0.50445	0.13809
384 A	0.37419	0.49360	0.13221
385 G	0.40137	0.46637	0.13225
386 A	0.41016	0.46735	0.12249
387 T	0.42337	0.45508	0.12155
388 A	0.42985	0.44944	0.12072
389 C	0.43900	0.43724	0.12376
390 T	0.45167	0.42906	0.11927
391 A	0.46308	0.42358	0.11334
392 A	0.48009	0.40742	0.11249
393 T	0.50913	0.37632	0.11455
394 A	0.52028	0.36432	0.1154
395 A	0.53265	0.34478	0.12258
396 A	0.56186	0.30799	0.13015
397 C	0.57923	0.27957	0.1412
398 T	0.60247	0.25398	0.14355
399 T	0.62234	0.23710	0.14055
400 A	0.63637	0.22165	0.14198
401 T	0.65930	0.19057	0.15012
402 T	0.67934	0.16321	0.15744
403 T	0.68766	0.13184	0.1805
404 C	0.69158	0.11924	0.18917
405 T	0.69592	0.11883	0.18524
406 G	0.69754	0.12437	0.17809
407 A	0.70154	0.12818	0.17028
408 G	0.70393	0.12919	0.16687
409 T	0.71935	0.12112	0.15952
410 T	0.72607	0.12121	0.15272
411 T	0.73065	0.12717	0.14218
412 A	0.72790	0.13446	0.13764
413 T	0.72964	0.13566	0.1347
414 T	0.72983	0.13508	0.13509
415 T	0.72525	0.13983	0.13492
416 C	0.69353	0.17222	0.13425
417 A	0.64629	0.22443	0.12927
418 C	0.60501	0.26613	0.12886
419 A	0.55481	0.31693	0.12826
420 A	0.50859	0.36380	0.12761
421 A	0.47441	0.39845	0.12714
422 C	0.46946	0.40357	0.12697
423 A	0.46434	0.40949	0.12617
424 A	0.46395	0.40978	0.12626
425 T	0.47332	0.39919	0.12748
426 T	0.46751	0.40398	0.1285
427 T	0.44391	0.42635	0.12975
428 T	0.41485	0.45078	0.13438
429 A	0.35151	0.51025	0.13823
430 A	0.30010	0.55812	0.14177
431 A	0.26104	0.59371	0.14526
432 T	0.25624	0.59536	0.1484
433 C	0.24192	0.60700	0.15107
434 A	0.22804	0.62180	0.15016
435 G	0.21245	0.63568	0.15187
436 T	0.19575	0.65326	0.151
437 T	0.17448	0.67608	0.14945
438 A	0.15036	0.70215	0.1475
439 A	0.13672	0.69086	0.17243
440 A	0.13407	0.65287	0.21306
441 T	0.13142	0.61548	0.2531
442 A	0.12494	0.58528	0.28977
443 A	0.12349	0.54890	0.32761
444 T	0.12225	0.51783	0.35992
445 A	0.11727	0.52033	0.3624
446 A	0.11342	0.51960	0.36698
447 T	0.11147	0.51041	0.37812
448 A	0.10599	0.51664	0.37737
449 A	0.10289	0.49331	0.4038
450 T	0.10094	0.45935	0.43971
451 G	0.09237	0.44113	0.46649
452 A	0.08595	0.40412	0.50993
453 G	0.08278	0.36804	0.54918
454 G	0.07972	0.35630	0.56397
455 A	0.07911	0.36610	0.55479
456 T	0.07948	0.36489	0.55563
457 A	0.07831	0.37037	0.55132
458 A	0.08017	0.36898	0.55085
459 T	0.08372	0.35831	0.55797
460 G	0.08519	0.37193	0.54288
461 A	0.08771	0.43627	0.47602
462 T	0.09207	0.51142	0.39651
463 A	0.08629	0.65227	0.26144
464 A	0.08240	0.72653	0.19107
465 T	0.08328	0.75062	0.1661
466 A	0.08053	0.79004	0.12943
467 A	0.08152	0.80435	0.11412
468 A	0.08784	0.80348	0.10868
469 A	0.09267	0.80177	0.10556
470 A	0.09675	0.79872	0.10453
471 T	0.10648	0.78616	0.10736
472 A	0.10326	0.79403	0.10272
473 A	0.10469	0.79309	0.10223
474 A	0.10750	0.78636	0.10613
475 G	0.11294	0.78058	0.10648
476 A	0.12213	0.76870	0.10917
477 T	0.14812	0.73970	0.11218
478 A	0.15763	0.73075	0.11162
479 A	0.16142	0.72704	0.11154
480 C	0.17536	0.70971	0.11493
481 G	0.19433	0.69389	0.11178
482 A	0.21563	0.67479	0.10958
483 A	0.25864	0.63364	0.10772
484 G	0.34736	0.54388	0.10876
485 A	0.45185	0.43867	0.10948
486 T	0.59958	0.28127	0.11915
487 T	0.66626	0.20825	0.1255
488 C	0.67994	0.19082	0.12924
489 T	0.68939	0.18322	0.12739
490 A	0.66271	0.21563	0.12165
491 A	0.63700	0.24454	0.11846
492 T	0.62142	0.26398	0.1146
493 A	0.53914	0.35523	0.10563
494 A	0.50282	0.39495	0.10223
495 T	0.48151	0.41108	0.10741
496 A	0.40261	0.48752	0.10988
497 A	0.33713	0.54851	0.11436
498 T	0.31194	0.56852	0.11955
499 G	0.29723	0.57952	0.12325
500 A	0.29412	0.57903	0.12686
501 A	0.29437	0.57170	0.13392
502 T	0.29643	0.55856	0.14502
503 C	0.29519	0.55422	0.15059
504 T	0.29520	0.55235	0.15245
505 G	0.28686	0.56402	0.14912
506 A	0.28203	0.56849	0.14948
507 T	0.27919	0.57092	0.14988
508 A	0.27145	0.57905	0.14951
509 T	0.26643	0.57111	0.16246
510 C	0.25592	0.56839	0.17569
511 A	0.25219	0.57269	0.17512
512 A	0.25473	0.56202	0.18326
513 A	0.25995	0.53534	0.20471
514 G	0.26367	0.49942	0.23691
515 A	0.26926	0.47608	0.25465
516 T	0.27853	0.36401	0.35746
517 T	0.28271	0.30897	0.40832
518 T	0.27826	0.28246	0.43929
519 G	0.27351	0.23592	0.49057
520 A	0.26923	0.22171	0.50906
521 T	0.26386	0.24519	0.49094
522 T	0.25134	0.29086	0.45779
523 G	0.21377	0.45370	0.33253
524 A	0.19823	0.54179	0.25998
525 A	0.19207	0.60695	0.20098
526 A	0.18890	0.64052	0.17058
527 A	0.18876	0.64662	0.16462
528 T	0.19275	0.64076	0.16648
529 A	0.19260	0.63625	0.17115
530 A	0.19339	0.63299	0.17363
531 A	0.19408	0.62433	0.18158
532 G	0.19464	0.61821	0.18715
533 C	0.19603	0.60834	0.19563
534 T	0.20102	0.60431	0.19467
535 A	0.20123	0.61700	0.18176
536 A	0.20282	0.61800	0.17918
537 T	0.20586	0.61779	0.17635
538 A	0.20725	0.62187	0.17088
539 A	0.20989	0.62129	0.16882
540 T	0.21504	0.61202	0.17293
541 G	0.21798	0.60398	0.17805
542 A	0.23335	0.59436	0.17229
543 A	0.27081	0.55852	0.17067
544 G	0.34088	0.48174	0.17738
545 A	0.39234	0.41966	0.18799
546 T	0.54311	0.23364	0.22324
547 T	0.59382	0.17357	0.23261
548 C	0.60376	0.16903	0.22721
549 T	0.59231	0.20245	0.20525
550 A	0.47598	0.37661	0.14741
551 A	0.46576	0.39378	0.14047
552 T	0.45355	0.40851	0.13794
553 A	0.43555	0.43070	0.13375
554 A	0.43393	0.43230	0.13377
555 T	0.43579	0.43025	0.13396
556 A	0.43735	0.42822	0.13443
557 A	0.44136	0.42337	0.13527
558 T	0.45534	0.40743	0.13723
559 G	0.45857	0.40316	0.13828
560 A	0.46168	0.39920	0.13912
561 A	0.46747	0.39123	0.14131
562 T	0.47509	0.38112	0.1438
563 C	0.47821	0.37613	0.14566
564 C	0.48332	0.37023	0.14646
565 A	0.49120	0.36212	0.14667
566 A	0.49730	0.35578	0.14692
567 T	0.50015	0.35262	0.14723
568 G	0.50307	0.34943	0.1475
569 A	0.50850	0.34265	0.14886
570 A	0.52106	0.31048	0.16846
571 T	0.53985	0.25312	0.20702
572 A	0.56121	0.18902	0.24977
573 A	0.61900	0.00000	0.38101
