# lcl|CP097583.1_cds_USQ93463.1_1
# AA	inside	membr	outside
1 A	0.52117	0.00000	0.47883
2 T	0.52064	0.00053	0.47883
3 G	0.52050	0.00067	0.47883
4 A	0.52050	0.00699	0.47251
5 A	0.52011	0.01026	0.46963
6 A	0.52011	0.01077	0.46912
7 T	0.51976	0.01136	0.46887
8 T	0.51976	0.01137	0.46887
9 T	0.51740	0.01377	0.46883
10 T	0.51739	0.01895	0.46366
11 T	0.51404	0.02294	0.46302
12 A	0.41842	0.11907	0.46251
13 C	0.32960	0.20939	0.46101
14 A	0.32959	0.20940	0.46101
15 A	0.32959	0.22223	0.44819
16 A	0.32863	0.22318	0.44819
17 A	0.32793	0.22393	0.44815
18 T	0.32791	0.22403	0.44806
19 G	0.32642	0.22565	0.44793
20 T	0.32281	0.23319	0.44401
21 T	0.30922	0.24677	0.44401
22 A	0.30753	0.24866	0.4438
23 G	0.30670	0.24944	0.44386
24 T	0.30684	0.24938	0.44377
25 C	0.30537	0.25062	0.444
26 C	0.30447	0.25206	0.44347
27 T	0.30831	0.24959	0.4421
28 A	0.30721	0.25226	0.44052
29 A	0.30618	0.25411	0.4397
30 T	0.30630	0.25424	0.43946
31 A	0.30561	0.25417	0.44023
32 G	0.30555	0.23697	0.45748
33 A	0.30999	0.22003	0.46999
34 G	0.31118	0.20664	0.48218
35 T	0.31432	0.12814	0.55753
36 T	0.31607	0.06468	0.61926
37 A	0.31614	0.06411	0.61974
38 T	0.32275	0.05721	0.62004
39 T	0.32202	0.06030	0.61768
40 G	0.32127	0.06211	0.61663
41 A	0.32108	0.06281	0.61612
42 A	0.32112	0.06183	0.61705
43 A	0.32392	0.05642	0.61965
44 A	0.32425	0.05038	0.62537
45 T	0.32592	0.04981	0.62427
46 G	0.32621	0.04916	0.62463
47 A	0.32692	0.04827	0.62481
48 T	0.32797	0.04515	0.62688
49 T	0.32881	0.04332	0.62787
50 T	0.32980	0.04121	0.62899
51 T	0.33089	0.03734	0.63177
52 C	0.33141	0.03543	0.63316
53 T	0.33193	0.03518	0.6329
54 T	0.33188	0.03671	0.6314
55 G	0.33144	0.03961	0.62896
56 T	0.33192	0.03973	0.62835
57 T	0.33176	0.04134	0.6269
58 T	0.33177	0.04448	0.62375
59 T	0.33263	0.04533	0.62203
60 T	0.33240	0.04734	0.62026
61 A	0.33075	0.05224	0.61702
62 T	0.33216	0.05275	0.61509
63 T	0.32776	0.06269	0.60955
64 G	0.29818	0.10096	0.60085
65 A	0.28303	0.13182	0.58514
66 A	0.27181	0.15479	0.5734
67 A	0.27019	0.15815	0.57166
68 T	0.27009	0.15941	0.5705
69 T	0.26576	0.16452	0.56972
70 T	0.25461	0.17717	0.56821
71 C	0.23711	0.19583	0.56706
72 T	0.22215	0.21415	0.5637
73 A	0.18458	0.25601	0.55941
74 A	0.17037	0.27393	0.5557
75 A	0.15593	0.29131	0.55276
76 G	0.14723	0.30139	0.55139
77 G	0.14195	0.30637	0.55168
78 T	0.14041	0.30767	0.55193
79 A	0.12982	0.31877	0.55141
80 G	0.12555	0.32227	0.55218
81 C	0.12351	0.32351	0.55298
82 A	0.11864	0.33138	0.54998
83 A	0.11304	0.33889	0.54806
84 A	0.11127	0.34216	0.54657
85 A	0.11019	0.34674	0.54308
86 A	0.11101	0.34769	0.5413
87 A	0.11466	0.32023	0.56511
88 A	0.12659	0.29612	0.57728
89 A	0.13594	0.27821	0.58585
90 A	0.13772	0.27725	0.58503
91 T	0.13952	0.27906	0.58142
92 A	0.13839	0.28191	0.5797
93 T	0.13535	0.27487	0.58978
94 G	0.12812	0.27268	0.5992
95 A	0.12606	0.26734	0.6066
96 G	0.12706	0.24189	0.63105
97 A	0.12898	0.23201	0.63902
98 T	0.13107	0.21863	0.6503
99 A	0.12918	0.21606	0.65476
100 G	0.12703	0.21558	0.65739
101 A	0.12546	0.22623	0.64832
102 T	0.12559	0.22406	0.65035
103 A	0.12371	0.22865	0.64764
104 A	0.12232	0.23183	0.64586
105 A	0.12348	0.23589	0.64063
106 G	0.12508	0.22673	0.64819
107 A	0.12746	0.22042	0.65212
108 A	0.13274	0.21180	0.65546
109 A	0.13918	0.20125	0.65958
110 C	0.14703	0.18855	0.66442
111 A	0.15285	0.18229	0.66487
112 G	0.16004	0.17375	0.66621
113 G	0.17351	0.15970	0.66679
114 T	0.19371	0.13913	0.66717
115 T	0.20687	0.12502	0.66812
116 T	0.21462	0.11208	0.67329
117 T	0.21905	0.10183	0.67912
118 T	0.22034	0.10188	0.67778
119 T	0.22011	0.10570	0.6742
120 A	0.21793	0.12066	0.6614
121 A	0.21892	0.13211	0.64897
122 A	0.22177	0.13173	0.6465
123 A	0.22774	0.12494	0.64733
124 T	0.24229	0.10959	0.64811
125 T	0.25086	0.10125	0.64789
126 A	0.25607	0.09451	0.64942
127 G	0.26184	0.08712	0.65103
128 A	0.27209	0.07602	0.65189
129 T	0.27452	0.07274	0.65275
130 C	0.27630	0.07036	0.65334
131 G	0.27813	0.06850	0.65337
132 T	0.28019	0.06647	0.65334
133 A	0.28109	0.06576	0.65315
134 T	0.28300	0.06390	0.6531
135 T	0.28427	0.06275	0.65297
136 T	0.28520	0.06212	0.65268
137 T	0.28569	0.06180	0.65251
138 A	0.28617	0.06154	0.65228
139 A	0.28727	0.06027	0.65246
140 A	0.29010	0.05698	0.65292
141 T	0.29767	0.04863	0.65371
142 A	0.30284	0.04216	0.655
143 C	0.31674	0.02531	0.65795
144 T	0.32953	0.01212	0.65835
145 T	0.33414	0.00731	0.65854
146 C	0.33537	0.00597	0.65866
147 T	0.33696	0.00443	0.65861
148 T	0.33781	0.00372	0.65846
149 T	0.33794	0.00360	0.65846
150 T	0.33799	0.00364	0.65837
151 G	0.33796	0.00385	0.65819
152 T	0.33803	0.00406	0.65791
153 T	0.33808	0.00397	0.65794
154 T	0.33814	0.00388	0.65799
155 A	0.33814	0.00385	0.658
156 T	0.33837	0.00357	0.65807
157 C	0.33843	0.00346	0.65812
158 C	0.33858	0.00328	0.65814
159 T	0.33893	0.00294	0.65813
160 G	0.33910	0.00277	0.65813
161 C	0.33929	0.00259	0.65813
162 T	0.33914	0.00280	0.65806
163 A	0.33901	0.00302	0.65798
164 A	0.33901	0.00304	0.65795
165 T	0.33903	0.00301	0.65796
166 T	0.33901	0.00306	0.65794
167 A	0.33899	0.00304	0.65798
168 T	0.33902	0.00292	0.65806
169 G	0.33902	0.00290	0.65808
170 G	0.33907	0.00279	0.65813
171 T	0.33930	0.00251	0.65819
172 T	0.33945	0.00234	0.65822
173 T	0.33944	0.00234	0.65822
174 C	0.33936	0.00235	0.65829
175 A	0.33931	0.00240	0.65829
176 T	0.33925	0.00243	0.65832
177 T	0.33909	0.00255	0.65836
178 C	0.33872	0.00289	0.65839
179 C	0.33841	0.00322	0.65837
180 T	0.33795	0.00376	0.65829
181 T	0.33681	0.00495	0.65825
182 T	0.33553	0.00625	0.65822
183 A	0.33445	0.00733	0.65822
184 A	0.33401	0.00774	0.65826
185 C	0.33382	0.00766	0.65852
186 T	0.33379	0.00758	0.65863
187 C	0.33364	0.00771	0.65865
188 A	0.33338	0.00805	0.65858
189 T	0.33249	0.00903	0.65848
190 T	0.32816	0.01366	0.65819
191 G	0.32371	0.01836	0.65793
192 T	0.32155	0.02115	0.65729
193 G	0.31755	0.02562	0.65684
194 A	0.31565	0.02795	0.6564
195 A	0.31451	0.02920	0.65629
196 G	0.31389	0.02982	0.6563
197 A	0.31374	0.02993	0.65633
198 T	0.31365	0.02986	0.65649
199 A	0.31350	0.02998	0.65652
200 A	0.31349	0.02978	0.65673
201 T	0.31351	0.02918	0.65731
202 G	0.31350	0.02860	0.65789
203 A	0.31356	0.02779	0.65865
204 T	0.31360	0.02656	0.65984
205 C	0.31361	0.02540	0.66099
206 C	0.31361	0.02482	0.66156
207 G	0.31362	0.02463	0.66174
208 T	0.31366	0.02446	0.66188
209 T	0.31370	0.02442	0.66188
210 A	0.31371	0.02445	0.66184
211 G	0.31378	0.02409	0.66213
212 A	0.31392	0.02237	0.66371
213 T	0.31428	0.01584	0.66988
214 G	0.31460	0.01119	0.67421
215 T	0.31545	0.00867	0.67588
216 T	0.31597	0.00584	0.67818
217 T	0.31630	0.00442	0.67928
218 T	0.31620	0.00414	0.67965
219 T	0.31603	0.00455	0.67942
220 G	0.31566	0.00616	0.67818
221 T	0.31524	0.00961	0.67515
222 T	0.31489	0.01797	0.66714
223 T	0.31449	0.02083	0.66468
224 T	0.31376	0.02288	0.66337
225 A	0.31222	0.02491	0.66286
226 T	0.31143	0.02592	0.66265
227 C	0.30883	0.02898	0.66219
228 A	0.30249	0.03756	0.65994
229 C	0.29967	0.04118	0.65915
230 A	0.29773	0.04472	0.65754
231 A	0.29476	0.04881	0.65643
232 G	0.29391	0.05011	0.65598
233 A	0.29356	0.05075	0.6557
234 A	0.29350	0.05100	0.6555
235 A	0.29367	0.05087	0.65546
236 T	0.29399	0.05053	0.65548
237 A	0.29424	0.05026	0.6555
238 T	0.29471	0.04977	0.65552
239 T	0.29505	0.04940	0.65555
240 A	0.29522	0.04912	0.65566
241 G	0.29549	0.04857	0.65593
242 A	0.29623	0.04752	0.65625
243 A	0.29757	0.04547	0.65695
244 C	0.30094	0.04079	0.65827
245 C	0.30865	0.03238	0.65897
246 T	0.31134	0.02952	0.65915
247 A	0.31235	0.02835	0.6593
248 T	0.31308	0.02684	0.66007
249 G	0.31332	0.02618	0.66049
250 G	0.31399	0.02316	0.66285
251 T	0.31638	0.01398	0.66964
252 T	0.31735	0.01038	0.67227
253 A	0.31844	0.00842	0.67314
254 T	0.31934	0.00659	0.67407
255 T	0.31942	0.00683	0.67375
256 G	0.31772	0.00872	0.67356
257 T	0.31663	0.01010	0.67327
258 T	0.31480	0.01257	0.67263
259 C	0.31181	0.01614	0.67206
260 A	0.30869	0.01965	0.67166
261 A	0.30458	0.02393	0.67149
262 T	0.30073	0.02791	0.67136
263 G	0.29112	0.03780	0.67108
264 C	0.28199	0.04704	0.67096
265 A	0.27623	0.05291	0.67086
266 G	0.27434	0.05483	0.67083
267 A	0.27202	0.05718	0.6708
268 C	0.27131	0.05789	0.6708
269 C	0.27094	0.05826	0.6708
270 T	0.27070	0.05851	0.67079
271 A	0.26952	0.05971	0.67077
272 T	0.26897	0.06024	0.67078
273 C	0.26737	0.06185	0.67078
274 G	0.26500	0.06426	0.67074
275 G	0.26422	0.06496	0.67081
276 A	0.26436	0.06477	0.67088
277 G	0.26564	0.06343	0.67093
278 T	0.26704	0.06183	0.67113
279 T	0.26734	0.05943	0.67323
280 A	0.26683	0.05866	0.67451
281 T	0.26681	0.05640	0.6768
282 T	0.26630	0.05431	0.67939
283 A	0.26535	0.05264	0.68202
284 A	0.26444	0.04992	0.68564
285 A	0.26398	0.04631	0.68971
286 A	0.26369	0.03794	0.69836
287 T	0.26360	0.02913	0.70728
288 G	0.26308	0.02487	0.71206
289 A	0.26268	0.02412	0.7132
290 T	0.26260	0.02274	0.71466
291 T	0.26240	0.02346	0.71415
292 G	0.26189	0.02640	0.71171
293 A	0.26161	0.03090	0.7075
294 T	0.26130	0.03432	0.70438
295 A	0.26063	0.03940	0.69997
296 A	0.26027	0.04269	0.69705
297 T	0.26001	0.04343	0.69656
298 G	0.25952	0.04527	0.69521
299 G	0.25934	0.04738	0.69328
300 T	0.25941	0.05089	0.6897
301 G	0.25940	0.05492	0.68569
302 A	0.25951	0.05688	0.68361
303 G	0.25981	0.05731	0.68288
304 T	0.26011	0.05784	0.68205
305 T	0.26029	0.05834	0.68137
306 A	0.26035	0.05993	0.67972
307 G	0.26050	0.06080	0.6787
308 A	0.26070	0.06116	0.67813
309 T	0.26090	0.06126	0.67785
310 G	0.26090	0.06195	0.67715
311 A	0.26100	0.06339	0.67561
312 G	0.26102	0.06444	0.67454
313 A	0.26168	0.06706	0.67126
314 A	0.26289	0.06751	0.6696
315 A	0.26662	0.06603	0.66735
316 A	0.27142	0.06279	0.66579
317 T	0.27650	0.05741	0.66609
318 A	0.28062	0.05279	0.6666
319 A	0.28499	0.04801	0.667
320 T	0.28908	0.04354	0.66738
321 C	0.29174	0.04041	0.66786
322 T	0.29473	0.03731	0.66795
323 C	0.29768	0.03433	0.66799
324 T	0.30101	0.03100	0.668
325 G	0.30224	0.02976	0.66801
326 T	0.30402	0.02798	0.66801
327 T	0.30475	0.02722	0.66803
328 C	0.30481	0.02715	0.66804
329 C	0.30574	0.02622	0.66804
330 T	0.30717	0.02486	0.66797
331 A	0.30635	0.02586	0.66779
332 T	0.30601	0.02637	0.66762
333 A	0.30493	0.02756	0.66751
334 C	0.30537	0.02697	0.66766
335 A	0.30602	0.02587	0.66812
336 T	0.30928	0.02212	0.6686
337 G	0.31044	0.02061	0.66895
338 A	0.31295	0.01801	0.66904
339 T	0.31460	0.01630	0.66911
340 C	0.31433	0.01612	0.66956
341 A	0.31335	0.01696	0.66968
342 T	0.31252	0.01765	0.66983
343 T	0.31152	0.01861	0.66987
344 C	0.31046	0.01961	0.66994
345 T	0.30953	0.02100	0.66947
346 A	0.30681	0.02465	0.66855
347 T	0.30517	0.02726	0.66756
348 G	0.30097	0.03388	0.66516
349 G	0.28534	0.05498	0.65968
350 A	0.27642	0.06695	0.65664
351 A	0.27282	0.07391	0.65328
352 G	0.27034	0.07749	0.65217
353 A	0.26963	0.07939	0.65099
354 A	0.26959	0.07830	0.65211
355 T	0.26976	0.07723	0.65301
356 A	0.26971	0.07655	0.65373
357 T	0.26978	0.07645	0.65377
358 C	0.26979	0.07702	0.65319
359 A	0.26954	0.07957	0.6509
360 A	0.26871	0.08201	0.64929
361 A	0.26861	0.08313	0.64825
362 A	0.26861	0.08304	0.64835
363 T	0.26866	0.08262	0.64872
364 A	0.26867	0.08076	0.65057
365 T	0.26878	0.07887	0.65235
366 C	0.26876	0.07662	0.65463
367 G	0.26878	0.07585	0.65537
368 A	0.26909	0.07496	0.65596
369 A	0.27043	0.07178	0.65779
370 G	0.27225	0.06853	0.65922
371 A	0.27601	0.06224	0.66175
372 T	0.28257	0.03918	0.67825
373 G	0.28591	0.02688	0.68721
374 T	0.28959	0.01963	0.69078
375 T	0.29094	0.01630	0.69277
376 C	0.29164	0.01518	0.69318
377 C	0.29178	0.01589	0.69233
378 A	0.29235	0.01963	0.68803
379 G	0.29366	0.01885	0.68748
380 T	0.29591	0.01791	0.68618
381 T	0.29718	0.01767	0.68515
382 T	0.29804	0.01779	0.68417
383 C	0.29811	0.01736	0.68452
384 T	0.29824	0.01870	0.68307
385 C	0.29773	0.02057	0.6817
386 T	0.29658	0.02929	0.67413
387 T	0.29445	0.03495	0.6706
388 T	0.29102	0.04029	0.66869
389 T	0.28054	0.05273	0.66674
390 G	0.25791	0.07669	0.6654
391 G	0.24931	0.08816	0.66253
392 A	0.24392	0.09599	0.66009
393 A	0.24209	0.09936	0.65855
394 G	0.24137	0.10261	0.65602
395 A	0.24111	0.10495	0.65393
396 A	0.24082	0.10653	0.65265
397 A	0.24074	0.10794	0.65132
398 T	0.24073	0.10838	0.65089
399 A	0.23992	0.10920	0.65087
400 A	0.23992	0.10920	0.65088
401 A	0.24274	0.10622	0.65103
402 A	0.24316	0.10551	0.65133
403 C	0.24454	0.10380	0.65167
404 A	0.24679	0.10168	0.65153
405 T	0.25030	0.09752	0.65218
406 T	0.25296	0.09428	0.65276
407 T	0.25537	0.09118	0.65345
408 T	0.25689	0.08902	0.65408
409 T	0.26119	0.08033	0.65848
410 T	0.26221	0.07281	0.66498
411 A	0.26161	0.06785	0.67055
412 T	0.26190	0.05522	0.68289
413 C	0.25887	0.04120	0.69992
414 T	0.25728	0.03899	0.70373
415 C	0.24658	0.04837	0.70505
416 A	0.23705	0.06486	0.69808
417 T	0.23013	0.07837	0.6915
418 T	0.22180	0.09416	0.68404
419 A	0.20342	0.12306	0.67352
420 T	0.19155	0.14221	0.66625
421 A	0.17448	0.16809	0.65744
422 A	0.16725	0.17946	0.65329
423 A	0.15837	0.19002	0.65161
424 G	0.15549	0.19307	0.65144
425 A	0.15400	0.19501	0.65099
426 T	0.15246	0.19702	0.65052
427 T	0.14938	0.20106	0.64956
428 T	0.13984	0.21165	0.6485
429 A	0.12406	0.23068	0.64526
430 G	0.11233	0.24745	0.64022
431 A	0.10313	0.26486	0.63201
432 A	0.09755	0.27891	0.62354
433 A	0.09119	0.29125	0.61756
434 A	0.08600	0.29760	0.61641
435 A	0.08156	0.30266	0.61577
436 A	0.07975	0.30006	0.62018
437 A	0.07885	0.29633	0.62482
438 A	0.07985	0.28241	0.63774
439 A	0.08725	0.26073	0.65202
440 C	0.09540	0.23716	0.66743
441 A	0.10388	0.21837	0.67775
442 G	0.11513	0.19173	0.69313
443 T	0.12370	0.17425	0.70205
444 T	0.13103	0.15819	0.71078
445 G	0.13244	0.15645	0.71111
446 T	0.13378	0.15176	0.71445
447 T	0.13282	0.15510	0.71207
448 A	0.12878	0.16343	0.70779
449 T	0.12715	0.16475	0.7081
450 A	0.12164	0.16957	0.70878
451 G	0.11785	0.16682	0.71532
452 A	0.11808	0.16054	0.72137
453 A	0.12239	0.15583	0.72177
454 G	0.13034	0.15039	0.71927
455 A	0.13861	0.15795	0.70345
456 T	0.14500	0.15576	0.69924
457 A	0.14691	0.15683	0.69626
458 T	0.14873	0.15627	0.69499
459 A	0.14753	0.16252	0.68995
460 T	0.14787	0.16673	0.6854
461 A	0.14756	0.17102	0.68141
462 T	0.14767	0.17569	0.67664
463 G	0.14679	0.18153	0.67168
464 A	0.14675	0.18415	0.66911
465 T	0.14630	0.18756	0.66614
466 A	0.14530	0.19245	0.66225
467 A	0.14802	0.19213	0.65985
468 A	0.15375	0.18747	0.65878
469 T	0.16275	0.17933	0.65792
470 T	0.16751	0.18053	0.65196
471 T	0.16998	0.18916	0.64086
472 A	0.15567	0.20785	0.63648
473 A	0.14154	0.22000	0.63847
474 A	0.13664	0.22360	0.63975
475 G	0.14061	0.21752	0.64187
476 C	0.15053	0.20684	0.64263
477 A	0.16441	0.19499	0.6406
478 T	0.18847	0.17070	0.64083
479 T	0.19927	0.15996	0.64077
480 T	0.20443	0.15482	0.64075
481 A	0.20621	0.15315	0.64064
482 C	0.21199	0.14544	0.64257
483 T	0.21798	0.13961	0.6424
484 G	0.22088	0.13733	0.64179
485 T	0.22746	0.13093	0.64162
486 T	0.23065	0.12741	0.64193
487 A	0.22719	0.13156	0.64126
488 T	0.22548	0.13152	0.643
489 C	0.21759	0.13721	0.64519
490 A	0.21129	0.14458	0.64414
491 A	0.21181	0.14468	0.64351
492 A	0.21235	0.14460	0.64305
493 A	0.21940	0.13648	0.64412
494 A	0.23206	0.12157	0.64637
495 T	0.23905	0.09744	0.6635
496 G	0.24008	0.07949	0.68044
497 C	0.24226	0.07006	0.68768
498 T	0.24121	0.07104	0.68776
499 T	0.23811	0.07716	0.68474
500 T	0.22839	0.09586	0.67575
501 A	0.20098	0.14233	0.65669
502 A	0.17275	0.18757	0.63968
503 A	0.14132	0.23646	0.62223
504 T	0.12712	0.26508	0.60779
505 A	0.07681	0.33797	0.58522
506 A	0.07274	0.34519	0.58207
507 A	0.07124	0.34732	0.58145
508 T	0.07058	0.34811	0.5813
509 A	0.07014	0.34764	0.58222
510 T	0.07125	0.34186	0.5869
511 A	0.07172	0.33815	0.59013
512 T	0.07245	0.32885	0.5987
513 A	0.07313	0.32257	0.6043
514 A	0.07401	0.31902	0.60697
515 A	0.07484	0.31536	0.6098
516 A	0.07525	0.31249	0.61225
517 T	0.07591	0.30950	0.61459
518 T	0.07646	0.30756	0.61598
519 A	0.07681	0.30569	0.61749
520 A	0.07742	0.30267	0.61991
521 A	0.07934	0.29685	0.62382
522 A	0.08301	0.28666	0.63032
523 A	0.09273	0.26473	0.64254
524 A	0.11369	0.21617	0.67013
525 A	0.13477	0.16358	0.70165
526 T	0.15855	0.10413	0.73733
527 A	0.17381	0.07120	0.75499
528 A	0.19628	0.00000	0.80371
