# lcl|CP097583.1_cds_USQ93223.1_1
# AA	inside	membr	outside
1 A	0.39022	0.00000	0.60978
2 T	0.38933	0.00089	0.60978
3 G	0.38856	0.00165	0.60978
4 A	0.38856	0.00406	0.60738
5 T	0.37540	0.02096	0.60364
6 T	0.37540	0.02239	0.60221
7 C	0.22032	0.17788	0.6018
8 A	0.22031	0.17794	0.60175
9 A	0.20515	0.19370	0.60114
10 G	0.20514	0.22209	0.57276
11 T	0.20442	0.22416	0.57142
12 A	0.18742	0.24207	0.57051
13 A	0.17483	0.25539	0.56977
14 A	0.17483	0.25539	0.56977
15 T	0.17483	0.25545	0.56971
16 A	0.17336	0.25693	0.56971
17 C	0.17228	0.25801	0.56971
18 C	0.17223	0.25805	0.56971
19 C	0.17155	0.25876	0.5697
20 G	0.16888	0.26179	0.56933
21 T	0.16616	0.26450	0.56933
22 T	0.16598	0.26484	0.56917
23 T	0.16574	0.26524	0.56902
24 A	0.16525	0.26595	0.5688
25 A	0.16517	0.26166	0.57317
26 A	0.16520	0.25744	0.57736
27 A	0.16716	0.24151	0.59134
28 G	0.17124	0.21947	0.60928
29 T	0.17390	0.20629	0.61982
30 A	0.17504	0.08672	0.73824
31 G	0.17433	0.08129	0.74439
32 C	0.17521	0.06627	0.75852
33 T	0.19650	0.07704	0.72646
34 G	0.19514	0.10951	0.69535
35 A	0.19487	0.11489	0.69024
36 T	0.19496	0.11669	0.68835
37 A	0.19347	0.12375	0.68279
38 A	0.19289	0.12628	0.68083
39 T	0.19117	0.13838	0.67045
40 A	0.19009	0.14116	0.66874
41 G	0.18948	0.14118	0.66933
42 T	0.18927	0.14116	0.66957
43 G	0.18900	0.13922	0.67179
44 G	0.18848	0.13796	0.67356
45 C	0.18804	0.13806	0.6739
46 G	0.18792	0.13866	0.67342
47 C	0.18796	0.13871	0.67333
48 T	0.18792	0.14022	0.67185
49 A	0.18747	0.14437	0.66817
50 A	0.18742	0.14512	0.66745
51 A	0.18758	0.14522	0.66719
52 G	0.18803	0.14487	0.66711
53 A	0.18992	0.14161	0.66848
54 A	0.19597	0.13330	0.67072
55 G	0.20489	0.12299	0.67212
56 T	0.24466	0.08220	0.67314
57 T	0.27419	0.05078	0.67503
58 T	0.28273	0.04133	0.67594
59 T	0.28652	0.03697	0.67651
60 A	0.28832	0.03447	0.67721
61 G	0.28997	0.03242	0.67761
62 T	0.30032	0.02105	0.67863
63 T	0.30283	0.01828	0.67889
64 A	0.30237	0.01965	0.67798
65 T	0.30282	0.01991	0.67726
66 T	0.30066	0.02363	0.6757
67 A	0.29646	0.03187	0.67167
68 A	0.29332	0.03856	0.66812
69 T	0.29386	0.03826	0.66788
70 A	0.29391	0.03816	0.66793
71 T	0.29560	0.03616	0.66824
72 T	0.29827	0.03302	0.6687
73 C	0.29801	0.03320	0.66879
74 C	0.29640	0.03489	0.66871
75 T	0.29504	0.03655	0.6684
76 G	0.29365	0.03804	0.66831
77 G	0.29315	0.03860	0.66825
78 T	0.29319	0.03864	0.66817
79 T	0.29308	0.03890	0.66803
80 C	0.29252	0.03957	0.6679
81 A	0.28985	0.04318	0.66697
82 A	0.28846	0.04510	0.66644
83 G	0.28307	0.05087	0.66605
84 T	0.28067	0.05469	0.66464
85 A	0.27576	0.06318	0.66106
86 A	0.27470	0.06662	0.65868
87 A	0.27499	0.06576	0.65924
88 A	0.27462	0.06537	0.66002
89 G	0.27580	0.06162	0.66258
90 A	0.27972	0.05427	0.66602
91 C	0.28302	0.04838	0.66861
92 G	0.28336	0.04809	0.66855
93 T	0.28360	0.04827	0.66813
94 T	0.28337	0.04857	0.66807
95 A	0.28290	0.04902	0.66808
96 T	0.28271	0.04861	0.66868
97 G	0.28222	0.04696	0.67082
98 C	0.28201	0.04532	0.67268
99 T	0.28183	0.04474	0.67344
100 C	0.28143	0.04506	0.67351
101 A	0.28120	0.04618	0.67262
102 A	0.28114	0.04674	0.67211
103 A	0.28124	0.04678	0.67198
104 T	0.28213	0.04312	0.67476
105 A	0.28265	0.04124	0.67612
106 G	0.28332	0.03300	0.68368
107 G	0.28475	0.02787	0.68738
108 C	0.28781	0.01947	0.69272
109 G	0.29027	0.01595	0.69378
110 A	0.29161	0.01407	0.69432
111 T	0.29282	0.01208	0.69511
112 G	0.29294	0.01204	0.69503
113 T	0.29326	0.01270	0.69403
114 T	0.29251	0.01432	0.69317
115 G	0.29201	0.01862	0.68938
116 T	0.29175	0.02080	0.68745
117 T	0.28955	0.02572	0.68474
118 G	0.28495	0.03251	0.68253
119 T	0.28114	0.03643	0.68243
120 A	0.27745	0.04038	0.68218
121 G	0.27599	0.04141	0.68259
122 T	0.27552	0.04164	0.68284
123 C	0.27456	0.04225	0.68319
124 G	0.27493	0.04188	0.68319
125 C	0.27533	0.04154	0.68314
126 T	0.27519	0.04211	0.68269
127 A	0.27407	0.04464	0.6813
128 T	0.27287	0.04709	0.68003
129 T	0.24955	0.07262	0.67783
130 A	0.22018	0.10370	0.67612
131 A	0.21188	0.11299	0.67513
132 A	0.20411	0.12148	0.67442
133 A	0.20053	0.12535	0.67412
134 A	0.19905	0.12704	0.67391
135 A	0.19767	0.12843	0.67389
136 A	0.19820	0.12770	0.6741
137 G	0.20014	0.12432	0.67553
138 T	0.20539	0.11813	0.67648
139 A	0.20690	0.11569	0.67741
140 T	0.20917	0.10997	0.68086
141 T	0.21028	0.10351	0.68621
142 C	0.21028	0.09866	0.69106
143 C	0.21049	0.09694	0.69257
144 A	0.21007	0.09710	0.69282
145 T	0.20973	0.09726	0.69302
146 C	0.20786	0.09863	0.69351
147 T	0.20590	0.10097	0.69312
148 G	0.20028	0.10729	0.69242
149 G	0.19655	0.11243	0.69102
150 A	0.19505	0.11487	0.69008
151 A	0.19594	0.11388	0.69018
152 T	0.19816	0.08122	0.72062
153 G	0.19877	0.05244	0.74878
154 G	0.19881	0.05272	0.74847
155 T	0.19877	0.07026	0.73097
156 A	0.19518	0.12413	0.68069
157 A	0.19432	0.13408	0.67161
158 A	0.19382	0.13644	0.66974
159 A	0.19300	0.13709	0.66991
160 T	0.19264	0.13725	0.67011
161 C	0.19091	0.14091	0.66818
162 A	0.18335	0.15822	0.65843
163 G	0.17905	0.16543	0.65552
164 G	0.17395	0.17308	0.65297
165 A	0.17139	0.17759	0.65102
166 G	0.17019	0.18027	0.64954
167 A	0.16917	0.18317	0.64766
168 A	0.16912	0.18344	0.64744
169 A	0.16927	0.18113	0.6496
170 A	0.16989	0.17808	0.65204
171 G	0.17093	0.17145	0.65763
172 T	0.17336	0.16535	0.66129
173 C	0.17550	0.16076	0.66374
174 T	0.17798	0.15833	0.66369
175 A	0.17936	0.15691	0.66373
176 A	0.18416	0.15169	0.66414
177 A	0.19149	0.14357	0.66493
178 G	0.21201	0.12237	0.66562
179 C	0.25795	0.07204	0.67
180 T	0.26949	0.06046	0.67005
181 T	0.27334	0.05713	0.66954
182 T	0.27468	0.05640	0.66893
183 A	0.27499	0.05710	0.66791
184 A	0.27777	0.05358	0.66865
185 T	0.28781	0.03572	0.67647
186 T	0.29094	0.02798	0.68108
187 T	0.29273	0.02085	0.68642
188 T	0.29317	0.01892	0.68792
189 A	0.29072	0.02106	0.68822
190 C	0.28917	0.02183	0.689
191 G	0.28680	0.02444	0.68876
192 T	0.28279	0.02887	0.68834
193 A	0.27393	0.03941	0.68666
194 C	0.26191	0.05365	0.68444
195 T	0.24271	0.07990	0.67739
196 A	0.19637	0.13838	0.66526
197 A	0.16550	0.17405	0.66045
198 A	0.14071	0.20344	0.65585
199 A	0.12045	0.23094	0.64861
200 A	0.11557	0.23593	0.64849
201 A	0.11453	0.23690	0.64857
202 G	0.11454	0.23671	0.64875
203 G	0.11558	0.23543	0.64899
204 C	0.11709	0.23372	0.64918
205 T	0.11877	0.23198	0.64925
206 T	0.11958	0.23108	0.64935
207 A	0.11825	0.23239	0.64936
208 G	0.11756	0.23289	0.64954
209 C	0.11674	0.23350	0.64976
210 A	0.11555	0.23437	0.65007
211 G	0.11450	0.23479	0.65071
212 G	0.11376	0.23403	0.65222
213 A	0.11335	0.23306	0.65359
214 A	0.11333	0.23137	0.65531
215 A	0.11389	0.22547	0.66065
216 A	0.11585	0.21316	0.67099
217 A	0.11881	0.19311	0.68809
218 A	0.12622	0.15862	0.71516
219 T	0.13877	0.09653	0.7647
220 G	0.14268	0.06444	0.79288
221 G	0.14691	0.04138	0.81171
222 T	0.15331	0.01977	0.82692
223 T	0.15363	0.01579	0.83058
224 C	0.15371	0.01506	0.83123
225 T	0.15380	0.01772	0.82848
226 T	0.15384	0.02342	0.82275
227 A	0.15378	0.03618	0.81004
228 T	0.15378	0.05896	0.78725
229 A	0.15352	0.07446	0.77203
230 T	0.15316	0.08732	0.75951
231 T	0.15039	0.11193	0.73767
232 A	0.14740	0.12944	0.72316
233 A	0.14617	0.14086	0.71297
234 A	0.14549	0.14661	0.70791
235 T	0.14551	0.14800	0.70649
236 T	0.14520	0.14921	0.70559
237 T	0.14301	0.15252	0.70447
238 G	0.13787	0.15957	0.70257
239 A	0.13698	0.16228	0.70074
240 T	0.13648	0.16418	0.69933
241 G	0.13503	0.16827	0.6967
242 A	0.13417	0.17004	0.69579
243 T	0.13398	0.17141	0.69461
244 A	0.13117	0.17502	0.6938
245 A	0.13003	0.17628	0.69368
246 C	0.13010	0.17616	0.69373
247 G	0.13055	0.17609	0.69337
248 C	0.13392	0.17291	0.69317
249 A	0.14120	0.16683	0.69197
250 G	0.15665	0.15179	0.69156
251 T	0.18336	0.12549	0.69115
252 A	0.19719	0.11192	0.69089
253 G	0.21308	0.09587	0.69106
254 T	0.23634	0.06968	0.69399
255 T	0.24861	0.05460	0.69679
256 A	0.25398	0.04781	0.6982
257 T	0.25858	0.04200	0.69941
258 T	0.25905	0.04067	0.70028
259 A	0.25370	0.04517	0.70114
260 T	0.24664	0.04972	0.70363
261 C	0.23078	0.06139	0.70783
262 A	0.21465	0.07814	0.70722
263 A	0.20690	0.08735	0.70575
264 A	0.20083	0.09442	0.70476
265 G	0.19847	0.09705	0.70448
266 A	0.19784	0.09888	0.70327
267 T	0.19779	0.09731	0.7049
268 G	0.19487	0.10243	0.70269
269 A	0.19306	0.10852	0.69842
270 T	0.18562	0.12184	0.69255
271 A	0.17537	0.13265	0.69198
272 T	0.17082	0.13704	0.69214
273 G	0.15712	0.15088	0.692
274 A	0.15285	0.15533	0.69183
275 C	0.15137	0.15639	0.69224
276 T	0.14992	0.15815	0.69193
277 T	0.14700	0.16158	0.69143
278 T	0.13844	0.17119	0.69037
279 A	0.13106	0.18018	0.68877
280 A	0.12809	0.18434	0.68757
281 A	0.12602	0.18416	0.68982
282 A	0.12510	0.17725	0.69765
283 G	0.12479	0.16680	0.70841
284 G	0.12411	0.15223	0.72366
285 G	0.12382	0.13945	0.73674
286 A	0.12520	0.13200	0.74281
287 C	0.12719	0.12272	0.75009
288 A	0.12847	0.11991	0.75162
289 A	0.13012	0.11669	0.75319
290 G	0.13200	0.11286	0.75514
291 G	0.13538	0.10634	0.75828
292 A	0.13996	0.10079	0.75924
293 T	0.14652	0.08303	0.77045
294 T	0.14777	0.07113	0.7811
295 T	0.14819	0.06422	0.7876
296 T	0.14821	0.05042	0.80136
297 T	0.14767	0.04550	0.80683
298 G	0.14636	0.04422	0.80941
299 G	0.14394	0.04461	0.81145
300 A	0.14402	0.04132	0.81465
301 C	0.14499	0.03010	0.8249
302 C	0.14624	0.02537	0.82839
303 T	0.14714	0.02628	0.82658
304 G	0.14682	0.02963	0.82354
305 T	0.14466	0.03809	0.81726
306 A	0.14100	0.05659	0.80241
307 G	0.13787	0.07890	0.78324
308 T	0.13651	0.09600	0.76749
309 T	0.13247	0.12049	0.74704
310 A	0.12197	0.17754	0.70049
311 A	0.11619	0.19963	0.68418
312 A	0.11134	0.20815	0.68051
313 A	0.10784	0.21802	0.67414
314 A	0.10586	0.22743	0.66672
315 T	0.10497	0.23127	0.66377
316 C	0.10189	0.23693	0.66118
317 A	0.09947	0.24494	0.65558
318 A	0.09861	0.24621	0.65517
319 A	0.09935	0.24554	0.6551
320 A	0.09962	0.24479	0.6556
321 A	0.09994	0.24357	0.65649
322 C	0.10069	0.24004	0.65927
323 T	0.10129	0.24081	0.65789
324 A	0.10089	0.24267	0.65644
325 A	0.10117	0.24387	0.65496
326 A	0.10314	0.24239	0.65447
327 A	0.10611	0.23902	0.65486
328 G	0.11301	0.22855	0.65844
329 A	0.13030	0.20666	0.66304
330 T	0.15600	0.17537	0.66864
331 A	0.17262	0.15636	0.67102
332 G	0.19200	0.13267	0.67533
333 T	0.23350	0.08339	0.68311
334 A	0.24491	0.06696	0.68813
335 A	0.24901	0.05811	0.69288
336 A	0.25710	0.04646	0.69645
337 T	0.26953	0.03084	0.69963
338 T	0.27359	0.02414	0.70227
339 T	0.27617	0.01819	0.70563
340 T	0.27828	0.01396	0.70775
341 C	0.27796	0.01365	0.70839
342 T	0.27641	0.01844	0.70516
343 A	0.27339	0.02736	0.69925
344 A	0.27079	0.03552	0.69369
345 A	0.26954	0.03771	0.69275
346 T	0.27182	0.03579	0.6924
347 T	0.27308	0.03420	0.69272
348 T	0.27348	0.03360	0.69291
349 C	0.27229	0.03459	0.69311
350 T	0.27168	0.03526	0.69306
351 T	0.27092	0.03611	0.69297
352 T	0.26960	0.03751	0.69289
353 C	0.26605	0.04120	0.69275
354 T	0.26361	0.04430	0.69209
355 T	0.26018	0.04783	0.69199
356 T	0.25113	0.05708	0.69179
357 A	0.23623	0.07214	0.69163
358 G	0.22946	0.07902	0.69151
359 C	0.22840	0.08003	0.69157
360 T	0.22759	0.08090	0.6915
361 G	0.22653	0.08208	0.69139
362 A	0.22653	0.08209	0.69138
363 A	0.22694	0.08158	0.69148
364 A	0.22759	0.08053	0.69188
365 A	0.23073	0.07542	0.69385
366 A	0.23645	0.06653	0.69701
367 G	0.24184	0.05802	0.70014
368 T	0.24349	0.05404	0.70247
369 T	0.24408	0.05257	0.70335
370 T	0.24456	0.05128	0.70416
371 T	0.24475	0.04997	0.70528
372 T	0.24480	0.04853	0.70666
373 G	0.24484	0.04729	0.70787
374 T	0.24494	0.04605	0.70901
375 A	0.24501	0.04445	0.71054
376 A	0.24518	0.04055	0.71427
377 T	0.24585	0.03560	0.71856
378 A	0.24601	0.03116	0.72283
379 T	0.24630	0.02061	0.73309
380 G	0.24653	0.00692	0.74655
381 A	0.24684	0.00000	0.75316
