# lcl|CP097583.1_cds_USQ93368.1_1
# AA	inside	membr	outside
1 A	0.18562	0.00000	0.81438
2 T	0.17932	0.00630	0.81438
3 G	0.17677	0.00885	0.81438
4 A	0.17677	0.02733	0.7959
5 A	0.14735	0.07378	0.77888
6 A	0.14734	0.07591	0.77675
7 A	0.10101	0.12268	0.77631
8 A	0.10101	0.12270	0.7763
9 A	0.08836	0.13556	0.77608
10 A	0.08836	0.14674	0.76491
11 A	0.08764	0.14854	0.76382
12 T	0.07808	0.15887	0.76306
13 A	0.04184	0.20160	0.75656
14 T	0.04183	0.20161	0.75656
15 A	0.04183	0.27511	0.68306
16 A	0.03420	0.28275	0.68306
17 A	0.02621	0.29118	0.68262
18 A	0.02592	0.29235	0.68172
19 A	0.02277	0.29578	0.68146
20 A	0.01744	0.30296	0.6796
21 T	0.01339	0.30640	0.68021
22 A	0.01395	0.30468	0.68138
23 T	0.01588	0.29919	0.68493
24 T	0.01793	0.29510	0.68698
25 C	0.01865	0.28323	0.69812
26 A	0.01900	0.28151	0.69949
27 A	0.03050	0.26633	0.70317
28 T	0.04222	0.23714	0.72063
29 T	0.04382	0.23368	0.72249
30 A	0.04420	0.21204	0.74375
31 A	0.04429	0.20670	0.74901
32 C	0.04476	0.18990	0.76534
33 A	0.05126	0.18166	0.76708
34 A	0.05240	0.17933	0.76826
35 A	0.05685	0.16792	0.77522
36 A	0.06479	0.13543	0.79978
37 A	0.06821	0.13029	0.80149
38 T	0.13211	0.05984	0.80805
39 A	0.13233	0.04733	0.82034
40 A	0.13437	0.03425	0.83138
41 T	0.13629	0.02832	0.8354
42 T	0.13679	0.02318	0.84003
43 T	0.13802	0.01786	0.84412
44 T	0.13750	0.01562	0.84688
45 A	0.13725	0.01531	0.84744
46 G	0.13717	0.01476	0.84807
47 C	0.13732	0.01401	0.84866
48 T	0.13742	0.01370	0.84887
49 T	0.13739	0.01352	0.84908
50 C	0.13651	0.01424	0.84925
51 T	0.13634	0.01441	0.84925
52 C	0.13589	0.01484	0.84927
53 T	0.13502	0.01595	0.84902
54 T	0.13348	0.01769	0.84884
55 A	0.13202	0.01927	0.84871
56 T	0.13058	0.01963	0.84978
57 A	0.12567	0.02406	0.85027
58 A	0.12230	0.02583	0.85187
59 T	0.12241	0.02450	0.85309
60 T	0.12241	0.02398	0.85361
61 T	0.12197	0.02401	0.85401
62 C	0.12157	0.02340	0.85503
63 G	0.12115	0.02369	0.85516
64 A	0.12102	0.02368	0.8553
65 C	0.12063	0.02383	0.85554
66 T	0.12014	0.02428	0.85558
67 T	0.11926	0.02498	0.85576
68 C	0.11733	0.02664	0.85603
69 A	0.11636	0.02774	0.85589
70 T	0.11585	0.02834	0.85581
71 T	0.11485	0.02937	0.85578
72 A	0.11388	0.03032	0.8558
73 G	0.11351	0.03006	0.85644
74 T	0.11246	0.03061	0.85693
75 A	0.11096	0.03135	0.85769
76 T	0.11030	0.03060	0.8591
77 T	0.10931	0.02975	0.86093
78 A	0.10803	0.02941	0.86256
79 T	0.10717	0.02834	0.86448
80 T	0.10498	0.02640	0.86862
81 T	0.10040	0.02830	0.87131
82 C	0.09565	0.03276	0.87159
83 A	0.09166	0.03689	0.87145
84 A	0.08686	0.04185	0.87129
85 A	0.08384	0.04483	0.87133
86 T	0.08194	0.04662	0.87144
87 A	0.07800	0.05047	0.87152
88 A	0.07712	0.05037	0.8725
89 A	0.07659	0.04990	0.87352
90 T	0.07625	0.04872	0.87503
91 C	0.07578	0.04712	0.8771
92 A	0.07578	0.04660	0.87762
93 A	0.07556	0.04636	0.87808
94 G	0.07561	0.04551	0.87888
95 T	0.07611	0.04424	0.87964
96 T	0.07638	0.04362	0.88
97 T	0.07657	0.04194	0.88149
98 A	0.07653	0.04029	0.88317
99 T	0.07658	0.03874	0.88469
100 T	0.07572	0.03826	0.88601
101 T	0.07462	0.03823	0.88715
102 A	0.07155	0.04167	0.88678
103 A	0.06318	0.04828	0.88853
104 G	0.05901	0.04845	0.89253
105 T	0.05731	0.04668	0.89601
106 A	0.05538	0.04564	0.89899
107 A	0.05504	0.04207	0.90289
108 A	0.05503	0.03952	0.90545
109 A	0.05516	0.03735	0.90749
110 C	0.05515	0.03345	0.9114
111 T	0.05498	0.03315	0.91187
112 A	0.05471	0.03322	0.91206
113 A	0.05460	0.03307	0.91233
114 T	0.05461	0.03260	0.9128
115 T	0.05451	0.03251	0.91298
116 T	0.05433	0.03205	0.91362
117 C	0.05402	0.03190	0.91408
118 A	0.05384	0.03202	0.91413
119 A	0.05362	0.03216	0.91423
120 C	0.05345	0.03211	0.91443
121 A	0.05338	0.03213	0.9145
122 A	0.05358	0.03181	0.91461
123 G	0.05408	0.03003	0.91589
124 A	0.05462	0.02818	0.9172
125 T	0.05633	0.02355	0.92012
126 G	0.05679	0.01294	0.93027
127 C	0.05735	0.00771	0.93493
128 C	0.05783	0.00589	0.93629
129 T	0.05797	0.00523	0.9368
130 A	0.05798	0.00511	0.93691
131 T	0.05808	0.00490	0.93702
132 T	0.05806	0.00484	0.93711
133 G	0.05788	0.00485	0.93728
134 T	0.05788	0.00433	0.93779
135 G	0.05787	0.00380	0.93832
136 C	0.05787	0.00345	0.93868
137 G	0.05788	0.00333	0.93879
138 T	0.05797	0.00311	0.93891
139 T	0.05798	0.00299	0.93903
140 C	0.05798	0.00284	0.93919
141 T	0.05799	0.00283	0.93919
142 A	0.05799	0.00266	0.93935
143 A	0.05799	0.00246	0.93955
144 T	0.05803	0.00223	0.93974
145 T	0.05804	0.00215	0.93982
146 A	0.05803	0.00191	0.94006
147 T	0.05803	0.00169	0.94028
148 T	0.05801	0.00161	0.94038
149 G	0.05794	0.00157	0.94049
150 G	0.05777	0.00169	0.94054
151 A	0.05769	0.00176	0.94055
152 A	0.05768	0.00171	0.94061
153 T	0.05775	0.00150	0.94075
154 T	0.05774	0.00142	0.94083
155 T	0.05771	0.00136	0.94094
156 T	0.05766	0.00125	0.9411
157 T	0.05757	0.00126	0.94117
158 G	0.05745	0.00132	0.94123
159 G	0.05740	0.00134	0.94127
160 C	0.05737	0.00133	0.94129
161 A	0.05737	0.00134	0.9413
162 T	0.05739	0.00130	0.94131
163 C	0.05742	0.00127	0.94132
164 T	0.05748	0.00121	0.94132
165 T	0.05750	0.00118	0.94132
166 C	0.05750	0.00117	0.94133
167 C	0.05751	0.00116	0.94134
168 T	0.05754	0.00113	0.94134
169 T	0.05755	0.00111	0.94134
170 T	0.05755	0.00110	0.94135
171 A	0.05754	0.00110	0.94136
172 A	0.05756	0.00102	0.94141
173 T	0.05760	0.00079	0.94162
174 T	0.05763	0.00065	0.94172
175 T	0.05765	0.00058	0.94177
176 T	0.05766	0.00053	0.94181
177 T	0.05764	0.00051	0.94185
178 T	0.05757	0.00053	0.9419
179 T	0.05745	0.00061	0.94194
180 A	0.05731	0.00070	0.94198
181 T	0.05723	0.00070	0.94207
182 G	0.05708	0.00082	0.94209
183 T	0.05702	0.00090	0.94208
184 T	0.05697	0.00097	0.94205
185 T	0.05693	0.00104	0.94203
186 A	0.05687	0.00112	0.94201
187 T	0.05686	0.00114	0.942
188 T	0.05684	0.00117	0.94199
189 T	0.05680	0.00122	0.94197
190 T	0.05674	0.00128	0.94198
191 T	0.05663	0.00138	0.94198
192 T	0.05651	0.00150	0.94199
193 T	0.05629	0.00171	0.942
194 C	0.05598	0.00201	0.94201
195 A	0.05569	0.00231	0.942
196 T	0.05554	0.00246	0.942
197 T	0.05527	0.00272	0.94201
198 A	0.05487	0.00312	0.94201
199 A	0.05468	0.00330	0.94201
200 G	0.05462	0.00331	0.94207
201 A	0.05459	0.00326	0.94215
202 G	0.05458	0.00313	0.94229
203 A	0.05460	0.00298	0.94242
204 T	0.05463	0.00285	0.94253
205 G	0.05465	0.00268	0.94266
206 C	0.05469	0.00257	0.94274
207 T	0.05474	0.00249	0.94277
208 T	0.05477	0.00243	0.94279
209 T	0.05478	0.00239	0.94283
210 G	0.05479	0.00237	0.94285
211 T	0.05481	0.00233	0.94287
212 T	0.05482	0.00222	0.94296
213 T	0.05481	0.00210	0.94309
214 T	0.05480	0.00193	0.94327
215 T	0.05480	0.00178	0.94343
216 T	0.05477	0.00160	0.94363
217 A	0.05474	0.00145	0.94381
218 T	0.05474	0.00117	0.94409
219 T	0.05469	0.00113	0.94418
220 T	0.05465	0.00102	0.94433
221 T	0.05452	0.00095	0.94454
222 T	0.05433	0.00113	0.94455
223 G	0.05337	0.00226	0.94437
224 T	0.05302	0.00276	0.94422
225 A	0.05251	0.00345	0.94404
226 T	0.05228	0.00377	0.94396
227 A	0.05186	0.00432	0.94382
228 T	0.05161	0.00461	0.94377
229 A	0.05126	0.00505	0.9437
230 T	0.05110	0.00525	0.94365
231 A	0.05085	0.00553	0.94361
232 G	0.05079	0.00559	0.94362
233 T	0.05076	0.00562	0.94362
234 A	0.05069	0.00569	0.94362
235 G	0.05066	0.00570	0.94363
236 C	0.05065	0.00570	0.94365
237 A	0.05064	0.00570	0.94365
238 G	0.05065	0.00568	0.94366
239 A	0.05069	0.00563	0.94369
240 C	0.05075	0.00553	0.94372
241 A	0.05082	0.00546	0.94372
242 T	0.05095	0.00524	0.94381
243 T	0.05104	0.00505	0.94391
244 A	0.05110	0.00486	0.94403
245 G	0.05119	0.00459	0.94422
246 T	0.05143	0.00336	0.94522
247 T	0.05157	0.00280	0.94563
248 T	0.05167	0.00222	0.94612
249 A	0.05158	0.00208	0.94633
250 T	0.05161	0.00167	0.94672
251 A	0.05153	0.00154	0.94693
252 T	0.05153	0.00121	0.94726
253 T	0.05150	0.00111	0.94739
254 C	0.05141	0.00100	0.94759
255 T	0.05130	0.00110	0.9476
256 T	0.05106	0.00132	0.94761
257 T	0.05073	0.00163	0.94765
258 G	0.05050	0.00184	0.94766
259 C	0.05036	0.00197	0.94766
260 C	0.05021	0.00212	0.94766
261 T	0.05015	0.00220	0.94765
262 C	0.05004	0.00234	0.94762
263 A	0.04987	0.00260	0.94754
264 A	0.04979	0.00275	0.94747
265 T	0.04976	0.00281	0.94743
266 A	0.04970	0.00288	0.94741
267 T	0.04970	0.00289	0.94741
268 T	0.04969	0.00287	0.94744
269 T	0.04966	0.00287	0.94747
270 A	0.04960	0.00291	0.94748
271 A	0.04957	0.00291	0.94751
272 T	0.04958	0.00278	0.94765
273 G	0.04937	0.00294	0.94768
274 A	0.04934	0.00294	0.94772
275 G	0.04931	0.00292	0.94777
276 T	0.04931	0.00284	0.94786
277 A	0.04919	0.00285	0.94796
278 T	0.04918	0.00270	0.94812
279 A	0.04902	0.00267	0.9483
280 C	0.04893	0.00247	0.9486
281 A	0.04878	0.00269	0.94853
282 A	0.04870	0.00286	0.94844
283 T	0.04861	0.00307	0.94832
284 G	0.04844	0.00336	0.9482
285 G	0.04842	0.00335	0.94822
286 A	0.04847	0.00314	0.94839
287 T	0.04853	0.00300	0.94848
288 T	0.04851	0.00297	0.94853
289 C	0.04846	0.00297	0.94857
290 C	0.04835	0.00308	0.94857
291 A	0.04766	0.00390	0.94844
292 G	0.04750	0.00407	0.94843
293 A	0.04736	0.00424	0.9484
294 C	0.04724	0.00441	0.94835
295 A	0.04708	0.00467	0.94826
296 C	0.04698	0.00456	0.94846
297 A	0.04661	0.00493	0.94845
298 G	0.04654	0.00500	0.94847
299 A	0.04650	0.00505	0.94845
300 C	0.04649	0.00496	0.94855
301 A	0.04649	0.00498	0.94853
302 G	0.04655	0.00476	0.94869
303 A	0.04657	0.00463	0.9488
304 G	0.04674	0.00431	0.94895
305 G	0.04689	0.00408	0.94902
306 T	0.04710	0.00372	0.94919
307 C	0.04720	0.00342	0.94938
308 C	0.04722	0.00336	0.94942
309 A	0.04722	0.00335	0.94943
310 A	0.04723	0.00333	0.94945
311 T	0.04724	0.00329	0.94947
312 G	0.04725	0.00324	0.9495
313 A	0.04728	0.00311	0.94962
314 C	0.04740	0.00220	0.9504
315 A	0.04744	0.00200	0.95057
316 A	0.04750	0.00176	0.95073
317 T	0.04763	0.00147	0.9509
318 T	0.04773	0.00120	0.95107
319 G	0.04774	0.00108	0.95118
320 C	0.04778	0.00059	0.95164
321 T	0.04781	0.00046	0.95173
322 T	0.04784	0.00039	0.95177
323 T	0.04785	0.00036	0.95179
324 T	0.04788	0.00032	0.9518
325 T	0.04788	0.00032	0.95179
326 T	0.04787	0.00030	0.95183
327 A	0.04786	0.00030	0.95184
328 G	0.04786	0.00030	0.95184
329 T	0.04786	0.00028	0.95185
330 T	0.04786	0.00028	0.95186
331 T	0.04786	0.00029	0.95184
332 T	0.04786	0.00030	0.95184
333 T	0.04781	0.00037	0.95182
334 T	0.04773	0.00048	0.9518
335 A	0.04756	0.00064	0.9518
336 T	0.04747	0.00074	0.95179
337 G	0.04740	0.00081	0.95179
338 G	0.04736	0.00084	0.95179
339 C	0.04734	0.00087	0.95179
340 A	0.04733	0.00088	0.95179
341 C	0.04733	0.00088	0.95179
342 C	0.04732	0.00089	0.95179
343 T	0.04732	0.00090	0.95179
344 T	0.04732	0.00090	0.95177
345 T	0.04732	0.00090	0.95177
346 A	0.04731	0.00091	0.95177
347 T	0.04733	0.00090	0.95178
348 T	0.04731	0.00089	0.9518
349 C	0.04728	0.00091	0.95182
350 C	0.04726	0.00092	0.95182
351 T	0.04727	0.00092	0.95182
352 A	0.04727	0.00093	0.95181
353 T	0.04728	0.00091	0.95181
354 T	0.04729	0.00091	0.9518
355 T	0.04727	0.00092	0.95181
356 T	0.04724	0.00088	0.95189
357 A	0.04706	0.00097	0.95198
358 G	0.04695	0.00090	0.95215
359 C	0.04691	0.00085	0.95224
360 T	0.04686	0.00086	0.95228
361 T	0.04677	0.00093	0.95229
362 A	0.04669	0.00101	0.9523
363 T	0.04666	0.00104	0.9523
364 A	0.04659	0.00112	0.95229
365 T	0.04658	0.00112	0.95231
366 T	0.04656	0.00112	0.95231
367 T	0.04655	0.00114	0.95231
368 T	0.04653	0.00115	0.95232
369 T	0.04649	0.00117	0.95233
370 A	0.04645	0.00120	0.95234
371 T	0.04643	0.00120	0.95238
372 T	0.04640	0.00119	0.95241
373 G	0.04634	0.00122	0.95244
374 C	0.04621	0.00133	0.95246
375 T	0.04613	0.00142	0.95245
376 A	0.04600	0.00160	0.9524
377 T	0.04596	0.00164	0.9524
378 T	0.04587	0.00174	0.95239
379 T	0.04574	0.00190	0.95237
380 T	0.04556	0.00191	0.95253
381 T	0.04528	0.00212	0.9526
382 A	0.04471	0.00269	0.9526
383 T	0.04452	0.00284	0.95264
384 G	0.04401	0.00329	0.95271
385 G	0.04366	0.00359	0.95275
386 A	0.04350	0.00377	0.95274
387 T	0.04337	0.00382	0.95281
388 C	0.04302	0.00416	0.95282
389 T	0.04274	0.00456	0.95269
390 T	0.04200	0.00548	0.95252
391 C	0.04089	0.00673	0.95238
392 G	0.03963	0.00887	0.95149
393 T	0.03839	0.01188	0.94973
394 A	0.03639	0.01548	0.94813
395 A	0.03452	0.01879	0.94669
396 A	0.03211	0.02336	0.94452
397 A	0.03062	0.02580	0.94358
398 A	0.03005	0.02684	0.94311
399 T	0.02986	0.02737	0.94277
400 A	0.02951	0.02851	0.94197
401 A	0.02942	0.02909	0.94149
402 T	0.02941	0.02931	0.94128
403 T	0.02918	0.02976	0.94107
404 A	0.02892	0.03019	0.94089
405 T	0.02868	0.03036	0.94096
406 A	0.02820	0.03108	0.94073
407 A	0.02792	0.03117	0.94091
408 A	0.02772	0.03124	0.94105
409 A	0.02769	0.03119	0.94111
410 A	0.02767	0.03114	0.9412
411 A	0.02771	0.03084	0.94145
412 A	0.02802	0.03015	0.94183
413 T	0.02843	0.02883	0.94275
414 A	0.02870	0.02757	0.94373
415 A	0.02961	0.02538	0.94501
416 T	0.03142	0.02216	0.94643
417 A	0.03270	0.01911	0.94818
418 A	0.03404	0.01598	0.94998
419 T	0.03652	0.01121	0.95227
420 T	0.03770	0.00867	0.95362
421 T	0.03828	0.00751	0.9542
422 G	0.03869	0.00686	0.95446
423 T	0.03956	0.00569	0.95474
424 T	0.04030	0.00483	0.95487
425 T	0.04086	0.00423	0.9549
426 T	0.04125	0.00379	0.95497
427 A	0.04148	0.00380	0.95472
428 T	0.04173	0.00368	0.95459
429 T	0.04194	0.00358	0.95448
430 T	0.04202	0.00359	0.95439
431 T	0.04205	0.00383	0.95412
432 A	0.04204	0.00416	0.95379
433 A	0.04209	0.00433	0.95357
434 T	0.04223	0.00429	0.95348
435 T	0.04215	0.00438	0.95347
436 G	0.04198	0.00459	0.95343
437 T	0.04191	0.00474	0.95335
438 T	0.04108	0.00576	0.95317
439 C	0.03993	0.00712	0.95296
440 T	0.03893	0.00905	0.95202
441 G	0.03763	0.01046	0.95191
442 T	0.03697	0.01124	0.9518
443 T	0.03478	0.01363	0.95158
444 A	0.02843	0.02030	0.95126
445 C	0.02456	0.02441	0.95103
446 A	0.02245	0.02661	0.95094
447 A	0.02084	0.02832	0.95085
448 A	0.02031	0.02895	0.95074
449 G	0.02018	0.02917	0.95065
450 C	0.02049	0.02894	0.95058
451 A	0.02082	0.02867	0.95051
452 T	0.02125	0.02825	0.9505
453 A	0.02118	0.02832	0.95051
454 T	0.02131	0.02815	0.95053
455 C	0.02090	0.02851	0.95058
456 A	0.02035	0.02903	0.95062
457 A	0.01983	0.02951	0.95066
458 G	0.01933	0.02986	0.9508
459 A	0.01918	0.02986	0.95096
460 G	0.01923	0.02964	0.95113
461 G	0.01938	0.02842	0.9522
462 A	0.01959	0.02695	0.95346
463 T	0.02051	0.02463	0.95486
464 T	0.02057	0.02300	0.95643
465 A	0.02057	0.02222	0.95721
466 A	0.02062	0.02001	0.95937
467 G	0.02073	0.01390	0.96537
468 T	0.02088	0.01016	0.96897
469 G	0.02062	0.00891	0.97048
470 G	0.02069	0.00835	0.97096
471 A	0.02079	0.00955	0.96966
472 T	0.02091	0.00957	0.96952
473 A	0.02096	0.00964	0.9694
474 T	0.02104	0.00948	0.96947
475 T	0.02094	0.00979	0.96927
476 T	0.02088	0.01048	0.96864
477 A	0.02072	0.01203	0.96726
478 T	0.02049	0.01362	0.96588
479 A	0.02026	0.01487	0.96487
480 T	0.02016	0.01597	0.96387
481 T	0.01999	0.01856	0.96145
482 G	0.01975	0.02104	0.9592
483 G	0.01962	0.02267	0.9577
484 T	0.01958	0.02369	0.95673
485 A	0.01940	0.02504	0.95556
486 T	0.01902	0.02630	0.95468
487 A	0.01852	0.02765	0.95383
488 A	0.01822	0.02805	0.95372
489 A	0.01818	0.02814	0.95368
490 G	0.01827	0.02802	0.95371
491 G	0.01845	0.02799	0.95356
492 C	0.01894	0.02757	0.95349
493 A	0.01963	0.02806	0.95232
494 T	0.02121	0.02767	0.95113
495 T	0.02156	0.02877	0.94968
496 A	0.02130	0.03122	0.94748
497 A	0.02098	0.03192	0.9471
498 A	0.02071	0.03237	0.94692
499 G	0.02081	0.03220	0.94699
500 A	0.02044	0.03238	0.94719
501 C	0.02249	0.02994	0.94757
502 G	0.02407	0.02822	0.94771
503 C	0.02597	0.02642	0.94761
504 A	0.02833	0.02508	0.94659
505 T	0.03042	0.02418	0.9454
506 T	0.03007	0.02739	0.94254
507 A	0.02742	0.03110	0.94149
508 G	0.02551	0.03332	0.94118
509 A	0.02354	0.03571	0.94074
510 A	0.02196	0.03733	0.94072
511 C	0.02047	0.03866	0.94087
512 A	0.01887	0.04158	0.93955
513 A	0.01834	0.04223	0.93943
514 A	0.01844	0.04223	0.93933
515 A	0.01868	0.04208	0.93924
516 A	0.01952	0.04129	0.9392
517 C	0.02058	0.03961	0.93981
518 A	0.02176	0.03875	0.93949
519 A	0.02342	0.03694	0.93965
520 A	0.02370	0.03637	0.93993
521 A	0.02399	0.03556	0.94045
522 T	0.02410	0.03485	0.94106
523 T	0.02406	0.03279	0.94316
524 G	0.02370	0.03269	0.94361
525 G	0.02329	0.03330	0.94342
526 A	0.02348	0.03425	0.94227
527 A	0.02428	0.03370	0.94202
528 A	0.02536	0.03224	0.94239
529 A	0.02815	0.02806	0.9438
530 T	0.02966	0.02360	0.94674
531 A	0.03009	0.02095	0.94895
532 T	0.03121	0.01733	0.95146
533 T	0.03158	0.01512	0.9533
534 A	0.03168	0.01369	0.95463
535 T	0.03251	0.01131	0.95618
536 C	0.03258	0.01068	0.95674
537 A	0.03268	0.01127	0.95605
538 A	0.03285	0.01210	0.95504
539 T	0.03306	0.01251	0.95443
540 A	0.03311	0.01345	0.95344
541 T	0.03363	0.01307	0.9533
542 T	0.03381	0.01274	0.95345
543 A	0.03381	0.01256	0.95363
544 T	0.03389	0.01227	0.95384
545 C	0.03396	0.01200	0.95404
546 A	0.03409	0.01199	0.95392
547 A	0.03442	0.01158	0.95401
548 A	0.03522	0.01052	0.95425
549 T	0.03670	0.00918	0.95412
550 T	0.03728	0.00872	0.954
551 G	0.03744	0.00870	0.95386
552 G	0.03761	0.00855	0.95384
553 T	0.03778	0.00833	0.95389
554 T	0.03786	0.00822	0.95392
555 T	0.03778	0.00839	0.95382
556 C	0.03763	0.00874	0.95362
557 A	0.03754	0.00980	0.95266
558 G	0.03754	0.01028	0.95218
559 G	0.03767	0.01050	0.95182
560 A	0.03840	0.01017	0.95143
561 T	0.03953	0.00929	0.95118
562 G	0.04009	0.00871	0.9512
563 A	0.04101	0.00776	0.95122
564 T	0.04132	0.00742	0.95125
565 T	0.04139	0.00733	0.95127
566 C	0.04133	0.00741	0.95126
567 T	0.04117	0.00823	0.9506
568 A	0.04087	0.00896	0.95017
569 A	0.04075	0.00923	0.95001
570 A	0.04078	0.00929	0.94992
571 A	0.04094	0.00919	0.94986
572 T	0.04125	0.00887	0.94988
573 A	0.04142	0.00865	0.94992
574 A	0.04179	0.00818	0.95003
575 T	0.04204	0.00780	0.95015
576 G	0.04213	0.00761	0.95026
577 C	0.04227	0.00736	0.95036
578 A	0.04251	0.00708	0.95041
579 A	0.04287	0.00661	0.95052
580 T	0.04388	0.00550	0.95062
581 T	0.04440	0.00492	0.95068
582 T	0.04469	0.00460	0.95072
583 A	0.04491	0.00423	0.95086
584 T	0.04506	0.00393	0.95101
585 G	0.04504	0.00379	0.95117
586 G	0.04507	0.00367	0.95126
587 T	0.04519	0.00347	0.95133
588 G	0.04527	0.00335	0.95139
589 A	0.04540	0.00316	0.95144
590 T	0.04611	0.00220	0.95169
591 T	0.04648	0.00159	0.95194
592 T	0.04658	0.00134	0.95207
593 G	0.04662	0.00125	0.95213
594 G	0.04667	0.00120	0.95213
595 T	0.04672	0.00115	0.95213
596 T	0.04673	0.00113	0.95214
597 G	0.04672	0.00122	0.95207
598 T	0.04672	0.00131	0.95196
599 T	0.04670	0.00151	0.95179
600 A	0.04668	0.00172	0.95161
601 A	0.04669	0.00182	0.95149
602 A	0.04673	0.00183	0.95144
603 T	0.04678	0.00182	0.9514
604 T	0.04680	0.00189	0.95131
605 T	0.04682	0.00196	0.95122
606 A	0.04678	0.00203	0.9512
607 A	0.04677	0.00202	0.95121
608 T	0.04680	0.00195	0.95124
609 T	0.04680	0.00193	0.95127
610 C	0.04679	0.00193	0.95128
611 C	0.04685	0.00189	0.95126
612 T	0.04692	0.00189	0.95119
613 G	0.04692	0.00206	0.95102
614 T	0.04698	0.00214	0.95088
615 T	0.04698	0.00227	0.95075
616 T	0.04693	0.00245	0.95063
617 T	0.04669	0.00278	0.95053
618 G	0.04608	0.00353	0.9504
619 A	0.04592	0.00371	0.95038
620 T	0.04597	0.00364	0.95038
621 A	0.04592	0.00372	0.95036
622 T	0.04601	0.00363	0.95036
623 C	0.04599	0.00368	0.95033
624 T	0.04597	0.00382	0.95021
625 A	0.04588	0.00401	0.95011
626 A	0.04587	0.00407	0.95006
627 T	0.04594	0.00402	0.95004
628 A	0.04599	0.00397	0.95004
629 T	0.04602	0.00386	0.95013
630 T	0.04601	0.00382	0.95017
631 G	0.04600	0.00380	0.95021
632 C	0.04600	0.00376	0.95025
633 T	0.04602	0.00372	0.95025
634 A	0.04604	0.00370	0.95026
635 A	0.04614	0.00358	0.95028
636 T	0.04639	0.00329	0.95032
637 T	0.04656	0.00311	0.95032
638 T	0.04667	0.00289	0.95044
639 T	0.04671	0.00275	0.95054
640 A	0.04668	0.00256	0.95076
641 T	0.04670	0.00196	0.95134
642 T	0.04647	0.00209	0.95143
643 G	0.04613	0.00259	0.95128
644 T	0.04605	0.00298	0.95097
645 A	0.04594	0.00382	0.95024
646 T	0.04596	0.00401	0.95004
647 T	0.04597	0.00423	0.94979
648 T	0.04584	0.00439	0.94978
649 T	0.04571	0.00456	0.94973
650 T	0.04558	0.00474	0.94968
651 T	0.04521	0.00521	0.94959
652 C	0.04455	0.00611	0.94934
653 T	0.04389	0.00777	0.94834
654 T	0.04163	0.01225	0.94611
655 A	0.03881	0.01766	0.94353
656 T	0.03693	0.02064	0.94242
657 A	0.03288	0.02573	0.94139
658 A	0.03019	0.02946	0.94035
659 A	0.02889	0.03130	0.93981
660 A	0.02831	0.03250	0.93919
661 A	0.02794	0.03350	0.93857
662 A	0.02770	0.03398	0.93832
663 A	0.02769	0.03421	0.9381
664 A	0.02776	0.03426	0.93798
665 G	0.02790	0.03394	0.93816
666 A	0.02818	0.03343	0.93838
667 G	0.02866	0.03292	0.93842
668 T	0.02953	0.03199	0.93849
669 T	0.02987	0.03163	0.93851
670 A	0.03009	0.03136	0.93854
671 T	0.03023	0.03095	0.93881
672 T	0.03032	0.03075	0.93893
673 A	0.03036	0.03077	0.93886
674 A	0.03053	0.03097	0.93849
675 A	0.03103	0.03034	0.93864
676 A	0.03214	0.02856	0.9393
677 T	0.03487	0.02312	0.94201
678 T	0.03739	0.01839	0.94423
679 T	0.03820	0.01657	0.94523
680 A	0.03864	0.01475	0.94661
681 T	0.03941	0.01172	0.94887
682 G	0.03974	0.01043	0.94983
683 A	0.04033	0.00949	0.95018
684 T	0.04105	0.00850	0.95045
685 C	0.04135	0.00798	0.95066
686 T	0.04165	0.00773	0.95062
687 T	0.04183	0.00767	0.9505
688 T	0.04187	0.00782	0.9503
689 A	0.04186	0.00794	0.9502
690 T	0.04194	0.00800	0.95006
691 T	0.04186	0.00839	0.94976
692 T	0.04157	0.00925	0.94919
693 C	0.04058	0.01098	0.94844
694 G	0.03918	0.01553	0.9453
695 A	0.03855	0.01829	0.94316
696 A	0.03793	0.02040	0.94166
697 A	0.03833	0.02069	0.94099
698 A	0.03934	0.01972	0.94093
699 T	0.04015	0.01887	0.94098
700 T	0.04047	0.01847	0.94106
701 A	0.04063	0.01827	0.94109
702 C	0.04101	0.01774	0.94125
703 T	0.04252	0.01622	0.94125
704 C	0.04254	0.01638	0.94107
705 T	0.04232	0.01766	0.94002
706 T	0.04160	0.02029	0.93811
707 T	0.04006	0.02311	0.93683
708 T	0.03684	0.02745	0.93572
709 A	0.02626	0.03985	0.93389
710 A	0.02488	0.04159	0.93354
711 G	0.02434	0.04223	0.93342
712 A	0.02408	0.04254	0.93338
713 A	0.02426	0.04232	0.93343
714 A	0.02479	0.04160	0.9336
715 A	0.02572	0.04030	0.93398
716 A	0.02686	0.03819	0.93495
717 T	0.03003	0.03368	0.9363
718 A	0.03160	0.03151	0.93689
719 T	0.03273	0.02953	0.93775
720 T	0.03311	0.02864	0.93824
721 T	0.03316	0.02839	0.93845
722 C	0.03318	0.02831	0.93852
723 G	0.03319	0.02827	0.93854
724 A	0.03321	0.02821	0.93857
725 A	0.03326	0.02813	0.93862
726 A	0.03343	0.02790	0.93867
727 A	0.03394	0.02723	0.93883
728 G	0.03553	0.02403	0.94043
729 T	0.03820	0.01891	0.94289
730 T	0.03960	0.01493	0.94547
731 A	0.04043	0.01084	0.94873
732 A	0.04186	0.00000	0.95814
