# lcl|CP097583.1_cds_USQ93458.1_1
# AA	inside	membr	outside
1 A	0.78544	0.00000	0.21455
2 T	0.78033	0.00511	0.21455
3 G	0.77612	0.00932	0.21455
4 A	0.77612	0.02348	0.20039
5 A	0.70374	0.11408	0.18218
6 A	0.70373	0.11707	0.1792
7 C	0.46382	0.35800	0.17817
8 A	0.46381	0.35812	0.17807
9 A	0.43626	0.38582	0.17791
10 A	0.43619	0.39510	0.1687
11 A	0.43187	0.39975	0.16838
12 A	0.39288	0.43887	0.16825
13 C	0.37037	0.46204	0.16758
14 A	0.37037	0.46205	0.16758
15 T	0.37036	0.48373	0.1459
16 A	0.36976	0.48434	0.1459
17 T	0.36908	0.48560	0.14532
18 A	0.36901	0.48738	0.14361
19 T	0.36681	0.49102	0.14217
20 T	0.30292	0.57626	0.12083
21 T	0.09971	0.77939	0.1209
22 A	0.07865	0.80259	0.11876
23 A	0.06596	0.81555	0.1185
24 A	0.05746	0.82397	0.11857
25 A	0.05211	0.82054	0.12735
26 A	0.04803	0.81772	0.13424
27 A	0.05709	0.79242	0.15049
28 A	0.07101	0.71710	0.21189
29 A	0.07325	0.70300	0.22375
30 A	0.07510	0.50753	0.41737
31 T	0.07491	0.50824	0.41686
32 A	0.07359	0.49141	0.43499
33 T	0.07781	0.48297	0.43922
34 G	0.07336	0.48615	0.44048
35 G	0.07282	0.45807	0.46912
36 A	0.07287	0.44784	0.47929
37 C	0.07361	0.45340	0.47299
38 A	0.09140	0.44144	0.46716
39 A	0.09227	0.45885	0.44889
40 A	0.09596	0.45480	0.44924
41 A	0.09886	0.44889	0.45225
42 T	0.10409	0.43833	0.45758
43 T	0.12128	0.34516	0.53356
44 T	0.12181	0.16856	0.70963
45 T	0.12277	0.14905	0.72817
46 T	0.12283	0.14961	0.72756
47 T	0.12211	0.17766	0.70022
48 A	0.11926	0.22281	0.65793
49 A	0.11551	0.30102	0.58347
50 G	0.11523	0.30851	0.57626
51 T	0.11723	0.32429	0.55849
52 G	0.11830	0.34699	0.53471
53 A	0.12128	0.37483	0.50389
54 T	0.13144	0.37065	0.49792
55 G	0.13882	0.36704	0.49414
56 T	0.14463	0.36460	0.49077
57 T	0.15128	0.36351	0.4852
58 A	0.15320	0.38755	0.45926
59 A	0.15875	0.38718	0.45407
60 T	0.17162	0.37955	0.44884
61 T	0.17797	0.38210	0.43993
62 T	0.18583	0.39739	0.41678
63 A	0.17840	0.46544	0.35616
64 T	0.17911	0.48372	0.33717
65 T	0.17553	0.50189	0.32258
66 A	0.16495	0.53204	0.303
67 A	0.16643	0.54576	0.28781
68 A	0.17118	0.54620	0.28262
69 A	0.18234	0.53732	0.28035
70 A	0.21529	0.50496	0.27975
71 A	0.26436	0.45403	0.28161
72 T	0.34924	0.36613	0.28462
73 A	0.36558	0.35071	0.28371
74 T	0.39558	0.32061	0.28382
75 T	0.40780	0.30801	0.28419
76 A	0.41078	0.30510	0.28412
77 T	0.40656	0.30898	0.28446
78 C	0.37153	0.34373	0.28474
79 C	0.33648	0.37989	0.28363
80 A	0.26299	0.45790	0.27911
81 A	0.24351	0.48179	0.2747
82 A	0.20326	0.52291	0.27383
83 A	0.18404	0.54237	0.27359
84 A	0.17797	0.54806	0.27397
85 G	0.19691	0.52131	0.28177
86 C	0.25342	0.45259	0.29399
87 T	0.27387	0.43016	0.29597
88 G	0.28341	0.41795	0.29865
89 A	0.29662	0.40041	0.30297
90 T	0.30935	0.38434	0.30632
91 T	0.31077	0.38174	0.30749
92 T	0.30103	0.38773	0.31124
93 A	0.28154	0.40613	0.31233
94 G	0.27212	0.41529	0.31259
95 A	0.27012	0.41823	0.31165
96 G	0.26944	0.41569	0.31487
97 A	0.26819	0.41458	0.31723
98 A	0.26808	0.40193	0.32998
99 T	0.26936	0.38916	0.34149
100 A	0.26945	0.37951	0.35104
101 A	0.26997	0.34666	0.38336
102 A	0.27127	0.30383	0.42489
103 A	0.27520	0.21586	0.50894
104 A	0.27899	0.17621	0.5448
105 T	0.28005	0.13297	0.58698
106 G	0.27985	0.11003	0.61012
107 T	0.28020	0.09649	0.62331
108 T	0.27964	0.09873	0.62163
109 G	0.27713	0.11766	0.60521
110 T	0.27631	0.15113	0.57255
111 T	0.27541	0.20422	0.52036
112 G	0.27477	0.30386	0.42136
113 A	0.27477	0.31933	0.4059
114 A	0.27526	0.32370	0.40105
115 A	0.27544	0.31723	0.40733
116 T	0.27692	0.29836	0.42472
117 C	0.27641	0.28980	0.43379
118 G	0.27772	0.28744	0.43484
119 G	0.27855	0.28627	0.43518
120 T	0.28040	0.28447	0.43512
121 C	0.28067	0.28461	0.43472
122 C	0.28103	0.28528	0.43368
123 T	0.28171	0.28682	0.43147
124 G	0.28151	0.29145	0.42704
125 G	0.28109	0.29907	0.41983
126 A	0.28075	0.30558	0.41367
127 A	0.28154	0.30636	0.41209
128 A	0.28305	0.30455	0.4124
129 A	0.28703	0.29986	0.41311
130 G	0.29494	0.29110	0.41397
131 G	0.30753	0.27720	0.41526
132 C	0.33366	0.24807	0.41827
133 A	0.37054	0.21029	0.41916
134 C	0.42707	0.15285	0.42008
135 T	0.52027	0.05977	0.41996
136 T	0.53362	0.04636	0.42002
137 T	0.53702	0.04294	0.42004
138 A	0.53570	0.04343	0.42087
139 A	0.53562	0.04326	0.42112
140 C	0.53599	0.04069	0.42333
141 T	0.53668	0.03951	0.42381
142 C	0.53689	0.03895	0.42416
143 G	0.53742	0.03905	0.42353
144 T	0.53061	0.04761	0.42178
145 T	0.50468	0.08029	0.41503
146 T	0.45867	0.14075	0.40058
147 A	0.40759	0.21232	0.38008
148 A	0.40363	0.22367	0.3727
149 T	0.40238	0.22813	0.36949
150 A	0.39404	0.23677	0.36919
151 T	0.39032	0.24008	0.3696
152 T	0.38291	0.24732	0.36977
153 A	0.36694	0.26332	0.36973
154 C	0.35853	0.27178	0.36969
155 C	0.35241	0.27812	0.36947
156 T	0.35035	0.28062	0.36903
157 A	0.34801	0.28313	0.36886
158 A	0.34744	0.28377	0.36879
159 A	0.34631	0.28492	0.36877
160 G	0.34529	0.28561	0.3691
161 C	0.34428	0.28392	0.37179
162 T	0.34330	0.28450	0.3722
163 A	0.34158	0.28652	0.37191
164 A	0.34047	0.28739	0.37214
165 A	0.33996	0.28725	0.3728
166 A	0.34037	0.28492	0.3747
167 A	0.34270	0.25970	0.3976
168 G	0.35054	0.21335	0.43611
169 G	0.36668	0.15156	0.48176
170 T	0.38747	0.08985	0.52268
171 T	0.39409	0.07541	0.53051
172 T	0.39608	0.06522	0.5387
173 T	0.39617	0.05592	0.5479
174 A	0.39518	0.05288	0.55194
175 G	0.39453	0.04543	0.56003
176 C	0.39414	0.03362	0.57223
177 T	0.39359	0.03183	0.57458
178 T	0.39121	0.03985	0.56893
179 A	0.38485	0.06407	0.55108
180 T	0.37542	0.08437	0.5402
181 G	0.35683	0.13888	0.50429
182 A	0.34923	0.18696	0.46381
183 A	0.34655	0.20866	0.44479
184 A	0.34536	0.21879	0.43586
185 T	0.34555	0.21964	0.43481
186 T	0.34556	0.21964	0.4348
187 G	0.34466	0.21962	0.43572
188 A	0.34441	0.21940	0.4362
189 T	0.34450	0.21890	0.4366
190 T	0.34367	0.21994	0.43639
191 C	0.34300	0.22077	0.43623
192 T	0.34265	0.22166	0.4357
193 G	0.34224	0.22246	0.4353
194 A	0.34228	0.22282	0.4349
195 T	0.34261	0.22263	0.43476
196 T	0.34307	0.22230	0.43463
197 T	0.34337	0.22110	0.43552
198 A	0.34310	0.22096	0.43594
199 A	0.34352	0.21988	0.4366
200 A	0.34636	0.21555	0.43809
201 G	0.35626	0.20144	0.4423
202 A	0.37580	0.17641	0.44779
203 A	0.39295	0.15091	0.45614
204 T	0.43742	0.09044	0.47215
205 T	0.47651	0.04514	0.47835
206 T	0.49187	0.02780	0.48033
207 T	0.49648	0.02265	0.48087
208 T	0.49697	0.02346	0.47957
209 T	0.49644	0.02668	0.47688
210 A	0.48765	0.04316	0.46919
211 G	0.48447	0.05115	0.46438
212 A	0.48321	0.05688	0.4599
213 T	0.48188	0.06346	0.45466
214 T	0.47590	0.07724	0.44686
215 T	0.46746	0.09041	0.44214
216 T	0.44006	0.12806	0.43189
217 G	0.40287	0.17598	0.42114
218 A	0.38616	0.20282	0.41102
219 T	0.37594	0.21747	0.40659
220 G	0.35842	0.23807	0.40351
221 A	0.34522	0.25319	0.4016
222 A	0.33691	0.26238	0.40071
223 G	0.32896	0.27030	0.40074
224 A	0.32609	0.27322	0.40069
225 A	0.32627	0.27307	0.40066
226 T	0.32699	0.27240	0.40061
227 C	0.32654	0.27294	0.40051
228 T	0.32648	0.27378	0.39973
229 A	0.32472	0.27747	0.39781
230 A	0.32517	0.27757	0.39726
231 A	0.32657	0.27626	0.39717
232 A	0.33012	0.27221	0.39767
233 T	0.34011	0.25299	0.40689
234 T	0.34655	0.24213	0.41132
235 A	0.35104	0.23454	0.41442
236 A	0.35796	0.22230	0.41975
237 T	0.36924	0.20010	0.43065
238 A	0.37468	0.18409	0.44123
239 T	0.38659	0.14515	0.46826
240 T	0.39653	0.10304	0.50042
241 A	0.40266	0.08111	0.51622
242 T	0.40630	0.06666	0.52705
243 T	0.40834	0.05182	0.53984
244 T	0.40851	0.04431	0.54718
245 A	0.40271	0.04546	0.55183
246 T	0.39847	0.04290	0.55862
247 G	0.39136	0.04841	0.56024
248 A	0.38550	0.05582	0.55868
249 T	0.38304	0.05826	0.5587
250 G	0.37972	0.06105	0.55922
251 A	0.37773	0.06354	0.55873
252 T	0.37878	0.06207	0.55914
253 G	0.37757	0.06648	0.55595
254 T	0.37719	0.07572	0.54708
255 T	0.37645	0.08875	0.53481
256 T	0.37376	0.09520	0.53104
257 T	0.36951	0.10171	0.52877
258 A	0.36248	0.10895	0.52857
259 T	0.35853	0.11281	0.52866
260 C	0.35529	0.11601	0.5287
261 A	0.35176	0.11969	0.52855
262 C	0.34988	0.12164	0.52848
263 G	0.34962	0.12249	0.5279
264 T	0.35058	0.12263	0.52679
265 G	0.35066	0.12525	0.5241
266 A	0.35211	0.12840	0.51948
267 T	0.35506	0.12603	0.51892
268 T	0.35613	0.12005	0.52382
269 T	0.35559	0.11684	0.52757
270 A	0.35452	0.11244	0.53305
271 T	0.35588	0.10573	0.5384
272 T	0.35502	0.10491	0.54007
273 A	0.35280	0.10544	0.54175
274 G	0.35160	0.10468	0.54371
275 A	0.35238	0.10390	0.54371
276 A	0.35487	0.10032	0.54482
277 G	0.36351	0.09161	0.54488
278 A	0.37492	0.08037	0.54471
279 T	0.37924	0.07378	0.54698
280 T	0.38000	0.07259	0.54741
281 T	0.37621	0.08040	0.54339
282 T	0.36957	0.11004	0.52039
283 A	0.34949	0.16152	0.48899
284 A	0.32731	0.21323	0.45946
285 A	0.31030	0.26085	0.42886
286 A	0.30273	0.27923	0.41804
287 A	0.29798	0.29171	0.41031
288 A	0.29753	0.29701	0.40547
289 T	0.30226	0.29363	0.40411
290 A	0.30247	0.29504	0.40248
291 T	0.30492	0.29142	0.40365
292 T	0.30543	0.28906	0.4055
293 T	0.30496	0.28733	0.40771
294 T	0.30231	0.28917	0.40852
295 C	0.29621	0.29432	0.40946
296 A	0.29405	0.29732	0.40863
297 A	0.29273	0.29964	0.40762
298 A	0.29244	0.30149	0.40607
299 A	0.29318	0.30191	0.40491
300 A	0.29482	0.30202	0.40316
301 G	0.29687	0.30073	0.4024
302 A	0.30008	0.29838	0.40153
303 A	0.30687	0.28923	0.40391
304 G	0.31971	0.27065	0.40964
305 A	0.34766	0.23700	0.41534
306 A	0.37931	0.18844	0.43225
307 A	0.41002	0.13819	0.45179
308 T	0.44405	0.08698	0.46896
309 A	0.45438	0.07062	0.47501
310 G	0.46204	0.05821	0.47975
311 T	0.46720	0.05064	0.48216
312 T	0.46888	0.04853	0.48259
313 T	0.46981	0.04769	0.48249
314 T	0.46994	0.04672	0.48335
315 G	0.46986	0.04606	0.48408
316 A	0.47002	0.04500	0.48498
317 T	0.47074	0.04076	0.48849
318 C	0.47079	0.03506	0.49414
319 G	0.47196	0.03284	0.4952
320 G	0.47381	0.03062	0.49556
321 C	0.47600	0.02863	0.49537
322 A	0.47778	0.02876	0.49347
323 A	0.48025	0.02693	0.49282
324 T	0.48405	0.02279	0.49316
325 T	0.48666	0.01996	0.49337
326 T	0.48745	0.01912	0.49343
327 G	0.48787	0.01853	0.4936
328 C	0.48871	0.01760	0.4937
329 C	0.48965	0.01670	0.49365
330 T	0.49121	0.01532	0.49347
331 T	0.49232	0.01423	0.49345
332 A	0.49221	0.01441	0.49338
333 T	0.49358	0.01307	0.49336
334 T	0.49408	0.01254	0.49338
335 C	0.49400	0.01239	0.4936
336 T	0.49477	0.01165	0.49358
337 A	0.49392	0.01247	0.49361
338 T	0.49393	0.01235	0.49372
339 T	0.49306	0.01331	0.49363
340 T	0.49138	0.01500	0.49362
341 C	0.49001	0.01602	0.49398
342 T	0.48959	0.01630	0.49411
343 A	0.48901	0.01681	0.49418
344 C	0.48933	0.01645	0.49422
345 T	0.49097	0.01479	0.49424
346 C	0.49152	0.01423	0.49424
347 C	0.49167	0.01407	0.49426
348 T	0.49181	0.01394	0.49425
349 C	0.49188	0.01387	0.49426
350 T	0.49201	0.01374	0.49425
351 T	0.49205	0.01374	0.49422
352 T	0.49210	0.01376	0.49413
353 T	0.49217	0.01370	0.49413
354 A	0.49217	0.01374	0.49408
355 T	0.49222	0.01234	0.49544
356 T	0.49219	0.01220	0.49561
357 T	0.49158	0.01391	0.49452
358 A	0.49070	0.01662	0.49268
359 A	0.49023	0.01842	0.49135
360 G	0.48985	0.02059	0.48957
361 A	0.48962	0.02593	0.48446
362 T	0.48959	0.03034	0.48007
363 T	0.48923	0.04137	0.4694
364 T	0.48843	0.06208	0.4495
365 T	0.48720	0.07888	0.43392
366 A	0.48537	0.09273	0.4219
367 T	0.48458	0.09992	0.41551
368 T	0.48350	0.10635	0.41015
369 T	0.47645	0.11477	0.40879
370 A	0.47030	0.12126	0.40844
371 T	0.46745	0.12422	0.40832
372 A	0.45836	0.13334	0.40829
373 C	0.45500	0.13670	0.4083
374 C	0.45297	0.13876	0.40827
375 T	0.44691	0.14499	0.4081
376 C	0.44063	0.15142	0.40795
377 A	0.43536	0.15677	0.40787
378 A	0.43096	0.16125	0.40779
379 A	0.42980	0.16240	0.40781
380 T	0.43104	0.16054	0.40842
381 C	0.43156	0.15933	0.4091
382 A	0.43239	0.15798	0.40963
383 A	0.43520	0.15478	0.41002
384 A	0.44182	0.14777	0.41041
385 A	0.45030	0.13892	0.41078
386 C	0.46714	0.12143	0.41143
387 T	0.49190	0.09560	0.4125
388 T	0.50424	0.08166	0.4141
389 T	0.50174	0.08238	0.41588
390 T	0.48849	0.09464	0.41686
391 A	0.47205	0.11030	0.41765
392 C	0.45696	0.11561	0.42743
393 T	0.44469	0.12337	0.43194
394 A	0.42634	0.14082	0.43285
395 T	0.41454	0.14759	0.43788
396 T	0.39401	0.16865	0.43734
397 A	0.36993	0.19426	0.43581
398 T	0.35890	0.20244	0.43866
399 G	0.33121	0.22546	0.44333
400 A	0.31883	0.23456	0.44661
401 T	0.31365	0.23817	0.44818
402 T	0.30462	0.25243	0.44295
403 C	0.28807	0.27259	0.43935
404 A	0.27271	0.30053	0.42675
405 A	0.25824	0.32070	0.42106
406 A	0.25038	0.33160	0.41802
407 A	0.24447	0.33946	0.41608
408 A	0.24193	0.34232	0.41574
409 G	0.24138	0.34070	0.41792
410 A	0.24106	0.33803	0.4209
411 A	0.24088	0.33253	0.42658
412 G	0.24095	0.31782	0.44122
413 T	0.24163	0.30061	0.45776
414 A	0.24195	0.28391	0.47414
415 G	0.24250	0.26428	0.49322
416 G	0.24360	0.24852	0.50788
417 G	0.24533	0.22526	0.52942
418 T	0.24760	0.21015	0.54225
419 T	0.24974	0.19096	0.55931
420 G	0.25018	0.17942	0.57039
421 A	0.25301	0.17417	0.57282
422 G	0.25463	0.15141	0.59396
423 G	0.25624	0.14582	0.59793
424 A	0.26069	0.15559	0.58372
425 T	0.27010	0.15581	0.57408
426 T	0.27323	0.17862	0.54815
427 A	0.27777	0.18687	0.53536
428 T	0.27924	0.18468	0.53608
429 A	0.27533	0.19174	0.53293
430 T	0.27116	0.19737	0.53147
431 C	0.25791	0.21491	0.52718
432 T	0.24194	0.24318	0.51488
433 A	0.18106	0.33202	0.48692
434 A	0.13383	0.39057	0.47561
435 G	0.10299	0.43436	0.46265
436 G	0.09070	0.48062	0.42868
437 A	0.08418	0.50661	0.4092
438 A	0.08051	0.51605	0.40344
439 A	0.07920	0.52174	0.39907
440 A	0.07849	0.52515	0.39636
441 A	0.07537	0.53038	0.39424
442 G	0.07508	0.53348	0.39145
443 A	0.07795	0.53166	0.3904
444 A	0.08376	0.52745	0.38879
445 A	0.08959	0.52200	0.38841
446 A	0.10141	0.50963	0.38895
447 A	0.12242	0.48781	0.38978
448 A	0.13969	0.46899	0.39132
449 A	0.17321	0.43260	0.39419
450 T	0.20727	0.39193	0.4008
451 T	0.22433	0.36919	0.40647
452 A	0.23292	0.35353	0.41354
453 T	0.24007	0.33580	0.42413
454 A	0.24323	0.31835	0.43842
455 A	0.25019	0.29162	0.45819
456 T	0.27775	0.20506	0.5172
457 G	0.28691	0.15243	0.56066
458 C	0.30101	0.11182	0.58717
459 T	0.33678	0.07024	0.59299
460 T	0.35178	0.05309	0.59513
461 T	0.35000	0.05592	0.59409
462 A	0.31843	0.09043	0.59114
463 A	0.31367	0.09629	0.59004
464 G	0.31263	0.09286	0.59451
465 T	0.31576	0.09008	0.59416
466 G	0.31669	0.09481	0.58849
467 T	0.31844	0.09744	0.58413
468 T	0.31405	0.10675	0.5792
469 T	0.30701	0.11860	0.57439
470 T	0.27772	0.15484	0.56744
471 A	0.23627	0.19730	0.56643
472 G	0.22518	0.20851	0.5663
473 T	0.22102	0.21256	0.56643
474 A	0.21515	0.21819	0.56665
475 C	0.21094	0.22155	0.56752
476 A	0.20934	0.22289	0.56777
477 A	0.20888	0.22240	0.56872
478 T	0.20924	0.22115	0.56962
479 C	0.20891	0.22095	0.57015
480 T	0.20903	0.22078	0.57019
481 T	0.20885	0.21917	0.57198
482 T	0.20810	0.21739	0.57451
483 A	0.20593	0.21793	0.57613
484 A	0.20722	0.21233	0.58046
485 C	0.21054	0.17545	0.614
486 T	0.21211	0.16745	0.62044
487 C	0.21225	0.16320	0.62455
488 G	0.21520	0.16042	0.62438
489 T	0.22303	0.15363	0.62333
490 A	0.22733	0.15129	0.62139
491 T	0.23158	0.14205	0.62637
492 T	0.23236	0.13871	0.62894
493 A	0.22750	0.12410	0.6484
494 T	0.21972	0.12307	0.6572
495 T	0.19317	0.17920	0.62763
496 A	0.14594	0.32204	0.53202
497 A	0.12503	0.39445	0.48051
498 A	0.11219	0.46042	0.42739
499 A	0.10220	0.49774	0.40007
500 T	0.09819	0.51543	0.38639
501 A	0.09103	0.53350	0.37548
502 A	0.08897	0.54137	0.36967
503 A	0.08829	0.54546	0.36625
504 A	0.08798	0.54588	0.36615
505 G	0.08798	0.54446	0.36755
506 T	0.08807	0.54237	0.36956
507 A	0.08807	0.54191	0.37002
508 A	0.08818	0.54158	0.37024
509 T	0.08851	0.54045	0.37103
510 A	0.08860	0.54047	0.37094
511 A	0.08907	0.54051	0.37042
512 A	0.09050	0.53995	0.36956
513 A	0.09254	0.53737	0.37009
514 A	0.09525	0.53370	0.37105
515 A	0.10282	0.52198	0.3752
516 A	0.12331	0.49154	0.38515
517 A	0.16398	0.43917	0.39686
518 A	0.21741	0.35682	0.42576
519 T	0.32360	0.20503	0.47137
520 A	0.36713	0.14632	0.48654
521 T	0.41469	0.08937	0.49594
522 G	0.43287	0.07147	0.49566
523 T	0.44538	0.07199	0.48263
524 T	0.44976	0.06602	0.48421
525 T	0.44695	0.06840	0.48464
526 T	0.44149	0.07364	0.48487
527 T	0.42404	0.09117	0.4848
528 C	0.39207	0.12316	0.48476
529 C	0.35825	0.15720	0.48455
530 C	0.32235	0.19359	0.48406
531 A	0.28675	0.22949	0.48376
532 C	0.27524	0.24102	0.48374
533 A	0.26954	0.24679	0.48366
534 A	0.26917	0.24717	0.48365
535 C	0.26987	0.24643	0.4837
536 C	0.27069	0.24556	0.48374
537 T	0.27045	0.24588	0.48367
538 A	0.26717	0.24938	0.48344
539 A	0.26556	0.25113	0.48331
540 A	0.26540	0.25133	0.48326
541 G	0.26649	0.24993	0.48358
542 T	0.27028	0.24482	0.48489
543 T	0.27412	0.23933	0.48656
544 G	0.27471	0.23727	0.48802
545 A	0.27994	0.22939	0.49067
546 T	0.29258	0.21219	0.49523
547 G	0.29282	0.20482	0.50237
548 G	0.29277	0.19463	0.5126
549 T	0.29266	0.18326	0.52409
550 A	0.29202	0.16613	0.54186
551 T	0.29180	0.13341	0.57479
552 T	0.29118	0.10500	0.60381
553 G	0.29036	0.07845	0.6312
554 T	0.28984	0.05252	0.65764
555 T	0.28851	0.04581	0.66568
556 T	0.28629	0.04367	0.67004
557 T	0.28166	0.04872	0.66963
558 G	0.27321	0.05870	0.66808
559 A	0.26897	0.06629	0.66474
560 G	0.26733	0.06850	0.66416
561 A	0.26578	0.07106	0.66316
562 T	0.26451	0.07378	0.66171
563 T	0.26333	0.07616	0.66051
564 T	0.26084	0.08066	0.65849
565 G	0.25592	0.09089	0.65319
566 A	0.25304	0.10040	0.64656
567 T	0.25249	0.10569	0.64182
568 A	0.25172	0.11761	0.63067
569 A	0.25082	0.12434	0.62485
570 A	0.25036	0.12999	0.61965
571 T	0.24991	0.13514	0.61495
572 T	0.24664	0.14568	0.60769
573 G	0.24319	0.16084	0.59596
574 G	0.24195	0.17856	0.5795
575 A	0.24202	0.20178	0.55619
576 T	0.24367	0.20661	0.54972
577 T	0.24346	0.21191	0.54463
578 T	0.24248	0.21650	0.54102
579 G	0.23553	0.22852	0.53594
580 A	0.23239	0.23503	0.53257
581 A	0.23267	0.23179	0.53554
582 T	0.23605	0.22705	0.5369
583 A	0.23577	0.23088	0.53335
584 A	0.23694	0.23373	0.52932
585 T	0.23584	0.23982	0.52433
586 G	0.22146	0.27300	0.50554
587 A	0.20802	0.31502	0.47696
588 A	0.20006	0.34302	0.45692
589 G	0.19404	0.36896	0.43701
590 A	0.18731	0.39425	0.41844
591 A	0.19221	0.39801	0.40978
592 A	0.19433	0.40018	0.40549
593 A	0.19882	0.39660	0.40458
594 A	0.20575	0.38901	0.40523
595 G	0.21438	0.37699	0.40863
596 A	0.22857	0.35966	0.41177
597 A	0.24849	0.33745	0.41405
598 T	0.27802	0.30559	0.41639
599 T	0.28790	0.29509	0.41701
600 T	0.29289	0.28829	0.41882
601 A	0.29386	0.28617	0.41998
602 T	0.29451	0.28013	0.42535
603 T	0.29186	0.28053	0.42762
604 G	0.28653	0.28524	0.42823
605 A	0.28539	0.28650	0.42812
606 A	0.28724	0.28270	0.43006
607 A	0.29081	0.27605	0.43315
608 A	0.29779	0.26342	0.4388
609 A	0.32110	0.22742	0.45148
610 G	0.35424	0.18165	0.46411
611 A	0.37937	0.14777	0.47286
612 T	0.40463	0.11240	0.48297
613 T	0.42068	0.08798	0.49134
614 T	0.42758	0.07832	0.4941
615 T	0.43074	0.07176	0.4975
616 T	0.43155	0.06873	0.49971
617 A	0.43147	0.06791	0.50063
618 T	0.43176	0.06628	0.50196
619 C	0.43175	0.06582	0.50243
620 G	0.43214	0.06592	0.50194
621 A	0.43328	0.06598	0.50075
622 T	0.43629	0.06388	0.49983
623 T	0.43748	0.06546	0.49706
624 T	0.43838	0.06863	0.49298
625 G	0.43765	0.07227	0.49008
626 T	0.43544	0.08090	0.48366
627 T	0.42711	0.09910	0.47378
628 A	0.41372	0.11600	0.47029
629 A	0.40444	0.13029	0.46527
630 A	0.39463	0.14383	0.46154
631 G	0.38657	0.14972	0.46371
632 C	0.38362	0.15282	0.46356
633 T	0.38438	0.15783	0.45779
634 G	0.38142	0.17123	0.44734
635 C	0.38207	0.17946	0.43847
636 T	0.38296	0.18129	0.43576
637 T	0.38175	0.18462	0.43363
638 T	0.37621	0.19241	0.43137
639 T	0.36982	0.19931	0.43087
640 C	0.36105	0.20846	0.4305
641 A	0.35225	0.21857	0.42918
642 G	0.34321	0.22809	0.42869
643 C	0.33419	0.23868	0.42713
644 A	0.30511	0.27117	0.42372
645 A	0.27625	0.30419	0.41956
646 A	0.24544	0.33988	0.41468
647 A	0.23914	0.34941	0.41145
648 A	0.23920	0.34928	0.41152
649 A	0.24502	0.33824	0.41675
650 G	0.25383	0.31888	0.42728
651 A	0.25586	0.30606	0.43809
652 A	0.25847	0.29754	0.44399
653 A	0.26287	0.28606	0.45106
654 A	0.26323	0.28162	0.45514
655 A	0.26507	0.27854	0.45639
656 A	0.27119	0.27364	0.45517
657 T	0.28288	0.25544	0.46168
658 T	0.28788	0.25015	0.46198
659 T	0.28355	0.25340	0.46305
660 A	0.27490	0.26059	0.46451
661 C	0.26834	0.25942	0.47223
662 T	0.26454	0.25969	0.47578
663 T	0.25785	0.26504	0.47711
664 A	0.23257	0.29251	0.47493
665 A	0.22622	0.29378	0.47999
666 T	0.22401	0.28947	0.48651
667 A	0.22062	0.26030	0.51908
668 A	0.22019	0.23040	0.54941
669 C	0.22129	0.19482	0.5839
670 T	0.22301	0.18715	0.58984
671 T	0.22177	0.18622	0.592
672 A	0.21660	0.19302	0.59038
673 A	0.21220	0.19998	0.58782
674 G	0.20761	0.20627	0.58612
675 T	0.20310	0.21415	0.58275
676 A	0.18786	0.25758	0.55456
677 A	0.18659	0.26989	0.54352
678 A	0.18982	0.27648	0.5337
679 A	0.19442	0.27552	0.53006
680 A	0.19634	0.27607	0.52759
681 T	0.20286	0.27091	0.52622
682 T	0.20643	0.27145	0.52211
683 T	0.20778	0.27492	0.5173
684 T	0.20714	0.27656	0.5163
685 G	0.20548	0.28030	0.51423
686 A	0.20603	0.28301	0.51097
687 T	0.20951	0.26174	0.52875
688 A	0.20741	0.27157	0.52101
689 T	0.20721	0.27418	0.51862
690 T	0.20607	0.28036	0.51357
691 G	0.20296	0.28946	0.50759
692 A	0.20144	0.29526	0.5033
693 T	0.20111	0.29719	0.50169
694 A	0.20020	0.29993	0.49987
695 A	0.20261	0.29559	0.50181
696 A	0.20730	0.28774	0.50496
697 A	0.21301	0.27598	0.51101
698 A	0.22533	0.25601	0.51865
699 T	0.25918	0.20914	0.53169
700 G	0.27107	0.20166	0.52726
701 A	0.28118	0.23095	0.48786
702 A	0.28952	0.23388	0.4766
703 A	0.29871	0.23073	0.47057
704 T	0.31245	0.21831	0.46923
705 T	0.32994	0.20305	0.467
706 T	0.34356	0.19476	0.46168
707 T	0.34761	0.19930	0.45308
708 A	0.34503	0.21492	0.44005
709 A	0.34696	0.21876	0.43428
710 A	0.35263	0.21385	0.43351
711 T	0.36897	0.19513	0.4359
712 T	0.37884	0.18469	0.43648
713 T	0.38793	0.17376	0.43831
714 T	0.39427	0.16497	0.44075
715 T	0.39737	0.16058	0.44205
716 T	0.39662	0.16033	0.44305
717 C	0.37327	0.18290	0.44384
718 C	0.34178	0.21593	0.4423
719 A	0.31608	0.24350	0.44041
720 G	0.30220	0.25939	0.43841
721 A	0.29529	0.26774	0.43698
722 A	0.29493	0.26869	0.43639
723 A	0.30037	0.26348	0.43614
724 T	0.34449	0.21834	0.43717
725 A	0.35291	0.21002	0.43706
726 T	0.35944	0.20276	0.4378
727 A	0.36094	0.20165	0.43741
728 A	0.36522	0.19673	0.43805
729 T	0.37179	0.18857	0.43964
730 A	0.38194	0.17604	0.44203
731 T	0.39316	0.15957	0.44727
732 T	0.39564	0.15455	0.44981
733 T	0.38749	0.16284	0.44968
734 C	0.36043	0.19195	0.44761
735 T	0.32119	0.24072	0.4381
736 A	0.21298	0.35491	0.4321
737 A	0.18701	0.38301	0.42998
738 A	0.16976	0.40176	0.42848
739 A	0.16284	0.40798	0.42917
740 A	0.16104	0.38545	0.4535
741 T	0.16037	0.35347	0.48616
742 A	0.15594	0.33494	0.50912
743 T	0.15509	0.32239	0.52253
744 T	0.15231	0.32124	0.52645
745 A	0.14963	0.32097	0.5294
746 G	0.14871	0.31775	0.53354
747 A	0.14804	0.31650	0.53546
748 G	0.14825	0.31233	0.53941
749 C	0.14867	0.31297	0.53835
750 T	0.14901	0.31911	0.53188
751 G	0.14767	0.32463	0.5277
752 A	0.14693	0.32899	0.52408
753 A	0.14616	0.33119	0.52266
754 G	0.14600	0.33263	0.52137
755 A	0.14675	0.33157	0.52168
756 A	0.14951	0.31870	0.53179
757 A	0.15388	0.28679	0.55933
758 T	0.16473	0.23483	0.60045
759 T	0.16959	0.13590	0.69451
760 A	0.17083	0.12195	0.70722
761 G	0.17229	0.11530	0.71242
762 T	0.17409	0.12804	0.69786
763 A	0.17504	0.12961	0.69535
764 T	0.17722	0.12632	0.69646
765 T	0.17824	0.13071	0.69105
766 T	0.17851	0.13797	0.68353
767 C	0.17731	0.15972	0.66296
768 A	0.17506	0.25717	0.56777
769 A	0.17417	0.28530	0.54053
770 G	0.17464	0.29920	0.52616
771 A	0.17627	0.31538	0.50835
772 T	0.18207	0.31786	0.50007
773 T	0.18829	0.32028	0.49142
774 T	0.18984	0.32163	0.48852
775 A	0.18854	0.32627	0.48519
776 A	0.18632	0.33133	0.48234
777 A	0.18471	0.33706	0.47824
778 G	0.18528	0.34512	0.46961
779 A	0.18842	0.34937	0.4622
780 A	0.19180	0.35006	0.45815
781 A	0.19475	0.34727	0.45798
782 T	0.20258	0.33922	0.45819
783 A	0.20814	0.33344	0.45843
784 A	0.21637	0.32481	0.45882
785 C	0.23468	0.30577	0.45955
786 A	0.24205	0.29805	0.45989
787 A	0.25172	0.28769	0.46058
788 T	0.28395	0.25438	0.46167
789 G	0.29929	0.23783	0.46288
790 C	0.32865	0.20671	0.46464
791 T	0.41341	0.11956	0.46703
792 T	0.43877	0.09306	0.46817
793 T	0.45071	0.08070	0.4686
794 T	0.46156	0.07016	0.46828
795 T	0.46475	0.06727	0.46798
796 T	0.46246	0.06919	0.46835
797 T	0.46191	0.06812	0.46996
798 A	0.46243	0.06548	0.47209
799 A	0.46436	0.06090	0.47473
800 A	0.46901	0.05307	0.47791
801 T	0.47889	0.03937	0.48174
802 T	0.48634	0.02984	0.48382
803 T	0.49025	0.02488	0.48487
804 T	0.49057	0.02394	0.48549
805 T	0.49068	0.02344	0.48588
806 T	0.49074	0.02268	0.48658
807 T	0.49076	0.02226	0.48698
808 A	0.49078	0.02201	0.48722
809 A	0.49080	0.02171	0.48749
810 T	0.49085	0.02146	0.4877
811 T	0.49087	0.02127	0.48785
812 T	0.49090	0.02106	0.48804
813 G	0.49092	0.02090	0.48818
814 A	0.49098	0.02067	0.48836
815 A	0.49110	0.02005	0.48884
816 A	0.49146	0.01851	0.49004
817 T	0.49248	0.01422	0.49329
818 A	0.49333	0.01006	0.49661
819 A	0.49481	0.00000	0.50519
