# lcl|CP097583.1_cds_USQ93377.1_1
# AA	inside	membr	outside
1 A	0.11078	0.00000	0.88922
2 T	0.11066	0.00012	0.88922
3 G	0.11058	0.00020	0.88922
4 T	0.11058	0.00177	0.88765
5 A	0.10925	0.00428	0.88647
6 T	0.10925	0.00441	0.88634
7 T	0.10679	0.00694	0.88627
8 T	0.10679	0.00694	0.88627
9 T	0.10585	0.00790	0.88625
10 A	0.10585	0.00912	0.88502
11 T	0.10574	0.00929	0.88497
12 T	0.10079	0.01428	0.88493
13 G	0.08188	0.03361	0.88451
14 A	0.08188	0.03361	0.88451
15 T	0.08188	0.04564	0.87248
16 A	0.07881	0.04871	0.87248
17 A	0.07521	0.05247	0.87232
18 A	0.07512	0.05295	0.87194
19 A	0.07342	0.05488	0.8717
20 T	0.06866	0.06136	0.86998
21 T	0.04976	0.08028	0.86996
22 A	0.04804	0.08250	0.86945
23 T	0.04748	0.08323	0.86929
24 A	0.04640	0.08447	0.86913
25 A	0.04590	0.08467	0.86942
26 A	0.04578	0.08455	0.86967
27 T	0.04729	0.08210	0.87062
28 T	0.04822	0.07980	0.87198
29 C	0.04819	0.07924	0.87256
30 T	0.04827	0.07790	0.87383
31 T	0.04786	0.07747	0.87467
32 T	0.04718	0.07692	0.87589
33 C	0.04568	0.07716	0.87716
34 G	0.04485	0.07783	0.87733
35 A	0.04439	0.07469	0.88092
36 A	0.04445	0.06187	0.89368
37 A	0.04458	0.06131	0.8941
38 T	0.05548	0.04996	0.89456
39 A	0.05548	0.04556	0.89896
40 G	0.05591	0.04038	0.9037
41 A	0.05654	0.03776	0.90569
42 T	0.05715	0.03421	0.90864
43 A	0.05843	0.02811	0.91346
44 T	0.05872	0.01210	0.92919
45 T	0.05923	0.00944	0.93133
46 T	0.05940	0.00831	0.93229
47 T	0.05950	0.00719	0.93331
48 T	0.05951	0.00664	0.93385
49 T	0.05949	0.00643	0.93408
50 T	0.05945	0.00634	0.93421
51 A	0.05941	0.00618	0.93442
52 A	0.05940	0.00580	0.9348
53 T	0.05941	0.00511	0.93548
54 T	0.05941	0.00446	0.93613
55 T	0.05941	0.00374	0.93685
56 T	0.05940	0.00242	0.93818
57 A	0.05924	0.00194	0.93882
58 G	0.05922	0.00145	0.93933
59 T	0.05926	0.00113	0.93961
60 T	0.05927	0.00097	0.93976
61 T	0.05926	0.00093	0.9398
62 T	0.05926	0.00083	0.93991
63 T	0.05914	0.00095	0.93991
64 T	0.05900	0.00107	0.93993
65 G	0.05878	0.00129	0.93993
66 T	0.05871	0.00136	0.93993
67 T	0.05863	0.00144	0.93993
68 C	0.05847	0.00160	0.93993
69 T	0.05835	0.00179	0.93986
70 T	0.05820	0.00194	0.93985
71 T	0.05804	0.00211	0.93985
72 A	0.05786	0.00229	0.93985
73 T	0.05782	0.00231	0.93987
74 C	0.05773	0.00234	0.93993
75 T	0.05767	0.00239	0.93993
76 T	0.05754	0.00251	0.93994
77 T	0.05740	0.00264	0.93995
78 A	0.05720	0.00283	0.93996
79 G	0.05707	0.00294	0.93998
80 C	0.05703	0.00282	0.94015
81 T	0.05703	0.00278	0.94018
82 A	0.05701	0.00280	0.94018
83 A	0.05701	0.00279	0.9402
84 T	0.05703	0.00275	0.94023
85 T	0.05701	0.00273	0.94026
86 T	0.05699	0.00259	0.94041
87 A	0.05688	0.00255	0.94056
88 G	0.05683	0.00236	0.94081
89 G	0.05679	0.00230	0.94091
90 T	0.05679	0.00220	0.94102
91 G	0.05676	0.00207	0.94118
92 T	0.05682	0.00188	0.9413
93 T	0.05682	0.00177	0.94142
94 T	0.05681	0.00165	0.94154
95 T	0.05679	0.00153	0.94168
96 T	0.05675	0.00149	0.94175
97 T	0.05671	0.00143	0.94186
98 T	0.05666	0.00141	0.94193
99 G	0.05643	0.00154	0.94203
100 G	0.05629	0.00159	0.94211
101 T	0.05622	0.00154	0.94223
102 T	0.05595	0.00178	0.94227
103 T	0.05551	0.00222	0.94227
104 T	0.05441	0.00335	0.94224
105 A	0.05265	0.00518	0.94217
106 A	0.05136	0.00657	0.94208
107 A	0.05079	0.00716	0.94206
108 G	0.05049	0.00746	0.94206
109 A	0.05042	0.00754	0.94203
110 A	0.05039	0.00750	0.94212
111 A	0.05037	0.00746	0.94216
112 G	0.05038	0.00740	0.94221
113 T	0.05042	0.00733	0.94225
114 T	0.05041	0.00729	0.94229
115 T	0.05040	0.00728	0.94232
116 C	0.05034	0.00730	0.94236
117 T	0.05032	0.00732	0.94236
118 A	0.05027	0.00738	0.94236
119 T	0.05024	0.00737	0.94238
120 G	0.05016	0.00742	0.94241
121 G	0.05014	0.00743	0.94243
122 T	0.05010	0.00720	0.9427
123 T	0.04988	0.00720	0.94292
124 A	0.04949	0.00742	0.94308
125 T	0.04938	0.00709	0.94353
126 A	0.04914	0.00684	0.94402
127 G	0.04904	0.00583	0.94512
128 A	0.04903	0.00440	0.94657
129 T	0.04910	0.00314	0.94776
130 G	0.04908	0.00270	0.94822
131 C	0.04908	0.00247	0.94846
132 T	0.04907	0.00245	0.94847
133 A	0.04898	0.00255	0.94847
134 T	0.04893	0.00260	0.94847
135 T	0.04880	0.00273	0.94848
136 A	0.04861	0.00292	0.94847
137 G	0.04852	0.00294	0.94853
138 T	0.04844	0.00296	0.9486
139 C	0.04830	0.00302	0.94868
140 A	0.04821	0.00311	0.94868
141 T	0.04811	0.00318	0.9487
142 A	0.04796	0.00333	0.94871
143 G	0.04791	0.00330	0.94879
144 T	0.04794	0.00324	0.94882
145 G	0.04795	0.00309	0.94897
146 T	0.04797	0.00277	0.94926
147 T	0.04798	0.00238	0.94964
148 T	0.04798	0.00225	0.94978
149 T	0.04796	0.00209	0.94995
150 A	0.04782	0.00213	0.95005
151 T	0.04773	0.00214	0.95013
152 T	0.04751	0.00230	0.95018
153 A	0.04689	0.00288	0.95023
154 G	0.04654	0.00317	0.95029
155 G	0.04635	0.00330	0.95034
156 A	0.04619	0.00340	0.95041
157 A	0.04615	0.00338	0.95048
158 T	0.04611	0.00327	0.95063
159 T	0.04601	0.00322	0.95077
160 G	0.04586	0.00331	0.95082
161 T	0.04576	0.00343	0.9508
162 A	0.04562	0.00366	0.95073
163 A	0.04554	0.00368	0.95079
164 T	0.04553	0.00358	0.95089
165 T	0.04551	0.00347	0.95102
166 G	0.04538	0.00354	0.95108
167 C	0.04534	0.00357	0.95109
168 T	0.04532	0.00365	0.95103
169 T	0.04526	0.00387	0.95087
170 A	0.04522	0.00420	0.95059
171 T	0.04519	0.00433	0.95047
172 T	0.04517	0.00453	0.95031
173 T	0.04512	0.00457	0.95031
174 A	0.04504	0.00473	0.95023
175 A	0.04503	0.00465	0.95032
176 T	0.04503	0.00416	0.95081
177 A	0.04498	0.00398	0.95104
178 G	0.04496	0.00387	0.95116
179 T	0.04495	0.00379	0.95126
180 A	0.04456	0.00415	0.95129
181 A	0.04428	0.00438	0.95133
182 A	0.04415	0.00440	0.95145
183 A	0.04412	0.00429	0.95159
184 G	0.04421	0.00406	0.95173
185 A	0.04437	0.00377	0.95185
186 T	0.04442	0.00360	0.95198
187 T	0.04444	0.00354	0.95202
188 T	0.04444	0.00348	0.95207
189 G	0.04443	0.00341	0.95216
190 A	0.04442	0.00336	0.95221
191 A	0.04448	0.00325	0.95228
192 C	0.04468	0.00293	0.95239
193 T	0.04505	0.00250	0.95245
194 C	0.04521	0.00227	0.95251
195 T	0.04541	0.00206	0.95253
196 C	0.04553	0.00191	0.95255
197 C	0.04569	0.00175	0.95257
198 T	0.04583	0.00161	0.95257
199 T	0.04591	0.00152	0.95257
200 T	0.04597	0.00143	0.9526
201 T	0.04580	0.00159	0.95261
202 T	0.04553	0.00182	0.95265
203 T	0.04478	0.00216	0.95305
204 A	0.04364	0.00307	0.9533
205 A	0.04311	0.00346	0.95343
206 T	0.04285	0.00370	0.95346
207 C	0.04188	0.00481	0.95331
208 A	0.04108	0.00589	0.95303
209 T	0.04061	0.00647	0.95292
210 T	0.03979	0.00739	0.95281
211 G	0.03889	0.00831	0.95281
212 G	0.03803	0.00920	0.95277
213 A	0.03739	0.00987	0.95273
214 G	0.03724	0.01001	0.95275
215 C	0.03718	0.01007	0.95275
216 A	0.03714	0.01013	0.95273
217 A	0.03713	0.01015	0.95272
218 C	0.03712	0.01015	0.95273
219 T	0.03711	0.01017	0.95271
220 T	0.03708	0.01022	0.9527
221 T	0.03705	0.01025	0.9527
222 A	0.03695	0.01034	0.95271
223 A	0.03686	0.01040	0.95274
224 T	0.03678	0.01006	0.95316
225 A	0.03639	0.01003	0.95359
226 G	0.03627	0.00928	0.95445
227 G	0.03623	0.00837	0.9554
228 A	0.03625	0.00792	0.95583
229 A	0.03631	0.00756	0.95613
230 T	0.03656	0.00622	0.95723
231 T	0.03678	0.00518	0.95805
232 T	0.03683	0.00456	0.95861
233 T	0.03680	0.00391	0.9593
234 A	0.03664	0.00348	0.95987
235 A	0.03661	0.00281	0.96059
236 C	0.03662	0.00220	0.96118
237 T	0.03659	0.00214	0.96126
238 T	0.03651	0.00223	0.96126
239 T	0.03639	0.00238	0.96124
240 T	0.03616	0.00268	0.96116
241 T	0.03576	0.00321	0.96104
242 A	0.03480	0.00430	0.9609
243 T	0.03407	0.00515	0.96078
244 T	0.03281	0.00714	0.96005
245 T	0.03068	0.00973	0.9596
246 A	0.02542	0.01536	0.95921
247 A	0.02162	0.01946	0.95893
248 T	0.01987	0.02102	0.95912
249 A	0.01719	0.02390	0.95892
250 G	0.01576	0.02560	0.95864
251 A	0.01469	0.02694	0.95837
252 A	0.01378	0.02806	0.95816
253 T	0.01340	0.02850	0.95811
254 T	0.01256	0.02948	0.95796
255 A	0.01141	0.03073	0.95787
256 A	0.01106	0.03107	0.95787
257 T	0.01088	0.03116	0.95796
258 A	0.01046	0.03159	0.95795
259 A	0.01020	0.03187	0.95793
260 G	0.01000	0.03208	0.95793
261 T	0.00932	0.03288	0.95779
262 A	0.00756	0.03504	0.9574
263 A	0.00676	0.03574	0.95751
264 A	0.00635	0.03569	0.95795
265 A	0.00639	0.03455	0.95907
266 A	0.00654	0.03303	0.96042
267 T	0.00743	0.02997	0.96261
268 A	0.00786	0.02732	0.96482
269 G	0.00823	0.02241	0.96936
270 T	0.00848	0.01940	0.97212
271 A	0.00843	0.01848	0.97309
272 A	0.00862	0.01675	0.97463
273 A	0.00889	0.01588	0.97524
274 A	0.00917	0.01458	0.97625
275 T	0.00940	0.01323	0.97737
276 A	0.00939	0.01304	0.97757
277 T	0.00933	0.01232	0.97835
278 C	0.00881	0.01226	0.97893
279 A	0.00782	0.01432	0.97787
280 A	0.00724	0.01522	0.97754
281 A	0.00705	0.01547	0.97748
282 A	0.00707	0.01538	0.97755
283 G	0.00718	0.01502	0.9778
284 A	0.00749	0.01376	0.97875
285 T	0.00805	0.01142	0.98053
286 T	0.00816	0.01044	0.9814
287 C	0.00816	0.00994	0.98189
288 A	0.00817	0.00985	0.98199
289 G	0.00820	0.00973	0.98207
290 C	0.00826	0.00960	0.98214
291 T	0.00843	0.00941	0.98216
292 A	0.00854	0.00928	0.98218
293 T	0.00887	0.00884	0.98229
294 C	0.00910	0.00845	0.98245
295 G	0.00943	0.00810	0.98248
296 G	0.00997	0.00744	0.98258
297 A	0.01021	0.00715	0.98263
298 A	0.01052	0.00677	0.98272
299 T	0.01132	0.00584	0.98284
300 T	0.01174	0.00504	0.98322
301 A	0.01211	0.00405	0.98383
302 T	0.01314	0.00202	0.98484
303 T	0.01351	0.00111	0.98539
304 T	0.01375	0.00064	0.98561
305 T	0.01387	0.00043	0.9857
306 T	0.01389	0.00037	0.98574
307 A	0.01389	0.00034	0.98577
308 C	0.01390	0.00029	0.9858
309 T	0.01389	0.00030	0.98581
310 T	0.01388	0.00031	0.98581
311 T	0.01385	0.00035	0.9858
312 T	0.01378	0.00043	0.98579
313 T	0.01369	0.00053	0.98577
314 T	0.01358	0.00064	0.98577
315 A	0.01344	0.00079	0.98577
316 T	0.01339	0.00083	0.98579
317 T	0.01334	0.00086	0.98581
318 T	0.01322	0.00096	0.98582
319 T	0.01306	0.00112	0.98583
320 C	0.01294	0.00123	0.98582
321 T	0.01281	0.00140	0.98579
322 T	0.01262	0.00160	0.98578
323 T	0.01236	0.00186	0.98578
324 A	0.01201	0.00222	0.98577
325 G	0.01146	0.00277	0.98577
326 C	0.01113	0.00311	0.98577
327 A	0.01076	0.00348	0.98575
328 A	0.01062	0.00362	0.98576
329 T	0.01059	0.00365	0.98575
330 A	0.01051	0.00374	0.98576
331 A	0.01048	0.00377	0.98575
332 T	0.01048	0.00372	0.9858
333 T	0.01047	0.00371	0.98582
334 A	0.01044	0.00374	0.98583
335 T	0.01044	0.00367	0.98589
336 T	0.01037	0.00368	0.98595
337 A	0.01021	0.00378	0.98602
338 T	0.01014	0.00371	0.98616
339 T	0.01005	0.00372	0.98624
340 A	0.00994	0.00374	0.98632
341 G	0.00987	0.00364	0.9865
342 C	0.00984	0.00347	0.98669
343 A	0.00982	0.00342	0.98676
344 T	0.00981	0.00333	0.98687
345 A	0.00975	0.00328	0.98698
346 T	0.00972	0.00313	0.98715
347 A	0.00968	0.00296	0.98737
348 T	0.00965	0.00240	0.98795
349 A	0.00962	0.00211	0.98827
350 T	0.00962	0.00175	0.98863
351 T	0.00959	0.00166	0.98875
352 A	0.00953	0.00175	0.98873
353 G	0.00951	0.00174	0.98875
354 A	0.00950	0.00183	0.98867
355 G	0.00951	0.00191	0.98859
356 A	0.00953	0.00191	0.98856
357 T	0.00959	0.00179	0.98861
358 A	0.00961	0.00174	0.98865
359 T	0.00963	0.00159	0.98877
360 T	0.00965	0.00141	0.98894
361 C	0.00965	0.00131	0.98904
362 A	0.00966	0.00128	0.98906
363 T	0.00966	0.00123	0.98911
364 A	0.00965	0.00120	0.98915
365 T	0.00963	0.00120	0.98918
366 A	0.00956	0.00125	0.98919
367 G	0.00954	0.00120	0.98925
368 A	0.00954	0.00114	0.98932
369 T	0.00957	0.00107	0.98937
370 A	0.00957	0.00101	0.98942
371 C	0.00958	0.00094	0.98948
372 T	0.00960	0.00089	0.98951
373 G	0.00960	0.00088	0.98952
374 A	0.00962	0.00084	0.98953
375 C	0.00969	0.00073	0.98958
376 G	0.00975	0.00066	0.98959
377 C	0.00988	0.00052	0.9896
378 T	0.01001	0.00038	0.98961
379 G	0.01005	0.00034	0.98961
380 C	0.01006	0.00033	0.98961
381 T	0.01008	0.00031	0.98961
382 C	0.01008	0.00031	0.98961
383 T	0.01009	0.00031	0.98961
384 T	0.01009	0.00031	0.9896
385 T	0.01010	0.00032	0.98958
386 T	0.01009	0.00033	0.98957
387 A	0.01004	0.00038	0.98958
388 G	0.01001	0.00038	0.98962
389 G	0.00996	0.00036	0.98969
390 G	0.00991	0.00037	0.98971
391 C	0.00991	0.00037	0.98972
392 A	0.00991	0.00037	0.98972
393 T	0.00991	0.00037	0.98973
394 A	0.00990	0.00038	0.98972
395 T	0.00990	0.00039	0.98971
396 C	0.00988	0.00041	0.98971
397 G	0.00988	0.00043	0.9897
398 A	0.00985	0.00050	0.98965
399 A	0.00983	0.00054	0.98963
400 T	0.00981	0.00056	0.98963
401 T	0.00978	0.00059	0.98963
402 A	0.00971	0.00064	0.98965
403 G	0.00966	0.00069	0.98965
404 C	0.00963	0.00071	0.98966
405 T	0.00960	0.00075	0.98965
406 C	0.00957	0.00079	0.98965
407 A	0.00954	0.00089	0.98957
408 T	0.00952	0.00098	0.9895
409 A	0.00947	0.00104	0.98948
410 T	0.00945	0.00102	0.98953
411 T	0.00943	0.00101	0.98956
412 T	0.00940	0.00098	0.98962
413 C	0.00935	0.00098	0.98967
414 A	0.00932	0.00102	0.98965
415 C	0.00931	0.00104	0.98966
416 A	0.00929	0.00107	0.98964
417 A	0.00926	0.00111	0.98963
418 T	0.00926	0.00111	0.98963
419 T	0.00923	0.00114	0.98963
420 A	0.00910	0.00128	0.98962
421 T	0.00905	0.00130	0.98965
422 A	0.00888	0.00149	0.98964
423 T	0.00876	0.00159	0.98966
424 A	0.00859	0.00174	0.98967
425 A	0.00845	0.00185	0.9897
426 A	0.00829	0.00200	0.9897
427 A	0.00818	0.00212	0.9897
428 T	0.00811	0.00217	0.98972
429 A	0.00802	0.00222	0.98976
430 A	0.00806	0.00214	0.98981
431 T	0.00810	0.00203	0.98986
432 T	0.00808	0.00199	0.98993
433 C	0.00802	0.00199	0.98999
434 C	0.00800	0.00199	0.99
435 T	0.00800	0.00200	0.99001
436 A	0.00798	0.00201	0.99001
437 T	0.00799	0.00199	0.99002
438 T	0.00799	0.00199	0.99002
439 T	0.00798	0.00198	0.99004
440 T	0.00797	0.00194	0.99009
441 A	0.00793	0.00195	0.99011
442 A	0.00793	0.00190	0.99017
443 T	0.00795	0.00174	0.99032
444 A	0.00795	0.00165	0.9904
445 T	0.00798	0.00144	0.99057
446 T	0.00799	0.00130	0.9907
447 A	0.00800	0.00117	0.99084
448 A	0.00801	0.00104	0.99096
449 A	0.00804	0.00085	0.99111
450 T	0.00808	0.00068	0.99124
451 T	0.00810	0.00056	0.99134
452 T	0.00810	0.00045	0.99144
453 A	0.00810	0.00042	0.99147
454 T	0.00810	0.00039	0.9915
455 G	0.00810	0.00036	0.99154
456 T	0.00810	0.00031	0.99159
457 T	0.00810	0.00030	0.9916
458 T	0.00810	0.00032	0.99158
459 T	0.00810	0.00034	0.99157
460 G	0.00809	0.00036	0.99156
461 T	0.00809	0.00037	0.99154
462 T	0.00808	0.00043	0.99149
463 A	0.00806	0.00056	0.99138
464 T	0.00806	0.00072	0.99122
465 T	0.00804	0.00113	0.99083
466 A	0.00800	0.00148	0.99053
467 T	0.00799	0.00157	0.99044
468 T	0.00797	0.00169	0.99034
469 T	0.00795	0.00180	0.99025
470 T	0.00792	0.00189	0.99019
471 T	0.00786	0.00202	0.99012
472 T	0.00777	0.00215	0.99008
473 A	0.00765	0.00232	0.99003
474 T	0.00758	0.00240	0.99001
475 A	0.00749	0.00252	0.98999
476 A	0.00744	0.00257	0.98999
477 A	0.00743	0.00259	0.98998
478 G	0.00742	0.00261	0.98997
479 A	0.00743	0.00261	0.98996
480 A	0.00745	0.00259	0.98996
481 T	0.00750	0.00255	0.98996
482 T	0.00753	0.00251	0.98996
483 A	0.00755	0.00248	0.98997
484 A	0.00758	0.00245	0.98997
485 A	0.00765	0.00237	0.98998
486 A	0.00777	0.00222	0.99
487 A	0.00800	0.00198	0.99002
488 T	0.00853	0.00141	0.99006
489 T	0.00888	0.00101	0.99011
490 T	0.00898	0.00089	0.99013
491 T	0.00904	0.00079	0.99017
492 T	0.00907	0.00071	0.99022
493 A	0.00909	0.00065	0.99026
494 T	0.00913	0.00055	0.99033
495 T	0.00916	0.00044	0.9904
496 T	0.00919	0.00033	0.99048
497 T	0.00919	0.00029	0.99052
498 T	0.00919	0.00023	0.99057
499 G	0.00917	0.00023	0.99061
500 A	0.00916	0.00022	0.99062
501 T	0.00918	0.00020	0.99062
502 C	0.00918	0.00020	0.99063
503 C	0.00919	0.00019	0.99062
504 T	0.00920	0.00019	0.99062
505 T	0.00920	0.00019	0.99061
506 C	0.00920	0.00019	0.9906
507 T	0.00920	0.00020	0.9906
508 T	0.00920	0.00020	0.99059
509 T	0.00920	0.00020	0.99059
510 A	0.00920	0.00021	0.99059
511 G	0.00920	0.00021	0.99059
512 C	0.00921	0.00021	0.99059
513 T	0.00921	0.00020	0.99059
514 A	0.00921	0.00021	0.99058
515 A	0.00922	0.00020	0.99058
516 T	0.00923	0.00019	0.99058
517 A	0.00923	0.00019	0.99058
518 T	0.00924	0.00017	0.99059
519 T	0.00925	0.00014	0.9906
520 T	0.00926	0.00012	0.99062
521 T	0.00926	0.00011	0.99062
522 A	0.00926	0.00010	0.99064
523 G	0.00925	0.00010	0.99064
524 G	0.00925	0.00010	0.99064
525 A	0.00926	0.00010	0.99064
526 T	0.00926	0.00009	0.99064
527 T	0.00927	0.00008	0.99064
528 T	0.00928	0.00008	0.99065
529 T	0.00928	0.00007	0.99065
530 C	0.00928	0.00007	0.99065
531 T	0.00928	0.00006	0.99065
532 T	0.00928	0.00006	0.99065
533 C	0.00928	0.00006	0.99065
534 T	0.00929	0.00006	0.99065
535 C	0.00929	0.00006	0.99065
536 T	0.00929	0.00006	0.99065
537 T	0.00929	0.00006	0.99065
538 T	0.00929	0.00006	0.99065
539 T	0.00929	0.00007	0.99064
540 C	0.00929	0.00007	0.99064
541 A	0.00929	0.00008	0.99064
542 T	0.00929	0.00008	0.99063
543 T	0.00929	0.00009	0.99063
544 A	0.00929	0.00010	0.99061
545 A	0.00929	0.00011	0.9906
546 T	0.00930	0.00011	0.99059
547 T	0.00930	0.00011	0.9906
548 A	0.00930	0.00011	0.9906
549 T	0.00930	0.00011	0.9906
550 A	0.00930	0.00011	0.9906
551 C	0.00930	0.00011	0.9906
552 T	0.00930	0.00011	0.99059
553 T	0.00930	0.00012	0.99057
554 T	0.00929	0.00015	0.99055
555 G	0.00929	0.00022	0.99049
556 A	0.00928	0.00024	0.99048
557 T	0.00928	0.00024	0.99047
558 G	0.00928	0.00026	0.99046
559 A	0.00928	0.00027	0.99044
560 C	0.00929	0.00027	0.99044
561 T	0.00929	0.00030	0.99041
562 T	0.00929	0.00030	0.9904
563 T	0.00929	0.00031	0.9904
564 A	0.00929	0.00032	0.9904
565 A	0.00929	0.00031	0.9904
566 C	0.00929	0.00030	0.9904
567 A	0.00930	0.00029	0.9904
568 T	0.00932	0.00028	0.9904
569 C	0.00933	0.00027	0.9904
570 T	0.00933	0.00026	0.9904
571 T	0.00933	0.00026	0.9904
572 T	0.00933	0.00026	0.9904
573 G	0.00932	0.00027	0.9904
574 A	0.00932	0.00027	0.9904
575 C	0.00933	0.00026	0.99042
576 A	0.00934	0.00025	0.99042
577 G	0.00936	0.00022	0.99042
578 C	0.00942	0.00015	0.99042
579 T	0.00945	0.00013	0.99042
580 G	0.00946	0.00012	0.99042
581 T	0.00948	0.00009	0.99042
582 T	0.00950	0.00008	0.99041
583 A	0.00950	0.00008	0.99041
584 T	0.00952	0.00006	0.99042
585 T	0.00953	0.00005	0.99043
586 T	0.00953	0.00004	0.99043
587 C	0.00953	0.00004	0.99044
588 T	0.00952	0.00006	0.99042
589 T	0.00952	0.00008	0.9904
590 T	0.00951	0.00012	0.99037
591 T	0.00948	0.00019	0.99033
592 G	0.00947	0.00026	0.99027
593 A	0.00946	0.00031	0.99023
594 T	0.00946	0.00036	0.99017
595 G	0.00945	0.00040	0.99015
596 T	0.00945	0.00041	0.99014
597 A	0.00944	0.00042	0.99014
598 G	0.00943	0.00044	0.99013
599 T	0.00943	0.00044	0.99013
600 C	0.00943	0.00044	0.99013
601 G	0.00943	0.00045	0.99013
602 G	0.00943	0.00045	0.99012
603 T	0.00943	0.00045	0.99012
604 A	0.00943	0.00045	0.99012
605 C	0.00943	0.00045	0.99012
606 A	0.00944	0.00046	0.99011
607 A	0.00944	0.00046	0.9901
608 T	0.00944	0.00046	0.9901
609 A	0.00945	0.00046	0.99009
610 A	0.00945	0.00046	0.99009
611 T	0.00948	0.00042	0.99011
612 G	0.00949	0.00039	0.99012
613 G	0.00953	0.00034	0.99012
614 C	0.00958	0.00027	0.99014
615 T	0.00964	0.00022	0.99015
616 A	0.00967	0.00019	0.99014
617 T	0.00972	0.00014	0.99013
618 T	0.00974	0.00013	0.99013
619 G	0.00975	0.00014	0.99011
620 T	0.00976	0.00012	0.99013
621 T	0.00976	0.00012	0.99012
622 T	0.00976	0.00012	0.99012
623 G	0.00976	0.00013	0.99011
624 C	0.00976	0.00016	0.99009
625 A	0.00976	0.00030	0.98994
626 T	0.00976	0.00031	0.98993
627 G	0.00975	0.00034	0.9899
628 A	0.00975	0.00035	0.98989
629 T	0.00976	0.00036	0.98988
630 C	0.00973	0.00039	0.98988
631 G	0.00972	0.00040	0.98988
632 G	0.00972	0.00040	0.98987
633 G	0.00972	0.00041	0.98987
634 C	0.00972	0.00040	0.98987
635 C	0.00972	0.00040	0.98987
636 T	0.00973	0.00040	0.98987
637 G	0.00973	0.00040	0.98987
638 C	0.00974	0.00040	0.98986
639 T	0.00975	0.00040	0.98986
640 G	0.00975	0.00040	0.98985
641 C	0.00976	0.00040	0.98985
642 T	0.00977	0.00042	0.98982
643 A	0.00976	0.00043	0.9898
644 C	0.00977	0.00044	0.98979
645 A	0.00977	0.00046	0.98977
646 G	0.00978	0.00046	0.98976
647 C	0.00981	0.00046	0.98973
648 T	0.00995	0.00036	0.98968
649 A	0.00996	0.00040	0.98963
650 T	0.00998	0.00042	0.9896
651 A	0.00999	0.00046	0.98955
652 T	0.01000	0.00047	0.98952
653 T	0.01000	0.00049	0.98952
654 G	0.00997	0.00061	0.98941
655 T	0.00997	0.00065	0.98938
656 T	0.00996	0.00068	0.98935
657 A	0.00995	0.00072	0.98933
658 A	0.00994	0.00077	0.98929
659 C	0.00993	0.00080	0.98926
660 T	0.00992	0.00103	0.98905
661 A	0.00990	0.00151	0.9886
662 A	0.00990	0.00227	0.98783
663 A	0.00989	0.00251	0.9876
664 A	0.00990	0.00260	0.9875
665 G	0.00993	0.00266	0.98742
666 A	0.00996	0.00269	0.98735
667 T	0.00999	0.00266	0.98735
668 T	0.01003	0.00263	0.98734
669 A	0.01005	0.00261	0.98735
670 T	0.01009	0.00257	0.98735
671 C	0.01012	0.00255	0.98734
672 A	0.01014	0.00254	0.98732
673 A	0.01018	0.00251	0.98732
674 T	0.01023	0.00246	0.98732
675 A	0.01024	0.00245	0.98731
676 G	0.01029	0.00241	0.98731
677 C	0.01039	0.00227	0.98733
678 T	0.01043	0.00223	0.98733
679 T	0.01046	0.00221	0.98732
680 G	0.01049	0.00219	0.98732
681 G	0.01053	0.00216	0.98732
682 G	0.01058	0.00211	0.98732
683 G	0.01081	0.00187	0.98732
684 G	0.01128	0.00139	0.98733
685 T	0.01213	0.00054	0.98734
686 T	0.01234	0.00032	0.98734
687 A	0.01239	0.00027	0.98733
688 T	0.01244	0.00023	0.98732
689 C	0.01247	0.00021	0.98732
690 T	0.01248	0.00023	0.98729
691 T	0.01248	0.00027	0.98724
692 T	0.01249	0.00029	0.98722
693 A	0.01248	0.00033	0.98719
694 T	0.01249	0.00037	0.98714
695 G	0.01249	0.00040	0.98711
696 G	0.01249	0.00044	0.98707
697 A	0.01249	0.00044	0.98707
698 T	0.01251	0.00043	0.98706
699 A	0.01251	0.00043	0.98705
700 T	0.01253	0.00043	0.98704
701 C	0.01254	0.00043	0.98704
702 T	0.01256	0.00044	0.987
703 T	0.01257	0.00047	0.98696
704 T	0.01257	0.00049	0.98693
705 T	0.01257	0.00052	0.98691
706 G	0.01256	0.00056	0.98688
707 T	0.01256	0.00059	0.98685
708 A	0.01255	0.00062	0.98683
709 A	0.01255	0.00062	0.98682
710 G	0.01257	0.00061	0.98682
711 T	0.01259	0.00060	0.98681
712 A	0.01260	0.00061	0.9868
713 C	0.01262	0.00060	0.98678
714 T	0.01266	0.00070	0.98664
715 A	0.01268	0.00080	0.98652
716 G	0.01271	0.00081	0.98647
717 T	0.01276	0.00081	0.98643
718 T	0.01279	0.00083	0.98638
719 T	0.01281	0.00084	0.98636
720 G	0.01281	0.00086	0.98633
721 G	0.01282	0.00088	0.9863
722 G	0.01284	0.00088	0.98628
723 T	0.01288	0.00087	0.98626
724 T	0.01290	0.00092	0.98618
725 A	0.01293	0.00097	0.98611
726 T	0.01296	0.00100	0.98604
727 T	0.01298	0.00105	0.98597
728 A	0.01299	0.00108	0.98592
729 T	0.01302	0.00107	0.98591
730 T	0.01304	0.00108	0.98588
731 T	0.01306	0.00109	0.98585
732 A	0.01306	0.00114	0.9858
733 G	0.01306	0.00116	0.98578
734 G	0.01307	0.00116	0.98576
735 A	0.01310	0.00115	0.98574
736 A	0.01315	0.00113	0.98573
737 T	0.01333	0.00096	0.98572
738 T	0.01346	0.00085	0.9857
739 T	0.01350	0.00084	0.98566
740 A	0.01353	0.00087	0.9856
741 T	0.01358	0.00085	0.98557
742 T	0.01361	0.00086	0.98554
743 T	0.01363	0.00088	0.98549
744 T	0.01365	0.00087	0.98548
745 G	0.01365	0.00088	0.98547
746 A	0.01367	0.00087	0.98547
747 T	0.01375	0.00078	0.98546
748 C	0.01383	0.00070	0.98546
749 T	0.01392	0.00062	0.98546
750 T	0.01399	0.00055	0.98546
751 C	0.01402	0.00052	0.98546
752 C	0.01404	0.00053	0.98544
753 T	0.01406	0.00065	0.98529
754 G	0.01408	0.00065	0.98527
755 T	0.01414	0.00062	0.98525
756 T	0.01415	0.00065	0.9852
757 T	0.01415	0.00068	0.98517
758 C	0.01413	0.00073	0.98514
759 T	0.01413	0.00083	0.98504
760 G	0.01411	0.00095	0.98495
761 G	0.01410	0.00113	0.98477
762 A	0.01413	0.00130	0.98456
763 T	0.01420	0.00137	0.98443
764 T	0.01422	0.00149	0.98428
765 A	0.01423	0.00177	0.984
766 A	0.01425	0.00177	0.98397
767 T	0.01425	0.00178	0.98396
768 T	0.01425	0.00179	0.98396
769 T	0.01425	0.00181	0.98395
770 C	0.01423	0.00184	0.98393
771 A	0.01421	0.00190	0.98389
772 G	0.01421	0.00192	0.98387
773 T	0.01421	0.00196	0.98383
774 A	0.01420	0.00207	0.98373
775 G	0.01423	0.00210	0.98367
776 T	0.01438	0.00200	0.98362
777 T	0.01441	0.00207	0.98352
778 A	0.01443	0.00212	0.98344
779 T	0.01453	0.00204	0.98342
780 T	0.01461	0.00199	0.9834
781 T	0.01465	0.00196	0.98338
782 T	0.01474	0.00193	0.98333
783 A	0.01482	0.00187	0.98331
784 T	0.01500	0.00171	0.98329
785 T	0.01518	0.00155	0.98327
786 T	0.01528	0.00147	0.98325
787 A	0.01537	0.00140	0.98322
788 T	0.01561	0.00116	0.98323
789 T	0.01565	0.00113	0.98322
790 T	0.01567	0.00113	0.98321
791 T	0.01569	0.00115	0.98317
792 T	0.01571	0.00119	0.98311
793 T	0.01571	0.00129	0.983
794 T	0.01572	0.00152	0.98276
795 A	0.01570	0.00185	0.98244
796 A	0.01573	0.00215	0.98211
797 T	0.01585	0.00239	0.98177
798 T	0.01577	0.00311	0.98111
799 G	0.01547	0.00453	0.98
800 T	0.01545	0.00556	0.97899
801 T	0.01542	0.00691	0.97768
802 T	0.01527	0.00951	0.97523
803 T	0.01507	0.01273	0.9722
804 A	0.01477	0.01751	0.96772
805 T	0.01472	0.01996	0.96531
806 A	0.01463	0.02199	0.96339
807 T	0.01451	0.02377	0.96173
808 T	0.01432	0.02553	0.96015
809 T	0.01385	0.02833	0.95782
810 T	0.01296	0.03003	0.95701
811 G	0.01228	0.03099	0.95674
812 A	0.01185	0.03165	0.9565
813 A	0.01160	0.03223	0.95617
814 C	0.01147	0.03280	0.95574
815 C	0.01128	0.03500	0.95372
816 A	0.01031	0.04825	0.94144
817 A	0.00980	0.05544	0.93476
818 A	0.00975	0.05847	0.93177
819 A	0.00986	0.06084	0.9293
820 A	0.01021	0.06166	0.92813
821 A	0.01109	0.06123	0.92768
822 T	0.01265	0.05990	0.92745
823 G	0.01351	0.06042	0.92607
824 G	0.01473	0.06232	0.92295
825 A	0.01714	0.06926	0.9136
826 A	0.02004	0.08262	0.89734
827 T	0.02433	0.08461	0.89106
828 T	0.02587	0.08785	0.88628
829 A	0.02572	0.08935	0.88493
830 T	0.02632	0.08908	0.8846
831 A	0.02571	0.08988	0.88441
832 G	0.02618	0.08904	0.88477
833 C	0.02617	0.08851	0.88532
834 T	0.02630	0.08853	0.88517
835 A	0.02621	0.08901	0.88478
836 A	0.02689	0.08852	0.88459
837 A	0.02812	0.08756	0.88432
838 A	0.03096	0.08513	0.88391
839 T	0.04335	0.07239	0.88425
840 T	0.04912	0.06753	0.88335
841 A	0.05039	0.06926	0.88035
842 T	0.05125	0.07185	0.87689
843 T	0.04957	0.07627	0.87416
844 A	0.04771	0.08255	0.86975
845 A	0.04670	0.08563	0.86767
846 A	0.04807	0.08496	0.86697
847 A	0.05172	0.08162	0.86666
848 A	0.06210	0.07117	0.86673
849 T	0.07986	0.05296	0.86718
850 T	0.08568	0.04686	0.86746
851 A	0.08848	0.04368	0.86784
852 T	0.08971	0.04163	0.86866
853 T	0.09007	0.04170	0.86824
854 T	0.08985	0.04379	0.86635
855 T	0.08833	0.05290	0.85876
856 T	0.08639	0.05950	0.85412
857 A	0.08243	0.06713	0.85044
858 T	0.07821	0.07638	0.84541
859 A	0.06847	0.08924	0.84229
860 A	0.06283	0.09622	0.84094
861 A	0.06125	0.09862	0.84013
862 A	0.06173	0.09799	0.84028
863 A	0.06377	0.09557	0.84067
864 A	0.06789	0.09026	0.84185
865 T	0.07265	0.08371	0.84363
866 C	0.07547	0.07807	0.84645
867 T	0.07924	0.07346	0.8473
868 T	0.08048	0.07169	0.84783
869 T	0.08083	0.07185	0.84732
870 T	0.08083	0.07304	0.84613
871 A	0.08065	0.07478	0.84456
872 T	0.08072	0.07519	0.84409
873 G	0.08071	0.07555	0.84373
874 A	0.08123	0.07519	0.84358
875 T	0.08242	0.07408	0.8435
876 A	0.08390	0.07303	0.84307
877 A	0.08812	0.06902	0.84286
878 T	0.09946	0.05693	0.84362
879 T	0.10469	0.05213	0.84318
880 A	0.10704	0.05312	0.83983
881 T	0.11128	0.04756	0.84115
882 T	0.11300	0.04399	0.84301
883 T	0.11346	0.04788	0.83866
884 T	0.11366	0.05204	0.8343
885 A	0.11339	0.05710	0.82951
886 T	0.11339	0.05996	0.82665
887 T	0.11262	0.06269	0.8247
888 A	0.11205	0.06352	0.82443
889 A	0.11166	0.06395	0.82439
890 T	0.11200	0.06345	0.82455
891 G	0.11217	0.06339	0.82444
892 C	0.11305	0.06297	0.82398
893 A	0.11415	0.06470	0.82114
894 T	0.11567	0.06554	0.81879
895 T	0.11554	0.06981	0.81465
896 T	0.11026	0.07953	0.81021
897 A	0.09986	0.09530	0.80484
898 G	0.09024	0.10938	0.80037
899 A	0.08617	0.12051	0.79331
900 A	0.08437	0.12365	0.79198
901 A	0.08354	0.12609	0.79037
902 A	0.08692	0.12413	0.78895
903 T	0.09562	0.11684	0.78755
904 C	0.09749	0.11796	0.78455
905 A	0.10247	0.11814	0.77939
906 T	0.11079	0.11017	0.77905
907 T	0.11392	0.10759	0.77849
908 T	0.11327	0.10853	0.7782
909 T	0.10561	0.11620	0.77818
910 C	0.09401	0.12709	0.7789
911 A	0.07749	0.14372	0.77879
912 A	0.05978	0.16154	0.77868
913 C	0.04603	0.17567	0.7783
914 A	0.03785	0.18489	0.77725
915 A	0.03326	0.19095	0.77579
916 A	0.03273	0.19286	0.77441
917 A	0.03363	0.19217	0.7742
918 T	0.03699	0.18854	0.77447
919 G	0.03860	0.18089	0.78051
920 A	0.04049	0.17106	0.78844
921 A	0.04253	0.16199	0.79547
922 A	0.04559	0.15732	0.79709
923 A	0.04538	0.15768	0.79693
924 A	0.04578	0.16215	0.79206
925 A	0.04686	0.16641	0.78672
926 A	0.04794	0.16886	0.78321
927 T	0.05161	0.16739	0.78101
928 T	0.05308	0.17399	0.77293
929 A	0.05037	0.18497	0.76465
930 T	0.04888	0.18918	0.76193
931 A	0.04570	0.19325	0.76105
932 T	0.04367	0.18913	0.7672
933 A	0.03835	0.18967	0.77197
934 A	0.03443	0.18347	0.7821
935 A	0.03325	0.17550	0.79125
936 T	0.03275	0.16714	0.80011
937 G	0.03162	0.16819	0.80019
938 A	0.03176	0.17720	0.79104
939 T	0.03286	0.17831	0.78883
940 G	0.03263	0.18307	0.7843
941 T	0.03293	0.18876	0.77831
942 A	0.03288	0.19260	0.77453
943 A	0.03378	0.19427	0.77195
944 A	0.03527	0.19632	0.76841
945 A	0.03787	0.19547	0.76666
946 A	0.04124	0.19453	0.76423
947 A	0.05069	0.18759	0.76172
948 A	0.06013	0.18066	0.7592
949 G	0.06782	0.17674	0.75545
950 A	0.07625	0.17043	0.75333
951 T	0.08952	0.15485	0.75563
952 T	0.09914	0.14411	0.75675
953 T	0.10397	0.14025	0.75578
954 A	0.10438	0.14231	0.75331
955 A	0.10406	0.14496	0.75098
956 A	0.10370	0.14649	0.74981
957 A	0.10602	0.14633	0.74765
958 T	0.10965	0.14207	0.74827
959 G	0.10174	0.15114	0.74712
960 G	0.10472	0.14843	0.74686
961 T	0.11614	0.13665	0.7472
962 C	0.11257	0.13986	0.74757
963 T	0.11202	0.14078	0.74721
964 T	0.10732	0.14599	0.74669
965 C	0.09885	0.15522	0.74593
966 A	0.09335	0.16126	0.74539
967 G	0.08918	0.16572	0.7451
968 A	0.09046	0.16458	0.74496
969 A	0.09257	0.16257	0.74486
970 C	0.09462	0.16086	0.74451
971 G	0.09665	0.15894	0.74441
972 T	0.10186	0.15398	0.74416
973 T	0.10146	0.15497	0.74357
974 A	0.09883	0.15882	0.74235
975 C	0.09712	0.16154	0.74134
976 A	0.09671	0.16393	0.73935
977 A	0.09744	0.16333	0.73923
978 A	0.09110	0.16924	0.73966
979 A	0.09020	0.16807	0.74172
980 A	0.09166	0.16634	0.742
981 A	0.09320	0.15831	0.74849
982 T	0.09660	0.13761	0.76578
983 G	0.09654	0.12754	0.77593
984 T	0.09682	0.12003	0.78315
985 T	0.09629	0.11806	0.78565
986 T	0.09108	0.13998	0.76894
987 G	0.08346	0.15786	0.75868
988 A	0.07583	0.19228	0.73189
989 A	0.07148	0.20249	0.72603
990 T	0.06701	0.21040	0.72259
991 A	0.06000	0.21697	0.72304
992 A	0.05597	0.22009	0.72393
993 A	0.05391	0.21987	0.72621
994 G	0.05303	0.21659	0.73037
995 C	0.05265	0.21444	0.73291
996 G	0.05270	0.21709	0.73021
997 A	0.05358	0.22307	0.72335
998 T	0.05447	0.22381	0.72171
999 A	0.05414	0.22476	0.72111
1000 A	0.05393	0.22445	0.72162
1001 A	0.05411	0.21398	0.73191
1002 A	0.05450	0.20771	0.73779
1003 C	0.05461	0.20273	0.74267
1004 T	0.05543	0.20421	0.74035
1005 A	0.05470	0.20630	0.739
1006 G	0.05686	0.20410	0.73904
1007 G	0.06051	0.20216	0.73734
1008 A	0.07211	0.19452	0.73337
1009 T	0.09696	0.16872	0.73432
1010 A	0.10968	0.17010	0.72023
1011 T	0.13694	0.14367	0.71938
1012 A	0.13980	0.14630	0.71391
1013 T	0.14346	0.14613	0.71041
1014 A	0.13309	0.16520	0.70171
1015 A	0.12086	0.18137	0.69777
1016 T	0.11695	0.18679	0.69627
1017 A	0.09018	0.22056	0.68926
1018 A	0.08410	0.23022	0.68568
1019 A	0.08222	0.23295	0.68482
1020 T	0.08253	0.23350	0.68397
1021 A	0.07431	0.24286	0.68284
1022 A	0.07205	0.24373	0.68423
1023 A	0.07227	0.24308	0.68466
1024 A	0.07334	0.24065	0.68601
1025 A	0.07476	0.23748	0.68776
1026 T	0.07688	0.23270	0.69042
1027 T	0.07767	0.23001	0.69232
1028 C	0.07422	0.23147	0.6943
1029 A	0.07247	0.23323	0.6943
1030 G	0.07375	0.23197	0.69428
1031 A	0.07700	0.22911	0.69389
1032 A	0.08524	0.22125	0.69351
1033 T	0.11295	0.19332	0.69373
1034 T	0.12424	0.18045	0.6953
1035 A	0.12963	0.17507	0.69531
1036 A	0.13455	0.17152	0.69393
1037 T	0.14507	0.15376	0.70117
1038 T	0.14691	0.14209	0.71099
1039 A	0.14141	0.14071	0.71789
1040 T	0.14738	0.10814	0.74447
1041 T	0.14856	0.10027	0.75118
1042 A	0.14533	0.09747	0.7572
1043 C	0.14274	0.09265	0.76461
1044 T	0.14161	0.08761	0.77078
1045 G	0.13636	0.09108	0.77257
1046 A	0.13614	0.09186	0.772
1047 T	0.13630	0.09159	0.77211
1048 T	0.13558	0.09269	0.77173
1049 A	0.13374	0.09560	0.77066
1050 T	0.13302	0.09479	0.77219
1051 G	0.13076	0.09871	0.77053
1052 G	0.12112	0.11985	0.75903
1053 A	0.11262	0.14418	0.7432
1054 A	0.10747	0.17869	0.71385
1055 G	0.10517	0.18663	0.7082
1056 A	0.10533	0.19306	0.70161
1057 A	0.10675	0.19674	0.6965
1058 A	0.11050	0.19509	0.69442
1059 A	0.11598	0.19281	0.69121
1060 T	0.12158	0.19065	0.68777
1061 A	0.12326	0.19509	0.68165
1062 T	0.12400	0.18992	0.68608
1063 T	0.12324	0.19272	0.68404
1064 T	0.12190	0.19639	0.68171
1065 A	0.11949	0.19824	0.68227
1066 T	0.11768	0.19798	0.68434
1067 A	0.11319	0.20279	0.68402
1068 T	0.11110	0.20160	0.6873
1069 C	0.10639	0.20750	0.68611
1070 A	0.09893	0.22526	0.67581
1071 A	0.09052	0.24734	0.66214
1072 A	0.08765	0.25478	0.65756
1073 A	0.08841	0.25656	0.65503
1074 A	0.09491	0.24948	0.65562
1075 A	0.10946	0.22614	0.6644
1076 A	0.12754	0.19977	0.67268
1077 T	0.15864	0.16287	0.67849
1078 C	0.16330	0.15621	0.68049
1079 A	0.16465	0.15794	0.67741
1080 A	0.16522	0.16024	0.67454
1081 A	0.16545	0.16294	0.67161
1082 A	0.16932	0.15970	0.67098
1083 A	0.17496	0.15403	0.671
1084 T	0.18735	0.13948	0.67317
1085 T	0.19208	0.13241	0.67551
1086 T	0.19488	0.12695	0.67816
1087 G	0.19528	0.12455	0.68017
1088 G	0.19631	0.12124	0.68245
1089 A	0.19837	0.11708	0.68455
1090 T	0.20391	0.10663	0.68946
1091 T	0.20774	0.09969	0.69257
1092 A	0.21103	0.09210	0.69687
1093 A	0.22017	0.07641	0.70342
1094 T	0.23232	0.05531	0.71237
1095 T	0.23634	0.04614	0.71752
1096 C	0.23863	0.04189	0.71948
1097 A	0.23964	0.04047	0.71989
1098 T	0.24095	0.03871	0.72035
1099 A	0.24174	0.03751	0.72075
1100 T	0.24317	0.03557	0.72126
1101 T	0.24461	0.03328	0.72211
1102 A	0.24729	0.02719	0.72552
1103 A	0.25006	0.02034	0.7296
1104 T	0.25364	0.01172	0.73464
1105 T	0.25472	0.00787	0.73741
1106 A	0.25525	0.00478	0.73996
1107 A	0.25690	0.00000	0.7431
