# lcl|CP097583.1_cds_USQ93412.1_1
# AA	inside	membr	outside
1 A	0.42376	0.00000	0.57624
2 T	0.41880	0.00496	0.57624
3 G	0.41374	0.01002	0.57624
4 C	0.41374	0.09208	0.49419
5 A	0.32879	0.37029	0.30092
6 A	0.32879	0.39227	0.27895
7 A	0.23795	0.48717	0.27488
8 A	0.23795	0.48719	0.27486
9 A	0.22657	0.49887	0.27456
10 A	0.22655	0.52100	0.25245
11 T	0.22372	0.52611	0.25017
12 C	0.18473	0.56749	0.24778
13 G	0.13207	0.67392	0.19402
14 A	0.13206	0.67393	0.19401
15 A	0.13206	0.83229	0.03566
16 A	0.13170	0.83264	0.03566
17 A	0.13022	0.83501	0.03477
18 T	0.13018	0.83592	0.0339
19 A	0.12882	0.83782	0.03336
20 A	0.12625	0.84823	0.02552
21 A	0.12374	0.85055	0.02571
22 A	0.12539	0.84851	0.0261
23 T	0.13398	0.83711	0.02891
24 A	0.14199	0.82770	0.03031
25 A	0.16152	0.79741	0.04107
26 A	0.17183	0.77833	0.04984
27 T	0.25348	0.67551	0.07101
28 T	0.38532	0.47385	0.14084
29 T	0.40108	0.45293	0.14599
30 A	0.40334	0.39439	0.20227
31 A	0.40355	0.38968	0.20676
32 A	0.40453	0.37084	0.22463
33 A	0.42516	0.33799	0.23686
34 C	0.43397	0.31701	0.24902
35 G	0.46806	0.25740	0.27453
36 T	0.53698	0.16081	0.30221
37 T	0.55333	0.15358	0.2931
38 T	0.65668	0.05031	0.29301
39 A	0.65436	0.05627	0.28938
40 T	0.65743	0.05081	0.29176
41 T	0.65842	0.04895	0.29262
42 C	0.65875	0.04819	0.29306
43 T	0.66433	0.04181	0.29386
44 T	0.66380	0.04569	0.29051
45 T	0.66361	0.04773	0.28865
46 T	0.66282	0.04997	0.28722
47 T	0.65882	0.05800	0.28319
48 A	0.64957	0.07178	0.27864
49 T	0.64842	0.07740	0.27418
50 T	0.64642	0.08464	0.26894
51 T	0.64596	0.08534	0.2687
52 A	0.64534	0.08551	0.26915
53 T	0.64512	0.08512	0.26976
54 T	0.64409	0.08541	0.27051
55 C	0.64029	0.08906	0.27065
56 C	0.63880	0.09078	0.27041
57 A	0.63306	0.09959	0.26735
58 A	0.62929	0.10885	0.26185
59 T	0.63403	0.10815	0.25782
60 T	0.64247	0.10189	0.25564
61 A	0.64294	0.10484	0.25223
62 T	0.64759	0.09868	0.25373
63 T	0.64880	0.09829	0.25291
64 T	0.64942	0.09912	0.25146
65 T	0.64900	0.10478	0.24622
66 A	0.63198	0.13795	0.23008
67 T	0.62886	0.14676	0.22438
68 T	0.62152	0.15913	0.21935
69 A	0.61095	0.17602	0.21302
70 A	0.60933	0.17435	0.21633
71 T	0.61224	0.16343	0.22433
72 T	0.61286	0.16090	0.22624
73 T	0.61441	0.15699	0.2286
74 C	0.61214	0.15888	0.22898
75 T	0.61092	0.16293	0.22615
76 A	0.60896	0.17200	0.21904
77 A	0.60822	0.17210	0.21968
78 T	0.60774	0.16982	0.22244
79 A	0.60624	0.17026	0.2235
80 A	0.60770	0.16215	0.23015
81 C	0.61385	0.15059	0.23556
82 T	0.61874	0.14586	0.2354
83 C	0.61903	0.14634	0.23463
84 A	0.62053	0.15088	0.22859
85 T	0.62287	0.15572	0.22141
86 T	0.62124	0.16641	0.21235
87 A	0.62124	0.18055	0.19821
88 A	0.62842	0.18040	0.19117
89 T	0.64831	0.14877	0.20293
90 T	0.65386	0.14113	0.20501
91 T	0.65615	0.13018	0.21368
92 T	0.65271	0.12768	0.21961
93 T	0.61051	0.16720	0.22229
94 G	0.57113	0.20778	0.22109
95 C	0.55894	0.22307	0.21799
96 A	0.54718	0.25657	0.19624
97 G	0.54064	0.28296	0.17639
98 A	0.53899	0.31348	0.14753
99 T	0.53390	0.33891	0.12719
100 A	0.45810	0.43498	0.10693
101 A	0.41479	0.48551	0.09969
102 A	0.39534	0.50671	0.09795
103 G	0.38336	0.51969	0.09695
104 A	0.37332	0.53107	0.09561
105 A	0.36337	0.54050	0.09612
106 A	0.36303	0.53902	0.09795
107 A	0.36768	0.53231	0.10002
108 A	0.37463	0.52369	0.10168
109 C	0.38442	0.50931	0.10627
110 C	0.39936	0.49312	0.10752
111 A	0.40707	0.48573	0.10721
112 T	0.41780	0.47449	0.10771
113 T	0.41702	0.47449	0.10849
114 A	0.40589	0.48442	0.10969
115 T	0.38907	0.49303	0.11791
116 C	0.36047	0.46780	0.17173
117 C	0.34711	0.44821	0.20468
118 G	0.33865	0.45038	0.21097
119 A	0.35523	0.43319	0.21158
120 T	0.37785	0.41098	0.21117
121 A	0.39742	0.39795	0.20462
122 T	0.41594	0.37341	0.21065
123 T	0.42418	0.29498	0.28084
124 T	0.42256	0.25535	0.3221
125 T	0.41206	0.26533	0.3226
126 A	0.39550	0.27855	0.32594
127 A	0.38784	0.27934	0.33283
128 C	0.38434	0.27276	0.3429
129 A	0.36779	0.29358	0.33863
130 C	0.35044	0.31705	0.3325
131 A	0.33090	0.35623	0.31288
132 T	0.31194	0.40589	0.28217
133 A	0.29688	0.44389	0.25923
134 G	0.28729	0.46440	0.24831
135 A	0.28322	0.48985	0.22693
136 G	0.28291	0.49055	0.22654
137 A	0.28295	0.52273	0.19432
138 A	0.28331	0.52078	0.19591
139 T	0.28466	0.50531	0.21003
140 T	0.28447	0.50305	0.21247
141 A	0.28223	0.51639	0.20138
142 G	0.28202	0.51536	0.20263
143 G	0.28293	0.51390	0.20317
144 A	0.28910	0.50572	0.20519
145 A	0.29640	0.49967	0.20392
146 C	0.30544	0.49092	0.20363
147 A	0.30716	0.54289	0.14994
148 A	0.32106	0.57256	0.10637
149 T	0.32651	0.58231	0.09117
150 A	0.32400	0.61817	0.05783
151 A	0.32692	0.61896	0.05412
152 A	0.33224	0.59883	0.06893
153 A	0.33408	0.57972	0.0862
154 A	0.33703	0.55516	0.1078
155 C	0.35565	0.51720	0.12715
156 A	0.33165	0.54456	0.1238
157 A	0.30227	0.58557	0.11216
158 C	0.30333	0.59211	0.10456
159 A	0.29797	0.60291	0.09913
160 G	0.31233	0.59309	0.09458
161 G	0.31600	0.59849	0.08551
162 T	0.32238	0.59385	0.08377
163 C	0.31504	0.60374	0.08123
164 A	0.30963	0.61507	0.0753
165 A	0.29974	0.62360	0.07665
166 C	0.29038	0.63079	0.07883
167 A	0.28658	0.63409	0.07932
168 A	0.29486	0.62511	0.08003
169 C	0.32057	0.59621	0.08322
170 C	0.38609	0.52938	0.08452
171 T	0.42970	0.48564	0.08466
172 A	0.44098	0.47300	0.08603
173 C	0.46211	0.44773	0.09016
174 T	0.46330	0.44781	0.08889
175 A	0.45804	0.45357	0.08839
176 A	0.43016	0.47411	0.09573
177 A	0.41598	0.47472	0.10931
178 G	0.40980	0.46844	0.12177
179 A	0.40600	0.42202	0.17197
180 T	0.40860	0.37098	0.22041
181 G	0.36973	0.39945	0.23082
182 A	0.33848	0.45429	0.20724
183 A	0.33099	0.46380	0.20521
184 G	0.33683	0.44581	0.21737
185 T	0.33690	0.45090	0.21221
186 T	0.33361	0.46831	0.19808
187 A	0.32434	0.47121	0.20446
188 T	0.31867	0.46763	0.2137
189 A	0.30056	0.47346	0.22599
190 G	0.27613	0.48796	0.23591
191 C	0.26875	0.49156	0.23969
192 T	0.25833	0.51226	0.22941
193 C	0.24652	0.55029	0.2032
194 A	0.23986	0.60081	0.15933
195 A	0.23530	0.61881	0.14589
196 G	0.22886	0.63164	0.13951
197 T	0.22787	0.63645	0.13568
198 A	0.22071	0.64910	0.13019
199 A	0.21244	0.62922	0.15834
200 A	0.20529	0.62851	0.1662
201 A	0.20366	0.63078	0.16556
202 A	0.20502	0.63223	0.16275
203 A	0.20917	0.62957	0.16125
204 A	0.22432	0.57415	0.20154
205 T	0.27124	0.49273	0.23603
206 T	0.28889	0.47170	0.23941
207 G	0.29210	0.48040	0.2275
208 A	0.29938	0.53966	0.16095
209 A	0.31363	0.52431	0.16205
210 T	0.29977	0.52527	0.17496
211 A	0.25841	0.56024	0.18135
212 A	0.25107	0.55003	0.1989
213 C	0.25498	0.52052	0.22449
214 A	0.26172	0.51047	0.22782
215 G	0.27588	0.48871	0.23541
216 T	0.30585	0.45369	0.24046
217 T	0.33434	0.42461	0.24105
218 T	0.32428	0.44490	0.23082
219 G	0.28314	0.50477	0.21209
220 A	0.24197	0.56444	0.19359
221 A	0.20800	0.61420	0.17779
222 A	0.19567	0.64245	0.16189
223 G	0.18783	0.64405	0.16813
224 A	0.19482	0.63550	0.16968
225 A	0.21208	0.61627	0.17165
226 T	0.23653	0.58868	0.17479
227 C	0.23861	0.58359	0.17781
228 A	0.23899	0.58876	0.17225
229 A	0.24439	0.58642	0.16918
230 A	0.25911	0.56796	0.17293
231 T	0.32408	0.49394	0.18198
232 T	0.33063	0.48197	0.1874
233 T	0.33271	0.45327	0.21401
234 G	0.33224	0.41628	0.25147
235 T	0.33233	0.41114	0.25654
236 T	0.32205	0.42943	0.24852
237 A	0.25722	0.50837	0.23441
238 A	0.24157	0.53388	0.22454
239 G	0.23589	0.54401	0.2201
240 A	0.23427	0.55817	0.20757
241 A	0.23914	0.55022	0.21064
242 T	0.25925	0.49424	0.24652
243 A	0.25937	0.47228	0.26835
244 G	0.27264	0.43956	0.28781
245 A	0.28942	0.43584	0.27475
246 T	0.28968	0.45150	0.25882
247 A	0.28622	0.52123	0.19255
248 A	0.28503	0.55514	0.15983
249 T	0.28844	0.55315	0.15842
250 G	0.28643	0.55021	0.16335
251 A	0.28952	0.54411	0.16637
252 T	0.29109	0.54066	0.16826
253 C	0.28232	0.55101	0.16668
254 C	0.27189	0.56962	0.1585
255 A	0.22708	0.64983	0.1231
256 A	0.19869	0.70742	0.0939
257 A	0.16488	0.76345	0.07167
258 A	0.15251	0.78725	0.06024
259 G	0.14764	0.79108	0.06128
260 A	0.15403	0.73249	0.11348
261 A	0.16384	0.71269	0.12346
262 A	0.16753	0.71008	0.12238
263 A	0.18281	0.71924	0.09794
264 T	0.19578	0.72584	0.07838
265 A	0.18059	0.74386	0.07555
266 A	0.18671	0.72430	0.08899
267 A	0.19771	0.70624	0.09604
268 G	0.21926	0.67570	0.10503
269 C	0.24952	0.63917	0.11131
270 T	0.31675	0.56901	0.11424
271 A	0.34304	0.54277	0.11418
272 C	0.34843	0.53570	0.11587
273 A	0.35057	0.53384	0.11559
274 G	0.35448	0.53063	0.11488
275 T	0.36509	0.51546	0.11945
276 T	0.37145	0.50145	0.1271
277 A	0.37870	0.48901	0.13229
278 A	0.40894	0.41270	0.17837
279 A	0.43352	0.36128	0.20521
280 T	0.45592	0.30257	0.24151
281 A	0.46059	0.28468	0.25473
282 T	0.46061	0.26982	0.26957
283 A	0.44120	0.29296	0.26584
284 A	0.43065	0.31815	0.25121
285 T	0.42949	0.33576	0.23475
286 A	0.42023	0.35261	0.22716
287 A	0.41567	0.36463	0.2197
288 T	0.40559	0.36699	0.22742
289 A	0.33371	0.45690	0.20938
290 A	0.27969	0.52817	0.19215
291 T	0.26265	0.58178	0.15556
292 G	0.23069	0.67873	0.09058
293 A	0.21590	0.70182	0.08228
294 T	0.20445	0.71838	0.07717
295 T	0.19053	0.73098	0.07849
296 A	0.16508	0.75550	0.07942
297 C	0.14461	0.77377	0.08162
298 A	0.12262	0.79574	0.08164
299 C	0.11146	0.80541	0.08313
300 A	0.10421	0.81278	0.08301
301 G	0.10374	0.81299	0.08327
302 G	0.10436	0.81220	0.08343
303 A	0.10627	0.80884	0.08489
304 G	0.10919	0.80075	0.09005
305 A	0.11467	0.78119	0.10414
306 A	0.12691	0.73823	0.13486
307 G	0.15153	0.68445	0.16402
308 T	0.18458	0.63157	0.18384
309 A	0.19744	0.58791	0.21465
310 G	0.21197	0.54598	0.24205
311 A	0.22609	0.51277	0.26114
312 A	0.25110	0.41754	0.33136
313 G	0.27239	0.33988	0.38774
314 T	0.32032	0.27107	0.4086
315 T	0.38342	0.18457	0.43201
316 A	0.39269	0.17202	0.43528
317 T	0.39972	0.15148	0.44879
318 T	0.39932	0.15667	0.444
319 T	0.39684	0.14360	0.45956
320 T	0.38781	0.15069	0.4615
321 T	0.38279	0.16528	0.45194
322 A	0.37845	0.19063	0.43092
323 C	0.37551	0.20898	0.41551
324 T	0.37265	0.24400	0.38335
325 G	0.36513	0.27539	0.35948
326 T	0.35121	0.34089	0.30791
327 T	0.27180	0.45671	0.27149
328 G	0.22841	0.53318	0.23841
329 A	0.21409	0.59661	0.18929
330 A	0.20216	0.65391	0.14394
331 A	0.19382	0.71432	0.09185
332 A	0.18857	0.74324	0.06819
333 A	0.17487	0.77460	0.05053
334 A	0.13889	0.82103	0.04008
335 A	0.12468	0.83876	0.03656
336 A	0.11992	0.84497	0.0351
337 G	0.11975	0.84577	0.03449
338 A	0.12653	0.83949	0.03397
339 A	0.13860	0.82687	0.03453
340 A	0.15035	0.81410	0.03555
341 A	0.17113	0.79085	0.03801
342 A	0.18244	0.77500	0.04256
343 C	0.20292	0.74061	0.05646
344 C	0.23817	0.70102	0.06081
345 A	0.27524	0.66212	0.06264
346 T	0.32097	0.61421	0.06482
347 T	0.34776	0.58510	0.06714
348 A	0.35580	0.57319	0.071
349 T	0.37460	0.53868	0.08673
350 C	0.35303	0.46894	0.17803
351 C	0.34824	0.43678	0.21498
352 G	0.36233	0.41618	0.22149
353 A	0.39544	0.38553	0.21903
354 T	0.44397	0.33906	0.21696
355 A	0.45428	0.33643	0.20929
356 T	0.46622	0.31837	0.21541
357 T	0.45808	0.30069	0.24123
358 T	0.44476	0.30056	0.25468
359 T	0.42417	0.34183	0.234
360 A	0.38896	0.37887	0.23218
361 A	0.37529	0.39023	0.23448
362 C	0.37003	0.39170	0.23826
363 A	0.34767	0.41874	0.23359
364 C	0.32108	0.45539	0.22353
365 A	0.29087	0.50416	0.20497
366 T	0.26483	0.54810	0.18707
367 A	0.24920	0.57592	0.17488
368 G	0.23873	0.59330	0.16796
369 A	0.23348	0.61798	0.14854
370 G	0.23286	0.61390	0.15324
371 A	0.23274	0.62604	0.14123
372 A	0.23308	0.60647	0.16045
373 T	0.23506	0.57403	0.19091
374 T	0.23509	0.56130	0.2036
375 A	0.23395	0.56356	0.20249
376 G	0.23598	0.55421	0.20981
377 G	0.23887	0.54600	0.21513
378 A	0.24683	0.52701	0.22615
379 A	0.25689	0.51156	0.23155
380 C	0.27150	0.48280	0.2457
381 A	0.27524	0.53485	0.18991
382 A	0.29736	0.56658	0.13606
383 T	0.30262	0.58001	0.11736
384 A	0.29939	0.63188	0.06873
385 A	0.30156	0.63499	0.06345
386 A	0.30520	0.61231	0.08249
387 A	0.30819	0.58544	0.10637
388 A	0.30752	0.55468	0.1378
389 C	0.31494	0.52172	0.16333
390 A	0.28538	0.55911	0.15551
391 A	0.25265	0.61098	0.13637
392 C	0.25133	0.62413	0.12454
393 A	0.24335	0.63930	0.11734
394 G	0.24412	0.64415	0.11173
395 G	0.24355	0.65665	0.0998
396 T	0.24819	0.65470	0.09711
397 C	0.24319	0.66396	0.09284
398 A	0.24037	0.67589	0.08373
399 A	0.23323	0.68229	0.08448
400 C	0.22978	0.68400	0.08622
401 A	0.23120	0.68230	0.0865
402 A	0.24389	0.66911	0.087
403 C	0.27383	0.63628	0.08989
404 C	0.35115	0.55776	0.09109
405 T	0.40802	0.50082	0.09116
406 A	0.42624	0.48135	0.09241
407 C	0.45832	0.44518	0.09649
408 T	0.46182	0.44307	0.09511
409 A	0.45893	0.44640	0.09467
410 A	0.43319	0.46512	0.10168
411 A	0.41824	0.46547	0.11628
412 G	0.41305	0.45911	0.12784
413 A	0.41255	0.41348	0.17397
414 T	0.42455	0.35640	0.21904
415 G	0.38815	0.38523	0.22662
416 A	0.35419	0.44401	0.2018
417 A	0.34609	0.45578	0.19813
418 G	0.35441	0.44196	0.20363
419 T	0.35499	0.45034	0.19467
420 T	0.35174	0.47116	0.1771
421 A	0.34133	0.47762	0.18106
422 T	0.33468	0.47766	0.18766
423 A	0.31417	0.49029	0.19554
424 G	0.28507	0.51324	0.20169
425 C	0.27568	0.52042	0.2039
426 T	0.26246	0.54287	0.19467
427 C	0.24817	0.57911	0.17272
428 A	0.24083	0.62478	0.1344
429 A	0.23592	0.64120	0.12288
430 G	0.22868	0.65393	0.11739
431 T	0.22754	0.65805	0.11441
432 A	0.21939	0.66954	0.11107
433 A	0.20950	0.64915	0.14135
434 A	0.20113	0.64654	0.15234
435 A	0.19926	0.64654	0.1542
436 A	0.20055	0.64460	0.15485
437 A	0.20467	0.64039	0.15494
438 A	0.22049	0.58146	0.19804
439 T	0.26708	0.49526	0.23765
440 T	0.28413	0.47245	0.24341
441 G	0.28719	0.48005	0.23275
442 A	0.29426	0.54122	0.16452
443 A	0.30861	0.52477	0.16662
444 T	0.29404	0.52366	0.18229
445 A	0.25267	0.55720	0.19013
446 A	0.24510	0.54438	0.21052
447 C	0.24794	0.51087	0.2412
448 A	0.25356	0.50077	0.24568
449 G	0.26533	0.47938	0.25529
450 T	0.29010	0.44829	0.26161
451 T	0.31421	0.42343	0.26236
452 T	0.30375	0.44503	0.25122
453 G	0.26444	0.50579	0.22978
454 A	0.22559	0.56573	0.20869
455 A	0.19327	0.61581	0.19092
456 A	0.18194	0.64504	0.17302
457 G	0.17422	0.64560	0.18018
458 A	0.17984	0.63858	0.18158
459 A	0.19551	0.62106	0.18343
460 T	0.21854	0.59492	0.18654
461 C	0.22119	0.58934	0.18947
462 A	0.22249	0.59435	0.18316
463 A	0.22840	0.59217	0.17943
464 A	0.24335	0.57375	0.18291
465 T	0.31055	0.49762	0.19183
466 T	0.31750	0.48545	0.19705
467 T	0.31980	0.45656	0.22365
468 G	0.31957	0.41983	0.26059
469 T	0.31987	0.41506	0.26506
470 T	0.31051	0.43357	0.25592
471 A	0.24771	0.51167	0.24062
472 A	0.23307	0.53711	0.22983
473 G	0.22816	0.54723	0.22461
474 A	0.22735	0.56190	0.21075
475 A	0.23389	0.55435	0.21176
476 T	0.25767	0.49745	0.24488
477 A	0.26031	0.47588	0.26381
478 G	0.27661	0.44280	0.28059
479 A	0.29680	0.43707	0.26613
480 T	0.29770	0.45298	0.24932
481 A	0.29444	0.52162	0.18394
482 A	0.29332	0.55510	0.15158
483 T	0.29732	0.55275	0.14993
484 G	0.29541	0.55044	0.15415
485 A	0.29906	0.54441	0.15653
486 T	0.30113	0.54092	0.15795
487 C	0.29171	0.55198	0.15631
488 C	0.28030	0.57108	0.14862
489 A	0.23292	0.65180	0.11528
490 A	0.20290	0.70950	0.08759
491 A	0.16703	0.76638	0.0666
492 A	0.15429	0.78987	0.05585
493 G	0.14984	0.79321	0.05695
494 A	0.15667	0.73529	0.10804
495 A	0.16681	0.71545	0.11774
496 A	0.17049	0.71238	0.11714
497 A	0.18641	0.71991	0.09368
498 T	0.19987	0.72518	0.07495
499 A	0.18368	0.74390	0.07242
500 A	0.18950	0.72449	0.08601
501 A	0.20037	0.70667	0.09296
502 G	0.22161	0.67645	0.10193
503 C	0.25128	0.64036	0.10836
504 T	0.31718	0.57128	0.11155
505 A	0.34268	0.54552	0.1118
506 C	0.34785	0.53851	0.11364
507 A	0.34985	0.53665	0.11351
508 G	0.35349	0.53354	0.11296
509 T	0.36361	0.51848	0.11791
510 T	0.36955	0.50409	0.12637
511 A	0.37624	0.49143	0.13233
512 A	0.40468	0.41402	0.1813
513 A	0.42789	0.36226	0.20985
514 T	0.44890	0.30255	0.24855
515 A	0.45292	0.28454	0.26254
516 T	0.45208	0.26982	0.2781
517 A	0.43191	0.29352	0.27457
518 A	0.42080	0.31956	0.25964
519 T	0.41900	0.33800	0.243
520 A	0.40930	0.35530	0.2354
521 A	0.40435	0.36781	0.22784
522 T	0.39428	0.36956	0.23616
523 A	0.32407	0.45862	0.21731
524 A	0.27151	0.52914	0.19935
525 T	0.25505	0.58375	0.1612
526 G	0.22416	0.68269	0.09316
527 A	0.20993	0.70560	0.08447
528 T	0.19895	0.72196	0.07909
529 T	0.18550	0.73406	0.08045
530 A	0.16097	0.75764	0.08138
531 C	0.14128	0.77510	0.08361
532 A	0.12013	0.79626	0.08361
533 C	0.10941	0.80549	0.0851
534 A	0.10244	0.81260	0.08496
535 G	0.10203	0.81276	0.08521
536 G	0.10270	0.81194	0.08536
537 A	0.10466	0.80854	0.0868
538 G	0.10763	0.80044	0.09192
539 A	0.11324	0.78082	0.10593
540 A	0.12584	0.73745	0.1367
541 G	0.15124	0.68306	0.16569
542 T	0.18527	0.62948	0.18525
543 A	0.19850	0.58596	0.21554
544 G	0.21358	0.54404	0.24237
545 A	0.22828	0.51072	0.261
546 A	0.25439	0.41610	0.32951
547 G	0.27656	0.33915	0.38429
548 T	0.32656	0.26909	0.40436
549 T	0.39259	0.18079	0.42663
550 A	0.40227	0.16851	0.42923
551 T	0.40962	0.14850	0.44188
552 T	0.40921	0.15417	0.43661
553 T	0.40667	0.14196	0.45137
554 T	0.39746	0.14993	0.4526
555 T	0.39232	0.16504	0.44264
556 A	0.38790	0.19038	0.42172
557 C	0.38490	0.20873	0.40637
558 T	0.38198	0.24334	0.37468
559 G	0.37428	0.27459	0.35113
560 T	0.35993	0.33947	0.3006
561 T	0.27831	0.45659	0.26511
562 G	0.23396	0.53316	0.23288
563 A	0.21931	0.59549	0.18519
564 A	0.20705	0.65175	0.1412
565 A	0.19843	0.71086	0.09071
566 A	0.19295	0.73918	0.06787
567 A	0.17870	0.77047	0.05084
568 A	0.14115	0.81812	0.04073
569 A	0.12625	0.83641	0.03735
570 A	0.12127	0.84278	0.03594
571 G	0.12100	0.84364	0.03536
572 A	0.12774	0.83738	0.03488
573 A	0.13965	0.82487	0.03547
574 A	0.15129	0.81218	0.03653
575 A	0.17192	0.78902	0.03906
576 A	0.18314	0.77315	0.04371
577 C	0.20365	0.73846	0.05789
578 C	0.23858	0.69908	0.06234
579 A	0.27511	0.66067	0.06422
580 T	0.32016	0.61339	0.06646
581 T	0.34623	0.58495	0.06882
582 A	0.35377	0.57346	0.07277
583 T	0.37109	0.53996	0.08895
584 C	0.34864	0.46865	0.18272
585 C	0.34309	0.43641	0.2205
586 G	0.35584	0.41696	0.22721
587 A	0.38748	0.38765	0.22488
588 T	0.43428	0.34275	0.22297
589 A	0.44374	0.34081	0.21545
590 T	0.45503	0.32282	0.22215
591 T	0.44659	0.30373	0.24968
592 T	0.43322	0.30286	0.26393
593 T	0.41273	0.34385	0.24342
594 A	0.37779	0.38049	0.24172
595 A	0.36432	0.39149	0.24419
596 C	0.35915	0.39269	0.24817
597 A	0.33730	0.41922	0.24348
598 C	0.31144	0.45528	0.23327
599 A	0.28213	0.50346	0.2144
600 T	0.25691	0.54702	0.19608
601 A	0.24173	0.57471	0.18356
602 G	0.23158	0.59203	0.17639
603 A	0.22648	0.61728	0.15624
604 G	0.22588	0.61347	0.16065
605 A	0.22579	0.62650	0.14772
606 A	0.22618	0.60678	0.16703
607 T	0.22819	0.57448	0.19733
608 T	0.22829	0.56187	0.20984
609 A	0.22728	0.56463	0.20809
610 G	0.22943	0.55525	0.21532
611 G	0.23240	0.54687	0.22074
612 A	0.24035	0.52780	0.23184
613 A	0.25045	0.51247	0.23708
614 C	0.26524	0.48405	0.25071
615 A	0.26910	0.53807	0.19283
616 A	0.29132	0.57033	0.13834
617 T	0.29670	0.58395	0.11935
618 A	0.29368	0.63592	0.0704
619 A	0.29593	0.63899	0.06507
620 A	0.29969	0.61686	0.08345
621 A	0.30313	0.59038	0.10648
622 A	0.30321	0.55982	0.13697
623 C	0.31154	0.52680	0.16166
624 A	0.28356	0.56228	0.15415
625 A	0.25185	0.61227	0.13588
626 C	0.25138	0.62413	0.12449
627 A	0.24398	0.63841	0.11761
628 G	0.24559	0.64220	0.11221
629 G	0.24541	0.65390	0.10069
630 T	0.25034	0.65155	0.09811
631 C	0.24519	0.66078	0.09403
632 A	0.24216	0.67239	0.08545
633 A	0.23451	0.67932	0.08617
634 C	0.23045	0.68174	0.08782
635 A	0.23156	0.68036	0.08808
636 A	0.24413	0.66731	0.08856
637 C	0.27474	0.63394	0.09132
638 C	0.35452	0.55302	0.09246
639 T	0.41180	0.49566	0.09254
640 A	0.42988	0.47638	0.09374
641 C	0.46187	0.44046	0.09767
642 T	0.46513	0.43846	0.0964
643 A	0.46178	0.44213	0.09609
644 A	0.43355	0.46348	0.10298
645 A	0.41750	0.46527	0.11723
646 G	0.41185	0.45970	0.12845
647 A	0.41004	0.41660	0.17336
648 T	0.42007	0.36175	0.21819
649 G	0.38031	0.39318	0.22651
650 A	0.34398	0.45209	0.20393
651 A	0.33569	0.46262	0.20169
652 G	0.34340	0.44820	0.2084
653 T	0.34367	0.45561	0.20073
654 T	0.34022	0.47507	0.18471
655 A	0.32945	0.48098	0.18956
656 T	0.32299	0.47992	0.19708
657 A	0.30283	0.49146	0.20571
658 G	0.27379	0.51393	0.21228
659 C	0.26464	0.52056	0.21479
660 T	0.25174	0.54231	0.20595
661 C	0.23790	0.57759	0.18451
662 A	0.23084	0.62275	0.14641
663 A	0.22603	0.63912	0.13485
664 G	0.21899	0.65167	0.12933
665 T	0.21784	0.65576	0.1264
666 A	0.21011	0.66686	0.12303
667 A	0.20117	0.64299	0.15584
668 A	0.19342	0.63916	0.16743
669 A	0.19171	0.63951	0.16878
670 A	0.19293	0.63891	0.16815
671 A	0.19687	0.63609	0.16705
672 A	0.21186	0.57572	0.21242
673 T	0.25586	0.49042	0.25371
674 T	0.27196	0.46998	0.25806
675 G	0.27511	0.47922	0.24567
676 A	0.28219	0.54712	0.17069
677 A	0.29641	0.53160	0.17198
678 T	0.28347	0.52927	0.18725
679 A	0.24528	0.56028	0.19444
680 A	0.23852	0.54719	0.2143
681 C	0.24155	0.51358	0.24488
682 A	0.24716	0.50391	0.24893
683 G	0.25877	0.48308	0.25815
684 T	0.28323	0.45284	0.26393
685 T	0.30785	0.42784	0.26431
686 T	0.29884	0.44848	0.25267
687 G	0.26175	0.50817	0.23008
688 A	0.22528	0.56465	0.21008
689 A	0.19515	0.61316	0.1917
690 A	0.18474	0.64366	0.1716
691 G	0.17815	0.64395	0.1779
692 A	0.18461	0.63634	0.17905
693 A	0.20249	0.61675	0.18075
694 T	0.22836	0.58799	0.18364
695 C	0.23189	0.58225	0.18586
696 A	0.23402	0.58650	0.17948
697 A	0.24079	0.58371	0.17549
698 A	0.25717	0.56417	0.17866
699 T	0.33062	0.48255	0.18683
700 T	0.33846	0.47028	0.19126
701 T	0.34115	0.44349	0.21537
702 G	0.34098	0.40941	0.24961
703 T	0.34117	0.40532	0.2535
704 T	0.33067	0.42358	0.24575
705 A	0.26070	0.50750	0.2318
706 A	0.24372	0.53417	0.2221
707 G	0.23707	0.54538	0.21754
708 A	0.23479	0.56022	0.20499
709 A	0.23956	0.55366	0.20678
710 T	0.26327	0.49800	0.23873
711 A	0.26142	0.48137	0.25721
712 G	0.27566	0.45047	0.27387
713 A	0.29451	0.44369	0.2618
714 T	0.29365	0.45709	0.24926
715 A	0.28946	0.51984	0.1907
716 A	0.28750	0.55163	0.16087
717 T	0.29053	0.54969	0.15978
718 G	0.28846	0.54746	0.16409
719 A	0.29167	0.54181	0.16652
720 T	0.29373	0.53796	0.16832
721 C	0.28342	0.54969	0.16688
722 C	0.27172	0.56832	0.15996
723 A	0.22993	0.64113	0.12894
724 A	0.19533	0.70384	0.10083
725 A	0.15762	0.76260	0.07978
726 A	0.14431	0.78597	0.06972
727 G	0.13974	0.78784	0.07242
728 A	0.14690	0.72249	0.13061
729 A	0.15492	0.70299	0.14209
730 A	0.15674	0.70062	0.14264
731 A	0.17037	0.70971	0.11992
732 T	0.18109	0.71779	0.10112
733 A	0.16887	0.73255	0.09858
734 A	0.17554	0.71052	0.11395
735 A	0.18508	0.69195	0.12297
736 G	0.20373	0.66071	0.13556
737 C	0.22763	0.62787	0.1445
738 T	0.28717	0.56552	0.14731
739 A	0.31100	0.54270	0.14631
740 C	0.31511	0.53685	0.14804
741 A	0.31648	0.53603	0.14749
742 G	0.31943	0.53413	0.14644
743 T	0.32868	0.52036	0.15096
744 T	0.33456	0.50604	0.1594
745 A	0.34036	0.49535	0.16428
746 A	0.36665	0.42832	0.20503
747 A	0.39077	0.37147	0.23777
748 T	0.41244	0.31148	0.27609
749 A	0.41674	0.29634	0.28692
750 T	0.41616	0.29157	0.29227
751 A	0.39943	0.32252	0.27804
752 A	0.39546	0.33482	0.26972
753 T	0.39795	0.33936	0.26269
754 A	0.39194	0.35090	0.25716
755 A	0.39421	0.35896	0.24683
756 T	0.38888	0.36764	0.24348
757 A	0.33922	0.44731	0.21347
758 A	0.28539	0.52840	0.1862
759 T	0.26467	0.58077	0.15455
760 G	0.23666	0.64348	0.11985
761 A	0.22350	0.66162	0.11488
762 T	0.21639	0.67159	0.11202
763 T	0.20068	0.68537	0.11394
764 A	0.16879	0.71604	0.11517
765 C	0.14657	0.73572	0.1177
766 A	0.12069	0.76126	0.11805
767 C	0.10721	0.77306	0.11973
768 A	0.09464	0.78535	0.12001
769 G	0.09354	0.78599	0.12047
770 G	0.09472	0.78468	0.1206
771 A	0.09910	0.77879	0.12211
772 G	0.10617	0.76731	0.12651
773 A	0.12073	0.73954	0.13973
774 A	0.14107	0.69321	0.16572
775 G	0.15724	0.65566	0.18709
776 T	0.17850	0.61816	0.20334
777 A	0.18636	0.58088	0.23276
778 G	0.20217	0.54428	0.25355
779 A	0.22102	0.51079	0.2682
780 A	0.25460	0.43044	0.31496
781 G	0.28634	0.33931	0.37435
782 T	0.32533	0.27123	0.40343
783 T	0.35284	0.21880	0.42836
784 A	0.35344	0.20918	0.43738
785 T	0.35582	0.19292	0.45126
786 T	0.35152	0.18599	0.46249
787 T	0.34399	0.16462	0.49139
788 T	0.33456	0.15555	0.50989
789 T	0.31720	0.15673	0.52607
790 A	0.29683	0.16984	0.53334
791 C	0.28156	0.17484	0.5436
792 T	0.26518	0.19558	0.53923
793 G	0.21569	0.25648	0.52783
794 T	0.20031	0.29660	0.50309
795 T	0.18238	0.36898	0.44864
796 G	0.15449	0.46919	0.37632
797 A	0.14405	0.52540	0.33056
798 A	0.13452	0.56668	0.2988
799 A	0.10620	0.63011	0.2637
800 A	0.09702	0.66220	0.24078
801 A	0.08996	0.68470	0.22534
802 A	0.08716	0.71291	0.19993
803 A	0.08689	0.74077	0.17233
804 A	0.08763	0.76111	0.15127
805 G	0.08882	0.77943	0.13175
806 A	0.09274	0.78595	0.12131
807 A	0.09838	0.78415	0.11747
808 A	0.10337	0.78436	0.11226
809 A	0.11139	0.78271	0.10589
810 T	0.11265	0.78550	0.10185
811 A	0.11075	0.80864	0.08062
812 T	0.11158	0.79568	0.09275
813 A	0.10687	0.78550	0.10764
814 A	0.10829	0.76527	0.12644
815 A	0.11412	0.74022	0.14565
816 C	0.12905	0.67192	0.19903
817 G	0.15382	0.65870	0.18748
818 A	0.20851	0.60911	0.18238
819 T	0.27890	0.54828	0.17282
820 A	0.29586	0.53397	0.17016
821 A	0.31321	0.51471	0.17209
822 C	0.33555	0.46373	0.20072
823 A	0.35074	0.44734	0.20191
824 C	0.36535	0.43003	0.20462
825 A	0.39021	0.43853	0.17125
826 A	0.42199	0.42818	0.14983
827 A	0.44836	0.41570	0.13594
828 T	0.47531	0.40383	0.12086
829 A	0.47598	0.40777	0.11625
830 A	0.47895	0.40889	0.11216
831 A	0.48572	0.40303	0.11125
832 A	0.50073	0.38224	0.11703
833 C	0.51710	0.35565	0.12724
834 T	0.54665	0.32150	0.13186
835 T	0.54619	0.31877	0.13504
836 C	0.53570	0.32739	0.1369
837 C	0.47980	0.38580	0.13441
838 G	0.42838	0.43866	0.13296
839 A	0.39600	0.47112	0.13288
840 A	0.39466	0.47172	0.13361
841 A	0.39962	0.46666	0.13371
842 C	0.41281	0.44916	0.13802
843 C	0.41545	0.43182	0.15272
844 G	0.41005	0.43638	0.15357
845 T	0.41167	0.43526	0.15306
846 T	0.38437	0.47059	0.14503
847 A	0.36036	0.51235	0.1273
848 C	0.37023	0.50565	0.12412
849 A	0.38098	0.50357	0.11546
850 G	0.39079	0.49074	0.11848
851 A	0.40474	0.47660	0.11866
852 A	0.40981	0.46575	0.12444
853 T	0.41708	0.45227	0.13065
854 C	0.41663	0.43986	0.1435
855 A	0.40699	0.44979	0.14321
856 A	0.40176	0.45390	0.14434
857 A	0.39755	0.45610	0.14636
858 T	0.39508	0.45166	0.15326
859 A	0.37946	0.45969	0.16086
860 A	0.36064	0.41982	0.21953
861 A	0.34214	0.39627	0.26159
862 G	0.32545	0.39047	0.28408
863 A	0.31894	0.40654	0.27452
864 A	0.31365	0.43093	0.25542
865 A	0.30939	0.42693	0.26368
866 A	0.31015	0.41294	0.27691
867 T	0.31863	0.38337	0.298
868 A	0.32179	0.36331	0.3149
869 C	0.33345	0.31308	0.35346
870 C	0.34865	0.27733	0.37401
871 T	0.35768	0.26422	0.3781
872 C	0.36563	0.25509	0.37928
873 T	0.36912	0.25287	0.37801
874 T	0.37147	0.25327	0.37526
875 T	0.37286	0.25720	0.36993
876 T	0.37149	0.27020	0.35832
877 T	0.36829	0.27782	0.35389
878 T	0.36343	0.29336	0.34321
879 A	0.35038	0.33698	0.31264
880 A	0.34395	0.35358	0.30246
881 A	0.34010	0.36922	0.29068
882 A	0.33837	0.37353	0.2881
883 A	0.34079	0.36247	0.29674
884 A	0.35174	0.33878	0.30949
885 T	0.36746	0.31576	0.31678
886 A	0.38624	0.29833	0.31543
887 A	0.40653	0.27905	0.31442
888 A	0.41110	0.27583	0.31307
889 T	0.41255	0.27135	0.3161
890 G	0.41254	0.27086	0.3166
891 G	0.41306	0.27221	0.31473
892 T	0.41405	0.27410	0.31186
893 T	0.41354	0.27696	0.3095
894 A	0.41138	0.28465	0.30396
895 T	0.41187	0.28547	0.30265
896 G	0.40729	0.29326	0.29945
897 G	0.40000	0.31399	0.28601
898 A	0.40212	0.32325	0.27463
899 T	0.41841	0.30661	0.27498
900 G	0.42413	0.30161	0.27425
901 A	0.44430	0.28423	0.27147
902 T	0.47731	0.24801	0.27468
903 A	0.48850	0.23898	0.27252
904 A	0.50232	0.22875	0.26893
905 T	0.52159	0.21059	0.26783
906 A	0.53128	0.20063	0.26809
907 A	0.53840	0.19213	0.26947
908 T	0.55098	0.17829	0.27074
909 A	0.55723	0.17066	0.27211
910 C	0.56476	0.16158	0.27366
911 T	0.57576	0.15155	0.27268
912 T	0.58027	0.14775	0.27199
913 A	0.58147	0.14723	0.2713
914 T	0.58604	0.14272	0.27124
915 T	0.58854	0.14024	0.27122
916 A	0.59027	0.13672	0.27301
917 T	0.59561	0.12808	0.2763
918 A	0.59839	0.12377	0.27785
919 A	0.60306	0.11301	0.28393
920 T	0.62060	0.08446	0.29494
921 T	0.63466	0.06495	0.30039
922 G	0.63822	0.05838	0.3034
923 C	0.64306	0.05174	0.3052
924 A	0.64875	0.04561	0.30564
925 T	0.65564	0.03784	0.30652
926 C	0.66185	0.03037	0.30778
927 T	0.66960	0.02258	0.30782
928 G	0.67384	0.01850	0.30766
929 T	0.67652	0.01554	0.30795
930 T	0.67708	0.01588	0.30704
931 G	0.67700	0.01808	0.30492
932 G	0.67744	0.01990	0.30266
933 T	0.67748	0.02775	0.29477
934 T	0.67611	0.04870	0.27518
935 T	0.67306	0.06600	0.26094
936 T	0.66892	0.08046	0.25062
937 T	0.66095	0.09077	0.24828
938 T	0.65251	0.10159	0.2459
939 T	0.63276	0.12287	0.24437
940 T	0.59274	0.16521	0.24205
941 C	0.57642	0.18214	0.24144
942 G	0.56384	0.19579	0.24038
943 G	0.55721	0.20369	0.2391
944 A	0.55572	0.20563	0.23864
945 A	0.55509	0.20648	0.23843
946 A	0.55511	0.20644	0.23846
947 T	0.55522	0.20616	0.23862
948 A	0.55527	0.20602	0.23871
949 A	0.55537	0.20575	0.23888
950 C	0.55564	0.20519	0.23917
951 A	0.55600	0.20471	0.2393
952 A	0.55686	0.20373	0.23941
953 A	0.55908	0.20130	0.23963
954 A	0.56253	0.19738	0.24009
955 A	0.56773	0.19168	0.24059
956 A	0.57934	0.17681	0.24385
957 T	0.60155	0.14633	0.25212
958 T	0.61521	0.12093	0.26386
959 T	0.62263	0.09667	0.28071
960 C	0.62444	0.07191	0.30365
961 T	0.62676	0.05708	0.31616
962 A	0.62825	0.03895	0.3328
963 G	0.63176	0.00000	0.36824
