# lcl|CP097583.1_cds_USQ93311.1_1
# AA	inside	membr	outside
1 T	0.96777	0.00000	0.03223
2 T	0.96766	0.00010	0.03223
3 G	0.96755	0.00022	0.03223
4 T	0.96755	0.00059	0.03186
5 T	0.96571	0.00302	0.03127
6 T	0.96571	0.00323	0.03106
7 A	0.94101	0.02812	0.03087
8 C	0.94101	0.02813	0.03087
9 A	0.93697	0.03227	0.03076
10 T	0.93692	0.04224	0.02083
11 T	0.92923	0.05049	0.02028
12 A	0.56792	0.41228	0.0198
13 C	0.07157	0.91035	0.01808
14 A	0.07147	0.91044	0.01808
15 A	0.07147	0.92072	0.00781
16 A	0.06677	0.92542	0.00781
17 A	0.06369	0.92855	0.00775
18 A	0.06360	0.92873	0.00767
19 T	0.06274	0.92964	0.00762
20 T	0.05869	0.93435	0.00696
21 T	0.04787	0.94517	0.00696
22 A	0.04738	0.94572	0.00691
23 A	0.04717	0.94586	0.00696
24 T	0.04689	0.94607	0.00705
25 A	0.04613	0.94607	0.00779
26 T	0.04575	0.94566	0.00859
27 C	0.04478	0.94482	0.0104
28 A	0.04398	0.94451	0.0115
29 A	0.04366	0.94424	0.0121
30 A	0.04379	0.92930	0.0269
31 A	0.04380	0.92654	0.02967
32 A	0.04419	0.91746	0.03835
33 T	0.05479	0.84038	0.10483
34 A	0.05577	0.81349	0.13073
35 A	0.05879	0.47407	0.46715
36 T	0.06097	0.06424	0.87479
37 T	0.06156	0.05576	0.88268
38 A	0.06596	0.05462	0.87942
39 T	0.06611	0.06405	0.86985
40 A	0.06618	0.08953	0.8443
41 C	0.06588	0.09437	0.83975
42 T	0.06536	0.14946	0.78518
43 T	0.06497	0.17202	0.76301
44 T	0.06280	0.31497	0.62223
45 G	0.05892	0.54894	0.39214
46 A	0.05772	0.57935	0.36294
47 A	0.05697	0.61716	0.32586
48 T	0.05677	0.63753	0.3057
49 A	0.05614	0.78874	0.15512
50 A	0.05584	0.88475	0.05941
51 T	0.05587	0.88669	0.05744
52 G	0.05563	0.89123	0.05313
53 A	0.05483	0.89976	0.04542
54 G	0.05486	0.90208	0.04306
55 G	0.05492	0.90523	0.03986
56 A	0.05527	0.90560	0.03914
57 A	0.05675	0.90471	0.03854
58 C	0.05884	0.90311	0.03805
59 A	0.06309	0.89978	0.03713
60 A	0.06665	0.89715	0.03621
61 A	0.07582	0.88895	0.03523
62 A	0.09806	0.86770	0.03423
63 A	0.14302	0.82325	0.03373
64 A	0.20612	0.75992	0.03396
65 T	0.38405	0.58045	0.0355
66 T	0.44026	0.52280	0.03694
67 T	0.53871	0.42258	0.03871
68 T	0.63077	0.32815	0.04108
69 A	0.63900	0.31931	0.04168
70 C	0.66414	0.29352	0.04234
71 A	0.67804	0.27990	0.04207
72 T	0.82173	0.13576	0.04251
73 T	0.89906	0.05838	0.04256
74 T	0.89881	0.05868	0.04251
75 A	0.89713	0.06032	0.04254
76 C	0.89851	0.05813	0.04336
77 T	0.89746	0.05936	0.04318
78 T	0.89470	0.06213	0.04317
79 T	0.88810	0.06882	0.04307
80 A	0.88233	0.07477	0.0429
81 T	0.88133	0.07581	0.04285
82 C	0.87979	0.07733	0.04289
83 A	0.87867	0.07845	0.04288
84 A	0.87866	0.07846	0.04289
85 C	0.87960	0.07750	0.04291
86 C	0.88002	0.07709	0.0429
87 T	0.87995	0.07722	0.04283
88 T	0.87928	0.07799	0.04273
89 T	0.87882	0.07865	0.04254
90 A	0.87781	0.08021	0.04198
91 A	0.87687	0.08081	0.04231
92 T	0.87632	0.07333	0.05034
93 A	0.87594	0.06995	0.05412
94 G	0.87596	0.05914	0.0649
95 G	0.87526	0.05655	0.06819
96 T	0.87391	0.05362	0.07247
97 T	0.86430	0.06037	0.07532
98 T	0.85806	0.06397	0.07797
99 A	0.84166	0.07933	0.079
100 G	0.83670	0.08000	0.0833
101 G	0.83458	0.07711	0.08831
102 G	0.83325	0.07242	0.09434
103 G	0.83318	0.06946	0.09736
104 C	0.83314	0.06902	0.09784
105 T	0.83283	0.07059	0.09658
106 T	0.83120	0.07555	0.09325
107 T	0.82829	0.07837	0.09334
108 A	0.82512	0.08141	0.09347
109 A	0.82453	0.08180	0.09367
110 G	0.82433	0.08024	0.09543
111 C	0.82434	0.07863	0.09703
112 C	0.82448	0.07793	0.09758
113 T	0.82502	0.07713	0.09785
114 T	0.82498	0.07693	0.09809
115 T	0.82464	0.07727	0.09809
116 A	0.82417	0.07794	0.09789
117 T	0.82430	0.07774	0.09796
118 A	0.82422	0.07626	0.09952
119 A	0.82487	0.07167	0.10346
120 T	0.82694	0.05473	0.11833
121 A	0.82812	0.04798	0.12389
122 C	0.83022	0.03195	0.13782
123 T	0.83307	0.02699	0.13994
124 T	0.83557	0.02356	0.14087
125 T	0.83639	0.02202	0.14159
126 T	0.83674	0.02226	0.14099
127 T	0.83599	0.02439	0.13963
128 A	0.83099	0.03146	0.13755
129 T	0.83194	0.02990	0.13815
130 T	0.83106	0.03029	0.13866
131 T	0.82783	0.03834	0.13382
132 T	0.82004	0.05454	0.12543
133 T	0.80073	0.09501	0.10426
134 T	0.77083	0.18005	0.04912
135 A	0.64153	0.31789	0.04058
136 A	0.57234	0.39219	0.03547
137 A	0.54501	0.42084	0.03415
138 T	0.52454	0.44183	0.03362
139 C	0.48330	0.48440	0.0323
140 A	0.46691	0.50467	0.02842
141 A	0.45997	0.51195	0.02809
142 A	0.45469	0.51758	0.02773
143 A	0.45295	0.51940	0.02765
144 T	0.45180	0.52027	0.02792
145 C	0.44798	0.52375	0.02827
146 A	0.44443	0.52817	0.0274
147 T	0.44382	0.52954	0.02664
148 A	0.44173	0.53191	0.02637
149 A	0.44157	0.53202	0.02641
150 A	0.44283	0.53002	0.02714
151 T	0.44617	0.51823	0.0356
152 C	0.44506	0.51579	0.03915
153 A	0.44693	0.51475	0.03833
154 A	0.45347	0.50797	0.03857
155 A	0.45878	0.49653	0.04469
156 A	0.47709	0.46193	0.06098
157 T	0.52838	0.38341	0.08822
158 T	0.53435	0.24553	0.22012
159 T	0.53479	0.17458	0.29062
160 A	0.52824	0.16011	0.31165
161 A	0.52534	0.15177	0.32289
162 T	0.52502	0.13042	0.34457
163 T	0.52039	0.14181	0.33781
164 A	0.51624	0.15063	0.33313
165 T	0.51445	0.14890	0.33665
166 A	0.51046	0.15288	0.33665
167 A	0.50688	0.15488	0.33825
168 T	0.50508	0.15173	0.34319
169 C	0.50186	0.15069	0.34746
170 A	0.50029	0.15108	0.34862
171 C	0.49953	0.14996	0.35051
172 C	0.49938	0.15033	0.35028
173 A	0.49990	0.15043	0.34966
174 A	0.50160	0.14910	0.34929
175 T	0.50421	0.14404	0.35175
176 T	0.50666	0.14083	0.35251
177 T	0.50910	0.13658	0.35431
178 T	0.51105	0.12883	0.36012
179 T	0.51171	0.12440	0.36389
180 A	0.50982	0.12489	0.36529
181 T	0.51171	0.12210	0.36619
182 T	0.50402	0.13118	0.3648
183 T	0.49842	0.13977	0.36181
184 G	0.48235	0.17311	0.34454
185 A	0.46959	0.19693	0.33348
186 T	0.47450	0.19602	0.32948
187 T	0.47465	0.21027	0.31507
188 T	0.46782	0.23581	0.29637
189 A	0.45437	0.26352	0.2821
190 T	0.44783	0.27491	0.27726
191 T	0.43862	0.28906	0.27232
192 A	0.38194	0.35227	0.2658
193 A	0.36717	0.36890	0.26393
194 A	0.36419	0.37231	0.2635
195 T	0.36052	0.37603	0.26344
196 A	0.35120	0.38758	0.26123
197 T	0.34663	0.39324	0.26013
198 T	0.34152	0.39886	0.25963
199 G	0.33363	0.40792	0.25844
200 A	0.32991	0.41212	0.25797
201 T	0.32783	0.41410	0.25807
202 G	0.32450	0.41728	0.25822
203 A	0.32535	0.41342	0.26123
204 A	0.32998	0.40309	0.26693
205 G	0.33768	0.37968	0.28264
206 A	0.34901	0.36028	0.29072
207 T	0.37496	0.31479	0.31026
208 A	0.38618	0.28284	0.33098
209 C	0.39764	0.24866	0.3537
210 T	0.41699	0.22439	0.35861
211 T	0.44035	0.19897	0.36068
212 T	0.45493	0.18112	0.36395
213 T	0.46027	0.17454	0.36519
214 A	0.46090	0.17369	0.36541
215 T	0.45954	0.12361	0.41685
216 T	0.45154	0.13662	0.41184
217 A	0.44132	0.20986	0.34882
218 A	0.43376	0.30077	0.26547
219 A	0.42773	0.39888	0.17339
220 T	0.42428	0.43120	0.14452
221 A	0.41470	0.46453	0.12078
222 T	0.38500	0.50876	0.10624
223 A	0.29926	0.62659	0.07414
224 A	0.25093	0.69322	0.05584
225 A	0.20943	0.74612	0.04445
226 G	0.18412	0.77758	0.0383
227 A	0.16429	0.80670	0.02901
228 A	0.15508	0.81625	0.02867
229 A	0.15191	0.81938	0.02871
230 A	0.14994	0.82123	0.02883
231 A	0.15061	0.82030	0.02908
232 C	0.15281	0.81774	0.02945
233 T	0.15706	0.81512	0.02781
234 T	0.15888	0.81655	0.02456
235 G	0.15889	0.81688	0.02423
236 A	0.15806	0.81774	0.0242
237 A	0.16013	0.81449	0.02537
238 G	0.16547	0.79969	0.03484
239 C	0.18691	0.76755	0.04554
240 A	0.26012	0.68722	0.05266
241 A	0.36169	0.57869	0.05961
242 T	0.48249	0.44904	0.06847
243 T	0.51747	0.40858	0.07394
244 A	0.52994	0.39060	0.07945
245 A	0.54203	0.34146	0.1165
246 T	0.57049	0.22296	0.20655
247 T	0.58352	0.15979	0.25669
248 T	0.59166	0.11457	0.29376
249 A	0.59238	0.09339	0.31422
250 T	0.59560	0.07539	0.32901
251 T	0.58153	0.08629	0.33219
252 A	0.52022	0.15296	0.32682
253 C	0.48348	0.18709	0.32943
254 A	0.43710	0.24144	0.32146
255 A	0.42596	0.26371	0.31033
256 A	0.42183	0.27498	0.30319
257 C	0.41665	0.27972	0.30364
258 T	0.40910	0.29236	0.29854
259 T	0.37952	0.34116	0.27932
260 T	0.28905	0.49522	0.21574
261 C	0.20851	0.62551	0.16597
262 G	0.13721	0.75433	0.10846
263 A	0.12186	0.80632	0.07182
264 A	0.11528	0.84033	0.04439
265 A	0.10954	0.86587	0.02459
266 A	0.10095	0.88027	0.01878
267 T	0.09795	0.88433	0.01773
268 A	0.09177	0.89210	0.01613
269 A	0.08979	0.89400	0.01621
270 A	0.08975	0.89223	0.01802
271 G	0.09155	0.88478	0.02367
272 A	0.09279	0.87707	0.03014
273 A	0.09493	0.86838	0.03669
274 A	0.09871	0.85403	0.04725
275 A	0.10524	0.80171	0.09304
276 A	0.10739	0.77353	0.11908
277 G	0.11490	0.72311	0.16198
278 A	0.12495	0.70845	0.1666
279 A	0.13322	0.69140	0.17538
280 A	0.13924	0.66498	0.19577
281 A	0.15242	0.63155	0.21602
282 A	0.19040	0.53917	0.27043
283 C	0.27457	0.34782	0.37761
284 T	0.34617	0.22155	0.43228
285 T	0.39528	0.12906	0.47566
286 T	0.41631	0.11438	0.46931
287 A	0.42579	0.12561	0.44859
288 T	0.43709	0.12219	0.44072
289 T	0.44038	0.13777	0.42184
290 T	0.44143	0.15771	0.40087
291 T	0.44194	0.22562	0.33244
292 T	0.43850	0.31290	0.24861
293 T	0.43119	0.37341	0.1954
294 A	0.40590	0.48524	0.10885
295 A	0.38848	0.51887	0.09264
296 A	0.38347	0.53096	0.08556
297 A	0.38402	0.53145	0.08453
298 T	0.38991	0.52530	0.08478
299 C	0.39269	0.52237	0.08495
300 T	0.39604	0.51903	0.08493
301 C	0.40074	0.51434	0.08492
302 C	0.40171	0.51348	0.08481
303 T	0.40288	0.51256	0.08456
304 T	0.40346	0.51237	0.08418
305 T	0.40370	0.51227	0.08403
306 A	0.40433	0.51193	0.08374
307 A	0.40747	0.50908	0.08345
308 A	0.41222	0.50432	0.08345
309 C	0.42840	0.48786	0.08375
310 T	0.45908	0.45747	0.08344
311 A	0.47844	0.43846	0.0831
312 T	0.52486	0.39207	0.08307
313 A	0.55857	0.35855	0.08288
314 T	0.65552	0.26028	0.0842
315 T	0.72468	0.18415	0.09117
316 A	0.75784	0.14329	0.09886
317 A	0.81212	0.06562	0.12226
318 T	0.82979	0.03284	0.13737
319 T	0.83547	0.02235	0.14218
320 T	0.83552	0.02220	0.14228
321 T	0.83398	0.02397	0.14204
322 T	0.82877	0.03038	0.14084
323 T	0.81523	0.04590	0.13887
324 T	0.79029	0.07203	0.13768
325 C	0.73560	0.13009	0.1343
326 A	0.62179	0.25502	0.12319
327 A	0.57832	0.29919	0.1225
328 G	0.55231	0.32484	0.12285
329 A	0.51762	0.35926	0.12311
330 T	0.50344	0.37317	0.1234
331 C	0.48862	0.38736	0.12403
332 C	0.47901	0.39696	0.12403
333 G	0.47065	0.40554	0.12381
334 A	0.46704	0.40944	0.12352
335 T	0.46622	0.41034	0.12344
336 T	0.46368	0.41327	0.12305
337 T	0.45859	0.41896	0.12244
338 T	0.45217	0.42557	0.12226
339 A	0.43210	0.44492	0.12298
340 A	0.42102	0.45508	0.12389
341 A	0.41255	0.46170	0.12575
342 T	0.41064	0.45881	0.13054
343 C	0.40879	0.45555	0.13566
344 A	0.40702	0.45541	0.13757
345 A	0.40861	0.44744	0.14395
346 T	0.41320	0.42891	0.15788
347 A	0.41381	0.41039	0.17579
348 T	0.41762	0.36512	0.21727
349 T	0.42380	0.24742	0.32877
350 T	0.42359	0.21546	0.36095
351 A	0.42288	0.21049	0.36663
352 T	0.42250	0.19035	0.38715
353 T	0.42201	0.19052	0.38746
354 A	0.42101	0.18942	0.38957
355 A	0.42020	0.19028	0.38952
356 G	0.41901	0.18574	0.39525
357 T	0.41850	0.18694	0.39457
358 G	0.41792	0.20957	0.37251
359 A	0.41787	0.24008	0.34206
360 A	0.41823	0.25905	0.32272
361 A	0.41875	0.28383	0.29742
362 T	0.41886	0.29837	0.28277
363 A	0.41850	0.33710	0.2444
364 G	0.41832	0.34424	0.23743
365 G	0.41744	0.37567	0.20689
366 A	0.41660	0.43150	0.1519
367 G	0.41561	0.47221	0.11218
368 A	0.41625	0.52805	0.0557
369 A	0.41805	0.53690	0.04504
370 G	0.42283	0.54104	0.03613
371 A	0.42920	0.54266	0.02814
372 A	0.43794	0.53619	0.02586
373 C	0.45320	0.52168	0.02511
374 T	0.47534	0.50237	0.02229
375 T	0.48688	0.49322	0.01991
376 T	0.49491	0.48542	0.01967
377 A	0.49921	0.48086	0.01994
378 T	0.50611	0.47334	0.02055
379 T	0.51123	0.46666	0.02211
380 C	0.51741	0.45954	0.02305
381 G	0.53680	0.43985	0.02335
382 C	0.56704	0.40961	0.02334
383 A	0.59076	0.38640	0.02284
384 A	0.62721	0.35026	0.02253
385 T	0.67143	0.30626	0.02231
386 T	0.71515	0.26246	0.02239
387 A	0.72930	0.24865	0.02205
388 A	0.76394	0.21333	0.02272
389 A	0.81825	0.15791	0.02384
390 T	0.86218	0.11165	0.02617
391 A	0.90911	0.06400	0.02689
392 A	0.92661	0.04620	0.02719
393 T	0.94424	0.02832	0.02744
394 T	0.95369	0.01917	0.02715
395 T	0.95615	0.01702	0.02683
396 T	0.95571	0.01823	0.02607
397 T	0.95254	0.02169	0.02577
398 T	0.92487	0.05017	0.02495
399 T	0.86117	0.11569	0.02314
400 G	0.74527	0.23222	0.02252
401 C	0.64284	0.33469	0.02248
402 T	0.53937	0.43886	0.02177
403 A	0.39445	0.58422	0.02133
404 G	0.28707	0.69150	0.02143
405 C	0.22886	0.74969	0.02145
406 G	0.18486	0.79399	0.02114
407 A	0.15232	0.82725	0.02044
408 C	0.12696	0.85324	0.0198
409 G	0.09606	0.88749	0.01644
410 A	0.08045	0.90525	0.01429
411 A	0.07284	0.91290	0.01427
412 G	0.06600	0.91979	0.01421
413 A	0.06265	0.92322	0.01413
414 A	0.06137	0.92387	0.01476
415 C	0.05998	0.92450	0.01552
416 A	0.05817	0.92663	0.0152
417 A	0.05683	0.92792	0.01524
418 A	0.05638	0.92799	0.01563
419 A	0.05665	0.92547	0.01788
420 A	0.05672	0.91962	0.02365
421 A	0.05766	0.86786	0.07448
422 T	0.05971	0.77182	0.16847
423 A	0.06000	0.65291	0.28709
424 T	0.06006	0.54424	0.3957
425 T	0.05958	0.44936	0.49106
426 A	0.05751	0.37307	0.56941
427 G	0.05520	0.31554	0.62925
428 A	0.05371	0.31392	0.63237
429 A	0.05296	0.31722	0.62982
430 A	0.05274	0.36995	0.57731
431 A	0.05312	0.42369	0.52319
432 T	0.05622	0.43529	0.50848
433 T	0.05725	0.46177	0.48098
434 A	0.05548	0.49231	0.45221
435 T	0.05471	0.50859	0.43669
436 G	0.05386	0.53378	0.41236
437 A	0.05343	0.57772	0.36884
438 A	0.05305	0.62553	0.32142
439 A	0.05318	0.69330	0.25352
440 A	0.05347	0.74822	0.19831
441 T	0.05346	0.81730	0.12924
442 A	0.05241	0.85691	0.09069
443 T	0.05215	0.86953	0.07832
444 A	0.05012	0.88302	0.06687
445 A	0.04943	0.89417	0.0564
446 G	0.05180	0.89547	0.05273
447 T	0.06033	0.89007	0.0496
448 A	0.06901	0.88840	0.0426
449 A	0.09677	0.86226	0.04097
450 A	0.13046	0.82776	0.04179
451 A	0.16936	0.78809	0.04255
452 A	0.20806	0.74844	0.0435
453 T	0.30791	0.64726	0.04482
454 T	0.40898	0.54533	0.04569
455 T	0.46929	0.48447	0.04625
456 T	0.50985	0.44321	0.04694
457 T	0.53261	0.41896	0.04843
458 C	0.53832	0.41274	0.04893
459 A	0.54543	0.40683	0.04775
460 G	0.57628	0.37639	0.04733
461 A	0.62137	0.33186	0.04677
462 T	0.70415	0.24920	0.04665
463 A	0.76588	0.18810	0.04602
464 T	0.85026	0.10264	0.0471
465 T	0.88595	0.06567	0.04838
466 T	0.89323	0.05768	0.04909
467 A	0.89457	0.05430	0.05113
468 T	0.90302	0.04407	0.0529
469 C	0.90547	0.04138	0.05315
470 G	0.90796	0.03936	0.05267
471 T	0.91483	0.03259	0.05259
472 T	0.91345	0.03425	0.05229
473 T	0.88326	0.06519	0.05155
474 T	0.68884	0.26124	0.04992
475 C	0.55803	0.39436	0.04761
476 A	0.43851	0.52605	0.03544
477 A	0.35888	0.61762	0.0235
478 A	0.33233	0.64962	0.01805
479 A	0.31664	0.66753	0.01583
480 A	0.24473	0.74200	0.01327
481 A	0.19092	0.79525	0.01383
482 T	0.17243	0.81121	0.01636
483 A	0.12726	0.85551	0.01723
484 A	0.10956	0.87431	0.01613
485 A	0.10110	0.88400	0.0149
486 T	0.09816	0.88554	0.0163
487 C	0.09411	0.88843	0.01746
488 T	0.09031	0.89143	0.01826
489 A	0.08627	0.89490	0.01883
490 C	0.08372	0.89677	0.01951
491 C	0.08124	0.89991	0.01885
492 A	0.08024	0.90252	0.01724
493 A	0.08015	0.90225	0.0176
494 A	0.07978	0.90188	0.01835
495 A	0.08010	0.89931	0.02059
496 A	0.08138	0.86847	0.05016
497 C	0.08356	0.64436	0.27208
498 A	0.08653	0.53173	0.38174
499 A	0.09839	0.42106	0.48055
500 T	0.11110	0.35350	0.5354
501 T	0.11597	0.37146	0.51256
502 A	0.11685	0.42428	0.45887
503 A	0.11873	0.37133	0.50994
504 T	0.12065	0.33355	0.5458
505 A	0.12098	0.34609	0.53293
506 A	0.12145	0.40721	0.47133
507 T	0.12344	0.39489	0.48167
508 T	0.12499	0.40771	0.4673
509 T	0.12492	0.44984	0.42524
510 T	0.12461	0.45216	0.42323
511 C	0.12287	0.49090	0.38624
512 A	0.12248	0.58594	0.29159
513 A	0.12251	0.62417	0.25332
514 C	0.12326	0.63706	0.23968
515 A	0.12470	0.68026	0.19504
516 T	0.12533	0.70355	0.17112
517 T	0.12559	0.74751	0.12691
518 T	0.12553	0.78631	0.08816
519 A	0.12396	0.80839	0.06764
520 A	0.12292	0.82440	0.05268
521 A	0.12335	0.83314	0.0435
522 A	0.12578	0.83460	0.03963
523 A	0.13943	0.82273	0.03784
524 A	0.18691	0.77516	0.03792
525 T	0.24972	0.71190	0.03838
526 A	0.28463	0.67727	0.0381
527 A	0.30971	0.65273	0.03756
528 C	0.34775	0.61542	0.03684
529 A	0.42882	0.53524	0.03593
530 A	0.43428	0.52995	0.03577
531 A	0.46630	0.49783	0.03587
532 T	0.52338	0.44029	0.03633
533 C	0.53067	0.43263	0.0367
534 C	0.57814	0.38357	0.03828
535 T	0.67649	0.28497	0.03854
536 C	0.70729	0.25409	0.03862
537 C	0.71953	0.24185	0.03862
538 T	0.75399	0.20741	0.0386
539 C	0.76125	0.20014	0.03861
540 T	0.79710	0.16427	0.03863
541 T	0.80251	0.15888	0.03861
542 C	0.78507	0.17591	0.03902
543 A	0.75498	0.20568	0.03933
544 T	0.71012	0.25040	0.03948
545 T	0.65812	0.30204	0.03984
546 A	0.49434	0.46622	0.03945
547 C	0.38078	0.57986	0.03936
548 A	0.28870	0.67259	0.0387
549 A	0.24614	0.71433	0.03953
550 A	0.23482	0.72438	0.0408
551 A	0.23115	0.72672	0.04213
552 A	0.22977	0.72582	0.04441
553 T	0.23080	0.71088	0.05832
554 A	0.23069	0.70305	0.06625
555 T	0.23100	0.69615	0.07285
556 T	0.23081	0.68780	0.08139
557 T	0.23058	0.68205	0.08737
558 T	0.23031	0.67861	0.09109
559 A	0.22967	0.67608	0.09425
560 A	0.22935	0.67075	0.09989
561 T	0.22916	0.66021	0.11063
562 T	0.22883	0.64745	0.12372
563 A	0.22798	0.64259	0.12942
564 T	0.22778	0.61741	0.15482
565 G	0.22764	0.58385	0.18851
566 A	0.22769	0.54070	0.23161
567 A	0.22782	0.47783	0.29435
568 A	0.22839	0.42670	0.34491
569 T	0.22943	0.27974	0.49083
570 T	0.22991	0.19184	0.57825
571 T	0.23042	0.13353	0.63605
572 T	0.23029	0.10580	0.66391
573 T	0.22998	0.10839	0.66163
574 A	0.22940	0.11306	0.65754
575 T	0.22896	0.11399	0.65705
576 C	0.22716	0.11857	0.65426
577 G	0.22443	0.14658	0.62899
578 A	0.22082	0.27374	0.50544
579 A	0.21855	0.41296	0.36849
580 A	0.21227	0.57304	0.2147
581 A	0.20811	0.72721	0.06469
582 A	0.21083	0.74720	0.04197
583 T	0.21382	0.74948	0.03669
584 T	0.21455	0.75089	0.03456
585 A	0.21490	0.75054	0.03456
586 C	0.21646	0.74843	0.03511
587 C	0.21695	0.74810	0.03496
588 A	0.21488	0.75024	0.03487
589 C	0.21578	0.74934	0.03488
590 A	0.21973	0.74548	0.03479
591 A	0.22558	0.73966	0.03475
592 C	0.23366	0.73157	0.03476
593 G	0.24605	0.71913	0.03481
594 T	0.26864	0.69646	0.0349
595 T	0.27615	0.68859	0.03526
596 T	0.27700	0.68751	0.03549
597 C	0.27296	0.69134	0.0357
598 A	0.27000	0.69464	0.03536
599 A	0.27013	0.69384	0.03602
600 A	0.28881	0.67336	0.03784
601 A	0.39014	0.56928	0.04058
602 A	0.51899	0.43837	0.04264
603 A	0.67561	0.27328	0.05112
604 C	0.83086	0.11076	0.05837
605 C	0.86355	0.07682	0.05962
606 T	0.87600	0.06462	0.05938
607 T	0.87871	0.06225	0.05904
608 T	0.87846	0.06234	0.05919
609 T	0.87740	0.06368	0.05893
610 T	0.87491	0.06579	0.0593
611 T	0.86989	0.06773	0.06237
612 A	0.85471	0.08209	0.0632
613 T	0.83322	0.10244	0.06435
614 T	0.78908	0.14646	0.06446
615 A	0.69518	0.24318	0.06164
616 G	0.65391	0.28489	0.0612
617 A	0.63962	0.29979	0.06058
618 A	0.63063	0.30696	0.0624
619 T	0.62659	0.30423	0.06918
620 G	0.61102	0.31450	0.07448
621 G	0.59204	0.33204	0.07593
622 A	0.56699	0.36519	0.06783
623 A	0.55401	0.38448	0.06151
624 A	0.53493	0.40594	0.05913
625 A	0.53042	0.41116	0.05841
626 G	0.52817	0.41406	0.05777
627 T	0.52450	0.41972	0.05578
628 A	0.51718	0.43214	0.05068
629 T	0.51492	0.43571	0.04937
630 T	0.51160	0.43942	0.04897
631 G	0.50240	0.44826	0.04934
632 A	0.49762	0.45229	0.05008
633 A	0.49468	0.45068	0.05464
634 T	0.49540	0.43841	0.06618
635 A	0.49619	0.42086	0.08295
636 T	0.49849	0.39439	0.10712
637 A	0.49815	0.35855	0.1433
638 T	0.50034	0.27523	0.22444
639 T	0.49953	0.24408	0.25639
640 A	0.49703	0.23256	0.27041
641 C	0.49623	0.22243	0.28134
642 G	0.49624	0.22016	0.28361
643 A	0.49747	0.21052	0.29201
644 A	0.50085	0.19519	0.30395
645 A	0.51236	0.16231	0.32534
646 T	0.52257	0.14143	0.336
647 T	0.52700	0.11662	0.35639
648 A	0.52871	0.11094	0.36035
649 A	0.53093	0.10350	0.36557
650 G	0.53454	0.08809	0.37737
651 T	0.54189	0.06926	0.38885
652 T	0.54525	0.06573	0.38901
653 T	0.54741	0.06360	0.38899
654 T	0.54832	0.06174	0.38995
655 G	0.54802	0.07138	0.38061
656 T	0.54799	0.08924	0.36277
657 T	0.54515	0.14113	0.31373
658 T	0.54070	0.17075	0.28855
659 A	0.53593	0.22594	0.23813
660 T	0.53399	0.23517	0.23084
661 G	0.53166	0.24970	0.21864
662 G	0.53030	0.26688	0.20282
663 T	0.53039	0.28533	0.18429
664 C	0.53001	0.30768	0.16231
665 T	0.53078	0.35076	0.11846
666 A	0.52882	0.36164	0.10954
667 A	0.52811	0.36295	0.10894
668 A	0.52787	0.36353	0.10859
669 A	0.52761	0.36383	0.10856
670 C	0.52916	0.36172	0.10912
671 C	0.53371	0.35725	0.10904
672 T	0.53578	0.35646	0.10775
673 G	0.53399	0.36034	0.10567
674 A	0.53331	0.36756	0.09913
675 A	0.53461	0.37501	0.09038
676 G	0.53798	0.38116	0.08087
677 A	0.53376	0.40760	0.05863
678 A	0.54273	0.41283	0.04444
679 A	0.56537	0.39085	0.04378
680 T	0.61441	0.33867	0.04692
681 G	0.63305	0.31645	0.0505
682 G	0.67582	0.26952	0.05465
683 C	0.69066	0.25314	0.05619
684 A	0.70815	0.23558	0.05627
685 T	0.73661	0.20637	0.05702
686 C	0.75958	0.18284	0.05758
687 T	0.78021	0.16266	0.05713
688 T	0.80316	0.14080	0.05604
689 T	0.80551	0.13808	0.05641
690 A	0.79818	0.14501	0.05681
691 T	0.78944	0.15368	0.05688
692 A	0.75625	0.18629	0.05746
693 T	0.73597	0.20564	0.0584
694 C	0.67488	0.26786	0.05727
695 A	0.63940	0.30621	0.05439
696 A	0.60723	0.33966	0.05311
697 A	0.57524	0.37060	0.05415
698 A	0.57108	0.37354	0.05538
699 A	0.57545	0.36790	0.05665
700 A	0.59553	0.33294	0.07153
701 C	0.60893	0.31007	0.081
702 T	0.61025	0.30854	0.08121
703 T	0.60790	0.31319	0.07892
704 T	0.60452	0.31758	0.07789
705 T	0.58736	0.33732	0.07533
706 A	0.52835	0.39918	0.07247
707 T	0.50197	0.42562	0.07241
708 T	0.45772	0.47309	0.06918
709 A	0.37229	0.57814	0.04956
710 A	0.31414	0.64489	0.04096
711 T	0.25700	0.70157	0.04143
712 A	0.18328	0.77523	0.04148
713 A	0.14940	0.80376	0.04684
714 A	0.13086	0.81356	0.05558
715 A	0.11750	0.79648	0.08601
716 A	0.11015	0.78366	0.1062
717 T	0.10749	0.73351	0.159
718 A	0.09967	0.72309	0.17725
719 A	0.09700	0.70232	0.20067
720 T	0.09507	0.67154	0.23339
721 G	0.09129	0.66974	0.23897
722 A	0.08962	0.67318	0.2372
723 A	0.08839	0.67616	0.23545
724 A	0.08826	0.67811	0.23364
725 A	0.08923	0.67908	0.23169
726 T	0.09296	0.68162	0.22542
727 A	0.09284	0.68546	0.22171
728 T	0.09471	0.67094	0.23434
729 A	0.09340	0.64489	0.26172
730 G	0.09352	0.61438	0.2921
731 A	0.09749	0.57625	0.32626
732 T	0.12097	0.48217	0.39686
733 T	0.13034	0.42698	0.44269
734 T	0.13108	0.37346	0.49546
735 A	0.12636	0.33782	0.53582
736 A	0.12561	0.32301	0.55137
737 A	0.12736	0.31496	0.55768
738 T	0.13312	0.30546	0.56141
739 G	0.13593	0.30433	0.55975
740 A	0.14137	0.30800	0.55064
741 T	0.15151	0.31279	0.53569
742 T	0.15233	0.37417	0.4735
743 T	0.14059	0.55685	0.30255
744 A	0.11091	0.68535	0.20374
745 A	0.09925	0.76360	0.13715
746 A	0.09658	0.80690	0.09652
747 A	0.10018	0.81368	0.08614
748 A	0.10915	0.80807	0.08278
749 T	0.13200	0.78571	0.08228
750 A	0.14392	0.77327	0.08281
751 A	0.16131	0.75519	0.0835
752 T	0.21441	0.69898	0.08661
753 T	0.23109	0.68204	0.08686
754 T	0.23806	0.67519	0.08674
755 T	0.23732	0.67737	0.08531
756 A	0.23037	0.68738	0.08225
757 A	0.22544	0.69132	0.08323
758 C	0.22010	0.69210	0.0878
759 T	0.21939	0.69732	0.08329
760 A	0.21776	0.70615	0.07608
761 G	0.22075	0.71151	0.06774
762 A	0.23006	0.71101	0.05893
763 A	0.24189	0.70216	0.05595
764 A	0.26650	0.67623	0.05727
765 A	0.34243	0.59651	0.06106
766 T	0.55884	0.36608	0.07508
767 A	0.64010	0.26108	0.09882
768 T	0.69602	0.19412	0.10985
769 T	0.70336	0.19285	0.10379
770 T	0.69201	0.21585	0.09215
771 T	0.60004	0.33436	0.0656
772 A	0.30837	0.64427	0.04736
773 A	0.20190	0.75844	0.03965
774 A	0.16203	0.80207	0.03591
775 A	0.15174	0.81647	0.03179
776 A	0.14653	0.82260	0.03086
777 A	0.14359	0.82402	0.03239
778 A	0.14554	0.81807	0.03639
779 T	0.15041	0.80500	0.04458
780 A	0.14921	0.79893	0.05186
781 A	0.15081	0.78703	0.06216
782 C	0.15700	0.76703	0.07597
783 A	0.16370	0.75398	0.08232
784 T	0.17207	0.73503	0.0929
785 T	0.17900	0.72288	0.09812
786 A	0.17897	0.71984	0.10119
787 A	0.17973	0.71604	0.10423
788 C	0.18187	0.70447	0.11366
789 T	0.18489	0.69939	0.11572
790 A	0.18908	0.69181	0.11911
791 A	0.19819	0.67960	0.12221
792 T	0.21520	0.63548	0.14931
793 G	0.22529	0.60693	0.16778
794 T	0.24835	0.47121	0.28045
795 T	0.25784	0.18926	0.55289
796 C	0.25204	0.09731	0.65066
797 C	0.23878	0.09662	0.66459
798 T	0.22351	0.19347	0.58302
799 A	0.20735	0.35036	0.44229
800 G	0.19123	0.44445	0.36431
801 T	0.17845	0.52146	0.30009
802 A	0.15077	0.58475	0.26448
803 T	0.14159	0.64453	0.21388
804 A	0.12963	0.77167	0.09871
805 A	0.12226	0.80857	0.06918
806 A	0.11866	0.81920	0.06213
807 T	0.11732	0.82224	0.06043
808 G	0.11520	0.83145	0.05335
809 A	0.11402	0.84285	0.04313
810 A	0.11363	0.84433	0.04204
811 G	0.11374	0.84374	0.04252
812 A	0.11466	0.84334	0.042
813 A	0.11820	0.83945	0.04235
814 A	0.12565	0.83178	0.04257
815 A	0.12803	0.82843	0.04354
816 T	0.13058	0.82325	0.04617
817 G	0.13149	0.82245	0.04607
818 A	0.13437	0.81690	0.04873
819 A	0.14086	0.79949	0.05964
820 A	0.15430	0.76578	0.07992
821 T	0.24419	0.65394	0.10188
822 G	0.39544	0.48590	0.11866
823 A	0.50985	0.35569	0.13447
824 T	0.61201	0.23628	0.15171
825 T	0.64610	0.17415	0.17975
826 C	0.67049	0.14150	0.18802
827 T	0.73660	0.07207	0.19133
828 T	0.75745	0.05066	0.19189
829 T	0.76177	0.04879	0.18944
830 A	0.75386	0.05995	0.18618
831 C	0.73678	0.07947	0.18375
832 T	0.71333	0.11557	0.17111
833 T	0.58421	0.27470	0.1411
834 A	0.36817	0.54703	0.08481
835 A	0.24514	0.70362	0.05125
836 A	0.20360	0.76011	0.03628
837 A	0.18204	0.79347	0.02449
838 A	0.17051	0.80586	0.02363
839 A	0.16117	0.81573	0.02309
840 T	0.15777	0.81939	0.02284
841 A	0.14110	0.83772	0.02117
842 C	0.12655	0.85375	0.0197
843 A	0.11405	0.86787	0.01808
844 G	0.10427	0.87792	0.01781
845 A	0.10056	0.88177	0.01767
846 A	0.09796	0.88439	0.01764
847 C	0.09660	0.88567	0.01773
848 C	0.09691	0.88507	0.01803
849 A	0.09787	0.88416	0.01797
850 A	0.09921	0.88241	0.01838
851 A	0.10262	0.87834	0.01904
852 T	0.10924	0.87012	0.02064
853 A	0.11428	0.85234	0.03338
854 G	0.12174	0.79372	0.08454
855 A	0.13727	0.72668	0.13605
856 A	0.16757	0.56388	0.26855
857 T	0.21934	0.32721	0.45344
858 T	0.24688	0.21920	0.53392
859 A	0.25637	0.24885	0.49478
860 T	0.26537	0.28803	0.44659
861 A	0.26522	0.37285	0.36194
862 A	0.26502	0.43979	0.29518
863 A	0.26522	0.45800	0.27678
864 A	0.26693	0.45802	0.27505
865 A	0.26938	0.46262	0.268
866 A	0.27256	0.46451	0.26292
867 T	0.27494	0.45625	0.26881
868 T	0.27418	0.45427	0.27155
869 T	0.27219	0.45443	0.27339
870 T	0.27023	0.45671	0.27307
871 G	0.26888	0.45831	0.2728
872 C	0.26821	0.45919	0.27261
873 T	0.26777	0.46128	0.27094
874 A	0.26645	0.46579	0.26776
875 C	0.26567	0.46822	0.26611
876 A	0.26136	0.47664	0.26201
877 A	0.26043	0.47785	0.26172
878 G	0.26382	0.47455	0.26163
879 T	0.28174	0.45654	0.26171
880 G	0.29775	0.44052	0.26173
881 C	0.33871	0.39820	0.26309
882 T	0.41478	0.32179	0.26343
883 C	0.47156	0.26532	0.26312
884 A	0.53954	0.19812	0.26234
885 T	0.61673	0.12150	0.26177
886 A	0.63457	0.10540	0.26003
887 T	0.65220	0.08920	0.2586
888 T	0.66864	0.07642	0.25494
889 T	0.68058	0.06474	0.25468
890 A	0.68229	0.06308	0.25464
891 T	0.68383	0.05929	0.25688
892 T	0.68389	0.05738	0.25873
893 C	0.68355	0.05619	0.26026
894 T	0.68099	0.05955	0.25946
895 G	0.67555	0.06786	0.25659
896 A	0.67398	0.07411	0.25192
897 T	0.67601	0.07336	0.25064
898 T	0.67652	0.07393	0.24955
899 T	0.67703	0.07110	0.25187
900 A	0.67274	0.07661	0.25065
901 A	0.67021	0.07922	0.25057
902 T	0.66920	0.08017	0.25063
903 T	0.66728	0.08282	0.2499
904 G	0.66325	0.08991	0.24684
905 A	0.66089	0.09716	0.24195
906 T	0.66144	0.09912	0.23943
907 A	0.66097	0.09977	0.23925
908 T	0.66127	0.09921	0.23951
909 A	0.66201	0.09817	0.23982
910 G	0.66427	0.09474	0.24099
911 C	0.66780	0.09065	0.24155
912 T	0.66938	0.09667	0.23394
913 T	0.66927	0.11234	0.21839
914 T	0.66775	0.12232	0.20993
915 T	0.64276	0.15866	0.19858
916 A	0.62596	0.19410	0.17994
917 A	0.62090	0.20616	0.17294
918 A	0.61916	0.21430	0.16654
919 T	0.62255	0.21795	0.1595
920 T	0.62072	0.22817	0.15111
921 A	0.57828	0.28517	0.13654
922 A	0.46313	0.41019	0.12668
923 T	0.40283	0.47106	0.1261
924 A	0.32396	0.54859	0.12746
925 G	0.27579	0.59621	0.128
926 A	0.23669	0.63555	0.12775
927 A	0.21959	0.65187	0.12854
928 C	0.21329	0.65561	0.1311
929 A	0.20001	0.66955	0.13045
930 A	0.18646	0.68358	0.12995
931 A	0.17966	0.69051	0.12983
932 C	0.17798	0.69183	0.13019
933 A	0.17443	0.69670	0.12887
934 A	0.17314	0.69756	0.1293
935 A	0.18379	0.68578	0.13044
936 T	0.20409	0.66313	0.13277
937 A	0.20953	0.65521	0.13526
938 C	0.21811	0.61548	0.1664
939 C	0.23194	0.58726	0.18081
940 G	0.24119	0.57436	0.18445
941 A	0.25533	0.55823	0.18643
942 T	0.26912	0.54244	0.18844
943 A	0.27585	0.53374	0.19041
944 T	0.28724	0.48052	0.23224
945 T	0.28660	0.34895	0.36444
946 G	0.27610	0.28815	0.43576
947 G	0.24508	0.24876	0.50615
948 A	0.22599	0.23166	0.54235
949 G	0.21804	0.20610	0.57586
950 T	0.21359	0.19796	0.58845
951 A	0.20380	0.20405	0.59214
952 A	0.19960	0.19646	0.60395
953 T	0.19916	0.18205	0.61879
954 T	0.19621	0.17844	0.62536
955 A	0.19144	0.18005	0.62852
956 A	0.18955	0.17640	0.63405
957 T	0.18896	0.17017	0.64088
958 G	0.18779	0.16833	0.64388
959 C	0.18738	0.16610	0.64652
960 T	0.18717	0.16468	0.64815
961 T	0.18674	0.16424	0.64903
962 T	0.18599	0.16402	0.64999
963 A	0.18468	0.16472	0.6506
964 C	0.18443	0.16365	0.65193
965 T	0.18450	0.16089	0.6546
966 T	0.18491	0.15844	0.65665
967 A	0.18436	0.15885	0.6568
968 T	0.18517	0.15121	0.66363
969 G	0.18303	0.14583	0.67113
970 T	0.18388	0.11752	0.69859
971 A	0.18442	0.10332	0.71226
972 T	0.19058	0.08944	0.71998
973 G	0.19288	0.08353	0.7236
974 T	0.19806	0.07750	0.72444
975 T	0.19856	0.09231	0.70913
976 T	0.19721	0.13867	0.66411
977 T	0.19418	0.17589	0.62992
978 A	0.15998	0.29281	0.54721
979 A	0.13921	0.40821	0.45258
980 A	0.11726	0.50562	0.37712
981 A	0.10402	0.57652	0.31946
982 A	0.08943	0.68184	0.22872
983 T	0.08514	0.74926	0.16561
984 A	0.07605	0.80757	0.11638
985 A	0.07112	0.83611	0.09278
986 A	0.06904	0.85018	0.08078
987 A	0.06787	0.86029	0.07183
988 A	0.06617	0.86604	0.06779
989 A	0.06713	0.86678	0.0661
990 A	0.06971	0.86497	0.06532
991 A	0.07221	0.86167	0.06612
992 A	0.07547	0.85597	0.06856
993 T	0.08233	0.84716	0.07051
994 A	0.08655	0.84220	0.07125
995 C	0.09103	0.83703	0.07193
996 A	0.09589	0.83358	0.07052
997 A	0.10625	0.82381	0.06994
998 A	0.12910	0.80029	0.07061
999 T	0.18241	0.74525	0.07234
1000 A	0.20900	0.71716	0.07385
1001 A	0.28293	0.60957	0.10749
1002 A	0.37031	0.49898	0.13071
1003 A	0.44300	0.40362	0.15338
1004 A	0.50158	0.33044	0.16798
1005 C	0.60746	0.20736	0.18518
1006 T	0.68230	0.12923	0.18846
1007 T	0.72235	0.08489	0.19277
1008 T	0.73490	0.07020	0.19491
1009 A	0.72968	0.07425	0.19608
1010 T	0.73452	0.06846	0.19702
1011 T	0.72688	0.07351	0.19961
1012 C	0.71686	0.08231	0.20083
1013 C	0.71064	0.08854	0.20082
1014 T	0.70456	0.09594	0.1995
1015 A	0.69972	0.10218	0.1981
1016 C	0.69931	0.10303	0.19767
1017 T	0.69829	0.10519	0.19653
1018 T	0.69568	0.10840	0.19592
1019 T	0.69238	0.11209	0.19553
1020 T	0.68755	0.11744	0.19501
1021 A	0.66719	0.14002	0.19278
1022 A	0.65883	0.14613	0.19504
1023 T	0.65647	0.14483	0.19869
1024 T	0.65371	0.14544	0.20086
1025 A	0.64908	0.14895	0.20198
1026 T	0.64738	0.14724	0.20538
1027 T	0.64544	0.14665	0.20791
1028 T	0.64297	0.15128	0.20575
1029 T	0.63414	0.16160	0.20426
1030 A	0.62846	0.16645	0.2051
1031 A	0.62666	0.16396	0.20938
1032 A	0.62491	0.14940	0.2257
1033 A	0.62395	0.14576	0.23029
1034 C	0.62400	0.13521	0.24078
1035 T	0.62325	0.13061	0.24613
1036 A	0.61997	0.13431	0.24571
1037 T	0.61874	0.13608	0.24517
1038 T	0.61619	0.14495	0.23886
1039 T	0.61064	0.16733	0.22203
1040 T	0.60136	0.20059	0.19806
1041 A	0.58782	0.26443	0.14774
1042 A	0.58137	0.27024	0.14839
1043 A	0.57761	0.27036	0.15203
1044 T	0.57719	0.25217	0.17064
1045 T	0.57233	0.24911	0.17856
1046 C	0.56383	0.25471	0.18145
1047 A	0.55993	0.25971	0.18036
1048 T	0.55981	0.25671	0.18348
1049 G	0.55884	0.25586	0.1853
1050 G	0.55989	0.25302	0.18709
1051 T	0.56278	0.24854	0.18867
1052 C	0.56413	0.23888	0.19699
1053 T	0.56389	0.24166	0.19445
1054 A	0.56151	0.25083	0.18766
1055 A	0.55909	0.25888	0.18203
1056 A	0.55004	0.27349	0.17647
1057 A	0.54678	0.28067	0.17255
1058 A	0.54518	0.28559	0.16922
1059 A	0.55102	0.27751	0.17147
1060 G	0.56067	0.26289	0.17644
1061 G	0.57342	0.24961	0.17698
1062 A	0.59167	0.23063	0.1777
1063 A	0.61835	0.20158	0.18007
1064 T	0.66858	0.14184	0.18958
1065 T	0.67369	0.13405	0.19226
1066 A	0.66491	0.13982	0.19527
1067 T	0.65895	0.14170	0.19935
1068 T	0.63975	0.15572	0.20453
1069 T	0.60951	0.17886	0.21162
1070 C	0.54594	0.23946	0.2146
1071 G	0.48750	0.29750	0.21499
1072 G	0.44591	0.33870	0.21539
1073 C	0.40725	0.37747	0.21529
1074 A	0.35795	0.42781	0.21424
1075 G	0.34158	0.44416	0.21426
1076 A	0.33524	0.45017	0.21459
1077 A	0.33706	0.44706	0.21588
1078 A	0.33908	0.44334	0.21758
1079 C	0.34197	0.43033	0.22769
1080 A	0.34493	0.42457	0.2305
1081 G	0.34985	0.41574	0.23441
1082 C	0.35411	0.40956	0.23634
1083 C	0.35551	0.40809	0.23641
1084 T	0.35793	0.40636	0.23571
1085 A	0.36065	0.40374	0.2356
1086 T	0.36639	0.39791	0.2357
1087 G	0.36520	0.39977	0.23503
1088 A	0.36474	0.40129	0.23398
1089 T	0.36473	0.37346	0.2618
1090 T	0.36383	0.34409	0.29208
1091 T	0.36259	0.30678	0.33063
1092 T	0.35983	0.27348	0.36669
1093 T	0.35654	0.23452	0.40894
1094 T	0.35232	0.20059	0.44709
1095 A	0.34720	0.18809	0.4647
1096 A	0.34456	0.16847	0.48697
1097 T	0.34100	0.13386	0.52514
1098 G	0.32256	0.15323	0.52421
1099 G	0.31968	0.16672	0.51361
1100 A	0.31821	0.19265	0.48914
1101 A	0.31737	0.21313	0.4695
1102 G	0.31691	0.23481	0.44828
1103 A	0.31680	0.28562	0.39758
1104 T	0.31649	0.33073	0.35279
1105 A	0.31633	0.38929	0.29438
1106 A	0.31654	0.43703	0.24642
1107 T	0.31729	0.45310	0.22961
1108 A	0.31758	0.47850	0.20392
1109 A	0.31795	0.48763	0.19443
1110 A	0.31906	0.48520	0.19575
1111 T	0.32131	0.47843	0.20026
1112 T	0.31984	0.47685	0.20331
1113 T	0.31773	0.47786	0.20441
1114 C	0.30727	0.49590	0.19683
1115 A	0.29839	0.53783	0.16378
1116 A	0.29159	0.58769	0.12071
1117 A	0.28741	0.59864	0.11395
1118 A	0.28168	0.60527	0.11305
1119 T	0.29172	0.59349	0.11479
1120 A	0.29015	0.59110	0.11875
1121 C	0.29884	0.56426	0.1369
1122 A	0.31418	0.55077	0.13504
1123 C	0.33874	0.52609	0.13516
1124 A	0.35999	0.50530	0.13471
1125 A	0.38631	0.47930	0.1344
1126 A	0.43878	0.42702	0.1342
1127 C	0.48873	0.37641	0.13486
1128 C	0.52868	0.33678	0.13453
1129 T	0.55650	0.31257	0.13092
1130 A	0.53540	0.34962	0.11497
1131 T	0.53081	0.35460	0.11459
1132 A	0.48719	0.39857	0.11424
1133 A	0.44042	0.44511	0.11447
1134 A	0.41379	0.46802	0.11818
1135 C	0.39807	0.47847	0.12345
1136 A	0.39546	0.47880	0.12575
1137 A	0.40134	0.46461	0.13404
1138 A	0.42513	0.43343	0.14143
1139 A	0.46162	0.38966	0.14871
1140 T	0.47169	0.37151	0.1568
1141 C	0.47370	0.34837	0.17793
1142 G	0.47376	0.34260	0.18364
1143 T	0.47530	0.33340	0.1913
1144 C	0.47323	0.33177	0.195
1145 C	0.47071	0.33340	0.19589
1146 T	0.46733	0.33859	0.19407
1147 A	0.45373	0.35501	0.19125
1148 A	0.43794	0.37365	0.1884
1149 A	0.43044	0.38530	0.18427
1150 T	0.42417	0.38864	0.18719
1151 G	0.40297	0.37917	0.21787
1152 G	0.39985	0.35011	0.25004
1153 T	0.40886	0.30777	0.28337
1154 T	0.40029	0.30092	0.29879
1155 A	0.37839	0.30622	0.31538
1156 G	0.36322	0.29484	0.34194
1157 A	0.35101	0.29898	0.35
1158 T	0.34183	0.29486	0.36331
1159 G	0.32862	0.30631	0.36507
1160 A	0.32365	0.32116	0.35518
1161 A	0.32084	0.32893	0.35022
1162 G	0.31780	0.34044	0.34176
1163 T	0.31506	0.35159	0.33334
1164 A	0.30896	0.38772	0.30332
1165 G	0.30258	0.43835	0.25907
1166 A	0.30013	0.46900	0.23087
1167 A	0.29829	0.48258	0.21913
1168 A	0.29647	0.48984	0.2137
1169 A	0.29818	0.48480	0.21702
1170 A	0.30167	0.46898	0.22935
1171 G	0.30594	0.44834	0.24572
1172 A	0.31262	0.43337	0.254
1173 A	0.32113	0.41475	0.26413
1174 T	0.33087	0.38219	0.28695
1175 T	0.33685	0.36713	0.29602
1176 A	0.34061	0.35755	0.30184
1177 G	0.34629	0.33948	0.31423
1178 G	0.35960	0.30408	0.33633
1179 T	0.37396	0.27390	0.35214
1180 T	0.39007	0.24658	0.36334
1181 T	0.39804	0.23066	0.3713
1182 G	0.40318	0.21640	0.38043
1183 G	0.41428	0.20079	0.38492
1184 A	0.42523	0.18667	0.3881
1185 T	0.44360	0.16427	0.39214
1186 G	0.45700	0.14779	0.39522
1187 A	0.49323	0.10648	0.40028
1188 T	0.54256	0.05104	0.4064
1189 T	0.56738	0.02334	0.40929
1190 A	0.57651	0.01200	0.4115
1191 A	0.58594	0.00000	0.41406
