# lcl|CP097583.1_cds_USQ93477.1_1
# AA	inside	membr	outside
1 A	0.25959	0.00000	0.74041
2 T	0.25847	0.00113	0.74041
3 G	0.25799	0.00161	0.74041
4 G	0.25799	0.00811	0.73391
5 T	0.25277	0.01812	0.72911
6 T	0.25277	0.01932	0.72791
7 T	0.14612	0.12642	0.72747
8 C	0.14611	0.12643	0.72746
9 G	0.11898	0.15420	0.72683
10 G	0.11894	0.18966	0.6914
11 A	0.11615	0.19454	0.68931
12 T	0.09385	0.21734	0.68881
13 A	0.05480	0.25879	0.68641
14 A	0.05480	0.25880	0.68641
15 A	0.05480	0.27187	0.67334
16 A	0.05445	0.27221	0.67334
17 T	0.05411	0.27267	0.67322
18 T	0.05409	0.27323	0.67268
19 A	0.05291	0.27475	0.67235
20 A	0.04958	0.28010	0.67032
21 A	0.04744	0.28223	0.67032
22 A	0.04743	0.28228	0.67029
23 A	0.04758	0.28198	0.67045
24 A	0.04841	0.28087	0.67072
25 T	0.05013	0.27364	0.67622
26 A	0.05087	0.27020	0.67894
27 T	0.05703	0.25068	0.69229
28 A	0.06174	0.23894	0.69932
29 T	0.06516	0.22624	0.70859
30 T	0.07023	0.14268	0.78709
31 A	0.07135	0.13636	0.79229
32 T	0.07408	0.10533	0.82058
33 T	0.09812	0.07211	0.82977
34 T	0.09981	0.06777	0.83243
35 T	0.10065	0.05459	0.84476
36 A	0.10122	0.03897	0.85981
37 G	0.10118	0.03960	0.85923
38 A	0.11050	0.03353	0.85597
39 T	0.11008	0.04654	0.84338
40 G	0.11022	0.04620	0.84358
41 T	0.11095	0.04583	0.84323
42 T	0.11090	0.04602	0.84307
43 T	0.11131	0.04339	0.8453
44 C	0.10862	0.04510	0.84628
45 T	0.10686	0.04715	0.84599
46 A	0.10591	0.04838	0.84571
47 C	0.10553	0.04886	0.84561
48 T	0.10513	0.04960	0.84527
49 A	0.10435	0.05255	0.8431
50 A	0.10412	0.05340	0.84248
51 T	0.10427	0.05330	0.84243
52 G	0.10414	0.05349	0.84237
53 T	0.10432	0.05327	0.84241
54 T	0.10461	0.05289	0.8425
55 C	0.10472	0.05280	0.84248
56 A	0.10525	0.05255	0.8422
57 A	0.10777	0.05030	0.84193
58 A	0.11082	0.04751	0.84167
59 T	0.11865	0.03924	0.84211
60 A	0.12011	0.03779	0.8421
61 G	0.12411	0.03308	0.84281
62 T	0.13556	0.02081	0.84364
63 T	0.13646	0.01990	0.84364
64 A	0.13693	0.01963	0.84344
65 T	0.13794	0.01791	0.84415
66 T	0.13794	0.01778	0.84428
67 T	0.13638	0.01785	0.84578
68 T	0.13227	0.02121	0.84652
69 G	0.12453	0.02896	0.84651
70 A	0.12046	0.03298	0.84657
71 G	0.11968	0.03346	0.84686
72 T	0.12108	0.03158	0.84734
73 A	0.12034	0.03203	0.84763
74 C	0.11937	0.03277	0.84785
75 T	0.11922	0.03285	0.84792
76 T	0.11871	0.03330	0.84799
77 C	0.11759	0.03442	0.84799
78 G	0.11582	0.03657	0.84761
79 A	0.11548	0.03742	0.84711
80 C	0.11556	0.03722	0.84722
81 T	0.11546	0.03769	0.84684
82 G	0.11429	0.03950	0.84621
83 A	0.11427	0.03983	0.84591
84 C	0.11386	0.04033	0.84581
85 A	0.11410	0.04062	0.84529
86 T	0.11520	0.03955	0.84524
87 T	0.11611	0.03845	0.84544
88 A	0.11601	0.03863	0.84537
89 T	0.11622	0.03825	0.84554
90 T	0.11544	0.03687	0.84769
91 A	0.11314	0.03636	0.8505
92 G	0.11137	0.03168	0.85695
93 T	0.10910	0.03402	0.85687
94 A	0.10675	0.04305	0.85019
95 T	0.10443	0.05728	0.83829
96 A	0.09902	0.08421	0.81678
97 G	0.09559	0.09086	0.81354
98 A	0.09369	0.09476	0.81155
99 A	0.08945	0.09978	0.81077
100 A	0.08739	0.10165	0.81096
101 C	0.08715	0.10039	0.81245
102 A	0.08719	0.10090	0.81191
103 A	0.08717	0.10102	0.81181
104 A	0.08755	0.10040	0.81205
105 T	0.08849	0.09852	0.81299
106 T	0.08887	0.09810	0.81302
107 T	0.08900	0.09700	0.81399
108 A	0.08909	0.09671	0.81419
109 T	0.08923	0.09692	0.81384
110 T	0.08914	0.09875	0.81211
111 A	0.08697	0.10387	0.80916
112 A	0.08567	0.10498	0.80935
113 A	0.08518	0.10464	0.81018
114 A	0.08579	0.10196	0.81225
115 A	0.08697	0.09826	0.81476
116 C	0.09178	0.08969	0.81853
117 A	0.09907	0.08140	0.81953
118 A	0.11151	0.06748	0.82101
119 A	0.13180	0.04376	0.82444
120 T	0.13805	0.03465	0.82731
121 T	0.14029	0.03100	0.82871
122 T	0.14146	0.02539	0.83315
123 T	0.14169	0.02356	0.83475
124 G	0.14143	0.02317	0.83539
125 T	0.14176	0.02255	0.8357
126 T	0.14164	0.02254	0.83582
127 T	0.14136	0.02280	0.83584
128 C	0.14065	0.02354	0.8358
129 T	0.14035	0.02427	0.83538
130 G	0.13969	0.02582	0.8345
131 A	0.13952	0.02796	0.83252
132 A	0.13988	0.02935	0.83077
133 A	0.14187	0.02817	0.82996
134 T	0.14480	0.02367	0.83153
135 A	0.14449	0.02250	0.83301
136 A	0.14471	0.02119	0.8341
137 T	0.14544	0.01946	0.83509
138 T	0.14550	0.01877	0.83573
139 C	0.14512	0.01887	0.83601
140 C	0.14548	0.01851	0.83601
141 T	0.14583	0.01857	0.8356
142 T	0.14536	0.01959	0.83505
143 T	0.14402	0.02246	0.83351
144 A	0.14132	0.02735	0.83133
145 A	0.13919	0.03001	0.8308
146 T	0.13883	0.03013	0.83104
147 T	0.13728	0.03092	0.8318
148 T	0.13315	0.03446	0.83239
149 C	0.12770	0.03916	0.83314
150 T	0.12342	0.04331	0.83328
151 C	0.11717	0.04950	0.83333
152 G	0.11052	0.05677	0.8327
153 A	0.10744	0.06061	0.83195
154 A	0.10719	0.06150	0.8313
155 T	0.10796	0.06094	0.8311
156 A	0.10655	0.06282	0.83063
157 T	0.10606	0.06305	0.83088
158 T	0.10329	0.06536	0.83136
159 A	0.09683	0.07187	0.8313
160 G	0.09124	0.07782	0.83095
161 A	0.08626	0.08383	0.82992
162 A	0.08312	0.08809	0.82878
163 A	0.07949	0.09285	0.82766
164 A	0.07834	0.09409	0.82758
165 A	0.07784	0.09398	0.82818
166 A	0.07859	0.09182	0.82959
167 A	0.08015	0.08763	0.83222
168 T	0.08078	0.08413	0.83508
169 A	0.08089	0.08256	0.83656
170 A	0.08110	0.07974	0.83916
171 T	0.08156	0.07406	0.84437
172 T	0.08175	0.07019	0.84806
173 T	0.08182	0.06760	0.85058
174 A	0.08174	0.06623	0.85203
175 A	0.08174	0.06324	0.85502
176 A	0.08208	0.06011	0.85781
177 T	0.08256	0.05755	0.85989
178 T	0.08230	0.05669	0.861
179 T	0.08144	0.05578	0.86277
180 A	0.07921	0.05752	0.86327
181 A	0.07797	0.05642	0.86561
182 A	0.07786	0.05081	0.87134
183 A	0.07843	0.04523	0.87634
184 G	0.07967	0.03909	0.88124
185 A	0.08128	0.03451	0.88421
186 T	0.08301	0.02921	0.88777
187 T	0.08354	0.02722	0.88925
188 T	0.08372	0.02609	0.89019
189 A	0.08372	0.02559	0.89069
190 G	0.08377	0.02511	0.89112
191 A	0.08390	0.02477	0.89133
192 C	0.08448	0.02384	0.89168
193 G	0.08518	0.02311	0.8917
194 G	0.08691	0.02139	0.8917
195 T	0.09004	0.01837	0.89159
196 A	0.09132	0.01746	0.89122
197 T	0.09350	0.01521	0.89129
198 T	0.09508	0.01306	0.89186
199 A	0.09562	0.01202	0.89236
200 T	0.09626	0.01043	0.89332
201 T	0.09679	0.00876	0.89444
202 G	0.09703	0.00715	0.89581
203 T	0.09756	0.00478	0.89765
204 T	0.09758	0.00371	0.89871
205 G	0.09700	0.00399	0.89901
206 G	0.09692	0.00402	0.89906
207 T	0.09699	0.00399	0.89902
208 G	0.09682	0.00428	0.8989
209 T	0.09672	0.00455	0.89874
210 T	0.09640	0.00491	0.89869
211 G	0.09605	0.00524	0.89871
212 G	0.09592	0.00531	0.89876
213 T	0.09578	0.00544	0.89879
214 C	0.09548	0.00576	0.89876
215 C	0.09527	0.00617	0.89856
216 A	0.09522	0.00655	0.89823
217 G	0.09526	0.00654	0.8982
218 G	0.09545	0.00638	0.89817
219 T	0.09599	0.00588	0.89813
220 T	0.09616	0.00577	0.89807
221 C	0.09621	0.00579	0.898
222 T	0.09626	0.00628	0.89746
223 T	0.09624	0.00660	0.89716
224 A	0.09618	0.00689	0.89693
225 T	0.09610	0.00714	0.89677
226 A	0.09591	0.00755	0.89654
227 T	0.09581	0.00744	0.89675
228 A	0.09529	0.00751	0.8972
229 G	0.09506	0.00773	0.89721
230 G	0.09500	0.00812	0.89687
231 A	0.09509	0.00831	0.8966
232 A	0.09525	0.00836	0.89639
233 G	0.09535	0.00831	0.89634
234 T	0.09541	0.00893	0.89566
235 A	0.09540	0.01104	0.89355
236 G	0.09542	0.01392	0.89067
237 A	0.09531	0.02052	0.88416
238 T	0.09546	0.02067	0.88387
239 T	0.09556	0.02082	0.88362
240 A	0.09512	0.02151	0.88336
241 G	0.09493	0.02178	0.88328
242 C	0.09485	0.02200	0.88315
243 A	0.09485	0.02229	0.88286
244 G	0.09503	0.02221	0.88276
245 T	0.09574	0.02161	0.88266
246 T	0.09607	0.02134	0.88259
247 T	0.09620	0.02118	0.88262
248 T	0.09619	0.02103	0.88277
249 G	0.09592	0.02112	0.88296
250 A	0.09570	0.02121	0.88308
251 C	0.09558	0.02090	0.88352
252 A	0.09566	0.02079	0.88355
253 T	0.09611	0.02033	0.88356
254 C	0.09639	0.02015	0.88346
255 A	0.09657	0.02063	0.8828
256 A	0.09700	0.02070	0.8823
257 A	0.09799	0.01996	0.88205
258 A	0.10004	0.01817	0.88178
259 A	0.10326	0.01503	0.8817
260 T	0.11013	0.00796	0.88192
261 T	0.11080	0.00719	0.882
262 T	0.11106	0.00674	0.8822
263 T	0.11113	0.00630	0.88257
264 A	0.11108	0.00620	0.88272
265 T	0.11116	0.00601	0.88283
266 C	0.11118	0.00592	0.88289
267 T	0.11102	0.00609	0.88289
268 T	0.11020	0.00694	0.88286
269 T	0.10842	0.00877	0.88281
270 A	0.10470	0.01248	0.88282
271 G	0.10218	0.01496	0.88285
272 A	0.09972	0.01714	0.88315
273 A	0.09814	0.01841	0.88345
274 C	0.09743	0.01870	0.88387
275 T	0.09669	0.01947	0.88385
276 G	0.09453	0.02188	0.88359
277 A	0.09319	0.02376	0.88305
278 A	0.09271	0.02434	0.88295
279 T	0.09260	0.02466	0.88275
280 A	0.09176	0.02540	0.88284
281 T	0.09183	0.02523	0.88294
282 A	0.09143	0.02558	0.88299
283 T	0.09132	0.02559	0.88309
284 C	0.09104	0.02576	0.88321
285 T	0.09074	0.02605	0.8832
286 T	0.09034	0.02645	0.88321
287 T	0.08955	0.02729	0.88315
288 A	0.08851	0.02839	0.8831
289 T	0.08788	0.02891	0.88321
290 A	0.08664	0.02950	0.88386
291 T	0.08629	0.02859	0.88512
292 G	0.08595	0.02713	0.88691
293 A	0.08576	0.02460	0.88963
294 A	0.08571	0.02265	0.89164
295 A	0.08575	0.02043	0.89383
296 T	0.08582	0.01857	0.89561
297 A	0.08579	0.01785	0.89636
298 A	0.08591	0.01661	0.89748
299 G	0.08624	0.01415	0.89962
300 T	0.08680	0.01201	0.90119
301 A	0.08698	0.01107	0.90195
302 G	0.08727	0.01027	0.90246
303 T	0.08740	0.00922	0.90338
304 T	0.08744	0.00926	0.9033
305 T	0.08745	0.00900	0.90355
306 G	0.08742	0.00911	0.90347
307 T	0.08746	0.00922	0.90333
308 T	0.08748	0.00918	0.90334
309 G	0.08750	0.00866	0.90383
310 T	0.08764	0.00771	0.90466
311 T	0.08771	0.00732	0.90497
312 G	0.08758	0.00838	0.90405
313 C	0.08748	0.00821	0.90431
314 T	0.08710	0.01081	0.90208
315 A	0.08622	0.01449	0.8993
316 T	0.08583	0.01565	0.89852
317 C	0.08530	0.01633	0.89837
318 T	0.08483	0.01775	0.89741
319 A	0.08367	0.01989	0.89644
320 G	0.08238	0.02218	0.89544
321 C	0.08156	0.02474	0.8937
322 G	0.08043	0.03205	0.88752
323 G	0.07995	0.03636	0.88369
324 A	0.08027	0.04176	0.87798
325 T	0.08065	0.04219	0.87715
326 A	0.08073	0.04264	0.87662
327 T	0.08112	0.04232	0.87656
328 A	0.08097	0.04261	0.87641
329 C	0.08046	0.04326	0.87628
330 A	0.07588	0.04864	0.87547
331 C	0.07234	0.05255	0.8751
332 A	0.06986	0.05608	0.87407
333 A	0.06730	0.05916	0.87354
334 A	0.06533	0.06149	0.87318
335 A	0.06543	0.06128	0.87329
336 A	0.06565	0.06095	0.8734
337 A	0.06788	0.05800	0.87412
338 T	0.07073	0.05393	0.87534
339 C	0.07073	0.05320	0.87606
340 A	0.07029	0.05346	0.87625
341 A	0.07085	0.05307	0.87608
342 A	0.07141	0.05194	0.87666
343 A	0.07294	0.04945	0.87762
344 C	0.07584	0.04574	0.87841
345 T	0.08171	0.03873	0.87956
346 C	0.08324	0.03698	0.87978
347 C	0.07891	0.04222	0.87887
348 T	0.07363	0.04903	0.87734
349 A	0.06471	0.05934	0.87595
350 A	0.06071	0.06388	0.87541
351 A	0.05912	0.06564	0.87524
352 A	0.05869	0.06534	0.87596
353 T	0.05935	0.05832	0.88233
354 T	0.05938	0.05364	0.88698
355 T	0.05873	0.05186	0.8894
356 A	0.05671	0.05195	0.89134
357 T	0.05454	0.05222	0.89324
358 G	0.05139	0.05439	0.89423
359 C	0.05013	0.05512	0.89475
360 G	0.04958	0.05549	0.89493
361 A	0.04928	0.05571	0.89501
362 A	0.04914	0.05556	0.89531
363 A	0.04916	0.05514	0.8957
364 C	0.04955	0.05437	0.89608
365 G	0.04965	0.05343	0.89692
366 A	0.04978	0.05285	0.89738
367 A	0.05005	0.05191	0.89803
368 A	0.05064	0.05056	0.8988
369 T	0.05192	0.04753	0.90055
370 T	0.05332	0.03553	0.91115
371 T	0.05447	0.02784	0.91768
372 T	0.05513	0.01910	0.92576
373 T	0.05525	0.01646	0.92829
374 T	0.05522	0.01537	0.92941
375 T	0.05502	0.01501	0.92997
376 T	0.05415	0.01621	0.92963
377 A	0.05281	0.01863	0.92856
378 T	0.05225	0.01968	0.92806
379 A	0.05104	0.02695	0.92201
380 G	0.04997	0.03300	0.91703
381 T	0.04919	0.04336	0.90745
382 T	0.04792	0.05076	0.90132
383 T	0.04633	0.05725	0.89642
384 A	0.04416	0.07154	0.8843
385 A	0.04364	0.07614	0.88021
386 G	0.04342	0.07787	0.8787
387 T	0.04334	0.07887	0.87779
388 T	0.04308	0.07979	0.87713
389 T	0.04237	0.08141	0.87623
390 A	0.04127	0.08336	0.87537
391 A	0.04080	0.08437	0.87483
392 A	0.04068	0.08494	0.87438
393 A	0.04068	0.08539	0.87394
394 A	0.04080	0.08571	0.87349
395 A	0.04121	0.08577	0.87302
396 T	0.04170	0.08556	0.87275
397 G	0.04074	0.08721	0.87206
398 A	0.04060	0.08785	0.87155
399 A	0.04113	0.08721	0.87166
400 G	0.04275	0.08472	0.87252
401 A	0.04541	0.08170	0.87288
402 A	0.05498	0.07102	0.87401
403 A	0.06575	0.05898	0.87527
404 T	0.08237	0.04108	0.87655
405 T	0.08943	0.03284	0.87773
406 A	0.09227	0.02906	0.87867
407 T	0.10012	0.02003	0.87985
408 T	0.10211	0.01906	0.87883
409 T	0.10211	0.01960	0.87829
410 T	0.09897	0.02269	0.87834
411 A	0.09430	0.02743	0.87827
412 T	0.09055	0.03088	0.87856
413 C	0.08006	0.04089	0.87905
414 C	0.06959	0.05186	0.87855
415 G	0.05882	0.06417	0.87701
416 A	0.05540	0.06943	0.87517
417 A	0.05446	0.07101	0.87453
418 A	0.05463	0.07103	0.87433
419 A	0.05502	0.07066	0.87431
420 T	0.05619	0.06824	0.87556
421 A	0.05681	0.06721	0.87598
422 T	0.05749	0.06594	0.87656
423 T	0.05739	0.06606	0.87656
424 T	0.05671	0.06717	0.87612
425 A	0.05568	0.06862	0.8757
426 T	0.05508	0.06938	0.87555
427 G	0.05409	0.07053	0.87538
428 A	0.05381	0.07091	0.87528
429 A	0.05401	0.07071	0.87528
430 A	0.05451	0.07003	0.87546
431 A	0.05590	0.06785	0.87625
432 A	0.05683	0.06541	0.87776
433 G	0.05715	0.05967	0.88318
434 A	0.05813	0.05358	0.88828
435 T	0.05995	0.04594	0.89411
436 T	0.06098	0.03655	0.90247
437 T	0.06158	0.02763	0.91079
438 T	0.06216	0.01953	0.91831
439 T	0.06262	0.01784	0.91955
440 T	0.06164	0.01995	0.91841
441 A	0.05961	0.02338	0.917
442 G	0.05849	0.02495	0.91657
443 A	0.05772	0.02672	0.91556
444 T	0.05767	0.02698	0.91534
445 A	0.05739	0.02767	0.91493
446 G	0.05743	0.02711	0.91546
447 T	0.05794	0.02594	0.91612
448 T	0.05802	0.02537	0.9166
449 T	0.05759	0.02585	0.91656
450 C	0.05631	0.02820	0.91549
451 G	0.05477	0.03428	0.91095
452 A	0.05383	0.04141	0.90477
453 A	0.05334	0.04267	0.904
454 A	0.05296	0.04400	0.90304
455 A	0.05323	0.04415	0.90263
456 T	0.05417	0.04332	0.90251
457 C	0.05472	0.04315	0.90213
458 A	0.05538	0.04312	0.90151
459 T	0.05736	0.04132	0.90132
460 T	0.05843	0.04042	0.90116
461 T	0.05905	0.03994	0.90101
462 A	0.05982	0.03933	0.90084
463 T	0.06168	0.03628	0.90204
464 T	0.06255	0.03416	0.90329
465 A	0.06206	0.03526	0.90268
466 T	0.06223	0.03538	0.90238
467 T	0.06100	0.03846	0.90054
468 A	0.05747	0.04403	0.89849
469 G	0.05625	0.04709	0.89667
470 A	0.05582	0.04903	0.89514
471 T	0.05635	0.04925	0.8944
472 A	0.05677	0.05026	0.89297
473 A	0.05848	0.04857	0.89295
474 A	0.06242	0.04374	0.89384
475 G	0.06741	0.03794	0.89465
476 A	0.06835	0.03670	0.89495
477 T	0.06957	0.03529	0.89514
478 A	0.06902	0.03675	0.89423
479 A	0.06880	0.03804	0.89316
480 T	0.06867	0.03922	0.8921
481 T	0.06771	0.04138	0.89091
482 T	0.06583	0.04448	0.88969
483 T	0.06156	0.05020	0.88824
484 A	0.05743	0.05539	0.88719
485 A	0.05455	0.05861	0.88684
486 A	0.05340	0.05977	0.88683
487 A	0.05376	0.05896	0.88728
488 T	0.05596	0.05546	0.88859
489 A	0.05734	0.05313	0.88953
490 T	0.06010	0.04846	0.89145
491 C	0.06198	0.04305	0.89496
492 T	0.06430	0.03990	0.8958
493 C	0.06556	0.03823	0.8962
494 C	0.06676	0.03691	0.89632
495 T	0.06833	0.03526	0.8964
496 T	0.06929	0.03427	0.89644
497 T	0.06963	0.03384	0.89652
498 T	0.06965	0.03384	0.89651
499 A	0.06939	0.03417	0.89644
500 A	0.06947	0.03354	0.89698
501 A	0.07053	0.03073	0.89874
502 A	0.07217	0.02733	0.90049
503 T	0.07460	0.02216	0.90324
504 T	0.07682	0.01766	0.90552
505 T	0.07800	0.01431	0.90769
506 T	0.07885	0.01061	0.91054
507 T	0.07914	0.00863	0.91224
508 T	0.07910	0.00949	0.91142
509 T	0.07884	0.01479	0.90637
510 T	0.07790	0.02885	0.89325
511 T	0.07703	0.03830	0.88467
512 A	0.07149	0.05033	0.87818
513 T	0.06822	0.05742	0.87436
514 A	0.06525	0.06457	0.87018
515 T	0.06349	0.06831	0.86821
516 G	0.06153	0.07172	0.86675
517 A	0.06060	0.07517	0.86423
518 A	0.06023	0.07670	0.86307
519 A	0.05978	0.07754	0.86269
520 A	0.05964	0.07788	0.86248
521 A	0.05954	0.07808	0.86239
522 A	0.05958	0.07789	0.86253
523 G	0.05969	0.07761	0.8627
524 T	0.05982	0.07753	0.86264
525 A	0.05989	0.07747	0.86264
526 G	0.06001	0.07736	0.86263
527 A	0.06027	0.07709	0.86264
528 A	0.06091	0.07638	0.8627
529 C	0.06199	0.07518	0.86283
530 A	0.06401	0.07322	0.86277
531 A	0.06794	0.06918	0.86287
532 A	0.07600	0.06061	0.86338
533 T	0.09267	0.04264	0.86469
534 T	0.10149	0.03274	0.86577
535 T	0.10596	0.02162	0.87242
536 C	0.10789	0.01548	0.87664
537 T	0.11058	0.01071	0.87871
538 T	0.11149	0.00923	0.87927
539 A	0.11199	0.00855	0.87945
540 T	0.11390	0.00647	0.87964
541 T	0.11470	0.00595	0.87934
542 T	0.11479	0.00633	0.87888
543 A	0.11456	0.00655	0.87889
544 G	0.11469	0.00630	0.87901
545 T	0.11471	0.00621	0.87908
546 T	0.11458	0.00629	0.87912
547 C	0.11413	0.00677	0.8791
548 C	0.11414	0.00678	0.87907
549 T	0.11420	0.00697	0.87884
550 A	0.11416	0.00716	0.87869
551 A	0.11422	0.00712	0.87867
552 T	0.11434	0.00700	0.87865
553 T	0.11449	0.00685	0.87866
554 A	0.11457	0.00675	0.87868
555 T	0.11462	0.00669	0.87869
556 T	0.11466	0.00664	0.87871
557 A	0.11468	0.00659	0.87872
558 T	0.11478	0.00645	0.87877
559 A	0.11491	0.00625	0.87883
560 T	0.11521	0.00587	0.87893
561 T	0.11559	0.00537	0.87905
562 C	0.11600	0.00471	0.87928
563 A	0.11624	0.00441	0.87935
564 A	0.11671	0.00380	0.87948
565 T	0.11761	0.00266	0.87973
566 C	0.11782	0.00208	0.8801
567 T	0.11806	0.00173	0.88021
568 T	0.11823	0.00126	0.88051
569 A	0.11836	0.00083	0.8808
570 A	0.11857	0.00000	0.88143
