# lcl|CP097583.1_cds_USQ93129.1_1
# AA	inside	membr	outside
1 A	0.41772	0.00000	0.58228
2 T	0.41731	0.00040	0.58228
3 G	0.41708	0.00064	0.58228
4 T	0.41708	0.00579	0.57713
5 T	0.41125	0.01801	0.57074
6 A	0.41125	0.01975	0.569
7 A	0.40110	0.03032	0.56857
8 A	0.40110	0.03033	0.56857
9 A	0.40038	0.03113	0.56849
10 T	0.40038	0.03640	0.56322
11 T	0.40022	0.03703	0.56275
12 A	0.38730	0.05044	0.56225
13 A	0.37235	0.06822	0.55942
14 A	0.37235	0.06822	0.55942
15 T	0.37235	0.07082	0.55683
16 A	0.36869	0.07448	0.55683
17 T	0.36232	0.08090	0.55677
18 T	0.36200	0.08142	0.55657
19 C	0.35201	0.09168	0.55631
20 A	0.31690	0.13435	0.54875
21 A	0.29738	0.15389	0.54872
22 T	0.29777	0.15389	0.54834
23 T	0.29829	0.15385	0.54786
24 A	0.29856	0.15420	0.54724
25 T	0.30082	0.14952	0.54966
26 T	0.30115	0.14825	0.5506
27 T	0.30271	0.14490	0.55239
28 G	0.30431	0.13931	0.55638
29 C	0.30516	0.13781	0.55704
30 T	0.30545	0.13460	0.55995
31 A	0.30505	0.13554	0.55941
32 C	0.30503	0.13519	0.55978
33 A	0.30847	0.13235	0.55918
34 A	0.30880	0.13312	0.55808
35 A	0.30943	0.12334	0.56723
36 A	0.31190	0.11017	0.57793
37 A	0.31199	0.10993	0.57808
38 A	0.31408	0.10370	0.58221
39 A	0.31425	0.09351	0.59224
40 G	0.31515	0.07438	0.61048
41 G	0.31578	0.06592	0.6183
42 T	0.31719	0.05478	0.62803
43 G	0.32254	0.03167	0.64578
44 T	0.32288	0.02900	0.64812
45 A	0.32321	0.03789	0.6389
46 G	0.32368	0.03863	0.63769
47 G	0.32416	0.03914	0.6367
48 T	0.32444	0.03980	0.63576
49 G	0.32456	0.03954	0.63591
50 C	0.32500	0.03852	0.63648
51 T	0.32540	0.03785	0.63674
52 A	0.32554	0.03772	0.63674
53 C	0.32588	0.03705	0.63707
54 T	0.32658	0.03628	0.63714
55 C	0.32680	0.03617	0.63703
56 G	0.32720	0.03597	0.63683
57 T	0.32814	0.03567	0.63619
58 A	0.32787	0.03688	0.63525
59 A	0.32772	0.03727	0.63501
60 T	0.32693	0.03792	0.63514
61 G	0.32348	0.04122	0.63529
62 G	0.32203	0.04243	0.63553
63 A	0.32144	0.04292	0.63564
64 C	0.32176	0.04250	0.63573
65 G	0.32303	0.04128	0.63569
66 C	0.32665	0.03783	0.63551
67 G	0.33367	0.03093	0.63539
68 A	0.34266	0.02219	0.63515
69 T	0.34539	0.01951	0.6351
70 T	0.34733	0.01762	0.63505
71 C	0.34834	0.01664	0.63502
72 T	0.34875	0.01635	0.6349
73 C	0.34873	0.01641	0.63486
74 A	0.34852	0.01683	0.63466
75 T	0.34800	0.01742	0.63458
76 T	0.34507	0.02044	0.63449
77 C	0.33514	0.03052	0.63434
78 T	0.32856	0.03736	0.63408
79 A	0.32140	0.04475	0.63385
80 A	0.31692	0.04923	0.63384
81 A	0.31649	0.04936	0.63414
82 A	0.31648	0.04915	0.63437
83 G	0.31650	0.04757	0.63594
84 G	0.31668	0.04375	0.63958
85 T	0.31677	0.04217	0.64106
86 T	0.31676	0.04141	0.64183
87 A	0.31666	0.04120	0.64214
88 G	0.31666	0.04074	0.6426
89 G	0.31681	0.04001	0.64318
90 C	0.31694	0.03946	0.64361
91 G	0.31718	0.03927	0.64355
92 C	0.31730	0.03933	0.64337
93 T	0.31742	0.04005	0.64253
94 A	0.31743	0.04127	0.6413
95 A	0.31755	0.04289	0.63957
96 A	0.31767	0.04366	0.63867
97 T	0.31801	0.04306	0.63893
98 T	0.31814	0.04014	0.64171
99 A	0.31806	0.03311	0.64883
100 T	0.31794	0.01865	0.66341
101 C	0.31391	0.01702	0.66907
102 T	0.31095	0.02313	0.66592
103 G	0.30397	0.05236	0.64367
104 A	0.30122	0.07282	0.62596
105 T	0.30013	0.07517	0.6247
106 G	0.29847	0.07849	0.62304
107 G	0.29780	0.08028	0.62192
108 T	0.29778	0.08183	0.62039
109 C	0.29755	0.08403	0.61842
110 A	0.29746	0.08475	0.61779
111 A	0.29729	0.08536	0.61735
112 T	0.29727	0.08540	0.61733
113 A	0.29716	0.08552	0.61731
114 C	0.29720	0.08546	0.61735
115 G	0.29729	0.08532	0.61739
116 C	0.29784	0.08474	0.61742
117 A	0.29870	0.08388	0.61742
118 C	0.30037	0.08219	0.61743
119 A	0.30141	0.08119	0.61741
120 T	0.30192	0.08068	0.6174
121 A	0.30215	0.08047	0.61738
122 A	0.30256	0.07985	0.61759
123 A	0.30323	0.07870	0.61806
124 G	0.30484	0.07075	0.62442
125 G	0.31038	0.06154	0.62808
126 T	0.33580	0.02947	0.63472
127 T	0.35190	0.01120	0.6369
128 C	0.35341	0.00917	0.63742
129 T	0.35475	0.01051	0.63473
130 A	0.35513	0.01473	0.63015
131 T	0.35606	0.01504	0.6289
132 T	0.35696	0.01588	0.62716
133 A	0.35694	0.02226	0.6208
134 T	0.35706	0.02282	0.62012
135 T	0.35302	0.02710	0.61988
136 T	0.34584	0.03433	0.61984
137 T	0.32079	0.05932	0.61989
138 C	0.28175	0.09829	0.61996
139 C	0.25981	0.12024	0.61995
140 G	0.24505	0.13506	0.61989
141 C	0.23991	0.14024	0.61984
142 C	0.23673	0.14350	0.61977
143 A	0.23457	0.14585	0.61959
144 A	0.23347	0.14710	0.61944
145 A	0.23284	0.14789	0.61927
146 G	0.23240	0.14843	0.61917
147 A	0.23193	0.14901	0.61906
148 G	0.23175	0.14910	0.61915
149 G	0.23188	0.14890	0.61922
150 A	0.23223	0.14850	0.61927
151 A	0.23240	0.14816	0.61943
152 C	0.23541	0.14480	0.61979
153 T	0.24002	0.14010	0.61988
154 A	0.24026	0.13992	0.61982
155 A	0.24092	0.13907	0.62001
156 A	0.24551	0.13395	0.62054
157 A	0.24617	0.13246	0.62137
158 T	0.24653	0.11925	0.63422
159 A	0.24633	0.10927	0.6444
160 T	0.24623	0.07892	0.67486
161 T	0.24603	0.04462	0.70935
162 T	0.24548	0.02678	0.72774
163 C	0.24442	0.01644	0.73914
164 C	0.24370	0.01500	0.7413
165 T	0.24311	0.01522	0.74167
166 G	0.24153	0.01681	0.74165
167 G	0.24025	0.01903	0.74072
168 C	0.23942	0.02170	0.73888
169 G	0.23847	0.03598	0.72555
170 A	0.23812	0.04874	0.71314
171 T	0.23804	0.05520	0.70677
172 A	0.23781	0.06816	0.69403
173 A	0.23777	0.07205	0.69019
174 T	0.23780	0.07523	0.68697
175 G	0.23773	0.08350	0.67877
176 T	0.23770	0.08709	0.67521
177 A	0.23755	0.08925	0.6732
178 G	0.23748	0.08941	0.6731
179 G	0.23739	0.09068	0.67193
180 T	0.23700	0.09216	0.67084
181 A	0.23610	0.09370	0.6702
182 T	0.23582	0.09387	0.67031
183 G	0.23513	0.09493	0.66994
184 G	0.23482	0.09584	0.66934
185 G	0.23470	0.09612	0.66918
186 G	0.23466	0.09589	0.66946
187 A	0.23471	0.09585	0.66943
188 A	0.23532	0.09518	0.6695
189 A	0.23601	0.09312	0.67087
190 G	0.23874	0.08904	0.67222
191 A	0.24276	0.08410	0.67314
192 T	0.25779	0.06802	0.6742
193 C	0.26796	0.05736	0.67469
194 A	0.27439	0.05082	0.67479
195 T	0.28656	0.03851	0.67494
196 A	0.28956	0.03554	0.6749
197 C	0.29408	0.03105	0.67487
198 T	0.30309	0.02257	0.67433
199 T	0.30682	0.01910	0.67408
200 T	0.30824	0.01757	0.6742
201 A	0.30662	0.01920	0.67417
202 T	0.30514	0.02053	0.67433
203 T	0.30243	0.02250	0.67506
204 C	0.29354	0.03042	0.67604
205 G	0.28922	0.03458	0.67621
206 C	0.28382	0.03966	0.67652
207 T	0.27935	0.04427	0.67638
208 T	0.27182	0.05242	0.67576
209 T	0.26308	0.06163	0.67529
210 A	0.25513	0.07009	0.67479
211 A	0.25062	0.07485	0.67453
212 T	0.24852	0.07594	0.67555
213 T	0.24653	0.07748	0.676
214 A	0.24430	0.07949	0.67621
215 G	0.24266	0.08079	0.67655
216 C	0.24117	0.08184	0.67699
217 G	0.23978	0.08308	0.67714
218 G	0.23856	0.08428	0.67716
219 C	0.23844	0.08420	0.67736
220 G	0.23847	0.08469	0.67684
221 T	0.23902	0.08493	0.67605
222 A	0.23913	0.08602	0.67484
223 G	0.23908	0.08681	0.67412
224 T	0.23907	0.08748	0.67346
225 T	0.23880	0.08907	0.67213
226 A	0.23501	0.09846	0.66652
227 A	0.23337	0.09637	0.67026
228 A	0.23182	0.09411	0.67407
229 T	0.22969	0.08736	0.68296
230 A	0.22193	0.08894	0.68912
231 T	0.21131	0.09080	0.69789
232 C	0.18982	0.11067	0.69952
233 A	0.17331	0.15892	0.66777
234 A	0.16555	0.19555	0.63889
235 A	0.15967	0.22610	0.61423
236 T	0.15498	0.25984	0.58518
237 T	0.14721	0.27489	0.57791
238 A	0.13631	0.29190	0.57179
239 A	0.11911	0.30858	0.57231
240 A	0.11243	0.31445	0.57312
241 C	0.11001	0.31602	0.57397
242 A	0.10775	0.31888	0.57337
243 C	0.10652	0.32061	0.57286
244 A	0.10596	0.32276	0.57128
245 A	0.10705	0.32287	0.57008
246 A	0.10817	0.32253	0.5693
247 A	0.11096	0.32075	0.56829
248 A	0.11527	0.31728	0.56745
249 T	0.12314	0.30580	0.57106
250 A	0.12543	0.30196	0.5726
251 A	0.12539	0.29991	0.5747
252 A	0.12621	0.29594	0.57785
253 A	0.12943	0.28435	0.58622
254 A	0.13321	0.26826	0.59853
255 A	0.14462	0.23397	0.62141
256 C	0.18078	0.17952	0.6397
257 A	0.21071	0.14414	0.64515
258 A	0.23447	0.11581	0.64972
259 G	0.26243	0.08203	0.65554
260 T	0.27162	0.06560	0.66278
261 T	0.27708	0.05407	0.66885
262 T	0.27553	0.04096	0.68351
263 C	0.26709	0.05053	0.68238
264 T	0.26038	0.06342	0.6762
265 A	0.24606	0.08465	0.6693
266 T	0.23903	0.09341	0.66756
267 G	0.21858	0.11809	0.66334
268 C	0.20050	0.14364	0.65586
269 A	0.18979	0.16902	0.64118
270 A	0.18329	0.18325	0.63346
271 T	0.17986	0.19534	0.6248
272 T	0.17961	0.19714	0.62326
273 T	0.17883	0.19870	0.62247
274 G	0.17664	0.20137	0.62198
275 T	0.17598	0.20212	0.62189
276 T	0.17455	0.20416	0.62129
277 G	0.17440	0.20403	0.62158
278 A	0.17440	0.20376	0.62184
279 A	0.17451	0.20347	0.62202
280 A	0.17498	0.20279	0.62224
281 A	0.17610	0.20136	0.62255
282 A	0.17676	0.20022	0.62302
283 A	0.17813	0.19787	0.624
284 A	0.18020	0.19387	0.62593
285 A	0.18439	0.18484	0.63076
286 G	0.19291	0.16456	0.64253
287 T	0.20448	0.14276	0.65276
288 T	0.21304	0.12065	0.6663
289 A	0.21699	0.10977	0.67323
290 A	0.22318	0.08541	0.69141
291 T	0.23352	0.05669	0.70979
292 T	0.24494	0.03359	0.72147
293 A	0.25114	0.01935	0.7295
294 A	0.26191	0.00000	0.73809
