# lcl|CP097583.1_cds_USQ93588.1_1
# AA	inside	membr	outside
1 A	0.12770	0.00000	0.8723
2 T	0.12711	0.00059	0.8723
3 G	0.12676	0.00094	0.8723
4 A	0.12676	0.00342	0.86982
5 A	0.12539	0.00609	0.86851
6 A	0.12539	0.00633	0.86828
7 A	0.12174	0.01007	0.8682
8 A	0.12174	0.01007	0.8682
9 A	0.12143	0.01039	0.86818
10 G	0.12143	0.01196	0.8666
11 G	0.12141	0.01207	0.86652
12 T	0.12122	0.01229	0.86649
13 T	0.12091	0.01275	0.86635
14 T	0.12091	0.01275	0.86635
15 A	0.12091	0.01428	0.86482
16 T	0.12090	0.01429	0.86482
17 T	0.12087	0.01434	0.86479
18 A	0.12087	0.01448	0.86466
19 T	0.12081	0.01464	0.86455
20 T	0.12022	0.01671	0.86307
21 T	0.11889	0.01802	0.8631
22 T	0.11886	0.01804	0.8631
23 T	0.11884	0.01794	0.86322
24 A	0.11883	0.01793	0.86325
25 T	0.11902	0.01657	0.86441
26 C	0.11900	0.01627	0.86474
27 T	0.12091	0.01488	0.86421
28 A	0.12142	0.01486	0.86371
29 A	0.12157	0.01514	0.86329
30 T	0.12173	0.01258	0.86569
31 G	0.12171	0.01272	0.86556
32 G	0.12175	0.01231	0.86594
33 T	0.12338	0.01061	0.86602
34 T	0.12352	0.01047	0.86601
35 T	0.12358	0.01028	0.86614
36 C	0.12342	0.01032	0.86626
37 G	0.12331	0.01089	0.86581
38 A	0.12403	0.01083	0.86514
39 A	0.12380	0.01260	0.8636
40 G	0.12385	0.01351	0.86264
41 A	0.12399	0.01367	0.86233
42 T	0.12408	0.01372	0.8622
43 T	0.12498	0.01244	0.86258
44 G	0.12413	0.01304	0.86284
45 C	0.12369	0.01360	0.86271
46 G	0.12354	0.01380	0.86265
47 A	0.12356	0.01392	0.86252
48 A	0.12364	0.01383	0.86253
49 G	0.12395	0.01340	0.86265
50 C	0.12470	0.01259	0.86271
51 T	0.12566	0.01147	0.86286
52 T	0.12595	0.01117	0.86288
53 T	0.12584	0.01145	0.86271
54 A	0.12523	0.01244	0.86232
55 G	0.12465	0.01304	0.86231
56 C	0.12413	0.01349	0.86238
57 T	0.12327	0.01490	0.86183
58 A	0.12044	0.01898	0.86058
59 C	0.11867	0.02100	0.86033
60 A	0.11708	0.02331	0.8596
61 A	0.11696	0.02355	0.8595
62 G	0.11791	0.02235	0.85974
63 A	0.11878	0.02139	0.85983
64 G	0.11923	0.02083	0.85994
65 C	0.11976	0.01991	0.86033
66 A	0.12012	0.01942	0.86045
67 T	0.12113	0.01788	0.861
68 T	0.12135	0.01759	0.86106
69 T	0.12133	0.01825	0.86043
70 T	0.12110	0.01942	0.85948
71 T	0.12067	0.02045	0.85887
72 A	0.11976	0.02240	0.85784
73 A	0.11890	0.02373	0.85738
74 A	0.11867	0.02430	0.85703
75 G	0.11845	0.02474	0.85682
76 A	0.11855	0.02566	0.85578
77 A	0.11901	0.02500	0.85599
78 A	0.11923	0.02432	0.85645
79 A	0.11949	0.02330	0.85721
80 A	0.12025	0.02132	0.85843
81 T	0.12162	0.01692	0.86146
82 T	0.12200	0.01455	0.86344
83 C	0.12248	0.01246	0.86505
84 T	0.12262	0.01206	0.86532
85 T	0.12267	0.01200	0.86534
86 T	0.12270	0.01221	0.8651
87 A	0.12265	0.01285	0.8645
88 G	0.12267	0.01333	0.864
89 A	0.12281	0.01366	0.86353
90 T	0.12316	0.01423	0.8626
91 A	0.12356	0.01497	0.86147
92 T	0.12481	0.01353	0.86165
93 T	0.12580	0.01216	0.86204
94 A	0.12632	0.01123	0.86245
95 T	0.12710	0.00977	0.86313
96 C	0.12753	0.00870	0.86376
97 A	0.12793	0.00823	0.86384
98 C	0.12844	0.00758	0.86398
99 T	0.12957	0.00666	0.86376
100 T	0.12960	0.00675	0.86365
101 T	0.12949	0.00721	0.8633
102 T	0.12917	0.00842	0.86242
103 A	0.12859	0.00912	0.86229
104 C	0.12827	0.00950	0.86223
105 T	0.12794	0.00998	0.86207
106 T	0.12775	0.01027	0.86198
107 C	0.12750	0.01063	0.86187
108 A	0.12737	0.01092	0.86171
109 A	0.12758	0.01073	0.86169
110 A	0.12822	0.01003	0.86175
111 T	0.12893	0.00929	0.86179
112 A	0.12940	0.00879	0.86181
113 C	0.13031	0.00776	0.86193
114 C	0.13135	0.00666	0.86198
115 T	0.13156	0.00644	0.86199
116 C	0.13170	0.00629	0.86201
117 T	0.13182	0.00617	0.86201
118 T	0.13186	0.00616	0.86199
119 T	0.13161	0.00645	0.86195
120 G	0.13138	0.00670	0.86192
121 G	0.13131	0.00679	0.8619
122 A	0.13143	0.00659	0.86198
123 A	0.13153	0.00600	0.86247
124 G	0.13195	0.00528	0.86277
125 T	0.13300	0.00391	0.86309
126 T	0.13323	0.00334	0.86344
127 T	0.13328	0.00293	0.86379
128 T	0.13326	0.00256	0.86418
129 T	0.13305	0.00283	0.86412
130 T	0.13246	0.00332	0.86422
131 C	0.13083	0.00489	0.86428
132 T	0.12916	0.00655	0.86428
133 T	0.12749	0.00828	0.86423
134 C	0.12307	0.01285	0.86408
135 T	0.11689	0.01967	0.86343
136 C	0.10418	0.03340	0.86241
137 A	0.09558	0.04407	0.86035
138 A	0.08553	0.05434	0.86012
139 A	0.08239	0.05760	0.86
140 A	0.07875	0.06130	0.85995
141 A	0.07770	0.06235	0.85994
142 C	0.07720	0.06254	0.86025
143 T	0.07684	0.06282	0.86034
144 A	0.07613	0.06365	0.86022
145 A	0.07582	0.06406	0.86012
146 T	0.07527	0.06466	0.86008
147 A	0.07432	0.06571	0.85997
148 G	0.07366	0.06641	0.85994
149 T	0.07342	0.06665	0.85993
150 A	0.07301	0.06719	0.8598
151 A	0.07273	0.06736	0.85992
152 A	0.07259	0.06706	0.86035
153 A	0.07240	0.06582	0.86178
154 T	0.07239	0.06214	0.86547
155 C	0.07228	0.05824	0.86947
156 A	0.07224	0.05683	0.87093
157 G	0.07248	0.05321	0.87431
158 A	0.07312	0.04850	0.87839
159 T	0.07418	0.03698	0.88883
160 T	0.07566	0.02948	0.89487
161 T	0.07556	0.01967	0.90477
162 A	0.07507	0.01734	0.90759
163 C	0.07500	0.01339	0.91161
164 A	0.07493	0.01324	0.91183
165 T	0.07495	0.01348	0.91157
166 A	0.07492	0.01530	0.90978
167 T	0.07509	0.01770	0.90721
168 T	0.07465	0.02155	0.9038
169 G	0.07281	0.02813	0.89905
170 A	0.07188	0.03332	0.8948
171 T	0.07136	0.03683	0.8918
172 G	0.07035	0.04485	0.8848
173 A	0.07015	0.05551	0.87434
174 A	0.07005	0.05921	0.87074
175 A	0.07006	0.06239	0.86755
176 T	0.07021	0.06289	0.8669
177 T	0.07030	0.06332	0.86638
178 A	0.07029	0.06376	0.86594
179 A	0.07043	0.06385	0.86572
180 A	0.07069	0.06389	0.86541
181 T	0.07148	0.06296	0.86556
182 T	0.07162	0.06267	0.8657
183 A	0.07168	0.06250	0.86582
184 T	0.07188	0.06201	0.8661
185 C	0.07199	0.06145	0.86657
186 T	0.07219	0.06120	0.8666
187 G	0.07262	0.06076	0.86662
188 A	0.07373	0.05974	0.86652
189 A	0.07634	0.05717	0.8665
190 T	0.08184	0.05182	0.86635
191 A	0.08613	0.04695	0.86691
192 T	0.09317	0.03804	0.86879
193 G	0.09697	0.03343	0.86959
194 A	0.10078	0.02948	0.86974
195 T	0.10854	0.02107	0.87039
196 T	0.11844	0.01164	0.86992
197 T	0.12173	0.00892	0.86935
198 T	0.12449	0.00655	0.86897
199 T	0.12503	0.00668	0.86829
200 T	0.12500	0.00720	0.8678
201 A	0.12377	0.00944	0.86679
202 A	0.12343	0.01005	0.86652
203 T	0.12351	0.01010	0.86638
204 T	0.12264	0.01101	0.86635
205 A	0.12071	0.01292	0.86636
206 T	0.11896	0.01460	0.86645
207 T	0.11388	0.01964	0.86647
208 C	0.10203	0.03148	0.86649
209 C	0.09396	0.03970	0.86634
210 A	0.08181	0.05224	0.86595
211 G	0.07517	0.05903	0.8658
212 G	0.07187	0.06236	0.86577
213 T	0.07054	0.06370	0.86576
214 G	0.06805	0.06617	0.86578
215 G	0.06570	0.06849	0.86581
216 C	0.06508	0.06906	0.86586
217 C	0.06491	0.06923	0.86586
218 C	0.06474	0.06942	0.86583
219 A	0.06553	0.06881	0.86566
220 T	0.06620	0.06836	0.86544
221 A	0.06563	0.06927	0.86509
222 T	0.06477	0.07044	0.86479
223 G	0.05917	0.07667	0.86417
224 T	0.05638	0.07882	0.8648
225 A	0.04527	0.09057	0.86416
226 A	0.03745	0.09887	0.86368
227 A	0.03306	0.10292	0.86402
228 A	0.03033	0.10417	0.8655
229 A	0.02891	0.10455	0.86654
230 A	0.02697	0.10245	0.87058
231 A	0.02621	0.09434	0.87946
232 A	0.02603	0.08726	0.88672
233 T	0.02623	0.07515	0.89863
234 G	0.02591	0.06993	0.90416
235 T	0.02570	0.06827	0.90603
236 T	0.02511	0.06911	0.90578
237 A	0.02414	0.07078	0.90508
238 G	0.02360	0.07154	0.90486
239 A	0.02329	0.07313	0.90358
240 A	0.02307	0.07612	0.9008
241 G	0.02292	0.07841	0.89866
242 A	0.02299	0.08446	0.89255
243 A	0.02312	0.08863	0.88825
244 A	0.02339	0.08989	0.88672
245 A	0.02380	0.08868	0.88752
246 T	0.02491	0.08088	0.89421
247 G	0.02567	0.07637	0.89796
248 G	0.02700	0.06495	0.90805
249 T	0.02817	0.05877	0.91305
250 G	0.02885	0.05791	0.91324
251 A	0.02973	0.06122	0.90905
252 A	0.03140	0.06502	0.90358
253 A	0.03305	0.06378	0.90316
254 T	0.03562	0.06129	0.90309
255 T	0.03679	0.06208	0.90112
256 T	0.03733	0.06297	0.8997
257 T	0.03715	0.06566	0.89719
258 A	0.03509	0.07301	0.89191
259 A	0.03342	0.08015	0.88643
260 A	0.03243	0.08705	0.88052
261 T	0.03405	0.08932	0.87663
262 A	0.03413	0.09929	0.86658
263 A	0.03664	0.10039	0.86297
264 A	0.03916	0.09903	0.8618
265 A	0.04537	0.09285	0.86178
266 T	0.05063	0.08748	0.86189
267 T	0.05396	0.08407	0.86197
268 T	0.05547	0.08250	0.86203
269 C	0.05482	0.08313	0.86206
270 C	0.05456	0.08338	0.86206
271 C	0.05404	0.08392	0.86204
272 A	0.05405	0.08400	0.86194
273 A	0.05616	0.08203	0.86181
274 A	0.06150	0.07692	0.86158
275 T	0.06854	0.06997	0.8615
276 T	0.07021	0.06842	0.86136
277 A	0.06825	0.07053	0.86122
278 T	0.06815	0.07040	0.86145
279 A	0.06368	0.07438	0.86194
280 A	0.05945	0.07765	0.86291
281 A	0.05887	0.07600	0.86512
282 A	0.06340	0.06892	0.86768
283 C	0.06929	0.05959	0.87111
284 A	0.07344	0.05461	0.87196
285 T	0.08238	0.04432	0.8733
286 T	0.08398	0.04235	0.87366
287 T	0.08303	0.04314	0.87382
288 T	0.08055	0.04554	0.87391
289 G	0.07652	0.04888	0.8746
290 T	0.07436	0.05060	0.87503
291 T	0.07024	0.05498	0.87479
292 G	0.06690	0.05984	0.87326
293 A	0.06513	0.06311	0.87176
294 A	0.06402	0.06605	0.86993
295 A	0.06350	0.06719	0.86932
296 A	0.06337	0.06730	0.86933
297 T	0.06319	0.06713	0.86968
298 A	0.06284	0.06733	0.86983
299 A	0.06292	0.06637	0.87071
300 A	0.06314	0.06345	0.87342
301 A	0.06332	0.06078	0.87589
302 A	0.06339	0.05544	0.88117
303 A	0.06350	0.04922	0.88728
304 A	0.06364	0.04374	0.89262
305 T	0.06385	0.04136	0.89479
306 T	0.06392	0.04065	0.89543
307 A	0.06400	0.04044	0.89555
308 T	0.06414	0.03869	0.89717
309 T	0.06423	0.03618	0.8996
310 G	0.06428	0.03340	0.90232
311 G	0.06435	0.02959	0.90606
312 G	0.06455	0.02574	0.9097
313 G	0.06497	0.02299	0.91205
314 C	0.06610	0.01933	0.91458
315 G	0.06862	0.01572	0.91566
316 A	0.07075	0.01291	0.91634
317 T	0.07333	0.00967	0.917
318 T	0.07438	0.00822	0.9174
319 T	0.07477	0.00765	0.91757
320 G	0.07478	0.00718	0.91805
321 C	0.07472	0.00686	0.91842
322 G	0.07461	0.00696	0.91843
323 C	0.07454	0.00712	0.91834
324 T	0.07467	0.00702	0.91832
325 G	0.07463	0.00706	0.91832
326 C	0.07471	0.00697	0.91832
327 A	0.07502	0.00667	0.91831
328 C	0.07556	0.00613	0.91832
329 C	0.07655	0.00512	0.91833
330 T	0.07772	0.00396	0.91832
331 T	0.07798	0.00370	0.91831
332 C	0.07812	0.00355	0.91833
333 T	0.07820	0.00348	0.91832
334 T	0.07825	0.00342	0.91833
335 T	0.07822	0.00340	0.91839
336 T	0.07804	0.00361	0.91834
337 T	0.07754	0.00437	0.91809
338 T	0.07623	0.00636	0.91741
339 A	0.07235	0.01416	0.91349
340 G	0.06833	0.02567	0.906
341 G	0.06609	0.03281	0.9011
342 A	0.06562	0.03860	0.89577
343 A	0.06537	0.04517	0.88945
344 A	0.06529	0.04769	0.88702
345 A	0.06525	0.04962	0.88513
346 T	0.06532	0.05201	0.88267
347 T	0.06489	0.05537	0.87974
348 A	0.06442	0.05862	0.87696
349 A	0.06422	0.06033	0.87544
350 A	0.06409	0.06097	0.87493
351 T	0.06400	0.06131	0.87469
352 T	0.06390	0.06180	0.8743
353 T	0.06376	0.06238	0.87387
354 A	0.06342	0.06315	0.87344
355 T	0.06325	0.06372	0.87303
356 T	0.06295	0.06423	0.87282
357 A	0.06179	0.06552	0.87269
358 G	0.06100	0.06627	0.87273
359 A	0.06072	0.06637	0.87292
360 A	0.06094	0.06553	0.87353
361 A	0.06199	0.06313	0.87488
362 A	0.06710	0.05440	0.8785
363 T	0.07713	0.04057	0.8823
364 C	0.08218	0.03357	0.88425
365 A	0.08670	0.02919	0.88411
366 T	0.09173	0.02417	0.8841
367 A	0.09349	0.02268	0.88383
368 A	0.09538	0.02081	0.88382
369 T	0.09870	0.01745	0.88386
370 T	0.10192	0.01358	0.88451
371 T	0.10439	0.01066	0.88495
372 T	0.10535	0.00960	0.88505
373 A	0.10484	0.01024	0.88492
374 C	0.10431	0.01064	0.88505
375 T	0.10418	0.01098	0.88484
376 T	0.10342	0.01264	0.88393
377 G	0.10215	0.01458	0.88326
378 T	0.10176	0.01499	0.88325
379 T	0.10077	0.01581	0.88342
380 A	0.09778	0.01776	0.88446
381 T	0.09447	0.02030	0.88523
382 C	0.08395	0.03051	0.88554
383 C	0.07121	0.04357	0.88522
384 A	0.06330	0.05318	0.88352
385 G	0.05998	0.05845	0.88158
386 G	0.05862	0.06135	0.88003
387 A	0.05789	0.06407	0.87803
388 T	0.05734	0.06651	0.87615
389 A	0.05544	0.07011	0.87446
390 T	0.05513	0.07110	0.87377
391 G	0.05372	0.07379	0.87249
392 A	0.05296	0.07533	0.87172
393 A	0.05266	0.07596	0.87137
394 A	0.05253	0.07651	0.87096
395 A	0.05278	0.07625	0.87097
396 A	0.05337	0.07499	0.87163
397 T	0.05387	0.07358	0.87254
398 A	0.05416	0.07272	0.87312
399 T	0.05493	0.07063	0.87444
400 A	0.05532	0.06861	0.87606
401 T	0.05544	0.06727	0.87728
402 A	0.05522	0.06610	0.87868
403 A	0.05503	0.06346	0.88151
404 A	0.05496	0.06008	0.88496
405 A	0.05506	0.05030	0.89464
406 G	0.05556	0.03808	0.90636
407 G	0.05738	0.02984	0.91278
408 T	0.05959	0.02844	0.91198
409 A	0.06112	0.03374	0.90515
410 A	0.06315	0.03363	0.90322
411 T	0.06550	0.03175	0.90275
412 T	0.06703	0.02946	0.90351
413 A	0.06752	0.02860	0.90388
414 T	0.06867	0.02655	0.90478
415 T	0.06913	0.02555	0.90531
416 G	0.06921	0.02523	0.90555
417 C	0.06948	0.02490	0.90562
418 T	0.06976	0.02562	0.90462
419 C	0.06969	0.02660	0.90372
420 T	0.06927	0.03148	0.89925
421 A	0.06781	0.04080	0.89138
422 A	0.06716	0.04374	0.8891
423 T	0.06680	0.04593	0.88727
424 G	0.06602	0.04893	0.88505
425 A	0.06575	0.05073	0.88352
426 A	0.06579	0.05111	0.88309
427 A	0.06607	0.05068	0.88324
428 A	0.06663	0.04999	0.88338
429 A	0.06818	0.04828	0.88354
430 G	0.07057	0.04574	0.88369
431 C	0.07435	0.04188	0.88378
432 T	0.08181	0.03440	0.8838
433 G	0.08357	0.03261	0.88381
434 T	0.08498	0.03121	0.88382
435 T	0.08576	0.03042	0.88382
436 A	0.08588	0.03029	0.88383
437 C	0.08616	0.02988	0.88397
438 T	0.08648	0.02953	0.88399
439 A	0.08668	0.02930	0.88403
440 G	0.08733	0.02856	0.88411
441 T	0.08933	0.02644	0.88423
442 G	0.09032	0.02537	0.88431
443 A	0.09435	0.02075	0.8849
444 T	0.10253	0.01091	0.88656
445 A	0.10485	0.00788	0.88727
446 T	0.10693	0.00520	0.88787
447 T	0.10865	0.00284	0.88851
448 T	0.10972	0.00157	0.88872
449 T	0.10995	0.00140	0.88865
450 T	0.10949	0.00230	0.8882
451 G	0.10903	0.00297	0.888
452 T	0.10855	0.00390	0.88756
453 T	0.10802	0.00552	0.88646
454 A	0.10716	0.00655	0.8863
455 C	0.10654	0.00723	0.88623
456 A	0.10519	0.00861	0.8862
457 T	0.10449	0.00932	0.88619
458 C	0.10361	0.01021	0.88618
459 G	0.10294	0.01093	0.88613
460 C	0.10261	0.01129	0.8861
461 G	0.10249	0.01145	0.88606
462 T	0.10246	0.01151	0.88603
463 T	0.10236	0.01162	0.88602
464 C	0.10217	0.01181	0.88602
465 T	0.10211	0.01187	0.88601
466 T	0.10199	0.01201	0.88601
467 C	0.10158	0.01243	0.88599
468 T	0.10124	0.01284	0.88592
469 G	0.10057	0.01356	0.88587
470 A	0.09984	0.01435	0.88581
471 A	0.09975	0.01451	0.88574
472 A	0.09983	0.01447	0.8857
473 C	0.10028	0.01332	0.8864
474 A	0.10054	0.01262	0.88683
475 G	0.10103	0.01156	0.88741
476 T	0.10209	0.01009	0.88782
477 T	0.10225	0.00930	0.88845
478 T	0.10227	0.00895	0.88878
479 T	0.10221	0.00776	0.89003
480 A	0.10199	0.00739	0.89062
481 G	0.10190	0.00672	0.89138
482 A	0.10188	0.00620	0.89192
483 T	0.10185	0.00597	0.89218
484 T	0.10176	0.00611	0.89214
485 T	0.10136	0.00684	0.8918
486 T	0.09977	0.00952	0.89071
487 G	0.09706	0.01347	0.88948
488 T	0.09454	0.01846	0.887
489 A	0.08955	0.02418	0.88627
490 A	0.08529	0.02896	0.88575
491 A	0.08196	0.03284	0.8852
492 A	0.07841	0.03687	0.88473
493 C	0.07556	0.04035	0.8841
494 A	0.07200	0.04928	0.87872
495 T	0.07073	0.05309	0.87618
496 T	0.06822	0.06011	0.87167
497 T	0.06743	0.06234	0.87022
498 A	0.06555	0.06536	0.86909
499 T	0.06474	0.06690	0.86836
500 T	0.06431	0.06760	0.86809
501 A	0.06363	0.06854	0.86783
502 A	0.06370	0.06840	0.8679
503 T	0.06392	0.06799	0.86808
504 T	0.06400	0.06781	0.86819
505 A	0.06409	0.06765	0.86826
506 A	0.06423	0.06736	0.86841
507 A	0.06449	0.06679	0.86872
508 A	0.06510	0.06557	0.86933
509 T	0.06640	0.06261	0.871
510 A	0.06756	0.05945	0.87299
511 A	0.06960	0.05508	0.87532
512 A	0.07045	0.04990	0.87965
513 A	0.07140	0.04495	0.88365
514 A	0.07261	0.04033	0.88706
515 A	0.07443	0.03476	0.89082
516 A	0.07708	0.02848	0.89445
517 T	0.08411	0.01653	0.89937
518 A	0.08724	0.01035	0.90241
519 A	0.09250	0.00000	0.9075
