# lcl|CP097583.1_cds_USQ93169.1_1
# AA	inside	membr	outside
1 A	0.32445	0.00000	0.67555
2 T	0.32431	0.00014	0.67555
3 G	0.32421	0.00024	0.67555
4 A	0.32421	0.00596	0.66983
5 A	0.32335	0.00894	0.66772
6 T	0.32334	0.00911	0.66754
7 T	0.32000	0.01254	0.66745
8 A	0.32000	0.01254	0.66745
9 T	0.31952	0.01306	0.66742
10 T	0.31952	0.01507	0.66541
11 A	0.31925	0.01546	0.66529
12 T	0.31714	0.01763	0.66522
13 T	0.31210	0.02295	0.66495
14 A	0.31210	0.02295	0.66495
15 T	0.31210	0.02441	0.66349
16 T	0.31180	0.02471	0.66349
17 T	0.31113	0.02542	0.66345
18 A	0.31107	0.02558	0.66335
19 G	0.31053	0.02620	0.66327
20 G	0.30942	0.02823	0.66235
21 T	0.30893	0.02873	0.66235
22 A	0.30901	0.02881	0.66219
23 T	0.30947	0.02838	0.66215
24 T	0.31007	0.02787	0.66207
25 A	0.31025	0.02761	0.66214
26 A	0.31047	0.02727	0.66226
27 T	0.31540	0.02184	0.66275
28 T	0.31689	0.01957	0.66355
29 T	0.31707	0.01919	0.66374
30 T	0.31729	0.01653	0.66618
31 A	0.31730	0.01622	0.66648
32 T	0.31743	0.01515	0.66741
33 T	0.31882	0.01302	0.66816
34 G	0.31882	0.01265	0.66854
35 T	0.31912	0.01072	0.67016
36 T	0.31932	0.00682	0.67386
37 G	0.31927	0.00667	0.67406
38 G	0.32021	0.00552	0.67427
39 T	0.32036	0.00505	0.67459
40 T	0.32054	0.00430	0.67517
41 G	0.32062	0.00399	0.67539
42 T	0.32075	0.00353	0.67572
43 C	0.32124	0.00229	0.67647
44 T	0.32117	0.00251	0.67632
45 T	0.32022	0.00394	0.67585
46 G	0.31949	0.00511	0.6754
47 C	0.31915	0.00577	0.67508
48 T	0.31874	0.00737	0.67389
49 T	0.31734	0.01200	0.67066
50 T	0.31458	0.02012	0.66531
51 A	0.29752	0.04007	0.66242
52 T	0.28240	0.05874	0.65885
53 A	0.26378	0.07785	0.65837
54 T	0.25378	0.08809	0.65813
55 A	0.24163	0.10054	0.65783
56 T	0.23695	0.10536	0.65769
57 C	0.22620	0.11634	0.65746
58 A	0.21726	0.12561	0.65713
59 T	0.21353	0.12946	0.65701
60 T	0.20868	0.13441	0.65691
61 A	0.20111	0.14209	0.6568
62 C	0.19685	0.14640	0.65675
63 A	0.19355	0.14988	0.65657
64 A	0.19190	0.15151	0.65659
65 A	0.19144	0.15193	0.65663
66 A	0.19102	0.15225	0.65673
67 A	0.19117	0.15200	0.65683
68 C	0.19200	0.14970	0.6583
69 T	0.19277	0.14813	0.6591
70 A	0.19299	0.14752	0.65949
71 A	0.19408	0.14563	0.66029
72 A	0.19721	0.14116	0.66163
73 T	0.20239	0.13301	0.6646
74 A	0.20470	0.11082	0.68448
75 T	0.20815	0.08711	0.70473
76 T	0.20864	0.06688	0.72449
77 T	0.20874	0.05761	0.73365
78 G	0.20768	0.04992	0.74241
79 G	0.20706	0.04838	0.74455
80 A	0.20707	0.04252	0.7504
81 T	0.20638	0.03709	0.75652
82 T	0.20448	0.03986	0.75566
83 T	0.20043	0.05437	0.7452
84 T	0.19449	0.06664	0.73887
85 A	0.18815	0.08149	0.73037
86 T	0.18581	0.08236	0.73183
87 G	0.18287	0.08480	0.73233
88 A	0.18152	0.08685	0.73164
89 T	0.18084	0.08756	0.7316
90 C	0.17902	0.08924	0.73173
91 A	0.17705	0.09124	0.73172
92 A	0.17608	0.09224	0.73168
93 T	0.17606	0.09218	0.73175
94 C	0.17576	0.09246	0.73178
95 C	0.17548	0.09299	0.73152
96 T	0.17518	0.09398	0.73084
97 T	0.17435	0.09599	0.72966
98 C	0.16748	0.10397	0.72855
99 A	0.16091	0.11235	0.72675
100 A	0.15935	0.11498	0.72566
101 A	0.15975	0.11402	0.72623
102 T	0.16336	0.11019	0.72645
103 A	0.16551	0.10917	0.72532
104 A	0.16910	0.10424	0.72666
105 G	0.17656	0.09443	0.72901
106 T	0.19209	0.07947	0.72843
107 T	0.20014	0.07051	0.72935
108 T	0.20576	0.06725	0.72699
109 T	0.20323	0.08088	0.71589
110 A	0.19851	0.09755	0.70394
111 T	0.18917	0.10848	0.70236
112 A	0.17067	0.12844	0.70089
113 A	0.16097	0.13777	0.70126
114 A	0.15146	0.14675	0.70179
115 C	0.14665	0.15171	0.70163
116 A	0.14243	0.15841	0.69915
117 A	0.13954	0.16413	0.69633
118 A	0.13784	0.16823	0.69393
119 A	0.13865	0.16739	0.69397
120 T	0.14034	0.16495	0.6947
121 T	0.14137	0.15664	0.70199
122 T	0.14215	0.14944	0.70842
123 C	0.14228	0.14795	0.70978
124 A	0.14191	0.14857	0.70952
125 A	0.14134	0.14913	0.70953
126 A	0.14261	0.14714	0.71025
127 A	0.14494	0.14411	0.71095
128 C	0.15191	0.13661	0.71148
129 T	0.16338	0.12488	0.71175
130 T	0.16911	0.12059	0.7103
131 A	0.17284	0.11734	0.70982
132 T	0.18076	0.10637	0.71288
133 A	0.18653	0.09923	0.71423
134 T	0.18806	0.08698	0.72497
135 T	0.18605	0.07834	0.73561
136 A	0.18194	0.08363	0.73443
137 A	0.17307	0.08828	0.73865
138 T	0.17133	0.08642	0.74225
139 A	0.16586	0.09042	0.74372
140 A	0.16355	0.09226	0.74419
141 C	0.16297	0.09059	0.74643
142 C	0.16040	0.09428	0.74533
143 A	0.15360	0.10636	0.74005
144 T	0.14694	0.11901	0.73405
145 C	0.13414	0.13887	0.727
146 A	0.12307	0.15690	0.72003
147 T	0.11604	0.16589	0.71806
148 G	0.09988	0.18385	0.71627
149 A	0.09334	0.19362	0.71304
150 C	0.08953	0.19722	0.71325
151 G	0.08604	0.20072	0.71323
152 A	0.08471	0.20201	0.71327
153 T	0.08690	0.19956	0.71354
154 C	0.08702	0.19959	0.71338
155 A	0.08674	0.20198	0.71128
156 A	0.08820	0.19956	0.71224
157 A	0.08884	0.19767	0.7135
158 G	0.08756	0.19528	0.71716
159 A	0.08931	0.19097	0.71973
160 C	0.08836	0.18189	0.72975
161 A	0.08633	0.18723	0.72644
162 A	0.08399	0.19039	0.72562
163 A	0.08423	0.19121	0.72457
164 A	0.08490	0.18988	0.72523
165 T	0.08805	0.18462	0.72734
166 A	0.09189	0.17251	0.7356
167 A	0.09721	0.15768	0.74511
168 A	0.10459	0.13594	0.75947
169 T	0.11409	0.11688	0.76903
170 T	0.11612	0.11327	0.77061
171 T	0.11538	0.10315	0.78147
172 A	0.11127	0.10499	0.78374
173 T	0.10830	0.10509	0.78661
174 T	0.10069	0.11168	0.78763
175 C	0.08046	0.13654	0.78301
176 A	0.06732	0.15544	0.77724
177 A	0.06147	0.16797	0.77056
178 A	0.05688	0.17792	0.7652
179 A	0.05382	0.18373	0.76245
180 A	0.05307	0.18589	0.76104
181 A	0.05409	0.17931	0.7666
182 A	0.05559	0.17294	0.77146
183 T	0.05859	0.16467	0.77674
184 A	0.06395	0.15615	0.7799
185 T	0.06911	0.14635	0.78454
186 T	0.07029	0.14203	0.78768
187 C	0.06525	0.14618	0.78858
188 A	0.05885	0.15822	0.78293
189 T	0.05301	0.16908	0.77792
190 A	0.04157	0.19265	0.76578
191 A	0.03722	0.20157	0.76121
192 A	0.03793	0.20447	0.7576
193 A	0.04281	0.19869	0.7585
194 T	0.04517	0.19183	0.76299
195 T	0.04621	0.18272	0.77107
196 A	0.04462	0.17955	0.77582
197 A	0.04574	0.17031	0.78394
198 T	0.05517	0.14296	0.80187
199 C	0.05836	0.12865	0.81299
200 A	0.06324	0.12157	0.81519
201 A	0.06687	0.11586	0.81727
202 T	0.06976	0.11252	0.81773
203 T	0.06453	0.11999	0.81548
204 A	0.03746	0.15348	0.80906
205 A	0.03083	0.16333	0.80583
206 A	0.02563	0.16916	0.80521
207 A	0.02165	0.17369	0.80467
208 G	0.01982	0.17474	0.80543
209 A	0.01936	0.17428	0.80636
210 A	0.01842	0.16973	0.81186
211 A	0.02471	0.15749	0.81781
212 A	0.03112	0.14455	0.82434
213 T	0.04386	0.12091	0.83523
214 A	0.04749	0.11289	0.83963
215 T	0.05061	0.10555	0.84384
216 T	0.05108	0.10224	0.84668
217 T	0.05080	0.10138	0.84782
218 T	0.05032	0.10085	0.84883
219 G	0.04841	0.10203	0.84956
220 C	0.04733	0.10303	0.84964
221 A	0.04583	0.10648	0.84769
222 A	0.04264	0.11197	0.84539
223 A	0.03556	0.11859	0.84585
224 A	0.03052	0.12306	0.84642
225 A	0.02773	0.12503	0.84723
226 A	0.03012	0.11253	0.85734
227 C	0.03695	0.07617	0.88688
228 T	0.04208	0.06584	0.89208
229 A	0.04336	0.06134	0.89531
230 A	0.04523	0.05709	0.89768
231 A	0.04573	0.05501	0.89926
232 T	0.04607	0.05350	0.90043
233 C	0.03664	0.05965	0.90371
234 A	0.02667	0.06905	0.90427
235 G	0.02248	0.07267	0.90485
236 A	0.01966	0.07508	0.90526
237 C	0.01787	0.07591	0.90622
238 G	0.01661	0.07690	0.90649
239 C	0.01657	0.07541	0.90801
240 C	0.01716	0.07430	0.90854
241 G	0.01819	0.07311	0.9087
242 T	0.02014	0.07082	0.90904
243 T	0.02097	0.06929	0.90974
244 A	0.02153	0.06804	0.91043
245 T	0.02301	0.06334	0.91366
246 A	0.02235	0.05490	0.92276
247 T	0.02204	0.04725	0.9307
248 C	0.02145	0.04275	0.93581
249 T	0.02097	0.04254	0.93649
250 C	0.01998	0.04311	0.9369
251 A	0.01867	0.04436	0.93697
252 T	0.01801	0.04486	0.93713
253 A	0.01593	0.04680	0.93727
254 A	0.01504	0.04675	0.93821
255 A	0.01428	0.04646	0.93926
256 A	0.01394	0.03573	0.95033
257 G	0.01383	0.02444	0.96173
258 T	0.01383	0.01926	0.96691
259 G	0.01380	0.01625	0.96995
260 T	0.01380	0.01427	0.97193
261 T	0.01378	0.01273	0.97349
262 T	0.01373	0.01213	0.97414
263 T	0.01369	0.01172	0.97459
264 T	0.01360	0.01150	0.9749
265 T	0.01347	0.01148	0.97505
266 A	0.01332	0.01139	0.97529
267 T	0.01324	0.01094	0.97582
268 A	0.01311	0.01075	0.97614
269 G	0.01305	0.00989	0.97706
270 G	0.01303	0.00929	0.97768
271 T	0.01304	0.00856	0.97841
272 T	0.01304	0.00804	0.97893
273 A	0.01304	0.00721	0.97975
274 T	0.01306	0.00603	0.98091
275 A	0.01306	0.00538	0.98156
276 T	0.01307	0.00358	0.98336
277 A	0.01307	0.00279	0.98414
278 G	0.01307	0.00202	0.98491
279 T	0.01308	0.00168	0.98524
280 T	0.01308	0.00153	0.98538
281 T	0.01306	0.00152	0.98543
282 G	0.01303	0.00152	0.98545
283 A	0.01304	0.00153	0.98544
284 T	0.01306	0.00151	0.98544
285 T	0.01305	0.00164	0.98531
286 G	0.01302	0.00168	0.9853
287 G	0.01303	0.00166	0.98531
288 T	0.01308	0.00154	0.98539
289 A	0.01304	0.00150	0.98546
290 T	0.01307	0.00139	0.98554
291 T	0.01303	0.00134	0.98564
292 C	0.01299	0.00134	0.98568
293 T	0.01296	0.00135	0.98568
294 C	0.01289	0.00143	0.98568
295 A	0.01286	0.00147	0.98568
296 T	0.01287	0.00146	0.98567
297 C	0.01277	0.00156	0.98567
298 T	0.01269	0.00164	0.98567
299 T	0.01254	0.00179	0.98567
300 A	0.01222	0.00210	0.98567
301 T	0.01210	0.00222	0.98568
302 C	0.01189	0.00242	0.98569
303 A	0.01171	0.00258	0.98571
304 G	0.01167	0.00259	0.98573
305 C	0.01168	0.00255	0.98576
306 G	0.01170	0.00253	0.98577
307 A	0.01180	0.00243	0.98577
308 T	0.01202	0.00218	0.9858
309 T	0.01209	0.00208	0.98583
310 A	0.01210	0.00206	0.98584
311 T	0.01211	0.00197	0.98593
312 T	0.01210	0.00186	0.98604
313 A	0.01207	0.00183	0.9861
314 C	0.01206	0.00171	0.98623
315 T	0.01207	0.00166	0.98627
316 A	0.01206	0.00164	0.98631
317 T	0.01205	0.00158	0.98637
318 T	0.01205	0.00154	0.98641
319 T	0.01199	0.00157	0.98643
320 G	0.01192	0.00145	0.98663
321 T	0.01190	0.00132	0.98678
322 T	0.01186	0.00117	0.98697
323 T	0.01176	0.00102	0.98722
324 T	0.01148	0.00122	0.9873
325 T	0.01109	0.00155	0.98736
326 T	0.01063	0.00195	0.98742
327 A	0.00936	0.00328	0.98736
328 A	0.00901	0.00366	0.98733
329 T	0.00886	0.00383	0.9873
330 T	0.00872	0.00401	0.98727
331 A	0.00851	0.00426	0.98722
332 A	0.00840	0.00438	0.98723
333 T	0.00821	0.00453	0.98725
334 T	0.00795	0.00478	0.98727
335 T	0.00734	0.00537	0.98729
336 C	0.00660	0.00609	0.9873
337 A	0.00602	0.00668	0.9873
338 A	0.00576	0.00694	0.9873
339 A	0.00558	0.00710	0.98731
340 T	0.00553	0.00714	0.98733
341 G	0.00545	0.00721	0.98734
342 T	0.00541	0.00718	0.98742
343 G	0.00536	0.00714	0.9875
344 A	0.00534	0.00711	0.98755
345 A	0.00533	0.00702	0.98766
346 A	0.00534	0.00681	0.98785
347 T	0.00541	0.00629	0.9883
348 T	0.00550	0.00573	0.98877
349 A	0.00554	0.00523	0.98923
350 C	0.00560	0.00407	0.99033
351 A	0.00565	0.00381	0.99053
352 T	0.00571	0.00363	0.99066
353 T	0.00574	0.00350	0.99077
354 A	0.00578	0.00333	0.9909
355 T	0.00580	0.00320	0.991
356 T	0.00581	0.00286	0.99134
357 A	0.00580	0.00251	0.99168
358 T	0.00581	0.00186	0.99233
359 T	0.00580	0.00119	0.993
360 T	0.00572	0.00077	0.9935
361 T	0.00561	0.00065	0.99375
362 C	0.00554	0.00056	0.99389
363 A	0.00549	0.00060	0.99391
364 T	0.00546	0.00058	0.99396
365 T	0.00541	0.00061	0.99398
366 T	0.00533	0.00067	0.994
367 T	0.00489	0.00110	0.994
368 G	0.00437	0.00161	0.99402
369 G	0.00417	0.00181	0.99401
370 T	0.00408	0.00191	0.99402
371 A	0.00394	0.00204	0.99402
372 T	0.00387	0.00210	0.99403
373 T	0.00377	0.00219	0.99404
374 C	0.00354	0.00241	0.99404
375 A	0.00344	0.00252	0.99404
376 A	0.00340	0.00255	0.99404
377 C	0.00339	0.00256	0.99405
378 A	0.00338	0.00257	0.99405
379 T	0.00337	0.00257	0.99405
380 T	0.00336	0.00258	0.99406
381 A	0.00333	0.00259	0.99407
382 A	0.00332	0.00259	0.99409
383 T	0.00332	0.00246	0.99422
384 C	0.00332	0.00233	0.99435
385 A	0.00332	0.00227	0.99441
386 T	0.00333	0.00220	0.99446
387 T	0.00334	0.00215	0.9945
388 A	0.00333	0.00211	0.99455
389 T	0.00334	0.00203	0.99463
390 G	0.00334	0.00154	0.99512
391 G	0.00335	0.00103	0.99562
392 T	0.00337	0.00080	0.99583
393 T	0.00337	0.00069	0.99594
394 T	0.00337	0.00056	0.99608
395 T	0.00336	0.00050	0.99615
396 A	0.00334	0.00044	0.99622
397 T	0.00333	0.00028	0.99639
398 T	0.00332	0.00021	0.99647
399 G	0.00331	0.00018	0.99651
400 T	0.00331	0.00017	0.99652
401 A	0.00329	0.00017	0.99653
402 T	0.00328	0.00017	0.99655
403 T	0.00327	0.00017	0.99656
404 T	0.00326	0.00017	0.99658
405 C	0.00324	0.00018	0.99659
406 A	0.00322	0.00019	0.99659
407 T	0.00322	0.00019	0.99659
408 A	0.00321	0.00020	0.9966
409 C	0.00321	0.00020	0.9966
410 G	0.00321	0.00020	0.9966
411 T	0.00321	0.00019	0.9966
412 T	0.00321	0.00019	0.99661
413 T	0.00321	0.00019	0.99661
414 T	0.00320	0.00019	0.99661
415 T	0.00320	0.00019	0.99661
416 T	0.00320	0.00019	0.99662
417 A	0.00319	0.00019	0.99663
418 T	0.00319	0.00018	0.99664
419 T	0.00318	0.00017	0.99665
420 T	0.00317	0.00017	0.99666
421 T	0.00315	0.00018	0.99667
422 A	0.00313	0.00019	0.99668
423 T	0.00313	0.00019	0.99669
424 T	0.00312	0.00018	0.99671
425 G	0.00311	0.00018	0.99672
426 T	0.00311	0.00017	0.99673
427 T	0.00310	0.00016	0.99674
428 T	0.00310	0.00015	0.99676
429 T	0.00309	0.00014	0.99677
430 G	0.00308	0.00015	0.99677
431 T	0.00308	0.00015	0.99678
432 A	0.00307	0.00016	0.99678
433 G	0.00307	0.00016	0.99678
434 A	0.00306	0.00016	0.99677
435 T	0.00306	0.00016	0.99677
436 G	0.00306	0.00016	0.99678
437 T	0.00306	0.00016	0.99678
438 A	0.00305	0.00016	0.99678
439 T	0.00305	0.00016	0.99679
440 A	0.00305	0.00015	0.9968
441 T	0.00305	0.00014	0.9968
442 G	0.00305	0.00013	0.99681
443 T	0.00305	0.00012	0.99683
444 T	0.00305	0.00011	0.99684
445 T	0.00305	0.00009	0.99686
446 T	0.00305	0.00009	0.99686
447 T	0.00304	0.00009	0.99687
448 G	0.00303	0.00009	0.99688
449 C	0.00303	0.00008	0.99689
450 T	0.00303	0.00008	0.99689
451 A	0.00303	0.00008	0.99689
452 G	0.00302	0.00008	0.9969
453 T	0.00302	0.00007	0.9969
454 C	0.00302	0.00007	0.99691
455 G	0.00302	0.00006	0.99691
456 G	0.00302	0.00006	0.99692
457 A	0.00303	0.00006	0.99692
458 T	0.00303	0.00005	0.99692
459 T	0.00303	0.00005	0.99692
460 T	0.00303	0.00004	0.99692
461 G	0.00303	0.00004	0.99693
462 T	0.00303	0.00004	0.99693
463 T	0.00303	0.00003	0.99693
464 T	0.00303	0.00003	0.99693
465 T	0.00303	0.00003	0.99694
466 T	0.00303	0.00003	0.99694
467 T	0.00303	0.00003	0.99694
468 A	0.00303	0.00003	0.99694
469 T	0.00302	0.00003	0.99694
470 T	0.00302	0.00003	0.99695
471 T	0.00301	0.00003	0.99695
472 T	0.00300	0.00005	0.99696
473 C	0.00297	0.00006	0.99696
474 G	0.00297	0.00007	0.99696
475 A	0.00296	0.00008	0.99696
476 T	0.00296	0.00008	0.99696
477 C	0.00296	0.00008	0.99696
478 T	0.00296	0.00008	0.99696
479 T	0.00296	0.00008	0.99696
480 T	0.00295	0.00009	0.99696
481 T	0.00294	0.00009	0.99696
482 T	0.00293	0.00010	0.99696
483 G	0.00292	0.00012	0.99696
484 G	0.00291	0.00013	0.99696
485 C	0.00290	0.00013	0.99696
486 T	0.00290	0.00013	0.99696
487 G	0.00290	0.00014	0.99696
488 T	0.00290	0.00014	0.99696
489 T	0.00290	0.00014	0.99696
490 G	0.00289	0.00014	0.99696
491 T	0.00289	0.00014	0.99697
492 A	0.00289	0.00014	0.99697
493 T	0.00289	0.00013	0.99698
494 G	0.00288	0.00012	0.99699
495 G	0.00288	0.00012	0.997
496 G	0.00287	0.00011	0.99702
497 G	0.00287	0.00010	0.99703
498 A	0.00287	0.00010	0.99703
499 G	0.00287	0.00010	0.99703
500 T	0.00287	0.00010	0.99704
501 A	0.00287	0.00009	0.99704
502 T	0.00287	0.00009	0.99704
503 A	0.00287	0.00008	0.99705
504 T	0.00287	0.00007	0.99705
505 T	0.00287	0.00006	0.99706
506 T	0.00287	0.00005	0.99708
507 T	0.00287	0.00005	0.99709
508 G	0.00286	0.00005	0.99709
509 C	0.00286	0.00005	0.99709
510 G	0.00286	0.00005	0.99709
511 T	0.00286	0.00005	0.99709
512 G	0.00285	0.00006	0.99709
513 T	0.00285	0.00006	0.99709
514 T	0.00285	0.00007	0.99709
515 T	0.00284	0.00007	0.99709
516 T	0.00283	0.00008	0.99709
517 T	0.00282	0.00009	0.99709
518 A	0.00281	0.00010	0.99709
519 T	0.00279	0.00011	0.9971
520 C	0.00278	0.00012	0.9971
521 T	0.00276	0.00015	0.99709
522 T	0.00272	0.00021	0.99707
523 G	0.00267	0.00029	0.99704
524 T	0.00264	0.00035	0.997
525 A	0.00253	0.00047	0.997
526 G	0.00250	0.00051	0.99699
527 A	0.00249	0.00053	0.99698
528 A	0.00247	0.00056	0.99697
529 C	0.00246	0.00057	0.99697
530 A	0.00246	0.00059	0.99696
531 T	0.00245	0.00060	0.99696
532 A	0.00244	0.00062	0.99695
533 A	0.00243	0.00063	0.99693
534 A	0.00243	0.00064	0.99693
535 T	0.00243	0.00063	0.99693
536 T	0.00243	0.00063	0.99693
537 A	0.00243	0.00064	0.99693
538 T	0.00243	0.00062	0.99695
539 T	0.00243	0.00062	0.99696
540 A	0.00242	0.00062	0.99696
541 A	0.00242	0.00060	0.99699
542 C	0.00242	0.00056	0.99702
543 A	0.00242	0.00055	0.99703
544 A	0.00243	0.00051	0.99705
545 C	0.00245	0.00045	0.9971
546 T	0.00248	0.00039	0.99713
547 A	0.00250	0.00035	0.99714
548 C	0.00252	0.00024	0.99724
549 A	0.00252	0.00022	0.99725
550 T	0.00254	0.00019	0.99726
551 T	0.00255	0.00018	0.99728
552 T	0.00255	0.00018	0.99727
553 G	0.00255	0.00018	0.99727
554 T	0.00256	0.00016	0.99728
555 A	0.00256	0.00016	0.99729
556 T	0.00255	0.00015	0.9973
557 C	0.00254	0.00016	0.9973
558 A	0.00250	0.00019	0.9973
559 T	0.00249	0.00021	0.99731
560 C	0.00245	0.00024	0.99731
561 A	0.00242	0.00027	0.99731
562 C	0.00240	0.00028	0.99731
563 C	0.00240	0.00029	0.99732
564 T	0.00239	0.00030	0.99731
565 T	0.00237	0.00032	0.99731
566 T	0.00235	0.00034	0.99731
567 A	0.00230	0.00039	0.99731
568 T	0.00228	0.00041	0.99731
569 C	0.00224	0.00045	0.99732
570 A	0.00221	0.00048	0.99732
571 A	0.00219	0.00049	0.99732
572 A	0.00219	0.00049	0.99732
573 C	0.00219	0.00049	0.99732
574 A	0.00220	0.00048	0.99732
575 C	0.00221	0.00046	0.99733
576 T	0.00221	0.00046	0.99733
577 A	0.00221	0.00045	0.99734
578 T	0.00222	0.00045	0.99734
579 T	0.00222	0.00043	0.99735
580 T	0.00221	0.00042	0.99736
581 T	0.00221	0.00038	0.99742
582 A	0.00221	0.00036	0.99744
583 A	0.00220	0.00032	0.99747
584 G	0.00220	0.00029	0.99752
585 G	0.00220	0.00027	0.99753
586 T	0.00221	0.00025	0.99754
587 A	0.00221	0.00023	0.99756
588 T	0.00221	0.00020	0.99758
589 T	0.00221	0.00017	0.99762
590 T	0.00221	0.00013	0.99766
591 T	0.00221	0.00011	0.99768
592 T	0.00221	0.00008	0.9977
593 T	0.00221	0.00006	0.99772
594 A	0.00221	0.00005	0.99773
595 G	0.00221	0.00005	0.99774
596 T	0.00221	0.00005	0.99775
597 A	0.00221	0.00005	0.99775
598 T	0.00221	0.00004	0.99775
599 T	0.00221	0.00004	0.99775
600 A	0.00221	0.00005	0.99774
601 T	0.00221	0.00004	0.99774
602 T	0.00221	0.00004	0.99774
603 T	0.00221	0.00005	0.99774
604 G	0.00220	0.00006	0.99774
605 T	0.00220	0.00006	0.99774
606 T	0.00220	0.00006	0.99773
607 T	0.00220	0.00007	0.99773
608 T	0.00219	0.00008	0.99773
609 A	0.00218	0.00009	0.99773
610 T	0.00218	0.00009	0.99773
611 T	0.00217	0.00010	0.99773
612 A	0.00216	0.00011	0.99773
613 C	0.00216	0.00011	0.99773
614 C	0.00216	0.00012	0.99773
615 A	0.00216	0.00012	0.99772
616 T	0.00216	0.00012	0.99772
617 T	0.00216	0.00012	0.99772
618 T	0.00216	0.00012	0.99772
619 T	0.00216	0.00012	0.99772
620 T	0.00216	0.00012	0.99772
621 G	0.00216	0.00013	0.99772
622 A	0.00216	0.00013	0.99772
623 T	0.00216	0.00013	0.99772
624 A	0.00216	0.00013	0.99772
625 A	0.00216	0.00013	0.99772
626 G	0.00216	0.00012	0.99772
627 T	0.00217	0.00011	0.99772
628 T	0.00217	0.00011	0.99772
629 T	0.00218	0.00011	0.99771
630 T	0.00218	0.00011	0.99771
631 A	0.00218	0.00011	0.99771
632 T	0.00218	0.00011	0.99772
633 A	0.00218	0.00011	0.99772
634 G	0.00218	0.00010	0.99772
635 T	0.00218	0.00009	0.99773
636 G	0.00218	0.00009	0.99774
637 C	0.00217	0.00009	0.99774
638 T	0.00218	0.00009	0.99774
639 T	0.00218	0.00009	0.99774
640 T	0.00218	0.00009	0.99772
641 T	0.00217	0.00011	0.99771
642 T	0.00216	0.00014	0.9977
643 T	0.00215	0.00016	0.99769
644 T	0.00213	0.00019	0.99768
645 A	0.00206	0.00027	0.99767
646 A	0.00201	0.00034	0.99765
647 T	0.00197	0.00037	0.99765
648 A	0.00190	0.00044	0.99765
649 A	0.00185	0.00050	0.99766
650 G	0.00181	0.00053	0.99766
651 C	0.00180	0.00055	0.99766
652 T	0.00179	0.00055	0.99766
653 A	0.00178	0.00057	0.99765
654 C	0.00178	0.00058	0.99765
655 T	0.00177	0.00061	0.99762
656 T	0.00174	0.00068	0.99758
657 A	0.00169	0.00079	0.99752
658 T	0.00166	0.00085	0.99749
659 A	0.00161	0.00092	0.99747
660 T	0.00156	0.00099	0.99745
661 A	0.00145	0.00113	0.99742
662 G	0.00143	0.00117	0.9974
663 A	0.00142	0.00120	0.99738
664 G	0.00143	0.00118	0.99738
665 T	0.00145	0.00117	0.99738
666 T	0.00146	0.00119	0.99735
667 A	0.00144	0.00128	0.99728
668 A	0.00143	0.00139	0.99717
669 T	0.00143	0.00142	0.99715
670 A	0.00141	0.00146	0.99714
671 A	0.00140	0.00145	0.99714
672 A	0.00140	0.00143	0.99716
673 A	0.00140	0.00142	0.99718
674 T	0.00140	0.00140	0.99719
675 A	0.00141	0.00141	0.99719
676 A	0.00141	0.00140	0.99719
677 A	0.00142	0.00138	0.9972
678 A	0.00145	0.00133	0.99722
679 G	0.00149	0.00124	0.99728
680 T	0.00156	0.00111	0.99733
681 T	0.00159	0.00105	0.99736
682 A	0.00161	0.00099	0.9974
683 A	0.00163	0.00093	0.99745
684 C	0.00166	0.00080	0.99755
685 T	0.00169	0.00076	0.99755
686 T	0.00171	0.00075	0.99754
687 G	0.00172	0.00079	0.99749
688 A	0.00174	0.00088	0.99738
689 G	0.00177	0.00086	0.99736
690 A	0.00186	0.00075	0.99739
691 T	0.00204	0.00055	0.99741
692 T	0.00211	0.00047	0.99742
693 C	0.00213	0.00043	0.99744
694 C	0.00215	0.00041	0.99744
695 A	0.00217	0.00040	0.99743
696 T	0.00218	0.00039	0.99743
697 G	0.00218	0.00040	0.99741
698 T	0.00220	0.00039	0.99741
699 T	0.00221	0.00039	0.99741
700 T	0.00220	0.00039	0.9974
701 G	0.00220	0.00040	0.9974
702 G	0.00219	0.00041	0.9974
703 C	0.00217	0.00043	0.9974
704 T	0.00216	0.00045	0.99739
705 C	0.00214	0.00047	0.99739
706 A	0.00212	0.00051	0.99737
707 A	0.00212	0.00052	0.99736
708 A	0.00212	0.00052	0.99736
709 A	0.00214	0.00050	0.99736
710 A	0.00219	0.00044	0.99736
711 A	0.00230	0.00033	0.99737
712 T	0.00232	0.00029	0.99738
713 T	0.00233	0.00028	0.99739
714 A	0.00233	0.00027	0.9974
715 T	0.00234	0.00026	0.99741
716 T	0.00234	0.00024	0.99741
717 T	0.00235	0.00023	0.99742
718 A	0.00235	0.00022	0.99742
719 T	0.00236	0.00021	0.99743
720 C	0.00236	0.00020	0.99744
721 A	0.00237	0.00019	0.99744
722 T	0.00238	0.00018	0.99744
723 T	0.00239	0.00017	0.99744
724 A	0.00239	0.00016	0.99746
725 G	0.00239	0.00015	0.99746
726 T	0.00241	0.00011	0.99749
727 T	0.00242	0.00008	0.9975
728 T	0.00242	0.00006	0.99751
729 T	0.00243	0.00004	0.99753
730 T	0.00243	0.00003	0.99754
731 T	0.00243	0.00003	0.99754
732 T	0.00243	0.00003	0.99754
733 T	0.00243	0.00003	0.99754
734 G	0.00243	0.00003	0.99754
735 T	0.00243	0.00003	0.99754
736 G	0.00243	0.00003	0.99754
737 G	0.00243	0.00003	0.99754
738 T	0.00244	0.00003	0.99754
739 A	0.00244	0.00003	0.99754
740 C	0.00244	0.00003	0.99754
741 A	0.00244	0.00003	0.99754
742 T	0.00244	0.00003	0.99754
743 C	0.00244	0.00003	0.99754
744 T	0.00244	0.00003	0.99753
745 T	0.00245	0.00003	0.99752
746 T	0.00245	0.00003	0.99752
747 T	0.00245	0.00003	0.99752
748 T	0.00244	0.00003	0.99752
749 T	0.00244	0.00004	0.99752
750 G	0.00244	0.00004	0.99752
751 C	0.00243	0.00005	0.99752
752 C	0.00243	0.00005	0.99752
753 T	0.00243	0.00005	0.99752
754 T	0.00243	0.00005	0.99751
755 C	0.00243	0.00006	0.99751
756 T	0.00242	0.00009	0.99749
757 T	0.00242	0.00011	0.99747
758 T	0.00241	0.00014	0.99745
759 T	0.00240	0.00019	0.99741
760 T	0.00239	0.00024	0.99737
761 T	0.00235	0.00029	0.99735
762 A	0.00228	0.00039	0.99733
763 G	0.00224	0.00044	0.99732
764 G	0.00221	0.00048	0.9973
765 A	0.00220	0.00051	0.99729
766 A	0.00220	0.00052	0.99728
767 G	0.00220	0.00053	0.99728
768 T	0.00220	0.00053	0.99727
769 A	0.00220	0.00054	0.99727
770 A	0.00220	0.00054	0.99727
771 T	0.00220	0.00054	0.99726
772 A	0.00220	0.00054	0.99726
773 A	0.00220	0.00055	0.99725
774 A	0.00220	0.00054	0.99726
775 T	0.00220	0.00054	0.99726
776 T	0.00220	0.00053	0.99726
777 A	0.00221	0.00053	0.99726
778 A	0.00222	0.00051	0.99727
779 T	0.00225	0.00047	0.99729
780 T	0.00227	0.00044	0.9973
781 G	0.00229	0.00040	0.99731
782 T	0.00235	0.00032	0.99733
783 T	0.00239	0.00029	0.99732
784 T	0.00240	0.00028	0.99732
785 T	0.00241	0.00029	0.99731
786 A	0.00241	0.00031	0.99728
787 T	0.00242	0.00030	0.99727
788 T	0.00243	0.00031	0.99725
789 T	0.00244	0.00033	0.99724
790 T	0.00243	0.00035	0.99721
791 T	0.00243	0.00037	0.9972
792 A	0.00241	0.00041	0.99718
793 G	0.00240	0.00042	0.99718
794 G	0.00240	0.00042	0.99717
795 A	0.00241	0.00043	0.99717
796 T	0.00242	0.00042	0.99716
797 T	0.00242	0.00043	0.99716
798 A	0.00242	0.00044	0.99714
799 T	0.00242	0.00045	0.99713
800 T	0.00241	0.00047	0.99712
801 A	0.00239	0.00051	0.99709
802 G	0.00239	0.00052	0.99709
803 A	0.00238	0.00052	0.99709
804 G	0.00238	0.00052	0.99709
805 G	0.00239	0.00052	0.99709
806 C	0.00242	0.00048	0.9971
807 A	0.00246	0.00045	0.99708
808 T	0.00254	0.00038	0.99708
809 T	0.00259	0.00033	0.99707
810 A	0.00261	0.00032	0.99708
811 T	0.00263	0.00029	0.99708
812 T	0.00265	0.00026	0.99708
813 T	0.00266	0.00025	0.99709
814 T	0.00267	0.00023	0.9971
815 T	0.00268	0.00021	0.99712
816 C	0.00267	0.00021	0.99712
817 T	0.00267	0.00021	0.99712
818 T	0.00267	0.00021	0.99712
819 G	0.00267	0.00023	0.9971
820 A	0.00267	0.00023	0.99709
821 T	0.00269	0.00023	0.99708
822 A	0.00269	0.00023	0.99708
823 T	0.00271	0.00021	0.99709
824 T	0.00272	0.00019	0.99709
825 A	0.00272	0.00019	0.99709
826 T	0.00272	0.00020	0.99707
827 A	0.00272	0.00021	0.99707
828 T	0.00273	0.00021	0.99706
829 A	0.00273	0.00022	0.99705
830 G	0.00274	0.00021	0.99705
831 T	0.00274	0.00022	0.99704
832 T	0.00274	0.00025	0.99701
833 T	0.00275	0.00027	0.99698
834 A	0.00275	0.00031	0.99694
835 G	0.00275	0.00035	0.9969
836 T	0.00275	0.00044	0.99681
837 T	0.00275	0.00057	0.99668
838 T	0.00275	0.00070	0.99656
839 G	0.00274	0.00098	0.99628
840 G	0.00274	0.00140	0.99586
841 G	0.00274	0.00199	0.99527
842 T	0.00275	0.00258	0.99467
843 T	0.00276	0.00356	0.99368
844 A	0.00276	0.00395	0.99329
845 A	0.00276	0.00407	0.99317
846 T	0.00277	0.00411	0.99311
847 A	0.00278	0.00416	0.99306
848 C	0.00279	0.00417	0.99303
849 T	0.00281	0.00423	0.99296
850 T	0.00282	0.00427	0.99292
851 T	0.00282	0.00430	0.99288
852 A	0.00282	0.00431	0.99287
853 A	0.00282	0.00432	0.99286
854 A	0.00283	0.00432	0.99285
855 T	0.00287	0.00428	0.99285
856 C	0.00289	0.00427	0.99285
857 A	0.00292	0.00425	0.99283
858 A	0.00297	0.00422	0.99282
859 C	0.00311	0.00409	0.9928
860 T	0.00329	0.00402	0.99269
861 A	0.00345	0.00390	0.99266
862 G	0.00379	0.00356	0.99264
863 A	0.00430	0.00308	0.99262
864 T	0.00491	0.00248	0.99261
865 C	0.00542	0.00198	0.9926
866 G	0.00624	0.00119	0.99256
867 T	0.00670	0.00082	0.99249
868 T	0.00682	0.00082	0.99235
869 T	0.00686	0.00085	0.9923
870 T	0.00665	0.00114	0.9922
871 A	0.00605	0.00191	0.99204
872 T	0.00549	0.00262	0.99189
873 C	0.00475	0.00338	0.99187
874 G	0.00402	0.00424	0.99174
875 A	0.00350	0.00489	0.99162
876 A	0.00315	0.00539	0.99146
877 C	0.00284	0.00584	0.99131
878 A	0.00238	0.00704	0.99059
879 A	0.00219	0.00761	0.99021
880 A	0.00214	0.00820	0.98967
881 A	0.00211	0.00887	0.98901
882 A	0.00212	0.00894	0.98894
883 A	0.00222	0.00884	0.98894
884 T	0.00226	0.00879	0.98895
885 A	0.00227	0.00877	0.98896
886 C	0.00231	0.00874	0.98896
887 C	0.00231	0.00873	0.98895
888 T	0.00234	0.00876	0.9889
889 A	0.00232	0.00883	0.98885
890 A	0.00237	0.00881	0.98882
891 A	0.00246	0.00873	0.9888
892 A	0.00253	0.00866	0.98882
893 A	0.00262	0.00822	0.98916
894 A	0.00280	0.00728	0.98993
895 T	0.00298	0.00637	0.99066
896 G	0.00303	0.00558	0.99138
897 T	0.00318	0.00481	0.99201
898 G	0.00330	0.00429	0.99241
899 A	0.00349	0.00385	0.99266
900 A	0.00369	0.00339	0.99292
901 T	0.00440	0.00225	0.99336
902 G	0.00469	0.00177	0.99354
903 G	0.00519	0.00120	0.99361
904 C	0.00581	0.00053	0.99366
905 T	0.00590	0.00046	0.99364
906 T	0.00591	0.00050	0.99359
907 T	0.00592	0.00057	0.99352
908 T	0.00593	0.00062	0.99346
909 A	0.00593	0.00068	0.99339
910 G	0.00594	0.00068	0.99339
911 T	0.00599	0.00062	0.99339
912 T	0.00604	0.00055	0.99341
913 T	0.00606	0.00053	0.99341
914 G	0.00607	0.00055	0.99338
915 G	0.00608	0.00062	0.9933
916 T	0.00610	0.00072	0.99319
917 T	0.00611	0.00087	0.99302
918 T	0.00611	0.00120	0.99268
919 T	0.00612	0.00144	0.99245
920 T	0.00611	0.00185	0.99204
921 A	0.00605	0.00224	0.99171
922 T	0.00604	0.00239	0.99158
923 T	0.00599	0.00257	0.99145
924 A	0.00591	0.00276	0.99133
925 G	0.00589	0.00279	0.99132
926 A	0.00588	0.00282	0.99131
927 A	0.00588	0.00282	0.99131
928 G	0.00593	0.00277	0.9913
929 C	0.00602	0.00269	0.99129
930 T	0.00612	0.00267	0.99121
931 T	0.00618	0.00268	0.99113
932 T	0.00622	0.00271	0.99106
933 T	0.00622	0.00280	0.99098
934 G	0.00621	0.00283	0.99096
935 T	0.00619	0.00286	0.99095
936 G	0.00616	0.00292	0.99092
937 A	0.00616	0.00294	0.9909
938 C	0.00624	0.00287	0.99089
939 A	0.00635	0.00281	0.99083
940 A	0.00655	0.00266	0.99079
941 T	0.00699	0.00223	0.99077
942 A	0.00723	0.00205	0.99072
943 T	0.00762	0.00168	0.9907
944 T	0.00788	0.00138	0.99074
945 T	0.00796	0.00130	0.99074
946 T	0.00801	0.00121	0.99078
947 T	0.00802	0.00115	0.99083
948 A	0.00792	0.00125	0.99083
949 T	0.00787	0.00133	0.99081
950 C	0.00777	0.00144	0.99078
951 A	0.00772	0.00158	0.9907
952 A	0.00773	0.00162	0.99065
953 T	0.00784	0.00153	0.99064
954 T	0.00790	0.00149	0.9906
955 T	0.00795	0.00147	0.99058
956 T	0.00801	0.00143	0.99056
957 A	0.00801	0.00149	0.9905
958 T	0.00802	0.00158	0.9904
959 A	0.00803	0.00162	0.99035
960 T	0.00806	0.00165	0.99029
961 A	0.00807	0.00184	0.9901
962 T	0.00811	0.00183	0.99005
963 T	0.00814	0.00184	0.99002
964 A	0.00816	0.00189	0.98996
965 T	0.00820	0.00186	0.98993
966 T	0.00820	0.00190	0.9899
967 G	0.00818	0.00194	0.98988
968 T	0.00818	0.00195	0.98988
969 A	0.00814	0.00207	0.98979
970 A	0.00812	0.00215	0.98973
971 G	0.00812	0.00216	0.98971
972 T	0.00816	0.00228	0.98955
973 A	0.00814	0.00275	0.98911
974 T	0.00817	0.00333	0.98851
975 T	0.00804	0.00465	0.98731
976 G	0.00763	0.00735	0.98501
977 T	0.00737	0.01183	0.98079
978 A	0.00681	0.01296	0.98022
979 A	0.00635	0.01401	0.97964
980 A	0.00638	0.01409	0.97953
981 T	0.00654	0.01397	0.97949
982 C	0.00658	0.01398	0.97944
983 A	0.00668	0.01394	0.97938
984 T	0.00691	0.01375	0.97935
985 T	0.00699	0.01366	0.97935
986 T	0.00703	0.01361	0.97935
987 T	0.00707	0.01357	0.97935
988 A	0.00709	0.01354	0.97936
989 T	0.00712	0.01348	0.9794
990 T	0.00714	0.01343	0.97943
991 A	0.00716	0.01339	0.97945
992 A	0.00722	0.01330	0.97948
993 A	0.00731	0.01318	0.97951
994 A	0.00742	0.01305	0.97953
995 A	0.00768	0.01275	0.97957
996 A	0.00831	0.01204	0.97965
997 A	0.00917	0.01109	0.97974
998 A	0.01050	0.00957	0.97993
999 A	0.01285	0.00677	0.98037
1000 T	0.01690	0.00236	0.98074
1001 A	0.01749	0.00123	0.98129
1002 A	0.01820	0.00000	0.9818
