# lcl|CP097583.1_cds_USQ93258.1_1
# AA	inside	membr	outside
1 A	0.64747	0.00000	0.35253
2 T	0.64733	0.00014	0.35253
3 G	0.64720	0.00027	0.35253
4 T	0.64720	0.00035	0.35245
5 C	0.64556	0.00206	0.35238
6 T	0.64556	0.00210	0.35234
7 A	0.63199	0.01569	0.35232
8 C	0.63199	0.01569	0.35232
9 T	0.63067	0.01705	0.35228
10 A	0.63066	0.02297	0.34637
11 T	0.63010	0.02393	0.34597
12 T	0.61385	0.04045	0.34569
13 T	0.55827	0.09655	0.34517
14 T	0.55824	0.09658	0.34517
15 T	0.55824	0.10719	0.33457
16 A	0.53679	0.12865	0.33457
17 C	0.51308	0.15241	0.33451
18 T	0.51178	0.15415	0.33407
19 A	0.44637	0.22005	0.33358
20 A	0.26648	0.40742	0.32609
21 A	0.10374	0.57022	0.32603
22 A	0.10008	0.57579	0.32413
23 T	0.09872	0.57778	0.3235
24 T	0.09680	0.58016	0.32304
25 A	0.09294	0.58442	0.32264
26 T	0.09090	0.58633	0.32277
27 T	0.08518	0.59159	0.32323
28 A	0.07407	0.60239	0.32355
29 A	0.06815	0.60817	0.32368
30 A	0.06254	0.60438	0.33309
31 A	0.05909	0.60687	0.33404
32 A	0.05699	0.60619	0.33682
33 A	0.06051	0.59858	0.34091
34 G	0.06028	0.59545	0.34428
35 A	0.06076	0.57986	0.35937
36 A	0.06136	0.53370	0.40495
37 A	0.06169	0.52686	0.41145
38 T	0.07095	0.50765	0.4214
39 T	0.07045	0.48109	0.44846
40 A	0.06988	0.45529	0.47483
41 A	0.06973	0.43628	0.49399
42 A	0.06998	0.37164	0.55838
43 G	0.07556	0.20588	0.71857
44 G	0.07531	0.08081	0.84387
45 T	0.07804	0.07500	0.84696
46 T	0.07894	0.07646	0.8446
47 A	0.07883	0.08823	0.83295
48 T	0.07957	0.09436	0.82607
49 A	0.07864	0.09989	0.82147
50 T	0.07866	0.09785	0.82349
51 T	0.07871	0.09909	0.8222
52 A	0.07826	0.11218	0.80956
53 T	0.07810	0.11407	0.80783
54 T	0.07740	0.11626	0.80635
55 T	0.07639	0.12502	0.79859
56 A	0.07504	0.13374	0.79122
57 T	0.07416	0.14212	0.78372
58 G	0.07282	0.15170	0.77548
59 A	0.07268	0.15282	0.77451
60 A	0.07254	0.15323	0.77424
61 G	0.07260	0.15317	0.77422
62 A	0.07366	0.15219	0.77415
63 T	0.07660	0.14903	0.77437
64 G	0.07794	0.14777	0.7743
65 A	0.08095	0.14493	0.77411
66 A	0.08532	0.14076	0.77393
67 T	0.09119	0.13421	0.77459
68 T	0.09499	0.13026	0.77475
69 A	0.09922	0.12584	0.77494
70 G	0.11062	0.11369	0.77569
71 T	0.12371	0.10018	0.77611
72 T	0.13446	0.08856	0.77698
73 A	0.14152	0.08109	0.77739
74 T	0.15635	0.06532	0.77833
75 T	0.16961	0.05098	0.77942
76 G	0.17378	0.04574	0.78048
77 C	0.17865	0.03992	0.78143
78 T	0.19167	0.02690	0.78143
79 T	0.19833	0.02039	0.78128
80 T	0.20432	0.01468	0.78099
81 T	0.20906	0.01049	0.78045
82 T	0.20774	0.01403	0.77823
83 T	0.20417	0.02155	0.77427
84 A	0.18653	0.05062	0.76285
85 G	0.17860	0.07082	0.75058
86 A	0.17443	0.08273	0.74284
87 T	0.17350	0.08858	0.73792
88 A	0.17182	0.10400	0.72418
89 T	0.17069	0.10962	0.7197
90 T	0.16670	0.11486	0.71844
91 A	0.16363	0.12001	0.71635
92 T	0.16029	0.12437	0.71534
93 A	0.15502	0.13041	0.71457
94 C	0.15246	0.13301	0.71452
95 A	0.15082	0.13469	0.71449
96 A	0.14813	0.13739	0.71448
97 G	0.14690	0.13859	0.71451
98 C	0.14646	0.13899	0.71455
99 C	0.14613	0.13931	0.71456
100 A	0.14605	0.13940	0.71455
101 C	0.14662	0.13880	0.71458
102 T	0.14755	0.13787	0.71457
103 A	0.14804	0.13739	0.71457
104 A	0.14918	0.13607	0.71476
105 A	0.15161	0.13135	0.71704
106 G	0.15640	0.12253	0.72106
107 G	0.16898	0.09134	0.73969
108 T	0.18468	0.06645	0.74887
109 C	0.19137	0.05439	0.75424
110 A	0.19565	0.04898	0.75537
111 T	0.20712	0.03552	0.75736
112 A	0.20969	0.03168	0.75863
113 C	0.21055	0.02651	0.76294
114 T	0.21221	0.02340	0.7644
115 T	0.21265	0.01975	0.7676
116 T	0.21284	0.01756	0.76961
117 G	0.21190	0.01821	0.76989
118 G	0.21145	0.01857	0.76997
119 T	0.21121	0.01781	0.77098
120 T	0.21039	0.02082	0.7688
121 G	0.20914	0.02346	0.7674
122 T	0.20878	0.02360	0.76763
123 T	0.20774	0.02476	0.7675
124 A	0.20631	0.02643	0.76727
125 C	0.20557	0.02720	0.76723
126 C	0.20398	0.02961	0.76642
127 A	0.19700	0.03971	0.76329
128 A	0.18901	0.04954	0.76146
129 A	0.18409	0.05650	0.75942
130 G	0.17961	0.06342	0.75698
131 A	0.17517	0.07121	0.75362
132 G	0.17345	0.07487	0.75168
133 G	0.17279	0.07751	0.7497
134 A	0.17266	0.07777	0.74957
135 A	0.17309	0.07719	0.74971
136 T	0.17386	0.07603	0.75011
137 A	0.17435	0.07516	0.75048
138 C	0.17548	0.07332	0.7512
139 G	0.17744	0.07120	0.75137
140 T	0.17957	0.06851	0.75192
141 A	0.17939	0.06851	0.7521
142 A	0.18011	0.06760	0.75229
143 C	0.18221	0.06467	0.75312
144 C	0.18324	0.06240	0.75437
145 A	0.18293	0.06280	0.75426
146 T	0.18359	0.06166	0.75475
147 T	0.18384	0.06098	0.75518
148 G	0.18326	0.06150	0.75524
149 A	0.18347	0.06046	0.75607
150 A	0.18577	0.05097	0.76326
151 G	0.18710	0.04147	0.77143
152 A	0.18907	0.03551	0.77542
153 A	0.19184	0.02867	0.7795
154 G	0.19545	0.02067	0.78389
155 T	0.19797	0.01640	0.78563
156 T	0.19960	0.01389	0.78651
157 C	0.19952	0.01346	0.78701
158 C	0.19824	0.01480	0.78696
159 T	0.19684	0.01670	0.78646
160 G	0.19381	0.02016	0.78603
161 A	0.19238	0.02183	0.78578
162 A	0.19138	0.02299	0.78563
163 A	0.19113	0.02333	0.78554
164 A	0.19126	0.02197	0.78677
165 T	0.19172	0.02030	0.78797
166 G	0.19186	0.01939	0.78875
167 T	0.19228	0.01811	0.7896
168 C	0.19266	0.01692	0.79042
169 T	0.19304	0.01634	0.79062
170 T	0.19325	0.01590	0.79085
171 T	0.19339	0.01536	0.79125
172 C	0.19336	0.01509	0.79155
173 G	0.19339	0.01497	0.79163
174 A	0.19357	0.01463	0.79179
175 C	0.19424	0.01387	0.7919
176 A	0.19431	0.01399	0.79171
177 T	0.19445	0.01400	0.79155
178 T	0.19459	0.01386	0.79156
179 T	0.19430	0.01434	0.79136
180 A	0.19344	0.01560	0.79096
181 T	0.19308	0.01454	0.79238
182 T	0.19259	0.01328	0.79413
183 T	0.19091	0.01223	0.79686
184 G	0.18537	0.01691	0.79772
185 G	0.18074	0.02136	0.7979
186 C	0.17485	0.02840	0.79675
187 G	0.17082	0.03552	0.79365
188 T	0.16951	0.03904	0.79145
189 G	0.16795	0.04096	0.79109
190 G	0.16722	0.04208	0.79069
191 T	0.16671	0.04305	0.79023
192 T	0.16565	0.04491	0.78944
193 C	0.16404	0.04718	0.78879
194 A	0.16283	0.04988	0.78728
195 A	0.16123	0.05368	0.78509
196 A	0.15987	0.05697	0.78316
197 A	0.15863	0.06158	0.77979
198 A	0.15679	0.06607	0.77714
199 A	0.15650	0.06831	0.77519
200 T	0.15642	0.06887	0.77471
201 A	0.15554	0.07008	0.77437
202 A	0.15548	0.06969	0.77482
203 G	0.15581	0.06818	0.77601
204 T	0.15566	0.06733	0.77701
205 A	0.15420	0.06805	0.77775
206 A	0.15380	0.06674	0.77946
207 A	0.15433	0.06112	0.78454
208 A	0.15549	0.05571	0.7888
209 T	0.15727	0.04781	0.79493
210 T	0.15994	0.04131	0.79875
211 T	0.16108	0.03920	0.79972
212 T	0.16087	0.03984	0.79929
213 A	0.16011	0.04312	0.79678
214 A	0.15956	0.04549	0.79494
215 T	0.16014	0.04488	0.79498
216 T	0.15945	0.04743	0.79313
217 A	0.15842	0.04805	0.79353
218 A	0.15942	0.04591	0.79468
219 A	0.16057	0.04356	0.79588
220 A	0.16349	0.03943	0.79708
221 C	0.16624	0.03450	0.79926
222 T	0.16885	0.03159	0.79957
223 T	0.16951	0.03084	0.79965
224 T	0.16968	0.03033	0.79999
225 T	0.16944	0.03053	0.80003
226 A	0.16882	0.03117	0.80001
227 A	0.16853	0.03075	0.80071
228 T	0.16843	0.02933	0.80225
229 T	0.16756	0.02957	0.80286
230 G	0.16573	0.03139	0.80288
231 T	0.16412	0.03331	0.80257
232 A	0.15882	0.03956	0.80161
233 A	0.15723	0.04124	0.80154
234 G	0.15641	0.04178	0.80181
235 G	0.15748	0.04097	0.80155
236 G	0.16053	0.03750	0.80197
237 T	0.16308	0.03508	0.80185
238 A	0.16392	0.03604	0.80004
239 T	0.16672	0.03250	0.80079
240 T	0.16705	0.03105	0.8019
241 A	0.16703	0.03084	0.80213
242 A	0.16711	0.03020	0.80268
243 T	0.16738	0.02938	0.80323
244 T	0.16750	0.02896	0.80354
245 T	0.16752	0.02878	0.8037
246 G	0.16737	0.02871	0.80392
247 T	0.16747	0.02845	0.80408
248 T	0.16729	0.02855	0.80416
249 A	0.16689	0.02907	0.80404
250 A	0.16680	0.02912	0.80408
251 A	0.16685	0.02904	0.80411
252 T	0.16708	0.02783	0.8051
253 A	0.16715	0.02717	0.80568
254 A	0.16760	0.02596	0.80644
255 T	0.16869	0.02095	0.81036
256 A	0.16888	0.02090	0.81021
257 A	0.16876	0.02173	0.80951
258 T	0.16984	0.02208	0.80808
259 G	0.17030	0.02291	0.80679
260 G	0.17135	0.02377	0.80488
261 T	0.17383	0.02291	0.80326
262 T	0.17437	0.02381	0.80182
263 T	0.17451	0.02488	0.80061
264 T	0.17459	0.02691	0.7985
265 A	0.17444	0.02744	0.79812
266 T	0.17441	0.02757	0.79802
267 A	0.17429	0.02778	0.79794
268 T	0.17428	0.02771	0.79802
269 C	0.17402	0.02815	0.79784
270 A	0.17395	0.02833	0.79771
271 G	0.17392	0.02846	0.79762
272 G	0.17419	0.02823	0.79758
273 A	0.17448	0.02841	0.79711
274 C	0.17494	0.02818	0.79687
275 A	0.17522	0.02837	0.79641
276 A	0.17638	0.02738	0.79624
277 A	0.17747	0.02659	0.79595
278 G	0.17837	0.02570	0.79593
279 A	0.18014	0.02387	0.796
280 G	0.18281	0.02054	0.79665
281 T	0.18630	0.01690	0.7968
282 A	0.18833	0.01468	0.79699
283 T	0.19103	0.01185	0.79712
284 T	0.19259	0.01021	0.79719
285 T	0.19348	0.00928	0.79724
286 C	0.19381	0.00890	0.79729
287 A	0.19490	0.00777	0.79733
288 T	0.19530	0.00720	0.7975
289 T	0.19550	0.00694	0.79756
290 A	0.19561	0.00672	0.79768
291 C	0.19571	0.00649	0.79779
292 C	0.19618	0.00570	0.79813
293 A	0.19630	0.00548	0.79822
294 T	0.19668	0.00498	0.79835
295 G	0.19708	0.00450	0.79842
296 T	0.19783	0.00371	0.79846
297 T	0.19817	0.00326	0.79857
298 C	0.19851	0.00261	0.79887
299 A	0.19876	0.00235	0.79889
300 T	0.19916	0.00194	0.7989
301 T	0.19921	0.00195	0.79884
302 T	0.19913	0.00208	0.79879
303 A	0.19893	0.00230	0.79877
304 T	0.19886	0.00234	0.7988
305 T	0.19853	0.00263	0.79883
306 A	0.19751	0.00362	0.79887
307 C	0.19689	0.00417	0.79894
308 C	0.19665	0.00438	0.79897
309 T	0.19640	0.00463	0.79897
310 C	0.19548	0.00557	0.79896
311 G	0.19481	0.00638	0.79882
312 T	0.19425	0.00731	0.79844
313 T	0.19374	0.00786	0.79839
314 T	0.19302	0.00852	0.79847
315 T	0.19087	0.01068	0.79844
316 T	0.18819	0.01321	0.79859
317 C	0.18416	0.01719	0.79865
318 T	0.18091	0.02052	0.79857
319 A	0.17579	0.02574	0.79846
320 G	0.17271	0.02890	0.79838
321 T	0.17159	0.03016	0.79825
322 G	0.16972	0.03221	0.79807
323 A	0.16871	0.03337	0.79792
324 T	0.16840	0.03379	0.79782
325 G	0.16794	0.03456	0.7975
326 A	0.16754	0.03512	0.79734
327 A	0.16650	0.03632	0.79719
328 A	0.16543	0.03770	0.79687
329 T	0.16491	0.03755	0.79754
330 T	0.16358	0.03872	0.7977
331 A	0.16088	0.04152	0.7976
332 A	0.16003	0.04219	0.79778
333 A	0.15916	0.04222	0.79863
334 A	0.15874	0.04191	0.79935
335 T	0.15896	0.04030	0.80074
336 T	0.15854	0.03972	0.80175
337 A	0.15752	0.03954	0.80293
338 T	0.15691	0.03696	0.80613
339 T	0.15551	0.03511	0.80938
340 T	0.15386	0.03253	0.81361
341 T	0.15210	0.03153	0.81637
342 A	0.14708	0.03325	0.81968
343 C	0.14370	0.03354	0.82277
344 C	0.14078	0.03582	0.8234
345 T	0.13826	0.03876	0.82298
346 G	0.13126	0.04773	0.82101
347 A	0.12754	0.05570	0.81676
348 T	0.12448	0.06311	0.81241
349 A	0.11992	0.07478	0.8053
350 A	0.11860	0.07753	0.80388
351 T	0.11864	0.07868	0.80268
352 A	0.11701	0.08408	0.79891
353 T	0.11650	0.08492	0.79859
354 T	0.11488	0.08627	0.79884
355 A	0.11079	0.09374	0.79547
356 A	0.10845	0.09709	0.79446
357 T	0.10729	0.09881	0.79389
358 A	0.10484	0.10285	0.79231
359 A	0.10281	0.10627	0.79092
360 A	0.10148	0.10812	0.79039
361 A	0.10113	0.10905	0.78982
362 T	0.10035	0.11009	0.78955
363 G	0.09751	0.11498	0.78752
364 A	0.09637	0.11734	0.78629
365 A	0.09581	0.11553	0.78866
366 A	0.09491	0.11505	0.79005
367 G	0.09461	0.11287	0.79252
368 A	0.09574	0.11048	0.79379
369 A	0.09820	0.10259	0.7992
370 A	0.10257	0.09572	0.80171
371 A	0.10749	0.08838	0.80412
372 T	0.11558	0.07782	0.8066
373 G	0.11808	0.07709	0.80483
374 A	0.12113	0.07837	0.8005
375 T	0.12564	0.07273	0.80163
376 T	0.12706	0.07087	0.80207
377 A	0.12791	0.06874	0.80336
378 T	0.13114	0.06274	0.80612
379 C	0.13166	0.06020	0.80814
380 A	0.13187	0.05966	0.80848
381 A	0.13259	0.05775	0.80966
382 A	0.13443	0.05434	0.81122
383 C	0.13616	0.05140	0.81243
384 G	0.13739	0.05085	0.81177
385 A	0.14036	0.04873	0.8109
386 T	0.14465	0.04287	0.81249
387 T	0.14616	0.04154	0.8123
388 G	0.14548	0.04262	0.8119
389 T	0.14496	0.04340	0.81164
390 G	0.14086	0.04921	0.80993
391 A	0.13714	0.05727	0.80558
392 A	0.13329	0.06257	0.80414
393 A	0.13075	0.06649	0.80276
394 A	0.12913	0.06953	0.80134
395 G	0.12873	0.07160	0.79967
396 C	0.13089	0.06932	0.79979
397 A	0.13270	0.06835	0.79895
398 T	0.13401	0.06704	0.79895
399 T	0.13456	0.06641	0.79903
400 C	0.13438	0.06652	0.7991
401 G	0.13471	0.06623	0.79906
402 T	0.13499	0.06553	0.79948
403 A	0.13529	0.06474	0.79998
404 T	0.13596	0.06342	0.80062
405 G	0.13626	0.06286	0.80088
406 A	0.13669	0.06181	0.8015
407 A	0.13774	0.05936	0.8029
408 T	0.13997	0.05592	0.80411
409 T	0.14135	0.05359	0.80507
410 T	0.14254	0.05112	0.80634
411 A	0.14310	0.04910	0.8078
412 G	0.14399	0.04602	0.80999
413 A	0.14564	0.04082	0.81354
414 A	0.14929	0.03313	0.81757
415 A	0.15114	0.02697	0.82188
416 A	0.15324	0.02071	0.82605
417 A	0.15545	0.01481	0.82974
418 T	0.15786	0.00834	0.83381
419 A	0.15843	0.00546	0.83611
420 A	0.15981	0.00000	0.84019
