# lcl|CP097583.1_cds_USQ93506.1_1
# AA	inside	membr	outside
1 T	0.74022	0.00000	0.25978
2 T	0.73998	0.00024	0.25978
3 G	0.73987	0.00035	0.25978
4 T	0.73987	0.01459	0.24554
5 A	0.73055	0.03041	0.23904
6 C	0.73055	0.03099	0.23846
7 T	0.64182	0.11994	0.23824
8 T	0.64181	0.11995	0.23823
9 C	0.61021	0.15166	0.23812
10 A	0.61008	0.17880	0.21111
11 C	0.60287	0.18617	0.21096
12 T	0.56684	0.22242	0.21074
13 A	0.47012	0.32086	0.20902
14 A	0.47011	0.32087	0.20902
15 C	0.47011	0.32416	0.20573
16 T	0.46941	0.32485	0.20573
17 A	0.46671	0.32757	0.20571
18 T	0.46630	0.32803	0.20567
19 G	0.45728	0.33709	0.20563
20 A	0.43913	0.35535	0.20552
21 C	0.39476	0.39969	0.20555
22 A	0.39252	0.40202	0.20547
23 A	0.39033	0.40414	0.20552
24 C	0.38485	0.40960	0.20555
25 G	0.37799	0.41695	0.20507
26 A	0.37292	0.42389	0.20319
27 A	0.38240	0.41363	0.20397
28 T	0.38829	0.39932	0.2124
29 A	0.38711	0.39944	0.21345
30 T	0.38896	0.30851	0.30254
31 G	0.38193	0.29665	0.32142
32 A	0.38015	0.26253	0.35732
33 T	0.39714	0.20669	0.39617
34 C	0.39239	0.19563	0.41197
35 C	0.38860	0.18044	0.43095
36 A	0.38587	0.15629	0.45783
37 T	0.38430	0.15737	0.45832
38 C	0.38254	0.15928	0.45818
39 T	0.37520	0.18516	0.43963
40 A	0.37012	0.19689	0.43298
41 C	0.36011	0.19946	0.44044
42 T	0.34548	0.24453	0.40999
43 G	0.33396	0.26042	0.40561
44 G	0.32596	0.29349	0.38055
45 A	0.31875	0.31949	0.36176
46 A	0.31667	0.33696	0.34637
47 A	0.31566	0.33500	0.34934
48 A	0.31558	0.33171	0.35271
49 T	0.31713	0.33527	0.3476
50 T	0.31658	0.37179	0.31163
51 A	0.31550	0.39528	0.28922
52 A	0.31522	0.41572	0.26906
53 T	0.31484	0.42859	0.25657
54 T	0.31436	0.42023	0.2654
55 A	0.31273	0.42135	0.26591
56 A	0.31262	0.42187	0.26551
57 A	0.31241	0.41893	0.26866
58 C	0.31293	0.41270	0.27436
59 A	0.31581	0.40566	0.27853
60 A	0.31778	0.40149	0.28072
61 A	0.32111	0.39517	0.28372
62 C	0.34630	0.36311	0.2906
63 T	0.36368	0.34436	0.29196
64 A	0.38052	0.31710	0.30238
65 T	0.42932	0.25581	0.31486
66 T	0.44735	0.24046	0.3122
67 T	0.47306	0.23147	0.29547
68 A	0.46898	0.27999	0.25103
69 T	0.47529	0.29049	0.23422
70 A	0.47447	0.29812	0.22741
71 A	0.48043	0.29720	0.22237
72 A	0.49581	0.28306	0.22113
73 T	0.54586	0.23242	0.22172
74 C	0.56807	0.20905	0.22287
75 T	0.58999	0.18738	0.22263
76 T	0.59829	0.17886	0.22285
77 A	0.59481	0.18211	0.22308
78 C	0.58863	0.18723	0.22415
79 T	0.57986	0.19619	0.22395
80 C	0.57347	0.20228	0.22425
81 C	0.56008	0.21589	0.22403
82 T	0.54724	0.22957	0.2232
83 A	0.51537	0.26259	0.22205
84 C	0.49459	0.28404	0.22137
85 A	0.40260	0.37920	0.2182
86 A	0.37880	0.40469	0.21651
87 A	0.36949	0.41675	0.21377
88 A	0.36947	0.41666	0.21386
89 A	0.37939	0.40635	0.21426
90 A	0.39651	0.38560	0.21789
91 T	0.43725	0.33250	0.23025
92 C	0.43278	0.33003	0.23719
93 C	0.42064	0.33742	0.24194
94 T	0.41591	0.34334	0.24075
95 C	0.39372	0.36776	0.23852
96 T	0.37289	0.39472	0.23238
97 A	0.32438	0.45052	0.2251
98 A	0.30081	0.47482	0.22437
99 A	0.24763	0.52748	0.22489
100 A	0.21512	0.55740	0.22748
101 A	0.19534	0.56598	0.23867
102 C	0.18166	0.56257	0.25577
103 A	0.16742	0.57141	0.26117
104 T	0.16308	0.56354	0.27338
105 A	0.15218	0.56616	0.28166
106 G	0.14534	0.55245	0.30222
107 A	0.14197	0.54880	0.30922
108 C	0.14233	0.46042	0.39725
109 A	0.14181	0.44443	0.41376
110 A	0.14273	0.43288	0.42439
111 T	0.14206	0.42957	0.42837
112 A	0.14139	0.42715	0.43145
113 T	0.14137	0.42233	0.43629
114 A	0.14092	0.40263	0.45645
115 A	0.14102	0.36784	0.49114
116 C	0.14162	0.32858	0.5298
117 T	0.14414	0.31771	0.53815
118 G	0.14550	0.30394	0.55056
119 A	0.15010	0.29879	0.5511
120 A	0.15581	0.28253	0.56166
121 T	0.15696	0.26930	0.57374
122 T	0.15711	0.23494	0.60795
123 T	0.15616	0.21796	0.62588
124 G	0.15352	0.22050	0.62599
125 A	0.15258	0.24697	0.60045
126 T	0.15337	0.26635	0.58028
127 A	0.15241	0.32859	0.519
128 A	0.15362	0.36452	0.48186
129 A	0.15673	0.39350	0.44978
130 T	0.16030	0.38882	0.45088
131 T	0.16087	0.39248	0.44665
132 T	0.16118	0.39784	0.44098
133 A	0.16024	0.40555	0.43421
134 C	0.16227	0.40753	0.43019
135 T	0.16200	0.42361	0.41439
136 G	0.15695	0.46388	0.37918
137 A	0.15325	0.51220	0.33455
138 A	0.14468	0.53897	0.31635
139 A	0.14243	0.55451	0.30306
140 A	0.13966	0.56302	0.29732
141 A	0.14292	0.56271	0.29437
142 A	0.15890	0.54802	0.29308
143 T	0.18386	0.52225	0.29388
144 A	0.18955	0.51589	0.29456
145 A	0.21367	0.49052	0.29581
146 T	0.23819	0.46401	0.29779
147 C	0.25433	0.44562	0.30005
148 A	0.27907	0.42126	0.29967
149 A	0.30923	0.39048	0.30028
150 A	0.36754	0.33119	0.30128
151 T	0.41759	0.28008	0.30232
152 T	0.45236	0.24470	0.30295
153 C	0.45654	0.23834	0.30511
154 A	0.45942	0.23412	0.30645
155 C	0.46573	0.22482	0.30946
156 T	0.47069	0.21916	0.31015
157 C	0.46225	0.22789	0.30986
158 A	0.46355	0.22922	0.30723
159 A	0.48777	0.20361	0.30862
160 T	0.52426	0.16465	0.31108
161 T	0.52795	0.15238	0.31967
162 T	0.52019	0.15823	0.32158
163 G	0.49813	0.17178	0.33009
164 G	0.49003	0.17642	0.33355
165 A	0.47945	0.18993	0.33061
166 T	0.44819	0.22226	0.32955
167 T	0.42895	0.24062	0.33043
168 A	0.39777	0.27206	0.33018
169 G	0.37678	0.29169	0.33153
170 A	0.36108	0.30536	0.33356
171 C	0.34924	0.31500	0.33576
172 G	0.32882	0.34203	0.32916
173 G	0.31864	0.36560	0.31576
174 A	0.28929	0.40400	0.30671
175 A	0.27001	0.42967	0.30032
176 A	0.25862	0.44261	0.29877
177 A	0.25291	0.44511	0.30197
178 A	0.24882	0.44461	0.30657
179 A	0.24659	0.43716	0.31625
180 A	0.24614	0.41995	0.33392
181 A	0.24820	0.39885	0.35295
182 T	0.25129	0.38227	0.36644
183 C	0.25178	0.36783	0.38039
184 T	0.25235	0.35835	0.3893
185 A	0.25143	0.34638	0.40219
186 T	0.25197	0.32834	0.4197
187 A	0.25291	0.32009	0.427
188 T	0.25732	0.30258	0.4401
189 C	0.25864	0.24880	0.49257
190 G	0.25918	0.22538	0.51544
191 C	0.26065	0.20065	0.5387
192 T	0.26251	0.19516	0.54233
193 G	0.26237	0.19876	0.53887
194 A	0.26305	0.21314	0.5238
195 A	0.27003	0.20718	0.52279
196 T	0.28429	0.18722	0.52848
197 T	0.29131	0.14847	0.56022
198 T	0.29172	0.14521	0.56307
199 G	0.28587	0.15193	0.5622
200 A	0.28211	0.16747	0.55042
201 T	0.27958	0.17662	0.5438
202 A	0.27116	0.19987	0.52897
203 A	0.26584	0.22954	0.50461
204 A	0.26162	0.25700	0.48138
205 T	0.26118	0.26094	0.47788
206 T	0.25991	0.26924	0.47085
207 T	0.25533	0.28410	0.46057
208 A	0.24970	0.30644	0.44385
209 C	0.24774	0.31646	0.43581
210 T	0.24574	0.34306	0.4112
211 G	0.24262	0.39427	0.3631
212 A	0.24160	0.42116	0.33724
213 A	0.24036	0.43314	0.32649
214 A	0.24100	0.43794	0.32106
215 A	0.24333	0.43690	0.31977
216 A	0.25086	0.42901	0.32013
217 A	0.26953	0.40962	0.32086
218 T	0.29178	0.38647	0.32174
219 A	0.29708	0.38056	0.32237
220 A	0.30623	0.36978	0.32399
221 T	0.32480	0.34539	0.32981
222 T	0.33451	0.32948	0.33601
223 A	0.34081	0.31933	0.33987
224 A	0.34843	0.30885	0.34272
225 A	0.36243	0.28757	0.34999
226 A	0.38497	0.25773	0.3573
227 C	0.40887	0.22628	0.36485
228 G	0.41765	0.21533	0.36702
229 A	0.42848	0.20316	0.36837
230 C	0.44717	0.18046	0.37237
231 T	0.47344	0.15208	0.37449
232 C	0.48357	0.14117	0.37526
233 G	0.50259	0.12304	0.37437
234 T	0.54192	0.08870	0.36938
235 T	0.55000	0.09386	0.35615
236 T	0.54549	0.10706	0.34745
237 T	0.52744	0.13147	0.34109
238 A	0.50132	0.15670	0.34197
239 A	0.49170	0.16408	0.34422
240 T	0.48105	0.17368	0.34527
241 T	0.46796	0.18635	0.34569
242 C	0.45641	0.19713	0.34646
243 T	0.44735	0.20610	0.34654
244 G	0.42685	0.22688	0.34627
245 A	0.41160	0.24218	0.34622
246 C	0.40315	0.25028	0.34658
247 G	0.38842	0.26633	0.34525
248 A	0.37975	0.27898	0.34127
249 A	0.37325	0.28653	0.34022
250 A	0.36798	0.29313	0.33888
251 A	0.36501	0.29621	0.33878
252 A	0.36428	0.29352	0.3422
253 A	0.36355	0.29120	0.34525
254 T	0.36525	0.28542	0.34933
255 A	0.36615	0.27857	0.35529
256 A	0.36989	0.26565	0.36447
257 G	0.37837	0.24501	0.37662
258 T	0.39366	0.21163	0.39471
259 T	0.40178	0.19172	0.4065
260 T	0.40608	0.16918	0.42474
261 T	0.40640	0.15018	0.44342
262 A	0.40655	0.14000	0.45345
263 T	0.40678	0.12157	0.47164
264 C	0.40671	0.10677	0.48652
265 T	0.40657	0.10119	0.49224
266 A	0.40587	0.10159	0.49254
267 T	0.40510	0.09490	0.5
268 G	0.39890	0.10637	0.49473
269 A	0.39343	0.13021	0.47636
270 A	0.38846	0.14811	0.46344
271 T	0.38915	0.16314	0.44771
272 A	0.38848	0.19291	0.41862
273 T	0.38933	0.19359	0.41708
274 G	0.38830	0.19242	0.41928
275 A	0.38790	0.19294	0.41916
276 T	0.38820	0.19199	0.41981
277 C	0.38331	0.19627	0.42042
278 C	0.37915	0.20157	0.41928
279 A	0.37484	0.21543	0.40973
280 T	0.37188	0.22015	0.40797
281 C	0.36986	0.22427	0.40587
282 T	0.36760	0.23428	0.39812
283 A	0.36421	0.24963	0.38615
284 C	0.36317	0.25776	0.37907
285 T	0.36204	0.26898	0.36898
286 G	0.35656	0.28672	0.35672
287 A	0.35321	0.29756	0.34924
288 A	0.34913	0.30483	0.34605
289 A	0.34982	0.30601	0.34417
290 A	0.35567	0.29854	0.3458
291 A	0.37081	0.27758	0.3516
292 A	0.39301	0.24939	0.3576
293 A	0.41870	0.21706	0.36425
294 C	0.44289	0.18858	0.36853
295 A	0.47180	0.15932	0.36888
296 T	0.47962	0.15160	0.36878
297 T	0.48106	0.15033	0.36861
298 A	0.48089	0.15163	0.36748
299 A	0.48107	0.15129	0.36765
300 A	0.48077	0.14651	0.37272
301 G	0.48065	0.14085	0.37849
302 A	0.48981	0.12643	0.38376
303 C	0.49388	0.11690	0.38923
304 A	0.49716	0.11246	0.39037
305 C	0.50840	0.09909	0.39251
306 T	0.52658	0.08264	0.39079
307 T	0.53640	0.07632	0.38727
308 G	0.54138	0.07188	0.38675
309 T	0.54867	0.06012	0.3912
310 T	0.55043	0.05517	0.3944
311 T	0.54734	0.05164	0.40102
312 C	0.53101	0.06538	0.40362
313 C	0.50429	0.09251	0.40319
314 G	0.47916	0.11884	0.40199
315 A	0.46342	0.13565	0.40093
316 T	0.45181	0.14806	0.40012
317 C	0.43081	0.16975	0.39944
318 C	0.40253	0.20035	0.39712
319 G	0.38079	0.22622	0.39299
320 A	0.37394	0.23975	0.3863
321 A	0.36847	0.24927	0.38226
322 G	0.36641	0.25394	0.37965
323 G	0.36588	0.25771	0.37641
324 A	0.36523	0.26360	0.37117
325 A	0.36397	0.26557	0.37045
326 A	0.36218	0.26784	0.36998
327 A	0.35833	0.27033	0.37133
328 A	0.35702	0.27156	0.37142
329 C	0.35815	0.26924	0.37261
330 A	0.36007	0.26914	0.37079
331 A	0.35881	0.27150	0.36969
332 T	0.35844	0.27113	0.37044
333 A	0.35769	0.27208	0.37024
334 G	0.35760	0.26994	0.37246
335 A	0.35881	0.25431	0.38688
336 A	0.36011	0.22502	0.41487
337 T	0.36198	0.19685	0.44117
338 A	0.36352	0.17944	0.45704
339 T	0.36557	0.16365	0.47078
340 A	0.36713	0.14377	0.4891
341 T	0.37036	0.11133	0.51831
342 C	0.37286	0.09060	0.53654
343 A	0.37750	0.08318	0.53932
344 C	0.38151	0.07682	0.54166
345 T	0.38349	0.08503	0.53148
346 G	0.38392	0.09458	0.52151
347 A	0.38934	0.09857	0.5121
348 A	0.39147	0.10391	0.50462
349 T	0.39404	0.11263	0.49333
350 A	0.39451	0.13223	0.47326
351 T	0.39664	0.13484	0.46852
352 G	0.39464	0.13487	0.4705
353 A	0.39560	0.13288	0.47152
354 T	0.39784	0.12812	0.47403
355 C	0.39643	0.12773	0.47584
356 C	0.39671	0.12782	0.47547
357 A	0.39558	0.13141	0.473
358 T	0.39674	0.13081	0.47244
359 C	0.39435	0.13508	0.47058
360 T	0.39123	0.14637	0.4624
361 A	0.38754	0.15790	0.45456
362 C	0.38578	0.16378	0.45044
363 T	0.38328	0.18056	0.43616
364 G	0.37989	0.20015	0.41995
365 G	0.37897	0.20326	0.41777
366 A	0.37904	0.20510	0.41585
367 A	0.38069	0.20548	0.41383
368 T	0.39201	0.19349	0.41449
369 C	0.39733	0.18649	0.41617
370 G	0.40161	0.18788	0.41051
371 A	0.40738	0.18578	0.40684
372 A	0.41744	0.17773	0.40483
373 A	0.43638	0.16078	0.40284
374 T	0.44601	0.15131	0.40268
375 T	0.44771	0.14696	0.40533
376 A	0.44800	0.14668	0.40532
377 A	0.44903	0.14609	0.40488
378 G	0.44905	0.14615	0.40479
379 A	0.44968	0.14546	0.40486
380 A	0.45240	0.14075	0.40684
381 A	0.45501	0.13637	0.40863
382 A	0.46124	0.12642	0.41234
383 C	0.47442	0.10763	0.41795
384 T	0.48589	0.09484	0.41926
385 A	0.49146	0.08978	0.41876
386 A	0.50419	0.07867	0.41714
387 T	0.51542	0.07007	0.4145
388 T	0.51520	0.07225	0.41255
389 A	0.50946	0.08175	0.4088
390 T	0.50583	0.08484	0.40934
391 A	0.49107	0.09903	0.4099
392 A	0.47640	0.11187	0.41174
393 T	0.46316	0.12349	0.41335
394 C	0.41467	0.17365	0.41169
395 C	0.38368	0.20555	0.41078
396 T	0.35763	0.23436	0.40801
397 G	0.27263	0.32323	0.40414
398 A	0.26201	0.33407	0.40392
399 C	0.25871	0.33734	0.40395
400 G	0.25709	0.33880	0.40411
401 G	0.25907	0.33621	0.40472
402 C	0.26037	0.33450	0.40514
403 T	0.26174	0.33305	0.40521
404 C	0.26230	0.33245	0.40525
405 A	0.26295	0.33175	0.40529
406 A	0.26372	0.33095	0.40534
407 T	0.26566	0.32892	0.40542
408 A	0.26721	0.32684	0.40595
409 A	0.27077	0.32285	0.40638
410 T	0.27604	0.31512	0.40884
411 A	0.27847	0.30952	0.41202
412 A	0.28324	0.29697	0.4198
413 A	0.28528	0.28689	0.42784
414 A	0.28659	0.26712	0.44629
415 A	0.28844	0.24609	0.46548
416 A	0.29139	0.21715	0.49147
417 T	0.29633	0.15087	0.55281
418 T	0.29809	0.11093	0.59098
419 A	0.30009	0.07986	0.62006
420 A	0.30297	0.00000	0.69702
