# lcl|CP097583.1_cds_USQ93370.1_1
# AA	inside	membr	outside
1 A	0.57434	0.00000	0.42566
2 T	0.57104	0.00331	0.42566
3 G	0.56922	0.00512	0.42566
4 G	0.56922	0.02367	0.40711
5 A	0.54657	0.07957	0.37386
6 A	0.54657	0.08411	0.36932
7 A	0.47816	0.15403	0.36782
8 A	0.47816	0.15409	0.36775
9 T	0.47547	0.15891	0.36562
10 T	0.47545	0.41121	0.11334
11 A	0.47222	0.43639	0.09139
12 T	0.44846	0.46420	0.08735
13 A	0.37989	0.55136	0.06875
14 T	0.37985	0.55140	0.06875
15 T	0.37985	0.56078	0.05937
16 A	0.33299	0.60764	0.05937
17 A	0.27688	0.66392	0.0592
18 C	0.27522	0.66575	0.05903
19 C	0.24106	0.70009	0.05885
20 A	0.11066	0.83764	0.0517
21 A	0.03281	0.91551	0.05168
22 A	0.03142	0.91727	0.05132
23 A	0.03190	0.91704	0.05106
24 A	0.03741	0.91167	0.05092
25 T	0.04975	0.89317	0.05708
26 T	0.05214	0.88889	0.05896
27 A	0.05993	0.87894	0.06113
28 A	0.07440	0.84793	0.07767
29 A	0.07687	0.84304	0.08009
30 A	0.08000	0.78303	0.13697
31 C	0.08398	0.77223	0.14379
32 A	0.09836	0.75650	0.14513
33 A	0.33734	0.51515	0.14751
34 T	0.36328	0.48948	0.14724
35 T	0.36886	0.46817	0.16297
36 A	0.37648	0.43035	0.19317
37 A	0.37679	0.42306	0.20014
38 A	0.38569	0.39513	0.21919
39 A	0.38564	0.32999	0.28437
40 T	0.39021	0.24902	0.36077
41 T	0.38985	0.22498	0.38517
42 T	0.38715	0.20946	0.40339
43 G	0.38030	0.16771	0.45199
44 A	0.25295	0.35069	0.39636
45 A	0.15281	0.50676	0.34043
46 A	0.13677	0.58065	0.28259
47 A	0.12570	0.70246	0.17184
48 A	0.11890	0.78237	0.09873
49 G	0.11644	0.79339	0.09017
50 T	0.11486	0.80276	0.08238
51 A	0.11145	0.80707	0.08147
52 A	0.10811	0.80992	0.08196
53 C	0.10644	0.81079	0.08278
54 A	0.10709	0.81018	0.08273
55 C	0.11033	0.80671	0.08296
56 C	0.11840	0.79937	0.08223
57 T	0.12634	0.79279	0.08087
58 A	0.12709	0.79471	0.0782
59 T	0.12907	0.79289	0.07804
60 T	0.12962	0.79240	0.07798
61 C	0.12817	0.79395	0.07788
62 A	0.12773	0.79403	0.07824
63 A	0.12843	0.79237	0.07921
64 A	0.13519	0.78286	0.08195
65 A	0.15491	0.75788	0.08721
66 A	0.19741	0.70734	0.09525
67 G	0.28667	0.48903	0.2243
68 A	0.34292	0.34863	0.30845
69 A	0.39968	0.27893	0.32139
70 G	0.51543	0.17343	0.31114
71 T	0.58266	0.12643	0.29091
72 A	0.59189	0.13195	0.27616
73 T	0.59986	0.12544	0.2747
74 T	0.60031	0.12386	0.27584
75 T	0.57672	0.14630	0.27698
76 G	0.47872	0.26206	0.25922
77 A	0.45263	0.30111	0.24627
78 A	0.43951	0.31602	0.24447
79 A	0.43239	0.32425	0.24336
80 A	0.43241	0.32429	0.2433
81 T	0.43531	0.32213	0.24257
82 T	0.43521	0.32163	0.24316
83 T	0.43388	0.32224	0.24388
84 T	0.43332	0.32208	0.2446
85 T	0.43214	0.32286	0.24499
86 C	0.42624	0.33007	0.24369
87 A	0.42156	0.33629	0.24215
88 A	0.41994	0.33787	0.24219
89 A	0.42030	0.33723	0.24247
90 A	0.42367	0.33361	0.24272
91 C	0.43601	0.32071	0.24327
92 C	0.45360	0.30249	0.24392
93 T	0.48147	0.27436	0.24416
94 T	0.50187	0.25347	0.24466
95 T	0.51223	0.24285	0.24492
96 T	0.51634	0.23835	0.2453
97 A	0.51813	0.23500	0.24686
98 A	0.52014	0.20363	0.27622
99 T	0.53550	0.08558	0.37892
100 T	0.54508	0.05367	0.40125
101 T	0.54635	0.04263	0.41101
102 G	0.54345	0.04548	0.41106
103 G	0.54256	0.05509	0.40235
104 T	0.54297	0.06666	0.39037
105 A	0.53930	0.08671	0.37399
106 G	0.53771	0.10051	0.36178
107 G	0.53761	0.13663	0.32577
108 A	0.53663	0.24504	0.21833
109 A	0.53708	0.25417	0.20875
110 G	0.53698	0.26039	0.20263
111 T	0.53526	0.26382	0.20092
112 G	0.53388	0.26632	0.1998
113 C	0.53328	0.26711	0.19962
114 T	0.53285	0.26854	0.1986
115 C	0.53225	0.26939	0.19836
116 C	0.53183	0.27018	0.19799
117 C	0.53087	0.27265	0.19649
118 A	0.53016	0.28071	0.18913
119 C	0.52878	0.28485	0.18637
120 A	0.52801	0.28953	0.18247
121 G	0.52749	0.29060	0.18192
122 G	0.52756	0.29079	0.18165
123 G	0.52739	0.29085	0.18176
124 A	0.52845	0.28977	0.18178
125 C	0.53348	0.27979	0.18674
126 A	0.54291	0.26953	0.18756
127 G	0.55627	0.25539	0.18835
128 G	0.57469	0.23628	0.18903
129 A	0.59046	0.22169	0.18785
130 A	0.62429	0.18763	0.18808
131 A	0.71357	0.09676	0.18967
132 A	0.72837	0.08004	0.19159
133 A	0.74021	0.06581	0.19398
134 C	0.74738	0.05538	0.19724
135 T	0.75198	0.04938	0.19864
136 C	0.75373	0.04691	0.19936
137 A	0.75602	0.04441	0.19956
138 T	0.76027	0.03976	0.19997
139 G	0.76177	0.03809	0.20014
140 C	0.76625	0.03241	0.20134
141 T	0.77406	0.02451	0.20143
142 T	0.77652	0.02151	0.20197
143 A	0.77732	0.02156	0.20112
144 T	0.77777	0.02195	0.20028
145 T	0.77667	0.02423	0.19911
146 T	0.76704	0.03354	0.19941
147 A	0.75126	0.04878	0.19997
148 T	0.73977	0.05948	0.20074
149 T	0.71909	0.07950	0.20141
150 G	0.66777	0.13040	0.20183
151 C	0.64383	0.15411	0.20207
152 C	0.63894	0.15915	0.20191
153 G	0.63601	0.16225	0.20174
154 A	0.63516	0.16357	0.20126
155 T	0.63480	0.16418	0.20102
156 T	0.63362	0.16587	0.20051
157 C	0.63020	0.17012	0.19968
158 T	0.62638	0.17448	0.19914
159 A	0.61798	0.18289	0.19913
160 A	0.60933	0.19128	0.19939
161 G	0.60336	0.19705	0.19959
162 C	0.59725	0.20292	0.19983
163 C	0.59326	0.20686	0.19988
164 A	0.59015	0.21037	0.19948
165 A	0.58739	0.21312	0.19949
166 A	0.58737	0.21238	0.20025
167 T	0.58872	0.21056	0.20072
168 T	0.58946	0.20704	0.20349
169 G	0.58904	0.18923	0.22173
170 A	0.58825	0.16525	0.2465
171 T	0.58769	0.14244	0.26986
172 T	0.58613	0.12566	0.2882
173 G	0.57428	0.11477	0.31096
174 G	0.56632	0.13899	0.29468
175 G	0.56166	0.16592	0.27242
176 A	0.55905	0.19236	0.24859
177 T	0.55751	0.21508	0.22741
178 A	0.55450	0.23395	0.21155
179 A	0.55391	0.23976	0.20633
180 A	0.55372	0.24068	0.2056
181 A	0.55393	0.23817	0.20789
182 A	0.55412	0.23062	0.21526
183 T	0.55468	0.22147	0.22384
184 A	0.55481	0.21659	0.2286
185 T	0.55501	0.21015	0.23484
186 T	0.55517	0.20605	0.23878
187 A	0.55522	0.20309	0.24169
188 T	0.55538	0.19943	0.24519
189 T	0.55534	0.19821	0.24646
190 C	0.55503	0.19832	0.24666
191 A	0.55467	0.19973	0.24561
192 A	0.55380	0.20123	0.24496
193 G	0.55368	0.20130	0.24501
194 G	0.55559	0.20010	0.24432
195 A	0.56296	0.19493	0.24211
196 G	0.58338	0.16674	0.24987
197 T	0.62571	0.12335	0.25094
198 T	0.65440	0.09308	0.25252
199 A	0.67032	0.07988	0.2498
200 T	0.68521	0.06803	0.24677
201 T	0.68828	0.06955	0.24218
202 A	0.68447	0.07729	0.23824
203 T	0.68378	0.07904	0.23717
204 T	0.68016	0.08265	0.2372
205 G	0.67366	0.08907	0.23727
206 T	0.66921	0.09347	0.23732
207 T	0.66105	0.10153	0.23742
208 C	0.64541	0.11704	0.23755
209 C	0.63306	0.12938	0.23756
210 G	0.62505	0.13794	0.23701
211 A	0.62171	0.14162	0.23668
212 C	0.61936	0.14416	0.23648
213 T	0.61854	0.14535	0.23611
214 A	0.61755	0.14653	0.23592
215 A	0.61720	0.14609	0.23672
216 T	0.61752	0.14502	0.23746
217 G	0.61069	0.15170	0.23762
218 A	0.60860	0.15298	0.23842
219 A	0.61178	0.14917	0.23905
220 T	0.61885	0.14158	0.23957
221 T	0.61834	0.14155	0.24011
222 A	0.61658	0.14323	0.24019
223 A	0.61873	0.14009	0.24118
224 T	0.62441	0.12811	0.24748
225 T	0.62701	0.11705	0.25594
226 T	0.62562	0.11204	0.26234
227 T	0.62261	0.10775	0.26963
228 T	0.61385	0.10962	0.27653
229 C	0.56998	0.14932	0.28071
230 A	0.52727	0.18845	0.28428
231 A	0.48855	0.21913	0.29231
232 G	0.47549	0.22340	0.30111
233 T	0.47352	0.21919	0.30729
234 C	0.46838	0.22246	0.30916
235 T	0.46542	0.22509	0.30949
236 T	0.46230	0.23228	0.30542
237 T	0.45944	0.24285	0.29772
238 A	0.45619	0.26259	0.28121
239 A	0.45423	0.27664	0.26913
240 A	0.45248	0.28492	0.2626
241 A	0.45197	0.29463	0.25339
242 T	0.45026	0.29418	0.25556
243 G	0.44096	0.30659	0.25245
244 A	0.43863	0.32720	0.23417
245 T	0.43751	0.33970	0.2228
246 C	0.43366	0.35154	0.2148
247 A	0.43134	0.37719	0.19146
248 A	0.42989	0.38714	0.18296
249 A	0.42890	0.39184	0.17926
250 G	0.42872	0.39302	0.17827
251 A	0.42939	0.38715	0.18346
252 A	0.43099	0.34755	0.22146
253 A	0.43237	0.31060	0.25703
254 T	0.43173	0.27418	0.29409
255 C	0.42462	0.26878	0.30661
256 G	0.41600	0.29695	0.28705
257 A	0.40435	0.33750	0.25815
258 A	0.39316	0.40864	0.1982
259 C	0.38964	0.42541	0.18494
260 A	0.38758	0.44635	0.16607
261 A	0.39406	0.46738	0.13856
262 A	0.40101	0.46199	0.137
263 G	0.41279	0.44973	0.13749
264 A	0.42578	0.43674	0.13748
265 A	0.43033	0.42869	0.14098
266 C	0.43987	0.40831	0.15182
267 T	0.47606	0.36947	0.15448
268 T	0.49809	0.34584	0.15607
269 C	0.50743	0.33466	0.15791
270 T	0.51872	0.32372	0.15756
271 C	0.51678	0.32622	0.157
272 A	0.51390	0.32998	0.15612
273 A	0.51069	0.33352	0.15579
274 G	0.50938	0.33497	0.15565
275 T	0.51616	0.32814	0.15569
276 A	0.52059	0.32365	0.15576
277 A	0.53191	0.30841	0.15967
278 A	0.54009	0.29125	0.16866
279 A	0.56154	0.25924	0.17922
280 A	0.58765	0.21846	0.19389
281 T	0.67183	0.11763	0.21055
282 T	0.69112	0.08978	0.2191
283 T	0.70614	0.06673	0.22713
284 T	0.71222	0.05267	0.23511
285 T	0.70782	0.05405	0.23813
286 T	0.69241	0.06920	0.23838
287 A	0.48313	0.28025	0.23662
288 C	0.32426	0.43997	0.23577
289 G	0.19478	0.57551	0.22971
290 G	0.14322	0.63235	0.22442
291 A	0.11360	0.66546	0.22094
292 G	0.10087	0.67940	0.21973
293 G	0.09549	0.68596	0.21854
294 T	0.09363	0.68534	0.22103
295 A	0.08778	0.69412	0.2181
296 T	0.08570	0.69568	0.21861
297 G	0.07913	0.71142	0.20945
298 G	0.07551	0.73043	0.19406
299 A	0.07228	0.74320	0.18453
300 T	0.06990	0.74442	0.18568
301 A	0.06591	0.74816	0.18593
302 A	0.06403	0.74984	0.18614
303 A	0.06330	0.75034	0.18636
304 C	0.06277	0.74988	0.18735
305 A	0.06265	0.75100	0.18634
306 A	0.06349	0.75000	0.1865
307 A	0.06403	0.74723	0.18874
308 A	0.06514	0.74284	0.19203
309 A	0.06698	0.72979	0.20322
310 A	0.07074	0.50870	0.42056
311 T	0.07464	0.32817	0.59719
312 T	0.08237	0.19739	0.72023
313 T	0.08743	0.19393	0.71864
314 T	0.08886	0.31683	0.59431
315 A	0.08876	0.46691	0.44433
316 A	0.08915	0.54313	0.36772
317 A	0.09063	0.56304	0.34634
318 A	0.09836	0.56293	0.33871
319 A	0.10518	0.59544	0.29937
320 G	0.11785	0.59008	0.29207
321 T	0.13472	0.57861	0.28667
322 T	0.14268	0.57575	0.28158
323 T	0.14199	0.58424	0.27377
324 A	0.12606	0.64179	0.23215
325 G	0.11816	0.66874	0.21311
326 A	0.11494	0.69906	0.186
327 A	0.11106	0.72651	0.16242
328 A	0.11039	0.73488	0.15474
329 A	0.11100	0.74572	0.14328
330 A	0.11177	0.74733	0.1409
331 A	0.11240	0.74872	0.13887
332 A	0.11401	0.74776	0.13823
333 A	0.12051	0.74121	0.13829
334 C	0.13389	0.72740	0.13871
335 A	0.15174	0.70943	0.13883
336 A	0.20603	0.65484	0.13913
337 C	0.34626	0.51393	0.13981
338 C	0.48485	0.37490	0.14025
339 T	0.56321	0.29640	0.14039
340 C	0.58518	0.27419	0.14063
341 C	0.60098	0.25839	0.14063
342 T	0.63581	0.22376	0.14043
343 T	0.63525	0.22470	0.14005
344 T	0.62417	0.23570	0.14013
345 G	0.60106	0.25872	0.14022
346 A	0.59935	0.25896	0.14169
347 T	0.62093	0.21945	0.15962
348 C	0.56167	0.27047	0.16786
349 A	0.53067	0.29900	0.17033
350 T	0.54085	0.28633	0.17282
351 A	0.53235	0.29460	0.17305
352 A	0.53422	0.29151	0.17426
353 C	0.53000	0.29477	0.17522
354 T	0.52810	0.29501	0.17689
355 A	0.52221	0.29999	0.1778
356 C	0.51856	0.30354	0.1779
357 T	0.50992	0.31521	0.17487
358 T	0.49982	0.32780	0.17238
359 T	0.48826	0.34220	0.16954
360 A	0.47529	0.35898	0.16573
361 A	0.47162	0.37437	0.15401
362 A	0.46929	0.37864	0.15208
363 T	0.46789	0.37837	0.15373
364 A	0.46601	0.37778	0.1562
365 A	0.46544	0.36777	0.16679
366 A	0.46478	0.34866	0.18657
367 T	0.46466	0.32988	0.20547
368 T	0.46450	0.30614	0.22936
369 A	0.46391	0.29369	0.2424
370 A	0.46370	0.27307	0.26323
371 T	0.46392	0.19718	0.3389
372 T	0.46338	0.15632	0.38031
373 G	0.46167	0.16158	0.37675
374 A	0.46150	0.20338	0.33513
375 A	0.46137	0.26015	0.27847
376 T	0.46145	0.25770	0.28086
377 A	0.46158	0.25371	0.2847
378 T	0.46279	0.24521	0.292
379 A	0.46395	0.23842	0.29763
380 C	0.46670	0.22206	0.31124
381 T	0.46892	0.21634	0.31473
382 A	0.47056	0.20887	0.32057
383 C	0.47380	0.19892	0.32729
384 T	0.48398	0.19010	0.32593
385 G	0.48567	0.19221	0.32212
386 T	0.48713	0.19261	0.32026
387 T	0.48799	0.19412	0.31789
388 T	0.48669	0.20275	0.31056
389 T	0.48254	0.22753	0.28993
390 T	0.47321	0.26517	0.26162
391 A	0.46515	0.31803	0.21682
392 A	0.46105	0.34096	0.19798
393 A	0.46013	0.34279	0.19708
394 A	0.46230	0.34156	0.19614
395 A	0.46956	0.33400	0.19643
396 A	0.48493	0.31697	0.1981
397 C	0.53425	0.26643	0.19932
398 T	0.59409	0.20641	0.1995
399 T	0.60068	0.19977	0.19955
400 A	0.60402	0.19638	0.1996
401 A	0.60649	0.19381	0.1997
402 T	0.60830	0.19168	0.20002
403 A	0.60987	0.18901	0.20113
404 T	0.61583	0.18150	0.20267
405 T	0.62122	0.17498	0.2038
406 T	0.62378	0.17179	0.20443
407 T	0.62548	0.16954	0.20499
408 T	0.62763	0.16676	0.20561
409 A	0.62726	0.16644	0.2063
410 A	0.63128	0.16116	0.20757
411 A	0.64179	0.14680	0.21141
412 T	0.66952	0.11163	0.21886
413 C	0.69705	0.07392	0.22903
414 T	0.73978	0.02661	0.23362
415 T	0.75247	0.01222	0.23531
416 C	0.75338	0.01136	0.23526
417 T	0.75434	0.01408	0.23158
418 T	0.75456	0.01821	0.22724
419 T	0.75452	0.02078	0.2247
420 T	0.75169	0.02836	0.21995
421 T	0.75020	0.03766	0.21214
422 T	0.74863	0.04764	0.20374
423 A	0.74478	0.05593	0.19929
424 G	0.74314	0.05988	0.19698
425 T	0.74208	0.06387	0.19405
426 T	0.73713	0.07087	0.192
427 A	0.73059	0.07978	0.18963
428 T	0.72814	0.08222	0.18964
429 A	0.72422	0.08606	0.18972
430 G	0.72126	0.08858	0.19015
431 A	0.71888	0.09049	0.19064
432 C	0.71784	0.08988	0.19228
433 G	0.71683	0.09093	0.19224
434 A	0.71565	0.09241	0.19194
435 A	0.71486	0.09343	0.19171
436 G	0.71435	0.09416	0.19149
437 C	0.71370	0.09498	0.19131
438 G	0.71350	0.09552	0.19098
439 G	0.71553	0.09338	0.19109
440 A	0.72104	0.08795	0.19102
441 T	0.72762	0.08108	0.19131
442 A	0.73048	0.07785	0.19167
443 C	0.73649	0.06682	0.19669
444 T	0.74431	0.05779	0.19789
445 T	0.75204	0.04955	0.19841
446 T	0.75313	0.04774	0.19914
447 A	0.75268	0.04828	0.19904
448 T	0.75303	0.04783	0.19915
449 T	0.74903	0.04710	0.20387
450 T	0.71316	0.07680	0.21004
451 G	0.60928	0.17813	0.21259
452 A	0.57496	0.21084	0.2142
453 A	0.55352	0.23143	0.21504
454 C	0.52901	0.25519	0.2158
455 A	0.51540	0.27041	0.21419
456 A	0.50891	0.27864	0.21245
457 A	0.50707	0.27980	0.21313
458 A	0.50680	0.27954	0.21366
459 T	0.50707	0.27874	0.21419
460 T	0.50718	0.27735	0.21547
461 C	0.50724	0.27628	0.21648
462 A	0.50709	0.27623	0.21669
463 T	0.50738	0.27563	0.21699
464 T	0.50748	0.27518	0.21734
465 A	0.50750	0.27503	0.21747
466 G	0.50796	0.27433	0.21771
467 C	0.50929	0.27109	0.21962
468 T	0.51083	0.26799	0.22118
469 T	0.51211	0.26194	0.22594
470 T	0.51294	0.25949	0.22757
471 A	0.51321	0.25712	0.22967
472 T	0.51402	0.25163	0.23434
473 T	0.51406	0.20631	0.27963
474 A	0.51367	0.10158	0.38476
475 G	0.51450	0.07112	0.41438
476 A	0.51595	0.05840	0.42565
477 T	0.51769	0.04149	0.44082
478 G	0.51934	0.03642	0.44424
479 T	0.52155	0.03366	0.44479
480 T	0.52181	0.04056	0.43762
481 T	0.52173	0.05591	0.42236
482 T	0.52055	0.10990	0.36955
483 A	0.50730	0.25566	0.23703
484 T	0.50198	0.27532	0.2227
485 T	0.49157	0.29646	0.21197
486 A	0.46398	0.33472	0.2013
487 G	0.44694	0.35850	0.19456
488 C	0.43215	0.38120	0.18666
489 A	0.42520	0.40177	0.17304
490 A	0.42113	0.40971	0.16916
491 A	0.41791	0.41680	0.16529
492 A	0.41688	0.41932	0.1638
493 T	0.41644	0.42027	0.16329
494 G	0.41575	0.42119	0.16306
495 G	0.41561	0.42124	0.16315
496 A	0.41590	0.42078	0.16332
497 A	0.41676	0.41946	0.16377
498 A	0.41817	0.41771	0.16413
499 C	0.42347	0.41201	0.16452
500 C	0.43132	0.40410	0.16459
501 T	0.44263	0.39280	0.16457
502 A	0.44909	0.38640	0.16451
503 A	0.45993	0.37560	0.16447
504 A	0.47521	0.36024	0.16455
505 A	0.52735	0.30641	0.16624
506 T	0.65729	0.15554	0.18717
507 T	0.67974	0.12254	0.19773
508 T	0.69423	0.09482	0.21095
509 T	0.70345	0.06419	0.23237
510 A	0.70710	0.04953	0.24338
511 T	0.71160	0.03357	0.25483
512 T	0.71796	0.02590	0.25614
513 A	0.71974	0.02750	0.25276
514 T	0.72310	0.02283	0.25407
515 T	0.72389	0.02380	0.25231
516 T	0.72117	0.02871	0.25011
517 T	0.70696	0.04309	0.24995
518 C	0.69091	0.06035	0.24874
519 T	0.68468	0.07068	0.24464
520 G	0.66913	0.09072	0.24015
521 C	0.65849	0.10338	0.23813
522 T	0.65433	0.11321	0.23246
523 T	0.65106	0.12729	0.22165
524 C	0.64532	0.13738	0.2173
525 A	0.64025	0.15401	0.20574
526 A	0.63858	0.15651	0.20491
527 T	0.63837	0.15699	0.20465
528 T	0.63637	0.15938	0.20426
529 A	0.63417	0.16185	0.20398
530 C	0.63327	0.16271	0.20402
531 T	0.63268	0.16348	0.20384
532 A	0.63130	0.16530	0.2034
533 A	0.63166	0.16510	0.20325
534 C	0.63283	0.16391	0.20325
535 A	0.63494	0.16372	0.20134
536 A	0.63823	0.16168	0.2001
537 T	0.63929	0.16044	0.20027
538 A	0.63772	0.16191	0.20038
539 T	0.63868	0.15761	0.20372
540 G	0.63696	0.14387	0.21918
541 A	0.63736	0.12964	0.233
542 A	0.64149	0.11774	0.24076
543 T	0.65092	0.08909	0.25999
544 C	0.65433	0.07029	0.27538
545 C	0.66236	0.05833	0.27932
546 T	0.67153	0.05458	0.27389
547 T	0.67164	0.07164	0.25672
548 T	0.66951	0.10058	0.22992
549 T	0.65440	0.12219	0.22341
550 A	0.64344	0.14236	0.2142
551 T	0.63233	0.15581	0.21186
552 A	0.60784	0.18464	0.20752
553 C	0.59667	0.19706	0.20626
554 A	0.58220	0.22484	0.19296
555 A	0.56118	0.25263	0.18619
556 A	0.55061	0.26536	0.18403
557 A	0.54797	0.26906	0.18297
558 A	0.54864	0.26833	0.18303
559 T	0.55049	0.26365	0.18586
560 A	0.55066	0.26156	0.18779
561 T	0.55154	0.25620	0.19225
562 T	0.55136	0.25429	0.19435
563 T	0.55028	0.25355	0.19617
564 C	0.54802	0.25571	0.19627
565 G	0.54645	0.25858	0.19497
566 G	0.54575	0.26019	0.19406
567 A	0.54587	0.26110	0.19303
568 A	0.54721	0.25973	0.19305
569 A	0.55429	0.25230	0.19342
570 A	0.57453	0.22443	0.20104
571 T	0.60352	0.18332	0.21316
572 C	0.61145	0.14900	0.23955
573 A	0.62091	0.13065	0.24844
574 T	0.62942	0.11246	0.25811
575 T	0.63553	0.09236	0.27211
576 A	0.63792	0.08435	0.27773
577 T	0.64808	0.06434	0.28759
578 T	0.65327	0.03847	0.30826
579 T	0.65457	0.03236	0.31307
580 T	0.65438	0.04401	0.30161
581 T	0.64507	0.08942	0.2655
582 A	0.63007	0.12510	0.24483
583 G	0.62400	0.14049	0.23551
584 A	0.62126	0.16403	0.21471
585 T	0.62018	0.16695	0.21287
586 G	0.61608	0.17716	0.20677
587 T	0.61606	0.18301	0.20093
588 T	0.61514	0.18963	0.19523
589 C	0.61211	0.19337	0.19452
590 A	0.61032	0.19831	0.19138
591 T	0.60914	0.20007	0.19078
592 T	0.60827	0.20262	0.18911
593 C	0.60555	0.20873	0.18572
594 T	0.60342	0.21220	0.18438
595 C	0.59852	0.21907	0.18242
596 A	0.59539	0.22597	0.17864
597 A	0.58570	0.23786	0.17644
598 C	0.57941	0.24567	0.17493
599 A	0.57652	0.25112	0.17236
600 A	0.57721	0.25228	0.17051
601 A	0.58139	0.24888	0.16974
602 A	0.59053	0.23964	0.16984
603 A	0.60793	0.22129	0.17078
604 T	0.64945	0.16825	0.1823
605 T	0.66658	0.13748	0.19593
606 A	0.67281	0.12649	0.20069
607 A	0.68716	0.11160	0.20123
608 A	0.69142	0.11089	0.19768
609 T	0.69959	0.10536	0.19505
610 T	0.70702	0.09798	0.19499
611 T	0.71119	0.09317	0.19564
612 A	0.71081	0.09239	0.19681
613 A	0.71241	0.09058	0.19702
614 C	0.71318	0.08841	0.19841
615 A	0.71525	0.08667	0.19808
616 T	0.72025	0.07984	0.19991
617 A	0.72280	0.07644	0.20076
618 T	0.72638	0.06903	0.20459
619 T	0.72971	0.06428	0.20601
620 A	0.73112	0.05327	0.21562
621 T	0.73196	0.04555	0.2225
622 C	0.73217	0.04283	0.225
623 T	0.73014	0.04948	0.22038
624 T	0.72821	0.05248	0.21931
625 T	0.72555	0.05831	0.21614
626 T	0.71948	0.06689	0.21364
627 A	0.71012	0.07850	0.21138
628 C	0.70463	0.08476	0.2106
629 A	0.69750	0.09649	0.20601
630 A	0.69516	0.10293	0.20192
631 A	0.69693	0.10177	0.2013
632 G	0.70438	0.09497	0.20065
633 T	0.70766	0.09185	0.20049
634 T	0.70894	0.08982	0.20125
635 C	0.70913	0.08854	0.20233
636 T	0.70955	0.08799	0.20246
637 C	0.70618	0.09148	0.20234
638 C	0.70199	0.09634	0.20166
639 T	0.69752	0.10428	0.19819
640 A	0.68715	0.11696	0.19589
641 A	0.67916	0.12591	0.19492
642 T	0.67647	0.12864	0.19489
643 A	0.66483	0.14019	0.19498
644 A	0.66122	0.14229	0.19649
645 A	0.66127	0.13885	0.19988
646 C	0.66525	0.12642	0.20833
647 G	0.66671	0.12108	0.2122
648 T	0.67101	0.11424	0.21475
649 T	0.67409	0.10800	0.21791
650 T	0.67580	0.10123	0.22297
651 G	0.67562	0.09877	0.22561
652 A	0.67596	0.09193	0.23211
653 A	0.67789	0.08615	0.23596
654 C	0.67836	0.08200	0.23964
655 G	0.67914	0.08634	0.23452
656 A	0.67978	0.08943	0.2308
657 T	0.68088	0.08930	0.22983
658 T	0.68153	0.08956	0.2289
659 T	0.68193	0.09137	0.2267
660 A	0.68188	0.09180	0.22632
661 A	0.68230	0.08906	0.22863
662 T	0.68497	0.08078	0.23425
663 T	0.68650	0.06999	0.24351
664 T	0.68697	0.06536	0.24767
665 A	0.68677	0.06339	0.24983
666 T	0.68671	0.05531	0.25797
667 T	0.68643	0.05386	0.25971
668 T	0.68509	0.05528	0.25963
669 C	0.67623	0.06514	0.25864
670 A	0.67301	0.07714	0.24985
671 T	0.67090	0.08995	0.23916
672 G	0.66626	0.11225	0.22149
673 A	0.66473	0.13514	0.20013
674 A	0.66427	0.14493	0.1908
675 A	0.66443	0.14963	0.18594
676 A	0.66519	0.15170	0.1831
677 A	0.66705	0.15331	0.17964
678 T	0.67372	0.15052	0.17576
679 T	0.67690	0.15038	0.17272
680 T	0.67667	0.15490	0.16843
681 A	0.67426	0.15783	0.16791
682 A	0.67559	0.15621	0.1682
683 A	0.67930	0.15205	0.16865
684 T	0.68372	0.14710	0.16918
685 C	0.68474	0.14560	0.16965
686 C	0.68708	0.14312	0.1698
687 T	0.69086	0.13932	0.16982
688 T	0.69164	0.13844	0.16993
689 A	0.69200	0.13796	0.17004
690 T	0.69363	0.13604	0.17032
691 T	0.69550	0.13266	0.17183
692 C	0.69802	0.11937	0.18262
693 G	0.70709	0.10710	0.18582
694 G	0.71980	0.09220	0.188
695 C	0.73867	0.07066	0.19067
696 T	0.76031	0.04861	0.19108
697 T	0.76834	0.04049	0.19118
698 T	0.77234	0.03608	0.19159
699 A	0.77422	0.03436	0.19143
700 A	0.77810	0.03073	0.19117
701 T	0.78312	0.02470	0.19218
702 T	0.78614	0.01998	0.19388
703 T	0.78881	0.01616	0.19503
704 T	0.78809	0.01730	0.19462
705 T	0.78673	0.01992	0.19336
706 G	0.78499	0.02270	0.19232
707 T	0.78359	0.02449	0.19192
708 T	0.78031	0.02813	0.19156
709 T	0.77276	0.03667	0.19056
710 C	0.75161	0.06037	0.18801
711 T	0.66562	0.16303	0.17134
712 A	0.52407	0.31966	0.15626
713 A	0.39495	0.46547	0.13959
714 A	0.31557	0.55153	0.1329
715 A	0.25039	0.62254	0.12707
716 A	0.21886	0.65630	0.12484
717 A	0.19475	0.68251	0.12275
718 G	0.17617	0.70275	0.12109
719 A	0.16251	0.71918	0.11831
720 A	0.15716	0.72448	0.11836
721 G	0.15256	0.72864	0.1188
722 A	0.15067	0.73041	0.11892
723 A	0.15041	0.73051	0.11908
724 C	0.15133	0.72920	0.11946
725 A	0.15208	0.72825	0.11968
726 A	0.15345	0.72612	0.12043
727 T	0.15683	0.72119	0.12199
728 C	0.15785	0.71888	0.12328
729 T	0.15868	0.71878	0.12253
730 A	0.15821	0.72065	0.12114
731 A	0.15870	0.71762	0.12369
732 A	0.16011	0.70753	0.13237
733 A	0.16416	0.68499	0.15085
734 T	0.18125	0.56434	0.2544
735 A	0.19502	0.41757	0.3874
736 T	0.21124	0.27415	0.51462
737 A	0.21615	0.21383	0.57002
738 T	0.22117	0.16095	0.61789
739 G	0.22216	0.15616	0.62169
740 A	0.22374	0.15192	0.62434
741 A	0.22521	0.14632	0.62847
742 T	0.22780	0.14285	0.62935
743 A	0.22779	0.16483	0.60737
744 T	0.22803	0.21674	0.55523
745 T	0.22759	0.28660	0.48581
746 T	0.22530	0.34073	0.43398
747 A	0.22161	0.38353	0.39487
748 A	0.21917	0.41258	0.36825
749 A	0.21865	0.43451	0.34684
750 G	0.21831	0.45514	0.32656
751 G	0.21828	0.47858	0.30314
752 G	0.21973	0.50263	0.27764
753 T	0.22363	0.52849	0.24788
754 T	0.22498	0.55762	0.2174
755 A	0.22549	0.57849	0.19602
756 T	0.22716	0.58329	0.18955
757 A	0.22854	0.58796	0.1835
758 A	0.23203	0.58686	0.18111
759 T	0.24333	0.57601	0.18066
760 T	0.26361	0.55678	0.17961
761 T	0.27861	0.54229	0.17909
762 T	0.29593	0.52564	0.17843
763 A	0.30542	0.51754	0.17704
764 A	0.31837	0.50512	0.1765
765 T	0.34200	0.48133	0.17667
766 A	0.36980	0.45317	0.17703
767 T	0.44486	0.37743	0.17771
768 T	0.52512	0.29634	0.17855
769 T	0.58116	0.23839	0.18045
770 T	0.60635	0.21061	0.18304
771 A	0.61745	0.19790	0.18465
772 A	0.63112	0.18389	0.185
773 A	0.65477	0.15977	0.18545
774 T	0.68856	0.12546	0.18597
775 T	0.72242	0.09123	0.18634
776 T	0.75444	0.05897	0.1866
777 T	0.78047	0.03279	0.18675
778 T	0.78972	0.02333	0.18695
779 C	0.78268	0.03034	0.18697
780 T	0.77495	0.03829	0.18675
781 T	0.76292	0.05071	0.18637
782 C	0.73575	0.07869	0.18557
783 T	0.71776	0.10124	0.181
784 G	0.65443	0.17205	0.17352
785 A	0.60527	0.23104	0.1637
786 T	0.56496	0.27455	0.16049
787 T	0.44338	0.40076	0.15587
788 T	0.34271	0.50475	0.15254
789 A	0.20145	0.64837	0.15019
790 A	0.16668	0.68464	0.14868
791 G	0.14974	0.70229	0.14796
792 T	0.13705	0.71617	0.14678
793 G	0.11232	0.74239	0.14529
794 T	0.09751	0.75991	0.14259
795 A	0.07538	0.78468	0.13994
796 A	0.06807	0.79395	0.13798
797 A	0.06423	0.79973	0.13604
798 A	0.06265	0.80312	0.13423
799 A	0.06183	0.80460	0.13356
800 A	0.06134	0.80518	0.13348
801 A	0.06043	0.80434	0.13523
802 A	0.06005	0.79537	0.14457
803 G	0.06031	0.78402	0.15567
804 A	0.06088	0.77039	0.16873
805 A	0.06226	0.74129	0.19644
806 A	0.06772	0.71266	0.21961
807 A	0.07621	0.62389	0.2999
808 T	0.08733	0.55013	0.36254
809 A	0.09036	0.49110	0.41855
810 T	0.09499	0.36570	0.53932
811 T	0.09678	0.28803	0.61518
812 T	0.09749	0.18449	0.71803
813 G	0.09681	0.18833	0.71485
814 A	0.09647	0.18759	0.71594
815 T	0.09746	0.18295	0.71959
816 G	0.09651	0.17240	0.73109
817 T	0.09737	0.18312	0.7195
818 C	0.09388	0.19150	0.71461
819 A	0.09206	0.29842	0.60952
820 G	0.09176	0.37016	0.53808
821 A	0.09283	0.53865	0.36852
822 A	0.09389	0.59548	0.31062
823 A	0.09539	0.64930	0.25531
824 T	0.09670	0.68978	0.21352
825 T	0.09504	0.73682	0.16813
826 A	0.08997	0.78482	0.12521
827 A	0.08532	0.80225	0.11242
828 A	0.08270	0.80956	0.10774
829 A	0.08183	0.81355	0.10462
830 A	0.08262	0.81480	0.10258
831 A	0.08589	0.81337	0.10074
832 A	0.09183	0.80884	0.09933
833 A	0.10094	0.80032	0.09874
834 T	0.11742	0.78428	0.09829
835 A	0.12858	0.77391	0.09751
836 A	0.15097	0.75082	0.0982
837 A	0.16868	0.73147	0.09986
838 T	0.18952	0.70878	0.1017
839 A	0.20827	0.68723	0.1045
840 T	0.25437	0.63841	0.10722
841 C	0.28464	0.60363	0.11174
842 A	0.37939	0.50753	0.11307
843 A	0.44373	0.44201	0.11426
844 T	0.61086	0.27409	0.11506
845 A	0.65927	0.22550	0.11523
846 T	0.72955	0.15488	0.11558
847 A	0.76875	0.11423	0.11701
848 T	0.81079	0.06865	0.12056
849 T	0.83764	0.03679	0.12557
850 T	0.84438	0.02572	0.1299
851 T	0.84579	0.02211	0.13209
852 G	0.84101	0.02653	0.13246
853 A	0.83959	0.02948	0.13093
854 C	0.84001	0.02916	0.13083
855 T	0.84005	0.03001	0.12994
856 A	0.83699	0.03388	0.12913
857 G	0.83659	0.03482	0.1286
858 T	0.83752	0.03486	0.12763
859 G	0.83676	0.03742	0.12582
860 A	0.83657	0.03976	0.12367
861 T	0.83706	0.04018	0.12275
862 T	0.83705	0.04080	0.12215
863 T	0.83622	0.04175	0.12203
864 A	0.83404	0.04404	0.12192
865 T	0.83095	0.04680	0.12226
866 G	0.82637	0.05118	0.12245
867 C	0.82183	0.05559	0.12257
868 G	0.81635	0.06108	0.12257
869 C	0.81425	0.06320	0.12256
870 T	0.81256	0.06507	0.12237
871 A	0.80666	0.07132	0.12202
872 G	0.80483	0.07335	0.12182
873 A	0.80403	0.07386	0.12211
874 G	0.80409	0.07333	0.12259
875 G	0.80520	0.06585	0.12895
876 T	0.80793	0.06052	0.13155
877 T	0.80847	0.05867	0.13286
878 T	0.80876	0.05686	0.13438
879 A	0.80800	0.05543	0.13657
880 G	0.80816	0.05398	0.13785
881 A	0.80887	0.05273	0.13841
882 C	0.81085	0.04936	0.13979
883 T	0.81302	0.04727	0.13971
884 T	0.81400	0.04724	0.13877
885 A	0.81434	0.04748	0.13818
886 G	0.81450	0.04741	0.13809
887 A	0.81466	0.04689	0.13846
888 T	0.81469	0.04346	0.14185
889 A	0.81408	0.04194	0.14398
890 T	0.81380	0.03749	0.14871
891 T	0.81346	0.03245	0.1541
892 G	0.81263	0.03125	0.15612
893 A	0.81185	0.03129	0.15685
894 G	0.81185	0.02700	0.16115
895 T	0.81209	0.02596	0.16194
896 G	0.81222	0.02573	0.16206
897 G	0.81254	0.02611	0.16134
898 G	0.81326	0.02684	0.1599
899 T	0.81433	0.02774	0.15792
900 T	0.81487	0.02784	0.15728
901 A	0.81486	0.02919	0.15595
902 T	0.81520	0.02835	0.15645
903 T	0.81363	0.03117	0.15519
904 C	0.80805	0.03965	0.15231
905 A	0.80369	0.04863	0.14767
906 C	0.80189	0.05208	0.14604
907 T	0.80086	0.05691	0.14224
908 A	0.79736	0.06625	0.13639
909 T	0.79633	0.07103	0.13264
910 A	0.79447	0.07976	0.12578
911 A	0.79367	0.08781	0.11852
912 T	0.79539	0.08574	0.11887
913 T	0.79539	0.08517	0.11944
914 T	0.79475	0.08540	0.11985
915 A	0.79338	0.08638	0.12024
916 C	0.79320	0.08584	0.12096
917 C	0.79323	0.08564	0.12113
918 T	0.79415	0.08482	0.12104
919 T	0.79467	0.08454	0.12079
920 C	0.79439	0.08542	0.12019
921 A	0.79465	0.08853	0.11682
922 A	0.79416	0.09235	0.11349
923 A	0.79329	0.09454	0.11217
924 A	0.79441	0.09399	0.1116
925 A	0.79544	0.09350	0.11106
926 A	0.79793	0.08875	0.11332
927 T	0.80402	0.07618	0.11981
928 T	0.80917	0.06656	0.12426
929 T	0.80650	0.06707	0.12643
930 A	0.80417	0.06958	0.12625
931 G	0.80554	0.06829	0.12618
932 A	0.80722	0.06868	0.1241
933 A	0.81258	0.06357	0.12385
934 T	0.81938	0.05705	0.12357
935 T	0.81953	0.05630	0.12417
936 T	0.81771	0.05753	0.12476
937 T	0.81529	0.05930	0.12541
938 T	0.80880	0.06477	0.12642
939 C	0.79752	0.07515	0.12734
940 C	0.79073	0.08172	0.12755
941 A	0.78692	0.08670	0.12638
942 A	0.78324	0.09030	0.12646
943 C	0.78125	0.09177	0.12699
944 A	0.78147	0.09147	0.12705
945 T	0.78189	0.08973	0.12838
946 C	0.77855	0.09155	0.1299
947 G	0.77192	0.09833	0.12976
948 T	0.76826	0.10233	0.12941
949 A	0.76083	0.10981	0.12936
950 G	0.75452	0.11605	0.12943
951 T	0.74872	0.12218	0.12909
952 G	0.72076	0.14688	0.13236
953 G	0.69922	0.16747	0.13332
954 A	0.68179	0.18988	0.12833
955 A	0.65533	0.21667	0.12801
956 G	0.62473	0.24642	0.12885
957 A	0.60091	0.27063	0.12845
958 A	0.58974	0.28132	0.12894
959 C	0.58213	0.28553	0.13234
960 A	0.57145	0.29461	0.13394
961 G	0.55551	0.30551	0.13898
962 G	0.54040	0.31335	0.14625
963 A	0.53425	0.31764	0.14811
964 C	0.53129	0.31971	0.14901
965 G	0.52415	0.33354	0.14231
966 A	0.51891	0.35385	0.12724
967 A	0.51462	0.36159	0.12379
968 T	0.51255	0.36300	0.12444
969 G	0.51029	0.36537	0.12434
970 G	0.50903	0.36152	0.12946
971 G	0.50866	0.35883	0.1325
972 G	0.50885	0.35268	0.13847
973 A	0.50929	0.34757	0.14314
974 A	0.51057	0.33869	0.15074
975 A	0.51263	0.31022	0.17715
976 G	0.51492	0.28857	0.19651
977 A	0.52016	0.26746	0.21238
978 A	0.52170	0.23448	0.24381
979 G	0.52289	0.19518	0.28193
980 G	0.52510	0.16622	0.30868
981 T	0.52712	0.16024	0.31264
982 A	0.52762	0.16217	0.31021
983 A	0.52837	0.15404	0.31759
984 A	0.52962	0.13862	0.33176
985 G	0.53248	0.11935	0.34817
986 T	0.53762	0.11258	0.3498
987 A	0.54072	0.10760	0.35168
988 G	0.55177	0.09346	0.35476
989 T	0.57007	0.07978	0.35015
990 T	0.57632	0.08168	0.34201
991 C	0.57808	0.09375	0.32817
992 T	0.58098	0.14180	0.27721
993 T	0.58322	0.21348	0.20329
994 T	0.58378	0.29134	0.12489
995 T	0.58266	0.30345	0.11388
996 T	0.58054	0.31199	0.10747
997 T	0.57816	0.32173	0.10011
998 A	0.57463	0.33032	0.09505
999 C	0.57195	0.33453	0.09352
1000 G	0.57010	0.33872	0.09118
1001 A	0.57009	0.34005	0.08986
1002 T	0.57123	0.33990	0.08888
1003 G	0.57340	0.33872	0.08788
1004 A	0.57761	0.33648	0.0859
1005 T	0.58443	0.33126	0.08432
1006 A	0.58524	0.33285	0.08192
1007 A	0.58629	0.33388	0.07983
1008 A	0.58578	0.33469	0.07954
1009 G	0.58698	0.33351	0.07951
1010 A	0.58812	0.33237	0.07951
1011 A	0.59637	0.32406	0.07957
1012 C	0.61815	0.30212	0.07973
1013 A	0.63993	0.28077	0.0793
1014 A	0.66816	0.25299	0.07885
1015 G	0.72022	0.20047	0.07931
1016 T	0.79087	0.12971	0.07942
1017 T	0.85448	0.06579	0.07972
1018 T	0.86124	0.05624	0.08252
1019 C	0.85826	0.05639	0.08535
1020 T	0.84833	0.06678	0.08489
1021 T	0.82337	0.09122	0.08542
1022 T	0.75865	0.15618	0.08517
1023 A	0.56492	0.35196	0.08312
1024 A	0.42961	0.49142	0.07897
1025 C	0.31907	0.60290	0.07803
1026 A	0.19470	0.73292	0.07237
1027 A	0.13250	0.79987	0.06763
1028 A	0.10404	0.83109	0.06487
1029 A	0.09856	0.83636	0.06508
1030 A	0.09658	0.83801	0.06541
1031 T	0.09521	0.83650	0.06828
1032 T	0.09290	0.83748	0.06961
1033 C	0.08858	0.84122	0.0702
1034 A	0.08525	0.84463	0.07012
1035 A	0.08328	0.84665	0.07007
1036 A	0.08233	0.84756	0.0701
1037 A	0.08270	0.84716	0.07014
1038 A	0.08311	0.84659	0.0703
1039 A	0.08424	0.84388	0.07189
1040 A	0.08621	0.83788	0.07591
1041 T	0.08871	0.82194	0.08935
1042 T	0.08955	0.80396	0.10649
1043 A	0.09038	0.76703	0.14259
1044 T	0.09140	0.72855	0.18005
1045 A	0.09262	0.66429	0.24308
1046 A	0.09569	0.47976	0.42454
1047 T	0.10184	0.34094	0.55723
1048 A	0.10465	0.22619	0.66917
1049 T	0.11005	0.11913	0.77082
1050 T	0.11314	0.06658	0.82027
1051 G	0.11460	0.04393	0.84147
1052 T	0.11492	0.04317	0.84191
1053 T	0.11505	0.05574	0.8292
1054 T	0.11494	0.07096	0.81411
1055 T	0.11450	0.10920	0.7763
1056 T	0.11158	0.18115	0.70726
1057 A	0.10418	0.33494	0.56088
1058 A	0.09871	0.44376	0.45754
1059 A	0.08644	0.55444	0.35912
1060 A	0.08175	0.72733	0.19091
1061 A	0.07912	0.78878	0.1321
1062 A	0.07818	0.80195	0.11987
1063 A	0.07836	0.80383	0.11781
1064 T	0.07884	0.80361	0.11754
1065 A	0.07905	0.80357	0.11738
1066 G	0.07983	0.80290	0.11727
1067 C	0.08126	0.80179	0.11695
1068 T	0.08351	0.80275	0.11374
1069 T	0.08427	0.80264	0.11309
1070 T	0.08472	0.80302	0.11225
1071 A	0.08503	0.80371	0.11126
1072 A	0.08562	0.80318	0.11119
1073 C	0.08754	0.80070	0.11175
1074 T	0.09361	0.79440	0.11199
1075 G	0.10360	0.78420	0.1122
1076 C	0.13103	0.75661	0.11235
1077 G	0.15525	0.73335	0.1114
1078 A	0.19674	0.69268	0.11057
1079 A	0.26403	0.62291	0.11307
1080 T	0.42251	0.45823	0.11925
1081 G	0.50704	0.36945	0.12352
1082 G	0.60483	0.26036	0.13481
1083 T	0.77391	0.09142	0.13467
1084 T	0.82251	0.05254	0.12495
1085 T	0.82543	0.05117	0.1234
1086 T	0.78505	0.09289	0.12207
1087 A	0.75058	0.12936	0.12006
1088 G	0.72239	0.15902	0.11859
1089 C	0.70484	0.17893	0.11624
1090 G	0.69087	0.20227	0.10686
1091 A	0.67518	0.22743	0.09739
1092 A	0.61180	0.29909	0.08911
1093 A	0.58323	0.33537	0.0814
1094 T	0.51199	0.41043	0.07758
1095 C	0.34253	0.58328	0.07419
1096 A	0.28560	0.65016	0.06423
1097 A	0.25099	0.68837	0.06063
1098 A	0.21841	0.72312	0.05847
1099 A	0.18552	0.75637	0.05811
1100 T	0.16438	0.77754	0.05808
1101 A	0.11938	0.82236	0.05826
1102 A	0.07085	0.87074	0.05841
1103 C	0.05662	0.88445	0.05893
1104 A	0.05226	0.88875	0.05899
1105 A	0.05199	0.88836	0.05965
1106 A	0.05638	0.88243	0.06119
1107 T	0.06826	0.86653	0.06521
1108 T	0.07005	0.86021	0.06974
1109 C	0.06891	0.81896	0.11213
1110 A	0.06704	0.80138	0.13158
1111 C	0.06503	0.78722	0.14775
1112 A	0.06421	0.79077	0.14502
1113 A	0.06756	0.79106	0.14138
1114 A	0.07638	0.77883	0.14479
1115 A	0.08634	0.70529	0.20838
1116 T	0.09892	0.66403	0.23704
1117 A	0.10207	0.56806	0.32988
1118 T	0.10521	0.39147	0.50331
1119 T	0.10651	0.32664	0.56685
1120 A	0.10167	0.29938	0.59895
1121 A	0.10029	0.27503	0.62468
1122 T	0.09863	0.25178	0.6496
1123 A	0.09266	0.26000	0.64733
1124 A	0.08799	0.24613	0.66589
1125 T	0.08148	0.22507	0.69344
1126 A	0.06156	0.30733	0.63111
1127 A	0.04569	0.46595	0.48836
1128 G	0.03187	0.59603	0.3721
1129 A	0.02791	0.76117	0.21092
1130 A	0.02620	0.83063	0.14317
1131 A	0.02550	0.86943	0.10507
1132 A	0.02614	0.89458	0.07928
1133 A	0.02811	0.89743	0.07446
1134 T	0.03117	0.89406	0.07477
1135 A	0.03768	0.88769	0.07463
1136 A	0.04565	0.87787	0.07649
1137 T	0.05050	0.87167	0.07784
1138 A	0.05224	0.86931	0.07844
1139 T	0.05430	0.86615	0.07955
1140 T	0.05609	0.86254	0.08137
1141 A	0.05755	0.86052	0.08192
1142 A	0.05984	0.85621	0.08395
1143 T	0.06920	0.84131	0.08949
1144 A	0.07419	0.83486	0.09096
1145 A	0.08285	0.82497	0.09219
1146 G	0.10390	0.79912	0.09698
1147 A	0.12963	0.76920	0.10117
1148 A	0.15581	0.73705	0.10715
1149 A	0.23885	0.63648	0.12467
1150 A	0.38888	0.47287	0.13824
1151 C	0.53182	0.31691	0.15127
1152 T	0.70781	0.14596	0.14623
1153 T	0.77040	0.08519	0.14441
1154 T	0.79252	0.06841	0.13907
1155 T	0.80008	0.06473	0.13519
1156 T	0.79578	0.07144	0.13278
1157 C	0.79031	0.07903	0.13067
1158 T	0.78578	0.09327	0.12095
1159 T	0.78099	0.09946	0.11954
1160 T	0.77460	0.10682	0.11858
1161 T	0.75671	0.12514	0.11815
1162 T	0.72940	0.15302	0.11759
1163 C	0.68627	0.19702	0.11671
1164 G	0.64947	0.23863	0.1119
1165 A	0.63425	0.26302	0.10273
1166 A	0.62501	0.27675	0.09823
1167 A	0.60010	0.30631	0.09359
1168 A	0.59072	0.32112	0.08815
1169 A	0.58060	0.33505	0.08435
1170 G	0.56566	0.35214	0.0822
1171 A	0.55316	0.37093	0.07591
1172 A	0.54760	0.37891	0.07349
1173 A	0.54492	0.38268	0.0724
1174 A	0.54684	0.38131	0.07185
1175 A	0.55558	0.37072	0.0737
1176 G	0.56160	0.35798	0.08042
1177 T	0.57141	0.34433	0.08426
1178 T	0.57768	0.33722	0.0851
1179 T	0.57952	0.33701	0.08347
1180 A	0.58012	0.33040	0.08947
1181 T	0.58431	0.30775	0.10793
1182 T	0.57626	0.28915	0.13458
1183 T	0.55688	0.29725	0.14587
1184 C	0.52151	0.32162	0.15687
1185 A	0.47705	0.38267	0.14028
1186 A	0.43690	0.40981	0.15329
1187 A	0.38051	0.44991	0.16958
1188 A	0.34988	0.47057	0.17955
1189 A	0.32737	0.48901	0.18362
1190 C	0.32471	0.46499	0.21029
1191 A	0.32363	0.48738	0.18899
1192 A	0.32496	0.48253	0.19252
1193 A	0.32805	0.47889	0.19306
1194 T	0.33505	0.46827	0.19668
1195 T	0.33538	0.46461	0.20001
1196 C	0.33190	0.46093	0.20717
1197 T	0.32759	0.47242	0.2
1198 G	0.32037	0.48658	0.19305
1199 C	0.31727	0.49842	0.1843
1200 A	0.31441	0.51473	0.17085
1201 A	0.31554	0.51967	0.16478
1202 T	0.32284	0.51373	0.16343
1203 T	0.32418	0.51326	0.16257
1204 A	0.32238	0.51824	0.15939
1205 A	0.32334	0.50224	0.17442
1206 T	0.32547	0.47737	0.19717
1207 A	0.32505	0.45073	0.22422
1208 A	0.33701	0.40886	0.25413
1209 A	0.33114	0.38854	0.28032
1210 A	0.32331	0.35590	0.32079
1211 A	0.31305	0.35091	0.33604
1212 G	0.29709	0.36215	0.34076
1213 A	0.28166	0.40963	0.30871
1214 A	0.28421	0.44873	0.26706
1215 A	0.28171	0.46846	0.24983
1216 G	0.29076	0.47309	0.23615
1217 G	0.30511	0.46250	0.23239
1218 T	0.31734	0.45257	0.23009
1219 A	0.32461	0.45171	0.22368
1220 T	0.33896	0.43406	0.22698
1221 T	0.34669	0.42217	0.23113
1222 T	0.35214	0.41332	0.23453
1223 T	0.35612	0.40630	0.23758
1224 T	0.35830	0.40236	0.23935
1225 T	0.35904	0.40073	0.24024
1226 C	0.35956	0.39883	0.24161
1227 A	0.36088	0.39669	0.24242
1228 A	0.36261	0.39407	0.24333
1229 G	0.36483	0.39081	0.24436
1230 A	0.36998	0.38428	0.24574
1231 A	0.37810	0.37422	0.24768
1232 A	0.39186	0.34870	0.25944
1233 A	0.41011	0.31741	0.27248
1234 A	0.43456	0.27800	0.28744
1235 A	0.46049	0.23048	0.30903
1236 A	0.50512	0.16141	0.33348
1237 T	0.56351	0.07565	0.36084
1238 G	0.58893	0.03755	0.37352
1239 A	0.61952	0.00000	0.38048
