# lcl|CP097583.1_cds_USQ93137.1_1
# AA	inside	membr	outside
1 T	0.64340	0.00000	0.35661
2 T	0.64085	0.00254	0.35661
3 G	0.63560	0.00780	0.35661
4 A	0.63560	0.07138	0.29303
5 A	0.56438	0.20367	0.23196
6 A	0.56437	0.21039	0.22524
7 A	0.16451	0.61325	0.22225
8 A	0.16449	0.61334	0.22217
9 A	0.12395	0.65491	0.22115
10 G	0.12387	0.79855	0.07758
11 A	0.12080	0.80643	0.07277
12 A	0.06998	0.85917	0.07086
13 A	0.04442	0.89083	0.06475
14 T	0.04442	0.89083	0.06475
15 T	0.04442	0.94347	0.01211
16 G	0.04338	0.94451	0.01211
17 A	0.04215	0.94595	0.01191
18 A	0.04203	0.94648	0.0115
19 A	0.03778	0.95095	0.01128
20 C	0.02402	0.96810	0.00788
21 A	0.00474	0.98742	0.00784
22 A	0.00536	0.98822	0.00643
23 A	0.00705	0.98657	0.00637
24 T	0.01167	0.98183	0.00651
25 A	0.01299	0.97713	0.00987
26 A	0.01445	0.96656	0.01899
27 A	0.06772	0.89104	0.04124
28 A	0.11694	0.78154	0.10153
29 A	0.12165	0.76851	0.10984
30 A	0.12827	0.42061	0.45113
31 A	0.13045	0.41448	0.45508
32 A	0.13223	0.37303	0.49474
33 T	0.26679	0.23636	0.49685
34 A	0.26745	0.26242	0.47013
35 C	0.27010	0.22894	0.50097
36 A	0.26955	0.26374	0.46671
37 A	0.26836	0.31059	0.42105
38 T	0.30418	0.30413	0.39169
39 A	0.13156	0.79159	0.07685
40 A	0.11844	0.81969	0.06187
41 A	0.11580	0.82792	0.05627
42 A	0.10990	0.83830	0.0518
43 A	0.11037	0.82543	0.0642
44 C	0.10447	0.82141	0.07412
45 T	0.09087	0.84134	0.06779
46 A	0.07958	0.87210	0.04832
47 A	0.06909	0.91376	0.01715
48 A	0.06145	0.92396	0.01459
49 A	0.04684	0.94307	0.0101
50 A	0.03180	0.95856	0.00964
51 A	0.02927	0.95922	0.01151
52 C	0.02920	0.95644	0.01436
53 A	0.03043	0.95533	0.01424
54 A	0.03347	0.95156	0.01497
55 A	0.03686	0.94633	0.01681
56 C	0.05018	0.92844	0.02138
57 A	0.08547	0.89096	0.02357
58 A	0.10969	0.85993	0.03037
59 C	0.16886	0.79023	0.04091
60 A	0.20849	0.74722	0.04428
61 A	0.24225	0.70987	0.04788
62 C	0.50077	0.28629	0.21294
63 T	0.52706	0.25050	0.22244
64 G	0.53550	0.24259	0.22191
65 A	0.54333	0.29185	0.16482
66 T	0.53457	0.37781	0.08761
67 A	0.52458	0.40634	0.06908
68 A	0.42823	0.49953	0.07225
69 A	0.37612	0.55102	0.07287
70 A	0.34096	0.58114	0.0779
71 A	0.31221	0.61934	0.06845
72 A	0.29215	0.63428	0.07357
73 A	0.26248	0.65359	0.08393
74 A	0.20950	0.70353	0.08697
75 T	0.20090	0.71090	0.08821
76 A	0.16673	0.75897	0.0743
77 A	0.15744	0.78257	0.06
78 A	0.15255	0.78695	0.06051
79 G	0.14830	0.78929	0.0624
80 A	0.14663	0.78914	0.06422
81 T	0.14509	0.78721	0.0677
82 C	0.14100	0.78908	0.06992
83 G	0.14078	0.78825	0.07098
84 A	0.14067	0.78750	0.07183
85 C	0.14346	0.78293	0.07361
86 C	0.14866	0.77726	0.07408
87 A	0.15705	0.76954	0.07341
88 A	0.22010	0.69984	0.08006
89 T	0.30342	0.60086	0.09572
90 T	0.32449	0.56876	0.10676
91 G	0.33775	0.47779	0.18446
92 T	0.35376	0.37411	0.27213
93 T	0.36019	0.30243	0.33738
94 A	0.36867	0.26119	0.37015
95 T	0.37630	0.23179	0.39191
96 T	0.38152	0.20858	0.4099
97 A	0.38376	0.16524	0.451
98 A	0.38717	0.15398	0.45884
99 G	0.40214	0.10604	0.49181
100 T	0.41740	0.09978	0.48282
101 T	0.41815	0.12337	0.45848
102 G	0.41529	0.16834	0.41637
103 A	0.41431	0.24267	0.34302
104 A	0.41386	0.28428	0.30186
105 T	0.41308	0.30451	0.28241
106 A	0.41120	0.31215	0.27665
107 T	0.40982	0.31726	0.27292
108 G	0.39934	0.33462	0.26604
109 C	0.37095	0.37550	0.25356
110 C	0.35423	0.42630	0.21947
111 T	0.32988	0.56385	0.10627
112 G	0.29933	0.62933	0.07134
113 A	0.28338	0.67723	0.03938
114 A	0.27005	0.69632	0.03363
115 A	0.26016	0.70753	0.03231
116 C	0.25780	0.71020	0.03201
117 A	0.26042	0.70808	0.0315
118 C	0.26433	0.70413	0.03154
119 C	0.26475	0.70392	0.03133
120 A	0.26665	0.70252	0.03083
121 A	0.26889	0.70057	0.03054
122 C	0.27427	0.69510	0.03064
123 A	0.28802	0.68135	0.03063
124 A	0.31133	0.65768	0.03099
125 A	0.34585	0.62029	0.03385
126 C	0.40202	0.56192	0.03606
127 G	0.43293	0.53047	0.0366
128 G	0.45315	0.50863	0.03822
129 A	0.46466	0.49566	0.03969
130 A	0.47796	0.48048	0.04156
131 A	0.50070	0.45035	0.04895
132 T	0.53040	0.38717	0.08243
133 A	0.56419	0.33352	0.1023
134 G	0.66086	0.20819	0.13096
135 T	0.70407	0.13798	0.15795
136 A	0.73245	0.09686	0.17068
137 A	0.74409	0.07322	0.18269
138 T	0.75425	0.05243	0.19332
139 T	0.75724	0.04680	0.19596
140 T	0.75795	0.04368	0.19838
141 A	0.75811	0.04578	0.19611
142 T	0.75833	0.04245	0.19922
143 T	0.75832	0.04245	0.19922
144 T	0.75771	0.04742	0.19487
145 T	0.75563	0.05288	0.19148
146 T	0.75114	0.06244	0.18642
147 T	0.74331	0.07730	0.17939
148 T	0.73404	0.09272	0.17325
149 G	0.72562	0.10488	0.1695
150 G	0.72213	0.11088	0.16699
151 A	0.72131	0.11622	0.16247
152 A	0.72105	0.11744	0.16151
153 T	0.72122	0.11769	0.16108
154 T	0.72112	0.11830	0.16058
155 T	0.72096	0.11826	0.16078
156 G	0.71935	0.11987	0.16078
157 A	0.71895	0.12091	0.16014
158 T	0.71965	0.12063	0.15972
159 C	0.72053	0.12047	0.159
160 A	0.72170	0.12129	0.15701
161 A	0.72483	0.11900	0.15618
162 T	0.73006	0.11428	0.15566
163 T	0.73351	0.11125	0.15524
164 T	0.73772	0.10775	0.15453
165 A	0.73882	0.10704	0.15414
166 A	0.74297	0.10213	0.15491
167 T	0.75195	0.09165	0.1564
168 T	0.75813	0.08470	0.15716
169 A	0.76355	0.07525	0.16121
170 T	0.77165	0.05951	0.16884
171 T	0.77547	0.04817	0.17636
172 T	0.77528	0.04256	0.18216
173 C	0.77273	0.04318	0.18408
174 T	0.77474	0.04319	0.18207
175 A	0.77361	0.04781	0.17857
176 T	0.77339	0.04936	0.17725
177 T	0.77236	0.05091	0.17672
178 G	0.77001	0.05390	0.17609
179 G	0.76888	0.05426	0.17686
180 A	0.76881	0.05500	0.1762
181 G	0.76943	0.05539	0.17517
182 T	0.77071	0.05470	0.17459
183 T	0.77263	0.05328	0.17408
184 A	0.77326	0.05343	0.17331
185 T	0.77379	0.05280	0.17341
186 A	0.77392	0.05257	0.1735
187 T	0.77450	0.05145	0.17405
188 T	0.77509	0.05005	0.17485
189 A	0.77508	0.04979	0.17513
190 A	0.77551	0.04888	0.17561
191 G	0.77780	0.04466	0.17754
192 T	0.77867	0.04248	0.17885
193 T	0.77913	0.04079	0.18008
194 G	0.77947	0.03870	0.18182
195 T	0.78065	0.03488	0.18447
196 C	0.78126	0.02964	0.1891
197 T	0.78366	0.02672	0.18962
198 T	0.78600	0.02353	0.19047
199 T	0.78615	0.02272	0.19112
200 T	0.78459	0.02334	0.19207
201 T	0.78248	0.02399	0.19353
202 G	0.77775	0.02739	0.19485
203 C	0.77615	0.02828	0.19557
204 T	0.77662	0.02860	0.19478
205 T	0.77629	0.03040	0.19331
206 T	0.77035	0.03879	0.19086
207 T	0.75265	0.06452	0.18283
208 T	0.72276	0.10721	0.17003
209 T	0.66799	0.17965	0.15235
210 A	0.50121	0.38244	0.11634
211 A	0.42800	0.46087	0.11113
212 A	0.39930	0.49331	0.10739
213 A	0.36291	0.53418	0.10292
214 T	0.34479	0.55441	0.1008
215 C	0.30746	0.59382	0.09872
216 T	0.28776	0.62190	0.09034
217 A	0.24440	0.67347	0.08213
218 A	0.22347	0.70075	0.07578
219 A	0.21972	0.70516	0.07512
220 A	0.21688	0.70885	0.07428
221 G	0.21422	0.70861	0.07717
222 T	0.21228	0.70826	0.07947
223 C	0.20723	0.71116	0.08161
224 A	0.20196	0.71749	0.08055
225 A	0.19956	0.71913	0.08131
226 A	0.19851	0.71845	0.08305
227 C	0.19856	0.71464	0.0868
228 G	0.19861	0.71636	0.08503
229 A	0.19568	0.71251	0.09181
230 A	0.19875	0.69274	0.10851
231 A	0.20544	0.66521	0.12935
232 G	0.21496	0.62494	0.16011
233 A	0.24410	0.46388	0.29203
234 G	0.24935	0.41640	0.33425
235 A	0.25414	0.41265	0.33321
236 T	0.26380	0.41675	0.31945
237 T	0.26664	0.41137	0.32199
238 G	0.26578	0.39441	0.3398
239 A	0.25751	0.40464	0.33786
240 A	0.25665	0.39004	0.35331
241 C	0.25504	0.40113	0.34383
242 A	0.22894	0.48060	0.29045
243 A	0.21399	0.53364	0.25236
244 A	0.19549	0.57397	0.23054
245 A	0.17849	0.61320	0.20831
246 C	0.17246	0.62426	0.20328
247 A	0.16688	0.70522	0.1279
248 T	0.16602	0.73093	0.10305
249 A	0.15211	0.77837	0.06952
250 A	0.14303	0.81555	0.04142
251 A	0.14327	0.81692	0.03981
252 A	0.14932	0.80380	0.04688
253 A	0.16180	0.78399	0.0542
254 A	0.18351	0.75570	0.06078
255 C	0.21890	0.71292	0.06818
256 C	0.27573	0.65440	0.06987
257 T	0.31510	0.61697	0.06793
258 T	0.31964	0.61750	0.06287
259 C	0.29759	0.64300	0.05941
260 A	0.26822	0.67765	0.05414
261 A	0.23206	0.72007	0.04787
262 A	0.17801	0.76936	0.05263
263 A	0.15908	0.78590	0.05502
264 A	0.17604	0.76724	0.05673
265 G	0.22225	0.69547	0.08228
266 A	0.25878	0.64868	0.09255
267 A	0.28736	0.60158	0.11106
268 T	0.31886	0.55616	0.12498
269 A	0.32551	0.54323	0.13126
270 T	0.39192	0.46856	0.13952
271 A	0.39787	0.45712	0.14502
272 G	0.41136	0.42920	0.15945
273 C	0.42125	0.40984	0.1689
274 T	0.40625	0.43188	0.16187
275 C	0.37389	0.46834	0.15777
276 A	0.28777	0.58326	0.12896
277 A	0.25459	0.63046	0.11495
278 A	0.23622	0.65714	0.10665
279 A	0.23162	0.67500	0.09339
280 A	0.23579	0.67742	0.08679
281 T	0.24594	0.63832	0.11575
282 T	0.24967	0.59551	0.15482
283 A	0.25189	0.56457	0.18354
284 A	0.25648	0.52514	0.21839
285 T	0.26168	0.46184	0.27648
286 G	0.26135	0.43968	0.29897
287 A	0.26287	0.44240	0.29474
288 T	0.26979	0.44113	0.28908
289 T	0.27006	0.44535	0.28459
290 T	0.26426	0.45656	0.27918
291 A	0.25147	0.48140	0.26713
292 A	0.24138	0.49338	0.26525
293 T	0.23775	0.50308	0.25917
294 A	0.23117	0.54259	0.22623
295 A	0.22955	0.57382	0.19663
296 A	0.23154	0.58664	0.18182
297 T	0.24478	0.55583	0.19939
298 A	0.24852	0.51919	0.23229
299 T	0.27321	0.41829	0.3085
300 A	0.28169	0.38095	0.33736
301 C	0.29015	0.35542	0.35443
302 C	0.30378	0.33814	0.35808
303 T	0.31550	0.32679	0.35771
304 T	0.31932	0.32449	0.35619
305 T	0.32068	0.32402	0.3553
306 C	0.31770	0.32909	0.35321
307 G	0.31466	0.34018	0.34516
308 A	0.31511	0.36431	0.32057
309 A	0.32220	0.36728	0.31052
310 T	0.33893	0.36458	0.29648
311 T	0.34953	0.38168	0.2688
312 T	0.34855	0.41490	0.23655
313 G	0.33151	0.48440	0.18408
314 A	0.31457	0.52868	0.15675
315 A	0.30671	0.54453	0.14876
316 G	0.30725	0.54593	0.14682
317 A	0.30403	0.55720	0.13878
318 G	0.33023	0.53029	0.13948
319 G	0.34425	0.51658	0.13916
320 A	0.33975	0.52473	0.13552
321 A	0.33552	0.53378	0.1307
322 C	0.32228	0.55197	0.12575
323 A	0.27541	0.62320	0.10139
324 A	0.25185	0.65999	0.08815
325 T	0.24217	0.67650	0.08133
326 A	0.22129	0.71049	0.06823
327 T	0.20098	0.73503	0.064
328 A	0.16711	0.76939	0.0635
329 A	0.13451	0.80043	0.06506
330 A	0.11986	0.80997	0.07017
331 A	0.13131	0.79479	0.0739
332 A	0.13934	0.78166	0.079
333 A	0.16544	0.74791	0.08664
334 C	0.20218	0.69293	0.10488
335 T	0.25100	0.63672	0.11228
336 A	0.29087	0.58600	0.12313
337 T	0.32092	0.54280	0.13628
338 T	0.32270	0.53355	0.14375
339 A	0.30392	0.54674	0.14934
340 C	0.28413	0.51757	0.19829
341 A	0.24147	0.55110	0.20743
342 A	0.21478	0.56909	0.21612
343 G	0.20040	0.57661	0.22299
344 A	0.19607	0.57739	0.22654
345 A	0.19834	0.55815	0.24351
346 T	0.21902	0.46441	0.31657
347 T	0.22101	0.42685	0.35214
348 G	0.21029	0.41984	0.36987
349 T	0.21430	0.39509	0.39061
350 T	0.21031	0.37078	0.4189
351 A	0.19731	0.36248	0.44021
352 G	0.18092	0.35648	0.46261
353 A	0.17564	0.35503	0.46933
354 T	0.17212	0.35927	0.46861
355 G	0.16487	0.37967	0.45546
356 A	0.15767	0.41079	0.43153
357 T	0.15129	0.43747	0.41123
358 T	0.14106	0.48542	0.37352
359 T	0.12042	0.62625	0.25332
360 A	0.09494	0.74436	0.1607
361 A	0.08075	0.79001	0.12924
362 A	0.07274	0.79885	0.1284
363 A	0.06513	0.78641	0.14847
364 A	0.05892	0.75376	0.18732
365 A	0.05633	0.72939	0.21428
366 A	0.05812	0.70857	0.23331
367 G	0.06207	0.69222	0.24571
368 A	0.06739	0.68030	0.25231
369 G	0.07329	0.66263	0.26409
370 T	0.07931	0.64783	0.27286
371 T	0.08119	0.64965	0.26916
372 T	0.08241	0.68190	0.23569
373 A	0.08176	0.74354	0.1747
374 A	0.08150	0.78673	0.13178
375 A	0.08217	0.80723	0.11059
376 A	0.08993	0.80899	0.10108
377 A	0.10240	0.80354	0.09406
378 A	0.12036	0.78673	0.09291
379 G	0.14734	0.75297	0.09969
380 A	0.17926	0.71807	0.10266
381 A	0.23188	0.66085	0.10726
382 T	0.38728	0.48739	0.12533
383 T	0.45942	0.40325	0.13734
384 T	0.47749	0.37995	0.14256
385 A	0.47103	0.39341	0.13556
386 A	0.45428	0.41673	0.12898
387 T	0.41510	0.45674	0.12817
388 C	0.26065	0.61841	0.12094
389 A	0.20106	0.70349	0.09545
390 A	0.17878	0.72815	0.09308
391 G	0.17396	0.73312	0.09292
392 A	0.17309	0.73462	0.09229
393 A	0.18086	0.72692	0.09222
394 C	0.20227	0.70198	0.09575
395 C	0.24312	0.66219	0.09469
396 A	0.29972	0.61947	0.08081
397 A	0.34455	0.58720	0.06825
398 T	0.37470	0.56730	0.058
399 A	0.37481	0.56908	0.05611
400 T	0.37129	0.57153	0.05717
401 T	0.34491	0.59121	0.06387
402 A	0.29046	0.64420	0.06534
403 C	0.25793	0.67524	0.06684
404 G	0.23992	0.69671	0.06336
405 A	0.22671	0.71552	0.05777
406 A	0.21564	0.73214	0.05222
407 A	0.20643	0.73822	0.05535
408 T	0.21359	0.72290	0.06352
409 A	0.21318	0.69864	0.08818
410 A	0.21450	0.63962	0.14588
411 C	0.22172	0.46945	0.30883
412 T	0.23463	0.41662	0.34875
413 C	0.22293	0.42645	0.35062
414 A	0.20293	0.52584	0.27122
415 A	0.13305	0.67084	0.19611
416 A	0.11068	0.72579	0.16354
417 A	0.09926	0.74784	0.15291
418 G	0.09097	0.75990	0.14913
419 A	0.10096	0.76438	0.13465
420 A	0.11002	0.78083	0.10915
421 A	0.11488	0.78057	0.10455
422 A	0.11540	0.76293	0.12168
423 T	0.11585	0.74064	0.14351
424 G	0.10471	0.72819	0.16709
425 A	0.09896	0.71530	0.18574
426 T	0.09529	0.70260	0.20211
427 A	0.08249	0.72899	0.18851
428 A	0.08042	0.71912	0.20046
429 A	0.07996	0.70588	0.21416
430 G	0.07384	0.69434	0.23181
431 A	0.06301	0.70101	0.23598
432 C	0.05628	0.69470	0.24902
433 A	0.05147	0.71984	0.22869
434 A	0.05079	0.72396	0.22526
435 A	0.05578	0.71907	0.22515
436 A	0.07079	0.69523	0.23398
437 A	0.14007	0.61272	0.24722
438 C	0.20597	0.46830	0.32573
439 G	0.23598	0.44752	0.3165
440 T	0.25414	0.43877	0.3071
441 A	0.24164	0.49336	0.265
442 A	0.23703	0.53813	0.22483
443 A	0.24462	0.54006	0.21532
444 T	0.24391	0.53835	0.21773
445 A	0.21606	0.57496	0.20897
446 A	0.21046	0.58197	0.20756
447 T	0.22047	0.56672	0.21281
448 G	0.18736	0.60074	0.21189
449 A	0.15063	0.63728	0.21209
450 T	0.14931	0.62987	0.22082
451 A	0.13322	0.64769	0.21909
452 A	0.12227	0.66589	0.21184
453 A	0.11191	0.67713	0.21096
454 A	0.10478	0.68243	0.21279
455 A	0.10210	0.68135	0.21655
456 A	0.10112	0.67727	0.2216
457 G	0.10066	0.67210	0.22724
458 A	0.10070	0.66889	0.23041
459 A	0.10085	0.66624	0.23292
460 A	0.10274	0.66171	0.23555
461 A	0.11415	0.64687	0.23898
462 T	0.14833	0.60659	0.24507
463 A	0.15940	0.59766	0.24294
464 A	0.19392	0.54739	0.25869
465 T	0.22971	0.49137	0.27891
466 A	0.23401	0.47962	0.28637
467 A	0.23839	0.46154	0.30007
468 T	0.25553	0.41629	0.32818
469 T	0.26284	0.39198	0.34518
470 A	0.26473	0.37995	0.35532
471 T	0.27278	0.32790	0.39932
472 T	0.27458	0.28913	0.4363
473 C	0.26151	0.28117	0.45731
474 A	0.25672	0.28158	0.4617
475 A	0.26502	0.26625	0.46873
476 G	0.27043	0.25078	0.4788
477 T	0.28130	0.23337	0.48533
478 T	0.28544	0.22585	0.4887
479 T	0.28573	0.20926	0.505
480 A	0.28007	0.21680	0.50313
481 A	0.27517	0.22310	0.50173
482 A	0.27199	0.22548	0.50253
483 A	0.27058	0.22058	0.50883
484 G	0.27317	0.21295	0.51387
485 A	0.27908	0.20629	0.51463
486 T	0.29293	0.18535	0.52172
487 G	0.29706	0.17767	0.52527
488 A	0.30107	0.17292	0.52601
489 A	0.30989	0.16044	0.52967
490 C	0.31879	0.14623	0.53499
491 A	0.32937	0.13967	0.53096
492 T	0.33680	0.13467	0.52853
493 T	0.33840	0.13214	0.52947
494 T	0.33424	0.13634	0.52942
495 T	0.31931	0.15099	0.5297
496 T	0.29824	0.15991	0.54184
497 C	0.26099	0.19120	0.5478
498 A	0.23462	0.21713	0.54825
499 G	0.22307	0.22779	0.54913
500 T	0.21942	0.23166	0.54892
501 A	0.21254	0.23850	0.54896
502 C	0.21318	0.23634	0.55048
503 A	0.21948	0.22541	0.55511
504 A	0.22461	0.21578	0.55961
505 T	0.23018	0.20653	0.56329
506 C	0.23124	0.20317	0.56559
507 A	0.23022	0.20372	0.56606
508 C	0.23102	0.20097	0.56801
509 C	0.22362	0.20809	0.56829
510 A	0.22060	0.21111	0.56828
511 G	0.21908	0.21282	0.5681
512 A	0.21891	0.21333	0.56776
513 A	0.21987	0.21238	0.56775
514 A	0.22527	0.20569	0.56904
515 A	0.23021	0.19272	0.57706
516 T	0.23533	0.17420	0.59048
517 T	0.23839	0.15364	0.60797
518 G	0.23934	0.13137	0.62929
519 T	0.24183	0.10783	0.65035
520 T	0.24210	0.07989	0.678
521 T	0.24135	0.06131	0.69734
522 G	0.24009	0.05282	0.70708
523 T	0.24028	0.04798	0.71174
524 C	0.23973	0.04290	0.71737
525 T	0.23913	0.04283	0.71804
526 T	0.23757	0.04439	0.71804
527 T	0.23497	0.04747	0.71755
528 T	0.23199	0.05050	0.7175
529 A	0.22455	0.05852	0.71694
530 A	0.22052	0.06021	0.71927
531 A	0.21924	0.05793	0.72284
532 C	0.21900	0.04896	0.73204
533 A	0.21883	0.04638	0.73479
534 A	0.21891	0.04388	0.73721
535 T	0.21940	0.04170	0.7389
536 T	0.21939	0.04127	0.73934
537 A	0.21742	0.04298	0.73961
538 G	0.21581	0.04236	0.74184
539 T	0.21512	0.04224	0.74264
540 T	0.21430	0.04228	0.74342
541 G	0.21368	0.04218	0.74414
542 G	0.21335	0.04230	0.74436
543 T	0.21326	0.04337	0.74338
544 T	0.21304	0.04718	0.73977
545 T	0.21256	0.05768	0.72977
546 A	0.20879	0.08586	0.70536
547 G	0.20691	0.10535	0.68775
548 A	0.20632	0.11616	0.67752
549 T	0.20265	0.12757	0.66978
550 G	0.19795	0.13290	0.66915
551 A	0.19664	0.13434	0.66903
552 T	0.19589	0.13028	0.67384
553 G	0.19247	0.13166	0.67586
554 C	0.19060	0.13351	0.67588
555 T	0.18867	0.13795	0.67339
556 A	0.18567	0.14301	0.67132
557 A	0.18446	0.14496	0.67058
558 A	0.18314	0.14684	0.67002
559 A	0.18297	0.14693	0.67011
560 A	0.18311	0.14455	0.67234
561 T	0.18355	0.14198	0.67447
562 G	0.18333	0.14087	0.67581
563 C	0.18348	0.13963	0.67689
564 A	0.18320	0.13955	0.67725
565 G	0.18369	0.13854	0.67777
566 C	0.18592	0.13595	0.67813
567 A	0.19071	0.13110	0.67819
568 A	0.20245	0.11912	0.67843
569 G	0.22841	0.08957	0.68201
570 T	0.24823	0.06825	0.68352
571 A	0.25541	0.06148	0.68311
572 G	0.26400	0.04840	0.68759
573 T	0.26831	0.03945	0.69224
574 T	0.27139	0.03707	0.69153
575 T	0.27237	0.03682	0.69081
576 T	0.27308	0.03875	0.68817
577 A	0.27122	0.04160	0.68719
578 T	0.26658	0.04543	0.68798
579 T	0.25939	0.05082	0.6898
580 A	0.23716	0.07256	0.69028
581 C	0.22028	0.08876	0.69096
582 A	0.20895	0.10087	0.69019
583 T	0.20437	0.10557	0.69005
584 A	0.19712	0.11286	0.69002
585 T	0.19347	0.11622	0.69031
586 G	0.18614	0.12375	0.69011
587 T	0.18066	0.12913	0.69021
588 A	0.16374	0.14677	0.68949
589 A	0.14779	0.16384	0.68837
590 A	0.14017	0.17095	0.68888
591 A	0.13526	0.17516	0.68958
592 A	0.13104	0.17877	0.69019
593 A	0.12943	0.17967	0.6909
594 C	0.13040	0.17705	0.69255
595 C	0.13206	0.17499	0.69296
596 G	0.13400	0.17299	0.693
597 T	0.13676	0.17026	0.69297
598 G	0.13775	0.16937	0.69287
599 A	0.14096	0.16637	0.69268
600 T	0.14367	0.16078	0.69556
601 T	0.14470	0.15011	0.70519
602 T	0.14440	0.14025	0.71535
603 A	0.14218	0.12348	0.73434
604 T	0.14037	0.10940	0.75022
605 T	0.13257	0.11163	0.7558
606 T	0.11687	0.12769	0.75544
607 G	0.09773	0.14896	0.75331
608 A	0.08987	0.15931	0.75082
609 A	0.08552	0.16068	0.7538
610 A	0.08412	0.15871	0.75716
611 A	0.08419	0.14513	0.77068
612 T	0.08498	0.13146	0.78356
613 A	0.08425	0.12812	0.78763
614 A	0.08267	0.12806	0.78926
615 A	0.07911	0.13319	0.78769
616 G	0.07691	0.13879	0.7843
617 G	0.07552	0.15018	0.7743
618 A	0.07154	0.16204	0.76642
619 A	0.07024	0.16622	0.76354
620 A	0.06950	0.16963	0.76086
621 A	0.06924	0.17029	0.76047
622 A	0.06940	0.16963	0.76097
623 T	0.06971	0.16861	0.76168
624 A	0.06942	0.16839	0.76219
625 A	0.07034	0.16498	0.76468
626 A	0.07283	0.15815	0.76901
627 A	0.07707	0.14690	0.77603
628 T	0.08406	0.12701	0.78892
629 C	0.08875	0.10398	0.80727
630 T	0.09402	0.08743	0.81856
631 C	0.09669	0.08026	0.82305
632 C	0.09853	0.07730	0.82417
633 T	0.09968	0.07589	0.82443
634 A	0.09935	0.07609	0.82456
635 C	0.10047	0.07433	0.8252
636 A	0.10290	0.07162	0.82548
637 G	0.10651	0.06658	0.82691
638 G	0.11347	0.05560	0.83093
639 G	0.12116	0.04558	0.83327
640 T	0.13439	0.03107	0.83454
641 T	0.14203	0.01890	0.83907
642 G	0.14407	0.01530	0.84063
643 T	0.14624	0.01244	0.84132
644 T	0.14657	0.01151	0.84192
645 A	0.14632	0.01145	0.84223
646 A	0.14624	0.01105	0.8427
647 T	0.14660	0.00980	0.8436
648 G	0.14583	0.01032	0.84386
649 T	0.14493	0.01128	0.8438
650 A	0.14255	0.01395	0.84349
651 T	0.14009	0.01643	0.84347
652 G	0.13829	0.01865	0.84306
653 G	0.13765	0.01896	0.8434
654 T	0.13740	0.01860	0.844
655 G	0.13713	0.01845	0.84442
656 T	0.13700	0.01840	0.84461
657 C	0.13655	0.01825	0.84519
658 G	0.13612	0.01881	0.84507
659 G	0.13582	0.01921	0.84497
660 A	0.13527	0.02020	0.84453
661 G	0.13520	0.02026	0.84454
662 G	0.13524	0.02021	0.84455
663 A	0.13535	0.02000	0.84465
664 A	0.13555	0.01944	0.84501
665 C	0.13594	0.01822	0.84584
666 T	0.13648	0.01762	0.84591
667 G	0.13662	0.01739	0.84599
668 G	0.13680	0.01726	0.84595
669 T	0.13692	0.01714	0.84594
670 A	0.13691	0.01706	0.84603
671 A	0.13700	0.01597	0.84702
672 A	0.13720	0.01454	0.84826
673 A	0.13764	0.01145	0.85092
674 C	0.13795	0.00845	0.8536
675 T	0.13876	0.00625	0.855
676 G	0.13886	0.00567	0.85547
677 C	0.13902	0.00530	0.85568
678 G	0.13927	0.00500	0.85573
679 T	0.13963	0.00460	0.85578
680 T	0.13979	0.00407	0.85614
681 T	0.13980	0.00375	0.85645
682 G	0.13977	0.00373	0.85651
683 C	0.14004	0.00323	0.85673
684 T	0.14004	0.00431	0.85565
685 A	0.13996	0.00488	0.85516
686 A	0.13997	0.00506	0.85497
687 A	0.14000	0.00514	0.85486
688 T	0.14003	0.00519	0.85478
689 C	0.13969	0.00548	0.85482
690 A	0.13969	0.00559	0.85472
691 T	0.13989	0.00535	0.85477
692 T	0.13994	0.00527	0.8548
693 A	0.13985	0.00529	0.85487
694 G	0.13981	0.00527	0.85493
695 C	0.13977	0.00511	0.85512
696 T	0.13959	0.00526	0.85515
697 C	0.13922	0.00561	0.85516
698 G	0.13892	0.00593	0.85516
699 T	0.13877	0.00609	0.85513
700 G	0.13844	0.00644	0.85512
701 A	0.13823	0.00664	0.85513
702 A	0.13815	0.00670	0.85515
703 A	0.13815	0.00654	0.85532
704 C	0.13823	0.00616	0.85561
705 C	0.13843	0.00583	0.85574
706 G	0.13878	0.00546	0.85576
707 A	0.13984	0.00440	0.85576
708 T	0.14045	0.00375	0.85581
709 T	0.14067	0.00351	0.85583
710 T	0.14079	0.00332	0.85589
711 A	0.14085	0.00310	0.85605
712 C	0.14091	0.00252	0.85657
713 C	0.14102	0.00228	0.85671
714 T	0.14104	0.00223	0.85673
715 T	0.14106	0.00219	0.85675
716 T	0.14106	0.00216	0.85678
717 T	0.14104	0.00216	0.8568
718 A	0.14100	0.00215	0.85685
719 T	0.14099	0.00185	0.85715
720 T	0.14098	0.00145	0.85758
721 G	0.14097	0.00114	0.85789
722 A	0.14098	0.00100	0.85802
723 A	0.14100	0.00072	0.85828
724 G	0.14101	0.00049	0.85851
725 T	0.14102	0.00038	0.85859
726 T	0.14103	0.00034	0.85863
727 T	0.14103	0.00032	0.85865
728 C	0.14101	0.00032	0.85867
729 T	0.14101	0.00033	0.85866
730 T	0.14100	0.00034	0.85866
731 C	0.14098	0.00036	0.85866
732 T	0.14091	0.00043	0.85867
733 T	0.14076	0.00059	0.85866
734 C	0.14061	0.00073	0.85866
735 T	0.14051	0.00085	0.85865
736 A	0.14039	0.00098	0.85863
737 T	0.14035	0.00102	0.85863
738 T	0.14031	0.00106	0.85863
739 T	0.14025	0.00111	0.85864
740 T	0.14021	0.00112	0.85867
741 C	0.14015	0.00113	0.85873
742 T	0.14011	0.00116	0.85874
743 C	0.14005	0.00120	0.85875
744 T	0.14002	0.00123	0.85875
745 C	0.13995	0.00130	0.85875
746 A	0.13991	0.00134	0.85875
747 A	0.13986	0.00139	0.85875
748 A	0.13982	0.00143	0.85875
749 C	0.13977	0.00147	0.85876
750 T	0.13956	0.00168	0.85875
751 T	0.13926	0.00198	0.85877
752 A	0.13881	0.00243	0.85876
753 T	0.13854	0.00269	0.85877
754 T	0.13799	0.00324	0.85878
755 A	0.13719	0.00397	0.85884
756 T	0.13646	0.00455	0.85899
757 G	0.13479	0.00618	0.85902
758 G	0.13328	0.00765	0.85908
759 T	0.13226	0.00869	0.85905
760 G	0.12986	0.01110	0.85903
761 T	0.12899	0.01198	0.85904
762 C	0.12787	0.01304	0.85909
763 G	0.12710	0.01378	0.85912
764 C	0.12646	0.01440	0.85915
765 T	0.12612	0.01473	0.85915
766 C	0.12550	0.01534	0.85916
767 C	0.12505	0.01580	0.85915
768 G	0.12434	0.01655	0.85911
769 A	0.12369	0.01726	0.85905
770 A	0.12322	0.01778	0.85899
771 A	0.12277	0.01825	0.85898
772 A	0.12259	0.01836	0.85906
773 T	0.12238	0.01814	0.85948
774 G	0.12193	0.01811	0.85996
775 G	0.12178	0.01769	0.86053
776 T	0.12171	0.01744	0.86086
777 A	0.12150	0.01722	0.86128
778 A	0.12138	0.01675	0.86187
779 A	0.12131	0.01615	0.86254
780 A	0.12118	0.01462	0.8642
781 G	0.12101	0.01313	0.86586
782 A	0.12092	0.01224	0.86684
783 T	0.12093	0.01015	0.86892
784 T	0.12092	0.00968	0.8694
785 T	0.12079	0.00940	0.86981
786 A	0.12045	0.01008	0.86948
787 T	0.12036	0.01016	0.86948
788 T	0.12021	0.01039	0.8694
789 T	0.11991	0.01095	0.86914
790 A	0.11954	0.01161	0.86885
791 A	0.11931	0.01159	0.86911
792 A	0.11823	0.01249	0.86928
793 T	0.11722	0.01306	0.86972
794 T	0.11604	0.01390	0.87006
795 A	0.11275	0.01717	0.87008
796 G	0.11075	0.01896	0.87029
797 C	0.11002	0.01948	0.8705
798 T	0.10944	0.02049	0.87007
799 A	0.10860	0.02198	0.86943
800 G	0.10821	0.02260	0.86919
801 A	0.10788	0.02337	0.86874
802 A	0.10688	0.02440	0.86872
803 A	0.10545	0.02565	0.8689
804 A	0.10492	0.02593	0.86916
805 G	0.10487	0.02566	0.86947
806 C	0.10497	0.02538	0.86964
807 A	0.10524	0.02518	0.86958
808 G	0.10589	0.02449	0.86962
809 C	0.10696	0.02334	0.8697
810 T	0.10780	0.02349	0.8687
811 G	0.10796	0.02408	0.86797
812 T	0.10837	0.02396	0.86767
813 G	0.10758	0.02537	0.86705
814 A	0.10698	0.02643	0.8666
815 A	0.10674	0.02538	0.86789
816 G	0.10634	0.02437	0.8693
817 A	0.10621	0.02314	0.87065
818 G	0.10632	0.01976	0.87392
819 C	0.10647	0.01754	0.87599
820 G	0.10661	0.01687	0.87651
821 G	0.10696	0.01614	0.8769
822 T	0.10740	0.01538	0.87722
823 A	0.10744	0.01524	0.87732
824 A	0.10759	0.01491	0.8775
825 A	0.10762	0.01375	0.87863
826 G	0.10763	0.01200	0.88038
827 G	0.10762	0.01132	0.88106
828 A	0.10763	0.01099	0.88138
829 G	0.10774	0.01060	0.88167
830 C	0.10804	0.01003	0.88193
831 G	0.10843	0.00970	0.88186
832 A	0.10907	0.00940	0.88153
833 T	0.11068	0.00808	0.88123
834 T	0.11155	0.00769	0.88076
835 A	0.11183	0.00897	0.8792
836 T	0.11239	0.00769	0.87992
837 T	0.11271	0.00711	0.88018
838 T	0.11273	0.00704	0.88023
839 T	0.11273	0.00714	0.88013
840 T	0.11270	0.00749	0.87981
841 T	0.11263	0.00784	0.87954
842 T	0.11213	0.00848	0.87939
843 A	0.11151	0.00920	0.8793
844 G	0.11135	0.00939	0.87926
845 A	0.11128	0.00956	0.87916
846 T	0.11135	0.00949	0.87915
847 G	0.11132	0.00965	0.87904
848 A	0.11136	0.00977	0.87887
849 A	0.11133	0.00994	0.87874
850 T	0.11135	0.01005	0.8786
851 G	0.11132	0.01018	0.87849
852 T	0.11138	0.01032	0.87831
853 G	0.11139	0.01059	0.87801
854 A	0.11153	0.01063	0.87785
855 A	0.11188	0.01030	0.87782
856 A	0.11238	0.00983	0.87779
857 A	0.11314	0.00907	0.87779
858 T	0.11529	0.00689	0.87782
859 C	0.11587	0.00627	0.87786
860 T	0.11659	0.00554	0.87788
861 T	0.11704	0.00506	0.8779
862 T	0.11736	0.00469	0.87794
863 T	0.11758	0.00441	0.87801
864 T	0.11776	0.00416	0.87808
865 T	0.11785	0.00347	0.87868
866 C	0.11789	0.00288	0.87923
867 T	0.11793	0.00277	0.8793
868 G	0.11795	0.00281	0.87924
869 A	0.11801	0.00298	0.87902
870 T	0.11814	0.00291	0.87895
871 A	0.11831	0.00275	0.87894
872 T	0.11854	0.00244	0.87902
873 T	0.11873	0.00221	0.87906
874 G	0.11880	0.00209	0.87911
875 C	0.11894	0.00194	0.87912
876 T	0.11913	0.00181	0.87905
877 A	0.11878	0.00225	0.87897
878 C	0.11868	0.00241	0.87891
879 T	0.11856	0.00292	0.87852
880 T	0.11834	0.00326	0.8784
881 T	0.11811	0.00361	0.87828
882 A	0.11770	0.00426	0.87804
883 A	0.11725	0.00477	0.87798
884 C	0.11692	0.00510	0.87798
885 A	0.11484	0.00727	0.87789
886 T	0.11107	0.01107	0.87786
887 C	0.10701	0.01516	0.87784
888 A	0.10426	0.01808	0.87767
889 G	0.10246	0.01988	0.87766
890 G	0.10148	0.02078	0.87774
891 A	0.10095	0.02123	0.87781
892 T	0.10086	0.02126	0.87788
893 C	0.10033	0.02166	0.87802
894 C	0.09977	0.02223	0.87801
895 G	0.09906	0.02333	0.8776
896 A	0.09853	0.02398	0.87749
897 A	0.09836	0.02419	0.87745
898 A	0.09831	0.02423	0.87746
899 T	0.09839	0.02404	0.87757
900 C	0.09838	0.02338	0.87824
901 G	0.09830	0.02326	0.87844
902 C	0.09852	0.02281	0.87867
903 C	0.09850	0.02274	0.87876
904 A	0.09853	0.02283	0.87864
905 A	0.09874	0.02260	0.87866
906 T	0.09883	0.02218	0.87898
907 G	0.09885	0.02190	0.87925
908 T	0.09897	0.01933	0.8817
909 T	0.09901	0.01456	0.88643
910 G	0.09902	0.01081	0.89017
911 T	0.09908	0.00858	0.89234
912 T	0.09896	0.00770	0.89334
913 A	0.09851	0.00799	0.8935
914 A	0.09803	0.00909	0.89288
915 T	0.09794	0.00963	0.89243
916 G	0.09780	0.01019	0.89202
917 A	0.09777	0.01153	0.89069
918 A	0.09806	0.01178	0.89016
919 T	0.09816	0.01208	0.88976
920 T	0.09810	0.01358	0.88831
921 T	0.09737	0.01691	0.88573
922 A	0.09567	0.02435	0.87999
923 A	0.09496	0.02932	0.87571
924 A	0.09299	0.03217	0.87485
925 A	0.09092	0.03483	0.87425
926 T	0.08988	0.03590	0.87421
927 T	0.08747	0.03839	0.87415
928 C	0.08417	0.04189	0.87393
929 A	0.08024	0.04643	0.87333
930 A	0.07876	0.04820	0.87304
931 T	0.07833	0.04874	0.87293
932 T	0.07742	0.04978	0.8728
933 A	0.07555	0.05168	0.87277
934 G	0.07442	0.05270	0.87287
935 A	0.06922	0.05777	0.87301
936 A	0.06821	0.05838	0.8734
937 C	0.06824	0.05791	0.87385
938 C	0.06725	0.05885	0.8739
939 A	0.06651	0.05973	0.87375
940 T	0.06737	0.05894	0.87369
941 C	0.06682	0.05952	0.87367
942 A	0.06675	0.05972	0.87353
943 G	0.06751	0.05897	0.87351
944 A	0.06977	0.05612	0.87412
945 T	0.07518	0.04927	0.87554
946 A	0.07828	0.04567	0.87605
947 A	0.07921	0.04225	0.87855
948 T	0.08010	0.03836	0.88154
949 T	0.07970	0.03698	0.88333
950 T	0.07932	0.03453	0.88616
951 A	0.07835	0.03276	0.88889
952 C	0.07823	0.02930	0.89247
953 T	0.07827	0.02847	0.89326
954 T	0.07801	0.02900	0.89299
955 A	0.07732	0.03049	0.89219
956 A	0.07679	0.03156	0.89165
957 A	0.07638	0.03238	0.89124
958 G	0.07567	0.02816	0.89617
959 A	0.07530	0.02919	0.89551
960 A	0.07523	0.02970	0.89507
961 G	0.07530	0.02969	0.89502
962 T	0.07555	0.02913	0.89531
963 T	0.07563	0.03038	0.894
964 T	0.07552	0.03385	0.89062
965 A	0.07532	0.03711	0.88758
966 T	0.07512	0.03997	0.88491
967 A	0.07466	0.04794	0.8774
968 A	0.07422	0.04915	0.87663
969 A	0.07372	0.05020	0.87608
970 G	0.07309	0.05212	0.87479
971 A	0.06928	0.05603	0.8747
972 C	0.06835	0.05636	0.87529
973 A	0.06802	0.05790	0.87408
974 G	0.06773	0.05864	0.87363
975 C	0.06779	0.06122	0.871
976 G	0.06798	0.06591	0.86611
977 A	0.06841	0.06955	0.86204
978 A	0.06925	0.07037	0.86038
979 G	0.07064	0.06876	0.8606
980 A	0.07180	0.06744	0.86077
981 A	0.07317	0.06537	0.86146
982 G	0.07576	0.06229	0.86195
983 C	0.07850	0.05936	0.86213
984 T	0.08178	0.05607	0.86215
985 A	0.08332	0.05453	0.86215
986 A	0.08550	0.05231	0.86219
987 T	0.08954	0.04815	0.86231
988 C	0.09112	0.04641	0.86246
989 A	0.09297	0.04441	0.86262
990 A	0.09865	0.03840	0.86295
991 A	0.09988	0.03682	0.86329
992 A	0.10119	0.03508	0.86373
993 A	0.10349	0.03217	0.86434
994 C	0.10480	0.02591	0.8693
995 C	0.10646	0.02337	0.87017
996 A	0.10962	0.02005	0.87033
997 G	0.11304	0.01651	0.87046
998 T	0.11846	0.01102	0.87052
999 T	0.12306	0.00633	0.8706
1000 T	0.12550	0.00380	0.8707
1001 T	0.12621	0.00261	0.87117
1002 T	0.12627	0.00231	0.87142
1003 G	0.12627	0.00239	0.87134
1004 T	0.12627	0.00250	0.87123
1005 T	0.12620	0.00282	0.87098
1006 G	0.12503	0.00461	0.87036
1007 T	0.12392	0.00693	0.86915
1008 T	0.12175	0.01425	0.86401
1009 G	0.11806	0.01893	0.86301
1010 G	0.11545	0.02207	0.86248
1011 A	0.11457	0.02334	0.86209
1012 G	0.11431	0.02359	0.86211
1013 C	0.11422	0.02365	0.86213
1014 A	0.11414	0.02375	0.86212
1015 A	0.11408	0.02381	0.86211
1016 C	0.11408	0.02382	0.8621
1017 C	0.11406	0.02384	0.86209
1018 A	0.11404	0.02394	0.86201
1019 A	0.11411	0.02389	0.86199
1020 T	0.11425	0.02377	0.86198
1021 C	0.11431	0.02373	0.86196
1022 A	0.11436	0.02377	0.86187
1023 C	0.11452	0.02363	0.86185
1024 T	0.11477	0.02353	0.86171
1025 T	0.11492	0.02350	0.86159
1026 A	0.11514	0.02348	0.86139
1027 G	0.11541	0.02320	0.86138
1028 A	0.11588	0.02269	0.86143
1029 A	0.11653	0.02024	0.86323
1030 G	0.11784	0.01699	0.86517
1031 G	0.12273	0.00971	0.86756
1032 T	0.12396	0.00562	0.87041
1033 T	0.12439	0.00374	0.87188
1034 T	0.12459	0.00350	0.87191
1035 T	0.12457	0.00387	0.87157
1036 G	0.12452	0.00438	0.8711
1037 A	0.12436	0.00484	0.87081
1038 G	0.12426	0.00520	0.87054
1039 A	0.12422	0.00533	0.87045
1040 A	0.12422	0.00534	0.87044
1041 A	0.12429	0.00528	0.87043
1042 G	0.12432	0.00521	0.87046
1043 C	0.12438	0.00516	0.87047
1044 G	0.12445	0.00508	0.87047
1045 A	0.12461	0.00494	0.87045
1046 T	0.12476	0.00479	0.87045
1047 T	0.12492	0.00464	0.87044
1048 C	0.12504	0.00452	0.87045
1049 T	0.12522	0.00427	0.87051
1050 T	0.12531	0.00412	0.87057
1051 T	0.12537	0.00404	0.87059
1052 C	0.12540	0.00401	0.87059
1053 T	0.12547	0.00395	0.87059
1054 C	0.12551	0.00391	0.87057
1055 G	0.12570	0.00378	0.87053
1056 T	0.12646	0.00309	0.87045
1057 T	0.12695	0.00271	0.87033
1058 T	0.12728	0.00259	0.87013
1059 T	0.12733	0.00316	0.86951
1060 A	0.12730	0.00399	0.86871
1061 G	0.12741	0.00447	0.86812
1062 T	0.12750	0.00456	0.86794
1063 A	0.12751	0.00522	0.86728
1064 T	0.12755	0.00558	0.86687
1065 T	0.12749	0.00579	0.86672
1066 C	0.12738	0.00613	0.86649
1067 A	0.12733	0.00657	0.8661
1068 G	0.12732	0.00672	0.86596
1069 C	0.12732	0.00689	0.86579
1070 T	0.12729	0.00723	0.86548
1071 T	0.12719	0.00762	0.86519
1072 G	0.12692	0.00827	0.86482
1073 A	0.12677	0.00874	0.86449
1074 A	0.12667	0.00916	0.86416
1075 A	0.12660	0.00960	0.8638
1076 T	0.12656	0.00996	0.86348
1077 A	0.12653	0.01006	0.86341
1078 A	0.12657	0.00999	0.86344
1079 A	0.12662	0.00984	0.86354
1080 A	0.12676	0.00946	0.86378
1081 C	0.12704	0.00898	0.86398
1082 C	0.12769	0.00815	0.86416
1083 A	0.12858	0.00720	0.86422
1084 G	0.12921	0.00652	0.86426
1085 G	0.12948	0.00623	0.86429
1086 C	0.13018	0.00552	0.8643
1087 C	0.13066	0.00514	0.86419
1088 G	0.13097	0.00537	0.86367
1089 T	0.13148	0.00524	0.86328
1090 T	0.13192	0.00525	0.86283
1091 T	0.13200	0.00613	0.86187
1092 T	0.13198	0.00701	0.86101
1093 G	0.13183	0.00794	0.86023
1094 A	0.13183	0.00929	0.85888
1095 T	0.13207	0.00895	0.85898
1096 G	0.13214	0.00886	0.859
1097 A	0.13234	0.00870	0.85896
1098 A	0.13264	0.00835	0.85901
1099 C	0.13285	0.00807	0.85908
1100 G	0.13291	0.00800	0.8591
1101 T	0.13294	0.00798	0.85908
1102 C	0.13292	0.00801	0.85908
1103 G	0.13290	0.00810	0.859
1104 T	0.13290	0.00811	0.85898
1105 A	0.13286	0.00816	0.85898
1106 G	0.13285	0.00816	0.85899
1107 A	0.13287	0.00815	0.85898
1108 C	0.13295	0.00806	0.859
1109 A	0.13305	0.00802	0.85893
1110 A	0.13343	0.00773	0.85883
1111 T	0.13444	0.00683	0.85873
1112 T	0.13514	0.00616	0.8587
1113 A	0.13564	0.00571	0.85865
1114 T	0.13680	0.00449	0.85872
1115 T	0.13749	0.00365	0.85886
1116 C	0.13793	0.00295	0.85911
1117 T	0.13894	0.00206	0.859
1118 T	0.13905	0.00216	0.85879
1119 T	0.13908	0.00228	0.85864
1120 A	0.13905	0.00243	0.85851
1121 T	0.13906	0.00255	0.85838
1122 T	0.13897	0.00267	0.85836
1123 T	0.13886	0.00295	0.85819
1124 T	0.13865	0.00333	0.85802
1125 A	0.13824	0.00409	0.85767
1126 T	0.13817	0.00443	0.85741
1127 T	0.13802	0.00461	0.85736
1128 T	0.13785	0.00483	0.85731
1129 G	0.13767	0.00513	0.8572
1130 A	0.13762	0.00537	0.85702
1131 C	0.13758	0.00559	0.85682
1132 A	0.13761	0.00599	0.85641
1133 A	0.13766	0.00632	0.85602
1134 A	0.13762	0.00674	0.85563
1135 A	0.13767	0.00676	0.85558
1136 G	0.13776	0.00668	0.85556
1137 T	0.13797	0.00644	0.85559
1138 T	0.13807	0.00628	0.85565
1139 C	0.13812	0.00621	0.85568
1140 A	0.13829	0.00621	0.85551
1141 T	0.13857	0.00607	0.85536
1142 T	0.13872	0.00639	0.85489
1143 A	0.13865	0.00720	0.85415
1144 T	0.13875	0.00719	0.85406
1145 G	0.13873	0.00729	0.85398
1146 T	0.13884	0.00708	0.85408
1147 G	0.13888	0.00671	0.85442
1148 C	0.13914	0.00596	0.85489
1149 T	0.13923	0.00605	0.85472
1150 C	0.13884	0.00705	0.85411
1151 C	0.13833	0.01009	0.85158
1152 G	0.13685	0.01755	0.84559
1153 A	0.13594	0.02073	0.84333
1154 T	0.13569	0.02197	0.84234
1155 A	0.13553	0.02288	0.8416
1156 A	0.13553	0.02291	0.84156
1157 C	0.13566	0.02265	0.84169
1158 T	0.13552	0.02288	0.8416
1159 T	0.13511	0.02343	0.84145
1160 C	0.13415	0.02475	0.84111
1161 A	0.13325	0.02791	0.83884
1162 G	0.13253	0.02920	0.83827
1163 A	0.13197	0.03028	0.83775
1164 A	0.13143	0.03161	0.83696
1165 G	0.13168	0.03146	0.83686
1166 C	0.13223	0.03081	0.83695
1167 A	0.13222	0.03113	0.83665
1168 A	0.13238	0.03116	0.83646
1169 C	0.13249	0.03111	0.83639
1170 A	0.13251	0.03192	0.83557
1171 G	0.13268	0.03289	0.83444
1172 A	0.13385	0.03223	0.83392
1173 A	0.13529	0.03071	0.83399
1174 T	0.13830	0.02743	0.83427
1175 A	0.14268	0.02171	0.8356
1176 T	0.14482	0.01870	0.83648
1177 T	0.14554	0.01835	0.83611
1178 T	0.14587	0.01874	0.8354
1179 A	0.14585	0.01963	0.83452
1180 T	0.14593	0.01989	0.83418
1181 T	0.14599	0.02039	0.83362
1182 A	0.14562	0.02172	0.83266
1183 G	0.14558	0.02124	0.83317
1184 A	0.14745	0.01905	0.83351
1185 T	0.14802	0.01796	0.83402
1186 A	0.14838	0.01722	0.8344
1187 C	0.14923	0.01579	0.83498
1188 T	0.14952	0.01556	0.83493
1189 A	0.14963	0.01553	0.83484
1190 T	0.15005	0.01509	0.83486
1191 T	0.15043	0.01475	0.83482
1192 A	0.15064	0.01470	0.83466
1193 A	0.15145	0.01386	0.83468
1194 T	0.15272	0.01253	0.83475
1195 T	0.15330	0.01189	0.83482
1196 T	0.15358	0.01158	0.83484
1197 A	0.15375	0.01144	0.83482
1198 G	0.15412	0.01104	0.83484
1199 C	0.15455	0.01068	0.83476
1200 T	0.15554	0.01029	0.83417
1201 T	0.15594	0.01101	0.83305
1202 T	0.15585	0.01191	0.83224
1203 A	0.15383	0.01523	0.83094
1204 G	0.15237	0.01823	0.82939
1205 A	0.15292	0.01836	0.82872
1206 T	0.15333	0.01838	0.82829
1207 T	0.15367	0.01922	0.82711
1208 T	0.15372	0.02006	0.82623
1209 T	0.15336	0.02059	0.82604
1210 T	0.15247	0.02160	0.82593
1211 T	0.15141	0.02290	0.82569
1212 A	0.14777	0.02666	0.82558
1213 C	0.14607	0.02838	0.82554
1214 C	0.14519	0.02932	0.8255
1215 A	0.14351	0.03117	0.82531
1216 C	0.14181	0.03309	0.82511
1217 C	0.14103	0.03424	0.82472
1218 T	0.14043	0.03682	0.82275
1219 G	0.13969	0.04040	0.81991
1220 A	0.13947	0.04373	0.8168
1221 A	0.13940	0.04612	0.81448
1222 A	0.13965	0.04678	0.81356
1223 A	0.14047	0.04606	0.81346
1224 T	0.14183	0.04418	0.81398
1225 G	0.14258	0.04234	0.81508
1226 A	0.14376	0.03921	0.81703
1227 T	0.14553	0.03556	0.81891
1228 G	0.14650	0.03447	0.81903
1229 C	0.14719	0.03425	0.81856
1230 T	0.14815	0.03728	0.81457
1231 A	0.14837	0.04288	0.80875
1232 A	0.14828	0.04776	0.80396
1233 G	0.14739	0.05369	0.79891
1234 G	0.14641	0.06260	0.79099
1235 G	0.14629	0.07627	0.77744
1236 T	0.14649	0.09404	0.75947
1237 A	0.14614	0.09952	0.75434
1238 A	0.14623	0.10078	0.75298
1239 T	0.14697	0.09992	0.75311
1240 G	0.14728	0.10230	0.75041
1241 C	0.14898	0.10334	0.74768
1242 G	0.15124	0.10341	0.74535
1243 A	0.15367	0.10204	0.74429
1244 T	0.15463	0.10243	0.74293
1245 A	0.15036	0.10823	0.74141
1246 C	0.14440	0.11455	0.74105
1247 C	0.13309	0.12769	0.73921
1248 A	0.12380	0.14080	0.7354
1249 G	0.12022	0.14847	0.73132
1250 C	0.11804	0.15408	0.72787
1251 G	0.11632	0.16260	0.72108
1252 G	0.11539	0.17649	0.70812
1253 A	0.11829	0.18413	0.69758
1254 A	0.12339	0.18066	0.69595
1255 A	0.12848	0.17742	0.6941
1256 A	0.13555	0.17041	0.69405
1257 G	0.14370	0.16104	0.69526
1258 C	0.15965	0.14502	0.69533
1259 A	0.17562	0.12979	0.69459
1260 T	0.18169	0.12386	0.69445
1261 C	0.18298	0.12294	0.69408
1262 A	0.18162	0.12666	0.69172
1263 T	0.18196	0.12867	0.68937
1264 A	0.17450	0.14213	0.68337
1265 A	0.16434	0.15970	0.67595
1266 A	0.15931	0.17336	0.66732
1267 A	0.15722	0.17539	0.66739
1268 A	0.15760	0.17024	0.67216
1269 A	0.15891	0.16190	0.67919
1270 T	0.16352	0.14400	0.69248
1271 C	0.16859	0.13031	0.7011
1272 T	0.17556	0.12168	0.70277
1273 T	0.17982	0.11649	0.70369
1274 A	0.18343	0.11219	0.70438
1275 T	0.19155	0.10291	0.70554
1276 C	0.19709	0.09720	0.70571
1277 G	0.19848	0.09690	0.70463
1278 T	0.20065	0.09866	0.70069
1279 A	0.20190	0.10654	0.69155
1280 T	0.20274	0.10850	0.68875
1281 T	0.20346	0.11219	0.68435
1282 T	0.20408	0.11744	0.67849
1283 T	0.20405	0.12540	0.67055
1284 A	0.20352	0.13940	0.65709
1285 A	0.20449	0.15070	0.64481
1286 A	0.20637	0.15485	0.63878
1287 A	0.21190	0.15126	0.63684
1288 A	0.21908	0.14470	0.63623
1289 A	0.22739	0.14077	0.63184
1290 T	0.22959	0.14294	0.62747
1291 A	0.22980	0.16006	0.61014
1292 T	0.22933	0.18362	0.58705
1293 G	0.22760	0.20140	0.57099
1294 A	0.22751	0.22272	0.54978
1295 T	0.22565	0.22775	0.5466
1296 T	0.22183	0.23752	0.54065
1297 A	0.21598	0.24940	0.53462
1298 A	0.21323	0.25581	0.53095
1299 C	0.20123	0.27149	0.52727
1300 G	0.19832	0.27844	0.52325
1301 A	0.20062	0.27816	0.52122
1302 T	0.20948	0.27217	0.51836
1303 G	0.20911	0.27814	0.51276
1304 C	0.20969	0.27887	0.51145
1305 C	0.20119	0.28857	0.51023
1306 A	0.19947	0.29420	0.50632
1307 A	0.20560	0.28974	0.50466
1308 C	0.21452	0.28084	0.50464
1309 C	0.21863	0.27726	0.50412
1310 A	0.22299	0.27532	0.50169
1311 A	0.23276	0.26737	0.49988
1312 C	0.24320	0.25705	0.49976
1313 A	0.25017	0.25106	0.49876
1314 A	0.26855	0.23330	0.49815
1315 T	0.29490	0.20613	0.49898
1316 C	0.30675	0.19276	0.50049
1317 A	0.32027	0.18107	0.49867
1318 G	0.32377	0.17339	0.50284
1319 T	0.32980	0.16315	0.50706
1320 T	0.33273	0.15632	0.51095
1321 A	0.32811	0.16000	0.51188
1322 C	0.32662	0.14736	0.52602
1323 A	0.32638	0.15344	0.52018
1324 A	0.32735	0.15882	0.51383
1325 G	0.33135	0.15900	0.50965
1326 A	0.33930	0.15978	0.50092
1327 G	0.34273	0.16739	0.48987
1328 T	0.34758	0.15482	0.4976
