# lcl|CP097583.1_cds_USQ93270.1_1
# AA	inside	membr	outside
1 A	0.82090	0.00000	0.1791
2 T	0.81959	0.00131	0.1791
3 G	0.81687	0.00403	0.1791
4 A	0.81687	0.00941	0.17372
5 A	0.80282	0.02772	0.16946
6 T	0.80282	0.02878	0.1684
7 G	0.75310	0.07933	0.16757
8 A	0.75310	0.07937	0.16753
9 T	0.74632	0.08697	0.16671
10 T	0.74628	0.10628	0.14744
11 T	0.73268	0.12173	0.14559
12 A	0.39722	0.45823	0.14455
13 G	0.14832	0.70887	0.14281
14 C	0.14826	0.70893	0.14281
15 A	0.14826	0.76780	0.08394
16 A	0.14453	0.77153	0.08394
17 A	0.13992	0.77624	0.08384
18 A	0.13980	0.77657	0.08363
19 T	0.13858	0.77791	0.08351
20 C	0.13336	0.78616	0.08048
21 A	0.12728	0.79225	0.08046
22 A	0.12789	0.79303	0.07908
23 T	0.12913	0.79234	0.07853
24 T	0.12982	0.79281	0.07737
25 T	0.12961	0.79262	0.07778
26 T	0.12820	0.79146	0.08034
27 G	0.12730	0.78857	0.08413
28 G	0.12757	0.77885	0.09357
29 A	0.12734	0.78118	0.09148
30 A	0.12859	0.74329	0.12811
31 A	0.12904	0.73654	0.13443
32 A	0.13035	0.70198	0.16767
33 A	0.15129	0.63829	0.21042
34 T	0.15630	0.58863	0.25507
35 T	0.16593	0.30608	0.52798
36 A	0.16643	0.16122	0.67235
37 G	0.16712	0.16653	0.66636
38 A	0.19966	0.18446	0.61588
39 A	0.19257	0.30513	0.50231
40 A	0.18926	0.39044	0.4203
41 A	0.17012	0.46485	0.36504
42 G	0.16226	0.52686	0.31087
43 A	0.16176	0.57012	0.26812
44 A	0.14279	0.74714	0.11007
45 A	0.13834	0.77542	0.08624
46 A	0.13815	0.77802	0.08383
47 T	0.14152	0.77755	0.08093
48 G	0.14170	0.77644	0.08185
49 C	0.14178	0.77722	0.08101
50 T	0.14127	0.78596	0.07277
51 A	0.13990	0.78934	0.07075
52 C	0.14183	0.78724	0.07094
53 A	0.14377	0.78632	0.06991
54 A	0.14775	0.78250	0.06974
55 G	0.15152	0.77827	0.07021
56 C	0.16133	0.76834	0.07033
57 T	0.17013	0.76025	0.06963
58 C	0.17442	0.75683	0.06875
59 A	0.18558	0.74720	0.06722
60 A	0.19642	0.73715	0.06643
61 G	0.23812	0.69578	0.0661
62 A	0.33989	0.58830	0.07181
63 A	0.42840	0.49659	0.07501
64 G	0.51177	0.38920	0.09903
65 T	0.58405	0.30975	0.10621
66 A	0.62528	0.26597	0.10875
67 A	0.74926	0.12638	0.12436
68 T	0.77627	0.09144	0.13229
69 G	0.78132	0.08381	0.13487
70 T	0.79050	0.07315	0.13635
71 T	0.79326	0.06813	0.1386
72 A	0.79419	0.06522	0.14058
73 T	0.80187	0.05505	0.14308
74 C	0.79188	0.06459	0.14353
75 T	0.78613	0.07452	0.13934
76 A	0.78039	0.10006	0.11955
77 A	0.77825	0.11669	0.10506
78 A	0.76968	0.14720	0.08311
79 T	0.76474	0.15308	0.08218
80 T	0.76039	0.15648	0.08312
81 T	0.75132	0.16491	0.08377
82 A	0.73704	0.17976	0.08319
83 C	0.73118	0.18504	0.08377
84 T	0.72556	0.19596	0.07847
85 A	0.71589	0.21668	0.06743
86 A	0.71293	0.22470	0.06236
87 T	0.71178	0.22635	0.06187
88 A	0.71097	0.22786	0.06117
89 T	0.71178	0.22385	0.06438
90 T	0.71097	0.22269	0.06634
91 C	0.70823	0.22383	0.06795
92 G	0.69940	0.23349	0.06711
93 A	0.66346	0.27166	0.06488
94 A	0.64345	0.29209	0.06446
95 C	0.63360	0.30058	0.06582
96 A	0.62599	0.30840	0.06562
97 G	0.62478	0.29693	0.07829
98 G	0.62694	0.28930	0.08376
99 G	0.64315	0.26908	0.08777
100 A	0.65627	0.25490	0.08882
101 T	0.67702	0.22201	0.10098
102 A	0.67715	0.21240	0.11045
103 G	0.67548	0.20570	0.11883
104 C	0.67702	0.19614	0.12684
105 T	0.67555	0.19287	0.13158
106 A	0.66995	0.19635	0.1337
107 A	0.66803	0.19500	0.13698
108 T	0.67023	0.18563	0.14414
109 C	0.66577	0.18805	0.14618
110 C	0.65550	0.19832	0.14618
111 T	0.64363	0.23256	0.12381
112 A	0.63254	0.25876	0.10869
113 A	0.62747	0.27232	0.1002
114 A	0.62324	0.28244	0.09432
115 A	0.62202	0.28341	0.09456
116 T	0.62381	0.24221	0.13399
117 T	0.62230	0.22421	0.15349
118 T	0.61194	0.23099	0.15707
119 T	0.59754	0.25029	0.15216
120 A	0.57689	0.27863	0.14448
121 G	0.56151	0.29834	0.14015
122 A	0.55625	0.30623	0.13753
123 T	0.55269	0.31028	0.13704
124 A	0.54554	0.32083	0.13363
125 A	0.54367	0.32595	0.13038
126 A	0.54428	0.32457	0.13115
127 A	0.54670	0.31934	0.13395
128 T	0.55029	0.30990	0.13981
129 A	0.55121	0.30172	0.14706
130 A	0.55334	0.29156	0.1551
131 C	0.55762	0.26937	0.17301
132 T	0.56210	0.26047	0.17743
133 G	0.56624	0.25049	0.18327
134 T	0.58897	0.22400	0.18704
135 T	0.59988	0.21330	0.18682
136 G	0.60520	0.21038	0.18443
137 A	0.61211	0.20186	0.18603
138 T	0.62508	0.18435	0.19057
139 T	0.63072	0.17538	0.1939
140 A	0.63385	0.16903	0.19712
141 T	0.64065	0.15006	0.20928
142 T	0.64251	0.13978	0.21771
143 A	0.63182	0.15144	0.21674
144 T	0.61729	0.17367	0.20904
145 A	0.56440	0.26902	0.16657
146 A	0.53073	0.32318	0.14609
147 T	0.49167	0.38569	0.12263
148 G	0.42045	0.47719	0.10236
149 A	0.37461	0.53790	0.08749
150 A	0.33395	0.59111	0.07495
151 A	0.31748	0.62002	0.0625
152 A	0.30836	0.63328	0.05836
153 A	0.30321	0.63869	0.0581
154 A	0.30269	0.63882	0.05849
155 T	0.30777	0.63295	0.05928
156 G	0.30931	0.63034	0.06035
157 C	0.31305	0.62622	0.06074
158 C	0.31839	0.62095	0.06066
159 T	0.32069	0.61958	0.05973
160 T	0.31752	0.62511	0.05737
161 T	0.30767	0.63682	0.05551
162 A	0.29445	0.65309	0.05246
163 A	0.28823	0.66000	0.05177
164 A	0.28578	0.65900	0.05522
165 A	0.28983	0.64503	0.06514
166 A	0.30472	0.61006	0.08523
167 A	0.32810	0.56101	0.11089
168 T	0.38082	0.44777	0.17141
169 A	0.40692	0.38587	0.20721
170 T	0.44282	0.30286	0.25433
171 T	0.46265	0.22324	0.31411
172 A	0.47080	0.17485	0.35436
173 G	0.47672	0.13225	0.39103
174 T	0.48606	0.10804	0.4059
175 A	0.48792	0.10056	0.41153
176 C	0.48914	0.09414	0.41672
177 T	0.49052	0.10335	0.40612
178 A	0.49073	0.11705	0.39222
179 T	0.49171	0.12857	0.37972
180 T	0.49160	0.15734	0.35106
181 A	0.48994	0.17789	0.33217
182 G	0.48843	0.18515	0.32642
183 T	0.49028	0.18677	0.32294
184 G	0.48970	0.19541	0.31489
185 T	0.49128	0.20643	0.30228
186 T	0.48661	0.23409	0.27931
187 T	0.47522	0.28073	0.24405
188 T	0.45808	0.31227	0.22965
189 A	0.42181	0.37170	0.2065
190 G	0.39299	0.42652	0.18049
191 A	0.37096	0.48450	0.14454
192 A	0.36287	0.52887	0.10826
193 G	0.35957	0.56939	0.07104
194 G	0.35874	0.58238	0.05888
195 A	0.35845	0.58338	0.05816
196 A	0.35905	0.58272	0.05824
197 A	0.36053	0.58073	0.05874
198 C	0.36434	0.57576	0.0599
199 C	0.36834	0.57235	0.0593
200 A	0.38138	0.56093	0.05769
201 A	0.39744	0.54698	0.05558
202 A	0.41492	0.53243	0.05266
203 T	0.44854	0.49915	0.0523
204 T	0.46541	0.48171	0.05287
205 A	0.47421	0.47219	0.05359
206 A	0.48664	0.45889	0.05447
207 T	0.50932	0.43300	0.05767
208 A	0.52520	0.41520	0.0596
209 T	0.55714	0.37335	0.0695
210 T	0.58887	0.32868	0.08245
211 A	0.58624	0.31749	0.09627
212 A	0.59339	0.28208	0.12454
213 A	0.61396	0.23624	0.1498
214 C	0.64563	0.18216	0.1722
215 C	0.67942	0.14198	0.17859
216 A	0.71689	0.10825	0.17486
217 T	0.73300	0.09731	0.16969
218 T	0.73385	0.10476	0.16139
219 T	0.73033	0.11946	0.15021
220 G	0.72172	0.13741	0.14088
221 A	0.71748	0.15413	0.12838
222 T	0.71652	0.16085	0.12262
223 A	0.71556	0.16989	0.11455
224 A	0.71737	0.16687	0.11576
225 T	0.72091	0.16114	0.11795
226 A	0.71974	0.16341	0.11685
227 G	0.71957	0.16419	0.11625
228 C	0.71860	0.16724	0.11416
229 A	0.71953	0.17800	0.10248
230 T	0.72173	0.17918	0.0991
231 T	0.72258	0.18697	0.09045
232 A	0.72184	0.19405	0.08411
233 T	0.72095	0.19552	0.08353
234 T	0.71217	0.19312	0.09471
235 G	0.69720	0.20274	0.10005
236 G	0.67882	0.22207	0.09911
237 A	0.67022	0.23928	0.09051
238 G	0.66305	0.25476	0.08219
239 A	0.66548	0.26014	0.07438
240 A	0.67385	0.25467	0.07149
241 A	0.68674	0.23998	0.07329
242 T	0.70179	0.22004	0.07817
243 T	0.71194	0.20195	0.08611
244 T	0.71904	0.19103	0.08993
245 C	0.72144	0.18727	0.09128
246 T	0.72399	0.18487	0.09114
247 A	0.71921	0.18941	0.09138
248 A	0.71754	0.19064	0.09181
249 A	0.71931	0.18730	0.09339
250 G	0.72450	0.18096	0.09454
251 C	0.73423	0.16709	0.09868
252 T	0.74980	0.15211	0.09809
253 A	0.75481	0.14754	0.09765
254 T	0.76503	0.13615	0.09882
255 T	0.77023	0.13028	0.09949
256 T	0.77167	0.12910	0.09924
257 T	0.77248	0.12109	0.10643
258 A	0.77357	0.11059	0.11583
259 A	0.77688	0.08932	0.1338
260 A	0.78588	0.07245	0.14167
261 T	0.79538	0.05390	0.15072
262 T	0.80221	0.04410	0.1537
263 C	0.80337	0.04256	0.15406
264 T	0.80116	0.04881	0.15003
265 G	0.79628	0.06138	0.14235
266 A	0.78190	0.08147	0.13664
267 T	0.77676	0.09182	0.13142
268 T	0.76034	0.11747	0.12219
269 T	0.72895	0.15197	0.11908
270 A	0.67047	0.21657	0.11296
271 G	0.63421	0.26594	0.09985
272 G	0.61459	0.30013	0.08528
273 A	0.60814	0.33241	0.05945
274 A	0.60458	0.34422	0.0512
275 T	0.60431	0.35191	0.04378
276 A	0.60095	0.35732	0.04173
277 A	0.59960	0.35866	0.04175
278 C	0.59786	0.35972	0.04241
279 A	0.59781	0.35950	0.04269
280 C	0.59922	0.35731	0.04347
281 C	0.60055	0.35571	0.04374
282 A	0.59900	0.35796	0.04304
283 C	0.59704	0.36096	0.04199
284 A	0.59543	0.36761	0.03695
285 A	0.59515	0.37014	0.03471
286 G	0.59654	0.36837	0.03509
287 A	0.60179	0.36115	0.03706
288 T	0.61103	0.34724	0.04173
289 G	0.61578	0.31902	0.0652
290 A	0.62226	0.30065	0.0771
291 T	0.63388	0.26221	0.10391
292 G	0.63842	0.22537	0.13621
293 G	0.64757	0.16945	0.18298
294 T	0.66229	0.12594	0.21178
295 C	0.67345	0.10041	0.22614
296 A	0.69191	0.08271	0.22539
297 A	0.70085	0.07506	0.22409
298 G	0.71006	0.06899	0.22094
299 T	0.71450	0.06631	0.2192
300 T	0.71566	0.07323	0.21111
301 G	0.71615	0.08441	0.19944
302 T	0.71671	0.10886	0.17443
303 A	0.71662	0.14628	0.13711
304 A	0.71706	0.15760	0.12534
305 A	0.71852	0.17140	0.11007
306 A	0.72073	0.18278	0.09649
307 T	0.72704	0.19057	0.08239
308 T	0.72925	0.20252	0.06822
309 A	0.72588	0.22059	0.05353
310 G	0.72496	0.23014	0.0449
311 T	0.72546	0.23513	0.03941
312 T	0.72433	0.23745	0.03822
313 T	0.72202	0.23993	0.03805
314 T	0.71141	0.25076	0.03783
315 T	0.67947	0.28305	0.03748
316 C	0.61860	0.34482	0.03657
317 C	0.54785	0.41923	0.03292
318 A	0.47357	0.49672	0.02971
319 A	0.41427	0.55677	0.02896
320 A	0.34799	0.62383	0.02818
321 A	0.24932	0.72330	0.02739
322 C	0.21398	0.75861	0.0274
323 C	0.19982	0.77268	0.02751
324 A	0.18757	0.78500	0.02743
325 A	0.19162	0.78092	0.02746
326 C	0.20512	0.76727	0.02762
327 A	0.17937	0.79308	0.02755
328 G	0.17868	0.79373	0.02759
329 A	0.18544	0.78664	0.02792
330 A	0.18888	0.78290	0.02822
331 G	0.18684	0.78419	0.02898
332 A	0.17588	0.79059	0.03354
333 T	0.17508	0.78750	0.03743
334 A	0.14837	0.81243	0.0392
335 G	0.11464	0.84269	0.04267
336 A	0.08366	0.87111	0.04524
337 A	0.05859	0.88282	0.05859
338 G	0.04389	0.86274	0.09338
339 A	0.03928	0.81960	0.14111
340 A	0.04050	0.76424	0.19526
341 A	0.04293	0.69980	0.25726
342 A	0.04383	0.63734	0.31883
343 A	0.04495	0.56159	0.39346
344 T	0.04622	0.44749	0.5063
345 T	0.04596	0.40327	0.55078
346 T	0.04531	0.38212	0.57257
347 T	0.04408	0.36988	0.58604
348 A	0.04211	0.36958	0.5883
349 A	0.04144	0.35871	0.59984
350 T	0.04113	0.32647	0.63239
351 T	0.04026	0.32758	0.63216
352 A	0.03844	0.35325	0.60831
353 A	0.03767	0.38228	0.58005
354 A	0.03713	0.38911	0.57376
355 G	0.03699	0.37961	0.5834
356 A	0.03721	0.39823	0.56456
357 A	0.03889	0.39565	0.56546
358 G	0.04214	0.39256	0.56529
359 T	0.04718	0.37792	0.5749
360 T	0.04941	0.38761	0.56298
361 G	0.04956	0.43471	0.51573
362 A	0.05024	0.54023	0.40954
363 T	0.04847	0.68243	0.26911
364 A	0.04436	0.83055	0.1251
365 A	0.04261	0.87899	0.0784
366 A	0.04454	0.90197	0.05349
367 A	0.04773	0.90204	0.05024
368 T	0.05370	0.89654	0.04977
369 A	0.05654	0.89421	0.04924
370 G	0.06448	0.88489	0.05063
371 C	0.07678	0.87173	0.0515
372 G	0.08162	0.86816	0.05023
373 G	0.08786	0.86583	0.04631
374 A	0.10062	0.86141	0.03797
375 A	0.12405	0.84595	0.02999
376 C	0.15509	0.81582	0.0291
377 A	0.17506	0.79762	0.02732
378 A	0.19067	0.78389	0.02544
379 A	0.21461	0.76078	0.02462
380 C	0.23993	0.73587	0.02421
381 T	0.27546	0.70150	0.02304
382 A	0.28628	0.69163	0.0221
383 A	0.31913	0.65892	0.02194
384 A	0.38010	0.59761	0.02229
385 A	0.49185	0.48528	0.02286
386 T	0.64670	0.32546	0.02785
387 T	0.78011	0.18646	0.03343
388 T	0.81310	0.15049	0.03641
389 C	0.82109	0.14096	0.03795
390 T	0.81936	0.14306	0.03758
391 A	0.80731	0.15649	0.0362
392 T	0.77705	0.18632	0.03664
393 A	0.71335	0.25023	0.03642
394 A	0.68213	0.28126	0.03661
395 G	0.65576	0.30270	0.04154
396 A	0.60605	0.35037	0.04357
397 A	0.55480	0.39782	0.04738
398 A	0.53286	0.41584	0.0513
399 T	0.52299	0.42087	0.05614
400 A	0.51902	0.42284	0.05815
401 T	0.51919	0.41850	0.0623
402 T	0.51462	0.41799	0.0674
403 A	0.50028	0.42952	0.0702
404 T	0.49190	0.43407	0.07403
405 T	0.45226	0.46354	0.0842
406 C	0.36525	0.54677	0.08797
407 G	0.28161	0.63071	0.08768
408 T	0.24082	0.67227	0.08691
409 C	0.17573	0.73912	0.08516
410 A	0.14805	0.76986	0.0821
411 A	0.13628	0.78416	0.07956
412 G	0.12815	0.78951	0.08234
413 G	0.12362	0.79614	0.08023
414 T	0.12094	0.80394	0.07512
415 A	0.11402	0.78986	0.09612
416 A	0.10836	0.74692	0.14471
417 A	0.10341	0.73394	0.16266
418 A	0.09956	0.71581	0.18462
419 A	0.09867	0.66456	0.23677
420 A	0.09751	0.60343	0.29906
421 A	0.09878	0.56743	0.33379
422 C	0.10061	0.55096	0.34844
423 G	0.10491	0.54659	0.3485
424 A	0.10983	0.54393	0.34625
425 A	0.11098	0.54033	0.34868
426 A	0.11197	0.52642	0.36161
427 T	0.11453	0.51625	0.36922
428 T	0.11317	0.50143	0.3854
429 A	0.10861	0.51216	0.37923
430 A	0.10075	0.52737	0.37188
431 A	0.09782	0.52830	0.37388
432 T	0.09695	0.53179	0.37126
433 G	0.09238	0.62755	0.28007
434 A	0.09007	0.72073	0.1892
435 A	0.08885	0.75789	0.15327
436 A	0.09484	0.77474	0.13041
437 T	0.10845	0.76821	0.12335
438 A	0.11643	0.76373	0.11984
439 G	0.12284	0.75193	0.12524
440 A	0.13027	0.73971	0.13002
441 T	0.13458	0.73096	0.13446
442 A	0.13628	0.72901	0.1347
443 C	0.14190	0.72231	0.13579
444 A	0.14586	0.72683	0.12731
445 T	0.14978	0.73177	0.11845
446 T	0.15183	0.74014	0.10804
447 A	0.15031	0.75152	0.09817
448 G	0.15156	0.75324	0.0952
449 A	0.15585	0.75121	0.09295
450 A	0.16362	0.74463	0.09175
451 G	0.20876	0.69997	0.09127
452 A	0.31942	0.58939	0.0912
453 T	0.43908	0.46426	0.09666
454 A	0.48320	0.42345	0.09335
455 A	0.54579	0.36146	0.09276
456 T	0.65276	0.24973	0.09751
457 T	0.73230	0.16514	0.10256
458 T	0.75395	0.13833	0.10772
459 T	0.76449	0.12634	0.10917
460 T	0.75769	0.13357	0.10873
461 C	0.73890	0.15262	0.10848
462 T	0.69952	0.19901	0.10147
463 A	0.56927	0.34231	0.08842
464 A	0.49603	0.42096	0.08301
465 A	0.44362	0.48206	0.07432
466 G	0.41428	0.52130	0.06442
467 A	0.38281	0.56956	0.04763
468 T	0.36703	0.58520	0.04776
469 A	0.34788	0.60402	0.0481
470 T	0.34436	0.60374	0.0519
471 A	0.29201	0.65422	0.05377
472 C	0.25933	0.68474	0.05593
473 A	0.23385	0.71106	0.05509
474 A	0.22799	0.71777	0.05424
475 A	0.22297	0.72401	0.05301
476 A	0.21625	0.73180	0.05194
477 T	0.21961	0.72844	0.05195
478 T	0.21439	0.73193	0.05368
479 T	0.20489	0.74118	0.05393
480 G	0.18365	0.76200	0.05435
481 A	0.17198	0.77153	0.05649
482 A	0.16821	0.76565	0.06614
483 T	0.16750	0.74609	0.08641
484 A	0.16330	0.73015	0.10655
485 A	0.16825	0.68820	0.14355
486 T	0.18059	0.56470	0.25471
487 A	0.18381	0.50304	0.31315
488 A	0.19074	0.45180	0.35747
489 A	0.20054	0.40930	0.39017
490 T	0.21824	0.35111	0.43065
491 T	0.21979	0.31801	0.4622
492 T	0.22047	0.29894	0.48059
493 A	0.22042	0.29792	0.48167
494 T	0.22087	0.25730	0.52183
495 T	0.21987	0.26033	0.5198
496 A	0.21934	0.26194	0.51872
497 A	0.21975	0.26356	0.51669
498 A	0.22067	0.25564	0.52369
499 T	0.22235	0.24230	0.53535
500 T	0.22316	0.24266	0.53418
501 A	0.22194	0.24039	0.53767
502 G	0.22289	0.23667	0.54045
503 T	0.22511	0.22855	0.54634
504 T	0.22488	0.24316	0.53196
505 G	0.21919	0.27640	0.50442
506 A	0.21461	0.32421	0.46118
507 T	0.21238	0.36626	0.42136
508 G	0.19587	0.47991	0.32421
509 T	0.19051	0.54994	0.25956
510 A	0.17970	0.64568	0.17462
511 G	0.17697	0.66358	0.15944
512 A	0.17698	0.68855	0.13447
513 T	0.17943	0.69731	0.12325
514 A	0.17675	0.70142	0.12182
515 C	0.18601	0.69311	0.12088
516 A	0.19708	0.68507	0.11785
517 A	0.20820	0.67493	0.11687
518 C	0.23353	0.64949	0.11699
519 T	0.25041	0.63712	0.11247
520 A	0.24066	0.65507	0.10427
521 A	0.21902	0.68999	0.09098
522 G	0.18571	0.74067	0.07361
523 A	0.16119	0.77676	0.06205
524 A	0.14066	0.80081	0.05853
525 A	0.12924	0.81366	0.05711
526 A	0.12853	0.81625	0.05521
527 A	0.15247	0.79085	0.05667
528 A	0.18159	0.75548	0.06294
529 A	0.22704	0.70358	0.06937
530 A	0.28508	0.63835	0.07656
531 T	0.39081	0.51392	0.09527
532 G	0.44380	0.45170	0.10449
533 A	0.51132	0.37304	0.11564
534 A	0.52996	0.34775	0.1223
535 T	0.55766	0.31341	0.12893
536 T	0.56834	0.29568	0.13597
537 G	0.57119	0.28539	0.14342
538 T	0.57526	0.27717	0.14757
539 T	0.57873	0.27002	0.15125
540 A	0.58011	0.26598	0.15391
541 A	0.58207	0.25979	0.15813
542 A	0.58813	0.24531	0.16656
543 A	0.59709	0.21679	0.18612
544 A	0.61355	0.17141	0.21504
545 T	0.63658	0.10594	0.25748
546 T	0.64844	0.06334	0.28822
547 T	0.65282	0.03469	0.31249
548 A	0.65444	0.01689	0.32868
549 A	0.65666	0.00000	0.34333
