# lcl|CP097583.1_cds_USQ93321.1_1
# AA	inside	membr	outside
1 A	0.15622	0.00000	0.84378
2 T	0.15448	0.00174	0.84378
3 G	0.15283	0.00339	0.84378
4 A	0.15283	0.02350	0.82367
5 A	0.13476	0.07206	0.79318
6 A	0.13476	0.07655	0.78869
7 A	0.11196	0.10075	0.78729
8 A	0.11196	0.10076	0.78728
9 A	0.11107	0.10193	0.787
10 A	0.11107	0.11561	0.77333
11 A	0.11096	0.11640	0.77264
12 T	0.11016	0.11723	0.77261
13 A	0.10781	0.11971	0.77248
14 T	0.10781	0.11971	0.77248
15 T	0.10781	0.12021	0.77198
16 C	0.10715	0.12087	0.77198
17 A	0.10651	0.12156	0.77193
18 T	0.10649	0.12168	0.77183
19 G	0.10542	0.12289	0.7717
20 A	0.10039	0.13222	0.76738
21 T	0.09231	0.14029	0.7674
22 T	0.09185	0.14091	0.76724
23 T	0.08989	0.14300	0.76711
24 A	0.08681	0.14606	0.76712
25 A	0.08645	0.14311	0.77045
26 A	0.08694	0.13982	0.77324
27 G	0.10408	0.11658	0.77934
28 C	0.13239	0.07312	0.79449
29 A	0.13754	0.06734	0.79512
30 T	0.14103	0.05050	0.80846
31 G	0.14062	0.05067	0.80872
32 A	0.14092	0.04976	0.80932
33 C	0.15044	0.03992	0.80964
34 T	0.15071	0.03947	0.80983
35 T	0.15035	0.03915	0.8105
36 A	0.14909	0.03905	0.81186
37 T	0.14850	0.03971	0.81179
38 G	0.14534	0.04291	0.81175
39 G	0.13908	0.04948	0.81144
40 A	0.13734	0.05153	0.81114
41 A	0.13695	0.05230	0.81075
42 A	0.13719	0.05208	0.81073
43 A	0.14103	0.04335	0.81562
44 T	0.14123	0.03541	0.82336
45 A	0.14154	0.03363	0.82483
46 G	0.14223	0.03036	0.82742
47 C	0.14248	0.02706	0.83045
48 T	0.14261	0.02639	0.831
49 T	0.14235	0.02687	0.83077
50 G	0.14219	0.02714	0.83067
51 T	0.14220	0.02761	0.83019
52 G	0.14212	0.02871	0.82917
53 A	0.14208	0.02925	0.82868
54 T	0.14216	0.02824	0.82961
55 T	0.14218	0.02780	0.83002
56 T	0.14217	0.02743	0.8304
57 G	0.14202	0.02721	0.83077
58 A	0.14186	0.02760	0.83054
59 G	0.14186	0.02645	0.8317
60 A	0.14207	0.02542	0.83251
61 G	0.14209	0.02230	0.83561
62 G	0.14335	0.01613	0.84052
63 G	0.14435	0.01359	0.84205
64 C	0.14521	0.01235	0.84243
65 A	0.14633	0.01216	0.84151
66 T	0.14641	0.01334	0.84025
67 A	0.14635	0.01573	0.83793
68 T	0.14629	0.01668	0.83703
69 G	0.14603	0.01741	0.83655
70 G	0.14583	0.01765	0.83652
71 A	0.14590	0.01766	0.83644
72 T	0.14650	0.01677	0.83673
73 G	0.14670	0.01649	0.8368
74 C	0.14744	0.01566	0.8369
75 T	0.14864	0.01445	0.83691
76 T	0.14926	0.01384	0.8369
77 T	0.14900	0.01412	0.83687
78 C	0.14830	0.01488	0.83681
79 G	0.14806	0.01566	0.83628
80 A	0.14807	0.01617	0.83575
81 A	0.14865	0.01651	0.83484
82 T	0.14913	0.01627	0.8346
83 T	0.14903	0.01658	0.83439
84 T	0.14835	0.01736	0.8343
85 A	0.14699	0.01906	0.83394
86 A	0.14630	0.02001	0.8337
87 A	0.14616	0.02017	0.83366
88 G	0.14704	0.01924	0.83372
89 A	0.14851	0.01777	0.83371
90 T	0.15117	0.01493	0.8339
91 T	0.15212	0.01386	0.83402
92 A	0.15235	0.01347	0.83419
93 T	0.15256	0.01306	0.83439
94 A	0.15267	0.01294	0.83439
95 T	0.15279	0.01273	0.83448
96 T	0.15290	0.01242	0.83468
97 T	0.15293	0.01225	0.83482
98 T	0.15295	0.01214	0.83491
99 A	0.15291	0.01203	0.83505
100 A	0.15295	0.01161	0.83543
101 G	0.15308	0.01068	0.83625
102 T	0.15369	0.00965	0.83666
103 A	0.15435	0.00865	0.837
104 T	0.15562	0.00673	0.83765
105 T	0.15609	0.00574	0.83817
106 T	0.15631	0.00519	0.8385
107 T	0.15647	0.00450	0.83903
108 A	0.15641	0.00379	0.8398
109 T	0.15649	0.00315	0.84036
110 G	0.15592	0.00366	0.84042
111 T	0.15577	0.00374	0.84049
112 T	0.15540	0.00409	0.84051
113 T	0.15473	0.00477	0.8405
114 T	0.15381	0.00570	0.84048
115 C	0.15260	0.00694	0.84047
116 G	0.15168	0.00791	0.8404
117 T	0.15140	0.00838	0.84022
118 T	0.15061	0.00959	0.83981
119 T	0.14889	0.01153	0.83957
120 C	0.14705	0.01357	0.83939
121 T	0.14558	0.01514	0.83928
122 T	0.14393	0.01683	0.83925
123 A	0.14127	0.01951	0.83922
124 T	0.13985	0.02092	0.83922
125 C	0.13758	0.02322	0.83921
126 T	0.13431	0.02659	0.83909
127 G	0.11679	0.04432	0.83889
128 A	0.09748	0.06419	0.83833
129 A	0.08126	0.08114	0.8376
130 A	0.07643	0.08650	0.83707
131 A	0.07477	0.08825	0.83698
132 A	0.07321	0.08975	0.83704
133 T	0.07243	0.08980	0.83777
134 T	0.06930	0.09301	0.8377
135 A	0.06672	0.09656	0.83672
136 G	0.06287	0.10147	0.83565
137 A	0.05974	0.10754	0.83273
138 A	0.05851	0.10955	0.83193
139 A	0.05762	0.11013	0.83225
140 A	0.05751	0.10980	0.8327
141 T	0.05795	0.10801	0.83403
142 T	0.05807	0.10597	0.83596
143 G	0.05787	0.10413	0.838
144 T	0.05775	0.10335	0.83889
145 T	0.05728	0.10350	0.83922
146 T	0.05553	0.10558	0.83889
147 A	0.05083	0.11033	0.83884
148 A	0.04790	0.11228	0.83982
149 A	0.04693	0.11027	0.8428
150 A	0.04652	0.09567	0.85781
151 A	0.04658	0.07717	0.87625
152 A	0.04707	0.05892	0.89401
153 C	0.04748	0.05312	0.8994
154 A	0.04728	0.05338	0.89934
155 G	0.04602	0.05414	0.89985
156 A	0.04567	0.05336	0.90097
157 G	0.04594	0.04961	0.90446
158 G	0.04728	0.04671	0.906
159 A	0.04864	0.04195	0.90941
160 C	0.05214	0.03498	0.91288
161 T	0.05366	0.03343	0.9129
162 T	0.05346	0.03524	0.9113
163 G	0.05107	0.04197	0.90696
164 G	0.04704	0.06191	0.89104
165 T	0.04621	0.08448	0.86931
166 A	0.04350	0.11114	0.84536
167 A	0.04249	0.11683	0.84068
168 A	0.04302	0.11578	0.84121
169 T	0.04447	0.11223	0.84329
170 T	0.04421	0.10845	0.84735
171 C	0.04215	0.10832	0.84953
172 C	0.03960	0.11106	0.84934
173 A	0.03787	0.11457	0.84756
174 A	0.03675	0.11724	0.84601
175 G	0.03542	0.11962	0.84496
176 A	0.03516	0.12033	0.84452
177 A	0.03610	0.11932	0.84458
178 T	0.03693	0.11736	0.84571
179 A	0.03659	0.11767	0.84574
180 T	0.03657	0.11726	0.84617
181 A	0.03611	0.11777	0.84612
182 A	0.03606	0.11732	0.84661
183 A	0.03627	0.11676	0.84698
184 G	0.03827	0.11448	0.84725
185 A	0.04110	0.11155	0.84734
186 A	0.04656	0.10401	0.84943
187 G	0.06214	0.08439	0.85347
188 A	0.08244	0.06338	0.85418
189 G	0.10365	0.04003	0.85631
190 T	0.11020	0.03196	0.85785
191 T	0.11125	0.02977	0.85897
192 T	0.11039	0.03017	0.85944
193 G	0.10443	0.03592	0.85965
194 A	0.10029	0.04033	0.85939
195 T	0.09465	0.04669	0.85866
196 A	0.08613	0.06085	0.85302
197 A	0.08257	0.06536	0.85206
198 T	0.07881	0.06827	0.85292
199 G	0.06609	0.08082	0.85309
200 A	0.05459	0.09258	0.85283
201 T	0.04885	0.09814	0.85301
202 C	0.04443	0.10230	0.85327
203 A	0.04008	0.10779	0.85213
204 A	0.03552	0.11333	0.85116
205 G	0.03243	0.11624	0.85133
206 A	0.02879	0.11990	0.85131
207 A	0.02566	0.12311	0.85123
208 A	0.02315	0.12521	0.85164
209 C	0.02281	0.12509	0.85209
210 A	0.02280	0.12558	0.85163
211 A	0.02297	0.12580	0.85123
212 T	0.02354	0.12560	0.85086
213 T	0.02276	0.12662	0.85062
214 A	0.02114	0.12856	0.8503
215 A	0.02031	0.12781	0.85188
216 A	0.02024	0.12211	0.85765
217 A	0.02152	0.11623	0.86226
218 A	0.02401	0.10714	0.86885
219 T	0.03091	0.08950	0.87959
220 A	0.03234	0.08218	0.88548
221 T	0.03293	0.07475	0.89232
222 G	0.03319	0.06328	0.90352
223 T	0.03374	0.05308	0.91318
224 T	0.03381	0.04811	0.91809
225 A	0.03351	0.04475	0.92174
226 A	0.03421	0.04000	0.92579
227 T	0.03521	0.03428	0.93051
228 A	0.03502	0.03119	0.93378
229 G	0.03489	0.02744	0.93767
230 A	0.03472	0.02467	0.94061
231 T	0.03494	0.02127	0.94379
232 G	0.03502	0.02062	0.94436
233 A	0.03560	0.02035	0.94404
234 A	0.03625	0.01926	0.94449
235 T	0.03702	0.01802	0.94496
236 T	0.03736	0.01757	0.94507
237 A	0.03699	0.01891	0.9441
238 G	0.03656	0.01983	0.94362
239 G	0.03633	0.02202	0.94165
240 T	0.03678	0.02359	0.93962
241 T	0.03699	0.02569	0.93732
242 T	0.03697	0.02875	0.93428
243 T	0.03668	0.03118	0.93214
244 T	0.03608	0.03459	0.92933
245 A	0.03456	0.04260	0.92284
246 T	0.03380	0.04644	0.91976
247 T	0.03296	0.05135	0.91569
248 T	0.03184	0.05622	0.91193
249 A	0.02977	0.05873	0.91151
250 A	0.02822	0.06024	0.91154
251 A	0.02747	0.06076	0.91176
252 A	0.02589	0.06205	0.91207
253 C	0.02538	0.06214	0.91248
254 C	0.02488	0.06259	0.91253
255 A	0.02427	0.06328	0.91245
256 A	0.02483	0.06276	0.91241
257 A	0.02504	0.06257	0.9124
258 A	0.02530	0.06231	0.91239
259 G	0.02650	0.06097	0.91252
260 A	0.02899	0.05769	0.91332
261 A	0.03170	0.05412	0.91418
262 T	0.03628	0.04873	0.91499
263 T	0.03904	0.04562	0.91534
264 A	0.04098	0.04336	0.91567
265 T	0.04389	0.03952	0.91659
266 G	0.04532	0.03698	0.9177
267 G	0.04777	0.03326	0.91897
268 T	0.05443	0.02483	0.92074
269 C	0.05742	0.02047	0.9221
270 T	0.06123	0.01618	0.9226
271 T	0.06369	0.01351	0.9228
272 A	0.06315	0.01335	0.92351
273 T	0.06242	0.01325	0.92434
274 T	0.06044	0.01515	0.92441
275 T	0.05892	0.01519	0.92589
276 A	0.05638	0.01720	0.92642
277 A	0.05555	0.01727	0.92718
278 T	0.05518	0.01674	0.92809
279 T	0.05368	0.01802	0.92829
280 A	0.05116	0.02122	0.92762
281 A	0.05032	0.02246	0.92722
282 A	0.04867	0.02467	0.92667
283 G	0.04793	0.02583	0.92624
284 T	0.04762	0.02715	0.92523
285 T	0.04702	0.02835	0.92462
286 A	0.04605	0.03001	0.92393
287 T	0.04562	0.03086	0.92352
288 T	0.04494	0.03204	0.92301
289 G	0.04404	0.03405	0.92191
290 A	0.04379	0.03533	0.92088
291 A	0.04371	0.03600	0.9203
292 A	0.04364	0.03667	0.9197
293 A	0.04364	0.03676	0.9196
294 T	0.04418	0.03589	0.91993
295 A	0.04411	0.03511	0.92077
296 A	0.04412	0.03403	0.92185
297 T	0.04456	0.03122	0.92421
298 T	0.04476	0.02935	0.92589
299 C	0.04479	0.02709	0.92812
300 A	0.04483	0.02702	0.92815
301 A	0.04495	0.02684	0.92821
302 A	0.04507	0.02595	0.92898
303 T	0.04604	0.02327	0.93069
304 G	0.04667	0.02215	0.93118
305 A	0.04751	0.01959	0.9329
306 A	0.04850	0.01751	0.93398
307 T	0.05005	0.01500	0.93495
308 T	0.05083	0.01312	0.93605
309 C	0.05145	0.01126	0.93729
310 C	0.05197	0.01056	0.93747
311 A	0.05256	0.01036	0.93708
312 T	0.05382	0.00917	0.93701
313 T	0.05477	0.00835	0.93688
314 A	0.05533	0.00799	0.93668
315 T	0.05603	0.00718	0.93679
316 A	0.05627	0.00665	0.93708
317 A	0.05651	0.00619	0.9373
318 A	0.05674	0.00552	0.93774
319 C	0.05708	0.00469	0.93823
320 T	0.05752	0.00412	0.93835
321 T	0.05795	0.00357	0.93848
322 T	0.05815	0.00323	0.93863
323 T	0.05834	0.00292	0.93874
324 A	0.05837	0.00284	0.93878
325 T	0.05843	0.00252	0.93906
326 C	0.05842	0.00239	0.93919
327 T	0.05847	0.00234	0.93919
328 G	0.05809	0.00271	0.9392
329 A	0.05791	0.00288	0.93921
330 T	0.05775	0.00303	0.93922
331 G	0.05766	0.00311	0.93923
332 C	0.05768	0.00300	0.93932
333 C	0.05783	0.00282	0.93935
334 T	0.05838	0.00226	0.93936
335 T	0.05863	0.00203	0.93935
336 C	0.05875	0.00192	0.93933
337 G	0.05887	0.00181	0.93932
338 T	0.05886	0.00183	0.93931
339 T	0.05830	0.00239	0.93932
340 T	0.05705	0.00370	0.93925
341 C	0.05555	0.00520	0.93925
342 G	0.05382	0.00694	0.93924
343 A	0.05216	0.00864	0.9392
344 T	0.05124	0.00956	0.9392
345 C	0.04914	0.01169	0.93917
346 G	0.04694	0.01412	0.93894
347 A	0.04468	0.01681	0.93851
348 A	0.04283	0.01881	0.93836
349 G	0.04158	0.02004	0.93839
350 A	0.04113	0.02049	0.93837
351 G	0.04085	0.02037	0.93878
352 A	0.04060	0.02041	0.93899
353 C	0.04027	0.02050	0.93923
354 T	0.04014	0.02058	0.93928
355 C	0.03993	0.02086	0.9392
356 C	0.03974	0.02129	0.93897
357 A	0.03956	0.02236	0.93808
358 A	0.03946	0.02289	0.93765
359 T	0.03933	0.02319	0.93747
360 A	0.03911	0.02368	0.93721
361 A	0.03898	0.02384	0.93718
362 A	0.03893	0.02296	0.9381
363 T	0.03897	0.02120	0.93983
364 T	0.03893	0.01956	0.94151
365 A	0.03886	0.01811	0.94303
366 T	0.03888	0.01659	0.94453
367 A	0.03882	0.01642	0.94477
368 A	0.03882	0.01498	0.9462
369 A	0.03894	0.01311	0.94795
370 T	0.03930	0.01065	0.95004
371 A	0.03933	0.00927	0.9514
372 T	0.03933	0.00810	0.95257
373 A	0.03926	0.00774	0.953
374 A	0.03925	0.00740	0.95336
375 A	0.03926	0.00701	0.95373
376 C	0.03933	0.00643	0.95424
377 A	0.03948	0.00616	0.95436
378 T	0.03984	0.00564	0.95453
379 G	0.04012	0.00528	0.9546
380 T	0.04103	0.00430	0.95467
381 T	0.04135	0.00400	0.95465
382 T	0.04147	0.00369	0.95484
383 T	0.04159	0.00335	0.95505
384 T	0.04162	0.00323	0.95516
385 T	0.04154	0.00331	0.95515
386 C	0.04143	0.00346	0.95511
387 T	0.04141	0.00368	0.9549
388 A	0.04118	0.00409	0.95474
389 A	0.04093	0.00447	0.9546
390 T	0.04130	0.00415	0.95454
391 T	0.04135	0.00432	0.95432
392 T	0.04105	0.00459	0.95436
393 A	0.04055	0.00513	0.95432
394 T	0.04022	0.00536	0.95442
395 T	0.03967	0.00584	0.95449
396 C	0.03880	0.00665	0.95456
397 T	0.03800	0.00748	0.95452
398 C	0.03720	0.00830	0.9545
399 T	0.03643	0.00915	0.95442
400 A	0.03495	0.01073	0.95432
401 A	0.03431	0.01138	0.95431
402 T	0.03403	0.01167	0.9543
403 A	0.03362	0.01209	0.95429
404 T	0.03347	0.01219	0.95434
405 C	0.03328	0.01234	0.95438
406 G	0.03320	0.01242	0.95437
407 A	0.03318	0.01251	0.95431
408 T	0.03330	0.01238	0.95432
409 T	0.03328	0.01253	0.95418
410 T	0.03336	0.01262	0.95402
411 A	0.03315	0.01278	0.95407
412 G	0.03311	0.01244	0.95445
413 A	0.03315	0.01219	0.95466
414 T	0.03333	0.01179	0.95488
415 A	0.03333	0.01154	0.95513
416 A	0.03340	0.01105	0.95555
417 T	0.03338	0.01041	0.95621
418 A	0.03319	0.01003	0.95678
419 T	0.03305	0.00945	0.95749
420 T	0.03188	0.01047	0.95766
421 G	0.02880	0.01416	0.95704
422 A	0.02692	0.01647	0.95661
423 A	0.02437	0.01876	0.95687
424 A	0.02178	0.02157	0.95665
425 G	0.01976	0.02425	0.95598
426 A	0.01713	0.02868	0.95418
427 G	0.01466	0.03341	0.95192
428 G	0.01356	0.03486	0.95158
429 A	0.01262	0.03646	0.95092
430 A	0.01251	0.03656	0.95093
431 G	0.01254	0.03637	0.95109
432 C	0.01274	0.03598	0.95128
433 A	0.01291	0.03573	0.95136
434 C	0.01311	0.03533	0.95155
435 T	0.01316	0.03526	0.95158
436 A	0.01287	0.03555	0.95158
437 C	0.01257	0.03585	0.95158
438 G	0.01199	0.03646	0.95155
439 G	0.01169	0.03686	0.95145
440 A	0.01164	0.03694	0.95142
441 A	0.01183	0.03671	0.95147
442 A	0.01206	0.03642	0.95151
443 A	0.01277	0.03437	0.95286
444 T	0.01406	0.02995	0.95599
445 A	0.01468	0.02772	0.9576
446 A	0.01541	0.02503	0.95956
447 A	0.01610	0.02297	0.96092
448 A	0.01715	0.02006	0.96279
449 A	0.01921	0.01529	0.9655
450 T	0.02172	0.01027	0.96801
451 A	0.02227	0.00863	0.9691
452 C	0.02300	0.00690	0.9701
453 T	0.02321	0.00663	0.97016
454 T	0.02327	0.00658	0.97015
455 T	0.02324	0.00678	0.96998
456 A	0.02309	0.00750	0.96941
457 T	0.02305	0.00779	0.96916
458 T	0.02302	0.00843	0.96855
459 A	0.02268	0.00961	0.96771
460 A	0.02226	0.01063	0.96711
461 G	0.02206	0.01064	0.9673
462 T	0.02195	0.01122	0.96683
463 A	0.02093	0.01427	0.9648
464 G	0.02040	0.01570	0.9639
465 A	0.02030	0.01636	0.96335
466 A	0.02044	0.01653	0.96303
467 T	0.02063	0.01630	0.96308
468 A	0.02068	0.01610	0.96322
469 A	0.02102	0.01566	0.96332
470 T	0.02185	0.01468	0.96347
471 C	0.02193	0.01454	0.96353
472 C	0.02201	0.01445	0.96354
473 T	0.02213	0.01433	0.96354
474 T	0.02221	0.01426	0.96353
475 T	0.02224	0.01423	0.96353
476 C	0.02226	0.01421	0.96353
477 A	0.02216	0.01431	0.96353
478 A	0.02220	0.01420	0.9636
479 T	0.02286	0.01337	0.96377
480 C	0.02295	0.01320	0.96385
481 A	0.02357	0.01258	0.96385
482 A	0.02463	0.01118	0.96419
483 T	0.02582	0.00957	0.96461
484 A	0.02620	0.00897	0.96483
485 A	0.02703	0.00797	0.965
486 T	0.02919	0.00464	0.96617
487 T	0.03009	0.00310	0.96681
488 T	0.03050	0.00241	0.96709
489 A	0.03063	0.00217	0.9672
490 T	0.03063	0.00206	0.96731
491 G	0.03057	0.00198	0.96745
492 T	0.03055	0.00192	0.96754
493 C	0.03049	0.00194	0.96757
494 C	0.03043	0.00199	0.96758
495 T	0.03040	0.00206	0.96754
496 T	0.03032	0.00218	0.96749
497 T	0.03016	0.00237	0.96746
498 T	0.02986	0.00269	0.96744
499 A	0.02953	0.00301	0.96746
500 A	0.02938	0.00298	0.96764
501 T	0.02932	0.00279	0.96789
502 A	0.02918	0.00285	0.96797
503 G	0.02911	0.00269	0.9682
504 T	0.02912	0.00256	0.96832
505 T	0.02903	0.00274	0.96823
506 A	0.02896	0.00298	0.96806
507 T	0.02893	0.00311	0.96796
508 T	0.02889	0.00325	0.96786
509 G	0.02885	0.00339	0.96777
510 T	0.02883	0.00349	0.96768
511 A	0.02861	0.00383	0.96756
512 A	0.02850	0.00394	0.96756
513 T	0.02846	0.00400	0.96754
514 G	0.02827	0.00431	0.96742
515 A	0.02816	0.00471	0.96713
516 A	0.02814	0.00474	0.96712
517 T	0.02813	0.00476	0.9671
518 A	0.02812	0.00476	0.96711
519 T	0.02816	0.00461	0.96723
520 T	0.02812	0.00449	0.96738
521 T	0.02802	0.00440	0.96758
522 A	0.02770	0.00457	0.96774
523 G	0.02755	0.00461	0.96784
524 G	0.02748	0.00462	0.9679
525 A	0.02745	0.00454	0.96801
526 G	0.02746	0.00446	0.96808
527 A	0.02753	0.00436	0.96811
528 C	0.02774	0.00405	0.96821
529 A	0.02797	0.00384	0.96819
530 T	0.02820	0.00364	0.96816
531 T	0.02835	0.00349	0.96815
532 T	0.02845	0.00340	0.96815
533 A	0.02850	0.00337	0.96813
534 T	0.02861	0.00304	0.96835
535 G	0.02865	0.00292	0.96843
536 A	0.02873	0.00284	0.96843
537 A	0.02895	0.00252	0.96853
538 T	0.02931	0.00209	0.9686
539 A	0.02939	0.00199	0.96863
540 T	0.02953	0.00179	0.96868
541 T	0.02960	0.00168	0.96872
542 T	0.02962	0.00162	0.96875
543 A	0.02961	0.00162	0.96877
544 A	0.02964	0.00150	0.96885
545 T	0.02970	0.00117	0.96913
546 T	0.02971	0.00103	0.96926
547 G	0.02968	0.00100	0.96932
548 G	0.02966	0.00099	0.96935
549 A	0.02964	0.00101	0.96935
550 C	0.02956	0.00109	0.96935
551 A	0.02950	0.00116	0.96935
552 A	0.02949	0.00117	0.96934
553 T	0.02954	0.00112	0.96934
554 T	0.02942	0.00124	0.96934
555 C	0.02913	0.00152	0.96935
556 G	0.02904	0.00161	0.96935
557 C	0.02901	0.00163	0.96935
558 G	0.02900	0.00166	0.96934
559 G	0.02904	0.00164	0.96932
560 C	0.02908	0.00161	0.96931
561 T	0.02911	0.00166	0.96922
562 T	0.02907	0.00173	0.9692
563 C	0.02892	0.00188	0.9692
564 A	0.02880	0.00202	0.96918
565 G	0.02874	0.00209	0.96917
566 C	0.02873	0.00208	0.96919
567 C	0.02872	0.00210	0.96918
568 G	0.02871	0.00216	0.96913
569 G	0.02871	0.00219	0.9691
570 T	0.02871	0.00224	0.96906
571 A	0.02869	0.00237	0.96894
572 A	0.02869	0.00241	0.9689
573 A	0.02870	0.00239	0.96891
574 A	0.02870	0.00230	0.969
575 A	0.02871	0.00218	0.96912
576 A	0.02871	0.00207	0.96923
577 G	0.02871	0.00185	0.96944
578 C	0.02872	0.00156	0.96973
579 G	0.02872	0.00150	0.96979
580 G	0.02872	0.00149	0.96979
581 G	0.02875	0.00148	0.96978
582 A	0.02877	0.00151	0.96972
583 G	0.02879	0.00150	0.96971
584 A	0.02886	0.00140	0.96974
585 A	0.02890	0.00128	0.96983
586 T	0.02894	0.00108	0.96998
587 T	0.02898	0.00092	0.9701
588 T	0.02902	0.00082	0.97016
589 T	0.02904	0.00074	0.97021
590 T	0.02905	0.00070	0.97025
591 C	0.02905	0.00068	0.97028
592 A	0.02906	0.00066	0.97028
593 C	0.02909	0.00061	0.97029
594 T	0.02919	0.00051	0.9703
595 C	0.02923	0.00046	0.97031
596 C	0.02928	0.00041	0.97031
597 T	0.02929	0.00040	0.97031
598 T	0.02929	0.00041	0.97031
599 C	0.02928	0.00042	0.97031
600 G	0.02928	0.00043	0.97029
601 T	0.02929	0.00043	0.97029
602 C	0.02930	0.00044	0.97026
603 T	0.02930	0.00058	0.97011
604 G	0.02910	0.00082	0.97009
605 T	0.02892	0.00105	0.97004
606 T	0.02847	0.00162	0.96991
607 T	0.02764	0.00256	0.9698
608 C	0.02664	0.00366	0.9697
609 A	0.02608	0.00465	0.96927
610 A	0.02589	0.00518	0.96894
611 A	0.02576	0.00544	0.9688
612 T	0.02570	0.00556	0.96873
613 T	0.02565	0.00575	0.9686
614 T	0.02559	0.00588	0.96853
615 A	0.02532	0.00624	0.96844
616 A	0.02515	0.00642	0.96843
617 T	0.02508	0.00647	0.96845
618 A	0.02474	0.00680	0.96846
619 G	0.02464	0.00686	0.96849
620 C	0.02459	0.00690	0.96851
621 C	0.02453	0.00697	0.9685
622 A	0.02449	0.00707	0.96844
623 A	0.02448	0.00711	0.96841
624 A	0.02444	0.00717	0.96839
625 A	0.02444	0.00719	0.96836
626 T	0.02459	0.00702	0.96839
627 A	0.02458	0.00668	0.96873
628 G	0.02466	0.00605	0.96929
629 T	0.02490	0.00520	0.9699
630 T	0.02505	0.00431	0.97064
631 A	0.02509	0.00350	0.97141
632 C	0.02541	0.00272	0.97187
633 T	0.02558	0.00241	0.972
634 T	0.02544	0.00252	0.97204
635 C	0.02512	0.00289	0.97199
636 T	0.02489	0.00384	0.97126
637 G	0.02422	0.00479	0.97099
638 A	0.02310	0.00627	0.97062
639 T	0.02216	0.00728	0.97056
640 T	0.02116	0.00843	0.97041
641 C	0.01998	0.00962	0.9704
642 A	0.01860	0.01217	0.96922
643 A	0.01802	0.01380	0.96818
644 A	0.01761	0.01561	0.96678
645 T	0.01746	0.01745	0.96509
646 A	0.01727	0.01791	0.96482
647 A	0.01722	0.01802	0.96476
648 A	0.01711	0.01814	0.96474
649 A	0.01701	0.01825	0.96473
650 C	0.01698	0.01824	0.96479
651 T	0.01693	0.01836	0.96472
652 A	0.01680	0.01866	0.96454
653 A	0.01672	0.01879	0.96448
654 A	0.01670	0.01883	0.96447
655 G	0.01670	0.01883	0.96447
656 G	0.01674	0.01860	0.96466
657 A	0.01683	0.01825	0.96493
658 A	0.01699	0.01774	0.96527
659 A	0.01770	0.01670	0.9656
660 A	0.01813	0.01547	0.96639
661 T	0.01899	0.01295	0.96806
662 T	0.01937	0.01123	0.9694
663 G	0.01960	0.01013	0.97027
664 A	0.01992	0.00908	0.971
665 C	0.02087	0.00714	0.97199
666 A	0.02174	0.00630	0.97196
667 A	0.02309	0.00510	0.97181
668 T	0.02483	0.00341	0.97176
669 T	0.02513	0.00352	0.97135
670 T	0.02514	0.00513	0.96974
671 A	0.02502	0.00653	0.96845
672 T	0.02499	0.00660	0.96841
673 G	0.02493	0.00667	0.9684
674 A	0.02497	0.00663	0.9684
675 T	0.02514	0.00637	0.9685
676 C	0.02518	0.00625	0.96857
677 C	0.02519	0.00624	0.96858
678 T	0.02515	0.00630	0.96855
679 A	0.02492	0.00656	0.96853
680 C	0.02475	0.00673	0.96852
681 A	0.02467	0.00683	0.9685
682 T	0.02466	0.00683	0.9685
683 G	0.02459	0.00691	0.96851
684 C	0.02447	0.00702	0.96851
685 G	0.02428	0.00721	0.9685
686 G	0.02417	0.00735	0.96848
687 C	0.02417	0.00743	0.9684
688 A	0.02422	0.00751	0.96828
689 G	0.02461	0.00717	0.96822
690 T	0.02519	0.00664	0.96818
691 G	0.02544	0.00638	0.96818
692 G	0.02597	0.00584	0.96819
693 T	0.02761	0.00408	0.96831
694 T	0.02881	0.00272	0.96847
695 C	0.02899	0.00246	0.96854
696 T	0.02913	0.00230	0.96857
697 T	0.02920	0.00227	0.96854
698 T	0.02917	0.00243	0.9684
699 A	0.02906	0.00273	0.96821
700 T	0.02901	0.00284	0.96815
701 T	0.02893	0.00291	0.96817
702 A	0.02870	0.00303	0.96827
703 T	0.02847	0.00315	0.96838
704 T	0.02780	0.00383	0.96837
705 A	0.02620	0.00561	0.9682
706 A	0.02532	0.00670	0.96798
707 A	0.02505	0.00701	0.96794
708 A	0.02489	0.00708	0.96803
709 G	0.02483	0.00707	0.9681
710 T	0.02490	0.00712	0.96798
711 T	0.02487	0.00717	0.96797
712 T	0.02445	0.00769	0.96786
713 T	0.02354	0.00868	0.96778
714 T	0.02174	0.01057	0.96769
715 C	0.01823	0.01427	0.9675
716 G	0.01333	0.02031	0.96636
717 A	0.01069	0.02444	0.96487
718 G	0.00901	0.02797	0.96302
719 A	0.00827	0.02976	0.96196
720 A	0.00750	0.03137	0.96114
721 A	0.00717	0.03206	0.96078
722 T	0.00715	0.03206	0.96079
723 T	0.00689	0.03243	0.96068
724 A	0.00662	0.03290	0.96048
725 A	0.00658	0.03307	0.96035
726 A	0.00655	0.03338	0.96006
727 A	0.00655	0.03344	0.96002
728 A	0.00666	0.03228	0.96105
729 T	0.00667	0.03181	0.96152
730 A	0.00633	0.03223	0.96144
731 A	0.00609	0.03274	0.96118
732 A	0.00587	0.03320	0.96093
733 A	0.00573	0.03352	0.96076
734 A	0.00563	0.03332	0.96104
735 T	0.00568	0.03253	0.96178
736 A	0.00538	0.03216	0.96247
737 A	0.00533	0.03056	0.96411
738 A	0.00548	0.02727	0.96724
739 G	0.00665	0.02159	0.97176
740 A	0.00805	0.01846	0.97349
741 T	0.01011	0.01556	0.97432
742 A	0.01081	0.01474	0.97445
743 T	0.01145	0.01343	0.97512
744 T	0.01131	0.01327	0.97542
745 G	0.00975	0.01494	0.97531
746 C	0.00902	0.01576	0.97522
747 A	0.00846	0.01849	0.97305
748 A	0.00848	0.02168	0.96984
749 A	0.00893	0.02318	0.9679
750 T	0.00970	0.02397	0.96633
751 A	0.00972	0.02549	0.96479
752 T	0.00993	0.02569	0.96438
753 A	0.00991	0.02659	0.9635
754 A	0.01016	0.02680	0.96304
755 A	0.01045	0.02668	0.96287
756 T	0.01092	0.02621	0.96287
757 A	0.01105	0.02629	0.96266
758 A	0.01125	0.02606	0.96269
759 T	0.01169	0.02531	0.963
760 G	0.01117	0.02578	0.96305
761 A	0.01121	0.02578	0.963
762 A	0.01140	0.02569	0.96291
763 A	0.01185	0.02536	0.96279
764 A	0.01261	0.02453	0.96286
765 T	0.01352	0.02336	0.96312
766 A	0.01377	0.02299	0.96324
767 A	0.01423	0.02199	0.96377
768 T	0.01490	0.01987	0.96523
769 G	0.01530	0.01878	0.96592
770 A	0.01706	0.01667	0.96627
771 C	0.02031	0.01330	0.9664
772 A	0.02252	0.01107	0.9664
773 T	0.02468	0.00880	0.96653
774 T	0.02617	0.00715	0.96667
775 G	0.02660	0.00664	0.96675
776 C	0.02723	0.00591	0.96686
777 C	0.02774	0.00539	0.96688
778 A	0.02805	0.00549	0.96646
779 T	0.02845	0.00511	0.96645
780 T	0.02856	0.00503	0.96641
781 T	0.02839	0.00527	0.96634
782 A	0.02784	0.00609	0.96607
783 C	0.02751	0.00571	0.96678
784 G	0.02743	0.00579	0.96678
785 G	0.02750	0.00574	0.96676
786 T	0.02762	0.00568	0.9667
787 C	0.02745	0.00602	0.96654
788 A	0.02727	0.00641	0.96632
789 A	0.02654	0.00714	0.96632
790 G	0.02588	0.00780	0.96632
791 A	0.02563	0.00805	0.96632
792 A	0.02561	0.00806	0.96634
793 C	0.02579	0.00770	0.96651
794 T	0.02599	0.00748	0.96652
795 T	0.02599	0.00750	0.96652
796 A	0.02590	0.00763	0.96647
797 A	0.02587	0.00778	0.96635
798 T	0.02589	0.00781	0.9663
799 A	0.02588	0.00766	0.96645
800 A	0.02597	0.00734	0.96669
801 T	0.02634	0.00667	0.96698
802 A	0.02635	0.00641	0.96724
803 C	0.02635	0.00595	0.96769
804 G	0.02639	0.00572	0.9679
805 A	0.02663	0.00519	0.96817
806 C	0.02675	0.00481	0.96844
807 T	0.02695	0.00461	0.96844
808 T	0.02702	0.00456	0.96843
809 A	0.02703	0.00453	0.96845
810 T	0.02712	0.00424	0.96864
811 A	0.02719	0.00405	0.96876
812 A	0.02720	0.00311	0.9697
813 T	0.02721	0.00234	0.97045
814 T	0.02721	0.00198	0.97081
815 T	0.02717	0.00187	0.97097
816 G	0.02711	0.00182	0.97107
817 G	0.02707	0.00180	0.97113
818 C	0.02709	0.00173	0.97119
819 A	0.02713	0.00173	0.97114
820 C	0.02726	0.00165	0.97109
821 G	0.02736	0.00180	0.97084
822 T	0.02738	0.00226	0.97036
823 A	0.02732	0.00264	0.97004
824 T	0.02729	0.00277	0.96994
825 G	0.02725	0.00298	0.96977
826 A	0.02722	0.00355	0.96923
827 A	0.02724	0.00368	0.96908
828 T	0.02729	0.00363	0.96908
829 A	0.02729	0.00380	0.96891
830 T	0.02738	0.00375	0.96887
831 G	0.02740	0.00378	0.96882
832 T	0.02746	0.00377	0.96877
833 T	0.02747	0.00384	0.96869
834 A	0.02746	0.00386	0.96868
835 A	0.02746	0.00387	0.96867
836 T	0.02748	0.00380	0.96871
837 G	0.02746	0.00379	0.96875
838 C	0.02739	0.00381	0.96881
839 A	0.02736	0.00383	0.96882
840 C	0.02735	0.00380	0.96884
841 G	0.02739	0.00380	0.96882
842 A	0.02751	0.00368	0.9688
843 T	0.02770	0.00351	0.9688
844 A	0.02797	0.00323	0.9688
845 T	0.02851	0.00268	0.96881
846 T	0.02879	0.00233	0.96888
847 G	0.02887	0.00222	0.96891
848 A	0.02899	0.00206	0.96895
849 T	0.02954	0.00149	0.96897
850 T	0.02969	0.00134	0.96897
851 A	0.02974	0.00128	0.96898
852 T	0.02994	0.00105	0.96901
853 T	0.02996	0.00101	0.96903
854 T	0.02993	0.00103	0.96904
855 C	0.02980	0.00119	0.96902
856 A	0.02971	0.00155	0.96875
857 A	0.02967	0.00166	0.96866
858 T	0.02964	0.00176	0.96861
859 A	0.02961	0.00179	0.9686
860 T	0.02961	0.00177	0.96861
861 T	0.02960	0.00171	0.96869
862 T	0.02960	0.00168	0.96873
863 C	0.02954	0.00173	0.96872
864 T	0.02948	0.00187	0.96865
865 A	0.02941	0.00209	0.9685
866 T	0.02933	0.00225	0.96841
867 A	0.02918	0.00258	0.96825
868 T	0.02901	0.00291	0.96808
869 A	0.02881	0.00320	0.96798
870 T	0.02850	0.00355	0.96796
871 A	0.02807	0.00401	0.96792
872 A	0.02794	0.00415	0.96792
873 T	0.02789	0.00416	0.96795
874 G	0.02779	0.00424	0.96797
875 G	0.02776	0.00429	0.96795
876 A	0.02776	0.00437	0.96786
877 G	0.02779	0.00432	0.96789
878 A	0.02785	0.00418	0.96797
879 T	0.02813	0.00378	0.96809
880 A	0.02820	0.00366	0.96814
881 C	0.02826	0.00349	0.96825
882 T	0.02829	0.00350	0.96822
883 C	0.02830	0.00348	0.96823
884 T	0.02832	0.00349	0.96819
885 A	0.02834	0.00351	0.96816
886 A	0.02837	0.00348	0.96816
887 C	0.02846	0.00328	0.96825
888 T	0.02862	0.00310	0.96827
889 G	0.02869	0.00299	0.96832
890 A	0.02887	0.00273	0.9684
891 T	0.02905	0.00239	0.96855
892 T	0.02914	0.00231	0.96856
893 T	0.02914	0.00232	0.96854
894 T	0.02913	0.00253	0.96833
895 G	0.02904	0.00394	0.96701
896 G	0.02881	0.00483	0.96637
897 A	0.02858	0.00630	0.96512
898 A	0.02846	0.00705	0.9645
899 A	0.02823	0.00758	0.96419
900 C	0.02804	0.00781	0.96415
901 A	0.02789	0.00806	0.96405
902 A	0.02784	0.00817	0.96399
903 A	0.02784	0.00817	0.96398
904 C	0.02787	0.00814	0.96399
905 A	0.02794	0.00808	0.96398
906 T	0.02798	0.00802	0.964
907 C	0.02801	0.00799	0.964
908 C	0.02805	0.00796	0.96399
909 T	0.02801	0.00801	0.96399
910 C	0.02783	0.00820	0.96398
911 A	0.02753	0.00857	0.9639
912 T	0.02746	0.00864	0.96389
913 C	0.02737	0.00873	0.96389
914 G	0.02730	0.00882	0.96388
915 A	0.02745	0.00870	0.96385
916 C	0.02791	0.00821	0.96388
917 A	0.02849	0.00769	0.96381
918 A	0.02983	0.00635	0.96382
919 A	0.03065	0.00534	0.96401
920 T	0.03197	0.00379	0.96424
921 T	0.03251	0.00316	0.96434
922 G	0.03270	0.00261	0.96469
923 T	0.03275	0.00235	0.9649
924 T	0.03278	0.00222	0.96499
925 T	0.03268	0.00235	0.96496
926 C	0.03240	0.00268	0.96491
927 A	0.03210	0.00323	0.96467
928 A	0.03190	0.00360	0.9645
929 A	0.03178	0.00378	0.96444
930 A	0.03173	0.00387	0.9644
931 A	0.03173	0.00386	0.96441
932 A	0.03174	0.00372	0.96454
933 A	0.03177	0.00345	0.96478
934 T	0.03185	0.00295	0.96519
935 C	0.03186	0.00273	0.96541
936 T	0.03188	0.00265	0.96547
937 G	0.03190	0.00263	0.96547
938 G	0.03194	0.00257	0.9655
939 T	0.03199	0.00250	0.96551
940 T	0.03208	0.00243	0.9655
941 T	0.03212	0.00236	0.96551
942 C	0.03216	0.00234	0.9655
943 G	0.03218	0.00245	0.96537
944 A	0.03223	0.00247	0.9653
945 T	0.03230	0.00242	0.96528
946 A	0.03236	0.00244	0.9652
947 T	0.03250	0.00232	0.96518
948 T	0.03248	0.00226	0.96526
949 A	0.03230	0.00228	0.96542
950 T	0.03239	0.00190	0.96571
951 T	0.03234	0.00177	0.96589
952 G	0.03214	0.00188	0.96597
953 T	0.03202	0.00197	0.96601
954 C	0.03160	0.00238	0.96602
955 G	0.03143	0.00256	0.966
956 C	0.03134	0.00269	0.96596
957 T	0.03128	0.00278	0.96594
958 A	0.03120	0.00287	0.96594
959 A	0.03120	0.00287	0.96593
960 T	0.03126	0.00281	0.96594
961 C	0.03126	0.00280	0.96594
962 C	0.03127	0.00279	0.96594
963 T	0.03131	0.00275	0.96594
964 C	0.03133	0.00274	0.96593
965 C	0.03136	0.00272	0.96592
966 T	0.03148	0.00267	0.96586
967 T	0.03146	0.00284	0.9657
968 A	0.03138	0.00319	0.96543
969 T	0.03144	0.00334	0.96522
970 A	0.03145	0.00359	0.96496
971 G	0.03150	0.00341	0.96509
972 T	0.03159	0.00327	0.96513
973 T	0.03159	0.00326	0.96515
974 T	0.03153	0.00324	0.96523
975 A	0.03120	0.00348	0.96532
976 A	0.03109	0.00352	0.96538
977 C	0.03099	0.00332	0.9657
978 A	0.03093	0.00375	0.96531
979 T	0.03094	0.00432	0.96474
980 G	0.03089	0.00590	0.96321
981 G	0.03072	0.00923	0.96005
982 T	0.03058	0.01140	0.95802
983 G	0.03023	0.01471	0.95506
984 T	0.02988	0.01950	0.95062
985 A	0.02936	0.02388	0.94676
986 A	0.02903	0.02591	0.94506
987 A	0.02894	0.02623	0.94483
988 G	0.02892	0.02625	0.94482
989 A	0.02897	0.02619	0.94484
990 A	0.02914	0.02593	0.94493
991 C	0.02941	0.02557	0.94502
992 C	0.02960	0.02543	0.94497
993 T	0.02983	0.02555	0.94462
994 A	0.02979	0.02571	0.94449
995 A	0.02992	0.02564	0.94444
996 T	0.02998	0.02565	0.94437
997 T	0.02987	0.02585	0.94429
998 C	0.02959	0.02588	0.94453
999 A	0.02924	0.02656	0.9442
1000 A	0.02908	0.02725	0.94368
1001 A	0.02924	0.02771	0.94306
1002 A	0.03005	0.02755	0.9424
1003 A	0.03234	0.02637	0.94128
1004 T	0.03688	0.02316	0.93996
1005 A	0.03911	0.02093	0.93996
1006 A	0.04200	0.01776	0.94025
1007 T	0.04581	0.01361	0.94058
1008 T	0.04851	0.01049	0.94099
1009 C	0.04917	0.00964	0.94119
1010 T	0.04924	0.00967	0.94109
1011 T	0.04909	0.00996	0.94096
1012 A	0.04850	0.01083	0.94067
1013 A	0.04826	0.01120	0.94053
1014 A	0.04776	0.01174	0.94049
1015 G	0.04747	0.01202	0.9405
1016 A	0.04766	0.01183	0.9405
1017 T	0.04778	0.01158	0.94065
1018 G	0.04775	0.01159	0.94066
1019 A	0.04784	0.01158	0.94058
1020 T	0.04808	0.01116	0.94075
1021 G	0.04817	0.01086	0.94097
1022 A	0.04846	0.01036	0.94118
1023 A	0.04905	0.00955	0.9414
1024 C	0.04973	0.00855	0.94172
1025 G	0.05035	0.00793	0.94172
1026 G	0.05154	0.00684	0.94163
1027 T	0.05321	0.00516	0.94162
1028 T	0.05349	0.00487	0.94164
1029 T	0.05361	0.00477	0.94161
1030 T	0.05368	0.00461	0.94171
1031 C	0.05370	0.00448	0.94182
1032 T	0.05374	0.00446	0.9418
1033 A	0.05379	0.00458	0.94163
1034 A	0.05390	0.00455	0.94154
1035 T	0.05409	0.00418	0.94173
1036 T	0.05392	0.00482	0.94125
1037 G	0.05335	0.00530	0.94134
1038 T	0.05274	0.00625	0.94101
1039 G	0.05098	0.00890	0.94013
1040 G	0.05018	0.01101	0.9388
1041 A	0.05000	0.01329	0.93671
1042 A	0.05008	0.01581	0.9341
1043 A	0.05010	0.01708	0.93282
1044 A	0.05022	0.01829	0.93149
1045 T	0.05042	0.01832	0.93126
1046 T	0.05047	0.01844	0.93109
1047 A	0.05039	0.01854	0.93106
1048 G	0.05040	0.01853	0.93107
1049 C	0.05050	0.01844	0.93106
1050 T	0.05054	0.01844	0.93102
1051 C	0.05056	0.01850	0.93094
1052 C	0.05063	0.01861	0.93077
1053 T	0.05069	0.01890	0.93042
1054 A	0.05069	0.01923	0.93008
1055 A	0.05077	0.01930	0.92993
1056 A	0.05101	0.01918	0.92982
1057 A	0.05125	0.01896	0.92979
1058 A	0.05162	0.01841	0.92997
1059 T	0.05262	0.01694	0.93043
1060 A	0.05326	0.01571	0.93103
1061 A	0.05414	0.01413	0.93173
1062 G	0.05517	0.01145	0.93339
1063 G	0.05641	0.00950	0.93408
1064 C	0.05827	0.00748	0.93425
1065 T	0.06074	0.00526	0.93401
1066 G	0.06177	0.00446	0.93377
1067 A	0.06294	0.00366	0.93341
1068 T	0.06330	0.00357	0.93313
1069 T	0.06342	0.00348	0.93309
1070 G	0.06342	0.00341	0.93316
1071 G	0.06346	0.00335	0.93319
1072 G	0.06355	0.00330	0.93315
1073 C	0.06373	0.00313	0.93314
1074 T	0.06403	0.00290	0.93307
1075 T	0.06430	0.00275	0.93295
1076 T	0.06452	0.00266	0.93282
1077 T	0.06464	0.00255	0.93281
1078 G	0.06464	0.00255	0.9328
1079 T	0.06468	0.00252	0.93281
1080 T	0.06464	0.00255	0.93281
1081 C	0.06446	0.00273	0.93281
1082 A	0.06423	0.00300	0.93277
1083 A	0.06403	0.00325	0.93272
1084 C	0.06387	0.00349	0.93264
1085 A	0.06369	0.00406	0.93225
1086 T	0.06377	0.00404	0.93219
1087 A	0.06374	0.00419	0.93208
1088 T	0.06397	0.00399	0.93205
1089 G	0.06409	0.00392	0.932
1090 C	0.06440	0.00365	0.93196
1091 T	0.06468	0.00349	0.93183
1092 T	0.06474	0.00370	0.93156
1093 T	0.06474	0.00395	0.93131
1094 A	0.06473	0.00411	0.93116
1095 T	0.06478	0.00416	0.93106
1096 T	0.06478	0.00430	0.93092
1097 G	0.06475	0.00444	0.93081
1098 T	0.06481	0.00462	0.93057
1099 T	0.06486	0.00501	0.93013
1100 T	0.06480	0.00573	0.92948
1101 A	0.06470	0.00710	0.9282
1102 A	0.06466	0.00793	0.92741
1103 A	0.06465	0.00824	0.9271
1104 A	0.06465	0.00840	0.92696
1105 G	0.06465	0.00835	0.92701
1106 A	0.06469	0.00825	0.92706
1107 A	0.06478	0.00807	0.92716
1108 G	0.06515	0.00751	0.92734
1109 A	0.06523	0.00737	0.9274
1110 T	0.06542	0.00704	0.92753
1111 G	0.06549	0.00695	0.92756
1112 G	0.06561	0.00682	0.92758
1113 T	0.06580	0.00669	0.92751
1114 A	0.06592	0.00673	0.92736
1115 T	0.06620	0.00653	0.92727
1116 T	0.06646	0.00639	0.92715
1117 T	0.06656	0.00629	0.92716
1118 G	0.06654	0.00626	0.92719
1119 T	0.06665	0.00609	0.92726
1120 G	0.06670	0.00596	0.92734
1121 C	0.06700	0.00558	0.92742
1122 C	0.06749	0.00506	0.92745
1123 G	0.06825	0.00433	0.92742
1124 T	0.06955	0.00305	0.9274
1125 T	0.07033	0.00229	0.92739
1126 G	0.07058	0.00205	0.92737
1127 T	0.07088	0.00175	0.92737
1128 T	0.07102	0.00157	0.9274
1129 T	0.07109	0.00148	0.92743
1130 T	0.07111	0.00145	0.92744
1131 A	0.07108	0.00146	0.92745
1132 C	0.07108	0.00146	0.92746
1133 C	0.07108	0.00146	0.92746
1134 T	0.07110	0.00146	0.92744
1135 C	0.07103	0.00154	0.92743
1136 A	0.07101	0.00163	0.92736
1137 T	0.07108	0.00161	0.92731
1138 G	0.07113	0.00165	0.92722
1139 G	0.07126	0.00169	0.92704
1140 T	0.07133	0.00228	0.92639
1141 G	0.07134	0.00331	0.92535
1142 T	0.07135	0.00477	0.92389
1143 T	0.07126	0.00769	0.92105
1144 T	0.07121	0.01185	0.91694
1145 T	0.07115	0.01488	0.91398
1146 G	0.07103	0.01962	0.90935
1147 T	0.07096	0.02259	0.90645
1148 T	0.07080	0.02657	0.90263
1149 T	0.06888	0.03199	0.89913
1150 A	0.06432	0.03891	0.89677
1151 G	0.06316	0.04132	0.89552
1152 A	0.06195	0.04460	0.89344
1153 G	0.06146	0.04698	0.89155
1154 G	0.06109	0.05107	0.88784
1155 T	0.06077	0.05986	0.87938
1156 A	0.06033	0.06444	0.87524
1157 A	0.05985	0.06805	0.87209
1158 A	0.05958	0.06945	0.87096
1159 G	0.05937	0.07078	0.86985
1160 C	0.05928	0.07180	0.86892
1161 A	0.05921	0.07523	0.86557
1162 G	0.05937	0.07536	0.86526
1163 A	0.06043	0.07469	0.86488
1164 A	0.06239	0.07290	0.86471
1165 G	0.06513	0.07020	0.86467
1166 C	0.06993	0.06528	0.86478
1167 T	0.07560	0.06019	0.86421
1168 T	0.07848	0.05855	0.86297
1169 T	0.08224	0.05803	0.85973
1170 A	0.08322	0.06348	0.85331
1171 A	0.08564	0.06744	0.84693
1172 T	0.08783	0.06825	0.84392
1173 T	0.08845	0.07146	0.84009
1174 A	0.08665	0.08468	0.82867
1175 G	0.07784	0.10487	0.81729
1176 A	0.07495	0.11681	0.80824
1177 A	0.06987	0.13288	0.79725
1178 A	0.07430	0.13289	0.79282
1179 A	0.07791	0.13104	0.79105
1180 T	0.08147	0.12834	0.79019
1181 A	0.08224	0.12765	0.79011
1182 T	0.08327	0.12665	0.79009
1183 A	0.08324	0.12715	0.7896
1184 T	0.08521	0.12555	0.78923
1185 C	0.08504	0.12651	0.78845
1186 T	0.08510	0.12958	0.78533
1187 T	0.08479	0.13630	0.77892
1188 A	0.08415	0.13902	0.77684
1189 G	0.08333	0.14084	0.77583
1190 A	0.08330	0.14156	0.77514
1191 A	0.08330	0.14220	0.7745
1192 C	0.08617	0.13948	0.77434
1193 A	0.09310	0.13311	0.77379
1194 A	0.10047	0.12616	0.77337
1195 A	0.10699	0.11971	0.77329
1196 A	0.11623	0.11040	0.77338
1197 A	0.12941	0.09584	0.77474
1198 T	0.14295	0.07108	0.78596
1199 A	0.15000	0.05982	0.79019
1200 T	0.15981	0.04127	0.79892
1201 T	0.16264	0.03599	0.80138
1202 T	0.16347	0.03417	0.80236
1203 G	0.16337	0.03456	0.80207
1204 G	0.16306	0.03465	0.80228
1205 A	0.16238	0.03565	0.80197
1206 C	0.15873	0.03895	0.80232
1207 G	0.15666	0.04611	0.79723
1208 C	0.15704	0.04959	0.79336
1209 A	0.15865	0.06633	0.77502
1210 G	0.16400	0.07035	0.76565
1211 T	0.16653	0.07355	0.75992
1212 T	0.16744	0.07972	0.75285
1213 A	0.16693	0.08385	0.74922
1214 T	0.16698	0.08397	0.74904
1215 T	0.16640	0.08467	0.74894
1216 G	0.16481	0.08652	0.74867
1217 G	0.16464	0.08763	0.74774
1218 A	0.16496	0.08752	0.74752
1219 T	0.16591	0.08649	0.74759
1220 T	0.16622	0.08624	0.74754
1221 A	0.16605	0.08657	0.74738
1222 C	0.16565	0.08682	0.74753
1223 C	0.16546	0.08766	0.74688
1224 A	0.16557	0.09029	0.74414
1225 G	0.16564	0.09299	0.74137
1226 A	0.16646	0.09298	0.74056
1227 A	0.16746	0.09260	0.73994
1228 A	0.16944	0.09081	0.73975
1229 A	0.17334	0.08233	0.74433
1230 C	0.18224	0.07111	0.74665
1231 A	0.18931	0.06932	0.74137
1232 T	0.20910	0.05120	0.7397
1233 T	0.21945	0.04564	0.73491
1234 T	0.22366	0.04970	0.72665
1235 T	0.22706	0.04713	0.72581
1236 T	0.22604	0.04746	0.7265
1237 T	0.22406	0.05032	0.72562
1238 A	0.21452	0.06229	0.72318
1239 C	0.19851	0.08074	0.72075
1240 G	0.19021	0.09570	0.71409
1241 G	0.18059	0.11195	0.70745
1242 A	0.17557	0.12258	0.70185
1243 A	0.17156	0.12984	0.6986
1244 T	0.16925	0.13247	0.69829
1245 G	0.16696	0.13421	0.69883
1246 G	0.16601	0.13490	0.69909
1247 A	0.16745	0.13334	0.6992
1248 C	0.16957	0.13107	0.69936
1249 C	0.17043	0.13020	0.69936
1250 A	0.17132	0.12937	0.69931
1251 T	0.17288	0.12783	0.69929
1252 A	0.17376	0.12695	0.6993
1253 C	0.17674	0.12396	0.6993
1254 T	0.18480	0.11593	0.69928
1255 A	0.18766	0.11306	0.69928
1256 C	0.19217	0.10814	0.69969
1257 T	0.19896	0.10128	0.69976
1258 T	0.19998	0.10015	0.69987
1259 G	0.20059	0.09602	0.7034
1260 T	0.20362	0.09071	0.70567
1261 A	0.20861	0.07829	0.7131
1262 T	0.21651	0.05300	0.73048
1263 T	0.22366	0.03686	0.73948
1264 T	0.22839	0.02241	0.7492
1265 T	0.23017	0.01878	0.75105
1266 A	0.23067	0.01930	0.75003
1267 A	0.23074	0.02272	0.74654
1268 T	0.23084	0.02313	0.74603
1269 T	0.22925	0.02885	0.7419
1270 T	0.22440	0.04208	0.73352
1271 T	0.21699	0.05961	0.7234
1272 T	0.19450	0.10005	0.70544
1273 A	0.13134	0.23543	0.63323
1274 G	0.09566	0.30653	0.59782
1275 A	0.07262	0.38249	0.54489
1276 A	0.05826	0.43119	0.51055
1277 A	0.05219	0.44895	0.49887
1278 A	0.04968	0.45262	0.4977
1279 T	0.04863	0.45422	0.49715
1280 G	0.04499	0.45850	0.49651
1281 T	0.04305	0.46131	0.49563
1282 C	0.03989	0.46463	0.49548
1283 A	0.03740	0.46753	0.49507
1284 A	0.03548	0.46985	0.49466
1285 A	0.03401	0.47147	0.49451
1286 C	0.03364	0.47188	0.49448
1287 A	0.03392	0.47219	0.49389
1288 A	0.03552	0.47119	0.49328
1289 A	0.03993	0.46664	0.49343
1290 T	0.04652	0.45993	0.49355
1291 A	0.04939	0.45715	0.49346
1292 A	0.05664	0.44452	0.49885
1293 T	0.06871	0.42194	0.50934
1294 A	0.07846	0.40210	0.51943
1295 A	0.09686	0.36154	0.5416
1296 T	0.17932	0.22165	0.59903
1297 A	0.21628	0.15540	0.62833
1298 T	0.26618	0.08451	0.6493
1299 T	0.29063	0.05101	0.65835
1300 T	0.29550	0.04748	0.65701
1301 T	0.29524	0.05617	0.64859
1302 A	0.29340	0.06358	0.64303
1303 T	0.29335	0.06422	0.64243
1304 T	0.29328	0.06614	0.64058
1305 T	0.29209	0.07200	0.63591
1306 A	0.29067	0.07595	0.63338
1307 T	0.29010	0.07628	0.63361
1308 T	0.28711	0.07962	0.63327
1309 G	0.28471	0.08161	0.63368
1310 A	0.28394	0.08310	0.63296
1311 T	0.28445	0.08271	0.63284
1312 G	0.28396	0.08323	0.63282
1313 C	0.28363	0.08375	0.63262
1314 T	0.28190	0.08690	0.63121
1315 T	0.27589	0.09649	0.62762
1316 C	0.21658	0.16016	0.62326
1317 G	0.17734	0.21505	0.6076
1318 A	0.16288	0.25113	0.58599
1319 A	0.15345	0.29395	0.5526
1320 A	0.15105	0.33225	0.5167
1321 G	0.15015	0.35956	0.49029
1322 A	0.15360	0.39689	0.44951
1323 A	0.15563	0.44428	0.40009
1324 T	0.16294	0.49993	0.33713
1325 A	0.16185	0.55271	0.28543
1326 T	0.16078	0.60844	0.23078
1327 A	0.15303	0.62409	0.22288
1328 T	0.15098	0.62869	0.22033
1329 T	0.14073	0.63820	0.22107
