# lcl|CP097583.1_cds_USQ93260.1_1
# AA	inside	membr	outside
1 A	0.25628	0.00000	0.74372
2 T	0.25544	0.00084	0.74372
3 G	0.25516	0.00112	0.74372
4 A	0.25516	0.00766	0.73718
5 C	0.25306	0.01706	0.72989
6 A	0.25306	0.02339	0.72355
7 T	0.23800	0.04113	0.72087
8 G	0.23799	0.04128	0.72074
9 G	0.19980	0.08270	0.7175
10 A	0.19976	0.36072	0.43953
11 A	0.19561	0.38131	0.42308
12 A	0.17908	0.40183	0.4191
13 G	0.16813	0.42859	0.40328
14 A	0.16813	0.42860	0.40328
15 A	0.16813	0.64126	0.19062
16 T	0.16799	0.64140	0.19062
17 T	0.16689	0.64535	0.18776
18 A	0.16677	0.65529	0.17794
19 A	0.16425	0.65909	0.17666
20 T	0.15647	0.69525	0.14828
21 T	0.13974	0.71186	0.1484
22 T	0.13694	0.71512	0.14795
23 C	0.13111	0.72114	0.14776
24 T	0.12414	0.72897	0.14688
25 C	0.10988	0.74374	0.14639
26 A	0.09774	0.75803	0.14423
27 A	0.09706	0.75970	0.14324
28 G	0.10146	0.75553	0.14301
29 A	0.10645	0.75166	0.14189
30 A	0.12527	0.72445	0.15028
31 A	0.13269	0.71255	0.15477
32 G	0.14229	0.65988	0.19783
33 A	0.34724	0.45146	0.2013
34 C	0.35008	0.44479	0.20512
35 G	0.34708	0.45670	0.19622
36 A	0.33998	0.48755	0.17248
37 A	0.28669	0.54755	0.16576
38 A	0.44957	0.38795	0.16248
39 A	0.33396	0.50897	0.15707
40 A	0.31962	0.52488	0.15551
41 A	0.31902	0.52613	0.15484
42 A	0.31754	0.52307	0.15939
43 T	0.34797	0.48237	0.16966
44 A	0.33289	0.48295	0.18416
45 T	0.33242	0.47609	0.1915
46 T	0.33026	0.47023	0.19951
47 T	0.32399	0.46884	0.20717
48 T	0.31224	0.47114	0.21662
49 C	0.22777	0.54880	0.22342
50 A	0.14246	0.63371	0.22382
51 A	0.13163	0.64488	0.22349
52 A	0.12647	0.65027	0.22326
53 A	0.12176	0.65426	0.22398
54 T	0.12157	0.65281	0.22562
55 A	0.12017	0.64546	0.23437
56 T	0.12299	0.62929	0.24772
57 A	0.12426	0.60638	0.26937
58 A	0.13901	0.57312	0.28788
59 T	0.16525	0.51389	0.32087
60 T	0.17110	0.45228	0.37662
61 A	0.17259	0.43065	0.39675
62 A	0.17663	0.32223	0.50115
63 T	0.18055	0.29142	0.52803
64 T	0.18309	0.27498	0.54192
65 T	0.18310	0.26655	0.55034
66 T	0.18248	0.26452	0.553
67 T	0.18082	0.25192	0.56726
68 T	0.17461	0.25735	0.56804
69 A	0.15367	0.29594	0.5504
70 G	0.12904	0.32618	0.54477
71 A	0.11774	0.37913	0.50313
72 A	0.11594	0.33294	0.55113
73 G	0.11572	0.28191	0.60238
74 G	0.11662	0.32372	0.55966
75 T	0.11870	0.37808	0.50322
76 G	0.11916	0.50094	0.37991
77 A	0.11929	0.56872	0.31199
78 A	0.12014	0.59276	0.28709
79 T	0.12096	0.60723	0.27182
80 T	0.12108	0.61516	0.26376
81 T	0.12070	0.64557	0.23374
82 A	0.11990	0.68972	0.19038
83 A	0.11961	0.70172	0.17868
84 A	0.11969	0.70988	0.17044
85 A	0.12011	0.71563	0.16425
86 T	0.12111	0.71965	0.15924
87 A	0.12144	0.72476	0.1538
88 A	0.12259	0.72430	0.15311
89 A	0.12520	0.72159	0.15321
90 A	0.12872	0.71551	0.15578
91 A	0.13920	0.69844	0.16235
92 A	0.16444	0.65342	0.18215
93 A	0.18590	0.60990	0.20421
94 C	0.24133	0.54506	0.2136
95 A	0.26810	0.52578	0.20612
96 A	0.31066	0.49558	0.19376
97 A	0.37835	0.43397	0.18768
98 T	0.45789	0.35620	0.1859
99 T	0.56703	0.24689	0.18608
100 T	0.62148	0.19122	0.18729
101 A	0.64092	0.17096	0.18812
102 T	0.65735	0.15314	0.1895
103 C	0.66239	0.14687	0.19074
104 C	0.68202	0.12664	0.19134
105 T	0.71582	0.09300	0.19117
106 C	0.72398	0.08554	0.19048
107 C	0.73032	0.08048	0.1892
108 T	0.73575	0.07706	0.18719
109 T	0.73698	0.07688	0.18614
110 T	0.73507	0.07950	0.18543
111 G	0.70763	0.10817	0.18421
112 A	0.69798	0.11874	0.18329
113 A	0.69341	0.12260	0.18398
114 A	0.68865	0.12709	0.18426
115 A	0.68757	0.12761	0.18481
116 A	0.68930	0.12517	0.18554
117 A	0.69198	0.12196	0.18606
118 A	0.70072	0.11222	0.18706
119 T	0.71358	0.09808	0.18833
120 T	0.71893	0.09169	0.18937
121 T	0.72040	0.08918	0.19042
122 T	0.72043	0.08824	0.19132
123 C	0.71992	0.08711	0.19297
124 G	0.71949	0.08698	0.19354
125 A	0.71859	0.08748	0.19393
126 A	0.71800	0.08681	0.1952
127 G	0.71804	0.08525	0.1967
128 C	0.71959	0.08243	0.19797
129 T	0.72155	0.07702	0.20143
130 T	0.72240	0.07337	0.20423
131 T	0.72259	0.07101	0.20639
132 T	0.72228	0.06940	0.20832
133 A	0.72180	0.06772	0.21047
134 T	0.72212	0.04175	0.23613
135 T	0.72194	0.03229	0.24578
136 A	0.72066	0.02885	0.25049
137 T	0.72016	0.02496	0.25488
138 G	0.71817	0.02496	0.25686
139 A	0.71447	0.02746	0.25806
140 C	0.71293	0.02771	0.25936
141 T	0.71246	0.02800	0.25953
142 C	0.71144	0.02890	0.25966
143 C	0.71106	0.03001	0.25893
144 T	0.71056	0.03194	0.25751
145 T	0.70982	0.03352	0.25667
146 T	0.70780	0.03717	0.25503
147 T	0.70345	0.04232	0.25423
148 G	0.69772	0.05177	0.25051
149 A	0.69317	0.05803	0.2488
150 A	0.69069	0.06114	0.24817
151 G	0.68960	0.06287	0.24752
152 A	0.68913	0.06321	0.24766
153 T	0.68961	0.06257	0.24782
154 G	0.68925	0.06366	0.2471
155 T	0.68938	0.06533	0.24528
156 C	0.68883	0.06933	0.24184
157 A	0.68844	0.08334	0.22822
158 A	0.68768	0.08982	0.22249
159 A	0.68756	0.09285	0.2196
160 G	0.68860	0.09415	0.21724
161 T	0.68963	0.09333	0.21704
162 A	0.68976	0.09115	0.21908
163 G	0.69016	0.09015	0.21969
164 T	0.69081	0.08956	0.21963
165 T	0.69051	0.08980	0.21969
166 A	0.69042	0.09022	0.21936
167 T	0.69159	0.08852	0.21989
168 A	0.69201	0.08782	0.22017
169 T	0.69357	0.08423	0.2222
170 T	0.69347	0.08089	0.22565
171 A	0.69304	0.07720	0.22976
172 G	0.68994	0.07685	0.23321
173 G	0.68730	0.07807	0.23463
174 A	0.68326	0.08181	0.23494
175 C	0.67827	0.08679	0.23494
176 A	0.67709	0.08930	0.23361
177 A	0.67984	0.08623	0.23392
178 G	0.68368	0.08188	0.23444
179 A	0.68910	0.07570	0.2352
180 T	0.70294	0.06132	0.23574
181 C	0.70830	0.05450	0.2372
182 C	0.71208	0.05062	0.2373
183 T	0.71635	0.04757	0.23609
184 T	0.71741	0.04918	0.2334
185 A	0.71753	0.04947	0.23301
186 T	0.71655	0.05092	0.23254
187 T	0.71363	0.05460	0.23178
188 T	0.68749	0.08027	0.23224
189 C	0.61590	0.15125	0.23285
190 A	0.58572	0.18283	0.23146
191 A	0.55097	0.21828	0.23074
192 T	0.53158	0.23764	0.23078
193 A	0.50890	0.26063	0.23047
194 T	0.49991	0.26850	0.23159
195 A	0.49246	0.27163	0.23592
196 A	0.48877	0.27187	0.23936
197 A	0.48738	0.26844	0.24417
198 T	0.48469	0.26553	0.24978
199 C	0.47961	0.26800	0.25239
200 A	0.47670	0.27031	0.25299
201 A	0.47573	0.27069	0.25359
202 G	0.47528	0.27055	0.25416
203 C	0.47536	0.27002	0.25463
204 T	0.47565	0.26951	0.25483
205 C	0.47583	0.26849	0.25568
206 A	0.47684	0.26724	0.25593
207 T	0.47918	0.26412	0.2567
208 G	0.47944	0.26300	0.25756
209 G	0.48014	0.25664	0.26323
210 T	0.48188	0.25002	0.2681
211 T	0.48274	0.20963	0.30762
212 T	0.48305	0.13623	0.38073
213 A	0.48362	0.10677	0.40961
214 T	0.48434	0.06961	0.44605
215 C	0.48413	0.05066	0.46522
216 T	0.48415	0.04432	0.47152
217 T	0.48346	0.05516	0.46139
218 T	0.48196	0.06657	0.45147
219 T	0.47886	0.08109	0.44006
220 A	0.47581	0.10500	0.41919
221 G	0.47463	0.11182	0.41355
222 T	0.47364	0.11797	0.40838
223 G	0.47261	0.14259	0.3848
224 T	0.47095	0.16073	0.36831
225 T	0.46104	0.21315	0.3258
226 A	0.44117	0.31987	0.23896
227 A	0.43155	0.34805	0.22039
228 A	0.41255	0.37658	0.21086
229 A	0.40272	0.39069	0.20659
230 A	0.39835	0.39831	0.20335
231 T	0.39472	0.40387	0.20141
232 A	0.38595	0.41548	0.19858
233 A	0.37899	0.42560	0.1954
234 A	0.37277	0.43528	0.19195
235 A	0.36907	0.43961	0.19132
236 A	0.36822	0.44025	0.19153
237 A	0.36818	0.43957	0.19225
238 A	0.37015	0.43616	0.19368
239 C	0.38006	0.42351	0.19644
240 T	0.40390	0.39792	0.19817
241 C	0.41907	0.38074	0.20019
242 C	0.43499	0.36315	0.20186
243 T	0.45538	0.34211	0.2025
244 G	0.46221	0.33501	0.20277
245 C	0.47391	0.32227	0.20382
246 T	0.50870	0.28701	0.20429
247 A	0.52192	0.27227	0.20581
248 G	0.55845	0.22493	0.21663
249 T	0.62933	0.13749	0.23319
250 T	0.63420	0.12443	0.24137
251 T	0.61247	0.12555	0.26198
252 G	0.53107	0.19758	0.27135
253 A	0.46988	0.25757	0.27255
254 G	0.40650	0.32099	0.27251
255 A	0.34837	0.38496	0.26667
256 A	0.34013	0.39941	0.26046
257 A	0.33835	0.40336	0.2583
258 T	0.33791	0.40779	0.2543
259 A	0.33046	0.42350	0.24604
260 T	0.32665	0.42656	0.24679
261 T	0.32172	0.43126	0.24702
262 T	0.31746	0.43614	0.24641
263 T	0.31078	0.44428	0.24494
264 C	0.29706	0.45915	0.24378
265 A	0.28144	0.48458	0.23398
266 A	0.27599	0.49380	0.23021
267 A	0.27349	0.49755	0.22897
268 G	0.27214	0.49926	0.2286
269 A	0.27131	0.50085	0.22784
270 A	0.27131	0.49611	0.23258
271 T	0.27205	0.48245	0.2455
272 T	0.27197	0.46288	0.26515
273 A	0.27165	0.45206	0.27628
274 A	0.27232	0.42489	0.30279
275 G	0.27455	0.35337	0.37207
276 A	0.27742	0.29723	0.42535
277 A	0.28226	0.22577	0.49197
278 G	0.29563	0.16442	0.53996
279 T	0.31136	0.15217	0.53647
280 G	0.31776	0.15580	0.52644
281 A	0.32474	0.15664	0.51862
282 T	0.33313	0.14550	0.52136
283 T	0.33415	0.15667	0.50919
284 T	0.33419	0.18001	0.4858
285 G	0.32966	0.22672	0.44362
286 A	0.32731	0.31572	0.35697
287 A	0.32698	0.35959	0.31343
288 T	0.33451	0.35475	0.31074
289 T	0.33494	0.37665	0.28842
290 T	0.32699	0.40543	0.26757
291 A	0.31360	0.45061	0.2358
292 A	0.31151	0.45753	0.23096
293 T	0.31038	0.45939	0.23023
294 A	0.30717	0.46346	0.22936
295 T	0.30680	0.46360	0.2296
296 C	0.30408	0.46661	0.22931
297 A	0.29551	0.47739	0.2271
298 A	0.29060	0.48242	0.22699
299 A	0.28987	0.48316	0.22698
300 A	0.29117	0.48182	0.22702
301 A	0.29833	0.47469	0.22697
302 C	0.31636	0.45607	0.22757
303 T	0.33531	0.43711	0.22758
304 A	0.34731	0.42532	0.22737
305 A	0.36182	0.41095	0.22723
306 T	0.39210	0.38062	0.22727
307 A	0.41474	0.35929	0.22597
308 A	0.45822	0.31129	0.23049
309 T	0.56213	0.20390	0.23396
310 T	0.61129	0.15211	0.2366
311 T	0.61844	0.14291	0.23865
312 A	0.61668	0.14398	0.23934
313 A	0.62180	0.13088	0.24732
314 C	0.63915	0.10070	0.26016
315 T	0.64152	0.09756	0.26092
316 T	0.63899	0.09965	0.26135
317 T	0.63101	0.10766	0.26133
318 A	0.61824	0.12088	0.26088
319 T	0.61183	0.12533	0.26285
320 G	0.58821	0.14020	0.27159
321 G	0.57334	0.15010	0.27657
322 G	0.56746	0.15375	0.2788
323 C	0.56489	0.15501	0.2801
324 C	0.56147	0.15851	0.28002
325 G	0.55415	0.16763	0.27821
326 A	0.54925	0.17444	0.27632
327 A	0.54605	0.18006	0.27388
328 A	0.54359	0.18561	0.2708
329 G	0.54326	0.18630	0.27044
330 A	0.54469	0.18094	0.27437
331 G	0.54660	0.17148	0.28191
332 G	0.54950	0.16325	0.28725
333 T	0.55143	0.15569	0.29288
334 G	0.55286	0.14913	0.29801
335 T	0.55652	0.13537	0.30811
336 T	0.55826	0.12854	0.3132
337 T	0.55906	0.12379	0.31716
338 T	0.55944	0.11857	0.32199
339 T	0.55971	0.11877	0.32152
340 T	0.56009	0.11018	0.32972
341 T	0.55993	0.10431	0.33576
342 A	0.55593	0.10811	0.33596
343 T	0.54937	0.10031	0.35031
344 T	0.53888	0.10532	0.3558
345 A	0.52496	0.12264	0.35239
346 A	0.52107	0.12945	0.34948
347 A	0.51969	0.13135	0.34895
348 T	0.52098	0.12565	0.35337
349 A	0.52174	0.12457	0.35369
350 G	0.52401	0.12269	0.35329
351 T	0.52635	0.12439	0.34926
352 A	0.52575	0.14215	0.3321
353 T	0.52532	0.15862	0.31606
354 T	0.52425	0.18708	0.28868
355 T	0.52312	0.19571	0.28117
356 T	0.52053	0.20288	0.27659
357 A	0.51465	0.21444	0.27092
358 A	0.51198	0.21938	0.26864
359 C	0.50968	0.22263	0.26769
360 A	0.48846	0.24683	0.2647
361 G	0.47610	0.26184	0.26205
362 T	0.47509	0.26862	0.25629
363 T	0.46760	0.28404	0.24836
364 G	0.45106	0.30245	0.24649
365 A	0.44247	0.30724	0.25029
366 A	0.43758	0.30393	0.25849
367 G	0.43391	0.29560	0.27049
368 C	0.41495	0.30789	0.27716
369 A	0.38571	0.35068	0.26361
370 G	0.34524	0.41941	0.23535
371 A	0.32022	0.46642	0.21336
372 A	0.29726	0.49273	0.21001
373 A	0.28822	0.50171	0.21007
374 A	0.29050	0.49792	0.21157
375 A	0.30513	0.48040	0.21447
376 C	0.32195	0.45956	0.2185
377 C	0.34989	0.42879	0.22133
378 T	0.35969	0.41830	0.22201
379 T	0.36250	0.41506	0.22244
380 T	0.36250	0.41427	0.22323
381 A	0.35586	0.42056	0.22358
382 A	0.35138	0.42239	0.22623
383 G	0.34973	0.39293	0.25735
384 T	0.35107	0.37358	0.27535
385 C	0.34977	0.36210	0.28812
386 A	0.35009	0.36450	0.2854
387 T	0.34700	0.36052	0.29248
388 A	0.33597	0.36900	0.29503
389 A	0.33233	0.36869	0.29898
390 A	0.33090	0.36514	0.30396
391 A	0.33828	0.32865	0.33306
392 A	0.35214	0.27849	0.36937
393 T	0.38155	0.19986	0.41859
394 A	0.39473	0.16264	0.44264
395 T	0.39602	0.13823	0.46575
396 T	0.37759	0.16046	0.46195
397 G	0.31706	0.26722	0.41572
398 G	0.28541	0.32592	0.38868
399 A	0.24945	0.40028	0.35028
400 T	0.22609	0.45143	0.32248
401 G	0.19921	0.50542	0.29537
402 G	0.18416	0.54174	0.2741
403 A	0.17381	0.56503	0.26117
404 A	0.16680	0.57354	0.25966
405 A	0.16258	0.57884	0.25858
406 G	0.16146	0.58127	0.25726
407 A	0.16256	0.58882	0.24862
408 G	0.16519	0.58143	0.25339
409 T	0.17372	0.56683	0.25944
410 T	0.17673	0.55937	0.2639
411 T	0.17874	0.55054	0.27073
412 A	0.17892	0.54726	0.27382
413 C	0.17970	0.54251	0.27779
414 T	0.18066	0.54141	0.27794
415 A	0.18159	0.54081	0.2776
416 A	0.18458	0.53763	0.27779
417 A	0.19087	0.52989	0.27924
418 A	0.19767	0.51983	0.2825
419 A	0.21902	0.47217	0.30881
420 T	0.28384	0.34234	0.37382
421 A	0.31806	0.27482	0.40711
422 T	0.36699	0.18719	0.44582
423 T	0.39928	0.12936	0.47136
424 T	0.42084	0.09053	0.48864
425 T	0.42854	0.08286	0.48859
426 T	0.42688	0.08961	0.48351
427 A	0.41490	0.11467	0.47044
428 A	0.40741	0.13596	0.45663
429 A	0.40471	0.16537	0.42992
430 T	0.41304	0.16707	0.41989
431 T	0.40255	0.20101	0.39644
432 T	0.37295	0.28022	0.34684
433 T	0.34172	0.35524	0.30305
434 T	0.29723	0.44533	0.25743
435 A	0.23704	0.53813	0.22483
436 A	0.18855	0.60883	0.20262
437 A	0.16703	0.63664	0.19633
438 T	0.14917	0.66077	0.19006
439 A	0.10573	0.70960	0.18467
440 A	0.07079	0.74621	0.18299
441 A	0.05321	0.76456	0.18223
442 A	0.04490	0.77308	0.18201
443 A	0.04245	0.77559	0.18196
444 A	0.04185	0.77593	0.18222
445 G	0.04238	0.77496	0.18266
446 A	0.04474	0.77213	0.18313
447 A	0.05177	0.76407	0.18416
448 A	0.06371	0.74995	0.18635
449 A	0.07662	0.73067	0.19271
450 A	0.09302	0.70033	0.20665
451 A	0.11076	0.67024	0.219
452 T	0.14401	0.62177	0.23422
453 A	0.15973	0.59475	0.24552
454 G	0.19635	0.52823	0.27543
455 T	0.27368	0.40980	0.31652
456 T	0.31978	0.33456	0.34566
457 T	0.34643	0.27357	0.38
458 A	0.35826	0.21769	0.42404
459 T	0.37163	0.15634	0.47204
460 A	0.37461	0.13114	0.49425
461 T	0.38121	0.10355	0.51524
462 T	0.38479	0.06751	0.54771
463 T	0.38455	0.04873	0.56672
464 T	0.36989	0.08010	0.55002
465 G	0.34488	0.11640	0.53871
466 T	0.30489	0.18213	0.51298
467 G	0.21764	0.28674	0.49563
468 G	0.17247	0.36132	0.46621
469 G	0.14827	0.40982	0.44191
470 G	0.13312	0.44271	0.42418
471 G	0.11972	0.48463	0.39565
472 A	0.11152	0.54028	0.34821
473 A	0.10637	0.58525	0.30838
474 A	0.10163	0.60488	0.29349
475 A	0.09865	0.61119	0.29016
476 T	0.09806	0.61306	0.28888
477 A	0.09618	0.61515	0.28866
478 G	0.09557	0.61567	0.28876
479 C	0.09538	0.61550	0.28912
480 T	0.09564	0.61534	0.28902
481 C	0.09424	0.61700	0.28875
482 A	0.09280	0.61905	0.28815
483 A	0.09326	0.61905	0.28769
484 G	0.09443	0.61790	0.28767
485 A	0.09845	0.61317	0.28838
486 A	0.11219	0.59794	0.28987
487 T	0.15649	0.52927	0.31425
488 A	0.17565	0.48146	0.34289
489 T	0.20994	0.39828	0.39178
490 A	0.22386	0.31264	0.46349
491 T	0.25425	0.25101	0.49473
492 T	0.26705	0.24215	0.49081
493 A	0.25253	0.31755	0.42992
494 A	0.26359	0.32764	0.40877
495 A	0.29922	0.29491	0.40586
496 T	0.33346	0.26733	0.3992
497 A	0.34117	0.26300	0.39583
498 T	0.34056	0.26522	0.39423
499 A	0.33261	0.27871	0.38867
500 T	0.33060	0.28028	0.38911
501 T	0.32575	0.28624	0.38801
502 G	0.32087	0.29197	0.38716
503 A	0.31874	0.29655	0.38471
504 T	0.31829	0.29828	0.38343
505 A	0.31589	0.30588	0.37823
506 T	0.31410	0.31243	0.37346
507 A	0.30756	0.33014	0.3623
508 G	0.30497	0.34613	0.3489
509 A	0.30483	0.36933	0.32584
510 T	0.30585	0.38238	0.31177
511 A	0.30632	0.39812	0.29556
512 A	0.30828	0.40144	0.29027
513 A	0.31519	0.39612	0.28869
514 A	0.32662	0.38528	0.28811
515 A	0.35258	0.35292	0.2945
516 T	0.42965	0.25260	0.31775
517 T	0.45919	0.21948	0.32133
518 A	0.46793	0.21067	0.3214
519 T	0.47920	0.19842	0.32238
520 A	0.48483	0.19190	0.32327
521 T	0.48978	0.17923	0.33099
522 T	0.49470	0.16695	0.33835
523 T	0.49702	0.16527	0.33771
524 T	0.49817	0.17347	0.32836
525 A	0.49857	0.19052	0.31091
526 A	0.49973	0.19480	0.30547
527 A	0.50100	0.19263	0.30637
528 A	0.50437	0.18624	0.30938
529 A	0.51114	0.17674	0.31212
530 G	0.52434	0.15745	0.31822
531 C	0.54113	0.13790	0.32096
532 C	0.56511	0.11354	0.32135
533 C	0.57992	0.09874	0.32134
534 T	0.59618	0.08249	0.32133
535 C	0.60064	0.07803	0.32132
536 A	0.60337	0.07531	0.32131
537 T	0.60657	0.07212	0.32131
538 C	0.60687	0.07182	0.32131
539 C	0.60818	0.07056	0.32126
540 T	0.61245	0.06631	0.32123
541 T	0.61545	0.06330	0.32125
542 C	0.61458	0.06417	0.32125
543 T	0.61755	0.06121	0.32124
544 C	0.61722	0.06155	0.32123
545 C	0.61877	0.05993	0.32129
546 A	0.62225	0.05648	0.32127
547 T	0.63490	0.04377	0.32133
548 T	0.65049	0.02767	0.32184
549 T	0.65554	0.02231	0.32216
550 T	0.65566	0.02098	0.32336
551 C	0.65530	0.01820	0.32651
552 A	0.65511	0.01808	0.32681
553 G	0.65508	0.01792	0.327
554 C	0.65510	0.01777	0.32712
555 T	0.65520	0.01770	0.32711
556 T	0.65528	0.01774	0.32697
557 A	0.65526	0.01808	0.32666
558 T	0.65522	0.01817	0.32661
559 A	0.65511	0.01869	0.32621
560 A	0.65510	0.01800	0.3269
561 A	0.65512	0.01561	0.32927
562 G	0.65519	0.01355	0.33126
563 G	0.65522	0.01233	0.33245
564 T	0.65527	0.01073	0.33399
565 T	0.65531	0.00812	0.33657
566 T	0.65533	0.00668	0.33798
567 T	0.65530	0.00584	0.33885
568 T	0.65519	0.00607	0.33873
569 T	0.65502	0.00723	0.33775
570 T	0.65378	0.01118	0.33503
571 G	0.65298	0.01277	0.33426
572 G	0.65259	0.01369	0.33372
573 T	0.65195	0.01551	0.33254
574 T	0.65011	0.02041	0.32948
575 C	0.64761	0.02625	0.32613
576 T	0.64364	0.03170	0.32466
577 A	0.63832	0.03723	0.32445
578 A	0.63630	0.03933	0.32437
579 A	0.63588	0.03975	0.32436
580 C	0.63606	0.03950	0.32444
581 C	0.63627	0.03923	0.3245
582 T	0.63683	0.03866	0.32452
583 T	0.63697	0.03849	0.32453
584 T	0.63684	0.03864	0.32452
585 T	0.63659	0.03892	0.32449
586 T	0.63608	0.03945	0.32447
587 C	0.63533	0.04019	0.32449
588 T	0.63447	0.04116	0.32437
589 A	0.63276	0.04289	0.32435
590 A	0.63187	0.04378	0.32436
591 A	0.63116	0.04443	0.32441
592 A	0.63143	0.04407	0.32449
593 C	0.63422	0.03943	0.32635
594 T	0.63584	0.03724	0.32692
595 A	0.63671	0.03629	0.32701
596 A	0.63824	0.03444	0.32732
597 T	0.64141	0.02995	0.32864
598 T	0.64438	0.02592	0.32969
599 T	0.64538	0.02174	0.33288
600 T	0.64539	0.01794	0.33668
601 T	0.64516	0.01722	0.33762
602 A	0.64436	0.02031	0.33533
603 T	0.64405	0.02218	0.33377
604 T	0.64337	0.02465	0.33198
605 T	0.64255	0.02644	0.33101
606 A	0.64036	0.03071	0.32893
607 A	0.63871	0.03339	0.3279
608 T	0.63617	0.03653	0.32731
609 T	0.62057	0.05377	0.32566
610 A	0.57375	0.10279	0.32347
611 A	0.55471	0.12124	0.32405
612 A	0.54610	0.12844	0.32545
613 A	0.54004	0.13342	0.32655
614 A	0.53678	0.13534	0.32788
615 C	0.53496	0.13596	0.32908
616 C	0.53362	0.13736	0.32902
617 A	0.53280	0.13828	0.32892
618 G	0.53290	0.13820	0.3289
619 A	0.53351	0.13762	0.32887
620 T	0.53486	0.13628	0.32886
621 C	0.53585	0.13519	0.32896
622 T	0.53734	0.13343	0.32923
623 T	0.53776	0.13273	0.32951
624 A	0.53691	0.13322	0.32987
625 C	0.53759	0.13168	0.33074
626 C	0.53793	0.13122	0.33085
627 T	0.53843	0.13033	0.33124
628 A	0.53456	0.13424	0.3312
629 T	0.53619	0.13104	0.33277
630 T	0.53653	0.12967	0.3338
631 G	0.53554	0.12778	0.33668
632 A	0.53684	0.10877	0.35439
633 T	0.53907	0.05908	0.40184
634 T	0.53928	0.04018	0.42053
635 G	0.53932	0.03218	0.42851
636 G	0.53941	0.02718	0.43342
637 G	0.53949	0.02446	0.43605
638 A	0.53958	0.02266	0.43776
639 T	0.53988	0.02075	0.43938
640 T	0.54007	0.01942	0.44052
641 T	0.54014	0.01875	0.44111
642 G	0.54018	0.01839	0.44144
643 A	0.54020	0.01808	0.44172
644 A	0.54023	0.01755	0.44222
645 T	0.54026	0.01688	0.44287
646 A	0.54029	0.01623	0.44349
647 A	0.54038	0.01457	0.44505
648 A	0.54051	0.01261	0.44689
649 T	0.54081	0.00976	0.44943
650 A	0.54111	0.00710	0.45179
651 A	0.54195	0.00000	0.45805
