# lcl|CP097583.1_cds_USQ93497.1_1
# AA	inside	membr	outside
1 A	0.16298	0.00000	0.83702
2 T	0.16174	0.00124	0.83702
3 G	0.16064	0.00234	0.83702
4 G	0.16064	0.06102	0.77833
5 A	0.12402	0.16341	0.71256
6 A	0.12402	0.16932	0.70666
7 A	0.07497	0.22039	0.70464
8 T	0.07497	0.22041	0.70462
9 A	0.06471	0.23117	0.70413
10 A	0.06469	0.26911	0.66621
11 A	0.06376	0.27147	0.66477
12 T	0.05538	0.28037	0.66425
13 G	0.02977	0.30841	0.66183
14 A	0.02976	0.30841	0.66183
15 T	0.02976	0.31511	0.65513
16 A	0.02951	0.31537	0.65513
17 A	0.02929	0.31559	0.65512
18 A	0.02929	0.31561	0.65511
19 A	0.02917	0.31573	0.6551
20 T	0.02891	0.31603	0.65506
21 C	0.02642	0.31839	0.65519
22 G	0.02664	0.31817	0.65519
23 A	0.02727	0.31753	0.6552
24 A	0.02915	0.31562	0.65523
25 A	0.03226	0.31092	0.65682
26 A	0.03624	0.30562	0.65813
27 T	0.09530	0.23317	0.67154
28 T	0.15259	0.14020	0.70721
29 G	0.15807	0.13103	0.7109
30 T	0.16362	0.09394	0.74244
31 A	0.16279	0.09580	0.74141
32 A	0.16324	0.08775	0.74902
33 T	0.19341	0.05403	0.75255
34 G	0.19503	0.05044	0.75453
35 T	0.19818	0.04047	0.76134
36 T	0.20022	0.02111	0.77867
37 T	0.20002	0.02116	0.77882
38 C	0.19825	0.02309	0.77866
39 T	0.17302	0.05215	0.77482
40 G	0.14829	0.07729	0.77442
41 A	0.14098	0.08597	0.77306
42 A	0.13726	0.09103	0.7717
43 T	0.13635	0.09176	0.7719
44 C	0.13194	0.09424	0.77382
45 A	0.12482	0.10189	0.7733
46 A	0.12241	0.10445	0.77313
47 C	0.12104	0.10603	0.77293
48 T	0.11956	0.10819	0.77225
49 G	0.11850	0.11279	0.76872
50 T	0.11794	0.11990	0.76216
51 A	0.11656	0.12795	0.75549
52 G	0.11204	0.13293	0.75503
53 A	0.10817	0.13686	0.75497
54 A	0.10952	0.13429	0.75619
55 T	0.11089	0.13224	0.75688
56 C	0.11014	0.13172	0.75814
57 A	0.10918	0.13260	0.75822
58 T	0.10862	0.13290	0.75849
59 T	0.10769	0.13338	0.75893
60 A	0.10488	0.13590	0.75922
61 A	0.10394	0.13454	0.76152
62 A	0.10543	0.10836	0.78622
63 A	0.10524	0.08431	0.81044
64 T	0.10622	0.07342	0.82036
65 C	0.10621	0.06797	0.82582
66 A	0.10536	0.06882	0.82582
67 A	0.10496	0.06718	0.82787
68 T	0.10492	0.06230	0.83278
69 C	0.10448	0.06080	0.83473
70 G	0.10442	0.06059	0.83499
71 G	0.10521	0.05934	0.83545
72 A	0.10853	0.05638	0.83509
73 A	0.11464	0.05022	0.83513
74 T	0.12181	0.04211	0.83607
75 T	0.12269	0.03653	0.84079
76 A	0.12301	0.03357	0.84342
77 A	0.12342	0.03179	0.84479
78 T	0.12409	0.02917	0.84674
79 T	0.12431	0.02664	0.84905
80 T	0.12459	0.02443	0.85098
81 T	0.12454	0.02367	0.85178
82 T	0.12440	0.02377	0.85183
83 T	0.12395	0.02307	0.85298
84 A	0.12223	0.02468	0.85309
85 G	0.12142	0.02495	0.85362
86 A	0.12111	0.02504	0.85384
87 A	0.12090	0.02491	0.85419
88 G	0.12098	0.02367	0.85535
89 A	0.12217	0.02183	0.856
90 T	0.12383	0.01955	0.85663
91 T	0.12461	0.01845	0.85694
92 T	0.12493	0.01790	0.85718
93 T	0.12507	0.01775	0.85718
94 A	0.12525	0.01746	0.85729
95 A	0.12584	0.01679	0.85737
96 T	0.12680	0.01567	0.85753
97 T	0.12736	0.01508	0.85756
98 C	0.12768	0.01483	0.85749
99 T	0.12901	0.01378	0.85721
100 T	0.12947	0.01338	0.85715
101 A	0.12937	0.01352	0.85712
102 T	0.12964	0.01320	0.85716
103 A	0.12979	0.01298	0.85723
104 C	0.13040	0.01110	0.8585
105 T	0.13183	0.00929	0.85888
106 T	0.13259	0.00804	0.85936
107 T	0.13261	0.00722	0.86017
108 A	0.13113	0.00832	0.86055
109 T	0.12920	0.01014	0.86066
110 T	0.12719	0.01193	0.86088
111 A	0.12492	0.01437	0.86072
112 G	0.12352	0.01597	0.86051
113 A	0.12256	0.01786	0.85957
114 T	0.12179	0.01869	0.85953
115 T	0.11991	0.02105	0.85905
116 T	0.11667	0.02453	0.85879
117 A	0.11265	0.02869	0.85866
118 C	0.11112	0.03018	0.85869
119 A	0.10974	0.03163	0.85863
120 A	0.10953	0.03182	0.85865
121 T	0.10965	0.03161	0.85873
122 C	0.10977	0.03142	0.8588
123 T	0.10976	0.03144	0.8588
124 T	0.10962	0.03140	0.85898
125 T	0.10941	0.03155	0.85904
126 A	0.10918	0.03174	0.85908
127 T	0.10904	0.03183	0.85913
128 T	0.10893	0.03163	0.85945
129 A	0.10863	0.03172	0.85965
130 A	0.10854	0.03123	0.86023
131 A	0.10855	0.02949	0.86196
132 T	0.10859	0.02690	0.8645
133 G	0.10817	0.02544	0.86639
134 A	0.10824	0.02364	0.86812
135 A	0.10856	0.02174	0.8697
136 G	0.10950	0.01908	0.87141
137 A	0.10981	0.01646	0.87373
138 T	0.11058	0.01313	0.87629
139 T	0.11092	0.00973	0.87935
140 G	0.11107	0.00672	0.88221
141 T	0.11112	0.00564	0.88324
142 T	0.11117	0.00440	0.88442
143 T	0.11118	0.00423	0.88459
144 T	0.11114	0.00431	0.88456
145 T	0.11101	0.00465	0.88435
146 T	0.11066	0.00500	0.88434
147 T	0.10918	0.00675	0.88407
148 G	0.10584	0.01094	0.88322
149 A	0.10423	0.01465	0.88112
150 C	0.10316	0.01768	0.87916
151 A	0.10195	0.02524	0.87282
152 T	0.10165	0.02764	0.87071
153 T	0.10127	0.02836	0.87037
154 A	0.10064	0.02901	0.87035
155 T	0.10047	0.02915	0.87039
156 T	0.10008	0.02901	0.87091
157 C	0.09969	0.02921	0.87111
158 C	0.09940	0.02951	0.8711
159 T	0.09935	0.02965	0.871
160 A	0.09929	0.02981	0.8709
161 T	0.09930	0.02987	0.87083
162 T	0.09924	0.03007	0.87069
163 T	0.09901	0.03058	0.87041
164 T	0.09780	0.03238	0.86982
165 A	0.08551	0.04586	0.86863
166 A	0.07473	0.05795	0.86732
167 A	0.06917	0.06372	0.8671
168 A	0.06588	0.06694	0.86718
169 A	0.06373	0.06878	0.86749
170 A	0.06324	0.06792	0.86883
171 A	0.06408	0.06408	0.87184
172 A	0.06647	0.06020	0.87333
173 A	0.06894	0.05678	0.87428
174 T	0.07518	0.04960	0.87522
175 T	0.07670	0.04836	0.87495
176 T	0.07668	0.04829	0.87503
177 T	0.07632	0.04814	0.87554
178 T	0.07563	0.04855	0.87583
179 T	0.07440	0.04944	0.87616
180 A	0.07014	0.05342	0.87644
181 C	0.06703	0.05621	0.87676
182 C	0.06426	0.05895	0.87679
183 T	0.06172	0.06170	0.87659
184 G	0.05666	0.06695	0.87639
185 A	0.05358	0.07040	0.87602
186 A	0.05192	0.07226	0.87582
187 A	0.05206	0.07116	0.87678
188 A	0.05286	0.05794	0.8892
189 T	0.05406	0.04546	0.90049
190 T	0.05348	0.04085	0.90567
191 T	0.05165	0.04072	0.90763
192 A	0.04738	0.04763	0.90499
193 G	0.04182	0.05614	0.90205
194 A	0.03944	0.05995	0.90061
195 A	0.03801	0.06224	0.89976
196 A	0.03767	0.06301	0.89931
197 A	0.03782	0.06354	0.89864
198 T	0.03832	0.06328	0.8984
199 T	0.03806	0.06339	0.89854
200 T	0.03730	0.06372	0.89898
201 A	0.03618	0.06465	0.89917
202 A	0.03592	0.06431	0.89977
203 A	0.03577	0.06110	0.90312
204 T	0.03568	0.05783	0.9065
205 T	0.03554	0.05531	0.90915
206 T	0.03504	0.05373	0.91124
207 A	0.03400	0.05200	0.914
208 A	0.03354	0.05023	0.91623
209 T	0.03336	0.04878	0.91786
210 A	0.03294	0.04865	0.91841
211 A	0.03296	0.04797	0.91907
212 A	0.03357	0.04637	0.92006
213 T	0.03476	0.04347	0.92177
214 G	0.03559	0.04053	0.92388
215 A	0.03942	0.03331	0.92727
216 T	0.04311	0.02483	0.93206
217 A	0.04452	0.02176	0.93372
218 T	0.04570	0.01912	0.93518
219 T	0.04637	0.01790	0.93573
220 A	0.04680	0.01741	0.93579
221 T	0.04725	0.01675	0.93599
222 T	0.04670	0.01723	0.93607
223 G	0.04586	0.01804	0.9361
224 T	0.04600	0.01751	0.93648
225 A	0.04579	0.01821	0.936
226 A	0.04582	0.01829	0.93589
227 T	0.04615	0.01768	0.93617
228 T	0.04597	0.01800	0.93603
229 T	0.04586	0.01869	0.93545
230 T	0.04568	0.02063	0.93368
231 A	0.04488	0.02272	0.9324
232 T	0.04452	0.02463	0.93086
233 A	0.04402	0.02619	0.92979
234 T	0.04360	0.02737	0.92903
235 A	0.04257	0.02987	0.92757
236 A	0.04246	0.03108	0.92646
237 T	0.04259	0.03183	0.92558
238 A	0.04256	0.03420	0.92324
239 A	0.04249	0.03502	0.92249
240 T	0.04288	0.03493	0.92219
241 A	0.04284	0.03539	0.92177
242 A	0.04297	0.03523	0.9218
243 A	0.04337	0.03454	0.92209
244 A	0.04398	0.03349	0.92252
245 T	0.04475	0.03155	0.92369
246 T	0.04533	0.02995	0.92472
247 A	0.04561	0.02928	0.92512
248 A	0.04606	0.02800	0.92593
249 G	0.04648	0.02690	0.92662
250 A	0.04685	0.02594	0.92721
251 C	0.04765	0.02406	0.92828
252 A	0.04923	0.02215	0.92862
253 T	0.05203	0.01886	0.92911
254 G	0.05358	0.01669	0.92973
255 T	0.05566	0.01417	0.93018
256 C	0.05682	0.01260	0.93058
257 G	0.05785	0.01106	0.93109
258 C	0.05914	0.00890	0.93196
259 G	0.06030	0.00767	0.93202
260 A	0.06142	0.00656	0.93202
261 T	0.06406	0.00383	0.93211
262 C	0.06479	0.00284	0.93236
263 T	0.06520	0.00244	0.93235
264 T	0.06528	0.00223	0.93249
265 T	0.06491	0.00251	0.93258
266 T	0.06413	0.00326	0.93261
267 G	0.06240	0.00499	0.93261
268 A	0.06145	0.00584	0.93271
269 C	0.06103	0.00610	0.93287
270 A	0.06078	0.00629	0.93293
271 G	0.06063	0.00638	0.93299
272 C	0.06059	0.00640	0.93301
273 T	0.06059	0.00640	0.93302
274 G	0.06056	0.00642	0.93302
275 A	0.06051	0.00645	0.93304
276 T	0.06052	0.00642	0.93306
277 C	0.06047	0.00644	0.93309
278 C	0.06045	0.00642	0.93314
279 T	0.06044	0.00640	0.93315
280 A	0.06042	0.00642	0.93316
281 A	0.06040	0.00644	0.93317
282 T	0.06046	0.00636	0.93318
283 T	0.06048	0.00634	0.93318
284 T	0.06035	0.00634	0.93331
285 T	0.06019	0.00639	0.93342
286 A	0.05963	0.00696	0.93342
287 T	0.05931	0.00705	0.93363
288 A	0.05870	0.00732	0.93398
289 T	0.05802	0.00738	0.93461
290 A	0.05724	0.00694	0.93583
291 T	0.05690	0.00644	0.93665
292 C	0.05661	0.00641	0.93698
293 G	0.05644	0.00670	0.93685
294 T	0.05640	0.00690	0.9367
295 T	0.05638	0.00710	0.93651
296 T	0.05635	0.00725	0.93639
297 A	0.05627	0.00742	0.93632
298 T	0.05621	0.00749	0.93629
299 T	0.05609	0.00770	0.93621
300 T	0.05548	0.00837	0.93615
301 G	0.05437	0.00959	0.93605
302 A	0.05405	0.01006	0.9359
303 A	0.05378	0.01048	0.93574
304 A	0.05349	0.01102	0.93548
305 A	0.05329	0.01146	0.93525
306 A	0.05322	0.01169	0.93509
307 G	0.05301	0.01198	0.935
308 A	0.05297	0.01212	0.93491
309 A	0.05308	0.01178	0.93513
310 A	0.05331	0.01115	0.93555
311 A	0.05350	0.01035	0.93615
312 T	0.05388	0.00920	0.93692
313 T	0.05415	0.00817	0.93767
314 C	0.05424	0.00774	0.93802
315 T	0.05439	0.00764	0.93798
316 T	0.05425	0.00828	0.93747
317 C	0.05408	0.00874	0.93718
318 T	0.05401	0.00947	0.93652
319 T	0.05378	0.01036	0.93587
320 A	0.05339	0.01080	0.93581
321 T	0.05319	0.01095	0.93586
322 T	0.05288	0.01117	0.93595
323 T	0.05235	0.01097	0.93668
324 C	0.05141	0.01090	0.93769
325 G	0.05102	0.01121	0.93778
326 A	0.05097	0.01126	0.93777
327 A	0.05111	0.01104	0.93785
328 G	0.05136	0.01068	0.93796
329 A	0.05163	0.01038	0.93798
330 T	0.05196	0.00977	0.93827
331 A	0.05216	0.00946	0.93837
332 T	0.05244	0.00912	0.93844
333 T	0.05242	0.00920	0.93838
334 A	0.05226	0.00941	0.93834
335 A	0.05216	0.00956	0.93828
336 A	0.05221	0.00951	0.93828
337 A	0.05231	0.00939	0.9383
338 A	0.05275	0.00891	0.93834
339 T	0.05382	0.00739	0.93879
340 T	0.05420	0.00673	0.93907
341 T	0.05459	0.00605	0.93936
342 T	0.05481	0.00543	0.93977
343 T	0.05482	0.00491	0.94028
344 T	0.05476	0.00443	0.94081
345 T	0.05467	0.00411	0.94122
346 T	0.05443	0.00390	0.94167
347 C	0.05371	0.00400	0.94228
348 T	0.05309	0.00458	0.94233
349 T	0.05261	0.00530	0.94209
350 T	0.05177	0.00650	0.94173
351 A	0.05000	0.00891	0.94109
352 T	0.04898	0.01044	0.94058
353 A	0.04584	0.01455	0.93961
354 T	0.04143	0.01910	0.93947
355 A	0.03552	0.02515	0.93933
356 A	0.03252	0.02823	0.93925
357 A	0.02967	0.03102	0.93931
358 C	0.02567	0.03493	0.9394
359 A	0.02361	0.03708	0.93931
360 T	0.02321	0.03758	0.9392
361 A	0.02280	0.03812	0.93908
362 A	0.02274	0.03823	0.93904
363 T	0.02277	0.03820	0.93903
364 T	0.02268	0.03819	0.93913
365 T	0.02248	0.03831	0.93922
366 T	0.02200	0.03893	0.93907
367 G	0.01870	0.04220	0.9391
368 A	0.01760	0.04330	0.93911
369 A	0.01688	0.04380	0.93933
370 A	0.01616	0.04377	0.94007
371 C	0.01576	0.04294	0.9413
372 A	0.01531	0.04380	0.94089
373 A	0.01370	0.04575	0.94056
374 A	0.01275	0.04706	0.9402
375 A	0.01253	0.04691	0.94055
376 A	0.01319	0.04396	0.94285
377 T	0.01334	0.03881	0.94784
378 A	0.01321	0.03403	0.95276
379 A	0.01320	0.03151	0.95528
380 A	0.01323	0.02866	0.95812
381 T	0.01318	0.02431	0.96251
382 G	0.01236	0.02319	0.96445
383 T	0.01189	0.02368	0.96442
384 C	0.01133	0.02525	0.96342
385 G	0.01093	0.03249	0.95658
386 A	0.01059	0.03564	0.95377
387 A	0.01036	0.03793	0.95171
388 A	0.01033	0.03839	0.95129
389 A	0.01043	0.03824	0.95133
390 C	0.01029	0.03510	0.95461
391 G	0.01032	0.03483	0.95484
392 A	0.01047	0.03464	0.95488
393 A	0.01068	0.03420	0.95512
394 A	0.01093	0.03350	0.95557
395 A	0.01167	0.03215	0.95618
396 A	0.01268	0.02878	0.95854
397 T	0.01415	0.02543	0.96041
398 C	0.01462	0.02410	0.96128
399 T	0.01505	0.02359	0.96137
400 G	0.01497	0.02371	0.96133
401 A	0.01485	0.02393	0.96121
402 T	0.01479	0.02387	0.96134
403 G	0.01385	0.02471	0.96144
404 A	0.01345	0.02479	0.96176
405 A	0.01355	0.02355	0.96289
406 C	0.01410	0.02212	0.96377
407 C	0.01563	0.02007	0.9643
408 A	0.02209	0.01347	0.96444
409 G	0.02502	0.01035	0.96463
410 T	0.02742	0.00779	0.96479
411 T	0.02805	0.00713	0.96482
412 T	0.02826	0.00681	0.96493
413 C	0.02835	0.00636	0.96529
414 T	0.02857	0.00609	0.96535
415 T	0.02860	0.00612	0.96528
416 T	0.02827	0.00653	0.96519
417 T	0.02777	0.00718	0.96505
418 G	0.02667	0.00873	0.9646
419 A	0.02250	0.01412	0.96338
420 A	0.01879	0.01832	0.96289
421 A	0.01627	0.02142	0.9623
422 A	0.01564	0.02243	0.96193
423 A	0.01562	0.02255	0.96182
424 A	0.01573	0.02250	0.96177
425 A	0.01571	0.02229	0.962
426 A	0.01570	0.02144	0.96286
427 T	0.01559	0.02113	0.96328
428 A	0.01529	0.02115	0.96356
429 T	0.01515	0.02106	0.96379
430 G	0.01484	0.02118	0.96399
431 G	0.01478	0.02112	0.9641
432 A	0.01473	0.02109	0.96418
433 A	0.01471	0.02103	0.96426
434 G	0.01471	0.02080	0.96449
435 T	0.01476	0.02051	0.96473
436 C	0.01473	0.02012	0.96515
437 G	0.01475	0.01993	0.96531
438 T	0.01491	0.01962	0.96548
439 G	0.01500	0.01936	0.96564
440 A	0.01514	0.01889	0.96597
441 A	0.01559	0.01774	0.96666
442 T	0.01683	0.01212	0.97105
443 A	0.01725	0.00820	0.97455
444 C	0.01793	0.00499	0.97709
445 G	0.01842	0.00406	0.97752
446 A	0.01886	0.00361	0.97753
447 T	0.01939	0.00302	0.9776
448 T	0.01964	0.00275	0.97761
449 A	0.01973	0.00265	0.97762
450 T	0.01989	0.00219	0.97792
451 T	0.01996	0.00187	0.97816
452 T	0.01998	0.00173	0.97829
453 T	0.01999	0.00159	0.97843
454 A	0.01997	0.00168	0.97835
455 A	0.01994	0.00173	0.97833
456 A	0.01988	0.00176	0.97835
457 A	0.01983	0.00178	0.97839
458 T	0.01985	0.00173	0.97842
459 T	0.01980	0.00171	0.97848
460 C	0.01972	0.00176	0.97852
461 G	0.01965	0.00186	0.97849
462 T	0.01964	0.00191	0.97846
463 T	0.01956	0.00199	0.97845
464 T	0.01933	0.00223	0.97844
465 A	0.01891	0.00269	0.9784
466 G	0.01860	0.00299	0.97841
467 C	0.01837	0.00321	0.97841
468 G	0.01826	0.00333	0.97842
469 T	0.01832	0.00326	0.97842
470 C	0.01830	0.00328	0.97842
471 T	0.01830	0.00328	0.97842
472 C	0.01825	0.00333	0.97842
473 C	0.01826	0.00333	0.97841
474 T	0.01832	0.00328	0.97841
475 G	0.01831	0.00330	0.9784
476 A	0.01835	0.00325	0.97839
477 T	0.01839	0.00320	0.97841
478 G	0.01834	0.00325	0.97841
479 A	0.01834	0.00320	0.97846
480 A	0.01835	0.00312	0.97852
481 A	0.01837	0.00310	0.97853
482 T	0.01838	0.00304	0.97858
483 T	0.01835	0.00312	0.97854
484 A	0.01809	0.00351	0.97839
485 G	0.01795	0.00363	0.97841
486 A	0.01787	0.00378	0.97835
487 A	0.01782	0.00369	0.97849
488 A	0.01781	0.00335	0.97884
489 A	0.01780	0.00307	0.97913
490 T	0.01780	0.00281	0.9794
491 G	0.01778	0.00264	0.97958
492 G	0.01777	0.00257	0.97966
493 T	0.01777	0.00249	0.97974
494 C	0.01776	0.00244	0.9798
495 T	0.01776	0.00243	0.97981
496 T	0.01774	0.00251	0.97975
497 A	0.01767	0.00261	0.97972
498 T	0.01761	0.00266	0.97972
499 G	0.01755	0.00278	0.97967
500 G	0.01752	0.00276	0.97972
501 C	0.01751	0.00274	0.97975
502 G	0.01752	0.00288	0.97959
503 A	0.01756	0.00296	0.97948
504 A	0.01764	0.00296	0.9794
505 A	0.01775	0.00292	0.97933
506 T	0.01799	0.00266	0.97934
507 T	0.01824	0.00216	0.9796
508 G	0.01827	0.00202	0.97971
509 T	0.01837	0.00189	0.97974
510 T	0.01840	0.00188	0.97972
511 A	0.01838	0.00200	0.97961
512 A	0.01839	0.00204	0.97957
513 T	0.01839	0.00206	0.97954
514 T	0.01839	0.00212	0.97948
515 A	0.01837	0.00219	0.97944
516 T	0.01837	0.00221	0.97942
517 G	0.01836	0.00221	0.97943
518 A	0.01838	0.00218	0.97944
519 A	0.01843	0.00210	0.97947
520 A	0.01848	0.00197	0.97955
521 C	0.01856	0.00182	0.97962
522 T	0.01873	0.00162	0.97965
523 A	0.01880	0.00155	0.97965
524 T	0.01890	0.00145	0.97965
525 T	0.01901	0.00136	0.97963
526 A	0.01903	0.00140	0.97956
527 A	0.01907	0.00141	0.97952
528 T	0.01902	0.00144	0.97954
529 T	0.01879	0.00166	0.97955
530 A	0.01847	0.00198	0.97955
531 T	0.01831	0.00212	0.97957
532 C	0.01796	0.00246	0.97958
533 G	0.01766	0.00279	0.97955
534 T	0.01761	0.00294	0.97946
535 A	0.01748	0.00310	0.97942
536 C	0.01743	0.00317	0.9794
537 T	0.01747	0.00323	0.9793
538 T	0.01742	0.00332	0.97925
539 C	0.01729	0.00350	0.9792
540 T	0.01723	0.00359	0.97918
541 A	0.01714	0.00368	0.97918
542 A	0.01703	0.00378	0.97919
543 A	0.01694	0.00386	0.9792
544 C	0.01687	0.00392	0.9792
545 C	0.01683	0.00395	0.97922
546 A	0.01683	0.00395	0.97922
547 G	0.01684	0.00394	0.97922
548 A	0.01686	0.00392	0.97922
549 A	0.01692	0.00386	0.97923
550 A	0.01697	0.00377	0.97926
551 T	0.01699	0.00347	0.97954
552 G	0.01693	0.00318	0.97989
553 G	0.01691	0.00284	0.98025
554 G	0.01689	0.00265	0.98046
555 A	0.01688	0.00237	0.98074
556 G	0.01692	0.00200	0.98108
557 G	0.01704	0.00168	0.98128
558 A	0.01712	0.00142	0.98146
559 C	0.01720	0.00119	0.98161
560 T	0.01731	0.00105	0.98165
561 T	0.01736	0.00095	0.98169
562 T	0.01738	0.00088	0.98173
563 T	0.01739	0.00086	0.98175
564 T	0.01739	0.00082	0.98178
565 T	0.01739	0.00070	0.98191
566 G	0.01736	0.00064	0.982
567 T	0.01724	0.00069	0.98207
568 C	0.01664	0.00126	0.9821
569 C	0.01578	0.00219	0.98203
570 A	0.01501	0.00330	0.98169
571 A	0.01452	0.00411	0.98137
572 A	0.01427	0.00447	0.98125
573 A	0.01418	0.00463	0.98119
574 A	0.01416	0.00467	0.98117
575 T	0.01417	0.00459	0.98124
576 T	0.01417	0.00454	0.98128
577 T	0.01414	0.00455	0.98131
578 T	0.01406	0.00463	0.98132
579 C	0.01394	0.00473	0.98132
580 G	0.01387	0.00481	0.98132
581 G	0.01382	0.00486	0.98132
582 T	0.01382	0.00487	0.98132
583 C	0.01381	0.00489	0.9813
584 C	0.01382	0.00491	0.98128
585 T	0.01384	0.00492	0.98124
586 T	0.01383	0.00500	0.98118
587 A	0.01379	0.00508	0.98113
588 T	0.01376	0.00513	0.98112
589 A	0.01370	0.00519	0.98112
590 A	0.01367	0.00504	0.98129
591 A	0.01366	0.00442	0.98192
592 G	0.01374	0.00347	0.98279
593 A	0.01406	0.00250	0.98343
594 T	0.01439	0.00172	0.98389
595 T	0.01447	0.00141	0.98413
596 T	0.01447	0.00130	0.98424
597 T	0.01442	0.00133	0.98425
598 C	0.01423	0.00152	0.98424
599 A	0.01404	0.00175	0.98422
600 A	0.01386	0.00193	0.98421
601 T	0.01379	0.00192	0.9843
602 G	0.01364	0.00197	0.98438
603 C	0.01356	0.00200	0.98444
604 G	0.01353	0.00200	0.98447
605 C	0.01353	0.00201	0.98446
606 T	0.01355	0.00220	0.98424
607 T	0.01357	0.00252	0.9839
608 G	0.01354	0.00325	0.98321
609 T	0.01337	0.00502	0.98161
610 T	0.01321	0.00774	0.97905
611 T	0.01284	0.01029	0.97687
612 A	0.01202	0.01265	0.97533
613 A	0.01138	0.01412	0.9745
614 A	0.01099	0.01499	0.97402
615 A	0.01004	0.01625	0.97371
616 A	0.00906	0.01765	0.9733
617 A	0.00814	0.01908	0.97278
618 A	0.00730	0.02064	0.97206
619 A	0.00674	0.02151	0.97175
620 A	0.00645	0.02191	0.97164
621 A	0.00638	0.02191	0.97171
622 A	0.00637	0.02174	0.9719
623 T	0.00639	0.02154	0.97207
624 A	0.00636	0.02151	0.97214
625 T	0.00636	0.02138	0.97226
626 C	0.00635	0.02134	0.97232
627 A	0.00635	0.02138	0.97227
628 A	0.00639	0.02133	0.97228
629 A	0.00662	0.02110	0.97229
630 A	0.00699	0.02069	0.97232
631 A	0.00795	0.01965	0.9724
632 C	0.01026	0.01666	0.97309
633 T	0.01341	0.01320	0.97339
634 T	0.01551	0.01075	0.97373
635 T	0.01632	0.00947	0.97421
636 T	0.01655	0.00894	0.9745
637 A	0.01650	0.00891	0.9746
638 A	0.01658	0.00794	0.97548
639 A	0.01692	0.00665	0.97643
640 A	0.01744	0.00517	0.97739
641 T	0.01829	0.00343	0.97828
642 T	0.01863	0.00250	0.97887
643 T	0.01872	0.00208	0.97921
644 G	0.01858	0.00208	0.97934
645 T	0.01844	0.00214	0.97941
646 C	0.01835	0.00218	0.97948
647 C	0.01828	0.00225	0.97947
648 T	0.01826	0.00245	0.97929
649 A	0.01819	0.00276	0.97905
650 A	0.01818	0.00297	0.97885
651 A	0.01812	0.00313	0.97875
652 T	0.01804	0.00329	0.97867
653 G	0.01786	0.00353	0.97861
654 T	0.01777	0.00381	0.97843
655 G	0.01765	0.00421	0.97813
656 G	0.01743	0.00478	0.97779
657 T	0.01732	0.00550	0.97717
658 G	0.01709	0.00614	0.97677
659 T	0.01690	0.00699	0.97611
660 T	0.01666	0.00797	0.97537
661 G	0.01624	0.00938	0.97438
662 A	0.01602	0.01035	0.97364
663 A	0.01597	0.01099	0.97304
664 A	0.01597	0.01104	0.97299
665 T	0.01597	0.01104	0.973
666 A	0.01592	0.01106	0.97302
667 A	0.01587	0.01099	0.97314
668 C	0.01578	0.01095	0.97327
669 A	0.01561	0.01111	0.97328
670 G	0.01526	0.01146	0.97328
671 A	0.01504	0.01176	0.9732
672 A	0.01480	0.01204	0.97316
673 C	0.01471	0.01213	0.97317
674 A	0.01453	0.01238	0.97309
675 A	0.01448	0.01247	0.97306
676 A	0.01461	0.01232	0.97307
677 A	0.01484	0.01213	0.97303
678 A	0.01524	0.01166	0.9731
679 G	0.01580	0.01069	0.97351
680 T	0.01683	0.00937	0.97381
681 A	0.01731	0.00851	0.97418
682 C	0.01809	0.00735	0.97457
683 G	0.01865	0.00659	0.97475
684 T	0.01944	0.00560	0.97496
685 C	0.01956	0.00538	0.97506
686 G	0.01944	0.00559	0.97497
687 C	0.01928	0.00582	0.9749
688 G	0.01903	0.00634	0.97464
689 A	0.01874	0.00690	0.97436
690 A	0.01850	0.00741	0.97409
691 A	0.01850	0.00754	0.97396
692 G	0.01852	0.00743	0.97406
693 A	0.01859	0.00702	0.97439
694 A	0.01873	0.00646	0.97481
695 T	0.01891	0.00578	0.97531
696 G	0.01895	0.00541	0.97564
697 G	0.01907	0.00503	0.9759
698 G	0.01917	0.00474	0.97608
699 G	0.01928	0.00456	0.97615
700 C	0.01942	0.00438	0.97619
701 A	0.01947	0.00436	0.97617
702 T	0.01952	0.00433	0.97615
703 A	0.01952	0.00434	0.97614
704 T	0.01952	0.00435	0.97614
705 A	0.01951	0.00438	0.97611
706 G	0.01952	0.00423	0.97625
707 A	0.01955	0.00415	0.9763
708 A	0.01964	0.00380	0.97657
709 T	0.01987	0.00302	0.97711
710 T	0.02002	0.00264	0.97734
711 A	0.02022	0.00221	0.97757
712 G	0.02043	0.00170	0.97787
713 C	0.02071	0.00119	0.9781
714 T	0.02095	0.00092	0.97813
715 T	0.02102	0.00082	0.97816
716 C	0.02110	0.00073	0.97816
717 T	0.02115	0.00068	0.97816
718 T	0.02116	0.00067	0.97816
719 C	0.02116	0.00067	0.97818
720 T	0.02116	0.00069	0.97815
721 G	0.02116	0.00072	0.97812
722 T	0.02117	0.00074	0.97809
723 T	0.02116	0.00076	0.97808
724 G	0.02113	0.00081	0.97806
725 T	0.02114	0.00080	0.97805
726 A	0.02113	0.00082	0.97805
727 C	0.02115	0.00078	0.97808
728 A	0.02119	0.00074	0.97808
729 T	0.02127	0.00064	0.97808
730 A	0.02133	0.00059	0.97809
731 C	0.02140	0.00052	0.97808
732 T	0.02142	0.00052	0.97806
733 T	0.02142	0.00054	0.97804
734 G	0.02141	0.00058	0.97801
735 G	0.02136	0.00068	0.97796
736 T	0.02134	0.00078	0.97787
737 A	0.02126	0.00103	0.9777
738 T	0.02121	0.00120	0.97758
739 T	0.02113	0.00144	0.97743
740 T	0.02097	0.00186	0.97718
741 A	0.02064	0.00256	0.9768
742 A	0.02050	0.00301	0.97649
743 A	0.02045	0.00320	0.97635
744 T	0.02047	0.00334	0.9762
745 A	0.02046	0.00336	0.97618
746 G	0.02045	0.00334	0.97621
747 T	0.02042	0.00332	0.97625
748 T	0.02032	0.00340	0.97628
749 C	0.02025	0.00345	0.97631
750 T	0.02018	0.00351	0.97631
751 C	0.02006	0.00362	0.97631
752 C	0.01998	0.00371	0.97631
753 G	0.01990	0.00380	0.97631
754 A	0.01986	0.00384	0.9763
755 G	0.01986	0.00385	0.97629
756 T	0.01990	0.00384	0.97626
757 A	0.01992	0.00382	0.97627
758 G	0.01997	0.00371	0.97631
759 A	0.02007	0.00358	0.97635
760 T	0.02030	0.00322	0.97648
761 T	0.02044	0.00297	0.97658
762 A	0.02060	0.00273	0.97667
763 G	0.02086	0.00232	0.97682
764 C	0.02121	0.00172	0.97707
765 T	0.02148	0.00147	0.97705
766 A	0.02158	0.00151	0.97691
767 T	0.02173	0.00150	0.97676
768 T	0.02175	0.00174	0.97651
769 A	0.02166	0.00232	0.97601
770 T	0.02157	0.00279	0.97565
771 T	0.02141	0.00313	0.97546
772 T	0.02113	0.00364	0.97523
773 T	0.02034	0.00481	0.97485
774 A	0.01860	0.00681	0.97459
775 G	0.01779	0.00774	0.97447
776 G	0.01710	0.00867	0.97424
777 A	0.01669	0.00964	0.97366
778 A	0.01644	0.01049	0.97307
779 T	0.01625	0.01155	0.9722
780 G	0.01567	0.01393	0.97039
781 A	0.01543	0.01447	0.9701
782 A	0.01524	0.01470	0.97007
783 A	0.01509	0.01489	0.97002
784 G	0.01502	0.01498	0.97
785 C	0.01500	0.01501	0.96999
786 C	0.01498	0.01508	0.96993
787 A	0.01495	0.01533	0.96972
788 A	0.01506	0.01539	0.96956
789 A	0.01526	0.01527	0.96947
790 G	0.01543	0.01522	0.96936
791 A	0.01575	0.01499	0.96927
792 A	0.01635	0.01429	0.96936
793 T	0.01702	0.01338	0.9696
794 T	0.01744	0.01264	0.96992
795 A	0.01767	0.01213	0.9702
796 T	0.01797	0.01109	0.97095
797 T	0.01813	0.00968	0.97219
798 A	0.01816	0.00912	0.97272
799 G	0.01837	0.00842	0.97322
800 A	0.01889	0.00770	0.97341
801 A	0.01936	0.00718	0.97346
802 A	0.02022	0.00619	0.97359
803 T	0.02200	0.00393	0.97407
804 A	0.02228	0.00351	0.97421
805 G	0.02236	0.00325	0.9744
806 T	0.02249	0.00295	0.97456
807 T	0.02257	0.00278	0.97465
808 T	0.02260	0.00271	0.97469
809 A	0.02263	0.00266	0.9747
810 C	0.02280	0.00245	0.97475
811 T	0.02295	0.00232	0.97473
812 A	0.02301	0.00228	0.97472
813 T	0.02315	0.00215	0.9747
814 G	0.02325	0.00205	0.9747
815 T	0.02343	0.00187	0.9747
816 T	0.02355	0.00173	0.97471
817 T	0.02365	0.00161	0.97474
818 C	0.02372	0.00152	0.97476
819 T	0.02384	0.00148	0.97468
820 T	0.02386	0.00170	0.97443
821 A	0.02385	0.00189	0.97426
822 T	0.02383	0.00203	0.97413
823 A	0.02389	0.00211	0.97399
824 T	0.02407	0.00199	0.97393
825 T	0.02411	0.00209	0.9738
826 G	0.02407	0.00268	0.97325
827 T	0.02410	0.00291	0.97299
828 T	0.02392	0.00329	0.9728
829 A	0.02364	0.00362	0.97274
830 T	0.02352	0.00375	0.97272
831 G	0.02338	0.00389	0.97274
832 T	0.02330	0.00395	0.97275
833 C	0.02312	0.00413	0.97276
834 T	0.02289	0.00436	0.97274
835 C	0.02216	0.00511	0.97273
836 C	0.02136	0.00600	0.97265
837 T	0.02056	0.00727	0.97217
838 G	0.01926	0.00935	0.9714
839 G	0.01850	0.01130	0.97019
840 A	0.01827	0.01294	0.96879
841 A	0.01817	0.01332	0.96851
842 A	0.01817	0.01348	0.96835
843 T	0.01846	0.01322	0.96832
844 A	0.01856	0.01315	0.96829
845 C	0.01862	0.01305	0.96833
846 A	0.01866	0.01341	0.96793
847 A	0.01876	0.01353	0.96771
848 A	0.01890	0.01359	0.9675
849 T	0.01954	0.01299	0.96748
850 T	0.01970	0.01289	0.9674
851 T	0.01967	0.01288	0.96745
852 A	0.01936	0.01347	0.96717
853 G	0.01883	0.01438	0.96679
854 A	0.01847	0.01575	0.96578
855 A	0.01660	0.01851	0.96488
856 A	0.01563	0.01976	0.96461
857 A	0.01517	0.02011	0.96472
858 A	0.01499	0.01943	0.96558
859 G	0.01495	0.01854	0.9665
860 G	0.01535	0.01741	0.96725
861 A	0.01605	0.01576	0.9682
862 C	0.01717	0.01406	0.96878
863 A	0.01824	0.01337	0.96838
864 G	0.01854	0.01350	0.96796
865 T	0.01877	0.01413	0.96711
866 T	0.01884	0.01473	0.96643
867 G	0.01883	0.01569	0.96549
868 A	0.01882	0.01603	0.96514
869 T	0.01910	0.01580	0.96511
870 A	0.01914	0.01579	0.96507
871 T	0.01923	0.01567	0.9651
872 C	0.01860	0.01629	0.96511
873 A	0.01837	0.01667	0.96496
874 G	0.01847	0.01657	0.96495
875 A	0.01893	0.01609	0.96498
876 A	0.01949	0.01509	0.96542
877 A	0.02063	0.01368	0.9657
878 T	0.02163	0.01060	0.96778
879 T	0.02201	0.00924	0.96874
880 C	0.02208	0.00880	0.96912
881 A	0.02207	0.00873	0.9692
882 A	0.02209	0.00874	0.96918
883 T	0.02217	0.00865	0.96918
884 A	0.02224	0.00869	0.96907
885 C	0.02246	0.00846	0.96908
886 G	0.02303	0.00788	0.96909
887 G	0.02375	0.00726	0.96899
888 T	0.02476	0.00651	0.96873
889 C	0.02526	0.00670	0.96805
890 A	0.02597	0.01030	0.96373
891 T	0.02646	0.01216	0.96139
892 T	0.02658	0.01470	0.95873
893 A	0.02661	0.01644	0.95695
894 T	0.02669	0.01724	0.95606
895 T	0.02650	0.01750	0.95599
896 T	0.02632	0.01904	0.95464
897 A	0.02578	0.02265	0.95157
898 G	0.02550	0.02617	0.94833
899 A	0.02541	0.02666	0.94793
900 A	0.02536	0.02696	0.94769
901 A	0.02532	0.02711	0.94758
902 A	0.02533	0.02708	0.9476
903 C	0.02534	0.02701	0.94766
904 A	0.02540	0.02697	0.94763
905 G	0.02556	0.02679	0.94765
906 C	0.02579	0.02656	0.94765
907 A	0.02601	0.02644	0.94755
908 A	0.02613	0.02633	0.94754
909 C	0.02637	0.02606	0.94757
910 A	0.02671	0.02574	0.94755
911 A	0.02726	0.02519	0.94754
912 C	0.02880	0.02353	0.94767
913 T	0.03442	0.01794	0.94764
914 T	0.03743	0.01495	0.94762
915 T	0.03982	0.01252	0.94766
916 G	0.04072	0.01151	0.94777
917 T	0.04147	0.01066	0.94787
918 C	0.04185	0.00975	0.94841
919 G	0.04304	0.00837	0.94859
920 C	0.04587	0.00519	0.94894
921 T	0.04903	0.00215	0.94882
922 T	0.04924	0.00201	0.94875
923 T	0.04880	0.00263	0.94856
924 A	0.04726	0.00450	0.94824
925 A	0.04066	0.01139	0.94795
926 C	0.03589	0.01636	0.94775
927 A	0.03150	0.02136	0.94714
928 G	0.03023	0.02266	0.94712
929 G	0.02943	0.02354	0.94703
930 T	0.02887	0.02415	0.94698
931 G	0.02714	0.02589	0.94697
932 C	0.02502	0.02801	0.94697
933 A	0.02319	0.02989	0.94692
934 A	0.02235	0.03074	0.94691
935 C	0.02201	0.03109	0.9469
936 A	0.02166	0.03153	0.94682
937 G	0.02143	0.03185	0.94672
938 C	0.02130	0.03199	0.94671
939 T	0.02121	0.03219	0.9466
940 G	0.02090	0.03260	0.94651
941 T	0.02065	0.03292	0.94642
942 C	0.02015	0.03354	0.9463
943 A	0.01951	0.03495	0.94554
944 A	0.01853	0.03615	0.94532
945 A	0.01833	0.03630	0.94537
946 G	0.01837	0.03580	0.94583
947 A	0.01862	0.03478	0.94661
948 A	0.01880	0.02823	0.95296
949 T	0.01904	0.02261	0.95835
950 T	0.01929	0.01793	0.96278
951 G	0.01896	0.01725	0.96379
952 T	0.01887	0.01747	0.96366
953 T	0.01859	0.01764	0.96377
954 A	0.01801	0.01763	0.96436
955 A	0.01766	0.01670	0.96564
956 A	0.01736	0.01600	0.96665
957 G	0.01639	0.01624	0.96738
958 G	0.01593	0.01654	0.96753
959 A	0.01562	0.01715	0.96723
960 A	0.01553	0.01746	0.96701
961 C	0.01550	0.01753	0.96697
962 T	0.01558	0.01990	0.96452
963 A	0.01564	0.02353	0.96083
964 G	0.01575	0.02620	0.95805
965 A	0.01592	0.02913	0.95495
966 T	0.01661	0.03066	0.95273
967 T	0.01685	0.03403	0.94912
968 T	0.01683	0.04061	0.94255
969 A	0.01618	0.04964	0.93418
970 A	0.01570	0.05136	0.93294
971 A	0.01544	0.05291	0.93165
972 T	0.01525	0.05524	0.9295
973 G	0.01506	0.05980	0.92515
974 C	0.01531	0.06193	0.92276
975 T	0.01600	0.07019	0.91381
976 A	0.01614	0.07781	0.90604
977 A	0.01648	0.08082	0.9027
978 A	0.01684	0.08206	0.9011
979 A	0.01725	0.08214	0.90061
980 T	0.01731	0.08149	0.9012
981 A	0.01680	0.08219	0.90101
982 G	0.01729	0.08211	0.9006
983 A	0.01794	0.08390	0.89816
984 A	0.01873	0.08543	0.89584
985 G	0.02089	0.08619	0.89292
986 A	0.02441	0.08456	0.89103
987 A	0.02758	0.08281	0.88961
988 T	0.03103	0.08006	0.88891
989 T	0.03396	0.07768	0.88836
990 A	0.03792	0.07419	0.88789
991 A	0.04400	0.06799	0.88801
992 A	0.05089	0.06044	0.88867
993 A	0.05257	0.05811	0.88932
994 A	0.05532	0.05481	0.88987
995 C	0.06170	0.04781	0.89049
996 T	0.07230	0.03694	0.89076
997 C	0.07630	0.03278	0.89092
998 T	0.08346	0.02570	0.89084
999 T	0.08639	0.02297	0.89064
1000 T	0.08674	0.02306	0.8902
1001 T	0.08026	0.03051	0.88923
1002 A	0.05973	0.05141	0.88886
1003 A	0.04867	0.06260	0.88873
1004 A	0.04124	0.06971	0.88905
1005 A	0.03858	0.07231	0.8891
1006 C	0.03896	0.07230	0.88874
1007 A	0.04012	0.07275	0.88713
1008 T	0.04323	0.07138	0.88539
1009 A	0.04362	0.07150	0.88488
1010 T	0.04401	0.07122	0.88476
1011 T	0.04218	0.07320	0.88461
1012 T	0.03747	0.07785	0.88468
1013 C	0.03324	0.08195	0.88481
1014 G	0.02719	0.08807	0.88474
1015 A	0.02359	0.09179	0.88463
1016 A	0.02140	0.09399	0.88461
1017 A	0.01898	0.09643	0.88459
1018 C	0.01742	0.09803	0.88454
1019 A	0.01624	0.09948	0.88428
1020 A	0.01531	0.10070	0.88399
1021 A	0.01499	0.10138	0.88364
1022 A	0.01481	0.10184	0.88335
1023 A	0.01505	0.10101	0.88393
1024 A	0.01586	0.09183	0.89231
1025 G	0.01624	0.07026	0.91349
1026 A	0.01675	0.05930	0.92395
1027 G	0.01741	0.05236	0.93023
1028 A	0.01819	0.05637	0.92544
1029 T	0.01932	0.06440	0.91627
1030 A	0.02063	0.06923	0.91014
1031 A	0.02217	0.06947	0.90836
1032 T	0.02276	0.06885	0.9084
1033 A	0.02294	0.06979	0.90726
1034 T	0.02313	0.06821	0.90866
1035 T	0.02327	0.06468	0.91205
1036 A	0.02336	0.06368	0.91296
1037 T	0.02342	0.06027	0.9163
1038 T	0.02343	0.06000	0.91657
1039 A	0.02336	0.06377	0.91287
1040 A	0.02334	0.06339	0.91327
1041 G	0.02339	0.06294	0.91366
1042 A	0.02363	0.06232	0.91404
1043 G	0.02408	0.06153	0.91439
1044 A	0.02479	0.06115	0.91407
1045 T	0.02567	0.06065	0.91368
1046 T	0.02608	0.06269	0.91123
1047 A	0.02633	0.06566	0.90802
1048 G	0.02683	0.06870	0.90447
1049 A	0.02771	0.07501	0.89728
1050 A	0.02938	0.07385	0.89677
1051 A	0.03735	0.06628	0.89637
1052 T	0.05031	0.05343	0.89627
1053 T	0.05811	0.04572	0.89616
1054 C	0.06086	0.04327	0.89587
1055 T	0.06345	0.04126	0.89529
1056 T	0.06579	0.03986	0.89435
1057 A	0.06679	0.03921	0.89401
1058 T	0.06889	0.03721	0.89391
1059 A	0.07060	0.03563	0.89377
1060 T	0.07247	0.03377	0.89376
1061 C	0.07428	0.03204	0.89368
1062 T	0.07895	0.02745	0.8936
1063 T	0.08001	0.02655	0.89344
1064 T	0.07975	0.02694	0.89331
1065 A	0.07931	0.02743	0.89325
1066 C	0.07937	0.02742	0.89321
1067 A	0.07898	0.02810	0.89291
1068 A	0.07756	0.02967	0.89277
1069 C	0.07950	0.02776	0.89274
1070 A	0.08188	0.02550	0.89262
1071 A	0.08437	0.02309	0.89254
1072 T	0.09059	0.01691	0.8925
1073 C	0.09038	0.01720	0.89241
1074 T	0.09031	0.01773	0.89196
1075 G	0.08962	0.01879	0.89159
1076 A	0.08948	0.01924	0.89128
1077 T	0.08969	0.01929	0.89103
1078 A	0.08951	0.01964	0.89085
1079 A	0.09005	0.01914	0.89081
1080 T	0.09034	0.01865	0.891
1081 A	0.09018	0.01868	0.89114
1082 A	0.09018	0.01840	0.89142
1083 A	0.09025	0.01792	0.89182
1084 C	0.09043	0.01689	0.89269
1085 C	0.09059	0.01643	0.89298
1086 T	0.09079	0.01606	0.89315
1087 G	0.09086	0.01573	0.89341
1088 A	0.09092	0.01550	0.89358
1089 A	0.09099	0.01530	0.89371
1090 T	0.09129	0.01404	0.89466
1091 G	0.09143	0.01114	0.89743
1092 G	0.09151	0.01007	0.89842
1093 A	0.09166	0.00906	0.89928
1094 T	0.09184	0.00761	0.90056
1095 G	0.09194	0.00672	0.90133
1096 G	0.09213	0.00571	0.90215
1097 T	0.09269	0.00460	0.9027
1098 T	0.09307	0.00354	0.90339
1099 T	0.09330	0.00310	0.90359
1100 T	0.09346	0.00291	0.90362
1101 A	0.09353	0.00260	0.90388
1102 G	0.09358	0.00248	0.90393
1103 A	0.09361	0.00262	0.90377
1104 T	0.09363	0.00264	0.90373
1105 G	0.09364	0.00346	0.90289
1106 T	0.09368	0.00373	0.90258
1107 T	0.09371	0.00375	0.90254
1108 T	0.09371	0.00375	0.90255
1109 T	0.09367	0.00380	0.90254
1110 G	0.09351	0.00398	0.90251
1111 C	0.09348	0.00406	0.90246
1112 C	0.09345	0.00438	0.90217
1113 A	0.09347	0.00458	0.90195
1114 A	0.09355	0.00466	0.9018
1115 T	0.09375	0.00463	0.90162
1116 T	0.09389	0.00454	0.90157
1117 C	0.09394	0.00450	0.90156
1118 T	0.09404	0.00441	0.90155
1119 T	0.09403	0.00445	0.90153
1120 C	0.09396	0.00451	0.90153
1121 C	0.09394	0.00454	0.90153
1122 T	0.09404	0.00443	0.90152
1123 G	0.09410	0.00438	0.90152
1124 C	0.09424	0.00424	0.90152
1125 C	0.09443	0.00406	0.9015
1126 G	0.09470	0.00382	0.90149
1127 A	0.09499	0.00355	0.90146
1128 T	0.09586	0.00270	0.90144
1129 T	0.09603	0.00258	0.90139
1130 T	0.09596	0.00271	0.90134
1131 A	0.09575	0.00293	0.90132
1132 A	0.09567	0.00295	0.90138
1133 G	0.09563	0.00281	0.90156
1134 A	0.09563	0.00276	0.90161
1135 C	0.09590	0.00244	0.90167
1136 C	0.09611	0.00232	0.90157
1137 A	0.09624	0.00249	0.90127
1138 A	0.09642	0.00259	0.90099
1139 T	0.09650	0.00260	0.90089
1140 T	0.09651	0.00260	0.90088
1141 G	0.09651	0.00259	0.9009
1142 T	0.09651	0.00244	0.90105
1143 T	0.09649	0.00229	0.90122
1144 C	0.09648	0.00216	0.90136
1145 C	0.09646	0.00215	0.90138
1146 T	0.09645	0.00231	0.90124
1147 T	0.09642	0.00296	0.90062
1148 T	0.09637	0.00350	0.90012
1149 A	0.09598	0.00471	0.8993
1150 G	0.09591	0.00489	0.8992
1151 A	0.09589	0.00492	0.89919
1152 T	0.09584	0.00484	0.89933
1153 G	0.09566	0.00496	0.89939
1154 C	0.09554	0.00496	0.89949
1155 A	0.09487	0.00575	0.89938
1156 G	0.09457	0.00611	0.89931
1157 G	0.09438	0.00646	0.89917
1158 A	0.09427	0.00685	0.89887
1159 C	0.09433	0.00711	0.89856
1160 G	0.09454	0.00737	0.89809
1161 T	0.09477	0.00848	0.89675
1162 T	0.09477	0.00881	0.89642
1163 T	0.09465	0.00916	0.89618
1164 T	0.09437	0.00961	0.89602
1165 G	0.09380	0.01018	0.89602
1166 C	0.09344	0.01054	0.89602
1167 G	0.09310	0.01092	0.89597
1168 A	0.09282	0.01120	0.89599
1169 C	0.09295	0.01104	0.89601
1170 T	0.09352	0.01051	0.89598
1171 A	0.09362	0.01047	0.89592
1172 C	0.09416	0.00965	0.89619
1173 T	0.09410	0.01015	0.89575
1174 G	0.09350	0.01201	0.8945
1175 A	0.09308	0.01452	0.8924
1176 T	0.09229	0.01685	0.89087
1177 A	0.09056	0.02112	0.88833
1178 T	0.08967	0.02293	0.88739
1179 A	0.08746	0.02598	0.88655
1180 A	0.08612	0.02771	0.88616
1181 A	0.08568	0.02841	0.88591
1182 T	0.08551	0.02872	0.88577
1183 G	0.08388	0.03072	0.8854
1184 A	0.08389	0.03117	0.88493
1185 T	0.08387	0.03206	0.88407
1186 T	0.08345	0.03606	0.88049
1187 T	0.08271	0.03704	0.88024
1188 A	0.08063	0.03924	0.88013
1189 T	0.07884	0.04116	0.88
1190 A	0.06700	0.05315	0.87985
1191 C	0.05946	0.06088	0.87966
1192 A	0.05059	0.07424	0.87517
1193 G	0.04474	0.08120	0.87405
1194 A	0.04152	0.08562	0.87287
1195 A	0.04011	0.08815	0.87174
1196 G	0.04020	0.08834	0.87146
1197 A	0.04170	0.08646	0.87184
1198 A	0.04408	0.08366	0.87226
1199 T	0.04616	0.08028	0.87357
1200 T	0.04871	0.07603	0.87526
1201 T	0.05027	0.07382	0.87592
1202 T	0.05048	0.07307	0.87644
1203 A	0.04903	0.07399	0.87698
1204 A	0.04753	0.07531	0.87716
1205 A	0.04694	0.07574	0.87732
1206 T	0.04721	0.07333	0.87946
1207 C	0.04710	0.07208	0.88081
1208 G	0.04787	0.07287	0.87925
1209 T	0.05159	0.07217	0.87624
1210 A	0.05171	0.07408	0.87421
1211 A	0.05173	0.07406	0.87422
1212 T	0.05203	0.07201	0.87596
1213 A	0.05191	0.05951	0.88858
1214 A	0.05241	0.05115	0.89644
1215 T	0.05750	0.03752	0.90498
1216 C	0.05842	0.03146	0.91012
1217 G	0.05914	0.03068	0.91019
1218 T	0.05987	0.03428	0.90585
1219 T	0.05912	0.04598	0.8949
1220 T	0.05005	0.07595	0.874
1221 A	0.03120	0.12023	0.84856
1222 A	0.02557	0.15874	0.81569
1223 A	0.02290	0.17727	0.79983
1224 A	0.02212	0.18063	0.79725
1225 A	0.02255	0.18144	0.79601
1226 A	0.02282	0.18010	0.79708
1227 A	0.02301	0.17923	0.79777
1228 C	0.02391	0.17842	0.79766
1229 A	0.02429	0.18543	0.79028
1230 A	0.02446	0.19001	0.78553
1231 A	0.02629	0.19066	0.78305
1232 T	0.02896	0.19028	0.78075
1233 T	0.02905	0.19061	0.78035
1234 A	0.02671	0.19298	0.78031
1235 A	0.02441	0.19519	0.7804
1236 A	0.02185	0.19773	0.78043
1237 C	0.02010	0.19936	0.78054
1238 A	0.01871	0.20112	0.78017
1239 A	0.01866	0.20141	0.77993
1240 A	0.02069	0.19885	0.78047
1241 A	0.02640	0.19267	0.78094
1242 A	0.03844	0.17942	0.78214
1243 G	0.06057	0.14567	0.79376
1244 C	0.08446	0.10333	0.81222
1245 T	0.11552	0.06737	0.81711
1246 C	0.12632	0.05517	0.81851
1247 C	0.12750	0.05422	0.81828
1248 T	0.12748	0.05584	0.81668
1249 A	0.12226	0.06257	0.81517
1250 G	0.11840	0.06684	0.81476
1251 A	0.11557	0.07077	0.81367
1252 T	0.12244	0.06870	0.80887
1253 T	0.12489	0.07384	0.80128
1254 A	0.11740	0.08640	0.79621
1255 A	0.11423	0.09011	0.79567
1256 T	0.11218	0.09143	0.79639
1257 T	0.10915	0.09447	0.79637
1258 A	0.10586	0.09835	0.79579
1259 T	0.10455	0.09771	0.79774
1260 T	0.10238	0.09893	0.79869
1261 A	0.09552	0.10558	0.7989
1262 A	0.08894	0.11281	0.79826
1263 A	0.08153	0.12161	0.79686
1264 A	0.07342	0.13083	0.79575
1265 A	0.04963	0.15595	0.79441
1266 T	0.04277	0.16455	0.79268
1267 G	0.03677	0.17373	0.78949
1268 A	0.03412	0.17863	0.78726
1269 A	0.03276	0.18182	0.78542
1270 A	0.03203	0.18208	0.78589
1271 A	0.03203	0.18107	0.7869
1272 A	0.02736	0.18157	0.79107
1273 A	0.02627	0.18017	0.79356
1274 G	0.02677	0.17571	0.79751
1275 A	0.03201	0.17162	0.79638
1276 A	0.04070	0.16122	0.79808
1277 T	0.04810	0.14525	0.80665
1278 G	0.04903	0.13891	0.81206
1279 T	0.05017	0.13439	0.81544
1280 T	0.04887	0.13307	0.81806
1281 A	0.04288	0.13642	0.82069
1282 C	0.03717	0.13944	0.8234
1283 A	0.03194	0.14342	0.82464
1284 A	0.03095	0.14003	0.82901
1285 G	0.03108	0.13489	0.83403
1286 A	0.03266	0.12910	0.83824
1287 A	0.03397	0.12258	0.84345
1288 G	0.03580	0.09431	0.8699
1289 C	0.03909	0.08238	0.87853
1290 T	0.04313	0.07298	0.88389
1291 G	0.04484	0.06980	0.88536
1292 T	0.04751	0.06631	0.88618
1293 A	0.04821	0.06485	0.88694
1294 G	0.04947	0.06232	0.88821
1295 A	0.05132	0.05168	0.897
1296 T	0.05448	0.04452	0.90099
1297 G	0.05559	0.04171	0.9027
1298 T	0.05861	0.03733	0.90406
1299 T	0.05980	0.03520	0.905
1300 T	0.06052	0.03349	0.90599
1301 T	0.06050	0.03190	0.9076
1302 A	0.05998	0.03385	0.90617
1303 T	0.05991	0.03183	0.90827
1304 T	0.05944	0.02787	0.9127
1305 T	0.05808	0.02611	0.91581
1306 G	0.05377	0.03006	0.91618
1307 A	0.05083	0.04851	0.90065
1308 T	0.04699	0.06310	0.88991
1309 A	0.04027	0.10143	0.85831
1310 A	0.03744	0.11288	0.84967
1311 T	0.03584	0.11865	0.84551
1312 G	0.03216	0.12978	0.83806
1313 T	0.03141	0.14322	0.82537
1314 T	0.03017	0.15248	0.81736
1315 A	0.02874	0.17175	0.79951
1316 A	0.02844	0.17604	0.79553
1317 A	0.02830	0.17890	0.79279
1318 G	0.02793	0.18133	0.79074
1319 T	0.02829	0.18229	0.78942
1320 T	0.02719	0.18538	0.78743
1321 A	0.02537	0.18889	0.78574
1322 A	0.02500	0.19022	0.78478
1323 T	0.02504	0.19070	0.78426
1324 A	0.02395	0.19264	0.78341
1325 A	0.02434	0.19267	0.78298
1326 A	0.02441	0.19324	0.78235
1327 A	0.02497	0.19371	0.78132
1328 A	0.02599	0.19281	0.7812
