# lcl|CP097583.1_cds_USQ93470.1_1
# AA	inside	membr	outside
1 A	0.14617	0.00000	0.85383
2 T	0.13802	0.00815	0.85383
3 G	0.13232	0.01385	0.85383
4 A	0.13232	0.02270	0.84498
5 A	0.08984	0.07415	0.83601
6 A	0.08984	0.07495	0.83521
7 A	0.04067	0.12427	0.83505
8 A	0.04067	0.12428	0.83505
9 A	0.03624	0.12876	0.835
10 A	0.03623	0.13112	0.83265
11 A	0.03574	0.13180	0.83246
12 A	0.03329	0.13433	0.83238
13 A	0.03145	0.13624	0.83231
14 T	0.03145	0.13624	0.83231
15 A	0.03145	0.13664	0.83191
16 G	0.03140	0.13669	0.83191
17 C	0.03136	0.13673	0.83191
18 G	0.03135	0.13676	0.83189
19 A	0.03134	0.13681	0.83185
20 T	0.03132	0.13716	0.83151
21 T	0.03117	0.13725	0.83159
22 A	0.03123	0.13729	0.83149
23 A	0.03145	0.13370	0.83486
24 T	0.03228	0.12876	0.83896
25 G	0.03258	0.10988	0.85754
26 G	0.03286	0.10065	0.86649
27 G	0.04028	0.08245	0.87727
28 T	0.04824	0.04719	0.90456
29 T	0.04893	0.04418	0.90688
30 A	0.04908	0.01797	0.93295
31 G	0.04900	0.01672	0.93427
32 G	0.04905	0.01254	0.93841
33 A	0.05057	0.01041	0.93902
34 C	0.05080	0.00970	0.9395
35 G	0.05102	0.00820	0.94078
36 T	0.05126	0.00711	0.94163
37 A	0.05133	0.00718	0.94149
38 T	0.05166	0.00682	0.94152
39 C	0.05151	0.00697	0.94151
40 G	0.05147	0.00700	0.94153
41 G	0.05150	0.00704	0.94146
42 T	0.05160	0.00706	0.94135
43 A	0.05187	0.00678	0.94135
44 A	0.05193	0.00672	0.94135
45 A	0.05230	0.00624	0.94146
46 T	0.05279	0.00563	0.94158
47 T	0.05301	0.00533	0.94166
48 A	0.05318	0.00509	0.94173
49 T	0.05354	0.00464	0.94182
50 C	0.05369	0.00437	0.94194
51 T	0.05421	0.00380	0.94199
52 T	0.05472	0.00322	0.94206
53 T	0.05479	0.00306	0.94214
54 C	0.05475	0.00301	0.94223
55 C	0.05476	0.00299	0.94225
56 G	0.05467	0.00305	0.94228
57 T	0.05499	0.00273	0.94228
58 T	0.05485	0.00287	0.94228
59 C	0.05449	0.00323	0.94227
60 T	0.05446	0.00329	0.94225
61 T	0.05406	0.00374	0.9422
62 T	0.05354	0.00411	0.94234
63 A	0.05208	0.00553	0.9424
64 T	0.05133	0.00627	0.9424
65 T	0.04971	0.00786	0.94244
66 C	0.04710	0.01045	0.94245
67 G	0.04457	0.01306	0.94237
68 G	0.04308	0.01465	0.94227
69 A	0.04243	0.01534	0.94223
70 A	0.04221	0.01561	0.94218
71 A	0.04212	0.01573	0.94214
72 T	0.04214	0.01573	0.94213
73 C	0.04205	0.01580	0.94214
74 A	0.04200	0.01593	0.94207
75 T	0.04188	0.01608	0.94204
76 A	0.04167	0.01638	0.94195
77 A	0.04159	0.01644	0.94197
78 T	0.04155	0.01641	0.94204
79 A	0.04134	0.01637	0.94229
80 T	0.04128	0.01614	0.94258
81 T	0.04119	0.01590	0.94291
82 G	0.04105	0.01557	0.94339
83 A	0.04101	0.01520	0.94379
84 T	0.04107	0.01444	0.94449
85 A	0.04107	0.01366	0.94526
86 T	0.04110	0.01179	0.94711
87 T	0.04110	0.01048	0.94842
88 G	0.04108	0.00859	0.95033
89 T	0.04109	0.00674	0.95216
90 A	0.04109	0.00521	0.95371
91 G	0.04115	0.00406	0.95479
92 C	0.04118	0.00361	0.95521
93 A	0.04122	0.00408	0.9547
94 A	0.04127	0.00455	0.95418
95 T	0.04136	0.00519	0.95346
96 T	0.04074	0.00689	0.95237
97 A	0.04031	0.00931	0.95038
98 A	0.04019	0.01039	0.94942
99 T	0.04018	0.01079	0.94903
100 G	0.04009	0.01150	0.94841
101 A	0.04003	0.01216	0.94781
102 T	0.04000	0.01263	0.94737
103 T	0.03988	0.01298	0.94714
104 T	0.03959	0.01342	0.94699
105 G	0.03890	0.01430	0.94681
106 T	0.03856	0.01466	0.94678
107 C	0.03796	0.01527	0.94677
108 A	0.03670	0.01655	0.94675
109 A	0.03612	0.01712	0.94676
110 C	0.03571	0.01750	0.94679
111 A	0.03525	0.01795	0.9468
112 C	0.03504	0.01815	0.94681
113 C	0.03485	0.01831	0.94683
114 A	0.03463	0.01856	0.9468
115 G	0.03463	0.01857	0.9468
116 A	0.03508	0.01812	0.9468
117 A	0.03565	0.01753	0.94682
118 A	0.03652	0.01659	0.94689
119 C	0.03786	0.01435	0.9478
120 T	0.04015	0.01159	0.94825
121 T	0.04119	0.01035	0.94846
122 T	0.04176	0.00966	0.94857
123 A	0.04202	0.00929	0.9487
124 G	0.04236	0.00880	0.94884
125 C	0.04293	0.00755	0.94952
126 T	0.04329	0.00694	0.94976
127 T	0.04350	0.00644	0.95006
128 A	0.04368	0.00606	0.95025
129 T	0.04374	0.00580	0.95046
130 T	0.04375	0.00554	0.95071
131 T	0.04363	0.00458	0.95179
132 A	0.04290	0.00525	0.95185
133 T	0.04263	0.00580	0.95157
134 T	0.04107	0.00818	0.95075
135 A	0.03971	0.01026	0.95003
136 A	0.03875	0.01175	0.9495
137 A	0.03825	0.01223	0.94951
138 A	0.03795	0.01246	0.94959
139 T	0.03766	0.01269	0.94965
140 A	0.03664	0.01377	0.94959
141 T	0.03595	0.01445	0.9496
142 G	0.03442	0.01608	0.94949
143 A	0.03311	0.01740	0.94949
144 T	0.03238	0.01810	0.94951
145 A	0.03084	0.01959	0.94957
146 G	0.02948	0.02080	0.94973
147 C	0.02887	0.02127	0.94986
148 G	0.02805	0.02210	0.94985
149 C	0.02747	0.02268	0.94985
150 A	0.02701	0.02326	0.94973
151 C	0.02676	0.02359	0.94965
152 A	0.02666	0.02383	0.9495
153 A	0.02654	0.02393	0.94954
154 G	0.02668	0.02366	0.94965
155 G	0.02730	0.02220	0.9505
156 T	0.02823	0.02093	0.95084
157 C	0.02933	0.01790	0.95277
158 G	0.02997	0.01632	0.95371
159 T	0.03058	0.01513	0.95429
160 T	0.03063	0.01489	0.95449
161 A	0.03038	0.01506	0.95456
162 T	0.02990	0.01539	0.9547
163 A	0.02788	0.01650	0.95562
164 A	0.02715	0.01645	0.9564
165 A	0.02670	0.01534	0.95796
166 G	0.02602	0.01470	0.95929
167 A	0.02555	0.01458	0.95987
168 A	0.02498	0.01386	0.96117
169 G	0.02431	0.01360	0.96209
170 A	0.02414	0.01335	0.96251
171 T	0.02411	0.01267	0.96323
172 G	0.02408	0.01228	0.96364
173 A	0.02418	0.01184	0.96398
174 T	0.02429	0.01136	0.96435
175 A	0.02438	0.01102	0.96461
176 T	0.02440	0.01063	0.96497
177 T	0.02429	0.01055	0.96515
178 A	0.02416	0.01058	0.96527
179 C	0.02410	0.01048	0.96541
180 T	0.02406	0.01047	0.96548
181 T	0.02394	0.01043	0.96563
182 T	0.02377	0.01057	0.96566
183 T	0.02333	0.01102	0.96564
184 G	0.02213	0.01230	0.96556
185 A	0.02110	0.01331	0.96558
186 T	0.02047	0.01240	0.96712
187 G	0.01953	0.01369	0.96678
188 A	0.01923	0.01429	0.96647
189 A	0.01922	0.01421	0.96658
190 A	0.01930	0.01373	0.96697
191 A	0.01946	0.01300	0.96753
192 T	0.02006	0.01172	0.96822
193 T	0.02016	0.01179	0.96804
194 C	0.01995	0.01274	0.96731
195 A	0.01948	0.01737	0.96315
196 T	0.01932	0.01861	0.96207
197 T	0.01903	0.01963	0.96133
198 A	0.01848	0.02119	0.96033
199 A	0.01827	0.02229	0.95944
200 T	0.01815	0.02262	0.95923
201 A	0.01786	0.02324	0.95889
202 G	0.01770	0.02332	0.95898
203 T	0.01740	0.02347	0.95913
204 G	0.01679	0.02382	0.95938
205 G	0.01651	0.02390	0.95959
206 A	0.01653	0.02357	0.95991
207 A	0.01672	0.02245	0.96084
208 G	0.01730	0.02089	0.96181
209 G	0.01807	0.01951	0.96243
210 T	0.01911	0.01793	0.96297
211 A	0.01949	0.01780	0.96271
212 A	0.01959	0.01809	0.96233
213 A	0.01948	0.01866	0.96186
214 A	0.01946	0.01915	0.9614
215 A	0.01956	0.01937	0.96107
216 A	0.02024	0.01858	0.96118
217 A	0.02174	0.01674	0.96152
218 T	0.02653	0.01118	0.96229
219 T	0.02756	0.00979	0.96264
220 C	0.02786	0.00919	0.96296
221 A	0.02834	0.00883	0.96283
222 T	0.02911	0.00826	0.96263
223 A	0.02939	0.00852	0.96209
224 T	0.02996	0.00786	0.96218
225 T	0.03005	0.00767	0.96228
226 T	0.02987	0.00749	0.96264
227 T	0.02772	0.00914	0.96314
228 C	0.02233	0.01430	0.96337
229 C	0.01698	0.01974	0.96329
230 A	0.01146	0.02562	0.96292
231 A	0.01028	0.02702	0.9627
232 G	0.00983	0.02759	0.96258
233 A	0.00976	0.02772	0.96251
234 A	0.01006	0.02741	0.96252
235 A	0.01052	0.02681	0.96268
236 G	0.01103	0.02611	0.96285
237 A	0.01151	0.02554	0.96295
238 A	0.01186	0.02509	0.96306
239 A	0.01195	0.02487	0.96318
240 T	0.01204	0.02467	0.96329
241 C	0.01186	0.02479	0.96335
242 C	0.01152	0.02509	0.96339
243 A	0.01118	0.02542	0.9634
244 C	0.01120	0.02539	0.96341
245 A	0.01125	0.02535	0.9634
246 A	0.01172	0.02488	0.96341
247 G	0.01186	0.02469	0.96345
248 A	0.01196	0.02430	0.96374
249 T	0.01216	0.02351	0.96433
250 T	0.01230	0.01962	0.96807
251 T	0.01231	0.01378	0.97391
252 G	0.01220	0.00876	0.97904
253 C	0.01222	0.00443	0.98335
254 C	0.01217	0.00393	0.9839
255 T	0.01197	0.00433	0.98369
256 T	0.01130	0.00516	0.98353
257 G	0.01027	0.00630	0.98344
258 G	0.00949	0.00717	0.98333
259 G	0.00903	0.00784	0.98313
260 G	0.00874	0.00827	0.983
261 A	0.00859	0.00856	0.98286
262 A	0.00856	0.00862	0.98282
263 A	0.00853	0.00856	0.98292
264 A	0.00851	0.00834	0.98316
265 T	0.00849	0.00798	0.98353
266 T	0.00839	0.00787	0.98374
267 A	0.00830	0.00793	0.98377
268 G	0.00826	0.00786	0.98387
269 G	0.00823	0.00793	0.98384
270 A	0.00819	0.00822	0.9836
271 A	0.00817	0.00835	0.98348
272 T	0.00817	0.00835	0.98348
273 A	0.00817	0.00834	0.98349
274 G	0.00819	0.00828	0.98353
275 A	0.00826	0.00807	0.98367
276 T	0.00839	0.00769	0.98392
277 A	0.00849	0.00732	0.98419
278 T	0.00887	0.00645	0.98468
279 T	0.00910	0.00545	0.98545
280 G	0.00924	0.00448	0.98627
281 T	0.00938	0.00376	0.98686
282 T	0.00959	0.00322	0.98718
283 T	0.00977	0.00283	0.9874
284 T	0.00991	0.00260	0.98749
285 A	0.00999	0.00258	0.98743
286 G	0.01002	0.00260	0.98739
287 A	0.01008	0.00255	0.98736
288 A	0.01016	0.00248	0.98736
289 T	0.01037	0.00215	0.98748
290 G	0.01053	0.00193	0.98754
291 T	0.01070	0.00175	0.98756
292 A	0.01077	0.00168	0.98755
293 C	0.01104	0.00140	0.98755
294 T	0.01119	0.00143	0.98739
295 G	0.01116	0.00167	0.98717
296 G	0.01117	0.00197	0.98687
297 T	0.01126	0.00250	0.98625
298 T	0.01130	0.00376	0.98494
299 T	0.01131	0.00393	0.98477
300 T	0.01129	0.00412	0.98459
301 T	0.01123	0.00422	0.98455
302 T	0.01112	0.00439	0.98448
303 C	0.01065	0.00491	0.98444
304 A	0.01025	0.00549	0.98425
305 C	0.00931	0.00656	0.98414
306 A	0.00892	0.00720	0.98388
307 A	0.00860	0.00768	0.98372
308 G	0.00844	0.00790	0.98367
309 T	0.00837	0.00799	0.98364
310 G	0.00818	0.00821	0.98361
311 A	0.00777	0.00863	0.9836
312 A	0.00747	0.00892	0.98361
313 G	0.00723	0.00914	0.98363
314 A	0.00697	0.00940	0.98362
315 A	0.00685	0.00950	0.98364
316 A	0.00687	0.00944	0.98369
317 A	0.00703	0.00923	0.98373
318 A	0.00725	0.00891	0.98384
319 G	0.00755	0.00852	0.98392
320 C	0.00819	0.00781	0.98401
321 T	0.00944	0.00653	0.98403
322 C	0.00959	0.00635	0.98406
323 A	0.00971	0.00624	0.98405
324 A	0.00976	0.00616	0.98408
325 T	0.00985	0.00601	0.98414
326 T	0.00988	0.00555	0.98457
327 A	0.00957	0.00556	0.98487
328 C	0.00944	0.00447	0.98609
329 A	0.00925	0.00452	0.98624
330 T	0.00906	0.00461	0.98632
331 T	0.00843	0.00545	0.98613
332 T	0.00711	0.00723	0.98566
333 A	0.00510	0.00946	0.98544
334 A	0.00435	0.00977	0.98588
335 A	0.00376	0.01005	0.9862
336 A	0.00336	0.01015	0.98649
337 G	0.00312	0.01007	0.98681
338 C	0.00298	0.01003	0.98699
339 A	0.00277	0.01023	0.987
340 G	0.00266	0.01032	0.98703
341 G	0.00261	0.01035	0.98704
342 A	0.00259	0.01036	0.98704
343 G	0.00259	0.01036	0.98706
344 C	0.00260	0.01030	0.9871
345 T	0.00261	0.01029	0.9871
346 A	0.00263	0.01028	0.98709
347 A	0.00264	0.01028	0.98708
348 A	0.00264	0.01028	0.98709
349 A	0.00266	0.01023	0.98712
350 A	0.00269	0.00965	0.98766
351 A	0.00278	0.00904	0.98817
352 G	0.00308	0.00790	0.98902
353 T	0.00345	0.00667	0.98988
354 G	0.00376	0.00549	0.99075
355 T	0.00423	0.00387	0.9919
356 T	0.00439	0.00251	0.99311
357 A	0.00434	0.00217	0.99349
358 A	0.00426	0.00190	0.99384
359 T	0.00423	0.00163	0.99414
360 T	0.00416	0.00156	0.99428
361 A	0.00397	0.00160	0.99442
362 G	0.00390	0.00150	0.9946
363 T	0.00383	0.00147	0.9947
364 G	0.00362	0.00164	0.99474
365 C	0.00340	0.00184	0.99476
366 A	0.00310	0.00215	0.99475
367 C	0.00304	0.00222	0.99475
368 C	0.00302	0.00224	0.99474
369 G	0.00302	0.00228	0.99469
370 G	0.00304	0.00227	0.99468
371 C	0.00306	0.00226	0.99468
372 T	0.00306	0.00228	0.99466
373 A	0.00300	0.00235	0.99465
374 C	0.00297	0.00238	0.99465
375 T	0.00294	0.00242	0.99464
376 G	0.00289	0.00248	0.99463
377 G	0.00287	0.00250	0.99462
378 A	0.00288	0.00251	0.99462
379 A	0.00293	0.00246	0.99461
380 A	0.00304	0.00228	0.99469
381 T	0.00315	0.00204	0.99481
382 G	0.00319	0.00192	0.99488
383 T	0.00325	0.00177	0.99498
384 T	0.00324	0.00164	0.99512
385 A	0.00318	0.00163	0.99519
386 A	0.00314	0.00159	0.99526
387 A	0.00311	0.00143	0.99546
388 A	0.00310	0.00122	0.99568
389 C	0.00311	0.00092	0.99597
390 G	0.00312	0.00086	0.99602
391 A	0.00313	0.00085	0.99602
392 T	0.00318	0.00079	0.99603
393 T	0.00319	0.00078	0.99603
394 G	0.00320	0.00077	0.99603
395 T	0.00322	0.00071	0.99607
396 T	0.00323	0.00064	0.99613
397 T	0.00323	0.00060	0.99617
398 T	0.00323	0.00056	0.99621
399 T	0.00321	0.00055	0.99624
400 A	0.00319	0.00055	0.99627
401 A	0.00318	0.00054	0.99628
402 T	0.00319	0.00052	0.99629
403 G	0.00317	0.00054	0.99629
404 T	0.00317	0.00054	0.9963
405 T	0.00309	0.00062	0.99629
406 A	0.00290	0.00086	0.99624
407 A	0.00280	0.00099	0.99621
408 T	0.00275	0.00105	0.99621
409 G	0.00261	0.00125	0.99615
410 A	0.00255	0.00136	0.99609
411 T	0.00250	0.00145	0.99605
412 G	0.00246	0.00157	0.99598
413 A	0.00245	0.00162	0.99593
414 T	0.00247	0.00162	0.99591
415 A	0.00246	0.00165	0.99588
416 T	0.00247	0.00165	0.99588
417 T	0.00243	0.00170	0.99587
418 T	0.00235	0.00178	0.99588
419 T	0.00223	0.00189	0.99587
420 A	0.00183	0.00229	0.99588
421 A	0.00160	0.00251	0.99589
422 C	0.00148	0.00260	0.99592
423 A	0.00134	0.00274	0.99593
424 A	0.00126	0.00282	0.99592
425 A	0.00120	0.00287	0.99593
426 A	0.00118	0.00288	0.99594
427 G	0.00118	0.00286	0.99595
428 A	0.00121	0.00275	0.99604
429 A	0.00126	0.00251	0.99623
430 G	0.00132	0.00231	0.99636
431 A	0.00140	0.00217	0.99643
432 T	0.00153	0.00191	0.99657
433 A	0.00161	0.00177	0.99662
434 C	0.00167	0.00165	0.99669
435 T	0.00174	0.00155	0.99671
436 A	0.00177	0.00151	0.99672
437 T	0.00179	0.00147	0.99674
438 T	0.00181	0.00145	0.99675
439 A	0.00181	0.00144	0.99676
440 T	0.00182	0.00129	0.9969
441 T	0.00181	0.00116	0.99703
442 A	0.00179	0.00103	0.99718
443 G	0.00178	0.00070	0.99752
444 T	0.00177	0.00052	0.99771
445 G	0.00174	0.00045	0.99781
446 G	0.00173	0.00035	0.99791
447 A	0.00173	0.00029	0.99797
448 G	0.00174	0.00023	0.99802
449 C	0.00175	0.00020	0.99806
450 T	0.00175	0.00019	0.99806
451 T	0.00176	0.00018	0.99807
452 C	0.00176	0.00018	0.99806
453 T	0.00176	0.00018	0.99806
454 T	0.00175	0.00019	0.99806
455 G	0.00175	0.00019	0.99806
456 T	0.00175	0.00019	0.99806
457 A	0.00175	0.00019	0.99806
458 C	0.00175	0.00019	0.99806
459 G	0.00175	0.00019	0.99806
460 A	0.00174	0.00019	0.99806
461 C	0.00175	0.00018	0.99807
462 T	0.00176	0.00018	0.99807
463 A	0.00175	0.00018	0.99807
464 A	0.00175	0.00017	0.99807
465 T	0.00176	0.00015	0.99809
466 T	0.00176	0.00014	0.9981
467 G	0.00176	0.00012	0.99812
468 T	0.00176	0.00010	0.99815
469 T	0.00175	0.00009	0.99816
470 T	0.00174	0.00010	0.99816
471 A	0.00171	0.00012	0.99817
472 G	0.00170	0.00014	0.99817
473 C	0.00168	0.00014	0.99817
474 T	0.00167	0.00015	0.99817
475 C	0.00165	0.00017	0.99817
476 C	0.00164	0.00018	0.99817
477 G	0.00163	0.00020	0.99817
478 G	0.00163	0.00021	0.99817
479 T	0.00162	0.00022	0.99817
480 T	0.00161	0.00022	0.99817
481 G	0.00160	0.00024	0.99816
482 T	0.00160	0.00024	0.99816
483 A	0.00158	0.00025	0.99816
484 A	0.00158	0.00026	0.99816
485 A	0.00157	0.00025	0.99817
486 A	0.00158	0.00025	0.99817
487 G	0.00158	0.00024	0.99818
488 T	0.00158	0.00023	0.99818
489 T	0.00158	0.00023	0.99818
490 T	0.00158	0.00023	0.99818
491 T	0.00158	0.00023	0.99818
492 A	0.00158	0.00024	0.99818
493 A	0.00158	0.00024	0.99818
494 A	0.00158	0.00023	0.99819
495 T	0.00158	0.00021	0.99821
496 G	0.00158	0.00021	0.99821
497 A	0.00158	0.00020	0.99822
498 T	0.00158	0.00019	0.99823
499 A	0.00158	0.00018	0.99824
500 A	0.00158	0.00017	0.99825
501 T	0.00158	0.00015	0.99826
502 T	0.00159	0.00014	0.99827
503 T	0.00159	0.00013	0.99828
504 T	0.00159	0.00013	0.99829
505 G	0.00158	0.00013	0.99829
506 G	0.00158	0.00012	0.9983
507 T	0.00158	0.00012	0.9983
508 A	0.00158	0.00012	0.9983
509 T	0.00159	0.00011	0.9983
510 C	0.00159	0.00011	0.9983
511 G	0.00159	0.00011	0.9983
512 A	0.00159	0.00011	0.9983
513 T	0.00160	0.00010	0.9983
514 C	0.00160	0.00009	0.9983
515 A	0.00161	0.00009	0.9983
516 A	0.00162	0.00007	0.9983
517 T	0.00163	0.00006	0.9983
518 C	0.00164	0.00006	0.9983
519 T	0.00164	0.00005	0.9983
520 T	0.00164	0.00006	0.9983
521 T	0.00164	0.00006	0.9983
522 T	0.00163	0.00008	0.99829
523 A	0.00162	0.00009	0.99829
524 T	0.00162	0.00009	0.99829
525 G	0.00161	0.00010	0.99829
526 A	0.00161	0.00010	0.99829
527 C	0.00161	0.00010	0.9983
528 T	0.00161	0.00010	0.99829
529 A	0.00161	0.00012	0.99827
530 C	0.00161	0.00012	0.99826
531 T	0.00161	0.00013	0.99826
532 A	0.00161	0.00014	0.99825
533 T	0.00161	0.00014	0.99825
534 T	0.00160	0.00015	0.99825
535 C	0.00160	0.00015	0.99825
536 A	0.00159	0.00017	0.99824
537 C	0.00159	0.00017	0.99824
538 A	0.00159	0.00018	0.99824
539 G	0.00159	0.00018	0.99823
540 T	0.00159	0.00018	0.99823
541 T	0.00159	0.00019	0.99823
542 A	0.00158	0.00019	0.99823
543 T	0.00158	0.00019	0.99823
544 A	0.00158	0.00019	0.99823
545 C	0.00157	0.00018	0.99824
546 T	0.00157	0.00018	0.99825
547 A	0.00157	0.00018	0.99825
548 A	0.00157	0.00018	0.99825
549 C	0.00157	0.00017	0.99825
550 G	0.00157	0.00018	0.99825
551 A	0.00157	0.00017	0.99826
552 T	0.00159	0.00015	0.99826
553 C	0.00159	0.00015	0.99826
554 A	0.00160	0.00014	0.99826
555 A	0.00160	0.00013	0.99826
556 T	0.00161	0.00012	0.99827
557 C	0.00161	0.00012	0.99827
558 T	0.00162	0.00011	0.99827
559 C	0.00162	0.00010	0.99828
560 T	0.00162	0.00012	0.99826
561 T	0.00155	0.00022	0.99823
562 A	0.00141	0.00041	0.99817
563 T	0.00136	0.00049	0.99815
564 A	0.00122	0.00064	0.99815
565 G	0.00114	0.00072	0.99815
566 A	0.00108	0.00077	0.99815
567 T	0.00105	0.00079	0.99817
568 C	0.00100	0.00084	0.99817
569 A	0.00096	0.00087	0.99817
570 A	0.00093	0.00090	0.99817
571 A	0.00093	0.00090	0.99817
572 C	0.00092	0.00090	0.99818
573 A	0.00092	0.00090	0.99818
574 C	0.00092	0.00090	0.99818
575 A	0.00092	0.00090	0.99818
576 T	0.00092	0.00090	0.99818
577 C	0.00091	0.00092	0.99818
578 C	0.00089	0.00093	0.99818
579 G	0.00088	0.00095	0.99818
580 A	0.00087	0.00096	0.99818
581 A	0.00087	0.00096	0.99818
582 A	0.00087	0.00096	0.99817
583 G	0.00089	0.00093	0.99818
584 G	0.00092	0.00080	0.99829
585 T	0.00097	0.00061	0.99842
586 A	0.00099	0.00054	0.99846
587 T	0.00100	0.00042	0.99858
588 T	0.00100	0.00036	0.99864
589 T	0.00100	0.00031	0.99869
590 G	0.00100	0.00029	0.99872
591 G	0.00099	0.00026	0.99875
592 A	0.00099	0.00025	0.99876
593 C	0.00099	0.00023	0.99879
594 T	0.00099	0.00025	0.99876
595 A	0.00098	0.00027	0.99874
596 G	0.00098	0.00029	0.99873
597 A	0.00096	0.00031	0.99873
598 A	0.00095	0.00034	0.99871
599 G	0.00095	0.00034	0.99871
600 A	0.00095	0.00033	0.99872
601 G	0.00094	0.00032	0.99874
602 G	0.00094	0.00032	0.99873
603 A	0.00095	0.00032	0.99873
604 A	0.00095	0.00032	0.99874
605 G	0.00095	0.00031	0.99874
606 A	0.00095	0.00030	0.99874
607 G	0.00096	0.00029	0.99875
608 C	0.00097	0.00028	0.99875
609 T	0.00099	0.00026	0.99875
610 G	0.00100	0.00025	0.99875
611 C	0.00102	0.00023	0.99875
612 T	0.00103	0.00022	0.99875
613 G	0.00103	0.00021	0.99875
614 C	0.00105	0.00020	0.99876
615 T	0.00106	0.00018	0.99876
616 G	0.00107	0.00018	0.99876
617 T	0.00109	0.00015	0.99876
618 T	0.00111	0.00013	0.99876
619 A	0.00111	0.00012	0.99876
620 A	0.00112	0.00010	0.99878
621 T	0.00113	0.00008	0.99879
622 A	0.00114	0.00007	0.99879
623 T	0.00115	0.00006	0.99879
624 G	0.00115	0.00005	0.99879
625 G	0.00116	0.00005	0.99879
626 T	0.00117	0.00003	0.99879
627 T	0.00117	0.00003	0.99879
628 C	0.00116	0.00004	0.99879
629 C	0.00116	0.00005	0.99879
630 A	0.00116	0.00011	0.99873
631 A	0.00115	0.00012	0.99873
632 G	0.00115	0.00013	0.99872
633 T	0.00115	0.00014	0.99871
634 T	0.00115	0.00014	0.99871
635 C	0.00115	0.00014	0.9987
636 T	0.00115	0.00015	0.99869
637 A	0.00114	0.00016	0.99869
638 C	0.00114	0.00017	0.99869
639 T	0.00114	0.00018	0.99868
640 G	0.00114	0.00018	0.99868
641 G	0.00113	0.00019	0.99868
642 A	0.00113	0.00020	0.99867
643 G	0.00113	0.00020	0.99867
644 C	0.00113	0.00020	0.99867
645 T	0.00113	0.00020	0.99867
646 G	0.00112	0.00021	0.99867
647 C	0.00112	0.00021	0.99867
648 A	0.00112	0.00022	0.99866
649 A	0.00112	0.00022	0.99866
650 A	0.00112	0.00021	0.99866
651 G	0.00113	0.00020	0.99867
652 G	0.00114	0.00019	0.99868
653 C	0.00118	0.00014	0.99868
654 G	0.00119	0.00013	0.99868
655 A	0.00120	0.00012	0.99868
656 T	0.00122	0.00011	0.99868
657 T	0.00122	0.00010	0.99868
658 T	0.00122	0.00010	0.99868
659 C	0.00122	0.00010	0.99868
660 A	0.00121	0.00011	0.99868
661 T	0.00121	0.00011	0.99868
662 T	0.00122	0.00012	0.99867
663 A	0.00120	0.00015	0.99865
664 G	0.00119	0.00017	0.99864
665 T	0.00118	0.00020	0.99862
666 T	0.00116	0.00022	0.99862
667 A	0.00113	0.00025	0.99862
668 T	0.00112	0.00026	0.99862
669 T	0.00110	0.00028	0.99862
670 C	0.00103	0.00034	0.99862
671 C	0.00097	0.00040	0.99863
672 T	0.00094	0.00046	0.9986
673 G	0.00090	0.00054	0.99856
674 A	0.00087	0.00064	0.99849
675 A	0.00083	0.00072	0.99845
676 T	0.00083	0.00078	0.9984
677 T	0.00080	0.00088	0.99832
678 A	0.00076	0.00104	0.9982
679 A	0.00075	0.00113	0.99812
680 A	0.00074	0.00121	0.99805
681 A	0.00074	0.00132	0.99795
682 G	0.00073	0.00137	0.99789
683 G	0.00074	0.00141	0.99785
684 A	0.00073	0.00149	0.99778
685 A	0.00074	0.00155	0.99771
686 A	0.00074	0.00161	0.99765
687 A	0.00075	0.00168	0.99756
688 A	0.00077	0.00170	0.99753
689 T	0.00078	0.00171	0.99751
690 A	0.00078	0.00175	0.99748
691 G	0.00078	0.00176	0.99746
692 A	0.00078	0.00175	0.99746
693 T	0.00079	0.00170	0.99751
694 G	0.00079	0.00166	0.99755
695 G	0.00081	0.00161	0.99757
696 A	0.00085	0.00156	0.9976
697 A	0.00091	0.00146	0.99763
698 C	0.00095	0.00138	0.99767
699 A	0.00100	0.00132	0.99768
700 G	0.00107	0.00123	0.99769
701 C	0.00118	0.00109	0.99772
702 G	0.00126	0.00105	0.99769
703 A	0.00134	0.00102	0.99763
704 T	0.00146	0.00094	0.99759
705 T	0.00151	0.00094	0.99756
706 A	0.00153	0.00100	0.99747
707 G	0.00157	0.00099	0.99744
708 A	0.00162	0.00093	0.99744
709 G	0.00170	0.00085	0.99745
710 T	0.00181	0.00074	0.99746
711 A	0.00185	0.00069	0.99746
712 C	0.00189	0.00064	0.99746
713 C	0.00195	0.00059	0.99746
714 T	0.00198	0.00056	0.99746
715 A	0.00199	0.00057	0.99744
716 G	0.00200	0.00057	0.99743
717 T	0.00200	0.00057	0.99743
718 T	0.00200	0.00057	0.99743
719 T	0.00198	0.00058	0.99744
720 A	0.00192	0.00064	0.99744
721 A	0.00190	0.00066	0.99744
722 C	0.00188	0.00066	0.99746
723 A	0.00187	0.00068	0.99745
724 G	0.00188	0.00068	0.99744
725 G	0.00192	0.00064	0.99744
726 G	0.00198	0.00057	0.99744
727 T	0.00204	0.00052	0.99744
728 C	0.00208	0.00046	0.99746
729 T	0.00216	0.00038	0.99746
730 T	0.00219	0.00035	0.99747
731 T	0.00219	0.00035	0.99746
732 A	0.00218	0.00037	0.99746
733 G	0.00217	0.00038	0.99745
734 T	0.00217	0.00037	0.99746
735 T	0.00216	0.00038	0.99746
736 G	0.00214	0.00042	0.99744
737 A	0.00212	0.00047	0.99741
738 T	0.00211	0.00050	0.99738
739 T	0.00208	0.00053	0.99739
740 T	0.00198	0.00063	0.99738
741 A	0.00182	0.00081	0.99736
742 A	0.00177	0.00085	0.99738
743 C	0.00175	0.00083	0.99742
744 A	0.00171	0.00089	0.9974
745 G	0.00170	0.00091	0.99739
746 T	0.00171	0.00092	0.99737
747 T	0.00170	0.00097	0.99733
748 G	0.00168	0.00103	0.99729
749 A	0.00167	0.00109	0.99725
750 A	0.00165	0.00116	0.99718
751 T	0.00165	0.00124	0.99711
752 T	0.00159	0.00145	0.99696
753 G	0.00143	0.00193	0.99665
754 A	0.00133	0.00233	0.99635
755 A	0.00125	0.00263	0.99612
756 A	0.00113	0.00297	0.9959
757 A	0.00108	0.00315	0.99578
758 A	0.00106	0.00322	0.99571
759 A	0.00105	0.00327	0.99568
760 G	0.00106	0.00328	0.99565
761 A	0.00107	0.00328	0.99564
762 A	0.00107	0.00328	0.99565
763 G	0.00108	0.00319	0.99573
764 T	0.00110	0.00304	0.99587
765 G	0.00109	0.00301	0.9959
766 A	0.00110	0.00300	0.99591
767 C	0.00113	0.00292	0.99594
768 T	0.00116	0.00290	0.99594
769 G	0.00117	0.00290	0.99594
770 T	0.00120	0.00286	0.99594
771 A	0.00122	0.00284	0.99594
772 G	0.00127	0.00280	0.99593
773 A	0.00133	0.00274	0.99594
774 A	0.00144	0.00262	0.99594
775 A	0.00163	0.00238	0.99599
776 T	0.00199	0.00187	0.99614
777 G	0.00223	0.00157	0.99619
778 A	0.00241	0.00142	0.99617
779 T	0.00263	0.00114	0.99623
780 T	0.00272	0.00104	0.99623
781 A	0.00275	0.00108	0.99617
782 A	0.00280	0.00107	0.99613
783 T	0.00286	0.00105	0.9961
784 A	0.00288	0.00113	0.99598
785 A	0.00292	0.00113	0.99594
786 T	0.00295	0.00113	0.99592
787 G	0.00293	0.00124	0.99582
788 T	0.00293	0.00127	0.99581
789 T	0.00288	0.00139	0.99574
790 T	0.00282	0.00163	0.99554
791 T	0.00274	0.00183	0.99543
792 C	0.00263	0.00204	0.99533
793 A	0.00256	0.00240	0.99505
794 A	0.00249	0.00266	0.99485
795 A	0.00234	0.00300	0.99467
796 A	0.00231	0.00316	0.99453
797 A	0.00231	0.00321	0.99448
798 A	0.00234	0.00320	0.99446
799 A	0.00237	0.00317	0.99446
800 G	0.00242	0.00309	0.99449
801 T	0.00253	0.00296	0.99451
802 G	0.00256	0.00291	0.99452
803 C	0.00261	0.00285	0.99455
804 C	0.00268	0.00277	0.99455
805 A	0.00274	0.00272	0.99455
806 A	0.00279	0.00267	0.99454
807 T	0.00293	0.00254	0.99452
808 G	0.00296	0.00252	0.99452
809 A	0.00299	0.00248	0.99452
810 A	0.00309	0.00234	0.99458
811 A	0.00316	0.00220	0.99464
812 C	0.00331	0.00191	0.99478
813 T	0.00368	0.00150	0.99483
814 T	0.00384	0.00127	0.99489
815 T	0.00394	0.00111	0.99495
816 A	0.00407	0.00095	0.99499
817 G	0.00419	0.00077	0.99503
818 C	0.00434	0.00046	0.9952
819 T	0.00447	0.00029	0.99523
820 T	0.00452	0.00024	0.99524
821 T	0.00454	0.00023	0.99522
822 T	0.00454	0.00025	0.99521
823 A	0.00454	0.00029	0.99518
824 T	0.00454	0.00031	0.99515
825 T	0.00453	0.00033	0.99514
826 A	0.00451	0.00039	0.9951
827 A	0.00450	0.00042	0.99508
828 A	0.00449	0.00043	0.99507
829 G	0.00449	0.00042	0.99509
830 A	0.00450	0.00041	0.9951
831 T	0.00450	0.00039	0.99511
832 C	0.00450	0.00039	0.99512
833 C	0.00450	0.00039	0.99512
834 G	0.00450	0.00039	0.99512
835 A	0.00450	0.00039	0.99511
836 T	0.00452	0.00038	0.9951
837 T	0.00452	0.00038	0.9951
838 G	0.00453	0.00038	0.9951
839 T	0.00454	0.00036	0.9951
840 T	0.00454	0.00036	0.9951
841 T	0.00454	0.00036	0.9951
842 C	0.00454	0.00036	0.9951
843 A	0.00455	0.00036	0.99509
844 T	0.00457	0.00034	0.99509
845 C	0.00458	0.00033	0.99509
846 T	0.00461	0.00030	0.99508
847 G	0.00462	0.00032	0.99506
848 A	0.00464	0.00031	0.99505
849 T	0.00468	0.00027	0.99505
850 A	0.00469	0.00026	0.99504
851 T	0.00470	0.00024	0.99506
852 T	0.00470	0.00024	0.99506
853 A	0.00470	0.00024	0.99506
854 T	0.00470	0.00024	0.99506
855 T	0.00469	0.00024	0.99506
856 G	0.00468	0.00025	0.99507
857 G	0.00468	0.00025	0.99507
858 A	0.00468	0.00025	0.99507
859 A	0.00468	0.00025	0.99507
860 C	0.00469	0.00025	0.99507
861 A	0.00469	0.00025	0.99507
862 A	0.00469	0.00024	0.99506
863 G	0.00470	0.00023	0.99506
864 T	0.00471	0.00023	0.99506
865 T	0.00472	0.00022	0.99506
866 T	0.00473	0.00020	0.99507
867 T	0.00473	0.00020	0.99508
868 G	0.00473	0.00019	0.99508
869 G	0.00474	0.00018	0.99509
870 T	0.00477	0.00016	0.99508
871 T	0.00478	0.00015	0.99507
872 C	0.00479	0.00015	0.99506
873 T	0.00480	0.00016	0.99504
874 T	0.00481	0.00020	0.99499
875 T	0.00481	0.00026	0.99493
876 A	0.00481	0.00037	0.99482
877 T	0.00481	0.00043	0.99475
878 T	0.00480	0.00048	0.99472
879 T	0.00478	0.00053	0.99469
880 G	0.00475	0.00056	0.99469
881 A	0.00473	0.00058	0.99469
882 T	0.00472	0.00059	0.99469
883 T	0.00471	0.00061	0.99468
884 C	0.00469	0.00064	0.99467
885 T	0.00467	0.00072	0.99461
886 A	0.00465	0.00077	0.99459
887 A	0.00462	0.00082	0.99455
888 T	0.00460	0.00088	0.99452
889 A	0.00458	0.00096	0.99447
890 C	0.00456	0.00102	0.99441
891 A	0.00456	0.00106	0.99438
892 G	0.00457	0.00108	0.99435
893 T	0.00459	0.00111	0.99431
894 T	0.00461	0.00115	0.99425
895 C	0.00462	0.00127	0.99412
896 A	0.00464	0.00158	0.99379
897 A	0.00467	0.00172	0.9936
898 A	0.00473	0.00174	0.99353
899 T	0.00486	0.00165	0.9935
900 T	0.00491	0.00165	0.99344
901 T	0.00492	0.00167	0.99341
902 T	0.00486	0.00183	0.99331
903 A	0.00462	0.00226	0.99312
904 A	0.00436	0.00285	0.99279
905 A	0.00409	0.00354	0.99237
906 A	0.00388	0.00397	0.99216
907 G	0.00379	0.00413	0.99208
908 A	0.00377	0.00431	0.99192
909 A	0.00372	0.00435	0.99193
910 A	0.00372	0.00433	0.99195
911 G	0.00374	0.00428	0.99197
912 A	0.00380	0.00420	0.99199
913 C	0.00385	0.00413	0.99201
914 C	0.00390	0.00408	0.99202
915 A	0.00395	0.00403	0.99202
916 C	0.00405	0.00392	0.99202
917 G	0.00416	0.00382	0.99202
918 T	0.00434	0.00364	0.99202
919 T	0.00462	0.00336	0.99202
920 T	0.00477	0.00321	0.99203
921 T	0.00481	0.00317	0.99202
922 G	0.00482	0.00315	0.99203
923 T	0.00484	0.00310	0.99206
924 A	0.00486	0.00306	0.99209
925 A	0.00496	0.00290	0.99214
926 A	0.00517	0.00251	0.99233
927 A	0.00555	0.00188	0.99256
928 T	0.00604	0.00112	0.99284
929 T	0.00626	0.00071	0.99303
930 G	0.00630	0.00066	0.99303
931 A	0.00640	0.00052	0.99307
932 T	0.00643	0.00045	0.99312
933 T	0.00643	0.00044	0.99314
934 T	0.00642	0.00045	0.99314
935 C	0.00640	0.00048	0.99312
936 T	0.00639	0.00052	0.99309
937 T	0.00636	0.00062	0.99302
938 G	0.00633	0.00072	0.99295
939 G	0.00632	0.00084	0.99283
940 T	0.00631	0.00098	0.9927
941 A	0.00631	0.00124	0.99245
942 T	0.00631	0.00150	0.99219
943 G	0.00628	0.00198	0.99174
944 A	0.00628	0.00207	0.99164
945 T	0.00629	0.00213	0.99158
946 A	0.00629	0.00229	0.99142
947 A	0.00629	0.00246	0.99125
948 C	0.00631	0.00251	0.99118
949 G	0.00632	0.00269	0.99099
950 A	0.00632	0.00300	0.99069
951 A	0.00632	0.00332	0.99037
952 A	0.00635	0.00353	0.99012
953 T	0.00643	0.00359	0.98998
954 G	0.00644	0.00382	0.98973
955 A	0.00646	0.00421	0.98933
956 G	0.00648	0.00421	0.98931
957 T	0.00653	0.00418	0.9893
958 T	0.00655	0.00416	0.98928
959 A	0.00657	0.00419	0.98924
960 C	0.00662	0.00415	0.98923
961 G	0.00669	0.00413	0.98918
962 T	0.00681	0.00402	0.98917
963 A	0.00691	0.00392	0.98917
964 A	0.00712	0.00370	0.98918
965 G	0.00734	0.00348	0.98918
966 C	0.00777	0.00302	0.98922
967 C	0.00788	0.00291	0.98921
968 A	0.00796	0.00290	0.98914
969 A	0.00816	0.00282	0.98901
970 T	0.00843	0.00256	0.98901
971 T	0.00854	0.00247	0.98899
972 A	0.00864	0.00237	0.98899
973 A	0.00888	0.00211	0.98901
974 C	0.00918	0.00178	0.98904
975 T	0.00944	0.00153	0.98903
976 C	0.00958	0.00140	0.98902
977 G	0.00983	0.00121	0.98896
978 T	0.01022	0.00085	0.98894
979 T	0.01027	0.00082	0.98892
980 T	0.01029	0.00081	0.9889
981 A	0.01029	0.00085	0.98885
982 C	0.01033	0.00081	0.98886
983 T	0.01034	0.00084	0.98883
984 T	0.01031	0.00090	0.98879
985 T	0.01012	0.00118	0.9887
986 T	0.01004	0.00127	0.98868
987 A	0.00996	0.00138	0.98866
988 A	0.00990	0.00144	0.98866
989 A	0.00988	0.00145	0.98866
990 A	0.00989	0.00143	0.98867
991 A	0.00996	0.00135	0.9887
992 T	0.01008	0.00121	0.98871
993 G	0.01009	0.00118	0.98873
994 G	0.01011	0.00115	0.98874
995 T	0.01012	0.00110	0.98878
996 T	0.01013	0.00108	0.98879
997 A	0.01013	0.00107	0.9888
998 C	0.01015	0.00105	0.98881
999 A	0.01016	0.00103	0.98881
1000 C	0.01022	0.00096	0.98883
1001 T	0.01026	0.00091	0.98883
1002 T	0.01029	0.00088	0.98883
1003 G	0.01032	0.00084	0.98884
1004 T	0.01038	0.00075	0.98886
1005 T	0.01042	0.00070	0.98888
1006 T	0.01046	0.00055	0.98899
1007 A	0.01049	0.00038	0.98912
1008 A	0.01058	0.00000	0.98941
