# lcl|CP097583.1_cds_USQ93179.1_1
# AA	inside	membr	outside
1 A	0.49441	0.00000	0.50559
2 T	0.49407	0.00033	0.50559
3 G	0.49381	0.00060	0.50559
4 A	0.49381	0.00205	0.50414
5 A	0.49169	0.00552	0.50279
6 C	0.49169	0.00578	0.50254
7 G	0.48337	0.01442	0.50221
8 G	0.48337	0.01443	0.50221
9 T	0.48287	0.01503	0.5021
10 T	0.48287	0.02699	0.49014
11 T	0.48215	0.02930	0.48855
12 C	0.46435	0.04847	0.48719
13 T	0.43477	0.10659	0.45865
14 T	0.43475	0.10661	0.45864
15 T	0.43475	0.42383	0.14142
16 T	0.42483	0.43376	0.14141
17 T	0.40603	0.45762	0.13635
18 A	0.40446	0.46856	0.12698
19 A	0.38852	0.48951	0.12197
20 T	0.33834	0.55633	0.10533
21 T	0.17746	0.71725	0.10529
22 A	0.16887	0.72867	0.10247
23 A	0.16338	0.73729	0.09933
24 C	0.15941	0.74384	0.09675
25 A	0.15547	0.75787	0.08665
26 A	0.15296	0.76528	0.08176
27 A	0.14995	0.77276	0.0773
28 G	0.14799	0.77990	0.07211
29 A	0.14112	0.79201	0.06686
30 A	0.13732	0.79342	0.06927
31 A	0.13519	0.79816	0.06666
32 A	0.13501	0.79837	0.06661
33 A	0.14893	0.78579	0.06527
34 A	0.15543	0.77876	0.06581
35 A	0.18374	0.73473	0.08152
36 T	0.22318	0.66775	0.10908
37 A	0.23344	0.65443	0.11213
38 T	0.48760	0.39286	0.11954
39 G	0.49075	0.35988	0.14937
40 T	0.49880	0.31962	0.18159
41 C	0.50360	0.28640	0.21
42 A	0.50627	0.27313	0.22061
43 T	0.51986	0.22398	0.25616
44 C	0.51726	0.12479	0.35794
45 T	0.52000	0.11748	0.36251
46 C	0.51845	0.11652	0.36503
47 A	0.51716	0.11684	0.36599
48 T	0.52325	0.11002	0.36673
49 G	0.50894	0.12893	0.36212
50 A	0.49812	0.14872	0.35316
51 T	0.50404	0.14354	0.35241
52 G	0.50276	0.14808	0.34916
53 T	0.50344	0.19024	0.30632
54 T	0.50159	0.21036	0.28805
55 A	0.49418	0.23709	0.26874
56 T	0.49019	0.25129	0.25852
57 T	0.46505	0.29993	0.23502
58 T	0.39713	0.42888	0.17399
59 A	0.38143	0.46364	0.15494
60 T	0.37491	0.48627	0.13883
61 T	0.36682	0.50726	0.12591
62 T	0.35525	0.52927	0.11548
63 A	0.33136	0.56961	0.09903
64 A	0.32046	0.58665	0.09288
65 T	0.30764	0.60128	0.09108
66 A	0.27501	0.64093	0.08406
67 A	0.24357	0.67844	0.07799
68 A	0.20903	0.71853	0.07244
69 A	0.18605	0.74233	0.07162
70 A	0.17442	0.75072	0.07486
71 A	0.16443	0.75848	0.07709
72 A	0.16684	0.74244	0.09072
73 A	0.18124	0.71742	0.10133
74 A	0.19023	0.70711	0.10267
75 A	0.21147	0.67888	0.10964
76 T	0.26784	0.61941	0.11274
77 T	0.28974	0.59481	0.11546
78 A	0.30400	0.57485	0.12115
79 A	0.31655	0.55494	0.12851
80 A	0.33883	0.50249	0.15867
81 T	0.39439	0.37261	0.233
82 C	0.40992	0.34007	0.25001
83 T	0.43119	0.33179	0.23702
84 T	0.42417	0.40814	0.16769
85 A	0.40121	0.48008	0.11872
86 A	0.39136	0.50270	0.10594
87 T	0.37356	0.52387	0.10257
88 A	0.35120	0.53713	0.11167
89 A	0.34013	0.52425	0.13562
90 A	0.34244	0.49618	0.16138
91 A	0.34327	0.46303	0.1937
92 T	0.34333	0.44032	0.21635
93 A	0.34057	0.43164	0.22778
94 G	0.34121	0.41904	0.23974
95 G	0.34247	0.41283	0.2447
96 A	0.34441	0.40847	0.24711
97 C	0.34724	0.40284	0.24992
98 A	0.35110	0.39909	0.24982
99 T	0.35676	0.39335	0.24989
100 A	0.35850	0.39195	0.24954
101 C	0.35849	0.39113	0.25038
102 A	0.35816	0.40004	0.2418
103 G	0.35964	0.40393	0.23642
104 G	0.36481	0.40754	0.22765
105 A	0.37981	0.40809	0.2121
106 A	0.40785	0.39446	0.1977
107 T	0.48936	0.28992	0.22071
108 T	0.52795	0.23281	0.23924
109 T	0.53986	0.21543	0.24471
110 T	0.54129	0.21630	0.24241
111 A	0.53720	0.20712	0.25569
112 G	0.53617	0.19292	0.27091
113 A	0.53214	0.19145	0.27641
114 T	0.53250	0.18454	0.28296
115 C	0.52153	0.19020	0.28827
116 C	0.51326	0.19679	0.28995
117 G	0.50236	0.21451	0.28312
118 A	0.49063	0.22666	0.2827
119 T	0.48373	0.23344	0.28283
120 G	0.47653	0.24070	0.28278
121 G	0.47547	0.24144	0.28309
122 C	0.47597	0.23927	0.28476
123 A	0.47705	0.23802	0.28492
124 G	0.47994	0.23385	0.2862
125 A	0.49067	0.22201	0.28732
126 A	0.49927	0.21191	0.28882
127 G	0.51015	0.20011	0.28974
128 G	0.53098	0.17642	0.29261
129 T	0.55226	0.15188	0.29587
130 C	0.55916	0.14028	0.30056
131 T	0.57203	0.12423	0.30374
132 C	0.58181	0.11255	0.30564
133 T	0.59726	0.09645	0.30629
134 T	0.59906	0.09306	0.30788
135 G	0.59890	0.09244	0.30867
136 A	0.59947	0.08576	0.31476
137 T	0.60108	0.08115	0.31777
138 T	0.60155	0.06513	0.33332
139 G	0.60091	0.05836	0.34072
140 T	0.60537	0.04789	0.34674
141 T	0.59417	0.05863	0.34719
142 T	0.58269	0.07547	0.34184
143 T	0.55111	0.14060	0.30829
144 G	0.48235	0.27119	0.24646
145 A	0.45326	0.36422	0.18252
146 T	0.43863	0.40139	0.15999
147 A	0.40841	0.46325	0.12834
148 A	0.39403	0.49114	0.11483
149 A	0.38508	0.50557	0.10934
150 T	0.36561	0.52725	0.10714
151 A	0.34147	0.55172	0.10682
152 A	0.32868	0.56488	0.10644
153 A	0.32369	0.56989	0.10642
154 G	0.32151	0.57184	0.10666
155 C	0.31982	0.57314	0.10703
156 T	0.31900	0.57390	0.10711
157 A	0.31653	0.57632	0.10715
158 C	0.31507	0.57755	0.10737
159 A	0.31382	0.57906	0.10711
160 A	0.31316	0.57994	0.1069
161 A	0.31458	0.57746	0.10796
162 G	0.32114	0.56788	0.11099
163 T	0.33575	0.55002	0.11423
164 T	0.35134	0.51318	0.13547
165 A	0.36320	0.48199	0.15481
166 G	0.40397	0.40316	0.19287
167 C	0.47569	0.26277	0.26155
168 T	0.53952	0.17393	0.28655
169 T	0.55772	0.14339	0.29889
170 T	0.57640	0.10661	0.31698
171 T	0.58189	0.09450	0.32361
172 T	0.58354	0.08821	0.32826
173 T	0.58338	0.07243	0.3442
174 A	0.58141	0.05694	0.36165
175 T	0.58020	0.05103	0.36877
176 T	0.57752	0.05516	0.36732
177 T	0.56927	0.06454	0.36619
178 G	0.54135	0.10022	0.35843
179 A	0.52348	0.13161	0.34491
180 A	0.51535	0.15410	0.33056
181 A	0.51261	0.18717	0.30022
182 A	0.50274	0.23003	0.26723
183 T	0.49503	0.26475	0.24022
184 T	0.48336	0.30886	0.20778
185 T	0.46577	0.35391	0.18032
186 G	0.40463	0.46406	0.1313
187 G	0.36464	0.53681	0.09856
188 A	0.34641	0.58334	0.07025
189 T	0.33990	0.60332	0.05679
190 A	0.33172	0.61319	0.05509
191 A	0.32827	0.61730	0.05442
192 A	0.32773	0.61801	0.05426
193 A	0.32841	0.61704	0.05454
194 C	0.32997	0.61443	0.05559
195 A	0.33211	0.61182	0.05607
196 T	0.33964	0.60293	0.05742
197 A	0.34342	0.59718	0.0594
198 T	0.34918	0.58818	0.06264
199 C	0.34684	0.58773	0.06542
200 A	0.34260	0.58484	0.07256
201 A	0.34304	0.56301	0.09395
202 G	0.34495	0.54783	0.10723
203 G	0.35339	0.53472	0.11189
204 A	0.38066	0.50859	0.11075
205 A	0.42862	0.44707	0.12431
206 G	0.47669	0.38161	0.1417
207 T	0.52269	0.31727	0.16004
208 A	0.54765	0.27157	0.18077
209 T	0.59322	0.16824	0.23854
210 T	0.61410	0.11196	0.27393
211 C	0.63045	0.08200	0.28755
212 T	0.63633	0.07619	0.28747
213 T	0.63457	0.07762	0.28781
214 T	0.63166	0.08322	0.28512
215 T	0.62396	0.09741	0.27863
216 T	0.58388	0.14538	0.27075
217 A	0.44798	0.29480	0.25721
218 A	0.40138	0.36351	0.23511
219 T	0.38518	0.40605	0.20877
220 A	0.35187	0.45472	0.19341
221 A	0.33334	0.48243	0.18423
222 A	0.32318	0.49393	0.18289
223 A	0.31655	0.50188	0.18157
224 A	0.31471	0.50153	0.18375
225 T	0.31675	0.49213	0.19112
226 T	0.31830	0.48944	0.19226
227 T	0.31983	0.48823	0.19194
228 T	0.31734	0.49628	0.18638
229 G	0.30853	0.50636	0.1851
230 A	0.30474	0.51191	0.18335
231 T	0.30336	0.51354	0.1831
232 A	0.30187	0.51542	0.18271
233 C	0.30292	0.51228	0.1848
234 T	0.30726	0.50899	0.18375
235 T	0.31134	0.50397	0.18469
236 T	0.31281	0.49716	0.19003
237 A	0.31080	0.49679	0.19241
238 G	0.31077	0.48971	0.19952
239 A	0.31281	0.43971	0.24748
240 C	0.32214	0.27904	0.39882
241 G	0.34154	0.21702	0.44145
242 T	0.36932	0.18353	0.44715
243 A	0.37424	0.17300	0.45276
244 A	0.37533	0.16919	0.45548
245 C	0.37025	0.17037	0.45938
246 A	0.33747	0.22126	0.44126
247 G	0.29784	0.28915	0.41301
248 G	0.25346	0.41214	0.3344
249 A	0.21582	0.62459	0.15958
250 A	0.17849	0.77077	0.05074
251 A	0.16841	0.78529	0.04629
252 A	0.15114	0.80410	0.04476
253 A	0.14460	0.81101	0.0444
254 T	0.14434	0.81173	0.04392
255 C	0.13924	0.81766	0.0431
256 A	0.13532	0.82752	0.03716
257 T	0.13369	0.83124	0.03507
258 T	0.12942	0.83652	0.03406
259 G	0.12348	0.84195	0.03458
260 A	0.12020	0.84448	0.03533
261 A	0.11846	0.84297	0.03857
262 A	0.11860	0.83926	0.04213
263 C	0.11880	0.83403	0.04717
264 A	0.11597	0.83720	0.04684
265 A	0.11465	0.83854	0.04681
266 A	0.11745	0.83394	0.04861
267 A	0.12618	0.82240	0.05142
268 A	0.13411	0.80881	0.05708
269 A	0.17182	0.73154	0.09664
270 A	0.21776	0.64213	0.14011
271 A	0.29972	0.51150	0.18878
272 A	0.44756	0.32353	0.22892
273 T	0.55386	0.17148	0.27466
274 A	0.56355	0.14946	0.28699
275 T	0.57946	0.11666	0.30388
276 T	0.58462	0.11136	0.30402
277 T	0.57927	0.11668	0.30405
278 T	0.53530	0.17066	0.29404
279 A	0.46126	0.27329	0.26545
280 T	0.43226	0.32902	0.23872
281 C	0.35533	0.43140	0.21327
282 A	0.27111	0.57163	0.15725
283 A	0.19810	0.68407	0.11783
284 T	0.16470	0.74377	0.09154
285 A	0.13767	0.79829	0.06405
286 A	0.13259	0.81572	0.05169
287 A	0.13135	0.81875	0.0499
288 A	0.13224	0.81720	0.05057
289 G	0.13412	0.81358	0.0523
290 A	0.13628	0.81147	0.05225
291 A	0.13786	0.80884	0.05331
292 A	0.14011	0.80535	0.05454
293 T	0.14315	0.80046	0.0564
294 T	0.14470	0.79816	0.05715
295 G	0.14529	0.79711	0.0576
296 A	0.14691	0.79513	0.05796
297 A	0.14999	0.79115	0.05886
298 A	0.15385	0.78536	0.06079
299 A	0.16479	0.76881	0.0664
300 A	0.17508	0.74550	0.07943
301 A	0.19940	0.66843	0.13216
302 G	0.24985	0.53638	0.21378
303 T	0.30511	0.42951	0.26538
304 T	0.34327	0.30384	0.35289
305 T	0.38654	0.17119	0.44226
306 C	0.40831	0.09633	0.49536
307 C	0.42492	0.06982	0.50526
308 T	0.44434	0.04553	0.51013
309 T	0.45385	0.03531	0.51084
310 T	0.45766	0.03226	0.51009
311 T	0.45865	0.03634	0.50501
312 C	0.45890	0.03597	0.50513
313 T	0.45956	0.03870	0.50174
314 T	0.45900	0.04894	0.49205
315 T	0.45713	0.09760	0.44527
316 C	0.45453	0.14167	0.40381
317 T	0.44840	0.19671	0.3549
318 T	0.44360	0.29465	0.26175
319 A	0.43743	0.39888	0.1637
320 A	0.43136	0.44702	0.12162
321 A	0.42894	0.47600	0.09506
322 A	0.42765	0.48982	0.08253
323 A	0.42695	0.49962	0.07342
324 A	0.42677	0.50884	0.06439
325 A	0.42628	0.51471	0.05901
326 A	0.42601	0.51903	0.05496
327 A	0.42601	0.52104	0.05294
328 T	0.42746	0.52065	0.05188
329 A	0.42823	0.52082	0.05095
330 T	0.43225	0.51582	0.05193
331 T	0.43351	0.51403	0.05246
332 T	0.43337	0.51396	0.05267
333 A	0.43267	0.51464	0.05269
334 C	0.43691	0.50979	0.0533
335 A	0.43881	0.50824	0.05295
336 A	0.44712	0.49936	0.05353
337 G	0.46915	0.47583	0.05502
338 T	0.55638	0.38586	0.05776
339 T	0.60809	0.33124	0.06067
340 C	0.65276	0.27697	0.07027
341 C	0.72373	0.20166	0.07461
342 T	0.79991	0.12264	0.07744
343 C	0.82006	0.09908	0.08085
344 C	0.83476	0.08374	0.0815
345 T	0.84316	0.07546	0.08138
346 A	0.84059	0.07809	0.08133
347 T	0.84378	0.07391	0.08231
348 G	0.83867	0.07900	0.08234
349 T	0.83738	0.07958	0.08304
350 A	0.81675	0.09822	0.08503
351 T	0.80453	0.10823	0.08724
352 T	0.77844	0.13255	0.089
353 C	0.71741	0.19225	0.09034
354 A	0.63961	0.27211	0.08829
355 G	0.59306	0.31979	0.08715
356 C	0.54530	0.37041	0.08429
357 T	0.48890	0.44006	0.07104
358 A	0.38822	0.54953	0.06225
359 T	0.32379	0.62369	0.05252
360 A	0.22499	0.72955	0.04545
361 A	0.14843	0.81112	0.04045
362 A	0.13241	0.82810	0.0395
363 A	0.12518	0.83417	0.04065
364 A	0.11796	0.84036	0.04169
365 T	0.11453	0.84090	0.04457
366 T	0.10418	0.84878	0.04704
367 A	0.08407	0.86598	0.04995
368 A	0.07406	0.87209	0.05385
369 A	0.06884	0.86734	0.06382
370 G	0.06710	0.86032	0.07258
371 G	0.06646	0.85191	0.08163
372 A	0.06620	0.84848	0.08532
373 A	0.06648	0.83111	0.10241
374 A	0.06677	0.81882	0.11441
375 A	0.06553	0.79901	0.13545
376 A	0.06522	0.75175	0.18303
377 A	0.06763	0.68451	0.24785
378 A	0.07060	0.63304	0.29636
379 A	0.07644	0.57562	0.34793
380 T	0.09233	0.48930	0.41837
381 G	0.09898	0.40799	0.49303
382 T	0.10709	0.36053	0.53238
383 A	0.10963	0.31896	0.57141
384 T	0.11297	0.27340	0.61364
385 A	0.11322	0.32147	0.56531
386 A	0.11355	0.39163	0.49482
387 T	0.11530	0.46593	0.41876
388 T	0.11545	0.46997	0.41458
389 T	0.11228	0.47584	0.41188
390 A	0.10552	0.49786	0.39662
391 G	0.09627	0.51835	0.38537
392 C	0.08505	0.56100	0.35395
393 A	0.07582	0.70218	0.22201
394 A	0.07084	0.77263	0.15652
395 G	0.07199	0.80531	0.12271
396 A	0.07542	0.83195	0.09264
397 A	0.07926	0.84575	0.07499
398 A	0.08400	0.84541	0.07059
399 A	0.09317	0.83863	0.06821
400 A	0.10458	0.82927	0.06616
401 A	0.12656	0.80774	0.06569
402 T	0.15869	0.77476	0.06655
403 A	0.17130	0.76165	0.06705
404 T	0.19108	0.74020	0.06871
405 A	0.19449	0.73731	0.0682
406 C	0.20686	0.72533	0.06781
407 A	0.21091	0.72771	0.06139
408 A	0.24996	0.69285	0.05719
409 A	0.32121	0.62255	0.05625
410 T	0.41516	0.52836	0.05649
411 T	0.42569	0.51827	0.05604
412 G	0.42768	0.51425	0.05808
413 A	0.44974	0.48872	0.06154
414 A	0.47060	0.45899	0.07041
415 A	0.51633	0.40230	0.08138
416 T	0.65021	0.25907	0.09072
417 T	0.70864	0.19494	0.09642
418 C	0.72313	0.17757	0.0993
419 C	0.72992	0.17004	0.10004
420 T	0.71295	0.18725	0.0998
421 C	0.60454	0.29663	0.09884
422 C	0.51190	0.39092	0.09718
423 T	0.48431	0.42182	0.09388
424 A	0.44157	0.46906	0.08936
425 G	0.41742	0.49653	0.08605
426 A	0.40166	0.51624	0.0821
427 A	0.38853	0.53250	0.07898
428 A	0.37960	0.53721	0.0832
429 A	0.37793	0.52895	0.09311
430 G	0.38382	0.50504	0.11114
431 T	0.38959	0.48494	0.12547
432 T	0.38865	0.48191	0.12943
433 C	0.38783	0.48210	0.13006
434 A	0.38655	0.50247	0.11098
435 T	0.38649	0.50719	0.10632
436 A	0.38537	0.51528	0.09935
437 T	0.38497	0.51949	0.09554
438 T	0.38266	0.52607	0.09127
439 A	0.37992	0.53247	0.08761
440 A	0.37892	0.53233	0.08875
441 A	0.37748	0.52102	0.10151
442 A	0.37735	0.50458	0.11807
443 A	0.37901	0.46305	0.15793
444 T	0.38310	0.32791	0.28898
445 T	0.38533	0.24183	0.37285
446 T	0.38646	0.23074	0.3828
447 A	0.38415	0.29074	0.32511
448 A	0.37626	0.40257	0.22117
449 A	0.37017	0.43729	0.19254
450 A	0.36910	0.46615	0.16474
451 A	0.37174	0.46658	0.16168
452 T	0.37318	0.46466	0.16216
453 A	0.37279	0.46932	0.15789
454 A	0.37562	0.46470	0.15968
455 C	0.38241	0.45287	0.16472
456 A	0.39195	0.44393	0.16413
457 T	0.41547	0.41772	0.16682
458 C	0.42609	0.40552	0.16839
459 T	0.43659	0.39699	0.16641
460 T	0.44134	0.39564	0.16302
461 C	0.44432	0.39090	0.16477
462 T	0.44953	0.38508	0.16538
463 T	0.45009	0.38514	0.16478
464 T	0.44984	0.38534	0.16482
465 C	0.44873	0.38757	0.1637
466 G	0.44786	0.39536	0.15678
467 A	0.45016	0.40240	0.14744
468 A	0.45607	0.40459	0.13934
469 A	0.47183	0.39866	0.1295
470 A	0.55194	0.32177	0.1263
471 T	0.66489	0.20333	0.13179
472 G	0.69288	0.16746	0.13966
473 A	0.72706	0.13148	0.14147
474 T	0.74545	0.11354	0.14101
475 T	0.74462	0.11561	0.13977
476 C	0.72567	0.13381	0.14051
477 A	0.70332	0.15679	0.13989
478 A	0.70031	0.16009	0.13959
479 T	0.70034	0.16038	0.13928
480 C	0.69833	0.16362	0.13805
481 G	0.69618	0.17029	0.13353
482 A	0.69566	0.17219	0.13215
483 T	0.69011	0.17894	0.13095
484 T	0.67922	0.19243	0.12834
485 T	0.65234	0.22873	0.11893
486 C	0.60347	0.28643	0.1101
487 G	0.58312	0.31341	0.10348
488 A	0.57449	0.32251	0.103
489 A	0.57062	0.32513	0.10425
490 A	0.56943	0.32541	0.10517
491 C	0.57172	0.32150	0.10678
492 C	0.56831	0.32327	0.10842
493 A	0.55142	0.34193	0.10665
494 A	0.53706	0.35846	0.10448
495 A	0.51982	0.37842	0.10176
496 G	0.51363	0.38461	0.10176
497 T	0.50872	0.38698	0.1043
498 A	0.48774	0.39701	0.11525
499 T	0.47481	0.38631	0.13888
500 C	0.45362	0.39286	0.15352
501 A	0.43460	0.42078	0.14462
502 A	0.42300	0.44042	0.13658
503 A	0.41573	0.45787	0.1264
504 A	0.41492	0.46179	0.12329
505 G	0.41289	0.45934	0.12777
506 G	0.41366	0.44340	0.14293
507 A	0.41647	0.42507	0.15847
508 A	0.42545	0.38563	0.18892
509 C	0.43592	0.32757	0.23651
510 C	0.44243	0.30850	0.24907
511 T	0.44369	0.32095	0.23536
512 A	0.44263	0.34083	0.21654
513 T	0.44162	0.35665	0.20173
514 A	0.43843	0.36961	0.19196
515 T	0.43724	0.36345	0.19931
516 A	0.43394	0.34977	0.21629
517 A	0.43401	0.33313	0.23287
518 G	0.43565	0.30188	0.26247
519 A	0.43613	0.28693	0.27693
520 A	0.43767	0.26958	0.29274
521 G	0.44198	0.23799	0.32003
522 C	0.44761	0.21452	0.33787
523 T	0.45944	0.18757	0.35299
524 T	0.46774	0.17159	0.36066
525 A	0.47146	0.17697	0.35157
526 G	0.47714	0.17136	0.35149
527 C	0.47825	0.17463	0.34712
528 T	0.47312	0.19508	0.3318
529 A	0.44689	0.24859	0.30451
530 G	0.43261	0.28138	0.28601
531 A	0.42572	0.31728	0.257
532 G	0.42478	0.37474	0.20048
533 A	0.42776	0.40632	0.16591
534 T	0.45060	0.39208	0.15731
535 A	0.46709	0.37875	0.15417
536 T	0.48363	0.36116	0.15522
537 T	0.48841	0.35601	0.15559
538 G	0.48363	0.36237	0.15401
539 C	0.48554	0.36131	0.15315
540 A	0.48771	0.36168	0.15061
541 A	0.48810	0.36228	0.14962
542 C	0.48973	0.36125	0.14901
543 T	0.49265	0.36004	0.14731
544 C	0.48988	0.36404	0.14609
545 A	0.48594	0.37195	0.14211
546 A	0.47275	0.38808	0.13917
547 A	0.47056	0.39225	0.13719
548 T	0.48814	0.37504	0.13682
549 G	0.48783	0.37770	0.13448
550 A	0.49263	0.36981	0.13756
551 A	0.50941	0.34684	0.14375
552 T	0.53557	0.29445	0.16998
553 A	0.54421	0.27103	0.18476
554 C	0.56414	0.24283	0.19303
555 T	0.62542	0.17890	0.19568
556 T	0.65416	0.14899	0.19684
557 A	0.65265	0.14929	0.19805
558 C	0.64511	0.15371	0.20118
559 G	0.63957	0.15887	0.20157
560 G	0.63272	0.16253	0.20476
561 C	0.61580	0.17410	0.2101
562 G	0.61330	0.17745	0.20926
563 C	0.61480	0.17675	0.20845
564 A	0.61042	0.18814	0.20144
565 T	0.60831	0.19736	0.19433
566 T	0.58965	0.23762	0.17273
567 A	0.42978	0.41897	0.15125
568 A	0.36394	0.49107	0.14499
569 A	0.32711	0.52275	0.15014
570 A	0.30770	0.54798	0.14432
571 A	0.29547	0.57576	0.12877
572 A	0.28720	0.58987	0.12292
573 T	0.28268	0.59842	0.11889
574 T	0.27732	0.60341	0.11928
575 T	0.26985	0.61281	0.11735
576 A	0.26064	0.62290	0.11647
577 A	0.25620	0.62639	0.11742
578 C	0.25419	0.62646	0.11936
579 A	0.25016	0.63464	0.1152
580 A	0.23785	0.64369	0.11846
581 G	0.23336	0.64327	0.12337
582 A	0.23140	0.64188	0.12672
583 A	0.23048	0.63874	0.13078
584 C	0.23155	0.60947	0.15898
585 T	0.23441	0.60045	0.16514
586 A	0.23632	0.59643	0.16725
587 A	0.24356	0.58698	0.16946
588 A	0.25155	0.57761	0.17084
589 A	0.27181	0.54232	0.18587
590 T	0.29634	0.34806	0.35559
591 A	0.30461	0.27896	0.41643
592 G	0.31490	0.22454	0.46055
593 G	0.33363	0.18564	0.48073
594 T	0.35729	0.14522	0.49749
595 T	0.37077	0.11711	0.51213
596 C	0.37837	0.10208	0.51956
597 C	0.37933	0.10769	0.51298
598 T	0.37970	0.15941	0.46088
599 A	0.36483	0.28097	0.3542
600 T	0.35396	0.34543	0.30061
601 A	0.33423	0.40119	0.26458
602 A	0.32491	0.42206	0.25302
603 T	0.32161	0.42082	0.25758
604 T	0.30788	0.49267	0.19945
605 T	0.28595	0.54115	0.1729
606 A	0.25553	0.59217	0.1523
607 A	0.24445	0.61743	0.13812
608 A	0.22782	0.64415	0.12803
609 A	0.22077	0.66266	0.11657
610 A	0.22111	0.66251	0.11639
611 A	0.22404	0.65901	0.11695
612 A	0.22529	0.65663	0.11808
613 G	0.22607	0.65467	0.11925
614 C	0.23238	0.64690	0.12072
615 T	0.23389	0.64507	0.12104
616 C	0.23353	0.64534	0.12114
617 A	0.23534	0.64391	0.12075
618 A	0.24037	0.63902	0.12062
619 A	0.25547	0.62372	0.1208
620 A	0.28164	0.59557	0.12279
621 T	0.35368	0.52024	0.12608
622 A	0.43859	0.41584	0.14557
623 T	0.49130	0.34477	0.16393
624 T	0.51617	0.29340	0.19042
625 C	0.51779	0.26930	0.21292
626 A	0.50635	0.27285	0.2208
627 T	0.54748	0.21582	0.23671
628 T	0.54576	0.20121	0.25304
629 C	0.54088	0.18643	0.27269
630 G	0.53498	0.18932	0.2757
631 G	0.52929	0.18529	0.28542
632 T	0.53515	0.17690	0.28795
633 T	0.52731	0.19347	0.27922
634 G	0.49660	0.23498	0.26843
635 A	0.48561	0.24505	0.26935
636 T	0.47794	0.25127	0.27079
637 T	0.46221	0.26899	0.26879
638 T	0.42827	0.30865	0.26308
639 C	0.35674	0.38959	0.25367
640 A	0.30706	0.46037	0.23257
641 A	0.28088	0.50656	0.21256
642 A	0.27014	0.52510	0.20475
643 A	0.26709	0.53133	0.20158
644 A	0.26547	0.53374	0.20079
645 T	0.26509	0.52748	0.20743
646 T	0.26458	0.52323	0.21219
647 T	0.26404	0.51823	0.21773
648 A	0.26337	0.50892	0.22771
649 A	0.26334	0.47906	0.25759
650 T	0.26372	0.45106	0.28522
651 C	0.26393	0.42457	0.3115
652 G	0.26409	0.41519	0.32072
653 A	0.26611	0.40643	0.32746
654 T	0.27313	0.38636	0.34051
655 G	0.27622	0.38171	0.34207
656 T	0.28636	0.37042	0.34322
657 T	0.29538	0.33812	0.3665
658 A	0.29598	0.34059	0.36342
659 A	0.29732	0.34336	0.35932
660 A	0.30216	0.34819	0.34965
661 A	0.30995	0.33595	0.3541
662 T	0.32133	0.31984	0.35883
663 A	0.33093	0.39257	0.2765
664 T	0.34562	0.42464	0.22973
665 T	0.34500	0.43755	0.21745
666 A	0.31980	0.50111	0.17908
667 T	0.30625	0.52698	0.16678
668 T	0.27621	0.56721	0.15658
669 C	0.23052	0.62030	0.14919
670 A	0.19664	0.67445	0.12891
671 A	0.16827	0.73530	0.09643
672 A	0.14102	0.78580	0.07318
673 A	0.11749	0.81519	0.06732
674 A	0.10302	0.83232	0.06466
675 A	0.09689	0.83828	0.06483
676 A	0.09197	0.84384	0.06419
677 C	0.09168	0.84377	0.06455
678 A	0.09348	0.84227	0.06424
679 C	0.09662	0.83941	0.06397
680 A	0.10215	0.83451	0.06334
681 A	0.11957	0.81728	0.06315
682 A	0.14700	0.78978	0.06322
683 A	0.19311	0.74266	0.06423
684 A	0.23277	0.70220	0.06503
685 A	0.29852	0.63068	0.0708
686 T	0.43125	0.48227	0.08648
687 T	0.48801	0.41622	0.09577
688 A	0.50285	0.39007	0.10708
689 T	0.53781	0.32036	0.14183
690 T	0.55064	0.28661	0.16275
691 T	0.55677	0.24976	0.19347
692 T	0.54910	0.22592	0.22498
693 A	0.53535	0.22045	0.2442
694 A	0.54264	0.19145	0.26592
695 A	0.55434	0.15546	0.2902
696 T	0.55752	0.12802	0.31446
697 G	0.53798	0.13566	0.32636
698 A	0.50937	0.16232	0.3283
699 T	0.50558	0.16442	0.33
700 T	0.49279	0.18592	0.32129
701 A	0.46338	0.22228	0.31435
702 T	0.43908	0.25171	0.30922
703 T	0.39364	0.31212	0.29425
704 T	0.36846	0.34739	0.28415
705 A	0.29351	0.44321	0.26329
706 A	0.24398	0.50567	0.25035
707 T	0.22452	0.52792	0.24756
708 T	0.19927	0.55768	0.24305
709 A	0.18680	0.57380	0.2394
710 A	0.18003	0.58274	0.23723
711 A	0.17659	0.58525	0.23816
712 T	0.17602	0.58258	0.2414
713 T	0.17247	0.58208	0.24545
714 A	0.16750	0.58307	0.24942
715 G	0.16711	0.57123	0.26166
716 T	0.16806	0.55164	0.2803
717 T	0.16772	0.54284	0.28944
718 A	0.16625	0.54044	0.29332
719 A	0.16635	0.53773	0.29592
720 A	0.16771	0.51759	0.3147
721 A	0.17166	0.48020	0.34814
722 A	0.17726	0.46595	0.35679
723 T	0.19220	0.42670	0.3811
724 G	0.20090	0.38548	0.41362
725 G	0.21011	0.32963	0.46026
726 T	0.22739	0.24033	0.53228
727 G	0.23683	0.21461	0.54856
728 T	0.25602	0.15467	0.5893
729 T	0.26824	0.12356	0.6082
730 G	0.27032	0.10954	0.62014
731 T	0.27316	0.08952	0.63732
732 A	0.27354	0.09287	0.63359
733 T	0.27544	0.09519	0.62937
734 T	0.27537	0.11024	0.61438
735 A	0.27408	0.15148	0.57444
736 G	0.27363	0.16964	0.55672
737 A	0.27367	0.20959	0.51674
738 T	0.27279	0.26148	0.46573
739 G	0.25973	0.38514	0.35513
740 A	0.24895	0.58752	0.16352
741 A	0.23171	0.62097	0.14731
742 A	0.22790	0.63905	0.13306
743 G	0.22308	0.65442	0.1225
744 A	0.22123	0.66143	0.11733
745 C	0.22198	0.66310	0.11492
746 A	0.22273	0.66823	0.10904
747 A	0.22424	0.67076	0.105
748 A	0.22854	0.66780	0.10365
749 T	0.23635	0.66033	0.10333
750 T	0.24154	0.65570	0.10276
751 T	0.24455	0.65246	0.10299
752 T	0.24615	0.65036	0.10348
753 G	0.24578	0.65021	0.10401
754 A	0.24793	0.64756	0.10451
755 C	0.25491	0.63874	0.10635
756 C	0.26260	0.63077	0.10663
757 A	0.27874	0.61456	0.1067
758 C	0.32239	0.57053	0.10708
759 A	0.34707	0.54606	0.10688
760 A	0.38708	0.50592	0.10701
761 A	0.43641	0.45561	0.10797
762 A	0.55329	0.32550	0.1212
763 T	0.74014	0.12767	0.1322
764 C	0.76026	0.08544	0.1543
765 A	0.77643	0.06475	0.15882
766 T	0.79267	0.04292	0.1644
767 T	0.79661	0.03850	0.16489
768 T	0.79277	0.04494	0.16229
769 A	0.76524	0.07768	0.15708
770 T	0.73240	0.10855	0.15905
771 T	0.71541	0.12478	0.15981
772 G	0.69273	0.14793	0.15934
773 T	0.66651	0.17758	0.15592
774 C	0.54882	0.29817	0.153
775 T	0.47017	0.38524	0.14459
776 T	0.43897	0.43145	0.12959
777 A	0.40444	0.47098	0.12458
778 G	0.38774	0.49148	0.12079
779 A	0.37909	0.50135	0.11956
780 T	0.37530	0.50439	0.12031
781 C	0.36467	0.51520	0.12014
782 A	0.36020	0.52099	0.11882
783 A	0.35363	0.52740	0.11897
784 A	0.35195	0.52901	0.11904
785 A	0.35150	0.52940	0.1191
786 T	0.35103	0.52965	0.11931
787 C	0.35035	0.52649	0.12316
788 A	0.35025	0.52552	0.12422
789 A	0.35112	0.52456	0.12432
790 A	0.35312	0.52130	0.12558
791 A	0.35608	0.51262	0.1313
792 T	0.36145	0.47530	0.16325
793 T	0.36248	0.40460	0.23292
794 G	0.36279	0.38057	0.25665
795 G	0.36480	0.35822	0.27697
796 A	0.37111	0.32884	0.30004
797 T	0.37660	0.20462	0.41878
798 T	0.38393	0.12755	0.48852
799 G	0.39389	0.08962	0.51648
800 C	0.39731	0.08244	0.52025
801 T	0.39908	0.14767	0.45325
802 T	0.39331	0.29956	0.30712
803 A	0.38584	0.32701	0.28715
804 T	0.38148	0.34195	0.27656
805 T	0.36729	0.37816	0.25455
806 A	0.32239	0.49822	0.17939
807 C	0.29798	0.52711	0.17491
808 A	0.27448	0.55494	0.17058
809 A	0.26072	0.57057	0.16871
810 A	0.24926	0.58202	0.16872
811 C	0.24131	0.59074	0.16795
812 C	0.23620	0.59881	0.16499
813 A	0.23507	0.60118	0.16376
814 A	0.23506	0.60248	0.16247
815 T	0.23552	0.60314	0.16133
816 A	0.23393	0.60818	0.15789
817 C	0.23269	0.61155	0.15576
818 A	0.22540	0.64671	0.12789
819 A	0.20407	0.68023	0.1157
820 A	0.18437	0.71303	0.1026
821 A	0.17806	0.72461	0.09733
822 A	0.18004	0.72487	0.09509
823 A	0.19407	0.70917	0.09676
824 A	0.26177	0.63758	0.10064
825 T	0.40201	0.48592	0.11207
826 A	0.41778	0.46130	0.12091
827 A	0.43290	0.43990	0.1272
828 A	0.45415	0.40414	0.14171
829 T	0.51969	0.29924	0.18106
830 A	0.52370	0.27478	0.20151
831 T	0.52876	0.24823	0.22301
832 T	0.53132	0.23413	0.23455
833 A	0.53183	0.22575	0.24242
834 T	0.53373	0.21633	0.24994
835 C	0.53603	0.20931	0.25467
836 C	0.53755	0.20662	0.25584
837 A	0.53953	0.20433	0.25614
838 A	0.54262	0.20090	0.25648
839 A	0.54762	0.19488	0.2575
840 A	0.55502	0.18631	0.25867
841 T	0.58865	0.14381	0.26754
842 A	0.60126	0.10434	0.29441
843 T	0.61514	0.06385	0.32101
844 T	0.62006	0.04360	0.33634
845 T	0.62228	0.03192	0.3458
846 T	0.62348	0.02406	0.35245
847 T	0.62436	0.01874	0.3569
848 T	0.62484	0.01524	0.35992
849 T	0.62542	0.00995	0.36463
850 T	0.62591	0.00633	0.36776
851 G	0.62630	0.00326	0.37044
852 A	0.62710	0.00000	0.3729
