# lcl|CP097583.1_cds_USQ93207.1_1
# AA	inside	membr	outside
1 G	0.14682	0.00000	0.85317
2 T	0.14231	0.00452	0.85317
3 G	0.13749	0.00933	0.85317
4 G	0.13749	0.02999	0.83252
5 C	0.12393	0.06123	0.81483
6 A	0.12393	0.06268	0.81338
7 A	0.10759	0.07930	0.81311
8 T	0.10759	0.07931	0.8131
9 A	0.10336	0.08359	0.81305
10 C	0.10335	0.08572	0.81092
11 A	0.10288	0.08650	0.81062
12 A	0.09942	0.09002	0.81056
13 T	0.09437	0.09537	0.81026
14 T	0.09437	0.09537	0.81026
15 T	0.09437	0.10100	0.80463
16 A	0.09312	0.10225	0.80463
17 A	0.09241	0.10305	0.80454
18 A	0.09238	0.10321	0.8044
19 G	0.09094	0.10475	0.80432
20 A	0.08496	0.11277	0.80227
21 T	0.07806	0.11931	0.80264
22 G	0.07751	0.11924	0.80324
23 T	0.07827	0.11748	0.80426
24 A	0.07905	0.11622	0.80472
25 A	0.08108	0.10658	0.81235
26 C	0.08302	0.09690	0.82009
27 T	0.10221	0.07490	0.82288
28 T	0.11442	0.05517	0.83041
29 T	0.11488	0.05694	0.82818
30 T	0.11410	0.05455	0.83135
31 T	0.11238	0.06303	0.82459
32 A	0.10955	0.06404	0.82641
33 T	0.10661	0.06773	0.82566
34 T	0.10396	0.07507	0.82098
35 A	0.10139	0.07912	0.81949
36 C	0.09852	0.08002	0.82146
37 A	0.09641	0.08773	0.81587
38 A	0.09719	0.08940	0.81342
39 T	0.09275	0.09718	0.81007
40 A	0.08864	0.10689	0.80446
41 A	0.08799	0.11035	0.80166
42 A	0.08738	0.11371	0.7989
43 A	0.08810	0.10932	0.80259
44 A	0.08529	0.10893	0.80578
45 T	0.08403	0.11132	0.80466
46 A	0.08008	0.11840	0.80153
47 A	0.07812	0.12324	0.79865
48 A	0.07714	0.12646	0.79639
49 A	0.07670	0.12698	0.79632
50 A	0.07720	0.12601	0.79679
51 A	0.07911	0.12260	0.79829
52 G	0.08236	0.11686	0.80078
53 C	0.08614	0.10989	0.80396
54 A	0.09239	0.10208	0.80553
55 G	0.09583	0.09580	0.80837
56 C	0.09935	0.08889	0.81176
57 T	0.10758	0.07951	0.8129
58 T	0.11159	0.07441	0.814
59 T	0.11378	0.06917	0.81705
60 A	0.11590	0.06511	0.81899
61 C	0.11741	0.06021	0.82239
62 G	0.12014	0.05348	0.82638
63 T	0.12569	0.04471	0.8296
64 A	0.12810	0.04219	0.82972
65 A	0.13297	0.03660	0.83043
66 T	0.13583	0.03276	0.83141
67 A	0.13864	0.02597	0.83539
68 T	0.14109	0.02101	0.8379
69 C	0.14224	0.01613	0.84163
70 A	0.14362	0.01657	0.83981
71 A	0.14483	0.01573	0.83944
72 T	0.14522	0.01577	0.83901
73 T	0.14425	0.01680	0.83895
74 T	0.14282	0.01828	0.83891
75 G	0.14033	0.02063	0.83903
76 T	0.13925	0.02181	0.83894
77 C	0.13739	0.02362	0.83899
78 T	0.13563	0.02544	0.83892
79 A	0.13357	0.02754	0.83889
80 T	0.13231	0.02880	0.83889
81 C	0.13053	0.03065	0.83882
82 A	0.12979	0.03146	0.83875
83 A	0.12961	0.03144	0.83896
84 T	0.12984	0.03098	0.83918
85 T	0.12987	0.03079	0.83934
86 C	0.12956	0.03099	0.83945
87 T	0.12822	0.03217	0.83961
88 G	0.12495	0.03543	0.83962
89 A	0.12369	0.03666	0.83965
90 A	0.12303	0.03717	0.83979
91 A	0.12290	0.03718	0.83992
92 A	0.12337	0.03481	0.84182
93 T	0.12637	0.03028	0.84335
94 G	0.12717	0.02813	0.84471
95 A	0.12792	0.02665	0.84543
96 T	0.12835	0.02477	0.84687
97 T	0.12836	0.02324	0.8484
98 T	0.12818	0.02156	0.85026
99 T	0.12736	0.02158	0.85106
100 A	0.12630	0.02118	0.85252
101 T	0.12584	0.01976	0.8544
102 A	0.12505	0.01887	0.85608
103 G	0.12487	0.01766	0.85746
104 C	0.12483	0.01617	0.859
105 T	0.12480	0.01589	0.85932
106 G	0.12472	0.01645	0.85883
107 T	0.12473	0.01706	0.85821
108 A	0.12451	0.01825	0.85723
109 A	0.12436	0.01892	0.85672
110 T	0.12437	0.01749	0.85814
111 T	0.12422	0.01515	0.86062
112 G	0.12400	0.01541	0.86058
113 G	0.12390	0.01638	0.85972
114 T	0.12385	0.01861	0.85754
115 A	0.12378	0.02227	0.85394
116 A	0.12379	0.02407	0.85213
117 A	0.12385	0.02466	0.85149
118 A	0.12393	0.02476	0.85132
119 T	0.12403	0.02466	0.8513
120 A	0.12385	0.02517	0.85098
121 G	0.12392	0.02462	0.85147
122 G	0.12420	0.02342	0.85238
123 T	0.12433	0.02247	0.8532
124 T	0.12427	0.02221	0.85352
125 C	0.12404	0.02220	0.85376
126 A	0.12385	0.02295	0.85319
127 G	0.12378	0.02335	0.85287
128 G	0.12342	0.02434	0.85224
129 T	0.12380	0.02503	0.85117
130 A	0.12390	0.02512	0.85098
131 A	0.12476	0.02406	0.85118
132 A	0.12542	0.02320	0.85138
133 T	0.12605	0.02230	0.85165
134 C	0.12629	0.02173	0.85198
135 C	0.12733	0.02055	0.85213
136 A	0.12853	0.01962	0.85185
137 C	0.13084	0.01736	0.85179
138 T	0.13394	0.01442	0.85164
139 T	0.13524	0.01327	0.85148
140 T	0.13545	0.01324	0.85131
141 A	0.13509	0.01355	0.85136
142 G	0.13504	0.01354	0.85142
143 T	0.13536	0.01285	0.8518
144 T	0.13503	0.01299	0.85198
145 C	0.13464	0.01326	0.8521
146 A	0.13440	0.01352	0.85208
147 A	0.13446	0.01339	0.85216
148 T	0.13483	0.01280	0.85237
149 T	0.13530	0.01218	0.85252
150 A	0.13547	0.01192	0.85262
151 A	0.13600	0.01073	0.85327
152 T	0.13689	0.00929	0.85383
153 G	0.13671	0.00892	0.85437
154 A	0.13643	0.00896	0.85461
155 A	0.13626	0.00878	0.85495
156 T	0.13586	0.00879	0.85535
157 A	0.13516	0.00922	0.85561
158 G	0.13483	0.00904	0.85613
159 T	0.13510	0.00834	0.85656
160 T	0.13495	0.00837	0.85668
161 T	0.13450	0.00875	0.85675
162 A	0.13254	0.01066	0.8568
163 T	0.13166	0.01122	0.85713
164 T	0.12931	0.01328	0.85741
165 A	0.12437	0.01800	0.85763
166 G	0.12100	0.02100	0.858
167 T	0.11863	0.02297	0.8584
168 T	0.11298	0.02823	0.85879
169 C	0.10209	0.03878	0.85913
170 C	0.09027	0.05050	0.85923
171 G	0.08378	0.05698	0.85925
172 T	0.08021	0.06052	0.85928
173 C	0.07420	0.06648	0.85931
174 A	0.07029	0.07040	0.85931
175 G	0.06781	0.07286	0.85933
176 A	0.06713	0.07330	0.85958
177 A	0.06693	0.07322	0.85985
178 G	0.06687	0.07307	0.86006
179 G	0.06696	0.07236	0.86068
180 T	0.06722	0.07139	0.86139
181 T	0.06725	0.07096	0.86179
182 A	0.06673	0.07153	0.86173
183 T	0.06646	0.07158	0.86195
184 A	0.06598	0.07162	0.8624
185 T	0.06580	0.06967	0.86454
186 A	0.06519	0.06902	0.86578
187 G	0.06506	0.06647	0.86847
188 A	0.06503	0.06156	0.87341
189 T	0.06501	0.05731	0.87767
190 A	0.06492	0.05401	0.88107
191 T	0.06491	0.04633	0.88876
192 T	0.06483	0.03638	0.89879
193 T	0.06458	0.02431	0.91111
194 T	0.06413	0.02029	0.91559
195 T	0.06320	0.01809	0.91871
196 G	0.06226	0.01595	0.9218
197 G	0.06137	0.01530	0.92334
198 G	0.06052	0.01523	0.92425
199 C	0.06008	0.01641	0.92351
200 A	0.05970	0.02154	0.91876
201 G	0.05948	0.02595	0.91457
202 A	0.05947	0.03075	0.90977
203 G	0.05953	0.03583	0.90464
204 A	0.05958	0.04429	0.89613
205 A	0.05983	0.05474	0.88543
206 T	0.06000	0.06759	0.87241
207 A	0.05775	0.09185	0.8504
208 G	0.05592	0.10212	0.84196
209 A	0.05467	0.10873	0.8366
210 T	0.05377	0.11376	0.83247
211 A	0.05188	0.11888	0.82924
212 A	0.04975	0.12260	0.82765
213 A	0.04808	0.12538	0.82655
214 A	0.04759	0.12592	0.82649
215 A	0.04742	0.12596	0.82662
216 G	0.04773	0.12519	0.82708
217 A	0.04846	0.12384	0.8277
218 C	0.04891	0.12238	0.8287
219 A	0.04967	0.12112	0.8292
220 T	0.05131	0.11891	0.82978
221 C	0.05229	0.11754	0.83017
222 A	0.05361	0.11610	0.83029
223 C	0.05764	0.11197	0.8304
224 C	0.06118	0.10834	0.83048
225 A	0.06441	0.10525	0.83034
226 A	0.06871	0.10110	0.83019
227 A	0.07717	0.09283	0.83
228 A	0.08914	0.08100	0.82986
229 A	0.10459	0.06540	0.83001
230 T	0.12972	0.03673	0.83354
231 T	0.13750	0.02636	0.83614
232 T	0.13948	0.02271	0.83781
233 T	0.13589	0.02565	0.83846
234 A	0.12592	0.03540	0.83867
235 A	0.12074	0.03903	0.84024
236 C	0.11841	0.03970	0.84189
237 T	0.11761	0.04017	0.84222
238 T	0.11649	0.04120	0.84232
239 C	0.11368	0.04441	0.84191
240 T	0.11125	0.04840	0.84035
241 T	0.10631	0.05441	0.83928
242 T	0.09957	0.06193	0.8385
243 G	0.09449	0.06787	0.83764
244 A	0.09195	0.07203	0.83602
245 A	0.09074	0.07369	0.83557
246 A	0.09028	0.07416	0.83556
247 A	0.08998	0.07429	0.83573
248 A	0.08981	0.07415	0.83605
249 A	0.08971	0.07377	0.83652
250 A	0.08985	0.07326	0.83689
251 A	0.09000	0.07261	0.83739
252 A	0.09019	0.07159	0.83822
253 A	0.09040	0.06985	0.83976
254 T	0.09085	0.06506	0.84409
255 A	0.09097	0.06157	0.84746
256 G	0.09136	0.05507	0.85357
257 G	0.09246	0.04542	0.86212
258 T	0.09297	0.04010	0.86693
259 T	0.09318	0.03746	0.86936
260 T	0.09341	0.03596	0.87063
261 G	0.09356	0.03473	0.87171
262 G	0.09424	0.03123	0.87452
263 T	0.09606	0.02947	0.87447
264 T	0.09759	0.02419	0.87823
265 T	0.09847	0.02038	0.88116
266 T	0.09903	0.01828	0.88269
267 T	0.09962	0.01675	0.88362
268 C	0.09966	0.01667	0.88367
269 A	0.09958	0.01799	0.88244
270 A	0.09967	0.01791	0.88241
271 T	0.09998	0.01744	0.88259
272 T	0.10008	0.01720	0.88271
273 T	0.09949	0.01786	0.88265
274 C	0.09767	0.02003	0.88229
275 C	0.09689	0.02233	0.88078
276 A	0.09624	0.02833	0.87543
277 G	0.09598	0.03181	0.87221
278 A	0.09598	0.03415	0.86987
279 A	0.09621	0.03451	0.86928
280 T	0.09719	0.03378	0.86903
281 A	0.09784	0.03329	0.86887
282 T	0.09883	0.03220	0.86897
283 C	0.09929	0.03164	0.86907
284 A	0.09990	0.03105	0.86904
285 A	0.10109	0.02990	0.86901
286 C	0.10497	0.02607	0.86896
287 T	0.10629	0.02548	0.86823
288 T	0.10716	0.02589	0.86695
289 T	0.10668	0.02836	0.86497
290 T	0.10371	0.03285	0.86344
291 T	0.09840	0.04069	0.86092
292 G	0.08812	0.05306	0.85882
293 A	0.08457	0.05687	0.85856
294 A	0.08214	0.05954	0.85832
295 A	0.08111	0.06028	0.85861
296 A	0.08112	0.05945	0.85942
297 C	0.08197	0.05681	0.86123
298 A	0.08386	0.05446	0.86168
299 C	0.08882	0.04900	0.86218
300 T	0.09173	0.04600	0.86227
301 A	0.09320	0.04453	0.86227
302 T	0.09379	0.04392	0.86228
303 C	0.09401	0.04366	0.86234
304 T	0.09414	0.04358	0.86228
305 T	0.09407	0.04361	0.86231
306 A	0.09384	0.04408	0.86209
307 A	0.09358	0.04448	0.86194
308 A	0.09325	0.04532	0.86143
309 A	0.09108	0.04741	0.86151
310 G	0.09055	0.04703	0.86242
311 A	0.09167	0.04517	0.86315
312 T	0.09420	0.03899	0.86681
313 G	0.09524	0.03392	0.87084
314 T	0.09725	0.02669	0.87605
315 T	0.09822	0.01920	0.88258
316 A	0.09781	0.01847	0.88372
317 T	0.09772	0.01757	0.8847
318 G	0.09658	0.01947	0.88395
319 T	0.09534	0.02362	0.88104
320 T	0.09369	0.02537	0.88094
321 T	0.09016	0.02889	0.88096
322 G	0.08294	0.03611	0.88095
323 G	0.08020	0.03884	0.88096
324 C	0.07749	0.04158	0.88092
325 C	0.07441	0.04494	0.88064
326 C	0.07217	0.04780	0.88003
327 T	0.07088	0.05008	0.87904
328 A	0.06914	0.05273	0.87813
329 A	0.06804	0.05449	0.87747
330 A	0.06777	0.05493	0.8773
331 A	0.06822	0.05441	0.87737
332 A	0.06896	0.05122	0.87982
333 T	0.07033	0.04818	0.8815
334 T	0.07110	0.04655	0.88234
335 T	0.07112	0.04633	0.88255
336 T	0.07073	0.04692	0.88235
337 A	0.06939	0.04905	0.88155
338 A	0.06878	0.05008	0.88115
339 T	0.06908	0.04997	0.88094
340 A	0.06696	0.05322	0.87982
341 A	0.06677	0.05378	0.87945
342 T	0.06769	0.05240	0.87991
343 A	0.06038	0.06059	0.87904
344 A	0.05670	0.06308	0.88023
345 T	0.05544	0.06016	0.8844
346 A	0.05468	0.06385	0.88147
347 A	0.05465	0.06402	0.88133
348 T	0.05523	0.06263	0.88215
349 T	0.05553	0.06194	0.88253
350 T	0.05532	0.06238	0.8823
351 A	0.05017	0.06881	0.88102
352 G	0.04658	0.07401	0.87941
353 A	0.04169	0.08229	0.87602
354 A	0.03866	0.09034	0.87099
355 G	0.03819	0.09439	0.86742
356 T	0.03805	0.09682	0.86513
357 G	0.03746	0.09978	0.86277
358 A	0.03721	0.10233	0.86046
359 A	0.03722	0.10358	0.8592
360 A	0.03694	0.10353	0.85953
361 A	0.03613	0.10428	0.85958
362 A	0.03641	0.10415	0.85945
363 A	0.03796	0.10098	0.86106
364 A	0.03957	0.09775	0.86268
365 A	0.04110	0.09398	0.86492
366 A	0.04374	0.08407	0.87218
367 G	0.04631	0.07757	0.87612
368 C	0.04899	0.07302	0.87799
369 T	0.05508	0.06668	0.87825
370 G	0.05767	0.06435	0.87799
371 T	0.06075	0.06153	0.87772
372 T	0.06122	0.06221	0.87656
373 A	0.06009	0.06322	0.8767
374 A	0.06014	0.05827	0.88159
375 A	0.06145	0.05344	0.88511
376 G	0.06520	0.04454	0.89026
377 C	0.07146	0.03525	0.8933
378 T	0.07707	0.03119	0.89175
379 T	0.07910	0.03340	0.88749
380 T	0.07952	0.04108	0.8794
381 A	0.07416	0.04861	0.87723
382 A	0.06953	0.05503	0.87544
383 A	0.06608	0.05852	0.8754
384 A	0.06433	0.05881	0.87686
385 C	0.06435	0.05807	0.87758
386 A	0.06441	0.05884	0.87674
387 A	0.06415	0.05913	0.87672
388 G	0.06412	0.05916	0.87672
389 T	0.06433	0.05892	0.87675
390 T	0.06411	0.05944	0.87646
391 G	0.06348	0.06038	0.87614
392 G	0.06323	0.06162	0.87515
393 A	0.06343	0.06573	0.87084
394 A	0.06360	0.06643	0.86996
395 T	0.06457	0.06478	0.87065
396 A	0.06433	0.06388	0.87179
397 A	0.06451	0.06273	0.87276
398 C	0.06528	0.06061	0.87411
399 T	0.06597	0.06018	0.87385
400 G	0.06650	0.06018	0.87332
401 A	0.06863	0.05854	0.87282
402 A	0.07314	0.05396	0.87289
403 G	0.08018	0.04607	0.87376
404 A	0.08276	0.03725	0.87999
405 T	0.08556	0.02898	0.88545
406 T	0.08696	0.02403	0.88901
407 T	0.08726	0.02259	0.89016
408 A	0.08727	0.02249	0.89024
409 T	0.08778	0.02131	0.8909
410 T	0.08757	0.02139	0.89104
411 T	0.08715	0.02164	0.89121
412 G	0.08680	0.02205	0.89115
413 A	0.08691	0.02207	0.89102
414 A	0.08733	0.02141	0.89125
415 A	0.08854	0.01961	0.89185
416 A	0.09307	0.01472	0.89221
417 T	0.09490	0.01236	0.89274
418 T	0.09540	0.01146	0.89314
419 C	0.09567	0.01069	0.89363
420 T	0.09603	0.01021	0.89376
421 C	0.09616	0.01005	0.89379
422 C	0.09651	0.00973	0.89376
423 T	0.09716	0.00936	0.89348
424 T	0.09772	0.00929	0.89299
425 T	0.09753	0.01012	0.89235
426 T	0.09705	0.01151	0.89144
427 A	0.09622	0.01388	0.88989
428 A	0.09352	0.01845	0.88803
429 A	0.09231	0.02136	0.88634
430 T	0.09242	0.02149	0.88609
431 T	0.09087	0.02331	0.88583
432 A	0.08732	0.02769	0.88499
433 T	0.08528	0.03007	0.88465
434 C	0.08058	0.03487	0.88455
435 T	0.07657	0.04041	0.88302
436 G	0.07169	0.04712	0.88119
437 A	0.06985	0.05033	0.87982
438 A	0.06877	0.05167	0.87956
439 G	0.06816	0.05243	0.87941
440 G	0.06780	0.05289	0.8793
441 A	0.06715	0.05355	0.8793
442 C	0.06698	0.05371	0.87931
443 A	0.06686	0.05390	0.87924
444 A	0.06688	0.05394	0.87919
445 C	0.06695	0.05395	0.87909
446 A	0.06720	0.05392	0.87888
447 A	0.06759	0.05377	0.87864
448 A	0.06815	0.05294	0.87892
449 G	0.06892	0.05167	0.8794
450 A	0.07025	0.04979	0.87996
451 A	0.07203	0.04512	0.88285
452 A	0.07386	0.04115	0.88498
453 A	0.07487	0.03803	0.88711
454 G	0.07612	0.03196	0.89192
455 T	0.07845	0.02480	0.89676
456 T	0.07978	0.01987	0.90035
457 G	0.08033	0.01499	0.90468
458 C	0.08123	0.01055	0.90822
459 T	0.08246	0.00716	0.91038
460 A	0.08310	0.00555	0.91134
461 T	0.08339	0.00451	0.91209
462 T	0.08356	0.00391	0.91253
463 G	0.08364	0.00364	0.91272
464 C	0.08370	0.00299	0.91332
465 T	0.08381	0.00315	0.91304
466 G	0.08388	0.00373	0.91239
467 G	0.08400	0.00431	0.91169
468 T	0.08422	0.00543	0.91035
469 A	0.08441	0.00615	0.90944
470 T	0.08470	0.00605	0.90924
471 T	0.08484	0.00615	0.90901
472 T	0.08484	0.00612	0.90904
473 T	0.08480	0.00616	0.90904
474 T	0.08455	0.00644	0.90902
475 G	0.08425	0.00677	0.90898
476 C	0.08417	0.00689	0.90895
477 T	0.08409	0.00702	0.90888
478 A	0.08393	0.00724	0.90883
479 T	0.08384	0.00736	0.9088
480 T	0.08374	0.00747	0.9088
481 G	0.08358	0.00763	0.9088
482 A	0.08354	0.00765	0.90881
483 G	0.08356	0.00759	0.90885
484 C	0.08361	0.00752	0.90887
485 C	0.08372	0.00740	0.90889
486 G	0.08396	0.00716	0.90888
487 T	0.08440	0.00676	0.90884
488 C	0.08494	0.00625	0.90882
489 T	0.08593	0.00536	0.90871
490 A	0.08664	0.00477	0.90859
491 T	0.08807	0.00338	0.90856
492 T	0.08850	0.00301	0.90849
493 T	0.08860	0.00312	0.90828
494 T	0.08843	0.00378	0.90778
495 A	0.08705	0.00690	0.90604
496 A	0.08627	0.00986	0.90388
497 T	0.08535	0.01132	0.90332
498 T	0.08462	0.01233	0.90304
499 T	0.08314	0.01452	0.90234
500 T	0.08071	0.01804	0.90125
501 A	0.07537	0.02454	0.90009
502 G	0.07007	0.03091	0.89902
503 A	0.06789	0.03419	0.89791
504 T	0.06745	0.03470	0.89785
505 G	0.06690	0.03520	0.8979
506 A	0.06669	0.03540	0.89792
507 A	0.06656	0.03551	0.89792
508 C	0.06652	0.03553	0.89796
509 C	0.06652	0.03551	0.89797
510 T	0.06659	0.03545	0.89796
511 A	0.06658	0.03549	0.89794
512 C	0.06665	0.03543	0.89792
513 T	0.06672	0.03538	0.8979
514 A	0.06672	0.03541	0.89787
515 G	0.06678	0.03509	0.89814
516 A	0.06704	0.03477	0.89819
517 G	0.06783	0.03372	0.89845
518 G	0.07002	0.02990	0.90007
519 T	0.07296	0.02540	0.90164
520 T	0.07364	0.02306	0.9033
521 T	0.07365	0.02274	0.9036
522 A	0.07207	0.02476	0.90318
523 G	0.07182	0.02427	0.90391
524 A	0.07235	0.02105	0.9066
525 T	0.07308	0.01636	0.91055
526 G	0.07348	0.01518	0.91134
527 T	0.07345	0.01790	0.90865
528 T	0.07248	0.02523	0.9023
529 A	0.05959	0.05074	0.88967
530 A	0.05261	0.05855	0.88884
531 T	0.04933	0.06265	0.88803
532 A	0.04513	0.06698	0.88788
533 G	0.04304	0.06904	0.88792
534 C	0.04176	0.07027	0.88797
535 T	0.04074	0.07130	0.88796
536 C	0.03868	0.07336	0.88795
537 C	0.03606	0.07603	0.88791
538 A	0.03295	0.07937	0.88769
539 A	0.03155	0.08095	0.88751
540 A	0.03101	0.08162	0.88736
541 G	0.03103	0.08171	0.88726
542 A	0.03145	0.08125	0.88729
543 T	0.03249	0.07962	0.88789
544 A	0.03306	0.07842	0.88853
545 T	0.03451	0.07515	0.89035
546 C	0.03541	0.07322	0.89136
547 A	0.03677	0.07176	0.89147
548 T	0.03843	0.06967	0.8919
549 G	0.03947	0.06818	0.89235
550 A	0.04185	0.06566	0.89249
551 A	0.04762	0.05911	0.89327
552 T	0.05961	0.03389	0.90649
553 A	0.06044	0.02642	0.91315
554 T	0.06109	0.02249	0.91642
555 T	0.06063	0.02033	0.91904
556 T	0.05896	0.02280	0.91824
557 T	0.05515	0.02814	0.9167
558 A	0.04357	0.04380	0.91263
559 A	0.03770	0.05350	0.9088
560 A	0.03187	0.06117	0.90695
561 A	0.02754	0.07204	0.90042
562 A	0.02167	0.08736	0.89097
563 A	0.01703	0.09657	0.88641
564 T	0.01311	0.10694	0.87995
565 A	0.01109	0.11767	0.87124
566 A	0.01043	0.12423	0.86534
567 A	0.01002	0.12536	0.86463
568 A	0.00983	0.12587	0.8643
569 A	0.00974	0.12584	0.86441
570 T	0.00952	0.12592	0.86456
571 C	0.00857	0.12696	0.86448
572 A	0.00800	0.12790	0.8641
573 A	0.00779	0.12835	0.86387
574 A	0.00771	0.12853	0.86376
575 A	0.00781	0.12842	0.86377
576 A	0.00824	0.12783	0.86393
577 G	0.00914	0.12533	0.86553
578 A	0.01094	0.12176	0.8673
579 T	0.01468	0.11553	0.86978
580 A	0.01675	0.11016	0.87309
581 A	0.02079	0.09705	0.88216
582 A	0.02552	0.08711	0.88738
583 A	0.02945	0.07699	0.89357
584 A	0.03851	0.06305	0.89844
585 T	0.05125	0.04393	0.90482
586 A	0.05662	0.03434	0.90904
587 C	0.06347	0.02350	0.91303
588 T	0.07167	0.01432	0.91401
589 A	0.07573	0.01023	0.91405
590 T	0.07680	0.00929	0.91391
591 T	0.07731	0.00924	0.91345
592 A	0.07727	0.01061	0.91212
593 T	0.07753	0.01003	0.91244
594 T	0.07761	0.00946	0.91293
595 T	0.07757	0.00974	0.9127
596 T	0.07704	0.01080	0.91216
597 T	0.07610	0.01259	0.91131
598 A	0.07555	0.01330	0.91115
599 T	0.07527	0.01376	0.91097
600 T	0.07491	0.01411	0.91097
601 A	0.07449	0.01452	0.91098
602 C	0.07440	0.01458	0.91103
603 T	0.07414	0.01483	0.91103
604 C	0.07290	0.01611	0.911
605 A	0.07178	0.01744	0.91079
606 T	0.07143	0.01790	0.91067
607 G	0.07064	0.01896	0.9104
608 A	0.07045	0.01954	0.91002
609 T	0.07058	0.01966	0.90976
610 A	0.07059	0.01983	0.90958
611 T	0.07092	0.01947	0.90961
612 A	0.07128	0.01915	0.90957
613 G	0.07181	0.01886	0.90934
614 A	0.07265	0.01808	0.90927
615 T	0.07460	0.01617	0.90922
616 T	0.07483	0.01590	0.90927
617 T	0.07453	0.01639	0.90908
618 A	0.07257	0.01900	0.90844
619 G	0.07205	0.01929	0.90865
620 C	0.07228	0.01852	0.90921
621 A	0.07179	0.02014	0.90807
622 T	0.07178	0.02061	0.90761
623 T	0.07126	0.02153	0.90722
624 T	0.07037	0.02274	0.90689
625 G	0.06861	0.02480	0.9066
626 A	0.06766	0.02536	0.90698
627 A	0.06718	0.02463	0.90819
628 T	0.06720	0.02331	0.90948
629 A	0.06695	0.02309	0.90996
630 C	0.06696	0.02229	0.91076
631 G	0.06693	0.02216	0.91091
632 C	0.06708	0.02196	0.91096
633 T	0.06722	0.02187	0.91091
634 A	0.06680	0.02244	0.91076
635 A	0.06661	0.02275	0.91064
636 T	0.06676	0.02273	0.91051
637 A	0.06661	0.02329	0.9101
638 A	0.06688	0.02287	0.91025
639 A	0.06725	0.02220	0.91056
640 A	0.06806	0.02059	0.91134
641 T	0.06973	0.01701	0.91326
642 T	0.07051	0.01582	0.91367
643 A	0.07070	0.01568	0.91362
644 T	0.07181	0.01392	0.91427
645 T	0.07223	0.01311	0.91466
646 T	0.07235	0.01252	0.91513
647 T	0.07211	0.01225	0.91564
648 T	0.07128	0.01209	0.91664
649 T	0.06989	0.01299	0.91712
650 T	0.06802	0.01477	0.91722
651 A	0.06529	0.01754	0.91717
652 G	0.06325	0.01940	0.91735
653 A	0.06204	0.02054	0.91741
654 T	0.06140	0.02097	0.91764
655 A	0.06042	0.02225	0.91733
656 A	0.06014	0.02248	0.91738
657 A	0.06013	0.02202	0.91785
658 G	0.06020	0.02148	0.91832
659 G	0.06037	0.02101	0.91862
660 T	0.06080	0.02028	0.91892
661 G	0.06095	0.02013	0.91892
662 A	0.06122	0.02030	0.91848
663 A	0.06153	0.02052	0.91795
664 A	0.06205	0.02038	0.91757
665 T	0.06289	0.01964	0.91747
666 T	0.06365	0.01918	0.91717
667 T	0.06392	0.01921	0.91687
668 T	0.06403	0.01915	0.91682
669 A	0.06410	0.01901	0.91688
670 T	0.06436	0.01779	0.91785
671 T	0.06457	0.01597	0.91945
672 T	0.06470	0.01434	0.92096
673 T	0.06481	0.01272	0.92247
674 A	0.06483	0.01117	0.924
675 T	0.06492	0.00951	0.92557
676 G	0.06494	0.00851	0.92654
677 G	0.06502	0.00805	0.92693
678 T	0.06540	0.00769	0.92691
679 T	0.06537	0.00931	0.92533
680 T	0.06507	0.01285	0.92208
681 A	0.06366	0.01658	0.91976
682 A	0.06226	0.02046	0.91727
683 A	0.06159	0.02241	0.916
684 A	0.06102	0.02419	0.91479
685 G	0.06100	0.02521	0.9138
686 A	0.06152	0.02560	0.91287
687 A	0.06207	0.02547	0.91246
688 A	0.06262	0.02514	0.91224
689 T	0.06357	0.02418	0.91224
690 T	0.06413	0.02359	0.91227
691 T	0.06446	0.02323	0.91231
692 T	0.06459	0.02307	0.91234
693 C	0.06455	0.02317	0.91228
694 T	0.06452	0.02327	0.91221
695 T	0.06431	0.02365	0.91203
696 T	0.06263	0.02544	0.91192
697 A	0.05970	0.02847	0.91183
698 C	0.05778	0.03042	0.9118
699 A	0.05659	0.03172	0.91169
700 A	0.05625	0.03208	0.91167
701 A	0.05689	0.03145	0.91166
702 G	0.05896	0.02920	0.91184
703 T	0.06262	0.02530	0.91208
704 A	0.06460	0.02207	0.91333
705 T	0.06697	0.01834	0.91468
706 A	0.06793	0.01679	0.91528
707 A	0.06902	0.01509	0.91589
708 T	0.07003	0.01359	0.91638
709 T	0.07083	0.01264	0.91653
710 T	0.07108	0.01241	0.91652
711 A	0.07105	0.01253	0.91641
712 T	0.07103	0.01263	0.91634
713 C	0.07084	0.01293	0.91622
714 A	0.07063	0.01382	0.91555
715 A	0.07052	0.01435	0.91514
716 A	0.07044	0.01485	0.91472
717 A	0.06961	0.01610	0.91429
718 T	0.06944	0.01644	0.91411
719 T	0.06876	0.01535	0.91589
720 T	0.06798	0.01364	0.91838
721 G	0.06674	0.01344	0.91982
722 G	0.06595	0.01366	0.92038
723 A	0.06557	0.01449	0.91995
724 T	0.06540	0.01458	0.92002
725 T	0.06507	0.01509	0.91984
726 A	0.06391	0.01672	0.91937
727 T	0.06323	0.01757	0.91919
728 C	0.06196	0.01930	0.91873
729 T	0.06124	0.02030	0.91847
730 G	0.06049	0.02106	0.91845
731 A	0.06025	0.02133	0.91842
732 A	0.05997	0.02161	0.91841
733 C	0.05974	0.02185	0.91841
734 C	0.05956	0.02230	0.91813
735 T	0.05955	0.02287	0.91758
736 A	0.05943	0.02326	0.9173
737 A	0.05985	0.02292	0.91723
738 A	0.06022	0.02258	0.9172
739 A	0.06081	0.02176	0.91743
740 T	0.06179	0.01924	0.91897
741 T	0.06272	0.01738	0.9199
742 T	0.06320	0.01587	0.92093
743 T	0.06337	0.01507	0.92156
744 T	0.06334	0.01435	0.92232
745 A	0.06312	0.01443	0.92245
746 A	0.06336	0.01400	0.92264
747 A	0.06342	0.01374	0.92283
748 A	0.06372	0.01323	0.92306
749 T	0.06421	0.01192	0.92387
750 T	0.06428	0.01127	0.92445
751 T	0.06424	0.01057	0.92519
752 T	0.06319	0.01193	0.92488
753 A	0.06195	0.01451	0.92354
754 A	0.06155	0.01685	0.9216
755 A	0.06137	0.01845	0.92018
756 A	0.06145	0.01997	0.91858
757 T	0.06197	0.01969	0.91834
758 T	0.06251	0.01998	0.91751
759 T	0.06267	0.02053	0.91679
760 T	0.06264	0.02141	0.91595
761 T	0.06258	0.02217	0.91525
762 A	0.06251	0.02233	0.91516
763 A	0.06246	0.02240	0.91514
764 A	0.06249	0.02230	0.9152
765 T	0.06256	0.02207	0.91538
766 C	0.06233	0.02215	0.91552
767 A	0.06225	0.02235	0.9154
768 A	0.06256	0.02206	0.91537
769 A	0.06282	0.02189	0.9153
770 A	0.06313	0.02170	0.91517
771 A	0.06362	0.02134	0.91504
772 T	0.06460	0.02000	0.9154
773 T	0.06505	0.01944	0.91551
774 A	0.06501	0.01929	0.9157
775 G	0.06556	0.01784	0.9166
776 G	0.06701	0.01544	0.91755
777 A	0.06909	0.01305	0.91786
778 G	0.07108	0.01077	0.91815
779 T	0.07396	0.00772	0.91832
780 C	0.07482	0.00671	0.91847
781 T	0.07593	0.00556	0.91851
782 C	0.07641	0.00503	0.91856
783 T	0.07686	0.00458	0.91855
784 T	0.07698	0.00457	0.91846
785 T	0.07685	0.00490	0.91826
786 T	0.07664	0.00510	0.91826
787 G	0.07592	0.00583	0.91826
788 A	0.07516	0.00652	0.91832
789 G	0.07438	0.00699	0.91864
790 C	0.07419	0.00697	0.91885
791 C	0.07406	0.00713	0.91881
792 G	0.07415	0.00716	0.9187
793 A	0.07439	0.00701	0.9186
794 A	0.07464	0.00683	0.91853
795 A	0.07493	0.00661	0.91847
796 T	0.07533	0.00616	0.91851
797 T	0.07557	0.00551	0.91891
798 T	0.07563	0.00523	0.91913
799 T	0.07561	0.00511	0.91928
800 C	0.07558	0.00510	0.91933
801 T	0.07556	0.00515	0.9193
802 T	0.07552	0.00523	0.91925
803 A	0.07545	0.00537	0.91917
804 T	0.07543	0.00545	0.91912
805 G	0.07534	0.00566	0.919
806 A	0.07522	0.00606	0.91872
807 G	0.07523	0.00625	0.91851
808 G	0.07518	0.00698	0.91783
809 A	0.07512	0.00730	0.91758
810 A	0.07514	0.00686	0.918
811 T	0.07525	0.00620	0.91855
812 T	0.07527	0.00552	0.91922
813 G	0.07524	0.00534	0.91941
814 T	0.07525	0.00524	0.9195
815 T	0.07526	0.00527	0.91947
816 A	0.07513	0.00563	0.91924
817 A	0.07500	0.00598	0.91902
818 A	0.07487	0.00639	0.91874
819 T	0.07475	0.00656	0.91869
820 T	0.07457	0.00690	0.91852
821 G	0.07427	0.00720	0.91853
822 T	0.07404	0.00742	0.91854
823 C	0.07381	0.00765	0.91854
824 T	0.07340	0.00833	0.91828
825 C	0.07270	0.00923	0.91807
826 A	0.07199	0.01096	0.91706
827 A	0.07197	0.01110	0.91693
828 G	0.07212	0.01097	0.91691
829 A	0.07251	0.01055	0.91694
830 A	0.07310	0.00990	0.917
831 T	0.07428	0.00844	0.91728
832 T	0.07478	0.00778	0.91744
833 T	0.07494	0.00754	0.91752
834 T	0.07504	0.00739	0.91758
835 T	0.07509	0.00728	0.91762
836 A	0.07512	0.00719	0.91769
837 T	0.07519	0.00705	0.91776
838 A	0.07527	0.00690	0.91782
839 A	0.07545	0.00656	0.91798
840 A	0.07568	0.00615	0.91817
841 G	0.07597	0.00558	0.91845
842 G	0.07607	0.00527	0.91866
843 T	0.07632	0.00475	0.91893
844 A	0.07641	0.00434	0.91925
845 C	0.07654	0.00379	0.91967
846 A	0.07675	0.00338	0.91987
847 T	0.07717	0.00253	0.9203
848 A	0.07741	0.00172	0.92087
849 A	0.07840	0.00000	0.9216
