# lcl|CP097583.1_cds_USQ93466.1_1
# AA	inside	membr	outside
1 A	0.12957	0.00000	0.87043
2 T	0.12889	0.00068	0.87043
3 G	0.12861	0.00096	0.87043
4 C	0.12861	0.00108	0.8703
5 C	0.12748	0.00251	0.87001
6 A	0.12748	0.00271	0.8698
7 T	0.12658	0.00368	0.86973
8 A	0.12658	0.00368	0.86973
9 T	0.12639	0.00392	0.86969
10 A	0.12638	0.01189	0.86172
11 T	0.12601	0.01279	0.86119
12 T	0.11164	0.02753	0.86083
13 G	0.06805	0.07267	0.85928
14 A	0.06804	0.07268	0.85928
15 T	0.06804	0.07784	0.85412
16 A	0.06705	0.07883	0.85412
17 A	0.06604	0.07986	0.85409
18 A	0.06602	0.07992	0.85405
19 A	0.06567	0.08029	0.85405
20 T	0.06474	0.08132	0.85393
21 T	0.06205	0.08398	0.85398
22 T	0.06193	0.08400	0.85407
23 T	0.06178	0.08398	0.85423
24 A	0.06145	0.08422	0.85434
25 G	0.06128	0.08332	0.8554
26 C	0.06123	0.08295	0.85582
27 T	0.06113	0.08286	0.85601
28 C	0.06096	0.08256	0.85648
29 G	0.06081	0.08277	0.85643
30 T	0.06074	0.08274	0.85652
31 G	0.06018	0.08342	0.8564
32 A	0.06017	0.08311	0.85671
33 A	0.06776	0.07485	0.85739
34 A	0.06892	0.07132	0.85976
35 T	0.07116	0.05352	0.87533
36 T	0.07265	0.01406	0.91329
37 T	0.07283	0.01320	0.91396
38 T	0.07485	0.01122	0.91393
39 A	0.07399	0.01238	0.91363
40 G	0.07363	0.01184	0.91452
41 A	0.07324	0.01185	0.91491
42 T	0.07212	0.01231	0.91557
43 T	0.06939	0.01404	0.91656
44 C	0.05924	0.02269	0.91807
45 A	0.04961	0.03776	0.91263
46 A	0.04525	0.04235	0.9124
47 G	0.04223	0.04529	0.91248
48 A	0.04099	0.04678	0.91223
49 G	0.04014	0.04828	0.91159
50 G	0.03961	0.05096	0.90944
51 G	0.03938	0.05082	0.9098
52 A	0.03931	0.05059	0.9101
53 A	0.03936	0.05019	0.91045
54 T	0.03956	0.04946	0.91098
55 C	0.03961	0.04916	0.91123
56 C	0.03965	0.04907	0.91128
57 T	0.03980	0.04892	0.91128
58 A	0.03984	0.04891	0.91125
59 C	0.03996	0.04876	0.91127
60 A	0.04009	0.04864	0.91127
61 T	0.04059	0.04807	0.91134
62 T	0.04128	0.04649	0.91224
63 A	0.04057	0.04674	0.91268
64 G	0.04049	0.04614	0.91338
65 A	0.04056	0.04347	0.91597
66 A	0.04063	0.03918	0.92019
67 G	0.04135	0.02822	0.93043
68 T	0.04663	0.01472	0.93864
69 T	0.04690	0.01095	0.94214
70 G	0.04683	0.00885	0.94433
71 A	0.04697	0.00801	0.94502
72 A	0.04744	0.00684	0.94572
73 G	0.04940	0.00433	0.94627
74 T	0.04955	0.00390	0.94656
75 T	0.04961	0.00366	0.94673
76 C	0.04957	0.00359	0.94684
77 A	0.04954	0.00361	0.94685
78 T	0.04953	0.00360	0.94687
79 A	0.04942	0.00370	0.94688
80 C	0.04934	0.00376	0.94691
81 T	0.04936	0.00387	0.94677
82 T	0.04937	0.00384	0.94679
83 T	0.04936	0.00381	0.94683
84 A	0.04929	0.00386	0.94686
85 T	0.04927	0.00377	0.94697
86 C	0.04925	0.00298	0.94777
87 A	0.04917	0.00296	0.94786
88 G	0.04916	0.00286	0.94798
89 G	0.04924	0.00270	0.94805
90 T	0.04936	0.00252	0.94811
91 T	0.04948	0.00239	0.94813
92 T	0.04953	0.00209	0.94838
93 T	0.04959	0.00177	0.94864
94 T	0.04962	0.00158	0.9488
95 T	0.04961	0.00147	0.94892
96 T	0.04958	0.00147	0.94895
97 G	0.04950	0.00160	0.9489
98 G	0.04942	0.00190	0.94868
99 A	0.04910	0.00251	0.94839
100 A	0.04901	0.00261	0.94838
101 G	0.04898	0.00260	0.94842
102 A	0.04897	0.00252	0.94851
103 G	0.04899	0.00240	0.9486
104 C	0.04913	0.00223	0.94864
105 T	0.04917	0.00219	0.94863
106 A	0.04919	0.00218	0.94863
107 T	0.04923	0.00210	0.94867
108 T	0.04923	0.00207	0.9487
109 G	0.04922	0.00206	0.94872
110 T	0.04922	0.00195	0.94883
111 C	0.04917	0.00194	0.94889
112 C	0.04910	0.00202	0.94889
113 C	0.04902	0.00209	0.94889
114 T	0.04893	0.00218	0.94888
115 T	0.04850	0.00262	0.94888
116 C	0.04777	0.00335	0.94888
117 T	0.04715	0.00397	0.94887
118 G	0.04602	0.00510	0.94888
119 G	0.04544	0.00565	0.94892
120 A	0.04515	0.00586	0.94898
121 G	0.04532	0.00562	0.94906
122 C	0.04558	0.00502	0.9494
123 T	0.04562	0.00492	0.94946
124 T	0.04557	0.00495	0.94948
125 C	0.04544	0.00506	0.94949
126 T	0.04510	0.00543	0.94947
127 A	0.04412	0.00645	0.94944
128 C	0.04329	0.00729	0.94942
129 T	0.04236	0.00827	0.94937
130 G	0.04016	0.01050	0.94934
131 G	0.03773	0.01298	0.94929
132 A	0.03556	0.01519	0.94925
133 G	0.03419	0.01661	0.9492
134 A	0.03353	0.01733	0.94914
135 A	0.03324	0.01762	0.94914
136 T	0.03298	0.01789	0.94913
137 A	0.03259	0.01821	0.9492
138 T	0.03222	0.01807	0.94972
139 G	0.03131	0.01831	0.95037
140 A	0.03079	0.01833	0.95087
141 A	0.03028	0.01797	0.95175
142 G	0.02983	0.01786	0.95231
143 C	0.02956	0.01777	0.95266
144 A	0.02937	0.01798	0.95265
145 G	0.02928	0.01811	0.95261
146 T	0.02924	0.01815	0.9526
147 A	0.02918	0.01826	0.95255
148 G	0.02915	0.01831	0.95254
149 A	0.02911	0.01803	0.95286
150 A	0.02869	0.01748	0.95384
151 T	0.02848	0.01673	0.95479
152 T	0.02771	0.01714	0.95515
153 A	0.02552	0.01826	0.95622
154 A	0.02420	0.01790	0.95789
155 G	0.02355	0.01675	0.9597
156 A	0.02299	0.01629	0.96073
157 G	0.02281	0.01587	0.96132
158 A	0.02277	0.01570	0.96153
159 T	0.02284	0.01535	0.96181
160 A	0.02266	0.01535	0.96199
161 A	0.02268	0.01507	0.96226
162 T	0.02269	0.01422	0.96309
163 G	0.02264	0.01376	0.96361
164 A	0.02261	0.01333	0.96405
165 T	0.02263	0.01286	0.96451
166 C	0.02232	0.01296	0.96473
167 C	0.02208	0.01318	0.96474
168 T	0.02192	0.01360	0.96449
169 A	0.02136	0.01436	0.96428
170 A	0.02108	0.01468	0.96423
171 A	0.02109	0.01470	0.96421
172 A	0.02133	0.01437	0.96431
173 G	0.02167	0.01303	0.9653
174 A	0.02218	0.01199	0.96583
175 T	0.02318	0.00985	0.96697
176 T	0.02376	0.00740	0.96883
177 T	0.02397	0.00615	0.96988
178 T	0.02392	0.00571	0.97036
179 T	0.02367	0.00551	0.97081
180 A	0.02314	0.00587	0.97099
181 G	0.02280	0.00601	0.97118
182 G	0.02263	0.00605	0.97132
183 C	0.02212	0.00637	0.97152
184 A	0.02178	0.00686	0.97135
185 A	0.02169	0.00709	0.97121
186 A	0.02156	0.00727	0.97116
187 G	0.02152	0.00746	0.97101
188 G	0.02156	0.00749	0.97096
189 T	0.02176	0.00698	0.97126
190 G	0.02184	0.00677	0.97139
191 T	0.02206	0.00640	0.97154
192 T	0.02213	0.00602	0.97185
193 T	0.02202	0.00593	0.97205
194 T	0.02162	0.00629	0.97209
195 G	0.02046	0.00751	0.97203
196 A	0.01974	0.00824	0.97202
197 A	0.01941	0.00856	0.97203
198 A	0.01918	0.00875	0.97207
199 G	0.01909	0.00868	0.97223
200 C	0.01911	0.00846	0.97243
201 A	0.01911	0.00833	0.97255
202 G	0.01912	0.00808	0.9728
203 T	0.01923	0.00759	0.97319
204 T	0.01929	0.00729	0.97343
205 G	0.01930	0.00714	0.97357
206 G	0.01932	0.00634	0.97435
207 C	0.01947	0.00575	0.97478
208 A	0.01961	0.00554	0.97486
209 A	0.01976	0.00531	0.97494
210 T	0.02014	0.00486	0.97499
211 G	0.02032	0.00473	0.97495
212 T	0.02059	0.00471	0.9747
213 T	0.02068	0.00469	0.97463
214 T	0.02055	0.00483	0.97462
215 T	0.02001	0.00544	0.97454
216 A	0.01806	0.00753	0.97441
217 A	0.01646	0.00893	0.97461
218 A	0.01531	0.00941	0.97529
219 G	0.01414	0.01045	0.97541
220 A	0.01329	0.01324	0.97347
221 T	0.01301	0.01439	0.9726
222 T	0.01220	0.01641	0.97139
223 A	0.01093	0.01854	0.97053
224 T	0.01023	0.01954	0.97023
225 T	0.00938	0.02042	0.97019
226 G	0.00879	0.02102	0.9702
227 A	0.00845	0.02135	0.9702
228 A	0.00827	0.02151	0.97023
229 C	0.00818	0.02157	0.97026
230 C	0.00809	0.02165	0.97026
231 A	0.00798	0.02177	0.97025
232 A	0.00796	0.02180	0.97024
233 A	0.00797	0.02179	0.97025
234 A	0.00807	0.02168	0.97025
235 T	0.00844	0.02126	0.9703
236 T	0.00868	0.02065	0.97068
237 A	0.00874	0.02025	0.97102
238 A	0.00884	0.01948	0.97169
239 A	0.00900	0.01762	0.97337
240 A	0.00916	0.01598	0.97486
241 A	0.00945	0.01452	0.97603
242 A	0.01021	0.01244	0.97734
243 T	0.01301	0.00837	0.97862
244 G	0.01414	0.00657	0.97929
245 T	0.01533	0.00444	0.98023
246 T	0.01573	0.00294	0.98133
247 T	0.01579	0.00220	0.98201
248 C	0.01573	0.00155	0.98272
249 T	0.01570	0.00136	0.98294
250 G	0.01562	0.00136	0.98302
251 T	0.01557	0.00141	0.98302
252 T	0.01543	0.00171	0.98286
253 T	0.01500	0.00264	0.98236
254 T	0.01341	0.00477	0.98181
255 G	0.00928	0.00903	0.98168
256 G	0.00743	0.01105	0.98153
257 A	0.00651	0.01236	0.98112
258 A	0.00612	0.01286	0.98103
259 C	0.00594	0.01306	0.98101
260 A	0.00582	0.01338	0.9808
261 A	0.00573	0.01362	0.98066
262 A	0.00570	0.01368	0.98062
263 A	0.00568	0.01368	0.98063
264 T	0.00569	0.01366	0.98064
265 T	0.00569	0.01363	0.98068
266 T	0.00566	0.01366	0.98068
267 G	0.00563	0.01370	0.98067
268 A	0.00561	0.01373	0.98066
269 T	0.00561	0.01368	0.98071
270 T	0.00561	0.01364	0.98074
271 G	0.00560	0.01362	0.98079
272 A	0.00561	0.01355	0.98084
273 T	0.00569	0.01331	0.98099
274 A	0.00572	0.01315	0.98113
275 A	0.00589	0.01265	0.98145
276 A	0.00644	0.01154	0.98202
277 A	0.00706	0.00925	0.98369
278 T	0.00725	0.00523	0.98752
279 G	0.00743	0.00340	0.98917
280 T	0.00788	0.00234	0.98977
281 T	0.00799	0.00210	0.9899
282 A	0.00801	0.00227	0.98972
283 A	0.00813	0.00227	0.98961
284 T	0.00824	0.00212	0.98964
285 T	0.00792	0.00242	0.98967
286 G	0.00709	0.00329	0.98962
287 A	0.00640	0.00400	0.98959
288 A	0.00578	0.00459	0.98962
289 C	0.00561	0.00470	0.98969
290 T	0.00554	0.00475	0.98971
291 C	0.00533	0.00496	0.98971
292 G	0.00510	0.00529	0.98961
293 A	0.00496	0.00552	0.98953
294 T	0.00462	0.00588	0.98951
295 G	0.00400	0.00648	0.98953
296 G	0.00338	0.00709	0.98953
297 A	0.00310	0.00730	0.98959
298 A	0.00301	0.00733	0.98966
299 C	0.00296	0.00733	0.98971
300 A	0.00294	0.00734	0.98972
301 C	0.00301	0.00726	0.98972
302 C	0.00310	0.00718	0.98973
303 T	0.00320	0.00711	0.98969
304 A	0.00325	0.00712	0.98963
305 A	0.00344	0.00694	0.98961
306 T	0.00356	0.00681	0.98963
307 A	0.00356	0.00677	0.98968
308 A	0.00356	0.00632	0.99013
309 A	0.00361	0.00538	0.991
310 T	0.00365	0.00455	0.9918
311 C	0.00361	0.00390	0.99249
312 T	0.00357	0.00381	0.99262
313 A	0.00348	0.00381	0.99271
314 A	0.00342	0.00372	0.99285
315 A	0.00343	0.00353	0.99304
316 T	0.00346	0.00334	0.99319
317 T	0.00336	0.00296	0.99368
318 A	0.00322	0.00255	0.99424
319 G	0.00316	0.00197	0.99486
320 G	0.00314	0.00174	0.99512
321 A	0.00311	0.00166	0.99524
322 G	0.00311	0.00157	0.99533
323 C	0.00312	0.00148	0.9954
324 T	0.00314	0.00146	0.99541
325 A	0.00315	0.00144	0.99542
326 A	0.00319	0.00138	0.99544
327 T	0.00324	0.00128	0.99548
328 T	0.00326	0.00123	0.99551
329 C	0.00326	0.00112	0.99562
330 T	0.00326	0.00107	0.99567
331 A	0.00326	0.00104	0.9957
332 T	0.00327	0.00100	0.99574
333 T	0.00326	0.00097	0.99577
334 T	0.00326	0.00094	0.9958
335 T	0.00326	0.00085	0.99589
336 A	0.00325	0.00077	0.99599
337 G	0.00324	0.00067	0.99608
338 G	0.00324	0.00060	0.99615
339 A	0.00325	0.00055	0.99621
340 G	0.00327	0.00041	0.99632
341 T	0.00335	0.00022	0.99643
342 T	0.00336	0.00016	0.99648
343 T	0.00336	0.00014	0.9965
344 C	0.00336	0.00012	0.99651
345 T	0.00336	0.00015	0.99649
346 T	0.00336	0.00016	0.99649
347 T	0.00335	0.00017	0.99648
348 A	0.00333	0.00019	0.99648
349 G	0.00331	0.00022	0.99647
350 C	0.00330	0.00023	0.99647
351 T	0.00326	0.00028	0.99646
352 T	0.00317	0.00038	0.99645
353 G	0.00306	0.00049	0.99645
354 T	0.00301	0.00054	0.99645
355 G	0.00290	0.00064	0.99645
356 C	0.00282	0.00072	0.99646
357 T	0.00274	0.00081	0.99645
358 A	0.00257	0.00097	0.99646
359 A	0.00246	0.00107	0.99647
360 A	0.00235	0.00117	0.99648
361 G	0.00228	0.00124	0.99648
362 C	0.00223	0.00128	0.99649
363 A	0.00219	0.00132	0.99649
364 G	0.00215	0.00135	0.99649
365 G	0.00214	0.00137	0.99649
366 A	0.00212	0.00138	0.9965
367 G	0.00212	0.00138	0.9965
368 C	0.00214	0.00135	0.99651
369 T	0.00214	0.00134	0.99652
370 A	0.00214	0.00133	0.99653
371 A	0.00215	0.00131	0.99654
372 T	0.00216	0.00129	0.99656
373 T	0.00216	0.00127	0.99657
374 A	0.00215	0.00123	0.99662
375 T	0.00215	0.00112	0.99673
376 T	0.00212	0.00103	0.99685
377 T	0.00209	0.00100	0.99691
378 A	0.00205	0.00096	0.99699
379 A	0.00203	0.00090	0.99706
380 A	0.00203	0.00081	0.99716
381 T	0.00203	0.00064	0.99733
382 T	0.00199	0.00057	0.99744
383 T	0.00195	0.00052	0.99752
384 A	0.00191	0.00052	0.99757
385 G	0.00190	0.00050	0.99761
386 A	0.00189	0.00048	0.99764
387 A	0.00188	0.00045	0.99767
388 T	0.00188	0.00043	0.99769
389 T	0.00188	0.00042	0.9977
390 G	0.00188	0.00041	0.99771
391 T	0.00188	0.00041	0.99771
392 A	0.00188	0.00042	0.9977
393 T	0.00188	0.00042	0.9977
394 G	0.00188	0.00042	0.9977
395 A	0.00188	0.00042	0.9977
396 A	0.00188	0.00041	0.99771
397 T	0.00188	0.00039	0.99773
398 A	0.00188	0.00037	0.99775
399 C	0.00189	0.00033	0.99778
400 T	0.00189	0.00032	0.9978
401 T	0.00188	0.00031	0.99781
402 A	0.00188	0.00031	0.99781
403 G	0.00187	0.00031	0.99781
404 G	0.00186	0.00032	0.99782
405 T	0.00186	0.00028	0.99785
406 G	0.00187	0.00025	0.99788
407 G	0.00188	0.00022	0.99791
408 T	0.00189	0.00020	0.99792
409 G	0.00189	0.00019	0.99792
410 T	0.00189	0.00018	0.99793
411 T	0.00189	0.00018	0.99793
412 C	0.00189	0.00018	0.99793
413 A	0.00189	0.00018	0.99793
414 A	0.00189	0.00018	0.99793
415 C	0.00190	0.00017	0.99794
416 C	0.00190	0.00017	0.99794
417 T	0.00189	0.00018	0.99793
418 A	0.00184	0.00022	0.99793
419 A	0.00182	0.00025	0.99793
420 A	0.00180	0.00028	0.99793
421 C	0.00178	0.00028	0.99793
422 A	0.00178	0.00029	0.99793
423 A	0.00179	0.00027	0.99793
424 T	0.00181	0.00025	0.99794
425 T	0.00182	0.00024	0.99794
426 A	0.00181	0.00023	0.99795
427 C	0.00181	0.00022	0.99796
428 C	0.00181	0.00022	0.99797
429 T	0.00181	0.00022	0.99797
430 G	0.00181	0.00022	0.99797
431 T	0.00181	0.00022	0.99797
432 T	0.00180	0.00023	0.99797
433 C	0.00179	0.00024	0.99797
434 C	0.00178	0.00024	0.99798
435 T	0.00177	0.00025	0.99798
436 A	0.00176	0.00026	0.99798
437 T	0.00176	0.00026	0.99798
438 G	0.00175	0.00027	0.99798
439 A	0.00175	0.00027	0.99798
440 T	0.00175	0.00024	0.99801
441 G	0.00175	0.00020	0.99806
442 A	0.00175	0.00017	0.99808
443 A	0.00175	0.00015	0.9981
444 C	0.00175	0.00013	0.99811
445 G	0.00175	0.00013	0.99812
446 T	0.00175	0.00013	0.99812
447 T	0.00175	0.00013	0.99811
448 A	0.00175	0.00013	0.99811
449 T	0.00175	0.00013	0.99812
450 T	0.00175	0.00012	0.99813
451 A	0.00174	0.00013	0.99813
452 A	0.00174	0.00012	0.99814
453 T	0.00172	0.00012	0.99815
454 G	0.00168	0.00017	0.99816
455 G	0.00166	0.00018	0.99816
456 T	0.00164	0.00019	0.99816
457 G	0.00162	0.00021	0.99817
458 G	0.00161	0.00022	0.99818
459 T	0.00160	0.00021	0.99819
460 G	0.00159	0.00022	0.99819
461 C	0.00158	0.00022	0.9982
462 A	0.00158	0.00023	0.99819
463 C	0.00158	0.00023	0.99819
464 A	0.00158	0.00023	0.99819
465 T	0.00158	0.00023	0.99819
466 G	0.00158	0.00023	0.99819
467 C	0.00158	0.00023	0.99819
468 A	0.00158	0.00023	0.99819
469 T	0.00158	0.00023	0.99819
470 C	0.00158	0.00023	0.99818
471 T	0.00158	0.00024	0.99818
472 A	0.00157	0.00026	0.99817
473 A	0.00157	0.00026	0.99817
474 T	0.00156	0.00026	0.99818
475 A	0.00156	0.00026	0.99818
476 A	0.00156	0.00024	0.99821
477 T	0.00156	0.00018	0.99825
478 G	0.00156	0.00017	0.99827
479 T	0.00156	0.00015	0.99829
480 G	0.00156	0.00013	0.9983
481 G	0.00156	0.00013	0.99831
482 A	0.00156	0.00012	0.99832
483 T	0.00156	0.00011	0.99833
484 T	0.00156	0.00011	0.99833
485 T	0.00156	0.00010	0.99834
486 T	0.00156	0.00011	0.99834
487 C	0.00156	0.00011	0.99832
488 A	0.00156	0.00012	0.99832
489 A	0.00156	0.00013	0.99831
490 G	0.00156	0.00014	0.99829
491 A	0.00156	0.00016	0.99829
492 A	0.00156	0.00016	0.99828
493 T	0.00157	0.00015	0.99829
494 T	0.00158	0.00014	0.99829
495 T	0.00158	0.00012	0.9983
496 A	0.00158	0.00012	0.9983
497 T	0.00158	0.00012	0.9983
498 G	0.00158	0.00012	0.99829
499 A	0.00158	0.00012	0.99829
500 T	0.00159	0.00011	0.9983
501 T	0.00159	0.00011	0.9983
502 T	0.00159	0.00011	0.9983
503 T	0.00159	0.00011	0.9983
504 A	0.00157	0.00012	0.9983
505 C	0.00156	0.00013	0.9983
506 C	0.00155	0.00014	0.99831
507 G	0.00155	0.00014	0.9983
508 A	0.00154	0.00015	0.9983
509 C	0.00155	0.00015	0.9983
510 T	0.00155	0.00015	0.9983
511 A	0.00156	0.00014	0.99829
512 A	0.00157	0.00013	0.99829
513 T	0.00158	0.00012	0.9983
514 T	0.00159	0.00011	0.9983
515 T	0.00160	0.00010	0.9983
516 C	0.00160	0.00010	0.9983
517 T	0.00160	0.00010	0.9983
518 C	0.00160	0.00009	0.9983
519 A	0.00160	0.00009	0.9983
520 T	0.00161	0.00009	0.9983
521 C	0.00161	0.00009	0.9983
522 T	0.00161	0.00009	0.9983
523 T	0.00161	0.00009	0.9983
524 T	0.00161	0.00009	0.9983
525 T	0.00160	0.00010	0.99829
526 A	0.00159	0.00012	0.99829
527 A	0.00159	0.00011	0.9983
528 A	0.00159	0.00010	0.99831
529 G	0.00159	0.00009	0.99832
530 A	0.00159	0.00009	0.99832
531 G	0.00159	0.00009	0.99832
532 G	0.00159	0.00009	0.99832
533 C	0.00160	0.00009	0.99832
534 T	0.00160	0.00008	0.99831
535 T	0.00160	0.00009	0.99831
536 T	0.00160	0.00009	0.99831
537 A	0.00160	0.00009	0.99831
538 C	0.00160	0.00009	0.99831
539 G	0.00160	0.00009	0.99831
540 T	0.00160	0.00009	0.99831
541 T	0.00160	0.00010	0.9983
542 G	0.00160	0.00010	0.9983
543 T	0.00160	0.00011	0.9983
544 G	0.00160	0.00010	0.9983
545 G	0.00159	0.00010	0.9983
546 T	0.00160	0.00010	0.9983
547 G	0.00160	0.00009	0.99831
548 C	0.00160	0.00008	0.99832
549 C	0.00161	0.00008	0.99832
550 G	0.00161	0.00011	0.99827
551 A	0.00161	0.00017	0.99822
552 A	0.00161	0.00023	0.99816
553 A	0.00161	0.00025	0.99815
554 T	0.00162	0.00025	0.99814
555 T	0.00162	0.00024	0.99814
556 T	0.00163	0.00024	0.99814
557 T	0.00163	0.00024	0.99813
558 T	0.00162	0.00025	0.99813
559 C	0.00160	0.00026	0.99813
560 A	0.00159	0.00028	0.99813
561 T	0.00159	0.00029	0.99812
562 C	0.00158	0.00031	0.99811
563 A	0.00158	0.00036	0.99807
564 T	0.00158	0.00037	0.99805
565 T	0.00156	0.00040	0.99804
566 T	0.00145	0.00054	0.99801
567 A	0.00122	0.00081	0.99797
568 C	0.00104	0.00104	0.99792
569 A	0.00090	0.00127	0.99783
570 A	0.00083	0.00140	0.99778
571 A	0.00079	0.00147	0.99774
572 A	0.00078	0.00150	0.99773
573 A	0.00082	0.00148	0.99771
574 A	0.00088	0.00142	0.9977
575 T	0.00094	0.00137	0.99769
576 T	0.00095	0.00138	0.99768
577 T	0.00095	0.00140	0.99765
578 T	0.00095	0.00142	0.99764
579 G	0.00091	0.00146	0.99763
580 A	0.00090	0.00148	0.99762
581 A	0.00089	0.00149	0.99762
582 A	0.00087	0.00149	0.99764
583 C	0.00087	0.00148	0.99765
584 A	0.00086	0.00149	0.99765
585 A	0.00082	0.00153	0.99765
586 A	0.00083	0.00152	0.99765
587 A	0.00084	0.00151	0.99765
588 A	0.00086	0.00148	0.99766
589 A	0.00090	0.00130	0.9978
590 A	0.00097	0.00100	0.99803
591 T	0.00105	0.00074	0.99821
592 T	0.00112	0.00054	0.99834
593 T	0.00113	0.00047	0.9984
594 A	0.00109	0.00049	0.99842
595 C	0.00107	0.00050	0.99844
596 C	0.00106	0.00050	0.99844
597 G	0.00105	0.00051	0.99844
598 A	0.00105	0.00051	0.99844
599 C	0.00107	0.00049	0.99844
600 T	0.00109	0.00047	0.99844
601 A	0.00110	0.00047	0.99844
602 C	0.00110	0.00042	0.99848
603 T	0.00110	0.00042	0.99848
604 G	0.00110	0.00042	0.99848
605 T	0.00110	0.00041	0.99849
606 A	0.00110	0.00040	0.9985
607 G	0.00110	0.00038	0.99852
608 G	0.00111	0.00033	0.99856
609 C	0.00111	0.00029	0.9986
610 G	0.00112	0.00029	0.99859
611 A	0.00112	0.00030	0.99858
612 T	0.00113	0.00030	0.99857
613 G	0.00113	0.00031	0.99856
614 A	0.00112	0.00031	0.99856
615 A	0.00112	0.00031	0.99857
616 G	0.00112	0.00027	0.9986
617 G	0.00112	0.00022	0.99865
618 T	0.00112	0.00020	0.99868
619 G	0.00112	0.00019	0.99869
620 G	0.00112	0.00018	0.9987
621 A	0.00113	0.00018	0.9987
622 T	0.00113	0.00017	0.9987
623 A	0.00113	0.00016	0.9987
624 T	0.00113	0.00015	0.99872
625 G	0.00114	0.00014	0.99872
626 C	0.00114	0.00013	0.99873
627 T	0.00115	0.00012	0.99874
628 C	0.00115	0.00012	0.99874
629 C	0.00114	0.00013	0.99872
630 T	0.00115	0.00018	0.99867
631 G	0.00115	0.00025	0.9986
632 A	0.00115	0.00029	0.99856
633 T	0.00117	0.00030	0.99853
634 T	0.00118	0.00031	0.99852
635 T	0.00118	0.00032	0.99849
636 A	0.00119	0.00033	0.99848
637 A	0.00119	0.00033	0.99848
638 A	0.00119	0.00033	0.99848
639 T	0.00120	0.00033	0.99847
640 T	0.00120	0.00033	0.99846
641 C	0.00120	0.00033	0.99846
642 T	0.00120	0.00034	0.99846
643 A	0.00120	0.00035	0.99845
644 A	0.00118	0.00036	0.99845
645 C	0.00117	0.00038	0.99845
646 G	0.00116	0.00039	0.99845
647 A	0.00116	0.00040	0.99844
648 A	0.00115	0.00041	0.99844
649 G	0.00115	0.00041	0.99844
650 A	0.00115	0.00041	0.99844
651 G	0.00116	0.00039	0.99844
652 G	0.00119	0.00037	0.99844
653 C	0.00125	0.00031	0.99845
654 T	0.00133	0.00023	0.99844
655 T	0.00137	0.00019	0.99844
656 T	0.00139	0.00018	0.99844
657 T	0.00139	0.00017	0.99844
658 C	0.00139	0.00017	0.99844
659 A	0.00139	0.00017	0.99844
660 A	0.00140	0.00017	0.99844
661 C	0.00140	0.00017	0.99843
662 T	0.00141	0.00017	0.99842
663 T	0.00141	0.00019	0.9984
664 A	0.00141	0.00022	0.99838
665 T	0.00142	0.00023	0.99836
666 T	0.00141	0.00025	0.99834
667 A	0.00141	0.00026	0.99833
668 T	0.00141	0.00026	0.99833
669 T	0.00140	0.00027	0.99833
670 G	0.00137	0.00029	0.99833
671 A	0.00136	0.00031	0.99833
672 A	0.00134	0.00033	0.99833
673 G	0.00132	0.00035	0.99834
674 C	0.00131	0.00036	0.99834
675 T	0.00131	0.00037	0.99831
676 A	0.00131	0.00040	0.99829
677 T	0.00131	0.00042	0.99828
678 T	0.00131	0.00043	0.99827
679 A	0.00130	0.00044	0.99826
680 A	0.00129	0.00046	0.99825
681 A	0.00127	0.00050	0.99824
682 C	0.00124	0.00052	0.99824
683 A	0.00121	0.00057	0.99822
684 A	0.00119	0.00061	0.9982
685 G	0.00117	0.00065	0.99818
686 C	0.00119	0.00064	0.99817
687 T	0.00122	0.00067	0.99812
688 G	0.00122	0.00071	0.99808
689 G	0.00123	0.00073	0.99804
690 T	0.00125	0.00074	0.99801
691 T	0.00125	0.00076	0.99798
692 A	0.00124	0.00077	0.99799
693 T	0.00123	0.00075	0.99801
694 A	0.00122	0.00075	0.99803
695 A	0.00121	0.00074	0.99805
696 A	0.00120	0.00073	0.99807
697 C	0.00120	0.00071	0.99809
698 C	0.00120	0.00071	0.99809
699 G	0.00120	0.00071	0.99809
700 G	0.00121	0.00070	0.99809
701 G	0.00121	0.00070	0.99808
702 A	0.00122	0.00071	0.99807
703 G	0.00123	0.00070	0.99806
704 A	0.00124	0.00067	0.99809
705 A	0.00125	0.00063	0.99812
706 G	0.00128	0.00057	0.99814
707 A	0.00132	0.00051	0.99817
708 T	0.00139	0.00041	0.9982
709 G	0.00143	0.00036	0.9982
710 T	0.00148	0.00030	0.99821
711 T	0.00152	0.00028	0.9982
712 T	0.00154	0.00028	0.99818
713 T	0.00155	0.00029	0.99816
714 T	0.00156	0.00029	0.99815
715 T	0.00156	0.00030	0.99814
716 T	0.00155	0.00033	0.99811
717 A	0.00152	0.00043	0.99805
718 G	0.00150	0.00052	0.99798
719 G	0.00147	0.00068	0.99784
720 A	0.00140	0.00083	0.99777
721 A	0.00138	0.00089	0.99774
722 T	0.00137	0.00090	0.99772
723 G	0.00136	0.00093	0.99771
724 G	0.00136	0.00094	0.99771
725 A	0.00137	0.00093	0.9977
726 T	0.00138	0.00092	0.9977
727 G	0.00139	0.00091	0.9977
728 T	0.00140	0.00090	0.9977
729 T	0.00141	0.00089	0.9977
730 G	0.00141	0.00089	0.9977
731 C	0.00141	0.00089	0.9977
732 C	0.00141	0.00089	0.9977
733 G	0.00142	0.00088	0.9977
734 C	0.00145	0.00085	0.9977
735 T	0.00149	0.00081	0.99769
736 T	0.00152	0.00080	0.99768
737 C	0.00152	0.00080	0.99767
738 A	0.00153	0.00089	0.99758
739 G	0.00156	0.00096	0.99748
740 A	0.00163	0.00106	0.9973
741 A	0.00171	0.00115	0.99714
742 T	0.00188	0.00119	0.99692
743 T	0.00194	0.00151	0.99655
744 T	0.00191	0.00185	0.99624
745 T	0.00175	0.00284	0.9954
746 A	0.00154	0.00402	0.99444
747 T	0.00141	0.00502	0.99357
748 G	0.00118	0.00596	0.99286
749 A	0.00105	0.00670	0.99224
750 T	0.00097	0.00708	0.99195
751 A	0.00083	0.00744	0.99173
752 A	0.00068	0.00780	0.99152
753 A	0.00062	0.00790	0.99148
754 G	0.00059	0.00796	0.99144
755 A	0.00058	0.00800	0.99141
756 A	0.00058	0.00802	0.9914
757 C	0.00058	0.00803	0.99139
758 A	0.00059	0.00805	0.99136
759 A	0.00060	0.00806	0.99134
760 A	0.00061	0.00807	0.99132
761 A	0.00071	0.00799	0.9913
762 A	0.00083	0.00788	0.99128
763 A	0.00106	0.00767	0.99127
764 A	0.00132	0.00740	0.99128
765 A	0.00170	0.00700	0.99131
766 T	0.00232	0.00630	0.99137
767 A	0.00272	0.00581	0.99146
768 T	0.00372	0.00460	0.99167
769 G	0.00474	0.00339	0.99187
770 T	0.00578	0.00225	0.99197
771 T	0.00629	0.00166	0.99204
772 T	0.00660	0.00128	0.99212
773 T	0.00667	0.00116	0.99216
774 A	0.00666	0.00110	0.99225
775 G	0.00676	0.00086	0.99238
776 C	0.00680	0.00078	0.99242
777 T	0.00682	0.00076	0.99242
778 T	0.00676	0.00082	0.99242
779 C	0.00664	0.00095	0.99241
780 T	0.00643	0.00123	0.99234
781 G	0.00525	0.00256	0.99219
782 A	0.00472	0.00320	0.99208
783 G	0.00443	0.00361	0.99196
784 A	0.00411	0.00415	0.99173
785 A	0.00393	0.00439	0.99168
786 T	0.00376	0.00459	0.99166
787 A	0.00327	0.00517	0.99156
788 A	0.00276	0.00581	0.99143
789 C	0.00246	0.00617	0.99137
790 A	0.00229	0.00637	0.99134
791 A	0.00219	0.00649	0.99131
792 A	0.00216	0.00654	0.9913
793 A	0.00220	0.00651	0.99129
794 C	0.00226	0.00642	0.99131
795 T	0.00229	0.00636	0.99135
796 T	0.00230	0.00631	0.9914
797 T	0.00229	0.00626	0.99144
798 C	0.00227	0.00625	0.99148
799 A	0.00225	0.00627	0.99148
800 G	0.00225	0.00620	0.99156
801 T	0.00226	0.00608	0.99166
802 A	0.00224	0.00598	0.99177
803 G	0.00230	0.00577	0.99193
804 T	0.00244	0.00448	0.99308
805 G	0.00248	0.00394	0.99357
806 A	0.00253	0.00362	0.99384
807 A	0.00270	0.00314	0.99416
808 G	0.00275	0.00292	0.99433
809 A	0.00278	0.00276	0.99445
810 A	0.00288	0.00228	0.99485
811 T	0.00302	0.00164	0.99534
812 T	0.00308	0.00132	0.9956
813 A	0.00309	0.00136	0.99555
814 A	0.00311	0.00122	0.99567
815 T	0.00313	0.00112	0.99576
816 T	0.00313	0.00110	0.99576
817 T	0.00311	0.00114	0.99576
818 C	0.00308	0.00121	0.99571
819 T	0.00306	0.00150	0.99544
820 T	0.00300	0.00194	0.99505
821 A	0.00293	0.00251	0.99456
822 T	0.00288	0.00277	0.99435
823 T	0.00275	0.00361	0.99364
824 A	0.00255	0.00439	0.99306
825 T	0.00249	0.00479	0.99272
826 G	0.00242	0.00527	0.99231
827 A	0.00238	0.00567	0.99196
828 A	0.00237	0.00596	0.99166
829 A	0.00239	0.00612	0.99149
830 A	0.00241	0.00628	0.99131
831 A	0.00245	0.00641	0.99115
832 A	0.00254	0.00639	0.99107
833 T	0.00264	0.00630	0.99105
834 G	0.00265	0.00632	0.99103
835 G	0.00269	0.00631	0.991
836 T	0.00284	0.00617	0.99099
837 A	0.00284	0.00620	0.99097
838 A	0.00285	0.00619	0.99095
839 A	0.00292	0.00612	0.99095
840 T	0.00303	0.00600	0.99097
841 A	0.00310	0.00591	0.99099
842 A	0.00339	0.00560	0.99101
843 G	0.00381	0.00510	0.99109
844 T	0.00436	0.00446	0.99119
845 A	0.00458	0.00416	0.99126
846 T	0.00538	0.00321	0.99142
847 C	0.00591	0.00250	0.99159
848 C	0.00624	0.00216	0.99161
849 T	0.00659	0.00183	0.99158
850 A	0.00681	0.00165	0.99154
851 T	0.00705	0.00143	0.99152
852 A	0.00712	0.00139	0.99148
853 A	0.00728	0.00122	0.9915
854 T	0.00746	0.00099	0.99155
855 T	0.00752	0.00091	0.99157
856 T	0.00744	0.00098	0.99158
857 C	0.00727	0.00113	0.9916
858 T	0.00700	0.00140	0.99159
859 A	0.00641	0.00201	0.99157
860 T	0.00622	0.00221	0.99157
861 C	0.00577	0.00267	0.99155
862 G	0.00525	0.00329	0.99146
863 A	0.00499	0.00356	0.99145
864 A	0.00483	0.00372	0.99145
865 G	0.00454	0.00400	0.99146
866 A	0.00428	0.00426	0.99146
867 C	0.00422	0.00429	0.99148
868 G	0.00418	0.00434	0.99148
869 G	0.00417	0.00438	0.99145
870 A	0.00418	0.00442	0.9914
871 T	0.00421	0.00443	0.99136
872 T	0.00424	0.00456	0.9912
873 A	0.00425	0.00459	0.99117
874 G	0.00422	0.00466	0.99113
875 A	0.00421	0.00475	0.99104
876 T	0.00419	0.00488	0.99093
877 G	0.00410	0.00521	0.99068
878 A	0.00404	0.00540	0.99057
879 A	0.00395	0.00548	0.99057
880 A	0.00389	0.00534	0.99077
881 A	0.00387	0.00499	0.99114
882 C	0.00389	0.00429	0.99182
883 G	0.00390	0.00411	0.99199
884 A	0.00392	0.00378	0.99231
885 T	0.00400	0.00333	0.99267
886 T	0.00400	0.00317	0.99283
887 G	0.00399	0.00307	0.99293
888 G	0.00398	0.00279	0.99323
889 G	0.00397	0.00259	0.99345
890 A	0.00396	0.00260	0.99345
891 C	0.00393	0.00267	0.99341
892 G	0.00394	0.00284	0.99322
893 G	0.00395	0.00320	0.99285
894 A	0.00399	0.00347	0.99254
895 T	0.00417	0.00341	0.99241
896 G	0.00420	0.00361	0.99218
897 G	0.00426	0.00371	0.99203
898 A	0.00437	0.00386	0.99176
899 A	0.00452	0.00392	0.99156
900 A	0.00477	0.00383	0.9914
901 A	0.00498	0.00377	0.99125
902 T	0.00516	0.00370	0.99114
903 T	0.00521	0.00395	0.99084
904 T	0.00521	0.00404	0.99075
905 T	0.00514	0.00430	0.99056
906 A	0.00498	0.00482	0.9902
907 A	0.00459	0.00538	0.99003
908 C	0.00432	0.00570	0.98998
909 A	0.00423	0.00597	0.9898
910 A	0.00411	0.00621	0.98969
911 A	0.00399	0.00640	0.98962
912 A	0.00400	0.00642	0.98958
913 A	0.00407	0.00636	0.98957
914 G	0.00419	0.00619	0.98963
915 A	0.00442	0.00594	0.98965
916 T	0.00488	0.00542	0.9897
917 T	0.00507	0.00519	0.98974
918 A	0.00501	0.00525	0.98974
919 G	0.00501	0.00520	0.98979
920 G	0.00501	0.00515	0.98984
921 C	0.00512	0.00503	0.98985
922 G	0.00513	0.00506	0.9898
923 A	0.00526	0.00497	0.98976
924 C	0.00543	0.00484	0.98974
925 A	0.00556	0.00487	0.98958
926 A	0.00587	0.00461	0.98952
927 A	0.00600	0.00445	0.98956
928 G	0.00624	0.00410	0.98966
929 T	0.00673	0.00348	0.98979
930 T	0.00692	0.00285	0.99023
931 C	0.00696	0.00251	0.99053
932 A	0.00702	0.00236	0.99061
933 A	0.00710	0.00221	0.9907
934 T	0.00716	0.00202	0.99082
935 T	0.00718	0.00194	0.99088
936 G	0.00717	0.00192	0.9909
937 T	0.00718	0.00184	0.99098
938 T	0.00717	0.00180	0.99103
939 A	0.00713	0.00184	0.99103
940 G	0.00708	0.00183	0.99109
941 G	0.00706	0.00171	0.99122
942 A	0.00703	0.00169	0.99128
943 G	0.00701	0.00161	0.99138
944 A	0.00703	0.00154	0.99143
945 T	0.00710	0.00132	0.99157
946 G	0.00713	0.00124	0.99164
947 A	0.00716	0.00121	0.99163
948 T	0.00729	0.00111	0.9916
949 T	0.00733	0.00124	0.99143
950 T	0.00732	0.00156	0.99112
951 A	0.00731	0.00174	0.99095
952 T	0.00731	0.00181	0.99088
953 T	0.00729	0.00193	0.99078
954 T	0.00724	0.00204	0.99072
955 G	0.00721	0.00207	0.99072
956 T	0.00721	0.00206	0.99073
957 T	0.00718	0.00209	0.99073
958 A	0.00713	0.00215	0.99072
959 C	0.00712	0.00215	0.99073
960 T	0.00707	0.00225	0.99069
961 A	0.00702	0.00243	0.99055
962 A	0.00702	0.00245	0.99052
963 T	0.00704	0.00243	0.99053
964 G	0.00703	0.00246	0.99051
965 T	0.00708	0.00240	0.99053
966 T	0.00708	0.00241	0.9905
967 G	0.00704	0.00251	0.99045
968 A	0.00701	0.00264	0.99035
969 A	0.00703	0.00271	0.99026
970 A	0.00703	0.00285	0.99012
971 G	0.00713	0.00282	0.99006
972 A	0.00734	0.00271	0.98995
973 T	0.00771	0.00234	0.98996
974 T	0.00782	0.00224	0.98994
975 A	0.00773	0.00236	0.98991
976 T	0.00772	0.00237	0.98991
977 C	0.00738	0.00270	0.98992
978 T	0.00701	0.00331	0.98968
979 A	0.00640	0.00444	0.98916
980 A	0.00597	0.00541	0.98862
981 A	0.00558	0.00656	0.98787
982 G	0.00512	0.00770	0.98717
983 G	0.00495	0.00792	0.98713
984 T	0.00498	0.00791	0.9871
985 A	0.00487	0.00814	0.98699
986 T	0.00485	0.00819	0.98696
987 C	0.00472	0.00837	0.98691
988 G	0.00462	0.00872	0.98666
989 A	0.00461	0.00896	0.98642
990 A	0.00460	0.00909	0.98631
991 A	0.00465	0.00909	0.98626
992 A	0.00471	0.00908	0.98621
993 T	0.00481	0.00895	0.98624
994 A	0.00481	0.00895	0.98625
995 A	0.00485	0.00887	0.98627
996 A	0.00483	0.00886	0.98631
997 G	0.00484	0.00876	0.98641
998 T	0.00489	0.00861	0.9865
999 A	0.00487	0.00852	0.9866
1000 G	0.00493	0.00804	0.98703
1001 G	0.00516	0.00748	0.98736
1002 A	0.00565	0.00666	0.98768
1003 A	0.00618	0.00578	0.98804
1004 A	0.00701	0.00454	0.98845
1005 T	0.00780	0.00318	0.98902
1006 T	0.00798	0.00272	0.9893
1007 C	0.00808	0.00251	0.9894
1008 T	0.00827	0.00237	0.98936
1009 A	0.00834	0.00239	0.98927
1010 T	0.00843	0.00234	0.98923
1011 T	0.00855	0.00238	0.98907
1012 T	0.00867	0.00266	0.98868
1013 T	0.00862	0.00318	0.98819
1014 A	0.00829	0.00482	0.9869
1015 A	0.00819	0.00578	0.98603
1016 T	0.00815	0.00615	0.9857
1017 T	0.00809	0.00645	0.98547
1018 A	0.00804	0.00678	0.98518
1019 A	0.00802	0.00699	0.98499
1020 A	0.00791	0.00726	0.98484
1021 T	0.00796	0.00733	0.98472
1022 T	0.00793	0.00756	0.9845
1023 A	0.00773	0.00786	0.98442
1024 A	0.00758	0.00810	0.98431
1025 A	0.00750	0.00828	0.98423
1026 T	0.00724	0.00864	0.98413
1027 C	0.00708	0.00890	0.98401
1028 A	0.00698	0.00920	0.98382
1029 A	0.00693	0.00935	0.98371
1030 A	0.00695	0.00939	0.98367
1031 T	0.00706	0.00930	0.98364
1032 A	0.00700	0.00939	0.98361
1033 G	0.00705	0.00926	0.98369
1034 G	0.00725	0.00898	0.98378
1035 A	0.00769	0.00848	0.98383
1036 A	0.00829	0.00776	0.98395
1037 C	0.00967	0.00602	0.98431
1038 T	0.01070	0.00501	0.9843
1039 T	0.01100	0.00465	0.98435
1040 T	0.01109	0.00453	0.98438
1041 A	0.01084	0.00477	0.98438
1042 A	0.01059	0.00502	0.98439
1043 C	0.01041	0.00498	0.98461
1044 A	0.01012	0.00531	0.98458
1045 G	0.01015	0.00518	0.98467
1046 A	0.01020	0.00501	0.98479
1047 A	0.01035	0.00475	0.9849
1048 A	0.01050	0.00449	0.985
1049 C	0.01071	0.00388	0.98541
1050 T	0.01087	0.00360	0.98553
1051 T	0.01100	0.00347	0.98552
1052 T	0.01104	0.00361	0.98535
1053 A	0.01089	0.00409	0.98502
1054 G	0.01075	0.00430	0.98495
1055 A	0.01057	0.00446	0.98497
1056 A	0.01044	0.00459	0.98497
1057 G	0.01042	0.00460	0.98498
1058 C	0.01046	0.00459	0.98495
1059 G	0.01049	0.00473	0.98478
1060 A	0.01052	0.00495	0.98453
1061 T	0.01063	0.00490	0.98447
1062 T	0.01065	0.00491	0.98444
1063 G	0.01065	0.00496	0.98438
1064 A	0.01068	0.00466	0.98466
1065 G	0.01068	0.00432	0.985
1066 A	0.01070	0.00404	0.98526
1067 T	0.01079	0.00359	0.98562
1068 G	0.01080	0.00350	0.98571
1069 G	0.01082	0.00358	0.9856
1070 C	0.01085	0.00366	0.98549
1071 T	0.01086	0.00415	0.98499
1072 A	0.01087	0.00450	0.98463
1073 A	0.01091	0.00475	0.98434
1074 A	0.01100	0.00489	0.98411
1075 A	0.01119	0.00471	0.9841
1076 A	0.01150	0.00422	0.98427
1077 A	0.01166	0.00389	0.98444
1078 G	0.01191	0.00343	0.98466
1079 C	0.01219	0.00303	0.98479
1080 T	0.01246	0.00273	0.98481
1081 T	0.01259	0.00261	0.9848
1082 C	0.01269	0.00251	0.9848
1083 T	0.01285	0.00236	0.98478
1084 T	0.01289	0.00233	0.98478
1085 A	0.01290	0.00232	0.98478
1086 T	0.01295	0.00227	0.98478
1087 A	0.01298	0.00224	0.98478
1088 C	0.01303	0.00217	0.98481
1089 A	0.01305	0.00214	0.98481
1090 G	0.01315	0.00203	0.98482
1091 C	0.01337	0.00181	0.98482
1092 T	0.01366	0.00152	0.98482
1093 G	0.01382	0.00137	0.98481
1094 T	0.01428	0.00091	0.98481
1095 C	0.01451	0.00069	0.9848
1096 A	0.01471	0.00050	0.98479
1097 T	0.01488	0.00032	0.9848
1098 T	0.01491	0.00029	0.9848
1099 T	0.01491	0.00029	0.9848
1100 C	0.01491	0.00030	0.98479
1101 G	0.01490	0.00032	0.98478
1102 C	0.01483	0.00041	0.98475
1103 A	0.01479	0.00051	0.9847
1104 T	0.01477	0.00058	0.98465
1105 C	0.01474	0.00068	0.98459
1106 G	0.01473	0.00084	0.98444
1107 T	0.01471	0.00106	0.98422
1108 A	0.01469	0.00142	0.98389
1109 G	0.01468	0.00158	0.98374
1110 T	0.01466	0.00190	0.98343
1111 G	0.01461	0.00233	0.98306
1112 G	0.01455	0.00284	0.98261
1113 A	0.01441	0.00353	0.98206
1114 G	0.01436	0.00369	0.98196
1115 A	0.01434	0.00371	0.98195
1116 A	0.01433	0.00374	0.98193
1117 A	0.01433	0.00375	0.98192
1118 C	0.01433	0.00375	0.98192
1119 C	0.01431	0.00378	0.9819
1120 G	0.01429	0.00386	0.98184
1121 A	0.01428	0.00396	0.98176
1122 A	0.01427	0.00403	0.9817
1123 G	0.01428	0.00402	0.98169
1124 A	0.01431	0.00400	0.9817
1125 T	0.01437	0.00386	0.98176
1126 A	0.01445	0.00373	0.98182
1127 C	0.01455	0.00358	0.98187
1128 T	0.01470	0.00342	0.98189
1129 A	0.01480	0.00329	0.9819
1130 C	0.01500	0.00308	0.98191
1131 T	0.01540	0.00268	0.98192
1132 A	0.01559	0.00248	0.98193
1133 T	0.01602	0.00203	0.98195
1134 A	0.01635	0.00164	0.982
1135 T	0.01675	0.00119	0.98206
1136 C	0.01707	0.00072	0.9822
1137 T	0.01717	0.00058	0.98225
1138 G	0.01718	0.00057	0.98225
1139 A	0.01721	0.00056	0.98223
1140 T	0.01727	0.00052	0.98221
1141 T	0.01728	0.00051	0.98221
1142 T	0.01727	0.00050	0.98222
1143 A	0.01728	0.00050	0.98223
1144 G	0.01732	0.00046	0.98221
1145 C	0.01736	0.00048	0.98216
1146 T	0.01737	0.00075	0.98189
1147 G	0.01736	0.00080	0.98184
1148 T	0.01736	0.00085	0.98179
1149 T	0.01732	0.00096	0.98173
1150 G	0.01716	0.00113	0.9817
1151 C	0.01706	0.00126	0.98169
1152 T	0.01696	0.00153	0.98151
1153 A	0.01686	0.00214	0.98099
1154 C	0.01679	0.00236	0.98085
1155 T	0.01669	0.00292	0.98039
1156 A	0.01658	0.00404	0.97938
1157 A	0.01654	0.00458	0.97889
1158 C	0.01646	0.00485	0.97869
1159 G	0.01643	0.00552	0.97805
1160 T	0.01643	0.00604	0.97753
1161 A	0.01638	0.00619	0.97743
1162 G	0.01637	0.00626	0.97736
1163 G	0.01638	0.00631	0.97731
1164 A	0.01636	0.00636	0.97728
1165 C	0.01637	0.00635	0.97728
1166 A	0.01640	0.00637	0.97723
1167 G	0.01644	0.00638	0.97717
1168 A	0.01653	0.00640	0.97707
1169 T	0.01678	0.00633	0.9769
1170 T	0.01680	0.00679	0.97642
1171 A	0.01681	0.00689	0.9763
1172 A	0.01684	0.00686	0.9763
1173 A	0.01686	0.00672	0.97643
1174 A	0.01687	0.00660	0.97653
1175 C	0.01703	0.00630	0.97666
1176 A	0.01756	0.00577	0.97667
1177 G	0.01786	0.00539	0.97674
1178 G	0.01849	0.00472	0.9768
1179 T	0.01974	0.00343	0.97683
1180 T	0.02032	0.00287	0.97682
1181 C	0.02048	0.00268	0.97685
1182 T	0.02084	0.00261	0.97655
1183 A	0.02106	0.00245	0.97649
1184 T	0.02116	0.00234	0.9765
1185 T	0.02120	0.00232	0.97648
1186 T	0.02120	0.00243	0.97637
1187 C	0.02090	0.00290	0.97619
1188 T	0.01945	0.00489	0.97566
1189 A	0.01750	0.00719	0.97531
1190 G	0.01649	0.00836	0.97515
1191 A	0.01545	0.00959	0.97497
1192 A	0.01437	0.01087	0.97476
1193 C	0.01442	0.01090	0.97468
1194 T	0.01445	0.01093	0.97461
1195 G	0.01418	0.01141	0.97441
1196 A	0.01398	0.01191	0.9741
1197 T	0.01386	0.01214	0.97401
1198 C	0.01361	0.01251	0.97387
1199 G	0.01294	0.01371	0.97335
1200 A	0.01279	0.01421	0.97299
1201 A	0.01277	0.01426	0.97296
1202 T	0.01280	0.01425	0.97296
1203 T	0.01275	0.01431	0.97293
1204 G	0.01255	0.01453	0.97292
1205 C	0.01258	0.01455	0.97288
1206 T	0.01248	0.01509	0.97242
1207 A	0.01229	0.01569	0.97202
1208 A	0.01230	0.01592	0.97178
1209 A	0.01240	0.01605	0.97154
1210 T	0.01261	0.01571	0.97169
1211 A	0.01298	0.01387	0.97315
1212 T	0.01339	0.01181	0.9748
1213 A	0.01342	0.01107	0.97551
1214 A	0.01347	0.01022	0.9763
1215 T	0.01354	0.00894	0.97752
1216 C	0.01341	0.00902	0.97758
1217 A	0.01320	0.01129	0.97551
1218 A	0.01344	0.01166	0.9749
1219 T	0.01390	0.01143	0.97467
1220 T	0.01396	0.01186	0.97418
1221 A	0.01380	0.01292	0.97328
1222 T	0.01386	0.01292	0.97322
1223 T	0.01331	0.01618	0.97051
1224 A	0.01108	0.02680	0.96211
1225 A	0.00947	0.03809	0.95244
1226 G	0.00875	0.03959	0.95165
1227 A	0.00812	0.04134	0.95054
1228 A	0.00760	0.04278	0.94962
1229 T	0.00760	0.04302	0.94939
1230 C	0.00737	0.04358	0.94905
1231 G	0.00726	0.04712	0.94562
1232 A	0.00732	0.04983	0.94285
1233 A	0.00738	0.05099	0.94163
1234 G	0.00756	0.05197	0.94047
1235 A	0.00748	0.05291	0.93961
1236 A	0.00751	0.05319	0.93929
1237 A	0.00777	0.05304	0.93918
1238 A	0.00806	0.05284	0.9391
1239 A	0.00876	0.05211	0.93914
1240 T	0.01090	0.04987	0.93923
1241 T	0.01129	0.04991	0.9388
1242 A	0.01117	0.05040	0.93843
1243 A	0.01139	0.05028	0.93833
1244 A	0.01196	0.04967	0.93837
1245 A	0.01265	0.04886	0.93849
1246 A	0.01537	0.04562	0.93902
1247 A	0.02393	0.03522	0.94084
1248 T	0.03372	0.02386	0.94243
1249 A	0.03469	0.02212	0.94319
1250 G	0.03622	0.01982	0.94396
1251 T	0.03800	0.01735	0.94465
1252 C	0.03847	0.01624	0.94528
1253 C	0.03907	0.01531	0.94562
1254 T	0.04256	0.01180	0.94564
1255 T	0.04505	0.00941	0.94555
1256 A	0.04585	0.00876	0.94539
1257 T	0.04674	0.00795	0.94531
1258 T	0.04668	0.00801	0.94531
1259 T	0.04533	0.00933	0.94534
1260 A	0.04367	0.01114	0.94518
1261 G	0.04354	0.01132	0.94514
1262 G	0.04342	0.01160	0.94499
1263 A	0.04331	0.01190	0.9448
1264 T	0.04365	0.01173	0.94462
1265 T	0.04280	0.01349	0.9437
1266 A	0.03702	0.02234	0.94065
1267 A	0.03023	0.03191	0.93785
1268 A	0.02653	0.03819	0.93529
1269 A	0.02573	0.03995	0.93432
1270 A	0.02526	0.04142	0.93332
1271 G	0.02535	0.04142	0.93323
1272 T	0.02550	0.04130	0.9332
1273 T	0.02555	0.04138	0.93308
1274 T	0.02562	0.04133	0.93305
1275 T	0.02564	0.04128	0.93308
1276 T	0.02569	0.04117	0.93314
1277 A	0.02572	0.04107	0.9332
1278 T	0.02582	0.04084	0.93334
1279 A	0.02593	0.04057	0.9335
1280 A	0.02608	0.04010	0.93383
1281 T	0.02635	0.03914	0.93451
1282 T	0.02668	0.03754	0.93578
1283 T	0.02689	0.03615	0.93697
1284 A	0.02702	0.03575	0.93722
1285 A	0.02724	0.03515	0.93762
1286 A	0.02753	0.03427	0.9382
1287 A	0.02803	0.03311	0.93886
1288 A	0.02932	0.03030	0.94038
1289 A	0.03257	0.02157	0.94586
1290 A	0.03567	0.01197	0.95236
1291 T	0.03872	0.00487	0.95641
1292 A	0.03988	0.00247	0.95765
1293 A	0.04122	0.00000	0.95879
