# lcl|CP097583.1_cds_USQ93176.1_1
# AA	inside	membr	outside
1 A	0.85898	0.00000	0.14102
2 T	0.85510	0.00388	0.14102
3 G	0.85149	0.00749	0.14102
4 A	0.85149	0.04427	0.10425
5 A	0.82247	0.09803	0.0795
6 A	0.82247	0.10222	0.07531
7 A	0.72810	0.19828	0.07362
8 T	0.72810	0.19829	0.07362
9 T	0.70675	0.21987	0.07338
10 T	0.70668	0.24210	0.05122
11 G	0.69382	0.25549	0.05068
12 C	0.61135	0.33802	0.05063
13 A	0.49052	0.45994	0.04953
14 A	0.49050	0.45997	0.04953
15 C	0.49050	0.46766	0.04184
16 C	0.47912	0.47904	0.04184
17 A	0.38159	0.57790	0.04051
18 A	0.37662	0.58530	0.03808
19 A	0.32757	0.63497	0.03746
20 A	0.20129	0.77075	0.02796
21 A	0.12207	0.84994	0.02799
22 A	0.12487	0.84641	0.02873
23 T	0.13061	0.83824	0.03116
24 T	0.12700	0.84128	0.03173
25 A	0.09895	0.86650	0.03455
26 A	0.07695	0.88810	0.03496
27 A	0.07980	0.88570	0.03449
28 A	0.07834	0.86554	0.05613
29 A	0.06934	0.87101	0.05965
30 A	0.06718	0.78725	0.14556
31 G	0.06448	0.76172	0.1738
32 C	0.06367	0.71937	0.21696
33 G	0.07521	0.69630	0.22849
34 C	0.07203	0.69422	0.23375
35 A	0.06979	0.69046	0.23975
36 A	0.06872	0.67065	0.26062
37 A	0.06804	0.68262	0.24934
38 A	0.07372	0.67520	0.25108
39 A	0.07020	0.68886	0.24094
40 A	0.07211	0.58137	0.34653
41 T	0.07346	0.53582	0.39072
42 A	0.07095	0.49355	0.4355
43 T	0.07638	0.39198	0.53164
44 T	0.07123	0.45397	0.47481
45 A	0.06225	0.51001	0.42774
46 A	0.05894	0.54078	0.40028
47 A	0.05741	0.55034	0.39225
48 A	0.05754	0.53123	0.41123
49 G	0.05785	0.54212	0.40002
50 A	0.06046	0.57916	0.36038
51 A	0.06183	0.64586	0.29231
52 A	0.06306	0.76652	0.17042
53 T	0.06500	0.79603	0.13897
54 T	0.06538	0.82571	0.10891
55 A	0.06359	0.85587	0.08054
56 A	0.06370	0.86645	0.06986
57 A	0.06270	0.87554	0.06175
58 A	0.06615	0.87259	0.06126
59 A	0.07393	0.86256	0.06351
60 A	0.08589	0.84929	0.06482
61 A	0.09196	0.84120	0.06684
62 A	0.11403	0.81365	0.07232
63 A	0.12954	0.79491	0.07555
64 G	0.14741	0.77149	0.0811
65 G	0.18042	0.73103	0.08855
66 C	0.22855	0.67969	0.09176
67 T	0.33609	0.56899	0.09492
68 T	0.38154	0.51951	0.09895
69 C	0.40378	0.49555	0.10067
70 G	0.42108	0.47755	0.10137
71 A	0.43639	0.46204	0.10156
72 A	0.47315	0.42326	0.10359
73 G	0.52905	0.36612	0.10484
74 C	0.63395	0.26053	0.10551
75 T	0.79321	0.09989	0.1069
76 T	0.83195	0.06105	0.107
77 T	0.84789	0.04551	0.10659
78 T	0.85325	0.04169	0.10506
79 A	0.84483	0.05487	0.1003
80 T	0.84531	0.05219	0.1025
81 T	0.83914	0.05876	0.1021
82 G	0.83107	0.06792	0.101
83 T	0.82655	0.07452	0.09893
84 T	0.80860	0.09672	0.09468
85 G	0.76066	0.14811	0.09123
86 G	0.72649	0.18532	0.0882
87 T	0.71128	0.20341	0.08532
88 G	0.70360	0.21130	0.0851
89 G	0.70107	0.21404	0.08489
90 A	0.69957	0.21601	0.08442
91 A	0.69881	0.21663	0.08457
92 C	0.69834	0.21534	0.08633
93 T	0.69746	0.21682	0.08571
94 G	0.69492	0.22024	0.08484
95 T	0.69251	0.22408	0.0834
96 A	0.69074	0.22749	0.08177
97 A	0.69006	0.22952	0.08041
98 G	0.69015	0.22873	0.08112
99 A	0.69113	0.22802	0.08085
100 G	0.69275	0.22427	0.08298
101 A	0.69651	0.21731	0.08618
102 T	0.70250	0.20029	0.09721
103 A	0.70118	0.20074	0.09808
104 T	0.70345	0.18986	0.10669
105 A	0.70349	0.18604	0.11047
106 A	0.70503	0.17979	0.11517
107 T	0.70967	0.15274	0.13759
108 T	0.71142	0.11298	0.1756
109 T	0.70923	0.09810	0.19267
110 T	0.70560	0.10387	0.19053
111 A	0.69576	0.13681	0.16742
112 A	0.68917	0.17248	0.13835
113 A	0.68641	0.18626	0.12732
114 T	0.68502	0.18827	0.1267
115 A	0.68295	0.18979	0.12727
116 T	0.68258	0.18876	0.12866
117 A	0.67720	0.19216	0.13064
118 C	0.67713	0.18981	0.13306
119 C	0.67759	0.18846	0.13395
120 C	0.67824	0.18845	0.13331
121 G	0.67872	0.19194	0.12934
122 T	0.68087	0.19328	0.12585
123 A	0.68088	0.19770	0.12142
124 A	0.68159	0.20003	0.11837
125 A	0.68323	0.19882	0.11795
126 T	0.68787	0.19082	0.1213
127 G	0.68924	0.18934	0.12142
128 A	0.69647	0.18012	0.1234
129 T	0.70727	0.16567	0.12706
130 G	0.71347	0.15762	0.1289
131 T	0.72641	0.14213	0.13146
132 T	0.73617	0.12945	0.13437
133 G	0.74243	0.12145	0.13611
134 A	0.75716	0.10501	0.13783
135 T	0.78311	0.07758	0.13932
136 A	0.79119	0.06845	0.14037
137 T	0.79285	0.06641	0.14074
138 A	0.79131	0.07195	0.13674
139 A	0.78601	0.07641	0.13758
140 C	0.78120	0.07653	0.14227
141 T	0.77306	0.08962	0.13731
142 A	0.75906	0.10859	0.13236
143 C	0.75444	0.11593	0.12963
144 T	0.75315	0.12334	0.12351
145 A	0.74772	0.13423	0.11806
146 A	0.74759	0.13599	0.11642
147 T	0.74834	0.13493	0.11673
148 G	0.74303	0.14086	0.11611
149 G	0.74138	0.14450	0.11412
150 T	0.73760	0.14873	0.11367
151 C	0.72944	0.15785	0.11271
152 G	0.72480	0.16309	0.11211
153 T	0.72153	0.16669	0.11178
154 T	0.71557	0.17324	0.11119
155 A	0.69735	0.19181	0.11084
156 C	0.68674	0.20241	0.11084
157 G	0.68094	0.20833	0.11072
158 A	0.67871	0.21095	0.11034
159 A	0.67665	0.21263	0.11072
160 G	0.67750	0.21107	0.11142
161 A	0.68303	0.20435	0.11263
162 A	0.68593	0.19507	0.11901
163 A	0.68997	0.18381	0.12622
164 T	0.70083	0.16131	0.13786
165 T	0.70775	0.13855	0.1537
166 T	0.71078	0.12760	0.16162
167 C	0.71240	0.12095	0.16664
168 T	0.71393	0.11727	0.1688
169 A	0.71178	0.12192	0.1663
170 A	0.70976	0.12637	0.16386
171 A	0.70875	0.12683	0.16442
172 T	0.71115	0.12581	0.16303
173 T	0.70987	0.11852	0.1716
174 T	0.70417	0.11772	0.17812
175 T	0.69679	0.12060	0.18261
176 T	0.68740	0.12696	0.18564
177 A	0.67387	0.14096	0.18517
178 A	0.65252	0.15403	0.19346
179 T	0.64394	0.15993	0.19614
180 T	0.63096	0.16738	0.20165
181 T	0.59188	0.20541	0.20271
182 G	0.56388	0.23587	0.20026
183 T	0.54388	0.26437	0.19175
184 C	0.51630	0.30666	0.17704
185 A	0.50134	0.35033	0.14833
186 T	0.49337	0.37075	0.13587
187 A	0.47538	0.41587	0.10875
188 A	0.46224	0.44100	0.09677
189 A	0.45383	0.45380	0.09237
190 A	0.44936	0.45879	0.09185
191 A	0.44931	0.45822	0.09247
192 A	0.45180	0.45345	0.09475
193 A	0.45583	0.44740	0.09677
194 A	0.46188	0.43866	0.09945
195 T	0.46875	0.42957	0.10168
196 A	0.47085	0.42427	0.10489
197 T	0.47261	0.41481	0.11258
198 T	0.46942	0.41159	0.119
199 A	0.46220	0.41214	0.12566
200 A	0.46148	0.40067	0.13785
201 A	0.46477	0.36945	0.16577
202 T	0.47146	0.34265	0.18589
203 A	0.47251	0.32202	0.20547
204 C	0.47810	0.26928	0.25263
205 G	0.48579	0.24208	0.27214
206 G	0.49912	0.21089	0.29
207 T	0.52195	0.17289	0.30515
208 T	0.55012	0.13657	0.31332
209 C	0.55975	0.12334	0.31691
210 T	0.57973	0.08958	0.3307
211 T	0.58539	0.07602	0.33859
212 T	0.58462	0.07460	0.34079
213 T	0.57667	0.09275	0.33058
214 C	0.55825	0.12560	0.31615
215 A	0.54751	0.17799	0.2745
216 A	0.54162	0.20205	0.25634
217 A	0.53999	0.20918	0.25083
218 T	0.54080	0.20775	0.25144
219 T	0.54147	0.20607	0.25246
220 A	0.54113	0.20195	0.25693
221 T	0.54215	0.19524	0.26262
222 C	0.54187	0.18978	0.26836
223 T	0.54099	0.20044	0.25857
224 T	0.53967	0.21601	0.24432
225 T	0.53498	0.24502	0.22
226 G	0.52480	0.28498	0.19022
227 A	0.51664	0.32962	0.15374
228 A	0.50891	0.36548	0.12562
229 A	0.50377	0.39861	0.09762
230 A	0.50053	0.41159	0.08787
231 A	0.49731	0.41956	0.08312
232 G	0.48998	0.42917	0.08085
233 A	0.48739	0.43548	0.07713
234 A	0.48309	0.44169	0.07523
235 A	0.48887	0.43661	0.07451
236 A	0.50402	0.41319	0.08279
237 A	0.51896	0.38082	0.10021
238 T	0.55439	0.33433	0.11128
239 T	0.55834	0.32813	0.11353
240 C	0.54395	0.35175	0.10431
241 G	0.52661	0.38394	0.08946
242 A	0.50435	0.41135	0.0843
243 A	0.49051	0.42897	0.08052
244 A	0.48062	0.43865	0.08074
245 C	0.48087	0.43660	0.08252
246 C	0.49534	0.42020	0.08446
247 A	0.51312	0.40146	0.08542
248 C	0.53822	0.37361	0.08818
249 C	0.56471	0.34449	0.0908
250 A	0.59604	0.31361	0.09035
251 C	0.62423	0.28394	0.09183
252 T	0.65219	0.25508	0.09273
253 T	0.65797	0.24891	0.09312
254 A	0.65348	0.25105	0.09546
255 T	0.65085	0.24467	0.10448
256 A	0.63471	0.25861	0.10668
257 G	0.62967	0.25125	0.11907
258 A	0.62884	0.25050	0.12066
259 A	0.62787	0.25059	0.12154
260 A	0.62791	0.24595	0.12614
261 A	0.62912	0.24182	0.12905
262 G	0.63186	0.23105	0.13709
263 A	0.63592	0.22685	0.13723
264 A	0.64308	0.20740	0.14953
265 G	0.64691	0.18301	0.17008
266 G	0.65143	0.16635	0.18223
267 A	0.65332	0.15617	0.19052
268 C	0.65442	0.15025	0.19532
269 C	0.65577	0.15278	0.19145
270 T	0.65738	0.16015	0.18247
271 T	0.65795	0.17442	0.16763
272 A	0.65818	0.18593	0.15589
273 T	0.65879	0.19049	0.15072
274 T	0.65847	0.19599	0.14554
275 T	0.65723	0.19525	0.14752
276 A	0.64664	0.20257	0.15078
277 G	0.63992	0.20060	0.15948
278 A	0.63824	0.19636	0.1654
279 C	0.63867	0.17972	0.18162
280 C	0.63944	0.17630	0.18426
281 A	0.64184	0.17591	0.18225
282 T	0.64764	0.17113	0.18123
283 A	0.64820	0.17211	0.1797
284 G	0.65111	0.16984	0.17904
285 A	0.65567	0.16452	0.17981
286 A	0.67042	0.14321	0.18637
287 A	0.67682	0.12814	0.19504
288 T	0.68385	0.11653	0.19961
289 C	0.68863	0.10940	0.20197
290 C	0.69673	0.10064	0.20263
291 T	0.70789	0.08933	0.20279
292 T	0.71632	0.08079	0.20289
293 C	0.72160	0.07552	0.20289
294 T	0.73069	0.06661	0.2027
295 T	0.73598	0.06145	0.20258
296 T	0.73745	0.05930	0.20325
297 T	0.73561	0.06030	0.20409
298 G	0.72217	0.07292	0.20491
299 T	0.71249	0.07245	0.21506
300 T	0.70093	0.08048	0.2186
301 G	0.68026	0.11112	0.20862
302 A	0.66620	0.12775	0.20605
303 A	0.65977	0.13448	0.20574
304 T	0.65745	0.13498	0.20758
305 T	0.65402	0.13678	0.2092
306 C	0.65114	0.13745	0.21141
307 A	0.64986	0.13871	0.21144
308 T	0.64898	0.13953	0.21149
309 T	0.64589	0.14271	0.2114
310 T	0.63917	0.14971	0.21112
311 C	0.62705	0.16267	0.21028
312 G	0.60537	0.18911	0.20552
313 A	0.59799	0.20871	0.19331
314 A	0.59290	0.22274	0.18435
315 T	0.59173	0.22932	0.17895
316 A	0.58994	0.24070	0.16936
317 T	0.58893	0.24569	0.16537
318 T	0.58725	0.25778	0.15497
319 A	0.58318	0.28166	0.13515
320 A	0.57667	0.29598	0.12734
321 A	0.57248	0.29011	0.13741
322 G	0.57022	0.28351	0.14627
323 A	0.57212	0.27497	0.1529
324 A	0.58308	0.25229	0.16462
325 G	0.58796	0.24095	0.1711
326 A	0.59110	0.23681	0.17209
327 T	0.59431	0.24043	0.16527
328 T	0.59494	0.24993	0.15513
329 T	0.59424	0.25848	0.14729
330 A	0.57562	0.29781	0.12658
331 A	0.55682	0.33624	0.10693
332 A	0.54882	0.35408	0.09711
333 A	0.53996	0.36074	0.09929
334 A	0.53463	0.35849	0.10689
335 G	0.53660	0.33748	0.12592
336 A	0.54574	0.32328	0.13097
337 C	0.55422	0.31013	0.13565
338 G	0.56040	0.30720	0.1324
339 T	0.57248	0.29681	0.13072
340 G	0.57883	0.29130	0.12988
341 A	0.59146	0.27773	0.1308
342 T	0.61287	0.25380	0.13334
343 T	0.62527	0.23428	0.14045
344 T	0.62885	0.22559	0.14555
345 C	0.63034	0.22126	0.14839
346 A	0.63223	0.21945	0.14832
347 C	0.63717	0.21409	0.14875
348 T	0.64633	0.20624	0.14742
349 A	0.65226	0.20261	0.14513
350 T	0.67172	0.18377	0.1445
351 T	0.68565	0.17002	0.14433
352 A	0.68856	0.16765	0.14379
353 A	0.70255	0.13409	0.16335
354 T	0.72093	0.09502	0.18406
355 A	0.73079	0.07792	0.1913
356 G	0.73675	0.06348	0.19977
357 T	0.74467	0.05184	0.2035
358 T	0.74881	0.04861	0.20258
359 T	0.74801	0.05433	0.19767
360 T	0.73897	0.07187	0.18916
361 T	0.72695	0.09091	0.18214
362 T	0.71149	0.12053	0.16798
363 A	0.67050	0.18827	0.14122
364 A	0.64705	0.21943	0.13352
365 T	0.63746	0.23255	0.12999
366 G	0.61570	0.26017	0.12413
367 A	0.52651	0.36532	0.10816
368 A	0.46212	0.43465	0.10323
369 T	0.43065	0.46724	0.10211
370 G	0.33836	0.56368	0.09796
371 A	0.30758	0.59485	0.09758
372 A	0.27236	0.62973	0.09791
373 A	0.24259	0.65889	0.09852
374 A	0.22584	0.67352	0.10064
375 C	0.20871	0.68554	0.10575
376 G	0.19728	0.69756	0.10516
377 G	0.18492	0.71064	0.10444
378 A	0.17643	0.72210	0.10147
379 G	0.17329	0.72937	0.09735
380 A	0.17379	0.72909	0.09712
381 A	0.17841	0.72174	0.09985
382 A	0.18826	0.70425	0.10749
383 T	0.20172	0.67188	0.1264
384 C	0.20898	0.64567	0.14535
385 A	0.22010	0.62304	0.15686
386 T	0.24438	0.56684	0.18877
387 T	0.25018	0.54422	0.20559
388 G	0.25065	0.53709	0.21226
389 A	0.25499	0.52218	0.22282
390 T	0.26983	0.41040	0.31977
391 T	0.27321	0.33576	0.39103
392 A	0.27253	0.30094	0.42653
393 T	0.27482	0.21413	0.51105
394 A	0.27328	0.19045	0.53626
395 T	0.27359	0.15207	0.57434
396 G	0.27252	0.12240	0.60509
397 A	0.27171	0.10748	0.62081
398 A	0.27162	0.08815	0.64023
399 T	0.27344	0.07735	0.64921
400 G	0.27264	0.07238	0.65498
401 G	0.27425	0.07036	0.65539
402 T	0.27839	0.07647	0.64514
403 T	0.27818	0.09564	0.62618
404 T	0.27734	0.16582	0.55684
405 T	0.27481	0.24962	0.47557
406 A	0.27065	0.29263	0.43671
407 A	0.26439	0.34810	0.3875
408 T	0.25999	0.37703	0.36298
409 G	0.24895	0.45243	0.29862
410 A	0.23955	0.53214	0.22831
411 T	0.23253	0.59643	0.17104
412 T	0.22253	0.68596	0.09151
413 T	0.20941	0.70820	0.08239
414 A	0.17818	0.75297	0.06885
415 A	0.16657	0.76841	0.06502
416 A	0.16176	0.77391	0.06433
417 C	0.15238	0.78317	0.06445
418 A	0.14500	0.80013	0.05486
419 A	0.14357	0.80722	0.04921
420 A	0.14452	0.80694	0.04854
421 A	0.14538	0.80713	0.0475
422 A	0.14824	0.80523	0.04654
423 A	0.15699	0.79516	0.04784
424 C	0.17073	0.78054	0.04874
425 A	0.18796	0.76841	0.04363
426 A	0.21410	0.74471	0.04119
427 A	0.28316	0.67792	0.03892
428 T	0.36722	0.59392	0.03886
429 A	0.39579	0.56562	0.0386
430 A	0.43591	0.51890	0.04519
431 A	0.45802	0.49028	0.05169
432 A	0.51780	0.41607	0.06613
433 A	0.58105	0.33838	0.08058
434 C	0.63840	0.26427	0.09733
435 T	0.70318	0.19434	0.10248
436 A	0.69143	0.20342	0.10515
437 T	0.68998	0.18367	0.12635
438 T	0.65256	0.21383	0.13361
439 G	0.59729	0.26740	0.13531
440 G	0.56432	0.29375	0.14193
441 C	0.55487	0.29803	0.1471
442 G	0.55054	0.30152	0.14794
443 A	0.54285	0.31293	0.14422
444 A	0.53007	0.32847	0.14146
445 C	0.51266	0.34810	0.13924
446 C	0.50686	0.36870	0.12444
447 A	0.50415	0.38118	0.11467
448 T	0.50937	0.38198	0.10865
449 A	0.51044	0.38659	0.10297
450 T	0.51185	0.38757	0.10059
451 C	0.50862	0.39228	0.0991
452 A	0.50329	0.39756	0.09915
453 A	0.47921	0.41912	0.10166
454 A	0.46859	0.43087	0.10055
455 A	0.45916	0.44397	0.09686
456 A	0.45633	0.46164	0.08203
457 T	0.45631	0.44413	0.09957
458 T	0.45398	0.42787	0.11815
459 A	0.43958	0.41233	0.14809
460 A	0.43092	0.39808	0.171
461 C	0.42715	0.36790	0.20495
462 A	0.42569	0.37357	0.20074
463 G	0.42798	0.38837	0.18365
464 A	0.43075	0.39014	0.17911
465 A	0.43343	0.40489	0.16168
466 G	0.43937	0.39301	0.16763
467 A	0.44430	0.37076	0.18494
468 C	0.44952	0.34281	0.20767
469 G	0.46298	0.32362	0.2134
470 C	0.47485	0.30985	0.2153
471 T	0.48261	0.31149	0.2059
472 T	0.48815	0.31473	0.19712
473 T	0.49016	0.32057	0.18927
474 A	0.49110	0.32661	0.18229
475 A	0.49290	0.32708	0.18002
476 G	0.49442	0.30095	0.20462
477 A	0.49796	0.28798	0.21406
478 A	0.50452	0.26911	0.22637
479 T	0.52621	0.23956	0.23424
480 G	0.53144	0.22959	0.23896
481 A	0.53897	0.21695	0.24408
482 T	0.55057	0.19000	0.25942
483 G	0.55655	0.17730	0.26614
484 C	0.56495	0.16717	0.26788
485 G	0.58740	0.15863	0.25397
486 T	0.61705	0.13916	0.2438
487 A	0.62913	0.14238	0.22849
488 T	0.65618	0.11642	0.2274
489 T	0.65866	0.11537	0.22597
490 T	0.65801	0.11664	0.22534
491 T	0.65433	0.12077	0.22489
492 C	0.63349	0.14162	0.22489
493 A	0.62723	0.14804	0.22473
494 C	0.63489	0.14042	0.22469
495 T	0.64276	0.13262	0.22462
496 C	0.64344	0.13211	0.22445
497 T	0.64068	0.13562	0.22369
498 T	0.61091	0.16650	0.22259
499 C	0.50143	0.27612	0.22245
500 A	0.40728	0.37058	0.22215
501 A	0.37259	0.40559	0.22183
502 G	0.32836	0.44984	0.22181
503 C	0.28483	0.49340	0.22177
504 G	0.25464	0.52490	0.22046
505 A	0.23927	0.54037	0.22036
506 A	0.23841	0.54102	0.22058
507 A	0.24119	0.53823	0.22058
508 T	0.25400	0.52512	0.22088
509 C	0.26057	0.51664	0.22278
510 T	0.27182	0.50612	0.22206
511 A	0.27156	0.50854	0.2199
512 A	0.27236	0.50683	0.22081
513 T	0.27290	0.50331	0.2238
514 T	0.27223	0.49968	0.2281
515 T	0.27033	0.47851	0.25116
516 C	0.25771	0.48095	0.26134
517 G	0.24826	0.49591	0.25583
518 A	0.24144	0.51777	0.24078
519 A	0.23315	0.53652	0.23033
520 A	0.22760	0.53583	0.23657
521 T	0.22620	0.50796	0.26584
522 T	0.22241	0.40086	0.37672
523 G	0.21866	0.32187	0.45947
524 A	0.21661	0.30066	0.48273
525 A	0.21450	0.26527	0.52023
526 A	0.21306	0.23040	0.55654
527 T	0.21200	0.21086	0.57714
528 C	0.20359	0.22774	0.56867
529 G	0.19315	0.25607	0.55078
530 A	0.18114	0.29673	0.52212
531 A	0.17290	0.36974	0.45736
532 A	0.16496	0.47350	0.36154
533 C	0.16234	0.50220	0.33546
534 T	0.15813	0.60283	0.23904
535 A	0.14285	0.71950	0.13766
536 A	0.13626	0.80631	0.05743
537 A	0.13264	0.84087	0.02649
538 A	0.13230	0.84915	0.01854
539 A	0.13393	0.83988	0.0262
540 A	0.14276	0.82333	0.03391
541 A	0.16036	0.79937	0.04027
542 T	0.17750	0.77502	0.04749
543 T	0.18448	0.76455	0.05097
544 T	0.18664	0.76225	0.05111
545 T	0.18744	0.76276	0.0498
546 A	0.18780	0.76625	0.04595
547 A	0.18914	0.76772	0.04314
548 A	0.19360	0.76474	0.04167
549 A	0.20068	0.75938	0.03994
550 A	0.21262	0.74703	0.04035
551 A	0.24217	0.71195	0.04588
552 A	0.26711	0.67840	0.05448
553 A	0.29845	0.63403	0.06751
554 A	0.37421	0.54894	0.07686
555 T	0.53096	0.38120	0.08784
556 A	0.58685	0.32075	0.09241
557 T	0.69495	0.20477	0.10028
558 T	0.76593	0.11998	0.11409
559 T	0.81074	0.07020	0.11906
560 T	0.82178	0.05703	0.1212
561 T	0.82637	0.05268	0.12095
562 T	0.82731	0.05265	0.12003
563 T	0.82351	0.05786	0.11863
564 A	0.81588	0.06866	0.11546
565 T	0.80610	0.08235	0.11154
566 T	0.71898	0.17889	0.10213
567 A	0.52643	0.39872	0.07485
568 A	0.44273	0.49680	0.06048
569 A	0.34717	0.60407	0.04876
570 T	0.25097	0.70661	0.04242
571 A	0.17338	0.78938	0.03724
572 A	0.14449	0.82097	0.03454
573 A	0.11595	0.84960	0.03445
574 A	0.09605	0.86927	0.03468
575 T	0.07561	0.88929	0.0351
576 A	0.04985	0.91479	0.03536
577 C	0.03667	0.92778	0.03555
578 C	0.03060	0.93387	0.03552
579 G	0.02863	0.93586	0.03551
580 C	0.02805	0.93645	0.0355
581 T	0.02812	0.93641	0.03547
582 T	0.02734	0.93723	0.03543
583 C	0.02536	0.93922	0.03543
584 A	0.02387	0.94094	0.03519
585 A	0.02301	0.94195	0.03504
586 G	0.02326	0.93619	0.04055
587 A	0.02509	0.92779	0.04712
588 A	0.02837	0.91185	0.05979
589 A	0.03789	0.79605	0.16607
590 T	0.06576	0.57447	0.35976
591 A	0.07986	0.47892	0.44123
592 A	0.09294	0.37514	0.53192
593 T	0.09991	0.26087	0.63922
594 T	0.10156	0.20061	0.69783
595 A	0.09721	0.20168	0.70111
596 A	0.09122	0.20790	0.70088
597 A	0.09001	0.21246	0.69753
598 G	0.08886	0.22889	0.68225
599 A	0.08805	0.31004	0.60191
600 A	0.08609	0.36296	0.55095
601 T	0.08301	0.43582	0.48117
602 T	0.06145	0.61455	0.324
603 A	0.04111	0.79020	0.16868
604 A	0.02975	0.88863	0.08162
605 A	0.02377	0.93195	0.04428
606 A	0.02109	0.95118	0.02773
607 A	0.02045	0.95800	0.02156
608 A	0.02052	0.96050	0.01899
609 A	0.02075	0.96187	0.01739
610 A	0.02095	0.96059	0.01846
611 T	0.02185	0.95851	0.01965
612 A	0.02178	0.95928	0.01894
613 A	0.02200	0.96023	0.01776
614 C	0.02120	0.96234	0.01646
615 A	0.02173	0.96408	0.01419
616 A	0.02605	0.96211	0.01184
617 A	0.03878	0.94967	0.01155
618 A	0.05711	0.92882	0.01407
619 C	0.08474	0.89698	0.01829
620 A	0.11399	0.86787	0.01814
621 A	0.16376	0.81866	0.01757
622 A	0.27075	0.71214	0.01711
623 A	0.35345	0.62673	0.01981
624 A	0.45650	0.51962	0.02388
625 T	0.64816	0.30360	0.04824
626 T	0.77871	0.15250	0.06879
627 C	0.82892	0.09133	0.07974
628 T	0.84951	0.06642	0.08407
629 T	0.85555	0.05920	0.08526
630 T	0.84931	0.06577	0.08492
631 C	0.81152	0.10467	0.08381
632 A	0.76815	0.15316	0.07869
633 A	0.74107	0.18716	0.07176
634 A	0.71780	0.21817	0.06403
635 A	0.70316	0.23948	0.05736
636 A	0.68171	0.26105	0.05725
637 G	0.68078	0.25876	0.06046
638 C	0.68433	0.25291	0.06277
639 T	0.68914	0.25030	0.06055
640 C	0.68948	0.25400	0.05652
641 T	0.68895	0.26049	0.05056
642 T	0.67639	0.27984	0.04378
643 A	0.66732	0.29118	0.0415
644 T	0.66349	0.29691	0.0396
645 A	0.65115	0.31179	0.03706
646 T	0.64740	0.31526	0.03734
647 C	0.64318	0.31925	0.03758
648 T	0.63543	0.32806	0.03652
649 T	0.62877	0.33705	0.03417
650 T	0.61878	0.34861	0.03261
651 A	0.59646	0.37250	0.03104
652 A	0.58807	0.38086	0.03106
653 A	0.58454	0.37368	0.04178
654 A	0.58069	0.33976	0.07955
655 G	0.58232	0.29438	0.12329
656 A	0.58786	0.26615	0.14599
657 A	0.59470	0.23791	0.16739
658 A	0.60151	0.21440	0.18409
659 C	0.60388	0.18548	0.21065
660 T	0.60542	0.18119	0.21338
661 A	0.60526	0.17957	0.21517
662 A	0.60693	0.17642	0.21665
663 T	0.61087	0.16824	0.22089
664 G	0.61510	0.15985	0.22505
665 C	0.62170	0.13181	0.24649
666 T	0.62555	0.11984	0.25461
667 A	0.62761	0.11335	0.25905
668 T	0.63104	0.09987	0.26909
669 T	0.63265	0.09397	0.27338
670 T	0.63242	0.09132	0.27626
671 C	0.63096	0.07928	0.28977
672 T	0.63152	0.08136	0.28712
673 T	0.62997	0.10088	0.26916
674 T	0.62465	0.10964	0.26571
675 T	0.59859	0.15007	0.25134
676 T	0.55306	0.21320	0.23374
677 T	0.49479	0.29141	0.2138
678 G	0.42179	0.38998	0.18824
679 A	0.38243	0.45512	0.16245
680 A	0.36194	0.48770	0.15036
681 A	0.35640	0.49719	0.14641
682 G	0.35355	0.50509	0.14137
683 A	0.35248	0.51050	0.13702
684 A	0.35057	0.51519	0.13424
685 T	0.35008	0.51697	0.13295
686 T	0.34655	0.52359	0.12986
687 T	0.33770	0.53877	0.12353
688 A	0.32752	0.55777	0.11472
689 A	0.31995	0.56808	0.11197
690 A	0.31270	0.57791	0.1094
691 G	0.30561	0.58730	0.10709
692 A	0.30329	0.59250	0.10421
693 A	0.30586	0.59212	0.10202
694 A	0.31228	0.58679	0.10093
695 G	0.32537	0.57111	0.10352
696 T	0.35936	0.52672	0.11392
697 A	0.37655	0.49209	0.13136
698 T	0.40081	0.40970	0.1895
699 T	0.41897	0.33527	0.24576
700 C	0.43978	0.26432	0.29591
701 T	0.46302	0.21479	0.32218
702 T	0.48156	0.18175	0.33669
703 T	0.48835	0.16990	0.34176
704 A	0.48881	0.17598	0.33521
705 T	0.49235	0.17998	0.32766
706 A	0.49358	0.18883	0.31759
707 T	0.49564	0.19822	0.30614
708 A	0.47841	0.24444	0.27714
709 A	0.47261	0.25897	0.26842
710 T	0.47054	0.26332	0.26614
711 T	0.45340	0.29265	0.25396
712 A	0.39773	0.38985	0.21242
713 A	0.36376	0.43964	0.1966
714 A	0.35179	0.46862	0.1796
715 G	0.34630	0.48637	0.16733
716 A	0.34533	0.50902	0.14565
717 A	0.35025	0.52925	0.12051
718 A	0.35520	0.55489	0.08992
719 A	0.35668	0.58543	0.05789
720 T	0.35780	0.59924	0.04296
721 T	0.34718	0.61181	0.04101
722 T	0.32144	0.64103	0.03754
723 A	0.27947	0.68643	0.0341
724 A	0.25248	0.71452	0.033
725 C	0.22963	0.73669	0.03368
726 A	0.19522	0.77219	0.03259
727 A	0.19388	0.77278	0.03334
728 A	0.19546	0.77124	0.03329
729 A	0.20323	0.76329	0.03349
730 A	0.21042	0.75662	0.03296
731 T	0.23800	0.70942	0.05258
732 A	0.24495	0.69227	0.06278
733 A	0.25493	0.67064	0.07443
734 A	0.27201	0.62773	0.10026
735 T	0.31086	0.53578	0.15336
736 C	0.32366	0.49242	0.18392
737 C	0.34022	0.46853	0.19126
738 A	0.35496	0.45375	0.19129
739 G	0.37806	0.43010	0.19184
740 A	0.40528	0.40329	0.19144
741 A	0.44040	0.36797	0.19163
742 T	0.47785	0.32656	0.19559
743 T	0.49424	0.29354	0.21221
744 A	0.49783	0.26604	0.23613
745 T	0.50353	0.22386	0.27261
746 T	0.50730	0.17936	0.31334
747 T	0.50832	0.15140	0.34028
748 T	0.50828	0.12792	0.36381
749 T	0.50825	0.09482	0.39693
750 A	0.50778	0.09309	0.39913
751 G	0.50804	0.08594	0.40602
752 A	0.50924	0.07973	0.41103
753 T	0.51146	0.06847	0.42007
754 T	0.51237	0.06248	0.42515
755 T	0.51161	0.06061	0.42778
756 A	0.51074	0.06113	0.42813
757 T	0.51092	0.05676	0.43233
758 C	0.51075	0.05440	0.43485
759 T	0.51061	0.06630	0.42308
760 T	0.51015	0.08238	0.40747
761 T	0.50906	0.10459	0.38635
762 T	0.50383	0.16202	0.33415
763 A	0.49674	0.27476	0.22849
764 T	0.49348	0.31642	0.1901
765 T	0.48797	0.35685	0.15518
766 T	0.48325	0.39905	0.11769
767 T	0.47703	0.43750	0.08547
768 A	0.46907	0.45039	0.08054
769 A	0.46412	0.45796	0.07792
770 A	0.46357	0.45909	0.07733
771 T	0.46515	0.45715	0.0777
772 C	0.46749	0.45476	0.07775
773 A	0.47201	0.45426	0.07373
774 T	0.47448	0.45370	0.07182
775 A	0.47592	0.45429	0.06979
776 A	0.47744	0.45453	0.06802
777 T	0.47902	0.45404	0.06694
778 A	0.48025	0.45334	0.06641
779 T	0.48324	0.44994	0.06682
780 A	0.48384	0.45019	0.06597
781 A	0.48454	0.45017	0.06528
782 T	0.50017	0.43408	0.06575
783 A	0.51416	0.41995	0.0659
784 A	0.53457	0.39682	0.06861
785 A	0.59772	0.32710	0.07518
786 T	0.72317	0.19183	0.085
787 T	0.76640	0.14162	0.09198
788 C	0.79033	0.11014	0.09952
789 T	0.81192	0.08547	0.10261
790 T	0.82659	0.06696	0.10646
791 T	0.82292	0.06628	0.1108
792 T	0.80936	0.07635	0.1143
793 C	0.79063	0.09457	0.1148
794 C	0.76864	0.11601	0.11535
795 A	0.73971	0.14684	0.11345
796 T	0.72209	0.16529	0.11261
797 T	0.67402	0.21601	0.10998
798 C	0.59542	0.29671	0.10787
799 A	0.55249	0.34522	0.10229
800 G	0.52555	0.37483	0.09963
801 T	0.50410	0.39856	0.09733
802 A	0.44697	0.46072	0.09231
803 A	0.40070	0.51131	0.08799
804 A	0.35008	0.56601	0.0839
805 A	0.24330	0.68499	0.07172
806 A	0.15532	0.78699	0.05769
807 A	0.11488	0.83284	0.05228
808 G	0.09472	0.85530	0.04998
809 A	0.08054	0.87898	0.04048
810 A	0.06389	0.90447	0.03164
811 A	0.05422	0.91638	0.02941
812 A	0.04925	0.92123	0.02952
813 A	0.04652	0.92220	0.03129
814 A	0.04565	0.91627	0.03809
815 A	0.04512	0.90158	0.05329
816 A	0.04531	0.88205	0.07263
817 A	0.04605	0.85570	0.09824
818 G	0.04888	0.81563	0.13549
819 A	0.05163	0.78846	0.1599
820 T	0.05706	0.73333	0.20961
821 T	0.06020	0.67347	0.26633
822 T	0.06356	0.65087	0.28557
823 A	0.06444	0.65110	0.28447
824 A	0.06510	0.66368	0.27122
825 A	0.06867	0.62499	0.30634
826 A	0.07373	0.57960	0.34667
827 A	0.08144	0.53128	0.38728
828 A	0.09716	0.40499	0.49785
829 T	0.12196	0.29157	0.58647
830 T	0.13155	0.24668	0.62177
831 A	0.13458	0.24041	0.62501
832 A	0.14216	0.22156	0.63628
833 T	0.15136	0.19266	0.65598
834 T	0.15445	0.18278	0.66276
835 T	0.15598	0.18404	0.65998
836 C	0.15722	0.19597	0.64681
837 A	0.15849	0.23366	0.60784
838 T	0.15960	0.27636	0.56404
839 T	0.16022	0.33425	0.50554
840 A	0.16064	0.39948	0.43989
841 T	0.16395	0.44733	0.38872
842 A	0.16676	0.56339	0.26985
843 T	0.17456	0.63778	0.18766
844 A	0.18165	0.68220	0.13615
845 A	0.19577	0.69150	0.11272
846 A	0.21414	0.67533	0.11053
847 T	0.24769	0.64086	0.11145
848 T	0.25130	0.63747	0.11124
849 A	0.23449	0.65483	0.11068
850 C	0.23910	0.65024	0.11067
851 C	0.23536	0.65410	0.11054
852 A	0.22571	0.66445	0.10984
853 A	0.21228	0.67856	0.10916
854 C	0.21854	0.67257	0.10889
855 C	0.20649	0.68527	0.10824
856 G	0.18627	0.70836	0.10536
857 A	0.19152	0.70328	0.10521
858 A	0.20259	0.69219	0.10521
859 T	0.22683	0.66791	0.10526
860 A	0.26557	0.62898	0.10545
861 C	0.31840	0.57492	0.10668
862 C	0.38024	0.51239	0.10737
863 C	0.44230	0.45004	0.10766
864 A	0.48953	0.40275	0.10772
865 C	0.60196	0.29024	0.1078
866 T	0.67729	0.21489	0.10782
867 T	0.71740	0.17466	0.10794
868 T	0.73403	0.15765	0.10833
869 T	0.73644	0.15423	0.10933
870 A	0.73692	0.15311	0.10996
871 A	0.73765	0.14218	0.12017
872 C	0.73907	0.11639	0.14454
873 A	0.74026	0.11066	0.14908
874 A	0.74281	0.10122	0.15597
875 A	0.74737	0.08494	0.16769
876 T	0.75272	0.06138	0.1859
877 T	0.75458	0.05245	0.19297
878 A	0.75555	0.03107	0.21338
879 A	0.75792	0.00000	0.24209
