# lcl|CP097583.1_cds_USQ93565.1_1
# AA	inside	membr	outside
1 T	0.37808	0.00000	0.62192
2 T	0.36814	0.00994	0.62192
3 G	0.36053	0.01755	0.62192
4 G	0.36053	0.06165	0.57781
5 A	0.30604	0.15407	0.53989
6 C	0.30603	0.15754	0.53643
7 A	0.22984	0.23664	0.53352
8 A	0.22983	0.23668	0.53348
9 A	0.22541	0.24155	0.53303
10 A	0.22541	0.25607	0.51852
11 T	0.22496	0.25692	0.51812
12 A	0.21374	0.26835	0.5179
13 A	0.20747	0.27552	0.51701
14 A	0.20746	0.27552	0.51701
15 A	0.20746	0.27900	0.51353
16 A	0.20742	0.27905	0.51353
17 A	0.20739	0.27911	0.51349
18 A	0.20739	0.27915	0.51347
19 A	0.20743	0.27912	0.51345
20 T	0.20775	0.27842	0.51382
21 T	0.20798	0.27748	0.51454
22 A	0.20992	0.27414	0.51594
23 T	0.21681	0.26165	0.52154
24 T	0.22401	0.25105	0.52494
25 A	0.22938	0.22692	0.54371
26 T	0.23550	0.20925	0.55524
27 T	0.27057	0.15927	0.57016
28 T	0.29412	0.09767	0.6082
29 T	0.29659	0.09052	0.6129
30 T	0.29981	0.03886	0.66132
31 G	0.30026	0.03627	0.66347
32 T	0.30127	0.03006	0.66867
33 T	0.31024	0.01915	0.67061
34 T	0.31038	0.01802	0.6716
35 C	0.31048	0.01072	0.6788
36 T	0.31111	0.00845	0.68044
37 A	0.31102	0.01002	0.67896
38 G	0.31365	0.00762	0.67873
39 T	0.31373	0.00872	0.67755
40 T	0.31386	0.00895	0.67719
41 G	0.31390	0.00917	0.67694
42 T	0.31402	0.01038	0.6756
43 G	0.31417	0.01037	0.67546
44 T	0.31422	0.01147	0.67431
45 T	0.31428	0.01162	0.67409
46 T	0.31430	0.01191	0.67379
47 T	0.31427	0.01236	0.67337
48 T	0.31424	0.01254	0.67322
49 T	0.31419	0.01310	0.67271
50 T	0.31413	0.01345	0.67243
51 A	0.31403	0.01431	0.67167
52 A	0.31405	0.01456	0.67138
53 T	0.31438	0.01430	0.67133
54 A	0.31454	0.01422	0.67124
55 T	0.31494	0.01377	0.67129
56 T	0.31536	0.01322	0.67141
57 G	0.31580	0.01258	0.67162
58 T	0.31639	0.01180	0.6718
59 T	0.31751	0.01057	0.67191
60 T	0.31879	0.00917	0.67203
61 T	0.31924	0.00865	0.67211
62 T	0.32038	0.00743	0.67219
63 T	0.32066	0.00711	0.67223
64 G	0.32097	0.00682	0.67222
65 T	0.32224	0.00564	0.67212
66 T	0.32261	0.00535	0.67204
67 T	0.32364	0.00450	0.67186
68 T	0.32379	0.00464	0.67157
69 T	0.32393	0.00490	0.67117
70 T	0.32387	0.00561	0.67052
71 T	0.32366	0.00640	0.66994
72 G	0.32268	0.00829	0.66902
73 A	0.32202	0.01025	0.66773
74 T	0.32259	0.01006	0.66736
75 T	0.32228	0.01112	0.66661
76 T	0.32132	0.01426	0.66443
77 T	0.32001	0.01699	0.663
78 T	0.31819	0.01920	0.66261
79 T	0.31519	0.02296	0.66185
80 T	0.31133	0.02800	0.66067
81 T	0.30708	0.03430	0.65863
82 C	0.29989	0.04341	0.6567
83 T	0.28783	0.06088	0.65129
84 T	0.27360	0.08309	0.64332
85 A	0.25589	0.10208	0.64203
86 A	0.24665	0.11186	0.64149
87 A	0.24169	0.11710	0.64121
88 T	0.23998	0.11890	0.64112
89 C	0.23817	0.12086	0.64097
90 A	0.23647	0.12336	0.64018
91 A	0.23628	0.12405	0.63967
92 A	0.23657	0.12446	0.63897
93 T	0.23659	0.12573	0.63769
94 G	0.23440	0.13006	0.63555
95 A	0.23413	0.13058	0.63528
96 T	0.23343	0.13142	0.63514
97 A	0.22763	0.13953	0.63285
98 A	0.22408	0.14332	0.6326
99 T	0.22352	0.14270	0.63377
100 G	0.22219	0.14290	0.63491
101 A	0.22132	0.14317	0.6355
102 A	0.22159	0.13924	0.63917
103 G	0.22313	0.13259	0.64428
104 T	0.22620	0.12882	0.64498
105 A	0.22601	0.13066	0.64333
106 G	0.22848	0.11820	0.65333
107 T	0.23403	0.10247	0.6635
108 T	0.23377	0.09158	0.67466
109 T	0.23183	0.08735	0.68082
110 C	0.22694	0.08899	0.68407
111 G	0.21944	0.09747	0.6831
112 A	0.21544	0.10226	0.68231
113 C	0.21365	0.10427	0.68208
114 A	0.21162	0.11137	0.67701
115 A	0.21186	0.11677	0.67137
116 A	0.21331	0.11958	0.66711
117 T	0.21566	0.12063	0.66371
118 G	0.21530	0.12099	0.6637
119 A	0.21574	0.11865	0.66561
120 T	0.21618	0.11232	0.67151
121 T	0.21276	0.11220	0.67504
122 C	0.20836	0.11488	0.67676
123 G	0.20351	0.12199	0.6745
124 G	0.20088	0.12985	0.66928
125 A	0.19921	0.14090	0.65989
126 A	0.20069	0.14728	0.65203
127 A	0.20530	0.14969	0.64502
128 A	0.21416	0.14241	0.64342
129 T	0.21820	0.13823	0.64358
130 T	0.22039	0.13894	0.64067
131 T	0.22019	0.14652	0.63329
132 A	0.21390	0.16594	0.62016
133 A	0.21099	0.16889	0.62012
134 T	0.20909	0.16773	0.62318
135 A	0.18976	0.18817	0.62206
136 A	0.17183	0.20906	0.6191
137 C	0.16885	0.21217	0.61899
138 A	0.16200	0.22821	0.60978
139 A	0.15899	0.23506	0.60596
140 A	0.15908	0.23505	0.60587
141 T	0.15817	0.23472	0.60711
142 A	0.15676	0.23583	0.60741
143 T	0.15691	0.23007	0.61301
144 C	0.15298	0.22724	0.61978
145 G	0.15216	0.22473	0.62311
146 A	0.15276	0.22153	0.62571
147 A	0.15357	0.21842	0.62801
148 C	0.15772	0.21159	0.63069
149 C	0.16273	0.20628	0.63099
150 G	0.16328	0.20626	0.63046
151 A	0.16207	0.20891	0.62902
152 C	0.16354	0.20839	0.62807
153 A	0.16431	0.21254	0.62315
154 G	0.16292	0.21653	0.62056
155 A	0.16743	0.21284	0.61973
156 A	0.16064	0.22205	0.6173
157 G	0.15628	0.23470	0.60902
158 A	0.15679	0.22661	0.6166
159 T	0.15979	0.21161	0.62859
160 A	0.15709	0.20896	0.63395
161 T	0.15914	0.19960	0.64126
162 A	0.15521	0.20535	0.63944
163 A	0.15221	0.20318	0.64462
164 C	0.14945	0.20361	0.64693
165 G	0.14046	0.21439	0.64515
166 A	0.13698	0.22091	0.64211
167 C	0.13259	0.22280	0.64462
168 A	0.12897	0.23004	0.64099
169 A	0.12700	0.23243	0.64056
170 A	0.12659	0.23026	0.64314
171 C	0.12595	0.22667	0.64738
172 G	0.12510	0.23142	0.64348
173 A	0.12514	0.23309	0.64177
174 A	0.12622	0.23317	0.64061
175 G	0.12460	0.24070	0.6347
176 A	0.12663	0.25129	0.62209
177 A	0.13024	0.25407	0.61569
178 A	0.13779	0.24008	0.62213
179 A	0.14462	0.22023	0.63515
180 T	0.15929	0.19245	0.64826
181 T	0.17023	0.17557	0.65419
182 C	0.17253	0.17133	0.65614
183 A	0.17194	0.18509	0.64297
184 G	0.17270	0.18503	0.64227
185 A	0.17689	0.18461	0.6385
186 A	0.17557	0.18746	0.63698
187 T	0.17963	0.18435	0.63602
188 C	0.18153	0.17395	0.64452
189 A	0.18169	0.17599	0.64231
190 A	0.18091	0.17466	0.64443
191 T	0.18293	0.17113	0.64593
192 C	0.17050	0.18498	0.64452
193 G	0.15755	0.20646	0.63599
194 A	0.15397	0.21569	0.63034
195 A	0.15504	0.21763	0.62733
196 A	0.15867	0.21775	0.62357
197 A	0.16464	0.21387	0.62148
198 A	0.17288	0.20292	0.6242
199 G	0.18638	0.18565	0.62797
200 A	0.20010	0.17018	0.62973
201 T	0.20490	0.16292	0.63218
202 T	0.20557	0.16137	0.63307
203 C	0.20355	0.16278	0.63366
204 A	0.20379	0.16450	0.63171
205 G	0.20655	0.16016	0.63329
206 A	0.21782	0.14792	0.63426
207 A	0.22323	0.14161	0.63517
208 T	0.23128	0.13214	0.63658
209 C	0.23522	0.12381	0.64098
210 A	0.23864	0.12149	0.63988
211 A	0.24043	0.11838	0.64119
212 T	0.24693	0.10956	0.6435
213 T	0.24961	0.10590	0.64449
214 A	0.25084	0.10523	0.64394
215 A	0.25450	0.09010	0.65541
216 T	0.26240	0.07019	0.66741
217 G	0.26623	0.06655	0.66722
218 A	0.26921	0.06648	0.66431
219 T	0.27369	0.06294	0.66337
220 A	0.27522	0.06353	0.66125
221 A	0.27597	0.06337	0.66066
222 A	0.27426	0.06371	0.66204
223 G	0.27305	0.06252	0.66443
224 T	0.27324	0.06040	0.66635
225 G	0.27125	0.06067	0.66808
226 C	0.27041	0.05883	0.67076
227 G	0.26930	0.05932	0.67138
228 C	0.26826	0.06017	0.67156
229 A	0.26756	0.06279	0.66965
230 A	0.26774	0.06307	0.66919
231 G	0.26812	0.06305	0.66883
232 T	0.26966	0.06180	0.66854
233 T	0.27090	0.06066	0.66844
234 C	0.27024	0.06030	0.66946
235 G	0.26979	0.06058	0.66964
236 G	0.26966	0.06057	0.66977
237 G	0.27112	0.05883	0.67005
238 C	0.27488	0.05502	0.67009
239 C	0.28071	0.04923	0.67007
240 T	0.28911	0.04083	0.67006
241 T	0.29393	0.03606	0.67001
242 T	0.29571	0.03427	0.67002
243 A	0.29639	0.03355	0.67005
244 A	0.29699	0.03243	0.67058
245 A	0.29713	0.02930	0.67357
246 T	0.29739	0.02593	0.67669
247 T	0.29752	0.02401	0.67846
248 T	0.29763	0.02089	0.68148
249 A	0.29771	0.01916	0.68313
250 G	0.29785	0.01641	0.68573
251 A	0.29812	0.01480	0.68708
252 G	0.29977	0.01188	0.68835
253 G	0.30040	0.01032	0.68928
254 G	0.30104	0.00899	0.68997
255 T	0.30187	0.00770	0.69043
256 A	0.30228	0.00668	0.69103
257 T	0.30253	0.00515	0.69232
258 A	0.30265	0.00395	0.6934
259 T	0.30287	0.00238	0.69475
260 A	0.30303	0.00148	0.69549
261 A	0.30346	0.00000	0.69654
