# lcl|CP097583.1_cds_USQ93514.1_1
# AA	inside	membr	outside
1 A	0.52296	0.00000	0.47704
2 T	0.49470	0.02826	0.47704
3 G	0.46784	0.05513	0.47704
4 G	0.46784	0.18673	0.34544
5 A	0.30714	0.48447	0.20838
6 A	0.30714	0.48649	0.20637
7 A	0.13573	0.65833	0.20594
8 A	0.13572	0.65835	0.20594
9 A	0.12348	0.67068	0.20584
10 C	0.12346	0.67772	0.19882
11 A	0.12158	0.68066	0.19776
12 A	0.10969	0.69310	0.19722
13 A	0.09094	0.71390	0.19516
14 A	0.09094	0.71391	0.19516
15 G	0.09094	0.72376	0.18531
16 T	0.09062	0.72408	0.18531
17 G	0.08906	0.72613	0.18482
18 G	0.08903	0.72744	0.18353
19 T	0.08851	0.72944	0.18205
20 T	0.08428	0.78095	0.13477
21 A	0.07199	0.79269	0.13532
22 A	0.07442	0.79251	0.13307
23 A	0.08168	0.78137	0.13695
24 T	0.09859	0.75845	0.14296
25 A	0.10679	0.70059	0.19262
26 A	0.11455	0.65834	0.22712
27 T	0.22683	0.49294	0.28023
28 T	0.32551	0.32360	0.35089
29 T	0.32278	0.35200	0.32521
30 A	0.31415	0.35629	0.32956
31 A	0.30502	0.43429	0.2607
32 A	0.30107	0.45519	0.24374
33 T	0.27366	0.50130	0.22504
34 G	0.20331	0.61704	0.17965
35 A	0.18685	0.64753	0.16562
36 A	0.17985	0.64521	0.17494
37 A	0.17753	0.65284	0.16963
38 A	0.17632	0.65454	0.16913
39 A	0.16967	0.66420	0.16613
40 C	0.17215	0.66091	0.16694
41 A	0.17404	0.66569	0.16028
42 A	0.17622	0.67864	0.14514
43 A	0.21370	0.64165	0.14465
44 T	0.21333	0.65202	0.13466
45 A	0.20653	0.67073	0.12275
46 A	0.19491	0.68397	0.12112
47 A	0.18477	0.69657	0.11866
48 A	0.19112	0.68794	0.12094
49 G	0.21133	0.66407	0.12459
50 C	0.25299	0.61937	0.12764
51 T	0.31398	0.56530	0.12072
52 A	0.34540	0.54480	0.10979
53 T	0.40827	0.48531	0.10642
54 T	0.44764	0.44692	0.10543
55 A	0.43337	0.45991	0.10672
56 A	0.43656	0.42343	0.14001
57 T	0.47124	0.32098	0.20778
58 T	0.47485	0.29972	0.22543
59 C	0.46033	0.30613	0.23354
60 A	0.45645	0.31696	0.2266
61 G	0.45287	0.32620	0.22093
62 A	0.44946	0.33123	0.21931
63 T	0.44747	0.33484	0.21769
64 A	0.44840	0.33722	0.21438
65 A	0.45072	0.33808	0.21121
66 A	0.45261	0.34066	0.20673
67 A	0.46836	0.32014	0.2115
68 A	0.47936	0.29640	0.22423
69 A	0.48530	0.27247	0.24223
70 G	0.49398	0.24839	0.25763
71 C	0.50410	0.23283	0.26307
72 T	0.51735	0.21883	0.26382
73 A	0.52327	0.21521	0.26152
74 T	0.53595	0.20358	0.26047
75 T	0.54502	0.19433	0.26065
76 T	0.54867	0.19172	0.2596
77 A	0.54994	0.18253	0.26753
78 T	0.55239	0.14414	0.30347
79 C	0.55320	0.12444	0.32236
80 T	0.55540	0.11971	0.32489
81 T	0.55542	0.11759	0.327
82 C	0.55149	0.11503	0.33348
83 A	0.55310	0.11816	0.32873
84 T	0.55704	0.11605	0.32692
85 G	0.55642	0.11283	0.33075
86 C	0.55682	0.11383	0.32934
87 T	0.55608	0.15052	0.29339
88 G	0.55722	0.15014	0.29264
89 G	0.56052	0.15226	0.28722
90 T	0.55810	0.16729	0.27461
91 G	0.55481	0.18895	0.25624
92 C	0.55239	0.20587	0.24174
93 A	0.54697	0.24318	0.20985
94 G	0.54413	0.24907	0.2068
95 G	0.54106	0.25652	0.20242
96 A	0.53259	0.27082	0.19659
97 A	0.53074	0.27896	0.1903
98 C	0.52986	0.28098	0.18916
99 A	0.52826	0.29449	0.17725
100 G	0.52539	0.30798	0.16663
101 G	0.52366	0.31733	0.159
102 A	0.51727	0.33895	0.14378
103 A	0.51159	0.34939	0.13903
104 A	0.50759	0.35602	0.13639
105 A	0.49509	0.36716	0.13776
106 A	0.49594	0.36258	0.14149
107 C	0.49805	0.35327	0.14868
108 A	0.49620	0.35641	0.14739
109 A	0.50335	0.34686	0.14979
110 C	0.53821	0.30753	0.15426
111 T	0.55471	0.29040	0.15489
112 A	0.56200	0.28349	0.1545
113 C	0.58147	0.26012	0.1584
114 T	0.59915	0.24199	0.15886
115 T	0.60707	0.23262	0.1603
116 T	0.60925	0.22671	0.16404
117 A	0.58996	0.24463	0.16541
118 A	0.57895	0.25339	0.16765
119 C	0.58074	0.23957	0.17969
120 T	0.58370	0.23690	0.17941
121 A	0.57252	0.25563	0.17185
122 A	0.57572	0.25573	0.16855
123 T	0.58339	0.25182	0.16479
124 A	0.56184	0.28421	0.15396
125 A	0.55933	0.28336	0.15731
126 A	0.55726	0.27838	0.16436
127 A	0.56028	0.26717	0.17255
128 T	0.56419	0.24469	0.19112
129 A	0.55854	0.24386	0.1976
130 G	0.55380	0.24350	0.2027
131 T	0.55737	0.23501	0.20762
132 T	0.55447	0.23873	0.2068
133 A	0.54922	0.24518	0.2056
134 A	0.54532	0.24924	0.20544
135 T	0.54475	0.24695	0.20829
136 T	0.54172	0.24853	0.20975
137 T	0.53759	0.24948	0.21293
138 A	0.53111	0.25342	0.21547
139 A	0.52787	0.24917	0.22296
140 T	0.52669	0.23390	0.2394
141 C	0.52280	0.22691	0.25029
142 A	0.51811	0.25342	0.22848
143 A	0.52018	0.25758	0.22224
144 T	0.52928	0.24820	0.22252
145 G	0.53040	0.25875	0.21085
146 A	0.53631	0.25641	0.20728
147 T	0.54788	0.22241	0.22971
148 T	0.54979	0.21558	0.23462
149 T	0.54852	0.21806	0.23343
150 A	0.54434	0.22810	0.22756
151 A	0.54359	0.22932	0.22708
152 A	0.54319	0.22546	0.23135
153 T	0.54451	0.21978	0.23571
154 A	0.54548	0.22204	0.23248
155 T	0.54841	0.21974	0.23185
156 A	0.54870	0.23201	0.21928
157 G	0.54910	0.23125	0.21965
158 A	0.54939	0.23827	0.21235
159 T	0.54897	0.24482	0.20621
160 G	0.54684	0.25486	0.1983
161 G	0.54833	0.26552	0.18615
162 A	0.55321	0.27122	0.17557
163 G	0.55785	0.26910	0.17305
164 A	0.56387	0.26344	0.17269
165 T	0.59069	0.23407	0.17524
166 A	0.59907	0.22750	0.17343
167 A	0.60950	0.21727	0.17323
168 T	0.63208	0.19222	0.1757
169 A	0.63769	0.18894	0.17337
170 T	0.64704	0.17891	0.17405
171 T	0.65030	0.17586	0.17385
172 T	0.64756	0.17725	0.17519
173 T	0.63570	0.18652	0.17778
174 A	0.58575	0.23659	0.17766
175 G	0.57973	0.24226	0.17801
176 C	0.57616	0.24599	0.17785
177 A	0.57502	0.25325	0.17173
178 A	0.58063	0.24790	0.17147
179 T	0.59972	0.22801	0.17227
180 A	0.60446	0.22281	0.17273
181 A	0.61615	0.21043	0.17342
182 C	0.63246	0.18897	0.17856
183 T	0.65012	0.17000	0.17989
184 T	0.66393	0.15598	0.18009
185 T	0.67024	0.15021	0.17954
186 T	0.66649	0.15505	0.17847
187 A	0.65717	0.16576	0.17707
188 C	0.65403	0.16907	0.1769
189 T	0.65426	0.17239	0.17336
190 A	0.65099	0.18027	0.16874
191 A	0.64997	0.18749	0.16254
192 T	0.65261	0.18927	0.15812
193 A	0.65047	0.19312	0.1564
194 A	0.64123	0.19504	0.16373
195 T	0.63906	0.18520	0.17574
196 G	0.63477	0.17236	0.19287
197 C	0.63392	0.12576	0.24032
198 A	0.63339	0.12440	0.2422
199 G	0.63394	0.12119	0.24487
200 C	0.63851	0.11493	0.24656
201 T	0.63752	0.12056	0.24193
202 A	0.63127	0.13537	0.23337
203 A	0.62561	0.15276	0.22163
204 A	0.62282	0.17445	0.20272
205 G	0.62133	0.19826	0.18041
206 A	0.62058	0.25929	0.12014
207 A	0.62060	0.25952	0.11988
208 A	0.62141	0.25609	0.1225
209 T	0.62302	0.24589	0.13108
210 G	0.62298	0.23853	0.13849
211 C	0.62358	0.23687	0.13955
212 G	0.62625	0.23933	0.13443
213 A	0.62995	0.23642	0.13363
214 A	0.63513	0.23156	0.13331
215 A	0.64059	0.22541	0.13399
216 A	0.64311	0.22049	0.13639
217 C	0.64524	0.20511	0.14965
218 G	0.64667	0.20061	0.15272
219 T	0.64810	0.19576	0.15614
220 T	0.64903	0.19534	0.15563
221 T	0.65007	0.19520	0.15474
222 G	0.65042	0.19683	0.15275
223 A	0.65141	0.20117	0.14742
224 A	0.65533	0.19888	0.1458
225 A	0.66389	0.18522	0.15089
226 G	0.67861	0.16607	0.15531
227 A	0.69836	0.14443	0.15721
228 A	0.72247	0.11872	0.15881
229 T	0.78207	0.05726	0.16067
230 T	0.78758	0.05062	0.16179
231 T	0.79082	0.04650	0.16267
232 A	0.79297	0.04370	0.16333
233 T	0.79577	0.03945	0.16478
234 T	0.79820	0.03608	0.16572
235 C	0.80113	0.03238	0.16649
236 C	0.80289	0.03052	0.16659
237 T	0.80506	0.02850	0.16644
238 T	0.80599	0.02801	0.166
239 T	0.80668	0.02860	0.16472
240 T	0.80717	0.03127	0.16155
241 T	0.80770	0.03259	0.15971
242 A	0.80823	0.03344	0.15833
243 T	0.81030	0.03202	0.15768
244 G	0.81173	0.03152	0.15675
245 A	0.81412	0.02966	0.15622
246 T	0.82131	0.02278	0.1559
247 T	0.82558	0.01868	0.15573
248 T	0.82697	0.01757	0.15546
249 T	0.82798	0.01657	0.15544
250 T	0.82823	0.01636	0.15542
251 C	0.82818	0.01642	0.15539
252 T	0.82820	0.01649	0.15531
253 C	0.82794	0.01686	0.1552
254 G	0.82783	0.01721	0.15495
255 T	0.82774	0.01751	0.15475
256 T	0.82761	0.01771	0.15467
257 T	0.82682	0.01856	0.15462
258 A	0.82565	0.01976	0.15458
259 A	0.82540	0.01998	0.15462
260 C	0.82552	0.01979	0.15469
261 A	0.82587	0.01943	0.1547
262 A	0.82733	0.01795	0.15473
263 T	0.83126	0.01387	0.15487
264 T	0.83333	0.01161	0.15506
265 T	0.83425	0.01064	0.15512
266 G	0.83440	0.01017	0.15542
267 T	0.83507	0.00922	0.15571
268 A	0.83544	0.00870	0.15586
269 C	0.83597	0.00794	0.15609
270 T	0.83638	0.00740	0.15621
271 T	0.83674	0.00685	0.15641
272 T	0.83679	0.00667	0.15653
273 T	0.83671	0.00664	0.15665
274 C	0.83656	0.00665	0.15678
275 A	0.83649	0.00654	0.15698
276 T	0.83650	0.00600	0.1575
277 T	0.83640	0.00581	0.15779
278 C	0.83603	0.00597	0.15801
279 T	0.83592	0.00609	0.15798
280 T	0.83548	0.00613	0.1584
281 T	0.83463	0.00674	0.15863
282 T	0.83355	0.00858	0.15787
283 G	0.83098	0.01327	0.15575
284 G	0.82855	0.01722	0.15423
285 G	0.82673	0.02339	0.14987
286 T	0.82588	0.02489	0.14924
287 A	0.82471	0.02651	0.14879
288 T	0.82410	0.02730	0.14859
289 T	0.82355	0.02865	0.14779
290 C	0.82296	0.02997	0.14707
291 A	0.82272	0.03176	0.14552
292 T	0.82266	0.03343	0.14392
293 T	0.82254	0.03475	0.14271
294 T	0.82211	0.03684	0.14105
295 T	0.82099	0.03985	0.13916
296 T	0.81807	0.04422	0.13771
297 A	0.81175	0.05095	0.1373
298 A	0.80579	0.05747	0.13674
299 A	0.79434	0.06908	0.13658
300 A	0.78991	0.07317	0.13692
301 C	0.78806	0.07414	0.1378
302 A	0.78625	0.07716	0.13658
303 G	0.78544	0.07916	0.1354
304 A	0.78543	0.08235	0.13223
305 A	0.78659	0.08245	0.13096
306 T	0.78846	0.07994	0.1316
307 A	0.78926	0.07671	0.13404
308 T	0.79267	0.07133	0.136
309 T	0.79154	0.07190	0.13656
310 A	0.79070	0.07331	0.13599
311 C	0.79061	0.07361	0.13578
312 T	0.79142	0.07288	0.13569
313 T	0.79200	0.07244	0.13556
314 A	0.79235	0.07234	0.1353
315 T	0.79346	0.07108	0.13546
316 C	0.79365	0.07100	0.13534
317 T	0.79458	0.07020	0.13523
318 T	0.79438	0.06987	0.13575
319 A	0.79338	0.06887	0.13775
320 A	0.79294	0.06494	0.14212
321 T	0.79226	0.06087	0.14687
322 T	0.78988	0.05117	0.15895
323 C	0.78710	0.04984	0.16306
324 A	0.78507	0.05084	0.1641
325 A	0.78549	0.04923	0.16528
326 A	0.78688	0.04686	0.16626
327 T	0.79019	0.04255	0.16726
328 T	0.79153	0.04084	0.16764
329 T	0.79214	0.03876	0.1691
330 A	0.79172	0.03789	0.17039
331 A	0.79169	0.03636	0.17196
332 C	0.79242	0.03200	0.17558
333 T	0.79426	0.02915	0.17658
334 T	0.79510	0.02749	0.17741
335 C	0.79508	0.02688	0.17805
336 T	0.79527	0.02658	0.17815
337 T	0.79180	0.02981	0.17839
338 C	0.78357	0.03746	0.17897
339 T	0.78070	0.04084	0.17845
340 T	0.77590	0.04677	0.17733
341 T	0.76753	0.05669	0.17579
342 T	0.74721	0.07778	0.175
343 T	0.71969	0.11053	0.16978
344 T	0.69614	0.13650	0.16736
345 T	0.66011	0.17667	0.16322
346 A	0.60927	0.23852	0.15221
347 T	0.59210	0.25542	0.15248
348 T	0.56492	0.28434	0.15073
349 A	0.51100	0.34667	0.14233
350 T	0.48302	0.37558	0.1414
351 C	0.41411	0.44638	0.13951
352 G	0.36218	0.50158	0.13624
353 A	0.33110	0.53532	0.13358
354 C	0.30821	0.56047	0.13132
355 G	0.29266	0.58071	0.12663
356 A	0.28593	0.59256	0.1215
357 A	0.27954	0.60185	0.11862
358 A	0.27499	0.60872	0.11629
359 A	0.27172	0.61389	0.11438
360 A	0.26933	0.61323	0.11743
361 G	0.26432	0.60887	0.12681
362 A	0.26107	0.61107	0.12786
363 A	0.25641	0.60998	0.1336
364 A	0.25340	0.60703	0.13957
365 G	0.24718	0.59683	0.156
366 T	0.24255	0.59044	0.16701
367 A	0.21978	0.61025	0.16996
368 A	0.19601	0.63338	0.17062
369 A	0.18727	0.63897	0.17375
370 A	0.17291	0.69124	0.13586
371 A	0.16969	0.69468	0.13563
372 A	0.16858	0.70452	0.12689
373 A	0.16857	0.70152	0.12992
374 T	0.17306	0.63848	0.18846
375 T	0.17266	0.60306	0.22429
376 A	0.16667	0.59096	0.24237
377 T	0.16085	0.58313	0.25602
378 C	0.14078	0.59973	0.25948
379 A	0.12073	0.63696	0.2423
380 A	0.09559	0.68814	0.21627
381 A	0.08130	0.71693	0.20177
382 G	0.07419	0.72772	0.19809
383 A	0.06634	0.75014	0.18352
384 A	0.06387	0.75362	0.18251
385 A	0.06672	0.74903	0.18425
386 A	0.07397	0.73693	0.1891
387 A	0.09093	0.71203	0.19704
388 A	0.11535	0.67690	0.20776
389 T	0.15249	0.62396	0.22354
390 A	0.16940	0.58552	0.24508
391 G	0.19225	0.53920	0.26855
392 A	0.22754	0.49583	0.27663
393 T	0.29075	0.42545	0.28381
394 A	0.30921	0.41555	0.27524
395 T	0.35432	0.36853	0.27714
396 T	0.36224	0.36247	0.27529
397 T	0.34544	0.38599	0.26857
398 T	0.31156	0.42564	0.26279
399 A	0.22582	0.52100	0.25317
400 A	0.17841	0.57454	0.24705
401 A	0.12876	0.62160	0.24964
402 A	0.13041	0.61451	0.25508
403 T	0.15941	0.57479	0.2658
404 T	0.16643	0.56824	0.26533
405 A	0.15820	0.60027	0.24154
406 G	0.15943	0.61566	0.2249
407 A	0.15898	0.65086	0.19016
408 T	0.15547	0.66513	0.17939
409 A	0.12895	0.72201	0.14904
410 A	0.11742	0.75072	0.13185
411 A	0.11643	0.76038	0.1232
412 G	0.11390	0.76901	0.11708
413 A	0.11509	0.77645	0.10845
414 A	0.12106	0.77797	0.10098
415 A	0.12998	0.77451	0.09551
416 A	0.14279	0.76551	0.0917
417 A	0.16034	0.74490	0.09476
418 T	0.17567	0.71214	0.11219
419 A	0.18065	0.69571	0.12365
420 T	0.18107	0.68682	0.13211
421 A	0.17314	0.68069	0.14617
422 A	0.16461	0.64103	0.19435
423 A	0.16127	0.61787	0.22086
424 G	0.16936	0.56171	0.26893
425 C	0.18414	0.56042	0.25545
426 T	0.20343	0.60443	0.19214
427 A	0.21595	0.67842	0.10563
428 A	0.24345	0.69192	0.06464
429 A	0.26917	0.67757	0.05326
430 T	0.30660	0.64660	0.04681
431 A	0.31821	0.62679	0.05499
432 T	0.34704	0.56843	0.08453
433 T	0.35916	0.54267	0.09818
434 T	0.36259	0.53603	0.10137
435 C	0.35930	0.53985	0.10085
436 A	0.35779	0.55907	0.08315
437 T	0.36121	0.56345	0.07535
438 A	0.35785	0.57788	0.06428
439 A	0.34934	0.59427	0.05639
440 A	0.35292	0.59712	0.04996
441 A	0.35462	0.60448	0.0409
442 A	0.35980	0.60096	0.03924
443 A	0.37485	0.57068	0.05446
444 A	0.39423	0.53727	0.0685
445 A	0.43680	0.47430	0.0889
446 T	0.51530	0.38105	0.10364
447 C	0.55692	0.32886	0.11422
448 T	0.60656	0.27428	0.11916
449 C	0.63648	0.24367	0.11984
450 T	0.68446	0.19838	0.11715
451 T	0.69771	0.19103	0.11126
452 A	0.69108	0.19973	0.10919
453 T	0.69069	0.20316	0.10616
454 A	0.65677	0.24228	0.10095
455 T	0.62446	0.27336	0.10218
456 C	0.50910	0.39443	0.09648
457 A	0.38031	0.55752	0.06217
458 A	0.25338	0.69882	0.0478
459 A	0.15789	0.81087	0.03125
460 A	0.09209	0.88314	0.02477
461 A	0.07695	0.89649	0.02656
462 C	0.06960	0.88904	0.04136
463 A	0.06063	0.89850	0.04086
464 A	0.06194	0.89711	0.04095
465 T	0.05894	0.90132	0.03974
466 A	0.05061	0.91652	0.03286
467 A	0.04254	0.92833	0.02913
468 A	0.03665	0.93751	0.02584
469 A	0.03177	0.94635	0.02187
470 T	0.02622	0.95431	0.01947
471 A	0.02019	0.96635	0.01347
472 A	0.01907	0.96745	0.01348
473 A	0.02002	0.96496	0.01501
474 A	0.02362	0.95541	0.02097
475 A	0.02616	0.93943	0.03442
476 A	0.03287	0.91972	0.04742
477 A	0.04194	0.86864	0.08942
478 A	0.04901	0.81750	0.1335
479 A	0.06038	0.69271	0.24691
480 A	0.09177	0.53975	0.36848
481 A	0.11146	0.38755	0.50098
482 T	0.13766	0.24187	0.62047
483 T	0.15072	0.15730	0.69197
484 T	0.15512	0.13506	0.70982
485 T	0.15618	0.13060	0.71322
486 T	0.15357	0.13603	0.7104
487 G	0.14647	0.16165	0.69189
488 A	0.12948	0.24017	0.63034
489 A	0.13092	0.31184	0.55724
490 G	0.13229	0.34682	0.52089
491 A	0.12741	0.45594	0.41665
492 A	0.11812	0.53427	0.34761
493 T	0.10154	0.61335	0.28511
494 T	0.09117	0.67660	0.23222
495 A	0.06727	0.80922	0.12351
496 A	0.05633	0.87433	0.06934
497 A	0.04614	0.92733	0.02652
498 A	0.03039	0.95036	0.01925
499 A	0.02273	0.95943	0.01783
500 T	0.01908	0.96426	0.01665
501 A	0.01454	0.96997	0.01549
502 C	0.01242	0.97258	0.015
503 C	0.01112	0.97499	0.01388
504 A	0.01044	0.97623	0.01333
505 A	0.01052	0.97645	0.01303
506 A	0.01411	0.97293	0.01296
507 A	0.02159	0.96545	0.01296
508 C	0.03419	0.95211	0.0137
509 A	0.05231	0.93136	0.01633
510 A	0.07977	0.89758	0.02265
511 A	0.14666	0.81344	0.0399
512 T	0.22654	0.72972	0.04374
513 A	0.26910	0.68529	0.04561
514 A	0.38224	0.56008	0.05768
515 A	0.46891	0.45348	0.07762
516 T	0.54607	0.34218	0.11175
517 A	0.57773	0.29849	0.12378
518 T	0.65715	0.20278	0.14007
519 A	0.68621	0.17444	0.13935
520 A	0.71462	0.14401	0.14137
521 G	0.71961	0.12635	0.15404
522 A	0.71787	0.12841	0.15372
523 T	0.71723	0.13774	0.14503
524 T	0.69888	0.17857	0.12256
525 T	0.65279	0.29622	0.05099
526 A	0.56775	0.39465	0.0376
527 A	0.53964	0.43132	0.02904
528 T	0.52861	0.44535	0.02604
529 T	0.51304	0.46105	0.02591
530 C	0.47678	0.49714	0.02607
531 T	0.44865	0.52543	0.02592
532 T	0.40342	0.57112	0.02546
533 C	0.35532	0.61950	0.02518
534 C	0.32071	0.65492	0.02437
535 G	0.29128	0.68591	0.02282
536 A	0.27585	0.70234	0.02182
537 A	0.26928	0.70951	0.02121
538 G	0.26533	0.71376	0.02091
539 A	0.26367	0.71530	0.02103
540 A	0.26450	0.70622	0.02928
541 G	0.26787	0.69175	0.04038
542 A	0.27687	0.67629	0.04684
543 A	0.28674	0.66013	0.05313
544 A	0.29541	0.64886	0.05573
545 A	0.30662	0.63074	0.06264
546 A	0.31977	0.60619	0.07404
547 A	0.34274	0.55997	0.09729
548 T	0.41424	0.42541	0.16036
549 T	0.42880	0.32642	0.24478
550 T	0.43664	0.28710	0.27625
551 T	0.43842	0.27387	0.2877
552 T	0.43760	0.26052	0.30188
553 A	0.43505	0.23116	0.33379
554 A	0.43310	0.19845	0.36845
555 T	0.43373	0.14962	0.41666
556 C	0.43343	0.11592	0.45066
557 T	0.43366	0.10522	0.46111
558 T	0.43158	0.11465	0.45377
559 T	0.42057	0.15704	0.42238
560 A	0.35211	0.24659	0.4013
561 C	0.31842	0.29924	0.38234
562 G	0.27826	0.43384	0.2879
563 A	0.25534	0.55502	0.18964
564 A	0.24418	0.60795	0.14788
565 G	0.23678	0.63760	0.12562
566 A	0.23530	0.65128	0.11342
567 A	0.24039	0.65261	0.107
568 T	0.24651	0.64933	0.10416
569 A	0.24849	0.65313	0.09838
570 T	0.25077	0.65753	0.0917
571 T	0.25120	0.66917	0.07963
572 T	0.24642	0.68458	0.06901
573 A	0.23546	0.69735	0.06719
574 A	0.22850	0.70501	0.06649
575 A	0.22324	0.70976	0.067
576 A	0.22073	0.71018	0.06908
577 C	0.21955	0.70897	0.07148
578 A	0.22152	0.70692	0.07156
579 A	0.23097	0.69677	0.07226
580 A	0.24299	0.68430	0.07271
581 A	0.27523	0.64911	0.07566
582 T	0.33219	0.58285	0.08496
583 A	0.36022	0.48917	0.1506
584 A	0.39050	0.42272	0.18678
585 T	0.48939	0.28039	0.23022
586 T	0.57187	0.17583	0.25229
587 T	0.59993	0.13769	0.26238
588 T	0.61165	0.11993	0.26842
589 C	0.61290	0.11578	0.27133
590 T	0.61436	0.11462	0.27102
591 A	0.61220	0.11781	0.27
592 G	0.60901	0.12355	0.26744
593 A	0.61268	0.12073	0.2666
594 T	0.62438	0.10935	0.26627
595 T	0.63236	0.09593	0.27172
596 T	0.63127	0.08734	0.28139
597 T	0.62440	0.09028	0.28532
598 G	0.61665	0.09733	0.28602
599 A	0.61532	0.09927	0.28541
600 T	0.61370	0.09922	0.28708
601 G	0.60932	0.10497	0.28571
602 A	0.60583	0.11940	0.27477
603 T	0.60338	0.12767	0.26895
604 T	0.59769	0.14340	0.25891
605 T	0.58430	0.15933	0.25637
606 A	0.57117	0.17393	0.2549
607 A	0.56905	0.17615	0.25481
608 T	0.56854	0.17557	0.2559
609 C	0.56792	0.17512	0.25696
610 A	0.56795	0.17998	0.25208
611 T	0.56981	0.18183	0.24837
612 T	0.56954	0.19348	0.23698
613 T	0.56350	0.20337	0.23314
614 A	0.55725	0.21251	0.23023
615 T	0.55600	0.20861	0.23539
616 A	0.54892	0.21944	0.23164
617 C	0.54794	0.21750	0.23456
618 T	0.54647	0.23346	0.22007
619 T	0.54499	0.26598	0.18903
620 A	0.54123	0.30378	0.15499
621 T	0.54132	0.31556	0.14311
622 A	0.54113	0.33769	0.12118
623 A	0.54189	0.34416	0.11395
624 A	0.54507	0.34128	0.11365
625 A	0.55622	0.32661	0.11717
626 T	0.56370	0.31460	0.12169
627 A	0.56926	0.31077	0.11997
628 T	0.57177	0.31040	0.11783
629 T	0.57168	0.31769	0.11063
630 A	0.56885	0.33592	0.09523
631 A	0.56815	0.34967	0.08218
632 A	0.56910	0.35549	0.07542
633 A	0.57344	0.35309	0.07347
634 A	0.58014	0.34619	0.07367
635 A	0.59385	0.33078	0.07537
636 T	0.60243	0.31463	0.08294
637 A	0.60756	0.30350	0.08894
638 A	0.61578	0.29047	0.09375
639 T	0.63280	0.26440	0.10279
640 A	0.64128	0.25092	0.1078
641 C	0.66189	0.22239	0.11573
642 T	0.70222	0.17864	0.11914
643 T	0.73355	0.14449	0.12196
644 C	0.74276	0.13415	0.12309
645 T	0.75802	0.12325	0.11873
646 T	0.76217	0.12083	0.117
647 T	0.76065	0.12524	0.1141
648 A	0.75699	0.13233	0.11068
649 A	0.75975	0.12945	0.1108
650 C	0.77093	0.11351	0.11555
651 T	0.79006	0.09326	0.11669
652 T	0.80531	0.07696	0.11772
653 C	0.81903	0.06196	0.11901
654 T	0.82917	0.05414	0.11669
655 T	0.83326	0.05720	0.10953
656 T	0.83441	0.06024	0.10535
657 T	0.83166	0.06416	0.10418
658 T	0.82654	0.07045	0.10302
659 A	0.79534	0.10269	0.10197
660 T	0.77753	0.12051	0.10196
661 C	0.74200	0.15639	0.10161
662 A	0.70970	0.19050	0.0998
663 A	0.68465	0.21714	0.09821
664 A	0.67271	0.23053	0.09676
665 A	0.66482	0.23929	0.0959
666 T	0.66377	0.24125	0.09498
667 A	0.66161	0.24448	0.09391
668 A	0.66468	0.24032	0.095
669 A	0.66659	0.23612	0.09729
670 T	0.67022	0.22583	0.10394
671 T	0.67242	0.21781	0.10977
672 C	0.67156	0.21638	0.11206
673 T	0.67142	0.21610	0.11248
674 C	0.67072	0.21656	0.11272
675 T	0.67097	0.21622	0.1128
676 C	0.67093	0.21618	0.11288
677 A	0.67291	0.21460	0.11249
678 T	0.67987	0.20768	0.11245
679 A	0.68309	0.20651	0.1104
680 T	0.68343	0.20133	0.11524
681 T	0.68099	0.19802	0.12099
682 T	0.67741	0.16397	0.15863
683 T	0.67320	0.15044	0.17637
684 A	0.66383	0.13886	0.19732
685 A	0.65402	0.14102	0.20496
686 T	0.65209	0.12943	0.21848
687 A	0.64459	0.13719	0.21822
688 G	0.63301	0.14747	0.21951
689 A	0.61701	0.16984	0.21316
690 T	0.60310	0.18672	0.21018
691 G	0.59096	0.20687	0.20217
692 A	0.58638	0.21823	0.1954
693 A	0.58525	0.21995	0.1948
694 T	0.58461	0.22033	0.19505
695 T	0.58245	0.22337	0.19418
696 T	0.57924	0.22869	0.19207
697 C	0.57153	0.24069	0.18777
698 A	0.55602	0.26740	0.17658
699 A	0.55124	0.27854	0.17022
700 G	0.54841	0.28651	0.16508
701 A	0.54751	0.28911	0.16339
702 T	0.54959	0.28731	0.1631
703 A	0.54916	0.28532	0.16552
704 T	0.54864	0.27941	0.17195
705 C	0.54643	0.27545	0.17812
706 G	0.54830	0.27229	0.17941
707 A	0.55590	0.26021	0.1839
708 T	0.57497	0.23353	0.1915
709 T	0.58436	0.22331	0.19233
710 T	0.59257	0.21251	0.19491
711 A	0.59177	0.20371	0.20452
712 A	0.59493	0.18367	0.22141
713 T	0.59814	0.16292	0.23894
714 T	0.60012	0.15112	0.24876
715 C	0.59808	0.14967	0.25225
716 A	0.59292	0.16288	0.2442
717 A	0.58797	0.16835	0.24367
718 T	0.58865	0.16669	0.24467
719 A	0.58378	0.17041	0.2458
720 T	0.58167	0.16871	0.24962
721 C	0.57638	0.16290	0.26073
722 A	0.56038	0.20173	0.23789
723 A	0.54584	0.24069	0.21347
724 A	0.53587	0.28602	0.17811
725 T	0.53042	0.30718	0.16239
726 A	0.51051	0.36074	0.12875
727 A	0.48340	0.41422	0.10238
728 T	0.47058	0.43327	0.09615
729 T	0.45252	0.45932	0.08816
730 A	0.42359	0.50509	0.07133
731 A	0.41188	0.52294	0.06518
732 A	0.40060	0.53815	0.06126
733 A	0.39861	0.53946	0.06194
734 T	0.39800	0.53400	0.06799
735 G	0.39443	0.53403	0.07154
736 A	0.39392	0.53334	0.07274
737 T	0.39516	0.52859	0.07624
738 A	0.39545	0.52467	0.07988
739 A	0.40031	0.51410	0.08559
740 G	0.40230	0.50429	0.09342
741 T	0.40504	0.49796	0.097
742 A	0.40684	0.49112	0.10204
743 A	0.41063	0.48039	0.10898
744 A	0.41824	0.46156	0.1202
745 A	0.44435	0.41659	0.13906
746 A	0.47435	0.36885	0.1568
747 T	0.51874	0.31100	0.17026
748 A	0.53695	0.28457	0.17848
749 A	0.57332	0.22572	0.20095
750 T	0.61131	0.15041	0.23828
751 T	0.62316	0.12075	0.25609
752 T	0.62996	0.09799	0.27205
753 T	0.63954	0.07171	0.28874
754 A	0.64264	0.07454	0.28282
755 T	0.64627	0.06054	0.2932
756 T	0.64748	0.05697	0.29554
757 T	0.64737	0.05517	0.29747
758 T	0.64610	0.05442	0.29948
759 C	0.64019	0.06085	0.29896
760 G	0.63657	0.07436	0.28907
761 C	0.62618	0.09416	0.27966
762 T	0.61701	0.13381	0.24918
763 G	0.60262	0.17640	0.22097
764 T	0.58758	0.24101	0.17141
765 A	0.55680	0.29611	0.14709
766 G	0.52775	0.34541	0.12684
767 G	0.51748	0.36922	0.1133
768 A	0.51145	0.37805	0.1105
769 G	0.50856	0.38138	0.11007
770 A	0.50811	0.38213	0.10976
771 T	0.51093	0.37938	0.10969
772 C	0.51054	0.37993	0.10953
773 C	0.51070	0.38010	0.10921
774 G	0.51128	0.37968	0.10904
775 A	0.51275	0.37844	0.10881
776 A	0.51754	0.37390	0.10856
777 T	0.52997	0.36170	0.10833
778 C	0.53079	0.36139	0.10782
779 A	0.53208	0.36309	0.10483
780 A	0.53318	0.36253	0.10428
781 A	0.53617	0.35891	0.10491
782 A	0.54089	0.34996	0.10916
783 T	0.55943	0.32858	0.11199
784 A	0.57540	0.30097	0.12363
785 T	0.61491	0.24866	0.13643
786 A	0.63928	0.21094	0.14978
787 T	0.68444	0.14971	0.16585
788 A	0.69741	0.11529	0.1873
789 T	0.71389	0.07394	0.21217
790 A	0.72029	0.06033	0.21937
791 G	0.72254	0.05127	0.2262
792 T	0.72315	0.04710	0.22976
793 T	0.72308	0.04592	0.231
794 T	0.72266	0.04801	0.22934
795 T	0.72051	0.05441	0.22508
796 A	0.71391	0.07497	0.21111
797 G	0.70978	0.08737	0.20285
798 A	0.70864	0.10607	0.18529
799 G	0.70540	0.11166	0.18294
800 G	0.70359	0.11779	0.17862
801 A	0.70319	0.12019	0.17663
802 T	0.70605	0.11844	0.17551
803 C	0.70579	0.12038	0.17383
804 A	0.70648	0.12175	0.17176
805 G	0.70792	0.12034	0.17174
806 A	0.70987	0.11837	0.17175
807 T	0.71408	0.11405	0.17187
808 T	0.71731	0.11072	0.17196
809 C	0.72039	0.10656	0.17304
810 T	0.72388	0.10311	0.17301
811 T	0.72564	0.10145	0.17291
812 T	0.72562	0.10131	0.17306
813 T	0.72454	0.10236	0.1731
814 T	0.71941	0.10787	0.17273
815 G	0.71139	0.11481	0.17381
816 C	0.70587	0.11888	0.17526
817 A	0.70306	0.12185	0.17509
818 A	0.70741	0.11630	0.17629
819 T	0.72186	0.09692	0.18122
820 G	0.72807	0.08870	0.18323
821 A	0.74256	0.07579	0.18165
822 A	0.74650	0.07177	0.18173
823 T	0.75230	0.06916	0.17853
824 T	0.75398	0.07029	0.17572
825 A	0.75291	0.07805	0.16904
826 T	0.75271	0.08342	0.16387
827 T	0.74973	0.09297	0.1573
828 T	0.74153	0.11375	0.14472
829 A	0.71341	0.15465	0.13194
830 T	0.70019	0.17228	0.12753
831 A	0.67611	0.20053	0.12336
832 G	0.66237	0.21618	0.12146
833 A	0.65725	0.22257	0.12018
834 A	0.65544	0.22405	0.12052
835 G	0.65474	0.22320	0.12206
836 A	0.65493	0.22041	0.12466
837 T	0.65600	0.21288	0.13112
838 T	0.65636	0.20423	0.13941
839 T	0.65588	0.19919	0.14493
840 C	0.65475	0.19641	0.14884
841 A	0.65368	0.19721	0.1491
842 A	0.65359	0.19695	0.14945
843 G	0.65426	0.19473	0.15101
844 G	0.65652	0.19221	0.15127
845 G	0.66132	0.18786	0.15082
846 T	0.66983	0.17970	0.15046
847 A	0.67536	0.17629	0.14834
848 A	0.68415	0.16554	0.15031
849 T	0.69429	0.15055	0.15515
850 G	0.70113	0.13862	0.16026
851 T	0.71418	0.11551	0.17031
852 T	0.72476	0.07659	0.19865
853 T	0.72795	0.06404	0.20801
854 T	0.72987	0.05063	0.21951
855 T	0.73085	0.04565	0.22351
856 T	0.73114	0.04817	0.22069
857 A	0.73020	0.05563	0.21417
858 T	0.72974	0.05834	0.21192
859 T	0.72880	0.06429	0.2069
860 T	0.72761	0.07152	0.20088
861 A	0.72467	0.07592	0.19941
862 G	0.72255	0.07831	0.19915
863 A	0.72078	0.08198	0.19724
864 T	0.71534	0.08938	0.19529
865 C	0.70407	0.10944	0.1865
866 A	0.68641	0.17010	0.1435
867 A	0.67462	0.20491	0.12047
868 A	0.66754	0.22251	0.10995
869 A	0.66571	0.22838	0.10591
870 T	0.66878	0.22553	0.10569
871 T	0.66962	0.22472	0.10566
872 A	0.66786	0.22659	0.10555
873 T	0.66985	0.22455	0.1056
874 C	0.66870	0.22559	0.10571
875 G	0.66899	0.22528	0.10573
876 T	0.67232	0.22209	0.10559
877 T	0.67100	0.22339	0.10561
878 C	0.65863	0.23582	0.10555
879 A	0.65168	0.24284	0.10548
880 T	0.65458	0.23876	0.10666
881 C	0.64891	0.24347	0.10762
882 T	0.64391	0.24827	0.10782
883 C	0.62515	0.26789	0.10696
884 A	0.60931	0.28455	0.10614
885 A	0.56753	0.32690	0.10557
886 A	0.55085	0.34341	0.10575
887 A	0.54285	0.34495	0.1122
888 G	0.55010	0.32763	0.12228
889 A	0.59162	0.26773	0.14066
890 T	0.61277	0.23243	0.15479
891 T	0.61596	0.22176	0.16228
892 T	0.60976	0.22548	0.16476
893 T	0.59968	0.23661	0.16371
894 A	0.56619	0.27595	0.15786
895 G	0.51292	0.33222	0.15486
896 A	0.48764	0.37088	0.14148
897 T	0.47443	0.38812	0.13745
898 A	0.45076	0.41294	0.1363
899 A	0.43395	0.42820	0.13785
900 A	0.40754	0.44861	0.14384
901 G	0.39613	0.44283	0.16105
902 C	0.39289	0.43220	0.17491
903 T	0.39187	0.43047	0.17765
904 A	0.38992	0.43086	0.17922
905 A	0.38900	0.42534	0.18566
906 T	0.38994	0.40561	0.20445
907 T	0.39053	0.39280	0.21667
908 T	0.39028	0.34988	0.25984
909 A	0.38804	0.33559	0.27637
910 T	0.38778	0.32467	0.28755
911 T	0.38621	0.32343	0.29035
912 A	0.37860	0.33218	0.28922
913 A	0.37472	0.33684	0.28843
914 T	0.37258	0.34131	0.2861
915 T	0.37115	0.35307	0.27577
916 A	0.36330	0.37982	0.25688
917 A	0.36289	0.38039	0.25671
918 A	0.36557	0.34845	0.28597
919 T	0.37772	0.33939	0.28289
920 A	0.36876	0.37244	0.25881
921 T	0.36962	0.37384	0.25654
922 A	0.36435	0.41263	0.22302
923 A	0.36353	0.40142	0.23505
924 T	0.36352	0.39733	0.23916
925 T	0.36264	0.40078	0.23658
926 A	0.35435	0.41326	0.23239
927 T	0.35105	0.41862	0.23033
928 G	0.33412	0.44056	0.22532
929 A	0.29983	0.48434	0.21582
930 T	0.27393	0.52501	0.20107
931 G	0.20035	0.63588	0.16376
932 A	0.18655	0.73063	0.08282
933 A	0.17742	0.75385	0.06874
934 A	0.16599	0.77123	0.06278
935 A	0.16269	0.77023	0.06708
936 A	0.16989	0.76028	0.06983
937 C	0.18421	0.74051	0.07528
938 A	0.20592	0.72090	0.07319
939 A	0.23343	0.68651	0.08006
940 A	0.26269	0.65197	0.08535
941 A	0.29191	0.62079	0.0873
942 T	0.33246	0.57769	0.08985
943 C	0.36799	0.52730	0.10471
944 A	0.38657	0.51092	0.10251
945 T	0.42663	0.46972	0.10365
946 T	0.43133	0.47593	0.09274
947 T	0.42544	0.48856	0.08599
948 T	0.39574	0.52904	0.07522
949 A	0.33677	0.59406	0.06917
950 A	0.31035	0.61483	0.07482
951 A	0.28157	0.62750	0.09093
952 A	0.28260	0.58870	0.1287
953 A	0.29476	0.54378	0.16145
954 C	0.32967	0.43496	0.23538
955 A	0.40245	0.35582	0.24173
956 A	0.41944	0.33237	0.24819
957 T	0.42973	0.31032	0.25995
958 C	0.43197	0.30207	0.26596
959 T	0.43052	0.30673	0.26275
960 C	0.42204	0.32499	0.25297
961 A	0.37301	0.42241	0.20458
962 A	0.34316	0.49491	0.16194
963 A	0.32327	0.59551	0.08122
964 A	0.31150	0.61918	0.06933
965 G	0.30501	0.63357	0.06142
966 T	0.30104	0.64806	0.0509
967 A	0.29119	0.66190	0.0469
968 A	0.29683	0.65702	0.04614
969 T	0.31105	0.63346	0.05549
970 A	0.31570	0.61743	0.06687
971 T	0.32370	0.57363	0.10268
972 T	0.32941	0.51656	0.15404
973 A	0.32439	0.50019	0.17542
974 C	0.31962	0.47762	0.20276
975 T	0.31387	0.48862	0.19752
976 A	0.30166	0.52362	0.17472
977 A	0.29560	0.54223	0.16217
978 C	0.29267	0.54753	0.1598
979 G	0.29077	0.55530	0.15394
980 G	0.29041	0.56431	0.14528
981 A	0.29278	0.57343	0.13379
982 G	0.30076	0.56670	0.13253
983 A	0.31967	0.55048	0.12985
984 A	0.37077	0.45301	0.17622
985 A	0.41760	0.37818	0.20423
986 T	0.50057	0.27513	0.22429
987 T	0.51299	0.25243	0.23457
988 A	0.51884	0.25090	0.23026
989 T	0.52891	0.23237	0.23872
990 T	0.53166	0.22138	0.24695
991 T	0.52390	0.23807	0.23804
992 A	0.48567	0.28725	0.22708
993 T	0.46775	0.32634	0.2059
994 A	0.40638	0.42192	0.17171
995 G	0.34659	0.48243	0.17098
996 A	0.30337	0.53052	0.16612
997 A	0.27375	0.56191	0.16434
998 A	0.27226	0.57955	0.14819
999 C	0.30116	0.54164	0.1572
1000 T	0.32296	0.52237	0.15467
1001 T	0.32647	0.51817	0.15536
1002 T	0.32045	0.52693	0.15263
1003 C	0.30291	0.55314	0.14394
1004 A	0.28238	0.60433	0.11329
1005 C	0.23006	0.66595	0.10399
1006 A	0.19010	0.71931	0.09059
1007 A	0.18025	0.73775	0.082
1008 T	0.18034	0.74408	0.07559
1009 G	0.15997	0.76805	0.07198
1010 A	0.14545	0.78529	0.06927
1011 T	0.14546	0.78547	0.06906
1012 A	0.13530	0.79676	0.06794
1013 A	0.13645	0.79381	0.06974
1014 A	0.14320	0.77311	0.0837
1015 A	0.15024	0.72761	0.12215
1016 A	0.16429	0.69474	0.14097
1017 A	0.18375	0.62268	0.19357
1018 G	0.18497	0.56770	0.24733
1019 A	0.18322	0.52972	0.28707
1020 A	0.17876	0.50388	0.31736
1021 G	0.19385	0.47486	0.33128
1022 C	0.19698	0.46643	0.33659
1023 A	0.20159	0.46991	0.3285
1024 G	0.20720	0.46667	0.32614
1025 A	0.21584	0.46089	0.32327
1026 A	0.23379	0.44922	0.31699
1027 T	0.27170	0.41916	0.30913
1028 T	0.27825	0.40470	0.31705
1029 T	0.27552	0.42801	0.29648
1030 A	0.26820	0.42543	0.30637
1031 T	0.26034	0.43068	0.30899
1032 T	0.24000	0.44222	0.31778
1033 G	0.19051	0.48523	0.32426
1034 C	0.17667	0.49649	0.32684
1035 T	0.17008	0.53038	0.29955
1036 A	0.15219	0.59545	0.25235
1037 A	0.13889	0.67143	0.18968
1038 A	0.12610	0.73870	0.1352
1039 A	0.11756	0.78770	0.09474
1040 A	0.10999	0.79236	0.09765
1041 A	0.10777	0.78933	0.10289
1042 A	0.11040	0.77657	0.11303
1043 T	0.11471	0.75902	0.12626
1044 C	0.11603	0.75272	0.13126
1045 A	0.11747	0.76735	0.11518
1046 A	0.12550	0.78603	0.08847
1047 A	0.13148	0.79383	0.07469
1048 A	0.14151	0.79275	0.06574
1049 A	0.16479	0.77425	0.06097
1050 A	0.19450	0.74046	0.06504
1051 T	0.25412	0.66948	0.0764
1052 T	0.31531	0.59726	0.08743
1053 A	0.32138	0.57941	0.09922
1054 G	0.32890	0.55302	0.11809
1055 T	0.34256	0.51361	0.14383
1056 T	0.34097	0.46997	0.18906
1057 C	0.30976	0.49365	0.19659
1058 A	0.30913	0.51610	0.17477
1059 A	0.33773	0.51132	0.15095
1060 A	0.37836	0.47249	0.14915
1061 A	0.41828	0.42439	0.15733
1062 T	0.44811	0.38816	0.16373
1063 T	0.43150	0.39593	0.17257
1064 C	0.36667	0.46522	0.1681
1065 A	0.33634	0.54366	0.12001
1066 A	0.32373	0.58699	0.08928
1067 A	0.31959	0.59895	0.08146
1068 A	0.33215	0.59470	0.07314
1069 T	0.36141	0.56727	0.07131
1070 A	0.37128	0.55669	0.07203
1071 T	0.37237	0.55300	0.07463
1072 A	0.35821	0.56649	0.0753
1073 A	0.34803	0.57485	0.07712
1074 T	0.34431	0.57541	0.08029
1075 T	0.33702	0.57935	0.08363
1076 A	0.32801	0.58400	0.08798
1077 T	0.32158	0.58357	0.09484
1078 A	0.30563	0.59588	0.09849
1079 A	0.29400	0.60137	0.10462
1080 A	0.28783	0.58190	0.13027
1081 G	0.29119	0.55402	0.15479
1082 A	0.30440	0.53570	0.1599
1083 T	0.30878	0.52359	0.16762
1084 A	0.29696	0.52666	0.17638
1085 T	0.30022	0.50449	0.19529
1086 A	0.29485	0.48862	0.21653
1087 G	0.29792	0.41971	0.28236
1088 C	0.33607	0.35435	0.30957
1089 T	0.36448	0.32331	0.31221
1090 A	0.36981	0.32003	0.31016
1091 T	0.37888	0.31015	0.31096
1092 T	0.37957	0.30936	0.31107
1093 T	0.37571	0.31389	0.3104
1094 T	0.36762	0.31011	0.32226
1095 A	0.35823	0.30365	0.33811
1096 T	0.35386	0.29255	0.35359
1097 A	0.34104	0.29955	0.35942
1098 C	0.33367	0.29666	0.36967
1099 A	0.28981	0.35307	0.35711
1100 G	0.25807	0.39534	0.34659
1101 A	0.24169	0.44703	0.31129
1102 A	0.23830	0.45765	0.30404
1103 T	0.24233	0.45711	0.30057
1104 A	0.24087	0.46045	0.29868
1105 A	0.24286	0.46080	0.29634
1106 A	0.24502	0.46428	0.2907
1107 T	0.24593	0.46796	0.28612
1108 A	0.24159	0.51561	0.24279
1109 A	0.24344	0.55524	0.20132
1110 A	0.24795	0.60273	0.14932
1111 T	0.25260	0.64418	0.10321
1112 T	0.25735	0.64274	0.09992
1113 A	0.25898	0.64519	0.09583
1114 T	0.25805	0.64361	0.09834
1115 G	0.24935	0.65209	0.09856
1116 C	0.24084	0.66034	0.09882
1117 A	0.23546	0.67575	0.08879
1118 A	0.23354	0.68150	0.08496
1119 A	0.23242	0.68910	0.07848
1120 G	0.23589	0.68040	0.08371
1121 A	0.23992	0.67377	0.08631
1122 G	0.25565	0.61012	0.13423
1123 A	0.27133	0.56857	0.1601
1124 T	0.31060	0.52010	0.16929
1125 A	0.32348	0.52647	0.15005
1126 G	0.33476	0.56209	0.10315
1127 A	0.35407	0.55148	0.09445
1128 A	0.37099	0.54245	0.08656
1129 A	0.38923	0.52503	0.08574
1130 A	0.41816	0.49421	0.08762
1131 C	0.47186	0.43800	0.09014
1132 A	0.52049	0.39779	0.08172
1133 A	0.58470	0.33618	0.07912
1134 T	0.65057	0.27006	0.07936
1135 T	0.66545	0.25685	0.0777
1136 T	0.67249	0.25384	0.07367
1137 A	0.67309	0.25753	0.06937
1138 A	0.67750	0.24949	0.07301
1139 T	0.68470	0.23756	0.07775
1140 T	0.69391	0.22736	0.07872
1141 A	0.69522	0.23007	0.07471
1142 T	0.70096	0.22521	0.07383
1143 T	0.69408	0.23261	0.07331
1144 C	0.65832	0.27040	0.07128
1145 A	0.63075	0.29996	0.06929
1146 A	0.60345	0.32956	0.06699
1147 C	0.59788	0.33965	0.06247
1148 A	0.61447	0.33202	0.0535
1149 C	0.65918	0.28811	0.0527
1150 A	0.67035	0.27728	0.05236
1151 T	0.68517	0.26239	0.05244
1152 T	0.68936	0.25848	0.05216
1153 C	0.68979	0.25793	0.05228
1154 C	0.69232	0.25594	0.05174
1155 T	0.69922	0.24994	0.05083
1156 T	0.70199	0.24834	0.04966
1157 A	0.70244	0.24875	0.04882
1158 T	0.70536	0.24611	0.04853
1159 G	0.70810	0.24306	0.04884
1160 T	0.71470	0.23377	0.05154
1161 A	0.71815	0.22888	0.05297
1162 A	0.72461	0.21980	0.05558
1163 T	0.72918	0.21104	0.05977
1164 T	0.73579	0.19773	0.06648
1165 A	0.73715	0.19215	0.0707
1166 A	0.73852	0.18112	0.08036
1167 A	0.74105	0.14671	0.11224
1168 A	0.74355	0.11785	0.1386
1169 A	0.74636	0.08003	0.17362
1170 T	0.75296	0.05573	0.19132
1171 T	0.75982	0.04252	0.19766
1172 C	0.75872	0.04091	0.20038
1173 T	0.75834	0.04711	0.19454
1174 A	0.75591	0.05115	0.19294
1175 T	0.75502	0.05326	0.19173
1176 T	0.75223	0.06373	0.18404
1177 T	0.74863	0.07469	0.17668
1178 C	0.74321	0.07793	0.17887
1179 T	0.73789	0.08892	0.17319
1180 T	0.72062	0.11551	0.16387
1181 T	0.69267	0.16291	0.14442
1182 C	0.66246	0.19973	0.13781
1183 T	0.61854	0.27812	0.10334
1184 A	0.54844	0.36642	0.08513
1185 T	0.50240	0.41924	0.07836
1186 C	0.44447	0.48807	0.06746
1187 A	0.41222	0.53919	0.04859
1188 A	0.39421	0.56372	0.04207
1189 A	0.38294	0.57805	0.03901
1190 A	0.37437	0.58841	0.03722
1191 A	0.37128	0.59272	0.03599
1192 A	0.37111	0.59398	0.03491
1193 A	0.37148	0.59353	0.03499
1194 A	0.37273	0.59093	0.03634
1195 G	0.37467	0.58687	0.03846
1196 A	0.38075	0.57971	0.03954
1197 A	0.38396	0.57389	0.04216
1198 A	0.38781	0.56711	0.04508
1199 T	0.39883	0.55048	0.0507
1200 T	0.40650	0.53672	0.05678
1201 A	0.40950	0.52830	0.0622
1202 A	0.41602	0.51331	0.07067
1203 A	0.42727	0.48275	0.08998
1204 G	0.44485	0.42687	0.12829
1205 A	0.45626	0.38799	0.15575
1206 T	0.49882	0.29464	0.20654
1207 T	0.52153	0.20912	0.26935
1208 T	0.52889	0.16087	0.31024
1209 T	0.53817	0.12265	0.33917
1210 T	0.54747	0.09713	0.35541
1211 T	0.54931	0.08751	0.36318
1212 A	0.54892	0.08327	0.36781
1213 G	0.54946	0.07644	0.3741
1214 C	0.54955	0.07514	0.3753
1215 T	0.55154	0.07394	0.37453
1216 T	0.55197	0.07497	0.37306
1217 A	0.55102	0.07734	0.37164
1218 T	0.55007	0.08064	0.36929
1219 C	0.54773	0.08884	0.36342
1220 T	0.54387	0.11510	0.34103
1221 A	0.50738	0.19323	0.29939
1222 A	0.48513	0.25940	0.25547
1223 A	0.46733	0.29985	0.23282
1224 A	0.45647	0.31425	0.22928
1225 G	0.45012	0.32334	0.22654
1226 T	0.45190	0.32331	0.2248
1227 A	0.45229	0.32287	0.22484
1228 C	0.45805	0.31683	0.22512
1229 T	0.46535	0.30970	0.22494
1230 T	0.47052	0.30474	0.22473
1231 C	0.47362	0.30192	0.22446
1232 T	0.48149	0.29494	0.22357
1233 A	0.48236	0.29413	0.2235
1234 T	0.48507	0.29067	0.22425
1235 T	0.48693	0.28782	0.22525
1236 T	0.48702	0.28715	0.22583
1237 C	0.48409	0.28786	0.22805
1238 C	0.48146	0.29010	0.22843
1239 T	0.48153	0.29302	0.22545
1240 A	0.48040	0.30159	0.21801
1241 A	0.48284	0.30935	0.20781
1242 A	0.49029	0.31803	0.19168
1243 A	0.51147	0.29896	0.18957
1244 A	0.54902	0.22567	0.22532
1245 T	0.59368	0.15864	0.24768
1246 G	0.61301	0.12169	0.2653
1247 A	0.61846	0.10791	0.27363
1248 T	0.62425	0.09691	0.27884
1249 T	0.62673	0.10051	0.27276
1250 T	0.62718	0.10485	0.26797
1251 T	0.62720	0.11665	0.25614
1252 G	0.62728	0.13672	0.236
1253 A	0.62748	0.16307	0.20945
1254 T	0.62796	0.18007	0.19197
1255 T	0.62862	0.21806	0.15331
1256 T	0.62865	0.24368	0.12767
1257 T	0.62849	0.24836	0.12315
1258 A	0.62822	0.26018	0.11161
1259 A	0.62803	0.26696	0.10501
1260 A	0.62803	0.26720	0.10477
1261 C	0.62875	0.26902	0.10224
1262 G	0.63177	0.27775	0.09048
1263 A	0.63900	0.28961	0.07138
1264 A	0.65075	0.28934	0.05991
1265 T	0.66997	0.27633	0.05369
1266 T	0.67575	0.27769	0.04656
1267 A	0.67767	0.28017	0.04216
1268 T	0.67920	0.28163	0.03916
1269 T	0.67923	0.28595	0.03482
1270 A	0.67787	0.28873	0.03341
1271 A	0.67949	0.28797	0.03254
1272 T	0.69222	0.27535	0.03243
1273 A	0.69390	0.27358	0.03252
1274 C	0.70333	0.26386	0.03281
1275 T	0.71710	0.25005	0.03286
1276 C	0.72877	0.23831	0.03293
1277 C	0.73062	0.23648	0.0329
1278 T	0.75813	0.20899	0.03288
1279 C	0.76077	0.20639	0.03283
1280 C	0.75248	0.21467	0.03284
1281 A	0.73279	0.23437	0.03284
1282 C	0.71956	0.24754	0.0329
1283 G	0.70314	0.26391	0.03295
1284 C	0.60548	0.36158	0.03294
1285 C	0.50814	0.45918	0.03267
1286 A	0.47775	0.49009	0.03216
1287 A	0.43071	0.53779	0.0315
1288 A	0.37702	0.59230	0.03068
1289 T	0.32922	0.64041	0.03036
1290 A	0.20944	0.75992	0.03065
1291 G	0.15340	0.81355	0.03304
1292 G	0.12029	0.84463	0.03508
1293 A	0.10260	0.86052	0.03687
1294 A	0.09262	0.86834	0.03904
1295 A	0.08623	0.87217	0.04159
1296 A	0.08225	0.86926	0.04849
1297 A	0.08008	0.86255	0.05737
1298 C	0.07762	0.85162	0.07076
1299 A	0.07429	0.84971	0.07601
1300 A	0.07300	0.84072	0.08629
1301 C	0.07200	0.83133	0.09668
1302 T	0.07140	0.82459	0.10401
1303 A	0.06994	0.82243	0.10763
1304 T	0.06935	0.79944	0.13122
1305 A	0.06787	0.78849	0.14364
1306 A	0.06673	0.77706	0.15621
1307 A	0.06626	0.65231	0.28142
1308 T	0.06602	0.51736	0.41663
1309 A	0.06511	0.47342	0.46148
1310 A	0.06467	0.42531	0.51002
1311 A	0.06467	0.36874	0.56659
1312 T	0.06469	0.30618	0.62912
1313 T	0.06377	0.21894	0.71728
1314 A	0.06059	0.25024	0.68917
1315 G	0.05790	0.29837	0.64373
1316 A	0.05529	0.52938	0.41533
1317 A	0.05147	0.78151	0.16702
1318 A	0.05056	0.86252	0.08693
1319 A	0.05077	0.89387	0.05536
1320 A	0.05071	0.91010	0.03919
1321 A	0.05100	0.90936	0.03964
1322 T	0.05227	0.90503	0.0427
1323 A	0.05289	0.90278	0.04433
1324 G	0.05377	0.90013	0.0461
1325 C	0.05571	0.89756	0.04673
1326 T	0.05762	0.89579	0.04659
1327 A	0.05826	0.89602	0.04572
1328 A	0.06055	0.89365	0.0458
1329 T	0.06288	0.89186	0.04527
