# lcl|CP097583.1_cds_USQ93263.1_1
# AA	inside	membr	outside
1 A	0.52321	0.00000	0.47679
2 T	0.52302	0.00019	0.47679
3 G	0.52288	0.00033	0.47679
4 T	0.52288	0.00250	0.47463
5 T	0.51525	0.01712	0.46764
6 T	0.51524	0.01956	0.4652
7 C	0.29229	0.24507	0.46265
8 G	0.29228	0.24541	0.46232
9 A	0.27165	0.27039	0.45796
10 A	0.27161	0.32938	0.39901
11 A	0.26866	0.33444	0.3969
12 T	0.23093	0.37310	0.39597
13 A	0.13336	0.47485	0.39179
14 C	0.13335	0.47486	0.39179
15 A	0.13335	0.50952	0.35713
16 A	0.13250	0.51037	0.35713
17 A	0.13192	0.51111	0.35697
18 T	0.13191	0.51126	0.35683
19 T	0.13116	0.51220	0.35665
20 A	0.12711	0.51894	0.35395
21 T	0.12304	0.52300	0.35396
22 T	0.12260	0.52352	0.35387
23 A	0.12194	0.52415	0.35392
24 T	0.12163	0.52428	0.35409
25 A	0.12103	0.52254	0.35643
26 A	0.12047	0.52089	0.35864
27 A	0.12186	0.50850	0.36965
28 A	0.12817	0.49151	0.38032
29 A	0.13117	0.47861	0.39022
30 A	0.13903	0.28607	0.5749
31 T	0.14351	0.27238	0.58411
32 A	0.14877	0.24476	0.60647
33 T	0.20011	0.18502	0.61486
34 A	0.20346	0.18288	0.61366
35 T	0.21391	0.13806	0.64803
36 T	0.21848	0.06743	0.71408
37 T	0.22046	0.06600	0.71354
38 A	0.23761	0.05046	0.71193
39 T	0.23849	0.05713	0.70438
40 T	0.23916	0.05785	0.70299
41 A	0.23929	0.05863	0.70209
42 T	0.23968	0.05856	0.70175
43 T	0.24147	0.05393	0.7046
44 T	0.24139	0.05671	0.7019
45 T	0.24114	0.06180	0.69705
46 T	0.24099	0.06382	0.69518
47 T	0.24061	0.06582	0.69357
48 A	0.23969	0.07030	0.69001
49 A	0.23869	0.08562	0.6757
50 G	0.23834	0.09031	0.67135
51 A	0.23834	0.09116	0.6705
52 A	0.23877	0.09128	0.66995
53 G	0.24068	0.08932	0.67
54 T	0.24487	0.08525	0.66988
55 G	0.24625	0.08409	0.66966
56 T	0.25301	0.07741	0.66959
57 C	0.25886	0.07166	0.66948
58 G	0.26142	0.06943	0.66915
59 T	0.26774	0.06358	0.66868
60 T	0.27184	0.06021	0.66796
61 T	0.27442	0.05931	0.66627
62 T	0.27999	0.05541	0.6646
63 T	0.28162	0.05829	0.66009
64 G	0.28261	0.06058	0.65681
65 T	0.28492	0.06075	0.65434
66 T	0.28592	0.06172	0.65236
67 A	0.28956	0.05978	0.65065
68 T	0.29489	0.05539	0.64971
69 T	0.29777	0.05318	0.64904
70 A	0.29922	0.05263	0.64815
71 A	0.30309	0.04862	0.64829
72 T	0.31707	0.03433	0.6486
73 T	0.32081	0.03086	0.64832
74 T	0.32161	0.03036	0.64802
75 A	0.32204	0.03020	0.64776
76 A	0.32223	0.03022	0.64755
77 T	0.32258	0.02993	0.6475
78 T	0.32297	0.02959	0.64745
79 T	0.32318	0.02945	0.64738
80 T	0.32338	0.02938	0.64725
81 A	0.32355	0.02931	0.64715
82 A	0.32405	0.02885	0.64711
83 A	0.32498	0.02789	0.64713
84 T	0.32753	0.02526	0.6472
85 A	0.32963	0.02310	0.64727
86 T	0.33585	0.01666	0.64749
87 T	0.33978	0.01243	0.64779
88 T	0.34229	0.00980	0.64791
89 T	0.34329	0.00887	0.64783
90 T	0.34425	0.00762	0.64812
91 T	0.34477	0.00697	0.64826
92 G	0.34521	0.00635	0.64844
93 T	0.34619	0.00521	0.6486
94 C	0.34676	0.00462	0.64861
95 T	0.34753	0.00400	0.64848
96 T	0.34814	0.00352	0.64834
97 T	0.34845	0.00344	0.64812
98 G	0.34851	0.00358	0.6479
99 T	0.34870	0.00386	0.64744
100 T	0.34869	0.00498	0.64633
101 T	0.34856	0.00729	0.64415
102 A	0.34799	0.01076	0.64125
103 T	0.34770	0.01128	0.64103
104 T	0.34743	0.01185	0.64073
105 T	0.34678	0.01285	0.64037
106 G	0.34577	0.01394	0.64029
107 C	0.34538	0.01440	0.64022
108 A	0.34526	0.01465	0.6401
109 G	0.34509	0.01483	0.64009
110 C	0.34513	0.01479	0.64008
111 A	0.34529	0.01465	0.64006
112 T	0.34560	0.01435	0.64005
113 C	0.34566	0.01430	0.64004
114 T	0.34577	0.01424	0.63999
115 A	0.34583	0.01426	0.63991
116 T	0.34601	0.01409	0.6399
117 T	0.34612	0.01402	0.63986
118 T	0.34626	0.01413	0.63961
119 G	0.34631	0.01446	0.63923
120 T	0.34631	0.01517	0.63852
121 A	0.34517	0.01709	0.63774
122 A	0.34498	0.01726	0.63776
123 A	0.34592	0.01622	0.63786
124 A	0.34808	0.01372	0.6382
125 T	0.35084	0.00987	0.63928
126 C	0.35119	0.00861	0.64019
127 T	0.35158	0.00807	0.64034
128 A	0.35182	0.00769	0.64049
129 T	0.35190	0.00731	0.64079
130 T	0.35185	0.00734	0.64081
131 T	0.35127	0.00816	0.64056
132 T	0.34962	0.00969	0.64069
133 G	0.34634	0.01295	0.64071
134 G	0.34323	0.01602	0.64074
135 T	0.34091	0.01836	0.64073
136 C	0.33646	0.02281	0.64073
137 C	0.33212	0.02723	0.64065
138 C	0.32973	0.02985	0.64042
139 G	0.32803	0.03203	0.63994
140 A	0.32747	0.03302	0.63951
141 A	0.32721	0.03354	0.63925
142 A	0.32720	0.03356	0.63923
143 T	0.32795	0.03257	0.63949
144 T	0.32820	0.03094	0.64086
145 G	0.32732	0.03114	0.64154
146 C	0.32709	0.03112	0.6418
147 T	0.32682	0.03137	0.6418
148 C	0.32529	0.03294	0.64177
149 G	0.32348	0.03488	0.64164
150 T	0.32246	0.03601	0.64152
151 G	0.32055	0.03815	0.64131
152 A	0.31843	0.04088	0.64069
153 A	0.31728	0.04243	0.6403
154 A	0.31707	0.04188	0.64105
155 A	0.31702	0.03987	0.64311
156 A	0.31704	0.03631	0.64664
157 G	0.31712	0.03243	0.65044
158 T	0.31741	0.02949	0.65311
159 T	0.31762	0.02535	0.65702
160 T	0.31766	0.02217	0.66017
161 T	0.31761	0.02046	0.66193
162 G	0.31732	0.01950	0.66319
163 A	0.31709	0.01929	0.66362
164 A	0.31708	0.01872	0.66421
165 C	0.31710	0.01792	0.66498
166 A	0.31716	0.01783	0.66502
167 T	0.31728	0.01715	0.66556
168 T	0.31732	0.01646	0.66622
169 T	0.31731	0.01623	0.66647
170 T	0.31704	0.01631	0.66665
171 T	0.31680	0.01483	0.66837
172 G	0.31667	0.01325	0.67009
173 G	0.31652	0.01309	0.67039
174 A	0.31658	0.01293	0.67048
175 T	0.31719	0.01166	0.67114
176 T	0.31753	0.01134	0.67113
177 T	0.31716	0.01269	0.67015
178 G	0.31620	0.01735	0.66644
179 A	0.31581	0.02293	0.66126
180 T	0.31580	0.02636	0.65783
181 T	0.31571	0.03393	0.65036
182 A	0.31559	0.03745	0.64696
183 T	0.31578	0.03760	0.64663
184 T	0.31552	0.03807	0.6464
185 A	0.31513	0.03863	0.64624
186 T	0.31496	0.03870	0.64633
187 C	0.31463	0.03924	0.64612
188 T	0.31448	0.04047	0.64506
189 A	0.31412	0.04210	0.64378
190 G	0.31402	0.04233	0.64365
191 T	0.31406	0.04229	0.64365
192 T	0.31390	0.04249	0.64361
193 G	0.31344	0.04270	0.64386
194 C	0.31334	0.04269	0.64396
195 A	0.31294	0.04345	0.64361
196 A	0.31308	0.04329	0.64363
197 G	0.31385	0.04249	0.64366
198 T	0.31326	0.04331	0.64342
199 G	0.30812	0.04893	0.64295
200 G	0.30474	0.05264	0.64262
201 A	0.30136	0.05729	0.64134
202 A	0.30492	0.05570	0.63937
203 G	0.30658	0.05590	0.63753
204 T	0.31269	0.05245	0.63486
205 A	0.30948	0.06215	0.62837
206 T	0.30590	0.06807	0.62603
207 G	0.27562	0.09903	0.62535
208 G	0.23860	0.13608	0.62533
209 A	0.22579	0.14892	0.62529
210 A	0.20037	0.17432	0.62531
211 C	0.18433	0.19008	0.6256
212 C	0.16932	0.20490	0.62578
213 T	0.15711	0.21727	0.62561
214 A	0.13916	0.23543	0.62542
215 C	0.12816	0.24648	0.62535
216 A	0.11918	0.25592	0.6249
217 A	0.11534	0.25986	0.6248
218 T	0.11157	0.26310	0.62533
219 A	0.10387	0.27071	0.62542
220 A	0.09978	0.27443	0.62579
221 A	0.09742	0.27430	0.62827
222 A	0.09559	0.27071	0.63371
223 A	0.09440	0.26713	0.63847
224 C	0.09615	0.25790	0.64595
225 A	0.09840	0.25395	0.64766
226 G	0.10042	0.24994	0.64964
227 A	0.10312	0.24618	0.6507
228 T	0.10883	0.23605	0.65512
229 G	0.10996	0.23156	0.65848
230 A	0.11058	0.19862	0.6908
231 T	0.11088	0.15934	0.72977
232 A	0.11098	0.14458	0.74444
233 T	0.11145	0.11347	0.77507
234 T	0.11152	0.09190	0.79659
235 G	0.11145	0.07368	0.81488
236 T	0.11155	0.06249	0.82596
237 T	0.11104	0.05215	0.83681
238 G	0.10978	0.04699	0.84324
239 T	0.10949	0.04309	0.84742
240 A	0.10874	0.04569	0.84556
241 G	0.10837	0.04594	0.8457
242 T	0.10829	0.04742	0.84428
243 T	0.10742	0.05526	0.83732
244 A	0.10488	0.09056	0.80456
245 A	0.09802	0.14151	0.76047
246 G	0.09406	0.16628	0.73966
247 A	0.09128	0.20942	0.69929
248 A	0.08917	0.24279	0.66803
249 A	0.08820	0.26888	0.64291
250 A	0.08791	0.27545	0.63665
251 T	0.08824	0.27916	0.63259
252 T	0.08762	0.28322	0.62916
253 T	0.08618	0.28718	0.62664
254 C	0.08431	0.29081	0.62489
255 A	0.08225	0.29845	0.61931
256 G	0.08044	0.30346	0.61609
257 A	0.07377	0.31316	0.61306
258 T	0.07120	0.31604	0.61277
259 G	0.06845	0.31933	0.61222
260 A	0.06612	0.32197	0.61192
261 G	0.06581	0.32176	0.61243
262 C	0.06739	0.32057	0.61204
263 A	0.07040	0.31932	0.61028
264 A	0.07433	0.31700	0.60867
265 A	0.08025	0.31291	0.60684
266 A	0.08891	0.30426	0.60683
267 A	0.12018	0.27155	0.60827
268 G	0.16371	0.22110	0.61519
269 A	0.18400	0.19816	0.61785
270 A	0.21760	0.16214	0.62026
271 A	0.24691	0.13080	0.62229
272 A	0.26924	0.10685	0.62392
273 A	0.28005	0.09423	0.62572
274 C	0.28880	0.08360	0.6276
275 T	0.29626	0.07704	0.62671
276 T	0.29041	0.08542	0.62417
277 A	0.27746	0.10010	0.62243
278 A	0.26588	0.11091	0.6232
279 A	0.20790	0.16780	0.6243
280 G	0.16911	0.19864	0.63226
281 C	0.14843	0.21549	0.63609
282 A	0.11935	0.24682	0.63382
283 G	0.10200	0.26503	0.63297
284 G	0.09231	0.27627	0.63143
285 T	0.09018	0.28133	0.6285
286 G	0.08392	0.28993	0.62616
287 A	0.08121	0.29424	0.62454
288 T	0.08055	0.29582	0.62363
289 A	0.07694	0.29935	0.6237
290 A	0.07459	0.30041	0.62499
291 A	0.07371	0.29953	0.62676
292 A	0.07376	0.29637	0.62986
293 C	0.07374	0.29285	0.6334
294 A	0.07393	0.29169	0.63438
295 A	0.07446	0.28982	0.63573
296 C	0.07554	0.28656	0.6379
297 A	0.07629	0.28463	0.63909
298 G	0.07793	0.28189	0.64018
299 G	0.08128	0.26856	0.65016
300 T	0.08420	0.25389	0.6619
301 G	0.08483	0.24259	0.67257
302 A	0.08604	0.17556	0.7384
303 T	0.08806	0.13199	0.77995
304 A	0.08984	0.10909	0.80107
305 T	0.09568	0.07624	0.82808
306 T	0.09936	0.05541	0.84522
307 G	0.10127	0.04157	0.85717
308 T	0.10406	0.03512	0.86082
309 T	0.10579	0.02867	0.86554
310 G	0.10703	0.02608	0.8669
311 T	0.10822	0.02458	0.86719
312 T	0.10850	0.02404	0.86745
313 T	0.10800	0.02788	0.86413
314 T	0.10568	0.04735	0.84697
315 T	0.10241	0.07477	0.82282
316 A	0.09395	0.16709	0.73896
317 A	0.08978	0.20785	0.70236
318 A	0.08567	0.23840	0.67593
319 A	0.08299	0.25673	0.66027
320 A	0.08132	0.26753	0.65115
321 T	0.08089	0.27322	0.64588
322 A	0.08039	0.28211	0.6375
323 A	0.08038	0.28489	0.63473
324 A	0.08084	0.28485	0.63431
325 G	0.08191	0.28379	0.63429
326 A	0.08313	0.28258	0.63429
327 T	0.08624	0.27933	0.63443
328 C	0.08743	0.27815	0.63442
329 T	0.08974	0.27596	0.6343
330 T	0.09109	0.27480	0.63411
331 T	0.09155	0.27482	0.63363
332 A	0.09153	0.27519	0.63327
333 T	0.09219	0.27480	0.633
334 A	0.09234	0.27543	0.63223
335 A	0.09310	0.27535	0.63155
336 A	0.09867	0.26968	0.63165
337 G	0.11876	0.24717	0.63407
338 A	0.14545	0.21825	0.6363
339 T	0.23144	0.12514	0.64341
340 A	0.26247	0.09088	0.64665
341 T	0.28894	0.06063	0.65044
342 A	0.29960	0.04752	0.65289
343 C	0.30774	0.03754	0.65471
344 C	0.31215	0.03290	0.65496
345 T	0.31966	0.02682	0.65352
346 A	0.32109	0.02885	0.65007
347 T	0.32187	0.02921	0.64891
348 T	0.32160	0.03024	0.64816
349 A	0.30737	0.04547	0.64716
350 T	0.30300	0.04979	0.64721
351 T	0.28803	0.06524	0.64673
352 C	0.27945	0.07459	0.64595
353 A	0.27465	0.08194	0.64341
354 T	0.27233	0.08454	0.64313
355 A	0.27057	0.08692	0.64251
356 G	0.27001	0.08747	0.64253
357 G	0.26992	0.08729	0.6428
358 G	0.27102	0.08490	0.64408
359 T	0.27208	0.08377	0.64415
360 T	0.27171	0.08506	0.64323
361 A	0.26990	0.08887	0.64123
362 T	0.26915	0.08966	0.6412
363 A	0.26206	0.09750	0.64044
364 A	0.26044	0.09941	0.64016
365 T	0.25991	0.09964	0.64045
366 C	0.25808	0.10164	0.64028
367 A	0.25670	0.10460	0.6387
368 A	0.25740	0.10423	0.63837
369 T	0.25727	0.10394	0.63878
370 G	0.25099	0.10986	0.63915
371 A	0.24734	0.11297	0.63969
372 T	0.24562	0.09472	0.65965
373 A	0.24398	0.09050	0.66552
374 C	0.24327	0.07603	0.6807
375 T	0.24426	0.07109	0.68465
376 T	0.24512	0.06729	0.68759
377 C	0.24261	0.06848	0.68891
378 A	0.23782	0.07481	0.68737
379 T	0.23489	0.07937	0.68575
380 C	0.20751	0.10946	0.68304
381 A	0.18208	0.16130	0.65662
382 A	0.16554	0.18183	0.65263
383 A	0.15540	0.19903	0.64558
384 A	0.14858	0.20789	0.64352
385 A	0.14380	0.21481	0.64138
386 C	0.14219	0.21013	0.64768
387 A	0.14004	0.21761	0.64235
388 A	0.13895	0.22781	0.63325
389 T	0.13928	0.23065	0.63006
390 T	0.13814	0.23487	0.62699
391 A	0.13567	0.23757	0.62676
392 A	0.13356	0.23623	0.63022
393 A	0.13276	0.22988	0.63737
394 A	0.13263	0.22483	0.64254
395 C	0.13280	0.22029	0.64691
396 A	0.13271	0.21897	0.64832
397 C	0.13270	0.21718	0.65012
398 A	0.13287	0.21983	0.6473
399 A	0.13272	0.22155	0.64574
400 G	0.13121	0.22539	0.6434
401 G	0.13208	0.22151	0.64641
402 A	0.13395	0.22140	0.64466
403 G	0.13864	0.18925	0.67211
404 A	0.16170	0.14716	0.69114
405 A	0.16656	0.13024	0.7032
406 A	0.17591	0.12738	0.69672
407 A	0.18253	0.12342	0.69404
408 T	0.18847	0.12204	0.68948
409 A	0.19063	0.11979	0.68958
410 A	0.19643	0.11105	0.69253
411 T	0.20483	0.10054	0.69463
412 T	0.20757	0.09636	0.69607
413 C	0.20801	0.09347	0.69852
414 A	0.20534	0.09499	0.69967
415 T	0.20055	0.09884	0.70061
416 C	0.19209	0.10745	0.70046
417 C	0.18661	0.11677	0.69662
418 G	0.18002	0.13530	0.68468
419 A	0.17790	0.14579	0.67631
420 A	0.17769	0.14735	0.67495
421 G	0.18050	0.14463	0.67488
422 A	0.18391	0.14103	0.67506
423 T	0.19015	0.13226	0.67759
424 C	0.19361	0.12696	0.67943
425 C	0.19886	0.12164	0.6795
426 T	0.20350	0.11779	0.67871
427 A	0.20680	0.11466	0.67855
428 A	0.21070	0.11081	0.67849
429 T	0.22608	0.09545	0.67847
430 A	0.23340	0.08798	0.67862
431 C	0.24145	0.07887	0.67967
432 T	0.24543	0.07577	0.6788
433 A	0.24611	0.07690	0.67699
434 A	0.24689	0.07762	0.67548
435 A	0.24758	0.07800	0.67441
436 T	0.24823	0.07839	0.67338
437 A	0.24890	0.07572	0.67537
438 T	0.25139	0.06782	0.68079
439 G	0.25264	0.06108	0.68628
440 A	0.25588	0.05486	0.68926
441 T	0.26591	0.04019	0.6939
442 G	0.27108	0.03398	0.69494
443 A	0.27211	0.03334	0.69455
444 C	0.27260	0.03306	0.69435
445 A	0.27310	0.03543	0.69147
446 T	0.27367	0.03659	0.68975
447 T	0.27392	0.04131	0.68477
448 T	0.27406	0.04253	0.68341
449 T	0.27411	0.04316	0.68272
450 A	0.27293	0.04481	0.68226
451 G	0.27264	0.04543	0.68194
452 C	0.27255	0.04577	0.68168
453 G	0.27250	0.04592	0.68158
454 A	0.27265	0.04594	0.6814
455 A	0.27403	0.04463	0.68135
456 A	0.27650	0.04190	0.68161
457 C	0.27871	0.03943	0.68185
458 A	0.28082	0.03706	0.68212
459 T	0.28396	0.03357	0.68247
460 A	0.28598	0.03131	0.68271
461 T	0.28827	0.02884	0.68289
462 G	0.28979	0.02721	0.68301
463 T	0.29178	0.02408	0.68414
464 T	0.29266	0.02289	0.68445
465 T	0.29382	0.02134	0.68484
466 A	0.29447	0.02078	0.68474
467 C	0.29564	0.01963	0.68473
468 T	0.29814	0.01760	0.68426
469 A	0.29971	0.01605	0.68423
470 T	0.30478	0.01087	0.68435
471 T	0.30633	0.00921	0.68446
472 T	0.30686	0.00861	0.68453
473 C	0.30701	0.00731	0.68568
474 T	0.30736	0.00696	0.68568
475 T	0.30743	0.00691	0.68566
476 A	0.30733	0.00712	0.68555
477 T	0.30741	0.00710	0.6855
478 T	0.30731	0.00728	0.68541
479 T	0.30711	0.00754	0.68536
480 T	0.30671	0.00800	0.68529
481 A	0.30624	0.00846	0.6853
482 A	0.30607	0.00865	0.68529
483 A	0.30613	0.00855	0.68531
484 A	0.30625	0.00839	0.68536
485 C	0.30657	0.00793	0.6855
486 A	0.30687	0.00762	0.68551
487 T	0.30747	0.00696	0.68557
488 T	0.30794	0.00641	0.68565
489 T	0.30820	0.00605	0.68575
490 T	0.30830	0.00591	0.68579
491 T	0.30852	0.00550	0.68598
492 A	0.30852	0.00535	0.68613
493 T	0.30860	0.00510	0.6863
494 G	0.30868	0.00485	0.68648
495 T	0.30888	0.00444	0.68668
496 T	0.30909	0.00393	0.68698
497 T	0.30938	0.00344	0.68719
498 T	0.30947	0.00308	0.68745
499 T	0.30953	0.00271	0.68776
500 T	0.30955	0.00242	0.68804
501 C	0.30956	0.00203	0.6884
502 T	0.30964	0.00180	0.68856
503 T	0.30970	0.00154	0.68877
504 G	0.30969	0.00133	0.68898
505 T	0.30968	0.00126	0.68905
506 T	0.30966	0.00129	0.68906
507 G	0.30928	0.00166	0.68906
508 A	0.30916	0.00185	0.68899
509 T	0.30915	0.00191	0.68893
510 T	0.30913	0.00206	0.68882
511 T	0.30910	0.00226	0.68863
512 T	0.30904	0.00249	0.68846
513 G	0.30895	0.00284	0.6882
514 T	0.30893	0.00310	0.68797
515 T	0.30869	0.00376	0.68756
516 G	0.30767	0.00509	0.68724
517 A	0.30735	0.00566	0.68699
518 T	0.30696	0.00608	0.68696
519 A	0.30655	0.00657	0.68689
520 T	0.30638	0.00671	0.68691
521 T	0.30613	0.00692	0.68695
522 C	0.30567	0.00735	0.68698
523 T	0.30516	0.00796	0.68688
524 C	0.29971	0.01361	0.68669
525 T	0.29328	0.02136	0.68537
526 A	0.27971	0.03741	0.68289
527 A	0.27098	0.04697	0.68205
528 T	0.26695	0.05105	0.682
529 A	0.26077	0.05720	0.68203
530 T	0.25729	0.06026	0.68245
531 G	0.25332	0.06407	0.68261
532 C	0.25239	0.06491	0.6827
533 C	0.25176	0.06551	0.68272
534 T	0.25175	0.06556	0.6827
535 T	0.25165	0.06567	0.68268
536 T	0.25120	0.06614	0.68266
537 G	0.25046	0.06687	0.68266
538 T	0.25027	0.06689	0.68284
539 T	0.24981	0.06636	0.68383
540 A	0.24892	0.06697	0.68411
541 C	0.24819	0.06724	0.68457
542 T	0.24719	0.06803	0.68478
543 T	0.24575	0.06951	0.68474
544 A	0.24216	0.07367	0.68417
545 A	0.24099	0.07477	0.68424
546 A	0.24064	0.07489	0.68446
547 A	0.24066	0.06854	0.6908
548 A	0.24178	0.05977	0.69846
549 T	0.24408	0.04137	0.71455
550 T	0.24450	0.03362	0.72188
551 T	0.24396	0.03260	0.72344
552 A	0.24263	0.03478	0.72259
553 T	0.24182	0.03854	0.71964
554 T	0.24055	0.04042	0.71903
555 T	0.23583	0.05038	0.71379
556 T	0.22220	0.07689	0.70091
557 T	0.20431	0.10712	0.68857
558 A	0.18281	0.14842	0.66876
559 A	0.16826	0.17201	0.65973
560 A	0.15996	0.18306	0.65698
561 T	0.15589	0.18873	0.65538
562 G	0.14780	0.19957	0.65264
563 A	0.13568	0.21487	0.64945
564 A	0.12464	0.22858	0.64678
565 A	0.11409	0.24218	0.64374
566 A	0.10415	0.25761	0.63824
567 T	0.09936	0.26289	0.63776
568 A	0.08434	0.28498	0.63068
569 A	0.08229	0.28799	0.62971
570 A	0.08128	0.28976	0.62897
571 A	0.08050	0.29124	0.62826
572 A	0.08076	0.29092	0.62832
573 A	0.08192	0.28942	0.62866
574 A	0.08483	0.28559	0.62958
575 A	0.09098	0.27745	0.63157
576 T	0.10070	0.26463	0.63468
577 A	0.10586	0.25619	0.63794
578 A	0.11419	0.23790	0.64791
579 T	0.12888	0.20406	0.66706
580 C	0.14032	0.17255	0.68713
581 T	0.15735	0.14321	0.69943
582 T	0.16526	0.12778	0.70696
583 T	0.16800	0.12036	0.71164
584 A	0.16924	0.11664	0.71411
585 T	0.17219	0.10829	0.71952
586 A	0.17486	0.09336	0.73177
587 A	0.17845	0.07776	0.74378
588 A	0.18359	0.05958	0.75683
589 T	0.19215	0.03731	0.77054
590 A	0.19556	0.02599	0.77845
591 A	0.20436	0.00000	0.79565
