# lcl|CP097583.1_cds_USQ93192.1_1
# AA	inside	membr	outside
1 A	0.83292	0.00000	0.16708
2 T	0.83284	0.00009	0.16708
3 G	0.83278	0.00014	0.16708
4 T	0.83278	0.00353	0.16369
5 T	0.83124	0.00878	0.15998
6 A	0.83124	0.00943	0.15933
7 T	0.82796	0.01288	0.15916
8 T	0.82796	0.01289	0.15915
9 T	0.82458	0.01658	0.15884
10 T	0.82456	0.06078	0.11465
11 T	0.82232	0.06590	0.11178
12 T	0.78476	0.10537	0.10987
13 A	0.69865	0.20073	0.10062
14 T	0.69864	0.20074	0.10062
15 T	0.69864	0.20574	0.09562
16 T	0.69352	0.21086	0.09562
17 T	0.67538	0.22907	0.09554
18 C	0.67440	0.23020	0.0954
19 A	0.64622	0.25855	0.09523
20 A	0.58761	0.32152	0.09087
21 A	0.48821	0.42095	0.09083
22 T	0.48446	0.42551	0.09002
23 G	0.47673	0.43481	0.08845
24 T	0.47058	0.44441	0.08501
25 A	0.45963	0.45997	0.08041
26 A	0.45452	0.46750	0.07798
27 T	0.45558	0.46681	0.07761
28 T	0.45611	0.46557	0.07832
29 T	0.45198	0.47070	0.07732
30 A	0.44552	0.47591	0.07857
31 A	0.43989	0.47962	0.08049
32 A	0.43938	0.46954	0.09108
33 T	0.48074	0.41043	0.10883
34 T	0.48315	0.40030	0.11655
35 T	0.48565	0.36854	0.14581
36 T	0.49015	0.30793	0.20193
37 T	0.48838	0.30426	0.20736
38 T	0.48750	0.30459	0.20791
39 A	0.47669	0.31661	0.2067
40 T	0.47203	0.30987	0.2181
41 T	0.45984	0.32250	0.21766
42 A	0.42382	0.35481	0.22137
43 A	0.39431	0.36028	0.24542
44 A	0.37560	0.31363	0.31078
45 A	0.36334	0.33542	0.30124
46 A	0.36315	0.33278	0.30407
47 A	0.36556	0.32921	0.30523
48 T	0.37028	0.31614	0.31359
49 T	0.37203	0.32580	0.30217
50 T	0.37079	0.36445	0.26477
51 A	0.35754	0.42199	0.22047
52 A	0.34566	0.44534	0.20899
53 A	0.32110	0.47103	0.20787
54 T	0.30471	0.48336	0.21193
55 A	0.24614	0.54608	0.20778
56 C	0.18801	0.60866	0.20333
57 A	0.14646	0.69258	0.16096
58 A	0.10624	0.82278	0.07098
59 A	0.08832	0.85811	0.05357
60 A	0.07661	0.88430	0.03909
61 A	0.06971	0.90589	0.0244
62 A	0.07574	0.89540	0.02886
63 A	0.08111	0.89082	0.02807
64 A	0.08884	0.87199	0.03916
65 A	0.10613	0.82869	0.06518
66 T	0.12319	0.78463	0.09219
67 A	0.13122	0.76287	0.10591
68 C	0.14068	0.74254	0.11677
69 A	0.14520	0.74012	0.11467
70 C	0.15231	0.73331	0.11437
71 A	0.15663	0.73218	0.11118
72 A	0.17233	0.71806	0.1096
73 A	0.20630	0.68602	0.10768
74 A	0.24995	0.63747	0.11259
75 T	0.26964	0.61319	0.11717
76 A	0.27491	0.59161	0.13348
77 A	0.27953	0.57550	0.14497
78 A	0.28852	0.51049	0.20099
79 G	0.29946	0.44649	0.25405
80 A	0.33960	0.37963	0.28077
81 T	0.43326	0.25920	0.30754
82 A	0.45250	0.24881	0.29869
83 A	0.47166	0.24711	0.28123
84 T	0.48270	0.26088	0.25641
85 G	0.47613	0.27180	0.25207
86 A	0.47532	0.27626	0.24842
87 T	0.47707	0.27542	0.2475
88 T	0.48135	0.26869	0.24996
89 C	0.48091	0.26627	0.25282
90 T	0.48103	0.27357	0.24541
91 T	0.47848	0.28074	0.24078
92 C	0.46121	0.32009	0.21871
93 T	0.41543	0.38164	0.20294
94 G	0.37920	0.42128	0.19952
95 A	0.36476	0.43820	0.19704
96 A	0.36177	0.44311	0.19512
97 C	0.36708	0.43764	0.19528
98 C	0.37490	0.42952	0.19558
99 G	0.38843	0.41665	0.19492
100 T	0.40383	0.40452	0.19166
101 C	0.41112	0.39983	0.18906
102 T	0.42289	0.39559	0.18152
103 A	0.42905	0.41044	0.16052
104 A	0.43881	0.40568	0.15551
105 A	0.45781	0.38684	0.15534
106 A	0.48838	0.35506	0.15656
107 T	0.52661	0.30654	0.16685
108 T	0.53710	0.28423	0.17866
109 T	0.54340	0.27059	0.18602
110 C	0.54477	0.26549	0.18975
111 A	0.54310	0.27305	0.18385
112 A	0.54307	0.28074	0.1762
113 T	0.55052	0.28001	0.16946
114 A	0.54592	0.30163	0.15245
115 A	0.55705	0.29448	0.14847
116 A	0.55178	0.26122	0.187
117 T	0.54342	0.24350	0.21307
118 A	0.50689	0.29399	0.19912
119 A	0.48302	0.37178	0.1452
120 T	0.47088	0.39779	0.13133
121 A	0.42255	0.48967	0.08778
122 A	0.40722	0.51890	0.07387
123 T	0.40583	0.51914	0.07503
124 C	0.39477	0.52873	0.07651
125 A	0.38388	0.54030	0.07582
126 T	0.38637	0.53711	0.07651
127 C	0.36426	0.55897	0.07677
128 C	0.35327	0.57006	0.07667
129 T	0.34438	0.57901	0.0766
130 C	0.32833	0.59507	0.0766
131 C	0.31148	0.61218	0.07633
132 G	0.27987	0.64454	0.07559
133 C	0.26766	0.65731	0.07503
134 A	0.26346	0.66230	0.07425
135 A	0.26565	0.66150	0.07285
136 A	0.27026	0.65806	0.07168
137 A	0.28693	0.63534	0.07773
138 T	0.30426	0.60952	0.08622
139 G	0.30924	0.57949	0.11127
140 A	0.31538	0.56136	0.12325
141 A	0.34028	0.50488	0.15484
142 A	0.39155	0.43380	0.17465
143 A	0.40629	0.40675	0.18697
144 T	0.45063	0.31796	0.23141
145 T	0.45944	0.29624	0.24431
146 T	0.45231	0.30074	0.24694
147 A	0.44150	0.30749	0.25101
148 A	0.43552	0.29991	0.26457
149 G	0.43238	0.28287	0.28475
150 T	0.43061	0.25804	0.31136
151 T	0.42753	0.25081	0.32166
152 T	0.41933	0.25362	0.32706
153 A	0.38431	0.30426	0.31143
154 A	0.36764	0.31197	0.32039
155 T	0.35749	0.29767	0.34484
156 T	0.33536	0.31525	0.34939
157 G	0.31428	0.33668	0.34905
158 A	0.30181	0.37076	0.32743
159 A	0.30034	0.38547	0.31419
160 T	0.29980	0.39181	0.30838
161 T	0.28842	0.41765	0.29393
162 A	0.26417	0.46296	0.27287
163 A	0.25515	0.49650	0.24835
164 A	0.23464	0.54639	0.21898
165 A	0.23618	0.55746	0.20636
166 A	0.24375	0.55623	0.20002
167 T	0.25935	0.54398	0.19668
168 T	0.26294	0.54574	0.19133
169 T	0.25748	0.56891	0.17361
170 T	0.24185	0.59271	0.16544
171 A	0.20243	0.65092	0.14664
172 G	0.17367	0.69681	0.12952
173 A	0.15634	0.72456	0.11911
174 A	0.14374	0.74157	0.11469
175 A	0.13603	0.74846	0.11551
176 T	0.15795	0.69321	0.14884
177 G	0.15293	0.68416	0.1629
178 G	0.15350	0.67575	0.17075
179 A	0.15501	0.65957	0.18542
180 A	0.15859	0.63844	0.20297
181 C	0.17747	0.60620	0.21632
182 G	0.17522	0.61104	0.21374
183 A	0.18441	0.60602	0.20957
184 A	0.19923	0.58909	0.21167
185 A	0.21505	0.56844	0.21651
186 A	0.23539	0.55000	0.21461
187 G	0.25806	0.51142	0.23052
188 A	0.25706	0.53217	0.21077
189 A	0.25506	0.56014	0.1848
190 A	0.24696	0.61428	0.13876
191 A	0.25245	0.61713	0.13042
192 T	0.26474	0.61344	0.12182
193 A	0.24580	0.66825	0.08594
194 A	0.25516	0.65967	0.08518
195 T	0.26864	0.62094	0.11042
196 A	0.26453	0.61386	0.12161
197 A	0.26163	0.60536	0.133
198 T	0.26489	0.59030	0.14481
199 C	0.25933	0.58915	0.15152
200 G	0.25207	0.59925	0.14869
201 A	0.25240	0.59975	0.14785
202 T	0.25660	0.59570	0.1477
203 A	0.25597	0.60181	0.14222
204 T	0.25823	0.59995	0.14182
205 C	0.25985	0.57948	0.16066
206 A	0.25733	0.58946	0.15321
207 A	0.25930	0.59321	0.14749
208 G	0.26870	0.59178	0.13952
209 A	0.27754	0.61071	0.11175
210 A	0.28870	0.61083	0.10047
211 A	0.31749	0.56899	0.11352
212 A	0.35798	0.51224	0.12978
213 T	0.42080	0.42532	0.15388
214 A	0.44192	0.40623	0.15185
215 G	0.46366	0.36735	0.16899
216 T	0.51605	0.29418	0.18977
217 T	0.54118	0.26994	0.18888
218 T	0.54640	0.27033	0.18327
219 A	0.55024	0.26687	0.18289
220 T	0.55543	0.25943	0.18514
221 T	0.55526	0.26651	0.17823
222 A	0.55220	0.28333	0.16448
223 C	0.55794	0.27453	0.16753
224 G	0.55101	0.30289	0.14611
225 T	0.54944	0.32533	0.12523
226 T	0.54686	0.34351	0.10963
227 T	0.52838	0.37512	0.0965
228 A	0.49865	0.41518	0.08617
229 G	0.49075	0.42558	0.08367
230 A	0.48689	0.43979	0.07332
231 A	0.48480	0.44688	0.06832
232 A	0.50401	0.43833	0.05766
233 T	0.50388	0.44141	0.0547
234 G	0.48616	0.46022	0.05363
235 A	0.45331	0.49509	0.0516
236 A	0.41380	0.53584	0.05037
237 T	0.39818	0.55087	0.05096
238 C	0.32520	0.62363	0.05117
239 A	0.29588	0.65380	0.05032
240 A	0.27961	0.67109	0.0493
241 C	0.27101	0.68048	0.04852
242 A	0.25847	0.69704	0.0445
243 A	0.25084	0.70872	0.04044
244 A	0.26956	0.69151	0.03894
245 T	0.29793	0.66176	0.04032
246 A	0.29067	0.66864	0.04069
247 T	0.29136	0.65212	0.05652
248 A	0.22033	0.71399	0.06567
249 T	0.18362	0.73508	0.0813
250 C	0.14755	0.75646	0.09599
251 A	0.10675	0.79684	0.09641
252 A	0.09170	0.81185	0.09644
253 A	0.08470	0.81788	0.09743
254 A	0.08274	0.81718	0.10007
255 T	0.08687	0.81018	0.10295
256 A	0.08330	0.79808	0.11862
257 A	0.07716	0.78337	0.13947
258 A	0.07627	0.74828	0.17544
259 A	0.07487	0.69550	0.22963
260 T	0.07439	0.64184	0.28376
261 G	0.07121	0.56015	0.36863
262 G	0.07038	0.54426	0.38536
263 A	0.06570	0.55330	0.38101
264 A	0.06354	0.55062	0.38583
265 G	0.06434	0.53332	0.40234
266 A	0.06393	0.52869	0.40738
267 A	0.06564	0.53332	0.40104
268 A	0.06810	0.53376	0.39813
269 A	0.07110	0.51965	0.40924
270 A	0.07551	0.48632	0.43817
271 T	0.08384	0.38078	0.53538
272 T	0.08496	0.36043	0.55461
273 A	0.08216	0.43000	0.48784
274 G	0.08221	0.53536	0.38243
275 A	0.07001	0.79362	0.13637
276 A	0.05926	0.83588	0.10486
277 A	0.05651	0.85238	0.09111
278 T	0.06196	0.85294	0.0851
279 A	0.06274	0.86452	0.07274
280 C	0.06200	0.86813	0.06987
281 A	0.06263	0.88340	0.05398
282 T	0.06662	0.88726	0.04612
283 A	0.06380	0.89969	0.03651
284 A	0.06592	0.89990	0.03418
285 A	0.07201	0.89499	0.033
286 T	0.09124	0.86888	0.03987
287 T	0.09578	0.86217	0.04204
288 A	0.09502	0.86115	0.04382
289 G	0.10014	0.85365	0.04622
290 A	0.10308	0.85100	0.04592
291 A	0.10593	0.84875	0.04531
292 C	0.11220	0.84300	0.0448
293 A	0.12347	0.83554	0.04099
294 A	0.15198	0.80998	0.03804
295 A	0.20032	0.76415	0.03552
296 A	0.28649	0.67512	0.03839
297 A	0.41389	0.54439	0.04173
298 A	0.65793	0.28025	0.06182
299 T	0.72046	0.19667	0.08287
300 C	0.74735	0.15757	0.09508
301 T	0.77182	0.13067	0.09751
302 T	0.79336	0.10600	0.10064
303 T	0.80385	0.09354	0.10262
304 T	0.80789	0.08890	0.10321
305 T	0.79765	0.10142	0.10092
306 G	0.75523	0.14214	0.10263
307 T	0.73090	0.16770	0.10141
308 T	0.64174	0.26164	0.09662
309 A	0.47628	0.43490	0.08883
310 G	0.37324	0.54124	0.08552
311 A	0.33500	0.58721	0.07779
312 A	0.31084	0.62594	0.06322
313 A	0.28601	0.66313	0.05086
314 A	0.22057	0.73047	0.04895
315 A	0.18560	0.76882	0.04558
316 G	0.15613	0.80199	0.04188
317 A	0.11190	0.85907	0.02903
318 A	0.08499	0.88707	0.02794
319 A	0.06962	0.90438	0.026
320 T	0.06041	0.91456	0.02503
321 G	0.04464	0.93176	0.02359
322 C	0.03678	0.94089	0.02233
323 A	0.03072	0.95053	0.01875
324 A	0.02572	0.95813	0.01615
325 A	0.02482	0.95968	0.0155
326 G	0.02442	0.95957	0.01602
327 A	0.02552	0.95600	0.01849
328 A	0.03003	0.92195	0.04802
329 T	0.03508	0.83828	0.12664
330 A	0.03835	0.78881	0.17284
331 C	0.04406	0.68910	0.26684
332 A	0.04910	0.62507	0.32584
333 A	0.05308	0.60931	0.33762
334 A	0.05751	0.62087	0.32163
335 A	0.07127	0.61014	0.3186
336 T	0.08700	0.58359	0.3294
337 A	0.08814	0.51497	0.39689
338 A	0.09090	0.48318	0.42592
339 A	0.09480	0.44725	0.45794
340 G	0.10586	0.39979	0.49434
341 A	0.10773	0.38803	0.50424
342 A	0.11272	0.38754	0.49974
343 T	0.11825	0.39675	0.485
344 T	0.11898	0.43386	0.44715
345 T	0.11739	0.52910	0.35351
346 A	0.10636	0.70618	0.18745
347 T	0.09815	0.74594	0.1559
348 A	0.08533	0.77925	0.13542
349 G	0.08027	0.79265	0.12708
350 A	0.07240	0.80969	0.1179
351 C	0.06711	0.81909	0.1138
352 A	0.06208	0.83821	0.09971
353 A	0.06398	0.84146	0.09456
354 A	0.06987	0.84080	0.08934
355 A	0.10378	0.81166	0.08456
356 A	0.13923	0.78364	0.07713
357 T	0.17700	0.74582	0.07718
358 A	0.18791	0.76313	0.04896
359 T	0.19018	0.77023	0.03959
360 A	0.17733	0.78912	0.03355
361 A	0.14588	0.82724	0.02688
362 A	0.12705	0.84824	0.02471
363 A	0.12543	0.84830	0.02626
364 A	0.13596	0.83610	0.02795
365 A	0.16821	0.80110	0.0307
366 A	0.21428	0.75189	0.03383
367 C	0.27279	0.68857	0.03864
368 A	0.36723	0.59326	0.03952
369 A	0.51131	0.44266	0.04602
370 T	0.55582	0.39437	0.04981
371 T	0.56927	0.37510	0.05563
372 T	0.56648	0.37905	0.05447
373 T	0.54089	0.40097	0.05815
374 A	0.48191	0.45876	0.05933
375 T	0.43078	0.50552	0.0637
376 A	0.39705	0.53844	0.06451
377 A	0.38508	0.54798	0.06694
378 A	0.38681	0.54364	0.06955
379 A	0.39372	0.53319	0.07309
380 A	0.40059	0.52090	0.07852
381 T	0.43588	0.47318	0.09094
382 T	0.44434	0.45116	0.1045
383 A	0.44265	0.43739	0.11996
384 T	0.44398	0.40425	0.15177
385 G	0.43300	0.39741	0.16958
386 A	0.42921	0.38937	0.18142
387 T	0.42743	0.37358	0.19899
388 G	0.41844	0.37547	0.20609
389 A	0.41627	0.37512	0.20861
390 T	0.41939	0.36795	0.21267
391 A	0.42050	0.36419	0.21532
392 A	0.42397	0.34799	0.22804
393 T	0.43134	0.31634	0.25232
394 T	0.43462	0.28226	0.28312
395 T	0.43681	0.25927	0.30392
396 T	0.43554	0.23133	0.33313
397 T	0.42845	0.19622	0.37534
398 C	0.40451	0.18860	0.4069
399 A	0.37375	0.23482	0.39143
400 G	0.34673	0.28789	0.36538
401 A	0.23398	0.48618	0.27984
402 A	0.18795	0.60767	0.20438
403 A	0.14702	0.72021	0.13277
404 A	0.12729	0.75919	0.11352
405 A	0.11951	0.78147	0.09902
406 G	0.11314	0.80132	0.08554
407 A	0.11317	0.81578	0.07105
408 T	0.11704	0.80757	0.0754
409 G	0.11765	0.81377	0.06858
410 A	0.12017	0.81716	0.06267
411 T	0.12484	0.81153	0.06363
412 T	0.12640	0.81119	0.06242
413 A	0.12601	0.81349	0.0605
414 T	0.12664	0.81181	0.06156
415 A	0.12522	0.81359	0.06119
416 A	0.12357	0.81465	0.06178
417 A	0.12141	0.81452	0.06407
418 C	0.12149	0.80746	0.07104
419 A	0.12255	0.80318	0.07426
420 A	0.12697	0.79292	0.08012
421 G	0.13865	0.76246	0.09889
422 A	0.16518	0.71701	0.1178
423 A	0.19888	0.66548	0.13565
424 G	0.28685	0.45434	0.25881
425 A	0.36879	0.32750	0.30371
426 T	0.44754	0.20729	0.34517
427 G	0.47189	0.16467	0.36345
428 A	0.49480	0.13594	0.36925
429 T	0.52641	0.09763	0.37596
430 T	0.54647	0.08630	0.36723
431 T	0.55170	0.09622	0.35208
432 T	0.53663	0.13895	0.32442
433 G	0.51472	0.25946	0.22582
434 T	0.49642	0.32367	0.1799
435 T	0.43670	0.43069	0.13261
436 A	0.32793	0.58006	0.092
437 A	0.25230	0.66177	0.08594
438 A	0.20447	0.72321	0.07231
439 A	0.17571	0.75893	0.06536
440 A	0.15192	0.78377	0.06431
441 C	0.13392	0.80293	0.06314
442 A	0.12004	0.82379	0.05618
443 A	0.11474	0.84782	0.03743
444 A	0.10821	0.85601	0.03578
445 A	0.10699	0.85692	0.03608
446 T	0.10541	0.85815	0.03643
447 T	0.10226	0.85982	0.03792
448 C	0.09601	0.86550	0.03849
449 C	0.09084	0.87066	0.0385
450 A	0.08871	0.87335	0.03794
451 G	0.08862	0.87367	0.0377
452 A	0.09392	0.86902	0.03705
453 A	0.11697	0.84688	0.03616
454 A	0.14924	0.81185	0.03891
455 G	0.19980	0.71939	0.08081
456 T	0.30798	0.57160	0.12042
457 T	0.34049	0.51043	0.14908
458 T	0.35914	0.44423	0.19664
459 A	0.36338	0.38902	0.2476
460 A	0.36523	0.34101	0.29375
461 A	0.37587	0.29830	0.32583
462 T	0.38337	0.26989	0.34674
463 A	0.38295	0.27412	0.34293
464 A	0.38360	0.27633	0.34007
465 A	0.38662	0.26800	0.34538
466 A	0.40469	0.24424	0.35107
467 T	0.40889	0.23114	0.35998
468 A	0.40843	0.22700	0.36458
469 T	0.40904	0.22363	0.36733
470 T	0.40714	0.23952	0.35334
471 T	0.40163	0.28223	0.31613
472 G	0.34431	0.41492	0.24076
473 A	0.30459	0.51813	0.17727
474 A	0.26724	0.61205	0.12071
475 A	0.23395	0.67195	0.0941
476 A	0.22028	0.69472	0.085
477 A	0.22238	0.69758	0.08004
478 A	0.23004	0.68922	0.08075
479 T	0.24771	0.66840	0.08389
480 T	0.25551	0.65757	0.08692
481 T	0.26132	0.64890	0.08978
482 C	0.26059	0.64506	0.09436
483 A	0.26199	0.64370	0.09431
484 G	0.26620	0.63808	0.09571
485 A	0.27357	0.62834	0.09809
486 T	0.30133	0.59732	0.10136
487 T	0.31725	0.57947	0.10328
488 T	0.32046	0.57187	0.10767
489 C	0.31240	0.57775	0.10985
490 G	0.30512	0.58488	0.11
491 A	0.30316	0.58674	0.1101
492 A	0.30743	0.58235	0.11022
493 A	0.33184	0.55566	0.1125
494 A	0.38719	0.49476	0.11805
495 T	0.47955	0.33865	0.1818
496 G	0.52973	0.24634	0.22394
497 T	0.57573	0.16454	0.25973
498 T	0.58088	0.13102	0.2881
499 C	0.57023	0.13180	0.29796
500 A	0.55891	0.14966	0.29143
501 A	0.54754	0.16561	0.28685
502 T	0.54624	0.16765	0.28611
503 T	0.54100	0.17439	0.28462
504 A	0.52998	0.20348	0.26654
505 T	0.51663	0.22213	0.26124
506 T	0.48608	0.25723	0.25669
507 A	0.45713	0.30689	0.23599
508 A	0.44251	0.33266	0.22483
509 T	0.43693	0.34781	0.21525
510 G	0.42678	0.37171	0.20152
511 T	0.41884	0.40519	0.17597
512 T	0.40488	0.44611	0.14901
513 A	0.38320	0.48582	0.13099
514 A	0.37251	0.52535	0.10214
515 A	0.36537	0.54507	0.08956
516 T	0.36336	0.54976	0.08688
517 A	0.36099	0.55806	0.08096
518 A	0.36040	0.55980	0.0798
519 A	0.35995	0.55748	0.08257
520 A	0.36060	0.55178	0.08762
521 T	0.36252	0.53583	0.10166
522 G	0.36446	0.52109	0.11445
523 A	0.37108	0.50596	0.12295
524 T	0.37756	0.48804	0.1344
525 G	0.37903	0.48497	0.136
526 A	0.38171	0.48043	0.13786
527 A	0.39956	0.45219	0.14825
528 T	0.41506	0.41655	0.16839
529 G	0.42343	0.38316	0.1934
530 A	0.44938	0.34866	0.20196
531 T	0.47184	0.32843	0.19973
532 A	0.48607	0.31591	0.19803
533 A	0.50346	0.29720	0.19934
534 A	0.53566	0.26302	0.20132
535 T	0.56605	0.22929	0.20466
536 C	0.57814	0.21132	0.21054
537 T	0.60363	0.21971	0.17666
538 T	0.60944	0.25761	0.13294
539 A	0.59670	0.27934	0.12397
540 T	0.58903	0.28953	0.12144
541 T	0.57312	0.30716	0.11971
542 A	0.55193	0.33013	0.11793
543 C	0.54479	0.33797	0.11724
544 G	0.53961	0.34412	0.11627
545 A	0.53837	0.34614	0.1155
546 T	0.54265	0.34210	0.11526
547 T	0.54232	0.34274	0.11495
548 C	0.53788	0.34722	0.11489
549 T	0.53093	0.35479	0.11427
550 G	0.50035	0.38804	0.11161
551 A	0.48824	0.40087	0.11089
552 C	0.48824	0.40095	0.11081
553 A	0.49351	0.39703	0.10945
554 A	0.50507	0.38577	0.10916
555 A	0.51369	0.37647	0.10984
556 A	0.53025	0.35874	0.11101
557 A	0.55372	0.33416	0.11212
558 T	0.59667	0.28173	0.12161
559 G	0.61069	0.25869	0.13061
560 T	0.64541	0.21751	0.13707
561 T	0.66530	0.18991	0.14479
562 T	0.66805	0.17257	0.15938
563 T	0.66158	0.17313	0.16528
564 A	0.62965	0.20975	0.1606
565 T	0.60769	0.23478	0.15753
566 A	0.57018	0.28533	0.14449
567 T	0.54557	0.31539	0.13905
568 A	0.49017	0.38049	0.12934
569 T	0.46200	0.41139	0.12661
570 A	0.41355	0.45858	0.12787
571 A	0.40016	0.46648	0.13336
572 A	0.39345	0.46219	0.14436
573 T	0.39133	0.43117	0.17749
574 C	0.37866	0.43174	0.18961
575 C	0.36347	0.45042	0.18611
576 T	0.35063	0.49691	0.15246
577 A	0.29778	0.60516	0.09705
578 A	0.27647	0.64519	0.07834
579 A	0.26054	0.67068	0.06878
580 G	0.25398	0.68117	0.06485
581 A	0.25214	0.68545	0.06241
582 T	0.25537	0.68221	0.06243
583 A	0.25581	0.68130	0.06288
584 T	0.26006	0.67335	0.06659
585 A	0.26122	0.66910	0.06968
586 A	0.26871	0.64930	0.08198
587 A	0.28449	0.59785	0.11766
588 T	0.30724	0.53577	0.15699
589 T	0.32437	0.48400	0.19163
590 T	0.33498	0.44793	0.21709
591 T	0.34180	0.39891	0.25929
592 G	0.34118	0.37624	0.28258
593 T	0.33988	0.34760	0.31251
594 G	0.33752	0.34777	0.31471
595 A	0.33445	0.35520	0.31035
596 A	0.33409	0.35658	0.30932
597 A	0.33777	0.34033	0.32191
598 A	0.34658	0.31640	0.33702
599 A	0.38515	0.26494	0.34991
600 T	0.44307	0.15910	0.39784
601 T	0.46108	0.12588	0.41304
602 T	0.46748	0.11411	0.41842
603 T	0.46858	0.12895	0.40247
604 T	0.46702	0.15916	0.37382
605 T	0.45783	0.22793	0.31424
606 A	0.41938	0.34474	0.23588
607 A	0.38465	0.46143	0.15392
608 T	0.36613	0.48507	0.14879
609 A	0.31321	0.55181	0.13498
610 G	0.26593	0.60795	0.12612
611 A	0.21270	0.67685	0.11045
612 C	0.17661	0.71552	0.10787
613 A	0.15064	0.75737	0.09199
614 A	0.12967	0.80476	0.06557
615 A	0.12349	0.81518	0.06133
616 C	0.12347	0.81529	0.06125
617 A	0.11407	0.83324	0.0527
618 A	0.10229	0.85058	0.04713
619 A	0.07717	0.88475	0.03808
620 A	0.06731	0.90243	0.03026
621 A	0.06110	0.91317	0.02573
622 A	0.05128	0.92718	0.02154
623 G	0.05255	0.92576	0.0217
624 A	0.05658	0.92158	0.02184
625 G	0.06551	0.91167	0.02282
626 A	0.08619	0.88905	0.02476
627 A	0.11531	0.85620	0.02849
628 A	0.16876	0.79273	0.03852
629 A	0.24142	0.68547	0.07311
630 T	0.31671	0.57667	0.10662
631 A	0.32369	0.55101	0.12529
632 A	0.33551	0.49308	0.17141
633 A	0.34455	0.44470	0.21075
634 A	0.36085	0.38115	0.25801
635 A	0.36926	0.33681	0.29393
636 A	0.39310	0.28193	0.32498
637 T	0.43078	0.21162	0.3576
638 T	0.44113	0.18291	0.37597
639 A	0.44491	0.16773	0.38736
640 A	0.45360	0.14186	0.40455
641 A	0.46298	0.10690	0.43012
642 C	0.47428	0.05703	0.46869
643 T	0.48434	0.03415	0.48151
644 A	0.49008	0.01941	0.49052
645 A	0.49715	0.00000	0.50286
