# lcl|CP097583.1_cds_USQ93572.1_1
# AA	inside	membr	outside
1 A	0.50179	0.00000	0.49821
2 T	0.49757	0.00423	0.49821
3 G	0.49401	0.00778	0.49821
4 A	0.49401	0.20897	0.29702
5 A	0.45932	0.36552	0.17516
6 T	0.45932	0.38920	0.15148
7 A	0.18810	0.67739	0.13451
8 A	0.18809	0.67750	0.13441
9 A	0.15528	0.71217	0.13255
10 A	0.15523	0.77783	0.06694
11 A	0.15102	0.78292	0.06606
12 C	0.10025	0.83403	0.06572
13 A	0.03382	0.90785	0.05833
14 A	0.03382	0.90785	0.05833
15 C	0.03382	0.92761	0.03857
16 A	0.03342	0.92801	0.03857
17 T	0.03310	0.92873	0.03817
18 T	0.03308	0.92946	0.03746
19 A	0.03084	0.93219	0.03697
20 A	0.02465	0.94182	0.03353
21 A	0.02154	0.94486	0.0336
22 A	0.02209	0.94418	0.03373
23 A	0.02454	0.94089	0.03456
24 A	0.03474	0.92954	0.03572
25 A	0.04756	0.90273	0.04971
26 A	0.06073	0.87962	0.05965
27 T	0.22992	0.68241	0.08767
28 A	0.30974	0.57706	0.1132
29 A	0.33121	0.54644	0.12235
30 A	0.35245	0.33109	0.31646
31 A	0.35631	0.33051	0.31317
32 T	0.36451	0.28565	0.34983
33 A	0.39995	0.26013	0.33992
34 A	0.39868	0.26606	0.33525
35 A	0.40201	0.22505	0.37294
36 C	0.41587	0.16149	0.42263
37 T	0.42244	0.16333	0.41423
38 A	0.42436	0.17079	0.40485
39 T	0.40947	0.19672	0.39381
40 T	0.39488	0.21646	0.38866
41 T	0.38659	0.22844	0.38497
42 T	0.37008	0.24565	0.38427
43 C	0.35067	0.26229	0.38705
44 A	0.32958	0.29148	0.37894
45 T	0.30819	0.31560	0.37622
46 A	0.27032	0.35373	0.37595
47 A	0.24399	0.38008	0.37593
48 C	0.21038	0.41363	0.37599
49 A	0.19187	0.43367	0.37446
50 C	0.18657	0.43880	0.37463
51 T	0.18973	0.43547	0.3748
52 G	0.18404	0.44124	0.37472
53 A	0.17590	0.44955	0.37455
54 C	0.18378	0.43948	0.37674
55 A	0.18587	0.43773	0.37639
56 T	0.20401	0.40548	0.39052
57 A	0.21357	0.39028	0.39614
58 A	0.22057	0.37991	0.39953
59 T	0.23258	0.36536	0.40205
60 T	0.24209	0.34854	0.40937
61 G	0.24740	0.32498	0.42763
62 A	0.25717	0.29271	0.45012
63 T	0.26472	0.26093	0.47435
64 T	0.26813	0.24059	0.49128
65 C	0.26868	0.22073	0.51059
66 T	0.26835	0.21223	0.51943
67 A	0.26440	0.21957	0.51603
68 T	0.26216	0.21035	0.52749
69 T	0.25880	0.19845	0.54275
70 G	0.25228	0.21665	0.53106
71 A	0.24740	0.22969	0.5229
72 T	0.24672	0.22813	0.52514
73 G	0.24345	0.24194	0.5146
74 A	0.23806	0.25115	0.51079
75 A	0.23590	0.24954	0.51456
76 T	0.23485	0.23804	0.52711
77 T	0.23164	0.24046	0.5279
78 C	0.22146	0.25450	0.52404
79 A	0.21253	0.29349	0.49398
80 A	0.20880	0.33586	0.45534
81 T	0.20431	0.38813	0.40756
82 A	0.19841	0.45318	0.34842
83 A	0.19468	0.50974	0.29558
84 T	0.19071	0.55798	0.25131
85 A	0.18767	0.64339	0.16894
86 A	0.18660	0.67139	0.14201
87 A	0.18637	0.67255	0.14108
88 A	0.18853	0.66933	0.14214
89 A	0.19645	0.65745	0.1461
90 T	0.22039	0.62093	0.15869
91 C	0.22878	0.60707	0.16415
92 G	0.23779	0.59674	0.16547
93 A	0.26342	0.57005	0.16654
94 T	0.30784	0.52340	0.16876
95 T	0.32283	0.50776	0.16941
96 A	0.32899	0.50096	0.17005
97 T	0.33458	0.49050	0.17492
98 T	0.33433	0.49050	0.17517
99 A	0.32930	0.50195	0.16876
100 A	0.32804	0.50007	0.17188
101 A	0.33158	0.48690	0.18152
102 A	0.35757	0.45339	0.18903
103 A	0.39884	0.40733	0.19383
104 C	0.45604	0.34357	0.2004
105 A	0.50924	0.28597	0.20479
106 A	0.55969	0.23234	0.20797
107 C	0.60493	0.18346	0.21161
108 T	0.68225	0.10714	0.2106
109 T	0.69621	0.09901	0.20479
110 A	0.67632	0.13493	0.18875
111 T	0.66702	0.15368	0.1793
112 T	0.65475	0.17237	0.17288
113 T	0.61911	0.21426	0.16663
114 A	0.51106	0.32953	0.15941
115 A	0.44898	0.39226	0.15877
116 T	0.39129	0.45044	0.15827
117 A	0.33634	0.50462	0.15904
118 A	0.30610	0.53256	0.16135
119 C	0.28671	0.54493	0.16837
120 G	0.26682	0.56330	0.16987
121 C	0.26237	0.56572	0.1719
122 C	0.26585	0.56079	0.17337
123 G	0.26410	0.56244	0.17346
124 G	0.26302	0.56382	0.17317
125 A	0.26275	0.56439	0.17286
126 T	0.26246	0.56487	0.17267
127 A	0.25963	0.56780	0.17257
128 G	0.25724	0.56266	0.1801
129 A	0.25795	0.55793	0.18411
130 G	0.25935	0.55324	0.18741
131 A	0.26304	0.54587	0.19108
132 A	0.27233	0.52294	0.20473
133 T	0.29416	0.46529	0.24055
134 T	0.30554	0.42624	0.26823
135 T	0.31041	0.40608	0.2835
136 A	0.31279	0.37391	0.31331
137 A	0.31662	0.28308	0.4003
138 A	0.31742	0.21881	0.46377
139 T	0.31884	0.15174	0.52942
140 T	0.31871	0.11493	0.56637
141 T	0.31493	0.11260	0.57247
142 A	0.30691	0.14771	0.54538
143 T	0.30357	0.16212	0.53431
144 T	0.29754	0.19594	0.50652
145 A	0.28233	0.26178	0.4559
146 A	0.27402	0.35939	0.36658
147 A	0.26921	0.44068	0.29011
148 G	0.26338	0.51036	0.22626
149 A	0.26130	0.52087	0.21783
150 A	0.26172	0.52404	0.21424
151 T	0.26436	0.52263	0.21301
152 A	0.26432	0.52490	0.21078
153 C	0.26350	0.52733	0.20917
154 A	0.26403	0.52835	0.20761
155 A	0.26422	0.52897	0.20681
156 T	0.26523	0.52910	0.20567
157 T	0.26314	0.53239	0.20448
158 C	0.26102	0.53571	0.20326
159 G	0.25699	0.54391	0.1991
160 A	0.25488	0.54898	0.19615
161 A	0.25551	0.54815	0.19635
162 A	0.25839	0.54518	0.19643
163 G	0.26626	0.53642	0.19732
164 G	0.28835	0.50734	0.20431
165 C	0.33341	0.45061	0.21598
166 G	0.36230	0.41780	0.21991
167 A	0.39380	0.38370	0.2225
168 A	0.44316	0.32669	0.23015
169 A	0.52693	0.23697	0.2361
170 C	0.60127	0.15742	0.24132
171 T	0.66442	0.08745	0.24813
172 G	0.67164	0.07931	0.24905
173 T	0.67368	0.08121	0.2451
174 T	0.66336	0.10040	0.23624
175 A	0.62584	0.14714	0.22702
176 G	0.60605	0.16458	0.22936
177 A	0.58667	0.18387	0.22945
178 A	0.58571	0.18267	0.23162
179 T	0.58774	0.17721	0.23506
180 C	0.58649	0.17405	0.23947
181 A	0.58453	0.17510	0.24037
182 T	0.58664	0.16961	0.24374
183 C	0.58416	0.16999	0.24585
184 G	0.58171	0.17477	0.24352
185 A	0.57989	0.18160	0.23851
186 A	0.57803	0.18336	0.23861
187 T	0.57713	0.18358	0.23928
188 T	0.57497	0.18527	0.23976
189 T	0.56910	0.18828	0.24263
190 C	0.56191	0.19561	0.24249
191 G	0.55678	0.20935	0.23388
192 A	0.55549	0.22608	0.21843
193 A	0.55446	0.23410	0.21144
194 A	0.55470	0.24136	0.20395
195 A	0.55591	0.24224	0.20185
196 G	0.56012	0.22780	0.21208
197 A	0.56517	0.20774	0.2271
198 T	0.57202	0.16361	0.26437
199 A	0.56592	0.15228	0.2818
200 C	0.56732	0.12991	0.30277
201 T	0.56823	0.12786	0.30391
202 G	0.56607	0.13001	0.30392
203 A	0.56569	0.12938	0.30493
204 T	0.56628	0.12646	0.30726
205 G	0.56669	0.12513	0.30818
206 A	0.56744	0.12026	0.3123
207 A	0.56983	0.11468	0.31548
208 A	0.57445	0.10630	0.31925
209 T	0.57592	0.09842	0.32566
210 C	0.57675	0.09204	0.33121
211 G	0.57815	0.08762	0.33423
212 C	0.58063	0.08136	0.33801
213 A	0.58364	0.07637	0.34
214 C	0.59278	0.06453	0.34268
215 T	0.60814	0.04869	0.34317
216 G	0.61438	0.04115	0.34447
217 T	0.62193	0.03295	0.34512
218 T	0.62479	0.02803	0.34718
219 A	0.62533	0.02635	0.34831
220 T	0.62661	0.01901	0.35439
221 A	0.62792	0.01345	0.35863
222 A	0.63054	0.00000	0.36946
