# lcl|CP097583.1_cds_USQ93342.1_1
# AA	inside	membr	outside
1 A	0.05531	0.00000	0.94469
2 T	0.05478	0.00054	0.94469
3 G	0.05454	0.00078	0.94469
4 A	0.05454	0.00159	0.94388
5 A	0.05327	0.00331	0.94342
6 A	0.05327	0.00336	0.94337
7 T	0.05057	0.00608	0.94336
8 T	0.05057	0.00608	0.94335
9 A	0.05013	0.00654	0.94333
10 A	0.05013	0.00817	0.9417
11 T	0.05009	0.00826	0.94165
12 T	0.04867	0.00972	0.94162
13 T	0.04312	0.01565	0.94124
14 T	0.04310	0.01566	0.94124
15 G	0.04310	0.02866	0.92824
16 A	0.03920	0.03257	0.92824
17 A	0.03647	0.03573	0.92781
18 A	0.03643	0.03655	0.92702
19 T	0.03593	0.03723	0.92685
20 A	0.03320	0.04270	0.92411
21 T	0.03215	0.04371	0.92414
22 A	0.03225	0.04375	0.924
23 T	0.03247	0.04344	0.92409
24 T	0.03267	0.04321	0.92412
25 T	0.03271	0.04258	0.92471
26 T	0.03154	0.04363	0.92482
27 T	0.02987	0.04508	0.92505
28 A	0.02645	0.04777	0.92578
29 A	0.02475	0.04933	0.92591
30 A	0.02370	0.04815	0.92816
31 C	0.02272	0.04856	0.92872
32 A	0.02212	0.04888	0.929
33 T	0.02298	0.04781	0.92921
34 A	0.02199	0.04892	0.9291
35 A	0.02173	0.04830	0.92998
36 A	0.02191	0.04483	0.93326
37 A	0.02222	0.04368	0.9341
38 A	0.03310	0.03178	0.93511
39 G	0.03369	0.02632	0.93999
40 C	0.03551	0.02114	0.94334
41 T	0.03701	0.01933	0.94366
42 T	0.03739	0.01855	0.94406
43 C	0.03864	0.01606	0.94531
44 T	0.03870	0.01572	0.94558
45 T	0.03882	0.01556	0.94562
46 T	0.03884	0.01536	0.9458
47 T	0.03883	0.01520	0.94597
48 A	0.03878	0.01507	0.94616
49 T	0.03872	0.01326	0.94802
50 T	0.03831	0.01152	0.95017
51 G	0.03796	0.00874	0.9533
52 A	0.03784	0.00750	0.95467
53 A	0.03780	0.00657	0.95563
54 T	0.03783	0.00550	0.95667
55 A	0.03787	0.00481	0.95733
56 T	0.03809	0.00389	0.95802
57 T	0.03821	0.00289	0.95891
58 T	0.03805	0.00258	0.95938
59 T	0.03801	0.00242	0.95958
60 T	0.03795	0.00238	0.95968
61 T	0.03789	0.00240	0.9597
62 C	0.03780	0.00246	0.95974
63 T	0.03775	0.00259	0.95966
64 T	0.03752	0.00296	0.95952
65 T	0.03721	0.00354	0.95925
66 T	0.03686	0.00403	0.95912
67 T	0.03643	0.00455	0.95903
68 T	0.03550	0.00562	0.95888
69 A	0.03411	0.00705	0.95884
70 T	0.03365	0.00744	0.95892
71 T	0.03291	0.00810	0.95899
72 A	0.03134	0.00962	0.95905
73 A	0.03072	0.00992	0.95936
74 T	0.03051	0.00982	0.95967
75 A	0.03030	0.00989	0.95981
76 A	0.03026	0.00982	0.95993
77 T	0.03025	0.00972	0.96003
78 T	0.03022	0.00963	0.96015
79 A	0.03016	0.00964	0.9602
80 T	0.03005	0.00961	0.96033
81 C	0.02935	0.01012	0.96053
82 G	0.02885	0.01058	0.96057
83 G	0.02868	0.01072	0.9606
84 A	0.02856	0.01082	0.96061
85 G	0.02854	0.01078	0.96068
86 A	0.02861	0.01067	0.96072
87 G	0.02881	0.00999	0.9612
88 T	0.02914	0.00922	0.96163
89 T	0.02925	0.00863	0.96212
90 A	0.02921	0.00831	0.96248
91 T	0.02930	0.00733	0.96337
92 T	0.02921	0.00646	0.96433
93 G	0.02890	0.00628	0.96481
94 A	0.02856	0.00602	0.96542
95 T	0.02844	0.00483	0.96674
96 T	0.02807	0.00473	0.9672
97 C	0.02742	0.00519	0.96739
98 C	0.02700	0.00555	0.96745
99 A	0.02666	0.00599	0.96735
100 T	0.02654	0.00615	0.96731
101 A	0.02633	0.00637	0.96729
102 T	0.02621	0.00646	0.96733
103 G	0.02602	0.00656	0.96742
104 T	0.02586	0.00596	0.96817
105 C	0.02572	0.00564	0.96864
106 A	0.02563	0.00569	0.96868
107 T	0.02561	0.00564	0.96875
108 A	0.02558	0.00567	0.96875
109 G	0.02558	0.00566	0.96876
110 G	0.02561	0.00565	0.96874
111 T	0.02570	0.00557	0.96873
112 A	0.02571	0.00558	0.96871
113 A	0.02576	0.00545	0.9688
114 A	0.02579	0.00537	0.96884
115 T	0.02600	0.00495	0.96906
116 A	0.02601	0.00463	0.96936
117 T	0.02599	0.00418	0.96983
118 A	0.02599	0.00410	0.96991
119 T	0.02603	0.00383	0.97014
120 T	0.02577	0.00376	0.97047
121 G	0.02541	0.00406	0.97053
122 T	0.02528	0.00435	0.97038
123 A	0.02430	0.00532	0.97038
124 A	0.02382	0.00562	0.97055
125 A	0.02360	0.00569	0.9707
126 T	0.02308	0.00596	0.97096
127 C	0.02202	0.00682	0.97115
128 C	0.02094	0.00783	0.97124
129 T	0.01945	0.00933	0.97121
130 C	0.01645	0.01235	0.9712
131 A	0.01494	0.01390	0.97116
132 A	0.01372	0.01515	0.97113
133 A	0.01319	0.01567	0.97113
134 C	0.01290	0.01592	0.97118
135 T	0.01269	0.01611	0.9712
136 A	0.01236	0.01640	0.97125
137 C	0.01222	0.01648	0.9713
138 A	0.01213	0.01656	0.97131
139 A	0.01215	0.01652	0.97133
140 C	0.01223	0.01633	0.97144
141 A	0.01247	0.01605	0.97148
142 T	0.01275	0.01572	0.97153
143 C	0.01289	0.01521	0.9719
144 A	0.01308	0.01481	0.97211
145 T	0.01336	0.01439	0.97226
146 T	0.01342	0.01343	0.97315
147 T	0.01340	0.01299	0.97361
148 A	0.01335	0.01282	0.97383
149 T	0.01335	0.01189	0.97477
150 A	0.01332	0.01071	0.97597
151 A	0.01332	0.00942	0.97726
152 A	0.01336	0.00770	0.97895
153 T	0.01339	0.00464	0.98198
154 G	0.01340	0.00313	0.98347
155 T	0.01343	0.00200	0.98457
156 T	0.01342	0.00150	0.98508
157 T	0.01340	0.00122	0.98538
158 T	0.01337	0.00102	0.98561
159 T	0.01333	0.00080	0.98587
160 T	0.01329	0.00071	0.98601
161 T	0.01322	0.00069	0.98609
162 A	0.01312	0.00078	0.98609
163 T	0.01308	0.00080	0.98612
164 T	0.01301	0.00087	0.98612
165 T	0.01290	0.00102	0.98608
166 T	0.01275	0.00119	0.98606
167 T	0.01257	0.00136	0.98607
168 A	0.01221	0.00171	0.98608
169 T	0.01208	0.00182	0.9861
170 G	0.01187	0.00200	0.98613
171 C	0.01176	0.00207	0.98617
172 A	0.01172	0.00211	0.98617
173 T	0.01168	0.00214	0.98618
174 A	0.01162	0.00219	0.98619
175 A	0.01160	0.00221	0.98619
176 T	0.01159	0.00221	0.9862
177 A	0.01158	0.00220	0.98622
178 G	0.01158	0.00218	0.98624
179 T	0.01159	0.00214	0.98627
180 T	0.01160	0.00210	0.98631
181 T	0.01159	0.00206	0.98635
182 T	0.01158	0.00204	0.98638
183 G	0.01155	0.00203	0.98641
184 A	0.01155	0.00198	0.98646
185 T	0.01159	0.00183	0.98657
186 G	0.01160	0.00175	0.98665
187 G	0.01162	0.00164	0.98674
188 T	0.01166	0.00147	0.98687
189 T	0.01167	0.00135	0.98698
190 A	0.01166	0.00128	0.98706
191 T	0.01167	0.00101	0.98732
192 T	0.01166	0.00091	0.98743
193 T	0.01165	0.00078	0.98757
194 T	0.01162	0.00074	0.98764
195 A	0.01150	0.00083	0.98766
196 G	0.01145	0.00086	0.98769
197 G	0.01141	0.00086	0.98773
198 A	0.01139	0.00088	0.98773
199 A	0.01138	0.00088	0.98773
200 A	0.01139	0.00086	0.98775
201 T	0.01140	0.00082	0.98778
202 T	0.01141	0.00080	0.9878
203 T	0.01141	0.00077	0.98782
204 C	0.01141	0.00075	0.98783
205 G	0.01141	0.00075	0.98784
206 T	0.01142	0.00074	0.98784
207 T	0.01142	0.00076	0.98782
208 A	0.01134	0.00085	0.98782
209 T	0.01130	0.00088	0.98783
210 A	0.01126	0.00091	0.98784
211 A	0.01125	0.00090	0.98785
212 C	0.01129	0.00083	0.98788
213 T	0.01138	0.00073	0.98789
214 T	0.01142	0.00068	0.9879
215 T	0.01144	0.00065	0.9879
216 T	0.01143	0.00066	0.98791
217 T	0.01141	0.00067	0.98792
218 G	0.01138	0.00060	0.98802
219 T	0.01133	0.00061	0.98806
220 A	0.01127	0.00064	0.98809
221 T	0.01124	0.00064	0.98812
222 T	0.01118	0.00069	0.98813
223 T	0.01102	0.00084	0.98813
224 C	0.01073	0.00113	0.98814
225 C	0.01044	0.00142	0.98814
226 A	0.01023	0.00163	0.98814
227 A	0.01012	0.00175	0.98813
228 A	0.01007	0.00180	0.98813
229 A	0.01000	0.00187	0.98813
230 T	0.01000	0.00187	0.98814
231 T	0.00996	0.00180	0.98824
232 G	0.00991	0.00180	0.98829
233 C	0.00989	0.00177	0.98834
234 A	0.00987	0.00178	0.98835
235 T	0.00987	0.00177	0.98836
236 C	0.00986	0.00177	0.98836
237 T	0.00986	0.00178	0.98836
238 T	0.00985	0.00179	0.98836
239 T	0.00983	0.00178	0.98838
240 G	0.00981	0.00178	0.9884
241 G	0.00981	0.00177	0.98842
242 T	0.00981	0.00169	0.9885
243 T	0.00979	0.00161	0.9886
244 T	0.00974	0.00160	0.98865
245 T	0.00961	0.00167	0.98872
246 T	0.00938	0.00177	0.98884
247 A	0.00895	0.00201	0.98904
248 A	0.00879	0.00194	0.98927
249 A	0.00872	0.00183	0.98946
250 G	0.00868	0.00175	0.98956
251 A	0.00864	0.00176	0.9896
252 T	0.00859	0.00175	0.98966
253 T	0.00846	0.00191	0.98963
254 T	0.00826	0.00221	0.98953
255 A	0.00779	0.00288	0.98933
256 A	0.00758	0.00309	0.98933
257 G	0.00739	0.00327	0.98934
258 T	0.00733	0.00334	0.98933
259 A	0.00721	0.00350	0.98929
260 C	0.00713	0.00362	0.98925
261 A	0.00705	0.00411	0.98883
262 G	0.00703	0.00446	0.98851
263 A	0.00701	0.00471	0.98827
264 T	0.00704	0.00478	0.98818
265 T	0.00705	0.00485	0.9881
266 T	0.00705	0.00485	0.98811
267 A	0.00695	0.00490	0.98815
268 T	0.00693	0.00477	0.9883
269 T	0.00689	0.00462	0.98849
270 T	0.00679	0.00442	0.98879
271 A	0.00663	0.00451	0.98886
272 A	0.00654	0.00455	0.98892
273 A	0.00628	0.00477	0.98895
274 A	0.00618	0.00480	0.98902
275 A	0.00612	0.00478	0.9891
276 A	0.00615	0.00460	0.98925
277 A	0.00625	0.00428	0.98947
278 T	0.00645	0.00364	0.9899
279 A	0.00645	0.00343	0.99011
280 C	0.00646	0.00319	0.99035
281 A	0.00649	0.00312	0.9904
282 A	0.00656	0.00298	0.99046
283 A	0.00667	0.00281	0.99052
284 C	0.00715	0.00225	0.9906
285 T	0.00759	0.00180	0.99061
286 T	0.00784	0.00151	0.99066
287 T	0.00788	0.00145	0.99066
288 T	0.00788	0.00145	0.99067
289 T	0.00785	0.00144	0.9907
290 C	0.00774	0.00134	0.99092
291 T	0.00769	0.00133	0.99097
292 T	0.00762	0.00140	0.99099
293 T	0.00743	0.00164	0.99093
294 T	0.00709	0.00214	0.99077
295 A	0.00636	0.00300	0.99064
296 T	0.00592	0.00320	0.99088
297 A	0.00525	0.00377	0.99097
298 G	0.00512	0.00381	0.99106
299 A	0.00508	0.00382	0.99109
300 C	0.00507	0.00380	0.99114
301 A	0.00506	0.00380	0.99113
302 T	0.00506	0.00379	0.99115
303 G	0.00505	0.00381	0.99115
304 C	0.00500	0.00385	0.99115
305 A	0.00498	0.00389	0.99113
306 A	0.00494	0.00393	0.99113
307 A	0.00492	0.00395	0.99113
308 A	0.00492	0.00395	0.99113
309 A	0.00491	0.00395	0.99114
310 T	0.00491	0.00386	0.99123
311 T	0.00491	0.00378	0.99131
312 A	0.00490	0.00372	0.99139
313 G	0.00490	0.00351	0.9916
314 G	0.00491	0.00336	0.99173
315 A	0.00496	0.00316	0.99188
316 G	0.00507	0.00274	0.99219
317 T	0.00532	0.00208	0.99259
318 T	0.00546	0.00138	0.99316
319 T	0.00546	0.00102	0.99352
320 C	0.00546	0.00056	0.99398
321 C	0.00545	0.00051	0.99403
322 A	0.00546	0.00052	0.99402
323 C	0.00546	0.00052	0.99402
324 T	0.00546	0.00055	0.99398
325 A	0.00540	0.00068	0.99393
326 T	0.00536	0.00074	0.9939
327 T	0.00526	0.00089	0.99386
328 G	0.00500	0.00118	0.99382
329 T	0.00487	0.00127	0.99386
330 A	0.00471	0.00142	0.99388
331 A	0.00459	0.00151	0.99389
332 G	0.00452	0.00156	0.99391
333 C	0.00450	0.00158	0.99392
334 A	0.00448	0.00161	0.9939
335 G	0.00447	0.00163	0.9939
336 A	0.00446	0.00167	0.99387
337 A	0.00446	0.00167	0.99387
338 T	0.00448	0.00165	0.99388
339 G	0.00443	0.00168	0.99389
340 A	0.00441	0.00169	0.9939
341 C	0.00441	0.00167	0.99392
342 C	0.00440	0.00168	0.99392
343 T	0.00438	0.00172	0.9939
344 A	0.00435	0.00177	0.99389
345 T	0.00436	0.00176	0.99387
346 A	0.00434	0.00179	0.99387
347 A	0.00436	0.00176	0.99388
348 T	0.00442	0.00156	0.99402
349 G	0.00444	0.00144	0.99412
350 T	0.00452	0.00122	0.99426
351 T	0.00455	0.00099	0.99447
352 T	0.00453	0.00090	0.99456
353 A	0.00447	0.00086	0.99467
354 T	0.00444	0.00080	0.99475
355 C	0.00442	0.00077	0.99481
356 A	0.00440	0.00079	0.99481
357 A	0.00440	0.00078	0.99481
358 A	0.00442	0.00076	0.99482
359 T	0.00445	0.00071	0.99484
360 A	0.00445	0.00071	0.99485
361 A	0.00444	0.00069	0.99487
362 T	0.00444	0.00063	0.99493
363 G	0.00444	0.00060	0.99496
364 A	0.00444	0.00059	0.99497
365 A	0.00444	0.00056	0.99499
366 T	0.00448	0.00050	0.99503
367 T	0.00449	0.00045	0.99506
368 T	0.00450	0.00043	0.99507
369 T	0.00450	0.00042	0.99508
370 G	0.00449	0.00043	0.99508
371 T	0.00449	0.00043	0.99508
372 A	0.00449	0.00044	0.99507
373 A	0.00450	0.00041	0.99509
374 T	0.00451	0.00038	0.99511
375 T	0.00452	0.00033	0.99515
376 G	0.00452	0.00027	0.99521
377 C	0.00453	0.00023	0.99524
378 T	0.00454	0.00021	0.99525
379 T	0.00456	0.00019	0.99525
380 T	0.00456	0.00019	0.99525
381 T	0.00457	0.00020	0.99523
382 T	0.00457	0.00023	0.9952
383 A	0.00457	0.00024	0.99519
384 T	0.00457	0.00025	0.99518
385 A	0.00456	0.00026	0.99517
386 A	0.00456	0.00026	0.99518
387 A	0.00456	0.00026	0.99518
388 A	0.00456	0.00025	0.99519
389 C	0.00456	0.00024	0.99519
390 G	0.00457	0.00023	0.99519
391 G	0.00459	0.00021	0.9952
392 T	0.00461	0.00019	0.9952
393 T	0.00462	0.00018	0.9952
394 G	0.00463	0.00017	0.9952
395 T	0.00464	0.00016	0.9952
396 T	0.00464	0.00016	0.9952
397 T	0.00464	0.00016	0.9952
398 C	0.00464	0.00016	0.9952
399 T	0.00464	0.00016	0.9952
400 A	0.00464	0.00016	0.9952
401 C	0.00464	0.00016	0.9952
402 C	0.00465	0.00015	0.9952
403 C	0.00466	0.00014	0.9952
404 C	0.00468	0.00012	0.9952
405 T	0.00471	0.00009	0.9952
406 A	0.00473	0.00007	0.9952
407 T	0.00475	0.00005	0.9952
408 T	0.00475	0.00004	0.99521
409 C	0.00475	0.00004	0.99521
410 T	0.00475	0.00003	0.99521
411 T	0.00475	0.00003	0.99522
412 T	0.00475	0.00003	0.99522
413 T	0.00475	0.00003	0.99522
414 A	0.00475	0.00003	0.99522
415 G	0.00475	0.00003	0.99523
416 T	0.00475	0.00002	0.99523
417 T	0.00475	0.00002	0.99523
418 T	0.00475	0.00002	0.99523
419 C	0.00475	0.00002	0.99523
420 T	0.00475	0.00003	0.99521
421 T	0.00475	0.00004	0.99521
422 G	0.00475	0.00004	0.99521
423 T	0.00474	0.00006	0.9952
424 T	0.00474	0.00007	0.99519
425 T	0.00473	0.00009	0.99518
426 T	0.00472	0.00011	0.99517
427 A	0.00469	0.00016	0.99515
428 T	0.00468	0.00017	0.99515
429 T	0.00467	0.00020	0.99514
430 A	0.00465	0.00022	0.99512
431 T	0.00465	0.00024	0.99511
432 A	0.00464	0.00025	0.99511
433 G	0.00464	0.00025	0.9951
434 T	0.00464	0.00026	0.9951
435 T	0.00464	0.00026	0.9951
436 T	0.00463	0.00027	0.9951
437 A	0.00462	0.00027	0.9951
438 C	0.00462	0.00028	0.9951
439 A	0.00462	0.00028	0.9951
440 A	0.00462	0.00028	0.9951
441 G	0.00462	0.00028	0.9951
442 A	0.00462	0.00028	0.9951
443 T	0.00463	0.00027	0.99509
444 T	0.00464	0.00027	0.99509
445 A	0.00464	0.00027	0.99509
446 A	0.00465	0.00026	0.99509
447 T	0.00466	0.00024	0.9951
448 T	0.00467	0.00022	0.99511
449 A	0.00468	0.00020	0.99512
450 T	0.00470	0.00016	0.99515
451 T	0.00471	0.00014	0.99516
452 C	0.00471	0.00012	0.99517
453 G	0.00472	0.00011	0.99517
454 T	0.00473	0.00010	0.99517
455 T	0.00473	0.00010	0.99517
456 A	0.00472	0.00011	0.99517
457 T	0.00472	0.00011	0.99517
458 C	0.00472	0.00011	0.99517
459 T	0.00472	0.00014	0.99514
460 T	0.00472	0.00015	0.99513
461 A	0.00471	0.00016	0.99513
462 T	0.00470	0.00017	0.99513
463 G	0.00469	0.00018	0.99513
464 G	0.00469	0.00019	0.99513
465 C	0.00469	0.00019	0.99513
466 A	0.00469	0.00019	0.99511
467 T	0.00469	0.00019	0.99511
468 A	0.00470	0.00019	0.99511
469 T	0.00470	0.00019	0.99511
470 T	0.00470	0.00019	0.99511
471 A	0.00470	0.00019	0.99511
472 G	0.00470	0.00018	0.99511
473 C	0.00470	0.00018	0.99511
474 T	0.00470	0.00018	0.99511
475 A	0.00471	0.00018	0.99512
476 T	0.00471	0.00018	0.99512
477 A	0.00471	0.00018	0.99512
478 A	0.00471	0.00017	0.99512
479 C	0.00472	0.00015	0.99512
480 G	0.00473	0.00014	0.99513
481 T	0.00474	0.00013	0.99514
482 T	0.00477	0.00010	0.99514
483 T	0.00478	0.00009	0.99514
484 T	0.00478	0.00008	0.99514
485 G	0.00478	0.00007	0.99515
486 T	0.00478	0.00006	0.99516
487 T	0.00479	0.00005	0.99516
488 T	0.00479	0.00005	0.99516
489 T	0.00479	0.00004	0.99516
490 A	0.00479	0.00004	0.99516
491 T	0.00479	0.00004	0.99517
492 C	0.00479	0.00004	0.99517
493 T	0.00479	0.00004	0.99517
494 T	0.00479	0.00003	0.99517
495 T	0.00479	0.00004	0.99517
496 C	0.00479	0.00004	0.99517
497 T	0.00479	0.00005	0.99516
498 T	0.00479	0.00009	0.99512
499 T	0.00478	0.00015	0.99508
500 T	0.00477	0.00020	0.99503
501 A	0.00476	0.00024	0.99501
502 A	0.00475	0.00028	0.99497
503 T	0.00475	0.00029	0.99495
504 T	0.00475	0.00031	0.99494
505 T	0.00475	0.00033	0.99492
506 T	0.00475	0.00035	0.9949
507 T	0.00474	0.00037	0.99489
508 A	0.00474	0.00039	0.99487
509 T	0.00474	0.00040	0.99486
510 T	0.00474	0.00041	0.99485
511 A	0.00473	0.00043	0.99483
512 T	0.00473	0.00045	0.99482
513 T	0.00473	0.00048	0.99479
514 T	0.00472	0.00051	0.99477
515 T	0.00471	0.00055	0.99474
516 G	0.00465	0.00064	0.99471
517 A	0.00460	0.00075	0.99465
518 A	0.00457	0.00084	0.9946
519 A	0.00457	0.00090	0.99454
520 A	0.00458	0.00100	0.99442
521 A	0.00462	0.00107	0.9943
522 T	0.00469	0.00109	0.99422
523 T	0.00473	0.00107	0.99419
524 A	0.00474	0.00107	0.99418
525 T	0.00477	0.00106	0.99417
526 T	0.00478	0.00109	0.99413
527 C	0.00474	0.00116	0.9941
528 T	0.00475	0.00124	0.99401
529 T	0.00473	0.00127	0.99399
530 T	0.00469	0.00133	0.99398
531 A	0.00461	0.00142	0.99397
532 T	0.00458	0.00145	0.99397
533 C	0.00442	0.00161	0.99397
534 A	0.00428	0.00178	0.99395
535 A	0.00420	0.00189	0.99391
536 T	0.00416	0.00197	0.99387
537 T	0.00406	0.00208	0.99385
538 G	0.00373	0.00245	0.99382
539 A	0.00336	0.00288	0.99376
540 A	0.00322	0.00300	0.99379
541 C	0.00316	0.00304	0.9938
542 A	0.00314	0.00311	0.99376
543 A	0.00321	0.00308	0.99371
544 C	0.00328	0.00305	0.99366
545 A	0.00335	0.00309	0.99356
546 T	0.00338	0.00307	0.99355
547 A	0.00337	0.00308	0.99355
548 A	0.00340	0.00306	0.99354
549 T	0.00346	0.00300	0.99354
550 C	0.00347	0.00288	0.99364
551 T	0.00353	0.00285	0.99362
552 T	0.00348	0.00297	0.99356
553 T	0.00339	0.00313	0.99347
554 T	0.00329	0.00335	0.99336
555 A	0.00297	0.00389	0.99313
556 G	0.00278	0.00411	0.99311
557 A	0.00267	0.00438	0.99295
558 A	0.00264	0.00446	0.9929
559 G	0.00265	0.00453	0.99283
560 A	0.00264	0.00456	0.9928
561 A	0.00267	0.00436	0.99297
562 A	0.00275	0.00401	0.99323
563 T	0.00279	0.00389	0.99332
564 G	0.00279	0.00406	0.99315
565 A	0.00283	0.00427	0.9929
566 A	0.00287	0.00430	0.99283
567 T	0.00293	0.00428	0.99279
568 T	0.00297	0.00434	0.99268
569 A	0.00292	0.00458	0.9925
570 T	0.00289	0.00488	0.99223
571 A	0.00283	0.00570	0.99147
572 A	0.00280	0.00594	0.99126
573 A	0.00273	0.00618	0.99109
574 A	0.00275	0.00615	0.9911
575 T	0.00285	0.00591	0.99124
576 C	0.00287	0.00583	0.9913
577 A	0.00293	0.00580	0.99127
578 G	0.00308	0.00560	0.99132
579 A	0.00325	0.00562	0.99114
580 T	0.00353	0.00534	0.99114
581 C	0.00355	0.00530	0.99115
582 T	0.00358	0.00534	0.99107
583 A	0.00348	0.00550	0.99102
584 G	0.00348	0.00551	0.99101
585 C	0.00355	0.00550	0.99095
586 A	0.00362	0.00550	0.99088
587 T	0.00390	0.00529	0.99081
588 T	0.00411	0.00521	0.99067
589 A	0.00413	0.00539	0.99047
590 C	0.00410	0.00551	0.99038
591 A	0.00408	0.00569	0.99023
592 G	0.00414	0.00572	0.99014
593 G	0.00430	0.00569	0.99001
594 A	0.00477	0.00541	0.98982
595 G	0.00492	0.00544	0.98963
596 T	0.00513	0.00540	0.98946
597 A	0.00508	0.00587	0.98904
598 A	0.00505	0.00628	0.98867
599 A	0.00506	0.00661	0.98834
600 A	0.00511	0.00682	0.98807
601 A	0.00528	0.00711	0.9876
602 T	0.00564	0.00741	0.98696
603 A	0.00569	0.00752	0.98679
604 A	0.00564	0.00763	0.98673
605 T	0.00558	0.00766	0.98676
606 T	0.00503	0.00820	0.98677
607 C	0.00430	0.00890	0.98681
608 G	0.00402	0.00925	0.98673
609 A	0.00403	0.00935	0.98662
610 A	0.00410	0.00935	0.98656
611 C	0.00427	0.00913	0.9866
612 T	0.00451	0.00903	0.98646
613 T	0.00456	0.00919	0.98625
614 T	0.00445	0.00961	0.98594
615 A	0.00417	0.00997	0.98585
616 A	0.00417	0.01003	0.9858
617 A	0.00426	0.00979	0.98595
618 T	0.00438	0.00955	0.98607
619 C	0.00434	0.00958	0.98608
620 A	0.00438	0.01000	0.98563
621 A	0.00394	0.01063	0.98543
622 G	0.00371	0.01094	0.98534
623 A	0.00381	0.01096	0.98523
624 A	0.00412	0.01075	0.98512
625 A	0.00471	0.01019	0.98509
626 A	0.00492	0.00997	0.98511
627 A	0.00512	0.00974	0.98513
628 A	0.00507	0.00970	0.98523
629 A	0.00498	0.00934	0.98568
630 T	0.00471	0.00916	0.98614
631 G	0.00382	0.01003	0.98615
632 A	0.00313	0.01124	0.98563
633 A	0.00242	0.01269	0.9849
634 G	0.00190	0.01328	0.98482
635 A	0.00157	0.01363	0.9848
636 A	0.00147	0.01369	0.98485
637 A	0.00154	0.01342	0.98505
638 C	0.00143	0.01322	0.98536
639 A	0.00138	0.01329	0.98533
640 A	0.00141	0.01322	0.98537
641 A	0.00148	0.01306	0.98546
642 A	0.00159	0.01273	0.98567
643 T	0.00204	0.01200	0.98596
644 T	0.00217	0.01099	0.98684
645 C	0.00208	0.01047	0.98745
646 G	0.00200	0.01043	0.98757
647 A	0.00181	0.01058	0.98761
648 A	0.00170	0.01069	0.98762
649 A	0.00159	0.01081	0.9876
650 A	0.00167	0.01068	0.98765
651 A	0.00184	0.01010	0.98806
652 A	0.00209	0.00937	0.98854
653 T	0.00248	0.00839	0.98913
654 A	0.00265	0.00734	0.99001
655 A	0.00317	0.00602	0.99082
656 A	0.00387	0.00450	0.99163
657 T	0.00409	0.00360	0.99231
658 G	0.00418	0.00305	0.99277
659 T	0.00429	0.00261	0.99311
660 A	0.00432	0.00239	0.99329
661 T	0.00435	0.00214	0.99351
662 T	0.00436	0.00201	0.99363
663 G	0.00433	0.00198	0.99368
664 T	0.00431	0.00195	0.99374
665 T	0.00424	0.00204	0.99372
666 T	0.00412	0.00216	0.99372
667 A	0.00383	0.00243	0.99373
668 G	0.00374	0.00240	0.99386
669 A	0.00372	0.00234	0.99394
670 G	0.00373	0.00209	0.99417
671 A	0.00378	0.00189	0.99433
672 T	0.00385	0.00163	0.99452
673 T	0.00387	0.00155	0.99458
674 C	0.00387	0.00151	0.99462
675 G	0.00387	0.00152	0.99462
676 A	0.00388	0.00151	0.99461
677 T	0.00390	0.00148	0.99462
678 T	0.00391	0.00146	0.99463
679 G	0.00392	0.00145	0.99463
680 T	0.00393	0.00143	0.99463
681 T	0.00395	0.00141	0.99465
682 A	0.00395	0.00139	0.99466
683 A	0.00396	0.00136	0.99467
684 A	0.00400	0.00131	0.9947
685 T	0.00406	0.00116	0.99477
686 T	0.00412	0.00103	0.99485
687 A	0.00416	0.00093	0.99491
688 T	0.00425	0.00075	0.995
689 T	0.00430	0.00061	0.99509
690 T	0.00433	0.00040	0.99527
691 A	0.00435	0.00034	0.99531
692 A	0.00438	0.00028	0.99533
693 T	0.00440	0.00025	0.99535
694 T	0.00441	0.00022	0.99537
695 C	0.00441	0.00022	0.99537
696 T	0.00441	0.00021	0.99537
697 A	0.00441	0.00022	0.99537
698 T	0.00442	0.00020	0.99538
699 T	0.00442	0.00020	0.99538
700 C	0.00442	0.00020	0.99538
701 T	0.00442	0.00020	0.99538
702 T	0.00442	0.00020	0.99538
703 T	0.00441	0.00021	0.99539
704 C	0.00440	0.00021	0.99539
705 G	0.00440	0.00022	0.99539
706 A	0.00440	0.00021	0.99539
707 T	0.00441	0.00021	0.99539
708 T	0.00441	0.00021	0.99539
709 G	0.00441	0.00021	0.99539
710 A	0.00441	0.00020	0.99539
711 A	0.00442	0.00019	0.9954
712 C	0.00443	0.00016	0.9954
713 C	0.00446	0.00014	0.99541
714 T	0.00448	0.00012	0.99541
715 T	0.00448	0.00011	0.99541
716 T	0.00449	0.00011	0.99541
717 A	0.00449	0.00011	0.99539
718 T	0.00449	0.00011	0.9954
719 T	0.00449	0.00010	0.9954
720 T	0.00449	0.00010	0.99541
721 T	0.00449	0.00009	0.99541
722 A	0.00449	0.00009	0.99542
723 T	0.00449	0.00009	0.99542
724 T	0.00448	0.00008	0.99543
725 T	0.00448	0.00008	0.99544
726 C	0.00446	0.00009	0.99544
727 T	0.00446	0.00010	0.99545
728 T	0.00445	0.00011	0.99545
729 A	0.00443	0.00013	0.99544
730 T	0.00442	0.00014	0.99543
731 T	0.00441	0.00015	0.99543
732 A	0.00440	0.00016	0.99544
733 A	0.00440	0.00016	0.99544
734 A	0.00440	0.00016	0.99544
735 T	0.00440	0.00016	0.99544
736 C	0.00439	0.00016	0.99544
737 T	0.00439	0.00017	0.99544
738 G	0.00438	0.00017	0.99544
739 T	0.00439	0.00017	0.99544
740 C	0.00438	0.00017	0.99544
741 T	0.00439	0.00018	0.99544
742 A	0.00439	0.00018	0.99543
743 T	0.00439	0.00018	0.99542
744 T	0.00439	0.00019	0.99542
745 A	0.00439	0.00019	0.99542
746 T	0.00439	0.00019	0.99542
747 T	0.00439	0.00019	0.99542
748 A	0.00439	0.00019	0.99543
749 T	0.00439	0.00017	0.99544
750 T	0.00439	0.00017	0.99544
751 A	0.00438	0.00017	0.99545
752 C	0.00439	0.00015	0.99547
753 T	0.00439	0.00014	0.99547
754 A	0.00439	0.00015	0.99547
755 T	0.00438	0.00015	0.99547
756 T	0.00437	0.00016	0.99547
757 A	0.00436	0.00017	0.99547
758 A	0.00436	0.00017	0.99548
759 A	0.00436	0.00016	0.99548
760 C	0.00436	0.00015	0.99549
761 T	0.00435	0.00015	0.99549
762 T	0.00435	0.00015	0.99549
763 G	0.00434	0.00016	0.99549
764 C	0.00434	0.00016	0.99549
765 T	0.00433	0.00017	0.99549
766 T	0.00430	0.00020	0.99549
767 C	0.00425	0.00026	0.99549
768 G	0.00418	0.00033	0.99549
769 G	0.00415	0.00036	0.99549
770 A	0.00414	0.00037	0.99549
771 T	0.00414	0.00037	0.99549
772 C	0.00413	0.00039	0.99548
773 T	0.00412	0.00040	0.99547
774 T	0.00410	0.00042	0.99547
775 A	0.00407	0.00046	0.99547
776 T	0.00405	0.00047	0.99548
777 T	0.00402	0.00050	0.99548
778 C	0.00397	0.00055	0.99548
779 T	0.00391	0.00063	0.99546
780 A	0.00370	0.00087	0.99542
781 G	0.00350	0.00112	0.99537
782 A	0.00340	0.00127	0.99532
783 A	0.00332	0.00137	0.99531
784 G	0.00329	0.00141	0.9953
785 G	0.00326	0.00145	0.99529
786 A	0.00324	0.00148	0.99528
787 A	0.00324	0.00149	0.99528
788 A	0.00323	0.00148	0.99528
789 A	0.00323	0.00147	0.9953
790 A	0.00323	0.00142	0.99535
791 T	0.00324	0.00134	0.99543
792 G	0.00324	0.00131	0.99546
793 G	0.00324	0.00129	0.99547
794 A	0.00324	0.00128	0.99548
795 T	0.00325	0.00126	0.99549
796 A	0.00326	0.00124	0.99551
797 T	0.00327	0.00119	0.99553
798 T	0.00327	0.00114	0.99558
799 G	0.00328	0.00111	0.99561
800 G	0.00328	0.00106	0.99566
801 T	0.00330	0.00099	0.99571
802 A	0.00331	0.00094	0.99575
803 A	0.00335	0.00075	0.9959
804 T	0.00343	0.00051	0.99607
805 T	0.00347	0.00039	0.99613
806 T	0.00348	0.00035	0.99617
807 A	0.00349	0.00039	0.99613
808 T	0.00350	0.00039	0.99611
809 A	0.00351	0.00040	0.9961
810 T	0.00352	0.00039	0.99609
811 A	0.00352	0.00041	0.99606
812 T	0.00354	0.00042	0.99604
813 T	0.00354	0.00046	0.996
814 T	0.00354	0.00050	0.99596
815 G	0.00353	0.00054	0.99593
816 T	0.00353	0.00056	0.9959
817 A	0.00353	0.00058	0.9959
818 T	0.00353	0.00058	0.99589
819 A	0.00353	0.00059	0.99589
820 A	0.00353	0.00059	0.99589
821 C	0.00354	0.00058	0.99589
822 T	0.00356	0.00056	0.99589
823 T	0.00357	0.00055	0.99588
824 A	0.00358	0.00055	0.99587
825 T	0.00359	0.00054	0.99587
826 A	0.00360	0.00053	0.99587
827 A	0.00361	0.00052	0.99587
828 T	0.00364	0.00049	0.99587
829 G	0.00367	0.00045	0.99588
830 T	0.00374	0.00037	0.99589
831 T	0.00377	0.00034	0.99589
832 C	0.00379	0.00032	0.99589
833 A	0.00381	0.00031	0.99588
834 T	0.00385	0.00027	0.99588
835 A	0.00387	0.00025	0.99588
836 T	0.00392	0.00020	0.99588
837 T	0.00396	0.00016	0.99588
838 T	0.00398	0.00013	0.99589
839 T	0.00400	0.00011	0.99589
840 A	0.00400	0.00010	0.99591
841 T	0.00400	0.00009	0.99591
842 C	0.00401	0.00008	0.99591
843 T	0.00401	0.00008	0.99591
844 T	0.00401	0.00008	0.99591
845 C	0.00401	0.00008	0.99591
846 T	0.00401	0.00008	0.99591
847 A	0.00401	0.00008	0.99591
848 T	0.00401	0.00007	0.99591
849 T	0.00401	0.00007	0.99591
850 T	0.00401	0.00007	0.99591
851 T	0.00401	0.00008	0.99591
852 G	0.00401	0.00008	0.99592
853 A	0.00400	0.00008	0.99592
854 G	0.00401	0.00008	0.99592
855 T	0.00401	0.00007	0.99592
856 T	0.00402	0.00006	0.99592
857 T	0.00402	0.00006	0.99592
858 T	0.00402	0.00006	0.99591
859 T	0.00402	0.00006	0.99591
860 T	0.00402	0.00007	0.9959
861 A	0.00402	0.00009	0.99589
862 T	0.00402	0.00010	0.99587
863 T	0.00402	0.00013	0.99585
864 A	0.00400	0.00022	0.99577
865 T	0.00400	0.00029	0.99572
866 T	0.00399	0.00033	0.99567
867 A	0.00399	0.00038	0.99564
868 T	0.00398	0.00040	0.99562
869 T	0.00398	0.00042	0.99559
870 T	0.00396	0.00046	0.99557
871 A	0.00395	0.00051	0.99555
872 T	0.00393	0.00055	0.99553
873 G	0.00390	0.00061	0.99549
874 A	0.00390	0.00069	0.99541
875 T	0.00390	0.00073	0.99537
876 G	0.00390	0.00074	0.99537
877 T	0.00390	0.00074	0.99537
878 T	0.00390	0.00074	0.99536
879 T	0.00390	0.00074	0.99536
880 C	0.00389	0.00076	0.99536
881 C	0.00388	0.00079	0.99533
882 A	0.00387	0.00095	0.99518
883 A	0.00387	0.00099	0.99514
884 A	0.00387	0.00102	0.99511
885 A	0.00387	0.00107	0.99507
886 A	0.00389	0.00106	0.99505
887 C	0.00397	0.00096	0.99507
888 T	0.00404	0.00092	0.99504
889 T	0.00408	0.00093	0.99499
890 T	0.00409	0.00101	0.9949
891 A	0.00407	0.00114	0.9948
892 G	0.00406	0.00119	0.99476
893 T	0.00400	0.00124	0.99476
894 A	0.00394	0.00129	0.99478
895 G	0.00393	0.00128	0.9948
896 C	0.00394	0.00125	0.99481
897 C	0.00398	0.00122	0.9948
898 T	0.00397	0.00124	0.99479
899 T	0.00390	0.00131	0.99479
900 A	0.00377	0.00146	0.99477
901 G	0.00368	0.00157	0.99475
902 C	0.00361	0.00165	0.99474
903 G	0.00342	0.00189	0.99469
904 A	0.00337	0.00201	0.99463
905 A	0.00347	0.00192	0.9946
906 A	0.00349	0.00191	0.99461
907 A	0.00351	0.00189	0.9946
908 T	0.00354	0.00185	0.99461
909 T	0.00355	0.00186	0.99459
910 C	0.00354	0.00190	0.99456
911 A	0.00356	0.00198	0.99447
912 A	0.00360	0.00197	0.99443
913 T	0.00368	0.00192	0.99439
914 A	0.00376	0.00186	0.99438
915 T	0.00379	0.00183	0.99438
916 T	0.00379	0.00176	0.99445
917 T	0.00378	0.00171	0.99451
918 A	0.00374	0.00174	0.99452
919 T	0.00373	0.00172	0.99455
920 T	0.00372	0.00170	0.99458
921 T	0.00370	0.00169	0.9946
922 A	0.00365	0.00175	0.99459
923 A	0.00366	0.00171	0.99463
924 T	0.00366	0.00170	0.99464
925 A	0.00356	0.00202	0.99442
926 T	0.00356	0.00197	0.99446
927 T	0.00354	0.00196	0.9945
928 A	0.00351	0.00198	0.99451
929 A	0.00350	0.00198	0.99453
930 A	0.00351	0.00194	0.99455
931 C	0.00356	0.00183	0.9946
932 C	0.00362	0.00177	0.99461
933 T	0.00369	0.00181	0.9945
934 T	0.00375	0.00202	0.99424
935 G	0.00365	0.00268	0.99366
936 T	0.00361	0.00316	0.99324
937 A	0.00358	0.00374	0.99268
938 T	0.00357	0.00424	0.99218
939 T	0.00351	0.00515	0.99133
940 A	0.00337	0.00707	0.98957
941 A	0.00322	0.00918	0.9876
942 T	0.00288	0.01053	0.98659
943 A	0.00236	0.01205	0.9856
944 A	0.00213	0.01285	0.98502
945 A	0.00207	0.01311	0.98482
946 A	0.00207	0.01310	0.98483
947 A	0.00211	0.01303	0.98486
948 T	0.00237	0.01264	0.98498
949 G	0.00246	0.01250	0.98504
950 C	0.00247	0.01245	0.98508
951 A	0.00244	0.01250	0.98505
952 C	0.00242	0.01257	0.98502
953 T	0.00242	0.01271	0.98487
954 A	0.00240	0.01299	0.98461
955 A	0.00241	0.01299	0.9846
956 A	0.00256	0.01285	0.98459
957 A	0.00294	0.01245	0.98461
958 T	0.00368	0.01155	0.98477
959 C	0.00408	0.01102	0.9849
960 A	0.00450	0.01060	0.98489
961 G	0.00501	0.01015	0.98483
962 A	0.00593	0.00938	0.98469
963 A	0.00791	0.00738	0.9847
964 T	0.01033	0.00484	0.98482
965 T	0.01135	0.00344	0.98521
966 T	0.01186	0.00255	0.98559
967 T	0.01179	0.00268	0.98554
968 T	0.01071	0.00428	0.98502
969 A	0.00841	0.00727	0.98431
970 G	0.00656	0.00949	0.98395
971 A	0.00584	0.01026	0.9839
972 A	0.00524	0.01087	0.98389
973 A	0.00492	0.01119	0.98389
974 A	0.00470	0.01143	0.98387
975 C	0.00438	0.01183	0.98379
976 A	0.00400	0.01291	0.9831
977 T	0.00403	0.01314	0.98283
978 T	0.00376	0.01381	0.98243
979 A	0.00352	0.01414	0.98235
980 A	0.00338	0.01431	0.98231
981 A	0.00331	0.01436	0.98232
982 A	0.00328	0.01433	0.98239
983 C	0.00332	0.01421	0.98248
984 A	0.00343	0.01409	0.98248
985 T	0.00366	0.01385	0.98248
986 T	0.00374	0.01377	0.98249
987 A	0.00377	0.01374	0.98249
988 G	0.00384	0.01363	0.98253
989 A	0.00400	0.01318	0.98282
990 A	0.00434	0.01226	0.98339
991 T	0.00497	0.01028	0.98476
992 T	0.00561	0.00774	0.98666
993 T	0.00586	0.00621	0.98793
994 A	0.00589	0.00599	0.98812
995 A	0.00591	0.00570	0.98839
996 A	0.00595	0.00553	0.98853
997 A	0.00604	0.00527	0.98869
998 A	0.00624	0.00468	0.98908
999 T	0.00704	0.00336	0.9896
1000 G	0.00728	0.00309	0.98962
1001 T	0.00763	0.00266	0.98971
1002 T	0.00767	0.00260	0.98973
1003 T	0.00767	0.00275	0.98959
1004 G	0.00764	0.00293	0.98943
1005 T	0.00764	0.00296	0.98939
1006 T	0.00763	0.00311	0.98926
1007 A	0.00760	0.00342	0.98898
1008 T	0.00754	0.00348	0.98898
1009 C	0.00739	0.00365	0.98896
1010 G	0.00714	0.00405	0.98881
1011 A	0.00681	0.00445	0.98874
1012 C	0.00674	0.00452	0.98874
1013 A	0.00677	0.00451	0.98872
1014 T	0.00691	0.00437	0.98872
1015 C	0.00704	0.00424	0.98873
1016 C	0.00718	0.00411	0.98871
1017 T	0.00743	0.00395	0.98863
1018 G	0.00742	0.00417	0.98841
1019 A	0.00747	0.00465	0.98788
1020 T	0.00757	0.00539	0.98704
1021 A	0.00742	0.00573	0.98685
1022 A	0.00748	0.00572	0.9868
1023 T	0.00775	0.00552	0.98674
1024 T	0.00781	0.00551	0.98667
1025 C	0.00768	0.00570	0.98663
1026 T	0.00763	0.00606	0.98631
1027 A	0.00734	0.00694	0.98572
1028 A	0.00721	0.00727	0.98551
1029 A	0.00723	0.00732	0.98545
1030 T	0.00745	0.00711	0.98544
1031 T	0.00743	0.00703	0.98554
1032 A	0.00740	0.00692	0.98568
1033 A	0.00751	0.00657	0.98592
1034 T	0.00757	0.00621	0.98623
1035 C	0.00753	0.00613	0.98633
1036 T	0.00751	0.00615	0.98634
1037 T	0.00746	0.00621	0.98632
1038 A	0.00732	0.00638	0.9863
1039 G	0.00721	0.00650	0.98629
1040 A	0.00726	0.00648	0.98625
1041 A	0.00744	0.00624	0.98632
1042 A	0.00796	0.00569	0.98635
1043 A	0.00880	0.00485	0.98635
1044 T	0.00908	0.00432	0.98659
1045 A	0.00915	0.00418	0.98666
1046 T	0.00940	0.00386	0.98674
1047 T	0.00954	0.00366	0.9868
1048 A	0.00961	0.00357	0.98683
1049 A	0.00976	0.00344	0.9868
1050 T	0.01007	0.00311	0.98683
1051 T	0.00992	0.00353	0.98655
1052 T	0.00875	0.00532	0.98594
1053 T	0.00749	0.00764	0.98487
1054 A	0.00511	0.01073	0.98417
1055 A	0.00393	0.01222	0.98385
1056 A	0.00332	0.01306	0.98362
1057 T	0.00312	0.01347	0.98341
1058 T	0.00293	0.01363	0.98343
1059 G	0.00265	0.01390	0.98345
1060 A	0.00251	0.01402	0.98347
1061 A	0.00244	0.01399	0.98356
1062 C	0.00236	0.01399	0.98366
1063 A	0.00235	0.01398	0.98366
1064 A	0.00242	0.01390	0.98368
1065 A	0.00251	0.01379	0.9837
1066 T	0.00266	0.01363	0.9837
1067 C	0.00270	0.01359	0.98371
1068 A	0.00273	0.01354	0.98372
1069 G	0.00277	0.01350	0.98373
1070 A	0.00283	0.01344	0.98373
1071 A	0.00296	0.01327	0.98376
1072 A	0.00330	0.01284	0.98386
1073 T	0.00394	0.01169	0.98438
1074 A	0.00461	0.01046	0.98493
1075 G	0.00546	0.00782	0.98672
1076 T	0.00649	0.00551	0.98799
1077 T	0.00697	0.00289	0.99013
1078 G	0.00714	0.00192	0.99095
1079 C	0.00730	0.00127	0.99142
1080 T	0.00756	0.00091	0.99152
1081 T	0.00758	0.00086	0.99156
1082 T	0.00757	0.00090	0.99153
1083 T	0.00739	0.00133	0.99128
1084 G	0.00683	0.00249	0.99067
1085 T	0.00625	0.00416	0.98959
1086 A	0.00463	0.00831	0.98707
1087 G	0.00399	0.01043	0.98558
1088 G	0.00354	0.01192	0.98454
1089 A	0.00329	0.01407	0.98264
1090 A	0.00323	0.01444	0.98232
1091 A	0.00321	0.01462	0.98217
1092 A	0.00317	0.01470	0.98213
1093 A	0.00315	0.01472	0.98212
1094 C	0.00314	0.01473	0.98213
1095 A	0.00304	0.01494	0.98202
1096 G	0.00298	0.01501	0.98201
1097 G	0.00297	0.01504	0.98199
1098 A	0.00295	0.01510	0.98195
1099 T	0.00294	0.01516	0.98191
1100 C	0.00291	0.01519	0.9819
1101 A	0.00289	0.01527	0.98184
1102 G	0.00289	0.01531	0.9818
1103 G	0.00291	0.01534	0.98175
1104 A	0.00297	0.01537	0.98166
1105 A	0.00319	0.01514	0.98167
1106 A	0.00367	0.01436	0.98197
1107 A	0.00453	0.01286	0.9826
1108 A	0.00591	0.01075	0.98333
1109 C	0.00873	0.00629	0.98499
1110 T	0.01019	0.00438	0.98543
1111 A	0.01092	0.00339	0.98569
1112 C	0.01222	0.00192	0.98586
1113 T	0.01255	0.00159	0.98586
1114 T	0.01269	0.00145	0.98586
1115 T	0.01271	0.00140	0.98589
1116 A	0.01265	0.00148	0.98587
1117 A	0.01264	0.00150	0.98586
1118 T	0.01273	0.00130	0.98597
1119 G	0.01274	0.00124	0.98601
1120 A	0.01277	0.00124	0.98599
1121 A	0.01287	0.00115	0.98598
1122 T	0.01297	0.00104	0.98599
1123 T	0.01302	0.00105	0.98594
1124 T	0.01307	0.00100	0.98594
1125 A	0.01309	0.00097	0.98595
1126 A	0.01313	0.00091	0.98597
1127 T	0.01321	0.00081	0.98598
1128 T	0.01321	0.00080	0.98598
1129 C	0.01318	0.00082	0.986
1130 C	0.01317	0.00084	0.986
1131 T	0.01312	0.00089	0.986
1132 C	0.01305	0.00096	0.98599
1133 G	0.01289	0.00117	0.98594
1134 T	0.01285	0.00126	0.98589
1135 T	0.01282	0.00133	0.98586
1136 T	0.01273	0.00142	0.98585
1137 G	0.01243	0.00172	0.98585
1138 A	0.01230	0.00182	0.98588
1139 T	0.01226	0.00179	0.98595
1140 C	0.01215	0.00185	0.986
1141 G	0.01206	0.00194	0.986
1142 A	0.01203	0.00197	0.986
1143 T	0.01204	0.00196	0.986
1144 C	0.01194	0.00205	0.986
1145 C	0.01189	0.00211	0.986
1146 T	0.01188	0.00212	0.986
1147 A	0.01171	0.00229	0.986
1148 C	0.01158	0.00241	0.98601
1149 T	0.01146	0.00254	0.986
1150 C	0.01125	0.00275	0.986
1151 A	0.01109	0.00293	0.98598
1152 A	0.01088	0.00314	0.98598
1153 G	0.01080	0.00323	0.98598
1154 G	0.01075	0.00324	0.98601
1155 A	0.01073	0.00325	0.98602
1156 G	0.01074	0.00308	0.98617
1157 T	0.01079	0.00299	0.98622
1158 T	0.01077	0.00304	0.98619
1159 A	0.01069	0.00316	0.98615
1160 T	0.01065	0.00300	0.98635
1161 A	0.01057	0.00306	0.98637
1162 G	0.01054	0.00313	0.98634
1163 A	0.01051	0.00332	0.98617
1164 A	0.01049	0.00353	0.98597
1165 A	0.01046	0.00387	0.98567
1166 T	0.01040	0.00401	0.98559
1167 T	0.01027	0.00413	0.98561
1168 A	0.00996	0.00454	0.9855
1169 A	0.00984	0.00466	0.9855
1170 T	0.00978	0.00453	0.98568
1171 G	0.00967	0.00455	0.98579
1172 G	0.00961	0.00452	0.98587
1173 T	0.00959	0.00444	0.98597
1174 A	0.00954	0.00447	0.98599
1175 T	0.00953	0.00435	0.98612
1176 A	0.00947	0.00439	0.98613
1177 G	0.00946	0.00441	0.98613
1178 A	0.00949	0.00440	0.98611
1179 T	0.00959	0.00427	0.98614
1180 A	0.00959	0.00428	0.98613
1181 T	0.00970	0.00412	0.98618
1182 T	0.00971	0.00405	0.98624
1183 C	0.00954	0.00418	0.98628
1184 A	0.00944	0.00429	0.98627
1185 A	0.00946	0.00429	0.98625
1186 A	0.00966	0.00411	0.98622
1187 A	0.00999	0.00381	0.9862
1188 T	0.01045	0.00337	0.98618
1189 T	0.01059	0.00319	0.98622
1190 A	0.01060	0.00312	0.98628
1191 T	0.01068	0.00282	0.98651
1192 T	0.01061	0.00290	0.98649
1193 A	0.01036	0.00325	0.98638
1194 T	0.01010	0.00369	0.98621
1195 G	0.00962	0.00446	0.98593
1196 T	0.00938	0.00491	0.98571
1197 T	0.00887	0.00575	0.98538
1198 A	0.00802	0.00720	0.98478
1199 A	0.00767	0.00774	0.98459
1200 A	0.00756	0.00797	0.98447
1201 A	0.00757	0.00800	0.98443
1202 A	0.00758	0.00797	0.98445
1203 T	0.00764	0.00783	0.98453
1204 T	0.00766	0.00776	0.98459
1205 T	0.00765	0.00769	0.98466
1206 A	0.00759	0.00761	0.98481
1207 A	0.00759	0.00749	0.98492
1208 G	0.00761	0.00739	0.98501
1209 A	0.00766	0.00730	0.98504
1210 G	0.00772	0.00719	0.98508
1211 A	0.00779	0.00714	0.98508
1212 T	0.00792	0.00698	0.98509
1213 A	0.00799	0.00698	0.98503
1214 A	0.00804	0.00703	0.98492
1215 A	0.00816	0.00696	0.98488
1216 A	0.00834	0.00664	0.98502
1217 T	0.00878	0.00575	0.98548
1218 T	0.00919	0.00471	0.9861
1219 G	0.00939	0.00423	0.98638
1220 G	0.00971	0.00359	0.9867
1221 T	0.01024	0.00273	0.98703
1222 T	0.01039	0.00247	0.98714
1223 T	0.01046	0.00240	0.98714
1224 T	0.01047	0.00244	0.9871
1225 G	0.01044	0.00247	0.98709
1226 T	0.01043	0.00246	0.98711
1227 T	0.01038	0.00250	0.98713
1228 T	0.01024	0.00262	0.98714
1229 C	0.00984	0.00298	0.98718
1230 C	0.00951	0.00336	0.98714
1231 C	0.00922	0.00391	0.98687
1232 A	0.00895	0.00470	0.98635
1233 A	0.00873	0.00527	0.986
1234 A	0.00872	0.00559	0.98569
1235 A	0.00876	0.00571	0.98552
1236 A	0.00887	0.00572	0.98541
1237 A	0.00909	0.00553	0.98538
1238 A	0.00937	0.00524	0.98539
1239 T	0.00969	0.00489	0.98542
1240 A	0.00983	0.00476	0.98541
1241 T	0.01007	0.00449	0.98544
1242 T	0.01021	0.00433	0.98546
1243 T	0.01030	0.00425	0.98545
1244 T	0.01032	0.00424	0.98544
1245 A	0.01030	0.00433	0.98537
1246 T	0.01029	0.00443	0.98529
1247 T	0.01022	0.00456	0.98522
1248 T	0.01004	0.00477	0.98519
1249 A	0.00964	0.00522	0.98514
1250 A	0.00948	0.00536	0.98516
1251 A	0.00941	0.00528	0.98531
1252 G	0.00941	0.00485	0.98574
1253 G	0.00949	0.00443	0.98608
1254 T	0.00985	0.00382	0.98632
1255 A	0.01031	0.00317	0.98652
1256 C	0.01064	0.00263	0.98672
1257 T	0.01092	0.00233	0.98675
1258 A	0.01104	0.00221	0.98676
1259 T	0.01115	0.00207	0.98677
1260 T	0.01122	0.00201	0.98678
1261 T	0.01124	0.00200	0.98676
1262 T	0.01124	0.00199	0.98677
1263 T	0.01122	0.00201	0.98677
1264 A	0.01112	0.00212	0.98675
1265 G	0.01106	0.00221	0.98673
1266 T	0.01105	0.00227	0.98668
1267 A	0.01094	0.00245	0.9866
1268 A	0.01096	0.00238	0.98666
1269 T	0.01112	0.00211	0.98677
1270 T	0.01123	0.00187	0.9869
1271 T	0.01126	0.00169	0.98705
1272 G	0.01127	0.00140	0.98733
1273 T	0.01130	0.00130	0.98741
1274 T	0.01129	0.00128	0.98744
1275 A	0.01098	0.00160	0.98742
1276 T	0.01067	0.00193	0.9874
1277 T	0.01044	0.00217	0.98738
1278 T	0.01008	0.00257	0.98734
1279 G	0.00922	0.00352	0.98726
1280 G	0.00841	0.00447	0.98713
1281 T	0.00779	0.00529	0.98692
1282 A	0.00688	0.00659	0.98652
1283 A	0.00596	0.00784	0.9862
1284 A	0.00520	0.00899	0.98581
1285 G	0.00477	0.00955	0.98568
1286 A	0.00450	0.01002	0.98548
1287 A	0.00440	0.01013	0.98548
1288 A	0.00441	0.01005	0.98555
1289 A	0.00446	0.00994	0.9856
1290 T	0.00457	0.00969	0.98575
1291 G	0.00458	0.00958	0.98584
1292 C	0.00459	0.00953	0.98588
1293 T	0.00461	0.00958	0.9858
1294 G	0.00450	0.00984	0.98566
1295 A	0.00446	0.01010	0.98543
1296 T	0.00447	0.01016	0.98537
1297 A	0.00445	0.01026	0.9853
1298 G	0.00447	0.00984	0.9857
1299 T	0.00449	0.00932	0.98618
1300 G	0.00449	0.00912	0.9864
1301 A	0.00451	0.00906	0.98643
1302 A	0.00452	0.00878	0.9867
1303 G	0.00462	0.00809	0.98728
1304 A	0.00477	0.00768	0.98755
1305 A	0.00512	0.00696	0.98792
1306 A	0.00544	0.00638	0.98817
1307 T	0.00589	0.00530	0.98881
1308 G	0.00599	0.00492	0.98909
1309 T	0.00617	0.00471	0.98913
1310 T	0.00619	0.00509	0.98872
1311 C	0.00614	0.00552	0.98834
1312 G	0.00609	0.00737	0.98655
1313 A	0.00584	0.01038	0.98378
1314 A	0.00577	0.01177	0.98246
1315 A	0.00572	0.01206	0.98222
1316 A	0.00580	0.01212	0.98208
1317 G	0.00596	0.01191	0.98212
1318 T	0.00620	0.01175	0.98205
1319 C	0.00620	0.01204	0.98177
1320 T	0.00624	0.01268	0.98108
1321 A	0.00621	0.01339	0.9804
1322 A	0.00615	0.01379	0.98006
1323 A	0.00609	0.01403	0.97989
1324 A	0.00622	0.01396	0.97981
1325 T	0.00657	0.01351	0.97992
1326 A	0.00672	0.01332	0.97996
1327 A	0.00707	0.01293	0.98
1328 G	0.00748	0.01248	0.98004
1329 C	0.00798	0.01195	0.98006
