# lcl|CP097583.1_cds_USQ93447.1_1
# AA	inside	membr	outside
1 A	0.46170	0.00000	0.5383
2 T	0.45942	0.00228	0.5383
3 G	0.45814	0.00356	0.5383
4 A	0.45814	0.01230	0.52956
5 A	0.44866	0.02666	0.52468
6 A	0.44866	0.02763	0.52371
7 A	0.31660	0.16025	0.52315
8 C	0.31660	0.16026	0.52314
9 A	0.31393	0.16379	0.52228
10 A	0.31392	0.23180	0.45428
11 A	0.31358	0.23602	0.4504
12 A	0.30748	0.24381	0.4487
13 T	0.29335	0.26212	0.44452
14 A	0.29335	0.26212	0.44452
15 T	0.29335	0.30254	0.40411
16 A	0.29310	0.30279	0.40411
17 T	0.29289	0.30339	0.40372
18 T	0.29288	0.30426	0.40285
19 T	0.29245	0.30476	0.40279
20 T	0.28904	0.31016	0.40079
21 T	0.24834	0.35042	0.40123
22 T	0.24138	0.35721	0.4014
23 C	0.22882	0.37031	0.40087
24 T	0.22324	0.38092	0.39584
25 A	0.20853	0.40134	0.39013
26 A	0.20227	0.40858	0.38914
27 T	0.20322	0.40646	0.39032
28 A	0.19201	0.41499	0.39299
29 A	0.16302	0.44039	0.39658
30 C	0.15071	0.32885	0.52043
31 G	0.14371	0.33931	0.51699
32 A	0.14210	0.34324	0.51466
33 A	0.19968	0.29944	0.50087
34 A	0.20385	0.29881	0.49734
35 T	0.21009	0.28924	0.50066
36 A	0.21258	0.27472	0.5127
37 A	0.21220	0.27583	0.51197
38 C	0.23642	0.25376	0.50982
39 A	0.21740	0.37523	0.40737
40 T	0.21520	0.38679	0.39801
41 T	0.20606	0.40199	0.39195
42 A	0.18930	0.42028	0.39041
43 A	0.18151	0.42640	0.39209
44 A	0.15528	0.41620	0.42852
45 A	0.12935	0.43129	0.43935
46 C	0.12509	0.41979	0.45512
47 A	0.12576	0.41442	0.45981
48 G	0.12700	0.40291	0.47009
49 A	0.12154	0.40597	0.4725
50 A	0.11309	0.41132	0.47559
51 T	0.11656	0.39762	0.48582
52 G	0.11201	0.37117	0.51682
53 G	0.10651	0.36360	0.52989
54 T	0.10683	0.35671	0.53646
55 C	0.10283	0.36116	0.536
56 A	0.10604	0.37247	0.52149
57 A	0.10400	0.38293	0.51308
58 A	0.10407	0.38837	0.50756
59 A	0.10928	0.38317	0.50755
60 A	0.11478	0.37778	0.50744
61 G	0.12474	0.35342	0.52184
62 T	0.21992	0.23498	0.5451
63 T	0.22962	0.21882	0.55156
64 T	0.23404	0.20568	0.56029
65 T	0.23494	0.19526	0.5698
66 A	0.23042	0.20010	0.56948
67 A	0.22825	0.18763	0.58412
68 T	0.21944	0.17545	0.60511
69 T	0.21180	0.18171	0.60649
70 A	0.19465	0.20674	0.59861
71 A	0.18456	0.22655	0.58889
72 A	0.17578	0.23506	0.58916
73 G	0.14985	0.25186	0.59829
74 G	0.12532	0.27698	0.5977
75 A	0.12207	0.27977	0.59815
76 T	0.12668	0.27169	0.60163
77 G	0.12492	0.27000	0.60507
78 G	0.12645	0.26316	0.61039
79 A	0.13861	0.24860	0.61279
80 T	0.14690	0.23553	0.61757
81 C	0.14793	0.23311	0.61897
82 G	0.14313	0.23974	0.61712
83 C	0.14385	0.24140	0.61475
84 T	0.14229	0.25378	0.60393
85 A	0.12904	0.28958	0.58138
86 G	0.11882	0.32692	0.55426
87 A	0.11009	0.39067	0.49924
88 A	0.10485	0.41136	0.48379
89 A	0.10322	0.42499	0.47179
90 A	0.10233	0.42952	0.46815
91 A	0.10297	0.42201	0.47502
92 G	0.10569	0.41161	0.4827
93 A	0.11550	0.38952	0.49498
94 A	0.12831	0.36711	0.50458
95 A	0.13607	0.35012	0.51381
96 T	0.14122	0.32045	0.53833
97 A	0.14159	0.30000	0.5584
98 T	0.14448	0.29122	0.56429
99 A	0.14250	0.29164	0.56586
100 G	0.13975	0.29054	0.56971
101 G	0.13782	0.29012	0.57207
102 T	0.13633	0.29110	0.57257
103 A	0.13349	0.29587	0.57064
104 A	0.13215	0.29718	0.57067
105 G	0.13348	0.29680	0.56972
106 A	0.13657	0.30132	0.56211
107 A	0.14778	0.28930	0.56291
108 A	0.17135	0.25373	0.57493
109 A	0.19977	0.21468	0.58555
110 T	0.25609	0.14791	0.59599
111 A	0.27143	0.12518	0.60339
112 T	0.29057	0.09761	0.61182
113 T	0.29888	0.08271	0.61841
114 T	0.30172	0.07601	0.62227
115 T	0.30320	0.07354	0.62326
116 T	0.30399	0.07350	0.62251
117 A	0.30246	0.08010	0.61743
118 A	0.30232	0.08060	0.61708
119 T	0.30282	0.07855	0.61864
120 T	0.30227	0.07700	0.62073
121 T	0.29974	0.07825	0.62201
122 T	0.29082	0.08525	0.62393
123 A	0.28738	0.08785	0.62476
124 A	0.28457	0.08967	0.62577
125 G	0.28463	0.08790	0.62746
126 G	0.28762	0.08299	0.62939
127 G	0.29115	0.07819	0.63066
128 A	0.29846	0.07077	0.63077
129 T	0.30845	0.06083	0.63071
130 T	0.31102	0.05788	0.6311
131 T	0.31168	0.05723	0.63109
132 T	0.31109	0.05814	0.63077
133 T	0.30993	0.05952	0.63055
134 C	0.30585	0.06398	0.63017
135 A	0.30195	0.07051	0.62754
136 G	0.30072	0.07377	0.62551
137 G	0.30055	0.07516	0.62429
138 A	0.30127	0.07612	0.62261
139 A	0.30369	0.07527	0.62104
140 T	0.31064	0.06584	0.62353
141 T	0.31253	0.06233	0.62514
142 G	0.31302	0.06013	0.62686
143 T	0.31381	0.05731	0.62888
144 A	0.31418	0.05435	0.63148
145 C	0.31502	0.04556	0.63942
146 A	0.31635	0.04308	0.64056
147 A	0.31822	0.03906	0.64273
148 T	0.31941	0.03734	0.64325
149 T	0.32020	0.03660	0.6432
150 G	0.32057	0.03661	0.64282
151 G	0.32145	0.03623	0.64232
152 T	0.32217	0.03750	0.64033
153 G	0.32157	0.04019	0.63823
154 A	0.32128	0.04964	0.62909
155 T	0.32091	0.05163	0.62746
156 A	0.31964	0.05271	0.62765
157 G	0.31831	0.05123	0.63046
158 A	0.31980	0.04746	0.63273
159 T	0.32174	0.04505	0.63321
160 C	0.32201	0.04584	0.63215
161 A	0.32263	0.05425	0.62312
162 T	0.32360	0.05482	0.62159
163 G	0.32259	0.05712	0.62029
164 A	0.31749	0.06461	0.6179
165 T	0.31614	0.06629	0.61756
166 C	0.31488	0.06815	0.61696
167 A	0.31401	0.07040	0.61559
168 T	0.31415	0.07026	0.61559
169 C	0.31376	0.07066	0.61557
170 A	0.31373	0.07088	0.61539
171 T	0.31435	0.07037	0.61528
172 C	0.31445	0.07021	0.61535
173 A	0.31484	0.06987	0.61529
174 A	0.31539	0.06931	0.6153
175 T	0.31777	0.06657	0.61566
176 A	0.31861	0.06518	0.6162
177 T	0.32634	0.05691	0.61675
178 G	0.32640	0.05542	0.61818
179 A	0.32562	0.05460	0.61977
180 T	0.32550	0.05270	0.6218
181 C	0.32413	0.05283	0.62305
182 A	0.32187	0.05538	0.62275
183 A	0.31970	0.05787	0.62243
184 A	0.32741	0.04958	0.62301
185 T	0.32919	0.04707	0.62375
186 A	0.33004	0.04496	0.62501
187 G	0.33225	0.03585	0.6319
188 C	0.33292	0.03278	0.63431
189 T	0.33370	0.03070	0.63561
190 T	0.33404	0.02968	0.63629
191 C	0.33387	0.02938	0.63675
192 T	0.33369	0.02999	0.63632
193 T	0.33279	0.03236	0.63485
194 T	0.33015	0.03756	0.63229
195 T	0.32281	0.04921	0.62798
196 A	0.30215	0.07545	0.62241
197 A	0.29023	0.08859	0.62118
198 A	0.27740	0.10177	0.62082
199 G	0.26809	0.10987	0.62204
200 T	0.25984	0.11797	0.62219
201 A	0.24819	0.13111	0.62069
202 G	0.24348	0.13481	0.62171
203 A	0.24076	0.13747	0.62176
204 A	0.23954	0.13693	0.62353
205 A	0.23962	0.13405	0.62634
206 C	0.24003	0.12978	0.63019
207 T	0.23989	0.12962	0.63049
208 G	0.23960	0.12984	0.63057
209 T	0.23952	0.12956	0.63093
210 A	0.23919	0.12972	0.63109
211 G	0.23906	0.12966	0.63128
212 T	0.23923	0.12849	0.63229
213 C	0.23924	0.12652	0.63424
214 G	0.23933	0.12638	0.63429
215 A	0.24007	0.12601	0.63392
216 A	0.24206	0.12334	0.6346
217 G	0.24520	0.11749	0.63731
218 T	0.25043	0.10699	0.64258
219 T	0.25358	0.08480	0.66161
220 A	0.25273	0.07593	0.67135
221 T	0.25148	0.06569	0.68282
222 A	0.24479	0.06923	0.68598
223 G	0.24112	0.07020	0.68868
224 G	0.23967	0.06667	0.69366
225 A	0.23652	0.07457	0.68891
226 T	0.23523	0.08143	0.68333
227 T	0.23147	0.10105	0.66748
228 A	0.21988	0.12171	0.65841
229 G	0.20594	0.14276	0.6513
230 T	0.19972	0.14956	0.65072
231 T	0.19027	0.15921	0.65053
232 C	0.17739	0.17252	0.65009
233 G	0.16942	0.18259	0.64799
234 C	0.16200	0.19138	0.64662
235 G	0.15006	0.20720	0.64274
236 A	0.14211	0.21898	0.63891
237 A	0.13607	0.22841	0.63553
238 A	0.13510	0.23144	0.63347
239 G	0.13351	0.23398	0.63251
240 A	0.13043	0.23823	0.63135
241 A	0.12970	0.23934	0.63095
242 T	0.13087	0.23660	0.63253
243 A	0.12861	0.23994	0.63144
244 A	0.12887	0.23870	0.63242
245 A	0.13337	0.22905	0.63757
246 T	0.13968	0.21879	0.64153
247 A	0.14160	0.21429	0.64411
248 A	0.14793	0.20492	0.64716
249 A	0.15505	0.19551	0.64944
250 A	0.17036	0.17705	0.65259
251 A	0.17968	0.15809	0.66222
252 T	0.18933	0.13223	0.67844
253 T	0.19012	0.12372	0.68616
254 T	0.18673	0.12133	0.69193
255 T	0.18080	0.12885	0.69035
256 A	0.16398	0.16061	0.6754
257 A	0.14984	0.18308	0.66709
258 A	0.13695	0.20246	0.66059
259 A	0.13206	0.21095	0.65699
260 T	0.13007	0.21218	0.65774
261 A	0.12030	0.22692	0.65278
262 A	0.11534	0.22991	0.65475
263 A	0.11371	0.22754	0.65875
264 A	0.11162	0.22690	0.66148
265 A	0.11126	0.22474	0.664
266 C	0.11418	0.21695	0.66888
267 T	0.11603	0.21325	0.67072
268 G	0.11517	0.21278	0.67205
269 G	0.11429	0.21307	0.67264
270 C	0.11362	0.21339	0.67299
271 G	0.11291	0.21788	0.66921
272 A	0.11296	0.22593	0.66111
273 A	0.11535	0.22673	0.65793
274 A	0.11956	0.22573	0.6547
275 T	0.12642	0.21999	0.65359
276 T	0.13089	0.21218	0.65693
277 G	0.13308	0.20802	0.65889
278 A	0.14101	0.19682	0.66217
279 A	0.15837	0.16813	0.6735
280 A	0.17087	0.14384	0.68528
281 T	0.18919	0.10930	0.70151
282 T	0.19863	0.09140	0.70997
283 T	0.20242	0.08310	0.71447
284 T	0.20436	0.07427	0.72136
285 A	0.20294	0.07312	0.72394
286 A	0.20268	0.07137	0.72595
287 T	0.20256	0.06842	0.72902
288 T	0.20214	0.06825	0.72962
289 G	0.20109	0.07034	0.72856
290 A	0.20041	0.07592	0.72367
291 A	0.19916	0.08108	0.71976
292 A	0.19924	0.08355	0.7172
293 A	0.20017	0.08325	0.71658
294 A	0.20466	0.07838	0.71696
295 T	0.21348	0.07024	0.71628
296 G	0.21688	0.06939	0.71373
297 T	0.22118	0.06577	0.71305
298 A	0.22338	0.06735	0.70928
299 A	0.22580	0.06559	0.70861
300 T	0.23058	0.05992	0.70949
301 C	0.23308	0.05721	0.70971
302 T	0.23556	0.05564	0.7088
303 T	0.23737	0.05516	0.70747
304 T	0.23824	0.05457	0.70719
305 T	0.23842	0.05474	0.70685
306 A	0.23828	0.05521	0.70651
307 T	0.23867	0.05398	0.70734
308 C	0.23808	0.05295	0.70896
309 T	0.23189	0.05978	0.70833
310 G	0.21849	0.07332	0.7082
311 A	0.21488	0.07707	0.70805
312 G	0.21360	0.07782	0.70857
313 G	0.21652	0.07443	0.70905
314 C	0.22072	0.06848	0.7108
315 T	0.22442	0.06461	0.71098
316 C	0.22555	0.06349	0.71097
317 A	0.22626	0.06331	0.71043
318 A	0.22865	0.06113	0.71022
319 A	0.23180	0.05817	0.71002
320 A	0.23370	0.05638	0.70993
321 T	0.23926	0.05046	0.71028
322 T	0.24108	0.04775	0.71117
323 T	0.24150	0.04690	0.71161
324 A	0.24145	0.04626	0.7123
325 C	0.24191	0.04496	0.71313
326 C	0.24221	0.04462	0.71317
327 T	0.24185	0.04694	0.7112
328 T	0.24131	0.05219	0.7065
329 T	0.24028	0.05538	0.70434
330 A	0.22817	0.07072	0.70111
331 A	0.22519	0.07481	0.69999
332 A	0.22487	0.06762	0.7075
333 T	0.22489	0.05359	0.72152
334 G	0.22504	0.04882	0.72614
335 T	0.22541	0.04618	0.7284
336 T	0.22523	0.04586	0.7289
337 T	0.22426	0.04764	0.7281
338 T	0.22129	0.05271	0.726
339 T	0.21718	0.05709	0.72573
340 G	0.20697	0.06817	0.72487
341 A	0.19541	0.08321	0.72138
342 A	0.19174	0.09115	0.71711
343 C	0.18894	0.09427	0.71679
344 A	0.18544	0.09948	0.71507
345 A	0.18352	0.10251	0.71397
346 A	0.18246	0.10536	0.71217
347 C	0.18192	0.10693	0.71115
348 A	0.18150	0.10865	0.70985
349 A	0.18198	0.10729	0.71073
350 A	0.18404	0.10373	0.71223
351 T	0.18922	0.09732	0.71347
352 G	0.18901	0.09646	0.71453
353 C	0.18970	0.08420	0.7261
354 T	0.18872	0.08388	0.7274
355 T	0.17806	0.09584	0.7261
356 T	0.16158	0.11584	0.72258
357 A	0.13593	0.14838	0.71569
358 G	0.12141	0.17033	0.70825
359 A	0.11227	0.18518	0.70254
360 A	0.10880	0.18703	0.70417
361 G	0.10804	0.18414	0.70782
362 A	0.10243	0.18653	0.71104
363 A	0.10037	0.17959	0.72003
364 C	0.10123	0.16819	0.73057
365 A	0.10229	0.16514	0.73257
366 A	0.10220	0.16347	0.73433
367 C	0.10353	0.15985	0.73663
368 G	0.10454	0.15839	0.73707
369 T	0.10637	0.15636	0.73727
370 T	0.10698	0.15535	0.73766
371 T	0.10670	0.15538	0.73792
372 A	0.10515	0.15701	0.73784
373 A	0.10449	0.15634	0.73917
374 A	0.10458	0.15454	0.74088
375 A	0.10528	0.14895	0.74576
376 T	0.10707	0.14062	0.75231
377 A	0.10882	0.13010	0.76108
378 T	0.11169	0.10582	0.78249
379 C	0.11397	0.08422	0.80181
380 G	0.11930	0.06110	0.8196
381 T	0.12676	0.04668	0.82656
382 T	0.13262	0.03624	0.83114
383 A	0.13236	0.03487	0.83278
384 T	0.13259	0.03296	0.83446
385 T	0.13260	0.02612	0.84127
386 T	0.13167	0.02498	0.84335
387 A	0.13007	0.02769	0.84224
388 G	0.12932	0.03061	0.84007
389 A	0.12657	0.04092	0.83251
390 T	0.12424	0.05358	0.82218
391 T	0.11668	0.07711	0.8062
392 T	0.09652	0.12757	0.77592
393 G	0.06987	0.17495	0.75518
394 A	0.04717	0.22514	0.72769
395 G	0.03697	0.24524	0.71779
396 A	0.03048	0.25803	0.71149
397 A	0.02636	0.26534	0.7083
398 G	0.02323	0.27073	0.70605
399 A	0.02119	0.27648	0.70233
400 G	0.02000	0.27913	0.70087
401 A	0.01963	0.28172	0.69866
402 A	0.01945	0.28193	0.69862
403 G	0.01944	0.28183	0.69873
404 A	0.01958	0.28217	0.69825
405 A	0.02009	0.28189	0.69802
406 C	0.02091	0.28100	0.69809
407 A	0.02136	0.28167	0.69697
408 A	0.02226	0.28163	0.69611
409 A	0.02368	0.28093	0.69539
410 A	0.02696	0.27692	0.69612
411 A	0.03195	0.27122	0.69683
412 A	0.04221	0.25568	0.70211
413 A	0.05900	0.23205	0.70895
414 A	0.08337	0.19721	0.71942
415 T	0.11974	0.13905	0.74121
416 A	0.13571	0.10223	0.76206
417 T	0.15775	0.06212	0.78013
418 T	0.16428	0.05161	0.78412
419 T	0.16709	0.04451	0.78839
420 A	0.16633	0.04344	0.79023
421 G	0.16613	0.04249	0.79138
422 T	0.16797	0.04104	0.79099
423 C	0.16043	0.04836	0.7912
424 A	0.15285	0.06026	0.78688
425 A	0.13657	0.07822	0.7852
426 A	0.12380	0.09117	0.78503
427 C	0.11571	0.09921	0.78508
428 G	0.11079	0.10436	0.78485
429 T	0.10843	0.10670	0.78487
430 C	0.10556	0.10965	0.78479
431 A	0.10269	0.11339	0.78391
432 T	0.09956	0.11719	0.78326
433 C	0.08976	0.12786	0.78238
434 A	0.07788	0.14287	0.77925
435 A	0.06404	0.15991	0.77605
436 A	0.06201	0.16239	0.7756
437 T	0.06268	0.16192	0.7754
438 T	0.06367	0.16088	0.77545
439 A	0.06401	0.15932	0.77667
440 C	0.06540	0.15621	0.77839
441 T	0.06728	0.15351	0.77921
442 C	0.06583	0.15404	0.78012
443 A	0.06072	0.15896	0.78033
444 A	0.05884	0.16050	0.78067
445 A	0.05848	0.16090	0.78062
446 A	0.05786	0.15436	0.78778
447 T	0.06025	0.14430	0.79545
448 A	0.05683	0.13016	0.813
449 T	0.05396	0.11989	0.82615
450 A	0.04879	0.11831	0.83291
451 A	0.04278	0.12300	0.83423
452 G	0.03961	0.12390	0.83648
453 A	0.03676	0.12459	0.83865
454 A	0.03670	0.12013	0.84317
455 A	0.03707	0.11414	0.8488
456 A	0.03795	0.10299	0.85906
457 A	0.04067	0.08787	0.87145
458 C	0.04338	0.06965	0.88697
459 G	0.04399	0.06639	0.88962
460 C	0.04452	0.06463	0.89085
461 T	0.04479	0.06430	0.89091
462 T	0.04490	0.06402	0.89108
463 T	0.04481	0.06404	0.89114
464 T	0.04458	0.06347	0.89196
465 A	0.04426	0.06284	0.89289
466 G	0.04410	0.05702	0.89889
467 A	0.04432	0.05531	0.90037
468 T	0.04488	0.05365	0.90147
469 A	0.04507	0.05457	0.90037
470 A	0.04599	0.05276	0.90125
471 T	0.04788	0.04664	0.90548
472 G	0.04869	0.04385	0.90745
473 A	0.05064	0.03807	0.91129
474 T	0.05490	0.02902	0.91608
475 T	0.05694	0.02511	0.91795
476 T	0.05818	0.02219	0.91964
477 T	0.05803	0.02222	0.91975
478 T	0.05764	0.02263	0.91972
479 T	0.05668	0.02403	0.91929
480 A	0.05511	0.02653	0.91836
481 G	0.05486	0.02734	0.9178
482 A	0.05477	0.02853	0.9167
483 A	0.05480	0.02964	0.91557
484 T	0.05513	0.03033	0.91455
485 T	0.05531	0.03293	0.91177
486 A	0.05483	0.03499	0.91018
487 G	0.05472	0.03510	0.91018
488 A	0.05518	0.03458	0.91024
489 A	0.05597	0.03346	0.91057
490 A	0.05828	0.03089	0.91082
491 C	0.06089	0.02799	0.91113
492 T	0.06433	0.02437	0.91131
493 C	0.06591	0.02271	0.91138
494 C	0.06712	0.02150	0.91138
495 T	0.06888	0.01974	0.91138
496 A	0.06944	0.01921	0.91136
497 T	0.07035	0.01830	0.91135
498 T	0.07101	0.01765	0.91134
499 T	0.07139	0.01720	0.91141
500 T	0.07103	0.01701	0.91196
501 A	0.06957	0.01795	0.91248
502 T	0.06948	0.01701	0.91352
503 C	0.06883	0.01635	0.91481
504 C	0.06851	0.01659	0.9149
505 A	0.06915	0.01602	0.91484
506 A	0.07023	0.01498	0.91479
507 A	0.07098	0.01428	0.91474
508 T	0.07360	0.01165	0.91474
509 C	0.07468	0.01006	0.91526
510 T	0.07479	0.00963	0.91557
511 A	0.07448	0.00983	0.91568
512 T	0.07432	0.00991	0.91577
513 T	0.07409	0.01008	0.91583
514 C	0.07357	0.01058	0.91585
515 C	0.07315	0.01097	0.91588
516 T	0.07285	0.01130	0.91585
517 G	0.07226	0.01192	0.91581
518 A	0.07206	0.01218	0.91577
519 A	0.07198	0.01230	0.91573
520 G	0.07194	0.01224	0.91581
521 G	0.07196	0.01152	0.91652
522 A	0.07197	0.01090	0.91712
523 G	0.07199	0.00948	0.91853
524 C	0.07201	0.00763	0.92036
525 T	0.07204	0.00720	0.92076
526 A	0.07205	0.00662	0.92133
527 G	0.07213	0.00607	0.9218
528 A	0.07221	0.00588	0.92191
529 G	0.07227	0.00567	0.92206
530 A	0.07235	0.00500	0.92265
531 T	0.07243	0.00450	0.92307
532 T	0.07248	0.00421	0.92331
533 A	0.07249	0.00413	0.92338
534 T	0.07250	0.00374	0.92377
535 T	0.07250	0.00375	0.92375
536 T	0.07250	0.00353	0.92396
537 A	0.07250	0.00311	0.92439
538 G	0.07251	0.00270	0.92478
539 T	0.07254	0.00237	0.92509
540 C	0.07246	0.00200	0.92553
541 C	0.07239	0.00198	0.92563
542 C	0.07237	0.00198	0.92564
543 T	0.07235	0.00201	0.92565
544 T	0.07228	0.00208	0.92564
545 C	0.07219	0.00217	0.92564
546 T	0.07214	0.00222	0.92563
547 C	0.07207	0.00230	0.92563
548 G	0.07206	0.00233	0.9256
549 A	0.07211	0.00229	0.9256
550 A	0.07223	0.00217	0.92559
551 T	0.07246	0.00194	0.9256
552 T	0.07259	0.00181	0.9256
553 C	0.07269	0.00170	0.92561
554 A	0.07276	0.00163	0.92561
555 T	0.07292	0.00146	0.92562
556 C	0.07304	0.00133	0.92563
557 C	0.07315	0.00122	0.92563
558 T	0.07346	0.00092	0.92562
559 T	0.07352	0.00087	0.92561
560 A	0.07353	0.00089	0.92559
561 T	0.07352	0.00090	0.92558
562 A	0.07352	0.00091	0.92557
563 A	0.07352	0.00080	0.92568
564 T	0.07353	0.00066	0.92582
565 T	0.07354	0.00058	0.92588
566 T	0.07354	0.00052	0.92593
567 T	0.07354	0.00045	0.92601
568 T	0.07353	0.00041	0.92607
569 A	0.07347	0.00043	0.9261
570 C	0.07336	0.00049	0.92615
571 G	0.07331	0.00056	0.92613
572 C	0.07318	0.00071	0.9261
573 T	0.07309	0.00082	0.92609
574 T	0.07293	0.00098	0.92609
575 T	0.07273	0.00118	0.92609
576 A	0.07237	0.00154	0.9261
577 C	0.07209	0.00181	0.9261
578 C	0.07179	0.00212	0.92609
579 T	0.07172	0.00220	0.92608
580 C	0.07154	0.00238	0.92608
581 A	0.07136	0.00258	0.92605
582 A	0.07126	0.00269	0.92605
583 T	0.07121	0.00273	0.92605
584 C	0.07096	0.00297	0.92607
585 T	0.07086	0.00307	0.92607
586 C	0.07054	0.00338	0.92608
587 C	0.07022	0.00370	0.92608
588 T	0.06967	0.00425	0.92608
589 C	0.06891	0.00501	0.92608
590 A	0.06857	0.00536	0.92607
591 A	0.06841	0.00552	0.92607
592 A	0.06835	0.00555	0.9261
593 T	0.06834	0.00544	0.92622
594 T	0.06832	0.00539	0.92629
595 T	0.06829	0.00521	0.9265
596 T	0.06823	0.00512	0.92666
597 T	0.06813	0.00505	0.92683
598 A	0.06796	0.00505	0.92699
599 A	0.06788	0.00482	0.92729
600 A	0.06780	0.00464	0.92757
601 C	0.06776	0.00434	0.92789
602 A	0.06774	0.00430	0.92796
603 A	0.06773	0.00417	0.9281
604 T	0.06774	0.00400	0.92826
605 T	0.06773	0.00391	0.92836
606 G	0.06769	0.00389	0.92841
607 T	0.06768	0.00362	0.9287
608 A	0.06765	0.00358	0.92878
609 T	0.06763	0.00324	0.92912
610 A	0.06761	0.00302	0.92937
611 T	0.06759	0.00244	0.92997
612 G	0.06756	0.00183	0.93061
613 T	0.06756	0.00155	0.9309
614 T	0.06755	0.00141	0.93104
615 G	0.06754	0.00133	0.93112
616 T	0.06754	0.00125	0.93122
617 C	0.06752	0.00118	0.9313
618 T	0.06750	0.00117	0.93132
619 G	0.06749	0.00117	0.93135
620 G	0.06743	0.00123	0.93134
621 T	0.06740	0.00130	0.9313
622 T	0.06738	0.00144	0.93118
623 T	0.06730	0.00173	0.93097
624 T	0.06720	0.00214	0.93065
625 G	0.06705	0.00284	0.93011
626 A	0.06695	0.00339	0.92966
627 A	0.06686	0.00362	0.92953
628 A	0.06682	0.00378	0.92941
629 G	0.06676	0.00384	0.9294
630 A	0.06676	0.00386	0.92938
631 T	0.06683	0.00377	0.92939
632 A	0.06684	0.00376	0.9294
633 T	0.06691	0.00365	0.92943
634 T	0.06691	0.00363	0.92946
635 T	0.06688	0.00364	0.92948
636 T	0.06680	0.00372	0.92949
637 C	0.06665	0.00387	0.92948
638 A	0.06632	0.00425	0.92943
639 A	0.06603	0.00456	0.92941
640 A	0.06564	0.00494	0.92941
641 T	0.06532	0.00525	0.92942
642 A	0.06491	0.00564	0.92945
643 G	0.06454	0.00587	0.92959
644 C	0.06455	0.00574	0.92972
645 G	0.06467	0.00555	0.92977
646 C	0.06502	0.00515	0.92984
647 G	0.06538	0.00475	0.92987
648 T	0.06597	0.00412	0.92992
649 T	0.06627	0.00379	0.92994
650 G	0.06630	0.00373	0.92998
651 T	0.06637	0.00362	0.93001
652 T	0.06637	0.00352	0.93011
653 T	0.06633	0.00349	0.93018
654 T	0.06622	0.00355	0.93023
655 C	0.06603	0.00370	0.93027
656 G	0.06591	0.00384	0.93024
657 A	0.06552	0.00430	0.93017
658 G	0.06521	0.00466	0.93013
659 A	0.06501	0.00494	0.93005
660 T	0.06496	0.00498	0.93006
661 G	0.06477	0.00509	0.93015
662 A	0.06465	0.00533	0.93002
663 A	0.06463	0.00518	0.93018
664 G	0.06463	0.00506	0.93031
665 A	0.06463	0.00493	0.93044
666 T	0.06464	0.00483	0.93053
667 T	0.06463	0.00520	0.93018
668 T	0.06455	0.00598	0.92948
669 A	0.06397	0.00720	0.92884
670 A	0.06369	0.00753	0.92878
671 G	0.06358	0.00764	0.92879
672 A	0.06344	0.00776	0.9288
673 T	0.06342	0.00765	0.92892
674 C	0.06333	0.00769	0.92898
675 T	0.06326	0.00817	0.92858
676 G	0.06306	0.00903	0.9279
677 A	0.06291	0.01019	0.9269
678 T	0.06274	0.01051	0.92675
679 A	0.06242	0.01096	0.92662
680 G	0.06128	0.01193	0.92679
681 A	0.06080	0.01214	0.92706
682 C	0.06028	0.01245	0.92727
683 A	0.05992	0.01278	0.92729
684 A	0.05979	0.01279	0.92742
685 C	0.06003	0.01245	0.92751
686 C	0.06020	0.01230	0.9275
687 T	0.06037	0.01223	0.92739
688 G	0.06031	0.01251	0.92718
689 A	0.06045	0.01289	0.92667
690 A	0.06081	0.01312	0.92606
691 T	0.06150	0.01247	0.92603
692 T	0.06180	0.01174	0.92647
693 T	0.06156	0.01176	0.92667
694 A	0.06128	0.01204	0.92668
695 C	0.06110	0.01211	0.92679
696 A	0.06073	0.01267	0.92659
697 C	0.06064	0.01276	0.92659
698 A	0.06094	0.01261	0.92644
699 A	0.06138	0.01214	0.92647
700 G	0.06213	0.01133	0.92655
701 T	0.06234	0.01092	0.92674
702 A	0.06230	0.01072	0.92698
703 G	0.06243	0.00928	0.92829
704 A	0.06251	0.00869	0.9288
705 T	0.06255	0.00798	0.92947
706 A	0.06251	0.00785	0.92964
707 T	0.06254	0.00758	0.92988
708 T	0.06234	0.00798	0.92968
709 G	0.06035	0.00997	0.92968
710 A	0.05795	0.01256	0.92949
711 A	0.05653	0.01403	0.92945
712 A	0.05562	0.01479	0.9296
713 C	0.05525	0.01496	0.9298
714 A	0.05454	0.01584	0.92962
715 G	0.05436	0.01589	0.92975
716 C	0.05446	0.01557	0.92997
717 T	0.05459	0.01589	0.92952
718 T	0.05458	0.01615	0.92927
719 T	0.05456	0.01622	0.92922
720 T	0.05397	0.01715	0.92887
721 T	0.05346	0.01834	0.9282
722 T	0.05270	0.01889	0.92841
723 T	0.05116	0.02034	0.9285
724 G	0.04898	0.02254	0.92848
725 A	0.04734	0.02418	0.92848
726 C	0.04456	0.02696	0.92848
727 A	0.04201	0.02973	0.92826
728 A	0.03996	0.03203	0.92802
729 A	0.03906	0.03317	0.92777
730 A	0.03829	0.03411	0.9276
731 A	0.03777	0.03470	0.92753
732 A	0.03750	0.03321	0.92929
733 G	0.03751	0.03103	0.93145
734 A	0.03766	0.03018	0.93216
735 A	0.03766	0.02962	0.93272
736 A	0.03780	0.02890	0.9333
737 T	0.03828	0.02768	0.93404
738 T	0.03837	0.02745	0.93418
739 A	0.03816	0.02752	0.93431
740 T	0.03854	0.02683	0.93463
741 G	0.03848	0.02643	0.9351
742 A	0.03845	0.02597	0.93558
743 C	0.03870	0.02416	0.93714
744 T	0.03893	0.02467	0.9364
745 T	0.03816	0.02736	0.93447
746 T	0.03662	0.03135	0.93203
747 A	0.03451	0.03596	0.92953
748 G	0.03345	0.03749	0.92906
749 T	0.03280	0.03644	0.93076
750 A	0.03177	0.03608	0.93215
751 G	0.03154	0.03479	0.93367
752 A	0.03095	0.03499	0.93406
753 A	0.03093	0.03445	0.93462
754 G	0.03108	0.03384	0.93507
755 A	0.03145	0.03407	0.93448
756 A	0.03194	0.03441	0.93365
757 A	0.03260	0.03494	0.93245
758 T	0.03327	0.03471	0.93202
759 T	0.03334	0.03572	0.93094
760 A	0.03294	0.03706	0.93
761 T	0.03271	0.03744	0.92985
762 G	0.03222	0.03813	0.92966
763 A	0.03191	0.03919	0.92891
764 A	0.03199	0.03913	0.92889
765 A	0.03249	0.03823	0.92928
766 A	0.03319	0.03717	0.92964
767 A	0.03557	0.03357	0.93086
768 T	0.03936	0.02824	0.93241
769 C	0.04240	0.02337	0.93423
770 T	0.04534	0.01940	0.93526
771 T	0.04623	0.01803	0.93574
772 T	0.04640	0.01767	0.93593
773 T	0.04585	0.01816	0.93598
774 T	0.04455	0.01968	0.93578
775 C	0.04193	0.02193	0.93614
776 A	0.04003	0.02537	0.93459
777 A	0.03901	0.02789	0.9331
778 G	0.03897	0.02936	0.93167
779 A	0.03957	0.03137	0.92906
780 T	0.04063	0.03104	0.92833
781 A	0.04113	0.03170	0.92717
782 T	0.04252	0.03030	0.92718
783 T	0.04323	0.02965	0.92713
784 C	0.04328	0.02980	0.92692
785 T	0.04341	0.03048	0.92612
786 T	0.04351	0.03147	0.92503
787 A	0.04301	0.03301	0.92398
788 A	0.04190	0.03475	0.92335
789 A	0.04090	0.03611	0.92299
790 A	0.04011	0.03717	0.92272
791 A	0.03957	0.03815	0.92227
792 A	0.03941	0.03881	0.92179
793 G	0.03971	0.03874	0.92154
794 A	0.03953	0.03946	0.921
795 A	0.03958	0.03983	0.92059
796 T	0.04028	0.03901	0.92071
797 T	0.04033	0.03968	0.91999
798 A	0.03875	0.04303	0.91822
799 A	0.03934	0.04166	0.919
800 A	0.04025	0.03995	0.91981
801 A	0.04131	0.03784	0.92085
802 A	0.04356	0.03471	0.92174
803 C	0.04489	0.03218	0.92293
804 T	0.04711	0.02966	0.92324
805 C	0.04769	0.02897	0.92334
806 C	0.04844	0.02828	0.92327
807 T	0.04896	0.02783	0.92321
808 T	0.04839	0.02867	0.92294
809 T	0.04605	0.03128	0.92267
810 A	0.04123	0.03708	0.92169
811 C	0.03949	0.03926	0.92125
812 A	0.03770	0.04304	0.91926
813 A	0.03677	0.04455	0.91868
814 A	0.03686	0.04477	0.91837
815 A	0.03752	0.04438	0.91811
816 G	0.03799	0.04423	0.91778
817 A	0.03926	0.04240	0.91834
818 T	0.04134	0.03957	0.91909
819 A	0.04208	0.03836	0.91955
820 A	0.04358	0.03602	0.92041
821 C	0.04630	0.03113	0.92256
822 T	0.04689	0.02994	0.92317
823 T	0.04698	0.02963	0.92339
824 A	0.04678	0.02977	0.92346
825 T	0.04668	0.02984	0.92349
826 G	0.04638	0.03025	0.92337
827 A	0.04614	0.03054	0.92332
828 T	0.04612	0.03019	0.92369
829 A	0.04612	0.02966	0.92422
830 A	0.04619	0.02893	0.92487
831 A	0.04659	0.02696	0.92646
832 G	0.04733	0.02241	0.93025
833 C	0.04887	0.01590	0.93522
834 T	0.05088	0.01273	0.93639
835 T	0.05333	0.01024	0.93642
836 T	0.05388	0.01068	0.93544
837 G	0.05398	0.01193	0.93409
838 A	0.05417	0.01347	0.93236
839 A	0.05447	0.01340	0.93213
840 T	0.05467	0.01377	0.93156
841 T	0.05473	0.01573	0.92953
842 T	0.05469	0.01771	0.9276
843 A	0.05347	0.01987	0.92666
844 T	0.05290	0.02096	0.92614
845 A	0.05068	0.02409	0.92524
846 T	0.04853	0.02714	0.92434
847 G	0.04600	0.03013	0.92388
848 G	0.04361	0.03335	0.92304
849 A	0.04240	0.03512	0.92248
850 A	0.04184	0.03579	0.92236
851 C	0.04179	0.03600	0.92222
852 A	0.04173	0.03705	0.92121
853 G	0.04175	0.03788	0.92037
854 A	0.04183	0.03841	0.91976
855 T	0.04205	0.03823	0.91972
856 A	0.04214	0.03813	0.91973
857 A	0.04263	0.03756	0.91981
858 A	0.04373	0.03624	0.92002
859 C	0.04537	0.03405	0.92057
860 C	0.04690	0.03232	0.92079
861 T	0.04897	0.03022	0.92081
862 G	0.05006	0.02913	0.9208
863 A	0.05154	0.02768	0.92078
864 T	0.05394	0.02528	0.92078
865 T	0.05548	0.02354	0.92098
866 T	0.05602	0.02153	0.92245
867 A	0.05623	0.02101	0.92276
868 A	0.05660	0.01927	0.92413
869 G	0.05725	0.01635	0.92639
870 A	0.05780	0.01356	0.92865
871 T	0.05889	0.01016	0.93095
872 T	0.05941	0.00863	0.93197
873 C	0.05901	0.00861	0.93238
874 G	0.05910	0.00937	0.93153
875 A	0.05970	0.01084	0.92946
876 T	0.06043	0.01099	0.92858
877 T	0.06081	0.01248	0.92672
878 T	0.06077	0.01466	0.92457
879 A	0.06043	0.01677	0.9228
880 T	0.06024	0.01857	0.92119
881 T	0.05991	0.01911	0.92098
882 A	0.05804	0.02123	0.92073
883 A	0.05718	0.02218	0.92065
884 T	0.05689	0.02248	0.92063
885 C	0.05617	0.02321	0.92062
886 G	0.05570	0.02388	0.92043
887 A	0.05558	0.02415	0.92027
888 A	0.05562	0.02415	0.92023
889 G	0.05578	0.02392	0.9203
890 A	0.05623	0.02340	0.92036
891 T	0.05723	0.02209	0.92067
892 T	0.05744	0.02162	0.92094
893 T	0.05762	0.02113	0.92125
894 A	0.05772	0.02075	0.92153
895 A	0.05790	0.02000	0.9221
896 C	0.05823	0.01897	0.92281
897 A	0.05937	0.01767	0.92296
898 T	0.06194	0.01485	0.92321
899 C	0.06320	0.01337	0.92343
900 T	0.06535	0.01120	0.92345
901 T	0.06713	0.00946	0.92341
902 G	0.06825	0.00810	0.92365
903 T	0.06931	0.00692	0.92377
904 T	0.06940	0.00674	0.92386
905 T	0.06945	0.00505	0.9255
906 T	0.06907	0.00523	0.9257
907 G	0.06857	0.00757	0.92386
908 A	0.06783	0.01260	0.91956
909 T	0.06738	0.01726	0.91537
910 T	0.06560	0.02109	0.91332
911 T	0.06204	0.02602	0.91193
912 A	0.05853	0.03001	0.91146
913 A	0.04973	0.03902	0.91125
914 C	0.04648	0.04237	0.91115
915 A	0.04378	0.04549	0.91073
916 C	0.04131	0.04835	0.91034
917 A	0.03812	0.05316	0.90872
918 A	0.03651	0.05560	0.90789
919 T	0.03596	0.05711	0.90692
920 T	0.03533	0.05830	0.90636
921 A	0.03453	0.05923	0.90624
922 A	0.03417	0.05959	0.90624
923 A	0.03398	0.05978	0.90624
924 T	0.03345	0.06022	0.90634
925 C	0.03207	0.06155	0.90638
926 A	0.03175	0.06190	0.90635
927 A	0.03155	0.06209	0.90636
928 A	0.03168	0.06190	0.90642
929 A	0.03221	0.06096	0.90683
930 C	0.03420	0.05863	0.90717
931 A	0.03848	0.05404	0.90747
932 A	0.04254	0.04932	0.90814
933 T	0.04482	0.04513	0.91005
934 A	0.04563	0.04144	0.91293
935 T	0.04606	0.03900	0.91494
936 T	0.04564	0.03265	0.92171
937 A	0.04400	0.03271	0.92329
938 A	0.04316	0.03194	0.92489
939 A	0.04332	0.02940	0.92728
940 T	0.04479	0.02433	0.93088
941 C	0.04516	0.02289	0.93195
942 T	0.04539	0.02496	0.92966
943 A	0.04405	0.03569	0.92026
944 T	0.04357	0.03759	0.91883
945 A	0.04252	0.04587	0.91161
946 A	0.04198	0.04760	0.91043
947 T	0.04174	0.04740	0.91086
948 C	0.04120	0.04695	0.91185
949 A	0.04099	0.04864	0.91038
950 A	0.04095	0.04965	0.9094
951 A	0.04101	0.04989	0.90911
952 G	0.04115	0.04999	0.90886
953 G	0.04149	0.04979	0.90872
954 T	0.04242	0.04869	0.90889
955 A	0.04277	0.04840	0.90883
956 T	0.04339	0.04762	0.90899
957 T	0.04399	0.04689	0.90912
958 A	0.04447	0.04653	0.909
959 A	0.04608	0.04478	0.90914
960 A	0.04750	0.04247	0.91002
961 T	0.04890	0.04084	0.91026
962 T	0.04946	0.04217	0.90837
963 G	0.04940	0.04356	0.90705
964 A	0.04959	0.04428	0.90613
965 A	0.05150	0.04228	0.90622
966 T	0.06076	0.03161	0.90763
967 A	0.06322	0.02860	0.90818
968 T	0.07203	0.01873	0.90925
969 T	0.07363	0.01658	0.90978
970 T	0.07399	0.01585	0.91016
971 C	0.07407	0.01528	0.91065
972 T	0.07509	0.01420	0.9107
973 G	0.07562	0.01371	0.91067
974 A	0.07620	0.01314	0.91066
975 T	0.07676	0.01259	0.91065
976 T	0.07572	0.01369	0.91058
977 T	0.07148	0.01802	0.9105
978 C	0.05364	0.03614	0.91022
979 A	0.03856	0.05255	0.90889
980 A	0.02488	0.06822	0.9069
981 A	0.02140	0.07209	0.90651
982 A	0.02077	0.07293	0.9063
983 A	0.02122	0.07258	0.90619
984 A	0.02251	0.07121	0.90629
985 T	0.02525	0.06821	0.90654
986 T	0.02646	0.06664	0.90689
987 T	0.02694	0.06607	0.90699
988 T	0.02683	0.06609	0.90708
989 T	0.02647	0.06641	0.90712
990 T	0.02601	0.06683	0.90717
991 T	0.02471	0.06810	0.90719
992 C	0.02268	0.07010	0.90722
993 C	0.02069	0.07214	0.90717
994 A	0.01868	0.07457	0.90674
995 G	0.01672	0.07707	0.90621
996 A	0.01462	0.07997	0.90541
997 A	0.01258	0.08299	0.90443
998 A	0.01222	0.08390	0.90388
999 A	0.01223	0.08191	0.90586
1000 A	0.01238	0.07683	0.91079
1001 A	0.01278	0.05858	0.92864
1002 A	0.01411	0.04273	0.94316
1003 T	0.01608	0.02760	0.95631
1004 T	0.01635	0.02402	0.95963
1005 G	0.01623	0.02366	0.96011
1006 G	0.01608	0.02429	0.95963
1007 A	0.01597	0.02599	0.95803
1008 T	0.01600	0.02710	0.9569
1009 G	0.01578	0.03126	0.95296
1010 A	0.01583	0.04435	0.93983
1011 A	0.01580	0.05939	0.92481
1012 T	0.01577	0.07230	0.91193
1013 A	0.01469	0.08099	0.90432
1014 T	0.01363	0.08547	0.9009
1015 A	0.01248	0.09290	0.89462
1016 A	0.01236	0.09242	0.89523
1017 A	0.01264	0.09117	0.89619
1018 A	0.01318	0.08937	0.89745
1019 A	0.01397	0.08683	0.89919
1020 C	0.01506	0.08383	0.90111
1021 T	0.01588	0.08319	0.90093
1022 T	0.01617	0.08364	0.90018
1023 A	0.01619	0.08516	0.89865
1024 A	0.01619	0.08691	0.8969
1025 T	0.01631	0.08820	0.89549
1026 T	0.01635	0.08853	0.89512
1027 A	0.01638	0.08873	0.89489
1028 A	0.01686	0.08829	0.89486
1029 A	0.01784	0.08725	0.89491
1030 C	0.01996	0.08504	0.89501
1031 A	0.02206	0.08333	0.89461
1032 A	0.02758	0.07786	0.89455
1033 A	0.04175	0.06372	0.89453
1034 A	0.05901	0.04637	0.89463
1035 T	0.07537	0.02987	0.89476
1036 T	0.08244	0.02147	0.8961
1037 T	0.08571	0.01694	0.89735
1038 C	0.08930	0.01234	0.89836
1039 T	0.09024	0.01130	0.89847
1040 C	0.09084	0.01065	0.89851
1041 T	0.09184	0.00966	0.8985
1042 T	0.09230	0.00925	0.89845
1043 T	0.09203	0.00959	0.89838
1044 G	0.09176	0.00999	0.89825
1045 G	0.09193	0.01042	0.89765
1046 A	0.09260	0.01080	0.8966
1047 T	0.09420	0.00918	0.89662
1048 T	0.09537	0.00811	0.89652
1049 T	0.09504	0.00853	0.89643
1050 A	0.09296	0.01110	0.89594
1051 C	0.09122	0.01337	0.89542
1052 A	0.08966	0.01571	0.89464
1053 T	0.08848	0.01709	0.89444
1054 T	0.08701	0.01878	0.89421
1055 T	0.08373	0.02235	0.89392
1056 T	0.08022	0.02590	0.89388
1057 A	0.07618	0.02997	0.89385
1058 T	0.07343	0.03273	0.89384
1059 T	0.06837	0.03782	0.8938
1060 C	0.05714	0.04914	0.89372
1061 A	0.04225	0.06456	0.8932
1062 A	0.03484	0.07212	0.89304
1063 A	0.03076	0.07638	0.89285
1064 A	0.02872	0.07845	0.89284
1065 A	0.02765	0.07948	0.89288
1066 C	0.02697	0.07949	0.89355
1067 A	0.02675	0.07940	0.89384
1068 A	0.02720	0.07860	0.8942
1069 G	0.02823	0.07713	0.89464
1070 A	0.02852	0.07669	0.89479
1071 T	0.02882	0.07614	0.89504
1072 A	0.02904	0.07493	0.89603
1073 A	0.02961	0.07184	0.89856
1074 T	0.03042	0.06818	0.9014
1075 T	0.03094	0.06547	0.90358
1076 T	0.03088	0.06394	0.90518
1077 A	0.03062	0.06257	0.90681
1078 T	0.03044	0.05905	0.91051
1079 T	0.02963	0.05618	0.91419
1080 A	0.02605	0.05662	0.91732
1081 A	0.02373	0.05624	0.92003
1082 A	0.02311	0.05200	0.92489
1083 A	0.02279	0.04157	0.93564
1084 G	0.02276	0.02693	0.95031
1085 G	0.02263	0.02029	0.95708
1086 T	0.02279	0.01798	0.95923
1087 T	0.02268	0.02334	0.95397
1088 A	0.02240	0.03399	0.94361
1089 T	0.02227	0.04043	0.93729
1090 T	0.02199	0.04447	0.93354
1091 T	0.02172	0.04832	0.92996
1092 A	0.02125	0.05469	0.92406
1093 A	0.02111	0.05888	0.92001
1094 A	0.02109	0.06026	0.91865
1095 T	0.02123	0.06044	0.91833
1096 A	0.02128	0.06070	0.91803
1097 A	0.02145	0.06063	0.91792
1098 T	0.02186	0.06009	0.91805
1099 T	0.02209	0.05955	0.91836
1100 A	0.02225	0.05895	0.9188
1101 T	0.02251	0.05818	0.91932
1102 A	0.02265	0.05728	0.92007
1103 T	0.02294	0.05389	0.92317
1104 T	0.02301	0.05210	0.92489
1105 A	0.02287	0.05203	0.9251
1106 A	0.02277	0.05208	0.92515
1107 A	0.02288	0.05168	0.92544
1108 G	0.02326	0.05105	0.92569
1109 A	0.02479	0.04972	0.92549
1110 G	0.03317	0.04140	0.92542
1111 G	0.04658	0.02781	0.9256
1112 T	0.05737	0.01729	0.92534
1113 T	0.06177	0.01400	0.92423
1114 T	0.06373	0.01279	0.92348
1115 C	0.06489	0.01204	0.92307
1116 G	0.06634	0.01246	0.9212
1117 T	0.06680	0.01576	0.91744
1118 T	0.06649	0.01838	0.91512
1119 T	0.06583	0.02037	0.9138
1120 T	0.06448	0.02299	0.91252
1121 T	0.06130	0.02732	0.91138
1122 A	0.04838	0.04121	0.91042
1123 G	0.04170	0.04820	0.91009
1124 A	0.03874	0.05150	0.90976
1125 A	0.03756	0.05269	0.90976
1126 G	0.03714	0.05309	0.90978
1127 A	0.03688	0.05329	0.90982
1128 A	0.03697	0.05304	0.90999
1129 C	0.03716	0.05267	0.91016
1130 A	0.03717	0.05264	0.91019
1131 A	0.03725	0.05253	0.91022
1132 G	0.03759	0.05216	0.91024
1133 A	0.03803	0.05171	0.91026
1134 A	0.03837	0.05136	0.91027
1135 A	0.03941	0.05014	0.91045
1136 T	0.04274	0.04645	0.91081
1137 T	0.04512	0.04360	0.91129
1138 T	0.04626	0.04162	0.91212
1139 G	0.04762	0.03939	0.91299
1140 T	0.05096	0.03449	0.91455
1141 T	0.05252	0.03111	0.91637
1142 T	0.05347	0.02750	0.91904
1143 T	0.05418	0.02419	0.92162
1144 T	0.05492	0.02050	0.92459
1145 T	0.05529	0.01008	0.93463
1146 T	0.05533	0.00590	0.93877
1147 A	0.05532	0.00438	0.94031
1148 T	0.05488	0.00422	0.9409
1149 T	0.05439	0.00509	0.94052
1150 T	0.05383	0.00608	0.94009
1151 T	0.05300	0.00734	0.93965
1152 A	0.05093	0.01011	0.93896
1153 T	0.04951	0.01212	0.93836
1154 T	0.04800	0.01449	0.93751
1155 T	0.04554	0.01869	0.93577
1156 A	0.03934	0.02799	0.93267
1157 A	0.03540	0.03499	0.9296
1158 T	0.03317	0.03989	0.92694
1159 A	0.02737	0.05477	0.91786
1160 A	0.02399	0.06063	0.91539
1161 A	0.02212	0.06278	0.9151
1162 G	0.02067	0.06447	0.91486
1163 A	0.01996	0.06531	0.91472
1164 A	0.01969	0.06564	0.91467
1165 C	0.01960	0.06564	0.91477
1166 A	0.01960	0.06575	0.91464
1167 T	0.01983	0.06553	0.91463
1168 G	0.01989	0.06545	0.91466
1169 G	0.02009	0.06521	0.91469
1170 A	0.02041	0.06486	0.91473
1171 A	0.02091	0.06362	0.91547
1172 T	0.02185	0.06194	0.91621
1173 T	0.02255	0.06112	0.91632
1174 A	0.02276	0.06165	0.91558
1175 A	0.02315	0.05990	0.91694
1176 T	0.02378	0.05731	0.91891
1177 G	0.02414	0.05541	0.92045
1178 A	0.02554	0.05255	0.92191
1179 A	0.02812	0.04550	0.92638
1180 G	0.03105	0.03962	0.92933
1181 A	0.03382	0.03540	0.93078
1182 T	0.04254	0.02207	0.93538
1183 A	0.04438	0.01812	0.93751
1184 A	0.04477	0.01621	0.93903
1185 T	0.04520	0.01440	0.9404
1186 T	0.04533	0.01352	0.94115
1187 T	0.04534	0.01323	0.94144
1188 G	0.04502	0.01343	0.94155
1189 T	0.04513	0.01340	0.94147
1190 T	0.04479	0.01396	0.94125
1191 A	0.04363	0.01595	0.94042
1192 A	0.04284	0.01681	0.94035
1193 A	0.04236	0.01721	0.94044
1194 A	0.04221	0.01718	0.94061
1195 G	0.04241	0.01673	0.94085
1196 C	0.04335	0.01557	0.94107
1197 T	0.04558	0.01326	0.94116
1198 T	0.04643	0.01234	0.94123
1199 T	0.04648	0.01231	0.94122
1200 A	0.04626	0.01254	0.94119
1201 G	0.04649	0.01231	0.94121
1202 G	0.04701	0.01145	0.94154
1203 T	0.04838	0.00990	0.94172
1204 T	0.04914	0.00928	0.94158
1205 T	0.04952	0.00938	0.94111
1206 T	0.04898	0.01091	0.94011
1207 T	0.04625	0.01652	0.93723
1208 T	0.04113	0.02391	0.93496
1209 A	0.03304	0.03383	0.93313
1210 A	0.02986	0.03793	0.93221
1211 G	0.02850	0.03957	0.93193
1212 A	0.02769	0.04103	0.93127
1213 A	0.02709	0.04206	0.93085
1214 A	0.02747	0.04117	0.93136
1215 T	0.02753	0.04057	0.9319
1216 G	0.02741	0.04041	0.93218
1217 A	0.02735	0.04060	0.93205
1218 A	0.02735	0.04066	0.932
1219 T	0.02744	0.04048	0.93208
1220 T	0.02744	0.04038	0.93218
1221 A	0.02742	0.04023	0.93235
1222 G	0.02743	0.04000	0.93257
1223 C	0.02756	0.03961	0.93283
1224 T	0.02763	0.03954	0.93283
1225 A	0.02761	0.03964	0.93276
1226 A	0.02774	0.03953	0.93273
1227 A	0.02817	0.03908	0.93275
1228 A	0.02892	0.03826	0.93281
1229 A	0.03047	0.03464	0.93489
1230 T	0.03416	0.02670	0.93914
1231 T	0.03647	0.01875	0.94479
1232 T	0.03770	0.01110	0.95121
1233 G	0.03794	0.00950	0.95255
1234 G	0.03812	0.01079	0.95109
1235 A	0.03854	0.01603	0.94543
1236 T	0.03939	0.01631	0.9443
1237 T	0.03983	0.01698	0.94319
1238 T	0.03992	0.01822	0.94185
1239 A	0.03976	0.01975	0.94048
1240 T	0.03980	0.02049	0.93971
1241 A	0.03943	0.02172	0.93885
1242 T	0.03872	0.02262	0.93865
1243 G	0.03805	0.02325	0.93869
1244 A	0.03753	0.02380	0.93868
1245 T	0.03723	0.02402	0.93875
1246 T	0.03655	0.02479	0.93866
1247 C	0.03559	0.02594	0.93847
1248 A	0.03472	0.02781	0.93747
1249 A	0.03417	0.02876	0.93707
1250 A	0.03380	0.02936	0.93684
1251 T	0.03375	0.02959	0.93667
1252 A	0.03358	0.02987	0.93656
1253 A	0.03357	0.02987	0.93656
1254 A	0.03370	0.02971	0.93659
1255 G	0.03410	0.02915	0.93675
1256 A	0.03522	0.02779	0.93699
1257 A	0.03852	0.02421	0.93726
1258 T	0.04607	0.01637	0.93756
1259 C	0.04819	0.01398	0.93783
1260 T	0.04969	0.01237	0.93793
1261 T	0.05037	0.01156	0.93807
1262 T	0.05088	0.01088	0.93824
1263 A	0.05110	0.01055	0.93836
1264 T	0.05157	0.00976	0.93867
1265 T	0.05169	0.00878	0.93952
1266 A	0.05159	0.00812	0.94029
1267 T	0.05167	0.00718	0.94115
1268 G	0.05164	0.00664	0.94172
1269 G	0.05170	0.00585	0.94246
1270 G	0.05197	0.00479	0.94324
1271 T	0.05308	0.00302	0.9439
1272 T	0.05345	0.00221	0.94434
1273 G	0.05358	0.00179	0.94462
1274 T	0.05371	0.00157	0.94472
1275 T	0.05376	0.00141	0.94483
1276 G	0.05372	0.00141	0.94486
1277 A	0.05373	0.00139	0.94488
1278 T	0.05375	0.00130	0.94495
1279 T	0.05373	0.00130	0.94497
1280 T	0.05368	0.00135	0.94498
1281 T	0.05361	0.00141	0.94498
1282 C	0.05356	0.00146	0.94499
1283 C	0.05351	0.00152	0.94498
1284 T	0.05349	0.00161	0.9449
1285 T	0.05346	0.00176	0.94479
1286 T	0.05338	0.00209	0.94454
1287 A	0.05238	0.00347	0.94415
1288 T	0.05148	0.00476	0.94376
1289 T	0.04992	0.00672	0.94337
1290 A	0.04750	0.00993	0.94258
1291 G	0.04658	0.01155	0.94187
1292 A	0.04617	0.01320	0.94063
1293 A	0.04594	0.01418	0.93988
1294 T	0.04577	0.01513	0.93909
1295 T	0.04561	0.01592	0.93848
1296 T	0.04529	0.01666	0.93805
1297 A	0.04449	0.01811	0.9374
1298 A	0.04410	0.01879	0.93711
1299 T	0.04400	0.01905	0.93695
1300 G	0.04390	0.01919	0.93691
1301 A	0.04385	0.01929	0.93685
1302 A	0.04381	0.01935	0.93685
1303 T	0.04380	0.01931	0.93689
1304 C	0.04377	0.01931	0.93692
1305 A	0.04375	0.01954	0.93671
1306 G	0.04375	0.01983	0.93642
1307 A	0.04380	0.01997	0.93623
1308 A	0.04390	0.02003	0.93606
1309 A	0.04417	0.01988	0.93595
1310 A	0.04460	0.01828	0.93712
1311 G	0.04512	0.01668	0.9382
1312 A	0.04573	0.01467	0.9396
1313 G	0.04659	0.01199	0.94142
1314 A	0.04760	0.01055	0.94185
1315 T	0.04923	0.00870	0.94207
1316 A	0.05014	0.00785	0.94202
1317 T	0.05102	0.00681	0.94216
1318 T	0.05146	0.00616	0.94238
1319 A	0.05166	0.00569	0.94265
1320 T	0.05203	0.00464	0.94332
1321 G	0.05220	0.00419	0.94361
1322 C	0.05235	0.00398	0.94367
1323 T	0.05244	0.00388	0.94368
1324 A	0.05250	0.00391	0.94359
1325 T	0.05257	0.00386	0.94357
1326 G	0.05259	0.00384	0.94357
1327 C	0.05265	0.00378	0.94356
1328 A	0.05286	0.00357	0.94357
