# lcl|CP097583.1_cds_USQ93249.1_1
# AA	inside	membr	outside
1 A	0.59515	0.00000	0.40485
2 T	0.59499	0.00015	0.40485
3 G	0.59485	0.00029	0.40485
4 A	0.59485	0.03608	0.36907
5 A	0.58867	0.08610	0.32523
6 T	0.58867	0.09708	0.31425
7 A	0.52106	0.16887	0.31007
8 A	0.52106	0.16896	0.30998
9 G	0.51551	0.17518	0.30931
10 T	0.51550	0.21854	0.26596
11 T	0.51452	0.22267	0.26281
12 A	0.49249	0.24708	0.26043
13 A	0.47126	0.28086	0.24789
14 A	0.47125	0.28086	0.24788
15 T	0.47125	0.42141	0.10734
16 T	0.46336	0.42929	0.10734
17 T	0.45367	0.43999	0.10634
18 A	0.45281	0.44237	0.10482
19 A	0.43530	0.46037	0.10433
20 T	0.36952	0.52769	0.10279
21 C	0.11020	0.78699	0.1028
22 A	0.09953	0.79837	0.10209
23 G	0.09577	0.80231	0.10192
24 C	0.09473	0.80369	0.10158
25 A	0.09436	0.80459	0.10106
26 A	0.09557	0.80348	0.10096
27 G	0.12565	0.77160	0.10274
28 A	0.16592	0.72631	0.10777
29 T	0.18250	0.70836	0.10914
30 G	0.19644	0.63383	0.16973
31 T	0.20208	0.62501	0.17291
32 C	0.20369	0.61368	0.18262
33 T	0.22199	0.59592	0.18208
34 A	0.21666	0.60856	0.17478
35 A	0.21705	0.60198	0.18097
36 A	0.22589	0.58471	0.1894
37 A	0.23001	0.58060	0.18939
38 A	0.35269	0.44531	0.202
39 G	0.35158	0.41870	0.22972
40 T	0.35503	0.40009	0.24488
41 T	0.34680	0.39909	0.25411
42 A	0.32234	0.42022	0.25745
43 A	0.31699	0.37210	0.31092
44 A	0.29604	0.20260	0.50135
45 T	0.29259	0.20405	0.50337
46 G	0.27863	0.24723	0.47415
47 T	0.25989	0.42933	0.31079
48 T	0.22617	0.59326	0.18056
49 A	0.15311	0.68500	0.16189
50 A	0.08861	0.75551	0.15588
51 A	0.07522	0.77034	0.15443
52 A	0.06739	0.77910	0.1535
53 C	0.06254	0.78544	0.15203
54 A	0.06059	0.78717	0.15224
55 G	0.06023	0.78673	0.15304
56 A	0.06242	0.78318	0.15439
57 A	0.06889	0.77272	0.15839
58 C	0.07106	0.76796	0.16099
59 A	0.07299	0.76353	0.16348
60 A	0.07409	0.76031	0.1656
61 G	0.07569	0.75476	0.16955
62 T	0.08452	0.74084	0.17464
63 A	0.08209	0.74134	0.17657
64 G	0.08536	0.72286	0.19178
65 G	0.09591	0.68794	0.21616
66 A	0.10474	0.66996	0.2253
67 G	0.13001	0.62020	0.24978
68 A	0.15624	0.58515	0.2586
69 A	0.20335	0.51740	0.27925
70 T	0.37560	0.31308	0.31132
71 T	0.47540	0.17534	0.34926
72 T	0.48842	0.10131	0.41028
73 T	0.48987	0.05058	0.45955
74 T	0.48656	0.04225	0.47119
75 G	0.48259	0.03990	0.47752
76 T	0.48067	0.03797	0.48137
77 C	0.47689	0.03967	0.48344
78 T	0.47599	0.04092	0.48309
79 T	0.47368	0.04505	0.48126
80 G	0.46658	0.05420	0.47922
81 T	0.43639	0.09020	0.4734
82 T	0.36916	0.16340	0.46743
83 T	0.33636	0.19877	0.46487
84 A	0.32241	0.21547	0.46212
85 A	0.31485	0.22365	0.46151
86 G	0.30896	0.22636	0.46468
87 T	0.30415	0.22964	0.46621
88 G	0.29475	0.23844	0.46681
89 A	0.28729	0.24692	0.4658
90 T	0.28137	0.25359	0.46504
91 G	0.27426	0.26383	0.46191
92 T	0.27218	0.26926	0.45857
93 T	0.26944	0.27549	0.45507
94 G	0.26549	0.27874	0.45578
95 T	0.26242	0.28173	0.45584
96 G	0.25475	0.28976	0.45549
97 G	0.24663	0.29728	0.45609
98 C	0.24186	0.30301	0.45512
99 A	0.23501	0.32123	0.44376
100 G	0.22815	0.33591	0.43594
101 A	0.22627	0.35446	0.41928
102 A	0.22752	0.36649	0.40599
103 G	0.22989	0.37048	0.39963
104 G	0.23584	0.34630	0.41786
105 T	0.24128	0.31087	0.44785
106 T	0.24019	0.34249	0.41732
107 T	0.23371	0.39371	0.37258
108 A	0.22261	0.48649	0.2909
109 A	0.21570	0.56761	0.21669
110 A	0.21082	0.59157	0.1976
111 A	0.20626	0.60064	0.1931
112 G	0.20461	0.60790	0.18749
113 A	0.20143	0.62105	0.17752
114 A	0.19390	0.63187	0.17423
115 G	0.19141	0.63920	0.16939
116 A	0.18862	0.64893	0.16245
117 A	0.18552	0.65663	0.15786
118 A	0.18423	0.66849	0.14728
119 A	0.18403	0.67945	0.13651
120 A	0.17704	0.69887	0.12409
121 A	0.17422	0.70521	0.12057
122 A	0.17773	0.70257	0.1197
123 A	0.17770	0.70624	0.11605
124 G	0.18733	0.69736	0.11531
125 A	0.20397	0.68361	0.11242
126 A	0.22295	0.66423	0.11282
127 A	0.25724	0.62762	0.11514
128 A	0.30404	0.57549	0.12047
129 T	0.37862	0.49044	0.13094
130 C	0.41541	0.44263	0.14196
131 C	0.47233	0.38105	0.14662
132 T	0.52443	0.33553	0.14004
133 A	0.52376	0.33685	0.1394
134 A	0.52185	0.33856	0.13959
135 T	0.51909	0.34146	0.13946
136 T	0.50601	0.35167	0.14232
137 C	0.45917	0.38748	0.15335
138 A	0.41852	0.42971	0.15177
139 A	0.40663	0.44278	0.15059
140 A	0.39540	0.45342	0.15117
141 A	0.39533	0.45311	0.15157
142 G	0.40238	0.44574	0.15188
143 T	0.42149	0.41400	0.1645
144 A	0.42170	0.40610	0.1722
145 A	0.42394	0.39558	0.18048
146 T	0.43046	0.37846	0.19108
147 T	0.42337	0.37893	0.1977
148 A	0.41349	0.38789	0.19862
149 A	0.40492	0.39400	0.20108
150 A	0.39985	0.39583	0.20432
151 G	0.39948	0.39124	0.20929
152 T	0.39989	0.38861	0.2115
153 A	0.39835	0.38833	0.21332
154 G	0.39927	0.37543	0.22531
155 T	0.40598	0.36429	0.22973
156 G	0.40667	0.35586	0.23747
157 A	0.40802	0.34775	0.24422
158 T	0.41225	0.31998	0.26777
159 T	0.41459	0.29185	0.29355
160 G	0.41506	0.24851	0.33643
161 G	0.41728	0.21455	0.36816
162 T	0.42151	0.19875	0.37974
163 A	0.42100	0.19642	0.38257
164 A	0.42243	0.19656	0.38101
165 T	0.42636	0.18708	0.38657
166 T	0.42556	0.18994	0.3845
167 T	0.42019	0.19585	0.38396
168 A	0.40933	0.21431	0.37636
169 G	0.40424	0.21876	0.377
170 G	0.39039	0.22847	0.38113
171 A	0.37143	0.24580	0.38277
172 G	0.35870	0.25904	0.38226
173 C	0.34969	0.27594	0.37437
174 A	0.34292	0.29070	0.36638
175 G	0.33889	0.30034	0.36077
176 T	0.34296	0.30271	0.35432
177 A	0.33980	0.31998	0.34023
178 C	0.34365	0.32758	0.32877
179 A	0.34562	0.36707	0.2873
180 T	0.35052	0.39050	0.25897
181 T	0.34054	0.42078	0.23869
182 T	0.30825	0.47779	0.21397
183 A	0.27418	0.51515	0.21067
184 A	0.25364	0.53670	0.20966
185 A	0.24979	0.54021	0.20999
186 A	0.25592	0.53228	0.21181
187 C	0.26743	0.51751	0.21506
188 A	0.27359	0.51711	0.2093
189 T	0.27919	0.51661	0.2042
190 A	0.26514	0.53468	0.20018
191 G	0.26184	0.53520	0.20297
192 A	0.26174	0.53595	0.20232
193 A	0.26461	0.51991	0.21548
194 A	0.27022	0.49281	0.23697
195 A	0.27832	0.46941	0.25228
196 G	0.29064	0.44796	0.2614
197 A	0.29483	0.44621	0.25896
198 A	0.28310	0.46553	0.25137
199 A	0.28204	0.47778	0.24018
200 A	0.29812	0.46469	0.23719
201 A	0.31472	0.45243	0.23286
202 G	0.35551	0.40878	0.2357
203 T	0.38423	0.36809	0.24768
204 A	0.39717	0.33826	0.26457
205 T	0.40725	0.29576	0.29699
206 G	0.38086	0.30708	0.31206
207 C	0.36236	0.32999	0.30766
208 A	0.34277	0.40107	0.25615
209 A	0.33838	0.43348	0.22813
210 A	0.33896	0.43601	0.22503
211 G	0.34718	0.42471	0.22811
212 T	0.35593	0.41303	0.23104
213 T	0.35967	0.38945	0.25087
214 C	0.35770	0.38299	0.25931
215 C	0.35654	0.38641	0.25704
216 A	0.35659	0.40226	0.24116
217 A	0.35736	0.40737	0.23526
218 A	0.35960	0.40490	0.23549
219 A	0.36414	0.40012	0.23574
220 A	0.37454	0.38546	0.24
221 G	0.39032	0.34658	0.2631
222 C	0.41088	0.31274	0.27639
223 G	0.42066	0.30495	0.27438
224 A	0.43078	0.29856	0.27066
225 T	0.44120	0.29238	0.26642
226 A	0.44250	0.29752	0.25998
227 A	0.44566	0.30030	0.25404
228 A	0.44857	0.28501	0.26642
229 G	0.46154	0.24269	0.29577
230 T	0.48324	0.20331	0.31345
231 T	0.52619	0.14788	0.32593
232 G	0.54025	0.12974	0.33001
233 T	0.54154	0.12800	0.33045
234 A	0.54036	0.12815	0.33149
235 A	0.54087	0.12603	0.33309
236 C	0.54397	0.11959	0.33643
237 T	0.54993	0.11130	0.33877
238 C	0.55404	0.10550	0.34047
239 T	0.56518	0.09408	0.34075
240 T	0.56493	0.09422	0.34085
241 C	0.56157	0.09747	0.34096
242 C	0.55934	0.09959	0.34107
243 A	0.55647	0.10271	0.34081
244 G	0.55559	0.10341	0.341
245 C	0.55678	0.10223	0.34099
246 T	0.56328	0.09626	0.34045
247 A	0.56676	0.09335	0.33989
248 G	0.57159	0.08863	0.33979
249 A	0.57819	0.08223	0.33958
250 T	0.58661	0.07365	0.33974
251 T	0.58984	0.06045	0.34971
252 T	0.59108	0.05673	0.35219
253 G	0.59257	0.05370	0.35373
254 T	0.59552	0.04838	0.3561
255 T	0.59310	0.04755	0.35935
256 C	0.58507	0.05397	0.36096
257 C	0.57704	0.06778	0.35518
258 A	0.57301	0.08308	0.34391
259 G	0.57102	0.08946	0.33952
260 T	0.57037	0.09428	0.33535
261 A	0.56600	0.10294	0.33106
262 T	0.56279	0.10819	0.32902
263 T	0.55545	0.11839	0.32616
264 T	0.54188	0.14381	0.31431
265 A	0.51713	0.20552	0.27736
266 A	0.50210	0.23045	0.26745
267 A	0.49373	0.24595	0.26032
268 A	0.48738	0.25701	0.25561
269 T	0.48240	0.26148	0.25612
270 A	0.47049	0.27299	0.25652
271 A	0.46795	0.27519	0.25686
272 G	0.46705	0.27529	0.25765
273 C	0.46697	0.27491	0.25812
274 A	0.46743	0.27433	0.25824
275 A	0.46783	0.27371	0.25846
276 A	0.46832	0.27255	0.25913
277 A	0.47002	0.27014	0.25984
278 C	0.47280	0.26457	0.26263
279 A	0.47593	0.25627	0.2678
280 T	0.48485	0.24335	0.2718
281 T	0.49241	0.23599	0.2716
282 T	0.48759	0.24807	0.26434
283 A	0.46782	0.27646	0.25572
284 A	0.45817	0.28424	0.25759
285 A	0.45556	0.28164	0.2628
286 G	0.45976	0.26635	0.27389
287 A	0.47686	0.23734	0.2858
288 T	0.51924	0.17258	0.30817
289 T	0.52875	0.14997	0.32127
290 T	0.53358	0.13735	0.32907
291 A	0.53531	0.13032	0.33438
292 G	0.53579	0.12345	0.34077
293 C	0.53650	0.11299	0.35051
294 T	0.53730	0.11019	0.35251
295 T	0.53775	0.10863	0.35362
296 C	0.53813	0.10747	0.3544
297 A	0.53841	0.10700	0.35459
298 G	0.53880	0.10640	0.3548
299 A	0.53938	0.10535	0.35527
300 A	0.54038	0.10390	0.35573
301 G	0.54223	0.10140	0.35637
302 A	0.54783	0.09286	0.35931
303 T	0.55544	0.08065	0.36392
304 A	0.56015	0.07129	0.36855
305 T	0.56967	0.05138	0.37895
306 T	0.57649	0.02606	0.39745
307 T	0.57908	0.01281	0.40811
308 A	0.57995	0.00681	0.41324
309 A	0.58120	0.00000	0.4188
