# lcl|CP097583.1_cds_USQ93559.1_1
# AA	inside	membr	outside
1 A	0.11341	0.00000	0.88659
2 T	0.11227	0.00113	0.88659
3 G	0.11005	0.00335	0.88659
4 A	0.11005	0.03493	0.85502
5 A	0.09966	0.08624	0.81409
6 A	0.09966	0.09599	0.80434
7 A	0.07722	0.11968	0.8031
8 T	0.07721	0.11972	0.80306
9 T	0.06775	0.13092	0.80133
10 A	0.06773	0.27989	0.65238
11 A	0.06661	0.28475	0.64864
12 A	0.05707	0.29546	0.64747
13 A	0.04730	0.31198	0.64072
14 A	0.04730	0.31198	0.64072
15 T	0.04730	0.32418	0.62852
16 A	0.04714	0.32434	0.62852
17 A	0.04699	0.32452	0.6285
18 A	0.04698	0.32456	0.62845
19 G	0.04692	0.32466	0.62842
20 C	0.04635	0.32555	0.6281
21 A	0.04434	0.32752	0.62814
22 A	0.04635	0.32543	0.62822
23 T	0.05108	0.32041	0.6285
24 G	0.05707	0.31428	0.62864
25 T	0.06513	0.30504	0.62983
26 T	0.06805	0.29910	0.63284
27 A	0.08416	0.28040	0.63544
28 A	0.11413	0.24112	0.64474
29 T	0.12774	0.22541	0.64685
30 A	0.13265	0.20320	0.66415
31 A	0.13500	0.19844	0.66656
32 C	0.14446	0.17663	0.67892
33 T	0.27274	0.04733	0.67993
34 T	0.27293	0.04608	0.68098
35 A	0.27138	0.04373	0.6849
36 T	0.27729	0.03190	0.69081
37 C	0.27434	0.03475	0.69091
38 C	0.28130	0.02770	0.69101
39 T	0.27730	0.03287	0.68983
40 G	0.27510	0.03519	0.68971
41 A	0.26775	0.04303	0.68922
42 T	0.26652	0.04468	0.68881
43 T	0.26202	0.04911	0.68887
44 C	0.22825	0.08217	0.68957
45 A	0.19313	0.11847	0.6884
46 T	0.18896	0.12349	0.68755
47 T	0.17523	0.13772	0.68706
48 A	0.13863	0.17493	0.68644
49 G	0.12065	0.19351	0.68584
50 G	0.11340	0.20083	0.68577
51 A	0.10404	0.21048	0.68548
52 A	0.08424	0.23033	0.68543
53 A	0.06653	0.24772	0.68576
54 A	0.06508	0.24819	0.68673
55 A	0.06477	0.24736	0.68786
56 A	0.06493	0.24513	0.68994
57 T	0.06526	0.23936	0.69538
58 C	0.06516	0.23478	0.70006
59 T	0.06517	0.23356	0.70126
60 T	0.06413	0.23280	0.70307
61 A	0.06016	0.23614	0.70369
62 A	0.05782	0.23610	0.70608
63 A	0.05665	0.23533	0.70801
64 G	0.05632	0.22254	0.72114
65 A	0.05613	0.21522	0.72865
66 T	0.05686	0.20418	0.73896
67 T	0.05708	0.17387	0.76906
68 T	0.05634	0.14693	0.79674
69 A	0.05435	0.14422	0.80142
70 A	0.05341	0.13231	0.81429
71 T	0.05321	0.10096	0.84583
72 T	0.05225	0.08604	0.86171
73 A	0.05066	0.08162	0.86772
74 A	0.05004	0.07470	0.87525
75 A	0.04986	0.05911	0.89102
76 G	0.04987	0.04526	0.90487
77 T	0.04974	0.04406	0.9062
78 T	0.04931	0.04394	0.90675
79 T	0.04889	0.04493	0.90618
80 T	0.04818	0.04656	0.90526
81 A	0.04663	0.04919	0.90418
82 A	0.04584	0.04990	0.90426
83 A	0.04555	0.04900	0.90546
84 A	0.04508	0.04600	0.90892
85 G	0.04486	0.04360	0.91154
86 A	0.04488	0.04228	0.91285
87 A	0.04507	0.04098	0.91396
88 G	0.04551	0.03921	0.91528
89 A	0.04629	0.03787	0.91584
90 T	0.04820	0.03479	0.917
91 T	0.04945	0.03181	0.91874
92 T	0.05014	0.02913	0.92074
93 T	0.05053	0.02760	0.92186
94 G	0.05054	0.02718	0.92229
95 G	0.05076	0.02620	0.92304
96 A	0.05164	0.02460	0.92376
97 G	0.05291	0.02243	0.92467
98 A	0.05454	0.02035	0.92512
99 T	0.05857	0.01570	0.92573
100 T	0.06010	0.01357	0.92633
101 C	0.06055	0.01225	0.92721
102 T	0.06121	0.01154	0.92725
103 A	0.06165	0.01094	0.92742
104 T	0.06249	0.00930	0.92822
105 T	0.06283	0.00855	0.92863
106 G	0.06288	0.00837	0.92874
107 G	0.06300	0.00766	0.92934
108 T	0.06325	0.00707	0.92967
109 G	0.06313	0.00705	0.92982
110 G	0.06316	0.00697	0.92987
111 A	0.06337	0.00672	0.9299
112 A	0.06397	0.00607	0.92996
113 T	0.06473	0.00522	0.93004
114 T	0.06508	0.00476	0.93016
115 C	0.06523	0.00453	0.93024
116 A	0.06539	0.00436	0.93025
117 T	0.06572	0.00395	0.93034
118 A	0.06591	0.00374	0.93035
119 T	0.06634	0.00328	0.93037
120 A	0.06635	0.00326	0.9304
121 T	0.06652	0.00297	0.9305
122 T	0.06657	0.00284	0.93059
123 A	0.06640	0.00290	0.9307
124 C	0.06636	0.00277	0.93088
125 C	0.06662	0.00246	0.93093
126 T	0.06688	0.00220	0.93093
127 T	0.06703	0.00208	0.93089
128 T	0.06713	0.00199	0.93088
129 T	0.06717	0.00195	0.93089
130 T	0.06717	0.00188	0.93095
131 T	0.06703	0.00183	0.93114
132 T	0.06688	0.00171	0.93141
133 C	0.06670	0.00175	0.93155
134 C	0.06652	0.00190	0.93158
135 G	0.06636	0.00206	0.93158
136 T	0.06631	0.00211	0.93158
137 C	0.06622	0.00219	0.93159
138 A	0.06619	0.00223	0.93159
139 A	0.06620	0.00221	0.93159
140 C	0.06621	0.00217	0.93161
141 G	0.06623	0.00214	0.93162
142 A	0.06626	0.00211	0.93163
143 G	0.06626	0.00201	0.93172
144 T	0.06626	0.00197	0.93177
145 G	0.06626	0.00193	0.93181
146 A	0.06625	0.00168	0.93206
147 T	0.06624	0.00150	0.93226
148 C	0.06619	0.00144	0.93236
149 G	0.06617	0.00145	0.93238
150 T	0.06619	0.00141	0.9324
151 G	0.06618	0.00143	0.9324
152 G	0.06616	0.00143	0.9324
153 T	0.06616	0.00144	0.93239
154 T	0.06612	0.00128	0.9326
155 T	0.06608	0.00117	0.93276
156 T	0.06599	0.00105	0.93295
157 T	0.06587	0.00101	0.93312
158 C	0.06574	0.00098	0.93328
159 T	0.06567	0.00103	0.9333
160 C	0.06548	0.00118	0.93334
161 C	0.06536	0.00128	0.93335
162 A	0.06528	0.00138	0.93334
163 T	0.06517	0.00149	0.93334
164 C	0.06500	0.00167	0.93334
165 A	0.06491	0.00181	0.93328
166 G	0.06487	0.00188	0.93324
167 G	0.06484	0.00194	0.93321
168 A	0.06478	0.00202	0.9332
169 T	0.06475	0.00205	0.93319
170 A	0.06471	0.00207	0.93322
171 T	0.06460	0.00212	0.93327
172 G	0.06438	0.00232	0.93331
173 A	0.06429	0.00240	0.93331
174 T	0.06423	0.00243	0.93334
175 A	0.06406	0.00264	0.9333
176 A	0.06399	0.00269	0.93333
177 T	0.06391	0.00268	0.93341
178 G	0.06370	0.00277	0.93353
179 T	0.06360	0.00275	0.93365
180 C	0.06346	0.00274	0.93379
181 G	0.06334	0.00280	0.93386
182 A	0.06325	0.00284	0.93392
183 T	0.06318	0.00276	0.93406
184 C	0.06296	0.00286	0.93418
185 C	0.06286	0.00292	0.93422
186 G	0.06277	0.00293	0.9343
187 G	0.06276	0.00285	0.9344
188 C	0.06280	0.00274	0.93446
189 T	0.06285	0.00270	0.93446
190 T	0.06287	0.00268	0.93445
191 T	0.06287	0.00265	0.93449
192 T	0.06278	0.00280	0.93442
193 G	0.06219	0.00343	0.93438
194 G	0.06196	0.00355	0.93449
195 T	0.06187	0.00349	0.93464
196 A	0.06161	0.00371	0.93467
197 A	0.06130	0.00397	0.93473
198 T	0.06096	0.00412	0.93493
199 T	0.06021	0.00481	0.93498
200 G	0.05950	0.00556	0.93494
201 G	0.05897	0.00624	0.93479
202 A	0.05860	0.00715	0.93425
203 A	0.05841	0.00790	0.93368
204 A	0.05816	0.00877	0.93308
205 G	0.05732	0.01022	0.93245
206 A	0.05674	0.01099	0.93228
207 T	0.05637	0.01128	0.93236
208 A	0.05513	0.01261	0.93227
209 T	0.05448	0.01327	0.93225
210 C	0.05352	0.01427	0.93221
211 G	0.05234	0.01572	0.93193
212 A	0.05163	0.01664	0.93173
213 A	0.05135	0.01698	0.93166
214 A	0.05127	0.01707	0.93166
215 T	0.05132	0.01698	0.9317
216 T	0.05089	0.01688	0.93223
217 T	0.05015	0.01742	0.93243
218 T	0.04913	0.01828	0.93259
219 A	0.04713	0.02006	0.93281
220 A	0.04618	0.02062	0.9332
221 G	0.04555	0.02073	0.93372
222 C	0.04516	0.02049	0.93435
223 A	0.04473	0.02077	0.93449
224 A	0.04470	0.02063	0.93467
225 A	0.04513	0.02006	0.93481
226 A	0.04571	0.01938	0.93491
227 A	0.04640	0.01850	0.93509
228 A	0.04716	0.01672	0.93613
229 T	0.04753	0.01549	0.93698
230 A	0.04772	0.01474	0.93755
231 T	0.04799	0.01312	0.93889
232 T	0.04813	0.01227	0.9396
233 A	0.04818	0.01144	0.94038
234 T	0.04839	0.01024	0.94137
235 T	0.04847	0.00959	0.94194
236 T	0.04843	0.00931	0.94225
237 A	0.04838	0.00922	0.94241
238 A	0.04838	0.00892	0.9427
239 T	0.04847	0.00773	0.9438
240 G	0.04852	0.00683	0.94465
241 T	0.04856	0.00581	0.94562
242 T	0.04853	0.00446	0.94701
243 T	0.04846	0.00387	0.94767
244 G	0.04840	0.00351	0.94809
245 A	0.04840	0.00321	0.94839
246 T	0.04853	0.00262	0.94885
247 T	0.04860	0.00229	0.94911
248 T	0.04863	0.00220	0.94917
249 C	0.04853	0.00238	0.94909
250 A	0.04843	0.00298	0.94859
251 T	0.04801	0.00404	0.94795
252 G	0.04714	0.00531	0.94755
253 A	0.04697	0.00612	0.94691
254 T	0.04698	0.00640	0.94662
255 T	0.04688	0.00654	0.94658
256 A	0.04663	0.00681	0.94655
257 A	0.04656	0.00688	0.94656
258 T	0.04632	0.00708	0.94661
259 C	0.04594	0.00739	0.94667
260 A	0.04582	0.00758	0.9466
261 T	0.04583	0.00760	0.94657
262 A	0.04564	0.00781	0.94655
263 T	0.04553	0.00789	0.94658
264 T	0.04509	0.00831	0.94661
265 T	0.04418	0.00909	0.94673
266 C	0.04243	0.01073	0.94684
267 G	0.04111	0.01204	0.94685
268 C	0.04006	0.01316	0.94678
269 G	0.03920	0.01418	0.94662
270 A	0.03884	0.01469	0.94647
271 G	0.03872	0.01480	0.94647
272 A	0.03887	0.01459	0.94654
273 A	0.03939	0.01398	0.94663
274 T	0.04017	0.01261	0.94722
275 C	0.04051	0.01127	0.94822
276 T	0.04104	0.01057	0.94839
277 G	0.04116	0.01046	0.94839
278 T	0.04101	0.01089	0.94809
279 A	0.04050	0.01179	0.94771
280 A	0.03990	0.01268	0.94742
281 T	0.03971	0.01258	0.94772
282 G	0.03945	0.01249	0.94806
283 T	0.03934	0.01266	0.948
284 A	0.03897	0.01303	0.948
285 T	0.03879	0.01295	0.94826
286 A	0.03831	0.01347	0.94822
287 A	0.03782	0.01364	0.94854
288 G	0.03740	0.01344	0.94916
289 G	0.03719	0.01316	0.94965
290 A	0.03713	0.01298	0.94989
291 T	0.03721	0.01211	0.95069
292 T	0.03730	0.01148	0.95121
293 T	0.03723	0.01135	0.95142
294 T	0.03693	0.01165	0.95142
295 C	0.03626	0.01257	0.95117
296 A	0.03558	0.01488	0.94955
297 A	0.03420	0.01729	0.94851
298 A	0.03274	0.02076	0.9465
299 A	0.03188	0.02248	0.94563
300 A	0.03093	0.02357	0.94551
301 A	0.03027	0.02408	0.94565
302 A	0.03057	0.02326	0.94618
303 T	0.03088	0.02232	0.9468
304 C	0.03049	0.02266	0.94686
305 A	0.03022	0.02354	0.94624
306 T	0.03019	0.02387	0.94594
307 G	0.02790	0.02649	0.94562
308 A	0.02701	0.02759	0.9454
309 G	0.02687	0.02759	0.94555
310 A	0.02712	0.02687	0.94601
311 A	0.02750	0.02604	0.94646
312 T	0.02872	0.02448	0.9468
313 T	0.02916	0.02380	0.94705
314 C	0.02889	0.02386	0.94725
315 T	0.02887	0.02384	0.9473
316 A	0.02868	0.02398	0.94734
317 A	0.02870	0.02380	0.9475
318 A	0.02894	0.02314	0.94792
319 T	0.03044	0.02116	0.9484
320 A	0.03116	0.01903	0.94982
321 T	0.03308	0.01557	0.95135
322 A	0.03353	0.01424	0.95222
323 A	0.03355	0.01323	0.95322
324 C	0.03366	0.01202	0.95432
325 A	0.03381	0.01185	0.95434
326 A	0.03414	0.01141	0.95444
327 T	0.03507	0.00993	0.955
328 T	0.03590	0.00873	0.95537
329 T	0.03628	0.00809	0.95563
330 T	0.03653	0.00533	0.95814
331 T	0.03660	0.00430	0.9591
332 T	0.03656	0.00398	0.95947
333 T	0.03647	0.00387	0.95966
334 A	0.03640	0.00385	0.95975
335 T	0.03639	0.00366	0.95995
336 T	0.03638	0.00343	0.96019
337 C	0.03634	0.00320	0.96045
338 G	0.03631	0.00338	0.96031
339 T	0.03622	0.00372	0.96005
340 T	0.03599	0.00456	0.95945
341 G	0.03390	0.00760	0.9585
342 G	0.03315	0.00967	0.95719
343 G	0.03255	0.01161	0.95585
344 A	0.03209	0.01468	0.95324
345 A	0.03196	0.01570	0.95234
346 A	0.03194	0.01620	0.95186
347 A	0.03203	0.01625	0.95172
348 G	0.03226	0.01613	0.95161
349 T	0.03245	0.01629	0.95127
350 T	0.03251	0.01673	0.95076
351 T	0.03251	0.01741	0.95008
352 T	0.03223	0.01787	0.9499
353 G	0.03133	0.01902	0.94965
354 G	0.03102	0.01933	0.94966
355 G	0.03091	0.01945	0.94964
356 C	0.03079	0.01956	0.94965
357 T	0.03067	0.01993	0.9494
358 C	0.03026	0.02066	0.94909
359 A	0.02949	0.02205	0.94846
360 A	0.02889	0.02305	0.94806
361 A	0.02878	0.02347	0.94776
362 A	0.02900	0.02327	0.94773
363 A	0.02957	0.02262	0.9478
364 G	0.03054	0.01981	0.94966
365 A	0.03097	0.01875	0.95027
366 A	0.02827	0.02098	0.95075
367 G	0.02560	0.02377	0.95062
368 A	0.02336	0.02638	0.95026
369 C	0.02052	0.02949	0.94999
370 A	0.01708	0.03357	0.94934
371 A	0.01406	0.03684	0.9491
372 A	0.01245	0.03847	0.94907
373 A	0.01118	0.03975	0.94906
374 A	0.01114	0.03976	0.9491
375 A	0.01095	0.03951	0.94953
376 C	0.01108	0.03834	0.95058
377 C	0.01101	0.03812	0.95088
378 T	0.01094	0.03811	0.95095
379 A	0.01068	0.03831	0.951
380 C	0.01077	0.03814	0.95109
381 T	0.01097	0.03790	0.95113
382 C	0.01094	0.03772	0.95135
383 C	0.01096	0.03743	0.95161
384 T	0.01092	0.03741	0.95167
385 G	0.01022	0.03808	0.9517
386 A	0.00986	0.03835	0.95179
387 A	0.00979	0.03829	0.95192
388 G	0.00988	0.03715	0.95297
389 A	0.01013	0.03191	0.95796
390 T	0.01096	0.02508	0.96397
391 A	0.01130	0.02092	0.96777
392 T	0.01161	0.01661	0.97178
393 T	0.01187	0.01286	0.97527
394 G	0.01174	0.01025	0.97802
395 A	0.01165	0.00883	0.97951
396 T	0.01157	0.00748	0.98095
397 T	0.01136	0.00740	0.98124
398 T	0.01101	0.00821	0.98078
399 A	0.01050	0.01021	0.97929
400 A	0.01033	0.01206	0.97761
401 T	0.01028	0.01365	0.97607
402 T	0.01017	0.01642	0.97342
403 T	0.01008	0.02169	0.96823
404 A	0.00996	0.02547	0.96458
405 T	0.00986	0.02794	0.96219
406 A	0.00952	0.03052	0.95996
407 A	0.00854	0.03325	0.95821
408 A	0.00765	0.03595	0.95641
409 A	0.00670	0.03966	0.95364
410 G	0.00609	0.04151	0.9524
411 A	0.00576	0.04319	0.95105
412 A	0.00566	0.04422	0.95012
413 A	0.00560	0.04459	0.94981
414 A	0.00559	0.04481	0.9496
415 A	0.00565	0.04482	0.94953
416 A	0.00579	0.04463	0.94958
417 T	0.00603	0.04421	0.94977
418 A	0.00613	0.04397	0.9499
419 A	0.00635	0.04355	0.9501
420 A	0.00671	0.04289	0.9504
421 G	0.00755	0.04163	0.95082
422 C	0.00918	0.03947	0.95136
423 C	0.01185	0.03667	0.95148
424 C	0.01478	0.03371	0.95151
425 C	0.01869	0.02978	0.95153
426 T	0.02420	0.02427	0.95152
427 A	0.02643	0.02204	0.95153
428 T	0.02853	0.01991	0.95156
429 A	0.02978	0.01844	0.95178
430 C	0.03143	0.01575	0.95282
431 A	0.03387	0.01234	0.95379
432 T	0.03771	0.00744	0.95485
433 T	0.03942	0.00518	0.9554
434 C	0.04064	0.00368	0.95568
435 T	0.04136	0.00291	0.95574
436 A	0.04147	0.00267	0.95586
437 T	0.04169	0.00235	0.95596
438 T	0.04148	0.00252	0.956
439 A	0.04100	0.00299	0.95601
440 C	0.04072	0.00307	0.95621
441 T	0.04026	0.00357	0.95617
442 T	0.03878	0.00518	0.95603
443 T	0.03403	0.01017	0.9558
444 T	0.03008	0.01463	0.95529
445 G	0.02413	0.02117	0.9547
446 A	0.02136	0.02446	0.95418
447 A	0.02033	0.02559	0.95408
448 G	0.01981	0.02610	0.95409
449 A	0.01940	0.02655	0.95405
450 T	0.01902	0.02683	0.95416
451 G	0.01807	0.02769	0.95424
452 G	0.01751	0.02812	0.95436
453 T	0.01709	0.02852	0.9544
454 A	0.01676	0.02887	0.95436
455 C	0.01661	0.02895	0.95444
456 G	0.01645	0.02913	0.95442
457 G	0.01637	0.02921	0.95442
458 A	0.01635	0.02925	0.9544
459 A	0.01631	0.02925	0.95444
460 G	0.01630	0.02923	0.95447
461 A	0.01631	0.02889	0.9548
462 A	0.01635	0.02810	0.95554
463 A	0.01638	0.02716	0.95647
464 A	0.01654	0.02547	0.95799
465 A	0.01679	0.02200	0.96121
466 C	0.01714	0.01490	0.96796
467 T	0.01771	0.01144	0.97085
468 T	0.01820	0.00775	0.97405
469 T	0.01850	0.00655	0.97496
470 G	0.01839	0.00688	0.97472
471 G	0.01824	0.00798	0.97378
472 A	0.01821	0.00777	0.97401
473 A	0.01812	0.00748	0.9744
474 T	0.01816	0.00652	0.97533
475 A	0.01809	0.00636	0.97554
476 C	0.01812	0.00575	0.97613
477 T	0.01813	0.00564	0.97623
478 T	0.01791	0.00585	0.97624
479 T	0.01744	0.00630	0.97626
480 C	0.01646	0.00742	0.97611
481 G	0.01528	0.00920	0.97551
482 G	0.01437	0.01059	0.97503
483 A	0.01340	0.01216	0.97444
484 G	0.01279	0.01309	0.97412
485 A	0.01237	0.01416	0.97347
486 A	0.01205	0.01452	0.97343
487 G	0.01174	0.01488	0.97338
488 A	0.01161	0.01508	0.97331
489 T	0.01166	0.01508	0.97326
490 C	0.01161	0.01525	0.97313
491 A	0.01166	0.01546	0.97288
492 A	0.01193	0.01531	0.97277
493 A	0.01258	0.01461	0.9728
494 T	0.01365	0.01341	0.97294
495 T	0.01385	0.01317	0.97298
496 G	0.01385	0.01295	0.97319
497 A	0.01393	0.01280	0.97327
498 T	0.01422	0.01233	0.97345
499 A	0.01422	0.01222	0.97355
500 T	0.01445	0.01174	0.97381
501 T	0.01461	0.01130	0.97409
502 A	0.01463	0.01089	0.97447
503 A	0.01475	0.01000	0.97525
504 T	0.01515	0.00859	0.97626
505 A	0.01487	0.00843	0.97671
506 T	0.01498	0.00777	0.97725
507 A	0.01473	0.00778	0.9775
508 A	0.01495	0.00727	0.97777
509 A	0.01489	0.00704	0.97807
510 T	0.01488	0.00672	0.97841
511 G	0.01484	0.00657	0.97859
512 A	0.01492	0.00643	0.97865
513 T	0.01513	0.00610	0.97878
514 G	0.01519	0.00599	0.97882
515 T	0.01526	0.00593	0.9788
516 T	0.01503	0.00629	0.97868
517 G	0.01442	0.00697	0.97861
518 T	0.01396	0.00754	0.9785
519 A	0.01279	0.00888	0.97833
520 G	0.01168	0.01021	0.97811
521 C	0.01119	0.01078	0.97802
522 T	0.01071	0.01151	0.97778
523 A	0.00960	0.01286	0.97754
524 A	0.00865	0.01391	0.97743
525 A	0.00813	0.01445	0.97742
526 G	0.00803	0.01451	0.97746
527 A	0.00805	0.01425	0.9777
528 A	0.00838	0.01329	0.97833
529 T	0.00876	0.01249	0.97875
530 T	0.00895	0.01185	0.9792
531 T	0.00887	0.01175	0.97939
532 A	0.00856	0.01203	0.9794
533 T	0.00838	0.01213	0.9795
534 T	0.00793	0.01255	0.97953
535 A	0.00748	0.01306	0.97946
536 A	0.00723	0.01328	0.97949
537 A	0.00709	0.01334	0.97957
538 A	0.00710	0.01323	0.97966
539 A	0.00725	0.01279	0.97995
540 A	0.00739	0.01204	0.98057
541 A	0.00759	0.01129	0.98112
542 A	0.00790	0.00976	0.98234
543 T	0.00837	0.00799	0.98364
544 T	0.00855	0.00723	0.98422
545 T	0.00864	0.00667	0.98469
546 A	0.00854	0.00613	0.98534
547 A	0.00853	0.00548	0.986
548 T	0.00853	0.00497	0.9865
549 A	0.00844	0.00493	0.98664
550 G	0.00846	0.00486	0.98668
551 A	0.00851	0.00483	0.98666
552 T	0.00856	0.00471	0.98673
553 A	0.00853	0.00463	0.98684
554 T	0.00859	0.00428	0.98713
555 G	0.00853	0.00395	0.98752
556 G	0.00854	0.00363	0.98783
557 C	0.00858	0.00314	0.98827
558 T	0.00871	0.00281	0.98848
559 A	0.00873	0.00267	0.98861
560 C	0.00879	0.00250	0.98872
561 A	0.00883	0.00244	0.98873
562 C	0.00887	0.00238	0.98875
563 A	0.00889	0.00235	0.98876
564 T	0.00893	0.00230	0.98877
565 G	0.00894	0.00228	0.98877
566 G	0.00899	0.00221	0.98881
567 T	0.00908	0.00209	0.98883
568 G	0.00914	0.00189	0.98898
569 C	0.00928	0.00153	0.98918
570 T	0.00947	0.00130	0.98923
571 A	0.00953	0.00124	0.98924
572 G	0.00960	0.00110	0.98931
573 T	0.00972	0.00095	0.98932
574 T	0.00982	0.00085	0.98934
575 T	0.00987	0.00074	0.98939
576 A	0.00987	0.00066	0.98946
577 A	0.00988	0.00059	0.98954
578 T	0.00989	0.00041	0.9897
579 T	0.00988	0.00034	0.98977
580 C	0.00988	0.00030	0.98982
581 G	0.00988	0.00029	0.98983
582 T	0.00988	0.00028	0.98984
583 T	0.00988	0.00027	0.98985
584 T	0.00988	0.00027	0.98985
585 A	0.00984	0.00030	0.98985
586 G	0.00983	0.00029	0.98988
587 A	0.00982	0.00028	0.9899
588 T	0.00982	0.00026	0.98993
589 G	0.00981	0.00026	0.98993
590 C	0.00980	0.00025	0.98995
591 T	0.00980	0.00027	0.98993
592 T	0.00979	0.00029	0.98992
593 T	0.00975	0.00033	0.98992
594 T	0.00968	0.00041	0.9899
595 G	0.00953	0.00058	0.98989
596 C	0.00947	0.00065	0.98988
597 T	0.00935	0.00085	0.9898
598 T	0.00925	0.00097	0.98978
599 A	0.00914	0.00110	0.98977
600 T	0.00905	0.00120	0.98974
601 G	0.00882	0.00149	0.9897
602 C	0.00873	0.00159	0.98968
603 T	0.00854	0.00186	0.9896
604 T	0.00826	0.00228	0.98946
605 G	0.00781	0.00282	0.98936
606 T	0.00739	0.00331	0.98929
607 A	0.00659	0.00421	0.9892
608 A	0.00623	0.00459	0.98918
609 A	0.00608	0.00474	0.98918
610 A	0.00602	0.00479	0.98918
611 A	0.00599	0.00481	0.98919
612 A	0.00598	0.00482	0.9892
613 A	0.00597	0.00481	0.98922
614 T	0.00599	0.00477	0.98924
615 A	0.00599	0.00474	0.98926
616 A	0.00599	0.00470	0.98932
617 A	0.00599	0.00459	0.98941
618 T	0.00601	0.00439	0.98959
619 A	0.00603	0.00427	0.98971
620 C	0.00610	0.00403	0.98987
621 T	0.00613	0.00392	0.98995
622 A	0.00615	0.00383	0.99001
623 A	0.00619	0.00373	0.99008
624 T	0.00630	0.00342	0.99028
625 T	0.00635	0.00327	0.99037
626 G	0.00641	0.00285	0.99074
627 T	0.00657	0.00226	0.99118
628 T	0.00664	0.00170	0.99167
629 T	0.00667	0.00130	0.99203
630 T	0.00669	0.00074	0.99257
631 T	0.00666	0.00073	0.99261
632 T	0.00660	0.00089	0.99251
633 T	0.00650	0.00120	0.9923
634 G	0.00634	0.00150	0.99216
635 T	0.00625	0.00170	0.99205
636 A	0.00614	0.00183	0.99202
637 G	0.00608	0.00189	0.99203
638 A	0.00597	0.00199	0.99203
639 A	0.00588	0.00207	0.99204
640 C	0.00582	0.00213	0.99205
641 C	0.00576	0.00220	0.99204
642 T	0.00571	0.00227	0.99202
643 G	0.00563	0.00239	0.99197
644 A	0.00559	0.00252	0.99189
645 A	0.00557	0.00260	0.99183
646 A	0.00556	0.00263	0.99181
647 T	0.00557	0.00264	0.99179
648 T	0.00556	0.00265	0.99178
649 T	0.00552	0.00272	0.99175
650 G	0.00545	0.00280	0.99174
651 G	0.00541	0.00285	0.99174
652 A	0.00538	0.00288	0.99174
653 A	0.00545	0.00277	0.99178
654 T	0.00573	0.00239	0.99188
655 C	0.00594	0.00209	0.99197
656 T	0.00618	0.00181	0.992
657 T	0.00626	0.00169	0.99206
658 T	0.00624	0.00170	0.99206
659 T	0.00610	0.00183	0.99207
660 A	0.00561	0.00235	0.99204
661 A	0.00500	0.00296	0.99205
662 A	0.00417	0.00383	0.99201
663 A	0.00388	0.00418	0.99193
664 G	0.00381	0.00426	0.99193
665 A	0.00379	0.00429	0.99192
666 A	0.00379	0.00424	0.99197
667 G	0.00386	0.00414	0.992
668 T	0.00390	0.00409	0.99202
669 G	0.00384	0.00417	0.99199
670 A	0.00380	0.00435	0.99186
671 A	0.00376	0.00439	0.99184
672 T	0.00376	0.00437	0.99187
673 A	0.00369	0.00439	0.99192
674 A	0.00368	0.00436	0.99197
675 C	0.00370	0.00429	0.99201
676 A	0.00371	0.00432	0.99197
677 T	0.00374	0.00431	0.99194
678 T	0.00377	0.00433	0.9919
679 T	0.00378	0.00435	0.99187
680 T	0.00372	0.00442	0.99185
681 A	0.00360	0.00445	0.99195
682 A	0.00356	0.00431	0.99213
683 A	0.00356	0.00382	0.99262
684 A	0.00366	0.00311	0.99324
685 C	0.00381	0.00211	0.99408
686 C	0.00399	0.00171	0.9943
687 T	0.00409	0.00160	0.99431
688 T	0.00412	0.00157	0.9943
689 T	0.00412	0.00163	0.99425
690 A	0.00388	0.00194	0.99418
691 G	0.00378	0.00205	0.99417
692 A	0.00377	0.00202	0.99421
693 A	0.00390	0.00186	0.99425
694 G	0.00393	0.00177	0.9943
695 T	0.00397	0.00169	0.99434
696 T	0.00399	0.00164	0.99437
697 G	0.00396	0.00179	0.99425
698 A	0.00390	0.00213	0.99397
699 A	0.00394	0.00241	0.99364
700 A	0.00397	0.00265	0.99338
701 T	0.00403	0.00268	0.99329
702 T	0.00406	0.00262	0.99332
703 T	0.00405	0.00255	0.9934
704 T	0.00390	0.00261	0.99348
705 A	0.00329	0.00319	0.99352
706 C	0.00318	0.00328	0.99354
707 C	0.00307	0.00340	0.99353
708 A	0.00295	0.00359	0.99347
709 G	0.00290	0.00366	0.99344
710 A	0.00290	0.00369	0.99341
711 A	0.00290	0.00368	0.99341
712 A	0.00297	0.00360	0.99343
713 T	0.00306	0.00326	0.99369
714 T	0.00310	0.00311	0.9938
715 C	0.00313	0.00302	0.99384
716 A	0.00317	0.00297	0.99385
717 T	0.00322	0.00292	0.99386
718 G	0.00319	0.00294	0.99387
719 A	0.00320	0.00292	0.99387
720 A	0.00332	0.00279	0.99389
721 C	0.00356	0.00247	0.99397
722 A	0.00387	0.00214	0.99399
723 T	0.00417	0.00182	0.994
724 T	0.00430	0.00169	0.99401
725 A	0.00431	0.00166	0.99403
726 T	0.00431	0.00163	0.99406
727 A	0.00431	0.00142	0.99427
728 C	0.00432	0.00077	0.99491
729 T	0.00433	0.00068	0.99499
730 A	0.00435	0.00060	0.99504
731 T	0.00439	0.00049	0.99511
732 T	0.00439	0.00048	0.99513
733 T	0.00435	0.00053	0.99512
734 C	0.00405	0.00085	0.9951
735 T	0.00387	0.00114	0.99499
736 G	0.00352	0.00173	0.99475
737 A	0.00341	0.00234	0.99424
738 T	0.00335	0.00250	0.99414
739 A	0.00325	0.00271	0.99404
740 A	0.00320	0.00281	0.994
741 A	0.00316	0.00286	0.99398
742 A	0.00309	0.00294	0.99398
743 T	0.00306	0.00294	0.994
744 T	0.00302	0.00296	0.99402
745 A	0.00294	0.00303	0.99403
746 G	0.00290	0.00305	0.99405
747 C	0.00287	0.00306	0.99407
748 G	0.00284	0.00309	0.99408
749 A	0.00282	0.00311	0.99408
750 A	0.00282	0.00311	0.99408
751 C	0.00281	0.00310	0.99409
752 A	0.00282	0.00310	0.99408
753 A	0.00282	0.00308	0.9941
754 G	0.00283	0.00304	0.99413
755 G	0.00287	0.00297	0.99415
756 A	0.00293	0.00286	0.9942
757 T	0.00312	0.00234	0.99455
758 A	0.00325	0.00200	0.99476
759 C	0.00354	0.00134	0.99512
760 T	0.00395	0.00085	0.9952
761 T	0.00403	0.00072	0.99525
762 T	0.00408	0.00061	0.99531
763 A	0.00411	0.00055	0.99534
764 T	0.00415	0.00048	0.99536
765 T	0.00418	0.00036	0.99545
766 T	0.00418	0.00033	0.9955
767 A	0.00417	0.00031	0.99552
768 T	0.00417	0.00025	0.99558
769 G	0.00417	0.00023	0.9956
770 A	0.00416	0.00023	0.99561
771 T	0.00417	0.00023	0.9956
772 T	0.00417	0.00023	0.9956
773 T	0.00417	0.00024	0.99558
774 T	0.00417	0.00025	0.99557
775 G	0.00417	0.00026	0.99556
776 T	0.00417	0.00028	0.99555
777 T	0.00416	0.00030	0.99554
778 T	0.00415	0.00031	0.99554
779 T	0.00413	0.00033	0.99554
780 A	0.00409	0.00037	0.99554
781 C	0.00408	0.00038	0.99554
782 C	0.00407	0.00039	0.99553
783 A	0.00406	0.00041	0.99553
784 T	0.00405	0.00043	0.99552
785 T	0.00404	0.00044	0.99552
786 G	0.00400	0.00048	0.99552
787 G	0.00400	0.00048	0.99552
788 T	0.00400	0.00048	0.99552
789 A	0.00400	0.00048	0.99552
790 A	0.00402	0.00045	0.99553
791 T	0.00405	0.00042	0.99553
792 A	0.00405	0.00041	0.99553
793 C	0.00407	0.00039	0.99553
794 T	0.00410	0.00039	0.99551
795 T	0.00411	0.00044	0.99545
796 T	0.00410	0.00046	0.99544
797 A	0.00405	0.00052	0.99544
798 T	0.00401	0.00055	0.99544
799 A	0.00395	0.00061	0.99544
800 C	0.00387	0.00067	0.99546
801 A	0.00377	0.00079	0.99544
802 T	0.00374	0.00083	0.99543
803 T	0.00370	0.00088	0.99542
804 A	0.00365	0.00095	0.99539
805 T	0.00363	0.00097	0.9954
806 A	0.00358	0.00099	0.99542
807 T	0.00349	0.00107	0.99543
808 T	0.00341	0.00113	0.99545
809 C	0.00332	0.00120	0.99547
810 A	0.00322	0.00132	0.99547
811 G	0.00313	0.00142	0.99545
812 G	0.00307	0.00149	0.99543
813 A	0.00296	0.00162	0.99542
814 A	0.00293	0.00166	0.99541
815 A	0.00293	0.00166	0.99542
816 A	0.00293	0.00165	0.99542
817 G	0.00296	0.00160	0.99544
818 T	0.00302	0.00152	0.99546
819 T	0.00302	0.00150	0.99548
820 A	0.00302	0.00145	0.99553
821 A	0.00302	0.00141	0.99557
822 A	0.00303	0.00134	0.99563
823 A	0.00303	0.00125	0.99571
824 C	0.00307	0.00110	0.99583
825 T	0.00310	0.00102	0.99588
826 T	0.00313	0.00096	0.99592
827 T	0.00314	0.00091	0.99595
828 A	0.00313	0.00090	0.99597
829 G	0.00314	0.00085	0.99602
830 C	0.00314	0.00065	0.9962
831 T	0.00315	0.00057	0.99628
832 G	0.00315	0.00051	0.99634
833 A	0.00317	0.00046	0.99637
834 T	0.00319	0.00039	0.99642
835 T	0.00320	0.00038	0.99642
836 G	0.00319	0.00034	0.99647
837 G	0.00319	0.00042	0.99639
838 T	0.00320	0.00064	0.99616
839 T	0.00319	0.00111	0.9957
840 A	0.00318	0.00145	0.99537
841 A	0.00317	0.00161	0.99522
842 G	0.00316	0.00170	0.99515
843 A	0.00314	0.00180	0.99506
844 A	0.00314	0.00182	0.99505
845 G	0.00314	0.00181	0.99505
846 A	0.00314	0.00181	0.99505
847 T	0.00315	0.00180	0.99505
848 C	0.00315	0.00180	0.99505
849 T	0.00315	0.00179	0.99506
850 C	0.00315	0.00179	0.99506
851 C	0.00315	0.00180	0.99506
852 G	0.00314	0.00181	0.99505
853 A	0.00313	0.00184	0.99504
854 T	0.00313	0.00184	0.99504
855 G	0.00312	0.00185	0.99502
856 A	0.00313	0.00184	0.99502
857 A	0.00314	0.00182	0.99504
858 G	0.00319	0.00176	0.99505
859 C	0.00328	0.00165	0.99506
860 A	0.00343	0.00150	0.99506
861 A	0.00372	0.00121	0.99508
862 T	0.00424	0.00068	0.99508
863 T	0.00454	0.00038	0.99509
864 T	0.00462	0.00028	0.99509
865 A	0.00464	0.00024	0.99512
866 C	0.00468	0.00018	0.99514
867 T	0.00468	0.00018	0.99515
868 A	0.00467	0.00019	0.99515
869 C	0.00466	0.00019	0.99515
870 T	0.00466	0.00019	0.99515
871 T	0.00465	0.00021	0.99515
872 T	0.00461	0.00025	0.99515
873 A	0.00453	0.00033	0.99514
874 G	0.00450	0.00037	0.99514
875 A	0.00449	0.00037	0.99514
876 T	0.00449	0.00035	0.99516
877 G	0.00449	0.00034	0.99517
878 T	0.00449	0.00033	0.99518
879 T	0.00448	0.00033	0.99519
880 C	0.00446	0.00035	0.9952
881 A	0.00444	0.00037	0.9952
882 T	0.00443	0.00038	0.99519
883 G	0.00442	0.00040	0.99519
884 A	0.00442	0.00040	0.99517
885 T	0.00442	0.00041	0.99517
886 G	0.00442	0.00041	0.99517
887 G	0.00442	0.00041	0.99517
888 T	0.00442	0.00041	0.99517
889 A	0.00442	0.00042	0.99516
890 T	0.00442	0.00041	0.99517
891 T	0.00442	0.00041	0.99517
892 G	0.00441	0.00042	0.99518
893 G	0.00441	0.00042	0.99517
894 A	0.00440	0.00041	0.99519
895 G	0.00440	0.00037	0.99523
896 T	0.00441	0.00030	0.99529
897 A	0.00441	0.00028	0.99531
898 G	0.00441	0.00027	0.99532
899 T	0.00442	0.00027	0.99532
900 T	0.00442	0.00028	0.99531
901 G	0.00441	0.00028	0.99531
902 A	0.00441	0.00028	0.99531
903 T	0.00441	0.00025	0.99534
904 G	0.00441	0.00024	0.99535
905 C	0.00441	0.00023	0.99536
906 T	0.00441	0.00023	0.99535
907 C	0.00440	0.00026	0.99534
908 G	0.00438	0.00035	0.99527
909 T	0.00436	0.00053	0.9951
910 G	0.00433	0.00070	0.99497
911 G	0.00433	0.00081	0.99485
912 T	0.00435	0.00095	0.99471
913 A	0.00434	0.00118	0.99448
914 T	0.00435	0.00127	0.99438
915 T	0.00435	0.00136	0.9943
916 T	0.00431	0.00143	0.99426
917 T	0.00425	0.00152	0.99423
918 A	0.00408	0.00173	0.99419
919 A	0.00400	0.00185	0.99415
920 C	0.00397	0.00190	0.99414
921 A	0.00393	0.00198	0.99409
922 G	0.00392	0.00203	0.99405
923 A	0.00392	0.00206	0.99402
924 T	0.00392	0.00209	0.994
925 G	0.00389	0.00217	0.99394
926 A	0.00385	0.00232	0.99382
927 A	0.00374	0.00259	0.99367
928 G	0.00369	0.00286	0.99345
929 A	0.00367	0.00327	0.99306
930 A	0.00369	0.00339	0.99292
931 A	0.00377	0.00337	0.99286
932 T	0.00399	0.00318	0.99282
933 T	0.00414	0.00305	0.99282
934 G	0.00418	0.00304	0.99277
935 A	0.00430	0.00298	0.99273
936 T	0.00450	0.00281	0.9927
937 T	0.00455	0.00274	0.99271
938 A	0.00459	0.00269	0.99272
939 T	0.00462	0.00262	0.99276
940 A	0.00457	0.00261	0.99282
941 C	0.00455	0.00248	0.99296
942 T	0.00452	0.00247	0.99301
943 T	0.00444	0.00255	0.993
944 C	0.00416	0.00285	0.99298
945 T	0.00397	0.00330	0.99273
946 A	0.00377	0.00383	0.99239
947 A	0.00365	0.00427	0.99208
948 A	0.00363	0.00458	0.99179
949 A	0.00371	0.00477	0.99152
950 A	0.00387	0.00465	0.99148
951 A	0.00410	0.00450	0.9914
952 T	0.00453	0.00413	0.99133
953 T	0.00466	0.00401	0.99134
954 A	0.00464	0.00403	0.99133
955 T	0.00461	0.00409	0.99131
956 A	0.00434	0.00441	0.99125
957 C	0.00416	0.00464	0.99119
958 A	0.00397	0.00556	0.99047
959 A	0.00385	0.00662	0.98953
960 A	0.00372	0.00758	0.9887
961 A	0.00363	0.00803	0.98835
962 T	0.00357	0.00821	0.98822
963 A	0.00341	0.00840	0.9882
964 G	0.00328	0.00842	0.98831
965 G	0.00324	0.00834	0.98842
966 A	0.00326	0.00819	0.98854
967 G	0.00332	0.00782	0.98885
968 C	0.00359	0.00735	0.98906
969 G	0.00391	0.00696	0.98913
970 A	0.00421	0.00663	0.98916
971 A	0.00451	0.00632	0.98918
972 T	0.00480	0.00601	0.98918
973 G	0.00491	0.00594	0.98914
974 T	0.00505	0.00579	0.98916
975 T	0.00506	0.00579	0.98914
976 A	0.00503	0.00590	0.98907
977 A	0.00503	0.00595	0.98902
978 A	0.00506	0.00588	0.98906
979 A	0.00515	0.00557	0.98928
980 A	0.00529	0.00526	0.98944
981 A	0.00605	0.00431	0.98964
982 A	0.00705	0.00315	0.9898
983 T	0.00798	0.00207	0.98995
984 T	0.00831	0.00164	0.99005
985 T	0.00838	0.00153	0.99009
986 A	0.00839	0.00141	0.9902
987 T	0.00840	0.00129	0.99031
988 T	0.00839	0.00124	0.99037
989 C	0.00837	0.00124	0.99038
990 T	0.00837	0.00125	0.99038
991 T	0.00836	0.00128	0.99036
992 C	0.00832	0.00133	0.99035
993 T	0.00832	0.00146	0.99022
994 G	0.00829	0.00152	0.9902
995 A	0.00829	0.00153	0.99019
996 T	0.00837	0.00145	0.99019
997 T	0.00841	0.00140	0.99019
998 C	0.00844	0.00131	0.99025
999 G	0.00854	0.00120	0.99026
1000 T	0.00865	0.00113	0.99022
1001 A	0.00869	0.00120	0.99012
1002 T	0.00874	0.00124	0.99002
1003 A	0.00875	0.00135	0.9899
1004 A	0.00877	0.00138	0.98984
1005 T	0.00880	0.00140	0.9898
1006 A	0.00881	0.00148	0.98971
1007 A	0.00884	0.00149	0.98967
1008 T	0.00887	0.00148	0.98965
1009 T	0.00888	0.00158	0.98953
1010 T	0.00888	0.00185	0.98927
1011 A	0.00885	0.00232	0.98882
1012 G	0.00885	0.00288	0.98826
1013 A	0.00887	0.00320	0.98794
1014 T	0.00889	0.00331	0.9878
1015 A	0.00891	0.00357	0.98752
1016 T	0.00903	0.00356	0.98741
1017 T	0.00904	0.00354	0.98743
1018 T	0.00902	0.00359	0.98739
1019 A	0.00896	0.00368	0.98736
1020 T	0.00894	0.00371	0.98735
1021 C	0.00893	0.00373	0.98735
1022 A	0.00893	0.00378	0.98729
1023 A	0.00898	0.00377	0.98725
1024 A	0.00910	0.00368	0.98722
1025 T	0.00921	0.00358	0.98721
1026 T	0.00933	0.00348	0.98719
1027 A	0.00938	0.00342	0.98721
1028 A	0.00943	0.00336	0.98721
1029 T	0.00953	0.00325	0.98722
1030 A	0.00957	0.00320	0.98723
1031 C	0.00965	0.00311	0.98724
1032 A	0.00983	0.00293	0.98724
1033 A	0.01017	0.00258	0.98725
1034 C	0.01069	0.00204	0.98727
1035 T	0.01142	0.00131	0.98727
1036 T	0.01171	0.00103	0.98727
1037 A	0.01182	0.00092	0.98726
1038 T	0.01203	0.00070	0.98726
1039 T	0.01213	0.00061	0.98726
1040 A	0.01215	0.00057	0.98729
1041 T	0.01221	0.00046	0.98733
1042 T	0.01225	0.00036	0.98738
1043 C	0.01226	0.00031	0.98743
1044 T	0.01228	0.00029	0.98743
1045 G	0.01231	0.00027	0.98742
1046 C	0.01235	0.00026	0.98739
1047 T	0.01239	0.00025	0.98736
1048 T	0.01240	0.00029	0.98731
1049 T	0.01241	0.00032	0.98728
1050 A	0.01240	0.00035	0.98725
1051 G	0.01238	0.00039	0.98723
1052 G	0.01236	0.00041	0.98723
1053 T	0.01235	0.00043	0.98723
1054 A	0.01232	0.00047	0.98722
1055 A	0.01231	0.00049	0.9872
1056 T	0.01230	0.00052	0.98718
1057 G	0.01229	0.00058	0.98714
1058 A	0.01229	0.00060	0.98711
1059 T	0.01229	0.00061	0.9871
1060 G	0.01229	0.00064	0.98707
1061 A	0.01230	0.00067	0.98703
1062 C	0.01230	0.00069	0.98701
1063 G	0.01230	0.00070	0.987
1064 A	0.01231	0.00069	0.987
1065 T	0.01232	0.00068	0.987
1066 G	0.01232	0.00067	0.987
1067 C	0.01235	0.00065	0.987
1068 C	0.01239	0.00061	0.98701
1069 T	0.01242	0.00059	0.98699
1070 A	0.01246	0.00059	0.98695
1071 T	0.01251	0.00057	0.98692
1072 T	0.01253	0.00057	0.9869
1073 T	0.01254	0.00063	0.98683
1074 A	0.01254	0.00065	0.98681
1075 T	0.01255	0.00062	0.98683
1076 T	0.01255	0.00060	0.98684
1077 A	0.01255	0.00059	0.98686
1078 G	0.01256	0.00056	0.98689
1079 C	0.01258	0.00052	0.9869
1080 G	0.01262	0.00048	0.9869
1081 C	0.01264	0.00045	0.98691
1082 G	0.01267	0.00042	0.98691
1083 T	0.01272	0.00038	0.9869
1084 G	0.01274	0.00037	0.98689
1085 C	0.01277	0.00037	0.98687
1086 T	0.01278	0.00038	0.98684
1087 T	0.01279	0.00040	0.98682
1088 T	0.01279	0.00042	0.9868
1089 T	0.01278	0.00044	0.98678
1090 C	0.01278	0.00048	0.98673
1091 A	0.01277	0.00070	0.98652
1092 A	0.01279	0.00096	0.98625
1093 A	0.01282	0.00128	0.9859
1094 T	0.01286	0.00171	0.98543
1095 A	0.01285	0.00254	0.98462
1096 T	0.01290	0.00255	0.98455
1097 T	0.01281	0.00270	0.98449
1098 T	0.01269	0.00283	0.98449
1099 G	0.01240	0.00311	0.98449
1100 C	0.01223	0.00327	0.9845
1101 T	0.01210	0.00341	0.98449
1102 C	0.01160	0.00392	0.98448
1103 C	0.01120	0.00435	0.98445
1104 A	0.01090	0.00476	0.98434
1105 G	0.01078	0.00495	0.98427
1106 G	0.01071	0.00514	0.98415
1107 A	0.01070	0.00519	0.98411
1108 A	0.01071	0.00520	0.9841
1109 T	0.01075	0.00516	0.98409
1110 T	0.01077	0.00513	0.9841
1111 C	0.01077	0.00512	0.9841
1112 C	0.01078	0.00511	0.9841
1113 A	0.01081	0.00509	0.98409
1114 C	0.01099	0.00491	0.9841
1115 A	0.01123	0.00468	0.98409
1116 A	0.01159	0.00433	0.98409
1117 A	0.01208	0.00383	0.98408
1118 T	0.01290	0.00297	0.98413
1119 T	0.01297	0.00287	0.98416
1120 T	0.01302	0.00266	0.98432
1121 A	0.01302	0.00253	0.98445
1122 T	0.01302	0.00221	0.98477
1123 T	0.01301	0.00210	0.9849
1124 A	0.01292	0.00215	0.98492
1125 T	0.01286	0.00190	0.98524
1126 G	0.01246	0.00219	0.98536
1127 T	0.01228	0.00232	0.9854
1128 A	0.01208	0.00279	0.98512
1129 G	0.01197	0.00337	0.98466
1130 G	0.01190	0.00379	0.98431
1131 T	0.01189	0.00437	0.98374
1132 T	0.01183	0.00491	0.98326
1133 T	0.01176	0.00530	0.98294
1134 G	0.01156	0.00602	0.98242
1135 T	0.01138	0.00639	0.98224
1136 T	0.01103	0.00712	0.98185
1137 A	0.00997	0.00850	0.98153
1138 G	0.00953	0.00909	0.98137
1139 C	0.00930	0.00960	0.9811
1140 A	0.00904	0.01028	0.98068
1141 G	0.00883	0.01066	0.98051
1142 G	0.00867	0.01107	0.98026
1143 A	0.00862	0.01167	0.9797
1144 G	0.00862	0.01212	0.97926
1145 A	0.00863	0.01286	0.9785
1146 A	0.00871	0.01311	0.97817
1147 A	0.00885	0.01312	0.97803
1148 A	0.00902	0.01292	0.97805
1149 T	0.00929	0.01224	0.97846
1150 G	0.00947	0.01184	0.9787
1151 A	0.00986	0.01134	0.9788
1152 T	0.01063	0.01045	0.97892
1153 A	0.01108	0.01002	0.97889
1154 T	0.01173	0.00940	0.97887
1155 T	0.01206	0.00911	0.97882
1156 A	0.01212	0.00925	0.97863
1157 A	0.01231	0.00907	0.97862
1158 G	0.01249	0.00886	0.97864
1159 T	0.01297	0.00845	0.97858
1160 T	0.01335	0.00794	0.97871
1161 A	0.01340	0.00881	0.97779
1162 T	0.01365	0.00978	0.97657
1163 T	0.01364	0.01223	0.97414
1164 A	0.01305	0.01576	0.9712
1165 G	0.01263	0.01671	0.97065
1166 A	0.01299	0.01684	0.97017
1167 A	0.01332	0.01693	0.96974
1168 T	0.01406	0.01620	0.96974
1169 C	0.01425	0.01602	0.96972
1170 T	0.01429	0.01618	0.96954
1171 T	0.01376	0.01717	0.96907
1172 C	0.01230	0.01895	0.96875
1173 G	0.01168	0.02073	0.96759
1174 A	0.01114	0.02416	0.9647
1175 A	0.01093	0.02559	0.96348
1176 A	0.01092	0.02641	0.96267
1177 G	0.01097	0.02770	0.96133
1178 A	0.01098	0.02891	0.96011
1179 A	0.01111	0.02930	0.95959
1180 G	0.01122	0.02987	0.95892
1181 G	0.01129	0.03029	0.95842
1182 A	0.01168	0.03034	0.95798
1183 A	0.01241	0.03018	0.95741
1184 G	0.01360	0.02903	0.95737
1185 A	0.01504	0.02768	0.95728
1186 A	0.01754	0.02507	0.95739
1187 A	0.02018	0.02191	0.95791
1188 T	0.02103	0.02051	0.95846
1189 A	0.02146	0.01993	0.95861
1190 T	0.02190	0.01931	0.95878
1191 T	0.02198	0.01910	0.95892
1192 A	0.02193	0.01895	0.95912
1193 A	0.02214	0.01842	0.95943
1194 T	0.02303	0.01677	0.9602
1195 C	0.02336	0.01501	0.96163
1196 G	0.02437	0.01365	0.96198
1197 T	0.02700	0.01082	0.96218
1198 C	0.02792	0.00986	0.96223
1199 A	0.02859	0.00934	0.96206
1200 T	0.03023	0.00781	0.96196
1201 T	0.03158	0.00657	0.96185
1202 A	0.03209	0.00632	0.96159
1203 T	0.03294	0.00553	0.96152
1204 T	0.03332	0.00489	0.96178
1205 A	0.03348	0.00462	0.96191
1206 T	0.03398	0.00396	0.96206
1207 T	0.03415	0.00376	0.96209
1208 C	0.03422	0.00393	0.96185
1209 T	0.03422	0.00558	0.9602
1210 T	0.03415	0.00668	0.95917
1211 T	0.03363	0.00801	0.95836
1212 A	0.03169	0.01121	0.9571
1213 G	0.03010	0.01418	0.95572
1214 A	0.02855	0.01753	0.95391
1215 A	0.02799	0.01995	0.95206
1216 G	0.02769	0.02302	0.94929
1217 A	0.02759	0.02510	0.94732
1218 A	0.02762	0.02659	0.94579
1219 A	0.02775	0.02805	0.9442
1220 T	0.02800	0.02853	0.94348
1221 T	0.02814	0.02942	0.94245
1222 A	0.02822	0.02950	0.94227
1223 A	0.02831	0.02950	0.94219
1224 A	0.02847	0.02931	0.94222
1225 T	0.02878	0.02890	0.94232
1226 C	0.02887	0.02874	0.94238
1227 A	0.02892	0.02871	0.94237
1228 C	0.02903	0.02858	0.94238
1229 A	0.02914	0.02875	0.94212
1230 A	0.02936	0.02888	0.94175
1231 G	0.02995	0.02881	0.94125
1232 T	0.03193	0.02726	0.94081
1233 T	0.03297	0.02627	0.94077
1234 A	0.03344	0.02529	0.94127
1235 A	0.03437	0.02253	0.94311
1236 A	0.03569	0.01960	0.94472
1237 C	0.03739	0.01625	0.94635
1238 G	0.03947	0.01371	0.94682
1239 T	0.04308	0.00986	0.94705
1240 C	0.04490	0.00802	0.94709
1241 C	0.04634	0.00685	0.94681
1242 T	0.04757	0.00594	0.94649
1243 G	0.04792	0.00584	0.94623
1244 T	0.04856	0.00589	0.94555
1245 T	0.04857	0.00597	0.94547
1246 G	0.04842	0.00617	0.94541
1247 T	0.04826	0.00630	0.94544
1248 T	0.04789	0.00667	0.94544
1249 C	0.04751	0.00710	0.94539
1250 A	0.04718	0.00777	0.94505
1251 A	0.04709	0.00787	0.94504
1252 A	0.04731	0.00764	0.94505
1253 A	0.04771	0.00723	0.94506
1254 T	0.04831	0.00662	0.94507
1255 C	0.04881	0.00604	0.94515
1256 T	0.04897	0.00606	0.94497
1257 T	0.04893	0.00634	0.94474
1258 T	0.04850	0.00732	0.94418
1259 T	0.04802	0.00846	0.94352
1260 A	0.04748	0.01032	0.9422
1261 A	0.04713	0.01211	0.94077
1262 A	0.04689	0.01396	0.93915
1263 A	0.04691	0.01463	0.93846
1264 T	0.04731	0.01508	0.93762
1265 T	0.04746	0.01586	0.93667
1266 A	0.04738	0.01673	0.93589
1267 T	0.04771	0.01635	0.93594
1268 T	0.04767	0.01630	0.93602
1269 A	0.04758	0.01638	0.93603
1270 T	0.04759	0.01624	0.93616
1271 C	0.04744	0.01615	0.93641
1272 A	0.04698	0.01680	0.93622
1273 T	0.04681	0.01699	0.9362
1274 G	0.04611	0.01776	0.93613
1275 G	0.04473	0.01931	0.93596
1276 A	0.04342	0.02092	0.93565
1277 G	0.04284	0.02144	0.93572
1278 A	0.04253	0.02170	0.93578
1279 A	0.04262	0.02149	0.93589
1280 A	0.04289	0.02099	0.93612
1281 C	0.04357	0.01974	0.9367
1282 G	0.04417	0.01888	0.93695
1283 A	0.04532	0.01739	0.93728
1284 A	0.04680	0.01565	0.93754
1285 T	0.04864	0.01354	0.93782
1286 G	0.04940	0.01266	0.93794
1287 C	0.05043	0.01129	0.93828
1288 T	0.05138	0.01010	0.93852
1289 C	0.05192	0.00931	0.93876
1290 T	0.05205	0.00931	0.93865
1291 G	0.05212	0.00927	0.9386
1292 C	0.05243	0.00909	0.93848
1293 T	0.05271	0.00906	0.93823
1294 T	0.05280	0.00908	0.93812
1295 T	0.05290	0.00876	0.93834
1296 T	0.05286	0.00904	0.93811
1297 G	0.05266	0.00926	0.93807
1298 A	0.05270	0.00888	0.93842
1299 T	0.05288	0.00831	0.9388
1300 T	0.05280	0.00935	0.93785
1301 T	0.05272	0.01142	0.93585
1302 A	0.05244	0.01674	0.93082
1303 G	0.05213	0.02384	0.92402
1304 A	0.05187	0.03218	0.91596
1305 T	0.05180	0.04020	0.90801
1306 G	0.05150	0.04775	0.90076
1307 G	0.05132	0.05341	0.89526
1308 A	0.05086	0.05834	0.89079
1309 G	0.05079	0.06071	0.8885
1310 G	0.05076	0.06308	0.88616
1311 A	0.05082	0.06527	0.88392
1312 A	0.05100	0.06699	0.88201
1313 T	0.05143	0.06853	0.88004
1314 A	0.05162	0.07134	0.87704
1315 T	0.05193	0.07382	0.87424
1316 T	0.05206	0.07476	0.87319
1317 G	0.05154	0.07719	0.87127
1318 A	0.05104	0.08143	0.86753
1319 T	0.05137	0.08327	0.86537
1320 C	0.05074	0.08686	0.8624
1321 G	0.05004	0.09023	0.85973
1322 A	0.04932	0.09508	0.8556
1323 A	0.04891	0.09891	0.85217
1324 A	0.04729	0.10301	0.8497
1325 C	0.05131	0.10028	0.84841
1326 A	0.05868	0.09947	0.84185
1327 G	0.06637	0.09255	0.84108
1328 A	0.07578	0.08427	0.83995
1329 T	0.08266	0.07744	0.8399
