# lcl|CP097583.1_cds_USQ93143.1_1
# AA	inside	membr	outside
1 A	0.24503	0.00000	0.75497
2 T	0.24455	0.00048	0.75497
3 G	0.24312	0.00191	0.75497
4 A	0.24312	0.00745	0.74943
5 A	0.23045	0.02706	0.74249
6 T	0.23045	0.02867	0.74088
7 A	0.13350	0.12659	0.73991
8 G	0.13350	0.12660	0.7399
9 T	0.12608	0.13470	0.73922
10 A	0.12605	0.17395	0.7
11 T	0.12400	0.17713	0.69886
12 A	0.07434	0.22729	0.69837
13 A	0.02811	0.27533	0.69656
14 A	0.02810	0.27533	0.69656
15 A	0.02810	0.27693	0.69497
16 A	0.02792	0.27711	0.69497
17 A	0.02781	0.27722	0.69497
18 A	0.02780	0.27723	0.69496
19 C	0.02777	0.27727	0.69497
20 C	0.02723	0.27785	0.69492
21 T	0.02682	0.27825	0.69493
22 T	0.02752	0.27755	0.69493
23 T	0.02806	0.27699	0.69494
24 A	0.02863	0.27643	0.69495
25 T	0.03002	0.27407	0.69592
26 T	0.03024	0.27054	0.69921
27 A	0.03200	0.26322	0.70478
28 A	0.03674	0.24571	0.71756
29 A	0.03921	0.23838	0.72241
30 T	0.04455	0.14617	0.80928
31 G	0.04549	0.13470	0.8198
32 T	0.04930	0.11157	0.83913
33 T	0.07823	0.07327	0.8485
34 T	0.07722	0.06956	0.85322
35 G	0.07559	0.04314	0.88127
36 G	0.07401	0.01775	0.90823
37 C	0.07192	0.01939	0.90869
38 A	0.07148	0.02121	0.90731
39 T	0.06819	0.03472	0.8971
40 A	0.06563	0.04596	0.88841
41 A	0.06309	0.05693	0.87997
42 T	0.06095	0.07186	0.8672
43 T	0.05893	0.07654	0.86453
44 T	0.04924	0.11509	0.83567
45 A	0.03208	0.14594	0.82198
46 A	0.02970	0.15653	0.81377
47 T	0.02789	0.16071	0.81139
48 A	0.02429	0.16605	0.80966
49 A	0.02214	0.17250	0.80536
50 T	0.02108	0.17372	0.8052
51 G	0.01946	0.17530	0.80525
52 A	0.01828	0.17652	0.8052
53 G	0.01753	0.17716	0.80531
54 A	0.01752	0.17696	0.80552
55 A	0.01768	0.17640	0.80591
56 T	0.01820	0.17485	0.80695
57 T	0.01865	0.17266	0.80869
58 A	0.01876	0.17110	0.81014
59 A	0.01905	0.16852	0.81244
60 A	0.01950	0.16597	0.81453
61 A	0.02097	0.16262	0.81641
62 A	0.03034	0.14971	0.81995
63 A	0.04063	0.13576	0.8236
64 A	0.05600	0.11592	0.82808
65 T	0.07608	0.08942	0.8345
66 T	0.08222	0.07940	0.83838
67 G	0.10014	0.05288	0.84698
68 A	0.10962	0.03267	0.85771
69 T	0.11872	0.02075	0.86053
70 T	0.12120	0.01650	0.8623
71 T	0.12271	0.01246	0.86482
72 T	0.12544	0.00832	0.86625
73 T	0.12538	0.00747	0.86715
74 T	0.12465	0.00713	0.86821
75 A	0.12335	0.00761	0.86905
76 T	0.12295	0.00733	0.86972
77 C	0.12257	0.00753	0.86991
78 T	0.12253	0.00754	0.86994
79 C	0.12230	0.00774	0.86995
80 T	0.12225	0.00781	0.86995
81 T	0.12205	0.00801	0.86995
82 T	0.12160	0.00847	0.86992
83 T	0.12046	0.00961	0.86993
84 G	0.11902	0.01110	0.86989
85 A	0.11833	0.01180	0.86987
86 A	0.11814	0.01197	0.86989
87 A	0.11805	0.01204	0.8699
88 T	0.11817	0.01188	0.86995
89 A	0.11829	0.01168	0.87002
90 T	0.11849	0.01128	0.87023
91 T	0.11864	0.01089	0.87047
92 T	0.11872	0.01064	0.87064
93 A	0.11875	0.01036	0.87089
94 T	0.11895	0.00962	0.87143
95 T	0.11906	0.00901	0.87194
96 T	0.11906	0.00831	0.87264
97 T	0.11905	0.00744	0.87351
98 T	0.11902	0.00642	0.87457
99 G	0.11897	0.00597	0.87505
100 T	0.11896	0.00551	0.87553
101 T	0.11894	0.00525	0.87581
102 T	0.11891	0.00491	0.87619
103 T	0.11888	0.00459	0.87653
104 T	0.11883	0.00428	0.87689
105 A	0.11878	0.00392	0.8773
106 G	0.11879	0.00293	0.87829
107 T	0.11884	0.00180	0.87936
108 T	0.11888	0.00124	0.87987
109 A	0.11890	0.00106	0.88004
110 C	0.11894	0.00089	0.88018
111 T	0.11896	0.00086	0.88017
112 T	0.11897	0.00086	0.88018
113 T	0.11897	0.00087	0.88016
114 T	0.11897	0.00089	0.88014
115 T	0.11896	0.00092	0.88012
116 T	0.11895	0.00097	0.88008
117 A	0.11891	0.00109	0.88
118 T	0.11888	0.00115	0.87997
119 T	0.11884	0.00127	0.87989
120 T	0.11880	0.00140	0.87981
121 A	0.11872	0.00155	0.87973
122 T	0.11871	0.00155	0.87974
123 T	0.11869	0.00155	0.87976
124 T	0.11866	0.00154	0.8798
125 T	0.11864	0.00151	0.87985
126 A	0.11859	0.00152	0.87989
127 C	0.11859	0.00146	0.87995
128 C	0.11863	0.00140	0.87997
129 T	0.11864	0.00139	0.87997
130 T	0.11865	0.00138	0.87997
131 T	0.11865	0.00138	0.87997
132 T	0.11862	0.00141	0.87997
133 T	0.11860	0.00143	0.87997
134 A	0.11855	0.00146	0.87999
135 C	0.11843	0.00155	0.88002
136 T	0.11835	0.00163	0.88002
137 T	0.11798	0.00200	0.88002
138 G	0.11465	0.00535	0.88
139 A	0.11399	0.00606	0.87996
140 T	0.11364	0.00639	0.87997
141 G	0.11315	0.00681	0.88004
142 T	0.11315	0.00677	0.88007
143 T	0.11303	0.00686	0.88011
144 C	0.11263	0.00721	0.88016
145 A	0.11228	0.00756	0.88016
146 T	0.11151	0.00832	0.88016
147 T	0.10834	0.01149	0.88017
148 A	0.10166	0.01816	0.88018
149 C	0.09150	0.02828	0.88021
150 A	0.07713	0.04268	0.88019
151 T	0.07098	0.04880	0.88022
152 C	0.05394	0.06583	0.88024
153 G	0.03606	0.08372	0.88023
154 A	0.02703	0.09274	0.88023
155 C	0.02093	0.09881	0.88027
156 A	0.01810	0.10165	0.88026
157 A	0.01684	0.10288	0.88029
158 A	0.01623	0.10334	0.88043
159 A	0.01599	0.10342	0.88058
160 A	0.01583	0.10323	0.88094
161 C	0.01554	0.09990	0.88457
162 A	0.01538	0.09946	0.88517
163 C	0.01523	0.09912	0.88565
164 C	0.01504	0.09912	0.88584
165 A	0.01488	0.09931	0.88581
166 T	0.01484	0.09934	0.88583
167 T	0.01477	0.09915	0.88608
168 A	0.01462	0.09913	0.88625
169 G	0.01458	0.09828	0.88714
170 A	0.01459	0.09406	0.89136
171 A	0.01458	0.08628	0.89914
172 A	0.01458	0.07377	0.91165
173 T	0.01463	0.05690	0.92847
174 T	0.01462	0.04890	0.93648
175 A	0.01459	0.03436	0.95105
176 T	0.01457	0.01835	0.96708
177 T	0.01450	0.01059	0.97492
178 C	0.01443	0.00544	0.98013
179 A	0.01440	0.00458	0.98102
180 G	0.01437	0.00413	0.9815
181 G	0.01435	0.00410	0.98155
182 A	0.01432	0.00434	0.98133
183 T	0.01425	0.00448	0.98128
184 A	0.01409	0.00439	0.98153
185 A	0.01399	0.00421	0.9818
186 T	0.01396	0.00391	0.98213
187 G	0.01392	0.00368	0.9824
188 C	0.01393	0.00346	0.98261
189 C	0.01394	0.00357	0.98248
190 T	0.01393	0.00365	0.98242
191 T	0.01373	0.00392	0.98235
192 A	0.01355	0.00416	0.98229
193 T	0.01355	0.00419	0.98226
194 C	0.01333	0.00442	0.98225
195 A	0.01320	0.00454	0.98226
196 T	0.01319	0.00454	0.98227
197 T	0.01297	0.00472	0.9823
198 A	0.01275	0.00491	0.98233
199 C	0.01271	0.00491	0.98237
200 C	0.01262	0.00491	0.98247
201 T	0.01257	0.00492	0.98251
202 C	0.01236	0.00512	0.98252
203 A	0.01116	0.00631	0.98253
204 A	0.01012	0.00735	0.98253
205 A	0.00898	0.00847	0.98254
206 A	0.00808	0.00928	0.98264
207 C	0.00791	0.00928	0.98281
208 G	0.00770	0.00936	0.98294
209 G	0.00768	0.00933	0.98299
210 A	0.00777	0.00919	0.98304
211 T	0.00788	0.00904	0.98308
212 T	0.00800	0.00888	0.98311
213 A	0.00798	0.00880	0.98322
214 C	0.00790	0.00855	0.98355
215 A	0.00776	0.00857	0.98367
216 T	0.00765	0.00853	0.98381
217 T	0.00759	0.00842	0.984
218 T	0.00744	0.00843	0.98413
219 T	0.00713	0.00866	0.98421
220 C	0.00666	0.00874	0.9846
221 T	0.00640	0.00882	0.98479
222 A	0.00605	0.00906	0.98488
223 G	0.00589	0.00907	0.98503
224 A	0.00582	0.00905	0.98513
225 A	0.00580	0.00886	0.98534
226 A	0.00575	0.00756	0.9867
227 A	0.00572	0.00629	0.98799
228 T	0.00571	0.00484	0.98944
229 T	0.00569	0.00384	0.99047
230 A	0.00563	0.00359	0.99078
231 C	0.00559	0.00331	0.99109
232 G	0.00551	0.00337	0.99113
233 G	0.00544	0.00345	0.99112
234 A	0.00541	0.00350	0.99109
235 A	0.00540	0.00349	0.99111
236 A	0.00540	0.00345	0.99115
237 A	0.00542	0.00319	0.99139
238 G	0.00546	0.00271	0.99184
239 C	0.00546	0.00220	0.99234
240 T	0.00546	0.00201	0.99253
241 T	0.00545	0.00186	0.99269
242 T	0.00538	0.00171	0.99291
243 C	0.00528	0.00155	0.99318
244 C	0.00519	0.00156	0.99325
245 G	0.00513	0.00145	0.99342
246 A	0.00511	0.00139	0.9935
247 G	0.00511	0.00134	0.99355
248 G	0.00511	0.00132	0.99357
249 C	0.00510	0.00127	0.99363
250 C	0.00507	0.00125	0.99368
251 A	0.00506	0.00125	0.99369
252 A	0.00508	0.00121	0.99371
253 T	0.00513	0.00112	0.99375
254 T	0.00514	0.00107	0.99378
255 C	0.00513	0.00098	0.99388
256 C	0.00514	0.00090	0.99396
257 A	0.00515	0.00087	0.99398
258 A	0.00513	0.00087	0.99399
259 T	0.00514	0.00086	0.994
260 T	0.00514	0.00086	0.994
261 T	0.00511	0.00087	0.99401
262 A	0.00509	0.00085	0.99406
263 T	0.00508	0.00079	0.99414
264 A	0.00503	0.00077	0.99421
265 C	0.00500	0.00066	0.99434
266 C	0.00498	0.00060	0.99441
267 T	0.00497	0.00058	0.99444
268 T	0.00495	0.00059	0.99445
269 A	0.00493	0.00061	0.99446
270 T	0.00491	0.00061	0.99447
271 T	0.00490	0.00059	0.9945
272 T	0.00489	0.00054	0.99458
273 T	0.00486	0.00052	0.99462
274 T	0.00483	0.00052	0.99464
275 G	0.00480	0.00054	0.99466
276 G	0.00474	0.00059	0.99467
277 A	0.00471	0.00061	0.99468
278 A	0.00469	0.00059	0.99471
279 T	0.00469	0.00057	0.99475
280 A	0.00468	0.00054	0.99478
281 C	0.00468	0.00050	0.99482
282 T	0.00468	0.00049	0.99483
283 T	0.00468	0.00048	0.99484
284 T	0.00467	0.00047	0.99486
285 G	0.00466	0.00046	0.99487
286 A	0.00466	0.00046	0.99488
287 G	0.00465	0.00042	0.99493
288 A	0.00464	0.00040	0.99496
289 G	0.00464	0.00037	0.99499
290 T	0.00464	0.00035	0.995
291 T	0.00464	0.00032	0.99503
292 A	0.00464	0.00029	0.99506
293 C	0.00464	0.00026	0.99509
294 T	0.00465	0.00025	0.9951
295 T	0.00465	0.00023	0.99512
296 T	0.00465	0.00022	0.99513
297 T	0.00465	0.00021	0.99515
298 T	0.00464	0.00019	0.99517
299 T	0.00464	0.00014	0.99522
300 A	0.00460	0.00015	0.99525
301 T	0.00459	0.00015	0.99527
302 C	0.00457	0.00016	0.99528
303 T	0.00456	0.00017	0.99528
304 A	0.00455	0.00017	0.99528
305 C	0.00455	0.00017	0.99528
306 T	0.00455	0.00017	0.99529
307 T	0.00454	0.00017	0.99529
308 T	0.00454	0.00017	0.99529
309 A	0.00453	0.00017	0.9953
310 T	0.00453	0.00017	0.9953
311 T	0.00451	0.00017	0.99531
312 G	0.00449	0.00019	0.99532
313 G	0.00449	0.00019	0.99532
314 G	0.00449	0.00019	0.99533
315 A	0.00449	0.00019	0.99533
316 A	0.00449	0.00018	0.99533
317 C	0.00449	0.00018	0.99534
318 T	0.00449	0.00017	0.99534
319 T	0.00449	0.00017	0.99534
320 T	0.00450	0.00016	0.99534
321 T	0.00449	0.00016	0.99535
322 T	0.00449	0.00016	0.99535
323 G	0.00449	0.00012	0.99539
324 T	0.00449	0.00011	0.99541
325 T	0.00448	0.00009	0.99542
326 C	0.00448	0.00009	0.99543
327 T	0.00445	0.00011	0.99544
328 A	0.00441	0.00016	0.99544
329 T	0.00439	0.00017	0.99544
330 T	0.00435	0.00022	0.99543
331 G	0.00427	0.00030	0.99543
332 T	0.00423	0.00032	0.99544
333 G	0.00415	0.00040	0.99545
334 A	0.00408	0.00045	0.99546
335 C	0.00406	0.00045	0.99548
336 C	0.00405	0.00046	0.99548
337 G	0.00405	0.00047	0.99548
338 C	0.00404	0.00047	0.99548
339 T	0.00404	0.00047	0.99548
340 T	0.00404	0.00048	0.99548
341 A	0.00404	0.00048	0.99548
342 T	0.00404	0.00048	0.99548
343 G	0.00404	0.00048	0.99548
344 C	0.00403	0.00048	0.99549
345 T	0.00403	0.00048	0.99549
346 T	0.00403	0.00047	0.99549
347 T	0.00403	0.00048	0.99549
348 A	0.00402	0.00048	0.99549
349 A	0.00402	0.00048	0.9955
350 G	0.00402	0.00044	0.99555
351 T	0.00402	0.00039	0.99559
352 A	0.00401	0.00038	0.99561
353 A	0.00401	0.00033	0.99566
354 T	0.00401	0.00025	0.99574
355 A	0.00401	0.00022	0.99577
356 T	0.00401	0.00014	0.99585
357 T	0.00401	0.00009	0.99591
358 T	0.00401	0.00008	0.99592
359 T	0.00401	0.00007	0.99593
360 T	0.00400	0.00007	0.99593
361 C	0.00399	0.00007	0.99593
362 A	0.00399	0.00008	0.99593
363 T	0.00399	0.00008	0.99593
364 T	0.00397	0.00009	0.99594
365 T	0.00394	0.00013	0.99592
366 T	0.00391	0.00017	0.99592
367 C	0.00369	0.00038	0.99593
368 G	0.00359	0.00050	0.9959
369 T	0.00353	0.00057	0.9959
370 T	0.00344	0.00067	0.99589
371 A	0.00321	0.00091	0.99587
372 T	0.00313	0.00100	0.99587
373 A	0.00300	0.00113	0.99588
374 A	0.00293	0.00119	0.99588
375 A	0.00290	0.00122	0.99589
376 T	0.00288	0.00123	0.99589
377 C	0.00286	0.00125	0.99589
378 T	0.00284	0.00127	0.99589
379 A	0.00281	0.00130	0.99589
380 T	0.00279	0.00132	0.99589
381 C	0.00276	0.00134	0.9959
382 A	0.00275	0.00135	0.9959
383 T	0.00275	0.00135	0.9959
384 C	0.00274	0.00135	0.99591
385 A	0.00274	0.00135	0.99591
386 A	0.00274	0.00135	0.99591
387 A	0.00274	0.00133	0.99594
388 T	0.00275	0.00128	0.99597
389 T	0.00276	0.00123	0.99601
390 G	0.00276	0.00099	0.99624
391 T	0.00278	0.00085	0.99638
392 T	0.00278	0.00077	0.99645
393 A	0.00278	0.00069	0.99653
394 T	0.00279	0.00048	0.99673
395 T	0.00279	0.00042	0.99679
396 A	0.00278	0.00035	0.99687
397 T	0.00278	0.00030	0.99692
398 A	0.00278	0.00029	0.99693
399 T	0.00278	0.00029	0.99694
400 T	0.00277	0.00028	0.99695
401 T	0.00275	0.00029	0.99697
402 A	0.00271	0.00031	0.99698
403 G	0.00269	0.00032	0.99699
404 C	0.00268	0.00034	0.99699
405 T	0.00266	0.00040	0.99694
406 T	0.00265	0.00044	0.99691
407 T	0.00260	0.00052	0.99687
408 A	0.00223	0.00099	0.99679
409 A	0.00214	0.00108	0.99677
410 T	0.00211	0.00112	0.99678
411 G	0.00204	0.00121	0.99675
412 A	0.00201	0.00124	0.99675
413 C	0.00200	0.00125	0.99676
414 A	0.00196	0.00129	0.99675
415 A	0.00189	0.00137	0.99675
416 C	0.00186	0.00139	0.99675
417 G	0.00183	0.00142	0.99675
418 A	0.00171	0.00155	0.99675
419 G	0.00163	0.00162	0.99676
420 C	0.00158	0.00166	0.99676
421 G	0.00154	0.00170	0.99676
422 A	0.00151	0.00172	0.99677
423 A	0.00149	0.00173	0.99678
424 A	0.00149	0.00172	0.99679
425 C	0.00150	0.00168	0.99682
426 A	0.00151	0.00166	0.99684
427 T	0.00154	0.00160	0.99686
428 T	0.00156	0.00156	0.99688
429 A	0.00154	0.00157	0.9969
430 A	0.00154	0.00153	0.99694
431 C	0.00159	0.00106	0.99734
432 C	0.00159	0.00100	0.99741
433 A	0.00159	0.00097	0.99743
434 T	0.00162	0.00092	0.99746
435 C	0.00162	0.00091	0.99747
436 A	0.00161	0.00091	0.99747
437 T	0.00162	0.00089	0.99749
438 T	0.00160	0.00082	0.99758
439 A	0.00157	0.00082	0.99761
440 A	0.00156	0.00079	0.99765
441 T	0.00156	0.00063	0.99781
442 T	0.00155	0.00054	0.99791
443 A	0.00152	0.00050	0.99798
444 T	0.00150	0.00045	0.99805
445 A	0.00149	0.00042	0.99809
446 G	0.00148	0.00039	0.99813
447 A	0.00148	0.00038	0.99813
448 A	0.00148	0.00036	0.99816
449 T	0.00149	0.00032	0.99819
450 T	0.00149	0.00030	0.99821
451 G	0.00149	0.00028	0.99824
452 T	0.00149	0.00024	0.99827
453 T	0.00149	0.00022	0.99829
454 T	0.00149	0.00021	0.9983
455 C	0.00148	0.00020	0.99831
456 T	0.00148	0.00020	0.99832
457 A	0.00148	0.00020	0.99832
458 A	0.00148	0.00019	0.99832
459 T	0.00148	0.00019	0.99833
460 T	0.00148	0.00018	0.99833
461 T	0.00148	0.00016	0.99837
462 G	0.00147	0.00014	0.9984
463 G	0.00147	0.00012	0.99841
464 G	0.00147	0.00011	0.99842
465 T	0.00147	0.00009	0.99844
466 T	0.00147	0.00007	0.99846
467 G	0.00147	0.00007	0.99846
468 G	0.00147	0.00006	0.99847
469 G	0.00147	0.00005	0.99848
470 T	0.00147	0.00006	0.99848
471 T	0.00147	0.00007	0.99846
472 G	0.00147	0.00008	0.99846
473 A	0.00146	0.00009	0.99845
474 T	0.00146	0.00009	0.99845
475 T	0.00146	0.00010	0.99845
476 A	0.00146	0.00010	0.99844
477 T	0.00146	0.00010	0.99844
478 G	0.00144	0.00012	0.99844
479 G	0.00143	0.00013	0.99844
480 T	0.00142	0.00014	0.99844
481 A	0.00141	0.00015	0.99844
482 G	0.00140	0.00016	0.99844
483 A	0.00139	0.00016	0.99844
484 G	0.00139	0.00016	0.99845
485 G	0.00139	0.00015	0.99845
486 C	0.00139	0.00015	0.99845
487 T	0.00139	0.00015	0.99845
488 C	0.00139	0.00015	0.99845
489 A	0.00139	0.00015	0.99845
490 A	0.00139	0.00016	0.99845
491 G	0.00140	0.00016	0.99845
492 A	0.00140	0.00015	0.99845
493 G	0.00141	0.00014	0.99845
494 T	0.00142	0.00012	0.99845
495 C	0.00143	0.00011	0.99846
496 A	0.00144	0.00011	0.99846
497 T	0.00144	0.00010	0.99846
498 G	0.00144	0.00010	0.99846
499 T	0.00145	0.00009	0.99846
500 T	0.00144	0.00009	0.99846
501 T	0.00144	0.00008	0.99848
502 G	0.00143	0.00008	0.99849
503 G	0.00142	0.00008	0.9985
504 G	0.00142	0.00007	0.99851
505 A	0.00142	0.00007	0.99851
506 C	0.00142	0.00007	0.99852
507 G	0.00142	0.00007	0.99851
508 G	0.00142	0.00007	0.99851
509 A	0.00142	0.00007	0.99851
510 T	0.00142	0.00007	0.99851
511 T	0.00142	0.00007	0.99851
512 A	0.00142	0.00006	0.99851
513 C	0.00142	0.00006	0.99852
514 G	0.00142	0.00006	0.99852
515 C	0.00142	0.00006	0.99852
516 T	0.00142	0.00006	0.99852
517 T	0.00142	0.00006	0.99851
518 T	0.00142	0.00007	0.99851
519 A	0.00141	0.00008	0.99851
520 A	0.00141	0.00008	0.99851
521 T	0.00141	0.00008	0.99851
522 T	0.00141	0.00008	0.99851
523 A	0.00141	0.00007	0.99852
524 T	0.00141	0.00006	0.99852
525 G	0.00141	0.00005	0.99853
526 C	0.00141	0.00005	0.99854
527 C	0.00141	0.00005	0.99854
528 T	0.00141	0.00005	0.99854
529 T	0.00141	0.00005	0.99854
530 A	0.00141	0.00005	0.99853
531 T	0.00142	0.00005	0.99853
532 T	0.00142	0.00005	0.99853
533 T	0.00141	0.00005	0.99853
534 G	0.00141	0.00005	0.99853
535 A	0.00141	0.00006	0.99853
536 T	0.00141	0.00006	0.99853
537 T	0.00141	0.00006	0.99853
538 A	0.00141	0.00007	0.99852
539 A	0.00141	0.00007	0.99852
540 T	0.00141	0.00007	0.99852
541 A	0.00141	0.00007	0.99852
542 T	0.00141	0.00006	0.99853
543 T	0.00141	0.00006	0.99853
544 G	0.00141	0.00006	0.99853
545 T	0.00141	0.00006	0.99853
546 T	0.00140	0.00007	0.99853
547 C	0.00140	0.00008	0.99852
548 A	0.00139	0.00009	0.99852
549 T	0.00139	0.00009	0.99852
550 A	0.00139	0.00009	0.99851
551 T	0.00140	0.00009	0.99851
552 T	0.00140	0.00009	0.99851
553 T	0.00139	0.00009	0.99851
554 T	0.00139	0.00010	0.99851
555 A	0.00138	0.00011	0.99851
556 C	0.00137	0.00011	0.99851
557 A	0.00137	0.00012	0.99851
558 T	0.00137	0.00012	0.99851
559 T	0.00137	0.00012	0.99851
560 T	0.00137	0.00012	0.99851
561 A	0.00136	0.00013	0.9985
562 T	0.00136	0.00013	0.9985
563 T	0.00136	0.00013	0.9985
564 A	0.00136	0.00014	0.99849
565 A	0.00136	0.00015	0.99849
566 T	0.00136	0.00015	0.99849
567 A	0.00135	0.00017	0.99848
568 A	0.00134	0.00018	0.99848
569 C	0.00134	0.00019	0.99848
570 T	0.00134	0.00020	0.99846
571 T	0.00133	0.00022	0.99844
572 T	0.00132	0.00026	0.99841
573 T	0.00131	0.00030	0.9984
574 A	0.00127	0.00036	0.99837
575 A	0.00126	0.00039	0.99836
576 T	0.00125	0.00040	0.99836
577 A	0.00123	0.00042	0.99835
578 A	0.00122	0.00042	0.99836
579 T	0.00122	0.00041	0.99836
580 G	0.00122	0.00041	0.99837
581 T	0.00122	0.00041	0.99837
582 T	0.00121	0.00041	0.99838
583 C	0.00121	0.00041	0.99839
584 C	0.00121	0.00041	0.99839
585 G	0.00121	0.00041	0.99838
586 A	0.00120	0.00042	0.99838
587 A	0.00121	0.00043	0.99836
588 A	0.00120	0.00044	0.99836
589 G	0.00120	0.00044	0.99835
590 A	0.00121	0.00043	0.99837
591 A	0.00122	0.00041	0.99837
592 T	0.00125	0.00037	0.99838
593 T	0.00127	0.00035	0.99838
594 A	0.00128	0.00034	0.99839
595 T	0.00130	0.00032	0.99838
596 A	0.00131	0.00032	0.99838
597 T	0.00133	0.00028	0.99838
598 T	0.00134	0.00028	0.99838
599 A	0.00134	0.00027	0.99839
600 T	0.00134	0.00026	0.9984
601 A	0.00134	0.00026	0.99841
602 G	0.00134	0.00025	0.99841
603 C	0.00133	0.00025	0.99842
604 T	0.00131	0.00027	0.99842
605 C	0.00129	0.00029	0.99842
606 T	0.00128	0.00031	0.99841
607 A	0.00125	0.00035	0.99839
608 A	0.00125	0.00037	0.99838
609 A	0.00124	0.00039	0.99837
610 A	0.00124	0.00039	0.99837
611 T	0.00124	0.00039	0.99837
612 A	0.00124	0.00040	0.99836
613 G	0.00124	0.00041	0.99836
614 A	0.00124	0.00040	0.99836
615 T	0.00125	0.00039	0.99836
616 G	0.00125	0.00038	0.99837
617 G	0.00126	0.00037	0.99837
618 C	0.00128	0.00035	0.99837
619 G	0.00130	0.00033	0.99837
620 C	0.00131	0.00031	0.99837
621 T	0.00133	0.00030	0.99837
622 A	0.00133	0.00032	0.99835
623 G	0.00133	0.00034	0.99833
624 T	0.00133	0.00036	0.99831
625 A	0.00133	0.00039	0.99828
626 A	0.00133	0.00039	0.99828
627 T	0.00134	0.00036	0.9983
628 T	0.00134	0.00034	0.99832
629 G	0.00135	0.00033	0.99832
630 G	0.00136	0.00032	0.99832
631 A	0.00137	0.00032	0.99831
632 A	0.00138	0.00030	0.99831
633 G	0.00140	0.00028	0.99832
634 T	0.00142	0.00026	0.99833
635 A	0.00142	0.00024	0.99833
636 T	0.00143	0.00023	0.99834
637 C	0.00143	0.00022	0.99834
638 T	0.00143	0.00022	0.99834
639 T	0.00143	0.00023	0.99834
640 T	0.00143	0.00023	0.99834
641 G	0.00143	0.00024	0.99833
642 G	0.00142	0.00026	0.99831
643 A	0.00142	0.00031	0.99827
644 A	0.00143	0.00031	0.99826
645 A	0.00145	0.00030	0.99826
646 A	0.00147	0.00027	0.99826
647 T	0.00151	0.00024	0.99826
648 C	0.00153	0.00022	0.99825
649 T	0.00155	0.00022	0.99822
650 T	0.00156	0.00024	0.9982
651 A	0.00156	0.00025	0.99819
652 G	0.00157	0.00025	0.99819
653 T	0.00158	0.00023	0.99819
654 T	0.00159	0.00023	0.99819
655 C	0.00158	0.00023	0.99819
656 C	0.00158	0.00023	0.99819
657 T	0.00158	0.00024	0.99818
658 A	0.00157	0.00025	0.99818
659 T	0.00157	0.00026	0.99818
660 T	0.00156	0.00027	0.99817
661 A	0.00155	0.00029	0.99816
662 C	0.00154	0.00030	0.99816
663 G	0.00154	0.00031	0.99814
664 A	0.00155	0.00031	0.99814
665 A	0.00156	0.00030	0.99814
666 A	0.00160	0.00026	0.99814
667 T	0.00161	0.00025	0.99814
668 C	0.00161	0.00024	0.99814
669 G	0.00162	0.00024	0.99814
670 A	0.00162	0.00024	0.99814
671 G	0.00163	0.00023	0.99814
672 T	0.00166	0.00020	0.99814
673 A	0.00168	0.00018	0.99814
674 T	0.00169	0.00016	0.99814
675 T	0.00169	0.00016	0.99815
676 A	0.00169	0.00016	0.99815
677 T	0.00169	0.00016	0.99815
678 T	0.00169	0.00016	0.99814
679 G	0.00169	0.00016	0.99816
680 T	0.00170	0.00015	0.99816
681 A	0.00170	0.00014	0.99816
682 A	0.00170	0.00014	0.99817
683 C	0.00171	0.00011	0.99818
684 T	0.00172	0.00010	0.99818
685 G	0.00172	0.00009	0.99818
686 T	0.00174	0.00008	0.99818
687 T	0.00174	0.00008	0.99818
688 A	0.00174	0.00008	0.99817
689 T	0.00175	0.00008	0.99817
690 T	0.00175	0.00008	0.99817
691 T	0.00175	0.00010	0.99815
692 T	0.00175	0.00014	0.99812
693 T	0.00174	0.00019	0.99807
694 A	0.00174	0.00025	0.99801
695 G	0.00174	0.00028	0.99799
696 A	0.00174	0.00030	0.99797
697 A	0.00174	0.00032	0.99794
698 T	0.00174	0.00032	0.99794
699 A	0.00174	0.00032	0.99793
700 G	0.00175	0.00032	0.99793
701 T	0.00175	0.00031	0.99794
702 G	0.00175	0.00031	0.99794
703 G	0.00175	0.00031	0.99794
704 C	0.00176	0.00031	0.99794
705 T	0.00176	0.00031	0.99794
706 A	0.00176	0.00031	0.99793
707 C	0.00177	0.00031	0.99793
708 T	0.00177	0.00031	0.99792
709 T	0.00177	0.00034	0.99789
710 G	0.00177	0.00035	0.99788
711 G	0.00176	0.00036	0.99788
712 A	0.00176	0.00036	0.99788
713 A	0.00176	0.00036	0.99788
714 C	0.00178	0.00034	0.99788
715 G	0.00183	0.00029	0.99788
716 C	0.00188	0.00024	0.99787
717 T	0.00194	0.00020	0.99786
718 T	0.00195	0.00020	0.99785
719 A	0.00196	0.00021	0.99783
720 T	0.00197	0.00022	0.99781
721 G	0.00197	0.00025	0.99778
722 C	0.00197	0.00026	0.99778
723 T	0.00196	0.00028	0.99776
724 T	0.00196	0.00029	0.99775
725 G	0.00195	0.00031	0.99774
726 G	0.00192	0.00034	0.99774
727 C	0.00191	0.00037	0.99773
728 C	0.00189	0.00043	0.99767
729 A	0.00188	0.00053	0.99758
730 G	0.00188	0.00057	0.99754
731 A	0.00189	0.00065	0.99746
732 A	0.00191	0.00071	0.99738
733 T	0.00192	0.00079	0.99729
734 T	0.00192	0.00083	0.99725
735 A	0.00192	0.00092	0.99715
736 A	0.00192	0.00099	0.99709
737 T	0.00191	0.00102	0.99707
738 G	0.00187	0.00114	0.99699
739 G	0.00185	0.00118	0.99697
740 G	0.00185	0.00119	0.99695
741 A	0.00186	0.00121	0.99694
742 G	0.00187	0.00121	0.99692
743 C	0.00190	0.00120	0.9969
744 T	0.00192	0.00127	0.9968
745 A	0.00194	0.00143	0.99663
746 A	0.00195	0.00158	0.99647
747 A	0.00196	0.00176	0.99628
748 T	0.00200	0.00202	0.99598
749 T	0.00201	0.00249	0.9955
750 A	0.00199	0.00321	0.99481
751 T	0.00204	0.00324	0.99473
752 T	0.00208	0.00326	0.99467
753 A	0.00204	0.00335	0.99461
754 A	0.00207	0.00335	0.99458
755 C	0.00216	0.00328	0.99456
756 T	0.00223	0.00325	0.99451
757 A	0.00223	0.00333	0.99444
758 A	0.00227	0.00331	0.99442
759 T	0.00231	0.00329	0.9944
760 A	0.00227	0.00334	0.99439
761 T	0.00230	0.00326	0.99444
762 G	0.00223	0.00331	0.99446
763 G	0.00216	0.00338	0.99446
764 C	0.00213	0.00342	0.99445
765 T	0.00209	0.00352	0.99439
766 A	0.00197	0.00371	0.99432
767 G	0.00186	0.00389	0.99426
768 A	0.00191	0.00395	0.99414
769 A	0.00202	0.00385	0.99413
770 A	0.00221	0.00368	0.99411
771 A	0.00253	0.00337	0.9941
772 A	0.00306	0.00283	0.99411
773 C	0.00375	0.00211	0.99414
774 T	0.00389	0.00206	0.99405
775 T	0.00395	0.00227	0.99377
776 T	0.00397	0.00242	0.9936
777 T	0.00393	0.00276	0.99331
778 G	0.00381	0.00311	0.99308
779 A	0.00373	0.00348	0.99279
780 T	0.00372	0.00374	0.99254
781 A	0.00355	0.00436	0.99209
782 A	0.00344	0.00461	0.99195
783 T	0.00333	0.00485	0.99181
784 G	0.00309	0.00522	0.99169
785 A	0.00296	0.00539	0.99164
786 A	0.00295	0.00541	0.99164
787 A	0.00296	0.00539	0.99164
788 T	0.00300	0.00531	0.99169
789 A	0.00300	0.00526	0.99174
790 G	0.00301	0.00510	0.99189
791 G	0.00295	0.00518	0.99187
792 G	0.00287	0.00544	0.99169
793 G	0.00286	0.00578	0.99136
794 A	0.00288	0.00646	0.99066
795 A	0.00293	0.00735	0.98972
796 A	0.00299	0.00765	0.98936
797 A	0.00318	0.00780	0.98902
798 T	0.00359	0.00781	0.9886
799 A	0.00380	0.00828	0.98792
800 T	0.00412	0.00816	0.98772
801 A	0.00428	0.00815	0.98756
802 A	0.00454	0.00792	0.98754
803 A	0.00487	0.00757	0.98756
804 T	0.00542	0.00681	0.98777
805 A	0.00558	0.00653	0.98789
806 T	0.00581	0.00617	0.98803
807 T	0.00591	0.00587	0.98822
808 C	0.00595	0.00572	0.98832
809 A	0.00599	0.00569	0.98832
810 A	0.00603	0.00566	0.98831
811 A	0.00606	0.00561	0.98833
812 T	0.00614	0.00549	0.98837
813 G	0.00619	0.00541	0.9884
814 G	0.00631	0.00513	0.98855
815 C	0.00655	0.00480	0.98864
816 G	0.00691	0.00449	0.9886
817 G	0.00761	0.00379	0.9886
818 T	0.00865	0.00276	0.98859
819 G	0.00901	0.00241	0.98858
820 G	0.00938	0.00205	0.98857
821 C	0.00993	0.00152	0.98856
822 T	0.01067	0.00088	0.98845
823 T	0.01090	0.00078	0.98832
824 T	0.01105	0.00073	0.98822
825 T	0.01108	0.00080	0.98813
826 T	0.01106	0.00092	0.98802
827 T	0.01101	0.00108	0.9879
828 A	0.01081	0.00154	0.98765
829 A	0.01071	0.00179	0.98751
830 T	0.01066	0.00185	0.98748
831 T	0.01059	0.00193	0.98747
832 A	0.01050	0.00203	0.98746
833 A	0.01046	0.00207	0.98747
834 C	0.01043	0.00210	0.98747
835 A	0.01041	0.00212	0.98747
836 T	0.01042	0.00211	0.98747
837 A	0.01041	0.00211	0.98748
838 C	0.01043	0.00209	0.98748
839 C	0.01049	0.00203	0.98748
840 T	0.01050	0.00201	0.98748
841 T	0.01052	0.00200	0.98748
842 T	0.01053	0.00199	0.98748
843 G	0.01054	0.00198	0.98748
844 A	0.01057	0.00195	0.98748
845 T	0.01073	0.00178	0.98749
846 T	0.01090	0.00160	0.98751
847 T	0.01101	0.00147	0.98751
848 T	0.01110	0.00140	0.9875
849 G	0.01114	0.00134	0.98752
850 A	0.01120	0.00131	0.98749
851 T	0.01141	0.00093	0.98765
852 T	0.01153	0.00076	0.98771
853 T	0.01154	0.00072	0.98774
854 T	0.01154	0.00068	0.98777
855 T	0.01152	0.00067	0.98781
856 A	0.01150	0.00067	0.98783
857 T	0.01149	0.00066	0.98785
858 T	0.01149	0.00066	0.98785
859 T	0.01148	0.00068	0.98784
860 T	0.01148	0.00071	0.98782
861 T	0.01147	0.00075	0.98779
862 T	0.01143	0.00084	0.98772
863 T	0.01137	0.00103	0.9876
864 T	0.01118	0.00141	0.98742
865 A	0.01072	0.00227	0.98701
866 G	0.01032	0.00294	0.98674
867 A	0.01001	0.00354	0.98644
868 A	0.00977	0.00413	0.9861
869 A	0.00968	0.00436	0.98595
870 A	0.00963	0.00457	0.98579
871 T	0.00965	0.00470	0.98565
872 A	0.00962	0.00496	0.98542
873 T	0.00964	0.00514	0.98522
874 A	0.00961	0.00557	0.98482
875 T	0.00964	0.00555	0.98481
876 T	0.00962	0.00559	0.98478
877 G	0.00954	0.00567	0.98479
878 T	0.00950	0.00568	0.98481
879 C	0.00931	0.00587	0.98482
880 T	0.00915	0.00606	0.98478
881 C	0.00892	0.00633	0.98474
882 A	0.00865	0.00681	0.98455
883 G	0.00839	0.00731	0.9843
884 G	0.00827	0.00794	0.98379
885 A	0.00823	0.00918	0.98259
886 G	0.00814	0.01084	0.98101
887 A	0.00817	0.01370	0.97813
888 A	0.00844	0.01433	0.97723
889 A	0.00853	0.01520	0.97626
890 A	0.00877	0.01503	0.9762
891 T	0.00909	0.01469	0.97623
892 A	0.00913	0.01488	0.97599
893 A	0.00926	0.01472	0.97601
894 A	0.00941	0.01454	0.97605
895 A	0.00964	0.01422	0.97614
896 G	0.00988	0.01390	0.97623
897 T	0.01027	0.01341	0.97632
898 G	0.01030	0.01331	0.97639
899 G	0.01034	0.01317	0.97649
900 T	0.01037	0.01302	0.97661
901 A	0.01040	0.01289	0.97671
902 T	0.01044	0.01261	0.97695
903 C	0.01049	0.01237	0.97714
904 A	0.01055	0.01216	0.97729
905 A	0.01073	0.01175	0.97751
906 G	0.01103	0.01120	0.97777
907 G	0.01162	0.01047	0.97791
908 G	0.01298	0.00901	0.97801
909 A	0.01491	0.00682	0.97827
910 T	0.01832	0.00319	0.97849
911 A	0.01957	0.00175	0.97868
912 A	0.02105	0.00000	0.97895
