# lcl|CP097583.1_cds_USQ93318.1_1
# AA	inside	membr	outside
1 A	0.95073	0.00000	0.04927
2 T	0.94759	0.00314	0.04927
3 G	0.94515	0.00558	0.04927
4 A	0.94515	0.01839	0.03646
5 C	0.84159	0.12422	0.03419
6 A	0.84158	0.12538	0.03303
7 A	0.62420	0.34321	0.03258
8 A	0.62420	0.34322	0.03258
9 C	0.60974	0.35773	0.03252
10 A	0.60970	0.37127	0.01904
11 A	0.60474	0.37638	0.01888
12 T	0.55085	0.43032	0.01883
13 A	0.33050	0.65143	0.01807
14 A	0.33048	0.65145	0.01807
15 C	0.33048	0.65432	0.0152
16 G	0.32917	0.65562	0.0152
17 A	0.32794	0.65690	0.01516
18 A	0.32790	0.65703	0.01507
19 T	0.32270	0.66230	0.015
20 T	0.25106	0.73594	0.01299
21 C	0.03493	0.95173	0.01334
22 A	0.01954	0.96873	0.01173
23 A	0.01581	0.97299	0.01121
24 A	0.01353	0.97598	0.01048
25 A	0.01174	0.97429	0.01397
26 A	0.01123	0.97403	0.01474
27 A	0.02150	0.93398	0.04452
28 A	0.02128	0.83434	0.14439
29 A	0.02151	0.82670	0.15179
30 T	0.02358	0.67920	0.29722
31 A	0.01841	0.74596	0.23563
32 A	0.01764	0.73699	0.24537
33 A	0.02016	0.73501	0.24482
34 A	0.01800	0.74352	0.23848
35 A	0.01757	0.69774	0.28469
36 C	0.01805	0.52556	0.45639
37 A	0.01766	0.57020	0.41214
38 A	0.01931	0.59258	0.38811
39 A	0.01817	0.73348	0.24835
40 A	0.01811	0.82197	0.15991
41 A	0.01798	0.82850	0.15351
42 A	0.01743	0.82071	0.16186
43 A	0.01928	0.73671	0.24402
44 A	0.01913	0.56060	0.42027
45 C	0.02044	0.56191	0.41764
46 A	0.02157	0.63416	0.34427
47 A	0.02308	0.73477	0.24215
48 A	0.02435	0.85436	0.12129
49 A	0.02908	0.88562	0.08529
50 T	0.03846	0.89136	0.07018
51 T	0.05247	0.87844	0.06909
52 G	0.05647	0.88780	0.05574
53 A	0.06717	0.88297	0.04987
54 T	0.11411	0.83357	0.05232
55 T	0.11901	0.82795	0.05304
56 A	0.12640	0.81807	0.05554
57 C	0.14270	0.79972	0.05757
58 A	0.14828	0.79795	0.05377
59 C	0.16216	0.78465	0.05318
60 T	0.20787	0.74717	0.04496
61 A	0.22773	0.73102	0.04125
62 A	0.31046	0.65172	0.03783
63 A	0.37610	0.59257	0.03133
64 A	0.38987	0.57917	0.03096
65 C	0.41155	0.55596	0.03249
66 T	0.42485	0.54346	0.03169
67 A	0.44687	0.52142	0.0317
68 A	0.48525	0.48288	0.03186
69 T	0.58141	0.38629	0.03229
70 A	0.67377	0.29373	0.0325
71 T	0.80185	0.16385	0.03429
72 T	0.84174	0.12266	0.03561
73 C	0.84468	0.11906	0.03626
74 T	0.84531	0.11837	0.03631
75 T	0.84581	0.11748	0.03671
76 C	0.83752	0.12558	0.0369
77 T	0.82923	0.13405	0.03672
78 T	0.82045	0.14309	0.03647
79 C	0.76980	0.19424	0.03597
80 A	0.69712	0.26980	0.03308
81 A	0.63686	0.33265	0.03048
82 A	0.58533	0.38622	0.02845
83 A	0.50125	0.47062	0.02812
84 A	0.45992	0.51354	0.02654
85 A	0.45096	0.51325	0.03579
86 T	0.45143	0.50074	0.04784
87 T	0.43731	0.51015	0.05254
88 T	0.41510	0.53191	0.05299
89 T	0.33242	0.61974	0.04784
90 A	0.21154	0.75088	0.03758
91 A	0.13160	0.83813	0.03027
92 A	0.08977	0.88195	0.02828
93 A	0.07961	0.89314	0.02725
94 A	0.07245	0.90023	0.02732
95 A	0.06871	0.90066	0.03063
96 C	0.06694	0.89102	0.04203
97 A	0.06600	0.88884	0.04515
98 A	0.06479	0.88425	0.05096
99 T	0.06454	0.87154	0.06392
100 C	0.06332	0.86157	0.07511
101 A	0.06125	0.86268	0.07608
102 A	0.06070	0.82555	0.11374
103 G	0.06200	0.77678	0.16122
104 A	0.06404	0.74321	0.19274
105 A	0.06708	0.72051	0.21241
106 A	0.07031	0.63007	0.29961
107 T	0.07666	0.54948	0.37386
108 T	0.08049	0.51612	0.40339
109 T	0.08291	0.51556	0.40153
110 T	0.08473	0.52871	0.38656
111 A	0.08436	0.51991	0.39573
112 G	0.08706	0.45427	0.45868
113 A	0.09335	0.37226	0.53439
114 A	0.09964	0.30382	0.59654
115 C	0.10366	0.26459	0.63175
116 T	0.10715	0.27037	0.62248
117 T	0.10842	0.28429	0.60728
118 A	0.10743	0.30402	0.58855
119 T	0.10584	0.32475	0.56941
120 G	0.10152	0.38880	0.50968
121 A	0.09245	0.53464	0.37291
122 A	0.08597	0.65325	0.26079
123 A	0.08107	0.74734	0.17159
124 A	0.07768	0.81159	0.11073
125 A	0.08330	0.82273	0.09397
126 T	0.09569	0.82367	0.08064
127 A	0.09829	0.84773	0.05397
128 A	0.10946	0.83992	0.05062
129 T	0.12299	0.82985	0.04716
130 A	0.11686	0.84102	0.04212
131 A	0.10839	0.85305	0.03856
132 C	0.12998	0.83420	0.03581
133 G	0.16276	0.80779	0.02945
134 A	0.17403	0.79715	0.02882
135 A	0.19012	0.78220	0.02767
136 T	0.21226	0.76056	0.02718
137 T	0.21128	0.76356	0.02517
138 C	0.16935	0.81000	0.02064
139 A	0.12367	0.86149	0.01484
140 A	0.10497	0.88270	0.01233
141 A	0.09628	0.89235	0.01137
142 A	0.11003	0.87812	0.01185
143 A	0.16514	0.82125	0.0136
144 A	0.29866	0.67859	0.02274
145 A	0.40658	0.56315	0.03026
146 A	0.49493	0.46883	0.03624
147 T	0.54719	0.41005	0.04276
148 A	0.50655	0.45150	0.04194
149 A	0.45337	0.50679	0.03984
150 A	0.37036	0.58953	0.0401
151 A	0.29240	0.66869	0.03892
152 A	0.25453	0.70429	0.04118
153 A	0.25075	0.69853	0.05073
154 A	0.25052	0.68580	0.06368
155 T	0.24871	0.67797	0.07332
156 A	0.22678	0.70015	0.07307
157 A	0.21568	0.71658	0.06774
158 A	0.18053	0.75657	0.0629
159 A	0.16068	0.77789	0.06143
160 A	0.15980	0.76489	0.07531
161 T	0.16355	0.71103	0.12543
162 T	0.15904	0.66771	0.17325
163 T	0.14650	0.65624	0.19726
164 C	0.10278	0.69259	0.20464
165 A	0.07176	0.76669	0.16156
166 A	0.04843	0.82510	0.12646
167 A	0.02835	0.87821	0.09343
168 A	0.02392	0.90786	0.06821
169 A	0.02216	0.91955	0.05829
170 A	0.02342	0.91412	0.06246
171 A	0.02719	0.85772	0.11509
172 A	0.03216	0.79406	0.17378
173 A	0.03702	0.69591	0.26707
174 T	0.04181	0.60392	0.35428
175 C	0.04176	0.56224	0.396
176 A	0.04121	0.59324	0.36555
177 A	0.04110	0.64609	0.31281
178 G	0.04207	0.68649	0.27143
179 A	0.04801	0.69629	0.2557
180 A	0.05763	0.70410	0.23827
181 A	0.07054	0.66565	0.2638
182 T	0.08404	0.62404	0.29191
183 T	0.08560	0.62433	0.29006
184 G	0.08338	0.65131	0.26531
185 T	0.08763	0.69840	0.21396
186 A	0.08763	0.70078	0.21158
187 G	0.09546	0.67447	0.23007
188 A	0.13247	0.64035	0.22719
189 A	0.16539	0.59563	0.23898
190 C	0.20083	0.54759	0.25159
191 T	0.22933	0.52972	0.24095
192 T	0.23671	0.53456	0.22873
193 A	0.23971	0.54972	0.21057
194 T	0.23972	0.56331	0.19697
195 A	0.23193	0.61057	0.15749
196 A	0.21498	0.68365	0.10137
197 A	0.20492	0.71766	0.07742
198 A	0.20445	0.73818	0.05737
199 A	0.20593	0.75092	0.04315
200 A	0.25117	0.70820	0.04063
201 T	0.29604	0.66663	0.03733
202 A	0.29900	0.66952	0.03148
203 A	0.31348	0.65468	0.03185
204 T	0.32479	0.64264	0.03258
205 A	0.28175	0.68591	0.03233
206 A	0.23354	0.73381	0.03265
207 C	0.23523	0.73043	0.03434
208 G	0.27866	0.69095	0.03039
209 A	0.28504	0.68456	0.03039
210 A	0.29767	0.67247	0.02985
211 T	0.32111	0.64943	0.02945
212 T	0.30702	0.66347	0.0295
213 C	0.25148	0.71764	0.03088
214 A	0.17700	0.79311	0.0299
215 A	0.15365	0.81467	0.03168
216 C	0.14287	0.81986	0.03727
217 A	0.13526	0.82783	0.03691
218 A	0.16417	0.79773	0.03811
219 A	0.20469	0.74350	0.05181
220 A	0.21813	0.71972	0.06215
221 A	0.23144	0.69971	0.06885
222 T	0.23598	0.64987	0.11415
223 A	0.20610	0.67073	0.12318
224 A	0.15511	0.72058	0.12431
225 A	0.09096	0.80016	0.10888
226 A	0.07021	0.82988	0.09991
227 A	0.05948	0.83552	0.10499
228 A	0.05609	0.79600	0.1479
229 A	0.05692	0.74133	0.20175
230 T	0.05941	0.70622	0.23436
231 A	0.05970	0.72557	0.21472
232 A	0.05992	0.77186	0.16821
233 A	0.05816	0.82363	0.1182
234 A	0.05925	0.83048	0.11027
235 A	0.06035	0.80699	0.13266
236 T	0.06273	0.74623	0.19105
237 T	0.06430	0.66871	0.26699
238 T	0.06478	0.65102	0.28419
239 T	0.06306	0.64999	0.28696
240 A	0.05855	0.66395	0.2775
241 A	0.05410	0.67619	0.26972
242 A	0.05038	0.67803	0.2716
243 A	0.05072	0.68458	0.26469
244 A	0.05294	0.69763	0.24943
245 A	0.06130	0.70684	0.23186
246 A	0.07384	0.66835	0.25781
247 A	0.09511	0.59421	0.31069
248 T	0.13392	0.48548	0.3806
249 T	0.15195	0.45204	0.39601
250 C	0.14979	0.46632	0.3839
251 A	0.14276	0.62875	0.22849
252 A	0.14156	0.68419	0.17425
253 G	0.13173	0.72316	0.14511
254 A	0.15053	0.72082	0.12865
255 A	0.20899	0.67259	0.11842
256 T	0.28021	0.60334	0.11646
257 T	0.30433	0.58387	0.1118
258 T	0.30659	0.58417	0.10923
259 T	0.29533	0.59795	0.10671
260 T	0.25988	0.63986	0.10026
261 A	0.21262	0.68877	0.09862
262 G	0.18071	0.72174	0.09756
263 A	0.17708	0.72604	0.09688
264 A	0.17494	0.72703	0.09803
265 C	0.17641	0.72508	0.09851
266 A	0.17612	0.72754	0.09633
267 A	0.17680	0.72864	0.09457
268 A	0.17809	0.72875	0.09317
269 A	0.16898	0.73843	0.09258
270 C	0.17158	0.73545	0.09296
271 A	0.17778	0.72862	0.0936
272 A	0.18881	0.71439	0.09681
273 A	0.21822	0.67639	0.10539
274 T	0.38828	0.49363	0.11809
275 A	0.44599	0.42993	0.12408
276 T	0.48387	0.37057	0.14556
277 T	0.49585	0.34269	0.16146
278 T	0.49819	0.32958	0.17224
279 T	0.49034	0.32941	0.18026
280 T	0.47679	0.33123	0.19198
281 G	0.46789	0.33323	0.19888
282 G	0.45784	0.34242	0.19973
283 A	0.45498	0.35535	0.18967
284 A	0.44724	0.35829	0.19447
285 A	0.40571	0.40815	0.18613
286 A	0.25860	0.58295	0.15845
287 A	0.19722	0.67754	0.12523
288 A	0.18283	0.69849	0.11868
289 A	0.18021	0.69484	0.12494
290 A	0.18071	0.68278	0.13652
291 A	0.18210	0.66351	0.15438
292 T	0.18270	0.65313	0.16417
293 T	0.17881	0.66105	0.16014
294 T	0.16882	0.69950	0.13168
295 G	0.15908	0.71812	0.1228
296 A	0.15571	0.73428	0.11001
297 A	0.15332	0.75022	0.09647
298 A	0.15230	0.75365	0.09404
299 C	0.15238	0.74889	0.09873
300 A	0.15335	0.74672	0.09993
301 A	0.15571	0.74033	0.10396
302 C	0.16157	0.72165	0.11679
303 C	0.16751	0.70789	0.12459
304 G	0.17522	0.70218	0.1226
305 A	0.19110	0.69248	0.11642
306 A	0.22397	0.67039	0.10563
307 A	0.24982	0.65072	0.09946
308 A	0.28217	0.58837	0.12946
309 A	0.32357	0.39531	0.28111
310 T	0.37155	0.28159	0.34686
311 T	0.38672	0.27060	0.34268
312 G	0.39011	0.32115	0.28874
313 A	0.39544	0.38149	0.22307
314 A	0.39994	0.38115	0.21891
315 T	0.40038	0.37657	0.22305
316 G	0.39821	0.37297	0.22882
317 G	0.42240	0.34064	0.23696
318 C	0.42966	0.33509	0.23525
319 A	0.43964	0.32559	0.23477
320 G	0.45136	0.31326	0.23538
321 T	0.45804	0.30730	0.23465
322 T	0.45673	0.31368	0.22959
323 C	0.45267	0.31949	0.22784
324 A	0.45188	0.32444	0.22368
325 G	0.45065	0.32695	0.2224
326 T	0.45149	0.32629	0.22222
327 C	0.45369	0.32428	0.22203
328 A	0.46307	0.31533	0.2216
329 G	0.47467	0.30357	0.22176
330 A	0.48959	0.28859	0.22182
331 T	0.51481	0.26285	0.22234
332 C	0.53112	0.24621	0.22267
333 A	0.55215	0.22555	0.2223
334 T	0.58427	0.19371	0.22202
335 T	0.62451	0.15448	0.22101
336 A	0.64878	0.13483	0.21639
337 T	0.65240	0.13437	0.21323
338 T	0.64768	0.13329	0.21902
339 T	0.61890	0.16370	0.2174
340 A	0.54469	0.25241	0.2029
341 T	0.47477	0.33990	0.18533
342 A	0.40300	0.41237	0.18463
343 A	0.36079	0.45546	0.18375
344 A	0.34152	0.47398	0.18451
345 T	0.34124	0.47130	0.18746
346 C	0.33210	0.47660	0.1913
347 A	0.32895	0.48013	0.19092
348 T	0.32816	0.48052	0.19132
349 T	0.32397	0.48709	0.18893
350 T	0.31612	0.50130	0.18258
351 A	0.28049	0.55028	0.16923
352 A	0.24805	0.59996	0.15199
353 A	0.23065	0.62513	0.14422
354 A	0.22092	0.63766	0.14142
355 G	0.21721	0.64212	0.14068
356 A	0.21704	0.64300	0.13996
357 A	0.21851	0.63986	0.14163
358 A	0.22303	0.63071	0.14626
359 G	0.23228	0.60854	0.15917
360 T	0.24351	0.58830	0.16819
361 A	0.24842	0.57253	0.17905
362 A	0.25691	0.52754	0.21556
363 A	0.27094	0.44604	0.28302
364 T	0.29000	0.34070	0.3693
365 G	0.29272	0.27758	0.4297
366 T	0.29775	0.24085	0.4614
367 T	0.29956	0.23349	0.46694
368 T	0.29939	0.23969	0.46092
369 T	0.29871	0.24851	0.45278
370 G	0.29589	0.27264	0.43147
371 A	0.29558	0.31750	0.38692
372 A	0.29841	0.34396	0.35763
373 A	0.30591	0.33401	0.36009
374 A	0.32036	0.29134	0.38829
375 T	0.34316	0.23791	0.41893
376 T	0.35173	0.22142	0.42685
377 C	0.35430	0.23579	0.4099
378 A	0.35609	0.34956	0.29435
379 T	0.35809	0.39520	0.24671
380 T	0.35863	0.41603	0.22535
381 A	0.35801	0.43302	0.20898
382 T	0.35713	0.44294	0.19993
383 T	0.35232	0.46024	0.18745
384 A	0.33756	0.49029	0.17215
385 A	0.33408	0.50250	0.16342
386 A	0.33365	0.50994	0.15641
387 A	0.33417	0.51069	0.15515
388 G	0.33767	0.50757	0.15476
389 A	0.34667	0.49881	0.15452
390 T	0.36388	0.48082	0.1553
391 C	0.37405	0.46958	0.15638
392 A	0.39020	0.45357	0.15623
393 A	0.41433	0.42874	0.15693
394 T	0.45748	0.38610	0.15641
395 C	0.47981	0.36357	0.15662
396 A	0.48462	0.35918	0.1562
397 A	0.49171	0.35208	0.1562
398 G	0.50063	0.34300	0.15636
399 C	0.51605	0.32751	0.15644
400 A	0.54779	0.29629	0.15592
401 T	0.67479	0.16871	0.1565
402 T	0.72127	0.12204	0.15669
403 T	0.73000	0.11260	0.1574
404 T	0.72754	0.11389	0.15858
405 A	0.70637	0.13257	0.16106
406 A	0.69823	0.13466	0.16711
407 C	0.69929	0.11887	0.18183
408 C	0.70162	0.11395	0.18442
409 A	0.70502	0.11024	0.18474
410 T	0.70626	0.10866	0.18508
411 T	0.70229	0.11261	0.1851
412 G	0.68467	0.13028	0.18505
413 A	0.66908	0.14557	0.18535
414 C	0.66591	0.14588	0.18822
415 G	0.66587	0.14480	0.18933
416 A	0.66747	0.14262	0.18992
417 C	0.67036	0.13846	0.19118
418 T	0.67141	0.13657	0.19202
419 A	0.67166	0.13556	0.19278
420 T	0.67164	0.13308	0.19527
421 T	0.67013	0.13298	0.1969
422 G	0.66903	0.13331	0.19766
423 T	0.66884	0.12802	0.20314
424 T	0.66813	0.12140	0.21046
425 T	0.66675	0.11589	0.21736
426 T	0.66435	0.10936	0.22629
427 G	0.66080	0.10767	0.23153
428 G	0.65866	0.09635	0.24498
429 A	0.65746	0.09163	0.25091
430 T	0.65651	0.08672	0.25678
431 T	0.65518	0.08419	0.26064
432 G	0.65309	0.08669	0.26023
433 A	0.65053	0.08861	0.26085
434 G	0.64844	0.08673	0.26483
435 A	0.64719	0.07591	0.2769
436 T	0.64605	0.06639	0.28756
437 C	0.64532	0.07082	0.28387
438 A	0.64455	0.09806	0.25739
439 T	0.64430	0.11814	0.23755
440 A	0.64341	0.15308	0.20352
441 T	0.64304	0.16608	0.19087
442 A	0.64100	0.18054	0.17846
443 A	0.63919	0.18554	0.17526
444 T	0.63327	0.19280	0.17393
445 G	0.61247	0.21415	0.17339
446 G	0.59649	0.23250	0.17101
447 G	0.58874	0.24330	0.16796
448 G	0.58518	0.25161	0.16321
449 A	0.58502	0.26359	0.15139
450 T	0.58706	0.26550	0.14744
451 A	0.58628	0.26845	0.14527
452 A	0.58701	0.27057	0.14241
453 T	0.58790	0.27134	0.14076
454 A	0.58791	0.27436	0.13774
455 A	0.58944	0.27206	0.13849
456 A	0.58976	0.27089	0.13935
457 A	0.59059	0.26819	0.14123
458 A	0.59330	0.26391	0.14279
459 C	0.59712	0.25828	0.14461
460 G	0.60571	0.24911	0.14518
461 C	0.63374	0.22055	0.14572
462 A	0.65353	0.20103	0.14544
463 T	0.68801	0.16628	0.14571
464 T	0.69998	0.15436	0.14566
465 T	0.70840	0.14378	0.14782
466 A	0.70945	0.14146	0.14909
467 T	0.71209	0.13049	0.15741
468 A	0.71343	0.10921	0.17736
469 T	0.71838	0.08734	0.19428
470 T	0.72301	0.07529	0.2017
471 G	0.72839	0.06771	0.20391
472 T	0.74057	0.05417	0.20526
473 T	0.74472	0.04931	0.20596
474 A	0.73909	0.05440	0.20651
475 T	0.73396	0.05887	0.20717
476 C	0.72696	0.06604	0.207
477 A	0.72165	0.07990	0.19844
478 A	0.71876	0.08884	0.1924
479 A	0.72001	0.09002	0.18997
480 T	0.72095	0.08884	0.1902
481 T	0.72066	0.09082	0.18852
482 T	0.71963	0.09619	0.18418
483 T	0.71818	0.10400	0.17782
484 A	0.71551	0.11134	0.17315
485 A	0.71511	0.11316	0.17173
486 T	0.71475	0.11240	0.17286
487 T	0.71319	0.11306	0.17376
488 T	0.70733	0.11795	0.17472
489 T	0.69485	0.12931	0.17583
490 C	0.67019	0.15379	0.17602
491 C	0.63923	0.18778	0.17299
492 A	0.61067	0.22963	0.1597
493 A	0.60265	0.24709	0.15026
494 T	0.59930	0.25829	0.14241
495 A	0.58685	0.28295	0.1302
496 A	0.58176	0.29309	0.12515
497 A	0.58249	0.28524	0.13227
498 T	0.58336	0.27640	0.14024
499 A	0.58183	0.26927	0.14891
500 A	0.58743	0.25623	0.15634
501 C	0.59325	0.24606	0.16068
502 T	0.59659	0.24467	0.15873
503 C	0.59580	0.24682	0.15738
504 A	0.59669	0.24824	0.15507
505 A	0.60102	0.24488	0.1541
506 T	0.60705	0.24060	0.15236
507 T	0.60599	0.24314	0.15087
508 G	0.59298	0.26362	0.14341
509 A	0.58606	0.27564	0.1383
510 A	0.58071	0.28311	0.13618
511 G	0.56790	0.28832	0.14378
512 A	0.55839	0.28639	0.15522
513 A	0.55220	0.27072	0.17707
514 A	0.55158	0.24442	0.204
515 C	0.56066	0.20797	0.23137
516 A	0.56361	0.20202	0.23438
517 A	0.56742	0.19578	0.2368
518 T	0.57600	0.17809	0.24591
519 C	0.57400	0.17830	0.24771
520 G	0.56979	0.18297	0.24724
521 A	0.56917	0.18446	0.24638
522 A	0.56945	0.18668	0.24387
523 T	0.57058	0.19402	0.2354
524 C	0.57084	0.19444	0.23472
525 T	0.57247	0.19686	0.23066
526 T	0.56439	0.21304	0.22256
527 A	0.55161	0.23482	0.21357
528 C	0.54492	0.24424	0.21084
529 A	0.54017	0.26058	0.19926
530 A	0.54037	0.25988	0.19975
531 T	0.53837	0.25196	0.20967
532 G	0.53194	0.25570	0.21237
533 A	0.52943	0.25760	0.21297
534 T	0.52675	0.24871	0.22454
535 A	0.51895	0.24891	0.23213
536 A	0.51450	0.24661	0.23889
537 A	0.51374	0.24346	0.24281
538 A	0.51399	0.23891	0.24709
539 T	0.51719	0.22774	0.25508
540 T	0.51897	0.22081	0.26022
541 A	0.51884	0.21758	0.26359
542 G	0.52087	0.20911	0.27003
543 C	0.52163	0.20325	0.27512
544 G	0.52370	0.19964	0.27666
545 A	0.52974	0.19263	0.27762
546 T	0.54407	0.17687	0.27906
547 A	0.54920	0.17012	0.28068
548 C	0.55893	0.15749	0.28358
549 T	0.57462	0.13013	0.29524
550 T	0.58317	0.10824	0.30859
551 T	0.58570	0.09936	0.31494
552 G	0.59062	0.09029	0.31909
553 T	0.59488	0.08498	0.32013
554 T	0.59703	0.07184	0.33113
555 T	0.59945	0.06115	0.33939
556 T	0.60032	0.05561	0.34407
557 T	0.60022	0.05569	0.3441
558 A	0.59875	0.05815	0.3431
559 A	0.59875	0.05658	0.34468
560 C	0.59966	0.05364	0.3467
561 T	0.60092	0.05829	0.3408
562 T	0.60033	0.06347	0.3362
563 T	0.59809	0.07480	0.32711
564 T	0.59081	0.10731	0.30188
565 T	0.57825	0.14130	0.28044
566 T	0.55770	0.17801	0.26429
567 T	0.53933	0.22926	0.23141
568 A	0.51791	0.30214	0.17995
569 A	0.50457	0.33771	0.15772
570 A	0.49902	0.35307	0.1479
571 A	0.49488	0.37026	0.13487
572 A	0.49056	0.38131	0.12813
573 A	0.48160	0.39069	0.12771
574 A	0.47768	0.39469	0.12763
575 A	0.47664	0.39540	0.12796
576 A	0.47746	0.39393	0.12861
577 C	0.48129	0.38876	0.12994
578 A	0.48640	0.38294	0.13066
579 G	0.48977	0.37805	0.13218
580 A	0.49462	0.37242	0.13296
581 T	0.50404	0.36165	0.13431
582 T	0.50889	0.35635	0.13476
583 A	0.51171	0.35233	0.13596
584 T	0.51959	0.34229	0.13812
585 A	0.52380	0.33531	0.1409
586 A	0.53430	0.31733	0.14837
587 T	0.56724	0.26680	0.16596
588 T	0.59460	0.21611	0.18929
589 C	0.60994	0.17495	0.21511
590 C	0.64201	0.13132	0.22667
591 T	0.68729	0.08192	0.23078
592 T	0.70243	0.06536	0.23222
593 A	0.70725	0.06182	0.23093
594 T	0.71781	0.04962	0.23257
595 T	0.72279	0.04132	0.2359
596 T	0.72295	0.03004	0.24701
597 T	0.72272	0.02513	0.25216
598 T	0.72211	0.02263	0.25525
599 T	0.72131	0.02095	0.25774
600 C	0.72009	0.02160	0.25831
601 A	0.71612	0.02583	0.25804
602 C	0.71358	0.02849	0.25794
603 T	0.71158	0.03111	0.25731
604 T	0.70536	0.03811	0.25653
605 G	0.70137	0.04337	0.25527
606 T	0.69829	0.04863	0.25307
607 G	0.68986	0.06117	0.24896
608 A	0.68525	0.07241	0.24234
609 T	0.68343	0.07878	0.23779
610 A	0.66841	0.10515	0.22643
611 A	0.65786	0.12626	0.21589
612 T	0.65776	0.13322	0.20902
613 T	0.65530	0.15438	0.19033
614 T	0.65082	0.16357	0.18561
615 A	0.64535	0.17253	0.18212
616 T	0.64457	0.17397	0.18146
617 T	0.63901	0.18025	0.18075
618 C	0.62360	0.19592	0.18048
619 A	0.60479	0.21828	0.17692
620 T	0.59008	0.23646	0.17346
621 T	0.55944	0.27608	0.16448
622 A	0.46494	0.39337	0.14169
623 A	0.42624	0.43283	0.14093
624 A	0.40792	0.44816	0.14393
625 T	0.39889	0.45386	0.14725
626 A	0.37953	0.47081	0.14966
627 C	0.36421	0.47901	0.15679
628 A	0.34762	0.49729	0.15509
629 A	0.33801	0.50651	0.15548
630 A	0.33241	0.50721	0.16038
631 G	0.33432	0.50134	0.16434
632 A	0.33603	0.49786	0.16611
633 A	0.34538	0.47073	0.18389
634 C	0.35505	0.44782	0.19713
635 A	0.36275	0.43919	0.19806
636 G	0.38247	0.41704	0.20049
637 T	0.38907	0.40919	0.20173
638 T	0.39187	0.40404	0.2041
639 T	0.39016	0.41038	0.19947
640 A	0.38350	0.42214	0.19436
641 A	0.36757	0.44348	0.18895
642 A	0.34260	0.47314	0.18426
643 A	0.33529	0.47882	0.18589
644 A	0.33627	0.45168	0.21205
645 T	0.35360	0.35191	0.29449
646 G	0.34685	0.32921	0.32394
647 T	0.34397	0.32460	0.33143
648 A	0.33398	0.34920	0.31682
649 A	0.32870	0.36523	0.30607
650 A	0.32721	0.36258	0.3102
651 T	0.33010	0.34634	0.32357
652 A	0.32990	0.33957	0.33053
653 T	0.32934	0.33267	0.33799
654 T	0.32804	0.32981	0.34215
655 G	0.32327	0.33319	0.34355
656 A	0.31922	0.33790	0.34289
657 A	0.31662	0.33961	0.34377
658 C	0.31720	0.33736	0.34544
659 G	0.31900	0.33700	0.344
660 T	0.32562	0.33084	0.34355
661 A	0.32940	0.32737	0.34323
662 A	0.33658	0.31886	0.34455
663 A	0.34988	0.30216	0.34796
664 A	0.37404	0.26072	0.36524
665 T	0.40748	0.19834	0.39418
666 T	0.43403	0.15987	0.4061
667 T	0.44439	0.14298	0.41264
668 T	0.45060	0.13549	0.41391
669 T	0.45201	0.13603	0.41196
670 A	0.45081	0.14307	0.40613
671 A	0.46188	0.13074	0.40738
672 T	0.48374	0.10747	0.40879
673 T	0.49267	0.10728	0.40005
674 T	0.49435	0.11541	0.39023
675 T	0.49423	0.12155	0.38423
676 G	0.48032	0.14687	0.37281
677 A	0.47721	0.15793	0.36486
678 A	0.47579	0.16030	0.36391
679 T	0.47762	0.15572	0.36667
680 T	0.47760	0.15395	0.36845
681 T	0.47542	0.15585	0.36873
682 T	0.47072	0.16080	0.36847
683 C	0.46551	0.16644	0.36805
684 A	0.46049	0.17311	0.3664
685 G	0.45582	0.17839	0.36578
686 A	0.45389	0.18105	0.36506
687 T	0.45321	0.18223	0.36456
688 G	0.45071	0.18546	0.36383
689 G	0.45143	0.18446	0.3641
690 A	0.45414	0.18174	0.36412
691 A	0.45810	0.17684	0.36505
692 T	0.46542	0.16633	0.36825
693 C	0.47372	0.15307	0.37321
694 A	0.48202	0.14206	0.37592
695 C	0.48989	0.13171	0.3784
696 T	0.50667	0.11457	0.37876
697 T	0.51742	0.10350	0.37909
698 G	0.52210	0.09772	0.38018
699 T	0.53146	0.07415	0.39438
700 T	0.53631	0.06612	0.39757
701 G	0.53678	0.06105	0.40217
702 C	0.53486	0.05950	0.40564
703 T	0.53416	0.05991	0.40593
704 G	0.52900	0.06952	0.40148
705 T	0.49040	0.11929	0.3903
706 A	0.44076	0.20770	0.35154
707 T	0.41554	0.27904	0.30541
708 A	0.34669	0.44619	0.20712
709 A	0.30103	0.52454	0.17443
710 A	0.26940	0.56834	0.16227
711 A	0.25021	0.59532	0.15447
712 G	0.23248	0.61908	0.14844
713 A	0.22195	0.64582	0.13223
714 A	0.21227	0.67163	0.11609
715 G	0.20294	0.68192	0.11514
716 G	0.19500	0.69112	0.11388
717 T	0.19303	0.69541	0.11156
718 A	0.19167	0.69697	0.11136
719 C	0.19130	0.69693	0.11178
720 A	0.19143	0.69749	0.11108
721 T	0.19181	0.69671	0.11148
722 C	0.19194	0.69689	0.11118
723 A	0.19209	0.69847	0.10944
724 A	0.19219	0.69890	0.10891
725 T	0.19440	0.69359	0.112
726 A	0.19630	0.68984	0.11386
727 A	0.20557	0.67622	0.11822
728 G	0.22273	0.59477	0.1825
729 G	0.26218	0.50103	0.23679
730 A	0.31318	0.42283	0.26399
731 T	0.42101	0.26195	0.31704
732 T	0.45080	0.20937	0.33983
733 A	0.44830	0.21317	0.33853
734 A	0.44082	0.23615	0.32304
735 A	0.43059	0.26558	0.30383
736 A	0.43701	0.25540	0.3076
737 T	0.44282	0.24037	0.31681
738 A	0.42273	0.25338	0.32389
739 G	0.39599	0.27239	0.33162
740 C	0.37513	0.29718	0.32769
741 C	0.31423	0.38327	0.30249
742 G	0.20498	0.60028	0.19474
743 A	0.11820	0.73635	0.14546
744 A	0.08256	0.78921	0.12824
745 G	0.06523	0.82735	0.10742
746 A	0.05419	0.85176	0.09405
747 C	0.04654	0.86214	0.09132
748 G	0.04085	0.87716	0.08199
749 A	0.03404	0.89602	0.06994
750 A	0.03092	0.90513	0.06395
751 A	0.02917	0.90895	0.06188
752 A	0.02765	0.91250	0.05984
753 A	0.02833	0.91129	0.06038
754 A	0.03129	0.90725	0.06147
755 A	0.03929	0.89567	0.06503
756 A	0.05691	0.86624	0.07685
757 A	0.07666	0.83241	0.09092
758 G	0.10213	0.79298	0.10488
759 A	0.10965	0.77881	0.11155
760 A	0.11400	0.76427	0.12173
761 A	0.12143	0.73513	0.14343
762 A	0.13106	0.69465	0.1743
763 A	0.14389	0.66070	0.1954
764 A	0.17797	0.56590	0.25613
765 A	0.27991	0.36012	0.35996
766 T	0.34201	0.21260	0.44539
767 A	0.36510	0.15603	0.47887
768 T	0.39559	0.11626	0.48815
769 T	0.40849	0.11769	0.47382
770 T	0.40657	0.17257	0.42087
771 A	0.39778	0.21795	0.38427
772 T	0.40134	0.21177	0.38688
773 T	0.39671	0.22152	0.38177
774 A	0.38164	0.25231	0.36605
775 T	0.36563	0.28319	0.35117
776 C	0.29546	0.38197	0.32258
777 T	0.26098	0.44390	0.29512
778 A	0.20405	0.56004	0.23591
779 A	0.17374	0.65970	0.16656
780 T	0.15664	0.70423	0.13913
781 C	0.12891	0.75643	0.11465
782 A	0.12604	0.76290	0.11105
783 A	0.12450	0.76593	0.10956
784 A	0.12303	0.76843	0.10855
785 T	0.12506	0.76645	0.10848
786 C	0.12570	0.76586	0.10844
787 A	0.12731	0.76416	0.10853
788 A	0.12971	0.76168	0.10861
789 A	0.13326	0.75800	0.10874
790 A	0.14061	0.75042	0.10897
791 A	0.15358	0.73703	0.10939
792 A	0.18090	0.70564	0.11345
793 T	0.24283	0.63449	0.12268
794 T	0.27610	0.58842	0.13548
795 A	0.28010	0.57843	0.14147
796 G	0.28701	0.55690	0.15609
797 A	0.30167	0.52344	0.17489
798 A	0.31838	0.48054	0.20108
799 C	0.35148	0.37523	0.27329
800 A	0.38560	0.31496	0.29944
801 A	0.44953	0.20530	0.34517
802 T	0.52277	0.10009	0.37714
803 A	0.54759	0.05586	0.39656
804 A	0.57214	0.00000	0.42786
