# lcl|CP097583.1_cds_USQ93340.1_1
# AA	inside	membr	outside
1 A	0.31174	0.00000	0.68827
2 T	0.30999	0.00174	0.68827
3 G	0.30923	0.00251	0.68827
4 T	0.30923	0.04595	0.64483
5 T	0.29466	0.10885	0.59649
6 A	0.29466	0.12476	0.58058
7 A	0.19851	0.22716	0.57433
8 A	0.19851	0.22737	0.57413
9 T	0.18993	0.23937	0.57069
10 A	0.18990	0.76237	0.04773
11 A	0.18717	0.77235	0.04049
12 A	0.16489	0.79615	0.03896
13 T	0.14098	0.82766	0.03137
14 T	0.14097	0.82767	0.03137
15 C	0.14097	0.83512	0.02392
16 A	0.13878	0.83730	0.02392
17 T	0.13691	0.83925	0.02383
18 C	0.13681	0.83955	0.02364
19 A	0.13404	0.84272	0.02324
20 A	0.12388	0.86088	0.01524
21 A	0.11456	0.87024	0.01519
22 A	0.11467	0.87091	0.01442
23 A	0.11586	0.86998	0.01416
24 A	0.12051	0.86466	0.01482
25 T	0.13067	0.84267	0.02666
26 A	0.13312	0.83675	0.03013
27 T	0.16799	0.79153	0.04048
28 A	0.19588	0.76121	0.04291
29 A	0.20914	0.74920	0.04166
30 A	0.22731	0.66946	0.10323
31 A	0.23589	0.66594	0.09818
32 A	0.25365	0.63916	0.10718
33 A	0.71836	0.18313	0.0985
34 T	0.73880	0.16734	0.09386
35 A	0.74698	0.15169	0.10134
36 T	0.76132	0.11826	0.12043
37 T	0.76226	0.11624	0.12149
38 T	0.76609	0.11219	0.12171
39 T	0.74436	0.14268	0.11296
40 C	0.74051	0.14703	0.11245
41 A	0.73711	0.15589	0.10701
42 A	0.73637	0.16288	0.10075
43 A	0.74235	0.15245	0.1052
44 T	0.74065	0.15412	0.10523
45 T	0.73413	0.16338	0.1025
46 A	0.73224	0.16767	0.1001
47 T	0.73181	0.16816	0.10003
48 A	0.73087	0.16969	0.09944
49 G	0.73078	0.17024	0.09898
50 G	0.73238	0.16957	0.09805
51 T	0.74299	0.15825	0.09877
52 T	0.74741	0.15370	0.09889
53 A	0.74809	0.15488	0.09703
54 T	0.75641	0.14687	0.09672
55 A	0.75875	0.14502	0.09624
56 T	0.76881	0.13495	0.09624
57 A	0.77578	0.12916	0.09505
58 T	0.78587	0.11847	0.09566
59 T	0.78846	0.11385	0.09769
60 T	0.79021	0.11107	0.09873
61 A	0.79167	0.10859	0.09975
62 T	0.80296	0.08037	0.11667
63 T	0.80551	0.07458	0.11991
64 A	0.80986	0.06754	0.1226
65 T	0.81800	0.05739	0.12461
66 T	0.82110	0.05364	0.12526
67 T	0.82608	0.04700	0.12692
68 A	0.82818	0.04034	0.13148
69 T	0.83196	0.03526	0.13277
70 T	0.83291	0.03479	0.1323
71 T	0.83376	0.03559	0.13065
72 A	0.83437	0.03773	0.12789
73 T	0.83609	0.03721	0.1267
74 T	0.83622	0.04056	0.12321
75 A	0.83629	0.04296	0.12075
76 T	0.83805	0.04564	0.1163
77 T	0.83877	0.04812	0.1131
78 A	0.83871	0.05217	0.10912
79 G	0.83927	0.05334	0.10739
80 T	0.84095	0.05361	0.10543
81 T	0.84152	0.05641	0.10207
82 A	0.84180	0.06046	0.09773
83 T	0.84269	0.06136	0.09594
84 A	0.84317	0.06253	0.0943
85 T	0.84385	0.06202	0.09412
86 T	0.84433	0.06229	0.09338
87 A	0.84234	0.06625	0.09142
88 T	0.84201	0.06707	0.09091
89 C	0.84177	0.06864	0.08959
90 T	0.84178	0.07394	0.08428
91 A	0.84156	0.08009	0.07834
92 G	0.84234	0.08219	0.07547
93 T	0.84411	0.08080	0.07509
94 A	0.84589	0.07937	0.07474
95 T	0.84846	0.07644	0.0751
96 A	0.84986	0.07488	0.07526
97 C	0.85392	0.07013	0.07596
98 A	0.85702	0.06663	0.07634
99 T	0.86498	0.05813	0.07689
100 T	0.86787	0.05482	0.0773
101 T	0.87154	0.05068	0.07779
102 A	0.87170	0.05033	0.07797
103 C	0.87130	0.04980	0.0789
104 C	0.87105	0.04951	0.07943
105 T	0.87226	0.04858	0.07917
106 T	0.87086	0.05087	0.07827
107 G	0.86440	0.05749	0.0781
108 G	0.85711	0.06485	0.07804
109 A	0.85176	0.07005	0.07819
110 T	0.85195	0.06664	0.08141
111 C	0.84851	0.06868	0.08281
112 C	0.84948	0.06783	0.08269
113 A	0.85338	0.06549	0.08113
114 T	0.85867	0.06146	0.07988
115 T	0.86059	0.06115	0.07826
116 T	0.86049	0.06245	0.07706
117 T	0.85728	0.06734	0.07537
118 T	0.84624	0.08288	0.07089
119 T	0.82911	0.10320	0.06769
120 T	0.79750	0.13745	0.06505
121 A	0.71807	0.22160	0.06032
122 A	0.67389	0.26789	0.05822
123 T	0.65227	0.29027	0.05746
124 A	0.61651	0.32670	0.05679
125 A	0.59820	0.34418	0.05762
126 A	0.59091	0.34916	0.05992
127 G	0.58761	0.34906	0.06333
128 G	0.58644	0.34779	0.06576
129 A	0.58649	0.34535	0.06816
130 A	0.58643	0.33901	0.07455
131 A	0.58650	0.33115	0.08236
132 T	0.58685	0.32384	0.08931
133 G	0.58700	0.31978	0.09323
134 C	0.58761	0.31477	0.09762
135 T	0.58966	0.31231	0.09803
136 A	0.59144	0.31146	0.0971
137 T	0.59354	0.31077	0.09568
138 T	0.59459	0.31149	0.09391
139 A	0.59313	0.31687	0.09
140 A	0.58973	0.31315	0.09712
141 T	0.59324	0.29056	0.1162
142 T	0.58984	0.27051	0.13965
143 A	0.58281	0.24872	0.16847
144 T	0.57762	0.17951	0.24287
145 T	0.55151	0.19116	0.25733
146 T	0.50694	0.23930	0.25376
147 A	0.39227	0.38883	0.2189
148 G	0.32717	0.51425	0.15858
149 A	0.29711	0.58085	0.12204
150 A	0.27640	0.62112	0.10248
151 T	0.26108	0.64940	0.08953
152 T	0.23721	0.68223	0.08056
153 G	0.20535	0.71760	0.07704
154 G	0.19143	0.73341	0.07515
155 A	0.18486	0.74146	0.07368
156 A	0.18102	0.74597	0.073
157 C	0.18002	0.74717	0.07282
158 A	0.17921	0.74938	0.07141
159 A	0.18001	0.74921	0.07077
160 A	0.18233	0.74720	0.07046
161 A	0.18567	0.74427	0.07006
162 A	0.19115	0.73778	0.07107
163 A	0.19846	0.72311	0.07843
164 T	0.20961	0.70048	0.08992
165 T	0.21538	0.67736	0.10726
166 G	0.21791	0.66172	0.12038
167 A	0.22903	0.63864	0.13234
168 T	0.26844	0.57214	0.15943
169 A	0.28894	0.51475	0.19631
170 A	0.33763	0.36138	0.30098
171 T	0.41090	0.21939	0.36971
172 T	0.44676	0.15690	0.39634
173 T	0.46179	0.14401	0.39421
174 T	0.47015	0.16525	0.3646
175 G	0.47173	0.15479	0.37347
176 T	0.47276	0.14444	0.3828
177 T	0.46998	0.15218	0.37784
178 T	0.46468	0.16605	0.36927
179 C	0.41131	0.22296	0.36573
180 A	0.32380	0.32824	0.34796
181 A	0.28323	0.37789	0.33887
182 A	0.21309	0.46493	0.32198
183 C	0.16575	0.52560	0.30865
184 G	0.12801	0.63210	0.23988
185 A	0.11754	0.68064	0.20182
186 A	0.11276	0.71161	0.17562
187 G	0.10772	0.74310	0.14918
188 A	0.10241	0.78792	0.10967
189 T	0.09990	0.82807	0.07202
190 A	0.09013	0.88717	0.0227
191 A	0.08487	0.90460	0.01054
192 A	0.08419	0.90619	0.00963
193 A	0.08465	0.90610	0.00926
194 A	0.08637	0.90439	0.00924
195 A	0.09342	0.89692	0.00966
196 C	0.12008	0.86905	0.01087
197 A	0.16650	0.82202	0.01148
198 A	0.18351	0.80343	0.01306
199 T	0.20182	0.78280	0.01538
200 T	0.21142	0.76969	0.01889
201 A	0.21440	0.76262	0.02297
202 A	0.21764	0.69919	0.08317
203 T	0.23127	0.58928	0.17946
204 A	0.23953	0.54284	0.21762
205 G	0.26201	0.45570	0.28229
206 A	0.28370	0.39744	0.31886
207 T	0.34952	0.29731	0.35317
208 G	0.36430	0.27542	0.36028
209 A	0.38190	0.25731	0.36079
210 A	0.40980	0.22696	0.36324
211 G	0.45216	0.18376	0.36408
212 T	0.49034	0.14592	0.36374
213 T	0.52934	0.10394	0.36671
214 T	0.52431	0.12336	0.35234
215 T	0.49234	0.17793	0.32973
216 A	0.40388	0.33266	0.26346
217 A	0.28632	0.53683	0.17685
218 T	0.23378	0.60804	0.15818
219 A	0.14455	0.72221	0.13324
220 A	0.12634	0.74855	0.12512
221 A	0.11841	0.76009	0.12149
222 T	0.11299	0.76700	0.12001
223 T	0.10079	0.78046	0.11875
224 T	0.07266	0.81223	0.11511
225 A	0.03912	0.85697	0.10391
226 A	0.02659	0.87724	0.09617
227 A	0.01991	0.89267	0.08743
228 A	0.01698	0.90071	0.08231
229 A	0.01738	0.90400	0.07862
230 A	0.01929	0.90068	0.08003
231 T	0.02384	0.88630	0.08986
232 A	0.02609	0.88152	0.09238
233 A	0.03028	0.87538	0.09433
234 T	0.04164	0.86075	0.09761
235 A	0.04532	0.85397	0.1007
236 A	0.05282	0.83517	0.11201
237 A	0.07313	0.79269	0.13417
238 A	0.09995	0.73002	0.17004
239 A	0.16374	0.57932	0.25694
240 T	0.25335	0.37098	0.37567
241 T	0.27130	0.30193	0.42677
242 T	0.28755	0.21429	0.49816
243 T	0.28540	0.21546	0.49914
244 G	0.26861	0.24798	0.48341
245 A	0.24036	0.32059	0.43905
246 A	0.20279	0.37689	0.42031
247 G	0.19749	0.37894	0.42357
248 G	0.20117	0.39277	0.40606
249 A	0.20703	0.46447	0.32849
250 A	0.21494	0.50799	0.27707
251 A	0.21187	0.62019	0.16795
252 T	0.21049	0.67455	0.11495
253 A	0.20511	0.72052	0.07438
254 A	0.18269	0.77205	0.04525
255 T	0.17623	0.78431	0.03947
256 A	0.15531	0.81552	0.02918
257 G	0.14078	0.83277	0.02645
258 G	0.12313	0.85198	0.02488
259 G	0.10074	0.87433	0.02492
260 A	0.08729	0.88857	0.02413
261 A	0.08321	0.89384	0.02296
262 G	0.08044	0.89759	0.02196
263 C	0.07759	0.90238	0.02003
264 A	0.07805	0.90231	0.01964
265 A	0.08344	0.89541	0.02116
266 A	0.09781	0.87607	0.02611
267 A	0.12170	0.83815	0.04016
268 C	0.17729	0.75853	0.06417
269 G	0.21496	0.68650	0.09854
270 A	0.24141	0.65204	0.10654
271 C	0.27584	0.61051	0.11365
272 A	0.33889	0.55874	0.10237
273 A	0.37646	0.53124	0.09229
274 A	0.48661	0.41940	0.09399
275 T	0.54094	0.35896	0.1001
276 A	0.54630	0.35547	0.09823
277 T	0.54522	0.33637	0.1184
278 A	0.48623	0.39991	0.11386
279 T	0.42371	0.44734	0.12895
280 A	0.23240	0.65499	0.1126
281 A	0.15118	0.73520	0.11361
282 G	0.11860	0.75476	0.12664
283 G	0.09727	0.76565	0.13709
284 A	0.08428	0.77583	0.13988
285 A	0.07746	0.77934	0.14321
286 T	0.07880	0.77411	0.14709
287 C	0.07556	0.77539	0.14904
288 A	0.07305	0.78573	0.14122
289 A	0.07186	0.79109	0.13705
290 T	0.07158	0.79203	0.1364
291 T	0.07007	0.79732	0.13261
292 A	0.06832	0.80304	0.12864
293 A	0.06847	0.80069	0.13084
294 A	0.07036	0.79341	0.13624
295 A	0.08139	0.77174	0.14687
296 A	0.09401	0.73818	0.16781
297 T	0.10572	0.70190	0.19237
298 A	0.10852	0.68459	0.20689
299 G	0.11763	0.63868	0.24368
300 T	0.13701	0.59481	0.26818
301 A	0.14864	0.53862	0.31274
302 A	0.15557	0.47747	0.36697
303 T	0.18106	0.29458	0.52437
304 T	0.19011	0.25258	0.5573
305 T	0.18666	0.31655	0.49678
306 A	0.16798	0.40056	0.43146
307 G	0.15364	0.44112	0.40524
308 A	0.14568	0.50410	0.35022
309 T	0.13696	0.53872	0.32433
310 G	0.12738	0.54853	0.3241
311 G	0.12830	0.54839	0.32331
312 T	0.12827	0.55910	0.31263
313 G	0.11853	0.58225	0.29921
314 C	0.11177	0.59550	0.29273
315 A	0.09813	0.65058	0.25129
316 A	0.08995	0.70947	0.20058
317 A	0.07969	0.81354	0.10677
318 A	0.07424	0.84043	0.08534
319 A	0.07104	0.85691	0.07205
320 A	0.06911	0.86284	0.06805
321 A	0.07010	0.86056	0.06935
322 A	0.07545	0.85522	0.06934
323 G	0.08755	0.84233	0.07013
324 A	0.10599	0.82347	0.07054
325 G	0.13380	0.79522	0.07099
326 A	0.16613	0.76318	0.07069
327 A	0.21054	0.71472	0.07474
328 T	0.32272	0.59423	0.08305
329 T	0.38458	0.51716	0.09827
330 A	0.40438	0.48938	0.10624
331 A	0.44501	0.44159	0.1134
332 T	0.47031	0.40689	0.1228
333 T	0.45897	0.41494	0.12609
334 A	0.37389	0.50296	0.12316
335 A	0.34801	0.52644	0.12554
336 T	0.34405	0.52225	0.13369
337 A	0.29351	0.56804	0.13845
338 A	0.30828	0.54230	0.14941
339 A	0.34644	0.49581	0.15775
340 T	0.42782	0.40185	0.17032
341 G	0.43279	0.38869	0.17853
342 T	0.43715	0.37929	0.18356
343 T	0.41916	0.39488	0.18596
344 C	0.38323	0.42955	0.18723
345 C	0.37376	0.43883	0.18741
346 G	0.36036	0.45233	0.18731
347 A	0.35611	0.45701	0.18687
348 T	0.35896	0.45451	0.18652
349 T	0.36002	0.45465	0.18532
350 C	0.34813	0.46757	0.18429
351 A	0.33011	0.48928	0.18061
352 A	0.31588	0.50700	0.17712
353 T	0.31680	0.50598	0.17722
354 T	0.31428	0.50865	0.17708
355 A	0.30520	0.52621	0.16859
356 A	0.30725	0.51004	0.18271
357 T	0.31310	0.41317	0.27372
358 T	0.30237	0.38722	0.31041
359 A	0.27091	0.39896	0.33013
360 T	0.25252	0.37428	0.37321
361 G	0.23826	0.38014	0.38161
362 A	0.23083	0.38638	0.38278
363 T	0.22610	0.38197	0.39193
364 A	0.21377	0.38226	0.40396
365 A	0.20575	0.37883	0.41542
366 T	0.19959	0.36393	0.43648
367 C	0.16365	0.38263	0.45371
368 A	0.13994	0.45447	0.4056
369 A	0.12741	0.54024	0.33235
370 G	0.12447	0.59606	0.27947
371 A	0.12307	0.71015	0.16678
372 T	0.12342	0.75400	0.12258
373 A	0.12316	0.77770	0.09915
374 A	0.12626	0.77543	0.0983
375 A	0.12997	0.76535	0.10468
376 G	0.13259	0.76182	0.10558
377 A	0.13555	0.75886	0.10559
378 A	0.14618	0.73981	0.11401
379 T	0.15736	0.72036	0.12227
380 T	0.16110	0.71245	0.12645
381 A	0.16160	0.70916	0.12924
382 A	0.16491	0.68812	0.14697
383 T	0.16986	0.68162	0.14852
384 A	0.16380	0.69666	0.13954
385 A	0.15897	0.71420	0.12684
386 A	0.15281	0.73556	0.11164
387 A	0.15021	0.74642	0.10336
388 G	0.14902	0.74256	0.10843
389 A	0.15248	0.73411	0.11341
390 A	0.17357	0.67574	0.15069
391 G	0.23958	0.58596	0.17446
392 C	0.33215	0.48096	0.18689
393 G	0.39543	0.41854	0.18603
394 C	0.50178	0.31383	0.18439
395 T	0.54792	0.27500	0.17707
396 T	0.57928	0.26024	0.16048
397 T	0.58613	0.25724	0.15663
398 T	0.58300	0.26192	0.15508
399 A	0.57004	0.27822	0.15173
400 A	0.55557	0.29447	0.14996
401 C	0.53851	0.31101	0.15048
402 A	0.43618	0.41870	0.14512
403 G	0.35188	0.51234	0.13577
404 A	0.25512	0.65326	0.09162
405 A	0.19911	0.72903	0.07186
406 A	0.14754	0.79283	0.05963
407 A	0.13950	0.79421	0.06628
408 A	0.14622	0.77900	0.07478
409 A	0.15717	0.76070	0.08213
410 A	0.16575	0.74998	0.08427
411 T	0.15867	0.75624	0.08509
412 A	0.12633	0.79464	0.07903
413 A	0.10862	0.81419	0.07719
414 A	0.10301	0.81778	0.07921
415 A	0.10234	0.81638	0.08128
416 T	0.10680	0.80645	0.08675
417 T	0.10904	0.79968	0.09128
418 C	0.11259	0.78938	0.09802
419 C	0.12400	0.77509	0.10091
420 T	0.12528	0.77349	0.10122
421 A	0.11612	0.78563	0.09825
422 A	0.11369	0.78563	0.10069
423 T	0.11617	0.77681	0.10701
424 G	0.11562	0.75975	0.12463
425 A	0.11862	0.63852	0.24286
426 A	0.12911	0.53633	0.33456
427 T	0.17584	0.38052	0.44364
428 A	0.19155	0.31727	0.49118
429 T	0.20066	0.25849	0.54085
430 A	0.19297	0.27829	0.52874
431 T	0.19117	0.28036	0.52847
432 A	0.18764	0.29982	0.51255
433 A	0.18986	0.30272	0.50742
434 A	0.19346	0.29543	0.51111
435 T	0.20262	0.26146	0.53592
436 T	0.20573	0.27405	0.52022
437 T	0.20439	0.29719	0.49842
438 T	0.18404	0.37937	0.43659
439 A	0.12459	0.61508	0.26033
440 A	0.10479	0.70439	0.19081
441 A	0.10023	0.75779	0.14198
442 A	0.09947	0.78609	0.11443
443 A	0.10055	0.79697	0.10249
444 T	0.10609	0.78782	0.1061
445 T	0.10762	0.78813	0.10425
446 A	0.10600	0.79367	0.10032
447 T	0.10255	0.79749	0.09996
448 A	0.09607	0.80629	0.09764
449 A	0.09504	0.80716	0.0978
450 A	0.09613	0.80564	0.09824
451 A	0.10507	0.79353	0.10141
452 A	0.12305	0.77131	0.10564
453 T	0.16913	0.71570	0.11518
454 A	0.18239	0.69880	0.11881
455 C	0.20421	0.67249	0.1233
456 T	0.22071	0.65558	0.12371
457 G	0.22762	0.64930	0.12307
458 A	0.24362	0.63577	0.12061
459 T	0.29322	0.58465	0.12213
460 A	0.32508	0.55122	0.12371
461 A	0.39135	0.46182	0.14684
462 T	0.56401	0.23303	0.20296
463 C	0.62412	0.15234	0.22355
464 C	0.66898	0.10449	0.22652
465 T	0.69958	0.07822	0.2222
466 T	0.71135	0.07966	0.209
467 T	0.71043	0.08621	0.20336
468 T	0.69431	0.10676	0.19893
469 T	0.67522	0.12801	0.19678
470 A	0.62011	0.18599	0.1939
471 T	0.57070	0.24482	0.18448
472 A	0.47638	0.34979	0.17383
473 A	0.40031	0.42766	0.17203
474 A	0.31460	0.51741	0.168
475 A	0.26209	0.58170	0.1562
476 T	0.24297	0.60997	0.14706
477 A	0.22335	0.63508	0.14157
478 G	0.21354	0.64857	0.13789
479 A	0.20664	0.65643	0.13693
480 A	0.19982	0.66426	0.13592
481 T	0.19491	0.66997	0.13512
482 T	0.17897	0.68587	0.13516
483 C	0.16938	0.69641	0.1342
484 A	0.16313	0.70887	0.12799
485 A	0.16113	0.71367	0.12519
486 A	0.16080	0.71472	0.12448
487 G	0.16167	0.71413	0.1242
488 A	0.16747	0.70851	0.12401
489 T	0.18476	0.68257	0.13268
490 A	0.19102	0.66445	0.14454
491 T	0.19840	0.62884	0.17276
492 T	0.20097	0.59944	0.1996
493 A	0.20231	0.54553	0.25216
494 A	0.20988	0.48915	0.30096
495 T	0.21980	0.39230	0.3879
496 A	0.22170	0.33884	0.43946
497 A	0.22667	0.26257	0.51076
498 T	0.24015	0.19821	0.56164
499 G	0.24689	0.18041	0.5727
500 A	0.25118	0.17044	0.57837
501 A	0.25160	0.16214	0.58626
502 A	0.25280	0.15124	0.59596
503 T	0.25806	0.13181	0.61012
504 T	0.26031	0.12002	0.61967
505 C	0.25552	0.11648	0.628
506 G	0.25082	0.14890	0.60028
507 T	0.25314	0.21036	0.5365
508 T	0.25005	0.26072	0.48924
509 A	0.24203	0.31500	0.44298
510 T	0.23835	0.33822	0.42343
511 T	0.23514	0.35861	0.40625
512 A	0.23138	0.37625	0.39237
513 T	0.23043	0.37742	0.39214
514 A	0.22785	0.37999	0.39216
515 T	0.22784	0.37901	0.39316
516 A	0.22578	0.38026	0.39395
517 C	0.21663	0.38872	0.39465
518 C	0.20213	0.40645	0.39143
519 T	0.20110	0.41617	0.38273
520 A	0.19128	0.43156	0.37715
521 A	0.18329	0.44416	0.37255
522 T	0.18096	0.44848	0.37055
523 A	0.15614	0.47614	0.36772
524 A	0.13728	0.49353	0.36919
525 A	0.12948	0.50429	0.36624
526 G	0.12722	0.50695	0.36583
527 A	0.13049	0.50285	0.36666
528 A	0.14459	0.48531	0.3701
529 G	0.18793	0.43747	0.37461
530 T	0.27467	0.34758	0.37775
531 T	0.32516	0.29223	0.38261
532 T	0.35168	0.25873	0.38959
533 T	0.35060	0.25773	0.39167
534 C	0.33627	0.27173	0.392
535 G	0.31460	0.30425	0.38115
536 A	0.29273	0.35040	0.35687
537 A	0.28723	0.36562	0.34715
538 A	0.28118	0.38188	0.33694
539 A	0.28038	0.38426	0.33537
540 A	0.27755	0.37267	0.34977
541 T	0.27352	0.35431	0.37216
542 T	0.25092	0.37368	0.3754
543 A	0.21860	0.40136	0.38004
544 A	0.21403	0.40115	0.38482
545 A	0.21270	0.39699	0.39032
546 A	0.21301	0.37225	0.41474
547 G	0.21400	0.35552	0.43048
548 A	0.21785	0.35600	0.42614
549 T	0.21121	0.38094	0.40786
550 A	0.17719	0.46106	0.36175
551 A	0.16590	0.47383	0.36027
552 A	0.15649	0.48208	0.36143
553 T	0.14769	0.48405	0.36826
554 G	0.13141	0.48966	0.37893
555 C	0.12754	0.48369	0.38877
556 G	0.12684	0.48469	0.38846
557 A	0.12950	0.47925	0.39125
558 A	0.13879	0.46029	0.40092
559 T	0.16054	0.42459	0.41487
560 G	0.16075	0.42351	0.41575
561 T	0.16639	0.41224	0.42137
562 A	0.15824	0.41667	0.42508
563 A	0.15073	0.41553	0.43374
564 A	0.14762	0.40611	0.44626
565 T	0.14466	0.37931	0.47603
566 C	0.13955	0.35696	0.50349
567 A	0.13356	0.36599	0.50044
568 A	0.13277	0.37874	0.48848
569 A	0.13261	0.38669	0.4807
570 A	0.13424	0.38645	0.47931
571 A	0.14039	0.37962	0.47999
572 A	0.16211	0.34300	0.49489
573 T	0.20687	0.26122	0.53191
574 A	0.21149	0.24325	0.54527
575 A	0.21692	0.22467	0.55841
576 T	0.22590	0.20309	0.57101
577 T	0.22930	0.18608	0.58462
578 T	0.23061	0.17993	0.58947
579 T	0.22687	0.18323	0.5899
580 A	0.22338	0.18942	0.5872
581 A	0.22109	0.19245	0.58645
582 A	0.22027	0.19154	0.58819
583 T	0.22322	0.18050	0.59628
584 A	0.22302	0.17618	0.60081
585 T	0.22321	0.16507	0.61172
586 G	0.22249	0.15861	0.61891
587 A	0.22182	0.16125	0.61693
588 G	0.21980	0.16008	0.62013
589 G	0.22086	0.15648	0.62266
590 A	0.22688	0.14618	0.62693
591 A	0.24073	0.12953	0.62974
592 T	0.25034	0.11384	0.63581
593 A	0.25358	0.10601	0.64042
594 T	0.25624	0.09708	0.64667
595 G	0.25712	0.09412	0.64876
596 C	0.25846	0.09194	0.64959
597 T	0.26085	0.08980	0.64935
598 A	0.26240	0.08881	0.64879
599 G	0.26391	0.08750	0.64859
600 T	0.26794	0.08385	0.64821
601 G	0.26974	0.08158	0.64868
602 T	0.27430	0.07129	0.65441
603 A	0.27873	0.06271	0.65856
604 T	0.28293	0.05428	0.66279
605 C	0.28497	0.04953	0.6655
606 T	0.28643	0.04769	0.66589
607 A	0.28670	0.04610	0.66719
608 G	0.28766	0.04401	0.66832
609 A	0.29070	0.04037	0.66892
610 A	0.29814	0.03189	0.66996
611 T	0.30365	0.02270	0.67364
612 T	0.30747	0.01739	0.67514
613 A	0.30930	0.01516	0.67553
614 T	0.31111	0.01288	0.67601
615 T	0.31096	0.01273	0.67631
616 G	0.30989	0.01349	0.67662
617 T	0.30966	0.01352	0.67682
618 T	0.30917	0.01365	0.67719
619 G	0.30853	0.01408	0.67739
620 C	0.30861	0.01383	0.67756
621 C	0.30908	0.01330	0.67762
622 C	0.30958	0.01280	0.67762
623 C	0.31043	0.01199	0.67758
624 T	0.31075	0.01185	0.6774
625 T	0.31084	0.01195	0.67721
626 T	0.31075	0.01216	0.67709
627 A	0.31024	0.01276	0.67701
628 T	0.31022	0.01264	0.67714
629 T	0.31001	0.01224	0.67774
630 A	0.30859	0.01311	0.6783
631 T	0.30854	0.01265	0.67881
632 C	0.30768	0.01328	0.67905
633 T	0.30701	0.01395	0.67904
634 A	0.30547	0.01553	0.679
635 T	0.30527	0.01568	0.67905
636 A	0.30503	0.01587	0.6791
637 T	0.30497	0.01584	0.67919
638 A	0.30461	0.01562	0.67977
639 T	0.30436	0.01442	0.68122
640 T	0.30400	0.01404	0.68196
641 C	0.30359	0.01374	0.68267
642 A	0.30331	0.01364	0.68305
643 G	0.30320	0.01341	0.68339
644 T	0.30321	0.01317	0.68363
645 T	0.30314	0.01305	0.68381
646 G	0.30308	0.01305	0.68387
647 T	0.30326	0.01243	0.6843
648 T	0.30333	0.01209	0.68458
649 T	0.30322	0.01190	0.68488
650 T	0.30290	0.01163	0.68547
651 T	0.30237	0.01195	0.68569
652 A	0.30182	0.01205	0.68613
653 T	0.30165	0.01069	0.68766
654 G	0.30143	0.01028	0.68829
655 T	0.30134	0.00960	0.68906
656 T	0.30125	0.00912	0.68964
657 T	0.30083	0.00882	0.69035
658 T	0.30012	0.01073	0.68914
659 A	0.29556	0.01782	0.68663
660 T	0.29300	0.02109	0.68592
661 A	0.29168	0.02324	0.68508
662 T	0.29076	0.02486	0.68437
663 T	0.28918	0.02708	0.68374
664 G	0.28770	0.02976	0.68255
665 T	0.28677	0.03301	0.68021
666 A	0.28378	0.04063	0.67559
667 A	0.28258	0.04617	0.67125
668 A	0.28215	0.04884	0.66901
669 T	0.28115	0.05221	0.66665
670 A	0.27914	0.05865	0.66221
671 A	0.27803	0.06365	0.65831
672 T	0.27793	0.06405	0.65802
673 A	0.27751	0.06459	0.6579
674 T	0.27741	0.06427	0.65832
675 T	0.27695	0.06457	0.65848
676 C	0.27564	0.06633	0.65802
677 A	0.27413	0.07001	0.65586
678 A	0.27359	0.07180	0.65461
679 A	0.27365	0.07183	0.65452
680 A	0.27415	0.07100	0.65485
681 A	0.27584	0.06874	0.65543
682 T	0.27871	0.06032	0.66097
683 C	0.27954	0.05595	0.66451
684 A	0.28049	0.05386	0.66566
685 T	0.28171	0.05233	0.66595
686 C	0.28251	0.05114	0.66635
687 A	0.28367	0.05118	0.66514
688 G	0.28598	0.04907	0.66494
689 G	0.29040	0.04265	0.66694
690 T	0.29453	0.03775	0.66772
691 A	0.29648	0.03583	0.66769
692 A	0.29826	0.03303	0.66871
693 A	0.30190	0.02730	0.67079
694 C	0.30562	0.02189	0.67249
695 T	0.30652	0.02049	0.67299
696 T	0.30706	0.01946	0.67348
697 A	0.30716	0.01897	0.67387
698 A	0.30748	0.01818	0.67434
699 C	0.30806	0.01654	0.67541
700 T	0.30980	0.01349	0.67672
701 C	0.31044	0.01214	0.67743
702 T	0.31032	0.01215	0.67752
703 A	0.30948	0.01301	0.6775
704 A	0.30888	0.01363	0.6775
705 C	0.30832	0.01395	0.67773
706 C	0.30800	0.01415	0.67784
707 C	0.30694	0.01509	0.67797
708 T	0.30694	0.01544	0.67762
709 C	0.30700	0.01600	0.677
710 T	0.30747	0.01672	0.6758
711 T	0.30671	0.01903	0.67426
712 A	0.30535	0.02062	0.67402
713 T	0.30500	0.02090	0.6741
714 A	0.30355	0.02232	0.67412
715 T	0.30310	0.02189	0.67501
716 C	0.30178	0.02241	0.67581
717 T	0.29978	0.02424	0.67598
718 T	0.29725	0.02686	0.6759
719 C	0.29280	0.03144	0.67577
720 G	0.28897	0.03532	0.67571
721 A	0.28727	0.03708	0.67565
722 A	0.28656	0.03768	0.67575
723 A	0.28560	0.03845	0.67595
724 C	0.28473	0.03910	0.67617
725 A	0.28311	0.04112	0.67577
726 A	0.28254	0.04161	0.67585
727 A	0.28025	0.04350	0.67625
728 A	0.27940	0.04386	0.67675
729 A	0.27903	0.04379	0.67718
730 T	0.27921	0.04071	0.68008
731 C	0.27920	0.03887	0.68193
732 T	0.27961	0.03779	0.6826
733 A	0.28023	0.03702	0.68274
734 T	0.28154	0.03494	0.68352
735 T	0.28155	0.03437	0.68408
736 T	0.28143	0.03409	0.68448
737 T	0.28129	0.03188	0.68683
738 T	0.27977	0.03185	0.68837
739 A	0.27668	0.03321	0.6901
740 C	0.27580	0.03096	0.69325
741 T	0.27527	0.02988	0.69486
742 T	0.27387	0.02894	0.69719
743 T	0.27102	0.03025	0.69873
744 C	0.26580	0.03514	0.69906
745 A	0.25420	0.04778	0.69802
746 A	0.24896	0.05324	0.69779
747 A	0.24668	0.05510	0.69823
748 G	0.24607	0.05433	0.69959
749 A	0.24601	0.05427	0.69972
750 T	0.24563	0.05164	0.70273
751 G	0.24399	0.05167	0.70435
752 T	0.24321	0.05135	0.70544
753 T	0.24163	0.05202	0.70635
754 G	0.23687	0.05629	0.70684
755 C	0.23382	0.05918	0.70701
756 T	0.23127	0.06262	0.7061
757 G	0.22333	0.07218	0.70449
758 G	0.21619	0.07971	0.7041
759 T	0.20125	0.09571	0.70304
760 A	0.17745	0.12025	0.70231
761 A	0.16548	0.13105	0.70347
762 C	0.14896	0.14405	0.70698
763 G	0.13172	0.16159	0.70669
764 A	0.11311	0.18280	0.70408
765 A	0.09592	0.20287	0.70121
766 G	0.08213	0.22128	0.69658
767 A	0.07000	0.24133	0.68866
768 A	0.06101	0.24442	0.69457
769 G	0.05351	0.24986	0.69663
770 A	0.04463	0.26243	0.69294
771 A	0.03834	0.27546	0.6862
772 A	0.03499	0.28289	0.68213
773 A	0.03272	0.28619	0.68109
774 A	0.03073	0.28744	0.68182
775 G	0.02880	0.28891	0.68229
776 A	0.02766	0.28896	0.68338
777 A	0.02711	0.28550	0.68739
778 G	0.02700	0.28204	0.69095
779 A	0.02770	0.27831	0.69399
780 A	0.02897	0.26937	0.70167
781 A	0.02971	0.25994	0.71035
782 T	0.03110	0.23885	0.73005
783 G	0.03177	0.21691	0.75132
784 A	0.03252	0.20658	0.7609
785 A	0.03330	0.19267	0.77404
786 A	0.03484	0.17726	0.7879
787 G	0.03785	0.15526	0.80688
788 A	0.04222	0.13722	0.82056
789 A	0.05085	0.11788	0.83127
790 T	0.06433	0.09278	0.84288
791 T	0.07030	0.07945	0.85025
792 A	0.07326	0.07238	0.85435
793 A	0.07803	0.05989	0.86208
794 T	0.08429	0.05073	0.86498
795 T	0.08751	0.05257	0.85992
796 G	0.08778	0.08092	0.8313
797 A	0.08643	0.09355	0.82002
798 T	0.08742	0.09398	0.8186
799 T	0.08567	0.10036	0.81396
800 T	0.08098	0.11004	0.80898
801 C	0.06622	0.13036	0.80342
802 T	0.05854	0.16132	0.78014
803 T	0.05193	0.18266	0.7654
804 A	0.04235	0.20292	0.75473
805 A	0.03803	0.21278	0.74919
806 A	0.03546	0.21697	0.74757
807 A	0.03361	0.21875	0.74764
808 A	0.03333	0.21871	0.74796
809 G	0.03481	0.21687	0.74833
810 A	0.03568	0.21586	0.74846
811 C	0.03985	0.21152	0.74863
812 C	0.04351	0.20783	0.74866
813 T	0.04577	0.20561	0.74862
814 C	0.04653	0.20490	0.74857
815 A	0.04768	0.20385	0.74847
816 A	0.04937	0.20226	0.74837
817 A	0.05358	0.19811	0.74831
818 A	0.06206	0.18949	0.74845
819 A	0.09294	0.15785	0.74921
820 T	0.11120	0.13371	0.75509
821 A	0.11562	0.12659	0.75779
822 T	0.12519	0.11121	0.76361
823 A	0.13171	0.09845	0.76984
824 C	0.13912	0.07250	0.78838
825 T	0.16155	0.04299	0.79545
826 T	0.17171	0.02747	0.80081
827 C	0.17487	0.02136	0.80377
828 T	0.16972	0.03230	0.79799
829 A	0.15226	0.06108	0.78666
830 T	0.13478	0.08000	0.78523
831 A	0.07831	0.14014	0.78156
832 G	0.05785	0.16057	0.78157
833 G	0.05042	0.16716	0.78242
834 A	0.04495	0.17230	0.78275
835 G	0.04262	0.17399	0.7834
836 C	0.04066	0.17566	0.78369
837 T	0.03920	0.17723	0.78357
838 A	0.03752	0.17911	0.78337
839 A	0.03654	0.18011	0.78335
840 A	0.03632	0.18017	0.78351
841 A	0.03631	0.18000	0.78368
842 T	0.03637	0.17894	0.78469
843 A	0.03623	0.17843	0.78534
844 C	0.03613	0.17738	0.78649
845 C	0.03610	0.17720	0.7867
846 T	0.03610	0.17711	0.78678
847 A	0.03606	0.17713	0.7868
848 A	0.03617	0.17685	0.78698
849 A	0.03680	0.17587	0.78733
850 G	0.03893	0.17077	0.7903
851 G	0.04660	0.14565	0.80774
852 T	0.05907	0.11032	0.83061
853 A	0.06179	0.08847	0.84974
854 T	0.06512	0.03926	0.89561
855 T	0.06579	0.02306	0.91115
856 T	0.06631	0.01648	0.91721
857 T	0.06638	0.01299	0.92062
858 A	0.06583	0.01496	0.91921
859 T	0.06575	0.01565	0.91861
860 T	0.06495	0.02174	0.91331
861 A	0.05925	0.03773	0.90302
862 G	0.04956	0.05598	0.89446
863 A	0.03785	0.07402	0.88813
864 A	0.02905	0.08329	0.88766
865 G	0.02738	0.08487	0.88775
866 G	0.02672	0.08537	0.88791
867 C	0.02657	0.08536	0.88807
868 C	0.02651	0.08538	0.88812
869 C	0.02648	0.08541	0.88812
870 T	0.02627	0.08562	0.88811
871 C	0.02559	0.08630	0.8881
872 C	0.02472	0.08718	0.88809
873 T	0.02410	0.08792	0.88797
874 G	0.02360	0.08844	0.88796
875 G	0.02339	0.08868	0.88793
876 A	0.02323	0.08891	0.88787
877 A	0.02317	0.08897	0.88785
878 C	0.02338	0.08843	0.88818
879 A	0.02335	0.08853	0.88811
880 G	0.02490	0.08686	0.88824
881 G	0.02844	0.08292	0.88864
882 A	0.03146	0.07978	0.88876
883 A	0.03769	0.07284	0.88947
884 A	0.04799	0.05629	0.89572
885 A	0.05663	0.03808	0.90528
886 A	0.06265	0.02039	0.91696
887 C	0.06381	0.01063	0.92555
888 T	0.06433	0.00885	0.92682
889 T	0.06442	0.00839	0.92719
890 T	0.06416	0.00864	0.9272
891 A	0.06251	0.01040	0.9271
892 T	0.06096	0.01181	0.92723
893 T	0.05818	0.01406	0.92776
894 A	0.05354	0.01799	0.92847
895 G	0.05117	0.01949	0.92934
896 C	0.04880	0.02156	0.92964
897 G	0.04649	0.02446	0.92906
898 A	0.04541	0.02597	0.92862
899 A	0.04523	0.02631	0.92846
900 A	0.04489	0.02679	0.92831
901 G	0.04480	0.02681	0.92839
902 C	0.04485	0.02589	0.92927
903 T	0.04495	0.02577	0.92927
904 T	0.04497	0.02569	0.92935
905 T	0.04488	0.02571	0.92941
906 A	0.04470	0.02586	0.92944
907 G	0.04464	0.02583	0.92953
908 C	0.04453	0.02562	0.92984
909 T	0.04425	0.02584	0.92991
910 G	0.04346	0.02656	0.92998
911 G	0.04294	0.02700	0.93006
912 A	0.04252	0.02734	0.93014
913 G	0.04246	0.02705	0.93049
914 A	0.04255	0.02468	0.93277
915 A	0.04256	0.02197	0.93547
916 G	0.04266	0.01796	0.93939
917 C	0.04285	0.01338	0.94377
918 A	0.04302	0.01207	0.94491
919 A	0.04342	0.01028	0.94629
920 A	0.04426	0.00792	0.94782
921 T	0.04491	0.00635	0.94873
922 G	0.04519	0.00581	0.949
923 T	0.04554	0.00480	0.94966
924 A	0.04565	0.00433	0.95002
925 C	0.04573	0.00376	0.9505
926 C	0.04592	0.00344	0.95064
927 T	0.04605	0.00327	0.95068
928 T	0.04611	0.00317	0.95073
929 T	0.04615	0.00309	0.95077
930 T	0.04608	0.00314	0.95078
931 T	0.04592	0.00317	0.95092
932 A	0.04570	0.00297	0.95133
933 T	0.04556	0.00225	0.9522
934 G	0.04541	0.00182	0.95277
935 C	0.04532	0.00144	0.95323
936 T	0.04524	0.00144	0.95332
937 G	0.04508	0.00155	0.95337
938 T	0.04498	0.00163	0.95339
939 A	0.04469	0.00191	0.9534
940 G	0.04456	0.00203	0.9534
941 C	0.04453	0.00202	0.95346
942 T	0.04454	0.00201	0.95346
943 G	0.04451	0.00204	0.95346
944 G	0.04450	0.00204	0.95346
945 T	0.04449	0.00205	0.95346
946 T	0.04446	0.00207	0.95346
947 C	0.04444	0.00208	0.95348
948 T	0.04442	0.00209	0.95349
949 G	0.04441	0.00212	0.95348
950 A	0.04441	0.00213	0.95346
951 A	0.04442	0.00212	0.95346
952 T	0.04445	0.00207	0.95348
953 T	0.04446	0.00192	0.95361
954 T	0.04446	0.00173	0.95381
955 G	0.04444	0.00153	0.95403
956 T	0.04443	0.00140	0.95416
957 T	0.04441	0.00132	0.95427
958 G	0.04434	0.00137	0.95429
959 A	0.04430	0.00137	0.95433
960 A	0.04427	0.00128	0.95444
961 A	0.04426	0.00119	0.95455
962 G	0.04426	0.00092	0.95482
963 G	0.04426	0.00080	0.95494
964 T	0.04427	0.00076	0.95498
965 A	0.04427	0.00072	0.95501
966 T	0.04427	0.00068	0.95504
967 G	0.04426	0.00067	0.95506
968 T	0.04425	0.00066	0.95509
969 C	0.04420	0.00067	0.95512
970 G	0.04418	0.00069	0.95514
971 G	0.04415	0.00071	0.95514
972 C	0.04413	0.00072	0.95515
973 G	0.04409	0.00076	0.95515
974 T	0.04406	0.00080	0.95514
975 C	0.04398	0.00088	0.95514
976 G	0.04392	0.00094	0.95514
977 G	0.04390	0.00096	0.95515
978 T	0.04391	0.00092	0.95517
979 G	0.04391	0.00090	0.95519
980 C	0.04394	0.00084	0.95522
981 T	0.04400	0.00072	0.95528
982 T	0.04399	0.00069	0.95532
983 C	0.04391	0.00076	0.95534
984 T	0.04379	0.00086	0.95534
985 C	0.04360	0.00106	0.95534
986 G	0.04341	0.00126	0.95533
987 T	0.04327	0.00143	0.9553
988 G	0.04307	0.00166	0.95526
989 T	0.04296	0.00178	0.95526
990 T	0.04267	0.00209	0.95524
991 A	0.04206	0.00276	0.95518
992 G	0.04179	0.00304	0.95517
993 A	0.04154	0.00336	0.9551
994 A	0.04137	0.00370	0.95492
995 A	0.04129	0.00385	0.95486
996 A	0.04123	0.00395	0.95482
997 T	0.04118	0.00402	0.9548
998 T	0.04116	0.00405	0.95479
999 A	0.04108	0.00424	0.95468
1000 T	0.04105	0.00438	0.95457
1001 T	0.04102	0.00451	0.95447
1002 T	0.04097	0.00468	0.95435
1003 A	0.04089	0.00497	0.95414
1004 A	0.04084	0.00510	0.95405
1005 A	0.04078	0.00516	0.95407
1006 G	0.04075	0.00507	0.95418
1007 A	0.04072	0.00498	0.9543
1008 A	0.04068	0.00478	0.95453
1009 G	0.04068	0.00446	0.95487
1010 C	0.04069	0.00415	0.95516
1011 T	0.04073	0.00407	0.95521
1012 A	0.04071	0.00409	0.9552
1013 A	0.04071	0.00396	0.95532
1014 G	0.04076	0.00353	0.95571
1015 G	0.04081	0.00333	0.95586
1016 A	0.04091	0.00299	0.9561
1017 T	0.04112	0.00259	0.9563
1018 A	0.04119	0.00242	0.95639
1019 A	0.04128	0.00223	0.95649
1020 C	0.04136	0.00204	0.9566
1021 G	0.04144	0.00191	0.95666
1022 C	0.04162	0.00164	0.95674
1023 T	0.04181	0.00142	0.95677
1024 C	0.04191	0.00130	0.95679
1025 C	0.04203	0.00118	0.95679
1026 T	0.04220	0.00097	0.95682
1027 T	0.04222	0.00094	0.95684
1028 G	0.04202	0.00109	0.95689
1029 C	0.04192	0.00116	0.95692
1030 G	0.04184	0.00122	0.95694
1031 T	0.04183	0.00117	0.957
1032 G	0.04177	0.00119	0.95703
1033 C	0.04178	0.00116	0.95705
1034 T	0.04186	0.00109	0.95706
1035 T	0.04190	0.00102	0.95709
1036 T	0.04187	0.00103	0.9571
1037 T	0.04180	0.00109	0.9571
1038 T	0.04167	0.00122	0.95711
1039 A	0.04134	0.00154	0.95712
1040 T	0.04115	0.00170	0.95715
1041 T	0.04066	0.00216	0.95718
1042 G	0.03986	0.00295	0.95719
1043 A	0.03879	0.00402	0.95719
1044 C	0.03740	0.00539	0.95721
1045 G	0.03649	0.00632	0.9572
1046 A	0.03542	0.00741	0.95716
1047 A	0.03449	0.00839	0.95713
1048 A	0.03391	0.00899	0.95709
1049 T	0.03347	0.00946	0.95707
1050 A	0.03298	0.00994	0.95708
1051 G	0.03276	0.00999	0.95725
1052 A	0.03268	0.00998	0.95733
1053 T	0.03264	0.00994	0.95742
1054 G	0.03257	0.01001	0.95742
1055 T	0.03254	0.01000	0.95745
1056 T	0.03246	0.01006	0.95748
1057 T	0.03229	0.01020	0.95751
1058 T	0.03207	0.01038	0.95755
1059 A	0.03163	0.01075	0.95762
1060 G	0.03150	0.01073	0.95777
1061 G	0.03141	0.01056	0.95802
1062 T	0.03135	0.01023	0.95842
1063 G	0.03125	0.01008	0.95867
1064 G	0.03119	0.00980	0.95901
1065 A	0.03101	0.00969	0.9593
1066 A	0.03093	0.00906	0.96001
1067 A	0.03086	0.00797	0.96118
1068 A	0.03083	0.00720	0.96197
1069 A	0.03085	0.00612	0.96303
1070 G	0.03088	0.00507	0.96405
1071 A	0.03092	0.00442	0.96466
1072 G	0.03097	0.00374	0.96529
1073 G	0.03104	0.00328	0.96568
1074 T	0.03112	0.00300	0.96588
1075 G	0.03116	0.00295	0.96589
1076 G	0.03119	0.00299	0.96581
1077 T	0.03125	0.00306	0.96569
1078 T	0.03127	0.00307	0.96566
1079 T	0.03123	0.00320	0.96556
1080 T	0.03114	0.00348	0.96539
1081 T	0.03081	0.00416	0.96504
1082 C	0.03019	0.00486	0.96494
1083 A	0.02976	0.00634	0.9639
1084 G	0.02927	0.00778	0.96295
1085 G	0.02892	0.00925	0.96183
1086 A	0.02869	0.01107	0.96025
1087 G	0.02869	0.01130	0.96
1088 G	0.02883	0.01117	0.95999
1089 A	0.02892	0.01103	0.96005
1090 T	0.02902	0.01087	0.96011
1091 C	0.02902	0.01086	0.96013
1092 T	0.02891	0.01104	0.96005
1093 C	0.02849	0.01167	0.95985
1094 A	0.02806	0.01255	0.95939
1095 A	0.02790	0.01311	0.95899
1096 G	0.02774	0.01371	0.95855
1097 A	0.02763	0.01440	0.95797
1098 A	0.02763	0.01473	0.95763
1099 A	0.02775	0.01477	0.95748
1100 A	0.02790	0.01476	0.95734
1101 A	0.02804	0.01455	0.95741
1102 G	0.02834	0.01405	0.95761
1103 A	0.02881	0.01332	0.95788
1104 T	0.02948	0.01219	0.95833
1105 C	0.02983	0.01127	0.9589
1106 A	0.03062	0.01028	0.9591
1107 A	0.03144	0.00918	0.95938
1108 A	0.03245	0.00793	0.95962
1109 C	0.03385	0.00632	0.95984
1110 T	0.03400	0.00625	0.95974
1111 T	0.03387	0.00651	0.95963
1112 T	0.03342	0.00730	0.95928
1113 A	0.03265	0.00821	0.95914
1114 A	0.03197	0.00905	0.95898
1115 A	0.03160	0.00926	0.95914
1116 T	0.03172	0.00863	0.95964
1117 C	0.03193	0.00798	0.96008
1118 A	0.03214	0.00776	0.9601
1119 A	0.03254	0.00730	0.96017
1120 C	0.03304	0.00671	0.96024
1121 T	0.03333	0.00644	0.96023
1122 A	0.03343	0.00634	0.96022
1123 T	0.03359	0.00608	0.96033
1124 T	0.03360	0.00602	0.96038
1125 A	0.03359	0.00601	0.9604
1126 A	0.03359	0.00583	0.96058
1127 C	0.03361	0.00562	0.96077
1128 T	0.03361	0.00553	0.96085
1129 G	0.03362	0.00547	0.96091
1130 A	0.03364	0.00543	0.96093
1131 A	0.03367	0.00537	0.96096
1132 A	0.03371	0.00528	0.96101
1133 T	0.03387	0.00463	0.9615
1134 G	0.03402	0.00398	0.96199
1135 G	0.03434	0.00314	0.96253
1136 A	0.03448	0.00253	0.96298
1137 T	0.03468	0.00186	0.96346
1138 G	0.03473	0.00155	0.96373
1139 G	0.03478	0.00144	0.96378
1140 T	0.03484	0.00138	0.96378
1141 T	0.03491	0.00121	0.96388
1142 T	0.03494	0.00115	0.96391
1143 T	0.03494	0.00114	0.96392
1144 T	0.03494	0.00112	0.96394
1145 C	0.03490	0.00114	0.96397
1146 T	0.03486	0.00118	0.96396
1147 T	0.03481	0.00122	0.96396
1148 C	0.03476	0.00126	0.96398
1149 G	0.03472	0.00131	0.96397
1150 T	0.03469	0.00135	0.96396
1151 C	0.03461	0.00144	0.96394
1152 T	0.03457	0.00156	0.96388
1153 A	0.03452	0.00169	0.96379
1154 A	0.03450	0.00173	0.96377
1155 A	0.03449	0.00177	0.96375
1156 G	0.03449	0.00178	0.96374
1157 G	0.03452	0.00173	0.96374
1158 A	0.03462	0.00164	0.96374
1159 A	0.03477	0.00151	0.96372
1160 T	0.03499	0.00128	0.96373
1161 T	0.03512	0.00117	0.96372
1162 A	0.03516	0.00118	0.96366
1163 T	0.03523	0.00117	0.96361
1164 T	0.03522	0.00129	0.9635
1165 A	0.03520	0.00141	0.96339
1166 T	0.03520	0.00143	0.96338
1167 T	0.03517	0.00148	0.96335
1168 G	0.03506	0.00164	0.96331
1169 T	0.03498	0.00174	0.96329
1170 T	0.03475	0.00202	0.96322
1171 G	0.03447	0.00228	0.96326
1172 G	0.03441	0.00232	0.96327
1173 A	0.03438	0.00233	0.96329
1174 G	0.03439	0.00225	0.96336
1175 C	0.03446	0.00214	0.96341
1176 T	0.03454	0.00204	0.96342
1177 A	0.03451	0.00209	0.9634
1178 C	0.03452	0.00209	0.96339
1179 T	0.03452	0.00218	0.9633
1180 A	0.03451	0.00231	0.96319
1181 A	0.03451	0.00240	0.96309
1182 T	0.03454	0.00244	0.96302
1183 A	0.03454	0.00258	0.96289
1184 G	0.03456	0.00258	0.96286
1185 A	0.03462	0.00254	0.96285
1186 G	0.03470	0.00245	0.96284
1187 T	0.03486	0.00229	0.96286
1188 T	0.03498	0.00214	0.96288
1189 G	0.03500	0.00210	0.9629
1190 A	0.03505	0.00201	0.96293
1191 T	0.03513	0.00181	0.96306
1192 A	0.03516	0.00168	0.96316
1193 T	0.03523	0.00139	0.96338
1194 C	0.03524	0.00118	0.96359
1195 T	0.03524	0.00118	0.96358
1196 T	0.03523	0.00125	0.96352
1197 A	0.03519	0.00142	0.96339
1198 G	0.03517	0.00146	0.96336
1199 A	0.03516	0.00152	0.96332
1200 T	0.03504	0.00163	0.96334
1201 G	0.03481	0.00184	0.96335
1202 C	0.03474	0.00191	0.96335
1203 A	0.03473	0.00196	0.96332
1204 G	0.03479	0.00191	0.9633
1205 C	0.03484	0.00187	0.96328
1206 T	0.03499	0.00181	0.9632
1207 T	0.03502	0.00194	0.96304
1208 T	0.03501	0.00209	0.9629
1209 A	0.03489	0.00244	0.96267
1210 T	0.03480	0.00277	0.96242
1211 T	0.03460	0.00330	0.96209
1212 A	0.03387	0.00414	0.96199
1213 A	0.03349	0.00452	0.96198
1214 G	0.03335	0.00466	0.96199
1215 A	0.03322	0.00478	0.962
1216 C	0.03314	0.00483	0.96203
1217 C	0.03310	0.00486	0.96203
1218 A	0.03310	0.00490	0.962
1219 G	0.03299	0.00502	0.96198
1220 G	0.03296	0.00510	0.96194
1221 A	0.03295	0.00524	0.96181
1222 A	0.03298	0.00524	0.96177
1223 G	0.03302	0.00505	0.96193
1224 A	0.03305	0.00487	0.96208
1225 T	0.03311	0.00471	0.96218
1226 T	0.03317	0.00460	0.96222
1227 T	0.03319	0.00465	0.96216
1228 G	0.03318	0.00475	0.96208
1229 A	0.03322	0.00480	0.96198
1230 T	0.03336	0.00468	0.96196
1231 A	0.03346	0.00459	0.96195
1232 G	0.03365	0.00424	0.96211
1233 A	0.03390	0.00392	0.96217
1234 A	0.03420	0.00343	0.96237
1235 T	0.03433	0.00261	0.96306
1236 C	0.03434	0.00226	0.96341
1237 T	0.03434	0.00222	0.96344
1238 T	0.03432	0.00223	0.96345
1239 T	0.03418	0.00241	0.96341
1240 A	0.03383	0.00282	0.96336
1241 A	0.03360	0.00306	0.96334
1242 A	0.03347	0.00305	0.96348
1243 G	0.03335	0.00308	0.96357
1244 T	0.03332	0.00324	0.96343
1245 A	0.03324	0.00354	0.96322
1246 G	0.03326	0.00376	0.96297
1247 G	0.03334	0.00390	0.96276
1248 T	0.03348	0.00383	0.9627
1249 T	0.03354	0.00379	0.96268
1250 T	0.03334	0.00401	0.96264
1251 A	0.03311	0.00428	0.96261
1252 C	0.03310	0.00434	0.96257
1253 C	0.03304	0.00449	0.96248
1254 A	0.03294	0.00500	0.96207
1255 G	0.03290	0.00522	0.96188
1256 A	0.03295	0.00531	0.96174
1257 T	0.03300	0.00533	0.96168
1258 G	0.03297	0.00540	0.96163
1259 T	0.03297	0.00541	0.96163
1260 T	0.03283	0.00558	0.96159
1261 A	0.03253	0.00599	0.96147
1262 A	0.03223	0.00635	0.96142
1263 A	0.03194	0.00636	0.96171
1264 G	0.03180	0.00628	0.96193
1265 G	0.03176	0.00618	0.96206
1266 A	0.03181	0.00600	0.96219
1267 C	0.03197	0.00566	0.96237
1268 G	0.03217	0.00540	0.96243
1269 T	0.03244	0.00518	0.96237
1270 G	0.03261	0.00502	0.96236
1271 A	0.03268	0.00497	0.96236
1272 A	0.03274	0.00490	0.96237
1273 G	0.03283	0.00441	0.96276
1274 C	0.03299	0.00398	0.96303
1275 T	0.03319	0.00381	0.963
1276 A	0.03331	0.00386	0.96284
1277 T	0.03368	0.00350	0.96281
1278 T	0.03382	0.00356	0.96262
1279 T	0.03384	0.00398	0.96218
1280 T	0.03373	0.00493	0.96135
1281 A	0.03329	0.00656	0.96016
1282 A	0.03303	0.00892	0.95805
1283 A	0.03293	0.00959	0.95749
1284 A	0.03290	0.00943	0.95767
1285 G	0.03300	0.00909	0.95791
1286 T	0.03305	0.00872	0.95823
1287 T	0.03302	0.00865	0.95833
1288 C	0.03298	0.00863	0.95838
1289 A	0.03296	0.00874	0.95831
1290 T	0.03298	0.00871	0.95831
1291 G	0.03300	0.00868	0.95832
1292 C	0.03306	0.00864	0.9583
1293 T	0.03308	0.00878	0.95813
1294 C	0.03307	0.00904	0.95788
1295 G	0.03307	0.00953	0.95741
1296 T	0.03303	0.01042	0.95654
1297 A	0.03294	0.01163	0.95544
1298 A	0.03298	0.01210	0.95493
1299 T	0.03316	0.01246	0.95437
1300 A	0.03314	0.01430	0.95256
1301 A	0.03336	0.01475	0.95189
1302 A	0.03382	0.01449	0.95168
1303 A	0.03472	0.01369	0.95159
1304 A	0.03590	0.01220	0.9519
1305 T	0.03816	0.00976	0.95209
1306 A	0.03876	0.00904	0.9522
1307 T	0.03893	0.00868	0.9524
1308 T	0.03901	0.00850	0.95249
1309 T	0.03905	0.00842	0.95253
1310 C	0.03906	0.00835	0.95258
1311 A	0.03908	0.00833	0.95259
1312 T	0.03917	0.00821	0.95262
1313 C	0.03916	0.00823	0.95262
1314 T	0.03919	0.00825	0.95256
1315 G	0.03930	0.00820	0.9525
1316 A	0.03964	0.00797	0.9524
1317 T	0.04011	0.00759	0.9523
1318 A	0.04058	0.00742	0.952
1319 T	0.04147	0.00663	0.9519
1320 T	0.04249	0.00573	0.95179
1321 A	0.04281	0.00578	0.95141
1322 A	0.04322	0.00568	0.9511
1323 T	0.04514	0.00367	0.95118
1324 T	0.04579	0.00310	0.95111
1325 T	0.04589	0.00305	0.95106
1326 T	0.04591	0.00303	0.95105
1327 C	0.04582	0.00314	0.95104
1328 A	0.04571	0.00332	0.95097
