# lcl|CP097583.1_cds_USQ93547.1_1
# AA	inside	membr	outside
1 A	0.17164	0.00000	0.82836
2 T	0.16908	0.00256	0.82836
3 G	0.16756	0.00408	0.82836
4 A	0.16756	0.00940	0.82305
5 A	0.15320	0.02802	0.81878
6 T	0.15320	0.02832	0.81848
7 A	0.11608	0.06553	0.81839
8 A	0.11608	0.06554	0.81838
9 A	0.11389	0.06780	0.81831
10 T	0.11389	0.06995	0.81617
11 A	0.11322	0.07094	0.81584
12 T	0.10770	0.07668	0.81562
13 A	0.09317	0.09199	0.81485
14 A	0.09316	0.09199	0.81485
15 A	0.09316	0.09367	0.81316
16 A	0.09308	0.09376	0.81316
17 A	0.09304	0.09381	0.81315
18 A	0.09304	0.09383	0.81313
19 A	0.09310	0.09377	0.81313
20 T	0.09338	0.09337	0.81325
21 T	0.09361	0.09288	0.81351
22 T	0.09516	0.09080	0.81405
23 T	0.09650	0.08832	0.81518
24 T	0.09756	0.08659	0.81585
25 T	0.09784	0.08086	0.82129
26 T	0.09779	0.07848	0.82373
27 A	0.09880	0.07312	0.82807
28 T	0.10135	0.05869	0.83996
29 T	0.10114	0.05630	0.84256
30 A	0.10040	0.03314	0.86646
31 G	0.10018	0.03102	0.86879
32 T	0.10035	0.02744	0.8722
33 G	0.10182	0.02341	0.87477
34 G	0.10215	0.02193	0.87591
35 T	0.10309	0.01697	0.87993
36 T	0.10374	0.00775	0.8885
37 T	0.10373	0.00762	0.88865
38 G	0.10425	0.00706	0.88869
39 C	0.10409	0.00741	0.88851
40 A	0.10404	0.00764	0.88831
41 T	0.10404	0.00783	0.88813
42 T	0.10394	0.00831	0.88775
43 A	0.10388	0.00859	0.88753
44 T	0.10377	0.00936	0.88687
45 A	0.10360	0.00981	0.88658
46 A	0.10362	0.00980	0.88658
47 T	0.10385	0.00948	0.88666
48 A	0.10401	0.00921	0.88678
49 T	0.10447	0.00843	0.8871
50 T	0.10491	0.00751	0.88758
51 T	0.10510	0.00706	0.88783
52 T	0.10522	0.00662	0.88816
53 T	0.10528	0.00600	0.88872
54 T	0.10526	0.00582	0.88891
55 T	0.10521	0.00582	0.88896
56 T	0.10509	0.00584	0.88906
57 A	0.10498	0.00590	0.88912
58 T	0.10497	0.00585	0.88918
59 T	0.10495	0.00582	0.88923
60 A	0.10490	0.00582	0.88927
61 T	0.10498	0.00561	0.88941
62 T	0.10525	0.00522	0.88953
63 A	0.10530	0.00516	0.88954
64 T	0.10549	0.00495	0.88956
65 G	0.10572	0.00461	0.88967
66 T	0.10594	0.00431	0.88975
67 T	0.10639	0.00388	0.88972
68 T	0.10643	0.00392	0.88966
69 G	0.10622	0.00427	0.88951
70 A	0.10626	0.00449	0.88925
71 T	0.10632	0.00450	0.88917
72 T	0.10635	0.00465	0.889
73 T	0.10636	0.00495	0.88869
74 A	0.10625	0.00583	0.88791
75 T	0.10612	0.00674	0.88714
76 T	0.10559	0.00779	0.88662
77 T	0.10460	0.00905	0.88635
78 T	0.10296	0.01095	0.88609
79 T	0.10024	0.01392	0.88584
80 G	0.09395	0.02050	0.88555
81 G	0.08788	0.02724	0.88488
82 A	0.08302	0.03368	0.8833
83 A	0.08135	0.03618	0.88247
84 T	0.07994	0.03874	0.88132
85 A	0.07625	0.04495	0.87879
86 A	0.07306	0.05003	0.87691
87 T	0.07187	0.05298	0.87516
88 A	0.06966	0.05600	0.87434
89 A	0.06896	0.05694	0.87411
90 A	0.06873	0.05713	0.87413
91 T	0.06875	0.05690	0.87435
92 C	0.06827	0.05716	0.87457
93 T	0.06804	0.05743	0.87454
94 A	0.06753	0.05797	0.8745
95 A	0.06749	0.05798	0.87454
96 A	0.06776	0.05762	0.87462
97 G	0.06862	0.05653	0.87485
98 T	0.06980	0.05433	0.87586
99 T	0.07061	0.05212	0.87726
100 T	0.07093	0.04990	0.87917
101 T	0.07105	0.04795	0.88099
102 A	0.07109	0.04572	0.8832
103 A	0.07122	0.04098	0.88781
104 A	0.07170	0.03537	0.89292
105 T	0.07331	0.02912	0.89758
106 A	0.07376	0.02732	0.89892
107 A	0.07503	0.02481	0.90015
108 A	0.07747	0.01947	0.90307
109 G	0.07930	0.01478	0.90591
110 A	0.08106	0.01187	0.90707
111 T	0.08236	0.00858	0.90907
112 T	0.08276	0.00863	0.90862
113 T	0.08284	0.00953	0.90762
114 T	0.08269	0.01182	0.90548
115 T	0.08227	0.01346	0.90427
116 T	0.08137	0.01623	0.9024
117 T	0.08013	0.01784	0.90203
118 G	0.07900	0.01993	0.90107
119 A	0.07820	0.02079	0.90101
120 T	0.07782	0.02117	0.901
121 C	0.07706	0.02207	0.90087
122 G	0.07663	0.02303	0.90035
123 C	0.07642	0.02381	0.89976
124 A	0.07623	0.02491	0.89886
125 A	0.07597	0.02534	0.89868
126 G	0.07576	0.02564	0.8986
127 G	0.07572	0.02595	0.89833
128 G	0.07558	0.02621	0.89821
129 C	0.07565	0.02586	0.8985
130 G	0.07586	0.02597	0.89817
131 A	0.07623	0.02600	0.89777
132 T	0.07680	0.02575	0.89745
133 A	0.07709	0.02591	0.897
134 A	0.07760	0.02589	0.89651
135 T	0.07933	0.02445	0.89621
136 A	0.08104	0.02270	0.89626
137 T	0.08358	0.01968	0.89675
138 A	0.08492	0.01757	0.89751
139 T	0.08663	0.01445	0.89892
140 C	0.08702	0.01277	0.90022
141 T	0.08787	0.01132	0.90081
142 C	0.08798	0.01068	0.90134
143 A	0.08807	0.01052	0.90141
144 T	0.08852	0.00969	0.90179
145 C	0.08893	0.00917	0.90189
146 T	0.08936	0.00905	0.90158
147 A	0.08943	0.00994	0.90063
148 A	0.08945	0.01089	0.89967
149 A	0.08939	0.01159	0.89903
150 T	0.08976	0.01149	0.89876
151 T	0.08963	0.01134	0.89902
152 T	0.08924	0.01143	0.89933
153 A	0.08759	0.01301	0.89939
154 A	0.08505	0.01587	0.89907
155 C	0.08262	0.01877	0.89861
156 A	0.07021	0.03394	0.89585
157 G	0.06564	0.03964	0.89472
158 A	0.06057	0.04695	0.89249
159 T	0.05731	0.05062	0.89207
160 A	0.05035	0.05766	0.89199
161 T	0.04726	0.06063	0.89212
162 A	0.04373	0.06406	0.89221
163 C	0.04213	0.06545	0.89243
164 C	0.04104	0.06648	0.89249
165 A	0.04009	0.06740	0.8925
166 C	0.03960	0.06787	0.89254
167 C	0.03923	0.06823	0.89254
168 A	0.03885	0.06861	0.89254
169 A	0.03921	0.06823	0.89256
170 A	0.04027	0.06698	0.89275
171 C	0.04148	0.06563	0.89289
172 T	0.04240	0.06450	0.8931
173 C	0.04276	0.06329	0.89395
174 T	0.04286	0.06289	0.89425
175 G	0.04272	0.06283	0.89446
176 A	0.04262	0.06273	0.89466
177 A	0.04295	0.06072	0.89632
178 A	0.04395	0.05748	0.89858
179 T	0.04678	0.04063	0.91259
180 A	0.04772	0.03411	0.91817
181 A	0.04954	0.02575	0.92471
182 T	0.05002	0.02104	0.92894
183 T	0.05013	0.01356	0.93631
184 T	0.05014	0.01063	0.93923
185 G	0.05012	0.00811	0.94177
186 T	0.05009	0.00736	0.94256
187 T	0.04999	0.00695	0.94305
188 T	0.04961	0.00760	0.94279
189 A	0.04547	0.01270	0.94183
190 A	0.04265	0.01710	0.94024
191 C	0.03962	0.02271	0.93767
192 T	0.03823	0.03224	0.92953
193 A	0.03614	0.04639	0.91748
194 A	0.03487	0.05309	0.91204
195 A	0.03401	0.05867	0.90732
196 G	0.03310	0.06087	0.90603
197 A	0.03065	0.06509	0.90425
198 A	0.02949	0.06692	0.90359
199 A	0.02941	0.06695	0.90363
200 C	0.02962	0.06657	0.9038
201 A	0.02981	0.06639	0.90379
202 T	0.03023	0.06594	0.90383
203 T	0.03031	0.06581	0.90388
204 T	0.03030	0.06581	0.9039
205 C	0.02992	0.06621	0.90387
206 C	0.02961	0.06658	0.90381
207 T	0.02915	0.06722	0.90364
208 A	0.02841	0.06819	0.9034
209 A	0.02840	0.06831	0.9033
210 A	0.02847	0.06820	0.90333
211 A	0.02934	0.06694	0.90372
212 G	0.03094	0.06069	0.90838
213 A	0.03438	0.05409	0.91152
214 C	0.03915	0.04596	0.91489
215 T	0.04863	0.03561	0.91576
216 A	0.05732	0.02585	0.91684
217 A	0.06128	0.02115	0.91757
218 A	0.06499	0.01675	0.91825
219 T	0.06711	0.01382	0.91907
220 T	0.06951	0.00858	0.92192
221 T	0.07052	0.00605	0.92343
222 T	0.07066	0.00560	0.92374
223 T	0.07065	0.00554	0.92381
224 T	0.07053	0.00564	0.92383
225 A	0.07036	0.00588	0.92376
226 G	0.07025	0.00559	0.92416
227 A	0.07027	0.00547	0.92426
228 T	0.07047	0.00482	0.92471
229 T	0.07061	0.00426	0.92513
230 C	0.07071	0.00353	0.92576
231 T	0.07082	0.00298	0.92619
232 T	0.07067	0.00312	0.92622
233 C	0.07037	0.00352	0.9261
234 T	0.07009	0.00440	0.92551
235 A	0.06943	0.00585	0.92472
236 A	0.06895	0.00681	0.92424
237 T	0.06856	0.00782	0.92362
238 T	0.06755	0.00997	0.92248
239 T	0.06308	0.01773	0.91919
240 A	0.05269	0.03221	0.91509
241 G	0.04830	0.03700	0.9147
242 A	0.04592	0.03974	0.91434
243 T	0.04464	0.04111	0.91426
244 G	0.04220	0.04364	0.91416
245 C	0.04133	0.04441	0.91426
246 A	0.04038	0.04538	0.91424
247 G	0.03971	0.04598	0.91432
248 A	0.03952	0.04608	0.9144
249 C	0.03943	0.04608	0.9145
250 A	0.03936	0.04619	0.91445
251 C	0.03938	0.04610	0.91451
252 T	0.03933	0.04613	0.91454
253 A	0.03917	0.04627	0.91457
254 T	0.03911	0.04630	0.9146
255 G	0.03867	0.04651	0.91483
256 C	0.03839	0.04657	0.91504
257 A	0.03827	0.04661	0.91513
258 A	0.03875	0.04578	0.91547
259 A	0.03914	0.04521	0.91564
260 A	0.03987	0.04434	0.91579
261 A	0.04102	0.04259	0.91639
262 A	0.04441	0.03427	0.92133
263 T	0.04831	0.01979	0.93189
264 T	0.04869	0.01502	0.93629
265 T	0.04870	0.01332	0.93798
266 T	0.04797	0.01404	0.93799
267 T	0.04632	0.01541	0.93827
268 A	0.04289	0.01888	0.93823
269 A	0.04117	0.01996	0.93886
270 A	0.04064	0.01988	0.93949
271 T	0.04034	0.02005	0.93961
272 A	0.03977	0.02091	0.93932
273 T	0.03941	0.02146	0.93913
274 T	0.03821	0.02342	0.93838
275 T	0.03631	0.02633	0.93736
276 A	0.03493	0.02833	0.93674
277 A	0.03384	0.03097	0.93519
278 A	0.03320	0.03154	0.93526
279 A	0.03266	0.03187	0.93547
280 C	0.03224	0.03187	0.93588
281 A	0.03175	0.03354	0.93471
282 A	0.03175	0.03406	0.93419
283 A	0.03201	0.03399	0.934
284 A	0.03265	0.03339	0.93395
285 T	0.03429	0.03173	0.93397
286 T	0.03533	0.03026	0.93441
287 T	0.03592	0.02913	0.93494
288 T	0.03621	0.02815	0.93565
289 A	0.03628	0.02738	0.93634
290 T	0.03661	0.02543	0.93795
291 T	0.03671	0.02285	0.94044
292 G	0.03633	0.02206	0.94161
293 A	0.03617	0.02191	0.94193
294 T	0.03636	0.02121	0.94243
295 G	0.03654	0.02049	0.94296
296 A	0.03687	0.01980	0.94332
297 G	0.03778	0.01783	0.94438
298 G	0.03883	0.01545	0.94573
299 A	0.03961	0.01392	0.94647
300 T	0.04141	0.01139	0.94721
301 A	0.04184	0.01075	0.94741
302 A	0.04219	0.01012	0.9477
303 A	0.04256	0.00924	0.94819
304 T	0.04399	0.00718	0.94883
305 T	0.04455	0.00643	0.94902
306 T	0.04480	0.00623	0.94896
307 G	0.04489	0.00623	0.94887
308 A	0.04498	0.00624	0.94878
309 T	0.04512	0.00617	0.94871
310 T	0.04517	0.00618	0.94866
311 A	0.04520	0.00616	0.94865
312 T	0.04546	0.00577	0.94877
313 T	0.04552	0.00559	0.94889
314 A	0.04547	0.00550	0.94903
315 T	0.04562	0.00491	0.94948
316 T	0.04563	0.00463	0.94974
317 C	0.04540	0.00472	0.94988
318 T	0.04525	0.00494	0.94981
319 G	0.04471	0.00548	0.94981
320 A	0.04439	0.00580	0.9498
321 T	0.04454	0.00566	0.9498
322 T	0.04459	0.00561	0.94981
323 C	0.04424	0.00593	0.94983
324 A	0.04390	0.00629	0.94981
325 T	0.04376	0.00645	0.94979
326 C	0.04332	0.00695	0.94974
327 T	0.04313	0.00726	0.94961
328 G	0.04295	0.00769	0.94937
329 T	0.04305	0.00781	0.94914
330 T	0.04287	0.00826	0.94887
331 A	0.04254	0.00900	0.94846
332 T	0.04247	0.00920	0.94834
333 T	0.04206	0.00968	0.94826
334 A	0.04136	0.01053	0.9481
335 A	0.04086	0.01112	0.94803
336 A	0.04038	0.01159	0.94803
337 T	0.03994	0.01203	0.94803
338 T	0.03898	0.01314	0.94788
339 A	0.03617	0.01603	0.94781
340 A	0.03547	0.01657	0.94796
341 A	0.03530	0.01648	0.94822
342 T	0.03517	0.01601	0.94882
343 A	0.03489	0.01594	0.94917
344 T	0.03471	0.01600	0.94929
345 A	0.03442	0.01641	0.94918
346 A	0.03374	0.01671	0.94956
347 A	0.03350	0.01640	0.95009
348 A	0.03344	0.01594	0.95062
349 T	0.03346	0.01523	0.95131
350 C	0.03350	0.01469	0.95181
351 T	0.03371	0.01433	0.95196
352 G	0.03371	0.01451	0.95179
353 G	0.03383	0.01465	0.95152
354 T	0.03420	0.01464	0.95116
355 T	0.03431	0.01526	0.95043
356 T	0.03431	0.01550	0.95019
357 A	0.03431	0.01578	0.94991
358 A	0.03436	0.01569	0.94995
359 A	0.03440	0.01505	0.95054
360 A	0.03440	0.01444	0.95116
361 T	0.03454	0.01313	0.95234
362 T	0.03447	0.01059	0.95494
363 C	0.03391	0.01063	0.95546
364 G	0.03348	0.01128	0.95524
365 A	0.03334	0.01218	0.95447
366 A	0.03335	0.01257	0.95409
367 A	0.03344	0.01303	0.95353
368 A	0.03374	0.01305	0.95322
369 T	0.03383	0.01272	0.95345
370 G	0.03383	0.01332	0.95286
371 A	0.03373	0.01568	0.95059
372 T	0.03377	0.01566	0.95057
373 G	0.03375	0.01558	0.95067
374 A	0.03387	0.01542	0.95071
375 A	0.03424	0.01490	0.95086
376 C	0.03486	0.01409	0.95105
377 C	0.03557	0.01357	0.95086
378 T	0.03643	0.01345	0.95013
379 A	0.03675	0.01360	0.94965
380 T	0.03740	0.01322	0.94938
381 T	0.03750	0.01353	0.94898
382 A	0.03737	0.01368	0.94895
383 A	0.03734	0.01341	0.94924
384 T	0.03743	0.01293	0.94964
385 G	0.03733	0.01263	0.95003
386 C	0.03726	0.01213	0.9506
387 G	0.03733	0.01187	0.9508
388 C	0.03784	0.01129	0.95087
389 A	0.03798	0.01129	0.95072
390 A	0.03856	0.01087	0.95057
391 A	0.03916	0.01036	0.95048
392 C	0.03970	0.00989	0.95041
393 A	0.04045	0.00935	0.95019
394 T	0.04253	0.00736	0.95012
395 T	0.04254	0.00757	0.94988
396 G	0.04127	0.00910	0.94963
397 A	0.04088	0.00983	0.94928
398 A	0.04073	0.00988	0.94939
399 A	0.04067	0.00982	0.9495
400 T	0.04096	0.00941	0.94964
401 T	0.04156	0.00869	0.94976
402 C	0.04158	0.00846	0.94995
403 A	0.04151	0.00858	0.94991
404 C	0.04156	0.00841	0.95003
405 T	0.04138	0.00856	0.95005
406 T	0.04067	0.00931	0.95002
407 T	0.04012	0.00992	0.94996
408 A	0.03925	0.01073	0.95001
409 C	0.03872	0.01105	0.95023
410 A	0.03817	0.01141	0.95043
411 A	0.03801	0.01141	0.95059
412 A	0.03796	0.01121	0.95084
413 C	0.03810	0.01085	0.95104
414 A	0.03818	0.01091	0.95091
415 T	0.03847	0.01060	0.95093
416 A	0.03863	0.01061	0.95076
417 T	0.03868	0.01069	0.95064
418 A	0.03833	0.01161	0.95006
419 T	0.03834	0.01048	0.95118
420 T	0.03797	0.01066	0.95138
421 G	0.03695	0.01168	0.95136
422 A	0.03671	0.01229	0.95101
423 T	0.03658	0.01253	0.95088
424 A	0.03636	0.01282	0.95082
425 A	0.03629	0.01259	0.95113
426 T	0.03637	0.01216	0.95148
427 A	0.03627	0.01190	0.95183
428 A	0.03621	0.01152	0.95227
429 C	0.03617	0.01057	0.95327
430 T	0.03618	0.01012	0.95369
431 T	0.03608	0.00983	0.95409
432 A	0.03590	0.00980	0.9543
433 G	0.03583	0.00954	0.95463
434 C	0.03579	0.00953	0.95468
435 T	0.03576	0.00982	0.95441
436 A	0.03562	0.01060	0.95377
437 A	0.03560	0.01100	0.9534
438 A	0.03569	0.01175	0.95256
439 A	0.03588	0.01211	0.95202
440 A	0.03621	0.01124	0.95255
441 T	0.03726	0.00942	0.95332
442 T	0.03775	0.00859	0.95366
443 T	0.03802	0.00788	0.95411
444 C	0.03807	0.00712	0.95481
445 T	0.03821	0.00725	0.95454
446 T	0.03804	0.00788	0.95409
447 T	0.03753	0.00878	0.95369
448 G	0.03691	0.00977	0.95332
449 A	0.03633	0.01116	0.95251
450 A	0.03606	0.01142	0.95252
451 A	0.03605	0.01138	0.95257
452 T	0.03607	0.01124	0.95268
453 A	0.03604	0.01121	0.95275
454 C	0.03610	0.01097	0.95293
455 T	0.03620	0.01087	0.95294
456 A	0.03624	0.01083	0.95293
457 G	0.03634	0.01074	0.95292
458 A	0.03680	0.01031	0.95289
459 T	0.03746	0.00960	0.95294
460 A	0.03773	0.00920	0.95307
461 A	0.03851	0.00830	0.95318
462 T	0.03910	0.00762	0.95328
463 A	0.03918	0.00756	0.95326
464 A	0.03928	0.00747	0.95325
465 T	0.03974	0.00688	0.95338
466 T	0.04006	0.00645	0.95349
467 T	0.04023	0.00625	0.95352
468 A	0.04045	0.00601	0.95354
469 T	0.04091	0.00522	0.95387
470 T	0.04109	0.00458	0.95433
471 A	0.04113	0.00412	0.95475
472 T	0.04173	0.00302	0.95525
473 C	0.04179	0.00270	0.95551
474 T	0.04185	0.00260	0.95555
475 T	0.04188	0.00256	0.95556
476 C	0.04181	0.00264	0.95555
477 T	0.04181	0.00271	0.95548
478 T	0.04185	0.00273	0.95542
479 A	0.04176	0.00295	0.9553
480 T	0.04164	0.00317	0.95518
481 A	0.04138	0.00347	0.95515
482 T	0.04130	0.00351	0.95519
483 T	0.04113	0.00361	0.95526
484 A	0.04065	0.00405	0.9553
485 C	0.04038	0.00431	0.95531
486 A	0.04040	0.00431	0.95528
487 T	0.04045	0.00427	0.95527
488 C	0.04042	0.00433	0.95525
489 A	0.04044	0.00435	0.95521
490 T	0.04059	0.00424	0.95517
491 A	0.04051	0.00433	0.95516
492 T	0.04038	0.00438	0.95524
493 C	0.04011	0.00451	0.95537
494 T	0.03984	0.00457	0.95559
495 T	0.03918	0.00524	0.95558
496 C	0.03820	0.00621	0.95559
497 C	0.03771	0.00687	0.95543
498 A	0.03733	0.00802	0.95464
499 T	0.03710	0.00918	0.95372
500 T	0.03690	0.01091	0.95218
501 A	0.03656	0.01475	0.9487
502 G	0.03548	0.02078	0.94374
503 A	0.03500	0.02474	0.94027
504 T	0.03477	0.02507	0.94016
505 A	0.03311	0.02713	0.93976
506 A	0.03224	0.02817	0.93959
507 A	0.03131	0.02923	0.93946
508 C	0.03076	0.02982	0.93943
509 A	0.03036	0.03100	0.93864
510 A	0.03020	0.03167	0.93814
511 A	0.03018	0.03210	0.93772
512 A	0.03019	0.03224	0.93757
513 A	0.03020	0.03237	0.93743
514 A	0.03027	0.03213	0.9376
515 A	0.03029	0.03186	0.93785
516 A	0.03032	0.03143	0.93825
517 A	0.03044	0.03085	0.93871
518 T	0.03075	0.02966	0.93958
519 C	0.03089	0.02845	0.94065
520 G	0.03113	0.02786	0.94101
521 A	0.03189	0.02686	0.94126
522 C	0.03305	0.02545	0.94149
523 A	0.03472	0.02380	0.94147
524 A	0.03823	0.02019	0.94157
525 T	0.04386	0.01337	0.94277
526 T	0.04703	0.00964	0.94333
527 T	0.04752	0.00896	0.94352
528 G	0.04791	0.00700	0.94509
529 A	0.04833	0.00569	0.94597
530 T	0.04896	0.00404	0.94701
531 T	0.04934	0.00316	0.9475
532 T	0.04999	0.00223	0.94778
533 C	0.05033	0.00190	0.94778
534 T	0.05063	0.00230	0.94708
535 A	0.05062	0.00270	0.94668
536 T	0.05039	0.00299	0.94663
537 T	0.04975	0.00393	0.94631
538 G	0.04923	0.00449	0.94629
539 A	0.04908	0.00466	0.94626
540 C	0.04900	0.00473	0.94626
541 T	0.04898	0.00476	0.94626
542 C	0.04890	0.00485	0.94625
543 T	0.04891	0.00485	0.94624
544 C	0.04888	0.00491	0.94622
545 A	0.04888	0.00495	0.94617
546 A	0.04898	0.00486	0.94615
547 T	0.04910	0.00475	0.94615
548 T	0.04917	0.00467	0.94615
549 T	0.04920	0.00464	0.94616
550 C	0.04922	0.00461	0.94618
551 C	0.04929	0.00453	0.94619
552 T	0.04930	0.00453	0.94617
553 C	0.04926	0.00459	0.94615
554 T	0.04926	0.00474	0.946
555 A	0.04927	0.00507	0.94565
556 G	0.04942	0.00518	0.9454
557 T	0.05011	0.00488	0.94501
558 A	0.05041	0.00510	0.94448
559 A	0.05050	0.00469	0.9448
560 T	0.05082	0.00370	0.94549
561 T	0.05086	0.00327	0.94588
562 T	0.05088	0.00319	0.94593
563 C	0.05086	0.00317	0.94597
564 T	0.05084	0.00353	0.94563
565 T	0.05082	0.00388	0.9453
566 T	0.05074	0.00437	0.9449
567 G	0.05064	0.00494	0.94442
568 A	0.05062	0.00571	0.94367
569 A	0.05060	0.00664	0.94276
570 A	0.05057	0.00749	0.94195
571 T	0.05055	0.00823	0.94122
572 T	0.05044	0.00970	0.93985
573 A	0.05019	0.01048	0.93933
574 A	0.04997	0.01085	0.93918
575 A	0.04926	0.01169	0.93905
576 A	0.04900	0.01188	0.93911
577 C	0.04910	0.01172	0.93918
578 C	0.04925	0.01164	0.93911
579 A	0.04918	0.01240	0.93843
580 C	0.04944	0.01241	0.93814
581 A	0.04992	0.01249	0.93759
582 T	0.04998	0.01297	0.93705
583 A	0.04988	0.01315	0.93696
584 T	0.05004	0.01303	0.93694
585 T	0.04980	0.01327	0.93693
586 T	0.04930	0.01370	0.937
587 C	0.04822	0.01472	0.93707
588 A	0.04756	0.01535	0.93708
589 C	0.04712	0.01574	0.93714
590 C	0.04675	0.01610	0.93715
591 A	0.04656	0.01630	0.93714
592 C	0.04660	0.01627	0.93713
593 A	0.04669	0.01621	0.9371
594 A	0.04665	0.01630	0.93705
595 C	0.04740	0.01551	0.9371
596 A	0.04765	0.01519	0.93717
597 A	0.04774	0.01497	0.9373
598 G	0.04796	0.01395	0.93808
599 C	0.04808	0.01354	0.93838
600 G	0.04822	0.01359	0.93819
601 A	0.04871	0.01315	0.93814
602 T	0.04990	0.01177	0.93833
603 T	0.05029	0.01138	0.93833
604 A	0.05061	0.01109	0.9383
605 T	0.05098	0.01039	0.93863
606 T	0.05103	0.01008	0.93889
607 A	0.05102	0.00977	0.93921
608 G	0.05102	0.00910	0.93988
609 T	0.05103	0.00853	0.94044
610 T	0.05103	0.00793	0.94104
611 T	0.05102	0.00786	0.94113
612 A	0.05100	0.00856	0.94044
613 A	0.05100	0.00896	0.94004
614 A	0.05100	0.00888	0.94011
615 T	0.05102	0.00870	0.94028
616 A	0.05105	0.00888	0.94008
617 A	0.05109	0.00890	0.94002
618 G	0.05109	0.00879	0.94011
619 T	0.05119	0.00926	0.93956
620 T	0.05124	0.00962	0.93914
621 A	0.05115	0.01042	0.93842
622 A	0.05119	0.01074	0.93807
623 T	0.05148	0.01073	0.93778
624 T	0.05166	0.01115	0.93718
625 T	0.05178	0.01196	0.93627
626 T	0.05187	0.01352	0.93461
627 A	0.05188	0.01432	0.9338
628 A	0.05187	0.01454	0.93359
629 T	0.05197	0.01450	0.93352
630 T	0.05148	0.01499	0.93353
631 C	0.05035	0.01611	0.93354
632 C	0.04912	0.01736	0.93352
633 A	0.04786	0.01867	0.93346
634 C	0.04801	0.01853	0.93347
635 C	0.04893	0.01762	0.93345
636 T	0.04978	0.01681	0.93341
637 A	0.04997	0.01669	0.93333
638 C	0.05031	0.01639	0.93331
639 A	0.05041	0.01646	0.93314
640 T	0.05107	0.01599	0.93294
641 A	0.05085	0.01627	0.93287
642 T	0.05125	0.01596	0.93279
643 A	0.05029	0.01699	0.93273
644 T	0.05015	0.01697	0.93288
645 C	0.04847	0.01861	0.93292
646 G	0.04734	0.01998	0.93269
647 C	0.04730	0.02022	0.93249
648 A	0.04732	0.02121	0.93147
649 A	0.04826	0.02178	0.92995
650 A	0.04857	0.02256	0.92887
651 T	0.04862	0.02355	0.92783
652 A	0.04821	0.02408	0.92771
653 A	0.04807	0.02352	0.92841
654 A	0.04809	0.02230	0.92961
655 T	0.04817	0.02067	0.93117
656 C	0.04820	0.01902	0.93278
657 T	0.04826	0.01876	0.93298
658 T	0.04826	0.01896	0.93278
659 A	0.04810	0.01935	0.93254
660 T	0.04802	0.01952	0.93247
661 A	0.04781	0.01998	0.93221
662 A	0.04780	0.02001	0.93219
663 A	0.04789	0.02003	0.93208
664 G	0.04797	0.01959	0.93244
665 A	0.04810	0.01912	0.93278
666 T	0.04836	0.01729	0.93436
667 A	0.04848	0.01680	0.93473
668 T	0.04885	0.01557	0.93558
669 T	0.04914	0.01619	0.93467
670 A	0.04923	0.01918	0.93159
671 A	0.04988	0.02162	0.9285
672 A	0.05123	0.02020	0.92857
673 A	0.05224	0.01884	0.92893
674 T	0.05333	0.01747	0.92921
675 T	0.05357	0.01697	0.92946
676 C	0.05371	0.01693	0.92937
677 T	0.05387	0.01773	0.92841
678 T	0.05396	0.01851	0.92753
679 T	0.05399	0.01899	0.92701
680 A	0.05396	0.01988	0.92616
681 T	0.05408	0.02003	0.92589
682 G	0.05403	0.01995	0.92603
683 G	0.05402	0.01988	0.92609
684 A	0.05425	0.01953	0.92622
685 T	0.05509	0.01861	0.92629
686 C	0.05548	0.01820	0.92632
687 T	0.05588	0.01781	0.92632
688 A	0.05601	0.01769	0.9263
689 A	0.05621	0.01751	0.92628
690 A	0.05681	0.01692	0.92628
691 C	0.05792	0.01581	0.92627
692 A	0.05967	0.01406	0.92626
693 A	0.06298	0.01064	0.92638
694 T	0.06656	0.00701	0.92642
695 T	0.06701	0.00654	0.92645
696 G	0.06714	0.00639	0.92646
697 C	0.06746	0.00603	0.92651
698 C	0.06792	0.00556	0.92651
699 T	0.06851	0.00508	0.92641
700 T	0.06940	0.00446	0.92614
701 T	0.06976	0.00486	0.92538
702 G	0.06938	0.00680	0.92381
703 T	0.06954	0.00681	0.92365
704 T	0.06905	0.00731	0.92364
705 A	0.06744	0.00906	0.9235
706 T	0.06636	0.01032	0.92332
707 C	0.06570	0.01116	0.92314
708 T	0.06510	0.01257	0.92234
709 T	0.06383	0.01476	0.92141
710 A	0.06251	0.01679	0.92071
711 T	0.06176	0.01781	0.92043
712 G	0.06070	0.01909	0.92021
713 G	0.06010	0.01982	0.92008
714 T	0.05996	0.02017	0.91988
715 G	0.05983	0.02075	0.91943
716 A	0.05980	0.02115	0.91906
717 A	0.05979	0.02132	0.91888
718 T	0.05979	0.02154	0.91866
719 A	0.05978	0.02170	0.91852
720 T	0.05983	0.02178	0.9184
721 A	0.05985	0.02205	0.9181
722 A	0.05999	0.02200	0.91802
723 A	0.06025	0.02164	0.9181
724 A	0.06114	0.02040	0.91847
725 T	0.06274	0.01798	0.91928
726 T	0.06308	0.01720	0.91972
727 A	0.06327	0.01659	0.92015
728 A	0.06381	0.01460	0.9216
729 T	0.06478	0.01210	0.92312
730 T	0.06548	0.01075	0.92378
731 T	0.06623	0.00996	0.92381
732 T	0.06674	0.01032	0.92294
733 T	0.06668	0.01262	0.9207
734 T	0.06601	0.01769	0.91631
735 T	0.06156	0.02534	0.91309
736 G	0.05573	0.03462	0.90965
737 A	0.05314	0.04240	0.90447
738 T	0.05201	0.04869	0.89929
739 T	0.04959	0.05202	0.89838
740 A	0.04578	0.05758	0.89664
741 T	0.04386	0.06029	0.89586
742 A	0.04130	0.06342	0.89528
743 C	0.03999	0.06517	0.89484
744 T	0.03923	0.06614	0.89463
745 A	0.03871	0.06672	0.89457
746 A	0.03847	0.06701	0.89452
747 T	0.03828	0.06725	0.89447
748 C	0.03753	0.06802	0.89446
749 C	0.03657	0.06905	0.89439
750 A	0.03538	0.07051	0.89412
751 A	0.03491	0.07123	0.89387
752 C	0.03472	0.07164	0.89364
753 A	0.03501	0.07228	0.89271
754 A	0.03621	0.07220	0.89159
755 A	0.03888	0.07060	0.89052
756 A	0.04320	0.06668	0.89012
757 T	0.04964	0.05991	0.89045
758 T	0.05291	0.05218	0.89491
759 A	0.05452	0.04763	0.89784
760 G	0.05715	0.04500	0.89785
761 T	0.06113	0.04202	0.89685
762 A	0.06149	0.04559	0.89292
763 T	0.06261	0.04236	0.89503
764 T	0.06192	0.04183	0.89625
765 A	0.05900	0.04527	0.89574
766 T	0.05773	0.04815	0.89412
767 C	0.05344	0.05885	0.88772
768 A	0.05107	0.06558	0.88336
769 A	0.04997	0.06973	0.8803
770 A	0.04951	0.07223	0.87826
771 A	0.04891	0.07364	0.87745
772 C	0.04851	0.07383	0.87767
773 G	0.04730	0.07757	0.87513
774 A	0.04364	0.08585	0.87052
775 G	0.04064	0.09237	0.86698
776 A	0.03935	0.10057	0.86007
777 A	0.03930	0.10384	0.85686
778 A	0.03992	0.10550	0.85458
779 T	0.04091	0.10512	0.85397
780 G	0.04133	0.10580	0.85287
781 A	0.04258	0.10657	0.85085
782 A	0.04576	0.10515	0.84909
783 T	0.04921	0.10338	0.84741
784 G	0.05072	0.10224	0.84704
785 A	0.05559	0.09736	0.84705
786 T	0.05686	0.09463	0.84852
787 A	0.05686	0.09253	0.85061
788 C	0.05885	0.08685	0.8543
789 A	0.06131	0.08343	0.85526
790 C	0.06860	0.07335	0.85805
791 C	0.07283	0.06833	0.85883
792 A	0.07621	0.06560	0.85819
793 T	0.07910	0.06346	0.85745
794 T	0.08133	0.06206	0.85661
795 A	0.08167	0.06323	0.8551
796 A	0.08490	0.06180	0.85329
797 A	0.08902	0.05446	0.85652
798 G	0.09257	0.04800	0.85943
799 T	0.09921	0.04124	0.85954
800 A	0.09196	0.05281	0.85523
801 T	0.08656	0.06426	0.84918
802 G	0.07061	0.08844	0.84095
803 A	0.06226	0.10095	0.83679
804 A	0.05851	0.10731	0.83418
805 A	0.05438	0.11325	0.83238
806 A	0.05488	0.11359	0.83153
807 T	0.05512	0.11354	0.83134
808 A	0.05440	0.11411	0.83149
809 A	0.05357	0.11481	0.83163
810 T	0.05270	0.11511	0.8322
811 A	0.05032	0.11707	0.83261
812 C	0.04956	0.11702	0.83343
813 T	0.04934	0.11705	0.8336
814 G	0.04887	0.11734	0.83379
815 C	0.04934	0.11673	0.83394
816 C	0.04993	0.11611	0.83396
817 C	0.05101	0.11502	0.83397
818 A	0.05254	0.11345	0.83401
819 T	0.05625	0.10965	0.8341
820 A	0.05819	0.10770	0.83411
821 T	0.06086	0.10474	0.8344
822 A	0.06363	0.10074	0.83563
823 G	0.06995	0.08023	0.84982
824 T	0.07828	0.06095	0.86078
825 T	0.08658	0.03712	0.8763
826 T	0.08929	0.02809	0.88262
827 A	0.09042	0.02543	0.88414
828 T	0.09159	0.02169	0.88672
829 T	0.09132	0.02518	0.8835
830 T	0.09068	0.02800	0.88132
831 A	0.08778	0.03534	0.87687
832 A	0.08661	0.04377	0.86961
833 A	0.08571	0.05058	0.86371
834 T	0.08539	0.05542	0.85919
835 G	0.08483	0.06139	0.85378
836 T	0.08464	0.06601	0.84936
837 T	0.08441	0.07805	0.83753
838 A	0.08395	0.09207	0.82397
839 T	0.08331	0.10592	0.81077
840 T	0.08245	0.11511	0.80245
841 A	0.08125	0.12327	0.79548
842 A	0.07705	0.13597	0.78698
843 T	0.07269	0.14331	0.784
844 G	0.06649	0.15210	0.78141
845 A	0.06315	0.15768	0.77917
846 A	0.06139	0.16031	0.7783
847 A	0.06079	0.16129	0.77792
848 A	0.06073	0.16159	0.77768
849 A	0.06208	0.16029	0.77763
850 G	0.06493	0.15724	0.77783
851 A	0.06870	0.15351	0.77778
852 T	0.07449	0.14682	0.77869
853 A	0.07717	0.14351	0.77933
854 A	0.08216	0.13630	0.78154
855 A	0.08996	0.12725	0.78279
856 C	0.09874	0.11713	0.78414
857 T	0.10880	0.10686	0.78434
858 T	0.11739	0.09839	0.78421
859 C	0.12234	0.09377	0.7839
860 A	0.13112	0.08688	0.78199
861 A	0.14218	0.07742	0.7804
862 T	0.15538	0.06448	0.78014
863 T	0.16236	0.05786	0.77979
864 A	0.16693	0.05345	0.77961
865 T	0.17396	0.04217	0.78387
866 T	0.17452	0.03694	0.78853
867 T	0.17301	0.03370	0.79329
868 T	0.16830	0.03698	0.79472
869 T	0.16402	0.04029	0.79568
870 A	0.15659	0.04732	0.79609
871 G	0.15068	0.05288	0.79644
872 A	0.14883	0.05469	0.79648
873 C	0.14840	0.05508	0.79652
874 C	0.14810	0.05644	0.79546
875 A	0.14756	0.06102	0.79143
876 T	0.14757	0.06632	0.78611
877 A	0.14729	0.06962	0.78308
878 A	0.14692	0.07215	0.78092
879 G	0.14592	0.07697	0.77711
880 A	0.14548	0.08193	0.77259
881 T	0.14596	0.08282	0.77122
882 A	0.14545	0.08532	0.76923
883 A	0.14635	0.08536	0.7683
884 A	0.14818	0.08344	0.76839
885 T	0.14987	0.08109	0.76904
886 T	0.15097	0.07913	0.7699
887 A	0.15159	0.07664	0.77177
888 T	0.15254	0.07130	0.77615
889 T	0.15246	0.06780	0.77975
890 T	0.15182	0.06542	0.78276
891 C	0.15069	0.06267	0.78664
892 A	0.14974	0.06221	0.78805
893 A	0.14908	0.05873	0.79219
894 G	0.14885	0.05441	0.79674
895 C	0.14813	0.05374	0.79813
896 C	0.14810	0.05669	0.79521
897 A	0.14938	0.06818	0.78243
898 G	0.15349	0.07613	0.77038
899 T	0.15922	0.07881	0.76197
900 A	0.16124	0.08495	0.75381
901 A	0.16309	0.08793	0.74898
902 A	0.16640	0.08822	0.74538
903 T	0.17103	0.08409	0.74487
904 A	0.17199	0.08380	0.74421
905 A	0.17377	0.08160	0.74463
906 T	0.17597	0.07836	0.74568
907 T	0.17664	0.07780	0.74556
908 T	0.17663	0.07763	0.74575
909 A	0.17600	0.07801	0.74599
910 G	0.17564	0.07805	0.74632
911 A	0.17585	0.07759	0.74656
912 C	0.17659	0.07594	0.74747
913 G	0.17737	0.07455	0.74808
914 A	0.17779	0.07332	0.74889
915 T	0.17850	0.07195	0.74954
916 C	0.17877	0.07127	0.74996
917 A	0.17926	0.07089	0.74985
918 G	0.18045	0.06858	0.75097
919 C	0.18699	0.06197	0.75104
920 A	0.20228	0.04826	0.74946
921 T	0.21769	0.03385	0.74846
922 T	0.22507	0.02680	0.74813
923 A	0.22987	0.02274	0.74739
924 T	0.23306	0.01989	0.74705
925 T	0.23704	0.01594	0.74701
926 T	0.23770	0.01616	0.74614
927 T	0.23759	0.01828	0.74413
928 T	0.23520	0.02423	0.74057
929 A	0.22943	0.03114	0.73943
930 T	0.22545	0.03669	0.73786
931 G	0.17587	0.09045	0.73368
932 A	0.15488	0.11990	0.72523
933 C	0.14647	0.12879	0.72475
934 A	0.13988	0.13691	0.72321
935 A	0.13614	0.14192	0.72193
936 T	0.13479	0.14332	0.72189
937 C	0.13264	0.14552	0.72185
938 A	0.13114	0.14735	0.72151
939 A	0.13004	0.14877	0.72119
940 C	0.12931	0.14975	0.72094
941 A	0.12855	0.15157	0.71988
942 A	0.12877	0.15183	0.71939
943 T	0.13047	0.15036	0.71918
944 T	0.13150	0.14934	0.71917
945 G	0.13160	0.14923	0.71917
946 T	0.13251	0.14788	0.71962
947 A	0.13238	0.14771	0.71992
948 C	0.13218	0.14681	0.72101
949 A	0.13143	0.14817	0.7204
950 A	0.12652	0.15324	0.72024
951 A	0.12696	0.15023	0.7228
952 G	0.12681	0.14566	0.72753
953 A	0.12784	0.14156	0.7306
954 G	0.13243	0.08635	0.78122
955 T	0.14122	0.05835	0.80043
956 T	0.14100	0.05321	0.80579
957 A	0.13888	0.06507	0.79605
958 T	0.13823	0.07366	0.78811
959 T	0.13626	0.08065	0.7831
960 G	0.13198	0.09160	0.77641
961 A	0.12814	0.09672	0.77514
962 A	0.12667	0.09837	0.77497
963 T	0.12597	0.09814	0.77589
964 T	0.12559	0.09760	0.77681
965 C	0.12386	0.09879	0.77735
966 T	0.12213	0.10109	0.77678
967 C	0.11831	0.10552	0.77616
968 A	0.11635	0.11217	0.77148
969 T	0.11582	0.11415	0.77003
970 A	0.11487	0.11638	0.76875
971 A	0.11438	0.11759	0.76804
972 A	0.11504	0.11674	0.76821
973 T	0.11599	0.10963	0.77438
974 A	0.11515	0.11024	0.77461
975 T	0.11475	0.11194	0.77331
976 G	0.11255	0.12228	0.76516
977 A	0.11283	0.12991	0.75726
978 A	0.11473	0.14027	0.745
979 A	0.11821	0.15110	0.73069
980 T	0.13371	0.13810	0.72819
981 T	0.14246	0.13608	0.72146
982 A	0.14480	0.15303	0.70217
983 A	0.14916	0.16411	0.68673
984 A	0.14989	0.16854	0.68157
985 T	0.15020	0.17206	0.67774
986 T	0.14725	0.18554	0.66721
987 T	0.14561	0.19451	0.65988
988 G	0.14381	0.20081	0.65538
989 A	0.14270	0.20699	0.65031
990 T	0.14276	0.20644	0.6508
991 T	0.14237	0.20731	0.65032
992 T	0.13766	0.21495	0.6474
993 A	0.13450	0.22410	0.6414
994 G	0.13404	0.23020	0.63576
995 A	0.13437	0.23713	0.62851
996 A	0.13593	0.23840	0.62566
997 A	0.13904	0.23593	0.62503
998 A	0.14399	0.23031	0.62569
999 T	0.15460	0.21743	0.62797
1000 G	0.16222	0.20935	0.62844
1001 A	0.17607	0.19565	0.62829
1002 T	0.19650	0.17469	0.62881
1003 A	0.20337	0.16733	0.62931
1004 A	0.21129	0.15751	0.6312
1005 A	0.23070	0.13603	0.63327
1006 T	0.25155	0.11304	0.63541
1007 T	0.26184	0.10091	0.63726
1008 A	0.27071	0.09014	0.63914
1009 T	0.28787	0.06809	0.64405
1010 T	0.29541	0.05885	0.64575
1011 T	0.29739	0.05556	0.64705
1012 T	0.29649	0.05574	0.64777
1013 T	0.29090	0.06202	0.64707
1014 A	0.26111	0.09591	0.64298
1015 G	0.24276	0.11650	0.64074
1016 G	0.23450	0.13316	0.63234
1017 A	0.21855	0.16765	0.61379
1018 T	0.21020	0.20126	0.58854
1019 T	0.19293	0.22253	0.58454
1020 T	0.16842	0.24767	0.58392
1021 A	0.12595	0.29097	0.58308
1022 A	0.10974	0.30743	0.58283
1023 C	0.10419	0.31298	0.58283
1024 C	0.09920	0.31833	0.58247
1025 T	0.09403	0.32490	0.58107
1026 T	0.08306	0.33738	0.57956
1027 A	0.05848	0.36253	0.57899
1028 A	0.03678	0.38484	0.57837
1029 A	0.02874	0.39323	0.57802
1030 A	0.02411	0.39807	0.57782
1031 C	0.02267	0.39919	0.57815
1032 A	0.02168	0.40037	0.57795
1033 A	0.02135	0.40047	0.57818
1034 A	0.02181	0.39940	0.57879
1035 A	0.02308	0.39635	0.58057
1036 G	0.02609	0.38853	0.58537
1037 A	0.03373	0.35154	0.61473
1038 A	0.04137	0.32119	0.63745
1039 A	0.05128	0.29452	0.65419
1040 A	0.06971	0.24852	0.68177
1041 T	0.09408	0.20150	0.70442
1042 T	0.09766	0.17792	0.72443
1043 A	0.09739	0.16078	0.74183
1044 T	0.09808	0.12846	0.77346
1045 T	0.09708	0.12252	0.7804
1046 T	0.09215	0.14832	0.75952
1047 A	0.08372	0.18558	0.7307
1048 A	0.08138	0.20168	0.71693
1049 A	0.07407	0.22070	0.70522
1050 A	0.06900	0.22618	0.70482
1051 T	0.06499	0.23962	0.69539
1052 A	0.05402	0.27435	0.67163
1053 T	0.04956	0.30986	0.64058
1054 A	0.04641	0.36942	0.58417
1055 A	0.04539	0.38998	0.56463
1056 A	0.04472	0.39816	0.55712
1057 A	0.04461	0.40187	0.55352
1058 T	0.04493	0.40374	0.55133
1059 T	0.04437	0.40618	0.54945
1060 A	0.04282	0.40933	0.54785
1061 A	0.04185	0.41166	0.54648
1062 A	0.04203	0.41167	0.5463
1063 G	0.04294	0.41082	0.54624
1064 A	0.04482	0.40960	0.54558
1065 A	0.04921	0.40486	0.54594
1066 C	0.05655	0.39539	0.54806
1067 A	0.06303	0.38891	0.54807
1068 A	0.07537	0.37529	0.54934
1069 T	0.10432	0.34192	0.55375
1070 T	0.13486	0.30499	0.56015
1071 A	0.15048	0.28701	0.5625
1072 G	0.17385	0.25205	0.5741
1073 G	0.20355	0.21482	0.58162
1074 T	0.24442	0.16843	0.58716
1075 T	0.27452	0.13031	0.59518
1076 A	0.30621	0.09634	0.59745
1077 T	0.35794	0.04230	0.59975
1078 T	0.37350	0.02705	0.59945
1079 T	0.37718	0.02651	0.59631
1080 T	0.37718	0.03083	0.59199
1081 T	0.37298	0.03753	0.58949
1082 T	0.35217	0.05988	0.58796
1083 A	0.33028	0.08403	0.58569
1084 A	0.30999	0.10779	0.58222
1085 C	0.30034	0.11806	0.5816
1086 A	0.29435	0.12992	0.57574
1087 T	0.29132	0.13834	0.57034
1088 A	0.28586	0.14709	0.56705
1089 T	0.28248	0.15126	0.56626
1090 T	0.27699	0.15775	0.56527
1091 T	0.27294	0.16273	0.56433
1092 T	0.26388	0.17303	0.56309
1093 C	0.23642	0.20259	0.56099
1094 A	0.20993	0.23248	0.55759
1095 T	0.18834	0.25447	0.55718
1096 A	0.13418	0.31000	0.55582
1097 A	0.10497	0.33982	0.55521
1098 A	0.08831	0.35715	0.55454
1099 C	0.07857	0.36642	0.55501
1100 A	0.07126	0.37620	0.55254
1101 A	0.06969	0.37827	0.55204
1102 A	0.07317	0.37428	0.55254
1103 A	0.07795	0.36769	0.55436
1104 T	0.08144	0.35983	0.55873
1105 A	0.08272	0.33721	0.58007
1106 A	0.08587	0.31488	0.59925
1107 T	0.08937	0.29452	0.6161
1108 A	0.08788	0.29989	0.61223
1109 A	0.09055	0.30122	0.60824
1110 T	0.09402	0.30322	0.60276
1111 A	0.09317	0.31614	0.5907
1112 A	0.09282	0.31647	0.59071
1113 T	0.09315	0.30932	0.59753
1114 A	0.09079	0.31810	0.59112
1115 A	0.09042	0.31389	0.59569
1116 T	0.09208	0.28858	0.61935
1117 A	0.09343	0.26557	0.641
1118 A	0.09355	0.24225	0.6642
1119 T	0.09487	0.19216	0.71297
1120 A	0.09537	0.16796	0.73667
1121 T	0.09613	0.15114	0.75273
1122 A	0.09653	0.14038	0.76309
1123 T	0.09929	0.12883	0.77189
1124 C	0.10000	0.12503	0.77496
1125 G	0.10083	0.12667	0.7725
1126 G	0.10175	0.13013	0.76812
1127 A	0.10340	0.13720	0.75939
1128 T	0.10709	0.14792	0.74499
1129 A	0.11055	0.15294	0.73651
1130 T	0.11933	0.14988	0.73079
1131 T	0.13426	0.14165	0.7241
1132 A	0.14187	0.14836	0.70976
1133 A	0.15056	0.14990	0.69954
1134 T	0.16827	0.13426	0.69748
1135 T	0.17276	0.13708	0.69017
1136 A	0.17490	0.14233	0.68277
1137 T	0.18865	0.12810	0.68325
1138 T	0.19234	0.12970	0.67796
1139 T	0.19361	0.13259	0.6738
1140 T	0.19107	0.14311	0.66582
1141 T	0.18456	0.16340	0.65205
1142 T	0.17272	0.18996	0.63732
1143 A	0.13608	0.23270	0.63122
1144 G	0.12445	0.24712	0.62843
1145 A	0.11179	0.26312	0.6251
1146 A	0.10459	0.27174	0.62367
1147 C	0.10402	0.27283	0.62315
1148 A	0.10563	0.27169	0.62268
1149 A	0.10946	0.26818	0.62236
1150 A	0.11918	0.25868	0.62214
1151 T	0.13689	0.24101	0.62209
1152 C	0.14464	0.23338	0.62198
1153 G	0.15122	0.22675	0.62202
1154 A	0.15986	0.21805	0.62208
1155 T	0.17694	0.20073	0.62233
1156 T	0.18716	0.19047	0.62237
1157 C	0.19155	0.18615	0.6223
1158 A	0.20005	0.17821	0.62174
1159 T	0.20932	0.16930	0.62138
1160 A	0.21109	0.16863	0.62028
1161 T	0.21691	0.16305	0.62004
1162 G	0.21905	0.16186	0.61908
1163 A	0.22148	0.15763	0.62089
1164 T	0.23345	0.13767	0.62889
1165 A	0.24223	0.11944	0.63833
1166 T	0.24641	0.08268	0.67091
1167 A	0.23927	0.08598	0.67475
1168 T	0.23567	0.08535	0.67898
1169 T	0.22263	0.11642	0.66095
1170 A	0.20344	0.14237	0.65419
1171 A	0.19318	0.15939	0.64744
1172 A	0.18754	0.17203	0.64042
1173 T	0.18406	0.17741	0.63853
1174 C	0.17669	0.18747	0.63584
1175 T	0.16721	0.21653	0.61626
1176 T	0.15496	0.23097	0.61407
1177 G	0.13685	0.25147	0.61169
1178 A	0.12260	0.26988	0.60751
1179 A	0.11556	0.27836	0.60607
1180 C	0.11334	0.28096	0.6057
1181 A	0.11248	0.28498	0.60253
1182 A	0.11261	0.28921	0.59818
1183 A	0.11378	0.29097	0.59525
1184 A	0.11508	0.29057	0.59435
1185 A	0.11644	0.29019	0.59337
1186 T	0.11967	0.28132	0.59901
1187 A	0.11846	0.28044	0.6011
1188 T	0.11953	0.27440	0.60608
1189 A	0.11579	0.27621	0.608
1190 A	0.11580	0.26682	0.61738
1191 A	0.12000	0.25615	0.62385
1192 G	0.14026	0.22121	0.63854
1193 A	0.14853	0.19866	0.65282
1194 A	0.15923	0.17869	0.66207
1195 T	0.17392	0.15543	0.67064
1196 T	0.17818	0.14572	0.6761
1197 A	0.18121	0.13619	0.6826
1198 T	0.19496	0.11239	0.69265
1199 T	0.19698	0.09987	0.70315
1200 A	0.19653	0.08685	0.71662
1201 T	0.19831	0.07267	0.72902
1202 C	0.19703	0.06837	0.7346
1203 C	0.19539	0.07063	0.73397
1204 A	0.19442	0.08338	0.72219
1205 A	0.19702	0.08819	0.7148
1206 T	0.19933	0.09267	0.70801
1207 A	0.19976	0.09750	0.70274
1208 T	0.20174	0.09879	0.69947
1209 T	0.20139	0.09701	0.7016
1210 T	0.19996	0.09531	0.70473
1211 G	0.19707	0.09751	0.70542
1212 G	0.19761	0.09460	0.70779
1213 G	0.19883	0.09042	0.71075
1214 T	0.20092	0.08717	0.71192
1215 T	0.20188	0.08608	0.71204
1216 T	0.20246	0.08600	0.71153
1217 C	0.20039	0.08900	0.71062
1218 T	0.19790	0.09583	0.70627
1219 G	0.19491	0.10943	0.69566
1220 A	0.19327	0.11928	0.68745
1221 T	0.19142	0.12778	0.6808
1222 A	0.18604	0.14311	0.67084
1223 A	0.18038	0.15581	0.66382
1224 A	0.17168	0.16851	0.65981
1225 G	0.17058	0.17285	0.65657
1226 A	0.17133	0.17929	0.64937
1227 A	0.18340	0.17278	0.64382
1228 A	0.19137	0.17347	0.63516
1229 T	0.19996	0.16738	0.63266
1230 G	0.20194	0.16459	0.63347
1231 T	0.20592	0.16023	0.63385
1232 T	0.20500	0.16072	0.63429
1233 A	0.19338	0.17210	0.63452
1234 C	0.18652	0.17811	0.63537
1235 A	0.18088	0.18711	0.632
1236 T	0.17419	0.19786	0.62796
1237 A	0.15349	0.22674	0.61977
1238 A	0.13816	0.25093	0.61091
1239 A	0.12610	0.26568	0.60823
1240 A	0.12046	0.27150	0.60804
1241 G	0.11929	0.27237	0.60833
1242 T	0.12811	0.26254	0.60935
1243 A	0.13144	0.25776	0.61081
1244 A	0.13601	0.25120	0.61279
1245 A	0.14297	0.23981	0.61723
1246 A	0.15037	0.22747	0.62216
1247 C	0.15629	0.21329	0.63042
1248 A	0.16281	0.20560	0.63159
1249 A	0.17246	0.19510	0.63245
1250 A	0.18157	0.18544	0.63298
1251 T	0.19319	0.17328	0.63354
1252 T	0.19755	0.16879	0.63366
1253 T	0.19757	0.16593	0.6365
1254 A	0.19616	0.16644	0.6374
1255 A	0.19592	0.16300	0.64109
1256 G	0.19620	0.15127	0.65253
1257 T	0.19853	0.14123	0.66025
1258 A	0.20148	0.13418	0.66434
1259 A	0.20578	0.12392	0.6703
1260 A	0.21390	0.09833	0.68777
1261 T	0.22363	0.07359	0.70278
1262 G	0.22591	0.05953	0.71456
1263 G	0.22855	0.05202	0.71943
1264 T	0.23156	0.04760	0.72084
1265 T	0.23222	0.04918	0.7186
1266 T	0.23006	0.05570	0.71425
1267 A	0.22554	0.06315	0.71131
1268 G	0.22387	0.06436	0.71177
1269 T	0.22280	0.06596	0.71123
1270 T	0.22066	0.07139	0.70796
1271 G	0.21706	0.07722	0.70572
1272 T	0.21672	0.07908	0.70419
1273 A	0.21566	0.08249	0.70185
1274 A	0.21533	0.08431	0.70036
1275 A	0.21578	0.08370	0.70052
1276 T	0.21752	0.08091	0.70157
1277 T	0.21939	0.07746	0.70314
1278 A	0.22040	0.07544	0.70416
1279 C	0.22173	0.07290	0.70537
1280 C	0.22345	0.07088	0.70567
1281 T	0.22599	0.06823	0.70578
1282 C	0.22737	0.06696	0.70567
1283 A	0.22872	0.06586	0.70542
1284 T	0.23111	0.06356	0.70533
1285 A	0.23295	0.06173	0.70533
1286 T	0.23687	0.05695	0.70618
1287 T	0.24069	0.05271	0.70661
1288 A	0.24468	0.04690	0.70842
1289 T	0.25196	0.03593	0.71212
1290 T	0.25640	0.02671	0.7169
1291 T	0.25727	0.02397	0.71876
1292 G	0.25565	0.02645	0.7179
1293 T	0.25702	0.03048	0.7125
1294 T	0.25724	0.03937	0.7034
1295 A	0.25439	0.05799	0.68762
1296 T	0.24899	0.07506	0.67595
1297 G	0.24063	0.09381	0.66556
1298 A	0.23753	0.10631	0.65616
1299 T	0.23105	0.11833	0.65062
1300 G	0.21550	0.13983	0.64467
1301 A	0.20314	0.15615	0.6407
1302 A	0.19946	0.16148	0.63906
1303 A	0.19876	0.16293	0.63831
1304 A	0.19857	0.16329	0.63814
1305 T	0.19882	0.16266	0.63851
1306 T	0.19883	0.16243	0.63874
1307 T	0.19857	0.16258	0.63885
1308 T	0.19799	0.16306	0.63895
1309 C	0.19742	0.16364	0.63895
1310 G	0.19717	0.16407	0.63876
1311 A	0.19697	0.16453	0.6385
1312 A	0.19700	0.16450	0.6385
1313 A	0.19744	0.16395	0.63861
1314 A	0.19918	0.16176	0.63906
1315 G	0.20324	0.15367	0.64308
1316 C	0.21232	0.14237	0.6453
1317 A	0.22541	0.12824	0.64634
1318 A	0.24393	0.10685	0.64922
1319 T	0.26009	0.08224	0.65767
1320 T	0.27074	0.06305	0.66621
1321 T	0.27716	0.05540	0.66744
1322 A	0.28015	0.04814	0.67171
1323 T	0.28405	0.03227	0.68368
1324 T	0.28602	0.01805	0.69593
1325 T	0.28611	0.01463	0.69926
1326 T	0.28396	0.01749	0.69854
1327 G	0.28048	0.02206	0.69746
1328 C	0.27781	0.02470	0.69749
