# lcl|CP097583.1_cds_USQ93459.1_1
# AA	inside	membr	outside
1 A	0.29275	0.00000	0.70725
2 T	0.29008	0.00267	0.70725
3 G	0.28830	0.00445	0.70725
4 A	0.28830	0.05041	0.66129
5 A	0.26538	0.11718	0.61743
6 T	0.26538	0.12048	0.61414
7 A	0.21730	0.16879	0.61391
8 G	0.21730	0.16879	0.61391
9 T	0.21586	0.17030	0.61384
10 A	0.21585	0.17651	0.60764
11 C	0.21524	0.17752	0.60723
12 T	0.20423	0.18944	0.60634
13 T	0.17480	0.22849	0.59671
14 T	0.17479	0.22851	0.59671
15 G	0.17479	0.31494	0.51027
16 A	0.17249	0.31724	0.51027
17 A	0.17015	0.32048	0.50937
18 A	0.17007	0.32244	0.50749
19 G	0.16807	0.32616	0.50578
20 A	0.14023	0.42383	0.43595
21 A	0.09411	0.47018	0.43571
22 A	0.09160	0.49095	0.41745
23 A	0.09008	0.51177	0.39815
24 A	0.09204	0.51777	0.39019
25 G	0.09612	0.51096	0.39291
26 A	0.09871	0.50840	0.39289
27 A	0.13892	0.45990	0.40118
28 T	0.17674	0.40137	0.42189
29 T	0.17909	0.39822	0.42269
30 T	0.17864	0.37611	0.44525
31 G	0.17002	0.39692	0.43306
32 A	0.16622	0.40854	0.42524
33 A	0.16487	0.40948	0.42565
34 A	0.16284	0.41099	0.42617
35 G	0.16955	0.39362	0.43684
36 T	0.18116	0.36021	0.45864
37 C	0.18363	0.35722	0.45915
38 A	0.23859	0.30301	0.4584
39 T	0.23906	0.30312	0.45782
40 A	0.23862	0.30313	0.45825
41 A	0.24058	0.30077	0.45865
42 A	0.24395	0.29626	0.4598
43 A	0.30347	0.20959	0.48693
44 A	0.30709	0.16466	0.52826
45 A	0.33280	0.13428	0.53292
46 T	0.36064	0.10263	0.53672
47 T	0.37379	0.08888	0.53733
48 T	0.37787	0.08671	0.53542
49 A	0.38030	0.08574	0.53396
50 T	0.38505	0.08064	0.53431
51 T	0.38790	0.07615	0.53594
52 T	0.39108	0.07251	0.5364
53 A	0.39366	0.07084	0.5355
54 T	0.40612	0.05121	0.54267
55 T	0.41257	0.04182	0.54561
56 T	0.41404	0.03690	0.54905
57 A	0.41483	0.03490	0.55028
58 T	0.41574	0.03435	0.5499
59 T	0.41627	0.03323	0.5505
60 T	0.41674	0.03210	0.55115
61 T	0.41713	0.03076	0.55211
62 T	0.41784	0.02907	0.55309
63 T	0.41730	0.02876	0.55394
64 A	0.41661	0.02942	0.55397
65 T	0.41652	0.02933	0.55414
66 A	0.41607	0.02995	0.55399
67 G	0.41659	0.02922	0.55419
68 G	0.41744	0.02847	0.55409
69 T	0.41894	0.02700	0.55407
70 A	0.42054	0.02539	0.55407
71 T	0.42408	0.02170	0.55422
72 T	0.42644	0.01902	0.55454
73 T	0.42759	0.01774	0.55467
74 T	0.42794	0.01731	0.55475
75 A	0.42872	0.01646	0.55482
76 T	0.43089	0.01406	0.55505
77 T	0.43167	0.01307	0.55527
78 T	0.43233	0.01217	0.55551
79 T	0.43280	0.01152	0.55568
80 A	0.43365	0.01040	0.55596
81 T	0.43512	0.00860	0.55628
82 T	0.43564	0.00788	0.55648
83 T	0.43605	0.00716	0.55679
84 T	0.43616	0.00669	0.55715
85 T	0.43611	0.00643	0.55745
86 T	0.43588	0.00613	0.55798
87 A	0.43548	0.00614	0.55838
88 T	0.43563	0.00578	0.55859
89 T	0.43552	0.00590	0.55858
90 T	0.43472	0.00672	0.55856
91 T	0.43378	0.00773	0.5585
92 T	0.43297	0.00860	0.55842
93 T	0.43188	0.00969	0.55842
94 C	0.43091	0.01066	0.55843
95 T	0.43024	0.01133	0.55843
96 T	0.42961	0.01196	0.55843
97 C	0.42911	0.01247	0.55842
98 C	0.42874	0.01285	0.55842
99 T	0.42817	0.01344	0.55839
100 T	0.42716	0.01448	0.55836
101 T	0.42588	0.01582	0.55831
102 A	0.42338	0.01843	0.55819
103 G	0.42239	0.01941	0.5582
104 A	0.42222	0.01948	0.55831
105 T	0.42220	0.01927	0.55853
106 T	0.42189	0.01932	0.55879
107 T	0.42129	0.01953	0.55917
108 T	0.41999	0.02056	0.55945
109 G	0.41743	0.02312	0.55945
110 G	0.41642	0.02453	0.55905
111 A	0.41621	0.02520	0.55859
112 A	0.41641	0.02455	0.55904
113 T	0.41643	0.02318	0.56039
114 T	0.41630	0.02206	0.56164
115 T	0.41590	0.02200	0.5621
116 C	0.41520	0.02293	0.56187
117 A	0.41306	0.02650	0.56044
118 T	0.41242	0.02773	0.55985
119 T	0.41145	0.03036	0.55819
120 T	0.40776	0.03685	0.55539
121 G	0.39937	0.05087	0.54975
122 G	0.39071	0.06921	0.54007
123 A	0.36509	0.10330	0.53161
124 A	0.35360	0.11738	0.52902
125 T	0.35083	0.11984	0.52933
126 G	0.34618	0.12500	0.52881
127 G	0.34359	0.12934	0.52708
128 A	0.34171	0.13414	0.52415
129 T	0.34101	0.13765	0.52134
130 G	0.33953	0.13976	0.52071
131 A	0.33859	0.14279	0.51862
132 A	0.33773	0.14543	0.51684
133 T	0.33728	0.14655	0.51617
134 C	0.33441	0.15238	0.51321
135 A	0.33243	0.16096	0.50662
136 A	0.33170	0.16218	0.50612
137 A	0.33122	0.16278	0.506
138 A	0.33131	0.16239	0.5063
139 T	0.33279	0.16016	0.50704
140 C	0.33387	0.15515	0.51098
141 A	0.33427	0.15424	0.51149
142 A	0.33646	0.15173	0.51181
143 A	0.34003	0.14692	0.51304
144 A	0.34678	0.13686	0.51636
145 T	0.35869	0.11896	0.52235
146 T	0.36803	0.08241	0.54956
147 T	0.37054	0.07023	0.55924
148 T	0.37072	0.07037	0.55891
149 T	0.36836	0.08053	0.55111
150 A	0.35747	0.11230	0.53024
151 A	0.35535	0.11965	0.52499
152 A	0.35615	0.12162	0.52223
153 A	0.35723	0.12138	0.52139
154 A	0.36076	0.11720	0.52204
155 T	0.36639	0.11138	0.52223
156 A	0.36800	0.10944	0.52257
157 T	0.37138	0.10336	0.52526
158 T	0.37550	0.09787	0.52663
159 T	0.37581	0.09703	0.52717
160 T	0.37579	0.09641	0.52779
161 T	0.37546	0.09627	0.52826
162 A	0.37464	0.09682	0.52853
163 A	0.37463	0.09615	0.52922
164 C	0.37564	0.09422	0.53014
165 A	0.37697	0.09283	0.5302
166 A	0.37951	0.09026	0.53024
167 T	0.38706	0.08258	0.53036
168 T	0.39106	0.07836	0.53057
169 T	0.39362	0.07572	0.53066
170 T	0.39622	0.07157	0.53221
171 G	0.39842	0.06791	0.53367
172 A	0.40582	0.05745	0.53672
173 T	0.42628	0.02630	0.54742
174 T	0.43229	0.01758	0.55013
175 T	0.43594	0.01289	0.55117
176 T	0.43780	0.01117	0.55103
177 A	0.43620	0.01340	0.5504
178 T	0.43643	0.01310	0.55047
179 T	0.43525	0.01429	0.55046
180 T	0.43218	0.01755	0.55026
181 T	0.42495	0.02472	0.55033
182 T	0.40121	0.04870	0.55009
183 A	0.36206	0.08856	0.54938
184 A	0.31507	0.13648	0.54845
185 C	0.27265	0.17949	0.54785
186 T	0.25296	0.20296	0.54408
187 G	0.21424	0.25160	0.53416
188 G	0.20033	0.26670	0.53297
189 A	0.19337	0.27380	0.53283
190 T	0.18976	0.27740	0.53284
191 A	0.18538	0.28173	0.53289
192 C	0.18109	0.28592	0.53299
193 C	0.17972	0.28726	0.53301
194 C	0.17922	0.28778	0.533
195 A	0.17819	0.28898	0.53284
196 G	0.17802	0.28933	0.53265
197 T	0.17855	0.28907	0.53238
198 T	0.17787	0.29041	0.53172
199 A	0.17672	0.29247	0.53081
200 T	0.17616	0.29027	0.53357
201 T	0.17451	0.29014	0.53535
202 A	0.17204	0.28927	0.53869
203 A	0.17091	0.28512	0.54397
204 A	0.16949	0.27543	0.55508
205 G	0.16862	0.24705	0.58433
206 A	0.16879	0.21396	0.61725
207 A	0.17068	0.16629	0.66303
208 G	0.17249	0.12161	0.7059
209 G	0.17637	0.09751	0.72613
210 T	0.18508	0.05673	0.7582
211 T	0.18607	0.04897	0.76496
212 T	0.18600	0.04846	0.76554
213 G	0.18554	0.05240	0.76206
214 A	0.18512	0.06619	0.74869
215 T	0.18490	0.07975	0.73535
216 T	0.18133	0.11787	0.7008
217 A	0.17541	0.13630	0.68829
218 A	0.17094	0.15002	0.67903
219 A	0.16683	0.16814	0.66503
220 A	0.16073	0.18661	0.65267
221 C	0.15902	0.19075	0.65022
222 T	0.15928	0.20297	0.63775
223 T	0.15845	0.21957	0.62198
224 A	0.15540	0.26171	0.58289
225 T	0.15359	0.26911	0.5773
226 G	0.14905	0.28901	0.56195
227 A	0.13526	0.33108	0.53366
228 A	0.12488	0.34984	0.52528
229 C	0.11932	0.35560	0.52508
230 A	0.11084	0.36757	0.52159
231 A	0.10474	0.37672	0.51854
232 A	0.10397	0.38040	0.51562
233 C	0.10537	0.38012	0.51451
234 A	0.10818	0.37992	0.5119
235 A	0.11356	0.37561	0.51084
236 A	0.12051	0.36881	0.51068
237 G	0.13240	0.35693	0.51067
238 A	0.14434	0.34600	0.50967
239 A	0.17081	0.31670	0.51248
240 A	0.18223	0.30006	0.51771
241 A	0.19328	0.28454	0.52218
242 A	0.21127	0.26180	0.52694
243 T	0.22827	0.23777	0.53397
244 C	0.23395	0.22904	0.53701
245 G	0.24272	0.22068	0.5366
246 A	0.25666	0.20897	0.53437
247 A	0.28984	0.17589	0.53427
248 A	0.29989	0.16530	0.53481
249 A	0.32153	0.14081	0.53765
250 T	0.35776	0.08857	0.55368
251 T	0.36678	0.06841	0.56481
252 A	0.36744	0.06186	0.5707
253 A	0.36968	0.05151	0.57881
254 C	0.37344	0.04070	0.58586
255 T	0.37712	0.03674	0.58615
256 T	0.37852	0.03576	0.58572
257 T	0.37996	0.03502	0.58501
258 T	0.37931	0.03661	0.58408
259 A	0.37744	0.04033	0.58224
260 A	0.37729	0.04027	0.58243
261 T	0.37805	0.03767	0.58428
262 G	0.37799	0.03661	0.58541
263 T	0.37851	0.03528	0.58621
264 T	0.37880	0.03457	0.58663
265 C	0.37892	0.03417	0.58692
266 A	0.37930	0.03410	0.58661
267 T	0.38025	0.03284	0.58692
268 A	0.38106	0.03154	0.58739
269 T	0.38372	0.02858	0.58771
270 T	0.38505	0.02713	0.58783
271 T	0.38577	0.02562	0.58862
272 T	0.38601	0.02497	0.58902
273 A	0.38576	0.02501	0.58923
274 A	0.38577	0.02426	0.58998
275 T	0.38603	0.02278	0.59119
276 G	0.38629	0.02172	0.59199
277 A	0.38709	0.02043	0.59248
278 T	0.38943	0.01745	0.59312
279 T	0.39112	0.01494	0.59394
280 T	0.39222	0.01305	0.59472
281 T	0.39309	0.01097	0.59593
282 G	0.39406	0.00839	0.59755
283 G	0.39496	0.00700	0.59805
284 T	0.39554	0.00592	0.59854
285 T	0.39591	0.00479	0.5993
286 T	0.39638	0.00415	0.59948
287 C	0.39682	0.00355	0.59964
288 T	0.39728	0.00313	0.59958
289 T	0.39760	0.00294	0.59946
290 T	0.39778	0.00290	0.59932
291 T	0.39795	0.00286	0.59919
292 T	0.39803	0.00279	0.59917
293 T	0.39792	0.00277	0.59931
294 G	0.39747	0.00309	0.59943
295 T	0.39733	0.00320	0.59946
296 C	0.39708	0.00340	0.59952
297 T	0.39694	0.00402	0.59904
298 T	0.39647	0.00600	0.59753
299 T	0.39572	0.00978	0.59451
300 T	0.39462	0.01337	0.59201
301 T	0.39385	0.01792	0.58822
302 T	0.39244	0.02237	0.58519
303 T	0.38969	0.03208	0.57822
304 A	0.38585	0.04150	0.57265
305 T	0.38239	0.04715	0.57046
306 G	0.36984	0.06010	0.57006
307 A	0.36207	0.06842	0.56951
308 A	0.35740	0.07342	0.56918
309 A	0.35535	0.07562	0.56903
310 C	0.35388	0.07715	0.56897
311 A	0.35342	0.07820	0.56838
312 T	0.35331	0.07910	0.56759
313 T	0.35287	0.08003	0.5671
314 A	0.35226	0.08105	0.5667
315 T	0.35136	0.08234	0.5663
316 A	0.35022	0.08353	0.56625
317 A	0.34957	0.08379	0.56665
318 T	0.34926	0.08376	0.56698
319 G	0.34863	0.08393	0.56745
320 A	0.34891	0.08321	0.56787
321 A	0.35074	0.08052	0.56874
322 T	0.35489	0.07469	0.57042
323 C	0.35770	0.06993	0.57236
324 T	0.36180	0.06480	0.5734
325 A	0.36426	0.06092	0.57481
326 T	0.37114	0.05132	0.57754
327 T	0.37542	0.04402	0.58056
328 T	0.37690	0.04014	0.58296
329 T	0.37703	0.02869	0.59428
330 A	0.37692	0.02343	0.59965
331 T	0.37707	0.01960	0.60334
332 T	0.37705	0.01847	0.60448
333 G	0.37698	0.01838	0.60464
334 A	0.37757	0.01961	0.60282
335 T	0.37864	0.01885	0.60251
336 T	0.37901	0.01859	0.6024
337 A	0.37913	0.01842	0.60244
338 T	0.37924	0.01759	0.60318
339 T	0.37913	0.01689	0.60397
340 A	0.37880	0.01696	0.60424
341 T	0.37858	0.01681	0.60461
342 T	0.37815	0.01674	0.60511
343 T	0.37700	0.01833	0.60468
344 T	0.37169	0.02509	0.60322
345 T	0.35599	0.04332	0.6007
346 G	0.32074	0.08247	0.59679
347 G	0.30170	0.10890	0.5894
348 A	0.28973	0.12757	0.5827
349 G	0.28141	0.13652	0.58207
350 G	0.27655	0.14176	0.58168
351 A	0.27497	0.14335	0.58168
352 G	0.27547	0.14270	0.58183
353 C	0.27715	0.14068	0.58217
354 T	0.27841	0.13949	0.58211
355 C	0.27916	0.13884	0.58201
356 A	0.28045	0.13801	0.58154
357 T	0.28303	0.13573	0.58124
358 T	0.28370	0.13554	0.58076
359 T	0.28402	0.13536	0.58061
360 T	0.28365	0.13605	0.5803
361 T	0.28139	0.13843	0.58018
362 T	0.27323	0.14696	0.57981
363 A	0.24079	0.17951	0.5797
364 G	0.21003	0.21029	0.57968
365 A	0.19532	0.22461	0.58007
366 A	0.19181	0.22602	0.58217
367 G	0.18951	0.22148	0.58901
368 A	0.19048	0.20412	0.6054
369 A	0.19328	0.16960	0.63711
370 T	0.20063	0.14702	0.65235
371 A	0.20113	0.13796	0.66091
372 T	0.19908	0.13337	0.66755
373 G	0.19279	0.13657	0.67064
374 T	0.18795	0.14107	0.67098
375 C	0.17274	0.15836	0.6689
376 G	0.15344	0.18315	0.66341
377 A	0.14333	0.20033	0.65635
378 A	0.13172	0.22048	0.64779
379 A	0.11888	0.24459	0.63653
380 A	0.10777	0.26656	0.62567
381 T	0.09412	0.29507	0.61081
382 A	0.06451	0.35716	0.57833
383 A	0.04920	0.40561	0.54519
384 A	0.04388	0.41181	0.54431
385 A	0.04199	0.40545	0.55256
386 A	0.04074	0.37841	0.58085
387 T	0.04081	0.35049	0.60871
388 C	0.03952	0.34070	0.61978
389 A	0.03488	0.34963	0.61549
390 A	0.03322	0.35632	0.61046
391 A	0.03272	0.36187	0.60541
392 A	0.03292	0.36217	0.60491
393 G	0.03362	0.36170	0.60468
394 G	0.03438	0.35499	0.61063
395 A	0.03589	0.35337	0.61075
396 T	0.03957	0.34585	0.61457
397 A	0.04096	0.34566	0.61337
398 T	0.04340	0.33416	0.62244
399 A	0.04591	0.32510	0.62898
400 A	0.05047	0.32214	0.62739
401 A	0.05614	0.31472	0.62915
402 A	0.06659	0.29092	0.64249
403 A	0.07835	0.26799	0.65367
404 A	0.09588	0.23332	0.6708
405 A	0.13006	0.17211	0.69783
406 C	0.16327	0.12221	0.71452
407 T	0.16960	0.11864	0.71177
408 T	0.16901	0.13258	0.69841
409 T	0.16774	0.15172	0.68054
410 T	0.16293	0.16912	0.66795
411 A	0.14868	0.20030	0.65101
412 G	0.14450	0.21673	0.63877
413 A	0.14585	0.24511	0.60904
414 T	0.14311	0.26427	0.59262
415 A	0.13161	0.29188	0.57651
416 T	0.11918	0.31437	0.56645
417 A	0.09150	0.34341	0.5651
418 A	0.08319	0.35158	0.56523
419 A	0.08140	0.35303	0.56558
420 A	0.08345	0.34987	0.56668
421 C	0.08503	0.34681	0.56816
422 C	0.08854	0.34267	0.56879
423 G	0.08981	0.34228	0.5679
424 A	0.08552	0.34872	0.56575
425 A	0.07462	0.36169	0.56369
426 A	0.06237	0.37580	0.56183
427 A	0.05771	0.38038	0.56191
428 A	0.05623	0.38020	0.56357
429 A	0.05648	0.37626	0.56726
430 G	0.06526	0.36096	0.57378
431 C	0.08601	0.33081	0.58318
432 T	0.10813	0.30583	0.58603
433 A	0.11594	0.29681	0.58725
434 G	0.12881	0.27683	0.59437
435 A	0.14539	0.25660	0.59801
436 T	0.17822	0.21996	0.60182
437 T	0.19088	0.19197	0.61715
438 A	0.19830	0.17182	0.62988
439 T	0.20294	0.15494	0.64212
440 T	0.19618	0.15266	0.65116
441 A	0.18122	0.17053	0.64826
442 A	0.13586	0.21804	0.6461
443 A	0.10816	0.25056	0.64127
444 A	0.08825	0.27315	0.6386
445 A	0.07651	0.28064	0.64285
446 A	0.06930	0.28214	0.64857
447 A	0.06578	0.27794	0.65628
448 A	0.06295	0.27446	0.66259
449 A	0.06335	0.26378	0.67287
450 T	0.06286	0.25985	0.67729
451 A	0.06096	0.26010	0.67894
452 A	0.06047	0.25769	0.68184
453 T	0.06058	0.25369	0.68573
454 G	0.06050	0.25228	0.68722
455 A	0.06107	0.25024	0.68869
456 T	0.06303	0.24481	0.69216
457 T	0.06386	0.24127	0.69487
458 A	0.06419	0.23905	0.69676
459 C	0.06483	0.23543	0.69974
460 G	0.06589	0.23274	0.70137
461 A	0.06822	0.22795	0.70383
462 A	0.07371	0.21943	0.70686
463 T	0.08913	0.19553	0.71534
464 T	0.09918	0.17415	0.72667
465 G	0.10321	0.12499	0.7718
466 A	0.10944	0.09325	0.79731
467 T	0.11470	0.06899	0.8163
468 A	0.11395	0.05977	0.82628
469 G	0.11451	0.05147	0.83402
470 A	0.11801	0.04416	0.83784
471 T	0.12472	0.03380	0.84147
472 G	0.12729	0.02968	0.84302
473 T	0.13026	0.02553	0.84421
474 T	0.13190	0.02276	0.84534
475 T	0.13121	0.02382	0.84496
476 C	0.12939	0.02713	0.84348
477 G	0.12873	0.03455	0.83673
478 G	0.12836	0.03959	0.83205
479 A	0.12761	0.04920	0.82318
480 T	0.12749	0.05445	0.81806
481 T	0.12627	0.05930	0.81443
482 T	0.12143	0.06673	0.81185
483 A	0.11081	0.08164	0.80755
484 A	0.10799	0.08732	0.80469
485 A	0.10654	0.08946	0.804
486 A	0.10592	0.09020	0.80388
487 A	0.10589	0.08995	0.80416
488 T	0.10640	0.08817	0.80543
489 A	0.10622	0.08742	0.80635
490 G	0.10609	0.08635	0.80756
491 G	0.10682	0.08381	0.80938
492 C	0.10788	0.08153	0.81059
493 G	0.10909	0.08016	0.81075
494 A	0.11099	0.07814	0.81087
495 T	0.11191	0.07691	0.81117
496 C	0.11226	0.07629	0.81145
497 G	0.11310	0.07543	0.81148
498 A	0.11496	0.07257	0.81247
499 G	0.11906	0.06687	0.81408
500 T	0.12823	0.05695	0.81482
501 T	0.13360	0.05146	0.81493
502 A	0.14000	0.04344	0.81657
503 T	0.14455	0.03639	0.81906
504 G	0.14708	0.03179	0.82113
505 G	0.14932	0.02525	0.82543
506 T	0.15306	0.01390	0.83304
507 T	0.15553	0.00972	0.83476
508 T	0.15601	0.00888	0.83512
509 T	0.15604	0.00890	0.83506
510 G	0.15503	0.01063	0.83434
511 A	0.15360	0.01398	0.83242
512 A	0.15288	0.01517	0.83195
513 T	0.15132	0.01730	0.83138
514 G	0.14878	0.02220	0.82903
515 G	0.14741	0.02583	0.82676
516 T	0.14670	0.02710	0.8262
517 G	0.14534	0.02910	0.82556
518 A	0.14427	0.03055	0.82518
519 A	0.14344	0.03165	0.8249
520 C	0.14329	0.03197	0.82474
521 A	0.14324	0.03220	0.82457
522 A	0.14347	0.03199	0.82454
523 A	0.14382	0.03162	0.82456
524 T	0.14444	0.03098	0.82459
525 A	0.14488	0.03051	0.82462
526 C	0.14544	0.02971	0.82485
527 C	0.14598	0.02903	0.82499
528 T	0.14688	0.02809	0.82503
529 T	0.14724	0.02769	0.82507
530 C	0.14763	0.02724	0.82512
531 T	0.14828	0.02660	0.82512
532 G	0.14870	0.02611	0.8252
533 A	0.14962	0.02418	0.8262
534 T	0.15180	0.02051	0.82768
535 G	0.15267	0.01895	0.82837
536 G	0.15379	0.01578	0.83043
537 T	0.15650	0.01041	0.83309
538 G	0.15849	0.00695	0.83456
539 T	0.15935	0.00533	0.83533
540 T	0.16000	0.00374	0.83626
541 A	0.16023	0.00281	0.83695
542 T	0.16040	0.00189	0.83771
543 T	0.16044	0.00161	0.83795
544 G	0.16040	0.00165	0.83795
545 T	0.16040	0.00190	0.83771
546 A	0.16033	0.00272	0.83695
547 T	0.16026	0.00342	0.83632
548 T	0.16013	0.00458	0.83529
549 A	0.15991	0.00492	0.83518
550 G	0.15974	0.00518	0.83507
551 G	0.15969	0.00544	0.83487
552 T	0.15968	0.00563	0.83469
553 C	0.15967	0.00564	0.83469
554 A	0.15970	0.00570	0.83459
555 T	0.15975	0.00572	0.83453
556 T	0.15975	0.00572	0.83452
557 C	0.15971	0.00577	0.83453
558 T	0.15949	0.00603	0.83448
559 T	0.15940	0.00618	0.83442
560 C	0.15910	0.00657	0.83433
561 T	0.15865	0.00734	0.83402
562 A	0.15739	0.00911	0.8335
563 T	0.15704	0.00952	0.83344
564 A	0.15566	0.01123	0.83311
565 G	0.15424	0.01321	0.83255
566 A	0.15317	0.01505	0.83177
567 C	0.15248	0.01614	0.83138
568 G	0.14979	0.01940	0.83081
569 A	0.14940	0.02013	0.83046
570 A	0.14913	0.02071	0.83016
571 T	0.14963	0.02014	0.83023
572 C	0.14914	0.02050	0.83036
573 G	0.14885	0.02073	0.83042
574 G	0.14896	0.02064	0.8304
575 C	0.14913	0.02051	0.83037
576 T	0.14916	0.02057	0.83026
577 A	0.14919	0.02056	0.83026
578 T	0.14924	0.02048	0.83028
579 T	0.14896	0.02072	0.83032
580 A	0.14801	0.02161	0.83038
581 C	0.14724	0.02187	0.8309
582 A	0.14625	0.02266	0.83109
583 G	0.14534	0.02316	0.83151
584 G	0.14431	0.02366	0.83202
585 C	0.14308	0.02385	0.83307
586 G	0.14075	0.02621	0.83304
587 A	0.13970	0.02661	0.83369
588 A	0.13906	0.02648	0.83446
589 A	0.13920	0.02565	0.83514
590 G	0.13930	0.02495	0.83575
591 T	0.13947	0.02133	0.8392
592 A	0.13914	0.02049	0.84037
593 T	0.13922	0.01928	0.8415
594 T	0.13883	0.01917	0.842
595 C	0.13780	0.01973	0.84247
596 C	0.13682	0.02074	0.84245
597 T	0.13492	0.02346	0.84162
598 T	0.12969	0.03036	0.83995
599 T	0.11317	0.05011	0.83671
600 A	0.08242	0.08605	0.83153
601 G	0.05956	0.11117	0.82927
602 A	0.04612	0.12623	0.82765
603 A	0.03830	0.13412	0.82758
604 A	0.03465	0.13742	0.82792
605 A	0.03349	0.13795	0.82857
606 A	0.03286	0.13784	0.8293
607 A	0.03248	0.13720	0.83032
608 A	0.03239	0.13588	0.83174
609 A	0.03253	0.13375	0.83373
610 A	0.03271	0.13241	0.83488
611 A	0.03299	0.13100	0.83601
612 A	0.03322	0.13003	0.83674
613 A	0.03346	0.12928	0.83725
614 G	0.03357	0.12830	0.83812
615 T	0.03372	0.12726	0.83902
616 G	0.03369	0.12669	0.83962
617 A	0.03395	0.12567	0.84039
618 T	0.03442	0.12357	0.84201
619 A	0.03453	0.12154	0.84393
620 A	0.03529	0.11612	0.8486
621 A	0.03715	0.10523	0.85761
622 G	0.04108	0.08041	0.87851
623 T	0.04627	0.04624	0.90749
624 T	0.04824	0.02608	0.92567
625 T	0.04921	0.01509	0.93571
626 T	0.04921	0.00989	0.9409
627 C	0.04745	0.00991	0.94264
628 G	0.04279	0.01659	0.94062
629 G	0.03921	0.02025	0.94053
630 T	0.03798	0.02205	0.93997
631 A	0.03651	0.02565	0.93784
632 G	0.03599	0.02696	0.93705
633 C	0.03576	0.02747	0.93677
634 A	0.03564	0.02871	0.93566
635 A	0.03578	0.02927	0.93496
636 T	0.03604	0.02979	0.93417
637 T	0.03600	0.03076	0.93324
638 T	0.03555	0.03278	0.93167
639 G	0.03474	0.03547	0.92979
640 A	0.03447	0.03660	0.92893
641 A	0.03442	0.03696	0.92862
642 T	0.03458	0.03696	0.92846
643 T	0.03448	0.03743	0.92809
644 T	0.03435	0.03830	0.92736
645 A	0.03399	0.04007	0.92594
646 A	0.03384	0.04073	0.92543
647 G	0.03386	0.04044	0.9257
648 T	0.03408	0.04017	0.92575
649 A	0.03431	0.03958	0.92612
650 A	0.03513	0.03704	0.92783
651 T	0.03764	0.02928	0.93308
652 A	0.03826	0.02490	0.93684
653 C	0.03948	0.02220	0.93833
654 T	0.04233	0.01868	0.939
655 T	0.04314	0.01773	0.93913
656 T	0.04332	0.01750	0.93918
657 G	0.04345	0.01762	0.93893
658 A	0.04395	0.01792	0.93814
659 T	0.04476	0.01762	0.93762
660 A	0.04486	0.01853	0.93661
661 G	0.04581	0.01820	0.93598
662 T	0.04760	0.01649	0.93592
663 T	0.04646	0.01908	0.93447
664 G	0.04330	0.02854	0.92816
665 A	0.04071	0.04713	0.91217
666 A	0.03898	0.06408	0.89695
667 A	0.03927	0.06640	0.89433
668 T	0.04050	0.06561	0.8939
669 T	0.04041	0.06573	0.89387
670 A	0.03951	0.06677	0.89372
671 C	0.03913	0.06719	0.89369
672 T	0.03763	0.06891	0.89347
673 C	0.03414	0.07242	0.89345
674 A	0.03137	0.07524	0.89339
675 A	0.03042	0.07620	0.89338
676 A	0.03015	0.07647	0.89338
677 C	0.03009	0.07646	0.89344
678 T	0.03019	0.07636	0.89345
679 G	0.03002	0.07644	0.89354
680 A	0.03033	0.07607	0.89361
681 A	0.03071	0.07573	0.89356
682 G	0.03125	0.07520	0.89355
683 A	0.03237	0.07338	0.89425
684 T	0.03405	0.07107	0.89488
685 A	0.03469	0.06976	0.89555
686 A	0.03646	0.06606	0.89748
687 A	0.04213	0.05710	0.90077
688 A	0.05719	0.03895	0.90386
689 C	0.07192	0.02186	0.90622
690 T	0.07588	0.01744	0.90668
691 A	0.07670	0.01630	0.907
692 T	0.07710	0.01506	0.90784
693 T	0.07721	0.01414	0.90865
694 T	0.07723	0.01371	0.90906
695 T	0.07722	0.01196	0.91083
696 T	0.07706	0.00877	0.91416
697 T	0.07679	0.00640	0.9168
698 C	0.07588	0.00670	0.91742
699 T	0.07054	0.01277	0.91668
700 G	0.05730	0.02828	0.91443
701 A	0.04817	0.04111	0.91072
702 A	0.04438	0.04757	0.90805
703 A	0.04322	0.04985	0.90693
704 T	0.04287	0.05016	0.90696
705 A	0.04255	0.05029	0.90716
706 A	0.04233	0.05022	0.90744
707 T	0.04214	0.05004	0.90782
708 T	0.04160	0.05030	0.9081
709 C	0.04082	0.05161	0.90757
710 G	0.04028	0.05461	0.90511
711 A	0.03982	0.05835	0.90184
712 T	0.03949	0.05914	0.90138
713 T	0.03910	0.05989	0.90101
714 A	0.03824	0.06130	0.90045
715 A	0.03652	0.06319	0.90028
716 C	0.03548	0.06402	0.9005
717 T	0.03472	0.06485	0.90043
718 G	0.03394	0.06573	0.90034
719 A	0.03363	0.06613	0.90025
720 A	0.03353	0.06624	0.90024
721 A	0.03374	0.06573	0.90053
722 A	0.03463	0.05947	0.9059
723 A	0.03671	0.04483	0.91846
724 A	0.03995	0.03272	0.92732
725 T	0.04229	0.02721	0.93049
726 T	0.04247	0.02958	0.92795
727 C	0.04170	0.03726	0.92104
728 A	0.04092	0.04023	0.91885
729 A	0.04033	0.04133	0.91834
730 A	0.04018	0.04152	0.9183
731 A	0.04045	0.04109	0.91846
732 C	0.04131	0.03975	0.91894
733 A	0.04375	0.03706	0.9192
734 A	0.04686	0.03349	0.91966
735 T	0.04765	0.03225	0.9201
736 G	0.04805	0.03142	0.92054
737 T	0.04871	0.03015	0.92115
738 T	0.04899	0.02778	0.92323
739 T	0.04878	0.02676	0.92446
740 C	0.04838	0.02640	0.92522
741 T	0.04817	0.02666	0.92517
742 A	0.04699	0.02884	0.92417
743 A	0.04552	0.03094	0.92353
744 A	0.04411	0.03279	0.9231
745 A	0.04360	0.03323	0.92318
746 A	0.04345	0.03283	0.92372
747 A	0.04401	0.03175	0.92424
748 G	0.04544	0.02930	0.92526
749 C	0.04980	0.02383	0.92637
750 T	0.05690	0.01603	0.92707
751 T	0.05898	0.01352	0.9275
752 C	0.05957	0.01265	0.92778
753 T	0.06002	0.01215	0.92783
754 T	0.06021	0.01197	0.92782
755 T	0.06028	0.01192	0.9278
756 C	0.06016	0.01210	0.92774
757 A	0.06007	0.01289	0.92704
758 T	0.06012	0.01309	0.92679
759 T	0.05903	0.01458	0.92639
760 A	0.05629	0.01783	0.92588
761 A	0.05405	0.02029	0.92566
762 T	0.05219	0.02179	0.92602
763 A	0.05015	0.02395	0.9259
764 A	0.04907	0.02518	0.92576
765 A	0.04925	0.02426	0.92648
766 A	0.04958	0.02245	0.92797
767 T	0.04980	0.02078	0.92941
768 A	0.04911	0.02069	0.9302
769 G	0.04869	0.02068	0.93063
770 C	0.04856	0.02068	0.93076
771 T	0.04841	0.02083	0.93076
772 C	0.04819	0.02105	0.93077
773 C	0.04798	0.02126	0.93076
774 T	0.04793	0.02134	0.93073
775 G	0.04773	0.02158	0.93069
776 C	0.04764	0.02170	0.93066
777 A	0.04759	0.02184	0.93057
778 T	0.04778	0.02166	0.93056
779 A	0.04793	0.02130	0.93077
780 T	0.04868	0.02032	0.93101
781 A	0.04890	0.02002	0.93108
782 T	0.04939	0.01784	0.93277
783 T	0.04973	0.01479	0.93548
784 A	0.04978	0.01272	0.93749
785 A	0.04988	0.01085	0.93927
786 A	0.05038	0.00844	0.94117
787 T	0.05098	0.00648	0.94253
788 T	0.05131	0.00549	0.94321
789 A	0.05129	0.00531	0.94341
790 A	0.05131	0.00497	0.94372
791 T	0.05133	0.00429	0.94438
792 T	0.05130	0.00396	0.94474
793 A	0.05128	0.00383	0.9449
794 T	0.05130	0.00360	0.9451
795 A	0.05129	0.00339	0.94532
796 T	0.05132	0.00308	0.9456
797 T	0.05137	0.00289	0.94574
798 T	0.05139	0.00268	0.94594
799 G	0.05138	0.00256	0.94606
800 C	0.05143	0.00239	0.94617
801 T	0.05146	0.00235	0.94618
802 A	0.05150	0.00232	0.94618
803 T	0.05157	0.00222	0.9462
804 T	0.05165	0.00212	0.94623
805 T	0.05167	0.00211	0.94622
806 T	0.05165	0.00208	0.94627
807 A	0.05148	0.00221	0.94631
808 G	0.05144	0.00213	0.94643
809 G	0.05146	0.00206	0.94648
810 G	0.05154	0.00199	0.94647
811 T	0.05172	0.00186	0.94642
812 T	0.05189	0.00172	0.94639
813 T	0.05182	0.00194	0.94624
814 A	0.05164	0.00243	0.94593
815 T	0.05162	0.00261	0.94577
816 T	0.05148	0.00285	0.94567
817 G	0.05131	0.00327	0.94542
818 T	0.05124	0.00352	0.94524
819 T	0.05111	0.00377	0.94512
820 G	0.05072	0.00419	0.9451
821 T	0.05049	0.00444	0.94508
822 A	0.05008	0.00485	0.94508
823 T	0.04988	0.00503	0.94508
824 C	0.04964	0.00527	0.94509
825 T	0.04946	0.00546	0.94508
826 G	0.04920	0.00574	0.94507
827 G	0.04905	0.00589	0.94506
828 A	0.04897	0.00599	0.94505
829 A	0.04898	0.00597	0.94505
830 T	0.04908	0.00569	0.94523
831 A	0.04910	0.00564	0.94527
832 T	0.04916	0.00554	0.9453
833 A	0.04915	0.00553	0.94531
834 T	0.04923	0.00541	0.94536
835 A	0.04923	0.00539	0.94539
836 A	0.04938	0.00511	0.9455
837 T	0.04972	0.00456	0.94572
838 T	0.04980	0.00437	0.94583
839 G	0.04973	0.00429	0.94598
840 T	0.04992	0.00394	0.94614
841 T	0.04999	0.00381	0.9462
842 A	0.04997	0.00377	0.94626
843 T	0.04998	0.00345	0.94657
844 T	0.04993	0.00330	0.94678
845 T	0.04983	0.00317	0.94701
846 T	0.04963	0.00370	0.94667
847 T	0.04899	0.00504	0.94597
848 A	0.04791	0.00752	0.94457
849 T	0.04702	0.00959	0.94339
850 A	0.04497	0.01243	0.94261
851 G	0.04384	0.01387	0.94229
852 T	0.04318	0.01488	0.94194
853 G	0.04237	0.01600	0.94164
854 A	0.04180	0.01689	0.94131
855 A	0.04154	0.01726	0.9412
856 A	0.04142	0.01738	0.9412
857 T	0.04137	0.01743	0.9412
858 A	0.04128	0.01756	0.94116
859 A	0.04124	0.01766	0.9411
860 A	0.04122	0.01777	0.94101
861 G	0.04123	0.01783	0.94093
862 T	0.04128	0.01808	0.94064
863 T	0.04129	0.01842	0.94029
864 T	0.04111	0.01927	0.93962
865 A	0.04071	0.02023	0.93905
866 A	0.04050	0.02087	0.93862
867 A	0.04036	0.02127	0.93836
868 G	0.04051	0.02110	0.93839
869 A	0.04112	0.02038	0.9385
870 A	0.04215	0.01869	0.93916
871 A	0.04382	0.01592	0.94026
872 T	0.04556	0.01307	0.94136
873 T	0.04646	0.01037	0.94317
874 T	0.04679	0.00907	0.94414
875 T	0.04691	0.00841	0.94469
876 A	0.04695	0.00789	0.94516
877 T	0.04707	0.00740	0.94553
878 T	0.04712	0.00719	0.94569
879 G	0.04711	0.00727	0.94563
880 A	0.04713	0.00735	0.94552
881 A	0.04722	0.00724	0.94554
882 A	0.04732	0.00715	0.94553
883 A	0.04753	0.00690	0.94556
884 G	0.04794	0.00638	0.94568
885 T	0.04865	0.00557	0.94578
886 A	0.04912	0.00505	0.94582
887 T	0.04993	0.00403	0.94605
888 G	0.05039	0.00325	0.94635
889 A	0.05084	0.00264	0.94651
890 T	0.05125	0.00209	0.94665
891 T	0.05151	0.00180	0.9467
892 T	0.05162	0.00173	0.94665
893 T	0.05171	0.00169	0.9466
894 T	0.05175	0.00176	0.94649
895 T	0.05177	0.00177	0.94646
896 T	0.05178	0.00178	0.94645
897 A	0.05179	0.00178	0.94643
898 A	0.05182	0.00172	0.94645
899 C	0.05193	0.00157	0.94651
900 T	0.05206	0.00144	0.9465
901 G	0.05214	0.00135	0.94651
902 T	0.05237	0.00111	0.94652
903 T	0.05250	0.00099	0.94652
904 G	0.05255	0.00094	0.94652
905 C	0.05261	0.00086	0.94653
906 T	0.05266	0.00081	0.94653
907 G	0.05266	0.00080	0.94653
908 C	0.05269	0.00077	0.94653
909 T	0.05275	0.00072	0.94653
910 C	0.05278	0.00069	0.94653
911 C	0.05281	0.00066	0.94653
912 A	0.05286	0.00062	0.94653
913 T	0.05289	0.00058	0.94653
914 G	0.05292	0.00056	0.94653
915 C	0.05298	0.00049	0.94653
916 G	0.05304	0.00044	0.94653
917 C	0.05316	0.00031	0.94653
918 T	0.05321	0.00029	0.9465
919 T	0.05324	0.00027	0.9465
920 T	0.05325	0.00026	0.94649
921 A	0.05325	0.00027	0.94648
922 G	0.05325	0.00028	0.94648
923 C	0.05326	0.00023	0.94651
924 T	0.05327	0.00026	0.94647
925 G	0.05327	0.00026	0.94647
926 T	0.05328	0.00025	0.94647
927 T	0.05327	0.00026	0.94647
928 G	0.05326	0.00028	0.94646
929 C	0.05325	0.00031	0.94644
930 T	0.05324	0.00044	0.94632
931 G	0.05324	0.00069	0.94608
932 A	0.05323	0.00096	0.94581
933 T	0.05322	0.00103	0.94575
934 A	0.05320	0.00106	0.94574
935 T	0.05319	0.00107	0.94574
936 A	0.05310	0.00116	0.94574
937 C	0.05308	0.00118	0.94575
938 C	0.05307	0.00119	0.94575
939 A	0.05305	0.00121	0.94575
940 G	0.05305	0.00121	0.94574
941 C	0.05308	0.00119	0.94574
942 T	0.05307	0.00119	0.94574
943 A	0.05305	0.00121	0.94574
944 C	0.05305	0.00120	0.94575
945 T	0.05306	0.00119	0.94575
946 C	0.05306	0.00119	0.94575
947 T	0.05310	0.00115	0.94575
948 T	0.05309	0.00116	0.94575
949 T	0.05305	0.00119	0.94575
950 C	0.05292	0.00131	0.94576
951 G	0.05225	0.00198	0.94577
952 G	0.05175	0.00248	0.94577
953 C	0.05155	0.00271	0.94573
954 T	0.05162	0.00281	0.94557
955 A	0.05147	0.00303	0.94551
956 T	0.05139	0.00315	0.94546
957 T	0.05116	0.00351	0.94533
958 T	0.05079	0.00400	0.94522
959 C	0.05038	0.00441	0.94521
960 T	0.05017	0.00483	0.945
961 A	0.04992	0.00532	0.94476
962 A	0.04972	0.00563	0.94465
963 T	0.04957	0.00581	0.94462
964 T	0.04936	0.00603	0.94462
965 T	0.04905	0.00632	0.94463
966 A	0.04823	0.00713	0.94464
967 G	0.04759	0.00776	0.94465
968 C	0.04702	0.00836	0.94461
969 T	0.04645	0.00920	0.94435
970 A	0.04489	0.01150	0.94361
971 A	0.04390	0.01284	0.94325
972 A	0.04323	0.01386	0.94292
973 A	0.04277	0.01455	0.94268
974 A	0.04238	0.01451	0.94311
975 A	0.04214	0.01436	0.94349
976 G	0.04202	0.01436	0.94362
977 G	0.04205	0.01463	0.94332
978 A	0.04208	0.01462	0.9433
979 G	0.04221	0.01471	0.94308
980 T	0.04254	0.01456	0.94291
981 T	0.04275	0.01437	0.94288
982 T	0.04283	0.01428	0.94289
983 T	0.04288	0.01461	0.94251
984 A	0.04276	0.01549	0.94175
985 T	0.04268	0.01667	0.94065
986 T	0.04247	0.01766	0.93986
987 A	0.04167	0.02032	0.938
988 A	0.04099	0.02173	0.93728
989 A	0.04069	0.02174	0.93757
990 A	0.04042	0.02159	0.93799
991 A	0.04033	0.02109	0.93858
992 A	0.04052	0.02028	0.9392
993 T	0.04120	0.01814	0.94066
994 G	0.04147	0.01698	0.94155
995 G	0.04179	0.01613	0.94208
996 A	0.04212	0.01561	0.94226
997 A	0.04239	0.01503	0.94258
998 A	0.04261	0.01460	0.94279
999 A	0.04306	0.01399	0.94296
1000 T	0.04380	0.01307	0.94313
1001 C	0.04432	0.01246	0.94322
1002 T	0.04494	0.01194	0.94313
1003 T	0.04537	0.01168	0.94295
1004 T	0.04565	0.01169	0.94266
1005 A	0.04575	0.01219	0.94206
1006 G	0.04626	0.01215	0.94159
1007 G	0.04723	0.01146	0.94131
1008 T	0.04893	0.01039	0.94067
1009 A	0.04985	0.00983	0.94031
1010 T	0.05191	0.00730	0.94079
1011 T	0.05251	0.00659	0.9409
1012 T	0.05258	0.00636	0.94106
1013 T	0.05253	0.00625	0.94122
1014 A	0.05238	0.00634	0.94129
1015 T	0.05235	0.00628	0.94137
1016 C	0.05221	0.00638	0.94141
1017 T	0.05214	0.00649	0.94137
1018 G	0.05197	0.00676	0.94127
1019 A	0.05199	0.00686	0.94115
1020 G	0.05197	0.00690	0.94114
1021 G	0.05196	0.00694	0.9411
1022 T	0.05201	0.00695	0.94103
1023 T	0.05201	0.00705	0.94094
1024 C	0.05198	0.00712	0.9409
1025 A	0.05201	0.00726	0.94073
1026 A	0.05215	0.00729	0.94056
1027 A	0.05250	0.00713	0.94037
1028 C	0.05325	0.00645	0.9403
1029 T	0.05398	0.00626	0.93976
1030 A	0.05448	0.00633	0.9392
1031 T	0.05537	0.00559	0.93904
1032 T	0.05584	0.00526	0.9389
1033 G	0.05598	0.00524	0.93879
1034 T	0.05631	0.00492	0.93877
1035 T	0.05607	0.00519	0.93874
1036 T	0.05582	0.00545	0.93872
1037 T	0.05551	0.00591	0.93858
1038 T	0.05487	0.00688	0.93825
1039 G	0.05380	0.00870	0.9375
1040 A	0.05310	0.01042	0.93649
1041 T	0.05246	0.01200	0.93554
1042 A	0.05157	0.01317	0.93525
1043 A	0.04913	0.01591	0.93495
1044 A	0.04689	0.01842	0.93469
1045 A	0.04449	0.02111	0.93441
1046 C	0.04234	0.02322	0.93444
1047 A	0.03962	0.02612	0.93426
1048 G	0.03855	0.02713	0.93433
1049 G	0.03843	0.02723	0.93434
1050 C	0.03848	0.02718	0.93434
1051 A	0.03847	0.02729	0.93424
1052 C	0.03893	0.02687	0.9342
1053 T	0.03939	0.02691	0.9337
1054 T	0.03935	0.02709	0.93355
1055 T	0.03903	0.02756	0.9334
1056 A	0.03806	0.02852	0.93341
1057 A	0.03721	0.02934	0.93344
1058 C	0.03618	0.02925	0.93457
1059 G	0.03504	0.03000	0.93497
1060 C	0.03349	0.03155	0.93496
1061 A	0.03038	0.03795	0.93166
1062 A	0.02906	0.04428	0.92665
1063 G	0.02810	0.04976	0.92214
1064 G	0.02785	0.05375	0.9184
1065 A	0.02752	0.05727	0.9152
1066 A	0.02754	0.05655	0.9159
1067 A	0.02772	0.05536	0.91692
1068 A	0.02794	0.05313	0.91892
1069 A	0.02800	0.05092	0.92107
1070 T	0.02825	0.04777	0.92398
1071 T	0.02819	0.04675	0.92506
1072 G	0.02794	0.04736	0.9247
1073 A	0.02786	0.04787	0.92427
1074 A	0.02785	0.04785	0.9243
1075 G	0.02787	0.04769	0.92444
1076 T	0.02826	0.04739	0.92436
1077 T	0.02837	0.04773	0.9239
1078 A	0.02843	0.04972	0.92185
1079 A	0.02845	0.05198	0.91957
1080 A	0.02835	0.05469	0.91697
1081 G	0.02844	0.05421	0.91734
1082 A	0.02879	0.05398	0.91724
1083 A	0.02969	0.05174	0.91857
1084 G	0.03361	0.04439	0.922
1085 T	0.04068	0.03559	0.92373
1086 T	0.04668	0.02818	0.92513
1087 T	0.05113	0.02317	0.92571
1088 T	0.05348	0.02082	0.92571
1089 T	0.05418	0.02075	0.92508
1090 T	0.05430	0.02154	0.92416
1091 T	0.05435	0.02235	0.92331
1092 T	0.05437	0.02348	0.92215
1093 A	0.05422	0.02398	0.9218
1094 A	0.05429	0.02407	0.92165
1095 T	0.05487	0.02342	0.92171
1096 T	0.05340	0.02513	0.92147
1097 C	0.04771	0.03142	0.92086
1098 A	0.04180	0.04109	0.91712
1099 G	0.03972	0.04593	0.91435
1100 A	0.03831	0.05097	0.91072
1101 A	0.04030	0.05126	0.90844
1102 A	0.04338	0.05051	0.90611
1103 T	0.04695	0.04898	0.90407
1104 A	0.04672	0.05071	0.90257
1105 T	0.04684	0.05214	0.90102
1106 T	0.04217	0.05839	0.89943
1107 A	0.03310	0.06877	0.89812
1108 G	0.02792	0.07484	0.89724
1109 A	0.02326	0.07983	0.89691
1110 A	0.02037	0.08289	0.89674
1111 A	0.01754	0.08585	0.89661
1112 A	0.01629	0.08713	0.89659
1113 C	0.01476	0.08859	0.89665
1114 G	0.01207	0.09141	0.89652
1115 A	0.01034	0.09322	0.89644
1116 A	0.00933	0.09419	0.89648
1117 A	0.00869	0.09470	0.8966
1118 G	0.00803	0.09515	0.89682
1119 A	0.00778	0.09336	0.89886
1120 A	0.00829	0.08782	0.90389
1121 A	0.01158	0.07873	0.90968
1122 A	0.01436	0.07349	0.91215
1123 C	0.01783	0.06772	0.91444
1124 A	0.02005	0.06517	0.91478
1125 A	0.02258	0.06223	0.91519
1126 T	0.02525	0.05854	0.91622
1127 A	0.02667	0.05612	0.91722
1128 T	0.02846	0.05314	0.91839
1129 T	0.02970	0.04578	0.92452
1130 T	0.03044	0.03616	0.9334
1131 A	0.03038	0.03169	0.93794
1132 G	0.03024	0.02740	0.94236
1133 A	0.03017	0.02557	0.94425
1134 T	0.03031	0.02385	0.94584
1135 A	0.03021	0.02529	0.9445
1136 T	0.03034	0.02346	0.94619
1137 T	0.03041	0.02067	0.94892
1138 T	0.03037	0.01964	0.95
1139 T	0.03019	0.02120	0.94861
1140 A	0.02964	0.02491	0.94545
1141 T	0.02919	0.02534	0.94547
1142 G	0.02837	0.02606	0.94556
1143 G	0.02749	0.02777	0.94475
1144 A	0.02684	0.03030	0.94287
1145 C	0.02647	0.03108	0.94245
1146 G	0.02630	0.03316	0.94055
1147 A	0.02637	0.03581	0.93782
1148 T	0.02641	0.03973	0.93385
1149 G	0.02629	0.04531	0.92841
1150 G	0.02627	0.05061	0.92313
1151 A	0.02612	0.06062	0.91326
1152 A	0.02586	0.06975	0.90439
1153 A	0.02597	0.07465	0.89937
1154 A	0.02645	0.07569	0.89786
1155 A	0.02722	0.07553	0.89726
1156 G	0.02858	0.07398	0.89744
1157 A	0.03084	0.07167	0.8975
1158 T	0.03521	0.06702	0.89777
1159 T	0.03651	0.06560	0.89789
1160 C	0.03705	0.06493	0.89802
1161 A	0.03784	0.06410	0.89806
1162 A	0.03965	0.06212	0.89823
1163 A	0.04285	0.05853	0.89862
1164 T	0.04413	0.05679	0.89908
1165 C	0.04487	0.05543	0.89969
1166 A	0.04617	0.05339	0.90045
1167 T	0.04827	0.05060	0.90113
1168 C	0.04858	0.04994	0.90148
1169 C	0.04830	0.05020	0.90149
1170 G	0.04976	0.04892	0.90132
1171 A	0.05413	0.04456	0.90131
1172 T	0.06002	0.03857	0.9014
1173 A	0.06456	0.03401	0.90143
1174 G	0.07340	0.02487	0.90173
1175 C	0.08264	0.01497	0.9024
1176 T	0.08769	0.00981	0.90249
1177 T	0.08912	0.00834	0.90254
1178 T	0.08872	0.00875	0.90253
1179 T	0.08751	0.01016	0.90233
1180 T	0.08506	0.01321	0.90172
1181 C	0.07702	0.02244	0.90055
1182 A	0.06789	0.03267	0.89943
1183 A	0.05776	0.04447	0.89777
1184 T	0.05234	0.05106	0.89661
1185 A	0.04266	0.06141	0.89593
1186 C	0.03526	0.06919	0.89555
1187 A	0.03011	0.07516	0.89473
1188 A	0.02859	0.07711	0.8943
1189 A	0.02765	0.07845	0.89391
1190 A	0.02733	0.07891	0.89375
1191 A	0.02727	0.07891	0.89382
1192 T	0.02737	0.07682	0.8958
1193 A	0.02737	0.07566	0.89697
1194 T	0.02728	0.07523	0.89749
1195 T	0.02692	0.07632	0.89676
1196 T	0.02633	0.07788	0.89579
1197 A	0.02571	0.07974	0.89455
1198 A	0.02531	0.08067	0.89402
1199 A	0.02513	0.08079	0.89408
1200 A	0.02506	0.08038	0.89455
1201 G	0.02511	0.07839	0.8965
1202 A	0.02535	0.07638	0.89827
1203 A	0.02595	0.07289	0.90116
1204 A	0.02719	0.06417	0.90864
1205 A	0.02851	0.05324	0.91825
1206 T	0.03092	0.03838	0.93071
1207 T	0.03278	0.02971	0.93752
1208 T	0.03354	0.02122	0.94524
1209 T	0.03376	0.01631	0.94993
1210 G	0.03392	0.01316	0.95292
1211 A	0.03408	0.01229	0.95362
1212 T	0.03448	0.01134	0.95418
1213 T	0.03472	0.01168	0.9536
1214 T	0.03484	0.01431	0.95085
1215 A	0.03485	0.02214	0.94301
1216 A	0.03522	0.02585	0.93893
1217 A	0.03561	0.02738	0.93702
1218 T	0.03675	0.02833	0.93492
1219 T	0.03780	0.02737	0.93483
1220 T	0.03896	0.02620	0.93483
1221 T	0.03944	0.02602	0.93455
1222 T	0.03939	0.02752	0.93309
1223 C	0.03907	0.02858	0.93235
1224 T	0.03760	0.03141	0.93099
1225 T	0.03607	0.03409	0.92985
1226 T	0.03059	0.04067	0.92874
1227 A	0.02289	0.04998	0.92713
1228 A	0.01976	0.05396	0.92628
1229 A	0.01778	0.05644	0.92577
1230 A	0.01688	0.05783	0.92528
1231 T	0.01665	0.05841	0.92495
1232 T	0.01585	0.05973	0.92442
1233 A	0.01469	0.06216	0.92316
1234 A	0.01434	0.06268	0.92298
1235 A	0.01462	0.06251	0.92287
1236 A	0.01553	0.06163	0.92284
1237 A	0.01855	0.05850	0.92295
1238 C	0.02676	0.05003	0.9232
1239 T	0.03117	0.04561	0.92323
1240 A	0.03279	0.04399	0.92322
1241 C	0.03504	0.04174	0.92323
1242 T	0.03606	0.04076	0.92318
1243 A	0.03631	0.04059	0.9231
1244 A	0.03683	0.03999	0.92319
1245 T	0.03929	0.03725	0.92346
1246 T	0.04024	0.03595	0.92381
1247 T	0.04107	0.03256	0.92637
1248 A	0.04130	0.03075	0.92796
1249 A	0.04171	0.02481	0.93348
1250 T	0.04261	0.01705	0.94034
1251 T	0.04291	0.01374	0.94335
1252 G	0.04300	0.01182	0.94518
1253 G	0.04338	0.01058	0.94605
1254 A	0.04362	0.00982	0.94656
1255 G	0.04372	0.00876	0.94752
1256 T	0.04440	0.00706	0.94854
1257 C	0.04264	0.00840	0.94895
1258 G	0.04153	0.01071	0.94776
1259 G	0.04101	0.01455	0.94444
1260 T	0.04079	0.01758	0.94164
1261 A	0.04009	0.02324	0.93666
1262 T	0.03966	0.02550	0.93484
1263 T	0.03887	0.02990	0.93123
1264 G	0.03675	0.03339	0.92986
1265 A	0.03573	0.03493	0.92934
1266 A	0.03556	0.03514	0.92929
1267 G	0.03550	0.03498	0.92952
1268 C	0.03555	0.03469	0.92977
1269 T	0.03570	0.03447	0.92983
1270 T	0.03571	0.03445	0.92983
1271 T	0.03540	0.03467	0.92993
1272 C	0.03451	0.03551	0.92998
1273 G	0.03348	0.03700	0.92952
1274 A	0.03255	0.03897	0.92848
1275 T	0.03118	0.04182	0.927
1276 A	0.02835	0.04652	0.92513
1277 A	0.02602	0.05038	0.9236
1278 A	0.02424	0.05268	0.92308
1279 A	0.02372	0.05344	0.92285
1280 A	0.02380	0.05179	0.92441
1281 A	0.02532	0.04961	0.92506
1282 G	0.02884	0.04598	0.92517
1283 A	0.03199	0.04548	0.92253
1284 T	0.03665	0.04041	0.92295
1285 A	0.03714	0.04013	0.92273
1286 A	0.03987	0.03678	0.92335
1287 T	0.04080	0.03416	0.92503
1288 C	0.03949	0.03496	0.92555
1289 A	0.03879	0.03708	0.92413
1290 T	0.03789	0.03955	0.92257
1291 T	0.03670	0.04249	0.92081
1292 A	0.03294	0.04733	0.91973
1293 T	0.03066	0.05003	0.91931
1294 A	0.02767	0.05303	0.9193
1295 A	0.02601	0.05400	0.91999
1296 A	0.02527	0.05374	0.92098
1297 A	0.02587	0.05200	0.92213
1298 T	0.02752	0.04855	0.92393
1299 A	0.02879	0.04484	0.92637
1300 G	0.02987	0.04169	0.92845
1301 C	0.02998	0.04053	0.92948
1302 T	0.02997	0.04151	0.92852
1303 A	0.02938	0.04354	0.92708
1304 A	0.02960	0.04391	0.92648
1305 A	0.03024	0.04368	0.92607
1306 T	0.03327	0.04075	0.92598
1307 A	0.03376	0.03997	0.92627
1308 T	0.03480	0.03788	0.92732
1309 A	0.03511	0.03734	0.92754
1310 A	0.03556	0.03627	0.92817
1311 T	0.03636	0.03340	0.93023
1312 A	0.03803	0.03043	0.93154
1313 T	0.03991	0.02675	0.93334
1314 T	0.04168	0.02348	0.93484
1315 T	0.04213	0.01974	0.93812
1316 T	0.04104	0.01922	0.93973
1317 T	0.03876	0.02018	0.94106
1318 G	0.03171	0.02743	0.94086
1319 A	0.02718	0.03324	0.93959
1320 A	0.02450	0.03792	0.93758
1321 A	0.02305	0.04110	0.93585
1322 A	0.02239	0.04309	0.93451
1323 A	0.02221	0.04313	0.93466
1324 G	0.02220	0.04208	0.93573
1325 T	0.02313	0.04015	0.93671
1326 T	0.02331	0.03956	0.93713
1327 C	0.02318	0.03960	0.93722
1328 C	0.02326	0.03952	0.93723
