# lcl|CP097583.1_cds_USQ93293.1_1
# AA	inside	membr	outside
1 A	0.27479	0.00000	0.72522
2 T	0.27132	0.00346	0.72522
3 G	0.26792	0.00687	0.72522
4 A	0.26792	0.01468	0.7174
5 A	0.23462	0.05215	0.71323
6 A	0.23462	0.05274	0.71264
7 A	0.17628	0.11124	0.71249
8 A	0.17627	0.11124	0.71248
9 G	0.16792	0.11970	0.71238
10 A	0.16791	0.12283	0.70927
11 T	0.16645	0.12452	0.70904
12 G	0.09820	0.19309	0.70871
13 A	0.03763	0.25390	0.70848
14 C	0.03762	0.25391	0.70848
15 T	0.03762	0.25615	0.70623
16 A	0.03608	0.25769	0.70623
17 C	0.03490	0.25891	0.7062
18 T	0.03484	0.25911	0.70605
19 A	0.03249	0.26156	0.70595
20 A	0.02459	0.27242	0.70299
21 T	0.01683	0.28015	0.70302
22 G	0.01609	0.28132	0.7026
23 A	0.01572	0.28121	0.70307
24 A	0.01637	0.27989	0.70374
25 A	0.01713	0.27176	0.71111
26 T	0.01809	0.26527	0.71664
27 T	0.02307	0.25351	0.72341
28 A	0.02426	0.22800	0.74774
29 G	0.02418	0.22409	0.75173
30 A	0.02400	0.18279	0.79321
31 A	0.02380	0.18043	0.79576
32 A	0.02393	0.16992	0.80615
33 A	0.02659	0.16190	0.81152
34 A	0.02712	0.15576	0.81712
35 T	0.02873	0.08976	0.88151
36 G	0.02934	0.03703	0.93364
37 T	0.02980	0.03395	0.93624
38 G	0.03071	0.03172	0.93757
39 G	0.03061	0.03003	0.93936
40 T	0.03092	0.02805	0.94103
41 T	0.03104	0.02675	0.94221
42 A	0.03112	0.02544	0.94343
43 G	0.03367	0.01698	0.94935
44 A	0.03387	0.01312	0.95302
45 T	0.03450	0.01182	0.95369
46 T	0.03482	0.01107	0.95411
47 T	0.03494	0.01101	0.95405
48 T	0.03501	0.01092	0.95407
49 T	0.03504	0.01192	0.95304
50 T	0.03477	0.01317	0.95206
51 T	0.03443	0.01343	0.95214
52 G	0.03324	0.01559	0.95116
53 T	0.03188	0.02033	0.94779
54 T	0.02906	0.03942	0.93151
55 G	0.02100	0.07273	0.90627
56 A	0.01744	0.08578	0.89678
57 A	0.01522	0.09379	0.89099
58 A	0.01447	0.09839	0.88713
59 A	0.01412	0.10097	0.8849
60 A	0.01409	0.10113	0.88478
61 G	0.01428	0.10088	0.88484
62 G	0.01506	0.10003	0.88491
63 A	0.01571	0.09935	0.88495
64 C	0.01654	0.09844	0.88501
65 A	0.01775	0.09724	0.88501
66 T	0.01849	0.09649	0.88502
67 C	0.01984	0.09512	0.88504
68 A	0.02039	0.09461	0.88499
69 T	0.02118	0.09386	0.88496
70 T	0.02172	0.09330	0.88498
71 T	0.02161	0.09342	0.88497
72 A	0.02184	0.09319	0.88497
73 G	0.02250	0.09180	0.8857
74 A	0.02310	0.09053	0.88637
75 A	0.02502	0.08696	0.88802
76 A	0.02997	0.08014	0.88989
77 A	0.04751	0.05955	0.89293
78 T	0.07385	0.02595	0.9002
79 T	0.08250	0.01408	0.90342
80 C	0.08643	0.00829	0.90528
81 A	0.08891	0.00546	0.90563
82 T	0.09087	0.00325	0.90588
83 C	0.09106	0.00296	0.90598
84 T	0.09133	0.00267	0.90599
85 T	0.09151	0.00250	0.90599
86 C	0.09151	0.00249	0.906
87 T	0.09150	0.00261	0.90588
88 T	0.09144	0.00277	0.90579
89 T	0.09124	0.00303	0.90573
90 A	0.09086	0.00341	0.90574
91 A	0.09084	0.00340	0.90577
92 T	0.09085	0.00312	0.90603
93 T	0.09046	0.00319	0.90636
94 C	0.08980	0.00343	0.90676
95 C	0.08921	0.00389	0.9069
96 T	0.08832	0.00474	0.90694
97 G	0.08640	0.00665	0.90695
98 A	0.08528	0.00777	0.90694
99 T	0.08514	0.00791	0.90695
100 T	0.08500	0.00803	0.90697
101 T	0.08476	0.00820	0.90703
102 T	0.08439	0.00851	0.90711
103 T	0.08393	0.00887	0.90719
104 C	0.08344	0.00928	0.90728
105 A	0.08293	0.00977	0.9073
106 G	0.08251	0.01014	0.90735
107 A	0.08234	0.01025	0.90741
108 T	0.08222	0.01028	0.90749
109 C	0.08208	0.01032	0.9076
110 C	0.08212	0.01013	0.90775
111 T	0.08218	0.01002	0.9078
112 A	0.08220	0.00990	0.90791
113 G	0.08220	0.00970	0.9081
114 T	0.08218	0.00968	0.90813
115 T	0.08216	0.00961	0.90823
116 T	0.08207	0.00901	0.90892
117 A	0.08190	0.00835	0.90975
118 T	0.08180	0.00760	0.9106
119 T	0.08161	0.00688	0.91151
120 A	0.08138	0.00563	0.91298
121 T	0.08131	0.00465	0.91404
122 G	0.08123	0.00449	0.91429
123 G	0.08119	0.00430	0.91451
124 G	0.08115	0.00407	0.91478
125 T	0.08114	0.00376	0.9151
126 T	0.08097	0.00363	0.9154
127 A	0.08069	0.00357	0.91574
128 A	0.08040	0.00344	0.91616
129 T	0.08016	0.00325	0.91659
130 G	0.07959	0.00364	0.91676
131 C	0.07888	0.00426	0.91687
132 G	0.07834	0.00481	0.91686
133 G	0.07776	0.00551	0.91673
134 G	0.07730	0.00614	0.91656
135 A	0.07700	0.00653	0.91647
136 G	0.07689	0.00667	0.91644
137 T	0.07690	0.00664	0.91647
138 A	0.07689	0.00659	0.91653
139 G	0.07693	0.00639	0.91669
140 T	0.07701	0.00607	0.91692
141 T	0.07703	0.00591	0.91706
142 C	0.07700	0.00575	0.91724
143 C	0.07699	0.00567	0.91734
144 T	0.07699	0.00568	0.91733
145 T	0.07694	0.00575	0.9173
146 T	0.07683	0.00589	0.91728
147 T	0.07652	0.00623	0.91725
148 A	0.07597	0.00683	0.9172
149 A	0.07550	0.00719	0.9173
150 A	0.07368	0.00884	0.91749
151 A	0.07237	0.01005	0.91759
152 A	0.07172	0.01062	0.91765
153 A	0.07153	0.01056	0.91791
154 T	0.07158	0.01001	0.91841
155 A	0.07154	0.00954	0.91892
156 T	0.07165	0.00882	0.91954
157 T	0.07173	0.00834	0.91993
158 T	0.07173	0.00814	0.92014
159 C	0.07141	0.00837	0.92022
160 G	0.07110	0.00870	0.9202
161 A	0.07098	0.00883	0.9202
162 T	0.07095	0.00886	0.9202
163 G	0.07091	0.00889	0.9202
164 G	0.07091	0.00888	0.92021
165 T	0.07094	0.00872	0.92034
166 T	0.07094	0.00850	0.92055
167 C	0.07086	0.00842	0.92072
168 T	0.07045	0.00915	0.92041
169 G	0.06981	0.01001	0.92018
170 A	0.06927	0.01106	0.91966
171 A	0.06878	0.01167	0.91955
172 A	0.06860	0.01155	0.91985
173 A	0.06863	0.00960	0.92176
174 A	0.06880	0.00805	0.92315
175 G	0.06901	0.00705	0.92393
176 C	0.06932	0.00643	0.92426
177 T	0.06958	0.00623	0.92419
178 T	0.06961	0.00629	0.9241
179 T	0.06962	0.00634	0.92404
180 T	0.06961	0.00633	0.92406
181 T	0.06952	0.00638	0.92409
182 G	0.06932	0.00625	0.92443
183 T	0.06912	0.00617	0.9247
184 C	0.06844	0.00683	0.92473
185 C	0.06481	0.01080	0.92438
186 T	0.06068	0.01544	0.92389
187 A	0.05517	0.02210	0.92272
188 A	0.05231	0.02541	0.92228
189 A	0.05080	0.02704	0.92215
190 A	0.05040	0.02738	0.92222
191 T	0.05059	0.02661	0.9228
192 A	0.05022	0.02632	0.92346
193 G	0.05026	0.02573	0.92401
194 T	0.05024	0.02531	0.92445
195 T	0.04921	0.02617	0.92462
196 A	0.04844	0.02694	0.92463
197 G	0.04802	0.02732	0.92465
198 C	0.04771	0.02760	0.92469
199 A	0.04736	0.02798	0.92466
200 T	0.04725	0.02810	0.92465
201 T	0.04593	0.02945	0.92462
202 C	0.04242	0.03305	0.92454
203 A	0.03901	0.03657	0.92442
204 A	0.03615	0.03940	0.92445
205 A	0.03450	0.04088	0.92461
206 A	0.03395	0.04115	0.9249
207 A	0.03411	0.04025	0.92564
208 T	0.03452	0.03498	0.9305
209 G	0.03436	0.03060	0.93504
210 T	0.03454	0.02550	0.93995
211 T	0.03308	0.02525	0.94167
212 T	0.03026	0.02742	0.94231
213 A	0.02476	0.03335	0.94189
214 A	0.02168	0.03615	0.94218
215 G	0.01936	0.03775	0.94289
216 A	0.01795	0.03864	0.94341
217 A	0.01727	0.03897	0.94376
218 C	0.01685	0.03844	0.9447
219 A	0.01642	0.03936	0.94422
220 A	0.01586	0.04032	0.94383
221 A	0.01555	0.04082	0.94363
222 T	0.01530	0.04161	0.9431
223 G	0.01492	0.04339	0.9417
224 A	0.01483	0.04305	0.94212
225 T	0.01485	0.03972	0.94542
226 A	0.01478	0.03707	0.94815
227 T	0.01476	0.03476	0.95048
228 T	0.01461	0.03394	0.95145
229 G	0.01433	0.03416	0.95151
230 A	0.01422	0.03444	0.95134
231 A	0.01415	0.03437	0.95148
232 A	0.01414	0.03376	0.95209
233 A	0.01428	0.03235	0.95337
234 T	0.01466	0.02963	0.95571
235 G	0.01492	0.02683	0.95825
236 T	0.01537	0.02240	0.96223
237 A	0.01516	0.02114	0.9637
238 G	0.01513	0.02022	0.96465
239 G	0.01502	0.02044	0.96453
240 A	0.01501	0.02082	0.96417
241 A	0.01511	0.02074	0.96415
242 A	0.01602	0.01951	0.96448
243 A	0.01685	0.01816	0.96499
244 A	0.01766	0.01698	0.96536
245 A	0.01886	0.01536	0.96578
246 T	0.02092	0.01272	0.96636
247 T	0.02219	0.01118	0.96663
248 C	0.02245	0.01070	0.96685
249 T	0.02280	0.01026	0.96694
250 A	0.02284	0.01016	0.96699
251 T	0.02312	0.00978	0.9671
252 T	0.02333	0.00940	0.96727
253 C	0.02334	0.00931	0.96735
254 A	0.02335	0.00922	0.96743
255 T	0.02369	0.00880	0.96751
256 C	0.02371	0.00875	0.96754
257 A	0.02397	0.00848	0.96755
258 T	0.02490	0.00752	0.96758
259 A	0.02535	0.00698	0.96766
260 C	0.02621	0.00587	0.96792
261 T	0.02733	0.00469	0.96798
262 T	0.02824	0.00362	0.96814
263 T	0.02872	0.00299	0.96828
264 T	0.02883	0.00281	0.96836
265 T	0.02876	0.00283	0.9684
266 T	0.02857	0.00297	0.96846
267 T	0.02817	0.00334	0.96849
268 G	0.02786	0.00364	0.96849
269 A	0.02764	0.00390	0.96847
270 A	0.02734	0.00420	0.96847
271 A	0.02720	0.00427	0.96853
272 T	0.02713	0.00421	0.96866
273 G	0.02691	0.00426	0.96884
274 T	0.02675	0.00436	0.96888
275 T	0.02659	0.00439	0.96902
276 A	0.02637	0.00441	0.96923
277 G	0.02618	0.00438	0.96944
278 G	0.02610	0.00436	0.96954
279 T	0.02606	0.00424	0.96971
280 A	0.02600	0.00418	0.96982
281 A	0.02598	0.00412	0.9699
282 T	0.02599	0.00399	0.97002
283 T	0.02597	0.00393	0.9701
284 T	0.02592	0.00388	0.97021
285 T	0.02579	0.00386	0.97036
286 T	0.02557	0.00391	0.97052
287 C	0.02491	0.00438	0.97071
288 G	0.02409	0.00515	0.97077
289 A	0.02301	0.00617	0.97082
290 T	0.02245	0.00654	0.97101
291 A	0.02144	0.00748	0.97107
292 G	0.02115	0.00770	0.97116
293 G	0.02106	0.00756	0.97137
294 T	0.02108	0.00762	0.9713
295 A	0.02102	0.00776	0.97122
296 A	0.02104	0.00771	0.97126
297 T	0.02110	0.00762	0.97129
298 T	0.02106	0.00778	0.97117
299 A	0.02090	0.00795	0.97115
300 T	0.02081	0.00798	0.97122
301 T	0.02064	0.00818	0.97119
302 T	0.02012	0.00881	0.97107
303 T	0.01890	0.01017	0.97094
304 A	0.01726	0.01203	0.97071
305 A	0.01639	0.01304	0.97058
306 A	0.01586	0.01360	0.97054
307 A	0.01549	0.01392	0.97059
308 A	0.01537	0.01386	0.97076
309 A	0.01525	0.01368	0.97107
310 G	0.01516	0.01303	0.97181
311 A	0.01511	0.01230	0.97259
312 A	0.01513	0.01127	0.9736
313 G	0.01515	0.01059	0.97426
314 C	0.01524	0.00964	0.97512
315 G	0.01529	0.00943	0.97527
316 A	0.01541	0.00926	0.97533
317 T	0.01570	0.00895	0.97535
318 A	0.01584	0.00880	0.97536
319 G	0.01601	0.00860	0.97538
320 A	0.01619	0.00834	0.97547
321 T	0.01653	0.00778	0.97569
322 T	0.01670	0.00716	0.97614
323 T	0.01680	0.00659	0.9766
324 A	0.01682	0.00601	0.97718
325 G	0.01688	0.00500	0.97812
326 C	0.01700	0.00361	0.97939
327 T	0.01711	0.00270	0.98018
328 T	0.01692	0.00250	0.98058
329 A	0.01646	0.00276	0.98078
330 C	0.01625	0.00274	0.98101
331 G	0.01610	0.00294	0.98095
332 A	0.01605	0.00302	0.98093
333 A	0.01603	0.00299	0.98098
334 T	0.01607	0.00288	0.98105
335 T	0.01608	0.00287	0.98106
336 A	0.01606	0.00283	0.98111
337 T	0.01608	0.00273	0.9812
338 T	0.01608	0.00265	0.98127
339 G	0.01608	0.00261	0.9813
340 A	0.01609	0.00257	0.98134
341 T	0.01614	0.00249	0.98137
342 A	0.01614	0.00246	0.9814
343 T	0.01618	0.00239	0.98144
344 C	0.01619	0.00235	0.98146
345 T	0.01619	0.00234	0.98148
346 A	0.01618	0.00234	0.98147
347 A	0.01618	0.00233	0.98149
348 T	0.01617	0.00232	0.98151
349 A	0.01613	0.00235	0.98153
350 A	0.01610	0.00219	0.9817
351 G	0.01612	0.00181	0.98207
352 T	0.01617	0.00130	0.98253
353 G	0.01620	0.00107	0.98273
354 G	0.01631	0.00085	0.98284
355 T	0.01647	0.00064	0.98289
356 T	0.01652	0.00057	0.98291
357 T	0.01653	0.00055	0.98291
358 G	0.01653	0.00054	0.98293
359 C	0.01655	0.00050	0.98294
360 T	0.01655	0.00052	0.98293
361 T	0.01655	0.00052	0.98292
362 T	0.01653	0.00054	0.98293
363 T	0.01648	0.00059	0.98294
364 C	0.01641	0.00066	0.98293
365 C	0.01635	0.00073	0.98292
366 G	0.01629	0.00083	0.98288
367 A	0.01626	0.00090	0.98284
368 A	0.01626	0.00091	0.98282
369 G	0.01626	0.00091	0.98283
370 G	0.01626	0.00090	0.98285
371 A	0.01628	0.00086	0.98286
372 T	0.01631	0.00078	0.98291
373 C	0.01632	0.00074	0.98294
374 G	0.01634	0.00071	0.98295
375 T	0.01639	0.00065	0.98295
376 T	0.01642	0.00063	0.98295
377 T	0.01643	0.00061	0.98295
378 A	0.01644	0.00061	0.98295
379 T	0.01645	0.00061	0.98295
380 A	0.01644	0.00061	0.98295
381 T	0.01644	0.00060	0.98296
382 A	0.01644	0.00059	0.98298
383 T	0.01646	0.00054	0.983
384 T	0.01645	0.00051	0.98303
385 A	0.01644	0.00049	0.98307
386 C	0.01643	0.00042	0.98315
387 T	0.01644	0.00038	0.98318
388 T	0.01644	0.00036	0.98319
389 A	0.01644	0.00036	0.98319
390 T	0.01644	0.00036	0.9832
391 T	0.01637	0.00044	0.98319
392 T	0.01629	0.00052	0.98319
393 T	0.01587	0.00094	0.9832
394 T	0.01465	0.00216	0.98319
395 A	0.01256	0.00426	0.98318
396 T	0.01154	0.00527	0.98318
397 C	0.00965	0.00717	0.98318
398 A	0.00818	0.00866	0.98316
399 A	0.00755	0.00929	0.98316
400 G	0.00715	0.00969	0.98316
401 A	0.00695	0.00988	0.98316
402 T	0.00687	0.00996	0.98316
403 C	0.00678	0.01004	0.98319
404 A	0.00672	0.01009	0.98319
405 A	0.00668	0.01012	0.98321
406 G	0.00665	0.01013	0.98321
407 C	0.00664	0.01014	0.98323
408 T	0.00663	0.01014	0.98323
409 A	0.00658	0.01017	0.98325
410 C	0.00656	0.01018	0.98326
411 A	0.00654	0.01021	0.98325
412 T	0.00655	0.01019	0.98326
413 A	0.00653	0.01016	0.98331
414 T	0.00652	0.01005	0.98342
415 G	0.00651	0.00994	0.98356
416 A	0.00651	0.00926	0.98423
417 T	0.00651	0.00743	0.98606
418 T	0.00652	0.00511	0.98837
419 T	0.00651	0.00422	0.98927
420 A	0.00650	0.00312	0.99038
421 T	0.00651	0.00203	0.99145
422 G	0.00650	0.00163	0.99186
423 G	0.00648	0.00150	0.99202
424 T	0.00647	0.00197	0.99156
425 T	0.00644	0.00260	0.99096
426 A	0.00636	0.00410	0.98954
427 A	0.00628	0.00624	0.98747
428 A	0.00625	0.00687	0.98689
429 A	0.00622	0.00716	0.98662
430 A	0.00621	0.00734	0.98645
431 A	0.00617	0.00751	0.98632
432 A	0.00614	0.00762	0.98625
433 G	0.00612	0.00763	0.98624
434 G	0.00612	0.00761	0.98626
435 A	0.00614	0.00759	0.98627
436 A	0.00617	0.00753	0.98631
437 T	0.00622	0.00745	0.98634
438 C	0.00625	0.00738	0.98637
439 T	0.00630	0.00733	0.98637
440 C	0.00632	0.00730	0.98638
441 T	0.00635	0.00726	0.98638
442 T	0.00637	0.00725	0.98638
443 C	0.00635	0.00727	0.98638
444 A	0.00635	0.00727	0.98638
445 G	0.00640	0.00722	0.98638
446 A	0.00667	0.00692	0.98641
447 T	0.00748	0.00608	0.98644
448 C	0.00810	0.00544	0.98646
449 A	0.00940	0.00408	0.98652
450 T	0.01150	0.00192	0.98659
451 T	0.01204	0.00135	0.98661
452 T	0.01216	0.00122	0.98663
453 A	0.01209	0.00128	0.98663
454 A	0.01212	0.00120	0.98667
455 T	0.01219	0.00109	0.98672
456 T	0.01219	0.00107	0.98675
457 C	0.01213	0.00111	0.98676
458 C	0.01205	0.00119	0.98676
459 T	0.01189	0.00136	0.98675
460 T	0.01161	0.00165	0.98675
461 T	0.01079	0.00247	0.98674
462 A	0.00936	0.00391	0.98673
463 A	0.00899	0.00429	0.98671
464 A	0.00886	0.00441	0.98672
465 A	0.00877	0.00447	0.98676
466 G	0.00868	0.00448	0.98684
467 A	0.00862	0.00449	0.9869
468 T	0.00859	0.00444	0.98697
469 A	0.00854	0.00447	0.987
470 A	0.00853	0.00445	0.98703
471 T	0.00854	0.00437	0.98709
472 T	0.00854	0.00431	0.98715
473 T	0.00854	0.00426	0.9872
474 T	0.00854	0.00420	0.98726
475 T	0.00854	0.00415	0.98731
476 G	0.00852	0.00407	0.98741
477 G	0.00844	0.00410	0.98746
478 G	0.00841	0.00413	0.98745
479 A	0.00839	0.00413	0.98748
480 A	0.00839	0.00405	0.98756
481 A	0.00839	0.00387	0.98774
482 T	0.00840	0.00349	0.98812
483 A	0.00840	0.00315	0.98845
484 A	0.00841	0.00241	0.98919
485 G	0.00842	0.00127	0.99032
486 T	0.00843	0.00096	0.99061
487 G	0.00843	0.00087	0.9907
488 A	0.00843	0.00080	0.99077
489 A	0.00844	0.00071	0.99086
490 G	0.00844	0.00063	0.99093
491 G	0.00845	0.00058	0.99097
492 C	0.00847	0.00050	0.99102
493 C	0.00849	0.00049	0.99103
494 C	0.00850	0.00048	0.99102
495 T	0.00852	0.00047	0.991
496 T	0.00853	0.00047	0.991
497 G	0.00853	0.00047	0.99099
498 T	0.00854	0.00046	0.991
499 G	0.00855	0.00043	0.99103
500 G	0.00857	0.00033	0.9911
501 T	0.00861	0.00026	0.99113
502 C	0.00864	0.00021	0.99116
503 C	0.00866	0.00019	0.99116
504 T	0.00867	0.00017	0.99116
505 T	0.00868	0.00017	0.99116
506 G	0.00868	0.00016	0.99116
507 T	0.00869	0.00016	0.99116
508 A	0.00869	0.00015	0.99116
509 C	0.00869	0.00014	0.99117
510 T	0.00871	0.00012	0.99117
511 G	0.00871	0.00012	0.99117
512 A	0.00871	0.00012	0.99117
513 G	0.00871	0.00012	0.99117
514 A	0.00872	0.00012	0.99117
515 T	0.00873	0.00010	0.99117
516 T	0.00874	0.00009	0.99117
517 T	0.00875	0.00008	0.99117
518 T	0.00875	0.00008	0.99117
519 T	0.00875	0.00008	0.99117
520 T	0.00874	0.00009	0.99117
521 T	0.00873	0.00009	0.99117
522 T	0.00872	0.00010	0.99118
523 G	0.00871	0.00012	0.99118
524 A	0.00870	0.00013	0.99117
525 T	0.00869	0.00014	0.99117
526 C	0.00865	0.00017	0.99117
527 G	0.00850	0.00036	0.99115
528 T	0.00841	0.00049	0.9911
529 G	0.00831	0.00066	0.99102
530 G	0.00828	0.00075	0.99097
531 A	0.00827	0.00081	0.99092
532 G	0.00826	0.00084	0.9909
533 T	0.00826	0.00087	0.99087
534 T	0.00825	0.00092	0.99083
535 G	0.00822	0.00103	0.99074
536 A	0.00821	0.00120	0.9906
537 A	0.00820	0.00131	0.99049
538 T	0.00819	0.00135	0.99045
539 A	0.00818	0.00138	0.99045
540 T	0.00817	0.00138	0.99045
541 G	0.00816	0.00139	0.99045
542 A	0.00815	0.00139	0.99046
543 C	0.00814	0.00138	0.99048
544 C	0.00814	0.00138	0.99048
545 G	0.00814	0.00139	0.99047
546 A	0.00813	0.00140	0.99047
547 A	0.00813	0.00141	0.99045
548 G	0.00813	0.00143	0.99044
549 A	0.00814	0.00143	0.99042
550 G	0.00818	0.00128	0.99055
551 G	0.00824	0.00116	0.99061
552 T	0.00834	0.00103	0.99063
553 T	0.00838	0.00102	0.99059
554 T	0.00840	0.00104	0.99055
555 A	0.00840	0.00110	0.99049
556 G	0.00842	0.00110	0.99048
557 A	0.00846	0.00108	0.99047
558 A	0.00854	0.00097	0.99049
559 T	0.00869	0.00081	0.99049
560 T	0.00878	0.00072	0.99051
561 A	0.00879	0.00071	0.9905
562 C	0.00877	0.00072	0.9905
563 T	0.00876	0.00073	0.9905
564 T	0.00875	0.00075	0.9905
565 T	0.00872	0.00078	0.9905
566 A	0.00866	0.00086	0.99048
567 C	0.00862	0.00090	0.99048
568 G	0.00860	0.00094	0.99046
569 A	0.00857	0.00099	0.99044
570 A	0.00855	0.00101	0.99043
571 G	0.00857	0.00100	0.99043
572 A	0.00862	0.00095	0.99043
573 T	0.00872	0.00085	0.99043
574 A	0.00877	0.00080	0.99044
575 T	0.00884	0.00071	0.99044
576 T	0.00889	0.00067	0.99044
577 T	0.00890	0.00065	0.99045
578 C	0.00888	0.00066	0.99046
579 T	0.00885	0.00070	0.99045
580 A	0.00880	0.00077	0.99042
581 A	0.00878	0.00081	0.99041
582 T	0.00877	0.00082	0.99041
583 G	0.00870	0.00089	0.9904
584 A	0.00868	0.00090	0.99041
585 T	0.00868	0.00087	0.99045
586 C	0.00866	0.00087	0.99047
587 G	0.00865	0.00090	0.99045
588 A	0.00866	0.00094	0.99041
589 T	0.00868	0.00092	0.99039
590 T	0.00869	0.00093	0.99038
591 T	0.00870	0.00093	0.99037
592 T	0.00870	0.00092	0.99039
593 T	0.00867	0.00094	0.99039
594 A	0.00861	0.00101	0.99038
595 G	0.00859	0.00103	0.99039
596 A	0.00858	0.00105	0.99036
597 A	0.00858	0.00106	0.99035
598 A	0.00859	0.00106	0.99034
599 T	0.00861	0.00104	0.99034
600 T	0.00861	0.00103	0.99036
601 T	0.00859	0.00105	0.99036
602 G	0.00849	0.00115	0.99035
603 G	0.00839	0.00125	0.99036
604 A	0.00834	0.00136	0.9903
605 A	0.00831	0.00140	0.9903
606 T	0.00828	0.00138	0.99033
607 A	0.00825	0.00143	0.99032
608 T	0.00825	0.00143	0.99032
609 A	0.00823	0.00145	0.99032
610 G	0.00825	0.00144	0.99031
611 T	0.00832	0.00140	0.99028
612 T	0.00837	0.00138	0.99026
613 T	0.00840	0.00134	0.99025
614 T	0.00840	0.00133	0.99027
615 T	0.00837	0.00134	0.99029
616 T	0.00830	0.00138	0.99032
617 C	0.00821	0.00144	0.99035
618 A	0.00799	0.00166	0.99035
619 C	0.00783	0.00183	0.99034
620 A	0.00766	0.00205	0.99028
621 A	0.00741	0.00234	0.99024
622 T	0.00726	0.00255	0.99018
623 A	0.00706	0.00280	0.99014
624 T	0.00690	0.00300	0.99011
625 A	0.00662	0.00325	0.99013
626 A	0.00653	0.00332	0.99015
627 T	0.00653	0.00333	0.99014
628 A	0.00640	0.00368	0.98992
629 G	0.00626	0.00402	0.98972
630 T	0.00620	0.00452	0.98928
631 G	0.00602	0.00486	0.98912
632 A	0.00589	0.00530	0.98881
633 A	0.00582	0.00548	0.98871
634 T	0.00575	0.00564	0.98861
635 C	0.00567	0.00578	0.98855
636 T	0.00564	0.00606	0.9883
637 G	0.00556	0.00635	0.98809
638 G	0.00552	0.00656	0.98791
639 T	0.00551	0.00681	0.98769
640 A	0.00547	0.00726	0.98727
641 A	0.00541	0.00749	0.98711
642 A	0.00537	0.00752	0.98711
643 A	0.00539	0.00739	0.98722
644 A	0.00540	0.00719	0.98742
645 T	0.00545	0.00698	0.98757
646 A	0.00547	0.00687	0.98765
647 G	0.00551	0.00675	0.98774
648 A	0.00557	0.00677	0.98766
649 G	0.00566	0.00683	0.98751
650 A	0.00576	0.00712	0.98711
651 A	0.00603	0.00725	0.98672
652 A	0.00628	0.00746	0.98627
653 A	0.00671	0.00749	0.9858
654 A	0.00694	0.00718	0.98588
655 T	0.00735	0.00675	0.9859
656 A	0.00749	0.00658	0.98592
657 T	0.00773	0.00625	0.98602
658 C	0.00777	0.00616	0.98606
659 T	0.00795	0.00612	0.98592
660 T	0.00802	0.00628	0.9857
661 G	0.00796	0.00677	0.98527
662 A	0.00803	0.00696	0.98501
663 A	0.00834	0.00668	0.98497
664 T	0.00862	0.00633	0.98505
665 T	0.00862	0.00628	0.98509
666 A	0.00846	0.00643	0.98511
667 C	0.00836	0.00650	0.98514
668 C	0.00830	0.00656	0.98514
669 A	0.00799	0.00688	0.98514
670 A	0.00799	0.00688	0.98512
671 G	0.00826	0.00662	0.98512
672 C	0.00852	0.00637	0.98511
673 A	0.00887	0.00611	0.98502
674 A	0.00930	0.00575	0.98494
675 A	0.00973	0.00536	0.98491
676 A	0.01024	0.00486	0.9849
677 A	0.01037	0.00472	0.9849
678 T	0.01064	0.00439	0.98497
679 A	0.01067	0.00428	0.98505
680 T	0.01076	0.00407	0.98517
681 C	0.01078	0.00390	0.98532
682 G	0.01084	0.00379	0.98537
683 A	0.01099	0.00362	0.9854
684 T	0.01137	0.00313	0.9855
685 A	0.01148	0.00296	0.98555
686 C	0.01142	0.00294	0.98565
687 T	0.01134	0.00293	0.98573
688 G	0.01125	0.00286	0.98589
689 G	0.01122	0.00271	0.98608
690 T	0.01113	0.00265	0.98621
691 G	0.01106	0.00265	0.98629
692 C	0.01103	0.00228	0.98669
693 A	0.01095	0.00230	0.98674
694 G	0.01092	0.00228	0.98679
695 G	0.01085	0.00231	0.98684
696 A	0.01090	0.00222	0.98688
697 T	0.01098	0.00210	0.98692
698 T	0.01101	0.00189	0.9871
699 G	0.01101	0.00180	0.98719
700 G	0.01099	0.00175	0.98726
701 A	0.01099	0.00170	0.98731
702 A	0.01100	0.00157	0.98743
703 C	0.01102	0.00146	0.98752
704 G	0.01104	0.00140	0.98756
705 T	0.01107	0.00134	0.98759
706 T	0.01108	0.00130	0.98762
707 T	0.01109	0.00130	0.98762
708 A	0.01108	0.00129	0.98763
709 G	0.01107	0.00119	0.98774
710 C	0.01109	0.00109	0.98781
711 T	0.01110	0.00126	0.98765
712 T	0.01110	0.00156	0.98734
713 G	0.01110	0.00170	0.9872
714 T	0.01111	0.00211	0.98678
715 A	0.01110	0.00280	0.9861
716 T	0.01115	0.00301	0.98584
717 T	0.01114	0.00304	0.98582
718 T	0.01112	0.00303	0.98584
719 T	0.01108	0.00311	0.98581
720 T	0.01092	0.00333	0.98575
721 C	0.01045	0.00394	0.98561
722 A	0.01002	0.00455	0.98543
723 A	0.00968	0.00517	0.98514
724 G	0.00954	0.00568	0.98478
725 A	0.00942	0.00662	0.98395
726 C	0.00934	0.00776	0.9829
727 A	0.00927	0.01426	0.97647
728 A	0.00926	0.01680	0.97395
729 A	0.00925	0.01855	0.97221
730 A	0.00926	0.01873	0.97201
731 A	0.00931	0.01876	0.97192
732 A	0.00941	0.01870	0.97189
733 A	0.00953	0.01858	0.97189
734 C	0.00987	0.01822	0.97191
735 T	0.01027	0.01783	0.97189
736 A	0.01048	0.01763	0.97189
737 G	0.01085	0.01726	0.97189
738 T	0.01145	0.01665	0.9719
739 T	0.01170	0.01640	0.9719
740 T	0.01176	0.01625	0.97199
741 T	0.01181	0.01613	0.97206
742 G	0.01182	0.01604	0.97215
743 A	0.01184	0.01589	0.97227
744 A	0.01189	0.01545	0.97266
745 A	0.01203	0.01491	0.97306
746 C	0.01237	0.01422	0.9734
747 A	0.01295	0.01355	0.9735
748 G	0.01404	0.01235	0.97361
749 A	0.01567	0.01066	0.97367
750 T	0.02227	0.00399	0.97375
751 C	0.02435	0.00189	0.97376
752 T	0.02565	0.00066	0.97369
753 T	0.02576	0.00076	0.97348
754 T	0.02572	0.00098	0.9733
755 T	0.02566	0.00118	0.97315
756 T	0.02540	0.00148	0.97311
757 T	0.02506	0.00183	0.97311
758 T	0.02443	0.00248	0.97309
759 T	0.02321	0.00371	0.97308
760 C	0.02192	0.00501	0.97308
761 C	0.02117	0.00577	0.97306
762 T	0.02048	0.00651	0.97301
763 A	0.01990	0.00712	0.97298
764 T	0.01960	0.00744	0.97296
765 T	0.01921	0.00784	0.97295
766 A	0.01876	0.00829	0.97295
767 T	0.01855	0.00847	0.97298
768 T	0.01782	0.00919	0.97299
769 C	0.01478	0.01223	0.97299
770 A	0.01023	0.01683	0.97294
771 A	0.00906	0.01807	0.97287
772 A	0.00880	0.01838	0.97282
773 A	0.00876	0.01844	0.9728
774 A	0.00877	0.01844	0.97279
775 A	0.00889	0.01830	0.97282
776 T	0.00914	0.01792	0.97294
777 T	0.00929	0.01755	0.97316
778 A	0.00937	0.01729	0.97335
779 G	0.00940	0.01685	0.97375
780 T	0.00943	0.01631	0.97426
781 T	0.00946	0.01544	0.97509
782 T	0.00949	0.01405	0.97646
783 T	0.00951	0.01293	0.97757
784 T	0.00951	0.01246	0.97802
785 T	0.00951	0.01222	0.97827
786 A	0.00949	0.01206	0.97845
787 A	0.00946	0.01181	0.97873
788 T	0.00942	0.01139	0.97918
789 T	0.00929	0.01153	0.97918
790 A	0.00911	0.01253	0.97836
791 A	0.00875	0.01342	0.97783
792 A	0.00852	0.01183	0.97965
793 G	0.00821	0.00892	0.98287
794 T	0.00797	0.01007	0.98196
795 T	0.00780	0.01421	0.97799
796 G	0.00755	0.02341	0.96904
797 A	0.00742	0.03012	0.96246
798 A	0.00737	0.03273	0.9599
799 T	0.00736	0.03296	0.95968
800 A	0.00734	0.03316	0.9595
801 T	0.00735	0.03327	0.95938
802 T	0.00734	0.03350	0.95916
803 C	0.00731	0.03379	0.95891
804 A	0.00727	0.03403	0.95871
805 G	0.00726	0.03415	0.95859
806 A	0.00725	0.03428	0.95846
807 A	0.00727	0.03439	0.95835
808 C	0.00736	0.03433	0.9583
809 A	0.00753	0.03425	0.95822
810 A	0.00774	0.03411	0.95814
811 A	0.00807	0.03383	0.9581
812 A	0.00869	0.03313	0.95818
813 A	0.00978	0.03197	0.95825
814 G	0.01120	0.03018	0.95862
815 A	0.01249	0.02864	0.95887
816 A	0.01413	0.02652	0.95935
817 A	0.01682	0.02342	0.95976
818 C	0.02177	0.01827	0.95996
819 T	0.03085	0.00909	0.96006
820 T	0.03602	0.00386	0.96013
821 T	0.03755	0.00228	0.96017
822 T	0.03763	0.00220	0.96017
823 C	0.03747	0.00246	0.96007
824 G	0.03725	0.00317	0.95958
825 A	0.03705	0.00457	0.95838
826 A	0.03708	0.00583	0.95709
827 T	0.03727	0.00571	0.95702
828 T	0.03722	0.00583	0.95695
829 A	0.03692	0.00612	0.95697
830 T	0.03666	0.00634	0.957
831 C	0.03425	0.00874	0.95701
832 G	0.03313	0.00989	0.95697
833 C	0.03288	0.01014	0.95697
834 T	0.03274	0.01028	0.95697
835 G	0.03230	0.01073	0.95697
836 A	0.03202	0.01101	0.95697
837 C	0.03178	0.01125	0.95697
838 C	0.03161	0.01142	0.95697
839 A	0.03142	0.01161	0.95697
840 T	0.03133	0.01171	0.95696
841 A	0.03119	0.01185	0.95696
842 T	0.03115	0.01188	0.95696
843 C	0.03104	0.01198	0.95697
844 A	0.03096	0.01203	0.95701
845 A	0.03095	0.01197	0.95708
846 A	0.03108	0.01165	0.95727
847 A	0.03153	0.01094	0.95752
848 C	0.03275	0.00936	0.95789
849 T	0.03403	0.00775	0.95822
850 T	0.03412	0.00753	0.95836
851 T	0.03412	0.00735	0.95853
852 A	0.03408	0.00722	0.9587
853 G	0.03407	0.00699	0.95894
854 T	0.03407	0.00466	0.96127
855 T	0.03409	0.00351	0.9624
856 T	0.03407	0.00316	0.96277
857 T	0.03401	0.00305	0.96294
858 T	0.03389	0.00290	0.96321
859 G	0.03373	0.00283	0.96344
860 G	0.03365	0.00275	0.9636
861 A	0.03362	0.00271	0.96368
862 A	0.03361	0.00258	0.96381
863 T	0.03361	0.00244	0.96395
864 T	0.03360	0.00230	0.9641
865 G	0.03356	0.00231	0.96413
866 G	0.03355	0.00229	0.96416
867 A	0.03350	0.00236	0.96413
868 G	0.03346	0.00253	0.96401
869 A	0.03342	0.00268	0.96389
870 T	0.03341	0.00274	0.96385
871 G	0.03337	0.00291	0.96371
872 G	0.03338	0.00300	0.96362
873 A	0.03344	0.00321	0.96335
874 G	0.03354	0.00335	0.96311
875 T	0.03372	0.00355	0.96273
876 T	0.03386	0.00386	0.96227
877 T	0.03397	0.00453	0.9615
878 T	0.03401	0.00608	0.95991
879 A	0.03398	0.00708	0.95894
880 T	0.03399	0.00724	0.95878
881 T	0.03398	0.00730	0.95872
882 T	0.03372	0.00759	0.95869
883 G	0.03313	0.00826	0.95861
884 C	0.03294	0.00850	0.95856
885 T	0.03271	0.00892	0.95838
886 A	0.03234	0.00942	0.95824
887 A	0.03205	0.00980	0.95815
888 T	0.03189	0.01003	0.95808
889 G	0.03133	0.01077	0.95789
890 A	0.03098	0.01150	0.95751
891 A	0.03085	0.01168	0.95747
892 G	0.03062	0.01194	0.95743
893 G	0.03041	0.01227	0.95732
894 T	0.03048	0.01231	0.95721
895 C	0.03030	0.01261	0.95709
896 G	0.03032	0.01288	0.95679
897 A	0.03057	0.01289	0.95654
898 G	0.03104	0.01254	0.95642
899 G	0.03150	0.01220	0.9563
900 A	0.03215	0.01170	0.95616
901 T	0.03375	0.01020	0.95606
902 A	0.03444	0.00975	0.95581
903 T	0.03474	0.00969	0.95557
904 A	0.03467	0.01037	0.95496
905 T	0.03453	0.01091	0.95457
906 T	0.03423	0.01262	0.95315
907 T	0.03329	0.01632	0.95039
908 T	0.03180	0.01945	0.94876
909 A	0.02805	0.02437	0.94758
910 A	0.02467	0.02826	0.94707
911 A	0.02362	0.02941	0.94697
912 A	0.02307	0.02945	0.94748
913 A	0.02322	0.02891	0.94787
914 A	0.02329	0.02854	0.94817
915 A	0.02343	0.02791	0.94865
916 C	0.02377	0.02710	0.94912
917 T	0.02410	0.02675	0.94915
918 T	0.02427	0.02659	0.94915
919 T	0.02434	0.02678	0.94888
920 T	0.02421	0.02737	0.94842
921 A	0.02365	0.02875	0.9476
922 A	0.02306	0.03018	0.94677
923 G	0.02260	0.03156	0.94583
924 A	0.02210	0.03414	0.94376
925 A	0.02223	0.03537	0.9424
926 G	0.02268	0.03590	0.94141
927 A	0.02365	0.03531	0.94104
928 G	0.02494	0.03281	0.94225
929 G	0.02756	0.03000	0.94245
930 T	0.03112	0.02666	0.94223
931 T	0.03250	0.02457	0.94293
932 T	0.03297	0.02156	0.94547
933 T	0.03301	0.01920	0.94779
934 A	0.03279	0.01916	0.94805
935 C	0.03260	0.01907	0.94833
936 T	0.03246	0.01966	0.94789
937 A	0.03219	0.02067	0.94714
938 A	0.03198	0.02187	0.94615
939 A	0.03180	0.02351	0.94469
940 G	0.03164	0.02552	0.94284
941 G	0.03050	0.03216	0.93734
942 A	0.03049	0.04071	0.9288
943 A	0.03092	0.04161	0.92748
944 A	0.03164	0.04109	0.92728
945 A	0.03261	0.03978	0.92762
946 A	0.03387	0.03818	0.92795
947 C	0.03625	0.03521	0.92854
948 A	0.03796	0.03358	0.92847
949 T	0.03948	0.03206	0.92847
950 T	0.04023	0.03137	0.9284
951 A	0.04031	0.03139	0.92831
952 G	0.04076	0.03096	0.92829
953 G	0.04198	0.02966	0.92835
954 T	0.04259	0.02889	0.92851
955 T	0.04288	0.02847	0.92864
956 T	0.04270	0.02858	0.92872
957 T	0.04194	0.02924	0.92882
958 C	0.04035	0.03083	0.92882
959 A	0.03795	0.03384	0.92821
960 A	0.03729	0.03448	0.92823
961 A	0.03772	0.03390	0.92838
962 A	0.03923	0.03221	0.92856
963 A	0.04130	0.02991	0.92879
964 C	0.04715	0.02260	0.93026
965 C	0.05530	0.01409	0.93061
966 T	0.05733	0.01201	0.93066
967 T	0.05810	0.01125	0.93065
968 T	0.05840	0.01096	0.93065
969 T	0.05850	0.01088	0.93062
970 T	0.05855	0.01084	0.93061
971 T	0.05860	0.01069	0.93071
972 A	0.05855	0.01071	0.93074
973 T	0.05858	0.01050	0.93092
974 T	0.05857	0.01029	0.93114
975 T	0.05845	0.01028	0.93127
976 A	0.05812	0.01060	0.93129
977 A	0.05799	0.01059	0.93142
978 A	0.05799	0.01020	0.93181
979 T	0.05814	0.00908	0.93278
980 T	0.05820	0.00788	0.93392
981 A	0.05822	0.00654	0.93523
982 G	0.05871	0.00394	0.93736
983 T	0.05879	0.00290	0.93831
984 T	0.05864	0.00265	0.93871
985 T	0.05838	0.00283	0.93879
986 C	0.05819	0.00310	0.93871
987 T	0.05806	0.00445	0.9375
988 G	0.05765	0.00697	0.93539
989 T	0.05741	0.01039	0.9322
990 T	0.05710	0.01349	0.92942
991 G	0.05678	0.01656	0.92666
992 T	0.05666	0.01880	0.92454
993 T	0.05605	0.02081	0.92314
994 A	0.05467	0.02373	0.9216
995 T	0.05432	0.02488	0.9208
996 T	0.05404	0.02649	0.91947
997 G	0.05370	0.02863	0.91767
998 A	0.05354	0.03052	0.91594
999 T	0.05352	0.03100	0.91548
1000 A	0.05343	0.03227	0.91429
1001 T	0.05336	0.03298	0.91365
1002 A	0.05255	0.03420	0.91326
1003 A	0.05204	0.03489	0.91307
1004 T	0.05161	0.03545	0.91294
1005 G	0.05037	0.03689	0.91275
1006 A	0.04987	0.03758	0.91255
1007 A	0.04971	0.03771	0.91258
1008 A	0.04973	0.03753	0.91274
1009 G	0.04998	0.03716	0.91286
1010 A	0.05189	0.03519	0.91292
1011 A	0.05517	0.03151	0.91332
1012 T	0.06009	0.02628	0.91363
1013 T	0.06327	0.02295	0.91378
1014 T	0.06550	0.02046	0.91404
1015 T	0.06639	0.01938	0.91423
1016 A	0.06640	0.01877	0.91483
1017 T	0.06697	0.01686	0.91617
1018 C	0.06681	0.01667	0.91653
1019 C	0.06743	0.01656	0.91601
1020 T	0.06850	0.01794	0.91356
1021 T	0.06910	0.01914	0.91175
1022 A	0.06662	0.02325	0.91013
1023 T	0.06489	0.02625	0.90887
1024 T	0.06252	0.02947	0.90801
1025 T	0.06016	0.03187	0.90797
1026 A	0.05688	0.03603	0.90709
1027 A	0.05432	0.03930	0.90638
1028 T	0.05317	0.04044	0.90639
1029 T	0.04931	0.04644	0.90424
1030 G	0.03877	0.06525	0.89598
1031 A	0.03297	0.07834	0.88869
1032 T	0.02867	0.08837	0.88296
1033 A	0.02261	0.09831	0.87908
1034 A	0.02029	0.10231	0.8774
1035 A	0.01893	0.10465	0.87642
1036 A	0.01868	0.10523	0.87609
1037 A	0.01856	0.10542	0.87602
1038 A	0.01849	0.10535	0.87616
1039 G	0.01856	0.10482	0.87662
1040 A	0.01884	0.10417	0.87699
1041 A	0.01934	0.10259	0.87807
1042 A	0.02091	0.09980	0.87928
1043 T	0.02407	0.09503	0.88091
1044 T	0.02583	0.09186	0.88231
1045 A	0.02673	0.08802	0.88525
1046 T	0.02760	0.08367	0.88872
1047 T	0.02766	0.08098	0.89135
1048 G	0.02565	0.08188	0.89247
1049 A	0.02459	0.08310	0.89231
1050 A	0.02479	0.08271	0.89249
1051 A	0.02560	0.08169	0.89271
1052 A	0.02830	0.07621	0.89549
1053 T	0.03800	0.05835	0.90364
1054 A	0.04325	0.05318	0.90356
1055 T	0.04760	0.05150	0.90091
1056 T	0.04736	0.05673	0.89592
1057 A	0.04358	0.07010	0.88633
1058 T	0.04060	0.07749	0.8819
1059 T	0.03141	0.09371	0.87488
1060 A	0.02158	0.10858	0.86983
1061 A	0.01342	0.12110	0.86549
1062 A	0.01004	0.12736	0.86259
1063 A	0.00850	0.13003	0.86147
1064 A	0.00734	0.13165	0.86102
1065 A	0.00649	0.13279	0.86072
1066 G	0.00610	0.13330	0.8606
1067 A	0.00600	0.13354	0.86046
1068 A	0.00611	0.13323	0.86066
1069 G	0.00632	0.13262	0.86105
1070 A	0.00683	0.13160	0.86158
1071 A	0.00802	0.12809	0.86388
1072 G	0.01017	0.12385	0.86598
1073 A	0.01283	0.12007	0.86711
1074 A	0.01539	0.11658	0.86803
1075 A	0.01830	0.11291	0.8688
1076 A	0.02246	0.10725	0.87029
1077 A	0.03029	0.09651	0.87319
1078 T	0.04116	0.08150	0.87735
1079 T	0.05178	0.06535	0.88287
1080 T	0.06167	0.04984	0.88849
1081 G	0.06523	0.04207	0.8927
1082 T	0.07048	0.03087	0.89865
1083 A	0.07249	0.02588	0.90163
1084 T	0.07583	0.02051	0.90366
1085 T	0.07605	0.02731	0.89664
1086 T	0.07512	0.03653	0.88835
1087 A	0.07343	0.04610	0.88047
1088 A	0.07110	0.05582	0.87308
1089 T	0.06931	0.06058	0.87011
1090 T	0.06335	0.06864	0.86801
1091 T	0.05678	0.07571	0.86752
1092 A	0.04832	0.08469	0.86699
1093 A	0.04496	0.08827	0.86677
1094 A	0.04354	0.08978	0.86668
1095 C	0.04283	0.09048	0.86669
1096 A	0.04217	0.09149	0.86635
1097 G	0.04190	0.09227	0.86583
1098 A	0.04187	0.09239	0.86574
1099 G	0.04184	0.09245	0.86571
1100 G	0.04149	0.09284	0.86567
1101 T	0.04146	0.09289	0.86565
1102 C	0.04122	0.09314	0.86564
1103 A	0.04126	0.09324	0.86551
1104 A	0.04188	0.09264	0.86548
1105 A	0.04347	0.09104	0.86549
1106 A	0.04749	0.08679	0.86572
1107 A	0.05448	0.07956	0.86596
1108 T	0.06804	0.06317	0.86879
1109 T	0.07703	0.05179	0.87118
1110 A	0.08232	0.04421	0.87347
1111 T	0.08781	0.03602	0.87617
1112 T	0.08984	0.03111	0.87904
1113 T	0.09071	0.02356	0.88573
1114 T	0.09073	0.01738	0.89189
1115 T	0.09057	0.01065	0.89879
1116 C	0.09023	0.00878	0.90098
1117 C	0.09010	0.00863	0.90127
1118 A	0.08996	0.00908	0.90096
1119 A	0.08996	0.00905	0.90099
1120 T	0.09042	0.00856	0.90102
1121 T	0.09019	0.00895	0.90086
1122 A	0.08978	0.00937	0.90086
1123 G	0.08961	0.00896	0.90143
1124 T	0.08953	0.00910	0.90137
1125 T	0.08851	0.01104	0.90045
1126 C	0.08511	0.01628	0.89861
1127 A	0.08195	0.02810	0.88994
1128 A	0.07801	0.03979	0.8822
1129 A	0.07482	0.05055	0.87462
1130 A	0.07392	0.05359	0.87249
1131 T	0.07368	0.05459	0.87173
1132 A	0.07337	0.05502	0.87161
1133 A	0.07351	0.05486	0.87163
1134 T	0.07401	0.05418	0.87181
1135 A	0.07403	0.05393	0.87204
1136 C	0.07412	0.05331	0.87258
1137 T	0.07432	0.05282	0.87286
1138 C	0.07440	0.05240	0.87321
1139 T	0.07445	0.05223	0.87333
1140 T	0.07451	0.05211	0.87338
1141 T	0.07450	0.05208	0.87342
1142 C	0.07428	0.05205	0.87368
1143 A	0.07413	0.05220	0.87368
1144 G	0.07406	0.05190	0.87403
1145 G	0.07388	0.05169	0.87442
1146 A	0.07394	0.05142	0.87464
1147 G	0.07464	0.05051	0.87485
1148 A	0.07662	0.04706	0.87633
1149 G	0.07952	0.04064	0.87983
1150 A	0.08783	0.02954	0.88264
1151 A	0.09530	0.01841	0.88629
1152 T	0.10271	0.00771	0.88958
1153 T	0.10443	0.00513	0.89043
1154 T	0.10493	0.00434	0.89073
1155 T	0.10495	0.00424	0.8908
1156 T	0.10473	0.00490	0.89037
1157 T	0.10426	0.00582	0.88992
1158 T	0.10293	0.00722	0.88986
1159 A	0.10199	0.00825	0.88977
1160 A	0.10103	0.00922	0.88975
1161 A	0.10075	0.00939	0.88986
1162 C	0.10064	0.00927	0.89009
1163 T	0.10062	0.00935	0.89003
1164 T	0.10054	0.00965	0.88981
1165 T	0.10044	0.00994	0.88962
1166 A	0.10017	0.01073	0.8891
1167 T	0.09965	0.01156	0.88878
1168 G	0.09794	0.01311	0.88895
1169 A	0.09707	0.01385	0.88908
1170 T	0.09645	0.01438	0.88916
1171 A	0.09532	0.01552	0.88917
1172 C	0.09508	0.01571	0.88921
1173 T	0.09504	0.01586	0.8891
1174 T	0.09479	0.01620	0.88901
1175 A	0.09436	0.01672	0.88892
1176 T	0.09443	0.01665	0.88892
1177 G	0.09431	0.01683	0.88886
1178 G	0.09448	0.01639	0.88913
1179 T	0.09502	0.01543	0.88955
1180 T	0.09533	0.01455	0.89012
1181 T	0.09518	0.01346	0.89136
1182 A	0.09456	0.01340	0.89204
1183 C	0.09413	0.01291	0.89296
1184 C	0.09390	0.01296	0.89313
1185 T	0.09376	0.01311	0.89312
1186 A	0.09360	0.01333	0.89306
1187 T	0.09387	0.01311	0.89302
1188 G	0.09376	0.01334	0.8929
1189 G	0.09410	0.01307	0.89284
1190 A	0.09439	0.01258	0.89303
1191 T	0.09454	0.01100	0.89447
1192 A	0.09447	0.01099	0.89454
1193 T	0.09452	0.01109	0.89439
1194 T	0.09430	0.01250	0.8932
1195 A	0.09347	0.01984	0.88668
1196 T	0.09254	0.02356	0.8839
1197 A	0.09039	0.02981	0.87981
1198 T	0.08853	0.03439	0.87708
1199 A	0.08289	0.04223	0.87488
1200 T	0.07729	0.04984	0.87287
1201 G	0.06741	0.06188	0.87072
1202 A	0.06438	0.06633	0.86929
1203 A	0.06311	0.06843	0.86846
1204 T	0.06256	0.06882	0.86862
1205 A	0.06178	0.06904	0.86918
1206 T	0.06127	0.06901	0.86972
1207 G	0.06057	0.06951	0.86992
1208 C	0.05844	0.07154	0.87002
1209 G	0.05741	0.07256	0.87003
1210 A	0.05608	0.07406	0.86986
1211 A	0.05520	0.07482	0.86998
1212 G	0.05478	0.07521	0.87002
1213 C	0.05450	0.07562	0.86988
1214 A	0.05453	0.07640	0.86907
1215 A	0.05540	0.07596	0.86864
1216 A	0.05652	0.07532	0.86816
1217 A	0.05902	0.07309	0.86789
1218 T	0.06620	0.06593	0.86787
1219 A	0.06901	0.06295	0.86804
1220 A	0.07190	0.05944	0.86866
1221 T	0.07405	0.05424	0.87171
1222 A	0.07409	0.04905	0.87686
1223 T	0.07560	0.04127	0.88313
1224 T	0.07610	0.03290	0.891
1225 C	0.07567	0.03160	0.89274
1226 A	0.07510	0.03650	0.88841
1227 T	0.07460	0.04336	0.88204
1228 A	0.07218	0.05205	0.87577
1229 T	0.06803	0.05814	0.87383
1230 A	0.05978	0.06790	0.87233
1231 G	0.05361	0.07340	0.873
1232 A	0.04990	0.07752	0.87258
1233 T	0.04827	0.07777	0.87396
1234 G	0.04608	0.07904	0.87489
1235 A	0.04450	0.08017	0.87534
1236 A	0.04380	0.08040	0.87579
1237 C	0.04374	0.08013	0.87613
1238 A	0.04307	0.08210	0.87483
1239 A	0.04334	0.08267	0.87399
1240 A	0.04379	0.08350	0.87271
1241 A	0.04460	0.08270	0.87271
1242 A	0.04638	0.08055	0.87306
1243 T	0.04851	0.07589	0.8756
1244 T	0.04884	0.07282	0.87834
1245 C	0.04890	0.07034	0.88076
1246 C	0.04918	0.06988	0.88094
1247 G	0.04920	0.07218	0.87862
1248 A	0.04992	0.07544	0.87464
1249 A	0.05426	0.07359	0.87215
1250 T	0.06221	0.06830	0.86948
1251 T	0.06816	0.06174	0.8701
1252 T	0.06929	0.05702	0.87369
1253 A	0.06706	0.05420	0.87874
1254 T	0.06610	0.04974	0.88416
1255 T	0.06410	0.05043	0.88547
1256 T	0.06006	0.05544	0.88449
1257 A	0.05519	0.06257	0.88224
1258 G	0.05292	0.06594	0.88114
1259 A	0.05164	0.06835	0.88001
1260 A	0.04892	0.07059	0.8805
1261 G	0.04780	0.07118	0.88103
1262 A	0.04615	0.07354	0.88031
1263 A	0.04611	0.07440	0.87949
1264 C	0.04601	0.07511	0.87888
1265 A	0.04585	0.07780	0.87635
1266 A	0.04580	0.08035	0.87385
1267 A	0.04591	0.08297	0.87112
1268 A	0.04616	0.08484	0.869
1269 A	0.04665	0.08623	0.86712
1270 A	0.04868	0.08534	0.86598
1271 A	0.05134	0.08287	0.86578
1272 A	0.05428	0.07992	0.86579
1273 T	0.05919	0.07400	0.86681
1274 T	0.06067	0.07096	0.86837
1275 A	0.06078	0.06867	0.87056
1276 T	0.06226	0.06157	0.87617
1277 C	0.06028	0.05963	0.88009
1278 T	0.05973	0.05825	0.88202
1279 C	0.05516	0.06170	0.88313
1280 G	0.05386	0.06194	0.8842
1281 T	0.05259	0.06280	0.88461
1282 G	0.04794	0.06708	0.88499
1283 G	0.04614	0.06621	0.88765
1284 C	0.04514	0.06616	0.8887
1285 G	0.04507	0.06466	0.89028
1286 C	0.04563	0.06345	0.89092
1287 C	0.04609	0.06298	0.89094
1288 C	0.04741	0.06255	0.89004
1289 A	0.04895	0.06286	0.88819
1290 A	0.05059	0.06348	0.88593
1291 A	0.05178	0.06366	0.88456
1292 A	0.05345	0.06249	0.88406
1293 T	0.05549	0.05935	0.88516
1294 A	0.05538	0.05668	0.88793
1295 A	0.05535	0.05675	0.8879
1296 T	0.05496	0.05858	0.88646
1297 A	0.05304	0.07111	0.87585
1298 A	0.04967	0.07808	0.87225
1299 A	0.04702	0.08310	0.86989
1300 T	0.04447	0.08550	0.87003
1301 A	0.04118	0.08988	0.86893
1302 T	0.04062	0.08867	0.87071
1303 A	0.03928	0.09311	0.8676
1304 G	0.03864	0.09299	0.86838
1305 T	0.03824	0.09220	0.86956
1306 A	0.03757	0.09429	0.86813
1307 T	0.03689	0.09493	0.86819
1308 G	0.03577	0.09648	0.86776
1309 A	0.03536	0.09741	0.86723
1310 A	0.03491	0.09775	0.86733
1311 T	0.03559	0.09621	0.86819
1312 A	0.03552	0.09590	0.86858
1313 A	0.03611	0.09490	0.86899
1314 A	0.03660	0.09361	0.8698
1315 C	0.03690	0.09251	0.87058
1316 A	0.03724	0.09218	0.87057
1317 A	0.03840	0.09019	0.87141
1318 A	0.04054	0.08726	0.87221
1319 A	0.04524	0.08182	0.87293
1320 T	0.05956	0.06569	0.87476
1321 G	0.06543	0.05544	0.87912
1322 A	0.07079	0.04671	0.8825
1323 T	0.07632	0.03734	0.88634
1324 C	0.07955	0.03073	0.88972
1325 T	0.08438	0.02531	0.89032
1326 T	0.09042	0.01927	0.89031
1327 T	0.09217	0.01849	0.88934
1328 T	0.09306	0.01809	0.88885
