# lcl|CP097583.1_cds_USQ93611.1_1
# AA	inside	membr	outside
1 A	0.73857	0.00000	0.26142
2 T	0.73830	0.00027	0.26142
3 T	0.73810	0.00047	0.26142
4 A	0.73810	0.00263	0.25927
5 A	0.73433	0.00761	0.25805
6 T	0.73433	0.00784	0.25782
7 T	0.68258	0.05975	0.25766
8 T	0.68258	0.05976	0.25766
9 A	0.64918	0.09339	0.25742
10 G	0.64911	0.11812	0.23276
11 G	0.64366	0.12460	0.23173
12 A	0.57038	0.19856	0.23106
13 T	0.50868	0.26394	0.22738
14 T	0.50866	0.26396	0.22738
15 A	0.50866	0.27950	0.21184
16 T	0.50683	0.28133	0.21184
17 T	0.50316	0.28517	0.21167
18 T	0.50287	0.28592	0.21121
19 T	0.49399	0.29503	0.21098
20 T	0.45028	0.34244	0.20729
21 A	0.30046	0.49228	0.20726
22 A	0.28351	0.50964	0.20685
23 T	0.27727	0.51601	0.20672
24 T	0.27004	0.52372	0.20623
25 A	0.25413	0.53983	0.20603
26 T	0.24856	0.54526	0.20618
27 T	0.23989	0.55272	0.20738
28 A	0.23107	0.55900	0.20993
29 A	0.22832	0.55910	0.21258
30 T	0.22767	0.51661	0.25572
31 A	0.22514	0.51741	0.25745
32 A	0.22371	0.48898	0.28731
33 T	0.24770	0.45765	0.29464
34 A	0.24698	0.45197	0.30106
35 A	0.24907	0.38252	0.3684
36 T	0.25338	0.32477	0.42184
37 T	0.25415	0.31893	0.42692
38 T	0.26102	0.30269	0.43628
39 C	0.26007	0.28333	0.4566
40 A	0.26046	0.27448	0.46505
41 T	0.26002	0.26171	0.47826
42 T	0.25635	0.26144	0.48221
43 A	0.25017	0.24931	0.50052
44 T	0.23898	0.18858	0.57244
45 G	0.20637	0.21864	0.57499
46 G	0.19975	0.25096	0.54929
47 A	0.19514	0.31009	0.49476
48 G	0.19131	0.36896	0.43973
49 A	0.18748	0.50204	0.31048
50 T	0.18607	0.56049	0.25344
51 G	0.17039	0.61213	0.21748
52 A	0.16025	0.66168	0.17807
53 A	0.15659	0.71479	0.12862
54 A	0.15405	0.72064	0.12531
55 A	0.15167	0.72609	0.12224
56 A	0.14995	0.72822	0.12183
57 A	0.14986	0.72888	0.12125
58 C	0.14594	0.73690	0.11716
59 A	0.13857	0.75791	0.10352
60 A	0.13369	0.76878	0.09753
61 A	0.13081	0.77783	0.09135
62 G	0.13118	0.77747	0.09135
63 G	0.13313	0.77595	0.09093
64 A	0.13759	0.76937	0.09304
65 A	0.14582	0.75518	0.099
66 A	0.15884	0.73379	0.10737
67 A	0.18825	0.69266	0.11909
68 C	0.22061	0.63002	0.14937
69 A	0.26512	0.58045	0.15443
70 A	0.33309	0.50869	0.15822
71 A	0.41535	0.42162	0.16304
72 T	0.56058	0.27135	0.16807
73 T	0.62960	0.19919	0.17121
74 T	0.65918	0.15187	0.18895
75 C	0.67711	0.12298	0.19991
76 A	0.70094	0.09559	0.20347
77 A	0.70609	0.08715	0.20676
78 T	0.71363	0.07598	0.21039
79 C	0.71763	0.06930	0.21306
80 A	0.72246	0.06367	0.21388
81 A	0.73092	0.04989	0.21918
82 T	0.74746	0.02444	0.22809
83 G	0.75407	0.01201	0.23392
84 A	0.76256	0.00000	0.23744
