# lcl|CP097583.1_cds_USQ93282.1_1
# AA	inside	membr	outside
1 A	0.35029	0.00000	0.64972
2 T	0.34254	0.00775	0.64972
3 G	0.33527	0.01502	0.64972
4 C	0.33527	0.17446	0.49028
5 A	0.29575	0.52560	0.17865
6 A	0.29575	0.55124	0.15302
7 A	0.23979	0.61271	0.14749
8 T	0.23979	0.61278	0.14743
9 T	0.22098	0.63321	0.14581
10 A	0.22092	0.72166	0.05742
11 A	0.21689	0.72925	0.05386
12 A	0.19255	0.75501	0.05244
13 A	0.17406	0.78061	0.04533
14 A	0.17405	0.78061	0.04533
15 A	0.17405	0.80112	0.02483
16 A	0.17377	0.80140	0.02483
17 T	0.17315	0.80222	0.02463
18 A	0.17312	0.80270	0.02418
19 A	0.17248	0.80362	0.0239
20 A	0.17124	0.80687	0.02189
21 T	0.17035	0.80715	0.02251
22 A	0.17138	0.80556	0.02305
23 A	0.18188	0.79265	0.02547
24 T	0.20378	0.76825	0.02797
25 G	0.22443	0.73496	0.04061
26 A	0.24407	0.70528	0.05066
27 T	0.41546	0.51868	0.06585
28 T	0.66773	0.23692	0.09536
29 T	0.68937	0.21177	0.09887
30 T	0.70258	0.16505	0.13237
31 A	0.69931	0.16530	0.1354
32 T	0.70089	0.13779	0.16132
33 T	0.73180	0.10365	0.16455
34 C	0.67948	0.15683	0.16369
35 A	0.65880	0.18533	0.15587
36 A	0.65059	0.18842	0.16098
37 T	0.64153	0.20763	0.15084
38 A	0.62545	0.22661	0.14794
39 T	0.60058	0.25890	0.14051
40 C	0.56228	0.30144	0.13628
41 A	0.55649	0.32154	0.12197
42 T	0.55380	0.33173	0.11448
43 T	0.54708	0.34064	0.11228
44 T	0.52609	0.37134	0.10258
45 T	0.49065	0.41207	0.09727
46 G	0.41262	0.50308	0.0843
47 A	0.33333	0.58978	0.0769
48 A	0.26995	0.65761	0.07244
49 A	0.25622	0.67841	0.06538
50 T	0.24786	0.68985	0.06229
51 A	0.23789	0.70203	0.06009
52 A	0.23031	0.70919	0.0605
53 A	0.22575	0.71083	0.06341
54 T	0.22555	0.70188	0.07257
55 A	0.22352	0.69954	0.07694
56 A	0.22457	0.68315	0.09228
57 A	0.22921	0.63173	0.13906
58 G	0.24259	0.58979	0.16762
59 A	0.24849	0.56574	0.18576
60 T	0.26333	0.53564	0.20103
61 G	0.26819	0.50790	0.22391
62 A	0.27703	0.48650	0.23647
63 T	0.28534	0.44979	0.26488
64 T	0.29804	0.42554	0.27643
65 T	0.30278	0.41120	0.28602
66 T	0.30425	0.39876	0.29699
67 G	0.30603	0.38057	0.3134
68 A	0.30854	0.35443	0.33704
69 T	0.31975	0.28148	0.39877
70 A	0.32292	0.22922	0.44786
71 T	0.32704	0.17652	0.49643
72 A	0.33033	0.16886	0.50081
73 T	0.33215	0.16331	0.50453
74 T	0.33079	0.16760	0.50161
75 T	0.32282	0.19245	0.48472
76 G	0.31048	0.22622	0.4633
77 T	0.30274	0.26790	0.42936
78 A	0.27459	0.34507	0.38034
79 G	0.24689	0.41429	0.33882
80 A	0.22125	0.49588	0.28286
81 A	0.20874	0.53438	0.25689
82 G	0.20696	0.55654	0.2365
83 A	0.20884	0.57554	0.21562
84 A	0.21546	0.58426	0.20028
85 A	0.22741	0.58312	0.18947
86 T	0.24489	0.57131	0.18379
87 T	0.25223	0.57530	0.17247
88 T	0.25617	0.58513	0.1587
89 A	0.25599	0.60244	0.14158
90 T	0.25736	0.61037	0.13226
91 A	0.24788	0.63631	0.11581
92 A	0.23529	0.66854	0.09617
93 T	0.23726	0.67606	0.08668
94 A	0.23220	0.68982	0.07797
95 A	0.22932	0.69726	0.07342
96 A	0.22591	0.70230	0.0718
97 A	0.22896	0.69952	0.07152
98 T	0.25030	0.67479	0.07491
99 A	0.26057	0.67302	0.0664
100 A	0.28680	0.64337	0.06984
101 A	0.32800	0.58017	0.09183
102 A	0.36794	0.51414	0.11791
103 T	0.41864	0.43811	0.14325
104 C	0.43635	0.40978	0.15387
105 T	0.45299	0.39449	0.15251
106 A	0.45962	0.39109	0.14929
107 A	0.46549	0.38829	0.14621
108 A	0.47055	0.38601	0.14343
109 G	0.47279	0.38658	0.14063
110 T	0.46921	0.40074	0.13005
111 A	0.45910	0.43103	0.10986
112 G	0.46172	0.44810	0.09018
113 A	0.46317	0.45817	0.07866
114 A	0.47399	0.43988	0.08612
115 T	0.49327	0.40696	0.09977
116 T	0.50121	0.39356	0.10523
117 A	0.49901	0.38952	0.11146
118 A	0.49982	0.38043	0.11974
119 A	0.50222	0.36382	0.13396
120 A	0.50466	0.34690	0.14844
121 G	0.51230	0.32628	0.16141
122 G	0.53134	0.29295	0.17571
123 T	0.53901	0.27752	0.18348
124 T	0.54159	0.26935	0.18905
125 T	0.54173	0.26605	0.19223
126 T	0.53620	0.27041	0.19339
127 C	0.52269	0.28222	0.1951
128 G	0.51239	0.30162	0.18599
129 A	0.50670	0.32298	0.17032
130 A	0.50430	0.32811	0.16759
131 A	0.50671	0.32570	0.1676
132 A	0.51179	0.31501	0.1732
133 G	0.52845	0.27225	0.19931
134 G	0.55302	0.22302	0.22397
135 T	0.58173	0.18169	0.23657
136 T	0.59572	0.16561	0.23868
137 T	0.59837	0.16852	0.2331
138 T	0.59813	0.18713	0.21474
139 G	0.59278	0.19871	0.20851
140 T	0.58748	0.21252	0.2
141 A	0.58184	0.23516	0.183
142 A	0.57746	0.25589	0.16665
143 C	0.57591	0.26296	0.16113
144 A	0.57423	0.27389	0.15189
145 A	0.57334	0.27873	0.14793
146 G	0.57204	0.28095	0.14702
147 G	0.57347	0.28147	0.14505
148 G	0.57627	0.28230	0.14142
149 A	0.58290	0.27162	0.14548
150 T	0.59228	0.25075	0.15698
151 A	0.60186	0.23532	0.16282
152 T	0.61692	0.21826	0.16483
153 G	0.62062	0.21855	0.16083
154 T	0.62414	0.23956	0.1363
155 A	0.62502	0.25699	0.11799
156 T	0.62693	0.26371	0.10937
157 G	0.62810	0.27241	0.09949
158 A	0.63034	0.27765	0.09202
159 A	0.63702	0.27129	0.09169
160 A	0.64886	0.25869	0.09245
161 A	0.66920	0.23581	0.09499
162 A	0.68378	0.21417	0.10206
163 C	0.70421	0.18629	0.1095
164 A	0.72797	0.15936	0.11268
165 T	0.74863	0.13565	0.11573
166 T	0.75586	0.12828	0.11586
167 T	0.75963	0.12561	0.11476
168 T	0.75956	0.12557	0.11487
169 G	0.75296	0.13026	0.11678
170 A	0.75108	0.13154	0.11738
171 T	0.75371	0.12832	0.11797
172 C	0.75397	0.12783	0.1182
173 C	0.75611	0.12575	0.11815
174 G	0.76106	0.12111	0.11783
175 C	0.76970	0.11250	0.11781
176 G	0.78024	0.10207	0.11769
177 T	0.81063	0.07186	0.11751
178 T	0.82792	0.05470	0.11739
179 C	0.83500	0.04780	0.1172
180 T	0.84161	0.04212	0.11627
181 T	0.84506	0.03936	0.11558
182 T	0.84511	0.04040	0.11448
183 A	0.84418	0.04259	0.11324
184 T	0.84380	0.04370	0.11249
185 A	0.84209	0.04585	0.11207
186 T	0.83847	0.04967	0.11186
187 G	0.83015	0.05874	0.11111
188 A	0.82723	0.06284	0.10994
189 A	0.82647	0.06398	0.10955
190 G	0.82739	0.06160	0.11101
191 A	0.82782	0.05908	0.1131
192 T	0.82844	0.05002	0.12153
193 G	0.82862	0.04757	0.1238
194 C	0.82850	0.04799	0.12351
195 T	0.82809	0.05567	0.11624
196 T	0.82685	0.05835	0.1148
197 T	0.82301	0.06463	0.11236
198 T	0.80573	0.08382	0.11045
199 A	0.78364	0.10617	0.11019
200 C	0.77274	0.11696	0.1103
201 A	0.76055	0.12971	0.10974
202 T	0.75690	0.13331	0.10979
203 C	0.74963	0.14080	0.10957
204 T	0.74355	0.14987	0.10658
205 T	0.72843	0.17138	0.10019
206 T	0.70686	0.20775	0.08539
207 A	0.67313	0.24502	0.08185
208 G	0.66048	0.25731	0.08221
209 T	0.65056	0.26413	0.08531
210 T	0.63254	0.27565	0.09181
211 C	0.60581	0.29973	0.09446
212 A	0.57968	0.32583	0.09449
213 A	0.56565	0.33920	0.09514
214 A	0.55160	0.35310	0.09529
215 C	0.54165	0.36286	0.09549
216 A	0.53882	0.36642	0.09475
217 A	0.53876	0.36654	0.0947
218 A	0.54412	0.36022	0.09566
219 A	0.54309	0.35999	0.09692
220 T	0.54353	0.35588	0.10058
221 T	0.52393	0.35631	0.11977
222 G	0.44838	0.41382	0.13781
223 A	0.37177	0.48698	0.14125
224 A	0.29359	0.56807	0.13834
225 A	0.25551	0.61786	0.12663
226 G	0.22484	0.65421	0.12095
227 A	0.19944	0.70673	0.09383
228 A	0.19420	0.71000	0.09581
229 A	0.20087	0.69763	0.1015
230 T	0.20274	0.67280	0.12447
231 A	0.19952	0.67771	0.12278
232 T	0.19774	0.67968	0.12258
233 T	0.19136	0.69441	0.11423
234 T	0.17808	0.69582	0.12611
235 G	0.15012	0.71608	0.1338
236 A	0.13056	0.73673	0.13271
237 A	0.11543	0.74973	0.13485
238 C	0.10562	0.75572	0.13866
239 A	0.09746	0.77044	0.1321
240 A	0.09247	0.77875	0.12878
241 A	0.09034	0.78264	0.12702
242 A	0.09066	0.78278	0.12656
243 A	0.09168	0.78420	0.12413
244 A	0.09377	0.75886	0.14737
245 A	0.09707	0.67916	0.22377
246 A	0.10571	0.59242	0.30188
247 G	0.12362	0.49772	0.37866
248 A	0.14515	0.45723	0.39761
249 A	0.16627	0.41889	0.41484
250 T	0.21007	0.35886	0.43108
251 A	0.22569	0.35577	0.41854
252 T	0.24379	0.35040	0.40581
253 G	0.24956	0.36065	0.3898
254 A	0.25062	0.41640	0.33297
255 T	0.25585	0.47986	0.26429
256 A	0.25993	0.53787	0.2022
257 T	0.26444	0.54195	0.19361
258 A	0.25182	0.57837	0.16981
259 A	0.23270	0.62127	0.14603
260 T	0.22118	0.63418	0.14465
261 T	0.19582	0.66881	0.13537
262 G	0.15104	0.72348	0.12548
263 G	0.13264	0.75058	0.11679
264 G	0.12148	0.76296	0.11556
265 G	0.11287	0.77165	0.11549
266 A	0.11068	0.77416	0.11517
267 A	0.11584	0.76908	0.11508
268 C	0.12018	0.76472	0.1151
269 C	0.12554	0.76228	0.11217
270 A	0.13212	0.76550	0.10237
271 A	0.14728	0.76237	0.09035
272 A	0.16217	0.76047	0.07736
273 A	0.17621	0.75816	0.06564
274 A	0.20761	0.73073	0.06166
275 T	0.24579	0.69149	0.06272
276 A	0.27208	0.66178	0.06614
277 A	0.33541	0.58552	0.07907
278 T	0.42817	0.47742	0.09441
279 T	0.49423	0.39463	0.11114
280 A	0.51179	0.37190	0.11631
281 A	0.54992	0.31501	0.13507
282 T	0.59020	0.22791	0.18188
283 T	0.60338	0.18841	0.20821
284 T	0.61557	0.15270	0.23173
285 T	0.61705	0.12873	0.25422
286 G	0.59919	0.13670	0.26411
287 A	0.57527	0.15299	0.27174
288 T	0.54549	0.17366	0.28086
289 C	0.47172	0.24447	0.28381
290 C	0.38139	0.35066	0.26795
291 A	0.31896	0.48279	0.19825
292 G	0.28860	0.56474	0.14665
293 A	0.27266	0.62527	0.10207
294 A	0.27426	0.64669	0.07905
295 G	0.28442	0.64746	0.06812
296 T	0.29505	0.64450	0.06046
297 T	0.29354	0.65170	0.05476
298 T	0.28777	0.65832	0.05391
299 T	0.28370	0.66358	0.05272
300 A	0.27424	0.67452	0.05124
301 A	0.26164	0.68882	0.04954
302 C	0.25405	0.69693	0.04902
303 T	0.24996	0.70284	0.04719
304 A	0.21999	0.73536	0.04464
305 A	0.20245	0.75374	0.04381
306 A	0.18656	0.76968	0.04377
307 A	0.17576	0.78003	0.04421
308 A	0.17017	0.77557	0.05425
309 A	0.16724	0.75427	0.07849
310 A	0.16788	0.72361	0.1085
311 A	0.17103	0.68251	0.14646
312 A	0.17648	0.60935	0.21417
313 G	0.20215	0.50204	0.29581
314 A	0.27644	0.37801	0.34555
315 T	0.33790	0.28834	0.37376
316 T	0.37623	0.23235	0.39142
317 T	0.39209	0.20615	0.40176
318 T	0.39705	0.19669	0.40626
319 T	0.39851	0.18931	0.41218
320 T	0.39694	0.18419	0.41887
321 C	0.39380	0.18040	0.4258
322 A	0.39365	0.17995	0.4264
323 A	0.39492	0.17369	0.43139
324 T	0.39724	0.16020	0.44256
325 T	0.39558	0.15488	0.44954
326 T	0.38829	0.16178	0.44993
327 T	0.38270	0.14595	0.47135
328 G	0.37737	0.14598	0.47665
329 G	0.37511	0.14940	0.47548
330 A	0.37401	0.16715	0.45884
331 A	0.37344	0.19059	0.43597
332 T	0.37210	0.22194	0.40596
333 A	0.32610	0.31226	0.36164
334 G	0.30554	0.34630	0.34817
335 A	0.30044	0.36150	0.33806
336 A	0.30043	0.37296	0.32662
337 T	0.30495	0.37616	0.31889
338 T	0.30643	0.39147	0.30209
339 T	0.30225	0.43359	0.26417
340 A	0.29166	0.47141	0.23693
341 T	0.28252	0.52148	0.196
342 G	0.26161	0.57149	0.1669
343 T	0.24864	0.61468	0.13667
344 T	0.22539	0.66506	0.10955
345 A	0.19380	0.70371	0.1025
346 A	0.17892	0.71870	0.10238
347 A	0.17139	0.72508	0.10353
348 G	0.16957	0.72172	0.10871
349 C	0.17139	0.71170	0.11691
350 C	0.17923	0.70135	0.11942
351 A	0.18867	0.69288	0.11845
352 G	0.20207	0.68209	0.11584
353 A	0.22752	0.66272	0.10976
354 A	0.25588	0.63760	0.10652
355 A	0.29304	0.60283	0.10413
356 T	0.34196	0.50679	0.15125
357 T	0.35405	0.47958	0.16637
358 A	0.35858	0.47585	0.16557
359 A	0.36696	0.46581	0.16723
360 A	0.37531	0.45691	0.16777
361 A	0.39719	0.42672	0.17609
362 T	0.45020	0.35794	0.19186
363 A	0.48191	0.31286	0.20523
364 T	0.53224	0.24618	0.22158
365 G	0.55426	0.20173	0.24401
366 T	0.57475	0.17068	0.25457
367 G	0.57600	0.16118	0.26282
368 A	0.56978	0.17572	0.2545
369 T	0.56396	0.20254	0.2335
370 T	0.54171	0.30346	0.15483
371 A	0.50337	0.39495	0.10168
372 T	0.47410	0.45152	0.07438
373 A	0.38996	0.54453	0.0655
374 A	0.31505	0.62354	0.06141
375 A	0.27100	0.67020	0.0588
376 A	0.23251	0.71246	0.05503
377 C	0.22514	0.72117	0.05369
378 A	0.22104	0.72574	0.05323
379 A	0.22298	0.72343	0.05359
380 T	0.22962	0.71550	0.05488
381 T	0.23330	0.71052	0.05618
382 C	0.22852	0.71509	0.05639
383 C	0.22124	0.72351	0.05525
384 A	0.17369	0.77859	0.04773
385 G	0.15549	0.79875	0.04576
386 T	0.14565	0.81080	0.04355
387 A	0.11628	0.84271	0.04101
388 A	0.10823	0.85150	0.04026
389 A	0.11141	0.84470	0.04389
390 A	0.12715	0.81393	0.05891
391 A	0.15937	0.76464	0.07599
392 A	0.20081	0.70687	0.09232
393 T	0.28624	0.58847	0.12529
394 T	0.32561	0.51156	0.16283
395 A	0.34046	0.47144	0.1881
396 T	0.34735	0.39422	0.25843
397 A	0.34743	0.33060	0.32196
398 A	0.34559	0.29748	0.35692
399 T	0.34605	0.25551	0.39844
400 T	0.34244	0.24877	0.40879
401 C	0.33589	0.24450	0.41961
402 A	0.33088	0.26154	0.40759
403 G	0.32823	0.27394	0.39784
404 A	0.32653	0.28720	0.38627
405 A	0.32599	0.30466	0.36936
406 A	0.32765	0.29708	0.37527
407 T	0.33444	0.23294	0.43261
408 T	0.33035	0.22369	0.44597
409 A	0.30546	0.24927	0.44527
410 C	0.28948	0.26508	0.44543
411 A	0.25653	0.37381	0.36966
412 G	0.22893	0.43201	0.33907
413 A	0.19597	0.52798	0.27605
414 T	0.18136	0.58182	0.23683
415 G	0.15551	0.69070	0.15379
416 A	0.14482	0.77637	0.07881
417 A	0.13889	0.81136	0.04975
418 G	0.13705	0.82385	0.0391
419 A	0.13895	0.82282	0.03823
420 A	0.14150	0.81603	0.04246
421 G	0.14527	0.80440	0.05033
422 T	0.15182	0.79295	0.05523
423 C	0.15205	0.78813	0.05982
424 C	0.15339	0.78464	0.06197
425 A	0.15865	0.77972	0.06162
426 G	0.16298	0.77581	0.06121
427 A	0.16683	0.77361	0.05957
428 A	0.17567	0.76642	0.05791
429 A	0.17907	0.76514	0.05579
430 A	0.18559	0.76006	0.05436
431 A	0.19807	0.74104	0.0609
432 A	0.21471	0.69655	0.08874
433 A	0.24699	0.64474	0.10826
434 T	0.33864	0.51672	0.14464
435 A	0.37357	0.45876	0.16768
436 G	0.43841	0.36579	0.19581
437 A	0.49008	0.30194	0.20798
438 T	0.58634	0.18421	0.22944
439 T	0.64646	0.11805	0.23548
440 T	0.66769	0.09340	0.2389
441 T	0.67313	0.08860	0.23827
442 T	0.67331	0.09093	0.23576
443 T	0.67199	0.09714	0.23087
444 A	0.66832	0.10911	0.22258
445 T	0.66469	0.12172	0.21359
446 T	0.65327	0.15253	0.1942
447 T	0.64238	0.16703	0.19059
448 A	0.62968	0.18584	0.18448
449 A	0.62432	0.19325	0.18243
450 A	0.62057	0.19708	0.18235
451 C	0.61967	0.19449	0.18583
452 A	0.62119	0.20334	0.17547
453 T	0.62430	0.20134	0.17436
454 A	0.61755	0.20802	0.17443
455 A	0.61738	0.20765	0.17496
456 T	0.61828	0.20590	0.17582
457 C	0.61368	0.20957	0.17675
458 C	0.61084	0.21437	0.17479
459 T	0.61484	0.22079	0.16438
460 A	0.61688	0.23794	0.14518
461 T	0.62225	0.23826	0.13948
462 T	0.62505	0.24670	0.12825
463 T	0.62535	0.26228	0.11237
464 T	0.62137	0.29024	0.08839
465 A	0.61502	0.31864	0.06634
466 G	0.61604	0.31749	0.06647
467 A	0.62150	0.31019	0.06831
468 A	0.62949	0.29672	0.07378
469 T	0.64872	0.26539	0.0859
470 C	0.64967	0.25481	0.09552
471 A	0.64262	0.26089	0.09649
472 A	0.63328	0.27455	0.09217
473 A	0.62275	0.29274	0.08451
474 A	0.61770	0.30144	0.08085
475 G	0.61956	0.30030	0.08014
476 A	0.61876	0.29944	0.08181
477 A	0.61816	0.29366	0.08817
478 A	0.61895	0.29313	0.08792
479 A	0.61972	0.29502	0.08526
480 A	0.62223	0.29552	0.08225
481 G	0.62691	0.28592	0.08717
482 A	0.64202	0.26935	0.08863
483 T	0.66773	0.24072	0.09155
484 G	0.67427	0.23109	0.09464
485 C	0.68627	0.21494	0.09878
486 A	0.69966	0.20089	0.09946
487 T	0.72438	0.17236	0.10326
488 C	0.74181	0.15085	0.10733
489 T	0.74635	0.15080	0.10285
490 T	0.74811	0.15545	0.09644
491 T	0.74877	0.15780	0.09343
492 A	0.74748	0.16294	0.08958
493 G	0.74759	0.16203	0.09038
494 A	0.75012	0.14908	0.1008
495 A	0.75620	0.13082	0.11298
496 T	0.76705	0.10660	0.12635
497 T	0.77235	0.09486	0.13278
498 G	0.77345	0.08904	0.13751
499 G	0.77525	0.08539	0.13936
500 G	0.77749	0.08254	0.13996
501 A	0.78135	0.07876	0.13989
502 G	0.78722	0.07284	0.13995
503 A	0.79807	0.06346	0.13847
504 T	0.80317	0.05968	0.13715
505 A	0.80595	0.05812	0.13594
506 T	0.80970	0.05436	0.13594
507 T	0.81072	0.05317	0.13612
508 G	0.81093	0.05337	0.13571
509 C	0.81219	0.05227	0.13554
510 T	0.81450	0.05075	0.13475
511 A	0.81612	0.04950	0.13437
512 T	0.82427	0.04141	0.13432
513 T	0.83187	0.03402	0.1341
514 T	0.83526	0.03121	0.13353
515 T	0.83687	0.02883	0.1343
516 T	0.83692	0.03021	0.13286
517 G	0.83649	0.03394	0.12957
518 A	0.83657	0.03820	0.12524
519 T	0.83748	0.03741	0.12511
520 T	0.83829	0.03765	0.12407
521 T	0.83796	0.03947	0.12257
522 T	0.83670	0.04140	0.1219
523 C	0.83326	0.04579	0.12096
524 A	0.82135	0.06136	0.1173
525 A	0.81875	0.06512	0.11612
526 G	0.81919	0.06515	0.11566
527 G	0.82115	0.06354	0.11531
528 T	0.82337	0.06168	0.11495
529 T	0.82358	0.06207	0.11435
530 A	0.82284	0.06372	0.11344
531 T	0.82298	0.06444	0.11258
532 T	0.82237	0.06778	0.10985
533 T	0.82160	0.07031	0.10809
534 A	0.82012	0.07567	0.10422
535 A	0.81938	0.08023	0.10039
536 A	0.81903	0.08382	0.09715
537 T	0.81953	0.08262	0.09785
538 G	0.81985	0.08172	0.09843
539 G	0.82157	0.07978	0.09865
540 A	0.82525	0.07629	0.09845
541 C	0.82968	0.07161	0.09871
542 A	0.83076	0.07183	0.09742
543 A	0.83353	0.06994	0.09653
544 T	0.83776	0.06578	0.09646
545 T	0.83909	0.06391	0.097
546 A	0.83980	0.06313	0.09708
547 T	0.84179	0.05124	0.10697
548 T	0.84213	0.04928	0.10859
549 T	0.84028	0.05111	0.10861
550 G	0.83155	0.06389	0.10456
551 A	0.82802	0.07057	0.10141
552 A	0.82423	0.07620	0.09957
553 G	0.82349	0.07777	0.09874
554 G	0.82405	0.07786	0.0981
555 T	0.82731	0.07483	0.09786
556 G	0.82852	0.07308	0.09841
557 G	0.83116	0.06985	0.09899
558 A	0.83385	0.06718	0.09896
559 T	0.83668	0.06372	0.0996
560 C	0.83591	0.06440	0.09968
561 A	0.83386	0.07151	0.09463
562 G	0.83329	0.07201	0.0947
563 C	0.83393	0.07139	0.09468
564 T	0.83449	0.07141	0.0941
565 A	0.83454	0.07222	0.09325
566 C	0.83592	0.07133	0.09276
567 T	0.83752	0.07061	0.09187
568 A	0.83838	0.07118	0.09044
569 A	0.84102	0.06892	0.09005
570 T	0.84560	0.06436	0.09005
571 T	0.84743	0.06247	0.09011
572 A	0.84839	0.05911	0.0925
573 T	0.85215	0.04686	0.10098
574 A	0.85363	0.04231	0.10405
575 C	0.85535	0.03697	0.10769
576 T	0.85746	0.03544	0.1071
577 T	0.85812	0.03671	0.10517
578 T	0.85515	0.04175	0.1031
579 A	0.84270	0.05663	0.10066
580 G	0.83804	0.06179	0.10018
581 A	0.83696	0.06296	0.10008
582 A	0.83671	0.06343	0.09986
583 A	0.83719	0.06214	0.10067
584 T	0.84287	0.05383	0.10331
585 T	0.84350	0.05156	0.10494
586 G	0.84369	0.05088	0.10543
587 G	0.84427	0.04992	0.10581
588 T	0.84517	0.04816	0.10667
589 T	0.84545	0.04765	0.1069
590 C	0.84583	0.04707	0.1071
591 T	0.84668	0.04615	0.10717
592 A	0.84642	0.04655	0.10703
593 A	0.84615	0.04690	0.10695
594 T	0.84599	0.04706	0.10696
595 C	0.84496	0.04814	0.10691
596 A	0.84377	0.05014	0.10608
597 A	0.84430	0.05015	0.10555
598 T	0.84572	0.05015	0.10414
599 T	0.84650	0.05255	0.10094
600 T	0.84003	0.05960	0.10038
601 A	0.82754	0.06861	0.10385
602 T	0.82518	0.05885	0.11597
603 T	0.81156	0.06791	0.12053
604 C	0.78259	0.09557	0.12184
605 C	0.76070	0.11867	0.12063
606 T	0.74764	0.13934	0.11302
607 G	0.73016	0.16466	0.10518
608 G	0.72341	0.17225	0.10434
609 T	0.72076	0.17539	0.10386
610 T	0.71669	0.18010	0.10322
611 T	0.70961	0.18807	0.10232
612 C	0.69239	0.20559	0.10201
613 G	0.67806	0.21998	0.10197
614 A	0.66848	0.22974	0.10179
615 A	0.66048	0.23778	0.10175
616 A	0.65504	0.24331	0.10164
617 C	0.65089	0.24706	0.10205
618 A	0.64402	0.25320	0.10277
619 G	0.63895	0.25669	0.10436
620 G	0.63660	0.25836	0.10504
621 A	0.63723	0.25754	0.10524
622 A	0.63977	0.25384	0.1064
623 T	0.64015	0.23997	0.11989
624 G	0.63742	0.22459	0.13798
625 A	0.63473	0.22068	0.14459
626 T	0.63331	0.20814	0.15855
627 A	0.62866	0.19124	0.18009
628 G	0.62575	0.17487	0.19939
629 G	0.62747	0.16487	0.20766
630 T	0.63003	0.15776	0.21221
631 T	0.61095	0.19861	0.19044
632 T	0.57196	0.26405	0.16398
633 A	0.44734	0.42834	0.12432
634 A	0.37566	0.51038	0.11396
635 A	0.30945	0.57139	0.11916
636 A	0.24131	0.63495	0.12373
637 A	0.18594	0.69358	0.12048
638 G	0.16702	0.71105	0.12193
639 A	0.15366	0.73994	0.1064
640 A	0.13984	0.76447	0.09569
641 A	0.13222	0.77210	0.09569
642 T	0.12829	0.77325	0.09847
643 G	0.12225	0.78066	0.09709
644 A	0.11840	0.78717	0.09443
645 A	0.11529	0.79088	0.09382
646 G	0.11323	0.79236	0.09441
647 A	0.11212	0.79189	0.09599
648 A	0.11266	0.78875	0.0986
649 A	0.11414	0.78472	0.10113
650 A	0.11778	0.77529	0.10692
651 A	0.12439	0.76097	0.11463
652 G	0.13361	0.73753	0.12885
653 A	0.15220	0.70319	0.14462
654 T	0.18669	0.63572	0.17759
655 A	0.21295	0.56735	0.2197
656 T	0.24802	0.41394	0.33804
657 T	0.25766	0.34050	0.40184
658 A	0.25902	0.28365	0.45733
659 A	0.26410	0.21673	0.51917
660 T	0.27657	0.14555	0.57788
661 G	0.28094	0.12142	0.59764
662 T	0.30204	0.08955	0.60842
663 T	0.31754	0.06408	0.61837
664 T	0.32283	0.05282	0.62435
665 G	0.32345	0.05064	0.62592
666 T	0.32686	0.04276	0.63039
667 T	0.32765	0.03872	0.63364
668 T	0.32549	0.03817	0.63634
669 T	0.32436	0.03751	0.63812
670 C	0.32234	0.03932	0.63834
671 C	0.31935	0.04511	0.63554
672 T	0.31724	0.05400	0.62875
673 T	0.31199	0.06511	0.62291
674 T	0.30398	0.07840	0.61763
675 A	0.29637	0.09432	0.60931
676 G	0.29315	0.10141	0.60543
677 A	0.29223	0.10548	0.60229
678 T	0.29211	0.10626	0.60163
679 T	0.29126	0.11003	0.59871
680 A	0.28849	0.11706	0.59444
681 T	0.28037	0.13022	0.58942
682 G	0.25191	0.19230	0.55579
683 A	0.22712	0.30225	0.47064
684 A	0.21650	0.40510	0.37839
685 A	0.20747	0.50322	0.2893
686 A	0.19640	0.61793	0.18567
687 A	0.18744	0.73430	0.07826
688 A	0.18270	0.77775	0.03955
689 A	0.18015	0.79379	0.02606
690 A	0.17927	0.79438	0.02635
691 G	0.17951	0.79112	0.02937
692 A	0.18058	0.78826	0.03116
693 A	0.18308	0.78145	0.03547
694 C	0.18839	0.76979	0.04181
695 T	0.19647	0.75850	0.04504
696 T	0.20045	0.75042	0.04913
697 G	0.20136	0.74533	0.05331
698 C	0.20294	0.74097	0.05609
699 T	0.20307	0.74541	0.05151
700 G	0.20144	0.75257	0.04598
701 G	0.20073	0.75810	0.04118
702 A	0.20225	0.76051	0.03725
703 A	0.20585	0.75802	0.03613
704 A	0.21305	0.74203	0.04492
705 A	0.24814	0.68057	0.07129
706 G	0.33430	0.56876	0.09695
707 A	0.43032	0.46322	0.10647
708 A	0.52357	0.36084	0.1156
709 G	0.63521	0.23713	0.12767
710 T	0.75812	0.10441	0.13747
711 T	0.79473	0.06221	0.14306
712 T	0.80275	0.05374	0.14351
713 T	0.80399	0.05359	0.14242
714 T	0.80433	0.05802	0.13766
715 T	0.80396	0.06220	0.13383
716 T	0.80290	0.06592	0.13117
717 T	0.79926	0.07286	0.12788
718 A	0.79151	0.08799	0.1205
719 A	0.78786	0.09860	0.11355
720 A	0.78636	0.10490	0.10874
721 G	0.78647	0.10657	0.10696
722 T	0.79252	0.10254	0.10494
723 T	0.79530	0.10557	0.09914
724 T	0.79216	0.12078	0.08707
725 T	0.75514	0.17286	0.07201
726 A	0.66836	0.26328	0.06836
727 A	0.58279	0.35228	0.06493
728 T	0.51482	0.42252	0.06266
729 A	0.39717	0.54401	0.05881
730 C	0.26506	0.67954	0.0554
731 A	0.22696	0.72397	0.04907
732 T	0.20421	0.75216	0.04363
733 G	0.17340	0.78742	0.03918
734 A	0.16738	0.79441	0.03821
735 T	0.16667	0.79585	0.03748
736 A	0.16389	0.79865	0.03746
737 T	0.16652	0.79518	0.03829
738 C	0.16409	0.79672	0.03919
739 A	0.15746	0.80353	0.03901
740 A	0.14671	0.81344	0.03986
741 A	0.13734	0.82115	0.04151
742 A	0.12633	0.83326	0.04042
743 G	0.12102	0.83826	0.04072
744 A	0.11757	0.84066	0.04177
745 A	0.11399	0.84168	0.04434
746 A	0.11700	0.82980	0.0532
747 A	0.12377	0.81217	0.06406
748 A	0.13321	0.76062	0.10617
749 A	0.13442	0.67819	0.18739
750 A	0.13758	0.58784	0.27458
751 G	0.14076	0.50264	0.3566
752 A	0.14458	0.39500	0.46042
753 T	0.14955	0.25045	0.60001
754 G	0.15358	0.20705	0.63937
755 T	0.15834	0.17875	0.66292
756 C	0.16088	0.15066	0.68845
757 G	0.16143	0.14958	0.68899
758 T	0.16191	0.15461	0.68349
759 T	0.16090	0.17971	0.65938
760 G	0.15841	0.22249	0.6191
761 T	0.15727	0.25837	0.58436
762 A	0.15526	0.31005	0.53469
763 A	0.15429	0.32911	0.5166
764 A	0.15482	0.33412	0.51106
765 T	0.15727	0.32776	0.51498
766 G	0.15588	0.35862	0.48551
767 A	0.15544	0.46389	0.38067
768 T	0.15638	0.51338	0.33023
769 G	0.15589	0.55745	0.28666
770 A	0.15611	0.61173	0.23217
771 A	0.15791	0.63762	0.20448
772 T	0.16038	0.64701	0.1926
773 T	0.16128	0.65805	0.18066
774 A	0.16160	0.66144	0.17696
775 G	0.16175	0.66554	0.17272
776 T	0.16197	0.67155	0.16648
777 A	0.15223	0.70228	0.14549
778 C	0.14824	0.71570	0.13606
779 A	0.14726	0.72911	0.12363
780 A	0.15111	0.73329	0.1156
781 A	0.16040	0.73152	0.10808
782 G	0.19679	0.69649	0.10672
783 T	0.24821	0.65203	0.09976
784 A	0.27406	0.64449	0.08145
785 T	0.31771	0.60531	0.07698
786 G	0.32719	0.60322	0.0696
787 A	0.33830	0.59900	0.0627
788 A	0.34645	0.59049	0.06307
789 A	0.38543	0.54940	0.06517
790 T	0.50752	0.42479	0.06769
791 T	0.57443	0.35656	0.069
792 C	0.61908	0.31065	0.07028
793 C	0.66651	0.26297	0.07052
794 C	0.68774	0.24219	0.07007
795 T	0.69259	0.23800	0.06941
796 A	0.69342	0.23761	0.06897
797 A	0.69751	0.23379	0.0687
798 T	0.70649	0.22490	0.06861
799 A	0.71389	0.21751	0.0686
800 T	0.74156	0.17916	0.07929
801 T	0.74564	0.17070	0.08366
802 A	0.67010	0.24495	0.08495
803 A	0.64056	0.27449	0.08495
804 T	0.63550	0.27982	0.08467
805 A	0.61448	0.30397	0.08156
806 A	0.61387	0.30600	0.08013
807 T	0.63228	0.28319	0.08453
808 G	0.62927	0.28275	0.08798
809 T	0.61512	0.28939	0.09549
810 T	0.55821	0.34251	0.09928
811 T	0.48598	0.41147	0.10255
812 C	0.34586	0.55057	0.10357
813 A	0.26044	0.64092	0.09864
814 G	0.23228	0.67965	0.08807
815 A	0.21477	0.69877	0.08646
816 G	0.20494	0.70901	0.08605
817 T	0.19812	0.71825	0.08363
818 T	0.17502	0.74285	0.08212
819 C	0.13312	0.78541	0.08147
820 A	0.11590	0.81431	0.0698
821 A	0.10358	0.84023	0.05619
822 A	0.09955	0.84319	0.05726
823 A	0.09639	0.84599	0.05762
824 A	0.09429	0.84154	0.06416
825 A	0.09240	0.76322	0.14438
826 C	0.09364	0.72545	0.18091
827 A	0.09605	0.71361	0.19033
828 A	0.10054	0.69802	0.20144
829 A	0.10607	0.68709	0.20685
830 T	0.11069	0.67500	0.21431
831 T	0.11084	0.67102	0.21814
832 A	0.10821	0.65257	0.23922
833 A	0.09903	0.60891	0.29207
834 A	0.08841	0.59421	0.31739
835 G	0.07329	0.52254	0.40417
836 A	0.06495	0.53556	0.39949
837 A	0.07080	0.56225	0.36695
838 G	0.07159	0.61294	0.31547
839 A	0.07509	0.67061	0.2543
840 A	0.08114	0.67915	0.2397
841 T	0.09172	0.65476	0.25352
842 T	0.09409	0.64255	0.26336
843 A	0.09065	0.67697	0.23238
844 G	0.09747	0.70966	0.19286
845 A	0.09832	0.78825	0.11343
846 A	0.10035	0.79263	0.10701
847 A	0.10310	0.79483	0.10207
848 T	0.10896	0.79009	0.10096
849 T	0.10731	0.79995	0.09273
850 C	0.10087	0.81794	0.08119
851 A	0.09831	0.83884	0.06284
852 A	0.09423	0.85337	0.0524
853 A	0.09003	0.86407	0.0459
854 A	0.09275	0.86449	0.04276
855 A	0.10980	0.84851	0.04169
856 A	0.13905	0.81220	0.04875
857 A	0.19826	0.74364	0.0581
858 A	0.24650	0.67961	0.07389
859 T	0.34327	0.57272	0.08401
860 A	0.38525	0.53357	0.08119
861 T	0.43862	0.48647	0.07492
862 G	0.45030	0.47629	0.0734
863 A	0.41950	0.50929	0.0712
864 A	0.39937	0.53012	0.07052
865 A	0.35087	0.57874	0.07039
866 C	0.31449	0.61084	0.07467
867 A	0.26235	0.68374	0.05391
868 G	0.27657	0.68322	0.04021
869 A	0.25255	0.71930	0.02815
870 A	0.23527	0.74403	0.02071
871 A	0.21032	0.77151	0.01817
872 A	0.19571	0.78288	0.02141
873 T	0.19319	0.77878	0.02803
874 A	0.13441	0.83519	0.0304
875 A	0.11578	0.85039	0.03383
876 A	0.09833	0.86446	0.03721
877 A	0.08327	0.87504	0.04169
878 G	0.07219	0.88171	0.0461
879 A	0.06339	0.88772	0.0489
880 A	0.05980	0.88800	0.0522
881 G	0.05909	0.88381	0.0571
882 A	0.06029	0.87818	0.06153
883 G	0.06745	0.85849	0.07406
884 A	0.07642	0.83102	0.09256
885 A	0.08050	0.79653	0.12297
886 G	0.08581	0.74081	0.17338
887 A	0.09126	0.70130	0.20744
888 G	0.09895	0.61610	0.28495
889 A	0.10746	0.52416	0.36838
890 T	0.13284	0.40879	0.45837
891 T	0.14772	0.34162	0.51065
892 T	0.15674	0.30062	0.54265
893 T	0.16036	0.26979	0.56985
894 A	0.16043	0.23548	0.60409
895 G	0.16082	0.21538	0.6238
896 A	0.16242	0.20396	0.63363
897 T	0.16684	0.14387	0.68929
898 T	0.17068	0.11752	0.7118
899 T	0.17304	0.10016	0.7268
900 T	0.17301	0.09913	0.72786
901 T	0.17097	0.11499	0.71404
902 T	0.16441	0.18878	0.64681
903 A	0.15131	0.36346	0.48523
904 G	0.14473	0.47891	0.37637
905 T	0.14134	0.54489	0.31377
906 T	0.13544	0.61356	0.251
907 A	0.12846	0.67740	0.19415
908 A	0.12506	0.70143	0.17351
909 A	0.12413	0.71673	0.15914
910 A	0.12417	0.72641	0.14942
911 A	0.12601	0.74502	0.12897
912 T	0.13175	0.74453	0.12372
913 T	0.13384	0.74682	0.11934
914 G	0.13385	0.75100	0.11515
915 T	0.13561	0.75188	0.11251
916 A	0.13605	0.75413	0.10983
917 A	0.14031	0.75033	0.10936
918 T	0.14996	0.74077	0.10927
919 T	0.15866	0.73234	0.109
920 T	0.16188	0.73009	0.10802
921 A	0.16200	0.73171	0.10629
922 A	0.16610	0.72831	0.10559
923 A	0.17782	0.71522	0.10696
924 A	0.20336	0.68717	0.10946
925 A	0.28934	0.59387	0.11679
926 T	0.51054	0.35887	0.13058
927 T	0.64319	0.21755	0.13926
928 T	0.69621	0.15889	0.1449
929 C	0.71522	0.13435	0.15043
930 T	0.73548	0.11068	0.15384
931 C	0.73093	0.11362	0.15544
932 A	0.73140	0.11340	0.15519
933 G	0.73838	0.10665	0.15496
934 T	0.76179	0.08515	0.15307
935 T	0.76426	0.08582	0.14992
936 T	0.74628	0.10752	0.14619
937 T	0.69048	0.16691	0.14262
938 T	0.61587	0.24122	0.14291
939 G	0.54824	0.30821	0.14356
940 A	0.52172	0.33509	0.14319
941 T	0.51203	0.34368	0.14429
942 C	0.48955	0.36573	0.14471
943 G	0.46387	0.39400	0.14212
944 A	0.42702	0.43526	0.13772
945 T	0.36778	0.49978	0.13244
946 G	0.20786	0.67095	0.12119
947 A	0.14064	0.75541	0.10395
948 A	0.10667	0.80327	0.09006
949 G	0.08103	0.83874	0.08023
950 A	0.06456	0.86631	0.06914
951 A	0.05714	0.87721	0.06565
952 G	0.05378	0.87635	0.06987
953 A	0.05104	0.87880	0.07016
954 G	0.04916	0.87192	0.07892
955 A	0.04846	0.86941	0.08213
956 A	0.04920	0.86611	0.08469
957 A	0.05150	0.86085	0.08765
958 A	0.05483	0.84511	0.10005
959 A	0.05873	0.80803	0.13324
960 T	0.06374	0.74147	0.19479
961 T	0.06422	0.69573	0.24005
962 T	0.06296	0.68451	0.25253
963 A	0.06021	0.73463	0.20517
964 A	0.05849	0.76447	0.17704
965 A	0.05631	0.78986	0.15383
966 A	0.05546	0.77811	0.16643
967 A	0.05774	0.74574	0.19652
968 A	0.06097	0.68975	0.24927
969 A	0.07226	0.54448	0.38326
970 G	0.08917	0.47143	0.43939
971 A	0.10431	0.42995	0.46573
972 G	0.11641	0.39472	0.48888
973 T	0.12919	0.37905	0.49176
974 T	0.13340	0.39469	0.47191
975 A	0.12490	0.44271	0.4324
976 G	0.11093	0.49314	0.39593
977 A	0.09415	0.56856	0.33729
978 A	0.08230	0.67587	0.24183
979 G	0.07428	0.72452	0.2012
980 A	0.07189	0.77066	0.15746
981 A	0.07570	0.81227	0.11203
982 G	0.09067	0.82212	0.08721
983 A	0.11551	0.82937	0.05513
984 A	0.14801	0.80659	0.04541
985 T	0.18699	0.76801	0.045
986 T	0.23025	0.72568	0.04407
987 A	0.23636	0.72205	0.04159
988 A	0.25452	0.70259	0.04289
989 A	0.25951	0.69522	0.04527
990 A	0.26372	0.68907	0.04721
991 T	0.26705	0.68386	0.04909
992 C	0.23784	0.71454	0.04762
993 T	0.21898	0.73659	0.04444
994 A	0.15628	0.80621	0.0375
995 A	0.11544	0.85008	0.03448
996 A	0.09296	0.87312	0.03392
997 A	0.10295	0.86290	0.03415
998 A	0.13839	0.81673	0.04488
999 A	0.17862	0.75813	0.06325
1000 G	0.23902	0.67751	0.08348
1001 T	0.33394	0.56951	0.09655
1002 A	0.36666	0.53132	0.10201
1003 A	0.40418	0.49030	0.10552
1004 G	0.44378	0.44573	0.11048
1005 T	0.46037	0.42725	0.11238
1006 T	0.46316	0.42189	0.11494
1007 T	0.42507	0.46162	0.11331
1008 A	0.36346	0.53142	0.10512
1009 A	0.28327	0.61684	0.09989
1010 A	0.20458	0.68988	0.10555
1011 A	0.16860	0.71173	0.11966
1012 G	0.13721	0.72714	0.13565
1013 A	0.12624	0.72903	0.14473
1014 A	0.12752	0.71132	0.16116
1015 T	0.13143	0.66467	0.2039
1016 A	0.13277	0.63456	0.23268
1017 T	0.13779	0.57045	0.29176
1018 T	0.13681	0.54462	0.31857
1019 T	0.13147	0.55110	0.31742
1020 A	0.11468	0.60836	0.27696
1021 A	0.09887	0.67171	0.22943
1022 A	0.09228	0.71643	0.19129
1023 A	0.08297	0.76157	0.15546
1024 A	0.07816	0.81081	0.11103
1025 A	0.07474	0.84174	0.08351
1026 A	0.06843	0.86266	0.06891
1027 A	0.06789	0.85897	0.07314
1028 T	0.07024	0.83432	0.09544
1029 G	0.06870	0.81517	0.11612
1030 A	0.07141	0.78303	0.14556
1031 A	0.07928	0.73601	0.18471
1032 A	0.08777	0.66387	0.24835
1033 T	0.09418	0.59901	0.30681
1034 T	0.09629	0.57451	0.32921
1035 A	0.09576	0.57297	0.33127
1036 G	0.09556	0.58725	0.3172
1037 A	0.08918	0.63782	0.273
1038 C	0.08285	0.67855	0.2386
1039 G	0.08120	0.69079	0.22801
1040 A	0.08478	0.70500	0.21023
1041 A	0.09721	0.70676	0.19604
1042 A	0.12427	0.69054	0.1852
1043 C	0.17368	0.63645	0.18987
1044 A	0.22737	0.60698	0.16565
1045 A	0.27107	0.58414	0.1448
1046 A	0.31325	0.56729	0.11946
1047 A	0.36380	0.54221	0.09398
1048 T	0.40502	0.49869	0.09628
1049 T	0.42929	0.46665	0.10406
1050 T	0.44012	0.45271	0.10717
1051 T	0.44236	0.44984	0.10781
1052 C	0.43361	0.45832	0.10808
1053 G	0.42296	0.47363	0.10341
1054 C	0.41827	0.48200	0.09973
1055 A	0.40855	0.50277	0.08867
1056 A	0.39182	0.52653	0.08164
1057 G	0.38371	0.54315	0.07313
1058 A	0.39458	0.54591	0.05951
1059 A	0.40413	0.53733	0.05853
1060 A	0.43552	0.49941	0.06507
1061 T	0.46520	0.46481	0.06999
1062 G	0.43381	0.49946	0.06673
1063 C	0.42450	0.50937	0.06613
1064 A	0.40446	0.53540	0.06015
1065 A	0.39159	0.54878	0.05963
1066 A	0.36364	0.57695	0.05941
1067 C	0.34500	0.59536	0.05964
1068 A	0.32755	0.61363	0.05882
1069 C	0.33405	0.60660	0.05935
1070 A	0.34486	0.59691	0.05823
1071 G	0.33573	0.60621	0.05806
1072 G	0.32834	0.61412	0.05755
1073 C	0.32361	0.61535	0.06104
1074 T	0.32198	0.62097	0.05705
1075 T	0.31132	0.62759	0.06109
1076 T	0.29132	0.64454	0.06414
1077 A	0.26591	0.66861	0.06548
1078 A	0.24837	0.68135	0.07028
1079 A	0.23157	0.66858	0.09985
1080 T	0.22822	0.65086	0.12092
1081 A	0.22335	0.64230	0.13436
1082 A	0.22085	0.63000	0.14914
1083 A	0.22065	0.61325	0.16611
1084 A	0.22376	0.59096	0.18528
1085 T	0.23134	0.53598	0.23268
1086 T	0.23316	0.50784	0.259
1087 A	0.23351	0.47898	0.28751
1088 A	0.23304	0.45119	0.31577
1089 A	0.23329	0.40926	0.35745
1090 T	0.23437	0.34197	0.42365
1091 T	0.23422	0.30167	0.46412
1092 G	0.23294	0.27957	0.48749
1093 A	0.23428	0.26919	0.49653
1094 A	0.23649	0.25171	0.5118
1095 T	0.24093	0.22381	0.53526
1096 T	0.24502	0.20095	0.55403
1097 T	0.25171	0.18037	0.56791
1098 T	0.25578	0.16396	0.58026
1099 T	0.25672	0.14878	0.59449
1100 T	0.25571	0.13999	0.6043
1101 A	0.24762	0.14779	0.6046
1102 T	0.24457	0.15711	0.59832
1103 T	0.23385	0.19634	0.56981
1104 A	0.19216	0.28444	0.52339
1105 G	0.16289	0.34436	0.49275
1106 A	0.13983	0.40968	0.45049
1107 T	0.11998	0.45811	0.42191
1108 G	0.09770	0.51456	0.38773
1109 A	0.07943	0.62163	0.29894
1110 A	0.07236	0.70465	0.22299
1111 A	0.06909	0.75371	0.1772
1112 T	0.06725	0.78513	0.14762
1113 A	0.06028	0.85400	0.08572
1114 G	0.05770	0.86021	0.0821
1115 G	0.05702	0.86307	0.07991
1116 A	0.05711	0.86942	0.07346
1117 A	0.05788	0.87403	0.06809
1118 C	0.05974	0.87424	0.06602
1119 T	0.06361	0.87667	0.05972
1120 A	0.06449	0.88471	0.0508
1121 A	0.06850	0.88364	0.04786
1122 A	0.07529	0.87793	0.04679
1123 G	0.08303	0.87151	0.04546
1124 A	0.09757	0.85194	0.05049
1125 A	0.12340	0.82405	0.05255
1126 A	0.16093	0.77834	0.06074
1127 A	0.20681	0.69886	0.09433
1128 A	0.23725	0.64371	0.11904
1129 A	0.28018	0.57930	0.14052
1130 T	0.30846	0.53262	0.15891
1131 A	0.32272	0.51150	0.16578
1132 G	0.39335	0.43470	0.17195
1133 A	0.46281	0.37966	0.15753
1134 A	0.50499	0.35380	0.1412
1135 A	0.52764	0.35106	0.12131
1136 T	0.57948	0.33405	0.08647
1137 T	0.56792	0.35608	0.076
1138 A	0.55108	0.37543	0.0735
1139 G	0.54833	0.37616	0.07551
1140 T	0.55169	0.37071	0.0776
1141 C	0.54633	0.37499	0.07868
1142 C	0.54395	0.37741	0.07864
1143 T	0.53525	0.38664	0.07811
1144 C	0.46843	0.45426	0.07731
1145 A	0.39231	0.53389	0.0738
1146 A	0.37800	0.55128	0.07072
1147 G	0.36810	0.56361	0.06829
1148 A	0.36080	0.57454	0.06466
1149 A	0.36238	0.57545	0.06216
1150 T	0.36772	0.56215	0.07014
1151 T	0.35395	0.56984	0.07622
1152 A	0.29656	0.62606	0.07738
1153 G	0.26566	0.65643	0.0779
1154 A	0.24561	0.67192	0.08247
1155 A	0.23298	0.68263	0.0844
1156 G	0.24537	0.65780	0.09683
1157 A	0.26335	0.63170	0.10495
1158 A	0.28468	0.59962	0.1157
1159 A	0.32480	0.54558	0.12963
1160 C	0.34003	0.50759	0.15237
1161 T	0.34705	0.48855	0.1644
1162 T	0.34635	0.48901	0.16463
1163 T	0.34249	0.49810	0.15941
1164 T	0.32882	0.50951	0.16167
1165 A	0.27752	0.56351	0.15896
1166 A	0.23796	0.58639	0.17566
1167 A	0.19956	0.55876	0.24167
1168 C	0.19479	0.48996	0.31525
1169 A	0.18892	0.51203	0.29904
1170 A	0.18640	0.53444	0.27916
1171 G	0.18840	0.56466	0.24694
1172 T	0.19198	0.57985	0.22817
1173 A	0.18490	0.61314	0.20196
1174 A	0.18502	0.59289	0.22209
1175 G	0.18817	0.52989	0.28194
1176 T	0.19412	0.48844	0.31744
1177 G	0.19717	0.45642	0.34641
1178 C	0.20415	0.43148	0.36437
1179 T	0.20543	0.45240	0.34217
1180 G	0.20477	0.47967	0.31556
1181 A	0.20310	0.53429	0.26261
1182 A	0.20053	0.57824	0.22123
1183 T	0.20131	0.58945	0.20924
1184 A	0.20096	0.61539	0.18366
1185 T	0.20779	0.62610	0.16611
1186 A	0.20930	0.62483	0.16587
1187 A	0.20879	0.61515	0.17606
1188 A	0.21087	0.56987	0.21927
1189 A	0.20671	0.54491	0.24838
1190 C	0.20394	0.51703	0.27902
1191 A	0.19561	0.56927	0.23512
1192 G	0.21236	0.60900	0.17863
1193 A	0.24028	0.63602	0.12371
1194 T	0.28309	0.59669	0.12022
1195 A	0.29864	0.58728	0.11409
1196 T	0.32130	0.56037	0.11834
1197 T	0.31768	0.56691	0.11541
1198 C	0.30260	0.59007	0.10733
1199 A	0.28597	0.63464	0.07939
1200 A	0.24971	0.67835	0.07194
1201 A	0.24476	0.68790	0.06734
1202 T	0.26618	0.66635	0.06747
1203 G	0.27491	0.65755	0.06754
1204 A	0.30787	0.62210	0.07002
1205 T	0.33550	0.58949	0.075
1206 C	0.32139	0.60126	0.07735
1207 A	0.31162	0.61423	0.07416
1208 A	0.29620	0.63252	0.07127
1209 A	0.27473	0.65977	0.06549
1210 A	0.24425	0.69587	0.05989
1211 A	0.23803	0.70222	0.05976
1212 A	0.24769	0.68377	0.06854
1213 A	0.26164	0.65972	0.07864
1214 A	0.30959	0.59421	0.0962
1215 T	0.37786	0.50965	0.1125
1216 T	0.42210	0.45767	0.12024
1217 C	0.41988	0.45538	0.12474
1218 A	0.42644	0.45707	0.11649
1219 T	0.43845	0.45154	0.11
1220 A	0.43821	0.45102	0.11077
1221 T	0.44572	0.43332	0.12096
1222 T	0.45946	0.40900	0.13153
1223 T	0.46079	0.36675	0.17246
1224 T	0.45702	0.35637	0.18661
1225 G	0.44580	0.35765	0.19656
1226 T	0.43682	0.35750	0.20568
1227 T	0.41329	0.37304	0.21366
1228 A	0.38459	0.40016	0.21524
1229 A	0.37454	0.39705	0.22842
1230 A	0.36712	0.38802	0.24486
1231 A	0.36395	0.36780	0.26825
1232 A	0.36685	0.34455	0.28861
1233 T	0.37131	0.31122	0.31748
1234 A	0.36073	0.32146	0.31781
1235 T	0.35233	0.34586	0.30181
1236 A	0.32479	0.41239	0.26281
1237 A	0.30868	0.47217	0.21914
1238 A	0.25842	0.54973	0.19185
1239 A	0.23679	0.59133	0.17188
1240 G	0.22753	0.61006	0.16241
1241 A	0.23135	0.61648	0.15217
1242 T	0.24313	0.61602	0.14085
1243 T	0.24520	0.62128	0.13352
1244 A	0.24154	0.63207	0.1264
1245 T	0.24232	0.63228	0.12539
1246 T	0.23775	0.65101	0.11124
1247 T	0.22405	0.67648	0.09947
1248 A	0.20067	0.71044	0.08889
1249 A	0.19091	0.72554	0.08355
1250 T	0.18641	0.71892	0.09467
1251 A	0.17429	0.71642	0.10929
1252 A	0.16825	0.71522	0.11653
1253 G	0.16403	0.71038	0.12558
1254 A	0.16592	0.70332	0.13077
1255 C	0.17236	0.69069	0.13695
1256 A	0.18075	0.68066	0.13859
1257 A	0.19569	0.65845	0.14586
1258 A	0.22228	0.62533	0.15239
1259 A	0.26814	0.55914	0.17271
1260 A	0.31701	0.49601	0.18698
1261 G	0.35357	0.39060	0.25584
1262 T	0.39277	0.31864	0.28859
1263 T	0.41860	0.27654	0.30487
1264 G	0.43303	0.25050	0.31646
1265 T	0.45159	0.22519	0.32322
1266 T	0.46568	0.20528	0.32905
1267 G	0.47496	0.18974	0.3353
1268 A	0.48734	0.17251	0.34014
1269 T	0.51316	0.13482	0.35202
1270 T	0.52907	0.10563	0.3653
1271 T	0.54044	0.07736	0.38219
1272 T	0.54701	0.07141	0.38158
1273 T	0.54636	0.08788	0.36576
1274 T	0.54070	0.10241	0.35689
1275 A	0.49982	0.20321	0.29697
1276 G	0.46447	0.27417	0.26136
1277 T	0.43844	0.32204	0.23952
1278 A	0.35307	0.44734	0.19959
1279 A	0.25851	0.58755	0.15395
1280 A	0.21123	0.66354	0.12523
1281 A	0.16438	0.73011	0.1055
1282 A	0.12530	0.79115	0.08355
1283 A	0.10611	0.83322	0.06066
1284 T	0.09786	0.85054	0.05161
1285 A	0.08129	0.88994	0.02877
1286 A	0.08021	0.89150	0.02829
1287 T	0.08058	0.89116	0.02826
1288 A	0.07903	0.89268	0.02829
1289 T	0.07959	0.89194	0.02846
1290 C	0.07993	0.89137	0.02869
1291 A	0.08132	0.88993	0.02876
1292 C	0.08302	0.88814	0.02884
1293 A	0.08761	0.88350	0.0289
1294 A	0.09407	0.87693	0.029
1295 A	0.10789	0.86275	0.02937
1296 T	0.13480	0.83270	0.03249
1297 A	0.15288	0.81093	0.0362
1298 A	0.21363	0.70736	0.07901
1299 T	0.25819	0.62236	0.11945
1300 A	0.27849	0.57155	0.14996
1301 A	0.31287	0.45844	0.22869
1302 T	0.35944	0.32145	0.31911
1303 A	0.38347	0.25510	0.36143
1304 A	0.40253	0.19150	0.40597
1305 A	0.42818	0.12472	0.4471
1306 T	0.45478	0.07109	0.47413
1307 A	0.46418	0.04745	0.48837
1308 A	0.48712	0.00000	0.51288
