# lcl|CP097583.1_cds_USQ93362.1_1
# AA	inside	membr	outside
1 A	0.52540	0.00000	0.4746
2 T	0.52077	0.00462	0.4746
3 G	0.51844	0.00695	0.4746
4 A	0.51844	0.08678	0.39477
5 A	0.49393	0.14955	0.35651
6 A	0.49393	0.15631	0.34975
7 A	0.45844	0.19348	0.34808
8 A	0.45844	0.19350	0.34805
9 A	0.45413	0.19802	0.34785
10 T	0.45412	0.20388	0.34199
11 A	0.45334	0.20499	0.34166
12 T	0.44916	0.20924	0.34159
13 G	0.44073	0.21819	0.34107
14 A	0.44073	0.21819	0.34107
15 T	0.44073	0.22097	0.33829
16 T	0.44059	0.22111	0.33829
17 T	0.44028	0.22152	0.33819
18 T	0.44026	0.22157	0.33816
19 T	0.43970	0.22214	0.33815
20 A	0.43587	0.22629	0.33784
21 T	0.43297	0.22854	0.33849
22 C	0.43440	0.22624	0.33936
23 A	0.43923	0.22048	0.34029
24 T	0.45981	0.19874	0.34146
25 T	0.47013	0.18099	0.34887
26 C	0.47318	0.17552	0.35129
27 T	0.52819	0.12100	0.35081
28 A	0.54761	0.08373	0.36866
29 T	0.55378	0.07583	0.37039
30 T	0.55675	0.04718	0.39607
31 T	0.55525	0.05274	0.392
32 T	0.55139	0.05726	0.39135
33 T	0.54721	0.07820	0.37459
34 T	0.53053	0.14015	0.32932
35 A	0.50081	0.19935	0.29984
36 T	0.48956	0.22081	0.28962
37 G	0.47439	0.26242	0.26319
38 A	0.44289	0.31206	0.24505
39 A	0.40519	0.36338	0.23143
40 T	0.39440	0.37692	0.22867
41 T	0.37045	0.40657	0.22298
42 A	0.32823	0.46939	0.20237
43 A	0.29680	0.50912	0.19408
44 A	0.26773	0.54678	0.18549
45 A	0.25877	0.56053	0.18071
46 A	0.25386	0.56778	0.17836
47 A	0.25002	0.57278	0.1772
48 A	0.24710	0.57640	0.17649
49 A	0.24425	0.57981	0.17594
50 T	0.24478	0.57998	0.17524
51 A	0.24476	0.57945	0.17579
52 A	0.24590	0.57747	0.17663
53 A	0.24968	0.57103	0.17929
54 A	0.25740	0.55748	0.18513
55 C	0.26763	0.53428	0.19809
56 A	0.29226	0.50237	0.20537
57 T	0.35198	0.42614	0.22187
58 T	0.38731	0.36930	0.24339
59 T	0.40394	0.34254	0.25353
60 T	0.42028	0.31562	0.26409
61 T	0.43036	0.26822	0.30141
62 T	0.43598	0.22001	0.344
63 A	0.43764	0.20508	0.35728
64 G	0.44288	0.17394	0.38318
65 T	0.46347	0.11756	0.41897
66 T	0.47478	0.07761	0.44761
67 T	0.48443	0.03990	0.47567
68 T	0.48915	0.02833	0.48252
69 T	0.49090	0.02379	0.48532
70 A	0.49135	0.02356	0.48509
71 A	0.49216	0.02196	0.48589
72 G	0.49342	0.01833	0.48824
73 T	0.49500	0.01905	0.48596
74 T	0.49529	0.02442	0.4803
75 T	0.49510	0.03105	0.47385
76 T	0.49428	0.03826	0.46746
77 T	0.49116	0.05120	0.45764
78 T	0.48763	0.07200	0.44036
79 T	0.48330	0.10129	0.4154
80 T	0.47710	0.15033	0.37257
81 G	0.46720	0.23710	0.2957
82 T	0.45964	0.26278	0.27758
83 T	0.44711	0.28802	0.26487
84 T	0.42448	0.32433	0.25119
85 T	0.39079	0.37305	0.23617
86 C	0.34121	0.42660	0.23218
87 T	0.31053	0.46194	0.22753
88 A	0.26494	0.51069	0.22437
89 A	0.23276	0.54552	0.22172
90 C	0.21085	0.56977	0.21938
91 A	0.18639	0.60881	0.2048
92 A	0.16910	0.63078	0.20013
93 A	0.16702	0.63600	0.19698
94 A	0.16717	0.63816	0.19467
95 A	0.16901	0.63710	0.19389
96 A	0.17394	0.63212	0.19394
97 T	0.18243	0.62301	0.19456
98 T	0.18757	0.61713	0.1953
99 A	0.18816	0.61587	0.19597
100 A	0.19572	0.60595	0.19833
101 A	0.21190	0.58714	0.20096
102 A	0.23283	0.56262	0.20455
103 A	0.27091	0.51796	0.21113
104 A	0.34560	0.42954	0.22486
105 T	0.37312	0.38242	0.24446
106 T	0.38492	0.34736	0.26771
107 T	0.39311	0.31250	0.29438
108 A	0.39816	0.28222	0.31962
109 T	0.39885	0.24200	0.35916
110 T	0.38711	0.23842	0.37447
111 A	0.36767	0.23154	0.40079
112 A	0.35191	0.23389	0.4142
113 A	0.33949	0.23725	0.42325
114 T	0.33888	0.22717	0.43395
115 C	0.30630	0.25631	0.43739
116 A	0.27699	0.30173	0.42128
117 T	0.27094	0.31825	0.41081
118 T	0.26130	0.34114	0.39756
119 T	0.24017	0.37677	0.38306
120 G	0.17021	0.46719	0.3626
121 A	0.13353	0.51847	0.34799
122 A	0.12032	0.53842	0.34127
123 A	0.11248	0.55602	0.33149
124 G	0.10930	0.56243	0.32827
125 A	0.10963	0.57192	0.31845
126 T	0.11100	0.57912	0.30988
127 A	0.11085	0.58702	0.30213
128 T	0.10937	0.60278	0.28786
129 T	0.10818	0.60919	0.28263
130 G	0.10551	0.61750	0.27699
131 A	0.10377	0.62243	0.2738
132 A	0.10413	0.62175	0.27413
133 A	0.10944	0.60667	0.28389
134 A	0.11749	0.58347	0.29903
135 A	0.13564	0.55071	0.31365
136 A	0.15494	0.51678	0.32828
137 T	0.18302	0.46849	0.34849
138 T	0.20191	0.41147	0.38662
139 T	0.21681	0.36856	0.41462
140 T	0.22334	0.36065	0.41601
141 A	0.22729	0.35117	0.42154
142 A	0.23454	0.32740	0.43805
143 T	0.25192	0.24638	0.5017
144 T	0.25840	0.20802	0.53358
145 C	0.25307	0.20787	0.53906
146 A	0.24716	0.23383	0.51901
147 A	0.23923	0.27959	0.48118
148 A	0.24634	0.29705	0.45661
149 T	0.25662	0.30106	0.44232
150 A	0.25830	0.32338	0.41832
151 T	0.27380	0.33289	0.39331
152 A	0.27407	0.41408	0.31184
153 T	0.26901	0.48732	0.24366
154 A	0.23625	0.53922	0.22453
155 A	0.21454	0.56078	0.22468
156 A	0.19482	0.58021	0.22497
157 A	0.14095	0.63369	0.22536
158 C	0.12782	0.64658	0.22559
159 C	0.12259	0.65415	0.22326
160 A	0.11562	0.67265	0.21172
161 A	0.11482	0.67842	0.20676
162 A	0.11669	0.68006	0.20325
163 A	0.11006	0.68982	0.20012
164 T	0.10856	0.69117	0.20028
165 A	0.09451	0.70397	0.20152
166 A	0.08689	0.70781	0.2053
167 A	0.08206	0.70529	0.21264
168 A	0.08253	0.69055	0.22693
169 A	0.09738	0.65928	0.24335
170 C	0.13438	0.60643	0.2592
171 A	0.15882	0.57988	0.26131
172 A	0.17726	0.55891	0.26383
173 A	0.20257	0.52801	0.26942
174 C	0.23341	0.49161	0.27498
175 A	0.30484	0.41785	0.27731
176 A	0.37072	0.33632	0.29296
177 T	0.39652	0.27702	0.32646
178 A	0.40049	0.25130	0.3482
179 T	0.40612	0.22559	0.36829
180 C	0.40838	0.15632	0.43529
181 G	0.40996	0.13970	0.45034
182 A	0.41412	0.12778	0.45809
183 T	0.42761	0.10677	0.46562
184 T	0.43241	0.10067	0.46692
185 A	0.43485	0.09794	0.46721
186 T	0.43806	0.07841	0.48352
187 A	0.43726	0.07512	0.48761
188 T	0.43693	0.06091	0.50216
189 G	0.43414	0.05590	0.50996
190 T	0.43363	0.05076	0.51562
191 T	0.42946	0.05674	0.5138
192 G	0.42143	0.07095	0.50761
193 C	0.41622	0.08162	0.50216
194 T	0.41050	0.10660	0.48291
195 T	0.38928	0.14809	0.46264
196 A	0.37705	0.16467	0.45828
197 T	0.37483	0.16902	0.45615
198 G	0.37160	0.17560	0.4528
199 A	0.37014	0.18012	0.44974
200 C	0.36955	0.18027	0.45017
201 T	0.36877	0.18113	0.4501
202 T	0.36692	0.18330	0.44978
203 A	0.36097	0.18951	0.44952
204 C	0.35644	0.19363	0.44992
205 G	0.35161	0.19861	0.44978
206 A	0.34909	0.20113	0.44978
207 T	0.35089	0.19932	0.44979
208 C	0.35106	0.19904	0.44989
209 A	0.34945	0.20275	0.4478
210 A	0.35004	0.20172	0.44824
211 A	0.35089	0.19975	0.44936
212 T	0.35486	0.19322	0.45192
213 G	0.35758	0.18953	0.45289
214 G	0.36661	0.17306	0.46033
215 T	0.37957	0.15020	0.47023
216 T	0.38692	0.13436	0.47872
217 A	0.39816	0.11655	0.48529
218 C	0.41271	0.08232	0.50497
219 T	0.41617	0.07484	0.50899
220 A	0.41740	0.07595	0.50665
221 T	0.42019	0.07436	0.50544
222 T	0.42174	0.07665	0.50161
223 T	0.42009	0.08517	0.49474
224 T	0.41528	0.09489	0.48983
225 A	0.39153	0.12559	0.48288
226 A	0.37441	0.14174	0.48385
227 A	0.35330	0.16244	0.48427
228 A	0.31162	0.20354	0.48484
229 G	0.28345	0.23687	0.47968
230 A	0.26636	0.27117	0.46247
231 A	0.25844	0.29995	0.44162
232 A	0.22768	0.35642	0.4159
233 A	0.21608	0.37469	0.40923
234 A	0.21068	0.38134	0.40798
235 T	0.20720	0.38695	0.40584
236 A	0.19898	0.39658	0.40444
237 T	0.19259	0.40297	0.40444
238 G	0.18233	0.41278	0.40489
239 G	0.17841	0.41588	0.4057
240 A	0.17698	0.41649	0.40654
241 A	0.17707	0.41548	0.40744
242 C	0.17933	0.41140	0.40927
243 A	0.18361	0.40603	0.41035
244 C	0.18867	0.39873	0.4126
245 C	0.19481	0.39071	0.41447
246 T	0.20221	0.38255	0.41523
247 A	0.20617	0.37745	0.41637
248 T	0.21286	0.35713	0.43
249 C	0.21532	0.34510	0.43958
250 G	0.21875	0.32386	0.45739
251 G	0.22368	0.27428	0.50204
252 A	0.23422	0.23825	0.52752
253 G	0.25361	0.20542	0.54096
254 A	0.27953	0.17352	0.54695
255 T	0.31187	0.09705	0.59109
256 T	0.32129	0.06772	0.611
257 A	0.32378	0.05600	0.62023
258 T	0.32683	0.04674	0.62643
259 T	0.32828	0.03993	0.63179
260 T	0.32862	0.04328	0.6281
261 T	0.32744	0.05447	0.61809
262 T	0.31970	0.08350	0.5968
263 T	0.31409	0.11472	0.57119
264 A	0.29867	0.20380	0.49753
265 G	0.28057	0.29082	0.42861
266 A	0.26990	0.33121	0.39889
267 T	0.26536	0.33919	0.39545
268 A	0.25691	0.35138	0.39171
269 A	0.25368	0.35886	0.38746
270 A	0.25236	0.36132	0.38633
271 C	0.25143	0.36219	0.38638
272 A	0.25105	0.36369	0.38526
273 A	0.25029	0.36517	0.38454
274 T	0.25071	0.36455	0.38474
275 G	0.25095	0.36416	0.3849
276 T	0.25134	0.36371	0.38494
277 A	0.25065	0.36416	0.38519
278 C	0.25038	0.36426	0.38535
279 C	0.25012	0.36467	0.38522
280 A	0.24850	0.36722	0.38428
281 A	0.24649	0.36931	0.38419
282 A	0.25123	0.36447	0.3843
283 G	0.26595	0.34942	0.38464
284 T	0.29618	0.31655	0.38727
285 C	0.32148	0.27735	0.40117
286 A	0.34916	0.24293	0.40791
287 A	0.41513	0.16397	0.4209
288 T	0.48074	0.08443	0.43483
289 T	0.50001	0.06020	0.4398
290 C	0.48946	0.06905	0.44149
291 A	0.47975	0.08130	0.43894
292 T	0.47670	0.08825	0.43505
293 T	0.46284	0.10187	0.43529
294 C	0.43237	0.13265	0.43497
295 A	0.41340	0.15318	0.43342
296 T	0.40002	0.16681	0.43316
297 C	0.37558	0.19252	0.43189
298 A	0.33754	0.23528	0.42718
299 A	0.29184	0.28927	0.41889
300 A	0.26921	0.31977	0.41102
301 A	0.26293	0.32579	0.41127
302 G	0.25701	0.33090	0.41209
303 A	0.25551	0.32776	0.41672
304 T	0.25392	0.32409	0.42199
305 C	0.25079	0.32366	0.42555
306 G	0.24883	0.32507	0.42611
307 C	0.24695	0.32699	0.42606
308 A	0.24366	0.33063	0.42571
309 G	0.24198	0.33229	0.42572
310 G	0.24145	0.33284	0.4257
311 A	0.24152	0.33219	0.42629
312 A	0.24388	0.32863	0.42748
313 G	0.24561	0.30786	0.44653
314 G	0.25476	0.27960	0.46564
315 T	0.26147	0.25778	0.48075
316 T	0.26176	0.24208	0.49616
317 T	0.25542	0.23039	0.51419
318 A	0.24249	0.24282	0.51469
319 G	0.23257	0.25261	0.51482
320 A	0.22086	0.25576	0.52339
321 A	0.21576	0.23013	0.5541
322 A	0.21441	0.19399	0.59161
323 T	0.21921	0.16963	0.61116
324 A	0.20975	0.17336	0.6169
325 C	0.19977	0.17603	0.62419
326 A	0.19356	0.18234	0.6241
327 T	0.18832	0.18714	0.62453
328 C	0.18168	0.19469	0.62363
329 A	0.17763	0.20916	0.61321
330 T	0.17493	0.23154	0.59353
331 A	0.16869	0.27576	0.55555
332 T	0.16368	0.30253	0.53379
333 T	0.15484	0.32217	0.523
334 A	0.14187	0.34461	0.51351
335 A	0.13360	0.36128	0.50512
336 G	0.13045	0.36767	0.50188
337 G	0.13004	0.37093	0.49903
338 A	0.13153	0.37280	0.49566
339 A	0.13565	0.37206	0.49229
340 A	0.14443	0.36050	0.49507
341 A	0.15603	0.34017	0.50381
342 T	0.16938	0.31774	0.51288
343 G	0.17601	0.30201	0.52198
344 A	0.17735	0.29518	0.52747
345 A	0.17975	0.28633	0.53391
346 A	0.18214	0.28405	0.5338
347 T	0.18280	0.27908	0.53813
348 G	0.17509	0.28244	0.54248
349 A	0.16948	0.29402	0.5365
350 A	0.16727	0.29801	0.53472
351 A	0.16930	0.29423	0.53647
352 G	0.18002	0.28205	0.53793
353 G	0.20431	0.26047	0.53523
354 A	0.24654	0.22944	0.52401
355 T	0.27459	0.19674	0.52867
356 T	0.28392	0.18928	0.52679
357 A	0.28050	0.20388	0.51561
358 T	0.27513	0.21760	0.50727
359 C	0.25681	0.24363	0.49956
360 A	0.24075	0.26602	0.49323
361 A	0.23827	0.26943	0.49231
362 A	0.24226	0.26550	0.49224
363 T	0.24915	0.25836	0.49249
364 C	0.25101	0.25642	0.49258
365 C	0.25274	0.25488	0.49238
366 T	0.25509	0.25373	0.49118
367 A	0.25653	0.25336	0.49011
368 A	0.25943	0.25076	0.48981
369 A	0.26454	0.24563	0.48983
370 T	0.27168	0.23718	0.49114
371 A	0.27600	0.22391	0.50009
372 T	0.28794	0.20317	0.50889
373 G	0.29112	0.19522	0.51367
374 C	0.29482	0.18801	0.51717
375 A	0.29780	0.18519	0.51701
376 A	0.30671	0.17643	0.51686
377 T	0.32688	0.15624	0.51689
378 A	0.33120	0.15235	0.51645
379 A	0.34165	0.14066	0.51768
380 A	0.36037	0.10765	0.53198
381 T	0.37426	0.07762	0.54812
382 T	0.37954	0.05112	0.56934
383 C	0.38103	0.03556	0.58341
384 T	0.38036	0.03266	0.58699
385 C	0.37707	0.03504	0.58789
386 C	0.37381	0.04144	0.58474
387 T	0.36833	0.05448	0.57719
388 T	0.35228	0.08061	0.56712
389 T	0.32880	0.11919	0.55202
390 T	0.30602	0.15663	0.53735
391 G	0.26416	0.21582	0.52002
392 A	0.23493	0.24816	0.51691
393 A	0.22324	0.25934	0.51742
394 T	0.21778	0.26346	0.51876
395 A	0.20955	0.27079	0.51966
396 C	0.20446	0.27378	0.52176
397 C	0.19861	0.27962	0.52177
398 A	0.19709	0.28213	0.52078
399 A	0.19645	0.28342	0.52013
400 A	0.19627	0.28432	0.51941
401 A	0.19678	0.28424	0.51898
402 A	0.19694	0.28412	0.51895
403 A	0.19748	0.28192	0.52061
404 G	0.19777	0.27958	0.52265
405 T	0.19820	0.27649	0.52531
406 A	0.19812	0.27400	0.52788
407 A	0.19868	0.27126	0.53007
408 A	0.20052	0.26459	0.5349
409 A	0.20683	0.25000	0.54317
410 A	0.21842	0.22294	0.55865
411 T	0.23900	0.17178	0.58922
412 T	0.25482	0.12960	0.61558
413 T	0.26377	0.10210	0.63413
414 A	0.26909	0.08249	0.64842
415 G	0.27084	0.06950	0.65965
416 T	0.27114	0.06066	0.6682
417 T	0.27120	0.05662	0.67218
418 T	0.27117	0.05223	0.6766
419 A	0.26985	0.04989	0.68026
420 C	0.26996	0.04480	0.68524
421 T	0.27054	0.04329	0.68617
422 G	0.27018	0.04317	0.68665
423 C	0.27066	0.04254	0.6868
424 A	0.27110	0.04269	0.68621
425 G	0.27150	0.04275	0.68575
426 T	0.27222	0.04263	0.68514
427 T	0.27252	0.04424	0.68324
428 T	0.27263	0.04653	0.68083
429 A	0.27263	0.04823	0.67913
430 T	0.27275	0.04884	0.67841
431 T	0.27207	0.05003	0.6779
432 A	0.27065	0.05155	0.67779
433 G	0.26943	0.05289	0.67768
434 A	0.26914	0.05365	0.67721
435 A	0.26982	0.05321	0.67697
436 C	0.27314	0.04982	0.67704
437 A	0.28424	0.03892	0.67683
438 T	0.29563	0.02733	0.67705
439 T	0.29717	0.02563	0.6772
440 T	0.29812	0.02436	0.67751
441 T	0.29895	0.02332	0.67773
442 C	0.29921	0.02141	0.67938
443 T	0.29941	0.02124	0.67935
444 T	0.29967	0.02072	0.67961
445 T	0.29972	0.02018	0.68009
446 T	0.29977	0.02002	0.68021
447 G	0.29997	0.01988	0.68016
448 C	0.30038	0.01946	0.68015
449 A	0.30124	0.01892	0.67985
450 T	0.30361	0.01669	0.6797
451 T	0.30594	0.01480	0.67926
452 G	0.30718	0.01451	0.67831
453 T	0.30610	0.01896	0.67495
454 A	0.30307	0.03069	0.66624
455 A	0.30258	0.03506	0.66236
456 A	0.30253	0.03829	0.65917
457 A	0.30294	0.04030	0.65676
458 T	0.30330	0.04060	0.6561
459 T	0.30339	0.04167	0.65495
460 T	0.30329	0.04301	0.6537
461 G	0.30189	0.04604	0.65208
462 G	0.30079	0.04745	0.65177
463 G	0.29919	0.04970	0.65112
464 A	0.29824	0.05212	0.64964
465 T	0.29779	0.05448	0.64772
466 C	0.29738	0.05511	0.64751
467 A	0.29594	0.05710	0.64696
468 T	0.29492	0.05848	0.6466
469 T	0.29200	0.06204	0.64596
470 C	0.28724	0.06728	0.64549
471 T	0.28458	0.07226	0.64316
472 A	0.27768	0.08115	0.64117
473 A	0.27354	0.08534	0.64112
474 A	0.27126	0.08750	0.64124
475 A	0.27120	0.08731	0.64149
476 A	0.27451	0.08185	0.64364
477 C	0.28412	0.06871	0.64717
478 C	0.28918	0.06307	0.64774
479 C	0.29372	0.05844	0.64785
480 T	0.29745	0.05471	0.64784
481 T	0.29746	0.05474	0.6478
482 T	0.29387	0.05838	0.64774
483 A	0.28436	0.06786	0.64778
484 C	0.28164	0.06942	0.64894
485 A	0.27922	0.07145	0.64933
486 A	0.27846	0.07158	0.64996
487 A	0.27951	0.06985	0.65064
488 T	0.28167	0.06747	0.65086
489 T	0.28166	0.06862	0.64972
490 A	0.28114	0.07139	0.64747
491 A	0.28117	0.07373	0.6451
492 T	0.27949	0.07280	0.64771
493 G	0.27585	0.07356	0.65059
494 T	0.27649	0.07067	0.65284
495 T	0.27590	0.06796	0.65613
496 G	0.27172	0.07112	0.65717
497 G	0.26902	0.07341	0.65757
498 C	0.26747	0.07555	0.65698
499 A	0.26493	0.08122	0.65385
500 A	0.25741	0.09092	0.65167
501 A	0.25065	0.10007	0.64928
502 A	0.24718	0.10644	0.64638
503 A	0.24497	0.10943	0.6456
504 A	0.24367	0.10931	0.64702
505 G	0.24320	0.10427	0.65254
506 G	0.24301	0.09514	0.66185
507 A	0.24295	0.09221	0.66483
508 G	0.24345	0.08933	0.66722
509 C	0.24394	0.08768	0.66837
510 G	0.24398	0.08805	0.66797
511 G	0.24468	0.08864	0.66667
512 A	0.24648	0.08714	0.66638
513 A	0.25109	0.08196	0.66696
514 A	0.25556	0.07709	0.66736
515 T	0.25894	0.06844	0.67261
516 C	0.26139	0.05961	0.679
517 C	0.26293	0.05613	0.68095
518 T	0.26488	0.05362	0.6815
519 T	0.26685	0.05077	0.68239
520 T	0.26763	0.04973	0.68265
521 T	0.26804	0.04911	0.68285
522 A	0.26845	0.04684	0.68472
523 A	0.26940	0.03753	0.69307
524 G	0.27131	0.02775	0.70093
525 T	0.27438	0.02103	0.70459
526 C	0.27514	0.01809	0.70677
527 G	0.27612	0.01682	0.70706
528 T	0.27629	0.01745	0.70626
529 T	0.27569	0.02425	0.70006
530 T	0.27434	0.03114	0.69453
531 A	0.26990	0.04111	0.68899
532 A	0.26750	0.05088	0.68161
533 A	0.26614	0.05839	0.67548
534 A	0.26613	0.06003	0.67384
535 G	0.26608	0.06052	0.6734
536 A	0.26617	0.06082	0.67301
537 T	0.26673	0.06097	0.6723
538 G	0.26694	0.06250	0.67056
539 T	0.26758	0.06276	0.66966
540 T	0.26798	0.06349	0.66853
541 T	0.26830	0.06527	0.66643
542 T	0.26836	0.06696	0.66468
543 T	0.26831	0.06882	0.66286
544 T	0.26799	0.07092	0.66108
545 G	0.26426	0.07741	0.65833
546 T	0.26127	0.08476	0.65398
547 A	0.25745	0.09201	0.65054
548 A	0.25599	0.09505	0.64895
549 A	0.25500	0.09659	0.64841
550 A	0.25515	0.09657	0.64829
551 A	0.25631	0.09515	0.64854
552 T	0.26420	0.08634	0.64946
553 A	0.26968	0.07976	0.65056
554 A	0.27530	0.07045	0.65425
555 A	0.28283	0.06069	0.65647
556 T	0.28996	0.05167	0.65837
557 T	0.29195	0.04849	0.65956
558 T	0.29275	0.04691	0.66034
559 C	0.29288	0.04655	0.66057
560 A	0.29306	0.04655	0.66039
561 T	0.29489	0.04484	0.66028
562 C	0.29600	0.04397	0.66003
563 A	0.29755	0.04416	0.6583
564 T	0.30104	0.04177	0.65719
565 T	0.30338	0.04023	0.65639
566 T	0.30526	0.03981	0.65493
567 A	0.30643	0.04053	0.65303
568 G	0.30912	0.03713	0.65375
569 T	0.31330	0.03080	0.6559
570 T	0.31484	0.02672	0.65845
571 T	0.31266	0.02920	0.65814
572 A	0.28334	0.06125	0.65541
573 C	0.25413	0.09074	0.65513
574 C	0.23147	0.11433	0.65419
575 A	0.20850	0.14045	0.65105
576 A	0.19782	0.15235	0.64983
577 C	0.19133	0.16063	0.64805
578 G	0.18554	0.16913	0.64533
579 T	0.18086	0.17601	0.64314
580 A	0.17442	0.18270	0.64288
581 A	0.17105	0.18606	0.6429
582 A	0.16983	0.18714	0.64303
583 G	0.16936	0.18656	0.64408
584 C	0.16921	0.18611	0.64468
585 A	0.16918	0.18594	0.64487
586 G	0.17046	0.18436	0.64518
587 C	0.17023	0.18440	0.64537
588 G	0.16888	0.18589	0.64524
589 C	0.16608	0.18888	0.64504
590 A	0.16204	0.19387	0.6441
591 A	0.16175	0.19517	0.64307
592 A	0.15987	0.19823	0.6419
593 A	0.15875	0.19901	0.64224
594 A	0.15931	0.19570	0.64499
595 A	0.16236	0.16128	0.67635
596 T	0.16402	0.12639	0.70959
597 A	0.16484	0.10425	0.73092
598 T	0.16837	0.07911	0.75252
599 A	0.16931	0.07186	0.75883
600 T	0.17077	0.06299	0.76625
601 T	0.17099	0.05796	0.77105
602 T	0.16958	0.05719	0.77323
603 T	0.16425	0.05983	0.77593
604 C	0.15515	0.07547	0.76938
605 A	0.14786	0.10019	0.75195
606 G	0.14224	0.11220	0.74555
607 A	0.13814	0.12954	0.73231
608 A	0.13542	0.13646	0.72812
609 A	0.13318	0.14561	0.7212
610 A	0.13181	0.15161	0.71658
611 A	0.13068	0.15555	0.71378
612 A	0.13062	0.15287	0.7165
613 G	0.13148	0.14650	0.72202
614 A	0.13261	0.14326	0.72414
615 G	0.13389	0.13853	0.72758
616 T	0.13555	0.13489	0.72956
617 T	0.13620	0.13307	0.73073
618 T	0.13652	0.13217	0.73132
619 T	0.13638	0.13215	0.73147
620 G	0.13549	0.13310	0.7314
621 G	0.13526	0.13533	0.72941
622 A	0.13689	0.13882	0.7243
623 A	0.13760	0.13904	0.72336
624 G	0.13978	0.13472	0.7255
625 T	0.14690	0.12469	0.72841
626 G	0.15032	0.11599	0.73368
627 T	0.16209	0.09852	0.73939
628 T	0.17603	0.08124	0.74272
629 A	0.18081	0.07880	0.74038
630 T	0.19097	0.07117	0.73787
631 A	0.19416	0.07025	0.73559
632 G	0.19971	0.06418	0.73611
633 A	0.20573	0.05834	0.73594
634 T	0.21230	0.05138	0.73632
635 T	0.21444	0.04960	0.73597
636 T	0.21554	0.04901	0.73545
637 T	0.21624	0.04909	0.73466
638 T	0.21629	0.05070	0.733
639 T	0.21594	0.05416	0.7299
640 A	0.21501	0.06178	0.72322
641 A	0.21473	0.06601	0.71925
642 A	0.21460	0.06973	0.71567
643 A	0.21505	0.07212	0.71283
644 G	0.21718	0.07092	0.7119
645 T	0.22341	0.06587	0.71072
646 T	0.22511	0.06622	0.70867
647 T	0.22391	0.07098	0.70511
648 A	0.21989	0.08034	0.69977
649 G	0.21922	0.08335	0.69744
650 A	0.21673	0.08993	0.69335
651 A	0.21612	0.09601	0.68788
652 A	0.22107	0.09328	0.68565
653 T	0.22751	0.08786	0.68463
654 T	0.23028	0.08736	0.68235
655 T	0.22638	0.09194	0.68168
656 A	0.21724	0.10159	0.68117
657 T	0.21313	0.10558	0.68129
658 T	0.20574	0.11292	0.68133
659 C	0.20277	0.11570	0.68153
660 A	0.20068	0.11775	0.68158
661 C	0.20103	0.11726	0.68171
662 A	0.20364	0.11459	0.68178
663 T	0.21020	0.10771	0.68209
664 A	0.21373	0.10409	0.68218
665 A	0.21794	0.09949	0.68257
666 T	0.22254	0.09452	0.68295
667 C	0.22456	0.09114	0.68431
668 T	0.22657	0.08852	0.68491
669 A	0.22843	0.08607	0.68551
670 A	0.23215	0.08094	0.68691
671 T	0.23733	0.07271	0.68996
672 A	0.23967	0.06936	0.69096
673 A	0.24375	0.06043	0.69581
674 T	0.25017	0.04953	0.7003
675 T	0.25248	0.04448	0.70304
676 A	0.25341	0.04172	0.70487
677 A	0.25549	0.03636	0.70816
678 T	0.25648	0.02719	0.71632
679 T	0.25704	0.01525	0.72772
680 G	0.25719	0.00814	0.73466
681 A	0.25749	0.00000	0.74251
