# lcl|CP097583.1_cds_USQ93415.1_1
# AA	inside	membr	outside
1 A	0.38698	0.00000	0.61302
2 T	0.38270	0.00428	0.61302
3 G	0.37924	0.00774	0.61302
4 A	0.37924	0.04633	0.57443
5 A	0.35948	0.09514	0.54538
6 T	0.35948	0.09911	0.54141
7 G	0.27843	0.18318	0.53839
8 A	0.27843	0.18352	0.53806
9 A	0.26938	0.19894	0.53168
10 A	0.26929	0.63657	0.09414
11 A	0.25197	0.68244	0.06559
12 A	0.14150	0.79751	0.061
13 A	0.02447	0.93016	0.04538
14 A	0.02446	0.93017	0.04537
15 A	0.02446	0.95400	0.02155
16 G	0.02317	0.95529	0.02155
17 A	0.02212	0.95655	0.02134
18 T	0.02210	0.95674	0.02116
19 A	0.02113	0.95789	0.02099
20 A	0.01975	0.96055	0.0197
21 A	0.01776	0.96246	0.01978
22 A	0.01855	0.96148	0.01998
23 A	0.02119	0.95728	0.02152
24 T	0.03258	0.94341	0.02402
25 T	0.03761	0.92419	0.0382
26 G	0.03871	0.91370	0.04758
27 C	0.05924	0.87915	0.06161
28 C	0.07609	0.85023	0.07369
29 A	0.07940	0.84463	0.07597
30 A	0.08756	0.80189	0.11055
31 A	0.09819	0.78895	0.11286
32 A	0.12138	0.75946	0.11916
33 C	0.52376	0.33601	0.14023
34 T	0.56437	0.25617	0.17946
35 G	0.57586	0.14450	0.27964
36 T	0.58981	0.03975	0.37044
37 T	0.58490	0.04333	0.37178
38 C	0.59133	0.03768	0.37099
39 T	0.57546	0.06344	0.3611
40 T	0.56790	0.08262	0.34948
41 G	0.55896	0.10633	0.33471
42 T	0.55493	0.14200	0.30307
43 G	0.52383	0.22124	0.25493
44 A	0.42868	0.43010	0.14121
45 T	0.31097	0.63815	0.05089
46 A	0.28003	0.67590	0.04407
47 A	0.26473	0.69676	0.03851
48 A	0.25442	0.70798	0.03759
49 A	0.24587	0.71820	0.03592
50 C	0.24136	0.72361	0.03503
51 T	0.23195	0.73528	0.03277
52 C	0.17231	0.80012	0.02757
53 A	0.09472	0.88719	0.01808
54 A	0.08258	0.90570	0.01172
55 A	0.07639	0.91548	0.00813
56 A	0.07450	0.91737	0.00813
57 A	0.07388	0.91766	0.00846
58 A	0.07406	0.91474	0.0112
59 A	0.07559	0.90742	0.01699
60 C	0.07797	0.89213	0.0299
61 G	0.08227	0.88332	0.03441
62 A	0.09785	0.85809	0.04405
63 G	0.11548	0.83619	0.04832
64 A	0.13937	0.81151	0.04913
65 A	0.18328	0.76881	0.04791
66 T	0.24176	0.67466	0.08358
67 A	0.31249	0.52547	0.16205
68 T	0.37741	0.35966	0.26294
69 A	0.36567	0.36253	0.27179
70 A	0.35223	0.38622	0.26155
71 A	0.34771	0.40422	0.24807
72 A	0.34818	0.40449	0.24733
73 A	0.35001	0.39756	0.25242
74 A	0.35791	0.37238	0.2697
75 T	0.36999	0.30706	0.32294
76 T	0.37495	0.24217	0.38288
77 G	0.31483	0.30104	0.38413
78 C	0.28189	0.33093	0.38717
79 T	0.22710	0.39738	0.37552
80 C	0.15978	0.47638	0.36384
81 A	0.12942	0.53792	0.33266
82 C	0.11228	0.58411	0.30361
83 A	0.09913	0.62093	0.27994
84 A	0.09114	0.65154	0.25732
85 G	0.08947	0.67304	0.23749
86 A	0.09284	0.67602	0.23114
87 A	0.10060	0.67226	0.22715
88 A	0.11240	0.65741	0.23019
89 T	0.13377	0.62801	0.23822
90 T	0.14607	0.60719	0.24674
91 T	0.15030	0.59521	0.25449
92 G	0.14976	0.58244	0.2678
93 C	0.15187	0.56766	0.28047
94 C	0.15450	0.56673	0.27877
95 A	0.15753	0.58373	0.25874
96 A	0.16108	0.59379	0.24513
97 G	0.16291	0.60740	0.2297
98 A	0.16580	0.62156	0.21264
99 A	0.17108	0.61878	0.21013
100 G	0.18481	0.52422	0.29097
101 A	0.19822	0.47358	0.32819
102 T	0.22324	0.38741	0.38935
103 A	0.24162	0.31077	0.44762
104 C	0.27565	0.24736	0.47699
105 T	0.31134	0.20576	0.4829
106 T	0.32921	0.19491	0.47587
107 G	0.33221	0.22222	0.44557
108 T	0.33644	0.26286	0.40069
109 G	0.31692	0.40365	0.27942
110 A	0.30007	0.48478	0.21514
111 A	0.26022	0.60473	0.13505
112 A	0.21834	0.71559	0.06607
113 A	0.19707	0.74005	0.06287
114 A	0.17311	0.76286	0.06403
115 G	0.15708	0.77207	0.07085
116 G	0.14938	0.77229	0.07834
117 C	0.15274	0.76401	0.08325
118 G	0.17002	0.74805	0.08193
119 A	0.18528	0.73712	0.0776
120 A	0.20279	0.71935	0.07786
121 T	0.21880	0.70327	0.07793
122 G	0.22157	0.70125	0.07718
123 T	0.21759	0.70752	0.0749
124 C	0.19699	0.72909	0.07392
125 A	0.16622	0.76761	0.06617
126 A	0.13605	0.80424	0.05971
127 A	0.12960	0.81360	0.05679
128 C	0.13421	0.80912	0.05668
129 A	0.15208	0.79460	0.05332
130 A	0.19719	0.74551	0.0573
131 A	0.25807	0.67922	0.06271
132 T	0.38408	0.53180	0.08412
133 A	0.42531	0.47545	0.09924
134 A	0.49229	0.36477	0.14294
135 T	0.55259	0.26006	0.18736
136 T	0.55748	0.23278	0.20974
137 G	0.55676	0.20948	0.23376
138 T	0.55596	0.19470	0.24934
139 T	0.55175	0.19762	0.25063
140 C	0.49279	0.26411	0.2431
141 A	0.42763	0.35836	0.21401
142 A	0.37049	0.43956	0.18996
143 A	0.29393	0.53959	0.16648
144 A	0.24339	0.61319	0.14342
145 G	0.22978	0.62716	0.14306
146 A	0.23062	0.62100	0.14838
147 A	0.23224	0.59789	0.16987
148 A	0.24050	0.55802	0.20148
149 C	0.24888	0.51749	0.23364
150 T	0.25348	0.51541	0.23111
151 T	0.25302	0.53884	0.20815
152 G	0.23179	0.59542	0.17278
153 T	0.22527	0.61125	0.16348
154 G	0.20664	0.63581	0.15754
155 A	0.18977	0.65985	0.15037
156 G	0.18045	0.67679	0.14277
157 C	0.17266	0.70551	0.12183
158 A	0.16474	0.74478	0.09049
159 A	0.15934	0.76093	0.07972
160 G	0.15581	0.77316	0.07103
161 A	0.15815	0.77700	0.06484
162 A	0.16462	0.77128	0.0641
163 A	0.17644	0.69820	0.12536
164 A	0.20403	0.60636	0.1896
165 T	0.22940	0.51702	0.25358
166 G	0.24544	0.42713	0.32742
167 G	0.25973	0.37227	0.36799
168 C	0.25432	0.38366	0.36202
169 C	0.24757	0.43711	0.31532
170 A	0.23812	0.52786	0.23403
171 A	0.23019	0.57029	0.19951
172 A	0.22790	0.62951	0.14259
173 A	0.23183	0.65502	0.11314
174 A	0.25745	0.63741	0.10515
175 G	0.29495	0.57975	0.1253
176 T	0.30988	0.55883	0.13129
177 A	0.31497	0.54240	0.14262
178 A	0.32480	0.52161	0.15359
179 A	0.34215	0.49884	0.15901
180 T	0.37521	0.45664	0.16816
181 T	0.39916	0.42462	0.17621
182 G	0.40570	0.41237	0.18193
183 T	0.41052	0.40331	0.18617
184 C	0.40774	0.40543	0.18682
185 C	0.37329	0.44304	0.18366
186 G	0.30214	0.52534	0.17252
187 A	0.26584	0.57588	0.15828
188 A	0.25498	0.59078	0.15425
189 A	0.25097	0.59860	0.15043
190 G	0.25901	0.58921	0.15179
191 G	0.29242	0.54674	0.16084
192 T	0.35371	0.47662	0.16966
193 A	0.42417	0.39919	0.17664
194 A	0.45516	0.36268	0.18216
195 T	0.50585	0.30850	0.18564
196 T	0.52398	0.28667	0.18934
197 G	0.50276	0.30720	0.19005
198 T	0.48752	0.32047	0.19202
199 G	0.41676	0.39097	0.19228
200 C	0.38090	0.42703	0.19207
201 A	0.34060	0.47096	0.18844
202 C	0.29649	0.51809	0.18543
203 A	0.24502	0.57492	0.18007
204 A	0.20545	0.61620	0.17835
205 G	0.18598	0.63695	0.17707
206 G	0.18073	0.63904	0.18023
207 A	0.18112	0.63478	0.18411
208 A	0.18531	0.59005	0.22463
209 G	0.19731	0.50557	0.29712
210 T	0.21157	0.45838	0.33006
211 T	0.21368	0.44699	0.33933
212 G	0.21135	0.44666	0.34199
213 T	0.20789	0.45222	0.33989
214 C	0.20059	0.46831	0.3311
215 A	0.19613	0.50138	0.3025
216 A	0.19387	0.52446	0.28167
217 G	0.19583	0.56148	0.24269
218 A	0.19694	0.61529	0.18776
219 A	0.19799	0.62827	0.17374
220 G	0.19910	0.59920	0.2017
221 A	0.20020	0.57428	0.22552
222 T	0.20233	0.49709	0.30058
223 A	0.20453	0.46301	0.33246
224 A	0.20908	0.42909	0.36183
225 T	0.21416	0.38173	0.40412
226 T	0.21817	0.33906	0.44277
227 G	0.21821	0.32327	0.45851
228 T	0.21793	0.34567	0.4364
229 G	0.21121	0.42548	0.36331
230 A	0.20942	0.50885	0.28174
231 A	0.20510	0.63222	0.16268
232 A	0.20162	0.70345	0.09493
233 A	0.20091	0.70868	0.09041
234 A	0.20383	0.70572	0.09045
235 G	0.20528	0.70003	0.09469
236 G	0.20959	0.69046	0.09996
237 C	0.22225	0.67249	0.10527
238 G	0.25105	0.64716	0.10179
239 A	0.27799	0.63351	0.0885
240 A	0.32509	0.58761	0.08729
241 T	0.37601	0.53797	0.08602
242 G	0.38242	0.53359	0.08398
243 T	0.37636	0.54407	0.07958
244 C	0.34818	0.57362	0.0782
245 A	0.29892	0.63411	0.06696
246 A	0.23730	0.70408	0.05863
247 A	0.21647	0.72945	0.05409
248 C	0.21472	0.73121	0.05408
249 A	0.21727	0.72937	0.05336
250 A	0.23856	0.70736	0.05409
251 A	0.27957	0.66501	0.05543
252 C	0.35025	0.58705	0.0627
253 A	0.41538	0.52067	0.06395
254 A	0.52788	0.40351	0.06861
255 T	0.59525	0.33164	0.07312
256 T	0.60110	0.32372	0.07518
257 G	0.59859	0.32442	0.07699
258 T	0.59698	0.31872	0.0843
259 C	0.58922	0.32352	0.08727
260 C	0.54433	0.36971	0.08595
261 A	0.51987	0.40442	0.07571
262 A	0.51339	0.41718	0.06942
263 A	0.49822	0.43664	0.06514
264 A	0.48891	0.44750	0.06359
265 G	0.48724	0.44230	0.07046
266 G	0.49090	0.41627	0.09284
267 A	0.49293	0.37949	0.12757
268 A	0.50480	0.31332	0.18188
269 C	0.51348	0.23223	0.25429
270 T	0.51859	0.21324	0.26817
271 T	0.51860	0.21511	0.26629
272 G	0.51611	0.23208	0.25181
273 T	0.51371	0.23866	0.24763
274 G	0.48130	0.28074	0.23797
275 A	0.47406	0.29914	0.22681
276 G	0.46883	0.31939	0.21178
277 C	0.46256	0.36196	0.17548
278 A	0.45721	0.43254	0.11025
279 A	0.45410	0.45442	0.09148
280 G	0.44651	0.46961	0.08389
281 A	0.44551	0.48016	0.07433
282 G	0.44603	0.47883	0.07514
283 G	0.44841	0.42692	0.12467
284 A	0.45827	0.39099	0.15074
285 T	0.46474	0.36507	0.1702
286 T	0.46814	0.34776	0.1841
287 C	0.46862	0.33790	0.19348
288 A	0.46780	0.33694	0.19526
289 T	0.46692	0.33618	0.19691
290 G	0.46224	0.34169	0.19607
291 C	0.45926	0.34657	0.19417
292 G	0.45520	0.37958	0.16522
293 A	0.45618	0.38483	0.159
294 A	0.46017	0.38552	0.15431
295 A	0.47552	0.37204	0.15244
296 A	0.48508	0.36116	0.15376
297 C	0.50259	0.31096	0.18645
298 A	0.52200	0.29207	0.18594
299 A	0.55421	0.25450	0.19129
300 T	0.60548	0.19733	0.19719
301 T	0.64948	0.15089	0.19963
302 T	0.64391	0.15792	0.19817
303 C	0.61802	0.17802	0.20396
304 T	0.60174	0.20141	0.19685
305 G	0.56493	0.24374	0.19133
306 T	0.54420	0.28644	0.16936
307 T	0.51158	0.32740	0.16101
308 G	0.47117	0.37616	0.15267
309 T	0.45133	0.40298	0.1457
310 A	0.41665	0.44174	0.14161
311 A	0.36477	0.49377	0.14145
312 A	0.33066	0.52689	0.14246
313 G	0.30980	0.54378	0.14643
314 A	0.30575	0.54534	0.1489
315 C	0.32586	0.52079	0.15334
316 A	0.32301	0.52483	0.15216
317 A	0.32374	0.52453	0.15173
318 T	0.32631	0.52118	0.15251
319 A	0.31512	0.53367	0.1512
320 A	0.31056	0.53790	0.15153
321 T	0.31171	0.53067	0.15762
322 A	0.30798	0.53311	0.15891
323 A	0.30695	0.52946	0.16359
324 A	0.31128	0.50976	0.17896
325 T	0.31996	0.46126	0.21878
326 G	0.32435	0.41133	0.26431
327 T	0.33754	0.37017	0.29229
328 C	0.34372	0.31902	0.33727
329 T	0.36322	0.27956	0.35722
330 T	0.36821	0.25444	0.37734
331 T	0.37353	0.23162	0.39485
332 T	0.37503	0.22605	0.39891
333 T	0.37394	0.22630	0.39977
334 A	0.36770	0.23574	0.39655
335 A	0.33374	0.30124	0.36502
336 T	0.32047	0.31630	0.36322
337 A	0.28899	0.39059	0.32042
338 A	0.27901	0.43234	0.28866
339 A	0.27382	0.47236	0.25383
340 A	0.27197	0.49974	0.22829
341 A	0.27147	0.51407	0.21446
342 T	0.27308	0.53052	0.1964
343 A	0.26593	0.61056	0.12351
344 A	0.26366	0.63649	0.09986
345 A	0.25665	0.66371	0.07964
346 G	0.25072	0.68913	0.06015
347 A	0.24778	0.70853	0.04369
348 T	0.24619	0.71153	0.04229
349 G	0.24242	0.71917	0.03841
350 A	0.24105	0.72435	0.0346
351 T	0.24126	0.72526	0.03348
352 C	0.24112	0.72685	0.03202
353 A	0.24188	0.73045	0.02767
354 A	0.24717	0.72827	0.02457
355 A	0.25563	0.72182	0.02255
356 A	0.27121	0.70556	0.02323
357 A	0.32781	0.64470	0.02749
358 T	0.39860	0.53579	0.06561
359 G	0.41980	0.49861	0.08159
360 C	0.45860	0.43240	0.109
361 A	0.48938	0.39788	0.11274
362 C	0.53097	0.35379	0.11524
363 T	0.56118	0.32923	0.10958
364 A	0.57637	0.32101	0.10261
365 A	0.61303	0.28583	0.10115
366 T	0.70201	0.19031	0.10769
367 G	0.72579	0.17247	0.10175
368 A	0.74633	0.14435	0.10931
369 T	0.76988	0.11448	0.11564
370 T	0.78167	0.09811	0.12022
371 G	0.77936	0.09736	0.12328
372 T	0.78134	0.09238	0.12628
373 T	0.77575	0.09799	0.12626
374 C	0.74564	0.13287	0.12149
375 T	0.73056	0.16018	0.10925
376 G	0.68943	0.20478	0.10579
377 A	0.63210	0.27093	0.09697
378 A	0.57197	0.33544	0.09259
379 T	0.55766	0.35125	0.0911
380 C	0.54157	0.36827	0.09016
381 A	0.52780	0.38874	0.08346
382 G	0.51889	0.40700	0.07411
383 T	0.51666	0.41256	0.07078
384 T	0.50959	0.42432	0.06609
385 A	0.40380	0.53879	0.0574
386 A	0.31718	0.63030	0.05252
387 C	0.28223	0.66530	0.05247
388 A	0.25560	0.69739	0.047
389 A	0.23273	0.72426	0.043
390 T	0.22095	0.73808	0.04097
391 A	0.16381	0.79977	0.03642
392 A	0.11088	0.85592	0.0332
393 A	0.06543	0.89977	0.03481
394 G	0.05015	0.90746	0.04239
395 A	0.04248	0.90844	0.04908
396 A	0.03876	0.89885	0.0624
397 G	0.04328	0.86435	0.09237
398 A	0.05459	0.83658	0.10883
399 A	0.05926	0.79431	0.14644
400 A	0.06748	0.73005	0.20247
401 T	0.07192	0.66407	0.264
402 C	0.06953	0.64938	0.2811
403 G	0.06589	0.65814	0.27597
404 A	0.06573	0.69016	0.24411
405 A	0.07341	0.70590	0.2207
406 A	0.07664	0.72199	0.20138
407 A	0.08227	0.72200	0.19573
408 A	0.09189	0.60656	0.30155
409 T	0.09894	0.49159	0.40946
410 T	0.09458	0.46011	0.44531
411 A	0.09055	0.46940	0.44005
412 A	0.08945	0.48915	0.42139
413 A	0.08797	0.51901	0.39302
414 A	0.08971	0.49732	0.41297
415 A	0.09052	0.47025	0.43923
416 T	0.08395	0.45737	0.45868
417 A	0.06441	0.57530	0.3603
418 G	0.04689	0.76295	0.19016
419 A	0.03192	0.88118	0.0869
420 A	0.01989	0.93416	0.04594
421 A	0.01382	0.95876	0.02741
422 A	0.01078	0.97675	0.01247
423 A	0.01135	0.97685	0.01179
424 A	0.01326	0.97391	0.01283
425 A	0.01673	0.96660	0.01667
426 A	0.03339	0.94561	0.02101
427 C	0.07256	0.90206	0.02537
428 A	0.10158	0.87404	0.02438
429 A	0.12318	0.85180	0.02502
430 T	0.13738	0.83639	0.02623
431 T	0.14404	0.82913	0.02683
432 A	0.14497	0.82810	0.02693
433 C	0.15162	0.81253	0.03585
434 A	0.16952	0.78919	0.04128
435 A	0.20285	0.75277	0.04438
436 G	0.25179	0.70151	0.0467
437 A	0.29864	0.65617	0.04518
438 A	0.33159	0.62497	0.04343
439 A	0.36498	0.58307	0.05195
440 A	0.47000	0.46086	0.06914
441 T	0.67010	0.24236	0.08753
442 T	0.75315	0.14912	0.09773
443 T	0.76375	0.13737	0.09888
444 A	0.73751	0.17415	0.08834
445 T	0.70952	0.21466	0.07582
446 T	0.61622	0.31777	0.06601
447 A	0.38361	0.56477	0.05162
448 G	0.26502	0.69983	0.03515
449 A	0.22230	0.74555	0.03215
450 A	0.20670	0.76338	0.02991
451 A	0.19509	0.77483	0.03008
452 T	0.18465	0.78443	0.03092
453 C	0.15196	0.81641	0.03163
454 A	0.12517	0.84677	0.02806
455 C	0.11388	0.85868	0.02744
456 T	0.10827	0.86733	0.02441
457 A	0.09808	0.87960	0.02232
458 A	0.09027	0.88821	0.02152
459 A	0.08560	0.89103	0.02337
460 A	0.08111	0.89393	0.02497
461 A	0.08092	0.88500	0.03408
462 A	0.08774	0.86848	0.04377
463 T	0.09413	0.84567	0.06021
464 A	0.09615	0.82800	0.07584
465 T	0.10155	0.79232	0.10613
466 G	0.10836	0.75211	0.13953
467 A	0.11995	0.69990	0.18015
468 T	0.13516	0.64366	0.22118
469 A	0.14188	0.57257	0.28555
470 A	0.15085	0.39880	0.45036
471 T	0.16177	0.29701	0.54122
472 G	0.14335	0.32731	0.52934
473 A	0.12658	0.43973	0.43369
474 A	0.10794	0.54090	0.35116
475 A	0.10208	0.57228	0.32563
476 A	0.09681	0.56805	0.33515
477 A	0.09140	0.55618	0.35242
478 T	0.08724	0.55994	0.35282
479 T	0.08131	0.60284	0.31586
480 A	0.07084	0.70023	0.22894
481 A	0.05791	0.77709	0.165
482 A	0.04733	0.80399	0.14868
483 A	0.03994	0.80614	0.15392
484 T	0.03815	0.80405	0.1578
485 A	0.03568	0.80561	0.15871
486 T	0.03504	0.80465	0.16031
487 C	0.03391	0.80421	0.16188
488 A	0.03351	0.80424	0.16225
489 A	0.03541	0.80120	0.16338
490 G	0.04198	0.79290	0.16512
491 C	0.05136	0.78237	0.16627
492 A	0.06868	0.76630	0.16501
493 G	0.09249	0.74060	0.16691
494 A	0.12135	0.71050	0.16815
495 T	0.18671	0.62590	0.1874
496 T	0.28334	0.51390	0.20276
497 T	0.36006	0.41798	0.22195
498 A	0.38361	0.38976	0.22664
499 G	0.40208	0.36387	0.23405
500 A	0.41777	0.33625	0.24598
501 T	0.43878	0.30421	0.25701
502 A	0.47353	0.26839	0.25809
503 A	0.55791	0.18169	0.26039
504 T	0.62756	0.10165	0.27079
505 T	0.64103	0.07777	0.2812
506 T	0.62240	0.09241	0.28519
507 T	0.57116	0.14977	0.27907
508 C	0.45732	0.28246	0.26021
509 A	0.32710	0.50586	0.16704
510 A	0.23350	0.67853	0.08797
511 A	0.17736	0.77046	0.05217
512 A	0.14882	0.81345	0.03773
513 A	0.13528	0.83863	0.0261
514 A	0.12462	0.85664	0.01874
515 G	0.12084	0.86292	0.01623
516 A	0.12098	0.86296	0.01606
517 A	0.12303	0.86077	0.0162
518 T	0.12550	0.85698	0.01752
519 T	0.12648	0.85450	0.01902
520 C	0.12676	0.85267	0.02057
521 A	0.12665	0.85260	0.02075
522 A	0.12422	0.85480	0.02098
523 A	0.12125	0.85822	0.02053
524 A	0.11960	0.86043	0.01997
525 A	0.12295	0.85601	0.02105
526 G	0.12643	0.84267	0.0309
527 A	0.12779	0.83619	0.03602
528 A	0.13115	0.82305	0.0458
529 A	0.13996	0.78813	0.0719
530 A	0.15308	0.72866	0.11825
531 A	0.18077	0.60150	0.21773
532 A	0.27395	0.38828	0.33778
533 T	0.35974	0.20478	0.43548
534 T	0.39084	0.11853	0.49063
535 C	0.40005	0.08541	0.51455
536 A	0.40681	0.08168	0.5115
537 T	0.41285	0.07697	0.51018
538 T	0.41365	0.08734	0.49901
539 C	0.41198	0.09809	0.48994
540 T	0.41133	0.13849	0.45017
541 T	0.40973	0.18876	0.4015
542 T	0.40477	0.24594	0.34929
543 A	0.38721	0.32483	0.28795
544 A	0.37079	0.37375	0.25546
545 A	0.36552	0.38088	0.2536
546 A	0.36445	0.38401	0.25154
547 T	0.36641	0.37905	0.25454
548 A	0.36747	0.37673	0.25581
549 C	0.36903	0.37368	0.25729
550 G	0.37116	0.37129	0.25754
551 C	0.37383	0.36877	0.2574
552 T	0.37865	0.36531	0.25604
553 T	0.38203	0.36296	0.25501
554 C	0.38214	0.36466	0.2532
555 T	0.38297	0.36723	0.2498
556 A	0.38293	0.36995	0.24712
557 T	0.38674	0.36762	0.24565
558 G	0.38826	0.36832	0.24342
559 A	0.39990	0.36020	0.23991
560 A	0.42157	0.34185	0.23658
561 T	0.47818	0.28612	0.2357
562 T	0.50481	0.26055	0.23464
563 T	0.54009	0.22548	0.23443
564 A	0.55992	0.20656	0.23353
565 A	0.58981	0.17241	0.23778
566 T	0.63357	0.11384	0.25259
567 T	0.65288	0.08063	0.2665
568 A	0.64826	0.08101	0.27072
569 C	0.64143	0.08640	0.27217
570 T	0.63658	0.09709	0.26633
571 G	0.62253	0.11986	0.25761
572 A	0.61045	0.14115	0.2484
573 A	0.60759	0.14759	0.24482
574 A	0.60792	0.14942	0.24266
575 T	0.60810	0.15160	0.24031
576 G	0.60605	0.15816	0.23579
577 T	0.60481	0.15961	0.23557
578 T	0.59787	0.16640	0.23573
579 A	0.57901	0.18464	0.23635
580 G	0.56401	0.19909	0.2369
581 C	0.55146	0.21094	0.2376
582 C	0.54680	0.21574	0.23745
583 C	0.54892	0.21441	0.23668
584 C	0.55184	0.21356	0.2346
585 T	0.55504	0.21452	0.23044
586 T	0.55461	0.21826	0.22713
587 T	0.55111	0.22563	0.22326
588 A	0.54140	0.23638	0.22223
589 G	0.53107	0.24707	0.22186
590 A	0.52044	0.25379	0.22577
591 A	0.51081	0.25400	0.2352
592 C	0.50901	0.24048	0.25051
593 A	0.51154	0.24087	0.2476
594 G	0.51645	0.23503	0.24852
595 T	0.52336	0.23696	0.23967
596 T	0.52380	0.24447	0.23172
597 A	0.52095	0.26021	0.21885
598 G	0.52202	0.26235	0.21564
599 A	0.52569	0.26059	0.21372
600 A	0.52590	0.26033	0.21377
601 A	0.52578	0.25222	0.222
602 A	0.52631	0.23334	0.24035
603 A	0.52673	0.21830	0.25498
604 G	0.52761	0.20277	0.26961
605 C	0.52903	0.19675	0.27421
606 T	0.53136	0.21138	0.25726
607 T	0.53364	0.23152	0.23484
608 T	0.53502	0.24935	0.21563
609 A	0.53356	0.26482	0.20163
610 G	0.53421	0.26973	0.19606
611 A	0.53315	0.27459	0.19225
612 A	0.53039	0.27331	0.1963
613 A	0.53207	0.26065	0.20728
614 T	0.53567	0.24574	0.21859
615 G	0.53149	0.24876	0.21974
616 A	0.53539	0.24249	0.22212
617 C	0.54416	0.23114	0.22469
618 T	0.55366	0.23231	0.21403
619 A	0.53632	0.26472	0.19896
620 C	0.53119	0.27593	0.19288
621 T	0.51608	0.30419	0.17974
622 G	0.47549	0.35841	0.1661
623 A	0.44918	0.39698	0.15383
624 A	0.42993	0.41636	0.15372
625 G	0.42525	0.42060	0.15415
626 A	0.42223	0.42254	0.15522
627 A	0.42821	0.41495	0.15685
628 C	0.44083	0.39971	0.15946
629 C	0.46450	0.37517	0.16033
630 T	0.49199	0.34823	0.15979
631 T	0.50667	0.33543	0.15789
632 T	0.51197	0.33145	0.15657
633 A	0.51145	0.33333	0.15522
634 T	0.51593	0.32827	0.1558
635 T	0.51540	0.32515	0.15945
636 A	0.50772	0.33153	0.16074
637 A	0.50295	0.33518	0.16187
638 A	0.50380	0.32886	0.16735
639 A	0.50486	0.32283	0.17231
640 A	0.51016	0.31252	0.17733
641 A	0.53309	0.27991	0.187
642 T	0.56243	0.21912	0.21844
643 T	0.57481	0.18707	0.23811
644 T	0.58221	0.15514	0.26264
645 T	0.58662	0.11724	0.29614
646 T	0.59022	0.09151	0.31828
647 T	0.59021	0.07724	0.33255
648 A	0.58915	0.07476	0.33609
649 T	0.58826	0.06957	0.34218
650 T	0.58667	0.06963	0.3437
651 A	0.58528	0.07137	0.34336
652 G	0.58465	0.07112	0.34423
653 G	0.58524	0.07085	0.34391
654 T	0.58743	0.07065	0.34192
655 T	0.58887	0.07436	0.33677
656 T	0.58804	0.09394	0.31801
657 T	0.58202	0.12528	0.2927
658 A	0.56939	0.17397	0.25664
659 A	0.55902	0.21887	0.22211
660 A	0.54008	0.26853	0.19139
661 A	0.52632	0.31609	0.15759
662 T	0.52100	0.32884	0.15016
663 G	0.50365	0.36074	0.13561
664 A	0.49677	0.37981	0.12342
665 T	0.49649	0.38366	0.11985
666 T	0.49442	0.38888	0.1167
667 T	0.49002	0.39514	0.11484
668 T	0.48199	0.40553	0.11248
669 T	0.46716	0.42063	0.11221
670 A	0.41396	0.47429	0.11175
671 A	0.38335	0.50473	0.11192
672 A	0.34966	0.53857	0.11176
673 C	0.31616	0.57096	0.11288
674 A	0.27662	0.61094	0.11244
675 A	0.24700	0.64089	0.11211
676 A	0.22462	0.66332	0.11206
677 C	0.21655	0.67085	0.1126
678 A	0.21538	0.67256	0.11206
679 A	0.23511	0.65127	0.11362
680 A	0.26175	0.61900	0.11925
681 A	0.29604	0.57294	0.13102
682 G	0.33324	0.52606	0.1407
683 A	0.37189	0.46668	0.16142
684 T	0.41637	0.40570	0.17793
685 A	0.42565	0.38703	0.18732
686 T	0.44098	0.35138	0.20764
687 T	0.44806	0.33429	0.21765
688 T	0.44845	0.33222	0.21934
689 T	0.43410	0.35364	0.21226
690 G	0.38533	0.42080	0.19387
691 A	0.36408	0.44867	0.18725
692 A	0.34318	0.46637	0.19045
693 G	0.31856	0.44924	0.2322
694 A	0.29861	0.45173	0.24966
695 A	0.28420	0.44229	0.27351
696 A	0.27790	0.42004	0.30205
697 G	0.27713	0.39250	0.33037
698 A	0.27726	0.36428	0.35846
699 T	0.27786	0.33986	0.38228
700 G	0.27748	0.32753	0.39499
701 G	0.27759	0.31765	0.40476
702 C	0.27760	0.31459	0.40781
703 G	0.27805	0.31463	0.40732
704 T	0.27890	0.31548	0.40562
705 T	0.27910	0.32014	0.40075
706 C	0.27783	0.33395	0.38823
707 A	0.27691	0.39295	0.33014
708 A	0.27644	0.43529	0.28827
709 G	0.27388	0.48194	0.24418
710 A	0.27387	0.53634	0.18978
711 A	0.27946	0.55870	0.16184
712 A	0.29649	0.53260	0.17091
713 T	0.32632	0.45779	0.21588
714 T	0.33587	0.43263	0.2315
715 A	0.33338	0.42046	0.24615
716 A	0.33364	0.40098	0.26537
717 A	0.33990	0.37953	0.28057
718 G	0.34679	0.35884	0.29437
719 C	0.35738	0.34331	0.29932
720 T	0.36768	0.33661	0.29571
721 T	0.36883	0.35130	0.27987
722 T	0.36751	0.36135	0.27114
723 A	0.34956	0.38255	0.26789
724 G	0.33209	0.40134	0.26658
725 G	0.32060	0.41413	0.26527
726 C	0.31904	0.41948	0.26148
727 G	0.32093	0.43989	0.23918
728 A	0.32805	0.44168	0.23026
729 A	0.34432	0.43083	0.22486
730 A	0.39893	0.38485	0.21621
731 A	0.44142	0.34729	0.21129
732 A	0.49198	0.29933	0.20868
733 T	0.54984	0.24104	0.20912
734 T	0.57338	0.21711	0.20951
735 T	0.57879	0.21160	0.20961
736 A	0.57717	0.21278	0.21004
737 A	0.57897	0.20798	0.21306
738 T	0.57661	0.20345	0.21995
739 C	0.55795	0.21857	0.22348
740 C	0.54855	0.22835	0.2231
741 T	0.54190	0.24265	0.21545
742 G	0.51343	0.28268	0.20389
743 A	0.49313	0.32315	0.18372
744 A	0.48235	0.33719	0.18047
745 T	0.48193	0.33638	0.18168
746 T	0.47718	0.32497	0.19785
747 T	0.47204	0.31212	0.21584
748 C	0.46411	0.30899	0.2269
749 A	0.45870	0.31504	0.22627
750 T	0.46970	0.30463	0.22567
751 C	0.46647	0.30753	0.226
752 A	0.46626	0.30864	0.2251
753 T	0.46757	0.30777	0.22465
754 G	0.46407	0.31169	0.22424
755 C	0.46361	0.31517	0.22122
756 A	0.45570	0.33142	0.21288
757 A	0.45393	0.34170	0.20438
758 T	0.45230	0.34315	0.20455
759 T	0.44241	0.35338	0.20421
760 G	0.41341	0.39474	0.19185
761 A	0.38514	0.43130	0.18356
762 A	0.37696	0.42735	0.19569
763 A	0.37564	0.42228	0.20207
764 A	0.38046	0.41212	0.20742
765 A	0.38948	0.38692	0.2236
766 A	0.40716	0.34556	0.24729
767 T	0.41101	0.31308	0.27591
768 A	0.40633	0.30870	0.28497
769 T	0.40727	0.30219	0.29054
770 C	0.40002	0.31103	0.28895
771 A	0.38806	0.36485	0.24709
772 G	0.35120	0.41721	0.23159
773 A	0.32318	0.45959	0.21723
774 T	0.29679	0.50079	0.20241
775 A	0.22000	0.60663	0.17337
776 A	0.20194	0.64465	0.15341
777 A	0.18744	0.66616	0.1464
778 A	0.18127	0.67278	0.14594
779 A	0.18342	0.66875	0.14783
780 T	0.19523	0.65269	0.15209
781 A	0.19390	0.65041	0.15569
782 A	0.19385	0.63965	0.16649
783 A	0.19826	0.60829	0.19345
784 C	0.20598	0.57279	0.22123
785 C	0.21156	0.56314	0.22529
786 A	0.20650	0.56859	0.22491
787 A	0.20892	0.56571	0.22537
788 A	0.21390	0.56022	0.22588
789 C	0.21428	0.55935	0.22637
790 G	0.21575	0.55840	0.22585
791 G	0.22711	0.54451	0.22838
792 A	0.24072	0.54528	0.214
793 A	0.25993	0.54160	0.19848
794 T	0.31058	0.48391	0.20551
795 T	0.33150	0.42201	0.24649
796 A	0.33763	0.39002	0.27235
797 A	0.34822	0.34957	0.30221
798 C	0.37135	0.25385	0.3748
799 T	0.39533	0.21785	0.38682
800 T	0.40138	0.20280	0.39582
801 A	0.40097	0.19814	0.4009
802 G	0.40451	0.19029	0.4052
803 C	0.40366	0.18989	0.40645
804 A	0.40209	0.18946	0.40845
805 G	0.40114	0.18670	0.41216
806 T	0.40326	0.18198	0.41476
807 T	0.40307	0.19166	0.40528
808 A	0.39972	0.21077	0.38951
809 T	0.39744	0.25808	0.34449
810 A	0.38974	0.33128	0.27898
811 G	0.37392	0.39256	0.23353
812 A	0.36776	0.46072	0.17152
813 A	0.36335	0.47759	0.15906
814 A	0.36236	0.48555	0.15209
815 A	0.37794	0.47290	0.14916
816 A	0.39808	0.45318	0.14874
817 G	0.40374	0.44477	0.1515
818 G	0.41146	0.43354	0.155
819 T	0.42450	0.41757	0.15793
820 T	0.43181	0.40751	0.16068
821 T	0.43553	0.40150	0.16297
822 T	0.43653	0.39968	0.16379
823 T	0.43690	0.39723	0.16587
824 T	0.43656	0.39408	0.16936
825 A	0.43556	0.39348	0.17095
826 T	0.43552	0.39113	0.17336
827 A	0.43361	0.39178	0.17461
828 C	0.43352	0.38865	0.17783
829 A	0.43538	0.38875	0.17587
830 A	0.44735	0.37787	0.17478
831 A	0.46522	0.35948	0.17529
832 G	0.53731	0.28535	0.17734
833 A	0.61437	0.20357	0.18207
834 T	0.67310	0.12848	0.19841
835 T	0.71614	0.07973	0.20413
836 T	0.72236	0.06896	0.20869
837 A	0.71836	0.07421	0.20742
838 G	0.71553	0.07974	0.20473
839 T	0.71295	0.08850	0.19855
840 T	0.68748	0.12662	0.1859
841 A	0.65536	0.16682	0.17781
842 T	0.62749	0.20998	0.16253
843 T	0.54677	0.29762	0.15561
844 A	0.36210	0.48292	0.15498
845 A	0.27360	0.57137	0.15502
846 A	0.23694	0.60777	0.15529
847 C	0.21645	0.62582	0.15773
848 C	0.20166	0.64106	0.15728
849 A	0.18863	0.65431	0.15706
850 G	0.16772	0.67483	0.15745
851 C	0.15597	0.68699	0.15703
852 A	0.14800	0.69649	0.15552
853 A	0.14680	0.69927	0.15394
854 T	0.14812	0.69680	0.15508
855 G	0.14676	0.69835	0.15489
856 G	0.14698	0.70006	0.15296
857 T	0.14893	0.69812	0.15295
858 A	0.14755	0.70034	0.15211
859 A	0.14726	0.70174	0.151
860 A	0.15065	0.69171	0.15765
861 A	0.15507	0.67730	0.16763
862 A	0.16210	0.65871	0.17919
863 T	0.17496	0.59705	0.22799
864 A	0.17928	0.55519	0.26554
865 A	0.19223	0.49587	0.31189
866 A	0.19751	0.40326	0.39924
867 C	0.19689	0.23213	0.57099
868 G	0.19492	0.16921	0.63586
869 A	0.19149	0.15864	0.64986
870 A	0.18852	0.16222	0.64926
871 T	0.18756	0.16821	0.64423
872 G	0.18422	0.18094	0.63485
873 G	0.18150	0.18653	0.63197
874 A	0.17726	0.22882	0.59392
875 G	0.17476	0.30748	0.51776
876 T	0.17505	0.43509	0.38985
877 G	0.14972	0.60361	0.24667
878 A	0.15014	0.64330	0.20656
879 T	0.15256	0.65930	0.18814
880 A	0.15200	0.66514	0.18286
881 A	0.15358	0.66363	0.18278
882 T	0.15699	0.65883	0.18418
883 T	0.15816	0.65629	0.18554
884 C	0.15859	0.65498	0.18643
885 A	0.15910	0.65431	0.18659
886 A	0.15932	0.65389	0.18679
887 A	0.15968	0.65285	0.18747
888 T	0.16044	0.65132	0.18824
889 G	0.16123	0.64988	0.18888
890 A	0.16284	0.64653	0.19062
891 A	0.16668	0.64024	0.19308
892 A	0.17475	0.62744	0.19781
893 A	0.19029	0.60774	0.20196
894 C	0.21547	0.57669	0.20784
895 A	0.24244	0.54669	0.21086
896 A	0.28996	0.49573	0.2143
897 A	0.36592	0.41499	0.21909
898 T	0.48903	0.28729	0.22368
899 A	0.60195	0.17199	0.22606
900 A	0.74329	0.00000	0.25671
