# lcl|CP097583.1_cds_USQ93250.1_1
# AA	inside	membr	outside
1 A	0.10173	0.00000	0.89828
2 T	0.10030	0.00143	0.89828
3 G	0.09946	0.00227	0.89828
4 G	0.09946	0.00509	0.89546
5 A	0.09314	0.01331	0.89356
6 A	0.09314	0.01362	0.89325
7 A	0.08588	0.02097	0.89315
8 A	0.08588	0.02097	0.89315
9 A	0.08560	0.02127	0.89314
10 A	0.08560	0.02137	0.89304
11 T	0.08559	0.02138	0.89303
12 T	0.08535	0.02163	0.89303
13 A	0.08496	0.02202	0.89302
14 C	0.08496	0.02202	0.89302
15 T	0.08496	0.02223	0.89282
16 A	0.08494	0.02224	0.89282
17 T	0.08493	0.02226	0.89281
18 T	0.08493	0.02229	0.89278
19 A	0.08490	0.02235	0.89276
20 T	0.08484	0.02257	0.89259
21 T	0.08462	0.02261	0.89278
22 G	0.08463	0.02231	0.89307
23 G	0.08472	0.02166	0.89362
24 T	0.08512	0.02089	0.89399
25 G	0.08537	0.01866	0.89596
26 G	0.08559	0.01753	0.89688
27 T	0.08810	0.01403	0.89787
28 G	0.08925	0.00858	0.90217
29 G	0.08949	0.00792	0.90259
30 T	0.08962	0.00282	0.90756
31 G	0.08962	0.00275	0.90763
32 C	0.08963	0.00265	0.90772
33 T	0.08963	0.00354	0.90683
34 T	0.08954	0.00458	0.90588
35 G	0.08915	0.00548	0.90537
36 G	0.08888	0.00602	0.9051
37 G	0.08874	0.00626	0.905
38 G	0.08862	0.00642	0.90496
39 G	0.08839	0.00679	0.90482
40 G	0.08830	0.00688	0.90483
41 C	0.08831	0.00686	0.90483
42 G	0.08833	0.00725	0.90442
43 A	0.08859	0.00731	0.90411
44 C	0.08862	0.00741	0.90396
45 T	0.08873	0.00767	0.9036
46 T	0.08873	0.00784	0.90343
47 T	0.08870	0.00800	0.90331
48 A	0.08862	0.00808	0.90331
49 G	0.08861	0.00809	0.9033
50 C	0.08868	0.00799	0.90333
51 T	0.08868	0.00800	0.90332
52 C	0.08861	0.00814	0.90324
53 A	0.08865	0.00829	0.90305
54 A	0.08884	0.00827	0.90289
55 G	0.08914	0.00816	0.9027
56 T	0.09024	0.00731	0.90245
57 T	0.09104	0.00685	0.9021
58 T	0.09137	0.00650	0.90213
59 T	0.09041	0.00798	0.90161
60 A	0.08752	0.01129	0.90119
61 G	0.08560	0.01329	0.90112
62 A	0.08427	0.01493	0.9008
63 T	0.08290	0.01668	0.90042
64 G	0.08048	0.01945	0.90007
65 A	0.07976	0.02057	0.89968
66 T	0.07940	0.02109	0.89952
67 A	0.07790	0.02264	0.89947
68 A	0.07716	0.02337	0.89947
69 T	0.07683	0.02366	0.89951
70 T	0.07525	0.02521	0.89954
71 C	0.07357	0.02683	0.89961
72 G	0.07070	0.02969	0.89962
73 A	0.06746	0.03296	0.89958
74 A	0.06531	0.03508	0.89961
75 T	0.06039	0.03993	0.89967
76 C	0.05393	0.04640	0.89968
77 A	0.04901	0.05142	0.89956
78 A	0.04582	0.05470	0.89948
79 G	0.04481	0.05565	0.89953
80 T	0.04438	0.05595	0.89967
81 A	0.04382	0.05643	0.89976
82 T	0.04420	0.05446	0.90134
83 T	0.04316	0.05294	0.90389
84 A	0.04152	0.05297	0.90552
85 A	0.03960	0.05358	0.90683
86 T	0.03925	0.05233	0.90842
87 T	0.03806	0.05150	0.91044
88 T	0.03575	0.05286	0.91138
89 A	0.03344	0.05462	0.91193
90 T	0.03163	0.05489	0.91349
91 G	0.02896	0.05679	0.91424
92 A	0.02785	0.05757	0.91458
93 T	0.02733	0.05639	0.91628
94 A	0.02606	0.05678	0.91716
95 A	0.02549	0.05509	0.91942
96 T	0.02502	0.05268	0.9223
97 A	0.02442	0.05119	0.92439
98 A	0.02409	0.04576	0.93015
99 T	0.02389	0.03996	0.93615
100 A	0.02325	0.03648	0.94026
101 T	0.02328	0.03337	0.94336
102 T	0.02303	0.03253	0.94443
103 G	0.02231	0.03271	0.94498
104 A	0.02209	0.03362	0.94428
105 A	0.02209	0.03402	0.9439
106 T	0.02223	0.03324	0.94453
107 A	0.02219	0.03352	0.94429
108 T	0.02231	0.03283	0.94486
109 A	0.02187	0.03726	0.94087
110 T	0.02021	0.04488	0.93492
111 T	0.01877	0.05455	0.92667
112 A	0.01542	0.07775	0.90683
113 A	0.01326	0.08896	0.89778
114 A	0.01254	0.09503	0.89243
115 A	0.01245	0.10055	0.88701
116 A	0.01240	0.10265	0.88495
117 A	0.01277	0.10314	0.88408
118 A	0.01316	0.10348	0.88336
119 T	0.01356	0.10263	0.88381
120 A	0.01260	0.10313	0.88427
121 A	0.01200	0.10334	0.88466
122 A	0.01172	0.10316	0.88512
123 C	0.01160	0.10221	0.88618
124 G	0.01137	0.10230	0.88632
125 A	0.01149	0.10203	0.88648
126 A	0.01209	0.10114	0.88678
127 C	0.01319	0.09987	0.88694
128 A	0.01394	0.09915	0.88692
129 A	0.01508	0.09785	0.88707
130 A	0.01730	0.09536	0.88733
131 A	0.02055	0.09180	0.88766
132 A	0.02732	0.08434	0.88834
133 C	0.03768	0.07071	0.89161
134 A	0.04971	0.05716	0.89313
135 T	0.07248	0.03136	0.89616
136 C	0.08060	0.02159	0.89781
137 C	0.08645	0.01528	0.89826
138 T	0.09186	0.00981	0.89834
139 T	0.09385	0.00756	0.89859
140 T	0.09523	0.00606	0.89871
141 T	0.09596	0.00525	0.89879
142 T	0.09580	0.00526	0.89894
143 T	0.09528	0.00440	0.90032
144 T	0.09360	0.00525	0.90114
145 G	0.09122	0.00717	0.90161
146 A	0.08991	0.00814	0.90195
147 T	0.08894	0.00867	0.90239
148 G	0.08745	0.00986	0.90269
149 T	0.08653	0.01065	0.90282
150 T	0.08519	0.01191	0.90289
151 C	0.08440	0.01263	0.90297
152 G	0.08368	0.01354	0.90278
153 T	0.08325	0.01425	0.9025
154 T	0.08279	0.01479	0.90243
155 T	0.08220	0.01541	0.90239
156 A	0.08066	0.01701	0.90233
157 T	0.07965	0.01810	0.90225
158 C	0.07877	0.01901	0.90222
159 T	0.07620	0.02171	0.90209
160 G	0.06961	0.02852	0.90187
161 A	0.06593	0.03235	0.90172
162 T	0.06413	0.03423	0.90163
163 A	0.06129	0.03714	0.90157
164 A	0.06009	0.03813	0.90177
165 A	0.05957	0.03819	0.90225
166 A	0.05925	0.03766	0.90309
167 T	0.05901	0.03613	0.90486
168 T	0.05827	0.03483	0.9069
169 A	0.05644	0.03564	0.90791
170 A	0.05510	0.03610	0.9088
171 A	0.05396	0.03586	0.91018
172 G	0.05365	0.03470	0.91164
173 C	0.05352	0.03316	0.91333
174 G	0.05347	0.03263	0.9139
175 A	0.05363	0.03210	0.91427
176 C	0.05390	0.03145	0.91465
177 T	0.05398	0.03129	0.91472
178 G	0.05398	0.03112	0.91489
179 A	0.05400	0.02981	0.91619
180 T	0.05411	0.02871	0.91718
181 G	0.05413	0.02831	0.91756
182 A	0.05423	0.02558	0.92018
183 T	0.05447	0.01829	0.92724
184 T	0.05457	0.01444	0.93099
185 T	0.05456	0.01352	0.93192
186 A	0.05447	0.01434	0.93119
187 G	0.05437	0.01845	0.92718
188 A	0.05432	0.02154	0.92414
189 A	0.05420	0.02270	0.92309
190 A	0.05379	0.02297	0.92324
191 A	0.05364	0.02238	0.92399
192 A	0.05347	0.02074	0.92578
193 G	0.05346	0.01936	0.92717
194 C	0.05355	0.01823	0.92822
195 A	0.05359	0.01805	0.92836
196 C	0.05369	0.01784	0.92847
197 T	0.05389	0.01768	0.92844
198 T	0.05401	0.01755	0.92844
199 T	0.05405	0.01751	0.92845
200 G	0.05410	0.01743	0.92847
201 T	0.05421	0.01729	0.9285
202 C	0.05434	0.01708	0.92858
203 A	0.05449	0.01691	0.9286
204 T	0.05497	0.01638	0.92864
205 T	0.05541	0.01590	0.92869
206 C	0.05564	0.01563	0.92873
207 C	0.05603	0.01523	0.92874
208 G	0.05687	0.01434	0.92878
209 A	0.05928	0.01188	0.92884
210 T	0.06439	0.00670	0.92892
211 T	0.06752	0.00353	0.92895
212 A	0.06867	0.00227	0.92906
213 T	0.06902	0.00140	0.92958
214 A	0.06917	0.00099	0.92983
215 T	0.06925	0.00069	0.93006
216 T	0.06926	0.00063	0.93011
217 T	0.06922	0.00077	0.93001
218 T	0.06876	0.00134	0.9299
219 T	0.06764	0.00265	0.92972
220 T	0.06556	0.00475	0.92969
221 T	0.06303	0.00732	0.92965
222 A	0.05782	0.01262	0.92956
223 T	0.05604	0.01449	0.92947
224 C	0.05387	0.01681	0.92933
225 T	0.05200	0.01885	0.92916
226 A	0.04832	0.02260	0.92908
227 T	0.04708	0.02386	0.92906
228 T	0.04471	0.02624	0.92904
229 C	0.04092	0.03004	0.92905
230 C	0.03690	0.03405	0.92905
231 T	0.03459	0.03636	0.92905
232 A	0.03214	0.03881	0.92905
233 C	0.03122	0.03974	0.92905
234 A	0.03043	0.04053	0.92904
235 C	0.02980	0.04117	0.92903
236 A	0.02932	0.04170	0.92898
237 A	0.02918	0.04189	0.92893
238 A	0.02901	0.04212	0.92887
239 A	0.02890	0.04223	0.92887
240 T	0.02887	0.04216	0.92897
241 A	0.02854	0.04143	0.93003
242 T	0.02797	0.03984	0.9322
243 G	0.02615	0.03912	0.93473
244 A	0.02443	0.03879	0.93678
245 G	0.02370	0.03569	0.94061
246 A	0.02331	0.03578	0.9409
247 A	0.02313	0.03610	0.94077
248 A	0.02313	0.03511	0.94176
249 T	0.02312	0.03174	0.94515
250 T	0.02300	0.03103	0.94597
251 T	0.02280	0.02898	0.94821
252 A	0.02239	0.02672	0.95089
253 T	0.02220	0.02352	0.95428
254 T	0.02161	0.02210	0.95629
255 C	0.02047	0.02140	0.95813
256 A	0.01980	0.02190	0.9583
257 A	0.01938	0.02203	0.95859
258 A	0.01908	0.02202	0.95889
259 C	0.01899	0.02172	0.95928
260 A	0.01896	0.02181	0.95923
261 A	0.01886	0.02181	0.95934
262 A	0.01893	0.02176	0.95931
263 T	0.01914	0.02163	0.95922
264 T	0.01930	0.02189	0.95882
265 A	0.01929	0.02194	0.95877
266 A	0.01942	0.02102	0.95955
267 T	0.01981	0.01997	0.96023
268 A	0.01947	0.02179	0.95874
269 A	0.02028	0.02156	0.95816
270 T	0.02263	0.01947	0.9579
271 A	0.02341	0.01910	0.95748
272 T	0.02427	0.01826	0.95748
273 T	0.02455	0.01799	0.95746
274 T	0.02421	0.01803	0.95776
275 T	0.02355	0.01826	0.95819
276 A	0.02224	0.01940	0.95836
277 A	0.02160	0.01952	0.95887
278 C	0.02118	0.01888	0.95994
279 T	0.02097	0.01885	0.96018
280 T	0.02023	0.01955	0.96022
281 T	0.01890	0.02077	0.96034
282 A	0.01671	0.02292	0.96037
283 A	0.01613	0.02345	0.96041
284 G	0.01595	0.02342	0.96063
285 C	0.01607	0.02318	0.96074
286 A	0.01642	0.02288	0.9607
287 A	0.01734	0.02201	0.96066
288 A	0.01840	0.02093	0.96067
289 A	0.01950	0.01982	0.96068
290 A	0.02069	0.01856	0.96075
291 T	0.02321	0.01526	0.96154
292 T	0.02423	0.01379	0.96198
293 T	0.02480	0.01289	0.96231
294 T	0.02516	0.01225	0.9626
295 A	0.02517	0.01205	0.96278
296 T	0.02526	0.01149	0.96325
297 T	0.02511	0.01118	0.9637
298 A	0.02457	0.01109	0.96433
299 A	0.02439	0.01011	0.9655
300 T	0.02436	0.00915	0.96648
301 G	0.02399	0.00863	0.96738
302 T	0.02369	0.00803	0.96828
303 T	0.02268	0.00804	0.96927
304 T	0.02150	0.00815	0.97035
305 C	0.01988	0.00851	0.97161
306 G	0.01776	0.01093	0.97132
307 A	0.01582	0.01367	0.97051
308 A	0.01500	0.01496	0.97004
309 A	0.01433	0.01609	0.96958
310 G	0.01389	0.01727	0.96884
311 G	0.01364	0.01762	0.96874
312 T	0.01346	0.01810	0.96843
313 A	0.01313	0.01882	0.96806
314 T	0.01296	0.01910	0.96794
315 C	0.01267	0.01951	0.96783
316 G	0.01251	0.02004	0.96746
317 A	0.01244	0.02043	0.96714
318 A	0.01244	0.02053	0.96702
319 T	0.01249	0.02058	0.96693
320 T	0.01251	0.02052	0.96697
321 T	0.01250	0.02005	0.96745
322 A	0.01236	0.02009	0.96755
323 A	0.01234	0.02012	0.96755
324 A	0.01225	0.02002	0.96772
325 A	0.01223	0.01951	0.96827
326 G	0.01222	0.01817	0.96962
327 T	0.01227	0.01699	0.97074
328 A	0.01214	0.01595	0.97191
329 A	0.01250	0.01395	0.97355
330 T	0.01328	0.01155	0.97517
331 A	0.01364	0.01055	0.97581
332 A	0.01410	0.00951	0.97639
333 A	0.01490	0.00824	0.97685
334 A	0.01534	0.00754	0.97712
335 T	0.01600	0.00663	0.97736
336 T	0.01650	0.00595	0.97754
337 A	0.01661	0.00570	0.9777
338 T	0.01675	0.00531	0.97794
339 T	0.01680	0.00509	0.97811
340 T	0.01667	0.00508	0.97825
341 C	0.01566	0.00599	0.97834
342 T	0.01487	0.00678	0.97835
343 C	0.01442	0.00723	0.97835
344 A	0.01415	0.00755	0.97829
345 G	0.01413	0.00757	0.97831
346 A	0.01440	0.00732	0.97828
347 T	0.01485	0.00679	0.97836
348 T	0.01510	0.00654	0.97837
349 A	0.01508	0.00644	0.97849
350 T	0.01514	0.00621	0.97865
351 T	0.01461	0.00648	0.97891
352 A	0.01297	0.00800	0.97903
353 C	0.01146	0.00940	0.97913
354 A	0.00951	0.01148	0.97902
355 G	0.00833	0.01273	0.97893
356 A	0.00735	0.01376	0.97889
357 A	0.00651	0.01465	0.97884
358 G	0.00606	0.01515	0.97879
359 A	0.00579	0.01544	0.97876
360 A	0.00559	0.01562	0.97879
361 A	0.00549	0.01553	0.97898
362 T	0.00547	0.01516	0.97936
363 A	0.00537	0.01482	0.97981
364 T	0.00532	0.01368	0.98099
365 C	0.00518	0.01292	0.9819
366 T	0.00509	0.01275	0.98216
367 G	0.00487	0.01282	0.98231
368 C	0.00479	0.01283	0.98238
369 T	0.00471	0.01292	0.98237
370 G	0.00451	0.01313	0.98236
371 A	0.00443	0.01318	0.98239
372 T	0.00441	0.01309	0.9825
373 A	0.00438	0.01306	0.98256
374 A	0.00438	0.01230	0.98332
375 A	0.00441	0.01062	0.98497
376 A	0.00445	0.00893	0.98662
377 T	0.00463	0.00671	0.98867
378 T	0.00474	0.00545	0.98981
379 A	0.00478	0.00458	0.99064
380 A	0.00483	0.00377	0.9914
381 A	0.00488	0.00321	0.99191
382 A	0.00496	0.00268	0.99235
383 A	0.00508	0.00223	0.99269
384 T	0.00514	0.00187	0.99299
385 T	0.00517	0.00170	0.99313
386 A	0.00519	0.00152	0.99328
387 T	0.00521	0.00132	0.99347
388 G	0.00522	0.00110	0.99368
389 T	0.00525	0.00093	0.99382
390 T	0.00528	0.00071	0.99401
391 T	0.00530	0.00058	0.99412
392 T	0.00531	0.00046	0.99422
393 T	0.00531	0.00030	0.99439
394 C	0.00530	0.00023	0.99447
395 T	0.00529	0.00023	0.99448
396 T	0.00523	0.00028	0.99448
397 G	0.00500	0.00051	0.99449
398 C	0.00482	0.00070	0.99448
399 T	0.00468	0.00084	0.99447
400 G	0.00448	0.00105	0.99447
401 G	0.00439	0.00113	0.99447
402 A	0.00438	0.00114	0.99448
403 C	0.00438	0.00113	0.99448
404 C	0.00439	0.00112	0.99448
405 T	0.00441	0.00111	0.99448
406 T	0.00441	0.00111	0.99448
407 C	0.00440	0.00111	0.99448
408 T	0.00439	0.00112	0.99448
409 C	0.00438	0.00114	0.99448
410 A	0.00437	0.00115	0.99448
411 T	0.00436	0.00116	0.99448
412 G	0.00431	0.00120	0.99448
413 C	0.00426	0.00125	0.99449
414 T	0.00422	0.00131	0.99447
415 G	0.00413	0.00140	0.99447
416 A	0.00408	0.00145	0.99447
417 G	0.00405	0.00147	0.99449
418 G	0.00404	0.00147	0.99448
419 A	0.00404	0.00140	0.99456
420 A	0.00405	0.00116	0.9948
421 G	0.00406	0.00094	0.995
422 T	0.00406	0.00080	0.99514
423 T	0.00406	0.00063	0.99531
424 G	0.00406	0.00056	0.99538
425 T	0.00406	0.00053	0.99541
426 T	0.00406	0.00053	0.99542
427 T	0.00406	0.00054	0.9954
428 T	0.00405	0.00060	0.99535
429 G	0.00402	0.00076	0.99522
430 A	0.00402	0.00091	0.99507
431 G	0.00401	0.00097	0.99501
432 A	0.00400	0.00103	0.99497
433 A	0.00400	0.00106	0.99493
434 A	0.00400	0.00106	0.99494
435 A	0.00401	0.00101	0.99498
436 G	0.00401	0.00094	0.99505
437 T	0.00403	0.00087	0.99509
438 T	0.00405	0.00079	0.99516
439 A	0.00405	0.00074	0.99521
440 C	0.00406	0.00071	0.99523
441 T	0.00408	0.00069	0.99523
442 T	0.00408	0.00069	0.99523
443 T	0.00408	0.00069	0.99523
444 T	0.00408	0.00069	0.99522
445 T	0.00407	0.00071	0.99522
446 T	0.00404	0.00074	0.99522
447 A	0.00397	0.00082	0.99522
448 A	0.00392	0.00086	0.99522
449 C	0.00384	0.00094	0.99523
450 A	0.00381	0.00096	0.99522
451 G	0.00386	0.00091	0.99524
452 C	0.00401	0.00074	0.99525
453 T	0.00416	0.00059	0.99526
454 T	0.00421	0.00053	0.99526
455 C	0.00425	0.00049	0.99526
456 T	0.00428	0.00046	0.99526
457 T	0.00428	0.00046	0.99526
458 C	0.00428	0.00046	0.99526
459 T	0.00425	0.00049	0.99526
460 T	0.00418	0.00056	0.99525
461 T	0.00403	0.00073	0.99525
462 A	0.00355	0.00121	0.99523
463 A	0.00319	0.00158	0.99523
464 A	0.00297	0.00179	0.99524
465 T	0.00285	0.00189	0.99525
466 C	0.00275	0.00197	0.99528
467 A	0.00269	0.00203	0.99529
468 A	0.00266	0.00205	0.9953
469 G	0.00265	0.00204	0.99532
470 A	0.00265	0.00201	0.99535
471 A	0.00262	0.00202	0.99537
472 T	0.00260	0.00193	0.99547
473 T	0.00258	0.00189	0.99553
474 T	0.00256	0.00189	0.99555
475 G	0.00253	0.00190	0.99557
476 C	0.00252	0.00191	0.99557
477 T	0.00251	0.00193	0.99556
478 T	0.00249	0.00195	0.99556
479 T	0.00245	0.00199	0.99556
480 A	0.00233	0.00211	0.99555
481 A	0.00226	0.00219	0.99554
482 A	0.00223	0.00217	0.9956
483 A	0.00221	0.00208	0.99571
484 A	0.00221	0.00188	0.99591
485 T	0.00221	0.00140	0.99639
486 T	0.00217	0.00108	0.99675
487 G	0.00207	0.00099	0.99693
488 C	0.00202	0.00096	0.99702
489 T	0.00198	0.00099	0.99704
490 A	0.00191	0.00108	0.99702
491 A	0.00187	0.00111	0.99702
492 A	0.00186	0.00111	0.99703
493 A	0.00187	0.00110	0.99702
494 T	0.00188	0.00104	0.99707
495 G	0.00188	0.00102	0.99711
496 T	0.00189	0.00098	0.99713
497 T	0.00189	0.00098	0.99713
498 T	0.00189	0.00101	0.99711
499 T	0.00187	0.00107	0.99706
500 T	0.00186	0.00111	0.99703
501 T	0.00182	0.00115	0.99703
502 A	0.00179	0.00118	0.99703
503 A	0.00177	0.00113	0.9971
504 T	0.00177	0.00108	0.99715
505 A	0.00176	0.00108	0.99716
506 A	0.00175	0.00107	0.99717
507 A	0.00175	0.00105	0.99719
508 A	0.00176	0.00103	0.99721
509 A	0.00177	0.00098	0.99725
510 T	0.00181	0.00084	0.99736
511 T	0.00182	0.00077	0.99741
512 A	0.00184	0.00071	0.99745
513 T	0.00186	0.00064	0.9975
514 T	0.00183	0.00065	0.99752
515 T	0.00177	0.00070	0.99753
516 A	0.00163	0.00084	0.99753
517 A	0.00159	0.00089	0.99753
518 A	0.00156	0.00091	0.99753
519 A	0.00155	0.00092	0.99754
520 G	0.00158	0.00087	0.99755
521 T	0.00166	0.00077	0.99757
522 T	0.00172	0.00068	0.9976
523 T	0.00173	0.00064	0.99762
524 C	0.00172	0.00062	0.99766
525 T	0.00172	0.00061	0.99768
526 A	0.00170	0.00061	0.99769
527 C	0.00170	0.00060	0.9977
528 C	0.00171	0.00059	0.9977
529 T	0.00172	0.00058	0.9977
530 C	0.00172	0.00058	0.99771
531 T	0.00172	0.00058	0.9977
532 A	0.00169	0.00061	0.9977
533 A	0.00167	0.00063	0.9977
534 T	0.00166	0.00063	0.99771
535 G	0.00165	0.00064	0.99772
536 A	0.00165	0.00060	0.99775
537 T	0.00166	0.00053	0.9978
538 G	0.00167	0.00047	0.99786
539 T	0.00168	0.00036	0.99797
540 A	0.00168	0.00033	0.99799
541 A	0.00168	0.00030	0.99802
542 T	0.00168	0.00027	0.99804
543 A	0.00168	0.00026	0.99806
544 G	0.00168	0.00025	0.99807
545 G	0.00168	0.00023	0.99809
546 T	0.00168	0.00021	0.99811
547 T	0.00167	0.00019	0.99814
548 G	0.00166	0.00019	0.99816
549 C	0.00164	0.00019	0.99817
550 G	0.00163	0.00021	0.99816
551 A	0.00162	0.00023	0.99816
552 G	0.00162	0.00023	0.99815
553 A	0.00162	0.00024	0.99815
554 T	0.00162	0.00023	0.99815
555 A	0.00162	0.00020	0.99818
556 T	0.00162	0.00017	0.99821
557 G	0.00162	0.00016	0.99822
558 C	0.00163	0.00015	0.99823
559 G	0.00163	0.00014	0.99823
560 C	0.00164	0.00013	0.99823
561 T	0.00164	0.00013	0.99823
562 T	0.00165	0.00012	0.99823
563 C	0.00165	0.00012	0.99823
564 T	0.00166	0.00011	0.99823
565 T	0.00165	0.00011	0.99823
566 T	0.00165	0.00011	0.99824
567 T	0.00165	0.00012	0.99824
568 A	0.00165	0.00012	0.99824
569 A	0.00164	0.00012	0.99824
570 A	0.00164	0.00012	0.99824
571 A	0.00164	0.00011	0.99826
572 A	0.00164	0.00009	0.99827
573 T	0.00165	0.00007	0.99829
574 G	0.00165	0.00005	0.99829
575 C	0.00166	0.00005	0.99829
576 T	0.00167	0.00004	0.9983
577 T	0.00166	0.00004	0.9983
578 T	0.00166	0.00004	0.9983
579 G	0.00166	0.00005	0.9983
580 G	0.00166	0.00005	0.9983
581 C	0.00165	0.00005	0.9983
582 T	0.00165	0.00005	0.9983
583 T	0.00165	0.00006	0.99829
584 T	0.00165	0.00006	0.99829
585 G	0.00164	0.00006	0.99829
586 G	0.00164	0.00007	0.99829
587 T	0.00164	0.00007	0.9983
588 C	0.00164	0.00007	0.9983
589 A	0.00164	0.00007	0.9983
590 G	0.00164	0.00007	0.9983
591 T	0.00164	0.00007	0.9983
592 G	0.00163	0.00007	0.9983
593 G	0.00163	0.00007	0.9983
594 T	0.00163	0.00006	0.9983
595 A	0.00163	0.00006	0.9983
596 T	0.00163	0.00006	0.99831
597 G	0.00163	0.00006	0.99831
598 A	0.00163	0.00006	0.99831
599 T	0.00163	0.00006	0.99831
600 A	0.00163	0.00006	0.99831
601 G	0.00163	0.00006	0.99831
602 A	0.00163	0.00005	0.99831
603 T	0.00163	0.00005	0.99832
604 G	0.00163	0.00005	0.99832
605 G	0.00164	0.00005	0.99832
606 T	0.00164	0.00004	0.99832
607 G	0.00164	0.00004	0.99832
608 T	0.00164	0.00004	0.99832
609 T	0.00164	0.00004	0.99832
610 A	0.00164	0.00004	0.99832
611 A	0.00164	0.00004	0.99832
612 T	0.00165	0.00004	0.99832
613 T	0.00165	0.00004	0.99832
614 T	0.00165	0.00004	0.99831
615 T	0.00165	0.00004	0.99831
616 G	0.00165	0.00004	0.99831
617 C	0.00165	0.00004	0.99831
618 T	0.00164	0.00005	0.99831
619 T	0.00164	0.00005	0.99831
620 C	0.00163	0.00006	0.99831
621 T	0.00162	0.00007	0.99831
622 A	0.00161	0.00008	0.99831
623 A	0.00161	0.00008	0.99831
624 T	0.00161	0.00008	0.99831
625 G	0.00161	0.00008	0.99831
626 C	0.00161	0.00008	0.99831
627 T	0.00161	0.00008	0.99831
628 C	0.00161	0.00008	0.99831
629 G	0.00161	0.00008	0.99831
630 T	0.00161	0.00008	0.99831
631 T	0.00161	0.00008	0.99831
632 C	0.00161	0.00008	0.99831
633 A	0.00161	0.00008	0.99831
634 G	0.00162	0.00008	0.99831
635 C	0.00162	0.00007	0.99831
636 A	0.00162	0.00007	0.99831
637 T	0.00162	0.00007	0.99831
638 T	0.00163	0.00007	0.99831
639 T	0.00163	0.00007	0.9983
640 A	0.00162	0.00007	0.9983
641 T	0.00162	0.00006	0.99832
642 T	0.00162	0.00006	0.99832
643 A	0.00162	0.00006	0.99833
644 C	0.00162	0.00005	0.99833
645 T	0.00161	0.00006	0.99833
646 T	0.00160	0.00011	0.99829
647 T	0.00156	0.00021	0.99823
648 T	0.00149	0.00042	0.99809
649 G	0.00141	0.00059	0.998
650 G	0.00138	0.00070	0.99792
651 A	0.00136	0.00080	0.99785
652 A	0.00135	0.00081	0.99784
653 T	0.00134	0.00082	0.99784
654 T	0.00134	0.00083	0.99784
655 G	0.00133	0.00084	0.99783
656 C	0.00132	0.00085	0.99783
657 T	0.00132	0.00086	0.99782
658 G	0.00131	0.00088	0.99781
659 A	0.00131	0.00089	0.9978
660 A	0.00131	0.00089	0.99779
661 A	0.00131	0.00089	0.99779
662 T	0.00131	0.00089	0.99779
663 G	0.00131	0.00089	0.9978
664 A	0.00131	0.00089	0.9978
665 A	0.00131	0.00089	0.9978
666 A	0.00132	0.00088	0.99781
667 A	0.00132	0.00087	0.99781
668 A	0.00135	0.00083	0.99782
669 G	0.00140	0.00075	0.99785
670 A	0.00149	0.00063	0.99788
671 T	0.00167	0.00038	0.99795
672 T	0.00174	0.00024	0.99802
673 T	0.00179	0.00017	0.99804
674 T	0.00183	0.00012	0.99805
675 A	0.00183	0.00011	0.99806
676 T	0.00184	0.00010	0.99807
677 T	0.00185	0.00008	0.99807
678 T	0.00185	0.00007	0.99808
679 T	0.00186	0.00007	0.99808
680 T	0.00186	0.00006	0.99808
681 G	0.00186	0.00007	0.99807
682 T	0.00187	0.00006	0.99807
683 T	0.00187	0.00006	0.99807
684 T	0.00186	0.00007	0.99807
685 T	0.00185	0.00009	0.99807
686 C	0.00183	0.00011	0.99806
687 C	0.00182	0.00013	0.99805
688 A	0.00181	0.00015	0.99805
689 A	0.00181	0.00015	0.99805
690 G	0.00180	0.00016	0.99805
691 T	0.00180	0.00016	0.99805
692 C	0.00180	0.00016	0.99804
693 T	0.00180	0.00016	0.99804
694 A	0.00180	0.00017	0.99804
695 A	0.00180	0.00017	0.99804
696 T	0.00180	0.00016	0.99804
697 T	0.00180	0.00016	0.99804
698 C	0.00180	0.00016	0.99804
699 T	0.00180	0.00016	0.99804
700 A	0.00180	0.00016	0.99804
701 T	0.00180	0.00016	0.99804
702 C	0.00180	0.00017	0.99804
703 G	0.00180	0.00017	0.99804
704 A	0.00180	0.00016	0.99804
705 A	0.00180	0.00016	0.99804
706 A	0.00181	0.00015	0.99804
707 C	0.00181	0.00014	0.99805
708 T	0.00181	0.00012	0.99806
709 G	0.00182	0.00010	0.99808
710 T	0.00183	0.00009	0.99809
711 T	0.00183	0.00009	0.99808
712 T	0.00183	0.00012	0.99806
713 T	0.00183	0.00014	0.99804
714 G	0.00182	0.00015	0.99803
715 A	0.00182	0.00017	0.99802
716 G	0.00182	0.00018	0.99801
717 T	0.00182	0.00019	0.99799
718 T	0.00181	0.00020	0.99799
719 T	0.00181	0.00020	0.99798
720 A	0.00180	0.00022	0.99797
721 G	0.00180	0.00023	0.99797
722 C	0.00180	0.00024	0.99797
723 A	0.00179	0.00027	0.99794
724 G	0.00179	0.00030	0.9979
725 G	0.00179	0.00032	0.99789
726 A	0.00179	0.00035	0.99786
727 T	0.00180	0.00037	0.99784
728 T	0.00180	0.00037	0.99784
729 A	0.00179	0.00038	0.99782
730 G	0.00179	0.00039	0.99781
731 G	0.00179	0.00039	0.99781
732 A	0.00180	0.00040	0.9978
733 G	0.00180	0.00040	0.99779
734 A	0.00183	0.00039	0.99778
735 T	0.00187	0.00035	0.99777
736 T	0.00189	0.00033	0.99778
737 T	0.00190	0.00033	0.99777
738 A	0.00191	0.00033	0.99776
739 A	0.00191	0.00035	0.99774
740 C	0.00192	0.00034	0.99773
741 T	0.00193	0.00036	0.99771
742 G	0.00194	0.00035	0.99771
743 T	0.00196	0.00033	0.99772
744 T	0.00197	0.00032	0.99772
745 A	0.00197	0.00032	0.99771
746 C	0.00200	0.00029	0.99771
747 T	0.00204	0.00026	0.9977
748 G	0.00205	0.00028	0.99767
749 T	0.00209	0.00027	0.99765
750 T	0.00210	0.00027	0.99764
751 T	0.00210	0.00030	0.9976
752 T	0.00209	0.00033	0.99758
753 T	0.00208	0.00036	0.99756
754 A	0.00204	0.00044	0.99752
755 A	0.00202	0.00051	0.99747
756 T	0.00201	0.00055	0.99744
757 G	0.00200	0.00062	0.99738
758 A	0.00199	0.00067	0.99734
759 A	0.00199	0.00071	0.99729
760 A	0.00200	0.00071	0.99729
761 A	0.00202	0.00070	0.99729
762 T	0.00204	0.00067	0.99729
763 T	0.00205	0.00066	0.99729
764 C	0.00205	0.00066	0.99729
765 T	0.00203	0.00070	0.99727
766 C	0.00197	0.00078	0.99725
767 G	0.00191	0.00094	0.99716
768 T	0.00185	0.00112	0.99703
769 A	0.00175	0.00132	0.99693
770 A	0.00172	0.00139	0.99689
771 T	0.00175	0.00136	0.99688
772 T	0.00176	0.00136	0.99689
773 A	0.00173	0.00139	0.99688
774 T	0.00172	0.00139	0.99689
775 C	0.00169	0.00139	0.99692
776 A	0.00162	0.00147	0.9969
777 A	0.00160	0.00150	0.9969
778 G	0.00161	0.00149	0.99689
779 C	0.00163	0.00148	0.99689
780 T	0.00165	0.00152	0.99682
781 G	0.00160	0.00172	0.99668
782 G	0.00154	0.00202	0.99645
783 A	0.00144	0.00253	0.99603
784 A	0.00135	0.00320	0.99545
785 A	0.00131	0.00349	0.99519
786 A	0.00128	0.00368	0.99504
787 A	0.00129	0.00376	0.99496
788 A	0.00131	0.00378	0.9949
789 A	0.00135	0.00369	0.99496
790 A	0.00145	0.00354	0.99501
791 T	0.00157	0.00335	0.99508
792 T	0.00163	0.00320	0.99517
793 C	0.00164	0.00316	0.9952
794 G	0.00163	0.00328	0.99509
795 A	0.00162	0.00346	0.99492
796 A	0.00162	0.00353	0.99485
797 T	0.00162	0.00356	0.99483
798 G	0.00160	0.00359	0.99481
799 G	0.00161	0.00353	0.99485
800 G	0.00165	0.00352	0.99484
801 T	0.00169	0.00358	0.99474
802 A	0.00168	0.00386	0.99445
803 A	0.00177	0.00391	0.99432
804 A	0.00194	0.00383	0.99424
805 A	0.00218	0.00364	0.99418
806 A	0.00258	0.00331	0.99411
807 T	0.00320	0.00266	0.99414
808 T	0.00343	0.00255	0.99402
809 T	0.00354	0.00256	0.9939
810 A	0.00357	0.00256	0.99387
811 G	0.00361	0.00253	0.99386
812 A	0.00363	0.00253	0.99384
813 T	0.00365	0.00252	0.99383
814 C	0.00366	0.00254	0.9938
815 A	0.00369	0.00266	0.99365
816 A	0.00375	0.00274	0.99352
817 A	0.00387	0.00266	0.99346
818 T	0.00405	0.00250	0.99345
819 T	0.00408	0.00249	0.99343
820 T	0.00411	0.00247	0.99342
821 T	0.00413	0.00246	0.99341
822 G	0.00413	0.00246	0.99341
823 A	0.00416	0.00244	0.9934
824 A	0.00427	0.00233	0.99339
825 T	0.00457	0.00204	0.99339
826 C	0.00464	0.00197	0.99339
827 A	0.00471	0.00196	0.99333
828 A	0.00478	0.00196	0.99326
829 T	0.00496	0.00179	0.99325
830 C	0.00499	0.00176	0.99325
831 T	0.00512	0.00163	0.99325
832 A	0.00517	0.00158	0.99326
833 C	0.00518	0.00155	0.99327
834 T	0.00515	0.00158	0.99327
835 C	0.00500	0.00174	0.99326
836 A	0.00496	0.00184	0.9932
837 A	0.00497	0.00187	0.99316
838 G	0.00510	0.00176	0.99314
839 T	0.00524	0.00161	0.99314
840 T	0.00527	0.00159	0.99314
841 A	0.00504	0.00181	0.99315
842 T	0.00486	0.00195	0.99318
843 C	0.00453	0.00235	0.99312
844 G	0.00415	0.00300	0.99285
845 A	0.00388	0.00352	0.9926
846 A	0.00377	0.00380	0.99243
847 G	0.00374	0.00389	0.99238
848 G	0.00375	0.00392	0.99233
849 A	0.00376	0.00388	0.99235
850 A	0.00382	0.00378	0.9924
851 T	0.00390	0.00365	0.99245
852 T	0.00391	0.00362	0.99247
853 T	0.00391	0.00363	0.99246
854 A	0.00390	0.00362	0.99249
855 T	0.00390	0.00357	0.99254
856 A	0.00389	0.00354	0.99257
857 A	0.00390	0.00347	0.99263
858 C	0.00391	0.00328	0.99282
859 T	0.00397	0.00318	0.99285
860 T	0.00401	0.00315	0.99285
861 A	0.00401	0.00321	0.99278
862 A	0.00402	0.00322	0.99276
863 A	0.00404	0.00318	0.99278
864 A	0.00409	0.00280	0.99311
865 G	0.00419	0.00239	0.99342
866 T	0.00447	0.00179	0.99374
867 T	0.00479	0.00121	0.99399
868 T	0.00501	0.00097	0.99401
869 T	0.00511	0.00098	0.99391
870 T	0.00510	0.00132	0.99358
871 T	0.00502	0.00196	0.99302
872 A	0.00488	0.00296	0.99216
873 T	0.00481	0.00384	0.99136
874 A	0.00471	0.00464	0.99064
875 A	0.00467	0.00501	0.99032
876 T	0.00467	0.00514	0.99019
877 T	0.00462	0.00523	0.99016
878 T	0.00449	0.00538	0.99012
879 G	0.00432	0.00557	0.99011
880 G	0.00427	0.00564	0.99009
881 C	0.00425	0.00569	0.99006
882 A	0.00426	0.00576	0.98998
883 A	0.00429	0.00580	0.98991
884 T	0.00438	0.00579	0.98984
885 T	0.00440	0.00591	0.98969
886 A	0.00439	0.00603	0.98958
887 A	0.00440	0.00608	0.98953
888 A	0.00438	0.00614	0.98947
889 A	0.00441	0.00614	0.98945
890 A	0.00448	0.00608	0.98944
891 T	0.00477	0.00580	0.98943
892 A	0.00498	0.00563	0.98939
893 A	0.00538	0.00526	0.98935
894 A	0.00598	0.00468	0.98934
895 A	0.00685	0.00374	0.98942
896 T	0.00769	0.00281	0.98949
897 T	0.00828	0.00214	0.98958
898 T	0.00849	0.00192	0.9896
899 G	0.00854	0.00187	0.98959
900 T	0.00859	0.00177	0.98964
901 T	0.00859	0.00169	0.98972
902 T	0.00858	0.00160	0.98982
903 A	0.00830	0.00185	0.98985
904 C	0.00815	0.00199	0.98986
905 C	0.00811	0.00208	0.98981
906 G	0.00806	0.00236	0.98958
907 A	0.00810	0.00253	0.98937
908 T	0.00823	0.00251	0.98927
909 T	0.00826	0.00264	0.9891
910 A	0.00822	0.00282	0.98896
911 T	0.00822	0.00284	0.98894
912 A	0.00816	0.00293	0.9889
913 G	0.00814	0.00296	0.9889
914 A	0.00814	0.00297	0.98889
915 A	0.00820	0.00290	0.9889
916 A	0.00828	0.00281	0.98892
917 G	0.00840	0.00267	0.98893
918 T	0.00850	0.00256	0.98894
919 G	0.00853	0.00253	0.98894
920 C	0.00857	0.00249	0.98894
921 T	0.00864	0.00246	0.9889
922 T	0.00867	0.00250	0.98883
923 A	0.00866	0.00268	0.98866
924 T	0.00866	0.00279	0.98856
925 A	0.00865	0.00302	0.98832
926 A	0.00867	0.00282	0.98851
927 G	0.00871	0.00262	0.98867
928 G	0.00881	0.00245	0.98875
929 T	0.00909	0.00211	0.98879
930 T	0.00930	0.00194	0.98875
931 A	0.00939	0.00200	0.9886
932 T	0.00955	0.00188	0.98857
933 T	0.00964	0.00182	0.98855
934 T	0.00966	0.00185	0.9885
935 T	0.00965	0.00191	0.98844
936 T	0.00962	0.00204	0.98834
937 G	0.00956	0.00220	0.98824
938 A	0.00954	0.00231	0.98815
939 A	0.00952	0.00236	0.98812
940 T	0.00952	0.00240	0.98808
941 A	0.00950	0.00247	0.98803
942 T	0.00953	0.00244	0.98803
943 A	0.00953	0.00244	0.98804
944 A	0.00957	0.00239	0.98804
945 A	0.00965	0.00231	0.98805
946 C	0.00983	0.00210	0.98807
947 C	0.00998	0.00194	0.98808
948 T	0.01027	0.00167	0.98806
949 T	0.01037	0.00158	0.98804
950 T	0.01043	0.00154	0.98803
951 T	0.01046	0.00151	0.98803
952 G	0.01049	0.00149	0.98802
953 A	0.01057	0.00141	0.98802
954 T	0.01077	0.00119	0.98804
955 T	0.01091	0.00105	0.98804
956 T	0.01103	0.00094	0.98803
957 T	0.01111	0.00092	0.98798
958 A	0.01111	0.00112	0.98777
959 T	0.01113	0.00133	0.98754
960 T	0.01112	0.00149	0.98738
961 T	0.01110	0.00186	0.98705
962 T	0.01099	0.00226	0.98675
963 A	0.01071	0.00276	0.98653
964 T	0.01045	0.00320	0.98635
965 T	0.01036	0.00335	0.98629
966 A	0.01021	0.00355	0.98624
967 A	0.01016	0.00363	0.98621
968 A	0.01015	0.00364	0.98622
969 T	0.01016	0.00363	0.98621
970 A	0.01017	0.00362	0.98621
971 T	0.01019	0.00359	0.98622
972 T	0.01021	0.00357	0.98622
973 T	0.01022	0.00355	0.98623
974 T	0.01022	0.00354	0.98625
975 T	0.01022	0.00352	0.98626
976 G	0.01023	0.00352	0.98626
977 A	0.01023	0.00351	0.98626
978 A	0.01025	0.00349	0.98627
979 A	0.01028	0.00344	0.98628
980 A	0.01038	0.00330	0.98632
981 A	0.01068	0.00291	0.98641
982 T	0.01109	0.00238	0.98653
983 G	0.01134	0.00197	0.98669
984 T	0.01176	0.00139	0.98685
985 T	0.01202	0.00094	0.98704
986 A	0.01217	0.00050	0.98733
987 A	0.01234	0.00000	0.98766
