# lcl|CP097583.1_cds_USQ93553.1_1
# AA	inside	membr	outside
1 A	0.38542	0.00000	0.61459
2 T	0.37961	0.00581	0.61459
3 G	0.37694	0.00848	0.61459
4 A	0.37694	0.14639	0.47668
5 A	0.36248	0.30628	0.33125
6 T	0.36247	0.31912	0.31841
7 A	0.26403	0.42407	0.31191
8 A	0.26402	0.42417	0.31181
9 A	0.26202	0.42773	0.31025
10 A	0.26201	0.53574	0.20226
11 A	0.26126	0.54655	0.1922
12 T	0.24987	0.56241	0.18773
13 A	0.19559	0.68713	0.11728
14 T	0.19557	0.68716	0.11727
15 A	0.19557	0.77083	0.03361
16 A	0.19244	0.77396	0.03361
17 A	0.18658	0.78029	0.03313
18 T	0.18643	0.78081	0.03277
19 C	0.18104	0.78642	0.03255
20 A	0.16397	0.81079	0.02524
21 A	0.15420	0.82055	0.02526
22 G	0.15749	0.81742	0.02509
23 A	0.16528	0.80949	0.02524
24 A	0.19755	0.77698	0.02548
25 T	0.24438	0.70723	0.04839
26 T	0.26038	0.68308	0.05655
27 C	0.33409	0.59714	0.06877
28 T	0.42052	0.50420	0.07528
29 A	0.42852	0.49452	0.07696
30 T	0.43804	0.42806	0.1339
31 C	0.43703	0.42895	0.13403
32 A	0.43955	0.42868	0.13177
33 A	0.51436	0.35753	0.1281
34 A	0.51898	0.36075	0.12027
35 A	0.52285	0.35081	0.12634
36 A	0.59430	0.23851	0.16719
37 T	0.61114	0.21562	0.17323
38 T	0.66997	0.15501	0.17502
39 A	0.65669	0.21209	0.13123
40 T	0.65704	0.20252	0.14044
41 T	0.65344	0.20266	0.14389
42 T	0.64242	0.21039	0.14719
43 T	0.63872	0.20832	0.15297
44 C	0.62493	0.23095	0.14411
45 A	0.61630	0.26282	0.12088
46 T	0.61375	0.26661	0.11964
47 T	0.60599	0.27476	0.11925
48 A	0.53420	0.34709	0.1187
49 T	0.52458	0.35691	0.11851
50 C	0.51775	0.36339	0.11886
51 C	0.51462	0.36689	0.11849
52 A	0.51175	0.37219	0.11605
53 T	0.51128	0.37411	0.11461
54 G	0.51210	0.37477	0.11313
55 A	0.51515	0.37311	0.11175
56 A	0.52008	0.36492	0.11501
57 A	0.52863	0.34777	0.12361
58 T	0.53499	0.32988	0.13513
59 T	0.54090	0.31295	0.14615
60 A	0.54290	0.30150	0.1556
61 G	0.54732	0.27931	0.17337
62 G	0.59474	0.21907	0.18619
63 T	0.60313	0.20305	0.19382
64 T	0.60646	0.19074	0.2028
65 C	0.60853	0.17262	0.21886
66 G	0.61113	0.17011	0.21876
67 T	0.62283	0.16332	0.21386
68 T	0.63825	0.16066	0.20109
69 A	0.63513	0.16770	0.19717
70 A	0.63329	0.16901	0.19769
71 T	0.62522	0.11152	0.26326
72 T	0.59596	0.14699	0.25704
73 C	0.51374	0.24819	0.23807
74 A	0.36862	0.48825	0.14313
75 A	0.33197	0.62061	0.04742
76 A	0.31250	0.65084	0.03666
77 T	0.29029	0.68162	0.0281
78 A	0.24321	0.73754	0.01925
79 A	0.21381	0.76964	0.01656
80 C	0.15876	0.82763	0.01361
81 A	0.12132	0.86600	0.01268
82 G	0.09250	0.89545	0.01205
83 A	0.08040	0.90797	0.01164
84 A	0.07396	0.91442	0.01163
85 C	0.06867	0.91972	0.0116
86 A	0.06250	0.92598	0.01153
87 A	0.06017	0.92825	0.01159
88 C	0.06038	0.92776	0.01186
89 A	0.06095	0.92714	0.01191
90 A	0.06418	0.92384	0.01199
91 A	0.07316	0.91355	0.01329
92 G	0.07762	0.90535	0.01704
93 A	0.08377	0.89630	0.01994
94 A	0.10254	0.85829	0.03916
95 A	0.13056	0.79283	0.0766
96 A	0.15702	0.68468	0.1583
97 C	0.23844	0.45284	0.30871
98 T	0.32045	0.33514	0.34442
99 A	0.32913	0.30953	0.36134
100 A	0.33994	0.28046	0.3796
101 T	0.34869	0.23510	0.41621
102 T	0.34775	0.21337	0.43888
103 T	0.32851	0.17611	0.49537
104 A	0.29136	0.19459	0.51405
105 T	0.27551	0.21048	0.51401
106 G	0.23104	0.31213	0.45683
107 A	0.18584	0.40587	0.40829
108 A	0.14517	0.49635	0.35848
109 T	0.10565	0.56682	0.32753
110 T	0.07128	0.64395	0.28477
111 A	0.05296	0.74571	0.20133
112 A	0.03789	0.80006	0.16205
113 A	0.03081	0.82905	0.14015
114 A	0.02515	0.85855	0.1163
115 G	0.02183	0.88294	0.09522
116 A	0.02071	0.90093	0.07836
117 A	0.01969	0.91154	0.06877
118 A	0.01964	0.91391	0.06644
119 T	0.02005	0.91250	0.06745
120 T	0.02028	0.91519	0.06452
121 A	0.02048	0.91790	0.06163
122 G	0.02135	0.91976	0.0589
123 A	0.02272	0.92450	0.05279
124 A	0.02468	0.92153	0.05379
125 A	0.02809	0.91692	0.05499
126 A	0.03958	0.88934	0.07108
127 A	0.06333	0.83988	0.09679
128 A	0.09779	0.78851	0.1137
129 A	0.16530	0.67432	0.16038
130 A	0.22588	0.56400	0.21012
131 T	0.29962	0.46165	0.23872
132 T	0.34307	0.41034	0.24659
133 A	0.36502	0.44950	0.18549
134 G	0.42095	0.40139	0.17766
135 A	0.44783	0.41295	0.13921
136 A	0.46539	0.40032	0.13428
137 T	0.47416	0.38969	0.13614
138 C	0.47783	0.38859	0.13358
139 T	0.48668	0.38246	0.13085
140 C	0.46170	0.41412	0.12418
141 A	0.43949	0.46320	0.09731
142 A	0.42268	0.50705	0.07026
143 C	0.39457	0.54274	0.06269
144 A	0.34513	0.62309	0.03179
145 A	0.31384	0.66133	0.02483
146 A	0.25207	0.72537	0.02256
147 C	0.21181	0.76639	0.0218
148 A	0.18555	0.79434	0.02012
149 C	0.15740	0.82310	0.0195
150 A	0.13965	0.84110	0.01925
151 A	0.13564	0.84513	0.01923
152 G	0.13577	0.84495	0.01928
153 G	0.14659	0.83363	0.01978
154 C	0.15877	0.82116	0.02008
155 A	0.18267	0.79591	0.02141
156 A	0.25058	0.71980	0.02963
157 A	0.26785	0.69746	0.0347
158 A	0.31431	0.64151	0.04418
159 T	0.32842	0.61838	0.05321
160 C	0.33108	0.57106	0.09785
161 C	0.32663	0.54576	0.12761
162 A	0.28758	0.58043	0.13199
163 C	0.28405	0.57127	0.14468
164 A	0.28510	0.56989	0.14501
165 A	0.30407	0.54768	0.14824
166 G	0.31029	0.51524	0.17446
167 A	0.33178	0.43824	0.22998
168 T	0.33898	0.39535	0.26567
169 T	0.33581	0.33862	0.32557
170 T	0.31216	0.38448	0.30336
171 A	0.29420	0.40687	0.29893
172 T	0.28455	0.44660	0.26884
173 T	0.26023	0.49904	0.24073
174 A	0.24184	0.52747	0.2307
175 C	0.22669	0.54225	0.23106
176 A	0.19372	0.58730	0.21898
177 A	0.16439	0.62456	0.21104
178 C	0.12691	0.67710	0.196
179 A	0.10343	0.75391	0.14267
180 A	0.09238	0.79186	0.11576
181 G	0.08750	0.81622	0.09628
182 A	0.08574	0.84165	0.07261
183 A	0.08435	0.85415	0.06151
184 A	0.08393	0.84741	0.06865
185 A	0.08410	0.80517	0.11073
186 A	0.08514	0.79763	0.11723
187 G	0.08776	0.77977	0.13247
188 A	0.09083	0.78501	0.12416
189 A	0.09532	0.77408	0.1306
190 A	0.10358	0.74816	0.14826
191 A	0.11181	0.73173	0.15647
192 A	0.14100	0.69178	0.16723
193 C	0.21968	0.57759	0.20273
194 G	0.25654	0.52085	0.22262
195 T	0.31792	0.44636	0.23573
196 G	0.35527	0.39934	0.2454
197 T	0.37789	0.38769	0.23442
198 T	0.38635	0.39821	0.21543
199 A	0.39090	0.44322	0.16589
200 A	0.39577	0.42266	0.18156
201 A	0.41442	0.37108	0.21449
202 T	0.47131	0.29742	0.23126
203 T	0.49956	0.26295	0.2375
204 C	0.51093	0.25080	0.23827
205 T	0.52589	0.24353	0.23058
206 A	0.52644	0.24335	0.23022
207 T	0.52796	0.24197	0.23007
208 G	0.52701	0.24335	0.22964
209 A	0.52927	0.24215	0.22858
210 C	0.53158	0.23998	0.22844
211 T	0.54444	0.23153	0.22403
212 T	0.54113	0.24314	0.21572
213 A	0.48950	0.31815	0.19235
214 G	0.44025	0.38928	0.17047
215 A	0.39479	0.47465	0.13055
216 T	0.37840	0.49580	0.12581
217 A	0.33396	0.54466	0.12138
218 A	0.33460	0.54431	0.12109
219 A	0.34602	0.53199	0.12199
220 C	0.36490	0.51171	0.12339
221 A	0.38807	0.48818	0.12375
222 A	0.46102	0.41325	0.12573
223 T	0.48205	0.39099	0.12696
224 T	0.49252	0.37954	0.12793
225 T	0.49851	0.37297	0.12852
226 T	0.50162	0.36668	0.1317
227 T	0.50332	0.35874	0.13794
228 T	0.50538	0.35176	0.14287
229 T	0.50603	0.34646	0.14751
230 C	0.50641	0.34365	0.14994
231 A	0.50719	0.34176	0.15105
232 A	0.50885	0.33885	0.1523
233 T	0.51223	0.33366	0.15411
234 A	0.51681	0.32760	0.15558
235 A	0.52639	0.31468	0.15893
236 A	0.54883	0.24047	0.21071
237 A	0.57125	0.16584	0.26291
238 T	0.60906	0.07745	0.31348
239 A	0.61475	0.05106	0.33419
240 A	0.62045	0.00000	0.37954
