# lcl|CP097583.1_cds_USQ93569.1_1
# AA	inside	membr	outside
1 A	0.45946	0.00000	0.54053
2 T	0.45206	0.00740	0.54053
3 G	0.44535	0.01412	0.54053
4 A	0.44535	0.28494	0.26971
5 A	0.40255	0.37823	0.21922
6 A	0.40254	0.38901	0.20844
7 A	0.25966	0.53606	0.20428
8 A	0.25965	0.53609	0.20426
9 C	0.24784	0.54810	0.20405
10 A	0.24772	0.61175	0.14053
11 A	0.24280	0.61966	0.13753
12 C	0.19510	0.66862	0.13628
13 A	0.08531	0.79606	0.11862
14 A	0.08530	0.79607	0.11862
15 A	0.08530	0.82136	0.09333
16 A	0.08237	0.82430	0.09333
17 G	0.07510	0.83172	0.09318
18 T	0.07494	0.83214	0.09293
19 G	0.06336	0.84408	0.09257
20 A	0.04273	0.87415	0.08313
21 A	0.02640	0.89038	0.08321
22 A	0.02696	0.89083	0.08221
23 A	0.02816	0.88853	0.0833
24 A	0.03810	0.87765	0.08425
25 A	0.04221	0.85918	0.09861
26 A	0.04957	0.84156	0.10887
27 C	0.26914	0.59914	0.13172
28 A	0.31219	0.53231	0.1555
29 A	0.32794	0.51227	0.15979
30 A	0.34069	0.41217	0.24714
31 T	0.34392	0.40379	0.25229
32 A	0.34584	0.39015	0.26402
33 C	0.39444	0.30731	0.29825
34 G	0.40074	0.29512	0.30414
35 A	0.40967	0.25082	0.33952
36 T	0.43120	0.15944	0.40935
37 T	0.43310	0.16272	0.40417
38 T	0.42652	0.16910	0.40438
39 A	0.33302	0.26721	0.39977
40 T	0.32673	0.25710	0.41617
41 A	0.31500	0.26636	0.41863
42 C	0.30589	0.26743	0.42669
43 G	0.31003	0.25201	0.43796
44 A	0.30734	0.25414	0.43853
45 G	0.30514	0.25881	0.43606
46 T	0.30405	0.26075	0.4352
47 C	0.29769	0.26918	0.43313
48 G	0.28543	0.28674	0.42783
49 T	0.28147	0.30424	0.41429
50 T	0.27024	0.33559	0.39417
51 A	0.25640	0.36507	0.37853
52 A	0.23905	0.41115	0.3498
53 T	0.21268	0.46288	0.32444
54 G	0.18750	0.54554	0.26696
55 A	0.17214	0.60897	0.21889
56 A	0.16279	0.62958	0.20763
57 A	0.16029	0.64374	0.19597
58 A	0.15919	0.64290	0.19791
59 A	0.15773	0.64006	0.20221
60 A	0.16167	0.63148	0.20685
61 A	0.16256	0.60706	0.23037
62 C	0.17746	0.50885	0.31369
63 A	0.18121	0.49946	0.31932
64 A	0.18770	0.48423	0.32806
65 C	0.19753	0.46890	0.33357
66 T	0.20037	0.47625	0.32339
67 G	0.20574	0.48217	0.3121
68 T	0.21187	0.47896	0.30918
69 T	0.21470	0.47870	0.30661
70 A	0.21577	0.48785	0.29638
71 T	0.22093	0.48315	0.29592
72 A	0.23029	0.46590	0.30381
73 A	0.24560	0.43525	0.31916
74 A	0.26311	0.40118	0.33571
75 A	0.30006	0.34387	0.35607
76 C	0.33860	0.27171	0.38969
77 T	0.40552	0.18444	0.41004
78 T	0.44261	0.14039	0.41701
79 A	0.45108	0.13422	0.4147
80 T	0.45884	0.13158	0.40957
81 T	0.45934	0.14558	0.39509
82 A	0.45838	0.15709	0.38453
83 A	0.45754	0.16831	0.37415
84 T	0.45707	0.18041	0.36253
85 A	0.45510	0.21828	0.32662
86 A	0.45182	0.25542	0.29276
87 A	0.44735	0.27791	0.27474
88 A	0.44932	0.27613	0.27455
89 G	0.45707	0.26702	0.27591
90 T	0.47727	0.24628	0.27645
91 T	0.48449	0.23803	0.27748
92 C	0.48286	0.23900	0.27814
93 T	0.48583	0.23571	0.27847
94 T	0.48111	0.24090	0.278
95 T	0.46989	0.25202	0.27809
96 A	0.44777	0.27430	0.27793
97 C	0.43750	0.28449	0.27801
98 A	0.43294	0.28900	0.27806
99 C	0.43179	0.29001	0.27821
100 G	0.42725	0.29451	0.27825
101 C	0.42896	0.29275	0.2783
102 A	0.43379	0.28787	0.27833
103 C	0.44267	0.27878	0.27855
104 C	0.45937	0.26192	0.27871
105 A	0.47816	0.24272	0.27911
106 C	0.49270	0.22760	0.27969
107 G	0.50583	0.21366	0.28052
108 A	0.53817	0.18052	0.28131
109 T	0.57526	0.13934	0.28541
110 T	0.59260	0.11488	0.29251
111 T	0.59346	0.11051	0.29603
112 A	0.59198	0.10230	0.30572
113 T	0.59031	0.09610	0.31359
114 T	0.58348	0.09434	0.32218
115 G	0.56652	0.10193	0.33155
116 A	0.53130	0.12976	0.33894
117 C	0.51677	0.13103	0.35221
118 G	0.50693	0.14583	0.34725
119 T	0.49704	0.15558	0.34738
120 T	0.47564	0.18097	0.34338
121 G	0.44018	0.22920	0.33062
122 A	0.43187	0.24659	0.32154
123 G	0.42148	0.25588	0.32265
124 G	0.41716	0.26241	0.32043
125 A	0.41263	0.27083	0.31655
126 T	0.40766	0.28133	0.31101
127 T	0.40041	0.29265	0.30694
128 T	0.38638	0.31258	0.30103
129 A	0.36447	0.33542	0.30012
130 A	0.35640	0.34361	0.29999
131 A	0.35228	0.34771	0.30001
132 A	0.34925	0.35023	0.30052
133 C	0.34694	0.35097	0.30209
134 A	0.34442	0.35346	0.30212
135 A	0.34126	0.35577	0.30297
136 G	0.33872	0.35589	0.30538
137 A	0.33711	0.35225	0.31064
138 A	0.33791	0.33626	0.32582
139 G	0.34135	0.28492	0.37374
140 C	0.34843	0.25550	0.39606
141 T	0.36869	0.22392	0.40739
142 T	0.38207	0.20219	0.41574
143 A	0.38843	0.18174	0.42983
144 T	0.39963	0.14803	0.45235
145 T	0.40401	0.14016	0.45582
146 T	0.40550	0.12923	0.46527
147 A	0.40323	0.13156	0.4652
148 A	0.40655	0.12820	0.46525
149 T	0.41244	0.11453	0.47303
150 T	0.41120	0.11605	0.47275
151 T	0.40581	0.13529	0.4589
152 T	0.38924	0.18609	0.42467
153 A	0.36260	0.26485	0.37255
154 G	0.34042	0.30204	0.35754
155 A	0.32864	0.33391	0.33744
156 T	0.32491	0.34675	0.32834
157 A	0.32157	0.35557	0.32286
158 A	0.32050	0.36372	0.31577
159 A	0.31869	0.36876	0.31256
160 T	0.31829	0.37228	0.30943
161 T	0.31641	0.37691	0.30667
162 T	0.31477	0.38207	0.30316
163 A	0.31302	0.38454	0.30244
164 T	0.31207	0.38571	0.30222
165 A	0.31044	0.38761	0.30194
166 A	0.30967	0.38855	0.30178
167 C	0.30922	0.38774	0.30304
168 A	0.30842	0.38830	0.30328
169 A	0.30878	0.38711	0.3041
170 A	0.31229	0.37848	0.30923
171 C	0.32114	0.36590	0.31296
172 G	0.32829	0.35907	0.31265
173 G	0.34423	0.33577	0.31999
174 A	0.38020	0.29320	0.3266
175 T	0.44196	0.21574	0.34231
176 T	0.48327	0.16188	0.35484
177 A	0.48308	0.16038	0.35653
178 G	0.48872	0.15993	0.35134
179 T	0.47749	0.20857	0.31393
180 A	0.42660	0.28035	0.29304
181 A	0.38203	0.32780	0.29017
182 A	0.36487	0.34558	0.28955
183 T	0.35955	0.34945	0.291
184 C	0.33650	0.37076	0.29275
185 C	0.31343	0.39741	0.28916
186 G	0.29614	0.41684	0.28703
187 G	0.26013	0.45526	0.28461
188 A	0.24489	0.47188	0.28323
189 A	0.23420	0.48358	0.28221
190 C	0.22889	0.48831	0.28279
191 A	0.22523	0.49238	0.28238
192 A	0.22304	0.49288	0.28407
193 A	0.22184	0.49142	0.28673
194 G	0.22117	0.49036	0.28847
195 A	0.22126	0.48980	0.28894
196 C	0.22407	0.48241	0.29352
197 A	0.22828	0.47941	0.29231
198 A	0.23309	0.47512	0.29179
199 A	0.24396	0.46262	0.29342
200 T	0.26422	0.43214	0.30363
201 A	0.27683	0.41451	0.30866
202 A	0.31187	0.35022	0.33791
203 A	0.33261	0.26792	0.39947
204 C	0.33907	0.19415	0.46678
205 T	0.34458	0.17610	0.47932
206 T	0.34685	0.17569	0.47746
207 A	0.34801	0.18136	0.47062
208 T	0.35215	0.17355	0.4743
209 T	0.35253	0.17401	0.47346
210 T	0.35192	0.14520	0.50289
211 A	0.34978	0.14560	0.50461
212 T	0.34848	0.16470	0.48682
213 G	0.33534	0.20713	0.45753
214 A	0.32073	0.25603	0.42325
215 T	0.31548	0.27663	0.4079
216 A	0.30768	0.29129	0.40103
217 A	0.30317	0.30430	0.39253
218 A	0.30040	0.31126	0.38835
219 A	0.29742	0.31759	0.385
220 C	0.29831	0.31795	0.38375
221 T	0.29937	0.32194	0.37869
222 A	0.29886	0.32378	0.37736
223 A	0.29881	0.32429	0.3769
224 A	0.29944	0.32369	0.37688
225 A	0.30089	0.32208	0.37702
226 C	0.30486	0.31630	0.37884
227 G	0.31331	0.30740	0.37929
228 T	0.33389	0.28647	0.37964
229 T	0.34738	0.27257	0.38005
230 C	0.35876	0.26063	0.38061
231 A	0.36921	0.25016	0.38063
232 T	0.38600	0.23129	0.38272
233 T	0.39484	0.22038	0.38478
234 A	0.40575	0.20695	0.3873
235 T	0.43580	0.17505	0.38915
236 A	0.46127	0.13579	0.40294
237 T	0.49211	0.08872	0.41917
238 G	0.50375	0.07141	0.42485
239 A	0.51150	0.05788	0.43063
240 T	0.52068	0.04424	0.43508
241 A	0.52258	0.03941	0.43801
242 C	0.52571	0.03205	0.44224
243 T	0.52732	0.02929	0.44339
244 C	0.52484	0.03107	0.44409
245 T	0.52103	0.03469	0.44428
246 T	0.51396	0.04186	0.44418
247 C	0.48692	0.06909	0.44399
248 G	0.47318	0.08328	0.44353
249 T	0.46582	0.09140	0.44278
250 G	0.45027	0.10862	0.44111
251 G	0.44271	0.11691	0.44038
252 T	0.43932	0.12088	0.43981
253 T	0.43333	0.12797	0.43871
254 A	0.42145	0.13996	0.43859
255 C	0.41361	0.14763	0.43876
256 T	0.41042	0.15193	0.43765
257 A	0.40531	0.15758	0.43711
258 C	0.40270	0.16116	0.43615
259 G	0.40035	0.16786	0.43179
260 G	0.39954	0.17388	0.42659
261 A	0.39403	0.18676	0.41921
262 A	0.38796	0.19879	0.41325
263 T	0.38536	0.20319	0.41144
264 T	0.38135	0.20541	0.41324
265 A	0.37722	0.21053	0.41225
266 A	0.37471	0.21255	0.41274
267 A	0.37349	0.20667	0.41984
268 T	0.37339	0.19950	0.42711
269 A	0.37275	0.20367	0.42357
270 T	0.37111	0.19295	0.43594
271 A	0.36518	0.20932	0.4255
272 A	0.36115	0.21645	0.4224
273 A	0.35711	0.21864	0.42425
274 G	0.35463	0.21502	0.43035
275 G	0.35114	0.21696	0.43189
276 A	0.35082	0.21484	0.43434
277 G	0.34941	0.20952	0.44107
278 C	0.34496	0.21234	0.4427
279 A	0.34529	0.23208	0.42263
280 A	0.34639	0.24434	0.40928
281 A	0.34861	0.25797	0.39342
282 A	0.35309	0.27153	0.37538
283 A	0.35801	0.27064	0.37135
284 A	0.36608	0.25815	0.37577
285 T	0.37350	0.24412	0.38238
286 T	0.37487	0.23922	0.38591
287 C	0.37263	0.23751	0.38986
288 A	0.36958	0.24045	0.38998
289 G	0.36927	0.23955	0.39118
290 C	0.37033	0.23823	0.39144
291 G	0.37316	0.23577	0.39107
292 G	0.38372	0.22579	0.39049
293 A	0.39624	0.21281	0.39095
294 T	0.41590	0.18904	0.39506
295 C	0.42367	0.17880	0.39754
296 A	0.43331	0.17031	0.39638
297 A	0.43737	0.16414	0.3985
298 T	0.44369	0.15346	0.40284
299 A	0.44906	0.14666	0.40428
300 T	0.45764	0.13603	0.40633
301 C	0.46362	0.12381	0.41257
302 C	0.48052	0.10694	0.41254
303 A	0.49126	0.10192	0.40682
304 A	0.50559	0.09429	0.40012
305 A	0.52269	0.08169	0.39562
306 T	0.52886	0.07973	0.39141
307 A	0.52379	0.09373	0.38249
308 T	0.52144	0.09688	0.38167
309 A	0.51769	0.10291	0.3794
310 T	0.51364	0.10979	0.37657
311 T	0.50814	0.11384	0.37801
312 A	0.50164	0.12048	0.37788
313 A	0.49781	0.12502	0.37718
314 A	0.48964	0.13241	0.37795
315 C	0.48628	0.13509	0.37863
316 T	0.48400	0.13729	0.37871
317 A	0.47449	0.14667	0.37885
318 C	0.46503	0.15594	0.37902
319 A	0.45860	0.16250	0.3789
320 C	0.45308	0.16793	0.37899
321 C	0.45051	0.17037	0.37913
322 A	0.44876	0.17222	0.37902
323 C	0.44796	0.17311	0.37893
324 C	0.44659	0.17532	0.37809
325 G	0.44684	0.17686	0.3763
326 A	0.45120	0.17475	0.37405
327 A	0.45646	0.16933	0.37421
328 G	0.45992	0.16528	0.3748
329 A	0.46369	0.16008	0.37623
330 T	0.47366	0.13686	0.38948
331 C	0.46760	0.13295	0.39945
332 A	0.47008	0.12646	0.40346
333 G	0.47521	0.11661	0.40818
334 T	0.47647	0.11283	0.4107
335 T	0.47755	0.10926	0.41319
336 A	0.47629	0.10904	0.41467
337 G	0.47671	0.09843	0.42486
338 A	0.47727	0.09269	0.43004
339 A	0.47768	0.08722	0.4351
340 A	0.47802	0.07726	0.44473
341 A	0.47860	0.06516	0.45624
342 T	0.47931	0.05263	0.46806
343 C	0.47959	0.04492	0.4755
344 C	0.47993	0.04231	0.47776
345 A	0.48040	0.04108	0.47852
346 A	0.48094	0.03957	0.47949
347 T	0.48213	0.03690	0.48097
348 C	0.48369	0.03417	0.48215
349 G	0.48576	0.03109	0.48315
350 T	0.48670	0.02751	0.48579
351 A	0.48719	0.02525	0.48756
352 T	0.48847	0.02177	0.48976
353 A	0.48966	0.01918	0.49116
354 A	0.49295	0.00000	0.50705
