# lcl|CP097583.1_cds_USQ93144.1_1
# AA	inside	membr	outside
1 A	0.47809	0.00000	0.52191
2 T	0.47792	0.00018	0.52191
3 G	0.47774	0.00035	0.52191
4 T	0.47774	0.00148	0.52078
5 T	0.47064	0.01133	0.51803
6 T	0.47063	0.01208	0.51729
7 A	0.29286	0.19025	0.5169
8 A	0.29285	0.19026	0.51689
9 T	0.28174	0.20147	0.51679
10 A	0.28170	0.21377	0.50453
11 T	0.27869	0.21685	0.50446
12 T	0.23494	0.26065	0.50441
13 A	0.08048	0.41574	0.50377
14 T	0.08047	0.41576	0.50377
15 C	0.08047	0.41608	0.50346
16 A	0.07776	0.41878	0.50346
17 A	0.06974	0.42682	0.50344
18 T	0.06956	0.42701	0.50343
19 C	0.06154	0.43504	0.50342
20 A	0.03271	0.46425	0.50304
21 G	0.00895	0.48801	0.50303
22 A	0.00789	0.48909	0.50302
23 A	0.00737	0.48960	0.50303
24 A	0.00715	0.48980	0.50305
25 A	0.00712	0.48800	0.50488
26 A	0.00714	0.48628	0.50658
27 A	0.00812	0.47748	0.5144
28 A	0.01082	0.46568	0.5235
29 A	0.01174	0.45723	0.53103
30 T	0.01295	0.30005	0.687
31 A	0.01313	0.28713	0.69974
32 A	0.01361	0.25844	0.72795
33 T	0.02369	0.20413	0.77218
34 C	0.02385	0.18746	0.78869
35 A	0.02401	0.16336	0.81262
36 T	0.02472	0.07841	0.89687
37 T	0.02474	0.07614	0.89912
38 G	0.02490	0.07403	0.90107
39 G	0.02446	0.07117	0.90437
40 T	0.02456	0.05393	0.92151
41 T	0.02446	0.04676	0.92878
42 T	0.02431	0.03777	0.93792
43 T	0.02437	0.01931	0.95632
44 A	0.02321	0.00746	0.96933
45 T	0.02226	0.00708	0.97066
46 T	0.02207	0.00641	0.97152
47 T	0.02170	0.00644	0.97187
48 A	0.02088	0.00709	0.97203
49 A	0.02069	0.00716	0.97215
50 C	0.02063	0.00706	0.97231
51 T	0.02058	0.00707	0.97235
52 C	0.02041	0.00720	0.97239
53 C	0.02028	0.00732	0.9724
54 T	0.02025	0.00735	0.9724
55 G	0.02020	0.00740	0.97239
56 C	0.02020	0.00740	0.9724
57 T	0.02026	0.00735	0.97239
58 T	0.02031	0.00730	0.97238
59 T	0.02036	0.00722	0.97242
60 G	0.02036	0.00717	0.97247
61 A	0.02040	0.00711	0.97249
62 T	0.02067	0.00627	0.97306
63 T	0.02080	0.00593	0.97327
64 A	0.02090	0.00555	0.97355
65 T	0.02128	0.00475	0.97397
66 T	0.02140	0.00430	0.97429
67 T	0.02172	0.00301	0.97528
68 T	0.02182	0.00212	0.97605
69 G	0.02180	0.00190	0.97629
70 A	0.02182	0.00157	0.9766
71 C	0.02182	0.00095	0.97722
72 T	0.02180	0.00089	0.97732
73 A	0.02177	0.00088	0.97735
74 T	0.02177	0.00083	0.97739
75 T	0.02174	0.00077	0.97749
76 T	0.02167	0.00077	0.97756
77 T	0.02152	0.00086	0.97761
78 T	0.02139	0.00096	0.97766
79 A	0.02123	0.00111	0.97766
80 C	0.02116	0.00116	0.97768
81 T	0.02114	0.00120	0.97767
82 T	0.02107	0.00128	0.97765
83 T	0.02103	0.00134	0.97763
84 T	0.02096	0.00141	0.97763
85 T	0.02086	0.00151	0.97762
86 A	0.02079	0.00157	0.97765
87 T	0.02076	0.00155	0.97769
88 C	0.02066	0.00162	0.97772
89 C	0.02061	0.00165	0.97774
90 T	0.02056	0.00170	0.97774
91 T	0.02052	0.00174	0.97773
92 T	0.02048	0.00178	0.97774
93 A	0.02041	0.00185	0.97774
94 G	0.02039	0.00186	0.97775
95 T	0.02039	0.00181	0.97781
96 T	0.02031	0.00185	0.97784
97 A	0.02026	0.00187	0.97787
98 A	0.02026	0.00182	0.97792
99 A	0.02026	0.00173	0.97801
100 G	0.02027	0.00155	0.97818
101 T	0.02031	0.00136	0.97833
102 T	0.02034	0.00117	0.97849
103 T	0.02035	0.00107	0.97858
104 T	0.02031	0.00104	0.97865
105 C	0.02021	0.00106	0.97873
106 A	0.02014	0.00112	0.97874
107 T	0.02011	0.00110	0.97879
108 T	0.02004	0.00112	0.97884
109 A	0.01987	0.00124	0.97889
110 T	0.01975	0.00133	0.97892
111 T	0.01957	0.00137	0.97906
112 T	0.01937	0.00149	0.97913
113 C	0.01916	0.00163	0.97921
114 T	0.01895	0.00182	0.97923
115 T	0.01869	0.00205	0.97925
116 T	0.01841	0.00231	0.97928
117 T	0.01797	0.00274	0.9793
118 A	0.01710	0.00360	0.9793
119 C	0.01680	0.00380	0.9794
120 T	0.01654	0.00402	0.97943
121 C	0.01634	0.00422	0.97944
122 A	0.01625	0.00432	0.97942
123 T	0.01621	0.00437	0.97943
124 T	0.01614	0.00445	0.97941
125 A	0.01608	0.00453	0.97939
126 T	0.01604	0.00456	0.9794
127 G	0.01598	0.00458	0.97944
128 A	0.01595	0.00452	0.97953
129 T	0.01594	0.00443	0.97963
130 A	0.01592	0.00441	0.97967
131 A	0.01590	0.00434	0.97976
132 A	0.01590	0.00415	0.97995
133 T	0.01590	0.00394	0.98017
134 T	0.01590	0.00373	0.98038
135 T	0.01589	0.00352	0.98059
136 A	0.01588	0.00330	0.98082
137 G	0.01588	0.00296	0.98116
138 T	0.01586	0.00263	0.98151
139 G	0.01581	0.00240	0.98178
140 A	0.01580	0.00209	0.98211
141 T	0.01580	0.00140	0.9828
142 A	0.01575	0.00119	0.98306
143 C	0.01574	0.00090	0.98336
144 T	0.01573	0.00078	0.98349
145 T	0.01572	0.00073	0.98355
146 G	0.01570	0.00072	0.98358
147 T	0.01570	0.00069	0.98361
148 C	0.01566	0.00069	0.98365
149 A	0.01564	0.00068	0.98368
150 T	0.01564	0.00062	0.98373
151 T	0.01562	0.00062	0.98376
152 T	0.01559	0.00064	0.98378
153 T	0.01555	0.00066	0.9838
154 C	0.01548	0.00069	0.98383
155 C	0.01544	0.00072	0.98384
156 T	0.01540	0.00076	0.98384
157 A	0.01524	0.00092	0.98384
158 T	0.01489	0.00127	0.98384
159 C	0.01441	0.00175	0.98384
160 A	0.01413	0.00204	0.98383
161 G	0.01402	0.00212	0.98385
162 T	0.01398	0.00213	0.98389
163 T	0.01392	0.00217	0.9839
164 T	0.01386	0.00223	0.98391
165 T	0.01380	0.00224	0.98396
166 A	0.01365	0.00238	0.98397
167 T	0.01358	0.00243	0.98399
168 T	0.01350	0.00250	0.984
169 A	0.01332	0.00271	0.98396
170 A	0.01309	0.00298	0.98393
171 T	0.01291	0.00312	0.98397
172 T	0.01271	0.00329	0.984
173 A	0.01223	0.00375	0.98402
174 T	0.01196	0.00398	0.98406
175 C	0.01145	0.00447	0.98408
176 A	0.01089	0.00518	0.98394
177 A	0.00976	0.00636	0.98388
178 A	0.00936	0.00677	0.98386
179 A	0.00921	0.00690	0.98389
180 A	0.00918	0.00683	0.984
181 G	0.00917	0.00639	0.98444
182 T	0.00917	0.00590	0.98493
183 T	0.00918	0.00561	0.98522
184 T	0.00917	0.00549	0.98535
185 T	0.00909	0.00549	0.98542
186 T	0.00893	0.00558	0.98549
187 C	0.00879	0.00564	0.98557
188 A	0.00868	0.00572	0.9856
189 A	0.00862	0.00568	0.98569
190 G	0.00860	0.00563	0.98576
191 A	0.00860	0.00556	0.98584
192 T	0.00861	0.00540	0.986
193 A	0.00852	0.00511	0.98636
194 C	0.00843	0.00484	0.98673
195 A	0.00836	0.00473	0.98691
196 G	0.00832	0.00438	0.98729
197 A	0.00833	0.00419	0.98748
198 A	0.00837	0.00376	0.98788
199 T	0.00853	0.00313	0.98834
200 T	0.00863	0.00189	0.98948
201 T	0.00866	0.00145	0.98989
202 C	0.00866	0.00129	0.99005
203 T	0.00866	0.00127	0.99007
204 T	0.00855	0.00138	0.99008
205 T	0.00836	0.00155	0.99008
206 A	0.00802	0.00188	0.9901
207 T	0.00781	0.00206	0.99013
208 G	0.00753	0.00218	0.99028
209 C	0.00723	0.00229	0.99048
210 T	0.00701	0.00243	0.99056
211 T	0.00665	0.00274	0.99062
212 T	0.00611	0.00325	0.99064
213 G	0.00523	0.00413	0.99064
214 A	0.00480	0.00457	0.99063
215 A	0.00466	0.00466	0.99069
216 A	0.00460	0.00459	0.99081
217 A	0.00457	0.00451	0.99092
218 A	0.00457	0.00443	0.991
219 T	0.00457	0.00436	0.99107
220 A	0.00457	0.00433	0.9911
221 C	0.00457	0.00430	0.99112
222 T	0.00457	0.00430	0.99113
223 T	0.00457	0.00429	0.99114
224 T	0.00456	0.00429	0.99115
225 A	0.00455	0.00429	0.99116
226 A	0.00455	0.00427	0.99118
227 T	0.00456	0.00409	0.99134
228 A	0.00456	0.00388	0.99156
229 T	0.00456	0.00347	0.99196
230 T	0.00457	0.00322	0.99222
231 A	0.00455	0.00292	0.99253
232 G	0.00455	0.00248	0.99297
233 T	0.00457	0.00209	0.99335
234 T	0.00457	0.00169	0.99374
235 G	0.00457	0.00124	0.99418
236 T	0.00458	0.00063	0.99479
237 T	0.00458	0.00034	0.99507
238 G	0.00457	0.00027	0.99517
239 T	0.00456	0.00024	0.99519
240 A	0.00454	0.00025	0.99521
241 G	0.00453	0.00024	0.99522
242 T	0.00453	0.00024	0.99523
243 A	0.00452	0.00024	0.99524
244 G	0.00452	0.00023	0.99525
245 T	0.00452	0.00022	0.99526
246 T	0.00452	0.00021	0.99527
247 C	0.00452	0.00020	0.99528
248 C	0.00452	0.00020	0.99528
249 G	0.00452	0.00020	0.99528
250 A	0.00452	0.00020	0.99528
251 T	0.00453	0.00019	0.99528
252 T	0.00453	0.00019	0.99528
253 T	0.00453	0.00018	0.99529
254 C	0.00453	0.00016	0.99531
255 T	0.00453	0.00016	0.99531
256 A	0.00453	0.00016	0.99531
257 T	0.00454	0.00015	0.99531
258 T	0.00455	0.00014	0.99532
259 T	0.00455	0.00013	0.99532
260 T	0.00456	0.00011	0.99533
261 T	0.00455	0.00011	0.99534
262 A	0.00454	0.00011	0.99535
263 T	0.00453	0.00010	0.99537
264 T	0.00453	0.00009	0.99538
265 G	0.00452	0.00010	0.99539
266 C	0.00451	0.00010	0.99539
267 T	0.00446	0.00015	0.99538
268 T	0.00437	0.00024	0.99538
269 T	0.00422	0.00039	0.99538
270 A	0.00385	0.00077	0.99537
271 A	0.00364	0.00099	0.99537
272 T	0.00356	0.00107	0.99537
273 G	0.00339	0.00123	0.99538
274 A	0.00332	0.00131	0.99538
275 T	0.00329	0.00133	0.99538
276 C	0.00322	0.00140	0.99538
277 G	0.00316	0.00146	0.99538
278 C	0.00311	0.00151	0.99538
279 C	0.00306	0.00156	0.99537
280 T	0.00301	0.00162	0.99537
281 T	0.00294	0.00169	0.99537
282 A	0.00285	0.00178	0.99537
283 G	0.00281	0.00183	0.99537
284 C	0.00277	0.00186	0.99537
285 T	0.00274	0.00187	0.99539
286 T	0.00269	0.00192	0.99539
287 T	0.00262	0.00198	0.9954
288 A	0.00248	0.00211	0.99541
289 A	0.00240	0.00218	0.99542
290 A	0.00237	0.00213	0.9955
291 T	0.00235	0.00202	0.99562
292 A	0.00232	0.00191	0.99577
293 A	0.00229	0.00159	0.99612
294 T	0.00225	0.00141	0.99633
295 G	0.00212	0.00146	0.99642
296 T	0.00205	0.00141	0.99654
297 G	0.00192	0.00151	0.99658
298 A	0.00188	0.00155	0.99657
299 A	0.00186	0.00153	0.99661
300 A	0.00185	0.00149	0.99666
301 A	0.00185	0.00144	0.9967
302 A	0.00186	0.00137	0.99677
303 T	0.00186	0.00130	0.99684
304 T	0.00186	0.00123	0.99691
305 A	0.00185	0.00117	0.99697
306 T	0.00185	0.00113	0.99702
307 T	0.00185	0.00113	0.99702
308 T	0.00184	0.00110	0.99706
309 T	0.00183	0.00108	0.99709
310 T	0.00182	0.00107	0.99711
311 T	0.00179	0.00103	0.99717
312 T	0.00170	0.00110	0.99719
313 A	0.00153	0.00126	0.99721
314 A	0.00148	0.00131	0.99722
315 A	0.00145	0.00130	0.99726
316 A	0.00143	0.00127	0.9973
317 A	0.00143	0.00121	0.99736
318 T	0.00145	0.00106	0.99749
319 A	0.00146	0.00097	0.99757
320 C	0.00148	0.00083	0.99768
321 T	0.00151	0.00078	0.9977
322 T	0.00153	0.00076	0.99771
323 T	0.00153	0.00076	0.99772
324 T	0.00153	0.00075	0.99772
325 A	0.00153	0.00075	0.99772
326 A	0.00153	0.00075	0.99772
327 A	0.00154	0.00074	0.99773
328 A	0.00156	0.00070	0.99774
329 C	0.00159	0.00064	0.99777
330 T	0.00168	0.00055	0.99778
331 T	0.00173	0.00048	0.99779
332 T	0.00176	0.00044	0.99781
333 T	0.00178	0.00040	0.99783
334 T	0.00179	0.00037	0.99785
335 T	0.00179	0.00026	0.99794
336 T	0.00179	0.00012	0.99808
337 T	0.00178	0.00008	0.99813
338 T	0.00175	0.00009	0.99816
339 C	0.00169	0.00014	0.99817
340 T	0.00165	0.00018	0.99817
341 T	0.00156	0.00026	0.99817
342 G	0.00148	0.00035	0.99817
343 C	0.00145	0.00037	0.99817
344 C	0.00143	0.00039	0.99817
345 T	0.00141	0.00041	0.99817
346 T	0.00140	0.00043	0.99817
347 T	0.00137	0.00045	0.99817
348 A	0.00135	0.00048	0.99817
349 A	0.00134	0.00049	0.99817
350 T	0.00133	0.00049	0.99818
351 T	0.00131	0.00051	0.99818
352 T	0.00128	0.00053	0.99818
353 C	0.00124	0.00057	0.99818
354 T	0.00119	0.00063	0.99818
355 A	0.00109	0.00073	0.99818
356 A	0.00106	0.00076	0.99818
357 T	0.00104	0.00078	0.99818
358 A	0.00103	0.00079	0.99818
359 A	0.00102	0.00079	0.9982
360 T	0.00101	0.00076	0.99823
361 G	0.00100	0.00072	0.99828
362 T	0.00100	0.00066	0.99833
363 A	0.00100	0.00062	0.99838
364 G	0.00100	0.00055	0.99845
365 T	0.00100	0.00049	0.99851
366 T	0.00099	0.00047	0.99854
367 A	0.00099	0.00045	0.99856
368 T	0.00099	0.00043	0.99858
369 G	0.00099	0.00041	0.9986
370 G	0.00099	0.00039	0.99862
371 G	0.00099	0.00037	0.99864
372 A	0.00099	0.00036	0.99865
373 A	0.00099	0.00034	0.99866
374 T	0.00099	0.00032	0.9987
375 G	0.00099	0.00028	0.99873
376 A	0.00099	0.00024	0.99877
377 T	0.00099	0.00018	0.99883
378 T	0.00099	0.00010	0.9989
379 T	0.00099	0.00007	0.99893
380 T	0.00099	0.00006	0.99894
381 T	0.00099	0.00005	0.99896
382 G	0.00099	0.00004	0.99896
383 G	0.00099	0.00004	0.99897
384 T	0.00099	0.00004	0.99897
385 A	0.00099	0.00004	0.99897
386 T	0.00099	0.00003	0.99898
387 T	0.00099	0.00003	0.99898
388 T	0.00099	0.00003	0.99898
389 T	0.00099	0.00002	0.99898
390 C	0.00099	0.00002	0.99898
391 T	0.00099	0.00002	0.99898
392 T	0.00099	0.00002	0.99898
393 T	0.00099	0.00003	0.99898
394 T	0.00099	0.00003	0.99898
395 A	0.00098	0.00003	0.99898
396 T	0.00098	0.00003	0.99898
397 T	0.00098	0.00003	0.99898
398 A	0.00098	0.00004	0.99898
399 T	0.00097	0.00004	0.99898
400 A	0.00097	0.00005	0.99898
401 A	0.00096	0.00006	0.99898
402 T	0.00096	0.00006	0.99898
403 T	0.00096	0.00006	0.99898
404 T	0.00096	0.00006	0.99898
405 T	0.00096	0.00006	0.99899
406 G	0.00095	0.00007	0.99899
407 G	0.00095	0.00007	0.99898
408 C	0.00095	0.00008	0.99898
409 A	0.00093	0.00011	0.99896
410 T	0.00092	0.00012	0.99895
411 T	0.00092	0.00013	0.99895
412 A	0.00091	0.00014	0.99895
413 G	0.00090	0.00015	0.99895
414 T	0.00090	0.00015	0.99895
415 T	0.00090	0.00015	0.99896
416 C	0.00089	0.00015	0.99896
417 T	0.00088	0.00016	0.99896
418 G	0.00085	0.00019	0.99896
419 A	0.00083	0.00021	0.99896
420 T	0.00082	0.00023	0.99896
421 A	0.00080	0.00024	0.99896
422 A	0.00080	0.00024	0.99896
423 A	0.00080	0.00024	0.99897
424 C	0.00079	0.00023	0.99898
425 C	0.00079	0.00023	0.99898
426 C	0.00079	0.00023	0.99898
427 A	0.00078	0.00024	0.99898
428 A	0.00078	0.00024	0.99898
429 T	0.00079	0.00023	0.99898
430 G	0.00078	0.00023	0.99898
431 G	0.00079	0.00023	0.99899
432 T	0.00080	0.00019	0.999
433 T	0.00081	0.00019	0.99901
434 T	0.00080	0.00019	0.99901
435 A	0.00078	0.00020	0.99901
436 T	0.00078	0.00021	0.99902
437 T	0.00075	0.00023	0.99902
438 T	0.00072	0.00027	0.99902
439 A	0.00067	0.00031	0.99902
440 A	0.00065	0.00033	0.99903
441 T	0.00063	0.00031	0.99906
442 A	0.00062	0.00031	0.99907
443 C	0.00061	0.00030	0.99909
444 A	0.00061	0.00030	0.9991
445 T	0.00060	0.00029	0.9991
446 T	0.00060	0.00029	0.99911
447 T	0.00060	0.00029	0.99911
448 A	0.00059	0.00030	0.99911
449 T	0.00059	0.00029	0.99911
450 A	0.00059	0.00029	0.99912
451 G	0.00059	0.00029	0.99912
452 G	0.00058	0.00029	0.99912
453 A	0.00058	0.00029	0.99913
454 A	0.00058	0.00029	0.99913
455 A	0.00059	0.00028	0.99913
456 A	0.00059	0.00027	0.99913
457 T	0.00060	0.00025	0.99915
458 T	0.00060	0.00023	0.99917
459 A	0.00060	0.00021	0.99918
460 G	0.00060	0.00018	0.99922
461 G	0.00061	0.00015	0.99925
462 T	0.00061	0.00011	0.99928
463 T	0.00061	0.00010	0.99929
464 T	0.00061	0.00009	0.9993
465 T	0.00061	0.00008	0.99931
466 G	0.00060	0.00009	0.99931
467 G	0.00059	0.00009	0.99931
468 T	0.00059	0.00009	0.99932
469 T	0.00059	0.00009	0.99932
470 C	0.00058	0.00010	0.99932
471 T	0.00057	0.00011	0.99932
472 A	0.00056	0.00012	0.99932
473 A	0.00056	0.00012	0.99932
474 C	0.00056	0.00012	0.99933
475 C	0.00056	0.00012	0.99933
476 A	0.00056	0.00013	0.99932
477 T	0.00056	0.00013	0.99932
478 G	0.00056	0.00013	0.9993
479 A	0.00056	0.00014	0.9993
480 A	0.00056	0.00014	0.9993
481 T	0.00056	0.00013	0.9993
482 G	0.00056	0.00013	0.9993
483 G	0.00056	0.00013	0.9993
484 A	0.00056	0.00014	0.9993
485 T	0.00057	0.00013	0.9993
486 T	0.00057	0.00014	0.9993
487 A	0.00056	0.00015	0.99929
488 A	0.00056	0.00016	0.99928
489 T	0.00056	0.00016	0.99928
490 A	0.00056	0.00016	0.99928
491 G	0.00055	0.00017	0.99929
492 A	0.00054	0.00017	0.99929
493 A	0.00052	0.00019	0.9993
494 C	0.00050	0.00020	0.99931
495 C	0.00048	0.00020	0.99932
496 G	0.00047	0.00021	0.99932
497 C	0.00047	0.00021	0.99932
498 G	0.00047	0.00021	0.99932
499 C	0.00048	0.00021	0.99932
500 C	0.00048	0.00020	0.99932
501 T	0.00049	0.00020	0.99932
502 T	0.00049	0.00020	0.99932
503 A	0.00049	0.00020	0.99932
504 T	0.00049	0.00020	0.99932
505 A	0.00048	0.00020	0.99932
506 G	0.00048	0.00020	0.99932
507 T	0.00049	0.00019	0.99933
508 C	0.00049	0.00019	0.99933
509 A	0.00049	0.00018	0.99933
510 C	0.00049	0.00017	0.99934
511 A	0.00050	0.00017	0.99934
512 A	0.00050	0.00016	0.99934
513 A	0.00051	0.00016	0.99934
514 A	0.00051	0.00015	0.99935
515 T	0.00051	0.00013	0.99935
516 G	0.00051	0.00010	0.99939
517 T	0.00051	0.00008	0.99941
518 T	0.00051	0.00007	0.99942
519 T	0.00051	0.00006	0.99943
520 G	0.00051	0.00006	0.99943
521 T	0.00051	0.00005	0.99943
522 T	0.00051	0.00005	0.99943
523 T	0.00051	0.00006	0.99943
524 T	0.00051	0.00006	0.99943
525 A	0.00051	0.00007	0.99943
526 A	0.00051	0.00007	0.99943
527 T	0.00050	0.00007	0.99942
528 T	0.00050	0.00007	0.99942
529 T	0.00050	0.00008	0.99942
530 T	0.00050	0.00009	0.99941
531 A	0.00050	0.00010	0.9994
532 T	0.00049	0.00011	0.9994
533 A	0.00049	0.00012	0.9994
534 T	0.00049	0.00012	0.99939
535 A	0.00049	0.00012	0.99938
536 A	0.00049	0.00012	0.99938
537 T	0.00049	0.00013	0.99938
538 A	0.00048	0.00013	0.99938
539 T	0.00048	0.00014	0.99938
540 T	0.00047	0.00016	0.99937
541 T	0.00046	0.00019	0.99935
542 G	0.00044	0.00022	0.99935
543 G	0.00043	0.00024	0.99933
544 A	0.00043	0.00025	0.99932
545 A	0.00042	0.00026	0.99931
546 T	0.00043	0.00026	0.99931
547 A	0.00043	0.00025	0.99932
548 G	0.00043	0.00025	0.99932
549 A	0.00044	0.00024	0.99932
550 C	0.00045	0.00023	0.99932
551 T	0.00046	0.00022	0.99932
552 A	0.00046	0.00021	0.99933
553 T	0.00048	0.00019	0.99933
554 C	0.00048	0.00018	0.99933
555 T	0.00049	0.00017	0.99933
556 T	0.00050	0.00017	0.99933
557 T	0.00050	0.00016	0.99933
558 T	0.00050	0.00016	0.99933
559 A	0.00050	0.00016	0.99934
560 A	0.00050	0.00015	0.99934
561 A	0.00051	0.00014	0.99934
562 A	0.00052	0.00013	0.99936
563 T	0.00054	0.00010	0.99937
564 T	0.00055	0.00007	0.99938
565 T	0.00057	0.00004	0.99939
566 T	0.00058	0.00002	0.99941
567 T	0.00058	0.00001	0.99941
568 G	0.00058	0.00001	0.99941
569 T	0.00058	0.00001	0.99941
570 T	0.00058	0.00001	0.99941
571 T	0.00058	0.00001	0.99941
572 T	0.00058	0.00002	0.9994
573 T	0.00058	0.00002	0.9994
574 G	0.00058	0.00003	0.99939
575 T	0.00058	0.00003	0.99939
576 T	0.00057	0.00005	0.99938
577 T	0.00056	0.00006	0.99938
578 T	0.00055	0.00008	0.99938
579 A	0.00053	0.00010	0.99938
580 G	0.00053	0.00010	0.99936
581 C	0.00053	0.00011	0.99936
582 T	0.00053	0.00011	0.99936
583 T	0.00052	0.00012	0.99936
584 T	0.00052	0.00012	0.99935
585 A	0.00049	0.00015	0.99935
586 C	0.00048	0.00017	0.99935
587 A	0.00047	0.00018	0.99935
588 A	0.00046	0.00019	0.99935
589 G	0.00046	0.00019	0.99935
590 A	0.00046	0.00019	0.99935
591 C	0.00046	0.00019	0.99935
592 A	0.00046	0.00019	0.99935
593 T	0.00047	0.00018	0.99935
594 T	0.00047	0.00018	0.99934
595 G	0.00047	0.00019	0.99934
596 A	0.00047	0.00019	0.99934
597 T	0.00048	0.00018	0.99934
598 A	0.00048	0.00018	0.99934
599 A	0.00049	0.00017	0.99934
600 A	0.00049	0.00016	0.99935
601 T	0.00049	0.00014	0.99937
602 C	0.00049	0.00012	0.99939
603 A	0.00049	0.00012	0.99939
604 T	0.00050	0.00012	0.99939
605 A	0.00050	0.00012	0.99939
606 T	0.00050	0.00011	0.99939
607 T	0.00050	0.00011	0.99939
608 A	0.00050	0.00009	0.99941
609 T	0.00050	0.00008	0.99942
610 G	0.00050	0.00007	0.99943
611 C	0.00050	0.00006	0.99944
612 T	0.00050	0.00006	0.99944
613 G	0.00050	0.00006	0.99944
614 C	0.00050	0.00006	0.99944
615 C	0.00050	0.00006	0.99944
616 G	0.00050	0.00006	0.99944
617 C	0.00051	0.00006	0.99943
618 T	0.00051	0.00006	0.99943
619 A	0.00051	0.00007	0.99942
620 A	0.00051	0.00008	0.99941
621 A	0.00051	0.00009	0.99941
622 A	0.00051	0.00010	0.99939
623 T	0.00051	0.00009	0.99939
624 T	0.00051	0.00009	0.99939
625 G	0.00051	0.00009	0.99939
626 A	0.00051	0.00009	0.99939
627 C	0.00051	0.00009	0.99939
628 G	0.00052	0.00009	0.99939
629 G	0.00052	0.00008	0.99939
630 A	0.00052	0.00008	0.99939
631 G	0.00052	0.00008	0.9994
632 C	0.00052	0.00008	0.9994
633 T	0.00052	0.00007	0.99941
634 T	0.00052	0.00007	0.99941
635 C	0.00052	0.00007	0.99941
636 T	0.00052	0.00008	0.99939
637 A	0.00052	0.00008	0.99939
638 G	0.00052	0.00009	0.99939
639 A	0.00052	0.00009	0.99938
640 T	0.00053	0.00008	0.99938
641 G	0.00053	0.00008	0.9994
642 G	0.00054	0.00006	0.9994
643 C	0.00055	0.00005	0.9994
644 G	0.00056	0.00005	0.99939
645 T	0.00057	0.00004	0.99939
646 A	0.00057	0.00005	0.99937
647 T	0.00058	0.00005	0.99937
648 T	0.00058	0.00005	0.99936
649 T	0.00058	0.00005	0.99936
650 T	0.00058	0.00005	0.99936
651 T	0.00058	0.00006	0.99936
652 A	0.00057	0.00006	0.99936
653 C	0.00057	0.00006	0.99936
654 T	0.00057	0.00007	0.99935
655 A	0.00056	0.00010	0.99934
656 A	0.00056	0.00010	0.99934
657 A	0.00055	0.00011	0.99934
658 A	0.00055	0.00011	0.99934
659 T	0.00056	0.00010	0.99934
660 C	0.00056	0.00010	0.99934
661 A	0.00057	0.00009	0.99934
662 C	0.00057	0.00009	0.99934
663 T	0.00057	0.00009	0.99933
664 T	0.00057	0.00009	0.99933
665 T	0.00057	0.00009	0.99933
666 G	0.00057	0.00009	0.99933
667 C	0.00058	0.00009	0.99933
668 C	0.00058	0.00008	0.99933
669 T	0.00059	0.00008	0.99933
670 T	0.00059	0.00007	0.99933
671 T	0.00059	0.00007	0.99933
672 G	0.00060	0.00007	0.99933
673 A	0.00060	0.00007	0.99933
674 T	0.00060	0.00007	0.99932
675 T	0.00060	0.00007	0.99932
676 A	0.00060	0.00007	0.99934
677 A	0.00061	0.00006	0.99934
678 A	0.00062	0.00004	0.99934
679 T	0.00062	0.00003	0.99935
680 C	0.00062	0.00003	0.99935
681 T	0.00062	0.00003	0.99935
682 G	0.00062	0.00003	0.99935
683 T	0.00063	0.00003	0.99935
684 T	0.00063	0.00003	0.99934
685 A	0.00063	0.00003	0.99934
686 T	0.00063	0.00003	0.99934
687 T	0.00063	0.00004	0.99933
688 T	0.00062	0.00005	0.99933
689 T	0.00062	0.00006	0.99932
690 T	0.00062	0.00007	0.99931
691 T	0.00062	0.00007	0.99931
692 A	0.00061	0.00008	0.99931
693 T	0.00061	0.00008	0.99931
694 C	0.00061	0.00009	0.9993
695 A	0.00061	0.00009	0.9993
696 A	0.00062	0.00010	0.99929
697 T	0.00062	0.00010	0.99928
698 T	0.00062	0.00010	0.99928
699 T	0.00062	0.00010	0.99928
700 A	0.00062	0.00011	0.99928
701 T	0.00062	0.00011	0.99927
702 T	0.00062	0.00011	0.99927
703 A	0.00062	0.00011	0.99927
704 T	0.00062	0.00012	0.99927
705 A	0.00061	0.00013	0.99926
706 G	0.00061	0.00014	0.99925
707 A	0.00061	0.00016	0.99924
708 G	0.00061	0.00016	0.99923
709 A	0.00062	0.00017	0.99922
710 T	0.00062	0.00017	0.99921
711 G	0.00063	0.00017	0.9992
712 T	0.00064	0.00016	0.9992
713 T	0.00064	0.00016	0.9992
714 A	0.00064	0.00016	0.99919
715 G	0.00064	0.00016	0.9992
716 C	0.00065	0.00015	0.9992
717 T	0.00065	0.00015	0.9992
718 G	0.00066	0.00015	0.99919
719 T	0.00067	0.00015	0.99918
720 T	0.00067	0.00016	0.99917
721 T	0.00067	0.00017	0.99916
722 T	0.00067	0.00019	0.99915
723 T	0.00067	0.00021	0.99913
724 A	0.00065	0.00028	0.99907
725 A	0.00065	0.00031	0.99904
726 A	0.00065	0.00031	0.99904
727 G	0.00065	0.00032	0.99903
728 A	0.00065	0.00032	0.99903
729 A	0.00067	0.00031	0.99903
730 T	0.00068	0.00029	0.99903
731 A	0.00069	0.00028	0.99903
732 T	0.00070	0.00027	0.99903
733 G	0.00071	0.00027	0.99903
734 A	0.00071	0.00026	0.99903
735 A	0.00072	0.00026	0.99902
736 T	0.00072	0.00025	0.99902
737 C	0.00073	0.00025	0.99902
738 T	0.00073	0.00025	0.99902
739 G	0.00073	0.00025	0.99901
740 T	0.00074	0.00025	0.99901
741 T	0.00075	0.00025	0.999
742 G	0.00075	0.00025	0.99899
743 T	0.00077	0.00024	0.99899
744 G	0.00078	0.00024	0.99898
745 G	0.00079	0.00025	0.99896
746 G	0.00081	0.00024	0.99895
747 T	0.00087	0.00019	0.99894
748 T	0.00089	0.00020	0.99891
749 T	0.00090	0.00022	0.99889
750 A	0.00090	0.00024	0.99886
751 T	0.00090	0.00027	0.99884
752 T	0.00090	0.00033	0.99877
753 T	0.00088	0.00037	0.99875
754 G	0.00086	0.00041	0.99873
755 G	0.00084	0.00045	0.99871
756 A	0.00083	0.00051	0.99866
757 C	0.00081	0.00056	0.99863
758 A	0.00080	0.00069	0.99851
759 T	0.00079	0.00073	0.99848
760 A	0.00078	0.00078	0.99844
761 A	0.00078	0.00082	0.9984
762 T	0.00078	0.00086	0.99835
763 C	0.00078	0.00090	0.99831
764 A	0.00079	0.00104	0.99817
765 T	0.00080	0.00119	0.99801
766 A	0.00081	0.00131	0.99789
767 A	0.00082	0.00142	0.99776
768 T	0.00086	0.00159	0.99755
769 T	0.00087	0.00203	0.9971
770 A	0.00087	0.00235	0.99678
771 T	0.00089	0.00251	0.9966
772 A	0.00089	0.00283	0.99627
773 A	0.00090	0.00295	0.99614
774 A	0.00091	0.00307	0.99601
775 A	0.00096	0.00308	0.99595
776 T	0.00099	0.00307	0.99594
777 A	0.00101	0.00307	0.99592
778 A	0.00103	0.00304	0.99593
779 G	0.00107	0.00299	0.99594
780 A	0.00111	0.00294	0.99595
781 A	0.00120	0.00284	0.99596
782 C	0.00123	0.00279	0.99597
783 A	0.00128	0.00274	0.99598
784 A	0.00135	0.00267	0.99599
785 T	0.00143	0.00258	0.99599
786 C	0.00148	0.00253	0.99599
787 G	0.00160	0.00241	0.99598
788 T	0.00177	0.00225	0.99598
789 G	0.00187	0.00214	0.99599
790 G	0.00201	0.00200	0.99599
791 G	0.00227	0.00175	0.99598
792 T	0.00284	0.00119	0.99596
793 T	0.00314	0.00093	0.99592
794 A	0.00330	0.00082	0.99588
795 T	0.00357	0.00057	0.99586
796 A	0.00365	0.00053	0.99583
797 T	0.00375	0.00046	0.99579
798 T	0.00379	0.00042	0.99578
799 T	0.00381	0.00042	0.99577
800 A	0.00383	0.00042	0.99575
801 T	0.00383	0.00042	0.99575
802 C	0.00382	0.00043	0.99576
803 A	0.00381	0.00044	0.99576
804 T	0.00379	0.00046	0.99576
805 C	0.00375	0.00050	0.99574
806 A	0.00371	0.00057	0.99571
807 A	0.00370	0.00060	0.9957
808 T	0.00370	0.00060	0.9957
809 T	0.00370	0.00061	0.9957
810 A	0.00369	0.00061	0.9957
811 T	0.00369	0.00061	0.9957
812 C	0.00368	0.00062	0.9957
813 G	0.00368	0.00062	0.9957
814 A	0.00369	0.00061	0.9957
815 G	0.00372	0.00058	0.9957
816 T	0.00379	0.00051	0.9957
817 T	0.00383	0.00046	0.9957
818 C	0.00386	0.00043	0.99571
819 G	0.00389	0.00039	0.99571
820 G	0.00393	0.00035	0.99572
821 C	0.00395	0.00034	0.99572
822 T	0.00397	0.00033	0.9957
823 T	0.00398	0.00034	0.99567
824 T	0.00399	0.00036	0.99565
825 T	0.00399	0.00042	0.99559
826 G	0.00399	0.00042	0.99559
827 A	0.00399	0.00043	0.99558
828 A	0.00400	0.00041	0.99559
829 T	0.00403	0.00038	0.99559
830 C	0.00404	0.00041	0.99555
831 T	0.00404	0.00078	0.99518
832 T	0.00404	0.00090	0.99506
833 A	0.00403	0.00113	0.99484
834 T	0.00402	0.00147	0.99451
835 G	0.00400	0.00175	0.99425
836 C	0.00398	0.00197	0.99405
837 T	0.00387	0.00313	0.99299
838 A	0.00368	0.00403	0.99229
839 A	0.00349	0.00480	0.99171
840 A	0.00337	0.00529	0.99134
841 G	0.00331	0.00540	0.99129
842 G	0.00326	0.00555	0.99119
843 A	0.00324	0.00566	0.99109
844 A	0.00324	0.00567	0.99108
845 C	0.00325	0.00567	0.99108
846 A	0.00326	0.00568	0.99105
847 A	0.00329	0.00566	0.99105
848 C	0.00333	0.00562	0.99105
849 A	0.00334	0.00564	0.99102
850 G	0.00337	0.00561	0.99101
851 C	0.00342	0.00556	0.99102
852 G	0.00346	0.00553	0.99101
853 G	0.00354	0.00546	0.991
854 C	0.00390	0.00510	0.991
855 A	0.00407	0.00497	0.99097
856 A	0.00440	0.00465	0.99095
857 T	0.00510	0.00394	0.99096
858 T	0.00555	0.00348	0.99097
859 A	0.00576	0.00326	0.99097
860 T	0.00664	0.00226	0.99111
861 A	0.00706	0.00165	0.99129
862 T	0.00750	0.00102	0.99148
863 T	0.00777	0.00066	0.99157
864 A	0.00782	0.00057	0.99161
865 T	0.00792	0.00044	0.99165
866 T	0.00799	0.00038	0.99163
867 T	0.00799	0.00043	0.99158
868 A	0.00799	0.00048	0.99153
869 T	0.00801	0.00051	0.99148
870 A	0.00801	0.00063	0.99136
871 A	0.00802	0.00063	0.99134
872 T	0.00806	0.00061	0.99133
873 T	0.00807	0.00063	0.99129
874 T	0.00807	0.00076	0.99117
875 C	0.00807	0.00084	0.99109
876 T	0.00807	0.00101	0.99091
877 A	0.00806	0.00118	0.99076
878 T	0.00809	0.00122	0.99069
879 T	0.00809	0.00129	0.99062
880 T	0.00809	0.00135	0.99055
881 T	0.00809	0.00141	0.9905
882 A	0.00809	0.00146	0.99045
883 T	0.00809	0.00146	0.99044
884 T	0.00809	0.00146	0.99045
885 T	0.00809	0.00147	0.99045
886 A	0.00808	0.00148	0.99044
887 C	0.00808	0.00147	0.99044
888 G	0.00808	0.00147	0.99044
889 A	0.00811	0.00144	0.99045
890 T	0.00818	0.00137	0.99045
891 C	0.00818	0.00137	0.99044
892 A	0.00817	0.00140	0.99042
893 C	0.00825	0.00135	0.9904
894 A	0.00825	0.00152	0.99023
895 A	0.00828	0.00167	0.99005
896 G	0.00838	0.00176	0.98987
897 T	0.00861	0.00187	0.98952
898 T	0.00873	0.00207	0.9892
899 T	0.00880	0.00209	0.98911
900 T	0.00875	0.00231	0.98894
901 A	0.00849	0.00289	0.98862
902 T	0.00839	0.00316	0.98845
903 C	0.00821	0.00350	0.98829
904 T	0.00801	0.00391	0.98809
905 T	0.00796	0.00401	0.98803
906 T	0.00785	0.00418	0.98798
907 T	0.00754	0.00454	0.98792
908 C	0.00731	0.00479	0.9879
909 T	0.00717	0.00499	0.98785
910 A	0.00715	0.00501	0.98784
911 A	0.00715	0.00501	0.98785
912 A	0.00715	0.00500	0.98785
913 A	0.00715	0.00500	0.98785
914 A	0.00716	0.00495	0.9879
915 G	0.00719	0.00486	0.98795
916 A	0.00724	0.00479	0.98797
917 A	0.00741	0.00459	0.988
918 A	0.00761	0.00437	0.98802
919 A	0.00783	0.00413	0.98804
920 T	0.00822	0.00371	0.98807
921 A	0.00848	0.00342	0.9881
922 A	0.00861	0.00320	0.98819
923 A	0.00884	0.00280	0.98836
924 T	0.00925	0.00204	0.98871
925 T	0.00945	0.00157	0.98898
926 A	0.00962	0.00101	0.98936
927 A	0.00991	0.00000	0.9901
