# lcl|CP097583.1_cds_USQ93401.1_1
# AA	inside	membr	outside
1 A	0.52038	0.00000	0.47962
2 T	0.51866	0.00172	0.47962
3 G	0.51771	0.00267	0.47962
4 A	0.51771	0.01982	0.46248
5 T	0.51332	0.04228	0.4444
6 A	0.51332	0.05052	0.43617
7 A	0.49330	0.07343	0.43326
8 A	0.49330	0.07350	0.4332
9 T	0.48943	0.07826	0.43231
10 A	0.48942	0.12755	0.38303
11 A	0.48900	0.12949	0.38152
12 A	0.48417	0.13486	0.38097
13 G	0.48208	0.13872	0.37921
14 T	0.48208	0.13872	0.37921
15 T	0.48208	0.15364	0.36428
16 A	0.48199	0.15373	0.36428
17 T	0.48185	0.15427	0.36388
18 T	0.48180	0.15631	0.36189
19 T	0.47872	0.16264	0.35865
20 T	0.45994	0.22076	0.3193
21 A	0.42812	0.25270	0.31918
22 G	0.42706	0.25786	0.31507
23 T	0.42664	0.26135	0.31201
24 A	0.42538	0.26774	0.30687
25 G	0.42528	0.27004	0.30468
26 G	0.42455	0.28142	0.29403
27 A	0.43493	0.28071	0.28436
28 A	0.44899	0.27092	0.28008
29 G	0.45694	0.26862	0.27444
30 A	0.46640	0.25508	0.27852
31 A	0.46942	0.25310	0.27748
32 T	0.47437	0.24399	0.28163
33 T	0.50836	0.21022	0.28142
34 A	0.50893	0.21062	0.28044
35 C	0.51005	0.20677	0.28318
36 T	0.51045	0.20659	0.28297
37 A	0.50730	0.21055	0.28215
38 A	0.51474	0.20338	0.28188
39 A	0.51185	0.20593	0.28222
40 G	0.51318	0.20361	0.28321
41 A	0.51684	0.19204	0.29113
42 T	0.52640	0.17305	0.30055
43 C	0.55620	0.12412	0.31968
44 C	0.55721	0.10772	0.33506
45 T	0.56138	0.10466	0.33397
46 G	0.56369	0.10905	0.32726
47 A	0.56800	0.10949	0.32251
48 A	0.57504	0.10266	0.3223
49 T	0.58917	0.08702	0.32382
50 T	0.60073	0.07024	0.32903
51 A	0.60658	0.06188	0.33155
52 C	0.61279	0.05328	0.33394
53 G	0.61958	0.04648	0.33394
54 T	0.62286	0.04304	0.33411
55 T	0.62430	0.04171	0.334
56 T	0.62538	0.04073	0.33389
57 T	0.62488	0.04269	0.33243
58 A	0.62287	0.04577	0.33135
59 T	0.62243	0.04531	0.33227
60 T	0.62012	0.04699	0.3329
61 A	0.61048	0.05923	0.33029
62 A	0.60296	0.06443	0.33261
63 T	0.59918	0.06652	0.33429
64 G	0.59280	0.07234	0.33487
65 G	0.59046	0.07446	0.33508
66 C	0.58883	0.07583	0.33533
67 G	0.58920	0.07553	0.33527
68 A	0.59070	0.07413	0.33517
69 T	0.59784	0.06669	0.33547
70 G	0.60160	0.06269	0.33571
71 T	0.60231	0.06182	0.33588
72 T	0.60256	0.06086	0.33658
73 C	0.60269	0.06018	0.33713
74 C	0.60284	0.05984	0.33732
75 T	0.60330	0.05967	0.33703
76 T	0.60352	0.05979	0.33669
77 T	0.60290	0.06130	0.3358
78 A	0.58831	0.07762	0.33407
79 G	0.57734	0.08977	0.33289
80 T	0.57053	0.09553	0.33395
81 G	0.55093	0.11448	0.33459
82 A	0.54484	0.12221	0.33294
83 A	0.54282	0.12468	0.33251
84 A	0.54356	0.11905	0.33739
85 T	0.54203	0.12204	0.33593
86 T	0.53990	0.12705	0.33305
87 T	0.53741	0.13006	0.33253
88 A	0.53391	0.13841	0.32768
89 T	0.53208	0.14137	0.32655
90 T	0.52698	0.14859	0.32443
91 T	0.51993	0.15600	0.32407
92 T	0.50849	0.16783	0.32368
93 A	0.48363	0.19385	0.32252
94 G	0.46859	0.21038	0.32104
95 C	0.45793	0.22176	0.32032
96 A	0.44789	0.23486	0.31724
97 G	0.44113	0.24434	0.31453
98 T	0.43774	0.25463	0.30763
99 A	0.43083	0.26517	0.304
100 A	0.42916	0.26836	0.30247
101 A	0.42910	0.25342	0.31748
102 T	0.43005	0.24106	0.32889
103 A	0.42950	0.23363	0.33687
104 G	0.43106	0.21412	0.35482
105 A	0.43330	0.20688	0.35982
106 A	0.43706	0.19913	0.36381
107 A	0.44316	0.19006	0.36678
108 T	0.45774	0.17117	0.37109
109 T	0.46390	0.16210	0.374
110 T	0.46437	0.16031	0.37532
111 T	0.45895	0.16700	0.37406
112 A	0.43519	0.19906	0.36575
113 A	0.42150	0.22473	0.35376
114 T	0.41012	0.24274	0.34715
115 A	0.39507	0.28211	0.32282
116 A	0.38601	0.29083	0.32316
117 T	0.38337	0.29832	0.31831
118 A	0.37452	0.30904	0.31643
119 A	0.36854	0.31157	0.31989
120 A	0.35403	0.32189	0.32408
121 T	0.35263	0.31977	0.32761
122 C	0.34597	0.32093	0.3331
123 A	0.33593	0.33200	0.33207
124 G	0.32707	0.34051	0.33242
125 G	0.32139	0.34728	0.33133
126 T	0.31560	0.35612	0.32828
127 G	0.29566	0.38223	0.32211
128 A	0.28763	0.39420	0.31818
129 A	0.28198	0.40094	0.31708
130 A	0.27811	0.40646	0.31542
131 G	0.27607	0.40741	0.31652
132 A	0.27574	0.40631	0.31796
133 G	0.27941	0.39747	0.32312
134 A	0.28731	0.38156	0.33113
135 A	0.30147	0.34305	0.35547
136 G	0.32331	0.30330	0.3734
137 C	0.34393	0.26734	0.38873
138 T	0.37611	0.22481	0.39908
139 G	0.38835	0.20607	0.40558
140 A	0.40318	0.18820	0.40862
141 T	0.41626	0.16860	0.41514
142 T	0.42199	0.15611	0.4219
143 T	0.42413	0.13381	0.44205
144 T	0.42481	0.12370	0.45149
145 A	0.42418	0.11772	0.45809
146 T	0.42501	0.10808	0.46692
147 T	0.42508	0.10015	0.47476
148 A	0.42365	0.10196	0.47439
149 A	0.42605	0.09987	0.47408
150 T	0.43301	0.08168	0.48531
151 T	0.43626	0.07264	0.49109
152 G	0.43247	0.07456	0.49296
153 T	0.43200	0.07604	0.49196
154 A	0.42803	0.08879	0.48317
155 C	0.42573	0.09830	0.47597
156 A	0.41537	0.13968	0.44495
157 G	0.40673	0.17733	0.41595
158 T	0.40176	0.19802	0.40022
159 T	0.39393	0.22026	0.3858
160 T	0.37973	0.25016	0.37011
161 G	0.35816	0.28664	0.3552
162 G	0.34816	0.31845	0.33339
163 A	0.34444	0.34876	0.30681
164 A	0.34297	0.36963	0.2874
165 T	0.34312	0.37261	0.28428
166 A	0.34178	0.37992	0.2783
167 A	0.34151	0.38486	0.27363
168 A	0.33863	0.38813	0.27324
169 C	0.33663	0.38904	0.27433
170 A	0.33588	0.38977	0.27436
171 A	0.33861	0.38547	0.27592
172 G	0.34430	0.37839	0.27731
173 C	0.34902	0.37284	0.27815
174 A	0.34808	0.37406	0.27786
175 G	0.35135	0.36664	0.28201
176 A	0.35760	0.35924	0.28315
177 A	0.37120	0.34336	0.28544
178 A	0.38344	0.33081	0.28575
179 A	0.42016	0.28283	0.297
180 T	0.46041	0.23206	0.30753
181 T	0.47615	0.20821	0.31564
182 T	0.48017	0.19652	0.32331
183 A	0.47053	0.19650	0.33296
184 G	0.47198	0.17941	0.34861
185 C	0.48215	0.16220	0.35565
186 T	0.49891	0.14734	0.35375
187 A	0.50288	0.14651	0.35062
188 A	0.50339	0.15006	0.34655
189 A	0.50076	0.15369	0.34556
190 T	0.50118	0.15261	0.34621
191 A	0.48531	0.16450	0.35019
192 T	0.47290	0.17324	0.35386
193 A	0.46393	0.17923	0.35685
194 T	0.45986	0.17863	0.36151
195 T	0.45049	0.18520	0.36431
196 A	0.43266	0.20086	0.36648
197 C	0.41931	0.21165	0.36904
198 C	0.40927	0.22095	0.36978
199 A	0.39591	0.23441	0.36968
200 A	0.38892	0.24153	0.36954
201 A	0.38883	0.24171	0.36946
202 G	0.39038	0.23994	0.36968
203 G	0.39409	0.23459	0.37131
204 T	0.39789	0.22109	0.38101
205 T	0.40014	0.20845	0.39141
206 C	0.40123	0.19116	0.40761
207 T	0.40349	0.18408	0.41243
208 A	0.40420	0.17969	0.41611
209 T	0.40707	0.17126	0.42167
210 G	0.40762	0.16307	0.4293
211 T	0.41055	0.15942	0.43003
212 T	0.40990	0.15284	0.43726
213 A	0.40305	0.16402	0.43294
214 G	0.40071	0.15065	0.44864
215 G	0.39962	0.13779	0.46258
216 T	0.39881	0.13144	0.46975
217 G	0.39607	0.13348	0.47045
218 T	0.39506	0.13273	0.47221
219 T	0.39205	0.13800	0.46996
220 G	0.38494	0.14762	0.46744
221 A	0.38055	0.15207	0.46738
222 A	0.37886	0.14632	0.47481
223 G	0.37843	0.14140	0.48018
224 G	0.37849	0.14150	0.48
225 T	0.37859	0.14507	0.47633
226 A	0.37855	0.15598	0.46547
227 G	0.37868	0.17027	0.45105
228 T	0.37892	0.20427	0.41682
229 A	0.37775	0.24635	0.3759
230 T	0.37739	0.26107	0.36155
231 A	0.37456	0.29136	0.33409
232 A	0.37298	0.31508	0.31194
233 G	0.37333	0.32289	0.30378
234 A	0.37493	0.33095	0.29411
235 A	0.37854	0.33406	0.2874
236 T	0.39286	0.31687	0.29028
237 T	0.39795	0.31289	0.28917
238 A	0.40012	0.31519	0.28469
239 A	0.40454	0.31498	0.28049
240 T	0.41389	0.30855	0.27756
241 A	0.42006	0.30375	0.27619
242 T	0.43386	0.28752	0.27862
243 T	0.44293	0.27300	0.28408
244 T	0.43956	0.27390	0.28655
245 C	0.41646	0.29865	0.28489
246 C	0.39472	0.32494	0.28033
247 G	0.37310	0.36400	0.2629
248 A	0.34632	0.40207	0.25161
249 A	0.34092	0.41315	0.24593
250 A	0.34902	0.40815	0.24283
251 A	0.38347	0.37472	0.24181
252 T	0.42459	0.33285	0.24256
253 A	0.43247	0.32487	0.24266
254 A	0.45449	0.30091	0.2446
255 T	0.47410	0.27946	0.24645
256 A	0.47799	0.27549	0.24653
257 A	0.48179	0.27119	0.24702
258 T	0.47433	0.27828	0.24739
259 C	0.45438	0.29846	0.24717
260 A	0.41113	0.34476	0.24411
261 A	0.36974	0.38666	0.2436
262 A	0.30330	0.45360	0.24309
263 A	0.25592	0.50196	0.24212
264 A	0.24042	0.51659	0.24299
265 C	0.23501	0.51064	0.25436
266 A	0.23305	0.51040	0.25655
267 A	0.23670	0.49915	0.26415
268 T	0.24413	0.47405	0.28182
269 A	0.24823	0.45449	0.29729
270 T	0.26287	0.42414	0.313
271 T	0.26833	0.38730	0.34438
272 T	0.26824	0.37289	0.35887
273 T	0.26169	0.37242	0.36589
274 A	0.25159	0.38538	0.36304
275 C	0.24752	0.38893	0.36356
276 A	0.24099	0.40334	0.35567
277 G	0.23797	0.41546	0.34658
278 A	0.23513	0.42975	0.33512
279 A	0.23512	0.43421	0.33066
280 G	0.23582	0.43525	0.32893
281 T	0.23636	0.41660	0.34704
282 A	0.23626	0.39923	0.36451
283 A	0.23867	0.35483	0.4065
284 A	0.23968	0.30906	0.45127
285 G	0.24091	0.23167	0.52742
286 T	0.24338	0.18058	0.57604
287 G	0.24448	0.16804	0.58749
288 T	0.24569	0.17146	0.58285
289 G	0.24678	0.16924	0.58398
290 A	0.24808	0.16836	0.58356
291 T	0.25061	0.16497	0.58442
292 T	0.25353	0.16403	0.58244
293 C	0.25458	0.17022	0.5752
294 A	0.25581	0.17508	0.56911
295 A	0.25853	0.18023	0.56124
296 T	0.26326	0.17747	0.55926
297 T	0.26924	0.18742	0.54334
298 C	0.26624	0.21946	0.51431
299 A	0.27145	0.27954	0.44901
300 A	0.27982	0.32709	0.39309
301 T	0.29130	0.34410	0.36461
302 T	0.29638	0.35867	0.34496
303 T	0.29469	0.37788	0.32744
304 T	0.28891	0.41665	0.29445
305 T	0.27630	0.45454	0.26915
306 A	0.24721	0.48920	0.26358
307 G	0.23059	0.50649	0.26292
308 A	0.22493	0.51270	0.26237
309 A	0.21422	0.52376	0.26202
310 C	0.21238	0.52563	0.26199
311 C	0.21571	0.52272	0.26157
312 T	0.21482	0.52456	0.26062
313 A	0.20752	0.53333	0.25914
314 A	0.20325	0.53875	0.258
315 A	0.20235	0.54056	0.25709
316 A	0.20628	0.53719	0.25653
317 A	0.20325	0.53959	0.25715
318 A	0.21098	0.53096	0.25805
319 A	0.22088	0.52014	0.25897
320 A	0.24805	0.49188	0.26006
321 T	0.28575	0.44966	0.26459
322 A	0.33694	0.39603	0.26703
323 A	0.39243	0.33497	0.2726
324 T	0.42846	0.28748	0.28406
325 T	0.43267	0.27264	0.29469
326 C	0.42444	0.26682	0.30874
327 T	0.43784	0.24997	0.31219
328 A	0.43047	0.25489	0.31465
329 A	0.42232	0.24963	0.32806
330 T	0.41374	0.24591	0.34035
331 T	0.39204	0.26264	0.34532
332 T	0.36403	0.27584	0.36014
333 T	0.33024	0.30246	0.3673
334 C	0.26205	0.36738	0.37057
335 A	0.20576	0.43674	0.3575
336 A	0.18113	0.46666	0.35221
337 A	0.16961	0.48672	0.34368
338 A	0.13816	0.53465	0.32718
339 A	0.11084	0.57332	0.31585
340 G	0.09168	0.59000	0.31832
341 A	0.08585	0.59553	0.31862
342 A	0.08318	0.59014	0.32668
343 G	0.08218	0.58609	0.33173
344 A	0.08432	0.58204	0.33364
345 T	0.08637	0.57335	0.34028
346 A	0.08651	0.57382	0.33966
347 A	0.08720	0.56596	0.34684
348 T	0.08867	0.54712	0.36421
349 T	0.08887	0.53907	0.37206
350 A	0.08905	0.54399	0.36696
351 T	0.09185	0.52436	0.38379
352 A	0.09244	0.50821	0.39935
353 A	0.09259	0.47492	0.43249
354 T	0.09344	0.41848	0.48808
355 C	0.09016	0.39068	0.51916
356 A	0.08501	0.43491	0.48007
357 A	0.08425	0.48491	0.43084
358 A	0.09591	0.52463	0.37946
359 A	0.10497	0.52851	0.36653
360 A	0.11712	0.53608	0.3468
361 A	0.13720	0.51707	0.34573
362 A	0.15174	0.50464	0.34363
363 T	0.16040	0.49163	0.34797
364 A	0.15538	0.52015	0.32447
365 A	0.14949	0.55714	0.29337
366 T	0.14764	0.57324	0.27911
367 G	0.13930	0.60056	0.26014
368 A	0.13532	0.60638	0.25829
369 A	0.13724	0.60392	0.25884
370 A	0.13893	0.60185	0.25922
371 A	0.14098	0.59947	0.25956
372 C	0.14777	0.59142	0.26081
373 C	0.15073	0.58833	0.26094
374 A	0.14812	0.59109	0.26079
375 A	0.14909	0.59045	0.26045
376 G	0.15265	0.58675	0.2606
377 A	0.16275	0.57647	0.26077
378 C	0.18196	0.55266	0.26538
379 A	0.23797	0.49039	0.27164
380 C	0.31651	0.40799	0.27551
381 T	0.39948	0.32658	0.27395
382 A	0.42037	0.31286	0.26677
383 A	0.44388	0.29316	0.26296
384 A	0.48538	0.25176	0.26286
385 T	0.52473	0.21045	0.26482
386 T	0.54196	0.18587	0.27217
387 A	0.56434	0.15054	0.28512
388 T	0.59034	0.11064	0.29902
389 C	0.59861	0.09328	0.30811
390 T	0.61044	0.07651	0.31305
391 G	0.60960	0.07577	0.31463
392 A	0.60790	0.07719	0.31492
393 T	0.60377	0.07967	0.31656
394 G	0.59274	0.09019	0.31707
395 A	0.59245	0.08530	0.32225
396 T	0.59274	0.07690	0.33036
397 G	0.59162	0.07246	0.33592
398 A	0.59193	0.06856	0.33951
399 T	0.59231	0.06461	0.34309
400 G	0.59252	0.06301	0.34448
401 A	0.59276	0.06200	0.34524
402 G	0.59347	0.06021	0.34631
403 G	0.59430	0.05869	0.34701
404 A	0.59679	0.05547	0.34773
405 T	0.60445	0.04631	0.34924
406 T	0.60819	0.04117	0.35064
407 T	0.60954	0.03881	0.35164
408 A	0.60972	0.03788	0.3524
409 C	0.61006	0.03502	0.35493
410 C	0.61072	0.03286	0.35641
411 T	0.61194	0.03117	0.3569
412 T	0.61332	0.02929	0.35739
413 T	0.61510	0.02703	0.35788
414 T	0.61642	0.02470	0.35888
415 T	0.61741	0.02134	0.36124
416 A	0.61784	0.01452	0.36764
417 A	0.61884	0.00000	0.38116
