# lcl|CP097583.1_cds_USQ93369.1_1
# AA	inside	membr	outside
1 A	0.22613	0.00000	0.77387
2 T	0.22589	0.00024	0.77387
3 G	0.22573	0.00040	0.77387
4 A	0.22573	0.00788	0.76639
5 T	0.22479	0.01623	0.75899
6 T	0.22479	0.01761	0.75761
7 A	0.21790	0.02503	0.75707
8 A	0.21790	0.02504	0.75706
9 A	0.21592	0.02717	0.75691
10 A	0.21592	0.03528	0.74881
11 T	0.21557	0.03638	0.74805
12 A	0.19976	0.05319	0.74706
13 G	0.17288	0.08664	0.74048
14 G	0.17288	0.08665	0.74048
15 T	0.17288	0.11242	0.71471
16 A	0.17264	0.11266	0.71471
17 G	0.17245	0.11311	0.71445
18 T	0.17244	0.11356	0.71401
19 C	0.17231	0.11396	0.71373
20 A	0.17144	0.12319	0.70537
21 T	0.16952	0.12512	0.70535
22 G	0.16964	0.12507	0.70529
23 T	0.17005	0.12470	0.70525
24 A	0.17065	0.12412	0.70523
25 T	0.17175	0.12168	0.70656
26 C	0.17205	0.12063	0.70733
27 A	0.17698	0.11499	0.70803
28 T	0.18203	0.10915	0.70882
29 T	0.18285	0.10819	0.70895
30 T	0.18304	0.10534	0.71163
31 A	0.18215	0.10681	0.71104
32 A	0.18204	0.10425	0.71371
33 A	0.18690	0.09778	0.71533
34 A	0.18777	0.09558	0.71665
35 A	0.18999	0.07910	0.73091
36 A	0.19753	0.04766	0.75481
37 C	0.20008	0.04350	0.75642
38 C	0.22458	0.01868	0.75674
39 T	0.22743	0.01572	0.75685
40 T	0.23103	0.01207	0.7569
41 T	0.23197	0.01115	0.75688
42 T	0.23250	0.01064	0.75685
43 T	0.23468	0.00792	0.7574
44 T	0.23464	0.00837	0.757
45 T	0.23463	0.01433	0.75104
46 T	0.23461	0.01718	0.74821
47 A	0.23433	0.01942	0.74625
48 T	0.23417	0.02031	0.74552
49 T	0.23384	0.02278	0.74338
50 T	0.23304	0.02665	0.74031
51 A	0.23152	0.02848	0.74
52 G	0.23129	0.02849	0.74022
53 A	0.23140	0.02811	0.74049
54 T	0.23201	0.02665	0.74134
55 T	0.23221	0.02616	0.74163
56 C	0.23217	0.02597	0.74186
57 T	0.23198	0.02621	0.74181
58 T	0.23152	0.02692	0.74156
59 T	0.23113	0.02748	0.74139
60 T	0.23052	0.02816	0.74132
61 A	0.23016	0.02867	0.74117
62 A	0.22991	0.02896	0.74113
63 A	0.22965	0.02928	0.74107
64 C	0.22959	0.02930	0.74111
65 A	0.22971	0.02919	0.7411
66 A	0.23004	0.02885	0.74111
67 G	0.23296	0.02584	0.7412
68 C	0.23998	0.01874	0.74128
69 T	0.24475	0.01396	0.74129
70 T	0.24726	0.01108	0.74166
71 T	0.24785	0.01023	0.74192
72 A	0.24851	0.00924	0.74225
73 T	0.24974	0.00725	0.743
74 C	0.24985	0.00553	0.74462
75 T	0.24985	0.00524	0.74492
76 T	0.24979	0.00518	0.74503
77 T	0.24963	0.00529	0.74508
78 T	0.24917	0.00570	0.74514
79 G	0.24666	0.00813	0.74521
80 G	0.24635	0.00809	0.74556
81 T	0.24641	0.00749	0.7461
82 G	0.24630	0.00714	0.74656
83 C	0.24633	0.00653	0.74714
84 T	0.24641	0.00641	0.74718
85 A	0.24631	0.00644	0.74725
86 A	0.24633	0.00630	0.74737
87 T	0.24625	0.00627	0.74748
88 A	0.24618	0.00638	0.74745
89 C	0.24618	0.00621	0.74761
90 T	0.24619	0.00636	0.74745
91 T	0.24619	0.00656	0.74725
92 T	0.24616	0.00674	0.74711
93 T	0.24605	0.00705	0.7469
94 A	0.24591	0.00765	0.74644
95 T	0.24579	0.00818	0.74604
96 G	0.24494	0.00981	0.74525
97 A	0.24371	0.01243	0.74386
98 T	0.24109	0.01492	0.74399
99 T	0.23448	0.02148	0.74404
100 T	0.23085	0.02491	0.74423
101 A	0.22706	0.02839	0.74454
102 C	0.22506	0.02797	0.74697
103 A	0.22381	0.02918	0.747
104 C	0.22321	0.02978	0.747
105 T	0.22177	0.03188	0.74635
106 G	0.21984	0.03413	0.74603
107 G	0.21020	0.04432	0.74548
108 A	0.20247	0.05214	0.74539
109 G	0.20099	0.05362	0.7454
110 C	0.20036	0.05413	0.74551
111 G	0.19991	0.05455	0.74554
112 C	0.19950	0.05497	0.74554
113 C	0.19936	0.05534	0.7453
114 T	0.19798	0.05803	0.74399
115 C	0.19510	0.06230	0.7426
116 A	0.19281	0.07051	0.73668
117 A	0.19075	0.07447	0.73477
118 A	0.19039	0.07508	0.73453
119 A	0.19079	0.07399	0.73521
120 T	0.19193	0.07128	0.73679
121 A	0.19160	0.06579	0.74262
122 C	0.19127	0.05689	0.75184
123 T	0.18958	0.05701	0.75342
124 C	0.18770	0.06108	0.75122
125 A	0.18292	0.07540	0.74168
126 A	0.17951	0.08382	0.73667
127 A	0.17722	0.08666	0.73611
128 G	0.17584	0.08680	0.73735
129 A	0.17038	0.09112	0.73849
130 A	0.16655	0.08518	0.74828
131 C	0.16463	0.07959	0.75577
132 A	0.16370	0.08080	0.7555
133 A	0.16332	0.08437	0.75231
134 A	0.16342	0.08866	0.74792
135 T	0.16412	0.09242	0.74346
136 A	0.16440	0.09328	0.74232
137 T	0.16506	0.09124	0.7437
138 A	0.16435	0.08927	0.74637
139 T	0.16825	0.08306	0.74869
140 C	0.16741	0.08233	0.75025
141 T	0.16638	0.08406	0.74955
142 C	0.16456	0.08580	0.74964
143 A	0.16302	0.08782	0.74916
144 A	0.16073	0.09029	0.74899
145 A	0.15959	0.09139	0.74902
146 C	0.16103	0.08767	0.75131
147 T	0.16486	0.08380	0.75135
148 T	0.17015	0.07543	0.75442
149 A	0.16684	0.07955	0.75361
150 T	0.16371	0.08101	0.75528
151 A	0.15623	0.08784	0.75593
152 T	0.15276	0.08536	0.76188
153 A	0.14096	0.09326	0.76578
154 C	0.12932	0.10273	0.76794
155 A	0.11726	0.11692	0.76581
156 A	0.10793	0.12965	0.76243
157 G	0.10308	0.13450	0.76242
158 A	0.09763	0.14012	0.76225
159 A	0.09254	0.14493	0.76254
160 G	0.09009	0.14448	0.76543
161 C	0.08842	0.14424	0.76733
162 A	0.08450	0.15540	0.76011
163 T	0.08070	0.16453	0.75477
164 T	0.07236	0.17712	0.75052
165 A	0.05978	0.19249	0.74773
166 A	0.05094	0.20339	0.74566
167 A	0.04422	0.20823	0.74755
168 A	0.03901	0.21123	0.74976
169 G	0.03618	0.21264	0.75118
170 A	0.03513	0.21412	0.75075
171 A	0.03542	0.21194	0.75264
172 A	0.03753	0.20427	0.75821
173 T	0.03725	0.19949	0.76326
174 G	0.03536	0.19581	0.76883
175 A	0.03422	0.19652	0.76926
176 A	0.03325	0.18999	0.77677
177 A	0.03274	0.18211	0.78516
178 A	0.03353	0.17154	0.79494
179 T	0.03684	0.15788	0.80528
180 A	0.03640	0.15163	0.81197
181 A	0.03638	0.14245	0.82117
182 A	0.03648	0.13527	0.82825
183 A	0.03698	0.13004	0.83298
184 A	0.03890	0.12389	0.83721
185 A	0.04819	0.10631	0.8455
186 T	0.05679	0.08645	0.85676
187 T	0.06140	0.07029	0.86831
188 T	0.06358	0.05804	0.87838
189 T	0.06479	0.05166	0.88354
190 G	0.06493	0.04993	0.88514
191 A	0.06513	0.05202	0.88284
192 A	0.06582	0.05429	0.8799
193 T	0.06800	0.05411	0.8779
194 T	0.06939	0.05846	0.87215
195 A	0.07024	0.07086	0.85889
196 A	0.07096	0.08011	0.84892
197 A	0.07249	0.08034	0.84717
198 T	0.07608	0.07673	0.84718
199 G	0.07786	0.07675	0.84539
200 A	0.08027	0.07618	0.84356
201 T	0.08211	0.07510	0.84279
202 T	0.08254	0.07657	0.84089
203 T	0.08240	0.07808	0.83952
204 A	0.07946	0.08339	0.83715
205 G	0.07738	0.08617	0.83644
206 T	0.07682	0.08794	0.83524
207 A	0.07571	0.08955	0.83474
208 G	0.07517	0.09054	0.83429
209 G	0.07508	0.09065	0.83427
210 G	0.07536	0.09034	0.8343
211 C	0.07605	0.08958	0.83437
212 A	0.07706	0.08856	0.83437
213 C	0.08078	0.08476	0.83445
214 G	0.08672	0.07880	0.83449
215 C	0.09311	0.07239	0.8345
216 A	0.09779	0.06773	0.83448
217 C	0.10556	0.05994	0.8345
218 C	0.12004	0.04548	0.83449
219 T	0.13180	0.03375	0.83444
220 T	0.13512	0.03053	0.83434
221 A	0.13642	0.02926	0.83431
222 T	0.13963	0.02605	0.83432
223 A	0.14188	0.02374	0.83438
224 T	0.14447	0.02036	0.83516
225 T	0.14638	0.01768	0.83594
226 A	0.14790	0.01521	0.83689
227 T	0.15002	0.00988	0.84011
228 C	0.15018	0.00774	0.84208
229 A	0.15033	0.00740	0.84227
230 A	0.15014	0.00720	0.84265
231 T	0.15009	0.00713	0.84279
232 T	0.14903	0.00804	0.84293
233 T	0.14578	0.01134	0.84287
234 A	0.13761	0.01959	0.8428
235 G	0.13389	0.02337	0.84274
236 C	0.13096	0.02796	0.84108
237 T	0.12669	0.03338	0.83994
238 A	0.11253	0.04782	0.83965
239 A	0.10810	0.05238	0.83953
240 T	0.10734	0.05317	0.8395
241 C	0.10591	0.05459	0.83951
242 C	0.10519	0.05528	0.83953
243 T	0.10486	0.05565	0.83949
244 T	0.10465	0.05596	0.83939
245 C	0.10441	0.05629	0.8393
246 T	0.10405	0.05702	0.83893
247 T	0.10339	0.05807	0.83854
248 T	0.10277	0.05903	0.83819
249 A	0.09995	0.06224	0.83781
250 G	0.09925	0.06327	0.83748
251 A	0.09900	0.06314	0.83786
252 A	0.09887	0.06267	0.83846
253 A	0.09884	0.06195	0.83921
254 A	0.09904	0.06077	0.8402
255 A	0.09902	0.05923	0.84175
256 A	0.09915	0.05515	0.8457
257 G	0.09952	0.04700	0.85348
258 A	0.10002	0.04341	0.85657
259 A	0.10179	0.03866	0.85955
260 A	0.10298	0.03295	0.86406
261 T	0.10339	0.01807	0.87854
262 T	0.10355	0.01340	0.88305
263 T	0.10359	0.01260	0.88381
264 T	0.10343	0.01179	0.88478
265 G	0.10302	0.01174	0.88524
266 C	0.10282	0.01126	0.88593
267 T	0.10291	0.01102	0.88607
268 A	0.10275	0.01103	0.88622
269 T	0.10311	0.01027	0.88662
270 C	0.10320	0.00960	0.88719
271 T	0.10336	0.00939	0.88725
272 C	0.10329	0.00718	0.88953
273 T	0.10332	0.00917	0.88751
274 T	0.10314	0.01341	0.88345
275 T	0.10257	0.02991	0.86752
276 T	0.10072	0.04022	0.85907
277 T	0.09777	0.04386	0.85837
278 T	0.09334	0.04891	0.85775
279 A	0.08508	0.05766	0.85726
280 A	0.08285	0.06019	0.85697
281 C	0.08162	0.06152	0.85686
282 A	0.08098	0.06246	0.85657
283 G	0.08071	0.06324	0.85605
284 A	0.08063	0.06449	0.85488
285 A	0.08055	0.06501	0.85444
286 G	0.08057	0.06525	0.85417
287 A	0.08059	0.06541	0.854
288 A	0.08080	0.06497	0.85423
289 T	0.08095	0.06473	0.85432
290 T	0.08104	0.06502	0.85394
291 A	0.08085	0.06675	0.8524
292 A	0.08074	0.06737	0.85189
293 A	0.08051	0.06760	0.85188
294 A	0.08087	0.06703	0.8521
295 A	0.08171	0.06567	0.85263
296 G	0.08507	0.06106	0.85387
297 A	0.08988	0.05536	0.85476
298 T	0.10625	0.03702	0.85673
299 T	0.11356	0.02638	0.86006
300 T	0.11421	0.02213	0.86366
301 T	0.11434	0.01825	0.86741
302 C	0.11240	0.01489	0.87271
303 T	0.11146	0.01701	0.87153
304 C	0.10938	0.02026	0.87036
305 A	0.10818	0.02556	0.86627
306 A	0.10821	0.02584	0.86595
307 T	0.10903	0.02512	0.86585
308 T	0.10800	0.02625	0.86576
309 A	0.10604	0.02847	0.86548
310 C	0.10450	0.03019	0.86532
311 A	0.10431	0.03156	0.86413
312 A	0.10454	0.03141	0.86405
313 A	0.10514	0.03072	0.86414
314 T	0.10707	0.02859	0.86435
315 T	0.10754	0.02797	0.86449
316 C	0.10753	0.02755	0.86493
317 C	0.10683	0.02824	0.86492
318 A	0.10220	0.03325	0.86455
319 C	0.10033	0.03548	0.86419
320 A	0.09904	0.03728	0.86368
321 A	0.09865	0.03811	0.86324
322 A	0.09875	0.03835	0.86291
323 T	0.09947	0.03746	0.86307
324 G	0.09992	0.03680	0.86329
325 G	0.10136	0.03297	0.86567
326 T	0.10360	0.02961	0.86679
327 T	0.10508	0.02617	0.86875
328 T	0.10717	0.02306	0.86977
329 T	0.10718	0.02269	0.87013
330 A	0.10700	0.02242	0.87057
331 C	0.10690	0.02112	0.87197
332 A	0.10671	0.02023	0.87305
333 T	0.10679	0.01872	0.87449
334 C	0.10705	0.01831	0.87465
335 C	0.10632	0.01919	0.8745
336 A	0.10510	0.02120	0.8737
337 G	0.10410	0.02269	0.87321
338 G	0.10346	0.02379	0.87275
339 A	0.10195	0.02564	0.87241
340 A	0.10048	0.02686	0.87266
341 A	0.10015	0.02269	0.87716
342 T	0.10034	0.02013	0.87953
343 C	0.09993	0.01883	0.88123
344 A	0.09959	0.02001	0.88039
345 T	0.09942	0.02164	0.87894
346 C	0.09881	0.02399	0.8772
347 T	0.09855	0.02922	0.87224
348 T	0.09726	0.03165	0.87109
349 G	0.09438	0.03549	0.87013
350 A	0.09202	0.03990	0.86807
351 T	0.08940	0.04364	0.86697
352 C	0.08594	0.04694	0.86713
353 A	0.08315	0.05002	0.86683
354 A	0.08139	0.05181	0.8668
355 A	0.08020	0.05294	0.86686
356 C	0.07677	0.05620	0.86703
357 T	0.07133	0.06205	0.86663
358 A	0.06479	0.06847	0.86674
359 A	0.06168	0.07104	0.86728
360 A	0.05854	0.07380	0.86765
361 A	0.05743	0.07480	0.86777
362 A	0.05699	0.07358	0.86944
363 A	0.05679	0.07199	0.87123
364 G	0.05696	0.07040	0.87264
365 A	0.05697	0.06989	0.87315
366 A	0.05692	0.06886	0.87422
367 G	0.05850	0.06609	0.87541
368 C	0.06043	0.06295	0.87661
369 A	0.06237	0.06039	0.87724
370 A	0.06715	0.05511	0.87774
371 T	0.06905	0.05177	0.87918
372 T	0.07007	0.04853	0.8814
373 C	0.07079	0.04582	0.88338
374 T	0.07129	0.04242	0.88629
375 A	0.07122	0.04012	0.88866
376 T	0.07141	0.03880	0.88979
377 T	0.07134	0.03979	0.88887
378 A	0.07038	0.04275	0.88687
379 A	0.06985	0.03874	0.89142
380 T	0.06959	0.03165	0.89876
381 T	0.06861	0.02618	0.9052
382 G	0.06695	0.02489	0.90816
383 C	0.06660	0.02284	0.91056
384 T	0.06621	0.02332	0.91047
385 A	0.06502	0.02559	0.90939
386 T	0.06378	0.02786	0.90836
387 A	0.06032	0.03408	0.9056
388 G	0.05845	0.04204	0.89951
389 G	0.05778	0.04675	0.89546
390 A	0.05712	0.05287	0.89002
391 A	0.05705	0.05570	0.88725
392 T	0.05740	0.05738	0.88522
393 T	0.05755	0.05810	0.88434
394 A	0.05729	0.06265	0.88005
395 A	0.05728	0.06365	0.87907
396 T	0.05698	0.06367	0.87935
397 C	0.05693	0.06388	0.87919
398 A	0.05741	0.06423	0.87837
399 A	0.05875	0.06309	0.87816
400 A	0.06090	0.06078	0.87831
401 T	0.06370	0.05698	0.87932
402 T	0.06390	0.05619	0.87991
403 T	0.06327	0.05584	0.8809
404 T	0.06024	0.05838	0.88138
405 A	0.05317	0.06769	0.87914
406 A	0.04861	0.07435	0.87704
407 G	0.04702	0.07635	0.87663
408 A	0.04642	0.07832	0.87526
409 A	0.04628	0.07731	0.87641
410 A	0.04847	0.07227	0.87927
411 T	0.05520	0.06412	0.88068
412 A	0.05610	0.06344	0.88046
413 C	0.05818	0.06146	0.88036
414 A	0.05830	0.06493	0.87678
415 A	0.05932	0.06408	0.8766
416 A	0.06015	0.06322	0.87664
417 T	0.06537	0.05766	0.87696
418 T	0.06631	0.05656	0.87713
419 C	0.06581	0.05636	0.87782
420 T	0.06565	0.05651	0.87784
421 T	0.06422	0.05840	0.87738
422 T	0.05934	0.06444	0.87622
423 A	0.04484	0.08088	0.87428
424 A	0.04224	0.08506	0.87271
425 A	0.04127	0.08587	0.87286
426 A	0.04083	0.08516	0.87401
427 A	0.04145	0.08084	0.87771
428 T	0.04577	0.07010	0.88413
429 T	0.04702	0.06517	0.88781
430 A	0.04728	0.06369	0.88904
431 A	0.04859	0.06100	0.8904
432 A	0.04880	0.05906	0.89214
433 A	0.04914	0.05701	0.89385
434 T	0.04994	0.05456	0.89549
435 A	0.05064	0.05134	0.89801
436 A	0.05150	0.04870	0.8998
437 T	0.05468	0.04394	0.90138
438 T	0.05471	0.04345	0.90184
439 T	0.05407	0.04459	0.90133
440 T	0.05114	0.04908	0.89978
441 A	0.04579	0.05815	0.89606
442 G	0.04462	0.05890	0.89647
443 A	0.04386	0.05956	0.89658
444 A	0.04415	0.05746	0.89838
445 A	0.04516	0.05193	0.90291
446 C	0.04695	0.03763	0.91542
447 T	0.04643	0.03996	0.9136
448 A	0.04366	0.04271	0.91363
449 T	0.04211	0.04498	0.91292
450 G	0.03936	0.04963	0.91101
451 G	0.03730	0.05343	0.90927
452 C	0.03599	0.05417	0.90984
453 T	0.03507	0.05699	0.90794
454 G	0.03421	0.06209	0.90369
455 G	0.03379	0.06969	0.89652
456 A	0.03349	0.07226	0.89425
457 A	0.03330	0.07348	0.89322
458 A	0.03332	0.07370	0.89298
459 A	0.03345	0.07348	0.89307
460 G	0.03394	0.07245	0.89361
461 G	0.03474	0.07098	0.89428
462 A	0.03581	0.06908	0.89511
463 A	0.03758	0.06447	0.89795
464 C	0.04123	0.05600	0.90277
465 A	0.04236	0.05421	0.90343
466 G	0.04349	0.05254	0.90397
467 A	0.04423	0.05223	0.90355
468 A	0.04494	0.05143	0.90364
469 A	0.04590	0.05020	0.9039
470 T	0.04942	0.04374	0.90684
471 A	0.05016	0.03980	0.91004
472 G	0.05204	0.03537	0.9126
473 G	0.05647	0.02789	0.91563
474 T	0.06174	0.02034	0.91793
475 T	0.06422	0.01699	0.91879
476 C	0.06604	0.01513	0.91883
477 T	0.06883	0.01549	0.91568
478 T	0.07177	0.01547	0.91276
479 G	0.07182	0.01765	0.91053
480 T	0.07191	0.01823	0.90986
481 T	0.07125	0.01937	0.90938
482 T	0.06910	0.02169	0.90921
483 T	0.06634	0.02481	0.90884
484 C	0.05857	0.03351	0.90792
485 A	0.05361	0.04004	0.90634
486 G	0.05186	0.04236	0.90577
487 G	0.05127	0.04353	0.9052
488 A	0.05091	0.04446	0.90464
489 A	0.05073	0.04503	0.90424
490 T	0.05126	0.04455	0.90418
491 T	0.05135	0.04457	0.90409
492 A	0.05114	0.04500	0.90386
493 A	0.05098	0.04535	0.90368
494 A	0.05094	0.04536	0.9037
495 A	0.05090	0.04538	0.90372
496 G	0.05084	0.04540	0.90375
497 A	0.05122	0.04503	0.90374
498 A	0.05239	0.04374	0.90388
499 A	0.05439	0.04117	0.90444
500 T	0.05837	0.03664	0.90499
501 T	0.06096	0.03342	0.90563
502 A	0.06199	0.03131	0.90671
503 T	0.06278	0.02863	0.90859
504 T	0.06296	0.02629	0.91076
505 G	0.06270	0.02415	0.91315
506 A	0.06244	0.02380	0.91376
507 T	0.06303	0.01895	0.91802
508 T	0.06326	0.01736	0.91939
509 T	0.06128	0.01889	0.91982
510 A	0.05613	0.02572	0.91814
511 A	0.05305	0.03119	0.91575
512 T	0.05166	0.03299	0.91534
513 C	0.04915	0.03676	0.91409
514 G	0.04764	0.04105	0.91131
515 A	0.04726	0.04177	0.91097
516 T	0.04716	0.04221	0.91063
517 A	0.04655	0.04330	0.91015
518 A	0.04618	0.04380	0.91002
519 C	0.04596	0.04386	0.91017
520 A	0.04582	0.04411	0.91007
521 A	0.04589	0.04413	0.90997
522 A	0.04607	0.04400	0.90993
523 G	0.04621	0.04387	0.90991
524 A	0.04639	0.04368	0.90993
525 T	0.04689	0.04272	0.91039
526 A	0.04705	0.04241	0.91055
527 G	0.04738	0.04158	0.91104
528 A	0.04813	0.04023	0.91164
529 A	0.04962	0.03774	0.91264
530 T	0.05103	0.03479	0.91418
531 A	0.05260	0.03171	0.91569
532 G	0.05361	0.02777	0.91862
533 G	0.05594	0.02042	0.92363
534 T	0.05958	0.01378	0.92665
535 G	0.06038	0.01143	0.9282
536 T	0.06209	0.00780	0.93011
537 T	0.06406	0.00462	0.93132
538 T	0.06437	0.00374	0.93189
539 G	0.06452	0.00330	0.93218
540 T	0.06494	0.00243	0.93263
541 T	0.06507	0.00207	0.93287
542 T	0.06508	0.00189	0.93302
543 T	0.06510	0.00186	0.93304
544 G	0.06511	0.00187	0.93302
545 A	0.06512	0.00197	0.93291
546 T	0.06517	0.00207	0.93277
547 A	0.06517	0.00244	0.93239
548 C	0.06521	0.00246	0.93233
549 T	0.06531	0.00238	0.93232
550 T	0.06528	0.00245	0.93227
551 G	0.06525	0.00251	0.93224
552 T	0.06524	0.00256	0.9322
553 C	0.06517	0.00268	0.93215
554 A	0.06518	0.00282	0.93201
555 T	0.06522	0.00288	0.93189
556 G	0.06526	0.00293	0.93181
557 T	0.06535	0.00292	0.93173
558 T	0.06540	0.00298	0.93162
559 T	0.06533	0.00333	0.93135
560 T	0.06510	0.00401	0.93088
561 T	0.06461	0.00537	0.93003
562 G	0.06326	0.00706	0.92967
563 A	0.06239	0.00818	0.92943
564 T	0.06167	0.00916	0.92917
565 G	0.05936	0.01190	0.92874
566 C	0.05860	0.01292	0.92847
567 A	0.05795	0.01408	0.92797
568 G	0.05765	0.01465	0.9277
569 G	0.05770	0.01480	0.92751
570 T	0.05806	0.01461	0.92733
571 T	0.05803	0.01490	0.92708
572 A	0.05792	0.01501	0.92708
573 T	0.05782	0.01506	0.92713
574 G	0.05754	0.01536	0.9271
575 A	0.05695	0.01603	0.92702
576 C	0.05622	0.01678	0.927
577 A	0.05594	0.01739	0.92667
578 T	0.05562	0.01812	0.92626
579 T	0.05383	0.02060	0.92557
580 A	0.04971	0.02521	0.92507
581 A	0.04655	0.02869	0.92475
582 A	0.04564	0.02972	0.92463
583 A	0.04528	0.03003	0.92469
584 A	0.04556	0.02949	0.92496
585 T	0.04580	0.02832	0.92588
586 A	0.04539	0.02866	0.92594
587 A	0.04531	0.02905	0.92563
588 T	0.04583	0.02655	0.92762
589 T	0.04596	0.02576	0.92828
590 T	0.04592	0.02533	0.92876
591 T	0.04560	0.02544	0.92896
592 C	0.04458	0.02660	0.92882
593 A	0.04370	0.02792	0.92838
594 T	0.04306	0.02898	0.92796
595 A	0.04149	0.03130	0.92722
596 A	0.04103	0.03234	0.92663
597 A	0.04075	0.03359	0.92566
598 G	0.04072	0.03309	0.92619
599 T	0.04080	0.03217	0.92703
600 A	0.04088	0.03194	0.92718
601 A	0.04100	0.03137	0.92763
602 T	0.04162	0.02903	0.92935
603 A	0.04179	0.02612	0.93208
604 G	0.04189	0.02363	0.93449
605 A	0.04216	0.02388	0.93396
606 A	0.04254	0.02403	0.93344
607 G	0.04296	0.02376	0.93328
608 A	0.04344	0.02378	0.93279
609 A	0.04431	0.02268	0.93301
610 T	0.04551	0.02115	0.93334
611 T	0.04566	0.02264	0.9317
612 T	0.04562	0.02561	0.92877
613 G	0.04493	0.03150	0.92357
614 A	0.04481	0.03200	0.92319
615 T	0.04493	0.03129	0.92377
616 A	0.04492	0.03083	0.92425
617 A	0.04521	0.03012	0.92466
618 C	0.04584	0.02835	0.9258
619 A	0.04655	0.02854	0.92491
620 T	0.04782	0.02710	0.92508
621 T	0.04821	0.02695	0.92484
622 A	0.04836	0.02697	0.92467
623 T	0.04867	0.02659	0.92473
624 C	0.04870	0.02632	0.92499
625 G	0.04886	0.02633	0.92481
626 G	0.04934	0.02594	0.92472
627 A	0.05028	0.02531	0.92441
628 T	0.05195	0.02387	0.92419
629 T	0.05309	0.02310	0.92381
630 A	0.05354	0.02327	0.92319
631 A	0.05418	0.02290	0.92292
632 A	0.05469	0.02254	0.92277
633 A	0.05552	0.02174	0.92274
634 T	0.05791	0.01928	0.92281
635 A	0.06099	0.01605	0.92295
636 T	0.06623	0.01015	0.92363
637 T	0.06673	0.00946	0.92381
638 T	0.06666	0.00940	0.92394
639 A	0.06618	0.00972	0.92409
640 A	0.06625	0.00958	0.92417
641 C	0.06649	0.00914	0.92437
642 T	0.06752	0.00808	0.92441
643 A	0.06764	0.00796	0.92441
644 T	0.06817	0.00738	0.92444
645 T	0.06785	0.00761	0.92454
646 C	0.06531	0.01014	0.92455
647 T	0.06311	0.01229	0.9246
648 T	0.06046	0.01506	0.92449
649 C	0.05805	0.01767	0.92429
650 A	0.05684	0.01944	0.92372
651 T	0.05636	0.02009	0.92356
652 A	0.05489	0.02165	0.92346
653 T	0.05445	0.02208	0.92347
654 T	0.05300	0.02362	0.92338
655 A	0.05051	0.02622	0.92327
656 A	0.04960	0.02713	0.92328
657 T	0.04938	0.02730	0.92332
658 G	0.04902	0.02754	0.92344
659 A	0.04902	0.02741	0.92357
660 T	0.04903	0.02705	0.92392
661 T	0.04883	0.02695	0.92421
662 C	0.04830	0.02709	0.9246
663 T	0.04752	0.02800	0.92448
664 A	0.04583	0.03016	0.92401
665 A	0.04489	0.03138	0.92373
666 A	0.04426	0.03224	0.9235
667 A	0.04372	0.03296	0.92332
668 A	0.04355	0.03204	0.92442
669 T	0.04349	0.02897	0.92754
670 G	0.04342	0.02607	0.9305
671 A	0.04351	0.02384	0.93265
672 T	0.04385	0.02130	0.93486
673 T	0.04415	0.02019	0.93566
674 T	0.04408	0.01967	0.93625
675 A	0.04389	0.01865	0.93746
676 G	0.04373	0.01777	0.9385
677 G	0.04330	0.01790	0.9388
678 T	0.04300	0.01891	0.93809
679 A	0.04142	0.02510	0.93348
680 G	0.04056	0.02744	0.93199
681 T	0.03927	0.03115	0.92957
682 A	0.03654	0.03634	0.92712
683 G	0.03400	0.04073	0.92526
684 A	0.03268	0.04424	0.92308
685 A	0.03213	0.04699	0.92087
686 A	0.03204	0.04745	0.9205
687 A	0.03234	0.04640	0.92126
688 G	0.03240	0.04592	0.92168
689 A	0.03257	0.04549	0.92195
690 T	0.03280	0.04472	0.92248
691 A	0.03271	0.04470	0.92259
692 G	0.03271	0.04465	0.92264
693 A	0.03277	0.04460	0.92262
694 C	0.03295	0.04446	0.92259
695 A	0.03307	0.04530	0.92163
696 T	0.03365	0.04585	0.9205
697 G	0.03356	0.04691	0.91953
698 A	0.03360	0.04793	0.91847
699 A	0.03390	0.04861	0.91749
700 A	0.03515	0.04757	0.91728
701 A	0.03790	0.04456	0.91755
702 T	0.04470	0.03609	0.91921
703 A	0.04655	0.03339	0.92007
704 T	0.04911	0.02936	0.92152
705 A	0.05040	0.02590	0.9237
706 G	0.05184	0.02216	0.926
707 G	0.05376	0.01924	0.92699
708 T	0.05646	0.01634	0.9272
709 T	0.05744	0.01579	0.92678
710 A	0.05790	0.01562	0.92648
711 T	0.05830	0.01542	0.92628
712 G	0.05839	0.01559	0.92602
713 G	0.05838	0.01586	0.92576
714 A	0.05839	0.01656	0.92504
715 A	0.05862	0.01669	0.92469
716 A	0.05896	0.01667	0.92437
717 A	0.05965	0.01610	0.92425
718 A	0.06092	0.01503	0.92405
719 T	0.06245	0.01377	0.92378
720 A	0.06332	0.01401	0.92267
721 G	0.06425	0.01338	0.92236
722 G	0.06520	0.01251	0.92228
723 T	0.06622	0.01186	0.92192
724 T	0.06660	0.01187	0.92153
725 T	0.06672	0.01204	0.92123
726 T	0.06666	0.01228	0.92106
727 G	0.06620	0.01276	0.92105
728 A	0.06601	0.01293	0.92106
729 T	0.06614	0.01273	0.92113
730 G	0.06599	0.01281	0.92119
731 C	0.06634	0.01241	0.92125
732 T	0.06710	0.01167	0.92123
733 C	0.06732	0.01151	0.92117
734 T	0.06774	0.01112	0.92114
735 T	0.06801	0.01090	0.92109
736 A	0.06810	0.01092	0.92098
737 T	0.06866	0.01033	0.92101
738 C	0.06885	0.01016	0.92098
739 A	0.06918	0.00992	0.9209
740 A	0.06948	0.00965	0.92087
741 A	0.07002	0.00910	0.92088
742 A	0.07084	0.00827	0.92089
743 T	0.07275	0.00632	0.92093
744 T	0.07376	0.00518	0.92106
745 A	0.07412	0.00477	0.92111
746 T	0.07462	0.00414	0.92123
747 T	0.07489	0.00372	0.92139
748 T	0.07503	0.00347	0.9215
749 A	0.07504	0.00338	0.92159
750 T	0.07507	0.00299	0.92193
751 T	0.07508	0.00276	0.92216
752 A	0.07506	0.00274	0.92221
753 T	0.07506	0.00239	0.92255
754 G	0.07502	0.00238	0.9226
755 A	0.07499	0.00241	0.92261
756 T	0.07489	0.00231	0.92279
757 C	0.07476	0.00242	0.92282
758 G	0.07474	0.00277	0.92249
759 T	0.07488	0.00299	0.92213
760 T	0.07491	0.00301	0.92208
761 T	0.07486	0.00311	0.92204
762 T	0.07479	0.00318	0.92203
763 T	0.07445	0.00352	0.92203
764 C	0.07393	0.00421	0.92186
765 A	0.07317	0.00630	0.92052
766 C	0.07303	0.00727	0.91969
767 A	0.07296	0.00898	0.91806
768 T	0.07299	0.00928	0.91773
769 T	0.07298	0.00937	0.91765
770 T	0.07296	0.00944	0.91759
771 A	0.07287	0.00958	0.91756
772 C	0.07288	0.00950	0.91762
773 C	0.07282	0.00960	0.91758
774 T	0.07242	0.01022	0.91735
775 A	0.07176	0.01113	0.9171
776 A	0.07157	0.01153	0.9169
777 A	0.07150	0.01183	0.91667
778 A	0.07153	0.01202	0.91644
779 T	0.07166	0.01174	0.9166
780 A	0.07174	0.01170	0.91656
781 T	0.07187	0.01180	0.91633
782 T	0.07171	0.01227	0.91602
783 A	0.07041	0.01449	0.91509
784 G	0.06973	0.01518	0.9151
785 A	0.06952	0.01539	0.91509
786 A	0.06952	0.01507	0.91541
787 A	0.06985	0.01423	0.91592
788 C	0.07134	0.01193	0.91674
789 T	0.07230	0.01083	0.91686
790 C	0.07352	0.00954	0.91694
791 C	0.07382	0.00924	0.91694
792 T	0.07396	0.00915	0.91689
793 T	0.07403	0.00916	0.9168
794 T	0.07402	0.00912	0.91685
795 T	0.07375	0.00939	0.91687
796 A	0.07294	0.01014	0.91692
797 T	0.07255	0.00999	0.91746
798 C	0.07090	0.01098	0.91812
799 A	0.06876	0.01335	0.91788
800 A	0.06397	0.01871	0.91732
801 T	0.06160	0.02183	0.91657
802 A	0.05671	0.02812	0.91517
803 A	0.05239	0.03323	0.91438
804 T	0.05054	0.03474	0.91473
805 A	0.04868	0.03612	0.9152
806 T	0.04871	0.03478	0.91652
807 G	0.04744	0.03540	0.91716
808 C	0.04669	0.03590	0.91742
809 C	0.04607	0.03645	0.91749
810 T	0.04566	0.03687	0.91747
811 C	0.04508	0.03748	0.91743
812 C	0.04477	0.03791	0.91732
813 T	0.04453	0.03825	0.91722
814 T	0.04412	0.03875	0.91713
815 A	0.04300	0.04005	0.91695
816 T	0.04195	0.04126	0.91679
817 C	0.03909	0.04423	0.91667
818 A	0.03527	0.04922	0.91551
819 A	0.03399	0.05131	0.91471
820 A	0.03262	0.05441	0.91298
821 A	0.03154	0.05591	0.91254
822 A	0.03090	0.05727	0.91183
823 G	0.03100	0.05425	0.91474
824 A	0.03125	0.05455	0.9142
825 A	0.03219	0.05161	0.9162
826 A	0.03262	0.05093	0.91645
827 T	0.03252	0.05383	0.91365
828 T	0.03191	0.05667	0.91142
829 G	0.03089	0.06184	0.90727
830 A	0.03016	0.06633	0.90351
831 A	0.02933	0.07010	0.90058
832 A	0.02887	0.07390	0.89723
833 T	0.02881	0.07629	0.89491
834 G	0.02853	0.07957	0.89189
835 A	0.02846	0.08457	0.88697
836 T	0.02846	0.08634	0.8852
837 A	0.02831	0.08657	0.88513
838 A	0.02829	0.08577	0.88594
839 A	0.02844	0.08447	0.88709
840 A	0.02855	0.08140	0.89005
841 C	0.02987	0.07655	0.89358
842 A	0.03132	0.07474	0.89394
843 A	0.03347	0.07201	0.89453
844 A	0.03550	0.06978	0.89473
845 A	0.03817	0.06707	0.89476
846 T	0.04168	0.06399	0.89433
847 A	0.04475	0.06225	0.893
848 A	0.04773	0.06116	0.89111
849 A	0.05303	0.05861	0.88836
850 T	0.06121	0.05176	0.88702
851 T	0.06443	0.04797	0.8876
852 T	0.06724	0.04453	0.88823
853 A	0.06716	0.04408	0.88876
854 A	0.06998	0.04049	0.88954
855 C	0.07377	0.03607	0.89016
856 T	0.07726	0.03244	0.8903
857 C	0.08050	0.02898	0.89051
858 T	0.08509	0.02433	0.89058
859 T	0.08634	0.02303	0.89064
860 G	0.08658	0.02273	0.8907
861 T	0.08682	0.02233	0.89084
862 T	0.08699	0.02211	0.8909
863 T	0.08706	0.02176	0.89117
864 A	0.08712	0.02154	0.89135
865 A	0.08743	0.02101	0.89157
866 A	0.08779	0.02038	0.89183
867 G	0.08852	0.01933	0.89215
868 G	0.08954	0.01800	0.89246
869 A	0.09082	0.01655	0.89263
870 A	0.09310	0.01389	0.89301
871 A	0.09570	0.01088	0.89343
872 T	0.09927	0.00665	0.89409
873 T	0.10089	0.00440	0.89472
874 T	0.10109	0.00343	0.89549
875 A	0.10122	0.00236	0.89642
876 A	0.10131	0.00000	0.89868
