# lcl|CP097583.1_cds_USQ93297.1_1
# AA	inside	membr	outside
1 A	0.65041	0.00000	0.34958
2 T	0.64915	0.00126	0.34958
3 G	0.64871	0.00170	0.34958
4 A	0.64871	0.02884	0.32245
5 T	0.64730	0.04923	0.30347
6 A	0.64730	0.05554	0.29716
7 A	0.64387	0.06156	0.29456
8 C	0.64387	0.06159	0.29453
9 T	0.64258	0.06309	0.29433
10 A	0.64257	0.07730	0.28012
11 A	0.64153	0.07882	0.27965
12 A	0.63318	0.08727	0.27955
13 C	0.62042	0.10037	0.2792
14 A	0.62041	0.10038	0.2792
15 T	0.62041	0.10260	0.27698
16 A	0.61986	0.10316	0.27698
17 A	0.61948	0.10357	0.27694
18 A	0.61947	0.10366	0.27686
19 T	0.61936	0.10385	0.27678
20 A	0.61772	0.10803	0.27425
21 T	0.61665	0.10900	0.27434
22 T	0.61745	0.10804	0.27452
23 T	0.61810	0.10709	0.27481
24 A	0.61892	0.10606	0.27501
25 C	0.62094	0.10131	0.27775
26 C	0.62255	0.09915	0.2783
27 T	0.64665	0.07464	0.2787
28 C	0.66245	0.05837	0.27918
29 G	0.66926	0.05155	0.2792
30 T	0.67767	0.04256	0.27977
31 T	0.67873	0.04146	0.27982
32 T	0.67946	0.03887	0.28167
33 T	0.68555	0.03237	0.28208
34 T	0.68578	0.03062	0.2836
35 A	0.68572	0.02380	0.29049
36 T	0.68603	0.01257	0.3014
37 T	0.68601	0.01268	0.3013
38 A	0.68697	0.01209	0.30094
39 T	0.68694	0.01217	0.30089
40 G	0.68682	0.01204	0.30114
41 A	0.68677	0.01205	0.30119
42 A	0.68662	0.01197	0.30141
43 T	0.68881	0.00832	0.30287
44 C	0.68864	0.00798	0.30339
45 T	0.68851	0.01029	0.3012
46 G	0.68797	0.01290	0.29913
47 T	0.68780	0.01420	0.298
48 T	0.68757	0.01568	0.29675
49 T	0.68719	0.01836	0.29445
50 T	0.68685	0.02107	0.29209
51 T	0.68611	0.02216	0.29172
52 G	0.68525	0.02334	0.29141
53 A	0.68496	0.02389	0.29115
54 T	0.68502	0.02381	0.29117
55 A	0.68501	0.02375	0.29124
56 T	0.68529	0.02329	0.29142
57 T	0.68595	0.02238	0.29167
58 C	0.68614	0.02172	0.29213
59 C	0.68642	0.02140	0.29219
60 T	0.68681	0.02108	0.29211
61 T	0.68670	0.02144	0.29185
62 A	0.68651	0.02180	0.29168
63 T	0.68590	0.02249	0.29162
64 G	0.68335	0.02517	0.29148
65 A	0.68193	0.02668	0.29139
66 T	0.68134	0.02755	0.29111
67 A	0.68092	0.02815	0.29092
68 A	0.68310	0.02586	0.29104
69 T	0.68642	0.02199	0.29158
70 T	0.68749	0.02118	0.29133
71 T	0.68723	0.02245	0.29033
72 T	0.68668	0.02646	0.28687
73 T	0.68499	0.02872	0.28628
74 T	0.67997	0.03451	0.28552
75 T	0.66896	0.04591	0.28513
76 T	0.64809	0.06744	0.28447
77 C	0.61357	0.10327	0.28316
78 T	0.58520	0.13472	0.28009
79 A	0.53058	0.19185	0.27757
80 A	0.51024	0.21331	0.27645
81 A	0.49956	0.22449	0.27595
82 G	0.49511	0.22910	0.2758
83 A	0.49276	0.23142	0.27582
84 T	0.49187	0.23193	0.27621
85 A	0.48980	0.23387	0.27634
86 A	0.48922	0.23386	0.27692
87 A	0.48921	0.23167	0.27912
88 A	0.48947	0.22987	0.28067
89 T	0.48997	0.22823	0.2818
90 T	0.49005	0.22716	0.28279
91 A	0.48963	0.22792	0.28245
92 A	0.48962	0.22770	0.28268
93 A	0.48999	0.22623	0.28378
94 G	0.49125	0.22183	0.28692
95 T	0.49526	0.21269	0.29205
96 A	0.49658	0.20531	0.29811
97 T	0.49875	0.18547	0.31577
98 T	0.50013	0.16639	0.33348
99 G	0.50100	0.13901	0.35999
100 T	0.50250	0.10809	0.3894
101 T	0.50487	0.08432	0.41082
102 T	0.50627	0.04813	0.4456
103 T	0.50675	0.03423	0.45903
104 T	0.50675	0.02857	0.46467
105 T	0.50568	0.03161	0.46271
106 G	0.50401	0.04175	0.45424
107 A	0.50330	0.04855	0.44816
108 T	0.50339	0.05213	0.44448
109 T	0.50304	0.05956	0.4374
110 T	0.50232	0.06523	0.43245
111 A	0.50127	0.07570	0.42303
112 G	0.50077	0.08173	0.4175
113 A	0.50058	0.09031	0.4091
114 T	0.50095	0.09976	0.39929
115 A	0.50003	0.10359	0.39638
116 A	0.49695	0.11128	0.39176
117 T	0.49418	0.11740	0.38843
118 A	0.48907	0.13054	0.3804
119 C	0.48749	0.13452	0.37799
120 T	0.48760	0.14101	0.37139
121 T	0.48661	0.15380	0.35959
122 T	0.48180	0.17161	0.34659
123 A	0.47003	0.19163	0.33835
124 T	0.46456	0.20203	0.33341
125 T	0.45026	0.22403	0.3257
126 A	0.40965	0.26733	0.32302
127 A	0.37711	0.29995	0.32294
128 G	0.37184	0.30410	0.32405
129 T	0.37768	0.29623	0.32609
130 C	0.37164	0.30127	0.32709
131 C	0.36575	0.30712	0.32713
132 T	0.35892	0.31451	0.32657
133 C	0.32986	0.34457	0.32557
134 A	0.29947	0.37709	0.32344
135 A	0.27083	0.40819	0.32098
136 G	0.25978	0.42042	0.31981
137 A	0.26048	0.42067	0.31885
138 A	0.26045	0.42082	0.31873
139 A	0.26371	0.41377	0.32251
140 A	0.26785	0.40574	0.32642
141 T	0.28168	0.38629	0.33203
142 G	0.28411	0.38569	0.3302
143 A	0.28343	0.39420	0.32237
144 A	0.29054	0.38814	0.32132
145 T	0.30195	0.36987	0.32819
146 T	0.30387	0.35874	0.33739
147 A	0.30022	0.35893	0.34085
148 A	0.30279	0.34340	0.3538
149 A	0.30340	0.30634	0.39026
150 T	0.30270	0.27106	0.42624
151 T	0.29856	0.26365	0.43779
152 T	0.29205	0.26706	0.44089
153 A	0.26715	0.30095	0.4319
154 A	0.25772	0.31417	0.42812
155 A	0.25263	0.31969	0.42768
156 T	0.25088	0.29094	0.45819
157 A	0.24845	0.26351	0.48804
158 T	0.24839	0.23385	0.51776
159 T	0.24293	0.22623	0.53084
160 C	0.22317	0.24327	0.53355
161 G	0.20730	0.26588	0.52683
162 A	0.20011	0.29376	0.50613
163 A	0.19563	0.32462	0.47976
164 A	0.19048	0.35499	0.45452
165 A	0.19478	0.37239	0.43283
166 T	0.20710	0.37850	0.4144
167 T	0.21255	0.39266	0.3948
168 A	0.21258	0.40876	0.37866
169 T	0.21428	0.41322	0.37251
170 T	0.21135	0.42115	0.36751
171 A	0.19979	0.44181	0.3584
172 A	0.17926	0.47001	0.35073
173 A	0.15750	0.49995	0.34255
174 A	0.15075	0.51729	0.33196
175 A	0.15201	0.52145	0.32655
176 G	0.16745	0.48709	0.34545
177 A	0.18143	0.47096	0.34761
178 T	0.19494	0.45490	0.35017
179 T	0.19462	0.46078	0.34459
180 A	0.19139	0.48412	0.3245
181 A	0.19020	0.49183	0.31798
182 A	0.19093	0.48777	0.3213
183 T	0.19519	0.46504	0.33977
184 A	0.19860	0.44776	0.35364
185 A	0.21851	0.42052	0.36096
186 A	0.24444	0.38946	0.3661
187 C	0.27185	0.35491	0.37323
188 G	0.29935	0.32635	0.3743
189 T	0.34462	0.28161	0.37377
190 T	0.37207	0.25836	0.36957
191 T	0.38689	0.24610	0.367
192 T	0.38922	0.25405	0.35673
193 A	0.39108	0.26057	0.34835
194 A	0.39586	0.24918	0.35496
195 A	0.40346	0.22314	0.3734
196 A	0.41513	0.18966	0.39521
197 T	0.43579	0.16239	0.40182
198 T	0.45088	0.14378	0.40534
199 G	0.45630	0.13724	0.40646
200 T	0.46448	0.12942	0.4061
201 A	0.46561	0.13169	0.4027
202 A	0.47228	0.12818	0.39953
203 T	0.49240	0.11244	0.39517
204 T	0.49999	0.11847	0.38154
205 A	0.48818	0.13495	0.37687
206 T	0.47460	0.15267	0.37273
207 T	0.45558	0.18041	0.36402
208 T	0.41883	0.22588	0.3553
209 C	0.37243	0.28214	0.34543
210 A	0.33119	0.34999	0.31882
211 A	0.31168	0.37296	0.31535
212 A	0.30782	0.37773	0.31444
213 T	0.31304	0.37258	0.31437
214 G	0.31247	0.37297	0.31457
215 C	0.31999	0.36332	0.31669
216 T	0.33010	0.35243	0.31746
217 T	0.33186	0.35033	0.3178
218 C	0.32934	0.35237	0.31829
219 A	0.32850	0.35334	0.31815
220 T	0.33102	0.35092	0.31806
221 T	0.33077	0.35067	0.31855
222 C	0.32626	0.35471	0.31904
223 A	0.32202	0.35985	0.31813
224 A	0.32306	0.35887	0.31807
225 A	0.31612	0.36642	0.31745
226 A	0.31594	0.36790	0.31616
227 A	0.32408	0.35936	0.31657
228 A	0.32881	0.32985	0.34134
229 G	0.33511	0.29220	0.37269
230 T	0.35397	0.24909	0.39694
231 T	0.35673	0.22188	0.4214
232 A	0.34087	0.23286	0.42626
233 A	0.34689	0.20939	0.44372
234 T	0.34416	0.20144	0.4544
235 T	0.33523	0.21279	0.45198
236 A	0.30917	0.25281	0.43801
237 T	0.29351	0.28388	0.42261
238 A	0.26609	0.31930	0.4146
239 T	0.25078	0.33698	0.41224
240 A	0.22612	0.36552	0.40837
241 G	0.20453	0.38874	0.40673
242 C	0.19270	0.40354	0.40376
243 T	0.18170	0.43341	0.38488
244 A	0.16289	0.47209	0.36502
245 A	0.14776	0.50884	0.34339
246 A	0.14250	0.52345	0.33405
247 A	0.13933	0.53841	0.32226
248 A	0.13938	0.53386	0.32676
249 A	0.14111	0.52581	0.33308
250 A	0.14294	0.51701	0.34005
251 A	0.14562	0.50914	0.34525
252 T	0.15180	0.49745	0.35076
253 A	0.15605	0.49129	0.35266
254 A	0.16522	0.47486	0.35991
255 T	0.19087	0.42186	0.38727
256 T	0.20302	0.39720	0.39978
257 T	0.20946	0.38227	0.40827
258 A	0.21411	0.36813	0.41776
259 G	0.22583	0.33205	0.44212
260 A	0.24228	0.29799	0.45973
261 T	0.25707	0.25733	0.48561
262 T	0.26569	0.23435	0.49996
263 A	0.27550	0.20863	0.51588
264 T	0.28813	0.17831	0.53356
265 A	0.29455	0.16824	0.53721
266 T	0.30941	0.14929	0.5413
267 A	0.32268	0.14180	0.53552
268 T	0.34285	0.13505	0.5221
269 A	0.34807	0.18007	0.47185
270 T	0.35982	0.19950	0.44068
271 T	0.36225	0.22984	0.40791
272 T	0.36022	0.25574	0.38403
273 A	0.35492	0.28653	0.35856
274 A	0.35411	0.29928	0.3466
275 A	0.35441	0.30544	0.34016
276 T	0.35577	0.30817	0.33605
277 A	0.35478	0.31329	0.33193
278 T	0.35488	0.31653	0.32859
279 T	0.34057	0.33116	0.32828
280 T	0.32179	0.35080	0.32741
281 A	0.30584	0.36687	0.3273
282 T	0.29521	0.37762	0.32716
283 C	0.28002	0.39320	0.32679
284 A	0.26773	0.40640	0.32586
285 C	0.26337	0.41108	0.32555
286 A	0.26163	0.41360	0.32476
287 A	0.26279	0.41281	0.32439
288 A	0.27053	0.40504	0.32442
289 A	0.28078	0.39440	0.32482
290 A	0.30413	0.37022	0.32565
291 A	0.33926	0.33051	0.33023
292 C	0.40679	0.25576	0.33745
293 C	0.45152	0.20809	0.34039
294 T	0.48703	0.17116	0.34182
295 T	0.50171	0.15489	0.3434
296 C	0.50974	0.14448	0.34579
297 T	0.51469	0.13958	0.34573
298 A	0.51718	0.13658	0.34625
299 T	0.52034	0.13049	0.34917
300 A	0.51961	0.12816	0.35222
301 T	0.51923	0.12391	0.35686
302 G	0.51176	0.10870	0.37953
303 G	0.50852	0.09215	0.39934
304 G	0.50666	0.08188	0.41147
305 G	0.50618	0.07966	0.41416
306 T	0.50659	0.07346	0.41995
307 T	0.50655	0.07046	0.42299
308 T	0.50585	0.07642	0.41773
309 T	0.50406	0.08961	0.40632
310 G	0.49866	0.11551	0.38582
311 A	0.49485	0.14396	0.36119
312 A	0.49229	0.15982	0.34789
313 A	0.48796	0.16508	0.34697
314 A	0.48563	0.16759	0.34679
315 A	0.48505	0.16812	0.34683
316 G	0.48479	0.16805	0.34716
317 C	0.48484	0.16775	0.34741
318 A	0.48506	0.16766	0.34727
319 T	0.48573	0.16672	0.34755
320 T	0.48626	0.16603	0.34771
321 G	0.48641	0.16593	0.34766
322 A	0.48667	0.16620	0.34713
323 A	0.48754	0.16236	0.3501
324 A	0.48934	0.15754	0.35311
325 T	0.49452	0.14558	0.3599
326 T	0.50006	0.13647	0.36348
327 A	0.50304	0.13196	0.365
328 T	0.51157	0.12182	0.36662
329 T	0.51558	0.11624	0.36817
330 C	0.51709	0.11315	0.36976
331 A	0.52385	0.10624	0.3699
332 A	0.53883	0.09016	0.37101
333 T	0.56065	0.06394	0.37541
334 T	0.57975	0.04189	0.37836
335 T	0.58783	0.03211	0.38006
336 T	0.58703	0.02870	0.38426
337 C	0.58483	0.02870	0.38647
338 G	0.58283	0.03022	0.38694
339 T	0.58163	0.03133	0.38704
340 T	0.57888	0.03411	0.38702
341 C	0.57601	0.03707	0.38692
342 C	0.57395	0.04034	0.3857
343 G	0.57157	0.04653	0.3819
344 A	0.57031	0.05081	0.37889
345 G	0.57026	0.05283	0.37691
346 G	0.57020	0.05591	0.37389
347 A	0.57085	0.06002	0.36913
348 A	0.57203	0.06045	0.36752
349 A	0.57276	0.05962	0.36762
350 T	0.57394	0.05784	0.36822
351 T	0.57361	0.05824	0.36815
352 A	0.57217	0.06125	0.36657
353 T	0.57059	0.06542	0.36399
354 G	0.56667	0.07536	0.35798
355 A	0.56597	0.08793	0.3461
356 T	0.56550	0.09204	0.34246
357 G	0.56412	0.09702	0.33885
358 A	0.56307	0.10486	0.33207
359 T	0.56274	0.10387	0.3334
360 A	0.55767	0.10698	0.33535
361 G	0.55500	0.10718	0.33782
362 G	0.55481	0.10567	0.33952
363 C	0.55500	0.10240	0.3426
364 G	0.55553	0.10019	0.34429
365 A	0.55736	0.09728	0.34536
366 T	0.56179	0.09162	0.34659
367 C	0.56431	0.08883	0.34686
368 A	0.56573	0.08983	0.34445
369 A	0.56796	0.09021	0.34183
370 T	0.57219	0.08768	0.34014
371 T	0.57325	0.08806	0.33869
372 A	0.57240	0.09178	0.33582
373 A	0.57222	0.09156	0.33623
374 G	0.57316	0.08897	0.33787
375 A	0.57272	0.08774	0.33954
376 A	0.57366	0.08502	0.34131
377 C	0.57994	0.07551	0.34455
378 T	0.59018	0.06951	0.34031
379 G	0.58883	0.07530	0.33587
380 A	0.58938	0.07639	0.33424
381 T	0.59255	0.07431	0.33314
382 A	0.58203	0.08489	0.33308
383 T	0.57638	0.08547	0.33815
384 C	0.55316	0.10640	0.34044
385 G	0.53038	0.12975	0.33987
386 C	0.51777	0.14374	0.33849
387 G	0.49455	0.17123	0.33422
388 G	0.48464	0.18180	0.33356
389 G	0.48066	0.18624	0.3331
390 A	0.47859	0.18862	0.33279
391 G	0.48024	0.18719	0.33257
392 C	0.48395	0.18308	0.33297
393 T	0.48579	0.18192	0.3323
394 A	0.48646	0.18159	0.33195
395 A	0.48797	0.17947	0.33256
396 T	0.48818	0.17836	0.33346
397 A	0.48800	0.17830	0.3337
398 A	0.48804	0.17444	0.33753
399 G	0.48869	0.16835	0.34295
400 A	0.49004	0.16403	0.34593
401 T	0.49538	0.15485	0.34977
402 G	0.49865	0.14728	0.35407
403 A	0.50040	0.14367	0.35594
404 A	0.50214	0.13839	0.35947
405 T	0.50350	0.12214	0.37436
406 A	0.50391	0.11383	0.38225
407 T	0.50550	0.08649	0.40801
408 T	0.50666	0.06485	0.4285
409 A	0.50783	0.05337	0.43879
410 T	0.51079	0.02974	0.45948
411 T	0.51012	0.02201	0.46786
412 T	0.50799	0.02050	0.47151
413 C	0.50515	0.02131	0.47354
414 T	0.50300	0.02429	0.47272
415 G	0.50028	0.02839	0.47132
416 T	0.49870	0.03409	0.4672
417 T	0.49339	0.04510	0.46151
418 T	0.48598	0.06567	0.44835
419 T	0.47105	0.11859	0.41036
420 A	0.44230	0.16870	0.389
421 G	0.41957	0.22040	0.36003
422 T	0.40864	0.25168	0.33968
423 A	0.39526	0.26848	0.33626
424 A	0.38322	0.28123	0.33555
425 A	0.37611	0.28837	0.33552
426 A	0.37368	0.29041	0.33592
427 C	0.37366	0.29011	0.33623
428 C	0.37388	0.29014	0.33597
429 T	0.37432	0.29037	0.33531
430 T	0.37414	0.29122	0.33464
431 T	0.37383	0.29210	0.33407
432 A	0.36811	0.29863	0.33327
433 A	0.36570	0.30167	0.33263
434 A	0.36319	0.30362	0.33319
435 T	0.36054	0.30513	0.33433
436 A	0.35771	0.30885	0.33344
437 G	0.35732	0.30787	0.33481
438 A	0.35798	0.30936	0.33265
439 A	0.36240	0.30787	0.32972
440 A	0.36890	0.29917	0.33193
441 A	0.38512	0.27560	0.33928
442 T	0.42744	0.21987	0.35269
443 A	0.44357	0.18811	0.36831
444 T	0.46857	0.15223	0.3792
445 G	0.47707	0.13705	0.38588
446 A	0.47816	0.13048	0.39137
447 A	0.47886	0.12395	0.39719
448 T	0.48005	0.11839	0.40155
449 C	0.48038	0.11714	0.40248
450 T	0.48111	0.12119	0.39771
451 T	0.48129	0.12884	0.38987
452 T	0.47959	0.13864	0.38177
453 T	0.47446	0.15106	0.37448
454 A	0.46680	0.15939	0.37381
455 G	0.46373	0.15724	0.37903
456 A	0.46077	0.15896	0.38027
457 A	0.46113	0.15631	0.38255
458 C	0.46401	0.15047	0.38552
459 T	0.46899	0.14598	0.38503
460 A	0.46989	0.15018	0.37993
461 A	0.47281	0.15600	0.37119
462 A	0.47820	0.16363	0.35816
463 T	0.48479	0.16442	0.35079
464 T	0.48699	0.16971	0.34331
465 A	0.48930	0.16837	0.34233
466 A	0.49805	0.15777	0.34418
467 T	0.50819	0.14606	0.34576
468 T	0.51104	0.13931	0.34965
469 C	0.51446	0.13493	0.35061
470 G	0.52029	0.12973	0.34997
471 T	0.52960	0.12095	0.34945
472 T	0.53423	0.11655	0.34922
473 T	0.53826	0.11238	0.34936
474 T	0.54071	0.10987	0.34942
475 T	0.53970	0.10883	0.35148
476 T	0.52815	0.11722	0.35463
477 A	0.47632	0.16736	0.35632
478 A	0.43015	0.21517	0.35468
479 T	0.41410	0.23167	0.35423
480 A	0.37482	0.28024	0.34493
481 G	0.34054	0.31769	0.34178
482 A	0.30936	0.35492	0.33572
483 A	0.29401	0.37008	0.33591
484 A	0.29370	0.36877	0.33752
485 A	0.30195	0.35909	0.33895
486 A	0.30532	0.35480	0.33989
487 C	0.30993	0.34848	0.34158
488 C	0.30973	0.34911	0.34116
489 T	0.30851	0.35628	0.33521
490 T	0.30665	0.36314	0.33021
491 T	0.30223	0.37133	0.32644
492 T	0.28697	0.39108	0.32196
493 A	0.26544	0.41843	0.31613
494 T	0.25076	0.43388	0.31537
495 T	0.21670	0.46838	0.31492
496 A	0.15639	0.52901	0.31461
497 A	0.10094	0.58238	0.31667
498 A	0.08616	0.59223	0.32161
499 A	0.08189	0.58211	0.336
500 A	0.08230	0.53131	0.38639
501 G	0.08536	0.48016	0.43448
502 A	0.08886	0.47030	0.44083
503 T	0.09594	0.45311	0.45095
504 A	0.09383	0.45600	0.45017
505 A	0.09414	0.44433	0.46152
506 A	0.09199	0.43728	0.47073
507 A	0.09115	0.43548	0.47338
508 A	0.09133	0.43424	0.47443
509 A	0.09243	0.43398	0.47359
510 A	0.09431	0.43132	0.47436
511 A	0.09803	0.42538	0.47659
512 T	0.10765	0.41249	0.47985
513 T	0.11237	0.41410	0.47354
514 A	0.11162	0.44766	0.44072
515 A	0.11111	0.47424	0.41465
516 T	0.11462	0.45215	0.43322
517 T	0.11351	0.43861	0.44788
518 T	0.10970	0.41368	0.47661
519 A	0.10495	0.37791	0.51714
520 C	0.10081	0.34163	0.55756
521 A	0.09717	0.37443	0.5284
522 A	0.09575	0.42486	0.47939
523 G	0.09605	0.49476	0.40919
524 A	0.09783	0.55922	0.34295
525 A	0.10804	0.55516	0.33679
526 T	0.13068	0.53171	0.33762
527 A	0.14581	0.51431	0.33988
528 T	0.15651	0.50183	0.34167
529 C	0.15697	0.50099	0.34204
530 A	0.15491	0.50829	0.3368
531 A	0.15178	0.51665	0.33157
532 A	0.14797	0.52726	0.32477
533 A	0.14638	0.53583	0.31778
534 A	0.14931	0.53646	0.31423
535 A	0.16108	0.52702	0.3119
536 A	0.17772	0.51183	0.31045
537 A	0.22081	0.46464	0.31455
538 T	0.27343	0.40623	0.32033
539 T	0.28155	0.39390	0.32455
540 T	0.28683	0.38426	0.3289
541 C	0.28897	0.37712	0.3339
542 A	0.29497	0.36853	0.3365
543 G	0.30399	0.35609	0.33992
544 A	0.33969	0.31754	0.34277
545 A	0.39226	0.26228	0.34547
546 T	0.47078	0.18101	0.34821
547 T	0.53183	0.11378	0.35439
548 T	0.53891	0.10396	0.35713
549 T	0.54122	0.09960	0.35919
550 A	0.54321	0.09478	0.36202
551 T	0.54577	0.08859	0.36564
552 T	0.54802	0.08198	0.36999
553 A	0.55160	0.07294	0.37545
554 A	0.55645	0.06066	0.38289
555 A	0.56374	0.04156	0.3947
556 T	0.57168	0.02319	0.40513
557 C	0.57533	0.01431	0.41035
558 A	0.57884	0.00980	0.41136
559 T	0.58247	0.00478	0.41274
560 A	0.58311	0.00300	0.41389
561 A	0.58398	0.00000	0.41602
