# lcl|CP097583.1_cds_USQ93182.1_1
# AA	inside	membr	outside
1 A	0.40381	0.00000	0.59619
2 T	0.39414	0.00967	0.59619
3 G	0.38401	0.01980	0.59619
4 G	0.38401	0.09320	0.52279
5 A	0.28816	0.24480	0.46704
6 A	0.28815	0.25738	0.45447
7 A	0.10806	0.44016	0.45177
8 A	0.10806	0.44020	0.45175
9 T	0.09827	0.45027	0.45146
10 A	0.09823	0.46787	0.4339
11 A	0.09622	0.47043	0.43335
12 A	0.07745	0.48942	0.43313
13 A	0.05242	0.51548	0.4321
14 A	0.05242	0.51548	0.4321
15 T	0.05242	0.51639	0.43119
16 A	0.05201	0.51680	0.43119
17 A	0.05152	0.51729	0.43118
18 T	0.05151	0.51731	0.43117
19 C	0.05126	0.51757	0.43117
20 A	0.05061	0.51874	0.43065
21 A	0.05027	0.51900	0.43074
22 A	0.05246	0.51660	0.43094
23 T	0.05988	0.50835	0.43177
24 T	0.07072	0.49698	0.4323
25 A	0.07660	0.47175	0.45165
26 A	0.08154	0.45023	0.46822
27 T	0.14416	0.35526	0.50058
28 G	0.17982	0.23497	0.58521
29 T	0.19407	0.20964	0.59628
30 T	0.20263	0.07135	0.72602
31 T	0.20359	0.06499	0.73143
32 T	0.20419	0.05441	0.74139
33 T	0.20965	0.04595	0.7444
34 G	0.20839	0.04691	0.7447
35 A	0.20796	0.03656	0.75548
36 T	0.20853	0.01922	0.77225
37 G	0.20773	0.02110	0.77117
38 T	0.20658	0.02270	0.77072
39 T	0.20221	0.02784	0.76995
40 G	0.19655	0.03350	0.76995
41 C	0.19555	0.03491	0.76954
42 T	0.19538	0.04001	0.76461
43 C	0.19537	0.04139	0.76324
44 A	0.19519	0.07973	0.72508
45 G	0.19526	0.08876	0.71598
46 T	0.19516	0.09947	0.70538
47 T	0.19329	0.11340	0.69331
48 T	0.19025	0.12133	0.68842
49 T	0.18868	0.13586	0.67546
50 T	0.18761	0.14308	0.66931
51 T	0.18508	0.15062	0.6643
52 G	0.17770	0.16802	0.65428
53 T	0.17461	0.18275	0.64264
54 A	0.16810	0.22506	0.60684
55 A	0.15779	0.27517	0.56703
56 A	0.14700	0.31058	0.54242
57 A	0.13946	0.33800	0.52254
58 A	0.13263	0.36101	0.50636
59 A	0.12958	0.36620	0.50423
60 A	0.12815	0.36659	0.50526
61 G	0.12662	0.36560	0.50778
62 A	0.12699	0.36219	0.51082
63 C	0.11387	0.37163	0.5145
64 C	0.10576	0.38101	0.51322
65 A	0.10525	0.38597	0.50878
66 A	0.10771	0.38844	0.50385
67 A	0.14088	0.35899	0.50012
68 G	0.15369	0.34666	0.49965
69 T	0.16917	0.33202	0.49881
70 A	0.17817	0.32358	0.49825
71 T	0.17255	0.32570	0.50174
72 C	0.16067	0.33557	0.50376
73 A	0.12495	0.37295	0.5021
74 A	0.10338	0.39674	0.49988
75 C	0.10138	0.39791	0.50072
76 A	0.10322	0.39616	0.50062
77 A	0.12659	0.37155	0.50185
78 A	0.15720	0.33304	0.50975
79 A	0.17472	0.30790	0.51737
80 C	0.18473	0.29013	0.52514
81 A	0.18498	0.28297	0.53205
82 A	0.17906	0.28454	0.5364
83 A	0.17344	0.28739	0.53917
84 A	0.17195	0.28610	0.54195
85 A	0.17490	0.28011	0.54498
86 T	0.18253	0.24909	0.56837
87 T	0.18531	0.23135	0.58334
88 C	0.18625	0.22442	0.58933
89 A	0.18551	0.23100	0.58349
90 A	0.18307	0.24240	0.57453
91 A	0.18222	0.24900	0.56878
92 A	0.17979	0.25252	0.56769
93 A	0.18360	0.24561	0.57079
94 T	0.18676	0.22291	0.59033
95 T	0.18818	0.19903	0.6128
96 A	0.18918	0.16175	0.64908
97 C	0.19077	0.13229	0.67694
98 T	0.19268	0.12365	0.68367
99 T	0.19262	0.11954	0.68784
100 T	0.19175	0.11879	0.68946
101 A	0.19021	0.11870	0.6911
102 T	0.18986	0.11575	0.69439
103 T	0.18951	0.10505	0.70544
104 A	0.18857	0.09230	0.71912
105 T	0.18829	0.08171	0.73
106 G	0.18700	0.07533	0.73767
107 C	0.18603	0.07125	0.74272
108 A	0.18283	0.07372	0.74345
109 C	0.17990	0.07566	0.74444
110 A	0.17879	0.07755	0.74366
111 A	0.17955	0.07651	0.74395
112 G	0.18563	0.06850	0.74586
113 G	0.19523	0.05448	0.75029
114 T	0.20206	0.04823	0.7497
115 T	0.20401	0.04884	0.74716
116 A	0.20388	0.05973	0.73639
117 T	0.20410	0.06979	0.72611
118 T	0.20348	0.08109	0.71543
119 A	0.20196	0.08888	0.70916
120 T	0.20137	0.09149	0.70714
121 T	0.20048	0.09188	0.70763
122 T	0.19795	0.09416	0.70789
123 A	0.19194	0.09951	0.70855
124 G	0.18751	0.10212	0.71037
125 C	0.18498	0.10383	0.7112
126 T	0.18447	0.10448	0.71105
127 A	0.18353	0.10585	0.71063
128 A	0.18325	0.10631	0.71043
129 A	0.18330	0.10615	0.71054
130 T	0.18344	0.10609	0.71048
131 A	0.18196	0.10449	0.71354
132 T	0.18163	0.10163	0.71674
133 A	0.18170	0.10016	0.71813
134 A	0.18182	0.09922	0.71896
135 C	0.18196	0.09819	0.71984
136 A	0.18346	0.09675	0.71979
137 A	0.18672	0.09350	0.71978
138 A	0.19654	0.08350	0.71995
139 G	0.21077	0.06880	0.72043
140 T	0.22472	0.05483	0.72045
141 T	0.23511	0.04346	0.72143
142 T	0.23920	0.03830	0.7225
143 T	0.24017	0.03712	0.72271
144 A	0.23975	0.03569	0.72457
145 T	0.23974	0.03198	0.72829
146 T	0.23933	0.02795	0.73273
147 T	0.23799	0.02633	0.73568
148 C	0.23661	0.02741	0.73598
149 A	0.23576	0.03146	0.73278
150 A	0.23566	0.03287	0.73147
151 G	0.23579	0.03266	0.73155
152 A	0.23596	0.03246	0.73158
153 A	0.23557	0.03273	0.73169
154 T	0.23567	0.03042	0.7339
155 C	0.23549	0.02941	0.7351
156 A	0.23550	0.02897	0.73553
157 A	0.23565	0.02840	0.73594
158 T	0.23577	0.02770	0.73652
159 C	0.23582	0.02734	0.73684
160 G	0.23591	0.02725	0.73684
161 A	0.23606	0.02705	0.73689
162 A	0.23623	0.02684	0.73693
163 G	0.23674	0.02624	0.73701
164 C	0.23786	0.02503	0.73711
165 A	0.23937	0.02327	0.73736
166 T	0.24125	0.02066	0.73809
167 G	0.24157	0.01919	0.73924
168 G	0.24215	0.01762	0.74023
169 C	0.24331	0.01555	0.74113
170 C	0.24460	0.01279	0.7426
171 T	0.24665	0.01018	0.74317
172 T	0.24931	0.00702	0.74368
173 A	0.25019	0.00587	0.74395
174 T	0.25031	0.00548	0.74421
175 G	0.24957	0.00550	0.74493
176 G	0.24921	0.00416	0.74663
177 T	0.24909	0.00379	0.74713
178 C	0.24887	0.00365	0.74749
179 C	0.24876	0.00368	0.74756
180 T	0.24865	0.00383	0.74752
181 G	0.24823	0.00439	0.74738
182 T	0.24790	0.00474	0.74736
183 C	0.24445	0.00820	0.74736
184 A	0.24362	0.00903	0.74735
185 T	0.24342	0.00917	0.74741
186 C	0.24277	0.00979	0.74744
187 C	0.24243	0.01013	0.74744
188 C	0.24216	0.01039	0.74744
189 T	0.24137	0.01118	0.74744
190 G	0.23995	0.01260	0.74744
191 C	0.23909	0.01347	0.74744
192 C	0.23874	0.01385	0.74742
193 G	0.23858	0.01408	0.74734
194 T	0.23857	0.01428	0.74716
195 T	0.23839	0.01476	0.74685
196 T	0.23796	0.01526	0.74678
197 A	0.23284	0.02054	0.74662
198 T	0.22981	0.02271	0.74748
199 G	0.22568	0.02640	0.74792
200 C	0.22300	0.02866	0.74834
201 A	0.22106	0.03092	0.74801
202 G	0.21983	0.03206	0.74811
203 A	0.21916	0.03286	0.74798
204 A	0.21878	0.03319	0.74803
205 A	0.21854	0.03342	0.74803
206 C	0.21792	0.03018	0.7519
207 T	0.21773	0.03118	0.75109
208 T	0.21717	0.03423	0.7486
209 T	0.21574	0.04270	0.74156
210 A	0.21154	0.04985	0.73861
211 A	0.20727	0.05700	0.73574
212 A	0.19700	0.06814	0.73487
213 A	0.18978	0.07454	0.73569
214 C	0.18531	0.07828	0.73641
215 A	0.18106	0.08354	0.7354
216 A	0.18012	0.08513	0.73475
217 G	0.17973	0.08623	0.73404
218 A	0.17976	0.08723	0.73301
219 A	0.17983	0.08669	0.73348
220 T	0.18015	0.07982	0.74003
221 T	0.17972	0.07646	0.74383
222 T	0.17865	0.07427	0.74708
223 C	0.17750	0.07468	0.74782
224 A	0.17650	0.07961	0.74389
225 A	0.17598	0.08012	0.74391
226 A	0.17591	0.08018	0.74392
227 A	0.17612	0.07968	0.7442
228 A	0.17652	0.07906	0.74442
229 C	0.17736	0.07692	0.74571
230 A	0.17895	0.07514	0.74591
231 A	0.18151	0.07193	0.74656
232 A	0.18800	0.06410	0.7479
233 A	0.19157	0.05680	0.75164
234 T	0.19524	0.04911	0.75564
235 T	0.19754	0.03443	0.76802
236 T	0.19824	0.02651	0.77524
237 T	0.19853	0.02207	0.77939
238 C	0.19897	0.01870	0.78233
239 A	0.19929	0.01827	0.78243
240 A	0.20007	0.01728	0.78265
241 T	0.20134	0.01570	0.78296
242 T	0.20174	0.01511	0.78315
243 A	0.20207	0.01465	0.78327
244 T	0.20336	0.01187	0.78477
245 C	0.20379	0.00978	0.78644
246 T	0.20495	0.00759	0.78746
247 T	0.20793	0.00399	0.78808
248 C	0.20836	0.00324	0.78839
249 T	0.20876	0.00283	0.78841
250 G	0.20890	0.00265	0.78845
251 T	0.20904	0.00231	0.78865
252 T	0.20913	0.00218	0.78869
253 T	0.20926	0.00205	0.78869
254 C	0.20930	0.00202	0.78869
255 T	0.20934	0.00229	0.78837
256 T	0.20923	0.00298	0.78779
257 T	0.20916	0.00343	0.78741
258 T	0.20905	0.00441	0.78654
259 G	0.20881	0.00644	0.78474
260 A	0.20880	0.00864	0.78256
261 T	0.20877	0.00941	0.78182
262 T	0.20880	0.01000	0.7812
263 T	0.20869	0.01099	0.78031
264 T	0.20855	0.01214	0.7793
265 A	0.20828	0.01273	0.77899
266 G	0.20819	0.01294	0.77887
267 T	0.20816	0.01307	0.77878
268 T	0.20810	0.01320	0.7787
269 C	0.20785	0.01357	0.77859
270 T	0.20556	0.01624	0.7782
271 A	0.20441	0.01800	0.77759
272 A	0.20380	0.01888	0.77733
273 A	0.20334	0.01965	0.77702
274 A	0.20317	0.01984	0.77699
275 T	0.20323	0.01971	0.77707
276 G	0.20309	0.01977	0.77714
277 A	0.20303	0.01985	0.77713
278 C	0.20333	0.01940	0.77727
279 T	0.20410	0.01852	0.77737
280 A	0.20432	0.01847	0.77721
281 A	0.20513	0.01780	0.77707
282 C	0.20686	0.01590	0.77724
283 T	0.20910	0.01365	0.77724
284 T	0.20912	0.01345	0.77743
285 A	0.20804	0.01443	0.77752
286 C	0.20787	0.01456	0.77757
287 C	0.20729	0.01565	0.77706
288 T	0.20577	0.01938	0.77486
289 T	0.20315	0.02245	0.77441
290 T	0.19982	0.02610	0.77407
291 A	0.19277	0.03353	0.77371
292 A	0.18897	0.03723	0.7738
293 C	0.18603	0.03739	0.77658
294 T	0.18416	0.03836	0.77748
295 G	0.17909	0.04305	0.77786
296 A	0.17751	0.04492	0.77756
297 C	0.17696	0.04545	0.77758
298 G	0.17624	0.04668	0.77707
299 A	0.17583	0.04767	0.77651
300 A	0.17566	0.04820	0.77614
301 C	0.17531	0.04872	0.77597
302 A	0.17406	0.05182	0.77412
303 A	0.17357	0.05282	0.77362
304 G	0.17343	0.05305	0.77352
305 A	0.17330	0.05329	0.77341
306 A	0.17308	0.05350	0.77342
307 A	0.17310	0.05259	0.77432
308 A	0.17336	0.05062	0.77603
309 A	0.17366	0.04901	0.77733
310 A	0.17441	0.04655	0.77904
311 T	0.17675	0.04097	0.78227
312 T	0.17721	0.03750	0.78529
313 T	0.17732	0.03406	0.78861
314 T	0.17738	0.02842	0.7942
315 A	0.17728	0.02554	0.79719
316 T	0.17723	0.02250	0.80027
317 A	0.17710	0.02056	0.80234
318 C	0.17721	0.01570	0.80709
319 C	0.17760	0.01438	0.80803
320 A	0.17778	0.01444	0.80777
321 A	0.17835	0.01401	0.80764
322 G	0.17938	0.01290	0.80772
323 T	0.18026	0.01217	0.80756
324 T	0.18069	0.01176	0.80754
325 T	0.18198	0.01021	0.80781
326 T	0.18225	0.01012	0.80763
327 T	0.18198	0.01276	0.80525
328 A	0.18156	0.01616	0.80227
329 A	0.18139	0.01691	0.80171
330 A	0.18147	0.01704	0.8015
331 G	0.18165	0.01693	0.80142
332 A	0.18194	0.01664	0.80142
333 T	0.18266	0.01583	0.80151
334 T	0.18300	0.01544	0.80156
335 T	0.18328	0.01517	0.80155
336 C	0.18340	0.01495	0.80165
337 G	0.18344	0.01490	0.80166
338 G	0.18346	0.01484	0.80171
339 T	0.18352	0.01480	0.80167
340 C	0.18357	0.01477	0.80166
341 A	0.18358	0.01494	0.80149
342 T	0.18386	0.01469	0.80145
343 A	0.18410	0.01478	0.80112
344 T	0.18443	0.01483	0.80075
345 G	0.18451	0.01514	0.80035
346 A	0.18483	0.01487	0.8003
347 G	0.18539	0.01414	0.80046
348 T	0.18715	0.01245	0.8004
349 G	0.18804	0.01146	0.8005
350 C	0.19074	0.00848	0.80078
351 T	0.19351	0.00556	0.80093
352 T	0.19411	0.00493	0.80096
353 C	0.19413	0.00493	0.80093
354 G	0.19322	0.00589	0.80089
355 C	0.19297	0.00627	0.80076
356 A	0.19246	0.00743	0.80012
357 A	0.19226	0.00815	0.79959
358 C	0.19204	0.00876	0.79921
359 T	0.19155	0.01064	0.79781
360 T	0.19095	0.01215	0.79689
361 A	0.18896	0.01623	0.79481
362 G	0.18759	0.01859	0.79382
363 T	0.18735	0.01899	0.79367
364 G	0.18697	0.01955	0.79349
365 A	0.18675	0.02005	0.7932
366 A	0.18685	0.02002	0.79313
367 C	0.18715	0.01964	0.79321
368 A	0.18738	0.01955	0.79307
369 A	0.18716	0.01977	0.79306
370 A	0.18704	0.01989	0.79307
371 C	0.18721	0.01972	0.79306
372 T	0.18719	0.01994	0.79288
373 C	0.18669	0.02075	0.79256
374 A	0.18653	0.02114	0.79232
375 T	0.18641	0.02144	0.79215
376 A	0.18615	0.02198	0.79187
377 A	0.18604	0.02110	0.79286
378 C	0.18615	0.02073	0.79312
379 G	0.18677	0.01953	0.7937
380 A	0.18747	0.01866	0.79387
381 A	0.18818	0.01736	0.79447
382 T	0.18970	0.01454	0.79576
383 C	0.19025	0.01335	0.79641
384 T	0.19176	0.01007	0.79817
385 C	0.19170	0.00909	0.79922
386 C	0.19113	0.00961	0.79926
387 A	0.19053	0.01119	0.79827
388 T	0.18986	0.01365	0.79648
389 G	0.18846	0.01642	0.79511
390 G	0.18244	0.02440	0.79316
391 A	0.17324	0.03875	0.78802
392 A	0.16810	0.04443	0.78746
393 A	0.16561	0.04721	0.78717
394 G	0.16422	0.04831	0.78746
395 A	0.16370	0.04874	0.78756
396 C	0.16376	0.04808	0.78816
397 A	0.16358	0.04845	0.78797
398 C	0.16371	0.04814	0.78814
399 T	0.16401	0.04783	0.78816
400 T	0.16398	0.04791	0.78811
401 A	0.16380	0.04828	0.78792
402 C	0.16371	0.04844	0.78784
403 A	0.16369	0.04872	0.78759
404 A	0.16369	0.04871	0.7876
405 T	0.16367	0.04863	0.7877
406 A	0.16360	0.04859	0.78781
407 C	0.16379	0.04817	0.78803
408 T	0.16411	0.04729	0.7886
409 A	0.16442	0.04649	0.7891
410 A	0.16545	0.04507	0.78948
411 T	0.16772	0.04213	0.79016
412 A	0.16898	0.04025	0.79077
413 A	0.17079	0.03266	0.79655
414 A	0.17542	0.01821	0.80637
415 T	0.17666	0.01172	0.81163
416 T	0.17726	0.00973	0.81301
417 A	0.17739	0.01056	0.81205
418 T	0.17761	0.01010	0.81229
419 A	0.17767	0.01086	0.81147
420 T	0.17790	0.01192	0.81018
421 T	0.17790	0.01329	0.80881
422 C	0.17786	0.01574	0.8064
423 A	0.17779	0.02539	0.79681
424 A	0.17789	0.02944	0.79267
425 A	0.17807	0.03053	0.7914
426 T	0.17832	0.03029	0.7914
427 T	0.17838	0.03023	0.79139
428 G	0.17816	0.03044	0.7914
429 T	0.17814	0.03038	0.79148
430 C	0.17792	0.03058	0.79149
431 C	0.17796	0.03068	0.79137
432 A	0.17816	0.03072	0.79112
433 A	0.17852	0.03039	0.79109
434 T	0.17890	0.03006	0.79105
435 T	0.17927	0.02969	0.79105
436 C	0.17934	0.02959	0.79106
437 C	0.17955	0.02937	0.79107
438 G	0.17976	0.02917	0.79107
439 T	0.18066	0.02826	0.79108
440 C	0.18215	0.02675	0.7911
441 A	0.18282	0.02608	0.7911
442 G	0.18482	0.02404	0.79113
443 C	0.19081	0.01793	0.79126
444 T	0.19447	0.01421	0.79132
445 G	0.19668	0.01194	0.79138
446 T	0.20282	0.00571	0.79147
447 T	0.20510	0.00341	0.79149
448 T	0.20555	0.00309	0.79136
449 T	0.20535	0.00314	0.7915
450 A	0.20445	0.00400	0.79155
451 T	0.20354	0.00472	0.79174
452 A	0.20069	0.00784	0.79147
453 C	0.19866	0.01001	0.79132
454 A	0.19658	0.01445	0.78898
455 G	0.19572	0.01546	0.78881
456 T	0.19474	0.01677	0.78849
457 T	0.19257	0.01954	0.7879
458 T	0.18971	0.02286	0.78743
459 C	0.18466	0.02799	0.78736
460 T	0.18086	0.03217	0.78697
461 T	0.16968	0.04394	0.78638
462 T	0.15116	0.06300	0.78584
463 C	0.09640	0.11877	0.78483
464 G	0.08804	0.12804	0.78392
465 A	0.08281	0.13404	0.78314
466 A	0.07740	0.13999	0.7826
467 A	0.07641	0.14111	0.78247
468 T	0.07606	0.14153	0.78241
469 A	0.07604	0.14153	0.78243
470 A	0.07609	0.14142	0.7825
471 A	0.07622	0.14115	0.78263
472 A	0.07629	0.14077	0.78294
473 A	0.07641	0.13976	0.78383
474 A	0.07666	0.13844	0.7849
475 A	0.07713	0.13542	0.78745
476 A	0.07767	0.13287	0.78946
477 T	0.07996	0.12833	0.79172
478 A	0.08022	0.12672	0.79306
479 A	0.08061	0.12461	0.79479
480 T	0.08132	0.12040	0.79827
481 A	0.08178	0.11555	0.80267
482 T	0.08224	0.10654	0.81122
483 A	0.08287	0.09749	0.81963
484 T	0.08416	0.07837	0.83747
485 A	0.08498	0.05675	0.85827
486 A	0.08674	0.00000	0.91327
