# lcl|CP097583.1_cds_USQ93619.1_1
# AA	inside	membr	outside
1 A	0.45196	0.00000	0.54804
2 T	0.45047	0.00149	0.54804
3 A	0.44997	0.00199	0.54804
4 A	0.44997	0.07437	0.47566
5 A	0.44650	0.14696	0.40654
6 A	0.44650	0.15486	0.39863
7 A	0.44403	0.16053	0.39543
8 C	0.44403	0.16072	0.39525
9 G	0.44013	0.17134	0.38852
10 T	0.44013	0.24986	0.31001
11 T	0.43794	0.25900	0.30305
12 A	0.36994	0.33199	0.29807
13 A	0.33349	0.38306	0.28345
14 C	0.33348	0.38307	0.28345
15 A	0.33348	0.54542	0.1211
16 G	0.33299	0.54591	0.12109
17 G	0.33250	0.54804	0.11946
18 A	0.33247	0.55051	0.11702
19 T	0.33187	0.55207	0.11605
20 T	0.31875	0.57813	0.10313
21 A	0.27009	0.62678	0.10313
22 A	0.26842	0.62841	0.10317
23 A	0.26801	0.62858	0.10341
24 A	0.27046	0.62579	0.10375
25 C	0.27386	0.61964	0.1065
26 C	0.27789	0.61514	0.10697
27 A	0.33773	0.55517	0.10711
28 C	0.39435	0.49722	0.10843
29 A	0.40082	0.49086	0.10832
30 A	0.41012	0.48087	0.10901
31 T	0.42344	0.46663	0.10993
32 C	0.43562	0.44277	0.12161
33 T	0.49825	0.37792	0.12382
34 A	0.50484	0.36226	0.1329
35 C	0.53139	0.27751	0.19111
36 T	0.54970	0.23807	0.21224
37 C	0.55800	0.22907	0.21292
38 G	0.67284	0.11447	0.21269
39 T	0.67535	0.11391	0.21073
40 T	0.67745	0.11422	0.20833
41 T	0.67186	0.12122	0.20693
42 T	0.64432	0.15027	0.20541
43 A	0.56844	0.22158	0.20997
44 A	0.45092	0.32624	0.22283
45 T	0.41304	0.37136	0.2156
46 A	0.32144	0.47730	0.20126
47 A	0.24871	0.56022	0.19107
48 A	0.19830	0.62037	0.18133
49 A	0.16784	0.66109	0.17107
50 G	0.14218	0.68916	0.16866
51 A	0.13647	0.69527	0.16827
52 A	0.13340	0.69746	0.16914
53 T	0.13171	0.69957	0.16873
54 A	0.12974	0.70178	0.16848
55 G	0.12820	0.70235	0.16945
56 C	0.12774	0.70122	0.17104
57 T	0.12716	0.70410	0.16874
58 A	0.12475	0.72322	0.15202
59 G	0.12445	0.72921	0.14635
60 T	0.12452	0.73728	0.1382
61 A	0.12387	0.74479	0.13134
62 A	0.12609	0.74030	0.13361
63 A	0.12957	0.73244	0.13799
64 A	0.13491	0.71257	0.15252
65 A	0.13960	0.66882	0.19158
66 T	0.15285	0.55279	0.29436
67 G	0.17566	0.41218	0.41216
68 A	0.18766	0.36528	0.44706
69 T	0.20679	0.27572	0.5175
70 A	0.21649	0.21262	0.5709
71 T	0.22612	0.16113	0.61275
72 A	0.23309	0.13400	0.6329
73 G	0.23637	0.11868	0.64494
74 G	0.23841	0.13640	0.62519
75 A	0.23835	0.21393	0.54772
76 T	0.23979	0.30733	0.45289
77 A	0.23683	0.34724	0.41593
78 T	0.23340	0.40391	0.36269
79 A	0.22706	0.46015	0.3128
80 A	0.22668	0.51275	0.26056
81 A	0.23677	0.55051	0.21272
82 A	0.24297	0.56211	0.19491
83 T	0.25292	0.56309	0.184
84 T	0.25848	0.57749	0.16404
85 G	0.25939	0.57988	0.16072
86 T	0.26169	0.57917	0.15914
87 T	0.26062	0.58071	0.15866
88 T	0.25825	0.58320	0.15855
89 C	0.25323	0.58826	0.15851
90 T	0.25090	0.59084	0.15825
91 C	0.24657	0.59546	0.15797
92 C	0.24283	0.59986	0.15731
93 A	0.23894	0.60602	0.15504
94 A	0.23908	0.60680	0.15412
95 A	0.24530	0.60098	0.15372
96 A	0.25965	0.58691	0.15343
97 A	0.29023	0.55631	0.15345
98 A	0.38049	0.46303	0.15648
99 T	0.49949	0.34050	0.16
100 A	0.53553	0.29911	0.16535
101 T	0.58558	0.24241	0.17201
102 A	0.61651	0.20574	0.17775
103 A	0.66012	0.15838	0.1815
104 T	0.70820	0.10579	0.18601
105 T	0.72734	0.08465	0.18801
106 A	0.73624	0.07524	0.18852
107 T	0.75586	0.05398	0.19016
108 T	0.75903	0.05005	0.19092
109 G	0.75931	0.05056	0.19014
110 A	0.75980	0.05005	0.19015
111 T	0.76061	0.04693	0.19246
112 T	0.76103	0.04340	0.19556
113 T	0.76154	0.04145	0.19701
114 T	0.76166	0.03944	0.1989
115 A	0.76131	0.03856	0.20013
116 T	0.76245	0.03296	0.20458
117 T	0.75958	0.03439	0.20603
118 G	0.75706	0.03738	0.20555
119 A	0.75667	0.03914	0.20419
120 C	0.75691	0.03955	0.20354
121 A	0.75708	0.04309	0.19983
122 T	0.75739	0.04408	0.19852
123 T	0.75735	0.04652	0.19613
124 T	0.75417	0.05066	0.19516
125 T	0.75042	0.05537	0.19422
126 A	0.73917	0.06750	0.19332
127 A	0.72823	0.07914	0.19263
128 C	0.72517	0.08182	0.19301
129 A	0.72373	0.08369	0.19257
130 G	0.72409	0.08305	0.19286
131 G	0.72597	0.08101	0.19302
132 T	0.72997	0.07691	0.19312
133 T	0.73200	0.07596	0.19204
134 C	0.73216	0.07658	0.19126
135 T	0.73092	0.08402	0.18506
136 A	0.72538	0.09141	0.1832
137 T	0.72068	0.09597	0.18335
138 A	0.71338	0.10278	0.18384
139 G	0.71076	0.10512	0.18412
140 C	0.71007	0.10233	0.1876
141 C	0.71048	0.10053	0.18899
142 T	0.71123	0.10081	0.18796
143 A	0.71111	0.10239	0.18651
144 T	0.71333	0.10086	0.1858
145 A	0.71226	0.10248	0.18526
146 A	0.71312	0.10137	0.18551
147 T	0.71386	0.09621	0.18992
148 A	0.71392	0.09180	0.19428
149 A	0.71460	0.08039	0.205
150 T	0.71524	0.06921	0.21555
151 T	0.71497	0.06600	0.21904
152 C	0.71430	0.06511	0.22059
153 A	0.71400	0.06545	0.22056
154 A	0.71415	0.06526	0.22059
155 A	0.71485	0.06422	0.22093
156 T	0.71645	0.06193	0.22162
157 G	0.71759	0.05986	0.22255
158 A	0.72312	0.05062	0.22626
159 A	0.72490	0.04180	0.2333
160 T	0.72546	0.03387	0.24067
161 C	0.72549	0.02516	0.24935
162 T	0.72640	0.02199	0.25161
163 T	0.72707	0.02054	0.25239
164 T	0.72629	0.02230	0.25142
165 T	0.72350	0.02592	0.25058
166 T	0.71837	0.03175	0.24988
167 T	0.71218	0.03783	0.24999
168 A	0.70558	0.04403	0.2504
169 G	0.70351	0.04494	0.25154
170 T	0.70295	0.04474	0.2523
171 T	0.70232	0.04437	0.25331
172 T	0.70169	0.04426	0.25406
173 C	0.70132	0.04400	0.25467
174 T	0.70126	0.04360	0.25514
175 C	0.70114	0.04313	0.25573
176 C	0.70126	0.04294	0.2558
177 T	0.70147	0.04285	0.25568
178 G	0.70145	0.04309	0.25545
179 T	0.70159	0.04316	0.25525
180 A	0.70148	0.04369	0.25483
181 T	0.70155	0.04385	0.2546
182 A	0.70138	0.04435	0.25427
183 T	0.70142	0.04431	0.25427
184 A	0.70129	0.04462	0.25409
185 A	0.70136	0.04463	0.25401
186 A	0.70183	0.04456	0.25361
187 G	0.70378	0.04183	0.25439
188 T	0.70574	0.03648	0.25777
189 T	0.70534	0.03179	0.26287
190 T	0.70132	0.03297	0.26571
191 T	0.69002	0.05207	0.25791
192 T	0.67812	0.08187	0.24002
193 G	0.66463	0.14085	0.19452
194 A	0.65997	0.18574	0.15429
195 A	0.65786	0.19109	0.15105
196 G	0.65663	0.19401	0.14936
197 T	0.65483	0.19736	0.14781
198 T	0.63665	0.21567	0.14767
199 C	0.61382	0.23844	0.14773
200 A	0.59955	0.25278	0.14767
201 A	0.59234	0.25994	0.14771
202 C	0.58840	0.26383	0.14777
203 C	0.58580	0.26640	0.1478
204 A	0.58342	0.26880	0.14778
205 C	0.58281	0.26935	0.14784
206 A	0.58296	0.26923	0.14782
207 A	0.58405	0.26813	0.14782
208 T	0.58611	0.26598	0.14791
209 A	0.58721	0.26454	0.14826
210 T	0.58933	0.26195	0.14872
211 A	0.59068	0.25821	0.1511
212 A	0.59290	0.25161	0.15549
213 G	0.59763	0.23712	0.16525
214 C	0.61323	0.20662	0.18014
215 C	0.63278	0.17743	0.18979
216 T	0.68066	0.12258	0.19676
217 T	0.71535	0.08597	0.19868
218 T	0.71830	0.08208	0.19962
219 T	0.71906	0.08077	0.20017
220 T	0.71946	0.07790	0.20264
221 T	0.71929	0.05633	0.22438
222 T	0.71883	0.03517	0.24599
223 A	0.71827	0.02575	0.25597
224 T	0.71784	0.02225	0.2599
225 T	0.71122	0.02612	0.26266
226 T	0.68323	0.05399	0.26278
227 T	0.66136	0.07968	0.25897
228 T	0.62703	0.12455	0.24842
229 C	0.60491	0.15798	0.23711
230 A	0.59152	0.19978	0.2087
231 A	0.58619	0.21753	0.19627
232 T	0.58514	0.22407	0.19078
233 T	0.58256	0.23359	0.18385
234 A	0.57501	0.24835	0.17664
235 T	0.56606	0.26779	0.16615
236 T	0.53622	0.32037	0.14342
237 A	0.50812	0.36411	0.12777
238 A	0.50202	0.37135	0.12663
239 A	0.49545	0.37840	0.12614
240 A	0.49180	0.38234	0.12586
241 A	0.48860	0.38560	0.12581
242 C	0.48648	0.38744	0.12608
243 A	0.48408	0.39010	0.12583
244 A	0.48301	0.39145	0.12554
245 G	0.48302	0.39173	0.12526
246 A	0.48532	0.38979	0.12489
247 A	0.48738	0.38708	0.12553
248 A	0.48929	0.36883	0.14189
249 G	0.49310	0.31942	0.18747
250 G	0.50314	0.28813	0.20873
251 C	0.51985	0.24422	0.23593
252 T	0.53719	0.21913	0.24368
253 T	0.56169	0.18789	0.25042
254 T	0.56999	0.17639	0.25362
255 A	0.57273	0.17367	0.2536
256 C	0.57711	0.16719	0.25569
257 A	0.58268	0.15617	0.26115
258 A	0.59208	0.13831	0.26962
259 T	0.61397	0.08828	0.29775
260 T	0.62588	0.05950	0.31461
261 T	0.62222	0.06945	0.30833
262 T	0.61378	0.11201	0.27421
263 A	0.60382	0.19911	0.19707
264 T	0.59917	0.21181	0.18902
265 A	0.59090	0.22885	0.18025
266 A	0.58763	0.23311	0.17925
267 A	0.58726	0.23432	0.17841
268 C	0.58738	0.23556	0.17706
269 A	0.58804	0.24283	0.16913
270 A	0.58855	0.24878	0.16267
271 A	0.58950	0.24865	0.16185
272 T	0.59111	0.24724	0.16165
273 T	0.59197	0.24724	0.16079
274 T	0.59161	0.24906	0.15934
275 C	0.59100	0.25015	0.15885
276 T	0.59087	0.25290	0.15623
277 A	0.58946	0.25697	0.15357
278 A	0.58847	0.25987	0.15166
279 T	0.58774	0.26173	0.15054
280 A	0.58569	0.26639	0.14792
281 A	0.58699	0.26402	0.14899
282 A	0.59027	0.25944	0.15029
283 G	0.59920	0.24505	0.15575
284 G	0.61083	0.22457	0.16461
285 C	0.65361	0.17063	0.17577
286 G	0.72541	0.09328	0.18131
287 T	0.73904	0.07726	0.18371
288 T	0.74813	0.06480	0.18707
289 C	0.75061	0.06051	0.18888
290 G	0.75233	0.05906	0.1886
291 C	0.75501	0.05622	0.18878
292 A	0.76114	0.05178	0.18709
293 T	0.76784	0.04578	0.18638
294 T	0.76911	0.04621	0.18468
295 A	0.76834	0.04907	0.18259
296 G	0.76871	0.04956	0.18173
297 T	0.76966	0.05112	0.17922
298 T	0.76426	0.06647	0.16927
299 T	0.76323	0.07549	0.16128
300 A	0.75990	0.08328	0.15682
301 A	0.75920	0.08567	0.15514
302 A	0.75896	0.08700	0.15403
303 T	0.76061	0.08304	0.15634
304 A	0.75903	0.08463	0.15635
305 T	0.75862	0.08501	0.15638
306 T	0.75758	0.08724	0.15518
307 A	0.75642	0.08839	0.15518
308 A	0.75615	0.08859	0.15526
309 T	0.75665	0.08777	0.15558
310 A	0.75679	0.08748	0.15572
311 C	0.75730	0.08641	0.15629
312 T	0.75872	0.08525	0.15603
313 T	0.75980	0.08439	0.15581
314 T	0.76047	0.08401	0.15552
315 T	0.76156	0.08328	0.15515
316 A	0.76201	0.08425	0.15374
317 A	0.76359	0.08262	0.15379
318 T	0.76627	0.07770	0.15604
319 A	0.76805	0.07460	0.15735
320 A	0.77426	0.06550	0.16024
321 T	0.78887	0.04408	0.16705
322 T	0.79753	0.03273	0.16974
323 T	0.80096	0.02533	0.1737
324 A	0.80264	0.02194	0.17542
325 T	0.80487	0.01819	0.17694
326 T	0.80578	0.01620	0.17803
327 G	0.80661	0.01349	0.17991
328 T	0.80788	0.01129	0.18083
329 T	0.80913	0.00947	0.1814
330 T	0.80893	0.00968	0.18139
331 C	0.80843	0.01097	0.18061
332 G	0.80801	0.01486	0.17712
333 T	0.80793	0.01586	0.17622
334 A	0.80738	0.01679	0.17582
335 T	0.80715	0.01727	0.17557
336 T	0.80638	0.01838	0.17524
337 C	0.80355	0.02115	0.17529
338 C	0.79947	0.02585	0.17468
339 T	0.79616	0.02979	0.17406
340 T	0.79060	0.03612	0.17328
341 C	0.78530	0.04170	0.173
342 T	0.78191	0.04669	0.1714
343 C	0.77737	0.05160	0.17103
344 T	0.77446	0.05504	0.17049
345 C	0.76951	0.06054	0.16996
346 T	0.76357	0.06886	0.16757
347 C	0.75313	0.08080	0.16607
348 A	0.73564	0.09906	0.1653
349 G	0.72078	0.11457	0.16464
350 A	0.71210	0.12384	0.16407
351 A	0.65456	0.18180	0.16364
352 C	0.62008	0.21642	0.1635
353 A	0.61096	0.22582	0.16321
354 A	0.60425	0.23271	0.16304
355 A	0.60380	0.23318	0.16303
356 A	0.60250	0.23444	0.16307
357 T	0.60210	0.23432	0.16358
358 A	0.60173	0.23326	0.16501
359 A	0.60165	0.23158	0.16677
360 A	0.60106	0.22841	0.17053
361 A	0.60126	0.22240	0.17634
362 T	0.60175	0.21465	0.1836
363 C	0.60215	0.20536	0.19249
364 G	0.60268	0.20021	0.19711
365 C	0.60485	0.19393	0.20123
366 T	0.60623	0.19063	0.20314
367 T	0.60690	0.18825	0.20484
368 C	0.60747	0.18589	0.20664
369 T	0.60965	0.17782	0.21254
370 T	0.61058	0.16859	0.22082
371 T	0.61068	0.15315	0.23617
372 T	0.61032	0.14277	0.24691
373 A	0.60971	0.13776	0.25253
374 T	0.60947	0.06890	0.32164
375 T	0.60670	0.03350	0.3598
376 T	0.60149	0.03007	0.36844
377 C	0.59441	0.03234	0.37326
378 T	0.59100	0.03579	0.3732
379 T	0.58358	0.04311	0.37332
380 T	0.55908	0.06874	0.37218
381 A	0.52351	0.10611	0.37038
382 T	0.50181	0.13159	0.36661
383 T	0.46679	0.18422	0.34899
384 A	0.38707	0.28764	0.32529
385 G	0.30919	0.38034	0.31047
386 A	0.25157	0.45848	0.28994
387 T	0.23203	0.49363	0.27435
388 A	0.17844	0.64767	0.1739
389 A	0.12074	0.77097	0.10829
390 A	0.08910	0.82058	0.09032
391 A	0.07844	0.83773	0.08383
392 A	0.07033	0.84987	0.0798
393 A	0.06773	0.85417	0.07811
394 A	0.06688	0.85523	0.07789
395 T	0.06703	0.85431	0.07866
396 A	0.06650	0.85406	0.07944
397 A	0.06678	0.85242	0.0808
398 A	0.06808	0.84705	0.08486
399 T	0.06967	0.83754	0.0928
400 T	0.06994	0.83001	0.10005
401 T	0.07007	0.82494	0.10499
402 A	0.06952	0.81710	0.11338
403 G	0.06918	0.78721	0.14362
404 A	0.06969	0.75189	0.17842
405 A	0.07456	0.72352	0.20193
406 G	0.09641	0.66651	0.23707
407 A	0.12290	0.57520	0.30189
408 A	0.13857	0.48151	0.37992
409 G	0.15752	0.40063	0.44184
410 A	0.17554	0.36613	0.45833
411 A	0.27755	0.22477	0.49768
412 T	0.34687	0.10342	0.54971
413 T	0.36153	0.06246	0.57601
414 A	0.36347	0.06490	0.57163
415 T	0.36379	0.08961	0.54661
416 T	0.34950	0.18371	0.46679
417 A	0.22230	0.45021	0.32749
418 A	0.11720	0.67118	0.21161
419 A	0.08592	0.74196	0.17213
420 A	0.07366	0.79076	0.13558
421 A	0.06036	0.84485	0.0948
422 A	0.05255	0.86429	0.08316
423 T	0.04908	0.86807	0.08285
424 T	0.04410	0.87322	0.08268
425 A	0.04045	0.87706	0.08249
426 T	0.03935	0.87762	0.08303
427 C	0.03684	0.87982	0.08334
428 A	0.03582	0.88089	0.08329
429 A	0.03565	0.88099	0.08336
430 C	0.03802	0.87850	0.08348
431 T	0.03977	0.87680	0.08343
432 T	0.03977	0.87687	0.08337
433 C	0.03981	0.87689	0.0833
434 A	0.03981	0.87729	0.0829
435 A	0.04084	0.87637	0.08279
436 A	0.04473	0.87175	0.08352
437 A	0.06203	0.85313	0.08484
438 A	0.10314	0.81016	0.0867
439 A	0.19489	0.69812	0.10698
440 A	0.34132	0.42270	0.23598
441 T	0.46059	0.19840	0.34101
442 T	0.49647	0.13355	0.36998
443 A	0.52241	0.09864	0.37895
444 T	0.55609	0.05326	0.39066
445 T	0.56418	0.03906	0.39676
446 T	0.56417	0.03719	0.39864
447 T	0.56294	0.03816	0.3989
448 T	0.56056	0.05332	0.38612
449 T	0.53501	0.17505	0.28994
450 G	0.49658	0.28098	0.22245
451 A	0.47167	0.31082	0.21751
452 A	0.45907	0.32538	0.21555
453 T	0.45400	0.33209	0.21391
454 T	0.45105	0.34246	0.20649
455 C	0.44546	0.36406	0.19048
456 A	0.44062	0.38680	0.17258
457 T	0.43474	0.39971	0.16556
458 T	0.42807	0.41791	0.15403
459 A	0.39182	0.47577	0.13242
460 A	0.34966	0.53302	0.11731
461 T	0.31834	0.57395	0.10771
462 A	0.29510	0.60125	0.10365
463 G	0.26056	0.64220	0.09724
464 A	0.23107	0.67846	0.09047
465 A	0.21884	0.69328	0.08788
466 C	0.21601	0.69773	0.08626
467 A	0.21507	0.70247	0.08246
468 A	0.21990	0.69919	0.08091
469 A	0.22830	0.69082	0.08087
470 A	0.24142	0.67582	0.08276
471 A	0.26047	0.65348	0.08605
472 T	0.35843	0.52023	0.12134
473 T	0.40620	0.43426	0.15955
474 C	0.40311	0.41532	0.18157
475 A	0.39809	0.42226	0.17965
476 G	0.39117	0.42729	0.18153
477 A	0.39378	0.42297	0.18326
478 T	0.40707	0.40376	0.18917
479 T	0.41589	0.38949	0.19462
480 C	0.40924	0.37975	0.21101
481 A	0.40542	0.38869	0.20589
482 A	0.40649	0.37731	0.2162
483 A	0.40176	0.36484	0.2334
484 G	0.38945	0.35002	0.26053
485 G	0.38733	0.34028	0.27239
486 A	0.39405	0.30131	0.30463
487 T	0.40196	0.26408	0.33395
488 C	0.40001	0.25270	0.34728
489 T	0.39084	0.26302	0.34614
490 C	0.37151	0.28665	0.34184
491 A	0.33425	0.35872	0.30703
492 A	0.24364	0.46802	0.28834
493 G	0.20516	0.51950	0.27535
494 A	0.17367	0.56995	0.25638
495 A	0.16041	0.59765	0.24194
496 G	0.14876	0.61532	0.23592
497 A	0.13683	0.64368	0.21949
498 A	0.13287	0.66274	0.20439
499 T	0.12863	0.66757	0.2038
500 G	0.12436	0.68390	0.19174
501 G	0.12130	0.69595	0.18275
502 A	0.11870	0.70250	0.1788
503 G	0.11853	0.69405	0.18741
504 A	0.12601	0.67927	0.19472
505 G	0.14365	0.64918	0.20717
506 A	0.15788	0.62316	0.21895
507 A	0.16115	0.60147	0.23737
508 A	0.16878	0.58484	0.24638
509 C	0.17545	0.56782	0.25673
510 T	0.18041	0.55979	0.2598
511 A	0.18137	0.55450	0.26412
512 G	0.18462	0.54063	0.27475
513 A	0.19069	0.52351	0.2858
514 T	0.22206	0.46068	0.31727
515 T	0.23664	0.35249	0.41087
516 A	0.23971	0.31547	0.44482
517 G	0.25285	0.27121	0.47594
518 G	0.26344	0.24720	0.48936
519 A	0.27635	0.22318	0.50047
520 A	0.30331	0.18344	0.51325
521 T	0.33772	0.13899	0.52328
522 C	0.36132	0.10885	0.52983
523 T	0.37811	0.09988	0.52201
524 T	0.38304	0.12637	0.49059
525 T	0.37083	0.18608	0.44309
526 T	0.33922	0.28559	0.37519
527 T	0.30227	0.37129	0.32644
528 A	0.22544	0.51452	0.26004
529 A	0.18890	0.64403	0.16707
530 A	0.17226	0.68391	0.14384
531 A	0.15716	0.71538	0.12745
532 G	0.15155	0.72676	0.12169
533 A	0.14916	0.73423	0.11661
534 A	0.14643	0.73932	0.11426
535 A	0.14685	0.73894	0.11421
536 T	0.15092	0.73431	0.11477
537 A	0.15035	0.73532	0.11433
538 A	0.15086	0.73401	0.11514
539 A	0.15302	0.72304	0.12394
540 T	0.15581	0.71513	0.12906
541 G	0.15463	0.71618	0.1292
542 A	0.15346	0.72303	0.12351
543 A	0.15403	0.72524	0.12073
544 A	0.15501	0.72705	0.11794
545 A	0.15667	0.72477	0.11856
546 A	0.17416	0.70319	0.12265
547 A	0.21856	0.64571	0.13573
548 G	0.28544	0.54708	0.16748
549 T	0.36739	0.42322	0.20939
550 A	0.40867	0.34705	0.24428
551 C	0.46475	0.22335	0.3119
552 T	0.54121	0.12878	0.33001
553 A	0.55725	0.11155	0.33121
554 T	0.57129	0.09123	0.33748
555 T	0.57366	0.09303	0.33331
556 T	0.57348	0.10095	0.32557
557 T	0.57057	0.10940	0.32004
558 G	0.54992	0.13165	0.31842
559 A	0.53751	0.14730	0.3152
560 A	0.52783	0.15996	0.31221
561 T	0.52201	0.16599	0.312
562 C	0.51747	0.17408	0.30845
563 A	0.51623	0.18715	0.29662
564 A	0.51739	0.18670	0.29591
565 T	0.52331	0.17897	0.29772
566 A	0.52540	0.17653	0.29807
567 T	0.52746	0.17367	0.29887
568 C	0.52771	0.17129	0.301
569 C	0.52741	0.17283	0.29976
570 T	0.52627	0.18247	0.29126
571 A	0.52473	0.18575	0.28952
572 T	0.52472	0.18682	0.28847
573 A	0.52344	0.18928	0.28728
574 G	0.52356	0.18908	0.28736
575 C	0.52653	0.18316	0.29032
576 T	0.53461	0.17656	0.28883
577 A	0.53717	0.17914	0.28369
578 G	0.54435	0.17405	0.28159
579 T	0.55503	0.17945	0.26552
580 G	0.56320	0.17630	0.2605
581 T	0.56807	0.16436	0.26757
582 A	0.57086	0.16498	0.26416
583 A	0.57501	0.15263	0.27236
584 C	0.57700	0.14788	0.27513
585 T	0.58129	0.15587	0.26284
586 A	0.58846	0.15050	0.26105
587 C	0.58936	0.15213	0.25852
588 A	0.58686	0.17068	0.24246
589 A	0.58467	0.17762	0.2377
590 C	0.58294	0.18219	0.23487
591 A	0.57674	0.20035	0.22292
592 G	0.56625	0.22128	0.21247
593 G	0.56867	0.22783	0.20349
594 A	0.56768	0.23408	0.19824
595 T	0.56713	0.24104	0.19184
596 T	0.56472	0.24587	0.18941
597 A	0.55606	0.25465	0.1893
598 A	0.55034	0.25969	0.18996
599 A	0.54925	0.25992	0.19083
600 A	0.55325	0.25414	0.19261
601 C	0.55816	0.24782	0.19402
602 C	0.57555	0.22995	0.19449
603 G	0.58154	0.22371	0.19475
604 C	0.59165	0.21346	0.1949
605 C	0.60251	0.20247	0.19503
606 A	0.60300	0.20200	0.19501
607 T	0.61303	0.19182	0.19515
608 C	0.62580	0.17808	0.19611
609 C	0.62769	0.17587	0.19644
610 A	0.63224	0.17092	0.19684
611 T	0.65217	0.14802	0.19981
612 T	0.65768	0.14057	0.20174
613 A	0.66205	0.13477	0.20317
614 G	0.67292	0.11712	0.20996
615 T	0.68400	0.09005	0.22595
616 T	0.68683	0.08105	0.23212
617 T	0.67649	0.08955	0.23396
618 T	0.65529	0.11393	0.23078
619 A	0.56625	0.21486	0.21889
620 A	0.50067	0.28181	0.21751
621 T	0.46481	0.31792	0.21728
622 A	0.37772	0.41124	0.21104
623 A	0.32216	0.47072	0.20712
624 A	0.28019	0.51876	0.20105
625 A	0.25641	0.54370	0.19988
626 G	0.23851	0.56090	0.20058
627 A	0.22963	0.57042	0.19996
628 A	0.22581	0.57284	0.20134
629 T	0.22438	0.57257	0.20305
630 A	0.22188	0.57497	0.20315
631 G	0.21967	0.57541	0.20492
632 C	0.21874	0.57468	0.20658
633 T	0.21758	0.57784	0.20459
634 A	0.21401	0.58825	0.19774
635 G	0.21165	0.59797	0.19038
636 A	0.20963	0.60875	0.18162
637 G	0.20815	0.61283	0.17902
638 A	0.20861	0.60983	0.18156
639 A	0.21115	0.59626	0.19259
640 G	0.21511	0.56920	0.21569
641 A	0.22200	0.53149	0.24651
642 T	0.23647	0.41904	0.34448
643 G	0.24295	0.34622	0.41082
644 A	0.24911	0.30763	0.44327
645 T	0.26011	0.22962	0.51027
646 A	0.26471	0.18148	0.55381
647 T	0.27152	0.13906	0.58942
648 A	0.27392	0.12109	0.60499
649 G	0.27597	0.11124	0.61279
650 G	0.27848	0.11926	0.60225
651 A	0.27876	0.17923	0.54201
652 T	0.27919	0.23182	0.48899
653 A	0.27643	0.26738	0.45619
654 T	0.27485	0.32103	0.40412
655 A	0.27290	0.36014	0.36695
656 A	0.27370	0.40931	0.31699
657 A	0.27800	0.43793	0.28406
658 A	0.28646	0.44764	0.26589
659 T	0.29697	0.45081	0.25223
660 T	0.30089	0.46820	0.23092
661 G	0.30291	0.47007	0.22702
662 T	0.30520	0.46987	0.22493
663 T	0.30389	0.47178	0.22433
664 T	0.29950	0.47634	0.22416
665 C	0.29008	0.48581	0.22412
666 T	0.28439	0.49184	0.22376
667 C	0.27430	0.50239	0.22331
668 C	0.26530	0.51355	0.22116
669 A	0.25822	0.52424	0.21753
670 A	0.25342	0.53240	0.21417
671 A	0.25663	0.53105	0.21232
672 A	0.26614	0.52362	0.21025
673 A	0.28722	0.50414	0.20865
674 A	0.35642	0.43419	0.20939
675 T	0.42626	0.36257	0.21116
676 A	0.46008	0.32444	0.21548
677 T	0.50981	0.27115	0.21904
678 A	0.53475	0.24398	0.22127
679 A	0.57553	0.20136	0.22312
680 C	0.61034	0.16421	0.22545
681 T	0.63171	0.14281	0.22547
682 A	0.64343	0.13132	0.22524
683 T	0.66392	0.11105	0.22502
684 T	0.66597	0.11007	0.22395
685 A	0.66309	0.11560	0.22131
686 A	0.66141	0.11346	0.22513
687 T	0.66219	0.10469	0.23311
688 T	0.66227	0.09340	0.24433
689 T	0.66243	0.08638	0.25119
690 G	0.66221	0.07982	0.25797
691 T	0.66407	0.07307	0.26285
692 A	0.66549	0.06662	0.26789
693 T	0.66458	0.06258	0.27284
694 A	0.66334	0.06325	0.27342
695 A	0.66481	0.06110	0.27409
696 C	0.66639	0.05864	0.27497
697 A	0.66754	0.05990	0.27256
698 T	0.66831	0.05957	0.27212
699 T	0.66836	0.06102	0.27062
700 T	0.66633	0.06784	0.26583
701 T	0.66201	0.07646	0.26154
702 A	0.65075	0.09307	0.25618
703 A	0.63828	0.10924	0.25247
704 T	0.63591	0.11163	0.25246
705 A	0.63262	0.11404	0.25334
706 G	0.63220	0.11164	0.25616
707 G	0.63351	0.10803	0.25846
708 T	0.63646	0.10193	0.26162
709 T	0.63680	0.10177	0.26143
710 C	0.63570	0.10441	0.25989
711 T	0.63212	0.11920	0.24867
712 A	0.62244	0.13302	0.24454
713 T	0.61433	0.14118	0.2445
714 A	0.60839	0.14758	0.24403
715 A	0.60530	0.15109	0.24361
716 C	0.60424	0.14816	0.24759
717 C	0.60457	0.14694	0.24849
718 T	0.60462	0.14935	0.24603
719 A	0.60203	0.15464	0.24333
720 T	0.60389	0.15410	0.24201
721 A	0.60235	0.15657	0.24109
722 A	0.60329	0.15562	0.24109
723 T	0.60836	0.14711	0.24453
724 A	0.61122	0.13930	0.24948
725 A	0.61668	0.12274	0.26058
726 T	0.62136	0.10584	0.2728
727 T	0.62236	0.10191	0.27572
728 C	0.62198	0.09943	0.27859
729 A	0.62172	0.09954	0.27875
730 A	0.62211	0.09891	0.27898
731 A	0.62328	0.09712	0.27959
732 T	0.62610	0.09280	0.2811
733 G	0.62808	0.08920	0.28271
734 A	0.63792	0.07339	0.28869
735 A	0.64156	0.05861	0.29983
736 C	0.64224	0.04661	0.31114
737 G	0.64348	0.03961	0.31691
738 T	0.64709	0.03303	0.31988
739 T	0.64912	0.02999	0.32089
740 T	0.64958	0.03082	0.3196
741 T	0.64886	0.03271	0.31844
742 T	0.64623	0.03353	0.32023
743 T	0.64217	0.03757	0.32027
744 A	0.63782	0.04169	0.3205
745 G	0.63643	0.04164	0.32193
746 T	0.63624	0.04089	0.32287
747 T	0.63582	0.04008	0.32411
748 T	0.63526	0.03971	0.32502
749 C	0.63490	0.03939	0.3257
750 T	0.63482	0.03900	0.32618
751 C	0.63468	0.03855	0.32678
752 C	0.63481	0.03835	0.32684
753 T	0.63506	0.03823	0.3267
754 G	0.63502	0.03854	0.32644
755 T	0.63502	0.03874	0.32624
756 A	0.63489	0.03941	0.3257
757 T	0.63501	0.03944	0.32555
758 A	0.63480	0.03965	0.32555
759 T	0.63485	0.03926	0.32588
760 A	0.63474	0.03969	0.32556
761 A	0.63486	0.04051	0.32463
762 A	0.63551	0.04047	0.32402
763 G	0.63813	0.03764	0.32422
764 T	0.64108	0.03275	0.32617
765 T	0.64096	0.03003	0.329
766 T	0.63657	0.03363	0.3298
767 T	0.62410	0.05618	0.31972
768 T	0.61036	0.08824	0.3014
769 G	0.59519	0.14636	0.25845
770 A	0.58994	0.18647	0.22359
771 A	0.58736	0.19189	0.22075
772 G	0.58599	0.19470	0.21932
773 T	0.58386	0.19807	0.21807
774 T	0.56413	0.21787	0.21801
775 C	0.53829	0.24361	0.2181
776 A	0.51397	0.26798	0.21805
777 A	0.50546	0.27642	0.21812
778 C	0.50032	0.28149	0.21819
779 C	0.49709	0.28468	0.21822
780 A	0.49420	0.28758	0.21821
781 C	0.49272	0.28898	0.2183
782 A	0.49264	0.28908	0.21828
783 A	0.49359	0.28811	0.2183
784 T	0.49582	0.28577	0.21841
785 A	0.49671	0.28447	0.21882
786 T	0.49861	0.28201	0.21938
787 A	0.49976	0.27812	0.22212
788 A	0.50180	0.27086	0.22734
789 G	0.50625	0.25535	0.23841
790 C	0.52297	0.22206	0.25497
791 C	0.54305	0.19082	0.26613
792 T	0.58813	0.13816	0.27371
793 T	0.61726	0.10695	0.27579
794 T	0.61972	0.10318	0.2771
795 T	0.62010	0.10223	0.27767
796 T	0.62028	0.09912	0.28059
797 T	0.62004	0.07604	0.30392
798 T	0.61957	0.05236	0.32806
799 A	0.61902	0.03259	0.34839
800 T	0.61867	0.02854	0.35279
801 T	0.61422	0.02918	0.3566
802 T	0.60148	0.04170	0.35681
803 T	0.58043	0.06560	0.35397
804 T	0.55079	0.10483	0.34439
805 C	0.53517	0.13237	0.33246
806 A	0.52397	0.17334	0.3027
807 A	0.52028	0.18970	0.29002
808 T	0.51924	0.19635	0.28441
809 T	0.51643	0.20627	0.2773
810 A	0.49082	0.24154	0.26764
811 T	0.48137	0.26283	0.2558
812 T	0.45599	0.31495	0.22906
813 A	0.43689	0.37066	0.19245
814 A	0.43201	0.37804	0.18995
815 A	0.42933	0.38161	0.18906
816 A	0.42639	0.38513	0.18847
817 A	0.42386	0.38780	0.18834
818 C	0.41795	0.39311	0.18894
819 A	0.40955	0.40213	0.18831
820 G	0.40367	0.40895	0.18738
821 A	0.39866	0.41714	0.1842
822 A	0.40030	0.41733	0.18237
823 A	0.40222	0.41526	0.18252
824 A	0.40392	0.40296	0.19312
825 A	0.40793	0.37954	0.21254
826 G	0.41652	0.34793	0.23556
827 C	0.43279	0.30634	0.26087
828 T	0.45087	0.28539	0.26373
829 T	0.47664	0.25498	0.26838
830 T	0.48443	0.24761	0.26796
831 A	0.48558	0.24599	0.26843
832 A	0.48894	0.23998	0.27108
833 C	0.49706	0.19904	0.30389
834 A	0.50624	0.18031	0.31345
835 C	0.53027	0.13378	0.33594
836 T	0.56355	0.10217	0.33428
837 T	0.56339	0.11411	0.3225
838 T	0.55786	0.15307	0.28907
839 A	0.54457	0.19241	0.26301
840 T	0.53511	0.20570	0.25919
841 A	0.52081	0.21858	0.26061
842 A	0.51654	0.21785	0.26561
843 A	0.51646	0.21173	0.27181
844 C	0.51961	0.20323	0.27716
845 A	0.52169	0.21270	0.2656
846 A	0.52321	0.22296	0.25384
847 A	0.52481	0.22693	0.24826
848 T	0.52859	0.22359	0.24783
849 T	0.52875	0.22629	0.24496
850 T	0.52718	0.23036	0.24246
851 C	0.52556	0.23357	0.24088
852 T	0.52417	0.24170	0.23412
853 A	0.51972	0.25294	0.22734
854 A	0.51419	0.26119	0.22462
855 T	0.50712	0.27088	0.222
856 A	0.48841	0.29687	0.21472
857 A	0.48462	0.30223	0.21315
858 A	0.48334	0.30676	0.2099
859 G	0.49327	0.29476	0.21197
860 G	0.50610	0.27749	0.21641
861 T	0.54043	0.23612	0.22345
862 A	0.55937	0.20747	0.23316
863 T	0.56429	0.19367	0.24203
864 C	0.56556	0.18359	0.25085
865 C	0.56552	0.18481	0.24967
866 G	0.56506	0.19304	0.24189
867 A	0.56667	0.20110	0.23223
868 A	0.57710	0.19523	0.22768
869 A	0.58968	0.18426	0.22605
870 T	0.59973	0.17487	0.2254
871 A	0.60247	0.17288	0.22465
872 A	0.60920	0.16479	0.22601
873 T	0.61635	0.15529	0.22836
874 T	0.61866	0.15524	0.2261
875 T	0.62137	0.15507	0.22357
876 A	0.62251	0.15558	0.22191
877 A	0.62386	0.15302	0.22313
878 A	0.62597	0.14579	0.22824
879 T	0.63268	0.12258	0.24475
880 A	0.63505	0.11639	0.24857
881 T	0.64118	0.10661	0.25221
882 G	0.64254	0.10494	0.25253
883 A	0.64349	0.10419	0.25231
884 A	0.64463	0.10252	0.25285
885 T	0.64913	0.09558	0.25529
886 G	0.65190	0.09165	0.25644
887 T	0.65860	0.08328	0.25813
888 T	0.66375	0.07850	0.25774
889 T	0.66976	0.07263	0.25761
890 T	0.67419	0.06897	0.25683
891 T	0.67639	0.06896	0.25465
892 A	0.67706	0.07307	0.24987
893 A	0.67841	0.07459	0.247
894 T	0.68139	0.07116	0.24745
895 A	0.68335	0.06957	0.24708
896 A	0.68823	0.06413	0.24764
897 T	0.69864	0.05231	0.24905
898 T	0.70464	0.04556	0.2498
899 T	0.70794	0.04053	0.25153
900 A	0.70992	0.03793	0.25215
901 T	0.71208	0.03510	0.25283
902 T	0.71292	0.03392	0.25316
903 G	0.71381	0.03194	0.25425
904 T	0.71531	0.03000	0.25468
905 T	0.71686	0.02843	0.25472
906 T	0.71772	0.02844	0.25384
907 C	0.71803	0.02985	0.25213
908 G	0.71864	0.03469	0.24668
909 T	0.71984	0.03506	0.2451
910 A	0.72072	0.03479	0.24449
911 T	0.72487	0.03097	0.24415
912 T	0.72699	0.02939	0.24361
913 C	0.72795	0.02848	0.24356
914 C	0.72845	0.02916	0.2424
915 T	0.73145	0.02717	0.24138
916 T	0.73143	0.02835	0.24022
917 C	0.73003	0.03021	0.23976
918 T	0.72950	0.03372	0.23679
919 C	0.72810	0.03586	0.23604
920 T	0.72726	0.03768	0.23507
921 C	0.72571	0.04029	0.23399
922 T	0.72406	0.04655	0.22939
923 C	0.72060	0.05299	0.22641
924 A	0.71443	0.06072	0.22486
925 G	0.70959	0.06688	0.22353
926 A	0.70667	0.07101	0.22232
927 A	0.68958	0.08912	0.2213
928 C	0.67948	0.09975	0.22077
929 A	0.67721	0.10309	0.2197
930 A	0.67620	0.10517	0.21863
931 A	0.67873	0.10352	0.21775
932 A	0.67937	0.10335	0.21728
933 T	0.67985	0.10292	0.21724
934 A	0.67999	0.10254	0.21748
935 A	0.68033	0.10161	0.21807
936 A	0.68047	0.10014	0.2194
937 A	0.68177	0.09676	0.22147
938 T	0.68324	0.09265	0.22411
939 C	0.68440	0.08828	0.22731
940 G	0.68561	0.08550	0.22889
941 C	0.68976	0.07993	0.23031
942 T	0.69259	0.07640	0.23101
943 T	0.69400	0.07438	0.23163
944 C	0.69517	0.07256	0.23227
945 T	0.69943	0.06657	0.234
946 T	0.70144	0.06187	0.23669
947 T	0.70194	0.05578	0.24228
948 T	0.70185	0.05232	0.24583
949 A	0.70145	0.05064	0.24791
950 T	0.70172	0.02990	0.26838
951 T	0.69857	0.02123	0.28021
952 T	0.69182	0.02505	0.28313
953 C	0.68324	0.03196	0.28481
954 T	0.67968	0.03558	0.28474
955 T	0.67116	0.04421	0.28462
956 T	0.64103	0.07486	0.28411
957 A	0.59256	0.12408	0.28336
958 T	0.56554	0.15228	0.28219
959 T	0.52507	0.19786	0.27707
960 A	0.43342	0.29771	0.26886
961 G	0.33646	0.40085	0.26269
962 A	0.25656	0.48878	0.25466
963 T	0.23222	0.51962	0.24817
964 A	0.17255	0.61024	0.21721
965 A	0.10746	0.69734	0.19521
966 A	0.06901	0.74237	0.18861
967 A	0.05517	0.75859	0.18624
968 A	0.04454	0.77082	0.18465
969 A	0.04140	0.77445	0.18416
970 A	0.04030	0.77525	0.18445
971 T	0.04017	0.77424	0.18559
972 A	0.03949	0.77380	0.18671
973 A	0.03940	0.77215	0.18845
974 A	0.03977	0.76662	0.19361
975 T	0.04033	0.75514	0.20453
976 T	0.04028	0.74621	0.21351
977 T	0.03995	0.74121	0.21884
978 A	0.03886	0.73323	0.22791
979 G	0.03810	0.69693	0.26496
980 A	0.03802	0.64792	0.31406
981 A	0.03928	0.61731	0.34341
982 G	0.04543	0.57175	0.38282
983 A	0.05445	0.49072	0.45483
984 A	0.06136	0.38639	0.55224
985 G	0.06918	0.29043	0.64039
986 A	0.07693	0.26236	0.66071
987 A	0.10746	0.19104	0.70149
988 T	0.13048	0.11215	0.75737
989 T	0.13588	0.07591	0.78821
990 A	0.13680	0.07830	0.7849
991 T	0.13723	0.10122	0.76155
992 T	0.13187	0.19531	0.67282
993 A	0.10194	0.40101	0.49706
994 A	0.07450	0.60030	0.3252
995 A	0.06507	0.66208	0.27284
996 A	0.06152	0.70242	0.23606
997 A	0.05842	0.74567	0.19592
998 A	0.05787	0.75947	0.18266
999 T	0.05952	0.75825	0.18223
1000 T	0.05991	0.75794	0.18215
1001 A	0.05988	0.75791	0.18221
1002 T	0.06095	0.75610	0.18296
1003 C	0.06120	0.75547	0.18334
1004 A	0.06130	0.75546	0.18324
1005 A	0.06193	0.75475	0.18331
1006 C	0.06480	0.75181	0.18338
1007 T	0.06737	0.74937	0.18326
1008 T	0.06860	0.74829	0.18312
1009 C	0.06971	0.74740	0.18289
1010 A	0.07045	0.74797	0.18157
1011 A	0.07242	0.74659	0.18099
1012 A	0.07885	0.74019	0.18097
1013 A	0.09874	0.71995	0.18131
1014 A	0.13967	0.67855	0.18178
1015 A	0.23994	0.57040	0.18966
1016 A	0.42536	0.35585	0.21879
1017 T	0.60780	0.14670	0.24551
1018 T	0.65581	0.09059	0.2536
1019 A	0.67596	0.06994	0.2541
1020 T	0.70325	0.04200	0.25475
1021 T	0.70850	0.03809	0.25342
1022 T	0.70742	0.03901	0.25357
1023 T	0.70474	0.04119	0.25408
1024 T	0.70166	0.04421	0.25413
1025 T	0.69968	0.04663	0.25369
1026 A	0.69674	0.04981	0.25345
1027 A	0.69682	0.04920	0.25399
1028 A	0.69700	0.04836	0.25464
1029 T	0.69740	0.04711	0.25549
1030 T	0.69774	0.04605	0.2562
1031 C	0.69799	0.04477	0.25724
1032 A	0.69830	0.04400	0.2577
1033 T	0.69955	0.04207	0.25838
1034 T	0.70003	0.04122	0.25875
1035 A	0.70024	0.04077	0.25899
1036 A	0.70057	0.04023	0.2592
1037 T	0.70118	0.03867	0.26014
1038 A	0.70153	0.03773	0.26074
1039 A	0.70268	0.03575	0.26157
1040 T	0.70532	0.03163	0.26305
1041 T	0.70737	0.02707	0.26556
1042 T	0.70986	0.02083	0.26931
1043 A	0.71205	0.01450	0.27345
1044 A	0.71595	0.00000	0.28404
