# lcl|CP097583.1_cds_USQ93235.1_1
# AA	inside	membr	outside
1 A	0.78253	0.00000	0.21748
2 T	0.78002	0.00251	0.21748
3 G	0.77835	0.00417	0.21748
4 A	0.77835	0.03808	0.18357
5 A	0.76896	0.09450	0.13654
6 A	0.76896	0.09668	0.13437
7 T	0.75455	0.11140	0.13405
8 T	0.75455	0.11142	0.13404
9 A	0.74689	0.11956	0.13355
10 C	0.74688	0.12996	0.12316
11 A	0.74574	0.13353	0.12073
12 T	0.73196	0.14856	0.11948
13 A	0.69381	0.19078	0.1154
14 G	0.69381	0.19079	0.1154
15 T	0.69381	0.20378	0.10241
16 A	0.69316	0.20443	0.10241
17 A	0.69258	0.20512	0.1023
18 A	0.69256	0.20533	0.10211
19 G	0.69246	0.20558	0.10197
20 G	0.69200	0.21105	0.09695
21 T	0.69161	0.21133	0.09707
22 T	0.69388	0.21020	0.09592
23 T	0.69562	0.20982	0.09455
24 A	0.69730	0.20910	0.0936
25 A	0.69966	0.20435	0.09598
26 T	0.70253	0.19953	0.09794
27 G	0.72668	0.17318	0.10014
28 A	0.76679	0.12643	0.10677
29 T	0.77184	0.12006	0.1081
30 A	0.77326	0.10940	0.11735
31 G	0.77408	0.10676	0.11916
32 T	0.77608	0.09806	0.12586
33 A	0.78358	0.08876	0.12767
34 A	0.78630	0.08381	0.12988
35 T	0.79299	0.06438	0.14264
36 T	0.79631	0.03273	0.17095
37 T	0.79411	0.03610	0.16979
38 C	0.78715	0.04642	0.16644
39 A	0.77410	0.06675	0.15915
40 G	0.76884	0.07264	0.15851
41 G	0.76455	0.07806	0.1574
42 A	0.76190	0.08138	0.15672
43 C	0.76615	0.07665	0.1572
44 C	0.76632	0.07653	0.15715
45 A	0.76757	0.07850	0.15393
46 T	0.76922	0.07724	0.15353
47 C	0.76962	0.07682	0.15356
48 T	0.76929	0.07774	0.15297
49 G	0.76757	0.08165	0.15078
50 G	0.76693	0.08313	0.14995
51 C	0.76675	0.08316	0.15009
52 G	0.76515	0.08525	0.1496
53 T	0.76372	0.08708	0.1492
54 C	0.75996	0.09400	0.14604
55 G	0.75834	0.11366	0.128
56 G	0.75831	0.12127	0.12043
57 A	0.75741	0.12876	0.11383
58 A	0.75719	0.13301	0.10979
59 A	0.75790	0.13426	0.10784
60 A	0.75919	0.12936	0.11144
61 G	0.76232	0.11366	0.12403
62 G	0.76832	0.09600	0.13567
63 A	0.76904	0.09139	0.13957
64 T	0.77059	0.08639	0.14302
65 C	0.77077	0.08315	0.14607
66 G	0.77042	0.08413	0.14544
67 A	0.77039	0.08543	0.14418
68 T	0.77225	0.08443	0.14332
69 C	0.77200	0.08731	0.14069
70 A	0.77165	0.09083	0.13752
71 A	0.77117	0.09202	0.13681
72 A	0.77137	0.09067	0.13796
73 T	0.77122	0.08952	0.13926
74 C	0.76882	0.09084	0.14034
75 A	0.76827	0.08946	0.14227
76 G	0.76882	0.08714	0.14404
77 C	0.77264	0.08026	0.1471
78 T	0.78890	0.06716	0.14394
79 T	0.79240	0.07483	0.13277
80 T	0.78981	0.08852	0.12166
81 A	0.77943	0.10891	0.11166
82 T	0.77103	0.12229	0.10669
83 T	0.76094	0.13551	0.10355
84 A	0.74777	0.14899	0.10323
85 A	0.74046	0.15650	0.10305
86 A	0.73689	0.15967	0.10343
87 T	0.73499	0.16098	0.10403
88 C	0.72913	0.16641	0.10447
89 A	0.72775	0.16862	0.10363
90 A	0.72808	0.16826	0.10366
91 G	0.72927	0.16696	0.10378
92 T	0.73218	0.16404	0.10379
93 T	0.73499	0.16161	0.1034
94 A	0.73614	0.15980	0.10406
95 A	0.73698	0.15723	0.10579
96 T	0.73740	0.15476	0.10785
97 A	0.73756	0.15220	0.11024
98 A	0.73873	0.14848	0.11279
99 T	0.74176	0.14203	0.11621
100 A	0.74383	0.13636	0.11982
101 A	0.75027	0.12587	0.12386
102 T	0.76638	0.10225	0.13137
103 T	0.77843	0.08045	0.14111
104 T	0.78516	0.06138	0.15346
105 T	0.78790	0.04864	0.16345
106 T	0.78912	0.03927	0.17161
107 G	0.78921	0.03238	0.17841
108 T	0.78956	0.02926	0.18118
109 T	0.78914	0.02746	0.18341
110 A	0.78754	0.02906	0.1834
111 T	0.78301	0.03135	0.18563
112 T	0.77370	0.04296	0.18334
113 C	0.75214	0.07121	0.17665
114 T	0.74549	0.09229	0.16222
115 G	0.74050	0.10035	0.15914
116 T	0.73935	0.10445	0.15619
117 T	0.73837	0.10815	0.15348
118 T	0.73556	0.11421	0.15023
119 C	0.72964	0.12289	0.14748
120 T	0.71435	0.14659	0.13907
121 T	0.69609	0.16781	0.1361
122 A	0.66223	0.20466	0.13311
123 T	0.64507	0.22357	0.13135
124 A	0.62191	0.24726	0.13082
125 C	0.60395	0.26550	0.13055
126 T	0.58420	0.28648	0.12932
127 A	0.52991	0.34216	0.12793
128 C	0.48808	0.38477	0.12715
129 A	0.46679	0.40872	0.12449
130 A	0.44725	0.43161	0.12114
131 G	0.43179	0.44899	0.11923
132 A	0.42394	0.45649	0.11956
133 A	0.41952	0.45913	0.12135
134 A	0.41094	0.46085	0.12821
135 A	0.40803	0.45137	0.1406
136 C	0.41221	0.42276	0.16503
137 C	0.41684	0.41175	0.17141
138 T	0.40786	0.42518	0.16695
139 A	0.37273	0.48299	0.14428
140 G	0.32270	0.55508	0.12222
141 A	0.28463	0.61785	0.09752
142 A	0.22908	0.69014	0.08078
143 A	0.19145	0.71754	0.09101
144 A	0.17323	0.72228	0.10448
145 G	0.15311	0.71867	0.12822
146 G	0.13802	0.73877	0.12321
147 A	0.12902	0.73786	0.13312
148 G	0.12213	0.73666	0.14121
149 A	0.11831	0.73335	0.14833
150 A	0.11713	0.69330	0.18957
151 C	0.11561	0.65972	0.22467
152 A	0.11540	0.65107	0.23353
153 A	0.11509	0.64356	0.24135
154 G	0.11501	0.63536	0.24963
155 A	0.11373	0.63417	0.25211
156 A	0.11129	0.63510	0.25361
157 G	0.10922	0.62178	0.269
158 G	0.10804	0.61696	0.275
159 A	0.10771	0.62858	0.2637
160 A	0.10851	0.62855	0.26295
161 A	0.11685	0.60702	0.27614
162 A	0.13977	0.55076	0.30947
163 G	0.16358	0.47117	0.36525
164 A	0.19098	0.42237	0.38665
165 T	0.22282	0.34503	0.43214
166 T	0.24103	0.30978	0.4492
167 A	0.24926	0.29877	0.45197
168 T	0.26332	0.26918	0.4675
169 T	0.28000	0.24288	0.47712
170 T	0.28573	0.23230	0.48197
171 T	0.29118	0.22526	0.48356
172 T	0.29654	0.22112	0.48233
173 T	0.29736	0.22401	0.47862
174 T	0.29323	0.23915	0.46762
175 A	0.27965	0.27739	0.44296
176 T	0.27199	0.31133	0.41668
177 A	0.24927	0.38837	0.36236
178 A	0.23244	0.44657	0.32099
179 A	0.22133	0.49859	0.28007
180 T	0.20972	0.53964	0.25063
181 A	0.18523	0.56673	0.24804
182 A	0.18440	0.56809	0.24751
183 A	0.18180	0.57032	0.24789
184 G	0.17865	0.57306	0.24829
185 C	0.17955	0.57318	0.24726
186 A	0.18640	0.57473	0.23887
187 G	0.21239	0.56127	0.22634
188 A	0.23139	0.56934	0.19927
189 T	0.26045	0.56751	0.17205
190 T	0.26464	0.60563	0.12973
191 T	0.25339	0.64078	0.10582
192 T	0.23005	0.68709	0.08286
193 A	0.17472	0.76626	0.05902
194 A	0.14001	0.81154	0.04846
195 A	0.11453	0.84019	0.04528
196 A	0.10634	0.84842	0.04525
197 A	0.11303	0.83704	0.04993
198 A	0.13456	0.80285	0.06258
199 A	0.16011	0.76756	0.07233
200 A	0.20348	0.70324	0.09329
201 A	0.23828	0.64909	0.11263
202 A	0.27341	0.59739	0.12921
203 T	0.30277	0.54591	0.15131
204 T	0.30329	0.52022	0.17649
205 G	0.29272	0.51979	0.1875
206 A	0.27884	0.52626	0.1949
207 A	0.26771	0.53228	0.20002
208 G	0.26247	0.53195	0.20559
209 A	0.27021	0.52356	0.20623
210 A	0.28917	0.50398	0.20685
211 A	0.32881	0.46175	0.20944
212 A	0.37687	0.40948	0.21365
213 T	0.44040	0.32010	0.23949
214 T	0.46304	0.26917	0.26779
215 T	0.47586	0.22718	0.29696
216 T	0.48301	0.18469	0.3323
217 T	0.48626	0.16159	0.35216
218 T	0.48657	0.14748	0.36595
219 T	0.48582	0.14689	0.36729
220 T	0.48253	0.16827	0.3492
221 T	0.47526	0.18772	0.33702
222 A	0.46090	0.23978	0.29932
223 G	0.42117	0.31847	0.26036
224 A	0.41148	0.35244	0.23608
225 A	0.40914	0.36622	0.22464
226 T	0.40912	0.37334	0.21754
227 A	0.40991	0.37666	0.21343
228 T	0.41394	0.36462	0.22144
229 A	0.41452	0.35606	0.22942
230 G	0.41739	0.34464	0.23797
231 T	0.42089	0.33992	0.23919
232 G	0.42408	0.34650	0.22942
233 A	0.42736	0.35934	0.2133
234 A	0.43223	0.36936	0.19842
235 T	0.43917	0.37509	0.18574
236 T	0.44216	0.37302	0.18482
237 T	0.44512	0.37176	0.18312
238 G	0.44674	0.37192	0.18134
239 T	0.45045	0.36850	0.18105
240 C	0.45257	0.36614	0.18129
241 A	0.45688	0.36695	0.17617
242 A	0.46725	0.35892	0.17383
243 T	0.49554	0.33050	0.17396
244 A	0.50363	0.32188	0.17449
245 A	0.53782	0.28011	0.18207
246 T	0.58005	0.19911	0.22084
247 T	0.59744	0.18230	0.22025
248 A	0.59675	0.20216	0.20109
249 T	0.59504	0.23282	0.17214
250 T	0.58914	0.26781	0.14305
251 A	0.57111	0.28859	0.1403
252 T	0.56360	0.29593	0.14048
253 G	0.55427	0.30445	0.14128
254 G	0.55436	0.30416	0.14148
255 C	0.55945	0.29867	0.14189
256 A	0.56992	0.28813	0.14196
257 C	0.58307	0.27488	0.14206
258 T	0.59352	0.26461	0.14188
259 C	0.58767	0.27075	0.14158
260 C	0.58406	0.27671	0.13924
261 T	0.58196	0.28095	0.13709
262 T	0.57246	0.29200	0.13553
263 A	0.54382	0.32263	0.13355
264 T	0.52644	0.34104	0.13252
265 A	0.46036	0.40892	0.13072
266 A	0.40123	0.46795	0.13082
267 A	0.36687	0.49791	0.13522
268 G	0.33902	0.51911	0.14187
269 A	0.31814	0.53697	0.14488
270 A	0.32319	0.52372	0.15309
271 A	0.34275	0.49162	0.16563
272 C	0.37277	0.44374	0.18349
273 T	0.39597	0.41245	0.19159
274 T	0.39090	0.41158	0.19751
275 T	0.37272	0.43861	0.18866
276 A	0.33141	0.50125	0.16735
277 A	0.28166	0.58082	0.13752
278 A	0.23219	0.64902	0.11879
279 A	0.20483	0.69600	0.09917
280 A	0.19683	0.71494	0.08824
281 A	0.19243	0.72112	0.08645
282 A	0.19112	0.71739	0.09149
283 T	0.19288	0.70533	0.10179
284 T	0.19216	0.69780	0.11004
285 A	0.19021	0.68680	0.12298
286 G	0.19062	0.65496	0.15442
287 A	0.18938	0.63561	0.17501
288 A	0.18925	0.58026	0.23049
289 G	0.18891	0.53146	0.27963
290 A	0.18907	0.50867	0.30226
291 A	0.18716	0.49923	0.31362
292 G	0.18612	0.48143	0.33246
293 G	0.18691	0.47887	0.33423
294 T	0.18915	0.48320	0.32765
295 A	0.18881	0.50182	0.30938
296 A	0.19170	0.50146	0.30684
297 A	0.20000	0.50172	0.29828
298 G	0.21434	0.47781	0.30785
299 A	0.23814	0.42532	0.33653
300 A	0.27066	0.34752	0.38183
301 G	0.29767	0.27378	0.42854
302 T	0.32678	0.22109	0.45213
303 T	0.34168	0.20341	0.45491
304 C	0.34485	0.21319	0.44195
305 T	0.34766	0.24128	0.41105
306 T	0.34499	0.28760	0.36742
307 T	0.33833	0.32742	0.33425
308 T	0.32466	0.36679	0.30855
309 A	0.30370	0.41603	0.28027
310 G	0.29856	0.43096	0.27048
311 A	0.29699	0.43294	0.27007
312 A	0.29770	0.43096	0.27134
313 A	0.30677	0.42092	0.27231
314 T	0.32863	0.39713	0.27423
315 C	0.33507	0.39045	0.27448
316 G	0.34117	0.38605	0.27279
317 A	0.35037	0.37781	0.27182
318 T	0.36905	0.35889	0.27206
319 A	0.37515	0.35301	0.27184
320 T	0.39649	0.33134	0.27217
321 T	0.41027	0.31626	0.27346
322 G	0.41311	0.31467	0.27222
323 A	0.40991	0.32181	0.26828
324 A	0.40989	0.32404	0.26608
325 G	0.41325	0.32116	0.26559
326 G	0.42305	0.31062	0.26633
327 T	0.46420	0.26709	0.26871
328 G	0.50620	0.22824	0.26556
329 T	0.56879	0.16917	0.26204
330 T	0.59143	0.15690	0.25167
331 T	0.59466	0.16108	0.24426
332 T	0.58196	0.17455	0.24349
333 G	0.51871	0.25586	0.22543
334 A	0.48889	0.31819	0.19291
335 A	0.47521	0.34676	0.17803
336 A	0.46433	0.35845	0.17722
337 A	0.45210	0.37228	0.17561
338 T	0.43952	0.38519	0.17529
339 T	0.40453	0.42627	0.1692
340 C	0.30933	0.54010	0.15057
341 A	0.23767	0.64812	0.11421
342 A	0.20691	0.68503	0.10807
343 A	0.19223	0.70643	0.10134
344 A	0.18825	0.71485	0.0969
345 A	0.18751	0.71939	0.0931
346 C	0.19045	0.71462	0.09492
347 A	0.19280	0.71672	0.09048
348 T	0.19674	0.71530	0.08796
349 A	0.19651	0.71968	0.08381
350 A	0.20090	0.71776	0.08134
351 A	0.20945	0.71069	0.07986
352 A	0.22319	0.69127	0.08555
353 T	0.24636	0.65367	0.09997
354 T	0.26729	0.62046	0.11225
355 A	0.27706	0.59595	0.12699
356 A	0.28882	0.53252	0.17867
357 T	0.31031	0.48545	0.20425
358 A	0.31512	0.46724	0.21764
359 A	0.31746	0.44910	0.23345
360 A	0.32225	0.42324	0.25451
361 G	0.32936	0.38892	0.28173
362 A	0.33882	0.34006	0.32112
363 T	0.36306	0.22618	0.41077
364 A	0.39069	0.13839	0.47092
365 G	0.39920	0.10101	0.4998
366 C	0.41019	0.07641	0.51341
367 G	0.42044	0.06341	0.51614
368 T	0.43119	0.05005	0.51877
369 T	0.43775	0.04180	0.52044
370 T	0.44250	0.03646	0.52104
371 T	0.44394	0.03473	0.52132
372 C	0.44273	0.03297	0.5243
373 A	0.44069	0.03712	0.52219
374 T	0.44031	0.03961	0.52008
375 T	0.43819	0.04710	0.51471
376 T	0.43343	0.06449	0.50208
377 T	0.42227	0.12275	0.45497
378 T	0.40711	0.17217	0.42072
379 A	0.38880	0.19459	0.41661
380 T	0.38105	0.20212	0.41683
381 T	0.37432	0.20668	0.419
382 T	0.36540	0.21430	0.4203
383 C	0.35120	0.22790	0.4209
384 G	0.34239	0.23656	0.42105
385 C	0.33920	0.23964	0.42116
386 C	0.33695	0.24191	0.42114
387 T	0.33638	0.24281	0.42081
388 C	0.33336	0.24647	0.42017
389 T	0.33146	0.25046	0.41808
390 T	0.32964	0.25607	0.41429
391 T	0.32678	0.26486	0.40836
392 A	0.32211	0.27332	0.40457
393 T	0.32044	0.27636	0.40319
394 A	0.31670	0.28163	0.40166
395 A	0.30857	0.28739	0.40404
396 A	0.30171	0.29003	0.40826
397 G	0.30118	0.28585	0.41297
398 A	0.30556	0.28173	0.41271
399 A	0.31954	0.26832	0.41213
400 G	0.36633	0.21146	0.42221
401 T	0.39812	0.16494	0.43694
402 T	0.40159	0.15080	0.44761
403 T	0.39997	0.16789	0.43215
404 T	0.38341	0.25988	0.3567
405 A	0.34572	0.39704	0.25724
406 A	0.27797	0.56165	0.16038
407 A	0.24725	0.62193	0.13083
408 A	0.22201	0.64879	0.1292
409 G	0.21432	0.65771	0.12797
410 A	0.21236	0.66035	0.12729
411 A	0.21108	0.65896	0.12996
412 C	0.21273	0.65289	0.13439
413 G	0.21593	0.64967	0.1344
414 T	0.22106	0.64639	0.13255
415 T	0.22328	0.64838	0.12834
416 T	0.22200	0.65576	0.12224
417 G	0.21803	0.65960	0.12237
418 A	0.21608	0.65528	0.12863
419 G	0.21375	0.64967	0.13659
420 A	0.20852	0.65407	0.13741
421 C	0.20811	0.65516	0.13673
422 A	0.20892	0.66579	0.12529
423 A	0.21202	0.67310	0.11488
424 A	0.21609	0.67561	0.1083
425 G	0.22683	0.66836	0.10481
426 A	0.25404	0.64428	0.10168
427 G	0.34068	0.53394	0.12538
428 A	0.43679	0.40299	0.16021
429 T	0.53731	0.23237	0.23031
430 A	0.55986	0.18801	0.25213
431 C	0.56278	0.16271	0.27451
432 T	0.56157	0.19289	0.24554
433 G	0.48453	0.28078	0.2347
434 A	0.41889	0.36000	0.22111
435 A	0.34720	0.43920	0.2136
436 A	0.31372	0.48389	0.2024
437 C	0.28394	0.51916	0.19689
438 A	0.22485	0.62819	0.14696
439 G	0.17400	0.69713	0.12888
440 A	0.12881	0.77800	0.09319
441 A	0.10286	0.82071	0.07643
442 G	0.09409	0.83578	0.07014
443 A	0.09030	0.84639	0.0633
444 A	0.08640	0.84691	0.0667
445 G	0.09373	0.83431	0.07196
446 A	0.10145	0.82387	0.07468
447 A	0.10639	0.81546	0.07814
448 C	0.11108	0.80729	0.08163
449 T	0.11445	0.80475	0.0808
450 C	0.11253	0.80771	0.07977
451 A	0.11103	0.81373	0.07525
452 A	0.11110	0.81715	0.07175
453 A	0.11218	0.81778	0.07004
454 A	0.11625	0.81268	0.07107
455 A	0.14482	0.77958	0.07559
456 A	0.15614	0.68529	0.15857
457 A	0.16916	0.60845	0.22238
458 G	0.17844	0.52461	0.29696
459 A	0.19351	0.49234	0.31414
460 A	0.21010	0.45265	0.33725
461 T	0.26038	0.35285	0.38677
462 A	0.27748	0.30828	0.41424
463 T	0.31347	0.24440	0.44213
464 T	0.31891	0.24336	0.43773
465 G	0.29886	0.30818	0.39295
466 A	0.28951	0.32013	0.39036
467 G	0.26976	0.34048	0.38975
468 A	0.26688	0.34658	0.38654
469 G	0.26718	0.34279	0.39003
470 C	0.27132	0.33629	0.39239
471 T	0.27509	0.33353	0.39139
472 T	0.27351	0.33811	0.38838
473 C	0.26531	0.34701	0.38767
474 G	0.24115	0.37650	0.38234
475 G	0.21244	0.42674	0.36082
476 A	0.19178	0.48934	0.31888
477 A	0.17994	0.52464	0.29541
478 G	0.17586	0.54929	0.27485
479 A	0.17505	0.55699	0.26797
480 A	0.17679	0.56156	0.26164
481 A	0.17647	0.56673	0.2568
482 T	0.19706	0.54804	0.25491
483 G	0.20559	0.54112	0.25329
484 A	0.21967	0.53285	0.24747
485 A	0.24270	0.50908	0.24822
486 A	0.25407	0.49491	0.25102
487 T	0.28126	0.45624	0.2625
488 T	0.31499	0.40223	0.28279
489 A	0.31075	0.39496	0.29429
490 G	0.31278	0.37569	0.31153
491 C	0.31456	0.36901	0.31643
492 T	0.31370	0.36911	0.31718
493 T	0.30856	0.37395	0.3175
494 A	0.29714	0.38544	0.31742
495 T	0.29861	0.38184	0.31955
496 A	0.28613	0.39088	0.32299
497 A	0.28491	0.36701	0.34809
498 A	0.30182	0.32001	0.37817
499 T	0.34152	0.25598	0.4025
500 G	0.36027	0.22304	0.41668
501 T	0.38409	0.19260	0.42331
502 G	0.38958	0.18460	0.42582
503 A	0.39817	0.17337	0.42847
504 T	0.40710	0.15950	0.4334
505 T	0.41166	0.15184	0.4365
506 A	0.41353	0.14541	0.44106
507 T	0.41963	0.13613	0.44424
508 A	0.42159	0.13162	0.4468
509 T	0.42395	0.12110	0.45495
510 T	0.42314	0.11639	0.46047
511 G	0.42030	0.11390	0.4658
512 T	0.42061	0.11174	0.46765
513 G	0.42025	0.11717	0.46258
514 T	0.42079	0.12048	0.45874
515 T	0.42129	0.12224	0.45647
516 T	0.42125	0.12959	0.44915
517 A	0.41923	0.13829	0.44248
518 A	0.41762	0.14792	0.43446
519 T	0.40955	0.15308	0.43737
520 G	0.39369	0.18196	0.42434
521 A	0.38198	0.20785	0.41018
522 T	0.37596	0.23849	0.38555
523 G	0.36169	0.30554	0.33277
524 A	0.34832	0.38668	0.265
525 A	0.34123	0.46389	0.19488
526 A	0.33651	0.50920	0.15429
527 T	0.33568	0.52571	0.13861
528 T	0.32927	0.56287	0.10786
529 A	0.31582	0.60070	0.08348
530 A	0.31082	0.61044	0.07874
531 A	0.30628	0.61683	0.07688
532 A	0.30561	0.61721	0.07719
533 A	0.30702	0.61445	0.07854
534 C	0.31385	0.60448	0.08167
535 G	0.32171	0.59632	0.08197
536 C	0.33355	0.58408	0.08237
537 T	0.34458	0.57418	0.08124
538 G	0.34897	0.57080	0.08023
539 T	0.35993	0.56041	0.07966
540 A	0.36708	0.55330	0.07962
541 A	0.37500	0.54492	0.08008
542 A	0.38654	0.52362	0.08984
543 T	0.40975	0.48395	0.10631
544 A	0.42486	0.45620	0.11894
545 A	0.45832	0.41681	0.12487
546 A	0.51632	0.34655	0.13713
547 A	0.58744	0.26237	0.1502
548 T	0.66661	0.17282	0.16057
549 T	0.71089	0.12040	0.1687
550 A	0.72408	0.10459	0.17133
551 T	0.74821	0.07249	0.1793
552 G	0.76216	0.04796	0.18988
553 T	0.76812	0.03816	0.19372
554 C	0.77050	0.03270	0.1968
555 T	0.77152	0.03677	0.19171
556 A	0.77130	0.05186	0.17684
557 T	0.77057	0.06855	0.16088
558 T	0.76465	0.09663	0.13872
559 A	0.75457	0.11176	0.13367
560 T	0.75177	0.11699	0.13124
561 T	0.74511	0.12954	0.12535
562 A	0.72872	0.14887	0.12242
563 C	0.71053	0.16598	0.12349
564 T	0.68506	0.19390	0.12104
565 G	0.59567	0.29252	0.11182
566 C	0.55143	0.34303	0.10554
567 C	0.49635	0.40151	0.10213
568 G	0.44369	0.45862	0.09769
569 A	0.41914	0.48582	0.09504
570 A	0.40283	0.50275	0.09442
571 C	0.39769	0.50824	0.09408
572 G	0.39687	0.50966	0.09347
573 T	0.39612	0.51114	0.09274
574 C	0.38681	0.52313	0.09006
575 A	0.38104	0.53301	0.08596
576 T	0.37949	0.53656	0.08396
577 A	0.37648	0.54291	0.08061
578 A	0.37742	0.54341	0.07916
579 A	0.38518	0.53580	0.07902
580 A	0.39634	0.52201	0.08165
581 T	0.41491	0.49570	0.08939
582 T	0.41963	0.48117	0.0992
583 A	0.42054	0.47660	0.10286
584 A	0.42505	0.46568	0.10928
585 A	0.42847	0.44673	0.1248
586 A	0.43139	0.42262	0.14599
587 A	0.43912	0.37978	0.1811
588 T	0.45668	0.26727	0.27606
589 A	0.46414	0.22430	0.31156
590 T	0.46984	0.17435	0.35581
591 T	0.47226	0.13831	0.38943
592 A	0.47242	0.11791	0.40966
593 T	0.47319	0.09786	0.42894
594 T	0.47390	0.09359	0.43251
595 A	0.47453	0.09340	0.43207
596 A	0.47632	0.09004	0.43364
597 T	0.48086	0.07348	0.44566
598 T	0.48351	0.06507	0.45143
599 T	0.48303	0.07204	0.44493
600 T	0.47986	0.09188	0.42826
601 T	0.47067	0.10468	0.42465
602 A	0.44866	0.14060	0.41074
603 T	0.43509	0.16195	0.40296
604 T	0.41259	0.20574	0.38167
605 C	0.35902	0.29290	0.34808
606 A	0.27856	0.45386	0.26759
607 A	0.18617	0.65470	0.15913
608 A	0.12784	0.74368	0.12848
609 A	0.09531	0.79141	0.11328
610 G	0.08356	0.81375	0.10269
611 A	0.08369	0.81682	0.09949
612 A	0.08661	0.81510	0.09829
613 A	0.09115	0.81092	0.09792
614 T	0.10243	0.79918	0.0984
615 T	0.10917	0.79162	0.0992
616 T	0.11098	0.78943	0.09959
617 T	0.11188	0.78820	0.09992
618 A	0.11236	0.78738	0.10025
619 A	0.11289	0.78652	0.10059
620 A	0.11392	0.78490	0.10118
621 A	0.11603	0.78144	0.10254
622 A	0.12441	0.76997	0.10562
623 A	0.14097	0.74670	0.11233
624 A	0.14803	0.72655	0.12542
625 G	0.16463	0.68006	0.1553
626 G	0.17963	0.64444	0.17594
627 A	0.20635	0.59408	0.19957
628 A	0.24654	0.50464	0.24882
629 A	0.32974	0.34616	0.3241
630 T	0.44049	0.14471	0.4148
631 T	0.46873	0.06087	0.4704
632 G	0.47904	0.02029	0.50066
633 A	0.48778	0.00000	0.51222
