# lcl|CP097583.1_cds_USQ93499.1_1
# AA	inside	membr	outside
1 A	0.34866	0.00000	0.65134
2 T	0.34627	0.00239	0.65134
3 G	0.34501	0.00365	0.65134
4 T	0.34501	0.00456	0.65043
5 C	0.31460	0.03744	0.64796
6 A	0.31459	0.03935	0.64606
7 C	0.22367	0.13128	0.64504
8 G	0.22367	0.13139	0.64495
9 T	0.21302	0.14496	0.64202
10 A	0.21296	0.46837	0.31867
11 A	0.20809	0.48158	0.31033
12 A	0.17166	0.51840	0.30995
13 A	0.13747	0.55357	0.30896
14 A	0.13747	0.55357	0.30896
15 A	0.13747	0.55684	0.30569
16 C	0.13732	0.55699	0.30569
17 G	0.13711	0.55738	0.30552
18 T	0.13710	0.55833	0.30457
19 A	0.13702	0.55939	0.30359
20 T	0.13681	0.57672	0.28646
21 T	0.13561	0.57798	0.28641
22 T	0.13540	0.58464	0.27996
23 A	0.13416	0.59189	0.27394
24 T	0.13245	0.59959	0.26796
25 A	0.13096	0.60716	0.26189
26 A	0.12988	0.61297	0.25714
27 A	0.12982	0.61554	0.25464
28 A	0.13359	0.59424	0.27217
29 A	0.13711	0.58960	0.27329
30 A	0.15663	0.50029	0.34308
31 A	0.16433	0.49574	0.33994
32 A	0.17941	0.47031	0.35027
33 T	0.45180	0.20040	0.3478
34 T	0.45571	0.19640	0.34789
35 T	0.45386	0.17464	0.3715
36 A	0.44658	0.16095	0.39246
37 A	0.43704	0.16966	0.3933
38 C	0.43710	0.16886	0.39403
39 A	0.41695	0.18934	0.39371
40 C	0.41729	0.18890	0.39381
41 C	0.41760	0.18968	0.39271
42 A	0.41908	0.18867	0.39225
43 G	0.43485	0.17285	0.39231
44 A	0.43523	0.17187	0.39291
45 T	0.44391	0.16289	0.39321
46 C	0.45196	0.15321	0.39483
47 C	0.46098	0.14162	0.3974
48 T	0.47273	0.12933	0.39794
49 G	0.48012	0.12347	0.39641
50 T	0.49142	0.11299	0.39559
51 T	0.49830	0.10691	0.39479
52 T	0.49725	0.10931	0.39343
53 A	0.48846	0.12011	0.39142
54 T	0.48959	0.12215	0.38826
55 A	0.48556	0.12583	0.38861
56 A	0.49058	0.11916	0.39025
57 T	0.49471	0.10623	0.39906
58 T	0.49212	0.10401	0.40387
59 C	0.47825	0.10751	0.41424
60 T	0.46167	0.12246	0.41587
61 A	0.42404	0.16614	0.40982
62 A	0.40393	0.17881	0.41726
63 G	0.38331	0.20132	0.41537
64 T	0.37997	0.20670	0.41333
65 T	0.37276	0.21331	0.41392
66 G	0.35128	0.23969	0.40903
67 G	0.34362	0.24560	0.41079
68 T	0.34032	0.24830	0.41138
69 A	0.32110	0.26819	0.4107
70 A	0.30885	0.28053	0.41062
71 C	0.30402	0.28523	0.41075
72 T	0.29999	0.29135	0.40866
73 A	0.28962	0.30860	0.40179
74 A	0.28051	0.32318	0.39631
75 A	0.27700	0.32802	0.39498
76 A	0.27600	0.33003	0.39397
77 T	0.27779	0.32155	0.40067
78 T	0.27466	0.31952	0.40583
79 A	0.26924	0.32585	0.4049
80 T	0.26761	0.32435	0.40804
81 A	0.26232	0.32676	0.41092
82 A	0.25861	0.31742	0.42397
83 A	0.25890	0.30057	0.44053
84 T	0.26423	0.25531	0.48047
85 A	0.26369	0.23661	0.4997
86 C	0.26531	0.21021	0.52448
87 T	0.26723	0.20886	0.52391
88 A	0.26505	0.21306	0.52189
89 T	0.26549	0.20427	0.53024
90 T	0.26042	0.21574	0.52384
91 A	0.25284	0.23132	0.51584
92 T	0.24767	0.22134	0.53099
93 G	0.23768	0.22748	0.53483
94 A	0.23413	0.23604	0.52983
95 A	0.23490	0.23944	0.52565
96 A	0.24048	0.23602	0.5235
97 G	0.24566	0.23467	0.51966
98 A	0.25015	0.25984	0.49001
99 T	0.25941	0.25682	0.48377
100 G	0.25733	0.28014	0.46252
101 G	0.25757	0.29596	0.44647
102 T	0.25871	0.31524	0.42605
103 A	0.25282	0.34259	0.40459
104 A	0.24975	0.35011	0.40014
105 A	0.23762	0.36272	0.39966
106 A	0.23063	0.36869	0.40067
107 A	0.22262	0.37525	0.40214
108 A	0.21309	0.38148	0.40543
109 G	0.20921	0.38266	0.40812
110 A	0.21132	0.37838	0.4103
111 A	0.21703	0.36784	0.41513
112 G	0.22502	0.35268	0.42231
113 T	0.23891	0.33171	0.42938
114 T	0.24675	0.31663	0.43662
115 G	0.24783	0.31057	0.4416
116 C	0.25263	0.29870	0.44867
117 C	0.26042	0.28929	0.45028
118 A	0.26847	0.28091	0.45062
119 A	0.28151	0.26743	0.45106
120 A	0.30032	0.24812	0.45155
121 T	0.34404	0.20397	0.45199
122 C	0.36079	0.18579	0.45342
123 T	0.39173	0.15047	0.4578
124 A	0.40583	0.13343	0.46074
125 T	0.42609	0.10907	0.46483
126 T	0.43924	0.08981	0.47095
127 T	0.44258	0.08260	0.47482
128 T	0.44208	0.06985	0.48807
129 A	0.43455	0.06996	0.49549
130 T	0.43021	0.06596	0.50383
131 A	0.42366	0.06301	0.51333
132 T	0.42001	0.06125	0.51874
133 G	0.41189	0.06524	0.52287
134 G	0.41037	0.06369	0.52595
135 T	0.40921	0.06351	0.52728
136 G	0.40764	0.06351	0.52885
137 C	0.40677	0.06306	0.53017
138 T	0.40618	0.06403	0.52978
139 T	0.40554	0.06596	0.5285
140 T	0.40461	0.06822	0.52717
141 T	0.40235	0.07285	0.5248
142 G	0.39845	0.08291	0.51864
143 A	0.39526	0.09263	0.51211
144 T	0.38332	0.11226	0.50443
145 A	0.36471	0.14653	0.48877
146 G	0.34991	0.17063	0.47946
147 A	0.33900	0.19711	0.4639
148 G	0.32955	0.22530	0.44515
149 T	0.32393	0.24186	0.43421
150 A	0.31866	0.26057	0.42077
151 A	0.31696	0.27148	0.41156
152 A	0.31607	0.27404	0.40989
153 A	0.31539	0.27839	0.40622
154 G	0.31542	0.27910	0.40547
155 A	0.31497	0.29210	0.39293
156 A	0.31230	0.30977	0.37793
157 A	0.30951	0.31636	0.37412
158 T	0.30915	0.31725	0.3736
159 A	0.30562	0.32442	0.36996
160 A	0.30429	0.32665	0.36906
161 C	0.30457	0.32504	0.37039
162 T	0.30621	0.32473	0.36906
163 A	0.30557	0.32690	0.36753
164 A	0.30682	0.32541	0.36777
165 A	0.31073	0.31969	0.36959
166 A	0.31548	0.31305	0.37148
167 G	0.32367	0.29033	0.386
168 A	0.34056	0.25586	0.40358
169 G	0.35232	0.22844	0.41925
170 A	0.37026	0.20012	0.42963
171 T	0.39354	0.16715	0.43931
172 C	0.40265	0.15245	0.4449
173 C	0.41332	0.13948	0.4472
174 A	0.42251	0.13128	0.44621
175 A	0.43344	0.12059	0.44596
176 T	0.44594	0.10843	0.44564
177 A	0.45200	0.10394	0.44406
178 G	0.46663	0.08906	0.44431
179 A	0.48697	0.06507	0.44796
180 T	0.49675	0.05109	0.45216
181 G	0.49957	0.04916	0.45127
182 T	0.50680	0.04057	0.45262
183 T	0.50951	0.03999	0.4505
184 T	0.50954	0.04282	0.44764
185 T	0.50947	0.04561	0.44492
186 T	0.50820	0.05107	0.44073
187 A	0.50507	0.05837	0.43657
188 A	0.50335	0.06244	0.43422
189 T	0.50281	0.06422	0.43297
190 G	0.50189	0.06532	0.43279
191 A	0.50161	0.06563	0.43276
192 A	0.50166	0.06567	0.43266
193 G	0.50204	0.06501	0.43295
194 C	0.50274	0.06406	0.4332
195 T	0.50405	0.06285	0.4331
196 T	0.50495	0.06201	0.43305
197 T	0.50578	0.06125	0.43297
198 G	0.50553	0.06182	0.43265
199 A	0.50567	0.06220	0.43212
200 G	0.50709	0.06040	0.43252
201 T	0.50870	0.05951	0.4318
202 A	0.50977	0.05914	0.43108
203 A	0.51176	0.05788	0.43036
204 T	0.51652	0.05321	0.43027
205 A	0.51929	0.05109	0.42962
206 T	0.52435	0.04548	0.43018
207 T	0.52913	0.03933	0.43153
208 A	0.53208	0.03547	0.43245
209 T	0.53686	0.02847	0.43467
210 G	0.54039	0.02192	0.43769
211 C	0.54304	0.01726	0.4397
212 C	0.54521	0.01460	0.44019
213 T	0.54625	0.01382	0.43993
214 A	0.54659	0.01425	0.43917
215 T	0.54727	0.01381	0.43892
216 T	0.54711	0.01433	0.43857
217 T	0.54662	0.01510	0.43828
218 T	0.54558	0.01654	0.43789
219 A	0.53964	0.02377	0.4366
220 G	0.53752	0.02730	0.43518
221 A	0.53389	0.03323	0.43288
222 A	0.53027	0.03713	0.43261
223 G	0.52868	0.03953	0.43179
224 T	0.52931	0.03950	0.4312
225 A	0.52927	0.04035	0.43038
226 C	0.52966	0.03987	0.43047
227 G	0.52974	0.04012	0.43014
228 T	0.53045	0.03944	0.4301
229 A	0.53020	0.03998	0.42982
230 C	0.52952	0.04071	0.42976
231 G	0.52895	0.04148	0.42957
232 C	0.52832	0.04210	0.42958
233 G	0.52812	0.04238	0.42951
234 T	0.52825	0.04236	0.42938
235 A	0.52817	0.04280	0.42904
236 C	0.52844	0.04270	0.42885
237 T	0.52898	0.04373	0.42728
238 A	0.52893	0.04485	0.42622
239 T	0.52872	0.04463	0.42665
240 A	0.52835	0.04497	0.42668
241 G	0.52866	0.04436	0.42699
242 G	0.52955	0.03843	0.43202
243 A	0.53112	0.03487	0.43401
244 A	0.53366	0.02838	0.43796
245 G	0.53482	0.02263	0.44255
246 T	0.53633	0.01944	0.44424
247 C	0.53680	0.01984	0.44336
248 A	0.53730	0.02560	0.4371
249 A	0.53691	0.03205	0.43104
250 A	0.53707	0.03393	0.42901
251 A	0.53726	0.03579	0.42695
252 T	0.53782	0.03495	0.42723
253 T	0.53800	0.03393	0.42807
254 A	0.53798	0.03347	0.42855
255 T	0.53808	0.03250	0.42941
256 C	0.53814	0.03238	0.42948
257 A	0.53829	0.03246	0.42925
258 A	0.53873	0.03186	0.42941
259 G	0.53929	0.03105	0.42965
260 T	0.54118	0.02886	0.42997
261 T	0.54217	0.02765	0.43018
262 C	0.54211	0.02692	0.43096
263 C	0.54204	0.02662	0.43134
264 T	0.54230	0.02652	0.43118
265 T	0.54210	0.02717	0.43073
266 C	0.54123	0.02835	0.43041
267 A	0.54077	0.02986	0.42937
268 G	0.54087	0.03054	0.42859
269 A	0.54119	0.03163	0.42718
270 A	0.54279	0.02984	0.42737
271 G	0.54931	0.02317	0.42752
272 T	0.55561	0.01614	0.42825
273 T	0.55730	0.01419	0.42852
274 C	0.55816	0.01314	0.4287
275 G	0.55791	0.01333	0.42876
276 T	0.55708	0.01408	0.42884
277 C	0.55531	0.01581	0.42888
278 C	0.55231	0.01913	0.42856
279 T	0.54924	0.02295	0.42781
280 G	0.54077	0.03200	0.42723
281 A	0.53184	0.04243	0.42572
282 A	0.52356	0.05094	0.42549
283 A	0.51756	0.05705	0.42539
284 G	0.51473	0.05951	0.42576
285 A	0.51299	0.06057	0.42644
286 C	0.51207	0.06047	0.42746
287 G	0.51205	0.06039	0.42757
288 T	0.51260	0.05974	0.42765
289 C	0.51253	0.05940	0.42806
290 A	0.51290	0.05912	0.42798
291 A	0.51322	0.05884	0.42794
292 T	0.51446	0.05705	0.42849
293 C	0.51446	0.05675	0.42879
294 T	0.51451	0.05695	0.42855
295 T	0.51438	0.05728	0.42833
296 T	0.51392	0.05805	0.42804
297 A	0.51334	0.05872	0.42794
298 G	0.51287	0.05947	0.42766
299 G	0.51212	0.05859	0.42929
300 A	0.51176	0.05717	0.43108
301 T	0.51221	0.05300	0.43479
302 T	0.51241	0.04947	0.43813
303 A	0.51229	0.04202	0.44569
304 A	0.51289	0.03317	0.45394
305 G	0.51282	0.02579	0.46139
306 A	0.51270	0.02107	0.46624
307 T	0.51279	0.01856	0.46865
308 G	0.51097	0.01924	0.46978
309 G	0.50782	0.02291	0.46927
310 T	0.50651	0.02611	0.46737
311 T	0.50258	0.03333	0.46409
312 G	0.49499	0.04186	0.46315
313 A	0.48944	0.05077	0.45979
314 T	0.48551	0.05620	0.45829
315 T	0.48100	0.06279	0.45621
316 C	0.46246	0.08411	0.45344
317 A	0.44706	0.11083	0.44211
318 A	0.43922	0.12789	0.43289
319 T	0.42960	0.14085	0.42956
320 A	0.39908	0.17432	0.4266
321 T	0.38130	0.19220	0.4265
322 T	0.36660	0.20637	0.42703
323 C	0.33216	0.24044	0.42741
324 T	0.30060	0.27284	0.42656
325 C	0.26432	0.30961	0.42606
326 A	0.24363	0.33197	0.4244
327 A	0.20512	0.37178	0.42309
328 A	0.15985	0.41811	0.42203
329 A	0.12120	0.45727	0.42153
330 A	0.10779	0.47133	0.42089
331 A	0.09656	0.48111	0.42233
332 G	0.09455	0.47965	0.42579
333 A	0.09405	0.47937	0.42657
334 A	0.09490	0.47583	0.42928
335 A	0.09468	0.47020	0.43512
336 T	0.09810	0.45980	0.4421
337 G	0.09739	0.45563	0.44698
338 A	0.09626	0.45446	0.44929
339 A	0.09693	0.44081	0.46227
340 A	0.10540	0.41837	0.47623
341 A	0.11237	0.40132	0.48631
342 A	0.11660	0.38078	0.50262
343 A	0.12002	0.33119	0.54879
344 C	0.12133	0.28615	0.59252
345 T	0.12098	0.27504	0.60397
346 A	0.11497	0.29122	0.59381
347 T	0.10948	0.31322	0.57731
348 G	0.09368	0.35926	0.54706
349 A	0.08425	0.39773	0.51802
350 A	0.07786	0.38487	0.53727
351 A	0.07146	0.36241	0.56613
352 G	0.06665	0.33895	0.59439
353 A	0.06423	0.35024	0.58554
354 G	0.06405	0.37133	0.56462
355 A	0.06417	0.43003	0.5058
356 A	0.06519	0.44587	0.48894
357 A	0.06739	0.46171	0.47091
358 T	0.06959	0.45973	0.47067
359 T	0.07013	0.46115	0.46872
360 A	0.07000	0.46254	0.46745
361 G	0.07060	0.46147	0.46793
362 C	0.07154	0.46074	0.46772
363 A	0.07149	0.46318	0.46533
364 A	0.07188	0.46482	0.46329
365 A	0.07322	0.46409	0.46269
366 A	0.07604	0.46154	0.46243
367 G	0.07980	0.45759	0.46261
368 A	0.09628	0.43896	0.46475
369 A	0.14019	0.38821	0.4716
370 A	0.18263	0.33829	0.47908
371 T	0.23369	0.27140	0.4949
372 T	0.26151	0.23493	0.50356
373 A	0.27375	0.21858	0.50768
374 T	0.29162	0.19728	0.5111
375 T	0.30119	0.19025	0.50856
376 G	0.31264	0.17707	0.51029
377 A	0.33982	0.15001	0.51018
378 T	0.39583	0.09425	0.50992
379 G	0.40820	0.08155	0.51025
380 C	0.42566	0.06426	0.51007
381 T	0.43192	0.05999	0.50809
382 T	0.43624	0.05559	0.50818
383 C	0.43818	0.05371	0.50812
384 T	0.43758	0.05521	0.5072
385 T	0.43282	0.06194	0.50524
386 C	0.41530	0.08081	0.50389
387 T	0.39698	0.10441	0.49861
388 A	0.33983	0.16478	0.49539
389 A	0.25427	0.25260	0.49313
390 A	0.22020	0.28818	0.49162
391 A	0.20263	0.30676	0.49061
392 C	0.19421	0.31505	0.49074
393 A	0.19143	0.32137	0.4872
394 G	0.19024	0.32724	0.48252
395 G	0.18796	0.33820	0.47383
396 A	0.18778	0.34849	0.46373
397 A	0.18784	0.35127	0.46089
398 T	0.19240	0.34492	0.46268
399 A	0.18855	0.34754	0.46391
400 A	0.18836	0.34528	0.46636
401 C	0.18904	0.34248	0.46849
402 A	0.18910	0.34342	0.46748
403 G	0.18979	0.34484	0.46537
404 T	0.19221	0.34401	0.46378
405 T	0.19255	0.34535	0.46209
406 A	0.19208	0.34917	0.45874
407 A	0.19129	0.34675	0.46197
408 A	0.19131	0.33733	0.47137
409 A	0.19140	0.31553	0.49308
410 A	0.19204	0.28879	0.51917
411 A	0.19395	0.22667	0.57938
412 C	0.19601	0.13900	0.66499
413 G	0.19733	0.11878	0.68388
414 A	0.19849	0.11732	0.68418
415 G	0.19975	0.12574	0.6745
416 A	0.20342	0.13725	0.65933
417 A	0.20828	0.14259	0.64914
418 G	0.21747	0.13042	0.65212
419 A	0.22716	0.11847	0.65436
420 T	0.23183	0.10972	0.65846
421 A	0.23329	0.10722	0.65949
422 C	0.23641	0.09904	0.66455
423 T	0.23817	0.09634	0.66548
424 C	0.23782	0.09665	0.66553
425 A	0.23857	0.09901	0.66242
426 T	0.24204	0.09922	0.65874
427 C	0.24331	0.10194	0.65475
428 G	0.24482	0.10453	0.65066
429 T	0.24813	0.10404	0.64783
430 A	0.24925	0.10217	0.64858
431 T	0.24966	0.10099	0.64935
432 G	0.24965	0.10043	0.64992
433 G	0.25054	0.09666	0.65279
434 C	0.25235	0.09457	0.65308
435 T	0.25601	0.09346	0.65052
436 G	0.25910	0.09152	0.64939
437 A	0.26804	0.08340	0.64856
438 A	0.28002	0.07219	0.64779
439 G	0.29364	0.05920	0.64716
440 C	0.30366	0.04943	0.64691
441 T	0.30705	0.04832	0.64463
442 A	0.30862	0.05235	0.63903
443 A	0.30861	0.05477	0.63662
444 T	0.31034	0.05380	0.63586
445 A	0.30895	0.05560	0.63545
446 A	0.30671	0.05782	0.63548
447 A	0.30712	0.05627	0.63662
448 G	0.31025	0.05223	0.63753
449 C	0.31507	0.04686	0.63807
450 T	0.32064	0.04109	0.63827
451 T	0.32432	0.03728	0.6384
452 T	0.32624	0.03524	0.63852
453 T	0.32658	0.03470	0.63872
454 G	0.32675	0.03446	0.6388
455 C	0.32699	0.03375	0.63925
456 A	0.32739	0.03325	0.63936
457 C	0.32850	0.03200	0.63949
458 A	0.33109	0.02934	0.63957
459 T	0.33272	0.02756	0.63972
460 C	0.33377	0.02642	0.63981
461 A	0.33510	0.02496	0.63994
462 T	0.33669	0.02320	0.6401
463 C	0.33763	0.02169	0.64069
464 G	0.33965	0.01943	0.64092
465 T	0.34475	0.01403	0.64123
466 T	0.34682	0.01073	0.64244
467 G	0.34744	0.00922	0.64333
468 G	0.34798	0.00720	0.64482
469 T	0.34857	0.00346	0.64797
470 A	0.34881	0.00183	0.64936
471 A	0.34913	0.00000	0.65087
