# lcl|CP097583.1_cds_USQ93168.1_1
# AA	inside	membr	outside
1 A	0.19362	0.00000	0.80638
2 T	0.19360	0.00002	0.80638
3 G	0.19357	0.00005	0.80638
4 G	0.19357	0.00087	0.80555
5 C	0.19338	0.00264	0.80398
6 C	0.19338	0.00324	0.80337
7 T	0.19185	0.00560	0.80255
8 A	0.19185	0.00562	0.80253
9 T	0.19161	0.00613	0.80226
10 G	0.19161	0.03894	0.76945
11 A	0.19138	0.04029	0.76833
12 T	0.18325	0.04855	0.7682
13 T	0.14580	0.08791	0.76629
14 T	0.14577	0.08794	0.76629
15 C	0.14577	0.09264	0.76159
16 C	0.14077	0.09763	0.76159
17 A	0.13412	0.10433	0.76155
18 A	0.13393	0.10455	0.76151
19 C	0.13192	0.10657	0.76151
20 C	0.12278	0.11573	0.76149
21 A	0.11129	0.12722	0.76149
22 G	0.11107	0.12743	0.76149
23 C	0.11100	0.12751	0.7615
24 C	0.11098	0.12752	0.7615
25 G	0.11102	0.12747	0.7615
26 A	0.11112	0.12735	0.76153
27 C	0.11195	0.12645	0.7616
28 T	0.11450	0.12387	0.76163
29 C	0.11559	0.12274	0.76167
30 T	0.11912	0.11846	0.76242
31 A	0.11931	0.11831	0.76238
32 A	0.11998	0.11756	0.76245
33 G	0.14117	0.09556	0.76327
34 A	0.14236	0.09399	0.76365
35 A	0.14367	0.08352	0.7728
36 A	0.14769	0.04510	0.80721
37 T	0.14899	0.04098	0.81003
38 T	0.15309	0.03470	0.81222
39 T	0.15277	0.03037	0.81686
40 T	0.15261	0.02496	0.82243
41 T	0.15223	0.02367	0.8241
42 A	0.15182	0.02274	0.82545
43 T	0.15149	0.01607	0.83244
44 C	0.14994	0.00958	0.84048
45 T	0.14747	0.01226	0.84027
46 T	0.14509	0.01472	0.84018
47 T	0.13968	0.02017	0.84015
48 C	0.13164	0.02841	0.83994
49 G	0.12465	0.03673	0.83862
50 A	0.11948	0.04618	0.83435
51 C	0.11808	0.04824	0.83368
52 A	0.11607	0.05389	0.83004
53 A	0.11359	0.06175	0.82466
54 A	0.11313	0.06338	0.8235
55 T	0.11301	0.06403	0.82296
56 T	0.11258	0.06437	0.82305
57 A	0.11155	0.06497	0.82349
58 A	0.11138	0.06486	0.82376
59 T	0.11141	0.06433	0.82426
60 C	0.11098	0.06451	0.82451
61 G	0.11104	0.06466	0.8243
62 G	0.11213	0.06433	0.82354
63 A	0.11253	0.06485	0.82263
64 T	0.11278	0.06507	0.82215
65 T	0.11296	0.06592	0.82112
66 T	0.11284	0.06730	0.81987
67 A	0.11231	0.06909	0.8186
68 A	0.11230	0.06841	0.81928
69 A	0.11231	0.06780	0.81989
70 G	0.11227	0.06498	0.82275
71 A	0.11261	0.06583	0.82156
72 A	0.11436	0.06205	0.82359
73 G	0.11844	0.05606	0.8255
74 A	0.11960	0.05766	0.82274
75 A	0.12304	0.05433	0.82263
76 T	0.12807	0.04716	0.82477
77 T	0.12902	0.04574	0.82524
78 A	0.12927	0.04552	0.82521
79 A	0.12848	0.04582	0.8257
80 C	0.12847	0.04472	0.82681
81 A	0.12839	0.04479	0.82682
82 G	0.12824	0.04488	0.82688
83 C	0.12843	0.04429	0.82728
84 G	0.12887	0.04386	0.82728
85 T	0.13009	0.04268	0.82723
86 G	0.13091	0.04175	0.82734
87 C	0.13178	0.04081	0.82741
88 G	0.13303	0.03955	0.82742
89 A	0.13521	0.03717	0.82762
90 C	0.13823	0.03362	0.82814
91 G	0.14105	0.03076	0.82818
92 G	0.14417	0.02757	0.82826
93 C	0.14858	0.02290	0.82852
94 T	0.15642	0.01518	0.82841
95 T	0.15908	0.01269	0.82823
96 C	0.15932	0.01262	0.82806
97 T	0.16019	0.01302	0.82679
98 T	0.15938	0.01419	0.82643
99 A	0.15615	0.01792	0.82593
100 G	0.15309	0.02129	0.82563
101 A	0.15234	0.02230	0.82535
102 C	0.15190	0.02181	0.82629
103 T	0.15039	0.02329	0.82632
104 A	0.14725	0.02640	0.82635
105 T	0.14524	0.02829	0.82647
106 C	0.14002	0.03356	0.82642
107 T	0.13452	0.03971	0.82576
108 A	0.12754	0.04769	0.82477
109 A	0.12349	0.05312	0.82339
110 A	0.12235	0.05492	0.82272
111 A	0.12138	0.05689	0.82173
112 A	0.12082	0.05736	0.82183
113 A	0.12064	0.05748	0.82187
114 T	0.12067	0.05737	0.82196
115 A	0.12036	0.05786	0.82177
116 A	0.12035	0.05761	0.82204
117 A	0.12056	0.05693	0.82251
118 A	0.12071	0.05539	0.82391
119 G	0.12101	0.05250	0.8265
120 C	0.12226	0.04902	0.82872
121 A	0.12264	0.04782	0.82954
122 A	0.12314	0.04528	0.83158
123 T	0.12360	0.04268	0.83372
124 T	0.12390	0.04182	0.83428
125 A	0.12392	0.04182	0.83426
126 T	0.12403	0.03954	0.83642
127 G	0.12399	0.03710	0.83891
128 A	0.12399	0.03447	0.84154
129 A	0.12417	0.02944	0.8464
130 G	0.12481	0.02280	0.85239
131 G	0.12578	0.01600	0.85822
132 C	0.12734	0.01127	0.86139
133 A	0.12814	0.01006	0.8618
134 T	0.12929	0.00821	0.8625
135 C	0.12939	0.00781	0.8628
136 G	0.12933	0.00810	0.86257
137 G	0.12933	0.00857	0.86211
138 C	0.12942	0.00949	0.86109
139 G	0.12940	0.01166	0.85894
140 A	0.12947	0.01221	0.85831
141 T	0.12967	0.01215	0.85818
142 G	0.12970	0.01219	0.85811
143 T	0.12978	0.01231	0.85792
144 C	0.12983	0.01241	0.85776
145 G	0.12984	0.01247	0.85769
146 A	0.13004	0.01238	0.85759
147 A	0.13056	0.01183	0.8576
148 G	0.13116	0.01118	0.85766
149 C	0.13198	0.01031	0.85771
150 T	0.13326	0.00891	0.85784
151 C	0.13346	0.00865	0.85789
152 C	0.13365	0.00849	0.85786
153 A	0.13382	0.00839	0.85779
154 T	0.13392	0.00835	0.85774
155 T	0.13399	0.00834	0.85767
156 A	0.13412	0.00827	0.85761
157 G	0.13421	0.00822	0.85758
158 G	0.13443	0.00776	0.8578
159 A	0.13491	0.00705	0.85804
160 A	0.13563	0.00615	0.85822
161 T	0.13726	0.00428	0.85845
162 C	0.13883	0.00268	0.85849
163 T	0.13933	0.00263	0.85804
164 T	0.13932	0.00338	0.85729
165 A	0.13912	0.00380	0.85708
166 A	0.13906	0.00407	0.85688
167 T	0.13912	0.00395	0.85693
168 G	0.13832	0.00460	0.85708
169 C	0.13746	0.00545	0.85709
170 A	0.13629	0.00665	0.85706
171 C	0.13527	0.00769	0.85704
172 G	0.13476	0.00835	0.85688
173 G	0.13454	0.00859	0.85687
174 C	0.13444	0.00869	0.85687
175 T	0.13447	0.00865	0.85687
176 G	0.13449	0.00864	0.85688
177 C	0.13447	0.00863	0.85689
178 C	0.13447	0.00863	0.8569
179 C	0.13444	0.00867	0.8569
180 T	0.13422	0.00899	0.85678
181 G	0.13403	0.00921	0.85676
182 G	0.13386	0.00945	0.85669
183 A	0.13379	0.00961	0.8566
184 A	0.13377	0.00963	0.85659
185 C	0.13382	0.00926	0.85691
186 A	0.13420	0.00912	0.85668
187 G	0.13482	0.00859	0.8566
188 G	0.13495	0.00889	0.85615
189 T	0.13511	0.00921	0.85568
190 A	0.13500	0.00942	0.85558
191 A	0.13495	0.00875	0.8563
192 A	0.13482	0.00805	0.85713
193 A	0.13478	0.00688	0.85835
194 C	0.13479	0.00570	0.85952
195 T	0.13491	0.00530	0.8598
196 A	0.13485	0.00565	0.85949
197 C	0.13477	0.00615	0.85908
198 A	0.13434	0.00850	0.85717
199 T	0.13380	0.00931	0.8569
200 T	0.13283	0.01085	0.85631
201 A	0.13115	0.01270	0.85615
202 G	0.13055	0.01344	0.85601
203 C	0.13021	0.01360	0.85619
204 A	0.12971	0.01447	0.85581
205 C	0.12941	0.01479	0.85581
206 G	0.12923	0.01533	0.85544
207 A	0.12884	0.01612	0.85503
208 G	0.12881	0.01638	0.8548
209 C	0.12903	0.01631	0.85465
210 A	0.12925	0.01663	0.85412
211 T	0.12983	0.01601	0.85415
212 T	0.13016	0.01567	0.85417
213 A	0.13012	0.01567	0.8542
214 G	0.13011	0.01565	0.85425
215 C	0.13007	0.01550	0.85443
216 G	0.12977	0.01582	0.85441
217 A	0.12947	0.01616	0.85437
218 A	0.12956	0.01610	0.85434
219 A	0.12988	0.01575	0.85437
220 G	0.13033	0.01522	0.85446
221 A	0.13203	0.01291	0.85506
222 A	0.13240	0.01171	0.8559
223 A	0.13305	0.00988	0.85707
224 C	0.13340	0.00793	0.85867
225 T	0.13368	0.00752	0.8588
226 A	0.13379	0.00765	0.85855
227 A	0.13423	0.00722	0.85854
228 T	0.13458	0.00662	0.8588
229 T	0.13488	0.00612	0.85901
230 T	0.13508	0.00540	0.85953
231 A	0.13485	0.00545	0.8597
232 C	0.13492	0.00516	0.85991
233 C	0.13522	0.00484	0.85994
234 T	0.13532	0.00477	0.8599
235 T	0.13535	0.00482	0.85983
236 T	0.13543	0.00471	0.85986
237 T	0.13544	0.00467	0.85989
238 T	0.13541	0.00463	0.85996
239 T	0.13539	0.00428	0.86034
240 C	0.13536	0.00397	0.86068
241 G	0.13538	0.00386	0.86075
242 A	0.13541	0.00377	0.86081
243 A	0.13543	0.00370	0.86087
244 G	0.13548	0.00360	0.86092
245 T	0.13556	0.00349	0.86095
246 A	0.13562	0.00335	0.86104
247 A	0.13572	0.00315	0.86113
248 G	0.13598	0.00277	0.86124
249 T	0.13646	0.00216	0.86138
250 A	0.13670	0.00176	0.86154
251 G	0.13680	0.00147	0.86173
252 T	0.13687	0.00120	0.86193
253 T	0.13692	0.00094	0.86215
254 C	0.13694	0.00060	0.86246
255 T	0.13699	0.00047	0.86255
256 T	0.13703	0.00036	0.86261
257 A	0.13706	0.00027	0.86267
258 G	0.13714	0.00000	0.86286
