# lcl|CP097583.1_cds_USQ93149.1_1
# AA	inside	membr	outside
1 A	0.76336	0.00000	0.23664
2 T	0.76324	0.00013	0.23664
3 G	0.76314	0.00022	0.23664
4 T	0.76314	0.00730	0.22955
5 A	0.76013	0.01782	0.22206
6 T	0.76013	0.01918	0.22069
7 A	0.67913	0.10119	0.21968
8 T	0.67913	0.10120	0.21967
9 T	0.65463	0.12614	0.21924
10 A	0.65448	0.18547	0.16005
11 T	0.64739	0.19295	0.15966
12 A	0.41221	0.42844	0.15935
13 A	0.12911	0.71370	0.15719
14 A	0.12907	0.71375	0.15719
15 C	0.12907	0.72879	0.14214
16 A	0.12205	0.73581	0.14214
17 A	0.11182	0.74688	0.14131
18 T	0.11160	0.74725	0.14115
19 A	0.10261	0.75625	0.14114
20 G	0.08122	0.77791	0.14087
21 G	0.06385	0.79525	0.1409
22 C	0.06337	0.79570	0.14094
23 C	0.06345	0.79564	0.14091
24 T	0.06439	0.79502	0.14058
25 A	0.06443	0.79519	0.14038
26 A	0.06457	0.79541	0.14002
27 T	0.06947	0.79052	0.14001
28 A	0.07341	0.78472	0.14187
29 A	0.07463	0.77831	0.14705
30 T	0.07913	0.69151	0.22936
31 A	0.07856	0.67777	0.24367
32 A	0.07898	0.61887	0.30215
33 T	0.12317	0.53640	0.34043
34 A	0.12164	0.54705	0.33131
35 A	0.12142	0.40213	0.47645
36 A	0.12321	0.25194	0.62485
37 A	0.12355	0.26331	0.61314
38 A	0.13658	0.29974	0.56368
39 A	0.13735	0.37131	0.49133
40 T	0.14075	0.37719	0.48206
41 T	0.14136	0.38220	0.47645
42 A	0.14160	0.38941	0.46899
43 T	0.14199	0.38105	0.47695
44 A	0.14061	0.41282	0.44656
45 T	0.13926	0.47865	0.38209
46 A	0.13891	0.50271	0.35838
47 T	0.13903	0.51374	0.34724
48 A	0.13721	0.52526	0.33753
49 A	0.13642	0.53879	0.32479
50 T	0.13573	0.54887	0.31541
51 A	0.13440	0.55254	0.31306
52 A	0.13337	0.55337	0.31326
53 T	0.13418	0.55213	0.31369
54 A	0.13535	0.55159	0.31305
55 A	0.13803	0.54815	0.31382
56 C	0.15386	0.53020	0.31593
57 A	0.18269	0.50043	0.31688
58 A	0.21080	0.47178	0.31742
59 T	0.28263	0.39910	0.31826
60 C	0.31189	0.36958	0.31852
61 T	0.37071	0.31096	0.31833
62 T	0.43681	0.24438	0.3188
63 T	0.45396	0.22747	0.31857
64 A	0.46104	0.22052	0.31844
65 C	0.47923	0.20208	0.31868
66 T	0.49479	0.18658	0.31863
67 A	0.52807	0.15252	0.31941
68 T	0.59479	0.08450	0.3207
69 T	0.62251	0.05672	0.32077
70 T	0.63211	0.04731	0.32058
71 T	0.63286	0.04499	0.32214
72 A	0.63255	0.04457	0.32288
73 A	0.63443	0.04136	0.32421
74 T	0.63587	0.03816	0.32597
75 A	0.63509	0.03734	0.32757
76 A	0.63512	0.03574	0.32915
77 T	0.63747	0.03234	0.3302
78 T	0.63780	0.03155	0.33065
79 A	0.63660	0.03251	0.33089
80 G	0.63676	0.03202	0.33122
81 T	0.63740	0.03117	0.33143
82 G	0.63755	0.03089	0.33157
83 C	0.63811	0.03013	0.33176
84 T	0.63886	0.02932	0.33182
85 C	0.63936	0.02874	0.33191
86 T	0.63999	0.02807	0.33195
87 T	0.64049	0.02753	0.33198
88 T	0.64073	0.02727	0.332
89 T	0.64105	0.02679	0.33216
90 T	0.64142	0.02620	0.33237
91 A	0.64155	0.02506	0.33339
92 T	0.64198	0.02222	0.33581
93 T	0.64238	0.01892	0.33871
94 T	0.64274	0.01474	0.34252
95 T	0.64293	0.01072	0.34635
96 T	0.64256	0.00975	0.34769
97 T	0.64219	0.00977	0.34803
98 T	0.64188	0.00927	0.34884
99 T	0.64159	0.00898	0.34942
100 G	0.64137	0.00927	0.34936
101 T	0.64125	0.00952	0.34922
102 T	0.63996	0.01097	0.34907
103 T	0.63778	0.01500	0.34723
104 T	0.63570	0.01958	0.34472
105 G	0.62591	0.02969	0.3444
106 G	0.62252	0.03364	0.34384
107 A	0.62177	0.03496	0.34327
108 T	0.62134	0.03580	0.34286
109 C	0.62087	0.03707	0.34206
110 G	0.62059	0.03896	0.34045
111 T	0.62020	0.04240	0.3374
112 A	0.61730	0.05157	0.33113
113 A	0.61481	0.05952	0.32566
114 A	0.61336	0.06540	0.32124
115 A	0.61225	0.06746	0.32029
116 A	0.61165	0.06819	0.32016
117 G	0.61195	0.06767	0.32039
118 T	0.61307	0.06612	0.32081
119 C	0.61367	0.06500	0.32133
120 T	0.61447	0.06417	0.32136
121 T	0.61483	0.06390	0.32127
122 C	0.61484	0.06397	0.32118
123 A	0.61470	0.06459	0.32071
124 A	0.61477	0.06447	0.32075
125 A	0.61466	0.06255	0.32279
126 T	0.61598	0.05872	0.3253
127 T	0.61686	0.05596	0.32717
128 C	0.61547	0.04763	0.33691
129 C	0.61389	0.04644	0.33968
130 G	0.61171	0.04904	0.33926
131 G	0.61077	0.05116	0.33807
132 T	0.61062	0.05399	0.3354
133 G	0.60394	0.06280	0.33325
134 A	0.60042	0.07047	0.32912
135 A	0.60031	0.06937	0.33032
136 A	0.60363	0.06388	0.33248
137 A	0.60677	0.05937	0.33386
138 T	0.60784	0.05677	0.33539
139 C	0.60757	0.05609	0.33633
140 C	0.60724	0.05649	0.33627
141 A	0.60441	0.06054	0.33506
142 C	0.60222	0.06426	0.33352
143 T	0.60128	0.06733	0.33139
144 T	0.59775	0.07337	0.32888
145 T	0.59135	0.08149	0.32716
146 A	0.58123	0.09147	0.3273
147 T	0.57475	0.09755	0.3277
148 A	0.56468	0.10586	0.32946
149 G	0.56002	0.10883	0.33115
150 C	0.55782	0.10947	0.33271
151 A	0.55604	0.11145	0.33252
152 A	0.55414	0.11356	0.3323
153 T	0.55390	0.11251	0.33359
154 A	0.55273	0.11272	0.33454
155 T	0.55408	0.11037	0.33555
156 A	0.55457	0.10234	0.34309
157 A	0.55731	0.09296	0.34972
158 C	0.55869	0.08517	0.35614
159 T	0.55875	0.08383	0.35742
160 G	0.55754	0.08548	0.35698
161 G	0.55284	0.09210	0.35506
162 A	0.55076	0.09526	0.35399
163 A	0.54969	0.09673	0.35357
164 T	0.55099	0.09062	0.35838
165 T	0.55273	0.08452	0.36275
166 T	0.55436	0.07824	0.3674
167 T	0.55521	0.07185	0.37294
168 T	0.55414	0.06643	0.37943
169 T	0.55107	0.06287	0.38607
170 T	0.54746	0.06285	0.3897
171 A	0.54264	0.06367	0.39369
172 G	0.53717	0.06769	0.39513
173 A	0.53350	0.07327	0.39323
174 A	0.53163	0.07401	0.39436
175 T	0.53153	0.07207	0.39639
176 T	0.51608	0.08642	0.3975
177 T	0.47626	0.12553	0.39821
178 C	0.38951	0.21470	0.39578
179 A	0.33380	0.27797	0.38824
180 A	0.30411	0.31687	0.37902
181 A	0.28066	0.34829	0.37105
182 A	0.27071	0.36121	0.36808
183 A	0.26402	0.37051	0.36547
184 T	0.26394	0.36654	0.36953
185 A	0.26062	0.36716	0.37223
186 T	0.25825	0.36684	0.37491
187 T	0.25328	0.37008	0.37665
188 T	0.25085	0.37111	0.37804
189 C	0.24633	0.37319	0.38048
190 G	0.24257	0.37678	0.38064
191 T	0.24059	0.37887	0.38054
192 T	0.23632	0.38413	0.37955
193 C	0.22378	0.39780	0.37842
194 A	0.21256	0.41624	0.3712
195 A	0.20779	0.42473	0.36748
196 A	0.20434	0.43389	0.36177
197 T	0.20348	0.43435	0.36217
198 A	0.20220	0.44028	0.35753
199 A	0.20206	0.42077	0.37717
200 A	0.20315	0.37743	0.41942
201 T	0.20652	0.29028	0.5032
202 A	0.21289	0.24342	0.54369
203 A	0.22215	0.21554	0.56231
204 T	0.23041	0.19727	0.57232
205 A	0.23271	0.20856	0.55873
206 T	0.23536	0.19963	0.56502
207 T	0.23250	0.20377	0.56373
208 A	0.22334	0.21736	0.5593
209 A	0.22040	0.22390	0.5557
210 C	0.21815	0.22942	0.55243
211 A	0.21598	0.26459	0.51944
212 A	0.21381	0.29027	0.49592
213 A	0.21027	0.33302	0.45671
214 A	0.18810	0.40210	0.4098
215 T	0.17547	0.47273	0.35179
216 A	0.16357	0.48159	0.35484
217 A	0.15740	0.48579	0.35681
218 A	0.15810	0.48428	0.35762
219 T	0.16562	0.47937	0.35501
220 C	0.16489	0.48193	0.35319
221 A	0.16568	0.48225	0.35207
222 A	0.16496	0.48401	0.35103
223 A	0.16407	0.48632	0.34961
224 C	0.15494	0.49567	0.34938
225 C	0.12917	0.52603	0.3448
226 A	0.11983	0.54093	0.33925
227 A	0.11811	0.54290	0.33899
228 A	0.12750	0.53329	0.33921
229 A	0.12413	0.53640	0.33947
230 C	0.12384	0.53336	0.3428
231 C	0.12857	0.52135	0.35008
232 A	0.12921	0.52004	0.35075
233 A	0.13596	0.51276	0.35128
234 A	0.16066	0.48723	0.3521
235 A	0.18460	0.46249	0.35291
236 A	0.22242	0.41992	0.35766
237 A	0.27229	0.33869	0.38901
238 C	0.32858	0.25877	0.41265
239 A	0.33847	0.23591	0.42563
240 T	0.34835	0.21279	0.43886
241 C	0.34844	0.20638	0.44518
242 C	0.35038	0.20207	0.44755
243 T	0.34907	0.20357	0.44735
244 A	0.33931	0.21070	0.45
245 A	0.33962	0.20731	0.45308
246 T	0.34204	0.20168	0.45628
247 G	0.34152	0.18748	0.471
248 G	0.34470	0.14685	0.50845
249 T	0.34968	0.12311	0.52721
250 T	0.34285	0.11796	0.53919
251 T	0.33662	0.11989	0.54349
252 A	0.32927	0.13023	0.54049
253 T	0.32100	0.14674	0.53227
254 A	0.30931	0.17074	0.51995
255 T	0.30327	0.17947	0.51726
256 A	0.28799	0.22398	0.48804
257 A	0.28098	0.24803	0.47099
258 A	0.27722	0.25675	0.46603
259 G	0.27562	0.26123	0.46315
260 A	0.27507	0.26329	0.46165
261 A	0.27491	0.26228	0.4628
262 A	0.27516	0.25921	0.46563
263 T	0.27597	0.25279	0.47124
264 T	0.27649	0.24490	0.47861
265 G	0.27670	0.23798	0.48533
266 T	0.27740	0.23165	0.49095
267 C	0.27757	0.22340	0.49903
268 T	0.27781	0.22297	0.49922
269 A	0.27754	0.22478	0.49768
270 T	0.27753	0.22617	0.49629
271 G	0.27641	0.22797	0.49562
272 A	0.27656	0.22721	0.49623
273 T	0.27788	0.21571	0.50641
274 G	0.28057	0.20106	0.51836
275 A	0.28892	0.18395	0.52713
276 C	0.30817	0.15099	0.54085
277 G	0.32805	0.12198	0.54996
278 G	0.34144	0.10364	0.55492
279 T	0.37836	0.05738	0.56425
280 T	0.39719	0.03481	0.56799
281 C	0.40219	0.02813	0.56967
282 T	0.40714	0.02279	0.57006
283 T	0.40909	0.02220	0.56871
284 T	0.40956	0.02489	0.56555
285 T	0.40838	0.03252	0.55909
286 T	0.40422	0.04809	0.54769
287 T	0.39043	0.08152	0.52805
288 A	0.35035	0.15133	0.49833
289 A	0.33099	0.18197	0.48704
290 A	0.31794	0.20520	0.47686
291 A	0.31563	0.21317	0.47121
292 A	0.31636	0.21274	0.47091
293 T	0.31863	0.21044	0.47093
294 T	0.31926	0.20996	0.47078
295 T	0.31739	0.21407	0.46854
296 C	0.30223	0.23420	0.46356
297 T	0.29206	0.24762	0.46032
298 G	0.28179	0.26188	0.45634
299 A	0.25782	0.28979	0.4524
300 A	0.24854	0.30049	0.45097
301 C	0.24177	0.30832	0.44991
302 A	0.23548	0.31652	0.448
303 A	0.22390	0.32900	0.4471
304 G	0.21763	0.33584	0.44653
305 G	0.21524	0.33858	0.44618
306 A	0.21452	0.33989	0.44559
307 A	0.21757	0.33654	0.44588
308 A	0.22431	0.32734	0.44836
309 A	0.23682	0.30859	0.45458
310 A	0.25526	0.27484	0.4699
311 T	0.28106	0.21279	0.50614
312 A	0.28624	0.19148	0.52228
313 C	0.29207	0.17360	0.53433
314 A	0.29355	0.17314	0.53331
315 A	0.28387	0.18502	0.53111
316 C	0.27518	0.19246	0.53236
317 A	0.26806	0.19945	0.53249
318 A	0.26993	0.19645	0.53362
319 G	0.27545	0.17331	0.55124
320 C	0.28045	0.15747	0.56208
321 T	0.28533	0.14793	0.56675
322 T	0.28886	0.12521	0.58593
323 A	0.28724	0.12170	0.59106
324 T	0.28675	0.11714	0.59611
325 T	0.28376	0.11839	0.59785
326 G	0.27848	0.11305	0.60847
327 T	0.27653	0.11068	0.61278
328 A	0.27112	0.11338	0.61551
329 G	0.26777	0.11358	0.61866
330 A	0.26524	0.11454	0.62023
331 T	0.26534	0.11288	0.62178
332 C	0.26405	0.11317	0.62278
333 A	0.26358	0.11706	0.61937
334 A	0.26409	0.11970	0.61621
335 T	0.26480	0.11828	0.61691
336 A	0.26496	0.11634	0.6187
337 G	0.26744	0.11111	0.62146
338 A	0.27090	0.09574	0.63336
339 T	0.27192	0.08347	0.64462
340 C	0.27274	0.07385	0.65341
341 G	0.27487	0.07114	0.65399
342 T	0.27866	0.06780	0.65354
343 T	0.28126	0.06729	0.65145
344 T	0.28239	0.06980	0.64781
345 T	0.28312	0.07212	0.64476
346 A	0.28330	0.07408	0.64262
347 A	0.28423	0.07736	0.63841
348 T	0.28646	0.07596	0.63757
349 G	0.28614	0.08135	0.63251
350 A	0.28655	0.09600	0.61745
351 T	0.28687	0.10056	0.61257
352 A	0.27817	0.11780	0.60402
353 G	0.25133	0.15176	0.5969
354 G	0.23861	0.16955	0.59184
355 G	0.22935	0.18644	0.58421
356 A	0.22797	0.19463	0.5774
357 T	0.22808	0.19837	0.57355
358 G	0.22226	0.20530	0.57244
359 A	0.22050	0.20811	0.57139
360 T	0.21913	0.20942	0.57145
361 A	0.21588	0.21264	0.57149
362 C	0.21353	0.21493	0.57153
363 A	0.21206	0.21642	0.57152
364 C	0.21268	0.21579	0.57153
365 C	0.21375	0.21474	0.57151
366 A	0.21605	0.21244	0.57151
367 T	0.21998	0.20851	0.57151
368 A	0.22078	0.20763	0.57159
369 C	0.22460	0.20361	0.57179
370 C	0.23130	0.19673	0.57197
371 A	0.23757	0.19010	0.57233
372 A	0.24949	0.17661	0.57389
373 T	0.27138	0.15347	0.57514
374 T	0.28248	0.14184	0.57568
375 A	0.29156	0.12593	0.58251
376 T	0.30031	0.08691	0.61278
377 A	0.30348	0.07051	0.626
378 T	0.31061	0.05250	0.63689
379 T	0.31500	0.04436	0.64065
380 G	0.31671	0.04090	0.64239
381 T	0.31676	0.03853	0.64471
382 T	0.31591	0.04146	0.64262
383 A	0.30874	0.04975	0.64151
384 T	0.30012	0.05878	0.64109
385 G	0.29201	0.07132	0.63666
386 A	0.28617	0.08410	0.62973
387 T	0.28237	0.09251	0.62513
388 G	0.27585	0.10326	0.6209
389 A	0.27191	0.11614	0.61195
390 A	0.26106	0.14208	0.59685
391 A	0.25316	0.15263	0.59421
392 A	0.24497	0.16450	0.59053
393 T	0.24050	0.17307	0.58643
394 G	0.22709	0.19389	0.57901
395 A	0.22137	0.22119	0.55745
396 A	0.21780	0.22640	0.5558
397 A	0.21659	0.22768	0.55573
398 A	0.21639	0.22731	0.55631
399 T	0.21747	0.22498	0.55755
400 C	0.21764	0.22351	0.55885
401 T	0.21872	0.22239	0.55888
402 A	0.21831	0.22287	0.55882
403 A	0.22059	0.21985	0.55957
404 T	0.22549	0.21391	0.5606
405 T	0.22903	0.20877	0.5622
406 A	0.23017	0.19939	0.57044
407 C	0.23282	0.18662	0.58057
408 A	0.23742	0.17726	0.58533
409 T	0.24605	0.16471	0.58924
410 T	0.25102	0.15783	0.59115
411 A	0.25298	0.15414	0.59288
412 A	0.26001	0.14491	0.59508
413 T	0.27313	0.11979	0.60707
414 A	0.27623	0.10883	0.61494
415 G	0.28121	0.09525	0.62354
416 A	0.28661	0.08605	0.62734
417 A	0.29493	0.06504	0.64003
418 T	0.31604	0.03812	0.64584
419 T	0.31865	0.03215	0.6492
420 T	0.31895	0.03234	0.64871
421 T	0.31782	0.03338	0.64881
422 A	0.31549	0.03686	0.64765
423 T	0.31473	0.03826	0.64701
424 A	0.31226	0.04253	0.64522
425 C	0.31164	0.04215	0.64621
426 A	0.31107	0.04472	0.64421
427 T	0.31086	0.04741	0.64173
428 T	0.31062	0.04994	0.63945
429 G	0.30980	0.05442	0.63578
430 G	0.30997	0.05817	0.63186
431 T	0.31140	0.06782	0.62078
432 T	0.31205	0.07027	0.61767
433 A	0.31269	0.07201	0.6153
434 T	0.31433	0.07005	0.61562
435 A	0.31476	0.07059	0.61465
436 C	0.31511	0.07117	0.61372
437 T	0.31564	0.07436	0.61
438 T	0.31433	0.07815	0.60753
439 A	0.31389	0.08249	0.60362
440 T	0.31387	0.08384	0.60229
441 A	0.31188	0.08674	0.60138
442 A	0.31105	0.08772	0.60123
443 A	0.31246	0.08626	0.60128
444 A	0.31332	0.08420	0.60248
445 G	0.31536	0.08034	0.6043
446 A	0.31790	0.07698	0.60512
447 T	0.32112	0.07153	0.60735
448 T	0.32094	0.07073	0.60833
449 A	0.31971	0.07124	0.60905
450 C	0.31651	0.07381	0.60968
451 A	0.31517	0.07481	0.61002
452 C	0.31595	0.07334	0.6107
453 G	0.31677	0.07242	0.61081
454 C	0.32625	0.06293	0.61081
455 C	0.32901	0.06023	0.61075
456 T	0.33111	0.05864	0.61026
457 A	0.32923	0.06069	0.61008
458 A	0.32857	0.06159	0.60984
459 T	0.33083	0.05928	0.60989
460 T	0.32740	0.06231	0.6103
461 C	0.31563	0.07094	0.61342
462 T	0.30868	0.07684	0.61448
463 C	0.29059	0.09414	0.61527
464 A	0.27549	0.10862	0.61589
465 C	0.26367	0.11987	0.61645
466 A	0.24929	0.13417	0.61653
467 C	0.24700	0.13605	0.61694
468 T	0.24479	0.13816	0.61705
469 A	0.24034	0.14227	0.61739
470 G	0.23803	0.14421	0.61777
471 T	0.23699	0.14332	0.61969
472 G	0.23584	0.14198	0.62217
473 G	0.23521	0.13615	0.62864
474 A	0.23477	0.13233	0.6329
475 T	0.23464	0.12866	0.6367
476 T	0.23428	0.12562	0.6401
477 G	0.23390	0.12368	0.64242
478 G	0.23378	0.12219	0.64403
479 A	0.23411	0.12027	0.64563
480 A	0.23429	0.11615	0.64956
481 T	0.23463	0.11052	0.65485
482 A	0.23469	0.10718	0.65813
483 T	0.23474	0.09603	0.66923
484 T	0.23472	0.07861	0.68667
485 T	0.23467	0.06844	0.69688
486 G	0.23465	0.05128	0.71408
487 T	0.23465	0.03896	0.72639
488 T	0.23465	0.02858	0.73677
489 T	0.23461	0.01606	0.74933
490 T	0.23452	0.01452	0.75095
491 T	0.23421	0.01372	0.75206
492 T	0.23341	0.01289	0.7537
493 G	0.23204	0.01398	0.75398
494 A	0.23086	0.01665	0.7525
495 G	0.22887	0.02124	0.7499
496 G	0.22662	0.02813	0.74525
497 G	0.22524	0.04060	0.73416
498 T	0.22263	0.06280	0.71457
499 T	0.21790	0.08539	0.69671
500 A	0.20637	0.13060	0.66303
501 T	0.19505	0.16948	0.63547
502 G	0.18732	0.20706	0.60562
503 A	0.18453	0.24930	0.56618
504 A	0.18236	0.25791	0.55973
505 A	0.18164	0.25907	0.5593
506 A	0.18076	0.26031	0.55892
507 T	0.17965	0.26141	0.55894
508 C	0.17692	0.26408	0.559
509 C	0.17407	0.26693	0.55901
510 A	0.17142	0.26965	0.55893
511 C	0.17008	0.27097	0.55895
512 C	0.17009	0.27099	0.55892
513 A	0.17034	0.27106	0.55861
514 T	0.17115	0.27042	0.55843
515 C	0.17129	0.27020	0.55851
516 A	0.17168	0.27064	0.55768
517 A	0.17293	0.26970	0.55737
518 A	0.17601	0.26489	0.55911
519 A	0.18211	0.25627	0.56161
520 G	0.19597	0.24058	0.56345
521 T	0.21912	0.21286	0.56802
522 A	0.23642	0.18986	0.57372
523 A	0.26855	0.14611	0.58534
524 C	0.29230	0.10979	0.59792
525 A	0.31506	0.08666	0.59829
526 A	0.34370	0.06449	0.59181
527 T	0.34824	0.07019	0.58156
528 A	0.34231	0.09280	0.56488
529 T	0.33691	0.10317	0.55993
530 T	0.31966	0.12106	0.55928
531 A	0.29950	0.13925	0.56126
532 A	0.28778	0.14878	0.56344
533 G	0.28178	0.15147	0.56675
534 C	0.27910	0.15198	0.56892
535 C	0.27565	0.15531	0.56904
536 A	0.27128	0.16020	0.56851
537 C	0.26626	0.16516	0.56858
538 A	0.26071	0.17101	0.56829
539 A	0.25913	0.17260	0.56827
540 T	0.25687	0.17443	0.56871
541 C	0.24910	0.18150	0.56941
542 G	0.21752	0.21577	0.56671
543 A	0.18747	0.24911	0.56343
544 A	0.16996	0.26840	0.56165
545 A	0.15410	0.28598	0.55992
546 A	0.14258	0.29939	0.55802
547 G	0.14158	0.29737	0.56106
548 A	0.14502	0.29140	0.56358
549 A	0.15215	0.28036	0.56748
550 A	0.16276	0.26463	0.57261
551 T	0.17858	0.23777	0.58365
552 A	0.18283	0.22431	0.59286
553 C	0.18477	0.20113	0.6141
554 C	0.18547	0.18747	0.62706
555 T	0.18621	0.18268	0.63111
556 T	0.18613	0.18153	0.63234
557 A	0.18513	0.18209	0.63278
558 T	0.18506	0.18070	0.63425
559 C	0.18443	0.17708	0.6385
560 G	0.18339	0.17308	0.64353
561 T	0.18241	0.16937	0.64822
562 A	0.17927	0.17483	0.6459
563 A	0.17680	0.17591	0.64729
564 A	0.17694	0.16992	0.65314
565 G	0.17966	0.13064	0.68971
566 T	0.18372	0.09271	0.72357
567 G	0.18509	0.07722	0.73769
568 A	0.18716	0.06732	0.74552
569 T	0.18907	0.06018	0.75075
570 T	0.18841	0.06036	0.75122
571 A	0.18350	0.06737	0.74913
572 T	0.18038	0.07276	0.74686
573 T	0.17763	0.08026	0.7421
574 C	0.17243	0.10513	0.72244
575 A	0.16899	0.14002	0.691
576 G	0.16549	0.16140	0.67311
577 G	0.16268	0.19665	0.64067
578 A	0.15769	0.22344	0.61887
579 T	0.15535	0.24293	0.60171
580 G	0.15115	0.26116	0.58769
581 A	0.14898	0.27132	0.5797
582 T	0.14746	0.27521	0.57732
583 A	0.14437	0.28062	0.57501
584 A	0.14388	0.28119	0.57493
585 A	0.14629	0.27666	0.57706
586 G	0.14746	0.27382	0.57873
587 A	0.14808	0.27297	0.57895
588 T	0.15047	0.27064	0.57889
589 A	0.14927	0.27344	0.57729
590 A	0.15035	0.27235	0.5773
591 A	0.15273	0.26939	0.57789
592 A	0.15598	0.26533	0.5787
593 A	0.15818	0.26083	0.581
594 A	0.16396	0.24821	0.58784
595 C	0.17223	0.23449	0.59328
596 G	0.18227	0.22226	0.59546
597 T	0.20986	0.19201	0.59812
598 A	0.23826	0.16345	0.59829
599 A	0.26081	0.13988	0.59931
600 T	0.30156	0.09792	0.60051
601 T	0.32192	0.07194	0.60613
602 T	0.33181	0.05974	0.60845
603 T	0.33872	0.05212	0.60916
604 A	0.34083	0.05108	0.6081
605 T	0.34241	0.04865	0.60895
606 T	0.34334	0.04650	0.61017
607 T	0.34171	0.04871	0.60959
608 A	0.33939	0.05159	0.60902
609 T	0.33840	0.05236	0.60924
610 G	0.33611	0.05570	0.60819
611 A	0.33570	0.05744	0.60686
612 T	0.33694	0.05541	0.60765
613 A	0.33674	0.05637	0.60689
614 G	0.33658	0.05556	0.60785
615 T	0.33659	0.05530	0.60811
616 G	0.33609	0.05675	0.60716
617 A	0.33505	0.05865	0.6063
618 T	0.33494	0.05880	0.60625
619 G	0.33443	0.05958	0.606
620 A	0.33416	0.06050	0.60534
621 A	0.33562	0.05915	0.60523
622 G	0.33746	0.05741	0.60512
623 T	0.33957	0.05607	0.60436
624 G	0.34070	0.05632	0.60298
625 A	0.34276	0.05651	0.60072
626 T	0.34669	0.05435	0.59896
627 T	0.34790	0.05575	0.59635
628 T	0.34359	0.06510	0.59131
629 A	0.33690	0.07493	0.58818
630 T	0.33126	0.07850	0.59024
631 G	0.31553	0.09302	0.59144
632 G	0.30644	0.10113	0.59244
633 T	0.30215	0.10451	0.59333
634 C	0.29524	0.11161	0.59316
635 A	0.28339	0.12570	0.59091
636 A	0.27837	0.13074	0.59089
637 T	0.27534	0.13394	0.59072
638 A	0.26613	0.14381	0.59006
639 T	0.26116	0.14860	0.59025
640 C	0.24182	0.16722	0.59097
641 A	0.22033	0.19047	0.5892
642 A	0.20789	0.20310	0.58901
643 C	0.19977	0.21089	0.58934
644 A	0.19405	0.21777	0.58818
645 A	0.19040	0.22242	0.58718
646 G	0.18865	0.22465	0.5867
647 A	0.18967	0.22417	0.58616
648 A	0.19164	0.22257	0.58579
649 G	0.19447	0.21796	0.58757
650 A	0.19828	0.21274	0.58898
651 T	0.20387	0.19959	0.59654
652 G	0.20655	0.18886	0.60458
653 A	0.20750	0.18036	0.61214
654 T	0.20922	0.16412	0.62666
655 T	0.21012	0.15581	0.63408
656 T	0.21017	0.15191	0.63791
657 A	0.20922	0.14867	0.64211
658 A	0.20838	0.13783	0.6538
659 A	0.20804	0.13164	0.66032
660 G	0.20798	0.12651	0.66552
661 A	0.20864	0.11868	0.67269
662 A	0.20891	0.11358	0.6775
663 A	0.20940	0.09711	0.69349
664 T	0.21139	0.07667	0.71194
665 T	0.21071	0.07823	0.71105
666 G	0.20952	0.09454	0.69594
667 A	0.20897	0.13767	0.65335
668 A	0.20898	0.16170	0.62932
669 T	0.20935	0.16889	0.62176
670 A	0.20938	0.17902	0.6116
671 A	0.20943	0.17887	0.61169
672 A	0.21034	0.17763	0.61203
673 T	0.21216	0.17563	0.61222
674 G	0.21275	0.17467	0.61258
675 C	0.21466	0.17220	0.61314
676 T	0.21715	0.16973	0.61313
677 T	0.21831	0.16833	0.61336
678 A	0.21905	0.16736	0.61359
679 T	0.22063	0.16538	0.61399
680 T	0.22156	0.16370	0.61473
681 C	0.22213	0.16122	0.61664
682 A	0.22277	0.16012	0.61712
683 G	0.22380	0.15863	0.61757
684 A	0.22579	0.15643	0.61779
685 A	0.22951	0.15243	0.61805
686 G	0.23711	0.14446	0.61842
687 A	0.24760	0.13295	0.61945
688 C	0.26557	0.11295	0.62147
689 A	0.28918	0.08805	0.62277
690 T	0.33577	0.04002	0.62421
691 T	0.35720	0.01772	0.62507
692 C	0.36353	0.01087	0.62559
693 T	0.37034	0.00369	0.62597
694 T	0.37121	0.00179	0.627
695 G	0.37160	0.00097	0.62743
696 A	0.37234	0.00000	0.62766
