# lcl|CP097583.1_cds_USQ93587.1_1
# AA	inside	membr	outside
1 T	0.87320	0.00000	0.1268
2 T	0.87317	0.00003	0.1268
3 G	0.87315	0.00004	0.1268
4 T	0.87315	0.00164	0.1252
5 T	0.87258	0.00432	0.1231
6 A	0.87258	0.00528	0.12214
7 T	0.87068	0.00736	0.12195
8 A	0.87068	0.00737	0.12195
9 T	0.87040	0.00783	0.12177
10 T	0.87040	0.01829	0.11131
11 A	0.87026	0.01913	0.11061
12 T	0.86822	0.02170	0.11008
13 T	0.86381	0.03064	0.10556
14 T	0.86381	0.03064	0.10555
15 T	0.86381	0.06776	0.06843
16 A	0.86345	0.06811	0.06843
17 T	0.86322	0.06839	0.06839
18 A	0.86321	0.06851	0.06827
19 T	0.86308	0.06871	0.06821
20 T	0.86211	0.07319	0.06469
21 C	0.85788	0.07746	0.06466
22 T	0.85775	0.08156	0.06069
23 T	0.85689	0.08491	0.05821
24 T	0.85514	0.08837	0.05649
25 A	0.85216	0.09399	0.05385
26 T	0.85039	0.09701	0.0526
27 T	0.84965	0.09862	0.05173
28 G	0.84802	0.10161	0.05037
29 T	0.84714	0.10518	0.04768
30 A	0.84382	0.11060	0.04558
31 A	0.84182	0.11410	0.04408
32 T	0.83942	0.11616	0.04443
33 T	0.84026	0.11507	0.04466
34 A	0.82514	0.13032	0.04454
35 A	0.82020	0.13363	0.04617
36 C	0.82102	0.12932	0.04966
37 T	0.82190	0.12857	0.04953
38 T	0.84376	0.10704	0.0492
39 T	0.83023	0.12141	0.04835
40 C	0.81189	0.14011	0.048
41 G	0.79605	0.15763	0.04633
42 A	0.77536	0.18140	0.04323
43 A	0.75387	0.20435	0.04178
44 A	0.73639	0.22252	0.04108
45 T	0.72699	0.23283	0.04018
46 T	0.70509	0.25330	0.04162
47 A	0.65305	0.30349	0.04347
48 T	0.61329	0.34001	0.0467
49 C	0.54965	0.40170	0.04865
50 A	0.51899	0.43281	0.0482
51 A	0.49768	0.45310	0.04922
52 A	0.46719	0.48280	0.05001
53 T	0.44008	0.50764	0.05227
54 T	0.38709	0.55982	0.05309
55 A	0.26248	0.68134	0.05617
56 A	0.19887	0.73728	0.06384
57 A	0.16759	0.75262	0.07979
58 G	0.15076	0.75592	0.09332
59 C	0.14296	0.75423	0.10281
60 G	0.13591	0.76257	0.10152
61 A	0.13066	0.77133	0.098
62 T	0.12778	0.77200	0.10021
63 A	0.11771	0.78123	0.10106
64 G	0.11549	0.77752	0.107
65 A	0.11687	0.76062	0.12251
66 A	0.11792	0.73511	0.14696
67 A	0.12079	0.70785	0.17136
68 T	0.12285	0.67811	0.19905
69 T	0.12212	0.65273	0.22515
70 A	0.11843	0.62432	0.25726
71 A	0.11208	0.61350	0.27441
72 T	0.10414	0.58564	0.31021
73 A	0.08982	0.59570	0.31448
74 A	0.07869	0.59078	0.33053
75 A	0.07429	0.55742	0.36828
76 G	0.07051	0.52122	0.40827
77 A	0.06747	0.47527	0.45726
78 G	0.06605	0.37216	0.56179
79 G	0.06444	0.35520	0.58036
80 A	0.06054	0.42390	0.51556
81 A	0.05875	0.53740	0.40386
82 A	0.05761	0.64481	0.29758
83 A	0.06071	0.71028	0.22902
84 A	0.06500	0.79052	0.14447
85 A	0.07080	0.82164	0.10757
86 T	0.07951	0.82677	0.09372
87 T	0.08115	0.85144	0.06742
88 A	0.08030	0.86998	0.04972
89 A	0.07969	0.88152	0.03879
90 T	0.08117	0.88344	0.03539
91 A	0.08022	0.88603	0.03375
92 A	0.08258	0.88362	0.0338
93 A	0.09576	0.86603	0.03821
94 A	0.12106	0.83330	0.04564
95 T	0.15104	0.79258	0.05638
96 T	0.17371	0.75619	0.07009
97 C	0.17872	0.74030	0.08098
98 A	0.18081	0.73792	0.08126
99 T	0.18357	0.73369	0.08274
100 G	0.18131	0.73641	0.08228
101 A	0.18465	0.73459	0.08077
102 A	0.21945	0.70031	0.08024
103 G	0.31316	0.60364	0.08321
104 A	0.43764	0.47792	0.08445
105 A	0.55439	0.35972	0.08589
106 A	0.63689	0.27612	0.08699
107 T	0.74970	0.16005	0.09025
108 T	0.80057	0.10896	0.09047
109 T	0.82166	0.09017	0.08818
110 T	0.83343	0.08356	0.08301
111 A	0.82913	0.09668	0.07418
112 T	0.81857	0.11058	0.07085
113 T	0.74426	0.19385	0.0619
114 A	0.60435	0.34916	0.04649
115 A	0.43373	0.53315	0.03311
116 A	0.27385	0.70724	0.01891
117 A	0.20194	0.78645	0.01161
118 A	0.13082	0.85946	0.00972
119 A	0.09246	0.89890	0.00864
120 A	0.07734	0.91252	0.01014
121 A	0.06725	0.92019	0.01255
122 G	0.06355	0.92082	0.01564
123 A	0.05467	0.92550	0.01983
124 C	0.05349	0.92279	0.02372
125 A	0.05391	0.92150	0.02459
126 T	0.05509	0.91967	0.02524
127 G	0.05447	0.91979	0.02574
128 C	0.05546	0.91842	0.02612
129 C	0.05667	0.91737	0.02596
130 G	0.05720	0.91784	0.02495
131 A	0.05868	0.91805	0.02327
132 A	0.06122	0.91676	0.02202
133 A	0.06788	0.91113	0.02099
134 T	0.07977	0.89110	0.02913
135 A	0.08644	0.85836	0.0552
136 G	0.09716	0.75359	0.14925
137 A	0.11079	0.60617	0.28304
138 A	0.12234	0.42932	0.44835
139 T	0.13511	0.27394	0.59094
140 T	0.13419	0.25157	0.61425
141 A	0.12155	0.30390	0.57455
142 A	0.11214	0.40602	0.48184
143 A	0.10936	0.41161	0.47903
144 T	0.10726	0.41489	0.47785
145 A	0.10150	0.41964	0.47886
146 T	0.09959	0.40853	0.49188
147 C	0.09726	0.41487	0.48787
148 G	0.08915	0.44682	0.46404
149 C	0.08360	0.47143	0.44497
150 T	0.07959	0.49330	0.42711
151 A	0.06879	0.54638	0.38483
152 A	0.06615	0.58277	0.35108
153 A	0.06615	0.62062	0.31323
154 C	0.06710	0.64731	0.28559
155 A	0.06803	0.75155	0.18041
156 A	0.07011	0.78973	0.14016
157 T	0.07242	0.81979	0.10779
158 T	0.07309	0.85484	0.07207
159 A	0.07189	0.87449	0.05362
160 A	0.07420	0.88177	0.04402
161 A	0.08060	0.87494	0.04446
162 A	0.09108	0.86200	0.04693
163 A	0.11817	0.82647	0.05536
164 A	0.20408	0.72636	0.06957
165 C	0.30880	0.61016	0.08104
166 A	0.32962	0.59788	0.0725
167 A	0.34928	0.59152	0.05921
168 A	0.35876	0.59222	0.04902
169 G	0.36447	0.59761	0.03792
170 T	0.37482	0.58671	0.03847
171 T	0.37782	0.57702	0.04516
172 G	0.37586	0.57637	0.04777
173 A	0.38470	0.56615	0.04915
174 C	0.42261	0.52101	0.05638
175 G	0.45382	0.48855	0.05763
176 A	0.49486	0.44731	0.05783
177 A	0.53704	0.40466	0.0583
178 T	0.65485	0.28599	0.05915
179 C	0.69142	0.24869	0.0599
180 T	0.72681	0.21275	0.06044
181 T	0.75096	0.18762	0.06142
182 T	0.75418	0.18317	0.06265
183 T	0.73433	0.20336	0.0623
184 G	0.66472	0.27398	0.06129
185 A	0.60868	0.33603	0.05528
186 A	0.52258	0.42675	0.05067
187 A	0.43194	0.52128	0.04678
188 A	0.38654	0.57176	0.0417
189 A	0.34731	0.61023	0.04246
190 A	0.34024	0.61461	0.04515
191 A	0.34531	0.60345	0.05125
192 T	0.35820	0.57997	0.06183
193 A	0.35439	0.57795	0.06767
194 T	0.35340	0.56212	0.08448
195 T	0.34779	0.55885	0.09336
196 T	0.33763	0.56814	0.09423
197 T	0.31235	0.59868	0.08896
198 A	0.24648	0.67411	0.07942
199 T	0.22577	0.69215	0.08209
200 T	0.18001	0.73755	0.08244
201 A	0.12417	0.79460	0.08123
202 A	0.08219	0.83740	0.08042
203 C	0.05871	0.85900	0.0823
204 A	0.04155	0.88309	0.07536
205 A	0.03185	0.89218	0.07598
206 A	0.02804	0.87750	0.09447
207 A	0.02767	0.83477	0.13756
208 G	0.03306	0.78930	0.17763
209 A	0.03765	0.69928	0.26306
210 G	0.04248	0.59626	0.36126
211 A	0.04910	0.54576	0.40514
212 T	0.05177	0.49817	0.45006
213 A	0.05199	0.48929	0.45872
214 G	0.05302	0.48294	0.46404
215 A	0.05371	0.48335	0.46294
216 A	0.05788	0.47381	0.4683
217 A	0.06047	0.46401	0.47551
218 T	0.06852	0.45624	0.47524
219 G	0.07173	0.47870	0.44957
220 A	0.06739	0.51460	0.418
221 T	0.07130	0.48692	0.44178
222 A	0.05444	0.53088	0.41467
223 G	0.04866	0.55336	0.39798
224 A	0.04529	0.60819	0.34652
225 A	0.04545	0.64948	0.30507
226 A	0.04713	0.73214	0.22073
227 A	0.05560	0.76133	0.18308
228 T	0.05991	0.80849	0.1316
229 G	0.05853	0.85373	0.08775
230 A	0.05598	0.87154	0.07248
231 A	0.04127	0.89939	0.05935
232 A	0.03519	0.92506	0.03975
233 A	0.03254	0.92816	0.0393
234 C	0.03775	0.92304	0.03921
235 G	0.04099	0.92447	0.03454
236 A	0.04877	0.92301	0.02822
237 C	0.05537	0.91906	0.02558
238 A	0.06103	0.91879	0.02018
239 A	0.06649	0.91737	0.01614
240 A	0.07824	0.90775	0.01401
241 A	0.11021	0.87555	0.01424
242 A	0.16774	0.81669	0.01557
243 T	0.24280	0.72701	0.03019
244 A	0.27631	0.68814	0.03555
245 C	0.32256	0.62472	0.05272
246 A	0.37409	0.56929	0.05661
247 G	0.44536	0.49370	0.06093
248 C	0.52062	0.41652	0.06286
249 T	0.63838	0.30386	0.05776
250 A	0.68307	0.26303	0.05389
251 T	0.73964	0.20803	0.05232
252 A	0.73754	0.21004	0.05242
253 A	0.70279	0.24281	0.0544
254 G	0.65977	0.27104	0.06919
255 T	0.66622	0.25906	0.07472
256 C	0.64887	0.27623	0.07489
257 A	0.61785	0.33699	0.04516
258 A	0.60787	0.35683	0.0353
259 T	0.60434	0.36621	0.02944
260 T	0.54211	0.43094	0.02695
261 G	0.41006	0.56470	0.02525
262 A	0.32793	0.64499	0.02708
263 A	0.24948	0.72041	0.03011
264 A	0.20909	0.75974	0.03118
265 G	0.16942	0.79668	0.0339
266 C	0.13348	0.83052	0.036
267 A	0.10600	0.85722	0.03678
268 G	0.08859	0.87391	0.0375
269 C	0.07814	0.88457	0.03729
270 A	0.07166	0.89551	0.03283
271 G	0.06779	0.90358	0.02863
272 A	0.06819	0.90946	0.02235
273 A	0.06817	0.90788	0.02395
274 A	0.06683	0.90777	0.02539
275 A	0.06753	0.87544	0.05703
276 A	0.06929	0.82610	0.10462
277 C	0.07826	0.75333	0.16841
278 A	0.08316	0.73532	0.18153
279 A	0.09136	0.71718	0.19145
280 T	0.11779	0.67471	0.2075
281 T	0.12347	0.66245	0.21409
282 T	0.11849	0.66972	0.21179
283 A	0.09815	0.63336	0.2685
284 A	0.08174	0.54633	0.37193
285 A	0.07200	0.48256	0.44544
286 G	0.06092	0.42454	0.51454
287 A	0.05616	0.40551	0.53833
288 A	0.05278	0.38670	0.56052
289 G	0.05057	0.38106	0.56837
290 A	0.04872	0.42152	0.52976
291 A	0.04470	0.49202	0.46327
292 A	0.03953	0.61167	0.3488
293 A	0.04141	0.70794	0.25065
294 A	0.04468	0.80264	0.15268
295 A	0.05070	0.83590	0.11339
296 A	0.05289	0.84386	0.10325
297 T	0.05657	0.84508	0.09836
298 A	0.05779	0.86252	0.07969
299 T	0.06138	0.86450	0.07412
300 A	0.06160	0.87713	0.06127
301 A	0.06645	0.87634	0.05721
302 A	0.07707	0.86590	0.05703
303 T	0.10049	0.83964	0.05987
304 A	0.11150	0.82512	0.06338
305 T	0.12944	0.79761	0.07295
306 T	0.14334	0.76433	0.09233
307 T	0.15212	0.74250	0.10539
308 T	0.15653	0.73352	0.10995
309 A	0.15513	0.73825	0.10662
310 G	0.16349	0.73745	0.09906
311 A	0.18015	0.72733	0.09252
312 A	0.21092	0.69875	0.09034
313 A	0.27058	0.63949	0.08993
314 A	0.36293	0.54363	0.09345
315 T	0.51054	0.38989	0.09957
316 A	0.61264	0.28624	0.10111
317 T	0.72434	0.17386	0.1018
318 T	0.76472	0.13489	0.1004
319 T	0.77737	0.12403	0.0986
320 A	0.78262	0.12130	0.09609
321 T	0.79671	0.10802	0.09528
322 A	0.80123	0.10542	0.09335
323 T	0.81412	0.09346	0.09241
324 T	0.81996	0.09190	0.08814
325 T	0.82186	0.09882	0.07932
326 T	0.81419	0.11416	0.07165
327 A	0.80106	0.13268	0.06626
328 T	0.76938	0.16944	0.06118
329 T	0.74605	0.19641	0.05753
330 A	0.72684	0.21827	0.05489
331 A	0.71240	0.23228	0.05532
332 G	0.71227	0.22767	0.06005
333 T	0.71718	0.22173	0.06108
334 T	0.70228	0.23603	0.06169
335 C	0.64241	0.29636	0.06123
336 T	0.59845	0.34081	0.06075
337 T	0.56199	0.37819	0.05982
338 C	0.54763	0.39370	0.05868
339 A	0.53925	0.40265	0.0581
340 C	0.53637	0.40575	0.05788
341 T	0.53608	0.40630	0.05762
342 T	0.53283	0.40979	0.05738
343 C	0.51688	0.42613	0.05698
344 A	0.51070	0.43285	0.05646
345 C	0.50960	0.43420	0.0562
346 A	0.50804	0.43928	0.05268
347 A	0.51276	0.43502	0.05222
348 T	0.52105	0.42629	0.05266
349 T	0.52427	0.41444	0.06129
350 A	0.51500	0.41395	0.07106
351 T	0.50467	0.38639	0.10894
352 A	0.45572	0.41949	0.12479
353 A	0.40813	0.45844	0.13343
354 A	0.36187	0.51734	0.1208
355 A	0.30850	0.59344	0.09806
356 A	0.26231	0.63607	0.10162
357 A	0.21564	0.65792	0.12644
358 A	0.18481	0.62665	0.18854
359 G	0.17505	0.58529	0.23967
360 C	0.16762	0.56760	0.26477
361 A	0.16108	0.58145	0.25747
362 T	0.15639	0.61537	0.22824
363 A	0.14798	0.67437	0.17764
364 A	0.13913	0.70611	0.15475
365 C	0.13595	0.71478	0.14927
366 T	0.13450	0.72715	0.13834
367 A	0.13067	0.76475	0.10458
368 A	0.12736	0.79169	0.08094
369 T	0.12303	0.81017	0.0668
370 A	0.10945	0.83599	0.05457
371 T	0.10328	0.84111	0.05562
372 A	0.08763	0.86043	0.05193
373 A	0.07832	0.86376	0.05792
374 A	0.07589	0.85540	0.06871
375 A	0.07958	0.80892	0.11149
376 A	0.08523	0.76051	0.15426
377 A	0.11136	0.69097	0.19767
378 A	0.14340	0.60682	0.24978
379 T	0.15181	0.55106	0.29713
380 A	0.15217	0.50404	0.34379
381 C	0.15099	0.47050	0.37851
382 A	0.15221	0.46104	0.38675
383 A	0.16153	0.44333	0.39514
384 A	0.17735	0.41940	0.40325
385 G	0.22578	0.36028	0.41395
386 C	0.29893	0.27799	0.42308
387 T	0.34755	0.21912	0.43333
388 T	0.36577	0.20050	0.43372
389 T	0.37612	0.19812	0.42575
390 A	0.37637	0.21637	0.40726
391 G	0.38061	0.22499	0.39441
392 T	0.38475	0.23970	0.37556
393 T	0.38320	0.27457	0.34222
394 A	0.35647	0.38429	0.25924
395 A	0.32770	0.47867	0.19364
396 T	0.28371	0.57744	0.13885
397 A	0.15413	0.75905	0.08681
398 A	0.08955	0.84564	0.06482
399 A	0.06039	0.89241	0.0472
400 G	0.05413	0.90438	0.04149
401 A	0.04913	0.91797	0.0329
402 A	0.04598	0.92158	0.03244
403 A	0.04675	0.92044	0.0328
404 T	0.04693	0.91815	0.03493
405 A	0.03982	0.92738	0.03281
406 C	0.03581	0.93112	0.03307
407 T	0.03374	0.93712	0.02914
408 A	0.03103	0.94517	0.0238
409 A	0.02981	0.95041	0.01978
410 A	0.03111	0.95114	0.01775
411 A	0.03558	0.94745	0.01697
412 A	0.04663	0.93110	0.02227
413 A	0.06973	0.89630	0.03397
414 A	0.09021	0.85870	0.05109
415 G	0.12780	0.80177	0.07042
416 A	0.17433	0.74585	0.07982
417 A	0.26363	0.62912	0.10725
418 A	0.34123	0.51242	0.14636
419 T	0.41456	0.37928	0.20616
420 T	0.45805	0.22812	0.31383
421 A	0.45624	0.21241	0.33135
422 T	0.45800	0.21715	0.32486
423 A	0.41573	0.33725	0.24702
424 A	0.39582	0.44312	0.16106
425 A	0.37499	0.47335	0.15167
426 A	0.36157	0.48722	0.15121
427 A	0.34525	0.50317	0.15158
428 T	0.32485	0.51920	0.15595
429 C	0.29009	0.55109	0.15882
430 C	0.24591	0.60350	0.15059
431 A	0.21434	0.65821	0.12746
432 A	0.17478	0.71953	0.10568
433 C	0.15444	0.76219	0.08337
434 A	0.13401	0.82269	0.0433
435 A	0.12450	0.84509	0.03041
436 A	0.12006	0.85606	0.02387
437 T	0.11823	0.85993	0.02183
438 G	0.11334	0.86629	0.02037
439 A	0.11400	0.86570	0.02029
440 T	0.11839	0.85819	0.02342
441 A	0.12006	0.85250	0.02743
442 G	0.12229	0.84565	0.03206
443 A	0.13281	0.82832	0.03888
444 C	0.15864	0.78408	0.05727
445 A	0.17606	0.75784	0.0661
446 A	0.23248	0.66814	0.09938
447 A	0.29881	0.58470	0.11649
448 A	0.31405	0.54957	0.13639
449 C	0.32233	0.52172	0.15595
450 A	0.33069	0.48676	0.18255
451 G	0.34295	0.43645	0.2206
452 A	0.35702	0.39174	0.25123
453 T	0.38445	0.32838	0.28717
454 G	0.41250	0.28940	0.2981
455 A	0.44528	0.23750	0.31721
456 T	0.48651	0.18415	0.32934
457 T	0.52110	0.14230	0.33661
458 T	0.53025	0.14316	0.3266
459 T	0.53429	0.16933	0.29638
460 T	0.53500	0.22807	0.23693
461 T	0.53487	0.25503	0.2101
462 T	0.52675	0.30285	0.1704
463 T	0.50166	0.37147	0.12687
464 A	0.48106	0.42576	0.09318
465 T	0.46522	0.45781	0.07696
466 G	0.42913	0.50459	0.06628
467 A	0.40677	0.53591	0.05732
468 T	0.39633	0.54902	0.05465
469 A	0.37928	0.57033	0.05039
470 G	0.37195	0.58037	0.04768
471 A	0.36752	0.59059	0.04188
472 G	0.36470	0.59408	0.04122
473 A	0.36291	0.59576	0.04133
474 A	0.36254	0.59584	0.04162
475 A	0.36352	0.59399	0.04249
476 C	0.37032	0.58675	0.04293
477 C	0.39473	0.56227	0.04299
478 G	0.43480	0.52228	0.04292
479 C	0.46597	0.49123	0.0428
480 T	0.48940	0.46823	0.04236
481 A	0.50610	0.45195	0.04195
482 T	0.55026	0.40793	0.04181
483 T	0.62347	0.33427	0.04226
484 A	0.64469	0.31283	0.04248
485 A	0.67095	0.26845	0.0606
486 T	0.70564	0.19161	0.10275
487 T	0.70567	0.16971	0.12462
488 T	0.62620	0.24640	0.12741
489 A	0.34223	0.54907	0.1087
490 A	0.18578	0.71072	0.10349
491 A	0.10923	0.79241	0.09836
492 A	0.06554	0.83260	0.10187
493 A	0.04599	0.86005	0.09396
494 A	0.03892	0.87669	0.08439
495 A	0.03343	0.90348	0.06309
496 G	0.02964	0.92436	0.046
497 A	0.02699	0.93525	0.03776
498 A	0.02379	0.93911	0.0371
499 A	0.02265	0.93984	0.03751
500 T	0.02187	0.93902	0.03912
501 A	0.02119	0.93906	0.03976
502 C	0.02077	0.93860	0.04063
503 A	0.02019	0.94102	0.03879
504 A	0.01956	0.94287	0.03757
505 A	0.01877	0.94481	0.03642
506 A	0.01525	0.94862	0.03613
507 A	0.01577	0.94522	0.03902
508 G	0.01675	0.91815	0.0651
509 A	0.01827	0.89989	0.08184
510 A	0.02327	0.86130	0.11544
511 A	0.03657	0.74251	0.22092
512 T	0.07084	0.41391	0.51525
513 G	0.07864	0.27472	0.64664
514 G	0.08669	0.26222	0.65109
515 A	0.09353	0.42604	0.48044
516 A	0.10587	0.62650	0.26763
517 A	0.11942	0.74043	0.14015
518 A	0.14279	0.75445	0.10276
519 T	0.16215	0.73882	0.09903
520 A	0.16656	0.74154	0.09189
521 T	0.16753	0.74534	0.08713
522 A	0.14753	0.77673	0.07574
523 C	0.11767	0.81494	0.0674
524 A	0.08798	0.85839	0.05363
525 A	0.07019	0.88317	0.04664
526 G	0.06273	0.89675	0.04052
527 A	0.05699	0.90814	0.03487
528 A	0.05420	0.91225	0.03354
529 G	0.05419	0.90894	0.03686
530 A	0.05279	0.91110	0.0361
531 A	0.05268	0.91242	0.0349
532 G	0.05431	0.90881	0.03688
533 G	0.05787	0.90426	0.03787
534 A	0.06375	0.89785	0.03839
535 A	0.07540	0.88456	0.04004
536 C	0.10567	0.84865	0.04569
537 A	0.17351	0.77918	0.04731
538 G	0.35311	0.59773	0.04916
539 C	0.55627	0.39320	0.05054
540 T	0.67862	0.27452	0.04687
541 A	0.70782	0.25181	0.04038
542 T	0.72017	0.24210	0.03773
543 T	0.72039	0.24467	0.03495
544 A	0.70880	0.25807	0.03313
545 A	0.70540	0.24150	0.0531
546 T	0.71125	0.20500	0.08375
547 T	0.71437	0.17517	0.11046
548 T	0.69490	0.18083	0.12427
549 A	0.63303	0.23880	0.12817
550 T	0.57780	0.28900	0.13319
551 C	0.46579	0.39933	0.13488
552 A	0.41413	0.45550	0.13037
553 A	0.39703	0.47454	0.12842
554 A	0.38217	0.50313	0.1147
555 T	0.36998	0.53474	0.09528
556 A	0.33324	0.57745	0.08931
557 A	0.27087	0.64088	0.08825
558 A	0.22599	0.68490	0.08911
559 G	0.21046	0.70181	0.08772
560 C	0.20380	0.71065	0.08555
561 A	0.20356	0.72434	0.0721
562 A	0.20478	0.73291	0.06231
563 A	0.20966	0.73332	0.05702
564 A	0.21604	0.73254	0.05142
565 T	0.21998	0.73457	0.04545
566 T	0.22098	0.72875	0.05026
567 A	0.21571	0.72873	0.05556
568 A	0.21566	0.71529	0.06904
569 T	0.21669	0.69066	0.09264
570 A	0.21259	0.68107	0.10635
571 T	0.21123	0.64778	0.14099
572 T	0.20689	0.60545	0.18766
573 A	0.19702	0.57727	0.22572
574 G	0.19095	0.49820	0.31085
575 A	0.18680	0.47308	0.34012
576 A	0.18360	0.46868	0.34772
577 G	0.19526	0.43781	0.36693
578 A	0.21213	0.41092	0.37695
579 A	0.21815	0.37286	0.40898
580 G	0.22235	0.31232	0.46533
581 C	0.22798	0.27595	0.49607
582 T	0.23156	0.28997	0.47848
583 G	0.22645	0.36240	0.41114
584 A	0.23223	0.39297	0.3748
585 A	0.23912	0.41187	0.34901
586 A	0.24508	0.43507	0.31984
587 A	0.25581	0.42926	0.31492
588 T	0.26860	0.42299	0.30841
589 A	0.27338	0.43816	0.28845
590 T	0.28723	0.42135	0.29142
591 T	0.29417	0.42109	0.28474
592 T	0.29368	0.43980	0.26652
593 A	0.28770	0.46429	0.248
594 T	0.28991	0.47846	0.23163
595 T	0.28583	0.48449	0.22968
596 T	0.27452	0.49497	0.2305
597 A	0.24476	0.53101	0.22423
598 A	0.23213	0.54463	0.22325
599 C	0.23438	0.54076	0.22485
600 A	0.23162	0.55377	0.21462
601 A	0.23422	0.55494	0.21085
602 G	0.24318	0.54920	0.20763
603 T	0.26242	0.53704	0.20054
604 A	0.26774	0.55351	0.17875
605 A	0.29436	0.53026	0.17538
606 T	0.35765	0.46539	0.17696
607 A	0.37613	0.45766	0.1662
608 A	0.39371	0.44249	0.16381
609 T	0.41797	0.41896	0.16308
610 A	0.41285	0.43536	0.15179
611 A	0.41410	0.44056	0.14534
612 T	0.43365	0.41965	0.1467
613 G	0.42318	0.43356	0.14327
614 A	0.42521	0.42868	0.14612
615 T	0.44240	0.39994	0.15767
616 G	0.44938	0.37949	0.17113
617 A	0.45973	0.36359	0.17669
618 C	0.46890	0.34425	0.18685
619 A	0.47727	0.33497	0.18776
620 T	0.49058	0.30268	0.20673
621 T	0.49750	0.28900	0.2135
622 A	0.49963	0.29761	0.20275
623 T	0.50676	0.30874	0.1845
624 A	0.50660	0.35163	0.14178
625 A	0.50954	0.39181	0.09865
626 A	0.51705	0.39876	0.08418
627 T	0.53980	0.38180	0.07839
628 A	0.54336	0.38651	0.07012
629 A	0.55013	0.38355	0.06632
630 T	0.56499	0.36396	0.07105
631 A	0.56837	0.36022	0.0714
632 A	0.57155	0.35364	0.0748
633 A	0.58458	0.32789	0.08754
634 T	0.59394	0.30541	0.10065
635 A	0.59700	0.29452	0.10849
636 T	0.60299	0.27021	0.1268
637 G	0.60358	0.26021	0.13622
638 A	0.60482	0.25432	0.14086
639 T	0.60767	0.24279	0.14954
640 C	0.60930	0.23551	0.15519
641 G	0.60950	0.23529	0.1552
642 T	0.61757	0.22843	0.154
643 G	0.62106	0.22476	0.15418
644 C	0.62957	0.21608	0.15435
645 G	0.64364	0.20371	0.15266
646 A	0.66835	0.17874	0.15291
647 C	0.72012	0.12471	0.15517
648 T	0.77435	0.07231	0.15333
649 T	0.79154	0.05765	0.15081
650 T	0.80166	0.04678	0.15155
651 T	0.80633	0.04163	0.15204
652 T	0.80662	0.04415	0.14923
653 T	0.80103	0.05456	0.1444
654 C	0.78866	0.06558	0.14576
655 T	0.77616	0.07963	0.14421
656 T	0.75466	0.10280	0.14254
657 T	0.73461	0.12417	0.14122
658 C	0.68330	0.17908	0.13763
659 A	0.64069	0.23113	0.12819
660 A	0.62768	0.25100	0.12132
661 G	0.62338	0.25649	0.12014
662 A	0.61911	0.26074	0.12015
663 A	0.61739	0.26230	0.12031
664 T	0.61899	0.25871	0.12229
665 C	0.61905	0.25735	0.1236
666 C	0.61701	0.25903	0.12397
667 T	0.61454	0.26326	0.1222
668 T	0.60946	0.27143	0.11912
669 T	0.59490	0.29818	0.10692
670 A	0.57097	0.33284	0.09619
671 A	0.55888	0.34954	0.09158
672 T	0.54851	0.36195	0.08954
673 A	0.51714	0.39667	0.08619
674 A	0.49461	0.42032	0.08507
675 A	0.48801	0.42371	0.08828
676 T	0.48752	0.40739	0.10509
677 A	0.46454	0.40371	0.13174
678 T	0.44811	0.37492	0.17697
679 C	0.39216	0.40150	0.20634
680 A	0.34172	0.47294	0.18535
681 A	0.28878	0.56110	0.15012
682 A	0.24858	0.64400	0.10741
683 A	0.23146	0.67840	0.09014
684 T	0.21748	0.70066	0.08186
685 A	0.18456	0.74799	0.06745
686 T	0.16214	0.77611	0.06175
687 A	0.12331	0.82130	0.0554
688 A	0.10714	0.83859	0.05427
689 A	0.10253	0.83993	0.05754
690 A	0.10012	0.83591	0.06397
691 A	0.10104	0.82426	0.07471
692 T	0.11256	0.79368	0.09375
693 T	0.11914	0.76714	0.11372
694 A	0.11563	0.76756	0.1168
695 A	0.11226	0.76920	0.11854
696 A	0.10922	0.76243	0.12835
697 T	0.10823	0.74458	0.14719
698 T	0.09690	0.75063	0.15246
699 A	0.08326	0.76392	0.15282
700 A	0.07841	0.75185	0.16974
701 A	0.07798	0.73518	0.18684
702 A	0.08316	0.67650	0.24034
703 A	0.11448	0.59285	0.29267
704 A	0.17179	0.47597	0.35224
705 T	0.24586	0.34038	0.41376
706 T	0.27364	0.28331	0.44305
707 T	0.28411	0.25296	0.46294
708 T	0.29351	0.21646	0.49003
709 T	0.29513	0.19986	0.50501
710 T	0.29503	0.18193	0.52303
711 T	0.28891	0.19435	0.51674
712 A	0.27545	0.22375	0.50081
713 T	0.26495	0.24356	0.49149
714 A	0.23377	0.30101	0.46522
715 G	0.22111	0.32552	0.45337
716 A	0.20738	0.37921	0.41341
717 A	0.20998	0.40099	0.38903
718 A	0.21905	0.41158	0.36937
719 T	0.23808	0.40486	0.35706
720 A	0.24067	0.42150	0.33783
721 T	0.24431	0.42578	0.32991
722 T	0.24019	0.46656	0.29326
723 T	0.20248	0.55994	0.23759
724 A	0.15358	0.68876	0.15766
725 A	0.09898	0.78636	0.11466
726 A	0.06647	0.84762	0.08592
727 G	0.04622	0.89198	0.06181
728 A	0.03844	0.91771	0.04385
729 A	0.03278	0.93296	0.03425
730 G	0.03033	0.94275	0.02691
731 A	0.03211	0.95004	0.01786
732 A	0.03887	0.94793	0.0132
733 A	0.05004	0.93638	0.01358
734 A	0.06595	0.91310	0.02095
735 A	0.08053	0.88500	0.03447
736 A	0.09040	0.86105	0.04856
737 C	0.10832	0.81356	0.07812
738 A	0.10993	0.80814	0.08193
739 G	0.14073	0.77082	0.08845
740 A	0.16337	0.75757	0.07906
741 A	0.18352	0.74975	0.06673
742 G	0.20122	0.73246	0.06632
743 A	0.21929	0.70569	0.07502
744 A	0.23906	0.67191	0.08903
745 A	0.26375	0.63378	0.10246
746 C	0.31381	0.54394	0.14224
747 A	0.37673	0.45636	0.16692
748 A	0.40161	0.39729	0.2011
749 A	0.41541	0.36553	0.21906
750 T	0.42549	0.35045	0.22406
751 C	0.37999	0.40712	0.21289
752 A	0.32676	0.50942	0.16382
753 A	0.25964	0.63056	0.1098
754 A	0.22633	0.68633	0.08734
755 A	0.19941	0.74714	0.05346
756 T	0.17292	0.79329	0.03379
757 A	0.12475	0.85422	0.02103
758 A	0.09839	0.87790	0.02371
759 A	0.08544	0.88582	0.02874
760 G	0.07995	0.88089	0.03916
761 T	0.07927	0.86997	0.05076
762 C	0.06946	0.87421	0.05633
763 A	0.07299	0.87055	0.05645
764 A	0.08126	0.86156	0.05718
765 A	0.08258	0.85802	0.05941
766 A	0.08540	0.85026	0.06434
767 A	0.09002	0.84195	0.06803
768 T	0.09701	0.80210	0.10088
769 G	0.09994	0.78278	0.11728
770 A	0.10050	0.77363	0.12587
771 A	0.11139	0.75066	0.13795
772 A	0.13070	0.71875	0.15054
773 T	0.15724	0.67271	0.17006
774 A	0.17693	0.60431	0.21875
775 A	0.22942	0.50153	0.26906
776 T	0.28777	0.37094	0.34129
777 A	0.30957	0.32502	0.36541
778 T	0.33908	0.27617	0.38475
779 T	0.35649	0.25370	0.38981
780 T	0.36423	0.21920	0.41656
781 T	0.36172	0.20054	0.43774
782 T	0.35505	0.19702	0.44793
783 A	0.33903	0.20846	0.45252
784 T	0.32430	0.21752	0.45818
785 C	0.29924	0.23126	0.4695
786 C	0.28473	0.24632	0.46895
787 C	0.26065	0.28576	0.45359
788 A	0.23047	0.38064	0.38889
789 T	0.22342	0.39524	0.38134
790 G	0.20675	0.43286	0.36039
791 A	0.18076	0.49499	0.32425
792 A	0.17524	0.52316	0.3016
793 C	0.17470	0.53611	0.28919
794 A	0.17320	0.62703	0.19977
795 A	0.17232	0.69462	0.13307
796 A	0.17335	0.71782	0.10883
797 A	0.17579	0.73035	0.09386
798 T	0.18384	0.74442	0.07174
799 A	0.18226	0.76726	0.05048
800 A	0.19353	0.76211	0.04437
801 A	0.20324	0.75439	0.04238
802 T	0.22539	0.73119	0.04341
803 T	0.23158	0.72417	0.04425
804 A	0.22448	0.72811	0.04741
805 A	0.22157	0.72439	0.05405
806 A	0.21672	0.71221	0.07107
807 A	0.21371	0.69778	0.0885
808 C	0.21384	0.66689	0.11928
809 A	0.21632	0.65370	0.12998
810 A	0.23177	0.61772	0.1505
811 T	0.28603	0.53690	0.17707
812 G	0.29275	0.52251	0.18473
813 G	0.31470	0.48889	0.19641
814 C	0.35937	0.41661	0.22402
815 A	0.38730	0.38868	0.22403
816 A	0.40802	0.37096	0.22102
817 A	0.49513	0.28355	0.22132
818 T	0.56765	0.20537	0.22698
819 T	0.58963	0.18550	0.22487
820 A	0.59892	0.17844	0.22264
821 T	0.61985	0.15268	0.22747
822 T	0.63105	0.15198	0.21697
823 T	0.62371	0.17051	0.20578
824 T	0.61373	0.18994	0.19633
825 A	0.59377	0.22131	0.18493
826 T	0.58680	0.22859	0.18461
827 T	0.57744	0.23748	0.18508
828 A	0.55848	0.26320	0.17832
829 A	0.54475	0.27301	0.18224
830 T	0.53306	0.28142	0.18552
831 T	0.51659	0.29581	0.18759
832 T	0.50036	0.31137	0.18827
833 C	0.43804	0.37524	0.18672
834 A	0.36734	0.45668	0.17598
835 G	0.34256	0.48532	0.17212
836 A	0.31914	0.51235	0.16851
837 A	0.29852	0.53423	0.16725
838 A	0.29515	0.53792	0.16694
839 T	0.30337	0.52816	0.16847
840 A	0.30528	0.52572	0.16899
841 A	0.30796	0.52231	0.16974
842 G	0.31682	0.50986	0.17332
843 T	0.33548	0.48650	0.17802
844 A	0.34288	0.47520	0.18192
845 T	0.36988	0.43671	0.19341
846 T	0.38670	0.40657	0.20672
847 T	0.39779	0.38306	0.21915
848 T	0.40393	0.35780	0.23827
849 T	0.40520	0.34732	0.24749
850 G	0.40579	0.33744	0.25677
851 T	0.41117	0.31563	0.2732
852 A	0.40966	0.30517	0.28517
853 T	0.41060	0.28653	0.30287
854 T	0.41148	0.26859	0.31993
855 A	0.41138	0.25374	0.33488
856 A	0.41370	0.19556	0.39074
857 T	0.42396	0.11730	0.45874
858 T	0.42486	0.09332	0.48181
859 T	0.42284	0.08210	0.49505
860 T	0.42029	0.07634	0.50336
861 G	0.41302	0.08956	0.49743
862 A	0.40768	0.11328	0.47903
863 T	0.40177	0.12933	0.4689
864 T	0.39511	0.14454	0.46034
865 T	0.38261	0.17932	0.43807
866 T	0.36543	0.21624	0.41833
867 A	0.34172	0.25655	0.40173
868 T	0.33287	0.27898	0.38814
869 T	0.31513	0.32021	0.36465
870 A	0.28958	0.39636	0.31406
871 A	0.27727	0.46919	0.25354
872 A	0.26522	0.52400	0.21078
873 A	0.22819	0.60831	0.1635
874 A	0.18904	0.69271	0.11825
875 T	0.15356	0.76863	0.07781
876 A	0.10705	0.84446	0.0485
877 A	0.08768	0.87456	0.03777
878 A	0.08167	0.88570	0.03264
879 A	0.08018	0.88868	0.03114
880 A	0.08089	0.88728	0.03183
881 A	0.08444	0.88020	0.03535
882 T	0.09544	0.86410	0.04046
883 A	0.10392	0.85334	0.04274
884 A	0.11832	0.83381	0.04787
885 A	0.13946	0.80797	0.05256
886 T	0.15884	0.77702	0.06414
887 A	0.16821	0.75586	0.07593
888 T	0.18940	0.71804	0.09255
889 T	0.19906	0.69157	0.10937
890 C	0.20400	0.66908	0.12691
891 A	0.20800	0.66817	0.12384
892 A	0.22257	0.64888	0.12856
893 A	0.25790	0.60801	0.13409
894 A	0.30553	0.56145	0.13302
895 A	0.34738	0.52588	0.12674
896 A	0.40281	0.43578	0.1614
897 A	0.46097	0.33742	0.20162
898 T	0.51368	0.24309	0.24323
899 T	0.53836	0.18589	0.27575
900 T	0.54310	0.19125	0.26565
901 T	0.53977	0.25750	0.20272
902 T	0.49305	0.33545	0.1715
903 A	0.41823	0.43482	0.14694
904 A	0.35265	0.51289	0.13446
905 A	0.30266	0.57244	0.12489
906 C	0.25894	0.62355	0.11752
907 A	0.23554	0.66335	0.10112
908 A	0.22655	0.69095	0.0825
909 A	0.22055	0.70383	0.07561
910 A	0.21938	0.70996	0.07067
911 T	0.22212	0.70933	0.06856
912 T	0.22189	0.71162	0.0665
913 A	0.21248	0.72571	0.06181
914 A	0.21095	0.72378	0.06526
915 A	0.21295	0.71452	0.07254
916 A	0.21866	0.70158	0.07977
917 A	0.22828	0.68383	0.08788
918 T	0.24700	0.65965	0.09335
919 C	0.25403	0.65003	0.09594
920 A	0.26314	0.64102	0.09584
921 T	0.27328	0.62961	0.0971
922 G	0.27997	0.62153	0.0985
923 A	0.30065	0.59778	0.10156
924 A	0.36262	0.52928	0.10809
925 T	0.40335	0.42418	0.17247
926 T	0.42936	0.32257	0.24807
927 T	0.44551	0.24424	0.31025
928 A	0.45378	0.19517	0.35105
929 T	0.46339	0.14447	0.39213
930 G	0.47347	0.11356	0.41296
931 T	0.49103	0.08612	0.42285
932 T	0.49783	0.07236	0.4298
933 T	0.50307	0.06311	0.43383
934 A	0.50522	0.05894	0.43584
935 A	0.51010	0.05027	0.43963
936 T	0.51855	0.03126	0.45019
937 T	0.52143	0.02197	0.4566
938 T	0.52206	0.01792	0.46001
939 A	0.52246	0.01532	0.46222
940 T	0.52312	0.01263	0.46425
941 A	0.52342	0.01114	0.46545
942 T	0.52419	0.00781	0.46799
943 T	0.52524	0.00481	0.46996
944 A	0.52586	0.00320	0.47094
945 A	0.52690	0.00000	0.4731
