# lcl|CP097583.1_cds_USQ93494.1_1
# AA	inside	membr	outside
1 A	0.56814	0.00000	0.43186
2 T	0.56735	0.00079	0.43186
3 G	0.56704	0.00110	0.43186
4 A	0.56704	0.00317	0.42979
5 C	0.56425	0.00774	0.42801
6 A	0.56425	0.00799	0.42777
7 A	0.55647	0.01584	0.42769
8 A	0.55647	0.01585	0.42768
9 T	0.55104	0.02132	0.42765
10 C	0.55101	0.02213	0.42686
11 T	0.54777	0.02568	0.42655
12 G	0.46464	0.10922	0.42614
13 G	0.43272	0.14410	0.42319
14 C	0.43271	0.14410	0.42319
15 T	0.43271	0.19415	0.37314
16 A	0.43183	0.19503	0.37314
17 T	0.43120	0.19599	0.37281
18 T	0.43104	0.19732	0.37163
19 A	0.41709	0.21248	0.37044
20 T	0.34924	0.30346	0.3473
21 T	0.23145	0.42124	0.34732
22 G	0.21580	0.43968	0.34452
23 A	0.20216	0.45456	0.34328
24 G	0.18606	0.47106	0.34288
25 C	0.17691	0.48030	0.3428
26 A	0.17103	0.48894	0.34003
27 A	0.16912	0.49187	0.33901
28 A	0.16845	0.49159	0.33996
29 A	0.16687	0.49340	0.33972
30 A	0.16502	0.49088	0.3441
31 A	0.16440	0.48798	0.34761
32 G	0.16434	0.47391	0.36176
33 A	0.16535	0.46376	0.3709
34 G	0.16655	0.45141	0.38204
35 C	0.17486	0.37509	0.45005
36 T	0.18067	0.35418	0.46515
37 G	0.18280	0.35228	0.46491
38 A	0.21719	0.31897	0.46384
39 T	0.21821	0.31748	0.4643
40 G	0.21887	0.31564	0.46549
41 T	0.22009	0.30420	0.47571
42 A	0.22120	0.28124	0.49756
43 G	0.24081	0.18558	0.57361
44 A	0.24161	0.09794	0.66046
45 T	0.24733	0.07732	0.67535
46 T	0.24893	0.07269	0.67838
47 T	0.24808	0.08492	0.667
48 A	0.24583	0.10375	0.65042
49 T	0.24619	0.13002	0.62379
50 T	0.24460	0.14128	0.61412
51 A	0.24320	0.14355	0.61325
52 A	0.24249	0.14657	0.61094
53 T	0.24162	0.15310	0.60528
54 T	0.21659	0.19137	0.59204
55 C	0.17124	0.24960	0.57917
56 A	0.14561	0.33302	0.52137
57 A	0.11009	0.44287	0.44704
58 A	0.09351	0.49876	0.40773
59 A	0.08997	0.50798	0.40205
60 T	0.08821	0.51553	0.39626
61 A	0.08493	0.52234	0.39274
62 T	0.08348	0.52567	0.39085
63 T	0.07726	0.53439	0.38835
64 A	0.06910	0.54357	0.38733
65 A	0.06428	0.54879	0.38693
66 A	0.06297	0.55025	0.38679
67 A	0.06632	0.54629	0.38739
68 A	0.07043	0.54166	0.3879
69 A	0.08329	0.52777	0.38893
70 T	0.11403	0.49475	0.39122
71 C	0.13530	0.47058	0.39412
72 T	0.16032	0.44449	0.39518
73 G	0.16530	0.43835	0.39636
74 A	0.16686	0.43609	0.39706
75 A	0.17137	0.43050	0.39813
76 A	0.18317	0.41707	0.39975
77 T	0.20594	0.36254	0.43151
78 A	0.22486	0.30166	0.47349
79 A	0.28580	0.21608	0.49811
80 T	0.35987	0.10858	0.53154
81 T	0.38874	0.06382	0.54745
82 A	0.39116	0.05596	0.55288
83 T	0.39646	0.04460	0.55893
84 T	0.39769	0.03767	0.56464
85 T	0.39691	0.03489	0.56821
86 T	0.39364	0.03473	0.57163
87 G	0.38578	0.04328	0.57093
88 T	0.38021	0.04975	0.57003
89 T	0.36114	0.07663	0.56223
90 T	0.32772	0.12289	0.54939
91 G	0.26096	0.22170	0.51734
92 A	0.23154	0.27862	0.48984
93 G	0.22363	0.29201	0.48437
94 T	0.22027	0.30575	0.47398
95 A	0.21270	0.31744	0.46986
96 T	0.20729	0.32372	0.46899
97 C	0.19777	0.33462	0.46761
98 A	0.18144	0.35721	0.46135
99 A	0.16089	0.38270	0.45641
100 G	0.15619	0.39120	0.45261
101 G	0.15490	0.39571	0.44939
102 A	0.15444	0.40210	0.44345
103 A	0.15427	0.40623	0.4395
104 T	0.15431	0.40864	0.43704
105 A	0.15151	0.41314	0.43535
106 A	0.15052	0.41485	0.43462
107 A	0.15020	0.41412	0.43568
108 A	0.15083	0.41030	0.43887
109 G	0.15369	0.39784	0.44847
110 T	0.16331	0.37587	0.46082
111 A	0.16858	0.35948	0.47194
112 A	0.17919	0.32873	0.49208
113 G	0.19354	0.28328	0.52318
114 T	0.22568	0.20149	0.57283
115 G	0.24423	0.16165	0.59411
116 A	0.25154	0.15090	0.59757
117 T	0.26405	0.13556	0.60039
118 T	0.26852	0.12330	0.60818
119 T	0.26948	0.11656	0.61397
120 A	0.26931	0.10979	0.62089
121 A	0.27307	0.09217	0.63476
122 C	0.27683	0.07027	0.6529
123 T	0.28075	0.06744	0.65181
124 G	0.28274	0.07057	0.64669
125 A	0.28383	0.07844	0.63774
126 A	0.28664	0.07691	0.63645
127 T	0.28946	0.07522	0.63532
128 T	0.28975	0.07551	0.63474
129 A	0.28614	0.08129	0.63257
130 C	0.28485	0.08411	0.63103
131 G	0.27879	0.09614	0.62507
132 T	0.27281	0.10930	0.61789
133 G	0.25385	0.14319	0.60296
134 T	0.24362	0.16067	0.59571
135 T	0.22446	0.19200	0.58353
136 G	0.19963	0.23038	0.56999
137 A	0.18648	0.25636	0.55716
138 A	0.17899	0.26517	0.55584
139 T	0.17889	0.26554	0.55557
140 T	0.17397	0.27077	0.55526
141 A	0.15476	0.29199	0.55325
142 C	0.13911	0.30886	0.55203
143 A	0.12348	0.33168	0.54484
144 A	0.11362	0.34300	0.54337
145 A	0.10869	0.34841	0.5429
146 A	0.10755	0.34996	0.54249
147 A	0.10952	0.34751	0.54297
148 C	0.11514	0.33672	0.54813
149 A	0.11515	0.33601	0.54884
150 A	0.11599	0.33443	0.54958
151 A	0.12046	0.32860	0.55093
152 A	0.12554	0.31959	0.55488
153 T	0.13249	0.30934	0.55818
154 A	0.13910	0.29048	0.57042
155 G	0.14767	0.26935	0.58299
156 T	0.16326	0.23211	0.60463
157 A	0.16735	0.21823	0.61442
158 T	0.17671	0.18930	0.63399
159 G	0.18102	0.16442	0.65456
160 A	0.18751	0.14771	0.66479
161 T	0.18737	0.13673	0.67589
162 T	0.18350	0.13568	0.68082
163 A	0.17939	0.13390	0.68672
164 G	0.17616	0.12146	0.70238
165 A	0.17501	0.11200	0.71298
166 G	0.17839	0.09671	0.7249
167 T	0.17912	0.09444	0.72644
168 A	0.17614	0.11475	0.70911
169 T	0.17621	0.11403	0.70976
170 A	0.17274	0.12417	0.70309
171 T	0.17114	0.12883	0.70002
172 T	0.16946	0.13648	0.69405
173 C	0.16815	0.14401	0.68784
174 T	0.16731	0.15638	0.67632
175 A	0.16536	0.17110	0.66354
176 A	0.16466	0.17546	0.65988
177 T	0.16307	0.17847	0.65846
178 A	0.15898	0.18576	0.65526
179 A	0.15644	0.19018	0.65338
180 T	0.15837	0.18729	0.65434
181 A	0.15888	0.18789	0.65322
182 T	0.16031	0.18337	0.65631
183 A	0.16095	0.18320	0.65585
184 T	0.16219	0.18185	0.65596
185 T	0.16242	0.18114	0.65644
186 A	0.15923	0.18732	0.65344
187 A	0.15743	0.19022	0.65235
188 A	0.15906	0.18806	0.65288
189 A	0.15708	0.18798	0.65494
190 A	0.16011	0.18268	0.65721
191 G	0.17869	0.15957	0.66174
192 A	0.18376	0.15243	0.66381
193 G	0.19723	0.13411	0.66867
194 C	0.21084	0.11781	0.67136
195 T	0.22575	0.10211	0.67214
196 T	0.23236	0.09683	0.6708
197 T	0.23294	0.09924	0.66783
198 T	0.23281	0.10169	0.6655
199 A	0.22345	0.11129	0.66527
200 A	0.21490	0.11813	0.66698
201 A	0.21197	0.11711	0.67092
202 T	0.21243	0.11303	0.67454
203 C	0.21028	0.11364	0.67608
204 A	0.21082	0.11313	0.67605
205 A	0.21172	0.11229	0.67599
206 C	0.21625	0.10666	0.67708
207 T	0.22041	0.10266	0.67693
208 G	0.22253	0.10048	0.67699
209 A	0.22747	0.09305	0.67948
210 T	0.23176	0.08649	0.68175
211 T	0.23356	0.08345	0.68299
212 A	0.23422	0.07808	0.6877
213 T	0.23447	0.07402	0.69152
214 A	0.23399	0.07357	0.69245
215 A	0.23371	0.07338	0.69292
216 T	0.23353	0.07233	0.69414
217 G	0.23258	0.07239	0.69504
218 A	0.23254	0.07190	0.69556
219 A	0.23435	0.06772	0.69794
220 T	0.23780	0.05835	0.70385
221 T	0.24015	0.05111	0.70873
222 A	0.24011	0.04290	0.717
223 G	0.24046	0.03352	0.72602
224 T	0.24080	0.03031	0.72888
225 G	0.23915	0.03369	0.72717
226 G	0.23903	0.03876	0.72221
227 A	0.23964	0.04170	0.71865
228 T	0.24046	0.04107	0.71847
229 T	0.24073	0.04044	0.71883
230 T	0.24055	0.04061	0.71884
231 A	0.23937	0.04164	0.71899
232 T	0.23884	0.04178	0.71937
233 C	0.23653	0.04406	0.7194
234 T	0.23497	0.04607	0.71896
235 A	0.23131	0.05003	0.71866
236 A	0.23045	0.05109	0.71847
237 A	0.23024	0.05126	0.7185
238 T	0.23069	0.05034	0.71897
239 A	0.23035	0.04991	0.71973
240 T	0.23093	0.04798	0.72109
241 T	0.23135	0.04682	0.72184
242 C	0.23123	0.04647	0.7223
243 T	0.23118	0.04652	0.72231
244 A	0.23110	0.04650	0.72241
245 A	0.23148	0.04585	0.72267
246 A	0.23230	0.04476	0.72293
247 G	0.23482	0.04204	0.72314
248 C	0.24025	0.03466	0.72508
249 T	0.24811	0.02662	0.72526
250 T	0.25221	0.02246	0.72533
251 T	0.25313	0.02145	0.72541
252 A	0.25335	0.02112	0.72553
253 T	0.25381	0.01989	0.7263
254 T	0.25418	0.01803	0.72778
255 A	0.25429	0.01671	0.729
256 T	0.25459	0.01376	0.73165
257 T	0.25481	0.01160	0.73359
258 G	0.25483	0.00823	0.73694
259 A	0.25498	0.00748	0.73753
260 G	0.25527	0.00642	0.73831
261 T	0.25534	0.00586	0.73879
262 T	0.25538	0.00517	0.73945
263 C	0.25533	0.00497	0.73971
264 T	0.25508	0.00669	0.73823
265 G	0.25432	0.01199	0.73369
266 G	0.25375	0.01884	0.72741
267 A	0.25345	0.03190	0.71465
268 G	0.25281	0.03369	0.71349
269 A	0.25247	0.03469	0.71284
270 T	0.25242	0.03512	0.71246
271 T	0.25214	0.03572	0.71214
272 C	0.25163	0.03679	0.71157
273 T	0.25137	0.03807	0.71056
274 A	0.25080	0.03964	0.70955
275 T	0.25070	0.04045	0.70885
276 T	0.25026	0.04110	0.70865
277 G	0.24904	0.04237	0.70859
278 A	0.24869	0.04261	0.70869
279 A	0.24839	0.04281	0.7088
280 C	0.24806	0.04290	0.70904
281 C	0.24807	0.04277	0.70916
282 T	0.24814	0.04268	0.70918
283 A	0.24788	0.04294	0.70918
284 T	0.24802	0.04278	0.7092
285 C	0.24802	0.04277	0.7092
286 A	0.24840	0.04238	0.70922
287 A	0.25042	0.04008	0.70951
288 A	0.25538	0.03445	0.71017
289 A	0.26175	0.02753	0.71071
290 T	0.27398	0.01506	0.71096
291 T	0.27517	0.01331	0.71151
292 T	0.27540	0.01334	0.71126
293 T	0.27503	0.01351	0.71146
294 A	0.27310	0.01521	0.71168
295 T	0.27165	0.01610	0.71226
296 T	0.26700	0.02063	0.71237
297 C	0.26197	0.02531	0.71272
298 A	0.25880	0.02927	0.71192
299 A	0.25747	0.03067	0.71185
300 T	0.25648	0.03102	0.71249
301 T	0.25522	0.03215	0.71263
302 T	0.25325	0.03406	0.7127
303 T	0.25036	0.03640	0.71324
304 G	0.24468	0.04189	0.71343
305 T	0.23847	0.04832	0.71321
306 T	0.22131	0.06605	0.71264
307 C	0.19561	0.09214	0.71225
308 A	0.17008	0.11881	0.71112
309 A	0.15202	0.13826	0.70971
310 A	0.14232	0.14850	0.70919
311 A	0.13962	0.15139	0.70898
312 A	0.13806	0.15312	0.70882
313 A	0.13708	0.15402	0.70889
314 A	0.13639	0.15434	0.70927
315 T	0.13666	0.15332	0.71003
316 A	0.13623	0.15328	0.7105
317 A	0.13628	0.15123	0.71249
318 A	0.13656	0.14863	0.71482
319 T	0.13715	0.14233	0.72052
320 T	0.13748	0.13689	0.72563
321 T	0.13791	0.13346	0.72863
322 T	0.13764	0.13268	0.72968
323 T	0.13676	0.13280	0.73044
324 A	0.13492	0.13401	0.73107
325 A	0.13384	0.13330	0.73286
326 A	0.13354	0.12971	0.73675
327 A	0.13347	0.12265	0.74388
328 A	0.13407	0.11222	0.75371
329 T	0.13534	0.08855	0.77611
330 T	0.13569	0.06366	0.80065
331 G	0.13560	0.04507	0.81933
332 T	0.13591	0.03811	0.82598
333 T	0.13503	0.04443	0.82053
334 A	0.13276	0.05713	0.81011
335 A	0.13125	0.06674	0.80201
336 A	0.13072	0.06991	0.79936
337 G	0.13046	0.07204	0.7975
338 G	0.13046	0.07446	0.79509
339 T	0.13099	0.07675	0.79227
340 A	0.13124	0.08076	0.788
341 T	0.13174	0.08187	0.78638
342 T	0.13200	0.08273	0.78526
343 A	0.13209	0.08556	0.78235
344 T	0.13242	0.08626	0.78133
345 T	0.13249	0.08812	0.7794
346 G	0.13199	0.09327	0.77473
347 A	0.13208	0.09500	0.77291
348 T	0.13225	0.09632	0.77143
349 A	0.13164	0.09894	0.76942
350 A	0.13156	0.09956	0.76888
351 T	0.13229	0.09910	0.7686
352 A	0.13252	0.09901	0.76847
353 A	0.13343	0.09772	0.76885
354 A	0.13697	0.09332	0.76971
355 G	0.14476	0.08476	0.77048
356 T	0.15658	0.07179	0.77164
357 A	0.16741	0.05914	0.77346
358 T	0.17732	0.04776	0.77492
359 A	0.18086	0.04367	0.77547
360 T	0.18554	0.03861	0.77585
361 T	0.18773	0.03621	0.77606
362 C	0.18988	0.03395	0.77616
363 T	0.19310	0.03114	0.77576
364 T	0.19462	0.03033	0.77505
365 G	0.19541	0.03105	0.77355
366 T	0.19828	0.03118	0.77053
367 A	0.19964	0.03214	0.76822
368 A	0.20216	0.03021	0.76763
369 T	0.20824	0.02386	0.7679
370 G	0.21102	0.02106	0.76792
371 T	0.21346	0.01866	0.76788
372 T	0.21506	0.01690	0.76804
373 A	0.21550	0.01693	0.76756
374 T	0.21593	0.01660	0.76747
375 T	0.21613	0.01644	0.76743
376 A	0.21598	0.01691	0.76712
377 A	0.21592	0.01705	0.76703
378 T	0.21575	0.01730	0.76695
379 G	0.21530	0.01812	0.76658
380 A	0.21498	0.01933	0.76568
381 G	0.21377	0.02151	0.76472
382 A	0.21296	0.02270	0.76433
383 T	0.21232	0.02366	0.76403
384 A	0.21128	0.02479	0.76393
385 G	0.21090	0.02511	0.764
386 C	0.21126	0.02476	0.76398
387 A	0.21201	0.02456	0.76343
388 G	0.21372	0.02301	0.76327
389 T	0.21724	0.01987	0.7629
390 T	0.21941	0.01765	0.76294
391 T	0.22005	0.01697	0.76298
392 T	0.21999	0.01688	0.76313
393 A	0.21977	0.01701	0.76322
394 C	0.21989	0.01675	0.76336
395 C	0.22022	0.01634	0.76344
396 T	0.22088	0.01571	0.76342
397 T	0.22110	0.01553	0.76337
398 C	0.22109	0.01560	0.7633
399 T	0.22024	0.01661	0.76314
400 A	0.21873	0.01821	0.76306
401 A	0.21762	0.01915	0.76323
402 A	0.21749	0.01888	0.76364
403 G	0.21822	0.01778	0.764
404 A	0.21916	0.01552	0.76532
405 A	0.21978	0.01385	0.76638
406 T	0.22040	0.01217	0.76743
407 A	0.22067	0.01094	0.76839
408 T	0.22103	0.01003	0.76895
409 G	0.22117	0.00984	0.769
410 T	0.22167	0.00964	0.7687
411 A	0.22131	0.01084	0.76786
412 T	0.22147	0.01061	0.76792
413 T	0.22116	0.01099	0.76785
414 A	0.21975	0.01258	0.76767
415 G	0.21900	0.01303	0.76796
416 C	0.21857	0.01327	0.76816
417 T	0.21842	0.01367	0.76791
418 A	0.21815	0.01421	0.76764
419 T	0.21823	0.01423	0.76754
420 G	0.21819	0.01438	0.76743
421 T	0.21826	0.01414	0.7676
422 T	0.21830	0.01276	0.76894
423 A	0.21830	0.01143	0.77027
424 T	0.21832	0.01028	0.7714
425 C	0.21821	0.00999	0.7718
426 A	0.21719	0.01095	0.77186
427 T	0.21656	0.01153	0.7719
428 C	0.21516	0.01299	0.77185
429 A	0.21343	0.01528	0.77129
430 G	0.21279	0.01643	0.77077
431 G	0.21171	0.01868	0.76961
432 A	0.21122	0.01994	0.76883
433 A	0.21147	0.02002	0.76851
434 T	0.21210	0.01889	0.76901
435 G	0.21191	0.01909	0.76901
436 A	0.21213	0.01893	0.76894
437 T	0.21255	0.01741	0.77003
438 G	0.21257	0.01688	0.77055
439 T	0.21275	0.01631	0.77093
440 T	0.21289	0.01602	0.77109
441 C	0.21226	0.01645	0.77129
442 G	0.21169	0.01715	0.77116
443 C	0.21153	0.01740	0.77107
444 T	0.21126	0.01800	0.77074
445 T	0.21074	0.01880	0.77046
446 T	0.20946	0.02074	0.76981
447 A	0.20695	0.02395	0.7691
448 A	0.20501	0.02689	0.76809
449 G	0.20351	0.02756	0.76893
450 A	0.20271	0.02857	0.76872
451 G	0.20251	0.02803	0.76946
452 A	0.20282	0.02731	0.76987
453 A	0.20313	0.02688	0.76999
454 T	0.20439	0.02449	0.77112
455 T	0.20456	0.02378	0.77166
456 A	0.20404	0.02422	0.77173
457 A	0.20404	0.02397	0.77198
458 C	0.20421	0.02358	0.7722
459 A	0.20440	0.02392	0.77169
460 A	0.20436	0.02448	0.77116
461 T	0.20456	0.02447	0.77097
462 T	0.20344	0.02613	0.77043
463 A	0.20045	0.03084	0.7687
464 G	0.19693	0.03456	0.76851
465 T	0.19514	0.03642	0.76844
466 T	0.18981	0.04333	0.76686
467 T	0.18853	0.04461	0.76687
468 G	0.18618	0.04713	0.76669
469 A	0.18519	0.04830	0.76652
470 A	0.18548	0.04656	0.76796
471 T	0.18659	0.04390	0.76951
472 A	0.18713	0.04215	0.77072
473 T	0.18828	0.04019	0.77152
474 A	0.18884	0.03927	0.77189
475 T	0.18979	0.03790	0.77231
476 T	0.19013	0.03715	0.77271
477 A	0.19019	0.03687	0.77294
478 T	0.19033	0.03627	0.7734
479 C	0.19044	0.03560	0.77396
480 A	0.19053	0.03541	0.77405
481 A	0.19071	0.03513	0.77417
482 A	0.19136	0.03430	0.77434
483 T	0.19217	0.03323	0.77461
484 A	0.19263	0.03262	0.77475
485 A	0.19354	0.03007	0.77639
486 A	0.19567	0.02408	0.78024
487 T	0.19793	0.01648	0.78559
488 A	0.19943	0.01106	0.78951
489 A	0.20298	0.00000	0.79702
