# lcl|CP097583.1_cds_USQ93505.1_1
# AA	inside	membr	outside
1 A	0.49929	0.00000	0.50071
2 T	0.49845	0.00084	0.50071
3 G	0.49819	0.00110	0.50071
4 T	0.49819	0.00762	0.49418
5 T	0.49399	0.02254	0.48347
6 T	0.49399	0.02505	0.48096
7 T	0.40982	0.11077	0.47941
8 T	0.40981	0.11086	0.47933
9 A	0.35501	0.16935	0.47564
10 G	0.35488	0.35925	0.28586
11 G	0.33898	0.39704	0.26398
12 A	0.20700	0.53678	0.25622
13 A	0.09205	0.67158	0.23636
14 G	0.09203	0.67161	0.23636
15 A	0.09203	0.80919	0.09878
16 A	0.09097	0.81025	0.09877
17 A	0.08947	0.81315	0.09738
18 A	0.08943	0.81717	0.0934
19 A	0.08895	0.81971	0.09134
20 A	0.08422	0.86399	0.05178
21 A	0.08010	0.86826	0.05163
22 G	0.08028	0.87194	0.04777
23 A	0.08119	0.87725	0.04156
24 A	0.08281	0.88360	0.0336
25 T	0.08598	0.87511	0.03891
26 T	0.08586	0.87524	0.0389
27 A	0.08626	0.87243	0.04131
28 A	0.08918	0.87123	0.03958
29 A	0.08941	0.86689	0.04369
30 A	0.09524	0.79652	0.10824
31 G	0.09917	0.77888	0.12195
32 A	0.11249	0.71735	0.17016
33 A	0.28712	0.52469	0.18819
34 T	0.31978	0.46595	0.21427
35 T	0.33989	0.34557	0.31454
36 G	0.34796	0.26768	0.38436
37 C	0.34853	0.26642	0.38505
38 A	0.41035	0.20983	0.37981
39 A	0.38506	0.23988	0.37506
40 G	0.38498	0.24099	0.37403
41 C	0.38926	0.23852	0.37222
42 A	0.38389	0.24815	0.36797
43 A	0.41314	0.21946	0.3674
44 A	0.39280	0.26444	0.34277
45 A	0.38798	0.27625	0.33577
46 A	0.39392	0.27277	0.33332
47 T	0.41392	0.24909	0.33699
48 T	0.41442	0.25042	0.33516
49 G	0.40486	0.26232	0.33282
50 A	0.40285	0.26837	0.32877
51 T	0.40642	0.26269	0.33088
52 T	0.39672	0.27081	0.33247
53 C	0.35108	0.31576	0.33315
54 T	0.34351	0.32513	0.33136
55 C	0.33197	0.33662	0.33141
56 A	0.32790	0.34091	0.33119
57 A	0.32672	0.34187	0.3314
58 T	0.32965	0.33844	0.33191
59 C	0.33309	0.32951	0.33739
60 T	0.33551	0.32467	0.33982
61 T	0.33803	0.31591	0.34606
62 G	0.33721	0.29804	0.36475
63 T	0.33731	0.29596	0.36673
64 G	0.33720	0.29528	0.36752
65 A	0.33935	0.28299	0.37766
66 A	0.34328	0.26993	0.38679
67 T	0.36898	0.22064	0.41039
68 T	0.37552	0.20065	0.42384
69 A	0.37699	0.19480	0.4282
70 G	0.37923	0.18598	0.43479
71 G	0.38336	0.17342	0.44322
72 A	0.38747	0.16162	0.45091
73 A	0.39321	0.14776	0.45903
74 T	0.39537	0.13758	0.46705
75 T	0.39605	0.11982	0.48412
76 G	0.39642	0.07837	0.52521
77 T	0.39807	0.07005	0.53188
78 T	0.39760	0.06620	0.53619
79 T	0.39522	0.07263	0.53216
80 A	0.39196	0.08558	0.52246
81 T	0.38807	0.10167	0.51026
82 G	0.36845	0.13643	0.49512
83 G	0.35493	0.17298	0.47209
84 G	0.34537	0.24752	0.40711
85 A	0.34276	0.36392	0.29332
86 T	0.34240	0.39831	0.25929
87 T	0.32180	0.42222	0.25599
88 A	0.30450	0.44262	0.25287
89 G	0.29694	0.45078	0.25228
90 G	0.28397	0.46505	0.25097
91 C	0.27837	0.47127	0.25037
92 A	0.27114	0.48292	0.24594
93 A	0.26038	0.49676	0.24286
94 G	0.25294	0.50618	0.24088
95 T	0.24956	0.51032	0.24012
96 T	0.24295	0.51817	0.23888
97 G	0.22914	0.53382	0.23705
98 G	0.22161	0.54482	0.23358
99 C	0.21898	0.55226	0.22876
100 A	0.21782	0.55475	0.22742
101 A	0.21408	0.55895	0.22698
102 A	0.21872	0.55360	0.22768
103 A	0.23211	0.53765	0.23024
104 C	0.25229	0.51363	0.23408
105 A	0.27323	0.47283	0.25394
106 A	0.30035	0.43066	0.26898
107 C	0.36923	0.34964	0.28113
108 T	0.48533	0.23109	0.28358
109 T	0.51344	0.20259	0.28397
110 T	0.51492	0.18310	0.30198
111 A	0.50893	0.18443	0.30663
112 T	0.50235	0.19302	0.30463
113 T	0.49054	0.20493	0.30453
114 A	0.45659	0.24083	0.30258
115 A	0.42963	0.26752	0.30285
116 A	0.40682	0.28238	0.3108
117 A	0.39208	0.29098	0.31695
118 C	0.36494	0.32613	0.30893
119 A	0.29368	0.50140	0.20492
120 A	0.20669	0.66834	0.12497
121 A	0.19243	0.71414	0.09344
122 T	0.19165	0.73670	0.07165
123 A	0.18235	0.76409	0.05356
124 A	0.17243	0.78260	0.04497
125 T	0.16483	0.79440	0.04078
126 T	0.14927	0.81551	0.03523
127 A	0.12273	0.85196	0.02531
128 A	0.10791	0.87296	0.01913
129 A	0.10247	0.88083	0.0167
130 A	0.09934	0.88451	0.01615
131 A	0.09749	0.88578	0.01673
132 A	0.09764	0.88410	0.01826
133 A	0.10134	0.87668	0.02198
134 A	0.10971	0.85823	0.03206
135 C	0.11734	0.83792	0.04474
136 A	0.12734	0.81988	0.05278
137 A	0.13732	0.78745	0.07524
138 A	0.14997	0.75040	0.09963
139 G	0.16374	0.71324	0.12302
140 G	0.17894	0.68638	0.13468
141 A	0.21088	0.62662	0.1625
142 A	0.32625	0.43846	0.23529
143 T	0.42345	0.24180	0.33475
144 T	0.45611	0.18418	0.35971
145 T	0.47882	0.15182	0.36936
146 A	0.49057	0.13516	0.37427
147 T	0.50487	0.10680	0.38833
148 T	0.50954	0.09049	0.39998
149 T	0.51105	0.07638	0.41257
150 T	0.51060	0.06731	0.42209
151 T	0.50514	0.06780	0.42706
152 T	0.49139	0.08225	0.42636
153 A	0.42177	0.15613	0.42209
154 G	0.31741	0.26703	0.41556
155 C	0.26270	0.33530	0.40201
156 T	0.23166	0.43792	0.33043
157 G	0.17123	0.61001	0.21875
158 A	0.13669	0.69320	0.17012
159 T	0.11568	0.73623	0.14809
160 A	0.08972	0.76687	0.14342
161 A	0.06712	0.79306	0.13983
162 A	0.05326	0.80888	0.13787
163 A	0.04580	0.81773	0.13648
164 C	0.04373	0.82139	0.13489
165 A	0.04268	0.83052	0.1268
166 G	0.04272	0.83848	0.1188
167 G	0.04379	0.84793	0.10828
168 A	0.04568	0.85253	0.10179
169 A	0.05020	0.85076	0.09905
170 T	0.05660	0.84406	0.09933
171 T	0.06189	0.83601	0.1021
172 G	0.06395	0.82932	0.10672
173 A	0.06692	0.82129	0.11179
174 A	0.06867	0.80958	0.12175
175 A	0.07196	0.79314	0.13489
176 A	0.08175	0.72515	0.1931
177 A	0.10301	0.61086	0.28614
178 A	0.12634	0.53431	0.33934
179 A	0.19748	0.43376	0.36875
180 T	0.30144	0.27414	0.42442
181 T	0.33823	0.21146	0.45031
182 T	0.34483	0.20262	0.45255
183 A	0.31997	0.26138	0.41865
184 G	0.31016	0.30816	0.38168
185 A	0.30277	0.39757	0.29967
186 A	0.29875	0.51653	0.18472
187 A	0.30076	0.58662	0.11262
188 A	0.31083	0.60116	0.08801
189 A	0.32192	0.60845	0.06963
190 T	0.33424	0.59826	0.0675
191 T	0.33468	0.59867	0.06666
192 A	0.30256	0.63118	0.06626
193 T	0.29569	0.63814	0.06618
194 C	0.28617	0.64795	0.06587
195 A	0.27507	0.65908	0.06585
196 G	0.26221	0.67131	0.06648
197 A	0.25157	0.68194	0.06649
198 A	0.24307	0.69117	0.06576
199 C	0.23307	0.70311	0.06383
200 A	0.22427	0.72011	0.05563
201 A	0.22455	0.72590	0.04954
202 A	0.23284	0.71856	0.0486
203 T	0.24833	0.70228	0.04939
204 A	0.25850	0.69119	0.05031
205 A	0.28410	0.65468	0.06121
206 C	0.34189	0.56668	0.09143
207 C	0.40153	0.49666	0.10182
208 G	0.48332	0.41112	0.10557
209 C	0.60461	0.28776	0.10762
210 T	0.67732	0.21545	0.10722
211 T	0.69610	0.19699	0.10691
212 A	0.70527	0.18773	0.10699
213 T	0.70812	0.18204	0.10984
214 T	0.70936	0.17585	0.11479
215 T	0.70963	0.14404	0.14633
216 T	0.70922	0.13532	0.15546
217 A	0.70813	0.12732	0.16455
218 A	0.70581	0.11843	0.17576
219 A	0.69678	0.11281	0.19041
220 G	0.68950	0.10646	0.20404
221 A	0.68460	0.10192	0.21347
222 G	0.68595	0.08846	0.22558
223 A	0.69359	0.07580	0.23061
224 G	0.69961	0.07044	0.22995
225 T	0.70131	0.07060	0.22808
226 T	0.70131	0.07524	0.22345
227 T	0.70097	0.08064	0.21838
228 T	0.70027	0.08618	0.21355
229 A	0.69862	0.09231	0.20906
230 T	0.69809	0.09456	0.20736
231 T	0.69734	0.09537	0.20729
232 T	0.69695	0.09566	0.20739
233 C	0.69581	0.09689	0.2073
234 A	0.69535	0.09768	0.20696
235 C	0.69531	0.09751	0.20718
236 C	0.69511	0.09829	0.2066
237 T	0.69534	0.09923	0.20543
238 T	0.69577	0.09985	0.20438
239 T	0.69528	0.10174	0.20298
240 T	0.69177	0.10601	0.20222
241 A	0.68658	0.11095	0.20247
242 G	0.68570	0.10218	0.21213
243 A	0.68671	0.09370	0.2196
244 G	0.68887	0.08517	0.22596
245 A	0.69212	0.08100	0.22687
246 T	0.70032	0.07248	0.22719
247 T	0.70632	0.06659	0.22709
248 A	0.70974	0.06328	0.22698
249 T	0.71462	0.05786	0.22752
250 T	0.71850	0.05323	0.22827
251 A	0.72114	0.04967	0.22919
252 T	0.72500	0.04411	0.2309
253 T	0.72684	0.04124	0.23191
254 C	0.72657	0.04043	0.233
255 A	0.72607	0.04088	0.23305
256 T	0.72658	0.03974	0.23368
257 T	0.72656	0.03933	0.2341
258 A	0.72642	0.03908	0.23449
259 T	0.72719	0.03697	0.23584
260 T	0.72805	0.03152	0.24043
261 C	0.72874	0.02470	0.24655
262 T	0.73050	0.02172	0.24778
263 C	0.73100	0.01903	0.24997
264 T	0.73160	0.01704	0.25136
265 T	0.72974	0.01935	0.2509
266 T	0.72437	0.02484	0.25078
267 T	0.71713	0.03226	0.25061
268 A	0.70514	0.04496	0.2499
269 T	0.69468	0.05523	0.25008
270 C	0.66991	0.08040	0.24969
271 T	0.64311	0.11416	0.24273
272 T	0.59029	0.18785	0.22186
273 A	0.46673	0.35395	0.17932
274 A	0.33273	0.53647	0.1308
275 A	0.22164	0.69863	0.07972
276 A	0.14755	0.78233	0.07012
277 A	0.12624	0.80941	0.06435
278 A	0.10894	0.83033	0.06072
279 A	0.09723	0.84400	0.05877
280 C	0.09253	0.84932	0.05815
281 A	0.08965	0.85579	0.05456
282 A	0.08531	0.86185	0.05284
283 A	0.08309	0.86477	0.05213
284 A	0.08163	0.86646	0.05191
285 T	0.08078	0.86720	0.05202
286 A	0.07906	0.86774	0.0532
287 A	0.07734	0.86781	0.05486
288 A	0.07659	0.86526	0.05815
289 A	0.07604	0.85974	0.06423
290 A	0.07608	0.85173	0.07219
291 A	0.07676	0.83789	0.08535
292 A	0.07829	0.82046	0.10125
293 A	0.08172	0.78329	0.13499
294 G	0.09113	0.73539	0.17348
295 A	0.11292	0.66360	0.22349
296 A	0.15379	0.51759	0.32862
297 A	0.19651	0.35503	0.44846
298 A	0.24299	0.20303	0.55399
299 C	0.25694	0.11511	0.62796
300 A	0.26615	0.10173	0.63212
301 T	0.27355	0.08501	0.64145
302 T	0.27663	0.07802	0.64535
303 T	0.27765	0.07757	0.64478
304 T	0.27889	0.07912	0.64199
305 T	0.27942	0.07850	0.64208
306 G	0.27926	0.08029	0.64045
307 T	0.27936	0.08783	0.63281
308 T	0.27913	0.08848	0.63239
309 A	0.27770	0.08945	0.63285
310 G	0.27750	0.08862	0.63388
311 T	0.27782	0.08860	0.63358
312 C	0.27768	0.09014	0.63218
313 A	0.27787	0.09497	0.62716
314 T	0.27919	0.09504	0.62578
315 T	0.27961	0.09896	0.62143
316 G	0.27861	0.10781	0.61358
317 A	0.27802	0.11750	0.60448
318 T	0.27886	0.11978	0.60136
319 G	0.27952	0.12274	0.59775
320 A	0.28153	0.12414	0.59433
321 A	0.28677	0.12209	0.59113
322 T	0.29713	0.11215	0.59072
323 T	0.31140	0.09859	0.59001
324 T	0.31977	0.09169	0.58854
325 T	0.32463	0.08993	0.58545
326 C	0.32741	0.08870	0.58389
327 T	0.33150	0.09063	0.57788
328 T	0.33534	0.09798	0.56668
329 A	0.33813	0.11541	0.54646
330 T	0.34633	0.12837	0.5253
331 T	0.34840	0.14556	0.50603
332 T	0.34888	0.16133	0.48979
333 A	0.34512	0.18153	0.47334
334 A	0.34326	0.18997	0.46677
335 T	0.34355	0.19339	0.46306
336 T	0.34598	0.19381	0.46021
337 A	0.34622	0.19448	0.45931
338 A	0.35027	0.19127	0.45846
339 A	0.35811	0.18329	0.45859
340 T	0.36684	0.17337	0.4598
341 C	0.36903	0.17116	0.45981
342 T	0.37051	0.16972	0.45976
343 G	0.37017	0.17016	0.45967
344 A	0.37207	0.16837	0.45955
345 T	0.37336	0.16712	0.45952
346 C	0.37403	0.16643	0.45954
347 A	0.37609	0.16437	0.45953
348 T	0.38140	0.15898	0.45962
349 G	0.38185	0.15861	0.45953
350 C	0.38070	0.16001	0.45929
351 G	0.38625	0.15590	0.45785
352 A	0.40694	0.13634	0.45672
353 T	0.43603	0.10743	0.45654
354 T	0.45448	0.08972	0.45579
355 T	0.46192	0.08217	0.45591
356 T	0.45332	0.08667	0.46001
357 A	0.42922	0.10956	0.46122
358 T	0.40609	0.13239	0.46152
359 C	0.37778	0.16085	0.46137
360 A	0.36244	0.18292	0.45464
361 A	0.35515	0.20218	0.44266
362 T	0.35041	0.21315	0.43644
363 T	0.34166	0.22239	0.43596
364 T	0.31733	0.24781	0.43486
365 T	0.28825	0.27670	0.43506
366 T	0.26107	0.30286	0.43607
367 C	0.22677	0.33707	0.43616
368 A	0.20569	0.36030	0.43402
369 A	0.19426	0.37281	0.43293
370 A	0.18869	0.38004	0.43127
371 A	0.18646	0.38273	0.4308
372 A	0.18529	0.38358	0.43114
373 A	0.18442	0.37777	0.43781
374 T	0.18503	0.37123	0.44374
375 T	0.18405	0.37134	0.44461
376 A	0.18272	0.37452	0.44276
377 A	0.18262	0.37177	0.44562
378 A	0.18238	0.36607	0.45155
379 G	0.18270	0.34762	0.46969
380 A	0.18515	0.33140	0.48345
381 T	0.18684	0.31566	0.4975
382 G	0.18579	0.30906	0.50515
383 A	0.19058	0.30742	0.502
384 A	0.20127	0.30167	0.49705
385 T	0.20732	0.29357	0.49911
386 A	0.20623	0.29998	0.49379
387 T	0.20660	0.28865	0.50475
388 T	0.20486	0.30169	0.49345
389 T	0.20000	0.32220	0.4778
390 G	0.18142	0.38673	0.43185
391 A	0.17024	0.45050	0.37925
392 A	0.16532	0.47355	0.36113
393 T	0.16176	0.48612	0.35212
394 G	0.15632	0.49144	0.35224
395 A	0.15228	0.49614	0.35158
396 A	0.15101	0.49683	0.35216
397 A	0.15193	0.49496	0.35311
398 C	0.15431	0.49069	0.355
399 A	0.15853	0.48903	0.35243
400 A	0.16352	0.48612	0.35036
401 A	0.16989	0.48244	0.34766
402 A	0.17664	0.47778	0.34558
403 A	0.18704	0.46943	0.34353
404 T	0.20500	0.45058	0.34442
405 T	0.22321	0.43185	0.34494
406 A	0.23550	0.42313	0.34137
407 A	0.25059	0.40895	0.34046
408 A	0.27028	0.38890	0.34082
409 A	0.30660	0.34894	0.34446
410 T	0.36870	0.28234	0.34896
411 T	0.43530	0.21128	0.35342
412 A	0.46231	0.18002	0.35767
413 T	0.50726	0.11879	0.37395
414 T	0.53422	0.08188	0.38391
415 T	0.53887	0.07188	0.38925
416 T	0.52574	0.08075	0.39351
417 A	0.47954	0.12348	0.39698
418 T	0.45896	0.14067	0.40037
419 C	0.42076	0.17741	0.40183
420 A	0.38086	0.21854	0.40061
421 G	0.35295	0.24791	0.39914
422 G	0.33412	0.26747	0.39841
423 A	0.32638	0.27545	0.39817
424 A	0.32305	0.27896	0.39799
425 G	0.32364	0.27760	0.39876
426 C	0.32570	0.27500	0.39931
427 C	0.32793	0.27271	0.39936
428 A	0.33019	0.27060	0.39921
429 T	0.33492	0.26569	0.39939
430 C	0.33534	0.26541	0.39924
431 T	0.33574	0.26547	0.39878
432 A	0.33381	0.26861	0.39759
433 G	0.33365	0.26857	0.39777
434 G	0.33411	0.26737	0.39851
435 T	0.33578	0.26452	0.39969
436 T	0.33644	0.25917	0.40439
437 T	0.33682	0.25287	0.41031
438 A	0.33569	0.24817	0.41613
439 A	0.33464	0.22662	0.43874
440 T	0.33253	0.17645	0.49102
441 G	0.33009	0.15796	0.51195
442 A	0.32845	0.15226	0.51929
443 G	0.32832	0.15849	0.5132
444 A	0.32927	0.18516	0.48557
445 G	0.32986	0.19444	0.4757
446 A	0.33024	0.21318	0.45659
447 T	0.33070	0.22202	0.44728
448 A	0.33084	0.23501	0.43416
449 T	0.33097	0.24119	0.42784
450 A	0.33086	0.24566	0.42348
451 G	0.33103	0.24432	0.42465
452 A	0.33117	0.24402	0.42481
453 T	0.33175	0.24225	0.42601
454 A	0.33208	0.24158	0.42633
455 C	0.33327	0.23842	0.42832
456 T	0.33403	0.24037	0.4256
457 T	0.33433	0.24936	0.41631
458 A	0.33432	0.26696	0.39873
459 T	0.33411	0.28732	0.37858
460 A	0.33387	0.30386	0.36228
461 A	0.33443	0.31095	0.35462
462 A	0.33586	0.30975	0.3544
463 G	0.33971	0.30256	0.35773
464 A	0.34817	0.29218	0.35965
465 A	0.37503	0.26353	0.36144
466 C	0.42292	0.21425	0.36283
467 C	0.47617	0.16064	0.36319
468 T	0.50824	0.12842	0.36334
469 C	0.52731	0.10947	0.36322
470 T	0.53831	0.09929	0.3624
471 T	0.54463	0.09376	0.36161
472 T	0.54708	0.09142	0.3615
473 A	0.54669	0.09177	0.36154
474 T	0.54620	0.09224	0.36156
475 T	0.54365	0.09493	0.36142
476 C	0.53535	0.10409	0.36056
477 G	0.52201	0.12427	0.35372
478 A	0.51496	0.13287	0.35217
479 G	0.51496	0.13330	0.35173
480 A	0.52215	0.12703	0.35083
481 A	0.53964	0.10942	0.35094
482 C	0.56056	0.08765	0.35179
483 T	0.57633	0.07161	0.35206
484 A	0.58312	0.06496	0.35193
485 C	0.58505	0.06284	0.35211
486 T	0.58567	0.06250	0.35183
487 T	0.58590	0.06267	0.35143
488 T	0.58582	0.06297	0.3512
489 T	0.58523	0.06389	0.35088
490 A	0.58398	0.06554	0.35048
491 A	0.58328	0.06644	0.35028
492 A	0.58305	0.06652	0.35043
493 T	0.58344	0.06576	0.3508
494 T	0.58321	0.06539	0.3514
495 A	0.58218	0.06553	0.35229
496 A	0.58214	0.06372	0.35414
497 A	0.58230	0.06195	0.35575
498 A	0.58274	0.05845	0.3588
499 A	0.58393	0.05006	0.36601
500 T	0.59093	0.03104	0.37802
501 T	0.59217	0.02324	0.38459
502 A	0.59224	0.02042	0.38735
503 T	0.59279	0.01747	0.38974
504 G	0.59276	0.01685	0.39038
505 C	0.59287	0.01665	0.39048
506 C	0.59321	0.01667	0.39013
507 T	0.59399	0.01675	0.38926
508 T	0.59425	0.01810	0.38766
509 T	0.59455	0.02115	0.3843
510 T	0.59461	0.02303	0.38236
511 G	0.59447	0.02431	0.38122
512 A	0.59454	0.02490	0.38056
513 T	0.59483	0.02405	0.38112
514 T	0.59502	0.02323	0.38174
515 A	0.59494	0.02297	0.38208
516 T	0.59516	0.02222	0.38262
517 G	0.59514	0.02153	0.38333
518 C	0.59527	0.02074	0.38398
519 A	0.59564	0.02083	0.38353
520 G	0.59626	0.02022	0.38351
521 A	0.59697	0.01954	0.38349
522 A	0.59791	0.01861	0.38347
523 T	0.59910	0.01738	0.38352
524 C	0.59949	0.01658	0.38394
525 T	0.59985	0.01597	0.38418
526 G	0.60016	0.01563	0.38421
527 C	0.60089	0.01487	0.38424
528 T	0.60214	0.01371	0.38416
529 T	0.60342	0.01256	0.38401
530 T	0.60451	0.01166	0.38383
531 G	0.60576	0.01074	0.3835
532 T	0.60856	0.00838	0.38306
533 T	0.60993	0.00759	0.38247
534 T	0.61052	0.00708	0.3824
535 T	0.61045	0.00718	0.38238
536 A	0.61001	0.00764	0.38234
537 T	0.60889	0.00875	0.38236
538 C	0.60429	0.01370	0.38202
539 C	0.59991	0.02015	0.37993
540 T	0.59599	0.02560	0.37841
541 A	0.59208	0.03118	0.37675
542 A	0.58923	0.03469	0.37608
543 T	0.58817	0.03616	0.37567
544 C	0.58636	0.03827	0.37537
545 T	0.58559	0.03953	0.37487
546 A	0.58491	0.04069	0.3744
547 A	0.58460	0.04103	0.37437
548 G	0.58422	0.04141	0.37436
549 T	0.58407	0.04157	0.37436
550 T	0.58352	0.04213	0.37435
551 C	0.58255	0.04310	0.37435
552 A	0.58101	0.04478	0.37421
553 G	0.58007	0.04591	0.37402
554 T	0.57993	0.04616	0.37391
555 A	0.57866	0.04772	0.37363
556 G	0.57848	0.04798	0.37354
557 A	0.57834	0.04769	0.37397
558 T	0.57824	0.04660	0.37516
559 A	0.57779	0.04605	0.37616
560 A	0.57784	0.04442	0.37774
561 A	0.57848	0.03923	0.38228
562 A	0.58066	0.03198	0.38736
563 T	0.58256	0.02514	0.3923
564 T	0.58436	0.01907	0.39658
565 C	0.58498	0.01552	0.3995
566 T	0.58536	0.01463	0.40001
567 T	0.58547	0.01409	0.40044
568 T	0.58549	0.01426	0.40024
569 T	0.58551	0.01476	0.39973
570 T	0.58532	0.01682	0.39787
571 T	0.58505	0.01917	0.39578
572 A	0.58472	0.02145	0.39383
573 T	0.58463	0.02199	0.39338
574 A	0.58453	0.02216	0.39331
575 G	0.58454	0.02120	0.39426
576 T	0.58461	0.02079	0.3946
577 A	0.58460	0.02082	0.39458
578 T	0.58483	0.01931	0.39587
579 T	0.58484	0.01872	0.39644
580 T	0.58473	0.01850	0.39676
581 T	0.58446	0.01856	0.39698
582 T	0.58406	0.01859	0.39734
583 G	0.58359	0.01899	0.39743
584 G	0.58334	0.01928	0.39738
585 T	0.58323	0.01951	0.39727
586 G	0.58296	0.01997	0.39707
587 G	0.58280	0.02058	0.39662
588 A	0.58258	0.02093	0.3965
589 A	0.58283	0.02061	0.39656
590 T	0.58360	0.01962	0.39678
591 G	0.58437	0.01851	0.39713
592 C	0.58565	0.01690	0.39744
593 C	0.58806	0.01439	0.39755
594 T	0.59105	0.01190	0.39706
595 T	0.59226	0.01167	0.39606
596 T	0.59182	0.01395	0.39423
597 A	0.58822	0.02072	0.39106
598 T	0.58441	0.02697	0.38863
599 T	0.57894	0.03429	0.38676
600 T	0.57478	0.04152	0.3837
601 T	0.56673	0.05050	0.38276
602 T	0.55082	0.06796	0.38122
603 A	0.52055	0.09882	0.38063
604 T	0.50601	0.11441	0.37958
605 C	0.46188	0.15928	0.37884
606 T	0.43662	0.18641	0.37697
607 C	0.41515	0.20994	0.37492
608 A	0.39530	0.23110	0.3736
609 A	0.38551	0.24147	0.37302
610 A	0.38072	0.24649	0.37278
611 T	0.37675	0.25045	0.3728
612 C	0.37109	0.25631	0.3726
613 A	0.36551	0.26336	0.37113
614 A	0.36288	0.26796	0.36916
615 A	0.36100	0.27234	0.36666
616 A	0.35902	0.27739	0.36359
617 A	0.35887	0.27900	0.36214
618 A	0.35977	0.27715	0.36308
619 A	0.36146	0.27282	0.36571
620 A	0.36461	0.26251	0.37287
621 T	0.36720	0.24735	0.38544
622 C	0.36813	0.23567	0.3962
623 A	0.36744	0.23539	0.39718
624 A	0.36610	0.23518	0.39872
625 A	0.36586	0.22987	0.40427
626 G	0.36598	0.20531	0.42871
627 T	0.36802	0.19847	0.4335
628 T	0.36858	0.16473	0.46668
629 T	0.36829	0.16144	0.47027
630 A	0.36688	0.17115	0.46197
631 T	0.36629	0.18038	0.45333
632 T	0.36505	0.17883	0.45612
633 A	0.36285	0.17973	0.45743
634 T	0.36207	0.17710	0.46083
635 A	0.36078	0.17562	0.4636
636 C	0.36125	0.17069	0.46806
637 A	0.36279	0.16988	0.46733
638 A	0.36523	0.16688	0.46789
639 T	0.36823	0.16301	0.46876
640 C	0.36938	0.16300	0.46762
641 T	0.36989	0.16437	0.46574
642 T	0.37000	0.16992	0.46008
643 A	0.36992	0.17829	0.45179
644 A	0.37005	0.18024	0.44971
645 A	0.37088	0.18107	0.44805
646 A	0.37506	0.17421	0.45073
647 A	0.38437	0.16231	0.45332
648 T	0.40391	0.13974	0.45635
649 A	0.41913	0.12347	0.45741
650 T	0.44519	0.09641	0.45839
651 T	0.46426	0.07697	0.45876
652 T	0.47501	0.06606	0.45894
653 T	0.48193	0.05919	0.45889
654 T	0.48571	0.05807	0.45622
655 T	0.48137	0.06250	0.45612
656 T	0.46728	0.07740	0.45531
657 A	0.43464	0.11474	0.45062
658 A	0.41147	0.14405	0.44449
659 C	0.39305	0.16822	0.43873
660 T	0.38047	0.18830	0.43122
661 G	0.34524	0.22820	0.42656
662 A	0.33205	0.24486	0.42309
663 T	0.32800	0.24990	0.4221
664 C	0.32057	0.25749	0.42194
665 C	0.32077	0.25760	0.42163
666 T	0.32284	0.25626	0.4209
667 A	0.31971	0.26017	0.42011
668 C	0.31874	0.26139	0.41987
669 T	0.31730	0.26328	0.41942
670 A	0.31482	0.26631	0.41887
671 A	0.31398	0.26732	0.4187
672 A	0.31245	0.26882	0.41873
673 A	0.31235	0.26880	0.41885
674 T	0.31360	0.26566	0.42074
675 T	0.31454	0.26225	0.42321
676 G	0.31539	0.25842	0.4262
677 A	0.31793	0.25156	0.43051
678 A	0.31902	0.24246	0.43853
679 A	0.32079	0.22416	0.45506
680 G	0.32553	0.18937	0.48511
681 A	0.33261	0.16104	0.50635
682 G	0.33884	0.13489	0.52628
683 A	0.34693	0.11224	0.54083
684 T	0.35485	0.06799	0.57716
685 T	0.35926	0.04852	0.59223
686 T	0.36032	0.03938	0.6003
687 T	0.36035	0.03132	0.60833
688 T	0.36005	0.02698	0.61296
689 C	0.35980	0.02087	0.61934
690 T	0.35994	0.01860	0.62147
691 T	0.35946	0.01905	0.62149
692 T	0.35887	0.01881	0.62232
693 T	0.35703	0.01921	0.62376
694 T	0.35303	0.02301	0.62396
695 T	0.34248	0.03148	0.62605
696 C	0.30598	0.06783	0.62619
697 C	0.28775	0.08930	0.62295
698 T	0.28186	0.10231	0.61583
699 T	0.27374	0.11766	0.60861
700 G	0.25747	0.14318	0.59935
701 G	0.24834	0.16584	0.58581
702 T	0.24374	0.18486	0.57141
703 G	0.23462	0.23469	0.53068
704 A	0.22471	0.26980	0.50549
705 A	0.21917	0.28668	0.49415
706 G	0.21522	0.30245	0.48233
707 A	0.21339	0.31741	0.4692
708 A	0.21206	0.33487	0.45307
709 A	0.21114	0.34946	0.43939
710 A	0.21050	0.36624	0.42326
711 T	0.21064	0.37777	0.41158
712 A	0.21007	0.40932	0.38062
713 G	0.21026	0.42201	0.36772
714 A	0.21105	0.44270	0.34625
715 A	0.21137	0.45155	0.33708
716 A	0.21173	0.45359	0.33468
717 A	0.21275	0.44863	0.33862
718 A	0.21508	0.43243	0.35249
719 G	0.21768	0.38364	0.39869
720 T	0.22353	0.35491	0.42156
721 C	0.22695	0.34707	0.42599
722 A	0.23149	0.37260	0.39591
723 A	0.23977	0.40167	0.35855
724 A	0.25276	0.39571	0.35153
725 A	0.26705	0.38198	0.35097
726 T	0.31054	0.33404	0.35542
727 T	0.33276	0.30493	0.36231
728 A	0.33918	0.29909	0.36173
729 T	0.34888	0.28543	0.36569
730 G	0.35420	0.27815	0.36765
731 A	0.36557	0.26539	0.36903
732 A	0.37743	0.25203	0.37054
733 C	0.39554	0.23215	0.3723
734 C	0.41028	0.21691	0.37281
735 T	0.44666	0.18025	0.3731
736 C	0.46089	0.16602	0.3731
737 T	0.48294	0.14436	0.37269
738 T	0.49028	0.13790	0.37182
739 T	0.49194	0.13804	0.37002
740 T	0.49054	0.14362	0.36585
741 G	0.48546	0.15154	0.363
742 A	0.48272	0.15623	0.36105
743 A	0.48326	0.15520	0.36154
744 A	0.48726	0.14861	0.36412
745 C	0.52252	0.11121	0.36627
746 T	0.57060	0.06352	0.36588
747 T	0.58151	0.05280	0.36568
748 T	0.58404	0.04957	0.36639
749 T	0.58454	0.04917	0.36629
750 A	0.58451	0.04938	0.36612
751 T	0.58683	0.04422	0.36896
752 C	0.58355	0.04519	0.37126
753 T	0.57888	0.04729	0.37383
754 T	0.56661	0.05975	0.37364
755 C	0.51542	0.11362	0.37096
756 T	0.46594	0.18402	0.35004
757 A	0.36248	0.32492	0.3126
758 A	0.29967	0.40571	0.29463
759 A	0.28296	0.43109	0.28596
760 A	0.27460	0.44525	0.28015
761 A	0.26764	0.45221	0.28015
762 A	0.26776	0.45134	0.28089
763 A	0.27128	0.44618	0.28254
764 A	0.27422	0.43863	0.28714
765 C	0.27744	0.43216	0.2904
766 T	0.27964	0.42946	0.29091
767 T	0.28032	0.42873	0.29096
768 T	0.28048	0.42872	0.29079
769 C	0.28064	0.42870	0.29066
770 A	0.28087	0.42885	0.29028
771 A	0.28101	0.42852	0.29046
772 T	0.28146	0.42744	0.29109
773 T	0.28187	0.42672	0.29141
774 A	0.28177	0.42673	0.29149
775 A	0.28207	0.42044	0.29748
776 A	0.28343	0.41015	0.30642
777 A	0.28610	0.38844	0.32547
778 G	0.29169	0.32287	0.38544
779 A	0.31446	0.24663	0.43891
780 T	0.35291	0.11990	0.52719
781 T	0.36872	0.05124	0.58003
782 T	0.37488	0.03520	0.58992
783 A	0.37809	0.03247	0.58944
784 T	0.37894	0.02581	0.59525
785 C	0.37921	0.02528	0.59551
786 T	0.37956	0.02938	0.59106
787 T	0.37972	0.03099	0.58929
788 C	0.37971	0.03185	0.58844
789 T	0.37985	0.03972	0.58043
790 T	0.37955	0.05185	0.5686
791 C	0.37338	0.06622	0.5604
792 T	0.36612	0.12333	0.51055
793 T	0.35982	0.18665	0.45353
794 T	0.34846	0.24504	0.4065
795 A	0.32897	0.29915	0.37189
796 A	0.31890	0.31892	0.36217
797 A	0.30487	0.33743	0.3577
798 C	0.29732	0.34554	0.35713
799 A	0.28990	0.35354	0.35656
800 T	0.28640	0.35704	0.35656
801 A	0.28233	0.36112	0.35654
802 C	0.28156	0.36191	0.35654
803 C	0.28186	0.36164	0.35649
804 C	0.28249	0.36103	0.35648
805 A	0.28410	0.35943	0.35648
806 A	0.29075	0.35277	0.35648
807 T	0.29343	0.35009	0.35647
808 C	0.29520	0.34830	0.3565
809 C	0.30101	0.34251	0.35647
810 T	0.30511	0.33836	0.35653
811 A	0.30476	0.33875	0.35649
812 A	0.31201	0.33133	0.35666
813 T	0.32996	0.31260	0.35744
814 C	0.33973	0.29467	0.36559
815 T	0.38286	0.24120	0.37593
816 A	0.42949	0.18708	0.38343
817 G	0.47441	0.13078	0.39482
818 T	0.50739	0.08271	0.40991
819 T	0.51531	0.06745	0.41725
820 G	0.51619	0.05346	0.43035
821 T	0.51450	0.05061	0.43488
822 T	0.51029	0.05339	0.43633
823 T	0.50440	0.06083	0.43478
824 T	0.49145	0.07921	0.42934
825 A	0.46675	0.11673	0.41652
826 T	0.44601	0.14845	0.40554
827 T	0.40405	0.20909	0.38685
828 A	0.31180	0.32939	0.35881
829 A	0.26235	0.39626	0.34139
830 A	0.24303	0.42102	0.33595
831 A	0.23370	0.43470	0.3316
832 A	0.23026	0.43932	0.33042
833 A	0.22838	0.44031	0.33132
834 T	0.22741	0.43892	0.33367
835 T	0.22365	0.44275	0.3336
836 T	0.21298	0.45467	0.33235
837 A	0.18777	0.48165	0.33058
838 G	0.16959	0.50073	0.32969
839 A	0.15463	0.51753	0.32783
840 A	0.14353	0.53023	0.32623
841 G	0.13341	0.54285	0.32374
842 A	0.12259	0.56403	0.31338
843 A	0.11252	0.58616	0.30133
844 A	0.11087	0.58752	0.30161
845 T	0.11400	0.57333	0.31267
846 G	0.10379	0.57312	0.32309
847 G	0.10243	0.55797	0.33961
848 A	0.11045	0.52729	0.36226
849 G	0.11937	0.49301	0.38763
850 A	0.13614	0.44538	0.41848
851 T	0.16310	0.34472	0.49219
852 T	0.17294	0.29971	0.52735
853 G	0.17032	0.28976	0.53993
854 T	0.16948	0.28698	0.54354
855 T	0.16133	0.29837	0.5403
856 G	0.14538	0.32114	0.53348
857 A	0.13037	0.35162	0.51801
858 A	0.11683	0.37260	0.51056
859 A	0.10599	0.39201	0.50199
860 A	0.09474	0.40673	0.49853
861 A	0.08986	0.41130	0.49884
862 G	0.08868	0.40795	0.50338
863 A	0.08954	0.40349	0.50697
864 A	0.09251	0.39380	0.51368
865 A	0.10517	0.37679	0.51804
866 T	0.12448	0.34596	0.52955
867 T	0.13061	0.33906	0.53032
868 A	0.12988	0.34613	0.52399
869 A	0.13016	0.33704	0.5328
870 T	0.13228	0.32642	0.5413
871 T	0.13512	0.31741	0.54747
872 G	0.13608	0.31316	0.55076
873 T	0.14167	0.30504	0.55328
874 A	0.14193	0.30345	0.55463
875 C	0.14347	0.29278	0.56375
876 T	0.13771	0.31084	0.55146
877 G	0.10566	0.36876	0.52558
878 A	0.08128	0.45347	0.46525
879 A	0.06544	0.54601	0.38855
880 A	0.07456	0.60363	0.3218
881 A	0.08160	0.61107	0.30733
882 A	0.09724	0.60855	0.29421
883 A	0.11714	0.60090	0.28196
884 A	0.13122	0.59836	0.27042
885 T	0.13688	0.60104	0.26209
886 A	0.11777	0.64540	0.23683
887 A	0.11170	0.66109	0.22721
888 A	0.11532	0.66131	0.22337
889 A	0.11983	0.65692	0.22325
890 A	0.12616	0.64976	0.22407
891 T	0.13800	0.63522	0.22678
892 T	0.14212	0.62953	0.22835
893 C	0.14131	0.62954	0.22915
894 A	0.13079	0.64120	0.22801
895 A	0.11958	0.65401	0.22641
896 A	0.11086	0.66484	0.2243
897 A	0.10890	0.66932	0.22177
898 A	0.11312	0.66428	0.2226
899 A	0.13243	0.63401	0.23355
900 A	0.16206	0.57043	0.26751
901 A	0.22135	0.48270	0.29594
902 C	0.30696	0.37387	0.31916
903 T	0.38495	0.29552	0.31953
904 A	0.40865	0.28296	0.30839
905 A	0.43562	0.25942	0.30495
906 T	0.46601	0.22717	0.30681
907 T	0.47921	0.21155	0.30923
908 A	0.48349	0.19889	0.31762
909 T	0.50108	0.15770	0.34121
910 T	0.50334	0.14714	0.34953
911 C	0.48921	0.16384	0.34694
912 T	0.47447	0.19268	0.33285
913 T	0.44553	0.24030	0.31418
914 T	0.38684	0.32383	0.28933
915 A	0.33766	0.38955	0.27279
916 A	0.31413	0.42386	0.26202
917 A	0.29857	0.43278	0.26864
918 A	0.29119	0.43186	0.27695
919 G	0.28575	0.42942	0.28483
920 A	0.28638	0.42630	0.28732
921 A	0.28687	0.42490	0.28822
922 A	0.28829	0.42349	0.28821
923 A	0.29139	0.41798	0.29063
924 T	0.29645	0.40838	0.29518
925 T	0.29906	0.40368	0.29726
926 A	0.30276	0.39881	0.29843
927 T	0.31280	0.38445	0.30275
928 T	0.31719	0.37781	0.305
929 T	0.31843	0.37557	0.306
930 A	0.31873	0.37487	0.3064
931 A	0.32048	0.37161	0.30791
932 A	0.32454	0.36157	0.31389
933 A	0.33511	0.34113	0.32377
934 T	0.35917	0.28637	0.35447
935 T	0.37972	0.23850	0.38177
936 T	0.39617	0.19870	0.40514
937 T	0.40952	0.15168	0.4388
938 A	0.41716	0.13498	0.44787
939 T	0.42562	0.11096	0.46342
940 T	0.42827	0.09841	0.47332
941 A	0.42969	0.09193	0.47837
942 T	0.43181	0.08488	0.48331
943 C	0.43239	0.08759	0.48002
944 G	0.43102	0.10016	0.46882
945 T	0.43354	0.11645	0.45
946 T	0.43284	0.16913	0.39803
947 T	0.42909	0.18115	0.38977
948 T	0.42262	0.20192	0.37546
949 A	0.41470	0.22178	0.36351
950 T	0.40313	0.23840	0.35847
951 C	0.38910	0.25386	0.35705
952 A	0.37985	0.26372	0.35643
953 A	0.37618	0.26749	0.35633
954 A	0.37601	0.26765	0.35633
955 C	0.37738	0.26626	0.35636
956 C	0.38057	0.26313	0.3563
957 T	0.38524	0.25849	0.35627
958 A	0.38847	0.25528	0.35625
959 A	0.39509	0.24864	0.35626
960 T	0.40908	0.23459	0.35633
961 C	0.42082	0.22223	0.35695
962 T	0.42430	0.21816	0.35754
963 T	0.42705	0.21457	0.35837
964 A	0.42785	0.21284	0.35931
965 A	0.43041	0.20941	0.36018
966 T	0.44113	0.19664	0.36223
967 C	0.45174	0.18023	0.36803
968 A	0.46747	0.16484	0.36769
969 T	0.51288	0.11747	0.36964
970 A	0.51416	0.11762	0.36822
971 T	0.52196	0.10669	0.37135
972 T	0.52191	0.10519	0.3729
973 G	0.51522	0.10130	0.38348
974 T	0.51012	0.09668	0.3932
975 T	0.50103	0.10102	0.39795
976 T	0.49050	0.11736	0.39214
977 T	0.47043	0.14373	0.38584
978 A	0.43734	0.19388	0.36878
979 A	0.40160	0.24566	0.35274
980 T	0.37639	0.28771	0.3359
981 G	0.33890	0.33165	0.32945
982 A	0.32779	0.35251	0.3197
983 A	0.32414	0.35957	0.31628
984 T	0.32240	0.36207	0.31553
985 C	0.32050	0.36488	0.31462
986 A	0.31954	0.36768	0.31278
987 T	0.31921	0.36859	0.31219
988 A	0.31860	0.36985	0.31154
989 A	0.31852	0.37007	0.31142
990 A	0.31913	0.36924	0.31163
991 A	0.32184	0.36299	0.31517
992 A	0.32511	0.35225	0.32263
993 A	0.33246	0.33646	0.33108
994 T	0.34010	0.32027	0.33963
995 T	0.34601	0.30352	0.35047
996 T	0.35036	0.28638	0.36326
997 T	0.35332	0.27051	0.37617
998 A	0.35568	0.26158	0.38273
999 T	0.36377	0.24202	0.39422
1000 G	0.36930	0.22268	0.40802
1001 A	0.38152	0.19088	0.42761
1002 A	0.39542	0.15143	0.45315
1003 A	0.41176	0.11586	0.47238
1004 T	0.42021	0.08762	0.49216
1005 T	0.43074	0.09981	0.46945
1006 T	0.43242	0.15931	0.40827
1007 T	0.42921	0.19286	0.37793
1008 T	0.42331	0.22443	0.35227
1009 A	0.41268	0.25256	0.33476
1010 T	0.39866	0.27558	0.32576
1011 C	0.35051	0.32562	0.32387
1012 G	0.31812	0.35876	0.32312
1013 A	0.29645	0.38063	0.32293
1014 A	0.28487	0.39220	0.32293
1015 C	0.28135	0.39571	0.32294
1016 C	0.27953	0.39754	0.32294
1017 C	0.27918	0.39791	0.32292
1018 C	0.27949	0.39770	0.32282
1019 A	0.28009	0.39728	0.32263
1020 A	0.28133	0.39618	0.32249
1021 T	0.28542	0.39216	0.32242
1022 T	0.28614	0.39156	0.32229
1023 A	0.28516	0.39176	0.32309
1024 G	0.28775	0.38595	0.3263
1025 A	0.29229	0.37947	0.32824
1026 A	0.29948	0.37012	0.3304
1027 C	0.31478	0.35174	0.33349
1028 A	0.35009	0.31538	0.33453
1029 A	0.41624	0.24618	0.33758
1030 T	0.45511	0.20143	0.34345
1031 T	0.47890	0.17063	0.35047
1032 T	0.48816	0.15526	0.35658
1033 A	0.48716	0.13883	0.37401
1034 T	0.48512	0.09143	0.42345
1035 T	0.47966	0.06608	0.45425
1036 T	0.47364	0.05370	0.47266
1037 C	0.46582	0.05456	0.47961
1038 T	0.46073	0.06847	0.47081
1039 T	0.45122	0.09692	0.45186
1040 T	0.43252	0.13369	0.4338
1041 A	0.41253	0.16515	0.42232
1042 G	0.39986	0.18540	0.41474
1043 A	0.38253	0.22196	0.39551
1044 A	0.37547	0.23350	0.39104
1045 T	0.37216	0.23672	0.39112
1046 T	0.36593	0.24188	0.39218
1047 T	0.35798	0.25059	0.39144
1048 G	0.33659	0.27425	0.38915
1049 A	0.32212	0.29203	0.38585
1050 A	0.31691	0.29968	0.3834
1051 A	0.31584	0.30143	0.38272
1052 A	0.31488	0.30237	0.38275
1053 A	0.31459	0.30267	0.38275
1054 A	0.31478	0.30182	0.38339
1055 T	0.31687	0.29694	0.38619
1056 A	0.31721	0.29084	0.39196
1057 T	0.31825	0.28099	0.40077
1058 G	0.31875	0.26833	0.41292
1059 C	0.32084	0.25154	0.42762
1060 C	0.32400	0.23784	0.43815
1061 G	0.33569	0.22027	0.44404
1062 T	0.35996	0.19165	0.44839
1063 T	0.38318	0.16156	0.45527
1064 T	0.39356	0.14451	0.46193
1065 G	0.39827	0.12858	0.47314
1066 T	0.41143	0.08765	0.50091
1067 T	0.41212	0.07381	0.51407
1068 T	0.40782	0.06886	0.52332
1069 C	0.39689	0.07400	0.5291
1070 T	0.38556	0.09451	0.51992
1071 A	0.36791	0.13444	0.49765
1072 A	0.35059	0.17254	0.47687
1073 T	0.33467	0.21170	0.45363
1074 T	0.29701	0.29036	0.41264
1075 A	0.26784	0.38221	0.34994
1076 A	0.24950	0.42285	0.32766
1077 G	0.23926	0.45218	0.30856
1078 A	0.23437	0.47406	0.29158
1079 A	0.23304	0.48109	0.28587
1080 A	0.23010	0.48491	0.285
1081 T	0.22839	0.48629	0.28532
1082 A	0.22353	0.49114	0.28533
1083 T	0.21858	0.49576	0.28566
1084 C	0.20511	0.51010	0.28479
1085 A	0.19905	0.52075	0.2802
1086 A	0.19377	0.53566	0.27057
1087 A	0.19115	0.54240	0.26644
1088 A	0.18992	0.54570	0.26438
1089 A	0.18942	0.54755	0.26303
1090 A	0.18906	0.54533	0.26561
1091 A	0.19034	0.53678	0.27289
1092 A	0.19523	0.51857	0.28619
1093 G	0.20926	0.48430	0.30644
1094 G	0.24030	0.43326	0.32644
1095 A	0.27179	0.38266	0.34555
1096 A	0.30419	0.32978	0.36603
1097 C	0.35068	0.24715	0.40216
1098 T	0.41269	0.17122	0.41609
1099 A	0.42946	0.14707	0.42348
1100 T	0.44616	0.12638	0.42746
1101 T	0.45558	0.12376	0.42067
1102 A	0.45461	0.14314	0.40225
1103 T	0.45229	0.14793	0.39978
1104 A	0.44269	0.16700	0.39031
1105 A	0.43728	0.17919	0.38353
1106 A	0.43474	0.17688	0.38839
1107 C	0.43343	0.16410	0.40246
1108 A	0.43250	0.16228	0.40523
1109 T	0.43964	0.15142	0.40894
1110 C	0.43895	0.14996	0.41109
1111 G	0.44006	0.14977	0.41016
1112 G	0.44109	0.14892	0.40999
1113 A	0.44250	0.14618	0.41133
1114 C	0.44404	0.14318	0.41278
1115 G	0.44714	0.14008	0.41278
1116 T	0.45092	0.13584	0.41324
1117 T	0.45376	0.13297	0.41327
1118 T	0.45604	0.13109	0.41286
1119 T	0.45671	0.13187	0.41142
1120 T	0.45579	0.13491	0.4093
1121 G	0.43985	0.15816	0.40199
1122 G	0.42942	0.17536	0.39523
1123 G	0.42180	0.18805	0.39015
1124 A	0.42591	0.18716	0.38693
1125 A	0.43676	0.17801	0.38524
1126 A	0.43956	0.17596	0.38447
1127 A	0.45015	0.15813	0.39172
1128 T	0.46045	0.14210	0.39746
1129 A	0.45864	0.14085	0.40051
1130 A	0.45741	0.13866	0.40394
1131 T	0.45830	0.13238	0.40932
1132 G	0.45730	0.12976	0.41294
1133 C	0.45515	0.12788	0.41698
1134 T	0.45410	0.12823	0.41766
1135 T	0.44700	0.13510	0.4179
1136 C	0.42048	0.16160	0.41793
1137 T	0.40526	0.17731	0.41743
1138 C	0.36277	0.22045	0.41677
1139 G	0.33430	0.25023	0.41547
1140 A	0.30947	0.27772	0.41281
1141 G	0.29733	0.29170	0.41098
1142 G	0.29688	0.29206	0.41106
1143 A	0.29811	0.29040	0.41148
1144 G	0.30550	0.26662	0.42788
1145 T	0.31439	0.24679	0.43882
1146 T	0.31834	0.23459	0.44707
1147 A	0.31887	0.23199	0.44914
1148 A	0.32071	0.22575	0.45355
1149 T	0.32362	0.21732	0.45906
1150 T	0.32303	0.21449	0.46248
1151 T	0.32108	0.21366	0.46526
1152 A	0.31836	0.21491	0.46672
1153 G	0.31734	0.21459	0.46807
1154 A	0.31687	0.21602	0.46711
1155 A	0.31621	0.21591	0.46788
1156 A	0.31602	0.21017	0.4738
1157 T	0.31650	0.20145	0.48204
1158 T	0.31660	0.18920	0.49421
1159 G	0.31621	0.16223	0.52156
1160 A	0.31684	0.15456	0.5286
1161 T	0.31804	0.12107	0.56089
1162 A	0.31919	0.10909	0.57172
1163 T	0.32201	0.09464	0.58335
1164 T	0.32379	0.09527	0.58093
1165 A	0.32350	0.12541	0.55108
1166 T	0.32243	0.14260	0.53496
1167 A	0.32095	0.17093	0.50811
1168 T	0.32096	0.18147	0.49756
1169 T	0.31845	0.19400	0.48756
1170 A	0.30774	0.22421	0.46806
1171 T	0.30564	0.24255	0.45181
1172 T	0.30261	0.27694	0.42045
1173 A	0.29644	0.36788	0.33568
1174 G	0.29515	0.38875	0.31611
1175 A	0.29565	0.40871	0.29565
1176 A	0.29668	0.41912	0.2842
1177 A	0.29889	0.42122	0.27989
1178 T	0.30122	0.41858	0.2802
1179 T	0.30153	0.41794	0.28053
1180 A	0.29819	0.42119	0.28062
1181 A	0.29611	0.42298	0.28091
1182 C	0.30075	0.41768	0.28157
1183 C	0.30589	0.41266	0.28145
1184 A	0.30996	0.40929	0.28076
1185 A	0.31937	0.40041	0.28022
1186 A	0.33054	0.38973	0.27973
1187 A	0.34817	0.37266	0.27918
1188 T	0.38361	0.33643	0.27996
1189 T	0.40411	0.31317	0.28272
1190 T	0.43451	0.28010	0.28539
1191 A	0.44466	0.26786	0.28748
1192 A	0.45525	0.25115	0.2936
1193 C	0.47405	0.21648	0.30947
1194 C	0.49367	0.19423	0.31209
1195 C	0.53002	0.15671	0.31328
1196 T	0.62575	0.06051	0.31375
1197 T	0.64382	0.04253	0.31366
1198 T	0.65249	0.03454	0.31297
1199 T	0.64663	0.04162	0.31175
1200 T	0.62689	0.06324	0.30986
1201 G	0.58963	0.10548	0.30489
1202 A	0.43555	0.26214	0.30231
1203 A	0.38049	0.31515	0.30435
1204 T	0.34928	0.34276	0.30796
1205 G	0.30542	0.38657	0.30801
1206 C	0.28266	0.41114	0.3062
1207 A	0.24556	0.46406	0.29037
1208 A	0.22868	0.48430	0.28702
1209 A	0.22400	0.49064	0.28537
1210 T	0.21808	0.49661	0.28531
1211 G	0.21306	0.50161	0.28533
1212 G	0.20869	0.50554	0.28577
1213 A	0.20400	0.51031	0.28568
1214 C	0.20016	0.51359	0.28625
1215 T	0.19677	0.51724	0.286
1216 A	0.19013	0.52420	0.28567
1217 A	0.18482	0.52987	0.2853
1218 A	0.17843	0.53662	0.28495
1219 C	0.17577	0.53877	0.28546
1220 A	0.17273	0.54143	0.28584
1221 A	0.16968	0.54100	0.28933
1222 A	0.16785	0.53326	0.29889
1223 G	0.16789	0.51385	0.31826
1224 A	0.17305	0.48109	0.34586
1225 G	0.17706	0.29083	0.53211
1226 T	0.18022	0.21821	0.60157
1227 C	0.18171	0.17856	0.63973
1228 G	0.18299	0.16244	0.65458
1229 A	0.18519	0.15966	0.65516
1230 T	0.19857	0.12500	0.67643
1231 T	0.20084	0.11558	0.68357
1232 T	0.20120	0.11628	0.68253
1233 T	0.20013	0.11550	0.68437
1234 G	0.19711	0.15059	0.6523
1235 A	0.19213	0.19852	0.60936
1236 A	0.18373	0.23398	0.58229
1237 G	0.18206	0.26082	0.55713
1238 T	0.18062	0.29133	0.52805
1239 A	0.17910	0.42102	0.39988
1240 A	0.17858	0.44396	0.37746
1241 T	0.17856	0.44660	0.37484
1242 A	0.17730	0.44764	0.37506
1243 A	0.17828	0.44540	0.37632
1244 A	0.17893	0.44396	0.37711
1245 T	0.17985	0.44140	0.37875
1246 C	0.17913	0.44390	0.37697
1247 A	0.17882	0.46540	0.35578
1248 A	0.17876	0.46980	0.35143
1249 T	0.18621	0.46399	0.3498
1250 T	0.18472	0.46726	0.34802
1251 A	0.18307	0.47184	0.34509
1252 C	0.18496	0.47026	0.34479
1253 A	0.17966	0.49005	0.33029
1254 A	0.17512	0.51484	0.31003
1255 A	0.12510	0.59391	0.28099
1256 A	0.11788	0.61293	0.26918
1257 G	0.14223	0.58823	0.26954
1258 A	0.18000	0.54702	0.27297
1259 A	0.21634	0.50266	0.281
1260 A	0.24745	0.46994	0.28261
1261 C	0.27966	0.43682	0.28352
1262 T	0.38111	0.34232	0.27657
1263 T	0.37919	0.34482	0.27599
1264 A	0.34610	0.37858	0.27532
1265 G	0.32122	0.40305	0.27573
1266 A	0.30378	0.42056	0.27565
1267 C	0.30193	0.42101	0.27706
1268 A	0.29723	0.42550	0.27727
1269 A	0.30274	0.41941	0.27785
1270 A	0.32354	0.39770	0.27876
1271 T	0.33453	0.38505	0.28042
1272 C	0.33760	0.38110	0.2813
1273 A	0.33890	0.37839	0.28272
1274 A	0.33956	0.37422	0.28622
1275 A	0.34368	0.36663	0.28969
1276 A	0.35750	0.34647	0.29603
1277 A	0.37864	0.31694	0.30442
1278 T	0.41073	0.21981	0.36946
1279 T	0.42353	0.19099	0.38548
1280 A	0.42378	0.18326	0.39295
1281 T	0.42406	0.17788	0.39805
1282 G	0.42181	0.17746	0.40073
1283 A	0.42228	0.16811	0.40961
1284 T	0.42271	0.15902	0.41828
1285 T	0.42655	0.15060	0.42286
1286 T	0.42275	0.14274	0.43452
1287 T	0.41497	0.12652	0.45851
1288 G	0.39598	0.12674	0.47729
1289 T	0.37298	0.14094	0.48608
1290 T	0.34302	0.17806	0.47891
1291 C	0.30476	0.23447	0.46077
1292 A	0.29207	0.32024	0.3877
1293 G	0.28484	0.33483	0.38033
1294 A	0.28019	0.34424	0.37557
1295 A	0.27760	0.34899	0.37341
1296 T	0.27649	0.35020	0.3733
1297 C	0.27424	0.34956	0.3762
1298 A	0.27180	0.35222	0.37598
1299 A	0.27126	0.35263	0.37611
1300 A	0.27177	0.35191	0.37632
1301 C	0.27286	0.35053	0.37661
1302 A	0.27547	0.34795	0.37658
1303 A	0.28067	0.34115	0.37818
1304 T	0.29093	0.32879	0.38028
1305 T	0.29671	0.32088	0.3824
1306 A	0.29793	0.32046	0.38161
1307 A	0.30021	0.31363	0.38616
1308 T	0.30461	0.29925	0.39614
1309 T	0.30666	0.28593	0.40741
1310 T	0.30832	0.27054	0.42114
1311 A	0.30934	0.25081	0.43984
1312 G	0.31785	0.21715	0.465
1313 G	0.32885	0.18288	0.48827
1314 T	0.35576	0.12601	0.51823
1315 T	0.41629	0.05660	0.52711
1316 T	0.42452	0.04385	0.53163
1317 T	0.42806	0.03805	0.53389
1318 T	0.42936	0.03486	0.53579
1319 T	0.42955	0.03295	0.5375
1320 T	0.42920	0.03269	0.53811
1321 T	0.42639	0.03597	0.53764
1322 C	0.41684	0.04801	0.53515
1323 T	0.40101	0.07453	0.52445
1324 A	0.37157	0.11200	0.51643
1325 A	0.35903	0.12808	0.51289
1326 A	0.34516	0.14458	0.51026
1327 A	0.33737	0.15497	0.50767
1328 A	0.33674	0.15519	0.50807
