# lcl|CP097583.1_cds_USQ93530.1_1
# AA	inside	membr	outside
1 A	0.38664	0.00000	0.61336
2 T	0.38542	0.00122	0.61336
3 G	0.38418	0.00246	0.61336
4 T	0.38418	0.02193	0.59389
5 T	0.34778	0.11370	0.53852
6 G	0.34777	0.12993	0.5223
7 A	0.25274	0.23572	0.51154
8 G	0.25273	0.23585	0.51142
9 A	0.24680	0.24342	0.50977
10 A	0.24680	0.33710	0.4161
11 T	0.24618	0.34049	0.41333
12 A	0.20780	0.38004	0.41216
13 G	0.18596	0.40601	0.40803
14 A	0.18596	0.40601	0.40803
15 A	0.18596	0.41553	0.39851
16 A	0.18575	0.41574	0.39851
17 A	0.18558	0.41601	0.3984
18 T	0.18557	0.41628	0.39815
19 C	0.18465	0.41760	0.39775
20 T	0.18224	0.43593	0.38183
21 T	0.16852	0.44973	0.38174
22 T	0.16752	0.45676	0.37572
23 A	0.16325	0.47011	0.36664
24 T	0.15975	0.48067	0.35958
25 A	0.14668	0.48887	0.36445
26 A	0.13577	0.49670	0.36752
27 A	0.14658	0.46202	0.3914
28 A	0.19464	0.39427	0.41109
29 C	0.21271	0.37196	0.41532
30 T	0.24545	0.33363	0.42093
31 T	0.24555	0.34393	0.41052
32 A	0.23898	0.35687	0.40415
33 T	0.28512	0.31650	0.39838
34 T	0.26914	0.34067	0.3902
35 C	0.25986	0.31917	0.42098
36 A	0.24752	0.33053	0.42195
37 A	0.24367	0.34315	0.41318
38 G	0.24814	0.34223	0.40963
39 T	0.24154	0.35869	0.39977
40 A	0.23495	0.36818	0.39686
41 A	0.23201	0.37166	0.39634
42 T	0.23197	0.37233	0.39569
43 A	0.23914	0.36545	0.3954
44 A	0.23240	0.38124	0.38636
45 A	0.22990	0.38938	0.38072
46 A	0.23484	0.38446	0.38069
47 A	0.23841	0.38414	0.37744
48 A	0.24068	0.37402	0.3853
49 A	0.24604	0.36458	0.38937
50 A	0.25894	0.34817	0.39289
51 T	0.28393	0.31698	0.3991
52 A	0.29647	0.30044	0.40309
53 T	0.33379	0.25613	0.41008
54 T	0.34395	0.23308	0.42297
55 T	0.34999	0.21403	0.43599
56 C	0.35333	0.20272	0.44395
57 T	0.36287	0.19524	0.44189
58 A	0.36409	0.21410	0.42181
59 T	0.37139	0.20665	0.42197
60 T	0.36701	0.22325	0.40974
61 T	0.34939	0.25028	0.40033
62 T	0.31775	0.28532	0.39693
63 G	0.24921	0.36018	0.39062
64 A	0.21264	0.40175	0.38561
65 A	0.18638	0.42976	0.38386
66 A	0.17854	0.43711	0.38436
67 A	0.19110	0.42069	0.38821
68 A	0.19600	0.41285	0.39115
69 A	0.20070	0.41064	0.38866
70 A	0.20966	0.40518	0.38516
71 T	0.21549	0.40289	0.38162
72 A	0.21886	0.39993	0.38122
73 A	0.21865	0.40098	0.38037
74 A	0.21906	0.40143	0.37951
75 T	0.21910	0.40111	0.37979
76 C	0.21582	0.40561	0.37857
77 T	0.21623	0.40864	0.37512
78 A	0.21062	0.41669	0.3727
79 A	0.20928	0.41858	0.37214
80 A	0.21843	0.40882	0.37274
81 T	0.24643	0.37822	0.37535
82 A	0.25658	0.35529	0.38813
83 T	0.27923	0.30081	0.41996
84 T	0.28975	0.25871	0.45154
85 T	0.29511	0.21674	0.48815
86 T	0.29535	0.16820	0.53645
87 T	0.28756	0.15342	0.55903
88 G	0.27874	0.14775	0.57351
89 A	0.26563	0.15840	0.57598
90 A	0.26132	0.16245	0.57622
91 G	0.26093	0.16231	0.57676
92 G	0.26218	0.16312	0.5747
93 A	0.26672	0.16794	0.56534
94 A	0.27155	0.17351	0.55494
95 A	0.27257	0.18307	0.54436
96 A	0.27523	0.18522	0.53954
97 A	0.27969	0.18521	0.5351
98 T	0.28521	0.17329	0.5415
99 T	0.28875	0.16428	0.54697
100 T	0.29093	0.15948	0.54959
101 T	0.29156	0.15412	0.55432
102 C	0.29029	0.15290	0.55681
103 G	0.28998	0.15473	0.55529
104 G	0.29004	0.15575	0.55421
105 T	0.29118	0.15575	0.55307
106 T	0.29161	0.15691	0.55148
107 T	0.29200	0.15777	0.55023
108 A	0.28961	0.16061	0.54978
109 G	0.28751	0.16013	0.55236
110 T	0.28766	0.15658	0.55576
111 A	0.28289	0.16625	0.55086
112 G	0.28460	0.16435	0.55106
113 G	0.28815	0.16536	0.54649
114 T	0.29233	0.17310	0.53457
115 A	0.29583	0.17053	0.53364
116 A	0.30555	0.16051	0.53394
117 A	0.31660	0.14848	0.53492
118 A	0.32957	0.13434	0.53609
119 C	0.33809	0.12467	0.53723
120 T	0.34753	0.11538	0.5371
121 G	0.34843	0.11441	0.53717
122 G	0.34958	0.11321	0.53721
123 T	0.35224	0.11053	0.53723
124 T	0.35040	0.11254	0.53706
125 C	0.34643	0.11570	0.53786
126 T	0.34073	0.12768	0.53159
127 G	0.32652	0.14644	0.52704
128 G	0.31402	0.16750	0.51847
129 T	0.29813	0.19904	0.50283
130 A	0.28038	0.21934	0.50028
131 A	0.27584	0.22275	0.50141
132 A	0.26983	0.22697	0.5032
133 A	0.27251	0.22216	0.50533
134 C	0.28445	0.20348	0.51207
135 T	0.29657	0.19005	0.51338
136 A	0.30162	0.18527	0.51311
137 C	0.31251	0.17377	0.51373
138 T	0.31577	0.17090	0.51332
139 T	0.31546	0.17169	0.51286
140 T	0.31277	0.17456	0.51267
141 G	0.30794	0.18004	0.51202
142 T	0.30507	0.18458	0.51035
143 T	0.29242	0.20348	0.5041
144 A	0.27835	0.22571	0.49594
145 A	0.26926	0.24530	0.48544
146 A	0.26143	0.26314	0.47543
147 A	0.25979	0.26533	0.47488
148 A	0.26069	0.26424	0.47507
149 T	0.26778	0.24968	0.48254
150 A	0.27157	0.23250	0.49593
151 A	0.27942	0.21355	0.50703
152 T	0.29309	0.18121	0.52571
153 G	0.28636	0.17447	0.53918
154 A	0.27546	0.18139	0.54315
155 A	0.26774	0.18108	0.55118
156 T	0.26558	0.17872	0.55571
157 G	0.26307	0.18102	0.55592
158 G	0.26219	0.18414	0.55367
159 T	0.26289	0.18786	0.54925
160 T	0.26078	0.20050	0.53873
161 T	0.25224	0.23097	0.51679
162 A	0.23550	0.25617	0.50833
163 G	0.22051	0.27691	0.50258
164 A	0.20414	0.31169	0.48417
165 A	0.19529	0.32149	0.48322
166 C	0.19973	0.30418	0.49609
167 A	0.20678	0.28863	0.50458
168 A	0.21599	0.27304	0.51097
169 C	0.22507	0.25796	0.51697
170 C	0.22810	0.25789	0.51401
171 T	0.22312	0.27665	0.50023
172 G	0.20391	0.31203	0.48407
173 A	0.19311	0.33565	0.47124
174 T	0.18488	0.34971	0.4654
175 A	0.16670	0.37513	0.45817
176 A	0.15858	0.37638	0.46504
177 A	0.15335	0.36989	0.47675
178 A	0.14772	0.36718	0.4851
179 G	0.13965	0.37628	0.48407
180 A	0.13131	0.40205	0.46664
181 A	0.12906	0.43524	0.43571
182 A	0.13159	0.44241	0.42599
183 A	0.13781	0.43694	0.42525
184 G	0.15301	0.41289	0.4341
185 A	0.16079	0.39068	0.44853
186 A	0.17020	0.36744	0.46237
187 A	0.19280	0.32935	0.47785
188 C	0.19951	0.31157	0.48892
189 T	0.20225	0.30710	0.49065
190 A	0.20319	0.30555	0.49126
191 A	0.20552	0.30178	0.4927
192 A	0.20923	0.29593	0.49484
193 A	0.21797	0.28501	0.49702
194 T	0.23649	0.25046	0.51305
195 T	0.25544	0.20607	0.53849
196 T	0.26607	0.18104	0.55289
197 T	0.26872	0.17184	0.55944
198 T	0.26701	0.17184	0.56115
199 A	0.25626	0.20285	0.54089
200 A	0.25564	0.21705	0.52732
201 A	0.25785	0.22226	0.5199
202 A	0.26369	0.21497	0.52135
203 A	0.28395	0.18612	0.52993
204 T	0.31884	0.14860	0.53257
205 T	0.32953	0.13560	0.53488
206 T	0.33209	0.13062	0.53729
207 T	0.33170	0.12989	0.53841
208 A	0.33104	0.13097	0.53799
209 C	0.33098	0.13108	0.53795
210 T	0.33049	0.13161	0.5379
211 T	0.32968	0.13264	0.53769
212 A	0.32801	0.13494	0.53704
213 T	0.32768	0.13522	0.5371
214 C	0.32422	0.14049	0.5353
215 G	0.31987	0.15371	0.52641
216 A	0.31715	0.17251	0.51033
217 G	0.31615	0.19046	0.49339
218 A	0.31508	0.19451	0.49041
219 A	0.31643	0.19383	0.48975
220 A	0.32099	0.18752	0.49149
221 G	0.33292	0.16973	0.49735
222 C	0.35750	0.13432	0.50818
223 G	0.37490	0.11562	0.50948
224 G	0.38844	0.10177	0.50979
225 T	0.39725	0.09347	0.50929
226 A	0.40037	0.09099	0.50863
227 C	0.40397	0.08739	0.50864
228 T	0.40545	0.08586	0.50869
229 A	0.40612	0.08526	0.50863
230 T	0.40699	0.08423	0.50878
231 T	0.40783	0.08279	0.50938
232 T	0.40788	0.08235	0.50977
233 G	0.40625	0.08190	0.51186
234 G	0.40510	0.08126	0.51364
235 C	0.40475	0.08032	0.51493
236 A	0.40509	0.08371	0.51121
237 A	0.40689	0.08082	0.5123
238 A	0.41570	0.07003	0.51427
239 A	0.43096	0.05304	0.516
240 T	0.44748	0.03567	0.51686
241 T	0.44996	0.03224	0.51781
242 T	0.44981	0.03255	0.51764
243 T	0.44780	0.03433	0.51787
244 A	0.44436	0.03796	0.51767
245 A	0.44325	0.03875	0.518
246 T	0.44312	0.03806	0.51882
247 C	0.44290	0.03787	0.51923
248 T	0.44342	0.03758	0.519
249 T	0.44373	0.03769	0.51858
250 T	0.44293	0.03860	0.51848
251 T	0.44208	0.03949	0.51844
252 A	0.44010	0.04166	0.51824
253 T	0.43921	0.04168	0.51911
254 C	0.43789	0.04215	0.51996
255 T	0.43651	0.04421	0.51929
256 A	0.43481	0.04693	0.51826
257 A	0.43371	0.04878	0.51751
258 T	0.43382	0.04911	0.51708
259 T	0.43634	0.04789	0.51577
260 T	0.43560	0.04928	0.51511
261 A	0.43462	0.05126	0.51412
262 A	0.43471	0.05171	0.51358
263 A	0.43501	0.05146	0.51352
264 T	0.43659	0.04877	0.51464
265 A	0.43804	0.04661	0.51536
266 T	0.43898	0.04341	0.51762
267 T	0.43956	0.04006	0.52037
268 T	0.43960	0.03926	0.52114
269 T	0.43916	0.03954	0.5213
270 T	0.43450	0.04419	0.52131
271 G	0.42452	0.05490	0.52059
272 A	0.41864	0.06314	0.51822
273 T	0.41316	0.07171	0.51512
274 A	0.40600	0.08129	0.51271
275 A	0.40173	0.08730	0.51096
276 T	0.39813	0.09330	0.50857
277 A	0.39186	0.09905	0.5091
278 T	0.38970	0.10007	0.51023
279 A	0.38639	0.10375	0.50985
280 G	0.38592	0.10419	0.50989
281 C	0.38636	0.10381	0.50983
282 T	0.38699	0.10279	0.51022
283 T	0.38456	0.10429	0.51115
284 T	0.38152	0.10673	0.51175
285 A	0.37923	0.10894	0.51183
286 C	0.37873	0.10932	0.51195
287 C	0.37856	0.10943	0.51202
288 T	0.37879	0.10949	0.51172
289 T	0.37823	0.11088	0.51089
290 T	0.37230	0.11821	0.5095
291 A	0.31117	0.18160	0.50723
292 A	0.27070	0.22580	0.5035
293 A	0.24809	0.24682	0.50509
294 A	0.23735	0.25104	0.5116
295 A	0.23048	0.25362	0.5159
296 T	0.22761	0.25326	0.51913
297 A	0.21262	0.27255	0.51483
298 A	0.20407	0.28385	0.51208
299 G	0.20315	0.28321	0.51365
300 A	0.20188	0.28281	0.51531
301 A	0.20116	0.28299	0.51584
302 A	0.20289	0.27934	0.51777
303 T	0.20469	0.27505	0.52026
304 T	0.20511	0.27243	0.52245
305 A	0.20307	0.27247	0.52446
306 T	0.20064	0.27093	0.52843
307 C	0.19404	0.27426	0.53171
308 C	0.18388	0.28467	0.53145
309 T	0.17541	0.30283	0.52176
310 A	0.15732	0.32931	0.51338
311 A	0.14126	0.35366	0.50507
312 A	0.13274	0.36505	0.50222
313 G	0.12831	0.36408	0.5076
314 A	0.12510	0.30716	0.56774
315 A	0.12649	0.26538	0.60812
316 G	0.12895	0.24210	0.62896
317 A	0.13233	0.24818	0.61949
318 A	0.13558	0.28448	0.57994
319 A	0.13973	0.29452	0.56575
320 T	0.15097	0.27455	0.57448
321 T	0.15571	0.27031	0.57397
322 A	0.15517	0.27499	0.56983
323 A	0.15536	0.28537	0.55927
324 A	0.15432	0.29440	0.55129
325 A	0.15392	0.30155	0.54453
326 T	0.15092	0.30909	0.53999
327 A	0.14366	0.32086	0.53548
328 A	0.14117	0.32473	0.5341
329 A	0.14016	0.32452	0.53532
330 A	0.14112	0.31634	0.54253
331 G	0.14348	0.30090	0.55562
332 T	0.15438	0.28026	0.56536
333 A	0.16146	0.26001	0.57852
334 T	0.16944	0.24115	0.58942
335 T	0.17190	0.23756	0.59055
336 A	0.17193	0.23728	0.59079
337 G	0.17331	0.23346	0.59324
338 A	0.17592	0.23094	0.59314
339 A	0.17984	0.22647	0.5937
340 G	0.20185	0.20389	0.59426
341 T	0.25853	0.14704	0.59444
342 T	0.28324	0.12364	0.59312
343 A	0.28937	0.12046	0.59018
344 T	0.29908	0.11118	0.58974
345 A	0.30303	0.10746	0.58951
346 A	0.30952	0.10030	0.59018
347 A	0.31664	0.09099	0.59237
348 A	0.32563	0.07940	0.59497
349 T	0.33435	0.06606	0.59959
350 T	0.34145	0.05240	0.60616
351 T	0.34448	0.04711	0.60841
352 G	0.34464	0.04627	0.60909
353 T	0.34500	0.04689	0.60811
354 G	0.34474	0.04808	0.60718
355 G	0.34521	0.04831	0.60649
356 G	0.34681	0.04774	0.60546
357 A	0.35100	0.04435	0.60465
358 T	0.35861	0.03643	0.60496
359 T	0.36241	0.03183	0.60576
360 G	0.36368	0.03029	0.60603
361 T	0.36525	0.02852	0.60623
362 C	0.36593	0.02775	0.60632
363 C	0.36667	0.02719	0.60614
364 G	0.36745	0.02756	0.60499
365 A	0.36976	0.02547	0.60477
366 T	0.37326	0.02207	0.60468
367 T	0.37476	0.02081	0.60443
368 G	0.37539	0.02040	0.60422
369 C	0.37558	0.02029	0.60413
370 G	0.37589	0.02063	0.60349
371 T	0.37543	0.02153	0.60305
372 T	0.37455	0.02281	0.60264
373 G	0.37416	0.02381	0.60204
374 A	0.37413	0.02478	0.60109
375 G	0.37508	0.02322	0.60171
376 T	0.37678	0.02213	0.60109
377 T	0.37768	0.02385	0.59847
378 A	0.37678	0.02591	0.59731
379 T	0.37721	0.02556	0.59722
380 A	0.37715	0.02573	0.59712
381 T	0.37690	0.02593	0.59717
382 C	0.37621	0.02653	0.59726
383 C	0.37570	0.02742	0.59688
384 T	0.37525	0.02822	0.59653
385 A	0.37403	0.03013	0.59584
386 A	0.36965	0.03503	0.59533
387 A	0.36962	0.03535	0.59502
388 C	0.36934	0.03581	0.59485
389 A	0.36896	0.03756	0.59348
390 A	0.36919	0.03838	0.59243
391 A	0.36976	0.03745	0.5928
392 T	0.37038	0.03591	0.5937
393 T	0.37027	0.03571	0.59402
394 T	0.36978	0.03541	0.59481
395 C	0.36740	0.03821	0.59438
396 A	0.36499	0.04531	0.5897
397 G	0.36440	0.04838	0.58722
398 G	0.36447	0.05071	0.58482
399 A	0.36493	0.05113	0.58394
400 G	0.36719	0.04907	0.58374
401 G	0.36814	0.04658	0.58529
402 T	0.36765	0.04697	0.58538
403 C	0.36688	0.04820	0.58491
404 A	0.36626	0.05057	0.58316
405 G	0.36577	0.05093	0.5833
406 A	0.36553	0.05215	0.58232
407 A	0.36556	0.05293	0.58152
408 A	0.36524	0.05390	0.58086
409 C	0.36546	0.05062	0.58391
410 A	0.36541	0.05295	0.58163
411 A	0.36507	0.05407	0.58086
412 A	0.36600	0.05291	0.58109
413 G	0.36703	0.05169	0.58127
414 G	0.36714	0.05150	0.58136
415 A	0.36748	0.04990	0.58262
416 C	0.36840	0.04700	0.5846
417 A	0.36996	0.04448	0.58556
418 G	0.37267	0.03965	0.58768
419 C	0.37747	0.03287	0.58966
420 T	0.37995	0.03000	0.59006
421 A	0.38129	0.02850	0.59021
422 T	0.38233	0.02656	0.5911
423 T	0.38279	0.02560	0.59161
424 G	0.38297	0.02516	0.59187
425 C	0.38342	0.02343	0.59315
426 T	0.38451	0.02216	0.59333
427 A	0.38540	0.02124	0.59335
428 G	0.38564	0.02129	0.59308
429 G	0.38623	0.02113	0.59264
430 A	0.38756	0.02062	0.59181
431 C	0.38935	0.01786	0.5928
432 T	0.39140	0.01680	0.5918
433 T	0.39371	0.01506	0.59123
434 T	0.39429	0.01458	0.59112
435 A	0.39413	0.01504	0.59082
436 G	0.39412	0.01514	0.59073
437 T	0.39426	0.01475	0.59099
438 T	0.39426	0.01467	0.59108
439 T	0.39412	0.01494	0.59094
440 A	0.39402	0.01579	0.59019
441 T	0.39405	0.01585	0.5901
442 A	0.39398	0.01594	0.59008
443 A	0.39415	0.01571	0.59013
444 T	0.39432	0.01525	0.59042
445 C	0.39435	0.01512	0.59052
446 C	0.39443	0.01559	0.58998
447 T	0.39459	0.01718	0.58822
448 A	0.39462	0.02155	0.58384
449 A	0.39513	0.02272	0.58214
450 A	0.39573	0.02342	0.58085
451 A	0.39689	0.02282	0.58028
452 T	0.39857	0.02042	0.581
453 T	0.39994	0.01899	0.58107
454 A	0.40037	0.01905	0.58058
455 T	0.40154	0.01823	0.58024
456 T	0.40204	0.01820	0.57976
457 T	0.40222	0.01880	0.57897
458 T	0.40230	0.01867	0.57903
459 T	0.40178	0.01915	0.57907
460 T	0.40084	0.02012	0.57904
461 G	0.39968	0.02124	0.57908
462 C	0.39765	0.02319	0.57916
463 G	0.39579	0.02517	0.57904
464 A	0.39467	0.02640	0.57893
465 C	0.39399	0.02705	0.57896
466 G	0.39342	0.02763	0.57896
467 A	0.39324	0.02783	0.57893
468 A	0.39342	0.02759	0.57899
469 C	0.39433	0.02653	0.57913
470 C	0.39618	0.02465	0.57917
471 T	0.40088	0.01987	0.57926
472 A	0.40245	0.01825	0.57931
473 C	0.40376	0.01690	0.57934
474 T	0.40437	0.01629	0.57933
475 T	0.40457	0.01608	0.57935
476 C	0.40467	0.01589	0.57944
477 A	0.40526	0.01529	0.57945
478 T	0.40581	0.01473	0.57945
479 C	0.40566	0.01461	0.57973
480 T	0.40527	0.01541	0.57932
481 T	0.39248	0.02938	0.57815
482 T	0.37716	0.04485	0.57798
483 G	0.31303	0.10945	0.57753
484 G	0.26451	0.15871	0.57678
485 A	0.24022	0.18263	0.57715
486 T	0.22630	0.19547	0.57823
487 G	0.20454	0.21633	0.57912
488 A	0.18088	0.23990	0.57922
489 A	0.16077	0.26012	0.57911
490 A	0.14811	0.27339	0.57849
491 C	0.14068	0.28161	0.57771
492 A	0.13595	0.28890	0.57515
493 G	0.13328	0.29267	0.57405
494 T	0.13052	0.29592	0.57356
495 T	0.12501	0.30179	0.5732
496 A	0.11559	0.31143	0.57298
497 G	0.11101	0.31593	0.57306
498 C	0.10771	0.31909	0.57319
499 A	0.10432	0.32273	0.57295
500 A	0.10327	0.32374	0.57299
501 A	0.10283	0.32394	0.57323
502 A	0.10296	0.32312	0.57392
503 A	0.10393	0.32067	0.57539
504 T	0.10604	0.30004	0.59392
505 A	0.10710	0.28079	0.61211
506 T	0.10862	0.21342	0.67796
507 T	0.10924	0.16546	0.7253
508 T	0.10935	0.14328	0.74737
509 T	0.10881	0.13250	0.75869
510 A	0.10776	0.12181	0.77043
511 A	0.10754	0.10417	0.78829
512 A	0.10786	0.08605	0.8061
513 A	0.10885	0.07336	0.81779
514 T	0.11022	0.06254	0.82723
515 T	0.11250	0.05627	0.83123
516 A	0.11299	0.05400	0.83301
517 T	0.11329	0.05012	0.83659
518 T	0.11288	0.04988	0.83724
519 T	0.11127	0.05618	0.83255
520 T	0.10727	0.10121	0.79152
521 A	0.09372	0.15978	0.7465
522 T	0.08138	0.20649	0.71213
523 A	0.07115	0.25445	0.67441
524 A	0.06409	0.29164	0.64427
525 A	0.05888	0.34010	0.60102
526 A	0.05727	0.36738	0.57536
527 T	0.05684	0.37636	0.5668
528 A	0.05347	0.38304	0.56349
529 A	0.05173	0.38589	0.56238
530 A	0.05170	0.38580	0.5625
531 T	0.05196	0.38500	0.56304
532 C	0.05105	0.38539	0.56356
533 A	0.05189	0.38623	0.56187
534 A	0.05154	0.38876	0.55971
535 A	0.05166	0.39002	0.55831
536 T	0.05226	0.39079	0.55695
537 A	0.05046	0.39537	0.55417
538 A	0.05102	0.39556	0.55342
539 A	0.05233	0.39425	0.55342
540 A	0.05465	0.39162	0.55372
541 A	0.06029	0.38448	0.55524
542 A	0.07442	0.36759	0.55799
543 A	0.11973	0.31683	0.56344
544 A	0.16525	0.25661	0.57814
545 C	0.20656	0.20098	0.59247
546 G	0.24119	0.15868	0.60013
547 A	0.27007	0.12539	0.60454
548 C	0.31089	0.08082	0.60829
549 T	0.33545	0.05576	0.6088
550 A	0.34129	0.05012	0.6086
551 T	0.34618	0.04178	0.61204
552 T	0.34764	0.03823	0.61413
553 G	0.34798	0.03790	0.61412
554 T	0.34865	0.03641	0.61495
555 G	0.34859	0.03563	0.61577
556 A	0.35021	0.03397	0.61582
557 T	0.35303	0.02996	0.61701
558 A	0.35334	0.03123	0.61543
559 G	0.35424	0.02916	0.61661
560 T	0.35670	0.02493	0.61838
561 T	0.35648	0.02401	0.61951
562 T	0.35386	0.02585	0.62029
563 C	0.34646	0.03303	0.62051
564 T	0.33550	0.04563	0.61887
565 C	0.32536	0.05828	0.61636
566 A	0.31852	0.06899	0.6125
567 T	0.31447	0.07445	0.61108
568 G	0.30726	0.08298	0.60976
569 A	0.30333	0.08725	0.60942
570 T	0.29773	0.09291	0.60937
571 A	0.29164	0.09868	0.60968
572 G	0.28918	0.10041	0.61041
573 C	0.28692	0.10150	0.61158
574 T	0.28379	0.10458	0.61163
575 C	0.27801	0.11012	0.61187
576 A	0.27427	0.11411	0.61162
577 G	0.27455	0.11406	0.61139
578 T	0.27558	0.11334	0.61109
579 T	0.27486	0.11445	0.61068
580 A	0.27246	0.11758	0.60997
581 T	0.27335	0.11572	0.61094
582 A	0.26942	0.12033	0.61024
583 A	0.26793	0.12087	0.6112
584 A	0.26724	0.11956	0.6132
585 A	0.26712	0.11503	0.61785
586 A	0.26781	0.10485	0.62734
587 C	0.27025	0.08861	0.64114
588 T	0.27356	0.07728	0.64916
589 T	0.27655	0.06963	0.65383
590 T	0.27720	0.06710	0.6557
591 A	0.27707	0.06393	0.659
592 T	0.27698	0.06125	0.66176
593 G	0.27663	0.05401	0.66936
594 T	0.27646	0.04822	0.67532
595 A	0.27602	0.04609	0.67789
596 A	0.27572	0.04307	0.68121
597 T	0.27559	0.03787	0.68654
598 T	0.27481	0.03077	0.69441
599 C	0.27384	0.02634	0.69982
600 G	0.27372	0.02582	0.70046
601 G	0.27413	0.02475	0.70113
602 T	0.27505	0.02270	0.70225
603 T	0.27559	0.02030	0.70411
604 G	0.27582	0.01958	0.70459
605 C	0.27641	0.01590	0.7077
606 T	0.27624	0.01758	0.70618
607 A	0.27511	0.02241	0.70249
608 T	0.27453	0.02572	0.69975
609 T	0.27402	0.03034	0.69564
610 T	0.27252	0.04410	0.68339
611 T	0.26857	0.06639	0.66505
612 G	0.24968	0.11781	0.63252
613 A	0.24358	0.14599	0.61043
614 A	0.23489	0.16489	0.60021
615 T	0.22321	0.18421	0.59258
616 A	0.20045	0.21553	0.58402
617 A	0.18530	0.23652	0.57817
618 A	0.17873	0.24382	0.57745
619 A	0.17543	0.24833	0.57625
620 A	0.17379	0.24999	0.57622
621 T	0.17317	0.24987	0.57696
622 C	0.17250	0.24981	0.57769
623 A	0.17155	0.25179	0.57666
624 A	0.17030	0.25416	0.57554
625 A	0.16884	0.25728	0.57388
626 T	0.16725	0.26109	0.57165
627 A	0.16657	0.26244	0.57099
628 G	0.16688	0.26196	0.57115
629 A	0.16911	0.25987	0.57102
630 A	0.17341	0.25371	0.57287
631 C	0.17743	0.24822	0.57435
632 A	0.18334	0.24222	0.57444
633 A	0.19892	0.22552	0.57556
634 A	0.22097	0.20008	0.57895
635 T	0.25694	0.14619	0.59687
636 T	0.27480	0.12398	0.60122
637 A	0.27968	0.11104	0.60928
638 T	0.28499	0.09405	0.62096
639 A	0.28762	0.07320	0.63918
640 G	0.28979	0.05718	0.65303
641 A	0.29036	0.05214	0.6575
642 T	0.29224	0.04878	0.65898
643 T	0.29226	0.05098	0.65676
644 T	0.28827	0.07863	0.6331
645 A	0.27809	0.09084	0.63107
646 A	0.27647	0.09179	0.63173
647 A	0.27601	0.09095	0.63304
648 A	0.27751	0.08730	0.63519
649 C	0.28023	0.08127	0.63851
650 C	0.28172	0.07903	0.63925
651 T	0.28327	0.07734	0.63939
652 T	0.28430	0.07626	0.63944
653 C	0.28475	0.07581	0.63945
654 T	0.28525	0.07540	0.63935
655 T	0.28577	0.07498	0.63925
656 A	0.28608	0.07471	0.63921
657 T	0.28699	0.07374	0.63926
658 T	0.28758	0.07331	0.63911
659 A	0.28851	0.07187	0.63963
660 T	0.29140	0.06725	0.64136
661 T	0.29257	0.06798	0.63946
662 T	0.29196	0.07183	0.63622
663 T	0.28978	0.08152	0.6287
664 A	0.28731	0.08475	0.62795
665 A	0.28713	0.08379	0.62909
666 A	0.28971	0.07981	0.63048
667 T	0.31396	0.05039	0.63565
668 C	0.31621	0.03870	0.64508
669 T	0.31657	0.03725	0.64618
670 T	0.31646	0.03660	0.64695
671 T	0.31604	0.03696	0.64699
672 G	0.31512	0.03795	0.64693
673 T	0.31432	0.03892	0.64676
674 C	0.31389	0.03971	0.6464
675 T	0.31334	0.04296	0.64371
676 T	0.31131	0.05231	0.63638
677 A	0.30471	0.07416	0.62114
678 T	0.30011	0.08267	0.61721
679 A	0.23869	0.15409	0.60721
680 A	0.23616	0.15815	0.60569
681 A	0.23537	0.15959	0.60504
682 G	0.23518	0.15991	0.60491
683 A	0.23625	0.15856	0.60519
684 A	0.23946	0.15432	0.60622
685 A	0.24480	0.14699	0.60821
686 T	0.25377	0.13498	0.61125
687 T	0.25526	0.13096	0.61377
688 T	0.25572	0.12951	0.61476
689 T	0.25590	0.12881	0.61529
690 T	0.25595	0.12846	0.61558
691 T	0.25600	0.12806	0.61594
692 T	0.25607	0.12777	0.61615
693 A	0.25610	0.12752	0.61638
694 A	0.25617	0.12691	0.61691
695 A	0.25639	0.12563	0.61799
696 C	0.25691	0.12363	0.61946
697 A	0.25808	0.12175	0.62017
698 A	0.26177	0.11697	0.62126
699 A	0.27035	0.10552	0.62413
700 T	0.28631	0.08265	0.63104
701 A	0.29038	0.07404	0.63558
702 A	0.30017	0.00000	0.69983
