# lcl|CP097583.1_cds_USQ93275.1_1
# AA	inside	membr	outside
1 A	0.78331	0.00000	0.21669
2 T	0.78327	0.00004	0.21669
3 G	0.78325	0.00006	0.21669
4 T	0.78325	0.00121	0.21553
5 T	0.78315	0.00242	0.21443
6 T	0.78315	0.00288	0.21397
7 T	0.78152	0.00483	0.21365
8 T	0.78152	0.00483	0.21364
9 T	0.78005	0.00655	0.21339
10 A	0.78004	0.04413	0.17583
11 A	0.77978	0.04627	0.17395
12 T	0.77741	0.04961	0.17298
13 A	0.77144	0.06453	0.16402
14 T	0.77144	0.06453	0.16402
15 T	0.77144	0.08968	0.13887
16 T	0.77105	0.09007	0.13887
17 G	0.77031	0.09108	0.13861
18 T	0.77029	0.09154	0.13817
19 T	0.76979	0.09228	0.13792
20 A	0.76472	0.10326	0.13201
21 T	0.76227	0.10574	0.13199
22 G	0.76212	0.10601	0.13187
23 T	0.76213	0.10627	0.1316
24 A	0.76195	0.10697	0.13109
25 T	0.76197	0.10711	0.13092
26 C	0.76112	0.10818	0.13069
27 T	0.75890	0.11147	0.12963
28 A	0.75129	0.11996	0.12875
29 G	0.74703	0.12443	0.12854
30 T	0.74510	0.12588	0.12902
31 G	0.73016	0.14165	0.12819
32 G	0.72731	0.14394	0.12875
33 A	0.75438	0.11893	0.12669
34 A	0.75415	0.12183	0.12402
35 G	0.75693	0.11922	0.12386
36 T	0.76562	0.11044	0.12394
37 A	0.73218	0.14601	0.12181
38 T	0.73222	0.14661	0.12116
39 G	0.69569	0.18276	0.12155
40 T	0.67174	0.20537	0.12289
41 C	0.62549	0.25102	0.12349
42 A	0.56220	0.31415	0.12364
43 C	0.52586	0.34792	0.12622
44 C	0.49277	0.38079	0.12644
45 A	0.47460	0.40141	0.12399
46 G	0.46605	0.41075	0.1232
47 A	0.46435	0.41369	0.12196
48 T	0.46345	0.41619	0.12036
49 A	0.46116	0.41972	0.11912
50 T	0.46138	0.41524	0.12338
51 T	0.46093	0.40960	0.12947
52 A	0.45658	0.41047	0.13295
53 A	0.45457	0.40845	0.13697
54 C	0.45333	0.39711	0.14957
55 A	0.45180	0.39781	0.15039
56 A	0.45332	0.39421	0.15247
57 A	0.45465	0.39355	0.1518
58 A	0.45508	0.39409	0.15083
59 A	0.45753	0.39102	0.15144
60 T	0.45948	0.33946	0.20105
61 G	0.46016	0.30539	0.23445
62 A	0.46051	0.26244	0.27705
63 T	0.46075	0.23018	0.30907
64 T	0.46078	0.18484	0.35438
65 T	0.46050	0.13122	0.40828
66 G	0.45943	0.10162	0.43895
67 G	0.45936	0.07956	0.46108
68 T	0.46098	0.06918	0.46983
69 C	0.45864	0.06821	0.47315
70 A	0.45721	0.07759	0.46521
71 T	0.45743	0.08560	0.45696
72 T	0.45560	0.10265	0.44175
73 G	0.44636	0.15896	0.39467
74 T	0.44094	0.26191	0.29715
75 T	0.43641	0.33255	0.23104
76 A	0.42900	0.39803	0.17297
77 A	0.42389	0.42840	0.14771
78 A	0.42306	0.44396	0.13298
79 A	0.42340	0.45673	0.11987
80 A	0.42493	0.45976	0.1153
81 A	0.42777	0.46219	0.11004
82 T	0.43118	0.45835	0.11047
83 T	0.42980	0.45990	0.1103
84 A	0.42386	0.46610	0.11004
85 A	0.42126	0.46831	0.11043
86 C	0.42085	0.46760	0.11155
87 T	0.42021	0.46823	0.11156
88 G	0.41137	0.47738	0.11125
89 A	0.40363	0.48703	0.10934
90 T	0.39915	0.49310	0.10776
91 A	0.37615	0.51956	0.10429
92 A	0.34875	0.54593	0.10532
93 A	0.33623	0.55534	0.10843
94 G	0.33770	0.55064	0.11166
95 A	0.35568	0.52897	0.11535
96 G	0.42208	0.45104	0.12687
97 C	0.52516	0.34115	0.13369
98 T	0.58839	0.27641	0.1352
99 T	0.60689	0.25720	0.13591
100 C	0.57726	0.29030	0.13244
101 A	0.54315	0.33174	0.12511
102 A	0.52333	0.35587	0.12079
103 A	0.50740	0.37310	0.1195
104 A	0.50298	0.37964	0.11738
105 T	0.49835	0.38848	0.11317
106 T	0.48940	0.39818	0.11242
107 T	0.46138	0.42446	0.11416
108 A	0.37109	0.51655	0.11236
109 A	0.33189	0.55566	0.11245
110 A	0.31175	0.57380	0.11445
111 A	0.30429	0.57197	0.12375
112 G	0.30159	0.56389	0.13452
113 A	0.29996	0.55802	0.14202
114 A	0.30155	0.53599	0.16246
115 A	0.30278	0.50795	0.18927
116 A	0.30302	0.48603	0.21095
117 G	0.30360	0.46867	0.22774
118 G	0.30486	0.45727	0.23786
119 A	0.30699	0.44559	0.24742
120 T	0.31150	0.42088	0.26761
121 T	0.31532	0.39862	0.28606
122 G	0.31788	0.37715	0.30497
123 T	0.32318	0.34262	0.3342
124 G	0.32739	0.30672	0.36589
125 T	0.33043	0.28104	0.38852
126 A	0.33233	0.25713	0.41054
127 G	0.33702	0.23515	0.42783
128 T	0.34451	0.20927	0.44622
129 T	0.34974	0.18600	0.46426
130 T	0.35242	0.15262	0.49495
131 T	0.35479	0.08024	0.56497
132 T	0.35444	0.06698	0.57857
133 T	0.35364	0.07250	0.57386
134 A	0.35186	0.09621	0.55193
135 T	0.34988	0.11340	0.53671
136 G	0.34597	0.14586	0.50816
137 T	0.34466	0.17181	0.48354
138 T	0.33198	0.22649	0.44153
139 G	0.29957	0.32160	0.37882
140 A	0.27814	0.44608	0.27577
141 T	0.26194	0.47531	0.26274
142 A	0.24087	0.50729	0.25184
143 A	0.22288	0.53277	0.24435
144 A	0.21724	0.54168	0.24108
145 C	0.21559	0.54522	0.23919
146 A	0.21526	0.55106	0.23368
147 A	0.21651	0.55359	0.22989
148 T	0.22165	0.55104	0.22731
149 T	0.22312	0.55588	0.221
150 T	0.22135	0.57294	0.20571
151 A	0.21711	0.58181	0.20109
152 G	0.21235	0.58924	0.19841
153 A	0.20998	0.59600	0.19401
154 A	0.20790	0.60328	0.18882
155 C	0.21062	0.60238	0.187
156 A	0.22281	0.60516	0.17203
157 A	0.24902	0.58920	0.16177
158 A	0.27500	0.56632	0.15867
159 T	0.31342	0.52596	0.16063
160 G	0.33529	0.50446	0.16025
161 A	0.37214	0.45546	0.1724
162 A	0.42280	0.37529	0.20192
163 A	0.50915	0.26929	0.22155
164 T	0.52240	0.24072	0.23689
165 A	0.52594	0.22569	0.24837
166 T	0.52054	0.21784	0.26162
167 T	0.47641	0.26147	0.26213
168 A	0.43920	0.29731	0.26348
169 A	0.40180	0.33369	0.2645
170 G	0.39117	0.34211	0.26672
171 A	0.38676	0.34613	0.26711
172 C	0.38958	0.34052	0.2699
173 G	0.39651	0.33551	0.26798
174 A	0.39470	0.33523	0.27008
175 A	0.39705	0.32826	0.27469
176 A	0.40353	0.31904	0.27742
177 T	0.41336	0.30393	0.28271
178 C	0.41918	0.28822	0.2926
179 C	0.43431	0.26469	0.30101
180 T	0.44567	0.24976	0.30456
181 T	0.45026	0.24451	0.30523
182 T	0.45088	0.24325	0.30587
183 C	0.44985	0.24408	0.30607
184 G	0.44990	0.24403	0.30606
185 T	0.45178	0.23546	0.31276
186 A	0.44816	0.23670	0.31513
187 T	0.44858	0.23136	0.32005
188 T	0.44782	0.22654	0.32564
189 G	0.43439	0.20886	0.35676
190 C	0.42299	0.16568	0.41133
191 A	0.40354	0.16610	0.43036
192 T	0.39201	0.17343	0.43455
193 G	0.37061	0.24572	0.38367
194 A	0.35603	0.37778	0.26619
195 G	0.34779	0.40162	0.25059
196 A	0.34202	0.43285	0.22512
197 T	0.33233	0.44637	0.22131
198 A	0.31200	0.48792	0.20009
199 C	0.29648	0.50810	0.19543
200 A	0.27521	0.55411	0.17069
201 A	0.26429	0.57967	0.15603
202 G	0.25133	0.59754	0.15113
203 C	0.24837	0.60475	0.14689
204 G	0.24490	0.62198	0.13312
205 A	0.24323	0.63374	0.12303
206 A	0.24272	0.63856	0.11872
207 T	0.24289	0.64065	0.11646
208 A	0.24229	0.64401	0.1137
209 A	0.24224	0.63998	0.11777
210 T	0.24279	0.63620	0.12101
211 A	0.24298	0.63270	0.12432
212 A	0.24398	0.62125	0.13476
213 A	0.24637	0.60759	0.14604
214 G	0.25581	0.58128	0.16291
215 A	0.27244	0.55624	0.17131
216 A	0.32958	0.48246	0.18796
217 G	0.44045	0.36157	0.19798
218 A	0.46460	0.33365	0.20176
219 T	0.50267	0.28925	0.20808
220 A	0.51373	0.27097	0.2153
221 A	0.53304	0.23732	0.22964
222 A	0.54216	0.21595	0.24189
223 T	0.57649	0.16799	0.25552
224 T	0.59749	0.14264	0.25987
225 T	0.60577	0.13795	0.25628
226 A	0.60629	0.14162	0.25209
227 T	0.61141	0.13563	0.25296
228 T	0.59060	0.15911	0.25029
229 A	0.52910	0.22074	0.25016
230 C	0.49873	0.25027	0.25101
231 A	0.44948	0.30347	0.24705
232 A	0.41892	0.34220	0.23888
233 C	0.38490	0.38960	0.22549
234 T	0.35103	0.46057	0.18839
235 A	0.26355	0.57384	0.16262
236 A	0.15661	0.69705	0.14634
237 A	0.11421	0.74935	0.13645
238 G	0.10238	0.76369	0.13393
239 G	0.09417	0.77457	0.13126
240 T	0.09402	0.77848	0.1275
241 A	0.07741	0.79616	0.12643
242 A	0.07105	0.80284	0.12611
243 A	0.07157	0.80164	0.1268
244 G	0.07326	0.79896	0.12778
245 C	0.07676	0.79452	0.12872
246 T	0.08255	0.78868	0.12877
247 A	0.08489	0.78637	0.12874
248 A	0.09733	0.77335	0.12932
249 T	0.10346	0.76451	0.13203
250 A	0.10186	0.76507	0.13307
251 A	0.10108	0.74240	0.15652
252 A	0.09814	0.69203	0.20982
253 G	0.09765	0.65565	0.24671
254 A	0.09920	0.59845	0.30235
255 A	0.10819	0.55421	0.33759
256 A	0.13001	0.48994	0.38005
257 T	0.17741	0.40019	0.4224
258 A	0.19842	0.30621	0.49537
259 T	0.21173	0.17939	0.60887
260 T	0.21619	0.13679	0.64701
261 A	0.21609	0.12781	0.6561
262 G	0.21566	0.12229	0.66205
263 A	0.21805	0.11615	0.6658
264 T	0.21896	0.09703	0.68401
265 T	0.21610	0.09632	0.68758
266 T	0.20738	0.13768	0.65494
267 T	0.18820	0.23849	0.57331
268 G	0.13199	0.49034	0.37766
269 A	0.09058	0.62741	0.28201
270 A	0.07280	0.71765	0.20955
271 A	0.06449	0.76569	0.16982
272 A	0.06112	0.78371	0.15517
273 A	0.05972	0.79089	0.14939
274 A	0.05972	0.79009	0.15018
275 A	0.06009	0.78614	0.15377
276 A	0.06164	0.78258	0.15577
277 A	0.06469	0.77639	0.15891
278 T	0.07177	0.76635	0.16187
279 C	0.07440	0.76243	0.16318
280 A	0.07564	0.76130	0.16305
281 G	0.07803	0.75902	0.16294
282 T	0.08109	0.75672	0.16219
283 T	0.08306	0.75541	0.16153
284 A	0.08556	0.75320	0.16124
285 T	0.08922	0.74525	0.16554
286 G	0.09113	0.74045	0.16842
287 A	0.09414	0.73412	0.17174
288 A	0.10273	0.71663	0.18064
289 G	0.14772	0.65689	0.19539
290 A	0.24689	0.53706	0.21606
291 T	0.47339	0.26072	0.26588
292 G	0.55901	0.14182	0.29917
293 T	0.62539	0.06328	0.31133
294 T	0.64558	0.04375	0.31066
295 T	0.64935	0.04396	0.30669
296 T	0.64726	0.05290	0.29984
297 A	0.64159	0.06814	0.29027
298 T	0.64063	0.07560	0.28377
299 A	0.63617	0.09212	0.27171
300 T	0.63410	0.10518	0.26072
301 A	0.62950	0.11700	0.2535
302 A	0.62082	0.13028	0.24891
303 G	0.60211	0.15075	0.24713
304 G	0.60161	0.15341	0.24498
305 T	0.60238	0.16117	0.23645
306 T	0.60191	0.17279	0.22531
307 G	0.59885	0.17811	0.22304
308 T	0.59548	0.18570	0.21882
309 T	0.54677	0.24039	0.21284
310 A	0.41565	0.37970	0.20466
311 C	0.33708	0.46065	0.20227
312 A	0.28073	0.52369	0.19558
313 A	0.26098	0.54560	0.19342
314 A	0.25136	0.55646	0.19218
315 G	0.24848	0.55936	0.19217
316 A	0.24920	0.55855	0.19225
317 T	0.25715	0.54842	0.19443
318 A	0.26020	0.54257	0.19723
319 C	0.26738	0.52835	0.20427
320 C	0.27637	0.51454	0.20909
321 A	0.28394	0.50651	0.20956
322 T	0.29598	0.49258	0.21143
323 T	0.30440	0.48325	0.21234
324 A	0.30516	0.48093	0.21391
325 T	0.30543	0.47320	0.22136
326 C	0.29729	0.46243	0.24027
327 A	0.28674	0.47439	0.23888
328 A	0.28986	0.47361	0.23652
329 A	0.29821	0.46896	0.23283
330 A	0.30161	0.46477	0.23362
331 A	0.30792	0.45518	0.2369
332 T	0.31710	0.37850	0.3044
333 T	0.32038	0.25770	0.42192
334 A	0.31270	0.21160	0.4757
335 T	0.31290	0.18599	0.50111
336 A	0.30752	0.21516	0.47732
337 G	0.30369	0.22841	0.4679
338 A	0.30088	0.24674	0.45239
339 T	0.29950	0.25087	0.44963
340 A	0.29788	0.25946	0.44266
341 G	0.29666	0.27663	0.42671
342 T	0.29624	0.33643	0.36733
343 A	0.29538	0.37379	0.33082
344 A	0.29510	0.39420	0.3107
345 G	0.29430	0.41106	0.29463
346 A	0.29415	0.41402	0.29182
347 A	0.29421	0.41187	0.29392
348 G	0.29461	0.40670	0.29869
349 A	0.29591	0.39742	0.30667
350 C	0.30005	0.38245	0.3175
351 G	0.30444	0.37717	0.31839
352 A	0.31236	0.37112	0.31652
353 A	0.32035	0.36380	0.31585
354 A	0.33056	0.35332	0.31612
355 G	0.34171	0.34143	0.31685
356 T	0.37629	0.30050	0.32322
357 T	0.39865	0.26808	0.33327
358 T	0.41615	0.24594	0.3379
359 T	0.43467	0.22230	0.34303
360 A	0.44256	0.21110	0.34635
361 T	0.45649	0.19390	0.34961
362 C	0.46231	0.18661	0.35108
363 A	0.47250	0.17694	0.35056
364 G	0.49471	0.15457	0.35072
365 T	0.55774	0.09170	0.35056
366 T	0.58978	0.06034	0.34988
367 A	0.60648	0.04354	0.34998
368 T	0.62353	0.02554	0.35093
369 T	0.62848	0.02021	0.35131
370 T	0.63049	0.01789	0.35162
371 C	0.63125	0.01687	0.35187
372 T	0.63244	0.01564	0.35193
373 C	0.63269	0.01536	0.35195
374 C	0.63389	0.01416	0.35195
375 T	0.63662	0.01147	0.35191
376 T	0.63772	0.01041	0.35187
377 T	0.63753	0.01068	0.35179
378 T	0.63675	0.01154	0.35171
379 T	0.63612	0.01221	0.35166
380 T	0.63543	0.01285	0.35171
381 G	0.63377	0.01448	0.35175
382 A	0.63303	0.01524	0.35173
383 T	0.63275	0.01532	0.35194
384 T	0.63060	0.01798	0.35142
385 A	0.62714	0.02441	0.34846
386 T	0.62768	0.02485	0.34747
387 T	0.62730	0.02604	0.34666
388 A	0.62670	0.02745	0.34585
389 T	0.62726	0.02705	0.34569
390 T	0.62712	0.02729	0.34558
391 T	0.62677	0.02799	0.34523
392 T	0.62584	0.02926	0.3449
393 T	0.62364	0.03270	0.34367
394 T	0.62092	0.03675	0.34233
395 T	0.61687	0.04182	0.34132
396 A	0.61210	0.04754	0.34036
397 A	0.61056	0.04945	0.33999
398 T	0.61028	0.04970	0.34002
399 A	0.60962	0.05052	0.33987
400 T	0.60927	0.05056	0.34017
401 T	0.60846	0.05184	0.33969
402 T	0.60734	0.05352	0.33914
403 A	0.60297	0.05827	0.33876
404 A	0.60206	0.05819	0.33976
405 A	0.60191	0.05732	0.34077
406 G	0.60202	0.05583	0.34214
407 G	0.60292	0.05241	0.34467
408 T	0.60686	0.04551	0.34763
409 T	0.60833	0.04367	0.34799
410 T	0.60898	0.04385	0.34717
411 T	0.60896	0.04477	0.34627
412 G	0.60887	0.04630	0.34483
413 A	0.60900	0.04717	0.34383
414 T	0.60954	0.04677	0.34369
415 A	0.61005	0.04692	0.34302
416 T	0.61193	0.04273	0.34534
417 T	0.61310	0.03928	0.34763
418 T	0.61123	0.03903	0.34974
419 T	0.60741	0.04067	0.35191
420 C	0.60273	0.04520	0.35208
421 A	0.60052	0.04962	0.34986
422 A	0.60044	0.05118	0.34837
423 A	0.60082	0.05159	0.34759
424 T	0.60254	0.05047	0.34699
425 T	0.60325	0.05396	0.34279
426 T	0.60289	0.05694	0.34017
427 T	0.59536	0.07148	0.33315
428 T	0.58298	0.09116	0.32586
429 A	0.57089	0.11034	0.31876
430 A	0.56526	0.11672	0.31802
431 A	0.56179	0.12063	0.31758
432 A	0.55974	0.12271	0.31755
433 T	0.56031	0.12186	0.31783
434 C	0.55891	0.12292	0.31817
435 T	0.55920	0.12294	0.31787
436 A	0.55756	0.12476	0.31768
437 A	0.55757	0.12478	0.31765
438 A	0.55892	0.12335	0.31774
439 T	0.55987	0.12220	0.31793
440 A	0.56041	0.12022	0.31936
441 T	0.56262	0.11435	0.32303
442 T	0.56311	0.10954	0.32734
443 T	0.56062	0.10815	0.33122
444 C	0.55754	0.10959	0.33287
445 A	0.55450	0.11317	0.33233
446 A	0.55559	0.11176	0.33265
447 A	0.55835	0.10840	0.33325
448 T	0.56655	0.09885	0.3346
449 T	0.57595	0.08781	0.33623
450 T	0.58351	0.07013	0.34636
451 T	0.58878	0.05249	0.35874
452 T	0.59200	0.03869	0.36931
453 A	0.59239	0.03383	0.37378
454 T	0.59294	0.02934	0.37772
455 T	0.59326	0.02592	0.38082
456 T	0.59343	0.02373	0.38283
457 T	0.59359	0.02096	0.38546
458 T	0.59389	0.01933	0.38679
459 T	0.59400	0.01748	0.38852
460 T	0.59405	0.01661	0.38934
461 A	0.59407	0.01622	0.3897
462 T	0.59411	0.01579	0.39011
463 A	0.59412	0.01531	0.39057
464 A	0.59416	0.01461	0.39124
465 A	0.59425	0.01305	0.3927
466 T	0.59448	0.00906	0.39647
467 A	0.59462	0.00515	0.40022
468 G	0.59550	0.00000	0.4045
