# lcl|CP097583.1_cds_USQ93528.1_1
# AA	inside	membr	outside
1 G	0.75608	0.00000	0.24392
2 T	0.75576	0.00032	0.24392
3 G	0.75556	0.00052	0.24392
4 T	0.75556	0.00558	0.23885
5 T	0.75305	0.02903	0.21792
6 T	0.75305	0.03544	0.2115
7 T	0.74160	0.05027	0.20812
8 T	0.74160	0.05028	0.20811
9 A	0.73684	0.05511	0.20805
10 T	0.73683	0.05881	0.20435
11 T	0.73052	0.06543	0.20404
12 C	0.49910	0.29695	0.20395
13 C	0.19773	0.59924	0.20302
14 A	0.19765	0.59932	0.20302
15 A	0.19765	0.61073	0.19162
16 G	0.19597	0.61241	0.19162
17 A	0.19434	0.61409	0.19157
18 A	0.19428	0.61422	0.19149
19 T	0.19310	0.61545	0.19144
20 T	0.17649	0.63340	0.1901
21 A	0.15136	0.65855	0.19009
22 A	0.15014	0.66006	0.18979
23 A	0.14931	0.66098	0.18971
24 A	0.14923	0.66098	0.18979
25 T	0.14996	0.65823	0.19181
26 G	0.14985	0.65686	0.19329
27 G	0.15370	0.64925	0.19705
28 C	0.17272	0.62760	0.19968
29 G	0.17920	0.62044	0.20036
30 T	0.18325	0.61017	0.20657
31 A	0.18329	0.60697	0.20975
32 A	0.18350	0.59607	0.22043
33 T	0.18753	0.58090	0.23157
34 T	0.18815	0.55226	0.25959
35 T	0.18867	0.33052	0.48081
36 G	0.18465	0.08286	0.73249
37 G	0.18281	0.08338	0.73381
38 T	0.18657	0.10133	0.7121
39 T	0.17357	0.19242	0.634
40 A	0.13227	0.32446	0.54327
41 A	0.10794	0.37389	0.51817
42 A	0.10000	0.38788	0.51212
43 G	0.09946	0.37695	0.52359
44 A	0.09748	0.39533	0.50719
45 T	0.09725	0.42226	0.48049
46 T	0.09630	0.43025	0.47345
47 T	0.09351	0.43757	0.46892
48 G	0.08533	0.46064	0.45403
49 A	0.07824	0.53612	0.38564
50 G	0.07486	0.59540	0.32974
51 C	0.07420	0.60166	0.32414
52 A	0.07368	0.62107	0.30524
53 A	0.07340	0.63362	0.29298
54 T	0.07349	0.64160	0.28491
55 G	0.07316	0.64923	0.27761
56 A	0.07291	0.65183	0.27526
57 A	0.07362	0.65278	0.27361
58 A	0.07547	0.65180	0.27273
59 A	0.07952	0.64091	0.27958
60 A	0.09082	0.62641	0.28277
61 G	0.11787	0.59540	0.28674
62 A	0.19338	0.51101	0.29561
63 A	0.27953	0.39156	0.32891
64 T	0.31611	0.33308	0.35082
65 T	0.32504	0.32427	0.3507
66 A	0.31475	0.35849	0.32676
67 G	0.31163	0.39328	0.29508
68 A	0.28620	0.47373	0.24007
69 A	0.24789	0.51946	0.23265
70 A	0.24461	0.52403	0.23135
71 A	0.26209	0.50162	0.2363
72 A	0.33168	0.42844	0.23989
73 C	0.38786	0.37108	0.24106
74 T	0.39789	0.36423	0.23788
75 T	0.40289	0.36271	0.23441
76 T	0.39383	0.37651	0.22966
77 T	0.37786	0.39310	0.22904
78 G	0.33561	0.43520	0.22919
79 A	0.30119	0.46912	0.22969
80 A	0.28851	0.48121	0.23028
81 C	0.28105	0.48806	0.23089
82 C	0.27352	0.49557	0.2309
83 A	0.26684	0.50240	0.23076
84 A	0.26356	0.50580	0.23064
85 G	0.26428	0.50520	0.23052
86 G	0.26668	0.50288	0.23044
87 A	0.27070	0.49845	0.23085
88 A	0.28113	0.48253	0.23635
89 A	0.30601	0.44111	0.25287
90 A	0.33984	0.38271	0.27744
91 A	0.39376	0.28499	0.32125
92 T	0.40718	0.22636	0.36646
93 T	0.41285	0.20798	0.37917
94 A	0.41603	0.20023	0.38374
95 A	0.41949	0.19130	0.38921
96 T	0.42457	0.17421	0.40122
97 T	0.42733	0.15750	0.41517
98 T	0.42929	0.13753	0.43318
99 T	0.43140	0.12066	0.44794
100 T	0.43174	0.11052	0.45774
101 A	0.43175	0.08696	0.48129
102 T	0.43170	0.06374	0.50456
103 T	0.43147	0.05542	0.51311
104 G	0.43129	0.05117	0.51755
105 T	0.43115	0.04995	0.5189
106 G	0.43110	0.05331	0.51558
107 G	0.43117	0.05159	0.51724
108 T	0.43130	0.05078	0.51791
109 T	0.43127	0.05082	0.5179
110 T	0.43103	0.05175	0.51722
111 C	0.42909	0.05395	0.51696
112 G	0.42882	0.05441	0.51678
113 A	0.42872	0.05465	0.51663
114 T	0.42870	0.05485	0.51645
115 C	0.42857	0.05500	0.51642
116 C	0.42870	0.05493	0.51636
117 G	0.42888	0.05489	0.51623
118 A	0.42958	0.05423	0.51619
119 C	0.43069	0.05314	0.51618
120 T	0.43281	0.05106	0.51612
121 G	0.43477	0.04921	0.51601
122 C	0.43986	0.04413	0.51601
123 T	0.44818	0.03588	0.51594
124 A	0.45349	0.03055	0.51596
125 T	0.45847	0.02540	0.51614
126 T	0.46362	0.02001	0.51637
127 T	0.46633	0.01716	0.51651
128 C	0.46870	0.01443	0.51687
129 T	0.47397	0.00922	0.51682
130 T	0.47392	0.00927	0.5168
131 T	0.47292	0.01040	0.51669
132 A	0.46833	0.01537	0.5163
133 A	0.46662	0.01733	0.51604
134 C	0.46413	0.01811	0.51776
135 T	0.46053	0.02278	0.51669
136 A	0.45726	0.02739	0.51536
137 T	0.45531	0.03045	0.51424
138 T	0.45120	0.03499	0.51381
139 G	0.44526	0.04168	0.51306
140 G	0.44295	0.04414	0.51291
141 T	0.43834	0.04969	0.51198
142 C	0.43338	0.05566	0.51097
143 A	0.42981	0.06142	0.50878
144 T	0.42787	0.06426	0.50787
145 T	0.42588	0.06734	0.50677
146 T	0.42354	0.07096	0.5055
147 A	0.42086	0.07383	0.50532
148 G	0.41983	0.07476	0.50541
149 T	0.41922	0.07526	0.50551
150 T	0.41807	0.07615	0.50578
151 C	0.41647	0.07724	0.50629
152 A	0.41566	0.07806	0.50629
153 A	0.41542	0.07821	0.50637
154 A	0.41544	0.07701	0.50755
155 T	0.41601	0.07231	0.51168
156 T	0.41629	0.07004	0.51367
157 A	0.41621	0.06652	0.51727
158 C	0.41674	0.06111	0.52215
159 A	0.41663	0.05889	0.52449
160 A	0.41699	0.05674	0.52627
161 T	0.41783	0.05256	0.5296
162 T	0.41859	0.04963	0.53178
163 A	0.41874	0.05170	0.52955
164 T	0.42000	0.04876	0.53124
165 T	0.42100	0.04989	0.52911
166 T	0.42182	0.06126	0.51692
167 T	0.42110	0.07237	0.50653
168 A	0.41928	0.09353	0.48719
169 T	0.41838	0.12519	0.45643
170 T	0.40625	0.16463	0.42912
171 A	0.39632	0.18214	0.42154
172 T	0.39358	0.19225	0.41417
173 T	0.38788	0.20438	0.40774
174 A	0.37979	0.21790	0.40231
175 C	0.37542	0.22517	0.3994
176 A	0.36909	0.23702	0.39389
177 A	0.35021	0.25920	0.39058
178 A	0.33971	0.27152	0.38878
179 A	0.33455	0.27731	0.38814
180 G	0.33111	0.28072	0.38817
181 A	0.32923	0.28200	0.38876
182 A	0.32792	0.28204	0.39005
183 A	0.32830	0.28061	0.39109
184 G	0.32931	0.27893	0.39177
185 G	0.33184	0.27576	0.3924
186 A	0.33645	0.27043	0.39312
187 C	0.34398	0.26194	0.39409
188 A	0.35680	0.24882	0.39438
189 T	0.37914	0.22571	0.39515
190 A	0.39072	0.21306	0.39621
191 A	0.40818	0.19317	0.39866
192 T	0.43903	0.15964	0.40132
193 C	0.46260	0.11644	0.42097
194 C	0.47208	0.09554	0.43239
195 T	0.48335	0.08249	0.43416
196 T	0.49185	0.07377	0.43438
197 T	0.49663	0.06864	0.43474
198 T	0.49894	0.06626	0.43479
199 A	0.50079	0.06056	0.43865
200 T	0.50258	0.03787	0.45954
201 T	0.50239	0.02647	0.47113
202 T	0.50152	0.02254	0.47595
203 T	0.49991	0.02158	0.47851
204 A	0.47626	0.04422	0.47953
205 C	0.46300	0.05579	0.4812
206 T	0.45151	0.06826	0.48023
207 T	0.43233	0.09245	0.47522
208 G	0.40600	0.12482	0.46919
209 G	0.38951	0.14660	0.4639
210 A	0.37819	0.16399	0.45782
211 A	0.37056	0.17213	0.45731
212 G	0.36802	0.17478	0.45719
213 A	0.36752	0.17538	0.45709
214 G	0.36754	0.17521	0.45724
215 C	0.36789	0.17476	0.45735
216 T	0.36868	0.17395	0.45737
217 A	0.36932	0.17325	0.45743
218 C	0.37056	0.17187	0.45757
219 T	0.37272	0.16971	0.45757
220 T	0.37393	0.16849	0.45758
221 C	0.37408	0.16780	0.45812
222 T	0.37437	0.16742	0.4582
223 T	0.37301	0.16891	0.45807
224 T	0.36749	0.17311	0.4594
225 G	0.35268	0.18711	0.46022
226 A	0.33654	0.20369	0.45977
227 T	0.32866	0.18418	0.48716
228 A	0.31185	0.18434	0.50381
229 G	0.29680	0.18484	0.51836
230 G	0.29282	0.17747	0.52971
231 T	0.29272	0.16298	0.54429
232 G	0.28571	0.16076	0.55354
233 A	0.27995	0.16060	0.55945
234 T	0.27359	0.16352	0.56289
235 C	0.25582	0.18705	0.55713
236 C	0.22302	0.25821	0.51877
237 G	0.19011	0.33047	0.47942
238 A	0.17158	0.38227	0.44616
239 A	0.15200	0.43229	0.41571
240 A	0.13847	0.46075	0.40078
241 G	0.12625	0.48079	0.39296
242 A	0.11518	0.49797	0.38685
243 A	0.10592	0.50908	0.385
244 A	0.10235	0.51290	0.38476
245 A	0.10088	0.51333	0.38579
246 A	0.10004	0.51091	0.38905
247 G	0.10004	0.50359	0.39637
248 A	0.10013	0.49064	0.40923
249 A	0.09945	0.47644	0.42411
250 G	0.09920	0.46751	0.43328
251 A	0.09891	0.45698	0.44412
252 A	0.09910	0.44841	0.45249
253 A	0.10163	0.44157	0.4568
254 G	0.10197	0.43532	0.4627
255 A	0.10280	0.42932	0.46789
256 A	0.10706	0.41521	0.47774
257 A	0.11676	0.39698	0.48626
258 A	0.14273	0.35152	0.50575
259 T	0.20112	0.26001	0.53887
260 T	0.23618	0.19533	0.56848
261 A	0.25260	0.16564	0.58177
262 T	0.27032	0.12941	0.60027
263 T	0.27538	0.11436	0.61026
264 A	0.27252	0.10999	0.61749
265 T	0.26883	0.10723	0.62394
266 C	0.26299	0.10911	0.6279
267 T	0.25871	0.11887	0.62243
268 T	0.24603	0.14017	0.6138
269 T	0.22664	0.16646	0.6069
270 A	0.18234	0.21666	0.60101
271 G	0.15689	0.24449	0.59862
272 A	0.15128	0.25012	0.5986
273 A	0.14870	0.25292	0.59838
274 G	0.15009	0.25018	0.59974
275 A	0.15638	0.24305	0.60056
276 T	0.16269	0.23533	0.60198
277 G	0.16458	0.23329	0.60213
278 T	0.16853	0.23061	0.60086
279 T	0.16808	0.23500	0.59692
280 G	0.16431	0.24590	0.58979
281 A	0.16109	0.25887	0.58003
282 T	0.15900	0.26803	0.57297
283 A	0.15188	0.29140	0.55672
284 A	0.14913	0.31037	0.5405
285 A	0.14977	0.31969	0.53055
286 A	0.15237	0.32563	0.522
287 A	0.15673	0.31916	0.52411
288 T	0.16832	0.29020	0.54148
289 T	0.17817	0.26972	0.55211
290 T	0.18436	0.25459	0.56105
291 T	0.18457	0.24268	0.57275
292 G	0.17908	0.23505	0.58587
293 T	0.17794	0.21620	0.60585
294 T	0.16856	0.22847	0.60297
295 A	0.15194	0.27288	0.57518
296 A	0.14338	0.30992	0.5467
297 A	0.13696	0.36104	0.502
298 A	0.13293	0.37860	0.48848
299 T	0.13137	0.38408	0.48455
300 T	0.12645	0.39345	0.4801
301 A	0.11789	0.40618	0.47593
302 A	0.11370	0.41255	0.47375
303 A	0.11868	0.40379	0.47754
304 A	0.12696	0.39145	0.48159
305 A	0.13376	0.38101	0.48523
306 A	0.14986	0.35703	0.49311
307 C	0.16707	0.33391	0.49901
308 A	0.17754	0.32451	0.49795
309 A	0.19107	0.31248	0.49644
310 T	0.19862	0.30663	0.49475
311 T	0.19910	0.30724	0.49365
312 A	0.18877	0.32077	0.49045
313 A	0.17514	0.33322	0.49164
314 T	0.16056	0.34172	0.49772
315 G	0.12651	0.37350	0.49999
316 A	0.11963	0.38655	0.49382
317 A	0.13010	0.37407	0.49583
318 A	0.15371	0.34325	0.50304
319 A	0.18123	0.30820	0.51057
320 T	0.23007	0.25081	0.51912
321 T	0.24043	0.23342	0.52615
322 T	0.23941	0.22944	0.53115
323 T	0.22963	0.23313	0.53724
324 A	0.20146	0.25453	0.54401
325 C	0.18625	0.26370	0.55005
326 C	0.16785	0.28099	0.55116
327 G	0.16109	0.28846	0.55046
328 A	0.15582	0.29520	0.54898
329 A	0.15367	0.29792	0.54841
330 A	0.15164	0.30028	0.54808
331 G	0.15002	0.30133	0.54866
332 A	0.15108	0.29673	0.5522
333 T	0.15416	0.28930	0.55654
334 A	0.15555	0.28411	0.56034
335 A	0.15956	0.26795	0.57249
336 A	0.16566	0.24182	0.59252
337 G	0.17072	0.20955	0.61973
338 T	0.18050	0.16470	0.65481
339 T	0.19045	0.14326	0.66629
340 A	0.19442	0.13397	0.67161
341 T	0.19902	0.12072	0.68026
342 T	0.20068	0.11201	0.6873
343 T	0.20135	0.10433	0.69432
344 T	0.20136	0.09687	0.70177
345 T	0.20088	0.09072	0.7084
346 G	0.20043	0.08032	0.71925
347 T	0.20041	0.06139	0.73819
348 T	0.19984	0.05279	0.74736
349 G	0.19797	0.05033	0.7517
350 A	0.19764	0.07379	0.72857
351 T	0.19580	0.10922	0.69498
352 A	0.19142	0.14748	0.6611
353 A	0.18993	0.15515	0.65492
354 T	0.18880	0.15854	0.65266
355 T	0.18554	0.16987	0.64459
356 A	0.17894	0.18577	0.63529
357 T	0.17675	0.19667	0.62658
358 G	0.17272	0.21240	0.61489
359 A	0.17030	0.22170	0.608
360 A	0.16884	0.22896	0.6022
361 T	0.16854	0.23219	0.59927
362 G	0.16596	0.23668	0.59737
363 G	0.16534	0.24076	0.59389
364 A	0.16505	0.24218	0.59277
365 T	0.16590	0.24153	0.59257
366 A	0.16618	0.24134	0.59248
367 T	0.16794	0.23922	0.59284
368 C	0.16859	0.23798	0.59344
369 T	0.16993	0.23649	0.59359
370 A	0.17072	0.23568	0.59361
371 A	0.17350	0.23251	0.59399
372 A	0.18135	0.22333	0.59532
373 A	0.21091	0.19293	0.59616
374 T	0.25588	0.14359	0.60053
375 T	0.29012	0.10416	0.60571
376 A	0.29573	0.09605	0.60822
377 A	0.30036	0.08852	0.61112
378 T	0.30977	0.07401	0.61622
379 C	0.31665	0.06025	0.6231
380 T	0.32630	0.04878	0.62492
381 T	0.33843	0.03467	0.6269
382 A	0.34454	0.02765	0.62781
383 T	0.35023	0.02160	0.62818
384 T	0.35201	0.02058	0.62741
385 G	0.34969	0.02223	0.62808
386 A	0.34942	0.02495	0.62563
387 T	0.35011	0.02504	0.62485
388 T	0.34927	0.02996	0.62076
389 T	0.34692	0.03517	0.6179
390 T	0.34179	0.04290	0.61532
391 T	0.33357	0.05344	0.61299
392 T	0.31645	0.07341	0.61014
393 A	0.26544	0.12942	0.60513
394 A	0.22234	0.17747	0.60019
395 G	0.20833	0.19326	0.59841
396 A	0.20381	0.20089	0.59529
397 G	0.20052	0.20586	0.59362
398 A	0.19890	0.20754	0.59357
399 T	0.19774	0.20857	0.59369
400 T	0.19495	0.21163	0.59342
401 A	0.19088	0.21591	0.5932
402 C	0.18904	0.21757	0.59339
403 G	0.18704	0.22036	0.59259
404 G	0.18603	0.22190	0.59207
405 A	0.18587	0.22293	0.5912
406 A	0.18633	0.22281	0.59086
407 A	0.18766	0.22163	0.59071
408 A	0.19057	0.21551	0.59392
409 T	0.19517	0.20751	0.59732
410 A	0.19747	0.20260	0.59993
411 T	0.20281	0.19002	0.60717
412 T	0.20609	0.17742	0.61649
413 T	0.20858	0.16263	0.62879
414 T	0.21023	0.15143	0.63834
415 A	0.21173	0.13664	0.65162
416 A	0.21549	0.09539	0.68912
417 T	0.22027	0.05353	0.7262
418 G	0.22093	0.04092	0.73815
419 T	0.22345	0.03595	0.74061
420 T	0.22360	0.03819	0.73821
421 A	0.22033	0.04831	0.73136
422 A	0.21853	0.05466	0.72681
423 T	0.21738	0.05632	0.7263
424 T	0.21598	0.05673	0.7273
425 A	0.21197	0.06893	0.7191
426 T	0.21058	0.07812	0.7113
427 A	0.20906	0.08697	0.70397
428 T	0.20899	0.08874	0.70227
429 G	0.20756	0.09434	0.6981
430 A	0.20715	0.09767	0.69518
431 T	0.20708	0.09997	0.69296
432 T	0.20315	0.10615	0.6907
433 T	0.19673	0.11637	0.6869
434 C	0.18122	0.13685	0.68193
435 T	0.16777	0.16006	0.67216
436 A	0.14327	0.19444	0.6623
437 A	0.12342	0.21951	0.65706
438 A	0.11167	0.23505	0.65327
439 G	0.10295	0.24664	0.65041
440 A	0.09644	0.25554	0.64802
441 A	0.09283	0.26116	0.64601
442 A	0.09418	0.26184	0.64398
443 A	0.09906	0.25862	0.64232
444 A	0.10701	0.25016	0.64284
445 A	0.11428	0.24147	0.64425
446 T	0.11936	0.23426	0.64638
447 A	0.12073	0.23155	0.64772
448 G	0.12743	0.22123	0.65134
449 C	0.13547	0.21127	0.65327
450 T	0.14167	0.20525	0.65307
451 A	0.14186	0.20594	0.65221
452 A	0.14442	0.20306	0.65252
453 A	0.14715	0.19982	0.65303
454 A	0.14980	0.19633	0.65387
455 G	0.15387	0.18421	0.66193
456 A	0.16125	0.16704	0.67171
457 T	0.16980	0.14037	0.68983
458 T	0.17661	0.12006	0.70333
459 A	0.18056	0.09872	0.72072
460 G	0.18322	0.07950	0.73728
461 A	0.18606	0.06831	0.74563
462 T	0.18841	0.05812	0.75347
463 A	0.18915	0.05222	0.75862
464 C	0.19143	0.04582	0.76274
465 A	0.19355	0.04393	0.76252
466 G	0.19656	0.04103	0.76241
467 G	0.19945	0.03828	0.76227
468 T	0.20219	0.03577	0.76204
469 A	0.20327	0.03473	0.762
470 T	0.20577	0.03041	0.76382
471 T	0.20708	0.02765	0.76527
472 T	0.20745	0.02588	0.76666
473 C	0.20763	0.02457	0.76779
474 T	0.20803	0.02530	0.76667
475 T	0.20792	0.02525	0.76683
476 A	0.20749	0.02574	0.76677
477 T	0.20736	0.02569	0.76696
478 A	0.20675	0.02621	0.76703
479 C	0.20664	0.02526	0.76811
480 T	0.20710	0.02479	0.76811
481 G	0.20771	0.02441	0.76788
482 A	0.20933	0.02386	0.7668
483 A	0.21052	0.02302	0.76646
484 T	0.21265	0.02069	0.76667
485 T	0.21389	0.01842	0.76769
486 T	0.21477	0.01575	0.76948
487 T	0.21506	0.01451	0.77043
488 C	0.21530	0.01392	0.77078
489 T	0.21530	0.01474	0.76997
490 T	0.21443	0.01843	0.76713
491 A	0.21300	0.02262	0.76437
492 T	0.21194	0.02511	0.76295
493 A	0.21018	0.02822	0.7616
494 T	0.20975	0.02917	0.76108
495 A	0.20914	0.03025	0.76061
496 A	0.20934	0.03007	0.76059
497 T	0.21091	0.02826	0.76083
498 T	0.21109	0.02755	0.76137
499 T	0.21101	0.02712	0.76188
500 T	0.21064	0.02713	0.76223
501 A	0.21017	0.02707	0.76276
502 C	0.20997	0.02677	0.76325
503 A	0.20996	0.02667	0.76337
504 A	0.21037	0.02607	0.76356
505 T	0.21180	0.02451	0.76369
506 C	0.21245	0.02380	0.76375
507 T	0.21270	0.02356	0.76375
508 T	0.21274	0.02345	0.76381
509 T	0.21256	0.02358	0.76387
510 A	0.21214	0.02399	0.76386
511 G	0.21214	0.02393	0.76394
512 A	0.21290	0.02271	0.76439
513 T	0.21630	0.01768	0.76602
514 T	0.21889	0.01340	0.76771
515 T	0.22016	0.01105	0.7688
516 T	0.22057	0.00970	0.76974
517 T	0.21987	0.01091	0.76922
518 A	0.21920	0.01195	0.76885
519 T	0.21916	0.01224	0.7686
520 T	0.21894	0.01287	0.76819
521 T	0.21836	0.01380	0.76784
522 T	0.21705	0.01605	0.76689
523 T	0.21313	0.02207	0.76479
524 T	0.20824	0.02800	0.76376
525 A	0.20022	0.03707	0.76271
526 T	0.19608	0.04185	0.76207
527 A	0.18790	0.05104	0.76106
528 T	0.18537	0.05413	0.76049
529 A	0.17928	0.06118	0.75954
530 A	0.17456	0.06718	0.75826
531 A	0.17320	0.06891	0.75789
532 A	0.17241	0.06962	0.75797
533 A	0.17081	0.07095	0.75824
534 A	0.17021	0.07133	0.75846
535 T	0.17024	0.07108	0.75868
536 A	0.17003	0.07119	0.75878
537 T	0.17023	0.07066	0.75912
538 G	0.17019	0.07045	0.75935
539 A	0.17067	0.06965	0.75968
540 T	0.17180	0.06750	0.76071
541 G	0.17261	0.06583	0.76156
542 T	0.17359	0.06426	0.76215
543 T	0.17452	0.06265	0.76283
544 A	0.17512	0.06118	0.76371
545 A	0.17642	0.05779	0.76578
546 T	0.17917	0.05015	0.77068
547 T	0.18025	0.04323	0.77653
548 T	0.18069	0.03562	0.78368
549 A	0.18061	0.03158	0.78781
550 C	0.18106	0.02378	0.79517
551 A	0.18076	0.02303	0.79621
552 A	0.18111	0.01887	0.80002
553 T	0.18226	0.01438	0.80335
554 T	0.18214	0.01485	0.80302
555 A	0.18004	0.01898	0.80098
556 G	0.17760	0.02185	0.80055
557 G	0.17653	0.02365	0.79982
558 T	0.17586	0.02591	0.79823
559 G	0.17468	0.02733	0.79799
560 G	0.17434	0.02782	0.79784
561 T	0.17417	0.02833	0.7975
562 T	0.17382	0.02948	0.79669
563 C	0.17319	0.03038	0.79642
564 T	0.17274	0.03099	0.79628
565 G	0.17223	0.03171	0.79605
566 A	0.17201	0.03208	0.79591
567 T	0.17187	0.03227	0.79585
568 C	0.17131	0.03291	0.79578
569 A	0.17086	0.03410	0.79504
570 A	0.16964	0.03556	0.7948
571 T	0.16881	0.03620	0.79499
572 G	0.16627	0.03844	0.79529
573 G	0.16478	0.03986	0.79536
574 G	0.16369	0.04040	0.79591
575 G	0.16330	0.04113	0.79558
576 A	0.16313	0.04162	0.79524
577 A	0.16456	0.03976	0.79568
578 A	0.16734	0.03500	0.79766
579 T	0.17025	0.02966	0.80009
580 A	0.17158	0.02713	0.80129
581 T	0.17350	0.02414	0.80235
582 T	0.17400	0.02229	0.80371
583 A	0.17407	0.02144	0.80448
584 C	0.17436	0.02029	0.80534
585 T	0.17488	0.01935	0.80578
586 T	0.17395	0.01985	0.80621
587 C	0.17049	0.02300	0.8065
588 T	0.16777	0.02610	0.80613
589 G	0.16121	0.03343	0.80536
590 G	0.15568	0.03979	0.80453
591 G	0.15035	0.04647	0.80318
592 T	0.14719	0.05330	0.79951
593 T	0.14278	0.05996	0.79726
594 A	0.13500	0.06936	0.79564
595 G	0.13229	0.07139	0.79632
596 A	0.13034	0.07409	0.79557
597 A	0.12954	0.07471	0.79575
598 T	0.12997	0.07526	0.79477
599 T	0.12974	0.07645	0.79382
600 G	0.12814	0.08134	0.79051
601 A	0.12685	0.08768	0.78547
602 T	0.12516	0.09366	0.78118
603 T	0.12178	0.09974	0.77849
604 A	0.11373	0.11091	0.77537
605 G	0.10704	0.11980	0.77316
606 A	0.10418	0.12415	0.77167
607 A	0.10308	0.12618	0.77074
608 A	0.10246	0.12722	0.77033
609 A	0.10231	0.12728	0.77041
610 A	0.10241	0.12499	0.7726
611 A	0.10310	0.12251	0.77439
612 A	0.10413	0.11650	0.77937
613 A	0.10529	0.11144	0.78327
614 A	0.10742	0.10572	0.78686
615 T	0.11249	0.09809	0.78943
616 T	0.11582	0.09416	0.79003
617 T	0.11727	0.08947	0.79325
618 A	0.11730	0.09072	0.79198
619 G	0.11826	0.08998	0.79176
620 A	0.11879	0.09058	0.79063
621 T	0.11956	0.09037	0.79007
622 A	0.11908	0.09159	0.78933
623 A	0.12096	0.09082	0.78822
624 A	0.12541	0.08873	0.78586
625 T	0.13015	0.08206	0.78779
626 T	0.13112	0.07769	0.79119
627 A	0.12878	0.07293	0.79828
628 T	0.12835	0.06735	0.8043
629 C	0.12548	0.06885	0.80568
630 C	0.12047	0.07708	0.80245
631 A	0.11529	0.09765	0.78706
632 A	0.11422	0.10409	0.78169
633 A	0.11420	0.10452	0.78128
634 A	0.11527	0.10347	0.78126
635 A	0.11672	0.10181	0.78146
636 A	0.11962	0.09786	0.78252
637 C	0.12394	0.09221	0.78384
638 C	0.12893	0.08679	0.78429
639 T	0.13373	0.08180	0.78447
640 T	0.13676	0.07859	0.78465
641 T	0.13785	0.07725	0.78489
642 T	0.13787	0.07708	0.78506
643 G	0.13708	0.07718	0.78575
644 G	0.13591	0.07630	0.78778
645 A	0.13575	0.07453	0.78971
646 A	0.13743	0.07079	0.79178
647 T	0.14071	0.06560	0.79369
648 G	0.13973	0.06544	0.79484
649 A	0.13845	0.06529	0.79626
650 G	0.13843	0.06118	0.80039
651 T	0.14029	0.05727	0.80244
652 A	0.14052	0.05398	0.8055
653 G	0.14410	0.04547	0.81042
654 T	0.15801	0.02643	0.81557
655 T	0.16174	0.02090	0.81737
656 C	0.16113	0.02061	0.81826
657 T	0.16078	0.02154	0.81768
658 C	0.16018	0.02267	0.81715
659 T	0.15968	0.02459	0.81572
660 T	0.15895	0.02671	0.81435
661 T	0.15775	0.02975	0.8125
662 T	0.15511	0.03547	0.80942
663 A	0.14786	0.04676	0.80538
664 T	0.14311	0.05286	0.80402
665 T	0.13664	0.05941	0.80395
666 A	0.12588	0.07017	0.80394
667 G	0.12152	0.07381	0.80467
668 A	0.12010	0.07475	0.80515
669 T	0.11890	0.07575	0.80535
670 A	0.11529	0.08019	0.80452
671 A	0.11262	0.08253	0.80484
672 T	0.10990	0.08442	0.80569
673 A	0.10222	0.09229	0.8055
674 A	0.09881	0.09574	0.80546
675 A	0.09746	0.09663	0.80592
676 G	0.09729	0.09639	0.80632
677 G	0.09717	0.09673	0.8061
678 A	0.09729	0.09737	0.80534
679 G	0.09666	0.09864	0.8047
680 T	0.09632	0.10192	0.80176
681 T	0.09183	0.11097	0.7972
682 A	0.07982	0.12976	0.79042
683 A	0.07558	0.13638	0.78803
684 A	0.07316	0.13949	0.78735
685 A	0.07411	0.13599	0.7899
686 T	0.07763	0.12337	0.799
687 T	0.07734	0.12071	0.80195
688 G	0.07353	0.12335	0.80312
689 G	0.07164	0.12406	0.80431
690 A	0.06443	0.13449	0.80109
691 A	0.05516	0.14607	0.79877
692 A	0.05079	0.14960	0.79962
693 A	0.04941	0.14785	0.80274
694 A	0.04854	0.14559	0.80587
695 G	0.04706	0.14342	0.80953
696 C	0.04670	0.13796	0.81535
697 G	0.04581	0.13849	0.81571
698 A	0.04546	0.14006	0.81447
699 A	0.04547	0.14168	0.81285
700 A	0.04592	0.14293	0.81115
701 A	0.04733	0.14222	0.81045
702 A	0.04972	0.13789	0.81239
703 A	0.05409	0.12975	0.81617
704 A	0.05950	0.11757	0.82293
705 T	0.06669	0.09637	0.83695
706 G	0.06951	0.08686	0.84363
707 C	0.07274	0.07770	0.84956
708 C	0.07568	0.07182	0.85251
709 A	0.07839	0.06957	0.85203
710 T	0.08349	0.06409	0.85242
711 T	0.08821	0.05920	0.85259
712 T	0.09056	0.05764	0.8518
713 G	0.09237	0.05049	0.85715
714 G	0.09394	0.04390	0.86217
715 T	0.09434	0.04516	0.8605
716 T	0.09414	0.04943	0.85643
717 A	0.09328	0.05466	0.85205
718 G	0.09309	0.06072	0.8462
719 A	0.09301	0.06924	0.83774
720 T	0.09350	0.07249	0.83401
721 G	0.09247	0.08123	0.82629
722 A	0.09108	0.10173	0.8072
723 A	0.08962	0.11053	0.79985
724 A	0.08919	0.11493	0.79588
725 A	0.08601	0.11950	0.79449
726 A	0.08489	0.12119	0.79391
727 C	0.08418	0.12188	0.79395
728 T	0.08340	0.12306	0.79353
729 A	0.08237	0.12459	0.79304
730 A	0.08153	0.12586	0.7926
731 C	0.08157	0.12623	0.7922
732 A	0.08232	0.12562	0.79206
733 A	0.08344	0.12442	0.79214
734 A	0.08589	0.12177	0.79234
735 T	0.08989	0.11741	0.7927
736 C	0.09289	0.11394	0.79318
737 C	0.09969	0.10637	0.79394
738 T	0.10803	0.09782	0.79415
739 T	0.11452	0.09105	0.79442
740 A	0.11798	0.08722	0.79479
741 T	0.12529	0.07961	0.79511
742 C	0.13088	0.07333	0.7958
743 A	0.13410	0.06912	0.79678
744 A	0.14087	0.06039	0.79874
745 A	0.15825	0.04037	0.80138
746 T	0.16689	0.02869	0.80442
747 T	0.17138	0.02284	0.80579
748 T	0.17277	0.01656	0.81067
749 A	0.17261	0.01486	0.81253
750 T	0.17275	0.01328	0.81397
751 C	0.17240	0.01252	0.81509
752 A	0.17264	0.01197	0.81539
753 A	0.17320	0.01097	0.81582
754 T	0.17405	0.01007	0.81588
755 T	0.17419	0.00969	0.81611
756 T	0.17404	0.00983	0.81614
757 T	0.17341	0.01052	0.81606
758 T	0.17001	0.01427	0.81571
759 C	0.16668	0.01886	0.81446
760 T	0.16445	0.02440	0.81115
761 T	0.16182	0.02864	0.80954
762 A	0.15538	0.03900	0.80562
763 A	0.15184	0.04369	0.80447
764 A	0.14993	0.04595	0.80412
765 T	0.14825	0.04642	0.80533
766 G	0.14621	0.04833	0.80547
767 T	0.14568	0.04893	0.80539
768 T	0.14482	0.04997	0.80521
769 G	0.14276	0.05292	0.80431
770 A	0.14208	0.05420	0.80373
771 T	0.14188	0.05407	0.80405
772 G	0.14153	0.05379	0.80469
773 A	0.14137	0.05370	0.80493
774 T	0.14148	0.05302	0.8055
775 C	0.14158	0.05281	0.80561
776 A	0.14170	0.05331	0.80499
777 A	0.14181	0.05401	0.80418
778 A	0.14188	0.05414	0.80398
779 A	0.14215	0.05395	0.80391
780 T	0.14316	0.05237	0.80447
781 G	0.14401	0.04660	0.80939
782 T	0.14666	0.03972	0.81362
783 T	0.15014	0.03404	0.81582
784 A	0.15150	0.03178	0.81672
785 T	0.15426	0.02474	0.821
786 T	0.15492	0.02196	0.82313
787 A	0.15498	0.02081	0.82421
788 A	0.15522	0.01953	0.82526
789 T	0.15620	0.01689	0.82691
790 T	0.15612	0.01653	0.82735
791 A	0.15423	0.01794	0.82783
792 T	0.15329	0.01721	0.8295
793 T	0.14884	0.02163	0.82953
794 T	0.13580	0.03682	0.82738
795 G	0.11225	0.06615	0.8216
796 A	0.10314	0.07893	0.81793
797 A	0.09753	0.08675	0.81572
798 A	0.09500	0.08949	0.81551
799 A	0.09361	0.09112	0.81527
800 T	0.09330	0.09130	0.81539
801 G	0.09104	0.09382	0.81514
802 C	0.08911	0.09581	0.81509
803 T	0.08738	0.09760	0.81502
804 A	0.08284	0.10223	0.81493
805 A	0.08104	0.10405	0.81491
806 C	0.08063	0.10442	0.81496
807 C	0.08123	0.10381	0.81495
808 T	0.08186	0.10321	0.81493
809 T	0.08197	0.10311	0.81492
810 A	0.08058	0.10448	0.81493
811 T	0.07972	0.10533	0.81495
812 T	0.07597	0.10896	0.81507
813 A	0.07019	0.11349	0.81632
814 G	0.06861	0.11125	0.82014
815 A	0.06746	0.10894	0.8236
816 A	0.06732	0.10271	0.82997
817 G	0.06923	0.08705	0.84371
818 T	0.07487	0.06205	0.86308
819 G	0.07662	0.05355	0.86982
820 G	0.07727	0.05001	0.87271
821 A	0.07636	0.05265	0.87099
822 T	0.07589	0.05499	0.86912
823 A	0.07408	0.06118	0.86474
824 A	0.07255	0.06441	0.86304
825 A	0.07215	0.06629	0.86156
826 A	0.07209	0.06656	0.86136
827 T	0.07223	0.06267	0.86509
828 T	0.07196	0.06181	0.86624
829 T	0.07071	0.06387	0.86542
830 T	0.06776	0.07001	0.86223
831 A	0.06480	0.07802	0.85718
832 G	0.06373	0.08167	0.8546
833 A	0.06292	0.08418	0.8529
834 A	0.06212	0.08569	0.85219
835 T	0.06137	0.08552	0.85312
836 T	0.05821	0.09542	0.84637
837 A	0.05447	0.11507	0.83046
838 G	0.05295	0.12400	0.82305
839 A	0.05208	0.13236	0.81557
840 A	0.05188	0.13518	0.81293
841 A	0.05219	0.13648	0.81132
842 A	0.05301	0.13530	0.81168
843 A	0.05437	0.13307	0.81257
844 G	0.05773	0.12862	0.81365
845 A	0.06170	0.12411	0.81419
846 A	0.06695	0.11743	0.81562
847 G	0.07111	0.11184	0.81706
848 T	0.07560	0.10734	0.81706
849 T	0.07738	0.10589	0.81673
850 A	0.07726	0.10663	0.81611
851 A	0.07751	0.10635	0.81614
852 G	0.07876	0.10409	0.81715
853 T	0.08283	0.09791	0.81926
854 T	0.08725	0.09175	0.821
855 A	0.08966	0.08870	0.82163
856 A	0.09279	0.08464	0.82256
857 A	0.09590	0.08023	0.82387
858 A	0.10032	0.07415	0.82553
859 C	0.11404	0.05635	0.82961
860 C	0.13222	0.03549	0.83229
861 T	0.14120	0.02602	0.83279
862 T	0.14662	0.02054	0.83284
863 C	0.14757	0.02000	0.83244
864 T	0.14806	0.02011	0.83183
865 T	0.14679	0.02178	0.83144
866 A	0.14127	0.02787	0.83086
867 T	0.14000	0.02973	0.83027
868 A	0.13913	0.03211	0.82876
869 G	0.13890	0.03154	0.82955
870 G	0.13891	0.03149	0.8296
871 T	0.13949	0.03100	0.82951
872 T	0.13912	0.03197	0.82891
873 A	0.13774	0.03309	0.82917
874 G	0.13656	0.03380	0.82964
875 C	0.13575	0.03429	0.82997
876 T	0.13446	0.03854	0.82701
877 C	0.13108	0.04438	0.82454
878 A	0.12172	0.06100	0.81728
879 A	0.11051	0.07878	0.81071
880 A	0.10329	0.08819	0.80852
881 A	0.09932	0.09300	0.80769
882 A	0.09783	0.09492	0.80725
883 G	0.09768	0.09501	0.80731
884 A	0.09783	0.09474	0.80743
885 A	0.09827	0.09361	0.80811
886 T	0.09917	0.09127	0.80956
887 T	0.09973	0.08965	0.81063
888 A	0.09982	0.08795	0.81224
889 G	0.10018	0.08276	0.81706
890 C	0.10079	0.08049	0.81872
891 T	0.10192	0.07872	0.81937
892 A	0.10210	0.07824	0.81965
893 A	0.10289	0.07700	0.82011
894 A	0.10349	0.07583	0.82068
895 C	0.10460	0.07346	0.82194
896 A	0.10536	0.07098	0.82366
897 A	0.10685	0.06781	0.82534
898 A	0.10980	0.06368	0.82652
899 T	0.11513	0.05627	0.8286
900 T	0.11817	0.05001	0.83181
901 G	0.12279	0.03488	0.84233
902 T	0.12823	0.01849	0.85328
903 T	0.12974	0.01141	0.85885
904 T	0.13013	0.00870	0.86118
905 C	0.13006	0.00824	0.86171
906 T	0.13012	0.00934	0.86054
907 T	0.12997	0.01026	0.85977
908 T	0.12980	0.01110	0.85911
909 T	0.12946	0.01152	0.85903
910 G	0.12882	0.01251	0.85866
911 T	0.12854	0.01313	0.85832
912 T	0.12793	0.01454	0.85753
913 C	0.12208	0.02205	0.85587
914 A	0.11546	0.03317	0.85137
915 T	0.11266	0.04014	0.84721
916 G	0.10740	0.05172	0.84087
917 G	0.10384	0.05865	0.8375
918 A	0.10149	0.06271	0.83579
919 A	0.10035	0.06450	0.83515
920 A	0.10017	0.06528	0.83455
921 A	0.10031	0.06556	0.83413
922 G	0.10049	0.06579	0.83372
923 A	0.10098	0.06621	0.83282
924 A	0.10146	0.06796	0.83057
925 A	0.10262	0.06800	0.82937
926 T	0.10481	0.06568	0.8295
927 T	0.10575	0.06460	0.82966
928 T	0.10588	0.06423	0.8299
929 T	0.10519	0.06478	0.83003
930 C	0.10094	0.06907	0.82998
931 A	0.09232	0.08049	0.82719
932 A	0.08653	0.08758	0.82589
933 A	0.08281	0.09235	0.82484
934 G	0.08112	0.09429	0.82459
935 A	0.08155	0.09391	0.82454
936 A	0.08416	0.08518	0.83066
937 T	0.08944	0.07261	0.83795
938 G	0.09279	0.06575	0.84146
939 T	0.09824	0.05579	0.84597
940 T	0.10009	0.05120	0.84871
941 T	0.10012	0.04957	0.85032
942 C	0.09904	0.04982	0.85114
943 G	0.09820	0.05061	0.85119
944 A	0.09824	0.05053	0.85123
945 A	0.09853	0.05031	0.85117
946 G	0.09945	0.04948	0.85107
947 T	0.10215	0.04680	0.85105
948 T	0.10347	0.04544	0.85108
949 A	0.10329	0.04563	0.85109
950 A	0.10350	0.04530	0.8512
951 T	0.10401	0.04411	0.85189
952 A	0.10423	0.04281	0.85296
953 A	0.10477	0.03794	0.85729
954 T	0.10777	0.02582	0.86641
955 A	0.10930	0.01898	0.87172
956 T	0.11090	0.01361	0.87549
957 T	0.11131	0.01158	0.87711
958 T	0.11145	0.01065	0.87791
959 T	0.11132	0.01056	0.87812
960 G	0.11111	0.01069	0.8782
961 T	0.11112	0.01041	0.87847
962 T	0.11109	0.01054	0.87838
963 T	0.11076	0.01120	0.87804
964 T	0.10953	0.01286	0.87761
965 T	0.10780	0.01528	0.87692
966 T	0.10402	0.02195	0.87403
967 G	0.09540	0.03856	0.86604
968 A	0.08901	0.05891	0.85208
969 T	0.08606	0.07190	0.84203
970 A	0.07974	0.08327	0.83699
971 A	0.07412	0.09043	0.83544
972 A	0.07122	0.09453	0.83425
973 T	0.06876	0.09880	0.83244
974 C	0.06426	0.10480	0.83094
975 A	0.06142	0.11061	0.82797
976 A	0.06046	0.11297	0.82656
977 A	0.06001	0.11389	0.82609
978 A	0.06003	0.11404	0.82593
979 G	0.06026	0.11385	0.82589
980 T	0.06079	0.11301	0.8262
981 G	0.06101	0.11252	0.82648
982 T	0.06158	0.11168	0.82674
983 T	0.06181	0.11123	0.82695
984 A	0.06165	0.11130	0.82705
985 A	0.06174	0.11076	0.8275
986 A	0.06234	0.10909	0.82857
987 T	0.06333	0.10567	0.831
988 G	0.06436	0.10240	0.83323
989 A	0.06739	0.09639	0.83622
990 A	0.07423	0.08313	0.84265
991 A	0.08586	0.06626	0.84788
992 A	0.09405	0.05550	0.85045
993 T	0.09988	0.04348	0.85664
994 G	0.10046	0.03878	0.86076
995 A	0.10210	0.03518	0.86272
996 T	0.10511	0.02958	0.86532
997 T	0.10679	0.02463	0.86859
998 T	0.10851	0.02134	0.87016
999 T	0.10857	0.02152	0.86991
1000 T	0.10803	0.02272	0.86925
1001 T	0.10692	0.02428	0.8688
1002 T	0.10531	0.02665	0.86805
1003 T	0.10367	0.02914	0.86719
1004 T	0.10190	0.03152	0.86658
1005 A	0.09955	0.03477	0.86568
1006 T	0.09887	0.03572	0.86541
1007 T	0.09753	0.03755	0.86492
1008 A	0.09079	0.04535	0.86386
1009 A	0.08422	0.05293	0.86285
1010 A	0.07485	0.06312	0.86203
1011 A	0.07191	0.06662	0.86146
1012 A	0.07111	0.06677	0.86211
1013 A	0.07145	0.06547	0.86309
1014 A	0.07245	0.06374	0.86382
1015 T	0.07410	0.06119	0.86471
1016 A	0.07464	0.06043	0.86493
1017 T	0.07679	0.05692	0.86628
1018 T	0.07778	0.05579	0.86643
1019 T	0.07818	0.05578	0.86604
1020 A	0.07837	0.05625	0.86539
1021 G	0.07906	0.05478	0.86617
1022 T	0.08028	0.05202	0.8677
1023 T	0.08174	0.04907	0.8692
1024 T	0.08163	0.04957	0.8688
1025 C	0.07977	0.05406	0.86617
1026 T	0.07727	0.07201	0.85072
1027 A	0.07272	0.08711	0.84018
1028 T	0.07044	0.09268	0.83688
1029 A	0.06450	0.10251	0.83299
1030 G	0.06397	0.10443	0.8316
1031 A	0.06449	0.09952	0.83599
1032 A	0.06529	0.09326	0.84146
1033 G	0.06617	0.08329	0.85054
1034 T	0.06729	0.08097	0.85174
1035 T	0.06745	0.08358	0.84897
1036 A	0.06714	0.08818	0.84468
1037 A	0.06686	0.08903	0.84411
1038 A	0.06669	0.08957	0.84375
1039 G	0.06664	0.08978	0.84357
1040 A	0.06685	0.09096	0.84219
1041 C	0.06743	0.09225	0.84032
1042 A	0.06801	0.10049	0.83149
1043 A	0.06893	0.10346	0.82761
1044 A	0.06939	0.10422	0.82638
1045 A	0.07013	0.10462	0.82526
1046 A	0.07169	0.10376	0.82455
1047 A	0.07611	0.09820	0.82569
1048 A	0.08334	0.08759	0.82908
1049 T	0.10313	0.06307	0.83381
1050 T	0.11267	0.04897	0.83837
1051 T	0.11526	0.04368	0.84106
1052 C	0.11606	0.03840	0.84553
1053 T	0.11648	0.03808	0.84545
1054 C	0.11674	0.03831	0.84495
1055 T	0.11689	0.03851	0.84459
1056 A	0.11570	0.04031	0.84399
1057 G	0.11590	0.04093	0.84317
1058 T	0.11802	0.03894	0.84304
1059 C	0.11471	0.04223	0.84306
1060 G	0.10633	0.05034	0.84333
1061 A	0.09909	0.05739	0.84352
1062 C	0.09835	0.05792	0.84373
1063 G	0.09973	0.05655	0.84371
1064 C	0.10240	0.05401	0.84359
1065 C	0.11096	0.04586	0.84318
1066 T	0.11491	0.04402	0.84107
1067 T	0.11580	0.04397	0.84023
1068 A	0.11567	0.04489	0.83944
1069 T	0.11518	0.04602	0.83879
1070 T	0.11377	0.04788	0.83835
1071 A	0.10939	0.05280	0.83781
1072 G	0.10726	0.05492	0.83782
1073 A	0.10586	0.05639	0.83775
1074 A	0.10094	0.06110	0.83796
1075 A	0.09457	0.06696	0.83848
1076 C	0.08856	0.07205	0.83939
1077 A	0.08223	0.07962	0.83816
1078 A	0.07950	0.08378	0.83672
1079 A	0.07804	0.08643	0.83554
1080 A	0.07796	0.08735	0.83469
1081 T	0.07806	0.08625	0.83569
1082 T	0.07788	0.07945	0.84268
1083 A	0.07661	0.07190	0.8515
1084 G	0.07578	0.06507	0.85914
1085 C	0.07534	0.06381	0.86085
1086 C	0.07362	0.06691	0.85947
1087 G	0.07329	0.06863	0.85808
1088 A	0.07379	0.07046	0.85574
1089 T	0.07590	0.06887	0.85523
1090 T	0.07636	0.06874	0.85491
1091 C	0.07634	0.06949	0.85416
1092 T	0.07586	0.07442	0.84973
1093 A	0.07472	0.07922	0.84607
1094 A	0.07371	0.08086	0.84543
1095 A	0.07181	0.08463	0.84356
1096 A	0.07094	0.08823	0.84082
1097 A	0.07005	0.08773	0.84222
1098 G	0.06950	0.08409	0.84642
1099 A	0.06973	0.07774	0.85253
1100 A	0.07107	0.07017	0.85876
1101 A	0.07305	0.06563	0.86132
1102 G	0.07546	0.06121	0.86333
1103 C	0.07737	0.05975	0.86288
1104 T	0.07742	0.06260	0.85998
1105 A	0.07689	0.06386	0.85924
1106 G	0.07655	0.06468	0.85876
1107 A	0.07643	0.06641	0.85716
1108 A	0.07662	0.06656	0.85682
1109 C	0.07825	0.06268	0.85907
1110 A	0.07980	0.06172	0.85848
1111 T	0.08340	0.05985	0.85674
1112 T	0.08421	0.06361	0.85217
1113 G	0.08192	0.07346	0.84462
1114 A	0.08156	0.08022	0.83822
1115 T	0.08526	0.07829	0.83645
1116 A	0.08740	0.07765	0.83495
1117 A	0.09026	0.07371	0.83602
1118 T	0.09408	0.06809	0.83783
1119 A	0.09675	0.06446	0.83879
1120 T	0.10006	0.06012	0.83982
1121 C	0.10154	0.05784	0.84062
1122 C	0.10149	0.05787	0.84064
1123 A	0.10129	0.05827	0.84044
1124 A	0.10217	0.05760	0.84022
1125 A	0.10309	0.05673	0.84018
1126 T	0.10572	0.05411	0.84018
1127 C	0.10854	0.05092	0.84054
1128 T	0.10999	0.04902	0.841
1129 A	0.11106	0.04775	0.84119
1130 T	0.11335	0.04520	0.84145
1131 T	0.11324	0.04521	0.84155
1132 A	0.11222	0.04638	0.84139
1133 A	0.11296	0.04499	0.84204
1134 G	0.11548	0.04192	0.8426
1135 A	0.12055	0.03630	0.84314
1136 T	0.12939	0.02468	0.84593
1137 T	0.13471	0.01836	0.84694
1138 T	0.13581	0.01737	0.84682
1139 T	0.13510	0.01970	0.8452
1140 T	0.13214	0.02626	0.8416
1141 A	0.12391	0.03963	0.83646
1142 A	0.11872	0.04660	0.83469
1143 T	0.11713	0.04891	0.83396
1144 A	0.11403	0.05164	0.83433
1145 A	0.11223	0.05302	0.83475
1146 A	0.11102	0.05366	0.83532
1147 T	0.11076	0.05342	0.83582
1148 C	0.11022	0.05375	0.83602
1149 T	0.11001	0.05403	0.83595
1150 A	0.10968	0.05448	0.83583
1151 T	0.10971	0.05443	0.83587
1152 T	0.10960	0.05450	0.8359
1153 G	0.10899	0.05537	0.83564
1154 A	0.10867	0.05524	0.83609
1155 T	0.10873	0.05407	0.8372
1156 A	0.10844	0.05405	0.8375
1157 A	0.10844	0.05368	0.83789
1158 A	0.10883	0.05281	0.83836
1159 G	0.10927	0.05145	0.83929
1160 T	0.11066	0.04903	0.84031
1161 A	0.11192	0.04672	0.84135
1162 G	0.11424	0.04255	0.84322
1163 A	0.11811	0.03687	0.84502
1164 T	0.12324	0.02427	0.85249
1165 T	0.12465	0.01888	0.85647
1166 A	0.12526	0.01749	0.85725
1167 T	0.12566	0.01490	0.85944
1168 G	0.12591	0.01336	0.86072
1169 T	0.12621	0.01263	0.86116
1170 T	0.12615	0.01261	0.86123
1171 T	0.12588	0.01334	0.86078
1172 T	0.12539	0.01445	0.86017
1173 A	0.12465	0.01626	0.8591
1174 G	0.12451	0.01724	0.85824
1175 A	0.12458	0.01777	0.85766
1176 T	0.12494	0.01764	0.85742
1177 T	0.12517	0.01911	0.85572
1178 T	0.12507	0.02508	0.84985
1179 T	0.12324	0.02993	0.84683
1180 G	0.11886	0.03538	0.84576
1181 A	0.11656	0.03869	0.84475
1182 A	0.11540	0.04043	0.84417
1183 A	0.11485	0.04102	0.84414
1184 C	0.11497	0.04081	0.84422
1185 A	0.11536	0.04043	0.84421
1186 T	0.11672	0.03906	0.84422
1187 C	0.11728	0.03850	0.84423
1188 T	0.11818	0.03763	0.8442
1189 T	0.11899	0.03683	0.84417
1190 T	0.11949	0.03635	0.84417
1191 A	0.11977	0.03609	0.84413
1192 T	0.12078	0.03503	0.84419
1193 G	0.12128	0.03410	0.84462
1194 T	0.12232	0.03261	0.84506
1195 T	0.12297	0.03143	0.8456
1196 C	0.12363	0.03030	0.84607
1197 T	0.12390	0.03085	0.84526
1198 A	0.12214	0.03504	0.84282
1199 A	0.12184	0.03749	0.84067
1200 A	0.12301	0.03815	0.83883
1201 T	0.12857	0.03437	0.83706
1202 A	0.13024	0.03200	0.83775
1203 T	0.13125	0.02785	0.8409
1204 A	0.13096	0.02823	0.84082
1205 T	0.13054	0.03009	0.83937
1206 T	0.12848	0.03278	0.83874
1207 T	0.12522	0.03706	0.83771
1208 T	0.12055	0.04255	0.8369
1209 G	0.10810	0.05649	0.83542
1210 C	0.09832	0.06670	0.83498
1211 T	0.09018	0.07590	0.83392
1212 A	0.07512	0.09418	0.83069
1213 A	0.06846	0.10369	0.82785
1214 C	0.06549	0.10789	0.82662
1215 A	0.06321	0.11321	0.82358
1216 A	0.06217	0.11659	0.82124
1217 A	0.06173	0.11945	0.81882
1218 A	0.06072	0.12221	0.81707
1219 A	0.06035	0.12331	0.81634
1220 A	0.06092	0.12225	0.81684
1221 A	0.06262	0.11903	0.81835
1222 A	0.06458	0.11626	0.81917
1223 A	0.06658	0.11353	0.8199
1224 T	0.06911	0.11057	0.82032
1225 A	0.07005	0.10918	0.82077
1226 A	0.07098	0.10780	0.82122
1227 A	0.07281	0.10463	0.82257
1228 A	0.07530	0.10034	0.82435
1229 T	0.07725	0.09458	0.82816
1230 T	0.07832	0.08937	0.83231
1231 A	0.07861	0.08415	0.83724
1232 A	0.07969	0.07089	0.84943
1233 T	0.08058	0.05801	0.86142
1234 G	0.08126	0.04856	0.87018
1235 C	0.08460	0.03268	0.88272
1236 T	0.08829	0.02558	0.88612
1237 T	0.08996	0.02237	0.88767
1238 T	0.09230	0.01896	0.88874
1239 G	0.09396	0.01670	0.88934
1240 A	0.09592	0.01441	0.88967
1241 T	0.09781	0.01105	0.89113
1242 T	0.09874	0.00935	0.89192
1243 A	0.09923	0.00837	0.8924
1244 T	0.10029	0.00649	0.89322
1245 T	0.10081	0.00548	0.89371
1246 T	0.10113	0.00486	0.89401
1247 T	0.10141	0.00438	0.8942
1248 T	0.10169	0.00392	0.89439
1249 A	0.10178	0.00371	0.89451
1250 A	0.10192	0.00340	0.89467
1251 A	0.10212	0.00298	0.8949
1252 T	0.10256	0.00233	0.89512
1253 T	0.10309	0.00151	0.8954
1254 T	0.10327	0.00096	0.89577
1255 T	0.10337	0.00064	0.89599
1256 A	0.10345	0.00044	0.89611
1257 A	0.10361	0.00000	0.8964
