# lcl|CP097583.1_cds_USQ93437.1_1
# AA	inside	membr	outside
1 A	0.40639	0.00000	0.59361
2 T	0.40597	0.00041	0.59361
3 G	0.40564	0.00074	0.59361
4 T	0.40564	0.00555	0.58881
5 C	0.40038	0.02063	0.57899
6 A	0.40038	0.02813	0.57149
7 A	0.38957	0.04023	0.5702
8 G	0.38957	0.04026	0.57017
9 A	0.38699	0.04389	0.56912
10 A	0.38699	0.11018	0.50283
11 T	0.38670	0.11279	0.5005
12 T	0.38178	0.11979	0.49843
13 T	0.36732	0.14286	0.48981
14 T	0.36731	0.14287	0.48981
15 A	0.36731	0.36156	0.27112
16 A	0.36505	0.36383	0.27112
17 A	0.35271	0.38060	0.26669
18 T	0.35216	0.39591	0.25192
19 A	0.30661	0.46294	0.23045
20 A	0.17667	0.76383	0.0595
21 A	0.03628	0.90467	0.05905
22 A	0.03303	0.90897	0.05799
23 A	0.03068	0.91180	0.05752
24 A	0.03005	0.91239	0.05757
25 A	0.03034	0.91024	0.05942
26 C	0.03074	0.90890	0.06036
27 A	0.03481	0.90470	0.06049
28 A	0.04380	0.89372	0.06248
29 T	0.05114	0.88667	0.06219
30 A	0.05370	0.87949	0.06681
31 A	0.05483	0.87814	0.06702
32 A	0.05784	0.87050	0.07165
33 T	0.11519	0.80794	0.07688
34 C	0.11959	0.80207	0.07834
35 T	0.13743	0.78222	0.08035
36 A	0.14399	0.77260	0.08342
37 A	0.14946	0.76802	0.08252
38 A	0.30145	0.61582	0.08273
39 A	0.30807	0.60722	0.0847
40 A	0.32927	0.56287	0.10786
41 A	0.36403	0.50864	0.12732
42 T	0.40797	0.40740	0.18464
43 T	0.55008	0.15029	0.29963
44 T	0.55355	0.03549	0.41096
45 A	0.55589	0.02909	0.41501
46 T	0.55811	0.02351	0.41838
47 T	0.55954	0.02176	0.4187
48 A	0.56016	0.02128	0.41856
49 T	0.56132	0.01924	0.41944
50 T	0.56243	0.01818	0.41938
51 T	0.56268	0.01951	0.41782
52 T	0.56267	0.02042	0.41692
53 T	0.56172	0.02332	0.41496
54 A	0.55870	0.02974	0.41156
55 T	0.55751	0.03202	0.41047
56 C	0.55719	0.03394	0.40886
57 T	0.55440	0.04423	0.40136
58 A	0.54991	0.05383	0.39627
59 T	0.55031	0.05396	0.39572
60 T	0.54778	0.05764	0.39458
61 T	0.54338	0.06750	0.38911
62 T	0.53819	0.08818	0.37364
63 A	0.52971	0.13041	0.33989
64 T	0.52910	0.13181	0.33909
65 T	0.52847	0.13338	0.33815
66 T	0.52788	0.13480	0.33732
67 A	0.52546	0.13809	0.33645
68 C	0.52421	0.13970	0.33609
69 T	0.52391	0.14091	0.33518
70 T	0.52364	0.14126	0.3351
71 T	0.52257	0.14237	0.33506
72 A	0.51980	0.14520	0.335
73 A	0.51942	0.14544	0.33514
74 C	0.52083	0.14286	0.33631
75 G	0.52205	0.14101	0.33694
76 A	0.52512	0.13706	0.33781
77 T	0.53293	0.12693	0.34013
78 T	0.53615	0.12256	0.34129
79 T	0.53787	0.12100	0.34113
80 T	0.54146	0.11313	0.34541
81 A	0.54245	0.10724	0.3503
82 A	0.54294	0.10329	0.35377
83 G	0.54461	0.09456	0.36083
84 C	0.55049	0.08334	0.36617
85 G	0.56620	0.06442	0.36938
86 T	0.59951	0.02837	0.37211
87 T	0.60166	0.02701	0.37133
88 T	0.60273	0.02918	0.36809
89 T	0.60272	0.03570	0.36158
90 A	0.59957	0.04977	0.35065
91 T	0.59870	0.05962	0.34167
92 T	0.58799	0.09436	0.31765
93 T	0.57790	0.12526	0.29684
94 A	0.56348	0.17212	0.2644
95 T	0.55126	0.20486	0.24388
96 T	0.51592	0.26407	0.22001
97 A	0.47030	0.31831	0.2114
98 A	0.45331	0.33931	0.20739
99 A	0.43875	0.35773	0.20352
100 G	0.42933	0.36941	0.20126
101 C	0.42270	0.37979	0.1975
102 A	0.41917	0.38639	0.19444
103 A	0.41637	0.38981	0.19382
104 A	0.41499	0.39084	0.19417
105 T	0.41463	0.39098	0.19439
106 C	0.41383	0.39166	0.19451
107 C	0.41379	0.39162	0.19459
108 A	0.41434	0.39127	0.19439
109 C	0.41562	0.39015	0.19423
110 A	0.41713	0.38953	0.19334
111 A	0.42140	0.38576	0.19284
112 G	0.42945	0.37732	0.19323
113 G	0.44574	0.35689	0.19737
114 A	0.46319	0.33662	0.20019
115 T	0.49784	0.27143	0.23073
116 C	0.51931	0.22510	0.25559
117 T	0.54786	0.18197	0.27018
118 A	0.55873	0.18598	0.25528
119 A	0.57455	0.16105	0.26439
120 T	0.57913	0.15571	0.26516
121 G	0.57695	0.17170	0.25135
122 T	0.57858	0.18803	0.23339
123 A	0.57615	0.19436	0.22949
124 A	0.57788	0.18980	0.23231
125 A	0.57969	0.18703	0.23328
126 T	0.58009	0.18782	0.23209
127 C	0.57926	0.18742	0.23332
128 C	0.57172	0.19776	0.23052
129 T	0.56785	0.20513	0.22702
130 T	0.56510	0.21056	0.22434
131 C	0.55690	0.22326	0.21984
132 A	0.54618	0.24324	0.21057
133 C	0.54324	0.24731	0.20945
134 A	0.54006	0.25682	0.20312
135 A	0.53374	0.26675	0.19951
136 T	0.53032	0.27453	0.19514
137 C	0.52210	0.28643	0.19148
138 A	0.50902	0.31238	0.1786
139 A	0.49968	0.32414	0.17619
140 A	0.49948	0.32559	0.17493
141 T	0.52768	0.29524	0.17707
142 A	0.53601	0.28639	0.1776
143 C	0.55023	0.26606	0.18371
144 A	0.54166	0.27173	0.18661
145 C	0.55093	0.25992	0.18915
146 A	0.54093	0.26909	0.18998
147 A	0.47523	0.33528	0.18949
148 G	0.45729	0.35251	0.19021
149 C	0.43947	0.36770	0.19283
150 A	0.43035	0.37630	0.19336
151 G	0.42658	0.36714	0.20628
152 C	0.42390	0.36441	0.21168
153 A	0.40146	0.38942	0.20912
154 G	0.39228	0.40067	0.20705
155 C	0.34853	0.45048	0.20099
156 A	0.31848	0.48301	0.19852
157 G	0.31031	0.49496	0.19474
158 A	0.30440	0.50313	0.19247
159 A	0.30120	0.50744	0.19136
160 C	0.30167	0.50153	0.19681
161 A	0.30860	0.48534	0.20606
162 A	0.30725	0.47782	0.21492
163 A	0.30467	0.47840	0.21693
164 C	0.30246	0.48144	0.2161
165 A	0.29933	0.50258	0.19809
166 A	0.29701	0.49931	0.20368
167 A	0.29633	0.47548	0.22819
168 T	0.29650	0.46197	0.24153
169 A	0.29633	0.44918	0.25449
170 C	0.29734	0.36410	0.33856
171 A	0.29743	0.34327	0.3593
172 C	0.29793	0.31546	0.38661
173 A	0.29881	0.32003	0.38116
174 A	0.29955	0.32199	0.37846
175 G	0.30133	0.31683	0.38183
176 G	0.30654	0.28858	0.40487
177 A	0.31340	0.27082	0.41578
178 T	0.33016	0.18900	0.48085
179 C	0.33485	0.16003	0.50513
180 T	0.33992	0.16440	0.49568
181 A	0.34278	0.24774	0.40947
182 A	0.34600	0.27611	0.37788
183 T	0.34631	0.30955	0.34414
184 G	0.34589	0.37606	0.27804
185 T	0.34881	0.41252	0.23866
186 A	0.34955	0.41673	0.23372
187 A	0.35335	0.41329	0.23335
188 A	0.36880	0.39666	0.23454
189 T	0.37426	0.39123	0.23452
190 C	0.37665	0.38709	0.23626
191 C	0.37519	0.39033	0.23448
192 T	0.37504	0.39273	0.23222
193 T	0.37446	0.39542	0.23012
194 C	0.37031	0.40181	0.22788
195 A	0.36537	0.41247	0.22217
196 C	0.37057	0.40766	0.22178
197 A	0.37438	0.40670	0.21892
198 A	0.37520	0.40826	0.21654
199 T	0.38381	0.40209	0.2141
200 C	0.38261	0.40586	0.21153
201 A	0.37883	0.41876	0.20241
202 A	0.38368	0.41572	0.2006
203 A	0.40040	0.40032	0.19929
204 T	0.49728	0.30213	0.2006
205 A	0.52255	0.27674	0.2007
206 C	0.55345	0.24304	0.2035
207 A	0.57714	0.21864	0.20422
208 C	0.58986	0.20497	0.20518
209 A	0.57338	0.22152	0.20509
210 A	0.46829	0.32707	0.20463
211 G	0.44268	0.35241	0.2049
212 C	0.42050	0.37331	0.20619
213 A	0.40703	0.38675	0.20621
214 G	0.40061	0.38715	0.21224
215 C	0.39331	0.39180	0.21488
216 A	0.35683	0.42999	0.21318
217 G	0.34323	0.44474	0.21203
218 C	0.28373	0.50767	0.20861
219 A	0.24301	0.55007	0.20692
220 G	0.23202	0.56340	0.20458
221 A	0.22633	0.57061	0.20306
222 A	0.22211	0.57546	0.20243
223 C	0.22169	0.57188	0.20644
224 A	0.22618	0.56119	0.21264
225 A	0.22485	0.55637	0.21878
226 A	0.22317	0.55618	0.22066
227 C	0.22125	0.55788	0.22087
228 A	0.21902	0.57137	0.20962
229 A	0.21739	0.56650	0.21611
230 A	0.21709	0.53934	0.24356
231 T	0.21722	0.52134	0.26143
232 A	0.21706	0.50498	0.27796
233 C	0.21766	0.38083	0.40151
234 A	0.21771	0.35322	0.42907
235 C	0.21804	0.32017	0.46179
236 A	0.21863	0.32609	0.45529
237 A	0.21909	0.32933	0.45158
238 G	0.22013	0.32268	0.45718
239 G	0.22333	0.28350	0.49318
240 A	0.22738	0.26625	0.50636
241 T	0.23711	0.17634	0.58655
242 C	0.24007	0.14420	0.61573
243 T	0.24315	0.15468	0.60216
244 A	0.24482	0.25617	0.499
245 A	0.24677	0.29620	0.45703
246 T	0.24687	0.33712	0.416
247 G	0.24659	0.42792	0.3255
248 T	0.24840	0.47681	0.27478
249 A	0.24887	0.48348	0.26766
250 A	0.25134	0.48297	0.26569
251 A	0.26140	0.47314	0.26546
252 T	0.26532	0.47084	0.26384
253 C	0.26717	0.46802	0.26481
254 C	0.26667	0.47054	0.26279
255 T	0.26713	0.47279	0.26009
256 T	0.26715	0.47509	0.25776
257 C	0.26471	0.47962	0.25567
258 A	0.26179	0.48802	0.25019
259 C	0.26970	0.48054	0.24977
260 A	0.27595	0.47712	0.24693
261 A	0.27871	0.47663	0.24466
262 T	0.29025	0.46726	0.24249
263 C	0.29215	0.46767	0.24017
264 A	0.29206	0.47658	0.23136
265 A	0.30282	0.46762	0.22956
266 A	0.32500	0.44680	0.2282
267 T	0.44212	0.32887	0.229
268 A	0.47588	0.29519	0.22894
269 C	0.51690	0.25241	0.23068
270 A	0.56244	0.20702	0.23054
271 C	0.58371	0.18520	0.23109
272 A	0.56812	0.20105	0.23083
273 A	0.45663	0.31301	0.23036
274 G	0.42916	0.34034	0.23049
275 C	0.40662	0.36212	0.23126
276 A	0.39122	0.37773	0.23105
277 G	0.38406	0.38085	0.23508
278 C	0.37602	0.38717	0.23681
279 A	0.33502	0.42965	0.23533
280 G	0.31992	0.44607	0.23401
281 C	0.25237	0.51696	0.23067
282 A	0.20528	0.56578	0.22894
283 G	0.19307	0.58008	0.22685
284 A	0.18712	0.58747	0.22541
285 A	0.18259	0.59268	0.22473
286 C	0.18189	0.59059	0.22752
287 A	0.18613	0.58190	0.23198
288 A	0.18483	0.57834	0.23683
289 A	0.18314	0.57842	0.23845
290 C	0.18124	0.57996	0.2388
291 A	0.17919	0.59063	0.23018
292 A	0.17776	0.58622	0.23601
293 A	0.17756	0.56183	0.26061
294 T	0.17770	0.54415	0.27814
295 A	0.17756	0.52763	0.29481
296 C	0.17807	0.39602	0.42591
297 A	0.17812	0.36613	0.45575
298 C	0.17842	0.33123	0.49036
299 A	0.17895	0.33663	0.48442
300 A	0.17936	0.33953	0.48112
301 G	0.18020	0.33217	0.48762
302 G	0.18280	0.28858	0.52863
303 A	0.18615	0.27052	0.54333
304 T	0.19398	0.17369	0.63233
305 C	0.19649	0.13712	0.6664
306 T	0.19900	0.14817	0.65283
307 A	0.20022	0.25449	0.54529
308 A	0.20173	0.29855	0.49971
309 T	0.20175	0.34295	0.45531
310 G	0.20146	0.43953	0.35901
311 T	0.20281	0.49292	0.30427
312 A	0.20311	0.50027	0.29663
313 A	0.20496	0.50093	0.29411
314 A	0.21275	0.49382	0.29343
315 T	0.21594	0.49272	0.29134
316 C	0.21745	0.49043	0.29212
317 C	0.21721	0.49284	0.28995
318 T	0.21779	0.49523	0.28699
319 T	0.21797	0.49755	0.28449
320 C	0.21616	0.50148	0.28237
321 A	0.21399	0.50925	0.27676
322 C	0.22234	0.50134	0.27631
323 A	0.22908	0.49755	0.27337
324 A	0.23231	0.49665	0.27103
325 T	0.24433	0.48679	0.26887
326 C	0.24723	0.48622	0.26654
327 A	0.24857	0.49385	0.25758
328 A	0.26117	0.48311	0.25573
329 A	0.28490	0.46079	0.2543
330 T	0.40781	0.33724	0.25495
331 A	0.44478	0.30042	0.2548
332 C	0.49030	0.25351	0.25619
333 A	0.54257	0.20169	0.25574
334 C	0.56767	0.17618	0.25615
335 A	0.55306	0.19114	0.2558
336 A	0.44171	0.30298	0.25531
337 G	0.41432	0.33029	0.25539
338 C	0.39203	0.35200	0.25597
339 A	0.37651	0.36783	0.25565
340 G	0.36931	0.37179	0.2589
341 C	0.36138	0.37838	0.26024
342 A	0.31936	0.42186	0.25879
343 G	0.30390	0.43876	0.25734
344 C	0.23467	0.51142	0.25391
345 A	0.18617	0.56169	0.25213
346 G	0.17370	0.57618	0.25012
347 A	0.16779	0.58352	0.24869
348 A	0.16327	0.58877	0.24795
349 C	0.16261	0.58720	0.25019
350 A	0.16695	0.57924	0.25381
351 A	0.16574	0.57631	0.25795
352 A	0.16409	0.57654	0.25936
353 C	0.16221	0.57807	0.25973
354 A	0.16023	0.58752	0.25226
355 A	0.15888	0.58352	0.25759
356 A	0.15871	0.56097	0.28032
357 T	0.15888	0.54397	0.29716
358 A	0.15875	0.52783	0.31342
359 C	0.15924	0.39623	0.44453
360 A	0.15930	0.36614	0.47457
361 C	0.15960	0.33103	0.50937
362 A	0.16012	0.33614	0.50374
363 A	0.16051	0.33880	0.50069
364 G	0.16130	0.33129	0.50741
365 G	0.16370	0.28656	0.54974
366 A	0.16682	0.26825	0.56493
367 T	0.17398	0.17024	0.65579
368 C	0.17634	0.13260	0.69106
369 T	0.17865	0.14345	0.6779
370 A	0.17971	0.24960	0.57069
371 A	0.18105	0.29421	0.52474
372 T	0.18103	0.33912	0.47985
373 G	0.18073	0.43605	0.38321
374 T	0.18190	0.49026	0.32784
375 A	0.18212	0.49772	0.32015
376 A	0.18370	0.49876	0.31754
377 A	0.19049	0.49277	0.31674
378 T	0.19333	0.49212	0.31455
379 C	0.19467	0.49004	0.31529
380 C	0.19451	0.49240	0.31309
381 T	0.19511	0.49483	0.31007
382 T	0.19534	0.49713	0.30753
383 C	0.19379	0.50080	0.30541
384 A	0.19192	0.50828	0.29979
385 C	0.20024	0.50041	0.29935
386 A	0.20701	0.49661	0.29638
387 A	0.21033	0.49564	0.29404
388 T	0.22226	0.48586	0.29189
389 C	0.22545	0.48499	0.28956
390 A	0.22730	0.49213	0.28058
391 A	0.24033	0.48096	0.27871
392 A	0.26419	0.45853	0.27728
393 T	0.38709	0.33505	0.27786
394 A	0.42455	0.29776	0.27768
395 C	0.47100	0.25007	0.27894
396 A	0.52486	0.19676	0.27838
397 C	0.55109	0.17018	0.27873
398 A	0.53719	0.18446	0.27835
399 A	0.42797	0.29418	0.27785
400 G	0.40116	0.32093	0.27791
401 C	0.37939	0.34220	0.27841
402 A	0.36413	0.35781	0.27807
403 G	0.35707	0.36196	0.28097
404 C	0.34935	0.36851	0.28214
405 A	0.30771	0.41160	0.28069
406 G	0.29242	0.42838	0.27921
407 C	0.22385	0.50041	0.27574
408 A	0.17569	0.55036	0.27394
409 G	0.16334	0.56470	0.27197
410 A	0.15756	0.57189	0.27054
411 A	0.15316	0.57707	0.26978
412 C	0.15255	0.57569	0.27176
413 A	0.15694	0.56807	0.27499
414 A	0.15580	0.56543	0.27877
415 A	0.15420	0.56573	0.28008
416 C	0.15236	0.56723	0.28041
417 A	0.15043	0.57610	0.27347
418 A	0.14913	0.57237	0.2785
419 A	0.14898	0.55096	0.30006
420 T	0.14916	0.53455	0.31629
421 A	0.14904	0.51888	0.33209
422 C	0.14953	0.38972	0.46075
423 A	0.14959	0.36012	0.49029
424 C	0.14989	0.32556	0.52455
425 A	0.15040	0.33048	0.51912
426 A	0.15079	0.33298	0.51622
427 G	0.15155	0.32555	0.5229
428 G	0.15388	0.28115	0.56497
429 A	0.15689	0.26305	0.58005
430 T	0.16374	0.16627	0.66999
431 C	0.16603	0.12886	0.70511
432 T	0.16825	0.13939	0.69236
433 A	0.16924	0.24362	0.58713
434 A	0.17051	0.28765	0.54183
435 T	0.17048	0.33202	0.49751
436 G	0.17019	0.42740	0.40241
437 T	0.17127	0.48098	0.34775
438 A	0.17146	0.48836	0.34018
439 A	0.17292	0.48950	0.33758
440 A	0.17923	0.48400	0.33677
441 T	0.18190	0.48351	0.33459
442 C	0.18316	0.48153	0.3353
443 C	0.18302	0.48385	0.33314
444 T	0.18361	0.48625	0.33013
445 T	0.18386	0.48852	0.32762
446 C	0.18242	0.49204	0.32553
447 A	0.18070	0.49931	0.31999
448 C	0.18885	0.49160	0.31954
449 A	0.19550	0.48788	0.31662
450 A	0.19879	0.48692	0.3143
451 T	0.21047	0.47735	0.31217
452 C	0.21371	0.47641	0.30988
453 A	0.21570	0.48331	0.30099
454 A	0.22867	0.47219	0.29914
455 A	0.25216	0.45012	0.29772
456 T	0.37292	0.32881	0.29827
457 A	0.40992	0.29199	0.29809
458 C	0.45594	0.24478	0.29927
459 A	0.50946	0.19186	0.29868
460 C	0.53567	0.16532	0.29901
461 A	0.52229	0.17910	0.29862
462 A	0.41574	0.28614	0.29812
463 G	0.38961	0.31221	0.29818
464 C	0.36840	0.33296	0.29863
465 A	0.35350	0.34822	0.29828
466 G	0.34662	0.35236	0.30102
467 C	0.33912	0.35878	0.30211
468 A	0.29833	0.40100	0.30067
469 G	0.28337	0.41746	0.29917
470 C	0.21621	0.48808	0.29571
471 A	0.16900	0.53708	0.29392
472 G	0.15691	0.55113	0.29196
473 A	0.15128	0.55816	0.29056
474 A	0.14700	0.56322	0.28978
475 C	0.14643	0.56193	0.29163
476 A	0.15080	0.55454	0.29466
477 A	0.14972	0.55205	0.29823
478 A	0.14818	0.55236	0.29946
479 C	0.14638	0.55385	0.29977
480 A	0.14450	0.56239	0.2931
481 A	0.14324	0.55883	0.29793
482 A	0.14311	0.53821	0.31868
483 T	0.14329	0.52231	0.33441
484 A	0.14318	0.50708	0.34975
485 C	0.14366	0.38104	0.4753
486 A	0.14372	0.35213	0.50415
487 C	0.14402	0.31835	0.53763
488 A	0.14453	0.32312	0.53235
489 A	0.14491	0.32554	0.52955
490 G	0.14566	0.31825	0.5361
491 G	0.14794	0.27472	0.57735
492 A	0.15088	0.25698	0.59214
493 T	0.15756	0.16222	0.68022
494 C	0.15981	0.12553	0.71467
495 T	0.16198	0.13577	0.70226
496 A	0.16293	0.23762	0.59944
497 A	0.16416	0.28072	0.55511
498 T	0.16413	0.32419	0.51169
499 G	0.16384	0.41746	0.4187
500 T	0.16489	0.46996	0.36515
501 A	0.16507	0.47719	0.35774
502 A	0.16646	0.47834	0.35519
503 A	0.17252	0.47309	0.35439
504 T	0.17509	0.47266	0.35225
505 C	0.17631	0.47074	0.35294
506 C	0.17617	0.47301	0.35082
507 T	0.17675	0.47537	0.34788
508 T	0.17700	0.47759	0.34541
509 C	0.17562	0.48102	0.34336
510 A	0.17396	0.48811	0.33792
511 C	0.18192	0.48058	0.33749
512 A	0.18843	0.47696	0.33462
513 A	0.19164	0.47602	0.33234
514 T	0.20304	0.46670	0.33025
515 C	0.20625	0.46576	0.32799
516 A	0.20825	0.47250	0.31924
517 A	0.22097	0.46160	0.31743
518 A	0.24395	0.44003	0.31603
519 T	0.36199	0.32145	0.31656
520 A	0.39823	0.28539	0.31638
521 C	0.44337	0.23911	0.31752
522 A	0.49587	0.18721	0.31692
523 C	0.52168	0.16109	0.31723
524 A	0.50870	0.17447	0.31684
525 A	0.40484	0.27882	0.31634
526 G	0.37937	0.30423	0.3164
527 C	0.35870	0.32447	0.31684
528 A	0.34417	0.33936	0.31647
529 G	0.33746	0.34342	0.31912
530 C	0.33016	0.34968	0.32016
531 A	0.29034	0.39093	0.31874
532 G	0.27573	0.40703	0.31723
533 C	0.21016	0.47605	0.3138
534 A	0.16406	0.52393	0.31202
535 G	0.15225	0.53767	0.31008
536 A	0.14678	0.54454	0.30868
537 A	0.14261	0.54949	0.30791
538 C	0.14208	0.54824	0.30968
539 A	0.14640	0.54102	0.31258
540 A	0.14536	0.53862	0.31602
541 A	0.14387	0.53894	0.3172
542 C	0.14212	0.54040	0.31748
543 A	0.14029	0.54873	0.31099
544 A	0.13906	0.54530	0.31564
545 A	0.13894	0.52529	0.33577
546 T	0.13912	0.50983	0.35105
547 A	0.13902	0.49501	0.36597
548 C	0.13950	0.37212	0.48838
549 A	0.13956	0.34392	0.51652
550 C	0.13985	0.31096	0.54918
551 A	0.14036	0.31560	0.54404
552 A	0.14074	0.31796	0.54131
553 G	0.14147	0.31083	0.54769
554 G	0.14371	0.26830	0.58799
555 A	0.14661	0.25095	0.60243
556 T	0.15317	0.15839	0.68843
557 C	0.15538	0.12255	0.72207
558 T	0.15752	0.13252	0.70996
559 A	0.15845	0.23199	0.60956
560 A	0.15965	0.27410	0.56624
561 T	0.15962	0.31661	0.52377
562 G	0.15935	0.40771	0.43294
563 T	0.16037	0.45905	0.38058
564 A	0.16054	0.46612	0.37333
565 A	0.16190	0.46726	0.37084
566 A	0.16780	0.46215	0.37005
567 T	0.17031	0.46173	0.36795
568 C	0.17149	0.45987	0.36864
569 C	0.17136	0.46208	0.36656
570 T	0.17193	0.46440	0.36368
571 T	0.17217	0.46657	0.36126
572 C	0.17082	0.46992	0.35926
573 A	0.16922	0.47685	0.35393
574 C	0.17698	0.46951	0.3535
575 A	0.18333	0.46599	0.35069
576 A	0.18647	0.46508	0.34845
577 T	0.19760	0.45599	0.3464
578 C	0.20074	0.45508	0.34418
579 A	0.20272	0.46170	0.33559
580 A	0.21515	0.45106	0.3338
581 A	0.23760	0.42999	0.33241
582 T	0.35288	0.31418	0.33293
583 A	0.38831	0.27894	0.33275
584 C	0.43246	0.23368	0.33386
585 A	0.48380	0.18293	0.33327
586 C	0.50909	0.15735	0.33357
587 A	0.49644	0.17038	0.33318
588 A	0.39511	0.27221	0.33269
589 G	0.37026	0.29701	0.33273
590 C	0.35008	0.31676	0.33316
591 A	0.33590	0.33130	0.3328
592 G	0.32936	0.33526	0.33538
593 C	0.32224	0.34137	0.33639
594 A	0.28335	0.38168	0.33497
595 G	0.26909	0.39743	0.33347
596 C	0.20507	0.46488	0.33005
597 A	0.16006	0.51166	0.32829
598 G	0.14853	0.52510	0.32637
599 A	0.14320	0.53182	0.32498
600 A	0.13914	0.53666	0.32419
601 C	0.13863	0.53545	0.32593
602 A	0.14290	0.52837	0.32873
603 A	0.14190	0.52604	0.33207
604 A	0.14045	0.52636	0.3332
605 C	0.13874	0.52780	0.33347
606 A	0.13696	0.53596	0.32709
607 A	0.13576	0.53265	0.33159
608 A	0.13565	0.51315	0.3512
609 T	0.13583	0.49808	0.36609
610 A	0.13574	0.48363	0.38064
611 C	0.13621	0.36371	0.50008
612 A	0.13627	0.33618	0.52755
613 C	0.13656	0.30399	0.55945
614 A	0.13706	0.30853	0.55441
615 A	0.13744	0.31083	0.55173
616 G	0.13816	0.30387	0.55797
617 G	0.14038	0.26231	0.59732
618 A	0.14324	0.24534	0.61142
619 T	0.14971	0.15490	0.69539
620 C	0.15189	0.11989	0.72822
621 T	0.15400	0.12963	0.71637
622 A	0.15492	0.22686	0.61822
623 A	0.15610	0.26803	0.57586
624 T	0.15608	0.30962	0.5343
625 G	0.15581	0.39868	0.44551
626 T	0.15681	0.44890	0.39428
627 A	0.15699	0.45582	0.38719
628 A	0.15832	0.45693	0.38476
629 A	0.16410	0.45191	0.38398
630 T	0.16657	0.45150	0.38193
631 C	0.16773	0.44967	0.38259
632 C	0.16759	0.45185	0.38055
633 T	0.16814	0.45412	0.37774
634 T	0.16838	0.45625	0.37537
635 C	0.16706	0.45953	0.37342
636 A	0.16548	0.46633	0.36819
637 C	0.17307	0.45916	0.36777
638 A	0.17927	0.45573	0.365
639 A	0.18234	0.45485	0.36281
640 T	0.19322	0.44598	0.3608
641 C	0.19629	0.44510	0.35861
642 A	0.19822	0.45163	0.35015
643 A	0.21037	0.44125	0.34838
644 A	0.23232	0.42066	0.34702
645 T	0.34502	0.30745	0.34753
646 A	0.37966	0.27299	0.34735
647 C	0.42287	0.22870	0.34844
648 A	0.47307	0.17909	0.34784
649 C	0.49782	0.15404	0.34813
650 A	0.48548	0.16677	0.34774
651 A	0.38646	0.26629	0.34726
652 G	0.36217	0.29053	0.3473
653 C	0.34244	0.30984	0.34772
654 A	0.32859	0.32406	0.34735
655 G	0.32219	0.32792	0.34989
656 C	0.31524	0.33389	0.35087
657 A	0.27721	0.37333	0.34947
658 G	0.26328	0.38875	0.34797
659 C	0.20069	0.45474	0.34456
660 A	0.15669	0.50050	0.34281
661 G	0.14543	0.51367	0.3409
662 A	0.14023	0.52026	0.33952
663 A	0.13626	0.52500	0.33873
664 C	0.13578	0.52380	0.34041
665 A	0.14000	0.51686	0.34314
666 A	0.13903	0.51458	0.34639
667 A	0.13762	0.51489	0.34748
668 C	0.13595	0.51632	0.34773
669 A	0.13421	0.52435	0.34144
670 A	0.13304	0.52114	0.34583
671 A	0.13294	0.50208	0.36498
672 T	0.13312	0.48737	0.37951
673 A	0.13303	0.47325	0.39373
674 C	0.13350	0.35605	0.51045
675 A	0.13356	0.32913	0.53731
676 C	0.13385	0.29766	0.56849
677 A	0.13434	0.30211	0.56355
678 A	0.13471	0.30437	0.56092
679 G	0.13543	0.29756	0.56701
680 G	0.13763	0.25689	0.60548
681 A	0.14046	0.24027	0.61927
682 T	0.14686	0.15178	0.70137
683 C	0.14902	0.11754	0.73343
684 T	0.15111	0.12707	0.72183
685 A	0.15202	0.22226	0.62572
686 A	0.15319	0.26256	0.58425
687 T	0.15317	0.30329	0.54353
688 G	0.15290	0.39049	0.4566
689 T	0.15390	0.43969	0.40641
690 A	0.15407	0.44647	0.39946
691 A	0.15538	0.44754	0.39708
692 A	0.16108	0.44260	0.39632
693 T	0.16350	0.44218	0.39431
694 C	0.16465	0.44038	0.39498
695 C	0.16451	0.44252	0.39297
696 T	0.16505	0.44475	0.39021
697 T	0.16527	0.44684	0.38789
698 C	0.16397	0.45007	0.38597
699 A	0.16242	0.45675	0.38083
700 C	0.16985	0.44974	0.38042
701 A	0.17591	0.44639	0.37769
702 A	0.17891	0.44556	0.37553
703 T	0.18956	0.43688	0.37356
704 C	0.19257	0.43604	0.3714
705 A	0.19445	0.44251	0.36304
706 A	0.20634	0.43237	0.36129
707 A	0.22783	0.41222	0.35994
708 T	0.33817	0.30139	0.36045
709 A	0.37209	0.26765	0.36026
710 C	0.41440	0.22426	0.36133
711 A	0.46355	0.17571	0.36074
712 C	0.48782	0.15115	0.36102
713 A	0.47575	0.16361	0.36064
714 A	0.37883	0.26102	0.36015
715 G	0.35505	0.28475	0.3602
716 C	0.33574	0.30366	0.3606
717 A	0.32218	0.31758	0.36024
718 G	0.31593	0.32134	0.36273
719 C	0.30912	0.32718	0.3637
720 A	0.27189	0.36582	0.36229
721 G	0.25825	0.38095	0.36081
722 C	0.19698	0.44562	0.3574
723 A	0.15391	0.49045	0.35565
724 G	0.14289	0.50337	0.35374
725 A	0.13780	0.50984	0.35236
726 A	0.13393	0.51450	0.35157
727 C	0.13348	0.51331	0.35321
728 A	0.13765	0.50647	0.35588
729 A	0.13672	0.50424	0.35905
730 A	0.13534	0.50456	0.36011
731 C	0.13369	0.50597	0.36034
732 A	0.13198	0.51390	0.35412
733 A	0.13083	0.51078	0.35838
734 A	0.13074	0.49213	0.37713
735 T	0.13092	0.47774	0.39134
736 A	0.13084	0.46392	0.40524
737 C	0.13130	0.34920	0.5195
738 A	0.13137	0.32284	0.5458
739 C	0.13165	0.29202	0.57633
740 A	0.13214	0.29639	0.57147
741 A	0.13251	0.29861	0.56888
742 G	0.13322	0.29194	0.57483
743 G	0.13541	0.25208	0.61251
744 A	0.13822	0.23577	0.626
745 T	0.14457	0.14904	0.70639
746 C	0.14672	0.11551	0.73777
747 T	0.14879	0.12484	0.72637
748 A	0.14970	0.21814	0.63215
749 A	0.15086	0.25764	0.59149
750 T	0.15084	0.29759	0.55156
751 G	0.15058	0.38309	0.46633
752 T	0.15157	0.43134	0.4171
753 A	0.15174	0.43799	0.41027
754 A	0.15303	0.43901	0.40795
755 A	0.15866	0.43412	0.40722
756 T	0.16105	0.43369	0.40525
757 C	0.16217	0.43192	0.4059
758 C	0.16203	0.43403	0.40393
759 T	0.16255	0.43622	0.40123
760 T	0.16277	0.43828	0.39895
761 C	0.16148	0.44147	0.39705
762 A	0.15995	0.44807	0.39198
763 C	0.16722	0.44120	0.39158
764 A	0.17317	0.43794	0.38889
765 A	0.17611	0.43715	0.38674
766 T	0.18655	0.42866	0.38479
767 C	0.18949	0.42787	0.38265
768 A	0.19132	0.43432	0.37435
769 A	0.20297	0.42441	0.37262
770 A	0.22404	0.40468	0.37128
771 T	0.33220	0.29603	0.37177
772 A	0.36546	0.26295	0.3716
773 C	0.40695	0.22040	0.37265
774 A	0.45514	0.17281	0.37206
775 C	0.47897	0.14870	0.37233
776 A	0.46716	0.16090	0.37195
777 A	0.37220	0.25634	0.37146
778 G	0.34891	0.27959	0.37149
779 C	0.32999	0.29811	0.3719
780 A	0.31671	0.31175	0.37153
781 G	0.31059	0.31541	0.374
782 C	0.30394	0.32111	0.37495
783 A	0.26743	0.35903	0.37354
784 G	0.25408	0.37388	0.37204
785 C	0.19405	0.43733	0.36862
786 A	0.15183	0.48131	0.36686
787 G	0.14103	0.49401	0.36496
788 A	0.13606	0.50037	0.36357
789 A	0.13228	0.50495	0.36277
790 C	0.13185	0.50377	0.36438
791 A	0.13602	0.49700	0.36699
792 A	0.13510	0.49481	0.37008
793 A	0.13375	0.49514	0.37111
794 C	0.13212	0.49656	0.37132
795 A	0.13042	0.50443	0.36515
796 A	0.12928	0.50141	0.36931
797 A	0.12920	0.48314	0.38767
798 T	0.12938	0.46904	0.40159
799 A	0.12929	0.45551	0.4152
800 C	0.12976	0.34309	0.52715
801 A	0.12982	0.31726	0.55292
802 C	0.13011	0.28706	0.58283
803 A	0.13060	0.29136	0.57804
804 A	0.13097	0.29355	0.57549
805 G	0.13168	0.28700	0.58133
806 G	0.13386	0.24788	0.61827
807 A	0.13667	0.23185	0.63148
808 T	0.14299	0.14673	0.71028
809 C	0.14515	0.11382	0.74104
810 T	0.14722	0.12294	0.72984
811 A	0.14812	0.21441	0.63748
812 A	0.14927	0.25313	0.59759
813 T	0.14925	0.29231	0.55844
814 G	0.14899	0.37618	0.47483
815 T	0.14997	0.42354	0.42649
816 A	0.15013	0.43005	0.41981
817 A	0.15141	0.43102	0.41757
818 A	0.15698	0.42615	0.41687
819 T	0.15934	0.42569	0.41497
820 C	0.16045	0.42393	0.41562
821 C	0.16029	0.42602	0.41369
822 T	0.16079	0.42819	0.41102
823 T	0.16100	0.43023	0.40877
824 C	0.15971	0.43340	0.40689
825 A	0.15818	0.43996	0.40186
826 C	0.16532	0.43323	0.40145
827 A	0.17115	0.43007	0.39877
828 A	0.17402	0.42934	0.39664
829 T	0.18426	0.42106	0.39468
830 C	0.18713	0.42033	0.39253
831 A	0.18891	0.42687	0.38422
832 A	0.20033	0.41719	0.38248
833 A	0.22101	0.39786	0.38114
834 T	0.32704	0.29134	0.38162
835 A	0.35967	0.25889	0.38144
836 C	0.40035	0.21716	0.38249
837 A	0.44766	0.17045	0.38189
838 C	0.47109	0.14675	0.38216
839 A	0.45955	0.15867	0.38177
840 A	0.36660	0.25212	0.38128
841 G	0.34380	0.27488	0.38132
842 C	0.32531	0.29297	0.38171
843 A	0.31232	0.30634	0.38135
844 G	0.30635	0.30985	0.3838
845 C	0.29986	0.31540	0.38474
846 A	0.26409	0.35260	0.38331
847 G	0.25103	0.36718	0.38179
848 C	0.19227	0.42942	0.37831
849 A	0.15088	0.47260	0.37653
850 G	0.14033	0.48507	0.3746
851 A	0.13549	0.49132	0.37318
852 A	0.13180	0.49583	0.37236
853 C	0.13142	0.49464	0.37394
854 A	0.13562	0.48788	0.3765
855 A	0.13473	0.48574	0.37953
856 A	0.13338	0.48610	0.38052
857 C	0.13172	0.48758	0.38071
858 A	0.13002	0.49543	0.37456
859 A	0.12886	0.49253	0.37861
860 A	0.12877	0.47468	0.39655
861 T	0.12895	0.46086	0.4102
862 A	0.12886	0.44763	0.42351
863 C	0.12933	0.33755	0.53312
864 A	0.12939	0.31226	0.55835
865 C	0.12968	0.28271	0.58761
866 A	0.13017	0.28694	0.58289
867 A	0.13054	0.28910	0.58035
868 G	0.13126	0.28266	0.58608
869 G	0.13346	0.24424	0.6223
870 A	0.13629	0.22846	0.63525
871 T	0.14266	0.14489	0.71245
872 C	0.14483	0.11254	0.74264
873 T	0.14691	0.12141	0.73168
874 A	0.14781	0.21079	0.6414
875 A	0.14897	0.24866	0.60238
876 T	0.14893	0.28694	0.56413
877 G	0.14865	0.36907	0.48228
878 T	0.14963	0.41545	0.43493
879 A	0.14978	0.42179	0.42842
880 A	0.15104	0.42264	0.42632
881 A	0.15657	0.41775	0.42569
882 T	0.15891	0.41720	0.42389
883 C	0.15999	0.41545	0.42455
884 C	0.15980	0.41754	0.42266
885 T	0.16027	0.41970	0.42004
886 T	0.16046	0.42175	0.4178
887 C	0.15914	0.42494	0.41592
888 A	0.15758	0.43155	0.41088
889 C	0.16457	0.42496	0.41046
890 A	0.17030	0.42196	0.40774
891 A	0.17308	0.42136	0.40556
892 T	0.18309	0.41335	0.40356
893 C	0.18589	0.41275	0.40136
894 A	0.18759	0.41957	0.39284
895 A	0.19876	0.41018	0.39106
896 A	0.21902	0.39131	0.38967
897 T	0.32265	0.28718	0.39018
898 A	0.35459	0.25542	0.38998
899 C	0.39433	0.21462	0.39105
900 A	0.44077	0.16881	0.39041
901 C	0.46381	0.14550	0.39069
902 A	0.45264	0.15707	0.39029
903 A	0.36215	0.24807	0.38978
904 G	0.33997	0.27022	0.38981
905 C	0.32207	0.28772	0.39022
906 A	0.30943	0.30074	0.38982
907 G	0.30368	0.30402	0.3923
908 C	0.29743	0.30932	0.39325
909 A	0.26253	0.34570	0.39177
910 G	0.24986	0.35996	0.39018
911 C	0.19268	0.42076	0.38657
912 A	0.15224	0.46306	0.3847
913 G	0.14201	0.47528	0.38271
914 A	0.13737	0.48139	0.38124
915 A	0.13382	0.48581	0.38036
916 C	0.13352	0.48457	0.38192
917 A	0.13787	0.47770	0.38442
918 A	0.13699	0.47563	0.38737
919 A	0.13561	0.47607	0.38832
920 C	0.13385	0.47768	0.38847
921 A	0.13208	0.48562	0.38229
922 A	0.13087	0.48294	0.3862
923 A	0.13075	0.46564	0.40361
924 T	0.13093	0.45214	0.41693
925 A	0.13082	0.43931	0.42987
926 C	0.13130	0.33206	0.53664
927 A	0.13136	0.30743	0.56121
928 C	0.13165	0.27875	0.58959
929 A	0.13216	0.28290	0.58495
930 A	0.13253	0.28505	0.58242
931 G	0.13327	0.27872	0.588
932 G	0.13553	0.24104	0.62343
933 A	0.13845	0.22550	0.63605
934 T	0.14499	0.14367	0.71134
935 C	0.14723	0.11186	0.74092
936 T	0.14937	0.12032	0.73031
937 A	0.15026	0.20670	0.64304
938 A	0.15143	0.24332	0.60525
939 T	0.15136	0.28027	0.56836
940 G	0.15103	0.36002	0.48894
941 T	0.15201	0.40504	0.44296
942 A	0.15213	0.41111	0.43677
943 A	0.15336	0.41169	0.43496
944 A	0.15887	0.40666	0.43447
945 T	0.16119	0.40591	0.4329
946 C	0.16224	0.40412	0.43364
947 C	0.16194	0.40626	0.4318
948 T	0.16235	0.40844	0.42921
949 T	0.16251	0.41053	0.42696
950 C	0.16110	0.41384	0.42507
951 A	0.15943	0.42070	0.41988
952 C	0.16625	0.41430	0.41945
953 A	0.17184	0.41156	0.41659
954 A	0.17450	0.41125	0.41426
955 T	0.18417	0.40370	0.41213
956 C	0.18685	0.40339	0.40976
957 A	0.18840	0.41097	0.40062
958 A	0.19924	0.40205	0.39871
959 A	0.21895	0.38384	0.39721
960 T	0.31913	0.28313	0.39774
961 A	0.35011	0.25236	0.39754
962 C	0.38844	0.21291	0.39864
963 A	0.43382	0.16823	0.39795
964 C	0.45638	0.14538	0.39824
965 A	0.44583	0.15638	0.39779
966 A	0.35918	0.24359	0.39723
967 G	0.33804	0.26470	0.39727
968 C	0.32117	0.28115	0.39768
969 A	0.30912	0.29363	0.39725
970 G	0.30374	0.29642	0.39984
971 C	0.29793	0.30124	0.40083
972 A	0.26449	0.33629	0.39922
973 G	0.25248	0.35005	0.39747
974 C	0.19790	0.40862	0.39348
975 A	0.15888	0.44968	0.39144
976 G	0.14920	0.46152	0.38928
977 A	0.14496	0.46739	0.38765
978 A	0.14167	0.47166	0.38667
979 C	0.14155	0.47026	0.38819
980 A	0.14635	0.46301	0.39064
981 A	0.14548	0.46102	0.3935
982 A	0.14401	0.46162	0.39437
983 C	0.14202	0.46354	0.39444
984 A	0.14007	0.47181	0.38812
985 A	0.13870	0.46954	0.39176
986 A	0.13854	0.45320	0.40827
987 T	0.13871	0.44015	0.42114
988 A	0.13857	0.42794	0.4335
989 C	0.13907	0.32506	0.53587
990 A	0.13913	0.30157	0.5593
991 C	0.13944	0.27436	0.5862
992 A	0.13997	0.27845	0.58159
993 A	0.14037	0.28061	0.57901
994 G	0.14117	0.27444	0.5844
995 G	0.14360	0.23789	0.61851
996 A	0.14675	0.22265	0.63061
997 T	0.15378	0.14335	0.70287
998 C	0.15619	0.11218	0.73163
999 T	0.15847	0.11984	0.72169
1000 A	0.15936	0.20069	0.63995
1001 A	0.16058	0.23508	0.60434
1002 T	0.16044	0.26965	0.5699
1003 G	0.15998	0.34523	0.49479
1004 T	0.16097	0.38757	0.45146
1005 A	0.16101	0.39309	0.4459
1006 A	0.16220	0.39306	0.44474
1007 A	0.16776	0.38765	0.44459
1008 T	0.17007	0.38642	0.44351
1009 C	0.17104	0.38454	0.44442
1010 C	0.17052	0.38680	0.44268
1011 T	0.17080	0.38903	0.44017
1012 T	0.17088	0.39123	0.43789
1013 C	0.16925	0.39483	0.43593
1014 A	0.16732	0.40228	0.43039
1015 C	0.17391	0.39616	0.42993
1016 A	0.17932	0.39393	0.42675
1017 A	0.18171	0.39422	0.42407
1018 T	0.19080	0.38759	0.42161
1019 C	0.19325	0.38790	0.41885
1020 A	0.19453	0.39729	0.40819
1021 A	0.20483	0.38923	0.40594
1022 A	0.22356	0.37226	0.40417
1023 T	0.31739	0.27784	0.40478
1024 A	0.34666	0.24883	0.40451
1025 C	0.38249	0.21173	0.40578
1026 A	0.42606	0.16902	0.40492
1027 C	0.44750	0.14727	0.40523
1028 A	0.43828	0.15704	0.40468
1029 A	0.35931	0.23668	0.40401
1030 G	0.34021	0.25575	0.40404
1031 C	0.32534	0.27017	0.40449
1032 A	0.31438	0.28166	0.40396
1033 G	0.30986	0.28328	0.40686
1034 C	0.30497	0.28707	0.40797
1035 A	0.27440	0.31955	0.40605
1036 G	0.26369	0.33237	0.40393
1037 C	0.21383	0.38710	0.39907
1038 A	0.17788	0.42550	0.39663
1039 G	0.16950	0.43645	0.39405
1040 A	0.16612	0.44182	0.39206
1041 A	0.16343	0.44574	0.39083
1042 C	0.16379	0.44389	0.39232
1043 A	0.16973	0.43557	0.3947
1044 A	0.16900	0.43360	0.3974
1045 A	0.16748	0.43440	0.39812
1046 C	0.16503	0.43694	0.39803
1047 A	0.16280	0.44592	0.39128
1048 A	0.16117	0.44443	0.3944
1049 A	0.16098	0.42978	0.40925
1050 T	0.16118	0.41734	0.42147
1051 A	0.16099	0.40649	0.43253
1052 C	0.16158	0.31233	0.5261
1053 A	0.16164	0.29104	0.54731
1054 C	0.16200	0.26660	0.5714
1055 A	0.16262	0.27060	0.56678
1056 A	0.16308	0.27310	0.56382
1057 G	0.16401	0.26726	0.56873
1058 G	0.16686	0.23287	0.60027
1059 A	0.17054	0.21812	0.61133
1060 T	0.17878	0.14292	0.6783
1061 C	0.18159	0.11349	0.70492
1062 T	0.18425	0.11981	0.69595
1063 A	0.18518	0.19050	0.62432
1064 A	0.18655	0.22150	0.59195
1065 T	0.18633	0.24996	0.56371
1066 G	0.18569	0.31609	0.49822
1067 T	0.18679	0.35295	0.46026
1068 A	0.18673	0.35722	0.45606
1069 A	0.18786	0.35603	0.45611
1070 A	0.19364	0.34973	0.45662
1071 T	0.19599	0.34738	0.45664
1072 C	0.19683	0.34528	0.45788
1073 C	0.19593	0.34764	0.45643
1074 T	0.19600	0.34986	0.45415
1075 T	0.19598	0.35217	0.45185
1076 C	0.19397	0.35621	0.44983
1077 A	0.19154	0.36475	0.4437
1078 C	0.19777	0.35904	0.44318
1079 A	0.20300	0.35755	0.43945
1080 A	0.20481	0.35895	0.43624
1081 T	0.21277	0.35408	0.43315
1082 C	0.21478	0.35556	0.42967
1083 A	0.21531	0.36869	0.416
1084 A	0.22485	0.36208	0.41307
1085 A	0.24183	0.34741	0.41077
1086 T	0.32410	0.26442	0.41149
1087 A	0.35129	0.23761	0.41111
1088 C	0.38001	0.20744	0.41255
1089 A	0.41992	0.16875	0.41133
1090 C	0.43889	0.14945	0.41166
1091 A	0.43220	0.15686	0.41094
1092 A	0.36947	0.22048	0.41006
1093 G	0.35291	0.23702	0.41007
1094 C	0.34328	0.24611	0.41062
1095 A	0.33456	0.25550	0.40994
1096 G	0.33137	0.25518	0.41345
1097 C	0.32849	0.25671	0.41481
1098 A	0.30137	0.28633	0.4123
1099 G	0.29348	0.29705	0.40948
1100 C	0.25734	0.33970	0.40296
1101 A	0.22764	0.37241	0.39995
1102 G	0.22200	0.38104	0.39696
1103 A	0.22029	0.38525	0.39446
1104 A	0.21881	0.38824	0.39295
1105 C	0.22013	0.38535	0.39452
1106 A	0.22849	0.37476	0.39675
1107 A	0.22835	0.37272	0.39893
1108 A	0.22743	0.37338	0.39919
1109 C	0.22531	0.37607	0.39862
1110 A	0.22312	0.38564	0.39124
1111 A	0.22167	0.38439	0.39395
1112 A	0.22191	0.37406	0.40403
1113 T	0.22233	0.36244	0.41522
1114 A	0.22235	0.35391	0.42374
1115 C	0.22319	0.27783	0.49898
1116 A	0.22334	0.25896	0.5177
1117 C	0.22383	0.24239	0.53379
1118 A	0.22469	0.24709	0.52822
1119 A	0.22532	0.25131	0.52336
1120 G	0.22643	0.24634	0.52723
1121 G	0.23011	0.21349	0.5564
1122 A	0.23486	0.20021	0.56492
1123 T	0.24549	0.13927	0.61525
1124 C	0.24887	0.11472	0.63642
1125 T	0.25193	0.12125	0.62683
1126 A	0.25360	0.15809	0.58831
1127 A	0.25534	0.17990	0.56475
1128 T	0.25560	0.19498	0.54942
1129 G	0.25560	0.23640	0.50801
1130 T	0.25752	0.26705	0.47544
1131 A	0.25831	0.26982	0.47187
1132 A	0.25987	0.26745	0.47267
1133 A	0.26591	0.26075	0.47334
1134 T	0.26842	0.25691	0.47467
1135 C	0.26928	0.25456	0.47616
1136 C	0.26982	0.25550	0.47468
1137 T	0.27080	0.25677	0.47242
1138 T	0.27159	0.25867	0.46974
1139 C	0.27066	0.26180	0.46755
1140 A	0.26869	0.27043	0.46087
1141 C	0.27511	0.26473	0.46017
1142 A	0.28103	0.26298	0.45599
1143 A	0.28158	0.26595	0.45248
1144 T	0.28726	0.26344	0.44931
1145 C	0.29023	0.26319	0.44657
1146 A	0.29112	0.27511	0.43377
1147 A	0.30002	0.26919	0.43078
1148 A	0.31467	0.25651	0.42882
1149 T	0.35491	0.21598	0.4291
1150 A	0.36860	0.20265	0.42875
1151 C	0.37940	0.19072	0.42987
1152 A	0.40411	0.16743	0.42845
1153 C	0.42810	0.14306	0.42884
1154 A	0.42776	0.14439	0.42785
1155 A	0.41540	0.15747	0.42712
1156 G	0.41496	0.15781	0.42722
1157 C	0.41505	0.15693	0.42802
1158 G	0.40650	0.16593	0.42757
1159 G	0.39879	0.17267	0.42854
1160 C	0.39988	0.17133	0.42879
1161 A	0.38776	0.18475	0.42749
1162 G	0.37739	0.19599	0.42662
1163 C	0.37102	0.19990	0.42907
1164 A	0.35691	0.21597	0.42713
1165 G	0.34659	0.22808	0.42533
1166 A	0.34302	0.23466	0.42232
1167 C	0.34085	0.23793	0.42123
1168 A	0.34042	0.23990	0.41967
1169 A	0.34633	0.23183	0.42184
1170 A	0.34327	0.23160	0.42513
1171 G	0.34347	0.22678	0.42975
1172 C	0.34276	0.22493	0.43231
1173 A	0.33899	0.22264	0.43838
1174 G	0.33640	0.21775	0.44585
1175 C	0.33711	0.21132	0.45158
1176 A	0.33311	0.21670	0.45019
1177 G	0.32812	0.22248	0.44941
1178 C	0.32524	0.21083	0.46393
1179 A	0.32091	0.21909	0.45999
1180 G	0.31524	0.22802	0.45675
1181 A	0.31041	0.23480	0.45479
1182 C	0.30841	0.23576	0.45583
1183 A	0.30754	0.24121	0.45125
1184 A	0.30801	0.23169	0.4603
1185 A	0.30743	0.22281	0.46976
1186 G	0.30778	0.20843	0.4838
1187 C	0.30976	0.19312	0.49712
1188 A	0.31088	0.18717	0.50196
1189 G	0.31403	0.17657	0.5094
1190 C	0.31673	0.17167	0.5116
1191 A	0.31686	0.18194	0.50119
1192 G	0.31638	0.19210	0.49153
1193 C	0.31567	0.18985	0.49448
1194 A	0.31402	0.20490	0.48108
1195 G	0.31178	0.22184	0.46639
1196 A	0.31190	0.24380	0.44429
1197 C	0.31144	0.25697	0.43159
1198 A	0.31169	0.26829	0.42001
1199 A	0.31453	0.26964	0.41583
1200 A	0.31737	0.26716	0.41548
1201 G	0.31948	0.26116	0.41937
1202 C	0.32539	0.25200	0.42261
1203 A	0.32990	0.24832	0.42178
1204 G	0.33923	0.23459	0.42617
1205 C	0.34890	0.22447	0.42663
1206 A	0.35158	0.22822	0.42019
1207 G	0.35359	0.23272	0.4137
1208 C	0.35415	0.23179	0.41406
1209 A	0.35106	0.24227	0.40668
1210 G	0.34715	0.25269	0.40015
1211 A	0.34996	0.26018	0.38986
1212 C	0.34957	0.26776	0.38267
1213 A	0.35145	0.27160	0.37696
1214 A	0.36029	0.26460	0.37511
1215 A	0.36756	0.25766	0.37479
1216 G	0.37254	0.25042	0.37704
1217 C	0.38542	0.23593	0.37865
1218 A	0.39655	0.22423	0.37922
1219 G	0.41368	0.20495	0.38137
1220 C	0.42695	0.19074	0.38231
1221 A	0.42624	0.19302	0.38074
1222 G	0.41941	0.20132	0.37927
1223 C	0.40712	0.21231	0.38056
1224 A	0.39097	0.23047	0.37856
1225 G	0.36929	0.25383	0.37688
1226 A	0.35693	0.26818	0.37488
1227 C	0.34750	0.27877	0.37374
1228 A	0.34407	0.28388	0.37205
1229 A	0.34486	0.28103	0.37411
1230 A	0.33687	0.28603	0.37711
1231 G	0.33734	0.28011	0.38256
1232 C	0.34178	0.27145	0.38677
1233 A	0.34102	0.26736	0.39163
1234 G	0.34484	0.25703	0.39814
1235 C	0.34979	0.24907	0.40115
1236 A	0.34473	0.25553	0.39975
1237 G	0.33403	0.26733	0.39864
1238 C	0.32497	0.27191	0.40311
1239 A	0.31504	0.28458	0.40038
1240 G	0.29740	0.30436	0.39824
1241 A	0.28450	0.31850	0.397
1242 C	0.27757	0.32385	0.39858
1243 A	0.27456	0.33060	0.39484
1244 A	0.27353	0.32396	0.40251
1245 A	0.27073	0.31424	0.41503
1246 G	0.27050	0.29356	0.43593
1247 C	0.27190	0.27433	0.45376
1248 A	0.27177	0.25677	0.47146
1249 G	0.27363	0.23702	0.48936
1250 C	0.27589	0.22754	0.49656
1251 A	0.27587	0.23822	0.48591
1252 G	0.27531	0.24753	0.47717
1253 C	0.27473	0.23632	0.48895
1254 A	0.27341	0.25496	0.47163
1255 G	0.27186	0.27532	0.45282
1256 A	0.27185	0.30796	0.42019
1257 C	0.27147	0.32415	0.40437
1258 A	0.27161	0.34146	0.38693
1259 A	0.27331	0.34504	0.38166
1260 A	0.27500	0.34381	0.38119
1261 G	0.27616	0.33404	0.38981
1262 C	0.27946	0.32627	0.39427
1263 A	0.28203	0.31969	0.39829
1264 G	0.28696	0.30123	0.41181
1265 C	0.29301	0.29279	0.4142
1266 A	0.29581	0.30742	0.39677
1267 G	0.29726	0.34729	0.35545
1268 C	0.29787	0.34956	0.35257
1269 A	0.29661	0.37794	0.32545
1270 G	0.29576	0.39362	0.31062
1271 A	0.29889	0.40479	0.29632
1272 C	0.29982	0.41651	0.28367
1273 A	0.30311	0.42378	0.27311
1274 A	0.31554	0.41809	0.26637
1275 A	0.32606	0.41113	0.2628
1276 G	0.33342	0.40221	0.26437
1277 C	0.35139	0.38341	0.2652
1278 A	0.37047	0.36523	0.2643
1279 G	0.40585	0.32827	0.26588
1280 C	0.42461	0.30883	0.26657
1281 A	0.43329	0.30107	0.26564
1282 G	0.43874	0.29668	0.26458
1283 C	0.44177	0.29277	0.26546
1284 A	0.42759	0.30788	0.26453
1285 G	0.38053	0.35551	0.26397
1286 A	0.36608	0.37043	0.2635
1287 C	0.35245	0.38429	0.26327
1288 A	0.34804	0.38922	0.26274
1289 A	0.35446	0.38138	0.26416
1290 A	0.36504	0.36921	0.26576
1291 G	0.37126	0.36002	0.26871
1292 C	0.39473	0.33459	0.27068
1293 A	0.38908	0.33868	0.27224
1294 G	0.37667	0.34854	0.27479
1295 C	0.34329	0.38048	0.27623
1296 A	0.19925	0.52505	0.2757
1297 G	0.17897	0.54540	0.27563
1298 C	0.17210	0.55073	0.27717
1299 A	0.15742	0.56538	0.2772
1300 G	0.14977	0.57266	0.27756
1301 A	0.14484	0.57600	0.27916
1302 C	0.11777	0.60009	0.28215
1303 A	0.09083	0.62598	0.2832
1304 A	0.07994	0.63115	0.28891
1305 A	0.07318	0.63177	0.29505
1306 G	0.07045	0.62147	0.30808
1307 C	0.06955	0.59895	0.33151
1308 A	0.06871	0.53695	0.39435
1309 G	0.06910	0.50997	0.42092
1310 C	0.06931	0.49678	0.43392
1311 A	0.06655	0.49771	0.43574
1312 G	0.06616	0.49090	0.44294
1313 C	0.06615	0.44484	0.48901
1314 A	0.06574	0.45019	0.48407
1315 G	0.06580	0.44786	0.48634
1316 A	0.06663	0.43510	0.49827
1317 A	0.06681	0.40909	0.5241
1318 G	0.06707	0.35505	0.57787
1319 C	0.06754	0.17095	0.76151
1320 T	0.06752	0.18796	0.74451
1321 G	0.06551	0.32122	0.61327
1322 A	0.06430	0.71814	0.21756
1323 A	0.06354	0.81666	0.11981
1324 A	0.06316	0.82152	0.11533
1325 A	0.06299	0.79524	0.14177
1326 A	0.06319	0.76611	0.17071
1327 G	0.06343	0.76088	0.17568
1328 C	0.06370	0.77926	0.15704
