# lcl|CP097583.1_cds_USQ93408.1_1
# AA	inside	membr	outside
1 A	0.55976	0.00000	0.44024
2 T	0.55878	0.00098	0.44024
3 G	0.55802	0.00174	0.44024
4 A	0.55802	0.01868	0.4233
5 A	0.55148	0.04655	0.40197
6 A	0.55148	0.04860	0.39993
7 A	0.54683	0.05366	0.39951
8 A	0.54683	0.05367	0.3995
9 T	0.54650	0.05408	0.39943
10 T	0.54650	0.06179	0.39171
11 T	0.54616	0.06260	0.39125
12 G	0.53770	0.07144	0.39086
13 T	0.53142	0.07936	0.38922
14 T	0.53141	0.07937	0.38922
15 G	0.53141	0.11774	0.35084
16 T	0.53076	0.11839	0.35084
17 T	0.52834	0.12268	0.34898
18 A	0.52825	0.13093	0.34082
19 G	0.52204	0.14349	0.33447
20 A	0.51538	0.24052	0.2441
21 A	0.50979	0.24653	0.24368
22 T	0.51111	0.25741	0.23149
23 T	0.50815	0.28539	0.20645
24 T	0.50477	0.30514	0.1901
25 A	0.50118	0.32273	0.1761
26 A	0.49818	0.33562	0.1662
27 A	0.50908	0.32810	0.16282
28 T	0.52771	0.30581	0.16648
29 T	0.52911	0.30645	0.16444
30 A	0.52854	0.30552	0.16593
31 T	0.52855	0.30617	0.16528
32 A	0.52725	0.30678	0.16597
33 T	0.53254	0.30078	0.16668
34 A	0.53227	0.30055	0.16718
35 T	0.53471	0.29144	0.17385
36 C	0.53554	0.28588	0.17858
37 A	0.53635	0.28547	0.17818
38 A	0.56408	0.25811	0.17781
39 A	0.56618	0.25625	0.17757
40 C	0.57440	0.24644	0.17915
41 A	0.58591	0.23621	0.17788
42 T	0.60119	0.21690	0.18191
43 G	0.66788	0.14752	0.18461
44 A	0.67332	0.14368	0.183
45 A	0.69118	0.12846	0.18036
46 T	0.72510	0.08927	0.18564
47 T	0.74047	0.06940	0.19013
48 A	0.74934	0.05880	0.19187
49 T	0.75429	0.05514	0.19057
50 T	0.74990	0.06579	0.18431
51 A	0.74574	0.08758	0.16669
52 T	0.74579	0.09146	0.16275
53 T	0.74382	0.09264	0.16355
54 A	0.73699	0.09916	0.16385
55 T	0.73222	0.10236	0.16542
56 C	0.72770	0.10628	0.16602
57 C	0.71584	0.11782	0.16634
58 G	0.70570	0.12841	0.16589
59 C	0.70367	0.13046	0.16587
60 G	0.70169	0.13288	0.16543
61 A	0.70053	0.13423	0.16523
62 A	0.70130	0.13334	0.16536
63 C	0.70226	0.13192	0.16581
64 A	0.70370	0.13066	0.16564
65 C	0.70750	0.12650	0.166
66 T	0.71024	0.12407	0.16569
67 A	0.71321	0.12159	0.1652
68 T	0.71545	0.11998	0.16457
69 T	0.71376	0.12263	0.16361
70 G	0.70469	0.13166	0.16366
71 A	0.70176	0.13197	0.16626
72 A	0.70402	0.12500	0.17098
73 G	0.70910	0.10849	0.18241
74 C	0.72467	0.08708	0.18826
75 T	0.72916	0.08336	0.18748
76 T	0.72819	0.09232	0.17949
77 A	0.71711	0.10224	0.18065
78 T	0.71105	0.10487	0.18408
79 G	0.70117	0.11163	0.1872
80 T	0.69127	0.11005	0.19868
81 C	0.66846	0.12539	0.20614
82 A	0.63850	0.16472	0.19678
83 A	0.62650	0.18187	0.19163
84 T	0.61653	0.19387	0.1896
85 G	0.59667	0.21631	0.18701
86 A	0.58556	0.22940	0.18504
87 T	0.58047	0.23500	0.18452
88 A	0.57157	0.24482	0.18361
89 T	0.56900	0.24841	0.1826
90 A	0.55987	0.25742	0.18271
91 A	0.55575	0.26031	0.18395
92 A	0.55245	0.25988	0.18767
93 T	0.54929	0.25278	0.19793
94 C	0.54157	0.25640	0.20203
95 A	0.53711	0.26256	0.20033
96 A	0.53410	0.26763	0.19828
97 T	0.53294	0.27085	0.19621
98 A	0.53029	0.27389	0.19581
99 T	0.53676	0.26628	0.19697
100 T	0.53525	0.25440	0.21035
101 T	0.52966	0.25329	0.21706
102 A	0.51721	0.25910	0.22369
103 A	0.50975	0.25715	0.2331
104 A	0.50862	0.23695	0.25443
105 T	0.51755	0.19876	0.28368
106 T	0.52140	0.18362	0.29499
107 T	0.51957	0.17808	0.30235
108 T	0.51262	0.17272	0.31466
109 A	0.49849	0.18576	0.31575
110 T	0.48488	0.19928	0.31584
111 G	0.45624	0.23251	0.31125
112 A	0.44488	0.26672	0.28839
113 T	0.44103	0.27474	0.28423
114 A	0.43655	0.30106	0.26239
115 A	0.43429	0.31179	0.25391
116 T	0.43440	0.31187	0.25373
117 A	0.43419	0.31221	0.2536
118 A	0.43634	0.31437	0.24929
119 A	0.43978	0.31161	0.24861
120 T	0.44431	0.30473	0.25096
121 T	0.44624	0.30215	0.25161
122 T	0.44668	0.30818	0.24513
123 A	0.44516	0.32395	0.23088
124 A	0.44512	0.32957	0.22531
125 A	0.44460	0.32770	0.2277
126 T	0.44568	0.32389	0.23042
127 A	0.44563	0.33080	0.22356
128 T	0.44885	0.32595	0.22521
129 T	0.44901	0.33108	0.21991
130 A	0.44549	0.34946	0.20505
131 A	0.44541	0.36346	0.19113
132 A	0.44890	0.35279	0.19831
133 G	0.45366	0.33347	0.21286
134 A	0.46378	0.29887	0.23735
135 T	0.49115	0.26104	0.2478
136 C	0.49215	0.26578	0.24206
137 C	0.50672	0.27360	0.21968
138 T	0.50786	0.29538	0.19676
139 A	0.49389	0.32983	0.17628
140 A	0.48749	0.34511	0.1674
141 T	0.48704	0.35084	0.16212
142 C	0.48620	0.35824	0.15556
143 A	0.48364	0.37446	0.1419
144 A	0.48744	0.37798	0.13458
145 A	0.49739	0.36797	0.13464
146 T	0.51307	0.35120	0.13573
147 A	0.51957	0.34408	0.13635
148 A	0.52578	0.33431	0.13992
149 C	0.53091	0.32470	0.14439
150 T	0.54010	0.31303	0.14687
151 C	0.54122	0.31104	0.14774
152 A	0.54408	0.30834	0.14757
153 A	0.55528	0.29616	0.14856
154 A	0.56900	0.28182	0.14918
155 A	0.57301	0.27441	0.15257
156 A	0.57594	0.26933	0.15474
157 G	0.58297	0.25557	0.16146
158 A	0.59334	0.24206	0.1646
159 T	0.61371	0.21188	0.17442
160 A	0.63631	0.18180	0.18189
161 T	0.66609	0.13956	0.19435
162 T	0.68683	0.10215	0.21102
163 T	0.69654	0.08058	0.22288
164 C	0.69993	0.06863	0.23144
165 T	0.70460	0.06174	0.23366
166 C	0.70883	0.05670	0.23447
167 T	0.71281	0.05468	0.23251
168 T	0.71243	0.05785	0.22972
169 T	0.71164	0.06090	0.22746
170 T	0.70949	0.06408	0.22643
171 T	0.70623	0.06933	0.22444
172 T	0.69865	0.07680	0.22455
173 T	0.68707	0.08914	0.22379
174 A	0.66789	0.10852	0.22359
175 G	0.65336	0.12238	0.22426
176 A	0.64823	0.12845	0.22332
177 A	0.64369	0.13200	0.22431
178 A	0.64187	0.13251	0.22562
179 A	0.64226	0.12994	0.2278
180 T	0.64371	0.12664	0.22965
181 A	0.64537	0.12441	0.23022
182 T	0.64912	0.11968	0.2312
183 T	0.64964	0.11836	0.232
184 G	0.64615	0.12197	0.23188
185 T	0.64579	0.12254	0.23167
186 T	0.64484	0.12448	0.23068
187 A	0.64190	0.13025	0.22785
188 A	0.64083	0.13308	0.22609
189 T	0.64257	0.13187	0.22557
190 T	0.63219	0.14400	0.22381
191 T	0.62807	0.14895	0.22298
192 T	0.61413	0.16303	0.22285
193 T	0.58286	0.19268	0.22446
194 A	0.52043	0.25489	0.22468
195 T	0.46924	0.30089	0.22986
196 A	0.44783	0.31743	0.23474
197 A	0.44023	0.30985	0.24992
198 T	0.43729	0.29994	0.26277
199 A	0.43208	0.30088	0.26704
200 T	0.43097	0.29854	0.27049
201 C	0.41795	0.31170	0.27035
202 A	0.39766	0.34483	0.25752
203 G	0.38395	0.36051	0.25553
204 T	0.37534	0.37379	0.25088
205 A	0.36090	0.39221	0.24689
206 G	0.35385	0.40105	0.2451
207 C	0.34849	0.40447	0.24704
208 A	0.34439	0.41212	0.24349
209 A	0.34434	0.41373	0.24193
210 A	0.34754	0.41027	0.24219
211 A	0.35107	0.40445	0.24448
212 G	0.35430	0.39456	0.25114
213 T	0.35976	0.35804	0.2822
214 T	0.36368	0.34072	0.2956
215 T	0.36559	0.32096	0.31345
216 A	0.36612	0.29355	0.34033
217 G	0.36685	0.22705	0.40611
218 C	0.36737	0.17672	0.45591
219 T	0.36847	0.17440	0.45713
220 A	0.36265	0.23962	0.39773
221 G	0.35708	0.36504	0.27788
222 A	0.35396	0.45771	0.18833
223 A	0.35270	0.48312	0.16417
224 A	0.35441	0.48239	0.16321
225 A	0.36698	0.45567	0.17735
226 A	0.37140	0.44043	0.18817
227 T	0.37942	0.42507	0.19551
228 T	0.38452	0.41417	0.20132
229 A	0.38618	0.43464	0.17918
230 T	0.38861	0.43844	0.17295
231 T	0.38918	0.44209	0.16873
232 G	0.38824	0.45043	0.16133
233 T	0.38842	0.45919	0.15238
234 T	0.38737	0.46924	0.1434
235 A	0.38501	0.47781	0.13719
236 T	0.38312	0.48349	0.13339
237 T	0.37966	0.48976	0.13058
238 A	0.37520	0.49667	0.12812
239 A	0.37301	0.49965	0.12734
240 A	0.37302	0.49929	0.1277
241 A	0.37455	0.49688	0.12857
242 A	0.38699	0.48266	0.13035
243 A	0.45905	0.40432	0.13663
244 T	0.60791	0.24911	0.14299
245 T	0.69487	0.15783	0.1473
246 T	0.71146	0.13929	0.14925
247 C	0.71579	0.13391	0.15029
248 A	0.71901	0.13048	0.15051
249 T	0.72276	0.12658	0.15066
250 T	0.72633	0.12299	0.15067
251 A	0.73416	0.11521	0.15063
252 T	0.77308	0.07592	0.15101
253 T	0.79173	0.05570	0.15257
254 T	0.79863	0.04658	0.15479
255 T	0.80202	0.04126	0.15672
256 T	0.80395	0.03890	0.15715
257 T	0.80372	0.04145	0.15483
258 A	0.80252	0.04558	0.1519
259 T	0.80350	0.04525	0.15125
260 T	0.80082	0.04732	0.15186
261 T	0.79015	0.05719	0.15265
262 T	0.73137	0.11864	0.14999
263 T	0.53753	0.31634	0.14612
264 A	0.23362	0.62990	0.13648
265 G	0.10871	0.76244	0.12885
266 A	0.07268	0.81090	0.11642
267 A	0.04578	0.84788	0.10634
268 A	0.03508	0.86701	0.09791
269 A	0.02980	0.87604	0.09416
270 A	0.02800	0.88111	0.09089
271 A	0.02764	0.88296	0.0894
272 A	0.02746	0.88365	0.08889
273 A	0.02719	0.88432	0.08849
274 A	0.02726	0.88429	0.08845
275 T	0.02724	0.88421	0.08855
276 A	0.02714	0.88417	0.0887
277 A	0.02742	0.88337	0.08921
278 A	0.02820	0.88132	0.09048
279 A	0.02969	0.87711	0.0932
280 T	0.03534	0.86621	0.09844
281 A	0.04064	0.85314	0.10622
282 T	0.04492	0.83567	0.11941
283 A	0.04645	0.81887	0.13468
284 A	0.04864	0.78763	0.16373
285 T	0.05244	0.69947	0.24809
286 G	0.05595	0.48487	0.45918
287 T	0.06520	0.21059	0.72421
288 G	0.07320	0.10096	0.82584
289 A	0.08593	0.06787	0.84621
290 C	0.09612	0.03546	0.86841
291 T	0.10451	0.02061	0.87488
292 C	0.10724	0.01451	0.87825
293 T	0.11002	0.01315	0.87684
294 T	0.11104	0.01765	0.8713
295 A	0.11096	0.02953	0.85951
296 T	0.11102	0.04331	0.84567
297 T	0.11018	0.06386	0.82596
298 T	0.10711	0.10571	0.78718
299 T	0.09691	0.22038	0.68271
300 A	0.07566	0.45985	0.4645
301 A	0.05986	0.72710	0.21303
302 A	0.05019	0.83031	0.11951
303 A	0.04553	0.84060	0.11387
304 A	0.04372	0.84296	0.11332
305 T	0.04286	0.84420	0.11294
306 T	0.04205	0.84565	0.11231
307 C	0.04089	0.84729	0.11182
308 C	0.04015	0.84919	0.11065
309 T	0.03968	0.85218	0.10813
310 A	0.03917	0.85473	0.1061
311 A	0.03854	0.85730	0.10416
312 A	0.03749	0.86033	0.10217
313 A	0.03728	0.86151	0.10121
314 T	0.03819	0.86090	0.10091
315 A	0.03840	0.86103	0.10056
316 G	0.04033	0.85900	0.10068
317 A	0.04566	0.85358	0.10076
318 A	0.05721	0.84142	0.10137
319 A	0.07364	0.82412	0.10223
320 A	0.10224	0.79382	0.10393
321 A	0.15468	0.73730	0.10802
322 A	0.26011	0.62149	0.1184
323 A	0.46455	0.39812	0.13733
324 A	0.69443	0.15358	0.15198
325 T	0.78549	0.05278	0.16172
326 T	0.79240	0.04095	0.16665
327 A	0.78906	0.04215	0.16879
328 C	0.78584	0.04341	0.17075
329 C	0.77188	0.05739	0.17073
330 T	0.75676	0.07595	0.16728
331 T	0.74526	0.09275	0.16199
332 T	0.73498	0.11081	0.15421
333 A	0.71851	0.13340	0.14809
334 G	0.70603	0.14772	0.14625
335 T	0.69728	0.15650	0.14621
336 T	0.68863	0.16578	0.14559
337 T	0.68399	0.17034	0.14568
338 T	0.68230	0.17184	0.14586
339 A	0.67913	0.17492	0.14595
340 T	0.67767	0.17607	0.14626
341 C	0.67473	0.17881	0.14646
342 T	0.67206	0.18154	0.1464
343 T	0.66709	0.18655	0.14636
344 T	0.65896	0.19481	0.14623
345 A	0.65042	0.20349	0.14608
346 A	0.64853	0.20553	0.14595
347 A	0.64731	0.20615	0.14654
348 A	0.64673	0.20540	0.14787
349 G	0.64673	0.20198	0.15129
350 A	0.64736	0.19520	0.15744
351 A	0.64824	0.18724	0.16452
352 G	0.65107	0.16187	0.18706
353 T	0.65910	0.13035	0.21055
354 T	0.66670	0.10617	0.22713
355 T	0.67322	0.08697	0.23981
356 T	0.67628	0.07151	0.25221
357 T	0.67708	0.05885	0.26408
358 T	0.67744	0.04964	0.27291
359 T	0.67773	0.04246	0.27981
360 G	0.67733	0.04042	0.28225
361 T	0.67710	0.04041	0.28249
362 T	0.67621	0.04068	0.28311
363 T	0.67195	0.04753	0.28053
364 T	0.65656	0.07584	0.26761
365 T	0.63218	0.11404	0.25378
366 A	0.59651	0.18490	0.21859
367 A	0.57820	0.24006	0.18174
368 A	0.57503	0.26597	0.159
369 A	0.57339	0.27656	0.15005
370 T	0.57311	0.28228	0.14461
371 G	0.57248	0.29371	0.13382
372 T	0.57222	0.29648	0.1313
373 A	0.57068	0.29835	0.13097
374 T	0.57017	0.29895	0.13088
375 T	0.56932	0.29990	0.13078
376 C	0.56853	0.30088	0.13059
377 C	0.56817	0.30167	0.13015
378 T	0.56796	0.30253	0.1295
379 A	0.56757	0.30352	0.12891
380 A	0.56740	0.30407	0.12853
381 T	0.56736	0.30448	0.12816
382 A	0.56643	0.30633	0.12724
383 A	0.56700	0.30536	0.12764
384 A	0.56913	0.30184	0.12902
385 A	0.57344	0.29524	0.13132
386 A	0.58250	0.27929	0.13821
387 T	0.60410	0.23834	0.15756
388 A	0.61886	0.20048	0.18067
389 G	0.65272	0.13454	0.21274
390 C	0.69442	0.07895	0.22663
391 T	0.72483	0.05257	0.22259
392 T	0.73366	0.05082	0.21551
393 G	0.73739	0.06296	0.19965
394 A	0.74469	0.05695	0.19836
395 T	0.74706	0.05476	0.19818
396 T	0.74693	0.05382	0.19925
397 T	0.74619	0.05438	0.19944
398 C	0.74411	0.05649	0.1994
399 T	0.74208	0.06034	0.19759
400 T	0.73393	0.07163	0.19443
401 T	0.70410	0.11134	0.18457
402 A	0.66223	0.16132	0.17645
403 A	0.64186	0.18796	0.17018
404 G	0.62631	0.20609	0.1676
405 A	0.61110	0.22049	0.16841
406 A	0.60244	0.22849	0.16908
407 A	0.59813	0.23202	0.16985
408 T	0.59624	0.23311	0.17066
409 C	0.58882	0.24014	0.17105
410 A	0.58483	0.24410	0.17107
411 A	0.58434	0.24444	0.17122
412 G	0.58516	0.24336	0.17148
413 C	0.58748	0.24089	0.17163
414 T	0.59379	0.23462	0.17159
415 A	0.60072	0.22754	0.17174
416 T	0.61561	0.21194	0.17245
417 T	0.61772	0.20949	0.17278
418 T	0.61849	0.20862	0.17289
419 T	0.61924	0.20585	0.17491
420 T	0.61886	0.20311	0.17803
421 G	0.61839	0.19880	0.18281
422 A	0.61917	0.19332	0.18752
423 A	0.62235	0.17959	0.19805
424 T	0.63276	0.13878	0.22845
425 T	0.63908	0.09831	0.26261
426 A	0.64172	0.08122	0.27706
427 A	0.64320	0.06589	0.29091
428 T	0.64326	0.05039	0.30636
429 G	0.64259	0.04285	0.31456
430 T	0.64253	0.03917	0.3183
431 A	0.64217	0.03954	0.31829
432 T	0.64204	0.03600	0.32196
433 G	0.64154	0.03431	0.32415
434 G	0.64101	0.03843	0.32056
435 T	0.63852	0.04784	0.31364
436 T	0.63359	0.05723	0.30918
437 C	0.62894	0.06614	0.30493
438 A	0.62678	0.08288	0.29034
439 G	0.62607	0.09083	0.2831
440 G	0.62538	0.09706	0.27756
441 T	0.62501	0.10704	0.26795
442 T	0.62300	0.12530	0.2517
443 T	0.61881	0.14350	0.23769
444 A	0.60963	0.16706	0.22332
445 A	0.60445	0.17645	0.2191
446 G	0.60048	0.18655	0.21297
447 G	0.59891	0.19779	0.20331
448 A	0.59911	0.20029	0.2006
449 T	0.60112	0.19821	0.20067
450 A	0.60151	0.19808	0.20041
451 T	0.60288	0.19649	0.20064
452 C	0.60300	0.19636	0.20064
453 A	0.60231	0.19852	0.19917
454 G	0.60392	0.19861	0.19748
455 A	0.60660	0.19761	0.19579
456 A	0.60932	0.19598	0.1947
457 A	0.61694	0.18880	0.19427
458 T	0.63351	0.16886	0.19763
459 T	0.64082	0.15682	0.20236
460 T	0.64449	0.14949	0.20601
461 T	0.64915	0.14405	0.2068
462 A	0.65005	0.14302	0.20692
463 A	0.65275	0.13975	0.2075
464 A	0.66235	0.12787	0.20978
465 T	0.67994	0.10618	0.21388
466 T	0.69341	0.08757	0.21902
467 T	0.70319	0.07101	0.2258
468 A	0.70288	0.06781	0.22931
469 A	0.70699	0.06029	0.23273
470 C	0.71386	0.05142	0.23472
471 T	0.71642	0.05012	0.23346
472 T	0.71528	0.05155	0.23318
473 T	0.70713	0.06027	0.2326
474 G	0.68988	0.07793	0.23219
475 T	0.68471	0.08349	0.2318
476 C	0.67381	0.09379	0.23239
477 T	0.67029	0.09868	0.23103
478 A	0.66177	0.11045	0.22778
479 A	0.65793	0.11613	0.22594
480 T	0.65100	0.12429	0.22471
481 T	0.63161	0.14525	0.22314
482 T	0.61868	0.15827	0.22305
483 A	0.58886	0.18846	0.22267
484 T	0.57547	0.20034	0.22419
485 A	0.55239	0.22167	0.22594
486 T	0.53382	0.23832	0.22785
487 T	0.50615	0.26474	0.22911
488 T	0.47530	0.29486	0.22984
489 A	0.38340	0.38609	0.2305
490 G	0.33993	0.42737	0.2327
491 A	0.31960	0.44479	0.23561
492 A	0.31337	0.44837	0.23827
493 G	0.31181	0.44664	0.24154
494 A	0.31299	0.44226	0.24475
495 A	0.31403	0.43698	0.24899
496 T	0.31600	0.42120	0.2628
497 C	0.31686	0.40099	0.28215
498 T	0.31788	0.39539	0.28672
499 T	0.31849	0.38660	0.29491
500 A	0.31878	0.38460	0.29662
501 T	0.32112	0.37495	0.30392
502 A	0.32165	0.37120	0.30715
503 T	0.32321	0.35412	0.32268
504 T	0.32348	0.33005	0.34647
505 A	0.32216	0.32041	0.35743
506 T	0.32195	0.28908	0.38897
507 T	0.32103	0.26641	0.41255
508 A	0.31117	0.25931	0.42952
509 T	0.30593	0.24064	0.45343
510 T	0.29576	0.24456	0.45969
511 A	0.27412	0.27852	0.44737
512 T	0.25289	0.26851	0.47861
513 A	0.18885	0.38314	0.42801
514 G	0.15552	0.43220	0.41228
515 G	0.12600	0.53984	0.33417
516 A	0.11031	0.65866	0.23103
517 A	0.10094	0.70470	0.19436
518 A	0.09780	0.73538	0.16681
519 A	0.09655	0.75403	0.14942
520 G	0.09598	0.76520	0.13882
521 G	0.09608	0.76676	0.13717
522 A	0.09646	0.76853	0.13501
523 A	0.09727	0.76845	0.13428
524 A	0.09790	0.76752	0.13458
525 C	0.09879	0.76531	0.1359
526 A	0.09941	0.76683	0.13376
527 A	0.10077	0.76630	0.13293
528 A	0.10392	0.76386	0.13222
529 G	0.10536	0.76282	0.13183
530 A	0.10752	0.76172	0.13077
531 A	0.11149	0.74538	0.14313
532 A	0.12130	0.72798	0.15072
533 G	0.14679	0.68899	0.16423
534 A	0.18347	0.63690	0.17963
535 A	0.23494	0.56602	0.19904
536 T	0.33251	0.40908	0.25841
537 A	0.36007	0.35101	0.28892
538 G	0.43457	0.24688	0.31854
539 T	0.52105	0.14754	0.33141
540 C	0.54470	0.11601	0.33929
541 C	0.56306	0.09644	0.3405
542 C	0.57421	0.08618	0.3396
543 T	0.56591	0.09926	0.33483
544 G	0.48664	0.18009	0.33327
545 T	0.40636	0.26634	0.32731
546 T	0.34947	0.32593	0.32461
547 A	0.25306	0.42534	0.32159
548 C	0.18909	0.49066	0.32025
549 A	0.16550	0.52204	0.31247
550 A	0.14675	0.55371	0.29953
551 A	0.14189	0.56626	0.29184
552 A	0.14322	0.57448	0.2823
553 T	0.14604	0.57238	0.28158
554 A	0.14726	0.56929	0.28345
555 T	0.14980	0.56180	0.2884
556 T	0.14897	0.55727	0.29376
557 C	0.14860	0.55181	0.2996
558 T	0.14864	0.55120	0.30016
559 T	0.14466	0.55518	0.30016
560 C	0.13820	0.56129	0.30051
561 T	0.13459	0.56670	0.29871
562 A	0.12745	0.57863	0.29392
563 A	0.12044	0.59107	0.28849
564 A	0.11687	0.60123	0.28189
565 A	0.11543	0.60403	0.28055
566 A	0.11073	0.57284	0.31643
567 A	0.10963	0.44042	0.44995
568 T	0.11425	0.30921	0.57655
569 T	0.10726	0.29207	0.60067
570 A	0.10139	0.35867	0.53994
571 A	0.09893	0.56100	0.34007
572 A	0.10142	0.63678	0.2618
573 A	0.11087	0.65286	0.23627
574 A	0.11807	0.67264	0.20929
575 A	0.12852	0.67674	0.19474
576 A	0.13150	0.68745	0.18105
577 T	0.13498	0.69538	0.16964
578 A	0.13619	0.70132	0.16249
579 T	0.13685	0.69823	0.16491
580 T	0.13681	0.69594	0.16725
581 T	0.13642	0.69391	0.16966
582 A	0.13475	0.69253	0.17272
583 C	0.13384	0.68781	0.17836
584 A	0.13274	0.68762	0.17964
585 A	0.13394	0.68299	0.18307
586 A	0.13892	0.67391	0.18717
587 A	0.14518	0.66532	0.18949
588 A	0.14960	0.65810	0.1923
589 G	0.15389	0.64058	0.20552
590 G	0.16139	0.62677	0.21185
591 A	0.17662	0.60702	0.21636
592 C	0.21706	0.55351	0.22943
593 G	0.32535	0.44000	0.23466
594 T	0.57524	0.18793	0.23682
595 T	0.65779	0.10361	0.23859
596 C	0.67732	0.08366	0.23902
597 T	0.68884	0.07424	0.23692
598 A	0.69031	0.07854	0.23115
599 C	0.69700	0.07400	0.229
600 T	0.70483	0.07107	0.2241
601 T	0.70797	0.07431	0.21772
602 T	0.69785	0.09097	0.21117
603 T	0.67157	0.12493	0.20349
604 T	0.60814	0.19431	0.19755
605 T	0.44713	0.35870	0.19417
606 A	0.21965	0.59659	0.18376
607 A	0.15727	0.66172	0.18101
608 A	0.14263	0.67721	0.18016
609 A	0.13559	0.68391	0.1805
610 A	0.13256	0.68581	0.18163
611 A	0.13098	0.68639	0.18263
612 T	0.12997	0.68609	0.18394
613 A	0.12818	0.68738	0.18444
614 A	0.12708	0.68792	0.185
615 A	0.12650	0.68756	0.18593
616 A	0.12684	0.68549	0.18766
617 C	0.12787	0.68174	0.19039
618 A	0.12877	0.67976	0.19147
619 A	0.12993	0.67667	0.1934
620 G	0.13385	0.66935	0.1968
621 T	0.14376	0.65372	0.20251
622 T	0.14884	0.64478	0.20638
623 T	0.15541	0.61765	0.22693
624 A	0.16119	0.58695	0.25186
625 T	0.16943	0.51894	0.31163
626 T	0.17495	0.42676	0.39829
627 T	0.17922	0.34267	0.47811
628 G	0.18202	0.22488	0.59309
629 T	0.19138	0.10816	0.70046
630 T	0.19431	0.11613	0.68956
631 T	0.19534	0.18648	0.61818
632 T	0.19513	0.26429	0.54059
633 T	0.19420	0.32244	0.48336
634 T	0.19286	0.37430	0.43284
635 T	0.18607	0.42954	0.3844
636 A	0.17608	0.44568	0.37824
637 A	0.17249	0.45343	0.37407
638 A	0.16981	0.46068	0.36951
639 T	0.16658	0.46673	0.36668
640 C	0.15959	0.47907	0.36134
641 A	0.15046	0.51420	0.33534
642 A	0.14346	0.55350	0.30305
643 A	0.13762	0.59188	0.2705
644 A	0.13280	0.60903	0.25817
645 A	0.12925	0.61893	0.25181
646 G	0.12795	0.62471	0.24735
647 G	0.12223	0.64069	0.23707
648 A	0.11985	0.64482	0.23534
649 G	0.12178	0.64369	0.23453
650 A	0.12861	0.63754	0.23385
651 A	0.14690	0.61916	0.23394
652 C	0.19764	0.56777	0.23459
653 G	0.28404	0.48187	0.23408
654 T	0.40611	0.36082	0.23307
655 T	0.47740	0.28956	0.23305
656 T	0.49847	0.27061	0.23092
657 A	0.49846	0.27404	0.22751
658 T	0.46680	0.30032	0.23288
659 C	0.38474	0.37459	0.24066
660 A	0.30841	0.44901	0.24258
661 A	0.27195	0.48395	0.2441
662 G	0.25864	0.49450	0.24686
663 A	0.25259	0.49628	0.25113
664 C	0.25900	0.48342	0.25757
665 A	0.26091	0.47564	0.26344
666 A	0.26889	0.46251	0.26859
667 G	0.27193	0.45596	0.27211
668 G	0.27506	0.45248	0.27246
669 A	0.27639	0.45280	0.27081
670 T	0.28122	0.43945	0.27933
671 G	0.27014	0.44424	0.28563
672 T	0.26505	0.44741	0.28754
673 T	0.26116	0.45133	0.28752
674 A	0.24951	0.46316	0.28732
675 C	0.24260	0.46970	0.2877
676 A	0.23807	0.47772	0.2842
677 A	0.23749	0.48101	0.2815
678 A	0.23426	0.48625	0.27949
679 A	0.23561	0.48502	0.27937
680 T	0.23872	0.47306	0.28821
681 T	0.23798	0.41125	0.35076
682 T	0.23567	0.33674	0.4276
683 T	0.23037	0.28142	0.4882
684 T	0.21618	0.30034	0.48348
685 A	0.18500	0.40282	0.41218
686 A	0.16731	0.44552	0.38717
687 A	0.15827	0.46056	0.38117
688 A	0.15521	0.44432	0.40048
689 A	0.15303	0.43100	0.41597
690 A	0.15159	0.43129	0.41712
691 A	0.15339	0.42647	0.42015
692 T	0.15384	0.42020	0.42595
693 A	0.15085	0.41698	0.43217
694 G	0.14890	0.39937	0.45173
695 C	0.14915	0.39646	0.45439
696 T	0.15006	0.43099	0.41895
697 A	0.14906	0.51137	0.33956
698 A	0.14910	0.56752	0.28338
699 A	0.15223	0.57922	0.26855
700 A	0.15482	0.57935	0.26584
701 A	0.15949	0.57213	0.26838
702 A	0.16760	0.55917	0.27323
703 G	0.17840	0.53976	0.28184
704 C	0.19383	0.51665	0.28951
705 T	0.21796	0.48970	0.29234
706 A	0.23018	0.47572	0.2941
707 A	0.26298	0.43437	0.30265
708 T	0.32826	0.34688	0.32485
709 C	0.34570	0.31724	0.33706
710 T	0.35780	0.30204	0.34016
711 A	0.35761	0.31364	0.32876
712 A	0.36101	0.32595	0.31304
713 G	0.36202	0.32638	0.3116
714 A	0.35958	0.32980	0.31063
715 A	0.36232	0.32375	0.31392
716 A	0.37008	0.31215	0.31778
717 C	0.37799	0.30307	0.31895
718 G	0.38772	0.30343	0.30885
719 A	0.41665	0.27913	0.30422
720 A	0.49006	0.20991	0.30004
721 T	0.54553	0.15487	0.29959
722 G	0.55754	0.14277	0.2997
723 C	0.56292	0.13649	0.30058
724 T	0.56667	0.13259	0.30074
725 C	0.56646	0.13273	0.30081
726 C	0.56627	0.13290	0.30083
727 C	0.56735	0.13183	0.30083
728 C	0.56873	0.13046	0.30081
729 T	0.57068	0.12858	0.30074
730 C	0.57162	0.12768	0.3007
731 A	0.57219	0.12717	0.30064
732 T	0.57429	0.12504	0.30067
733 A	0.57663	0.12242	0.30095
734 C	0.58703	0.10720	0.30577
735 A	0.60084	0.09245	0.30671
736 T	0.60591	0.08155	0.31254
737 T	0.60742	0.07630	0.31627
738 A	0.60516	0.07688	0.31797
739 A	0.60368	0.07641	0.31991
740 G	0.59662	0.07711	0.32626
741 A	0.60319	0.06540	0.3314
742 C	0.60817	0.05161	0.34022
743 A	0.61348	0.04481	0.34172
744 T	0.61649	0.04046	0.34305
745 T	0.61718	0.03852	0.34429
746 C	0.61638	0.03864	0.34497
747 T	0.61524	0.04008	0.34468
748 T	0.61324	0.04106	0.3457
749 T	0.61090	0.04259	0.34651
750 T	0.60690	0.04629	0.34682
751 G	0.59905	0.05356	0.34738
752 C	0.59476	0.05554	0.3497
753 T	0.58984	0.05932	0.35084
754 A	0.58088	0.06742	0.3517
755 C	0.57560	0.07171	0.35269
756 T	0.57354	0.07398	0.35248
757 C	0.56939	0.07876	0.35184
758 A	0.56674	0.08253	0.35073
759 T	0.56612	0.08366	0.35022
760 T	0.56532	0.08465	0.35003
761 T	0.56282	0.08474	0.35245
762 A	0.55373	0.09266	0.35361
763 T	0.54846	0.08831	0.36323
764 T	0.53802	0.09898	0.363
765 A	0.50763	0.13494	0.35742
766 G	0.49593	0.15489	0.34918
767 A	0.49135	0.16559	0.34306
768 A	0.48790	0.17148	0.34062
769 A	0.48605	0.17327	0.34068
770 A	0.48531	0.17286	0.34183
771 T	0.48507	0.16971	0.34522
772 G	0.48366	0.16984	0.34651
773 G	0.48245	0.17036	0.34719
774 A	0.48086	0.17161	0.34753
775 A	0.47951	0.17685	0.34364
776 T	0.47761	0.17736	0.34503
777 A	0.47035	0.18746	0.34219
778 G	0.46774	0.18860	0.34365
779 A	0.46670	0.18994	0.34336
780 T	0.46680	0.18696	0.34624
781 T	0.46619	0.18604	0.34778
782 T	0.46258	0.18957	0.34785
783 A	0.45261	0.20072	0.34667
784 A	0.44664	0.20336	0.35
785 G	0.44353	0.19620	0.36026
786 A	0.44417	0.19041	0.36541
787 A	0.44768	0.17780	0.37452
788 C	0.45517	0.14381	0.40103
789 T	0.46463	0.12754	0.40784
790 T	0.46920	0.12131	0.40949
791 T	0.46745	0.12502	0.40753
792 A	0.46355	0.13450	0.40195
793 C	0.45977	0.14356	0.39667
794 A	0.45726	0.15632	0.38641
795 A	0.45723	0.16237	0.38041
796 A	0.45989	0.16287	0.37724
797 A	0.46612	0.15824	0.37564
798 T	0.47490	0.14857	0.37654
799 A	0.47877	0.14221	0.37901
800 T	0.48894	0.12321	0.38784
801 T	0.49256	0.11727	0.39016
802 T	0.49389	0.12086	0.38525
803 T	0.49393	0.12296	0.38311
804 A	0.49167	0.12515	0.38318
805 G	0.49114	0.12266	0.38621
806 G	0.49237	0.11448	0.39314
807 A	0.49221	0.11161	0.39618
808 C	0.49238	0.10986	0.39776
809 A	0.49313	0.11992	0.38696
810 T	0.49202	0.13052	0.37745
811 G	0.48806	0.14315	0.36878
812 A	0.48057	0.15706	0.36237
813 A	0.47837	0.16222	0.35942
814 G	0.48078	0.15869	0.36053
815 A	0.48708	0.15123	0.36169
816 T	0.49604	0.13964	0.36432
817 A	0.50444	0.12899	0.36656
818 T	0.51139	0.11979	0.36881
819 T	0.51393	0.11664	0.36942
820 T	0.51438	0.11592	0.36969
821 C	0.51320	0.11698	0.36982
822 G	0.50986	0.12073	0.36942
823 A	0.50858	0.12198	0.36944
824 C	0.50719	0.12307	0.36974
825 T	0.50926	0.12088	0.36986
826 A	0.50644	0.12359	0.36997
827 C	0.50540	0.12270	0.3719
828 T	0.50489	0.12276	0.37235
829 C	0.50316	0.12447	0.37237
830 A	0.50334	0.12525	0.3714
831 A	0.50568	0.12334	0.37098
832 A	0.51700	0.11283	0.37017
833 T	0.52750	0.10009	0.3724
834 T	0.53349	0.09100	0.3755
835 T	0.52859	0.08686	0.38454
836 A	0.51939	0.09248	0.38813
837 T	0.51710	0.09124	0.39166
838 A	0.50991	0.09691	0.39318
839 C	0.50778	0.09665	0.39557
840 T	0.50290	0.10055	0.39655
841 C	0.49722	0.10575	0.39704
842 A	0.49193	0.11407	0.394
843 T	0.48562	0.12506	0.38932
844 A	0.46025	0.16112	0.37863
845 T	0.43935	0.18611	0.37454
846 T	0.42117	0.20533	0.37349
847 A	0.40480	0.22015	0.37505
848 G	0.39217	0.23009	0.37774
849 T	0.38433	0.23695	0.37871
850 C	0.36194	0.26456	0.3735
851 A	0.34975	0.29317	0.35708
852 A	0.34291	0.30887	0.34822
853 A	0.34001	0.31600	0.34399
854 A	0.33991	0.31763	0.34247
855 A	0.34083	0.31707	0.3421
856 T	0.34229	0.31165	0.34606
857 A	0.34278	0.30840	0.34882
858 T	0.34301	0.29554	0.36145
859 T	0.34217	0.28987	0.36797
860 T	0.34112	0.29120	0.36769
861 A	0.33975	0.29598	0.36427
862 A	0.33874	0.30439	0.35687
863 A	0.33833	0.30349	0.35818
864 A	0.33862	0.30103	0.36035
865 A	0.34189	0.29217	0.36593
866 A	0.34735	0.27889	0.37377
867 A	0.35795	0.24031	0.40174
868 A	0.36578	0.20169	0.43253
869 C	0.37118	0.17577	0.45306
870 A	0.37804	0.16664	0.45533
871 T	0.39169	0.15312	0.45518
872 A	0.39858	0.15042	0.45101
873 T	0.40845	0.13266	0.45889
874 T	0.41834	0.12264	0.45902
875 T	0.42281	0.12017	0.45702
876 T	0.42002	0.14339	0.4366
877 A	0.40444	0.20884	0.38672
878 A	0.39487	0.22418	0.38095
879 A	0.38595	0.23389	0.38015
880 T	0.37958	0.24078	0.37964
881 A	0.36807	0.25260	0.37933
882 C	0.36615	0.25273	0.38111
883 C	0.36498	0.25306	0.38196
884 A	0.36835	0.24946	0.38219
885 T	0.37540	0.24208	0.38252
886 C	0.37393	0.24338	0.38269
887 C	0.37582	0.24148	0.3827
888 T	0.37619	0.24112	0.3827
889 A	0.37532	0.24181	0.38287
890 G	0.37577	0.24123	0.38299
891 A	0.37725	0.23968	0.38308
892 G	0.37994	0.23664	0.38341
893 C	0.38959	0.22596	0.38445
894 T	0.40453	0.21072	0.38475
895 A	0.41671	0.19821	0.38508
896 T	0.43317	0.18096	0.38587
897 T	0.44262	0.17057	0.38681
898 G	0.44859	0.16353	0.38788
899 A	0.46602	0.14044	0.39354
900 T	0.50969	0.08076	0.40954
901 A	0.51472	0.06555	0.41973
902 A	0.51709	0.05239	0.43052
903 T	0.52014	0.03747	0.44239
904 T	0.52163	0.02311	0.45526
905 T	0.52193	0.01648	0.46158
906 T	0.52216	0.01130	0.46654
907 T	0.52231	0.00807	0.46962
908 A	0.52238	0.00585	0.47177
909 A	0.52251	0.00000	0.4775
