# lcl|CP097583.1_cds_USQ93385.1_1
# AA	inside	membr	outside
1 A	0.21075	0.00000	0.78925
2 T	0.20967	0.00108	0.78925
3 G	0.20864	0.00211	0.78925
4 A	0.20864	0.01955	0.77181
5 A	0.20066	0.04649	0.75285
6 G	0.20066	0.04992	0.74941
7 A	0.19228	0.06048	0.74725
8 A	0.19228	0.06050	0.74722
9 T	0.19195	0.06128	0.74677
10 T	0.19195	0.11618	0.69187
11 T	0.19161	0.12391	0.68448
12 T	0.18193	0.13653	0.68154
13 T	0.15423	0.18053	0.66524
14 T	0.15422	0.18055	0.66524
15 T	0.15422	0.50461	0.34117
16 A	0.13703	0.52180	0.34117
17 A	0.11608	0.55438	0.32954
18 A	0.11575	0.58437	0.29988
19 A	0.11054	0.59870	0.29076
20 A	0.09485	0.68357	0.22158
21 T	0.08331	0.69527	0.22142
22 A	0.08229	0.70045	0.21726
23 A	0.08089	0.70370	0.21541
24 A	0.08098	0.70488	0.21414
25 A	0.08159	0.70401	0.2144
26 G	0.08238	0.70267	0.21494
27 A	0.09763	0.68717	0.21521
28 A	0.11460	0.66431	0.22109
29 G	0.11925	0.65932	0.22144
30 T	0.12674	0.64584	0.22742
31 A	0.12794	0.64495	0.2271
32 A	0.13054	0.64150	0.22796
33 A	0.18283	0.58669	0.23049
34 T	0.20256	0.56480	0.23264
35 T	0.22767	0.53008	0.24225
36 A	0.24394	0.49228	0.26378
37 A	0.25503	0.47936	0.26561
38 A	0.48674	0.24532	0.26793
39 A	0.49597	0.21858	0.28546
40 C	0.53279	0.15662	0.31059
41 T	0.58396	0.10216	0.31388
42 T	0.60125	0.08034	0.31841
43 T	0.64481	0.02778	0.32741
44 T	0.64610	0.02063	0.33328
45 T	0.64829	0.01769	0.33402
46 C	0.64925	0.01471	0.33605
47 C	0.65114	0.01243	0.33642
48 T	0.65358	0.01015	0.33626
49 T	0.65505	0.00938	0.33556
50 T	0.65591	0.00959	0.3345
51 T	0.65620	0.01041	0.33339
52 A	0.65553	0.01425	0.33021
53 T	0.65504	0.02147	0.32348
54 T	0.65503	0.03175	0.31322
55 T	0.65476	0.03750	0.30774
56 T	0.65416	0.04091	0.30493
57 T	0.65184	0.04737	0.30079
58 A	0.64632	0.05387	0.29981
59 A	0.64521	0.05510	0.29968
60 T	0.64353	0.05665	0.29983
61 T	0.64080	0.05942	0.29978
62 C	0.63819	0.06196	0.29985
63 T	0.63665	0.06392	0.29943
64 A	0.63565	0.06505	0.2993
65 T	0.63377	0.06696	0.29927
66 T	0.63005	0.07072	0.29923
67 T	0.62014	0.08070	0.29916
68 C	0.59946	0.10156	0.29898
69 A	0.57436	0.12841	0.29724
70 G	0.56386	0.14047	0.29567
71 G	0.55509	0.15232	0.29259
72 G	0.55187	0.15575	0.29238
73 A	0.55063	0.15704	0.29233
74 A	0.55155	0.15572	0.29273
75 A	0.55455	0.15134	0.29411
76 C	0.56220	0.14098	0.29681
77 C	0.57298	0.12886	0.29816
78 T	0.57891	0.12208	0.29901
79 T	0.58097	0.11934	0.29968
80 T	0.58260	0.11642	0.30098
81 T	0.58134	0.11535	0.30332
82 C	0.57641	0.11902	0.30457
83 G	0.57304	0.12008	0.30688
84 T	0.57123	0.11883	0.30993
85 T	0.56794	0.11975	0.31231
86 G	0.55998	0.12648	0.31354
87 T	0.55407	0.13207	0.31387
88 G	0.53880	0.14328	0.31792
89 A	0.52606	0.15065	0.32328
90 A	0.52141	0.14338	0.3352
91 A	0.51818	0.12710	0.35472
92 C	0.51824	0.10367	0.37809
93 A	0.51740	0.09907	0.38353
94 T	0.51686	0.09441	0.38873
95 A	0.51032	0.10470	0.38497
96 T	0.50257	0.11628	0.38115
97 G	0.47937	0.14737	0.37326
98 A	0.46004	0.17999	0.35997
99 T	0.42749	0.22800	0.34451
100 A	0.37664	0.29599	0.32737
101 T	0.35646	0.32629	0.31726
102 A	0.31503	0.37923	0.30574
103 A	0.28132	0.42470	0.29398
104 A	0.24232	0.47461	0.28308
105 T	0.22528	0.49333	0.28139
106 G	0.20250	0.52171	0.27579
107 G	0.18798	0.53906	0.27296
108 A	0.17687	0.55303	0.2701
109 G	0.17039	0.55691	0.2727
110 A	0.16845	0.55786	0.27369
111 A	0.16771	0.54962	0.28268
112 G	0.16768	0.54076	0.29156
113 A	0.16804	0.53747	0.29449
114 G	0.16857	0.53385	0.29758
115 A	0.16916	0.53203	0.29881
116 A	0.17095	0.52798	0.30107
117 A	0.17355	0.52157	0.30488
118 A	0.18047	0.50756	0.31197
119 A	0.18747	0.49021	0.32231
120 A	0.19766	0.45302	0.34932
121 A	0.21488	0.40980	0.37531
122 T	0.23673	0.33593	0.42734
123 T	0.25247	0.26855	0.47898
124 G	0.25977	0.24133	0.49889
125 A	0.26950	0.21033	0.52017
126 A	0.28387	0.17562	0.5405
127 T	0.30116	0.12299	0.57585
128 T	0.31188	0.09513	0.59298
129 T	0.32180	0.07105	0.60715
130 T	0.32506	0.06262	0.61232
131 T	0.32647	0.06005	0.61348
132 C	0.32488	0.06953	0.60558
133 T	0.32332	0.11150	0.56518
134 T	0.31936	0.16680	0.51384
135 T	0.31214	0.21879	0.46907
136 T	0.30597	0.30684	0.38719
137 T	0.29393	0.37568	0.33039
138 A	0.27619	0.40043	0.32338
139 A	0.26551	0.41857	0.31593
140 A	0.25968	0.42760	0.31272
141 A	0.25012	0.43870	0.31118
142 C	0.24519	0.44405	0.31076
143 A	0.24285	0.44657	0.31058
144 A	0.24212	0.44734	0.31054
145 A	0.24206	0.44740	0.31054
146 G	0.24311	0.44631	0.31059
147 C	0.24606	0.44329	0.31065
148 G	0.25320	0.43618	0.31062
149 A	0.26087	0.42857	0.31055
150 A	0.26785	0.42166	0.31048
151 T	0.27339	0.41606	0.31056
152 A	0.27741	0.41195	0.31065
153 T	0.28967	0.39832	0.312
154 A	0.30031	0.38573	0.31396
155 A	0.32569	0.35555	0.31876
156 T	0.38939	0.28238	0.32823
157 T	0.45227	0.20819	0.33955
158 C	0.48676	0.16007	0.35317
159 T	0.54993	0.09320	0.35686
160 T	0.57873	0.06045	0.36082
161 A	0.57951	0.05514	0.36536
162 T	0.58454	0.04457	0.3709
163 T	0.58552	0.04066	0.37383
164 T	0.58411	0.03317	0.38272
165 T	0.57862	0.03597	0.38541
166 T	0.56921	0.04473	0.38606
167 T	0.55532	0.05921	0.38547
168 A	0.52481	0.09053	0.38466
169 G	0.51389	0.10237	0.38374
170 A	0.50765	0.11023	0.38213
171 T	0.50218	0.11747	0.38035
172 A	0.49482	0.12956	0.37562
173 T	0.49171	0.13483	0.37346
174 G	0.48326	0.14385	0.3729
175 A	0.47688	0.15071	0.37241
176 A	0.47300	0.15504	0.37195
177 A	0.47126	0.15701	0.37173
178 C	0.47048	0.15789	0.37163
179 A	0.47028	0.15842	0.3713
180 A	0.47089	0.15797	0.37114
181 T	0.47285	0.15595	0.3712
182 A	0.47413	0.15454	0.37133
183 T	0.47635	0.15187	0.37178
184 G	0.47815	0.14614	0.37571
185 T	0.48006	0.14044	0.37951
186 T	0.48132	0.13314	0.38554
187 G	0.48219	0.12606	0.39175
188 T	0.48452	0.11524	0.40024
189 T	0.48537	0.10545	0.40918
190 T	0.48420	0.09494	0.42086
191 G	0.48205	0.07542	0.44253
192 G	0.48049	0.06906	0.45045
193 A	0.48042	0.06602	0.45356
194 G	0.48093	0.06197	0.4571
195 T	0.48473	0.05506	0.46021
196 A	0.48574	0.05377	0.46048
197 T	0.48607	0.04648	0.46745
198 G	0.48540	0.04274	0.47186
199 G	0.48532	0.04085	0.47384
200 T	0.48553	0.04052	0.47395
201 T	0.48532	0.04147	0.47321
202 G	0.48475	0.04304	0.47221
203 A	0.48456	0.04454	0.4709
204 T	0.48465	0.04582	0.46952
205 A	0.48434	0.04948	0.46618
206 A	0.48429	0.05059	0.46512
207 T	0.48459	0.05134	0.46407
208 T	0.48453	0.05435	0.46112
209 T	0.48408	0.05986	0.45606
210 A	0.48228	0.06961	0.44811
211 T	0.48023	0.08090	0.43887
212 A	0.47712	0.08924	0.43365
213 T	0.47455	0.09215	0.4333
214 A	0.46872	0.10006	0.43122
215 G	0.46755	0.10025	0.4322
216 A	0.46881	0.09892	0.43227
217 G	0.47119	0.09621	0.4326
218 T	0.47555	0.09181	0.43264
219 T	0.47880	0.08846	0.43274
220 T	0.47971	0.08829	0.43199
221 T	0.47996	0.08827	0.43177
222 A	0.47943	0.08990	0.43067
223 G	0.47942	0.09176	0.42882
224 T	0.48032	0.09504	0.42464
225 T	0.47922	0.09921	0.42157
226 G	0.47643	0.10502	0.41855
227 A	0.47530	0.11000	0.41471
228 T	0.47593	0.11202	0.41206
229 G	0.47064	0.12201	0.40735
230 A	0.46897	0.13093	0.4001
231 A	0.47217	0.13419	0.39365
232 A	0.47788	0.13045	0.39166
233 A	0.48637	0.12129	0.39234
234 T	0.49853	0.10625	0.39522
235 T	0.50407	0.09783	0.39811
236 A	0.50577	0.09386	0.40036
237 T	0.50937	0.08552	0.40511
238 T	0.51073	0.08246	0.40681
239 A	0.51136	0.08101	0.40763
240 T	0.51281	0.07883	0.40836
241 T	0.51337	0.07768	0.40895
242 C	0.51285	0.07775	0.40941
243 T	0.51287	0.07865	0.40849
244 A	0.51158	0.08266	0.40575
245 A	0.50855	0.08812	0.40333
246 A	0.50897	0.09051	0.40051
247 T	0.51287	0.08942	0.39771
248 T	0.51109	0.09329	0.39562
249 T	0.50233	0.10095	0.39671
250 G	0.49085	0.11222	0.39693
251 A	0.48724	0.11637	0.3964
252 A	0.48725	0.11326	0.39949
253 C	0.49129	0.10839	0.40031
254 T	0.49639	0.10632	0.39728
255 T	0.49541	0.11539	0.3892
256 T	0.49005	0.12869	0.38126
257 T	0.48155	0.14306	0.37539
258 A	0.46415	0.16228	0.37357
259 T	0.45531	0.17149	0.3732
260 A	0.44234	0.18478	0.37289
261 T	0.43268	0.19432	0.373
262 C	0.40813	0.21922	0.37265
263 A	0.39124	0.23735	0.37141
264 A	0.37347	0.25629	0.37023
265 A	0.36401	0.26585	0.37015
266 A	0.36056	0.26956	0.36988
267 A	0.36083	0.26867	0.3705
268 G	0.36277	0.26230	0.37493
269 A	0.36590	0.25683	0.37726
270 A	0.36957	0.24939	0.38104
271 A	0.37533	0.23707	0.3876
272 T	0.37978	0.22038	0.39984
273 T	0.38248	0.20645	0.41107
274 A	0.38475	0.19934	0.41591
275 A	0.38758	0.19170	0.42072
276 T	0.39197	0.18226	0.42577
277 A	0.39535	0.17566	0.42899
278 T	0.40422	0.16018	0.43561
279 T	0.41024	0.14737	0.44238
280 A	0.41298	0.13935	0.44767
281 T	0.41267	0.12824	0.45909
282 T	0.40992	0.12673	0.46335
283 T	0.40669	0.12165	0.47166
284 A	0.39696	0.12999	0.47305
285 T	0.39140	0.11648	0.49212
286 A	0.38221	0.11617	0.50163
287 T	0.37797	0.10769	0.51433
288 G	0.37184	0.10838	0.51977
289 G	0.36939	0.11153	0.51909
290 A	0.36882	0.11537	0.51581
291 T	0.36914	0.11490	0.51596
292 T	0.36857	0.11654	0.5149
293 T	0.36711	0.12075	0.51214
294 T	0.36620	0.12264	0.51116
295 C	0.36426	0.12746	0.50829
296 T	0.36285	0.13327	0.50387
297 T	0.36091	0.13870	0.50038
298 C	0.35797	0.14441	0.49762
299 A	0.35350	0.15633	0.49017
300 A	0.35098	0.16267	0.48635
301 A	0.34997	0.16665	0.48338
302 A	0.35088	0.16781	0.48131
303 A	0.35692	0.16305	0.48004
304 T	0.36782	0.14908	0.4831
305 T	0.37460	0.13888	0.48652
306 A	0.37647	0.13571	0.48782
307 T	0.38201	0.12191	0.49608
308 T	0.38330	0.11546	0.50124
309 A	0.38260	0.11353	0.50388
310 T	0.38392	0.11198	0.5041
311 A	0.38207	0.11875	0.49918
312 T	0.38288	0.11763	0.4995
313 A	0.37731	0.12886	0.49384
314 A	0.37266	0.14006	0.48728
315 A	0.37026	0.14721	0.48252
316 C	0.37122	0.15057	0.4782
317 G	0.37290	0.16191	0.46519
318 T	0.37915	0.16721	0.45364
319 T	0.38431	0.17539	0.4403
320 T	0.38600	0.18573	0.42827
321 T	0.38509	0.19795	0.41696
322 A	0.38386	0.20413	0.41201
323 A	0.38218	0.21088	0.40694
324 A	0.38206	0.21349	0.40446
325 A	0.38307	0.21723	0.3997
326 T	0.38506	0.21778	0.39716
327 A	0.38544	0.22001	0.39454
328 A	0.38642	0.22043	0.39315
329 T	0.38961	0.21662	0.39377
330 T	0.39026	0.21593	0.39381
331 A	0.39010	0.21633	0.39357
332 G	0.39260	0.21247	0.39493
333 A	0.39622	0.20786	0.39592
334 A	0.40407	0.19700	0.39893
335 A	0.40793	0.19052	0.40155
336 A	0.41656	0.17466	0.40878
337 A	0.42830	0.15867	0.41303
338 A	0.44139	0.14261	0.41599
339 T	0.46433	0.11803	0.41763
340 T	0.48623	0.09585	0.41793
341 T	0.49983	0.08255	0.41761
342 T	0.50914	0.07332	0.41754
343 T	0.51536	0.06728	0.41736
344 T	0.51971	0.06233	0.41796
345 A	0.52328	0.05815	0.41857
346 T	0.52983	0.04981	0.42036
347 A	0.53380	0.04466	0.42155
348 T	0.54062	0.03688	0.4225
349 T	0.54416	0.03323	0.42262
350 A	0.54641	0.03058	0.42301
351 T	0.54849	0.02783	0.42368
352 T	0.54952	0.02653	0.42396
353 T	0.55022	0.02570	0.42408
354 T	0.55085	0.02461	0.42454
355 T	0.55115	0.02428	0.42457
356 T	0.55113	0.02416	0.4247
357 A	0.55092	0.02437	0.42471
358 A	0.55107	0.02418	0.42476
359 G	0.55168	0.02351	0.42481
360 C	0.55303	0.02218	0.42479
361 A	0.55521	0.02010	0.42469
362 T	0.55916	0.01620	0.42465
363 T	0.56242	0.01297	0.42461
364 T	0.56474	0.01074	0.42452
365 T	0.56633	0.00922	0.42445
366 T	0.56744	0.00809	0.42448
367 T	0.56811	0.00731	0.42458
368 T	0.56899	0.00631	0.4247
369 T	0.56952	0.00568	0.42479
370 T	0.56990	0.00521	0.42489
371 C	0.57012	0.00495	0.42492
372 T	0.57063	0.00444	0.42492
373 T	0.57099	0.00409	0.42493
374 T	0.57115	0.00393	0.42492
375 A	0.57129	0.00378	0.42494
376 T	0.57178	0.00324	0.42498
377 T	0.57200	0.00275	0.42525
378 T	0.57219	0.00228	0.42552
379 C	0.57218	0.00196	0.42586
380 T	0.57226	0.00170	0.42605
381 T	0.57222	0.00175	0.42603
382 G	0.57189	0.00253	0.42557
383 T	0.57177	0.00354	0.42469
384 T	0.57155	0.00535	0.4231
385 T	0.57126	0.00668	0.42207
386 G	0.57091	0.00782	0.42126
387 T	0.57086	0.00861	0.42053
388 T	0.57082	0.00935	0.41982
389 T	0.57078	0.00986	0.41936
390 T	0.57068	0.01036	0.41896
391 T	0.57057	0.01075	0.41868
392 T	0.57047	0.01103	0.41851
393 T	0.57003	0.01160	0.41837
394 T	0.56960	0.01212	0.41829
395 A	0.56907	0.01279	0.41814
396 T	0.56878	0.01316	0.41806
397 T	0.56806	0.01410	0.41784
398 T	0.56634	0.01648	0.41718
399 T	0.56378	0.02060	0.41562
400 A	0.55786	0.02974	0.41239
401 A	0.55237	0.03856	0.40907
402 A	0.54903	0.04329	0.40767
403 A	0.54720	0.04630	0.40649
404 A	0.54667	0.04726	0.40607
405 A	0.54723	0.04670	0.40607
406 A	0.54850	0.04522	0.40627
407 T	0.55089	0.04252	0.40659
408 T	0.55220	0.04090	0.4069
409 T	0.55278	0.04018	0.40704
410 C	0.55282	0.04016	0.40702
411 T	0.55308	0.04020	0.40671
412 T	0.55301	0.04060	0.40639
413 T	0.55237	0.04185	0.40579
414 T	0.55002	0.04530	0.40468
415 T	0.54522	0.05112	0.40366
416 T	0.53661	0.06032	0.40308
417 A	0.51921	0.07828	0.4025
418 G	0.51042	0.08677	0.40282
419 G	0.50605	0.09092	0.40303
420 A	0.50478	0.09168	0.40354
421 G	0.50461	0.09032	0.40507
422 A	0.50595	0.08716	0.40689
423 A	0.50899	0.07932	0.41169
424 T	0.51238	0.07099	0.41663
425 A	0.51351	0.06687	0.41961
426 T	0.51456	0.06403	0.42142
427 C	0.51474	0.06325	0.42202
428 G	0.51492	0.06314	0.42194
429 A	0.51499	0.06316	0.42184
430 T	0.51524	0.06294	0.42182
431 A	0.51539	0.06281	0.42181
432 T	0.51590	0.06229	0.42181
433 T	0.51630	0.06128	0.42242
434 T	0.51663	0.06015	0.42322
435 A	0.51678	0.05874	0.42448
436 A	0.51747	0.05522	0.42731
437 T	0.51894	0.04711	0.43395
438 T	0.52012	0.03927	0.44061
439 T	0.52099	0.03115	0.44785
440 T	0.52164	0.01925	0.45911
441 T	0.52134	0.01456	0.4641
442 T	0.52022	0.01386	0.46592
443 T	0.51816	0.01586	0.46598
444 T	0.51629	0.01836	0.46535
445 A	0.51417	0.02117	0.46466
446 T	0.51334	0.02236	0.4643
447 T	0.51220	0.02400	0.4638
448 A	0.51079	0.02584	0.46337
449 T	0.51066	0.02615	0.46319
450 T	0.51039	0.02653	0.46308
451 T	0.51011	0.02697	0.46292
452 T	0.50977	0.02760	0.46262
453 T	0.50938	0.02828	0.46234
454 A	0.50902	0.02885	0.46212
455 T	0.50902	0.02889	0.46209
456 T	0.50893	0.02897	0.4621
457 T	0.50874	0.02910	0.46216
458 T	0.50861	0.02915	0.46225
459 A	0.50847	0.02925	0.46229
460 A	0.50854	0.02908	0.46238
461 A	0.50914	0.02812	0.46274
462 T	0.51119	0.02549	0.46332
463 T	0.51286	0.02302	0.46412
464 T	0.51439	0.02040	0.4652
465 T	0.51527	0.01763	0.4671
466 G	0.51576	0.01436	0.46988
467 T	0.51651	0.01202	0.47147
468 T	0.51705	0.00988	0.47306
469 T	0.51747	0.00893	0.4736
470 T	0.51798	0.00750	0.47452
471 T	0.51814	0.00620	0.47567
472 T	0.51771	0.00648	0.47581
473 T	0.51636	0.00778	0.47586
474 G	0.51544	0.00901	0.47556
475 T	0.51532	0.01054	0.47413
476 T	0.51487	0.01444	0.47069
477 T	0.51315	0.02207	0.46477
478 T	0.51017	0.03495	0.45489
479 T	0.48889	0.07493	0.43619
480 T	0.45617	0.14030	0.40353
481 T	0.40039	0.20639	0.39322
482 A	0.32469	0.29099	0.38432
483 T	0.29407	0.32576	0.38018
484 A	0.24704	0.37659	0.37637
485 C	0.20593	0.41923	0.37485
486 A	0.17477	0.45305	0.37218
487 A	0.16626	0.46264	0.37111
488 A	0.16406	0.46525	0.37068
489 A	0.16328	0.46628	0.37044
490 G	0.16291	0.46692	0.37017
491 T	0.16279	0.46766	0.36955
492 T	0.16228	0.46826	0.36946
493 A	0.16084	0.47043	0.36873
494 A	0.15838	0.47288	0.36874
495 A	0.15729	0.47351	0.36919
496 C	0.15627	0.47293	0.3708
497 A	0.15565	0.47296	0.37139
498 A	0.15684	0.47139	0.37177
499 A	0.16044	0.46699	0.37257
500 G	0.16769	0.45723	0.37508
501 A	0.17748	0.44494	0.37759
502 G	0.19640	0.38351	0.42008
503 A	0.22738	0.30739	0.46523
504 T	0.24095	0.21997	0.53909
505 T	0.24985	0.15823	0.59192
506 T	0.25371	0.16743	0.57886
507 T	0.25425	0.15106	0.5947
508 T	0.25128	0.13841	0.61031
509 T	0.24010	0.14060	0.6193
510 T	0.22854	0.15493	0.61654
511 C	0.21191	0.17976	0.60833
512 A	0.20036	0.21311	0.58653
513 A	0.19254	0.23968	0.56778
514 A	0.18479	0.26082	0.55439
515 A	0.18027	0.27216	0.54757
516 T	0.17938	0.28581	0.53481
517 T	0.17554	0.31427	0.5102
518 A	0.16458	0.38561	0.44982
519 T	0.15628	0.43606	0.40766
520 A	0.14875	0.44894	0.4023
521 A	0.14076	0.46160	0.39764
522 A	0.13055	0.47481	0.39464
523 A	0.12460	0.48179	0.39361
524 C	0.12341	0.48345	0.39315
525 A	0.11912	0.49116	0.38971
526 A	0.11880	0.49479	0.3864
527 A	0.11950	0.49736	0.38313
528 A	0.13885	0.48109	0.38006
529 T	0.18257	0.43956	0.37787
530 T	0.20059	0.41739	0.38202
531 A	0.20771	0.40701	0.38528
532 T	0.21743	0.38308	0.39948
533 T	0.21344	0.38066	0.40591
534 A	0.18403	0.41112	0.40485
535 A	0.14433	0.46112	0.39455
536 A	0.11975	0.49518	0.38508
537 A	0.10553	0.50987	0.3846
538 G	0.10391	0.50792	0.38817
539 A	0.11222	0.49872	0.38907
540 A	0.13345	0.47348	0.39307
541 A	0.18710	0.40919	0.4037
542 C	0.22188	0.36470	0.41342
543 A	0.21832	0.36397	0.41771
544 A	0.21948	0.35697	0.42354
545 T	0.21623	0.35208	0.4317
546 G	0.18795	0.37559	0.43645
547 A	0.13668	0.42604	0.43728
548 A	0.11502	0.44076	0.44423
549 A	0.11273	0.43933	0.44795
550 G	0.11438	0.43304	0.45258
551 A	0.11934	0.42686	0.4538
552 T	0.12512	0.41802	0.45686
553 A	0.12643	0.41369	0.45988
554 T	0.13448	0.39786	0.46766
555 T	0.13810	0.39085	0.47105
556 A	0.13702	0.38248	0.4805
557 A	0.14184	0.34944	0.50872
558 A	0.15559	0.29081	0.5536
559 T	0.16927	0.23680	0.59393
560 C	0.17434	0.20518	0.62049
561 T	0.17667	0.19532	0.628
562 T	0.17776	0.18919	0.63305
563 T	0.17838	0.18437	0.63725
564 T	0.17848	0.18262	0.6389
565 T	0.17800	0.18107	0.64092
566 T	0.17767	0.16670	0.65563
567 A	0.17680	0.16274	0.66046
568 G	0.17659	0.15178	0.67164
569 G	0.17681	0.12433	0.69887
570 T	0.17769	0.07248	0.74984
571 G	0.17838	0.04850	0.77312
572 T	0.18055	0.04164	0.77781
573 C	0.18150	0.03857	0.77992
574 G	0.18230	0.03858	0.77912
575 A	0.18275	0.03927	0.77798
576 A	0.18375	0.03795	0.7783
577 G	0.18520	0.03764	0.77715
578 T	0.18957	0.03599	0.77444
579 T	0.19045	0.03398	0.77558
580 T	0.19056	0.03576	0.77368
581 T	0.18977	0.04466	0.76556
582 T	0.18574	0.06949	0.74477
583 G	0.17720	0.12661	0.69619
584 A	0.15965	0.28997	0.55037
585 A	0.13942	0.43105	0.42953
586 A	0.13220	0.47628	0.39152
587 A	0.12889	0.50713	0.36399
588 T	0.12692	0.52198	0.3511
589 A	0.12475	0.52556	0.34969
590 T	0.12492	0.52558	0.3495
591 T	0.12348	0.52753	0.34899
592 T	0.12138	0.53036	0.34826
593 C	0.11798	0.53451	0.34751
594 A	0.11562	0.53712	0.34726
595 A	0.11502	0.53792	0.34707
596 A	0.11482	0.53814	0.34704
597 A	0.11540	0.53752	0.34708
598 C	0.11672	0.53619	0.34709
599 A	0.11851	0.53449	0.347
600 A	0.12029	0.53270	0.34702
601 C	0.12354	0.52933	0.34714
602 A	0.12686	0.52600	0.34714
603 A	0.13245	0.52031	0.34723
604 A	0.14501	0.50649	0.3485
605 G	0.16960	0.47768	0.35272
606 A	0.22081	0.41909	0.36011
607 A	0.36926	0.25183	0.37891
608 T	0.49742	0.10206	0.40052
609 G	0.53089	0.06044	0.40868
610 T	0.55405	0.03206	0.41388
611 T	0.56161	0.01917	0.41922
612 T	0.56251	0.01520	0.42228
613 T	0.56206	0.01346	0.42447
614 C	0.55983	0.01397	0.4262
615 T	0.55873	0.01409	0.42718
616 T	0.55326	0.01872	0.42802
617 C	0.53418	0.03894	0.42688
618 T	0.50379	0.07554	0.42067
619 G	0.41537	0.17516	0.40947
620 A	0.36243	0.24582	0.39176
621 A	0.35058	0.27179	0.37763
622 T	0.34315	0.29237	0.36449
623 T	0.34157	0.29584	0.36259
624 T	0.33886	0.29962	0.36152
625 T	0.33069	0.30936	0.35995
626 T	0.32415	0.31691	0.35894
627 T	0.31169	0.33014	0.35817
628 G	0.31045	0.33140	0.35815
629 A	0.31025	0.33159	0.35815
630 T	0.31020	0.33162	0.35818
631 G	0.31021	0.33159	0.3582
632 A	0.31022	0.33152	0.35826
633 A	0.31024	0.33142	0.35834
634 A	0.31030	0.33111	0.3586
635 A	0.31041	0.33044	0.35915
636 A	0.31055	0.32872	0.36073
637 G	0.31081	0.32369	0.36549
638 A	0.31147	0.31955	0.36898
639 A	0.31321	0.30881	0.37798
640 A	0.31690	0.28554	0.39756
641 A	0.32504	0.24698	0.42798
642 A	0.33841	0.15391	0.50769
643 T	0.35877	0.07817	0.56306
644 A	0.37143	0.04657	0.58201
645 A	0.38570	0.00000	0.61431
