# lcl|CP097583.1_cds_USQ93515.1_1
# AA	inside	membr	outside
1 A	0.64733	0.00000	0.35267
2 T	0.64455	0.00278	0.35267
3 G	0.64331	0.00402	0.35267
4 T	0.64331	0.00550	0.35119
5 C	0.61308	0.03699	0.34994
6 G	0.61307	0.03803	0.3489
7 T	0.43028	0.22161	0.34811
8 C	0.43027	0.22165	0.34809
9 T	0.40458	0.24841	0.34702
10 A	0.40448	0.36261	0.23291
11 G	0.39719	0.37694	0.22587
12 A	0.32251	0.45737	0.22012
13 A	0.23445	0.57526	0.19029
14 A	0.23441	0.57530	0.19029
15 A	0.23441	0.67393	0.09166
16 A	0.22591	0.68243	0.09166
17 A	0.21862	0.68995	0.09143
18 A	0.21823	0.69076	0.09101
19 A	0.21388	0.69523	0.09089
20 T	0.20640	0.70341	0.09018
21 A	0.17076	0.73890	0.09033
22 A	0.16825	0.74106	0.09069
23 T	0.16671	0.74097	0.09232
24 T	0.16313	0.74349	0.09339
25 G	0.15872	0.74164	0.09964
26 A	0.15675	0.74195	0.1013
27 T	0.15738	0.73165	0.11097
28 A	0.15781	0.70610	0.1361
29 A	0.15974	0.69049	0.14977
30 T	0.17518	0.50525	0.31957
31 C	0.17786	0.48262	0.33952
32 C	0.18142	0.45640	0.36219
33 G	0.26297	0.37389	0.36314
34 A	0.26803	0.37225	0.35972
35 A	0.28138	0.33354	0.38508
36 T	0.31279	0.26327	0.42394
37 G	0.31653	0.25553	0.42794
38 T	0.39572	0.16067	0.44361
39 T	0.39186	0.16010	0.44804
40 A	0.38851	0.16581	0.44569
41 T	0.38417	0.17355	0.44227
42 T	0.36958	0.21390	0.41652
43 A	0.35873	0.23874	0.40252
44 A	0.33299	0.32710	0.33991
45 G	0.32277	0.33548	0.34176
46 T	0.31821	0.34078	0.34101
47 G	0.31246	0.34477	0.34277
48 G	0.30817	0.34906	0.34277
49 C	0.29730	0.37256	0.33014
50 A	0.28875	0.39846	0.31279
51 T	0.28795	0.40293	0.30912
52 G	0.28435	0.41209	0.30356
53 A	0.28068	0.43239	0.28693
54 T	0.28055	0.44324	0.2762
55 A	0.27871	0.46468	0.25661
56 A	0.27970	0.47511	0.24519
57 A	0.28373	0.48341	0.23285
58 T	0.28365	0.50613	0.21023
59 T	0.28211	0.51930	0.19859
60 A	0.27204	0.56503	0.16293
61 A	0.26040	0.62713	0.11247
62 A	0.26239	0.63155	0.10606
63 A	0.26949	0.62651	0.10399
64 A	0.28678	0.60429	0.10894
65 A	0.32261	0.55419	0.1232
66 C	0.34763	0.51738	0.13499
67 A	0.42423	0.43516	0.1406
68 A	0.43664	0.42137	0.14199
69 T	0.45341	0.40355	0.14304
70 T	0.46232	0.39264	0.14504
71 G	0.45627	0.39926	0.14446
72 T	0.46343	0.38208	0.15449
73 T	0.45669	0.38261	0.1607
74 T	0.44069	0.39899	0.16032
75 A	0.40615	0.43388	0.15998
76 A	0.39025	0.44999	0.15976
77 A	0.39120	0.44959	0.15921
78 G	0.40329	0.43666	0.16004
79 A	0.41217	0.43217	0.15566
80 A	0.43050	0.41591	0.15359
81 T	0.45789	0.38611	0.156
82 A	0.45877	0.38212	0.15911
83 A	0.48744	0.34341	0.16914
84 A	0.53206	0.28568	0.18225
85 C	0.54724	0.25988	0.19288
86 C	0.55613	0.24812	0.19575
87 T	0.56461	0.24058	0.19481
88 A	0.56663	0.23970	0.19367
89 T	0.57179	0.23479	0.19341
90 T	0.57656	0.23088	0.19256
91 T	0.57632	0.23127	0.19241
92 T	0.56754	0.23734	0.19513
93 A	0.54374	0.25849	0.19777
94 T	0.52573	0.26655	0.20772
95 T	0.45794	0.32467	0.21739
96 T	0.34895	0.42088	0.23017
97 G	0.26102	0.49793	0.24105
98 A	0.21358	0.52449	0.26193
99 C	0.18567	0.53498	0.27935
100 G	0.16941	0.55444	0.27615
101 A	0.16597	0.56623	0.2678
102 A	0.16364	0.57938	0.25697
103 A	0.16367	0.59505	0.24127
104 A	0.15947	0.61042	0.23012
105 T	0.15495	0.62073	0.22432
106 A	0.15076	0.65051	0.19873
107 A	0.14840	0.67929	0.17232
108 A	0.14740	0.70434	0.14826
109 A	0.14773	0.71385	0.13842
110 T	0.14971	0.71393	0.13636
111 T	0.15080	0.71549	0.1337
112 A	0.15054	0.71978	0.12967
113 A	0.15056	0.71809	0.13135
114 A	0.14789	0.71449	0.13763
115 A	0.14775	0.69679	0.15545
116 A	0.15127	0.65976	0.18896
117 A	0.15837	0.60517	0.23646
118 G	0.16167	0.49317	0.34516
119 C	0.16677	0.37333	0.4599
120 T	0.17447	0.33880	0.48672
121 A	0.17722	0.39459	0.4282
122 T	0.17956	0.49868	0.32175
123 A	0.17983	0.58576	0.2344
124 A	0.18511	0.63885	0.17604
125 G	0.19191	0.65047	0.15762
126 A	0.20571	0.63562	0.15868
127 A	0.21750	0.61731	0.16519
128 G	0.23668	0.59095	0.17237
129 A	0.26753	0.55607	0.17639
130 C	0.30194	0.51831	0.17975
131 C	0.33039	0.48936	0.18026
132 T	0.34680	0.47497	0.17823
133 T	0.35194	0.47204	0.17602
134 T	0.35227	0.47583	0.1719
135 T	0.34823	0.48470	0.16707
136 A	0.32917	0.51412	0.15671
137 A	0.31651	0.53751	0.14598
138 A	0.31336	0.54087	0.14577
139 G	0.31279	0.54334	0.14387
140 A	0.31459	0.54282	0.14259
141 A	0.32150	0.53588	0.14262
142 C	0.33740	0.51934	0.14326
143 A	0.36895	0.48913	0.14192
144 A	0.45095	0.40744	0.14161
145 T	0.57563	0.28152	0.14285
146 A	0.65139	0.20472	0.14389
147 T	0.70472	0.15152	0.14375
148 T	0.72057	0.13140	0.14802
149 T	0.72075	0.12823	0.15102
150 A	0.71786	0.13089	0.15126
151 T	0.71735	0.13131	0.15134
152 A	0.71659	0.13251	0.1509
153 T	0.71734	0.13139	0.15127
154 T	0.71786	0.13031	0.15182
155 T	0.71874	0.13068	0.15058
156 A	0.70018	0.14866	0.15116
157 G	0.69761	0.14770	0.15468
158 A	0.70012	0.13993	0.15995
159 A	0.70941	0.11273	0.17787
160 C	0.72325	0.08706	0.18969
161 C	0.72811	0.07993	0.19196
162 T	0.73326	0.07512	0.19162
163 T	0.73554	0.07451	0.18995
164 T	0.73494	0.07794	0.18712
165 A	0.73019	0.08574	0.18407
166 A	0.72943	0.09002	0.18055
167 T	0.72988	0.09373	0.17639
168 A	0.72952	0.10926	0.16122
169 A	0.73105	0.11017	0.15878
170 T	0.73409	0.10622	0.15968
171 T	0.73560	0.10367	0.16073
172 T	0.73512	0.10404	0.16084
173 C	0.73330	0.10394	0.16275
174 T	0.73278	0.10470	0.16252
175 G	0.73079	0.10760	0.16161
176 A	0.72717	0.11167	0.16116
177 C	0.72597	0.11204	0.16199
178 A	0.72595	0.11179	0.16226
179 T	0.72618	0.09240	0.18142
180 T	0.72519	0.08873	0.18609
181 G	0.72280	0.09026	0.18694
182 C	0.72128	0.09327	0.18545
183 T	0.72071	0.09522	0.18407
184 A	0.71857	0.10141	0.18002
185 A	0.71324	0.11072	0.17603
186 A	0.71114	0.11599	0.17287
187 C	0.70985	0.11868	0.17146
188 A	0.70904	0.13822	0.15273
189 A	0.70978	0.13941	0.15081
190 G	0.71254	0.13876	0.1487
191 A	0.72535	0.12877	0.14587
192 T	0.72868	0.12750	0.14382
193 C	0.72699	0.13155	0.14146
194 A	0.72697	0.13535	0.13769
195 A	0.72882	0.13415	0.13703
196 T	0.73007	0.13256	0.13737
197 A	0.73098	0.13377	0.13525
198 T	0.73277	0.13064	0.13658
199 T	0.73354	0.12561	0.14085
200 A	0.73355	0.12348	0.14297
201 T	0.73347	0.12093	0.14561
202 C	0.73282	0.12130	0.14587
203 A	0.73079	0.12506	0.14415
204 A	0.73011	0.12666	0.14323
205 G	0.73088	0.12622	0.14289
206 A	0.73204	0.12562	0.14234
207 A	0.73604	0.12147	0.14249
208 G	0.74224	0.11003	0.14773
209 A	0.74697	0.10245	0.15058
210 A	0.75088	0.09504	0.15408
211 A	0.77025	0.07315	0.15659
212 A	0.77561	0.06494	0.15946
213 T	0.78250	0.05544	0.16205
214 A	0.78781	0.04863	0.16356
215 T	0.79203	0.04247	0.1655
216 T	0.79561	0.03609	0.16829
217 T	0.79767	0.03249	0.16984
218 C	0.79823	0.03109	0.17067
219 G	0.79926	0.03025	0.17049
220 C	0.80179	0.02779	0.17042
221 T	0.80280	0.02771	0.16949
222 T	0.80359	0.02790	0.16851
223 T	0.80433	0.02773	0.16794
224 G	0.80442	0.02785	0.16774
225 T	0.80540	0.02677	0.16783
226 G	0.80653	0.02340	0.17006
227 T	0.80865	0.02017	0.17119
228 T	0.80994	0.01823	0.17184
229 A	0.81054	0.01732	0.17214
230 C	0.81130	0.01633	0.17236
231 T	0.81266	0.01518	0.17215
232 T	0.81265	0.01579	0.17156
233 A	0.81237	0.01640	0.17123
234 T	0.81298	0.01593	0.17109
235 A	0.81296	0.01598	0.17106
236 A	0.81335	0.01554	0.17112
237 T	0.81365	0.01508	0.17127
238 T	0.81377	0.01485	0.17138
239 C	0.81369	0.01483	0.17149
240 A	0.81388	0.01472	0.1714
241 G	0.81428	0.01426	0.17145
242 T	0.81530	0.01317	0.17154
243 T	0.81611	0.01234	0.17156
244 T	0.81719	0.01131	0.1715
245 T	0.81786	0.01029	0.17185
246 T	0.81813	0.00958	0.1723
247 T	0.81821	0.00931	0.17248
248 T	0.81809	0.00948	0.17243
249 T	0.81752	0.01066	0.17181
250 G	0.81630	0.01272	0.17098
251 A	0.81577	0.01391	0.17032
252 A	0.81570	0.01394	0.17036
253 T	0.81585	0.01326	0.17089
254 G	0.81605	0.01279	0.17117
255 T	0.81666	0.01203	0.17132
256 T	0.81687	0.01222	0.17091
257 T	0.81676	0.01276	0.17049
258 A	0.81492	0.01551	0.16956
259 G	0.81428	0.01666	0.16907
260 T	0.81398	0.01806	0.16796
261 G	0.81243	0.02150	0.16607
262 G	0.81164	0.02726	0.1611
263 T	0.81142	0.03060	0.15799
264 T	0.81085	0.03455	0.1546
265 A	0.80916	0.03914	0.15169
266 A	0.80788	0.04230	0.14981
267 T	0.80773	0.04357	0.1487
268 A	0.80747	0.04476	0.14777
269 G	0.80748	0.04511	0.14741
270 A	0.80787	0.04458	0.14754
271 A	0.80859	0.04348	0.14794
272 T	0.80991	0.04147	0.14862
273 T	0.81070	0.03962	0.14968
274 C	0.81095	0.03884	0.15021
275 C	0.81109	0.03859	0.15033
276 T	0.81114	0.03860	0.15025
277 G	0.81114	0.03876	0.1501
278 A	0.81152	0.03847	0.15
279 T	0.81249	0.03758	0.14992
280 A	0.81282	0.03737	0.14981
281 T	0.81395	0.03455	0.1515
282 G	0.81382	0.03425	0.15193
283 A	0.81515	0.03290	0.15195
284 G	0.81756	0.02901	0.15343
285 T	0.82433	0.02129	0.15438
286 T	0.82714	0.01800	0.15486
287 T	0.82967	0.01497	0.15537
288 A	0.83043	0.01305	0.15651
289 C	0.83155	0.01084	0.15762
290 T	0.83226	0.01035	0.15739
291 T	0.83261	0.01024	0.15716
292 T	0.83261	0.01056	0.15683
293 A	0.83198	0.01184	0.15619
294 T	0.82937	0.01520	0.15543
295 G	0.82388	0.02113	0.15499
296 T	0.82271	0.02244	0.15485
297 T	0.82048	0.02533	0.15419
298 A	0.81479	0.03273	0.15248
299 C	0.81078	0.03694	0.15228
300 T	0.80889	0.03998	0.15112
301 A	0.80680	0.04299	0.15021
302 A	0.80543	0.04499	0.14957
303 A	0.80462	0.04614	0.14924
304 T	0.80406	0.04664	0.14929
305 G	0.80361	0.04614	0.15026
306 T	0.80371	0.04573	0.15055
307 T	0.80354	0.04567	0.15079
308 A	0.80321	0.04587	0.15091
309 T	0.80309	0.04569	0.15122
310 A	0.80287	0.04570	0.15143
311 C	0.80250	0.04532	0.15218
312 T	0.80081	0.04717	0.15202
313 A	0.79391	0.05495	0.15114
314 T	0.78822	0.06163	0.15015
315 G	0.78341	0.06747	0.14912
316 A	0.78155	0.07025	0.1482
317 G	0.78126	0.06688	0.15186
318 T	0.78188	0.06026	0.15786
319 G	0.78205	0.05955	0.15841
320 A	0.78339	0.05740	0.15922
321 T	0.78473	0.05175	0.16352
322 T	0.78354	0.05064	0.16582
323 T	0.78277	0.05105	0.16617
324 A	0.78169	0.05154	0.16677
325 A	0.78139	0.05069	0.16792
326 T	0.78132	0.04938	0.1693
327 T	0.78017	0.04929	0.17054
328 C	0.77626	0.05256	0.17119
329 C	0.75765	0.07188	0.17047
330 T	0.73880	0.09528	0.16592
331 A	0.68068	0.16122	0.1581
332 A	0.62673	0.22262	0.15065
333 A	0.61160	0.23824	0.15016
334 G	0.60441	0.24493	0.15065
335 A	0.60132	0.24535	0.15333
336 A	0.59993	0.23863	0.16144
337 C	0.60021	0.23052	0.16926
338 C	0.60137	0.22609	0.17255
339 T	0.60259	0.22985	0.16756
340 T	0.60266	0.24103	0.15631
341 A	0.60254	0.25412	0.14334
342 T	0.60302	0.25655	0.14043
343 A	0.60305	0.25853	0.13841
344 A	0.60337	0.25755	0.13909
345 T	0.60425	0.25551	0.14024
346 C	0.60292	0.25623	0.14085
347 A	0.59969	0.26336	0.13696
348 A	0.59672	0.26901	0.13427
349 A	0.59386	0.27522	0.13092
350 A	0.59304	0.27659	0.13037
351 A	0.59332	0.27365	0.13303
352 G	0.59447	0.24642	0.15911
353 A	0.59821	0.22295	0.17884
354 A	0.60442	0.16241	0.23317
355 T	0.61058	0.10706	0.28236
356 G	0.61111	0.09932	0.28957
357 G	0.61134	0.09843	0.29023
358 A	0.61192	0.09615	0.29193
359 T	0.61302	0.09205	0.29493
360 G	0.61355	0.08992	0.29653
361 G	0.61561	0.08753	0.29686
362 C	0.62173	0.08109	0.29719
363 C	0.63258	0.07201	0.2954
364 A	0.64381	0.06823	0.28797
365 T	0.64922	0.06572	0.28506
366 T	0.65257	0.07026	0.27717
367 T	0.65431	0.07685	0.26885
368 T	0.65540	0.10758	0.23702
369 A	0.65611	0.13298	0.21091
370 T	0.65972	0.12805	0.21223
371 A	0.66224	0.12371	0.21405
372 T	0.66592	0.11750	0.21658
373 T	0.66659	0.11681	0.21661
374 C	0.66488	0.11878	0.21633
375 T	0.66375	0.12108	0.21517
376 T	0.66028	0.12594	0.21378
377 T	0.65301	0.13360	0.21339
378 A	0.64198	0.14479	0.21323
379 T	0.63724	0.14970	0.21307
380 T	0.63064	0.15638	0.21299
381 C	0.61173	0.17519	0.21309
382 C	0.58535	0.20187	0.21278
383 A	0.55801	0.22951	0.21248
384 T	0.54686	0.24103	0.21211
385 C	0.51623	0.27180	0.21197
386 A	0.48955	0.29913	0.21132
387 C	0.47285	0.31635	0.2108
388 A	0.44613	0.34513	0.20875
389 C	0.43384	0.35932	0.20683
390 A	0.37369	0.42752	0.19879
391 G	0.34556	0.46352	0.19092
392 A	0.34647	0.46974	0.18379
393 T	0.33588	0.48411	0.18001
394 T	0.31148	0.51281	0.17571
395 A	0.27070	0.55656	0.17273
396 T	0.24778	0.57999	0.17224
397 A	0.20882	0.61810	0.17307
398 A	0.18762	0.63610	0.17627
399 A	0.18066	0.63711	0.18223
400 G	0.17575	0.63293	0.19132
401 A	0.17264	0.62651	0.20084
402 C	0.17002	0.62104	0.20894
403 A	0.16817	0.62059	0.21124
404 A	0.16730	0.61252	0.22018
405 A	0.16707	0.59889	0.23404
406 G	0.16713	0.57924	0.25362
407 C	0.16745	0.57320	0.25935
408 A	0.16777	0.55696	0.27527
409 A	0.16867	0.54024	0.2911
410 A	0.16987	0.52478	0.30535
411 A	0.17265	0.49994	0.32741
412 A	0.17596	0.47883	0.34521
413 A	0.18586	0.38257	0.43157
414 T	0.19805	0.29280	0.50916
415 T	0.20590	0.26201	0.53209
416 T	0.20862	0.25855	0.53284
417 T	0.21038	0.30340	0.48622
418 T	0.21112	0.33953	0.44936
419 T	0.21116	0.37681	0.41203
420 A	0.20959	0.43497	0.35544
421 A	0.20925	0.47924	0.31151
422 A	0.20958	0.53856	0.25186
423 A	0.21065	0.58770	0.20165
424 A	0.21335	0.61996	0.16669
425 G	0.21690	0.62682	0.15628
426 T	0.22188	0.63145	0.14667
427 A	0.22433	0.64349	0.13218
428 A	0.22970	0.64505	0.12525
429 T	0.23920	0.63608	0.12471
430 T	0.24629	0.62897	0.12473
431 T	0.25367	0.62164	0.12468
432 A	0.25727	0.61833	0.1244
433 C	0.26037	0.61509	0.12453
434 C	0.26270	0.61300	0.1243
435 A	0.26507	0.61148	0.12345
436 A	0.27400	0.60314	0.12286
437 C	0.30436	0.57322	0.12242
438 T	0.36598	0.51190	0.12211
439 A	0.41097	0.46704	0.122
440 T	0.51163	0.36612	0.12225
441 T	0.55922	0.31823	0.12255
442 C	0.58520	0.29187	0.12293
443 C	0.61946	0.25571	0.12483
444 A	0.66477	0.21006	0.12517
445 C	0.71919	0.15564	0.12517
446 C	0.75321	0.12256	0.12424
447 T	0.78105	0.09930	0.11966
448 T	0.73075	0.15156	0.11769
449 T	0.63394	0.24999	0.11607
450 A	0.46446	0.42089	0.11464
451 A	0.32948	0.55660	0.11392
452 C	0.21578	0.67077	0.11345
453 A	0.14051	0.74620	0.11329
454 A	0.11198	0.77478	0.11324
455 A	0.08995	0.79670	0.11335
456 A	0.06674	0.81989	0.11337
457 C	0.05504	0.83150	0.11346
458 A	0.04926	0.83717	0.11357
459 A	0.04740	0.83880	0.1138
460 A	0.04690	0.83904	0.11406
461 A	0.04659	0.83899	0.11442
462 T	0.04653	0.83831	0.11516
463 C	0.04607	0.83604	0.11789
464 A	0.04571	0.83551	0.11878
465 A	0.04559	0.83340	0.12101
466 A	0.04556	0.82880	0.12564
467 A	0.04577	0.82320	0.13103
468 A	0.04617	0.81574	0.13809
469 G	0.04747	0.76692	0.18561
470 A	0.05213	0.71752	0.23035
471 T	0.05481	0.58879	0.3564
472 T	0.05647	0.47418	0.46935
473 T	0.05744	0.33592	0.60664
474 A	0.05745	0.26351	0.67903
475 T	0.05767	0.18327	0.75906
476 T	0.05753	0.14702	0.79545
477 A	0.05737	0.16800	0.77462
478 A	0.05733	0.18731	0.75536
479 T	0.05738	0.20524	0.73738
480 T	0.05728	0.32978	0.61294
481 T	0.05683	0.42299	0.52018
482 T	0.05622	0.52648	0.4173
483 A	0.05581	0.56259	0.38161
484 G	0.05560	0.58978	0.35462
485 G	0.05533	0.60821	0.33645
486 T	0.05523	0.62431	0.32045
487 C	0.05519	0.64127	0.30353
488 A	0.05482	0.69991	0.24527
489 A	0.05445	0.74477	0.20078
490 A	0.05412	0.77853	0.16736
491 A	0.05406	0.78771	0.15823
492 A	0.05450	0.79153	0.15397
493 T	0.05564	0.79296	0.1514
494 T	0.05708	0.79309	0.14982
495 A	0.05983	0.79128	0.14889
496 A	0.06664	0.78481	0.14855
497 T	0.08565	0.76568	0.14866
498 G	0.09661	0.75466	0.14872
499 G	0.12413	0.72708	0.14879
500 A	0.17009	0.68123	0.14868
501 A	0.20873	0.64230	0.14898
502 C	0.26172	0.58880	0.14948
503 T	0.42529	0.42501	0.1497
504 T	0.51870	0.33122	0.15008
505 C	0.59403	0.25575	0.15022
506 A	0.62653	0.22378	0.14969
507 T	0.66243	0.18849	0.14908
508 T	0.67366	0.17822	0.14812
509 T	0.67973	0.17325	0.14702
510 A	0.67270	0.18236	0.14494
511 A	0.70574	0.15195	0.1423
512 A	0.73698	0.12187	0.14115
513 T	0.76770	0.09102	0.14128
514 T	0.72883	0.13032	0.14085
515 A	0.54682	0.31349	0.13969
516 T	0.47886	0.38299	0.13815
517 C	0.33566	0.53001	0.13432
518 A	0.23059	0.64154	0.12786
519 A	0.13459	0.73840	0.12701
520 A	0.09538	0.77800	0.12662
521 A	0.07302	0.80048	0.1265
522 A	0.05963	0.81390	0.12646
523 C	0.04964	0.82373	0.12663
524 T	0.04357	0.82980	0.12663
525 A	0.03713	0.83625	0.12662
526 G	0.03472	0.83862	0.12666
527 A	0.03395	0.83925	0.1268
528 A	0.03372	0.83905	0.12723
529 G	0.03397	0.83366	0.13238
530 A	0.03454	0.82778	0.13768
531 C	0.03568	0.81603	0.14829
532 A	0.03662	0.80870	0.15469
533 G	0.03830	0.79342	0.16829
534 T	0.04113	0.78188	0.17699
535 A	0.04212	0.77622	0.18167
536 A	0.04262	0.77046	0.18692
537 A	0.04335	0.70384	0.2528
538 G	0.04491	0.49737	0.45771
539 A	0.04657	0.41438	0.53905
540 T	0.05103	0.27921	0.66975
541 A	0.05624	0.20075	0.743
542 T	0.05722	0.12682	0.81597
543 T	0.05744	0.12045	0.82211
544 T	0.05730	0.17012	0.77258
545 A	0.05625	0.21501	0.72875
546 T	0.05235	0.27789	0.66975
547 G	0.04602	0.45775	0.49623
548 A	0.04358	0.54075	0.41567
549 T	0.04179	0.60156	0.35664
550 G	0.03836	0.64966	0.31198
551 A	0.03687	0.69773	0.2654
552 A	0.03552	0.73531	0.22917
553 A	0.03495	0.74517	0.21988
554 G	0.03494	0.75160	0.21346
555 T	0.03534	0.75723	0.20744
556 A	0.03547	0.77250	0.19202
557 A	0.03578	0.78226	0.18197
558 T	0.03656	0.78170	0.18174
559 A	0.03682	0.78168	0.1815
560 A	0.03717	0.78134	0.1815
561 A	0.03843	0.78009	0.18147
562 C	0.04085	0.77761	0.18154
563 C	0.04548	0.77321	0.1813
564 A	0.06110	0.75833	0.18057
565 A	0.08172	0.73838	0.1799
566 A	0.12313	0.69723	0.17963
567 T	0.21622	0.60430	0.17948
568 A	0.27187	0.54841	0.17972
569 A	0.35917	0.45684	0.184
570 T	0.55589	0.25387	0.19024
571 T	0.64657	0.16151	0.19191
572 T	0.68876	0.12240	0.18884
573 T	0.71089	0.10093	0.18819
574 A	0.72384	0.09150	0.18466
575 T	0.74097	0.07479	0.18424
576 T	0.74528	0.07132	0.18341
577 C	0.74752	0.07016	0.18232
578 A	0.74919	0.06902	0.18179
579 A	0.75752	0.06073	0.18175
580 T	0.76368	0.05454	0.18178
581 A	0.75288	0.06533	0.18179
582 C	0.74783	0.07032	0.18185
583 C	0.74703	0.07106	0.18191
584 A	0.74703	0.07109	0.18188
585 T	0.74745	0.07067	0.18187
586 C	0.74686	0.07129	0.18184
587 G	0.74604	0.07230	0.18165
588 T	0.74428	0.07442	0.1813
589 A	0.73737	0.08226	0.18037
590 A	0.70540	0.11498	0.17962
591 A	0.69656	0.12386	0.17958
592 A	0.69648	0.12320	0.18032
593 T	0.69772	0.12020	0.18208
594 G	0.69873	0.11592	0.18535
595 C	0.70333	0.10795	0.18871
596 C	0.70628	0.10335	0.19037
597 T	0.71025	0.09889	0.19086
598 T	0.71070	0.09881	0.19049
599 T	0.71056	0.09906	0.19039
600 T	0.70994	0.09984	0.19023
601 T	0.70810	0.09970	0.1922
602 T	0.70461	0.09753	0.19786
603 A	0.69950	0.09921	0.20129
604 T	0.69601	0.09161	0.21238
605 C	0.68408	0.09890	0.21702
606 A	0.67344	0.10956	0.217
607 C	0.66665	0.11625	0.2171
608 A	0.66049	0.12584	0.21367
609 A	0.65799	0.12858	0.21343
610 G	0.65735	0.12831	0.21434
611 A	0.65738	0.12541	0.21721
612 A	0.65808	0.11846	0.22346
613 G	0.65876	0.08352	0.25772
614 C	0.65892	0.07244	0.26865
615 T	0.65902	0.07108	0.2699
616 T	0.65896	0.07327	0.26777
617 T	0.65875	0.07861	0.26265
618 A	0.65860	0.08527	0.25613
619 G	0.65861	0.08928	0.25211
620 A	0.65891	0.09255	0.24853
621 T	0.65970	0.09538	0.24492
622 T	0.66043	0.10785	0.23172
623 A	0.66087	0.11390	0.22523
624 T	0.66110	0.11485	0.22405
625 G	0.66046	0.11642	0.22312
626 A	0.66024	0.11597	0.22379
627 A	0.66063	0.11639	0.22298
628 T	0.66234	0.10474	0.23293
629 T	0.66295	0.09594	0.24111
630 A	0.66182	0.09260	0.24557
631 T	0.66377	0.08687	0.24936
632 T	0.66359	0.08706	0.24934
633 T	0.66257	0.08873	0.2487
634 A	0.66065	0.09172	0.24762
635 A	0.65949	0.09380	0.24671
636 T	0.65626	0.09707	0.24667
637 A	0.65195	0.10145	0.2466
638 A	0.65020	0.10313	0.24667
639 A	0.65147	0.10171	0.24682
640 C	0.65666	0.09622	0.24712
641 C	0.66267	0.09015	0.24719
642 C	0.66868	0.08414	0.24718
643 A	0.67541	0.07752	0.24707
644 T	0.68396	0.06900	0.24705
645 T	0.69731	0.05568	0.24702
646 C	0.70413	0.04879	0.24708
647 T	0.71018	0.04274	0.24708
648 T	0.71452	0.03758	0.2479
649 T	0.71676	0.03490	0.24834
650 A	0.71822	0.03328	0.24851
651 T	0.71938	0.03195	0.24867
652 T	0.71965	0.03020	0.25015
653 C	0.71959	0.02765	0.25276
654 T	0.72044	0.02617	0.2534
655 T	0.72129	0.02485	0.25386
656 T	0.72098	0.02490	0.25413
657 A	0.71956	0.02634	0.2541
658 A	0.71899	0.02796	0.25305
659 G	0.71780	0.02717	0.25503
660 G	0.71559	0.02680	0.25761
661 G	0.71460	0.02592	0.25947
662 A	0.71395	0.02581	0.26024
663 T	0.71391	0.02529	0.2608
664 T	0.71342	0.02563	0.26094
665 C	0.71241	0.02711	0.26048
666 T	0.71202	0.03218	0.2558
667 G	0.71158	0.03944	0.24897
668 A	0.71146	0.04437	0.24417
669 T	0.71149	0.04712	0.24139
670 T	0.71147	0.04902	0.23951
671 T	0.71133	0.05113	0.23754
672 A	0.70974	0.05300	0.23727
673 T	0.70937	0.05265	0.23798
674 T	0.70859	0.05292	0.2385
675 T	0.70655	0.05408	0.23936
676 C	0.70486	0.05522	0.23992
677 C	0.70362	0.05679	0.23959
678 A	0.70069	0.06196	0.23734
679 A	0.69866	0.06588	0.23547
680 A	0.69777	0.06778	0.23446
681 A	0.69570	0.07074	0.23356
682 T	0.69741	0.06914	0.23345
683 T	0.69590	0.07025	0.23385
684 A	0.68911	0.08000	0.23089
685 G	0.68780	0.08072	0.23148
686 T	0.68799	0.08152	0.23048
687 A	0.68717	0.08451	0.22832
688 A	0.68818	0.08461	0.22721
689 C	0.69415	0.07876	0.22708
690 T	0.70180	0.07306	0.22514
691 T	0.70325	0.07200	0.22475
692 T	0.70042	0.07525	0.22433
693 A	0.66516	0.11104	0.2238
694 G	0.64616	0.12992	0.22392
695 C	0.62978	0.14406	0.22617
696 A	0.59533	0.17844	0.22623
697 A	0.57268	0.20131	0.22602
698 C	0.54744	0.22574	0.22682
699 T	0.53138	0.24635	0.22227
700 A	0.48827	0.29087	0.22086
701 A	0.44698	0.33198	0.22103
702 A	0.41399	0.36535	0.22066
703 A	0.40182	0.37578	0.2224
704 C	0.39637	0.37549	0.22814
705 A	0.38973	0.38063	0.22964
706 A	0.38608	0.38113	0.2328
707 C	0.38723	0.37386	0.23891
708 C	0.38479	0.37513	0.24008
709 G	0.38280	0.37740	0.23981
710 C	0.38355	0.37692	0.23953
711 T	0.38239	0.38287	0.23474
712 A	0.37590	0.39360	0.2305
713 T	0.37256	0.40061	0.22682
714 T	0.36399	0.41025	0.22576
715 A	0.34801	0.42878	0.22321
716 A	0.33986	0.40608	0.25407
717 A	0.33381	0.39444	0.27175
718 A	0.33006	0.38018	0.28976
719 A	0.32682	0.35025	0.32293
720 A	0.32399	0.33145	0.34457
721 G	0.32225	0.30665	0.37109
722 A	0.32529	0.29443	0.38028
723 A	0.32609	0.26173	0.41218
724 A	0.32770	0.22307	0.44923
725 T	0.32990	0.18743	0.48267
726 T	0.32973	0.17723	0.49304
727 G	0.32860	0.18311	0.48829
728 A	0.32769	0.21547	0.45684
729 T	0.32735	0.22762	0.44503
730 A	0.32637	0.26339	0.41024
731 A	0.32670	0.26340	0.40991
732 A	0.32772	0.26048	0.4118
733 A	0.32997	0.25555	0.41448
734 T	0.33628	0.24205	0.42167
735 T	0.34179	0.22591	0.4323
736 G	0.34587	0.21423	0.43989
737 T	0.35064	0.20046	0.4489
738 T	0.35471	0.18464	0.46065
739 T	0.35682	0.17750	0.46567
740 T	0.35783	0.17229	0.46988
741 A	0.35848	0.16898	0.47254
742 A	0.36051	0.16349	0.476
743 A	0.36543	0.15459	0.47998
744 T	0.37282	0.14372	0.48346
745 T	0.37976	0.13493	0.48531
746 T	0.38438	0.12906	0.48655
747 A	0.38646	0.12620	0.48734
748 C	0.39063	0.12116	0.48822
749 A	0.39578	0.11557	0.48865
750 G	0.41076	0.09947	0.48977
751 T	0.45130	0.05805	0.49064
752 A	0.47044	0.03844	0.49113
753 A	0.50788	0.00000	0.49212
