# lcl|CP097583.1_cds_USQ93614.1_1
# AA	inside	membr	outside
1 A	0.73059	0.00000	0.26941
2 T	0.72979	0.00080	0.26941
3 A	0.72918	0.00141	0.26941
4 A	0.72918	0.02793	0.24289
5 A	0.72366	0.04426	0.23208
6 T	0.72366	0.04537	0.23096
7 A	0.66170	0.10743	0.23087
8 G	0.66169	0.10744	0.23087
9 T	0.65732	0.11184	0.23084
10 T	0.65729	0.11554	0.22717
11 C	0.64718	0.12616	0.22666
12 A	0.40885	0.36542	0.22574
13 A	0.08025	0.69948	0.22026
14 G	0.08019	0.69954	0.22026
15 A	0.08019	0.71121	0.2086
16 G	0.07693	0.71447	0.2086
17 A	0.07245	0.71912	0.20843
18 C	0.07228	0.71968	0.20804
19 A	0.06744	0.72473	0.20783
20 A	0.05857	0.73485	0.20658
21 A	0.04639	0.74702	0.20659
22 A	0.04651	0.74714	0.20635
23 C	0.04763	0.74601	0.20635
24 T	0.05124	0.74260	0.20615
25 A	0.05270	0.73986	0.20744
26 A	0.05411	0.73762	0.20827
27 T	0.07551	0.71379	0.2107
28 T	0.08188	0.70358	0.21454
29 T	0.08222	0.69883	0.21896
30 T	0.08188	0.64305	0.27507
31 A	0.08019	0.64011	0.27971
32 A	0.07926	0.62773	0.29302
33 A	0.07980	0.61316	0.30704
34 A	0.07975	0.59589	0.32435
35 A	0.07954	0.38582	0.53464
36 A	0.08328	0.10056	0.81616
37 G	0.08297	0.09368	0.82335
38 T	0.09107	0.11466	0.79427
39 A	0.08492	0.30697	0.60811
40 A	0.08390	0.35108	0.56503
41 A	0.08413	0.36376	0.5521
42 T	0.08383	0.36626	0.54991
43 A	0.08407	0.36330	0.55263
44 G	0.08344	0.37027	0.5463
45 T	0.08397	0.38879	0.52724
46 G	0.08380	0.39177	0.52443
47 T	0.08393	0.39601	0.52006
48 T	0.08370	0.39720	0.51909
49 T	0.08293	0.40132	0.51575
50 T	0.08102	0.40740	0.51158
51 T	0.07952	0.40934	0.51115
52 C	0.07517	0.41525	0.50959
53 A	0.07140	0.42332	0.50528
54 A	0.06805	0.43423	0.49771
55 G	0.06559	0.44839	0.48603
56 A	0.06445	0.45411	0.48144
57 A	0.06490	0.45992	0.47518
58 A	0.06813	0.45947	0.47241
59 A	0.07607	0.45050	0.47342
60 A	0.08567	0.44010	0.47423
61 G	0.12706	0.39675	0.47619
62 T	0.30922	0.20953	0.48126
63 A	0.35024	0.16817	0.48159
64 A	0.37150	0.14723	0.48127
65 T	0.39289	0.12556	0.48155
66 T	0.39882	0.12021	0.48097
67 T	0.40692	0.11274	0.48034
68 T	0.40282	0.11754	0.47964
69 A	0.39472	0.12655	0.47872
70 A	0.39143	0.12989	0.47869
71 T	0.39057	0.13005	0.47937
72 T	0.38398	0.13580	0.48022
73 A	0.32040	0.19857	0.48103
74 A	0.25862	0.25970	0.48167
75 T	0.24891	0.26637	0.48472
76 A	0.23808	0.27665	0.48527
77 G	0.23901	0.27319	0.4878
78 A	0.24703	0.26461	0.48836
79 A	0.25107	0.25834	0.49059
80 T	0.25723	0.24942	0.49335
81 T	0.25982	0.24574	0.49444
82 A	0.25690	0.24901	0.49408
83 C	0.25667	0.24910	0.49423
84 T	0.25678	0.25043	0.49279
85 A	0.25656	0.25307	0.49037
86 A	0.25712	0.25346	0.48942
87 A	0.25841	0.25223	0.48936
88 G	0.25973	0.25021	0.49006
89 T	0.26121	0.24332	0.49546
90 T	0.26247	0.23681	0.50072
91 G	0.26254	0.22485	0.51261
92 T	0.26285	0.21592	0.52123
93 A	0.26245	0.20975	0.52779
94 A	0.26231	0.20400	0.53369
95 A	0.26215	0.19138	0.54646
96 A	0.26289	0.12977	0.60733
97 G	0.26379	0.07197	0.66424
98 G	0.26488	0.05692	0.6782
99 T	0.26744	0.04205	0.69051
100 G	0.26814	0.03597	0.6959
101 G	0.26967	0.03138	0.69895
102 A	0.27016	0.02872	0.70112
103 C	0.27068	0.02640	0.70292
104 G	0.27117	0.02462	0.70421
105 T	0.27247	0.02133	0.7062
106 C	0.27307	0.02008	0.70684
107 G	0.27448	0.01851	0.707
108 T	0.27680	0.01599	0.70721
109 T	0.27786	0.01446	0.70767
110 T	0.27810	0.01402	0.70788
111 A	0.27818	0.01386	0.70797
112 C	0.27858	0.01244	0.70898
113 G	0.27905	0.01148	0.70947
114 T	0.28067	0.00933	0.71001
115 T	0.28231	0.00731	0.71039
116 T	0.28398	0.00515	0.71087
117 T	0.28462	0.00421	0.71118
118 T	0.28467	0.00343	0.71189
119 C	0.28455	0.00309	0.71236
120 T	0.28448	0.00299	0.71252
121 G	0.28429	0.00307	0.71263
122 C	0.28409	0.00321	0.7127
123 T	0.28398	0.00343	0.71259
124 T	0.28308	0.00459	0.71233
125 T	0.28079	0.00717	0.71204
126 A	0.27680	0.01181	0.71139
127 G	0.27516	0.01437	0.71047
128 T	0.27460	0.01579	0.70961
129 T	0.27417	0.01715	0.70868
130 G	0.27359	0.01976	0.70665
131 T	0.27334	0.02238	0.70428
132 T	0.27268	0.02631	0.70101
133 G	0.27124	0.03237	0.6964
134 T	0.26751	0.04755	0.68495
135 T	0.26189	0.06590	0.6722
136 G	0.25387	0.09278	0.65336
137 G	0.24988	0.10843	0.64169
138 A	0.24691	0.12020	0.6329
139 G	0.24526	0.12618	0.62857
140 A	0.24463	0.12970	0.62568
141 T	0.24418	0.13134	0.62449
142 A	0.24371	0.13279	0.62351
143 A	0.24347	0.13376	0.62277
144 A	0.24322	0.13447	0.62232
145 A	0.24313	0.13497	0.6219
146 A	0.24324	0.13447	0.62229
147 A	0.24345	0.13298	0.62357
148 G	0.24375	0.13006	0.62618
149 G	0.24446	0.12568	0.62986
150 T	0.24590	0.12252	0.63158
151 C	0.24726	0.12033	0.63241
152 G	0.24872	0.11880	0.63247
153 A	0.25108	0.11647	0.63244
154 G	0.25397	0.11350	0.63254
155 T	0.25850	0.10859	0.63292
156 A	0.26345	0.10294	0.63361
157 G	0.27857	0.08282	0.63862
158 G	0.29447	0.06189	0.64364
159 T	0.31655	0.03471	0.64875
160 T	0.32487	0.02420	0.65093
161 T	0.32471	0.02479	0.6505
162 T	0.31321	0.04057	0.64623
163 G	0.27974	0.07803	0.64223
164 C	0.25929	0.10084	0.63987
165 A	0.23961	0.12459	0.6358
166 A	0.23055	0.13408	0.63537
167 G	0.22604	0.13888	0.63508
168 T	0.22390	0.14174	0.63436
169 G	0.21158	0.15517	0.63325
170 C	0.20556	0.16192	0.63253
171 T	0.20038	0.17164	0.62798
172 A	0.19621	0.17751	0.62627
173 A	0.19506	0.17929	0.62566
174 A	0.19440	0.17994	0.62566
175 G	0.19434	0.17995	0.6257
176 C	0.19463	0.17944	0.62594
177 T	0.19447	0.17963	0.6259
178 C	0.19184	0.18240	0.62576
179 A	0.18882	0.18583	0.62535
180 A	0.18545	0.18966	0.62489
181 G	0.18397	0.19164	0.62439
182 A	0.18492	0.19101	0.62407
183 A	0.18681	0.18886	0.62433
184 A	0.19066	0.17486	0.63448
185 T	0.19778	0.14815	0.65406
186 T	0.20153	0.11120	0.68728
187 T	0.20284	0.09008	0.70708
188 T	0.20380	0.07615	0.72005
189 A	0.20110	0.07221	0.72669
190 G	0.19905	0.06870	0.73225
191 A	0.19883	0.06562	0.73555
192 T	0.19872	0.05373	0.74755
193 G	0.19602	0.05207	0.75191
194 C	0.19612	0.04950	0.75438
195 T	0.19428	0.06012	0.7456
196 A	0.19049	0.07586	0.73365
197 T	0.18685	0.09224	0.72091
198 A	0.17912	0.12538	0.6955
199 A	0.17447	0.15304	0.67249
200 A	0.16898	0.17923	0.65179
201 A	0.15073	0.21371	0.63555
202 A	0.13242	0.23247	0.63511
203 A	0.12138	0.24101	0.63761
204 A	0.11301	0.24785	0.63913
205 G	0.10709	0.25363	0.63927
206 C	0.10413	0.25691	0.63896
207 A	0.10187	0.26096	0.63717
208 T	0.10086	0.26260	0.63655
209 T	0.09882	0.26531	0.63586
210 G	0.09573	0.26973	0.63454
211 G	0.09414	0.27245	0.63341
212 A	0.09386	0.27153	0.63461
213 G	0.09337	0.27110	0.63553
214 A	0.09329	0.27046	0.63624
215 A	0.09374	0.26895	0.63731
216 A	0.09499	0.26477	0.64025
217 G	0.09752	0.25816	0.64432
218 C	0.10731	0.24451	0.64818
219 A	0.11864	0.23207	0.64928
220 A	0.13251	0.21640	0.65109
221 A	0.15797	0.18637	0.65566
222 A	0.17908	0.16225	0.65866
223 A	0.19708	0.14002	0.6629
224 A	0.21532	0.10186	0.68282
225 T	0.22182	0.07440	0.70378
226 A	0.22377	0.06000	0.71623
227 A	0.22618	0.04852	0.7253
228 T	0.22925	0.03798	0.73278
229 T	0.23090	0.03316	0.73594
230 T	0.23242	0.03039	0.73719
231 G	0.23248	0.03326	0.73426
232 G	0.23348	0.03809	0.72843
233 T	0.23517	0.04498	0.71985
234 T	0.23569	0.05871	0.7056
235 A	0.23621	0.07227	0.69152
236 A	0.23738	0.07614	0.68648
237 A	0.23796	0.07599	0.68604
238 A	0.23864	0.07486	0.68649
239 T	0.23993	0.07300	0.68708
240 T	0.24047	0.07196	0.68757
241 C	0.24060	0.07152	0.68788
242 C	0.24097	0.07107	0.68796
243 G	0.24125	0.07082	0.68793
244 C	0.24175	0.07033	0.68792
245 T	0.24216	0.06995	0.68789
246 T	0.24231	0.06986	0.68784
247 G	0.24217	0.07015	0.68768
248 C	0.24138	0.07112	0.68749
249 A	0.24091	0.07230	0.68679
250 G	0.23987	0.07329	0.68684
251 G	0.24021	0.07292	0.68687
252 A	0.24260	0.07052	0.68688
253 A	0.24717	0.06580	0.68702
254 C	0.25641	0.05539	0.6882
255 T	0.26837	0.04317	0.68846
256 A	0.27695	0.03447	0.68858
257 C	0.28887	0.02215	0.68898
258 T	0.29954	0.01137	0.6891
259 A	0.30214	0.00873	0.68913
260 T	0.30284	0.00788	0.68927
261 T	0.30281	0.00783	0.68936
262 C	0.30203	0.00854	0.68943
263 C	0.30140	0.00902	0.68958
264 T	0.30078	0.00958	0.68964
265 C	0.29963	0.01070	0.68967
266 A	0.29849	0.01184	0.68967
267 C	0.29785	0.01249	0.68966
268 G	0.29767	0.01278	0.68955
269 A	0.29766	0.01279	0.68955
270 A	0.29782	0.01249	0.6897
271 G	0.29806	0.01130	0.69064
272 T	0.29873	0.01001	0.69126
273 T	0.29876	0.00835	0.69289
274 G	0.29872	0.00766	0.69362
275 T	0.29873	0.00730	0.69396
276 C	0.29815	0.00782	0.69404
277 G	0.29786	0.00866	0.69348
278 G	0.29771	0.00915	0.69314
279 T	0.29769	0.00939	0.69292
280 G	0.29763	0.00978	0.69259
281 A	0.29761	0.01010	0.69229
282 G	0.29754	0.01009	0.69237
283 T	0.29751	0.01003	0.69246
284 A	0.29743	0.01001	0.69256
285 T	0.29735	0.00946	0.6932
286 G	0.29717	0.00893	0.6939
287 G	0.29704	0.00862	0.69434
288 T	0.29702	0.00811	0.69488
289 G	0.29698	0.00728	0.69574
290 C	0.29697	0.00681	0.69622
291 T	0.29706	0.00676	0.69617
292 T	0.29706	0.00689	0.69605
293 C	0.29682	0.00724	0.69594
294 T	0.29625	0.00830	0.69545
295 A	0.29577	0.00891	0.69532
296 A	0.29545	0.00927	0.69528
297 A	0.29519	0.00956	0.69525
298 A	0.29503	0.00978	0.69519
299 C	0.29506	0.00914	0.69579
300 T	0.29488	0.00949	0.69563
301 T	0.29378	0.01146	0.69475
302 T	0.29175	0.01440	0.69384
303 A	0.28652	0.02135	0.69213
304 A	0.28095	0.02894	0.69011
305 T	0.27610	0.03495	0.68896
306 A	0.26946	0.04192	0.68862
307 A	0.26591	0.04549	0.6886
308 A	0.26457	0.04678	0.68864
309 A	0.26312	0.04807	0.68881
310 C	0.26273	0.04830	0.68897
311 C	0.26280	0.04820	0.689
312 T	0.26257	0.04849	0.68895
313 G	0.26208	0.04897	0.68895
314 T	0.26188	0.04916	0.68896
315 T	0.26142	0.04960	0.68898
316 G	0.26092	0.04992	0.68917
317 C	0.26081	0.04939	0.68981
318 A	0.26066	0.04928	0.69006
319 A	0.26059	0.04913	0.69027
320 A	0.26062	0.04888	0.6905
321 A	0.26066	0.04856	0.69079
322 G	0.26080	0.04801	0.69119
323 G	0.26139	0.04539	0.69323
324 T	0.26261	0.04205	0.69534
325 A	0.26335	0.03920	0.69744
326 A	0.26480	0.03307	0.70214
327 A	0.26656	0.02577	0.70768
328 G	0.26768	0.01891	0.71341
329 G	0.26813	0.01277	0.7191
330 T	0.26841	0.00975	0.72184
331 A	0.26849	0.00962	0.72189
332 T	0.26855	0.00924	0.72221
333 T	0.26847	0.01066	0.72087
334 A	0.26838	0.01088	0.72074
335 T	0.26839	0.01073	0.72088
336 T	0.26831	0.01113	0.72056
337 G	0.26813	0.01163	0.72024
338 C	0.26804	0.01199	0.71998
339 T	0.26780	0.01336	0.71884
340 G	0.26568	0.01645	0.71787
341 G	0.26426	0.01867	0.71707
342 A	0.26307	0.02047	0.71646
343 G	0.26257	0.02104	0.71639
344 G	0.26228	0.02132	0.71639
345 A	0.26212	0.02150	0.71638
346 G	0.26216	0.02136	0.71648
347 C	0.26230	0.02117	0.71653
348 T	0.26247	0.02103	0.71649
349 G	0.26247	0.02107	0.71646
350 C	0.26255	0.02105	0.7164
351 T	0.26265	0.02122	0.71613
352 A	0.26263	0.02134	0.71603
353 G	0.26295	0.02102	0.71603
354 A	0.26403	0.01994	0.71603
355 A	0.26503	0.01892	0.71605
356 C	0.26690	0.01685	0.71625
357 C	0.26777	0.01586	0.71637
358 G	0.26890	0.01473	0.71637
359 T	0.27127	0.01231	0.71643
360 T	0.27271	0.01073	0.71656
361 T	0.27336	0.01015	0.71649
362 T	0.27397	0.00936	0.71668
363 T	0.27421	0.00714	0.71865
364 G	0.27413	0.00593	0.71995
365 A	0.27412	0.00495	0.72092
366 A	0.27410	0.00463	0.72127
367 T	0.27423	0.00428	0.72149
368 T	0.27426	0.00425	0.72149
369 A	0.27411	0.00460	0.7213
370 G	0.27407	0.00475	0.72117
371 T	0.27412	0.00515	0.72072
372 A	0.27396	0.00687	0.71917
373 G	0.27388	0.00957	0.71655
374 G	0.27403	0.01353	0.71243
375 T	0.27392	0.01412	0.71196
376 A	0.27368	0.01484	0.71147
377 T	0.27364	0.01516	0.71121
378 T	0.27349	0.01545	0.71106
379 C	0.27330	0.01578	0.71091
380 G	0.27316	0.01632	0.71052
381 T	0.27288	0.01714	0.70997
382 G	0.27256	0.01828	0.70916
383 A	0.27249	0.01890	0.70861
384 T	0.27259	0.01903	0.70838
385 A	0.27259	0.01899	0.70842
386 T	0.27271	0.01870	0.70859
387 T	0.27276	0.01843	0.70881
388 T	0.27283	0.01810	0.70907
389 C	0.27273	0.01809	0.70917
390 A	0.27207	0.01896	0.70896
391 G	0.27182	0.01938	0.70879
392 C	0.27183	0.01958	0.70859
393 A	0.27187	0.02028	0.70785
394 A	0.27236	0.01990	0.70773
395 A	0.27383	0.01833	0.70784
396 A	0.27687	0.01520	0.70793
397 T	0.28132	0.01066	0.70802
398 C	0.28201	0.00963	0.70836
399 T	0.28208	0.00950	0.70842
400 T	0.28027	0.01182	0.70791
401 T	0.27770	0.01475	0.70755
402 A	0.27051	0.02282	0.70667
403 G	0.26800	0.02541	0.70658
404 G	0.26656	0.02659	0.70685
405 T	0.26592	0.02697	0.70711
406 T	0.26414	0.02873	0.70712
407 C	0.25766	0.03539	0.70695
408 G	0.23245	0.06178	0.70577
409 A	0.21440	0.08048	0.70512
410 G	0.20184	0.09375	0.70441
411 A	0.19754	0.09827	0.70419
412 A	0.19635	0.09941	0.70424
413 C	0.19601	0.09898	0.70501
414 A	0.19556	0.09917	0.70527
415 C	0.19548	0.09901	0.70551
416 C	0.19583	0.09870	0.70547
417 T	0.19497	0.10000	0.70504
418 A	0.19320	0.10209	0.70471
419 T	0.19231	0.10320	0.7045
420 A	0.18924	0.10669	0.70407
421 A	0.18813	0.10768	0.70419
422 A	0.18786	0.10661	0.70553
423 T	0.18825	0.10296	0.70878
424 A	0.18826	0.09977	0.71197
425 C	0.18884	0.09155	0.71961
426 T	0.18896	0.08908	0.72196
427 T	0.18879	0.08713	0.72408
428 T	0.18832	0.08640	0.72528
429 A	0.18750	0.08630	0.7262
430 A	0.18722	0.08259	0.73019
431 G	0.18780	0.05637	0.75584
432 A	0.18818	0.03778	0.77404
433 G	0.18878	0.02414	0.78707
434 C	0.18846	0.02216	0.78939
435 T	0.18836	0.02493	0.78671
436 T	0.18811	0.02681	0.78509
437 T	0.18699	0.03041	0.78259
438 A	0.18483	0.03548	0.77968
439 A	0.18399	0.04095	0.77506
440 T	0.18219	0.05153	0.76628
441 G	0.17767	0.06676	0.75556
442 A	0.17531	0.08120	0.7435
443 T	0.17361	0.08395	0.74244
444 T	0.16851	0.09431	0.73719
445 G	0.16172	0.11104	0.72724
446 G	0.16002	0.12135	0.71863
447 A	0.15804	0.12493	0.71703
448 T	0.15671	0.12727	0.71602
449 T	0.15458	0.13080	0.71462
450 A	0.15015	0.14005	0.7098
451 C	0.13945	0.15446	0.7061
452 A	0.13040	0.16976	0.69983
453 A	0.12661	0.17418	0.69921
454 A	0.12529	0.17573	0.69899
455 A	0.12490	0.17617	0.69893
456 A	0.12519	0.17586	0.69894
457 C	0.12737	0.17238	0.70025
458 T	0.13043	0.16935	0.70022
459 A	0.12865	0.17171	0.69964
460 A	0.12913	0.17055	0.70032
461 G	0.13017	0.16793	0.7019
462 A	0.13296	0.16475	0.70229
463 A	0.14463	0.14937	0.706
464 C	0.16091	0.12667	0.71243
465 T	0.17749	0.10754	0.71497
466 A	0.18029	0.10321	0.7165
467 T	0.18437	0.09514	0.72049
468 C	0.17848	0.09675	0.72476
469 A	0.16917	0.11001	0.72083
470 A	0.16640	0.11446	0.71914
471 G	0.16326	0.12452	0.71222
472 G	0.16437	0.12837	0.70726
473 A	0.16837	0.12715	0.70448
474 T	0.17198	0.11469	0.71332
475 G	0.15490	0.12921	0.7159
476 T	0.14336	0.14274	0.71391
477 A	0.13232	0.16519	0.7025
478 G	0.12547	0.17837	0.69616
479 A	0.11925	0.19151	0.68924
480 A	0.11374	0.19966	0.6866
481 A	0.11126	0.20127	0.68747
482 A	0.11103	0.19850	0.69048
483 A	0.11078	0.19739	0.69183
484 A	0.11084	0.19587	0.69329
485 C	0.11125	0.19334	0.69541
486 T	0.11196	0.19250	0.69555
487 A	0.11186	0.19292	0.69522
488 G	0.11201	0.19218	0.69581
489 A	0.11214	0.19119	0.69668
490 G	0.11258	0.18956	0.69786
491 G	0.11382	0.17737	0.70882
492 C	0.11884	0.15755	0.72361
493 A	0.12429	0.14861	0.72711
494 T	0.13907	0.12959	0.73134
495 T	0.14969	0.11897	0.73133
496 A	0.15423	0.11621	0.72955
497 A	0.15695	0.11270	0.73035
498 T	0.16341	0.07970	0.75689
499 T	0.16668	0.06231	0.77101
500 T	0.17518	0.04916	0.77565
501 G	0.17727	0.04995	0.77278
502 A	0.18038	0.04584	0.77378
503 T	0.17968	0.04530	0.77501
504 A	0.16907	0.05923	0.7717
505 G	0.15892	0.07523	0.76584
506 C	0.11613	0.13138	0.75249
507 A	0.09538	0.18190	0.72273
508 A	0.08578	0.21397	0.70024
509 G	0.08494	0.21887	0.69618
510 A	0.08506	0.22177	0.69317
511 T	0.08500	0.22361	0.69139
512 T	0.08479	0.22490	0.69031
513 T	0.08435	0.22602	0.68963
514 A	0.08431	0.22607	0.68962
515 A	0.08438	0.22593	0.68969
516 A	0.08462	0.22556	0.68982
517 G	0.08509	0.22496	0.68994
518 G	0.08626	0.22362	0.69012
519 T	0.08898	0.22067	0.69035
520 A	0.09003	0.21943	0.69053
521 A	0.09115	0.21795	0.6909
522 A	0.09266	0.21572	0.69161
523 C	0.09646	0.20974	0.69379
524 A	0.10212	0.20241	0.69546
525 A	0.10566	0.19687	0.69747
526 A	0.11070	0.18919	0.70011
527 A	0.11973	0.17172	0.70855
528 A	0.13073	0.15217	0.7171
529 T	0.15163	0.08385	0.76452
530 G	0.17803	0.03463	0.78735
531 A	0.20148	0.00000	0.79852
