# lcl|CP097583.1_cds_USQ93154.1_1
# AA	inside	membr	outside
1 A	0.36623	0.00000	0.63378
2 T	0.36444	0.00178	0.63378
3 G	0.36333	0.00290	0.63378
4 T	0.36333	0.01536	0.62131
5 T	0.32694	0.07841	0.59465
6 T	0.32694	0.08240	0.59066
7 A	0.15261	0.25861	0.58878
8 A	0.15261	0.25865	0.58875
9 A	0.14283	0.26872	0.58845
10 A	0.14282	0.27743	0.57976
11 T	0.14224	0.27834	0.57942
12 A	0.08439	0.33648	0.57913
13 A	0.03132	0.39034	0.57835
14 A	0.03131	0.39035	0.57835
15 T	0.03131	0.39479	0.57391
16 A	0.02785	0.39824	0.57391
17 A	0.02428	0.40186	0.57386
18 A	0.02419	0.40202	0.57379
19 A	0.02268	0.40355	0.57376
20 A	0.01798	0.40864	0.57337
21 A	0.01499	0.41159	0.57342
22 A	0.01527	0.41107	0.57365
23 A	0.01646	0.40864	0.5749
24 A	0.02029	0.40317	0.57654
25 T	0.02715	0.37096	0.60189
26 T	0.02985	0.35474	0.61541
27 A	0.03773	0.31040	0.65187
28 T	0.05701	0.24905	0.69393
29 C	0.05974	0.22660	0.71366
30 T	0.06296	0.14884	0.7882
31 T	0.06364	0.14561	0.79075
32 T	0.06441	0.13850	0.79709
33 T	0.06850	0.13249	0.79901
34 A	0.06866	0.13163	0.7997
35 T	0.06930	0.07570	0.85501
36 A	0.06990	0.03000	0.9001
37 T	0.07024	0.02665	0.90311
38 A	0.07366	0.02156	0.90479
39 T	0.07376	0.01635	0.90989
40 T	0.07376	0.01244	0.9138
41 T	0.07379	0.01133	0.91488
42 A	0.07375	0.00986	0.9164
43 T	0.07402	0.00603	0.91995
44 T	0.07388	0.00418	0.92195
45 T	0.07364	0.00426	0.92209
46 T	0.07341	0.00445	0.92215
47 T	0.07273	0.00517	0.9221
48 A	0.07225	0.00565	0.92211
49 A	0.07220	0.00576	0.92204
50 T	0.07222	0.00572	0.92206
51 T	0.07227	0.00561	0.92212
52 C	0.07232	0.00547	0.92221
53 T	0.07250	0.00529	0.92222
54 T	0.07251	0.00532	0.92217
55 C	0.07241	0.00547	0.92212
56 T	0.07259	0.00537	0.92204
57 T	0.07277	0.00531	0.92191
58 T	0.07273	0.00547	0.92179
59 T	0.07273	0.00550	0.92178
60 T	0.07265	0.00564	0.92171
61 A	0.07252	0.00571	0.92177
62 T	0.07262	0.00552	0.92186
63 T	0.07218	0.00602	0.9218
64 T	0.07170	0.00668	0.92162
65 A	0.07100	0.00757	0.92143
66 T	0.07043	0.00806	0.92151
67 T	0.06970	0.00854	0.92176
68 T	0.06885	0.00908	0.92207
69 A	0.06754	0.01018	0.92228
70 C	0.06717	0.00998	0.92285
71 C	0.06689	0.01007	0.92304
72 T	0.06672	0.01025	0.92304
73 A	0.06659	0.01039	0.92303
74 T	0.06656	0.01041	0.92303
75 A	0.06652	0.01045	0.92303
76 A	0.06654	0.01038	0.92308
77 T	0.06670	0.00994	0.92336
78 T	0.06682	0.00953	0.92366
79 T	0.06690	0.00925	0.92385
80 C	0.06695	0.00896	0.92409
81 T	0.06703	0.00879	0.92419
82 T	0.06689	0.00885	0.92426
83 T	0.06661	0.00904	0.92435
84 A	0.06569	0.00989	0.92443
85 A	0.06523	0.01027	0.92451
86 T	0.06520	0.00956	0.92525
87 T	0.06511	0.00882	0.92607
88 A	0.06483	0.00828	0.92688
89 T	0.06468	0.00759	0.92774
90 T	0.06445	0.00699	0.92855
91 T	0.06409	0.00660	0.92931
92 T	0.06348	0.00630	0.93022
93 T	0.06272	0.00678	0.9305
94 T	0.06205	0.00737	0.93058
95 C	0.06074	0.00883	0.93042
96 T	0.05900	0.01223	0.92878
97 T	0.05637	0.01597	0.92766
98 T	0.05336	0.01975	0.92689
99 T	0.04724	0.02664	0.92612
100 A	0.04209	0.03269	0.92522
101 A	0.03976	0.03535	0.92489
102 T	0.03867	0.03647	0.92486
103 G	0.03778	0.03745	0.92477
104 A	0.03755	0.03803	0.92442
105 A	0.03743	0.03812	0.92445
106 A	0.03737	0.03796	0.92467
107 A	0.03733	0.03720	0.92547
108 T	0.03725	0.03675	0.926
109 G	0.03670	0.03706	0.92624
110 A	0.03642	0.03710	0.92649
111 A	0.03634	0.03678	0.92689
112 G	0.03626	0.03655	0.92719
113 G	0.03624	0.03630	0.92747
114 A	0.03624	0.03594	0.92782
115 A	0.03632	0.03511	0.92857
116 G	0.03650	0.03392	0.92958
117 A	0.03681	0.03271	0.93048
118 A	0.03759	0.02991	0.9325
119 T	0.04002	0.02399	0.93599
120 T	0.04129	0.01854	0.94017
121 T	0.04177	0.01412	0.94411
122 C	0.04194	0.00843	0.94964
123 T	0.04225	0.00572	0.95203
124 T	0.04222	0.00482	0.95295
125 C	0.04204	0.00452	0.95344
126 C	0.04206	0.00433	0.95361
127 T	0.04244	0.00403	0.95353
128 T	0.04250	0.00400	0.9535
129 A	0.04240	0.00407	0.95352
130 G	0.04222	0.00422	0.95356
131 T	0.04223	0.00411	0.95366
132 T	0.04216	0.00353	0.95431
133 C	0.04197	0.00338	0.95465
134 A	0.04191	0.00340	0.95469
135 T	0.04198	0.00326	0.95475
136 T	0.04186	0.00339	0.95475
137 T	0.04157	0.00370	0.95473
138 T	0.04096	0.00434	0.9547
139 A	0.03949	0.00587	0.95465
140 A	0.03908	0.00631	0.95461
141 T	0.03894	0.00647	0.9546
142 A	0.03875	0.00669	0.95455
143 A	0.03867	0.00674	0.95459
144 A	0.03858	0.00674	0.95468
145 T	0.03836	0.00674	0.95489
146 T	0.03675	0.00819	0.95507
147 C	0.03396	0.01075	0.95528
148 G	0.03271	0.01192	0.95537
149 G	0.03226	0.01231	0.95542
150 T	0.03207	0.01247	0.95547
151 T	0.03162	0.01287	0.95551
152 T	0.03062	0.01381	0.95558
153 T	0.02955	0.01466	0.95579
154 A	0.02681	0.01742	0.95576
155 A	0.02412	0.02008	0.9558
156 A	0.02321	0.02087	0.95593
157 T	0.02256	0.02134	0.9561
158 G	0.02141	0.02221	0.95637
159 G	0.02065	0.02259	0.95675
160 T	0.02029	0.02259	0.95712
161 A	0.01951	0.02291	0.95757
162 C	0.01910	0.02227	0.95863
163 C	0.01898	0.02227	0.95876
164 A	0.01890	0.02244	0.95866
165 A	0.01873	0.02273	0.95854
166 A	0.01865	0.02286	0.95849
167 A	0.01862	0.02287	0.95851
168 A	0.01857	0.02272	0.95871
169 A	0.01853	0.02082	0.96065
170 T	0.01850	0.01781	0.96369
171 T	0.01839	0.01643	0.96517
172 T	0.01825	0.01586	0.9659
173 T	0.01791	0.01587	0.96622
174 A	0.01720	0.01609	0.96671
175 G	0.01697	0.01528	0.96776
176 A	0.01691	0.01452	0.96857
177 A	0.01695	0.01233	0.97073
178 G	0.01704	0.00979	0.97318
179 A	0.01720	0.00871	0.9741
180 T	0.01731	0.00771	0.97498
181 T	0.01722	0.00659	0.97618
182 C	0.01709	0.00592	0.97699
183 A	0.01692	0.00588	0.9772
184 A	0.01687	0.00544	0.97768
185 C	0.01689	0.00510	0.97802
186 T	0.01695	0.00501	0.97804
187 A	0.01704	0.00498	0.97797
188 T	0.01719	0.00466	0.97814
189 T	0.01724	0.00456	0.9782
190 A	0.01720	0.00457	0.97823
191 A	0.01720	0.00440	0.9784
192 A	0.01720	0.00412	0.97867
193 T	0.01727	0.00361	0.97911
194 C	0.01732	0.00305	0.97963
195 T	0.01746	0.00273	0.97981
196 T	0.01753	0.00244	0.98002
197 C	0.01745	0.00222	0.98033
198 T	0.01739	0.00225	0.98036
199 A	0.01735	0.00230	0.98035
200 T	0.01737	0.00222	0.98041
201 A	0.01734	0.00223	0.98043
202 T	0.01738	0.00217	0.98045
203 T	0.01738	0.00203	0.98058
204 T	0.01731	0.00197	0.98072
205 A	0.01718	0.00196	0.98086
206 T	0.01713	0.00185	0.98103
207 C	0.01704	0.00186	0.9811
208 A	0.01702	0.00187	0.98112
209 C	0.01706	0.00180	0.98114
210 T	0.01717	0.00169	0.98115
211 T	0.01719	0.00167	0.98114
212 T	0.01720	0.00167	0.98113
213 T	0.01717	0.00167	0.98116
214 A	0.01707	0.00177	0.98116
215 A	0.01701	0.00179	0.9812
216 A	0.01678	0.00198	0.98123
217 A	0.01669	0.00196	0.98135
218 T	0.01667	0.00184	0.98149
219 T	0.01661	0.00173	0.98166
220 G	0.01656	0.00159	0.98185
221 C	0.01656	0.00148	0.98196
222 T	0.01658	0.00145	0.98198
223 A	0.01658	0.00144	0.98199
224 T	0.01659	0.00140	0.982
225 T	0.01659	0.00140	0.98201
226 T	0.01657	0.00140	0.98203
227 T	0.01654	0.00134	0.98212
228 A	0.01633	0.00143	0.98224
229 T	0.01624	0.00143	0.98233
230 C	0.01606	0.00152	0.98242
231 C	0.01590	0.00166	0.98244
232 A	0.01579	0.00176	0.98244
233 C	0.01571	0.00184	0.98245
234 T	0.01564	0.00193	0.98244
235 A	0.01560	0.00197	0.98243
236 T	0.01560	0.00196	0.98244
237 A	0.01560	0.00188	0.98252
238 A	0.01560	0.00182	0.98258
239 T	0.01562	0.00152	0.98285
240 T	0.01561	0.00141	0.98298
241 T	0.01559	0.00137	0.98304
242 C	0.01558	0.00132	0.98311
243 T	0.01556	0.00132	0.98313
244 A	0.01554	0.00134	0.98312
245 C	0.01554	0.00133	0.98312
246 T	0.01553	0.00137	0.9831
247 A	0.01552	0.00139	0.98308
248 T	0.01552	0.00138	0.9831
249 T	0.01544	0.00144	0.98312
250 T	0.01538	0.00147	0.98315
251 T	0.01530	0.00134	0.98336
252 A	0.01515	0.00138	0.98347
253 G	0.01508	0.00126	0.98366
254 G	0.01504	0.00116	0.9838
255 A	0.01497	0.00114	0.98389
256 A	0.01494	0.00109	0.98398
257 C	0.01493	0.00100	0.98407
258 T	0.01492	0.00100	0.98408
259 T	0.01488	0.00103	0.98409
260 T	0.01481	0.00108	0.9841
261 A	0.01471	0.00118	0.98411
262 G	0.01464	0.00124	0.98412
263 C	0.01461	0.00123	0.98416
264 G	0.01456	0.00127	0.98417
265 G	0.01451	0.00130	0.98419
266 C	0.01450	0.00129	0.9842
267 T	0.01451	0.00129	0.9842
268 A	0.01445	0.00134	0.98421
269 T	0.01446	0.00131	0.98422
270 T	0.01442	0.00133	0.98425
271 T	0.01434	0.00138	0.98428
272 C	0.01415	0.00142	0.98443
273 T	0.01393	0.00158	0.98448
274 T	0.01364	0.00184	0.98453
275 T	0.01286	0.00258	0.98456
276 A	0.01173	0.00372	0.98455
277 A	0.01106	0.00445	0.9845
278 T	0.01083	0.00462	0.98455
279 G	0.01066	0.00480	0.98455
280 A	0.01056	0.00494	0.9845
281 A	0.01046	0.00511	0.98443
282 T	0.01043	0.00515	0.98442
283 T	0.01037	0.00524	0.98439
284 A	0.01005	0.00557	0.98438
285 T	0.00981	0.00582	0.98437
286 A	0.00941	0.00627	0.98431
287 A	0.00802	0.00769	0.98429
288 A	0.00714	0.00856	0.9843
289 A	0.00669	0.00900	0.98431
290 A	0.00617	0.00949	0.98433
291 A	0.00582	0.00978	0.98439
292 A	0.00547	0.01009	0.98443
293 A	0.00530	0.01015	0.98455
294 A	0.00523	0.00991	0.98486
295 T	0.00519	0.00939	0.98542
296 G	0.00515	0.00880	0.98605
297 G	0.00514	0.00826	0.9866
298 C	0.00514	0.00752	0.98734
299 G	0.00516	0.00707	0.98777
300 T	0.00524	0.00673	0.98804
301 C	0.00527	0.00660	0.98814
302 A	0.00530	0.00654	0.98815
303 A	0.00536	0.00645	0.98819
304 C	0.00549	0.00617	0.98834
305 T	0.00557	0.00607	0.98836
306 T	0.00566	0.00594	0.9884
307 A	0.00571	0.00561	0.98868
308 T	0.00577	0.00530	0.98893
309 A	0.00579	0.00501	0.9892
310 T	0.00584	0.00342	0.99074
311 T	0.00584	0.00252	0.99164
312 A	0.00564	0.00229	0.99207
313 A	0.00557	0.00194	0.99249
314 A	0.00554	0.00163	0.99284
315 T	0.00552	0.00129	0.99319
316 G	0.00546	0.00117	0.99337
317 T	0.00542	0.00113	0.99345
318 T	0.00540	0.00110	0.9935
319 A	0.00537	0.00111	0.99353
320 A	0.00535	0.00109	0.99355
321 T	0.00535	0.00106	0.99359
322 C	0.00534	0.00104	0.99361
323 A	0.00534	0.00109	0.99358
324 A	0.00532	0.00118	0.99351
325 T	0.00533	0.00116	0.99351
326 T	0.00532	0.00117	0.99351
327 T	0.00525	0.00124	0.99351
328 T	0.00518	0.00129	0.99352
329 C	0.00510	0.00136	0.99355
330 A	0.00502	0.00144	0.99353
331 A	0.00502	0.00145	0.99353
332 T	0.00505	0.00140	0.99355
333 T	0.00506	0.00139	0.99355
334 A	0.00507	0.00139	0.99354
335 T	0.00509	0.00117	0.99374
336 T	0.00510	0.00108	0.99383
337 A	0.00509	0.00104	0.99387
338 T	0.00509	0.00099	0.99392
339 A	0.00505	0.00096	0.99399
340 C	0.00504	0.00091	0.99404
341 C	0.00504	0.00090	0.99406
342 T	0.00505	0.00089	0.99407
343 G	0.00504	0.00089	0.99407
344 A	0.00505	0.00089	0.99406
345 A	0.00505	0.00089	0.99406
346 A	0.00508	0.00085	0.99407
347 T	0.00516	0.00072	0.99412
348 T	0.00516	0.00068	0.99416
349 A	0.00516	0.00064	0.9942
350 T	0.00517	0.00054	0.99428
351 T	0.00517	0.00047	0.99436
352 A	0.00517	0.00040	0.99443
353 C	0.00518	0.00031	0.99451
354 T	0.00519	0.00029	0.99452
355 G	0.00520	0.00028	0.99453
356 C	0.00521	0.00026	0.99454
357 T	0.00524	0.00023	0.99454
358 T	0.00525	0.00022	0.99454
359 T	0.00525	0.00021	0.99455
360 A	0.00524	0.00020	0.99456
361 T	0.00524	0.00019	0.99457
362 C	0.00524	0.00013	0.99462
363 T	0.00524	0.00012	0.99463
364 T	0.00524	0.00011	0.99464
365 T	0.00525	0.00010	0.99466
366 A	0.00524	0.00010	0.99467
367 T	0.00525	0.00009	0.99467
368 T	0.00525	0.00007	0.99468
369 T	0.00524	0.00007	0.99469
370 G	0.00524	0.00007	0.99469
371 T	0.00524	0.00006	0.99469
372 T	0.00524	0.00006	0.9947
373 T	0.00523	0.00007	0.9947
374 T	0.00522	0.00008	0.9947
375 A	0.00519	0.00011	0.9947
376 T	0.00518	0.00012	0.9947
377 T	0.00515	0.00015	0.9947
378 T	0.00512	0.00018	0.9947
379 A	0.00508	0.00022	0.9947
380 G	0.00507	0.00024	0.9947
381 T	0.00506	0.00025	0.9947
382 T	0.00504	0.00026	0.99469
383 T	0.00503	0.00027	0.99469
384 T	0.00501	0.00029	0.9947
385 A	0.00498	0.00032	0.9947
386 T	0.00497	0.00033	0.9947
387 T	0.00495	0.00035	0.9947
388 G	0.00493	0.00037	0.9947
389 G	0.00492	0.00038	0.9947
390 T	0.00491	0.00041	0.99468
391 T	0.00488	0.00045	0.99468
392 T	0.00484	0.00050	0.99466
393 A	0.00478	0.00058	0.99465
394 A	0.00474	0.00061	0.99465
395 A	0.00473	0.00063	0.99465
396 A	0.00472	0.00063	0.99466
397 A	0.00472	0.00062	0.99467
398 G	0.00472	0.00058	0.99469
399 T	0.00472	0.00056	0.99472
400 A	0.00473	0.00054	0.99474
401 G	0.00473	0.00050	0.99477
402 T	0.00473	0.00047	0.99479
403 T	0.00474	0.00046	0.9948
404 T	0.00474	0.00045	0.99481
405 T	0.00474	0.00044	0.99482
406 T	0.00473	0.00044	0.99482
407 G	0.00471	0.00046	0.99484
408 G	0.00469	0.00046	0.99485
409 A	0.00468	0.00046	0.99485
410 G	0.00468	0.00045	0.99486
411 A	0.00469	0.00043	0.99488
412 A	0.00470	0.00039	0.9949
413 T	0.00472	0.00035	0.99493
414 G	0.00473	0.00030	0.99497
415 T	0.00474	0.00026	0.99499
416 T	0.00475	0.00021	0.99503
417 A	0.00475	0.00019	0.99505
418 T	0.00475	0.00018	0.99506
419 T	0.00475	0.00017	0.99507
420 A	0.00475	0.00017	0.99507
421 G	0.00475	0.00017	0.99508
422 C	0.00476	0.00016	0.99508
423 T	0.00476	0.00016	0.99508
424 C	0.00476	0.00016	0.99508
425 A	0.00477	0.00015	0.99508
426 T	0.00478	0.00014	0.99508
427 A	0.00478	0.00014	0.99508
428 T	0.00479	0.00013	0.99508
429 T	0.00480	0.00011	0.99509
430 T	0.00481	0.00008	0.99511
431 C	0.00481	0.00006	0.99513
432 T	0.00482	0.00005	0.99513
433 T	0.00481	0.00005	0.99513
434 T	0.00481	0.00005	0.99513
435 T	0.00481	0.00006	0.99513
436 A	0.00480	0.00006	0.99513
437 G	0.00480	0.00006	0.99513
438 T	0.00481	0.00006	0.99513
439 A	0.00481	0.00005	0.99513
440 T	0.00481	0.00005	0.99514
441 T	0.00481	0.00004	0.99514
442 C	0.00481	0.00005	0.99514
443 C	0.00481	0.00005	0.99514
444 T	0.00481	0.00005	0.99514
445 T	0.00481	0.00005	0.99514
446 A	0.00481	0.00005	0.99514
447 T	0.00481	0.00005	0.99514
448 G	0.00481	0.00005	0.99514
449 T	0.00481	0.00005	0.99514
450 T	0.00480	0.00006	0.99514
451 T	0.00479	0.00007	0.99514
452 T	0.00479	0.00008	0.99513
453 A	0.00477	0.00009	0.99513
454 A	0.00477	0.00010	0.99513
455 T	0.00477	0.00009	0.99514
456 T	0.00477	0.00009	0.99514
457 T	0.00477	0.00009	0.99514
458 C	0.00476	0.00009	0.99515
459 T	0.00476	0.00009	0.99515
460 G	0.00475	0.00010	0.99515
461 T	0.00475	0.00010	0.99515
462 A	0.00474	0.00012	0.99514
463 T	0.00473	0.00012	0.99514
464 A	0.00472	0.00013	0.99514
465 T	0.00471	0.00014	0.99515
466 G	0.00470	0.00015	0.99515
467 C	0.00469	0.00016	0.99515
468 T	0.00469	0.00017	0.99514
469 A	0.00467	0.00019	0.99514
470 A	0.00467	0.00020	0.99513
471 A	0.00467	0.00020	0.99513
472 T	0.00467	0.00020	0.99513
473 G	0.00467	0.00019	0.99514
474 T	0.00467	0.00018	0.99515
475 T	0.00467	0.00017	0.99516
476 G	0.00467	0.00016	0.99517
477 C	0.00466	0.00016	0.99518
478 G	0.00466	0.00016	0.99518
479 T	0.00466	0.00017	0.99517
480 T	0.00466	0.00018	0.99516
481 T	0.00466	0.00020	0.99514
482 T	0.00465	0.00022	0.99513
483 A	0.00465	0.00024	0.99511
484 G	0.00464	0.00026	0.9951
485 A	0.00465	0.00026	0.9951
486 A	0.00465	0.00026	0.9951
487 T	0.00465	0.00025	0.9951
488 T	0.00465	0.00025	0.99511
489 A	0.00464	0.00025	0.99511
490 G	0.00463	0.00025	0.99511
491 A	0.00463	0.00025	0.99511
492 T	0.00464	0.00023	0.99513
493 T	0.00464	0.00023	0.99514
494 T	0.00464	0.00023	0.99513
495 A	0.00463	0.00023	0.99513
496 A	0.00463	0.00024	0.99513
497 T	0.00463	0.00024	0.99513
498 T	0.00463	0.00026	0.99512
499 G	0.00462	0.00026	0.99512
500 A	0.00462	0.00027	0.99511
501 A	0.00463	0.00027	0.9951
502 G	0.00463	0.00026	0.99511
503 C	0.00464	0.00024	0.99511
504 T	0.00467	0.00022	0.99511
505 G	0.00468	0.00021	0.99511
506 C	0.00471	0.00018	0.99511
507 T	0.00473	0.00016	0.9951
508 T	0.00474	0.00016	0.9951
509 A	0.00474	0.00016	0.99509
510 T	0.00475	0.00016	0.99509
511 G	0.00475	0.00017	0.99508
512 A	0.00475	0.00017	0.99507
513 T	0.00476	0.00018	0.99506
514 T	0.00476	0.00022	0.99502
515 T	0.00475	0.00027	0.99498
516 A	0.00474	0.00033	0.99493
517 G	0.00474	0.00033	0.99493
518 G	0.00474	0.00033	0.99493
519 A	0.00473	0.00034	0.99492
520 G	0.00474	0.00033	0.99492
521 C	0.00475	0.00032	0.99493
522 G	0.00475	0.00032	0.99493
523 A	0.00476	0.00031	0.99493
524 C	0.00477	0.00030	0.99493
525 C	0.00477	0.00030	0.99493
526 T	0.00477	0.00030	0.99492
527 C	0.00478	0.00031	0.99491
528 T	0.00478	0.00031	0.9949
529 T	0.00479	0.00031	0.9949
530 T	0.00479	0.00032	0.9949
531 T	0.00478	0.00033	0.99489
532 C	0.00477	0.00034	0.99489
533 A	0.00476	0.00035	0.99489
534 A	0.00476	0.00035	0.99489
535 A	0.00478	0.00032	0.99489
536 C	0.00481	0.00029	0.9949
537 T	0.00486	0.00024	0.9949
538 C	0.00490	0.00020	0.9949
539 T	0.00494	0.00016	0.9949
540 T	0.00494	0.00017	0.99489
541 A	0.00494	0.00019	0.99488
542 T	0.00493	0.00021	0.99486
543 T	0.00488	0.00029	0.99483
544 A	0.00477	0.00044	0.99479
545 A	0.00467	0.00061	0.99472
546 A	0.00461	0.00078	0.99461
547 A	0.00456	0.00097	0.99446
548 T	0.00455	0.00104	0.99442
549 A	0.00453	0.00115	0.99432
550 A	0.00453	0.00120	0.99427
551 T	0.00454	0.00121	0.99425
552 T	0.00454	0.00121	0.99425
553 T	0.00453	0.00122	0.99425
554 T	0.00452	0.00122	0.99426
555 A	0.00451	0.00122	0.99426
556 C	0.00450	0.00122	0.99428
557 C	0.00449	0.00123	0.99429
558 T	0.00448	0.00123	0.99428
559 C	0.00448	0.00124	0.99428
560 A	0.00448	0.00125	0.99428
561 A	0.00448	0.00125	0.99427
562 T	0.00449	0.00125	0.99426
563 T	0.00450	0.00124	0.99426
564 A	0.00451	0.00124	0.99426
565 A	0.00452	0.00121	0.99427
566 A	0.00456	0.00112	0.99433
567 A	0.00460	0.00098	0.99442
568 G	0.00468	0.00081	0.99452
569 A	0.00482	0.00061	0.99457
570 T	0.00499	0.00040	0.99461
571 G	0.00504	0.00034	0.99462
572 T	0.00512	0.00025	0.99464
573 T	0.00515	0.00022	0.99464
574 A	0.00516	0.00021	0.99463
575 T	0.00516	0.00021	0.99462
576 G	0.00516	0.00021	0.99463
577 T	0.00517	0.00020	0.99463
578 T	0.00517	0.00019	0.99464
579 A	0.00517	0.00019	0.99464
580 G	0.00517	0.00019	0.99465
581 C	0.00517	0.00019	0.99464
582 T	0.00517	0.00022	0.99462
583 A	0.00518	0.00021	0.99461
584 G	0.00518	0.00021	0.99461
585 T	0.00519	0.00020	0.9946
586 G	0.00520	0.00020	0.9946
587 C	0.00521	0.00018	0.99462
588 T	0.00521	0.00018	0.9946
589 G	0.00522	0.00018	0.9946
590 G	0.00522	0.00018	0.99459
591 T	0.00523	0.00018	0.99459
592 A	0.00524	0.00018	0.99459
593 T	0.00525	0.00017	0.99458
594 T	0.00525	0.00017	0.99458
595 G	0.00525	0.00018	0.99456
596 C	0.00526	0.00018	0.99456
597 A	0.00527	0.00017	0.99456
598 T	0.00528	0.00016	0.99455
599 T	0.00529	0.00015	0.99455
600 C	0.00530	0.00015	0.99455
601 G	0.00530	0.00015	0.99455
602 C	0.00531	0.00014	0.99455
603 A	0.00532	0.00014	0.99454
604 T	0.00533	0.00012	0.99454
605 T	0.00535	0.00010	0.99454
606 A	0.00536	0.00010	0.99454
607 T	0.00536	0.00010	0.99454
608 C	0.00536	0.00009	0.99454
609 T	0.00537	0.00009	0.99454
610 T	0.00537	0.00009	0.99454
611 T	0.00538	0.00008	0.99454
612 T	0.00538	0.00008	0.99454
613 G	0.00538	0.00008	0.99454
614 A	0.00538	0.00008	0.99454
615 T	0.00538	0.00008	0.99454
616 G	0.00539	0.00007	0.99453
617 A	0.00539	0.00007	0.99453
618 T	0.00541	0.00005	0.99454
619 T	0.00541	0.00005	0.99454
620 T	0.00541	0.00005	0.99454
621 T	0.00542	0.00005	0.99454
622 A	0.00542	0.00006	0.99453
623 T	0.00542	0.00007	0.99452
624 T	0.00542	0.00007	0.99452
625 A	0.00542	0.00007	0.99452
626 T	0.00543	0.00006	0.99452
627 T	0.00543	0.00006	0.99452
628 T	0.00543	0.00006	0.99452
629 C	0.00543	0.00006	0.99451
630 T	0.00543	0.00006	0.99451
631 T	0.00543	0.00007	0.9945
632 A	0.00543	0.00007	0.9945
633 T	0.00543	0.00008	0.99449
634 T	0.00543	0.00008	0.99449
635 T	0.00543	0.00008	0.99449
636 T	0.00543	0.00008	0.99449
637 G	0.00542	0.00010	0.99448
638 C	0.00540	0.00013	0.99447
639 T	0.00538	0.00020	0.99443
640 G	0.00533	0.00029	0.99438
641 G	0.00531	0.00039	0.9943
642 T	0.00530	0.00048	0.99422
643 G	0.00530	0.00051	0.9942
644 G	0.00530	0.00051	0.99419
645 T	0.00530	0.00051	0.99419
646 T	0.00531	0.00052	0.99417
647 C	0.00531	0.00053	0.99417
648 C	0.00530	0.00055	0.99415
649 G	0.00530	0.00071	0.99399
650 A	0.00530	0.00084	0.99386
651 T	0.00529	0.00087	0.99383
652 T	0.00527	0.00091	0.99381
653 A	0.00525	0.00095	0.99379
654 T	0.00524	0.00097	0.99378
655 C	0.00517	0.00105	0.99377
656 A	0.00514	0.00111	0.99374
657 A	0.00512	0.00116	0.99372
658 A	0.00511	0.00120	0.9937
659 A	0.00511	0.00121	0.99368
660 T	0.00514	0.00119	0.99368
661 A	0.00516	0.00115	0.99369
662 T	0.00521	0.00107	0.99372
663 A	0.00524	0.00100	0.99376
664 T	0.00531	0.00090	0.99379
665 C	0.00536	0.00084	0.9938
666 T	0.00538	0.00082	0.99379
667 G	0.00538	0.00083	0.99379
668 C	0.00541	0.00083	0.99376
669 T	0.00545	0.00090	0.99365
670 T	0.00548	0.00103	0.99349
671 A	0.00549	0.00128	0.99323
672 T	0.00562	0.00140	0.99299
673 A	0.00570	0.00153	0.99277
674 T	0.00574	0.00158	0.99268
675 T	0.00576	0.00172	0.99252
676 T	0.00576	0.00206	0.99218
677 A	0.00574	0.00233	0.99193
678 T	0.00576	0.00249	0.99175
679 A	0.00576	0.00299	0.99125
680 G	0.00577	0.00315	0.99108
681 T	0.00580	0.00342	0.99078
682 T	0.00582	0.00397	0.99022
683 T	0.00582	0.00449	0.9897
684 A	0.00573	0.00555	0.98873
685 A	0.00568	0.00609	0.98822
686 A	0.00566	0.00637	0.98797
687 A	0.00561	0.00671	0.98767
688 G	0.00557	0.00683	0.9876
689 G	0.00556	0.00689	0.98754
690 A	0.00558	0.00699	0.98743
691 A	0.00563	0.00708	0.9873
692 C	0.00576	0.00701	0.98724
693 G	0.00594	0.00698	0.98708
694 A	0.00623	0.00688	0.9869
695 T	0.00653	0.00673	0.98674
696 T	0.00675	0.00654	0.98672
697 A	0.00684	0.00645	0.98671
698 A	0.00705	0.00624	0.98671
699 T	0.00745	0.00581	0.98674
700 C	0.00768	0.00556	0.98676
701 C	0.00793	0.00530	0.98676
702 T	0.00854	0.00470	0.98675
703 A	0.00873	0.00453	0.98674
704 C	0.00904	0.00423	0.98674
705 T	0.00960	0.00370	0.9867
706 A	0.01000	0.00334	0.98667
707 T	0.01088	0.00239	0.98673
708 T	0.01120	0.00208	0.98672
709 A	0.01127	0.00201	0.98672
710 A	0.01143	0.00179	0.98678
711 T	0.01151	0.00166	0.98683
712 G	0.01154	0.00161	0.98685
713 C	0.01167	0.00148	0.98685
714 T	0.01188	0.00133	0.98678
715 T	0.01195	0.00127	0.98677
716 T	0.01202	0.00121	0.98677
717 A	0.01209	0.00116	0.98675
718 T	0.01218	0.00107	0.98675
719 C	0.01219	0.00106	0.98676
720 T	0.01219	0.00106	0.98675
721 T	0.01219	0.00106	0.98675
722 C	0.01217	0.00108	0.98675
723 T	0.01217	0.00109	0.98674
724 A	0.01217	0.00109	0.98674
725 T	0.01219	0.00107	0.98674
726 T	0.01220	0.00105	0.98675
727 T	0.01221	0.00105	0.98674
728 T	0.01222	0.00102	0.98676
729 A	0.01222	0.00099	0.98678
730 A	0.01224	0.00096	0.98681
731 T	0.01227	0.00085	0.98687
732 T	0.01226	0.00081	0.98692
733 T	0.01225	0.00086	0.98689
734 T	0.01223	0.00095	0.98682
735 A	0.01218	0.00116	0.98666
736 G	0.01217	0.00122	0.98662
737 T	0.01223	0.00125	0.98653
738 T	0.01223	0.00152	0.98626
739 G	0.01222	0.00216	0.98562
740 T	0.01222	0.00386	0.98392
741 T	0.01220	0.00504	0.98276
742 T	0.01214	0.00585	0.982
743 T	0.01200	0.00717	0.98082
744 A	0.01183	0.00915	0.97902
745 T	0.01174	0.01009	0.97817
746 T	0.01144	0.01255	0.97601
747 T	0.01046	0.01559	0.97395
748 A	0.00866	0.02095	0.97039
749 A	0.00737	0.02444	0.9682
750 A	0.00634	0.02734	0.96632
751 A	0.00589	0.02796	0.96615
752 T	0.00573	0.02817	0.9661
753 A	0.00544	0.02857	0.966
754 A	0.00537	0.02872	0.96591
755 C	0.00541	0.02866	0.96592
756 A	0.00547	0.02869	0.96584
757 A	0.00555	0.02874	0.96571
758 T	0.00575	0.02865	0.96559
759 C	0.00582	0.02883	0.96535
760 G	0.00589	0.03012	0.96399
761 A	0.00623	0.03081	0.96297
762 A	0.00718	0.03062	0.9622
763 T	0.00975	0.02881	0.96144
764 T	0.01120	0.02802	0.96079
765 A	0.01169	0.02837	0.95993
766 A	0.01241	0.02888	0.95872
767 T	0.01377	0.02800	0.95823
768 A	0.01410	0.02850	0.9574
769 A	0.01620	0.02742	0.95637
770 A	0.01798	0.02563	0.95639
771 A	0.02111	0.02164	0.95725
772 A	0.02257	0.01999	0.95743
773 T	0.02269	0.02033	0.95698
774 T	0.02007	0.02392	0.956
775 A	0.01304	0.03446	0.95251
776 G	0.01146	0.03645	0.95209
777 G	0.01009	0.03820	0.95171
778 A	0.00917	0.03968	0.95115
779 A	0.00907	0.03990	0.95104
780 A	0.00935	0.03958	0.95107
781 G	0.00975	0.03915	0.9511
782 A	0.01028	0.03857	0.95115
783 T	0.01190	0.03690	0.9512
784 C	0.01281	0.03595	0.95123
785 A	0.01354	0.03521	0.95125
786 T	0.01436	0.03437	0.95127
787 A	0.01492	0.03379	0.95129
788 A	0.01575	0.03290	0.95136
789 T	0.01728	0.03129	0.95143
790 C	0.01801	0.03021	0.95179
791 A	0.01889	0.02906	0.95206
792 T	0.02036	0.02730	0.95233
793 A	0.02113	0.02637	0.9525
794 A	0.02202	0.02527	0.95271
795 A	0.02351	0.02334	0.95314
796 T	0.02578	0.01741	0.95681
797 G	0.02733	0.01142	0.96125
798 A	0.03137	0.00000	0.96862
