# lcl|CP097583.1_cds_USQ93590.1_1
# AA	inside	membr	outside
1 A	0.56523	0.00000	0.43476
2 T	0.56514	0.00009	0.43476
3 G	0.56507	0.00016	0.43476
4 T	0.56507	0.06083	0.3741
5 T	0.55974	0.12829	0.31196
6 C	0.55974	0.14077	0.29948
7 A	0.41349	0.29686	0.28965
8 T	0.41349	0.29699	0.28952
9 A	0.38569	0.32808	0.28623
10 A	0.38563	0.54044	0.07393
11 A	0.38098	0.55299	0.06602
12 T	0.33775	0.59845	0.0638
13 A	0.27219	0.66811	0.0597
14 A	0.27218	0.66812	0.0597
15 A	0.27218	0.70003	0.02778
16 A	0.27103	0.70118	0.02778
17 C	0.26924	0.70331	0.02744
18 G	0.26896	0.70438	0.02665
19 A	0.26571	0.70771	0.02658
20 A	0.25690	0.71715	0.02595
21 A	0.24276	0.73130	0.02594
22 C	0.24289	0.73120	0.02591
23 C	0.24432	0.72978	0.0259
24 A	0.24781	0.72648	0.02571
25 A	0.25598	0.71792	0.02609
26 A	0.26355	0.71010	0.02635
27 T	0.32617	0.64601	0.02782
28 T	0.38571	0.58059	0.03369
29 T	0.40216	0.55202	0.04582
30 T	0.41823	0.40581	0.17596
31 A	0.42045	0.39748	0.18206
32 A	0.42641	0.36188	0.21171
33 T	0.58700	0.18057	0.23242
34 T	0.59469	0.16336	0.24196
35 C	0.59780	0.12530	0.27689
36 A	0.60213	0.09663	0.30124
37 A	0.60390	0.09625	0.29985
38 T	0.63187	0.07261	0.29551
39 A	0.63188	0.13663	0.2315
40 A	0.63571	0.13725	0.22703
41 T	0.64023	0.13529	0.22448
42 T	0.64304	0.13753	0.21943
43 A	0.64392	0.13345	0.22263
44 T	0.64528	0.13619	0.21853
45 T	0.64496	0.14296	0.21208
46 T	0.64447	0.15030	0.20522
47 T	0.64255	0.15497	0.20247
48 T	0.64026	0.15916	0.20058
49 T	0.63842	0.16659	0.19499
50 T	0.63545	0.17215	0.1924
51 C	0.63103	0.17995	0.18901
52 T	0.62600	0.19183	0.18217
53 T	0.61347	0.21183	0.17471
54 A	0.60764	0.22539	0.16697
55 T	0.60559	0.22823	0.16618
56 T	0.60262	0.23168	0.1657
57 A	0.59717	0.23743	0.1654
58 A	0.59415	0.24067	0.16518
59 C	0.59818	0.23606	0.16577
60 A	0.60026	0.23471	0.16503
61 A	0.60762	0.22763	0.16474
62 T	0.67308	0.16162	0.1653
63 A	0.68136	0.15350	0.16515
64 T	0.69493	0.13993	0.16514
65 T	0.70516	0.12926	0.16558
66 T	0.71015	0.12394	0.16591
67 A	0.71783	0.11586	0.1663
68 T	0.72524	0.10720	0.16756
69 A	0.73057	0.10125	0.16819
70 T	0.73564	0.09364	0.17072
71 T	0.73892	0.08775	0.17333
72 T	0.74471	0.07985	0.17544
73 A	0.74582	0.07615	0.17804
74 T	0.75066	0.06621	0.18312
75 T	0.75555	0.05634	0.18811
76 T	0.76051	0.04148	0.19801
77 T	0.76445	0.03307	0.20248
78 T	0.76355	0.03213	0.20432
79 T	0.76286	0.03118	0.20596
80 A	0.76122	0.03086	0.20791
81 T	0.76098	0.02865	0.21037
82 A	0.76002	0.02938	0.2106
83 T	0.76075	0.02802	0.21123
84 T	0.75999	0.02923	0.21078
85 T	0.75856	0.03300	0.20845
86 T	0.75685	0.03704	0.20611
87 T	0.75300	0.04454	0.20247
88 A	0.74835	0.05181	0.19983
89 T	0.74639	0.05475	0.19886
90 A	0.74428	0.05890	0.19682
91 T	0.74363	0.06118	0.19519
92 T	0.74265	0.06534	0.19201
93 A	0.74051	0.07186	0.18763
94 T	0.73965	0.07823	0.18212
95 A	0.73805	0.08561	0.17634
96 T	0.73880	0.08511	0.17609
97 T	0.73874	0.08447	0.17678
98 T	0.73814	0.08445	0.17741
99 T	0.73725	0.08485	0.17791
100 T	0.73717	0.08384	0.17899
101 C	0.73688	0.08296	0.18015
102 A	0.73706	0.08402	0.17893
103 T	0.73850	0.08277	0.17873
104 T	0.73857	0.08319	0.17823
105 T	0.73727	0.08509	0.17764
106 G	0.73388	0.09070	0.17541
107 A	0.73247	0.09378	0.17376
108 T	0.73379	0.09295	0.17326
109 A	0.73372	0.09599	0.17028
110 T	0.73326	0.09791	0.16883
111 T	0.72168	0.11446	0.16386
112 A	0.69848	0.14867	0.15286
113 G	0.67469	0.18226	0.14305
114 A	0.64693	0.23324	0.11983
115 A	0.63115	0.27085	0.09801
116 A	0.62177	0.28775	0.09048
117 A	0.61692	0.30263	0.08045
118 T	0.61192	0.30760	0.08049
119 T	0.58483	0.33747	0.0777
120 A	0.49000	0.43996	0.07004
121 A	0.37873	0.56301	0.05825
122 C	0.35550	0.59133	0.05317
123 G	0.33190	0.61898	0.04912
124 A	0.31085	0.64425	0.0449
125 A	0.30144	0.65544	0.04312
126 T	0.29097	0.66726	0.04177
127 C	0.27585	0.68229	0.04186
128 A	0.26770	0.68982	0.04249
129 A	0.26471	0.69120	0.04409
130 A	0.26572	0.68880	0.04548
131 C	0.26813	0.68465	0.04722
132 A	0.27260	0.67967	0.04773
133 A	0.27897	0.66776	0.05327
134 T	0.28957	0.64408	0.06635
135 A	0.29813	0.62266	0.07921
136 G	0.30720	0.59805	0.09475
137 A	0.32722	0.55325	0.11952
138 T	0.34867	0.51062	0.14071
139 A	0.35547	0.49133	0.15319
140 A	0.36641	0.47088	0.16272
141 A	0.37102	0.45340	0.17558
142 A	0.37601	0.41940	0.20459
143 A	0.38568	0.31965	0.29468
144 T	0.40332	0.18123	0.41544
145 A	0.41124	0.16073	0.42802
146 T	0.41853	0.15871	0.42275
147 T	0.42295	0.16352	0.41353
148 A	0.42443	0.16880	0.40677
149 T	0.42540	0.16878	0.40581
150 T	0.42475	0.17632	0.39893
151 G	0.42367	0.19292	0.38341
152 T	0.42331	0.25891	0.31777
153 T	0.42103	0.39544	0.18353
154 T	0.41871	0.42030	0.16099
155 A	0.41417	0.44197	0.14387
156 T	0.41283	0.45782	0.12935
157 A	0.41007	0.46577	0.12416
158 C	0.40970	0.46763	0.12267
159 A	0.41063	0.46735	0.12203
160 T	0.41602	0.46251	0.12146
161 C	0.41842	0.46094	0.12064
162 T	0.42370	0.45619	0.12011
163 C	0.42339	0.45795	0.11865
164 A	0.42031	0.46328	0.1164
165 A	0.41758	0.46810	0.11432
166 C	0.41601	0.47122	0.11277
167 A	0.41491	0.47852	0.10658
168 A	0.42606	0.46983	0.10411
169 T	0.46523	0.43421	0.10056
170 T	0.49051	0.41123	0.09825
171 A	0.49345	0.41108	0.09547
172 A	0.50254	0.40187	0.09558
173 T	0.52548	0.37760	0.09692
174 A	0.53564	0.36538	0.09898
175 A	0.59404	0.30409	0.10188
176 C	0.71777	0.17624	0.10599
177 T	0.74321	0.14887	0.10792
178 C	0.75324	0.13631	0.11045
179 A	0.75674	0.13239	0.11087
180 T	0.74227	0.14573	0.112
181 C	0.66691	0.22101	0.11208
182 C	0.58101	0.30774	0.11125
183 A	0.54803	0.34402	0.10795
184 G	0.51668	0.37850	0.10482
185 A	0.50099	0.39715	0.10185
186 T	0.49204	0.40718	0.10077
187 G	0.45234	0.44632	0.10133
188 A	0.43502	0.45942	0.10555
189 A	0.43154	0.45684	0.11162
190 T	0.43585	0.44602	0.11814
191 A	0.43549	0.44247	0.12204
192 T	0.43725	0.43679	0.12596
193 G	0.43682	0.43121	0.13196
194 A	0.43719	0.41911	0.1437
195 T	0.43578	0.41096	0.15326
196 C	0.43348	0.40824	0.15829
197 C	0.43257	0.40894	0.15849
198 A	0.42812	0.41958	0.1523
199 A	0.42462	0.42994	0.14545
200 A	0.42303	0.43333	0.14364
201 T	0.41917	0.43769	0.14314
202 G	0.40570	0.44870	0.1456
203 A	0.39851	0.43865	0.16283
204 A	0.39402	0.37016	0.23583
205 G	0.39206	0.29312	0.31482
206 A	0.39406	0.27145	0.33449
207 T	0.39838	0.25636	0.34527
208 A	0.39678	0.30565	0.29757
209 T	0.39884	0.31518	0.28598
210 T	0.39982	0.31058	0.2896
211 G	0.39830	0.30326	0.29845
212 G	0.39786	0.31096	0.29117
213 T	0.39793	0.34246	0.25961
214 A	0.39661	0.36158	0.2418
215 C	0.39376	0.36675	0.23949
216 A	0.38364	0.38652	0.22985
217 A	0.37707	0.39775	0.22519
218 C	0.37253	0.40611	0.22136
219 G	0.37009	0.42359	0.20633
220 A	0.37025	0.43120	0.19855
221 A	0.37540	0.42869	0.19591
222 T	0.38264	0.42398	0.19338
223 A	0.38400	0.43496	0.18104
224 A	0.38645	0.46005	0.15349
225 A	0.39095	0.46917	0.13988
226 A	0.39940	0.46815	0.13245
227 A	0.40932	0.46530	0.12538
228 T	0.42976	0.44342	0.12682
229 G	0.44348	0.42846	0.12805
230 A	0.46983	0.40111	0.12907
231 T	0.52754	0.33810	0.13436
232 C	0.54806	0.31781	0.13413
233 C	0.57325	0.29553	0.13122
234 A	0.58127	0.29737	0.12136
235 A	0.59255	0.28929	0.11816
236 A	0.62081	0.26239	0.1168
237 T	0.64533	0.23805	0.11663
238 T	0.65355	0.23008	0.11638
239 T	0.66145	0.22113	0.11742
240 A	0.65947	0.23222	0.10831
241 T	0.66272	0.22495	0.11232
242 T	0.66443	0.22213	0.11344
243 G	0.65677	0.22999	0.11324
244 G	0.65780	0.22825	0.11395
245 C	0.66114	0.22440	0.11446
246 A	0.66705	0.21857	0.11438
247 G	0.69534	0.19002	0.11465
248 C	0.72177	0.16368	0.11456
249 A	0.73500	0.15063	0.11437
250 A	0.74457	0.14133	0.1141
251 C	0.74820	0.13744	0.11436
252 A	0.75096	0.13555	0.11349
253 C	0.75460	0.13314	0.11227
254 T	0.76183	0.12875	0.10942
255 T	0.76650	0.12675	0.10675
256 T	0.76680	0.12715	0.10605
257 T	0.76253	0.13039	0.10708
258 G	0.73136	0.16481	0.10382
259 A	0.70410	0.19137	0.10454
260 C	0.68115	0.21054	0.1083
261 A	0.65949	0.23197	0.10854
262 G	0.64599	0.24279	0.11122
263 C	0.63751	0.24906	0.11343
264 T	0.62143	0.27967	0.09891
265 T	0.60360	0.30925	0.08715
266 T	0.55440	0.37342	0.07218
267 A	0.45941	0.48054	0.06005
268 A	0.37387	0.57323	0.05289
269 G	0.31434	0.63305	0.05261
270 A	0.29382	0.65521	0.05097
271 A	0.28599	0.66238	0.05163
272 A	0.28206	0.66645	0.05148
273 A	0.28005	0.66685	0.0531
274 A	0.27944	0.66577	0.05479
275 A	0.28043	0.66336	0.05621
276 A	0.28052	0.66056	0.05892
277 C	0.28207	0.65415	0.06378
278 A	0.28461	0.65104	0.06435
279 T	0.28567	0.64572	0.06862
280 A	0.28585	0.64057	0.07358
281 A	0.28949	0.61385	0.09665
282 T	0.29259	0.58904	0.11837
283 A	0.29378	0.56616	0.14007
284 A	0.29615	0.53788	0.16597
285 A	0.30151	0.49637	0.20212
286 T	0.31250	0.43674	0.25076
287 T	0.33103	0.38308	0.28589
288 A	0.34321	0.36625	0.29054
289 T	0.36108	0.31096	0.32796
290 A	0.36769	0.23944	0.39287
291 T	0.36946	0.15679	0.47375
292 T	0.35513	0.13328	0.51159
293 C	0.29992	0.21308	0.48701
294 G	0.25449	0.37102	0.3745
295 A	0.22654	0.54679	0.22667
296 A	0.20982	0.66564	0.12455
297 A	0.20415	0.68272	0.11313
298 A	0.20195	0.69014	0.10791
299 A	0.20166	0.69077	0.10757
300 T	0.20319	0.68962	0.10719
301 C	0.20363	0.69349	0.10288
302 G	0.20362	0.69945	0.09692
303 G	0.20548	0.70420	0.09032
304 T	0.20768	0.70308	0.08924
305 A	0.20812	0.70338	0.08851
306 T	0.21045	0.70106	0.08849
307 G	0.21161	0.69892	0.08948
308 C	0.21392	0.69616	0.08992
309 T	0.21694	0.69354	0.08953
310 G	0.22071	0.69031	0.08897
311 A	0.22857	0.68337	0.08806
312 A	0.23348	0.67925	0.08727
313 A	0.24227	0.67066	0.08707
314 A	0.25571	0.65145	0.09285
315 A	0.29090	0.59283	0.11628
316 T	0.35273	0.46991	0.17736
317 T	0.45908	0.31866	0.22226
318 A	0.57688	0.17735	0.24577
319 C	0.66068	0.07944	0.25988
320 T	0.67483	0.06244	0.26273
321 T	0.67855	0.05777	0.26368
322 G	0.67605	0.06139	0.26257
323 G	0.67713	0.06228	0.2606
324 T	0.68382	0.06051	0.25567
325 T	0.68595	0.07991	0.23414
326 T	0.68293	0.12276	0.19431
327 T	0.65753	0.17121	0.17126
328 T	0.61818	0.23074	0.15107
329 T	0.48969	0.38821	0.12211
330 A	0.30610	0.61023	0.08366
331 A	0.23871	0.68904	0.07225
332 A	0.19349	0.74119	0.06532
333 A	0.16139	0.77701	0.0616
334 G	0.14127	0.79772	0.06101
335 A	0.11732	0.82661	0.05607
336 A	0.09686	0.85047	0.05267
337 A	0.09181	0.85740	0.05079
338 G	0.09003	0.85958	0.05038
339 A	0.08779	0.86292	0.04929
340 G	0.08651	0.86466	0.04884
341 A	0.08585	0.86656	0.04759
342 T	0.08187	0.87155	0.04658
343 A	0.07161	0.88836	0.04003
344 A	0.06792	0.89305	0.03903
345 A	0.06662	0.89182	0.04157
346 G	0.06719	0.88748	0.04532
347 A	0.07408	0.87585	0.05007
348 A	0.10601	0.82828	0.06571
349 T	0.16755	0.74022	0.09223
350 T	0.19852	0.65693	0.14455
351 A	0.20698	0.61259	0.18044
352 T	0.22327	0.46993	0.3068
353 T	0.23561	0.31695	0.44744
354 A	0.22584	0.28095	0.49321
355 A	0.22394	0.23791	0.53815
356 C	0.22579	0.20548	0.56874
357 A	0.22160	0.20044	0.57796
358 A	0.21961	0.19546	0.58494
359 C	0.20410	0.20569	0.5902
360 T	0.18601	0.24841	0.56557
361 A	0.12987	0.37642	0.49371
362 A	0.11039	0.47883	0.41077
363 A	0.10005	0.52310	0.37685
364 A	0.08988	0.62072	0.2894
365 A	0.08870	0.64817	0.26313
366 T	0.09604	0.68954	0.21442
367 G	0.09751	0.76147	0.14102
368 A	0.09896	0.79607	0.10497
369 T	0.10093	0.81151	0.08755
370 T	0.10201	0.81171	0.08627
371 T	0.10225	0.81375	0.08399
372 A	0.10037	0.81524	0.0844
373 A	0.10125	0.81016	0.08859
374 C	0.10335	0.79334	0.1033
375 T	0.10349	0.79482	0.10169
376 C	0.10311	0.79749	0.0994
377 A	0.10283	0.81727	0.0799
378 A	0.09992	0.83595	0.06414
379 A	0.09965	0.84797	0.05238
380 A	0.10172	0.84504	0.05324
381 A	0.12045	0.82101	0.05854
382 G	0.14352	0.77537	0.08111
383 A	0.17370	0.73274	0.09356
384 A	0.23361	0.63189	0.1345
385 G	0.30602	0.54838	0.1456
386 A	0.33716	0.52284	0.13999
387 A	0.44903	0.42078	0.13019
388 G	0.49297	0.39222	0.11481
389 C	0.57078	0.32662	0.1026
390 T	0.63856	0.28196	0.07948
391 T	0.66420	0.26356	0.07224
392 T	0.66125	0.27478	0.06397
393 A	0.47371	0.48044	0.04585
394 A	0.42543	0.53057	0.044
395 C	0.39231	0.56207	0.04562
396 A	0.35624	0.60244	0.04132
397 A	0.34718	0.61177	0.04105
398 C	0.35018	0.60910	0.04073
399 A	0.34446	0.61492	0.04062
400 A	0.34798	0.61119	0.04083
401 C	0.30514	0.65143	0.04342
402 T	0.28456	0.67229	0.04315
403 C	0.23251	0.72530	0.04219
404 A	0.17792	0.78121	0.04087
405 A	0.15603	0.80341	0.04056
406 A	0.14879	0.81043	0.04078
407 A	0.15143	0.80575	0.04282
408 C	0.16232	0.79250	0.04519
409 A	0.17995	0.77294	0.0471
410 C	0.20394	0.74499	0.05107
411 T	0.22652	0.72217	0.0513
412 T	0.23924	0.70867	0.0521
413 T	0.24747	0.69974	0.0528
414 A	0.23475	0.70738	0.05787
415 A	0.22892	0.69950	0.07159
416 C	0.22755	0.48154	0.29091
417 T	0.21644	0.45055	0.33301
418 C	0.20202	0.44333	0.35464
419 A	0.18292	0.53604	0.28104
420 A	0.16096	0.63442	0.20462
421 A	0.14469	0.66997	0.18533
422 A	0.13544	0.67233	0.19223
423 A	0.11873	0.67552	0.20575
424 G	0.09675	0.61589	0.28736
425 A	0.08136	0.63789	0.28076
426 A	0.06796	0.62241	0.30963
427 G	0.05770	0.66018	0.28212
428 A	0.05209	0.70443	0.24349
429 A	0.04635	0.74442	0.20924
430 G	0.04532	0.81282	0.14186
431 A	0.04514	0.84909	0.10578
432 A	0.04541	0.86101	0.09358
433 T	0.04638	0.86554	0.08808
434 T	0.04693	0.87023	0.08284
435 A	0.04213	0.88573	0.07214
436 A	0.04151	0.87975	0.07875
437 G	0.04161	0.86350	0.09489
438 A	0.04202	0.85275	0.10522
439 A	0.04670	0.83300	0.12029
440 C	0.05621	0.80922	0.13457
441 A	0.06693	0.79253	0.14054
442 A	0.13797	0.70868	0.15334
443 T	0.20807	0.62596	0.16598
444 T	0.22475	0.60863	0.16662
445 A	0.22536	0.62288	0.15176
446 A	0.22220	0.62972	0.14808
447 A	0.22273	0.61602	0.16125
448 A	0.25574	0.56595	0.1783
449 G	0.29353	0.51272	0.19375
450 T	0.41360	0.38569	0.20071
451 A	0.46424	0.34215	0.19362
452 C	0.50322	0.31449	0.18228
453 T	0.55910	0.29134	0.14955
454 T	0.56807	0.28655	0.14538
455 T	0.54225	0.32009	0.13765
456 A	0.48037	0.38378	0.13585
457 A	0.45177	0.41337	0.13485
458 C	0.43368	0.42812	0.1382
459 T	0.38241	0.48788	0.12971
460 C	0.31901	0.56550	0.11549
461 A	0.21967	0.71269	0.06764
462 A	0.12010	0.83388	0.04602
463 A	0.09400	0.86923	0.03678
464 A	0.08432	0.88225	0.03343
465 A	0.07463	0.89411	0.03127
466 G	0.07466	0.89287	0.03247
467 A	0.08224	0.88565	0.03211
468 A	0.09228	0.87229	0.03542
469 A	0.10406	0.85936	0.03659
470 A	0.11281	0.84797	0.03922
471 A	0.11509	0.84107	0.04384
472 G	0.11870	0.83222	0.04908
473 A	0.12544	0.82404	0.05052
474 A	0.13811	0.80190	0.05999
475 T	0.16510	0.76622	0.06868
476 T	0.19341	0.73154	0.07506
477 A	0.18837	0.72515	0.08648
478 A	0.18394	0.69389	0.12218
479 A	0.17844	0.63068	0.19088
480 A	0.17605	0.59229	0.23167
481 A	0.18160	0.55262	0.26578
482 C	0.19598	0.46768	0.33633
483 A	0.21317	0.40845	0.37839
484 A	0.25630	0.29179	0.45191
485 T	0.26868	0.23051	0.50081
486 T	0.25989	0.28813	0.45198
487 A	0.20602	0.45298	0.34099
488 A	0.15624	0.66044	0.18332
489 A	0.12989	0.74968	0.12044
490 A	0.09778	0.78681	0.11541
491 G	0.09810	0.78076	0.12114
492 T	0.10513	0.76949	0.12538
493 A	0.10719	0.76827	0.12453
494 C	0.11084	0.76260	0.12655
495 T	0.11499	0.75958	0.12543
496 T	0.11766	0.75653	0.12582
497 T	0.11881	0.75506	0.12614
498 A	0.11946	0.75413	0.1264
499 A	0.12026	0.75271	0.12704
500 A	0.12202	0.74236	0.13562
501 T	0.12301	0.73220	0.14479
502 C	0.12382	0.72463	0.15155
503 G	0.12539	0.72089	0.15372
504 A	0.12752	0.71780	0.15469
505 A	0.13091	0.71347	0.15562
506 A	0.14286	0.70051	0.15663
507 A	0.16539	0.67624	0.15837
508 G	0.20894	0.62091	0.17015
509 A	0.28106	0.53051	0.18843
510 A	0.39567	0.36081	0.24351
511 T	0.56187	0.14170	0.29643
512 A	0.61980	0.05576	0.32444
513 A	0.64004	0.00000	0.35996
