# lcl|CP097583.1_cds_USQ93389.1_1
# AA	inside	membr	outside
1 A	0.80403	0.00000	0.19597
2 T	0.80390	0.00013	0.19597
3 G	0.80385	0.00018	0.19597
4 G	0.80385	0.00409	0.19206
5 A	0.80351	0.00868	0.18781
6 T	0.80351	0.00937	0.18711
7 T	0.80201	0.01148	0.18651
8 T	0.80201	0.01152	0.18647
9 T	0.79139	0.02319	0.18541
10 T	0.79135	0.08724	0.1214
11 T	0.77941	0.10305	0.11755
12 A	0.46222	0.42251	0.11528
13 A	0.08627	0.80394	0.10979
14 A	0.08623	0.80398	0.10979
15 A	0.08623	0.81865	0.09513
16 A	0.08293	0.82194	0.09513
17 A	0.07989	0.82512	0.09499
18 T	0.07976	0.82535	0.09489
19 A	0.07446	0.83072	0.09482
20 A	0.06576	0.83986	0.09439
21 T	0.05645	0.84915	0.09439
22 C	0.05586	0.84973	0.09442
23 A	0.05565	0.84994	0.09442
24 T	0.05594	0.84964	0.09442
25 T	0.05598	0.84949	0.09453
26 C	0.05505	0.85038	0.09457
27 T	0.05754	0.84790	0.09455
28 G	0.06011	0.84512	0.09477
29 A	0.06101	0.84417	0.09482
30 A	0.06663	0.83645	0.09691
31 A	0.07073	0.82782	0.10145
32 T	0.07782	0.74233	0.17985
33 T	0.13018	0.63675	0.23307
34 T	0.13341	0.59069	0.2759
35 T	0.13645	0.35630	0.50724
36 T	0.13787	0.07656	0.78556
37 A	0.13306	0.07873	0.78821
38 G	0.13959	0.07143	0.78897
39 A	0.12953	0.08843	0.78203
40 A	0.12900	0.09069	0.78031
41 T	0.12897	0.09244	0.7786
42 T	0.12866	0.09211	0.77923
43 A	0.12735	0.09362	0.77902
44 T	0.12319	0.12145	0.75536
45 T	0.11405	0.17406	0.71189
46 A	0.10968	0.22742	0.66291
47 G	0.09841	0.27996	0.62163
48 A	0.08582	0.33890	0.57528
49 G	0.06837	0.50046	0.43118
50 A	0.05047	0.72436	0.22517
51 A	0.04427	0.76808	0.18765
52 G	0.03376	0.80538	0.16085
53 A	0.02526	0.83276	0.14197
54 A	0.02421	0.85533	0.12045
55 G	0.02394	0.86446	0.11159
56 A	0.02300	0.86937	0.10763
57 A	0.02314	0.87272	0.10414
58 A	0.02364	0.87584	0.10053
59 A	0.02563	0.87755	0.09681
60 A	0.02811	0.87139	0.10049
61 A	0.03168	0.86553	0.10279
62 G	0.03979	0.84817	0.11204
63 A	0.04363	0.84296	0.11341
64 C	0.04879	0.83591	0.1153
65 A	0.05353	0.83140	0.11506
66 A	0.06143	0.82336	0.11522
67 G	0.09190	0.79034	0.11777
68 A	0.13623	0.74148	0.12229
69 A	0.18903	0.68593	0.12504
70 A	0.23839	0.62372	0.13788
71 A	0.29156	0.55580	0.15264
72 A	0.42729	0.40033	0.17238
73 C	0.61719	0.18923	0.19359
74 A	0.66784	0.13518	0.19698
75 T	0.70344	0.09331	0.20326
76 T	0.71441	0.08452	0.20107
77 T	0.71236	0.08951	0.19813
78 A	0.69121	0.11242	0.19637
79 G	0.67888	0.12399	0.19713
80 A	0.67631	0.12669	0.19701
81 A	0.67789	0.12452	0.19759
82 T	0.68465	0.11638	0.19898
83 T	0.68436	0.11560	0.20004
84 G	0.68032	0.11891	0.20076
85 A	0.67970	0.11852	0.20177
86 T	0.68054	0.11571	0.20374
87 T	0.68059	0.11415	0.20526
88 G	0.68064	0.11220	0.20717
89 C	0.68138	0.10978	0.20884
90 T	0.68134	0.10941	0.20925
91 T	0.68053	0.10983	0.20964
92 C	0.67698	0.11327	0.20975
93 T	0.67431	0.11621	0.20948
94 G	0.67208	0.11859	0.20934
95 A	0.67128	0.11940	0.20933
96 A	0.67040	0.12000	0.20959
97 A	0.67188	0.11788	0.21025
98 A	0.67430	0.11040	0.2153
99 T	0.68366	0.08962	0.22672
100 T	0.68771	0.06862	0.24366
101 T	0.68914	0.04609	0.26477
102 T	0.68948	0.03427	0.27625
103 G	0.68957	0.02921	0.28122
104 T	0.68993	0.02578	0.28428
105 T	0.68995	0.02428	0.28577
106 T	0.68966	0.02311	0.28723
107 C	0.68898	0.02155	0.28946
108 T	0.68772	0.02674	0.28554
109 A	0.68545	0.03063	0.28392
110 A	0.68056	0.03651	0.28292
111 G	0.67615	0.04116	0.28269
112 T	0.67473	0.04391	0.28137
113 C	0.67328	0.04514	0.28158
114 A	0.67226	0.05151	0.27622
115 G	0.67202	0.05312	0.27486
116 T	0.67216	0.05313	0.2747
117 T	0.67196	0.05302	0.27503
118 T	0.67141	0.05438	0.27421
119 T	0.67047	0.05553	0.274
120 A	0.66804	0.06094	0.27101
121 G	0.66734	0.06197	0.27069
122 A	0.66656	0.06353	0.26991
123 G	0.66615	0.06369	0.27016
124 G	0.66589	0.06373	0.27037
125 C	0.66585	0.06350	0.27066
126 G	0.66445	0.06589	0.26966
127 C	0.66351	0.06823	0.26826
128 A	0.66291	0.07498	0.26212
129 A	0.66284	0.07708	0.26008
130 G	0.66328	0.07756	0.25917
131 G	0.66723	0.07327	0.2595
132 T	0.66913	0.07026	0.26061
133 A	0.67038	0.06471	0.2649
134 G	0.67221	0.05862	0.26917
135 T	0.67559	0.05404	0.27037
136 G	0.67781	0.05169	0.2705
137 T	0.68463	0.04606	0.26931
138 T	0.68847	0.04564	0.26589
139 T	0.68895	0.04593	0.26512
140 T	0.68707	0.04895	0.26398
141 G	0.68096	0.05556	0.26348
142 A	0.67286	0.06496	0.26218
143 C	0.67050	0.06633	0.26317
144 A	0.66782	0.07014	0.26204
145 A	0.66595	0.07251	0.26153
146 A	0.66468	0.07433	0.26099
147 T	0.66422	0.07518	0.26061
148 A	0.66152	0.07911	0.25938
149 A	0.66111	0.07901	0.25988
150 A	0.66008	0.07998	0.25995
151 T	0.66453	0.07470	0.26077
152 A	0.64225	0.09648	0.26126
153 T	0.61519	0.12297	0.26183
154 G	0.55942	0.17857	0.26202
155 C	0.47980	0.25825	0.26196
156 C	0.40196	0.33643	0.26161
157 G	0.27670	0.46319	0.26011
158 A	0.21727	0.52408	0.25865
159 A	0.19228	0.54961	0.25811
160 G	0.16341	0.57885	0.25773
161 G	0.15403	0.58822	0.25775
162 A	0.14977	0.59108	0.25915
163 T	0.14898	0.58869	0.26233
164 A	0.14524	0.58706	0.2677
165 T	0.14316	0.58221	0.27463
166 C	0.13726	0.58491	0.27783
167 C	0.13108	0.59015	0.27876
168 A	0.12585	0.59540	0.27875
169 C	0.12255	0.59874	0.27871
170 A	0.12040	0.60118	0.27841
171 A	0.11921	0.60251	0.27828
172 A	0.11796	0.60364	0.2784
173 A	0.11691	0.60277	0.28032
174 A	0.11647	0.60062	0.28291
175 A	0.11604	0.56808	0.31587
176 G	0.11613	0.52415	0.35972
177 A	0.11667	0.46488	0.41845
178 T	0.11767	0.37461	0.50771
179 A	0.11812	0.29987	0.58202
180 T	0.11947	0.17805	0.70248
181 T	0.12009	0.12803	0.75189
182 A	0.11989	0.10695	0.77316
183 T	0.11981	0.07755	0.80264
184 G	0.11904	0.06762	0.81334
185 G	0.11866	0.06338	0.81797
186 T	0.11842	0.06403	0.81755
187 G	0.11779	0.06391	0.81829
188 G	0.11735	0.06525	0.8174
189 T	0.11728	0.07220	0.81052
190 T	0.11669	0.08743	0.79588
191 G	0.11501	0.11654	0.76845
192 T	0.11486	0.17316	0.71198
193 G	0.11426	0.22731	0.65842
194 A	0.11402	0.31200	0.57397
195 A	0.11391	0.35030	0.53579
196 T	0.11428	0.36163	0.52409
197 A	0.11217	0.39796	0.48987
198 T	0.11059	0.41570	0.47371
199 A	0.10832	0.43980	0.45189
200 T	0.10708	0.45194	0.44098
201 A	0.10387	0.46980	0.42632
202 G	0.10202	0.47601	0.42197
203 A	0.10142	0.47938	0.4192
204 T	0.10062	0.48179	0.41759
205 G	0.09456	0.49018	0.41527
206 A	0.08894	0.49995	0.41111
207 A	0.08654	0.50508	0.40838
208 A	0.08412	0.51069	0.40518
209 T	0.08558	0.51155	0.40287
210 A	0.08050	0.51693	0.40257
211 G	0.08135	0.51569	0.40296
212 A	0.08955	0.50741	0.40304
213 A	0.10860	0.48774	0.40366
214 C	0.14404	0.45087	0.40509
215 A	0.20230	0.39326	0.40443
216 A	0.24917	0.34695	0.40387
217 A	0.31149	0.28456	0.40395
218 T	0.33051	0.26531	0.40418
219 A	0.30226	0.29340	0.40435
220 G	0.31217	0.28013	0.4077
221 C	0.30468	0.28486	0.41046
222 A	0.30144	0.28671	0.41185
223 A	0.29048	0.29652	0.413
224 T	0.29472	0.28968	0.4156
225 T	0.27708	0.30564	0.41728
226 G	0.20012	0.38202	0.41785
227 A	0.14909	0.42958	0.42133
228 A	0.10744	0.46473	0.42782
229 A	0.09096	0.47414	0.43489
230 A	0.08714	0.47082	0.44205
231 A	0.08760	0.46238	0.45002
232 G	0.08704	0.45526	0.4577
233 T	0.08491	0.44821	0.46688
234 T	0.07811	0.45059	0.4713
235 A	0.06250	0.46359	0.47391
236 A	0.05243	0.46924	0.47833
237 A	0.04891	0.46849	0.4826
238 A	0.04896	0.46034	0.4907
239 A	0.04979	0.44655	0.50366
240 A	0.05041	0.43191	0.51768
241 T	0.05111	0.40792	0.54096
242 T	0.05145	0.37097	0.57759
243 A	0.05114	0.34973	0.59914
244 T	0.05112	0.32159	0.62729
245 T	0.05114	0.29661	0.65226
246 T	0.05111	0.27151	0.67739
247 A	0.05096	0.25700	0.69204
248 A	0.05107	0.23037	0.71855
249 T	0.05163	0.15910	0.78927
250 G	0.05202	0.11268	0.8353
251 T	0.05253	0.08202	0.86545
252 T	0.05281	0.06988	0.87731
253 A	0.05293	0.06897	0.8781
254 A	0.05311	0.06638	0.88052
255 A	0.05358	0.06125	0.88517
256 T	0.05432	0.05318	0.8925
257 T	0.05503	0.04398	0.90099
258 T	0.05552	0.03044	0.91404
259 G	0.05529	0.02415	0.92057
260 C	0.05519	0.02265	0.92216
261 T	0.05407	0.02499	0.92094
262 A	0.05349	0.02771	0.9188
263 A	0.05332	0.03150	0.91518
264 T	0.05355	0.03161	0.91484
265 G	0.05356	0.03210	0.91435
266 T	0.05386	0.03187	0.91427
267 T	0.05343	0.03217	0.91441
268 C	0.05296	0.03245	0.91459
269 A	0.05153	0.03392	0.91455
270 A	0.05047	0.03484	0.91469
271 C	0.04960	0.03558	0.91482
272 C	0.04951	0.03568	0.9148
273 A	0.04788	0.03754	0.91458
274 C	0.04845	0.03687	0.91468
275 A	0.04960	0.03576	0.91464
276 T	0.05261	0.03277	0.91462
277 T	0.05270	0.03270	0.9146
278 C	0.05105	0.03424	0.91472
279 A	0.04996	0.03569	0.91434
280 G	0.04943	0.03591	0.91466
281 G	0.04938	0.03565	0.91497
282 A	0.04933	0.03525	0.91542
283 T	0.05068	0.03357	0.91575
284 C	0.05148	0.03119	0.91733
285 A	0.05304	0.02913	0.91783
286 C	0.05569	0.02607	0.91825
287 A	0.05589	0.02578	0.91832
288 A	0.05630	0.02517	0.91853
289 G	0.05691	0.02432	0.91877
290 C	0.05714	0.02300	0.91985
291 T	0.05730	0.02244	0.92027
292 A	0.05736	0.02076	0.92188
293 A	0.05742	0.01921	0.92338
294 T	0.05745	0.01781	0.92474
295 A	0.05736	0.01711	0.92553
296 T	0.05752	0.01302	0.92946
297 G	0.05714	0.01077	0.93209
298 G	0.05700	0.00903	0.93398
299 C	0.05699	0.00753	0.93547
300 T	0.05706	0.00685	0.93609
301 G	0.05710	0.00608	0.93683
302 T	0.05743	0.00538	0.93719
303 T	0.05745	0.00502	0.93753
304 T	0.05742	0.00484	0.93774
305 T	0.05725	0.00415	0.9386
306 T	0.05649	0.00456	0.93895
307 C	0.05526	0.00525	0.93949
308 A	0.05413	0.00626	0.93962
309 A	0.05349	0.00672	0.93978
310 T	0.05323	0.00677	0.94
311 C	0.05278	0.00708	0.94015
312 T	0.05229	0.00758	0.94013
313 T	0.05173	0.00812	0.94015
314 T	0.05084	0.00900	0.94016
315 A	0.04972	0.01011	0.94018
316 T	0.04917	0.01063	0.9402
317 T	0.04839	0.01125	0.94036
318 A	0.04726	0.01217	0.94057
319 A	0.04669	0.01258	0.94073
320 A	0.04646	0.01240	0.94114
321 A	0.04635	0.01226	0.94139
322 C	0.04630	0.01216	0.94155
323 C	0.04634	0.01207	0.94159
324 T	0.04645	0.01194	0.94161
325 T	0.04650	0.01188	0.94162
326 A	0.04648	0.01188	0.94163
327 T	0.04650	0.01184	0.94167
328 G	0.04651	0.01165	0.94185
329 A	0.04657	0.01071	0.94272
330 T	0.04658	0.00935	0.94407
331 G	0.04656	0.00818	0.94526
332 T	0.04658	0.00748	0.94594
333 T	0.04658	0.00708	0.94633
334 A	0.04654	0.00664	0.94682
335 T	0.04655	0.00589	0.94755
336 T	0.04652	0.00514	0.94835
337 T	0.04643	0.00419	0.94938
338 T	0.04630	0.00335	0.95036
339 G	0.04601	0.00316	0.95084
340 G	0.04589	0.00286	0.95125
341 G	0.04584	0.00230	0.95187
342 T	0.04582	0.00202	0.95216
343 A	0.04578	0.00192	0.9523
344 T	0.04577	0.00183	0.9524
345 G	0.04576	0.00177	0.95248
346 T	0.04576	0.00172	0.95251
347 C	0.04573	0.00172	0.95255
348 T	0.04570	0.00175	0.95255
349 T	0.04569	0.00179	0.95253
350 T	0.04565	0.00184	0.95251
351 G	0.04558	0.00195	0.95247
352 A	0.04552	0.00208	0.9524
353 A	0.04550	0.00208	0.95242
354 T	0.04547	0.00206	0.95246
355 G	0.04543	0.00212	0.95244
356 A	0.04538	0.00220	0.95241
357 T	0.04538	0.00214	0.95248
358 G	0.04533	0.00220	0.95247
359 G	0.04532	0.00219	0.95249
360 A	0.04534	0.00210	0.95257
361 G	0.04536	0.00193	0.9527
362 G	0.04541	0.00169	0.95291
363 T	0.04556	0.00147	0.95298
364 C	0.04561	0.00140	0.95299
365 A	0.04564	0.00141	0.95296
366 T	0.04563	0.00143	0.95294
367 T	0.04557	0.00149	0.95293
368 T	0.04548	0.00158	0.95294
369 A	0.04527	0.00178	0.95295
370 A	0.04512	0.00188	0.953
371 C	0.04507	0.00184	0.95309
372 T	0.04502	0.00185	0.95312
373 C	0.04492	0.00192	0.95316
374 A	0.04489	0.00193	0.95317
375 T	0.04493	0.00187	0.9532
376 G	0.04490	0.00190	0.95321
377 G	0.04490	0.00186	0.95324
378 C	0.04493	0.00179	0.95329
379 C	0.04496	0.00170	0.95334
380 A	0.04495	0.00171	0.95335
381 T	0.04501	0.00162	0.95338
382 C	0.04502	0.00159	0.95339
383 A	0.04502	0.00160	0.95339
384 T	0.04504	0.00157	0.95339
385 G	0.04504	0.00154	0.95342
386 T	0.04507	0.00150	0.95344
387 T	0.04508	0.00148	0.95345
388 A	0.04506	0.00143	0.9535
389 G	0.04506	0.00133	0.95361
390 T	0.04507	0.00121	0.95372
391 T	0.04506	0.00108	0.95385
392 T	0.04506	0.00090	0.95405
393 T	0.04504	0.00075	0.9542
394 T	0.04500	0.00071	0.95429
395 C	0.04497	0.00066	0.95437
396 T	0.04481	0.00076	0.95443
397 G	0.04455	0.00100	0.95446
398 G	0.04441	0.00114	0.95446
399 T	0.04434	0.00119	0.95447
400 A	0.04419	0.00135	0.95446
401 A	0.04415	0.00136	0.95449
402 A	0.04414	0.00132	0.95453
403 T	0.04415	0.00127	0.95459
404 T	0.04415	0.00125	0.9546
405 T	0.04414	0.00125	0.95461
406 T	0.04414	0.00127	0.95459
407 T	0.04413	0.00128	0.95459
408 T	0.04412	0.00129	0.95459
409 T	0.04410	0.00130	0.95461
410 A	0.04408	0.00130	0.95462
411 T	0.04407	0.00127	0.95466
412 T	0.04407	0.00124	0.9547
413 C	0.04406	0.00124	0.95471
414 T	0.04404	0.00125	0.95471
415 T	0.04401	0.00129	0.9547
416 A	0.04389	0.00143	0.95468
417 T	0.04364	0.00166	0.9547
418 A	0.04346	0.00185	0.95469
419 G	0.04336	0.00178	0.95486
420 T	0.04330	0.00163	0.95508
421 T	0.04313	0.00172	0.95515
422 A	0.04271	0.00222	0.95507
423 T	0.04140	0.00360	0.955
424 G	0.04059	0.00468	0.95473
425 G	0.04016	0.00545	0.95438
426 A	0.03992	0.00630	0.95378
427 G	0.03983	0.00642	0.95375
428 T	0.03983	0.00645	0.95372
429 T	0.03965	0.00663	0.95372
430 T	0.03901	0.00725	0.95374
431 C	0.03799	0.00827	0.95375
432 T	0.03719	0.00906	0.95375
433 C	0.03489	0.01136	0.95375
434 C	0.03317	0.01311	0.95372
435 A	0.03202	0.01431	0.95366
436 G	0.03092	0.01543	0.95366
437 A	0.02993	0.01643	0.95363
438 A	0.02872	0.01765	0.95363
439 A	0.02777	0.01852	0.9537
440 C	0.02514	0.02083	0.95402
441 A	0.02327	0.02258	0.95415
442 G	0.02224	0.02348	0.95428
443 A	0.02137	0.02427	0.95436
444 A	0.02069	0.02478	0.95453
445 A	0.02054	0.02462	0.95484
446 C	0.02062	0.02301	0.95637
447 A	0.02070	0.02236	0.95694
448 A	0.02084	0.02191	0.95724
449 T	0.02125	0.02145	0.9573
450 T	0.02103	0.02193	0.95704
451 G	0.02048	0.02260	0.95693
452 A	0.02002	0.02285	0.95713
453 T	0.01971	0.02210	0.95818
454 T	0.01940	0.02121	0.95939
455 A	0.01871	0.02104	0.96025
456 T	0.01846	0.01914	0.96241
457 C	0.01795	0.01813	0.96391
458 A	0.01757	0.01813	0.9643
459 A	0.01712	0.01806	0.96482
460 A	0.01686	0.01787	0.96527
461 A	0.01633	0.01767	0.966
462 A	0.01598	0.01741	0.96661
463 T	0.01574	0.01461	0.96964
464 T	0.01531	0.01318	0.97151
465 A	0.01428	0.01357	0.97215
466 A	0.01323	0.01413	0.97264
467 G	0.01232	0.01471	0.97297
468 A	0.01202	0.01552	0.97245
469 G	0.01196	0.01591	0.97214
470 A	0.01199	0.01623	0.97178
471 A	0.01208	0.01636	0.97156
472 A	0.01231	0.01605	0.97165
473 T	0.01266	0.01535	0.97199
474 A	0.01268	0.01471	0.97261
475 G	0.01280	0.01373	0.97347
476 C	0.01282	0.01311	0.97407
477 T	0.01279	0.01288	0.97433
478 C	0.01255	0.01276	0.9747
479 A	0.01223	0.01303	0.97473
480 T	0.01203	0.01308	0.97489
481 A	0.01165	0.01336	0.97498
482 A	0.01137	0.01327	0.97536
483 G	0.01134	0.01305	0.9756
484 G	0.01145	0.01221	0.97634
485 T	0.01162	0.01156	0.97682
486 G	0.01162	0.01118	0.97719
487 A	0.01174	0.01065	0.97761
488 A	0.01216	0.00938	0.97846
489 A	0.01262	0.00796	0.97943
490 C	0.01315	0.00647	0.98039
491 C	0.01406	0.00536	0.98058
492 T	0.01468	0.00475	0.98057
493 A	0.01510	0.00439	0.9805
494 A	0.01549	0.00402	0.9805
495 G	0.01564	0.00386	0.9805
496 T	0.01576	0.00371	0.98054
497 T	0.01579	0.00349	0.98072
498 A	0.01581	0.00336	0.98084
499 A	0.01583	0.00320	0.98098
500 T	0.01588	0.00292	0.9812
501 T	0.01588	0.00255	0.98157
502 A	0.01588	0.00218	0.98194
503 T	0.01590	0.00183	0.98227
504 A	0.01590	0.00145	0.98265
505 G	0.01592	0.00106	0.98302
506 C	0.01597	0.00081	0.98322
507 T	0.01601	0.00074	0.98324
508 G	0.01600	0.00073	0.98327
509 G	0.01601	0.00070	0.9833
510 T	0.01601	0.00069	0.98331
511 G	0.01599	0.00069	0.98331
512 C	0.01601	0.00065	0.98334
513 T	0.01605	0.00060	0.98335
514 T	0.01607	0.00057	0.98336
515 C	0.01609	0.00055	0.98336
516 T	0.01615	0.00049	0.98336
517 T	0.01616	0.00048	0.98336
518 C	0.01615	0.00048	0.98337
519 T	0.01615	0.00048	0.98336
520 T	0.01615	0.00048	0.98336
521 A	0.01614	0.00049	0.98337
522 T	0.01613	0.00048	0.98339
523 T	0.01608	0.00054	0.98338
524 C	0.01552	0.00106	0.98343
525 T	0.01511	0.00145	0.98343
526 A	0.01457	0.00200	0.98343
527 G	0.01433	0.00222	0.98344
528 A	0.01419	0.00236	0.98345
529 A	0.01414	0.00241	0.98345
530 T	0.01413	0.00237	0.98349
531 T	0.01409	0.00237	0.98354
532 A	0.01396	0.00250	0.98354
533 T	0.01389	0.00258	0.98353
534 T	0.01375	0.00272	0.98352
535 G	0.01357	0.00294	0.98349
536 A	0.01349	0.00303	0.98348
537 T	0.01345	0.00307	0.98348
538 T	0.01339	0.00311	0.98349
539 T	0.01329	0.00321	0.98349
540 T	0.01310	0.00339	0.9835
541 C	0.01279	0.00370	0.98351
542 A	0.01255	0.00395	0.9835
543 A	0.01227	0.00423	0.9835
544 A	0.01212	0.00437	0.9835
545 A	0.01203	0.00445	0.98352
546 A	0.01195	0.00447	0.98358
547 T	0.01191	0.00388	0.98421
548 T	0.01183	0.00353	0.98463
549 T	0.01171	0.00319	0.98511
550 A	0.01151	0.00324	0.98525
551 G	0.01137	0.00330	0.98533
552 A	0.01129	0.00344	0.98527
553 G	0.01127	0.00350	0.98523
554 A	0.01127	0.00348	0.98525
555 A	0.01130	0.00335	0.98536
556 A	0.01132	0.00323	0.98544
557 T	0.01136	0.00302	0.98562
558 T	0.01138	0.00279	0.98583
559 G	0.01138	0.00263	0.98599
560 C	0.01137	0.00249	0.98613
561 T	0.01136	0.00245	0.98619
562 G	0.01133	0.00241	0.98625
563 A	0.01131	0.00234	0.98634
564 T	0.01131	0.00215	0.98654
565 G	0.01130	0.00201	0.98668
566 A	0.01131	0.00175	0.98695
567 A	0.01132	0.00157	0.98712
568 G	0.01133	0.00141	0.98726
569 T	0.01135	0.00128	0.98737
570 T	0.01135	0.00120	0.98745
571 G	0.01134	0.00111	0.98755
572 G	0.01135	0.00100	0.98766
573 A	0.01138	0.00084	0.98778
574 G	0.01142	0.00068	0.9879
575 C	0.01155	0.00049	0.98796
576 T	0.01163	0.00040	0.98796
577 T	0.01166	0.00039	0.98795
578 A	0.01166	0.00040	0.98794
579 T	0.01167	0.00041	0.98793
580 T	0.01166	0.00043	0.98791
581 T	0.01164	0.00046	0.98791
582 A	0.01158	0.00052	0.98791
583 A	0.01156	0.00052	0.98792
584 T	0.01156	0.00050	0.98794
585 G	0.01154	0.00049	0.98797
586 G	0.01153	0.00048	0.98799
587 C	0.01153	0.00047	0.98799
588 T	0.01153	0.00048	0.98799
589 G	0.01152	0.00051	0.98797
590 A	0.01152	0.00053	0.98796
591 T	0.01152	0.00054	0.98795
592 A	0.01150	0.00056	0.98795
593 T	0.01151	0.00054	0.98796
594 A	0.01150	0.00053	0.98797
595 G	0.01150	0.00053	0.98798
596 C	0.01150	0.00051	0.98798
597 T	0.01151	0.00050	0.98799
598 C	0.01152	0.00050	0.98799
599 A	0.01153	0.00049	0.98799
600 T	0.01155	0.00047	0.98798
601 A	0.01156	0.00046	0.98799
602 T	0.01158	0.00043	0.98799
603 T	0.01159	0.00042	0.988
604 G	0.01159	0.00037	0.98804
605 C	0.01160	0.00030	0.9881
606 T	0.01160	0.00028	0.98812
607 G	0.01160	0.00028	0.98813
608 G	0.01160	0.00027	0.98812
609 A	0.01161	0.00027	0.98812
610 T	0.01163	0.00026	0.98811
611 T	0.01164	0.00025	0.98812
612 A	0.01165	0.00024	0.98811
613 A	0.01166	0.00024	0.9881
614 T	0.01167	0.00022	0.9881
615 T	0.01167	0.00021	0.98812
616 G	0.01167	0.00021	0.98812
617 T	0.01167	0.00020	0.98813
618 T	0.01167	0.00019	0.98813
619 G	0.01167	0.00020	0.98814
620 C	0.01166	0.00020	0.98814
621 T	0.01165	0.00022	0.98813
622 A	0.01164	0.00023	0.98813
623 A	0.01163	0.00024	0.98813
624 G	0.01163	0.00025	0.98813
625 T	0.01163	0.00025	0.98813
626 T	0.01162	0.00024	0.98813
627 A	0.01162	0.00024	0.98814
628 C	0.01162	0.00024	0.98814
629 A	0.01162	0.00024	0.98814
630 T	0.01162	0.00024	0.98815
631 C	0.01162	0.00023	0.98815
632 C	0.01163	0.00023	0.98815
633 A	0.01163	0.00022	0.98814
634 T	0.01166	0.00019	0.98814
635 G	0.01167	0.00018	0.98814
636 T	0.01170	0.00016	0.98814
637 C	0.01170	0.00015	0.98814
638 C	0.01171	0.00014	0.98814
639 T	0.01172	0.00014	0.98814
640 T	0.01172	0.00014	0.98814
641 T	0.01172	0.00014	0.98814
642 T	0.01172	0.00015	0.98813
643 T	0.01172	0.00015	0.98813
644 T	0.01171	0.00014	0.98815
645 A	0.01171	0.00014	0.98815
646 G	0.01171	0.00013	0.98817
647 C	0.01170	0.00013	0.98817
648 T	0.01169	0.00016	0.98814
649 A	0.01168	0.00018	0.98814
650 A	0.01168	0.00019	0.98814
651 A	0.01167	0.00020	0.98813
652 G	0.01166	0.00021	0.98813
653 C	0.01166	0.00021	0.98813
654 A	0.01166	0.00022	0.98812
655 G	0.01166	0.00023	0.9881
656 A	0.01166	0.00025	0.98809
657 T	0.01166	0.00025	0.98808
658 G	0.01166	0.00030	0.98804
659 T	0.01166	0.00031	0.98803
660 T	0.01163	0.00036	0.98802
661 G	0.01161	0.00038	0.98801
662 T	0.01160	0.00039	0.98801
663 C	0.01160	0.00040	0.98801
664 A	0.01159	0.00040	0.98801
665 C	0.01159	0.00040	0.98801
666 T	0.01158	0.00041	0.98801
667 T	0.01156	0.00043	0.98801
668 C	0.01135	0.00064	0.988
669 G	0.01107	0.00094	0.98799
670 A	0.01098	0.00103	0.98799
671 C	0.01095	0.00105	0.988
672 T	0.01093	0.00107	0.988
673 A	0.01091	0.00109	0.988
674 C	0.01090	0.00109	0.98802
675 T	0.01090	0.00109	0.98801
676 C	0.01086	0.00114	0.98801
677 A	0.01079	0.00125	0.98795
678 T	0.01065	0.00145	0.9879
679 A	0.01041	0.00173	0.98786
680 A	0.01032	0.00184	0.98784
681 A	0.01030	0.00187	0.98783
682 A	0.01028	0.00187	0.98785
683 C	0.01028	0.00183	0.98789
684 T	0.01025	0.00186	0.98788
685 C	0.00999	0.00214	0.98787
686 T	0.00976	0.00244	0.9878
687 A	0.00894	0.00337	0.98769
688 A	0.00839	0.00397	0.98764
689 G	0.00819	0.00417	0.98764
690 A	0.00807	0.00427	0.98767
691 G	0.00799	0.00410	0.98791
692 G	0.00794	0.00387	0.98819
693 T	0.00788	0.00383	0.98828
694 C	0.00776	0.00391	0.98833
695 C	0.00766	0.00400	0.98834
696 A	0.00750	0.00419	0.98831
697 A	0.00739	0.00432	0.98829
698 G	0.00733	0.00436	0.98831
699 G	0.00728	0.00439	0.98833
700 G	0.00724	0.00436	0.9884
701 G	0.00724	0.00416	0.9886
702 C	0.00723	0.00393	0.98885
703 G	0.00721	0.00390	0.98889
704 G	0.00720	0.00391	0.98889
705 A	0.00720	0.00397	0.98882
706 A	0.00722	0.00409	0.98869
707 T	0.00728	0.00407	0.98865
708 T	0.00731	0.00382	0.98886
709 A	0.00735	0.00359	0.98906
710 T	0.00742	0.00275	0.98983
711 T	0.00743	0.00232	0.99024
712 T	0.00740	0.00222	0.99039
713 T	0.00734	0.00223	0.99043
714 A	0.00717	0.00243	0.9904
715 A	0.00701	0.00265	0.99034
716 G	0.00690	0.00277	0.99033
717 T	0.00680	0.00301	0.99018
718 A	0.00653	0.00356	0.9899
719 A	0.00640	0.00400	0.98961
720 T	0.00624	0.00434	0.98942
721 A	0.00595	0.00479	0.98926
722 A	0.00570	0.00517	0.98913
723 T	0.00552	0.00541	0.98908
724 G	0.00512	0.00610	0.98878
725 A	0.00498	0.00666	0.98836
726 A	0.00486	0.00725	0.98789
727 G	0.00478	0.00797	0.98725
728 A	0.00481	0.00900	0.98619
729 A	0.00497	0.00990	0.98513
730 G	0.00504	0.01082	0.98414
731 T	0.00517	0.01124	0.98359
732 T	0.00519	0.01190	0.98291
733 A	0.00511	0.01269	0.9822
734 T	0.00507	0.01296	0.98196
735 G	0.00486	0.01337	0.98177
736 A	0.00476	0.01361	0.98163
737 A	0.00476	0.01356	0.98168
738 A	0.00487	0.01337	0.98176
739 A	0.00499	0.01318	0.98183
740 A	0.00525	0.01283	0.98192
741 A	0.00560	0.01225	0.98215
742 A	0.00602	0.01169	0.9823
743 T	0.00631	0.01119	0.9825
744 A	0.00636	0.01088	0.98275
745 A	0.00645	0.01054	0.98301
746 A	0.00654	0.01021	0.98325
747 C	0.00684	0.00950	0.98365
748 A	0.00721	0.00905	0.98375
749 A	0.00776	0.00839	0.98385
750 A	0.00858	0.00747	0.98395
751 G	0.00984	0.00617	0.98399
752 G	0.01110	0.00491	0.98399
753 T	0.01253	0.00343	0.98403
754 G	0.01308	0.00290	0.98401
755 T	0.01375	0.00225	0.984
756 T	0.01424	0.00168	0.98408
757 T	0.01438	0.00145	0.98416
758 T	0.01446	0.00121	0.98433
759 T	0.01452	0.00106	0.98442
760 C	0.01451	0.00102	0.98448
761 C	0.01440	0.00113	0.98447
762 A	0.01371	0.00189	0.9844
763 G	0.01341	0.00222	0.98437
764 G	0.01328	0.00241	0.98432
765 A	0.01328	0.00243	0.98429
766 A	0.01326	0.00246	0.98428
767 T	0.01326	0.00234	0.9844
768 T	0.01325	0.00230	0.98445
769 C	0.01323	0.00230	0.98447
770 A	0.01317	0.00237	0.98446
771 A	0.01310	0.00244	0.98446
772 G	0.01306	0.00249	0.98446
773 G	0.01304	0.00250	0.98446
774 G	0.01305	0.00249	0.98446
775 G	0.01309	0.00244	0.98448
776 G	0.01316	0.00236	0.98448
777 C	0.01325	0.00225	0.9845
778 C	0.01336	0.00214	0.9845
779 C	0.01340	0.00210	0.9845
780 T	0.01343	0.00208	0.98449
781 T	0.01344	0.00210	0.98447
782 T	0.01344	0.00214	0.98442
783 A	0.01340	0.00217	0.98443
784 A	0.01340	0.00207	0.98453
785 T	0.01345	0.00128	0.98527
786 G	0.01344	0.00096	0.9856
787 C	0.01348	0.00075	0.98576
788 A	0.01349	0.00086	0.98565
789 T	0.01348	0.00100	0.98551
790 G	0.01348	0.00115	0.98537
791 T	0.01349	0.00120	0.98531
792 T	0.01349	0.00123	0.98528
793 A	0.01349	0.00119	0.98533
794 T	0.01349	0.00111	0.9854
795 T	0.01348	0.00107	0.98544
796 G	0.01344	0.00109	0.98547
797 C	0.01339	0.00113	0.98548
798 T	0.01335	0.00117	0.98548
799 G	0.01324	0.00134	0.98543
800 C	0.01313	0.00148	0.98538
801 T	0.01301	0.00173	0.98526
802 A	0.01290	0.00187	0.98523
803 A	0.01284	0.00195	0.98521
804 A	0.01282	0.00198	0.98521
805 G	0.01284	0.00195	0.98522
806 C	0.01285	0.00189	0.98526
807 A	0.01280	0.00196	0.98524
808 G	0.01276	0.00199	0.98525
809 T	0.01278	0.00196	0.98526
810 A	0.01273	0.00203	0.98525
811 G	0.01280	0.00198	0.98522
812 C	0.01293	0.00188	0.98518
813 T	0.01303	0.00228	0.98468
814 T	0.01296	0.00324	0.9838
815 T	0.01271	0.00416	0.98313
816 T	0.01209	0.00522	0.98269
817 G	0.01117	0.00670	0.98213
818 A	0.01052	0.00779	0.98169
819 A	0.00982	0.00869	0.9815
820 G	0.00945	0.00903	0.98151
821 A	0.00932	0.00915	0.98153
822 A	0.00928	0.00910	0.98161
823 G	0.00930	0.00899	0.98171
824 C	0.00939	0.00879	0.98182
825 T	0.00941	0.00875	0.98184
826 T	0.00941	0.00878	0.98181
827 T	0.00940	0.00883	0.98177
828 A	0.00937	0.00891	0.98171
829 A	0.00936	0.00898	0.98166
830 A	0.00935	0.00899	0.98166
831 A	0.00935	0.00897	0.98168
832 G	0.00937	0.00900	0.98163
833 A	0.00941	0.00908	0.98151
834 A	0.00949	0.00905	0.98146
835 A	0.00969	0.00890	0.98141
836 A	0.01046	0.00808	0.98147
837 T	0.01178	0.00651	0.9817
838 T	0.01253	0.00539	0.98208
839 T	0.01283	0.00483	0.98233
840 T	0.01299	0.00448	0.98252
841 A	0.01303	0.00440	0.98256
842 A	0.01308	0.00415	0.98277
843 T	0.01307	0.00420	0.98273
844 A	0.01297	0.00489	0.98213
845 T	0.01296	0.00589	0.98115
846 T	0.01286	0.00655	0.98059
847 T	0.01238	0.00823	0.97939
848 A	0.01128	0.01036	0.97836
849 T	0.01077	0.01097	0.97826
850 C	0.01038	0.01149	0.97814
851 A	0.01017	0.01198	0.97784
852 A	0.01014	0.01204	0.97783
853 C	0.01019	0.01200	0.97782
854 A	0.01023	0.01198	0.97778
855 A	0.01031	0.01191	0.97778
856 C	0.01050	0.01172	0.97778
857 A	0.01062	0.01162	0.97777
858 A	0.01079	0.01145	0.97776
859 G	0.01104	0.01119	0.97776
860 T	0.01135	0.01089	0.97776
861 A	0.01154	0.01071	0.97775
862 T	0.01205	0.01016	0.97779
863 T	0.01232	0.00985	0.97784
864 A	0.01247	0.00969	0.97784
865 A	0.01261	0.00958	0.97782
866 A	0.01291	0.00923	0.97786
867 A	0.01353	0.00848	0.97799
868 A	0.01459	0.00719	0.97822
869 A	0.01535	0.00616	0.97849
870 T	0.01681	0.00402	0.97917
871 T	0.01781	0.00201	0.98018
872 C	0.01794	0.00136	0.9807
873 T	0.01807	0.00102	0.98091
874 C	0.01820	0.00078	0.98103
875 T	0.01823	0.00073	0.98104
876 T	0.01823	0.00071	0.98106
877 T	0.01824	0.00071	0.98106
878 C	0.01817	0.00075	0.98107
879 T	0.01810	0.00084	0.98106
880 T	0.01799	0.00092	0.98109
881 T	0.01774	0.00117	0.98109
882 A	0.01734	0.00158	0.98109
883 G	0.01718	0.00174	0.98109
884 C	0.01716	0.00172	0.98112
885 T	0.01717	0.00175	0.98108
886 G	0.01715	0.00181	0.98103
887 A	0.01720	0.00177	0.98103
888 T	0.01728	0.00168	0.98104
889 G	0.01730	0.00169	0.981
890 T	0.01734	0.00166	0.981
891 T	0.01734	0.00166	0.981
892 T	0.01734	0.00167	0.98099
893 T	0.01733	0.00170	0.98098
894 T	0.01730	0.00175	0.98095
895 G	0.01724	0.00182	0.98094
896 T	0.01720	0.00190	0.9809
897 T	0.01709	0.00207	0.98084
898 A	0.01698	0.00229	0.98073
899 A	0.01693	0.00236	0.98071
900 A	0.01689	0.00239	0.98072
901 T	0.01688	0.00229	0.98083
902 T	0.01687	0.00221	0.98092
903 A	0.01683	0.00215	0.98103
904 G	0.01679	0.00194	0.98127
905 G	0.01678	0.00168	0.98155
906 T	0.01676	0.00156	0.98168
907 C	0.01675	0.00155	0.9817
908 A	0.01679	0.00153	0.98169
909 T	0.01684	0.00147	0.98169
910 C	0.01687	0.00148	0.98165
911 G	0.01687	0.00171	0.98142
912 T	0.01688	0.00221	0.98091
913 T	0.01684	0.00381	0.97935
914 T	0.01668	0.00535	0.97797
915 A	0.01647	0.00741	0.97613
916 G	0.01623	0.00908	0.9747
917 T	0.01615	0.01007	0.97378
918 A	0.01598	0.01119	0.97283
919 A	0.01589	0.01179	0.97232
920 G	0.01558	0.01237	0.97205
921 T	0.01536	0.01334	0.9713
922 G	0.01463	0.01489	0.97048
923 G	0.01424	0.01618	0.96958
924 A	0.01406	0.01729	0.96866
925 A	0.01396	0.01745	0.96859
926 A	0.01389	0.01755	0.96857
927 A	0.01376	0.01769	0.96855
928 A	0.01373	0.01772	0.96855
929 C	0.01374	0.01772	0.96854
930 T	0.01375	0.01794	0.96831
931 G	0.01372	0.01828	0.968
932 A	0.01375	0.01847	0.96777
933 A	0.01383	0.01841	0.96775
934 A	0.01410	0.01815	0.96776
935 A	0.01476	0.01738	0.96785
936 T	0.01678	0.01521	0.96801
937 C	0.01824	0.01350	0.96826
938 A	0.02014	0.01155	0.9683
939 T	0.02185	0.00970	0.96845
940 T	0.02264	0.00897	0.96839
941 T	0.02317	0.00844	0.96839
942 A	0.02335	0.00834	0.9683
943 A	0.02367	0.00772	0.96861
944 T	0.02454	0.00666	0.9688
945 T	0.02526	0.00545	0.96928
946 T	0.02576	0.00518	0.96906
947 T	0.02590	0.00500	0.9691
948 A	0.02548	0.00547	0.96905
949 A	0.02530	0.00569	0.96901
950 T	0.02528	0.00557	0.96915
951 C	0.02522	0.00560	0.96917
952 G	0.02525	0.00588	0.96888
953 A	0.02544	0.00597	0.96859
954 T	0.02562	0.00595	0.96843
955 T	0.02549	0.00627	0.96825
956 T	0.02464	0.00735	0.96801
957 A	0.02296	0.00945	0.96758
958 A	0.02145	0.01146	0.9671
959 A	0.02060	0.01255	0.96685
960 A	0.02042	0.01293	0.96665
961 T	0.02044	0.01311	0.96646
962 A	0.02022	0.01423	0.96555
963 T	0.02018	0.01512	0.9647
964 A	0.01921	0.01808	0.96271
965 A	0.01900	0.01961	0.96139
966 A	0.01903	0.01961	0.96136
967 T	0.01928	0.01922	0.96149
968 A	0.01939	0.01890	0.96171
969 T	0.01985	0.01798	0.96218
970 C	0.01987	0.01749	0.96264
971 C	0.01997	0.01725	0.96278
972 T	0.02011	0.01723	0.96266
973 A	0.02016	0.01738	0.96246
974 A	0.02024	0.01737	0.9624
975 T	0.02057	0.01707	0.96236
976 T	0.02081	0.01687	0.96232
977 T	0.02096	0.01669	0.96235
978 A	0.02088	0.01711	0.96202
979 A	0.02098	0.01690	0.96212
980 A	0.02127	0.01537	0.96336
981 T	0.02169	0.01363	0.96469
982 G	0.02183	0.01275	0.96542
983 G	0.02204	0.01270	0.96527
984 A	0.02233	0.01274	0.96493
985 A	0.02333	0.01186	0.96481
986 A	0.02427	0.01101	0.96472
987 A	0.02632	0.00830	0.96539
988 T	0.02768	0.00670	0.96562
989 T	0.02771	0.00677	0.96551
990 A	0.02764	0.00735	0.965
991 G	0.02766	0.00728	0.96505
992 C	0.02772	0.00720	0.96508
993 T	0.02782	0.00745	0.96473
994 T	0.02787	0.00829	0.96383
995 C	0.02793	0.00894	0.96314
996 T	0.02785	0.01160	0.96054
997 G	0.02650	0.01336	0.96014
998 A	0.02578	0.01432	0.95989
999 A	0.02520	0.01513	0.95966
1000 G	0.02529	0.01514	0.95957
1001 C	0.02598	0.01433	0.95969
1002 T	0.02682	0.01352	0.95966
1003 T	0.02699	0.01342	0.95959
1004 T	0.02687	0.01363	0.9595
1005 A	0.02622	0.01451	0.95927
1006 C	0.02565	0.01537	0.95899
1007 A	0.02518	0.01637	0.95845
1008 A	0.02476	0.01738	0.95786
1009 A	0.02459	0.01770	0.95771
1010 A	0.02465	0.01766	0.95768
1011 A	0.02440	0.01794	0.95767
1012 G	0.02431	0.01798	0.95771
1013 C	0.02478	0.01746	0.95777
1014 C	0.02487	0.01761	0.95753
1015 A	0.02504	0.01815	0.9568
1016 A	0.02570	0.01780	0.9565
1017 T	0.02685	0.01695	0.9562
1018 A	0.02752	0.01653	0.95594
1019 T	0.02979	0.01411	0.9561
1020 T	0.03017	0.01244	0.95739
1021 A	0.03033	0.01167	0.95799
1022 T	0.03052	0.01076	0.95872
1023 T	0.03060	0.01034	0.95905
1024 G	0.03065	0.01026	0.9591
1025 T	0.03075	0.01016	0.95909
1026 T	0.03084	0.01009	0.95907
1027 A	0.03083	0.01016	0.959
1028 A	0.03098	0.00950	0.95953
1029 T	0.03123	0.00885	0.95991
1030 A	0.03095	0.00900	0.96006
1031 A	0.03100	0.00878	0.96022
1032 A	0.03100	0.00867	0.96032
1033 A	0.03099	0.00880	0.96022
1034 A	0.03107	0.00895	0.95998
1035 T	0.03155	0.00854	0.95992
1036 G	0.03164	0.00912	0.95924
1037 T	0.03196	0.01014	0.95791
1038 T	0.03219	0.01036	0.95744
1039 A	0.03219	0.01049	0.95732
1040 T	0.03240	0.01030	0.95731
1041 T	0.03260	0.01010	0.9573
1042 C	0.03261	0.01010	0.9573
1043 C	0.03269	0.01002	0.9573
1044 T	0.03267	0.01007	0.95726
1045 T	0.03225	0.01055	0.9572
1046 T	0.03099	0.01193	0.95708
1047 C	0.02705	0.01609	0.95687
1048 G	0.02548	0.01856	0.95596
1049 A	0.02424	0.02053	0.95524
1050 T	0.02356	0.02159	0.95486
1051 A	0.02210	0.02411	0.95378
1052 A	0.02170	0.02489	0.95341
1053 A	0.02112	0.02548	0.95339
1054 G	0.02062	0.02654	0.95285
1055 A	0.02060	0.02696	0.95244
1056 A	0.02067	0.02719	0.95214
1057 A	0.02125	0.02659	0.95216
1058 A	0.02176	0.02602	0.95222
1059 A	0.02257	0.02503	0.9524
1060 G	0.02403	0.02338	0.95259
1061 C	0.02463	0.02257	0.9528
1062 T	0.02493	0.02264	0.95243
1063 T	0.02500	0.02295	0.95206
1064 T	0.02497	0.02353	0.95151
1065 T	0.02486	0.02446	0.95068
1066 A	0.02460	0.02493	0.95047
1067 A	0.02451	0.02480	0.95069
1068 A	0.02449	0.02437	0.95114
1069 A	0.02468	0.02240	0.95292
1070 C	0.02506	0.01794	0.95699
1071 T	0.02609	0.01593	0.95798
1072 A	0.02668	0.01480	0.95852
1073 G	0.02710	0.01430	0.9586
1074 T	0.02825	0.01317	0.95858
1075 G	0.02859	0.01390	0.9575
1076 G	0.02913	0.01308	0.95779
1077 T	0.03003	0.01233	0.95764
1078 A	0.03031	0.01250	0.95719
1079 T	0.03050	0.01278	0.95673
1080 C	0.02918	0.01486	0.95596
1081 A	0.02887	0.01804	0.95309
1082 G	0.02876	0.02052	0.95072
1083 A	0.02869	0.02536	0.94595
1084 A	0.02876	0.02881	0.94242
1085 T	0.02934	0.03029	0.94037
1086 A	0.02935	0.03355	0.93711
1087 G	0.02925	0.03425	0.9365
1088 G	0.02947	0.03531	0.93522
1089 A	0.02863	0.03651	0.93486
1090 A	0.02847	0.03667	0.93485
1091 C	0.02863	0.03643	0.93493
1092 T	0.02872	0.03639	0.93489
1093 C	0.02836	0.03674	0.9349
1094 C	0.02816	0.03697	0.93487
1095 A	0.02839	0.03682	0.93479
1096 G	0.02881	0.03645	0.93475
1097 C	0.02981	0.03552	0.93467
1098 A	0.03097	0.03475	0.93428
1099 A	0.03179	0.03402	0.93419
1100 T	0.03289	0.03285	0.93426
1101 G	0.03301	0.03265	0.93434
1102 A	0.03310	0.03249	0.93442
1103 C	0.03288	0.03129	0.93583
1104 C	0.03382	0.03015	0.93603
1105 A	0.03401	0.03048	0.9355
1106 C	0.03659	0.02863	0.93479
1107 A	0.03751	0.02926	0.93323
1108 A	0.03725	0.03018	0.93256
1109 G	0.03889	0.02863	0.93248
1110 A	0.03865	0.02864	0.9327
1111 G	0.03983	0.02717	0.933
1112 G	0.04051	0.02526	0.93423
1113 T	0.04093	0.02423	0.93484
1114 T	0.04086	0.02399	0.93515
1115 T	0.03981	0.02520	0.93499
1116 T	0.03826	0.02738	0.93435
1117 C	0.03468	0.03193	0.93338
1118 A	0.03128	0.03753	0.93119
1119 A	0.02951	0.04189	0.9286
1120 G	0.02875	0.04453	0.92672
1121 A	0.02855	0.04649	0.92496
1122 A	0.02837	0.04735	0.92427
1123 A	0.02822	0.04765	0.92413
1124 A	0.02818	0.04715	0.92467
1125 A	0.02811	0.04634	0.92556
1126 G	0.02816	0.04463	0.92721
1127 A	0.02840	0.04291	0.92869
1128 A	0.02918	0.04025	0.93057
1129 T	0.03035	0.03712	0.93253
1130 T	0.03175	0.03401	0.93425
1131 T	0.03212	0.03226	0.93561
1132 A	0.03188	0.03205	0.93607
1133 T	0.03199	0.03141	0.93659
1134 T	0.03190	0.03216	0.93593
1135 G	0.03162	0.03450	0.93388
1136 A	0.03148	0.03694	0.93159
1137 A	0.03161	0.03832	0.93007
1138 G	0.03218	0.03597	0.93184
1139 T	0.03406	0.03233	0.93361
1140 T	0.03556	0.02795	0.93649
1141 G	0.03694	0.02419	0.93886
1142 C	0.03908	0.02085	0.94007
1143 T	0.04093	0.01908	0.94
1144 T	0.04214	0.01847	0.93939
1145 A	0.04241	0.01897	0.93863
1146 T	0.04275	0.01954	0.93771
1147 T	0.04245	0.02193	0.93562
1148 T	0.04153	0.02415	0.93432
1149 A	0.03915	0.02794	0.93291
1150 A	0.03672	0.03185	0.93143
1151 T	0.03533	0.03326	0.93142
1152 A	0.03365	0.03499	0.93136
1153 G	0.03231	0.03634	0.93135
1154 A	0.03134	0.03741	0.93126
1155 C	0.03093	0.03750	0.93157
1156 G	0.03044	0.03962	0.92993
1157 A	0.03037	0.04141	0.92822
1158 A	0.03241	0.04105	0.92654
1159 A	0.03455	0.04047	0.92498
1160 T	0.03642	0.03966	0.92392
1161 T	0.03587	0.04155	0.92259
1162 T	0.03410	0.04854	0.91737
1163 T	0.03187	0.05917	0.90897
1164 A	0.02671	0.07682	0.89647
1165 A	0.02370	0.08442	0.89188
1166 A	0.02271	0.08757	0.88972
1167 T	0.02303	0.08872	0.88825
1168 G	0.02320	0.08923	0.88757
1169 A	0.02435	0.08845	0.8872
1170 T	0.02668	0.08543	0.88789
1171 T	0.02760	0.08357	0.88883
1172 A	0.02794	0.08143	0.89063
1173 T	0.02879	0.07830	0.89291
1174 C	0.02817	0.07734	0.89449
1175 A	0.02751	0.07782	0.89467
1176 A	0.02702	0.07799	0.89499
1177 A	0.02703	0.07731	0.89566
1178 A	0.02703	0.07669	0.89628
1179 T	0.02850	0.07425	0.89725
1180 G	0.02953	0.07186	0.89861
1181 A	0.03083	0.07035	0.89882
1182 A	0.03256	0.06831	0.89914
1183 G	0.03410	0.06607	0.89983
1184 A	0.03629	0.06284	0.90088
1185 G	0.04262	0.05520	0.90218
1186 G	0.05211	0.04661	0.90128
1187 T	0.06574	0.03643	0.89782
1188 T	0.06909	0.04244	0.88847
1189 A	0.06822	0.05188	0.8799
1190 T	0.06645	0.06399	0.86956
1191 T	0.05732	0.08301	0.85966
1192 G	0.04529	0.10229	0.85242
1193 A	0.03024	0.12810	0.84166
1194 A	0.02396	0.13967	0.83637
1195 A	0.02177	0.14373	0.8345
1196 A	0.01851	0.14882	0.83267
1197 A	0.01683	0.15092	0.83225
1198 G	0.01625	0.15121	0.83254
1199 T	0.01563	0.15256	0.83181
1200 A	0.01474	0.15374	0.83152
1201 A	0.01434	0.15408	0.83159
1202 G	0.01417	0.15397	0.83186
1203 A	0.01419	0.15370	0.83211
1204 C	0.01448	0.15304	0.83248
1205 A	0.01505	0.15279	0.83217
1206 A	0.01585	0.15248	0.83167
1207 A	0.01743	0.15159	0.83098
1208 A	0.02000	0.14972	0.83027
1209 A	0.02455	0.14522	0.83024
1210 G	0.03381	0.13479	0.8314
1211 T	0.04861	0.11764	0.83375
1212 A	0.05821	0.10448	0.83731
1213 T	0.07179	0.08557	0.84264
1214 T	0.08138	0.06534	0.85328
1215 A	0.08639	0.05145	0.86215
1216 T	0.09405	0.03147	0.87447
1217 T	0.09792	0.02260	0.87948
1218 A	0.09892	0.01972	0.88136
1219 T	0.10052	0.01484	0.88465
1220 T	0.10113	0.01291	0.88596
1221 A	0.10065	0.01297	0.88639
1222 G	0.10062	0.01243	0.88695
1223 T	0.10056	0.01280	0.88665
1224 T	0.09867	0.01748	0.88385
1225 A	0.09275	0.03435	0.8729
1226 A	0.08880	0.04846	0.86274
1227 T	0.08639	0.06030	0.85331
1228 A	0.08008	0.08381	0.83612
1229 A	0.07724	0.09458	0.82819
1230 A	0.07461	0.09897	0.82642
1231 T	0.07247	0.10128	0.82624
1232 T	0.06956	0.10430	0.82614
1233 T	0.06403	0.10993	0.82605
1234 C	0.05855	0.11552	0.82593
1235 C	0.05592	0.11839	0.82569
1236 T	0.05446	0.12024	0.8253
1237 A	0.05135	0.12381	0.82485
1238 T	0.05131	0.12392	0.82477
1239 T	0.05104	0.12424	0.82473
1240 T	0.05041	0.12489	0.8247
1241 A	0.04993	0.12520	0.82487
1242 T	0.04987	0.12502	0.82511
1243 A	0.04997	0.12470	0.82533
1244 A	0.05024	0.12384	0.82592
1245 A	0.05080	0.12236	0.82684
1246 A	0.05227	0.12010	0.82763
1247 A	0.05556	0.11467	0.82976
1248 A	0.06646	0.09841	0.83513
1249 A	0.07769	0.08305	0.83926
1250 A	0.08841	0.06921	0.84238
1251 T	0.10504	0.04593	0.84903
1252 A	0.11104	0.03630	0.85266
1253 A	0.11301	0.03001	0.85699
1254 T	0.11401	0.02413	0.86186
1255 T	0.11457	0.01946	0.86597
1256 T	0.11488	0.01390	0.87122
1257 T	0.11514	0.00892	0.87594
1258 T	0.11533	0.00621	0.87846
1259 A	0.11549	0.00425	0.88026
1260 G	0.11587	0.00000	0.88413
