# tr|Q2NJ35|Q2NJ35_AYWBP
# AA	inside	membr	outside
1 M	0.99880	0.00000	0.00121
2 T	0.99880	0.00000	0.00121
3 K	0.99880	0.00000	0.00121
4 N	0.99880	0.00000	0.00121
5 K	0.99880	0.00000	0.00121
6 L	0.99880	0.00000	0.00121
7 I	0.99880	0.00000	0.00121
8 N	0.99880	0.00000	0.00121
9 K	0.99880	0.00000	0.00121
10 K	0.99880	0.00000	0.00121
11 D	0.99880	0.00000	0.00121
12 K	0.99692	0.00188	0.0012
13 I	0.87967	0.11914	0.00119
14 S	0.87964	0.11917	0.00119
15 R	0.87964	0.11926	0.0011
16 F	0.84530	0.15360	0.0011
17 V	0.71428	0.28465	0.00107
18 L	0.71392	0.28502	0.00107
19 E	0.71052	0.28842	0.00107
20 G	0.41340	0.58571	0.00089
21 N	0.16889	0.83022	0.00089
22 L	0.11820	0.88098	0.00082
23 L	0.10882	0.89038	0.0008
24 K	0.10579	0.89343	0.00079
25 A	0.06702	0.93235	0.00063
26 L	0.05363	0.94579	0.00058
27 W	0.04673	0.95271	0.00056
28 I	0.03729	0.96215	0.00056
29 I	0.03261	0.96684	0.00056
30 S	0.03095	0.96840	0.00065
31 F	0.02712	0.97157	0.00131
32 P	0.02490	0.97249	0.00261
33 I	0.00420	0.99286	0.00294
34 V	0.00202	0.99404	0.00395
35 V	0.00166	0.98885	0.00949
36 F	0.00138	0.87680	0.12182
37 N	0.00135	0.85769	0.14095
38 V	0.00136	0.84818	0.15047
39 F	0.00137	0.78493	0.21371
40 K	0.00159	0.37020	0.62821
41 A	0.00156	0.35041	0.64803
42 C	0.00155	0.33041	0.66804
43 F	0.00156	0.28649	0.71196
44 G	0.00161	0.15658	0.84181
45 S	0.00173	0.12113	0.87715
46 V	0.00175	0.11051	0.88774
47 D	0.00178	0.10248	0.89574
48 T	0.00179	0.08051	0.91771
49 F	0.00179	0.07355	0.92466
50 F	0.00179	0.06792	0.93029
51 A	0.00179	0.05209	0.94612
52 A	0.00180	0.04053	0.95767
53 G	0.00180	0.03538	0.96282
54 L	0.00180	0.03019	0.96801
55 P	0.00181	0.02267	0.97553
56 E	0.00181	0.00123	0.99696
57 G	0.00181	0.00045	0.99774
58 V	0.00181	0.00038	0.9978
59 Q	0.00182	0.00028	0.9979
60 S	0.00182	0.00026	0.99792
61 Y	0.00182	0.00032	0.99786
62 I	0.00182	0.00091	0.99728
63 Q	0.00184	0.00112	0.99704
64 F	0.00184	0.00183	0.99632
65 S	0.00184	0.00465	0.99351
66 K	0.00185	0.01510	0.98305
67 S	0.00185	0.08189	0.91626
68 A	0.00185	0.15897	0.83917
69 Q	0.00185	0.27675	0.72139
70 S	0.00185	0.73000	0.26815
71 I	0.00185	0.97931	0.01884
72 V	0.00185	0.98711	0.01104
73 E	0.00185	0.99283	0.00532
74 A	0.00185	0.99659	0.00157
75 V	0.00185	0.99803	0.00013
76 G	0.00185	0.99808	7e-05
77 V	0.00185	0.99809	6e-05
78 C	0.00185	0.99809	6e-05
79 L	0.00185	0.99809	6e-05
80 G	0.00185	0.99809	6e-05
81 I	0.00186	0.99808	6e-05
82 T	0.00188	0.99806	6e-05
83 G	0.00188	0.99806	6e-05
84 V	0.00191	0.99803	6e-05
85 A	0.00410	0.99584	6e-05
86 L	0.00856	0.99138	6e-05
87 I	0.02730	0.97264	6e-05
88 S	0.15701	0.84293	6e-05
89 R	0.57382	0.42612	6e-05
90 E	0.64238	0.35755	6e-05
91 V	0.64646	0.35347	6e-05
92 G	0.65079	0.34915	6e-05
93 K	0.98100	0.01893	6e-05
94 N	0.99989	0.00004	6e-05
95 K	0.99993	0.00000	6e-05
96 N	0.99993	0.00000	6e-05
97 I	0.99993	0.00000	6e-05
98 K	0.99993	0.00000	6e-05
99 S	0.99993	0.00001	6e-05
100 L	0.99991	0.00002	6e-05
101 K	0.99991	0.00003	6e-05
102 A	0.99987	0.00007	6e-05
103 R	0.99979	0.00014	6e-05
104 K	0.99761	0.00232	6e-05
105 I	0.57030	0.42965	4e-05
106 A	0.54121	0.45874	4e-05
107 S	0.49959	0.50037	4e-05
108 S	0.35231	0.64765	3e-05
109 V	0.03083	0.96914	3e-05
110 F	0.00864	0.99133	2e-05
111 V	0.00464	0.99534	2e-05
112 L	0.00219	0.99779	2e-05
113 L	0.00020	0.99978	2e-05
114 F	0.00001	0.99999	0
115 V	0.00000	1.00000	0
116 V	0.00000	1.00000	0
117 S	0.00000	1.00000	0
118 L	0.00000	1.00000	0
119 I	0.00000	1.00000	0
120 V	0.00000	1.00000	0
121 A	0.00000	0.99999	1e-05
122 C	0.00000	0.99997	3e-05
123 V	0.00000	0.99991	8e-05
124 M	0.00000	0.99978	0.00022
125 I	0.00000	0.99904	0.00095
126 G	0.00000	0.99438	0.00561
127 F	0.00000	0.98489	0.01511
128 S	0.00001	0.45455	0.54544
129 S	0.00001	0.37578	0.62421
130 P	0.00001	0.33397	0.66601
131 I	0.00001	0.27693	0.72306
132 C	0.00002	0.03257	0.96741
133 G	0.00002	0.01871	0.98127
134 L	0.00002	0.01449	0.98549
135 F	0.00002	0.01091	0.98907
136 L	0.00002	0.00681	0.99316
137 K	0.00007	0.00159	0.99834
138 E	0.00007	0.00013	0.9998
139 K	0.00007	0.00006	0.99988
140 L	0.00007	0.00005	0.99989
141 I	0.00007	0.00003	0.99991
142 N	0.00007	0.00002	0.99992
143 G	0.00007	0.00001	0.99993
144 V	0.00007	0.00001	0.99993
145 S	0.00007	0.00000	0.99993
146 M	0.00007	0.00000	0.99993
147 P	0.00007	0.00000	0.99993
148 I	0.00007	0.00001	0.99993
149 T	0.00007	0.00000	0.99993
150 T	0.00007	0.00000	0.99993
151 E	0.00007	0.00000	0.99993
152 E	0.00007	0.00001	0.99993
153 K	0.00007	0.00002	0.99991
154 N	0.00007	0.00601	0.99392
155 L	0.00007	0.13152	0.86842
156 C	0.00006	0.15800	0.84194
157 I	0.00002	0.27088	0.72911
158 N	0.00002	0.29638	0.7036
159 A	0.00002	0.59982	0.40016
160 F	0.00002	0.77821	0.22178
161 R	0.00002	0.80431	0.19567
162 L	0.00001	0.94016	0.05983
163 Q	0.00001	0.95545	0.04454
164 M	0.00001	0.97481	0.02517
165 L	0.00001	0.99187	0.00811
166 G	0.00001	0.99465	0.00534
167 T	0.00001	0.99914	0.00086
168 I	0.00001	0.99951	0.00048
169 L	0.00001	0.99955	0.00043
170 A	0.00001	0.99956	0.00043
171 A	0.00001	0.99956	0.00043
172 I	0.00001	0.99956	0.00043
173 N	0.00002	0.99955	0.00043
174 V	0.00003	0.99954	0.00043
175 F	0.00008	0.99949	0.00043
176 F	0.00044	0.99913	0.00043
177 L	0.07150	0.92807	0.00043
178 G	0.50401	0.49556	0.00043
179 T	0.73468	0.26488	0.00043
180 E	0.82797	0.17155	0.00048
181 R	0.83111	0.16840	0.00048
182 I	0.83206	0.16746	0.00048
183 L	0.84546	0.15406	0.00048
184 G	0.86528	0.13424	0.00048
185 K	0.99805	0.00147	0.00048
186 L	0.99492	0.00459	0.00048
187 K	0.99524	0.00427	0.00048
188 K	0.98648	0.01310	0.00042
189 I	0.59160	0.40823	0.00017
190 L	0.30159	0.69825	0.00016
191 V	0.02334	0.97651	0.00015
192 L	0.01633	0.98353	0.00014
193 N	0.01595	0.98394	0.00011
194 C	0.01556	0.98434	0.0001
195 I	0.01461	0.98530	8e-05
196 M	0.00949	0.99044	7e-05
197 M	0.00560	0.99433	7e-05
198 G	0.00347	0.99646	7e-05
199 L	0.00164	0.99829	7e-05
200 K	0.00143	0.99850	8e-05
201 I	0.00082	0.99911	8e-05
202 G	0.00075	0.99917	8e-05
203 L	0.00073	0.99918	9e-05
204 S	0.00072	0.99869	0.00059
205 T	0.00072	0.99855	0.00073
206 L	0.00071	0.99832	0.00096
207 C	0.00072	0.99467	0.00461
208 F	0.00072	0.96874	0.03054
209 G	0.00073	0.71857	0.28069
210 I	0.00076	0.68060	0.31864
211 K	0.00100	0.55820	0.44079
212 G	0.00104	0.53535	0.4636
213 I	0.00104	0.32991	0.66904
214 G	0.00105	0.03687	0.96207
215 L	0.00105	0.02520	0.97375
216 E	0.00111	0.02110	0.97779
217 A	0.00111	0.02114	0.97775
218 L	0.00110	0.01911	0.97979
219 C	0.00109	0.00628	0.99263
220 P	0.00106	0.00768	0.99127
221 N	0.00097	0.01260	0.98644
222 V	0.00052	0.25346	0.74602
223 L	0.00023	0.88543	0.11433
224 G	0.00022	0.93275	0.06704
225 L	0.00021	0.98000	0.01979
226 Q	0.00021	0.98338	0.01641
227 T	0.00019	0.98935	0.01046
228 A	0.00016	0.99634	0.00351
229 S	0.00014	0.99702	0.00285
230 C	0.00013	0.99764	0.00222
231 L	0.00012	0.99830	0.00157
232 A	0.00012	0.99843	0.00145
233 Y	0.00012	0.99931	0.00057
234 L	0.00013	0.99958	0.00029
235 S	0.00018	0.99955	0.00027
236 I	0.00026	0.99951	0.00023
237 T	0.00039	0.99939	0.00022
238 M	0.00047	0.99933	0.0002
239 V	0.00052	0.99928	0.00019
240 A	0.00155	0.99825	0.0002
241 F	0.00235	0.99744	0.00021
242 F	0.00706	0.99271	0.00023
243 T	0.04269	0.95702	0.00028
244 L	0.05818	0.94144	0.00038
245 F	0.29936	0.69985	0.00079
246 N	0.94399	0.05486	0.00115
247 K	0.99263	0.00618	0.00119
248 K	0.99650	0.00231	0.00119
249 N	0.99656	0.00225	0.00119
250 P	0.99656	0.00225	0.00119
251 L	0.99655	0.00226	0.00119
252 F	0.99658	0.00223	0.00119
253 L	0.99687	0.00194	0.00119
254 S	0.99734	0.00146	0.0012
255 L	0.99739	0.00142	0.0012
256 G	0.99836	0.00044	0.0012
257 D	0.99869	0.00012	0.0012
258 F	0.99869	0.00012	0.0012
259 S	0.99869	0.00011	0.0012
260 F	0.99869	0.00011	0.0012
261 K	0.99871	0.00010	0.0012
262 T	0.99871	0.00010	0.0012
263 F	0.99871	0.00010	0.0012
264 L	0.99870	0.00010	0.0012
265 Q	0.99869	0.00009	0.00122
266 D	0.99866	0.00008	0.00126
267 K	0.99816	0.00056	0.00128
268 K	0.99309	0.00563	0.00128
269 L	0.96443	0.03430	0.00126
270 L	0.95276	0.04598	0.00126
271 K	0.94806	0.05067	0.00126
272 T	0.89930	0.09944	0.00126
273 I	0.74596	0.25279	0.00125
274 L	0.70593	0.29282	0.00125
275 K	0.69458	0.30416	0.00125
276 L	0.11194	0.88681	0.00124
277 S	0.09446	0.90429	0.00124
278 I	0.08267	0.91608	0.00124
279 T	0.07966	0.91909	0.00124
280 L	0.06860	0.93015	0.00124
281 T	0.06583	0.93293	0.00124
282 L	0.06535	0.93340	0.00124
283 G	0.06511	0.93364	0.00125
284 K	0.06497	0.93367	0.00136
285 F	0.06325	0.93539	0.00136
286 I	0.06320	0.93535	0.00145
287 Y	0.06316	0.93107	0.00577
288 E	0.06316	0.91257	0.02426
289 G	0.06313	0.90732	0.02956
290 G	0.06311	0.89770	0.03919
291 R	0.06311	0.87934	0.05755
292 M	0.06306	0.86729	0.06964
293 F	0.06303	0.85601	0.08095
294 T	0.06302	0.84244	0.09454
295 L	0.06302	0.79907	0.13791
296 F	0.06303	0.65585	0.28112
297 M	0.06303	0.61121	0.32577
298 V	0.06303	0.58028	0.35669
299 D	0.06303	0.01407	0.9229
300 S	0.06303	0.01061	0.92636
301 T	0.06303	0.00960	0.92737
302 Y	0.06303	0.00833	0.92864
303 D	0.06303	0.00084	0.93613
304 K	0.06303	0.00024	0.93673
305 P	0.06303	0.00065	0.93632
306 F	0.06303	0.00109	0.93588
307 L	0.06302	0.00144	0.93554
308 A	0.06302	0.00188	0.9351
309 G	0.06302	0.00215	0.93483
310 T	0.06302	0.00417	0.93281
311 P	0.06302	0.00511	0.93187
312 F	0.06299	0.00719	0.92981
313 E	0.06299	0.00811	0.92889
314 F	0.06282	0.01570	0.92148
315 K	0.06281	0.02263	0.91456
316 G	0.06212	0.10891	0.82897
317 L	0.06177	0.24077	0.69746
318 G	0.06168	0.87001	0.06831
319 G	0.06165	0.89117	0.04719
320 L	0.06163	0.91194	0.02643
321 G	0.06163	0.92717	0.0112
322 A	0.06163	0.93325	0.00512
323 I	0.06164	0.93780	0.00057
324 G	0.06167	0.93795	0.00039
325 V	0.06177	0.93791	0.00033
326 A	0.06210	0.93760	0.0003
327 D	0.06259	0.93711	0.0003
328 S	0.06269	0.93704	0.00028
329 I	0.06275	0.93705	0.0002
330 I	0.06289	0.93694	0.00017
331 T	0.06323	0.93661	0.00015
332 L	0.06350	0.93635	0.00015
333 F	0.06555	0.93429	0.00015
334 A	0.06874	0.93109	0.00018
335 Q	0.07661	0.92317	0.00022
336 I	0.07806	0.92171	0.00024
337 S	0.09695	0.90252	0.00052
338 F	0.11219	0.88724	0.00057
339 S	0.20259	0.79619	0.00122
340 L	0.33871	0.65983	0.00147
341 K	0.98845	0.01000	0.00155
342 E	0.99617	0.00228	0.00155
343 G	0.99708	0.00137	0.00155
344 Q	0.99811	0.00034	0.00155
345 L	0.99817	0.00028	0.00155
346 M	0.99822	0.00023	0.00155
347 I	0.99823	0.00022	0.00155
348 V	0.99826	0.00019	0.00155
349 S	0.99837	0.00008	0.00155
350 E	0.99839	0.00006	0.00155
351 N	0.99840	0.00006	0.00155
352 L	0.99842	0.00003	0.00155
353 G	0.99844	0.00001	0.00155
354 N	0.99845	0.00000	0.00155
355 K	0.99845	0.00000	0.00155
356 N	0.99845	0.00001	0.00155
357 N	0.99842	0.00003	0.00155
358 K	0.99814	0.00032	0.00155
359 R	0.97216	0.02640	0.00144
360 A	0.65628	0.34262	0.00109
361 I	0.30615	0.69308	0.00077
362 K	0.29702	0.70223	0.00075
363 T	0.24460	0.75496	0.00044
364 L	0.03685	0.96307	8e-05
365 I	0.00558	0.99441	1e-05
366 L	0.00264	0.99735	1e-05
367 T	0.00238	0.99761	0
368 S	0.00102	0.99898	0
369 L	0.00026	0.99974	0
370 C	0.00014	0.99986	0
371 C	0.00005	0.99995	0
372 F	0.00001	0.99998	0
373 L	0.00001	0.99999	0
374 V	0.00001	0.99999	0
375 F	0.00001	0.99999	0
376 A	0.00001	0.99998	1e-05
377 V	0.00001	0.99996	3e-05
378 M	0.00002	0.99924	0.00074
379 Y	0.00002	0.99716	0.00282
380 L	0.00003	0.98903	0.01094
381 I	0.00009	0.96994	0.02997
382 C	0.00034	0.84758	0.15208
383 A	0.00088	0.50371	0.49541
384 P	0.00149	0.04391	0.9546
385 K	0.00154	0.01322	0.98524
386 E	0.00155	0.00973	0.98872
387 Y	0.00154	0.00976	0.9887
388 W	0.00154	0.00736	0.9911
389 G	0.00154	0.00596	0.99249
390 L	0.00154	0.00546	0.993
391 G	0.00154	0.00359	0.99487
392 F	0.00154	0.00273	0.99573
393 G	0.00154	0.00228	0.99617
394 D	0.00154	0.00212	0.99634
395 D	0.00154	0.00211	0.99635
396 L	0.00154	0.00210	0.99636
397 C	0.00154	0.00210	0.99636
398 L	0.00154	0.00210	0.99636
399 F	0.00154	0.00210	0.99636
400 F	0.00154	0.00210	0.99636
401 K	0.00155	0.00210	0.99636
402 N	0.00156	0.00209	0.99636
403 L	0.00157	0.00208	0.99636
404 G	0.00164	0.00201	0.99636
405 K	0.00311	0.00053	0.99636
406 A	0.00332	0.00032	0.99636
407 E	0.00363	0.00001	0.99637
408 K	0.00364	0.00000	0.99637
409 D	0.00364	0.00000	0.99637
410 Q	0.00364	0.00000	0.99637
411 M	0.00364	0.00000	0.99637
412 T	0.00364	0.00000	0.99637
413 L	0.00364	0.00000	0.99637
414 N	0.00364	0.00000	0.99636
415 M	0.00364	0.00002	0.99635
416 L	0.00364	0.00003	0.99634
417 H	0.00364	0.00003	0.99633
418 E	0.00364	0.00004	0.99633
419 K	0.00363	0.00009	0.99628
420 N	0.00361	0.00094	0.99545
421 P	0.00350	0.00363	0.99286
422 G	0.00329	0.01500	0.98171
423 F	0.00321	0.03202	0.96477
424 K	0.00316	0.03475	0.96209
425 S	0.00171	0.17680	0.8215
426 F	0.00116	0.49130	0.50755
427 L	0.00064	0.65091	0.34845
428 L	0.00042	0.69659	0.30299
429 G	0.00036	0.94280	0.05685
430 A	0.00036	0.97467	0.02497
431 L	0.00035	0.98440	0.01525
432 L	0.00035	0.99317	0.00648
433 T	0.00035	0.99443	0.00521
434 T	0.00035	0.99549	0.00415
435 G	0.00035	0.99559	0.00406
436 L	0.00035	0.99570	0.00395
437 L	0.00036	0.99571	0.00393
438 T	0.00073	0.99534	0.00393
439 T	0.00183	0.99422	0.00395
440 Q	0.00360	0.99242	0.00398
441 L	0.00379	0.99221	0.00399
442 E	0.00431	0.99166	0.00403
443 V	0.00442	0.99153	0.00406
444 F	0.00559	0.99014	0.00428
445 S	0.03057	0.96435	0.00507
446 T	0.07771	0.91714	0.00515
447 F	0.08813	0.90668	0.00519
448 L	0.21196	0.78231	0.00573
449 I	0.47543	0.51841	0.00616
450 A	0.63446	0.35881	0.00672
451 A	0.67557	0.31734	0.00709
452 K	0.98145	0.01134	0.00721
453 Q	0.99209	0.00070	0.00721
454 P	0.99210	0.00074	0.00716
455 K	0.98948	0.00337	0.00715
456 Y	0.96711	0.02585	0.00704
457 D	0.95834	0.03484	0.00683
458 L	0.59123	0.40314	0.00563
459 F	0.52455	0.47121	0.00424
460 L	0.19271	0.80361	0.00368
461 S	0.15555	0.84090	0.00355
462 F	0.09075	0.90622	0.00304
463 G	0.08125	0.91578	0.00296
464 R	0.07605	0.92107	0.00288
465 V	0.01734	0.98023	0.00243
466 F	0.01601	0.98161	0.00238
467 L	0.01581	0.98182	0.00237
468 F	0.01578	0.98185	0.00237
469 R	0.01578	0.98184	0.00238
470 I	0.01578	0.98184	0.00238
471 P	0.01578	0.98179	0.00243
472 A	0.01578	0.98173	0.00249
473 L	0.01578	0.98082	0.0034
474 Y	0.01579	0.97211	0.0121
475 F	0.01579	0.96982	0.01439
476 F	0.01584	0.93190	0.05225
477 R	0.01723	0.86560	0.11717
478 N	0.01751	0.72502	0.25747
479 V	0.01758	0.71531	0.26711
480 W	0.01770	0.69356	0.28875
481 L	0.01838	0.48832	0.4933
482 G	0.01986	0.31191	0.66823
483 N	0.02037	0.00694	0.97269
484 E	0.02048	0.00200	0.97752
485 E	0.02061	0.00004	0.97934
486 K	0.02061	0.00002	0.97936
487 T	0.02061	0.00003	0.97935
488 S	0.02061	0.00002	0.97937
489 I	0.02061	0.00005	0.97934
490 K	0.02060	0.00016	0.97924
491 I	0.02029	0.01604	0.96367
492 N	0.02023	0.01781	0.96196
493 N	0.01963	0.03990	0.94046
494 A	0.01885	0.06775	0.9134
495 Y	0.01707	0.23981	0.74312
496 G	0.01386	0.45313	0.53301
497 F	0.00245	0.94078	0.05678
498 A	0.00217	0.95176	0.04606
499 N	0.00177	0.95850	0.03973
500 F	0.00027	0.99001	0.00972
501 S	0.00015	0.99262	0.00723
502 A	0.00002	0.99850	0.00148
503 N	0.00001	0.99878	0.00121
504 C	0.00001	0.99938	0.00061
505 I	0.00001	0.99997	1e-05
506 M	0.00001	0.99998	0
507 L	0.00001	0.99999	0
508 M	0.00001	0.99999	0
509 F	0.00001	0.99999	0
510 M	0.00001	0.99998	0
511 V	0.00002	0.99997	1e-05
512 F	0.00010	0.99986	4e-05
513 V	0.00134	0.99844	0.00021
514 C	0.02408	0.97491	0.00101
515 V	0.03569	0.96309	0.00121
516 R	0.09822	0.89979	0.00198
517 F	0.11654	0.88119	0.00227
518 V	0.23395	0.76256	0.0035
519 Y	0.42989	0.56379	0.00632
520 K	0.96871	0.01097	0.02032
521 L	0.97632	0.00316	0.02052
522 K	0.97911	0.00028	0.02061
523 K	0.97938	0.00001	0.02061
524 E	0.97939	0.00000	0.02061
525 K	0.97939	0.00000	0.02061
526 K	0.97939	0.00000	0.02061
527 P	0.97939	0.00000	0.02061
528 K	0.97939	0.00000	0.02061
529 N	0.97939	0.00000	0.02061
530 F	0.97939	0.00000	0.02061
531 K	0.97939	0.00000	0.02061
