# tr|Q2NKB1|Q2NKB1_AYWBP
# AA	inside	membr	outside
1 M	0.19916	0.00000	0.80083
2 E	0.19916	0.00000	0.80083
3 N	0.19915	0.00002	0.80083
4 S	0.19915	0.00002	0.80083
5 M	0.19840	0.00082	0.80077
6 L	0.19840	0.00085	0.80075
7 Q	0.19722	0.00203	0.80075
8 Y	0.19721	0.00204	0.80074
9 L	0.19252	0.00674	0.80074
10 P	0.19252	0.00707	0.80041
11 G	0.19040	0.00924	0.80036
12 N	0.17217	0.02749	0.80034
13 T	0.04472	0.15532	0.79996
14 F	0.04466	0.15538	0.79996
15 I	0.04466	0.15662	0.79872
16 Y	0.04438	0.15690	0.79872
17 K	0.04430	0.15699	0.79871
18 I	0.04428	0.15732	0.7984
19 Q	0.04405	0.15761	0.79833
20 G	0.03879	0.16783	0.79337
21 A	0.03130	0.17541	0.79329
22 T	0.02955	0.17940	0.79105
23 K	0.02798	0.18495	0.78707
24 L	0.01135	0.32812	0.66053
25 L	0.00581	0.37445	0.61973
26 F	0.00399	0.42086	0.57514
27 L	0.00115	0.43255	0.56631
28 I	0.00114	0.43854	0.56033
29 S	0.00114	0.44654	0.55232
30 V	0.00111	0.45638	0.54251
31 S	0.00129	0.43442	0.5643
32 I	0.00101	0.43594	0.56304
33 A	0.00190	0.42520	0.5729
34 C	0.00218	0.41297	0.58484
35 M	0.00226	0.83987	0.15788
36 M	0.00231	0.81637	0.18133
37 V	0.00068	0.87629	0.12303
38 Y	0.00063	0.91981	0.07956
39 H	0.00048	0.93967	0.05985
40 V	0.00011	0.99701	0.00288
41 W	0.00007	0.99845	0.00147
42 F	0.00006	0.99913	0.00082
43 L	0.00061	0.99577	0.00362
44 L	0.00405	0.98557	0.01038
45 G	0.00762	0.97530	0.01708
46 L	0.00920	0.97205	0.01875
47 S	0.01250	0.96297	0.02453
48 L	0.01373	0.96132	0.02495
49 L	0.01540	0.95867	0.02593
50 S	0.01595	0.95339	0.03066
51 L	0.01637	0.95288	0.03075
52 F	0.03079	0.93832	0.03089
53 F	0.05341	0.91559	0.031
54 F	0.07090	0.89746	0.03164
55 W	0.08712	0.87519	0.0377
56 C	0.17499	0.78418	0.04084
57 A	0.20388	0.75480	0.04133
58 K	0.92461	0.03343	0.04197
59 I	0.93075	0.02730	0.04196
60 K	0.95659	0.00035	0.04306
61 W	0.95643	0.00277	0.0408
62 Q	0.95602	0.00395	0.04004
63 Q	0.94020	0.02723	0.03256
64 V	0.08108	0.91109	0.00783
65 V	0.03541	0.96124	0.00335
66 F	0.01562	0.98278	0.0016
67 V	0.00823	0.99052	0.00125
68 V	0.00613	0.99274	0.00113
69 K	0.00541	0.99352	0.00107
70 G	0.00061	0.99905	0.00034
71 I	0.00016	0.99979	6e-05
72 F	0.00003	0.99996	1e-05
73 F	0.00002	0.99998	0
74 F	0.00001	0.99999	0
75 L	0.00000	1.00000	0
76 F	0.00000	1.00000	0
77 V	0.00000	1.00000	0
78 N	0.00001	0.99999	0
79 N	0.00002	0.99997	0
80 I	0.00003	0.99997	0
81 I	0.00006	0.99994	0
82 I	0.00015	0.99979	6e-05
83 I	0.00046	0.99925	0.00029
84 I	0.00233	0.99544	0.00223
85 I	0.00328	0.98950	0.00722
86 F	0.01102	0.93970	0.04928
87 R	0.03708	0.06243	0.90049
88 N	0.04105	0.01556	0.94339
89 H	0.04247	0.00555	0.95198
90 G	0.04271	0.00321	0.95408
91 T	0.04297	0.00227	0.95477
92 Q	0.04315	0.00152	0.95533
93 I	0.04313	0.00073	0.95615
94 Y	0.04313	0.00051	0.95636
95 N	0.04313	0.00048	0.95639
96 S	0.04313	0.00048	0.95639
97 K	0.04313	0.00048	0.95639
98 T	0.04313	0.00048	0.95639
99 P	0.04313	0.00049	0.95638
100 I	0.04313	0.00049	0.95638
101 P	0.04313	0.00052	0.95635
102 L	0.04313	0.00053	0.95634
103 F	0.04313	0.00053	0.95634
104 Y	0.04313	0.00053	0.95634
105 N	0.04313	0.00053	0.95634
106 L	0.04313	0.00058	0.95628
107 L	0.04315	0.00058	0.95627
108 T	0.04344	0.00030	0.95626
109 Q	0.04353	0.00028	0.95618
110 E	0.04355	0.00171	0.95474
111 Q	0.04326	0.12460	0.83214
112 L	0.03193	0.76732	0.20075
113 F	0.02154	0.91730	0.06116
114 Y	0.01878	0.94572	0.0355
115 Q	0.01828	0.95541	0.02631
116 F	0.01340	0.97172	0.01488
117 N	0.01097	0.97662	0.01242
118 V	0.00321	0.99153	0.00526
119 L	0.00190	0.99337	0.00473
120 L	0.00169	0.99362	0.00468
121 K	0.00162	0.99373	0.00464
122 Y	0.00102	0.99516	0.00381
123 C	0.00083	0.99660	0.00257
124 C	0.00066	0.99803	0.00131
125 I	0.00057	0.99882	0.00061
126 I	0.00055	0.99914	0.00031
127 P	0.00055	0.99917	0.00028
128 L	0.00055	0.99927	0.00018
129 F	0.00057	0.99928	0.00016
130 L	0.00072	0.99913	0.00016
131 I	0.00195	0.99789	0.00016
132 F	0.00731	0.99246	0.00023
133 I	0.02703	0.97265	0.00033
134 I	0.17427	0.82395	0.00177
135 T	0.80409	0.18170	0.01421
136 T	0.91907	0.05247	0.02846
137 N	0.93901	0.02631	0.03469
138 P	0.94670	0.01670	0.0366
139 S	0.95019	0.01058	0.03923
140 Q	0.95084	0.00994	0.03922
141 L	0.94727	0.01305	0.03968
142 A	0.94680	0.01319	0.04001
143 A	0.94290	0.01692	0.04018
144 S	0.94262	0.01741	0.03996
145 L	0.94220	0.01777	0.04002
146 N	0.94227	0.01766	0.04007
147 K	0.94004	0.02003	0.03993
148 L	0.92315	0.04213	0.03472
149 G	0.92226	0.04758	0.03016
150 V	0.92199	0.04878	0.02923
151 S	0.92202	0.04882	0.02916
152 Y	0.92201	0.04886	0.02913
153 K	0.92201	0.04886	0.02913
154 I	0.92187	0.04905	0.02908
155 S	0.92186	0.04906	0.02908
156 Y	0.92186	0.04906	0.02907
157 A	0.92187	0.04905	0.02908
158 F	0.92189	0.04903	0.02908
159 S	0.92193	0.04881	0.02926
160 L	0.92198	0.04868	0.02934
161 T	0.92248	0.04764	0.02988
162 I	0.92263	0.04732	0.03006
163 R	0.92358	0.04470	0.03172
164 Y	0.92381	0.04197	0.03423
165 I	0.92412	0.04018	0.0357
166 P	0.92721	0.02228	0.05051
167 E	0.93341	0.00856	0.05803
168 I	0.93524	0.00276	0.062
169 Q	0.93587	0.00070	0.06343
170 K	0.93591	0.00017	0.06392
171 D	0.93596	0.00004	0.064
172 F	0.93597	0.00003	0.064
173 K	0.93598	0.00001	0.064
174 N	0.93598	0.00001	0.064
175 I	0.93598	0.00001	0.064
176 Y	0.93598	0.00001	0.064
177 F	0.93599	0.00001	0.064
178 N	0.93599	0.00001	0.064
179 Q	0.93599	0.00000	0.064
180 Q	0.93599	0.00000	0.064
181 I	0.93599	0.00001	0.064
182 R	0.93599	0.00001	0.064
183 G	0.93598	0.00002	0.064
184 I	0.93598	0.00002	0.064
185 K	0.93598	0.00002	0.064
186 V	0.93595	0.00005	0.064
187 V	0.93594	0.00006	0.064
188 K	0.93593	0.00006	0.064
189 K	0.93567	0.00033	0.064
190 T	0.92674	0.00933	0.06393
191 H	0.57506	0.36435	0.06059
192 F	0.39319	0.55152	0.05529
193 V	0.34946	0.60823	0.04231
194 A	0.34302	0.61554	0.04145
195 R	0.34135	0.61796	0.0407
196 I	0.33375	0.63156	0.03469
197 I	0.33198	0.63373	0.03429
198 A	0.33061	0.63518	0.0342
199 D	0.33051	0.63529	0.03421
200 I	0.32978	0.63608	0.03414
201 K	0.32967	0.63621	0.03412
202 K	0.32596	0.64050	0.03354
203 I	0.28006	0.69020	0.02975
204 A	0.27324	0.69776	0.029
205 L	0.26875	0.70321	0.02803
206 I	0.26845	0.70373	0.02782
207 I	0.26837	0.70381	0.02781
208 P	0.26835	0.70339	0.02826
209 P	0.26832	0.70209	0.02959
210 L	0.26819	0.70064	0.03116
211 I	0.26818	0.69579	0.03603
212 F	0.26823	0.66895	0.06282
213 F	0.26851	0.62404	0.10745
214 N	0.27303	0.23892	0.48805
215 L	0.27782	0.14049	0.58169
216 D	0.29710	0.07195	0.63095
217 K	0.29758	0.06952	0.63289
218 I	0.29760	0.06942	0.63298
219 D	0.29798	0.06856	0.63346
220 V	0.29798	0.06851	0.63351
221 I	0.29803	0.06748	0.63449
222 T	0.29820	0.06496	0.63684
223 N	0.29906	0.05661	0.64432
224 A	0.29995	0.05454	0.64551
225 M	0.30168	0.04476	0.65355
226 Q	0.30405	0.00716	0.68879
227 L	0.30411	0.00295	0.69295
228 R	0.30439	0.00034	0.69526
229 R	0.30440	0.00022	0.69537
230 F	0.30440	0.00009	0.6955
231 G	0.30441	0.00004	0.69555
232 K	0.30442	0.00000	0.69557
233 Y	0.30442	0.00000	0.69557
234 K	0.30442	0.00000	0.69557
235 T	0.30442	0.00001	0.69557
236 R	0.30441	0.00003	0.69556
237 T	0.30432	0.00016	0.69552
238 W	0.30361	0.00091	0.69548
239 Y	0.30343	0.00112	0.69545
240 Y	0.30335	0.00125	0.69541
241 E	0.30322	0.00142	0.69536
242 K	0.29909	0.00647	0.69445
243 S	0.20992	0.13197	0.65811
244 F	0.03630	0.64894	0.31476
245 S	0.01716	0.80894	0.1739
246 I	0.00524	0.90370	0.09107
247 L	0.00428	0.93072	0.065
248 D	0.00411	0.93904	0.05685
249 L	0.00066	0.98787	0.01147
250 F	0.00010	0.99860	0.00129
251 T	0.00007	0.99931	0.00062
252 F	0.00001	0.99994	5e-05
253 L	0.00000	0.99999	1e-05
254 L	0.00000	0.99999	0
255 G	0.00000	0.99999	0
256 L	0.00000	0.99999	0
257 A	0.00000	0.99999	0
258 L	0.00000	0.99999	1e-05
259 L	0.00000	0.99998	2e-05
260 L	0.00001	0.99994	5e-05
261 L	0.00002	0.99955	0.00043
262 G	0.00021	0.99909	0.0007
263 V	0.00071	0.99784	0.00145
264 W	0.00402	0.99254	0.00344
265 L	0.01266	0.97563	0.01171
266 L	0.06505	0.83648	0.09847
267 C	0.44303	0.28334	0.27363
268 R	0.62029	0.08370	0.296
269 Y	0.67593	0.02070	0.30338
270 D	0.69475	0.00118	0.30406
271 R	0.69508	0.00083	0.3041
272 F	0.69524	0.00060	0.30416
273 Y	0.69553	0.00009	0.30437
274 Y	0.69555	0.00006	0.30439
275 P	0.69557	0.00001	0.30442
276 F	0.69557	0.00000	0.30442
277 A	0.69558	0.00000	0.30442
278 K	0.69558	0.00000	0.30443
279 N	0.69558	0.00000	0.30443
280 P	0.69558	0.00000	0.30443
281 F	0.69558	0.00000	0.30443
