# tr|Q2NJL4|Q2NJL4_AYWBP
# AA	inside	membr	outside
1 M	0.00241	0.00000	0.99759
2 S	0.00241	0.00001	0.99759
3 N	0.00238	0.00003	0.99759
4 N	0.00238	0.00003	0.99759
5 N	0.00119	0.00122	0.99759
6 S	0.00119	0.00122	0.99759
7 W	0.00035	0.00206	0.99759
8 L	0.00035	0.00206	0.99759
9 S	0.00035	0.00207	0.99759
10 L	0.00035	0.00207	0.99759
11 L	0.00035	0.00207	0.99759
12 C	0.00035	0.00207	0.99759
13 Q	0.00035	0.00207	0.99759
14 I	0.00035	0.00207	0.99759
15 L	0.00035	0.00207	0.99759
16 K	0.00035	0.00207	0.99759
17 D	0.00035	0.00207	0.99759
18 W	0.00035	0.00207	0.99758
19 H	0.00035	0.00207	0.99758
20 T	0.00035	0.00212	0.99753
21 L	0.00034	0.00213	0.99753
22 Y	0.00034	0.00208	0.99758
23 F	0.00034	0.00054	0.99912
24 E	0.00034	0.00042	0.99924
25 G	0.00034	0.00092	0.99874
26 F	0.00034	0.00381	0.99586
27 K	0.00034	0.00404	0.99562
28 N	0.00033	0.02768	0.97199
29 T	0.00033	0.06573	0.93394
30 M	0.00032	0.08543	0.91425
31 K	0.00031	0.11281	0.88688
32 I	0.00014	0.93893	0.06093
33 A	0.00012	0.98710	0.01278
34 F	0.00011	0.99418	0.0057
35 F	0.00011	0.99835	0.00153
36 G	0.00011	0.99923	0.00066
37 T	0.00011	0.99975	0.00014
38 I	0.00011	0.99987	1e-05
39 G	0.00011	0.99988	1e-05
40 A	0.00011	0.99988	1e-05
41 F	0.00011	0.99988	1e-05
42 M	0.00011	0.99988	1e-05
43 V	0.00012	0.99987	1e-05
44 S	0.00013	0.99985	2e-05
45 L	0.00013	0.99985	2e-05
46 C	0.00017	0.99981	2e-05
47 L	0.00028	0.99970	2e-05
48 L	0.00286	0.99712	2e-05
49 H	0.02754	0.97243	3e-05
50 L	0.07918	0.92076	5e-05
51 K	0.21093	0.78896	0.00011
52 E	0.29803	0.70184	0.00013
53 I	0.30662	0.69325	0.00013
54 I	0.33472	0.66513	0.00015
55 Q	0.97799	0.02178	0.00023
56 N	0.99822	0.00154	0.00024
57 N	0.99960	0.00016	0.00025
58 K	0.99975	0.00000	0.00025
59 R	0.99975	0.00000	0.00025
60 V	0.99975	0.00000	0.00025
61 R	0.99976	0.00000	0.00025
62 T	0.99972	0.00004	0.00025
63 N	0.99958	0.00018	0.00025
64 I	0.99947	0.00028	0.00025
65 A	0.99942	0.00033	0.00025
66 K	0.99937	0.00039	0.00025
67 R	0.99479	0.00497	0.00025
68 Y	0.98578	0.01398	0.00025
69 Y	0.96728	0.03248	0.00024
70 I	0.96346	0.03630	0.00024
71 K	0.95819	0.04157	0.00024
72 M	0.92372	0.07604	0.00024
73 F	0.88730	0.11246	0.00024
74 D	0.78783	0.21194	0.00023
75 Y	0.23779	0.76200	0.00021
76 I	0.04576	0.95418	5e-05
77 I	0.01288	0.98710	2e-05
78 N	0.00432	0.99567	1e-05
79 G	0.00171	0.99828	1e-05
80 Y	0.00109	0.99890	0
81 I	0.00018	0.99981	0
82 F	0.00012	0.99988	0
83 I	0.00011	0.99987	2e-05
84 I	0.00011	0.99978	0.00011
85 K	0.00011	0.99645	0.00343
86 S	0.00011	0.99622	0.00367
87 V	0.00010	0.99599	0.0039
88 P	0.00010	0.99572	0.00418
89 M	0.00010	0.99542	0.00447
90 M	0.00010	0.99213	0.00777
91 L	0.00010	0.97981	0.02009
92 Q	0.00010	0.95074	0.04916
93 A	0.00009	0.93727	0.06264
94 V	0.00009	0.91327	0.08665
95 L	0.00008	0.75802	0.2419
96 F	0.00009	0.60443	0.39548
97 H	0.00010	0.29312	0.70678
98 F	0.00012	0.16108	0.8388
99 G	0.00027	0.05267	0.94706
100 L	0.00030	0.02684	0.97286
101 K	0.00032	0.00132	0.99836
102 G	0.00032	0.01144	0.98824
103 T	0.00031	0.03553	0.96416
104 G	0.00028	0.17127	0.82845
105 Y	0.00010	0.33711	0.66279
106 F	0.00004	0.63188	0.36808
107 G	0.00004	0.69793	0.30203
108 W	0.00004	0.78865	0.21131
109 L	0.00008	0.85353	0.14639
110 T	0.00011	0.88717	0.11271
111 P	0.00014	0.91602	0.08384
112 L	0.00014	0.94075	0.05912
113 Q	0.00014	0.95028	0.04958
114 S	0.00010	0.95360	0.0463
115 G	0.00002	0.95844	0.04154
116 L	0.00001	0.96045	0.03954
117 F	0.00002	0.96071	0.03927
118 V	0.00003	0.96076	0.03921
119 I	0.00005	0.96074	0.0392
120 T	0.00023	0.96057	0.0392
121 F	0.00037	0.96043	0.0392
122 N	0.00371	0.95709	0.03921
123 S	0.00520	0.95560	0.03921
124 A	0.00929	0.95150	0.03921
125 A	0.02369	0.93710	0.03921
126 Y	0.08816	0.87262	0.03922
127 L	0.24557	0.71519	0.03925
128 A	0.44536	0.51523	0.03941
129 E	0.76114	0.19939	0.03947
130 I	0.78772	0.17281	0.03947
131 M	0.88392	0.07660	0.03949
132 I	0.90917	0.05132	0.0395
133 K	0.95215	0.00823	0.03962
134 N	0.95625	0.00412	0.03963
135 M	0.95699	0.00338	0.03963
136 E	0.95727	0.00310	0.03963
137 F	0.95459	0.00578	0.03962
138 F	0.95418	0.00619	0.03962
139 D	0.95496	0.00541	0.03963
140 Y	0.95123	0.00915	0.03962
141 G	0.95113	0.00925	0.03961
142 Q	0.95113	0.00926	0.03961
143 I	0.95104	0.00934	0.03961
144 E	0.95104	0.00934	0.03961
145 A	0.95093	0.00945	0.03961
146 A	0.95092	0.00947	0.03961
147 L	0.95091	0.00948	0.03961
148 A	0.95090	0.00948	0.03962
149 L	0.95090	0.00947	0.03962
150 G	0.95091	0.00944	0.03965
151 M	0.95091	0.00941	0.03968
152 T	0.95091	0.00918	0.03991
153 Q	0.95092	0.00880	0.04028
154 T	0.95092	0.00853	0.04055
155 Q	0.95092	0.00711	0.04197
156 T	0.95092	0.00652	0.04257
157 F	0.95092	0.00548	0.04361
158 K	0.95093	0.00028	0.04879
159 K	0.95093	0.00022	0.04885
160 V	0.95092	0.00022	0.04886
161 V	0.95092	0.00022	0.04887
162 C	0.95092	0.00020	0.04888
163 P	0.95092	0.00017	0.0489
164 Q	0.95092	0.00017	0.04892
165 V	0.95091	0.00018	0.04892
166 V	0.95091	0.00016	0.04894
167 R	0.95091	0.00014	0.04896
168 K	0.95023	0.00071	0.04906
169 S	0.94289	0.00805	0.04906
170 L	0.91828	0.03266	0.04906
171 L	0.91476	0.03618	0.04906
172 R	0.91376	0.03718	0.04906
173 I	0.89234	0.05860	0.04906
174 S	0.88234	0.06860	0.04906
175 N	0.87421	0.07673	0.04906
176 E	0.85682	0.09413	0.04906
177 F	0.66368	0.28731	0.04902
178 I	0.64232	0.30867	0.04902
179 V	0.63976	0.31122	0.04902
180 N	0.63786	0.31312	0.04903
181 I	0.63704	0.31393	0.04903
182 K	0.63685	0.31412	0.04904
183 D	0.63459	0.31638	0.04904
184 S	0.61315	0.33781	0.04904
185 C	0.57900	0.37196	0.04904
186 V	0.57546	0.37550	0.04904
187 F	0.57509	0.37586	0.04905
188 G	0.57506	0.37586	0.04909
189 V	0.57505	0.37583	0.04912
190 I	0.57505	0.37575	0.0492
191 G	0.57505	0.37291	0.05203
192 M	0.57505	0.36259	0.06236
193 N	0.57506	0.30393	0.12101
194 E	0.57506	0.29815	0.12679
195 L	0.57506	0.29458	0.13037
196 F	0.57506	0.28794	0.137
197 E	0.57507	0.19013	0.23481
198 V	0.57507	0.16827	0.25666
199 A	0.57507	0.15318	0.27176
200 Q	0.57510	0.06994	0.35496
201 T	0.57510	0.06533	0.35957
202 V	0.57510	0.05888	0.36602
203 H	0.57510	0.00879	0.41612
204 K	0.57508	0.00026	0.42466
205 R	0.57455	0.00066	0.42478
206 S	0.57155	0.00399	0.42446
207 N	0.56412	0.01225	0.42363
208 S	0.49429	0.08932	0.41639
209 I	0.42604	0.19164	0.38232
210 T	0.38948	0.23795	0.37257
211 G	0.26037	0.48667	0.25296
212 G	0.04856	0.91371	0.03773
213 I	0.01035	0.97858	0.01107
214 I	0.00191	0.99551	0.00258
215 A	0.00031	0.99888	0.00081
216 L	0.00009	0.99970	0.00021
217 L	0.00001	0.99997	2e-05
218 I	0.00001	0.99998	0
219 P	0.00001	0.99999	0
220 V	0.00001	0.99999	0
221 F	0.00001	0.99999	0
222 A	0.00001	0.99999	0
223 Y	0.00001	0.99999	0
224 L	0.00001	0.99998	1e-05
225 V	0.00001	0.99994	5e-05
226 L	0.00001	0.99961	0.00037
227 V	0.00004	0.99850	0.00146
228 L	0.00018	0.99479	0.00503
229 L	0.00066	0.98925	0.0101
230 V	0.00200	0.97659	0.02141
231 S	0.01083	0.88642	0.10275
232 L	0.02659	0.81385	0.15956
233 L	0.03845	0.75731	0.20423
234 L	0.16118	0.50289	0.33592
235 K	0.41290	0.02305	0.56406
236 K	0.42447	0.00068	0.57485
237 I	0.42475	0.00028	0.57497
238 E	0.42489	0.00003	0.57508
239 K	0.42491	0.00001	0.57509
240 I	0.42491	0.00001	0.57509
241 I	0.42491	0.00000	0.57509
242 D	0.42491	0.00000	0.57509
243 R	0.42491	0.00000	0.57509
244 K	0.42491	0.00000	0.57509
