# tr|Q2NIF7|Q2NIF7_AYWBP
# AA	inside	membr	outside
1 M	0.98211	0.00000	0.01789
2 S	0.98211	0.00000	0.01789
3 L	0.98211	0.00000	0.01789
4 L	0.98211	0.00000	0.01789
5 K	0.98211	0.00000	0.01789
6 K	0.98211	0.00000	0.01789
7 L	0.98211	0.00000	0.01789
8 F	0.98211	0.00000	0.01789
9 H	0.98211	0.00000	0.01789
10 H	0.98211	0.00000	0.01789
11 N	0.98211	0.00000	0.01789
12 S	0.98211	0.00000	0.01789
13 T	0.98210	0.00000	0.01789
14 K	0.98210	0.00000	0.01789
15 Y	0.98210	0.00001	0.01789
16 S	0.98209	0.00002	0.01789
17 K	0.98189	0.00022	0.01789
18 H	0.98129	0.00100	0.01771
19 N	0.96433	0.01806	0.01761
20 H	0.77853	0.20983	0.01164
21 W	0.03826	0.95025	0.01149
22 Y	0.02687	0.96497	0.00816
23 Y	0.00851	0.98814	0.00335
24 L	0.00218	0.99541	0.0024
25 A	0.00084	0.99858	0.00058
26 P	0.00058	0.99898	0.00044
27 A	0.00020	0.99956	0.00024
28 L	0.00004	0.99988	8e-05
29 I	0.00001	0.99992	6e-05
30 L	0.00001	0.99994	6e-05
31 M	0.00001	0.99994	5e-05
32 V	0.00000	0.99994	5e-05
33 L	0.00000	0.99994	5e-05
34 F	0.00000	0.99993	7e-05
35 N	0.00001	0.99938	0.00061
36 F	0.00001	0.99891	0.00107
37 Y	0.00006	0.99637	0.00357
38 P	0.00113	0.96202	0.03685
39 L	0.00138	0.89830	0.10033
40 V	0.00338	0.75107	0.24555
41 K	0.00560	0.25452	0.73988
42 T	0.00584	0.24145	0.75272
43 L	0.00633	0.21455	0.77912
44 F	0.00657	0.10045	0.89299
45 I	0.00956	0.08175	0.90869
46 S	0.01466	0.03028	0.95507
47 L	0.01541	0.01131	0.97327
48 D	0.01776	0.00185	0.98038
49 S	0.01777	0.00106	0.98117
50 R	0.01778	0.00059	0.98163
51 Y	0.01762	0.00056	0.98182
52 N	0.01753	0.00045	0.98203
53 K	0.01751	0.00036	0.98214
54 F	0.01734	0.00065	0.98201
55 A	0.01734	0.00069	0.98197
56 D	0.01733	0.00070	0.98197
57 T	0.01719	0.00084	0.98197
58 F	0.01709	0.00095	0.98196
59 S	0.01705	0.00099	0.98196
60 Y	0.01702	0.00103	0.98196
61 S	0.01701	0.00103	0.98196
62 F	0.01701	0.00103	0.98196
63 N	0.01701	0.00103	0.98196
64 F	0.01701	0.00104	0.98196
65 S	0.01701	0.00103	0.98196
66 N	0.01701	0.00103	0.98197
67 Y	0.01701	0.00103	0.98197
68 T	0.01701	0.00102	0.98197
69 T	0.01702	0.00096	0.98203
70 T	0.01702	0.00090	0.98208
71 F	0.01703	0.00082	0.98215
72 C	0.01714	0.00039	0.98247
73 D	0.01719	0.00028	0.98254
74 P	0.01719	0.00034	0.98247
75 D	0.01719	0.00064	0.98216
76 F	0.01718	0.01087	0.97195
77 R	0.01718	0.02568	0.95714
78 T	0.01701	0.05894	0.92405
79 T	0.01640	0.10414	0.87946
80 L	0.01449	0.16223	0.82329
81 F	0.01281	0.22186	0.76533
82 N	0.01073	0.24034	0.74893
83 T	0.00480	0.57647	0.41872
84 F	0.00162	0.79063	0.20775
85 L	0.00047	0.88559	0.11394
86 L	0.00009	0.95988	0.04003
87 V	0.00001	0.98229	0.01769
88 F	0.00001	0.98956	0.01044
89 T	0.00001	0.99107	0.00892
90 A	0.00001	0.99554	0.00446
91 V	0.00001	0.99942	0.00056
92 P	0.00001	0.99959	0.00041
93 I	0.00001	0.99985	0.00014
94 S	0.00001	0.99994	5e-05
95 I	0.00001	0.99998	1e-05
96 F	0.00004	0.99996	0
97 L	0.00022	0.99977	1e-05
98 S	0.00157	0.99842	2e-05
99 L	0.01389	0.98608	3e-05
100 M	0.04820	0.95171	0.0001
101 I	0.08090	0.91885	0.00024
102 A	0.12072	0.87844	0.00084
103 L	0.15680	0.84107	0.00213
104 A	0.22399	0.77161	0.0044
105 L	0.25356	0.73750	0.00894
106 K	0.60676	0.37669	0.01655
107 S	0.78046	0.20251	0.01703
108 V	0.86324	0.11969	0.01707
109 Y	0.93418	0.04870	0.01712
110 N	0.96313	0.01968	0.01718
111 H	0.96863	0.01418	0.01719
112 F	0.96351	0.01931	0.01718
113 L	0.96833	0.01448	0.01718
114 K	0.97536	0.00745	0.01719
115 N	0.96709	0.01585	0.01705
116 I	0.92922	0.05437	0.01641
117 F	0.80149	0.18291	0.0156
118 Q	0.65689	0.33000	0.01311
119 T	0.37985	0.61190	0.00824
120 I	0.21859	0.78017	0.00124
121 F	0.10136	0.89783	0.0008
122 F	0.04956	0.94990	0.00053
123 L	0.04218	0.95740	0.00042
124 P	0.03673	0.96290	0.00037
125 Y	0.01368	0.98622	0.0001
126 L	0.00224	0.99766	9e-05
127 T	0.00136	0.99854	0.0001
128 N	0.00098	0.99891	0.00011
129 P	0.00059	0.99930	0.0001
130 V	0.00009	0.99982	9e-05
131 I	0.00004	0.99985	0.00011
132 M	0.00002	0.99963	0.00034
133 G	0.00001	0.99941	0.00058
134 M	0.00001	0.99911	0.00088
135 V	0.00001	0.99720	0.00279
136 F	0.00001	0.99556	0.00443
137 A	0.00002	0.99053	0.00944
138 V	0.00009	0.98057	0.01934
139 I	0.00047	0.94339	0.05614
140 F	0.00133	0.80302	0.19565
141 Y	0.00521	0.58962	0.40518
142 H	0.01147	0.23909	0.74944
143 N	0.01641	0.10450	0.87909
144 S	0.01650	0.06350	0.91999
145 F	0.01650	0.04842	0.93508
146 G	0.01658	0.03655	0.94688
147 I	0.01663	0.03112	0.95225
148 Q	0.01687	0.01153	0.9716
149 V	0.01681	0.00439	0.9788
150 R	0.01681	0.00118	0.982
151 P	0.01676	0.00066	0.98259
152 E	0.01662	0.00057	0.9828
153 G	0.01389	0.00328	0.98282
154 F	0.01112	0.00606	0.98282
155 F	0.01067	0.00650	0.98283
156 N	0.01067	0.00650	0.98283
157 S	0.01067	0.00650	0.98283
158 F	0.01067	0.00650	0.98283
159 F	0.01067	0.00650	0.98283
160 G	0.01067	0.00651	0.98282
161 I	0.01067	0.00656	0.98278
162 Q	0.01067	0.00653	0.9828
163 K	0.01066	0.00649	0.98285
164 D	0.01066	0.00687	0.98247
165 W	0.01061	0.00991	0.97948
166 I	0.01059	0.01135	0.97806
167 N	0.01059	0.01150	0.97792
168 I	0.01058	0.01319	0.97623
169 A	0.01057	0.01318	0.97625
170 A	0.01057	0.01321	0.97622
171 P	0.01057	0.01299	0.97643
172 Y	0.01054	0.01287	0.97658
173 S	0.01051	0.01034	0.97915
174 H	0.01050	0.00969	0.97981
175 K	0.01044	0.01425	0.97531
176 M	0.00888	0.12216	0.86896
177 F	0.00370	0.85558	0.14072
178 V	0.00316	0.91969	0.07715
179 L	0.00304	0.94137	0.05559
180 I	0.00299	0.97095	0.02607
181 F	0.00297	0.99377	0.00326
182 Y	0.00296	0.99635	0.00069
183 V	0.00303	0.99664	0.00033
184 V	0.00328	0.99655	0.00017
185 W	0.00461	0.99524	0.00015
186 K	0.00834	0.99147	0.00019
187 S	0.00856	0.99131	0.00014
188 L	0.00888	0.99102	0.0001
189 P	0.00912	0.99079	8e-05
190 F	0.00916	0.99075	8e-05
191 Q	0.00960	0.99032	8e-05
192 I	0.00960	0.99031	8e-05
193 L	0.00963	0.99029	9e-05
194 I	0.00977	0.99012	0.00011
195 F	0.01175	0.98800	0.00026
196 S	0.02073	0.97849	0.00079
197 A	0.02883	0.97024	0.00093
198 G	0.05177	0.94696	0.00128
199 L	0.14790	0.84937	0.00273
200 K	0.93721	0.05516	0.00762
201 N	0.95578	0.03651	0.0077
202 I	0.95951	0.03278	0.00771
203 S	0.97248	0.01980	0.00772
204 K	0.99198	0.00030	0.00772
205 D	0.99226	0.00001	0.00772
206 Y	0.99226	0.00001	0.00772
207 Y	0.99227	0.00001	0.00772
208 D	0.99227	0.00000	0.00772
209 A	0.99227	0.00000	0.00772
210 A	0.99227	0.00000	0.00772
211 R	0.99227	0.00000	0.00772
212 I	0.99227	0.00001	0.00772
213 D	0.99227	0.00001	0.00772
214 G	0.99226	0.00002	0.00772
215 A	0.99225	0.00003	0.00772
216 T	0.99223	0.00005	0.00771
217 K	0.99214	0.00014	0.00771
218 I	0.95682	0.03578	0.00739
219 T	0.88085	0.11225	0.0069
220 I	0.34403	0.64912	0.00684
221 F	0.33642	0.65675	0.00683
222 R	0.33450	0.65869	0.00681
223 K	0.29354	0.69989	0.00657
224 I	0.16552	0.82884	0.00564
225 T	0.11797	0.87653	0.0055
226 L	0.01380	0.98092	0.00528
227 P	0.00650	0.98829	0.00521
228 L	0.00135	0.99355	0.00509
229 L	0.00122	0.99370	0.00508
230 T	0.00120	0.99372	0.00508
231 P	0.00114	0.99378	0.00508
232 T	0.00101	0.99392	0.00507
233 I	0.00073	0.99423	0.00505
234 F	0.00069	0.99427	0.00504
235 Y	0.00068	0.99424	0.00507
236 Q	0.00070	0.99376	0.00554
237 L	0.00069	0.99344	0.00587
238 I	0.00072	0.99213	0.00715
239 I	0.00086	0.98267	0.01647
240 T	0.00103	0.94265	0.05632
241 I	0.00115	0.90670	0.09215
242 I	0.00161	0.83799	0.16039
243 Q	0.00178	0.35057	0.64765
244 V	0.00187	0.31916	0.67898
245 F	0.00210	0.27085	0.72706
246 K	0.00299	0.04491	0.95209
247 E	0.00331	0.00563	0.99106
248 Y	0.00285	0.00315	0.994
249 E	0.00280	0.00128	0.99592
250 S	0.00227	0.00187	0.99587
251 V	0.00151	0.00268	0.99582
252 I	0.00105	0.00329	0.99567
253 G	0.00094	0.00334	0.99572
254 V	0.00092	0.00333	0.99576
255 F	0.00092	0.00322	0.99586
256 G	0.00095	0.00294	0.99612
257 S	0.00095	0.00288	0.99617
258 S	0.00095	0.00286	0.99619
259 D	0.00095	0.00286	0.99619
260 T	0.00095	0.00286	0.99619
261 T	0.00095	0.00286	0.99619
262 K	0.00095	0.00286	0.99619
263 V	0.00095	0.00286	0.99619
264 N	0.00095	0.00286	0.99619
265 T	0.00095	0.00286	0.99619
266 V	0.00095	0.00286	0.99619
267 V	0.00095	0.00286	0.99619
268 G	0.00095	0.00286	0.99619
269 Y	0.00096	0.00285	0.9962
270 I	0.00097	0.00282	0.99621
271 Y	0.00102	0.00141	0.99758
272 Q	0.00118	0.00098	0.99784
273 Q	0.00135	0.00036	0.99829
274 L	0.00137	0.00021	0.99842
275 E	0.00140	0.00005	0.99856
276 G	0.00140	0.00001	0.99859
277 T	0.00140	0.00001	0.99859
278 L	0.00140	0.00002	0.99858
279 M	0.00140	0.00002	0.99858
280 D	0.00140	0.00005	0.99856
281 S	0.00139	0.00045	0.99816
282 Y	0.00135	0.00220	0.99645
283 S	0.00129	0.00644	0.99227
284 R	0.00115	0.04437	0.95447
285 G	0.00045	0.78715	0.21239
286 A	0.00029	0.90382	0.09589
287 A	0.00020	0.94402	0.05578
288 A	0.00011	0.98800	0.01189
289 T	0.00007	0.99558	0.00436
290 V	0.00000	0.99986	0.00014
291 I	0.00000	0.99999	1e-05
292 L	0.00000	1.00000	0
293 L	0.00000	1.00000	0
294 L	0.00000	1.00000	0
295 I	0.00000	1.00000	0
296 S	0.00000	1.00000	0
297 I	0.00000	1.00000	0
298 L	0.00000	1.00000	0
299 F	0.00000	1.00000	0
300 T	0.00001	0.99999	0
301 A	0.00003	0.99997	0
302 I	0.00006	0.99993	0
303 N	0.00039	0.99959	2e-05
304 F	0.00081	0.99915	4e-05
305 F	0.00283	0.99709	8e-05
306 F	0.01613	0.98370	0.00017
307 F	0.08699	0.91262	0.0004
308 E	0.95313	0.04557	0.00129
309 K	0.99746	0.00114	0.0014
310 K	0.99852	0.00007	0.0014
311 L	0.99855	0.00005	0.0014
312 N	0.99859	0.00001	0.0014
313 K	0.99860	0.00000	0.0014
