# tr|Q2NJZ4|Q2NJZ4_AYWBP
# AA	inside	membr	outside
1 M	0.92808	0.00000	0.07192
2 N	0.92808	0.00000	0.07192
3 Q	0.92808	0.00000	0.07192
4 K	0.92808	0.00000	0.07192
5 T	0.92808	0.00000	0.07192
6 R	0.92808	0.00000	0.07192
7 K	0.92808	0.00000	0.07192
8 A	0.92808	0.00000	0.07192
9 L	0.92808	0.00000	0.07192
10 I	0.92808	0.00000	0.07192
11 K	0.92808	0.00000	0.07192
12 K	0.92808	0.00000	0.07192
13 N	0.92808	0.00000	0.07192
14 N	0.92808	0.00000	0.07192
15 F	0.92808	0.00000	0.07192
16 P	0.92808	0.00000	0.07192
17 Q	0.92808	0.00000	0.07192
18 T	0.92808	0.00000	0.07192
19 N	0.92808	0.00000	0.07192
20 P	0.92808	0.00001	0.07192
21 P	0.92805	0.00003	0.07192
22 K	0.92805	0.00004	0.07192
23 K	0.92798	0.00014	0.07188
24 T	0.92314	0.00582	0.07103
25 F	0.87416	0.05728	0.06856
26 L	0.82707	0.10583	0.06711
27 S	0.77643	0.15939	0.06418
28 S	0.74072	0.20349	0.0558
29 K	0.70415	0.24597	0.04988
30 L	0.19683	0.78087	0.0223
31 L	0.05628	0.93168	0.01204
32 S	0.02273	0.96799	0.00928
33 N	0.01197	0.98190	0.00612
34 C	0.00701	0.98990	0.00308
35 I	0.00445	0.99541	0.00014
36 I	0.00414	0.99582	4e-05
37 F	0.00411	0.99585	3e-05
38 N	0.00411	0.99586	3e-05
39 S	0.00410	0.99586	3e-05
40 I	0.00410	0.99587	3e-05
41 V	0.00410	0.99587	3e-05
42 I	0.00410	0.99586	4e-05
43 V	0.00411	0.99583	6e-05
44 V	0.00417	0.99569	0.00015
45 L	0.00428	0.99527	0.00045
46 A	0.00444	0.99469	0.00087
47 I	0.00482	0.98808	0.0071
48 Y	0.00714	0.92147	0.07139
49 L	0.01026	0.76732	0.22242
50 S	0.03207	0.23411	0.73383
51 K	0.05800	0.04592	0.89608
52 P	0.06625	0.02856	0.90519
53 T	0.07562	0.00633	0.91805
54 Q	0.07594	0.00173	0.92233
55 T	0.07596	0.00086	0.92319
56 D	0.07597	0.00044	0.92359
57 I	0.07588	0.00096	0.92316
58 Y	0.07588	0.00142	0.9227
59 Q	0.07586	0.00354	0.92059
60 K	0.07541	0.01269	0.9119
61 T	0.06797	0.06699	0.86504
62 T	0.04577	0.18588	0.76835
63 Q	0.02399	0.36350	0.61251
64 L	0.00451	0.82261	0.17288
65 H	0.00123	0.93557	0.0632
66 L	0.00057	0.93892	0.06051
67 T	0.00050	0.94061	0.05889
68 A	0.00039	0.94165	0.05796
69 M	0.00037	0.94254	0.0571
70 V	0.00030	0.94284	0.05686
71 A	0.00028	0.94294	0.05679
72 G	0.00027	0.94315	0.05658
73 M	0.00026	0.94345	0.05629
74 F	0.00025	0.94373	0.05602
75 L	0.00025	0.94386	0.05589
76 G	0.00028	0.94387	0.05586
77 G	0.00035	0.94384	0.05581
78 T	0.00049	0.94367	0.05584
79 I	0.00321	0.94087	0.05592
80 L	0.01178	0.93060	0.05761
81 G	0.10519	0.82844	0.06637
82 L	0.24294	0.67058	0.08647
83 K	0.80313	0.06900	0.12787
84 K	0.84452	0.02933	0.12615
85 G	0.77036	0.13961	0.09003
86 S	0.70385	0.22377	0.07238
87 F	0.29100	0.69182	0.01719
88 G	0.22025	0.76814	0.01161
89 V	0.07765	0.91499	0.00735
90 S	0.06030	0.93373	0.00597
91 L	0.04667	0.94862	0.00471
92 G	0.04010	0.95729	0.00261
93 V	0.01672	0.98231	0.00097
94 L	0.00947	0.98969	0.00084
95 L	0.00849	0.99073	0.00077
96 G	0.00867	0.99061	0.00073
97 S	0.00882	0.99051	0.00067
98 T	0.00889	0.99050	0.00062
99 L	0.00891	0.99048	0.00061
100 G	0.00900	0.99038	0.00063
101 M	0.00909	0.99023	0.00067
102 W	0.00914	0.98983	0.00102
103 L	0.00926	0.98618	0.00457
104 S	0.01018	0.96470	0.02512
105 L	0.01142	0.91394	0.07465
106 L	0.01901	0.80015	0.18084
107 T	0.09140	0.35300	0.55559
108 K	0.12792	0.17190	0.70017
109 G	0.13040	0.15880	0.7108
110 Q	0.13457	0.12425	0.74118
111 I	0.13468	0.12013	0.74519
112 I	0.13496	0.08342	0.78162
113 S	0.13595	0.06315	0.8009
114 I	0.13667	0.04997	0.81336
115 I	0.13856	0.03421	0.82723
116 Q	0.14051	0.00725	0.85224
117 M	0.14064	0.00000	0.85936
