# tr|Q2NJW4|Q2NJW4_AYWBP
# AA	inside	membr	outside
1 M	0.46427	0.00000	0.53573
2 R	0.44821	0.01606	0.53573
3 N	0.39235	0.07192	0.53573
4 L	0.39234	0.13884	0.46881
5 L	0.14097	0.41161	0.44742
6 M	0.14097	0.41374	0.44529
7 I	0.08413	0.47064	0.44523
8 L	0.08413	0.47064	0.44523
9 E	0.08363	0.47115	0.44523
10 M	0.08362	0.47568	0.4407
11 I	0.08015	0.47967	0.44018
12 F	0.07058	0.48925	0.44017
13 S	0.06631	0.49354	0.44015
14 F	0.06630	0.49355	0.44015
15 N	0.06630	0.49433	0.43937
16 F	0.06588	0.49475	0.43937
17 L	0.06563	0.49496	0.43941
18 K	0.06562	0.49445	0.43993
19 Y	0.05613	0.50600	0.43786
20 L	0.05167	0.52275	0.42558
21 I	0.05094	0.51684	0.43222
22 S	0.07792	0.46997	0.45212
23 F	0.09186	0.36875	0.53939
24 D	0.13992	0.19111	0.66897
25 F	0.14023	0.15110	0.70867
26 K	0.14063	0.06452	0.79485
27 D	0.14010	0.07876	0.78114
28 F	0.06298	0.32825	0.60878
29 F	0.04964	0.43275	0.51762
30 Y	0.04251	0.54672	0.41077
31 L	0.04177	0.57910	0.37913
32 L	0.04121	0.65989	0.2989
33 Y	0.04526	0.69272	0.26202
34 D	0.04529	0.69891	0.25581
35 L	0.03135	0.82232	0.14633
36 F	0.02593	0.86158	0.11249
37 Y	0.02574	0.88477	0.0895
38 N	0.02689	0.88984	0.08327
39 I	0.02659	0.90620	0.06721
40 F	0.02779	0.90726	0.06495
41 L	0.02875	0.90587	0.06539
42 T	0.03468	0.89008	0.07524
43 K	0.04276	0.87921	0.07804
44 S	0.04139	0.88308	0.07554
45 S	0.04079	0.88833	0.07088
46 F	0.03997	0.89537	0.06467
47 L	0.04046	0.89516	0.06438
48 F	0.05908	0.87409	0.06683
49 G	0.07681	0.85038	0.07281
50 F	0.10811	0.82547	0.06641
51 N	0.25372	0.63458	0.1117
52 V	0.31000	0.58290	0.10711
53 G	0.41608	0.47529	0.10863
54 W	0.42821	0.50189	0.06989
55 N	0.55606	0.37442	0.06952
56 I	0.54111	0.40191	0.05698
57 N	0.50261	0.43906	0.05833
58 F	0.44216	0.49851	0.05933
59 I	0.28708	0.65202	0.0609
60 N	0.27111	0.67384	0.05505
61 I	0.13470	0.82795	0.03734
62 Y	0.12133	0.84161	0.03706
63 N	0.11286	0.85051	0.03663
64 I	0.09797	0.86915	0.03288
65 I	0.09737	0.87376	0.02888
66 K	0.10338	0.86680	0.02983
67 T	0.09108	0.88521	0.0237
68 I	0.05983	0.92426	0.01591
69 F	0.05484	0.93047	0.01468
70 I	0.05132	0.93674	0.01194
71 F	0.04844	0.93991	0.01165
72 I	0.04868	0.93897	0.01235
73 W	0.06666	0.89831	0.03503
74 E	0.13889	0.76859	0.09252
75 Q	0.14556	0.73553	0.11891
76 L	0.14588	0.73038	0.12374
77 T	0.15822	0.69472	0.14707
78 T	0.15895	0.56006	0.28099
79 L	0.15222	0.53717	0.3106
80 I	0.15015	0.49336	0.35649
81 Y	0.15327	0.45634	0.39039
82 P	0.15496	0.31616	0.52888
83 L	0.16024	0.26762	0.57215
84 K	0.17972	0.11570	0.70457
85 L	0.15076	0.14146	0.70777
86 F	0.10501	0.18590	0.70909
87 S	0.10688	0.17878	0.71435
88 S	0.10586	0.19672	0.69742
89 L	0.07404	0.27548	0.65048
90 F	0.07877	0.26900	0.65222
91 D	0.08690	0.25580	0.6573
92 F	0.07590	0.49585	0.42824
93 L	0.07249	0.62527	0.30224
94 M	0.06921	0.64870	0.28209
95 Q	0.06725	0.65514	0.27761
96 I	0.04041	0.73153	0.22806
97 L	0.03703	0.73563	0.22735
98 K	0.03463	0.74079	0.22457
99 I	0.01801	0.77139	0.2106
100 F	0.01516	0.77631	0.20853
101 I	0.01409	0.77835	0.20756
102 D	0.01412	0.77225	0.21364
103 V	0.00652	0.77995	0.21353
104 F	0.00628	0.77933	0.21438
105 G	0.00640	0.77459	0.21901
106 S	0.00661	0.77214	0.22126
107 I	0.00685	0.77100	0.22215
108 I	0.00965	0.74919	0.24115
109 G	0.01634	0.69825	0.28542
110 Y	0.03100	0.67905	0.28994
111 I	0.07431	0.62662	0.29906
112 K	0.25255	0.40216	0.34529
113 S	0.27079	0.38289	0.34632
114 S	0.29102	0.36180	0.34718
115 I	0.40402	0.24658	0.3494
116 T	0.50903	0.13526	0.3557
117 S	0.53171	0.10754	0.36074
118 L	0.53705	0.09663	0.36633
119 T	0.56672	0.04532	0.38797
120 G	0.57045	0.03935	0.3902
121 Q	0.57925	0.01372	0.40702
122 K	0.58230	0.00167	0.41603
123 L	0.58233	0.00114	0.41654
124 M	0.58246	0.00096	0.41658
125 D	0.58255	0.00080	0.41666
126 P	0.58256	0.00001	0.41743
127 S	0.58257	0.00000	0.41744
128 E	0.58257	0.00000	0.41744
129 S	0.58255	0.00002	0.41743
130 T	0.58248	0.00010	0.41742
131 W	0.58081	0.00183	0.41737
132 E	0.57983	0.00293	0.41724
133 K	0.57926	0.00363	0.4171
134 L	0.57220	0.01234	0.41545
135 K	0.56768	0.01776	0.41456
136 E	0.54282	0.05479	0.40239
137 I	0.47267	0.18721	0.34011
138 A	0.44643	0.21635	0.33722
139 K	0.44016	0.22374	0.3361
140 M	0.30080	0.63016	0.06904
141 I	0.25430	0.71926	0.02644
142 F	0.24381	0.73577	0.02042
143 T	0.23160	0.75272	0.01569
144 V	0.22008	0.77079	0.00913
145 T	0.21899	0.77255	0.00846
146 V	0.21758	0.77432	0.0081
147 G	0.21696	0.77512	0.00791
148 G	0.21649	0.77574	0.00777
149 S	0.21607	0.77636	0.00757
150 V	0.21594	0.77656	0.0075
151 I	0.21591	0.77659	0.0075
152 Y	0.21601	0.77568	0.00832
153 F	0.21614	0.77396	0.00989
154 F	0.21835	0.75448	0.02717
155 K	0.28994	0.61314	0.09691
156 E	0.29438	0.57672	0.1289
157 V	0.29461	0.56922	0.13617
158 N	0.29482	0.55897	0.14621
159 S	0.29949	0.55222	0.14829
160 F	0.29520	0.55450	0.1503
161 L	0.29342	0.50392	0.20267
162 L	0.29434	0.48927	0.21639
163 N	0.56924	0.09289	0.33788
164 S	0.59567	0.05815	0.34618
165 F	0.59825	0.05336	0.34839
166 I	0.60025	0.04011	0.35964
167 K	0.60696	0.02155	0.37149
168 I	0.60620	0.02996	0.36385
169 G	0.60567	0.04852	0.34582
170 D	0.60343	0.05454	0.34203
171 L	0.45704	0.22943	0.31354
172 L	0.43158	0.30137	0.26705
173 F	0.42963	0.30692	0.26345
174 K	0.41180	0.34828	0.23992
175 I	0.02995	0.89739	0.07266
176 I	0.00715	0.93452	0.05832
177 L	0.00483	0.94951	0.04566
178 R	0.00504	0.94902	0.04595
179 I	0.00493	0.94924	0.04583
180 L	0.00494	0.94890	0.04616
181 D	0.00506	0.94833	0.04661
182 I	0.00491	0.94901	0.04608
183 I	0.00472	0.93852	0.05676
184 S	0.00464	0.93586	0.05951
185 I	0.00454	0.93594	0.05952
186 V	0.00455	0.93580	0.05966
187 L	0.00507	0.93507	0.05986
188 K	0.00562	0.93059	0.06379
189 F	0.00543	0.93088	0.06368
190 F	0.00541	0.93138	0.0632
191 L	0.01551	0.92133	0.06316
192 F	0.04251	0.89378	0.06371
193 L	0.11380	0.77744	0.10877
194 F	0.19328	0.44272	0.36401
195 K	0.32679	0.01078	0.66243
196 K	0.32104	0.01908	0.65989
197 V	0.20934	0.35329	0.43736
198 I	0.11288	0.84914	0.03798
199 I	0.01596	0.98219	0.00185
200 I	0.00428	0.99563	9e-05
201 L	0.00012	0.99982	6e-05
202 S	0.00009	0.99985	5e-05
203 F	0.00002	0.99997	1e-05
204 I	0.00002	0.99997	0
205 L	0.00004	0.99990	7e-05
206 S	0.00005	0.99981	0.00014
207 F	0.00005	0.99979	0.00016
208 F	0.00006	0.99974	0.00021
209 I	0.00007	0.99969	0.00025
210 N	0.00009	0.99958	0.00034
211 F	0.00010	0.99955	0.00035
212 L	0.00024	0.99922	0.00054
213 Y	0.00074	0.99856	0.00069
214 L	0.00133	0.99765	0.00102
215 W	0.01292	0.98227	0.00481
216 V	0.03615	0.94477	0.01909
217 F	0.15302	0.74136	0.10562
218 E	0.58305	0.12978	0.28716
219 N	0.59989	0.08929	0.31083
220 A	0.64193	0.03098	0.32709
221 K	0.66609	0.00082	0.33308
222 K	0.66642	0.00001	0.33357
223 T	0.66642	0.00000	0.33357
224 L	0.66642	0.00000	0.33357
