# tr|Q2NJ72|Q2NJ72_AYWBP
# AA	inside	membr	outside
1 M	0.99734	0.00000	0.00266
2 I	0.99734	0.00000	0.00266
3 K	0.99734	0.00000	0.00266
4 T	0.99734	0.00000	0.00266
5 N	0.99609	0.00125	0.00265
6 K	0.99609	0.00126	0.00265
7 L	0.33318	0.66420	0.00262
8 V	0.33316	0.66421	0.00262
9 K	0.31931	0.67807	0.00261
10 I	0.31882	0.68084	0.00034
11 G	0.29601	0.70366	0.00033
12 C	0.22151	0.77817	0.00032
13 F	0.01470	0.98501	0.00029
14 F	0.01468	0.98503	0.00029
15 C	0.01468	0.98518	0.00014
16 I	0.01395	0.98591	0.00014
17 L	0.01328	0.98659	0.00014
18 F	0.01327	0.98660	0.00013
19 Q	0.01285	0.98703	0.00011
20 S	0.00887	0.99111	2e-05
21 I	0.00052	0.99946	2e-05
22 F	0.00010	0.99989	1e-05
23 Y	0.00006	0.99993	1e-05
24 F	0.00000	0.99996	3e-05
25 F	0.00000	0.99953	0.00046
26 L	0.00000	0.99897	0.00103
27 I	0.00000	0.99374	0.00626
28 F	0.00006	0.98632	0.01362
29 L	0.00012	0.96817	0.03171
30 L	0.00038	0.36273	0.63689
31 S	0.00051	0.30383	0.69565
32 Q	0.00109	0.23515	0.76377
33 L	0.00221	0.19707	0.80072
34 K	0.00227	0.15482	0.84291
35 I	0.00226	0.14447	0.85327
36 L	0.00227	0.02686	0.97087
37 S	0.00228	0.02150	0.97622
38 F	0.00238	0.02102	0.9766
39 L	0.00233	0.01940	0.97827
40 G	0.00236	0.01575	0.9819
41 F	0.00237	0.01096	0.98667
42 K	0.00253	0.00291	0.99457
43 R	0.00251	0.00196	0.99553
44 Y	0.00151	0.01893	0.97956
45 Y	0.00131	0.02013	0.97856
46 I	0.00130	0.02029	0.97841
47 E	0.00128	0.02014	0.97858
48 F	0.00089	0.02057	0.97854
49 L	0.00083	0.02068	0.9785
50 S	0.00079	0.02072	0.97849
51 S	0.00076	0.02076	0.97848
52 K	0.00073	0.02080	0.97847
53 F	0.00051	0.02120	0.97829
54 Q	0.00050	0.02122	0.97827
55 I	0.00050	0.02125	0.97825
56 L	0.00050	0.02125	0.97825
57 S	0.00050	0.02124	0.97826
58 F	0.00050	0.02123	0.97827
59 L	0.00051	0.02119	0.9783
60 N	0.00054	0.02115	0.97831
61 V	0.00063	0.02105	0.97832
62 K	0.00670	0.01474	0.97857
63 V	0.00695	0.01448	0.97858
64 Y	0.01195	0.00942	0.97863
65 D	0.01686	0.00432	0.97883
66 I	0.01695	0.00420	0.97885
67 E	0.01926	0.00116	0.97958
68 I	0.01927	0.00110	0.97964
69 F	0.01929	0.00105	0.97966
70 G	0.01931	0.00084	0.97985
71 K	0.01946	0.00016	0.98038
72 K	0.01949	0.00011	0.9804
73 Y	0.01949	0.00011	0.9804
74 Y	0.01950	0.00011	0.9804
75 Y	0.01951	0.00009	0.9804
76 E	0.01958	0.00002	0.98041
77 L	0.01958	0.00003	0.9804
78 E	0.01958	0.00004	0.98039
79 N	0.01957	0.00037	0.98006
80 N	0.01945	0.00168	0.97886
81 L	0.01738	0.02634	0.95628
82 F	0.01371	0.05249	0.9338
83 H	0.01286	0.06029	0.92685
84 S	0.00686	0.25434	0.7388
85 Y	0.00327	0.42290	0.57383
86 F	0.00233	0.56840	0.42928
87 L	0.00063	0.73108	0.26828
88 E	0.00059	0.74767	0.25175
89 L	0.00018	0.91603	0.08379
90 F	0.00003	0.98099	0.01898
91 F	0.00001	0.99569	0.0043
92 G	0.00000	0.99943	0.00057
93 L	0.00000	0.99989	0.00011
94 F	0.00000	0.99999	1e-05
95 F	0.00000	1.00000	0
96 L	0.00000	1.00000	0
97 L	0.00000	1.00000	0
98 I	0.00001	0.99999	0
99 P	0.00017	0.99982	1e-05
100 F	0.00042	0.99955	2e-05
101 S	0.00154	0.99832	0.00013
102 I	0.00197	0.99787	0.00016
103 F	0.00289	0.99673	0.00037
104 L	0.01914	0.97908	0.00178
105 Y	0.04166	0.95297	0.00537
106 I	0.04880	0.94417	0.00703
107 R	0.28234	0.70416	0.0135
108 L	0.44226	0.54121	0.01653
109 F	0.65449	0.32820	0.0173
110 N	0.89752	0.08307	0.01941
111 S	0.91657	0.06392	0.01951
112 K	0.98008	0.00034	0.01958
113 S	0.98024	0.00017	0.01958
114 N	0.98040	0.00001	0.01958
115 K	0.98027	0.00014	0.01958
116 F	0.96558	0.01593	0.01849
117 T	0.96377	0.01779	0.01843
118 K	0.95577	0.02588	0.01835
119 R	0.71239	0.27442	0.01318
120 F	0.33297	0.65643	0.0106
121 C	0.21988	0.77402	0.0061
122 G	0.04522	0.95202	0.00276
123 I	0.02166	0.97718	0.00115
124 Y	0.00118	0.99877	5e-05
125 G	0.00045	0.99952	3e-05
126 L	0.00014	0.99986	0
127 I	0.00007	0.99993	0
128 W	0.00007	0.99993	0
129 G	0.00007	0.99993	0
130 L	0.00007	0.99993	0
131 F	0.00007	0.99993	0
132 P	0.00007	0.99993	0
133 G	0.00007	0.99993	0
134 I	0.00007	0.99992	1e-05
135 F	0.00007	0.99989	4e-05
136 I	0.00007	0.99970	0.00023
137 L	0.00008	0.99801	0.0019
138 F	0.00021	0.97727	0.02252
139 G	0.00244	0.89185	0.10571
140 T	0.00541	0.72183	0.27275
141 Y	0.00793	0.60188	0.39019
142 K	0.01876	0.08375	0.89749
143 K	0.01956	0.00159	0.97884
144 E	0.01964	0.00027	0.98009
145 S	0.01964	0.00008	0.98028
146 R	0.01965	0.00004	0.98031
147 W	0.01965	0.00003	0.98032
148 L	0.01965	0.00003	0.98032
149 V	0.01965	0.00001	0.98034
150 Y	0.01965	0.00000	0.98035
151 Y	0.01965	0.00000	0.98035
