# tr|Q2NJ21|Q2NJ21_AYWBP
# AA	inside	membr	outside
1 M	0.99265	0.00000	0.00735
2 E	0.99265	0.00000	0.00735
3 S	0.99265	0.00000	0.00735
4 N	0.99265	0.00000	0.00735
5 K	0.99265	0.00000	0.00735
6 V	0.99265	0.00000	0.00735
7 N	0.99265	0.00000	0.00735
8 N	0.99265	0.00000	0.00735
9 S	0.99265	0.00000	0.00735
10 F	0.99265	0.00001	0.00734
11 T	0.99265	0.00001	0.00734
12 Q	0.99265	0.00001	0.00734
13 I	0.99265	0.00001	0.00734
14 K	0.99265	0.00001	0.00734
15 N	0.99265	0.00001	0.00734
16 N	0.99265	0.00001	0.00734
17 F	0.99265	0.00001	0.00734
18 L	0.99265	0.00001	0.00734
19 S	0.99265	0.00001	0.00734
20 L	0.99265	0.00001	0.00734
21 F	0.99265	0.00001	0.00734
22 E	0.99265	0.00001	0.00734
23 K	0.99265	0.00001	0.00734
24 N	0.99265	0.00001	0.00734
25 T	0.99265	0.00001	0.00734
26 Y	0.99265	0.00001	0.00734
27 N	0.99265	0.00001	0.00734
28 N	0.99264	0.00002	0.00734
29 I	0.99257	0.00009	0.00734
30 A	0.99230	0.00037	0.00734
31 T	0.99222	0.00045	0.00733
32 R	0.99156	0.00113	0.00732
33 K	0.98356	0.00915	0.00729
34 G	0.78974	0.20384	0.00641
35 I	0.20815	0.78913	0.00272
36 S	0.19602	0.80140	0.00259
37 L	0.18448	0.81305	0.00246
38 K	0.17758	0.82006	0.00236
39 T	0.13088	0.86793	0.00118
40 I	0.00408	0.99580	0.00011
41 L	0.00041	0.99951	9e-05
42 L	0.00008	0.99984	7e-05
43 L	0.00003	0.99991	6e-05
44 C	0.00003	0.99991	6e-05
45 V	0.00003	0.99991	6e-05
46 T	0.00003	0.99992	6e-05
47 A	0.00003	0.99991	6e-05
48 I	0.00003	0.99991	6e-05
49 T	0.00003	0.99991	6e-05
50 S	0.00003	0.99989	9e-05
51 M	0.00003	0.99976	0.00022
52 F	0.00003	0.99926	0.00072
53 F	0.00003	0.98579	0.01418
54 Y	0.00007	0.97853	0.0214
55 P	0.00050	0.95431	0.04518
56 I	0.00059	0.93849	0.06091
57 L	0.00151	0.78106	0.21743
58 K	0.00569	0.06712	0.92718
59 P	0.00586	0.06572	0.92842
60 V	0.00587	0.06527	0.92886
61 I	0.00597	0.06453	0.9295
62 L	0.00634	0.05611	0.93755
63 K	0.00730	0.00081	0.9919
64 K	0.00711	0.00111	0.99178
65 L	0.00686	0.01602	0.97712
66 N	0.00662	0.08907	0.90432
67 I	0.00527	0.90399	0.09074
68 H	0.00489	0.91767	0.07743
69 T	0.00316	0.95036	0.04647
70 I	0.00004	0.97998	0.01998
71 Y	0.00001	0.99395	0.00604
72 F	0.00001	0.99991	8e-05
73 S	0.00001	0.99993	6e-05
74 M	0.00001	0.99995	4e-05
75 I	0.00001	0.99996	3e-05
76 T	0.00001	0.99997	3e-05
77 L	0.00001	0.99997	3e-05
78 G	0.00001	0.99997	3e-05
79 F	0.00001	0.99997	3e-05
80 L	0.00001	0.99996	3e-05
81 N	0.00002	0.99996	3e-05
82 Y	0.00003	0.99994	3e-05
83 G	0.00008	0.99989	3e-05
84 I	0.00027	0.99970	3e-05
85 Y	0.00581	0.99411	8e-05
86 F	0.03558	0.96415	0.00027
87 A	0.17726	0.82203	0.00071
88 G	0.23622	0.76231	0.00147
89 L	0.33820	0.65902	0.00278
90 K	0.98766	0.00511	0.00723
91 K	0.99055	0.00213	0.00732
92 V	0.98992	0.00276	0.00732
93 E	0.98976	0.00292	0.00731
94 I	0.96159	0.03111	0.00729
95 S	0.95813	0.03459	0.00729
96 K	0.92859	0.06413	0.00728
97 A	0.91128	0.08173	0.00698
98 C	0.55816	0.43599	0.00584
99 G	0.45266	0.54554	0.00179
100 L	0.23406	0.76519	0.00075
101 I	0.09547	0.90413	0.0004
102 Y	0.00207	0.99767	0.00026
103 S	0.00165	0.99819	0.00016
104 F	0.00152	0.99846	3e-05
105 I	0.00132	0.99865	2e-05
106 E	0.00125	0.99872	2e-05
107 G	0.00108	0.99890	2e-05
108 I	0.00075	0.99924	1e-05
109 I	0.00044	0.99956	1e-05
110 L	0.00018	0.99980	2e-05
111 S	0.00017	0.99980	3e-05
112 I	0.00015	0.99980	4e-05
113 F	0.00015	0.99975	0.00011
114 F	0.00014	0.99907	0.00079
115 V	0.00014	0.99408	0.00577
116 F	0.00017	0.95234	0.04749
117 L	0.00027	0.90433	0.0954
118 N	0.00104	0.79503	0.20392
119 L	0.00123	0.80418	0.19459
120 V	0.00146	0.80561	0.19292
121 Y	0.00302	0.55429	0.44269
122 A	0.00569	0.45648	0.53783
123 N	0.00595	0.25376	0.74029
124 L	0.00438	0.33459	0.66103
125 V	0.00339	0.51338	0.48323
126 E	0.00324	0.54687	0.4499
127 I	0.00205	0.83218	0.16577
128 A	0.00031	0.91666	0.08304
129 F	0.00004	0.96983	0.03013
130 M	0.00001	0.98398	0.01601
131 A	0.00001	0.99030	0.00969
132 I	0.00000	0.99936	0.00064
133 F	0.00000	0.99974	0.00026
134 A	0.00000	0.99985	0.00014
135 T	0.00000	0.99986	0.00013
136 F	0.00000	0.99987	0.00013
137 I	0.00000	0.99986	0.00013
138 L	0.00001	0.99984	0.00015
139 F	0.00012	0.99971	0.00017
140 V	0.00174	0.99796	0.00029
141 A	0.01468	0.98485	0.00046
142 M	0.12350	0.87561	0.00089
143 S	0.20693	0.79138	0.00169
144 Q	0.31381	0.68434	0.00184
145 A	0.32692	0.67072	0.00236
146 Y	0.33557	0.66114	0.00329
147 Y	0.39254	0.60201	0.00546
148 K	0.68922	0.30277	0.00801
149 G	0.70339	0.28858	0.00804
150 F	0.85466	0.13722	0.00813
151 I	0.92274	0.06902	0.00825
152 K	0.98897	0.00272	0.00832
153 V	0.99014	0.00154	0.00832
154 T	0.99095	0.00074	0.00832
155 N	0.99102	0.00069	0.00829
156 R	0.98742	0.00502	0.00755
157 F	0.98264	0.01145	0.00591
158 R	0.98184	0.01241	0.00575
159 Q	0.93941	0.05629	0.00431
160 I	0.72334	0.27373	0.00294
161 M	0.66286	0.33532	0.00182
162 L	0.31853	0.68100	0.00047
163 Y	0.27289	0.72667	0.00043
164 C	0.09886	0.90080	0.00033
165 S	0.08939	0.91036	0.00025
166 F	0.06767	0.93223	0.0001
167 A	0.04141	0.95857	2e-05
168 L	0.00405	0.99594	1e-05
169 I	0.00220	0.99780	0
170 V	0.00199	0.99801	0
171 S	0.00149	0.99850	0
172 Y	0.00112	0.99888	0
173 I	0.00109	0.99891	0
174 V	0.00109	0.99882	9e-05
175 R	0.00112	0.99737	0.00151
176 L	0.00112	0.99717	0.0017
177 V	0.00125	0.99480	0.00394
178 L	0.00151	0.98821	0.01028
179 S	0.00342	0.88283	0.11375
180 L	0.00490	0.74176	0.25334
181 C	0.00512	0.73329	0.26159
182 G	0.00577	0.72436	0.26986
183 I	0.00660	0.70612	0.28728
184 W	0.00758	0.64808	0.34434
185 T	0.00896	0.34786	0.64318
186 I	0.00901	0.30748	0.68351
187 E	0.00931	0.06390	0.92679
188 N	0.00910	0.05603	0.93487
189 I	0.00775	0.18608	0.80616
190 I	0.00524	0.22734	0.76742
191 Y	0.00235	0.27379	0.72386
192 N	0.00199	0.28845	0.70956
193 S	0.00071	0.48587	0.51341
194 F	0.00024	0.80808	0.19167
195 L	0.00010	0.85057	0.14933
196 T	0.00006	0.97630	0.02364
197 F	0.00002	0.99005	0.00993
198 P	0.00001	0.99299	0.007
199 I	0.00000	0.99854	0.00146
200 S	0.00000	0.99879	0.00121
201 L	0.00000	0.99988	0.00011
202 I	0.00000	0.99989	0.0001
203 M	0.00000	0.99989	0.0001
204 L	0.00000	0.99989	0.0001
205 G	0.00001	0.99989	0.0001
206 F	0.00003	0.99986	0.00011
207 V	0.00007	0.99981	0.00012
208 S	0.00028	0.99953	0.00019
209 M	0.00073	0.99904	0.00023
210 F	0.00105	0.99868	0.00027
211 L	0.00369	0.99579	0.00051
212 A	0.13471	0.86352	0.00177
213 F	0.18211	0.81348	0.00441
214 H	0.45572	0.53693	0.00735
215 F	0.54155	0.45068	0.00776
216 D	0.93064	0.06023	0.00913
217 Y	0.95699	0.03363	0.00937
218 A	0.96965	0.02088	0.00947
219 E	0.98926	0.00124	0.00949
220 Q	0.99019	0.00031	0.0095
221 M	0.99022	0.00028	0.0095
222 I	0.99043	0.00006	0.0095
223 K	0.99048	0.00001	0.0095
224 Q	0.99050	0.00000	0.0095
225 G	0.99049	0.00000	0.0095
226 M	0.99049	0.00000	0.0095
227 P	0.99049	0.00001	0.0095
228 K	0.99044	0.00006	0.0095
229 K	0.99012	0.00038	0.0095
230 Y	0.96560	0.02524	0.00915
231 E	0.95744	0.03346	0.00909
232 W	0.76873	0.22394	0.00733
233 Q	0.74798	0.24518	0.00683
234 V	0.40439	0.58942	0.00619
235 S	0.21095	0.78523	0.00382
236 L	0.00915	0.99051	0.00034
237 A	0.00315	0.99672	0.00013
238 F	0.00103	0.99892	5e-05
239 A	0.00070	0.99928	2e-05
240 T	0.00066	0.99934	1e-05
241 I	0.00063	0.99937	0
242 L	0.00062	0.99938	0
243 I	0.00062	0.99938	0
244 E	0.00062	0.99938	0
245 I	0.00062	0.99938	0
246 F	0.00062	0.99938	0
247 L	0.00062	0.99933	5e-05
248 R	0.00062	0.99861	0.00077
249 I	0.00062	0.99832	0.00105
250 M	0.00063	0.99580	0.00357
251 L	0.00064	0.99297	0.0064
252 I	0.00072	0.96837	0.03091
253 L	0.00127	0.85771	0.14102
254 L	0.00139	0.79485	0.20376
255 R	0.00326	0.57244	0.42431
256 L	0.00350	0.55478	0.44172
257 F	0.00409	0.35410	0.64181
258 G	0.00662	0.19084	0.80254
259 Q	0.01003	0.00819	0.98178
260 E	0.01012	0.00009	0.98979
261 R	0.01012	0.00001	0.98987
262 K	0.01012	0.00000	0.98988
