# tr|Q2NJ63|Q2NJ63_AYWBP
# AA	inside	membr	outside
1 M	0.96502	0.00000	0.03498
2 L	0.96502	0.00000	0.03498
3 N	0.96502	0.00000	0.03498
4 N	0.96502	0.00000	0.03498
5 Q	0.96501	0.00002	0.03498
6 K	0.96501	0.00021	0.03479
7 N	0.80841	0.15791	0.03368
8 V	0.80840	0.15795	0.03365
9 L	0.79387	0.17279	0.03334
10 R	0.79387	0.18072	0.02541
11 K	0.78463	0.19172	0.02365
12 I	0.19854	0.79523	0.00623
13 I	0.00175	0.99553	0.00272
14 A	0.00172	0.99556	0.00272
15 V	0.00172	0.99818	0.0001
16 S	0.00095	0.99895	0.0001
17 F	0.00051	0.99940	9e-05
18 L	0.00051	0.99940	9e-05
19 L	0.00049	0.99943	9e-05
20 F	0.00047	0.99945	8e-05
21 L	0.00047	0.99945	8e-05
22 A	0.00047	0.99941	0.00013
23 F	0.00047	0.99934	0.00019
24 V	0.00047	0.99907	0.00046
25 L	0.00048	0.99279	0.00672
26 E	0.00052	0.98139	0.01808
27 L	0.00053	0.93476	0.0647
28 L	0.00086	0.91819	0.08096
29 S	0.00564	0.85215	0.14221
30 R	0.02039	0.71224	0.26738
31 Y	0.02148	0.68399	0.29452
32 T	0.02281	0.43694	0.54025
33 I	0.02400	0.37611	0.59989
34 N	0.02488	0.16233	0.81279
35 A	0.03392	0.05736	0.90872
36 G	0.03311	0.04904	0.91785
37 I	0.03261	0.08311	0.88428
38 P	0.03318	0.08808	0.87875
39 C	0.03288	0.11059	0.85653
40 N	0.03238	0.13205	0.83557
41 Y	0.01122	0.51464	0.47414
42 S	0.00766	0.62818	0.36416
43 F	0.00650	0.87201	0.12149
44 F	0.00616	0.93467	0.05916
45 R	0.00614	0.93693	0.05693
46 I	0.00533	0.94505	0.04963
47 E	0.00500	0.94645	0.04855
48 L	0.00375	0.96050	0.03574
49 I	0.00238	0.98512	0.0125
50 F	0.00106	0.99015	0.0088
51 I	0.00071	0.99237	0.00692
52 I	0.00050	0.99321	0.00629
53 L	0.00046	0.99345	0.00609
54 I	0.00050	0.99380	0.0057
55 G	0.00086	0.99346	0.00567
56 Y	0.00832	0.98599	0.00569
57 L	0.01609	0.97819	0.00573
58 F	0.06174	0.93224	0.00602
59 G	0.25515	0.72858	0.01626
60 P	0.55194	0.42311	0.02495
61 K	0.82552	0.14135	0.03313
62 Y	0.71366	0.25978	0.02656
63 G	0.57717	0.40278	0.02005
64 F	0.31275	0.67908	0.00817
65 W	0.18600	0.80925	0.00475
66 A	0.18916	0.80665	0.0042
67 S	0.05273	0.94307	0.00421
68 L	0.02394	0.97309	0.00297
69 F	0.02016	0.97713	0.00271
70 Y	0.01210	0.98540	0.00249
71 L	0.01156	0.98553	0.00291
72 L	0.02243	0.97376	0.00382
73 I	0.02868	0.96623	0.00509
74 H	0.03409	0.95999	0.00591
75 Y	0.03618	0.95747	0.00636
76 V	0.03692	0.95644	0.00664
77 L	0.03817	0.95438	0.00745
78 E	0.04268	0.94673	0.01059
79 F	0.04317	0.94510	0.01174
80 Y	0.04431	0.93684	0.01884
81 F	0.04569	0.92283	0.03148
82 M	0.05467	0.83478	0.11056
83 E	0.06030	0.66084	0.27886
84 M	0.06087	0.64076	0.29837
85 L	0.06177	0.56496	0.37327
86 L	0.06339	0.46971	0.46689
87 N	0.07249	0.17847	0.74904
88 H	0.07648	0.10744	0.81608
89 T	0.07800	0.09497	0.82702
90 H	0.07856	0.00630	0.91514
91 Q	0.07878	0.00151	0.91972
92 N	0.07878	0.00062	0.9206
93 H	0.07878	0.00025	0.92098
94 N	0.07878	0.00015	0.92107
95 H	0.07878	0.00000	0.92122
96 S	0.07878	0.00000	0.92122
97 H	0.07878	0.00000	0.92122
98 H	0.07878	0.00000	0.92122
99 H	0.07878	0.00000	0.92122
100 K	0.07878	0.00000	0.92122
101 N	0.07878	0.00001	0.92122
102 E	0.07878	0.00002	0.92121
103 N	0.07873	0.00010	0.92118
104 A	0.07743	0.00193	0.92063
105 S	0.07726	0.00327	0.91947
106 K	0.07610	0.04667	0.87722
107 S	0.06326	0.11451	0.82222
108 F	0.05262	0.20999	0.73739
109 I	0.00608	0.91634	0.07758
110 F	0.00095	0.97494	0.02411
111 L	0.00021	0.99640	0.00339
112 Y	0.00018	0.99749	0.00233
113 R	0.00017	0.99784	0.00199
114 F	0.00012	0.99952	0.00036
115 F	0.00012	0.99963	0.00025
116 L	0.00012	0.99964	0.00024
117 P	0.00012	0.99964	0.00024
118 Y	0.00012	0.99964	0.00024
119 F	0.00012	0.99964	0.00024
120 V	0.00012	0.99964	0.00024
121 C	0.00013	0.99962	0.00025
122 S	0.00016	0.99955	0.00029
123 F	0.00018	0.99953	0.00029
124 S	0.00021	0.99949	0.0003
125 G	0.00031	0.99937	0.00032
126 L	0.00061	0.99894	0.00046
127 F	0.00462	0.96024	0.03513
128 Y	0.04906	0.91034	0.04059
129 R	0.85663	0.07042	0.07295
130 K	0.91725	0.00590	0.07685
131 N	0.91895	0.00370	0.07735
132 L	0.91951	0.00165	0.07884
133 N	0.92091	0.00018	0.07891
134 H	0.92105	0.00004	0.07891
135 L	0.92101	0.00008	0.07891
136 T	0.92102	0.00007	0.07891
137 K	0.92101	0.00008	0.07891
138 K	0.92039	0.00097	0.07863
139 T	0.90917	0.01393	0.0769
140 P	0.80164	0.12433	0.07403
141 I	0.01806	0.97611	0.00583
142 I	0.00344	0.99513	0.00142
143 I	0.00258	0.99727	0.00016
144 T	0.00208	0.99788	4e-05
145 L	0.00052	0.99946	3e-05
146 V	0.00017	0.99982	2e-05
147 L	0.00008	0.99991	1e-05
148 I	0.00004	0.99995	1e-05
149 S	0.00003	0.99996	1e-05
150 V	0.00003	0.99996	1e-05
151 V	0.00003	0.99996	1e-05
152 Q	0.00003	0.99996	1e-05
153 I	0.00003	0.99996	1e-05
154 T	0.00003	0.99995	2e-05
155 S	0.00003	0.99993	4e-05
156 S	0.00003	0.99991	6e-05
157 I	0.00003	0.99985	0.00011
158 L	0.00003	0.99952	0.00045
159 F	0.00004	0.99722	0.00274
160 I	0.00017	0.98991	0.00992
161 N	0.00170	0.92291	0.07539
162 L	0.00316	0.90832	0.08852
163 L	0.00721	0.79500	0.19779
164 Q	0.07569	0.02418	0.90013
165 E	0.07848	0.00308	0.91844
166 N	0.07888	0.00169	0.91943
167 F	0.07890	0.00139	0.91971
168 T	0.07892	0.00047	0.9206
169 K	0.07893	0.00001	0.92106
170 K	0.07893	0.00000	0.92107
171 T	0.07893	0.00000	0.92107
172 F	0.07892	0.00001	0.92106
173 L	0.07892	0.00001	0.92106
174 K	0.07892	0.00002	0.92106
175 W	0.07890	0.00019	0.92091
176 F	0.07889	0.00027	0.92084
177 M	0.07889	0.00038	0.92073
178 Q	0.07889	0.00145	0.91967
179 S	0.07886	0.00157	0.91957
180 P	0.07849	0.00472	0.91679
181 Y	0.07798	0.00770	0.91432
182 Y	0.07669	0.01409	0.90922
183 S	0.06940	0.04066	0.88994
184 W	0.03039	0.08655	0.88306
185 S	0.02829	0.10925	0.86246
186 F	0.01978	0.28059	0.69963
187 N	0.00898	0.44690	0.54412
188 L	0.00399	0.62853	0.36748
189 I	0.00146	0.96052	0.03802
190 Y	0.00098	0.97782	0.02121
191 S	0.00038	0.98709	0.01252
192 F	0.00013	0.99670	0.00316
193 S	0.00012	0.99747	0.00242
194 S	0.00008	0.99920	0.00072
195 V	0.00003	0.99976	0.0002
196 I	0.00002	0.99994	4e-05
197 V	0.00003	0.99994	3e-05
198 S	0.00008	0.99986	5e-05
199 N	0.00010	0.99984	6e-05
200 T	0.00012	0.99982	6e-05
201 I	0.00014	0.99980	6e-05
202 I	0.00016	0.99970	0.00013
203 G	0.00072	0.99868	0.00061
204 A	0.00118	0.99737	0.00145
205 L	0.00176	0.99568	0.00256
206 F	0.00811	0.98421	0.00768
207 Y	0.01378	0.95330	0.03292
208 L	0.04486	0.91801	0.03713
209 I	0.21220	0.74020	0.0476
210 N	0.42621	0.50547	0.06832
211 L	0.56979	0.35718	0.07303
212 R	0.90889	0.01395	0.07717
213 L	0.91286	0.00966	0.07749
214 K	0.92058	0.00052	0.0789
215 D	0.92104	0.00001	0.07895
216 N	0.92105	0.00000	0.07895
217 M	0.92105	0.00000	0.07895
218 E	0.92105	0.00000	0.07895
219 F	0.92105	0.00000	0.07895
220 L	0.92105	0.00000	0.07895
221 Y	0.92105	0.00000	0.07895
222 G	0.92105	0.00000	0.07895
223 F	0.92105	0.00000	0.07895
224 S	0.92105	0.00000	0.07895
225 K	0.92105	0.00000	0.07895
226 E	0.92105	0.00000	0.07895
227 H	0.92105	0.00000	0.07895
