# tr|Q2NIX4|Q2NIX4_AYWBP
# AA	inside	membr	outside
1 M	0.93108	0.00000	0.06892
2 K	0.93108	0.00000	0.06892
3 R	0.93108	0.00000	0.06892
4 Q	0.93108	0.00000	0.06892
5 L	0.93108	0.00001	0.06892
6 K	0.93108	0.00001	0.06892
7 L	0.93012	0.00097	0.06892
8 V	0.93012	0.00097	0.06892
9 L	0.92968	0.00141	0.06892
10 G	0.92968	0.00142	0.0689
11 N	0.92965	0.00145	0.0689
12 R	0.91379	0.01731	0.0689
13 K	0.73089	0.20026	0.06885
14 L	0.72957	0.20158	0.06884
15 M	0.72957	0.24588	0.02456
16 F	0.49920	0.47625	0.02456
17 K	0.41856	0.55725	0.02419
18 I	0.39719	0.59408	0.00873
19 F	0.18906	0.80359	0.00735
20 F	0.03244	0.96694	0.00062
21 T	0.00296	0.99643	0.00061
22 L	0.00010	0.99981	9e-05
23 F	0.00004	0.99995	2e-05
24 I	0.00003	0.99996	0
25 I	0.00003	0.99996	0
26 S	0.00003	0.99995	1e-05
27 I	0.00003	0.99994	2e-05
28 V	0.00003	0.99992	5e-05
29 C	0.00004	0.99980	0.00016
30 L	0.00004	0.99902	0.00095
31 G	0.00005	0.99761	0.00233
32 T	0.00008	0.99659	0.00334
33 S	0.00035	0.99318	0.00648
34 W	0.00044	0.99178	0.00778
35 P	0.00121	0.93393	0.06486
36 L	0.00136	0.78103	0.21761
37 P	0.00683	0.73511	0.25805
38 F	0.04645	0.65896	0.29459
39 I	0.04841	0.33477	0.61682
40 N	0.05403	0.10306	0.84291
41 S	0.06663	0.06337	0.86999
42 K	0.06752	0.00386	0.92861
43 S	0.06874	0.00076	0.93049
44 L	0.06862	0.00093	0.93045
45 D	0.06879	0.00081	0.9304
46 L	0.06756	0.00316	0.92928
47 S	0.06634	0.00522	0.92844
48 K	0.06551	0.01280	0.92168
49 L	0.02595	0.24611	0.72793
50 F	0.01527	0.35423	0.63049
51 G	0.01374	0.37572	0.61055
52 V	0.00474	0.41603	0.57923
53 F	0.00131	0.66976	0.32893
54 S	0.00116	0.70080	0.29804
55 I	0.00105	0.75947	0.23949
56 N	0.00093	0.83874	0.16034
57 A	0.00046	0.88998	0.10956
58 G	0.00031	0.92530	0.07439
59 T	0.00025	0.97492	0.02483
60 L	0.00011	0.98692	0.01297
61 F	0.00009	0.99142	0.00849
62 G	0.00009	0.99224	0.00767
63 L	0.00009	0.99296	0.00695
64 G	0.00018	0.99302	0.0068
65 I	0.00039	0.99293	0.00668
66 T	0.00171	0.99144	0.00684
67 P	0.00538	0.98716	0.00746
68 Y	0.00762	0.98453	0.00786
69 I	0.01498	0.97427	0.01076
70 T	0.03596	0.94684	0.01721
71 S	0.05854	0.91846	0.023
72 S	0.20126	0.74430	0.05444
73 I	0.26210	0.67832	0.05958
74 V	0.27498	0.66361	0.06142
75 V	0.31000	0.62034	0.06965
76 Q	0.56525	0.36143	0.07332
77 F	0.58893	0.33749	0.07358
78 L	0.64436	0.28172	0.07391
79 Q	0.84187	0.08343	0.07471
80 K	0.89845	0.02625	0.0753
81 L	0.90611	0.01854	0.07535
82 L	0.91678	0.00784	0.07538
83 P	0.92191	0.00268	0.07541
84 I	0.92253	0.00206	0.07541
85 C	0.92389	0.00069	0.07541
86 R	0.92447	0.00011	0.07542
87 E	0.92453	0.00005	0.07542
88 W	0.92454	0.00004	0.07542
89 K	0.92458	0.00000	0.07542
90 D	0.92458	0.00000	0.07542
91 Q	0.92458	0.00000	0.07542
92 G	0.92457	0.00001	0.07542
93 Q	0.92456	0.00002	0.07542
94 M	0.92410	0.00049	0.07542
95 G	0.92307	0.00151	0.07542
96 K	0.91582	0.00876	0.07542
97 S	0.88732	0.03729	0.0754
98 K	0.85884	0.06580	0.07536
99 L	0.59680	0.32895	0.07425
100 N	0.41902	0.52230	0.05869
101 L	0.12499	0.84876	0.02624
102 L	0.07636	0.90136	0.02227
103 T	0.07051	0.91025	0.01924
104 R	0.06264	0.92099	0.01637
105 S	0.04797	0.94154	0.01049
106 L	0.03092	0.96630	0.00278
107 A	0.02942	0.96856	0.00202
108 L	0.02394	0.97467	0.00139
109 L	0.02362	0.97514	0.00124
110 F	0.02355	0.97532	0.00113
111 A	0.02354	0.97536	0.0011
112 F	0.02353	0.97535	0.00112
113 G	0.02353	0.97527	0.0012
114 Q	0.02353	0.97487	0.0016
115 S	0.02353	0.97400	0.00247
116 F	0.02353	0.97222	0.00425
117 A	0.02354	0.93715	0.03931
118 F	0.02358	0.91664	0.05978
119 L	0.02429	0.69523	0.28047
120 N	0.02592	0.43107	0.543
121 S	0.02780	0.31546	0.65674
122 Y	0.03038	0.18963	0.77999
123 S	0.05609	0.11989	0.82402
124 K	0.08806	0.03770	0.87424
125 L	0.08773	0.03741	0.87486
126 L	0.08749	0.03623	0.87628
127 V	0.08829	0.03275	0.87896
128 T	0.09066	0.02922	0.88012
129 S	0.09310	0.03129	0.87561
130 I	0.08534	0.08450	0.83016
131 S	0.08414	0.26326	0.65261
132 T	0.08266	0.30788	0.60945
133 S	0.07726	0.48628	0.43646
134 Q	0.06242	0.75963	0.17795
135 L	0.00995	0.91661	0.07344
136 F	0.00070	0.99213	0.00717
137 L	0.00012	0.99650	0.00338
138 L	0.00002	0.99954	0.00044
139 A	0.00001	0.99979	0.0002
140 L	0.00001	0.99982	0.00017
141 I	0.00001	0.99983	0.00016
142 A	0.00001	0.99983	0.00016
143 T	0.00001	0.99982	0.00017
144 A	0.00001	0.99982	0.00017
145 G	0.00001	0.99979	0.00019
146 V	0.00002	0.99972	0.00026
147 S	0.00003	0.99961	0.00036
148 I	0.00062	0.99883	0.00056
149 L	0.00193	0.99733	0.00073
150 I	0.00400	0.99502	0.00097
151 W	0.00898	0.98862	0.0024
152 F	0.03115	0.96195	0.0069
153 A	0.09256	0.87820	0.02924
154 D	0.75747	0.19974	0.04279
155 L	0.76190	0.19006	0.04804
156 I	0.86851	0.07087	0.06062
157 N	0.88655	0.03254	0.08091
158 S	0.89567	0.00735	0.09698
159 K	0.89367	0.00959	0.09675
160 G	0.20436	0.72134	0.07431
161 I	0.18929	0.75427	0.05643
162 G	0.13496	0.81950	0.04554
163 N	0.12250	0.83942	0.03807
164 G	0.10240	0.86480	0.0328
165 T	0.05984	0.91344	0.02672
166 S	0.04393	0.93371	0.02235
167 I	0.03493	0.96202	0.00305
168 L	0.03374	0.96477	0.00148
169 I	0.03369	0.96491	0.0014
170 V	0.03368	0.96495	0.00136
171 V	0.03368	0.96498	0.00134
172 S	0.03368	0.96499	0.00133
173 M	0.03368	0.96497	0.00134
174 S	0.03368	0.96493	0.00138
175 H	0.03368	0.96481	0.00151
176 S	0.03368	0.96473	0.0016
177 V	0.03368	0.96457	0.00175
178 I	0.03372	0.95965	0.00663
179 N	0.03554	0.94501	0.01945
180 L	0.03781	0.91265	0.04955
181 F	0.04112	0.90470	0.05418
182 A	0.05212	0.88503	0.06285
183 N	0.08039	0.17589	0.74372
184 L	0.09377	0.15543	0.7508
185 N	0.10711	0.03476	0.85812
186 K	0.11187	0.02144	0.86669
187 S	0.11334	0.01963	0.86703
188 Y	0.11564	0.01643	0.86793
189 L	0.11707	0.01481	0.86811
190 S	0.12967	0.00097	0.86936
191 Q	0.13033	0.00015	0.86951
192 N	0.13029	0.00136	0.86835
193 T	0.13004	0.00706	0.86289
194 F	0.12821	0.01162	0.86017
195 L	0.12732	0.01436	0.85832
196 T	0.12673	0.01685	0.85642
197 L	0.12001	0.16427	0.71572
198 K	0.11930	0.16651	0.71419
199 T	0.10376	0.32285	0.5734
200 F	0.07326	0.37236	0.55438
201 N	0.06506	0.38496	0.54997
202 F	0.01174	0.96082	0.02744
203 A	0.00750	0.96852	0.02397
204 C	0.00427	0.97866	0.01707
205 I	0.00081	0.99357	0.00562
206 V	0.00012	0.99878	0.0011
207 L	0.00003	0.99963	0.00034
208 L	0.00001	0.99986	0.00013
209 L	0.00000	0.99997	3e-05
210 L	0.00000	0.99999	1e-05
211 L	0.00000	0.99999	0
212 F	0.00001	0.99998	0
213 L	0.00005	0.99995	1e-05
214 I	0.00014	0.99983	2e-05
215 F	0.00094	0.99894	0.00012
216 T	0.00631	0.99319	0.0005
217 V	0.00867	0.98943	0.0019
218 V	0.01058	0.98647	0.00295
219 V	0.02152	0.97405	0.00444
220 Q	0.19924	0.78613	0.01463
221 I	0.20379	0.77937	0.01684
222 T	0.33387	0.62577	0.04036
223 S	0.35332	0.57514	0.07154
224 L	0.36177	0.55711	0.08113
225 K	0.84761	0.02374	0.12865
226 I	0.84904	0.02212	0.12883
227 P	0.85465	0.01592	0.12942
228 I	0.86079	0.00956	0.12966
229 N	0.86782	0.00198	0.1302
230 Y	0.86878	0.00093	0.13029
231 A	0.86921	0.00046	0.13034
232 R	0.86953	0.00012	0.13036
233 N	0.86959	0.00005	0.13036
234 Q	0.86962	0.00002	0.13037
235 V	0.86958	0.00006	0.13037
236 Q	0.86940	0.00023	0.13037
237 G	0.86372	0.00593	0.13035
238 K	0.86213	0.00754	0.13033
239 S	0.82565	0.04447	0.12989
240 Y	0.71433	0.15583	0.12985
241 I	0.66589	0.20441	0.12971
242 P	0.63268	0.23764	0.12969
243 L	0.60053	0.26980	0.12967
244 K	0.58808	0.28228	0.12964
245 I	0.25618	0.61442	0.12941
246 N	0.23533	0.63541	0.12926
247 S	0.21413	0.65864	0.12723
248 A	0.13811	0.76295	0.09893
249 G	0.06155	0.90269	0.03576
250 V	0.03678	0.95314	0.01008
251 M	0.03471	0.95690	0.00839
252 P	0.02935	0.96484	0.0058
253 V	0.01214	0.98592	0.00194
254 I	0.00821	0.99087	0.00093
255 L	0.00798	0.99112	0.00089
256 S	0.00797	0.99098	0.00105
257 F	0.00797	0.99062	0.00141
258 A	0.00798	0.98871	0.00331
259 L	0.00801	0.98356	0.00844
260 L	0.00808	0.94385	0.04808
261 Q	0.00837	0.90485	0.08679
262 P	0.00852	0.86106	0.13042
263 F	0.00853	0.79862	0.19284
264 Q	0.00859	0.74260	0.24881
265 M	0.00860	0.69516	0.29624
266 L	0.00861	0.64964	0.34175
267 A	0.00865	0.62656	0.36479
268 G	0.00894	0.38022	0.61084
269 F	0.00918	0.35504	0.63578
270 I	0.01083	0.33485	0.65431
271 G	0.03804	0.22988	0.73208
272 N	0.11178	0.05655	0.83167
273 D	0.13715	0.00098	0.86187
274 K	0.13744	0.00045	0.86211
275 L	0.13745	0.00041	0.86214
276 T	0.13748	0.00025	0.86228
277 K	0.13748	0.00009	0.86243
278 Y	0.13748	0.00009	0.86243
279 V	0.13748	0.00009	0.86243
280 N	0.13749	0.00008	0.86243
281 L	0.13749	0.00008	0.86243
282 F	0.13750	0.00008	0.86242
283 T	0.13755	0.00003	0.86242
284 N	0.13756	0.00003	0.86242
285 T	0.13756	0.00012	0.86233
286 N	0.13756	0.00015	0.86229
287 S	0.13754	0.00231	0.86015
288 S	0.13750	0.00527	0.85724
289 N	0.13735	0.01085	0.8518
290 N	0.13532	0.05494	0.80974
291 Q	0.12005	0.34797	0.53198
292 I	0.01474	0.75948	0.22577
293 N	0.00895	0.78691	0.20414
294 F	0.00136	0.93327	0.06537
295 F	0.00027	0.98637	0.01336
296 A	0.00012	0.99697	0.00291
297 I	0.00003	0.99942	0.00054
298 G	0.00002	0.99975	0.00024
299 F	0.00000	0.99996	4e-05
300 L	0.00000	0.99999	1e-05
301 V	0.00000	1.00000	0
302 L	0.00000	1.00000	0
303 L	0.00000	1.00000	0
304 V	0.00000	1.00000	0
305 I	0.00001	0.99999	0
306 V	0.00004	0.99996	0
307 L	0.00025	0.99973	1e-05
308 S	0.00213	0.99779	8e-05
309 F	0.00415	0.99564	0.00022
310 F	0.01647	0.98219	0.00134
311 S	0.06866	0.92612	0.00522
312 A	0.12951	0.86160	0.00889
313 F	0.19335	0.79280	0.01384
314 M	0.50364	0.46419	0.03217
315 N	0.72607	0.14735	0.12658
316 V	0.73897	0.13073	0.13031
317 N	0.81966	0.04340	0.13693
318 P	0.85638	0.00612	0.1375
319 E	0.86205	0.00039	0.13756
320 D	0.86242	0.00001	0.13757
321 I	0.86243	0.00001	0.13757
322 S	0.86243	0.00000	0.13757
323 E	0.86243	0.00000	0.13757
324 H	0.86243	0.00000	0.13757
325 L	0.86243	0.00000	0.13757
326 S	0.86243	0.00000	0.13757
327 K	0.86243	0.00000	0.13757
328 Q	0.86243	0.00000	0.13757
329 D	0.86243	0.00000	0.13757
330 A	0.86243	0.00000	0.13757
331 Y	0.86243	0.00000	0.13757
332 I	0.86243	0.00000	0.13757
333 A	0.86243	0.00000	0.13757
334 G	0.86243	0.00000	0.13757
335 L	0.86243	0.00000	0.13757
336 R	0.86243	0.00000	0.13757
337 P	0.86243	0.00000	0.13757
338 G	0.86243	0.00000	0.13757
339 E	0.86243	0.00000	0.13756
340 Q	0.86242	0.00003	0.13755
341 T	0.86226	0.00027	0.13747
342 T	0.86167	0.00096	0.13736
343 R	0.85582	0.00730	0.13688
344 Y	0.74779	0.11751	0.1347
345 L	0.72723	0.13903	0.13374
346 A	0.69871	0.16925	0.13204
347 N	0.65517	0.21587	0.12896
348 T	0.45617	0.42299	0.12084
349 L	0.28902	0.59285	0.11812
350 F	0.25217	0.63155	0.11628
351 K	0.23886	0.64583	0.11532
352 I	0.04035	0.92208	0.03757
353 T	0.02136	0.95097	0.02766
354 V	0.00248	0.99377	0.00375
355 L	0.00106	0.99674	0.00221
356 G	0.00078	0.99739	0.00182
357 T	0.00064	0.99823	0.00114
358 V	0.00053	0.99858	0.00089
359 F	0.00050	0.99868	0.00081
360 I	0.00050	0.99868	0.00081
361 T	0.00052	0.99860	0.00088
362 S	0.00054	0.99794	0.00152
363 L	0.00056	0.99776	0.00168
364 V	0.00067	0.99673	0.00261
365 V	0.00087	0.99308	0.00605
366 T	0.00167	0.98147	0.01686
367 P	0.00343	0.85480	0.14177
368 I	0.00406	0.84265	0.15329
369 L	0.00646	0.79321	0.20033
370 M	0.01757	0.67792	0.30451
371 E	0.02911	0.41033	0.56055
372 H	0.03150	0.26507	0.70343
373 F	0.03202	0.25810	0.70988
374 L	0.03353	0.24909	0.71738
375 S	0.10329	0.06993	0.82678
376 L	0.11212	0.05219	0.83568
377 K	0.13696	0.01207	0.85096
378 D	0.13696	0.02233	0.84071
379 M	0.13555	0.10205	0.7624
380 K	0.13496	0.20265	0.66239
381 L	0.08525	0.54723	0.36752
382 G	0.08284	0.56651	0.35064
383 G	0.07945	0.59816	0.32238
384 T	0.07941	0.61482	0.30577
385 S	0.07930	0.62750	0.29319
386 L	0.07910	0.63049	0.2904
387 L	0.07908	0.63064	0.29028
388 I	0.07908	0.63066	0.29025
389 I	0.07908	0.63067	0.29025
390 V	0.07908	0.63067	0.29025
391 S	0.07910	0.63065	0.29025
392 V	0.07913	0.63061	0.29026
393 A	0.07930	0.63043	0.29027
394 L	0.08072	0.62899	0.29029
395 E	0.09627	0.61335	0.29038
396 T	0.10831	0.60112	0.29057
397 I	0.12979	0.57927	0.29094
398 Q	0.32138	0.38445	0.29417
399 R	0.43691	0.25624	0.30685
400 I	0.45070	0.23807	0.31123
401 K	0.54203	0.11643	0.34154
402 A	0.55736	0.10048	0.34216
403 T	0.59267	0.06362	0.34372
404 A	0.64747	0.00441	0.34811
405 N	0.64984	0.00183	0.34834
406 K	0.65150	0.00008	0.34843
407 K	0.65157	0.00001	0.34843
408 E	0.65157	0.00000	0.34843
409 Y	0.65158	0.00000	0.34843
410 Q	0.65158	0.00000	0.34843
411 K	0.65158	0.00000	0.34843
412 L	0.65158	0.00000	0.34843
413 F	0.65158	0.00000	0.34843
