# tr|Q2NJ84|Q2NJ84_AYWBP
# AA	inside	membr	outside
1 M	0.86248	0.00000	0.13752
2 A	0.86248	0.00000	0.13752
3 K	0.86248	0.00000	0.13752
4 A	0.86248	0.00000	0.13752
5 A	0.86248	0.00000	0.13752
6 W	0.86248	0.00000	0.13752
7 E	0.86248	0.00000	0.13752
8 K	0.86248	0.00000	0.13752
9 T	0.86248	0.00000	0.13752
10 K	0.86248	0.00000	0.13752
11 D	0.86248	0.00000	0.13752
12 F	0.86247	0.00001	0.13752
13 A	0.86247	0.00001	0.13752
14 H	0.86247	0.00001	0.13752
15 Y	0.86247	0.00001	0.13751
16 I	0.86246	0.00002	0.13751
17 N	0.86246	0.00002	0.13751
18 E	0.86246	0.00002	0.13751
19 R	0.86239	0.00009	0.13751
20 C	0.85808	0.00443	0.13749
21 K	0.83253	0.02997	0.13749
22 N	0.76841	0.09482	0.13677
23 F	0.67378	0.19249	0.13373
24 L	0.64720	0.22034	0.13246
25 E	0.63294	0.23566	0.1314
26 W	0.45786	0.42019	0.12195
27 L	0.35283	0.53873	0.10845
28 G	0.30479	0.58921	0.106
29 F	0.22352	0.67329	0.10318
30 P	0.22041	0.67733	0.10226
31 L	0.21650	0.68386	0.09963
32 K	0.21543	0.68690	0.09767
33 L	0.20764	0.71750	0.07486
34 I	0.20562	0.72706	0.06731
35 P	0.20367	0.73134	0.06499
36 Y	0.17885	0.76943	0.05172
37 I	0.15335	0.80446	0.0422
38 F	0.14215	0.81732	0.04053
39 N	0.13683	0.82151	0.04166
40 S	0.12083	0.84469	0.03448
41 I	0.06446	0.92103	0.01451
42 I	0.03650	0.95443	0.00907
43 I	0.02995	0.95040	0.01966
44 A	0.02852	0.89927	0.07221
45 F	0.02352	0.83503	0.14145
46 G	0.02255	0.77143	0.20602
47 L	0.01378	0.80248	0.18373
48 I	0.00939	0.86797	0.12264
49 L	0.01547	0.70948	0.27505
50 G	0.02948	0.59878	0.37174
51 L	0.02569	0.56714	0.40717
52 S	0.02302	0.60578	0.3712
53 C	0.02404	0.67059	0.30537
54 L	0.01413	0.81173	0.17414
55 G	0.00846	0.94409	0.04745
56 I	0.00670	0.98249	0.01081
57 P	0.00479	0.98977	0.00545
58 V	0.00428	0.99084	0.00489
59 I	0.00606	0.98040	0.01354
60 G	0.00838	0.96232	0.0293
61 P	0.00931	0.95483	0.03586
62 C	0.00956	0.95294	0.0375
63 I	0.00996	0.95203	0.03802
64 G	0.01244	0.94456	0.043
65 L	0.01403	0.94051	0.04546
66 T	0.01676	0.93656	0.04668
67 I	0.01762	0.93528	0.04711
68 L	0.02103	0.92525	0.05371
69 I	0.03038	0.90843	0.06119
70 A	0.08404	0.83083	0.08513
71 T	0.17266	0.71141	0.11593
72 G	0.19991	0.66913	0.13096
73 I	0.24389	0.61061	0.1455
74 Y	0.37778	0.42168	0.20055
75 I	0.72594	0.00000	0.27406
