# tr|Q2NJ76|Q2NJ76_AYWBP
# AA	inside	membr	outside
1 M	0.76865	0.00000	0.23135
2 Q	0.76865	0.00000	0.23135
3 R	0.76865	0.00000	0.23135
4 K	0.76865	0.00000	0.23134
5 L	0.76833	0.00032	0.23134
6 H	0.76833	0.00032	0.23134
7 Y	0.76709	0.00156	0.23134
8 C	0.76709	0.00156	0.23134
9 C	0.76692	0.00173	0.23134
10 H	0.76692	0.00202	0.23106
11 Q	0.76659	0.00238	0.23103
12 S	0.72408	0.04496	0.23096
13 F	0.63351	0.13618	0.23031
14 R	0.63350	0.13618	0.23031
15 A	0.63350	0.14946	0.21703
16 F	0.63283	0.15013	0.21703
17 H	0.63258	0.15040	0.21702
18 A	0.63256	0.15044	0.217
19 Y	0.63241	0.15059	0.21699
20 M	0.63221	0.15082	0.21697
21 I	0.63117	0.15186	0.21697
22 L	0.63117	0.15185	0.21698
23 L	0.63117	0.15182	0.21701
24 T	0.63117	0.15176	0.21707
25 T	0.63117	0.15154	0.21729
26 T	0.63117	0.15142	0.21742
27 P	0.63118	0.15053	0.21829
28 A	0.63119	0.14875	0.22006
29 E	0.63120	0.14277	0.22603
30 A	0.63122	0.13824	0.23055
31 L	0.63128	0.10873	0.25999
32 N	0.63161	0.05684	0.31156
33 N	0.63539	0.03085	0.33376
34 I	0.63673	0.02780	0.33547
35 K	0.64505	0.00415	0.35079
36 N	0.64527	0.00184	0.35289
37 P	0.64535	0.00173	0.35291
38 L	0.64549	0.00159	0.35292
39 I	0.64549	0.00152	0.35299
40 A	0.64552	0.00134	0.35314
41 E	0.64554	0.00104	0.35343
42 Y	0.64554	0.00096	0.35351
43 I	0.64554	0.00083	0.35362
44 D	0.64554	0.00000	0.35445
45 D	0.64554	0.00000	0.35445
46 T	0.64554	0.00000	0.35445
47 E	0.64554	0.00000	0.35445
48 N	0.64554	0.00000	0.35445
49 D	0.64554	0.00000	0.35445
50 F	0.64554	0.00000	0.35445
