# tr|Q2NJL9|Q2NJL9_AYWBP
# AA	inside	membr	outside
1 M	0.08488	0.00000	0.91511
2 L	0.08139	0.00350	0.91511
3 I	0.08134	0.00354	0.91511
4 L	0.08134	0.00361	0.91504
5 S	0.08130	0.00369	0.91501
6 L	0.08130	0.00369	0.91501
7 T	0.08127	0.00372	0.91501
8 T	0.08127	0.00372	0.91501
9 S	0.08126	0.00373	0.91501
10 L	0.08126	0.00378	0.91495
11 S	0.08126	0.00378	0.91495
12 D	0.08126	0.00378	0.91495
13 Y	0.08126	0.00379	0.91495
14 W	0.08126	0.00379	0.91495
15 T	0.08126	0.00380	0.91494
16 H	0.08126	0.00380	0.91494
17 L	0.08126	0.00375	0.91499
18 A	0.08126	0.00369	0.91505
19 N	0.08126	0.00358	0.91516
20 S	0.08126	0.00315	0.9156
21 T	0.08126	0.00312	0.91562
22 L	0.08126	0.00306	0.91567
23 I	0.08128	0.00300	0.91572
24 S	0.08133	0.00276	0.91591
25 R	0.08135	0.00013	0.91852
26 S	0.08135	0.00015	0.91849
27 N	0.08135	0.00042	0.91823
28 N	0.08129	0.00238	0.91632
29 S	0.07972	0.08880	0.83148
30 C	0.07921	0.11864	0.80214
31 T	0.07635	0.23561	0.68803
32 T	0.07454	0.33433	0.59114
33 R	0.06520	0.41444	0.52036
34 L	0.02855	0.75749	0.21396
35 A	0.02359	0.78679	0.18962
36 S	0.02015	0.81294	0.16691
37 V	0.01874	0.88111	0.10015
38 S	0.01735	0.91463	0.06802
39 L	0.01705	0.95019	0.03276
40 S	0.01701	0.95318	0.02982
41 Q	0.01692	0.95952	0.02356
42 Y	0.01675	0.96168	0.02157
43 A	0.01668	0.96203	0.02129
44 L	0.01668	0.96209	0.02123
45 I	0.01668	0.96210	0.02123
46 L	0.01668	0.96209	0.02123
47 I	0.01669	0.96208	0.02123
48 L	0.01691	0.96185	0.02123
49 L	0.02086	0.95783	0.02131
50 I	0.05233	0.92604	0.02163
51 L	0.15011	0.82403	0.02586
52 K	0.45920	0.50343	0.03737
53 I	0.47297	0.48890	0.03813
54 K	0.56189	0.37278	0.06534
55 I	0.56820	0.36530	0.06651
56 N	0.67768	0.24183	0.08049
57 Q	0.87827	0.03873	0.083
58 L	0.88729	0.02900	0.08371
59 K	0.91241	0.00266	0.08493
60 I	0.91282	0.00213	0.08505
61 K	0.91380	0.00023	0.08598
62 K	0.91397	0.00005	0.08598
63 L	0.91393	0.00009	0.08598
64 K	0.91395	0.00007	0.08598
65 T	0.91380	0.00023	0.08598
66 K	0.91331	0.00077	0.08592
67 R	0.90717	0.00759	0.08523
68 V	0.63234	0.31347	0.05419
69 L	0.46552	0.49044	0.04405
70 L	0.10295	0.87810	0.01895
71 F	0.06503	0.92045	0.01452
72 L	0.02802	0.95827	0.01371
73 L	0.01972	0.96819	0.01209
74 K	0.01867	0.96935	0.01198
75 L	0.00173	0.99708	0.00119
76 F	0.00020	0.99959	0.00021
77 F	0.00003	0.99994	4e-05
78 V	0.00002	0.99997	2e-05
79 F	0.00001	0.99998	0
80 V	0.00001	0.99998	0
81 V	0.00001	0.99998	0
82 C	0.00001	0.99997	1e-05
83 H	0.00001	0.99994	4e-05
84 T	0.00001	0.99991	8e-05
85 F	0.00001	0.99982	0.00016
86 S	0.00006	0.99770	0.00223
87 S	0.00010	0.99642	0.00348
88 F	0.00019	0.98894	0.01087
89 L	0.00028	0.98528	0.01444
90 F	0.00138	0.97384	0.02478
91 L	0.02529	0.71805	0.25666
92 I	0.03733	0.53058	0.43209
93 K	0.07129	0.08295	0.84575
94 I	0.07339	0.06941	0.85721
95 A	0.07516	0.03990	0.88493
96 N	0.07689	0.02775	0.89536
97 I	0.07725	0.02600	0.89675
98 K	0.08585	0.00066	0.91348
99 R	0.08598	0.00021	0.91382
100 L	0.08598	0.00016	0.91386
101 M	0.08599	0.00011	0.9139
102 T	0.08599	0.00007	0.91394
103 Y	0.08599	0.00003	0.91398
104 Y	0.08599	0.00000	0.91401
