# tr|Q2NJT0|Q2NJT0_AYWBP
# AA	inside	membr	outside
1 M	0.44991	0.00000	0.55009
2 V	0.44991	0.00000	0.55009
3 Q	0.44991	0.00000	0.55009
4 I	0.44991	0.00001	0.55008
5 Q	0.44991	0.00002	0.55008
6 E	0.44991	0.00002	0.55007
7 E	0.44971	0.00022	0.55007
8 I	0.44971	0.00022	0.55007
9 I	0.44956	0.00037	0.55007
10 K	0.44956	0.00039	0.55006
11 I	0.44948	0.00048	0.55004
12 Y	0.44795	0.00201	0.55004
13 L	0.44634	0.00363	0.55004
14 N	0.44634	0.00363	0.55004
15 T	0.44634	0.00363	0.55003
16 N	0.44632	0.00365	0.55003
17 K	0.44629	0.00368	0.55003
18 I	0.44628	0.00369	0.55003
19 I	0.44588	0.00409	0.55003
20 L	0.44546	0.00452	0.55002
21 I	0.44531	0.00468	0.55002
22 D	0.44531	0.00467	0.55002
23 R	0.44531	0.00467	0.55002
24 W	0.44526	0.00472	0.55002
25 L	0.44526	0.00470	0.55003
26 G	0.44526	0.00467	0.55007
27 Y	0.44527	0.00447	0.55026
28 N	0.44528	0.00430	0.55042
29 F	0.44528	0.00429	0.55043
30 A	0.44529	0.00424	0.55047
31 Y	0.44529	0.00406	0.55064
32 Q	0.44530	0.00352	0.55118
33 T	0.44531	0.00333	0.55136
34 Y	0.44531	0.00323	0.55145
35 P	0.44531	0.00204	0.55265
36 H	0.44532	0.00087	0.55381
37 N	0.44532	0.00065	0.55403
38 I	0.44532	0.00059	0.5541
39 D	0.44533	0.00005	0.55462
40 K	0.44533	0.00001	0.55466
41 N	0.44529	0.00005	0.55466
42 Y	0.44516	0.00021	0.55463
43 Q	0.44510	0.00027	0.55463
44 F	0.44474	0.00065	0.5546
45 F	0.44468	0.00071	0.5546
46 N	0.44465	0.00075	0.5546
47 L	0.44459	0.00080	0.5546
48 L	0.44458	0.00081	0.5546
49 N	0.44458	0.00081	0.5546
50 K	0.44458	0.00081	0.5546
51 Q	0.44458	0.00083	0.55459
52 F	0.44455	0.00090	0.55455
53 I	0.44455	0.00091	0.55454
54 K	0.44455	0.00091	0.55454
55 P	0.44454	0.00095	0.55451
56 A	0.44453	0.00097	0.5545
57 L	0.44452	0.00098	0.5545
58 L	0.44452	0.00098	0.55449
59 R	0.44453	0.00097	0.5545
60 F	0.44453	0.00096	0.55451
61 F	0.44453	0.00093	0.55454
62 R	0.44458	0.00061	0.55481
63 Q	0.44458	0.00054	0.55487
64 I	0.44458	0.00048	0.55494
65 L	0.44458	0.00042	0.555
66 S	0.44459	0.00033	0.55508
67 L	0.44459	0.00018	0.55523
68 K	0.44459	0.00016	0.55525
69 L	0.44459	0.00016	0.55525
70 F	0.44459	0.00016	0.55525
71 F	0.44461	0.00014	0.55526
72 K	0.44468	0.00002	0.55529
73 T	0.44470	0.00000	0.5553
