# tr|Q2NIE3|Q2NIE3_AYWBP
# AA	inside	membr	outside
1 M	0.37216	0.00000	0.62783
2 Q	0.37210	0.00006	0.62783
3 I	0.37104	0.00113	0.62783
4 L	0.37104	0.00239	0.62657
5 S	0.37063	0.00314	0.62623
6 F	0.37063	0.00396	0.62541
7 N	0.36974	0.00497	0.62529
8 I	0.36974	0.00498	0.62528
9 D	0.36970	0.00505	0.62524
10 Q	0.36970	0.01346	0.61683
11 F	0.36804	0.01664	0.61532
12 I	0.26688	0.11826	0.61485
13 L	0.20960	0.17702	0.61337
14 K	0.20959	0.17703	0.61337
15 I	0.20959	0.29370	0.4967
16 N	0.20848	0.29481	0.4967
17 D	0.20461	0.30095	0.49444
18 Y	0.20295	0.32462	0.47243
19 A	0.19075	0.34564	0.46361
20 T	0.18320	0.42362	0.39318
21 I	0.16885	0.43807	0.39308
22 I	0.16795	0.43979	0.39227
23 I	0.16664	0.44119	0.39218
24 S	0.16637	0.44135	0.39228
25 F	0.16631	0.44124	0.39245
26 L	0.16640	0.44012	0.39348
27 K	0.16835	0.43667	0.39498
28 N	0.16889	0.43604	0.39507
29 T	0.17008	0.43487	0.39505
30 F	0.16666	0.43707	0.39627
31 N	0.16895	0.43164	0.39941
32 N	0.16949	0.43072	0.39979
33 I	0.17053	0.42985	0.39962
34 I	0.17091	0.42902	0.40008
35 A	0.19618	0.30749	0.49632
36 I	0.21498	0.22729	0.55773
37 K	0.30133	0.11699	0.58168
38 N	0.32110	0.09546	0.58344
39 C	0.31850	0.09674	0.58477
40 N	0.31662	0.09644	0.58694
41 F	0.30281	0.10976	0.58743
42 F	0.29347	0.11877	0.58776
43 N	0.34914	0.06118	0.58968
44 L	0.34048	0.07015	0.58937
45 L	0.33857	0.07168	0.58975
46 N	0.33753	0.07100	0.59148
47 S	0.32305	0.09137	0.58558
48 T	0.30524	0.12561	0.56915
49 G	0.11540	0.53706	0.34754
50 I	0.08606	0.80017	0.11377
51 I	0.07864	0.84381	0.07755
52 I	0.06573	0.87174	0.06253
53 N	0.05946	0.87598	0.06457
54 F	0.05109	0.89628	0.05263
55 L	0.02529	0.94199	0.03272
56 F	0.00266	0.98978	0.00756
57 S	0.00200	0.99158	0.00642
58 I	0.00069	0.99630	0.00301
59 L	0.00030	0.99773	0.00198
60 Y	0.00007	0.99901	0.00091
61 I	0.00003	0.99898	0.001
62 L	0.00003	0.99735	0.00262
63 I	0.00005	0.99657	0.00339
64 F	0.00012	0.98964	0.01024
65 I	0.00015	0.98462	0.01523
66 T	0.00019	0.97974	0.02006
67 L	0.00015	0.98059	0.01926
68 L	0.00026	0.97878	0.02097
69 V	0.00156	0.97527	0.02317
70 F	0.00638	0.94921	0.04442
71 L	0.02006	0.90436	0.07558
72 C	0.25172	0.48931	0.25897
73 S	0.45624	0.26846	0.2753
74 I	0.48325	0.24917	0.26759
75 F	0.50562	0.22253	0.27185
76 N	0.52657	0.19149	0.28194
77 I	0.53449	0.18418	0.28133
78 I	0.55636	0.13665	0.307
79 K	0.58765	0.07265	0.33971
80 T	0.57239	0.10959	0.31803
81 I	0.52513	0.30213	0.17273
82 I	0.50032	0.36368	0.136
83 K	0.46746	0.40210	0.13044
84 W	0.17635	0.77669	0.04695
85 I	0.10727	0.86752	0.02521
86 L	0.10128	0.88387	0.01484
87 Y	0.10021	0.88697	0.01283
88 P	0.10225	0.88536	0.0124
89 F	0.10279	0.88481	0.01239
90 K	0.10711	0.88045	0.01243
91 L	0.10657	0.88113	0.01231
92 L	0.10658	0.88116	0.01226
93 I	0.10684	0.88089	0.01227
94 I	0.10766	0.88004	0.01231
95 C	0.10956	0.87796	0.01247
96 I	0.11041	0.87695	0.01264
97 I	0.12099	0.86522	0.01379
98 K	0.14084	0.83967	0.01949
99 I	0.14240	0.83772	0.01989
100 I	0.14978	0.82765	0.02258
101 S	0.23835	0.65518	0.10647
102 K	0.32165	0.38380	0.29455
103 L	0.33100	0.36419	0.30481
104 I	0.38567	0.26432	0.35
105 P	0.44492	0.09729	0.4578
106 K	0.46655	0.02857	0.50488
107 S	0.47190	0.00952	0.51858
108 S	0.47327	0.00438	0.52235
109 I	0.47413	0.00291	0.52297
110 K	0.47497	0.00027	0.52476
111 Q	0.47502	0.00018	0.5248
112 S	0.47503	0.00017	0.52481
113 I	0.47503	0.00016	0.52481
114 T	0.47503	0.00005	0.52491
115 I	0.47503	0.00003	0.52494
116 D	0.47503	0.00000	0.52497
117 K	0.47503	0.00000	0.52497
118 Y	0.47503	0.00000	0.52497
119 L	0.47503	0.00000	0.52497
120 I	0.47503	0.00000	0.52497
121 E	0.47503	0.00000	0.52497
122 L	0.47503	0.00000	0.52497
123 Q	0.47503	0.00000	0.52497
124 E	0.47503	0.00000	0.52497
125 N	0.47503	0.00000	0.52497
126 I	0.47503	0.00000	0.52497
127 S	0.47503	0.00000	0.52497
128 D	0.47503	0.00000	0.52497
129 L	0.47503	0.00000	0.52497
130 E	0.47503	0.00000	0.52497
131 S	0.47503	0.00000	0.52497
132 K	0.47503	0.00000	0.52497
133 N	0.47503	0.00000	0.52497
134 N	0.47503	0.00000	0.52497
135 L	0.47503	0.00000	0.52497
136 M	0.47503	0.00000	0.52497
137 M	0.47503	0.00000	0.52497
138 K	0.47503	0.00000	0.52497
