# tr|Q2NJW7|Q2NJW7_AYWBP
# AA	inside	membr	outside
1 M	0.15455	0.00000	0.84544
2 E	0.14183	0.01272	0.84544
3 F	0.12095	0.03361	0.84544
4 L	0.12095	0.05155	0.8275
5 Y	0.11755	0.05960	0.82284
6 Y	0.11755	0.05983	0.82262
7 L	0.11659	0.06081	0.8226
8 G	0.11659	0.06081	0.8226
9 F	0.11643	0.06098	0.82259
10 L	0.11643	0.06147	0.8221
11 S	0.11642	0.06150	0.82208
12 L	0.11559	0.06238	0.82203
13 F	0.11499	0.06352	0.82149
14 S	0.11499	0.06352	0.82149
15 F	0.11499	0.07777	0.80724
16 F	0.11497	0.07779	0.80724
17 Q	0.11495	0.07782	0.80723
18 I	0.11493	0.08117	0.80389
19 N	0.11960	0.06325	0.81715
20 H	0.12373	0.14315	0.73312
21 E	0.09091	0.17507	0.73402
22 I	0.03872	0.84577	0.11551
23 F	0.03018	0.90568	0.06413
24 T	0.03357	0.92182	0.04461
25 T	0.02305	0.94743	0.02953
26 L	0.00481	0.97778	0.01741
27 I	0.00112	0.99715	0.00173
28 Y	0.00018	0.99920	0.00063
29 I	0.00010	0.99961	0.00029
30 F	0.00001	0.99978	0.00021
31 V	0.00001	0.99981	0.00018
32 I	0.00001	0.99981	0.00018
33 G	0.00013	0.99967	0.00019
34 I	0.00015	0.99965	0.0002
35 L	0.00041	0.99899	0.00061
36 S	0.00088	0.99818	0.00094
37 F	0.00115	0.99784	0.001
38 C	0.01345	0.98544	0.00112
39 L	0.01426	0.98453	0.0012
40 I	0.03123	0.96729	0.00147
41 A	0.05752	0.94021	0.00228
42 H	0.16864	0.82702	0.00433
43 F	0.23889	0.75467	0.00644
44 M	0.31425	0.63739	0.04835
45 P	0.79388	0.08763	0.11849
46 K	0.83094	0.03326	0.1358
47 L	0.83327	0.03043	0.13631
48 L	0.83589	0.02711	0.137
49 F	0.84078	0.02035	0.13887
50 E	0.85894	0.00098	0.14009
51 K	0.85979	0.00005	0.14016
52 L	0.85981	0.00003	0.14016
53 D	0.85984	0.00000	0.14016
54 Y	0.85984	0.00000	0.14016
55 E	0.85984	0.00000	0.14016
56 K	0.85984	0.00000	0.14016
57 V	0.85984	0.00000	0.14016
58 E	0.85984	0.00000	0.14016
59 K	0.85984	0.00000	0.14016
60 E	0.85984	0.00000	0.14016
