# tr|Q2NIU6|Q2NIU6_AYWBP
# AA	inside	membr	outside
1 M	0.99955	0.00000	0.00045
2 R	0.99955	0.00000	0.00045
3 F	0.99955	0.00000	0.00045
4 I	0.99955	0.00000	0.00045
5 L	0.99955	0.00000	0.00044
6 I	0.99955	0.00000	0.00044
7 K	0.99955	0.00001	0.00044
8 Y	0.99955	0.00001	0.00044
9 I	0.99948	0.00008	0.00044
10 C	0.99948	0.00008	0.00044
11 K	0.99939	0.00016	0.00044
12 K	0.94686	0.05270	0.00044
13 I	0.00114	0.99873	0.00013
14 F	0.00109	0.99878	0.00013
15 Y	0.00109	0.99891	0
16 A	0.00073	0.99927	0
17 F	0.00021	0.99979	0
18 T	0.00021	0.99979	0
19 I	0.00010	0.99990	0
20 F	0.00002	0.99998	0
21 I	0.00000	1.00000	0
22 A	0.00000	1.00000	0
23 V	0.00000	1.00000	0
24 I	0.00000	1.00000	0
25 I	0.00000	1.00000	0
26 I	0.00000	1.00000	0
27 S	0.00000	1.00000	0
28 F	0.00000	1.00000	0
29 F	0.00000	0.99999	1e-05
30 V	0.00000	0.99993	6e-05
31 I	0.00000	0.99799	0.00201
32 T	0.00001	0.99117	0.00883
33 L	0.00003	0.95580	0.04416
34 I	0.00006	0.92555	0.07439
35 P	0.00015	0.76503	0.23482
36 G	0.00038	0.01298	0.98663
37 D	0.00041	0.00192	0.99767
38 P	0.00044	0.00115	0.9984
39 I	0.00044	0.00087	0.99869
40 S	0.00044	0.00042	0.99913
41 A	0.00044	0.00035	0.99921
42 M	0.00044	0.00020	0.99936
43 F	0.00045	0.00008	0.99948
44 E	0.00045	0.00002	0.99953
45 Q	0.00045	0.00000	0.99955
46 Q	0.00045	0.00000	0.99955
47 K	0.00045	0.00000	0.99955
48 P	0.00045	0.00000	0.99955
49 S	0.00045	0.00000	0.99955
50 P	0.00045	0.00000	0.99955
51 E	0.00045	0.00000	0.99955
52 E	0.00045	0.00000	0.99955
53 I	0.00045	0.00000	0.99955
54 K	0.00045	0.00000	0.99955
55 R	0.00045	0.00000	0.99955
56 I	0.00045	0.00000	0.99955
57 T	0.00045	0.00000	0.99955
58 Q	0.00045	0.00000	0.99955
59 D	0.00045	0.00000	0.99955
60 L	0.00045	0.00000	0.99955
61 D	0.00045	0.00000	0.99955
62 L	0.00045	0.00000	0.99955
63 N	0.00045	0.00000	0.99955
64 Q	0.00045	0.00000	0.99955
65 M	0.00045	0.00000	0.99955
66 F	0.00045	0.00000	0.99955
67 P	0.00045	0.00000	0.99955
68 Q	0.00045	0.00000	0.99955
69 Y	0.00045	0.00000	0.99955
70 I	0.00045	0.00000	0.99955
71 K	0.00045	0.00000	0.99955
72 K	0.00045	0.00000	0.99955
73 I	0.00045	0.00000	0.99955
74 F	0.00045	0.00000	0.99955
75 S	0.00045	0.00000	0.99955
76 K	0.00045	0.00000	0.99955
77 F	0.00045	0.00001	0.99955
78 D	0.00045	0.00000	0.99955
79 F	0.00045	0.00001	0.99955
80 G	0.00045	0.00001	0.99955
81 K	0.00045	0.00000	0.99955
82 S	0.00045	0.00001	0.99955
83 Y	0.00045	0.00001	0.99955
84 H	0.00045	0.00000	0.99955
85 K	0.00045	0.00000	0.99955
86 N	0.00045	0.00000	0.99955
87 Q	0.00045	0.00000	0.99955
88 I	0.00045	0.00001	0.99954
89 P	0.00045	0.00001	0.99954
90 A	0.00045	0.00001	0.99954
91 L	0.00045	0.00001	0.99954
92 E	0.00045	0.00002	0.99953
93 L	0.00045	0.00006	0.99949
94 F	0.00045	0.00010	0.99945
95 W	0.00045	0.00013	0.99943
96 E	0.00045	0.00013	0.99942
97 S	0.00045	0.00022	0.99933
98 F	0.00045	0.00064	0.99891
99 T	0.00045	0.00162	0.99793
100 K	0.00045	0.00535	0.9942
101 T	0.00045	0.05945	0.94011
102 F	0.00043	0.26929	0.73028
103 Q	0.00041	0.67014	0.32945
104 L	0.00006	0.98442	0.01551
105 A	0.00002	0.99274	0.00724
106 F	0.00001	0.99769	0.00231
107 F	0.00000	0.99917	0.00083
108 S	0.00000	0.99959	0.00041
109 C	0.00000	0.99975	0.00026
110 L	0.00000	0.99982	0.00019
111 I	0.00000	0.99983	0.00018
112 G	0.00000	0.99983	0.00017
113 S	0.00000	0.99983	0.00017
114 L	0.00000	0.99983	0.00017
115 L	0.00000	0.99983	0.00017
116 G	0.00001	0.99982	0.00017
117 I	0.00004	0.99979	0.00017
118 L	0.00011	0.99972	0.00017
119 L	0.00045	0.99938	0.00018
120 G	0.00164	0.99819	0.00018
121 N	0.00663	0.99320	0.00018
122 L	0.01464	0.98518	0.00018
123 S	0.04841	0.95137	0.00022
124 A	0.09076	0.90902	0.00023
125 F	0.30349	0.69626	0.00026
126 F	0.75719	0.24253	0.00028
127 D	0.99733	0.00208	0.00059
128 N	0.99896	0.00041	0.00063
129 T	0.99933	0.00004	0.00063
130 K	0.99935	0.00003	0.00063
131 K	0.99863	0.00075	0.00063
132 S	0.96532	0.03408	0.00059
133 T	0.90330	0.09611	0.00059
134 L	0.85060	0.14885	0.00056
135 L	0.74953	0.24995	0.00053
136 E	0.73632	0.26330	0.00038
137 F	0.08705	0.91289	5e-05
138 Y	0.01817	0.98179	4e-05
139 A	0.00152	0.99846	2e-05
140 I	0.00086	0.99913	1e-05
141 L	0.00078	0.99922	0
142 M	0.00074	0.99926	0
143 I	0.00072	0.99928	0
144 S	0.00071	0.99929	0
145 T	0.00070	0.99930	0
146 P	0.00066	0.99934	0
147 A	0.00018	0.99982	0
148 F	0.00014	0.99986	0
149 I	0.00014	0.99985	1e-05
150 I	0.00013	0.99967	0.00019
151 G	0.00012	0.99690	0.00298
152 Y	0.00012	0.99421	0.00567
153 L	0.00012	0.98033	0.01955
154 L	0.00012	0.96734	0.03254
155 R	0.00018	0.90760	0.09221
156 V	0.00018	0.87069	0.12912
157 Y	0.00022	0.82016	0.17962
158 L	0.00024	0.69099	0.30876
159 A	0.00040	0.65569	0.34391
160 T	0.00074	0.03040	0.96887
161 N	0.00074	0.00409	0.99518
162 R	0.00074	0.00183	0.99743
163 G	0.00074	0.00319	0.99608
164 I	0.00074	0.00523	0.99404
165 P	0.00073	0.00549	0.99378
166 I	0.00072	0.00783	0.99144
167 F	0.00072	0.00954	0.98974
168 A	0.00072	0.01289	0.9864
169 I	0.00072	0.03279	0.96649
170 S	0.00071	0.03387	0.96542
171 G	0.00069	0.03978	0.95952
172 W	0.00052	0.23366	0.76582
173 N	0.00055	0.23466	0.76479
174 N	0.00058	0.26219	0.73724
175 L	0.00059	0.27855	0.72086
176 R	0.00109	0.28095	0.71796
177 C	0.00113	0.29987	0.699
178 K	0.00117	0.30389	0.69493
179 V	0.00106	0.53526	0.46368
180 L	0.00104	0.54293	0.45603
181 P	0.00109	0.54322	0.4557
182 I	0.00109	0.54352	0.45539
183 L	0.00110	0.54352	0.45538
184 T	0.00113	0.54350	0.45538
185 L	0.00113	0.54349	0.45538
186 S	0.00131	0.54332	0.45538
187 L	0.00159	0.54303	0.45538
188 V	0.00179	0.54284	0.45538
189 I	0.00399	0.54062	0.45539
190 S	0.00797	0.53662	0.45541
191 G	0.01340	0.53118	0.45542
192 S	0.03476	0.50981	0.45543
193 V	0.04029	0.50426	0.45544
194 L	0.07758	0.46693	0.45548
195 K	0.41853	0.12576	0.45571
196 T	0.42961	0.11467	0.45571
197 T	0.51068	0.03356	0.45576
198 K	0.53860	0.00559	0.4558
199 T	0.54121	0.00298	0.4558
200 K	0.54182	0.00237	0.45582
201 I	0.54183	0.00236	0.45582
202 K	0.54414	0.00004	0.45582
203 E	0.54417	0.00001	0.45582
204 C	0.54417	0.00002	0.45582
205 L	0.54417	0.00002	0.45582
206 A	0.54417	0.00002	0.45582
207 Q	0.54417	0.00002	0.45582
208 P	0.54417	0.00002	0.45581
209 Y	0.54417	0.00002	0.45581
210 I	0.54417	0.00002	0.45581
211 K	0.54417	0.00002	0.45581
212 T	0.54417	0.00002	0.45581
213 A	0.54417	0.00002	0.45581
214 Y	0.54417	0.00002	0.45581
215 A	0.54417	0.00002	0.45581
216 K	0.54417	0.00002	0.45581
217 G	0.54417	0.00002	0.45581
218 L	0.54417	0.00002	0.45581
219 S	0.54417	0.00001	0.45582
220 K	0.54417	0.00001	0.45582
221 K	0.54416	0.00002	0.45582
222 N	0.54403	0.00016	0.45581
223 I	0.54358	0.00071	0.45572
224 I	0.54335	0.00100	0.45565
225 F	0.54326	0.00112	0.45562
226 K	0.54301	0.00139	0.4556
227 H	0.53720	0.00805	0.45475
228 A	0.52300	0.02445	0.45255
229 L	0.51096	0.03789	0.45115
230 K	0.50255	0.04773	0.44973
231 N	0.28303	0.40505	0.31192
232 A	0.07131	0.81022	0.11848
233 L	0.03251	0.88981	0.07768
234 I	0.02520	0.92495	0.04985
235 P	0.01864	0.94976	0.03159
236 I	0.00534	0.98863	0.00602
237 V	0.00457	0.99169	0.00375
238 A	0.00432	0.99420	0.00148
239 H	0.00416	0.99472	0.00112
240 I	0.00309	0.99642	0.00049
241 G	0.00255	0.99715	0.00031
242 L	0.00244	0.99732	0.00024
243 L	0.00240	0.99733	0.00026
244 F	0.00240	0.99728	0.00032
245 S	0.00240	0.99714	0.00046
246 F	0.00239	0.99699	0.00063
247 L	0.00245	0.99656	0.00099
248 I	0.00260	0.99575	0.00164
249 G	0.00352	0.98784	0.00864
250 G	0.00715	0.97306	0.01979
251 S	0.01398	0.94846	0.03756
252 I	0.02707	0.92761	0.04532
253 I	0.05398	0.88351	0.06251
254 T	0.25767	0.44524	0.29709
255 E	0.42299	0.06727	0.50973
256 K	0.43808	0.03246	0.52946
257 I	0.43842	0.03258	0.529
258 F	0.44092	0.02865	0.53043
259 N	0.45236	0.00955	0.53809
260 I	0.45375	0.00790	0.53835
261 R	0.45695	0.00437	0.53868
262 A	0.45724	0.00394	0.53881
263 V	0.45771	0.00247	0.53982
264 G	0.45792	0.00135	0.54072
265 T	0.45797	0.00120	0.54083
266 L	0.45799	0.00113	0.54087
267 M	0.45800	0.00112	0.54088
268 L	0.45800	0.00107	0.54093
269 E	0.45802	0.00096	0.54101
270 S	0.45803	0.00096	0.54101
271 F	0.45802	0.00096	0.54101
272 E	0.45834	0.00063	0.54102
273 N	0.45828	0.00092	0.5408
274 R	0.45795	0.00196	0.54009
275 N	0.45381	0.00960	0.53659
276 Y	0.44632	0.04567	0.50801
277 P	0.44421	0.05064	0.50514
278 V	0.44006	0.05670	0.50325
279 L	0.43300	0.06472	0.50228
280 R	0.42795	0.07110	0.50095
281 C	0.34041	0.18624	0.47334
282 C	0.13392	0.54246	0.32362
283 I	0.02465	0.94475	0.03059
284 I	0.00382	0.98780	0.00839
285 L	0.00045	0.99710	0.00245
286 L	0.00008	0.99928	0.00063
287 A	0.00003	0.99982	0.00014
288 L	0.00002	0.99993	5e-05
289 F	0.00002	0.99995	4e-05
290 I	0.00002	0.99995	4e-05
291 A	0.00002	0.99995	4e-05
292 I	0.00002	0.99994	4e-05
293 F	0.00004	0.99977	0.00018
294 N	0.00074	0.99735	0.00192
295 L	0.00091	0.99661	0.00249
296 C	0.00439	0.99054	0.00507
297 L	0.00605	0.98791	0.00603
298 D	0.01831	0.97043	0.01126
299 L	0.02229	0.96542	0.01229
300 V	0.02295	0.96410	0.01295
301 Y	0.02421	0.96075	0.01504
302 F	0.02584	0.94536	0.0288
303 W	0.03069	0.91256	0.05675
304 L	0.07133	0.77252	0.15614
305 N	0.26904	0.35178	0.37919
306 P	0.52944	0.01886	0.45171
307 K	0.54067	0.00045	0.45887
308 I	0.54088	0.00019	0.45893
309 S	0.54100	0.00005	0.45896
310 K	0.54104	0.00000	0.45896
311 G	0.54104	0.00000	0.45896
312 D	0.54104	0.00000	0.45896
313 K	0.54104	0.00000	0.45896
314 N	0.54104	0.00000	0.45896
315 Q	0.54104	0.00000	0.45896
