# tr|Q2NIU5|Q2NIU5_AYWBP
# AA	inside	membr	outside
1 M	0.99985	0.00000	0.00016
2 N	0.99985	0.00000	0.00016
3 I	0.99985	0.00000	0.00016
4 N	0.99985	0.00000	0.00016
5 K	0.99985	0.00000	0.00016
6 K	0.99985	0.00000	0.00016
7 I	0.99985	0.00000	0.00016
8 S	0.99985	0.00000	0.00016
9 I	0.99985	0.00000	0.00016
10 F	0.99985	0.00000	0.00016
11 F	0.99985	0.00000	0.00016
12 S	0.99985	0.00000	0.00016
13 I	0.99985	0.00000	0.00016
14 K	0.99985	0.00000	0.00016
15 N	0.99985	0.00000	0.00016
16 Q	0.99985	0.00000	0.00016
17 I	0.99984	0.00000	0.00016
18 T	0.99984	0.00000	0.00016
19 K	0.99982	0.00003	0.00016
20 F	0.98612	0.01372	0.00016
21 L	0.89863	0.10121	0.00016
22 Q	0.89794	0.10191	0.00016
23 N	0.88406	0.11579	0.00016
24 K	0.83602	0.16383	0.00015
25 N	0.59378	0.40611	0.0001
26 I	0.08152	0.91847	2e-05
27 I	0.02373	0.97627	0
28 I	0.00562	0.99437	0
29 G	0.00088	0.99912	0
30 C	0.00043	0.99957	0
31 S	0.00013	0.99987	0
32 F	0.00002	0.99998	0
33 L	0.00000	1.00000	0
34 T	0.00000	1.00000	0
35 I	0.00000	1.00000	0
36 L	0.00000	1.00000	0
37 V	0.00000	1.00000	0
38 L	0.00000	1.00000	0
39 T	0.00000	0.99998	1e-05
40 I	0.00000	0.99996	5e-05
41 L	0.00000	0.99978	0.00022
42 I	0.00000	0.99946	0.00053
43 I	0.00000	0.98587	0.01413
44 S	0.00000	0.87247	0.12752
45 Y	0.00001	0.84642	0.15357
46 L	0.00001	0.77602	0.22398
47 P	0.00002	0.65764	0.34233
48 Y	0.00006	0.44950	0.55044
49 D	0.00015	0.02029	0.97956
50 Y	0.00015	0.00616	0.99369
51 K	0.00015	0.00013	0.99972
52 P	0.00015	0.00002	0.99983
53 F	0.00015	0.00001	0.99984
54 N	0.00015	0.00000	0.99985
55 S	0.00015	0.00000	0.99985
56 Q	0.00015	0.00000	0.99985
57 N	0.00015	0.00000	0.99985
58 Q	0.00015	0.00000	0.99985
59 K	0.00015	0.00000	0.99985
60 P	0.00015	0.00000	0.99985
61 L	0.00015	0.00000	0.99984
62 Q	0.00015	0.00002	0.99983
63 Q	0.00015	0.00004	0.99981
64 I	0.00013	0.00008	0.99978
65 S	0.00013	0.00009	0.99978
66 W	0.00013	0.00010	0.99977
67 N	0.00012	0.00011	0.99977
68 H	0.00012	0.00012	0.99976
69 L	0.00012	0.00013	0.99975
70 M	0.00012	0.00013	0.99975
71 G	0.00012	0.00013	0.99975
72 T	0.00012	0.00013	0.99975
73 D	0.00012	0.00013	0.99975
74 S	0.00012	0.00014	0.99974
75 T	0.00012	0.00014	0.99973
76 G	0.00012	0.00017	0.99971
77 Y	0.00012	0.00021	0.99966
78 D	0.00012	0.00025	0.99963
79 L	0.00012	0.00069	0.99919
80 F	0.00012	0.00100	0.99888
81 S	0.00012	0.00125	0.99863
82 L	0.00012	0.00181	0.99806
83 I	0.00013	0.00218	0.99769
84 L	0.00013	0.00225	0.99762
85 E	0.00017	0.00224	0.99759
86 G	0.00018	0.00371	0.99612
87 A	0.00021	0.00574	0.99405
88 K	0.00022	0.01319	0.9866
89 I	0.00020	0.37155	0.62825
90 T	0.00020	0.40384	0.59597
91 L	0.00019	0.42656	0.57326
92 Q	0.00019	0.48695	0.51286
93 I	0.00006	0.91002	0.08992
94 S	0.00004	0.93254	0.06742
95 F	0.00002	0.96959	0.0304
96 F	0.00001	0.99249	0.0075
97 A	0.00000	0.99720	0.00279
98 V	0.00000	0.99967	0.00033
99 M	0.00001	0.99988	0.00011
100 I	0.00001	0.99998	1e-05
101 S	0.00002	0.99998	1e-05
102 A	0.00004	0.99996	0
103 F	0.00005	0.99995	0
104 V	0.00006	0.99994	0
105 G	0.00011	0.99989	0
106 G	0.00015	0.99985	0
107 F	0.00017	0.99983	0
108 L	0.00024	0.99976	0
109 G	0.00658	0.99342	0
110 I	0.01291	0.98709	0
111 L	0.03606	0.96394	1e-05
112 S	0.38322	0.61675	3e-05
113 G	0.41012	0.58984	4e-05
114 Y	0.42210	0.57785	5e-05
115 F	0.50284	0.49710	6e-05
116 R	0.96118	0.03864	0.00017
117 G	0.97858	0.02122	0.00019
118 M	0.98647	0.01331	0.00021
119 F	0.98850	0.01128	0.00022
120 D	0.98590	0.01388	0.00021
121 G	0.89213	0.10767	0.00019
122 I	0.42049	0.57933	0.00018
123 I	0.17303	0.82679	0.00018
124 N	0.02361	0.97621	0.00018
125 F	0.01659	0.98324	0.00017
126 I	0.01325	0.98657	0.00017
127 C	0.00896	0.99087	0.00017
128 D	0.00612	0.99370	0.00017
129 I	0.00035	0.99948	0.00017
130 L	0.00018	0.99966	0.00016
131 V	0.00013	0.99970	0.00016
132 V	0.00012	0.99971	0.00017
133 F	0.00012	0.99944	0.00044
134 P	0.00012	0.99928	0.00059
135 D	0.00012	0.99919	0.00069
136 F	0.00003	0.99937	0.0006
137 I	0.00002	0.99966	0.00032
138 L	0.00002	0.99963	0.00035
139 A	0.00001	0.99927	0.00071
140 I	0.00001	0.99140	0.00858
141 L	0.00001	0.96376	0.03622
142 I	0.00002	0.95646	0.04352
143 M	0.00004	0.94286	0.05711
144 C	0.00005	0.84789	0.15206
145 F	0.00006	0.46388	0.53606
146 F	0.00006	0.19001	0.80992
147 K	0.00007	0.00475	0.99519
148 K	0.00007	0.03271	0.96722
149 G	0.00004	0.49997	0.5
150 I	0.00003	0.95855	0.04142
151 L	0.00003	0.98585	0.01412
152 A	0.00003	0.99627	0.0037
153 L	0.00003	0.99899	0.00098
154 I	0.00003	0.99975	0.00022
155 I	0.00003	0.99978	0.00019
156 V	0.00003	0.99977	0.00021
157 L	0.00003	0.99976	0.00022
158 S	0.00008	0.99970	0.00023
159 I	0.00017	0.99954	0.00029
160 S	0.00044	0.99925	0.00031
161 H	0.00059	0.99910	0.00031
162 I	0.00063	0.99906	0.00031
163 P	0.00070	0.99899	0.00032
164 T	0.00097	0.99871	0.00032
165 F	0.00171	0.99797	0.00032
166 I	0.00925	0.99043	0.00032
167 R	0.10175	0.89792	0.00033
168 S	0.14009	0.85958	0.00033
169 I	0.20779	0.79187	0.00034
170 R	0.80397	0.19568	0.00035
171 T	0.84601	0.15363	0.00035
172 N	0.99471	0.00492	0.00036
173 T	0.99913	0.00050	0.00037
174 M	0.99951	0.00012	0.00037
175 Q	0.99962	0.00001	0.00037
176 I	0.99961	0.00002	0.00036
177 K	0.99961	0.00002	0.00036
178 A	0.99954	0.00009	0.00036
179 K	0.99949	0.00015	0.00036
180 S	0.99941	0.00023	0.00036
181 F	0.99934	0.00031	0.00035
182 I	0.99929	0.00036	0.00035
183 Q	0.99929	0.00036	0.00035
184 A	0.99922	0.00043	0.00035
185 S	0.99921	0.00044	0.00035
186 K	0.99919	0.00046	0.00035
187 A	0.99885	0.00082	0.00033
188 L	0.99862	0.00106	0.00032
189 G	0.99858	0.00111	0.00032
190 A	0.99849	0.00120	0.00031
191 T	0.99847	0.00122	0.00031
192 H	0.99841	0.00129	0.00031
193 M	0.99838	0.00131	0.0003
194 H	0.99833	0.00137	0.0003
195 I	0.99790	0.00180	0.0003
196 I	0.99774	0.00195	0.00031
197 S	0.99770	0.00180	0.0005
198 K	0.99755	0.00188	0.00057
199 H	0.98319	0.01624	0.00057
200 I	0.91985	0.07959	0.00057
201 L	0.83909	0.16034	0.00057
202 S	0.82593	0.17347	0.0006
203 H	0.80086	0.19852	0.00062
204 I	0.72949	0.26989	0.00062
205 L	0.71092	0.28845	0.00063
206 A	0.70601	0.29334	0.00066
207 P	0.63486	0.36425	0.0009
208 F	0.42644	0.57259	0.00097
209 I	0.37668	0.62233	0.00099
210 T	0.35851	0.64034	0.00116
211 R	0.26700	0.73233	0.00066
212 I	0.09918	0.90039	0.00043
213 I	0.04087	0.95882	0.00031
214 L	0.01524	0.98454	0.00022
215 S	0.01151	0.98807	0.00041
216 M	0.00722	0.99233	0.00044
217 S	0.00581	0.99371	0.00048
218 S	0.00315	0.99636	0.00049
219 I	0.00114	0.99837	0.00048
220 I	0.00070	0.99839	0.00091
221 L	0.00060	0.99707	0.00233
222 A	0.00059	0.98850	0.01091
223 I	0.00060	0.95339	0.04601
224 S	0.00060	0.87810	0.12129
225 A	0.00060	0.86512	0.13429
226 L	0.00060	0.83810	0.1613
227 G	0.00061	0.76559	0.2338
228 M	0.00061	0.73854	0.26085
229 V	0.00061	0.72160	0.27779
230 G	0.00062	0.63664	0.36274
231 L	0.00064	0.45060	0.54875
232 G	0.00067	0.32382	0.67551
233 L	0.00083	0.25729	0.74189
234 D	0.00186	0.08060	0.91755
235 P	0.00192	0.02363	0.97446
236 N	0.00194	0.00981	0.98825
237 V	0.00195	0.00854	0.98951
238 P	0.00199	0.00399	0.99401
239 E	0.00201	0.00081	0.99718
240 W	0.00201	0.00070	0.99729
241 G	0.00204	0.00048	0.99748
242 R	0.00208	0.00019	0.99773
243 I	0.00208	0.00010	0.99782
244 L	0.00208	0.00002	0.9979
245 F	0.00208	0.00001	0.99791
246 E	0.00209	0.00000	0.99791
247 S	0.00209	0.00000	0.99791
248 K	0.00209	0.00001	0.9979
249 S	0.00209	0.00015	0.99776
250 H	0.00208	0.00229	0.99564
251 F	0.00206	0.00674	0.9912
252 R	0.00205	0.01984	0.97811
253 F	0.00122	0.18051	0.81827
254 H	0.00087	0.27257	0.72656
255 P	0.00082	0.30348	0.69569
256 H	0.00070	0.34866	0.65064
257 L	0.00031	0.67343	0.32626
258 F	0.00006	0.93045	0.06949
259 F	0.00005	0.95416	0.04579
260 G	0.00004	0.96119	0.03877
261 P	0.00002	0.98187	0.01812
262 F	0.00001	0.99515	0.00484
263 V	0.00001	0.99885	0.00114
264 V	0.00001	0.99946	0.00053
265 I	0.00001	0.99961	0.00038
266 L	0.00001	0.99963	0.00036
267 L	0.00001	0.99963	0.00036
268 T	0.00010	0.99955	0.00036
269 S	0.00016	0.99948	0.00036
270 L	0.00025	0.99939	0.00036
271 S	0.00163	0.99800	0.00037
272 F	0.00281	0.99681	0.00038
273 N	0.01131	0.98825	0.00044
274 L	0.01900	0.98054	0.00046
275 I	0.06792	0.93158	0.0005
276 G	0.28692	0.71162	0.00146
277 K	0.58768	0.41023	0.00209
278 G	0.60089	0.39701	0.0021
279 L	0.61243	0.38545	0.00212
280 I	0.72614	0.27166	0.00219
281 Q	0.94700	0.05063	0.00238
282 L	0.95554	0.04207	0.00239
283 F	0.96184	0.03576	0.0024
284 N	0.98446	0.01311	0.00243
285 P	0.99510	0.00246	0.00244
286 K	0.99751	0.00005	0.00244
287 E	0.99756	0.00000	0.00244
288 K	0.99756	0.00000	0.00244
289 H	0.99756	0.00000	0.00244
