# tr|Q2NIR5|Q2NIR5_AYWBP
# AA	inside	membr	outside
1 M	0.10466	0.00000	0.89534
2 N	0.10407	0.00058	0.89534
3 Y	0.10353	0.00112	0.89534
4 Y	0.10353	0.00962	0.88684
5 F	0.08989	0.03529	0.87483
6 L	0.08989	0.03611	0.874
7 N	0.07454	0.05181	0.87365
8 V	0.07453	0.05193	0.87354
9 S	0.06849	0.05880	0.87271
10 L	0.06847	0.14401	0.78753
11 F	0.06699	0.15096	0.78205
12 S	0.05968	0.16060	0.77972
13 L	0.02363	0.27641	0.69995
14 F	0.02363	0.27642	0.69995
15 S	0.02363	0.35197	0.6244
16 L	0.02267	0.35294	0.62439
17 F	0.02037	0.36089	0.61874
18 S	0.02033	0.36828	0.61139
19 L	0.01585	0.38863	0.59551
20 F	0.00286	0.98576	0.01138
21 S	0.00015	0.98920	0.01065
22 L	0.00014	0.99549	0.00437
23 F	0.00007	0.99943	0.0005
24 F	0.00010	0.99975	0.00016
25 L	0.00016	0.99968	0.00016
26 I	0.00035	0.99942	0.00023
27 I	0.00571	0.99387	0.00042
28 C	0.01510	0.97746	0.00743
29 I	0.01620	0.97623	0.00758
30 I	0.02160	0.96652	0.01188
31 S	0.02656	0.96035	0.01308
32 K	0.03155	0.95370	0.01474
33 L	0.03733	0.94830	0.01437
34 F	0.03882	0.94667	0.01451
35 I	0.04825	0.93504	0.01671
36 I	0.13128	0.83199	0.03673
37 S	0.14937	0.81079	0.03985
38 L	0.19279	0.76627	0.04094
39 I	0.19847	0.75768	0.04385
40 A	0.22357	0.72340	0.05303
41 A	0.24364	0.69796	0.0584
42 Y	0.28053	0.64647	0.073
43 S	0.87153	0.03036	0.09811
44 K	0.89313	0.00359	0.10328
45 Q	0.89543	0.00113	0.10344
46 E	0.89558	0.00095	0.10348
47 G	0.89562	0.00090	0.10348
48 S	0.89563	0.00088	0.10349
49 F	0.89564	0.00087	0.10349
50 I	0.89565	0.00086	0.10349
51 L	0.89578	0.00066	0.10357
52 K	0.89603	0.00029	0.10368
53 C	0.89605	0.00025	0.1037
54 S	0.89607	0.00023	0.10371
55 T	0.89613	0.00017	0.10371
56 K	0.89628	0.00000	0.10372
57 P	0.89628	0.00000	0.10372
58 S	0.89628	0.00000	0.10372
59 D	0.89628	0.00000	0.10372
60 K	0.89628	0.00000	0.10372
61 Q	0.89611	0.00018	0.10372
62 T	0.87739	0.01897	0.10364
63 L	0.73294	0.16356	0.1035
64 G	0.72837	0.16832	0.10331
65 E	0.71573	0.18225	0.10201
66 E	0.68644	0.21970	0.09387
67 I	0.50445	0.44921	0.04634
68 A	0.44775	0.50956	0.04269
69 N	0.30567	0.65684	0.03749
70 A	0.07689	0.90512	0.01798
71 I	0.03998	0.94708	0.01294
72 S	0.02958	0.95825	0.01217
73 H	0.02272	0.96548	0.0118
74 G	0.01360	0.97537	0.01103
75 L	0.00716	0.98213	0.0107
76 M	0.00566	0.98377	0.01057
77 I	0.00243	0.98703	0.01054
78 P	0.00166	0.98781	0.01054
79 L	0.00109	0.98838	0.01054
80 G	0.00103	0.98842	0.01056
81 F	0.00101	0.98836	0.01063
82 F	0.00101	0.98797	0.01102
83 I	0.00101	0.98661	0.01238
84 L	0.00102	0.98542	0.01357
85 V	0.00113	0.96163	0.03725
86 C	0.00159	0.79321	0.20521
87 F	0.00373	0.72403	0.27224
88 C	0.01736	0.55556	0.42708
89 L	0.03476	0.49667	0.46858
90 K	0.08691	0.22326	0.68984
91 T	0.08776	0.21465	0.69759
92 S	0.08869	0.10828	0.80304
93 S	0.09126	0.04501	0.86372
94 M	0.09334	0.03147	0.87519
95 S	0.09314	0.02307	0.88379
96 N	0.08836	0.02096	0.89069
97 P	0.08756	0.03346	0.87897
98 N	0.08223	0.05633	0.86145
99 G	0.07326	0.21818	0.70856
100 Y	0.03712	0.45480	0.50807
101 I	0.01461	0.69572	0.28966
102 V	0.00021	0.96798	0.03181
103 L	0.00010	0.98384	0.01606
104 V	0.00009	0.99561	0.0043
105 F	0.00008	0.99841	0.00151
106 S	0.00008	0.99889	0.00103
107 I	0.00008	0.99975	0.00017
108 S	0.00008	0.99979	0.00013
109 M	0.00008	0.99992	1e-05
110 I	0.00008	0.99992	0
111 I	0.00008	0.99992	0
112 L	0.00008	0.99992	0
113 Y	0.00009	0.99991	1e-05
114 L	0.00012	0.99977	0.00011
115 M	0.00079	0.99886	0.00035
116 S	0.00709	0.99150	0.00141
117 T	0.05337	0.94332	0.00331
118 L	0.07361	0.91853	0.00786
119 Y	0.11031	0.87728	0.01241
120 H	0.16415	0.81838	0.01747
121 S	0.18650	0.79119	0.02231
122 L	0.21910	0.74672	0.03418
123 S	0.34583	0.58018	0.074
124 F	0.57945	0.33500	0.08555
125 T	0.89050	0.01549	0.09401
126 K	0.90513	0.00076	0.09411
127 A	0.90553	0.00035	0.09412
128 H	0.90562	0.00025	0.09413
129 N	0.90552	0.00035	0.09413
130 F	0.90509	0.00079	0.09412
131 F	0.90506	0.00085	0.0941
132 Q	0.90516	0.00091	0.09393
133 K	0.90490	0.00148	0.09363
134 T	0.89732	0.01117	0.0915
135 D	0.81605	0.09507	0.08888
136 H	0.44295	0.48631	0.07074
137 I	0.18032	0.79655	0.02314
138 S	0.10125	0.88042	0.01833
139 I	0.05067	0.93248	0.01685
140 Y	0.00627	0.97742	0.01631
141 L	0.00104	0.98275	0.01621
142 L	0.00041	0.98343	0.01616
143 I	0.00007	0.98403	0.0159
144 W	0.00007	0.98405	0.01589
145 G	0.00006	0.98406	0.01588
146 T	0.00006	0.98407	0.01587
147 F	0.00006	0.98407	0.01587
148 T	0.00006	0.98407	0.01587
149 P	0.00006	0.98406	0.01589
150 I	0.00006	0.98405	0.01589
151 L	0.00006	0.98397	0.01597
152 L	0.00009	0.98347	0.01643
153 L	0.00024	0.96881	0.03095
154 L	0.00365	0.89752	0.09882
155 P	0.04991	0.70956	0.24053
156 E	0.07154	0.58200	0.34646
157 L	0.07347	0.56799	0.35854
158 Q	0.07584	0.20129	0.72288
159 K	0.07629	0.01980	0.90392
160 P	0.07697	0.01020	0.91283
161 L	0.07538	0.01176	0.91286
162 F	0.07366	0.01429	0.91204
163 A	0.07383	0.00959	0.91658
164 L	0.07380	0.01630	0.90991
165 A	0.07378	0.02125	0.90497
166 S	0.07350	0.02384	0.90266
167 V	0.06710	0.03566	0.89724
168 P	0.06705	0.03688	0.89607
169 I	0.06689	0.05822	0.87489
170 S	0.06678	0.06902	0.86419
171 K	0.06671	0.08056	0.85273
172 G	0.05948	0.54498	0.39554
173 Q	0.05605	0.79642	0.14752
174 F	0.03493	0.88790	0.07717
175 F	0.00836	0.98905	0.0026
176 F	0.00683	0.99231	0.00086
177 V	0.00667	0.99297	0.00036
178 C	0.00668	0.99301	0.00032
179 Q	0.00672	0.99297	0.00031
180 C	0.00672	0.99298	0.0003
181 I	0.00671	0.99299	0.0003
182 L	0.00672	0.99298	0.0003
183 V	0.00680	0.99287	0.00033
184 F	0.00703	0.99159	0.00138
185 S	0.00815	0.98845	0.00341
186 G	0.00980	0.98661	0.00359
187 I	0.01759	0.97869	0.00372
188 I	0.02538	0.97075	0.00387
189 C	0.04124	0.95382	0.00494
190 K	0.06647	0.92140	0.01214
191 V	0.06860	0.91925	0.01216
192 F	0.08337	0.90443	0.0122
193 W	0.18757	0.79990	0.01253
194 M	0.31923	0.66535	0.01543
195 N	0.82022	0.11833	0.06145
196 K	0.92587	0.00289	0.07124
197 G	0.91209	0.01693	0.07098
198 K	0.86429	0.06949	0.06623
199 I	0.58191	0.41230	0.00578
200 I	0.45892	0.53973	0.00135
201 H	0.12398	0.87503	0.00099
202 L	0.01563	0.98366	0.00071
203 I	0.00088	0.99860	0.00052
204 F	0.00047	0.99903	0.0005
205 Y	0.00038	0.99912	0.0005
206 A	0.00022	0.99928	0.0005
207 L	0.00018	0.99932	0.0005
208 L	0.00018	0.99933	0.0005
209 G	0.00018	0.99933	0.00049
210 W	0.00017	0.99932	0.0005
211 S	0.00017	0.99932	0.00051
212 G	0.00017	0.99932	0.00051
213 L	0.00017	0.99931	0.00051
214 L	0.00019	0.99908	0.00073
215 L	0.00025	0.99467	0.00508
216 V	0.00089	0.99320	0.00591
217 P	0.01990	0.96138	0.01872
218 A	0.04479	0.92771	0.0275
219 M	0.06125	0.84552	0.09323
220 W	0.06617	0.64474	0.28908
221 E	0.06865	0.05535	0.876
222 T	0.06907	0.03981	0.89112
223 N	0.04594	0.10411	0.84996
224 I	0.01636	0.87104	0.11259
225 F	0.00156	0.97493	0.02351
226 Y	0.00016	0.99893	0.00091
227 F	0.00002	0.99972	0.00026
228 V	0.00000	0.99986	0.00014
229 L	0.00000	0.99988	0.00012
230 L	0.00000	0.99987	0.00013
231 G	0.00000	0.99986	0.00014
232 G	0.00001	0.99985	0.00014
233 V	0.00001	0.99985	0.00014
234 F	0.00001	0.99985	0.00015
235 Y	0.00001	0.99984	0.00015
236 S	0.00001	0.99983	0.00016
237 L	0.00001	0.99981	0.00018
238 G	0.00005	0.99976	0.00019
239 I	0.00023	0.99956	0.00021
240 Y	0.00175	0.99790	0.00035
241 F	0.00416	0.99473	0.00111
242 Y	0.05041	0.94029	0.0093
243 I	0.16122	0.81130	0.02748
244 K	0.89482	0.03571	0.06947
245 D	0.92655	0.00192	0.07152
246 N	0.92743	0.00083	0.07174
247 K	0.92804	0.00014	0.07182
248 K	0.91132	0.01697	0.0717
249 Y	0.84780	0.08143	0.07076
250 F	0.29942	0.63119	0.06939
251 H	0.26474	0.67435	0.0609
252 F	0.16578	0.79064	0.04357
253 I	0.15237	0.84095	0.00668
254 W	0.07768	0.91975	0.00257
255 H	0.03115	0.96673	0.00212
256 L	0.00172	0.99702	0.00125
257 F	0.00118	0.99816	0.00066
258 V	0.00116	0.99880	4e-05
259 I	0.00115	0.99881	4e-05
260 A	0.00115	0.99881	4e-05
261 G	0.00115	0.99881	4e-05
262 T	0.00115	0.99881	4e-05
263 C	0.00115	0.99881	4e-05
264 F	0.00115	0.99881	4e-05
265 H	0.00115	0.99878	8e-05
266 A	0.00115	0.99874	0.00011
267 W	0.00115	0.99843	0.00043
268 G	0.00117	0.99267	0.00616
269 I	0.00128	0.96499	0.03373
270 Y	0.00220	0.69067	0.30712
271 C	0.00394	0.59890	0.39716
272 L	0.00727	0.51198	0.48075
273 L	0.01317	0.28674	0.7001
274 E	0.03181	0.22211	0.74609
275 I	0.04158	0.19088	0.76754
276 L	0.06432	0.15547	0.7802
277 P	0.07135	0.05473	0.87392
278 K	0.07282	0.00438	0.9228
279 N	0.07293	0.00000	0.92707
