# tr|Q2NJ91|Q2NJ91_AYWBP
# AA	inside	membr	outside
1 M	0.94714	0.00000	0.05286
2 V	0.94714	0.00000	0.05286
3 Y	0.94714	0.00000	0.05286
4 F	0.94714	0.00000	0.05286
5 N	0.94714	0.00000	0.05286
6 D	0.94714	0.00000	0.05286
7 T	0.94714	0.00000	0.05286
8 N	0.94714	0.00000	0.05286
9 Y	0.94714	0.00000	0.05286
10 H	0.94714	0.00002	0.05284
11 V	0.94714	0.00003	0.05283
12 V	0.94714	0.00004	0.05282
13 R	0.94714	0.00005	0.05281
14 I	0.94714	0.00005	0.05281
15 Y	0.94714	0.00012	0.05274
16 Q	0.94714	0.00012	0.05274
17 N	0.94714	0.00012	0.05274
18 N	0.94714	0.00012	0.05274
19 N	0.94712	0.00014	0.05274
20 F	0.94707	0.00030	0.05263
21 I	0.94706	0.00031	0.05263
22 N	0.94706	0.00031	0.05263
23 K	0.94706	0.00031	0.05263
24 M	0.94706	0.00037	0.05257
25 I	0.94706	0.00039	0.05255
26 A	0.94706	0.00040	0.05254
27 D	0.94707	0.00039	0.05254
28 V	0.94707	0.00039	0.05254
29 K	0.94707	0.00039	0.05254
30 K	0.94707	0.00040	0.05253
31 I	0.94707	0.00048	0.05245
32 F	0.94707	0.00049	0.05244
33 I	0.94708	0.00048	0.05244
34 I	0.94710	0.00046	0.05244
35 T	0.94717	0.00039	0.05244
36 T	0.94720	0.00036	0.05244
37 Q	0.94722	0.00032	0.05246
38 S	0.94724	0.00028	0.05248
39 K	0.94725	0.00024	0.0525
40 T	0.94726	0.00023	0.05251
41 R	0.94726	0.00023	0.05252
42 I	0.94726	0.00022	0.05252
43 I	0.94730	0.00018	0.05252
44 T	0.94736	0.00012	0.05252
45 K	0.94737	0.00010	0.05253
46 N	0.94738	0.00010	0.05253
47 L	0.94738	0.00010	0.05253
48 F	0.94738	0.00010	0.05253
49 K	0.94745	0.00003	0.05253
50 T	0.94747	0.00001	0.05253
51 I	0.94747	0.00000	0.05253
52 K	0.94748	0.00000	0.05253
53 Q	0.94748	0.00000	0.05253
54 N	0.94748	0.00000	0.05253
55 K	0.94748	0.00001	0.05252
56 I	0.94747	0.00003	0.05249
57 Q	0.94747	0.00003	0.05249
58 L	0.94747	0.00004	0.05249
59 R	0.94747	0.00004	0.05249
60 P	0.94747	0.00004	0.05249
61 S	0.94747	0.00004	0.05249
62 N	0.94747	0.00004	0.05249
63 R	0.94747	0.00004	0.05249
64 S	0.94747	0.00004	0.05249
65 S	0.94747	0.00004	0.05249
66 F	0.94747	0.00004	0.05249
67 F	0.94747	0.00004	0.05249
68 Y	0.94747	0.00004	0.05249
69 T	0.94747	0.00004	0.05249
70 I	0.94747	0.00004	0.05249
71 F	0.94747	0.00004	0.05249
72 Y	0.94747	0.00004	0.05249
73 E	0.94749	0.00002	0.05249
74 R	0.94750	0.00001	0.05249
75 K	0.94750	0.00000	0.05249
76 K	0.94749	0.00002	0.05249
77 Y	0.94107	0.00674	0.05219
78 E	0.93291	0.01524	0.05185
79 F	0.90327	0.04555	0.05118
80 I	0.89577	0.05330	0.05092
81 N	0.89388	0.05525	0.05088
82 K	0.88855	0.06068	0.05077
83 N	0.79296	0.15857	0.04847
84 I	0.40804	0.55317	0.03878
85 I	0.26748	0.69586	0.03666
86 F	0.22453	0.73945	0.03602
87 V	0.21882	0.74535	0.03583
88 F	0.21631	0.74794	0.03575
89 K	0.21492	0.74939	0.03569
90 S	0.18002	0.78469	0.0353
91 L	0.08938	0.87721	0.03341
92 L	0.04583	0.92398	0.0302
93 F	0.03592	0.93780	0.02628
94 C	0.03087	0.94608	0.02305
95 I	0.00381	0.99301	0.00319
96 L	0.00160	0.99728	0.00112
97 I	0.00105	0.99824	0.0007
98 F	0.00055	0.99888	0.00057
99 I	0.00012	0.99859	0.00129
100 L	0.00048	0.98081	0.01871
101 S	0.00209	0.94207	0.05584
102 S	0.00371	0.91724	0.07905
103 H	0.00481	0.90846	0.08673
104 I	0.00427	0.94130	0.05443
105 S	0.00437	0.92910	0.06653
106 S	0.00418	0.91336	0.08245
107 L	0.00182	0.88454	0.11364
108 F	0.00069	0.87264	0.12667
109 A	0.00053	0.87302	0.12645
110 L	0.00035	0.87697	0.12268
111 L	0.00026	0.87899	0.12075
112 F	0.00026	0.87731	0.12243
113 W	0.00048	0.85079	0.14874
114 L	0.00191	0.76192	0.23617
115 F	0.00540	0.70775	0.28685
116 Y	0.01230	0.63867	0.34903
117 I	0.01842	0.56400	0.41759
118 S	0.04278	0.17516	0.78206
119 H	0.04583	0.13501	0.81916
120 F	0.04669	0.12590	0.82741
121 I	0.05316	0.11389	0.83295
122 D	0.09745	0.06124	0.84131
123 K	0.10076	0.05709	0.84215
124 I	0.10119	0.05662	0.84218
125 I	0.10186	0.05590	0.84224
126 D	0.10502	0.05241	0.84258
127 F	0.10541	0.05196	0.84262
128 I	0.10739	0.04993	0.84268
129 F	0.11254	0.04424	0.84321
130 S	0.13641	0.01766	0.84593
131 G	0.15294	0.00000	0.84706
