# tr|Q2NJN6|Q2NJN6_AYWBP
# AA	inside	membr	outside
1 M	0.84278	0.00000	0.15722
2 A	0.84278	0.00000	0.15722
3 R	0.84278	0.00000	0.15722
4 N	0.84278	0.00000	0.15722
5 Y	0.84278	0.00000	0.15722
6 R	0.84278	0.00000	0.15722
7 R	0.84278	0.00000	0.15722
8 S	0.84278	0.00000	0.15722
9 Y	0.84275	0.00003	0.15722
10 F	0.84275	0.00003	0.15722
11 S	0.84275	0.00003	0.15722
12 K	0.84267	0.00011	0.15722
13 K	0.82211	0.02072	0.15717
14 T	0.82172	0.02111	0.15717
15 F	0.82169	0.07737	0.10094
16 R	0.79435	0.10471	0.10094
17 R	0.74127	0.15793	0.1008
18 N	0.72903	0.17224	0.09874
19 W	0.52647	0.37801	0.09552
20 I	0.32092	0.59713	0.08195
21 L	0.31157	0.60649	0.08194
22 P	0.31150	0.60657	0.08194
23 T	0.31145	0.60663	0.08192
24 L	0.31144	0.60664	0.08191
25 G	0.31144	0.60664	0.08191
26 I	0.31144	0.60664	0.08191
27 V	0.31144	0.60664	0.08191
28 I	0.31144	0.60664	0.08192
29 P	0.31144	0.60660	0.08195
30 L	0.31145	0.60654	0.08201
31 V	0.31148	0.60521	0.0833
32 S	0.31174	0.59880	0.08946
33 L	0.31873	0.57789	0.10337
34 K	0.33832	0.43540	0.22629
35 E	0.34291	0.41453	0.24256
36 F	0.34316	0.41071	0.24613
37 L	0.34484	0.35700	0.29817
38 K	0.38523	0.02715	0.58762
39 K	0.38632	0.00396	0.60972
40 C	0.38640	0.00252	0.61109
41 L	0.38643	0.00229	0.61128
42 K	0.38668	0.00040	0.61292
43 L	0.38673	0.00023	0.61304
44 W	0.38674	0.00008	0.61318
45 N	0.38674	0.00005	0.61321
46 S	0.38675	0.00001	0.61324
47 S	0.38675	0.00000	0.61325
48 K	0.38675	0.00000	0.61326
49 I	0.38675	0.00000	0.61326
50 A	0.38675	0.00000	0.61326
51 F	0.38675	0.00000	0.61326
