# tr|Q2NK43|Q2NK43_AYWBP
# AA	inside	membr	outside
1 M	0.36947	0.00000	0.63054
2 R	0.36070	0.00876	0.63054
3 N	0.33601	0.03346	0.63054
4 L	0.33601	0.18848	0.47552
5 L	0.16421	0.40802	0.42777
6 M	0.16420	0.41249	0.42331
7 I	0.13799	0.43882	0.42319
8 L	0.13799	0.43882	0.42319
9 E	0.13791	0.43891	0.42319
10 M	0.13791	0.43918	0.42292
11 I	0.13768	0.43943	0.4229
12 F	0.13523	0.44188	0.42289
13 S	0.13382	0.44330	0.42288
14 F	0.13382	0.44330	0.42288
15 N	0.13382	0.44414	0.42205
16 F	0.13351	0.44444	0.42205
17 L	0.13315	0.44480	0.42206
18 K	0.13314	0.44437	0.4225
19 Y	0.11728	0.46229	0.42043
20 L	0.11034	0.48130	0.40836
21 I	0.10922	0.47976	0.41102
22 S	0.18068	0.40183	0.41749
23 F	0.21391	0.31731	0.46878
24 D	0.31363	0.10428	0.58209
25 F	0.31438	0.07886	0.60676
26 K	0.31519	0.05080	0.63401
27 D	0.31315	0.07171	0.61514
28 F	0.10584	0.51846	0.3757
29 F	0.05923	0.67238	0.26838
30 Y	0.01735	0.81552	0.16713
31 L	0.01205	0.84163	0.14632
32 L	0.00764	0.92785	0.06452
33 Y	0.00681	0.97280	0.02039
34 F	0.00196	0.98850	0.00954
35 L	0.00092	0.99182	0.00727
36 F	0.00049	0.99253	0.00698
37 Y	0.00051	0.99311	0.00637
38 N	0.00193	0.99142	0.00666
39 I	0.00209	0.99241	0.00549
40 F	0.00342	0.99017	0.00641
41 L	0.00445	0.98816	0.0074
42 T	0.01038	0.96448	0.02514
43 K	0.01809	0.95087	0.03103
44 S	0.01790	0.95119	0.0309
45 S	0.01796	0.95152	0.03052
46 F	0.01787	0.95234	0.02979
47 L	0.01951	0.94677	0.03371
48 F	0.04313	0.91641	0.04047
49 G	0.06181	0.87729	0.06091
50 F	0.09648	0.82593	0.07759
51 N	0.30356	0.44447	0.25197
52 V	0.36752	0.35638	0.2761
53 G	0.47020	0.22608	0.30373
54 W	0.46569	0.30238	0.23193
55 N	0.53469	0.24001	0.2253
56 I	0.53433	0.25831	0.20736
57 N	0.47944	0.31242	0.20814
58 F	0.41450	0.38843	0.19707
59 I	0.23676	0.57150	0.19174
60 N	0.22299	0.60125	0.17577
61 I	0.13475	0.75813	0.10712
62 Y	0.09877	0.79630	0.10492
63 N	0.08428	0.81302	0.1027
64 I	0.07241	0.83585	0.09174
65 I	0.07121	0.85833	0.07045
66 K	0.07166	0.85760	0.07074
67 T	0.05869	0.89551	0.0458
68 I	0.03041	0.94261	0.02699
69 F	0.02604	0.94984	0.02412
70 I	0.02184	0.96982	0.00833
71 F	0.01302	0.98033	0.00665
72 I	0.01206	0.98138	0.00657
73 W	0.01869	0.96742	0.01389
74 E	0.06813	0.88499	0.04688
75 H	0.07300	0.85538	0.07162
76 L	0.07725	0.84530	0.07744
77 T	0.13503	0.75418	0.11079
78 T	0.14597	0.68933	0.1647
79 L	0.14791	0.67173	0.18037
80 I	0.15110	0.61867	0.23023
81 Y	0.15823	0.56822	0.27355
82 P	0.16205	0.38502	0.45293
83 L	0.17408	0.35186	0.47406
84 K	0.25111	0.18386	0.56503
85 L	0.23799	0.18988	0.57213
86 F	0.21476	0.20776	0.57747
87 S	0.22641	0.18969	0.5839
88 S	0.23890	0.19270	0.56839
89 L	0.18980	0.29024	0.51995
90 F	0.21317	0.26535	0.52149
91 D	0.23460	0.21879	0.54661
92 F	0.22019	0.28567	0.49414
93 L	0.22244	0.30386	0.47369
94 M	0.21882	0.30687	0.47432
95 K	0.21549	0.30917	0.47534
96 I	0.10637	0.52320	0.37043
97 L	0.09492	0.53898	0.36609
98 K	0.08798	0.55521	0.35681
99 I	0.03957	0.63616	0.32427
100 F	0.03196	0.64921	0.31883
101 I	0.02903	0.65549	0.31549
102 D	0.02853	0.65479	0.31668
103 V	0.00872	0.67571	0.31557
104 F	0.00811	0.67593	0.31596
105 G	0.00821	0.67353	0.31826
106 S	0.00839	0.67184	0.31977
107 I	0.00860	0.67114	0.32026
108 I	0.01115	0.65905	0.32979
109 G	0.01641	0.62831	0.35529
110 Y	0.02361	0.61767	0.35872
111 I	0.04592	0.58473	0.36935
112 K	0.12607	0.43827	0.43565
113 S	0.13366	0.42939	0.43695
114 S	0.14309	0.41754	0.43937
115 I	0.17624	0.38034	0.44342
116 T	0.22528	0.31455	0.46017
117 S	0.24485	0.28267	0.47249
118 L	0.25082	0.26101	0.48817
119 T	0.31228	0.11531	0.57241
120 G	0.32009	0.10048	0.57943
121 Q	0.33640	0.03697	0.62663
122 K	0.34326	0.00415	0.65259
123 L	0.34332	0.00275	0.65393
124 M	0.34356	0.00238	0.65405
125 D	0.34371	0.00205	0.65424
126 P	0.34374	0.00002	0.65624
127 S	0.34374	0.00000	0.65625
128 E	0.34374	0.00000	0.65626
129 S	0.34373	0.00002	0.65625
130 T	0.34368	0.00009	0.65623
131 W	0.34254	0.00129	0.65616
132 E	0.34207	0.00193	0.656
133 K	0.34171	0.00260	0.65569
134 L	0.33813	0.00875	0.65312
135 K	0.33614	0.01220	0.65166
136 E	0.32406	0.04598	0.62996
137 I	0.27393	0.18866	0.53741
138 A	0.24969	0.21958	0.53072
139 K	0.24371	0.22725	0.52904
140 M	0.16368	0.72829	0.10803
141 I	0.13668	0.82611	0.03722
142 F	0.13100	0.84011	0.02889
143 T	0.12526	0.85315	0.0216
144 V	0.11925	0.86847	0.01229
145 T	0.11868	0.87002	0.01129
146 V	0.11796	0.87130	0.01074
147 G	0.11763	0.87189	0.01048
148 G	0.11739	0.87234	0.01026
149 S	0.11717	0.87286	0.00997
150 V	0.11709	0.87304	0.00986
151 I	0.11708	0.87307	0.00985
152 Y	0.11722	0.87248	0.0103
153 F	0.11743	0.87135	0.01122
154 F	0.12099	0.85832	0.02069
155 K	0.23233	0.69906	0.06861
156 E	0.24023	0.67009	0.08967
157 V	0.24079	0.66456	0.09465
158 N	0.24131	0.65763	0.10106
159 S	0.24835	0.64935	0.10229
160 F	0.25107	0.64538	0.10355
161 L	0.25101	0.61220	0.1368
162 L	0.25266	0.60163	0.14572
163 N	0.68788	0.09583	0.21629
164 S	0.73290	0.04524	0.22187
165 F	0.73784	0.03898	0.22317
166 I	0.74108	0.03046	0.22846
167 K	0.75049	0.01472	0.23479
168 I	0.74993	0.01956	0.23051
169 G	0.74943	0.03117	0.2194
170 D	0.74753	0.03557	0.2169
171 L	0.61419	0.18697	0.19885
172 L	0.59213	0.23371	0.17416
173 F	0.59020	0.23759	0.17221
174 K	0.56580	0.27609	0.15811
175 I	0.02798	0.91057	0.06145
176 V	0.00576	0.94091	0.05333
177 L	0.00407	0.95493	0.041
178 R	0.00423	0.95470	0.04107
179 I	0.00411	0.95499	0.0409
180 L	0.00412	0.95481	0.04107
181 D	0.00422	0.95442	0.04136
182 I	0.00407	0.95512	0.0408
183 I	0.00388	0.94894	0.04718
184 S	0.00382	0.94658	0.0496
185 I	0.00376	0.94665	0.04959
186 V	0.00376	0.94657	0.04967
187 L	0.00408	0.94609	0.04983
188 K	0.00441	0.94269	0.05289
189 F	0.00428	0.94285	0.05286
190 F	0.00426	0.94317	0.05257
191 L	0.00999	0.93746	0.05256
192 F	0.02603	0.92061	0.05336
193 L	0.06734	0.81889	0.11377
194 F	0.11559	0.48896	0.39545
195 K	0.19532	0.00809	0.7966
196 K	0.19206	0.01414	0.79379
197 V	0.12611	0.32237	0.55152
198 I	0.06883	0.88165	0.04953
199 I	0.01163	0.98615	0.00221
200 I	0.00313	0.99677	0.0001
201 L	0.00008	0.99985	7e-05
202 S	0.00006	0.99988	6e-05
203 F	0.00001	0.99998	1e-05
204 V	0.00001	0.99998	0
205 L	0.00003	0.99993	4e-05
206 S	0.00003	0.99987	9e-05
207 F	0.00004	0.99986	0.00011
208 F	0.00004	0.99983	0.00013
209 I	0.00005	0.99980	0.00015
210 N	0.00007	0.99972	0.00021
211 F	0.00007	0.99971	0.00022
212 L	0.00016	0.99951	0.00034
213 Y	0.00047	0.99910	0.00043
214 L	0.00106	0.99829	0.00066
215 W	0.01362	0.98344	0.00294
216 V	0.04125	0.94725	0.0115
217 F	0.17501	0.76200	0.06299
218 E	0.70277	0.12534	0.17189
219 N	0.72298	0.09086	0.18617
220 A	0.76937	0.03472	0.19591
221 K	0.79970	0.00072	0.19958
222 K	0.80013	0.00001	0.19986
223 M	0.80013	0.00000	0.19987
224 L	0.80013	0.00000	0.19987
