# tr|Q2NIS6|Q2NIS6_AYWBP
# AA	inside	membr	outside
1 M	0.74322	0.00000	0.25678
2 E	0.74322	0.00000	0.25678
3 V	0.74318	0.00004	0.25678
4 Y	0.74318	0.00135	0.25547
5 M	0.74056	0.00607	0.25337
6 I	0.74056	0.00625	0.25319
7 K	0.73746	0.00936	0.25317
8 K	0.73746	0.00937	0.25317
9 R	0.66662	0.08325	0.25013
10 I	0.66610	0.31651	0.0174
11 I	0.65891	0.32554	0.01555
12 T	0.59908	0.38548	0.01544
13 G	0.46775	0.51720	0.01505
14 G	0.46770	0.51725	0.01505
15 T	0.46770	0.52709	0.00522
16 L	0.41830	0.57649	0.00522
17 V	0.34913	0.64584	0.00503
18 L	0.34680	0.64884	0.00436
19 F	0.24532	0.75120	0.00348
20 S	0.19279	0.80573	0.00148
21 F	0.01625	0.98231	0.00144
22 F	0.01280	0.98660	0.0006
23 F	0.01213	0.98733	0.00054
24 Y	0.01208	0.98714	0.00078
25 Y	0.01610	0.98246	0.00144
26 C	0.01840	0.97936	0.00224
27 A	0.05286	0.94001	0.00713
28 P	0.15301	0.83175	0.01523
29 L	0.18790	0.78595	0.02615
30 E	0.22810	0.72718	0.04472
31 I	0.21351	0.74049	0.046
32 K	0.20167	0.66255	0.13579
33 F	0.12322	0.74783	0.12895
34 L	0.01918	0.85065	0.13017
35 V	0.01710	0.83753	0.14538
36 F	0.01667	0.77489	0.20845
37 A	0.01712	0.77047	0.21241
38 S	0.02499	0.75162	0.2234
39 L	0.02515	0.71517	0.25968
40 V	0.02612	0.64692	0.32695
41 I	0.02826	0.59547	0.37627
42 K	0.03757	0.37134	0.59109
43 A	0.03863	0.32850	0.63287
44 V	0.03881	0.26675	0.69444
45 Q	0.04189	0.25939	0.69872
46 E	0.04194	0.25287	0.70519
47 M	0.04194	0.25230	0.70575
48 F	0.04194	0.25015	0.70791
49 F	0.04195	0.24948	0.70858
50 I	0.04198	0.24680	0.71121
51 L	0.04245	0.17777	0.77978
52 N	0.04299	0.07254	0.88447
53 H	0.05639	0.01245	0.93116
54 P	0.05995	0.00211	0.93794
55 K	0.06028	0.00094	0.93879
56 D	0.06035	0.00009	0.93956
57 T	0.06035	0.00003	0.93962
58 Q	0.06035	0.00006	0.93959
59 K	0.06035	0.00019	0.93946
60 Q	0.06030	0.01149	0.92821
61 T	0.05839	0.22505	0.71655
62 F	0.05067	0.51252	0.43682
63 I	0.04840	0.55975	0.39185
64 K	0.04797	0.56351	0.38852
65 F	0.00284	0.86982	0.12735
66 G	0.00087	0.96726	0.03187
67 L	0.00017	0.99092	0.00891
68 V	0.00009	0.99728	0.00262
69 A	0.00008	0.99892	0.001
70 T	0.00007	0.99938	0.00054
71 S	0.00006	0.99978	0.00016
72 T	0.00005	0.99987	8e-05
73 L	0.00005	0.99990	4e-05
74 L	0.00005	0.99991	3e-05
75 F	0.00005	0.99991	3e-05
76 F	0.00005	0.99991	3e-05
77 T	0.00005	0.99991	3e-05
78 G	0.00006	0.99990	3e-05
79 V	0.00011	0.99985	4e-05
80 C	0.00029	0.99963	8e-05
81 L	0.00064	0.99926	0.0001
82 I	0.00139	0.99845	0.00016
83 L	0.01987	0.97964	0.00048
84 Y	0.22987	0.76739	0.00274
85 Q	0.67773	0.31097	0.01129
86 N	0.72753	0.25760	0.01487
87 I	0.73464	0.24973	0.01563
88 C	0.87903	0.06310	0.05787
89 Q	0.93814	0.00197	0.05989
90 N	0.93931	0.00037	0.06032
91 N	0.93955	0.00012	0.06033
92 K	0.93964	0.00003	0.06033
93 L	0.93964	0.00003	0.06033
94 R	0.93966	0.00001	0.06033
95 N	0.93966	0.00001	0.06033
96 D	0.93966	0.00001	0.06033
97 F	0.93965	0.00003	0.06032
98 L	0.93964	0.00003	0.06032
99 L	0.93964	0.00003	0.06032
100 P	0.93964	0.00003	0.06032
101 F	0.93964	0.00003	0.06032
102 K	0.93964	0.00003	0.06032
103 S	0.93962	0.00006	0.06032
104 F	0.93949	0.00019	0.06032
105 L	0.93943	0.00025	0.06032
106 S	0.93943	0.00025	0.06032
107 Y	0.93942	0.00028	0.06029
108 L	0.93941	0.00029	0.06029
109 K	0.93940	0.00030	0.0603
110 Q	0.93873	0.00101	0.06025
111 P	0.89824	0.04196	0.05981
112 L	0.54168	0.40431	0.05402
113 F	0.47454	0.48791	0.03756
114 N	0.42940	0.53675	0.03385
115 Y	0.20781	0.77128	0.02091
116 Y	0.05106	0.94605	0.00289
117 F	0.01069	0.98854	0.00077
118 F	0.00232	0.99744	0.00024
119 L	0.00016	0.99976	7e-05
120 L	0.00003	0.99994	3e-05
121 L	0.00000	0.99999	0
122 F	0.00000	1.00000	0
123 L	0.00000	1.00000	0
124 P	0.00000	1.00000	0
125 F	0.00000	1.00000	0
126 L	0.00000	1.00000	0
127 L	0.00000	0.99998	2e-05
128 V	0.00000	0.99997	3e-05
129 L	0.00000	0.99993	7e-05
130 I	0.00001	0.99980	0.00019
131 M	0.00002	0.99955	0.00043
132 L	0.00003	0.98892	0.01105
133 V	0.00005	0.97687	0.02307
134 F	0.00032	0.92411	0.07557
135 L	0.00581	0.59433	0.39985
136 P	0.02525	0.50462	0.47013
137 F	0.02957	0.43759	0.53284
138 L	0.04101	0.19645	0.76254
139 Q	0.05906	0.02709	0.91385
140 T	0.06014	0.00397	0.93589
141 K	0.06034	0.00016	0.9395
142 D	0.06034	0.00088	0.93878
143 V	0.05981	0.02211	0.91808
144 S	0.05915	0.06546	0.87538
145 K	0.05854	0.07583	0.86562
146 T	0.05575	0.20979	0.73445
147 F	0.04081	0.57486	0.38433
148 L	0.02362	0.77439	0.20199
149 I	0.01568	0.95545	0.02886
150 T	0.01044	0.97368	0.01587
151 F	0.00124	0.98842	0.01034
152 Y	0.00101	0.99217	0.00682
153 I	0.00092	0.99571	0.00336
154 G	0.00080	0.99866	0.00053
155 F	0.00073	0.99894	0.00032
156 L	0.00069	0.99912	0.00019
157 M	0.00066	0.99921	0.00013
158 A	0.00032	0.99964	4e-05
159 C	0.00003	0.99994	3e-05
160 L	0.00002	0.99996	2e-05
161 F	0.00004	0.99995	1e-05
162 S	0.00044	0.99954	2e-05
163 L	0.00074	0.99925	2e-05
164 F	0.00657	0.99341	2e-05
165 F	0.05198	0.94776	0.00025
166 L	0.18678	0.81145	0.00177
167 H	0.60622	0.38772	0.00605
168 W	0.50651	0.48607	0.00742
169 H	0.60129	0.38811	0.0106
170 Y	0.44026	0.54174	0.018
171 F	0.12547	0.84334	0.03119
172 F	0.10899	0.85175	0.03926
173 L	0.07842	0.87700	0.04458
174 F	0.07927	0.87039	0.05033
175 V	0.07936	0.86998	0.05066
176 L	0.08006	0.86898	0.05096
177 S	0.07735	0.87109	0.05157
178 V	0.07482	0.87345	0.05173
179 M	0.08019	0.86772	0.05209
180 F	0.07998	0.86772	0.0523
181 T	0.08202	0.86390	0.05407
182 D	0.08087	0.86359	0.05554
183 S	0.06060	0.88438	0.05503
184 F	0.03546	0.91065	0.05389
185 A	0.01336	0.94233	0.04432
186 F	0.00472	0.94976	0.04553
187 L	0.00220	0.94135	0.05645
188 A	0.00224	0.88750	0.11026
189 R	0.00235	0.74268	0.25497
190 F	0.00229	0.69699	0.30072
191 P	0.00245	0.47527	0.52228
192 C	0.00249	0.40437	0.59314
193 F	0.00266	0.30563	0.69171
194 C	0.00590	0.15923	0.83487
195 P	0.00602	0.13708	0.8569
196 F	0.00604	0.13197	0.86199
197 L	0.00605	0.13029	0.86365
198 G	0.00610	0.12836	0.86554
199 T	0.00613	0.12759	0.86628
200 S	0.00614	0.10097	0.8929
201 S	0.00616	0.09313	0.90071
202 L	0.00646	0.08921	0.90433
203 A	0.00800	0.08387	0.90814
204 P	0.00911	0.07463	0.91626
205 H	0.00955	0.04837	0.94208
206 L	0.00983	0.03361	0.95657
207 S	0.01038	0.01389	0.97574
208 P	0.01936	0.00186	0.97879
209 K	0.01993	0.00010	0.97997
210 K	0.01996	0.00120	0.97884
211 T	0.01986	0.05415	0.92599
212 Q	0.01983	0.06749	0.91269
213 K	0.01927	0.10460	0.87613
214 G	0.00397	0.58998	0.40605
215 A	0.00180	0.84650	0.1517
216 I	0.00016	0.99477	0.00507
217 L	0.00011	0.99876	0.00113
218 G	0.00010	0.99942	0.00048
219 T	0.00009	0.99968	0.00022
220 F	0.00009	0.99972	0.00019
221 G	0.00009	0.99974	0.00018
222 S	0.00009	0.99976	0.00015
223 T	0.00009	0.99977	0.00014
224 I	0.00008	0.99978	0.00013
225 T	0.00008	0.99979	0.00013
226 V	0.00007	0.99981	0.00012
227 L	0.00006	0.99982	0.00012
228 I	0.00006	0.99982	0.00012
229 V	0.00007	0.99981	0.00012
230 F	0.00015	0.99973	0.00012
231 L	0.00215	0.99770	0.00015
232 F	0.03749	0.96115	0.00136
233 L	0.13617	0.86001	0.00381
234 K	0.89024	0.09041	0.01935
235 C	0.95708	0.02324	0.01968
236 D	0.97546	0.00474	0.0198
237 S	0.93689	0.04655	0.01655
238 C	0.49154	0.49605	0.01241
239 I	0.45157	0.53664	0.01179
240 R	0.18856	0.79984	0.0116
241 F	0.11307	0.87621	0.01072
242 S	0.07994	0.91008	0.00998
243 I	0.07454	0.91924	0.00622
244 Y	0.07379	0.92000	0.00622
245 T	0.07231	0.92148	0.00621
246 F	0.07121	0.92258	0.00621
247 L	0.07121	0.92258	0.00621
248 I	0.07122	0.92257	0.00621
249 S	0.07122	0.92255	0.00623
250 I	0.07123	0.92254	0.00623
251 I	0.07123	0.92254	0.00623
252 S	0.07124	0.92244	0.00632
253 Q	0.07124	0.92143	0.00732
254 I	0.07125	0.92039	0.00836
255 S	0.07146	0.90026	0.02829
256 D	0.07183	0.81831	0.10985
257 L	0.07188	0.80417	0.12395
258 L	0.07202	0.69873	0.22925
259 A	0.07253	0.65643	0.27104
260 S	0.07713	0.44124	0.48164
261 K	0.08345	0.04071	0.87584
262 F	0.08378	0.03665	0.87957
263 K	0.08497	0.00108	0.91395
264 R	0.08501	0.00057	0.91443
265 D	0.08501	0.00029	0.9147
266 Y	0.08500	0.00028	0.91472
267 G	0.08499	0.00027	0.91473
268 I	0.08499	0.00024	0.91477
269 K	0.08499	0.00003	0.91498
270 D	0.08498	0.00004	0.91497
271 F	0.08477	0.00027	0.91496
272 G	0.08473	0.00035	0.91491
273 S	0.08470	0.00042	0.91488
274 F	0.08460	0.00179	0.91361
275 L	0.08456	0.00330	0.91213
276 P	0.08455	0.00345	0.91201
277 G	0.08446	0.00779	0.90775
278 H	0.08443	0.00919	0.90638
279 G	0.08430	0.05733	0.85837
280 G	0.08338	0.30359	0.61302
281 F	0.08310	0.32114	0.59576
282 L	0.08307	0.34739	0.56954
283 D	0.08307	0.35338	0.56355
284 R	0.08280	0.50363	0.41357
285 F	0.08179	0.67822	0.23999
286 D	0.08176	0.68334	0.2349
287 S	0.08081	0.71659	0.2026
288 W	0.08020	0.73519	0.18461
289 L	0.08020	0.73515	0.18465
290 L	0.08021	0.73514	0.18466
291 S	0.08021	0.73506	0.18473
292 S	0.08021	0.73505	0.18474
293 F	0.08022	0.73503	0.18475
294 F	0.08023	0.73497	0.1848
295 A	0.08029	0.73489	0.18483
296 L	0.08033	0.73481	0.18485
297 I	0.08129	0.73378	0.18493
298 L	0.08401	0.73097	0.18502
299 F	0.09008	0.72476	0.18515
300 N	0.13935	0.67491	0.18574
301 L	0.15814	0.65597	0.18589
302 P	0.39344	0.41960	0.18696
303 F	0.81061	0.00000	0.18939
