# tr|Q2NJW0|Q2NJW0_AYWBP
# AA	inside	membr	outside
1 M	0.87495	0.00000	0.12505
2 D	0.87495	0.00000	0.12505
3 P	0.87495	0.00000	0.12505
4 S	0.87495	0.00000	0.12505
5 Q	0.87495	0.00001	0.12504
6 S	0.87495	0.00001	0.12504
7 M	0.87320	0.00177	0.12503
8 W	0.87320	0.00177	0.12503
9 G	0.87167	0.00332	0.12502
10 K	0.87167	0.00345	0.12488
11 I	0.87042	0.00490	0.12469
12 K	0.85803	0.01732	0.12465
13 E	0.71383	0.16408	0.1221
14 I	0.71367	0.16424	0.12209
15 A	0.71367	0.16887	0.11747
16 K	0.70758	0.17496	0.11747
17 M	0.48842	0.39895	0.11263
18 I	0.48292	0.40639	0.11069
19 F	0.45254	0.43693	0.11054
20 N	0.37714	0.51414	0.10873
21 V	0.00831	0.88302	0.10867
22 A	0.00700	0.88462	0.10837
23 V	0.00649	0.88520	0.10831
24 G	0.00621	0.88552	0.10827
25 G	0.00604	0.88572	0.10825
26 S	0.00585	0.88594	0.10821
27 V	0.00579	0.88600	0.1082
28 I	0.00578	0.88599	0.10823
29 Y	0.00579	0.88559	0.10861
30 F	0.00584	0.88221	0.11195
31 L	0.00653	0.81921	0.17426
32 K	0.00987	0.76112	0.22901
33 E	0.01182	0.72037	0.26781
34 I	0.01189	0.71821	0.2699
35 N	0.01219	0.69869	0.28912
36 N	0.01263	0.68707	0.3003
37 F	0.01209	0.68596	0.30195
38 L	0.01240	0.65709	0.3305
39 L	0.01245	0.61516	0.37239
40 N	0.01924	0.39817	0.58259
41 S	0.02055	0.38490	0.59455
42 F	0.02044	0.37971	0.59986
43 I	0.02083	0.32640	0.65277
44 K	0.02102	0.00434	0.97463
45 I	0.02092	0.00746	0.97161
46 G	0.02091	0.00853	0.97056
47 D	0.02084	0.00948	0.96968
48 L	0.01775	0.04095	0.9413
49 L	0.01713	0.08388	0.89899
50 F	0.01676	0.13836	0.84487
51 K	0.01609	0.16902	0.81488
52 I	0.00641	0.46477	0.52881
53 V	0.00477	0.81966	0.17557
54 L	0.00470	0.94410	0.05119
55 R	0.00471	0.95758	0.03771
56 I	0.00469	0.97543	0.01988
57 L	0.00471	0.97644	0.01885
58 D	0.00476	0.97758	0.01765
59 I	0.00474	0.98052	0.01473
60 I	0.00477	0.98008	0.01514
61 S	0.00477	0.97984	0.01538
62 I	0.00478	0.97983	0.0154
63 F	0.00479	0.97975	0.01545
64 L	0.00503	0.97939	0.01557
65 K	0.00848	0.97555	0.01597
66 S	0.00868	0.97533	0.01599
67 S	0.00892	0.97507	0.01601
68 F	0.00989	0.97408	0.01603
69 Y	0.01178	0.97210	0.01612
70 F	0.01884	0.96368	0.01748
71 C	0.07056	0.90544	0.02399
72 L	0.23346	0.73786	0.02868
73 K	0.86788	0.10019	0.03194
74 R	0.92058	0.04733	0.03209
75 L	0.93248	0.03531	0.03221
76 K	0.95309	0.01466	0.03225
77 I	0.95512	0.01263	0.03225
78 F	0.95718	0.01056	0.03226
79 F	0.96686	0.00082	0.03231
80 K	0.96758	0.00010	0.03232
81 R	0.96765	0.00003	0.03232
82 N	0.96767	0.00000	0.03232
83 N	0.96768	0.00000	0.03232
84 I	0.96768	0.00000	0.03232
85 L	0.96768	0.00000	0.03232
86 K	0.96768	0.00000	0.03232
87 K	0.96768	0.00000	0.03232
88 L	0.96768	0.00000	0.03232
89 S	0.96768	0.00000	0.03232
90 N	0.96768	0.00000	0.03232
91 R	0.96768	0.00000	0.03232
92 L	0.96768	0.00000	0.03232
