# tr|Q2NJD1|Q2NJD1_AYWBP
# AA	inside	membr	outside
1 M	0.21357	0.00000	0.78643
2 L	0.21026	0.00331	0.78643
3 V	0.21015	0.00342	0.78643
4 S	0.21015	0.00359	0.78625
5 F	0.20822	0.00692	0.78485
6 I	0.20822	0.00709	0.78468
7 S	0.20691	0.00846	0.78463
8 S	0.20691	0.00846	0.78462
9 P	0.20626	0.00918	0.78455
10 S	0.20626	0.01069	0.78305
11 G	0.20535	0.01236	0.78229
12 G	0.19516	0.02290	0.78194
13 V	0.18250	0.03582	0.78167
14 C	0.18250	0.03582	0.78167
15 W	0.18250	0.03715	0.78035
16 S	0.18234	0.03730	0.78035
17 C	0.18172	0.03807	0.78021
18 S	0.18169	0.03850	0.77981
19 C	0.18030	0.04146	0.77824
20 W	0.17747	0.07187	0.75066
21 R	0.17130	0.07813	0.75056
22 C	0.16881	0.08496	0.74624
23 F	0.15180	0.11283	0.73537
24 G	0.14233	0.16309	0.69458
25 S	0.14152	0.16829	0.69019
26 V	0.13901	0.18202	0.67897
27 V	0.13832	0.18933	0.67235
28 G	0.13881	0.19099	0.6702
29 L	0.13892	0.19912	0.66196
30 L	0.13969	0.19733	0.66298
31 T	0.14079	0.18971	0.6695
32 E	0.14108	0.18663	0.67229
33 P	0.14169	0.18674	0.67157
34 L	0.14178	0.18750	0.67072
35 S	0.14195	0.18247	0.67558
36 G	0.14198	0.17407	0.68395
37 I	0.14204	0.17478	0.68318
38 V	0.14493	0.17178	0.68329
39 K	0.15005	0.16364	0.68631
40 V	0.14893	0.18010	0.67097
41 I	0.14617	0.19733	0.6565
42 S	0.15330	0.19346	0.65324
43 Y	0.16861	0.18710	0.64428
44 T	0.17368	0.17797	0.64835
45 F	0.15987	0.19015	0.64997
46 V	0.16441	0.16756	0.66803
47 N	0.22160	0.09887	0.67953
48 C	0.21111	0.12849	0.6604
49 C	0.18541	0.25836	0.55622
50 I	0.14427	0.67090	0.18483
51 Y	0.14185	0.68992	0.16823
52 D	0.14358	0.70151	0.15491
53 V	0.01707	0.97409	0.00884
54 V	0.00652	0.98876	0.00473
55 S	0.00226	0.99483	0.0029
56 F	0.00102	0.99655	0.00242
57 L	0.00061	0.99707	0.00232
58 C	0.00059	0.99712	0.00229
59 F	0.00040	0.99748	0.00212
60 F	0.00055	0.99769	0.00176
61 F	0.00068	0.99835	0.00097
62 I	0.00080	0.99874	0.00046
63 V	0.00344	0.99515	0.0014
64 S	0.01234	0.98002	0.00764
65 S	0.01541	0.97608	0.00851
66 L	0.01982	0.96984	0.01034
67 I	0.02030	0.96837	0.01134
68 S	0.02155	0.95093	0.02753
69 L	0.02148	0.94740	0.03112
70 L	0.02618	0.93843	0.03539
71 L	0.06777	0.86857	0.06366
72 V	0.21218	0.68133	0.10649
73 K	0.70635	0.04691	0.24674
74 V	0.71341	0.03676	0.24983
75 D	0.72035	0.02019	0.25946
76 S	0.69217	0.05987	0.24797
77 S	0.37352	0.45813	0.16835
78 F	0.26497	0.59647	0.13856
79 S	0.11379	0.75472	0.13149
80 I	0.10126	0.79493	0.10381
81 I	0.08879	0.82075	0.09046
82 V	0.08806	0.83314	0.0788
83 V	0.08734	0.83397	0.07868
84 F	0.08012	0.84124	0.07864
85 G	0.07007	0.85130	0.07862
86 A	0.06958	0.85356	0.07685
87 C	0.06790	0.86781	0.06429
88 K	0.06648	0.86944	0.06408
89 M	0.05923	0.88732	0.05345
90 G	0.04907	0.91571	0.03522
91 V	0.01995	0.96608	0.01397
92 G	0.00797	0.98990	0.00213
93 G	0.00208	0.99645	0.00147
94 F	0.00202	0.99657	0.00141
95 S	0.00212	0.99600	0.00188
96 I	0.00224	0.99540	0.00237
97 L	0.00264	0.98945	0.00792
98 L	0.00393	0.97462	0.02145
99 V	0.02007	0.88925	0.09068
100 N	0.09267	0.49785	0.40948
101 C	0.10832	0.42222	0.46946
102 C	0.11379	0.37466	0.51154
103 G	0.12437	0.36160	0.51403
104 G	0.13075	0.35239	0.51686
105 L	0.13703	0.34560	0.51737
106 G	0.13779	0.34430	0.51792
107 V	0.13873	0.33872	0.52255
108 F	0.14242	0.31491	0.54267
109 V	0.16040	0.25639	0.58322
110 S	0.23575	0.09925	0.665
111 S	0.27452	0.00000	0.72548
