# tr|Q2NK12|Q2NK12_AYWBP
# AA	inside	membr	outside
1 M	0.57571	0.00000	0.42429
2 N	0.49946	0.07624	0.42429
3 Y	0.41949	0.15622	0.42429
4 T	0.41949	0.36219	0.21832
5 V	0.01788	0.97671	0.00541
6 F	0.01788	0.98148	0.00064
7 F	0.01008	0.98935	0.00058
8 V	0.01008	0.98935	0.00058
9 T	0.01006	0.98936	0.00057
10 I	0.01006	0.98951	0.00043
11 C	0.01006	0.98952	0.00042
12 T	0.01005	0.98953	0.00042
13 F	0.01002	0.98966	0.00033
14 I	0.01002	0.98966	0.00033
15 V	0.01002	0.98966	0.00032
16 L	0.01002	0.98966	0.00032
17 S	0.01002	0.98964	0.00034
18 T	0.01002	0.98962	0.00036
19 L	0.01008	0.98951	0.00041
20 F	0.01073	0.98684	0.00244
21 L	0.01406	0.97263	0.01331
22 A	0.11356	0.82406	0.06239
23 D	0.37332	0.17761	0.44906
24 S	0.39590	0.13301	0.47109
25 N	0.41769	0.03875	0.54355
26 D	0.42128	0.02060	0.55813
27 S	0.42298	0.01816	0.55887
28 F	0.43039	0.00410	0.56551
29 S	0.43339	0.00099	0.56563
30 L	0.43355	0.00058	0.56587
31 G	0.43358	0.00046	0.56595
32 N	0.43361	0.00041	0.56598
33 S	0.43368	0.00032	0.56599
34 F	0.43369	0.00032	0.56599
35 S	0.43375	0.00025	0.566
36 E	0.43398	0.00001	0.56601
37 Q	0.43399	0.00000	0.56601
38 K	0.43399	0.00000	0.56601
39 Q	0.43399	0.00000	0.56601
40 R	0.43399	0.00000	0.56601
41 R	0.43399	0.00000	0.56601
42 K	0.43387	0.00019	0.56594
43 V	0.43215	0.00249	0.56536
44 K	0.43190	0.00507	0.56304
45 G	0.42207	0.08337	0.49456
46 E	0.41857	0.15929	0.42213
47 Q	0.34404	0.47053	0.18543
48 F	0.03967	0.89446	0.06587
49 F	0.00687	0.97414	0.019
50 L	0.00038	0.99134	0.00829
51 N	0.00022	0.99501	0.00477
52 C	0.00017	0.99722	0.00262
53 F	0.00016	0.99830	0.00154
54 L	0.00016	0.99850	0.00134
55 T	0.00016	0.99851	0.00133
56 V	0.00016	0.99851	0.00133
57 L	0.00016	0.99851	0.00133
58 T	0.00016	0.99851	0.00133
59 M	0.00016	0.99851	0.00133
60 A	0.00016	0.99851	0.00133
61 F	0.00016	0.99849	0.00134
62 F	0.00017	0.99843	0.00141
63 G	0.00025	0.99744	0.00232
64 L	0.00052	0.99610	0.00338
65 S	0.01106	0.97706	0.01188
66 L	0.02253	0.94464	0.03283
67 W	0.09657	0.82746	0.07597
68 C	0.29496	0.37838	0.32666
69 Q	0.48215	0.13984	0.37801
70 Q	0.56484	0.00000	0.43516
