# tr|Q2NJG2|Q2NJG2_AYWBP
# AA	inside	membr	outside
1 M	0.96118	0.00000	0.03882
2 N	0.96118	0.00000	0.03882
3 N	0.96118	0.00000	0.03882
4 F	0.96118	0.00000	0.03882
5 I	0.96118	0.00000	0.03882
6 N	0.96118	0.00000	0.03882
7 F	0.96118	0.00000	0.03882
8 I	0.96118	0.00000	0.03882
9 N	0.96118	0.00000	0.03882
10 K	0.96118	0.00000	0.03882
11 N	0.96118	0.00000	0.03882
12 S	0.96118	0.00000	0.03882
13 F	0.96118	0.00000	0.03882
14 L	0.96118	0.00000	0.03882
15 K	0.96118	0.00000	0.03882
16 N	0.96118	0.00000	0.03882
17 I	0.96118	0.00000	0.03882
18 F	0.96118	0.00000	0.03882
19 Q	0.96118	0.00000	0.03882
20 K	0.96092	0.00026	0.03882
21 E	0.95264	0.00854	0.03882
22 N	0.94350	0.01770	0.0388
23 N	0.92170	0.03961	0.0387
24 I	0.83917	0.12260	0.03823
25 K	0.77169	0.19036	0.03795
26 I	0.56821	0.39795	0.03384
27 F	0.51609	0.45240	0.0315
28 K	0.50443	0.46457	0.031
29 I	0.08582	0.90702	0.00717
30 I	0.02992	0.96811	0.00197
31 T	0.02249	0.97620	0.00131
32 L	0.00517	0.99408	0.00074
33 S	0.00320	0.99624	0.00056
34 I	0.00062	0.99914	0.00024
35 S	0.00031	0.99949	0.0002
36 S	0.00022	0.99960	0.00018
37 I	0.00017	0.99967	0.00015
38 F	0.00017	0.99967	0.00015
39 L	0.00017	0.99967	0.00016
40 I	0.00017	0.99964	0.00019
41 W	0.00017	0.99917	0.00066
42 L	0.00017	0.99544	0.00439
43 H	0.00018	0.98378	0.01604
44 F	0.00019	0.96342	0.03639
45 S	0.00026	0.92158	0.07815
46 V	0.00046	0.86932	0.13022
47 F	0.00118	0.78951	0.2093
48 G	0.00275	0.66863	0.32862
49 W	0.00744	0.53178	0.46078
50 H	0.01143	0.46452	0.52406
51 F	0.01220	0.44522	0.54258
52 S	0.03376	0.05229	0.91395
53 T	0.03804	0.00993	0.95203
54 K	0.03879	0.00034	0.96087
55 T	0.03882	0.00003	0.96115
56 K	0.03883	0.00000	0.96117
57 N	0.03883	0.00000	0.96117
58 Q	0.03883	0.00000	0.96117
59 I	0.03883	0.00000	0.96117
60 D	0.03883	0.00000	0.96117
61 N	0.03883	0.00000	0.96117
62 Q	0.03883	0.00000	0.96117
63 I	0.03883	0.00000	0.96117
64 K	0.03883	0.00000	0.96117
65 T	0.03883	0.00000	0.96117
66 L	0.03883	0.00000	0.96117
67 E	0.03883	0.00000	0.96117
68 G	0.03883	0.00000	0.96117
69 E	0.03883	0.00000	0.96117
70 S	0.03883	0.00000	0.96117
71 E	0.03883	0.00000	0.96117
72 T	0.03883	0.00000	0.96117
73 R	0.03883	0.00000	0.96117
74 L	0.03883	0.00000	0.96117
75 K	0.03883	0.00000	0.96117
76 R	0.03883	0.00000	0.96117
77 V	0.03883	0.00000	0.96117
78 F	0.03883	0.00000	0.96117
79 G	0.03883	0.00000	0.96117
80 N	0.03883	0.00000	0.96117
81 N	0.03883	0.00000	0.96117
82 K	0.03883	0.00000	0.96117
83 D	0.03883	0.00000	0.96117
84 I	0.03883	0.00000	0.96117
85 L	0.03883	0.00000	0.96117
86 S	0.03883	0.00000	0.96117
87 K	0.03883	0.00000	0.96117
88 N	0.03883	0.00000	0.96117
89 T	0.03883	0.00000	0.96117
90 T	0.03883	0.00000	0.96117
91 W	0.03883	0.00000	0.96117
92 Y	0.03883	0.00000	0.96117
93 Q	0.03883	0.00000	0.96117
94 I	0.03883	0.00000	0.96117
95 K	0.03883	0.00000	0.96117
96 E	0.03883	0.00000	0.96117
97 T	0.03881	0.00005	0.96115
98 F	0.03876	0.00013	0.96112
99 P	0.03874	0.00016	0.9611
100 S	0.03868	0.00029	0.96103
101 Y	0.03857	0.00053	0.9609
102 L	0.03843	0.00072	0.96085
103 E	0.03840	0.00080	0.9608
104 G	0.03809	0.00199	0.95992
105 L	0.03698	0.00598	0.95704
106 K	0.03678	0.01055	0.95267
107 T	0.01650	0.71890	0.2646
108 T	0.01146	0.81455	0.17399
109 L	0.00489	0.87300	0.12212
110 I	0.00096	0.98750	0.01154
111 L	0.00024	0.99643	0.00333
112 A	0.00010	0.99913	0.00078
113 I	0.00008	0.99936	0.00055
114 D	0.00008	0.99939	0.00053
115 S	0.00003	0.99968	0.00028
116 L	0.00001	0.99977	0.00022
117 I	0.00001	0.99978	0.00021
118 I	0.00001	0.99978	0.00021
119 G	0.00001	0.99978	0.00021
120 F	0.00001	0.99978	0.00021
121 L	0.00002	0.99976	0.00023
122 L	0.00002	0.99974	0.00024
123 A	0.00006	0.99966	0.00029
124 T	0.00016	0.99945	0.00039
125 L	0.00029	0.99921	0.0005
126 Y	0.00094	0.99846	0.0006
127 I	0.00320	0.99568	0.00113
128 L	0.01387	0.98194	0.00419
129 I	0.05814	0.93335	0.00851
130 K	0.89623	0.06697	0.0368
131 N	0.92549	0.03602	0.03848
132 S	0.93456	0.02669	0.03875
133 Q	0.95993	0.00111	0.03896
134 S	0.96074	0.00025	0.03901
135 N	0.96092	0.00007	0.03902
136 N	0.96080	0.00018	0.03902
137 K	0.96077	0.00021	0.03902
138 I	0.95940	0.00159	0.03902
139 I	0.95929	0.00169	0.03902
140 S	0.95913	0.00186	0.03902
141 N	0.95763	0.00336	0.03902
142 I	0.95222	0.00877	0.03901
143 N	0.95216	0.00883	0.03901
144 K	0.95204	0.00900	0.03896
145 G	0.93082	0.03032	0.03886
146 I	0.90681	0.05439	0.03881
147 T	0.90513	0.05613	0.03875
148 Y	0.88166	0.07978	0.03856
149 F	0.72568	0.23670	0.03762
150 L	0.63189	0.33060	0.03751
151 D	0.62683	0.33661	0.03656
152 T	0.55737	0.42051	0.02212
153 L	0.28413	0.70840	0.00747
154 F	0.03218	0.96528	0.00253
155 F	0.01176	0.98751	0.00072
156 I	0.01012	0.98887	0.001
157 L	0.00965	0.98895	0.0014
158 K	0.00956	0.98827	0.00216
159 G	0.00902	0.98932	0.00166
160 I	0.00886	0.99015	0.00098
161 P	0.00885	0.99037	0.00078
162 V	0.00884	0.99077	0.0004
163 A	0.00884	0.99059	0.00058
164 A	0.00884	0.98911	0.00205
165 Q	0.00884	0.98491	0.00624
166 A	0.00884	0.98392	0.00723
167 M	0.00886	0.98210	0.00904
168 L	0.00887	0.96074	0.0304
169 V	0.00888	0.94096	0.05016
170 F	0.00890	0.93650	0.0546
171 Y	0.00903	0.91424	0.07673
172 G	0.00946	0.75213	0.23842
173 I	0.00975	0.64217	0.34808
174 G	0.01307	0.60884	0.37809
175 Y	0.02871	0.52626	0.44503
176 L	0.04203	0.27575	0.68222
177 C	0.04630	0.02932	0.92438
178 K	0.04881	0.00101	0.95017
179 D	0.04907	0.00070	0.95023
180 L	0.04915	0.00081	0.95005
181 F	0.04921	0.00181	0.94897
182 E	0.04952	0.00251	0.94796
183 I	0.04797	0.02309	0.92893
184 K	0.04748	0.02918	0.92334
185 R	0.04523	0.17423	0.78054
186 L	0.02762	0.60792	0.36445
187 Y	0.00700	0.87266	0.12035
188 A	0.00243	0.91177	0.0858
189 G	0.00062	0.93534	0.06403
190 L	0.00006	0.99284	0.00711
191 F	0.00004	0.99669	0.00327
192 V	0.00002	0.99714	0.00285
193 L	0.00002	0.99720	0.00278
194 V	0.00002	0.99723	0.00275
195 I	0.00002	0.99724	0.00274
196 N	0.00002	0.99724	0.00274
197 S	0.00002	0.99724	0.00274
198 L	0.00003	0.99724	0.00274
199 A	0.00007	0.99719	0.00274
200 N	0.00021	0.99705	0.00274
201 I	0.00082	0.99644	0.00274
202 T	0.00184	0.99541	0.00275
203 V	0.00378	0.99344	0.00277
204 I	0.01890	0.97789	0.00321
205 L	0.15406	0.83990	0.00604
206 M	0.42589	0.55588	0.01824
207 Q	0.54759	0.42137	0.03104
208 N	0.61364	0.35044	0.03591
209 I	0.67016	0.28988	0.03996
210 K	0.90651	0.04180	0.05169
211 F	0.91295	0.03509	0.05196
212 L	0.92455	0.02316	0.05229
213 D	0.94747	0.00014	0.05239
214 K	0.94760	0.00000	0.05239
215 G	0.94760	0.00001	0.05239
216 Q	0.94760	0.00001	0.05239
217 I	0.94750	0.00011	0.05239
218 E	0.94745	0.00016	0.05239
219 A	0.94734	0.00027	0.05239
220 A	0.94732	0.00029	0.05239
221 H	0.94731	0.00030	0.05239
222 S	0.94729	0.00032	0.05239
223 L	0.94728	0.00033	0.05239
224 G	0.94728	0.00033	0.05239
225 M	0.94727	0.00033	0.05239
226 K	0.94727	0.00034	0.05239
227 K	0.94724	0.00037	0.05239
228 K	0.94690	0.00071	0.05239
229 Q	0.92833	0.01931	0.05236
230 V	0.53437	0.41328	0.05235
231 F	0.46552	0.48213	0.05235
232 F	0.45945	0.48820	0.05235
233 S	0.45726	0.49039	0.05235
234 I	0.45499	0.49266	0.05235
235 V	0.45463	0.49302	0.05235
236 F	0.45460	0.49304	0.05236
237 P	0.45460	0.49292	0.05248
238 Q	0.45458	0.49290	0.05251
239 T	0.45456	0.49289	0.05254
240 L	0.45455	0.49286	0.05259
241 K	0.45453	0.49280	0.05267
242 R	0.45374	0.49358	0.05268
243 S	0.45020	0.49712	0.05268
244 V	0.42534	0.52198	0.05268
245 P	0.41197	0.53528	0.05275
246 F	0.38734	0.55988	0.05278
247 I	0.37826	0.56791	0.05383
248 V	0.37556	0.56690	0.05754
249 Q	0.37493	0.55691	0.06816
250 Q	0.36502	0.55590	0.07909
251 F	0.24069	0.67784	0.08148
252 I	0.22495	0.67413	0.10092
253 T	0.22420	0.30191	0.47389
254 N	0.22184	0.23522	0.54293
255 I	0.21844	0.23702	0.54454
256 K	0.21678	0.23794	0.54528
257 D	0.20813	0.24658	0.54529
258 S	0.15256	0.30215	0.54529
259 S	0.12504	0.32967	0.54529
260 F	0.11772	0.33699	0.54529
261 F	0.11711	0.33760	0.54529
262 A	0.11708	0.33758	0.54534
263 I	0.11707	0.33753	0.5454
264 I	0.11707	0.33647	0.54646
265 G	0.11707	0.33378	0.54914
266 I	0.11708	0.32967	0.55325
267 T	0.11710	0.30284	0.58006
268 E	0.11711	0.28328	0.59961
269 L	0.11712	0.25673	0.62615
270 S	0.11714	0.24000	0.64286
271 W	0.11714	0.23125	0.65161
272 Q	0.11715	0.21904	0.66381
273 A	0.11715	0.20239	0.68046
274 Q	0.11715	0.07413	0.80872
275 S	0.11707	0.04954	0.83339
276 N	0.11666	0.02034	0.86299
277 M	0.11621	0.01850	0.86529
278 G	0.11034	0.02233	0.86733
279 S	0.09774	0.03711	0.86516
280 T	0.09144	0.05258	0.85599
281 F	0.05565	0.13477	0.80957
282 N	0.03983	0.22592	0.73425
283 P	0.02496	0.61879	0.35624
284 I	0.00678	0.79488	0.19834
285 L	0.00281	0.88386	0.11334
286 P	0.00178	0.93368	0.06454
287 F	0.00051	0.98639	0.0131
288 V	0.00045	0.99563	0.00391
289 M	0.00044	0.99721	0.00235
290 I	0.00038	0.99929	0.00033
291 S	0.00036	0.99949	0.00014
292 F	0.00035	0.99963	3e-05
293 F	0.00035	0.99963	2e-05
294 Y	0.00035	0.99963	2e-05
295 L	0.00035	0.99963	2e-05
296 S	0.00041	0.99953	7e-05
297 I	0.00054	0.99936	0.0001
298 I	0.00105	0.99854	0.00041
299 S	0.00331	0.99363	0.00306
300 I	0.00489	0.99109	0.00401
301 A	0.01191	0.97322	0.01487
302 N	0.02601	0.93585	0.03814
303 L	0.03727	0.91751	0.04522
304 L	0.12171	0.79913	0.07916
305 N	0.34008	0.55730	0.10262
306 K	0.75725	0.12877	0.11399
307 I	0.80062	0.08441	0.11497
308 F	0.82264	0.06163	0.11573
309 N	0.85765	0.02588	0.11647
310 K	0.88263	0.00056	0.11681
311 N	0.88290	0.00029	0.11681
312 I	0.88292	0.00027	0.11681
313 I	0.88304	0.00014	0.11682
314 Y	0.88310	0.00007	0.11683
315 K	0.88316	0.00000	0.11684
