# tr|Q2NIH5|Q2NIH5_AYWBP
# AA	inside	membr	outside
1 M	0.99953	0.00000	0.00047
2 V	0.99953	0.00000	0.00047
3 K	0.99953	0.00000	0.00047
4 T	0.99953	0.00000	0.00047
5 K	0.99953	0.00000	0.00047
6 A	0.99953	0.00000	0.00047
7 I	0.99953	0.00000	0.00047
8 T	0.99953	0.00000	0.00047
9 Q	0.99953	0.00000	0.00047
10 I	0.99953	0.00000	0.00047
11 L	0.99953	0.00000	0.00047
12 I	0.99953	0.00000	0.00047
13 N	0.99953	0.00000	0.00047
14 E	0.99953	0.00000	0.00047
15 K	0.99953	0.00000	0.00047
16 R	0.99953	0.00000	0.00047
17 N	0.99953	0.00001	0.00047
18 R	0.99952	0.00001	0.00047
19 K	0.99898	0.00055	0.00047
20 F	0.82335	0.17631	0.00035
21 L	0.11323	0.88643	0.00035
22 L	0.10627	0.89338	0.00035
23 E	0.10438	0.89528	0.00033
24 G	0.06023	0.93948	0.00028
25 N	0.02506	0.97470	0.00023
26 L	0.00256	0.99729	0.00015
27 W	0.00143	0.99843	0.00014
28 K	0.00118	0.99869	0.00013
29 V	0.00011	0.99983	6e-05
30 I	0.00007	0.99989	4e-05
31 F	0.00006	0.99990	4e-05
32 Y	0.00006	0.99991	4e-05
33 F	0.00006	0.99993	1e-05
34 T	0.00006	0.99993	1e-05
35 F	0.00006	0.99994	1e-05
36 P	0.00006	0.99994	1e-05
37 I	0.00005	0.99994	0
38 I	0.00005	0.99990	4e-05
39 I	0.00005	0.99958	0.00037
40 Y	0.00006	0.99730	0.00265
41 W	0.00006	0.99445	0.00549
42 I	0.00006	0.99032	0.00962
43 F	0.00018	0.81393	0.18589
44 Q	0.00034	0.05133	0.94833
45 N	0.00036	0.01744	0.9822
46 A	0.00037	0.01280	0.98682
47 S	0.00039	0.00520	0.99441
48 D	0.00044	0.00063	0.99893
49 A	0.00045	0.00027	0.99928
50 I	0.00045	0.00024	0.99931
51 D	0.00047	0.00017	0.99936
52 L	0.00047	0.00008	0.99945
53 F	0.00047	0.00007	0.99946
54 I	0.00048	0.00006	0.99946
55 L	0.00048	0.00005	0.99947
56 K	0.00052	0.00000	0.99948
57 R	0.00052	0.00000	0.99948
58 N	0.00052	0.00000	0.99948
59 Q	0.00052	0.00000	0.99948
60 I	0.00052	0.00000	0.99948
61 S	0.00052	0.00000	0.99948
62 D	0.00052	0.00000	0.99948
63 N	0.00052	0.00005	0.99943
64 Q	0.00052	0.00007	0.99941
65 L	0.00052	0.00019	0.99929
66 T	0.00052	0.00052	0.99897
67 F	0.00052	0.00092	0.99856
68 V	0.00052	0.00235	0.99713
69 S	0.00052	0.00350	0.99599
70 R	0.00051	0.03211	0.96738
71 V	0.00039	0.51585	0.48376
72 H	0.00036	0.67777	0.32186
73 I	0.00034	0.73248	0.26717
74 F	0.00033	0.74850	0.25117
75 K	0.00033	0.75597	0.2437
76 G	0.00006	0.90528	0.09465
77 I	0.00001	0.99290	0.00709
78 L	0.00000	0.99770	0.00229
79 I	0.00000	0.99926	0.00074
80 P	0.00000	0.99946	0.00054
81 F	0.00000	0.99964	0.00035
82 G	0.00000	0.99967	0.00033
83 I	0.00000	0.99968	0.00032
84 S	0.00000	0.99968	0.00032
85 I	0.00000	0.99968	0.00032
86 A	0.00002	0.99967	0.00032
87 T	0.00003	0.99965	0.00032
88 G	0.00006	0.99963	0.00032
89 G	0.00012	0.99956	0.00032
90 V	0.00017	0.99951	0.00032
91 I	0.00049	0.99919	0.00032
92 L	0.00156	0.99812	0.00032
93 V	0.05433	0.94535	0.00033
94 G	0.61836	0.38117	0.00047
95 R	0.87857	0.12092	0.00051
96 A	0.89860	0.10089	0.00051
97 Y	0.91704	0.08245	0.00052
98 G	0.93346	0.06600	0.00054
99 Q	0.98663	0.01257	0.00081
100 N	0.99823	0.00093	0.00084
101 N	0.99893	0.00023	0.00084
102 V	0.99911	0.00006	0.00084
103 N	0.99914	0.00002	0.00084
104 K	0.99912	0.00004	0.00084
105 M	0.99636	0.00281	0.00084
106 H	0.98373	0.01543	0.00084
107 L	0.91301	0.08616	0.00083
108 Y	0.90713	0.09205	0.00082
109 L	0.89383	0.10540	0.00078
110 A	0.89091	0.10832	0.00077
111 K	0.88723	0.11200	0.00077
112 T	0.86554	0.13381	0.00065
113 F	0.42466	0.57524	9e-05
114 V	0.06705	0.93293	2e-05
115 L	0.02767	0.97231	2e-05
116 S	0.02577	0.97421	2e-05
117 I	0.02154	0.97845	1e-05
118 L	0.00203	0.99796	0
119 T	0.00110	0.99890	0
120 G	0.00057	0.99943	0
121 F	0.00003	0.99997	0
122 I	0.00001	0.99999	0
123 L	0.00000	0.99999	1e-05
124 V	0.00000	0.99997	3e-05
125 F	0.00000	0.99965	0.00035
126 L	0.00000	0.99903	0.00097
127 C	0.00000	0.99719	0.00281
128 I	0.00000	0.99597	0.00403
129 F	0.00000	0.98731	0.01269
130 V	0.00000	0.93762	0.06238
131 F	0.00001	0.92464	0.07535
132 K	0.00012	0.87844	0.12143
133 S	0.00014	0.86926	0.1306
134 F	0.00014	0.86273	0.13713
135 I	0.00024	0.85484	0.14492
136 A	0.00076	0.43687	0.56238
137 T	0.00082	0.09578	0.9034
138 N	0.00082	0.04944	0.94973
139 I	0.00082	0.04277	0.9564
140 L	0.00083	0.03847	0.9607
141 K	0.00084	0.00212	0.99704
142 I	0.00084	0.00158	0.99758
143 S	0.00084	0.00072	0.99843
144 Q	0.00084	0.00017	0.99898
145 N	0.00084	0.00012	0.99903
146 A	0.00084	0.00010	0.99905
147 I	0.00084	0.00007	0.99908
148 E	0.00084	0.00003	0.99913
149 N	0.00084	0.00006	0.99909
150 N	0.00084	0.00433	0.99482
151 E	0.00084	0.10037	0.89879
152 G	0.00071	0.14878	0.85051
153 I	0.00067	0.20813	0.79121
154 K	0.00066	0.22057	0.77877
155 Y	0.00022	0.68071	0.31907
156 Y	0.00003	0.92526	0.07471
157 N	0.00001	0.93750	0.06249
158 L	0.00000	0.98698	0.01302
159 I	0.00000	0.99936	0.00064
160 I	0.00000	0.99994	6e-05
161 L	0.00000	0.99996	4e-05
162 S	0.00000	0.99996	4e-05
163 L	0.00000	0.99996	4e-05
164 V	0.00000	0.99996	4e-05
165 C	0.00000	0.99996	4e-05
166 I	0.00000	0.99996	4e-05
167 I	0.00000	0.99996	4e-05
168 I	0.00001	0.99996	4e-05
169 N	0.00006	0.99990	4e-05
170 T	0.00012	0.99984	4e-05
171 V	0.00014	0.99982	4e-05
172 F	0.00184	0.99811	4e-05
173 L	0.11902	0.88092	6e-05
174 S	0.60469	0.39519	0.00012
175 L	0.69454	0.30482	0.00064
176 E	0.89104	0.10811	0.00085
177 R	0.91687	0.08227	0.00086
178 A	0.95149	0.04764	0.00086
179 K	0.99806	0.00106	0.00087
180 G	0.99623	0.00290	0.00087
181 N	0.99576	0.00336	0.00087
182 N	0.98708	0.01205	0.00087
183 K	0.98529	0.01385	0.00086
184 I	0.83678	0.16295	0.00027
185 A	0.30971	0.69025	5e-05
186 L	0.09957	0.90040	3e-05
187 F	0.04732	0.95266	2e-05
188 L	0.00233	0.99766	1e-05
189 N	0.00153	0.99846	1e-05
190 I	0.00026	0.99973	0
191 L	0.00018	0.99982	0
192 N	0.00016	0.99984	0
193 A	0.00014	0.99985	0
194 S	0.00014	0.99986	0
195 I	0.00013	0.99986	0
196 K	0.00013	0.99986	0
197 I	0.00013	0.99986	0
198 I	0.00013	0.99986	1e-05
199 F	0.00013	0.99983	4e-05
200 S	0.00013	0.99972	0.00015
201 F	0.00013	0.99966	0.00021
202 V	0.00013	0.99790	0.00197
203 L	0.00013	0.98428	0.01559
204 F	0.00015	0.92886	0.07099
205 H	0.00020	0.88934	0.11046
206 Y	0.00024	0.87490	0.12486
207 W	0.00078	0.75578	0.24344
208 N	0.00098	0.18106	0.81796
209 S	0.00099	0.02347	0.97554
210 S	0.00098	0.01111	0.98792
211 M	0.00090	0.17852	0.82058
212 V	0.00067	0.64940	0.34993
213 S	0.00009	0.88089	0.11902
214 L	0.00002	0.92888	0.0711
215 A	0.00001	0.94096	0.05903
216 L	0.00000	0.97553	0.02447
217 V	0.00000	0.99578	0.00422
218 T	0.00000	0.99939	0.00061
219 L	0.00000	0.99985	0.00015
220 I	0.00000	0.99991	9e-05
221 S	0.00000	0.99992	8e-05
222 N	0.00000	0.99995	5e-05
223 G	0.00000	0.99998	2e-05
224 I	0.00000	0.99999	1e-05
225 V	0.00000	0.99999	1e-05
226 T	0.00000	0.99999	1e-05
227 L	0.00000	0.99999	1e-05
228 F	0.00000	0.99999	1e-05
229 A	0.00003	0.99996	1e-05
230 L	0.00010	0.99989	1e-05
231 W	0.00034	0.99965	1e-05
232 F	0.00166	0.99832	3e-05
233 L	0.01411	0.98583	6e-05
234 F	0.16575	0.83409	0.00016
235 F	0.64899	0.35062	0.00039
236 D	0.98958	0.00942	0.001
237 S	0.99590	0.00309	0.00102
238 K	0.99835	0.00063	0.00102
239 N	0.99854	0.00044	0.00102
240 P	0.99862	0.00037	0.00102
241 F	0.99869	0.00029	0.00102
242 R	0.99894	0.00004	0.00102
243 I	0.99895	0.00004	0.00102
244 I	0.99895	0.00004	0.00102
245 L	0.99895	0.00003	0.00102
246 S	0.99898	0.00001	0.00102
247 K	0.99898	0.00000	0.00102
248 I	0.99898	0.00000	0.00102
249 S	0.99898	0.00000	0.00102
250 F	0.99898	0.00000	0.00102
251 D	0.99898	0.00000	0.00102
252 K	0.99898	0.00000	0.00102
253 E	0.99891	0.00008	0.00102
254 F	0.99790	0.00109	0.00102
255 L	0.99747	0.00152	0.00102
256 K	0.99716	0.00182	0.00102
257 K	0.99572	0.00327	0.00101
258 L	0.98173	0.01728	0.00099
259 F	0.97348	0.02555	0.00098
260 K	0.96233	0.03672	0.00096
261 L	0.07725	0.92272	3e-05
262 A	0.05837	0.94161	2e-05
263 I	0.05245	0.94753	1e-05
264 P	0.04504	0.95495	1e-05
265 V	0.03977	0.96022	1e-05
266 C	0.03721	0.96278	1e-05
267 A	0.03713	0.96286	1e-05
268 S	0.03710	0.96289	1e-05
269 I	0.03705	0.96294	1e-05
270 S	0.03705	0.96294	1e-05
271 I	0.03704	0.96295	1e-05
272 Y	0.03704	0.96286	9e-05
273 S	0.03704	0.96274	0.00022
274 V	0.03704	0.96255	0.00041
275 G	0.03704	0.96213	0.00083
276 K	0.03705	0.96122	0.00173
277 L	0.03705	0.96108	0.00187
278 I	0.03705	0.96090	0.00205
279 V	0.03705	0.95972	0.00322
280 S	0.03707	0.95797	0.00496
281 I	0.03709	0.95386	0.00904
282 I	0.03712	0.94604	0.01685
283 V	0.03715	0.91515	0.0477
284 K	0.03804	0.00319	0.95877
285 E	0.03805	0.00052	0.96143
286 C	0.03805	0.00038	0.96157
287 Y	0.03805	0.00053	0.96142
288 G	0.03805	0.00043	0.96153
289 D	0.03805	0.00031	0.96164
290 P	0.03805	0.00111	0.96084
291 Q	0.03805	0.00395	0.958
292 G	0.03805	0.00974	0.95221
293 I	0.03805	0.20906	0.7529
294 S	0.03805	0.21944	0.74252
295 S	0.03805	0.22650	0.73545
296 S	0.03805	0.25162	0.71033
297 Q	0.03804	0.27641	0.68555
298 I	0.03804	0.95401	0.00794
299 G	0.03804	0.95516	0.0068
300 A	0.03804	0.95604	0.00592
301 N	0.03804	0.95668	0.00528
302 L	0.03804	0.95804	0.00392
303 A	0.03804	0.96135	0.0006
304 L	0.03804	0.96137	0.00059
305 A	0.03805	0.96139	0.00055
306 V	0.03807	0.96138	0.00055
307 T	0.03811	0.96134	0.00055
308 I	0.03819	0.96127	0.00054
309 N	0.03850	0.96096	0.00054
310 N	0.03890	0.96055	0.00054
311 V	0.04059	0.95888	0.00053
312 F	0.04384	0.95563	0.00053
313 Y	0.09797	0.90150	0.00053
314 N	0.16739	0.83208	0.00053
315 A	0.19085	0.80862	0.00053
316 L	0.31865	0.68082	0.00053
317 N	0.44437	0.55510	0.00053
318 S	0.58264	0.41683	0.00053
319 F	0.59960	0.39987	0.00053
320 S	0.63501	0.36446	0.00053
321 D	0.99879	0.00067	0.00053
322 S	0.99916	0.00030	0.00053
323 Q	0.99928	0.00019	0.00053
324 N	0.99928	0.00018	0.00053
325 A	0.99929	0.00018	0.00053
326 I	0.99937	0.00010	0.00053
327 I	0.99940	0.00007	0.00053
328 S	0.99944	0.00002	0.00053
329 Q	0.99945	0.00002	0.00053
330 N	0.99945	0.00002	0.00053
331 L	0.99945	0.00002	0.00053
332 G	0.99945	0.00002	0.00053
333 H	0.99945	0.00002	0.00053
334 N	0.99946	0.00001	0.00053
335 N	0.99944	0.00003	0.00053
336 L	0.99938	0.00009	0.00053
337 N	0.99933	0.00014	0.00053
338 R	0.99913	0.00034	0.00053
339 V	0.99832	0.00115	0.00053
340 F	0.99369	0.00579	0.00053
341 E	0.98565	0.01382	0.00052
342 A	0.97222	0.02726	0.00052
343 F	0.94900	0.05049	0.00051
344 K	0.94742	0.05207	0.00051
345 K	0.92483	0.07466	0.0005
346 I	0.48127	0.51841	0.00032
347 I	0.13575	0.86415	0.0001
348 F	0.09682	0.90310	8e-05
349 C	0.08312	0.91682	7e-05
350 M	0.04376	0.95622	2e-05
351 F	0.01050	0.98949	1e-05
352 V	0.00314	0.99685	1e-05
353 L	0.00120	0.99880	0
354 A	0.00051	0.99948	0
355 L	0.00003	0.99997	0
356 I	0.00002	0.99998	1e-05
357 G	0.00001	0.99995	3e-05
358 S	0.00001	0.99990	9e-05
359 L	0.00000	0.99983	0.00016
360 I	0.00000	0.99970	0.0003
361 N	0.00001	0.99886	0.00114
362 I	0.00001	0.99822	0.00178
363 F	0.00001	0.99179	0.0082
364 G	0.00003	0.95441	0.04556
365 Y	0.00005	0.90024	0.09971
366 K	0.00014	0.70614	0.29372
367 L	0.00014	0.70180	0.29806
368 I	0.00015	0.68453	0.31532
369 L	0.00019	0.44233	0.55748
370 P	0.00043	0.13704	0.86253
371 L	0.00046	0.11841	0.88114
372 F	0.00048	0.09374	0.90578
373 H	0.00052	0.03870	0.96078
374 G	0.00052	0.00989	0.98959
375 S	0.00053	0.00531	0.99416
376 P	0.00053	0.00440	0.99507
377 W	0.00053	0.00302	0.99646
378 E	0.00053	0.00006	0.99941
379 K	0.00053	0.00000	0.99947
380 I	0.00053	0.00000	0.99947
381 S	0.00053	0.00000	0.99947
382 S	0.00053	0.00000	0.99947
383 L	0.00053	0.00001	0.99947
384 E	0.00053	0.00001	0.99946
385 Q	0.00053	0.00009	0.99938
386 D	0.00053	0.00020	0.99928
387 A	0.00052	0.00785	0.99162
388 F	0.00051	0.01208	0.98741
389 R	0.00050	0.01803	0.98147
390 T	0.00029	0.03974	0.95997
391 L	0.00014	0.28309	0.71676
392 L	0.00009	0.54528	0.45463
393 F	0.00007	0.69260	0.30733
394 F	0.00007	0.70198	0.29795
395 E	0.00007	0.70696	0.29297
396 T	0.00006	0.87320	0.12674
397 T	0.00005	0.94391	0.05604
398 S	0.00002	0.99667	0.00331
399 L	0.00001	0.99840	0.00159
400 W	0.00001	0.99886	0.00112
401 L	0.00001	0.99895	0.00103
402 S	0.00001	0.99897	0.00101
403 C	0.00002	0.99898	0.001
404 G	0.00002	0.99902	0.00096
405 S	0.00004	0.99909	0.00087
406 I	0.00006	0.99912	0.00083
407 I	0.00013	0.99905	0.00082
408 M	0.00029	0.99889	0.00082
409 F	0.00082	0.99836	0.00082
410 N	0.01056	0.98859	0.00085
411 F	0.01316	0.98598	0.00085
412 L	0.02064	0.97849	0.00087
413 L	0.04435	0.95458	0.00107
414 A	0.30544	0.69337	0.00119
415 F	0.63745	0.36129	0.00125
416 K	0.97974	0.01895	0.00131
417 R	0.98498	0.01377	0.00125
418 V	0.92428	0.07474	0.00099
419 G	0.91248	0.08656	0.00095
420 P	0.86462	0.13445	0.00093
421 S	0.57975	0.41940	0.00086
422 V	0.23473	0.76478	0.00049
423 Y	0.22466	0.77490	0.00044
424 L	0.17760	0.82203	0.00038
425 N	0.16048	0.83919	0.00033
426 F	0.07101	0.92872	0.00027
427 L	0.05930	0.94046	0.00024
428 R	0.04725	0.95255	0.0002
429 T	0.04027	0.95956	0.00017
430 L	0.02299	0.97686	0.00015
431 I	0.01855	0.98130	0.00015
432 R	0.01737	0.98249	0.00015
433 V	0.00778	0.99207	0.00016
434 F	0.00388	0.99595	0.00016
435 F	0.00363	0.99618	0.00019
436 I	0.00359	0.99551	0.00091
437 V	0.00360	0.98852	0.00789
438 L	0.00360	0.98211	0.01429
439 F	0.00362	0.88479	0.1116
440 S	0.00377	0.73797	0.25827
441 K	0.00406	0.54284	0.4531
442 Y	0.00401	0.53635	0.45965
443 F	0.00400	0.52418	0.47183
444 L	0.00407	0.32384	0.67209
445 N	0.00451	0.13214	0.86335
446 Q	0.00460	0.10859	0.88681
447 G	0.00421	0.10752	0.88827
448 V	0.00347	0.20841	0.78812
449 M	0.00327	0.32125	0.67548
450 G	0.00275	0.34020	0.65706
451 V	0.00126	0.36093	0.63781
452 G	0.00074	0.39584	0.60342
453 L	0.00022	0.72532	0.27446
454 S	0.00020	0.80080	0.19901
455 I	0.00007	0.98373	0.01621
456 F	0.00001	0.99454	0.00544
457 L	0.00000	0.99589	0.00411
458 S	0.00000	0.99642	0.00358
459 N	0.00000	0.99714	0.00286
460 F	0.00000	0.99979	0.00021
461 I	0.00000	0.99994	6e-05
462 C	0.00000	0.99994	6e-05
463 F	0.00000	0.99995	5e-05
464 I	0.00001	0.99994	5e-05
465 I	0.00003	0.99991	6e-05
466 T	0.00016	0.99977	8e-05
467 S	0.00035	0.99957	9e-05
468 L	0.00058	0.99931	0.00011
469 I	0.00161	0.99823	0.00015
470 F	0.01170	0.98769	0.00061
471 S	0.11372	0.88481	0.00147
472 T	0.26614	0.73215	0.00171
473 F	0.29833	0.69953	0.00213
474 Y	0.35028	0.64619	0.00353
475 L	0.42994	0.56590	0.00416
476 K	0.83007	0.16510	0.00483
477 L	0.85342	0.14174	0.00483
478 K	0.99389	0.00123	0.00489
479 R	0.99506	0.00005	0.00489
480 D	0.99511	0.00000	0.00489
481 K	0.99511	0.00000	0.00489
482 T	0.99511	0.00000	0.00489
483 F	0.99511	0.00000	0.00489
484 E	0.99511	0.00000	0.00489
485 Q	0.99511	0.00000	0.00489
486 D	0.99511	0.00000	0.00489
