# tr|Q2NIN9|Q2NIN9_AYWBP
# AA	inside	membr	outside
1 M	0.07818	0.00000	0.92182
2 E	0.07818	0.00000	0.92182
3 N	0.07818	0.00000	0.92182
4 N	0.07818	0.00002	0.9218
5 I	0.07775	0.00054	0.92171
6 F	0.07775	0.00055	0.9217
7 I	0.07759	0.00070	0.9217
8 R	0.07759	0.00070	0.9217
9 L	0.07758	0.00071	0.9217
10 W	0.07758	0.00071	0.9217
11 N	0.07758	0.00071	0.9217
12 V	0.07758	0.00071	0.9217
13 L	0.07758	0.00071	0.9217
14 A	0.07758	0.00071	0.9217
15 K	0.07758	0.00071	0.9217
16 N	0.07758	0.00071	0.9217
17 K	0.07758	0.00071	0.9217
18 L	0.07758	0.00072	0.9217
19 V	0.07758	0.00072	0.9217
20 W	0.07756	0.00073	0.9217
21 N	0.07756	0.00073	0.92171
22 G	0.07756	0.00073	0.92171
23 F	0.07763	0.00060	0.92177
24 K	0.07764	0.00037	0.922
25 E	0.07761	0.00130	0.92109
26 T	0.07737	0.03571	0.88692
27 L	0.07534	0.07357	0.85109
28 K	0.07485	0.09463	0.83052
29 I	0.02588	0.87613	0.09799
30 T	0.02366	0.91051	0.06583
31 L	0.00444	0.98428	0.01128
32 I	0.00093	0.99522	0.00385
33 G	0.00058	0.99691	0.00252
34 C	0.00016	0.99836	0.00147
35 F	0.00004	0.99950	0.00046
36 I	0.00001	0.99997	2e-05
37 A	0.00000	1.00000	0
38 F	0.00000	1.00000	0
39 F	0.00000	1.00000	0
40 L	0.00000	1.00000	0
41 G	0.00000	1.00000	0
42 L	0.00000	1.00000	0
43 I	0.00000	1.00000	0
44 L	0.00000	0.99999	0
45 G	0.00001	0.99997	1e-05
46 V	0.00005	0.99993	2e-05
47 L	0.00140	0.99847	0.00013
48 L	0.00577	0.99405	0.00019
49 Y	0.08254	0.91697	0.00049
50 L	0.13089	0.86637	0.00274
51 F	0.18051	0.81420	0.00529
52 Q	0.82465	0.11746	0.05789
53 I	0.86087	0.08002	0.05911
54 Q	0.91987	0.00475	0.07538
55 K	0.92229	0.00007	0.07764
56 N	0.92083	0.00149	0.07768
57 Y	0.91842	0.00399	0.07759
58 K	0.84412	0.07840	0.07749
59 I	0.78547	0.14061	0.07392
60 Y	0.42451	0.50335	0.07214
61 W	0.32394	0.62031	0.05575
62 I	0.29519	0.64935	0.05545
63 L	0.24045	0.70480	0.05475
64 N	0.10929	0.83634	0.05437
65 S	0.10253	0.84518	0.05228
66 L	0.07737	0.91305	0.00958
67 M	0.06767	0.92346	0.00887
68 N	0.03089	0.96517	0.00394
69 F	0.01403	0.98484	0.00113
70 F	0.00852	0.99076	0.00072
71 I	0.00305	0.99684	0.00012
72 S	0.00042	0.99948	0.0001
73 T	0.00031	0.99966	3e-05
74 P	0.00007	0.99990	3e-05
75 F	0.00001	0.99996	2e-05
76 L	0.00000	0.99992	7e-05
77 I	0.00000	0.99972	0.00027
78 L	0.00000	0.99902	0.00097
79 I	0.00002	0.99537	0.00461
80 V	0.00008	0.98100	0.01892
81 L	0.00021	0.89926	0.10052
82 L	0.00330	0.77108	0.22562
83 L	0.00573	0.48351	0.51076
84 K	0.02314	0.28595	0.69091
85 L	0.02333	0.28032	0.69634
86 V	0.02387	0.27061	0.70551
87 L	0.02512	0.21419	0.76068
88 I	0.03110	0.21587	0.75302
89 P	0.07246	0.14529	0.78225
90 Y	0.05922	0.22519	0.71559
91 F	0.05861	0.37924	0.56216
92 R	0.05943	0.47890	0.46167
93 M	0.04181	0.71407	0.24413
94 G	0.03012	0.79989	0.16999
95 Y	0.00304	0.92491	0.07205
96 G	0.00114	0.96461	0.03425
97 F	0.00053	0.99664	0.00283
98 G	0.00046	0.99894	0.0006
99 T	0.00044	0.99932	0.00025
100 A	0.00031	0.99960	0.0001
101 L	0.00026	0.99968	6e-05
102 F	0.00026	0.99970	4e-05
103 F	0.00026	0.99971	4e-05
104 L	0.00026	0.99970	4e-05
105 V	0.00033	0.99963	4e-05
106 L	0.00092	0.99904	4e-05
107 A	0.00238	0.99756	5e-05
108 I	0.00445	0.99543	0.00013
109 V	0.01893	0.98084	0.00024
110 P	0.04636	0.95299	0.00065
111 L	0.06481	0.93325	0.00194
112 F	0.08907	0.90650	0.00444
113 A	0.33271	0.63104	0.03625
114 R	0.73602	0.20541	0.05857
115 H	0.84964	0.08292	0.06745
116 C	0.90504	0.02103	0.07394
117 E	0.92041	0.00327	0.07633
118 Q	0.92202	0.00079	0.07719
119 V	0.92215	0.00072	0.07713
120 F	0.92225	0.00071	0.07704
121 L	0.92231	0.00066	0.07703
122 T	0.92241	0.00055	0.07704
123 T	0.92246	0.00046	0.07708
124 N	0.92247	0.00047	0.07706
125 P	0.92245	0.00240	0.07515
126 E	0.92240	0.00689	0.07071
127 L	0.92236	0.02969	0.04794
128 Y	0.92235	0.04081	0.03683
129 Q	0.92235	0.04439	0.03326
130 T	0.92233	0.04740	0.03027
131 S	0.92231	0.04867	0.02902
132 F	0.92229	0.04967	0.02804
133 S	0.92228	0.04982	0.0279
134 L	0.92228	0.04988	0.02785
135 G	0.92228	0.04987	0.02784
136 A	0.92230	0.04986	0.02784
137 T	0.92232	0.04983	0.02785
138 K	0.92238	0.04976	0.02786
139 F	0.92238	0.04976	0.02786
140 Q	0.92238	0.04975	0.02786
141 F	0.92234	0.04980	0.02785
142 V	0.92246	0.04967	0.02786
143 T	0.92334	0.04877	0.02789
144 K	0.92341	0.04867	0.02792
145 F	0.92268	0.04940	0.02792
146 L	0.92285	0.04924	0.02792
147 L	0.92483	0.04726	0.02792
148 V	0.93841	0.03366	0.02793
149 E	0.95866	0.01334	0.028
150 T	0.96878	0.00327	0.02796
151 R	0.96969	0.00236	0.02796
152 S	0.96752	0.00456	0.02792
153 D	0.95345	0.01882	0.02773
154 I	0.52938	0.44492	0.0257
155 I	0.47929	0.49540	0.02531
156 L	0.47240	0.50231	0.02529
157 K	0.46934	0.50537	0.02529
158 L	0.29257	0.68235	0.02507
159 A	0.20469	0.77036	0.02495
160 S	0.13344	0.84168	0.02487
161 L	0.08666	0.88928	0.02406
162 F	0.05707	0.91941	0.02353
163 I	0.03740	0.93980	0.0228
164 T	0.03438	0.94279	0.02283
165 S	0.02809	0.94904	0.02287
166 L	0.01539	0.96191	0.02271
167 A	0.01090	0.96634	0.02275
168 Y	0.00983	0.96676	0.02342
169 S	0.00965	0.96639	0.02396
170 S	0.00944	0.96591	0.02465
171 V	0.00929	0.96575	0.02497
172 L	0.00933	0.95830	0.03237
173 Q	0.00976	0.94523	0.04502
174 I	0.00975	0.93842	0.05183
175 V	0.00980	0.92365	0.06654
176 G	0.01003	0.87834	0.11163
177 H	0.01165	0.49594	0.49242
178 Q	0.01204	0.43528	0.55268
179 G	0.01205	0.43185	0.5561
180 I	0.01206	0.42754	0.56041
181 A	0.01216	0.28991	0.69793
182 A	0.01228	0.19877	0.78895
183 V	0.01232	0.12869	0.85899
184 A	0.01313	0.10634	0.88053
185 I	0.01369	0.06647	0.91984
186 D	0.01474	0.00972	0.97555
187 N	0.01475	0.00651	0.97874
188 G	0.01476	0.00488	0.98036
189 Y	0.01476	0.00437	0.98087
190 N	0.01478	0.00056	0.98466
191 G	0.01479	0.00031	0.9849
192 H	0.01488	0.00014	0.98498
193 Y	0.01490	0.00013	0.98497
194 D	0.01493	0.00008	0.98498
195 F	0.01493	0.00037	0.9847
196 E	0.01493	0.00063	0.98444
197 P	0.01416	0.00641	0.97942
198 F	0.01226	0.02524	0.96251
199 F	0.01156	0.07055	0.91789
200 T	0.01142	0.17101	0.81757
201 R	0.01119	0.29119	0.69762
202 F	0.00992	0.50884	0.48124
203 D	0.00972	0.53434	0.45593
204 L	0.00389	0.84303	0.15309
205 I	0.00195	0.96655	0.0315
206 I	0.00081	0.99275	0.00644
207 V	0.00021	0.99766	0.00213
208 S	0.00014	0.99848	0.00138
209 V	0.00006	0.99966	0.00027
210 L	0.00005	0.99982	0.00013
211 I	0.00005	0.99987	8e-05
212 T	0.00005	0.99988	8e-05
213 F	0.00005	0.99988	7e-05
214 I	0.00006	0.99987	7e-05
215 L	0.00028	0.99963	9e-05
216 T	0.00323	0.99662	0.00015
217 Q	0.00599	0.99377	0.00024
218 T	0.00673	0.99299	0.00028
219 V	0.00698	0.99271	0.00031
220 Y	0.00940	0.98961	0.00098
221 F	0.01634	0.98087	0.00279
222 V	0.07087	0.92400	0.00514
223 G	0.23245	0.76114	0.00641
224 N	0.58678	0.40419	0.00903
225 R	0.82583	0.16413	0.01003
226 I	0.83183	0.15808	0.0101
227 A	0.90141	0.08681	0.01178
228 F	0.94704	0.03999	0.01297
229 A	0.97663	0.00925	0.01412
230 L	0.98352	0.00162	0.01487
231 N	0.98451	0.00055	0.01494
232 K	0.98502	0.00001	0.01496
233 H	0.98504	0.00000	0.01496
