# tr|Q2NIK4|Q2NIK4_AYWBP
# AA	inside	membr	outside
1 M	0.93290	0.00000	0.0671
2 L	0.93286	0.00004	0.0671
3 N	0.93285	0.00005	0.0671
4 M	0.93285	0.00043	0.06672
5 F	0.93171	0.00201	0.06628
6 V	0.93171	0.00204	0.06624
7 L	0.92834	0.00543	0.06623
8 E	0.92834	0.00543	0.06623
9 F	0.92733	0.00651	0.06617
10 N	0.92732	0.01227	0.06041
11 Y	0.92559	0.02227	0.05213
12 T	0.87584	0.07469	0.04947
13 V	0.02947	0.95490	0.01563
14 V	0.02930	0.95507	0.01563
15 K	0.02930	0.96658	0.00412
16 V	0.01476	0.98112	0.00412
17 L	0.00219	0.99586	0.00196
18 L	0.00211	0.99723	0.00066
19 A	0.00152	0.99809	0.00038
20 A	0.00093	0.99901	7e-05
21 S	0.00002	0.99991	7e-05
22 F	0.00001	0.99993	6e-05
23 L	0.00001	0.99992	6e-05
24 G	0.00001	0.99992	7e-05
25 F	0.00002	0.99985	0.00013
26 T	0.00002	0.99979	0.00019
27 S	0.00009	0.99961	0.00031
28 G	0.00019	0.99936	0.00044
29 I	0.00020	0.99932	0.00047
30 L	0.00023	0.99776	0.002
31 G	0.00026	0.99704	0.00269
32 V	0.00034	0.99588	0.00377
33 F	0.00481	0.98952	0.00567
34 I	0.01408	0.97776	0.00816
35 I	0.02060	0.91932	0.06008
36 L	0.05672	0.06519	0.87809
37 K	0.06426	0.00595	0.92979
38 K	0.06698	0.00193	0.9311
39 Q	0.06154	0.10810	0.83036
40 A	0.03038	0.26215	0.70747
41 L	0.02231	0.28691	0.69079
42 I	0.00982	0.30324	0.68694
43 G	0.00827	0.30432	0.68741
44 D	0.00654	0.30745	0.68601
45 A	0.00305	0.34227	0.65467
46 L	0.00266	0.34378	0.65356
47 S	0.00249	0.34404	0.65347
48 H	0.00244	0.34412	0.65344
49 T	0.00243	0.34417	0.6534
50 T	0.00243	0.34473	0.65283
51 L	0.00243	0.34479	0.65278
52 P	0.00243	0.34480	0.65277
53 G	0.00243	0.34490	0.65267
54 I	0.00242	0.34531	0.65226
55 A	0.00242	0.34650	0.65108
56 L	0.00241	0.34667	0.65092
57 V	0.00243	0.34681	0.65077
58 Y	0.00289	0.34633	0.65078
59 L	0.00373	0.34553	0.65073
60 F	0.06726	0.28098	0.65176
61 A	0.10018	0.24431	0.65551
62 R	0.26056	0.05637	0.68307
63 S	0.27862	0.01891	0.70246
64 T	0.28022	0.05329	0.66649
65 D	0.27691	0.11239	0.6107
66 I	0.10403	0.76109	0.13488
67 W	0.05967	0.90163	0.03871
68 V	0.00411	0.98930	0.00658
69 L	0.00052	0.99819	0.00129
70 W	0.00016	0.99978	6e-05
71 L	0.00016	0.99982	2e-05
72 G	0.00018	0.99981	1e-05
73 A	0.00026	0.99974	0
74 I	0.00026	0.99973	0
75 L	0.00030	0.99970	0
76 A	0.00033	0.99967	0
77 S	0.00052	0.99947	1e-05
78 F	0.00115	0.99884	1e-05
79 V	0.00145	0.99854	2e-05
80 T	0.00192	0.99806	2e-05
81 L	0.00208	0.99787	5e-05
82 L	0.00259	0.99731	0.0001
83 L	0.00463	0.99366	0.00171
84 M	0.03378	0.92393	0.0423
85 E	0.10664	0.81740	0.07596
86 L	0.22830	0.68628	0.08542
87 I	0.43251	0.47331	0.09417
88 K	0.66837	0.08820	0.24343
89 K	0.71609	0.00236	0.28155
90 Y	0.71684	0.00144	0.28172
91 S	0.71771	0.00051	0.28179
92 K	0.71817	0.00004	0.28179
93 I	0.71799	0.00069	0.28132
94 K	0.71770	0.00129	0.28102
95 S	0.70143	0.02194	0.27663
96 D	0.68692	0.03977	0.27331
97 T	0.58086	0.29321	0.12594
98 A	0.34907	0.61289	0.03805
99 L	0.06808	0.91902	0.0129
100 S	0.01486	0.97718	0.00796
101 L	0.00121	0.99299	0.0058
102 V	0.00076	0.99618	0.00306
103 L	0.00048	0.99666	0.00287
104 A	0.00043	0.99672	0.00285
105 S	0.00043	0.99673	0.00285
106 F	0.00042	0.99673	0.00285
107 F	0.00042	0.99673	0.00285
108 G	0.00042	0.99673	0.00285
109 F	0.00042	0.99673	0.00285
110 G	0.00042	0.99673	0.00285
111 N	0.00043	0.99672	0.00286
112 V	0.00044	0.99671	0.00286
113 L	0.00048	0.99664	0.00288
114 I	0.00068	0.99633	0.00298
115 A	0.00503	0.98964	0.00533
116 I	0.02107	0.96262	0.01631
117 A	0.10399	0.79897	0.09704
118 Q	0.20588	0.42606	0.36805
119 N	0.21682	0.26664	0.51654
120 T	0.26327	0.15743	0.5793
121 C	0.27442	0.07091	0.65467
122 E	0.27908	0.00416	0.71676
123 D	0.27932	0.00012	0.72056
124 N	0.27922	0.00016	0.72062
125 K	0.27921	0.00017	0.72062
126 I	0.27867	0.00079	0.72055
127 A	0.27855	0.00093	0.72052
128 T	0.27840	0.00111	0.7205
129 L	0.27764	0.00189	0.72048
130 E	0.27747	0.00207	0.72046
131 K	0.27694	0.00287	0.72019
132 F	0.24751	0.08534	0.66715
133 I	0.24454	0.09989	0.65557
134 L	0.24313	0.10323	0.65365
135 G	0.24226	0.10866	0.64909
136 Q	0.23955	0.12199	0.63847
137 I	0.16345	0.25448	0.58207
138 A	0.11548	0.34566	0.53887
139 L	0.09297	0.38587	0.52117
140 L	0.07970	0.44705	0.47325
141 T	0.07244	0.49936	0.42821
142 E	0.07157	0.50599	0.42245
143 L	0.06586	0.55469	0.37946
144 D	0.06429	0.61064	0.32506
145 M	0.04790	0.75501	0.1971
146 I	0.01482	0.84917	0.13601
147 S	0.01372	0.86524	0.12104
148 T	0.01114	0.88576	0.1031
149 G	0.00450	0.98667	0.00884
150 I	0.00322	0.99376	0.00302
151 M	0.00294	0.99482	0.00224
152 A	0.00252	0.99655	0.00093
153 L	0.00218	0.99714	0.00068
154 I	0.00213	0.99719	0.00068
155 T	0.00392	0.98859	0.00749
156 L	0.00409	0.98753	0.00839
157 V	0.00437	0.98605	0.00958
158 V	0.01128	0.97739	0.01132
159 V	0.02400	0.96100	0.015
160 V	0.07537	0.84335	0.08128
161 G	0.12912	0.74706	0.12382
162 L	0.16255	0.68936	0.14809
163 W	0.28571	0.53885	0.17544
164 K	0.45488	0.28809	0.25703
165 E	0.47272	0.26731	0.25996
166 F	0.51018	0.22713	0.26268
167 K	0.61672	0.11839	0.2649
168 I	0.62467	0.11013	0.26521
169 Y	0.62918	0.10494	0.26588
170 I	0.63088	0.10295	0.26618
171 F	0.63367	0.09681	0.26951
172 D	0.72191	0.00213	0.27596
173 D	0.72190	0.00140	0.2767
174 N	0.71787	0.00552	0.2766
175 F	0.65189	0.07307	0.27503
176 A	0.61522	0.11003	0.27475
177 Q	0.59935	0.12625	0.2744
178 S	0.28634	0.44049	0.27317
179 V	0.19228	0.53549	0.27223
180 G	0.08637	0.64202	0.27161
181 F	0.03726	0.69290	0.26984
182 N	0.02705	0.70427	0.26868
183 I	0.00980	0.73235	0.25785
184 K	0.00908	0.73467	0.25625
185 I	0.00804	0.80291	0.18906
186 M	0.00780	0.82027	0.17193
187 T	0.00677	0.84146	0.15177
188 F	0.00511	0.86070	0.13419
189 I	0.00453	0.86910	0.12637
190 L	0.00366	0.87307	0.12326
191 N	0.00289	0.87493	0.12218
192 L	0.00130	0.88798	0.11072
193 L	0.00046	0.96760	0.03194
194 L	0.00012	0.99032	0.00955
195 I	0.00015	0.98243	0.01743
196 G	0.00030	0.97237	0.02734
197 V	0.00037	0.97173	0.0279
198 V	0.00181	0.92873	0.06946
199 V	0.00202	0.88585	0.11213
200 T	0.00269	0.70906	0.28824
201 S	0.00337	0.31948	0.67714
202 L	0.00328	0.36386	0.63286
203 K	0.00386	0.37355	0.6226
204 I	0.00239	0.96878	0.02883
205 I	0.00209	0.99247	0.00543
206 G	0.00255	0.99529	0.00216
207 I	0.00303	0.99685	0.00012
208 I	0.03494	0.96494	0.00011
209 L	0.04363	0.95598	0.00038
210 T	0.05443	0.94443	0.00114
211 S	0.05707	0.94107	0.00186
212 A	0.05866	0.93935	0.00199
213 F	0.05926	0.93805	0.00269
214 L	0.05970	0.93664	0.00366
215 I	0.06717	0.92781	0.00503
216 M	0.19012	0.80383	0.00605
217 P	0.23676	0.75654	0.0067
218 G	0.24050	0.75239	0.0071
219 V	0.24160	0.75109	0.00731
220 I	0.25036	0.74209	0.00755
221 A	0.27074	0.72130	0.00796
222 R	0.92088	0.06943	0.00968
223 Q	0.95769	0.03216	0.01014
224 F	0.96565	0.02392	0.01043
225 S	0.97707	0.01193	0.011
226 D	0.98689	0.00211	0.011
227 R	0.95644	0.03419	0.00937
228 F	0.14034	0.85303	0.00663
229 V	0.06917	0.92621	0.00462
230 T	0.06022	0.93634	0.00345
231 N	0.04903	0.94922	0.00174
232 V	0.01813	0.98135	0.00052
233 F	0.00468	0.99496	0.00035
234 V	0.00014	0.99961	0.00025
235 A	0.00006	0.99971	0.00022
236 S	0.00004	0.99976	0.0002
237 V	0.00001	0.99979	0.0002
238 V	0.00000	0.99979	0.0002
239 T	0.00000	0.99979	0.0002
240 F	0.00000	0.99980	0.0002
241 F	0.00000	0.99980	0.0002
242 S	0.00000	0.99979	0.0002
243 S	0.00000	0.99978	0.00022
244 L	0.00000	0.99977	0.00023
245 I	0.00000	0.99971	0.00028
246 G	0.00001	0.99613	0.00385
247 V	0.00005	0.97824	0.02171
248 F	0.00020	0.95262	0.04719
249 I	0.00114	0.93056	0.06831
250 S	0.00453	0.82368	0.17179
251 N	0.00704	0.11621	0.87675
252 S	0.00834	0.02455	0.96711
253 I	0.00904	0.01852	0.97244
254 Q	0.01047	0.01667	0.97287
255 D	0.01092	0.01801	0.97107
256 M	0.01014	0.04104	0.94883
257 P	0.00914	0.04863	0.94222
258 T	0.00783	0.06125	0.93092
259 G	0.00672	0.11882	0.87446
260 P	0.00514	0.52440	0.47046
261 I	0.00147	0.89064	0.10789
262 I	0.00014	0.95588	0.04398
263 I	0.00005	0.96483	0.03512
264 V	0.00003	0.96915	0.03082
265 I	0.00002	0.99966	0.00032
266 T	0.00001	0.99975	0.00023
267 T	0.00001	0.99979	0.0002
268 L	0.00001	0.99988	0.0001
269 F	0.00001	0.99992	6e-05
270 I	0.00001	0.99996	2e-05
271 A	0.00001	0.99996	2e-05
272 V	0.00002	0.99996	2e-05
273 S	0.00004	0.99993	3e-05
274 L	0.00008	0.99988	5e-05
275 L	0.00023	0.99967	0.0001
276 F	0.00402	0.99554	0.00043
277 S	0.03946	0.95884	0.0017
278 P	0.09551	0.90120	0.00329
279 K	0.13357	0.86172	0.00471
280 Y	0.13821	0.85698	0.00481
281 G	0.14439	0.85048	0.00513
282 V	0.17047	0.82409	0.00543
283 I	0.49029	0.50317	0.00654
284 S	0.87271	0.11759	0.0097
285 R	0.94923	0.03986	0.01091
286 Y	0.95341	0.03566	0.01094
287 L	0.95655	0.03250	0.01095
288 Q	0.98779	0.00123	0.01097
289 K	0.98892	0.00010	0.01098
290 I	0.98899	0.00004	0.01098
291 K	0.98902	0.00000	0.01098
292 Y	0.98902	0.00000	0.01098
293 Q	0.98902	0.00000	0.01098
294 K	0.98902	0.00000	0.01098
295 K	0.98902	0.00000	0.01098
296 I	0.98902	0.00000	0.01098
297 K	0.98902	0.00000	0.01098
298 K	0.98902	0.00000	0.01098
299 F	0.98902	0.00000	0.01098
300 R	0.98902	0.00000	0.01098
301 Q	0.98902	0.00000	0.01098
302 L	0.98897	0.00005	0.01098
303 I	0.98886	0.00017	0.01098
304 H	0.98884	0.00018	0.01098
305 L	0.98882	0.00020	0.01098
306 Y	0.98882	0.00020	0.01098
307 Y	0.98882	0.00020	0.01098
308 E	0.98882	0.00020	0.01098
309 Q	0.98882	0.00021	0.01098
310 E	0.98881	0.00021	0.01098
311 E	0.98881	0.00021	0.01098
312 N	0.98881	0.00021	0.01098
313 H	0.98880	0.00022	0.01098
314 T	0.98880	0.00023	0.01098
315 L	0.98879	0.00023	0.01098
316 S	0.98879	0.00023	0.01098
317 L	0.98879	0.00023	0.01098
318 P	0.98879	0.00023	0.01098
319 I	0.98879	0.00023	0.01098
320 I	0.98879	0.00023	0.01098
321 Q	0.98879	0.00022	0.01098
322 I	0.98879	0.00022	0.01099
323 E	0.98879	0.00018	0.01103
324 T	0.98879	0.00018	0.01103
325 F	0.98879	0.00014	0.01107
326 L	0.98879	0.00006	0.01115
327 W	0.98879	0.00005	0.01116
328 K	0.98879	0.00002	0.01119
329 E	0.98879	0.00001	0.01119
330 R	0.98879	0.00001	0.01119
331 Y	0.98879	0.00001	0.01119
332 L	0.98879	0.00001	0.01119
333 M	0.98879	0.00001	0.01119
334 L	0.98879	0.00001	0.0112
335 Q	0.98880	0.00000	0.0112
336 N	0.98880	0.00000	0.0112
337 Q	0.98880	0.00000	0.0112
338 K	0.98880	0.00000	0.0112
339 V	0.98880	0.00000	0.0112
340 Q	0.98880	0.00000	0.0112
341 L	0.98880	0.00000	0.0112
342 T	0.98880	0.00000	0.0112
343 P	0.98880	0.00000	0.0112
344 K	0.98880	0.00000	0.0112
345 G	0.98880	0.00000	0.0112
346 I	0.98880	0.00000	0.0112
347 K	0.98880	0.00000	0.0112
348 I	0.98880	0.00000	0.0112
349 V	0.98880	0.00000	0.0112
350 E	0.98880	0.00000	0.0112
351 N	0.98880	0.00000	0.0112
352 L	0.98880	0.00000	0.0112
353 I	0.98880	0.00000	0.0112
354 D	0.98880	0.00000	0.0112
355 G	0.98880	0.00000	0.0112
356 I	0.98880	0.00000	0.0112
357 V	0.98880	0.00000	0.0112
