# tr|Q2NK06|Q2NK06_AYWBP
# AA	inside	membr	outside
1 M	0.63509	0.00000	0.36492
2 F	0.63171	0.00337	0.36492
3 L	0.63079	0.00429	0.36492
4 G	0.63079	0.01574	0.35347
5 F	0.61960	0.04942	0.33098
6 Y	0.61960	0.05145	0.32896
7 N	0.61365	0.05827	0.32808
8 Y	0.61365	0.05834	0.32802
9 T	0.61328	0.05907	0.32766
10 T	0.61327	0.13312	0.25361
11 Y	0.61221	0.13798	0.24982
12 L	0.59746	0.15343	0.24911
13 T	0.58986	0.16202	0.24812
14 H	0.58986	0.16202	0.24812
15 L	0.58986	0.17782	0.23232
16 N	0.58903	0.17865	0.23232
17 L	0.58220	0.18637	0.23144
18 M	0.58200	0.18902	0.22898
19 S	0.55166	0.22191	0.22644
20 G	0.44565	0.42359	0.13076
21 F	0.01879	0.85148	0.12973
22 F	0.00495	0.93190	0.06315
23 G	0.00286	0.98323	0.01391
24 I	0.00277	0.99051	0.00673
25 G	0.00333	0.98660	0.01008
26 F	0.00395	0.98542	0.01062
27 G	0.01567	0.97173	0.0126
28 A	0.05164	0.92623	0.02213
29 C	0.06616	0.90995	0.02389
30 G	0.10449	0.86642	0.02908
31 K	0.10986	0.85932	0.03082
32 Y	0.09975	0.87464	0.02562
33 T	0.09181	0.88564	0.02256
34 S	0.05446	0.92396	0.02158
35 A	0.03721	0.93929	0.0235
36 L	0.01081	0.96445	0.02474
37 I	0.01034	0.96463	0.02504
38 C	0.01399	0.95948	0.02653
39 L	0.01425	0.95758	0.02818
40 L	0.01656	0.94709	0.03635
41 I	0.02039	0.93547	0.04415
42 S	0.02754	0.88279	0.08967
43 G	0.07504	0.75568	0.16927
44 V	0.07837	0.35578	0.56586
45 C	0.16577	0.22429	0.60994
46 D	0.24808	0.13063	0.62128
47 M	0.25107	0.12691	0.62201
48 F	0.25140	0.12621	0.62239
49 D	0.25224	0.12336	0.6244
50 G	0.25234	0.12301	0.62465
51 V	0.25243	0.11941	0.62816
52 V	0.25348	0.11303	0.63348
53 S	0.25951	0.08502	0.65547
54 R	0.26358	0.01456	0.72186
55 T	0.26599	0.00896	0.72505
56 K	0.26652	0.00020	0.73328
57 K	0.26653	0.00004	0.73343
58 N	0.26653	0.00002	0.73345
59 R	0.26653	0.00000	0.73347
60 S	0.26652	0.00001	0.73347
61 L	0.26648	0.00006	0.73347
62 T	0.26631	0.00023	0.73346
63 E	0.26438	0.00219	0.73343
64 K	0.25516	0.01145	0.73338
65 S	0.17367	0.09596	0.73037
66 Y	0.07197	0.20798	0.72004
67 G	0.06471	0.22980	0.70549
68 I	0.05757	0.37012	0.57231
69 Q	0.05685	0.39570	0.54744
70 I	0.05347	0.52332	0.42322
71 D	0.05289	0.53383	0.41327
72 S	0.04488	0.63352	0.3216
73 L	0.03423	0.86104	0.10473
74 A	0.03319	0.91606	0.05076
75 D	0.03278	0.93951	0.02771
76 I	0.03152	0.96118	0.0073
77 I	0.03145	0.96239	0.00616
78 S	0.03143	0.96252	0.00606
79 F	0.03143	0.96253	0.00605
80 G	0.03143	0.96252	0.00605
81 V	0.03143	0.96252	0.00606
82 L	0.03143	0.96250	0.00607
83 P	0.03153	0.96191	0.00656
84 I	0.03164	0.96127	0.00709
85 F	0.03236	0.95539	0.01224
86 I	0.03481	0.93523	0.02996
87 N	0.03814	0.90355	0.05832
88 Y	0.04029	0.84989	0.10982
89 S	0.04740	0.75653	0.19606
90 L	0.05470	0.73983	0.20547
91 S	0.24016	0.53234	0.2275
92 F	0.37959	0.38941	0.231
93 K	0.75195	0.00758	0.24047
94 D	0.75868	0.00031	0.24101
95 K	0.75882	0.00004	0.24114
96 T	0.75883	0.00003	0.24114
97 S	0.75882	0.00004	0.24114
98 T	0.75879	0.00009	0.24112
99 L	0.75868	0.00021	0.24111
100 N	0.75856	0.00043	0.24102
101 K	0.75828	0.00089	0.24082
102 E	0.74660	0.02880	0.22461
103 G	0.48156	0.36118	0.15727
104 W	0.28325	0.57906	0.13769
105 L	0.00991	0.91216	0.07793
106 F	0.00540	0.93719	0.0574
107 A	0.00414	0.95834	0.03752
108 L	0.00178	0.98404	0.01419
109 V	0.00055	0.99725	0.0022
110 W	0.00022	0.99904	0.00074
111 I	0.00006	0.99972	0.00022
112 V	0.00001	0.99994	5e-05
113 W	0.00000	0.99999	1e-05
114 G	0.00000	1.00000	0
115 F	0.00000	1.00000	0
116 Y	0.00000	1.00000	0
117 L	0.00000	1.00000	0
118 L	0.00001	0.99997	2e-05
119 A	0.00004	0.99990	6e-05
120 A	0.00059	0.99916	0.00025
121 L	0.00245	0.99422	0.00333
122 I	0.00705	0.98601	0.00694
123 R	0.03978	0.91529	0.04493
124 L	0.04231	0.89895	0.05875
125 A	0.05729	0.86054	0.08217
126 Y	0.08274	0.60772	0.30954
127 Y	0.10147	0.42883	0.4697
128 N	0.18918	0.05860	0.75222
129 V	0.19474	0.05062	0.75464
130 L	0.20573	0.03810	0.75618
131 A	0.22884	0.01338	0.75778
132 E	0.24092	0.00059	0.75849
133 I	0.24107	0.00039	0.75854
134 Q	0.24115	0.00007	0.75878
135 K	0.24115	0.00001	0.75885
136 Y	0.24109	0.00013	0.75878
137 N	0.24096	0.00043	0.75861
138 S	0.24017	0.00317	0.75666
139 Q	0.22229	0.04245	0.73526
140 S	0.14659	0.32774	0.52567
141 P	0.14130	0.44098	0.41772
142 S	0.10448	0.74467	0.15085
143 Y	0.05141	0.84133	0.10726
144 F	0.01397	0.91431	0.07172
145 T	0.01133	0.93973	0.04894
146 G	0.00709	0.95888	0.03403
147 L	0.00409	0.97537	0.02054
148 P	0.00378	0.97780	0.01843
149 V	0.00082	0.99542	0.00375
150 T	0.00075	0.99646	0.00278
151 A	0.00060	0.99746	0.00194
152 A	0.00022	0.99905	0.00073
153 A	0.00015	0.99943	0.00043
154 I	0.00007	0.99977	0.00015
155 L	0.00006	0.99980	0.00014
156 F	0.00006	0.99979	0.00015
157 P	0.00007	0.99975	0.00018
158 F	0.00007	0.99966	0.00027
159 L	0.00018	0.99934	0.00048
160 F	0.00240	0.99568	0.00192
161 L	0.06472	0.92999	0.00529
162 A	0.28240	0.63421	0.08338
163 K	0.60528	0.22465	0.17008
164 F	0.62111	0.20648	0.17242
165 I	0.68852	0.13575	0.17573
166 C	0.71062	0.09276	0.19662
167 K	0.72196	0.04323	0.23481
168 T	0.72426	0.04075	0.23499
169 W	0.73017	0.03384	0.236
170 Y	0.73889	0.02496	0.23616
171 F	0.74170	0.02202	0.23629
172 K	0.75744	0.00144	0.24112
173 S	0.75745	0.00140	0.24115
174 L	0.75659	0.00224	0.24117
175 G	0.75304	0.00606	0.2409
176 F	0.74563	0.01632	0.23806
177 I	0.73385	0.04883	0.21733
178 E	0.73312	0.05017	0.21672
179 Q	0.73090	0.05363	0.21547
180 R	0.71567	0.08420	0.20012
181 L	0.34737	0.57958	0.07305
182 T	0.21781	0.76165	0.02054
183 F	0.01405	0.98219	0.00375
184 F	0.00131	0.99770	0.00098
185 W	0.00021	0.99973	6e-05
186 I	0.00008	0.99989	3e-05
187 H	0.00007	0.99990	3e-05
188 F	0.00005	0.99991	3e-05
189 A	0.00005	0.99991	4e-05
190 C	0.00005	0.99990	5e-05
191 M	0.00005	0.99990	5e-05
192 L	0.00005	0.99989	6e-05
193 L	0.00005	0.99988	7e-05
194 L	0.00005	0.99986	8e-05
195 T	0.00007	0.99983	0.0001
196 F	0.00010	0.99964	0.00025
197 L	0.00026	0.99863	0.00111
198 F	0.00088	0.97346	0.02565
199 L	0.00652	0.89187	0.1016
200 C	0.07849	0.47677	0.44475
201 K	0.22031	0.08875	0.69094
202 K	0.22763	0.06903	0.70335
203 I	0.22809	0.06579	0.70612
204 H	0.23577	0.05309	0.71115
205 F	0.23737	0.05040	0.71224
206 P	0.24083	0.00831	0.75086
207 K	0.24119	0.00025	0.75856
208 P	0.24107	0.00030	0.75863
209 K	0.24102	0.00045	0.75853
210 A	0.24012	0.00865	0.75124
211 K	0.23771	0.01396	0.74834
212 T	0.10968	0.38542	0.5049
213 T	0.05396	0.54964	0.3964
214 I	0.04774	0.73999	0.21228
215 T	0.04430	0.92429	0.03141
216 I	0.01944	0.97433	0.00623
217 I	0.01514	0.98086	0.00401
218 L	0.00915	0.98893	0.00192
219 L	0.00405	0.99514	0.00082
220 L	0.00087	0.99906	7e-05
221 A	0.00003	0.99994	3e-05
222 L	0.00001	0.99997	2e-05
223 N	0.00001	0.99997	1e-05
224 F	0.00001	0.99999	0
225 I	0.00001	0.99999	0
226 L	0.00001	0.99999	0
227 F	0.00004	0.99994	2e-05
228 M	0.00089	0.99895	0.00017
229 L	0.00108	0.99839	0.00053
230 F	0.00275	0.99147	0.00578
231 K	0.01751	0.94241	0.04009
232 I	0.01898	0.93888	0.04214
233 L	0.02915	0.91847	0.05238
234 L	0.09234	0.84435	0.0633
235 K	0.50622	0.30603	0.18775
236 Y	0.54414	0.26060	0.19526
237 L	0.60301	0.19873	0.19826
238 L	0.70239	0.09621	0.20141
239 P	0.74608	0.03115	0.22277
240 I	0.75240	0.02163	0.22597
241 S	0.75707	0.00875	0.23418
242 T	0.75816	0.00384	0.23799
243 T	0.75863	0.00085	0.24052
244 K	0.75875	0.00000	0.24125
