# tr|Q2NK73|Q2NK73_AYWBP
# AA	inside	membr	outside
1 M	0.94184	0.00000	0.05816
2 F	0.57457	0.36727	0.05816
3 P	0.53820	0.40363	0.05816
4 L	0.53820	0.44542	0.01638
5 L	0.13130	0.86244	0.00626
6 A	0.13130	0.86279	0.00591
7 N	0.04257	0.95162	0.00581
8 L	0.04257	0.95163	0.0058
9 I	0.00374	0.99085	0.00541
10 T	0.00372	0.99252	0.00375
11 V	0.00298	0.99329	0.00373
12 F	0.00059	0.99568	0.00372
13 R	0.00003	0.99626	0.00372
14 I	0.00003	0.99626	0.00372
15 V	0.00003	0.99648	0.00349
16 L	0.00002	0.99649	0.00349
17 V	0.00002	0.99647	0.0035
18 F	0.00002	0.99636	0.00361
19 V	0.00002	0.99633	0.00365
20 L	0.00003	0.99213	0.00783
21 L	0.00006	0.98594	0.01399
22 P	0.00124	0.95473	0.04403
23 L	0.00171	0.92230	0.07599
24 M	0.00377	0.89507	0.10117
25 C	0.00758	0.37480	0.61762
26 V	0.00818	0.32967	0.66214
27 S	0.04686	0.20343	0.7497
28 E	0.05402	0.01899	0.92699
29 P	0.05389	0.01631	0.92979
30 E	0.05250	0.01454	0.93297
31 F	0.03369	0.08656	0.87974
32 A	0.03095	0.22417	0.74487
33 N	0.00757	0.28630	0.70612
34 V	0.00238	0.79342	0.2042
35 L	0.00183	0.87186	0.12631
36 A	0.00166	0.94644	0.0519
37 F	0.00163	0.99309	0.00528
38 Q	0.00176	0.99505	0.00318
39 I	0.00170	0.99791	0.00039
40 I	0.00170	0.99798	0.00032
41 F	0.00170	0.99799	0.00031
42 I	0.00171	0.99799	0.00031
43 V	0.00171	0.99797	0.00031
44 A	0.00173	0.99796	0.00031
45 A	0.00174	0.99794	0.00032
46 I	0.00178	0.99786	0.00036
47 T	0.00238	0.99688	0.00073
48 D	0.00349	0.99413	0.00239
49 Y	0.00390	0.99166	0.00444
50 L	0.00571	0.98752	0.00677
51 D	0.02568	0.95430	0.02001
52 G	0.02885	0.95026	0.02089
53 Y	0.03485	0.94256	0.02259
54 I	0.11093	0.86159	0.02749
55 A	0.55995	0.40930	0.03075
56 K	0.88312	0.06435	0.05254
57 K	0.94613	0.00063	0.05323
58 Y	0.94628	0.00047	0.05324
59 Q	0.94673	0.00003	0.05324
60 Q	0.94675	0.00002	0.05323
61 Q	0.94671	0.00007	0.05321
62 T	0.94223	0.00468	0.05309
63 V	0.93797	0.01033	0.0517
64 F	0.93725	0.01120	0.05155
65 G	0.93678	0.01211	0.05111
66 K	0.93664	0.01233	0.05103
67 F	0.93484	0.01528	0.04988
68 F	0.93457	0.01673	0.0487
69 D	0.93453	0.01693	0.04853
70 P	0.92884	0.02629	0.04486
71 I	0.92721	0.02807	0.04472
72 A	0.92679	0.02853	0.04468
73 D	0.92505	0.03028	0.04467
74 K	0.89017	0.06522	0.0446
75 L	0.03309	0.92646	0.04045
76 L	0.00529	0.95589	0.03882
77 V	0.00299	0.95943	0.03758
78 I	0.00273	0.95979	0.03748
79 I	0.00264	0.95990	0.03747
80 T	0.00262	0.95992	0.03747
81 L	0.00260	0.95992	0.03749
82 F	0.00260	0.95986	0.03754
83 Y	0.00261	0.95959	0.03779
84 I	0.00265	0.95931	0.03804
85 C	0.00301	0.95311	0.04388
86 Q	0.00629	0.94650	0.0472
87 C	0.00728	0.94406	0.04866
88 R	0.01010	0.94046	0.04944
89 L	0.01014	0.94038	0.04948
90 S	0.01037	0.93989	0.04974
91 A	0.01064	0.93926	0.0501
92 T	0.01090	0.93492	0.05417
93 Q	0.01203	0.64546	0.34251
94 G	0.01207	0.64078	0.34714
95 T	0.01253	0.63294	0.35452
96 F	0.01258	0.63092	0.3565
97 L	0.01265	0.60486	0.38249
98 F	0.01500	0.02320	0.96181
99 S	0.01684	0.00236	0.9808
100 D	0.01828	0.00024	0.98148
101 T	0.01837	0.00027	0.98137
102 Q	0.01837	0.00059	0.98104
103 M	0.01829	0.00126	0.98045
104 P	0.01804	0.00168	0.98027
105 K	0.01698	0.00360	0.97942
106 N	0.01090	0.05538	0.93371
107 F	0.00396	0.93939	0.05665
108 F	0.00237	0.97821	0.01943
109 T	0.00218	0.98510	0.01271
110 A	0.00155	0.99288	0.00556
111 V	0.00138	0.99524	0.00338
112 I	0.00135	0.99816	0.00049
113 M	0.00135	0.99820	0.00045
114 I	0.00135	0.99822	0.00043
115 I	0.00135	0.99823	0.00043
116 V	0.00135	0.99823	0.00043
117 I	0.00135	0.99822	0.00043
118 R	0.00137	0.99820	0.00044
119 E	0.00138	0.99819	0.00044
120 F	0.00138	0.99819	0.00043
121 L	0.00141	0.99816	0.00044
122 V	0.00222	0.99729	0.00049
123 T	0.01011	0.98908	0.00081
124 G	0.01064	0.98844	0.00092
125 I	0.01630	0.98266	0.00104
126 R	0.02725	0.97077	0.00197
127 L	0.03941	0.95844	0.00214
128 V	0.06604	0.93005	0.00391
129 A	0.20854	0.78217	0.00929
130 S	0.94837	0.03560	0.01603
131 N	0.98177	0.00080	0.01743
132 K	0.98242	0.00015	0.01744
133 E	0.98242	0.00014	0.01745
134 G	0.97938	0.00319	0.01744
135 V	0.97812	0.00446	0.01742
136 V	0.96931	0.01328	0.01741
137 I	0.96869	0.01392	0.0174
138 S	0.96533	0.01733	0.01734
139 A	0.96369	0.02062	0.01569
140 S	0.94886	0.03599	0.01516
141 F	0.84108	0.14401	0.01491
142 W	0.73418	0.25104	0.01479
143 G	0.73064	0.25471	0.01466
144 K	0.73051	0.25493	0.01457
145 A	0.71201	0.27447	0.01353
146 K	0.69779	0.28883	0.01337
147 T	0.63024	0.36119	0.00858
148 V	0.24327	0.75316	0.00357
149 F	0.05467	0.94495	0.00038
150 T	0.00766	0.99221	0.00012
151 F	0.00054	0.99944	2e-05
152 V	0.00009	0.99989	2e-05
153 A	0.00004	0.99994	2e-05
154 I	0.00002	0.99993	4e-05
155 I	0.00002	0.99988	0.0001
156 C	0.00002	0.99941	0.00057
157 L	0.00002	0.99860	0.00137
158 F	0.00003	0.99767	0.0023
159 F	0.00004	0.99221	0.00775
160 G	0.00006	0.99067	0.00927
161 L	0.00012	0.98094	0.01895
162 Y	0.00182	0.96131	0.03686
163 T	0.00280	0.93128	0.06593
164 S	0.00317	0.83560	0.16122
165 S	0.00397	0.73744	0.25859
166 T	0.00533	0.57121	0.42345
167 F	0.00579	0.52540	0.46881
168 A	0.00899	0.39950	0.59151
169 C	0.01182	0.27386	0.71432
170 D	0.01626	0.13908	0.84466
171 A	0.01668	0.03194	0.95137
172 E	0.01745	0.00050	0.98206
173 K	0.01733	0.00084	0.98184
174 L	0.01241	0.01544	0.97215
175 F	0.01125	0.02004	0.9687
176 E	0.00899	0.03668	0.95433
177 Y	0.00719	0.07453	0.91828
178 L	0.00562	0.16551	0.82888
179 S	0.00518	0.29042	0.70441
180 N	0.00262	0.72429	0.2731
181 I	0.00158	0.81043	0.18798
182 G	0.00132	0.82942	0.16926
183 D	0.00122	0.88358	0.11521
184 I	0.00040	0.98121	0.01839
185 C	0.00014	0.99261	0.00725
186 L	0.00010	0.99800	0.0019
187 L	0.00009	0.99879	0.00112
188 V	0.00009	0.99904	0.00086
189 S	0.00009	0.99906	0.00085
190 V	0.00009	0.99907	0.00084
191 V	0.00009	0.99907	0.00083
192 L	0.00010	0.99906	0.00084
193 T	0.00013	0.99901	0.00086
194 I	0.00019	0.99888	0.00092
195 V	0.00045	0.99841	0.00113
196 S	0.00376	0.99401	0.00224
197 G	0.01716	0.97565	0.0072
198 F	0.02771	0.96362	0.00866
199 D	0.08678	0.90180	0.01142
200 Y	0.10318	0.88482	0.01201
201 F	0.17249	0.81453	0.01298
202 F	0.31902	0.66711	0.01387
203 K	0.92463	0.05749	0.01788
204 N	0.96567	0.01617	0.01816
205 Y	0.97231	0.00951	0.01818
206 K	0.97920	0.00262	0.01819
207 I	0.98015	0.00167	0.01819
208 I	0.98056	0.00125	0.01819
209 R	0.98177	0.00003	0.0182
210 K	0.98180	0.00000	0.0182
211 N	0.98180	0.00000	0.0182
212 F	0.98180	0.00000	0.0182
213 A	0.98180	0.00000	0.0182
214 P	0.98180	0.00000	0.0182
215 E	0.98180	0.00000	0.0182
