# tr|Q2NJ09|Q2NJ09_AYWBP
# AA	inside	membr	outside
1 M	0.93620	0.00000	0.0638
2 C	0.93620	0.00000	0.0638
3 F	0.93620	0.00000	0.0638
4 V	0.93620	0.00000	0.0638
5 F	0.93620	0.00000	0.0638
6 K	0.93620	0.00000	0.0638
7 P	0.93620	0.00000	0.0638
8 K	0.93620	0.00000	0.0638
9 L	0.93620	0.00000	0.0638
10 Q	0.93620	0.00000	0.0638
11 H	0.93620	0.00000	0.0638
12 Q	0.93620	0.00000	0.0638
13 T	0.93620	0.00000	0.0638
14 T	0.93620	0.00000	0.0638
15 S	0.93620	0.00000	0.0638
16 K	0.93620	0.00000	0.0638
17 S	0.93620	0.00000	0.0638
18 K	0.93620	0.00000	0.0638
19 L	0.93619	0.00001	0.0638
20 K	0.93619	0.00001	0.0638
21 T	0.93613	0.00007	0.0638
22 F	0.93612	0.00008	0.0638
23 N	0.93612	0.00008	0.0638
24 F	0.93612	0.00008	0.0638
25 K	0.93612	0.00008	0.0638
26 K	0.93612	0.00008	0.0638
27 I	0.93612	0.00008	0.0638
28 L	0.93612	0.00009	0.06379
29 L	0.93612	0.00010	0.06378
30 L	0.93612	0.00010	0.06377
31 L	0.93612	0.00010	0.06377
32 R	0.93612	0.00010	0.06377
33 Q	0.93612	0.00011	0.06377
34 T	0.93612	0.00011	0.06377
35 H	0.93612	0.00012	0.06376
36 F	0.93612	0.00012	0.06376
37 A	0.93612	0.00010	0.06378
38 S	0.93612	0.00010	0.06379
39 R	0.93612	0.00007	0.06381
40 N	0.93612	0.00006	0.06382
41 Q	0.93612	0.00006	0.06382
42 V	0.93612	0.00006	0.06382
43 K	0.93612	0.00006	0.06382
44 E	0.93612	0.00006	0.06382
45 F	0.93612	0.00006	0.06382
46 F	0.93612	0.00006	0.06382
47 N	0.93612	0.00006	0.06382
48 F	0.93612	0.00006	0.06382
49 M	0.93612	0.00006	0.06382
50 G	0.93613	0.00005	0.06382
51 I	0.93613	0.00005	0.06382
52 K	0.93615	0.00003	0.06382
53 I	0.93615	0.00003	0.06382
54 V	0.93615	0.00003	0.06382
55 S	0.93616	0.00002	0.06382
56 E	0.93616	0.00001	0.06383
57 N	0.93616	0.00001	0.06383
58 K	0.93617	0.00000	0.06383
59 K	0.93617	0.00000	0.06383
60 N	0.93617	0.00000	0.06383
61 Q	0.93617	0.00000	0.06383
62 L	0.93617	0.00001	0.06383
63 L	0.93617	0.00001	0.06383
64 E	0.93615	0.00002	0.06383
65 V	0.93557	0.00062	0.0638
66 I	0.93547	0.00075	0.06378
67 K	0.93536	0.00089	0.06375
68 R	0.93175	0.00498	0.06328
69 E	0.91047	0.02878	0.06075
70 Y	0.29844	0.68220	0.01936
71 S	0.22524	0.76188	0.01289
72 W	0.05537	0.94213	0.0025
73 L	0.02549	0.97297	0.00154
74 N	0.02043	0.97820	0.00137
75 I	0.00215	0.99722	0.00062
76 L	0.00090	0.99854	0.00056
77 L	0.00059	0.99886	0.00056
78 I	0.00059	0.99886	0.00054
79 I	0.00059	0.99886	0.00054
80 T	0.00059	0.99886	0.00054
81 S	0.00059	0.99886	0.00054
82 I	0.00059	0.99886	0.00055
83 L	0.00059	0.99886	0.00055
84 S	0.00059	0.99886	0.00055
85 L	0.00059	0.99877	0.00064
86 A	0.00060	0.99843	0.00096
87 L	0.00067	0.99512	0.0042
88 C	0.00266	0.94075	0.05658
89 G	0.00591	0.93117	0.06291
90 Q	0.03134	0.86840	0.10025
91 L	0.03251	0.85864	0.10884
92 W	0.03524	0.81331	0.15146
93 Q	0.05954	0.21973	0.72073
94 T	0.06183	0.15721	0.78096
95 K	0.06378	0.00181	0.93441
96 H	0.06377	0.00085	0.93538
97 F	0.06337	0.00199	0.93465
98 E	0.06327	0.00603	0.93069
99 T	0.05268	0.15255	0.79477
100 M	0.04952	0.18700	0.76348
101 H	0.03858	0.26235	0.69908
102 W	0.01456	0.79982	0.18563
103 T	0.01387	0.82993	0.15621
104 F	0.00518	0.86837	0.12644
105 P	0.00165	0.87579	0.12256
106 C	0.00109	0.88064	0.11827
107 A	0.00051	0.99038	0.00911
108 L	0.00037	0.99518	0.00444
109 V	0.00008	0.99829	0.00163
110 L	0.00002	0.99849	0.00149
111 L	0.00002	0.99853	0.00145
112 S	0.00001	0.99876	0.00122
113 F	0.00000	0.99943	0.00056
114 F	0.00000	0.99993	6e-05
115 I	0.00000	0.99995	4e-05
116 F	0.00002	0.99994	4e-05
117 A	0.00019	0.99972	9e-05
118 I	0.00040	0.99941	0.00018
119 G	0.00168	0.99629	0.00203
120 S	0.00323	0.99229	0.00449
121 F	0.01218	0.98210	0.00572
122 S	0.18235	0.79651	0.02114
123 F	0.22363	0.75217	0.02419
124 F	0.31416	0.64948	0.03635
125 K	0.83730	0.10063	0.06207
126 D	0.84961	0.08816	0.06223
127 A	0.85003	0.08719	0.06278
128 F	0.85006	0.08684	0.0631
129 L	0.85273	0.08408	0.06319
130 Q	0.93202	0.00458	0.0634
131 I	0.93225	0.00430	0.06345
132 C	0.93318	0.00306	0.06376
133 N	0.93305	0.00315	0.0638
134 I	0.93263	0.00383	0.06354
135 I	0.93216	0.00431	0.06353
136 W	0.92856	0.00793	0.0635
137 P	0.92338	0.01316	0.06345
138 S	0.92262	0.01516	0.06222
139 L	0.92223	0.01750	0.06026
140 K	0.92149	0.01828	0.06023
141 Q	0.64909	0.30415	0.04675
142 I	0.40839	0.54918	0.04244
143 L	0.28306	0.67664	0.0403
144 F	0.10887	0.85894	0.03219
145 N	0.06851	0.89965	0.03184
146 T	0.05486	0.92113	0.02401
147 L	0.03957	0.95333	0.00711
148 Q	0.03713	0.95705	0.00582
149 V	0.01058	0.98766	0.00176
150 I	0.00166	0.99811	0.00024
151 F	0.00075	0.99911	0.00014
152 F	0.00064	0.99924	0.00012
153 T	0.00063	0.99919	0.00018
154 L	0.00061	0.99908	0.00032
155 F	0.00061	0.99905	0.00034
156 L	0.00061	0.99888	0.00052
157 I	0.00074	0.99838	0.00088
158 L	0.00076	0.99751	0.00173
159 F	0.00095	0.99284	0.00621
160 V	0.00146	0.97830	0.02024
161 H	0.00674	0.93265	0.06061
162 T	0.01017	0.88153	0.1083
163 I	0.01121	0.83557	0.15322
164 D	0.03148	0.32108	0.64743
165 S	0.03243	0.18326	0.7843
166 Y	0.03295	0.13717	0.82988
167 V	0.03382	0.11122	0.85496
168 I	0.03452	0.09160	0.87388
169 G	0.04257	0.04786	0.90956
170 K	0.06209	0.00871	0.92921
171 L	0.06265	0.00749	0.92986
172 T	0.06432	0.00237	0.93332
173 K	0.06458	0.00015	0.93527
174 F	0.06459	0.00012	0.93529
175 C	0.06461	0.00009	0.9353
176 V	0.06461	0.00008	0.93531
177 E	0.06462	0.00005	0.93533
178 I	0.06463	0.00005	0.93533
179 K	0.06463	0.00004	0.93533
180 N	0.06463	0.00004	0.93533
181 L	0.06463	0.00004	0.93533
182 L	0.06463	0.00004	0.93533
183 S	0.06464	0.00002	0.93533
184 K	0.06467	0.00000	0.93533
