# lcl|CP097583.1_cds_USQ93508.1_1
# AA	inside	membr	outside
1 T	0.77791	0.00000	0.22209
2 T	0.77786	0.00005	0.22209
3 G	0.77783	0.00008	0.22209
4 A	0.77783	0.00086	0.22131
5 T	0.77732	0.00254	0.22014
6 T	0.77732	0.00319	0.21949
7 T	0.76747	0.01363	0.2189
8 A	0.76747	0.01366	0.21886
9 T	0.76528	0.01662	0.2181
10 T	0.76527	0.06006	0.17467
11 T	0.76410	0.06389	0.17201
12 T	0.73295	0.09780	0.16925
13 T	0.60168	0.25545	0.14287
14 T	0.60165	0.25549	0.14286
15 T	0.60164	0.32605	0.07231
16 A	0.58512	0.34257	0.07231
17 A	0.57377	0.35423	0.07199
18 T	0.57356	0.35483	0.07161
19 C	0.56717	0.36144	0.07139
20 T	0.55243	0.38406	0.06351
21 T	0.51751	0.41902	0.06347
22 T	0.51447	0.42285	0.06269
23 T	0.50838	0.43012	0.06151
24 T	0.50033	0.43913	0.06053
25 A	0.49112	0.44911	0.05977
26 A	0.48453	0.45657	0.0589
27 A	0.48089	0.46093	0.05818
28 A	0.47950	0.46303	0.05747
29 A	0.47931	0.46380	0.05689
30 A	0.48184	0.45376	0.06439
31 A	0.48333	0.44793	0.06873
32 T	0.48872	0.43172	0.07956
33 T	0.52547	0.38163	0.0929
34 G	0.52725	0.37510	0.09765
35 A	0.53396	0.34628	0.11976
36 T	0.55877	0.22184	0.2194
37 A	0.56111	0.22088	0.21801
38 T	0.62319	0.15848	0.21833
39 T	0.62474	0.15527	0.21999
40 T	0.62661	0.14866	0.22473
41 T	0.62632	0.14728	0.22639
42 T	0.62518	0.15052	0.22429
43 T	0.62579	0.14797	0.22623
44 T	0.62231	0.14722	0.23047
45 A	0.61166	0.18900	0.19934
46 T	0.60432	0.19796	0.19772
47 T	0.59331	0.21282	0.19388
48 A	0.56483	0.25409	0.18108
49 G	0.53339	0.30016	0.16645
50 A	0.51094	0.37035	0.11871
51 A	0.49914	0.39273	0.10813
52 A	0.46109	0.44538	0.09354
53 A	0.43121	0.49135	0.07744
54 T	0.40994	0.52102	0.06904
55 A	0.36730	0.57331	0.05939
56 A	0.32136	0.62370	0.05494
57 A	0.24929	0.70069	0.05002
58 G	0.21820	0.73840	0.04339
59 A	0.19814	0.76523	0.03662
60 A	0.18735	0.78472	0.02793
61 A	0.17883	0.80052	0.02065
62 T	0.17658	0.80370	0.01972
63 A	0.15822	0.82429	0.01748
64 A	0.14230	0.84032	0.01738
65 A	0.13447	0.84507	0.02046
66 C	0.11775	0.85720	0.02505
67 A	0.09810	0.87466	0.02725
68 A	0.09856	0.86756	0.03388
69 C	0.09249	0.86710	0.04042
70 G	0.08690	0.87336	0.03975
71 A	0.08907	0.87135	0.03958
72 A	0.09347	0.85877	0.04777
73 A	0.12488	0.82303	0.05209
74 A	0.12304	0.82369	0.05326
75 A	0.13434	0.77390	0.09176
76 A	0.14504	0.73244	0.12253
77 T	0.14915	0.70060	0.15025
78 A	0.14103	0.67927	0.17969
79 A	0.12375	0.65755	0.2187
80 A	0.12072	0.57414	0.30514
81 A	0.11708	0.53785	0.34507
82 G	0.11520	0.50341	0.38139
83 A	0.11637	0.48389	0.39974
84 A	0.12006	0.46360	0.41634
85 G	0.12141	0.43492	0.44367
86 A	0.12433	0.43001	0.44567
87 A	0.12678	0.42453	0.44869
88 A	0.12912	0.41115	0.45974
89 T	0.13159	0.38056	0.48785
90 T	0.13134	0.35431	0.51435
91 G	0.12577	0.34935	0.52488
92 A	0.11936	0.38517	0.49547
93 T	0.11547	0.44634	0.4382
94 A	0.10407	0.64188	0.25405
95 A	0.09970	0.71121	0.18909
96 A	0.10272	0.75363	0.14365
97 T	0.10894	0.75937	0.13169
98 T	0.11148	0.77524	0.11328
99 A	0.11198	0.79432	0.0937
100 A	0.11397	0.79975	0.08629
101 T	0.11902	0.79172	0.08926
102 T	0.11964	0.77553	0.10483
103 A	0.11589	0.77366	0.11045
104 A	0.11525	0.76592	0.11883
105 A	0.11660	0.75705	0.12636
106 C	0.12137	0.74394	0.13468
107 G	0.12948	0.73384	0.13668
108 A	0.14502	0.71873	0.13625
109 A	0.16764	0.69839	0.13397
110 T	0.19157	0.67893	0.12951
111 T	0.20013	0.68228	0.11759
112 A	0.20292	0.68532	0.11176
113 A	0.21123	0.68120	0.10756
114 A	0.22915	0.65763	0.11322
115 A	0.27004	0.60936	0.12059
116 A	0.35125	0.51935	0.1294
117 T	0.56476	0.29166	0.14357
118 C	0.64330	0.20671	0.14999
119 T	0.70226	0.14944	0.1483
120 T	0.72528	0.13008	0.14464
121 T	0.73794	0.12015	0.14191
122 T	0.74442	0.11486	0.14073
123 A	0.74461	0.11731	0.13809
124 T	0.74836	0.11321	0.13842
125 T	0.74341	0.12153	0.13507
126 T	0.73723	0.13113	0.13163
127 T	0.71669	0.15647	0.12684
128 A	0.65851	0.22025	0.12124
129 T	0.62747	0.25609	0.11644
130 A	0.61371	0.27533	0.11096
131 A	0.61011	0.28394	0.10596
132 A	0.61128	0.28374	0.10498
133 A	0.61693	0.27820	0.10487
134 T	0.62854	0.26549	0.10597
135 A	0.63042	0.26096	0.10861
136 G	0.63494	0.25346	0.11161
137 T	0.63608	0.25122	0.1127
138 A	0.63620	0.25119	0.11261
139 A	0.63689	0.25026	0.11285
140 A	0.63947	0.24734	0.11318
141 T	0.64464	0.24044	0.11492
142 T	0.64778	0.23613	0.1161
143 T	0.64976	0.23310	0.11714
144 T	0.64624	0.23666	0.1171
145 A	0.64061	0.24330	0.11609
146 A	0.63827	0.24285	0.11887
147 A	0.63934	0.23372	0.12694
148 T	0.64850	0.19885	0.15266
149 T	0.65299	0.17910	0.16791
150 T	0.65371	0.15352	0.19278
151 C	0.64752	0.12061	0.23186
152 C	0.64454	0.10513	0.25033
153 A	0.64534	0.10251	0.25215
154 T	0.64884	0.09707	0.25409
155 T	0.64786	0.09736	0.25478
156 C	0.64631	0.09860	0.25509
157 T	0.64593	0.09850	0.25557
158 C	0.64302	0.09746	0.25952
159 G	0.64023	0.10156	0.2582
160 T	0.63873	0.10634	0.25493
161 T	0.63623	0.11309	0.25068
162 A	0.62733	0.14283	0.22984
163 G	0.62429	0.15883	0.21688
164 A	0.62143	0.18029	0.19829
165 T	0.61880	0.21009	0.17112
166 A	0.61653	0.23746	0.146
167 A	0.61602	0.24523	0.13875
168 A	0.61472	0.24544	0.13984
169 G	0.61408	0.24696	0.13896
170 A	0.61340	0.25293	0.13368
171 A	0.61323	0.25404	0.13274
172 G	0.61368	0.24980	0.13652
173 A	0.61513	0.24762	0.13725
174 T	0.61840	0.23913	0.14247
175 T	0.61976	0.23592	0.14432
176 T	0.62084	0.24807	0.13108
177 A	0.62074	0.25372	0.12554
178 T	0.62134	0.25449	0.12418
179 T	0.62072	0.25793	0.12136
180 A	0.62030	0.26056	0.11915
181 T	0.62146	0.25652	0.12202
182 T	0.62251	0.25274	0.12476
183 A	0.61779	0.25670	0.12551
184 A	0.61581	0.25584	0.12835
185 C	0.63576	0.22732	0.13692
186 A	0.64624	0.21504	0.13872
187 A	0.66225	0.19691	0.14084
188 C	0.68807	0.16897	0.14296
189 T	0.71649	0.13980	0.14372
190 T	0.72738	0.12905	0.14357
191 A	0.72745	0.12748	0.14507
192 T	0.73012	0.12258	0.1473
193 C	0.73209	0.12021	0.14771
194 A	0.72839	0.12392	0.14769
195 A	0.71414	0.13827	0.14759
196 C	0.71377	0.13836	0.14786
197 T	0.70792	0.14757	0.14451
198 C	0.68478	0.17304	0.14219
199 T	0.68523	0.17956	0.13521
200 T	0.66317	0.20922	0.12761
201 A	0.61688	0.26653	0.11659
202 G	0.57731	0.31343	0.10926
203 T	0.55760	0.34059	0.1018
204 A	0.51479	0.39354	0.09167
205 A	0.33807	0.58175	0.08018
206 A	0.32670	0.59000	0.08329
207 A	0.31868	0.59507	0.08625
208 A	0.30946	0.60120	0.08933
209 A	0.30831	0.59904	0.09265
210 A	0.30806	0.59599	0.09595
211 G	0.30933	0.59120	0.09947
212 C	0.31043	0.58784	0.10173
213 A	0.31156	0.58595	0.10249
214 A	0.31320	0.58248	0.10432
215 A	0.31378	0.57983	0.10639
216 A	0.31472	0.57492	0.11036
217 A	0.31621	0.56734	0.11645
218 G	0.31845	0.54004	0.14151
219 A	0.32230	0.52211	0.15559
220 T	0.33016	0.48658	0.18326
221 T	0.33492	0.44492	0.22015
222 C	0.34034	0.41214	0.24752
223 A	0.34666	0.39043	0.26291
224 A	0.35738	0.34243	0.30019
225 T	0.36921	0.29083	0.33996
226 T	0.37816	0.25781	0.36403
227 A	0.38762	0.21350	0.39888
228 A	0.39993	0.00000	0.60007
