# lcl|CP097583.1_cds_USQ93364.1_1
# AA	inside	membr	outside
1 A	0.06779	0.00000	0.93221
2 T	0.06770	0.00009	0.93221
3 G	0.06765	0.00014	0.93221
4 A	0.06765	0.00065	0.9317
5 T	0.06714	0.00136	0.9315
6 G	0.06714	0.00144	0.93141
7 G	0.06474	0.00392	0.93134
8 G	0.06474	0.00392	0.93134
9 A	0.06463	0.00407	0.9313
10 T	0.06463	0.00544	0.92993
11 G	0.06460	0.00554	0.92986
12 T	0.06444	0.00574	0.92982
13 G	0.06412	0.00632	0.92956
14 T	0.06412	0.00632	0.92956
15 A	0.06412	0.01192	0.92396
16 G	0.06411	0.01192	0.92396
17 A	0.06410	0.01200	0.9239
18 T	0.06410	0.01215	0.92375
19 G	0.06407	0.01226	0.92367
20 T	0.06399	0.01332	0.92269
21 T	0.06361	0.01370	0.92269
22 G	0.06356	0.01410	0.92234
23 T	0.06356	0.01453	0.92191
24 T	0.06349	0.01527	0.92124
25 G	0.06322	0.01675	0.92002
26 A	0.06311	0.01778	0.91911
27 T	0.06344	0.01752	0.91903
28 G	0.06343	0.01748	0.91908
29 A	0.06345	0.01769	0.91886
30 T	0.06376	0.01556	0.92068
31 G	0.06371	0.01551	0.92077
32 T	0.06381	0.01525	0.92094
33 T	0.06477	0.01420	0.92103
34 C	0.06473	0.01421	0.92106
35 C	0.06478	0.01415	0.92108
36 A	0.06486	0.01420	0.92093
37 G	0.06499	0.01431	0.9207
38 T	0.06972	0.00991	0.92037
39 A	0.06960	0.01078	0.91962
40 G	0.06984	0.01096	0.9192
41 T	0.07013	0.01093	0.91894
42 T	0.06952	0.01172	0.91875
43 A	0.06900	0.01233	0.91866
44 G	0.06748	0.01374	0.91879
45 A	0.06754	0.01380	0.91866
46 A	0.06785	0.01371	0.91845
47 A	0.06845	0.01333	0.91823
48 T	0.06990	0.01191	0.91819
49 T	0.07007	0.01218	0.91775
50 T	0.06887	0.01359	0.91753
51 A	0.06808	0.01433	0.9176
52 G	0.06759	0.01477	0.91764
53 A	0.06719	0.01516	0.91765
54 T	0.06675	0.01547	0.91778
55 C	0.06547	0.01667	0.91786
56 G	0.06453	0.01768	0.91779
57 A	0.06342	0.01891	0.91767
58 G	0.06290	0.01947	0.91763
59 C	0.06289	0.01948	0.91763
60 A	0.06301	0.01963	0.91735
61 G	0.06339	0.01927	0.91735
62 G	0.06414	0.01838	0.91748
63 T	0.06471	0.01781	0.91748
64 T	0.06498	0.01761	0.91741
65 T	0.06502	0.01687	0.91811
66 A	0.06459	0.01660	0.91881
67 G	0.06401	0.01592	0.92007
68 A	0.06356	0.01633	0.92011
69 A	0.06356	0.01624	0.9202
70 G	0.06387	0.01576	0.92037
71 G	0.06420	0.01516	0.92064
72 T	0.06475	0.01414	0.92111
73 T	0.06482	0.01331	0.92187
74 G	0.06459	0.01389	0.92152
75 G	0.06400	0.01597	0.92003
76 A	0.06377	0.01687	0.91935
77 A	0.06370	0.01678	0.91952
78 A	0.06365	0.01558	0.92076
79 A	0.06380	0.01463	0.92158
80 C	0.06403	0.01331	0.92266
81 T	0.06420	0.01289	0.92291
82 G	0.06428	0.01282	0.9229
83 T	0.06453	0.01290	0.92257
84 T	0.06465	0.01363	0.92172
85 A	0.06461	0.01509	0.9203
86 G	0.06459	0.01696	0.91845
87 T	0.06419	0.02097	0.91485
88 A	0.06288	0.02319	0.91392
89 A	0.06229	0.02378	0.91393
90 A	0.05944	0.02633	0.91424
91 G	0.05856	0.02681	0.91463
92 C	0.05806	0.02717	0.91477
93 T	0.05764	0.02784	0.91451
94 A	0.05664	0.02907	0.91428
95 A	0.05631	0.02946	0.91423
96 G	0.05669	0.02902	0.91429
97 A	0.05732	0.02829	0.91439
98 G	0.05884	0.02620	0.91496
99 T	0.05986	0.02492	0.91522
100 T	0.06006	0.02463	0.91531
101 A	0.05999	0.02464	0.91537
102 T	0.05993	0.02464	0.91543
103 C	0.05960	0.02492	0.91548
104 C	0.05941	0.02510	0.91549
105 A	0.05927	0.02525	0.91548
106 G	0.05933	0.02517	0.9155
107 C	0.05983	0.02467	0.9155
108 A	0.06059	0.02394	0.91546
109 A	0.06198	0.02252	0.9155
110 A	0.06520	0.01872	0.91608
111 T	0.06632	0.01633	0.91736
112 G	0.06653	0.01551	0.91797
113 T	0.06690	0.01135	0.92174
114 T	0.06692	0.01004	0.92303
115 T	0.06681	0.00936	0.92383
116 T	0.06655	0.00912	0.92433
117 T	0.06580	0.00931	0.92489
118 G	0.06387	0.01121	0.92491
119 A	0.06216	0.01302	0.92482
120 A	0.06058	0.01478	0.92465
121 G	0.05654	0.01890	0.92455
122 G	0.05515	0.02042	0.92443
123 C	0.05484	0.02082	0.92434
124 A	0.05465	0.02217	0.92318
125 T	0.05452	0.02365	0.92183
126 T	0.05428	0.02542	0.92031
127 A	0.05376	0.03097	0.91526
128 T	0.05285	0.03318	0.91397
129 A	0.05096	0.03564	0.91341
130 A	0.04909	0.03794	0.91298
131 A	0.04831	0.03838	0.91331
132 A	0.04754	0.03863	0.91382
133 G	0.04693	0.03885	0.91422
134 G	0.04649	0.03905	0.91446
135 T	0.04636	0.03890	0.91474
136 G	0.04566	0.03951	0.91483
137 T	0.04526	0.03988	0.91487
138 C	0.04457	0.04100	0.91443
139 A	0.04411	0.04310	0.91279
140 A	0.04387	0.04459	0.91153
141 A	0.04408	0.04369	0.91223
142 A	0.04421	0.04250	0.91329
143 A	0.04458	0.04095	0.91448
144 T	0.04504	0.03617	0.91879
145 C	0.04442	0.03612	0.91947
146 A	0.04456	0.03868	0.91677
147 A	0.04566	0.04065	0.91368
148 G	0.04733	0.04126	0.91141
149 A	0.04916	0.04050	0.91035
150 T	0.05442	0.03541	0.91016
151 T	0.05560	0.03358	0.91083
152 A	0.05584	0.03234	0.91182
153 T	0.05542	0.03200	0.91258
154 A	0.05152	0.03664	0.91185
155 A	0.04923	0.03903	0.91174
156 A	0.04669	0.04140	0.91191
157 G	0.04605	0.04157	0.91237
158 A	0.04548	0.04196	0.91256
159 A	0.04545	0.04132	0.91323
160 G	0.04609	0.04019	0.91372
161 T	0.04693	0.03916	0.91391
162 A	0.04745	0.03908	0.91348
163 G	0.04829	0.03877	0.91294
164 A	0.04835	0.03884	0.9128
165 A	0.04751	0.03956	0.91293
166 A	0.04689	0.03992	0.91319
167 A	0.04708	0.03937	0.91355
168 C	0.04848	0.03697	0.91455
169 C	0.05156	0.03367	0.91477
170 C	0.05474	0.03046	0.91479
171 T	0.05732	0.02798	0.9147
172 T	0.05808	0.02743	0.91449
173 T	0.05800	0.02763	0.91437
174 A	0.05732	0.02854	0.91414
175 G	0.05696	0.02882	0.91422
176 A	0.05708	0.02754	0.91538
177 T	0.05789	0.02286	0.91924
178 T	0.05802	0.02050	0.92148
179 T	0.05723	0.01935	0.92341
180 A	0.05489	0.02140	0.92371
181 G	0.05347	0.02223	0.92431
182 C	0.05245	0.02267	0.92488
183 A	0.05166	0.02365	0.92469
184 G	0.05165	0.02357	0.92478
185 A	0.05216	0.02301	0.92483
186 A	0.05280	0.02270	0.9245
187 A	0.05305	0.02253	0.92442
188 A	0.05318	0.02098	0.92585
189 T	0.05325	0.01972	0.92703
190 G	0.05325	0.01924	0.92751
191 T	0.05328	0.01942	0.92731
192 A	0.05329	0.01966	0.92705
193 G	0.05333	0.01959	0.92708
194 G	0.05345	0.01934	0.92721
195 T	0.05370	0.01929	0.92701
196 A	0.05372	0.02044	0.92583
197 A	0.05393	0.02076	0.92531
198 A	0.05407	0.02097	0.92496
199 A	0.05433	0.02073	0.92494
200 G	0.05459	0.01955	0.92586
201 T	0.05477	0.01967	0.92556
202 G	0.05487	0.02133	0.92381
203 T	0.05517	0.02217	0.92265
204 A	0.05524	0.02319	0.92157
205 A	0.05536	0.02319	0.92145
206 T	0.05564	0.02225	0.92211
207 A	0.05568	0.02198	0.92235
208 G	0.05583	0.02157	0.92259
209 G	0.05623	0.02102	0.92275
210 C	0.05654	0.02063	0.92283
211 G	0.05673	0.02042	0.92285
212 C	0.05695	0.02020	0.92286
213 C	0.05722	0.01996	0.92282
214 G	0.05766	0.01969	0.92265
215 C	0.05812	0.01935	0.92252
216 T	0.05863	0.01917	0.9222
217 G	0.05882	0.01933	0.92185
218 A	0.05932	0.01904	0.92164
219 A	0.06068	0.01776	0.92156
220 G	0.06184	0.01656	0.92159
221 G	0.06318	0.01508	0.92174
222 A	0.06499	0.01322	0.92179
223 A	0.06674	0.01142	0.92183
224 C	0.06916	0.00893	0.92192
225 T	0.07250	0.00573	0.92178
226 T	0.07429	0.00431	0.92141
227 T	0.07504	0.00378	0.92119
228 T	0.07512	0.00402	0.92086
229 A	0.07464	0.00463	0.92073
230 A	0.07413	0.00505	0.92083
231 A	0.07249	0.00662	0.92088
232 G	0.07123	0.00778	0.92098
233 C	0.07069	0.00826	0.92105
234 C	0.06988	0.00906	0.92105
235 A	0.06938	0.00961	0.92101
236 C	0.06925	0.00975	0.921
237 T	0.06934	0.00971	0.92095
238 G	0.06916	0.00997	0.92087
239 T	0.06934	0.00986	0.9208
240 T	0.06943	0.00980	0.92077
241 G	0.06928	0.00994	0.92077
242 A	0.06923	0.00994	0.92083
243 T	0.06912	0.00996	0.92091
244 A	0.06891	0.01014	0.92096
245 C	0.06879	0.01022	0.92099
246 A	0.06876	0.01028	0.92097
247 G	0.06881	0.01026	0.92093
248 C	0.06900	0.01008	0.92092
249 T	0.06941	0.00973	0.92086
250 A	0.06956	0.00965	0.92079
251 A	0.06980	0.00930	0.9209
252 A	0.06990	0.00883	0.92126
253 G	0.06995	0.00836	0.92169
254 A	0.07000	0.00666	0.92334
255 T	0.07007	0.00526	0.92466
256 A	0.07009	0.00473	0.92517
257 T	0.07014	0.00384	0.92602
258 T	0.07018	0.00329	0.92654
259 G	0.07018	0.00301	0.92682
260 G	0.07021	0.00283	0.92695
261 T	0.07029	0.00260	0.9271
262 T	0.07034	0.00254	0.92712
263 A	0.07037	0.00263	0.927
264 T	0.07037	0.00268	0.92696
265 G	0.07027	0.00270	0.92703
266 G	0.07020	0.00283	0.92697
267 A	0.07018	0.00290	0.92693
268 G	0.07013	0.00296	0.92691
269 C	0.07014	0.00292	0.92693
270 T	0.07016	0.00298	0.92686
271 T	0.07001	0.00320	0.9268
272 G	0.06967	0.00367	0.92666
273 C	0.06939	0.00434	0.92627
274 G	0.06905	0.00496	0.92599
275 A	0.06879	0.00561	0.9256
276 T	0.06870	0.00592	0.92538
277 A	0.06846	0.00631	0.92523
278 C	0.06837	0.00641	0.92522
279 T	0.06832	0.00649	0.92519
280 T	0.06810	0.00675	0.92515
281 T	0.06777	0.00710	0.92514
282 C	0.06721	0.00766	0.92513
283 A	0.06625	0.00869	0.92506
284 T	0.06619	0.00875	0.92506
285 C	0.06601	0.00893	0.92506
286 A	0.06602	0.00894	0.92503
287 A	0.06622	0.00875	0.92503
288 A	0.06633	0.00857	0.9251
289 T	0.06657	0.00827	0.92516
290 T	0.06677	0.00804	0.92519
291 A	0.06689	0.00783	0.92528
292 G	0.06697	0.00765	0.92537
293 T	0.06710	0.00741	0.9255
294 A	0.06715	0.00717	0.92568
295 A	0.06729	0.00669	0.92602
296 A	0.06769	0.00597	0.92634
297 A	0.06801	0.00524	0.92674
298 T	0.06845	0.00437	0.92718
299 T	0.06867	0.00385	0.92748
300 T	0.06878	0.00333	0.92788
301 T	0.06880	0.00302	0.92818
302 G	0.06881	0.00269	0.92849
303 G	0.06884	0.00225	0.9289
304 T	0.06887	0.00177	0.92936
305 A	0.06890	0.00115	0.92995
306 A	0.06900	0.00000	0.93099
