# lcl|CP097583.1_cds_USQ93147.1_1
# AA	inside	membr	outside
1 A	0.66476	0.00000	0.33525
2 T	0.66433	0.00043	0.33525
3 G	0.66410	0.00066	0.33525
4 A	0.66410	0.03879	0.29711
5 A	0.66224	0.08306	0.25471
6 A	0.66224	0.08938	0.24839
7 T	0.65326	0.09884	0.2479
8 A	0.65326	0.09886	0.24789
9 T	0.64839	0.10413	0.24749
10 T	0.64837	0.12679	0.22485
11 C	0.64422	0.13221	0.22358
12 T	0.59267	0.18590	0.22144
13 A	0.49790	0.29644	0.20566
14 T	0.49789	0.29646	0.20566
15 A	0.49789	0.38895	0.11317
16 G	0.49609	0.39074	0.11317
17 A	0.49454	0.39247	0.11299
18 A	0.49443	0.39274	0.11283
19 A	0.49289	0.39435	0.11277
20 C	0.48966	0.39762	0.11273
21 A	0.48538	0.40188	0.11275
22 T	0.48714	0.40002	0.11284
23 G	0.48841	0.39860	0.11299
24 C	0.49449	0.39240	0.1131
25 C	0.50043	0.38621	0.11336
26 T	0.50570	0.38085	0.11345
27 A	0.52926	0.35726	0.11348
28 G	0.56107	0.32446	0.11446
29 A	0.56677	0.31916	0.11407
30 T	0.57074	0.30706	0.12219
31 G	0.57176	0.29147	0.13678
32 T	0.57471	0.26899	0.1563
33 T	0.59442	0.22685	0.17873
34 G	0.58771	0.22195	0.19034
35 C	0.59493	0.17366	0.23142
36 T	0.60874	0.12104	0.27022
37 G	0.60760	0.12872	0.26369
38 A	0.67536	0.07153	0.25312
39 T	0.67646	0.07577	0.24777
40 T	0.67583	0.08142	0.24275
41 T	0.67419	0.08661	0.2392
42 T	0.66890	0.09193	0.23916
43 T	0.65964	0.10040	0.23995
44 T	0.61600	0.15025	0.23375
45 A	0.57816	0.19139	0.23045
46 C	0.54149	0.23008	0.22843
47 A	0.51337	0.26273	0.2239
48 A	0.48540	0.29516	0.21943
49 C	0.46711	0.31903	0.21386
50 G	0.44978	0.35654	0.19368
51 A	0.44518	0.36494	0.18988
52 A	0.44237	0.37105	0.18659
53 T	0.44173	0.37265	0.18562
54 T	0.43933	0.37587	0.18479
55 G	0.43322	0.38133	0.18545
56 A	0.42756	0.38452	0.18791
57 T	0.42487	0.38085	0.19427
58 G	0.41627	0.39237	0.19135
59 A	0.41849	0.39525	0.18626
60 A	0.42541	0.39387	0.18073
61 T	0.43512	0.38891	0.17598
62 T	0.43626	0.39070	0.17303
63 T	0.42651	0.40954	0.16395
64 A	0.39263	0.46085	0.14652
65 A	0.36804	0.49707	0.13489
66 A	0.34885	0.51222	0.13893
67 G	0.33651	0.48397	0.17953
68 A	0.32693	0.47140	0.20168
69 T	0.32650	0.45244	0.22106
70 A	0.32259	0.46731	0.2101
71 A	0.32499	0.46213	0.21287
72 A	0.32941	0.45617	0.21442
73 T	0.34758	0.42763	0.22479
74 A	0.34675	0.43545	0.21781
75 T	0.33866	0.45193	0.20941
76 A	0.31989	0.48618	0.19393
77 A	0.25201	0.56553	0.18246
78 A	0.20187	0.62794	0.17018
79 A	0.14946	0.68638	0.16415
80 A	0.12854	0.71340	0.15806
81 A	0.11770	0.73378	0.14852
82 A	0.11482	0.75347	0.13171
83 A	0.11930	0.75846	0.12224
84 T	0.13125	0.74455	0.1242
85 A	0.13562	0.74252	0.12186
86 A	0.14684	0.72155	0.1316
87 A	0.16605	0.67034	0.16362
88 T	0.18946	0.61839	0.19215
89 T	0.20124	0.58674	0.21202
90 A	0.20729	0.56047	0.23223
91 C	0.21815	0.53585	0.246
92 C	0.23579	0.51396	0.25025
93 T	0.26454	0.48188	0.25358
94 C	0.27929	0.46566	0.25505
95 T	0.29108	0.45456	0.25436
96 A	0.29463	0.45409	0.25128
97 A	0.30410	0.44459	0.25132
98 T	0.31481	0.41882	0.26637
99 T	0.32405	0.39237	0.28358
100 A	0.32803	0.31046	0.36151
101 A	0.34050	0.24973	0.40978
102 G	0.35080	0.18918	0.46002
103 G	0.35821	0.16516	0.47663
104 G	0.36972	0.15089	0.47939
105 T	0.38892	0.15181	0.45926
106 T	0.39785	0.19191	0.41024
107 A	0.39521	0.26327	0.34152
108 T	0.39602	0.31974	0.28425
109 A	0.38581	0.45937	0.15481
110 T	0.37805	0.51534	0.1066
111 T	0.36615	0.53671	0.09715
112 A	0.30217	0.60730	0.09053
113 A	0.26766	0.64358	0.08877
114 G	0.24664	0.66629	0.08708
115 C	0.23009	0.68429	0.08562
116 G	0.21571	0.70775	0.07654
117 A	0.20404	0.72143	0.07454
118 A	0.20076	0.72525	0.074
119 A	0.20112	0.72430	0.07458
120 T	0.20114	0.72378	0.07508
121 C	0.19990	0.72165	0.07845
122 A	0.19923	0.71976	0.08101
123 A	0.19928	0.71389	0.08683
124 A	0.20089	0.70749	0.09161
125 A	0.20330	0.70266	0.09403
126 G	0.21271	0.68917	0.09812
127 G	0.23035	0.65803	0.11162
128 G	0.26445	0.61592	0.11963
129 C	0.32368	0.54762	0.1287
130 A	0.39619	0.47454	0.12927
131 A	0.46037	0.40888	0.13075
132 T	0.58620	0.27372	0.14008
133 T	0.61993	0.23430	0.14576
134 T	0.62081	0.22590	0.1533
135 T	0.61023	0.17449	0.21528
136 G	0.58848	0.17946	0.23206
137 T	0.57959	0.18005	0.24036
138 A	0.53975	0.23141	0.22884
139 A	0.53026	0.23389	0.23584
140 T	0.52530	0.22861	0.24609
141 T	0.51717	0.23422	0.24861
142 A	0.49948	0.25406	0.24646
143 C	0.48925	0.26565	0.2451
144 T	0.48274	0.27650	0.24076
145 A	0.47500	0.29267	0.23234
146 G	0.46294	0.31173	0.22533
147 T	0.44996	0.33471	0.21533
148 C	0.41719	0.37504	0.20777
149 A	0.37250	0.47313	0.15437
150 A	0.32186	0.55130	0.12684
151 A	0.25420	0.63678	0.10901
152 A	0.21791	0.68394	0.09815
153 A	0.20150	0.71035	0.08815
154 A	0.19563	0.71897	0.0854
155 A	0.19372	0.71645	0.08983
156 T	0.19301	0.70934	0.09765
157 G	0.18827	0.70768	0.10406
158 A	0.19333	0.69554	0.11113
159 T	0.20622	0.66769	0.12609
160 A	0.20915	0.66209	0.12875
161 A	0.21971	0.62373	0.15656
162 T	0.21730	0.61111	0.17159
163 C	0.21160	0.61355	0.17485
164 A	0.20229	0.65677	0.14094
165 A	0.19454	0.67854	0.12692
166 G	0.19565	0.68529	0.11906
167 A	0.19891	0.69680	0.10428
168 A	0.20755	0.69410	0.09835
169 A	0.22392	0.66336	0.11271
170 T	0.24199	0.63027	0.12774
171 A	0.23928	0.60762	0.15311
172 A	0.26670	0.54800	0.1853
173 A	0.27702	0.49850	0.22448
174 A	0.28349	0.43721	0.2793
175 A	0.28745	0.40045	0.31209
176 T	0.28854	0.38109	0.33037
177 A	0.27810	0.38693	0.33498
178 A	0.25573	0.40538	0.33889
179 C	0.24552	0.40042	0.35406
180 G	0.23120	0.42690	0.3419
181 G	0.22988	0.42795	0.34216
182 G	0.23287	0.42936	0.33777
183 A	0.24632	0.42542	0.32826
184 T	0.26602	0.40057	0.33341
185 C	0.27110	0.38401	0.34488
186 A	0.27894	0.37552	0.34554
187 T	0.31161	0.33778	0.35061
188 C	0.32398	0.32064	0.35539
189 A	0.33387	0.32115	0.34498
190 T	0.34913	0.31464	0.33623
191 T	0.35569	0.32482	0.31948
192 T	0.35340	0.36024	0.28636
193 A	0.34236	0.43884	0.21879
194 A	0.32538	0.47503	0.19958
195 A	0.30166	0.50811	0.19022
196 A	0.29373	0.51544	0.19082
197 G	0.29948	0.50537	0.19516
198 A	0.30031	0.50398	0.19571
199 G	0.30361	0.49362	0.20277
200 A	0.31140	0.47768	0.21092
201 G	0.31968	0.45315	0.22717
202 A	0.32608	0.44036	0.23356
203 T	0.34448	0.40704	0.24849
204 G	0.34665	0.40109	0.25226
205 A	0.35218	0.39977	0.24805
206 T	0.36323	0.39413	0.24265
207 A	0.36219	0.39695	0.24086
208 G	0.36225	0.39812	0.23964
209 A	0.36196	0.40055	0.23749
210 T	0.36435	0.40083	0.23482
211 C	0.35762	0.41133	0.23104
212 G	0.35933	0.43178	0.20889
213 A	0.36662	0.44530	0.18808
214 A	0.38784	0.43414	0.17803
215 G	0.42293	0.39789	0.17918
216 T	0.49242	0.32308	0.18449
217 A	0.51712	0.28061	0.20227
218 T	0.53543	0.23508	0.22948
219 C	0.53976	0.22127	0.23898
220 A	0.54409	0.22574	0.23017
221 T	0.55114	0.22078	0.22808
222 T	0.55345	0.21960	0.22694
223 A	0.54673	0.22858	0.22468
224 T	0.54312	0.23397	0.2229
225 T	0.53228	0.24455	0.22317
226 C	0.48288	0.29792	0.2192
227 A	0.45445	0.33681	0.20874
228 A	0.44106	0.35336	0.20558
229 A	0.44057	0.35544	0.20399
230 G	0.44200	0.35472	0.20328
231 T	0.45000	0.35178	0.19823
232 A	0.45555	0.35064	0.19381
233 A	0.46286	0.34284	0.1943
234 G	0.47202	0.32392	0.20406
235 T	0.49411	0.29569	0.21021
236 T	0.51045	0.27665	0.2129
237 A	0.51766	0.27004	0.21229
238 A	0.52102	0.26802	0.21096
239 T	0.52580	0.26488	0.20932
240 T	0.52706	0.26392	0.20902
241 A	0.52278	0.26993	0.20729
242 A	0.51415	0.27800	0.20785
243 T	0.51707	0.27327	0.20966
244 A	0.50078	0.29435	0.20487
245 A	0.49144	0.30681	0.20174
246 A	0.48364	0.31296	0.20341
247 T	0.47984	0.30455	0.21561
248 A	0.45732	0.31417	0.22852
249 T	0.43503	0.29285	0.27212
250 T	0.42211	0.28293	0.29496
251 G	0.39707	0.29478	0.30815
252 G	0.39067	0.29749	0.31184
253 A	0.38860	0.30084	0.31056
254 C	0.39299	0.29579	0.31123
255 T	0.40405	0.28450	0.31145
256 T	0.40585	0.28375	0.3104
257 A	0.40014	0.29217	0.30769
258 T	0.39853	0.29532	0.30615
259 C	0.39474	0.30029	0.30496
260 A	0.39336	0.30618	0.30046
261 A	0.39406	0.30617	0.29978
262 T	0.39743	0.30228	0.30029
263 T	0.39814	0.30188	0.29999
264 A	0.39693	0.30248	0.30059
265 G	0.39830	0.29042	0.31128
266 A	0.40088	0.28150	0.31762
267 A	0.40800	0.25545	0.33656
268 A	0.41846	0.23352	0.34802
269 T	0.43287	0.20491	0.36221
270 T	0.43603	0.18894	0.37503
271 A	0.43733	0.16007	0.4026
272 T	0.43943	0.12147	0.4391
273 T	0.43912	0.10429	0.45658
274 C	0.43812	0.08454	0.47735
275 G	0.43831	0.08105	0.48065
276 T	0.44211	0.07415	0.48373
277 T	0.44323	0.07159	0.48519
278 G	0.44336	0.07176	0.48488
279 G	0.44514	0.07154	0.48332
280 T	0.44975	0.06453	0.48573
281 T	0.45155	0.06506	0.4834
282 G	0.45171	0.07067	0.47761
283 T	0.45553	0.09091	0.45356
284 T	0.45592	0.12524	0.41884
285 T	0.45291	0.20900	0.33809
286 A	0.43871	0.33004	0.23124
287 T	0.42743	0.37082	0.20174
288 A	0.40929	0.41326	0.17745
289 G	0.39478	0.43705	0.16817
290 A	0.38617	0.45539	0.15843
291 A	0.38398	0.46260	0.15342
292 G	0.38433	0.46567	0.15
293 A	0.38466	0.47130	0.14405
294 T	0.38552	0.47651	0.13797
295 A	0.38390	0.47977	0.13632
296 T	0.37663	0.48962	0.13374
297 T	0.36252	0.50722	0.13027
298 A	0.32014	0.55848	0.12138
299 C	0.28522	0.59587	0.11891
300 A	0.24717	0.64171	0.11111
301 A	0.21861	0.67377	0.10762
302 A	0.20744	0.68696	0.1056
303 G	0.19305	0.70266	0.10429
304 G	0.17020	0.72860	0.1012
305 A	0.16511	0.73670	0.0982
306 A	0.19335	0.71246	0.09419
307 A	0.23676	0.66971	0.09353
308 A	0.33164	0.57036	0.098
309 T	0.43840	0.44686	0.11475
310 T	0.46041	0.40999	0.12961
311 T	0.46615	0.39111	0.14275
312 A	0.42904	0.42056	0.1504
313 C	0.37759	0.46753	0.15488
314 A	0.28408	0.56701	0.14892
315 A	0.19866	0.65523	0.14611
316 A	0.18492	0.67089	0.14418
317 A	0.18078	0.67611	0.14311
318 A	0.17718	0.68187	0.14095
319 A	0.17934	0.66629	0.15437
320 A	0.18427	0.64427	0.17146
321 T	0.19503	0.58639	0.21858
322 A	0.19495	0.55393	0.25112
323 T	0.19909	0.52847	0.27244
324 A	0.19470	0.53853	0.26676
325 A	0.17298	0.55945	0.26757
326 A	0.15889	0.56358	0.27754
327 A	0.13737	0.56147	0.30116
328 G	0.12802	0.55323	0.31875
329 C	0.11962	0.55984	0.32054
330 T	0.11732	0.59571	0.28696
331 A	0.10973	0.67973	0.21054
332 T	0.10564	0.71780	0.17656
333 A	0.09814	0.77183	0.13003
334 A	0.09575	0.77521	0.12905
335 A	0.09507	0.73166	0.17328
336 A	0.09607	0.66888	0.23506
337 T	0.10192	0.56305	0.33502
338 C	0.10352	0.48303	0.41345
339 G	0.10393	0.47228	0.4238
340 G	0.10519	0.46684	0.42797
341 A	0.10751	0.46435	0.42813
342 C	0.10965	0.46170	0.42866
343 G	0.11147	0.46328	0.42525
344 G	0.11454	0.46927	0.41619
345 A	0.11973	0.48652	0.39374
346 A	0.13253	0.50842	0.35904
347 A	0.15923	0.50908	0.3317
348 A	0.16957	0.48502	0.34541
349 A	0.17878	0.48286	0.33836
350 T	0.19345	0.45125	0.3553
351 A	0.19923	0.45893	0.34183
352 G	0.20928	0.45844	0.33228
353 G	0.24146	0.42922	0.32932
354 T	0.31987	0.36139	0.31873
355 A	0.34861	0.35936	0.29203
356 T	0.39060	0.32692	0.28248
357 T	0.39297	0.34897	0.25806
358 T	0.39246	0.35265	0.2549
359 T	0.38735	0.36178	0.25087
360 A	0.37012	0.38278	0.24709
361 A	0.36443	0.39053	0.24504
362 C	0.35031	0.40398	0.24571
363 A	0.34332	0.41274	0.24394
364 A	0.33267	0.42618	0.24115
365 A	0.32311	0.43657	0.24032
366 C	0.25258	0.50767	0.23975
367 G	0.23415	0.52647	0.23938
368 A	0.24236	0.51825	0.23939
369 A	0.26985	0.49062	0.23953
370 A	0.29527	0.46501	0.23972
371 C	0.31097	0.44873	0.2403
372 T	0.33923	0.41938	0.24139
373 G	0.34331	0.41484	0.24185
374 A	0.36509	0.39255	0.24236
375 T	0.39215	0.36477	0.24308
376 G	0.39550	0.36089	0.24362
377 C	0.41116	0.34265	0.24619
378 T	0.43974	0.31263	0.24762
379 C	0.45206	0.29866	0.24927
380 T	0.47163	0.27823	0.25013
381 T	0.47212	0.27681	0.25107
382 T	0.46920	0.27797	0.25284
383 C	0.46193	0.27290	0.26517
384 A	0.44764	0.28494	0.26742
385 G	0.44016	0.27756	0.28228
386 A	0.43538	0.27535	0.28927
387 T	0.43611	0.26263	0.30126
388 A	0.43320	0.25696	0.30984
389 T	0.43076	0.17493	0.39431
390 T	0.42367	0.15689	0.41945
391 G	0.40895	0.16697	0.42408
392 A	0.40038	0.18199	0.41763
393 A	0.39052	0.19041	0.41907
394 T	0.37830	0.19847	0.42322
395 G	0.35631	0.21759	0.42611
396 G	0.34290	0.22689	0.43021
397 G	0.33038	0.24525	0.42437
398 A	0.31652	0.28706	0.39643
399 A	0.30095	0.32972	0.36933
400 T	0.28712	0.36975	0.34313
401 T	0.27578	0.40812	0.31611
402 G	0.24899	0.45959	0.29142
403 A	0.22200	0.57225	0.20574
404 A	0.20297	0.61734	0.17969
405 A	0.19282	0.64016	0.16703
406 A	0.18422	0.64396	0.17182
407 A	0.17486	0.64246	0.18267
408 A	0.16679	0.64316	0.19005
409 G	0.16291	0.63912	0.19797
410 C	0.16087	0.64064	0.19849
411 A	0.16171	0.64346	0.19484
412 A	0.16477	0.64005	0.19518
413 A	0.16997	0.63072	0.19931
414 T	0.18057	0.61049	0.20894
415 T	0.18864	0.59922	0.21214
416 A	0.19064	0.59498	0.21438
417 T	0.19509	0.58536	0.21955
418 A	0.19439	0.57803	0.22758
419 A	0.19627	0.56880	0.23493
420 A	0.20402	0.55223	0.24375
421 A	0.23368	0.51047	0.25585
422 A	0.27025	0.45174	0.27801
423 T	0.32184	0.37498	0.30318
424 T	0.35752	0.32575	0.31673
425 A	0.38104	0.28225	0.33671
426 T	0.44795	0.19251	0.35953
427 G	0.46567	0.15818	0.37615
428 A	0.47781	0.13902	0.38317
429 A	0.48308	0.12763	0.38929
430 T	0.49160	0.11191	0.39649
431 T	0.49502	0.10826	0.39673
432 A	0.49273	0.12115	0.38612
433 T	0.49145	0.13209	0.37646
434 T	0.48840	0.15215	0.35946
435 T	0.47754	0.18945	0.33301
436 A	0.46271	0.24021	0.29708
437 A	0.45473	0.28053	0.26474
438 G	0.45171	0.28619	0.26209
439 G	0.45712	0.28618	0.2567
440 T	0.46597	0.28235	0.25168
441 T	0.46764	0.28754	0.24482
442 C	0.45931	0.30072	0.23997
443 G	0.45182	0.31740	0.23078
444 T	0.44193	0.33013	0.22794
445 A	0.40918	0.36727	0.22354
446 T	0.38601	0.39172	0.22228
447 A	0.36135	0.41881	0.21985
448 C	0.34548	0.43570	0.21882
449 A	0.32626	0.45807	0.21567
450 A	0.30047	0.48571	0.21382
451 G	0.28609	0.50061	0.21331
452 G	0.28016	0.50637	0.21346
453 A	0.27828	0.50822	0.21349
454 A	0.28431	0.50030	0.21539
455 A	0.30053	0.47722	0.22224
456 C	0.31729	0.44911	0.23361
457 G	0.33632	0.42362	0.24006
458 A	0.35972	0.39177	0.2485
459 A	0.38963	0.35150	0.25887
460 G	0.41660	0.31624	0.26716
461 C	0.42298	0.30436	0.27266
462 T	0.43074	0.29240	0.27686
463 A	0.42921	0.29163	0.27916
464 T	0.43564	0.27531	0.28905
465 T	0.42906	0.27328	0.29765
466 G	0.39954	0.29603	0.30443
467 A	0.38363	0.29563	0.32073
468 T	0.37412	0.27104	0.35485
469 G	0.35149	0.27456	0.37395
470 A	0.34009	0.28083	0.37909
471 T	0.33786	0.28321	0.37893
472 A	0.33259	0.28509	0.38231
473 T	0.33079	0.26402	0.40519
474 T	0.32267	0.26104	0.41629
475 T	0.30576	0.27574	0.4185
476 G	0.28203	0.30055	0.41741
477 C	0.26724	0.32414	0.40863
478 A	0.24913	0.37715	0.37372
479 A	0.23856	0.40076	0.36068
480 A	0.22869	0.41961	0.3517
481 A	0.22472	0.43370	0.34158
482 A	0.22210	0.44673	0.33117
483 G	0.21979	0.44889	0.33132
484 A	0.21809	0.46166	0.32025
485 T	0.21895	0.45958	0.32146
486 T	0.21892	0.45523	0.32586
487 A	0.21576	0.47467	0.30957
488 A	0.21311	0.48173	0.30516
489 A	0.21219	0.46040	0.32741
490 G	0.21385	0.44699	0.33916
491 A	0.21676	0.44389	0.33934
492 A	0.22664	0.43456	0.3388
493 G	0.24284	0.42944	0.32773
494 T	0.25854	0.42828	0.31318
495 A	0.26641	0.45862	0.27496
496 A	0.26623	0.47648	0.25729
497 A	0.26986	0.47242	0.25772
498 T	0.27724	0.45699	0.26577
499 G	0.27332	0.45342	0.27326
500 A	0.27985	0.44669	0.27346
501 T	0.30630	0.41493	0.27877
502 A	0.31105	0.41295	0.276
503 A	0.31393	0.40923	0.27684
504 A	0.32158	0.39881	0.27961
505 A	0.33002	0.38728	0.28271
506 A	0.33643	0.37733	0.28624
507 T	0.35435	0.35553	0.29012
508 C	0.35944	0.34840	0.29215
509 A	0.36442	0.34258	0.293
510 A	0.38193	0.32259	0.29549
511 T	0.39617	0.30545	0.29838
512 G	0.40063	0.29929	0.30008
513 C	0.40950	0.28962	0.30088
514 G	0.42596	0.27242	0.30161
515 A	0.45522	0.24333	0.30146
516 T	0.48721	0.21098	0.30181
517 A	0.50871	0.19011	0.30117
518 T	0.55576	0.14206	0.30218
519 T	0.58135	0.11183	0.30683
520 A	0.59149	0.09904	0.30947
521 T	0.60371	0.08222	0.31407
522 T	0.61540	0.06141	0.32319
523 T	0.62171	0.05037	0.32792
524 T	0.62433	0.04445	0.33122
525 A	0.62675	0.03830	0.33495
526 C	0.62933	0.03167	0.33899
527 T	0.62842	0.03156	0.34002
528 T	0.62638	0.03265	0.34097
529 A	0.62309	0.03532	0.34159
530 G	0.62121	0.03658	0.34221
531 T	0.62058	0.03665	0.34277
532 C	0.61839	0.03552	0.34609
533 G	0.61696	0.03789	0.34514
534 T	0.61190	0.04561	0.34249
535 G	0.60484	0.05495	0.34021
536 G	0.60125	0.06091	0.33785
537 A	0.59722	0.06941	0.33337
538 G	0.58115	0.08872	0.33012
539 G	0.57377	0.09816	0.32808
540 T	0.57188	0.10433	0.32379
541 G	0.55909	0.12916	0.31175
542 G	0.55385	0.14120	0.30494
543 A	0.55067	0.15766	0.29167
544 G	0.54703	0.17012	0.28286
545 A	0.54564	0.17888	0.27548
546 T	0.54505	0.18247	0.27248
547 G	0.54384	0.18336	0.2728
548 A	0.54326	0.18307	0.27367
549 A	0.54236	0.18229	0.27535
550 T	0.54221	0.18011	0.27768
551 C	0.54093	0.17894	0.28014
552 A	0.53901	0.17919	0.2818
553 G	0.53707	0.18006	0.28287
554 A	0.53651	0.18019	0.28331
555 C	0.53672	0.17817	0.28511
556 A	0.53828	0.17616	0.28557
557 T	0.54243	0.16588	0.29168
558 T	0.54482	0.15830	0.29688
559 A	0.54577	0.15544	0.29878
560 A	0.54935	0.14874	0.30191
561 T	0.55437	0.12339	0.32224
562 G	0.55609	0.11146	0.33245
563 A	0.56134	0.10312	0.33554
564 T	0.57558	0.07791	0.34651
565 G	0.58231	0.06638	0.35131
566 T	0.59485	0.05093	0.35422
567 T	0.60266	0.04096	0.35639
568 T	0.60850	0.03608	0.35543
569 T	0.61020	0.03811	0.35168
570 T	0.60975	0.05263	0.33762
571 A	0.60844	0.07245	0.3191
572 A	0.60806	0.07827	0.31367
573 T	0.60772	0.08459	0.30769
574 A	0.60712	0.08818	0.30469
575 A	0.60708	0.08943	0.30349
576 T	0.60647	0.08935	0.30418
577 T	0.60418	0.09278	0.30304
578 T	0.59922	0.10221	0.29857
579 A	0.58483	0.12526	0.28991
580 G	0.57656	0.14552	0.27791
581 A	0.57141	0.16551	0.26309
582 T	0.56992	0.17171	0.25838
583 A	0.56782	0.18146	0.25072
584 T	0.56692	0.18310	0.24998
585 A	0.56398	0.18749	0.24853
586 A	0.56232	0.18892	0.24876
587 T	0.56169	0.18965	0.24867
588 C	0.54171	0.21028	0.24801
589 A	0.53260	0.21968	0.24772
590 C	0.52692	0.22523	0.24786
591 A	0.52523	0.22810	0.24667
592 G	0.52966	0.22434	0.246
593 C	0.54475	0.21019	0.24506
594 T	0.56381	0.19580	0.2404
595 A	0.56876	0.19481	0.23643
596 T	0.57418	0.19104	0.23478
597 T	0.56859	0.19872	0.23269
598 A	0.55442	0.21456	0.23102
599 A	0.54315	0.22505	0.2318
600 A	0.53494	0.23117	0.23389
601 A	0.53673	0.22453	0.23874
602 A	0.54416	0.20397	0.25188
603 A	0.55703	0.18193	0.26104
604 T	0.57196	0.16124	0.2668
605 C	0.57527	0.15660	0.26813
606 A	0.57597	0.16149	0.26255
607 A	0.57573	0.16442	0.25985
608 A	0.57665	0.16471	0.25864
609 A	0.57694	0.16317	0.25989
610 A	0.57821	0.16031	0.26147
611 T	0.58123	0.13346	0.28531
612 A	0.58238	0.12162	0.296
613 C	0.58409	0.10965	0.30625
614 C	0.58644	0.10447	0.30909
615 G	0.58899	0.10326	0.30774
616 A	0.59165	0.10385	0.30451
617 T	0.59893	0.09729	0.30378
618 T	0.60300	0.09372	0.30328
619 T	0.60494	0.08974	0.30531
620 T	0.60648	0.07769	0.31583
621 T	0.60708	0.06223	0.33069
622 A	0.60689	0.05261	0.34051
623 C	0.60580	0.04429	0.34992
624 T	0.60460	0.04795	0.34745
625 G	0.60384	0.06717	0.32899
626 G	0.60345	0.07448	0.32207
627 A	0.60367	0.08255	0.31378
628 A	0.60494	0.08581	0.30925
629 T	0.61082	0.07966	0.30952
630 A	0.61340	0.07668	0.30991
631 G	0.61595	0.07334	0.31071
632 G	0.61666	0.07222	0.31112
633 T	0.61691	0.07178	0.31131
634 C	0.61689	0.07167	0.31144
635 A	0.61724	0.07135	0.31141
636 T	0.61806	0.07043	0.3115
637 G	0.61843	0.07003	0.31154
638 C	0.62005	0.06841	0.31154
639 T	0.62293	0.06558	0.31149
640 C	0.62369	0.06489	0.31143
641 T	0.62419	0.06463	0.31118
642 T	0.62370	0.06549	0.3108
643 A	0.62260	0.06673	0.31066
644 A	0.62260	0.06665	0.31075
645 T	0.62506	0.06387	0.31107
646 A	0.62648	0.06075	0.31277
647 C	0.63239	0.05320	0.31442
648 T	0.65179	0.03304	0.31518
649 A	0.65736	0.02693	0.31571
650 C	0.66412	0.01959	0.31629
651 T	0.66937	0.01437	0.31627
652 T	0.67228	0.01144	0.31628
653 T	0.67309	0.01037	0.31654
654 T	0.67303	0.01033	0.31665
655 T	0.67208	0.01141	0.3165
656 C	0.67134	0.01188	0.31677
657 T	0.67103	0.01256	0.31641
658 G	0.67070	0.01411	0.31519
659 A	0.67055	0.01515	0.3143
660 T	0.67054	0.01590	0.31357
661 T	0.67054	0.01704	0.31243
662 T	0.67048	0.01735	0.31216
663 A	0.66978	0.01861	0.31161
664 G	0.66980	0.01801	0.3122
665 T	0.67001	0.01723	0.31276
666 A	0.67004	0.01624	0.31373
667 G	0.67009	0.01569	0.31422
668 C	0.67022	0.01605	0.31373
669 T	0.67018	0.02179	0.30803
670 T	0.67004	0.03085	0.29912
671 A	0.66960	0.04480	0.2856
672 T	0.66855	0.05164	0.27981
673 A	0.66791	0.06004	0.27204
674 A	0.66775	0.06399	0.26825
675 T	0.66665	0.06775	0.2656
676 A	0.66510	0.06995	0.26495
677 A	0.66429	0.07057	0.26514
678 T	0.65954	0.07438	0.26608
679 G	0.65327	0.08048	0.26624
680 C	0.65231	0.08165	0.26604
681 T	0.65279	0.08282	0.26439
682 A	0.65160	0.08463	0.26377
683 T	0.65083	0.08579	0.26338
684 T	0.64777	0.08897	0.26326
685 A	0.63891	0.09783	0.26326
686 C	0.61575	0.12031	0.26395
687 A	0.60034	0.13585	0.2638
688 C	0.59170	0.14442	0.26388
689 C	0.58557	0.15057	0.26386
690 A	0.58313	0.15316	0.26371
691 A	0.58301	0.15329	0.2637
692 C	0.58992	0.14627	0.26381
693 A	0.59983	0.13633	0.26384
694 T	0.61366	0.12216	0.26419
695 C	0.61775	0.11670	0.26555
696 T	0.62298	0.11108	0.26595
697 A	0.62390	0.11010	0.266
698 G	0.62525	0.10768	0.26707
699 T	0.62535	0.10635	0.2683
700 A	0.62333	0.10768	0.26899
701 T	0.62245	0.10210	0.27546
702 T	0.61645	0.10168	0.28186
703 C	0.59906	0.11772	0.28322
704 A	0.57171	0.14868	0.27961
705 A	0.55049	0.17133	0.27818
706 A	0.54759	0.17427	0.27814
707 A	0.54643	0.17240	0.28116
708 T	0.54594	0.16464	0.28942
709 G	0.54517	0.13742	0.31741
710 T	0.54512	0.12198	0.3329
711 T	0.54407	0.11408	0.34185
712 C	0.54132	0.11214	0.34654
713 T	0.53918	0.11363	0.34718
714 T	0.53446	0.11924	0.3463
715 G	0.52196	0.13460	0.34343
716 A	0.51415	0.14734	0.3385
717 G	0.51118	0.15477	0.33405
718 T	0.50995	0.16241	0.32764
719 T	0.50835	0.16928	0.32237
720 A	0.50316	0.17989	0.31695
721 A	0.49969	0.18724	0.31307
722 T	0.49670	0.19142	0.31188
723 A	0.49033	0.20982	0.29985
724 A	0.48773	0.21254	0.29973
725 A	0.48800	0.20633	0.30566
726 A	0.48867	0.19011	0.32122
727 T	0.49259	0.15799	0.34942
728 C	0.49456	0.13505	0.37039
729 T	0.49587	0.13330	0.37083
730 T	0.49505	0.13560	0.36935
731 T	0.49317	0.13874	0.36809
732 T	0.48947	0.14364	0.36689
733 G	0.48010	0.15539	0.36452
734 A	0.46959	0.17021	0.3602
735 T	0.45867	0.18498	0.35634
736 A	0.43410	0.22649	0.33942
737 A	0.42167	0.24010	0.33822
738 G	0.42145	0.23063	0.34792
739 G	0.42357	0.22825	0.34818
740 T	0.42786	0.23130	0.34085
741 T	0.43077	0.24810	0.32113
742 A	0.42337	0.29713	0.27949
743 A	0.41064	0.30949	0.27987
744 A	0.40024	0.32001	0.27975
745 A	0.38628	0.33472	0.27899
746 A	0.39334	0.32356	0.28311
747 C	0.39172	0.32463	0.28365
748 A	0.38446	0.34267	0.27286
749 A	0.37861	0.35783	0.26356
750 T	0.37407	0.36586	0.26008
751 T	0.36622	0.37675	0.25702
752 A	0.34117	0.40917	0.24967
753 T	0.32570	0.42418	0.25011
754 G	0.30301	0.44637	0.25063
755 A	0.29089	0.46032	0.24879
756 A	0.28713	0.45762	0.25525
757 A	0.28650	0.44970	0.2638
758 A	0.28983	0.43558	0.27459
759 T	0.30860	0.39310	0.29829
760 C	0.31130	0.37657	0.31213
761 A	0.31409	0.37409	0.31182
762 T	0.32227	0.36513	0.3126
763 A	0.32771	0.36214	0.31015
764 A	0.34333	0.34435	0.31232
765 T	0.38053	0.29863	0.32084
766 G	0.38350	0.27645	0.34005
767 A	0.38588	0.26199	0.35213
768 T	0.39136	0.24205	0.36659
769 A	0.39138	0.24230	0.36633
770 A	0.39365	0.24011	0.36624
771 A	0.40522	0.22286	0.37192
772 T	0.41741	0.20100	0.38159
773 T	0.42182	0.19730	0.38088
774 A	0.42316	0.20198	0.37486
775 T	0.42530	0.18704	0.38765
776 T	0.41722	0.18529	0.39749
777 A	0.40380	0.19410	0.4021
778 G	0.40210	0.19134	0.40656
779 A	0.40084	0.19199	0.40718
780 T	0.40255	0.18398	0.41347
781 T	0.40216	0.18037	0.41746
782 T	0.40053	0.18096	0.41851
783 G	0.39666	0.18536	0.41797
784 C	0.39509	0.19649	0.40843
785 A	0.38330	0.25000	0.3667
786 T	0.37662	0.28776	0.33562
787 T	0.36317	0.32369	0.31314
788 T	0.35325	0.33626	0.3105
789 A	0.32702	0.36846	0.30452
790 G	0.30937	0.38589	0.30474
791 A	0.29917	0.39751	0.30332
792 C	0.29466	0.40186	0.30348
793 A	0.29531	0.41062	0.29408
794 A	0.30250	0.41200	0.28549
795 A	0.30808	0.41742	0.2745
796 A	0.32099	0.41248	0.26653
797 T	0.33952	0.39465	0.26583
798 T	0.34901	0.37857	0.27242
799 A	0.35433	0.36340	0.28227
800 T	0.36347	0.34165	0.29488
801 T	0.36680	0.33312	0.30008
802 C	0.36572	0.33171	0.30257
803 A	0.35286	0.34779	0.29935
804 A	0.33393	0.36941	0.29666
805 A	0.32103	0.38630	0.29267
806 A	0.31286	0.39956	0.28757
807 A	0.31583	0.40434	0.27983
808 A	0.35202	0.35268	0.2953
809 T	0.37991	0.30213	0.31797
810 T	0.38953	0.27711	0.33336
811 A	0.37948	0.28934	0.33119
812 T	0.36990	0.30058	0.32952
813 A	0.33725	0.37624	0.28651
814 A	0.29733	0.42216	0.28051
815 A	0.28400	0.43238	0.28361
816 G	0.28282	0.42843	0.28875
817 A	0.28714	0.42145	0.29141
818 C	0.29749	0.40753	0.29497
819 T	0.30579	0.39877	0.29544
820 C	0.30583	0.39875	0.29542
821 C	0.30425	0.40345	0.29231
822 T	0.30406	0.40992	0.28602
823 T	0.30256	0.41655	0.28088
824 T	0.29842	0.42576	0.27581
825 A	0.29285	0.43414	0.27301
826 G	0.29315	0.42536	0.28149
827 A	0.29454	0.40716	0.2983
828 A	0.29813	0.38892	0.31295
829 A	0.30700	0.36758	0.32542
830 T	0.32071	0.34030	0.33899
831 A	0.32343	0.33150	0.34507
832 G	0.32703	0.32075	0.35222
833 T	0.33717	0.30793	0.3549
834 A	0.34039	0.30927	0.35034
835 A	0.34959	0.31054	0.33987
836 A	0.39355	0.25254	0.35391
837 T	0.40753	0.21416	0.37831
838 A	0.40665	0.21325	0.38011
839 T	0.40708	0.21244	0.38048
840 T	0.40565	0.22746	0.36689
841 G	0.40382	0.24553	0.35066
842 A	0.40413	0.25766	0.33822
843 A	0.40752	0.26349	0.32899
844 T	0.41374	0.25409	0.33217
845 T	0.41592	0.25012	0.33396
846 T	0.41220	0.25480	0.333
847 T	0.38147	0.28724	0.33129
848 C	0.32443	0.34479	0.33078
849 A	0.27309	0.41266	0.31424
850 A	0.25049	0.44676	0.30276
851 A	0.23481	0.47851	0.28668
852 T	0.22449	0.49203	0.28347
853 A	0.18964	0.53391	0.27645
854 A	0.17679	0.54627	0.27694
855 A	0.16888	0.55366	0.27746
856 A	0.16962	0.55284	0.27754
857 A	0.18438	0.53362	0.282
858 T	0.21310	0.50038	0.28652
859 A	0.22649	0.48359	0.28993
860 T	0.24782	0.45779	0.29439
861 C	0.25968	0.43958	0.30074
862 C	0.27079	0.42731	0.30191
863 T	0.28505	0.41298	0.30197
864 T	0.29456	0.40375	0.30168
865 A	0.29684	0.40247	0.30069
866 T	0.30358	0.39618	0.30023
867 T	0.29847	0.40038	0.30115
868 G	0.28494	0.40181	0.31326
869 A	0.27898	0.39902	0.322
870 T	0.28212	0.36061	0.35727
871 A	0.27644	0.31815	0.40541
872 T	0.28736	0.25949	0.45314
873 A	0.29063	0.24239	0.46698
874 T	0.30256	0.22256	0.47488
875 A	0.29880	0.22270	0.4785
876 T	0.29896	0.19671	0.50433
877 A	0.28302	0.21148	0.50551
878 A	0.26430	0.22950	0.5062
879 T	0.25064	0.25081	0.49854
880 G	0.20093	0.35404	0.44503
881 A	0.18371	0.41213	0.40416
882 A	0.16255	0.47271	0.36474
883 G	0.14915	0.50244	0.3484
884 A	0.13634	0.54917	0.31449
885 T	0.12688	0.59806	0.27506
886 A	0.11051	0.65197	0.23752
887 A	0.10588	0.66812	0.226
888 A	0.09917	0.68705	0.21378
889 A	0.09585	0.69180	0.21234
890 A	0.09507	0.68863	0.21629
891 T	0.09607	0.67392	0.23001
892 G	0.09359	0.66828	0.23813
893 A	0.09157	0.66843	0.24
894 A	0.09003	0.66645	0.24353
895 G	0.08962	0.66924	0.24114
896 A	0.09462	0.66741	0.23796
897 T	0.10385	0.66528	0.23087
898 A	0.10526	0.66937	0.22536
899 A	0.10911	0.66556	0.22533
900 A	0.11999	0.64459	0.23542
901 A	0.13133	0.61567	0.253
902 A	0.15003	0.58118	0.2688
903 T	0.21560	0.46890	0.31551
904 A	0.25627	0.41251	0.33122
905 T	0.30199	0.34585	0.35216
906 A	0.31836	0.31662	0.36502
907 A	0.35155	0.27065	0.3778
908 T	0.39184	0.21869	0.38948
909 T	0.42584	0.16998	0.40419
910 A	0.43564	0.15513	0.40924
911 T	0.45330	0.12788	0.41882
912 T	0.45885	0.11845	0.4227
913 T	0.45944	0.11794	0.42262
914 T	0.45577	0.12487	0.41936
915 A	0.43623	0.14964	0.41412
916 A	0.43393	0.15176	0.4143
917 A	0.43713	0.14996	0.41291
918 T	0.44771	0.13545	0.41685
919 G	0.45629	0.12499	0.41872
920 T	0.47211	0.10805	0.41984
921 T	0.48059	0.09888	0.42054
922 T	0.48234	0.10268	0.41498
923 T	0.47760	0.11194	0.41047
924 T	0.47341	0.12608	0.40051
925 T	0.46659	0.14846	0.38495
926 T	0.45699	0.16912	0.37388
927 G	0.43666	0.19881	0.36452
928 T	0.41697	0.23785	0.34519
929 T	0.40243	0.26544	0.33213
930 A	0.36868	0.32118	0.31015
931 A	0.33831	0.37638	0.28531
932 A	0.31951	0.40695	0.27353
933 T	0.31068	0.41938	0.26995
934 A	0.30289	0.43144	0.26567
935 A	0.30277	0.43313	0.2641
936 A	0.30565	0.42972	0.26463
937 A	0.31159	0.42107	0.26734
938 T	0.31976	0.39762	0.28263
939 A	0.32298	0.39982	0.2772
940 T	0.32903	0.39584	0.27514
941 T	0.32778	0.40255	0.26967
942 A	0.32253	0.41338	0.26409
943 A	0.31592	0.42244	0.26165
944 A	0.31605	0.42168	0.26226
945 T	0.32410	0.40909	0.26681
946 G	0.32943	0.39624	0.27433
947 A	0.34385	0.37726	0.27889
948 T	0.36684	0.34457	0.2886
949 T	0.37910	0.32242	0.29847
950 A	0.38524	0.30080	0.31396
951 T	0.40166	0.26586	0.33248
952 A	0.40947	0.25790	0.33263
953 A	0.42634	0.21720	0.35646
954 T	0.45076	0.16636	0.38288
955 T	0.46163	0.13751	0.40085
956 T	0.46351	0.12646	0.41002
957 C	0.46007	0.12612	0.41381
958 C	0.45697	0.13948	0.40355
959 A	0.45525	0.16118	0.38357
960 A	0.45066	0.19063	0.35871
961 A	0.45425	0.19787	0.34788
962 T	0.46825	0.19011	0.34164
963 T	0.47226	0.18633	0.34141
964 T	0.47491	0.18098	0.34411
965 A	0.47228	0.17873	0.349
966 T	0.47232	0.17171	0.35597
967 C	0.47117	0.17817	0.35066
968 T	0.47152	0.19940	0.32907
969 T	0.47135	0.22906	0.2996
970 T	0.46858	0.26163	0.26979
971 T	0.46106	0.28889	0.25005
972 A	0.44851	0.32242	0.22906
973 A	0.43097	0.34187	0.22716
974 A	0.42323	0.35034	0.22643
975 A	0.42728	0.34578	0.22695
976 A	0.42669	0.34501	0.2283
977 C	0.43105	0.33782	0.23112
978 T	0.43582	0.33248	0.2317
979 A	0.43720	0.33068	0.23212
980 A	0.44058	0.32401	0.23541
981 T	0.45177	0.30912	0.23911
982 A	0.46353	0.29524	0.24122
983 T	0.48549	0.26474	0.24976
984 T	0.49281	0.25630	0.2509
985 A	0.48876	0.26179	0.24945
986 T	0.47959	0.26893	0.25149
987 A	0.45160	0.29546	0.25294
988 A	0.42486	0.31826	0.25687
989 G	0.36677	0.37413	0.2591
990 C	0.35577	0.38498	0.25926
991 A	0.35743	0.38990	0.25267
992 A	0.37748	0.37828	0.24423
993 T	0.39546	0.35936	0.24517
994 T	0.39327	0.36069	0.24604
995 T	0.37420	0.37904	0.24676
996 A	0.32811	0.41476	0.25713
997 A	0.30535	0.43510	0.25954
998 A	0.29148	0.44581	0.26271
999 T	0.28339	0.45074	0.26587
1000 T	0.27032	0.46424	0.26544
1001 T	0.23742	0.49867	0.26391
1002 A	0.17607	0.55974	0.26419
1003 A	0.13664	0.59862	0.26475
1004 A	0.11580	0.61769	0.26651
1005 A	0.10607	0.62444	0.26949
1006 C	0.10224	0.62469	0.27307
1007 A	0.10038	0.62614	0.27348
1008 A	0.10107	0.62090	0.27802
1009 A	0.10146	0.61214	0.28641
1010 A	0.10298	0.59147	0.30555
1011 A	0.10678	0.56733	0.32588
1012 G	0.11254	0.49365	0.39382
1013 T	0.12036	0.45387	0.42577
1014 A	0.12819	0.41477	0.45704
1015 T	0.14163	0.38020	0.47817
1016 T	0.14706	0.36088	0.49206
1017 A	0.15188	0.34507	0.50304
1018 T	0.15692	0.31450	0.52858
1019 A	0.16060	0.26973	0.56967
1020 T	0.16528	0.23775	0.59697
1021 T	0.16715	0.23244	0.60041
1022 T	0.16481	0.25389	0.5813
1023 A	0.15213	0.31146	0.53641
1024 A	0.14901	0.34740	0.50359
1025 A	0.14500	0.35011	0.50489
1026 T	0.14037	0.38508	0.47454
1027 G	0.13295	0.42319	0.44386
1028 A	0.12888	0.52387	0.34726
1029 A	0.12215	0.56636	0.31149
1030 G	0.12079	0.59331	0.28591
1031 A	0.12074	0.60997	0.2693
1032 A	0.12191	0.61764	0.26046
1033 C	0.12421	0.62051	0.25527
1034 A	0.12571	0.63227	0.24202
1035 A	0.12728	0.63243	0.24029
1036 T	0.12999	0.63080	0.2392
1037 T	0.13122	0.63250	0.23628
1038 G	0.13126	0.63562	0.23312
1039 C	0.13230	0.63853	0.22917
1040 A	0.13327	0.64651	0.22022
1041 A	0.13481	0.64785	0.21734
1042 A	0.13837	0.64429	0.21733
1043 A	0.14419	0.63829	0.21752
1044 A	0.16136	0.62048	0.21816
1045 A	0.19655	0.57961	0.22384
1046 C	0.25769	0.50311	0.2392
1047 A	0.32348	0.43311	0.24341
1048 A	0.38764	0.36483	0.24753
1049 T	0.45328	0.29432	0.2524
1050 A	0.48698	0.25495	0.25807
1051 G	0.56643	0.17135	0.26223
1052 C	0.61455	0.11457	0.27088
1053 T	0.65292	0.07344	0.27364
1054 T	0.67219	0.05289	0.27492
1055 T	0.68092	0.04365	0.27543
1056 T	0.68445	0.04010	0.27545
1057 C	0.68716	0.03758	0.27526
1058 G	0.68629	0.04020	0.27351
1059 A	0.68816	0.04105	0.2708
1060 T	0.69612	0.03657	0.26731
1061 T	0.70102	0.03348	0.2655
1062 T	0.70501	0.03167	0.26333
1063 T	0.70952	0.02691	0.26358
1064 T	0.71032	0.02590	0.26378
1065 T	0.70812	0.02810	0.26377
1066 T	0.70454	0.03160	0.26386
1067 C	0.70028	0.03579	0.26392
1068 C	0.68290	0.05330	0.2638
1069 T	0.66684	0.06946	0.2637
1070 C	0.65005	0.08631	0.26364
1071 T	0.62294	0.11370	0.26336
1072 G	0.57521	0.16186	0.26293
1073 C	0.55509	0.18243	0.26247
1074 T	0.54889	0.19009	0.26103
1075 A	0.53903	0.20273	0.25824
1076 A	0.53452	0.20906	0.25642
1077 T	0.53286	0.21097	0.25617
1078 A	0.52909	0.21485	0.25605
1079 A	0.52544	0.21758	0.25698
1080 A	0.52469	0.21578	0.25954
1081 C	0.52262	0.21513	0.26225
1082 C	0.52235	0.21493	0.26272
1083 T	0.52179	0.21638	0.26184
1084 A	0.50867	0.23275	0.25857
1085 C	0.47228	0.27214	0.25557
1086 A	0.45191	0.29675	0.25134
1087 A	0.43919	0.31081	0.25
1088 A	0.43393	0.31456	0.25151
1089 T	0.43112	0.31431	0.25457
1090 T	0.42496	0.31738	0.25766
1091 A	0.41426	0.30894	0.2768
1092 T	0.41015	0.29369	0.29617
1093 A	0.40300	0.28523	0.31178
1094 A	0.40069	0.26137	0.33794
1095 T	0.39955	0.21803	0.38242
1096 C	0.39753	0.19928	0.40319
1097 G	0.39769	0.19639	0.40592
1098 C	0.39927	0.19045	0.41028
1099 A	0.40006	0.19060	0.40934
1100 A	0.40021	0.19053	0.40926
1101 T	0.40037	0.18976	0.40988
1102 C	0.39988	0.18771	0.41241
1103 A	0.39932	0.19446	0.40622
1104 G	0.39915	0.19923	0.40163
1105 A	0.39944	0.21594	0.38461
1106 A	0.40081	0.21823	0.38096
1107 A	0.40443	0.21070	0.38487
1108 T	0.40896	0.16320	0.42783
1109 T	0.41244	0.14631	0.44125
1110 A	0.41201	0.14638	0.44161
1111 T	0.41306	0.14746	0.43949
1112 T	0.41205	0.16105	0.4269
1113 A	0.40835	0.19554	0.3961
1114 T	0.40768	0.20351	0.38881
1115 T	0.40225	0.20945	0.38831
1116 G	0.38194	0.23974	0.37833
1117 A	0.36045	0.30369	0.33585
1118 T	0.35057	0.33108	0.31836
1119 C	0.33423	0.36307	0.3027
1120 A	0.32451	0.37932	0.29617
1121 A	0.31878	0.38786	0.29336
1122 T	0.31906	0.39038	0.29056
1123 A	0.31793	0.39491	0.28716
1124 C	0.31876	0.39522	0.28602
1125 A	0.32059	0.39589	0.28352
1126 A	0.32725	0.39001	0.28273
1127 A	0.33811	0.38033	0.28156
1128 T	0.35697	0.36202	0.28101
1129 A	0.35976	0.36032	0.27992
1130 T	0.36726	0.35229	0.28044
1131 A	0.36994	0.34928	0.28079
1132 A	0.37873	0.33945	0.28181
1133 T	0.39423	0.32146	0.28431
1134 A	0.40425	0.30979	0.28596
1135 A	0.42053	0.29093	0.28855
1136 T	0.45700	0.24969	0.2933
1137 A	0.47217	0.23183	0.296
1138 A	0.47969	0.21825	0.30207
1139 A	0.50047	0.17643	0.32309
1140 T	0.54713	0.10643	0.34645
1141 T	0.56632	0.07539	0.35829
1142 T	0.58100	0.04654	0.37246
1143 T	0.58578	0.03346	0.38077
1144 C	0.58749	0.02627	0.38625
1145 C	0.58963	0.02284	0.38753
1146 T	0.59282	0.01897	0.38821
1147 T	0.59437	0.01709	0.38853
1148 T	0.59669	0.01455	0.38876
1149 A	0.59770	0.01341	0.38888
1150 T	0.59922	0.01103	0.38975
1151 A	0.59998	0.00697	0.39304
1152 A	0.60137	0.00000	0.39863
