# lcl|CP097583.1_cds_USQ93610.1_1
# AA	inside	membr	outside
1 A	0.49273	0.00000	0.50728
2 T	0.48852	0.00421	0.50728
3 G	0.48556	0.00717	0.50728
4 A	0.48556	0.10293	0.41151
5 A	0.45572	0.20692	0.33736
6 T	0.45572	0.21540	0.32888
7 G	0.43092	0.24361	0.32547
8 A	0.43092	0.24368	0.3254
9 A	0.42971	0.24594	0.32435
10 T	0.42971	0.29373	0.27655
11 T	0.42949	0.30187	0.26865
12 G	0.40928	0.32766	0.26307
13 A	0.38099	0.40421	0.2148
14 T	0.38098	0.40422	0.2148
15 T	0.38098	0.46674	0.15228
16 G	0.37421	0.47351	0.15228
17 A	0.36739	0.48098	0.15163
18 C	0.36727	0.48190	0.15083
19 A	0.36375	0.48669	0.14956
20 A	0.35475	0.50844	0.13681
21 G	0.34605	0.51708	0.13688
22 A	0.35391	0.51087	0.13521
23 G	0.36938	0.49615	0.13447
24 T	0.41453	0.44924	0.13623
25 T	0.43396	0.41864	0.14739
26 T	0.43656	0.41033	0.15311
27 A	0.45109	0.39032	0.15859
28 C	0.48332	0.33355	0.18314
29 C	0.48228	0.33480	0.18293
30 T	0.47803	0.34065	0.18132
31 A	0.45460	0.39405	0.15136
32 A	0.42806	0.45089	0.12105
33 A	0.39063	0.51816	0.0912
34 A	0.31236	0.62503	0.0626
35 A	0.25516	0.68560	0.05924
36 A	0.25776	0.66096	0.08128
37 A	0.23172	0.68788	0.0804
38 A	0.26706	0.65637	0.07656
39 T	0.24649	0.67623	0.07729
40 C	0.19282	0.73450	0.07267
41 A	0.16026	0.77463	0.06511
42 A	0.11132	0.82605	0.06262
43 A	0.10701	0.82904	0.06395
44 A	0.06723	0.86849	0.06428
45 A	0.05888	0.87881	0.06232
46 G	0.05310	0.88059	0.06632
47 A	0.04749	0.88319	0.06932
48 A	0.04577	0.88095	0.07328
49 A	0.04363	0.87689	0.07948
50 C	0.04373	0.85324	0.10303
51 A	0.04455	0.84700	0.10845
52 G	0.04761	0.83542	0.11698
53 A	0.05657	0.82147	0.12197
54 A	0.08476	0.77855	0.13668
55 G	0.11501	0.72857	0.15643
56 A	0.14543	0.63063	0.22394
57 A	0.17389	0.52553	0.30059
58 T	0.19801	0.43780	0.3642
59 A	0.20088	0.43415	0.36497
60 T	0.20891	0.41242	0.37867
61 T	0.21407	0.41644	0.36948
62 A	0.21583	0.41246	0.37171
63 T	0.22402	0.35768	0.4183
64 T	0.22841	0.32485	0.44673
65 T	0.22666	0.30208	0.47125
66 A	0.21643	0.30966	0.4739
67 T	0.21574	0.28794	0.49632
68 A	0.21332	0.28643	0.50025
69 T	0.21139	0.28447	0.50414
70 C	0.20854	0.28965	0.50181
71 G	0.20702	0.32292	0.47006
72 T	0.20249	0.37808	0.41942
73 A	0.19601	0.45645	0.34755
74 A	0.17806	0.54261	0.27933
75 A	0.15815	0.60521	0.23664
76 G	0.15139	0.66451	0.1841
77 A	0.14892	0.72387	0.12721
78 A	0.14973	0.74128	0.10899
79 A	0.15732	0.74258	0.1001
80 A	0.16878	0.73372	0.09749
81 A	0.19205	0.71334	0.09462
82 T	0.25499	0.64986	0.09515
83 T	0.28794	0.61890	0.09316
84 T	0.31542	0.59857	0.08601
85 T	0.32773	0.58592	0.08635
86 T	0.32892	0.58853	0.08256
87 A	0.32296	0.59369	0.08335
88 A	0.31950	0.59276	0.08774
89 C	0.32191	0.57867	0.09942
90 T	0.33040	0.56817	0.10144
91 C	0.33346	0.56349	0.10306
92 A	0.33706	0.56018	0.10275
93 A	0.34315	0.55315	0.1037
94 A	0.36411	0.53147	0.10442
95 C	0.39576	0.49379	0.11045
96 A	0.42764	0.46029	0.11206
97 A	0.48354	0.38827	0.12819
98 G	0.51284	0.34421	0.14295
99 A	0.55439	0.30735	0.13825
100 T	0.58719	0.27765	0.13515
101 T	0.54182	0.33425	0.12393
102 A	0.43075	0.47308	0.09616
103 A	0.35895	0.56706	0.07399
104 G	0.31533	0.61210	0.07257
105 A	0.25706	0.67331	0.06963
106 A	0.23280	0.70009	0.06711
107 A	0.23209	0.69949	0.06842
108 C	0.22832	0.69997	0.07171
109 A	0.22793	0.69885	0.07322
110 T	0.22737	0.69399	0.07864
111 C	0.22016	0.69597	0.08387
112 C	0.21287	0.70237	0.08476
113 C	0.20649	0.70936	0.08414
114 T	0.19933	0.71973	0.08094
115 A	0.19139	0.73365	0.07496
116 A	0.18732	0.73911	0.07357
117 A	0.18465	0.74016	0.0752
118 A	0.18427	0.72580	0.08993
119 T	0.18692	0.67360	0.13948
120 A	0.18782	0.64791	0.16427
121 G	0.19575	0.60397	0.20029
122 T	0.21853	0.54982	0.23165
123 A	0.22721	0.51350	0.25929
124 G	0.23981	0.44584	0.31435
125 G	0.26177	0.33857	0.39966
126 T	0.28073	0.27359	0.44568
127 A	0.28129	0.25735	0.46136
128 T	0.28439	0.21534	0.50026
129 T	0.28711	0.20328	0.50961
130 A	0.28660	0.21665	0.49675
131 T	0.28575	0.22302	0.49123
132 T	0.28327	0.23887	0.47787
133 A	0.27987	0.25405	0.46608
134 A	0.27836	0.25617	0.46547
135 A	0.27775	0.25405	0.4682
136 A	0.27826	0.24894	0.4728
137 C	0.28138	0.23842	0.48021
138 T	0.28665	0.24279	0.47055
139 A	0.28580	0.28780	0.4264
140 T	0.27882	0.33229	0.38889
141 T	0.24873	0.41493	0.33634
142 G	0.18989	0.56123	0.24887
143 A	0.16644	0.63559	0.19797
144 A	0.14852	0.67804	0.17344
145 A	0.14252	0.70041	0.15706
146 A	0.14831	0.70014	0.15155
147 T	0.16764	0.68455	0.14781
148 A	0.17655	0.67623	0.14721
149 A	0.18934	0.66322	0.14745
150 T	0.21123	0.64019	0.14859
151 T	0.22103	0.62984	0.14913
152 C	0.22255	0.62772	0.14973
153 A	0.22918	0.62095	0.14987
154 G	0.23616	0.61367	0.15017
155 A	0.24866	0.60044	0.1509
156 T	0.26173	0.58576	0.15251
157 C	0.25945	0.58743	0.15312
158 A	0.25647	0.59009	0.15343
159 A	0.24319	0.60285	0.15396
160 A	0.23707	0.60815	0.15479
161 A	0.24240	0.60162	0.15598
162 A	0.28225	0.55939	0.15836
163 A	0.32852	0.49880	0.17268
164 A	0.39623	0.39309	0.21068
165 T	0.49439	0.23472	0.27089
166 T	0.53095	0.17455	0.29451
167 C	0.54022	0.15078	0.309
168 T	0.54567	0.14223	0.31211
169 G	0.54475	0.14271	0.31254
170 T	0.54695	0.13987	0.31319
171 T	0.54538	0.14074	0.31388
172 A	0.54318	0.14224	0.31458
173 T	0.54246	0.13665	0.32089
174 C	0.54089	0.12840	0.3307
175 G	0.53971	0.12491	0.33538
176 C	0.53917	0.12175	0.33909
177 T	0.53798	0.12395	0.33808
178 T	0.53592	0.12975	0.33432
179 T	0.53451	0.13705	0.32844
180 T	0.53268	0.13422	0.33311
181 G	0.52790	0.13863	0.33347
182 T	0.52471	0.12865	0.34664
183 A	0.51882	0.13718	0.344
184 A	0.51618	0.14123	0.3426
185 A	0.51365	0.13466	0.35169
186 T	0.51301	0.12945	0.35754
187 A	0.51225	0.12806	0.35969
188 G	0.51195	0.12457	0.36347
189 C	0.51154	0.12013	0.36833
190 G	0.51115	0.12568	0.36318
191 T	0.51013	0.14594	0.34393
192 T	0.50500	0.18716	0.30784
193 A	0.50045	0.25333	0.24622
194 T	0.49526	0.32379	0.18095
195 A	0.48541	0.38144	0.13315
196 A	0.48135	0.41956	0.09909
197 A	0.47995	0.43329	0.08677
198 A	0.47895	0.43398	0.08707
199 A	0.47954	0.43271	0.08775
200 A	0.48241	0.42750	0.09009
201 T	0.48638	0.41812	0.0955
202 C	0.48929	0.41249	0.09822
203 G	0.49165	0.40879	0.09956
204 A	0.49240	0.40584	0.10177
205 G	0.49496	0.40071	0.10434
206 C	0.50261	0.38953	0.10786
207 T	0.50989	0.38169	0.10842
208 C	0.50396	0.38652	0.10952
209 A	0.49553	0.39874	0.10572
210 A	0.48601	0.41369	0.10031
211 A	0.48092	0.41971	0.09936
212 A	0.48057	0.41986	0.09957
213 A	0.49009	0.40988	0.10003
214 G	0.51784	0.37473	0.10743
215 C	0.56461	0.31709	0.1183
216 A	0.63202	0.24569	0.12229
217 T	0.70464	0.16808	0.12729
218 C	0.74134	0.12493	0.13372
219 T	0.76440	0.10045	0.13514
220 T	0.76633	0.09857	0.1351
221 C	0.75939	0.10397	0.13664
222 A	0.74954	0.11601	0.13446
223 T	0.74199	0.12671	0.1313
224 T	0.73090	0.13802	0.13107
225 T	0.71096	0.15669	0.13235
226 A	0.67934	0.18869	0.13197
227 T	0.65550	0.20772	0.13677
228 G	0.61081	0.25114	0.13805
229 G	0.57580	0.28977	0.13443
230 A	0.56157	0.30289	0.13554
231 A	0.55145	0.30976	0.1388
232 A	0.54949	0.30617	0.14434
233 G	0.55220	0.29397	0.15383
234 C	0.55242	0.28873	0.15885
235 A	0.55254	0.29150	0.15595
236 T	0.55293	0.29482	0.15225
237 T	0.55213	0.29895	0.14891
238 A	0.55145	0.30524	0.14331
239 T	0.55099	0.30779	0.14121
240 A	0.55039	0.30941	0.1402
241 A	0.55009	0.30854	0.14136
242 A	0.55054	0.30809	0.14137
243 T	0.55161	0.30519	0.1432
244 A	0.55156	0.30521	0.14323
245 A	0.55183	0.29419	0.15398
246 T	0.55480	0.26666	0.17854
247 T	0.55326	0.25474	0.19201
248 T	0.54765	0.24922	0.20312
249 A	0.54247	0.26017	0.19736
250 A	0.54086	0.28191	0.17724
251 A	0.54134	0.28637	0.17228
252 A	0.54599	0.26037	0.19363
253 A	0.54783	0.25441	0.19776
254 A	0.55073	0.24733	0.20194
255 T	0.55378	0.24753	0.19869
256 C	0.55235	0.24804	0.19961
257 G	0.55317	0.25138	0.19545
258 A	0.55781	0.24771	0.19448
259 T	0.56317	0.24232	0.19451
260 C	0.56556	0.23986	0.19458
261 T	0.57008	0.23840	0.19152
262 C	0.56755	0.24274	0.18971
263 A	0.56796	0.24947	0.18257
264 A	0.56887	0.25440	0.17673
265 A	0.57221	0.26243	0.16536
266 G	0.57687	0.26889	0.15425
267 T	0.58917	0.26026	0.15057
268 G	0.59247	0.25377	0.15377
269 A	0.59980	0.24309	0.1571
270 T	0.61303	0.22397	0.16301
271 C	0.61948	0.21247	0.16805
272 C	0.63229	0.19960	0.16812
273 A	0.65766	0.17921	0.16314
274 A	0.68365	0.15871	0.15764
275 A	0.69067	0.15153	0.1578
276 T	0.70025	0.14162	0.15813
277 G	0.70415	0.13667	0.15918
278 T	0.71169	0.12655	0.16175
279 C	0.70930	0.12558	0.16512
280 A	0.71196	0.12523	0.16281
281 T	0.71422	0.12262	0.16317
282 T	0.71336	0.12419	0.16244
283 A	0.71013	0.12954	0.16033
284 T	0.70737	0.13424	0.15839
285 C	0.66238	0.17697	0.16065
286 A	0.64835	0.19122	0.16043
287 A	0.64564	0.19413	0.16023
288 A	0.64636	0.19386	0.15978
289 A	0.65195	0.18780	0.16025
290 C	0.65451	0.18455	0.16095
291 T	0.64671	0.19148	0.16181
292 G	0.63562	0.20254	0.16184
293 A	0.63398	0.20713	0.15889
294 T	0.63535	0.20874	0.15591
295 T	0.63605	0.21062	0.15332
296 A	0.63665	0.20732	0.15604
297 T	0.64035	0.20098	0.15867
298 A	0.63986	0.19955	0.1606
299 T	0.63936	0.19784	0.1628
300 T	0.63418	0.20012	0.1657
301 A	0.61816	0.21468	0.16716
302 C	0.60895	0.21899	0.17205
303 A	0.60082	0.22626	0.17292
304 G	0.59492	0.23002	0.17505
305 G	0.59184	0.23072	0.17744
306 A	0.58991	0.23016	0.17992
307 T	0.58998	0.22555	0.18448
308 C	0.58463	0.18239	0.23298
309 A	0.57742	0.17672	0.24585
310 A	0.57620	0.17554	0.24826
311 T	0.57615	0.17340	0.25045
312 G	0.57020	0.17615	0.25365
313 A	0.56574	0.17770	0.25655
314 T	0.56429	0.16200	0.2737
315 G	0.55942	0.15419	0.28639
316 C	0.55868	0.15056	0.29076
317 C	0.56009	0.14948	0.29043
318 T	0.56015	0.15256	0.28728
319 T	0.55189	0.16768	0.28043
320 G	0.53826	0.19018	0.27157
321 T	0.52634	0.21814	0.25552
322 G	0.49655	0.30229	0.20115
323 A	0.44296	0.39438	0.16266
324 A	0.41056	0.43102	0.15842
325 A	0.39840	0.44391	0.15769
326 G	0.38577	0.45465	0.15958
327 A	0.37666	0.47623	0.14712
328 A	0.37081	0.48757	0.14163
329 A	0.36827	0.49098	0.14076
330 A	0.36773	0.49063	0.14164
331 G	0.36782	0.48477	0.14741
332 A	0.37005	0.47641	0.15355
333 A	0.37390	0.47170	0.15439
334 A	0.37878	0.46663	0.15459
335 A	0.38070	0.46149	0.15781
336 A	0.38176	0.45693	0.16131
337 T	0.38358	0.45240	0.16402
338 T	0.38446	0.45732	0.15821
339 A	0.38411	0.46486	0.15104
340 G	0.38565	0.46928	0.14507
341 A	0.39018	0.47797	0.13185
342 T	0.40091	0.45888	0.14021
343 A	0.41132	0.44057	0.14811
344 A	0.43149	0.41077	0.15773
345 A	0.48758	0.33086	0.18156
346 T	0.53236	0.23170	0.23594
347 T	0.54838	0.18607	0.26555
348 A	0.55500	0.17141	0.27359
349 G	0.56210	0.15643	0.28147
350 T	0.57758	0.13752	0.28491
351 T	0.58312	0.13002	0.28686
352 T	0.58514	0.13058	0.28427
353 A	0.58413	0.14424	0.27162
354 T	0.58327	0.16447	0.25226
355 G	0.57849	0.22048	0.20102
356 A	0.57517	0.26734	0.1575
357 A	0.57556	0.28324	0.14121
358 A	0.57871	0.28309	0.1382
359 A	0.58322	0.28004	0.13674
360 A	0.59114	0.27297	0.13589
361 T	0.60920	0.25454	0.13625
362 C	0.62112	0.24156	0.13732
363 A	0.63267	0.23009	0.13724
364 T	0.65247	0.21032	0.13721
365 T	0.65736	0.20548	0.13717
366 T	0.65951	0.20324	0.13726
367 G	0.66069	0.20198	0.13733
368 T	0.66264	0.19959	0.13776
369 A	0.66351	0.19862	0.13788
370 T	0.66686	0.19475	0.13839
371 T	0.66916	0.19165	0.13919
372 A	0.67112	0.18908	0.1398
373 T	0.67448	0.18470	0.14083
374 G	0.67726	0.18099	0.14175
375 G	0.68301	0.17417	0.14283
376 A	0.69912	0.15821	0.14266
377 A	0.72224	0.13450	0.14325
378 T	0.77427	0.07740	0.14833
379 T	0.81326	0.03424	0.1525
380 G	0.82527	0.01988	0.15485
381 T	0.82872	0.01574	0.15555
382 C	0.82980	0.01526	0.15493
383 T	0.83070	0.01606	0.15325
384 T	0.83071	0.01860	0.15069
385 T	0.83040	0.02098	0.14862
386 G	0.82972	0.02305	0.14723
387 T	0.82964	0.02582	0.14454
388 T	0.82930	0.02679	0.14391
389 T	0.82860	0.02787	0.14353
390 A	0.82738	0.02970	0.14292
391 A	0.82696	0.03082	0.14221
392 C	0.82667	0.03124	0.14209
393 T	0.82560	0.03331	0.14109
394 G	0.82367	0.03696	0.13937
395 A	0.82233	0.03899	0.13868
396 A	0.82063	0.04121	0.13816
397 G	0.81863	0.04391	0.13746
398 G	0.81817	0.04474	0.13708
399 G	0.81939	0.04460	0.13602
400 A	0.82097	0.04551	0.13353
401 T	0.82158	0.04604	0.13238
402 A	0.82191	0.04789	0.13021
403 G	0.82254	0.04889	0.12857
404 A	0.82337	0.04906	0.12757
405 T	0.82516	0.04706	0.12777
406 A	0.82686	0.04508	0.12807
407 T	0.82994	0.04122	0.12884
408 T	0.83163	0.03855	0.12982
409 C	0.83231	0.03660	0.13108
410 C	0.83357	0.03480	0.13163
411 T	0.83429	0.03388	0.13182
412 G	0.83460	0.03335	0.13206
413 G	0.83537	0.03225	0.13238
414 T	0.83669	0.03080	0.13251
415 T	0.83720	0.02989	0.13291
416 G	0.83798	0.02754	0.13447
417 T	0.83968	0.02401	0.13631
418 A	0.84020	0.02215	0.13766
419 A	0.84081	0.01969	0.1395
420 T	0.84199	0.01604	0.14197
421 A	0.84299	0.01393	0.14308
422 C	0.84463	0.01123	0.14413
423 T	0.84737	0.00891	0.14372
424 G	0.84810	0.00954	0.14236
425 T	0.85003	0.00854	0.14143
426 T	0.85130	0.00804	0.14065
427 G	0.85170	0.00857	0.13973
428 T	0.85181	0.00907	0.13912
429 T	0.85176	0.01001	0.13823
430 T	0.85170	0.01158	0.13672
431 T	0.85165	0.01315	0.1352
432 T	0.85135	0.01452	0.13413
433 T	0.85083	0.01673	0.13243
434 T	0.85006	0.01985	0.13009
435 T	0.84492	0.02554	0.12953
436 G	0.83497	0.03574	0.12929
437 A	0.82989	0.04134	0.12877
438 T	0.82381	0.04808	0.1281
439 C	0.81205	0.06029	0.12766
440 C	0.80344	0.06951	0.12705
441 T	0.79414	0.08114	0.12472
442 A	0.78194	0.09498	0.12308
443 A	0.77738	0.10022	0.1224
444 A	0.77615	0.10177	0.12208
445 A	0.77569	0.10224	0.12208
446 A	0.77624	0.10146	0.12229
447 T	0.77825	0.09880	0.12295
448 T	0.77932	0.09746	0.12321
449 C	0.77859	0.09799	0.12342
450 T	0.77856	0.09797	0.12347
451 A	0.77801	0.09855	0.12344
452 C	0.77770	0.09877	0.12353
453 T	0.77545	0.10131	0.12324
454 T	0.76871	0.10873	0.12256
455 T	0.74856	0.12982	0.12162
456 A	0.72662	0.15375	0.11963
457 G	0.71569	0.16614	0.11817
458 A	0.71070	0.16711	0.12219
459 A	0.70796	0.16105	0.13099
460 A	0.70783	0.15572	0.13644
461 T	0.70855	0.14809	0.14336
462 T	0.70545	0.13908	0.15547
463 A	0.69700	0.13980	0.16321
464 T	0.69370	0.13419	0.17212
465 T	0.68525	0.13416	0.18059
466 C	0.67027	0.14588	0.18385
467 A	0.64312	0.17333	0.18355
468 A	0.60631	0.21114	0.18255
469 G	0.59564	0.22260	0.18176
470 C	0.58788	0.23229	0.17983
471 A	0.57536	0.25256	0.17208
472 G	0.55897	0.27499	0.16603
473 T	0.55002	0.29166	0.15832
474 A	0.54464	0.29786	0.1575
475 G	0.54253	0.29888	0.15859
476 G	0.54226	0.28888	0.16886
477 A	0.54289	0.27658	0.18053
478 C	0.54463	0.25275	0.20261
479 G	0.54736	0.23906	0.21358
480 T	0.54986	0.23203	0.21811
481 A	0.55080	0.23725	0.21194
482 T	0.55208	0.23744	0.21047
483 T	0.55250	0.24112	0.20638
484 T	0.55233	0.24394	0.20374
485 T	0.55141	0.24207	0.20652
486 A	0.54931	0.24062	0.21008
487 A	0.54767	0.24985	0.20247
488 G	0.54573	0.24983	0.20444
489 A	0.53746	0.25582	0.20673
490 A	0.52819	0.25160	0.22021
491 A	0.52334	0.23239	0.24427
492 A	0.51812	0.23201	0.24988
493 G	0.51851	0.22573	0.25576
494 A	0.52436	0.20917	0.26647
495 T	0.53211	0.18314	0.28475
496 C	0.53822	0.16741	0.29437
497 C	0.53924	0.16951	0.29125
498 T	0.53953	0.20786	0.25261
499 A	0.53682	0.28164	0.18155
500 A	0.53516	0.36204	0.1028
501 T	0.52888	0.38567	0.08544
502 A	0.51646	0.40042	0.08312
503 A	0.51548	0.40178	0.08274
504 T	0.52088	0.39569	0.08343
505 C	0.51727	0.39887	0.08386
506 C	0.51822	0.39867	0.08311
507 T	0.52229	0.39787	0.07985
508 A	0.52033	0.40287	0.0768
509 A	0.52228	0.40241	0.07531
510 T	0.53047	0.39441	0.07512
511 A	0.53196	0.39203	0.07602
512 A	0.53646	0.37953	0.08402
513 A	0.54520	0.36189	0.09291
514 A	0.55484	0.34539	0.09977
515 T	0.55879	0.33444	0.10678
516 A	0.55952	0.33098	0.10949
517 G	0.56103	0.32729	0.11168
518 C	0.56393	0.32358	0.11249
519 A	0.56806	0.32008	0.11186
520 A	0.57790	0.31045	0.11165
521 A	0.61844	0.27096	0.1106
522 A	0.68645	0.20360	0.10995
523 A	0.76168	0.12890	0.10942
524 T	0.78802	0.09119	0.12079
525 T	0.79230	0.07099	0.1367
526 A	0.79271	0.06875	0.13854
527 T	0.79458	0.06312	0.1423
528 T	0.79480	0.06138	0.14382
529 T	0.79325	0.06933	0.13742
530 T	0.79119	0.07496	0.13385
531 A	0.78604	0.07999	0.13397
532 T	0.78223	0.08211	0.13565
533 T	0.77383	0.08884	0.13733
534 G	0.75631	0.10502	0.13868
535 C	0.75179	0.10913	0.13908
536 C	0.75024	0.11046	0.1393
537 C	0.74930	0.11192	0.13877
538 T	0.74818	0.11538	0.13645
539 T	0.74595	0.11948	0.13457
540 C	0.74166	0.12492	0.13342
541 G	0.73574	0.13345	0.13081
542 A	0.73354	0.13779	0.12867
543 A	0.72809	0.14445	0.12745
544 A	0.72807	0.14490	0.12704
545 A	0.73099	0.14228	0.12672
546 T	0.73445	0.13826	0.12729
547 A	0.73432	0.13998	0.1257
548 A	0.73509	0.14159	0.12333
549 T	0.73891	0.13957	0.12151
550 G	0.73833	0.14562	0.11605
551 A	0.74009	0.14245	0.11746
552 T	0.74587	0.13355	0.12058
553 G	0.74460	0.13057	0.12483
554 A	0.74512	0.12241	0.13246
555 C	0.74574	0.11593	0.13833
556 A	0.74621	0.10869	0.1451
557 G	0.74760	0.09358	0.15882
558 T	0.75016	0.08709	0.16275
559 T	0.75173	0.08284	0.16543
560 C	0.75259	0.08067	0.16674
561 T	0.75492	0.07547	0.16961
562 T	0.75627	0.07139	0.17234
563 T	0.75619	0.06931	0.1745
564 T	0.75484	0.06960	0.17556
565 A	0.74905	0.07994	0.17101
566 T	0.74510	0.08180	0.1731
567 G	0.73460	0.09757	0.16783
568 A	0.71956	0.12669	0.15375
569 G	0.71495	0.13754	0.14751
570 A	0.71324	0.14943	0.13733
571 A	0.71369	0.16709	0.11922
572 A	0.71769	0.16691	0.1154
573 T	0.72494	0.16088	0.11418
574 A	0.72497	0.16052	0.11451
575 T	0.72565	0.15696	0.11739
576 T	0.72560	0.15230	0.12209
577 T	0.72540	0.15116	0.12343
578 C	0.72455	0.15182	0.12363
579 T	0.72390	0.15307	0.12304
580 T	0.72219	0.15550	0.12231
581 T	0.71768	0.16079	0.12153
582 T	0.70809	0.17210	0.1198
583 G	0.67881	0.20488	0.11631
584 A	0.66708	0.22567	0.10725
585 A	0.65584	0.25091	0.09324
586 A	0.65384	0.26106	0.0851
587 A	0.65593	0.26021	0.08386
588 T	0.66332	0.24768	0.089
589 A	0.66721	0.24158	0.09121
590 A	0.67515	0.22674	0.09811
591 T	0.68997	0.20110	0.10894
592 A	0.69388	0.19814	0.10798
593 A	0.70240	0.19344	0.10416
594 T	0.72043	0.17820	0.10136
595 A	0.72350	0.18553	0.09098
596 A	0.72703	0.18531	0.08766
597 T	0.72913	0.18507	0.0858
598 T	0.72954	0.18612	0.08434
599 T	0.72908	0.18807	0.08285
600 T	0.72784	0.19149	0.08067
601 T	0.72570	0.19373	0.08057
602 T	0.72223	0.19824	0.07953
603 A	0.71454	0.20673	0.07873
604 A	0.71196	0.20454	0.0835
605 A	0.71253	0.19528	0.09219
606 G	0.71526	0.16692	0.11783
607 A	0.72457	0.14774	0.12769
608 C	0.73984	0.12147	0.13868
609 T	0.75124	0.11134	0.13742
610 T	0.75532	0.11918	0.1255
611 T	0.75671	0.12701	0.11628
612 A	0.75749	0.13683	0.10568
613 A	0.75902	0.14618	0.09481
614 A	0.76200	0.14830	0.08971
615 A	0.76775	0.14907	0.08318
616 T	0.77641	0.14350	0.08009
617 A	0.78284	0.14134	0.07583
618 T	0.79560	0.12884	0.07556
619 A	0.80014	0.12696	0.0729
620 T	0.80490	0.12303	0.07208
621 T	0.80781	0.11876	0.07343
622 T	0.80989	0.11639	0.07372
623 T	0.81126	0.11393	0.07481
624 G	0.81215	0.11543	0.07241
625 A	0.81382	0.12560	0.06059
626 T	0.81644	0.12049	0.06307
627 T	0.81674	0.12090	0.06235
628 A	0.81684	0.12439	0.05878
629 G	0.81727	0.12544	0.05728
630 T	0.81847	0.12729	0.05424
631 G	0.81904	0.12881	0.05214
632 A	0.82319	0.12829	0.04852
633 T	0.83776	0.11370	0.04854
634 A	0.84768	0.10391	0.04841
635 G	0.85834	0.09316	0.0485
636 T	0.87039	0.08126	0.04835
637 C	0.87630	0.07551	0.04819
638 G	0.88417	0.06919	0.04664
639 T	0.89201	0.06164	0.04635
640 T	0.89672	0.05740	0.04588
641 T	0.89829	0.05616	0.04555
642 T	0.90017	0.05446	0.04538
643 C	0.89898	0.05583	0.04519
644 G	0.89748	0.05795	0.04457
645 T	0.89837	0.05804	0.0436
646 A	0.89427	0.06234	0.04339
647 A	0.88923	0.06753	0.04323
648 T	0.89870	0.05825	0.04305
649 T	0.86717	0.09002	0.04281
650 C	0.82231	0.13499	0.0427
651 T	0.78715	0.17157	0.04128
652 A	0.71938	0.23979	0.04082
653 A	0.63491	0.32457	0.04052
654 A	0.47281	0.48697	0.04023
655 T	0.41385	0.54610	0.04005
656 C	0.31321	0.64680	0.03998
657 A	0.22344	0.73722	0.03934
658 G	0.16492	0.79671	0.03836
659 A	0.09825	0.86523	0.03652
660 A	0.08403	0.87976	0.03621
661 G	0.07215	0.89208	0.03577
662 A	0.06190	0.90287	0.03523
663 A	0.04790	0.91704	0.03506
664 C	0.03382	0.93078	0.03539
665 A	0.01885	0.94685	0.0343
666 A	0.01514	0.95067	0.03419
667 A	0.01264	0.95245	0.03491
668 A	0.01219	0.95177	0.03604
669 A	0.01171	0.94822	0.04007
670 G	0.01159	0.93121	0.0572
671 A	0.01183	0.91910	0.06908
672 T	0.01219	0.87462	0.1132
673 A	0.01242	0.83567	0.1519
674 A	0.01360	0.79747	0.18893
675 A	0.01409	0.74060	0.2453
676 A	0.01446	0.63812	0.34742
677 T	0.01494	0.41055	0.57451
678 T	0.01525	0.34630	0.63845
679 G	0.01534	0.27608	0.70859
680 G	0.01560	0.24985	0.73455
681 A	0.01639	0.24410	0.73951
682 A	0.01793	0.22058	0.76149
683 A	0.01836	0.26473	0.71692
684 A	0.01898	0.30703	0.67399
685 A	0.02003	0.33041	0.64955
686 T	0.02088	0.34558	0.63354
687 A	0.02083	0.39303	0.58614
688 A	0.02174	0.42380	0.55446
689 T	0.02230	0.45877	0.51894
690 G	0.02102	0.58674	0.39223
691 A	0.01928	0.91687	0.06385
692 A	0.01816	0.93452	0.04732
693 A	0.01382	0.95203	0.03415
694 A	0.01037	0.96721	0.02242
695 A	0.00953	0.97229	0.01817
696 C	0.01078	0.97502	0.01419
697 A	0.01201	0.97539	0.0126
698 A	0.01368	0.97514	0.01118
699 A	0.01749	0.97143	0.01109
700 T	0.02330	0.96560	0.0111
701 C	0.02645	0.96244	0.01112
702 A	0.03371	0.95510	0.01119
703 C	0.04720	0.94151	0.01129
704 C	0.07043	0.91827	0.01131
705 A	0.10220	0.88651	0.01129
706 C	0.15914	0.82957	0.01129
707 A	0.21125	0.77747	0.01127
708 A	0.24308	0.74566	0.01126
709 A	0.27497	0.71373	0.0113
710 C	0.34264	0.64523	0.01213
711 T	0.39281	0.59467	0.01251
712 A	0.42283	0.56389	0.01329
713 A	0.55615	0.42908	0.01477
714 T	0.87991	0.10343	0.01666
715 G	0.89489	0.08722	0.01789
716 A	0.90542	0.07114	0.02344
717 T	0.91744	0.05488	0.02768
718 C	0.91535	0.05530	0.02936
719 T	0.91404	0.05629	0.02967
720 A	0.89520	0.07500	0.0298
721 T	0.89078	0.07897	0.03025
722 C	0.84477	0.12494	0.0303
723 T	0.81600	0.15450	0.0295
724 T	0.75349	0.21869	0.02782
725 T	0.48104	0.49584	0.02312
726 A	0.22474	0.75626	0.019
727 A	0.16509	0.81795	0.01696
728 A	0.14160	0.84077	0.01764
729 G	0.12366	0.85686	0.01948
730 A	0.11386	0.86775	0.01839
731 A	0.11068	0.87028	0.01903
732 T	0.10724	0.87269	0.02007
733 A	0.06116	0.92011	0.01874
734 T	0.04089	0.94068	0.01843
735 A	0.03104	0.95138	0.01758
736 A	0.02672	0.95527	0.01801
737 A	0.02390	0.95693	0.01917
738 A	0.02242	0.95418	0.0234
739 G	0.02132	0.95135	0.02733
740 A	0.02029	0.95072	0.02899
741 A	0.01913	0.94699	0.03388
742 A	0.01834	0.94072	0.04094
743 A	0.01789	0.91687	0.06524
744 A	0.01803	0.90268	0.07928
745 G	0.01852	0.82200	0.15948
746 A	0.01964	0.75599	0.22437
747 A	0.02243	0.65873	0.31884
748 T	0.02814	0.37174	0.60012
749 C	0.03138	0.19490	0.77372
750 C	0.03298	0.16279	0.80423
751 A	0.03389	0.17973	0.78637
752 A	0.03428	0.20268	0.76303
753 T	0.03713	0.21675	0.74612
754 G	0.03770	0.25181	0.71049
755 A	0.03713	0.31197	0.65089
756 A	0.03685	0.34454	0.61861
757 A	0.03560	0.59201	0.37238
758 T	0.03567	0.69568	0.26865
759 A	0.02696	0.83116	0.14188
760 A	0.02132	0.90132	0.07736
761 A	0.01846	0.93736	0.04418
762 A	0.01681	0.94554	0.03764
763 A	0.01650	0.95298	0.03051
764 A	0.01730	0.95202	0.03068
765 A	0.01908	0.95022	0.0307
766 C	0.02062	0.94844	0.03095
767 A	0.02163	0.94846	0.0299
768 A	0.02194	0.94816	0.0299
769 G	0.02253	0.94746	0.03002
770 A	0.02385	0.94622	0.02993
771 T	0.02779	0.94226	0.02995
772 C	0.03063	0.93900	0.03036
773 A	0.03518	0.93460	0.03023
774 A	0.05691	0.91307	0.03003
775 G	0.08248	0.88775	0.02977
776 A	0.10402	0.86747	0.0285
777 A	0.14755	0.82464	0.02781
778 A	0.22689	0.74401	0.02909
779 A	0.33857	0.62949	0.03193
780 T	0.63588	0.32814	0.03597
781 A	0.72944	0.23173	0.03883
782 T	0.84541	0.10658	0.04801
783 T	0.88358	0.06323	0.05319
784 G	0.89671	0.04727	0.05602
785 A	0.90036	0.04200	0.05764
786 T	0.90690	0.03427	0.05883
787 T	0.90732	0.03304	0.05964
788 T	0.90501	0.03493	0.06006
789 T	0.90259	0.03724	0.06017
790 G	0.89564	0.04449	0.05987
791 T	0.88817	0.05237	0.05945
792 A	0.83456	0.10698	0.05846
793 T	0.81867	0.12316	0.05817
794 A	0.79167	0.15089	0.05744
795 C	0.78364	0.15865	0.05771
796 A	0.77839	0.16423	0.05739
797 A	0.77595	0.16666	0.05738
798 A	0.77428	0.16820	0.05752
799 C	0.77375	0.16854	0.05772
800 A	0.77132	0.17106	0.05762
801 T	0.77175	0.17030	0.05795
802 T	0.76976	0.17223	0.05801
803 T	0.76887	0.17314	0.05799
804 G	0.76800	0.17408	0.05791
805 A	0.76748	0.17340	0.05912
806 T	0.76769	0.16819	0.06412
807 T	0.76743	0.16314	0.06943
808 T	0.76373	0.16307	0.0732
809 C	0.75866	0.16439	0.07695
810 T	0.75352	0.16813	0.07835
811 G	0.74713	0.17248	0.08039
812 A	0.74355	0.17423	0.08223
813 A	0.74157	0.17100	0.08743
814 G	0.74183	0.16309	0.09508
815 T	0.74274	0.10667	0.15058
816 G	0.74279	0.08930	0.1679
817 G	0.74334	0.06543	0.19123
818 T	0.74341	0.06049	0.1961
819 T	0.74350	0.06047	0.19603
820 A	0.74304	0.07376	0.1832
821 A	0.74294	0.07375	0.18331
822 A	0.74283	0.07207	0.18511
823 T	0.74279	0.06850	0.18871
824 A	0.74254	0.06968	0.18778
825 C	0.74239	0.06727	0.19034
826 A	0.74164	0.06939	0.18898
827 A	0.74112	0.07038	0.18849
828 T	0.74093	0.07048	0.18859
829 G	0.73894	0.07336	0.18771
830 G	0.73869	0.07316	0.18814
831 T	0.73927	0.06660	0.19413
832 T	0.73938	0.06097	0.19965
833 T	0.73934	0.05583	0.20484
834 T	0.73925	0.05199	0.20876
835 T	0.73799	0.05070	0.21131
836 C	0.73300	0.05432	0.21268
837 T	0.72816	0.05937	0.21247
838 T	0.72118	0.06647	0.21234
839 G	0.71513	0.07234	0.21253
840 G	0.70904	0.07833	0.21264
841 C	0.70343	0.08387	0.21269
842 G	0.70202	0.08507	0.21292
843 C	0.71373	0.07307	0.2132
844 A	0.71447	0.07289	0.21264
845 A	0.71445	0.07311	0.21244
846 C	0.71463	0.07312	0.21225
847 T	0.71712	0.07169	0.21118
848 T	0.71730	0.07231	0.21039
849 A	0.71883	0.07057	0.2106
850 G	0.72005	0.06879	0.21116
851 T	0.72139	0.06754	0.21107
852 T	0.71944	0.06842	0.21213
853 T	0.71052	0.07965	0.20983
854 T	0.68459	0.11768	0.19773
855 A	0.57700	0.25158	0.17141
856 G	0.55621	0.28867	0.15512
857 A	0.54359	0.32159	0.13482
858 A	0.53616	0.34554	0.11831
859 A	0.53377	0.34911	0.11712
860 T	0.53200	0.34756	0.12043
861 T	0.51044	0.37032	0.11924
862 A	0.45055	0.44324	0.10621
863 A	0.41921	0.48756	0.09323
864 A	0.40940	0.51204	0.07856
865 A	0.40406	0.51877	0.07718
866 A	0.40212	0.52050	0.07738
867 T	0.40188	0.52062	0.07751
868 A	0.40108	0.52226	0.07667
869 C	0.40111	0.52175	0.07714
870 T	0.40186	0.52278	0.07535
871 T	0.40198	0.52374	0.07428
872 T	0.40143	0.52503	0.07354
873 A	0.40024	0.52673	0.07304
874 G	0.40004	0.52593	0.07403
875 A	0.40143	0.51373	0.08484
876 A	0.40562	0.49623	0.09815
877 A	0.42161	0.45205	0.12633
878 C	0.45196	0.31957	0.22846
879 T	0.47116	0.28732	0.24153
880 A	0.48638	0.26535	0.24826
881 T	0.50262	0.24895	0.24842
882 T	0.50553	0.25163	0.24284
883 A	0.50173	0.26034	0.23793
884 A	0.50563	0.23746	0.25691
885 A	0.51706	0.17281	0.31012
886 G	0.52677	0.14316	0.33008
887 A	0.54043	0.18191	0.27765
888 T	0.54139	0.21039	0.24821
889 A	0.49459	0.33685	0.16856
890 T	0.47600	0.38607	0.13793
891 T	0.44927	0.42059	0.13014
892 A	0.40065	0.49747	0.10188
893 T	0.36610	0.53617	0.09773
894 T	0.32849	0.57542	0.0961
895 C	0.27064	0.63473	0.09462
896 A	0.21839	0.68931	0.0923
897 A	0.16986	0.73899	0.09115
898 C	0.13272	0.77649	0.09079
899 A	0.11411	0.79550	0.09039
900 A	0.10748	0.80233	0.09018
901 G	0.10435	0.80528	0.09038
902 A	0.10501	0.80431	0.09067
903 C	0.10784	0.80072	0.09144
904 A	0.11195	0.79557	0.09248
905 G	0.11802	0.78672	0.09526
906 C	0.12364	0.77638	0.09998
907 A	0.12905	0.77056	0.10039
908 A	0.13611	0.76296	0.10093
909 A	0.15409	0.74068	0.10523
910 A	0.21424	0.67615	0.10961
911 A	0.25016	0.62936	0.12049
912 T	0.33001	0.48005	0.18994
913 G	0.35139	0.41890	0.22971
914 G	0.35712	0.37586	0.26702
915 T	0.38159	0.31003	0.30837
916 A	0.37659	0.27408	0.34934
917 T	0.37474	0.24061	0.38466
918 T	0.36223	0.21423	0.42353
919 T	0.34877	0.19948	0.45175
920 T	0.33166	0.18998	0.47836
921 G	0.28026	0.23315	0.48659
922 G	0.24736	0.27492	0.47772
923 A	0.21348	0.35068	0.43584
924 T	0.17620	0.44818	0.37562
925 A	0.16222	0.56213	0.27565
926 A	0.15478	0.64076	0.20446
927 A	0.14757	0.69913	0.1533
928 A	0.14440	0.72176	0.13384
929 T	0.14222	0.73147	0.1263
930 A	0.12629	0.75317	0.12053
931 A	0.11837	0.76372	0.11791
932 A	0.10977	0.77330	0.11693
933 A	0.10390	0.77932	0.11678
934 A	0.10034	0.78243	0.11723
935 A	0.09763	0.78367	0.1187
936 A	0.09811	0.77897	0.12292
937 A	0.10231	0.76892	0.12877
938 T	0.11365	0.74990	0.13645
939 G	0.12211	0.72503	0.15285
940 T	0.13264	0.70059	0.16677
941 T	0.14429	0.66738	0.18833
942 T	0.15229	0.64079	0.20693
943 G	0.15198	0.62353	0.2245
944 G	0.16218	0.57736	0.26046
945 A	0.17658	0.54070	0.28272
946 A	0.21888	0.47071	0.31042
947 C	0.28743	0.36672	0.34584
948 T	0.40365	0.24845	0.3479
949 A	0.46054	0.19840	0.34106
950 T	0.50365	0.16192	0.33444
951 T	0.50554	0.16532	0.32914
952 T	0.48739	0.18796	0.32464
953 T	0.44093	0.23268	0.3264
954 A	0.34679	0.33650	0.31671
955 A	0.31316	0.37981	0.30703
956 A	0.29131	0.41861	0.29008
957 A	0.28119	0.44159	0.27722
958 A	0.26769	0.47517	0.25714
959 T	0.26072	0.48570	0.25358
960 T	0.24151	0.51407	0.24443
961 G	0.20721	0.56508	0.22772
962 A	0.19259	0.58785	0.21956
963 T	0.18970	0.59432	0.21597
964 G	0.18263	0.61046	0.20691
965 A	0.17589	0.63068	0.19343
966 A	0.16789	0.64946	0.18265
967 A	0.16502	0.66734	0.16764
968 A	0.16071	0.67647	0.16282
969 A	0.16226	0.68081	0.15693
970 A	0.16505	0.68082	0.15413
971 A	0.17413	0.67051	0.15536
972 A	0.18779	0.64302	0.16919
973 T	0.20492	0.60820	0.18688
974 T	0.21317	0.57938	0.20745
975 A	0.21010	0.58029	0.2096
976 G	0.21406	0.55451	0.23144
977 A	0.22237	0.50385	0.27378
978 A	0.23380	0.47565	0.29054
979 G	0.25397	0.44010	0.30593
980 A	0.27371	0.42479	0.3015
981 T	0.30341	0.38071	0.31588
982 A	0.30899	0.36802	0.32299
983 A	0.31823	0.34309	0.33868
984 T	0.33409	0.29856	0.36736
985 C	0.33897	0.28094	0.38009
986 A	0.34165	0.29476	0.36359
987 A	0.34866	0.29345	0.35789
988 A	0.36021	0.27881	0.36099
989 C	0.36893	0.26388	0.3672
990 T	0.38097	0.25581	0.36321
991 G	0.37583	0.26110	0.36307
992 C	0.37874	0.26077	0.36049
993 A	0.38001	0.27096	0.34903
994 G	0.38530	0.26884	0.34586
995 A	0.39417	0.26294	0.34289
996 T	0.41187	0.24631	0.34182
997 A	0.42202	0.23800	0.33998
998 T	0.44796	0.20466	0.34738
999 T	0.46064	0.18718	0.35218
1000 T	0.47009	0.17365	0.35626
1001 T	0.47151	0.16957	0.35892
1002 A	0.47284	0.16603	0.36112
1003 T	0.47899	0.15773	0.36327
1004 C	0.47858	0.15710	0.36433
1005 A	0.48017	0.15499	0.36484
1006 C	0.48349	0.15081	0.3657
1007 A	0.48711	0.14720	0.36569
1008 A	0.48910	0.14451	0.36639
1009 T	0.50841	0.12467	0.36692
1010 A	0.51845	0.11251	0.36904
1011 T	0.52560	0.10326	0.37113
1012 G	0.53102	0.08844	0.38054
1013 T	0.54433	0.06598	0.38969
1014 T	0.55010	0.04930	0.4006
1015 T	0.55324	0.04335	0.4034
1016 T	0.55568	0.04037	0.40394
1017 A	0.55387	0.04743	0.3987
1018 T	0.55391	0.04772	0.39836
1019 T	0.55319	0.04891	0.3979
1020 T	0.55213	0.04917	0.39869
1021 T	0.54698	0.05358	0.39945
1022 A	0.54147	0.05763	0.4009
1023 T	0.53748	0.05907	0.40344
1024 C	0.53116	0.06246	0.40638
1025 C	0.52586	0.06709	0.40705
1026 T	0.52399	0.07098	0.40503
1027 A	0.52172	0.07527	0.40302
1028 T	0.51925	0.08008	0.40066
1029 T	0.51448	0.08809	0.39743
1030 T	0.50582	0.10237	0.39181
1031 T	0.48538	0.13734	0.37727
1032 A	0.45131	0.18739	0.3613
1033 G	0.42649	0.22730	0.34622
1034 A	0.41502	0.24798	0.337
1035 A	0.40874	0.25942	0.33184
1036 A	0.40729	0.26594	0.32677
1037 A	0.40808	0.26686	0.32506
1038 A	0.41017	0.26468	0.32516
1039 A	0.41324	0.25990	0.32686
1040 T	0.42041	0.24871	0.33088
1041 T	0.42219	0.24397	0.33384
1042 T	0.42255	0.24083	0.33662
1043 A	0.42164	0.23906	0.3393
1044 T	0.42032	0.23455	0.34513
1045 G	0.41764	0.23281	0.34955
1046 A	0.41550	0.23188	0.35261
1047 A	0.41452	0.22758	0.35789
1048 G	0.41422	0.22261	0.36317
1049 T	0.41588	0.21984	0.36429
1050 A	0.41703	0.21713	0.36585
1051 G	0.41914	0.21068	0.37019
1052 A	0.42284	0.20193	0.37523
1053 A	0.43016	0.18542	0.38442
1054 T	0.44935	0.14411	0.40654
1055 G	0.46605	0.09656	0.43738
1056 T	0.48304	0.05856	0.45841
1057 T	0.48985	0.04338	0.46678
1058 C	0.49272	0.03687	0.47042
1059 T	0.49565	0.03607	0.46828
1060 T	0.49678	0.03645	0.46678
1061 T	0.49711	0.03735	0.46554
1062 A	0.49716	0.03869	0.46415
1063 T	0.49738	0.03924	0.46337
1064 T	0.49577	0.04128	0.46295
1065 T	0.49176	0.04561	0.46263
1066 A	0.47241	0.06570	0.46189
1067 A	0.46071	0.07796	0.46132
1068 T	0.45851	0.08039	0.46109
1069 G	0.45364	0.08920	0.45716
1070 A	0.44966	0.10077	0.44957
1071 A	0.44777	0.10400	0.44822
1072 T	0.44830	0.10384	0.44785
1073 T	0.44106	0.11270	0.44624
1074 A	0.42534	0.13187	0.44279
1075 G	0.42039	0.13879	0.44081
1076 A	0.41615	0.14370	0.44015
1077 T	0.41441	0.14545	0.44014
1078 G	0.41249	0.14730	0.44021
1079 T	0.41364	0.14608	0.44028
1080 C	0.41351	0.14611	0.44038
1081 C	0.41342	0.14645	0.44013
1082 T	0.41504	0.14553	0.43942
1083 T	0.41391	0.14750	0.4386
1084 T	0.40898	0.15384	0.43718
1085 T	0.39527	0.17052	0.43421
1086 A	0.37497	0.19115	0.43388
1087 G	0.36104	0.20307	0.43588
1088 A	0.35202	0.20894	0.43904
1089 A	0.34834	0.19459	0.45706
1090 C	0.34850	0.18386	0.46764
1091 A	0.34582	0.18586	0.46831
1092 A	0.34993	0.17936	0.4707
1093 T	0.35825	0.16753	0.47422
1094 T	0.35920	0.16452	0.47628
1095 A	0.35810	0.16573	0.47617
1096 G	0.35917	0.15654	0.48429
1097 G	0.36102	0.14344	0.49554
1098 A	0.36209	0.14359	0.49432
1099 G	0.36259	0.14027	0.49713
1100 T	0.36308	0.14155	0.49536
1101 T	0.36294	0.15091	0.48616
1102 T	0.36234	0.16461	0.47305
1103 A	0.36006	0.19152	0.44843
1104 T	0.35872	0.19498	0.44629
1105 A	0.35515	0.20423	0.44061
1106 A	0.35348	0.20781	0.43871
1107 A	0.35149	0.20600	0.4425
1108 C	0.35275	0.19109	0.45616
1109 A	0.35212	0.19002	0.45786
1110 A	0.35275	0.18155	0.4657
1111 G	0.35483	0.17505	0.47011
1112 T	0.35663	0.17457	0.4688
1113 T	0.35259	0.18781	0.4596
1114 C	0.34504	0.19571	0.45925
1115 A	0.33917	0.21731	0.44352
1116 A	0.31752	0.25685	0.42563
1117 G	0.30052	0.29378	0.4057
1118 A	0.29039	0.33375	0.37586
1119 A	0.28533	0.35315	0.36151
1120 A	0.28769	0.35211	0.3602
1121 T	0.29491	0.34481	0.36029
1122 A	0.29434	0.34574	0.35993
1123 G	0.29772	0.34188	0.3604
1124 C	0.30538	0.33426	0.36036
1125 A	0.31212	0.32758	0.3603
1126 A	0.32697	0.31148	0.36155
1127 A	0.33002	0.30711	0.36286
1128 A	0.33425	0.30000	0.36575
1129 C	0.33544	0.29685	0.36771
1130 C	0.33099	0.29862	0.37039
1131 A	0.32233	0.30744	0.37023
1132 A	0.32908	0.30073	0.37019
1133 C	0.33200	0.29721	0.3708
1134 G	0.33448	0.29529	0.37023
1135 A	0.34513	0.28476	0.37011
1136 T	0.36491	0.25909	0.37601
1137 T	0.37200	0.24486	0.38314
1138 A	0.37205	0.23973	0.38822
1139 A	0.38238	0.20552	0.4121
1140 G	0.39880	0.16772	0.43348
1141 T	0.42638	0.12675	0.44687
1142 C	0.43733	0.10688	0.45579
1143 T	0.44076	0.10205	0.45719
1144 T	0.44037	0.10326	0.45637
1145 T	0.43755	0.10906	0.45338
1146 T	0.43174	0.11778	0.45048
1147 A	0.41262	0.14094	0.44644
1148 A	0.40311	0.15101	0.44589
1149 T	0.39701	0.15723	0.44576
1150 A	0.38549	0.16623	0.44828
1151 A	0.37608	0.17173	0.45218
1152 A	0.36866	0.17081	0.46052
1153 A	0.36390	0.16778	0.46833
1154 C	0.36315	0.15683	0.48002
1155 T	0.36305	0.15493	0.48201
1156 T	0.36121	0.15686	0.48194
1157 T	0.35932	0.15801	0.48267
1158 A	0.35608	0.16339	0.48052
1159 T	0.35413	0.16670	0.47916
1160 A	0.35068	0.16653	0.48279
1161 T	0.34911	0.15704	0.49384
1162 T	0.34613	0.15843	0.49544
1163 T	0.34111	0.16463	0.49426
1164 G	0.33271	0.17719	0.4901
1165 G	0.32379	0.19977	0.47644
1166 A	0.31975	0.22745	0.45279
1167 A	0.31958	0.23651	0.44391
1168 T	0.32342	0.23570	0.44088
1169 A	0.32263	0.24274	0.43462
1170 T	0.32618	0.23221	0.44161
1171 A	0.32557	0.24103	0.43339
1172 A	0.32686	0.24206	0.43108
1173 A	0.32685	0.24589	0.42726
1174 A	0.32768	0.24257	0.42975
1175 A	0.32810	0.23730	0.4346
1176 T	0.33076	0.22951	0.43972
1177 A	0.33078	0.22800	0.44123
1178 T	0.33290	0.22380	0.4433
1179 T	0.33273	0.22278	0.44449
1180 G	0.33166	0.22296	0.44538
1181 A	0.33304	0.21973	0.44723
1182 T	0.33518	0.21599	0.44883
1183 G	0.33584	0.21677	0.44739
1184 A	0.33721	0.22551	0.43728
1185 T	0.34290	0.22663	0.43047
1186 A	0.34544	0.22784	0.42673
1187 A	0.34839	0.22289	0.42872
1188 A	0.36326	0.20012	0.43661
1189 T	0.39009	0.16845	0.44146
1190 T	0.40141	0.15454	0.44404
1191 A	0.40670	0.14780	0.4455
1192 C	0.41570	0.13515	0.44915
1193 A	0.42424	0.12778	0.44798
1194 T	0.43955	0.11176	0.44868
1195 A	0.44547	0.10956	0.44497
1196 T	0.45798	0.09973	0.44229
1197 T	0.46206	0.10110	0.43684
1198 T	0.46277	0.09988	0.43735
1199 T	0.46188	0.10008	0.43805
1200 T	0.46047	0.10005	0.43947
1201 A	0.45797	0.10191	0.44012
1202 C	0.45680	0.10145	0.44175
1203 T	0.45658	0.10099	0.44242
1204 C	0.45300	0.10467	0.44233
1205 A	0.45137	0.10904	0.43958
1206 A	0.45602	0.10832	0.43566
1207 A	0.46664	0.10094	0.43242
1208 T	0.47631	0.09380	0.42989
1209 T	0.48159	0.09180	0.42662
1210 T	0.48405	0.09123	0.42472
1211 A	0.48372	0.09454	0.42174
1212 T	0.48375	0.09777	0.41848
1213 A	0.48295	0.10696	0.4101
1214 A	0.48338	0.10789	0.40872
1215 T	0.48501	0.10450	0.41049
1216 A	0.48687	0.10267	0.41046
1217 A	0.48887	0.10027	0.41086
1218 A	0.49369	0.09379	0.41252
1219 C	0.49778	0.08735	0.41486
1220 T	0.50305	0.08162	0.41532
1221 T	0.50400	0.08095	0.41506
1222 T	0.50435	0.08225	0.4134
1223 T	0.50325	0.08888	0.40786
1224 A	0.49888	0.10289	0.39823
1225 A	0.49690	0.11009	0.39301
1226 A	0.49349	0.11407	0.39245
1227 A	0.49174	0.11247	0.3958
1228 G	0.49379	0.10700	0.39921
1229 A	0.49754	0.10248	0.39999
1230 A	0.50096	0.09862	0.40041
1231 A	0.50486	0.09480	0.40035
1232 C	0.51015	0.08876	0.40108
1233 T	0.51517	0.08400	0.40083
1234 G	0.51444	0.08461	0.40094
1235 A	0.51625	0.08283	0.40092
1236 T	0.52276	0.07555	0.40169
1237 C	0.52297	0.07500	0.40204
1238 C	0.52236	0.07552	0.40211
1239 T	0.52235	0.07573	0.40193
1240 C	0.52130	0.07711	0.4016
1241 A	0.52079	0.07952	0.39968
1242 A	0.52129	0.07962	0.39909
1243 C	0.52285	0.07809	0.39906
1244 T	0.52593	0.07512	0.39894
1245 A	0.52821	0.07295	0.39884
1246 A	0.53378	0.06608	0.40013
1247 C	0.54286	0.05338	0.40375
1248 T	0.54929	0.04612	0.40459
1249 T	0.55085	0.04164	0.40751
1250 C	0.55073	0.04024	0.40904
1251 A	0.55026	0.04092	0.40882
1252 G	0.55039	0.04090	0.40871
1253 A	0.55104	0.03995	0.409
1254 A	0.55194	0.03858	0.40948
1255 A	0.55344	0.03686	0.4097
1256 A	0.55440	0.03314	0.41246
1257 T	0.55454	0.02670	0.41875
1258 G	0.55406	0.02385	0.42209
1259 G	0.55371	0.02198	0.42432
1260 C	0.55382	0.01949	0.42669
1261 A	0.55413	0.01895	0.42691
1262 T	0.55451	0.01803	0.42746
1263 G	0.55464	0.01799	0.42736
1264 T	0.55611	0.01645	0.42745
1265 G	0.55604	0.01735	0.42661
1266 G	0.55577	0.02007	0.42416
1267 T	0.55559	0.02040	0.42401
1268 A	0.55511	0.02103	0.42385
1269 T	0.55461	0.02095	0.42444
1270 A	0.55342	0.02156	0.42502
1271 C	0.55309	0.02089	0.42601
1272 T	0.55268	0.02074	0.42658
1273 C	0.55200	0.02067	0.42733
1274 C	0.55084	0.02165	0.42752
1275 T	0.55028	0.02228	0.42744
1276 G	0.54875	0.02401	0.42723
1277 G	0.54750	0.02555	0.42695
1278 A	0.54692	0.02688	0.4262
1279 T	0.54646	0.02787	0.42567
1280 G	0.54571	0.02883	0.42546
1281 G	0.54559	0.02893	0.42549
1282 G	0.54560	0.02924	0.42516
1283 T	0.54589	0.02946	0.42466
1284 A	0.54629	0.02963	0.42408
1285 G	0.54690	0.02929	0.42381
1286 T	0.54825	0.02821	0.42354
1287 A	0.54859	0.02843	0.42299
1288 G	0.54957	0.02730	0.42313
1289 A	0.55214	0.02462	0.42323
1290 A	0.55278	0.02373	0.42349
1291 A	0.55347	0.02252	0.42402
1292 T	0.55369	0.02161	0.4247
1293 T	0.55361	0.02055	0.42584
1294 T	0.55339	0.02041	0.42621
1295 T	0.55225	0.02141	0.42633
1296 A	0.54978	0.02377	0.42645
1297 T	0.54830	0.02417	0.42754
1298 G	0.54559	0.02689	0.42753
1299 G	0.54470	0.02686	0.42844
1300 G	0.54475	0.02670	0.42854
1301 A	0.54557	0.02579	0.42864
1302 T	0.54688	0.02433	0.42878
1303 C	0.54806	0.02321	0.42872
1304 T	0.54922	0.02462	0.42616
1305 T	0.54980	0.02441	0.42578
1306 T	0.55012	0.02448	0.4254
1307 T	0.55006	0.02515	0.4248
1308 A	0.54913	0.02705	0.42382
1309 C	0.54816	0.02857	0.42328
1310 T	0.54756	0.03065	0.42179
1311 T	0.54674	0.03403	0.41923
1312 A	0.54566	0.03857	0.41576
1313 A	0.54536	0.04027	0.41438
1314 A	0.54533	0.04134	0.41332
1315 T	0.54550	0.04177	0.41274
1316 T	0.54532	0.04347	0.41121
1317 A	0.54344	0.04559	0.41096
1318 G	0.54241	0.04523	0.41236
1319 A	0.54159	0.04417	0.41424
1320 A	0.54139	0.04318	0.41543
1321 C	0.54217	0.04017	0.41766
1322 C	0.54256	0.03955	0.41789
1323 T	0.54359	0.03990	0.41651
1324 A	0.54380	0.04316	0.41304
1325 A	0.54385	0.04718	0.40898
1326 A	0.54344	0.05128	0.40529
1327 T	0.54485	0.05577	0.39937
1328 T	0.54016	0.06537	0.39447
