# lcl|CP097583.1_cds_USQ93503.1_1
# AA	inside	membr	outside
1 A	0.60909	0.00000	0.39091
2 T	0.60880	0.00029	0.39091
3 G	0.60865	0.00043	0.39091
4 A	0.60865	0.01399	0.37736
5 A	0.60803	0.03126	0.36071
6 T	0.60803	0.03414	0.35783
7 T	0.60634	0.03879	0.35487
8 T	0.60634	0.03884	0.35482
9 A	0.60549	0.04122	0.35329
10 T	0.60549	0.05724	0.33727
11 T	0.60520	0.05927	0.33553
12 T	0.59709	0.06801	0.3349
13 A	0.58146	0.08900	0.32954
14 C	0.58146	0.08901	0.32954
15 A	0.58146	0.12495	0.2936
16 A	0.58121	0.12520	0.2936
17 A	0.58102	0.12552	0.29346
18 A	0.58101	0.12582	0.29317
19 A	0.58078	0.12626	0.29296
20 T	0.58052	0.12996	0.28952
21 T	0.57683	0.13366	0.28951
22 T	0.57675	0.13593	0.28731
23 A	0.57637	0.13662	0.28701
24 T	0.57632	0.13698	0.28669
25 A	0.56989	0.14343	0.28667
26 A	0.56682	0.14644	0.28674
27 C	0.57628	0.13651	0.28721
28 A	0.58993	0.12249	0.28758
29 G	0.59242	0.11986	0.28772
30 T	0.59842	0.11278	0.28881
31 A	0.59711	0.11332	0.28957
32 C	0.59820	0.11002	0.29178
33 G	0.61219	0.09220	0.29562
34 T	0.61678	0.08612	0.2971
35 C	0.62168	0.07459	0.30373
36 T	0.62816	0.06230	0.30955
37 T	0.62963	0.06108	0.30929
38 C	0.64800	0.04247	0.30954
39 T	0.64772	0.04299	0.30928
40 G	0.64726	0.04359	0.30915
41 A	0.64747	0.04331	0.30921
42 C	0.64748	0.04305	0.30948
43 A	0.65025	0.04035	0.3094
44 A	0.65030	0.03772	0.31198
45 T	0.65316	0.03468	0.31216
46 A	0.65358	0.03438	0.31204
47 T	0.65456	0.03372	0.31172
48 T	0.65477	0.02620	0.31903
49 G	0.65449	0.02414	0.32137
50 T	0.65445	0.02474	0.3208
51 A	0.65420	0.02595	0.31984
52 A	0.65403	0.02713	0.31884
53 A	0.65407	0.02778	0.31815
54 A	0.65413	0.02720	0.31868
55 T	0.65415	0.02592	0.31993
56 T	0.65406	0.02538	0.32055
57 G	0.65367	0.02594	0.32039
58 G	0.65308	0.02637	0.32055
59 C	0.65322	0.02588	0.32091
60 T	0.65342	0.02629	0.3203
61 T	0.65340	0.02732	0.31928
62 T	0.65343	0.03105	0.31552
63 T	0.65281	0.03733	0.30986
64 A	0.65155	0.04073	0.30772
65 A	0.65085	0.04178	0.30737
66 A	0.65050	0.04220	0.3073
67 G	0.65098	0.04149	0.30752
68 C	0.65180	0.04046	0.30774
69 A	0.65266	0.03957	0.30776
70 T	0.65436	0.03777	0.30788
71 T	0.65500	0.03697	0.30804
72 C	0.65555	0.03616	0.30828
73 G	0.65670	0.03498	0.30832
74 A	0.65817	0.03332	0.30851
75 C	0.65971	0.03157	0.30871
76 A	0.66114	0.03022	0.30865
77 T	0.66291	0.02844	0.30865
78 A	0.66312	0.02815	0.30873
79 G	0.66349	0.02748	0.30903
80 T	0.66478	0.02580	0.30943
81 T	0.66481	0.02482	0.31037
82 T	0.66465	0.02446	0.31089
83 C	0.66478	0.02372	0.3115
84 G	0.66520	0.02310	0.3117
85 G	0.66814	0.01994	0.31191
86 A	0.67311	0.01483	0.31205
87 T	0.67566	0.01163	0.31271
88 T	0.67643	0.01065	0.31292
89 T	0.67655	0.01029	0.31315
90 A	0.67642	0.01008	0.3135
91 T	0.67632	0.00940	0.31427
92 T	0.67613	0.00862	0.31524
93 T	0.67557	0.00873	0.3157
94 C	0.67453	0.00942	0.31604
95 C	0.66906	0.01473	0.31621
96 T	0.65782	0.02608	0.31609
97 G	0.64780	0.03629	0.31591
98 C	0.64230	0.04195	0.31576
99 T	0.63968	0.04522	0.3151
100 A	0.63679	0.04920	0.31401
101 A	0.63552	0.05087	0.31361
102 A	0.63280	0.05383	0.31338
103 T	0.63029	0.05669	0.31302
104 T	0.62524	0.06138	0.31338
105 T	0.61156	0.07648	0.31196
106 G	0.59909	0.09393	0.30698
107 G	0.59136	0.10497	0.30367
108 A	0.58651	0.11023	0.30325
109 G	0.58438	0.11242	0.3032
110 T	0.58297	0.11415	0.30288
111 A	0.57225	0.12545	0.30231
112 C	0.55738	0.14085	0.30177
113 A	0.54066	0.16135	0.29799
114 A	0.53608	0.16755	0.29637
115 A	0.53386	0.16958	0.29656
116 T	0.53312	0.16967	0.29721
117 A	0.52957	0.17241	0.29802
118 A	0.52767	0.16642	0.30591
119 C	0.52718	0.15262	0.3202
120 T	0.52668	0.14516	0.32815
121 G	0.52614	0.14300	0.33086
122 G	0.52627	0.14425	0.32948
123 T	0.52637	0.14809	0.32554
124 A	0.52500	0.15014	0.32486
125 A	0.52434	0.14715	0.32851
126 A	0.52324	0.14244	0.33432
127 G	0.52427	0.13363	0.34209
128 C	0.52667	0.11717	0.35615
129 T	0.53218	0.10463	0.36319
130 T	0.53470	0.09795	0.36736
131 T	0.53468	0.09940	0.36592
132 A	0.53427	0.10860	0.35713
133 A	0.53407	0.11781	0.34813
134 A	0.53432	0.11457	0.3511
135 A	0.53445	0.10348	0.36207
136 T	0.53781	0.08344	0.37874
137 T	0.53505	0.08748	0.37748
138 T	0.52203	0.10857	0.3694
139 A	0.50125	0.13062	0.36814
140 C	0.49069	0.13962	0.36968
141 A	0.48218	0.15223	0.36559
142 A	0.47901	0.15936	0.36163
143 C	0.47753	0.16664	0.35583
144 A	0.47680	0.19511	0.32809
145 A	0.47831	0.21868	0.30301
146 A	0.48210	0.21855	0.29935
147 A	0.47951	0.22316	0.29733
148 T	0.47989	0.22267	0.29744
149 T	0.47910	0.22217	0.29873
150 C	0.47746	0.22315	0.29939
151 G	0.47630	0.22488	0.29882
152 C	0.47677	0.22486	0.29836
153 A	0.47665	0.22650	0.29686
154 C	0.47966	0.22391	0.29642
155 A	0.48548	0.21976	0.29476
156 A	0.49204	0.21415	0.29381
157 G	0.49767	0.20892	0.29341
158 G	0.50317	0.20302	0.29381
159 A	0.50512	0.20082	0.29406
160 A	0.51013	0.18738	0.30249
161 T	0.51949	0.16234	0.31817
162 G	0.52161	0.14061	0.33778
163 T	0.52495	0.12950	0.34554
164 C	0.53024	0.11845	0.35132
165 A	0.53531	0.11433	0.35036
166 A	0.54237	0.10646	0.35117
167 A	0.56865	0.07930	0.35205
168 A	0.59085	0.05619	0.35296
169 A	0.59705	0.04872	0.35423
170 C	0.60246	0.03582	0.36172
171 T	0.60520	0.03138	0.36343
172 C	0.60740	0.02748	0.36512
173 T	0.61001	0.02382	0.36617
174 T	0.61178	0.02095	0.36727
175 T	0.61275	0.01990	0.36736
176 T	0.61343	0.01826	0.36832
177 C	0.61350	0.01784	0.36867
178 G	0.61429	0.01627	0.36944
179 T	0.61498	0.01704	0.36797
180 T	0.61472	0.01731	0.36797
181 T	0.60664	0.02548	0.36789
182 T	0.60075	0.03153	0.36773
183 T	0.57324	0.05897	0.3678
184 C	0.50545	0.12723	0.36732
185 A	0.45881	0.17490	0.3663
186 T	0.39072	0.24419	0.36508
187 G	0.34221	0.29550	0.36229
188 A	0.31040	0.33442	0.35518
189 A	0.28191	0.36394	0.35415
190 G	0.27083	0.37488	0.3543
191 G	0.26537	0.38044	0.35418
192 T	0.25857	0.38725	0.35418
193 C	0.24045	0.40549	0.35407
194 A	0.22892	0.41704	0.35403
195 T	0.22291	0.42305	0.35404
196 C	0.20939	0.43661	0.354
197 A	0.20239	0.44369	0.35391
198 C	0.19980	0.44631	0.3539
199 A	0.19864	0.44751	0.35385
200 T	0.19870	0.44732	0.35398
201 A	0.19861	0.44732	0.35406
202 T	0.20106	0.44365	0.35529
203 T	0.20127	0.44187	0.35687
204 T	0.20092	0.42629	0.3728
205 A	0.19961	0.41783	0.38256
206 A	0.19885	0.38451	0.41664
207 T	0.19837	0.31194	0.48969
208 A	0.19629	0.26847	0.53524
209 C	0.19587	0.18908	0.61504
210 A	0.19615	0.16780	0.63605
211 A	0.20218	0.13875	0.65908
212 T	0.20292	0.11898	0.6781
213 T	0.20164	0.11614	0.68221
214 A	0.19800	0.12216	0.67984
215 A	0.19561	0.12259	0.68179
216 T	0.18982	0.12084	0.68935
217 G	0.17538	0.14152	0.6831
218 A	0.16184	0.19628	0.64188
219 T	0.15703	0.22324	0.61973
220 A	0.14588	0.30783	0.54629
221 T	0.13237	0.41884	0.44878
222 G	0.10716	0.49997	0.39287
223 A	0.08583	0.62021	0.29397
224 T	0.08367	0.63887	0.27747
225 A	0.07995	0.65930	0.26075
226 A	0.07703	0.67332	0.24965
227 A	0.07653	0.67539	0.24807
228 A	0.07617	0.67572	0.24811
229 A	0.07624	0.67452	0.24924
230 A	0.07648	0.67299	0.25053
231 A	0.07689	0.67010	0.253
232 A	0.07748	0.66810	0.25442
233 C	0.07965	0.66335	0.257
234 A	0.08153	0.66086	0.25761
235 A	0.08414	0.65768	0.25817
236 A	0.08911	0.65150	0.25939
237 A	0.09649	0.64136	0.26215
238 G	0.10641	0.62904	0.26455
239 A	0.12416	0.60333	0.27251
240 A	0.15042	0.55981	0.28977
241 C	0.20603	0.48628	0.30769
242 A	0.25132	0.43524	0.31344
243 A	0.34355	0.33145	0.325
244 T	0.45936	0.19959	0.34106
245 A	0.51594	0.11899	0.36506
246 A	0.61142	0.00000	0.38858
