# lcl|CP097583.1_cds_USQ93151.1_1
# AA	inside	membr	outside
1 T	0.42703	0.00000	0.57298
2 T	0.42646	0.00057	0.57298
3 G	0.42625	0.00078	0.57298
4 G	0.42625	0.01825	0.5555
5 C	0.42443	0.03814	0.53743
6 T	0.42443	0.04870	0.52687
7 A	0.39365	0.08844	0.51791
8 A	0.39365	0.08859	0.51777
9 T	0.37559	0.10790	0.51652
10 G	0.37549	0.26376	0.36076
11 A	0.36864	0.27830	0.35307
12 A	0.29430	0.35558	0.35013
13 G	0.19914	0.46754	0.33332
14 A	0.19913	0.46756	0.33332
15 A	0.19913	0.49010	0.31078
16 A	0.19758	0.49165	0.31078
17 A	0.19511	0.49417	0.31072
18 A	0.19509	0.49427	0.31064
19 C	0.19484	0.49457	0.3106
20 A	0.19409	0.49677	0.30914
21 C	0.19376	0.49708	0.30917
22 T	0.19505	0.49579	0.30916
23 A	0.19642	0.49441	0.30918
24 T	0.20112	0.48967	0.30921
25 C	0.20348	0.48547	0.31105
26 C	0.20496	0.48365	0.31139
27 T	0.21786	0.46955	0.31258
28 A	0.23179	0.45468	0.31353
29 A	0.24194	0.44388	0.31418
30 T	0.26921	0.39765	0.33315
31 T	0.27529	0.38787	0.33684
32 A	0.27943	0.35138	0.36918
33 T	0.39623	0.21699	0.38678
34 G	0.39714	0.20835	0.39452
35 A	0.40016	0.15782	0.44203
36 T	0.41411	0.07608	0.50981
37 A	0.41333	0.07588	0.5108
38 A	0.43095	0.05789	0.51116
39 A	0.43085	0.05512	0.51403
40 C	0.43179	0.05063	0.51758
41 C	0.43098	0.05308	0.51593
42 T	0.43124	0.05575	0.51301
43 C	0.42349	0.06917	0.50734
44 A	0.38962	0.13763	0.47275
45 T	0.38104	0.17701	0.44194
46 G	0.37765	0.19204	0.43031
47 A	0.37544	0.20188	0.42268
48 G	0.37383	0.20695	0.41922
49 T	0.37231	0.21701	0.41068
50 T	0.36265	0.23665	0.4007
51 A	0.35447	0.24559	0.39993
52 A	0.34695	0.25305	0.4
53 G	0.34143	0.25750	0.40107
54 T	0.34052	0.25669	0.40279
55 G	0.33802	0.25736	0.40462
56 G	0.33763	0.25605	0.40633
57 C	0.34025	0.25006	0.4097
58 A	0.34641	0.24367	0.40992
59 G	0.34832	0.24105	0.41063
60 C	0.34964	0.23891	0.41146
61 A	0.35120	0.23762	0.41118
62 A	0.35259	0.23561	0.4118
63 A	0.35549	0.23102	0.41349
64 T	0.36573	0.21802	0.41625
65 A	0.37308	0.20897	0.41796
66 T	0.38781	0.18008	0.43211
67 C	0.41698	0.11672	0.46629
68 T	0.44672	0.07947	0.47381
69 T	0.45597	0.06814	0.47589
70 T	0.46135	0.06231	0.47634
71 A	0.46221	0.06216	0.47563
72 T	0.46817	0.05513	0.4767
73 T	0.47318	0.03828	0.48854
74 T	0.47163	0.03414	0.49422
75 T	0.46925	0.04031	0.49043
76 T	0.46058	0.07096	0.46846
77 T	0.45032	0.09013	0.45955
78 A	0.43497	0.11262	0.45241
79 G	0.42716	0.11983	0.45301
80 G	0.42512	0.12220	0.45269
81 T	0.42498	0.12284	0.45218
82 T	0.42435	0.12372	0.45193
83 C	0.42357	0.12496	0.45147
84 T	0.42298	0.12816	0.44886
85 T	0.42203	0.13385	0.44412
86 T	0.42020	0.14641	0.43338
87 A	0.41648	0.17166	0.41186
88 A	0.41065	0.18935	0.4
89 A	0.40870	0.19627	0.39504
90 T	0.40600	0.20257	0.39143
91 A	0.40194	0.20992	0.38815
92 A	0.39896	0.21588	0.38516
93 A	0.39767	0.22008	0.38224
94 A	0.39857	0.22049	0.38094
95 A	0.39873	0.22057	0.38071
96 A	0.40048	0.21798	0.38154
97 G	0.40478	0.20840	0.38682
98 A	0.41834	0.19095	0.39071
99 T	0.44384	0.15672	0.39945
100 T	0.45219	0.14019	0.40762
101 T	0.45651	0.12467	0.41883
102 T	0.45554	0.12027	0.42419
103 T	0.45082	0.12334	0.42584
104 A	0.43090	0.14298	0.42613
105 C	0.41304	0.15992	0.42703
106 A	0.40070	0.17378	0.42552
107 C	0.39872	0.17533	0.42595
108 A	0.40099	0.17321	0.4258
109 G	0.41067	0.16208	0.42725
110 T	0.43132	0.13930	0.42938
111 T	0.44141	0.12269	0.4359
112 C	0.44427	0.11776	0.43796
113 C	0.44625	0.11234	0.44141
114 A	0.44438	0.11193	0.44369
115 G	0.44351	0.11051	0.44598
116 T	0.44491	0.10790	0.44718
117 G	0.44286	0.10973	0.44741
118 G	0.44159	0.11045	0.44796
119 T	0.43973	0.11118	0.44909
120 T	0.43514	0.11637	0.4485
121 T	0.42397	0.12855	0.44748
122 T	0.40420	0.15065	0.44515
123 A	0.38353	0.17626	0.44021
124 A	0.36989	0.19495	0.43517
125 A	0.34956	0.22292	0.42753
126 A	0.33837	0.22936	0.43227
127 G	0.33038	0.21709	0.45254
128 A	0.32082	0.21008	0.4691
129 T	0.31785	0.19961	0.48254
130 C	0.31413	0.19866	0.48722
131 C	0.31284	0.20026	0.4869
132 T	0.31111	0.20873	0.48016
133 T	0.30798	0.21626	0.47576
134 T	0.30234	0.22556	0.4721
135 T	0.28569	0.24925	0.46506
136 G	0.27395	0.27359	0.45246
137 A	0.26641	0.28881	0.44478
138 A	0.25993	0.29358	0.44649
139 A	0.25540	0.29837	0.44622
140 A	0.25081	0.30024	0.44896
141 A	0.24070	0.30692	0.45238
142 C	0.22968	0.30719	0.46314
143 A	0.21611	0.33423	0.44967
144 A	0.21355	0.33915	0.44731
145 G	0.21200	0.34578	0.44223
146 A	0.21298	0.37330	0.41372
147 A	0.21573	0.39598	0.38829
148 G	0.22343	0.38033	0.39624
149 A	0.22269	0.38386	0.39346
150 A	0.22228	0.38297	0.39475
151 T	0.22282	0.37660	0.40058
152 G	0.22092	0.38030	0.39878
153 G	0.21978	0.38617	0.39405
154 A	0.22244	0.38410	0.39346
155 T	0.23355	0.37041	0.39604
156 T	0.23805	0.36249	0.39946
157 A	0.23859	0.36423	0.39718
158 C	0.24142	0.34622	0.41236
159 T	0.24626	0.34914	0.4046
160 A	0.23760	0.37791	0.38449
161 A	0.22864	0.40544	0.36592
162 A	0.22560	0.41015	0.36425
163 A	0.22676	0.40815	0.36508
164 A	0.22860	0.39539	0.37601
165 A	0.23306	0.37797	0.38897
166 C	0.25566	0.33940	0.40493
167 A	0.27075	0.32502	0.40423
168 A	0.29335	0.30262	0.40403
169 A	0.34067	0.25707	0.40226
170 T	0.38503	0.21527	0.39969
171 T	0.39825	0.20680	0.39495
172 T	0.39767	0.22431	0.37802
173 T	0.38723	0.23776	0.37502
174 A	0.34586	0.28595	0.3682
175 A	0.31858	0.31561	0.3658
176 A	0.30910	0.32363	0.36727
177 C	0.29074	0.33983	0.36943
178 A	0.26295	0.37461	0.36244
179 A	0.24849	0.39533	0.35619
180 T	0.23657	0.41656	0.34687
181 G	0.17613	0.47984	0.34402
182 A	0.15039	0.50669	0.34292
183 A	0.15218	0.49405	0.35378
184 A	0.15875	0.47776	0.36348
185 C	0.15766	0.47142	0.37092
186 T	0.15609	0.47440	0.36951
187 G	0.14747	0.48607	0.36646
188 A	0.14040	0.49680	0.3628
189 T	0.13677	0.50301	0.36023
190 A	0.12881	0.51266	0.35853
191 A	0.12949	0.51145	0.35905
192 A	0.13313	0.50750	0.35937
193 A	0.13855	0.50070	0.36075
194 A	0.14532	0.48879	0.36589
195 T	0.16616	0.45308	0.38075
196 A	0.16861	0.43727	0.39412
197 T	0.17511	0.39384	0.43106
198 T	0.17637	0.37026	0.45337
199 A	0.16947	0.36679	0.46375
200 A	0.16714	0.34639	0.48648
201 A	0.17122	0.30989	0.51889
202 A	0.17687	0.28148	0.54165
203 A	0.18798	0.24221	0.56982
204 T	0.19452	0.17424	0.63124
205 T	0.19728	0.13624	0.66648
206 A	0.19823	0.12336	0.6784
207 T	0.20002	0.11226	0.68771
208 G	0.19944	0.11009	0.69048
209 T	0.20165	0.10557	0.69278
210 T	0.20379	0.10192	0.69429
211 G	0.20496	0.11731	0.67773
212 T	0.20614	0.12835	0.66551
213 T	0.20441	0.16171	0.63388
214 A	0.19464	0.23960	0.56575
215 A	0.18750	0.29743	0.51507
216 A	0.18696	0.32381	0.48923
217 A	0.18653	0.35005	0.46341
218 A	0.18740	0.36460	0.448
219 T	0.19019	0.36537	0.44445
220 T	0.19081	0.36769	0.4415
221 A	0.18992	0.36717	0.44291
222 T	0.19011	0.36093	0.44897
223 G	0.18691	0.36192	0.45117
224 G	0.18562	0.36184	0.45254
225 C	0.18483	0.36260	0.45257
226 G	0.18380	0.36778	0.44842
227 A	0.18321	0.37919	0.4376
228 A	0.18381	0.38187	0.43431
229 G	0.18726	0.38110	0.43164
230 A	0.19096	0.37939	0.42965
231 T	0.20060	0.36896	0.43044
232 G	0.20547	0.36318	0.43135
233 G	0.21715	0.35031	0.43255
234 T	0.24511	0.32077	0.43412
235 G	0.26020	0.30526	0.43454
236 A	0.29415	0.27106	0.43479
237 A	0.36292	0.19627	0.44081
238 T	0.41769	0.13631	0.446
239 A	0.43920	0.11458	0.44623
240 T	0.46606	0.08772	0.44623
241 A	0.47883	0.07945	0.44173
242 T	0.48542	0.07332	0.44126
243 T	0.48780	0.07188	0.44032
244 T	0.48783	0.07373	0.43844
245 A	0.48643	0.07668	0.4369
246 T	0.48617	0.07677	0.43706
247 A	0.48537	0.08121	0.43342
248 A	0.48559	0.08111	0.43331
249 A	0.48783	0.07864	0.43354
250 T	0.49891	0.06689	0.43421
251 G	0.50123	0.06446	0.43431
252 T	0.50276	0.06264	0.43461
253 A	0.49849	0.06692	0.43458
254 T	0.49604	0.06922	0.43473
255 T	0.48950	0.07572	0.43479
256 C	0.46137	0.10494	0.4337
257 A	0.44458	0.12423	0.43118
258 T	0.43771	0.13305	0.42923
259 A	0.42233	0.15139	0.42628
260 A	0.41158	0.16536	0.42305
261 T	0.40525	0.17446	0.42029
262 G	0.39275	0.18685	0.42041
263 G	0.39034	0.18934	0.42032
264 T	0.39360	0.18622	0.42017
265 A	0.39078	0.18874	0.42048
266 C	0.39201	0.18647	0.42152
267 T	0.39524	0.18288	0.42188
268 A	0.39587	0.18157	0.42256
269 C	0.39725	0.17933	0.42342
270 T	0.40066	0.17576	0.42358
271 A	0.40042	0.17599	0.42359
272 T	0.40077	0.17387	0.42536
273 T	0.39964	0.17439	0.42597
274 A	0.39593	0.17794	0.42613
275 A	0.39460	0.17588	0.42952
276 A	0.39388	0.16831	0.43781
277 G	0.39378	0.15946	0.44676
278 A	0.39419	0.14890	0.45691
279 T	0.39610	0.11811	0.48579
280 G	0.39818	0.10122	0.50059
281 A	0.40006	0.09358	0.50636
282 A	0.40209	0.07961	0.5183
283 A	0.40477	0.06735	0.52788
284 T	0.40762	0.05577	0.53661
285 G	0.40780	0.04639	0.54581
286 G	0.40814	0.04886	0.543
287 A	0.40874	0.05915	0.53211
288 T	0.40921	0.07581	0.51498
289 T	0.40858	0.09019	0.50123
290 T	0.40720	0.10063	0.49217
291 A	0.40358	0.11432	0.4821
292 T	0.39930	0.12433	0.47637
293 T	0.39816	0.12866	0.47319
294 G	0.39659	0.13128	0.47213
295 G	0.39587	0.13133	0.47279
296 A	0.39605	0.12993	0.47402
297 T	0.39650	0.12664	0.47686
298 T	0.39684	0.12514	0.47802
299 C	0.39700	0.12423	0.47876
300 T	0.39713	0.12391	0.47897
301 G	0.39721	0.12371	0.47909
302 G	0.39732	0.12350	0.47918
303 A	0.39769	0.12303	0.47928
304 A	0.39883	0.12178	0.4794
305 A	0.40072	0.11923	0.48005
306 C	0.40403	0.11529	0.48068
307 A	0.40659	0.11256	0.48085
308 A	0.41140	0.10741	0.4812
309 G	0.42046	0.09798	0.48156
310 A	0.43702	0.08115	0.48184
311 T	0.46518	0.05255	0.48226
312 T	0.48257	0.03284	0.48459
313 T	0.49149	0.02096	0.48756
314 A	0.49734	0.01070	0.49196
315 A	0.50252	0.00000	0.49748
