# lcl|CP097583.1_cds_USQ93323.1_1
# AA	inside	membr	outside
1 A	0.84136	0.00000	0.15865
2 T	0.80978	0.03157	0.15865
3 G	0.79260	0.04876	0.15865
4 G	0.79260	0.05187	0.15554
5 C	0.68237	0.16594	0.15169
6 C	0.68237	0.16807	0.14956
7 A	0.33557	0.51754	0.1469
8 A	0.33556	0.51762	0.14682
9 A	0.31117	0.54341	0.14542
10 A	0.31115	0.57697	0.11188
11 A	0.30903	0.57952	0.11146
12 T	0.28788	0.60084	0.11128
13 A	0.19693	0.69333	0.10974
14 T	0.19691	0.69335	0.10974
15 C	0.19691	0.72310	0.07999
16 A	0.18544	0.73458	0.07999
17 A	0.17718	0.74328	0.07954
18 A	0.17702	0.74426	0.07872
19 A	0.17320	0.74861	0.0782
20 A	0.16227	0.76812	0.06961
21 T	0.14674	0.78088	0.07238
22 T	0.14630	0.77888	0.07483
23 A	0.14492	0.77215	0.08293
24 T	0.14420	0.76212	0.09368
25 T	0.13975	0.68912	0.17114
26 T	0.12717	0.67469	0.19813
27 A	0.11614	0.66773	0.21613
28 G	0.11114	0.63022	0.25864
29 A	0.10621	0.68461	0.20918
30 A	0.10596	0.47361	0.42042
31 A	0.10416	0.48723	0.40861
32 T	0.09891	0.49101	0.41008
33 A	0.10693	0.54110	0.35198
34 G	0.09843	0.58342	0.31815
35 A	0.09562	0.58447	0.3199
36 A	0.09420	0.52708	0.37872
37 A	0.09070	0.53961	0.36969
38 A	0.11560	0.52113	0.36328
39 T	0.11095	0.61128	0.27777
40 G	0.10998	0.63407	0.25594
41 A	0.10955	0.64931	0.24113
42 A	0.10983	0.65790	0.23226
43 A	0.11716	0.64405	0.23879
44 T	0.11838	0.63522	0.2464
45 T	0.12134	0.62891	0.24975
46 A	0.12352	0.62373	0.25275
47 A	0.12773	0.61504	0.25722
48 T	0.13732	0.59703	0.26565
49 C	0.14394	0.57729	0.27876
50 A	0.15522	0.56681	0.27798
51 A	0.18521	0.53534	0.27945
52 T	0.25692	0.46216	0.28092
53 T	0.27905	0.44694	0.27401
54 A	0.29404	0.44186	0.26411
55 T	0.32171	0.41533	0.26296
56 T	0.36419	0.36749	0.26832
57 T	0.37025	0.36143	0.26832
58 G	0.32961	0.41481	0.25557
59 A	0.33348	0.42139	0.24513
60 A	0.34301	0.42017	0.23682
61 A	0.35799	0.41736	0.22465
62 T	0.46773	0.32097	0.21129
63 T	0.49988	0.32394	0.17618
64 T	0.50077	0.33831	0.16093
65 A	0.49478	0.35819	0.14703
66 T	0.48339	0.38023	0.13638
67 T	0.44215	0.43738	0.12047
68 C	0.33292	0.55563	0.11146
69 A	0.28448	0.62377	0.09175
70 A	0.25459	0.66505	0.08036
71 A	0.23946	0.68780	0.07274
72 A	0.22826	0.70225	0.06949
73 G	0.22748	0.70375	0.06877
74 A	0.22848	0.70318	0.06834
75 A	0.23293	0.69842	0.06864
76 A	0.24497	0.68515	0.06987
77 A	0.26040	0.66303	0.07658
78 T	0.28172	0.62846	0.08982
79 T	0.28861	0.60787	0.10352
80 A	0.28738	0.59298	0.11964
81 C	0.28671	0.55969	0.15361
82 A	0.27573	0.58639	0.13789
83 A	0.27261	0.60765	0.11974
84 A	0.26963	0.64603	0.08434
85 A	0.28150	0.64834	0.07016
86 A	0.31365	0.62511	0.06125
87 T	0.33694	0.58703	0.07603
88 A	0.34963	0.56247	0.08789
89 A	0.36456	0.52456	0.11088
90 T	0.38688	0.44896	0.16417
91 T	0.39500	0.34507	0.25993
92 T	0.40120	0.29941	0.29939
93 C	0.40076	0.27724	0.32201
94 A	0.40098	0.27187	0.32715
95 T	0.40010	0.26818	0.33172
96 T	0.39426	0.27168	0.33406
97 C	0.38230	0.28263	0.33507
98 G	0.37151	0.29559	0.3329
99 T	0.36751	0.30322	0.32927
100 G	0.35216	0.32780	0.32004
101 A	0.34372	0.34206	0.31422
102 A	0.34027	0.35011	0.30963
103 A	0.34124	0.34773	0.31103
104 A	0.34438	0.34735	0.30827
105 A	0.36323	0.31882	0.31795
106 A	0.38461	0.28877	0.32662
107 T	0.42232	0.23546	0.34222
108 A	0.43543	0.21804	0.34652
109 T	0.44712	0.20240	0.35049
110 T	0.45348	0.19782	0.3487
111 T	0.45675	0.19495	0.34831
112 T	0.45662	0.19657	0.34681
113 T	0.45452	0.19997	0.34552
114 A	0.45288	0.20438	0.34274
115 T	0.45405	0.20155	0.3444
116 T	0.45343	0.20158	0.34499
117 A	0.45068	0.20795	0.34137
118 T	0.45152	0.20784	0.34065
119 T	0.45118	0.20898	0.33983
120 T	0.44985	0.21545	0.3347
121 T	0.44385	0.22878	0.32737
122 A	0.43264	0.24701	0.32035
123 T	0.42940	0.24512	0.32548
124 G	0.41867	0.25665	0.32467
125 A	0.41810	0.25885	0.32305
126 A	0.42213	0.25512	0.32275
127 T	0.43673	0.23975	0.32352
128 A	0.44417	0.23232	0.32352
129 T	0.45117	0.22554	0.32329
130 G	0.45415	0.22457	0.32129
131 T	0.46114	0.22247	0.31639
132 A	0.46332	0.23131	0.30537
133 A	0.46882	0.23147	0.29971
134 T	0.47490	0.22968	0.29543
135 T	0.47931	0.23391	0.28678
136 T	0.48104	0.24614	0.27282
137 T	0.48244	0.27543	0.24214
138 A	0.48091	0.30016	0.21893
139 A	0.47728	0.32340	0.19932
140 A	0.48412	0.31959	0.1963
141 T	0.49388	0.30508	0.20104
142 A	0.49858	0.29971	0.20171
143 T	0.51578	0.28189	0.20233
144 T	0.52953	0.26647	0.20401
145 A	0.53715	0.25620	0.20666
146 T	0.54414	0.24263	0.21323
147 T	0.54776	0.23294	0.2193
148 T	0.54765	0.24681	0.20554
149 A	0.53414	0.29442	0.17144
150 T	0.49016	0.37921	0.13063
151 A	0.41712	0.48352	0.09936
152 A	0.38784	0.51472	0.09745
153 A	0.37363	0.52959	0.09677
154 A	0.37044	0.53278	0.09678
155 T	0.37543	0.52690	0.09767
156 C	0.37450	0.52739	0.09811
157 A	0.37468	0.52865	0.09667
158 A	0.38515	0.51955	0.0953
159 A	0.40491	0.50127	0.09383
160 T	0.43926	0.46713	0.09361
161 A	0.45683	0.45014	0.09304
162 T	0.47555	0.42264	0.1018
163 T	0.47954	0.41500	0.10546
164 A	0.47693	0.41550	0.10757
165 T	0.47993	0.40791	0.11216
166 C	0.47340	0.41282	0.11377
167 C	0.47028	0.41568	0.11405
168 T	0.47299	0.41416	0.11284
169 A	0.46998	0.41885	0.11117
170 G	0.47060	0.41815	0.11125
171 A	0.48721	0.40260	0.11019
172 A	0.52124	0.35677	0.12199
173 T	0.56426	0.25868	0.17706
174 T	0.58851	0.15875	0.25273
175 T	0.58784	0.13225	0.27991
176 T	0.58391	0.13143	0.28466
177 A	0.54781	0.18163	0.27055
178 G	0.49864	0.23738	0.26397
179 A	0.43731	0.30554	0.25715
180 A	0.39940	0.34645	0.25415
181 A	0.38106	0.37922	0.23972
182 G	0.36838	0.42492	0.2067
183 A	0.35478	0.50346	0.14176
184 A	0.35080	0.54227	0.10693
185 A	0.34858	0.55342	0.09801
186 A	0.34831	0.55520	0.09649
187 G	0.34921	0.55352	0.09726
188 A	0.35070	0.55444	0.09486
189 T	0.35353	0.54369	0.10278
190 T	0.35415	0.53526	0.11059
191 T	0.35353	0.53096	0.11551
192 A	0.34751	0.53369	0.11881
193 G	0.34245	0.53535	0.1222
194 C	0.34098	0.53498	0.12404
195 A	0.33926	0.53783	0.12291
196 A	0.33805	0.54034	0.12162
197 A	0.34054	0.53655	0.12291
198 T	0.34435	0.53088	0.12477
199 G	0.34675	0.52812	0.12514
200 A	0.36129	0.47825	0.16045
201 A	0.37028	0.42241	0.20731
202 G	0.38091	0.34719	0.2719
203 G	0.39109	0.30070	0.30821
204 G	0.41235	0.26160	0.32605
205 A	0.44872	0.21366	0.33762
206 C	0.51486	0.13394	0.35119
207 T	0.55552	0.09185	0.35263
208 T	0.56495	0.08174	0.35331
209 T	0.56733	0.08148	0.35119
210 G	0.56648	0.08919	0.34432
211 G	0.56802	0.09942	0.33256
212 T	0.56964	0.10233	0.32803
213 T	0.56962	0.10410	0.32628
214 A	0.56833	0.11578	0.31589
215 T	0.56933	0.11441	0.31626
216 T	0.56768	0.11835	0.31398
217 G	0.56257	0.12524	0.31219
218 A	0.56194	0.12583	0.31223
219 T	0.56391	0.12228	0.31381
220 A	0.56440	0.12373	0.31187
221 G	0.56650	0.12018	0.31333
222 T	0.57071	0.11421	0.31508
223 G	0.57235	0.11333	0.31432
224 T	0.57390	0.11647	0.30964
225 A	0.57108	0.12821	0.30071
226 T	0.56998	0.13955	0.29046
227 T	0.56691	0.15631	0.27678
228 A	0.56314	0.17002	0.26685
229 A	0.56051	0.18486	0.25463
230 T	0.56347	0.18696	0.24957
231 T	0.56193	0.19779	0.24028
232 A	0.54998	0.23106	0.21896
233 A	0.54917	0.25989	0.19094
234 T	0.55381	0.26792	0.17826
235 T	0.54971	0.30172	0.14856
236 A	0.54137	0.33153	0.12711
237 T	0.54704	0.32694	0.12602
238 A	0.53800	0.34018	0.12182
239 T	0.53261	0.34554	0.12185
240 T	0.51794	0.35912	0.12295
241 C	0.49751	0.38125	0.12124
242 A	0.48037	0.40465	0.11498
243 T	0.47109	0.41880	0.11011
244 A	0.44582	0.44825	0.10592
245 A	0.43346	0.46209	0.10444
246 A	0.43021	0.46688	0.1029
247 G	0.43494	0.46185	0.10321
248 A	0.44323	0.45154	0.10522
249 A	0.45618	0.43634	0.10749
250 T	0.47125	0.41679	0.11196
251 A	0.47915	0.40506	0.11579
252 T	0.49119	0.38888	0.11992
253 A	0.49594	0.38216	0.12189
254 A	0.50517	0.36828	0.12656
255 A	0.52700	0.33169	0.14131
256 T	0.56294	0.28406	0.153
257 G	0.57764	0.25647	0.16589
258 T	0.60964	0.21302	0.17733
259 G	0.62438	0.18947	0.18615
260 A	0.62834	0.18260	0.18906
261 T	0.63486	0.16299	0.20215
262 T	0.63902	0.14149	0.21949
263 T	0.64160	0.12134	0.23706
264 T	0.64206	0.10975	0.24819
265 G	0.64257	0.09590	0.26154
266 T	0.64507	0.08520	0.26973
267 T	0.64422	0.06768	0.28811
268 A	0.63819	0.06628	0.29554
269 C	0.63457	0.06477	0.30066
270 T	0.63304	0.06633	0.30062
271 T	0.62917	0.07021	0.30062
272 T	0.62186	0.07805	0.30008
273 C	0.61150	0.08996	0.29854
274 G	0.59878	0.10860	0.29262
275 C	0.55583	0.16708	0.27708
276 T	0.49221	0.28626	0.22153
277 A	0.41492	0.40048	0.18461
278 A	0.36536	0.46742	0.16721
279 A	0.33919	0.50653	0.15428
280 G	0.31846	0.54036	0.14118
281 G	0.30974	0.55768	0.13259
282 A	0.30507	0.57547	0.11946
283 A	0.30455	0.59400	0.10145
284 A	0.30434	0.61483	0.08083
285 A	0.30550	0.62167	0.07284
286 A	0.30756	0.62553	0.0669
287 T	0.31330	0.62242	0.06428
288 T	0.31118	0.62286	0.06596
289 A	0.30522	0.62900	0.06577
290 A	0.30279	0.62925	0.06795
291 A	0.30226	0.62408	0.07365
292 C	0.30125	0.61815	0.08059
293 A	0.30099	0.61697	0.08204
294 A	0.30188	0.61299	0.08513
295 G	0.30406	0.60495	0.09099
296 A	0.30826	0.59616	0.09558
297 A	0.31714	0.57966	0.10321
298 A	0.33881	0.50353	0.15766
299 T	0.39948	0.36862	0.2319
300 T	0.43090	0.27259	0.29652
301 G	0.44158	0.24478	0.31364
302 A	0.45256	0.25128	0.29616
303 T	0.46695	0.24234	0.29071
304 A	0.47412	0.26085	0.26503
305 A	0.48545	0.25882	0.25573
306 A	0.50473	0.24320	0.25207
307 T	0.52821	0.22617	0.24562
308 T	0.53697	0.22990	0.23312
309 A	0.54277	0.22489	0.23234
310 A	0.54856	0.21860	0.23285
311 T	0.55153	0.21222	0.23625
312 T	0.55307	0.20712	0.23981
313 C	0.55385	0.20738	0.23877
314 G	0.55490	0.21466	0.23044
315 T	0.55616	0.22272	0.22112
316 T	0.55743	0.22907	0.2135
317 T	0.55808	0.23632	0.2056
318 A	0.55679	0.24031	0.2029
319 A	0.55756	0.24084	0.2016
320 G	0.56080	0.23848	0.20072
321 T	0.56699	0.23431	0.19869
322 C	0.57164	0.23031	0.19806
323 A	0.58246	0.22221	0.19533
324 T	0.61023	0.19512	0.19465
325 T	0.63642	0.16897	0.19461
326 C	0.64375	0.16169	0.19457
327 T	0.66057	0.14503	0.1944
328 C	0.66645	0.13907	0.19448
329 C	0.66695	0.13862	0.19443
330 T	0.66949	0.13630	0.19422
331 T	0.66475	0.14134	0.19391
332 C	0.65475	0.15187	0.19338
333 A	0.64934	0.15785	0.19281
334 A	0.64880	0.15847	0.19274
335 T	0.65206	0.15477	0.19317
336 T	0.65224	0.15422	0.19354
337 C	0.62175	0.18453	0.19371
338 C	0.60543	0.20049	0.19408
339 T	0.58707	0.21933	0.19361
340 A	0.50940	0.29824	0.19236
341 T	0.48501	0.32304	0.19195
342 A	0.43897	0.37033	0.1907
343 A	0.40172	0.40930	0.18898
344 G	0.37892	0.42974	0.19133
345 A	0.35945	0.44838	0.19217
346 A	0.34559	0.46130	0.19312
347 T	0.34376	0.45944	0.1968
348 T	0.33747	0.46300	0.19953
349 T	0.32579	0.47693	0.19728
350 A	0.30945	0.48921	0.20134
351 T	0.29560	0.49815	0.20625
352 A	0.27131	0.51998	0.20871
353 A	0.25493	0.53208	0.21299
354 C	0.24400	0.52798	0.22802
355 G	0.23393	0.53402	0.23206
356 A	0.22688	0.54608	0.22704
357 T	0.21975	0.55809	0.22216
358 A	0.20356	0.58816	0.20829
359 A	0.19366	0.59997	0.20637
360 T	0.18735	0.56399	0.24866
361 A	0.16737	0.56532	0.26731
362 A	0.14962	0.56414	0.28624
363 G	0.13609	0.52116	0.34275
364 A	0.11869	0.59401	0.2873
365 A	0.11267	0.60890	0.27844
366 A	0.10890	0.63597	0.25513
367 A	0.10683	0.63835	0.25481
368 A	0.10874	0.62315	0.26811
369 T	0.11130	0.61070	0.278
370 A	0.10886	0.63425	0.25689
371 G	0.10841	0.65569	0.2359
372 A	0.11343	0.74459	0.14199
373 A	0.11446	0.76624	0.1193
374 A	0.11610	0.77269	0.11121
375 A	0.12162	0.75835	0.12002
376 T	0.12904	0.73997	0.131
377 T	0.13161	0.73495	0.13343
378 A	0.13226	0.73413	0.13361
379 A	0.13830	0.72891	0.13278
380 A	0.14548	0.72487	0.12964
381 T	0.15987	0.69918	0.14095
382 A	0.16420	0.69026	0.14554
383 A	0.17174	0.68097	0.14729
384 A	0.18594	0.65484	0.15923
385 A	0.20420	0.62526	0.17053
386 A	0.23863	0.58485	0.17652
387 T	0.32544	0.48084	0.19373
388 G	0.35878	0.44509	0.19613
389 T	0.40629	0.39765	0.19606
390 T	0.41613	0.39242	0.19144
391 G	0.41221	0.40007	0.18771
392 A	0.42125	0.39486	0.18388
393 A	0.44732	0.37042	0.18225
394 A	0.48191	0.33712	0.18097
395 T	0.59596	0.22489	0.17915
396 T	0.63395	0.19522	0.17083
397 T	0.64273	0.18942	0.16785
398 T	0.61633	0.22465	0.15902
399 A	0.57551	0.27856	0.14594
400 T	0.55483	0.30020	0.14497
401 C	0.51157	0.34231	0.14612
402 A	0.49787	0.35664	0.14549
403 T	0.49830	0.35620	0.14549
404 C	0.48231	0.37225	0.14544
405 G	0.46344	0.39250	0.14405
406 C	0.44688	0.41019	0.14293
407 A	0.44051	0.41877	0.14072
408 A	0.44251	0.41856	0.13892
409 T	0.45571	0.40686	0.13743
410 A	0.46024	0.40226	0.13751
411 T	0.46734	0.39368	0.13897
412 A	0.46966	0.38619	0.14416
413 T	0.47326	0.37354	0.1532
414 C	0.43642	0.40458	0.159
415 G	0.36308	0.50529	0.13164
416 A	0.34165	0.54939	0.10896
417 A	0.33164	0.57371	0.09464
418 A	0.32399	0.59610	0.07991
419 A	0.32570	0.59810	0.07621
420 A	0.32778	0.58551	0.08672
421 G	0.33590	0.53378	0.13032
422 A	0.34758	0.48202	0.17041
423 G	0.34852	0.45492	0.19656
424 A	0.35122	0.43926	0.20952
425 T	0.35444	0.43704	0.20852
426 T	0.35570	0.45700	0.1873
427 A	0.35572	0.45425	0.19003
428 T	0.35662	0.43820	0.20517
429 T	0.35673	0.42464	0.21863
430 A	0.35640	0.42927	0.21434
431 C	0.35604	0.43032	0.21363
432 G	0.35228	0.44654	0.20117
433 A	0.34825	0.46677	0.18499
434 A	0.34715	0.47450	0.17835
435 A	0.35030	0.47480	0.1749
436 A	0.35488	0.47301	0.17211
437 A	0.36417	0.42267	0.21317
438 T	0.39850	0.31170	0.28979
439 T	0.41928	0.27283	0.30789
440 A	0.42867	0.26686	0.30446
441 T	0.44084	0.27136	0.2878
442 T	0.44389	0.29359	0.26251
443 A	0.44395	0.31185	0.24421
444 T	0.44572	0.31021	0.24406
445 A	0.44752	0.30705	0.24543
446 A	0.45309	0.29918	0.24773
447 T	0.47746	0.27275	0.2498
448 C	0.49662	0.25304	0.25035
449 C	0.52709	0.22314	0.24977
450 T	0.54658	0.20842	0.245
451 T	0.55338	0.21074	0.23587
452 A	0.55765	0.21998	0.22237
453 T	0.57281	0.20561	0.22158
454 T	0.57985	0.19793	0.22222
455 T	0.58953	0.18337	0.22711
456 T	0.59883	0.16989	0.23128
457 C	0.60139	0.16650	0.23211
458 C	0.59397	0.17813	0.2279
459 T	0.58310	0.20772	0.20918
460 A	0.56942	0.25387	0.17671
461 A	0.53806	0.30744	0.1545
462 A	0.53807	0.31459	0.14734
463 A	0.55214	0.30494	0.14293
464 T	0.57948	0.27872	0.14179
465 T	0.60498	0.25421	0.14082
466 T	0.61570	0.24394	0.14035
467 T	0.61210	0.24895	0.13895
468 A	0.59954	0.26177	0.13869
469 G	0.59061	0.27039	0.139
470 A	0.58631	0.27491	0.13878
471 T	0.58491	0.27536	0.13973
472 C	0.57671	0.28300	0.1403
473 C	0.56828	0.29237	0.13934
474 T	0.57022	0.29110	0.13868
475 C	0.56642	0.29537	0.13821
476 A	0.55542	0.30729	0.13729
477 T	0.55115	0.31217	0.13668
478 C	0.54306	0.32090	0.13604
479 A	0.52266	0.34242	0.13491
480 A	0.51812	0.34658	0.13529
481 A	0.51926	0.33581	0.14493
482 T	0.53770	0.30250	0.1598
483 A	0.56439	0.26699	0.16862
484 T	0.58303	0.21766	0.19931
485 A	0.56978	0.24010	0.19012
486 T	0.55955	0.26847	0.17197
487 A	0.50125	0.36253	0.13622
488 T	0.43412	0.45711	0.10877
489 A	0.29998	0.61133	0.08869
490 A	0.21828	0.70075	0.08097
491 A	0.17878	0.74083	0.08039
492 A	0.15967	0.75192	0.08841
493 A	0.15337	0.75167	0.09496
494 A	0.14956	0.74906	0.10138
495 A	0.14769	0.73923	0.11309
496 C	0.14794	0.71958	0.13248
497 T	0.14872	0.71493	0.13635
498 T	0.14821	0.70683	0.14497
499 A	0.14532	0.70517	0.14951
500 A	0.14271	0.70379	0.1535
501 T	0.14060	0.69851	0.16089
502 C	0.13479	0.67998	0.18522
503 A	0.13132	0.67730	0.19137
504 C	0.13063	0.67275	0.19663
505 G	0.13069	0.67801	0.1913
506 A	0.13373	0.68052	0.18575
507 A	0.14369	0.67725	0.17906
508 A	0.16607	0.64185	0.19208
509 T	0.19834	0.60034	0.20132
510 A	0.23346	0.51290	0.25364
511 T	0.26383	0.39923	0.33694
512 T	0.27533	0.27048	0.45419
513 G	0.27390	0.22733	0.49877
514 T	0.27370	0.23356	0.49274
515 T	0.26043	0.29305	0.44652
516 A	0.22393	0.42858	0.34748
517 A	0.19473	0.52293	0.28234
518 A	0.17910	0.56804	0.25286
519 T	0.16863	0.60440	0.22696
520 A	0.15668	0.65969	0.18364
521 A	0.14791	0.70976	0.14233
522 A	0.14431	0.72461	0.13108
523 A	0.14285	0.72812	0.12903
524 T	0.14256	0.72958	0.12786
525 G	0.13982	0.73504	0.12513
526 A	0.13710	0.75208	0.11082
527 A	0.13469	0.76702	0.09829
528 A	0.13680	0.77021	0.09299
529 A	0.13980	0.77742	0.08277
530 A	0.14736	0.77255	0.08009
531 A	0.15753	0.76547	0.07699
532 A	0.17279	0.75189	0.07532
533 T	0.20477	0.71921	0.07603
534 A	0.22242	0.70486	0.07272
535 T	0.26405	0.66183	0.07413
536 T	0.29607	0.62703	0.0769
537 A	0.31585	0.60689	0.07726
538 A	0.34804	0.56056	0.0914
539 A	0.43213	0.44196	0.1259
540 T	0.50289	0.34065	0.15646
541 T	0.53850	0.28835	0.17316
542 C	0.55841	0.25984	0.18176
543 A	0.58976	0.22884	0.1814
544 T	0.62384	0.19364	0.18251
545 T	0.62556	0.19377	0.18067
546 T	0.61450	0.20926	0.17625
547 G	0.59139	0.24288	0.16574
548 A	0.59020	0.25559	0.1542
549 A	0.60065	0.24242	0.15693
550 T	0.61259	0.22692	0.16049
551 A	0.61410	0.22259	0.16331
552 T	0.62642	0.20665	0.16694
553 C	0.62879	0.20348	0.16773
554 A	0.63234	0.20414	0.16352
555 A	0.63562	0.20410	0.16028
556 G	0.64199	0.19816	0.15984
557 T	0.65086	0.18907	0.16007
558 T	0.65444	0.18605	0.15951
559 T	0.65752	0.18046	0.16203
560 T	0.65996	0.17452	0.16551
561 G	0.65913	0.17426	0.16661
562 A	0.65893	0.17481	0.16626
563 T	0.65939	0.17440	0.1662
564 A	0.65272	0.18334	0.16393
565 T	0.65053	0.18192	0.16755
566 A	0.64354	0.19191	0.16454
567 T	0.63750	0.19759	0.16491
568 A	0.61848	0.22185	0.15968
569 G	0.61550	0.21342	0.17107
570 T	0.61785	0.19816	0.18399
571 T	0.60734	0.21260	0.18006
572 A	0.55822	0.27017	0.1716
573 T	0.53344	0.30346	0.16311
574 G	0.48415	0.37614	0.13972
575 G	0.45475	0.41647	0.12879
576 A	0.44240	0.43009	0.12751
577 A	0.42776	0.44419	0.12805
578 T	0.42670	0.44424	0.12906
579 T	0.42118	0.44963	0.1292
580 C	0.39722	0.47394	0.12883
581 C	0.38154	0.49286	0.12559
582 A	0.36398	0.51609	0.11993
583 A	0.35379	0.53592	0.11029
584 A	0.33669	0.55732	0.10599
585 A	0.32503	0.57096	0.10401
586 G	0.31620	0.57925	0.10455
587 A	0.31448	0.57384	0.11168
588 A	0.31561	0.56542	0.11897
589 A	0.32244	0.54316	0.13439
590 G	0.33039	0.52088	0.14873
591 T	0.34745	0.48060	0.17195
592 A	0.35259	0.46654	0.18087
593 A	0.36245	0.44451	0.19303
594 T	0.37482	0.40391	0.22127
595 G	0.38234	0.35125	0.26641
596 A	0.39115	0.32212	0.28672
597 T	0.41666	0.25342	0.32991
598 T	0.42436	0.21828	0.35737
599 A	0.42292	0.20641	0.37066
600 T	0.42317	0.17723	0.3996
601 C	0.41945	0.17365	0.4069
602 A	0.41628	0.17746	0.40625
603 G	0.41199	0.18187	0.40614
604 T	0.41526	0.17963	0.40511
605 A	0.41733	0.18019	0.40248
606 T	0.42536	0.17247	0.40217
607 G	0.42799	0.15462	0.4174
608 T	0.42932	0.15029	0.42039
609 T	0.42826	0.15289	0.41885
610 T	0.42757	0.16024	0.41219
611 T	0.42651	0.19169	0.3818
612 A	0.41892	0.24075	0.34033
613 G	0.41291	0.27828	0.30881
614 A	0.40968	0.35885	0.23147
615 T	0.40599	0.37894	0.21507
616 G	0.39981	0.40473	0.19546
617 A	0.39517	0.43763	0.1672
618 T	0.39204	0.45304	0.15491
619 G	0.38545	0.47855	0.136
620 T	0.38281	0.49085	0.12634
621 A	0.37536	0.51706	0.10758
622 G	0.37309	0.52335	0.10356
623 A	0.37123	0.53084	0.09792
624 A	0.37203	0.53053	0.09744
625 A	0.37897	0.51998	0.10105
626 T	0.40389	0.48908	0.10704
627 A	0.41522	0.47684	0.10793
628 T	0.43220	0.45743	0.11037
629 C	0.43503	0.45312	0.11185
630 A	0.42319	0.46584	0.11097
631 T	0.41925	0.47029	0.11046
632 C	0.37758	0.51347	0.10895
633 A	0.36862	0.53126	0.10011
634 A	0.38917	0.51891	0.09192
635 A	0.41971	0.49705	0.08324
636 A	0.44502	0.48021	0.07477
637 T	0.52619	0.40118	0.07263
638 T	0.50737	0.42197	0.07066
639 A	0.48490	0.44830	0.06681
640 A	0.47103	0.46525	0.06372
641 A	0.45754	0.47816	0.0643
642 T	0.44993	0.48276	0.06732
643 A	0.37483	0.55743	0.06773
644 T	0.35794	0.57153	0.07053
645 A	0.29920	0.63134	0.06946
646 A	0.22761	0.70378	0.06861
647 C	0.17678	0.75344	0.06978
648 A	0.10271	0.83252	0.06477
649 A	0.08018	0.85912	0.06071
650 A	0.07144	0.87285	0.0557
651 A	0.06872	0.87578	0.0555
652 A	0.06771	0.87551	0.05678
653 A	0.06934	0.85427	0.07639
654 A	0.07222	0.83162	0.09616
655 C	0.07699	0.77251	0.1505
656 A	0.08468	0.76072	0.1546
657 A	0.09297	0.75175	0.15528
658 A	0.11235	0.73199	0.15565
659 T	0.13445	0.70073	0.16482
660 T	0.14283	0.68659	0.17058
661 T	0.14963	0.63685	0.21352
662 A	0.15398	0.60969	0.23633
663 T	0.15860	0.57153	0.26987
664 A	0.15978	0.55457	0.28565
665 A	0.16277	0.50971	0.32752
666 A	0.16581	0.42683	0.40737
667 T	0.17076	0.39606	0.43317
668 A	0.17298	0.38069	0.44634
669 T	0.17342	0.37374	0.45284
670 A	0.14998	0.42284	0.42719
671 G	0.13919	0.40436	0.45645
672 A	0.13030	0.47720	0.39251
673 G	0.12221	0.54198	0.33581
674 A	0.11140	0.68068	0.20792
675 A	0.10299	0.78251	0.1145
676 A	0.10029	0.79272	0.10699
677 A	0.09822	0.79444	0.10735
678 A	0.09693	0.79539	0.10768
679 G	0.10560	0.78574	0.10866
680 C	0.11454	0.77725	0.10821
681 C	0.12568	0.76963	0.10469
682 A	0.13314	0.76657	0.10029
683 T	0.14150	0.75900	0.09951
684 T	0.14537	0.75548	0.09914
685 T	0.13436	0.76787	0.09776
686 C	0.12983	0.77243	0.09774
687 C	0.12851	0.77363	0.09786
688 A	0.12813	0.77566	0.0962
689 A	0.13674	0.76723	0.09604
690 A	0.15826	0.74564	0.09611
691 A	0.20604	0.69726	0.0967
692 T	0.29440	0.60536	0.10024
693 T	0.37276	0.50256	0.12468
694 A	0.40485	0.45846	0.1367
695 A	0.46386	0.38757	0.14858
696 A	0.51646	0.32176	0.16178
697 T	0.63660	0.18810	0.1753
698 T	0.71510	0.10031	0.18459
699 T	0.72414	0.08684	0.18903
700 A	0.72569	0.08192	0.19239
701 A	0.72737	0.07665	0.19598
702 T	0.72907	0.07145	0.19949
703 A	0.73052	0.06836	0.20112
704 A	0.73508	0.06138	0.20355
705 A	0.74201	0.04981	0.20818
706 T	0.74682	0.03694	0.21623
707 A	0.74911	0.02595	0.22494
708 A	0.75380	0.00000	0.2462
