# lcl|CP097583.1_cds_USQ93454.1_1
# AA	inside	membr	outside
1 A	0.24701	0.00000	0.75299
2 T	0.24668	0.00033	0.75299
3 G	0.24646	0.00055	0.75299
4 C	0.24646	0.00217	0.75137
5 G	0.24399	0.00723	0.74878
6 T	0.24399	0.00814	0.74786
7 A	0.23201	0.02097	0.74702
8 A	0.23201	0.02098	0.74701
9 A	0.23124	0.02183	0.74693
10 T	0.23124	0.02673	0.74202
11 T	0.23116	0.02707	0.74176
12 A	0.22961	0.02871	0.74167
13 G	0.22888	0.02968	0.74144
14 T	0.22888	0.02968	0.74144
15 T	0.22888	0.03276	0.73835
16 T	0.22879	0.03286	0.73835
17 T	0.22849	0.03320	0.73831
18 A	0.22847	0.03330	0.73823
19 G	0.22812	0.03367	0.7382
20 T	0.22739	0.03482	0.73779
21 A	0.22441	0.03778	0.73781
22 G	0.22434	0.03788	0.73778
23 A	0.22440	0.03787	0.73773
24 T	0.22467	0.03772	0.73761
25 G	0.22493	0.03715	0.73793
26 G	0.22533	0.03670	0.73796
27 T	0.22701	0.03450	0.73848
28 A	0.22860	0.03116	0.74023
29 A	0.22940	0.02992	0.74068
30 T	0.23122	0.01804	0.75074
31 T	0.23155	0.01728	0.75118
32 C	0.23176	0.01601	0.75223
33 T	0.23559	0.01241	0.752
34 T	0.23588	0.01285	0.75127
35 T	0.23606	0.01230	0.75164
36 G	0.23614	0.01255	0.75131
37 G	0.23622	0.01338	0.75039
38 T	0.23855	0.01153	0.74991
39 T	0.23857	0.01337	0.74806
40 T	0.23853	0.01417	0.7473
41 T	0.23840	0.01492	0.74668
42 T	0.23782	0.01609	0.74609
43 A	0.23649	0.01709	0.74641
44 G	0.23593	0.01581	0.74827
45 A	0.23571	0.01605	0.74825
46 G	0.23569	0.01608	0.74823
47 C	0.23586	0.01611	0.74804
48 T	0.23629	0.01647	0.74723
49 T	0.23596	0.02023	0.74381
50 A	0.23558	0.02102	0.74339
51 T	0.23533	0.02162	0.74305
52 T	0.23501	0.02202	0.74297
53 A	0.23457	0.02267	0.74275
54 C	0.23427	0.02310	0.74263
55 G	0.23307	0.02441	0.74252
56 C	0.23268	0.02498	0.74234
57 T	0.23165	0.02635	0.74199
58 A	0.22760	0.03096	0.74144
59 C	0.22601	0.03278	0.74121
60 T	0.22480	0.03463	0.74057
61 T	0.22180	0.03810	0.7401
62 A	0.21938	0.04116	0.73946
63 T	0.21922	0.04165	0.73913
64 T	0.21689	0.04450	0.73861
65 A	0.20973	0.05273	0.73754
66 T	0.20205	0.06053	0.73741
67 A	0.18133	0.08503	0.73363
68 A	0.15567	0.11076	0.73357
69 A	0.13102	0.13563	0.73336
70 A	0.11284	0.15361	0.73355
71 A	0.09718	0.16891	0.73391
72 C	0.09168	0.17350	0.73482
73 A	0.08119	0.18376	0.73504
74 C	0.07254	0.19230	0.73516
75 A	0.06813	0.19754	0.73433
76 A	0.06627	0.19983	0.7339
77 A	0.06484	0.20153	0.73362
78 A	0.06457	0.20064	0.73479
79 T	0.06479	0.19979	0.73543
80 T	0.06429	0.19820	0.73751
81 A	0.06331	0.19508	0.74162
82 A	0.06228	0.19275	0.74497
83 T	0.05957	0.19110	0.74933
84 G	0.05348	0.19308	0.75343
85 C	0.05054	0.19194	0.75752
86 A	0.04720	0.19650	0.7563
87 A	0.04438	0.19960	0.75602
88 A	0.04202	0.20022	0.75776
89 A	0.04046	0.19643	0.76311
90 T	0.04249	0.18040	0.77711
91 A	0.04071	0.15994	0.79935
92 A	0.03943	0.14208	0.81849
93 A	0.03844	0.12804	0.83352
94 G	0.03766	0.11577	0.84656
95 A	0.03693	0.11713	0.84594
96 A	0.03372	0.11208	0.85421
97 G	0.03284	0.10424	0.86291
98 G	0.03229	0.10188	0.86584
99 A	0.03180	0.10464	0.86356
100 C	0.03151	0.10490	0.86359
101 A	0.03125	0.10877	0.85998
102 A	0.03129	0.11050	0.85821
103 G	0.03186	0.10959	0.85855
104 A	0.03216	0.10876	0.85908
105 T	0.03267	0.10761	0.85972
106 G	0.03305	0.10358	0.86337
107 T	0.03413	0.09787	0.868
108 A	0.03426	0.09672	0.86902
109 A	0.03538	0.09205	0.87257
110 A	0.03752	0.08645	0.87603
111 T	0.04160	0.07836	0.88004
112 G	0.04270	0.07421	0.88309
113 C	0.04495	0.07035	0.8847
114 A	0.04869	0.06640	0.8849
115 T	0.05604	0.05852	0.88545
116 T	0.05916	0.05526	0.88559
117 A	0.06142	0.05296	0.88563
118 A	0.06756	0.04654	0.88591
119 T	0.07038	0.04021	0.88941
120 A	0.07106	0.03906	0.88989
121 G	0.07403	0.03579	0.89018
122 T	0.08068	0.02954	0.88979
123 T	0.08302	0.02895	0.88802
124 T	0.08452	0.02885	0.88663
125 T	0.08417	0.03048	0.88536
126 T	0.08174	0.03416	0.8841
127 A	0.07740	0.03922	0.88338
128 T	0.07598	0.04051	0.88352
129 A	0.07326	0.04314	0.8836
130 A	0.07255	0.04375	0.8837
131 A	0.07328	0.04256	0.88416
132 C	0.07356	0.04150	0.88493
133 A	0.07378	0.04141	0.8848
134 T	0.07434	0.04097	0.8847
135 G	0.07435	0.04128	0.88438
136 T	0.07495	0.04108	0.88397
137 T	0.07505	0.04129	0.88365
138 T	0.07439	0.04253	0.88309
139 A	0.07279	0.04530	0.88192
140 G	0.07125	0.04792	0.88083
141 A	0.06606	0.05624	0.8777
142 A	0.06185	0.06487	0.87328
143 A	0.06089	0.06729	0.87182
144 A	0.06228	0.06615	0.87158
145 A	0.06442	0.06401	0.87156
146 T	0.06764	0.05915	0.87322
147 T	0.06863	0.05628	0.8751
148 T	0.06803	0.05522	0.87674
149 T	0.06599	0.05548	0.87853
150 G	0.06180	0.05681	0.88138
151 G	0.05875	0.05866	0.88259
152 A	0.05630	0.05926	0.88444
153 A	0.05495	0.05922	0.88584
154 C	0.05441	0.05850	0.8871
155 A	0.05428	0.05855	0.88717
156 A	0.05451	0.05821	0.88729
157 A	0.05479	0.05774	0.88747
158 C	0.05534	0.05661	0.88805
159 T	0.05601	0.05591	0.88808
160 G	0.05638	0.05487	0.88875
161 A	0.05730	0.05316	0.88954
162 A	0.05876	0.05033	0.89092
163 G	0.06090	0.04676	0.89234
164 A	0.06436	0.03776	0.89788
165 T	0.06981	0.02761	0.90257
166 T	0.07148	0.02375	0.90477
167 A	0.07214	0.02217	0.90569
168 T	0.07285	0.02064	0.90651
169 A	0.07306	0.01948	0.90747
170 T	0.07341	0.01744	0.90915
171 T	0.07388	0.01479	0.91133
172 T	0.07433	0.01198	0.91369
173 G	0.07428	0.00874	0.91698
174 T	0.07425	0.00672	0.91903
175 G	0.07377	0.00534	0.92088
176 T	0.07352	0.00443	0.92204
177 C	0.07279	0.00468	0.92253
178 G	0.07280	0.00489	0.92232
179 C	0.07295	0.00514	0.92191
180 T	0.07311	0.00549	0.9214
181 T	0.07306	0.00619	0.92075
182 T	0.07300	0.00692	0.92008
183 T	0.07219	0.00892	0.91889
184 G	0.07062	0.01090	0.91849
185 A	0.06973	0.01242	0.91785
186 T	0.06953	0.01304	0.91743
187 T	0.06913	0.01456	0.91632
188 C	0.06804	0.01637	0.91559
189 T	0.06697	0.01977	0.91325
190 A	0.06378	0.02689	0.90933
191 A	0.05769	0.03596	0.90635
192 A	0.05626	0.03918	0.90457
193 T	0.05554	0.04064	0.90382
194 A	0.05402	0.04270	0.90328
195 T	0.05309	0.04373	0.90317
196 A	0.05098	0.04577	0.90325
197 A	0.04963	0.04692	0.90346
198 A	0.04908	0.04695	0.90397
199 A	0.04860	0.04705	0.90435
200 C	0.04846	0.04653	0.90501
201 A	0.04872	0.04659	0.90469
202 T	0.04902	0.04663	0.90435
203 A	0.04829	0.04813	0.90359
204 T	0.04829	0.04802	0.90368
205 A	0.04700	0.04930	0.9037
206 G	0.04714	0.04805	0.90481
207 A	0.04680	0.04688	0.90632
208 C	0.04701	0.04533	0.90766
209 A	0.04700	0.04545	0.90755
210 T	0.04877	0.04323	0.908
211 A	0.04912	0.04237	0.90851
212 A	0.05089	0.03977	0.90933
213 A	0.05389	0.03438	0.91173
214 C	0.05662	0.02439	0.91899
215 T	0.05792	0.02157	0.92052
216 T	0.05816	0.02041	0.92143
217 T	0.05786	0.02020	0.92194
218 A	0.05623	0.02155	0.92222
219 C	0.05537	0.02126	0.92337
220 G	0.05444	0.02155	0.924
221 A	0.05335	0.02251	0.92413
222 A	0.05275	0.02297	0.92427
223 G	0.05232	0.02396	0.92372
224 G	0.05213	0.02466	0.92321
225 A	0.05194	0.02576	0.92231
226 T	0.05254	0.02592	0.92154
227 A	0.05236	0.02720	0.92044
228 T	0.05240	0.02623	0.92137
229 A	0.05236	0.02599	0.92166
230 A	0.05234	0.02533	0.92233
231 A	0.05236	0.02471	0.92292
232 C	0.05263	0.02368	0.92369
233 A	0.05258	0.02491	0.92251
234 A	0.05244	0.02479	0.92277
235 A	0.05256	0.02445	0.92298
236 G	0.05274	0.02396	0.9233
237 T	0.05302	0.02338	0.9236
238 C	0.05318	0.02144	0.92538
239 G	0.05341	0.02070	0.92589
240 T	0.05411	0.01954	0.92634
241 G	0.05445	0.01870	0.92685
242 T	0.05472	0.01826	0.92702
243 T	0.05501	0.01808	0.92691
244 A	0.05487	0.01741	0.92772
245 A	0.05506	0.01660	0.92834
246 A	0.05582	0.01516	0.92901
247 A	0.05661	0.01362	0.92977
248 C	0.05818	0.01127	0.93055
249 T	0.06047	0.00883	0.9307
250 C	0.06190	0.00728	0.93082
251 C	0.06233	0.00689	0.93077
252 T	0.06262	0.00686	0.93052
253 G	0.06266	0.00685	0.93049
254 A	0.06279	0.00672	0.93049
255 A	0.06308	0.00640	0.93052
256 T	0.06442	0.00491	0.93067
257 C	0.06451	0.00434	0.93115
258 T	0.06462	0.00415	0.93122
259 T	0.06458	0.00419	0.93124
260 T	0.06442	0.00436	0.93122
261 G	0.06390	0.00497	0.93113
262 A	0.06355	0.00555	0.93091
263 T	0.06362	0.00555	0.93083
264 T	0.06355	0.00556	0.93089
265 A	0.06303	0.00619	0.93078
266 A	0.06271	0.00664	0.93065
267 T	0.06249	0.00666	0.93086
268 C	0.06151	0.00768	0.93081
269 A	0.06102	0.00851	0.93047
270 A	0.06087	0.00867	0.93046
271 A	0.06085	0.00868	0.93047
272 T	0.06092	0.00858	0.9305
273 T	0.06092	0.00853	0.93056
274 C	0.06095	0.00827	0.93078
275 T	0.06111	0.00808	0.93081
276 T	0.06106	0.00811	0.93083
277 T	0.06100	0.00818	0.93082
278 T	0.06094	0.00827	0.93078
279 A	0.06070	0.00857	0.93074
280 A	0.06056	0.00861	0.93083
281 T	0.06048	0.00852	0.931
282 T	0.06028	0.00860	0.93112
283 A	0.05993	0.00888	0.93119
284 A	0.05990	0.00856	0.93154
285 A	0.06003	0.00813	0.93184
286 G	0.06014	0.00778	0.93208
287 A	0.06021	0.00756	0.93223
288 A	0.06044	0.00681	0.93274
289 T	0.06083	0.00586	0.93331
290 A	0.06096	0.00545	0.9336
291 T	0.06114	0.00446	0.9344
292 T	0.06136	0.00385	0.93479
293 T	0.06137	0.00371	0.93492
294 A	0.06135	0.00370	0.93494
295 A	0.06136	0.00366	0.93499
296 C	0.06134	0.00353	0.93514
297 T	0.06135	0.00348	0.93517
298 T	0.06138	0.00345	0.93517
299 T	0.06139	0.00344	0.93516
300 G	0.06136	0.00351	0.93513
301 T	0.06136	0.00358	0.93506
302 T	0.06133	0.00338	0.9353
303 A	0.06108	0.00354	0.93538
304 G	0.06095	0.00356	0.93549
305 G	0.06060	0.00378	0.93563
306 C	0.06053	0.00356	0.93591
307 A	0.06048	0.00360	0.93592
308 T	0.06060	0.00344	0.93595
309 A	0.06060	0.00342	0.93598
310 C	0.06071	0.00330	0.93599
311 A	0.06081	0.00320	0.93598
312 T	0.06095	0.00305	0.936
313 C	0.06104	0.00296	0.936
314 A	0.06114	0.00289	0.93596
315 T	0.06120	0.00288	0.93591
316 T	0.06120	0.00287	0.93592
317 G	0.06114	0.00294	0.93591
318 T	0.06113	0.00295	0.93591
319 T	0.06103	0.00301	0.93596
320 C	0.06084	0.00319	0.93598
321 A	0.06046	0.00369	0.93586
322 C	0.06009	0.00413	0.93578
323 A	0.05992	0.00449	0.93559
324 A	0.05971	0.00488	0.93542
325 G	0.05869	0.00597	0.93534
326 A	0.05850	0.00605	0.93545
327 T	0.05846	0.00603	0.93552
328 G	0.05814	0.00593	0.93593
329 G	0.05806	0.00582	0.93612
330 T	0.05803	0.00571	0.93626
331 T	0.05793	0.00585	0.93622
332 A	0.05775	0.00625	0.93599
333 C	0.05763	0.00661	0.93577
334 G	0.05746	0.00698	0.93556
335 A	0.05736	0.00721	0.93544
336 A	0.05723	0.00739	0.93539
337 G	0.05720	0.00744	0.93536
338 C	0.05722	0.00740	0.93538
339 G	0.05719	0.00738	0.93542
340 G	0.05721	0.00728	0.93551
341 A	0.05724	0.00719	0.93558
342 C	0.05731	0.00700	0.93569
343 G	0.05739	0.00682	0.93579
344 A	0.05756	0.00637	0.93608
345 T	0.05772	0.00588	0.9364
346 A	0.05787	0.00562	0.93651
347 T	0.05802	0.00520	0.93678
348 T	0.05808	0.00393	0.93798
349 A	0.05811	0.00361	0.93828
350 T	0.05804	0.00351	0.93845
351 C	0.05772	0.00357	0.93871
352 G	0.05745	0.00381	0.93873
353 G	0.05727	0.00412	0.93861
354 A	0.05649	0.00527	0.93824
355 A	0.05639	0.00568	0.93792
356 C	0.05642	0.00602	0.93756
357 T	0.05630	0.00800	0.93569
358 A	0.05556	0.00945	0.93499
359 T	0.05518	0.01001	0.93481
360 T	0.05381	0.01187	0.93432
361 G	0.05056	0.01605	0.93339
362 C	0.04863	0.01890	0.93247
363 A	0.04580	0.02241	0.93179
364 A	0.04363	0.02499	0.93137
365 A	0.04235	0.02646	0.9312
366 A	0.04155	0.02734	0.93111
367 C	0.04132	0.02757	0.9311
368 A	0.04116	0.02776	0.93108
369 A	0.04111	0.02782	0.93107
370 G	0.04108	0.02783	0.93109
371 C	0.04108	0.02779	0.93113
372 A	0.04109	0.02784	0.93107
373 G	0.04112	0.02771	0.93117
374 G	0.04120	0.02742	0.93138
375 A	0.04129	0.02724	0.93147
376 A	0.04147	0.02697	0.93156
377 G	0.04194	0.02560	0.93246
378 A	0.04242	0.02473	0.93285
379 A	0.04302	0.02377	0.93321
380 A	0.04494	0.02131	0.93375
381 T	0.04602	0.01907	0.9349
382 A	0.04635	0.01805	0.9356
383 A	0.04693	0.01571	0.93736
384 T	0.04793	0.01129	0.94077
385 A	0.04864	0.00868	0.94267
386 T	0.04929	0.00525	0.94546
387 T	0.04965	0.00304	0.94731
388 T	0.04977	0.00189	0.94834
389 C	0.04980	0.00128	0.94892
390 T	0.04981	0.00115	0.94904
391 G	0.04979	0.00113	0.94909
392 T	0.04982	0.00111	0.94907
393 T	0.04980	0.00127	0.94892
394 C	0.04974	0.00185	0.94841
395 T	0.04978	0.00305	0.94717
396 T	0.04978	0.00373	0.94648
397 A	0.04975	0.00444	0.94581
398 T	0.04980	0.00478	0.94543
399 T	0.04982	0.00501	0.94517
400 T	0.04983	0.00504	0.94514
401 T	0.04983	0.00504	0.94513
402 T	0.04982	0.00506	0.94512
403 T	0.04979	0.00513	0.94509
404 C	0.04965	0.00531	0.94505
405 T	0.04956	0.00551	0.94492
406 A	0.04943	0.00574	0.94483
407 G	0.04921	0.00605	0.94474
408 T	0.04899	0.00641	0.94461
409 G	0.04867	0.00686	0.94448
410 A	0.04838	0.00739	0.94424
411 T	0.04822	0.00783	0.94395
412 A	0.04768	0.00899	0.94333
413 A	0.04753	0.00941	0.94305
414 A	0.04756	0.00950	0.94295
415 G	0.04772	0.00944	0.94284
416 A	0.04804	0.00924	0.94271
417 T	0.04930	0.00792	0.94279
418 T	0.05064	0.00662	0.94274
419 T	0.05113	0.00618	0.9427
420 T	0.05084	0.00645	0.94271
421 C	0.04990	0.00739	0.94272
422 T	0.04918	0.00815	0.94268
423 T	0.04760	0.00979	0.94261
424 C	0.04611	0.01141	0.94248
425 A	0.04490	0.01332	0.94178
426 A	0.04405	0.01508	0.94087
427 T	0.04374	0.01576	0.9405
428 T	0.04323	0.01653	0.94024
429 A	0.04006	0.01991	0.94003
430 A	0.03876	0.02119	0.94006
431 T	0.03863	0.02115	0.94023
432 A	0.03841	0.02116	0.94043
433 G	0.03853	0.02076	0.94072
434 A	0.03881	0.02029	0.94089
435 T	0.03946	0.01914	0.9414
436 T	0.03970	0.01875	0.94155
437 C	0.03974	0.01865	0.94162
438 A	0.03974	0.01867	0.94158
439 A	0.03982	0.01862	0.94156
440 A	0.03985	0.01859	0.94156
441 T	0.03998	0.01842	0.9416
442 A	0.04007	0.01822	0.94171
443 T	0.04015	0.01714	0.94272
444 T	0.04019	0.01572	0.9441
445 A	0.04018	0.01474	0.94509
446 C	0.04016	0.01301	0.94684
447 A	0.04024	0.01181	0.94794
448 G	0.04092	0.01023	0.94884
449 T	0.04200	0.00859	0.94941
450 T	0.04255	0.00778	0.94967
451 T	0.04257	0.00760	0.94983
452 G	0.04207	0.00579	0.95213
453 T	0.04171	0.00743	0.95086
454 T	0.04087	0.01204	0.94708
455 T	0.03973	0.01746	0.94281
456 A	0.03748	0.02705	0.93547
457 A	0.03622	0.03217	0.93161
458 T	0.03571	0.03429	0.93
459 T	0.03432	0.03611	0.92957
460 A	0.03194	0.03885	0.92921
461 A	0.03050	0.04045	0.92905
462 A	0.02987	0.04113	0.92899
463 C	0.02938	0.04163	0.92899
464 A	0.02926	0.04184	0.92891
465 A	0.02924	0.04187	0.92889
466 G	0.02925	0.04189	0.92886
467 G	0.02931	0.04182	0.92887
468 T	0.02947	0.04165	0.92887
469 T	0.02954	0.04153	0.92893
470 T	0.02961	0.04146	0.92893
471 A	0.02963	0.04147	0.9289
472 A	0.02969	0.04143	0.92889
473 A	0.02981	0.04120	0.92899
474 A	0.03022	0.04042	0.92936
475 A	0.03159	0.03820	0.93021
476 A	0.03560	0.03347	0.93094
477 T	0.04120	0.02668	0.93212
478 G	0.04543	0.02105	0.93351
479 T	0.05192	0.01217	0.93591
480 T	0.05435	0.00832	0.93733
481 A	0.05510	0.00716	0.93773
482 T	0.05555	0.00577	0.93869
483 T	0.05570	0.00418	0.94011
484 T	0.05538	0.00361	0.94102
485 A	0.05479	0.00430	0.94091
486 T	0.05434	0.00549	0.94017
487 T	0.05261	0.00975	0.93764
488 A	0.04761	0.01924	0.93315
489 T	0.04525	0.02515	0.9296
490 G	0.04068	0.03056	0.92876
491 A	0.03748	0.03421	0.92832
492 T	0.03644	0.03527	0.9283
493 T	0.03507	0.03665	0.92828
494 C	0.03298	0.03875	0.92828
495 C	0.03139	0.04037	0.92824
496 C	0.03022	0.04158	0.9282
497 A	0.02934	0.04252	0.92813
498 A	0.02908	0.04280	0.92812
499 A	0.02901	0.04289	0.9281
500 C	0.02903	0.04288	0.9281
501 A	0.02907	0.04286	0.92807
502 T	0.02919	0.04274	0.92807
503 T	0.02923	0.04274	0.92802
504 A	0.02923	0.04284	0.92793
505 G	0.02929	0.04284	0.92788
506 A	0.02945	0.04243	0.92812
507 G	0.02975	0.04147	0.92878
508 A	0.03043	0.04019	0.92937
509 A	0.03171	0.03824	0.93005
510 A	0.03436	0.03370	0.93194
511 G	0.03855	0.02457	0.93689
512 A	0.04182	0.01935	0.93882
513 A	0.04268	0.01471	0.94261
514 T	0.04327	0.01098	0.94574
515 T	0.04317	0.01012	0.94671
516 T	0.04279	0.01043	0.94678
517 G	0.04219	0.01079	0.94702
518 G	0.04175	0.01136	0.94689
519 T	0.04160	0.01274	0.94566
520 T	0.04094	0.01712	0.94194
521 T	0.03973	0.02054	0.93973
522 G	0.03754	0.02326	0.9392
523 A	0.03626	0.02463	0.93911
524 G	0.03585	0.02504	0.9391
525 A	0.03567	0.02526	0.93906
526 C	0.03558	0.02534	0.93908
527 C	0.03562	0.02551	0.93887
528 T	0.03563	0.02569	0.93868
529 A	0.03535	0.02628	0.93838
530 A	0.03517	0.02655	0.93827
531 T	0.03504	0.02675	0.9382
532 C	0.03485	0.02699	0.93816
533 A	0.03476	0.02722	0.93802
534 A	0.03483	0.02722	0.93795
535 A	0.03542	0.02667	0.93791
536 T	0.03621	0.02588	0.9379
537 G	0.03672	0.02549	0.93779
538 A	0.03794	0.02419	0.93787
539 T	0.04043	0.02130	0.93827
540 T	0.04209	0.01923	0.93868
541 G	0.04286	0.01859	0.93855
542 A	0.04425	0.01735	0.93839
543 T	0.04771	0.01358	0.93871
544 T	0.04897	0.01270	0.93832
545 T	0.04861	0.01262	0.93877
546 T	0.04742	0.01410	0.93848
547 A	0.04583	0.01725	0.93692
548 A	0.04501	0.01950	0.93549
549 A	0.04450	0.02133	0.93417
550 A	0.04446	0.02285	0.9327
551 G	0.04452	0.02331	0.93216
552 T	0.04451	0.02434	0.93115
553 A	0.04356	0.02558	0.93086
554 T	0.04274	0.02633	0.93094
555 A	0.04038	0.02877	0.93085
556 A	0.03941	0.02972	0.93087
557 C	0.03900	0.03001	0.93099
558 A	0.03817	0.03100	0.93083
559 G	0.03734	0.03208	0.93058
560 G	0.03725	0.03263	0.93013
561 A	0.03740	0.03352	0.92908
562 G	0.03747	0.03478	0.92776
563 A	0.03785	0.03644	0.92571
564 T	0.03893	0.03703	0.92403
565 A	0.03957	0.03647	0.92397
566 A	0.04047	0.03522	0.9243
567 T	0.04235	0.03253	0.92511
568 T	0.04329	0.03061	0.9261
569 C	0.04390	0.02885	0.92726
570 G	0.04519	0.02686	0.92795
571 G	0.04656	0.02528	0.92816
572 A	0.04800	0.02390	0.9281
573 T	0.04978	0.02222	0.92799
574 A	0.05043	0.02168	0.92788
575 A	0.05161	0.02005	0.92834
576 T	0.05215	0.01845	0.9294
577 A	0.05229	0.01771	0.93
578 T	0.05252	0.01580	0.93167
579 T	0.05256	0.01563	0.93181
580 A	0.05253	0.01659	0.93088
581 A	0.05258	0.01656	0.93087
582 A	0.05281	0.01613	0.93106
583 G	0.05332	0.01582	0.93087
584 G	0.05435	0.01546	0.93019
585 A	0.05559	0.01441	0.92999
586 G	0.05768	0.01220	0.93013
587 T	0.05950	0.01043	0.93007
588 T	0.05976	0.01035	0.92988
589 C	0.05983	0.01031	0.92986
590 C	0.05987	0.01042	0.92971
591 T	0.05993	0.01071	0.92936
592 T	0.05984	0.01119	0.92897
593 C	0.05959	0.01176	0.92864
594 G	0.05860	0.01370	0.9277
595 A	0.05711	0.01715	0.92574
596 T	0.05576	0.02079	0.92345
597 A	0.05220	0.02477	0.92303
598 G	0.05079	0.02619	0.92302
599 G	0.05032	0.02664	0.92304
600 A	0.05041	0.02648	0.9231
601 C	0.05070	0.02610	0.9232
602 C	0.05128	0.02556	0.92316
603 T	0.05229	0.02504	0.92266
604 A	0.05235	0.02517	0.92247
605 A	0.05249	0.02514	0.92238
606 A	0.05272	0.02498	0.9223
607 A	0.05327	0.02435	0.92237
608 C	0.05356	0.02373	0.9227
609 A	0.05368	0.02356	0.92276
610 G	0.05396	0.02322	0.92282
611 C	0.05435	0.02275	0.9229
612 T	0.05477	0.02239	0.92284
613 T	0.05500	0.02231	0.92269
614 T	0.05508	0.02221	0.92271
615 G	0.05467	0.02272	0.9226
616 A	0.05451	0.02331	0.92218
617 A	0.05494	0.02183	0.92323
618 A	0.05658	0.01835	0.92508
619 T	0.05876	0.01436	0.92688
620 T	0.05903	0.01099	0.92998
621 A	0.05863	0.01071	0.93065
622 T	0.05828	0.01134	0.93039
623 T	0.05731	0.01393	0.92877
624 G	0.05536	0.01651	0.92813
625 A	0.05292	0.02007	0.92701
626 A	0.05134	0.02203	0.92663
627 T	0.05026	0.02323	0.92652
628 C	0.04872	0.02508	0.9262
629 A	0.04782	0.02795	0.92423
630 A	0.04703	0.02935	0.92362
631 T	0.04673	0.02994	0.92333
632 T	0.04646	0.03046	0.92308
633 T	0.04606	0.03116	0.92278
634 G	0.04507	0.03286	0.92207
635 A	0.04460	0.03377	0.92163
636 T	0.04447	0.03432	0.9212
637 A	0.04380	0.03596	0.92024
638 A	0.04358	0.03608	0.92034
639 T	0.04398	0.03549	0.92053
640 T	0.04382	0.03562	0.92056
641 T	0.04301	0.03659	0.9204
642 A	0.04126	0.03871	0.92003
643 G	0.04013	0.04022	0.91965
644 A	0.04016	0.04026	0.91957
645 A	0.04040	0.04018	0.91941
646 A	0.04184	0.03839	0.91977
647 A	0.04288	0.03586	0.92127
648 T	0.04458	0.03168	0.92373
649 A	0.04538	0.02895	0.92566
650 T	0.04637	0.02651	0.92712
651 T	0.04726	0.02422	0.92851
652 T	0.04866	0.02232	0.92902
653 T	0.04886	0.02171	0.92943
654 T	0.04828	0.02221	0.92951
655 G	0.04711	0.02342	0.92947
656 A	0.04641	0.02443	0.92916
657 T	0.04677	0.02383	0.9294
658 A	0.04595	0.02528	0.92877
659 A	0.04558	0.02652	0.92791
660 T	0.04607	0.02713	0.9268
661 T	0.04527	0.02899	0.92573
662 T	0.04389	0.03326	0.92285
663 A	0.03952	0.04242	0.91807
664 A	0.03551	0.05006	0.91443
665 A	0.03305	0.05504	0.91191
666 T	0.03225	0.05674	0.911
667 A	0.03188	0.05956	0.90856
668 A	0.03219	0.05981	0.90799
669 T	0.03279	0.05994	0.90728
670 T	0.03276	0.06173	0.90551
671 T	0.03247	0.06621	0.90132
672 A	0.03128	0.07088	0.89784
673 A	0.03112	0.07275	0.89613
674 A	0.03096	0.07470	0.89435
675 T	0.03117	0.07572	0.89311
676 T	0.03114	0.07645	0.89241
677 T	0.03063	0.07741	0.89196
678 A	0.02981	0.07936	0.89082
679 A	0.02955	0.08067	0.88978
680 A	0.02947	0.08162	0.88891
681 A	0.03036	0.08009	0.88956
682 A	0.03176	0.07776	0.89048
683 T	0.03460	0.07362	0.89178
684 A	0.03611	0.07136	0.89254
685 A	0.03932	0.06687	0.89382
686 A	0.04404	0.05851	0.89745
687 A	0.04842	0.05028	0.90129
688 T	0.05219	0.04343	0.90438
689 C	0.05274	0.04186	0.9054
690 T	0.05486	0.04383	0.90131
691 A	0.05372	0.05276	0.89352
692 A	0.05245	0.06122	0.88633
693 A	0.05263	0.06696	0.88041
694 T	0.05650	0.06571	0.87779
695 T	0.05887	0.06522	0.87592
696 A	0.05898	0.06529	0.87573
697 A	0.06001	0.06379	0.87619
698 T	0.06158	0.06173	0.87669
699 T	0.06182	0.06106	0.87712
700 C	0.06161	0.06068	0.87772
701 A	0.06222	0.05983	0.87795
702 A	0.06300	0.05888	0.87812
703 T	0.06337	0.05829	0.87834
704 T	0.06257	0.05916	0.87827
705 C	0.06113	0.06087	0.87801
706 A	0.05964	0.06392	0.87644
707 A	0.05913	0.06509	0.87577
708 A	0.05896	0.06568	0.87536
709 A	0.05905	0.06656	0.8744
710 A	0.05948	0.06633	0.87419
711 A	0.06017	0.06495	0.87488
712 G	0.06161	0.06152	0.87688
713 A	0.06656	0.05561	0.87783
714 A	0.07449	0.04561	0.87989
715 G	0.08241	0.03512	0.88248
716 T	0.08917	0.02652	0.88432
717 T	0.09199	0.02266	0.88536
718 T	0.09379	0.02006	0.88615
719 T	0.09393	0.01892	0.88715
720 G	0.09381	0.01868	0.88751
721 T	0.09380	0.01854	0.88766
722 T	0.09373	0.01822	0.88805
723 A	0.09356	0.01780	0.88863
724 A	0.09342	0.01737	0.88921
725 A	0.09360	0.01625	0.89014
726 T	0.09390	0.01439	0.89171
727 C	0.09386	0.01277	0.89338
728 G	0.09403	0.01163	0.89434
729 T	0.09557	0.00945	0.89498
730 C	0.09615	0.00882	0.89502
731 A	0.09654	0.00988	0.89357
732 T	0.09755	0.01014	0.89231
733 T	0.09782	0.01098	0.8912
734 T	0.09787	0.01209	0.89005
735 A	0.09772	0.01404	0.88824
736 G	0.09785	0.01503	0.88712
737 T	0.09808	0.01548	0.88644
738 T	0.09825	0.01617	0.88559
739 A	0.09839	0.01687	0.88475
740 T	0.09876	0.01734	0.8839
741 T	0.09857	0.01851	0.88292
742 A	0.09827	0.02009	0.88164
743 T	0.09847	0.02033	0.88119
744 T	0.09853	0.02073	0.88074
745 A	0.09828	0.02137	0.88036
746 A	0.09818	0.02153	0.88029
747 T	0.09792	0.02175	0.88033
748 A	0.09737	0.02230	0.88033
749 A	0.09718	0.02245	0.88038
750 A	0.09713	0.02225	0.88062
751 T	0.09740	0.02174	0.88085
752 C	0.09750	0.02157	0.88093
753 A	0.09792	0.02113	0.88095
754 G	0.09961	0.01937	0.88102
755 T	0.10158	0.01736	0.88106
756 T	0.10303	0.01585	0.88112
757 C	0.10418	0.01464	0.88118
758 C	0.10588	0.01278	0.88135
759 T	0.10741	0.01140	0.88119
760 T	0.10802	0.01086	0.88113
761 T	0.10862	0.01031	0.88107
762 A	0.10912	0.00990	0.88099
763 T	0.11017	0.00883	0.88099
764 C	0.11108	0.00739	0.88153
765 T	0.11186	0.00669	0.88146
766 T	0.11145	0.00746	0.88108
767 T	0.11118	0.00802	0.88081
768 T	0.11086	0.00882	0.88032
769 G	0.11000	0.01069	0.87931
770 A	0.10978	0.01197	0.87825
771 T	0.10970	0.01323	0.87707
772 T	0.10941	0.01421	0.87638
773 A	0.10679	0.01892	0.87428
774 T	0.10523	0.02080	0.87397
775 A	0.10040	0.02656	0.87304
776 C	0.09572	0.03196	0.87232
777 T	0.09377	0.03725	0.86897
778 C	0.09191	0.04010	0.86799
779 A	0.09063	0.04635	0.86302
780 A	0.08977	0.04962	0.86061
781 A	0.08924	0.05135	0.85941
782 C	0.08867	0.05284	0.85849
783 T	0.08645	0.05759	0.85596
784 A	0.08475	0.06426	0.85099
785 A	0.08411	0.06751	0.84838
786 A	0.08391	0.06816	0.84792
787 A	0.08400	0.06822	0.84779
788 T	0.08468	0.06640	0.84892
789 T	0.08356	0.06628	0.85016
790 C	0.07869	0.07072	0.8506
791 A	0.07412	0.07753	0.84834
792 A	0.07082	0.08362	0.84557
793 A	0.06867	0.08902	0.84232
794 A	0.06779	0.09120	0.841
795 A	0.06640	0.09254	0.84106
796 A	0.06749	0.08848	0.84404
797 A	0.06763	0.08635	0.84602
798 A	0.06883	0.07998	0.85119
799 C	0.07010	0.07332	0.85657
800 C	0.07340	0.06838	0.85822
801 A	0.07499	0.06613	0.85888
802 T	0.08060	0.05983	0.85956
803 T	0.08346	0.05655	0.85999
804 T	0.08483	0.05492	0.86026
805 T	0.08598	0.05306	0.86097
806 C	0.08760	0.04857	0.86383
807 T	0.09182	0.04301	0.86516
808 G	0.09377	0.04069	0.86554
809 T	0.09451	0.04015	0.86534
810 A	0.09473	0.04032	0.86495
811 T	0.09516	0.04013	0.8647
812 T	0.09544	0.03779	0.86677
813 A	0.09567	0.03275	0.87158
814 T	0.09752	0.02643	0.87606
815 A	0.10000	0.02182	0.87818
816 T	0.10305	0.01677	0.88019
817 A	0.10397	0.01479	0.88123
818 A	0.10410	0.01296	0.88294
819 T	0.10414	0.01235	0.88351
820 T	0.10398	0.01301	0.88301
821 T	0.10330	0.01565	0.88104
822 T	0.10256	0.01703	0.88042
823 T	0.10127	0.01969	0.87904
824 T	0.09794	0.02568	0.87638
825 G	0.08967	0.03954	0.8708
826 C	0.07968	0.05987	0.86045
827 A	0.05053	0.11079	0.83868
828 A	0.03857	0.13367	0.82776
829 A	0.02708	0.15371	0.81921
830 A	0.02649	0.15600	0.81751
831 A	0.02655	0.15671	0.81674
832 T	0.02698	0.15662	0.8164
833 A	0.02739	0.15629	0.81632
834 T	0.02794	0.15568	0.81638
835 A	0.02840	0.15512	0.81647
836 A	0.02910	0.15418	0.81671
837 A	0.02958	0.15345	0.81697
838 T	0.03086	0.15183	0.81731
839 T	0.03127	0.15127	0.81746
840 A	0.03170	0.15068	0.81762
841 A	0.03229	0.14992	0.8178
842 A	0.03282	0.14913	0.81805
843 A	0.03384	0.14755	0.81861
844 C	0.03596	0.14383	0.82021
845 A	0.03739	0.14150	0.82112
846 A	0.03995	0.13741	0.82264
847 A	0.04534	0.12882	0.82584
848 A	0.05429	0.11270	0.83301
849 T	0.06898	0.08911	0.84191
850 T	0.08817	0.03939	0.87243
851 A	0.09563	0.01941	0.88497
852 A	0.10251	0.00000	0.89749
