# lcl|CP097583.1_cds_USQ93193.1_1
# AA	inside	membr	outside
1 A	0.66537	0.00000	0.33463
2 T	0.66516	0.00021	0.33463
3 G	0.66497	0.00040	0.33463
4 T	0.66497	0.00152	0.33351
5 C	0.66070	0.00628	0.33303
6 T	0.66070	0.00665	0.33265
7 G	0.60419	0.06350	0.33231
8 T	0.60419	0.06351	0.33231
9 C	0.59898	0.06891	0.33211
10 G	0.59896	0.11863	0.28241
11 T	0.59727	0.12495	0.27778
12 T	0.55867	0.16722	0.27412
13 G	0.44718	0.31737	0.23546
14 A	0.44711	0.31743	0.23546
15 A	0.44711	0.41642	0.13647
16 T	0.44516	0.41837	0.13647
17 T	0.43641	0.42810	0.13549
18 A	0.43579	0.43063	0.13359
19 A	0.42604	0.44099	0.13297
20 T	0.40155	0.47730	0.12115
21 T	0.34311	0.53587	0.12102
22 A	0.33443	0.55135	0.11422
23 A	0.32767	0.56437	0.10796
24 T	0.31975	0.57956	0.10069
25 A	0.30119	0.61078	0.08803
26 G	0.29308	0.62247	0.08444
27 A	0.28990	0.62457	0.08553
28 A	0.28925	0.62152	0.08923
29 A	0.28904	0.61981	0.09115
30 T	0.29453	0.56298	0.14249
31 C	0.29535	0.55610	0.14855
32 A	0.29729	0.54824	0.15447
33 A	0.33997	0.50068	0.15936
34 G	0.34771	0.48894	0.16335
35 A	0.36760	0.43931	0.19309
36 T	0.41186	0.31198	0.27616
37 T	0.41969	0.29788	0.28243
38 T	0.47523	0.24045	0.28432
39 A	0.47484	0.24598	0.27917
40 T	0.47696	0.23231	0.29073
41 T	0.47760	0.22262	0.29978
42 A	0.47548	0.21785	0.30667
43 G	0.48314	0.19101	0.32585
44 A	0.48266	0.18681	0.33053
45 A	0.48988	0.21195	0.29817
46 A	0.49593	0.21903	0.28504
47 A	0.50508	0.21504	0.27988
48 T	0.51954	0.20059	0.27987
49 T	0.52204	0.23517	0.24279
50 T	0.52131	0.27314	0.20555
51 A	0.52077	0.28588	0.19335
52 T	0.52081	0.30087	0.17832
53 T	0.52013	0.31738	0.16249
54 T	0.51863	0.32593	0.15544
55 G	0.51618	0.33675	0.14707
56 A	0.51610	0.34600	0.13791
57 A	0.51668	0.35179	0.13154
58 G	0.51791	0.35402	0.12807
59 A	0.52136	0.35066	0.12798
60 T	0.52892	0.34257	0.12852
61 T	0.53217	0.33892	0.12892
62 T	0.53854	0.33181	0.12965
63 C	0.53880	0.33301	0.12819
64 A	0.53998	0.33746	0.12257
65 A	0.54243	0.33633	0.12124
66 A	0.54604	0.33325	0.1207
67 A	0.57580	0.30304	0.12116
68 A	0.61946	0.25912	0.12142
69 T	0.65022	0.22690	0.12288
70 G	0.66979	0.20612	0.12409
71 A	0.69539	0.17996	0.12466
72 T	0.74990	0.12374	0.12635
73 T	0.78700	0.08468	0.12831
74 C	0.79589	0.07408	0.13002
75 T	0.81150	0.05771	0.13078
76 T	0.82188	0.04653	0.13159
77 T	0.82543	0.04222	0.13235
78 C	0.82738	0.03903	0.13359
79 T	0.83266	0.03367	0.13367
80 T	0.83402	0.03231	0.13367
81 T	0.83084	0.03666	0.1325
82 A	0.81778	0.05007	0.13214
83 G	0.80859	0.05954	0.13186
84 T	0.80634	0.06162	0.13205
85 A	0.80473	0.06283	0.13244
86 C	0.80616	0.05989	0.13395
87 T	0.81163	0.05419	0.13417
88 T	0.81230	0.05348	0.13422
89 C	0.81167	0.05398	0.13435
90 T	0.80991	0.05583	0.13426
91 A	0.80734	0.05852	0.13414
92 A	0.80630	0.05955	0.13415
93 C	0.80583	0.05986	0.13432
94 T	0.80561	0.06023	0.13416
95 T	0.80444	0.06155	0.13401
96 T	0.80233	0.06398	0.13368
97 T	0.79799	0.07001	0.132
98 T	0.78823	0.08244	0.12933
99 G	0.77489	0.09700	0.12812
100 A	0.76601	0.10970	0.1243
101 T	0.76106	0.11295	0.126
102 G	0.75285	0.12238	0.12477
103 A	0.74651	0.12739	0.1261
104 A	0.74429	0.12633	0.12938
105 A	0.74303	0.11597	0.14101
106 T	0.74190	0.10793	0.15017
107 C	0.74030	0.10687	0.15283
108 T	0.73975	0.10921	0.15104
109 G	0.73882	0.11794	0.14324
110 A	0.73851	0.12888	0.13262
111 T	0.73843	0.13293	0.12864
112 A	0.73788	0.14238	0.11975
113 T	0.73705	0.14586	0.11709
114 T	0.73539	0.15614	0.10846
115 A	0.72163	0.17930	0.09907
116 A	0.71275	0.19190	0.09534
117 A	0.70920	0.19675	0.09405
118 G	0.70771	0.19703	0.09525
119 A	0.70737	0.19659	0.09604
120 A	0.70819	0.19208	0.09972
121 T	0.71085	0.18001	0.10914
122 A	0.71078	0.17161	0.11762
123 T	0.71305	0.16562	0.12134
124 A	0.71294	0.16812	0.11894
125 A	0.71508	0.16348	0.12144
126 T	0.71632	0.15721	0.12647
127 G	0.71634	0.15646	0.12719
128 A	0.71708	0.15507	0.12785
129 T	0.71789	0.15338	0.12873
130 C	0.71608	0.15431	0.12962
131 A	0.71660	0.15521	0.1282
132 C	0.72473	0.14752	0.12775
133 T	0.73616	0.13882	0.12502
134 A	0.74136	0.13610	0.12254
135 T	0.75302	0.12630	0.12068
136 G	0.75855	0.12291	0.11854
137 T	0.76947	0.11251	0.11803
138 T	0.77637	0.09291	0.13073
139 T	0.77866	0.08442	0.13693
140 T	0.77887	0.08251	0.13862
141 A	0.77604	0.08742	0.13654
142 A	0.77582	0.08701	0.13718
143 T	0.77670	0.08442	0.13888
144 A	0.77307	0.08762	0.13931
145 A	0.76095	0.09820	0.14085
146 C	0.75172	0.10598	0.14231
147 T	0.74662	0.11700	0.13638
148 G	0.73011	0.14164	0.12825
149 A	0.71908	0.16230	0.11861
150 A	0.71768	0.16513	0.11719
151 A	0.71665	0.16598	0.11737
152 T	0.71685	0.16364	0.11951
153 T	0.71243	0.16521	0.12235
154 C	0.69989	0.17515	0.12496
155 C	0.69267	0.18315	0.12418
156 T	0.68928	0.19119	0.11953
157 G	0.67772	0.21309	0.10919
158 G	0.67037	0.22237	0.10725
159 T	0.65794	0.23853	0.10352
160 T	0.63459	0.26559	0.09982
161 T	0.60272	0.29891	0.09836
162 C	0.54332	0.36028	0.09641
163 A	0.51213	0.39859	0.08928
164 A	0.49641	0.41548	0.08811
165 A	0.48629	0.42580	0.08792
166 A	0.48212	0.42955	0.08832
167 A	0.48060	0.42884	0.09056
168 A	0.47711	0.41629	0.10661
169 G	0.47319	0.40512	0.12169
170 A	0.47412	0.39602	0.12986
171 A	0.47648	0.38428	0.13924
172 G	0.48164	0.37700	0.14135
173 A	0.48261	0.37914	0.13825
174 A	0.48304	0.38384	0.13312
175 A	0.48451	0.38953	0.12597
176 T	0.48709	0.38345	0.12947
177 T	0.48850	0.37284	0.13866
178 A	0.48788	0.37640	0.13572
179 A	0.49128	0.37003	0.13868
180 A	0.49942	0.35037	0.15021
181 A	0.50237	0.32888	0.16875
182 T	0.50946	0.27390	0.21663
183 T	0.51625	0.22489	0.25887
184 T	0.51907	0.19158	0.28935
185 C	0.51987	0.15837	0.32177
186 T	0.52274	0.14734	0.32992
187 T	0.52178	0.14339	0.33483
188 T	0.51273	0.15132	0.33594
189 A	0.49357	0.18309	0.32334
190 G	0.47939	0.21820	0.3024
191 A	0.47090	0.28375	0.24535
192 A	0.46614	0.33256	0.20131
193 A	0.46688	0.35247	0.18064
194 A	0.47446	0.35413	0.17141
195 T	0.48568	0.34555	0.16877
196 G	0.49188	0.34380	0.16431
197 G	0.50135	0.33794	0.16071
198 T	0.51558	0.32677	0.15765
199 T	0.52112	0.32469	0.15418
200 A	0.52556	0.32118	0.15326
201 T	0.53502	0.31061	0.15437
202 T	0.53775	0.30780	0.15444
203 T	0.53937	0.30641	0.15422
204 A	0.53983	0.30648	0.1537
205 A	0.54150	0.30491	0.15358
206 T	0.54532	0.30016	0.15452
207 T	0.54705	0.29692	0.15602
208 T	0.54682	0.29612	0.15706
209 T	0.54441	0.29817	0.15742
210 A	0.53852	0.30403	0.15745
211 G	0.53666	0.29533	0.16801
212 A	0.54896	0.26503	0.186
213 A	0.57389	0.22673	0.19938
214 G	0.63977	0.15282	0.20741
215 C	0.69528	0.09318	0.21153
216 T	0.72395	0.06322	0.21284
217 T	0.73536	0.05105	0.21358
218 T	0.74138	0.04509	0.21353
219 T	0.74448	0.04237	0.21316
220 C	0.74388	0.04311	0.21301
221 C	0.74213	0.04564	0.21223
222 T	0.73348	0.05834	0.20818
223 T	0.70356	0.09498	0.20146
224 C	0.58219	0.22746	0.19035
225 A	0.40589	0.44113	0.15299
226 A	0.20512	0.70388	0.09099
227 A	0.12006	0.82028	0.05966
228 A	0.08764	0.86451	0.04786
229 A	0.07247	0.88488	0.04265
230 A	0.06581	0.89137	0.04282
231 A	0.06052	0.89547	0.04401
232 G	0.05612	0.89743	0.04645
233 A	0.05440	0.89661	0.04899
234 G	0.05244	0.89746	0.0501
235 G	0.05095	0.89968	0.04937
236 A	0.05057	0.90190	0.04754
237 A	0.05058	0.90292	0.0465
238 A	0.05086	0.90261	0.04652
239 C	0.05111	0.90186	0.04702
240 A	0.05119	0.90234	0.04647
241 A	0.05143	0.90243	0.04614
242 A	0.05193	0.90165	0.04642
243 A	0.05250	0.89822	0.04928
244 A	0.05414	0.89217	0.05369
245 A	0.06070	0.86342	0.07588
246 A	0.07058	0.80984	0.11958
247 G	0.08547	0.65589	0.25864
248 A	0.12100	0.45126	0.42774
249 T	0.18323	0.19906	0.6177
250 T	0.21152	0.12664	0.66184
251 T	0.22029	0.15450	0.62521
252 T	0.22085	0.26956	0.50959
253 A	0.21520	0.35783	0.42697
254 A	0.20739	0.37457	0.41803
255 T	0.20037	0.37899	0.42064
256 T	0.19861	0.38447	0.41692
257 A	0.19560	0.39066	0.41374
258 C	0.19408	0.39638	0.40955
259 C	0.19201	0.41582	0.39217
260 T	0.18837	0.44771	0.36391
261 T	0.15348	0.54897	0.29755
262 A	0.12974	0.63923	0.23103
263 A	0.11722	0.71727	0.16551
264 A	0.10275	0.76101	0.13624
265 A	0.09282	0.78068	0.1265
266 A	0.08575	0.79211	0.12214
267 A	0.07522	0.80630	0.11848
268 G	0.06682	0.81818	0.115
269 A	0.06105	0.82981	0.10914
270 A	0.06464	0.83268	0.10267
271 A	0.07403	0.83261	0.09337
272 G	0.08725	0.82255	0.0902
273 A	0.12092	0.79364	0.08544
274 A	0.17715	0.73687	0.08598
275 T	0.29370	0.61724	0.08906
276 A	0.35264	0.55260	0.09476
277 A	0.36574	0.53061	0.10366
278 C	0.37378	0.51169	0.11453
279 T	0.38613	0.49493	0.11894
280 G	0.38844	0.48881	0.12274
281 G	0.40105	0.47337	0.12559
282 T	0.43246	0.43983	0.12772
283 A	0.45731	0.41344	0.12925
284 T	0.51034	0.32577	0.16388
285 A	0.55399	0.26253	0.18349
286 A	0.60535	0.19903	0.19562
287 T	0.62306	0.16794	0.209
288 T	0.62440	0.15745	0.21815
289 A	0.61427	0.16459	0.22114
290 G	0.60033	0.17379	0.22589
291 A	0.58676	0.19148	0.22177
292 C	0.57059	0.21037	0.21904
293 G	0.56348	0.24025	0.19627
294 T	0.57001	0.24885	0.18114
295 A	0.56558	0.26592	0.1685
296 G	0.56827	0.26965	0.16209
297 T	0.56878	0.27408	0.15713
298 T	0.56507	0.28940	0.14553
299 T	0.56154	0.30129	0.13717
300 T	0.55526	0.30846	0.13627
301 A	0.54692	0.31835	0.13474
302 A	0.54195	0.32053	0.13751
303 T	0.53738	0.31779	0.14483
304 C	0.52203	0.32768	0.15028
305 T	0.50523	0.34754	0.14724
306 A	0.47515	0.38567	0.13919
307 G	0.45061	0.41706	0.13232
308 G	0.44259	0.42749	0.12992
309 A	0.43790	0.43663	0.12547
310 G	0.43705	0.42900	0.13395
311 A	0.43809	0.42260	0.13931
312 A	0.44271	0.40733	0.14996
313 A	0.45301	0.38161	0.16538
314 A	0.47264	0.34411	0.18325
315 T	0.49696	0.29658	0.20647
316 T	0.52068	0.26530	0.21402
317 T	0.53041	0.25722	0.21237
318 T	0.53357	0.25842	0.20802
319 A	0.53324	0.27409	0.19266
320 A	0.53393	0.27587	0.19019
321 T	0.54276	0.26393	0.19331
322 A	0.54733	0.25808	0.19458
323 T	0.53969	0.26032	0.19999
324 T	0.52148	0.27424	0.20428
325 A	0.45994	0.34123	0.19883
326 A	0.41593	0.38900	0.19507
327 A	0.36932	0.43414	0.19654
328 G	0.33750	0.46040	0.20211
329 A	0.33266	0.45116	0.21618
330 T	0.33680	0.42690	0.23629
331 A	0.32913	0.43561	0.23527
332 T	0.32760	0.43471	0.23769
333 T	0.31513	0.44703	0.23784
334 C	0.28725	0.47597	0.23677
335 A	0.26906	0.49921	0.23173
336 A	0.25974	0.50880	0.23146
337 G	0.25704	0.51143	0.23153
338 G	0.25793	0.51077	0.2313
339 T	0.26737	0.50218	0.23045
340 C	0.27362	0.49509	0.23129
341 A	0.28050	0.48912	0.23038
342 T	0.29449	0.47400	0.23151
343 T	0.29532	0.47233	0.23236
344 T	0.29014	0.47685	0.23301
345 A	0.27624	0.48930	0.23447
346 G	0.26382	0.48471	0.25147
347 A	0.25791	0.47280	0.26928
348 A	0.25444	0.42653	0.31904
349 A	0.25771	0.38527	0.35702
350 A	0.26784	0.32934	0.40282
351 T	0.28055	0.27453	0.44492
352 G	0.28618	0.24897	0.46485
353 G	0.28986	0.23542	0.47472
354 T	0.30090	0.21159	0.48751
355 T	0.30432	0.20397	0.4917
356 T	0.30232	0.20289	0.49479
357 A	0.29150	0.21456	0.49394
358 T	0.28728	0.22392	0.4888
359 T	0.27597	0.25122	0.4728
360 A	0.25607	0.30964	0.43428
361 A	0.25093	0.32482	0.42425
362 T	0.24906	0.33616	0.41479
363 T	0.24308	0.35556	0.40137
364 T	0.23360	0.38327	0.38312
365 T	0.21466	0.43799	0.34735
366 A	0.18649	0.51678	0.29674
367 A	0.17221	0.56308	0.2647
368 A	0.15951	0.58934	0.25114
369 A	0.15485	0.60442	0.24073
370 A	0.15618	0.60617	0.23764
371 T	0.15962	0.60971	0.23067
372 T	0.15900	0.62180	0.21921
373 A	0.15294	0.65674	0.19032
374 A	0.14923	0.67966	0.17111
375 T	0.14879	0.69131	0.15991
376 A	0.14618	0.71287	0.14096
377 A	0.14611	0.72169	0.1322
378 A	0.15111	0.72455	0.12433
379 A	0.16168	0.71757	0.12075
380 A	0.18192	0.69314	0.12493
381 A	0.19955	0.67507	0.12538
382 A	0.21804	0.65612	0.12583
383 T	0.25073	0.62170	0.12756
384 A	0.23809	0.64579	0.11612
385 G	0.22380	0.67253	0.10367
386 A	0.21506	0.69575	0.08919
387 A	0.21121	0.70208	0.0867
388 G	0.23377	0.66368	0.10256
389 A	0.25901	0.62046	0.12054
390 A	0.28104	0.58822	0.13074
391 A	0.28975	0.57085	0.1394
392 C	0.29395	0.57322	0.13282
393 G	0.28496	0.58650	0.12854
394 A	0.29423	0.57723	0.12854
395 A	0.29828	0.57193	0.12979
396 A	0.31666	0.54870	0.13464
397 C	0.32413	0.53791	0.13796
398 C	0.31975	0.54622	0.13403
399 T	0.31930	0.55741	0.12329
400 A	0.24227	0.65680	0.10094
401 A	0.23623	0.66658	0.09719
402 A	0.23776	0.66669	0.09555
403 G	0.24076	0.66233	0.09691
404 A	0.25093	0.64186	0.10721
405 A	0.27037	0.60915	0.12048
406 T	0.30188	0.56114	0.13697
407 A	0.32245	0.51727	0.16027
408 T	0.34118	0.46899	0.18983
409 T	0.35498	0.43030	0.21472
410 T	0.36031	0.40162	0.23807
411 A	0.36094	0.38792	0.25113
412 G	0.36302	0.36288	0.27409
413 A	0.36572	0.34937	0.2849
414 A	0.37152	0.32810	0.30038
415 T	0.38445	0.29011	0.32543
416 T	0.38997	0.26101	0.34902
417 G	0.39099	0.24399	0.36502
418 A	0.39246	0.23130	0.37624
419 A	0.39470	0.21552	0.38978
420 A	0.39825	0.19271	0.40904
421 T	0.40957	0.14976	0.44067
422 A	0.42267	0.11036	0.46697
423 A	0.44594	0.00000	0.55406
