# lcl|CP097583.1_cds_USQ93468.1_1
# AA	inside	membr	outside
1 A	0.45944	0.00000	0.54056
2 T	0.45123	0.00821	0.54056
3 G	0.44486	0.01459	0.54056
4 A	0.44486	0.01595	0.53919
5 C	0.37074	0.09154	0.53773
6 A	0.37073	0.09293	0.53634
7 C	0.13814	0.32579	0.53607
8 A	0.13813	0.32583	0.53604
9 T	0.11194	0.35240	0.53566
10 A	0.11188	0.39015	0.49797
11 A	0.10588	0.39967	0.49445
12 A	0.05893	0.44849	0.49258
13 G	0.02249	0.48855	0.48897
14 A	0.02248	0.48856	0.48897
15 A	0.02248	0.50114	0.47638
16 G	0.02175	0.50187	0.47638
17 A	0.02046	0.50324	0.47631
18 A	0.02040	0.50339	0.4762
19 A	0.01993	0.50391	0.47616
20 T	0.01896	0.50520	0.47585
21 A	0.01601	0.50793	0.47606
22 A	0.01597	0.50716	0.47687
23 A	0.01596	0.50539	0.47865
24 T	0.01602	0.50342	0.48056
25 A	0.01600	0.49003	0.49396
26 A	0.01609	0.47977	0.50414
27 A	0.01717	0.45774	0.5251
28 A	0.01906	0.38725	0.59369
29 T	0.02132	0.36620	0.61249
30 A	0.02368	0.17656	0.79977
31 G	0.02466	0.15540	0.81993
32 C	0.02648	0.11807	0.85546
33 A	0.05563	0.08440	0.85998
34 G	0.06055	0.07355	0.8659
35 T	0.06911	0.04308	0.8878
36 T	0.07330	0.02150	0.9052
37 T	0.07397	0.02020	0.90584
38 T	0.07912	0.01319	0.90769
39 A	0.07876	0.01201	0.90923
40 A	0.07884	0.00978	0.91138
41 C	0.07881	0.00775	0.91344
42 T	0.07854	0.00740	0.91405
43 T	0.07833	0.00680	0.91487
44 C	0.07467	0.00932	0.91602
45 T	0.06756	0.01686	0.91558
46 G	0.06158	0.02366	0.91476
47 G	0.05760	0.02802	0.91438
48 T	0.05462	0.03153	0.91385
49 G	0.04877	0.04149	0.90974
50 G	0.04649	0.04530	0.90821
51 A	0.04575	0.04740	0.90684
52 G	0.04527	0.04802	0.9067
53 A	0.04515	0.04820	0.90665
54 T	0.04563	0.04767	0.9067
55 T	0.04572	0.04751	0.90676
56 C	0.04586	0.04731	0.90683
57 T	0.04552	0.04763	0.90685
58 C	0.04436	0.04881	0.90683
59 C	0.04335	0.04998	0.90667
60 A	0.04209	0.05191	0.906
61 G	0.04176	0.05282	0.90542
62 G	0.04172	0.05309	0.90519
63 A	0.04150	0.05382	0.90468
64 A	0.04145	0.05384	0.9047
65 T	0.04165	0.05202	0.90633
66 G	0.04145	0.05086	0.90769
67 A	0.04175	0.04698	0.91126
68 A	0.04227	0.04012	0.91761
69 T	0.04348	0.03280	0.92373
70 A	0.04393	0.02866	0.92741
71 G	0.04468	0.02455	0.93077
72 T	0.04824	0.01603	0.93574
73 G	0.04946	0.01273	0.93782
74 C	0.05053	0.01097	0.9385
75 T	0.05075	0.01066	0.93858
76 A	0.05082	0.01073	0.93845
77 T	0.05082	0.01089	0.93829
78 T	0.05030	0.01170	0.938
79 A	0.05003	0.01195	0.93802
80 G	0.04993	0.01124	0.93884
81 A	0.04994	0.01002	0.94003
82 G	0.05016	0.00860	0.94124
83 C	0.05086	0.00682	0.94232
84 T	0.05127	0.00635	0.94238
85 A	0.05122	0.00669	0.94209
86 T	0.05148	0.00678	0.94175
87 T	0.05126	0.00778	0.94096
88 G	0.05044	0.00989	0.93967
89 T	0.05003	0.01093	0.93904
90 T	0.04912	0.01239	0.93849
91 T	0.04711	0.01453	0.93835
92 T	0.04455	0.01728	0.93817
93 A	0.03889	0.02311	0.938
94 G	0.03652	0.02570	0.93778
95 C	0.03552	0.02697	0.93751
96 A	0.03445	0.02907	0.93648
97 G	0.03339	0.03019	0.93643
98 G	0.03312	0.03048	0.93639
99 A	0.03213	0.03149	0.93639
100 G	0.03127	0.03232	0.9364
101 C	0.03100	0.03208	0.93693
102 T	0.03057	0.03243	0.937
103 A	0.02967	0.03347	0.93686
104 A	0.02905	0.03409	0.93686
105 A	0.02827	0.03487	0.93685
106 A	0.02786	0.03528	0.93686
107 A	0.02781	0.03497	0.93722
108 A	0.02813	0.03413	0.93774
109 A	0.02852	0.03329	0.93819
110 A	0.02942	0.03142	0.93917
111 T	0.03078	0.02791	0.94132
112 T	0.03121	0.02544	0.94335
113 G	0.03105	0.02303	0.94592
114 C	0.03087	0.02050	0.94863
115 A	0.03080	0.01927	0.94993
116 C	0.03094	0.01583	0.95323
117 T	0.03120	0.01488	0.95392
118 A	0.03135	0.01440	0.95425
119 T	0.03219	0.01307	0.95474
120 T	0.03212	0.01210	0.95577
121 T	0.03179	0.01203	0.95618
122 A	0.03111	0.01122	0.95766
123 T	0.03075	0.01016	0.95909
124 G	0.03036	0.00970	0.95995
125 G	0.03027	0.00919	0.96054
126 T	0.03039	0.00832	0.96128
127 A	0.03031	0.00793	0.96176
128 T	0.03023	0.00730	0.96248
129 T	0.02997	0.00716	0.96287
130 A	0.02914	0.00782	0.96303
131 A	0.02878	0.00799	0.96323
132 A	0.02859	0.00791	0.9635
133 G	0.02843	0.00776	0.96382
134 A	0.02838	0.00759	0.96403
135 T	0.02838	0.00710	0.96453
136 G	0.02834	0.00663	0.96504
137 G	0.02833	0.00629	0.96538
138 T	0.02837	0.00603	0.9656
139 T	0.02838	0.00596	0.96567
140 A	0.02835	0.00600	0.96565
141 T	0.02837	0.00587	0.96577
142 T	0.02831	0.00585	0.96583
143 T	0.02821	0.00579	0.966
144 A	0.02803	0.00574	0.96623
145 G	0.02795	0.00528	0.96677
146 G	0.02797	0.00502	0.967
147 T	0.02807	0.00483	0.9671
148 T	0.02816	0.00480	0.96703
149 T	0.02820	0.00481	0.96699
150 A	0.02820	0.00483	0.96697
151 T	0.02815	0.00477	0.96708
152 A	0.02800	0.00474	0.96726
153 T	0.02793	0.00410	0.96797
154 A	0.02787	0.00388	0.96826
155 A	0.02787	0.00370	0.96844
156 T	0.02787	0.00354	0.96859
157 C	0.02785	0.00351	0.96864
158 A	0.02784	0.00355	0.96861
159 T	0.02786	0.00355	0.9686
160 G	0.02785	0.00362	0.96854
161 A	0.02784	0.00367	0.96848
162 G	0.02780	0.00375	0.96846
163 A	0.02783	0.00375	0.96843
164 T	0.02795	0.00353	0.96852
165 T	0.02797	0.00341	0.96862
166 G	0.02787	0.00338	0.96875
167 A	0.02788	0.00325	0.96887
168 C	0.02797	0.00305	0.96897
169 A	0.02812	0.00292	0.96896
170 T	0.02848	0.00259	0.96893
171 T	0.02871	0.00240	0.96888
172 T	0.02882	0.00230	0.96888
173 T	0.02884	0.00225	0.96891
174 A	0.02859	0.00239	0.96902
175 A	0.02849	0.00231	0.96919
176 C	0.02830	0.00234	0.96936
177 C	0.02803	0.00254	0.96942
178 C	0.02782	0.00275	0.96943
179 C	0.02769	0.00288	0.96944
180 T	0.02750	0.00307	0.96943
181 G	0.02692	0.00366	0.96943
182 A	0.02671	0.00387	0.96942
183 T	0.02667	0.00390	0.96943
184 A	0.02660	0.00395	0.96945
185 A	0.02657	0.00382	0.96961
186 T	0.02664	0.00357	0.9698
187 T	0.02662	0.00350	0.96988
188 T	0.02656	0.00344	0.97
189 A	0.02646	0.00341	0.97013
190 C	0.02640	0.00337	0.97022
191 C	0.02637	0.00339	0.97024
192 A	0.02613	0.00364	0.97023
193 C	0.02612	0.00364	0.97024
194 G	0.02617	0.00361	0.97023
195 T	0.02618	0.00360	0.97022
196 A	0.02617	0.00360	0.97023
197 T	0.02616	0.00335	0.97048
198 T	0.02614	0.00327	0.9706
199 A	0.02610	0.00304	0.97087
200 T	0.02608	0.00271	0.97121
201 T	0.02604	0.00248	0.97148
202 A	0.02598	0.00239	0.97163
203 A	0.02596	0.00218	0.97185
204 T	0.02595	0.00166	0.97239
205 A	0.02594	0.00145	0.97261
206 T	0.02593	0.00132	0.97275
207 T	0.02592	0.00120	0.97287
208 T	0.02591	0.00114	0.97296
209 C	0.02588	0.00111	0.97301
210 A	0.02586	0.00112	0.97301
211 G	0.02586	0.00108	0.97306
212 G	0.02586	0.00103	0.97311
213 A	0.02585	0.00100	0.97315
214 A	0.02586	0.00096	0.97318
215 C	0.02587	0.00065	0.97348
216 T	0.02588	0.00060	0.97352
217 T	0.02589	0.00056	0.97354
218 T	0.02590	0.00054	0.97356
219 T	0.02589	0.00053	0.97357
220 T	0.02589	0.00054	0.97358
221 T	0.02587	0.00052	0.97361
222 A	0.02583	0.00052	0.97365
223 G	0.02581	0.00051	0.97369
224 G	0.02581	0.00047	0.97372
225 T	0.02581	0.00042	0.97377
226 A	0.02577	0.00043	0.9738
227 C	0.02577	0.00040	0.97383
228 T	0.02576	0.00039	0.97384
229 T	0.02573	0.00042	0.97386
230 C	0.02568	0.00044	0.97387
231 T	0.02567	0.00045	0.97388
232 C	0.02563	0.00048	0.97388
233 G	0.02562	0.00049	0.97388
234 T	0.02561	0.00050	0.97388
235 T	0.02559	0.00053	0.97388
236 T	0.02555	0.00057	0.97387
237 T	0.02548	0.00065	0.97387
238 A	0.02537	0.00076	0.97387
239 T	0.02532	0.00081	0.97387
240 T	0.02526	0.00086	0.97388
241 T	0.02518	0.00093	0.97388
242 C	0.02507	0.00104	0.9739
243 A	0.02500	0.00113	0.97387
244 T	0.02495	0.00121	0.97384
245 T	0.02486	0.00130	0.97384
246 T	0.02476	0.00142	0.97382
247 A	0.02459	0.00163	0.97377
248 A	0.02440	0.00185	0.97374
249 A	0.02416	0.00207	0.97377
250 G	0.02393	0.00231	0.97376
251 A	0.02339	0.00291	0.9737
252 T	0.02323	0.00307	0.97371
253 G	0.02301	0.00333	0.97366
254 A	0.02285	0.00354	0.97361
255 T	0.02277	0.00362	0.97361
256 T	0.02265	0.00375	0.9736
257 T	0.02255	0.00388	0.97357
258 A	0.02241	0.00406	0.97353
259 A	0.02234	0.00417	0.97349
260 G	0.02228	0.00420	0.97351
261 T	0.02222	0.00417	0.97361
262 G	0.02204	0.00433	0.97363
263 T	0.02183	0.00450	0.97366
264 A	0.02142	0.00485	0.97373
265 C	0.02118	0.00495	0.97387
266 G	0.02092	0.00516	0.97392
267 T	0.02075	0.00528	0.97397
268 C	0.02026	0.00572	0.97402
269 A	0.01961	0.00640	0.97398
270 A	0.01913	0.00692	0.97395
271 A	0.01853	0.00743	0.97404
272 A	0.01816	0.00765	0.9742
273 A	0.01765	0.00798	0.97436
274 T	0.01755	0.00741	0.97504
275 G	0.01693	0.00784	0.97523
276 T	0.01669	0.00784	0.97548
277 G	0.01593	0.00845	0.97561
278 T	0.01553	0.00875	0.97571
279 G	0.01440	0.00986	0.97574
280 C	0.01368	0.01057	0.97574
281 A	0.01329	0.01105	0.97566
282 A	0.01316	0.01123	0.9756
283 A	0.01311	0.01142	0.97548
284 A	0.01307	0.01144	0.9755
285 T	0.01307	0.01136	0.97557
286 T	0.01289	0.01145	0.97566
287 T	0.01241	0.01191	0.97568
288 A	0.01123	0.01338	0.97539
289 A	0.01062	0.01399	0.97539
290 A	0.00984	0.01478	0.97538
291 A	0.00906	0.01524	0.9757
292 A	0.00882	0.01492	0.97626
293 A	0.00870	0.01452	0.97678
294 A	0.00856	0.01407	0.97737
295 A	0.00848	0.01366	0.97787
296 T	0.00848	0.01297	0.97856
297 A	0.00838	0.01269	0.97893
298 G	0.00837	0.01183	0.97979
299 G	0.00839	0.01131	0.9803
300 T	0.00844	0.01055	0.98102
301 A	0.00846	0.01014	0.9814
302 T	0.00861	0.00907	0.98232
303 T	0.00868	0.00845	0.98287
304 G	0.00872	0.00815	0.98313
305 A	0.00877	0.00818	0.98305
306 T	0.00894	0.00813	0.98294
307 A	0.00895	0.00856	0.98249
308 A	0.00904	0.00852	0.98244
309 A	0.00931	0.00814	0.98255
310 T	0.00976	0.00722	0.98303
311 T	0.01019	0.00587	0.98393
312 A	0.01035	0.00532	0.98433
313 A	0.01053	0.00452	0.98496
314 T	0.01066	0.00367	0.98568
315 T	0.01069	0.00339	0.98592
316 A	0.01070	0.00324	0.98606
317 T	0.01072	0.00303	0.98626
318 T	0.01069	0.00295	0.98636
319 A	0.01055	0.00305	0.9864
320 T	0.01047	0.00301	0.98651
321 T	0.01030	0.00313	0.98657
322 G	0.00998	0.00342	0.98659
323 G	0.00983	0.00357	0.9866
324 C	0.00977	0.00363	0.98661
325 G	0.00974	0.00376	0.98651
326 G	0.00977	0.00376	0.98647
327 A	0.00986	0.00372	0.98641
328 G	0.01012	0.00349	0.9864
329 A	0.01042	0.00320	0.98638
330 T	0.01101	0.00258	0.98641
331 G	0.01121	0.00235	0.98644
332 G	0.01142	0.00212	0.98646
333 T	0.01162	0.00191	0.98647
334 T	0.01171	0.00180	0.98649
335 C	0.01174	0.00175	0.98652
336 T	0.01175	0.00175	0.98651
337 T	0.01168	0.00183	0.9865
338 A	0.01149	0.00204	0.98647
339 T	0.01135	0.00220	0.98644
340 A	0.01083	0.00277	0.9864
341 A	0.01029	0.00326	0.98645
342 T	0.00990	0.00346	0.98664
343 G	0.00930	0.00391	0.98679
344 G	0.00892	0.00410	0.98697
345 G	0.00873	0.00406	0.98721
346 G	0.00867	0.00402	0.9873
347 C	0.00867	0.00400	0.98734
348 T	0.00873	0.00408	0.98719
349 A	0.00865	0.00426	0.98709
350 T	0.00860	0.00439	0.98701
351 G	0.00844	0.00469	0.98687
352 A	0.00832	0.00502	0.98666
353 A	0.00822	0.00534	0.98644
354 A	0.00812	0.00554	0.98633
355 T	0.00807	0.00568	0.98625
356 T	0.00793	0.00589	0.98618
357 A	0.00755	0.00634	0.98612
358 G	0.00729	0.00658	0.98613
359 A	0.00710	0.00680	0.9861
360 A	0.00703	0.00679	0.98619
361 G	0.00703	0.00659	0.98638
362 A	0.00705	0.00642	0.98653
363 A	0.00708	0.00589	0.98703
364 T	0.00711	0.00530	0.98759
365 T	0.00711	0.00492	0.98798
366 A	0.00709	0.00451	0.9884
367 G	0.00709	0.00418	0.98872
368 G	0.00710	0.00400	0.9889
369 G	0.00711	0.00394	0.98895
370 A	0.00716	0.00393	0.9889
371 T	0.00737	0.00373	0.9889
372 A	0.00748	0.00372	0.98881
373 A	0.00756	0.00367	0.98877
374 A	0.00767	0.00342	0.98891
375 A	0.00786	0.00310	0.98903
376 T	0.00810	0.00268	0.98921
377 G	0.00822	0.00240	0.98937
378 T	0.00835	0.00221	0.98943
379 A	0.00841	0.00214	0.98945
380 T	0.00848	0.00185	0.98967
381 A	0.00846	0.00178	0.98975
382 G	0.00841	0.00177	0.98982
383 G	0.00840	0.00179	0.9898
384 T	0.00845	0.00175	0.9898
385 A	0.00842	0.00177	0.9898
386 T	0.00842	0.00176	0.98983
387 T	0.00834	0.00183	0.98983
388 C	0.00818	0.00197	0.98985
389 C	0.00809	0.00205	0.98986
390 G	0.00798	0.00217	0.98986
391 G	0.00791	0.00223	0.98986
392 C	0.00793	0.00221	0.98986
393 C	0.00800	0.00214	0.98985
394 A	0.00804	0.00212	0.98984
395 C	0.00818	0.00197	0.98984
396 T	0.00830	0.00186	0.98984
397 A	0.00831	0.00185	0.98984
398 T	0.00835	0.00181	0.98984
399 C	0.00835	0.00182	0.98983
400 G	0.00836	0.00188	0.98976
401 A	0.00841	0.00186	0.98973
402 T	0.00850	0.00176	0.98974
403 A	0.00849	0.00179	0.98972
404 A	0.00855	0.00171	0.98975
405 T	0.00864	0.00150	0.98986
406 G	0.00867	0.00141	0.98992
407 A	0.00868	0.00139	0.98993
408 T	0.00868	0.00134	0.98998
409 A	0.00867	0.00134	0.99
410 T	0.00867	0.00127	0.99006
411 T	0.00862	0.00123	0.99016
412 A	0.00853	0.00130	0.99017
413 A	0.00849	0.00125	0.99026
414 T	0.00847	0.00121	0.99032
415 G	0.00844	0.00120	0.99036
416 A	0.00842	0.00119	0.99039
417 T	0.00841	0.00116	0.99043
418 A	0.00837	0.00118	0.99044
419 C	0.00837	0.00116	0.99047
420 A	0.00836	0.00116	0.99048
421 G	0.00837	0.00115	0.99048
422 A	0.00838	0.00114	0.99048
423 T	0.00847	0.00104	0.99049
424 T	0.00851	0.00099	0.9905
425 T	0.00852	0.00094	0.99055
426 T	0.00852	0.00088	0.9906
427 A	0.00852	0.00085	0.99062
428 C	0.00852	0.00082	0.99066
429 A	0.00852	0.00081	0.99066
430 A	0.00853	0.00079	0.99067
431 T	0.00858	0.00073	0.99069
432 T	0.00861	0.00069	0.9907
433 G	0.00857	0.00072	0.9907
434 G	0.00858	0.00066	0.99076
435 T	0.00862	0.00054	0.99084
436 T	0.00862	0.00051	0.99088
437 T	0.00860	0.00051	0.99089
438 T	0.00856	0.00055	0.9909
439 A	0.00849	0.00060	0.99091
440 G	0.00845	0.00062	0.99093
441 T	0.00842	0.00063	0.99095
442 A	0.00836	0.00067	0.99096
443 C	0.00835	0.00068	0.99097
444 A	0.00834	0.00069	0.99096
445 G	0.00835	0.00069	0.99096
446 C	0.00835	0.00068	0.99096
447 T	0.00836	0.00068	0.99096
448 G	0.00836	0.00068	0.99096
449 T	0.00837	0.00068	0.99096
450 T	0.00837	0.00068	0.99095
451 A	0.00835	0.00071	0.99094
452 A	0.00835	0.00070	0.99095
453 T	0.00835	0.00069	0.99096
454 A	0.00833	0.00075	0.99092
455 A	0.00832	0.00077	0.99092
456 T	0.00832	0.00072	0.99096
457 G	0.00831	0.00072	0.99098
458 T	0.00831	0.00072	0.99098
459 T	0.00830	0.00072	0.99098
460 A	0.00828	0.00077	0.99095
461 T	0.00828	0.00081	0.99091
462 G	0.00827	0.00096	0.99078
463 G	0.00826	0.00099	0.99074
464 A	0.00825	0.00104	0.99071
465 T	0.00824	0.00106	0.9907
466 G	0.00823	0.00113	0.99063
467 C	0.00823	0.00117	0.9906
468 T	0.00824	0.00127	0.99049
469 A	0.00824	0.00142	0.99034
470 T	0.00824	0.00148	0.99028
471 T	0.00825	0.00153	0.99023
472 G	0.00824	0.00158	0.99018
473 A	0.00824	0.00165	0.99011
474 A	0.00823	0.00167	0.9901
475 A	0.00823	0.00168	0.99009
476 A	0.00825	0.00169	0.99006
477 A	0.00831	0.00161	0.99008
478 T	0.00836	0.00154	0.9901
479 T	0.00838	0.00151	0.99012
480 A	0.00837	0.00151	0.99012
481 C	0.00837	0.00150	0.99014
482 G	0.00835	0.00154	0.99011
483 A	0.00833	0.00160	0.99007
484 G	0.00838	0.00156	0.99006
485 A	0.00855	0.00141	0.99005
486 T	0.00864	0.00133	0.99004
487 A	0.00870	0.00125	0.99005
488 C	0.00879	0.00114	0.99006
489 T	0.00892	0.00101	0.99006
490 T	0.00898	0.00096	0.99006
491 C	0.00904	0.00091	0.99005
492 T	0.00914	0.00085	0.99
493 T	0.00918	0.00083	0.98999
494 T	0.00917	0.00083	0.98999
495 A	0.00891	0.00110	0.98999
496 T	0.00875	0.00125	0.99001
497 C	0.00851	0.00146	0.99003
498 A	0.00831	0.00166	0.99003
499 C	0.00817	0.00180	0.99003
500 A	0.00809	0.00190	0.99002
501 T	0.00805	0.00195	0.99001
502 A	0.00797	0.00204	0.98999
503 A	0.00793	0.00206	0.99001
504 T	0.00791	0.00206	0.99003
505 A	0.00789	0.00204	0.99007
506 G	0.00792	0.00194	0.99014
507 A	0.00793	0.00190	0.99017
508 T	0.00797	0.00183	0.9902
509 G	0.00797	0.00181	0.99021
510 T	0.00798	0.00180	0.99023
511 A	0.00797	0.00180	0.99024
512 C	0.00797	0.00178	0.99025
513 T	0.00797	0.00180	0.99024
514 A	0.00795	0.00184	0.99021
515 T	0.00797	0.00181	0.99022
516 T	0.00794	0.00184	0.99022
517 A	0.00781	0.00198	0.99022
518 T	0.00765	0.00183	0.99053
519 T	0.00746	0.00183	0.99071
520 G	0.00713	0.00202	0.99085
521 A	0.00699	0.00208	0.99093
522 G	0.00692	0.00211	0.99097
523 G	0.00688	0.00228	0.99083
524 T	0.00687	0.00241	0.99072
525 T	0.00682	0.00250	0.99068
526 A	0.00672	0.00267	0.99061
527 T	0.00664	0.00283	0.99053
528 G	0.00648	0.00305	0.99047
529 G	0.00643	0.00323	0.99034
530 G	0.00640	0.00336	0.99025
531 A	0.00637	0.00346	0.99017
532 A	0.00636	0.00351	0.99013
533 G	0.00635	0.00354	0.99012
534 A	0.00632	0.00358	0.9901
535 A	0.00628	0.00362	0.9901
536 A	0.00627	0.00362	0.99011
537 T	0.00629	0.00357	0.99015
538 A	0.00627	0.00357	0.99016
539 A	0.00628	0.00350	0.99023
540 A	0.00630	0.00330	0.9904
541 G	0.00631	0.00307	0.99062
542 G	0.00635	0.00286	0.9908
543 T	0.00648	0.00248	0.99104
544 G	0.00658	0.00230	0.99112
545 A	0.00673	0.00209	0.99118
546 T	0.00699	0.00177	0.99124
547 T	0.00714	0.00157	0.99129
548 T	0.00722	0.00143	0.99135
549 A	0.00727	0.00130	0.99143
550 G	0.00735	0.00113	0.99153
551 C	0.00744	0.00090	0.99167
552 T	0.00760	0.00072	0.99169
553 T	0.00768	0.00062	0.99169
554 T	0.00773	0.00057	0.9917
555 A	0.00771	0.00060	0.99169
556 T	0.00770	0.00060	0.9917
557 A	0.00768	0.00059	0.99173
558 T	0.00767	0.00055	0.99178
559 G	0.00764	0.00056	0.9918
560 G	0.00763	0.00055	0.99182
561 T	0.00763	0.00053	0.99183
562 G	0.00762	0.00054	0.99184
563 G	0.00761	0.00055	0.99184
564 G	0.00760	0.00055	0.99185
565 A	0.00761	0.00054	0.99185
566 T	0.00762	0.00051	0.99186
567 T	0.00763	0.00049	0.99188
568 G	0.00763	0.00048	0.99189
569 C	0.00764	0.00046	0.99191
570 T	0.00764	0.00046	0.9919
571 G	0.00764	0.00047	0.9919
572 C	0.00764	0.00048	0.99188
573 T	0.00764	0.00054	0.99182
574 G	0.00763	0.00069	0.99168
575 G	0.00763	0.00093	0.99144
576 T	0.00762	0.00146	0.99091
577 G	0.00759	0.00256	0.98985
578 T	0.00758	0.00500	0.98743
579 A	0.00753	0.00806	0.9844
580 G	0.00751	0.01125	0.98123
581 A	0.00750	0.01338	0.97912
582 T	0.00752	0.01444	0.97804
583 T	0.00751	0.01575	0.97674
584 T	0.00750	0.01613	0.97637
585 A	0.00744	0.01647	0.97609
586 A	0.00741	0.01660	0.97599
587 T	0.00740	0.01662	0.97598
588 C	0.00738	0.01667	0.97596
589 G	0.00736	0.01669	0.97595
590 T	0.00736	0.01671	0.97593
591 C	0.00733	0.01676	0.97592
592 A	0.00730	0.01688	0.97582
593 C	0.00724	0.01704	0.97571
594 A	0.00715	0.01753	0.97532
595 A	0.00709	0.01804	0.97488
596 A	0.00708	0.01845	0.97447
597 A	0.00716	0.01875	0.9741
598 G	0.00744	0.01880	0.97376
599 A	0.00812	0.01880	0.97308
600 A	0.00942	0.01822	0.97236
601 A	0.01257	0.01544	0.97199
602 A	0.01600	0.01220	0.97179
603 T	0.01971	0.00859	0.9717
604 T	0.02109	0.00731	0.9716
605 T	0.02144	0.00708	0.97149
606 G	0.02121	0.00733	0.97146
607 A	0.02067	0.00787	0.97146
608 T	0.02033	0.00816	0.97151
609 A	0.01851	0.00996	0.97153
610 C	0.01731	0.01115	0.97154
611 C	0.01586	0.01266	0.97148
612 T	0.01395	0.01462	0.97143
613 A	0.00895	0.01966	0.97139
614 A	0.00698	0.02166	0.97136
615 A	0.00578	0.02288	0.97134
616 C	0.00545	0.02317	0.97138
617 A	0.00537	0.02318	0.97145
618 A	0.00533	0.02317	0.9715
619 A	0.00490	0.02356	0.97155
620 C	0.00503	0.02336	0.97162
621 G	0.00528	0.02313	0.97159
622 A	0.00591	0.02250	0.9716
623 T	0.00671	0.02168	0.97161
624 T	0.00706	0.02133	0.97162
625 T	0.00714	0.02126	0.97159
626 T	0.00697	0.02137	0.97167
627 A	0.00654	0.02181	0.97164
628 G	0.00604	0.02210	0.97185
629 A	0.00556	0.02223	0.97222
630 T	0.00543	0.02167	0.97289
631 A	0.00521	0.02158	0.97321
632 A	0.00508	0.01994	0.97498
633 A	0.00497	0.01868	0.97635
634 A	0.00489	0.01691	0.9782
635 T	0.00454	0.01478	0.98068
636 C	0.00394	0.01080	0.98525
637 A	0.00352	0.01066	0.98582
638 A	0.00321	0.01097	0.98582
639 A	0.00296	0.01179	0.98525
640 A	0.00288	0.01234	0.98477
641 G	0.00280	0.01280	0.9844
642 T	0.00282	0.01286	0.98432
643 T	0.00275	0.01526	0.98199
644 T	0.00267	0.01902	0.9783
645 A	0.00257	0.02610	0.97134
646 A	0.00252	0.03110	0.96637
647 A	0.00250	0.03359	0.96391
648 A	0.00251	0.03393	0.96356
649 G	0.00255	0.03388	0.96357
650 A	0.00269	0.03361	0.9637
651 A	0.00266	0.03337	0.96397
652 C	0.00273	0.03298	0.96429
653 A	0.00272	0.03317	0.96411
654 A	0.00285	0.03321	0.96394
655 A	0.00281	0.03330	0.96389
656 A	0.00279	0.03327	0.96394
657 A	0.00280	0.03320	0.96399
658 A	0.00283	0.03269	0.96448
659 G	0.00296	0.03190	0.96514
660 A	0.00345	0.03098	0.96557
661 A	0.00409	0.03000	0.96591
662 G	0.00499	0.02879	0.96622
663 A	0.00614	0.02748	0.96638
664 C	0.00753	0.02584	0.96663
665 A	0.00930	0.02401	0.96669
666 C	0.01260	0.02060	0.9668
667 G	0.01624	0.01696	0.96681
668 C	0.02247	0.01070	0.96683
669 T	0.02697	0.00632	0.96671
670 A	0.02890	0.00447	0.96663
671 T	0.02959	0.00380	0.96661
672 T	0.02981	0.00355	0.96665
673 A	0.02980	0.00356	0.96664
674 T	0.02984	0.00325	0.96691
675 T	0.02961	0.00332	0.96708
676 G	0.02923	0.00367	0.96709
677 T	0.02925	0.00371	0.96704
678 T	0.02875	0.00454	0.96671
679 A	0.02758	0.00570	0.96671
680 T	0.02706	0.00618	0.96676
681 T	0.02653	0.00667	0.9668
682 A	0.02601	0.00717	0.96682
683 C	0.02576	0.00738	0.96685
684 T	0.02562	0.00754	0.96684
685 G	0.02526	0.00792	0.96682
686 A	0.02507	0.00813	0.9668
687 A	0.02492	0.00828	0.9668
688 A	0.02486	0.00834	0.9668
689 A	0.02485	0.00830	0.96685
690 T	0.02494	0.00814	0.96692
691 A	0.02499	0.00803	0.96698
692 T	0.02515	0.00772	0.96713
693 T	0.02524	0.00745	0.96731
694 T	0.02527	0.00733	0.9674
695 T	0.02529	0.00719	0.96753
696 A	0.02520	0.00711	0.96769
697 A	0.02513	0.00692	0.96795
698 A	0.02513	0.00644	0.96843
699 T	0.02524	0.00564	0.96912
700 G	0.02535	0.00515	0.9695
701 T	0.02572	0.00405	0.97023
702 T	0.02573	0.00308	0.97119
703 T	0.02565	0.00272	0.97163
704 T	0.02548	0.00263	0.97189
705 T	0.02520	0.00280	0.972
706 G	0.02491	0.00357	0.97152
707 A	0.02471	0.00426	0.97103
708 T	0.02460	0.00442	0.97097
709 T	0.02431	0.00466	0.97103
710 T	0.02398	0.00494	0.97108
711 A	0.02279	0.00619	0.97101
712 G	0.02210	0.00695	0.97096
713 C	0.02173	0.00741	0.97086
714 T	0.02153	0.00785	0.97061
715 A	0.02124	0.00870	0.97006
716 A	0.02110	0.00907	0.96982
717 A	0.02100	0.00925	0.96976
718 G	0.02096	0.00932	0.96972
719 A	0.02096	0.00924	0.96979
720 A	0.02099	0.00914	0.96987
721 A	0.02103	0.00904	0.96993
722 T	0.02110	0.00891	0.96999
723 T	0.02114	0.00883	0.97003
724 G	0.02116	0.00881	0.97003
725 A	0.02121	0.00873	0.97006
726 A	0.02132	0.00853	0.97016
727 A	0.02146	0.00820	0.97034
728 G	0.02172	0.00762	0.97066
729 T	0.02249	0.00657	0.97094
730 T	0.02303	0.00585	0.97112
731 A	0.02326	0.00547	0.97127
732 T	0.02338	0.00501	0.97161
733 A	0.02342	0.00468	0.9719
734 G	0.02353	0.00355	0.97292
735 T	0.02365	0.00287	0.97347
736 G	0.02376	0.00253	0.97371
737 G	0.02398	0.00228	0.97374
738 T	0.02453	0.00166	0.97382
739 T	0.02471	0.00149	0.9738
740 T	0.02465	0.00157	0.97378
741 T	0.02448	0.00189	0.97364
742 G	0.02429	0.00214	0.97357
743 A	0.02422	0.00230	0.97347
744 G	0.02420	0.00238	0.97342
745 A	0.02419	0.00246	0.97334
746 C	0.02420	0.00246	0.97333
747 T	0.02423	0.00251	0.97326
748 A	0.02420	0.00256	0.97324
749 G	0.02413	0.00265	0.97323
750 A	0.02413	0.00265	0.97322
751 G	0.02415	0.00263	0.97323
752 C	0.02421	0.00256	0.97323
753 T	0.02430	0.00247	0.97323
754 C	0.02434	0.00244	0.97322
755 A	0.02433	0.00251	0.97316
756 A	0.02439	0.00249	0.97311
757 G	0.02447	0.00248	0.97305
758 T	0.02462	0.00236	0.97302
759 T	0.02478	0.00226	0.97297
760 T	0.02489	0.00221	0.9729
761 T	0.02494	0.00224	0.97281
762 A	0.02488	0.00230	0.97282
763 G	0.02490	0.00222	0.97288
764 G	0.02503	0.00196	0.97302
765 T	0.02512	0.00178	0.9731
766 C	0.02521	0.00173	0.97307
767 A	0.02527	0.00182	0.97291
768 T	0.02534	0.00176	0.97291
769 A	0.02534	0.00178	0.97287
770 T	0.02538	0.00175	0.97287
771 A	0.02529	0.00185	0.97287
772 C	0.02523	0.00182	0.97295
773 A	0.02515	0.00194	0.97291
774 A	0.02491	0.00223	0.97285
775 A	0.02457	0.00264	0.97279
776 G	0.02434	0.00294	0.97272
777 A	0.02418	0.00333	0.97248
778 G	0.02406	0.00363	0.97231
779 G	0.02400	0.00380	0.9722
780 T	0.02404	0.00385	0.97211
781 G	0.02401	0.00390	0.97209
782 G	0.02403	0.00389	0.97207
783 A	0.02412	0.00380	0.97208
784 A	0.02423	0.00365	0.97212
785 C	0.02431	0.00347	0.97222
786 T	0.02442	0.00333	0.97225
787 C	0.02448	0.00326	0.97226
788 C	0.02452	0.00321	0.97227
789 T	0.02459	0.00314	0.97227
790 A	0.02465	0.00308	0.97227
791 C	0.02467	0.00305	0.97228
792 T	0.02471	0.00301	0.97228
793 G	0.02472	0.00299	0.9723
794 T	0.02474	0.00287	0.97239
795 A	0.02469	0.00287	0.97244
796 G	0.02469	0.00282	0.97249
797 A	0.02473	0.00258	0.97269
798 A	0.02474	0.00228	0.97299
799 G	0.02481	0.00196	0.97324
800 A	0.02508	0.00156	0.97335
801 T	0.02535	0.00115	0.9735
802 T	0.02544	0.00105	0.97351
803 G	0.02547	0.00107	0.97346
804 T	0.02549	0.00117	0.97334
805 G	0.02549	0.00126	0.97325
806 T	0.02549	0.00135	0.97316
807 T	0.02547	0.00146	0.97307
808 T	0.02545	0.00150	0.97305
809 T	0.02543	0.00154	0.97303
810 A	0.02539	0.00162	0.97299
811 G	0.02537	0.00163	0.97299
812 C	0.02537	0.00164	0.97299
813 T	0.02536	0.00168	0.97296
814 A	0.02531	0.00175	0.97294
815 C	0.02528	0.00178	0.97294
816 A	0.02515	0.00194	0.97291
817 A	0.02509	0.00204	0.97287
818 G	0.02503	0.00207	0.9729
819 A	0.02502	0.00206	0.97292
820 A	0.02505	0.00201	0.97294
821 T	0.02511	0.00186	0.97302
822 G	0.02513	0.00180	0.97307
823 G	0.02519	0.00172	0.97308
824 G	0.02528	0.00163	0.97309
825 T	0.02545	0.00146	0.97309
826 G	0.02555	0.00135	0.97311
827 T	0.02576	0.00112	0.97312
828 T	0.02584	0.00103	0.97314
829 T	0.02585	0.00099	0.97316
830 C	0.02582	0.00098	0.9732
831 C	0.02573	0.00107	0.9732
832 G	0.02566	0.00119	0.97315
833 C	0.02560	0.00127	0.97313
834 T	0.02551	0.00152	0.97297
835 G	0.02522	0.00195	0.97282
836 T	0.02510	0.00217	0.97273
837 T	0.02495	0.00237	0.97267
838 G	0.02465	0.00290	0.97245
839 A	0.02453	0.00306	0.97241
840 A	0.02450	0.00319	0.97232
841 T	0.02449	0.00336	0.97216
842 T	0.02418	0.00385	0.97198
843 G	0.02330	0.00486	0.97184
844 T	0.02277	0.00595	0.97128
845 T	0.02219	0.00682	0.97099
846 G	0.02109	0.00831	0.97061
847 A	0.02064	0.00928	0.97008
848 A	0.02041	0.01010	0.96948
849 T	0.02022	0.01070	0.96907
850 A	0.01992	0.01151	0.96856
851 A	0.01974	0.01208	0.96817
852 A	0.01946	0.01277	0.96777
853 A	0.01936	0.01319	0.96744
854 A	0.01935	0.01323	0.96742
855 T	0.01944	0.01304	0.96752
856 A	0.01948	0.01287	0.96765
857 T	0.01966	0.01252	0.96782
858 T	0.01976	0.01213	0.96811
859 C	0.01972	0.01204	0.96824
860 A	0.01968	0.01217	0.96814
861 T	0.01988	0.01197	0.96814
862 A	0.01985	0.01224	0.96791
863 A	0.01993	0.01236	0.96771
864 T	0.02026	0.01215	0.96759
865 T	0.02043	0.01137	0.9682
866 G	0.02032	0.01039	0.9693
867 T	0.02081	0.00935	0.96984
868 G	0.02075	0.00921	0.97004
869 C	0.02027	0.00987	0.96986
870 A	0.01966	0.01396	0.96637
871 A	0.01960	0.01540	0.96499
872 T	0.01954	0.01676	0.9637
873 A	0.01782	0.02020	0.96198
874 G	0.01735	0.02154	0.9611
875 G	0.01721	0.02247	0.96033
876 T	0.01731	0.02384	0.95884
877 A	0.01685	0.02679	0.95635
878 T	0.01657	0.02812	0.95531
879 A	0.01580	0.03085	0.95335
880 A	0.01547	0.03366	0.95086
881 A	0.01494	0.03523	0.94982
882 A	0.01439	0.03585	0.94975
883 A	0.01418	0.03622	0.9496
884 A	0.01417	0.03623	0.9496
885 A	0.01366	0.03660	0.94974
886 C	0.01335	0.03676	0.94989
887 A	0.01309	0.03704	0.94988
888 A	0.01288	0.03718	0.94994
889 G	0.01295	0.03699	0.95006
890 A	0.01309	0.03684	0.95006
891 A	0.01348	0.03641	0.95011
892 A	0.01457	0.03468	0.95076
893 T	0.01825	0.03002	0.95173
894 A	0.01953	0.02813	0.95235
895 A	0.02102	0.02603	0.95294
896 T	0.02294	0.02184	0.95522
897 T	0.02393	0.01985	0.95621
898 C	0.02462	0.01850	0.95688
899 G	0.02593	0.01698	0.9571
900 T	0.02836	0.01422	0.95742
901 A	0.02898	0.01341	0.95762
902 C	0.03061	0.01124	0.95816
903 T	0.03280	0.00893	0.95828
904 A	0.03345	0.00784	0.95871
905 G	0.03361	0.00714	0.95924
906 T	0.03392	0.00658	0.9595
907 T	0.03390	0.00662	0.95947
908 T	0.03356	0.00623	0.96021
909 T	0.03260	0.00697	0.96043
910 G	0.03166	0.00900	0.95934
911 A	0.03114	0.01009	0.95877
912 A	0.03070	0.01095	0.95836
913 A	0.03068	0.01107	0.95824
914 A	0.03080	0.01104	0.95816
915 T	0.03110	0.01080	0.95811
916 G	0.03119	0.01082	0.95799
917 T	0.03124	0.01083	0.95792
918 T	0.03125	0.01110	0.95765
919 T	0.03122	0.01176	0.95701
920 T	0.03105	0.01237	0.95659
921 G	0.03049	0.01386	0.95565
922 A	0.02982	0.01753	0.95264
923 A	0.02935	0.02074	0.9499
924 T	0.02928	0.02302	0.9477
925 A	0.02909	0.02557	0.94534
926 A	0.02902	0.02664	0.94434
927 T	0.02904	0.02702	0.94394
928 A	0.02899	0.02746	0.94355
929 A	0.02901	0.02754	0.94345
930 A	0.02923	0.02725	0.94352
931 A	0.02949	0.02650	0.94401
932 G	0.02992	0.02491	0.94517
933 T	0.03144	0.02256	0.94601
934 G	0.03204	0.02151	0.94645
935 C	0.03255	0.02068	0.94677
936 A	0.03285	0.02038	0.94678
937 C	0.03325	0.01995	0.9468
938 T	0.03361	0.01966	0.94673
939 T	0.03389	0.01953	0.94658
940 G	0.03400	0.01983	0.94617
941 A	0.03436	0.02052	0.94512
942 T	0.03521	0.01975	0.94504
943 A	0.03543	0.01949	0.94508
944 A	0.03633	0.01813	0.94554
945 A	0.03947	0.01431	0.94622
946 C	0.04251	0.01075	0.94675
947 T	0.04514	0.00813	0.94673
948 T	0.04744	0.00579	0.94678
949 T	0.04801	0.00532	0.94666
950 T	0.04829	0.00504	0.94668
951 T	0.04830	0.00501	0.94668
952 A	0.04810	0.00519	0.94672
953 A	0.04812	0.00510	0.94678
954 T	0.04814	0.00501	0.94685
955 A	0.04817	0.00493	0.9469
956 T	0.04819	0.00484	0.94696
957 T	0.04822	0.00474	0.94704
958 A	0.04824	0.00469	0.94708
959 T	0.04830	0.00455	0.94715
960 C	0.04833	0.00445	0.94722
961 G	0.04842	0.00434	0.94724
962 A	0.04858	0.00414	0.94727
963 A	0.04902	0.00365	0.94733
964 T	0.05002	0.00256	0.94742
965 G	0.05017	0.00236	0.94747
966 T	0.05041	0.00181	0.94778
967 T	0.05054	0.00150	0.94797
968 T	0.05059	0.00133	0.94808
969 A	0.05062	0.00123	0.94814
970 T	0.05076	0.00095	0.94828
971 A	0.05084	0.00067	0.94849
972 A	0.05105	0.00000	0.94895
