# lcl|CP097583.1_cds_USQ93141.1_1
# AA	inside	membr	outside
1 A	0.32515	0.00000	0.67485
2 T	0.32385	0.00130	0.67485
3 G	0.32326	0.00189	0.67485
4 G	0.32326	0.00640	0.67034
5 A	0.31784	0.02119	0.66097
6 A	0.31784	0.02322	0.65894
7 T	0.31514	0.02635	0.6585
8 T	0.31514	0.02637	0.65848
9 T	0.31393	0.02833	0.65774
10 A	0.31392	0.11298	0.57309
11 T	0.31212	0.11731	0.57057
12 T	0.26517	0.16690	0.56792
13 A	0.04780	0.41188	0.54031
14 A	0.04776	0.41192	0.54031
15 A	0.04776	0.43208	0.52015
16 A	0.04633	0.43351	0.52015
17 A	0.04468	0.43540	0.51992
18 A	0.04461	0.43593	0.51947
19 C	0.04394	0.43675	0.51932
20 A	0.04207	0.44352	0.51441
21 A	0.03190	0.45370	0.5144
22 A	0.03180	0.45396	0.51423
23 T	0.03221	0.45357	0.51421
24 T	0.03240	0.45336	0.51424
25 G	0.03227	0.45169	0.51604
26 A	0.03223	0.45100	0.51677
27 A	0.03536	0.44690	0.51773
28 C	0.04340	0.43383	0.52277
29 T	0.04657	0.43041	0.52301
30 G	0.05009	0.42525	0.52465
31 A	0.05167	0.42249	0.52584
32 A	0.05572	0.41560	0.52869
33 T	0.12814	0.33765	0.53422
34 G	0.13056	0.32391	0.54553
35 A	0.13544	0.27331	0.59124
36 T	0.16047	0.05962	0.77991
37 A	0.16111	0.05575	0.78313
38 C	0.17716	0.03654	0.7863
39 A	0.17210	0.04316	0.78475
40 A	0.17354	0.04377	0.78269
41 T	0.17446	0.04285	0.78269
42 T	0.17482	0.04242	0.78275
43 A	0.17747	0.03932	0.7832
44 T	0.17694	0.03045	0.79262
45 T	0.17575	0.03117	0.79308
46 A	0.17516	0.03135	0.79349
47 T	0.17407	0.03155	0.79439
48 T	0.16350	0.04204	0.79446
49 C	0.15244	0.05455	0.79301
50 A	0.14270	0.08395	0.77335
51 T	0.13797	0.08874	0.77329
52 G	0.11106	0.11619	0.77274
53 G	0.09364	0.13448	0.77188
54 T	0.09083	0.13785	0.77132
55 C	0.08413	0.14731	0.76855
56 A	0.07933	0.15290	0.76778
57 T	0.07799	0.15464	0.76738
58 A	0.07435	0.15975	0.7659
59 A	0.07343	0.16096	0.76562
60 A	0.07317	0.16096	0.76587
61 A	0.07334	0.15982	0.76683
62 A	0.07566	0.15150	0.77284
63 A	0.07870	0.14653	0.77477
64 C	0.07964	0.14338	0.77698
65 C	0.08057	0.14129	0.77814
66 T	0.08161	0.13999	0.7784
67 G	0.08273	0.13852	0.77875
68 A	0.08408	0.13671	0.77921
69 T	0.08472	0.13568	0.7796
70 G	0.08547	0.13333	0.7812
71 G	0.08632	0.11978	0.79391
72 A	0.08888	0.10507	0.80605
73 G	0.10539	0.07636	0.81826
74 A	0.10625	0.06920	0.82455
75 T	0.10864	0.04190	0.84946
76 T	0.11022	0.02487	0.86492
77 G	0.11075	0.02100	0.86824
78 T	0.11301	0.01401	0.87299
79 T	0.11256	0.01326	0.87418
80 A	0.11234	0.01689	0.87077
81 T	0.11295	0.01741	0.86964
82 G	0.11245	0.01808	0.86947
83 G	0.11214	0.01869	0.86916
84 T	0.11161	0.01946	0.86893
85 T	0.11052	0.02092	0.86856
86 C	0.10959	0.02211	0.8683
87 T	0.10888	0.02409	0.86703
88 C	0.10808	0.02548	0.86644
89 A	0.10759	0.02636	0.86605
90 A	0.10722	0.02693	0.86584
91 T	0.10707	0.02710	0.86582
92 T	0.10673	0.02739	0.86589
93 C	0.10617	0.02791	0.86592
94 G	0.10622	0.02800	0.86579
95 G	0.10634	0.02812	0.86554
96 T	0.10650	0.02825	0.86526
97 T	0.10661	0.02870	0.8647
98 T	0.10668	0.02896	0.86436
99 G	0.10669	0.02925	0.86407
100 A	0.10675	0.02970	0.86354
101 A	0.10719	0.02942	0.86339
102 A	0.10899	0.02691	0.8641
103 G	0.11329	0.02220	0.86451
104 A	0.11702	0.01851	0.86447
105 T	0.11835	0.01656	0.86508
106 A	0.11918	0.01577	0.86505
107 T	0.11986	0.01461	0.86554
108 A	0.12021	0.01378	0.86601
109 A	0.12036	0.01321	0.86643
110 T	0.12018	0.01314	0.86668
111 T	0.11618	0.01754	0.86629
112 A	0.10372	0.03029	0.86599
113 T	0.09417	0.03946	0.86636
114 G	0.07085	0.06272	0.86643
115 G	0.05750	0.07577	0.86674
116 C	0.05202	0.08092	0.86706
117 C	0.04912	0.08383	0.86704
118 A	0.04691	0.08619	0.8669
119 C	0.04644	0.08673	0.86683
120 T	0.04652	0.08667	0.8668
121 T	0.04588	0.08732	0.8668
122 A	0.04464	0.08853	0.86683
123 T	0.04424	0.08875	0.867
124 C	0.04336	0.08955	0.86709
125 C	0.04277	0.09006	0.86717
126 C	0.04221	0.09062	0.86717
127 C	0.04202	0.09080	0.86718
128 A	0.04174	0.09108	0.86717
129 T	0.04197	0.09087	0.86717
130 A	0.04141	0.09143	0.86715
131 A	0.04105	0.09175	0.8672
132 A	0.04108	0.09138	0.86753
133 A	0.04131	0.08876	0.86993
134 A	0.04219	0.08091	0.8769
135 A	0.04302	0.06450	0.89247
136 G	0.04339	0.05149	0.90512
137 T	0.04382	0.03088	0.92531
138 T	0.04391	0.02107	0.93502
139 T	0.04392	0.01778	0.9383
140 A	0.04388	0.01645	0.93967
141 T	0.04393	0.01509	0.94098
142 G	0.04391	0.01524	0.94085
143 T	0.04385	0.01675	0.93939
144 T	0.04319	0.01893	0.93788
145 G	0.04178	0.02143	0.93679
146 T	0.04018	0.02960	0.93022
147 T	0.03653	0.03669	0.92677
148 G	0.03383	0.04534	0.92084
149 G	0.03257	0.05969	0.90773
150 A	0.03199	0.06744	0.90056
151 G	0.03172	0.07171	0.89657
152 A	0.03161	0.07488	0.89351
153 A	0.03146	0.07530	0.89324
154 G	0.03117	0.07546	0.89337
155 A	0.03094	0.07589	0.89317
156 A	0.03080	0.07592	0.89329
157 G	0.03075	0.07582	0.89343
158 A	0.03079	0.07569	0.89352
159 A	0.03089	0.07550	0.89361
160 C	0.03122	0.07505	0.89373
161 C	0.03196	0.07428	0.89376
162 T	0.03315	0.07312	0.89373
163 A	0.03440	0.07194	0.89367
164 A	0.03588	0.07049	0.89362
165 A	0.03784	0.06856	0.89361
166 T	0.04184	0.06435	0.89381
167 T	0.04497	0.05973	0.8953
168 A	0.04759	0.05498	0.89743
169 T	0.05576	0.04416	0.90008
170 C	0.05986	0.03635	0.90379
171 C	0.06736	0.02739	0.90525
172 T	0.08130	0.01320	0.9055
173 T	0.08729	0.00717	0.90555
174 T	0.08912	0.00541	0.90547
175 T	0.09026	0.00436	0.90538
176 T	0.08994	0.00488	0.90518
177 A	0.08870	0.00651	0.90479
178 G	0.08617	0.00966	0.90416
179 G	0.08500	0.01083	0.90417
180 T	0.08215	0.01384	0.90401
181 A	0.07322	0.02323	0.90355
182 T	0.06850	0.02812	0.90337
183 C	0.05264	0.04423	0.90313
184 A	0.04438	0.05356	0.90206
185 A	0.04126	0.05694	0.90181
186 A	0.04010	0.05810	0.9018
187 G	0.03951	0.05869	0.9018
188 A	0.03914	0.05906	0.90179
189 T	0.03789	0.06027	0.90183
190 C	0.03539	0.06273	0.90187
191 A	0.03230	0.06581	0.90188
192 A	0.03016	0.06794	0.9019
193 A	0.02896	0.06907	0.90197
194 T	0.02807	0.06982	0.90211
195 C	0.02672	0.07099	0.90229
196 A	0.02621	0.07117	0.90262
197 C	0.02606	0.07067	0.90326
198 A	0.02585	0.07065	0.9035
199 G	0.02598	0.07013	0.90389
200 A	0.02658	0.06893	0.90449
201 T	0.02732	0.06534	0.90734
202 G	0.02724	0.06405	0.90872
203 A	0.02736	0.05911	0.91354
204 T	0.02788	0.04808	0.92404
205 A	0.02787	0.04212	0.93002
206 C	0.02797	0.02693	0.9451
207 T	0.02864	0.02169	0.94968
208 T	0.02859	0.01989	0.95152
209 A	0.02825	0.01968	0.95206
210 T	0.02797	0.01953	0.95251
211 A	0.02747	0.01975	0.95277
212 A	0.02730	0.01823	0.95447
213 A	0.02717	0.01557	0.95727
214 G	0.02714	0.01205	0.9608
215 A	0.02715	0.00982	0.96303
216 A	0.02717	0.00809	0.96474
217 G	0.02719	0.00659	0.96622
218 C	0.02724	0.00501	0.96775
219 T	0.02733	0.00456	0.96811
220 T	0.02735	0.00439	0.96826
221 T	0.02737	0.00423	0.9684
222 A	0.02738	0.00417	0.96846
223 G	0.02740	0.00415	0.96846
224 T	0.02743	0.00390	0.96867
225 A	0.02744	0.00378	0.96878
226 T	0.02748	0.00364	0.96888
227 T	0.02751	0.00358	0.96892
228 T	0.02750	0.00345	0.96905
229 G	0.02750	0.00335	0.96914
230 T	0.02758	0.00309	0.96933
231 T	0.02761	0.00282	0.96956
232 G	0.02762	0.00251	0.96987
233 T	0.02767	0.00221	0.97012
234 C	0.02757	0.00204	0.97039
235 G	0.02749	0.00215	0.97036
236 A	0.02752	0.00219	0.97029
237 T	0.02751	0.00228	0.97021
238 T	0.02748	0.00243	0.97009
239 G	0.02745	0.00249	0.97005
240 T	0.02744	0.00249	0.97006
241 G	0.02733	0.00262	0.97006
242 G	0.02727	0.00268	0.97005
243 C	0.02728	0.00268	0.97004
244 C	0.02730	0.00271	0.97
245 A	0.02733	0.00278	0.96989
246 A	0.02742	0.00277	0.96981
247 A	0.02754	0.00266	0.9698
248 G	0.02771	0.00249	0.96979
249 T	0.02788	0.00232	0.9698
250 T	0.02784	0.00234	0.96983
251 C	0.02758	0.00254	0.96988
252 A	0.02711	0.00301	0.96988
253 G	0.02667	0.00345	0.96988
254 T	0.02630	0.00380	0.9699
255 G	0.02555	0.00453	0.96992
256 A	0.02504	0.00504	0.96993
257 T	0.02471	0.00523	0.97007
258 C	0.02406	0.00576	0.97018
259 A	0.02338	0.00643	0.97019
260 G	0.02306	0.00674	0.9702
261 C	0.02292	0.00685	0.97023
262 G	0.02269	0.00708	0.97024
263 A	0.02255	0.00722	0.97023
264 T	0.02238	0.00729	0.97033
265 C	0.02203	0.00759	0.97038
266 C	0.02165	0.00799	0.97035
267 T	0.02131	0.00848	0.9702
268 A	0.02081	0.00909	0.9701
269 G	0.02059	0.00937	0.97004
270 A	0.02035	0.00973	0.96992
271 T	0.02016	0.00993	0.9699
272 A	0.01984	0.01017	0.96999
273 T	0.01974	0.01004	0.97022
274 A	0.01961	0.00993	0.97046
275 A	0.01955	0.00957	0.97088
276 A	0.01952	0.00930	0.97119
277 T	0.01949	0.00888	0.97163
278 T	0.01932	0.00840	0.97228
279 A	0.01895	0.00840	0.97265
280 G	0.01849	0.00854	0.97297
281 G	0.01819	0.00848	0.97332
282 A	0.01812	0.00847	0.97341
283 A	0.01808	0.00882	0.97309
284 A	0.01807	0.00884	0.97309
285 A	0.01808	0.00871	0.97321
286 A	0.01811	0.00867	0.97322
287 T	0.01814	0.00841	0.97345
288 G	0.01815	0.00803	0.97382
289 A	0.01821	0.00768	0.97411
290 T	0.01840	0.00716	0.97444
291 T	0.01849	0.00661	0.97491
292 A	0.01848	0.00634	0.97517
293 T	0.01855	0.00598	0.97548
294 T	0.01847	0.00580	0.97573
295 C	0.01834	0.00566	0.97599
296 G	0.01824	0.00572	0.97604
297 A	0.01825	0.00567	0.97608
298 A	0.01833	0.00556	0.97611
299 T	0.01856	0.00528	0.97616
300 T	0.01857	0.00524	0.97619
301 G	0.01827	0.00531	0.97642
302 A	0.01818	0.00505	0.97677
303 T	0.01816	0.00462	0.97721
304 C	0.01802	0.00451	0.97747
305 A	0.01819	0.00430	0.97751
306 T	0.01883	0.00364	0.97753
307 C	0.01894	0.00351	0.97755
308 A	0.01900	0.00346	0.97754
309 T	0.01919	0.00327	0.97754
310 T	0.01922	0.00325	0.97753
311 T	0.01912	0.00336	0.97751
312 A	0.01884	0.00366	0.9775
313 T	0.01872	0.00376	0.97752
314 T	0.01840	0.00404	0.97755
315 T	0.01778	0.00461	0.97761
316 A	0.01622	0.00617	0.97761
317 T	0.01488	0.00745	0.97767
318 A	0.01228	0.00997	0.97775
319 G	0.01080	0.01136	0.97785
320 A	0.00997	0.01216	0.97787
321 A	0.00935	0.01274	0.9779
322 A	0.00915	0.01288	0.97797
323 A	0.00911	0.01277	0.97813
324 A	0.00910	0.01242	0.97849
325 A	0.00911	0.01214	0.97875
326 T	0.00911	0.01188	0.97901
327 T	0.00911	0.01159	0.97931
328 G	0.00904	0.01151	0.97945
329 G	0.00900	0.01150	0.9795
330 T	0.00898	0.01147	0.97955
331 G	0.00889	0.01160	0.9795
332 A	0.00886	0.01168	0.97946
333 A	0.00884	0.01162	0.97954
334 T	0.00885	0.01137	0.97978
335 A	0.00885	0.01098	0.98017
336 T	0.00887	0.01054	0.98058
337 G	0.00887	0.01006	0.98108
338 A	0.00888	0.00934	0.98178
339 A	0.00892	0.00786	0.98322
340 T	0.00899	0.00633	0.98468
341 G	0.00901	0.00408	0.98692
342 G	0.00904	0.00286	0.9881
343 A	0.00909	0.00217	0.98874
344 T	0.00914	0.00157	0.98928
345 C	0.00915	0.00137	0.98948
346 G	0.00918	0.00133	0.9895
347 A	0.00920	0.00130	0.98951
348 T	0.00923	0.00126	0.98951
349 A	0.00924	0.00127	0.98949
350 G	0.00926	0.00127	0.98947
351 T	0.00934	0.00116	0.98951
352 A	0.00937	0.00112	0.98951
353 A	0.00942	0.00105	0.98953
354 T	0.00956	0.00084	0.9896
355 T	0.00965	0.00071	0.98963
356 T	0.00967	0.00066	0.98967
357 C	0.00967	0.00063	0.9897
358 G	0.00968	0.00061	0.98971
359 C	0.00971	0.00058	0.98971
360 T	0.00976	0.00052	0.98971
361 T	0.00979	0.00050	0.98971
362 C	0.00980	0.00049	0.98971
363 T	0.00981	0.00048	0.9897
364 T	0.00981	0.00048	0.98971
365 G	0.00979	0.00049	0.98971
366 T	0.00979	0.00050	0.98971
367 T	0.00976	0.00052	0.98971
368 C	0.00970	0.00057	0.98973
369 T	0.00959	0.00070	0.98971
370 G	0.00935	0.00104	0.98961
371 A	0.00913	0.00141	0.98945
372 A	0.00904	0.00158	0.98938
373 A	0.00901	0.00172	0.98928
374 T	0.00903	0.00172	0.98924
375 G	0.00906	0.00173	0.98922
376 A	0.00907	0.00176	0.98917
377 T	0.00910	0.00175	0.98914
378 T	0.00911	0.00174	0.98915
379 T	0.00910	0.00176	0.98914
380 A	0.00908	0.00179	0.98913
381 T	0.00907	0.00179	0.98914
382 C	0.00906	0.00180	0.98914
383 A	0.00905	0.00183	0.98912
384 T	0.00905	0.00185	0.9891
385 T	0.00903	0.00190	0.98907
386 T	0.00897	0.00208	0.98896
387 T	0.00883	0.00231	0.98886
388 A	0.00811	0.00310	0.98879
389 A	0.00749	0.00376	0.98875
390 A	0.00712	0.00412	0.98876
391 A	0.00701	0.00418	0.9888
392 A	0.00700	0.00408	0.98892
393 A	0.00708	0.00377	0.98915
394 T	0.00724	0.00338	0.98937
395 A	0.00731	0.00323	0.98946
396 T	0.00739	0.00308	0.98953
397 C	0.00736	0.00307	0.98956
398 A	0.00722	0.00323	0.98955
399 T	0.00720	0.00326	0.98954
400 C	0.00713	0.00336	0.98952
401 A	0.00704	0.00347	0.98949
402 T	0.00701	0.00354	0.98945
403 T	0.00698	0.00360	0.98942
404 T	0.00687	0.00374	0.98939
405 C	0.00672	0.00391	0.98937
406 A	0.00666	0.00404	0.9893
407 A	0.00663	0.00411	0.98925
408 A	0.00664	0.00411	0.98925
409 T	0.00678	0.00390	0.98932
410 T	0.00686	0.00371	0.98943
411 A	0.00691	0.00300	0.9901
412 A	0.00693	0.00239	0.99068
413 C	0.00691	0.00202	0.99107
414 T	0.00679	0.00206	0.99115
415 C	0.00642	0.00242	0.99116
416 A	0.00610	0.00276	0.99114
417 A	0.00581	0.00307	0.99113
418 A	0.00571	0.00316	0.99112
419 A	0.00564	0.00322	0.99115
420 A	0.00561	0.00321	0.99118
421 G	0.00561	0.00294	0.99144
422 G	0.00563	0.00282	0.99155
423 A	0.00566	0.00266	0.99168
424 G	0.00570	0.00247	0.99182
425 C	0.00577	0.00229	0.99194
426 T	0.00587	0.00216	0.99197
427 T	0.00591	0.00205	0.99204
428 T	0.00593	0.00195	0.99212
429 A	0.00596	0.00188	0.99217
430 C	0.00599	0.00181	0.99221
431 C	0.00602	0.00174	0.99224
432 T	0.00602	0.00174	0.99223
433 A	0.00601	0.00177	0.99221
434 T	0.00601	0.00177	0.99221
435 A	0.00594	0.00188	0.99219
436 T	0.00592	0.00184	0.99224
437 A	0.00588	0.00170	0.99241
438 T	0.00587	0.00130	0.99283
439 A	0.00585	0.00101	0.99313
440 C	0.00585	0.00072	0.99343
441 A	0.00580	0.00082	0.99338
442 G	0.00577	0.00095	0.99328
443 G	0.00577	0.00104	0.9932
444 T	0.00576	0.00109	0.99314
445 A	0.00575	0.00116	0.99309
446 T	0.00574	0.00115	0.99311
447 A	0.00574	0.00116	0.9931
448 G	0.00574	0.00114	0.99311
449 T	0.00574	0.00113	0.99313
450 C	0.00574	0.00112	0.99314
451 A	0.00574	0.00112	0.99314
452 C	0.00575	0.00111	0.99315
453 T	0.00575	0.00111	0.99314
454 G	0.00575	0.00110	0.99314
455 A	0.00576	0.00109	0.99314
456 T	0.00579	0.00105	0.99316
457 A	0.00580	0.00104	0.99317
458 C	0.00583	0.00090	0.99326
459 A	0.00584	0.00088	0.99327
460 G	0.00585	0.00083	0.99331
461 G	0.00587	0.00080	0.99333
462 T	0.00590	0.00076	0.99334
463 A	0.00592	0.00077	0.9933
464 A	0.00603	0.00061	0.99336
465 T	0.00621	0.00039	0.99341
466 T	0.00630	0.00027	0.99343
467 T	0.00634	0.00022	0.99344
468 T	0.00636	0.00018	0.99345
469 C	0.00636	0.00018	0.99346
470 G	0.00636	0.00019	0.99346
471 T	0.00635	0.00020	0.99345
472 T	0.00634	0.00021	0.99345
473 T	0.00632	0.00023	0.99345
474 C	0.00628	0.00027	0.99345
475 T	0.00625	0.00030	0.99345
476 C	0.00615	0.00040	0.99345
477 A	0.00587	0.00070	0.99344
478 A	0.00572	0.00085	0.99343
479 G	0.00563	0.00095	0.99343
480 A	0.00556	0.00101	0.99343
481 G	0.00552	0.00105	0.99342
482 T	0.00551	0.00105	0.99344
483 C	0.00550	0.00106	0.99344
484 A	0.00549	0.00107	0.99344
485 A	0.00550	0.00106	0.99344
486 T	0.00554	0.00103	0.99343
487 T	0.00555	0.00103	0.99342
488 C	0.00554	0.00103	0.99342
489 T	0.00554	0.00105	0.99341
490 A	0.00553	0.00107	0.9934
491 A	0.00553	0.00107	0.9934
492 T	0.00552	0.00107	0.99341
493 A	0.00552	0.00108	0.99341
494 C	0.00551	0.00104	0.99345
495 T	0.00550	0.00103	0.99346
496 T	0.00547	0.00104	0.99349
497 T	0.00539	0.00110	0.99351
498 A	0.00530	0.00118	0.99352
499 A	0.00520	0.00124	0.99355
500 A	0.00515	0.00104	0.99381
501 A	0.00510	0.00093	0.99396
502 T	0.00506	0.00088	0.99406
503 G	0.00497	0.00091	0.99412
504 T	0.00492	0.00095	0.99413
505 G	0.00483	0.00103	0.99414
506 G	0.00480	0.00105	0.99415
507 A	0.00478	0.00106	0.99415
508 G	0.00478	0.00106	0.99416
509 C	0.00478	0.00105	0.99416
510 T	0.00479	0.00106	0.99415
511 A	0.00479	0.00108	0.99413
512 G	0.00480	0.00107	0.99413
513 T	0.00481	0.00108	0.99411
514 T	0.00481	0.00110	0.9941
515 T	0.00481	0.00110	0.99409
516 A	0.00481	0.00109	0.99409
517 T	0.00481	0.00108	0.99412
518 T	0.00480	0.00105	0.99414
519 A	0.00480	0.00102	0.99417
520 G	0.00480	0.00095	0.99425
521 A	0.00482	0.00086	0.99432
522 A	0.00483	0.00076	0.9944
523 T	0.00486	0.00067	0.99447
524 A	0.00487	0.00060	0.99453
525 T	0.00488	0.00052	0.9946
526 G	0.00489	0.00043	0.99468
527 G	0.00492	0.00035	0.99474
528 T	0.00494	0.00027	0.99479
529 T	0.00495	0.00024	0.99481
530 T	0.00496	0.00023	0.99481
531 T	0.00496	0.00025	0.99479
532 G	0.00496	0.00031	0.99473
533 A	0.00495	0.00041	0.99464
534 T	0.00497	0.00050	0.99453
535 G	0.00497	0.00058	0.99445
536 T	0.00499	0.00070	0.99431
537 T	0.00497	0.00089	0.99413
538 T	0.00485	0.00126	0.99389
539 T	0.00466	0.00166	0.99368
540 T	0.00435	0.00218	0.99346
541 G	0.00400	0.00270	0.99329
542 A	0.00385	0.00288	0.99326
543 A	0.00367	0.00307	0.99326
544 A	0.00352	0.00324	0.99325
545 T	0.00343	0.00334	0.99323
546 C	0.00311	0.00367	0.99322
547 G	0.00290	0.00393	0.99317
548 A	0.00280	0.00408	0.99312
549 T	0.00275	0.00415	0.9931
550 C	0.00267	0.00426	0.99308
551 A	0.00259	0.00441	0.993
552 A	0.00254	0.00452	0.99295
553 A	0.00252	0.00460	0.99288
554 A	0.00253	0.00463	0.99284
555 A	0.00258	0.00460	0.99282
556 A	0.00269	0.00448	0.99283
557 T	0.00283	0.00433	0.99284
558 A	0.00291	0.00423	0.99285
559 A	0.00308	0.00402	0.9929
560 A	0.00327	0.00374	0.99299
561 T	0.00359	0.00321	0.9932
562 T	0.00375	0.00283	0.99341
563 T	0.00388	0.00247	0.99365
564 T	0.00390	0.00223	0.99386
565 A	0.00379	0.00227	0.99394
566 A	0.00373	0.00220	0.99407
567 A	0.00371	0.00208	0.99421
568 A	0.00372	0.00195	0.99433
569 G	0.00374	0.00161	0.99466
570 T	0.00384	0.00134	0.99482
571 T	0.00389	0.00125	0.99486
572 T	0.00386	0.00129	0.99484
573 A	0.00383	0.00134	0.99484
574 G	0.00385	0.00129	0.99486
575 A	0.00387	0.00126	0.99486
576 T	0.00393	0.00120	0.99487
577 T	0.00397	0.00117	0.99486
578 T	0.00397	0.00123	0.9948
579 A	0.00395	0.00129	0.99476
580 T	0.00394	0.00133	0.99473
581 T	0.00391	0.00140	0.99468
582 A	0.00388	0.00152	0.9946
583 A	0.00387	0.00167	0.99447
584 A	0.00387	0.00171	0.99442
585 A	0.00389	0.00167	0.99445
586 T	0.00392	0.00160	0.99449
587 T	0.00394	0.00152	0.99453
588 T	0.00394	0.00144	0.99463
589 C	0.00389	0.00144	0.99467
590 A	0.00386	0.00146	0.99468
591 A	0.00386	0.00146	0.99468
592 G	0.00388	0.00144	0.99469
593 G	0.00392	0.00139	0.99469
594 T	0.00401	0.00130	0.99469
595 T	0.00408	0.00117	0.99476
596 A	0.00412	0.00108	0.9948
597 T	0.00417	0.00101	0.99482
598 G	0.00420	0.00098	0.99482
599 T	0.00422	0.00094	0.99483
600 A	0.00423	0.00094	0.99484
601 T	0.00429	0.00085	0.99486
602 G	0.00427	0.00087	0.99487
603 C	0.00427	0.00088	0.99484
604 A	0.00427	0.00111	0.99463
605 A	0.00433	0.00114	0.99452
606 T	0.00445	0.00107	0.99448
607 A	0.00448	0.00109	0.99443
608 A	0.00449	0.00112	0.99439
609 T	0.00449	0.00111	0.99439
610 T	0.00449	0.00111	0.9944
611 G	0.00448	0.00111	0.99441
612 T	0.00448	0.00109	0.99443
613 G	0.00446	0.00109	0.99445
614 T	0.00445	0.00110	0.99445
615 T	0.00444	0.00111	0.99445
616 A	0.00442	0.00114	0.99444
617 C	0.00441	0.00115	0.99444
618 T	0.00439	0.00117	0.99444
619 G	0.00437	0.00122	0.99442
620 A	0.00436	0.00128	0.99436
621 A	0.00436	0.00131	0.99433
622 G	0.00435	0.00132	0.99433
623 A	0.00436	0.00129	0.99435
624 A	0.00438	0.00125	0.99436
625 G	0.00443	0.00116	0.99441
626 G	0.00449	0.00105	0.99445
627 T	0.00474	0.00076	0.99449
628 T	0.00485	0.00064	0.99451
629 T	0.00491	0.00058	0.99451
630 A	0.00494	0.00055	0.99451
631 A	0.00497	0.00052	0.99452
632 T	0.00500	0.00048	0.99452
633 T	0.00502	0.00046	0.99451
634 T	0.00504	0.00046	0.9945
635 A	0.00505	0.00049	0.99445
636 T	0.00507	0.00050	0.99443
637 T	0.00507	0.00053	0.9944
638 T	0.00508	0.00054	0.99437
639 T	0.00508	0.00059	0.99433
640 A	0.00507	0.00071	0.99422
641 A	0.00507	0.00081	0.99412
642 A	0.00509	0.00087	0.99404
643 T	0.00514	0.00082	0.99403
644 T	0.00516	0.00085	0.99398
645 T	0.00516	0.00089	0.99395
646 T	0.00514	0.00094	0.99392
647 C	0.00504	0.00107	0.99388
648 T	0.00498	0.00117	0.99386
649 A	0.00483	0.00136	0.99382
650 G	0.00475	0.00146	0.99379
651 T	0.00468	0.00156	0.99376
652 C	0.00457	0.00168	0.99375
653 A	0.00454	0.00172	0.99375
654 A	0.00452	0.00174	0.99374
655 A	0.00452	0.00174	0.99373
656 C	0.00454	0.00173	0.99373
657 C	0.00457	0.00170	0.99373
658 A	0.00462	0.00165	0.99372
659 T	0.00469	0.00158	0.99372
660 T	0.00474	0.00154	0.99372
661 C	0.00474	0.00154	0.99372
662 A	0.00475	0.00154	0.99372
663 A	0.00484	0.00144	0.99372
664 C	0.00492	0.00136	0.99371
665 A	0.00502	0.00133	0.99365
666 A	0.00506	0.00137	0.99357
667 T	0.00515	0.00133	0.99351
668 T	0.00519	0.00136	0.99345
669 T	0.00521	0.00139	0.9934
670 A	0.00521	0.00134	0.99344
671 A	0.00523	0.00125	0.99352
672 T	0.00526	0.00106	0.99367
673 A	0.00527	0.00097	0.99375
674 T	0.00530	0.00086	0.99384
675 C	0.00529	0.00079	0.99392
676 A	0.00529	0.00083	0.99389
677 A	0.00529	0.00088	0.99383
678 T	0.00529	0.00091	0.99379
679 A	0.00528	0.00095	0.99377
680 T	0.00527	0.00099	0.99374
681 T	0.00525	0.00100	0.99375
682 G	0.00517	0.00109	0.99373
683 A	0.00512	0.00115	0.99373
684 A	0.00507	0.00121	0.99373
685 C	0.00506	0.00119	0.99376
686 A	0.00507	0.00118	0.99376
687 A	0.00509	0.00116	0.99376
688 G	0.00517	0.00107	0.99376
689 C	0.00528	0.00096	0.99376
690 T	0.00536	0.00088	0.99376
691 T	0.00543	0.00081	0.99377
692 T	0.00547	0.00076	0.99377
693 T	0.00549	0.00073	0.99378
694 T	0.00548	0.00073	0.99378
695 C	0.00547	0.00073	0.9938
696 G	0.00546	0.00074	0.9938
697 A	0.00547	0.00074	0.99379
698 T	0.00550	0.00071	0.9938
699 G	0.00554	0.00066	0.9938
700 T	0.00562	0.00060	0.99379
701 T	0.00566	0.00057	0.99377
702 A	0.00567	0.00061	0.99372
703 A	0.00568	0.00064	0.99368
704 A	0.00570	0.00063	0.99367
705 T	0.00571	0.00055	0.99374
706 A	0.00573	0.00053	0.99375
707 T	0.00575	0.00046	0.99378
708 T	0.00576	0.00046	0.99379
709 T	0.00575	0.00047	0.99378
710 T	0.00575	0.00049	0.99376
711 A	0.00574	0.00052	0.99374
712 A	0.00574	0.00054	0.99372
713 G	0.00574	0.00055	0.99371
714 T	0.00574	0.00056	0.9937
715 T	0.00574	0.00060	0.99366
716 A	0.00574	0.00067	0.99359
717 T	0.00574	0.00075	0.99351
718 G	0.00574	0.00086	0.9934
719 T	0.00574	0.00109	0.99316
720 T	0.00575	0.00125	0.993
721 G	0.00575	0.00138	0.99288
722 A	0.00575	0.00150	0.99275
723 A	0.00577	0.00158	0.99265
724 A	0.00578	0.00160	0.99261
725 A	0.00585	0.00155	0.9926
726 T	0.00592	0.00147	0.99261
727 A	0.00595	0.00144	0.99261
728 A	0.00597	0.00141	0.99262
729 T	0.00601	0.00136	0.99263
730 C	0.00602	0.00134	0.99263
731 C	0.00604	0.00132	0.99264
732 T	0.00606	0.00131	0.99264
733 G	0.00607	0.00130	0.99264
734 T	0.00609	0.00128	0.99263
735 G	0.00610	0.00127	0.99263
736 T	0.00612	0.00125	0.99263
737 G	0.00614	0.00123	0.99263
738 G	0.00618	0.00119	0.99263
739 G	0.00627	0.00110	0.99263
740 C	0.00642	0.00095	0.99262
741 A	0.00659	0.00085	0.99256
742 T	0.00691	0.00063	0.99246
743 T	0.00706	0.00056	0.99239
744 T	0.00714	0.00061	0.99226
745 A	0.00718	0.00070	0.99213
746 T	0.00724	0.00064	0.99212
747 T	0.00725	0.00063	0.99212
748 T	0.00725	0.00064	0.99211
749 T	0.00723	0.00067	0.99211
750 C	0.00718	0.00072	0.9921
751 G	0.00714	0.00080	0.99207
752 A	0.00710	0.00091	0.99198
753 A	0.00709	0.00094	0.99198
754 T	0.00708	0.00094	0.99198
755 T	0.00708	0.00095	0.99198
756 A	0.00706	0.00096	0.99197
757 C	0.00706	0.00097	0.99197
758 C	0.00706	0.00097	0.99197
759 T	0.00706	0.00101	0.99193
760 A	0.00706	0.00104	0.99191
761 A	0.00706	0.00104	0.9919
762 T	0.00709	0.00103	0.99189
763 G	0.00710	0.00102	0.99188
764 G	0.00717	0.00095	0.99187
765 T	0.00730	0.00084	0.99187
766 A	0.00736	0.00078	0.99186
767 T	0.00749	0.00066	0.99185
768 T	0.00759	0.00055	0.99185
769 T	0.00760	0.00056	0.99183
770 T	0.00761	0.00059	0.9918
771 T	0.00761	0.00066	0.99173
772 A	0.00761	0.00084	0.99155
773 A	0.00761	0.00098	0.99141
774 A	0.00764	0.00102	0.99135
775 T	0.00771	0.00099	0.99131
776 T	0.00772	0.00107	0.99121
777 A	0.00771	0.00123	0.99106
778 A	0.00771	0.00143	0.99087
779 G	0.00770	0.00165	0.99065
780 T	0.00768	0.00177	0.99055
781 A	0.00766	0.00186	0.99048
782 T	0.00767	0.00191	0.99042
783 T	0.00764	0.00205	0.99032
784 C	0.00754	0.00217	0.99029
785 G	0.00749	0.00227	0.99024
786 T	0.00747	0.00231	0.99022
787 A	0.00741	0.00241	0.99019
788 C	0.00739	0.00245	0.99016
789 T	0.00737	0.00254	0.9901
790 C	0.00730	0.00267	0.99003
791 A	0.00727	0.00273	0.98999
792 A	0.00728	0.00273	0.98999
793 G	0.00732	0.00270	0.98998
794 G	0.00741	0.00261	0.98998
795 C	0.00759	0.00242	0.98999
796 C	0.00776	0.00228	0.98996
797 C	0.00786	0.00223	0.98991
798 A	0.00794	0.00236	0.9897
799 G	0.00803	0.00246	0.98951
800 A	0.00813	0.00268	0.98919
801 A	0.00829	0.00266	0.98905
802 A	0.00851	0.00250	0.98899
803 T	0.00865	0.00234	0.98901
804 A	0.00869	0.00230	0.98901
805 A	0.00872	0.00224	0.98904
806 G	0.00880	0.00210	0.98909
807 T	0.00883	0.00198	0.98918
808 G	0.00885	0.00197	0.98918
809 A	0.00888	0.00193	0.98918
810 T	0.00893	0.00182	0.98924
811 A	0.00895	0.00178	0.98927
812 T	0.00900	0.00167	0.98932
813 C	0.00905	0.00157	0.98938
814 G	0.00907	0.00153	0.9894
815 C	0.00908	0.00152	0.9894
816 G	0.00909	0.00151	0.9894
817 C	0.00911	0.00149	0.9894
818 A	0.00915	0.00146	0.98939
819 T	0.00928	0.00133	0.98939
820 C	0.00937	0.00126	0.98937
821 A	0.00955	0.00117	0.98927
822 A	0.00970	0.00110	0.9892
823 T	0.01000	0.00085	0.98914
824 T	0.01003	0.00100	0.98896
825 T	0.00987	0.00142	0.98871
826 G	0.00974	0.00192	0.98833
827 G	0.00955	0.00216	0.98829
828 T	0.00946	0.00229	0.98824
829 G	0.00922	0.00264	0.98813
830 G	0.00914	0.00274	0.98812
831 C	0.00902	0.00287	0.98811
832 G	0.00886	0.00320	0.98795
833 G	0.00878	0.00367	0.98754
834 C	0.00874	0.00381	0.98746
835 G	0.00870	0.00421	0.98709
836 G	0.00869	0.00466	0.98664
837 T	0.00868	0.00479	0.98652
838 C	0.00866	0.00489	0.98645
839 A	0.00865	0.00505	0.9863
840 T	0.00866	0.00515	0.9862
841 C	0.00865	0.00522	0.98613
842 A	0.00865	0.00542	0.98593
843 A	0.00867	0.00551	0.98583
844 A	0.00876	0.00542	0.98581
845 A	0.00884	0.00535	0.98581
846 A	0.00895	0.00523	0.98581
847 G	0.00917	0.00484	0.98599
848 C	0.00945	0.00427	0.98628
849 T	0.00982	0.00386	0.98632
850 T	0.00991	0.00372	0.98637
851 G	0.00995	0.00379	0.98625
852 T	0.01005	0.00397	0.98597
853 G	0.01002	0.00476	0.98522
854 G	0.01000	0.00574	0.98426
855 A	0.01014	0.00686	0.983
856 G	0.01056	0.00859	0.98084
857 T	0.01070	0.01227	0.97703
858 G	0.01102	0.01237	0.97661
859 A	0.01140	0.01246	0.97615
860 T	0.01153	0.01277	0.97571
861 T	0.01130	0.01374	0.97496
862 C	0.01050	0.01566	0.97383
863 T	0.01001	0.01900	0.97099
864 G	0.00860	0.02877	0.96263
865 A	0.00763	0.03257	0.95981
866 A	0.00668	0.03591	0.95741
867 A	0.00529	0.03950	0.95521
868 A	0.00465	0.04163	0.95372
869 C	0.00428	0.04211	0.95361
870 A	0.00380	0.04318	0.95302
871 A	0.00358	0.04364	0.95278
872 A	0.00358	0.04375	0.95268
873 C	0.00373	0.04360	0.95268
874 G	0.00392	0.04352	0.95256
875 A	0.00437	0.04318	0.95245
876 A	0.00527	0.04231	0.95242
877 C	0.00648	0.04109	0.95243
878 A	0.00768	0.04004	0.95228
879 A	0.00998	0.03784	0.95218
880 T	0.01372	0.03416	0.95211
881 T	0.01419	0.03394	0.95187
882 A	0.01420	0.03489	0.95091
883 A	0.01422	0.03538	0.9504
884 A	0.01478	0.03482	0.9504
885 T	0.01580	0.03337	0.95083
886 G	0.01729	0.03241	0.9503
887 A	0.02463	0.02615	0.94922
888 A	0.02754	0.02379	0.94867
889 A	0.03010	0.02152	0.94837
890 T	0.03250	0.01873	0.94877
891 T	0.03371	0.01719	0.9491
892 A	0.03355	0.01719	0.94926
893 T	0.03391	0.01652	0.94957
894 T	0.03392	0.01648	0.94959
895 C	0.03360	0.01700	0.94941
896 A	0.03290	0.02003	0.94707
897 A	0.03218	0.02199	0.94583
898 T	0.03151	0.02470	0.94379
899 T	0.02347	0.03617	0.94036
900 A	0.02056	0.04100	0.93844
901 A	0.01938	0.04314	0.93747
902 T	0.01858	0.04442	0.937
903 A	0.01744	0.04601	0.93655
904 A	0.01699	0.04640	0.93661
905 A	0.01765	0.04544	0.93692
906 A	0.01831	0.04414	0.93755
907 G	0.01886	0.04302	0.93812
908 C	0.01981	0.04160	0.93859
909 A	0.02115	0.03992	0.93894
910 T	0.02351	0.03742	0.93907
911 C	0.02448	0.03637	0.93915
912 T	0.02551	0.03541	0.93908
913 A	0.02621	0.03487	0.93892
914 T	0.02654	0.03434	0.93912
915 T	0.02634	0.03440	0.93925
916 C	0.02507	0.03580	0.93912
917 A	0.02424	0.03723	0.93854
918 A	0.02434	0.03734	0.93831
919 A	0.02686	0.03475	0.9384
920 A	0.02813	0.03314	0.93873
921 A	0.03075	0.03014	0.93912
922 T	0.03431	0.01823	0.94746
923 T	0.03557	0.01788	0.94655
924 T	0.03411	0.02120	0.94469
925 A	0.02725	0.03903	0.93372
926 A	0.02687	0.03921	0.93391
927 T	0.02637	0.03937	0.93426
928 T	0.02425	0.04135	0.9344
929 G	0.02290	0.04260	0.9345
930 C	0.02224	0.04324	0.93452
931 G	0.02222	0.04329	0.93449
932 A	0.02225	0.04328	0.93446
933 A	0.02231	0.04322	0.93446
934 A	0.02245	0.04307	0.93448
935 A	0.02259	0.04290	0.9345
936 T	0.02286	0.04238	0.93475
937 A	0.02304	0.04200	0.93496
938 A	0.02335	0.04131	0.93534
939 T	0.02386	0.03961	0.93653
940 C	0.02441	0.03818	0.93742
941 C	0.02484	0.03755	0.93761
942 A	0.02542	0.03693	0.93764
943 A	0.02626	0.03606	0.93768
944 A	0.02731	0.03495	0.93773
945 A	0.02970	0.03250	0.9378
946 T	0.03385	0.02767	0.93849
947 A	0.03684	0.02085	0.94231
948 A	0.04709	0.00000	0.95291
