# lcl|CP097583.1_cds_USQ93136.1_1
# AA	inside	membr	outside
1 A	0.58497	0.00000	0.41503
2 T	0.58371	0.00126	0.41503
3 G	0.58230	0.00268	0.41503
4 A	0.58230	0.07666	0.34104
5 C	0.56525	0.17530	0.25945
6 T	0.56525	0.20034	0.23441
7 A	0.37102	0.41093	0.21805
8 T	0.37100	0.41120	0.2178
9 A	0.27342	0.51527	0.21131
10 A	0.27329	0.68450	0.04222
11 A	0.26259	0.70030	0.03712
12 A	0.13567	0.82896	0.03537
13 A	0.03225	0.93600	0.03175
14 A	0.03224	0.93602	0.03175
15 A	0.03224	0.94362	0.02415
16 A	0.03133	0.94453	0.02415
17 A	0.03010	0.94577	0.02414
18 A	0.03006	0.94583	0.02412
19 A	0.02918	0.94672	0.0241
20 C	0.02582	0.95020	0.02398
21 A	0.02010	0.95590	0.02401
22 G	0.02023	0.95570	0.02407
23 A	0.02123	0.95457	0.0242
24 A	0.02514	0.95048	0.02437
25 C	0.03248	0.93958	0.02793
26 A	0.04089	0.92714	0.03197
27 A	0.11066	0.84754	0.0418
28 T	0.20418	0.73438	0.06144
29 A	0.22834	0.70210	0.06957
30 T	0.27581	0.49746	0.22673
31 G	0.28295	0.45206	0.26499
32 T	0.30009	0.32964	0.37026
33 T	0.37929	0.24457	0.37615
34 A	0.35304	0.29420	0.35276
35 T	0.34550	0.24504	0.40946
36 T	0.32227	0.23833	0.4394
37 A	0.29128	0.28335	0.42537
38 G	0.25425	0.33959	0.40616
39 A	0.16948	0.51878	0.31173
40 A	0.13006	0.60258	0.26737
41 G	0.10724	0.63770	0.25507
42 A	0.08907	0.67328	0.23765
43 A	0.07968	0.68854	0.23178
44 A	0.05427	0.75777	0.18795
45 C	0.03821	0.78304	0.17876
46 A	0.03396	0.80982	0.15622
47 A	0.02898	0.82260	0.14841
48 A	0.02533	0.83011	0.14456
49 A	0.02332	0.84479	0.13189
50 T	0.02234	0.85127	0.12639
51 A	0.02078	0.85731	0.12191
52 G	0.01965	0.85746	0.12289
53 A	0.01923	0.85908	0.12169
54 A	0.02142	0.85530	0.12329
55 G	0.02481	0.84834	0.12686
56 A	0.04285	0.82194	0.13522
57 A	0.08643	0.75304	0.16052
58 T	0.13849	0.68679	0.17472
59 T	0.17449	0.63856	0.18695
60 A	0.18477	0.62953	0.1857
61 A	0.19864	0.60089	0.20046
62 A	0.26044	0.48822	0.25134
63 A	0.29705	0.42612	0.27683
64 A	0.31272	0.39428	0.293
65 A	0.33971	0.35322	0.30706
66 A	0.36056	0.32973	0.30971
67 T	0.41134	0.26457	0.3241
68 T	0.40876	0.26164	0.3296
69 A	0.39289	0.27855	0.32856
70 A	0.38086	0.29472	0.32443
71 A	0.37614	0.30190	0.32196
72 T	0.38371	0.29292	0.32337
73 G	0.37207	0.30440	0.32352
74 T	0.37392	0.30287	0.32321
75 A	0.36927	0.30690	0.32383
76 G	0.36934	0.30583	0.32483
77 A	0.37177	0.30301	0.32521
78 A	0.37693	0.29734	0.32574
79 C	0.38463	0.28836	0.327
80 C	0.39836	0.27410	0.32754
81 C	0.41286	0.25941	0.32773
82 T	0.43414	0.23811	0.32775
83 T	0.45220	0.21996	0.32784
84 T	0.45661	0.21566	0.32773
85 C	0.44741	0.22456	0.32804
86 G	0.44304	0.22877	0.32819
87 T	0.44277	0.22781	0.32943
88 A	0.43255	0.23943	0.32801
89 A	0.43557	0.23581	0.32861
90 T	0.44772	0.22309	0.32919
91 T	0.45322	0.20208	0.34469
92 A	0.44953	0.17951	0.37095
93 T	0.45267	0.15503	0.39231
94 T	0.45028	0.14645	0.40327
95 T	0.44135	0.14945	0.4092
96 C	0.42861	0.15020	0.4212
97 G	0.41835	0.16166	0.41998
98 A	0.41363	0.16642	0.41995
99 T	0.40994	0.17184	0.41821
100 G	0.40226	0.18312	0.41461
101 T	0.39509	0.19863	0.40628
102 T	0.38345	0.21557	0.40098
103 A	0.36847	0.23480	0.39673
104 A	0.36189	0.24338	0.39473
105 A	0.35767	0.25203	0.39031
106 A	0.35497	0.25679	0.38824
107 A	0.35437	0.25126	0.39438
108 T	0.35442	0.23752	0.40806
109 A	0.35273	0.23264	0.41463
110 A	0.35240	0.23025	0.41735
111 T	0.35472	0.21523	0.43005
112 A	0.35451	0.21112	0.43437
113 T	0.35554	0.20508	0.43938
114 T	0.35638	0.19978	0.44384
115 T	0.35530	0.19979	0.44491
116 T	0.35326	0.21415	0.4326
117 A	0.34880	0.23124	0.41995
118 G	0.34623	0.23836	0.41541
119 A	0.34577	0.24036	0.41387
120 T	0.35044	0.23071	0.41885
121 A	0.35256	0.23069	0.41675
122 T	0.35859	0.22317	0.41824
123 A	0.35379	0.22652	0.41969
124 T	0.35778	0.22044	0.42178
125 T	0.35781	0.21725	0.42493
126 A	0.35495	0.21854	0.42651
127 A	0.35311	0.22673	0.42016
128 A	0.35562	0.22851	0.41587
129 T	0.35888	0.22937	0.41174
130 A	0.35772	0.24408	0.3982
131 A	0.35529	0.24644	0.39827
132 A	0.35529	0.24534	0.39937
133 T	0.35800	0.24235	0.39965
134 A	0.35013	0.25246	0.39741
135 C	0.35112	0.25003	0.39885
136 G	0.35250	0.24846	0.39904
137 A	0.35609	0.24468	0.39924
138 A	0.36488	0.23480	0.40032
139 T	0.38995	0.20784	0.40222
140 C	0.40634	0.18810	0.40557
141 T	0.42105	0.17101	0.40794
142 T	0.42794	0.16281	0.40925
143 A	0.43057	0.16017	0.40926
144 T	0.43417	0.15538	0.41045
145 A	0.42874	0.16020	0.41106
146 G	0.42813	0.14858	0.42329
147 T	0.43041	0.14046	0.42912
148 C	0.42554	0.14086	0.4336
149 A	0.42658	0.14130	0.43212
150 T	0.43200	0.13632	0.43168
151 G	0.42664	0.14266	0.4307
152 A	0.42638	0.14384	0.42978
153 T	0.43640	0.13294	0.43067
154 G	0.43269	0.13297	0.43435
155 A	0.42980	0.13582	0.43438
156 A	0.42997	0.13474	0.43529
157 T	0.43323	0.12264	0.44413
158 T	0.43313	0.11908	0.44779
159 A	0.43133	0.11891	0.44976
160 T	0.43082	0.11764	0.45154
161 C	0.42904	0.11857	0.45239
162 T	0.42633	0.12241	0.45126
163 G	0.40574	0.14403	0.45023
164 T	0.40059	0.15025	0.44916
165 A	0.38831	0.16459	0.44709
166 A	0.38214	0.17298	0.44489
167 A	0.37644	0.17741	0.44614
168 A	0.37198	0.17540	0.45262
169 G	0.36863	0.17290	0.45848
170 A	0.36799	0.16857	0.46345
171 G	0.36556	0.16157	0.47287
172 A	0.36605	0.16060	0.47335
173 T	0.36445	0.16191	0.47364
174 T	0.35560	0.17001	0.47438
175 A	0.34694	0.18166	0.4714
176 A	0.34171	0.18404	0.47425
177 A	0.33830	0.18327	0.47843
178 G	0.33681	0.17989	0.48331
179 T	0.33779	0.17651	0.4857
180 C	0.33514	0.17806	0.4868
181 G	0.33457	0.17886	0.48656
182 A	0.33464	0.17770	0.48766
183 T	0.33549	0.17572	0.48879
184 A	0.33553	0.17407	0.4904
185 T	0.33680	0.16951	0.49369
186 C	0.33644	0.14400	0.51956
187 G	0.33646	0.13883	0.52471
188 C	0.33768	0.12986	0.53246
189 A	0.33890	0.12769	0.53341
190 G	0.33975	0.12420	0.53606
191 G	0.34182	0.11937	0.53882
192 T	0.34498	0.11294	0.54208
193 A	0.34631	0.11096	0.54273
194 G	0.34927	0.10218	0.54855
195 A	0.35519	0.09145	0.55335
196 A	0.36154	0.07518	0.56327
197 T	0.37007	0.05375	0.57619
198 T	0.37666	0.04038	0.58296
199 G	0.37699	0.03592	0.58708
200 T	0.37727	0.03438	0.58836
201 T	0.37652	0.03497	0.58851
202 A	0.37278	0.04435	0.58288
203 C	0.37080	0.04926	0.57994
204 T	0.36977	0.07384	0.55638
205 A	0.36593	0.13373	0.50034
206 A	0.36308	0.16509	0.47183
207 T	0.35711	0.18644	0.45646
208 A	0.34723	0.20767	0.44509
209 G	0.34387	0.21373	0.4424
210 A	0.34163	0.21573	0.44264
211 A	0.34089	0.21604	0.44307
212 G	0.34110	0.21463	0.44427
213 T	0.34191	0.21311	0.44498
214 C	0.34194	0.21260	0.44546
215 A	0.34212	0.21235	0.44553
216 A	0.34255	0.21172	0.44573
217 G	0.34286	0.21125	0.44589
218 G	0.34339	0.21059	0.44601
219 C	0.34413	0.20981	0.44607
220 A	0.34534	0.20851	0.44615
221 A	0.34744	0.20615	0.44641
222 A	0.34896	0.20401	0.44703
223 G	0.35250	0.19971	0.44779
224 C	0.35761	0.19336	0.44903
225 A	0.36694	0.18002	0.45305
226 G	0.37583	0.16836	0.4558
227 G	0.40288	0.13919	0.45792
228 T	0.46397	0.07467	0.46135
229 T	0.49078	0.04555	0.46366
230 T	0.50357	0.02578	0.47065
231 T	0.50918	0.01135	0.47947
232 T	0.51028	0.00751	0.48222
233 T	0.51005	0.00599	0.48396
234 T	0.50943	0.00598	0.48458
235 C	0.50896	0.00654	0.4845
236 T	0.50859	0.00752	0.4839
237 T	0.50757	0.00856	0.48387
238 T	0.50526	0.01094	0.48381
239 T	0.49997	0.01652	0.48351
240 A	0.48064	0.03652	0.48284
241 C	0.47196	0.04548	0.48256
242 A	0.46635	0.05283	0.48082
243 A	0.46323	0.05749	0.47927
244 A	0.46202	0.06027	0.47771
245 A	0.45977	0.06323	0.477
246 T	0.45852	0.06458	0.47691
247 T	0.45440	0.06863	0.47697
248 T	0.44919	0.07384	0.47696
249 T	0.44450	0.07859	0.47691
250 G	0.43828	0.08492	0.4768
251 A	0.43547	0.08787	0.47666
252 T	0.43450	0.08892	0.47658
253 G	0.43296	0.09041	0.47663
254 A	0.43258	0.09060	0.47682
255 T	0.43267	0.09002	0.47732
256 T	0.43212	0.09005	0.47783
257 C	0.43096	0.09044	0.47861
258 T	0.43049	0.09030	0.4792
259 A	0.42870	0.09184	0.47946
260 T	0.42720	0.09143	0.48138
261 T	0.42252	0.09426	0.48322
262 C	0.41657	0.09686	0.48656
263 A	0.41349	0.08563	0.50088
264 A	0.41186	0.08085	0.50729
265 A	0.41216	0.07579	0.51205
266 T	0.41341	0.07163	0.51495
267 T	0.41452	0.06955	0.51594
268 T	0.41477	0.06461	0.52061
269 A	0.41437	0.06279	0.52285
270 T	0.41425	0.05771	0.52804
271 T	0.41381	0.05460	0.53159
272 T	0.41318	0.05541	0.53141
273 A	0.40609	0.06625	0.52767
274 A	0.39932	0.08280	0.51788
275 A	0.39048	0.10246	0.50707
276 T	0.38588	0.11864	0.49548
277 A	0.38182	0.15026	0.46792
278 A	0.37934	0.16294	0.45772
279 A	0.37872	0.16807	0.45321
280 A	0.37883	0.16892	0.45226
281 A	0.37911	0.16821	0.45268
282 A	0.38021	0.16489	0.4549
283 T	0.38146	0.16134	0.4572
284 T	0.38215	0.15621	0.46164
285 A	0.38244	0.15209	0.46546
286 G	0.38348	0.14812	0.4684
287 T	0.38456	0.14528	0.47016
288 T	0.38488	0.14384	0.47128
289 T	0.38464	0.14357	0.47179
290 C	0.38389	0.14388	0.47224
291 T	0.38379	0.14426	0.47195
292 G	0.38259	0.14633	0.47107
293 A	0.38183	0.15025	0.46792
294 A	0.38200	0.15346	0.46454
295 A	0.38540	0.15044	0.46415
296 A	0.39105	0.13799	0.47097
297 A	0.40259	0.11915	0.47826
298 G	0.41520	0.09604	0.48877
299 C	0.43085	0.07602	0.49312
300 T	0.45832	0.04681	0.49487
301 T	0.46702	0.03815	0.49483
302 T	0.46928	0.03631	0.49441
303 T	0.46740	0.03867	0.49393
304 C	0.46315	0.04336	0.49349
305 A	0.45924	0.04974	0.49103
306 T	0.45783	0.05347	0.48871
307 A	0.45565	0.06079	0.48356
308 T	0.45559	0.06238	0.48203
309 T	0.45335	0.06495	0.48171
310 T	0.44647	0.07288	0.48064
311 A	0.43288	0.08698	0.48014
312 T	0.42095	0.09882	0.48022
313 C	0.40806	0.11136	0.48058
314 A	0.39937	0.12048	0.48015
315 A	0.39347	0.12640	0.48013
316 A	0.39274	0.12675	0.48051
317 A	0.39278	0.12610	0.48112
318 A	0.39187	0.12662	0.4815
319 A	0.39202	0.12448	0.48351
320 T	0.39212	0.12242	0.48546
321 A	0.39196	0.12218	0.48586
322 G	0.39235	0.12053	0.48712
323 A	0.39313	0.11869	0.48817
324 T	0.39499	0.11484	0.49016
325 T	0.39623	0.11207	0.4917
326 T	0.39703	0.10958	0.49339
327 A	0.39720	0.10783	0.49497
328 G	0.39857	0.10424	0.49719
329 G	0.40043	0.10160	0.49797
330 T	0.40523	0.09535	0.49941
331 G	0.40643	0.09584	0.49774
332 A	0.40701	0.09475	0.49825
333 T	0.40850	0.08668	0.50482
334 A	0.40903	0.07497	0.516
335 T	0.40976	0.06157	0.52867
336 T	0.41021	0.05000	0.53979
337 G	0.41045	0.04264	0.54691
338 T	0.41085	0.03786	0.55129
339 A	0.41086	0.03613	0.55301
340 G	0.41104	0.03394	0.55502
341 G	0.41132	0.03360	0.55509
342 A	0.41163	0.03637	0.552
343 G	0.41187	0.03602	0.55211
344 T	0.41255	0.03524	0.55222
345 T	0.41276	0.03544	0.55181
346 A	0.41258	0.03644	0.55098
347 C	0.41270	0.03717	0.55013
348 A	0.41238	0.04271	0.5449
349 G	0.41354	0.04650	0.53996
350 G	0.41603	0.04692	0.53705
351 T	0.41984	0.04624	0.53392
352 T	0.42204	0.04964	0.52832
353 A	0.42316	0.05484	0.522
354 T	0.42669	0.05856	0.51474
355 T	0.42771	0.06334	0.50895
356 T	0.42671	0.06577	0.50752
357 A	0.42431	0.06917	0.50652
358 T	0.42316	0.07081	0.50603
359 T	0.41718	0.07747	0.50535
360 C	0.37991	0.11576	0.50433
361 A	0.34907	0.14738	0.50354
362 A	0.34107	0.15574	0.50319
363 A	0.33655	0.16076	0.5027
364 A	0.33490	0.16260	0.5025
365 C	0.33712	0.16043	0.50244
366 T	0.33696	0.16106	0.50199
367 A	0.33587	0.16238	0.50175
368 A	0.33552	0.16291	0.50157
369 A	0.33588	0.16266	0.50146
370 A	0.33654	0.16208	0.50139
371 C	0.34169	0.15580	0.50251
372 T	0.34766	0.14981	0.50253
373 G	0.35017	0.14744	0.50239
374 G	0.35278	0.14501	0.5022
375 A	0.35765	0.14036	0.50199
376 G	0.36293	0.13511	0.50196
377 T	0.37043	0.12654	0.50303
378 A	0.37490	0.12087	0.50423
379 T	0.37658	0.11595	0.50747
380 T	0.37677	0.11222	0.51101
381 A	0.37559	0.11106	0.51334
382 A	0.37520	0.10439	0.52041
383 G	0.37559	0.06547	0.55893
384 T	0.37622	0.03666	0.58713
385 G	0.37626	0.02936	0.59439
386 T	0.37679	0.02490	0.5983
387 C	0.37661	0.02274	0.60065
388 A	0.37641	0.02233	0.60126
389 A	0.37611	0.02188	0.60201
390 A	0.37600	0.02101	0.60299
391 G	0.37628	0.01972	0.604
392 C	0.37693	0.01859	0.60448
393 T	0.37752	0.01824	0.60424
394 T	0.37755	0.01911	0.60334
395 T	0.37734	0.02093	0.60173
396 T	0.37640	0.02604	0.59756
397 G	0.37559	0.06051	0.5639
398 A	0.37517	0.08471	0.54012
399 T	0.37523	0.08906	0.53571
400 T	0.37522	0.09218	0.53259
401 T	0.37488	0.09583	0.52929
402 A	0.37290	0.09880	0.5283
403 G	0.37198	0.09960	0.52841
404 T	0.37207	0.09931	0.52863
405 T	0.37219	0.10021	0.52761
406 C	0.37205	0.10147	0.52648
407 A	0.37206	0.10386	0.52408
408 T	0.37222	0.10474	0.52304
409 T	0.37224	0.10556	0.5222
410 T	0.37193	0.10683	0.52124
411 A	0.37087	0.10894	0.52019
412 A	0.37069	0.10927	0.52005
413 G	0.37064	0.10973	0.51963
414 T	0.37084	0.11113	0.51802
415 A	0.37065	0.11370	0.51565
416 A	0.37192	0.11355	0.51453
417 A	0.37282	0.11404	0.51314
418 A	0.37443	0.11383	0.51174
419 G	0.37866	0.11000	0.51135
420 T	0.41539	0.07347	0.51115
421 T	0.43693	0.05312	0.50995
422 T	0.43940	0.05303	0.50757
423 A	0.43610	0.05686	0.50704
424 A	0.43279	0.05965	0.50756
425 T	0.43152	0.05919	0.50929
426 G	0.42734	0.06278	0.50988
427 C	0.42218	0.06879	0.50903
428 C	0.41888	0.07433	0.5068
429 T	0.41777	0.07627	0.50597
430 T	0.41336	0.08079	0.50585
431 T	0.39583	0.09845	0.50572
432 A	0.33299	0.16142	0.50559
433 C	0.29304	0.20113	0.50583
434 C	0.26189	0.23220	0.50592
435 A	0.24046	0.25644	0.50309
436 G	0.22769	0.27111	0.50119
437 A	0.21754	0.28269	0.49976
438 T	0.21327	0.28841	0.49831
439 A	0.19523	0.30844	0.49633
440 A	0.18077	0.32156	0.49768
441 A	0.17805	0.32277	0.49917
442 T	0.17653	0.32247	0.501
443 A	0.17167	0.32694	0.50139
444 C	0.16988	0.32629	0.50382
445 A	0.16686	0.32886	0.50428
446 A	0.16556	0.32619	0.50824
447 A	0.16449	0.32293	0.51257
448 G	0.16481	0.32014	0.51504
449 G	0.16606	0.31486	0.51909
450 T	0.16810	0.30055	0.53136
451 T	0.16961	0.28696	0.54342
452 T	0.16899	0.27920	0.55181
453 A	0.16657	0.27802	0.55541
454 A	0.16096	0.27135	0.56769
455 A	0.15722	0.22491	0.61787
456 A	0.15258	0.19398	0.65343
457 G	0.14651	0.16901	0.68448
458 A	0.14466	0.17112	0.68423
459 T	0.13592	0.19761	0.66647
460 A	0.11114	0.26018	0.62868
461 A	0.08440	0.31124	0.60436
462 A	0.06857	0.32192	0.60951
463 G	0.06106	0.32512	0.61382
464 A	0.05604	0.34900	0.59497
465 G	0.05221	0.36732	0.58047
466 T	0.05144	0.38330	0.56526
467 A	0.04956	0.38984	0.5606
468 T	0.04908	0.39213	0.5588
469 A	0.04628	0.40514	0.54858
470 T	0.04474	0.41003	0.54523
471 C	0.04308	0.42066	0.53625
472 A	0.03897	0.44519	0.51585
473 G	0.03715	0.45382	0.50903
474 A	0.03627	0.46330	0.50044
475 A	0.03632	0.46669	0.49698
476 A	0.03748	0.46671	0.49582
477 A	0.03991	0.46083	0.49925
478 A	0.04333	0.45397	0.5027
479 A	0.04964	0.44260	0.50777
480 A	0.05808	0.42510	0.51681
481 A	0.07939	0.39778	0.52283
482 G	0.11290	0.34932	0.53779
483 A	0.16083	0.27899	0.56018
484 T	0.19610	0.21663	0.58727
485 A	0.20578	0.18869	0.60553
486 T	0.22050	0.16631	0.61319
487 A	0.23801	0.14327	0.61871
488 T	0.25625	0.12026	0.62349
489 C	0.26924	0.10389	0.62687
490 G	0.27730	0.09380	0.6289
491 A	0.28547	0.08526	0.62927
492 T	0.30245	0.06660	0.63096
493 C	0.30859	0.06002	0.63139
494 T	0.32052	0.05085	0.62863
495 T	0.33171	0.04303	0.62527
496 A	0.32624	0.07145	0.60231
497 T	0.32822	0.09742	0.57437
498 T	0.32014	0.14075	0.53911
499 A	0.28965	0.20863	0.50171
500 T	0.26513	0.24254	0.49233
501 T	0.22042	0.29205	0.48753
502 A	0.15907	0.35467	0.48626
503 A	0.12808	0.38570	0.48622
504 C	0.11709	0.39665	0.48626
505 T	0.11201	0.40178	0.48621
506 C	0.10366	0.41016	0.48617
507 C	0.09924	0.41470	0.48607
508 G	0.09741	0.41656	0.48602
509 A	0.09543	0.41859	0.48598
510 A	0.09371	0.42031	0.48599
511 A	0.09257	0.42144	0.48599
512 C	0.09150	0.42202	0.48648
513 T	0.09105	0.42194	0.48701
514 A	0.09014	0.42268	0.48717
515 G	0.08971	0.42285	0.48743
516 A	0.09032	0.42220	0.48747
517 A	0.09399	0.41838	0.48764
518 A	0.10190	0.40530	0.4928
519 A	0.12852	0.36630	0.50518
520 A	0.15804	0.32967	0.51229
521 A	0.19002	0.28500	0.52498
522 A	0.22295	0.21434	0.56271
523 T	0.23469	0.16774	0.59757
524 T	0.23823	0.11211	0.64965
525 T	0.23771	0.06049	0.7018
526 C	0.23362	0.04465	0.72173
527 T	0.22729	0.06644	0.70627
528 T	0.20783	0.12987	0.6623
529 A	0.18083	0.18392	0.63525
530 T	0.16156	0.21422	0.62422
531 A	0.10624	0.29763	0.59614
532 A	0.07380	0.33054	0.59566
533 G	0.05115	0.35218	0.59667
534 A	0.03537	0.36883	0.5958
535 A	0.03065	0.37502	0.59432
536 C	0.02751	0.37964	0.59286
537 A	0.02309	0.39912	0.57779
538 A	0.01996	0.42437	0.55567
539 A	0.01788	0.43580	0.54633
540 A	0.01631	0.43979	0.5439
541 A	0.01577	0.44126	0.54296
542 T	0.01575	0.44021	0.54404
543 A	0.01540	0.44035	0.54425
544 A	0.01580	0.43952	0.54468
545 T	0.01646	0.43819	0.54535
546 A	0.01660	0.43743	0.54597
547 A	0.01779	0.43487	0.54734
548 A	0.02154	0.42762	0.55084
549 A	0.02954	0.41189	0.55856
550 A	0.05247	0.37742	0.57012
551 T	0.10435	0.29699	0.59865
552 T	0.12869	0.24330	0.628
553 A	0.13582	0.21667	0.64751
554 T	0.15272	0.15454	0.69273
555 T	0.14771	0.13600	0.71629
556 A	0.13466	0.13727	0.72807
557 G	0.12363	0.13733	0.73905
558 A	0.12431	0.13438	0.74132
559 A	0.12720	0.12873	0.74407
560 A	0.14261	0.10883	0.74855
561 T	0.16782	0.07956	0.75262
562 T	0.17671	0.06796	0.75534
563 T	0.17780	0.06484	0.75737
564 T	0.17758	0.06409	0.75834
565 T	0.17607	0.06526	0.75867
566 T	0.17290	0.06855	0.75855
567 T	0.16959	0.07245	0.75796
568 G	0.16526	0.07816	0.75658
569 A	0.16143	0.08328	0.75529
570 T	0.15790	0.08803	0.75407
571 A	0.14818	0.09974	0.75208
572 A	0.14086	0.10820	0.75093
573 T	0.13565	0.11557	0.74878
574 A	0.13275	0.12036	0.7469
575 A	0.13261	0.12077	0.74661
576 A	0.13328	0.11752	0.74919
577 G	0.13420	0.11090	0.7549
578 G	0.13630	0.10158	0.76212
579 T	0.14134	0.08709	0.77157
580 T	0.14331	0.07715	0.77954
581 T	0.14450	0.07488	0.78062
582 T	0.14466	0.07534	0.78
583 T	0.14446	0.07654	0.779
584 T	0.14364	0.07955	0.77681
585 A	0.14247	0.08420	0.77333
586 G	0.14096	0.08985	0.76918
587 A	0.14003	0.09487	0.7651
588 A	0.13964	0.09517	0.76519
589 G	0.14001	0.09254	0.76745
590 T	0.14045	0.08975	0.7698
591 A	0.13954	0.08819	0.77227
592 G	0.14001	0.08348	0.7765
593 A	0.14088	0.07926	0.77986
594 A	0.14211	0.07019	0.78771
595 A	0.14316	0.06257	0.79427
596 C	0.14581	0.05453	0.79966
597 G	0.14810	0.05040	0.8015
598 C	0.15001	0.04820	0.80179
599 C	0.15133	0.04684	0.80183
600 T	0.15256	0.04561	0.80183
601 A	0.15341	0.04476	0.80183
602 T	0.15523	0.04291	0.80186
603 C	0.15639	0.04170	0.80191
604 T	0.15804	0.03995	0.80201
605 T	0.15940	0.03805	0.80255
606 A	0.16072	0.03627	0.80301
607 C	0.16321	0.03276	0.80402
608 A	0.16765	0.02775	0.80459
609 T	0.17491	0.01872	0.80636
610 T	0.18007	0.01244	0.80749
611 C	0.18208	0.00954	0.80838
612 T	0.18348	0.00805	0.80847
613 A	0.18401	0.00705	0.80893
614 T	0.18474	0.00480	0.81046
615 T	0.18472	0.00453	0.81076
616 T	0.18468	0.00500	0.81032
617 T	0.18453	0.00516	0.81031
618 T	0.18421	0.00598	0.80981
619 G	0.18367	0.00702	0.8093
620 G	0.18294	0.00819	0.80887
621 T	0.18072	0.01098	0.8083
622 G	0.17762	0.01415	0.80823
623 G	0.17690	0.01509	0.80801
624 A	0.17618	0.01614	0.80768
625 G	0.17599	0.01632	0.80769
626 C	0.17591	0.01636	0.80774
627 A	0.17586	0.01646	0.80768
628 G	0.17581	0.01649	0.8077
629 C	0.17581	0.01647	0.80772
630 A	0.17579	0.01651	0.8077
631 G	0.17579	0.01652	0.80769
632 C	0.17586	0.01644	0.8077
633 T	0.17597	0.01634	0.8077
634 A	0.17593	0.01637	0.8077
635 A	0.17605	0.01619	0.80776
636 A	0.17638	0.01575	0.80787
637 C	0.17688	0.01505	0.80807
638 C	0.17753	0.01405	0.80842
639 T	0.17892	0.01253	0.80855
640 T	0.17992	0.01143	0.80865
641 T	0.18059	0.01060	0.8088
642 T	0.18060	0.01040	0.809
643 A	0.17725	0.01315	0.8096
644 T	0.17548	0.01220	0.81232
645 C	0.17297	0.01167	0.81536
646 A	0.17193	0.01244	0.81563
647 C	0.17158	0.01256	0.81587
648 T	0.17099	0.01348	0.81554
649 T	0.16932	0.01587	0.81481
650 A	0.16769	0.01799	0.81431
651 T	0.16500	0.02080	0.81421
652 C	0.16067	0.02534	0.81399
653 A	0.15847	0.02769	0.81384
654 T	0.15697	0.02921	0.81382
655 A	0.15426	0.03191	0.81384
656 A	0.15289	0.03323	0.81387
657 C	0.15239	0.03365	0.81395
658 G	0.15207	0.03390	0.81402
659 C	0.15188	0.03406	0.81406
660 C	0.15172	0.03422	0.81406
661 T	0.15160	0.03437	0.81403
662 T	0.15134	0.03471	0.81395
663 A	0.15072	0.03556	0.81372
664 G	0.15044	0.03583	0.81372
665 A	0.15035	0.03565	0.814
666 A	0.15029	0.03172	0.81799
667 T	0.15043	0.02872	0.82085
668 C	0.15053	0.02577	0.8237
669 T	0.15085	0.02470	0.82444
670 A	0.15105	0.02411	0.82484
671 A	0.15142	0.02319	0.82539
672 T	0.15219	0.02081	0.827
673 T	0.15269	0.01907	0.82824
674 T	0.15277	0.01579	0.83144
675 T	0.15216	0.01308	0.83476
676 T	0.15119	0.01288	0.83593
677 A	0.14785	0.01668	0.83546
678 T	0.14685	0.01678	0.83637
679 T	0.14532	0.01868	0.83599
680 T	0.14204	0.02474	0.83322
681 A	0.13616	0.03336	0.83048
682 A	0.13306	0.03758	0.82935
683 G	0.12930	0.04230	0.8284
684 A	0.11996	0.05337	0.82667
685 A	0.11365	0.05968	0.82666
686 T	0.10998	0.06305	0.82697
687 A	0.10047	0.07327	0.82627
688 G	0.09402	0.07972	0.82625
689 C	0.08852	0.08541	0.82607
690 T	0.08399	0.09025	0.82576
691 A	0.07724	0.09721	0.82555
692 C	0.07029	0.10436	0.82535
693 A	0.06149	0.11366	0.82485
694 G	0.05598	0.11935	0.82467
695 A	0.05054	0.12505	0.8244
696 A	0.04798	0.12760	0.82442
697 A	0.04727	0.12818	0.82456
698 T	0.04832	0.12565	0.82603
699 A	0.04866	0.12328	0.82805
700 C	0.05002	0.11687	0.83311
701 C	0.05135	0.11419	0.83446
702 A	0.05269	0.11243	0.83487
703 T	0.05535	0.10906	0.83559
704 T	0.05678	0.10664	0.83658
705 A	0.05472	0.10848	0.8368
706 A	0.05333	0.10775	0.83892
707 A	0.05257	0.09917	0.84826
708 A	0.05106	0.09410	0.85484
709 A	0.04991	0.09072	0.85936
710 A	0.05001	0.08092	0.86908
711 A	0.05000	0.07384	0.87616
712 T	0.05056	0.06597	0.88347
713 T	0.05067	0.05996	0.88937
714 A	0.05030	0.05500	0.8947
715 A	0.05027	0.04825	0.90147
716 T	0.05053	0.03874	0.91073
717 A	0.05017	0.03345	0.91637
718 G	0.04985	0.02793	0.92222
719 T	0.04968	0.02516	0.92516
720 C	0.04926	0.02423	0.9265
721 G	0.04860	0.02472	0.92669
722 G	0.04774	0.02536	0.92691
723 T	0.04709	0.02605	0.92686
724 G	0.04629	0.02703	0.92668
725 G	0.04579	0.02808	0.92614
726 G	0.04564	0.02867	0.92569
727 A	0.04579	0.02891	0.9253
728 T	0.04609	0.02638	0.92753
729 A	0.04604	0.02541	0.92855
730 A	0.04631	0.02329	0.9304
731 A	0.04676	0.02112	0.93212
732 T	0.04763	0.01863	0.93373
733 G	0.04791	0.01726	0.93484
734 C	0.04854	0.01594	0.93552
735 T	0.04907	0.01536	0.93557
736 G	0.04933	0.01499	0.93568
737 T	0.05009	0.01406	0.93585
738 T	0.05037	0.01373	0.9359
739 T	0.05034	0.01376	0.9359
740 A	0.05022	0.01358	0.93619
741 T	0.05017	0.01325	0.93658
742 G	0.04974	0.01399	0.93627
743 A	0.04870	0.01505	0.93626
744 A	0.04800	0.01542	0.93658
745 A	0.04741	0.01556	0.93703
746 T	0.04717	0.01535	0.93748
747 A	0.04652	0.01568	0.9378
748 G	0.04665	0.01533	0.93802
749 G	0.04729	0.01500	0.93771
750 T	0.04828	0.01479	0.93693
751 A	0.04824	0.01553	0.93623
752 G	0.04868	0.01523	0.93609
753 A	0.04876	0.01554	0.93569
754 G	0.04889	0.01574	0.93537
755 T	0.04914	0.01549	0.93537
756 T	0.04925	0.01530	0.93544
757 T	0.04926	0.01527	0.93547
758 T	0.04921	0.01529	0.9355
759 C	0.04907	0.01540	0.93553
760 C	0.04898	0.01571	0.93531
761 G	0.04898	0.01610	0.93492
762 A	0.04901	0.01656	0.93442
763 A	0.04916	0.01682	0.93402
764 A	0.04941	0.01671	0.93388
765 T	0.04990	0.01593	0.93417
766 G	0.04963	0.01525	0.93512
767 A	0.04873	0.01542	0.93585
768 A	0.04885	0.01447	0.93667
769 G	0.04912	0.01352	0.93736
770 G	0.04949	0.01253	0.93799
771 A	0.05005	0.01215	0.9378
772 A	0.05087	0.01173	0.93741
773 T	0.05191	0.01120	0.93689
774 T	0.05229	0.01123	0.93647
775 G	0.05210	0.01145	0.93645
776 A	0.05216	0.01130	0.93654
777 T	0.05212	0.01123	0.93665
778 G	0.05185	0.01137	0.93678
779 C	0.05169	0.01137	0.93693
780 C	0.05161	0.01140	0.93699
781 A	0.05164	0.01137	0.937
782 C	0.05177	0.01121	0.93703
783 T	0.05188	0.01120	0.93692
784 C	0.05168	0.01150	0.93682
785 A	0.05163	0.01191	0.93646
786 T	0.05133	0.01223	0.93644
787 A	0.04984	0.01370	0.93645
788 A	0.04848	0.01484	0.93668
789 T	0.04768	0.01509	0.93722
790 C	0.04664	0.01484	0.93853
791 C	0.04510	0.01644	0.93847
792 A	0.04431	0.01777	0.93792
793 G	0.04414	0.01880	0.93706
794 A	0.04453	0.01899	0.93648
795 A	0.04488	0.01887	0.93625
796 T	0.04553	0.01818	0.93629
797 T	0.04560	0.01777	0.93663
798 T	0.04463	0.01830	0.93707
799 A	0.04373	0.01890	0.93737
800 C	0.04311	0.01911	0.93778
801 A	0.04254	0.01953	0.93793
802 A	0.04224	0.01970	0.93806
803 C	0.04208	0.01972	0.93821
804 A	0.04160	0.02020	0.9382
805 A	0.04149	0.02030	0.93822
806 T	0.04148	0.02004	0.93848
807 A	0.04108	0.02008	0.93884
808 G	0.04104	0.01975	0.93922
809 A	0.04094	0.01885	0.94021
810 A	0.04067	0.01707	0.94226
811 G	0.04054	0.01502	0.94444
812 C	0.04060	0.01359	0.94581
813 A	0.04075	0.01287	0.94638
814 T	0.04124	0.01151	0.94724
815 A	0.04155	0.01096	0.94748
816 T	0.04219	0.01022	0.9476
817 T	0.04219	0.01013	0.94768
818 T	0.04197	0.00973	0.94829
819 A	0.04119	0.01025	0.94856
820 G	0.04063	0.01003	0.94935
821 C	0.04042	0.00913	0.95045
822 T	0.04007	0.00921	0.95072
823 T	0.03954	0.00949	0.95097
824 A	0.03861	0.01027	0.95111
825 T	0.03812	0.01066	0.95123
826 G	0.03672	0.01209	0.9512
827 C	0.03593	0.01256	0.95151
828 A	0.03545	0.01361	0.95095
829 A	0.03532	0.01391	0.95077
830 A	0.03522	0.01398	0.9508
831 T	0.03506	0.01405	0.95089
832 A	0.03489	0.01439	0.95072
833 T	0.03483	0.01419	0.95098
834 G	0.03467	0.01453	0.95081
835 A	0.03456	0.01518	0.95026
836 A	0.03463	0.01557	0.9498
837 A	0.03464	0.01565	0.9497
838 G	0.03490	0.01531	0.94979
839 A	0.03524	0.01489	0.94986
840 T	0.03550	0.01427	0.95023
841 A	0.03565	0.01386	0.95049
842 T	0.03600	0.01274	0.95125
843 T	0.03604	0.01214	0.95183
844 A	0.03596	0.01181	0.95222
845 T	0.03594	0.01131	0.95274
846 G	0.03564	0.01101	0.95335
847 G	0.03549	0.01052	0.95399
848 A	0.03533	0.01046	0.9542
849 A	0.03537	0.00969	0.95494
850 T	0.03560	0.00874	0.95566
851 T	0.03595	0.00808	0.95596
852 A	0.03554	0.00850	0.95596
853 A	0.03541	0.00850	0.95609
854 C	0.03538	0.00828	0.95635
855 T	0.03556	0.00801	0.95642
856 G	0.03553	0.00799	0.95648
857 A	0.03583	0.00761	0.95657
858 A	0.03640	0.00694	0.95666
859 T	0.03697	0.00630	0.95672
860 C	0.03714	0.00590	0.95697
861 T	0.03736	0.00565	0.95698
862 T	0.03738	0.00565	0.95698
863 G	0.03720	0.00592	0.95687
864 T	0.03714	0.00615	0.9567
865 T	0.03695	0.00645	0.9566
866 T	0.03661	0.00676	0.95663
867 A	0.03585	0.00747	0.95668
868 A	0.03545	0.00775	0.9568
869 A	0.03502	0.00786	0.95712
870 A	0.03482	0.00779	0.95739
871 G	0.03491	0.00735	0.95774
872 A	0.03523	0.00685	0.95792
873 G	0.03531	0.00658	0.9581
874 A	0.03544	0.00632	0.95824
875 T	0.03564	0.00558	0.95878
876 T	0.03570	0.00523	0.95907
877 T	0.03572	0.00504	0.95924
878 G	0.03572	0.00503	0.95925
879 T	0.03571	0.00503	0.95926
880 A	0.03555	0.00539	0.95905
881 T	0.03547	0.00554	0.95899
882 G	0.03530	0.00579	0.95891
883 G	0.03522	0.00591	0.95887
884 A	0.03520	0.00597	0.95883
885 A	0.03524	0.00581	0.95895
886 G	0.03537	0.00540	0.95923
887 T	0.03561	0.00492	0.95947
888 T	0.03572	0.00456	0.95973
889 T	0.03574	0.00425	0.96001
890 T	0.03573	0.00378	0.9605
891 A	0.03570	0.00354	0.96076
892 G	0.03567	0.00321	0.96112
893 G	0.03564	0.00300	0.96137
894 A	0.03565	0.00290	0.96145
895 C	0.03572	0.00279	0.96149
896 G	0.03576	0.00281	0.96143
897 C	0.03588	0.00275	0.96137
898 T	0.03594	0.00306	0.96099
899 T	0.03594	0.00350	0.96056
900 A	0.03593	0.00383	0.96023
901 G	0.03603	0.00387	0.9601
902 A	0.03617	0.00389	0.95994
903 T	0.03649	0.00345	0.96006
904 T	0.03662	0.00332	0.96006
905 T	0.03667	0.00320	0.96012
906 T	0.03655	0.00348	0.95997
907 G	0.03582	0.00446	0.95972
908 A	0.03552	0.00500	0.95948
909 T	0.03541	0.00511	0.95948
910 T	0.03522	0.00531	0.95947
911 A	0.03483	0.00570	0.95947
912 T	0.03443	0.00607	0.9595
913 C	0.03311	0.00737	0.95952
914 A	0.03212	0.00840	0.95949
915 A	0.03139	0.00911	0.9595
916 G	0.03077	0.00971	0.95952
917 A	0.03043	0.01007	0.95951
918 A	0.03023	0.01027	0.95951
919 C	0.03024	0.01017	0.95959
920 A	0.03030	0.01010	0.9596
921 T	0.03073	0.00964	0.95964
922 T	0.03109	0.00926	0.95965
923 T	0.03119	0.00914	0.95967
924 G	0.03069	0.00968	0.95963
925 A	0.03024	0.01015	0.9596
926 T	0.02991	0.01049	0.9596
927 T	0.02928	0.01108	0.95965
928 A	0.02850	0.01184	0.95966
929 A	0.02820	0.01198	0.95983
930 T	0.02818	0.01128	0.96054
931 T	0.02766	0.01145	0.96089
932 T	0.02695	0.01196	0.96109
933 T	0.02566	0.01311	0.96124
934 A	0.02331	0.01529	0.9614
935 A	0.02148	0.01685	0.96167
936 T	0.02049	0.01680	0.96271
937 A	0.01956	0.01708	0.96336
938 A	0.01931	0.01674	0.96395
939 A	0.01918	0.01637	0.96445
940 T	0.01909	0.01613	0.96479
941 T	0.01898	0.01600	0.96502
942 T	0.01882	0.01608	0.9651
943 G	0.01862	0.01622	0.96516
944 A	0.01852	0.01634	0.96513
945 T	0.01849	0.01633	0.96519
946 A	0.01843	0.01627	0.96529
947 A	0.01845	0.01564	0.9659
948 A	0.01853	0.01490	0.96657
949 T	0.01863	0.01409	0.96729
950 T	0.01865	0.01330	0.96805
951 T	0.01864	0.01256	0.9688
952 G	0.01861	0.01204	0.96935
953 A	0.01860	0.01174	0.96967
954 T	0.01860	0.01092	0.97048
955 A	0.01853	0.01049	0.97098
956 T	0.01861	0.00944	0.97195
957 G	0.01788	0.00863	0.9735
958 A	0.01780	0.00790	0.9743
959 T	0.01777	0.00791	0.97432
960 T	0.01754	0.00970	0.97276
961 G	0.01723	0.01390	0.96887
962 A	0.01712	0.01694	0.96594
963 T	0.01655	0.02051	0.96294
964 A	0.01567	0.02373	0.96059
965 T	0.01544	0.02494	0.95962
966 A	0.01484	0.02709	0.95807
967 A	0.01443	0.02883	0.95674
968 T	0.01409	0.02983	0.95608
969 T	0.01334	0.03119	0.95547
970 A	0.01242	0.03222	0.95535
971 A	0.01197	0.03271	0.95532
972 A	0.01175	0.03292	0.95532
973 A	0.01165	0.03299	0.95536
974 C	0.01164	0.03290	0.95546
975 A	0.01172	0.03282	0.95546
976 A	0.01187	0.03265	0.95549
977 A	0.01202	0.03245	0.95552
978 A	0.01237	0.03201	0.95562
979 A	0.01266	0.03166	0.95568
980 C	0.01320	0.03006	0.95674
981 A	0.01390	0.02917	0.95693
982 G	0.01512	0.02774	0.95714
983 G	0.01803	0.02464	0.95733
984 T	0.02300	0.01956	0.95744
985 A	0.02584	0.01679	0.95737
986 T	0.02934	0.01250	0.95816
987 T	0.03115	0.00975	0.9591
988 G	0.03175	0.00878	0.95948
989 A	0.03271	0.00738	0.95991
990 T	0.03393	0.00553	0.96054
991 T	0.03440	0.00463	0.96098
992 T	0.03450	0.00390	0.9616
993 T	0.03434	0.00342	0.96225
994 C	0.03342	0.00406	0.96252
995 G	0.03173	0.00589	0.96237
996 T	0.03077	0.00696	0.96228
997 C	0.02924	0.00862	0.96214
998 A	0.02768	0.01069	0.96163
999 A	0.02683	0.01200	0.96117
1000 G	0.02625	0.01301	0.96074
1001 A	0.02572	0.01452	0.95976
1002 A	0.02490	0.01595	0.95915
1003 A	0.02319	0.01772	0.95909
1004 T	0.02217	0.01873	0.9591
1005 G	0.02079	0.02013	0.95907
1006 A	0.02035	0.02061	0.95904
1007 C	0.02017	0.02076	0.95907
1008 T	0.02010	0.02097	0.95893
1009 T	0.01991	0.02132	0.95878
1010 T	0.01938	0.02197	0.95865
1011 A	0.01874	0.02263	0.95863
1012 G	0.01847	0.02289	0.95864
1013 A	0.01827	0.02301	0.95873
1014 A	0.01815	0.02288	0.95898
1015 C	0.01818	0.02226	0.95955
1016 A	0.01756	0.02271	0.95973
1017 A	0.01711	0.02243	0.96046
1018 T	0.01682	0.02138	0.96181
1019 G	0.01571	0.02190	0.9624
1020 C	0.01484	0.02205	0.96311
1021 A	0.01408	0.02326	0.96266
1022 A	0.01375	0.02357	0.96269
1023 A	0.01361	0.02370	0.96269
1024 A	0.01423	0.02306	0.96272
1025 A	0.01470	0.02205	0.96326
1026 A	0.01483	0.02004	0.96513
1027 T	0.01496	0.01835	0.96669
1028 T	0.01497	0.01668	0.96835
1029 A	0.01489	0.01618	0.96894
1030 G	0.01454	0.01567	0.96978
1031 C	0.01457	0.01497	0.97046
1032 T	0.01461	0.01506	0.97033
1033 C	0.01436	0.01556	0.97008
1034 A	0.01402	0.01819	0.96779
1035 A	0.01381	0.02028	0.96591
1036 G	0.01358	0.02201	0.96441
1037 A	0.01350	0.02423	0.96227
1038 A	0.01356	0.02477	0.96168
1039 A	0.01367	0.02408	0.96225
1040 A	0.01387	0.02342	0.96271
1041 T	0.01426	0.02231	0.96343
1042 A	0.01441	0.02119	0.9644
1043 A	0.01475	0.01979	0.96545
1044 T	0.01604	0.01739	0.96657
1045 A	0.01644	0.01635	0.96721
1046 T	0.01684	0.01541	0.96776
1047 C	0.01697	0.01500	0.96803
1048 G	0.01702	0.01517	0.96781
1049 A	0.01710	0.01513	0.96777
1050 A	0.01680	0.01549	0.96771
1051 G	0.01683	0.01553	0.96764
1052 T	0.01709	0.01534	0.96757
1053 C	0.01723	0.01513	0.96764
1054 A	0.01743	0.01519	0.96738
1055 A	0.01792	0.01474	0.96734
1056 A	0.01876	0.01377	0.96747
1057 T	0.02135	0.01088	0.96777
1058 C	0.02294	0.00915	0.96791
1059 A	0.02433	0.00755	0.96813
1060 T	0.02642	0.00532	0.96825
1061 T	0.02668	0.00506	0.96826
1062 T	0.02628	0.00561	0.9681
1063 C	0.02503	0.00688	0.96809
1064 A	0.02416	0.00776	0.96808
1065 T	0.02382	0.00810	0.96808
1066 A	0.02316	0.00877	0.96807
1067 C	0.02289	0.00904	0.96807
1068 T	0.02266	0.00928	0.96806
1069 A	0.02206	0.00987	0.96806
1070 A	0.02181	0.01002	0.96817
1071 A	0.02145	0.01028	0.96827
1072 G	0.02127	0.01037	0.96836
1073 G	0.02138	0.00982	0.96881
1074 C	0.02158	0.00940	0.96901
1075 C	0.02176	0.00917	0.96907
1076 A	0.02213	0.00878	0.96909
1077 T	0.02247	0.00842	0.96911
1078 A	0.02257	0.00831	0.96911
1079 T	0.02266	0.00822	0.96912
1080 T	0.02263	0.00822	0.96915
1081 A	0.02260	0.00805	0.96935
1082 T	0.02261	0.00772	0.96968
1083 A	0.02259	0.00741	0.96999
1084 G	0.02264	0.00673	0.97062
1085 T	0.02285	0.00582	0.97133
1086 T	0.02290	0.00455	0.97254
1087 T	0.02293	0.00367	0.9734
1088 C	0.02294	0.00310	0.97396
1089 T	0.02296	0.00266	0.97438
1090 T	0.02296	0.00253	0.97451
1091 T	0.02295	0.00249	0.97456
1092 T	0.02292	0.00237	0.97471
1093 T	0.02283	0.00264	0.97454
1094 T	0.02269	0.00242	0.97489
1095 T	0.02239	0.00275	0.97486
1096 G	0.02184	0.00352	0.97464
1097 A	0.02146	0.00413	0.97441
1098 A	0.02132	0.00443	0.97425
1099 G	0.02126	0.00452	0.97422
1100 A	0.02125	0.00463	0.97412
1101 A	0.02126	0.00467	0.97408
1102 T	0.02127	0.00467	0.97406
1103 T	0.02127	0.00473	0.974
1104 T	0.02127	0.00490	0.97382
1105 G	0.02127	0.00539	0.97334
1106 T	0.02126	0.00651	0.97223
1107 T	0.02123	0.00806	0.97071
1108 G	0.02120	0.01076	0.96804
1109 A	0.02115	0.01264	0.96621
1110 A	0.02102	0.01360	0.96538
1111 A	0.02094	0.01414	0.96492
1112 A	0.02093	0.01435	0.96472
1113 G	0.02096	0.01444	0.96459
1114 A	0.02112	0.01434	0.96454
1115 A	0.02143	0.01396	0.9646
1116 T	0.02197	0.01320	0.96483
1117 T	0.02227	0.01276	0.96496
1118 T	0.02247	0.01241	0.96512
1119 A	0.02252	0.01205	0.96543
1120 A	0.02261	0.01172	0.96566
1121 T	0.02272	0.01152	0.96577
1122 T	0.02274	0.01145	0.96582
1123 C	0.02271	0.01146	0.96583
1124 A	0.02272	0.01145	0.96583
1125 A	0.02279	0.01138	0.96583
1126 C	0.02296	0.01120	0.96585
1127 C	0.02330	0.01086	0.96585
1128 A	0.02396	0.01019	0.96585
1129 A	0.02540	0.00874	0.96586
1130 C	0.02723	0.00688	0.96589
1131 T	0.03004	0.00407	0.96589
1132 T	0.03159	0.00248	0.96593
1133 T	0.03217	0.00182	0.96601
1134 T	0.03240	0.00160	0.96599
1135 A	0.03230	0.00173	0.96597
1136 T	0.03233	0.00164	0.96603
1137 T	0.03215	0.00191	0.96595
1138 T	0.03180	0.00250	0.9657
1139 A	0.03133	0.00314	0.96553
1140 T	0.03116	0.00343	0.96541
1141 A	0.03098	0.00382	0.9652
1142 A	0.03091	0.00386	0.96523
1143 T	0.03092	0.00378	0.96529
1144 T	0.03092	0.00374	0.96534
1145 A	0.03085	0.00374	0.96541
1146 C	0.03076	0.00373	0.96551
1147 C	0.03074	0.00371	0.96556
1148 C	0.03073	0.00371	0.96556
1149 T	0.03071	0.00374	0.96555
1150 T	0.03068	0.00380	0.96552
1151 A	0.03059	0.00392	0.96549
1152 T	0.03048	0.00406	0.96546
1153 G	0.03034	0.00426	0.9654
1154 A	0.03002	0.00472	0.96526
1155 A	0.02978	0.00510	0.96512
1156 G	0.02953	0.00544	0.96503
1157 T	0.02949	0.00551	0.965
1158 A	0.02917	0.00558	0.96525
1159 A	0.02907	0.00547	0.96545
1160 G	0.02915	0.00503	0.96582
1161 T	0.02944	0.00434	0.96622
1162 C	0.02954	0.00380	0.96667
1163 C	0.02962	0.00354	0.96684
1164 T	0.02972	0.00352	0.96676
1165 T	0.02959	0.00372	0.9667
1166 T	0.02935	0.00398	0.96666
1167 G	0.02882	0.00452	0.96666
1168 G	0.02837	0.00494	0.96669
1169 C	0.02788	0.00533	0.96679
1170 T	0.02750	0.00588	0.96661
1171 C	0.02700	0.00680	0.9662
1172 A	0.02638	0.00883	0.96479
1173 A	0.02589	0.00990	0.96422
1174 A	0.02562	0.01053	0.96384
1175 A	0.02555	0.01073	0.96372
1176 A	0.02546	0.01091	0.96364
1177 A	0.02557	0.01051	0.96392
1178 A	0.02570	0.01010	0.9642
1179 T	0.02582	0.00964	0.96454
1180 A	0.02581	0.00954	0.96465
1181 T	0.02578	0.00922	0.965
1182 T	0.02563	0.00933	0.96503
1183 G	0.02526	0.00990	0.96484
1184 A	0.02502	0.01065	0.96433
1185 A	0.02488	0.01096	0.96416
1186 A	0.02482	0.01114	0.96405
1187 A	0.02490	0.01105	0.96405
1188 T	0.02498	0.01083	0.96419
1189 G	0.02498	0.01057	0.96445
1190 A	0.02499	0.01016	0.96485
1191 A	0.02506	0.00961	0.96533
1192 G	0.02519	0.00882	0.966
1193 C	0.02547	0.00809	0.96644
1194 A	0.02607	0.00725	0.96668
1195 T	0.02755	0.00534	0.96711
1196 T	0.02802	0.00450	0.96748
1197 T	0.02821	0.00411	0.96769
1198 G	0.02826	0.00400	0.96774
1199 T	0.02838	0.00372	0.96791
1200 T	0.02836	0.00370	0.96795
1201 G	0.02828	0.00375	0.96797
1202 A	0.02827	0.00375	0.96797
1203 T	0.02834	0.00362	0.96804
1204 A	0.02836	0.00366	0.96798
1205 G	0.02847	0.00339	0.96814
1206 A	0.02871	0.00286	0.96843
1207 T	0.02923	0.00215	0.96862
1208 T	0.02934	0.00198	0.96868
1209 C	0.02937	0.00202	0.96862
1210 G	0.02935	0.00255	0.9681
1211 A	0.02930	0.00326	0.96743
1212 A	0.02929	0.00348	0.96722
1213 T	0.02936	0.00354	0.96711
1214 T	0.02935	0.00393	0.96671
1215 A	0.02923	0.00474	0.96603
1216 T	0.02920	0.00497	0.96582
1217 T	0.02911	0.00526	0.96563
1218 T	0.02870	0.00599	0.96531
1219 A	0.02812	0.00665	0.96523
1220 T	0.02783	0.00696	0.96521
1221 A	0.02706	0.00777	0.96517
1222 G	0.02678	0.00815	0.96508
1223 C	0.02661	0.00834	0.96506
1224 T	0.02655	0.00849	0.96495
1225 G	0.02641	0.00878	0.96481
1226 G	0.02635	0.00896	0.96468
1227 G	0.02630	0.00911	0.96459
1228 A	0.02629	0.00924	0.96447
1229 A	0.02632	0.00920	0.96448
1230 A	0.02641	0.00909	0.9645
1231 G	0.02655	0.00889	0.96456
1232 A	0.02675	0.00866	0.96459
1233 A	0.02733	0.00800	0.96467
1234 T	0.02801	0.00719	0.9648
1235 T	0.02821	0.00696	0.96483
1236 A	0.02831	0.00687	0.96482
1237 G	0.02872	0.00641	0.96487
1238 T	0.02947	0.00554	0.96498
1239 T	0.02967	0.00532	0.96502
1240 A	0.02977	0.00511	0.96512
1241 A	0.03000	0.00440	0.9656
1242 T	0.03012	0.00374	0.96614
1243 G	0.03015	0.00328	0.96656
1244 C	0.03027	0.00245	0.96729
1245 T	0.03061	0.00195	0.96744
1246 T	0.03081	0.00164	0.96755
1247 T	0.03094	0.00148	0.96758
1248 T	0.03092	0.00144	0.96763
1249 T	0.03079	0.00156	0.96765
1250 C	0.03042	0.00186	0.96772
1251 T	0.03036	0.00222	0.96742
1252 G	0.03005	0.00298	0.96697
1253 A	0.02989	0.00406	0.96605
1254 G	0.02976	0.00500	0.96524
1255 T	0.02972	0.00674	0.96353
1256 T	0.02895	0.00823	0.96282
1257 A	0.02484	0.01351	0.96166
1258 A	0.02326	0.01624	0.9605
1259 A	0.02229	0.01805	0.95965
1260 C	0.02205	0.01840	0.95955
1261 G	0.02190	0.01867	0.95943
1262 A	0.02191	0.01874	0.95936
1263 T	0.02191	0.01876	0.95933
1264 C	0.02186	0.01884	0.9593
1265 C	0.02171	0.01906	0.95923
1266 T	0.02165	0.01929	0.95906
1267 A	0.02141	0.01975	0.95884
1268 T	0.02127	0.02016	0.95856
1269 A	0.02099	0.02057	0.95844
1270 G	0.02072	0.02098	0.9583
1271 A	0.01969	0.02221	0.95809
1272 A	0.01920	0.02273	0.95807
1273 C	0.01899	0.02280	0.95822
1274 A	0.01878	0.02405	0.95716
1275 A	0.01887	0.02432	0.95681
1276 G	0.01943	0.02406	0.95651
1277 A	0.01954	0.02450	0.95595
1278 A	0.02072	0.02327	0.956
1279 A	0.02132	0.02179	0.95689
1280 A	0.02233	0.01655	0.96111
1281 A	0.02338	0.01402	0.9626
1282 C	0.02416	0.01216	0.96368
1283 G	0.02436	0.01196	0.96369
1284 T	0.02457	0.01171	0.96371
1285 T	0.02458	0.01185	0.96357
1286 T	0.02416	0.01251	0.96333
1287 T	0.02369	0.01323	0.96309
1288 C	0.02257	0.01479	0.96264
1289 A	0.02129	0.02045	0.95826
1290 A	0.02066	0.02112	0.95822
1291 G	0.02050	0.02125	0.95825
1292 A	0.01956	0.02209	0.95835
1293 A	0.01949	0.02206	0.95846
1294 C	0.01984	0.02054	0.95961
1295 A	0.02007	0.02053	0.9594
1296 A	0.02048	0.02059	0.95892
1297 T	0.02168	0.01963	0.95869
1298 T	0.02202	0.01946	0.95853
1299 A	0.02182	0.02020	0.95798
1300 T	0.02192	0.01992	0.95816
1301 T	0.02166	0.02056	0.95778
1302 A	0.02103	0.02195	0.95701
1303 G	0.02040	0.02392	0.95568
1304 A	0.02003	0.02641	0.95356
1305 A	0.01990	0.02665	0.95344
1306 A	0.01995	0.02665	0.9534
1307 G	0.02008	0.02625	0.95367
1308 A	0.02040	0.02559	0.95401
1309 C	0.02096	0.02411	0.95492
1310 A	0.02136	0.02391	0.95473
1311 A	0.02209	0.02303	0.95487
1312 T	0.02586	0.01911	0.95502
1313 T	0.02586	0.01955	0.95458
1314 A	0.02549	0.02054	0.95398
1315 G	0.02522	0.02018	0.9546
1316 G	0.02486	0.02110	0.95404
1317 A	0.02477	0.02231	0.95292
1318 A	0.02492	0.02356	0.95153
1319 A	0.02576	0.02274	0.9515
1320 T	0.02662	0.02183	0.95155
1321 A	0.02691	0.02158	0.95151
1322 G	0.02744	0.02057	0.95199
1323 C	0.02800	0.01997	0.95204
1324 G	0.02855	0.01981	0.95163
1325 A	0.02915	0.01932	0.95153
1326 A	0.03047	0.01775	0.95178
1327 T	0.03245	0.01553	0.95203
1328 C	0.03246	0.01543	0.95211
1329 T	0.03236	0.01560	0.95203
