# lcl|CP097583.1_cds_USQ93398.1_1
# AA	inside	membr	outside
1 A	0.84898	0.00000	0.15102
2 T	0.84802	0.00096	0.15102
3 G	0.84741	0.00157	0.15102
4 A	0.84741	0.00463	0.14796
5 T	0.84187	0.01375	0.14438
6 T	0.84187	0.01439	0.14373
7 T	0.79766	0.05865	0.14369
8 C	0.79766	0.05865	0.14369
9 A	0.78866	0.06772	0.14362
10 T	0.78864	0.07162	0.13974
11 C	0.78288	0.07795	0.13917
12 T	0.65580	0.20619	0.13801
13 A	0.12422	0.74866	0.12711
14 A	0.12411	0.74877	0.12711
15 A	0.12411	0.78013	0.09576
16 G	0.12076	0.78348	0.09576
17 A	0.11753	0.78705	0.09542
18 A	0.11744	0.78775	0.09481
19 A	0.11597	0.78964	0.09439
20 A	0.11127	0.80459	0.08413
21 T	0.10297	0.81285	0.08418
22 A	0.10126	0.81871	0.08003
23 T	0.10041	0.82331	0.07628
24 T	0.09985	0.82936	0.07079
25 A	0.09884	0.83286	0.0683
26 A	0.09841	0.83364	0.06795
27 A	0.10060	0.82643	0.07298
28 T	0.10397	0.81711	0.07891
29 T	0.10430	0.81300	0.08271
30 T	0.10385	0.78155	0.11461
31 A	0.10233	0.77698	0.1207
32 A	0.10164	0.76408	0.13428
33 A	0.10274	0.74839	0.14887
34 A	0.10304	0.73520	0.16176
35 A	0.10650	0.60890	0.2846
36 A	0.11652	0.14663	0.73685
37 T	0.11852	0.14403	0.73745
38 T	0.13695	0.17809	0.68496
39 A	0.13136	0.39115	0.47749
40 A	0.12704	0.59867	0.27429
41 A	0.12528	0.63279	0.24193
42 A	0.12433	0.63565	0.24002
43 A	0.13347	0.62308	0.24346
44 A	0.13522	0.61669	0.24809
45 A	0.14153	0.61555	0.24292
46 C	0.14759	0.60632	0.24609
47 T	0.15519	0.59814	0.24666
48 T	0.15906	0.59394	0.247
49 T	0.16038	0.59327	0.24636
50 C	0.16039	0.59562	0.244
51 T	0.16092	0.59549	0.24358
52 T	0.16117	0.59535	0.24348
53 T	0.16124	0.59555	0.24321
54 G	0.16065	0.59743	0.24191
55 A	0.16031	0.60789	0.2318
56 A	0.16165	0.60751	0.23084
57 A	0.16738	0.60888	0.22374
58 A	0.17368	0.61387	0.21245
59 A	0.19915	0.59856	0.20229
60 A	0.23240	0.56481	0.20279
61 T	0.31241	0.48234	0.20525
62 A	0.47781	0.31187	0.21032
63 T	0.65464	0.13030	0.21506
64 C	0.68022	0.10240	0.21738
65 G	0.68629	0.09562	0.21809
66 T	0.69014	0.09210	0.21776
67 G	0.69267	0.08975	0.21758
68 A	0.70228	0.08038	0.21735
69 T	0.70532	0.07742	0.21727
70 T	0.70720	0.07535	0.21745
71 T	0.70782	0.07442	0.21777
72 T	0.70789	0.07388	0.21824
73 T	0.70632	0.07469	0.219
74 T	0.69867	0.08182	0.21952
75 C	0.69224	0.08778	0.21998
76 A	0.69057	0.09011	0.21932
77 A	0.69096	0.08961	0.21942
78 G	0.69901	0.08076	0.22023
79 G	0.70100	0.07877	0.22024
80 A	0.70863	0.07112	0.22025
81 A	0.72109	0.05635	0.22256
82 T	0.73299	0.04344	0.22357
83 T	0.73395	0.04192	0.22413
84 T	0.73429	0.04108	0.22464
85 T	0.73437	0.04016	0.22547
86 T	0.73415	0.03971	0.22614
87 A	0.73390	0.03916	0.22693
88 G	0.73391	0.03732	0.22877
89 T	0.73427	0.03589	0.22984
90 T	0.73434	0.03432	0.23133
91 T	0.73378	0.03477	0.23145
92 T	0.72643	0.04279	0.23078
93 T	0.71503	0.05558	0.22939
94 G	0.70686	0.06527	0.22787
95 G	0.70276	0.07029	0.22695
96 T	0.70104	0.06951	0.22945
97 G	0.69835	0.06612	0.23554
98 A	0.69740	0.06327	0.23932
99 A	0.69713	0.06175	0.24112
100 C	0.69748	0.05977	0.24275
101 A	0.69751	0.05934	0.24316
102 T	0.69808	0.05833	0.24359
103 T	0.69800	0.05880	0.24321
104 T	0.69728	0.06052	0.2422
105 G	0.69454	0.06359	0.24187
106 G	0.69010	0.06823	0.24167
107 T	0.68661	0.07314	0.24024
108 T	0.67784	0.08389	0.23827
109 C	0.66839	0.09594	0.23567
110 A	0.66002	0.10894	0.23103
111 A	0.65328	0.12592	0.22079
112 G	0.65100	0.12868	0.22031
113 A	0.65049	0.12919	0.22032
114 A	0.65041	0.12857	0.22102
115 G	0.65226	0.11566	0.23208
116 C	0.65427	0.10109	0.24464
117 T	0.65696	0.09319	0.24985
118 T	0.65794	0.09238	0.24968
119 T	0.65673	0.09824	0.24503
120 G	0.65446	0.11372	0.23182
121 G	0.65252	0.12452	0.22297
122 T	0.65142	0.13044	0.21814
123 T	0.64900	0.13785	0.21316
124 A	0.64317	0.15417	0.20266
125 A	0.64174	0.16158	0.19669
126 A	0.64114	0.16459	0.19427
127 A	0.64170	0.16292	0.19538
128 A	0.64230	0.15894	0.19876
129 A	0.64385	0.15014	0.20601
130 G	0.64684	0.13884	0.21432
131 C	0.65033	0.12491	0.22476
132 T	0.65329	0.11791	0.2288
133 G	0.65596	0.11372	0.23032
134 T	0.66501	0.10302	0.23198
135 T	0.66570	0.10398	0.23032
136 A	0.66524	0.10829	0.22648
137 T	0.66475	0.11090	0.22436
138 A	0.66219	0.11941	0.2184
139 G	0.66059	0.12740	0.21201
140 A	0.65924	0.13604	0.20472
141 A	0.66083	0.13755	0.20162
142 G	0.66778	0.13326	0.19896
143 T	0.68673	0.11299	0.20028
144 T	0.69515	0.10380	0.20105
145 T	0.69169	0.10634	0.20197
146 A	0.63174	0.16627	0.202
147 C	0.59639	0.19956	0.20405
148 A	0.57628	0.23157	0.19215
149 C	0.54932	0.26047	0.19022
150 A	0.49936	0.32105	0.17959
151 A	0.47212	0.35290	0.17497
152 T	0.46186	0.36510	0.17303
153 C	0.43656	0.39065	0.17279
154 A	0.42059	0.40670	0.17271
155 A	0.40945	0.41772	0.17283
156 T	0.40427	0.42253	0.17319
157 C	0.39139	0.43516	0.17344
158 C	0.38305	0.44342	0.17353
159 A	0.37855	0.44766	0.17379
160 A	0.37881	0.44709	0.1741
161 A	0.38188	0.44286	0.17526
162 T	0.38831	0.43534	0.17635
163 C	0.38962	0.43070	0.17968
164 G	0.38828	0.42953	0.18219
165 A	0.37871	0.43808	0.18321
166 G	0.36507	0.45073	0.18419
167 A	0.35067	0.46377	0.18556
168 A	0.33933	0.46812	0.19255
169 G	0.33673	0.40515	0.25812
170 G	0.33807	0.36343	0.29851
171 A	0.35012	0.32936	0.32052
172 A	0.35513	0.29403	0.35084
173 T	0.36701	0.22713	0.40585
174 T	0.37036	0.19718	0.43246
175 T	0.37016	0.19004	0.4398
176 T	0.36795	0.18367	0.44839
177 A	0.36397	0.20168	0.43436
178 A	0.36161	0.20272	0.43568
179 T	0.35919	0.20208	0.43873
180 T	0.35499	0.19632	0.44869
181 T	0.34498	0.20070	0.45431
182 C	0.31487	0.23246	0.45267
183 A	0.28050	0.31307	0.40644
184 G	0.25564	0.36408	0.38028
185 A	0.24165	0.39806	0.36028
186 A	0.23502	0.42598	0.339
187 A	0.23151	0.45801	0.31049
188 A	0.23064	0.45755	0.3118
189 A	0.23043	0.45147	0.3181
190 T	0.23161	0.44210	0.32629
191 T	0.23063	0.43792	0.33145
192 A	0.22570	0.45335	0.32095
193 A	0.22057	0.47702	0.3024
194 T	0.21568	0.50215	0.28217
195 G	0.20075	0.54374	0.25551
196 A	0.19101	0.57777	0.23121
197 A	0.18708	0.59304	0.21987
198 A	0.19100	0.59810	0.2109
199 G	0.19997	0.59145	0.20857
200 A	0.22390	0.57073	0.20538
201 A	0.23854	0.55391	0.20755
202 T	0.25335	0.53686	0.20978
203 T	0.26041	0.52850	0.21109
204 A	0.26080	0.52544	0.21376
205 A	0.26786	0.49918	0.23296
206 A	0.30169	0.44013	0.25818
207 T	0.32614	0.39662	0.27725
208 A	0.34010	0.37640	0.2835
209 A	0.36289	0.35174	0.28537
210 T	0.39380	0.31880	0.28741
211 A	0.40108	0.31474	0.28419
212 A	0.40739	0.30766	0.28495
213 T	0.41692	0.29709	0.28598
214 A	0.42245	0.29353	0.28402
215 A	0.43528	0.27762	0.2871
216 A	0.45866	0.24718	0.29416
217 A	0.48685	0.20990	0.30324
218 T	0.52114	0.16016	0.3187
219 T	0.54745	0.12346	0.32909
220 C	0.55618	0.10847	0.33535
221 T	0.56416	0.09967	0.33617
222 G	0.56733	0.09650	0.33618
223 T	0.57471	0.08885	0.33645
224 A	0.57793	0.08557	0.3365
225 T	0.58632	0.07685	0.33683
226 T	0.59140	0.06862	0.33998
227 C	0.59456	0.06114	0.34431
228 T	0.59732	0.05905	0.34364
229 G	0.59771	0.06219	0.3401
230 T	0.60032	0.06182	0.33787
231 T	0.60355	0.06276	0.33368
232 T	0.60558	0.06246	0.33196
233 G	0.60556	0.06133	0.33311
234 T	0.60917	0.05478	0.33605
235 G	0.60732	0.05314	0.33954
236 C	0.60646	0.05305	0.34049
237 T	0.61006	0.05131	0.33863
238 C	0.61194	0.05277	0.33529
239 T	0.61199	0.05716	0.33085
240 T	0.61150	0.06119	0.3273
241 T	0.61054	0.06589	0.32358
242 G	0.60728	0.07236	0.32036
243 T	0.59841	0.08572	0.31586
244 A	0.57716	0.11369	0.30915
245 A	0.55826	0.14038	0.30136
246 A	0.53349	0.17606	0.29045
247 A	0.51713	0.20581	0.27706
248 T	0.51057	0.21821	0.27122
249 A	0.49600	0.24905	0.25494
250 A	0.48561	0.27233	0.24206
251 A	0.48304	0.27827	0.23869
252 T	0.48646	0.27681	0.23672
253 A	0.48307	0.28834	0.22859
254 A	0.48253	0.29642	0.22105
255 T	0.48005	0.29883	0.22112
256 A	0.46968	0.30802	0.2223
257 A	0.45205	0.32466	0.2233
258 A	0.44381	0.33006	0.22613
259 C	0.44383	0.32727	0.2289
260 C	0.44223	0.32823	0.22955
261 T	0.44180	0.32944	0.22876
262 T	0.43840	0.33389	0.2277
263 T	0.42832	0.34499	0.22669
264 A	0.39795	0.37796	0.22408
265 A	0.37786	0.39676	0.22538
266 A	0.37026	0.39446	0.23528
267 A	0.37126	0.37275	0.25599
268 A	0.37709	0.34859	0.27431
269 G	0.38982	0.31106	0.29912
270 T	0.40535	0.28035	0.3143
271 G	0.40977	0.27105	0.31919
272 A	0.42427	0.24762	0.32811
273 T	0.43822	0.22517	0.33661
274 C	0.44107	0.21758	0.34134
275 A	0.44341	0.21584	0.34075
276 A	0.45114	0.20534	0.34352
277 A	0.45961	0.19354	0.34685
278 T	0.46296	0.18597	0.35106
279 A	0.46382	0.17644	0.35973
280 T	0.46472	0.15629	0.37898
281 T	0.46508	0.14607	0.38885
282 A	0.46528	0.14343	0.39128
283 G	0.46569	0.13288	0.40143
284 T	0.46719	0.11581	0.417
285 T	0.46839	0.10879	0.42282
286 A	0.46926	0.10418	0.42655
287 T	0.47160	0.08420	0.44419
288 G	0.46812	0.07845	0.45343
289 G	0.46492	0.08758	0.44751
290 A	0.46514	0.10344	0.43142
291 T	0.46724	0.12002	0.41273
292 G	0.46797	0.14558	0.38644
293 A	0.46941	0.18773	0.34286
294 T	0.47219	0.19584	0.33196
295 A	0.47329	0.20966	0.31705
296 T	0.47441	0.22480	0.30079
297 T	0.46842	0.25352	0.27806
298 C	0.46419	0.28266	0.25314
299 A	0.45986	0.29629	0.24384
300 A	0.45695	0.29982	0.24323
301 G	0.45620	0.30062	0.24317
302 A	0.45637	0.30047	0.24316
303 C	0.45561	0.30120	0.24318
304 C	0.45552	0.30123	0.24326
305 C	0.45662	0.30019	0.24319
306 A	0.45582	0.30148	0.24269
307 G	0.45582	0.30191	0.24227
308 G	0.45593	0.30195	0.24213
309 A	0.45823	0.30001	0.24176
310 A	0.46217	0.29579	0.24204
311 A	0.46954	0.28411	0.24636
312 C	0.48504	0.26448	0.25048
313 G	0.50387	0.24496	0.25117
314 C	0.52441	0.22418	0.25141
315 A	0.54824	0.20083	0.25093
316 G	0.58811	0.16089	0.251
317 G	0.60512	0.14384	0.25103
318 A	0.62454	0.12384	0.25161
319 A	0.64447	0.10313	0.2524
320 C	0.66841	0.06957	0.26201
321 T	0.69220	0.04158	0.26622
322 T	0.69921	0.03049	0.2703
323 T	0.69974	0.02823	0.27203
324 A	0.69975	0.02843	0.27182
325 T	0.69961	0.02926	0.27113
326 T	0.69907	0.02780	0.27313
327 G	0.69780	0.02685	0.27534
328 A	0.69542	0.02840	0.27618
329 G	0.69478	0.02748	0.27773
330 A	0.69403	0.02797	0.278
331 A	0.69312	0.02720	0.27967
332 G	0.69276	0.02597	0.28127
333 T	0.69287	0.02531	0.28182
334 G	0.69264	0.02679	0.28057
335 C	0.69276	0.02774	0.27949
336 T	0.69280	0.03129	0.2759
337 T	0.69279	0.03163	0.27558
338 G	0.69203	0.03233	0.27563
339 T	0.69170	0.03264	0.27565
340 G	0.69115	0.03320	0.27565
341 C	0.69100	0.03318	0.27582
342 C	0.69099	0.03314	0.27587
343 T	0.69136	0.03279	0.27585
344 T	0.69179	0.03236	0.27585
345 C	0.69149	0.03266	0.27585
346 G	0.69158	0.03276	0.27566
347 G	0.69272	0.03153	0.27575
348 T	0.69500	0.02889	0.2761
349 T	0.69630	0.02725	0.27645
350 T	0.69676	0.02619	0.27705
351 T	0.69424	0.02642	0.27934
352 A	0.68470	0.03523	0.28007
353 A	0.67657	0.04262	0.2808
354 A	0.66737	0.05122	0.28142
355 C	0.66636	0.05168	0.28196
356 A	0.66573	0.05444	0.27984
357 T	0.66689	0.05487	0.27824
358 A	0.66668	0.05643	0.27689
359 T	0.66864	0.05570	0.27566
360 T	0.66399	0.06349	0.27252
361 T	0.65224	0.07878	0.26897
362 T	0.63802	0.09548	0.2665
363 T	0.60716	0.12899	0.26385
364 A	0.54876	0.19013	0.26111
365 G	0.52510	0.21485	0.26005
366 T	0.51131	0.22957	0.25912
367 A	0.47476	0.26707	0.25817
368 G	0.45393	0.28792	0.25815
369 T	0.43835	0.30398	0.25767
370 G	0.39948	0.34495	0.25556
371 A	0.38484	0.36136	0.25379
372 A	0.37825	0.36908	0.25267
373 A	0.37374	0.37297	0.25329
374 A	0.37205	0.37163	0.25632
375 A	0.37046	0.36454	0.265
376 A	0.36891	0.35776	0.27332
377 C	0.36779	0.34935	0.28286
378 A	0.36575	0.35217	0.28208
379 G	0.36724	0.35118	0.28159
380 T	0.36939	0.34938	0.28123
381 A	0.37030	0.34817	0.28153
382 G	0.37197	0.34420	0.28383
383 A	0.37619	0.32927	0.29453
384 T	0.38303	0.30001	0.31696
385 T	0.38598	0.27587	0.33816
386 T	0.38814	0.24361	0.36824
387 T	0.38857	0.19853	0.4129
388 T	0.38796	0.19072	0.42131
389 A	0.38651	0.19377	0.41973
390 T	0.38541	0.17432	0.44027
391 A	0.38328	0.17028	0.44644
392 A	0.38256	0.16106	0.45638
393 T	0.38292	0.13187	0.48521
394 G	0.37911	0.14008	0.48082
395 A	0.37536	0.17539	0.44925
396 A	0.37246	0.24020	0.38734
397 A	0.37127	0.26540	0.36333
398 A	0.36935	0.28160	0.34905
399 A	0.36890	0.29719	0.33391
400 A	0.36958	0.30276	0.32766
401 C	0.37187	0.30377	0.32436
402 T	0.37390	0.32616	0.29994
403 A	0.37408	0.34195	0.28397
404 T	0.37446	0.36193	0.26362
405 A	0.37029	0.38881	0.24089
406 A	0.36898	0.39258	0.23845
407 G	0.37030	0.39208	0.23762
408 A	0.37540	0.38754	0.23706
409 T	0.38424	0.37793	0.23782
410 C	0.38956	0.37148	0.23895
411 T	0.39961	0.36068	0.23971
412 A	0.40395	0.35565	0.24039
413 G	0.40662	0.35197	0.24141
414 T	0.41325	0.34382	0.24293
415 C	0.41446	0.34170	0.24384
416 A	0.41805	0.33677	0.24519
417 A	0.42865	0.32192	0.24943
418 G	0.45667	0.28938	0.25395
419 G	0.51225	0.23109	0.25667
420 T	0.54842	0.19354	0.25803
421 G	0.57125	0.16792	0.26083
422 C	0.59690	0.14096	0.26214
423 A	0.60966	0.12832	0.26201
424 A	0.62053	0.11754	0.26193
425 T	0.64405	0.09380	0.26215
426 A	0.65644	0.08037	0.26319
427 T	0.67609	0.05961	0.2643
428 T	0.69702	0.03362	0.26936
429 T	0.69817	0.03010	0.27173
430 C	0.69261	0.03518	0.27221
431 A	0.68770	0.04182	0.27047
432 T	0.68475	0.04651	0.26874
433 T	0.68068	0.05182	0.26749
434 T	0.67163	0.06236	0.26601
435 A	0.66389	0.07140	0.2647
436 T	0.66115	0.07224	0.26661
437 T	0.64906	0.08377	0.26717
438 T	0.62032	0.11204	0.26764
439 T	0.55085	0.18387	0.26528
440 T	0.44254	0.30013	0.25733
441 A	0.30147	0.44949	0.24903
442 G	0.20958	0.54608	0.24434
443 A	0.16392	0.59463	0.24145
444 A	0.14125	0.61778	0.24097
445 A	0.12931	0.62915	0.24154
446 G	0.12389	0.63340	0.24271
447 A	0.12164	0.63547	0.24288
448 G	0.12082	0.63602	0.24317
449 G	0.12066	0.63616	0.24318
450 A	0.12068	0.63624	0.24308
451 A	0.12109	0.63492	0.24399
452 A	0.12155	0.63143	0.24703
453 T	0.12286	0.62319	0.25395
454 A	0.12478	0.61578	0.25945
455 T	0.12741	0.60734	0.26525
456 A	0.12880	0.60048	0.27072
457 T	0.13081	0.58448	0.28471
458 T	0.13176	0.57469	0.29354
459 A	0.12946	0.57450	0.29604
460 A	0.12802	0.56220	0.30977
461 A	0.12934	0.52286	0.34781
462 A	0.13334	0.43817	0.42849
463 T	0.14414	0.30754	0.54832
464 T	0.15197	0.17911	0.66892
465 T	0.15453	0.11536	0.73011
466 T	0.15215	0.15755	0.69029
467 T	0.14441	0.24783	0.60775
468 A	0.13575	0.32517	0.53909
469 G	0.12860	0.39616	0.47524
470 A	0.12501	0.44915	0.42584
471 A	0.12183	0.50127	0.37689
472 T	0.12161	0.51278	0.36561
473 T	0.12028	0.52701	0.3527
474 A	0.11504	0.55169	0.33327
475 G	0.11130	0.56465	0.32405
476 C	0.10959	0.57502	0.31539
477 A	0.10660	0.60247	0.29093
478 A	0.10546	0.61796	0.27657
479 A	0.10567	0.62167	0.27266
480 A	0.10582	0.62315	0.27103
481 A	0.10786	0.62213	0.27001
482 A	0.11446	0.61437	0.27117
483 T	0.12270	0.60600	0.2713
484 G	0.12592	0.60480	0.26928
485 A	0.13075	0.60142	0.26783
486 T	0.14094	0.59124	0.26782
487 A	0.14863	0.58368	0.26769
488 A	0.16897	0.56170	0.26933
489 T	0.26153	0.46484	0.27363
490 T	0.35881	0.35983	0.28136
491 A	0.41712	0.29463	0.28824
492 T	0.47852	0.22629	0.29519
493 A	0.51250	0.18873	0.29877
494 C	0.55173	0.14430	0.30398
495 T	0.56652	0.12873	0.30474
496 A	0.58006	0.11440	0.30554
497 T	0.60734	0.08433	0.30833
498 T	0.62004	0.06989	0.31008
499 T	0.62516	0.06651	0.30834
500 T	0.62523	0.06433	0.31044
501 T	0.59289	0.09801	0.3091
502 A	0.52673	0.16443	0.30884
503 G	0.50574	0.18458	0.30968
504 C	0.49825	0.19200	0.30975
505 A	0.49450	0.19584	0.30966
506 C	0.49391	0.19646	0.30964
507 T	0.49246	0.19847	0.30907
508 T	0.47878	0.21397	0.30726
509 C	0.44294	0.25126	0.30579
510 T	0.42180	0.27606	0.30213
511 G	0.38212	0.31959	0.29829
512 T	0.34578	0.35982	0.2944
513 A	0.30364	0.40657	0.28979
514 A	0.26756	0.44763	0.28481
515 A	0.25276	0.46470	0.28254
516 T	0.24211	0.47740	0.2805
517 A	0.20158	0.53089	0.26753
518 A	0.18598	0.55208	0.26195
519 A	0.17640	0.56698	0.25662
520 A	0.16929	0.58296	0.24775
521 A	0.16730	0.58906	0.24364
522 A	0.16698	0.58641	0.24661
523 A	0.16775	0.57690	0.25535
524 A	0.17023	0.54164	0.28812
525 T	0.17123	0.48246	0.34631
526 G	0.17134	0.46637	0.36229
527 T	0.17186	0.46368	0.36445
528 A	0.17199	0.46742	0.36059
529 A	0.17235	0.46318	0.36446
530 A	0.17346	0.45071	0.37582
531 T	0.17731	0.42309	0.3996
532 T	0.17980	0.38557	0.43464
533 T	0.18387	0.36146	0.45467
534 A	0.18612	0.32776	0.48613
535 G	0.18887	0.28255	0.52858
536 A	0.19199	0.24345	0.56457
537 T	0.19718	0.20272	0.60011
538 G	0.20028	0.19304	0.60668
539 A	0.20529	0.19241	0.6023
540 T	0.21991	0.15017	0.62992
541 A	0.22584	0.13329	0.64088
542 A	0.23308	0.11752	0.6494
543 G	0.24542	0.09922	0.65537
544 T	0.25518	0.08834	0.65648
545 C	0.25952	0.08435	0.65613
546 T	0.26946	0.09228	0.63826
547 T	0.27579	0.11533	0.60888
548 T	0.27772	0.16776	0.55452
549 T	0.27181	0.27807	0.45013
550 T	0.25908	0.36616	0.37476
551 T	0.23969	0.44309	0.31722
552 T	0.20436	0.48697	0.30867
553 G	0.15965	0.53785	0.3025
554 A	0.11914	0.58570	0.29515
555 A	0.08991	0.61858	0.29152
556 C	0.07568	0.63492	0.2894
557 A	0.06234	0.65538	0.28228
558 A	0.05516	0.66556	0.27928
559 A	0.05395	0.66810	0.27796
560 A	0.05408	0.66873	0.27719
561 A	0.05774	0.66559	0.27667
562 A	0.06813	0.65497	0.2769
563 A	0.07428	0.64850	0.27722
564 T	0.07730	0.64456	0.27813
565 A	0.07644	0.64508	0.27848
566 A	0.07682	0.64444	0.27874
567 A	0.07914	0.64181	0.27905
568 A	0.08327	0.63699	0.27974
569 A	0.10409	0.61473	0.28117
570 A	0.14372	0.57015	0.28613
571 A	0.21769	0.48765	0.29467
572 T	0.33925	0.34276	0.31799
573 T	0.40702	0.24796	0.34501
574 T	0.43692	0.19416	0.36892
575 T	0.43898	0.16742	0.3936
576 A	0.43930	0.15187	0.40883
577 A	0.44172	0.13469	0.4236
578 T	0.44429	0.12182	0.43389
579 A	0.44106	0.14107	0.41786
580 T	0.44512	0.13896	0.41592
581 T	0.44455	0.15110	0.40435
582 A	0.43587	0.17583	0.3883
583 G	0.43143	0.18843	0.38014
584 G	0.42980	0.19681	0.37338
585 T	0.42954	0.20140	0.36906
586 A	0.42924	0.20938	0.36138
587 A	0.42931	0.21236	0.35833
588 T	0.42948	0.21128	0.35923
589 G	0.42940	0.21137	0.35923
590 A	0.42931	0.21239	0.35831
591 A	0.42886	0.21274	0.3584
592 G	0.42872	0.21207	0.3592
593 G	0.42878	0.21169	0.35952
594 G	0.42907	0.21121	0.35972
595 G	0.42966	0.21037	0.35997
596 C	0.43111	0.20831	0.36058
597 A	0.43351	0.20736	0.35912
598 G	0.43958	0.20236	0.35805
599 G	0.45419	0.19096	0.35484
600 A	0.47109	0.17975	0.34916
601 A	0.49104	0.15962	0.34934
602 T	0.52884	0.11372	0.35745
603 T	0.54750	0.09160	0.36091
604 T	0.56398	0.07143	0.36459
605 C	0.57504	0.05374	0.37122
606 T	0.58310	0.04449	0.37241
607 T	0.58648	0.04063	0.37288
608 C	0.58692	0.04153	0.37155
609 T	0.58648	0.04494	0.36859
610 T	0.57260	0.06461	0.36278
611 C	0.54603	0.09892	0.35505
612 A	0.53146	0.11558	0.35296
613 A	0.52329	0.12490	0.3518
614 T	0.51808	0.13037	0.35155
615 T	0.50644	0.14229	0.35127
616 C	0.48921	0.16034	0.35045
617 A	0.47795	0.17307	0.34898
618 A	0.47458	0.17760	0.34783
619 G	0.47255	0.17999	0.34746
620 A	0.47266	0.18002	0.34732
621 A	0.47370	0.17914	0.34716
622 A	0.47722	0.17551	0.34728
623 C	0.48271	0.16986	0.34743
624 A	0.48379	0.16877	0.34745
625 T	0.48530	0.16721	0.34748
626 C	0.48602	0.16642	0.34755
627 T	0.48628	0.16625	0.34747
628 G	0.48619	0.16640	0.34741
629 A	0.48752	0.16456	0.34792
630 A	0.48861	0.16270	0.3487
631 T	0.49211	0.15679	0.3511
632 A	0.49531	0.14417	0.36052
633 T	0.50239	0.11678	0.38082
634 T	0.50840	0.08078	0.41083
635 T	0.50993	0.06499	0.42508
636 T	0.51045	0.05579	0.43376
637 A	0.51052	0.04957	0.43992
638 T	0.51091	0.03777	0.45132
639 T	0.51124	0.02411	0.46465
640 C	0.51089	0.01648	0.47262
641 A	0.51060	0.02068	0.46872
642 T	0.51001	0.03087	0.45913
643 A	0.50238	0.06684	0.43078
644 T	0.49984	0.07551	0.42465
645 T	0.49248	0.09013	0.41739
646 G	0.48518	0.10457	0.41025
647 A	0.48282	0.11471	0.40247
648 T	0.48034	0.12368	0.39599
649 A	0.47383	0.13809	0.38808
650 T	0.47152	0.14184	0.38663
651 T	0.46729	0.14840	0.38431
652 A	0.45880	0.16056	0.38064
653 A	0.45466	0.16481	0.38053
654 T	0.45202	0.16748	0.3805
655 G	0.44992	0.16957	0.38051
656 A	0.44853	0.17086	0.38061
657 C	0.44750	0.17158	0.38092
658 A	0.44668	0.17235	0.38096
659 T	0.44631	0.17254	0.38115
660 C	0.44561	0.17297	0.38142
661 G	0.44559	0.17311	0.38129
662 A	0.44626	0.17267	0.38107
663 A	0.44853	0.16962	0.38186
664 A	0.45411	0.16337	0.38252
665 G	0.46773	0.14901	0.38325
666 T	0.50207	0.10701	0.39092
667 A	0.50994	0.09753	0.39252
668 T	0.51822	0.08251	0.39927
669 T	0.52220	0.07470	0.4031
670 A	0.52357	0.07342	0.40301
671 A	0.52649	0.06822	0.40529
672 T	0.53348	0.05347	0.41306
673 G	0.53409	0.04923	0.41668
674 T	0.53589	0.04378	0.42033
675 T	0.53704	0.03847	0.42449
676 G	0.53450	0.03887	0.42663
677 G	0.53319	0.04028	0.42652
678 A	0.53221	0.04167	0.42613
679 G	0.53176	0.04076	0.42749
680 T	0.53157	0.03989	0.42854
681 T	0.53142	0.03902	0.42957
682 G	0.53088	0.03880	0.43032
683 C	0.53059	0.03823	0.43118
684 A	0.53040	0.03850	0.4311
685 G	0.53047	0.03843	0.43111
686 G	0.53066	0.03840	0.43093
687 A	0.53111	0.03835	0.43054
688 A	0.53176	0.03815	0.43009
689 G	0.53349	0.03670	0.42981
690 T	0.53611	0.03486	0.42902
691 A	0.53726	0.03557	0.42717
692 T	0.53965	0.03262	0.42773
693 T	0.54126	0.03077	0.42798
694 T	0.54126	0.03323	0.42552
695 T	0.53927	0.03933	0.4214
696 A	0.53260	0.05298	0.41442
697 A	0.52718	0.06171	0.41111
698 T	0.52447	0.06657	0.40896
699 G	0.51791	0.07142	0.41068
700 T	0.51317	0.07579	0.41103
701 A	0.51264	0.07572	0.41164
702 T	0.51218	0.07557	0.41225
703 C	0.51138	0.07610	0.41252
704 T	0.51144	0.07597	0.41259
705 T	0.51128	0.07592	0.4128
706 T	0.51142	0.07559	0.41299
707 T	0.51154	0.07529	0.41316
708 G	0.51157	0.07517	0.41326
709 A	0.51172	0.07479	0.41348
710 G	0.51205	0.07418	0.41377
711 G	0.51250	0.07359	0.4139
712 A	0.51341	0.07262	0.41398
713 A	0.51518	0.07075	0.41406
714 T	0.51802	0.06770	0.41428
715 A	0.51902	0.06647	0.41451
716 A	0.52070	0.06420	0.41511
717 A	0.52377	0.05983	0.4164
718 A	0.52865	0.05201	0.41934
719 T	0.53610	0.03690	0.427
720 A	0.53980	0.02725	0.43295
721 T	0.54354	0.01737	0.4391
722 A	0.54429	0.00953	0.44618
723 A	0.54551	0.00000	0.4545
