# lcl|CP097583.1_cds_USQ93491.1_1
# AA	inside	membr	outside
1 A	0.38565	0.00000	0.61435
2 T	0.38498	0.00067	0.61435
3 G	0.38466	0.00100	0.61435
4 G	0.38466	0.02501	0.59033
5 T	0.38167	0.07534	0.54299
6 A	0.38167	0.10044	0.51789
7 T	0.31307	0.18021	0.50672
8 T	0.31306	0.18075	0.50619
9 A	0.24488	0.25547	0.49965
10 A	0.24479	0.45254	0.30267
11 A	0.23505	0.47352	0.29143
12 A	0.12955	0.58287	0.28758
13 A	0.03111	0.68959	0.2793
14 A	0.03110	0.68960	0.2793
15 A	0.03110	0.74562	0.22328
16 A	0.03049	0.74623	0.22328
17 A	0.02993	0.74691	0.22316
18 T	0.02991	0.74724	0.22285
19 A	0.02859	0.74863	0.22277
20 A	0.02527	0.75238	0.22236
21 A	0.02348	0.75412	0.2224
22 A	0.02356	0.75390	0.22254
23 C	0.02394	0.75309	0.22298
24 G	0.02497	0.75196	0.22307
25 G	0.02679	0.74935	0.22386
26 A	0.02876	0.74709	0.22414
27 A	0.05046	0.72409	0.22545
28 G	0.09314	0.67888	0.22797
29 A	0.12687	0.63829	0.23485
30 A	0.19469	0.50505	0.30027
31 T	0.22482	0.45943	0.31576
32 T	0.24291	0.36972	0.38737
33 A	0.33500	0.26839	0.39661
34 A	0.34151	0.24878	0.40972
35 T	0.35021	0.15757	0.49222
36 T	0.35521	0.08206	0.56274
37 G	0.35436	0.08132	0.56432
38 T	0.40223	0.03389	0.56388
39 T	0.39709	0.03898	0.56393
40 A	0.39013	0.04542	0.56445
41 A	0.38615	0.04878	0.56508
42 T	0.38432	0.04872	0.56696
43 C	0.38153	0.04862	0.56986
44 C	0.37872	0.05455	0.56673
45 T	0.37723	0.06744	0.55533
46 T	0.37540	0.08556	0.53905
47 T	0.37052	0.09326	0.53621
48 A	0.35988	0.10585	0.53427
49 T	0.32433	0.14781	0.52786
50 A	0.27427	0.20170	0.52403
51 C	0.25857	0.21794	0.52349
52 G	0.24362	0.23469	0.52169
53 A	0.23552	0.24426	0.52022
54 T	0.23466	0.24711	0.51823
55 A	0.23381	0.24997	0.51622
56 T	0.23717	0.24654	0.51628
57 T	0.23735	0.24383	0.51882
58 A	0.23240	0.24887	0.51873
59 T	0.23160	0.24952	0.51887
60 T	0.22797	0.25704	0.51499
61 A	0.21741	0.28618	0.4964
62 A	0.21245	0.28900	0.49854
63 A	0.20857	0.28908	0.50235
64 A	0.20656	0.28722	0.50621
65 A	0.20583	0.28431	0.50986
66 C	0.20651	0.27844	0.51505
67 G	0.21038	0.27246	0.51715
68 A	0.22122	0.26003	0.51875
69 A	0.23719	0.24187	0.52093
70 T	0.24230	0.23133	0.52636
71 A	0.24454	0.22176	0.5337
72 T	0.25015	0.17481	0.57504
73 G	0.25250	0.12397	0.62354
74 G	0.25367	0.10701	0.63932
75 T	0.25632	0.09280	0.65089
76 T	0.25777	0.08532	0.65691
77 T	0.25906	0.08273	0.65821
78 T	0.26016	0.08020	0.65964
79 A	0.25985	0.08044	0.65971
80 A	0.26010	0.07820	0.6617
81 G	0.26142	0.07131	0.66726
82 A	0.26368	0.06747	0.66885
83 A	0.27024	0.05623	0.67354
84 T	0.29004	0.02564	0.68432
85 G	0.29236	0.01857	0.68908
86 T	0.29501	0.01290	0.69209
87 T	0.29590	0.01082	0.69328
88 T	0.29621	0.00989	0.6939
89 T	0.29633	0.00954	0.69413
90 T	0.29653	0.00913	0.69434
91 T	0.29666	0.00890	0.69444
92 T	0.29662	0.00886	0.69452
93 T	0.29647	0.00896	0.69457
94 C	0.29627	0.00911	0.69461
95 T	0.29624	0.00919	0.69458
96 C	0.29565	0.00985	0.69451
97 A	0.29549	0.01045	0.69406
98 T	0.29608	0.01011	0.6938
99 T	0.29687	0.00950	0.69362
100 T	0.29724	0.00912	0.69363
101 G	0.29741	0.00891	0.69368
102 T	0.29824	0.00752	0.69424
103 T	0.29847	0.00700	0.69453
104 C	0.29848	0.00689	0.69462
105 T	0.29896	0.00668	0.69437
106 A	0.29848	0.00768	0.69385
107 T	0.29852	0.00855	0.69292
108 T	0.29809	0.01137	0.69054
109 A	0.29778	0.01226	0.68996
110 T	0.29785	0.01234	0.68982
111 T	0.29766	0.01261	0.68973
112 T	0.29735	0.01292	0.68973
113 C	0.29673	0.01358	0.68969
114 T	0.29522	0.01527	0.68951
115 A	0.29205	0.01861	0.68934
116 T	0.29085	0.01975	0.6894
117 G	0.28807	0.02247	0.68946
118 G	0.28756	0.02298	0.68947
119 G	0.28726	0.02268	0.69006
120 T	0.28754	0.02222	0.69024
121 T	0.28751	0.02239	0.6901
122 T	0.28705	0.02318	0.68976
123 G	0.28584	0.02512	0.68904
124 T	0.28507	0.02807	0.68686
125 T	0.28319	0.03415	0.68266
126 A	0.28129	0.04281	0.6759
127 A	0.28033	0.04492	0.67475
128 A	0.27968	0.04624	0.67407
129 A	0.27966	0.04601	0.67433
130 A	0.28015	0.04560	0.67426
131 C	0.28119	0.04413	0.67468
132 T	0.28167	0.04437	0.67396
133 T	0.28149	0.04624	0.67227
134 T	0.28060	0.04803	0.67137
135 A	0.27926	0.05012	0.67063
136 T	0.27884	0.05070	0.67047
137 T	0.27594	0.05223	0.67183
138 T	0.27053	0.05540	0.67406
139 A	0.25996	0.06570	0.67435
140 T	0.24958	0.07479	0.67563
141 A	0.23077	0.09658	0.67265
142 G	0.21249	0.12080	0.66672
143 A	0.19715	0.14794	0.6549
144 A	0.18704	0.15972	0.65324
145 A	0.18092	0.16692	0.65216
146 A	0.17509	0.17340	0.65151
147 A	0.17257	0.17692	0.65051
148 C	0.17404	0.17423	0.65173
149 A	0.17787	0.17396	0.64817
150 A	0.17836	0.17324	0.6484
151 G	0.17884	0.17234	0.64881
152 A	0.17930	0.17178	0.64893
153 A	0.17990	0.17089	0.64922
154 C	0.18067	0.16812	0.65121
155 A	0.18211	0.16647	0.65142
156 T	0.18456	0.16336	0.65207
157 T	0.18574	0.16134	0.65292
158 T	0.18635	0.15965	0.65399
159 T	0.18652	0.15872	0.65476
160 G	0.18638	0.15316	0.66045
161 G	0.18653	0.14558	0.66788
162 A	0.18675	0.13536	0.6779
163 G	0.18765	0.12391	0.68844
164 A	0.19056	0.10725	0.70219
165 A	0.19667	0.08665	0.71667
166 A	0.20768	0.06235	0.72998
167 A	0.21028	0.04927	0.74045
168 A	0.21269	0.04018	0.74714
169 A	0.21586	0.02962	0.75452
170 T	0.21852	0.02192	0.75955
171 G	0.21965	0.01812	0.76222
172 T	0.22395	0.01227	0.76378
173 T	0.22464	0.01054	0.76483
174 T	0.22497	0.00966	0.76537
175 T	0.22518	0.00910	0.76571
176 A	0.22528	0.00880	0.76592
177 C	0.22540	0.00850	0.7661
178 T	0.22581	0.00804	0.76615
179 C	0.22604	0.00779	0.76617
180 T	0.22673	0.00716	0.76612
181 T	0.22740	0.00652	0.76607
182 T	0.22789	0.00601	0.76609
183 T	0.22826	0.00540	0.76633
184 T	0.22863	0.00490	0.76647
185 T	0.22888	0.00433	0.76679
186 C	0.22909	0.00396	0.76696
187 T	0.22965	0.00336	0.76699
188 C	0.23004	0.00295	0.76701
189 T	0.23062	0.00240	0.76698
190 T	0.23098	0.00205	0.76697
191 T	0.23123	0.00181	0.76696
192 A	0.23134	0.00171	0.76695
193 T	0.23151	0.00155	0.76694
194 C	0.23166	0.00140	0.76695
195 T	0.23197	0.00114	0.76689
196 T	0.23202	0.00114	0.76684
197 T	0.23206	0.00119	0.76674
198 T	0.23202	0.00130	0.76669
199 T	0.23185	0.00163	0.76652
200 T	0.23163	0.00194	0.76643
201 T	0.23153	0.00216	0.76631
202 G	0.23145	0.00244	0.76611
203 T	0.23148	0.00263	0.76589
204 T	0.23149	0.00275	0.76576
205 T	0.23147	0.00297	0.76557
206 T	0.23140	0.00320	0.7654
207 T	0.23100	0.00375	0.76526
208 T	0.23065	0.00422	0.76513
209 T	0.23027	0.00460	0.76513
210 A	0.22939	0.00549	0.76512
211 A	0.22874	0.00614	0.76513
212 T	0.22843	0.00641	0.76516
213 C	0.22710	0.00774	0.76516
214 A	0.22606	0.00901	0.76493
215 G	0.22549	0.00972	0.76479
216 T	0.22520	0.01029	0.76451
217 A	0.22476	0.01126	0.76398
218 T	0.22468	0.01153	0.76379
219 T	0.22446	0.01171	0.76383
220 T	0.22420	0.01189	0.76391
221 A	0.22353	0.01249	0.76398
222 T	0.22321	0.01260	0.76419
223 C	0.22248	0.01311	0.76441
224 C	0.22180	0.01400	0.7642
225 T	0.22135	0.01629	0.76236
226 T	0.21956	0.02037	0.76006
227 T	0.21743	0.02411	0.75846
228 T	0.21141	0.03340	0.75519
229 A	0.20362	0.04358	0.7528
230 T	0.19922	0.04824	0.75254
231 T	0.18936	0.05908	0.75156
232 A	0.16313	0.08771	0.74916
233 A	0.14982	0.10172	0.74846
234 A	0.14038	0.11147	0.74815
235 A	0.13329	0.11879	0.74793
236 A	0.13110	0.12027	0.74863
237 A	0.13000	0.12080	0.7492
238 A	0.12967	0.12070	0.74964
239 G	0.12979	0.12034	0.74988
240 T	0.13019	0.12007	0.74974
241 A	0.13017	0.12020	0.74962
242 T	0.13018	0.12003	0.74979
243 A	0.13004	0.12004	0.74992
244 A	0.12976	0.11987	0.75037
245 A	0.12966	0.11960	0.75075
246 A	0.12982	0.11854	0.75164
247 G	0.13042	0.11657	0.75301
248 A	0.13308	0.11254	0.75438
249 T	0.13627	0.10559	0.75814
250 A	0.13795	0.10041	0.76165
251 T	0.14143	0.08883	0.76975
252 T	0.14329	0.07937	0.77734
253 A	0.14373	0.07379	0.78249
254 A	0.14465	0.06307	0.79228
255 T	0.14733	0.03654	0.81613
256 T	0.14855	0.02372	0.82774
257 T	0.14918	0.01502	0.83581
258 G	0.14944	0.00929	0.84127
259 A	0.14972	0.00765	0.84263
260 T	0.15006	0.00653	0.84342
261 C	0.15017	0.00641	0.84342
262 G	0.15038	0.00681	0.8428
263 T	0.15109	0.00681	0.8421
264 T	0.15133	0.00695	0.84172
265 T	0.15138	0.00690	0.84173
266 G	0.15133	0.00689	0.84178
267 G	0.15144	0.00648	0.84208
268 C	0.15167	0.00610	0.84223
269 C	0.15189	0.00603	0.84208
270 T	0.15219	0.00611	0.8417
271 T	0.15236	0.00643	0.84121
272 T	0.15238	0.00702	0.8406
273 G	0.15224	0.00742	0.84033
274 T	0.15222	0.00792	0.83985
275 T	0.15206	0.00852	0.83942
276 T	0.15166	0.00963	0.83871
277 C	0.15067	0.01115	0.83818
278 A	0.14900	0.01480	0.8362
279 T	0.14719	0.01937	0.83344
280 G	0.14324	0.03094	0.82582
281 A	0.14191	0.03836	0.81972
282 A	0.14151	0.04660	0.81189
283 A	0.14172	0.04978	0.8085
284 T	0.14222	0.05042	0.80736
285 T	0.14253	0.05174	0.80573
286 A	0.14260	0.05322	0.80418
287 T	0.14286	0.05358	0.80356
288 A	0.14261	0.05475	0.80264
289 T	0.14254	0.05541	0.80204
290 T	0.14234	0.05601	0.80165
291 T	0.14165	0.05708	0.80127
292 A	0.14086	0.05832	0.80082
293 A	0.14056	0.05884	0.80061
294 A	0.14045	0.05910	0.80045
295 A	0.14078	0.05882	0.8004
296 T	0.14111	0.05830	0.80059
297 A	0.14147	0.05781	0.80072
298 A	0.14209	0.05683	0.80108
299 T	0.14334	0.05494	0.80173
300 A	0.14415	0.05313	0.80272
301 A	0.14650	0.04918	0.80432
302 A	0.14978	0.04397	0.80625
303 T	0.15792	0.03212	0.80996
304 G	0.16309	0.02557	0.81133
305 T	0.17139	0.01652	0.81209
306 T	0.17479	0.01279	0.81241
307 A	0.17590	0.01148	0.81263
308 T	0.17728	0.00968	0.81303
309 T	0.17852	0.00803	0.81344
310 T	0.17906	0.00726	0.81368
311 G	0.17972	0.00624	0.81404
312 T	0.18048	0.00537	0.81414
313 T	0.18076	0.00486	0.81439
314 T	0.18097	0.00426	0.81477
315 T	0.18116	0.00370	0.81514
316 A	0.18124	0.00348	0.81528
317 G	0.18137	0.00307	0.81555
318 T	0.18153	0.00283	0.81563
319 T	0.18160	0.00281	0.81559
320 T	0.18166	0.00294	0.81541
321 G	0.18167	0.00319	0.81514
322 G	0.18169	0.00359	0.81472
323 T	0.18169	0.00388	0.81444
324 T	0.18167	0.00415	0.81419
325 T	0.18163	0.00439	0.81398
326 T	0.18158	0.00463	0.81379
327 G	0.18144	0.00503	0.81352
328 A	0.18121	0.00576	0.81303
329 T	0.18115	0.00607	0.81278
330 A	0.18106	0.00635	0.81259
331 G	0.18106	0.00646	0.81248
332 G	0.18112	0.00646	0.81241
333 T	0.18122	0.00641	0.81238
334 A	0.18128	0.00637	0.81234
335 T	0.18161	0.00605	0.81235
336 G	0.18177	0.00586	0.81238
337 T	0.18208	0.00551	0.81241
338 T	0.18228	0.00526	0.81246
339 T	0.18245	0.00504	0.81252
340 C	0.18252	0.00494	0.81254
341 A	0.18261	0.00489	0.8125
342 G	0.18278	0.00473	0.81249
343 T	0.18323	0.00429	0.81248
344 T	0.18366	0.00387	0.81247
345 T	0.18414	0.00345	0.81241
346 T	0.18445	0.00314	0.81241
347 T	0.18464	0.00293	0.81243
348 T	0.18469	0.00287	0.81243
349 A	0.18470	0.00295	0.81235
350 A	0.18489	0.00270	0.81241
351 T	0.18540	0.00202	0.81258
352 T	0.18567	0.00176	0.81257
353 T	0.18584	0.00164	0.81251
354 T	0.18592	0.00166	0.81243
355 T	0.18593	0.00175	0.81231
356 T	0.18583	0.00207	0.8121
357 A	0.18530	0.00301	0.81168
358 T	0.18511	0.00322	0.81166
359 A	0.18478	0.00358	0.81163
360 T	0.18464	0.00373	0.81162
361 T	0.18446	0.00393	0.81161
362 C	0.18423	0.00419	0.81158
363 A	0.18401	0.00466	0.81133
364 T	0.18395	0.00505	0.811
365 A	0.18374	0.00609	0.81018
366 T	0.18299	0.00766	0.80935
367 A	0.18173	0.00952	0.80875
368 T	0.18083	0.01100	0.80817
369 T	0.17953	0.01237	0.8081
370 G	0.17828	0.01360	0.80812
371 A	0.17757	0.01428	0.80815
372 T	0.17744	0.01433	0.80823
373 C	0.17705	0.01470	0.80825
374 C	0.17703	0.01472	0.80825
375 A	0.17710	0.01469	0.80822
376 T	0.17725	0.01454	0.80821
377 T	0.17735	0.01443	0.80822
378 A	0.17743	0.01435	0.80822
379 G	0.17760	0.01405	0.80835
380 T	0.17797	0.01305	0.80897
381 T	0.17801	0.01271	0.80928
382 T	0.17805	0.01232	0.80963
383 C	0.17807	0.01212	0.8098
384 G	0.17810	0.01200	0.8099
385 A	0.17816	0.01183	0.81
386 A	0.17841	0.01146	0.81013
387 A	0.17878	0.01098	0.81024
388 A	0.17966	0.00990	0.81044
389 T	0.18060	0.00777	0.81162
390 A	0.18111	0.00571	0.81317
391 T	0.18168	0.00370	0.81462
392 C	0.18177	0.00215	0.81608
393 T	0.18182	0.00122	0.81696
394 T	0.18185	0.00070	0.81744
395 A	0.18188	0.00046	0.81766
396 A	0.18193	0.00000	0.81807
