# lcl|CP097583.1_cds_USQ93622.1_1
# AA	inside	membr	outside
1 A	0.42619	0.00000	0.57381
2 T	0.42568	0.00052	0.57381
3 T	0.42520	0.00099	0.57381
4 T	0.42520	0.01376	0.56104
5 T	0.40995	0.04828	0.54177
6 T	0.40995	0.05463	0.53542
7 A	0.22726	0.24058	0.53216
8 A	0.22726	0.24067	0.53207
9 A	0.21865	0.25107	0.53028
10 G	0.21863	0.38209	0.39928
11 A	0.21683	0.38987	0.3933
12 A	0.14655	0.46287	0.39058
13 A	0.07879	0.53664	0.38457
14 A	0.07877	0.53666	0.38457
15 A	0.07877	0.55000	0.37123
16 A	0.07648	0.55229	0.37123
17 A	0.07277	0.55609	0.37114
18 A	0.07273	0.55629	0.37097
19 A	0.07244	0.55668	0.37087
20 G	0.07134	0.55941	0.36925
21 A	0.07034	0.56038	0.36928
22 T	0.07295	0.55768	0.36938
23 T	0.07488	0.55441	0.3707
24 A	0.07617	0.55205	0.37178
25 A	0.07840	0.52518	0.39641
26 T	0.08034	0.49945	0.42021
27 C	0.08373	0.43557	0.48071
28 A	0.09285	0.41628	0.49087
29 C	0.09725	0.40089	0.50186
30 A	0.10180	0.35027	0.54793
31 G	0.10309	0.35019	0.54672
32 G	0.10829	0.34301	0.54869
33 T	0.22822	0.22298	0.54879
34 A	0.23130	0.22682	0.54189
35 T	0.23709	0.15478	0.60813
36 T	0.23901	0.09654	0.66445
37 A	0.23191	0.10053	0.66757
38 A	0.23330	0.09639	0.67031
39 A	0.20145	0.12201	0.67653
40 C	0.19856	0.11830	0.68314
41 C	0.19490	0.12104	0.68406
42 A	0.19217	0.12379	0.68404
43 A	0.19083	0.12497	0.68421
44 C	0.18202	0.13376	0.68422
45 A	0.17154	0.14501	0.68345
46 G	0.17062	0.14583	0.68354
47 G	0.17087	0.14457	0.68456
48 A	0.17177	0.14317	0.68506
49 G	0.17383	0.14085	0.68531
50 T	0.18076	0.12940	0.68984
51 T	0.18510	0.12075	0.69415
52 T	0.18684	0.11673	0.69642
53 T	0.18818	0.11335	0.69847
54 A	0.18890	0.11109	0.70002
55 A	0.18969	0.10742	0.70289
56 C	0.19266	0.10065	0.70669
57 T	0.20088	0.08969	0.70942
58 T	0.20397	0.08541	0.71062
59 T	0.20466	0.08297	0.71238
60 A	0.20279	0.08207	0.71515
61 G	0.20084	0.08287	0.71629
62 G	0.20044	0.05533	0.74422
63 T	0.20051	0.05465	0.74484
64 A	0.20052	0.05865	0.74083
65 A	0.20106	0.06218	0.73677
66 T	0.20175	0.06186	0.73639
67 T	0.20228	0.05576	0.74196
68 A	0.20242	0.05042	0.74716
69 T	0.20124	0.05285	0.7459
70 T	0.19997	0.05559	0.74444
71 T	0.19848	0.06289	0.73862
72 A	0.19667	0.06820	0.73513
73 G	0.19586	0.06977	0.73437
74 G	0.19537	0.07105	0.73358
75 T	0.19520	0.07153	0.73326
76 G	0.19490	0.07336	0.73173
77 T	0.19467	0.07420	0.73114
78 A	0.19450	0.07480	0.7307
79 A	0.19445	0.07523	0.73031
80 T	0.19498	0.07491	0.73011
81 A	0.19528	0.07466	0.73006
82 A	0.19588	0.07345	0.73067
83 A	0.19731	0.07018	0.73251
84 A	0.19896	0.06626	0.73479
85 C	0.20120	0.06264	0.73616
86 C	0.20605	0.05755	0.73639
87 T	0.21543	0.04816	0.73642
88 T	0.22381	0.03990	0.73629
89 T	0.22730	0.03653	0.73618
90 G	0.22863	0.03519	0.73618
91 A	0.23126	0.03229	0.73645
92 T	0.23477	0.02606	0.73917
93 T	0.23696	0.02195	0.74109
94 C	0.24219	0.01486	0.74295
95 T	0.24603	0.01030	0.74366
96 T	0.24733	0.00853	0.74414
97 T	0.24754	0.00837	0.7441
98 T	0.24249	0.01401	0.7435
99 T	0.23428	0.02256	0.74316
100 C	0.21527	0.04212	0.74262
101 A	0.20160	0.05812	0.74028
102 G	0.19404	0.06802	0.73794
103 A	0.18741	0.07952	0.73307
104 A	0.18398	0.08552	0.7305
105 T	0.18139	0.09144	0.72717
106 A	0.17635	0.10085	0.7228
107 A	0.17444	0.10428	0.72129
108 A	0.17387	0.10491	0.72122
109 T	0.17359	0.10521	0.7212
110 A	0.17319	0.10556	0.72125
111 T	0.17317	0.10539	0.72145
112 C	0.17288	0.10547	0.72165
113 A	0.17262	0.10565	0.72173
114 T	0.17249	0.10571	0.7218
115 C	0.17220	0.10596	0.72184
116 A	0.17204	0.10610	0.72186
117 T	0.17205	0.10604	0.72191
118 G	0.17199	0.10578	0.72224
119 A	0.17205	0.10534	0.72261
120 A	0.17253	0.10404	0.72343
121 T	0.17390	0.09440	0.7317
122 A	0.17458	0.08394	0.74148
123 T	0.17633	0.06309	0.76058
124 G	0.17835	0.04864	0.773
125 A	0.18088	0.03965	0.77947
126 T	0.18581	0.02842	0.78576
127 A	0.18846	0.02262	0.78893
128 T	0.19192	0.01631	0.79176
129 T	0.19570	0.00854	0.79576
130 T	0.19675	0.00612	0.79713
131 A	0.19685	0.00573	0.79742
132 T	0.19704	0.00545	0.79751
133 T	0.19711	0.00542	0.79747
134 T	0.19711	0.00563	0.79726
135 T	0.19710	0.00615	0.79675
136 T	0.19708	0.00666	0.79626
137 T	0.19705	0.00810	0.79485
138 T	0.19653	0.01014	0.79333
139 A	0.19633	0.01055	0.79312
140 T	0.19623	0.01075	0.79302
141 T	0.19590	0.01127	0.79283
142 G	0.19542	0.01244	0.79214
143 C	0.19521	0.01319	0.7916
144 A	0.19490	0.01425	0.79084
145 G	0.19484	0.01466	0.79049
146 A	0.19484	0.01487	0.79029
147 T	0.19513	0.01460	0.79027
148 T	0.19538	0.01438	0.79024
149 T	0.19557	0.01422	0.79021
150 G	0.19568	0.01419	0.79014
151 C	0.19579	0.01413	0.79008
152 A	0.19583	0.01445	0.78972
153 T	0.19629	0.01418	0.78953
154 G	0.19663	0.01422	0.78916
155 C	0.19732	0.01411	0.78857
156 T	0.19819	0.01413	0.78767
157 T	0.19897	0.01360	0.78742
158 T	0.19973	0.01300	0.78728
159 G	0.19985	0.01299	0.78716
160 A	0.20074	0.01218	0.78709
161 C	0.20197	0.01023	0.78779
162 T	0.20210	0.01008	0.78782
163 A	0.20203	0.01018	0.78779
164 G	0.20245	0.00962	0.78792
165 T	0.20318	0.00859	0.78824
166 T	0.20326	0.00844	0.7883
167 T	0.20272	0.00881	0.78846
168 T	0.20054	0.01119	0.78827
169 C	0.19541	0.01683	0.78777
170 A	0.18596	0.02834	0.78571
171 A	0.17799	0.03666	0.78536
172 G	0.17124	0.04343	0.78532
173 A	0.16767	0.04701	0.78531
174 A	0.16549	0.04920	0.78531
175 C	0.16423	0.05029	0.78548
176 C	0.16376	0.05071	0.78553
177 A	0.16395	0.05051	0.78555
178 T	0.16457	0.04987	0.78556
179 C	0.16508	0.04934	0.78559
180 T	0.16534	0.04915	0.78551
181 T	0.16536	0.04929	0.78535
182 T	0.16463	0.04999	0.78538
183 A	0.16096	0.05422	0.78482
184 T	0.15854	0.05700	0.78446
185 T	0.15311	0.06309	0.78379
186 A	0.13306	0.08506	0.78188
187 A	0.11970	0.09951	0.78079
188 A	0.10703	0.11326	0.77971
189 A	0.09992	0.12043	0.77964
190 A	0.09095	0.12931	0.77973
191 A	0.08701	0.13121	0.78178
192 A	0.08644	0.12734	0.78622
193 A	0.08777	0.11755	0.79469
194 A	0.08796	0.10992	0.80211
195 T	0.08804	0.10312	0.80884
196 A	0.08799	0.09992	0.8121
197 T	0.08789	0.09764	0.81447
198 T	0.08765	0.09626	0.81609
199 C	0.08706	0.09603	0.81691
200 G	0.08643	0.09663	0.81693
201 T	0.08608	0.09716	0.81676
202 G	0.08581	0.09795	0.81624
203 A	0.08569	0.09842	0.81589
204 A	0.08583	0.09833	0.81584
205 A	0.08630	0.09600	0.81769
206 T	0.08727	0.08921	0.82351
207 G	0.08792	0.08462	0.82746
208 A	0.08924	0.07769	0.83308
209 T	0.09150	0.05681	0.85169
210 A	0.09266	0.04406	0.86328
211 T	0.09415	0.03099	0.87485
212 A	0.09509	0.02386	0.88105
213 T	0.09639	0.01360	0.89001
214 C	0.09681	0.00878	0.89441
215 T	0.09725	0.00756	0.89519
216 T	0.09747	0.00714	0.8954
217 T	0.09762	0.00693	0.89545
218 G	0.09763	0.00715	0.89522
219 T	0.09771	0.00732	0.89497
220 T	0.09752	0.00723	0.89525
221 T	0.09730	0.00723	0.89547
222 A	0.09686	0.00752	0.89563
223 G	0.09673	0.00753	0.89574
224 C	0.09675	0.00787	0.89539
225 T	0.09692	0.01125	0.89183
226 T	0.09696	0.01536	0.88768
227 T	0.09664	0.02382	0.87955
228 A	0.09572	0.04119	0.86308
229 G	0.09496	0.05331	0.85173
230 G	0.09473	0.06158	0.84369
231 T	0.09424	0.06756	0.83819
232 T	0.09343	0.07455	0.83202
233 T	0.09161	0.07773	0.83067
234 A	0.08906	0.08116	0.82978
235 G	0.08795	0.08277	0.82929
236 A	0.08736	0.08379	0.82885
237 C	0.08698	0.08445	0.82857
238 T	0.08697	0.08501	0.82802
239 T	0.08684	0.08556	0.8276
240 A	0.08652	0.08652	0.82697
241 A	0.08632	0.08730	0.82639
242 A	0.08629	0.08777	0.82593
243 T	0.08642	0.08755	0.82602
244 A	0.08651	0.08727	0.82623
245 A	0.08689	0.08645	0.82666
246 A	0.08751	0.08550	0.827
247 A	0.08870	0.08390	0.8274
248 C	0.09281	0.07912	0.82806
249 A	0.09768	0.07449	0.82782
250 A	0.10646	0.06547	0.82807
251 A	0.12362	0.04768	0.82871
252 T	0.13864	0.03187	0.82949
253 T	0.14592	0.02423	0.82985
254 T	0.14996	0.01880	0.83124
255 A	0.15282	0.01509	0.83209
256 T	0.15418	0.01230	0.83352
257 T	0.15476	0.01163	0.83362
258 T	0.15507	0.01102	0.83392
259 A	0.15496	0.01208	0.83296
260 T	0.15457	0.01279	0.83264
261 T	0.15353	0.01493	0.83154
262 C	0.15228	0.01628	0.83144
263 A	0.14833	0.02092	0.83075
264 A	0.14674	0.02261	0.83064
265 T	0.14592	0.02384	0.83025
266 C	0.14422	0.02594	0.82984
267 A	0.14060	0.03016	0.82924
268 G	0.13904	0.03202	0.82894
269 A	0.13799	0.03360	0.82842
270 A	0.13695	0.03470	0.82835
271 G	0.13612	0.03551	0.82837
272 T	0.13619	0.03531	0.8285
273 T	0.13585	0.03559	0.82856
274 C	0.13474	0.03665	0.82861
275 C	0.13391	0.03748	0.82861
276 G	0.13331	0.03808	0.82861
277 C	0.13307	0.03833	0.82861
278 A	0.13300	0.03843	0.82858
279 A	0.13327	0.03819	0.82854
280 C	0.13490	0.03649	0.8286
281 A	0.13570	0.03557	0.82872
282 T	0.13715	0.03370	0.82915
283 A	0.13780	0.03170	0.8305
284 C	0.13896	0.02879	0.83225
285 T	0.13956	0.02739	0.83305
286 T	0.14033	0.02293	0.83675
287 A	0.14055	0.02128	0.83816
288 T	0.14119	0.01973	0.83909
289 T	0.14141	0.01935	0.83924
290 T	0.14147	0.01691	0.84162
291 A	0.13897	0.01961	0.84142
292 A	0.13867	0.02067	0.84066
293 A	0.13857	0.02063	0.84081
294 T	0.13842	0.01989	0.84168
295 T	0.13816	0.02060	0.84123
296 A	0.13770	0.02117	0.84113
297 T	0.13706	0.02104	0.84189
298 A	0.13593	0.02180	0.84227
299 T	0.13471	0.02279	0.84251
300 A	0.13270	0.02498	0.84232
301 A	0.13172	0.02608	0.84221
302 T	0.13137	0.02651	0.84212
303 G	0.13085	0.02763	0.84151
304 G	0.13050	0.02825	0.84124
305 A	0.13039	0.02881	0.8408
306 A	0.13039	0.02886	0.84075
307 T	0.13046	0.02874	0.8408
308 C	0.13038	0.02883	0.84078
309 T	0.13052	0.02902	0.84046
310 A	0.13042	0.02914	0.84044
311 A	0.13095	0.02857	0.84048
312 T	0.13231	0.02703	0.84066
313 A	0.13319	0.02595	0.84085
314 C	0.13473	0.02152	0.84375
315 T	0.13696	0.01895	0.84409
316 T	0.13781	0.01818	0.84401
317 A	0.13735	0.01934	0.84332
318 T	0.13742	0.01975	0.84283
319 T	0.13666	0.02060	0.84273
320 T	0.13508	0.02139	0.84353
321 A	0.13214	0.02318	0.84468
322 G	0.13005	0.02373	0.84621
323 G	0.12855	0.02353	0.84791
324 C	0.12841	0.02283	0.84876
325 G	0.12851	0.02278	0.84871
326 A	0.12851	0.02279	0.8487
327 A	0.12830	0.02294	0.84875
328 T	0.12828	0.02305	0.84868
329 T	0.12773	0.02377	0.84849
330 A	0.12673	0.02463	0.84864
331 A	0.12591	0.02511	0.84898
332 G	0.12555	0.02499	0.84945
333 T	0.12508	0.02506	0.84987
334 C	0.12378	0.02643	0.84978
335 G	0.12298	0.02883	0.84819
336 A	0.12221	0.03221	0.84559
337 A	0.12173	0.03472	0.84355
338 T	0.12171	0.03608	0.84221
339 G	0.12133	0.03669	0.84199
340 A	0.12173	0.03558	0.84269
341 T	0.12229	0.03292	0.8448
342 T	0.12232	0.03145	0.84623
343 C	0.12208	0.03032	0.8476
344 A	0.12202	0.02949	0.84849
345 A	0.12204	0.02827	0.8497
346 T	0.12223	0.02671	0.85105
347 T	0.12231	0.02661	0.85108
348 T	0.12214	0.02705	0.8508
349 A	0.12161	0.02812	0.85028
350 A	0.12090	0.02971	0.8494
351 A	0.12021	0.03089	0.84889
352 G	0.11967	0.03192	0.84841
353 A	0.11923	0.03378	0.84699
354 G	0.11911	0.03586	0.84503
355 A	0.11917	0.03812	0.84272
356 A	0.11925	0.03876	0.84198
357 G	0.11960	0.03861	0.8418
358 A	0.12120	0.03859	0.84021
359 A	0.12368	0.03742	0.83889
360 A	0.12554	0.03822	0.83624
361 A	0.12695	0.03690	0.83614
362 G	0.12768	0.03590	0.83642
363 T	0.12878	0.03468	0.83653
364 T	0.12929	0.03400	0.83672
365 C	0.12956	0.03356	0.83689
366 T	0.12985	0.03352	0.83662
367 T	0.13007	0.03355	0.83638
368 C	0.13016	0.03368	0.83616
369 G	0.13019	0.03380	0.836
370 A	0.13048	0.03368	0.83584
371 A	0.13070	0.03340	0.8359
372 A	0.13171	0.03207	0.83622
373 C	0.13344	0.02988	0.83667
374 A	0.13494	0.02824	0.83682
375 A	0.13655	0.02634	0.83711
376 G	0.13925	0.02364	0.83712
377 T	0.14264	0.02043	0.83693
378 T	0.14516	0.01843	0.83641
379 A	0.14610	0.01744	0.83646
380 G	0.14727	0.01615	0.83658
381 A	0.14921	0.01424	0.83655
382 A	0.15102	0.01234	0.83663
383 C	0.15433	0.00894	0.83672
384 A	0.15516	0.00810	0.83675
385 T	0.15605	0.00717	0.83677
386 C	0.15646	0.00674	0.83679
387 T	0.15669	0.00651	0.8368
388 C	0.15681	0.00639	0.8368
389 T	0.15713	0.00610	0.83676
390 T	0.15729	0.00598	0.83673
391 A	0.15738	0.00587	0.83675
392 T	0.15752	0.00560	0.83688
393 G	0.15762	0.00541	0.83696
394 A	0.15786	0.00490	0.83724
395 C	0.15824	0.00425	0.8375
396 T	0.15877	0.00368	0.83755
397 T	0.15937	0.00307	0.83757
398 A	0.15977	0.00266	0.83757
399 T	0.16019	0.00222	0.83758
400 C	0.16039	0.00202	0.8376
401 C	0.16082	0.00155	0.83762
402 T	0.16096	0.00142	0.83762
403 A	0.16102	0.00139	0.83759
404 T	0.16112	0.00130	0.83758
405 T	0.16112	0.00132	0.83756
406 T	0.16110	0.00135	0.83756
407 T	0.16103	0.00139	0.83758
408 A	0.16097	0.00145	0.83759
409 A	0.16091	0.00146	0.83764
410 T	0.16085	0.00143	0.83771
411 G	0.16079	0.00139	0.83781
412 T	0.16074	0.00136	0.8379
413 C	0.16057	0.00145	0.83797
414 T	0.16033	0.00166	0.83801
415 T	0.16011	0.00187	0.83802
416 C	0.15990	0.00207	0.83803
417 G	0.15975	0.00225	0.838
418 G	0.15969	0.00239	0.83792
419 A	0.15966	0.00247	0.83787
420 T	0.15963	0.00257	0.8378
421 A	0.15958	0.00269	0.83773
422 T	0.15960	0.00263	0.83777
423 T	0.15958	0.00259	0.83784
424 T	0.15952	0.00261	0.83788
425 T	0.15945	0.00264	0.83791
426 A	0.15940	0.00266	0.83794
427 C	0.15940	0.00260	0.838
428 T	0.15940	0.00258	0.83802
429 T	0.15938	0.00258	0.83804
430 T	0.15934	0.00258	0.83808
431 A	0.15906	0.00283	0.83811
432 T	0.15888	0.00297	0.83816
433 G	0.15879	0.00294	0.83826
434 A	0.15876	0.00289	0.83835
435 T	0.15875	0.00271	0.83855
436 G	0.15872	0.00245	0.83883
437 C	0.15872	0.00212	0.83916
438 T	0.15874	0.00197	0.83929
439 G	0.15874	0.00191	0.83936
440 A	0.15877	0.00186	0.83937
441 T	0.15886	0.00174	0.83939
442 G	0.15892	0.00171	0.83937
443 T	0.15900	0.00163	0.83937
444 T	0.15906	0.00149	0.83945
445 G	0.15907	0.00152	0.83942
446 T	0.15905	0.00159	0.83936
447 T	0.15904	0.00168	0.83929
448 C	0.15900	0.00194	0.83906
449 T	0.15896	0.00355	0.83749
450 T	0.15890	0.00570	0.8354
451 T	0.15869	0.00907	0.83224
452 T	0.15805	0.01230	0.82965
453 A	0.15691	0.01380	0.8293
454 G	0.15644	0.01415	0.8294
455 G	0.15546	0.01523	0.82931
456 T	0.15468	0.01625	0.82907
457 C	0.15278	0.01880	0.82842
458 A	0.15089	0.02466	0.82445
459 A	0.15007	0.02609	0.82383
460 G	0.14965	0.02683	0.82352
461 A	0.14930	0.02777	0.82293
462 T	0.14904	0.02869	0.82227
463 C	0.14880	0.02981	0.82139
464 A	0.14859	0.03186	0.81955
465 A	0.14852	0.03224	0.81924
466 A	0.14852	0.03254	0.81894
467 A	0.14854	0.03265	0.81882
468 A	0.14861	0.03260	0.81879
469 C	0.14882	0.03233	0.81884
470 A	0.14905	0.03211	0.81884
471 A	0.14952	0.03156	0.81892
472 C	0.15133	0.02964	0.81903
473 A	0.15344	0.02750	0.81906
474 T	0.15660	0.02422	0.81918
475 T	0.15865	0.02150	0.81985
476 T	0.15892	0.02034	0.82074
477 A	0.15899	0.02018	0.82083
478 G	0.15924	0.01927	0.82149
479 A	0.15946	0.01880	0.82174
480 A	0.16016	0.01685	0.82298
481 T	0.16391	0.01142	0.82466
482 T	0.16468	0.01012	0.8252
483 A	0.16501	0.00946	0.82553
484 A	0.16572	0.00839	0.82589
485 C	0.16649	0.00719	0.82633
486 T	0.16741	0.00606	0.82652
487 C	0.16858	0.00485	0.82657
488 G	0.16884	0.00476	0.8264
489 T	0.16913	0.00497	0.8259
490 A	0.16918	0.00633	0.8245
491 T	0.16920	0.00657	0.82424
492 T	0.16914	0.00692	0.82394
493 T	0.16901	0.00703	0.82396
494 T	0.16879	0.00732	0.82389
495 A	0.16850	0.00767	0.82383
496 G	0.16827	0.00790	0.82382
497 C	0.16828	0.00792	0.82381
498 T	0.16840	0.00785	0.82376
499 A	0.16837	0.00800	0.82362
500 A	0.16864	0.00774	0.82362
501 T	0.16916	0.00722	0.82361
502 C	0.16953	0.00694	0.82353
503 G	0.16989	0.00670	0.82341
504 T	0.17011	0.00676	0.82314
505 T	0.17028	0.00720	0.82252
506 T	0.17030	0.00758	0.82213
507 T	0.17026	0.00791	0.82183
508 A	0.17017	0.00839	0.82144
509 A	0.17021	0.00849	0.8213
510 T	0.17045	0.00830	0.82125
511 A	0.17060	0.00821	0.82119
512 A	0.17108	0.00772	0.8212
513 T	0.17244	0.00630	0.82126
514 T	0.17274	0.00600	0.82127
515 T	0.17291	0.00578	0.82131
516 A	0.17293	0.00573	0.82135
517 T	0.17303	0.00551	0.82146
518 A	0.17306	0.00532	0.82161
519 T	0.17312	0.00510	0.82178
520 G	0.17316	0.00519	0.82166
521 G	0.17322	0.00553	0.82125
522 T	0.17334	0.00578	0.82089
523 A	0.17330	0.00585	0.82085
524 A	0.17336	0.00578	0.82086
525 T	0.17363	0.00545	0.82092
526 A	0.17381	0.00523	0.82096
527 C	0.17417	0.00477	0.82106
528 T	0.17498	0.00393	0.82108
529 T	0.17541	0.00354	0.82105
530 T	0.17561	0.00348	0.82091
531 T	0.17580	0.00342	0.82079
532 G	0.17582	0.00351	0.82068
533 T	0.17579	0.00384	0.82037
534 T	0.17568	0.00400	0.82032
535 G	0.17542	0.00426	0.82032
536 T	0.17538	0.00430	0.82032
537 T	0.17531	0.00437	0.82032
538 C	0.17510	0.00460	0.8203
539 C	0.17500	0.00480	0.82019
540 T	0.17499	0.00530	0.81971
541 A	0.17491	0.00601	0.81908
542 A	0.17498	0.00667	0.81836
543 A	0.17511	0.00715	0.81774
544 T	0.17557	0.00697	0.81746
545 T	0.17593	0.00683	0.81724
546 T	0.17583	0.00694	0.81724
547 T	0.17538	0.00756	0.81707
548 T	0.17454	0.00869	0.81677
549 A	0.17320	0.01038	0.81642
550 C	0.17280	0.01117	0.81603
551 A	0.17260	0.01228	0.81512
552 A	0.17256	0.01269	0.81475
553 T	0.17272	0.01269	0.81459
554 T	0.17282	0.01277	0.81441
555 A	0.17236	0.01351	0.81413
556 G	0.17258	0.01314	0.81428
557 G	0.17269	0.01281	0.8145
558 T	0.17277	0.01243	0.81479
559 T	0.17283	0.01227	0.8149
560 C	0.17288	0.01216	0.81496
561 T	0.17296	0.01238	0.81466
562 A	0.17300	0.01291	0.81409
563 T	0.17336	0.01273	0.81391
564 G	0.17377	0.01258	0.81364
565 A	0.17445	0.01251	0.81303
566 T	0.17505	0.01244	0.81251
567 T	0.17509	0.01327	0.81163
568 A	0.17446	0.01431	0.81122
569 A	0.17300	0.01609	0.81091
570 A	0.17248	0.01675	0.81077
571 T	0.17229	0.01692	0.81079
572 C	0.17094	0.01835	0.81071
573 T	0.16919	0.02456	0.80626
574 T	0.16667	0.02777	0.80556
575 T	0.16159	0.03417	0.80424
576 A	0.14370	0.05489	0.80142
577 A	0.13525	0.06602	0.79873
578 C	0.13266	0.06946	0.79787
579 T	0.12949	0.07429	0.79622
580 G	0.12250	0.08182	0.79568
581 A	0.11596	0.08918	0.79485
582 T	0.11175	0.09355	0.7947
583 C	0.10440	0.10124	0.79435
584 C	0.09909	0.10754	0.79337
585 T	0.09581	0.11280	0.79139
586 C	0.09190	0.11926	0.78884
587 A	0.08892	0.12774	0.78333
588 A	0.08752	0.13131	0.78117
589 A	0.08672	0.13400	0.77929
590 A	0.08677	0.13473	0.77851
591 A	0.08630	0.13536	0.77834
592 A	0.08629	0.13436	0.77936
593 A	0.08671	0.13364	0.77965
594 A	0.08696	0.13290	0.78013
595 A	0.08758	0.13138	0.78105
596 T	0.09104	0.12426	0.7847
597 G	0.09004	0.12257	0.7874
598 A	0.09008	0.12091	0.78902
599 G	0.09215	0.10502	0.80283
600 T	0.09438	0.09716	0.80845
601 A	0.09493	0.09620	0.80886
602 A	0.09609	0.09297	0.81095
603 A	0.09672	0.08657	0.81671
604 A	0.09768	0.07758	0.82474
605 G	0.09939	0.06873	0.83188
606 T	0.10236	0.05760	0.84003
607 T	0.10605	0.04850	0.84544
608 C	0.10748	0.04405	0.84848
609 T	0.10903	0.04183	0.84914
610 T	0.10850	0.04360	0.8479
611 A	0.10021	0.05544	0.84434
612 T	0.09521	0.06382	0.84098
613 G	0.08440	0.09104	0.82456
614 A	0.07832	0.10654	0.81515
615 A	0.07477	0.11466	0.81056
616 A	0.07165	0.12159	0.80676
617 A	0.07174	0.12288	0.80538
618 T	0.07371	0.12153	0.80475
619 A	0.07349	0.12121	0.8053
620 G	0.07514	0.11783	0.80703
621 T	0.07843	0.11337	0.80821
622 T	0.07874	0.11245	0.80881
623 C	0.07824	0.11258	0.80918
624 T	0.07696	0.11411	0.80893
625 G	0.07370	0.11776	0.80853
626 A	0.07228	0.11960	0.80811
627 T	0.07118	0.12086	0.80797
628 G	0.06940	0.12280	0.8078
629 A	0.06818	0.12416	0.80766
630 T	0.06796	0.12410	0.80794
631 A	0.06639	0.12549	0.80813
632 A	0.06641	0.12492	0.80867
633 A	0.06869	0.12001	0.8113
634 G	0.07307	0.10665	0.82028
635 G	0.07774	0.09612	0.82614
636 T	0.09577	0.06845	0.83579
637 T	0.10503	0.05385	0.84111
638 G	0.10906	0.04701	0.84393
639 T	0.11299	0.04057	0.84643
640 A	0.11384	0.03965	0.8465
641 T	0.11515	0.03749	0.84737
642 T	0.11418	0.03789	0.84794
643 T	0.11370	0.03882	0.84749
644 A	0.11317	0.04024	0.8466
645 T	0.11308	0.04011	0.8468
646 A	0.11277	0.04015	0.84708
647 T	0.11268	0.03866	0.84865
648 T	0.11162	0.03894	0.84944
649 T	0.10918	0.04377	0.84705
650 T	0.10625	0.05464	0.8391
651 A	0.10259	0.07311	0.8243
652 G	0.09910	0.09080	0.81009
653 A	0.09743	0.11643	0.78614
654 A	0.09697	0.13790	0.76513
655 A	0.09659	0.16364	0.73976
656 A	0.09273	0.19416	0.7131
657 T	0.09062	0.22275	0.68663
658 T	0.08754	0.24683	0.66563
659 T	0.08459	0.26782	0.64759
660 A	0.08055	0.28869	0.63076
661 A	0.07932	0.29746	0.62323
662 A	0.07863	0.30225	0.61912
663 T	0.07845	0.30434	0.61722
664 A	0.07623	0.31130	0.61247
665 T	0.07518	0.31912	0.6057
666 G	0.07225	0.33038	0.59737
667 A	0.07152	0.34212	0.58637
668 T	0.07100	0.35327	0.57573
669 A	0.06930	0.35735	0.57335
670 A	0.06913	0.35750	0.57337
671 A	0.07065	0.35463	0.57472
672 G	0.07293	0.34966	0.57741
673 C	0.08142	0.33920	0.57938
674 A	0.09758	0.32281	0.57961
675 A	0.11371	0.30598	0.58031
676 A	0.13672	0.28344	0.57983
677 A	0.15893	0.26106	0.58001
678 A	0.18795	0.23144	0.58061
679 A	0.22245	0.19094	0.58662
680 T	0.26137	0.14613	0.5925
681 T	0.28365	0.11910	0.59725
682 T	0.29614	0.10464	0.59922
683 T	0.30011	0.10149	0.5984
684 A	0.28531	0.12435	0.59034
685 A	0.26837	0.14166	0.58997
686 A	0.24614	0.16371	0.59015
687 A	0.23392	0.17347	0.59261
688 T	0.23257	0.17299	0.59444
689 C	0.23091	0.17178	0.59731
690 A	0.22845	0.17717	0.59438
691 G	0.23166	0.17305	0.59529
692 T	0.23085	0.17324	0.59592
693 T	0.22313	0.18183	0.59504
694 A	0.20493	0.20224	0.59282
695 C	0.19473	0.21218	0.59309
696 T	0.18917	0.22189	0.58894
697 G	0.17504	0.23744	0.58752
698 A	0.16699	0.24666	0.58635
699 T	0.16223	0.25187	0.5859
700 T	0.15038	0.26470	0.58492
701 C	0.13557	0.27984	0.58458
702 A	0.12510	0.29231	0.58259
703 G	0.12087	0.29723	0.5819
704 G	0.11891	0.29985	0.58124
705 A	0.11884	0.30042	0.58073
706 A	0.12146	0.29787	0.58068
707 A	0.12942	0.27568	0.59489
708 A	0.13132	0.25627	0.61241
709 G	0.13320	0.22946	0.63734
710 A	0.13479	0.21380	0.65141
711 T	0.13659	0.20544	0.65797
712 A	0.13707	0.21435	0.64858
713 T	0.13801	0.22717	0.63482
714 A	0.13756	0.24798	0.61446
715 A	0.13818	0.25928	0.60254
716 A	0.13995	0.25926	0.6008
717 A	0.14276	0.24673	0.61051
718 T	0.14521	0.23954	0.61524
719 A	0.14872	0.23400	0.61728
720 T	0.15072	0.21857	0.63071
721 G	0.15148	0.21498	0.63353
722 A	0.15224	0.22027	0.62749
723 T	0.15309	0.22033	0.62659
724 T	0.15268	0.23053	0.61679
725 T	0.14989	0.24786	0.60225
726 A	0.14354	0.26539	0.59107
727 G	0.13740	0.28782	0.57478
728 A	0.13431	0.30121	0.56448
729 A	0.13437	0.30999	0.55564
730 C	0.13529	0.31361	0.5511
731 A	0.13619	0.32358	0.54023
732 A	0.13872	0.32210	0.53918
733 A	0.14446	0.31629	0.53926
734 A	0.15349	0.30710	0.5394
735 A	0.17179	0.28838	0.53982
736 C	0.20062	0.25649	0.54288
737 C	0.22710	0.22908	0.54382
738 T	0.24562	0.21150	0.54288
739 G	0.25286	0.20544	0.5417
740 G	0.26010	0.19892	0.54098
741 T	0.27006	0.18965	0.54029
742 T	0.27505	0.18516	0.53979
743 T	0.27744	0.18269	0.53987
744 A	0.28110	0.17878	0.54011
745 A	0.29272	0.16662	0.54066
746 G	0.30329	0.15390	0.54281
747 T	0.32354	0.13089	0.54557
748 A	0.34022	0.11061	0.54918
749 A	0.35562	0.08944	0.55494
750 T	0.37741	0.06131	0.56128
751 C	0.38853	0.04653	0.56493
752 T	0.39657	0.03744	0.56599
753 T	0.39918	0.03435	0.56647
754 T	0.40154	0.03210	0.56636
755 T	0.39097	0.04394	0.56509
756 A	0.35998	0.07804	0.56198
757 A	0.33553	0.10484	0.55964
758 A	0.32720	0.11425	0.55855
759 T	0.32457	0.11709	0.55833
760 A	0.31941	0.12312	0.55746
761 T	0.31977	0.12241	0.55781
762 T	0.31968	0.12216	0.55816
763 T	0.31852	0.12265	0.55883
764 A	0.31713	0.12355	0.55932
765 T	0.31712	0.12152	0.56136
766 T	0.31660	0.11986	0.56353
767 C	0.31550	0.11806	0.56645
768 T	0.31514	0.11753	0.56733
769 C	0.31399	0.11844	0.56757
770 T	0.31325	0.11941	0.56734
771 T	0.31223	0.12103	0.56675
772 T	0.30998	0.12446	0.56555
773 T	0.30709	0.12822	0.56469
774 G	0.30159	0.13535	0.56305
775 A	0.29997	0.13933	0.5607
776 A	0.29963	0.13843	0.56194
777 A	0.29995	0.13470	0.56536
778 A	0.30139	0.12218	0.57644
779 A	0.30486	0.09193	0.60321
780 T	0.30769	0.06637	0.62594
781 T	0.30821	0.06861	0.62319
782 G	0.30733	0.08766	0.60501
783 T	0.30765	0.10301	0.58934
784 G	0.30654	0.13160	0.56187
785 A	0.30501	0.15074	0.54425
786 T	0.30436	0.15857	0.53707
787 T	0.30300	0.16775	0.52924
788 T	0.30105	0.18124	0.51772
789 A	0.29834	0.19995	0.5017
790 A	0.29587	0.21590	0.48823
791 A	0.29481	0.23313	0.47206
792 T	0.29439	0.25760	0.44802
793 G	0.29289	0.27274	0.43438
794 A	0.29084	0.28388	0.42528
795 T	0.29004	0.28660	0.42336
796 A	0.28811	0.28986	0.42203
797 C	0.28811	0.28734	0.42455
798 T	0.29035	0.28846	0.42119
799 A	0.29057	0.29172	0.41771
800 T	0.29169	0.29236	0.41596
801 A	0.29254	0.29279	0.41467
802 A	0.29425	0.29204	0.41371
803 A	0.29851	0.28754	0.41394
804 A	0.31637	0.26898	0.41465
805 T	0.34700	0.23728	0.41572
806 A	0.36889	0.21646	0.41465
807 T	0.40054	0.18306	0.4164
808 T	0.41526	0.16553	0.4192
809 T	0.42095	0.15833	0.42072
810 T	0.42383	0.15407	0.4221
811 C	0.42786	0.14883	0.42332
812 A	0.43789	0.13827	0.42384
813 A	0.45015	0.12481	0.42504
814 A	0.46718	0.10714	0.42567
815 A	0.49377	0.07997	0.42627
816 T	0.51530	0.05703	0.42768
817 T	0.52661	0.04179	0.43159
818 T	0.52994	0.03583	0.43423
819 T	0.52959	0.03356	0.43685
820 T	0.52436	0.03865	0.43699
821 C	0.51210	0.05290	0.43501
822 T	0.49477	0.08496	0.42027
823 T	0.45943	0.13052	0.41005
824 A	0.36664	0.23114	0.40223
825 T	0.31267	0.29179	0.39554
826 A	0.25555	0.35761	0.38684
827 A	0.21590	0.40025	0.38385
828 A	0.20323	0.41353	0.38324
829 A	0.19820	0.41921	0.3826
830 T	0.19721	0.41981	0.38297
831 G	0.18948	0.42697	0.38355
832 C	0.18464	0.43128	0.38408
833 T	0.17847	0.43833	0.38321
834 T	0.16187	0.45547	0.38266
835 A	0.14140	0.47665	0.38195
836 A	0.12759	0.49122	0.38119
837 A	0.11905	0.50046	0.38049
838 G	0.11487	0.50348	0.38165
839 A	0.11086	0.50735	0.38179
840 A	0.10895	0.50824	0.38281
841 G	0.10867	0.50504	0.38628
842 A	0.10924	0.50112	0.38965
843 A	0.11201	0.49025	0.39773
844 A	0.11850	0.45907	0.42243
845 T	0.13766	0.40055	0.46179
846 T	0.14771	0.33973	0.51256
847 G	0.15207	0.24157	0.60636
848 C	0.15605	0.19274	0.65122
849 T	0.16149	0.15887	0.67964
850 G	0.16260	0.14328	0.69412
851 A	0.16306	0.14538	0.69156
852 T	0.16503	0.14514	0.68983
853 T	0.16563	0.15109	0.68328
854 T	0.16529	0.14707	0.68763
855 A	0.16247	0.15502	0.6825
856 T	0.16171	0.15292	0.68537
857 T	0.15878	0.14394	0.69727
858 A	0.15538	0.14259	0.70203
859 G	0.15377	0.14314	0.70309
860 T	0.15265	0.15223	0.69513
861 A	0.14796	0.18631	0.66573
862 G	0.14395	0.21579	0.64027
863 A	0.13082	0.28520	0.58398
864 A	0.11388	0.37534	0.51078
865 G	0.09864	0.45362	0.44774
866 A	0.09000	0.57961	0.33039
867 A	0.08575	0.62611	0.28814
868 A	0.08428	0.64718	0.26854
869 T	0.08515	0.65532	0.25953
870 T	0.08372	0.66308	0.2532
871 A	0.08040	0.67329	0.2463
872 A	0.08160	0.67469	0.24371
873 A	0.08775	0.66999	0.24227
874 A	0.09819	0.66053	0.24128
875 T	0.11150	0.64676	0.24174
876 T	0.12089	0.63641	0.2427
877 A	0.12523	0.63084	0.24393
878 T	0.13553	0.61731	0.24716
879 T	0.13932	0.61163	0.24905
880 C	0.13544	0.61289	0.25167
881 A	0.13351	0.61401	0.25248
882 A	0.13455	0.61279	0.25266
883 G	0.14139	0.60645	0.25216
884 A	0.15885	0.58993	0.25123
885 A	0.17849	0.57005	0.25146
886 A	0.23173	0.50542	0.26286
887 A	0.31397	0.40724	0.27879
888 A	0.38961	0.31502	0.29537
889 T	0.51466	0.17805	0.30729
890 T	0.55076	0.13611	0.31313
891 T	0.55855	0.12661	0.31484
892 T	0.53829	0.14723	0.31448
893 A	0.49614	0.18803	0.31582
894 T	0.48539	0.19571	0.3189
895 G	0.45971	0.22088	0.3194
896 A	0.44331	0.23819	0.3185
897 T	0.43269	0.24889	0.31842
898 T	0.39165	0.29338	0.31497
899 T	0.31556	0.37622	0.30822
900 A	0.23668	0.46877	0.29455
901 G	0.16613	0.55598	0.27789
902 A	0.13409	0.60981	0.2561
903 A	0.10937	0.64577	0.24487
904 A	0.09566	0.66233	0.24201
905 A	0.08373	0.67063	0.24563
906 A	0.07775	0.67237	0.24988
907 A	0.07855	0.66185	0.2596
908 A	0.07940	0.65122	0.26939
909 T	0.08078	0.64264	0.27658
910 G	0.08110	0.63829	0.28061
911 T	0.08269	0.63349	0.28382
912 T	0.08309	0.63247	0.28444
913 A	0.08264	0.63231	0.28504
914 A	0.08295	0.62738	0.28967
915 T	0.08454	0.59995	0.31551
916 T	0.08422	0.56437	0.35141
917 T	0.08059	0.56932	0.35009
918 A	0.07281	0.55889	0.36831
919 G	0.07131	0.54038	0.38831
920 A	0.07126	0.51821	0.41053
921 A	0.07621	0.45478	0.46901
922 C	0.08651	0.36627	0.54721
923 A	0.10129	0.31771	0.581
924 A	0.12024	0.26538	0.61438
925 A	0.14306	0.24052	0.61643
926 T	0.16004	0.22042	0.61954
927 T	0.16878	0.24255	0.58867
928 T	0.16931	0.27354	0.55714
929 T	0.16484	0.34324	0.49192
930 A	0.14857	0.47545	0.37597
931 A	0.13780	0.55027	0.31193
932 A	0.12868	0.60322	0.26811
933 A	0.09557	0.67150	0.23293
934 A	0.08509	0.69919	0.21572
935 A	0.07840	0.72413	0.19747
936 A	0.07089	0.75917	0.16994
937 G	0.06948	0.76074	0.16978
938 G	0.06991	0.76191	0.16819
939 A	0.07641	0.75472	0.16887
940 A	0.09022	0.73744	0.17233
941 C	0.09563	0.72417	0.1802
942 T	0.10107	0.71887	0.18006
943 C	0.09981	0.72334	0.17685
944 A	0.09751	0.73381	0.16867
945 A	0.09528	0.74194	0.16277
946 A	0.09877	0.73944	0.16179
947 A	0.10728	0.73082	0.16189
948 A	0.13619	0.70122	0.16259
949 G	0.17235	0.66232	0.16533
950 C	0.23141	0.60016	0.16843
951 A	0.26925	0.56349	0.16726
952 A	0.33500	0.49416	0.17083
953 T	0.42906	0.38898	0.18196
954 A	0.43365	0.37851	0.18785
955 A	0.43348	0.37309	0.19343
956 C	0.41121	0.35600	0.23279
957 A	0.37988	0.38773	0.23239
958 A	0.36013	0.40176	0.23811
959 T	0.34745	0.41001	0.24254
960 A	0.30096	0.45764	0.2414
961 G	0.26721	0.48832	0.24447
962 C	0.25429	0.49461	0.25109
963 T	0.24663	0.50106	0.25231
964 G	0.22497	0.52202	0.25302
965 A	0.21682	0.53043	0.25276
966 T	0.21858	0.52495	0.25647
967 C	0.21520	0.52645	0.25836
968 G	0.20880	0.53369	0.25751
969 T	0.20030	0.54774	0.25195
970 A	0.17785	0.59899	0.22316
971 A	0.15166	0.63750	0.21085
972 A	0.13779	0.65634	0.20587
973 A	0.12852	0.65977	0.21171
974 T	0.12472	0.64337	0.23191
975 A	0.11268	0.64764	0.23969
976 A	0.10675	0.64438	0.24887
977 A	0.10249	0.61523	0.28229
978 A	0.09530	0.59007	0.31464
979 G	0.09343	0.53026	0.37631
980 A	0.10117	0.48926	0.40957
981 A	0.10314	0.46159	0.43526
982 G	0.10768	0.42591	0.46641
983 T	0.11352	0.39047	0.49601
984 T	0.11117	0.39050	0.49832
985 A	0.10488	0.41499	0.48013
986 G	0.09250	0.45991	0.44759
987 A	0.08369	0.53130	0.38501
988 A	0.07290	0.63598	0.29112
989 A	0.06519	0.68028	0.25453
990 A	0.06514	0.69666	0.2382
991 A	0.06782	0.71810	0.21409
992 A	0.07646	0.70400	0.21954
993 A	0.10283	0.65843	0.23874
994 T	0.11510	0.62089	0.26401
995 T	0.11950	0.60322	0.27729
996 A	0.12065	0.59353	0.28583
997 G	0.12228	0.58407	0.29365
998 G	0.12591	0.57007	0.30402
999 A	0.12963	0.56104	0.30933
1000 A	0.13605	0.54952	0.31443
1001 T	0.14591	0.53129	0.3228
1002 A	0.15004	0.52324	0.32672
1003 G	0.16192	0.50821	0.32987
1004 A	0.17928	0.48879	0.33194
1005 T	0.20423	0.46111	0.33466
1006 A	0.22061	0.44236	0.33703
1007 T	0.26211	0.39571	0.34218
1008 A	0.28883	0.36245	0.34872
1009 A	0.32899	0.31028	0.36074
1010 A	0.39751	0.23175	0.37074
1011 T	0.50877	0.10733	0.3839
1012 T	0.54694	0.06033	0.39272
1013 A	0.56822	0.03520	0.39658
1014 A	0.59830	0.00000	0.4017
