# lcl|CP097583.1_cds_USQ93433.1_1
# AA	inside	membr	outside
1 A	0.50547	0.00000	0.49453
2 T	0.50433	0.00115	0.49453
3 G	0.50390	0.00157	0.49453
4 T	0.50390	0.01466	0.48144
5 T	0.49650	0.03271	0.4708
6 G	0.49650	0.03621	0.46729
7 T	0.47383	0.05950	0.46667
8 A	0.47383	0.05952	0.46666
9 T	0.46892	0.06464	0.46645
10 G	0.46889	0.10284	0.42827
11 C	0.46527	0.11167	0.42306
12 A	0.38677	0.19977	0.41346
13 G	0.33230	0.27652	0.39118
14 A	0.33229	0.27653	0.39118
15 A	0.33229	0.36276	0.30495
16 G	0.33213	0.36292	0.30495
17 T	0.33199	0.36358	0.30443
18 A	0.33198	0.36519	0.30283
19 A	0.33187	0.36641	0.30172
20 T	0.33133	0.37674	0.29193
21 A	0.32476	0.38329	0.29194
22 G	0.32480	0.38385	0.29135
23 T	0.32576	0.38379	0.29045
24 T	0.32597	0.38579	0.28824
25 G	0.32501	0.38933	0.28566
26 A	0.32572	0.39691	0.27736
27 T	0.33666	0.39032	0.27302
28 A	0.34230	0.39811	0.2596
29 A	0.34479	0.41457	0.24064
30 T	0.34809	0.40670	0.24521
31 A	0.34751	0.42782	0.22467
32 A	0.34634	0.43378	0.21989
33 A	0.38071	0.39668	0.22261
34 A	0.39097	0.37943	0.2296
35 T	0.42675	0.27261	0.30064
36 T	0.44924	0.20479	0.34597
37 C	0.45011	0.20298	0.34692
38 C	0.49345	0.16256	0.34398
39 T	0.49308	0.17500	0.33192
40 A	0.49237	0.18758	0.32004
41 A	0.49272	0.18976	0.31753
42 T	0.49411	0.18915	0.31675
43 T	0.50076	0.18276	0.31648
44 T	0.49212	0.18653	0.32135
45 A	0.48034	0.19787	0.32179
46 A	0.47423	0.20321	0.32256
47 G	0.47189	0.20404	0.32407
48 C	0.47759	0.19651	0.32589
49 C	0.48635	0.18820	0.32545
50 A	0.49724	0.17801	0.32476
51 A	0.51790	0.15708	0.32502
52 T	0.54103	0.13386	0.32511
53 G	0.54858	0.12688	0.32455
54 T	0.56830	0.10673	0.32497
55 T	0.57364	0.09938	0.32697
56 T	0.57245	0.09804	0.32951
57 T	0.56904	0.10073	0.33024
58 G	0.56038	0.10958	0.33004
59 A	0.55881	0.11079	0.3304
60 T	0.56015	0.10732	0.33253
61 T	0.56256	0.10468	0.33277
62 A	0.56750	0.10063	0.33187
63 T	0.57405	0.09562	0.33033
64 T	0.56963	0.10309	0.32728
65 T	0.56230	0.11755	0.32014
66 A	0.54616	0.13448	0.31936
67 A	0.54083	0.13091	0.32827
68 T	0.53722	0.12306	0.33973
69 T	0.52648	0.12645	0.34707
70 C	0.51093	0.13776	0.35131
71 C	0.49986	0.14839	0.35175
72 T	0.49673	0.15203	0.35124
73 G	0.48994	0.15970	0.35037
74 A	0.48604	0.16501	0.34894
75 A	0.48507	0.16706	0.34787
76 T	0.48579	0.16733	0.34688
77 A	0.48192	0.17222	0.34585
78 T	0.48015	0.17022	0.34963
79 T	0.47618	0.17516	0.34866
80 T	0.46531	0.18964	0.34504
81 A	0.43152	0.24365	0.32483
82 G	0.41348	0.27949	0.30703
83 A	0.40336	0.31587	0.28078
84 A	0.38957	0.34743	0.26301
85 A	0.38610	0.36386	0.25004
86 A	0.38464	0.37627	0.23909
87 A	0.38719	0.38999	0.22282
88 A	0.39390	0.38500	0.2211
89 T	0.39596	0.37593	0.22811
90 A	0.39562	0.37346	0.23091
91 G	0.39559	0.36690	0.23751
92 T	0.39592	0.35712	0.24696
93 T	0.39555	0.35250	0.25196
94 C	0.39211	0.35456	0.25333
95 A	0.39012	0.36802	0.24187
96 A	0.38992	0.37884	0.23124
97 A	0.38991	0.38558	0.22452
98 G	0.39003	0.38829	0.22168
99 A	0.39130	0.38905	0.21965
100 G	0.39439	0.37811	0.22751
101 G	0.39783	0.36767	0.2345
102 A	0.40337	0.35706	0.23957
103 A	0.41311	0.33676	0.25013
104 T	0.44013	0.27928	0.28059
105 G	0.45728	0.25056	0.29215
106 A	0.48050	0.22521	0.29429
107 G	0.49777	0.19480	0.30743
108 A	0.51357	0.17436	0.31207
109 G	0.52862	0.15523	0.31615
110 T	0.55313	0.12892	0.31795
111 C	0.56081	0.12013	0.31906
112 A	0.56748	0.11497	0.31755
113 T	0.57670	0.10629	0.31701
114 C	0.57819	0.10458	0.31723
115 A	0.58163	0.10112	0.31725
116 T	0.59191	0.09026	0.31783
117 T	0.59713	0.08135	0.32152
118 C	0.60337	0.07296	0.32366
119 C	0.61347	0.06329	0.32323
120 T	0.61899	0.05899	0.32202
121 T	0.61590	0.06736	0.31674
122 T	0.60157	0.08476	0.31366
123 T	0.58057	0.10956	0.30987
124 G	0.54256	0.15025	0.30718
125 G	0.47156	0.22432	0.30411
126 A	0.42661	0.27563	0.29776
127 A	0.39985	0.30786	0.29229
128 A	0.37456	0.33882	0.28661
129 T	0.36635	0.35171	0.28193
130 A	0.33428	0.39873	0.26699
131 A	0.32345	0.41447	0.26208
132 G	0.31459	0.42696	0.25845
133 A	0.31006	0.43139	0.25856
134 A	0.30914	0.43095	0.25991
135 T	0.31011	0.42719	0.2627
136 A	0.30946	0.42646	0.26408
137 C	0.30855	0.42360	0.26785
138 T	0.30706	0.42331	0.26963
139 G	0.30223	0.42725	0.27052
140 A	0.30000	0.42842	0.27158
141 A	0.29984	0.42632	0.27384
142 C	0.30109	0.42037	0.27853
143 G	0.30317	0.40708	0.28975
144 T	0.31093	0.38585	0.30322
145 T	0.31424	0.36358	0.32218
146 T	0.31625	0.34711	0.33664
147 A	0.31585	0.32874	0.3554
148 G	0.31669	0.25619	0.42712
149 G	0.32066	0.21168	0.46766
150 A	0.32546	0.18886	0.48568
151 T	0.33335	0.17512	0.49153
152 A	0.33744	0.19720	0.46536
153 T	0.35037	0.19342	0.45621
154 A	0.35253	0.22282	0.42465
155 T	0.35480	0.22727	0.41792
156 T	0.35342	0.24701	0.39956
157 T	0.35129	0.29167	0.35703
158 T	0.34807	0.32106	0.33087
159 A	0.33985	0.35715	0.303
160 A	0.33581	0.37386	0.29033
161 A	0.32941	0.38438	0.28621
162 A	0.32467	0.39688	0.27845
163 T	0.31983	0.41081	0.26936
164 T	0.30510	0.43788	0.25702
165 A	0.29092	0.47700	0.23209
166 A	0.28672	0.50060	0.21268
167 A	0.28438	0.51568	0.19994
168 A	0.28360	0.52285	0.19355
169 G	0.28390	0.52782	0.18828
170 A	0.28553	0.53741	0.17706
171 A	0.28706	0.54002	0.17291
172 A	0.29146	0.53619	0.17235
173 A	0.30529	0.52147	0.17323
174 A	0.33351	0.49240	0.17409
175 A	0.37516	0.44744	0.1774
176 C	0.41962	0.39745	0.18294
177 T	0.47370	0.34025	0.18605
178 C	0.49522	0.31631	0.18847
179 T	0.52074	0.29119	0.18806
180 T	0.54841	0.26410	0.18749
181 G	0.55672	0.25716	0.18612
182 T	0.57234	0.23652	0.19113
183 T	0.57414	0.23182	0.19404
184 G	0.57107	0.22756	0.20137
185 A	0.57630	0.21587	0.20783
186 A	0.57831	0.20671	0.21498
187 C	0.58740	0.18101	0.23159
188 C	0.60761	0.15273	0.23965
189 T	0.62641	0.13933	0.23426
190 A	0.63047	0.15053	0.21899
191 A	0.63308	0.16250	0.20441
192 A	0.61997	0.18762	0.19241
193 T	0.62729	0.18354	0.18917
194 A	0.62229	0.18893	0.18878
195 T	0.61892	0.18801	0.19307
196 A	0.61051	0.19839	0.1911
197 T	0.60446	0.20535	0.19019
198 T	0.59938	0.21246	0.18815
199 A	0.59093	0.22128	0.18779
200 A	0.58834	0.22321	0.18844
201 A	0.58783	0.22173	0.19043
202 T	0.58873	0.21857	0.1927
203 C	0.58933	0.21586	0.19481
204 T	0.59021	0.22141	0.18837
205 A	0.58987	0.22311	0.18702
206 T	0.58965	0.22104	0.18931
207 T	0.58866	0.21941	0.19194
208 A	0.58745	0.22086	0.19169
209 C	0.58720	0.21049	0.20231
210 A	0.58728	0.20808	0.20464
211 G	0.58938	0.20251	0.20811
212 A	0.59697	0.19327	0.20976
213 A	0.61220	0.17322	0.21458
214 A	0.62649	0.15532	0.21819
215 T	0.64097	0.11499	0.24405
216 T	0.64569	0.10062	0.25369
217 T	0.64824	0.08641	0.26535
218 T	0.64611	0.08397	0.26992
219 A	0.64369	0.08403	0.27227
220 G	0.63983	0.08992	0.27025
221 A	0.63726	0.10323	0.25951
222 T	0.63512	0.11423	0.25065
223 G	0.58747	0.16956	0.24297
224 A	0.57842	0.19832	0.22325
225 A	0.57653	0.20252	0.22094
226 A	0.57634	0.20138	0.22228
227 C	0.58435	0.19083	0.22482
228 T	0.58871	0.18515	0.22614
229 C	0.59040	0.18291	0.22669
230 C	0.59284	0.18034	0.22682
231 T	0.59575	0.17786	0.22639
232 T	0.59644	0.17731	0.22626
233 T	0.59661	0.17701	0.22638
234 T	0.59533	0.17838	0.22629
235 T	0.59292	0.18065	0.22643
236 T	0.58660	0.18587	0.22754
237 A	0.57701	0.19522	0.22777
238 A	0.57359	0.19818	0.22823
239 A	0.57139	0.19886	0.22976
240 C	0.57071	0.19498	0.23431
241 G	0.57133	0.19090	0.23777
242 A	0.57530	0.18622	0.23849
243 A	0.58202	0.17667	0.24131
244 G	0.59528	0.16039	0.24432
245 A	0.60829	0.14493	0.24677
246 G	0.61852	0.08217	0.2993
247 C	0.63843	0.05310	0.30847
248 T	0.64280	0.04775	0.30945
249 T	0.64384	0.04683	0.30933
250 T	0.64407	0.04744	0.30849
251 T	0.64395	0.04958	0.30647
252 T	0.64331	0.05411	0.30258
253 T	0.64200	0.06137	0.29663
254 T	0.63870	0.07936	0.28193
255 A	0.62463	0.16415	0.21121
256 T	0.61910	0.17189	0.20901
257 T	0.60741	0.18318	0.20942
258 A	0.59045	0.20151	0.20804
259 G	0.58413	0.20354	0.21233
260 C	0.58139	0.20453	0.21408
261 A	0.57984	0.21312	0.20704
262 G	0.57908	0.21635	0.20457
263 A	0.57870	0.22078	0.20052
264 A	0.57831	0.22435	0.19735
265 G	0.57866	0.22548	0.19587
266 A	0.57869	0.22727	0.19404
267 A	0.57882	0.23007	0.19111
268 A	0.57921	0.23751	0.18329
269 T	0.58021	0.24001	0.17978
270 A	0.58068	0.24243	0.17689
271 T	0.58185	0.24416	0.17399
272 T	0.58177	0.24685	0.17138
273 A	0.58119	0.25122	0.16759
274 A	0.58268	0.25369	0.16364
275 A	0.58785	0.24801	0.16414
276 A	0.59433	0.23853	0.16713
277 A	0.61068	0.21512	0.17419
278 T	0.68136	0.12344	0.19521
279 T	0.68714	0.10908	0.20378
280 C	0.68993	0.09563	0.21445
281 C	0.69390	0.08440	0.2217
282 T	0.69737	0.07959	0.22303
283 T	0.70276	0.07373	0.22351
284 T	0.70868	0.06733	0.22399
285 C	0.71086	0.06483	0.22431
286 A	0.71306	0.06258	0.22436
287 T	0.71711	0.05775	0.22514
288 C	0.71873	0.05595	0.22532
289 A	0.72131	0.05367	0.22502
290 A	0.72527	0.04954	0.22519
291 T	0.73623	0.03783	0.22594
292 T	0.74086	0.03266	0.22648
293 C	0.74396	0.02889	0.22715
294 T	0.74615	0.02553	0.22833
295 G	0.74702	0.02297	0.23002
296 C	0.74868	0.02035	0.23097
297 T	0.75181	0.01775	0.23044
298 T	0.75098	0.01969	0.22933
299 T	0.74855	0.02448	0.22697
300 A	0.74405	0.03395	0.22199
301 G	0.74020	0.04136	0.21844
302 T	0.73592	0.05223	0.21185
303 A	0.69054	0.10842	0.20104
304 T	0.66085	0.16228	0.17687
305 A	0.63211	0.19428	0.17361
306 T	0.60876	0.21869	0.17256
307 A	0.56924	0.25809	0.17268
308 A	0.55868	0.26803	0.17329
309 C	0.55379	0.27164	0.17457
310 A	0.55195	0.27338	0.17468
311 C	0.55144	0.27336	0.17519
312 T	0.55047	0.27422	0.17531
313 A	0.54919	0.27558	0.17524
314 T	0.54855	0.27621	0.17524
315 C	0.54741	0.27694	0.17565
316 A	0.54679	0.27724	0.17597
317 T	0.54659	0.27584	0.17757
318 G	0.54616	0.27475	0.17909
319 C	0.54595	0.27349	0.18056
320 C	0.54640	0.27254	0.18106
321 A	0.54708	0.27033	0.18259
322 A	0.54973	0.26577	0.18451
323 G	0.55511	0.25714	0.18775
324 G	0.55898	0.25096	0.19006
325 A	0.56602	0.23887	0.19511
326 G	0.57641	0.17099	0.2526
327 T	0.60082	0.10420	0.29498
328 T	0.60399	0.07311	0.3229
329 T	0.60437	0.06777	0.32785
330 T	0.60272	0.09223	0.30506
331 T	0.59844	0.12579	0.27577
332 T	0.59238	0.15264	0.25498
333 G	0.56674	0.20946	0.2238
334 A	0.56051	0.22198	0.2175
335 G	0.55851	0.23341	0.20808
336 T	0.55738	0.24954	0.19308
337 A	0.55465	0.26514	0.18021
338 C	0.55341	0.26961	0.17698
339 T	0.55003	0.28918	0.16079
340 T	0.54029	0.30308	0.15663
341 A	0.52930	0.31607	0.15462
342 T	0.52573	0.32066	0.1536
343 G	0.51811	0.32923	0.15265
344 C	0.51078	0.33746	0.15175
345 A	0.50386	0.35025	0.14589
346 A	0.49593	0.36215	0.14192
347 G	0.47350	0.38939	0.13712
348 A	0.45853	0.41264	0.12883
349 A	0.45143	0.43172	0.11686
350 A	0.44951	0.44076	0.10973
351 A	0.45355	0.44071	0.10574
352 A	0.47479	0.41777	0.10744
353 T	0.53792	0.34979	0.11229
354 T	0.56881	0.31340	0.11779
355 A	0.57998	0.29644	0.12358
356 C	0.59537	0.25756	0.14706
357 C	0.59942	0.25024	0.15035
358 A	0.60606	0.24618	0.14777
359 T	0.62608	0.22740	0.14652
360 T	0.63636	0.21667	0.14698
361 A	0.62555	0.22771	0.14674
362 T	0.62327	0.22672	0.15
363 T	0.59403	0.24264	0.16333
364 C	0.49253	0.33557	0.17191
365 A	0.37584	0.47675	0.1474
366 A	0.28073	0.58722	0.13205
367 G	0.23876	0.63738	0.12386
368 A	0.20734	0.67438	0.11828
369 A	0.17699	0.70524	0.11777
370 A	0.15451	0.70954	0.13595
371 A	0.14066	0.71141	0.14793
372 A	0.14304	0.70756	0.1494
373 G	0.14413	0.71605	0.13983
374 A	0.14241	0.73820	0.11938
375 A	0.14016	0.74767	0.11217
376 T	0.13776	0.75532	0.10692
377 T	0.13376	0.76234	0.1039
378 G	0.12516	0.77290	0.10194
379 A	0.11993	0.78347	0.0966
380 A	0.11648	0.78858	0.09494
381 T	0.11584	0.78579	0.09837
382 A	0.11081	0.78827	0.10092
383 A	0.10743	0.78538	0.10719
384 A	0.10410	0.76850	0.12739
385 G	0.10451	0.74680	0.14868
386 A	0.10743	0.70947	0.1831
387 A	0.11414	0.60955	0.27631
388 A	0.14127	0.47841	0.38032
389 T	0.16083	0.36621	0.47295
390 T	0.16658	0.33426	0.49917
391 A	0.14956	0.35041	0.50003
392 A	0.12639	0.36831	0.5053
393 A	0.11767	0.37250	0.50983
394 G	0.10838	0.38431	0.50731
395 A	0.11034	0.42175	0.46791
396 A	0.12606	0.46908	0.40486
397 T	0.15228	0.46928	0.37844
398 A	0.15898	0.51671	0.32431
399 T	0.16621	0.52330	0.3105
400 T	0.16469	0.53454	0.30077
401 T	0.15240	0.57053	0.27707
402 A	0.13923	0.63459	0.22617
403 A	0.13416	0.67600	0.18983
404 T	0.13317	0.68501	0.18182
405 T	0.12839	0.69654	0.17507
406 A	0.12103	0.71352	0.16545
407 A	0.11543	0.72571	0.15887
408 A	0.10383	0.74402	0.15215
409 A	0.09698	0.75853	0.14448
410 A	0.09503	0.77128	0.13368
411 A	0.09629	0.78186	0.12185
412 A	0.09993	0.78400	0.11607
413 A	0.11133	0.76927	0.1194
414 A	0.13737	0.72413	0.13851
415 G	0.15975	0.67666	0.16359
416 G	0.18212	0.64435	0.17352
417 G	0.21362	0.60731	0.17908
418 A	0.27396	0.55324	0.1728
419 T	0.35784	0.46876	0.17339
420 A	0.39554	0.43201	0.17245
421 T	0.45852	0.36350	0.17798
422 T	0.47743	0.33938	0.18319
423 A	0.48627	0.32189	0.19184
424 G	0.50411	0.28629	0.2096
425 C	0.54898	0.22750	0.22351
426 T	0.58789	0.18786	0.22425
427 T	0.59879	0.18117	0.22005
428 T	0.60399	0.18753	0.20848
429 A	0.58204	0.22739	0.19057
430 A	0.55498	0.26837	0.17665
431 A	0.54478	0.28493	0.1703
432 A	0.52570	0.32022	0.15408
433 G	0.52025	0.35453	0.12522
434 A	0.52696	0.36021	0.11283
435 T	0.53157	0.35977	0.10866
436 A	0.52090	0.37023	0.10887
437 T	0.51095	0.37966	0.10939
438 C	0.49803	0.39219	0.10977
439 A	0.49465	0.39614	0.10921
440 C	0.49841	0.39284	0.10875
441 T	0.50920	0.38243	0.10837
442 T	0.51078	0.38086	0.10836
443 T	0.50849	0.38317	0.10834
444 G	0.50241	0.38917	0.10843
445 C	0.49254	0.39856	0.1089
446 C	0.48648	0.40328	0.11024
447 T	0.48443	0.40518	0.11039
448 A	0.47985	0.40965	0.1105
449 C	0.47620	0.41296	0.11084
450 A	0.47502	0.41469	0.11029
451 G	0.48018	0.40746	0.11236
452 A	0.47344	0.38985	0.13671
453 G	0.47643	0.35890	0.16467
454 G	0.48704	0.33771	0.17525
455 A	0.50728	0.29794	0.19478
456 A	0.53512	0.26563	0.19924
457 T	0.54901	0.25559	0.1954
458 T	0.54861	0.25362	0.19777
459 A	0.53385	0.26716	0.199
460 T	0.51981	0.26963	0.21057
461 T	0.47672	0.30523	0.21805
462 C	0.40987	0.36864	0.22148
463 A	0.38234	0.39818	0.21947
464 A	0.37094	0.41083	0.21824
465 A	0.36217	0.41664	0.22119
466 C	0.35207	0.42187	0.22606
467 T	0.33996	0.43451	0.22553
468 T	0.32370	0.44923	0.22707
469 C	0.29623	0.49007	0.21369
470 A	0.27878	0.53195	0.18926
471 A	0.26844	0.56453	0.16703
472 A	0.25921	0.58888	0.15191
473 A	0.25115	0.61288	0.13598
474 A	0.22081	0.66373	0.11546
475 A	0.20029	0.67888	0.12083
476 A	0.19033	0.68358	0.1261
477 G	0.18360	0.69401	0.12239
478 A	0.18985	0.69702	0.11314
479 A	0.20601	0.68156	0.11244
480 A	0.22299	0.66946	0.10754
481 A	0.23283	0.65373	0.11344
482 T	0.24697	0.61803	0.13499
483 T	0.25218	0.58923	0.1586
484 A	0.25439	0.53795	0.20767
485 T	0.25532	0.48131	0.26337
486 C	0.25406	0.46883	0.27711
487 A	0.25404	0.46750	0.27846
488 A	0.25386	0.46574	0.2804
489 A	0.25339	0.45807	0.28855
490 A	0.25539	0.44383	0.30078
491 C	0.26133	0.42840	0.31027
492 T	0.27959	0.42151	0.29889
493 A	0.29021	0.49558	0.21422
494 A	0.30613	0.54776	0.14612
495 A	0.32538	0.55312	0.1215
496 A	0.34946	0.54575	0.10479
497 T	0.38189	0.47784	0.14026
498 T	0.40547	0.43162	0.16291
499 A	0.41528	0.41409	0.17063
500 T	0.42921	0.39359	0.1772
501 C	0.43894	0.38637	0.17468
502 A	0.44664	0.38158	0.17178
503 T	0.45704	0.37153	0.17144
504 T	0.46212	0.36673	0.17116
505 T	0.46251	0.36724	0.17025
506 C	0.46177	0.37202	0.16621
507 T	0.45685	0.38771	0.15544
508 A	0.44765	0.40568	0.14666
509 A	0.43926	0.42610	0.13464
510 A	0.42733	0.44610	0.12657
511 A	0.41554	0.48136	0.1031
512 A	0.40660	0.50065	0.09274
513 A	0.41291	0.49647	0.09062
514 G	0.42599	0.47401	0.10001
515 A	0.47120	0.42422	0.10457
516 T	0.58345	0.30461	0.11194
517 T	0.64855	0.23802	0.11343
518 C	0.66709	0.21961	0.1133
519 T	0.67806	0.20902	0.11292
520 C	0.66614	0.22076	0.1131
521 G	0.66159	0.22544	0.11297
522 T	0.65940	0.22794	0.11266
523 C	0.65613	0.23123	0.11264
524 C	0.65545	0.23187	0.11267
525 T	0.65227	0.23579	0.11193
526 T	0.63873	0.25078	0.11049
527 C	0.54825	0.34379	0.10796
528 A	0.45533	0.44878	0.0959
529 A	0.40177	0.50984	0.08839
530 T	0.38909	0.52020	0.09071
531 A	0.37488	0.52723	0.09789
532 G	0.36812	0.52536	0.10652
533 A	0.36469	0.51529	0.12002
534 A	0.37610	0.48741	0.13649
535 C	0.37771	0.46877	0.15351
536 C	0.35579	0.48857	0.15563
537 C	0.33365	0.51223	0.15411
538 G	0.31484	0.54112	0.14404
539 A	0.30295	0.56839	0.12866
540 A	0.29035	0.59317	0.11648
541 A	0.28697	0.60315	0.10988
542 T	0.28550	0.60730	0.10721
543 T	0.27680	0.60879	0.11441
544 A	0.25740	0.63546	0.10714
545 T	0.24553	0.64218	0.11229
546 A	0.20987	0.68908	0.10104
547 A	0.19057	0.71543	0.094
548 A	0.18361	0.71788	0.0985
549 A	0.17757	0.70554	0.11689
550 A	0.17234	0.61993	0.20773
551 A	0.17861	0.52680	0.29459
552 T	0.18343	0.46487	0.35171
553 C	0.18227	0.44591	0.37182
554 A	0.17970	0.44928	0.37103
555 A	0.17692	0.45300	0.37007
556 A	0.17445	0.45961	0.36595
557 A	0.16934	0.47288	0.35778
558 T	0.16750	0.48575	0.34676
559 A	0.16147	0.55715	0.28138
560 A	0.16153	0.59244	0.24603
561 A	0.16732	0.61082	0.22186
562 A	0.17952	0.60835	0.21212
563 T	0.19290	0.59028	0.21681
564 T	0.20086	0.58987	0.20927
565 A	0.20505	0.59941	0.19553
566 G	0.21550	0.58240	0.20209
567 T	0.22798	0.55519	0.21683
568 A	0.23045	0.54895	0.2206
569 T	0.24431	0.50954	0.24615
570 T	0.25452	0.48785	0.25763
571 A	0.25668	0.48277	0.26055
572 A	0.25593	0.47860	0.26547
573 T	0.25640	0.47152	0.27208
574 T	0.25656	0.47152	0.27193
575 T	0.25433	0.47537	0.2703
576 G	0.25073	0.48305	0.26622
577 A	0.25371	0.48831	0.25798
578 A	0.26232	0.48753	0.25016
579 A	0.27683	0.47614	0.24702
580 A	0.29911	0.44866	0.25223
581 A	0.32918	0.41574	0.25507
582 T	0.43529	0.30271	0.262
583 A	0.49215	0.24508	0.26277
584 C	0.54195	0.19104	0.26701
585 T	0.57209	0.16150	0.26641
586 T	0.58738	0.15164	0.26098
587 T	0.59671	0.14633	0.25696
588 T	0.60721	0.13992	0.25286
589 T	0.60917	0.14252	0.24831
590 G	0.60561	0.14947	0.24492
591 T	0.60769	0.15590	0.2364
592 T	0.60382	0.16785	0.22833
593 T	0.59445	0.18473	0.22082
594 A	0.52961	0.25697	0.21342
595 A	0.50095	0.29147	0.20757
596 A	0.48631	0.31041	0.20329
597 T	0.48109	0.32245	0.19646
598 G	0.45550	0.37164	0.17286
599 A	0.43702	0.44938	0.1136
600 A	0.41617	0.47810	0.10573
601 A	0.38683	0.51330	0.09987
602 A	0.34984	0.55558	0.09459
603 A	0.30799	0.60234	0.08967
604 C	0.28914	0.62253	0.08833
605 A	0.27847	0.63744	0.0841
606 A	0.27712	0.64094	0.08193
607 G	0.27958	0.63843	0.082
608 A	0.28554	0.63236	0.08211
609 T	0.29427	0.62295	0.08278
610 T	0.29980	0.61239	0.08781
611 C	0.30321	0.60484	0.09195
612 A	0.30662	0.60002	0.09336
613 A	0.31358	0.58839	0.09804
614 T	0.32449	0.56999	0.10553
615 T	0.33077	0.55698	0.11226
616 T	0.33411	0.54766	0.11823
617 G	0.33437	0.49261	0.17302
618 G	0.33677	0.46428	0.19896
619 A	0.33994	0.45196	0.20809
620 A	0.34676	0.44077	0.21247
621 A	0.37089	0.39775	0.23137
622 A	0.42954	0.32113	0.24933
623 A	0.44229	0.28277	0.27493
624 A	0.45179	0.24095	0.30726
625 A	0.46150	0.18906	0.34944
626 T	0.47132	0.13004	0.39865
627 T	0.47428	0.10637	0.41935
628 T	0.47277	0.10029	0.42693
629 C	0.46798	0.10358	0.42844
630 T	0.46359	0.11335	0.42306
631 T	0.45395	0.13412	0.41193
632 G	0.43037	0.16864	0.40099
633 G	0.40422	0.20267	0.3931
634 G	0.38638	0.22600	0.38763
635 G	0.38105	0.24645	0.37251
636 T	0.38001	0.26712	0.35287
637 A	0.37447	0.29504	0.33049
638 G	0.37354	0.30801	0.31846
639 T	0.37630	0.31630	0.30741
640 T	0.37478	0.33716	0.28807
641 A	0.37031	0.34263	0.28706
642 T	0.37160	0.34074	0.28766
643 A	0.36756	0.34577	0.28666
644 A	0.36806	0.34495	0.287
645 C	0.37076	0.34125	0.28799
646 A	0.37428	0.34009	0.28563
647 A	0.38063	0.33432	0.28505
648 T	0.38485	0.32989	0.28526
649 T	0.38817	0.32653	0.2853
650 A	0.39165	0.32283	0.28551
651 T	0.40572	0.30018	0.2941
652 T	0.41257	0.28382	0.3036
653 T	0.41815	0.27183	0.31002
654 A	0.42425	0.25754	0.31821
655 T	0.43626	0.22595	0.3378
656 T	0.44198	0.19832	0.35969
657 A	0.44439	0.18232	0.3733
658 T	0.45974	0.16197	0.37829
659 A	0.47753	0.14402	0.37845
660 T	0.49968	0.11750	0.38282
661 T	0.50693	0.10947	0.38361
662 A	0.50686	0.11570	0.37745
663 T	0.51938	0.10917	0.37146
664 G	0.51802	0.12150	0.36049
665 A	0.51921	0.13335	0.34744
666 T	0.52203	0.13854	0.33943
667 T	0.52328	0.14435	0.33237
668 G	0.52222	0.15888	0.3189
669 T	0.52176	0.17626	0.30197
670 T	0.47429	0.27100	0.2547
671 A	0.40203	0.38435	0.21363
672 T	0.37898	0.42511	0.19592
673 G	0.33423	0.48347	0.1823
674 A	0.30227	0.53653	0.16119
675 A	0.26113	0.59362	0.14525
676 A	0.23360	0.63985	0.12656
677 A	0.22197	0.67605	0.10198
678 T	0.21545	0.69291	0.09164
679 A	0.20093	0.71272	0.08635
680 A	0.18833	0.72928	0.08239
681 A	0.17830	0.73992	0.08179
682 A	0.17719	0.73755	0.08526
683 T	0.17924	0.73207	0.08868
684 A	0.18071	0.72546	0.09382
685 G	0.19022	0.70652	0.10325
686 C	0.20560	0.68694	0.10747
687 C	0.22474	0.66603	0.10923
688 A	0.24047	0.65479	0.10474
689 T	0.25987	0.63870	0.10142
690 A	0.27021	0.63362	0.09618
691 T	0.28646	0.62018	0.09337
692 A	0.30009	0.60517	0.09474
693 T	0.35390	0.48033	0.16577
694 T	0.39528	0.36384	0.24087
695 T	0.41198	0.32768	0.26035
696 A	0.41590	0.30363	0.28047
697 A	0.42607	0.27502	0.29891
698 A	0.43591	0.23550	0.32859
699 A	0.45516	0.19497	0.34987
700 T	0.48500	0.16124	0.35376
701 T	0.49332	0.14914	0.35754
702 A	0.48838	0.15430	0.35732
703 A	0.48031	0.16226	0.35744
704 T	0.45317	0.18085	0.36598
705 C	0.35473	0.28402	0.36124
706 G	0.25321	0.42082	0.32597
707 A	0.19703	0.58919	0.21378
708 A	0.17563	0.71013	0.11424
709 A	0.15588	0.75001	0.09412
710 A	0.14597	0.77665	0.07738
711 A	0.14693	0.78955	0.06351
712 A	0.14998	0.79353	0.05649
713 C	0.15436	0.79150	0.05414
714 T	0.15819	0.78884	0.05296
715 T	0.15895	0.78891	0.05214
716 T	0.15539	0.79373	0.05089
717 A	0.14436	0.80487	0.05077
718 C	0.13935	0.80926	0.05138
719 A	0.13588	0.81165	0.05247
720 A	0.13770	0.80868	0.05362
721 C	0.14391	0.80125	0.05484
722 A	0.15042	0.79466	0.05491
723 A	0.15679	0.78826	0.05496
724 A	0.16080	0.78044	0.05876
725 A	0.17319	0.76057	0.06624
726 T	0.19196	0.73110	0.07695
727 A	0.20016	0.68489	0.11495
728 A	0.21357	0.56962	0.21681
729 A	0.24795	0.43080	0.32125
730 C	0.34618	0.27831	0.37551
731 A	0.42879	0.20247	0.36874
732 A	0.45642	0.19669	0.34689
733 G	0.48086	0.17555	0.34359
734 T	0.50160	0.16378	0.33461
735 T	0.50260	0.17513	0.32228
736 T	0.49300	0.19499	0.31201
737 T	0.47842	0.23463	0.28696
738 A	0.46470	0.28348	0.25183
739 A	0.46152	0.29979	0.2387
740 T	0.45730	0.30241	0.2403
741 T	0.43869	0.33760	0.22371
742 T	0.41021	0.38762	0.20217
743 T	0.38843	0.43382	0.17775
744 A	0.37096	0.45590	0.17314
745 G	0.36426	0.46176	0.17398
746 T	0.36152	0.46387	0.17461
747 T	0.35868	0.46621	0.17511
748 C	0.35452	0.47008	0.1754
749 C	0.35055	0.47443	0.17503
750 A	0.34144	0.48415	0.17441
751 G	0.34043	0.48532	0.17424
752 A	0.34106	0.48493	0.17402
753 A	0.34421	0.48202	0.17377
754 A	0.36946	0.45691	0.17364
755 T	0.41675	0.40666	0.17659
756 A	0.43374	0.38757	0.17869
757 A	0.45267	0.36527	0.18206
758 T	0.47525	0.33089	0.19386
759 T	0.49085	0.30289	0.20626
760 T	0.51078	0.26932	0.21989
761 T	0.53908	0.23105	0.22987
762 A	0.55422	0.21525	0.23054
763 A	0.56751	0.19228	0.24021
764 T	0.59231	0.14554	0.26215
765 T	0.61302	0.09837	0.28861
766 T	0.63026	0.06304	0.3067
767 C	0.63318	0.04774	0.31908
768 T	0.63399	0.05006	0.31594
769 T	0.63363	0.06829	0.29809
770 T	0.62469	0.11075	0.26456
771 T	0.61027	0.14570	0.24403
772 T	0.56983	0.22553	0.20464
773 T	0.50468	0.32474	0.17058
774 A	0.39742	0.47071	0.13187
775 A	0.32606	0.56143	0.11251
776 A	0.28508	0.61075	0.10417
777 A	0.27046	0.62613	0.10341
778 G	0.26487	0.63256	0.10256
779 A	0.26297	0.63716	0.09987
780 A	0.26228	0.64119	0.09652
781 C	0.26252	0.64459	0.09289
782 A	0.26308	0.66063	0.07629
783 A	0.26076	0.66591	0.07332
784 A	0.26159	0.66632	0.07208
785 T	0.26422	0.66385	0.07194
786 T	0.26234	0.66617	0.0715
787 C	0.25941	0.66936	0.07122
788 A	0.25249	0.67768	0.06983
789 A	0.25052	0.67972	0.06976
790 A	0.25157	0.67808	0.07034
791 A	0.26148	0.66746	0.07107
792 A	0.29057	0.63688	0.07255
793 T	0.34482	0.55786	0.09731
794 A	0.37257	0.49711	0.13032
795 T	0.41779	0.38572	0.19649
796 T	0.44198	0.29237	0.26565
797 T	0.46055	0.19533	0.34412
798 T	0.46341	0.14604	0.39054
799 C	0.45269	0.13022	0.41708
800 C	0.44131	0.13662	0.42206
801 A	0.41890	0.16366	0.41744
802 G	0.41804	0.16928	0.41268
803 A	0.41937	0.17781	0.40282
804 A	0.42313	0.18130	0.39557
805 A	0.43977	0.16971	0.39051
806 T	0.44693	0.15558	0.39748
807 T	0.44822	0.15591	0.39588
808 T	0.44622	0.16419	0.38959
809 T	0.43901	0.19730	0.36369
810 A	0.43094	0.22743	0.34163
811 T	0.42823	0.22803	0.34374
812 T	0.42150	0.23413	0.34437
813 A	0.40830	0.24741	0.3443
814 A	0.40297	0.25274	0.34429
815 C	0.40147	0.25416	0.34437
816 T	0.39982	0.25731	0.34287
817 G	0.39573	0.26339	0.34087
818 T	0.39504	0.26546	0.3395
819 T	0.39281	0.27055	0.33664
820 T	0.38800	0.27654	0.33546
821 T	0.37841	0.28246	0.33913
822 A	0.36233	0.28881	0.34885
823 A	0.35153	0.29120	0.35727
824 C	0.34718	0.27704	0.37579
825 A	0.33995	0.31656	0.34348
826 T	0.34315	0.34269	0.31416
827 A	0.33621	0.37528	0.28851
828 T	0.33527	0.38479	0.27994
829 G	0.32297	0.39830	0.27873
830 A	0.32616	0.39276	0.28107
831 A	0.33524	0.37853	0.28623
832 T	0.36391	0.33659	0.29949
833 C	0.38249	0.30806	0.30946
834 T	0.38870	0.30256	0.30874
835 G	0.38881	0.31215	0.29904
836 A	0.38241	0.33635	0.28124
837 T	0.37547	0.35768	0.26686
838 T	0.35304	0.41263	0.23432
839 A	0.33118	0.45157	0.21725
840 T	0.32349	0.46566	0.21085
841 A	0.30692	0.50153	0.19155
842 A	0.29422	0.52590	0.17988
843 A	0.28571	0.54032	0.17397
844 G	0.27827	0.55857	0.16315
845 A	0.27261	0.56757	0.15982
846 A	0.26971	0.57480	0.15548
847 A	0.27121	0.57153	0.15726
848 A	0.30970	0.52362	0.16668
849 T	0.34270	0.48138	0.17592
850 T	0.36468	0.44596	0.18936
851 A	0.36403	0.43948	0.19649
852 T	0.36116	0.42998	0.20887
853 C	0.35271	0.43999	0.20731
854 A	0.30401	0.52151	0.17449
855 A	0.29087	0.56137	0.14775
856 A	0.28437	0.59263	0.123
857 A	0.28072	0.61834	0.10095
858 A	0.29186	0.61025	0.09789
859 A	0.30785	0.58472	0.10743
860 A	0.28605	0.59230	0.12166
861 T	0.29220	0.55895	0.14885
862 C	0.26309	0.57336	0.16356
863 A	0.25976	0.59458	0.14565
864 A	0.26677	0.60114	0.13209
865 G	0.27326	0.59675	0.12999
866 A	0.28415	0.59040	0.12545
867 T	0.30553	0.56314	0.13134
868 A	0.31515	0.54539	0.13946
869 T	0.32781	0.52433	0.14787
870 T	0.32955	0.52142	0.14903
871 C	0.32220	0.52947	0.14833
872 A	0.31598	0.54348	0.14054
873 A	0.31089	0.54975	0.13935
874 G	0.30593	0.55202	0.14204
875 A	0.30237	0.55534	0.14229
876 A	0.30669	0.54881	0.1445
877 C	0.33701	0.46799	0.19499
878 A	0.35932	0.44540	0.19528
879 A	0.37888	0.42850	0.19262
880 A	0.39860	0.41764	0.18376
881 A	0.40523	0.40976	0.18501
882 A	0.41395	0.39600	0.19005
883 A	0.42470	0.32959	0.24571
884 T	0.44258	0.26913	0.28829
885 C	0.45289	0.21370	0.33341
886 T	0.47404	0.23627	0.28969
887 T	0.48529	0.23634	0.27837
888 G	0.48351	0.26585	0.25064
889 A	0.48471	0.28426	0.23104
890 T	0.47925	0.29304	0.22771
891 C	0.46620	0.31069	0.2231
892 G	0.46197	0.34836	0.18966
893 T	0.46337	0.37644	0.16019
894 A	0.46090	0.41143	0.12767
895 A	0.46278	0.41530	0.12192
896 T	0.46363	0.41569	0.12068
897 A	0.46247	0.42115	0.11639
898 G	0.46326	0.41362	0.12311
899 G	0.46527	0.40848	0.12625
900 A	0.46723	0.40644	0.12633
901 A	0.47338	0.39866	0.12796
902 C	0.48391	0.38521	0.13087
903 A	0.49684	0.37176	0.1314
904 A	0.50088	0.36710	0.13202
905 G	0.50482	0.36277	0.1324
906 A	0.51132	0.35616	0.13252
907 C	0.51788	0.34931	0.13281
908 A	0.52756	0.33883	0.13362
909 A	0.57694	0.28894	0.13412
910 A	0.59988	0.26476	0.13537
911 T	0.64711	0.21168	0.14121
912 T	0.68029	0.17715	0.14255
913 A	0.69377	0.15605	0.15018
914 T	0.71947	0.11484	0.16569
915 T	0.73995	0.08927	0.17079
916 T	0.75192	0.07695	0.17113
917 T	0.75874	0.07342	0.16785
918 C	0.74952	0.08405	0.16643
919 G	0.74382	0.09047	0.16571
920 T	0.74664	0.08708	0.16628
921 T	0.73495	0.09867	0.16638
922 C	0.72101	0.11273	0.16626
923 C	0.70958	0.12475	0.16566
924 C	0.70099	0.13358	0.16543
925 T	0.69579	0.13926	0.16495
926 T	0.68412	0.15126	0.16462
927 G	0.66862	0.16682	0.16456
928 C	0.66050	0.17500	0.1645
929 A	0.65331	0.18227	0.16442
930 A	0.64977	0.18572	0.16452
931 C	0.64808	0.18728	0.16464
932 A	0.64734	0.18804	0.16462
933 A	0.64747	0.18794	0.16459
934 A	0.64803	0.18718	0.16479
935 T	0.64995	0.18464	0.16541
936 A	0.64961	0.18423	0.16615
937 G	0.64920	0.17767	0.17312
938 G	0.64915	0.16873	0.18213
939 G	0.65021	0.16051	0.18928
940 G	0.65565	0.14607	0.19829
941 T	0.65996	0.13101	0.20903
942 T	0.66064	0.12504	0.21433
943 A	0.65932	0.12501	0.21567
944 T	0.65903	0.11552	0.22545
945 T	0.65846	0.10771	0.23383
946 A	0.65705	0.10923	0.23372
947 T	0.65647	0.10709	0.23644
948 T	0.65544	0.10761	0.23696
949 T	0.65366	0.11172	0.23462
950 T	0.65043	0.11532	0.23425
951 T	0.64333	0.12441	0.23225
952 G	0.63384	0.13669	0.22948
953 A	0.62864	0.14931	0.22205
954 T	0.61661	0.16548	0.21791
955 G	0.60087	0.18553	0.2136
956 A	0.59351	0.19666	0.20982
957 A	0.58894	0.20399	0.20707
958 G	0.58638	0.20940	0.20422
959 A	0.58506	0.21588	0.19905
960 A	0.58411	0.22101	0.19488
961 A	0.58371	0.22740	0.18889
962 A	0.58420	0.22966	0.18614
963 T	0.58577	0.23088	0.18335
964 G	0.58591	0.23735	0.17674
965 A	0.58786	0.23842	0.17372
966 T	0.59259	0.23510	0.1723
967 G	0.59500	0.23262	0.17239
968 A	0.60105	0.22737	0.17157
969 G	0.61614	0.21048	0.17337
970 T	0.63144	0.19340	0.17516
971 C	0.63929	0.18240	0.17831
972 T	0.65410	0.17150	0.1744
973 T	0.66487	0.16966	0.16546
974 T	0.66946	0.17103	0.1595
975 A	0.67064	0.17688	0.15249
976 A	0.67504	0.18246	0.1425
977 T	0.67837	0.17038	0.15124
978 T	0.66952	0.17013	0.16035
979 G	0.63643	0.20984	0.15373
980 A	0.60173	0.25395	0.14431
981 A	0.58435	0.28106	0.13459
982 A	0.56719	0.31047	0.12234
983 A	0.56151	0.32121	0.11729
984 A	0.56244	0.32194	0.11562
985 G	0.56503	0.32077	0.1142
986 A	0.56880	0.31925	0.11195
987 T	0.57565	0.31367	0.11068
988 A	0.57605	0.31637	0.10757
989 A	0.57667	0.31986	0.10347
990 A	0.57191	0.32476	0.10333
991 A	0.57234	0.32391	0.10375
992 G	0.57409	0.32145	0.10445
993 T	0.58219	0.31268	0.10513
994 C	0.58335	0.31056	0.10608
995 C	0.58677	0.30732	0.10591
996 T	0.59522	0.30118	0.10361
997 A	0.59956	0.29912	0.10132
998 A	0.60823	0.29086	0.10091
999 T	0.62487	0.27368	0.10145
1000 T	0.63258	0.26323	0.10419
1001 A	0.63729	0.24195	0.12076
1002 T	0.64736	0.19380	0.15884
1003 G	0.65286	0.15204	0.1951
1004 A	0.66033	0.12856	0.21111
1005 T	0.67172	0.09843	0.22985
1006 T	0.67728	0.08453	0.23819
1007 C	0.67820	0.07832	0.24348
1008 T	0.67987	0.07981	0.24032
1009 A	0.68057	0.08864	0.23079
1010 A	0.68142	0.09441	0.22417
1011 A	0.68398	0.09861	0.2174
1012 G	0.68819	0.09788	0.21393
1013 A	0.68979	0.09423	0.21598
1014 A	0.69166	0.09259	0.21575
1015 T	0.69381	0.08829	0.2179
1016 T	0.69476	0.08709	0.21815
1017 A	0.69527	0.08536	0.21937
1018 G	0.69622	0.08177	0.222
1019 C	0.69842	0.08012	0.22146
1020 T	0.70042	0.08856	0.21102
1021 T	0.70106	0.11470	0.18424
1022 A	0.70019	0.15412	0.14569
1023 T	0.69962	0.15906	0.14132
1024 A	0.69777	0.16452	0.13771
1025 T	0.69502	0.16528	0.1397
1026 T	0.69321	0.17090	0.13589
1027 C	0.69181	0.17453	0.13367
1028 G	0.69113	0.18051	0.12836
1029 G	0.69202	0.17994	0.12804
1030 G	0.69351	0.17841	0.12808
1031 C	0.69911	0.17326	0.12762
1032 T	0.70857	0.16758	0.12386
1033 C	0.71214	0.16804	0.11982
1034 A	0.71771	0.17880	0.10349
1035 A	0.72171	0.17626	0.10203
1036 T	0.72693	0.17156	0.10151
1037 A	0.72949	0.16930	0.10121
1038 T	0.73075	0.16819	0.10107
1039 C	0.73142	0.16738	0.10119
1040 A	0.73271	0.16628	0.10101
1041 T	0.73566	0.16334	0.101
1042 A	0.74054	0.15856	0.1009
1043 A	0.75282	0.14635	0.10082
1044 A	0.77909	0.11998	0.10093
1045 A	0.81481	0.08254	0.10266
1046 T	0.82176	0.07370	0.10455
1047 A	0.82516	0.06772	0.10712
1048 C	0.82835	0.06024	0.11142
1049 C	0.83369	0.05355	0.11275
1050 T	0.83896	0.04802	0.11302
1051 T	0.84465	0.04258	0.11277
1052 T	0.84629	0.04083	0.11289
1053 A	0.84647	0.04055	0.11298
1054 A	0.84801	0.03844	0.11354
1055 T	0.85148	0.03284	0.11569
1056 C	0.85325	0.02842	0.11833
1057 T	0.86675	0.01482	0.11844
1058 T	0.86712	0.01501	0.11787
1059 T	0.85822	0.02650	0.11528
1060 T	0.82889	0.05662	0.11449
1061 T	0.74961	0.13777	0.11262
1062 T	0.58973	0.30182	0.10845
1063 A	0.45620	0.43605	0.10775
1064 C	0.37234	0.52003	0.10763
1065 A	0.29809	0.59528	0.10663
1066 A	0.27768	0.61611	0.10621
1067 C	0.26622	0.62768	0.1061
1068 A	0.26058	0.63336	0.10606
1069 A	0.25844	0.63546	0.1061
1070 T	0.25791	0.63572	0.10638
1071 G	0.25758	0.63584	0.10658
1072 C	0.25761	0.63560	0.10679
1073 C	0.25788	0.63476	0.10736
1074 T	0.25824	0.63406	0.1077
1075 T	0.25825	0.63394	0.10782
1076 C	0.25810	0.63396	0.10794
1077 A	0.25787	0.63438	0.10774
1078 A	0.25777	0.63450	0.10773
1079 T	0.25782	0.63075	0.11142
1080 A	0.25765	0.63002	0.11233
1081 G	0.25807	0.62705	0.11488
1082 A	0.26000	0.60348	0.13652
1083 A	0.26062	0.54254	0.19684
1084 A	0.26236	0.42301	0.31464
1085 G	0.26697	0.23160	0.50144
1086 T	0.26826	0.15839	0.57335
1087 T	0.26721	0.18119	0.5516
1088 A	0.26183	0.34697	0.3912
1089 T	0.25769	0.40617	0.33615
1090 T	0.24828	0.45682	0.2949
1091 G	0.23211	0.50048	0.2674
1092 G	0.22024	0.52101	0.25875
1093 C	0.21511	0.53951	0.24539
1094 G	0.21019	0.57811	0.21169
1095 T	0.20629	0.61115	0.18257
1096 C	0.19561	0.64275	0.16164
1097 T	0.19026	0.68992	0.11983
1098 G	0.18515	0.70305	0.1118
1099 A	0.18181	0.71519	0.10301
1100 A	0.17924	0.72359	0.09717
1101 A	0.17716	0.73136	0.09148
1102 C	0.17551	0.73802	0.08647
1103 A	0.17449	0.74716	0.07835
1104 A	0.17372	0.75190	0.07437
1105 A	0.17317	0.75422	0.07261
1106 A	0.17362	0.75465	0.07174
1107 A	0.17659	0.75254	0.07087
1108 A	0.19708	0.73147	0.07145
1109 A	0.23414	0.69329	0.07257
1110 A	0.31312	0.61154	0.07534
1111 A	0.49067	0.42649	0.08284
1112 T	0.57479	0.33565	0.08955
1113 T	0.62380	0.27635	0.09985
1114 A	0.64736	0.23843	0.1142
1115 T	0.67223	0.20299	0.12477
1116 T	0.70415	0.16647	0.12938
1117 T	0.74063	0.12681	0.13255
1118 T	0.75907	0.10422	0.13671
1119 T	0.76799	0.08750	0.14451
1120 T	0.77837	0.07639	0.14524
1121 T	0.77286	0.08325	0.14389
1122 A	0.76449	0.09525	0.14025
1123 A	0.75942	0.10473	0.13586
1124 A	0.76133	0.10797	0.13069
1125 T	0.76542	0.10976	0.12482
1126 T	0.76207	0.11463	0.1233
1127 T	0.72727	0.15390	0.11882
1128 A	0.61049	0.28136	0.10814
1129 A	0.52509	0.37039	0.10452
1130 C	0.41573	0.48212	0.10215
1131 T	0.32570	0.57973	0.09457
1132 A	0.23588	0.68250	0.08162
1133 A	0.18034	0.75514	0.06452
1134 A	0.15533	0.78804	0.05663
1135 A	0.13628	0.80942	0.05429
1136 A	0.08565	0.86188	0.05246
1137 A	0.05793	0.89073	0.05133
1138 A	0.04806	0.90102	0.05092
1139 A	0.04300	0.90602	0.05098
1140 T	0.04209	0.90571	0.0522
1141 A	0.03233	0.91443	0.05325
1142 A	0.02906	0.91497	0.05598
1143 A	0.02765	0.91120	0.06115
1144 C	0.02837	0.90140	0.07023
1145 A	0.02971	0.89387	0.07642
1146 A	0.03291	0.88508	0.08201
1147 A	0.03862	0.87588	0.0855
1148 A	0.04463	0.86508	0.0903
1149 G	0.04693	0.84773	0.10534
1150 A	0.05247	0.78877	0.15876
1151 T	0.06488	0.63685	0.29827
1152 G	0.06742	0.54244	0.39014
1153 C	0.07009	0.43224	0.49767
1154 A	0.07450	0.36770	0.5578
1155 A	0.08596	0.29756	0.61649
1156 T	0.10305	0.23879	0.65817
1157 T	0.10966	0.21722	0.67312
1158 A	0.10900	0.20678	0.68422
1159 A	0.10852	0.14386	0.74763
1160 T	0.10827	0.11205	0.77969
1161 T	0.10481	0.11226	0.78293
1162 G	0.09379	0.13303	0.77317
1163 A	0.08323	0.16425	0.75251
1164 T	0.08029	0.19317	0.72654
1165 A	0.07385	0.30739	0.61876
1166 T	0.06761	0.38266	0.54973
1167 G	0.05318	0.49615	0.45066
1168 A	0.04132	0.66277	0.29591
1169 A	0.03712	0.76085	0.20204
1170 A	0.03451	0.80409	0.16141
1171 G	0.03299	0.81972	0.1473
1172 A	0.03204	0.83993	0.12803
1173 A	0.03192	0.84855	0.11953
1174 G	0.03248	0.85478	0.11274
1175 A	0.03348	0.85999	0.10653
1176 A	0.03602	0.86251	0.10148
1177 T	0.04304	0.85701	0.09995
1178 T	0.04533	0.85731	0.09737
1179 G	0.04592	0.85954	0.09454
1180 A	0.04667	0.86206	0.09127
1181 A	0.04746	0.86271	0.08983
1182 A	0.04868	0.86079	0.09053
1183 A	0.05365	0.85562	0.09073
1184 A	0.06684	0.83920	0.09396
1185 A	0.08764	0.80683	0.10552
1186 G	0.11812	0.76372	0.11817
1187 G	0.16177	0.71557	0.12267
1188 A	0.27179	0.60108	0.12713
1189 A	0.35281	0.51591	0.13128
1190 A	0.46198	0.39670	0.14131
1191 T	0.63195	0.21645	0.1516
1192 T	0.71706	0.12732	0.15562
1193 T	0.74749	0.09435	0.15816
1194 A	0.75312	0.08727	0.15961
1195 T	0.76856	0.07068	0.16076
1196 C	0.77025	0.06852	0.16123
1197 T	0.77483	0.06384	0.16133
1198 C	0.77851	0.06010	0.16139
1199 C	0.78103	0.05797	0.16099
1200 T	0.78034	0.06077	0.15889
1201 T	0.76901	0.07246	0.15853
1202 T	0.74626	0.09542	0.15833
1203 A	0.72416	0.11765	0.15819
1204 T	0.72010	0.12117	0.15872
1205 C	0.71399	0.12576	0.16025
1206 T	0.71228	0.12648	0.16124
1207 T	0.70616	0.13230	0.16155
1208 C	0.69475	0.14356	0.16168
1209 T	0.68851	0.15010	0.16138
1210 G	0.67465	0.16494	0.16041
1211 T	0.64482	0.19562	0.15956
1212 T	0.62391	0.21818	0.15792
1213 T	0.60660	0.23763	0.15577
1214 T	0.58814	0.25734	0.15451
1215 A	0.55492	0.29175	0.15333
1216 T	0.53722	0.30857	0.15421
1217 T	0.50607	0.33764	0.15628
1218 A	0.44415	0.39923	0.15661
1219 G	0.39130	0.44973	0.15896
1220 A	0.36629	0.47406	0.15965
1221 A	0.35196	0.48628	0.16176
1222 A	0.34444	0.48830	0.16726
1223 A	0.34027	0.48372	0.17601
1224 T	0.33749	0.46862	0.19389
1225 T	0.33090	0.45100	0.2181
1226 T	0.31781	0.44607	0.23612
1227 A	0.28905	0.47099	0.23996
1228 C	0.26696	0.48682	0.24623
1229 A	0.23774	0.53215	0.23011
1230 A	0.20058	0.58259	0.21683
1231 A	0.16206	0.63128	0.20667
1232 A	0.13651	0.67111	0.19238
1233 A	0.11276	0.71322	0.17402
1234 A	0.10842	0.71015	0.18144
1235 A	0.10782	0.69384	0.19834
1236 T	0.10850	0.67809	0.21341
1237 A	0.10708	0.69424	0.19868
1238 T	0.10699	0.68962	0.2034
1239 A	0.09559	0.71928	0.18513
1240 A	0.08822	0.72140	0.19038
1241 A	0.08057	0.69880	0.22063
1242 A	0.07575	0.66887	0.25538
1243 G	0.07420	0.65465	0.27114
1244 A	0.07328	0.65514	0.27159
1245 A	0.07253	0.66664	0.26084
1246 A	0.07218	0.66622	0.2616
1247 A	0.07150	0.66309	0.26542
1248 G	0.07099	0.65517	0.27384
1249 A	0.07121	0.64646	0.28233
1250 A	0.07343	0.62187	0.3047
1251 A	0.07781	0.60051	0.32168
1252 A	0.09548	0.55459	0.34993
1253 A	0.11569	0.49896	0.38535
1254 A	0.13498	0.44188	0.42314
1255 A	0.15882	0.39066	0.45052
1256 C	0.19517	0.32748	0.47735
1257 T	0.24132	0.27694	0.48174
1258 A	0.26187	0.25468	0.48344
1259 T	0.29657	0.21881	0.48462
1260 T	0.33126	0.18296	0.48578
1261 T	0.35010	0.16362	0.48628
1262 T	0.36499	0.13763	0.49737
1263 A	0.37570	0.12057	0.50373
1264 T	0.38773	0.10048	0.51179
1265 T	0.39634	0.08723	0.51643
1266 T	0.40277	0.07944	0.51779
1267 A	0.41097	0.07220	0.51684
1268 T	0.42923	0.05360	0.51717
1269 T	0.43539	0.04702	0.51759
1270 A	0.43755	0.04500	0.51745
1271 A	0.43943	0.04213	0.51844
1272 T	0.44410	0.03609	0.51981
1273 G	0.44676	0.03270	0.52054
1274 T	0.45185	0.02727	0.52089
1275 T	0.45225	0.02682	0.52094
1276 T	0.45185	0.02732	0.52083
1277 T	0.45034	0.02905	0.52062
1278 A	0.44837	0.03121	0.52042
1279 G	0.44771	0.03204	0.52025
1280 G	0.44783	0.03194	0.52023
1281 A	0.44899	0.03083	0.52018
1282 T	0.45166	0.02812	0.52022
1283 T	0.45418	0.02555	0.52028
1284 C	0.45577	0.02388	0.52035
1285 T	0.45741	0.02220	0.52038
1286 C	0.45851	0.02104	0.52046
1287 T	0.45965	0.01988	0.52048
1288 C	0.46077	0.01874	0.52049
1289 C	0.46293	0.01658	0.52049
1290 T	0.46626	0.01325	0.52049
1291 T	0.46825	0.01129	0.52047
1292 T	0.46900	0.01050	0.52051
1293 T	0.46971	0.00973	0.52056
1294 G	0.46988	0.00946	0.52066
1295 T	0.47005	0.00888	0.52107
1296 T	0.47011	0.00834	0.52155
1297 T	0.46971	0.00838	0.52191
1298 T	0.46931	0.00832	0.52236
1299 A	0.46911	0.00790	0.523
1300 T	0.46914	0.00645	0.52442
1301 G	0.46905	0.00482	0.52613
1302 T	0.46918	0.00408	0.52674
1303 C	0.46917	0.00391	0.52692
1304 G	0.46922	0.00411	0.52668
1305 T	0.46913	0.00433	0.52654
1306 T	0.46897	0.00477	0.52626
1307 T	0.46883	0.00494	0.52623
1308 T	0.46866	0.00515	0.52619
1309 T	0.46844	0.00535	0.5262
1310 G	0.46812	0.00570	0.52617
1311 C	0.46800	0.00597	0.52603
1312 A	0.46782	0.00722	0.52496
1313 G	0.46757	0.00858	0.52385
1314 T	0.46696	0.01086	0.52219
1315 T	0.46585	0.01524	0.51892
1316 A	0.46461	0.01923	0.51616
1317 T	0.46431	0.01982	0.51587
1318 A	0.46379	0.02035	0.51586
1319 T	0.46363	0.02016	0.51621
1320 T	0.46325	0.01977	0.51698
1321 C	0.46150	0.02098	0.51752
1322 C	0.45337	0.03050	0.51613
1323 T	0.44460	0.04722	0.50817
1324 A	0.40357	0.10835	0.48807
1325 A	0.39115	0.12933	0.47952
1326 A	0.38535	0.13583	0.47881
1327 T	0.38251	0.13869	0.4788
1328 G	0.37701	0.14396	0.47903
