# lcl|CP097583.1_cds_USQ93615.1_1
# AA	inside	membr	outside
1 A	0.48792	0.00000	0.51208
2 T	0.48787	0.00005	0.51208
3 T	0.48785	0.00007	0.51208
4 A	0.48785	0.00826	0.50389
5 T	0.48754	0.01158	0.50088
6 G	0.48754	0.01208	0.50038
7 T	0.48468	0.01499	0.50033
8 T	0.48468	0.01499	0.50033
9 T	0.48151	0.01818	0.50031
10 A	0.48150	0.01932	0.49918
11 C	0.48068	0.02021	0.49911
12 G	0.46861	0.03230	0.49909
13 A	0.46333	0.03762	0.49905
14 A	0.46333	0.03762	0.49905
15 T	0.46333	0.03798	0.49869
16 C	0.46319	0.03812	0.49869
17 C	0.46298	0.03836	0.49866
18 T	0.46294	0.03869	0.49837
19 A	0.46055	0.04111	0.49835
20 T	0.45557	0.04657	0.49786
21 T	0.44776	0.05439	0.49786
22 G	0.44685	0.05547	0.49768
23 C	0.44637	0.05601	0.49762
24 T	0.44648	0.05633	0.49719
25 G	0.44575	0.05772	0.49653
26 A	0.44497	0.05900	0.49603
27 T	0.45213	0.05230	0.49557
28 T	0.45410	0.05153	0.49437
29 T	0.45380	0.05239	0.4938
30 A	0.45221	0.05359	0.4942
31 T	0.45119	0.05414	0.49467
32 T	0.44999	0.05179	0.49821
33 A	0.43898	0.06253	0.49849
34 A	0.43551	0.06608	0.49841
35 C	0.43285	0.06015	0.50701
36 A	0.42805	0.06610	0.50585
37 A	0.42610	0.06958	0.50432
38 G	0.42509	0.07332	0.50159
39 A	0.42301	0.07591	0.50108
40 A	0.42218	0.07658	0.50124
41 T	0.42211	0.07432	0.50356
42 A	0.42174	0.07093	0.50732
43 C	0.42190	0.06498	0.51311
44 G	0.42182	0.06144	0.51674
45 T	0.42206	0.06120	0.51673
46 A	0.42192	0.06134	0.51675
47 A	0.42127	0.06196	0.51677
48 T	0.42152	0.06115	0.51734
49 G	0.41824	0.06483	0.51693
50 C	0.41656	0.06751	0.51593
51 T	0.41551	0.07375	0.51074
52 A	0.41255	0.07760	0.50986
53 A	0.41200	0.07732	0.51069
54 T	0.41111	0.07687	0.51202
55 G	0.40969	0.07740	0.51292
56 C	0.40970	0.06603	0.52427
57 A	0.41065	0.06585	0.52351
58 A	0.41183	0.06386	0.52432
59 T	0.41529	0.05760	0.5271
60 G	0.41661	0.05516	0.52822
61 T	0.41893	0.05231	0.52876
62 T	0.41947	0.04980	0.53074
63 T	0.41946	0.04907	0.53146
64 C	0.41924	0.04918	0.53158
65 A	0.41872	0.05141	0.52987
66 T	0.41751	0.05280	0.52969
67 G	0.41676	0.05420	0.52904
68 A	0.41665	0.05512	0.52824
69 A	0.41642	0.05555	0.52802
70 A	0.41671	0.05451	0.52877
71 A	0.41721	0.05326	0.52953
72 A	0.41930	0.04690	0.53379
73 G	0.42166	0.04122	0.53712
74 T	0.42718	0.03308	0.53975
75 T	0.42829	0.02828	0.54342
76 T	0.42839	0.02644	0.54517
77 C	0.42743	0.02598	0.54659
78 G	0.42530	0.02747	0.54724
79 G	0.42465	0.02756	0.54779
80 T	0.42701	0.02497	0.54801
81 T	0.42678	0.02516	0.54806
82 C	0.42276	0.02924	0.548
83 C	0.41758	0.03493	0.5475
84 T	0.40945	0.04868	0.54187
85 T	0.40162	0.05721	0.54116
86 G	0.39205	0.06822	0.53972
87 T	0.38835	0.07278	0.53887
88 T	0.38186	0.07944	0.53871
89 C	0.35552	0.10533	0.53915
90 T	0.34098	0.12255	0.53648
91 A	0.31788	0.15141	0.53071
92 A	0.29810	0.17704	0.52487
93 A	0.28594	0.19644	0.51763
94 T	0.27709	0.20820	0.51471
95 T	0.26444	0.22252	0.51305
96 A	0.24244	0.24692	0.51063
97 A	0.23090	0.25923	0.50987
98 A	0.22275	0.26757	0.50968
99 A	0.21632	0.27341	0.51026
100 A	0.21338	0.27506	0.51155
101 T	0.21135	0.27453	0.51413
102 A	0.20432	0.28066	0.51501
103 A	0.19948	0.28505	0.51548
104 A	0.19427	0.28862	0.5171
105 A	0.19226	0.28600	0.52174
106 A	0.19180	0.27862	0.52958
107 T	0.19641	0.26024	0.54335
108 G	0.19453	0.25314	0.55232
109 T	0.19477	0.24536	0.55987
110 T	0.19310	0.24842	0.55847
111 A	0.18688	0.25191	0.5612
112 G	0.18557	0.23294	0.58149
113 A	0.18735	0.22215	0.5905
114 A	0.19215	0.19870	0.60915
115 G	0.19777	0.17305	0.62918
116 T	0.20572	0.15149	0.64279
117 T	0.20470	0.14563	0.64967
118 A	0.19046	0.16134	0.6482
119 T	0.16928	0.17610	0.65463
120 A	0.14404	0.21384	0.64212
121 A	0.12602	0.26088	0.6131
122 G	0.11383	0.28259	0.60358
123 A	0.10613	0.30027	0.59359
124 A	0.10163	0.31059	0.58778
125 A	0.09955	0.30933	0.59112
126 A	0.09818	0.30693	0.59489
127 G	0.09757	0.30235	0.60008
128 A	0.09777	0.29943	0.6028
129 A	0.09865	0.29582	0.60554
130 G	0.10033	0.29073	0.60894
131 G	0.10433	0.28187	0.6138
132 C	0.11077	0.27232	0.61691
133 T	0.11943	0.26192	0.61864
134 T	0.12351	0.25403	0.62246
135 T	0.12508	0.25129	0.62363
136 A	0.12589	0.24972	0.62439
137 T	0.12728	0.24731	0.62541
138 T	0.12836	0.24358	0.62807
139 A	0.12969	0.23956	0.63075
140 A	0.13373	0.22922	0.63705
141 A	0.14669	0.19786	0.65545
142 G	0.15756	0.15966	0.68278
143 G	0.18056	0.11496	0.70448
144 T	0.22243	0.05811	0.71947
145 T	0.23929	0.03479	0.72592
146 T	0.24673	0.02621	0.72706
147 T	0.25027	0.02604	0.7237
148 T	0.24960	0.03482	0.71558
149 T	0.24615	0.04463	0.70922
150 T	0.23146	0.07277	0.69576
151 G	0.21437	0.10488	0.68075
152 T	0.20816	0.12465	0.66719
153 A	0.18723	0.16714	0.64563
154 G	0.17725	0.19457	0.62818
155 A	0.16682	0.22817	0.605
156 T	0.15787	0.26158	0.58054
157 G	0.15263	0.27258	0.57479
158 A	0.15030	0.27776	0.57193
159 G	0.14648	0.28277	0.57074
160 G	0.14520	0.28522	0.56958
161 C	0.14464	0.28667	0.56869
162 A	0.14417	0.29043	0.5654
163 A	0.14399	0.29163	0.56439
164 G	0.14390	0.29267	0.56342
165 A	0.14380	0.29420	0.562
166 A	0.14421	0.29513	0.56066
167 G	0.14488	0.29633	0.55879
168 A	0.14797	0.29447	0.55755
169 A	0.15432	0.28878	0.5569
170 A	0.16377	0.27841	0.55781
171 T	0.17822	0.25986	0.56192
172 A	0.18717	0.24454	0.56829
173 T	0.20422	0.20859	0.58719
174 T	0.21720	0.17828	0.60452
175 A	0.22491	0.16535	0.60974
176 C	0.24223	0.13047	0.62729
177 A	0.25855	0.10911	0.63234
178 A	0.27903	0.08092	0.64005
179 T	0.30274	0.04985	0.64742
180 T	0.30886	0.04002	0.65112
181 T	0.30987	0.03746	0.65267
182 C	0.30515	0.03748	0.65737
183 T	0.30334	0.03877	0.6579
184 C	0.29771	0.04509	0.6572
185 T	0.28938	0.06429	0.64633
186 A	0.27566	0.09082	0.63351
187 A	0.26667	0.11851	0.61482
188 A	0.24288	0.15852	0.59859
189 A	0.22492	0.17825	0.59683
190 T	0.22004	0.18480	0.59516
191 A	0.21455	0.19216	0.5933
192 T	0.21202	0.19648	0.59149
193 C	0.20609	0.20378	0.59013
194 A	0.20403	0.20835	0.58762
195 T	0.20143	0.21233	0.58624
196 G	0.18392	0.23097	0.5851
197 G	0.17161	0.24431	0.58409
198 T	0.16391	0.25329	0.5828
199 A	0.15199	0.26774	0.58027
200 A	0.14835	0.27184	0.5798
201 T	0.14691	0.27274	0.58036
202 A	0.14434	0.27477	0.58089
203 A	0.14287	0.27491	0.58222
204 A	0.14192	0.27290	0.58518
205 C	0.14186	0.26488	0.59327
206 A	0.14192	0.26281	0.59528
207 A	0.14318	0.25801	0.59881
208 A	0.15293	0.24037	0.6067
209 G	0.16494	0.21634	0.61872
210 A	0.18152	0.19210	0.62639
211 A	0.19606	0.14597	0.65796
212 C	0.19932	0.11898	0.68171
213 C	0.20394	0.10686	0.6892
214 A	0.20789	0.10069	0.69143
215 T	0.21202	0.09441	0.69356
216 T	0.21422	0.08967	0.69611
217 T	0.21586	0.08874	0.6954
218 T	0.21666	0.09104	0.69231
219 A	0.21673	0.08155	0.70172
220 G	0.21558	0.08438	0.70004
221 G	0.21530	0.08892	0.69578
222 T	0.21707	0.09650	0.68643
223 T	0.21634	0.11722	0.66645
224 T	0.21156	0.13997	0.64847
225 A	0.20418	0.16889	0.62693
226 A	0.20155	0.18137	0.61708
227 A	0.19945	0.18503	0.61553
228 A	0.19811	0.18826	0.61362
229 A	0.19813	0.18837	0.6135
230 G	0.19893	0.18695	0.61411
231 A	0.19906	0.18716	0.61378
232 G	0.19915	0.18672	0.61413
233 T	0.19950	0.18611	0.61438
234 A	0.19936	0.18620	0.61443
235 T	0.19932	0.18618	0.61451
236 C	0.19841	0.18715	0.61443
237 C	0.19800	0.18763	0.61437
238 A	0.19780	0.18816	0.61404
239 A	0.19864	0.18763	0.61373
240 A	0.20117	0.18520	0.61363
241 C	0.21114	0.17520	0.61366
242 A	0.22846	0.15760	0.61393
243 T	0.26072	0.12295	0.61633
244 G	0.27739	0.10426	0.61835
245 T	0.30255	0.07788	0.61957
246 T	0.31823	0.06095	0.62082
247 T	0.33004	0.04329	0.62668
248 C	0.33640	0.03049	0.6331
249 T	0.34074	0.02526	0.634
250 G	0.33873	0.02719	0.63408
251 T	0.33678	0.03025	0.63297
252 T	0.32752	0.04212	0.63035
253 A	0.29727	0.07601	0.62671
254 A	0.27635	0.09818	0.62547
255 A	0.26060	0.11560	0.62381
256 A	0.25488	0.12435	0.62077
257 A	0.25131	0.12898	0.61971
258 A	0.25063	0.12912	0.62024
259 A	0.25060	0.12786	0.62153
260 T	0.25083	0.12644	0.62273
261 A	0.25073	0.12573	0.62354
262 C	0.25090	0.12499	0.62411
263 C	0.25089	0.12493	0.62418
264 T	0.25068	0.12556	0.62375
265 A	0.25025	0.12632	0.62343
266 G	0.25016	0.12679	0.62305
267 A	0.25028	0.12724	0.62248
268 G	0.25068	0.12708	0.62223
269 T	0.25166	0.12484	0.62351
270 T	0.25301	0.12155	0.62544
271 T	0.25411	0.11811	0.62778
272 T	0.25505	0.11489	0.63005
273 A	0.25533	0.11265	0.63202
274 A	0.25605	0.10733	0.63661
275 A	0.25790	0.09393	0.64817
276 T	0.26129	0.06088	0.67783
277 G	0.26263	0.04004	0.69733
278 G	0.26459	0.02548	0.70994
279 T	0.26770	0.01850	0.7138
280 T	0.26875	0.01600	0.71525
281 T	0.26875	0.01625	0.715
282 A	0.26851	0.01691	0.71458
283 G	0.26848	0.01729	0.71422
284 G	0.26849	0.01865	0.71287
285 A	0.26843	0.02536	0.70622
286 A	0.26850	0.02599	0.70551
287 T	0.26917	0.02592	0.70491
288 A	0.26928	0.02701	0.70371
289 G	0.26968	0.02804	0.70227
290 C	0.27031	0.02941	0.70028
291 T	0.27102	0.03445	0.69453
292 T	0.27142	0.03796	0.69062
293 T	0.27173	0.03942	0.68884
294 A	0.27181	0.04089	0.6873
295 A	0.27221	0.04065	0.68714
296 T	0.27356	0.03900	0.68744
297 T	0.27427	0.03816	0.68756
298 T	0.27470	0.03766	0.68763
299 C	0.27490	0.03746	0.68765
300 T	0.27520	0.03734	0.68746
301 A	0.27514	0.03749	0.68737
302 C	0.27557	0.03705	0.68738
303 T	0.27644	0.03625	0.68731
304 T	0.27618	0.03661	0.6872
305 C	0.27485	0.03784	0.6873
306 A	0.27378	0.03918	0.68704
307 A	0.27370	0.03952	0.68678
308 A	0.27862	0.03472	0.68666
309 G	0.27947	0.03398	0.68655
310 G	0.28132	0.03280	0.68589
311 G	0.28444	0.02985	0.68572
312 T	0.28818	0.02630	0.68552
313 A	0.29028	0.02467	0.68505
314 T	0.29572	0.01943	0.68485
315 T	0.29831	0.01729	0.68441
316 T	0.29928	0.01642	0.68431
317 T	0.29958	0.01612	0.68429
318 G	0.29890	0.01698	0.68411
319 A	0.29827	0.01820	0.68353
320 C	0.29787	0.01862	0.68351
321 A	0.29643	0.02054	0.68303
322 G	0.29461	0.02271	0.68267
323 A	0.29403	0.02354	0.68243
324 T	0.29346	0.02407	0.68247
325 T	0.29219	0.02542	0.68239
326 A	0.28828	0.02889	0.68283
327 T	0.28647	0.02945	0.68408
328 G	0.28416	0.03000	0.68583
329 A	0.28316	0.02976	0.68708
330 A	0.28290	0.02870	0.6884
331 G	0.28305	0.02775	0.6892
332 C	0.28324	0.02728	0.68948
333 T	0.28410	0.02703	0.68886
334 T	0.28406	0.02740	0.68854
335 T	0.28335	0.02878	0.68788
336 A	0.28218	0.03128	0.68654
337 G	0.28142	0.03270	0.68589
338 C	0.28150	0.03280	0.6857
339 T	0.28136	0.03393	0.6847
340 A	0.28077	0.03546	0.68377
341 A	0.28061	0.03592	0.68347
342 T	0.28081	0.03583	0.68336
343 A	0.28053	0.03660	0.68287
344 A	0.28073	0.03520	0.68407
345 T	0.28115	0.03281	0.68604
346 A	0.28110	0.03199	0.68692
347 T	0.28115	0.03085	0.688
348 A	0.27868	0.03215	0.68917
349 G	0.27703	0.03020	0.69276
350 G	0.27615	0.02942	0.69443
351 T	0.27547	0.02829	0.69624
352 G	0.27397	0.02920	0.69683
353 G	0.27319	0.03019	0.69663
354 A	0.27280	0.03089	0.69631
355 G	0.27265	0.03125	0.6961
356 A	0.27321	0.03052	0.69627
357 A	0.27374	0.02944	0.69682
358 G	0.27482	0.02735	0.69784
359 T	0.27696	0.02389	0.69915
360 T	0.27813	0.02175	0.70012
361 T	0.27872	0.02071	0.70057
362 T	0.27931	0.01968	0.70101
363 A	0.27973	0.01868	0.7016
364 G	0.28023	0.01762	0.70215
365 C	0.28078	0.01643	0.70279
366 T	0.28157	0.01530	0.70314
367 T	0.28209	0.01458	0.70334
368 A	0.28236	0.01418	0.70347
369 T	0.28275	0.01352	0.70373
370 A	0.28291	0.01317	0.70392
371 T	0.28328	0.00981	0.70691
372 T	0.28352	0.00745	0.70903
373 T	0.28375	0.00600	0.71024
374 G	0.28389	0.00504	0.71107
375 G	0.28423	0.00346	0.71232
376 T	0.28491	0.00206	0.71304
377 A	0.28543	0.00109	0.71348
378 A	0.28615	0.00000	0.71386
