# lcl|CP097583.1_cds_USQ93489.1_1
# AA	inside	membr	outside
1 A	0.34248	0.00000	0.65752
2 T	0.34021	0.00228	0.65752
3 G	0.33832	0.00416	0.65752
4 A	0.33832	0.01328	0.6484
5 T	0.33408	0.02228	0.64364
6 A	0.33408	0.02399	0.64194
7 G	0.31645	0.04212	0.64144
8 T	0.31645	0.04214	0.64142
9 T	0.31389	0.04540	0.64071
10 T	0.31388	0.15540	0.53073
11 A	0.30861	0.17261	0.51878
12 T	0.26631	0.22124	0.51245
13 G	0.14145	0.36338	0.49518
14 G	0.14143	0.36340	0.49517
15 G	0.14143	0.51737	0.3412
16 A	0.14025	0.51855	0.3412
17 A	0.13967	0.51988	0.34045
18 A	0.13965	0.52078	0.33958
19 A	0.13930	0.52154	0.33916
20 A	0.13804	0.52833	0.33363
21 T	0.13632	0.52994	0.33374
22 G	0.13657	0.53087	0.33256
23 T	0.13792	0.53091	0.33117
24 A	0.13894	0.53282	0.32824
25 A	0.13953	0.53154	0.32893
26 T	0.13975	0.53152	0.32874
27 T	0.14262	0.53354	0.32385
28 A	0.12395	0.56664	0.3094
29 A	0.10621	0.60211	0.29168
30 A	0.09564	0.60603	0.29833
31 G	0.09126	0.60288	0.30586
32 A	0.09376	0.59640	0.30984
33 A	0.20033	0.48106	0.3186
34 G	0.22195	0.45124	0.32681
35 T	0.28827	0.34932	0.36241
36 T	0.30520	0.24864	0.44615
37 A	0.30066	0.25736	0.44198
38 T	0.36491	0.19556	0.43952
39 C	0.32444	0.25058	0.42499
40 A	0.30782	0.31812	0.37405
41 A	0.24591	0.38645	0.36765
42 A	0.21875	0.41626	0.36499
43 A	0.21232	0.42328	0.3644
44 A	0.14279	0.49493	0.36227
45 C	0.11646	0.52119	0.36236
46 A	0.10107	0.53749	0.36144
47 A	0.09793	0.54057	0.36151
48 A	0.10088	0.53709	0.36204
49 A	0.10419	0.53316	0.36265
50 G	0.11302	0.52202	0.36496
51 G	0.13156	0.48146	0.38698
52 T	0.15387	0.43868	0.40745
53 T	0.16050	0.41829	0.42122
54 C	0.16244	0.41134	0.42622
55 A	0.16457	0.40851	0.42691
56 T	0.16914	0.40174	0.42912
57 T	0.17131	0.39610	0.43258
58 C	0.17182	0.39341	0.43477
59 A	0.17498	0.38982	0.4352
60 T	0.18605	0.37081	0.44315
61 G	0.18711	0.36443	0.44847
62 A	0.19796	0.32180	0.48023
63 A	0.23453	0.26968	0.49579
64 T	0.24307	0.19118	0.56574
65 T	0.24436	0.16702	0.58862
66 A	0.24163	0.17542	0.58295
67 T	0.23963	0.14634	0.61402
68 A	0.23220	0.16496	0.60284
69 T	0.22003	0.18812	0.59186
70 G	0.19571	0.26132	0.54296
71 T	0.17365	0.36799	0.45836
72 A	0.14195	0.45321	0.40484
73 A	0.12907	0.47919	0.39174
74 A	0.12026	0.49198	0.38776
75 T	0.11375	0.49910	0.38715
76 T	0.10991	0.50494	0.38515
77 C	0.10487	0.51048	0.38466
78 T	0.10161	0.51847	0.37992
79 A	0.09767	0.52478	0.37755
80 A	0.09492	0.52832	0.37676
81 A	0.09278	0.53230	0.37492
82 A	0.09034	0.53595	0.37371
83 T	0.08954	0.53536	0.3751
84 G	0.08867	0.53417	0.37715
85 A	0.08878	0.53217	0.37905
86 A	0.08962	0.52916	0.38122
87 A	0.09117	0.52539	0.38344
88 G	0.09874	0.51349	0.38776
89 A	0.12213	0.48489	0.39298
90 T	0.16945	0.43010	0.40045
91 A	0.20894	0.38213	0.40893
92 A	0.24247	0.33586	0.42167
93 A	0.29422	0.25981	0.44597
94 T	0.37264	0.15574	0.47162
95 T	0.41270	0.08356	0.50374
96 T	0.42488	0.05861	0.51652
97 T	0.42869	0.04850	0.5228
98 T	0.43003	0.04322	0.52676
99 T	0.42913	0.04333	0.52754
100 T	0.41866	0.05446	0.52688
101 T	0.40620	0.06754	0.52627
102 A	0.38496	0.09294	0.5221
103 G	0.37817	0.10136	0.52047
104 A	0.37676	0.10441	0.51883
105 T	0.37664	0.10398	0.51938
106 T	0.37175	0.11369	0.51456
107 T	0.36624	0.13314	0.50062
108 T	0.35768	0.15645	0.48587
109 T	0.33103	0.21096	0.45801
110 T	0.29522	0.26032	0.44446
111 A	0.24747	0.31142	0.44111
112 A	0.21313	0.34951	0.43736
113 A	0.16564	0.40058	0.43378
114 T	0.13252	0.43511	0.43237
115 C	0.09924	0.46931	0.43145
116 A	0.08729	0.48323	0.42949
117 A	0.08276	0.48881	0.42842
118 A	0.08112	0.49078	0.4281
119 A	0.08103	0.49096	0.42801
120 T	0.08275	0.48899	0.42825
121 A	0.08461	0.48542	0.42997
122 A	0.08871	0.47633	0.43496
123 T	0.09523	0.45751	0.44727
124 A	0.09764	0.44162	0.46075
125 T	0.10255	0.41764	0.4798
126 T	0.10518	0.40870	0.48612
127 G	0.10667	0.40550	0.48783
128 A	0.10860	0.40185	0.48955
129 A	0.11703	0.38410	0.49887
130 T	0.13494	0.35573	0.50933
131 A	0.14814	0.33000	0.52186
132 T	0.17380	0.27361	0.55259
133 G	0.18223	0.22933	0.58843
134 A	0.18300	0.18782	0.62918
135 A	0.18510	0.15765	0.65725
136 T	0.18874	0.11121	0.70005
137 T	0.18819	0.08431	0.72749
138 T	0.18301	0.06754	0.74945
139 G	0.17303	0.07823	0.74874
140 T	0.16614	0.09364	0.74022
141 A	0.14228	0.13736	0.72035
142 G	0.11644	0.19015	0.69342
143 A	0.09105	0.26015	0.64881
144 T	0.07717	0.28301	0.63983
145 A	0.06873	0.30640	0.62487
146 A	0.06486	0.32188	0.61325
147 A	0.06278	0.32510	0.61212
148 C	0.06156	0.32690	0.61153
149 A	0.06148	0.32978	0.60874
150 T	0.06036	0.33410	0.60554
151 C	0.05660	0.34274	0.60066
152 A	0.05400	0.35193	0.59407
153 A	0.05265	0.35527	0.59208
154 T	0.05399	0.35384	0.59217
155 T	0.05404	0.35447	0.59149
156 A	0.05238	0.35660	0.59102
157 A	0.05285	0.35407	0.59308
158 A	0.05381	0.35072	0.59547
159 T	0.05585	0.34558	0.59858
160 G	0.05341	0.34649	0.6001
161 A	0.05527	0.34063	0.6041
162 A	0.06304	0.32491	0.61206
163 A	0.07310	0.30643	0.62046
164 A	0.08579	0.27128	0.64293
165 A	0.10960	0.22157	0.66883
166 G	0.14855	0.15682	0.69463
167 C	0.15463	0.13726	0.7081
168 A	0.16269	0.12801	0.70929
169 A	0.16823	0.12114	0.71063
170 A	0.16760	0.12048	0.71192
171 T	0.17004	0.11639	0.71358
172 A	0.17029	0.11515	0.71456
173 G	0.17449	0.10423	0.72129
174 T	0.18115	0.09124	0.7276
175 T	0.18492	0.08337	0.7317
176 T	0.18126	0.08456	0.73419
177 C	0.16792	0.09625	0.73583
178 G	0.15482	0.10919	0.73599
179 A	0.14938	0.11422	0.7364
180 A	0.13771	0.12486	0.73743
181 C	0.13240	0.12882	0.73878
182 A	0.12970	0.13128	0.73901
183 T	0.12908	0.12733	0.74359
184 C	0.12028	0.13283	0.7469
185 A	0.10994	0.14263	0.74743
186 A	0.10343	0.14861	0.74796
187 G	0.10105	0.14684	0.75211
188 G	0.10018	0.14498	0.75484
189 T	0.10035	0.14272	0.75692
190 G	0.09969	0.13643	0.76388
191 T	0.10109	0.12843	0.77048
192 G	0.09918	0.12493	0.7759
193 G	0.09735	0.12295	0.7797
194 T	0.09545	0.12315	0.78141
195 A	0.09093	0.12490	0.78417
196 G	0.08777	0.12504	0.78718
197 C	0.08532	0.12441	0.79027
198 A	0.08448	0.12593	0.78958
199 A	0.08400	0.12568	0.79032
200 A	0.08389	0.11798	0.79813
201 A	0.08415	0.10893	0.80692
202 G	0.08469	0.10471	0.8106
203 T	0.08434	0.09122	0.82445
204 T	0.08331	0.08621	0.83047
205 G	0.08158	0.08585	0.83257
206 A	0.08042	0.08882	0.83076
207 A	0.07983	0.08297	0.83721
208 G	0.07966	0.07374	0.8466
209 A	0.07982	0.06856	0.85162
210 T	0.08060	0.06495	0.85445
211 T	0.08088	0.06379	0.85533
212 A	0.08084	0.06368	0.85547
213 T	0.08106	0.06226	0.85668
214 A	0.08109	0.06148	0.85743
215 A	0.08145	0.05861	0.85994
216 A	0.08174	0.05566	0.8626
217 T	0.08277	0.05168	0.86555
218 A	0.08353	0.04673	0.86974
219 T	0.08484	0.04214	0.87301
220 C	0.08559	0.03918	0.87523
221 A	0.08741	0.03700	0.87559
222 T	0.09006	0.03400	0.87594
223 A	0.09165	0.03230	0.87605
224 A	0.09346	0.03031	0.87623
225 T	0.09715	0.02637	0.87649
226 T	0.10009	0.02251	0.8774
227 T	0.10239	0.01909	0.87852
228 A	0.10448	0.01551	0.88001
229 T	0.10899	0.00987	0.88114
230 T	0.11082	0.00740	0.88178
231 T	0.11175	0.00602	0.88223
232 T	0.11245	0.00504	0.8825
233 C	0.11285	0.00446	0.88269
234 T	0.11345	0.00378	0.88276
235 T	0.11415	0.00299	0.88286
236 T	0.11434	0.00276	0.8829
237 T	0.11442	0.00262	0.88295
238 T	0.11435	0.00269	0.88296
239 T	0.11415	0.00280	0.88305
240 A	0.11385	0.00305	0.8831
241 G	0.11368	0.00308	0.88324
242 A	0.11367	0.00303	0.88331
243 T	0.11363	0.00289	0.88348
244 T	0.11323	0.00319	0.88358
245 C	0.11229	0.00412	0.8836
246 T	0.11188	0.00456	0.88356
247 G	0.11129	0.00516	0.88356
248 A	0.11107	0.00538	0.88355
249 T	0.11103	0.00542	0.88355
250 T	0.11099	0.00545	0.88356
251 C	0.11076	0.00565	0.88359
252 T	0.11043	0.00608	0.88349
253 T	0.10981	0.00704	0.88315
254 T	0.10875	0.00880	0.88246
255 T	0.10761	0.01057	0.88182
256 T	0.10588	0.01243	0.8817
257 A	0.10401	0.01433	0.88166
258 T	0.10253	0.01568	0.88179
259 T	0.09997	0.01808	0.88194
260 C	0.09604	0.02182	0.88214
261 T	0.09197	0.02595	0.88208
262 A	0.08442	0.03356	0.88202
263 A	0.08061	0.03729	0.8821
264 T	0.07924	0.03857	0.88219
265 A	0.07783	0.03995	0.88222
266 A	0.07724	0.04029	0.88247
267 A	0.07697	0.03991	0.88312
268 T	0.07678	0.03904	0.88419
269 T	0.07646	0.03887	0.88467
270 T	0.07593	0.03893	0.88513
271 A	0.07441	0.04039	0.8852
272 A	0.07339	0.04136	0.88524
273 A	0.07286	0.04175	0.88539
274 A	0.07265	0.04150	0.88585
275 G	0.07271	0.04073	0.88657
276 A	0.07309	0.03945	0.88746
277 T	0.07389	0.03700	0.88911
278 T	0.07450	0.03480	0.8907
279 T	0.07461	0.03264	0.89275
280 T	0.07465	0.03062	0.89474
281 T	0.07454	0.02913	0.89633
282 A	0.07448	0.02723	0.89828
283 A	0.07449	0.02374	0.90178
284 T	0.07460	0.01946	0.90593
285 T	0.07469	0.01312	0.91218
286 T	0.07467	0.01084	0.91448
287 T	0.07445	0.01066	0.91489
288 A	0.07275	0.01271	0.91454
289 G	0.07117	0.01504	0.91379
290 A	0.06786	0.01878	0.91335
291 T	0.06650	0.02017	0.91333
292 G	0.06499	0.02183	0.91318
293 A	0.06428	0.02259	0.91313
294 A	0.06401	0.02173	0.91426
295 A	0.06392	0.02099	0.91509
296 T	0.06400	0.02045	0.91556
297 T	0.06398	0.02036	0.91566
298 C	0.06392	0.02057	0.91551
299 A	0.06392	0.02099	0.9151
300 T	0.06394	0.02100	0.91506
301 G	0.06388	0.02104	0.91508
302 A	0.06390	0.02100	0.9151
303 T	0.06396	0.02091	0.91513
304 C	0.06390	0.02079	0.91531
305 C	0.06397	0.02064	0.91539
306 A	0.06407	0.02053	0.9154
307 C	0.06430	0.02027	0.91543
308 A	0.06458	0.01998	0.91545
309 T	0.06551	0.01903	0.91546
310 A	0.06613	0.01825	0.91561
311 A	0.06735	0.01543	0.91722
312 T	0.06875	0.01247	0.91878
313 T	0.06947	0.00792	0.92262
314 T	0.06978	0.00605	0.92417
315 T	0.06990	0.00453	0.92557
316 G	0.06948	0.00433	0.92618
317 G	0.06904	0.00442	0.92654
318 C	0.06877	0.00451	0.92673
319 G	0.06877	0.00454	0.9267
320 C	0.06889	0.00450	0.92661
321 T	0.06913	0.00443	0.92643
322 A	0.06939	0.00444	0.92617
323 T	0.06940	0.00455	0.92604
324 T	0.06930	0.00473	0.92597
325 T	0.06910	0.00514	0.92575
326 T	0.06853	0.00605	0.92542
327 A	0.06748	0.00777	0.92476
328 A	0.06671	0.00836	0.92494
329 G	0.06555	0.00924	0.92521
330 G	0.06480	0.00985	0.92535
331 A	0.06418	0.01042	0.9254
332 C	0.06384	0.01071	0.92545
333 T	0.06358	0.01102	0.9254
334 A	0.06315	0.01160	0.92524
335 T	0.06304	0.01183	0.92513
336 G	0.06285	0.01219	0.92496
337 G	0.06279	0.01226	0.92496
338 A	0.06276	0.01200	0.92523
339 A	0.06275	0.01139	0.92587
340 G	0.06274	0.01086	0.9264
341 C	0.06279	0.01046	0.92675
342 G	0.06293	0.01024	0.92682
343 T	0.06315	0.00999	0.92686
344 T	0.06331	0.00981	0.92689
345 A	0.06341	0.00967	0.92691
346 C	0.06350	0.00950	0.927
347 A	0.06362	0.00917	0.92721
348 A	0.06383	0.00867	0.92751
349 T	0.06433	0.00746	0.92821
350 T	0.06509	0.00585	0.92907
351 T	0.06507	0.00531	0.92963
352 G	0.06489	0.00435	0.93076
353 A	0.06421	0.00439	0.93141
354 T	0.06362	0.00431	0.93208
355 G	0.06253	0.00518	0.93229
356 G	0.06206	0.00547	0.93247
357 C	0.06208	0.00532	0.9326
358 A	0.06212	0.00600	0.93188
359 T	0.06226	0.00648	0.93126
360 T	0.06217	0.00752	0.93031
361 A	0.06204	0.00879	0.92916
362 T	0.06179	0.00948	0.92873
363 T	0.06163	0.01015	0.92822
364 A	0.06139	0.01045	0.92816
365 T	0.06128	0.01055	0.92817
366 A	0.06111	0.01070	0.92819
367 T	0.06096	0.01080	0.92824
368 C	0.06007	0.01164	0.92829
369 T	0.05893	0.01278	0.92829
370 C	0.05616	0.01556	0.92828
371 A	0.05523	0.01658	0.92819
372 A	0.05470	0.01722	0.92808
373 A	0.05438	0.01765	0.92798
374 A	0.05428	0.01775	0.92797
375 A	0.05433	0.01754	0.92812
376 A	0.05438	0.01674	0.92888
377 A	0.05448	0.01593	0.92958
378 T	0.05480	0.01448	0.93072
379 C	0.05499	0.01376	0.93125
380 A	0.05528	0.01342	0.9313
381 A	0.05601	0.01259	0.93141
382 G	0.05680	0.01169	0.93151
383 T	0.05794	0.01041	0.93164
384 T	0.05894	0.00929	0.93177
385 C	0.05921	0.00861	0.93218
386 T	0.05950	0.00821	0.93228
387 T	0.05943	0.00820	0.93237
388 T	0.05934	0.00834	0.93232
389 T	0.05912	0.00845	0.93243
390 G	0.05868	0.00878	0.93254
391 A	0.05855	0.00788	0.93356
392 A	0.05844	0.00668	0.93487
393 C	0.05819	0.00409	0.93772
394 G	0.05810	0.00353	0.93836
395 G	0.05817	0.00316	0.93867
396 A	0.05819	0.00300	0.93881
397 G	0.05823	0.00290	0.93886
398 C	0.05823	0.00291	0.93885
399 T	0.05823	0.00306	0.93871
400 G	0.05820	0.00314	0.93865
401 T	0.05816	0.00331	0.93853
402 A	0.05807	0.00359	0.93834
403 G	0.05803	0.00367	0.9383
404 C	0.05797	0.00376	0.93826
405 T	0.05771	0.00440	0.93789
406 A	0.05691	0.00533	0.93776
407 A	0.05607	0.00647	0.93746
408 A	0.05545	0.00714	0.9374
409 G	0.05503	0.00754	0.93743
410 C	0.05491	0.00736	0.93773
411 A	0.05490	0.00729	0.93782
412 T	0.05483	0.00712	0.93805
413 C	0.05464	0.00703	0.93834
414 T	0.05433	0.00730	0.93838
415 A	0.05314	0.00850	0.93837
416 G	0.05263	0.00877	0.93861
417 C	0.05207	0.00921	0.93872
418 G	0.05164	0.00962	0.93873
419 G	0.05143	0.00977	0.9388
420 A	0.05133	0.00986	0.93881
421 G	0.05135	0.00982	0.93884
422 C	0.05151	0.00964	0.93885
423 A	0.05161	0.00949	0.93889
424 T	0.05178	0.00927	0.93895
425 T	0.05192	0.00904	0.93904
426 A	0.05193	0.00899	0.93909
427 G	0.05196	0.00889	0.93915
428 A	0.05223	0.00830	0.93947
429 A	0.05233	0.00744	0.94023
430 T	0.05262	0.00634	0.94104
431 A	0.05269	0.00567	0.94164
432 T	0.05269	0.00519	0.94212
433 G	0.05263	0.00502	0.94235
434 T	0.05263	0.00487	0.9425
435 T	0.05260	0.00478	0.94262
436 A	0.05254	0.00466	0.9428
437 A	0.05252	0.00440	0.94308
438 T	0.05256	0.00326	0.94418
439 A	0.05255	0.00285	0.9446
440 T	0.05258	0.00229	0.94513
441 T	0.05259	0.00191	0.9455
442 T	0.05256	0.00178	0.94565
443 T	0.05250	0.00192	0.94558
444 T	0.05223	0.00257	0.9452
445 T	0.05208	0.00339	0.94453
446 T	0.05187	0.00417	0.94397
447 A	0.05125	0.00595	0.9428
448 G	0.05090	0.00666	0.94244
449 T	0.05081	0.00702	0.94217
450 A	0.04992	0.00830	0.94178
451 G	0.04956	0.00883	0.94161
452 A	0.04948	0.00907	0.94145
453 T	0.04950	0.00908	0.94142
454 A	0.04945	0.00919	0.94136
455 A	0.04948	0.00914	0.94137
456 T	0.04964	0.00891	0.94145
457 T	0.04971	0.00880	0.94149
458 T	0.04973	0.00875	0.94153
459 A	0.04972	0.00872	0.94155
460 T	0.04975	0.00868	0.94157
461 T	0.04971	0.00876	0.94153
462 T	0.04941	0.00916	0.94143
463 A	0.04900	0.00960	0.9414
464 A	0.04849	0.01010	0.94141
465 A	0.04796	0.01055	0.94149
466 A	0.04775	0.01058	0.94166
467 C	0.04797	0.00991	0.94212
468 T	0.04874	0.00905	0.94221
469 A	0.04903	0.00887	0.9421
470 T	0.05012	0.00751	0.94237
471 T	0.05012	0.00751	0.94238
472 A	0.04986	0.00786	0.94228
473 T	0.04996	0.00695	0.94308
474 T	0.04990	0.00678	0.94333
475 T	0.04974	0.00691	0.94336
476 A	0.04928	0.00745	0.94328
477 T	0.04916	0.00749	0.94336
478 T	0.04885	0.00775	0.94339
479 T	0.04830	0.00829	0.94341
480 G	0.04713	0.00944	0.94343
481 C	0.04649	0.01005	0.94346
482 A	0.04631	0.01029	0.94341
483 A	0.04623	0.01039	0.94338
484 A	0.04623	0.01037	0.94339
485 G	0.04633	0.01001	0.94366
486 T	0.04637	0.00977	0.94387
487 A	0.04632	0.00942	0.94426
488 A	0.04632	0.00887	0.94481
489 A	0.04634	0.00837	0.94529
490 G	0.04638	0.00792	0.9457
491 A	0.04648	0.00762	0.9459
492 T	0.04682	0.00690	0.94629
493 A	0.04697	0.00654	0.94649
494 T	0.04727	0.00582	0.94691
495 T	0.04740	0.00528	0.94732
496 G	0.04739	0.00504	0.94756
497 T	0.04741	0.00492	0.94767
498 T	0.04722	0.00519	0.94759
499 G	0.04714	0.00563	0.94722
500 T	0.04708	0.00555	0.94737
501 T	0.04682	0.00571	0.94746
502 A	0.04612	0.00627	0.94761
503 T	0.04588	0.00570	0.94842
504 C	0.04502	0.00616	0.94882
505 G	0.04460	0.00650	0.94889
506 G	0.04437	0.00677	0.94887
507 T	0.04413	0.00707	0.94881
508 A	0.04350	0.00784	0.94866
509 C	0.04334	0.00806	0.9486
510 T	0.04332	0.00815	0.94853
511 G	0.04316	0.00832	0.94852
512 A	0.04306	0.00846	0.94847
513 T	0.04301	0.00854	0.94845
514 T	0.04286	0.00874	0.9484
515 C	0.04259	0.00902	0.94838
516 A	0.04221	0.00965	0.94813
517 A	0.04184	0.01008	0.94807
518 A	0.04167	0.01028	0.94806
519 A	0.04161	0.01026	0.94814
520 G	0.04172	0.01003	0.94824
521 C	0.04217	0.00914	0.94868
522 T	0.04300	0.00822	0.94878
523 G	0.04300	0.00818	0.94881
524 A	0.04317	0.00798	0.94884
525 T	0.04341	0.00736	0.94923
526 T	0.04347	0.00756	0.94897
527 T	0.04348	0.00759	0.94893
528 A	0.04339	0.00923	0.94738
529 A	0.04322	0.01204	0.94474
530 A	0.04313	0.01329	0.94358
531 T	0.04265	0.01380	0.94355
532 T	0.04124	0.01632	0.94244
533 T	0.03955	0.01885	0.9416
534 A	0.03590	0.02332	0.94079
535 A	0.03429	0.02555	0.94015
536 A	0.03335	0.02672	0.93994
537 T	0.03316	0.02693	0.93991
538 A	0.03302	0.02709	0.93988
539 A	0.03313	0.02686	0.94002
540 A	0.03306	0.02682	0.94012
541 T	0.03306	0.02683	0.94011
542 T	0.03287	0.02693	0.9402
543 A	0.03253	0.02728	0.94019
544 A	0.03240	0.02737	0.94024
545 A	0.03233	0.02736	0.94032
546 C	0.03219	0.02734	0.94048
547 A	0.03221	0.02727	0.94051
548 C	0.03254	0.02691	0.94055
549 A	0.03308	0.02635	0.94056
550 A	0.03404	0.02537	0.9406
551 A	0.03610	0.02323	0.94067
552 T	0.03992	0.01906	0.94102
553 T	0.04159	0.01708	0.94133
554 G	0.04232	0.01467	0.94301
555 T	0.04348	0.01130	0.94522
556 T	0.04407	0.00855	0.94738
557 C	0.04445	0.00545	0.9501
558 T	0.04498	0.00398	0.95104
559 C	0.04520	0.00314	0.95166
560 T	0.04541	0.00281	0.95178
561 T	0.04558	0.00258	0.95184
562 G	0.04546	0.00267	0.95186
563 C	0.04551	0.00251	0.95198
564 T	0.04553	0.00261	0.95186
565 A	0.04532	0.00287	0.95181
566 T	0.04525	0.00295	0.9518
567 T	0.04512	0.00322	0.95166
568 G	0.04496	0.00408	0.95096
569 T	0.04483	0.00543	0.94973
570 T	0.04442	0.00816	0.94743
571 T	0.04368	0.01116	0.94516
572 T	0.04189	0.01496	0.94315
573 A	0.04016	0.01946	0.94038
574 G	0.03917	0.02305	0.93778
575 G	0.03868	0.02393	0.93739
576 A	0.03852	0.02467	0.93681
577 A	0.03845	0.02507	0.93648
578 A	0.03841	0.02524	0.93635
579 C	0.03837	0.02529	0.93634
580 G	0.03835	0.02544	0.93622
581 A	0.03830	0.02561	0.93609
582 A	0.03822	0.02573	0.93605
583 G	0.03818	0.02578	0.93605
584 G	0.03814	0.02584	0.93602
585 G	0.03809	0.02574	0.93618
586 A	0.03802	0.02580	0.93618
587 A	0.03808	0.02572	0.9362
588 A	0.03836	0.02537	0.93626
589 G	0.03873	0.02501	0.93626
590 G	0.03912	0.02498	0.9359
591 A	0.04007	0.02400	0.93593
592 A	0.04182	0.02214	0.93604
593 T	0.04464	0.01886	0.93651
594 A	0.04619	0.01651	0.9373
595 C	0.04776	0.01310	0.93913
596 G	0.04976	0.01003	0.94022
597 T	0.05193	0.00731	0.94076
598 C	0.05172	0.00742	0.94086
599 C	0.05167	0.00783	0.94051
600 T	0.05174	0.00831	0.93995
601 T	0.05146	0.00900	0.93954
602 T	0.05083	0.01005	0.93912
603 A	0.04959	0.01162	0.93879
604 T	0.04903	0.01241	0.93856
605 T	0.04780	0.01375	0.93845
606 A	0.04646	0.01508	0.93846
607 A	0.04578	0.01573	0.9385
608 A	0.04544	0.01598	0.93858
609 A	0.04527	0.01612	0.93862
610 C	0.04522	0.01606	0.93872
611 A	0.04521	0.01618	0.93861
612 A	0.04531	0.01623	0.93846
613 A	0.04576	0.01578	0.93846
614 A	0.04599	0.01553	0.93848
615 G	0.04630	0.01516	0.93853
616 T	0.04677	0.01432	0.93891
617 G	0.04689	0.01372	0.93939
618 T	0.04706	0.01325	0.9397
619 A	0.04718	0.01293	0.93988
620 A	0.04754	0.01239	0.94007
621 T	0.04805	0.01110	0.94085
622 T	0.04866	0.00970	0.94163
623 T	0.04903	0.00883	0.94214
624 T	0.04914	0.00870	0.94216
625 T	0.04905	0.00953	0.94142
626 T	0.04861	0.01026	0.94113
627 A	0.04817	0.01165	0.94018
628 A	0.04791	0.01253	0.93956
629 T	0.04781	0.01231	0.93988
630 G	0.04753	0.01349	0.93899
631 A	0.04744	0.01499	0.93757
632 A	0.04735	0.01584	0.93682
633 G	0.04726	0.01590	0.93683
634 A	0.04730	0.01577	0.93692
635 T	0.04748	0.01550	0.93702
636 A	0.04747	0.01546	0.93707
637 C	0.04753	0.01537	0.93711
638 C	0.04755	0.01537	0.93707
639 T	0.04759	0.01544	0.93697
640 A	0.04760	0.01553	0.93687
641 T	0.04763	0.01554	0.93684
642 G	0.04760	0.01563	0.93677
643 A	0.04757	0.01578	0.93666
644 A	0.04749	0.01584	0.93667
645 A	0.04766	0.01555	0.93679
646 G	0.04801	0.01493	0.93706
647 G	0.04894	0.01364	0.93741
648 T	0.05076	0.01141	0.93783
649 C	0.05190	0.00976	0.93834
650 G	0.05327	0.00820	0.93853
651 T	0.05500	0.00643	0.93857
652 A	0.05556	0.00593	0.93851
653 T	0.05672	0.00468	0.93861
654 T	0.05785	0.00361	0.93854
655 A	0.05841	0.00288	0.93871
656 A	0.05854	0.00259	0.93886
657 T	0.05869	0.00230	0.93902
658 T	0.05873	0.00220	0.93908
659 C	0.05876	0.00210	0.93914
660 T	0.05882	0.00209	0.93909
661 C	0.05886	0.00213	0.93901
662 T	0.05893	0.00225	0.93882
663 T	0.05896	0.00233	0.9387
664 A	0.05886	0.00257	0.93857
665 A	0.05883	0.00262	0.93854
666 T	0.05875	0.00269	0.93856
667 G	0.05853	0.00277	0.93869
668 T	0.05846	0.00284	0.9387
669 A	0.05828	0.00309	0.93863
670 A	0.05822	0.00316	0.93862
671 G	0.05822	0.00314	0.93864
672 T	0.05827	0.00307	0.93866
673 G	0.05829	0.00302	0.93869
674 T	0.05842	0.00286	0.93872
675 G	0.05848	0.00276	0.93876
676 G	0.05855	0.00265	0.9388
677 C	0.05866	0.00246	0.93889
678 T	0.05871	0.00238	0.93891
679 G	0.05873	0.00235	0.93893
680 C	0.05874	0.00233	0.93894
681 C	0.05876	0.00230	0.93894
682 G	0.05880	0.00227	0.93893
683 C	0.05891	0.00219	0.9389
684 T	0.05907	0.00228	0.93864
685 T	0.05922	0.00259	0.9382
686 T	0.05903	0.00313	0.93785
687 G	0.05799	0.00463	0.93738
688 A	0.05714	0.00681	0.93605
689 T	0.05629	0.00884	0.93487
690 A	0.05367	0.01360	0.93273
691 A	0.05058	0.02105	0.92837
692 T	0.04917	0.02483	0.92601
693 G	0.04536	0.03054	0.92409
694 T	0.04184	0.03491	0.92325
695 A	0.04053	0.03654	0.92293
696 T	0.04008	0.03715	0.92278
697 A	0.03953	0.03784	0.92263
698 C	0.03935	0.03804	0.92262
699 A	0.03924	0.03815	0.9226
700 T	0.03924	0.03815	0.9226
701 T	0.03924	0.03815	0.9226
702 A	0.03924	0.03815	0.92262
703 C	0.03925	0.03814	0.92262
704 A	0.03925	0.03813	0.92262
705 A	0.03928	0.03809	0.92263
706 A	0.03937	0.03799	0.92264
707 A	0.03971	0.03762	0.92267
708 T	0.04033	0.03697	0.9227
709 A	0.04073	0.03622	0.92305
710 A	0.04140	0.03445	0.92414
711 A	0.04277	0.03204	0.92519
712 A	0.04441	0.02925	0.92635
713 A	0.04707	0.02352	0.92941
714 T	0.05212	0.01463	0.93324
715 T	0.05454	0.00980	0.93566
716 A	0.05590	0.00483	0.93926
717 A	0.05673	0.00000	0.94327
