# lcl|CP097583.1_cds_USQ93208.1_1
# AA	inside	membr	outside
1 A	0.22360	0.00000	0.77641
2 T	0.22246	0.00114	0.77641
3 G	0.22194	0.00166	0.77641
4 A	0.22194	0.00785	0.77022
5 T	0.22021	0.01320	0.76659
6 A	0.22021	0.01391	0.76587
7 G	0.20902	0.02532	0.76566
8 T	0.20902	0.02533	0.76566
9 T	0.20806	0.02636	0.76558
10 G	0.20806	0.03539	0.75655
11 T	0.20769	0.03631	0.756
12 T	0.19566	0.04872	0.75562
13 A	0.15115	0.09684	0.75201
14 A	0.15115	0.09685	0.75201
15 A	0.15115	0.12308	0.72577
16 A	0.15084	0.12339	0.72577
17 A	0.15052	0.12394	0.72555
18 T	0.15051	0.12446	0.72504
19 T	0.14960	0.12599	0.72441
20 T	0.14139	0.15188	0.70673
21 A	0.13268	0.16068	0.70664
22 A	0.13278	0.16489	0.70233
23 G	0.13331	0.16735	0.69934
24 T	0.13566	0.17057	0.69377
25 T	0.13679	0.17253	0.69068
26 T	0.13629	0.17750	0.68621
27 T	0.13735	0.18090	0.68174
28 A	0.13548	0.18582	0.6787
29 A	0.13448	0.18809	0.67744
30 T	0.13487	0.17853	0.6866
31 T	0.13238	0.17982	0.6878
32 A	0.12777	0.18401	0.68821
33 T	0.13010	0.18098	0.68892
34 A	0.11651	0.20573	0.67776
35 A	0.11191	0.20399	0.6841
36 A	0.11145	0.17388	0.71466
37 G	0.11070	0.17473	0.71457
38 A	0.12960	0.15695	0.71345
39 T	0.12971	0.15676	0.71353
40 A	0.12914	0.15882	0.71204
41 A	0.12939	0.15780	0.7128
42 A	0.13011	0.15575	0.71414
43 C	0.14510	0.13257	0.72233
44 A	0.14558	0.12784	0.72658
45 A	0.15258	0.12138	0.72605
46 A	0.15859	0.11510	0.72631
47 T	0.16883	0.10452	0.72664
48 T	0.17503	0.09835	0.72662
49 T	0.17905	0.09302	0.72794
50 T	0.18135	0.08984	0.7288
51 T	0.18204	0.08579	0.73218
52 A	0.18106	0.08535	0.73359
53 A	0.18088	0.08348	0.73565
54 T	0.18274	0.07694	0.74032
55 G	0.18455	0.07020	0.74525
56 A	0.18885	0.06220	0.74895
57 T	0.20213	0.03731	0.76056
58 T	0.20484	0.03049	0.76468
59 T	0.20576	0.02745	0.76678
60 G	0.20615	0.02627	0.76758
61 A	0.20708	0.02553	0.76739
62 A	0.20799	0.02418	0.76782
63 T	0.21044	0.02033	0.76922
64 T	0.21130	0.01930	0.7694
65 T	0.21121	0.02021	0.76857
66 T	0.20934	0.02617	0.76449
67 G	0.20732	0.02987	0.76281
68 A	0.20680	0.03233	0.76087
69 A	0.20660	0.03387	0.75953
70 A	0.20712	0.03399	0.75889
71 T	0.20799	0.03339	0.75862
72 T	0.20884	0.03256	0.75861
73 T	0.20963	0.03107	0.75929
74 A	0.20955	0.03068	0.75978
75 T	0.20922	0.02983	0.76094
76 T	0.20825	0.03011	0.76164
77 C	0.20719	0.03085	0.76196
78 G	0.20668	0.03119	0.76213
79 G	0.20642	0.03155	0.76203
80 G	0.20638	0.03180	0.76182
81 T	0.20701	0.03164	0.76134
82 C	0.20587	0.03370	0.76042
83 A	0.20539	0.03530	0.75931
84 A	0.20532	0.03636	0.75832
85 T	0.20552	0.03755	0.75693
86 G	0.20553	0.03808	0.75639
87 G	0.20638	0.03809	0.75552
88 A	0.20855	0.03537	0.75608
89 T	0.21341	0.02845	0.75814
90 T	0.21511	0.02483	0.76007
91 G	0.21617	0.02294	0.7609
92 C	0.21699	0.02178	0.76122
93 T	0.21764	0.02140	0.76095
94 A	0.21812	0.02143	0.76045
95 T	0.21883	0.02073	0.76044
96 T	0.21870	0.02094	0.76035
97 A	0.21777	0.02201	0.76022
98 T	0.21652	0.02243	0.76106
99 C	0.21280	0.02541	0.76179
100 G	0.21110	0.02753	0.76136
101 G	0.21037	0.02889	0.76074
102 A	0.20996	0.03082	0.75922
103 G	0.21016	0.03215	0.75769
104 A	0.21092	0.03256	0.75653
105 T	0.21214	0.03023	0.75763
106 A	0.21283	0.02906	0.75811
107 A	0.21351	0.02775	0.75874
108 T	0.21467	0.02618	0.75915
109 G	0.21481	0.02583	0.75937
110 G	0.21543	0.02512	0.75945
111 T	0.21558	0.02529	0.75914
112 T	0.21434	0.02722	0.75844
113 C	0.20835	0.03416	0.75749
114 A	0.17532	0.07254	0.75214
115 G	0.16058	0.09006	0.74936
116 G	0.14645	0.10806	0.74549
117 A	0.13557	0.12358	0.74086
118 A	0.12895	0.13068	0.74037
119 A	0.12633	0.13328	0.74039
120 A	0.12522	0.13353	0.74125
121 A	0.12455	0.13248	0.74296
122 C	0.12491	0.12839	0.7467
123 T	0.12631	0.12595	0.74775
124 A	0.12698	0.12512	0.7479
125 C	0.12850	0.12328	0.74822
126 T	0.12998	0.12201	0.74801
127 T	0.13053	0.12145	0.74802
128 T	0.13054	0.12136	0.7481
129 A	0.13032	0.12142	0.74826
130 G	0.13039	0.12118	0.74843
131 C	0.13064	0.12013	0.74924
132 T	0.13083	0.11969	0.74948
133 A	0.13090	0.11954	0.74956
134 A	0.13185	0.11838	0.74978
135 A	0.13309	0.11577	0.75114
136 A	0.13460	0.10865	0.75674
137 T	0.14027	0.06720	0.79252
138 A	0.14287	0.05075	0.80638
139 T	0.14634	0.03288	0.82078
140 T	0.14969	0.01965	0.83066
141 A	0.14972	0.01375	0.83652
142 G	0.14967	0.01128	0.83905
143 T	0.14845	0.01197	0.83959
144 T	0.14596	0.01450	0.83953
145 G	0.14316	0.01929	0.83755
146 G	0.14152	0.02677	0.83171
147 T	0.14139	0.03245	0.82616
148 T	0.14090	0.04259	0.8165
149 T	0.13911	0.05978	0.80111
150 A	0.13590	0.08196	0.78215
151 T	0.13418	0.11144	0.75438
152 T	0.12480	0.12484	0.75035
153 A	0.10648	0.14612	0.7474
154 A	0.09656	0.15689	0.74655
155 A	0.09013	0.16349	0.74638
156 C	0.08394	0.16943	0.74662
157 A	0.07386	0.17955	0.7466
158 A	0.07063	0.18274	0.74662
159 A	0.06878	0.18457	0.74665
160 C	0.06728	0.18607	0.74666
161 A	0.06626	0.18715	0.74658
162 T	0.06501	0.18836	0.74664
163 A	0.06158	0.19184	0.74659
164 A	0.06099	0.19213	0.74688
165 A	0.06054	0.19212	0.74735
166 G	0.06106	0.18908	0.74986
167 G	0.06233	0.18447	0.7532
168 T	0.06704	0.17685	0.75611
169 C	0.07354	0.16843	0.75803
170 G	0.07983	0.16171	0.75847
171 A	0.09071	0.15041	0.75889
172 A	0.10648	0.13280	0.76073
173 T	0.12589	0.11011	0.764
174 T	0.14829	0.08592	0.76579
175 T	0.15209	0.07001	0.77789
176 T	0.15361	0.05142	0.79497
177 T	0.15329	0.04298	0.80373
178 A	0.15095	0.04150	0.80754
179 T	0.14952	0.03912	0.81136
180 T	0.14588	0.03821	0.81592
181 A	0.13920	0.05003	0.81077
182 A	0.13611	0.05436	0.80953
183 T	0.13304	0.05778	0.80919
184 A	0.12566	0.06966	0.80468
185 A	0.12235	0.07432	0.80333
186 T	0.12081	0.07316	0.80603
187 A	0.11951	0.07454	0.80595
188 T	0.11855	0.07519	0.80627
189 T	0.11665	0.07790	0.80545
190 G	0.11534	0.08159	0.80307
191 A	0.11408	0.08716	0.79875
192 A	0.11270	0.09347	0.79384
193 T	0.11148	0.10013	0.7884
194 T	0.10951	0.11634	0.77415
195 A	0.10305	0.13544	0.76151
196 A	0.09973	0.14255	0.75772
197 A	0.09743	0.14766	0.75492
198 T	0.09687	0.14978	0.75335
199 G	0.09597	0.15442	0.74961
200 A	0.09641	0.15675	0.74684
201 A	0.09778	0.15485	0.74737
202 A	0.09987	0.15191	0.74822
203 A	0.10390	0.14486	0.75123
204 T	0.11270	0.12983	0.75747
205 A	0.11548	0.12433	0.76018
206 A	0.11777	0.11903	0.7632
207 T	0.12276	0.10783	0.76941
208 T	0.12507	0.10253	0.77239
209 T	0.12539	0.10070	0.77391
210 A	0.12447	0.10094	0.77459
211 A	0.12451	0.10037	0.77511
212 C	0.12517	0.09783	0.777
213 A	0.12708	0.09648	0.77644
214 A	0.13136	0.09170	0.77694
215 A	0.13771	0.08446	0.77784
216 A	0.14524	0.07572	0.77904
217 T	0.16149	0.05761	0.7809
218 T	0.17342	0.03854	0.78803
219 A	0.17662	0.03166	0.79173
220 C	0.17973	0.02567	0.7946
221 G	0.18252	0.02218	0.79529
222 T	0.18773	0.01628	0.79599
223 T	0.19097	0.01275	0.79628
224 T	0.19221	0.01139	0.79641
225 T	0.19279	0.01098	0.79624
226 T	0.19300	0.01148	0.79552
227 T	0.19295	0.01252	0.79452
228 A	0.19294	0.01335	0.79371
229 A	0.19310	0.01352	0.79338
230 T	0.19372	0.01256	0.79372
231 T	0.19393	0.01234	0.79373
232 G	0.19407	0.01378	0.79216
233 G	0.19474	0.01287	0.79239
234 T	0.19526	0.01269	0.79206
235 A	0.19527	0.01346	0.79127
236 T	0.19634	0.01253	0.79113
237 T	0.19665	0.01259	0.79075
238 G	0.19671	0.01316	0.79013
239 T	0.19672	0.01344	0.78984
240 T	0.19667	0.01351	0.78982
241 T	0.19658	0.01362	0.7898
242 T	0.19591	0.01432	0.78977
243 C	0.19476	0.01551	0.78973
244 C	0.19365	0.01671	0.78965
245 A	0.19330	0.01725	0.78944
246 A	0.19321	0.01739	0.7894
247 A	0.19337	0.01724	0.78939
248 A	0.19383	0.01678	0.7894
249 T	0.19516	0.01539	0.78945
250 C	0.19614	0.01418	0.78968
251 C	0.19706	0.01314	0.7898
252 T	0.19775	0.01242	0.78983
253 G	0.19800	0.01218	0.78982
254 A	0.19859	0.01160	0.78981
255 T	0.20097	0.00920	0.78982
256 T	0.20173	0.00839	0.78988
257 A	0.20219	0.00773	0.79007
258 T	0.20302	0.00664	0.79033
259 C	0.20304	0.00649	0.79047
260 A	0.20315	0.00634	0.79051
261 A	0.20352	0.00590	0.79057
262 T	0.20385	0.00553	0.79062
263 T	0.20387	0.00535	0.79078
264 T	0.20376	0.00534	0.7909
265 G	0.20333	0.00494	0.79173
266 T	0.20316	0.00402	0.79282
267 C	0.20274	0.00348	0.79377
268 G	0.20252	0.00363	0.79386
269 G	0.20245	0.00362	0.79394
270 T	0.20239	0.00367	0.79394
271 T	0.20231	0.00379	0.7939
272 T	0.20220	0.00392	0.79388
273 C	0.20200	0.00402	0.79398
274 G	0.20194	0.00414	0.79392
275 A	0.20192	0.00422	0.79386
276 T	0.20189	0.00426	0.79384
277 G	0.20183	0.00437	0.7938
278 T	0.20179	0.00446	0.79375
279 T	0.20168	0.00459	0.79372
280 A	0.20144	0.00484	0.79372
281 A	0.20132	0.00496	0.79373
282 G	0.20125	0.00484	0.7939
283 A	0.20123	0.00480	0.79398
284 G	0.20124	0.00474	0.79402
285 T	0.20129	0.00490	0.79381
286 G	0.20118	0.00558	0.79324
287 A	0.20117	0.00598	0.79285
288 T	0.20123	0.00591	0.79286
289 A	0.20121	0.00585	0.79295
290 T	0.20123	0.00547	0.79331
291 T	0.20128	0.00510	0.79363
292 G	0.20126	0.00505	0.79369
293 C	0.20119	0.00513	0.79369
294 T	0.20117	0.00531	0.79352
295 T	0.20094	0.00560	0.79346
296 T	0.20043	0.00624	0.79334
297 T	0.19950	0.00732	0.79319
298 G	0.19887	0.00811	0.79302
299 G	0.19856	0.00851	0.79293
300 T	0.19847	0.00865	0.79288
301 T	0.19833	0.00899	0.79269
302 T	0.19812	0.00938	0.7925
303 A	0.19710	0.01061	0.79229
304 G	0.19618	0.01211	0.79171
305 A	0.19476	0.01486	0.79038
306 A	0.19392	0.01586	0.79023
307 A	0.19325	0.01675	0.79
308 A	0.19289	0.01726	0.78985
309 T	0.19288	0.01730	0.78982
310 C	0.19243	0.01782	0.78974
311 A	0.19194	0.01856	0.7895
312 A	0.19177	0.01895	0.78928
313 T	0.19181	0.01909	0.7891
314 T	0.19145	0.01975	0.78881
315 A	0.19089	0.02055	0.78857
316 T	0.19087	0.02031	0.78883
317 T	0.19075	0.02013	0.78912
318 A	0.19027	0.02021	0.78952
319 T	0.19005	0.01969	0.79026
320 C	0.18940	0.01932	0.79128
321 T	0.18473	0.02373	0.79155
322 C	0.17566	0.03271	0.79163
323 G	0.16450	0.04474	0.79076
324 T	0.16025	0.04957	0.79017
325 G	0.15334	0.05700	0.78966
326 A	0.14901	0.06151	0.78948
327 A	0.14660	0.06420	0.7892
328 A	0.14586	0.06457	0.78957
329 A	0.14476	0.06642	0.78882
330 A	0.14430	0.06698	0.78871
331 A	0.14381	0.06774	0.78845
332 T	0.14373	0.06751	0.78876
333 T	0.14334	0.06778	0.78888
334 G	0.14274	0.06781	0.78946
335 A	0.14269	0.06762	0.78969
336 A	0.14266	0.06741	0.78994
337 T	0.14283	0.06670	0.79047
338 C	0.14273	0.06629	0.79098
339 T	0.14098	0.06875	0.79027
340 A	0.13889	0.07201	0.78911
341 A	0.13789	0.07432	0.78779
342 A	0.13747	0.07509	0.78744
343 A	0.13742	0.07462	0.78797
344 T	0.13769	0.06734	0.79496
345 A	0.13785	0.05713	0.80502
346 T	0.13887	0.04425	0.81688
347 T	0.13912	0.04112	0.81977
348 G	0.13875	0.04192	0.81933
349 A	0.13896	0.04581	0.81523
350 A	0.13969	0.04514	0.81517
351 A	0.14084	0.04334	0.81582
352 T	0.14281	0.03999	0.81721
353 A	0.14405	0.03818	0.81777
354 T	0.14529	0.03636	0.81834
355 T	0.14584	0.03758	0.81659
356 C	0.14613	0.03757	0.8163
357 T	0.14620	0.03998	0.81381
358 A	0.14626	0.04309	0.81065
359 A	0.14629	0.04510	0.80861
360 T	0.14662	0.04578	0.80759
361 A	0.14688	0.04585	0.80727
362 T	0.14776	0.04336	0.80889
363 G	0.14873	0.04131	0.80996
364 T	0.15011	0.04080	0.80908
365 T	0.15013	0.04440	0.80547
366 G	0.14945	0.04812	0.80243
367 A	0.14946	0.05185	0.79869
368 A	0.15003	0.05254	0.79743
369 T	0.15140	0.05114	0.79746
370 A	0.15262	0.04998	0.7974
371 T	0.15866	0.04380	0.79754
372 T	0.16381	0.03858	0.79761
373 C	0.16472	0.03794	0.79734
374 A	0.16490	0.03825	0.79685
375 A	0.16511	0.03808	0.79681
376 C	0.16563	0.03760	0.79677
377 A	0.16670	0.03677	0.79653
378 T	0.17099	0.03271	0.7963
379 C	0.17172	0.03227	0.79601
380 T	0.17245	0.03326	0.79429
381 A	0.16825	0.03836	0.79339
382 T	0.16604	0.04091	0.79305
383 T	0.15463	0.05283	0.79255
384 A	0.13840	0.06949	0.79212
385 G	0.13671	0.07095	0.79234
386 A	0.13663	0.07075	0.79263
387 A	0.13805	0.06902	0.79293
388 T	0.14208	0.06447	0.79345
389 C	0.14366	0.06241	0.79393
390 T	0.14402	0.06225	0.79373
391 A	0.14321	0.06313	0.79366
392 A	0.14282	0.06351	0.79368
393 A	0.14290	0.06325	0.79384
394 C	0.14339	0.06254	0.79407
395 C	0.14360	0.06182	0.79458
396 T	0.14395	0.06128	0.79477
397 C	0.14391	0.06131	0.79479
398 A	0.14188	0.06398	0.79413
399 A	0.14163	0.06462	0.79374
400 G	0.14165	0.06492	0.79342
401 A	0.14187	0.06500	0.79313
402 A	0.14251	0.06415	0.79335
403 T	0.14452	0.05859	0.79689
404 T	0.14364	0.05211	0.80426
405 A	0.14093	0.05051	0.80856
406 T	0.13926	0.04042	0.82032
407 C	0.13458	0.03230	0.83312
408 A	0.13126	0.04205	0.82669
409 G	0.12927	0.04972	0.821
410 G	0.12868	0.05490	0.81641
411 A	0.12843	0.05643	0.81514
412 G	0.12843	0.05623	0.81533
413 G	0.12856	0.05467	0.81676
414 T	0.12822	0.05668	0.8151
415 C	0.12778	0.06517	0.80705
416 A	0.12752	0.08493	0.78755
417 A	0.12743	0.08686	0.78571
418 A	0.12743	0.08859	0.78398
419 A	0.12751	0.08888	0.78361
420 A	0.12768	0.08905	0.78327
421 C	0.12825	0.08659	0.78516
422 A	0.12859	0.08633	0.78508
423 A	0.12896	0.08591	0.78512
424 A	0.12966	0.08511	0.78523
425 A	0.13060	0.08401	0.78538
426 A	0.13108	0.08333	0.78559
427 G	0.13188	0.07857	0.78954
428 T	0.13360	0.07275	0.79366
429 G	0.13461	0.06912	0.79627
430 G	0.13725	0.06239	0.80036
431 C	0.14374	0.05391	0.80234
432 T	0.14999	0.04697	0.80304
433 A	0.15308	0.04363	0.80329
434 T	0.15552	0.04102	0.80346
435 A	0.15675	0.03981	0.80344
436 G	0.15960	0.03681	0.80359
437 C	0.16346	0.03232	0.80422
438 T	0.17325	0.02231	0.80444
439 T	0.18854	0.00736	0.8041
440 C	0.19014	0.00628	0.80357
441 T	0.19164	0.00813	0.80023
442 G	0.19186	0.01105	0.7971
443 T	0.19239	0.01199	0.79562
444 T	0.19233	0.01458	0.7931
445 T	0.19216	0.01518	0.79266
446 T	0.19194	0.01556	0.7925
447 A	0.19099	0.01679	0.79223
448 T	0.19057	0.01730	0.79214
449 C	0.18977	0.01817	0.79207
450 T	0.18895	0.01919	0.79185
451 A	0.18748	0.02097	0.79154
452 T	0.18699	0.02161	0.7914
453 G	0.18641	0.02224	0.79135
454 G	0.18615	0.02251	0.79135
455 A	0.18611	0.02254	0.79135
456 A	0.18608	0.02255	0.79137
457 C	0.18596	0.02265	0.79139
458 C	0.18605	0.02263	0.79131
459 A	0.18612	0.02296	0.79093
460 G	0.18630	0.02360	0.79009
461 A	0.18685	0.02358	0.78957
462 T	0.18818	0.02265	0.78917
463 A	0.18924	0.02200	0.78876
464 T	0.19343	0.01810	0.78846
465 T	0.19617	0.01552	0.78831
466 A	0.19703	0.01523	0.78774
467 T	0.19852	0.01360	0.78788
468 T	0.19887	0.01318	0.78796
469 A	0.19900	0.01307	0.78793
470 T	0.19932	0.01182	0.78887
471 T	0.19941	0.01096	0.78963
472 T	0.19942	0.01029	0.79029
473 T	0.19945	0.00982	0.79073
474 T	0.19946	0.00914	0.7914
475 G	0.19910	0.00949	0.79141
476 A	0.19886	0.00962	0.79152
477 T	0.19881	0.00948	0.79171
478 G	0.19876	0.00940	0.79184
479 A	0.19877	0.00927	0.79197
480 G	0.19883	0.00898	0.7922
481 C	0.19898	0.00870	0.79232
482 C	0.19942	0.00825	0.79233
483 T	0.20045	0.00727	0.79228
484 A	0.20090	0.00684	0.79227
485 C	0.20123	0.00652	0.79225
486 A	0.20153	0.00626	0.79222
487 T	0.20221	0.00560	0.79219
488 C	0.20275	0.00511	0.79214
489 T	0.20389	0.00419	0.79192
490 T	0.20424	0.00419	0.79157
491 T	0.20437	0.00458	0.79105
492 T	0.20289	0.00709	0.79001
493 T	0.19794	0.01469	0.78737
494 T	0.18311	0.03359	0.78331
495 A	0.15493	0.06400	0.78107
496 G	0.13726	0.08190	0.78084
497 A	0.12396	0.09534	0.78071
498 T	0.11852	0.10037	0.78111
499 C	0.09601	0.12269	0.7813
500 C	0.08623	0.13252	0.78125
501 A	0.07804	0.14107	0.7809
502 C	0.07169	0.14784	0.78047
503 A	0.06760	0.15291	0.7795
504 A	0.06474	0.15646	0.7788
505 G	0.06394	0.15733	0.77873
506 G	0.06352	0.15779	0.7787
507 A	0.06288	0.15849	0.77863
508 T	0.06255	0.15875	0.7787
509 C	0.06171	0.15957	0.77871
510 A	0.06132	0.16017	0.77851
511 G	0.06122	0.16059	0.77818
512 A	0.06135	0.16109	0.77755
513 A	0.06172	0.16097	0.77731
514 G	0.06238	0.16029	0.77733
515 A	0.06340	0.15659	0.78002
516 A	0.06576	0.14836	0.78588
517 A	0.06937	0.12656	0.80408
518 T	0.07184	0.09650	0.83166
519 T	0.07234	0.07765	0.85001
520 T	0.07256	0.06466	0.86278
521 A	0.07251	0.05908	0.86841
522 T	0.07248	0.03760	0.88993
523 G	0.07228	0.03177	0.89594
524 A	0.07219	0.02767	0.90014
525 T	0.07255	0.02416	0.90329
526 A	0.07311	0.02608	0.9008
527 T	0.07334	0.03167	0.895
528 T	0.07266	0.03402	0.89331
529 A	0.07064	0.04039	0.88897
530 T	0.06597	0.05025	0.88378
531 A	0.06043	0.07167	0.86791
532 C	0.05440	0.09387	0.85172
533 A	0.05175	0.11487	0.83337
534 A	0.04949	0.13385	0.81665
535 T	0.04833	0.14626	0.8054
536 A	0.04551	0.17458	0.77991
537 T	0.04428	0.18011	0.7756
538 A	0.04265	0.18496	0.77239
539 T	0.04239	0.18643	0.77118
540 T	0.04170	0.18808	0.77022
541 C	0.04053	0.19026	0.76921
542 A	0.03978	0.19340	0.76682
543 T	0.03962	0.19401	0.76637
544 A	0.03906	0.19505	0.76589
545 A	0.03926	0.19521	0.76553
546 A	0.04022	0.19469	0.76509
547 C	0.04206	0.19263	0.76531
548 A	0.04355	0.19169	0.76477
549 A	0.04805	0.18776	0.76419
550 A	0.05481	0.18118	0.76402
551 A	0.05799	0.17796	0.76406
552 A	0.06382	0.17165	0.76453
553 A	0.07326	0.15771	0.76903
554 A	0.09327	0.13236	0.77438
555 T	0.11257	0.10715	0.78027
556 A	0.12675	0.09301	0.78024
557 A	0.14125	0.07936	0.7794
558 A	0.15283	0.07041	0.77677
559 A	0.17616	0.04966	0.77418
560 T	0.18246	0.04360	0.77393
561 T	0.18663	0.03984	0.77353
562 T	0.18726	0.04306	0.76968
563 T	0.18576	0.04560	0.76863
564 G	0.18305	0.04894	0.76802
565 A	0.18233	0.04930	0.76837
566 T	0.18219	0.04908	0.76873
567 C	0.18140	0.04934	0.76926
568 A	0.18139	0.04963	0.76898
569 C	0.18190	0.04918	0.76892
570 T	0.18152	0.05009	0.76839
571 A	0.18139	0.05030	0.76831
572 T	0.18205	0.04967	0.76828
573 A	0.18218	0.04948	0.76833
574 A	0.18255	0.04905	0.7684
575 C	0.18343	0.04783	0.76874
576 T	0.18464	0.04649	0.76887
577 C	0.18484	0.04621	0.76894
578 A	0.18519	0.04586	0.76894
579 C	0.18759	0.04342	0.76899
580 G	0.19063	0.04049	0.76889
581 A	0.19554	0.03568	0.76879
582 T	0.20330	0.02797	0.76873
583 T	0.20580	0.02522	0.76898
584 T	0.20767	0.02304	0.76929
585 A	0.21018	0.01881	0.77101
586 T	0.21146	0.01467	0.77387
587 C	0.21186	0.01108	0.77706
588 T	0.21124	0.01133	0.77743
589 T	0.21039	0.01195	0.77766
590 T	0.20909	0.01286	0.77805
591 T	0.20565	0.01631	0.77804
592 G	0.20114	0.02088	0.77797
593 C	0.19821	0.02291	0.77887
594 T	0.19440	0.02790	0.77769
595 T	0.18973	0.03426	0.77601
596 T	0.18293	0.04258	0.7745
597 G	0.17201	0.05459	0.77339
598 A	0.16429	0.06318	0.77253
599 A	0.15788	0.06945	0.77268
600 A	0.15431	0.07251	0.77318
601 A	0.15212	0.07405	0.77383
602 G	0.15120	0.07450	0.77431
603 C	0.15030	0.07524	0.77446
604 G	0.14877	0.07737	0.77386
605 A	0.14724	0.08013	0.77263
606 T	0.14678	0.08189	0.77132
607 A	0.14628	0.08534	0.76838
608 A	0.14611	0.08708	0.76682
609 A	0.14611	0.08810	0.76579
610 A	0.14630	0.08843	0.76527
611 T	0.14730	0.08579	0.76691
612 T	0.14765	0.08418	0.76817
613 A	0.14762	0.08288	0.7695
614 T	0.14797	0.07930	0.77273
615 G	0.14756	0.07605	0.77639
616 A	0.14799	0.07219	0.77983
617 T	0.15002	0.06360	0.78638
618 T	0.15154	0.05677	0.7917
619 T	0.15164	0.05238	0.79598
620 T	0.15018	0.04983	0.79999
621 A	0.14758	0.05012	0.80231
622 G	0.14593	0.04934	0.80473
623 A	0.14506	0.05091	0.80402
624 T	0.14476	0.05223	0.80301
625 A	0.14383	0.05655	0.79962
626 A	0.14352	0.05624	0.80023
627 A	0.14384	0.05442	0.80174
628 G	0.14477	0.05193	0.80331
629 G	0.14591	0.05124	0.80284
630 C	0.14899	0.04897	0.80204
631 G	0.15067	0.05312	0.79621
632 A	0.15228	0.05547	0.79225
633 T	0.15414	0.05571	0.79015
634 T	0.15504	0.05803	0.78694
635 T	0.15553	0.06149	0.78299
636 A	0.15551	0.06868	0.77581
637 A	0.15565	0.07595	0.7684
638 T	0.15626	0.07772	0.76601
639 T	0.15538	0.08096	0.76366
640 A	0.15222	0.08656	0.76122
641 A	0.15063	0.09037	0.759
642 A	0.14888	0.09283	0.75829
643 T	0.15098	0.08929	0.75974
644 A	0.15135	0.08736	0.76129
645 T	0.15376	0.08470	0.76154
646 G	0.15325	0.08675	0.76
647 A	0.15139	0.09394	0.75468
648 T	0.15244	0.09412	0.75343
649 A	0.14699	0.10033	0.75268
650 A	0.14507	0.10236	0.75257
651 A	0.14513	0.10223	0.75264
652 C	0.14678	0.10027	0.75294
653 C	0.14897	0.09808	0.75296
654 T	0.15596	0.09125	0.75279
655 T	0.15946	0.08789	0.75265
656 C	0.16100	0.08652	0.75248
657 A	0.16290	0.08505	0.75205
658 A	0.16631	0.08179	0.7519
659 A	0.17334	0.07441	0.75225
660 T	0.18226	0.06508	0.75267
661 T	0.18569	0.06141	0.75291
662 T	0.18762	0.05761	0.75477
663 A	0.18871	0.05337	0.75792
664 A	0.19050	0.04878	0.76072
665 T	0.19195	0.04418	0.76387
666 T	0.19215	0.04359	0.76426
667 A	0.19159	0.04665	0.76176
668 A	0.19142	0.04791	0.76067
669 A	0.19262	0.04464	0.76273
670 G	0.19681	0.03607	0.76712
671 A	0.19894	0.03175	0.76932
672 T	0.20107	0.02416	0.77477
673 T	0.20175	0.02140	0.77685
674 C	0.20187	0.02038	0.77776
675 T	0.20203	0.02053	0.77744
676 T	0.20200	0.02245	0.77555
677 T	0.20197	0.02404	0.77399
678 G	0.20192	0.02588	0.77219
679 T	0.20202	0.03014	0.76784
680 T	0.20211	0.03197	0.76592
681 T	0.20199	0.03243	0.76559
682 T	0.20163	0.03322	0.76515
683 T	0.19892	0.03664	0.76444
684 A	0.19682	0.04000	0.76318
685 C	0.19614	0.04145	0.76241
686 A	0.19582	0.04443	0.75975
687 A	0.19602	0.04496	0.75902
688 A	0.19645	0.04483	0.75872
689 A	0.19790	0.04315	0.75895
690 T	0.20166	0.03864	0.7597
691 T	0.20343	0.03618	0.76039
692 A	0.20307	0.03847	0.75846
693 T	0.20271	0.04023	0.75706
694 T	0.20204	0.04218	0.75578
695 A	0.19987	0.04662	0.75352
696 T	0.19829	0.04853	0.75318
697 A	0.19480	0.05256	0.75264
698 A	0.19242	0.05576	0.75181
699 T	0.19459	0.05477	0.75064
700 C	0.19508	0.05516	0.74977
701 A	0.19611	0.05710	0.7468
702 T	0.20008	0.05319	0.74673
703 T	0.20142	0.05170	0.74687
704 T	0.20105	0.05186	0.74709
705 A	0.19987	0.05278	0.74735
706 C	0.19642	0.05310	0.75048
707 C	0.19614	0.05192	0.75194
708 T	0.19586	0.05222	0.75191
709 T	0.19285	0.05619	0.75096
710 T	0.18340	0.06649	0.75012
711 A	0.16938	0.08125	0.74938
712 G	0.16522	0.08563	0.74915
713 A	0.16349	0.08731	0.7492
714 A	0.16358	0.08675	0.74966
715 T	0.16646	0.08288	0.75066
716 T	0.16773	0.08126	0.75101
717 A	0.16752	0.08071	0.75177
718 A	0.16821	0.07795	0.75384
719 A	0.16641	0.07776	0.75583
720 A	0.16646	0.07438	0.75916
721 C	0.16703	0.07036	0.76261
722 T	0.16821	0.06866	0.76313
723 C	0.16702	0.06895	0.76402
724 T	0.16596	0.07311	0.76093
725 A	0.16056	0.08342	0.75602
726 T	0.15696	0.09069	0.75235
727 T	0.14812	0.10514	0.74674
728 A	0.13546	0.12034	0.7442
729 T	0.13054	0.12003	0.74943
730 G	0.12447	0.12573	0.7498
731 A	0.11907	0.13110	0.74982
732 T	0.11711	0.12831	0.75457
733 T	0.11510	0.12147	0.76342
734 T	0.10813	0.11804	0.77382
735 G	0.09707	0.12855	0.77437
736 C	0.08991	0.13850	0.77158
737 A	0.08539	0.17120	0.74342
738 A	0.07800	0.20992	0.71208
739 A	0.07396	0.22363	0.70241
740 A	0.06946	0.23604	0.6945
741 A	0.06214	0.24920	0.68865
742 G	0.05411	0.25903	0.68686
743 A	0.05100	0.26480	0.6842
744 A	0.05030	0.26597	0.68373
745 A	0.05032	0.26601	0.68367
746 A	0.05126	0.26259	0.68615
747 A	0.05537	0.25392	0.69072
748 G	0.06102	0.24174	0.69724
749 A	0.06627	0.23291	0.70081
750 T	0.07408	0.21679	0.70912
751 T	0.07735	0.20239	0.72026
752 T	0.07859	0.19698	0.72442
753 A	0.07748	0.19488	0.72764
754 T	0.07774	0.18769	0.73457
755 C	0.07604	0.18456	0.7394
756 A	0.07365	0.19233	0.73402
757 G	0.07399	0.19307	0.73294
758 A	0.07630	0.19204	0.73166
759 G	0.08051	0.19076	0.72872
760 A	0.10589	0.18141	0.7127
761 T	0.13742	0.15699	0.7056
762 A	0.14300	0.15115	0.70585
763 A	0.14943	0.14162	0.70895
764 A	0.14867	0.13736	0.71397
765 T	0.14444	0.13513	0.72042
766 C	0.11770	0.16193	0.72037
767 A	0.08506	0.21470	0.70024
768 A	0.06918	0.25632	0.6745
769 A	0.05061	0.29752	0.65187
770 A	0.04022	0.31891	0.64087
771 A	0.03344	0.33217	0.6344
772 A	0.03071	0.33754	0.63175
773 A	0.03038	0.33789	0.63173
774 A	0.03078	0.33723	0.63199
775 A	0.03244	0.33485	0.63271
776 T	0.03643	0.32836	0.6352
777 C	0.03807	0.32507	0.63686
778 A	0.04028	0.32184	0.63788
779 A	0.04726	0.31354	0.6392
780 A	0.05385	0.30604	0.64011
781 C	0.06085	0.29753	0.64162
782 A	0.06825	0.29016	0.64159
783 A	0.08549	0.26968	0.64483
784 T	0.09954	0.25396	0.64651
785 T	0.10305	0.24814	0.64881
786 A	0.10407	0.24611	0.64983
787 A	0.10669	0.23376	0.65956
788 A	0.11017	0.21570	0.67413
789 G	0.11374	0.18249	0.70376
790 G	0.13316	0.13267	0.73417
791 A	0.15965	0.09121	0.74913
792 T	0.18405	0.04823	0.76772
793 G	0.19232	0.03352	0.77417
794 T	0.19667	0.02963	0.77371
795 T	0.19431	0.04126	0.76442
796 T	0.18652	0.05769	0.75579
797 T	0.17478	0.08562	0.7396
798 G	0.15596	0.10962	0.73442
799 T	0.14228	0.13035	0.72738
800 G	0.13607	0.13800	0.72594
801 G	0.13328	0.14242	0.7243
802 C	0.12997	0.14748	0.72255
803 A	0.12899	0.14903	0.72198
804 A	0.12870	0.14952	0.72178
805 T	0.12931	0.14887	0.72182
806 A	0.12954	0.14860	0.72186
807 C	0.12975	0.14832	0.72193
808 A	0.13013	0.14774	0.72212
809 A	0.13079	0.14637	0.72284
810 T	0.13143	0.14459	0.72398
811 T	0.13208	0.14339	0.72453
812 T	0.13239	0.14269	0.72492
813 A	0.13269	0.14149	0.72582
814 A	0.13328	0.14007	0.72665
815 A	0.13440	0.13774	0.72787
816 G	0.13791	0.13107	0.73102
817 A	0.14568	0.11998	0.73434
818 T	0.16066	0.09632	0.74302
819 G	0.17063	0.07604	0.75333
820 T	0.18710	0.04590	0.767
821 A	0.19216	0.02480	0.78303
822 A	0.19990	0.00000	0.8001
