# lcl|CP097583.1_cds_USQ93544.1_1
# AA	inside	membr	outside
1 A	0.42283	0.00000	0.57718
2 T	0.42265	0.00018	0.57718
3 G	0.42248	0.00035	0.57718
4 T	0.42248	0.00748	0.57005
5 T	0.41361	0.03607	0.55033
6 T	0.41361	0.04620	0.54019
7 A	0.32044	0.14362	0.53594
8 A	0.32044	0.14375	0.53581
9 A	0.30981	0.15485	0.53534
10 T	0.30980	0.18058	0.50962
11 T	0.30745	0.18670	0.50585
12 A	0.21545	0.28368	0.50088
13 C	0.13206	0.37458	0.49337
14 A	0.13205	0.37459	0.49336
15 A	0.13205	0.38885	0.47911
16 A	0.13009	0.39081	0.47911
17 A	0.12820	0.39273	0.47907
18 T	0.12817	0.39280	0.47904
19 C	0.12659	0.39440	0.47901
20 A	0.12246	0.39963	0.47791
21 A	0.11889	0.40320	0.47791
22 T	0.11924	0.40287	0.47789
23 T	0.11948	0.40266	0.47786
24 T	0.11967	0.40255	0.47778
25 A	0.11963	0.40081	0.47956
26 A	0.11980	0.39905	0.48115
27 A	0.12422	0.38764	0.48813
28 A	0.13978	0.36187	0.49836
29 T	0.15017	0.34489	0.50494
30 A	0.15514	0.26548	0.57939
31 A	0.15673	0.25377	0.5895
32 C	0.15881	0.22135	0.61985
33 A	0.18106	0.19283	0.6261
34 A	0.18646	0.18134	0.6322
35 T	0.20045	0.10104	0.69852
36 T	0.20745	0.03477	0.75779
37 T	0.20845	0.03254	0.75901
38 T	0.21470	0.02349	0.76182
39 T	0.21474	0.02522	0.76005
40 T	0.21467	0.02483	0.76051
41 A	0.21428	0.02780	0.75791
42 T	0.21427	0.02672	0.75901
43 T	0.21491	0.02317	0.76191
44 T	0.21460	0.02748	0.75792
45 G	0.21347	0.03449	0.75204
46 T	0.21324	0.03489	0.75187
47 T	0.21272	0.03548	0.7518
48 T	0.21161	0.03704	0.75135
49 A	0.21074	0.04007	0.7492
50 C	0.21045	0.04082	0.74873
51 T	0.21034	0.04131	0.74835
52 T	0.21015	0.04186	0.74799
53 T	0.20978	0.04271	0.7475
54 A	0.20953	0.04412	0.74635
55 T	0.20938	0.04514	0.74548
56 T	0.20922	0.04557	0.74521
57 A	0.20900	0.04675	0.74425
58 G	0.20894	0.04747	0.74359
59 G	0.20928	0.04746	0.74326
60 A	0.21006	0.04713	0.74281
61 T	0.21269	0.04504	0.74226
62 T	0.21897	0.03901	0.74202
63 A	0.22138	0.03689	0.74173
64 T	0.22584	0.03246	0.7417
65 T	0.22710	0.03164	0.74126
66 A	0.22727	0.03253	0.7402
67 A	0.23172	0.02817	0.74011
68 T	0.23713	0.02207	0.7408
69 T	0.23749	0.02213	0.74038
70 A	0.23729	0.02238	0.74033
71 T	0.23797	0.02117	0.74085
72 T	0.23896	0.01960	0.74145
73 T	0.23829	0.02022	0.74149
74 T	0.23699	0.02183	0.74118
75 G	0.23483	0.02509	0.74008
76 C	0.23394	0.02661	0.73944
77 A	0.23417	0.02936	0.73646
78 T	0.23310	0.03091	0.73599
79 A	0.22718	0.03767	0.73514
80 A	0.22626	0.03883	0.73491
81 T	0.22546	0.03958	0.73497
82 C	0.22004	0.04488	0.73508
83 A	0.21679	0.04847	0.73474
84 T	0.21535	0.05018	0.73447
85 C	0.21409	0.05203	0.73388
86 A	0.21264	0.05427	0.73309
87 A	0.21210	0.05559	0.73231
88 G	0.21240	0.05586	0.73173
89 T	0.21351	0.05514	0.73135
90 G	0.21362	0.05561	0.73076
91 A	0.21404	0.05482	0.73114
92 T	0.21405	0.05397	0.73198
93 G	0.21322	0.05371	0.73308
94 G	0.21339	0.05255	0.73407
95 C	0.21358	0.05110	0.73532
96 G	0.21394	0.05024	0.73582
97 A	0.21475	0.04905	0.7362
98 T	0.21640	0.04645	0.73715
99 G	0.21710	0.04567	0.73722
100 A	0.21913	0.04513	0.73574
101 A	0.21933	0.04309	0.73757
102 T	0.21991	0.03672	0.74337
103 A	0.21900	0.03667	0.74434
104 A	0.21882	0.03552	0.74566
105 T	0.21897	0.02899	0.75204
106 G	0.21887	0.02572	0.7554
107 G	0.21904	0.02396	0.757
108 T	0.21983	0.02300	0.75717
109 C	0.21994	0.02423	0.75583
110 A	0.21995	0.02857	0.75148
111 T	0.22032	0.03339	0.74629
112 A	0.22000	0.03530	0.7447
113 T	0.21947	0.03628	0.74425
114 A	0.21743	0.03846	0.74411
115 T	0.21528	0.03996	0.74476
116 C	0.21127	0.04319	0.74554
117 T	0.20742	0.04817	0.7444
118 C	0.18904	0.06921	0.74175
119 A	0.18166	0.08277	0.73557
120 A	0.17677	0.09064	0.73259
121 A	0.17239	0.09813	0.72948
122 A	0.17125	0.09928	0.72947
123 T	0.17130	0.09921	0.72949
124 A	0.17048	0.09986	0.72967
125 A	0.17021	0.09973	0.73007
126 C	0.17061	0.09786	0.73154
127 G	0.17068	0.09762	0.73169
128 G	0.17078	0.09749	0.73174
129 A	0.17119	0.09697	0.73183
130 C	0.17221	0.09581	0.73197
131 A	0.17352	0.09459	0.73189
132 T	0.17650	0.09106	0.73244
133 G	0.18000	0.08707	0.73293
134 A	0.18417	0.08271	0.73311
135 T	0.18594	0.08035	0.73371
136 A	0.18655	0.07783	0.73563
137 A	0.18694	0.07445	0.73861
138 T	0.18814	0.06811	0.74375
139 G	0.18923	0.06159	0.74918
140 A	0.19111	0.05640	0.7525
141 T	0.19488	0.03812	0.76701
142 T	0.19968	0.02793	0.77239
143 A	0.20148	0.02276	0.77577
144 T	0.20393	0.01678	0.77929
145 A	0.20402	0.01689	0.77909
146 C	0.20416	0.01525	0.78059
147 T	0.20450	0.01785	0.77765
148 A	0.20443	0.02245	0.77312
149 A	0.20418	0.02457	0.77124
150 T	0.20422	0.02441	0.77137
151 T	0.20376	0.02496	0.77128
152 T	0.20241	0.02591	0.77169
153 T	0.20142	0.02714	0.77144
154 C	0.19933	0.03005	0.77063
155 A	0.19741	0.04337	0.75922
156 A	0.19633	0.04758	0.7561
157 T	0.19547	0.05095	0.75357
158 T	0.19147	0.05662	0.75191
159 A	0.18153	0.06762	0.75086
160 C	0.17623	0.07292	0.75086
161 A	0.17345	0.07572	0.75083
162 A	0.17169	0.07739	0.75092
163 G	0.17130	0.07767	0.75102
164 C	0.17261	0.07629	0.7511
165 C	0.17287	0.07602	0.75112
166 C	0.17368	0.07519	0.75114
167 G	0.17484	0.07408	0.75108
168 T	0.17736	0.07160	0.75104
169 A	0.17815	0.07089	0.75096
170 T	0.18139	0.06769	0.75093
171 T	0.18552	0.06328	0.75119
172 T	0.18718	0.06093	0.7519
173 T	0.18707	0.06038	0.75255
174 A	0.18621	0.06021	0.75358
175 C	0.18620	0.05876	0.75503
176 A	0.18597	0.05900	0.75503
177 A	0.18663	0.05742	0.75595
178 A	0.19598	0.04677	0.75725
179 A	0.20020	0.04160	0.7582
180 T	0.20352	0.03734	0.75914
181 T	0.20446	0.03197	0.76357
182 T	0.20336	0.02468	0.77196
183 A	0.20047	0.02631	0.77323
184 A	0.19903	0.02908	0.7719
185 A	0.19863	0.02990	0.77146
186 T	0.19855	0.02909	0.77235
187 T	0.19826	0.02914	0.7726
188 T	0.19723	0.03041	0.77237
189 T	0.19567	0.03204	0.77229
190 C	0.19097	0.03790	0.77114
191 A	0.17403	0.06388	0.76209
192 A	0.16757	0.07730	0.75512
193 C	0.16519	0.08017	0.75464
194 A	0.15879	0.08749	0.75372
195 A	0.15551	0.09143	0.75305
196 T	0.15316	0.09355	0.75329
197 C	0.14911	0.09686	0.75402
198 T	0.14511	0.10105	0.75384
199 A	0.13912	0.10711	0.75377
200 G	0.13639	0.10987	0.75374
201 A	0.13492	0.11178	0.7533
202 A	0.13514	0.11189	0.75297
203 T	0.13600	0.11032	0.75367
204 A	0.13659	0.10891	0.7545
205 A	0.13784	0.10601	0.75616
206 T	0.14140	0.09977	0.75882
207 T	0.14360	0.09602	0.76038
208 C	0.14339	0.09551	0.76111
209 A	0.14274	0.09624	0.76102
210 A	0.14237	0.09636	0.76127
211 C	0.14252	0.09533	0.76215
212 A	0.14257	0.09484	0.76259
213 A	0.14383	0.09150	0.76467
214 A	0.15277	0.06641	0.78082
215 T	0.16054	0.05224	0.78722
216 T	0.16141	0.04917	0.78942
217 T	0.16201	0.04055	0.79744
218 T	0.16202	0.03654	0.80144
219 T	0.16163	0.03363	0.80474
220 A	0.16113	0.03116	0.80771
221 A	0.16120	0.02783	0.81097
222 T	0.16161	0.02178	0.81661
223 G	0.16150	0.01932	0.81919
224 C	0.16158	0.01838	0.82004
225 T	0.16069	0.02252	0.81678
226 A	0.14525	0.04866	0.8061
227 G	0.13612	0.06536	0.79851
228 A	0.13250	0.08779	0.77972
229 A	0.13066	0.09733	0.77201
230 A	0.12999	0.10013	0.76987
231 T	0.12969	0.10280	0.76752
232 A	0.12912	0.10449	0.76638
233 A	0.12904	0.10458	0.76639
234 T	0.12875	0.10492	0.76634
235 A	0.12770	0.10588	0.76643
236 A	0.12766	0.10574	0.76659
237 T	0.12819	0.10500	0.76682
238 G	0.12784	0.10507	0.76709
239 C	0.12797	0.10452	0.76751
240 T	0.12868	0.10365	0.76767
241 T	0.12874	0.10341	0.76786
242 C	0.12852	0.10339	0.76809
243 C	0.12829	0.10352	0.76819
244 G	0.12813	0.10376	0.7681
245 A	0.12763	0.10436	0.76801
246 A	0.12749	0.10442	0.76809
247 G	0.12882	0.10305	0.76813
248 A	0.13295	0.09800	0.76905
249 A	0.14404	0.07178	0.78417
250 G	0.15287	0.05322	0.7939
251 T	0.17180	0.03034	0.79785
252 T	0.17906	0.02228	0.79866
253 A	0.18111	0.02380	0.79509
254 T	0.18375	0.02188	0.79437
255 T	0.18340	0.02319	0.7934
256 A	0.18157	0.02573	0.7927
257 G	0.17975	0.02770	0.79254
258 T	0.17970	0.02731	0.79298
259 A	0.17914	0.02869	0.79217
260 A	0.17876	0.02937	0.79188
261 T	0.17854	0.02908	0.79238
262 C	0.17801	0.02934	0.79265
263 T	0.17576	0.03386	0.79038
264 T	0.17249	0.03954	0.78797
265 G	0.16900	0.04490	0.7861
266 T	0.16771	0.04768	0.7846
267 A	0.16639	0.04934	0.78427
268 A	0.16519	0.05035	0.78447
269 G	0.16425	0.05053	0.78522
270 T	0.16374	0.05114	0.78512
271 C	0.16236	0.05358	0.78406
272 A	0.16047	0.06014	0.7794
273 A	0.15887	0.06631	0.77483
274 A	0.15860	0.06828	0.77312
275 A	0.15977	0.06783	0.77239
276 T	0.16404	0.06328	0.77268
277 G	0.16534	0.06089	0.77377
278 T	0.16713	0.05750	0.77538
279 A	0.16793	0.05496	0.77711
280 C	0.16868	0.05245	0.77888
281 A	0.16938	0.05200	0.77862
282 A	0.17069	0.05097	0.77835
283 T	0.17201	0.05007	0.77792
284 T	0.17270	0.05024	0.77707
285 A	0.17280	0.05005	0.77715
286 A	0.17432	0.04626	0.77942
287 G	0.17539	0.04152	0.78309
288 T	0.17561	0.03904	0.78535
289 C	0.17492	0.03974	0.78534
290 A	0.17096	0.04697	0.78207
291 A	0.16826	0.05336	0.77838
292 A	0.16702	0.05584	0.77714
293 G	0.16655	0.05626	0.77719
294 A	0.16757	0.05501	0.77742
295 A	0.17207	0.04838	0.77955
296 T	0.17663	0.04181	0.78156
297 T	0.17799	0.03972	0.78229
298 T	0.17821	0.03922	0.78256
299 C	0.17798	0.03921	0.78281
300 G	0.17780	0.03931	0.78289
301 G	0.17773	0.03941	0.78287
302 C	0.17770	0.03944	0.78287
303 T	0.17784	0.03933	0.78283
304 C	0.17741	0.03990	0.78269
305 A	0.17736	0.04028	0.78235
306 A	0.17775	0.04006	0.78219
307 C	0.17853	0.03928	0.78218
308 A	0.17884	0.03909	0.78207
309 A	0.17981	0.03825	0.78194
310 A	0.18197	0.03516	0.78286
311 T	0.18531	0.02989	0.7848
312 T	0.18723	0.02632	0.78645
313 A	0.18972	0.01996	0.79032
314 T	0.19270	0.01468	0.79262
315 T	0.19375	0.01234	0.79391
316 G	0.19378	0.01194	0.79427
317 T	0.19363	0.01185	0.79453
318 T	0.19166	0.01421	0.79413
319 C	0.18833	0.01907	0.7926
320 A	0.18700	0.02383	0.78917
321 C	0.18549	0.02805	0.78646
322 A	0.18399	0.03223	0.78378
323 A	0.18352	0.03376	0.78272
324 T	0.18355	0.03430	0.78215
325 G	0.18347	0.03479	0.78175
326 C	0.18344	0.03536	0.7812
327 T	0.18357	0.03496	0.78147
328 A	0.18366	0.03450	0.78184
329 T	0.18356	0.03435	0.78209
330 G	0.18264	0.03510	0.78226
331 C	0.18177	0.03587	0.78236
332 C	0.18098	0.03675	0.78227
333 A	0.18070	0.03769	0.78161
334 C	0.18059	0.03848	0.78093
335 G	0.18038	0.04183	0.77778
336 A	0.18025	0.04641	0.77333
337 G	0.18022	0.05196	0.76782
338 A	0.17968	0.05338	0.76695
339 A	0.17656	0.05717	0.76626
340 A	0.17394	0.05944	0.76663
341 A	0.17347	0.05758	0.76896
342 C	0.17524	0.05256	0.7722
343 A	0.17806	0.04889	0.77305
344 A	0.18091	0.04489	0.7742
345 T	0.18325	0.04135	0.77541
346 C	0.18356	0.04091	0.77554
347 C	0.18241	0.04327	0.77432
348 A	0.17190	0.05498	0.77312
349 A	0.16441	0.06440	0.77119
350 A	0.15649	0.07508	0.76842
351 T	0.15377	0.07844	0.76779
352 C	0.14945	0.08256	0.76799
353 A	0.14494	0.08649	0.76858
354 A	0.14226	0.08835	0.76938
355 C	0.13993	0.09002	0.77004
356 C	0.14037	0.08971	0.76992
357 A	0.14119	0.08940	0.7694
358 A	0.14422	0.08650	0.76928
359 A	0.14830	0.08219	0.76952
360 T	0.15331	0.07682	0.76986
361 A	0.15419	0.07519	0.77063
362 A	0.15498	0.06988	0.77514
363 T	0.15572	0.06498	0.7793
364 C	0.15598	0.06305	0.78097
365 C	0.15607	0.06237	0.78156
366 T	0.15622	0.06202	0.78176
367 A	0.15634	0.06177	0.78189
368 G	0.15655	0.06140	0.78206
369 A	0.15701	0.06071	0.78229
370 A	0.15823	0.05782	0.78395
371 G	0.15955	0.04319	0.79726
372 A	0.16165	0.03153	0.80683
373 C	0.16452	0.01782	0.81765
374 G	0.16547	0.01370	0.82084
375 T	0.16617	0.00934	0.82449
376 T	0.16677	0.00565	0.82757
377 A	0.16714	0.00309	0.82977
378 A	0.16764	0.00000	0.83237
