# lcl|CP097583.1_cds_USQ93351.1_1
# AA	inside	membr	outside
1 A	0.79968	0.00000	0.20031
2 T	0.79879	0.00089	0.20031
3 G	0.79813	0.00155	0.20031
4 T	0.79813	0.03492	0.16694
5 T	0.78397	0.08898	0.12705
6 T	0.78397	0.09599	0.12004
7 A	0.62306	0.26100	0.11593
8 A	0.62306	0.26105	0.11589
9 A	0.61717	0.26700	0.11583
10 A	0.61716	0.26923	0.11361
11 T	0.61666	0.26984	0.11349
12 T	0.60435	0.28224	0.11341
13 C	0.53603	0.35134	0.11263
14 T	0.53602	0.35135	0.11263
15 T	0.53602	0.37451	0.08947
16 T	0.53004	0.38049	0.08947
17 A	0.51414	0.39664	0.08922
18 T	0.51367	0.39761	0.08872
19 G	0.49133	0.42062	0.08804
20 A	0.40785	0.52509	0.06705
21 A	0.28481	0.64827	0.06692
22 A	0.27665	0.66124	0.06212
23 A	0.27289	0.66838	0.05874
24 A	0.27183	0.67283	0.05534
25 G	0.27429	0.65915	0.06656
26 G	0.27716	0.64921	0.07363
27 T	0.31016	0.59784	0.092
28 T	0.34292	0.55258	0.1045
29 A	0.34795	0.54323	0.10881
30 T	0.35163	0.43213	0.21625
31 T	0.35046	0.43100	0.21855
32 T	0.34875	0.42761	0.22365
33 A	0.34576	0.43718	0.21706
34 A	0.34507	0.44948	0.20544
35 A	0.34600	0.44053	0.21347
36 T	0.34725	0.38164	0.27111
37 A	0.34749	0.38464	0.26787
38 T	0.36543	0.36545	0.26912
39 T	0.36333	0.40132	0.23534
40 G	0.34067	0.43115	0.22818
41 A	0.33367	0.44877	0.21756
42 A	0.33239	0.44866	0.21895
43 A	0.34705	0.38385	0.2691
44 A	0.34751	0.31318	0.33931
45 A	0.35415	0.30303	0.34283
46 A	0.35978	0.30035	0.33988
47 T	0.36474	0.31016	0.3251
48 T	0.36517	0.34376	0.29107
49 T	0.36382	0.37771	0.25847
50 T	0.36230	0.43302	0.20469
51 A	0.35965	0.45034	0.19001
52 A	0.35834	0.48039	0.16127
53 T	0.36004	0.47961	0.16035
54 T	0.35985	0.47861	0.16154
55 C	0.35656	0.48047	0.16298
56 G	0.35982	0.47873	0.16146
57 C	0.36880	0.47631	0.15489
58 G	0.37153	0.50448	0.124
59 A	0.37865	0.51084	0.11051
60 A	0.39182	0.49875	0.10942
61 T	0.41103	0.47862	0.11034
62 A	0.45163	0.43704	0.11132
63 T	0.47885	0.38696	0.13418
64 C	0.49287	0.36537	0.14176
65 A	0.50425	0.35352	0.14222
66 T	0.51562	0.34458	0.1398
67 A	0.52930	0.34057	0.13012
68 A	0.51781	0.36224	0.11996
69 A	0.50771	0.38109	0.11119
70 A	0.52105	0.36881	0.11014
71 T	0.55132	0.33771	0.11097
72 G	0.56457	0.33565	0.09978
73 A	0.60155	0.30481	0.09364
74 A	0.61292	0.29738	0.0897
75 T	0.64019	0.27896	0.08085
76 T	0.63816	0.28125	0.08059
77 T	0.62484	0.29547	0.07969
78 A	0.60897	0.31140	0.07962
79 A	0.60200	0.31662	0.08137
80 C	0.60288	0.31364	0.08348
81 A	0.61954	0.29699	0.08347
82 T	0.62831	0.28829	0.0834
83 T	0.62279	0.29408	0.08313
84 T	0.60951	0.30776	0.08273
85 C	0.57559	0.34228	0.08213
86 A	0.55672	0.36236	0.08092
87 A	0.54445	0.37455	0.08099
88 G	0.54227	0.37573	0.08199
89 A	0.54277	0.37506	0.08217
90 A	0.55090	0.36464	0.08447
91 A	0.56182	0.33159	0.10659
92 T	0.57374	0.29259	0.13367
93 G	0.57742	0.27524	0.14733
94 A	0.58129	0.26412	0.1546
95 T	0.59523	0.23393	0.17084
96 G	0.60161	0.21433	0.18406
97 G	0.60868	0.19631	0.19501
98 T	0.62222	0.17418	0.2036
99 T	0.62494	0.16199	0.21307
100 T	0.62739	0.14684	0.22577
101 T	0.62920	0.13254	0.23827
102 A	0.62971	0.12480	0.24548
103 A	0.63040	0.11761	0.25199
104 T	0.63182	0.10486	0.26331
105 T	0.63290	0.09657	0.27053
106 T	0.63360	0.09298	0.27342
107 A	0.63402	0.08394	0.28204
108 T	0.63486	0.05772	0.30742
109 T	0.63580	0.05117	0.31302
110 T	0.63489	0.06753	0.29757
111 A	0.63442	0.09521	0.27037
112 T	0.63441	0.12731	0.23828
113 T	0.63361	0.16146	0.20492
114 T	0.63271	0.19801	0.16928
115 G	0.63082	0.22485	0.14433
116 A	0.62957	0.24469	0.12574
117 T	0.62922	0.25567	0.1151
118 T	0.62873	0.26762	0.10365
119 G	0.62830	0.27615	0.09555
120 T	0.62841	0.28090	0.0907
121 T	0.62836	0.29040	0.08124
122 A	0.62808	0.30642	0.0655
123 T	0.62827	0.30849	0.06325
124 G	0.62834	0.31014	0.06153
125 A	0.62865	0.31229	0.05906
126 A	0.62903	0.31302	0.05795
127 C	0.63041	0.31238	0.05721
128 A	0.63307	0.31102	0.0559
129 T	0.64102	0.30315	0.05583
130 A	0.64486	0.29928	0.05586
131 A	0.64887	0.29520	0.05593
132 A	0.65850	0.28539	0.05611
133 C	0.68703	0.25482	0.05815
134 A	0.72000	0.22123	0.05876
135 T	0.77004	0.17003	0.05993
136 T	0.81289	0.12618	0.06093
137 T	0.84987	0.08840	0.06173
138 T	0.86760	0.06978	0.06263
139 T	0.87685	0.05909	0.06406
140 C	0.87817	0.05698	0.06485
141 T	0.88224	0.05281	0.06495
142 T	0.88365	0.05162	0.06473
143 C	0.87953	0.05622	0.06426
144 T	0.88047	0.05908	0.06045
145 G	0.87522	0.06882	0.05597
146 T	0.87231	0.07490	0.05279
147 A	0.86700	0.08338	0.04962
148 T	0.86724	0.08441	0.04834
149 T	0.86407	0.08839	0.04754
150 T	0.85880	0.09415	0.04705
151 T	0.85304	0.09990	0.04706
152 T	0.84317	0.10970	0.04713
153 A	0.81743	0.13532	0.04725
154 G	0.78754	0.16513	0.04733
155 C	0.76202	0.19069	0.04729
156 C	0.63178	0.32125	0.04697
157 A	0.50837	0.44622	0.04541
158 A	0.42932	0.52594	0.04474
159 A	0.36761	0.58812	0.04427
160 A	0.33598	0.62019	0.04383
161 A	0.30549	0.65086	0.04365
162 A	0.29323	0.66123	0.04554
163 A	0.28714	0.66277	0.05008
164 T	0.28253	0.66211	0.05536
165 G	0.27567	0.66395	0.06038
166 A	0.27153	0.66396	0.06451
167 A	0.27132	0.65863	0.07005
168 T	0.27307	0.64260	0.08432
169 T	0.26677	0.64368	0.08955
170 T	0.25545	0.64908	0.09548
171 G	0.22263	0.67870	0.09867
172 T	0.20567	0.69055	0.10378
173 C	0.18159	0.70788	0.11053
174 T	0.16266	0.72644	0.1109
175 A	0.14391	0.74397	0.11212
176 A	0.13508	0.74392	0.121
177 A	0.13168	0.73084	0.13749
178 A	0.13014	0.71737	0.15249
179 A	0.12971	0.58269	0.2876
180 T	0.13086	0.46157	0.40757
181 G	0.13082	0.39274	0.47644
182 A	0.13062	0.35825	0.51113
183 A	0.13066	0.33620	0.53314
184 G	0.13080	0.30465	0.56456
185 T	0.13110	0.29615	0.57274
186 A	0.13071	0.29670	0.57259
187 G	0.13081	0.28963	0.57955
188 A	0.13145	0.29421	0.57435
189 A	0.13297	0.29926	0.56777
190 A	0.13469	0.30143	0.56387
191 A	0.13797	0.29940	0.56263
192 T	0.14139	0.28838	0.57023
193 A	0.14311	0.32684	0.53004
194 T	0.14637	0.35324	0.5004
195 T	0.14727	0.40037	0.45237
196 T	0.14612	0.49661	0.35727
197 T	0.14257	0.58253	0.2749
198 A	0.13444	0.71266	0.1529
199 G	0.12802	0.78144	0.09054
200 A	0.12400	0.82198	0.05402
201 A	0.12406	0.83879	0.03716
202 G	0.12659	0.84350	0.02991
203 A	0.13138	0.84491	0.02371
204 A	0.13992	0.83842	0.02167
205 T	0.16399	0.81484	0.02117
206 T	0.17434	0.80520	0.02046
207 A	0.17816	0.80137	0.02047
208 A	0.18276	0.79663	0.0206
209 T	0.18948	0.78920	0.02132
210 T	0.19269	0.78571	0.0216
211 C	0.19950	0.77879	0.02171
212 A	0.20881	0.76965	0.02155
213 A	0.22056	0.75802	0.02142
214 A	0.23407	0.74456	0.02137
215 A	0.25215	0.72651	0.02134
216 A	0.32184	0.65671	0.02144
217 G	0.41214	0.56475	0.02311
218 A	0.51608	0.45841	0.02551
219 T	0.67714	0.29337	0.0295
220 T	0.77466	0.19081	0.03454
221 T	0.87448	0.08450	0.04101
222 T	0.91324	0.04066	0.0461
223 T	0.92750	0.02336	0.04913
224 T	0.92762	0.02224	0.05014
225 T	0.92253	0.02754	0.04992
226 T	0.91320	0.03806	0.04874
227 T	0.89645	0.05563	0.04792
228 C	0.87597	0.07831	0.04573
229 T	0.84770	0.10843	0.04387
230 T	0.78976	0.16795	0.04228
231 A	0.67304	0.28507	0.04189
232 T	0.60412	0.35445	0.04143
233 C	0.48346	0.47601	0.04053
234 A	0.40820	0.55232	0.03949
235 C	0.35510	0.60633	0.03857
236 A	0.27675	0.68755	0.0357
237 A	0.20653	0.76004	0.03343
238 G	0.16764	0.79964	0.03272
239 A	0.12870	0.83991	0.03139
240 G	0.11295	0.85816	0.02889
241 A	0.10438	0.87116	0.02446
242 A	0.09917	0.88103	0.0198
243 A	0.09703	0.88790	0.01507
244 A	0.09588	0.89075	0.01337
245 A	0.09564	0.89039	0.01398
246 A	0.09611	0.88789	0.016
247 G	0.09652	0.87837	0.02511
248 A	0.09762	0.86410	0.03829
249 T	0.09937	0.83737	0.06327
250 G	0.10018	0.81274	0.08708
251 A	0.10207	0.79202	0.10592
252 T	0.10393	0.75736	0.1387
253 A	0.10479	0.70371	0.1915
254 A	0.10514	0.60145	0.29341
255 A	0.10604	0.53140	0.36256
256 T	0.10779	0.41576	0.47646
257 T	0.10922	0.36205	0.52873
258 A	0.10984	0.36939	0.52078
259 A	0.11171	0.36825	0.52004
260 T	0.11374	0.33233	0.55393
261 A	0.11357	0.35995	0.52648
262 G	0.11430	0.39537	0.49033
263 A	0.11673	0.45389	0.42939
264 A	0.12145	0.46831	0.41024
265 G	0.12668	0.47874	0.39458
266 T	0.13302	0.48200	0.38498
267 T	0.13540	0.48705	0.37755
268 T	0.13609	0.49667	0.36724
269 T	0.13612	0.50935	0.35453
270 T	0.13517	0.53587	0.32896
271 A	0.13295	0.57610	0.29095
272 A	0.13129	0.60486	0.26385
273 T	0.13176	0.61885	0.24939
274 T	0.13122	0.63086	0.23792
275 T	0.12694	0.63808	0.23497
276 A	0.11828	0.65044	0.23129
277 G	0.11454	0.65652	0.22893
278 A	0.11681	0.65902	0.22417
279 C	0.12704	0.65487	0.21809
280 A	0.15073	0.63447	0.21481
281 A	0.21616	0.57165	0.21219
282 T	0.29073	0.49896	0.21032
283 A	0.31567	0.47560	0.20873
284 C	0.37690	0.41429	0.20881
285 T	0.46704	0.32479	0.20817
286 T	0.53565	0.25725	0.2071
287 T	0.55367	0.24015	0.20617
288 T	0.56100	0.23350	0.2055
289 T	0.56016	0.23498	0.20485
290 T	0.54191	0.25445	0.20364
291 A	0.51604	0.28256	0.2014
292 A	0.50251	0.29800	0.19949
293 A	0.49527	0.30721	0.19752
294 A	0.50799	0.29649	0.19551
295 T	0.52039	0.28753	0.19208
296 T	0.46191	0.35374	0.18434
297 A	0.37366	0.45452	0.17182
298 G	0.30554	0.53300	0.16146
299 A	0.26779	0.57530	0.15691
300 A	0.21263	0.63431	0.15306
301 A	0.16956	0.68567	0.14477
302 A	0.16088	0.71011	0.12901
303 A	0.15792	0.72580	0.11629
304 A	0.15277	0.74516	0.10207
305 T	0.15080	0.75070	0.0985
306 T	0.14507	0.76279	0.09213
307 T	0.13983	0.77534	0.08484
308 A	0.13312	0.78822	0.07866
309 T	0.13107	0.78868	0.08024
310 T	0.12751	0.78802	0.08447
311 T	0.11957	0.78851	0.09191
312 A	0.10548	0.80186	0.09266
313 G	0.09920	0.79288	0.10792
314 A	0.08944	0.78669	0.12388
315 A	0.08219	0.77884	0.13897
316 A	0.07927	0.75883	0.16191
317 A	0.08222	0.73158	0.1862
318 A	0.08825	0.70389	0.20786
319 G	0.09711	0.61653	0.28635
320 A	0.10960	0.54489	0.3455
321 T	0.12552	0.47816	0.39632
322 A	0.13286	0.47657	0.39056
323 A	0.13950	0.46526	0.39524
324 A	0.14980	0.45805	0.39216
325 A	0.16997	0.46731	0.36271
326 A	0.18671	0.46105	0.35224
327 T	0.20665	0.42996	0.3634
328 G	0.21083	0.42100	0.36818
329 T	0.21940	0.41217	0.36843
330 T	0.22207	0.41217	0.36576
331 C	0.21585	0.42871	0.35544
332 T	0.21185	0.47032	0.31784
333 A	0.19462	0.56263	0.24275
334 A	0.18800	0.59770	0.21429
335 T	0.18353	0.61733	0.19914
336 T	0.16155	0.66507	0.17337
337 A	0.11463	0.75732	0.12805
338 A	0.09735	0.82180	0.08085
339 A	0.08557	0.83824	0.0762
340 A	0.07910	0.85320	0.0677
341 A	0.07620	0.86361	0.06019
342 A	0.07959	0.86714	0.05327
343 C	0.09627	0.85499	0.04873
344 A	0.10684	0.85299	0.04017
345 A	0.14004	0.82500	0.03495
346 A	0.18188	0.78597	0.03215
347 A	0.22713	0.74209	0.03078
348 T	0.26845	0.70138	0.03017
349 A	0.26588	0.70525	0.02886
350 A	0.26444	0.70619	0.02937
351 A	0.27783	0.69159	0.03058
352 T	0.30019	0.66706	0.03275
353 A	0.30630	0.65704	0.03666
354 T	0.32721	0.62571	0.04708
355 A	0.35251	0.59568	0.05181
356 T	0.40309	0.52736	0.06955
357 A	0.38612	0.53499	0.0789
358 A	0.37017	0.53791	0.09192
359 G	0.35922	0.52091	0.11988
360 C	0.36570	0.47316	0.16114
361 G	0.37683	0.45296	0.17021
362 A	0.34584	0.48190	0.17227
363 A	0.34681	0.48041	0.17278
364 A	0.35228	0.47100	0.17673
365 C	0.35651	0.46259	0.1809
366 T	0.34566	0.47199	0.18236
367 A	0.28077	0.54581	0.17341
368 T	0.24489	0.60643	0.14868
369 A	0.20724	0.65538	0.13738
370 G	0.17838	0.69040	0.13123
371 A	0.14535	0.71860	0.13605
372 A	0.12110	0.72175	0.15715
373 C	0.11191	0.72260	0.1655
374 A	0.10706	0.76384	0.1291
375 A	0.10140	0.79957	0.09903
376 A	0.09166	0.84299	0.06535
377 T	0.08760	0.85286	0.05954
378 A	0.07739	0.86702	0.05559
379 G	0.07291	0.85223	0.07486
380 A	0.06861	0.83283	0.09856
381 A	0.06771	0.81262	0.11967
382 A	0.06918	0.79479	0.13604
383 A	0.07311	0.76554	0.16135
384 A	0.07723	0.73351	0.18926
385 T	0.08379	0.68410	0.23211
386 T	0.08756	0.67291	0.23952
387 A	0.08826	0.66825	0.24348
388 A	0.08967	0.66222	0.24811
389 A	0.09333	0.63468	0.27198
390 A	0.10324	0.55122	0.34553
391 G	0.12519	0.48446	0.39035
392 G	0.13896	0.44571	0.41533
393 T	0.14987	0.43590	0.41423
394 G	0.15374	0.43311	0.41315
395 A	0.15925	0.43842	0.40233
396 A	0.16978	0.44178	0.38843
397 A	0.20605	0.42137	0.37259
398 A	0.24283	0.40766	0.34951
399 T	0.29171	0.40637	0.30192
400 T	0.30670	0.38904	0.30426
401 T	0.31165	0.37996	0.3084
402 A	0.30683	0.39113	0.30203
403 G	0.30616	0.38825	0.30558
404 C	0.31476	0.37786	0.30738
405 T	0.32496	0.36916	0.30588
406 T	0.33275	0.36533	0.30192
407 C	0.32790	0.37825	0.29385
408 A	0.31315	0.43429	0.25255
409 T	0.29168	0.50774	0.20059
410 A	0.22584	0.60525	0.16891
411 T	0.19646	0.63667	0.16687
412 G	0.17160	0.66537	0.16303
413 A	0.16373	0.67285	0.16342
414 A	0.16408	0.67010	0.16582
415 C	0.17777	0.65507	0.16716
416 T	0.20510	0.62806	0.16684
417 C	0.21832	0.61479	0.16689
418 G	0.23423	0.60028	0.16549
419 A	0.25082	0.58535	0.16383
420 A	0.26902	0.56826	0.16272
421 A	0.30130	0.53655	0.16215
422 T	0.36987	0.46846	0.16167
423 T	0.37902	0.45792	0.16307
424 A	0.37960	0.45682	0.16358
425 T	0.38165	0.45037	0.16797
426 T	0.36901	0.46852	0.16247
427 A	0.32646	0.52552	0.14803
428 A	0.27838	0.59355	0.12806
429 A	0.27123	0.59896	0.12982
430 A	0.27195	0.58685	0.1412
431 A	0.30869	0.52788	0.16343
432 T	0.36335	0.43913	0.19752
433 T	0.38573	0.35344	0.26083
434 G	0.38363	0.32515	0.29123
435 G	0.38545	0.30254	0.31201
436 T	0.38698	0.29342	0.3196
437 A	0.38662	0.29269	0.32069
438 T	0.38674	0.28754	0.32572
439 T	0.38401	0.29086	0.32513
440 T	0.37507	0.30092	0.32401
441 G	0.35342	0.34129	0.30529
442 G	0.29660	0.45855	0.24485
443 A	0.24580	0.55279	0.20141
444 A	0.19460	0.63885	0.16656
445 A	0.17378	0.67485	0.15138
446 A	0.16164	0.69548	0.14287
447 A	0.15889	0.70671	0.1344
448 A	0.15531	0.71723	0.12746
449 A	0.15962	0.71872	0.12166
450 A	0.17069	0.69491	0.13441
451 T	0.19266	0.62943	0.17791
452 A	0.18972	0.63004	0.18024
453 T	0.19170	0.62178	0.18652
454 T	0.18877	0.62858	0.18265
455 C	0.17934	0.63668	0.18398
456 T	0.16972	0.64793	0.18236
457 G	0.14905	0.66980	0.18115
458 A	0.14306	0.68247	0.17447
459 C	0.12675	0.70896	0.16429
460 A	0.11085	0.76459	0.12456
461 A	0.10293	0.77991	0.11717
462 A	0.09492	0.79725	0.10782
463 G	0.10258	0.78693	0.11049
464 A	0.12537	0.77044	0.10419
465 T	0.18380	0.67217	0.14403
466 A	0.21531	0.60724	0.17745
467 T	0.24210	0.53520	0.2227
468 A	0.24698	0.52227	0.23075
469 A	0.25191	0.51490	0.23318
470 A	0.26193	0.50375	0.23432
471 A	0.27360	0.48463	0.24177
472 A	0.29470	0.45162	0.25368
473 G	0.32603	0.40637	0.2676
474 A	0.34292	0.38345	0.27363
475 T	0.36030	0.35057	0.28912
476 C	0.36491	0.33835	0.29674
477 T	0.36989	0.33262	0.29749
478 A	0.36617	0.34010	0.29373
479 T	0.36854	0.35273	0.27873
480 A	0.36856	0.39148	0.23996
481 A	0.37380	0.45057	0.17562
482 A	0.37812	0.47453	0.14735
483 T	0.40197	0.46684	0.13119
484 A	0.36827	0.50550	0.12623
485 T	0.34464	0.52600	0.12937
486 A	0.30768	0.57117	0.12115
487 G	0.31258	0.57720	0.11022
488 C	0.32078	0.57554	0.10368
489 T	0.32554	0.61410	0.06036
490 T	0.32155	0.62150	0.05695
491 A	0.30163	0.64830	0.05007
492 C	0.27616	0.67755	0.04629
493 A	0.22594	0.73620	0.03786
494 C	0.20298	0.76323	0.0338
495 A	0.18241	0.78505	0.03254
496 A	0.17121	0.79808	0.03072
497 A	0.16685	0.80340	0.02976
498 T	0.16491	0.80450	0.03059
499 C	0.15589	0.81266	0.03145
500 A	0.14789	0.82009	0.03203
501 A	0.14828	0.81729	0.03444
502 A	0.15811	0.80814	0.03376
503 A	0.19851	0.76871	0.03278
504 A	0.26206	0.70844	0.02949
505 A	0.31058	0.65060	0.03883
506 A	0.34614	0.59739	0.05647
507 A	0.36443	0.53741	0.09816
508 T	0.38141	0.47731	0.14128
509 C	0.39114	0.42289	0.18597
510 A	0.40151	0.41213	0.18636
511 A	0.42066	0.38787	0.19147
512 T	0.47805	0.31871	0.20325
513 T	0.48740	0.29985	0.21275
514 T	0.49483	0.27406	0.23112
515 A	0.49687	0.23980	0.26332
516 T	0.50121	0.18673	0.31206
517 T	0.50337	0.17028	0.32635
518 A	0.50217	0.16773	0.33011
519 T	0.50276	0.16258	0.33466
520 A	0.49913	0.17692	0.32394
521 T	0.49041	0.20321	0.30638
522 A	0.46362	0.25809	0.27829
523 G	0.32399	0.44367	0.23234
524 A	0.22496	0.57225	0.20279
525 A	0.17708	0.65896	0.16397
526 A	0.14456	0.71779	0.13766
527 G	0.13958	0.72599	0.13443
528 A	0.13957	0.73121	0.12923
529 A	0.14246	0.73111	0.12643
530 T	0.14987	0.72529	0.12484
531 T	0.15016	0.72797	0.12186
532 T	0.14572	0.73591	0.11837
533 T	0.13532	0.74688	0.1178
534 A	0.10179	0.78050	0.11772
535 G	0.08535	0.79654	0.11811
536 G	0.07495	0.80632	0.11873
537 C	0.07113	0.80914	0.11972
538 C	0.06860	0.81142	0.11999
539 A	0.06811	0.81325	0.11864
540 C	0.07793	0.80472	0.11735
541 G	0.08509	0.80311	0.11181
542 A	0.09193	0.79922	0.10885
543 A	0.10613	0.78635	0.10752
544 A	0.12747	0.75840	0.11413
545 A	0.16289	0.70360	0.13352
546 T	0.23233	0.48354	0.28413
547 A	0.26071	0.35872	0.38057
548 A	0.30061	0.27219	0.42719
549 T	0.32772	0.21305	0.45923
550 T	0.32620	0.21527	0.45852
551 T	0.30540	0.24487	0.44973
552 A	0.25938	0.30711	0.4335
553 A	0.24879	0.33299	0.41822
554 A	0.24138	0.35898	0.39964
555 A	0.23527	0.42939	0.33535
556 A	0.23165	0.46954	0.29881
557 T	0.22868	0.45760	0.31372
558 A	0.18852	0.51956	0.29192
559 G	0.16491	0.55880	0.2763
560 A	0.13322	0.68567	0.1811
561 A	0.12148	0.77848	0.10004
562 A	0.11859	0.80617	0.07525
563 A	0.11788	0.81768	0.06443
564 T	0.12258	0.81330	0.06412
565 A	0.12179	0.81940	0.05881
566 A	0.12325	0.81974	0.05701
567 T	0.12571	0.81582	0.05847
568 G	0.12599	0.81878	0.05522
569 A	0.12675	0.82000	0.05325
570 T	0.13047	0.81685	0.05269
571 A	0.13158	0.81530	0.05311
572 A	0.13320	0.80996	0.05684
573 A	0.14015	0.79491	0.06494
574 G	0.14986	0.76223	0.08791
575 C	0.16378	0.71121	0.12502
576 A	0.17913	0.69389	0.12698
577 G	0.20418	0.66756	0.12826
578 A	0.28065	0.59206	0.12729
579 T	0.34112	0.53337	0.12552
580 A	0.36579	0.51124	0.12297
581 A	0.40238	0.43695	0.16067
582 A	0.42798	0.38846	0.18356
583 A	0.51532	0.26652	0.21816
584 T	0.60227	0.17075	0.22697
585 T	0.62745	0.14085	0.2317
586 C	0.63472	0.13062	0.23466
587 T	0.63344	0.13354	0.23302
588 T	0.62125	0.14982	0.22893
589 C	0.54214	0.23942	0.21844
590 A	0.42845	0.39101	0.18054
591 T	0.38433	0.45457	0.1611
592 A	0.31387	0.56831	0.11782
593 A	0.30910	0.57883	0.11207
594 A	0.30824	0.58123	0.11053
595 A	0.30978	0.57841	0.11182
596 T	0.31909	0.56483	0.11608
597 T	0.32531	0.55591	0.11878
598 T	0.32996	0.54954	0.12049
599 T	0.33465	0.54327	0.12208
600 T	0.33746	0.53956	0.12297
601 A	0.33988	0.53657	0.12356
602 A	0.34277	0.53251	0.12472
603 T	0.34681	0.52605	0.12714
604 A	0.34950	0.52195	0.12855
605 A	0.35087	0.51901	0.13013
606 A	0.35396	0.51414	0.1319
607 A	0.35942	0.50477	0.13581
608 T	0.36413	0.49070	0.14516
609 T	0.36832	0.47388	0.1578
610 A	0.37276	0.45885	0.16839
611 A	0.38028	0.43063	0.1891
612 A	0.39452	0.33919	0.26629
613 T	0.43331	0.18718	0.37952
614 A	0.45227	0.11897	0.42876
615 A	0.49747	0.00000	0.50253
