# lcl|CP097583.1_cds_USQ93380.1_1
# AA	inside	membr	outside
1 A	0.92259	0.00000	0.07741
2 T	0.92247	0.00012	0.07741
3 G	0.92235	0.00024	0.07741
4 T	0.92235	0.00585	0.0718
5 T	0.91422	0.02442	0.06135
6 T	0.91422	0.02957	0.05621
7 A	0.81727	0.12863	0.0541
8 A	0.81727	0.12869	0.05404
9 A	0.80320	0.14294	0.05386
10 T	0.80317	0.14858	0.04825
11 T	0.79553	0.15702	0.04745
12 A	0.44661	0.50698	0.04641
13 C	0.13421	0.82441	0.04138
14 A	0.13416	0.82447	0.04137
15 A	0.13416	0.84650	0.01934
16 A	0.13158	0.84908	0.01934
17 A	0.12919	0.85152	0.01929
18 T	0.12915	0.85161	0.01924
19 C	0.12796	0.85286	0.01919
20 A	0.12477	0.85773	0.0175
21 A	0.12203	0.86047	0.0175
22 T	0.12243	0.86013	0.01745
23 T	0.12274	0.85993	0.01733
24 T	0.12289	0.85992	0.01719
25 A	0.12277	0.85909	0.01813
26 A	0.12269	0.85817	0.01914
27 A	0.12593	0.84983	0.02425
28 A	0.13338	0.83321	0.03341
29 T	0.13834	0.82154	0.04012
30 A	0.14061	0.74136	0.11802
31 A	0.14129	0.72928	0.12942
32 T	0.14201	0.68785	0.17013
33 A	0.14547	0.65980	0.19473
34 A	0.14620	0.63247	0.22133
35 G	0.14880	0.31345	0.53774
36 T	0.15446	0.05548	0.79006
37 G	0.15544	0.04810	0.79646
38 T	0.17588	0.02797	0.79615
39 T	0.17630	0.03546	0.78824
40 T	0.17649	0.03772	0.78579
41 G	0.17635	0.03979	0.78386
42 T	0.17647	0.04024	0.78329
43 T	0.17728	0.03824	0.78448
44 T	0.17714	0.04775	0.77512
45 A	0.17703	0.05350	0.76947
46 T	0.17716	0.05294	0.7699
47 T	0.17711	0.05243	0.77046
48 T	0.17681	0.05248	0.77071
49 A	0.17638	0.05382	0.76979
50 C	0.17625	0.05437	0.76938
51 T	0.17634	0.05482	0.76885
52 T	0.17621	0.05552	0.76828
53 T	0.17601	0.05627	0.76773
54 T	0.17528	0.06204	0.76268
55 T	0.17326	0.07056	0.75618
56 T	0.16998	0.07520	0.75482
57 A	0.16047	0.08942	0.75011
58 G	0.15444	0.10021	0.74536
59 G	0.15447	0.10283	0.7427
60 A	0.15596	0.10551	0.73853
61 T	0.16274	0.10658	0.73068
62 T	0.17650	0.10009	0.72341
63 T	0.18236	0.10358	0.71406
64 T	0.18515	0.12660	0.68825
65 T	0.18584	0.17149	0.64267
66 A	0.18546	0.22632	0.58822
67 T	0.19128	0.24301	0.56571
68 T	0.19126	0.26777	0.54097
69 T	0.18535	0.30588	0.50877
70 A	0.17812	0.34143	0.48046
71 T	0.17499	0.36296	0.46205
72 A	0.16917	0.39646	0.43436
73 A	0.16649	0.41785	0.41566
74 T	0.16682	0.42358	0.4096
75 T	0.16699	0.43373	0.39928
76 A	0.16661	0.44325	0.39014
77 A	0.17083	0.44571	0.38345
78 T	0.17604	0.44583	0.37814
79 A	0.17507	0.45666	0.36826
80 A	0.17867	0.45529	0.36603
81 T	0.18366	0.44800	0.36834
82 A	0.18158	0.45539	0.36303
83 A	0.18118	0.46051	0.35831
84 T	0.18988	0.45429	0.35583
85 C	0.19608	0.45416	0.34976
86 A	0.20367	0.47634	0.31998
87 A	0.23185	0.47350	0.29465
88 G	0.28668	0.44187	0.27146
89 T	0.34531	0.44180	0.21289
90 T	0.36577	0.46105	0.17318
91 A	0.38152	0.44894	0.16954
92 T	0.40525	0.42090	0.17385
93 G	0.42080	0.40137	0.17783
94 G	0.42848	0.39501	0.17651
95 C	0.44788	0.37483	0.1773
96 T	0.44635	0.39333	0.16032
97 A	0.41572	0.43924	0.14505
98 T	0.38984	0.47933	0.13083
99 G	0.30587	0.58043	0.1137
100 A	0.22446	0.69154	0.08401
101 A	0.19163	0.73548	0.07289
102 A	0.18203	0.74563	0.07233
103 A	0.17933	0.74894	0.07172
104 A	0.17467	0.75383	0.07149
105 A	0.17529	0.74969	0.07502
106 C	0.17536	0.74613	0.07852
107 A	0.17215	0.74902	0.07883
108 A	0.18030	0.73978	0.07991
109 A	0.21209	0.70590	0.08201
110 A	0.24107	0.67348	0.08545
111 C	0.26826	0.64316	0.08859
112 T	0.33634	0.56953	0.09413
113 C	0.37148	0.53015	0.09837
114 T	0.38229	0.52003	0.09768
115 T	0.38194	0.52477	0.09329
116 A	0.37583	0.53305	0.09112
117 T	0.37227	0.53061	0.09712
118 A	0.35639	0.54423	0.09939
119 T	0.36517	0.50059	0.13424
120 A	0.33982	0.49010	0.17008
121 A	0.31431	0.48443	0.20126
122 A	0.30233	0.43773	0.25994
123 T	0.29786	0.40397	0.29817
124 A	0.21742	0.53347	0.24911
125 A	0.16791	0.61873	0.21335
126 A	0.15595	0.70029	0.14376
127 A	0.14213	0.72460	0.13326
128 A	0.12728	0.75231	0.12041
129 A	0.11320	0.76724	0.11956
130 T	0.10759	0.77185	0.12056
131 C	0.08813	0.80802	0.10385
132 A	0.07174	0.85498	0.07329
133 A	0.06027	0.88002	0.05971
134 A	0.05409	0.89311	0.05281
135 A	0.04823	0.90329	0.04848
136 G	0.04719	0.90927	0.04353
137 A	0.05016	0.90952	0.04032
138 T	0.05727	0.89989	0.04283
139 A	0.05954	0.89289	0.04757
140 T	0.06281	0.87996	0.05723
141 A	0.06437	0.86168	0.07395
142 A	0.06756	0.84790	0.08453
143 A	0.07671	0.80200	0.12129
144 T	0.10103	0.73603	0.16294
145 A	0.12383	0.68847	0.1877
146 A	0.17282	0.60733	0.21986
147 T	0.24230	0.45915	0.29855
148 G	0.27585	0.38140	0.34275
149 A	0.33011	0.31756	0.35232
150 A	0.35417	0.28085	0.36497
151 T	0.38721	0.23141	0.38138
152 T	0.40600	0.20033	0.39366
153 A	0.41552	0.19564	0.38883
154 T	0.43666	0.17098	0.39235
155 T	0.44773	0.18032	0.37195
156 T	0.44470	0.18940	0.36591
157 A	0.42970	0.21884	0.35146
158 A	0.41787	0.23968	0.34245
159 T	0.41758	0.24270	0.33973
160 C	0.41664	0.24763	0.33572
161 T	0.41331	0.29214	0.29455
162 T	0.40595	0.34544	0.24862
163 T	0.38145	0.38091	0.23764
164 T	0.34937	0.42930	0.22134
165 A	0.29346	0.49980	0.20675
166 A	0.23787	0.56954	0.19259
167 C	0.21070	0.60077	0.18854
168 A	0.18169	0.64871	0.1696
169 A	0.15806	0.69198	0.14995
170 A	0.14235	0.73561	0.12204
171 T	0.13089	0.77808	0.09103
172 A	0.11035	0.82356	0.06609
173 A	0.09929	0.84468	0.05603
174 A	0.09695	0.85178	0.05127
175 A	0.09805	0.85329	0.04867
176 A	0.10830	0.84170	0.05
177 A	0.12457	0.82210	0.05332
178 G	0.15827	0.78203	0.0597
179 A	0.17701	0.75766	0.06533
180 A	0.19799	0.72195	0.08006
181 T	0.21717	0.68644	0.09638
182 T	0.22133	0.67339	0.10528
183 A	0.21573	0.67090	0.11337
184 G	0.23717	0.63423	0.1286
185 A	0.26966	0.58636	0.14397
186 G	0.28002	0.54272	0.17726
187 T	0.29708	0.49953	0.20339
188 A	0.30384	0.46127	0.23489
189 T	0.30968	0.42856	0.26176
190 A	0.28547	0.44841	0.26611
191 A	0.28774	0.43275	0.27951
192 A	0.30209	0.39693	0.30099
193 A	0.33204	0.35029	0.31767
194 T	0.36885	0.29322	0.33793
195 T	0.38593	0.25475	0.35933
196 C	0.36803	0.26004	0.37193
197 A	0.35326	0.28122	0.36552
198 C	0.35212	0.28351	0.36437
199 T	0.35323	0.28821	0.35855
200 G	0.34969	0.30114	0.34918
201 T	0.34965	0.31673	0.33362
202 T	0.34707	0.33607	0.31686
203 T	0.33744	0.36441	0.29815
204 T	0.29696	0.42238	0.28066
205 A	0.23201	0.51109	0.25689
206 G	0.20103	0.54290	0.25606
207 A	0.18233	0.56199	0.25567
208 G	0.17473	0.56934	0.25592
209 T	0.17779	0.57254	0.24967
210 A	0.17761	0.58118	0.24121
211 A	0.17923	0.58271	0.23806
212 A	0.17942	0.58448	0.23611
213 A	0.18107	0.56559	0.25333
214 G	0.16835	0.58376	0.24789
215 A	0.14813	0.63008	0.22178
216 A	0.14127	0.66808	0.19065
217 A	0.13919	0.68771	0.1731
218 A	0.14075	0.68384	0.17541
219 A	0.14568	0.65916	0.19515
220 T	0.15966	0.63511	0.20522
221 T	0.16438	0.63910	0.19652
222 A	0.15510	0.71340	0.1315
223 A	0.15257	0.73975	0.10768
224 A	0.16378	0.72888	0.10734
225 T	0.18056	0.70188	0.11755
226 A	0.19195	0.68117	0.12688
227 G	0.20902	0.62457	0.16642
228 T	0.23177	0.54869	0.21954
229 T	0.23278	0.52531	0.24191
230 A	0.20966	0.54079	0.24954
231 C	0.19428	0.54952	0.25619
232 G	0.18356	0.56568	0.25077
233 A	0.17760	0.57838	0.24401
234 A	0.17488	0.58508	0.24004
235 A	0.18169	0.57170	0.24661
236 G	0.19097	0.55588	0.25315
237 A	0.20997	0.51547	0.27457
238 A	0.24003	0.45797	0.302
239 C	0.27793	0.40265	0.31942
240 T	0.29861	0.38100	0.32039
241 G	0.30176	0.38442	0.31382
242 A	0.30727	0.39834	0.29439
243 G	0.31812	0.39444	0.28744
244 G	0.33458	0.38879	0.27663
245 T	0.40978	0.30642	0.28381
246 T	0.43869	0.28042	0.28089
247 T	0.44301	0.29766	0.25933
248 T	0.43762	0.32547	0.23691
249 A	0.42619	0.36500	0.20881
250 A	0.41440	0.40889	0.17671
251 A	0.35821	0.49781	0.14398
252 A	0.35378	0.51403	0.13219
253 T	0.36089	0.48865	0.15046
254 T	0.35629	0.48213	0.16158
255 A	0.33323	0.51088	0.15589
256 G	0.31488	0.54192	0.1432
257 A	0.23361	0.66012	0.10627
258 A	0.20471	0.70111	0.09418
259 A	0.19501	0.71818	0.08681
260 T	0.19311	0.72402	0.08287
261 A	0.18008	0.73790	0.08202
262 G	0.16903	0.74911	0.08186
263 A	0.16462	0.75574	0.07965
264 A	0.16314	0.75530	0.08157
265 C	0.17819	0.73872	0.08309
266 A	0.18470	0.73383	0.08147
267 T	0.20269	0.71619	0.08112
268 C	0.20697	0.71221	0.08083
269 A	0.21316	0.71038	0.07646
270 T	0.23575	0.68802	0.07624
271 A	0.25025	0.66956	0.08018
272 A	0.27310	0.63927	0.08762
273 A	0.29037	0.61239	0.09724
274 C	0.32059	0.51003	0.16939
275 T	0.33830	0.48393	0.17778
276 T	0.33171	0.48795	0.18034
277 A	0.30687	0.51585	0.17728
278 A	0.30796	0.50391	0.18813
279 A	0.31625	0.47993	0.20383
280 T	0.34773	0.35580	0.29647
281 T	0.34663	0.33828	0.3151
282 A	0.33172	0.36943	0.29886
283 A	0.30393	0.49851	0.19756
284 A	0.27458	0.55592	0.16949
285 A	0.24834	0.60032	0.15134
286 A	0.21575	0.62723	0.15702
287 T	0.20695	0.62331	0.16974
288 A	0.19706	0.62611	0.17684
289 T	0.19496	0.61751	0.18753
290 C	0.18661	0.62174	0.19164
291 A	0.17773	0.63259	0.18969
292 G	0.17601	0.63520	0.18878
293 A	0.17541	0.64529	0.1793
294 A	0.17167	0.66548	0.16284
295 A	0.17182	0.67207	0.15612
296 T	0.17529	0.64568	0.17903
297 T	0.17635	0.62818	0.19548
298 T	0.17561	0.61711	0.20727
299 A	0.17119	0.60833	0.22048
300 C	0.17103	0.58351	0.24547
301 A	0.17085	0.60225	0.2269
302 A	0.17226	0.62113	0.20661
303 A	0.17521	0.66406	0.16073
304 A	0.19015	0.66437	0.14548
305 A	0.21931	0.65411	0.12658
306 T	0.31971	0.54659	0.1337
307 A	0.35059	0.49293	0.15647
308 A	0.37886	0.43774	0.1834
309 T	0.38614	0.39242	0.22145
310 T	0.38773	0.38109	0.23118
311 C	0.38788	0.37833	0.23378
312 T	0.38356	0.40494	0.2115
313 A	0.37972	0.44419	0.17609
314 A	0.38050	0.45844	0.16106
315 A	0.38499	0.46679	0.14823
316 A	0.39297	0.45853	0.1485
317 T	0.40946	0.43375	0.15679
318 G	0.40510	0.43315	0.16175
319 T	0.40336	0.43371	0.16294
320 C	0.39428	0.44988	0.15585
321 A	0.39408	0.47538	0.13053
322 A	0.39943	0.48516	0.11542
323 A	0.40750	0.49135	0.10114
324 A	0.42946	0.47133	0.09921
325 G	0.45910	0.43962	0.10128
326 T	0.51595	0.37845	0.1056
327 A	0.53841	0.35532	0.10627
328 A	0.56898	0.32341	0.10761
329 C	0.59908	0.28977	0.11115
330 T	0.61386	0.27328	0.11286
331 T	0.61910	0.26748	0.11343
332 T	0.62107	0.26569	0.11323
333 C	0.61483	0.27388	0.11128
334 A	0.61150	0.28351	0.10498
335 A	0.62372	0.26978	0.10649
336 T	0.64803	0.24470	0.10727
337 T	0.64509	0.24815	0.10676
338 T	0.60601	0.29402	0.09997
339 A	0.55015	0.35117	0.09868
340 A	0.49833	0.40018	0.10149
341 A	0.44715	0.43988	0.11297
342 A	0.41072	0.46994	0.11934
343 C	0.39777	0.47304	0.1292
344 C	0.39513	0.47915	0.12573
345 A	0.38822	0.49893	0.11285
346 T	0.38604	0.51251	0.10146
347 T	0.38501	0.51729	0.0977
348 A	0.37516	0.52960	0.09524
349 A	0.37028	0.53561	0.09412
350 T	0.37125	0.53115	0.0976
351 T	0.37047	0.53002	0.09951
352 A	0.37053	0.52849	0.10099
353 A	0.37122	0.52584	0.10294
354 A	0.37264	0.52085	0.10651
355 A	0.37478	0.51120	0.11402
356 T	0.37952	0.49074	0.12974
357 T	0.38603	0.47160	0.14236
358 A	0.38997	0.45712	0.15291
359 T	0.39406	0.43702	0.16892
360 A	0.39613	0.41670	0.18716
361 G	0.40108	0.36431	0.23462
362 A	0.40428	0.31540	0.28032
363 A	0.40630	0.26580	0.3279
364 A	0.40903	0.21301	0.37795
365 A	0.41551	0.16289	0.4216
366 T	0.42491	0.11910	0.45599
367 T	0.43358	0.07615	0.49027
368 A	0.44300	0.03897	0.51803
369 A	0.45337	0.00000	0.54663
