# lcl|CP097583.1_cds_USQ93224.1_1
# AA	inside	membr	outside
1 A	0.73406	0.00000	0.26594
2 T	0.72458	0.00948	0.26594
3 G	0.71280	0.02126	0.26594
4 A	0.71280	0.08350	0.20369
5 T	0.64673	0.16235	0.19092
6 G	0.64672	0.16405	0.18922
7 A	0.48800	0.32357	0.18843
8 T	0.48800	0.32359	0.18842
9 C	0.46047	0.35138	0.18814
10 A	0.46041	0.40298	0.1366
11 A	0.45571	0.40989	0.1344
12 A	0.33299	0.53379	0.13322
13 G	0.20611	0.66764	0.12625
14 A	0.20609	0.66766	0.12625
15 A	0.20609	0.67300	0.1209
16 A	0.20506	0.67403	0.1209
17 T	0.20383	0.67533	0.12084
18 T	0.20368	0.67568	0.12064
19 C	0.19771	0.68178	0.12051
20 G	0.17466	0.71345	0.11188
21 T	0.14405	0.74407	0.11187
22 A	0.14093	0.74973	0.10934
23 A	0.13960	0.75175	0.10866
24 A	0.14238	0.74960	0.10802
25 A	0.14561	0.72150	0.13289
26 T	0.15038	0.68861	0.16101
27 G	0.19818	0.58736	0.21446
28 T	0.21270	0.50441	0.28288
29 C	0.21326	0.48914	0.29759
30 T	0.21556	0.44965	0.33478
31 G	0.20340	0.48302	0.31359
32 A	0.20136	0.48623	0.31241
33 T	0.22342	0.47152	0.30506
34 G	0.21552	0.49061	0.29386
35 A	0.21459	0.39247	0.39293
36 T	0.21938	0.29031	0.49032
37 G	0.21305	0.33316	0.45379
38 A	0.21038	0.35465	0.43496
39 A	0.20192	0.39167	0.40642
40 A	0.19961	0.39946	0.40092
41 T	0.19841	0.39884	0.40275
42 G	0.19262	0.40537	0.40201
43 A	0.19363	0.39427	0.4121
44 A	0.18015	0.43088	0.38897
45 T	0.17145	0.47896	0.3496
46 A	0.15590	0.53451	0.3096
47 A	0.13653	0.59384	0.26964
48 A	0.12637	0.63595	0.23768
49 A	0.11917	0.72115	0.15968
50 A	0.11601	0.78506	0.09894
51 A	0.11864	0.78766	0.09369
52 A	0.12843	0.77921	0.09235
53 T	0.15748	0.74539	0.09712
54 T	0.18173	0.70900	0.10926
55 A	0.19029	0.69573	0.11399
56 T	0.20272	0.67186	0.12541
57 C	0.21168	0.65501	0.13331
58 A	0.21863	0.64892	0.13245
59 A	0.23426	0.63169	0.13405
60 T	0.28054	0.58173	0.13772
61 T	0.29456	0.56724	0.13821
62 T	0.31055	0.54995	0.1395
63 A	0.30382	0.56108	0.1351
64 A	0.29398	0.57557	0.13044
65 A	0.28235	0.58975	0.1279
66 A	0.24721	0.62121	0.13158
67 G	0.27498	0.57998	0.14503
68 A	0.30094	0.54885	0.15022
69 A	0.33809	0.50143	0.16048
70 G	0.37385	0.45319	0.17297
71 A	0.40195	0.42180	0.17624
72 A	0.47551	0.34390	0.18058
73 T	0.53498	0.27998	0.18504
74 T	0.54093	0.27349	0.18559
75 A	0.53852	0.27716	0.18433
76 T	0.53516	0.28356	0.18127
77 T	0.52939	0.29131	0.17929
78 T	0.51108	0.31162	0.1773
79 G	0.47384	0.34829	0.17788
80 A	0.45842	0.36232	0.17927
81 T	0.45307	0.36473	0.1822
82 G	0.44224	0.37159	0.18617
83 C	0.43678	0.37335	0.18988
84 T	0.43472	0.37766	0.18762
85 A	0.42761	0.38724	0.18515
86 A	0.42958	0.38227	0.18815
87 A	0.43490	0.36828	0.19683
88 T	0.44357	0.34544	0.21099
89 T	0.44332	0.30407	0.25261
90 A	0.43939	0.29769	0.26292
91 A	0.43878	0.28055	0.28067
92 A	0.43798	0.27266	0.28936
93 T	0.44178	0.26110	0.29712
94 T	0.44215	0.25858	0.29927
95 T	0.44008	0.26460	0.29531
96 G	0.42156	0.29624	0.28219
97 A	0.41877	0.31524	0.26599
98 A	0.41722	0.33658	0.24621
99 T	0.42088	0.32526	0.25386
100 T	0.42413	0.32147	0.2544
101 T	0.42678	0.31124	0.26198
102 A	0.42272	0.29996	0.27732
103 G	0.42094	0.30315	0.2759
104 T	0.42079	0.30719	0.27202
105 T	0.41334	0.32880	0.25786
106 A	0.40106	0.35585	0.24309
107 A	0.36987	0.38873	0.24141
108 A	0.36491	0.39054	0.24455
109 T	0.36372	0.39043	0.24585
110 T	0.35654	0.39852	0.24494
111 A	0.33932	0.42255	0.23812
112 A	0.32804	0.44038	0.23158
113 A	0.31833	0.45222	0.22945
114 A	0.30821	0.46228	0.22952
115 G	0.30755	0.45666	0.23579
116 A	0.30956	0.45187	0.23857
117 T	0.31823	0.43779	0.24399
118 A	0.32242	0.42803	0.24955
119 C	0.33809	0.39190	0.27001
120 A	0.35557	0.37088	0.27355
121 T	0.38350	0.33841	0.27809
122 C	0.38400	0.33523	0.28077
123 T	0.38846	0.33201	0.27954
124 C	0.38151	0.34087	0.27762
125 G	0.38408	0.33960	0.27632
126 T	0.39443	0.32946	0.27611
127 A	0.38388	0.34109	0.27504
128 T	0.40082	0.31558	0.2836
129 T	0.39718	0.30707	0.29576
130 C	0.37446	0.28727	0.33827
131 G	0.34416	0.31614	0.3397
132 T	0.33325	0.33572	0.33103
133 A	0.31305	0.40829	0.27866
134 A	0.30546	0.44228	0.25226
135 G	0.30301	0.46554	0.23144
136 A	0.30334	0.47347	0.22319
137 T	0.30048	0.47639	0.22313
138 A	0.26740	0.52482	0.20777
139 A	0.24050	0.56855	0.19094
140 A	0.21300	0.60873	0.17828
141 A	0.18849	0.64383	0.16769
142 A	0.18297	0.66374	0.1533
143 A	0.17946	0.68858	0.13196
144 A	0.17716	0.71791	0.10493
145 A	0.17752	0.72094	0.10154
146 A	0.18027	0.71341	0.10632
147 T	0.18234	0.69892	0.11874
148 A	0.17961	0.69587	0.12453
149 T	0.17996	0.68685	0.13319
150 T	0.17967	0.66229	0.15804
151 A	0.17510	0.65756	0.16733
152 G	0.17381	0.63532	0.19088
153 A	0.17477	0.61269	0.21254
154 C	0.18308	0.57851	0.23841
155 A	0.19571	0.57724	0.22705
156 A	0.25199	0.52547	0.22254
157 A	0.28462	0.50626	0.20911
158 T	0.30697	0.49271	0.20032
159 T	0.31679	0.52148	0.16173
160 A	0.30285	0.53974	0.1574
161 A	0.29064	0.53956	0.1698
162 A	0.24874	0.56817	0.18309
163 A	0.22937	0.56708	0.20356
164 C	0.23400	0.54304	0.22296
165 A	0.24869	0.54044	0.21087
166 A	0.27741	0.51865	0.20395
167 T	0.31132	0.48664	0.20204
168 T	0.32055	0.47650	0.20295
169 A	0.32079	0.47637	0.20285
170 T	0.32292	0.46888	0.2082
171 T	0.31032	0.47254	0.21715
172 C	0.28719	0.49242	0.22039
173 G	0.27291	0.50845	0.21865
174 C	0.26149	0.52195	0.21656
175 G	0.24688	0.56131	0.19181
176 A	0.23775	0.58508	0.17717
177 A	0.23189	0.60493	0.16317
178 A	0.21290	0.63614	0.15096
179 A	0.21610	0.63539	0.14852
180 A	0.23009	0.61096	0.15894
181 G	0.24171	0.57501	0.18328
182 A	0.27277	0.54435	0.18289
183 A	0.28237	0.52776	0.18987
184 A	0.29937	0.49329	0.20734
185 T	0.31975	0.41722	0.26303
186 G	0.31913	0.38422	0.29666
187 T	0.31780	0.37738	0.30482
188 C	0.28981	0.41852	0.29167
189 T	0.26423	0.50076	0.23502
190 A	0.22352	0.63938	0.1371
191 A	0.20290	0.66546	0.13164
192 A	0.19194	0.67836	0.12971
193 A	0.18658	0.68349	0.12992
194 T	0.18583	0.66503	0.14915
195 C	0.18389	0.64363	0.17249
196 A	0.18548	0.63681	0.17771
197 A	0.18968	0.63428	0.17604
198 T	0.21296	0.60866	0.17838
199 A	0.22050	0.60615	0.17335
200 A	0.22997	0.59566	0.17437
201 T	0.24050	0.54904	0.21046
202 A	0.24137	0.53815	0.22048
203 A	0.24396	0.53676	0.21929
204 A	0.24718	0.54141	0.21142
205 A	0.25429	0.52874	0.21696
206 A	0.26298	0.50771	0.22931
207 T	0.26927	0.48584	0.2449
208 G	0.27103	0.47772	0.25125
209 A	0.27691	0.46612	0.25697
210 A	0.28764	0.44785	0.26451
211 A	0.30723	0.39469	0.29808
212 G	0.35839	0.30874	0.33287
213 T	0.45054	0.18700	0.36247
214 T	0.45542	0.18430	0.36027
215 T	0.45157	0.23556	0.31287
216 A	0.43721	0.28826	0.27453
217 G	0.41765	0.31393	0.26843
218 T	0.41637	0.31323	0.27041
219 A	0.41082	0.31720	0.27199
220 T	0.41952	0.30735	0.27313
221 C	0.42533	0.30053	0.27414
222 A	0.43471	0.29076	0.27453
223 A	0.44150	0.28304	0.27546
224 T	0.45163	0.27189	0.27649
225 C	0.45812	0.26397	0.27791
226 G	0.46656	0.25526	0.27818
227 T	0.48016	0.24006	0.27978
228 T	0.48435	0.23510	0.28055
229 T	0.48629	0.23268	0.28102
230 C	0.48743	0.23125	0.28132
231 A	0.48918	0.22876	0.28206
232 A	0.49228	0.22464	0.28308
233 A	0.49871	0.21722	0.28407
234 T	0.50765	0.20737	0.28499
235 G	0.51375	0.20058	0.28568
236 A	0.52600	0.18535	0.28865
237 A	0.54665	0.15883	0.29451
238 T	0.60245	0.09029	0.30726
239 A	0.63486	0.03794	0.3272
240 A	0.64773	0.00000	0.35227
