# lcl|CP097583.1_cds_USQ93558.1_1
# AA	inside	membr	outside
1 A	0.14422	0.00000	0.85578
2 T	0.13903	0.00519	0.85578
3 G	0.13667	0.00754	0.85578
4 A	0.13667	0.01126	0.85207
5 A	0.11484	0.03465	0.85051
6 G	0.11484	0.03481	0.85035
7 T	0.08314	0.06656	0.8503
8 C	0.08314	0.06657	0.8503
9 A	0.07862	0.07114	0.85024
10 A	0.07861	0.07162	0.84976
11 A	0.07794	0.07232	0.84974
12 T	0.06900	0.08128	0.84972
13 T	0.03144	0.11901	0.84955
14 C	0.03142	0.11903	0.84955
15 G	0.03142	0.13003	0.83855
16 A	0.02893	0.13253	0.83855
17 A	0.02642	0.13508	0.8385
18 T	0.02635	0.13521	0.83844
19 A	0.02502	0.13658	0.8384
20 A	0.02169	0.14055	0.83776
21 A	0.01865	0.14345	0.8379
22 A	0.01861	0.14318	0.8382
23 T	0.01872	0.14209	0.8392
24 A	0.01876	0.14142	0.83981
25 G	0.01903	0.13276	0.8482
26 A	0.01922	0.12944	0.85135
27 T	0.02240	0.11973	0.85787
28 T	0.02319	0.10229	0.87453
29 T	0.02295	0.10063	0.87642
30 T	0.02227	0.08211	0.89561
31 A	0.02043	0.08330	0.89626
32 A	0.01959	0.08033	0.90008
33 G	0.01849	0.07845	0.90307
34 A	0.01824	0.07720	0.90456
35 A	0.01844	0.06849	0.91308
36 A	0.01871	0.03764	0.94365
37 A	0.01908	0.03565	0.94527
38 T	0.02897	0.02394	0.94709
39 T	0.02894	0.01992	0.95114
40 T	0.02893	0.01655	0.95452
41 C	0.02888	0.01524	0.95588
42 G	0.02873	0.01525	0.95602
43 G	0.02910	0.01390	0.95699
44 A	0.02901	0.01371	0.95728
45 A	0.02925	0.01373	0.95702
46 T	0.02965	0.01331	0.95703
47 T	0.03000	0.01269	0.95731
48 A	0.03018	0.01236	0.95746
49 A	0.03054	0.01171	0.95775
50 T	0.03124	0.01057	0.95819
51 T	0.03183	0.00926	0.9589
52 T	0.03220	0.00821	0.95959
53 T	0.03240	0.00703	0.96057
54 T	0.03256	0.00561	0.96184
55 T	0.03260	0.00499	0.96241
56 T	0.03257	0.00415	0.96328
57 T	0.03244	0.00410	0.96346
58 A	0.03214	0.00441	0.96346
59 T	0.03213	0.00433	0.96353
60 A	0.03199	0.00441	0.9636
61 G	0.03191	0.00439	0.9637
62 G	0.03193	0.00418	0.96389
63 C	0.03202	0.00398	0.96401
64 A	0.03215	0.00380	0.96405
65 G	0.03285	0.00300	0.96415
66 T	0.03325	0.00258	0.96417
67 T	0.03390	0.00184	0.96425
68 T	0.03413	0.00162	0.96425
69 T	0.03418	0.00154	0.96428
70 T	0.03420	0.00150	0.96429
71 T	0.03418	0.00150	0.96432
72 T	0.03414	0.00152	0.96433
73 A	0.03406	0.00159	0.96436
74 T	0.03402	0.00160	0.96438
75 G	0.03396	0.00161	0.96443
76 T	0.03392	0.00155	0.96453
77 C	0.03384	0.00151	0.96465
78 T	0.03381	0.00149	0.9647
79 G	0.03375	0.00152	0.96473
80 G	0.03378	0.00143	0.9648
81 T	0.03384	0.00123	0.96492
82 T	0.03384	0.00122	0.96494
83 T	0.03383	0.00109	0.96508
84 T	0.03379	0.00105	0.96516
85 A	0.03376	0.00105	0.96518
86 T	0.03375	0.00106	0.96519
87 C	0.03363	0.00118	0.96519
88 A	0.03359	0.00131	0.96511
89 T	0.03357	0.00135	0.96507
90 T	0.03320	0.00178	0.96502
91 G	0.03255	0.00247	0.96498
92 T	0.03231	0.00274	0.96495
93 A	0.03197	0.00309	0.96494
94 A	0.03181	0.00323	0.96495
95 T	0.03172	0.00328	0.965
96 T	0.03148	0.00344	0.96508
97 T	0.03123	0.00369	0.96509
98 T	0.03101	0.00396	0.96503
99 A	0.03057	0.00453	0.9649
100 A	0.03033	0.00473	0.96494
101 T	0.03018	0.00485	0.96498
102 T	0.02984	0.00518	0.96499
103 A	0.02840	0.00661	0.96498
104 C	0.02752	0.00747	0.965
105 A	0.02678	0.00824	0.96499
106 G	0.02633	0.00867	0.965
107 C	0.02610	0.00889	0.96502
108 A	0.02593	0.00908	0.96499
109 A	0.02592	0.00911	0.96497
110 G	0.02593	0.00900	0.96506
111 T	0.02602	0.00888	0.9651
112 A	0.02604	0.00887	0.96509
113 T	0.02610	0.00836	0.96553
114 T	0.02612	0.00775	0.96613
115 G	0.02609	0.00758	0.96634
116 A	0.02608	0.00729	0.96663
117 A	0.02602	0.00711	0.96687
118 T	0.02600	0.00686	0.96715
119 G	0.02593	0.00657	0.96749
120 C	0.02592	0.00627	0.96781
121 A	0.02594	0.00612	0.96794
122 A	0.02606	0.00575	0.96819
123 A	0.02608	0.00550	0.96842
124 G	0.02613	0.00522	0.96865
125 G	0.02620	0.00485	0.96895
126 T	0.02626	0.00329	0.97045
127 T	0.02628	0.00240	0.97132
128 T	0.02630	0.00171	0.97199
129 A	0.02631	0.00137	0.97232
130 T	0.02632	0.00112	0.97256
131 C	0.02634	0.00095	0.97271
132 A	0.02637	0.00091	0.97272
133 T	0.02642	0.00084	0.97274
134 C	0.02646	0.00079	0.97275
135 T	0.02651	0.00074	0.97275
136 T	0.02653	0.00072	0.97274
137 A	0.02656	0.00069	0.97276
138 T	0.02661	0.00060	0.97279
139 T	0.02663	0.00057	0.97281
140 T	0.02663	0.00049	0.97287
141 T	0.02662	0.00046	0.97292
142 T	0.02661	0.00041	0.97299
143 T	0.02660	0.00038	0.97302
144 A	0.02658	0.00038	0.97304
145 T	0.02657	0.00037	0.97305
146 T	0.02657	0.00038	0.97305
147 T	0.02656	0.00040	0.97304
148 G	0.02654	0.00043	0.97303
149 A	0.02653	0.00044	0.97303
150 T	0.02651	0.00046	0.97303
151 T	0.02649	0.00048	0.97303
152 A	0.02645	0.00051	0.97303
153 C	0.02644	0.00052	0.97304
154 A	0.02644	0.00052	0.97304
155 T	0.02644	0.00051	0.97304
156 T	0.02644	0.00051	0.97304
157 T	0.02644	0.00051	0.97305
158 C	0.02644	0.00052	0.97305
159 T	0.02644	0.00052	0.97304
160 A	0.02644	0.00053	0.97304
161 T	0.02644	0.00052	0.97304
162 A	0.02645	0.00051	0.97304
163 T	0.02649	0.00046	0.97304
164 T	0.02652	0.00041	0.97307
165 C	0.02654	0.00036	0.9731
166 T	0.02656	0.00033	0.97311
167 C	0.02658	0.00030	0.97312
168 T	0.02659	0.00028	0.97313
169 T	0.02660	0.00026	0.97313
170 T	0.02661	0.00025	0.97313
171 T	0.02661	0.00023	0.97316
172 T	0.02661	0.00023	0.97317
173 T	0.02659	0.00021	0.9732
174 A	0.02659	0.00020	0.97321
175 T	0.02659	0.00016	0.97325
176 G	0.02658	0.00015	0.97326
177 T	0.02658	0.00014	0.97328
178 T	0.02658	0.00014	0.97328
179 T	0.02656	0.00016	0.97327
180 T	0.02652	0.00020	0.97327
181 A	0.02650	0.00022	0.97328
182 T	0.02649	0.00022	0.97329
183 T	0.02647	0.00023	0.9733
184 A	0.02645	0.00025	0.9733
185 C	0.02644	0.00026	0.9733
186 T	0.02641	0.00029	0.9733
187 T	0.02637	0.00033	0.9733
188 T	0.02633	0.00038	0.97329
189 T	0.02622	0.00049	0.97329
190 T	0.02605	0.00067	0.97327
191 T	0.02578	0.00096	0.97326
192 T	0.02518	0.00156	0.97326
193 A	0.02385	0.00291	0.97324
194 T	0.02343	0.00332	0.97324
195 T	0.02232	0.00444	0.97324
196 C	0.02012	0.00666	0.97323
197 A	0.01864	0.00821	0.97316
198 T	0.01767	0.00925	0.97308
199 A	0.01586	0.01110	0.97304
200 T	0.01486	0.01213	0.97301
201 A	0.01234	0.01470	0.97296
202 A	0.01105	0.01600	0.97296
203 C	0.01038	0.01662	0.973
204 T	0.01014	0.01689	0.97298
205 A	0.00980	0.01729	0.97291
206 A	0.00968	0.01743	0.97289
207 A	0.00962	0.01749	0.97289
208 T	0.00960	0.01751	0.97289
209 T	0.00953	0.01753	0.97293
210 T	0.00940	0.01761	0.97299
211 A	0.00920	0.01776	0.97304
212 A	0.00910	0.01775	0.97315
213 A	0.00884	0.01780	0.97335
214 A	0.00867	0.01762	0.97371
215 A	0.00857	0.01701	0.97441
216 T	0.00851	0.01564	0.97585
217 A	0.00824	0.01547	0.97628
218 A	0.00809	0.01460	0.97732
219 T	0.00803	0.01268	0.97929
220 A	0.00798	0.01154	0.98049
221 A	0.00799	0.01065	0.98135
222 A	0.00800	0.00904	0.98296
223 A	0.00804	0.00790	0.98407
224 T	0.00809	0.00537	0.98654
225 T	0.00810	0.00413	0.98777
226 C	0.00809	0.00352	0.98839
227 A	0.00811	0.00339	0.9885
228 T	0.00816	0.00313	0.98871
229 T	0.00817	0.00303	0.9888
230 C	0.00816	0.00299	0.98886
231 T	0.00806	0.00312	0.98882
232 T	0.00793	0.00321	0.98886
233 G	0.00763	0.00346	0.9889
234 G	0.00733	0.00373	0.98893
235 A	0.00726	0.00385	0.98889
236 T	0.00726	0.00367	0.98907
237 A	0.00723	0.00374	0.98904
238 A	0.00726	0.00407	0.98867
239 A	0.00732	0.00401	0.98867
240 T	0.00745	0.00363	0.98892
241 T	0.00751	0.00350	0.98899
242 T	0.00752	0.00347	0.98901
243 A	0.00743	0.00360	0.98897
244 A	0.00738	0.00361	0.98901
245 T	0.00735	0.00360	0.98905
246 A	0.00726	0.00367	0.98906
247 A	0.00725	0.00368	0.98908
248 C	0.00729	0.00360	0.98911
249 T	0.00731	0.00358	0.98911
250 T	0.00731	0.00360	0.98909
251 T	0.00729	0.00363	0.98908
252 A	0.00722	0.00371	0.98907
253 A	0.00721	0.00370	0.98908
254 T	0.00725	0.00349	0.98926
255 T	0.00724	0.00332	0.98944
256 A	0.00715	0.00313	0.98972
257 C	0.00718	0.00281	0.99001
258 A	0.00721	0.00273	0.99006
259 G	0.00727	0.00264	0.99009
260 G	0.00746	0.00241	0.99013
261 T	0.00797	0.00188	0.99015
262 T	0.00808	0.00176	0.99015
263 G	0.00811	0.00169	0.9902
264 T	0.00818	0.00159	0.99024
265 A	0.00820	0.00152	0.99027
266 T	0.00828	0.00135	0.99037
267 G	0.00827	0.00130	0.99042
268 A	0.00828	0.00134	0.99038
269 G	0.00828	0.00136	0.99035
270 T	0.00823	0.00159	0.99018
271 T	0.00812	0.00185	0.99003
272 A	0.00786	0.00219	0.98994
273 T	0.00770	0.00241	0.98989
274 A	0.00760	0.00258	0.98983
275 T	0.00755	0.00264	0.98981
276 A	0.00743	0.00291	0.98966
277 A	0.00737	0.00317	0.98946
278 A	0.00734	0.00325	0.98941
279 A	0.00728	0.00329	0.98944
280 T	0.00721	0.00329	0.9895
281 A	0.00708	0.00338	0.98954
282 T	0.00707	0.00333	0.9896
283 T	0.00703	0.00333	0.98964
284 C	0.00698	0.00336	0.98966
285 G	0.00695	0.00339	0.98966
286 C	0.00695	0.00341	0.98965
287 C	0.00692	0.00347	0.98961
288 A	0.00691	0.00358	0.98951
289 G	0.00689	0.00366	0.98945
290 A	0.00689	0.00371	0.9894
291 A	0.00698	0.00365	0.98937
292 A	0.00711	0.00349	0.9894
293 T	0.00737	0.00307	0.98956
294 T	0.00752	0.00271	0.98977
295 G	0.00757	0.00239	0.99004
296 C	0.00764	0.00215	0.99021
297 A	0.00770	0.00206	0.99024
298 A	0.00774	0.00199	0.99027
299 G	0.00789	0.00177	0.99035
300 T	0.00811	0.00150	0.99039
301 A	0.00817	0.00142	0.99041
302 A	0.00825	0.00124	0.9905
303 T	0.00828	0.00110	0.99062
304 C	0.00825	0.00097	0.99078
305 A	0.00825	0.00095	0.99081
306 C	0.00825	0.00090	0.99084
307 G	0.00827	0.00090	0.99083
308 A	0.00831	0.00092	0.99077
309 T	0.00839	0.00089	0.99072
310 T	0.00846	0.00087	0.99067
311 T	0.00853	0.00079	0.99068
312 A	0.00855	0.00072	0.99073
313 T	0.00859	0.00064	0.99077
314 T	0.00860	0.00061	0.99079
315 C	0.00857	0.00062	0.99081
316 T	0.00855	0.00066	0.99079
317 T	0.00852	0.00071	0.99077
318 T	0.00844	0.00080	0.99076
319 A	0.00821	0.00106	0.99073
320 A	0.00809	0.00119	0.99072
321 T	0.00806	0.00119	0.99075
322 A	0.00800	0.00124	0.99075
323 G	0.00797	0.00126	0.99077
324 A	0.00795	0.00126	0.99079
325 T	0.00794	0.00125	0.9908
326 A	0.00792	0.00126	0.99081
327 C	0.00792	0.00123	0.99085
328 A	0.00793	0.00121	0.99086
329 A	0.00793	0.00120	0.99087
330 C	0.00797	0.00116	0.99087
331 A	0.00803	0.00109	0.99087
332 C	0.00810	0.00103	0.99087
333 T	0.00819	0.00094	0.99087
334 T	0.00821	0.00091	0.99088
335 T	0.00823	0.00089	0.99088
336 T	0.00824	0.00088	0.99088
337 T	0.00824	0.00086	0.9909
338 G	0.00824	0.00080	0.99096
339 T	0.00827	0.00071	0.99103
340 T	0.00828	0.00064	0.99107
341 A	0.00829	0.00058	0.99114
342 T	0.00831	0.00037	0.99132
343 T	0.00832	0.00028	0.9914
344 T	0.00832	0.00026	0.99142
345 A	0.00832	0.00022	0.99146
346 T	0.00831	0.00019	0.99149
347 A	0.00831	0.00019	0.9915
348 T	0.00831	0.00017	0.99153
349 C	0.00831	0.00016	0.99154
350 G	0.00831	0.00017	0.99153
351 T	0.00831	0.00018	0.99152
352 T	0.00831	0.00019	0.9915
353 T	0.00830	0.00020	0.99149
354 A	0.00830	0.00022	0.99149
355 T	0.00829	0.00023	0.99148
356 T	0.00829	0.00025	0.99146
357 A	0.00828	0.00026	0.99146
358 A	0.00828	0.00027	0.99145
359 T	0.00828	0.00026	0.99146
360 T	0.00827	0.00027	0.99146
361 A	0.00826	0.00028	0.99146
362 T	0.00826	0.00028	0.99146
363 G	0.00825	0.00029	0.99146
364 A	0.00826	0.00028	0.99146
365 T	0.00827	0.00027	0.99146
366 T	0.00829	0.00025	0.99147
367 T	0.00829	0.00023	0.99147
368 T	0.00829	0.00023	0.99148
369 A	0.00829	0.00023	0.99148
370 C	0.00829	0.00022	0.9915
371 C	0.00829	0.00022	0.9915
372 T	0.00830	0.00020	0.9915
373 T	0.00832	0.00019	0.9915
374 T	0.00833	0.00018	0.9915
375 T	0.00834	0.00017	0.99149
376 T	0.00834	0.00017	0.99149
377 T	0.00834	0.00016	0.9915
378 A	0.00834	0.00016	0.9915
379 T	0.00835	0.00014	0.99151
380 T	0.00835	0.00013	0.99152
381 T	0.00835	0.00013	0.99153
382 A	0.00835	0.00013	0.99153
383 T	0.00835	0.00012	0.99153
384 A	0.00835	0.00011	0.99154
385 T	0.00836	0.00011	0.99154
386 T	0.00836	0.00010	0.99153
387 T	0.00836	0.00012	0.99152
388 T	0.00835	0.00016	0.99149
389 A	0.00834	0.00020	0.99146
390 T	0.00834	0.00022	0.99144
391 T	0.00833	0.00024	0.99143
392 A	0.00832	0.00028	0.99141
393 T	0.00832	0.00030	0.99138
394 T	0.00831	0.00032	0.99137
395 T	0.00831	0.00036	0.99133
396 A	0.00831	0.00040	0.9913
397 T	0.00830	0.00041	0.99128
398 G	0.00830	0.00043	0.99126
399 T	0.00830	0.00045	0.99125
400 T	0.00829	0.00045	0.99125
401 T	0.00828	0.00046	0.99126
402 A	0.00822	0.00053	0.99126
403 G	0.00816	0.00059	0.99126
404 C	0.00812	0.00063	0.99125
405 G	0.00798	0.00083	0.99119
406 A	0.00792	0.00097	0.99111
407 A	0.00789	0.00106	0.99105
408 A	0.00787	0.00114	0.99099
409 G	0.00785	0.00122	0.99093
410 A	0.00785	0.00133	0.99083
411 T	0.00788	0.00132	0.9908
412 G	0.00786	0.00133	0.9908
413 T	0.00787	0.00134	0.9908
414 A	0.00782	0.00140	0.99078
415 C	0.00780	0.00141	0.99079
416 C	0.00779	0.00142	0.99079
417 A	0.00779	0.00143	0.99077
418 T	0.00783	0.00140	0.99077
419 C	0.00785	0.00138	0.99077
420 T	0.00784	0.00139	0.99077
421 T	0.00782	0.00142	0.99076
422 C	0.00775	0.00148	0.99077
423 T	0.00766	0.00159	0.99075
424 A	0.00756	0.00172	0.99072
425 A	0.00749	0.00175	0.99076
426 G	0.00745	0.00174	0.99081
427 A	0.00744	0.00176	0.99081
428 T	0.00749	0.00158	0.99093
429 G	0.00754	0.00149	0.99097
430 A	0.00758	0.00149	0.99093
431 A	0.00763	0.00145	0.99091
432 A	0.00769	0.00139	0.99092
433 A	0.00778	0.00130	0.99092
434 A	0.00783	0.00125	0.99093
435 T	0.00786	0.00118	0.99096
436 A	0.00787	0.00115	0.99097
437 T	0.00790	0.00108	0.99102
438 T	0.00790	0.00108	0.99102
439 G	0.00789	0.00109	0.99102
440 T	0.00790	0.00108	0.99102
441 T	0.00789	0.00110	0.99101
442 A	0.00786	0.00115	0.99099
443 T	0.00787	0.00112	0.99102
444 T	0.00787	0.00108	0.99105
445 A	0.00786	0.00104	0.99111
446 T	0.00787	0.00095	0.99118
447 T	0.00788	0.00084	0.99127
448 T	0.00788	0.00079	0.99133
449 G	0.00786	0.00078	0.99136
450 C	0.00786	0.00075	0.99139
451 T	0.00788	0.00073	0.99139
452 A	0.00790	0.00070	0.9914
453 T	0.00796	0.00064	0.9914
454 C	0.00798	0.00062	0.9914
455 C	0.00799	0.00063	0.99137
456 T	0.00802	0.00077	0.99121
457 A	0.00801	0.00099	0.99099
458 T	0.00803	0.00115	0.99081
459 A	0.00803	0.00146	0.99051
460 A	0.00805	0.00158	0.99037
461 T	0.00808	0.00168	0.99024
462 T	0.00804	0.00185	0.9901
463 T	0.00794	0.00208	0.98998
464 A	0.00764	0.00260	0.98976
465 T	0.00753	0.00291	0.98957
466 A	0.00736	0.00327	0.98937
467 T	0.00723	0.00365	0.98912
468 A	0.00695	0.00444	0.98861
469 G	0.00674	0.00516	0.9881
470 T	0.00634	0.00564	0.98802
471 A	0.00577	0.00628	0.98795
472 A	0.00551	0.00656	0.98793
473 G	0.00529	0.00678	0.98794
474 C	0.00520	0.00687	0.98793
475 A	0.00514	0.00693	0.98792
476 A	0.00512	0.00696	0.98793
477 G	0.00511	0.00696	0.98793
478 A	0.00516	0.00691	0.98794
479 C	0.00534	0.00673	0.98793
480 A	0.00556	0.00655	0.9879
481 A	0.00574	0.00641	0.98785
482 T	0.00607	0.00608	0.98784
483 A	0.00619	0.00595	0.98786
484 T	0.00638	0.00575	0.98787
485 T	0.00650	0.00552	0.98798
486 A	0.00653	0.00534	0.98813
487 C	0.00669	0.00485	0.98846
488 T	0.00690	0.00458	0.98853
489 A	0.00700	0.00442	0.98858
490 G	0.00721	0.00414	0.98865
491 A	0.00770	0.00347	0.98883
492 T	0.00822	0.00279	0.98899
493 T	0.00830	0.00222	0.98947
494 T	0.00830	0.00181	0.98989
495 T	0.00821	0.00194	0.98984
496 T	0.00805	0.00198	0.98996
497 T	0.00778	0.00225	0.98997
498 A	0.00722	0.00289	0.98989
499 A	0.00682	0.00338	0.98981
500 C	0.00664	0.00363	0.98973
501 A	0.00640	0.00459	0.98901
502 A	0.00613	0.00580	0.98806
503 A	0.00607	0.00673	0.9872
504 T	0.00608	0.00741	0.98651
505 A	0.00607	0.00858	0.98535
506 A	0.00607	0.00909	0.98484
507 A	0.00608	0.00950	0.98442
508 A	0.00611	0.00965	0.98425
509 G	0.00616	0.00957	0.98427
510 T	0.00627	0.00947	0.98425
511 T	0.00635	0.00942	0.98423
512 T	0.00633	0.00948	0.98419
513 A	0.00626	0.00958	0.98415
514 A	0.00627	0.00958	0.98415
515 A	0.00628	0.00955	0.98418
516 A	0.00633	0.00944	0.98422
517 A	0.00644	0.00918	0.98439
518 T	0.00670	0.00867	0.98463
519 T	0.00675	0.00838	0.98487
520 G	0.00677	0.00814	0.98509
521 A	0.00686	0.00767	0.98547
522 G	0.00698	0.00723	0.98578
523 A	0.00711	0.00694	0.98595
524 A	0.00782	0.00599	0.98618
525 C	0.00886	0.00467	0.98646
526 G	0.00978	0.00366	0.98656
527 C	0.01056	0.00285	0.98659
528 T	0.01178	0.00163	0.98659
529 C	0.01226	0.00115	0.98659
530 T	0.01270	0.00075	0.98656
531 T	0.01285	0.00065	0.98651
532 T	0.01288	0.00063	0.98649
533 T	0.01290	0.00063	0.98648
534 A	0.01290	0.00066	0.98644
535 T	0.01294	0.00058	0.98648
536 C	0.01287	0.00061	0.98652
537 T	0.01272	0.00089	0.98639
538 A	0.01260	0.00120	0.9862
539 T	0.01254	0.00147	0.98599
540 G	0.01183	0.00255	0.98562
541 G	0.01137	0.00323	0.9854
542 G	0.01113	0.00348	0.98539
543 T	0.01102	0.00360	0.98538
544 G	0.01086	0.00378	0.98537
545 G	0.01078	0.00385	0.98537
546 C	0.01074	0.00389	0.98536
547 G	0.01072	0.00396	0.98532
548 A	0.01072	0.00401	0.98527
549 C	0.01072	0.00402	0.98526
550 G	0.01072	0.00405	0.98523
551 T	0.01073	0.00409	0.98518
552 A	0.01074	0.00415	0.98512
553 C	0.01076	0.00413	0.98511
554 A	0.01080	0.00414	0.98507
555 T	0.01082	0.00414	0.98504
556 A	0.01083	0.00420	0.98498
557 C	0.01084	0.00428	0.98488
558 A	0.01086	0.00470	0.98444
559 A	0.01093	0.00471	0.98436
560 T	0.01110	0.00448	0.98443
561 A	0.01128	0.00433	0.98439
562 A	0.01148	0.00418	0.98435
563 T	0.01185	0.00309	0.98506
564 T	0.01201	0.00241	0.98559
565 T	0.01201	0.00212	0.98587
566 T	0.01199	0.00208	0.98593
567 C	0.01190	0.00229	0.98581
568 A	0.01184	0.00366	0.9845
569 A	0.01178	0.00537	0.98285
570 T	0.01172	0.00558	0.98271
571 A	0.01164	0.00576	0.9826
572 T	0.01159	0.00593	0.98248
573 A	0.01146	0.00614	0.98241
574 C	0.01141	0.00621	0.98238
575 T	0.01139	0.00636	0.98225
576 A	0.01135	0.00642	0.98222
577 A	0.01139	0.00641	0.9822
578 A	0.01145	0.00635	0.9822
579 A	0.01156	0.00625	0.9822
580 C	0.01174	0.00601	0.98224
581 T	0.01221	0.00553	0.98226
582 T	0.01238	0.00536	0.98226
583 T	0.01247	0.00527	0.98226
584 A	0.01251	0.00524	0.98225
585 T	0.01256	0.00517	0.98226
586 T	0.01257	0.00513	0.98229
587 C	0.01257	0.00509	0.98234
588 A	0.01260	0.00504	0.98236
589 A	0.01270	0.00493	0.98237
590 G	0.01292	0.00465	0.98243
591 A	0.01420	0.00333	0.98247
592 T	0.01592	0.00156	0.98252
593 T	0.01615	0.00119	0.98266
594 T	0.01626	0.00096	0.98279
595 T	0.01631	0.00083	0.98286
596 T	0.01629	0.00071	0.983
597 A	0.01620	0.00074	0.98306
598 C	0.01623	0.00066	0.98311
599 T	0.01621	0.00076	0.98303
600 T	0.01604	0.00120	0.98276
601 T	0.01577	0.00165	0.98257
602 T	0.01531	0.00227	0.98242
603 A	0.01453	0.00308	0.9824
604 A	0.01425	0.00335	0.9824
605 T	0.01419	0.00340	0.98241
606 T	0.01412	0.00344	0.98243
607 C	0.01401	0.00353	0.98247
608 C	0.01389	0.00363	0.98248
609 T	0.01380	0.00373	0.98247
610 T	0.01364	0.00389	0.98247
611 G	0.01327	0.00425	0.98248
612 C	0.01312	0.00441	0.98247
613 G	0.01307	0.00448	0.98246
614 T	0.01305	0.00453	0.98243
615 A	0.01294	0.00468	0.98238
616 T	0.01285	0.00482	0.98233
617 T	0.01262	0.00515	0.98223
618 A	0.01215	0.00584	0.98201
619 G	0.01190	0.00650	0.98159
620 G	0.01176	0.00726	0.98098
621 A	0.01169	0.00843	0.97989
622 A	0.01177	0.00863	0.9796
623 T	0.01206	0.00835	0.97959
624 T	0.01221	0.00817	0.97962
625 T	0.01227	0.00790	0.97982
626 T	0.01223	0.00767	0.9801
627 A	0.01215	0.00794	0.9799
628 T	0.01204	0.00828	0.97968
629 T	0.01193	0.00858	0.97948
630 A	0.01163	0.00930	0.97907
631 G	0.01129	0.00990	0.9788
632 T	0.01105	0.01074	0.9782
633 T	0.01064	0.01220	0.97716
634 A	0.00977	0.01554	0.9747
635 A	0.00907	0.01925	0.97168
636 A	0.00857	0.02287	0.96855
637 A	0.00818	0.02655	0.96527
638 A	0.00795	0.02913	0.96292
639 A	0.00785	0.03154	0.96062
640 G	0.00792	0.03239	0.95969
641 A	0.00817	0.03215	0.95968
642 A	0.00875	0.03166	0.95958
643 A	0.00962	0.03092	0.95945
644 T	0.01095	0.02975	0.9593
645 C	0.01134	0.02959	0.95907
646 T	0.01167	0.03000	0.95833
647 T	0.01162	0.03158	0.95681
648 A	0.01134	0.03431	0.95436
649 A	0.01135	0.03642	0.95224
650 A	0.01147	0.03909	0.94943
651 T	0.01171	0.04015	0.94814
652 A	0.01170	0.04111	0.94719
653 A	0.01200	0.04133	0.94667
654 A	0.01170	0.04202	0.94629
655 G	0.01181	0.04201	0.94617
656 A	0.01241	0.04164	0.94595
657 A	0.01459	0.03916	0.94626
658 A	0.01742	0.03607	0.94651
659 A	0.02059	0.03259	0.94683
660 G	0.02393	0.02886	0.94722
661 A	0.02617	0.02639	0.94744
662 T	0.02835	0.02409	0.94757
663 A	0.02883	0.02365	0.94753
664 C	0.02914	0.02342	0.94744
665 A	0.02945	0.02330	0.94725
666 A	0.02993	0.02296	0.94712
667 T	0.03062	0.02227	0.94711
668 T	0.03117	0.02171	0.94713
669 A	0.03166	0.02121	0.94713
670 G	0.03310	0.01944	0.94746
671 C	0.03536	0.01679	0.94784
672 A	0.03748	0.01469	0.94783
673 T	0.04066	0.01143	0.94791
674 T	0.04237	0.00970	0.94793
675 A	0.04327	0.00875	0.94798
676 A	0.04398	0.00793	0.94809
677 T	0.04474	0.00630	0.94896
678 T	0.04511	0.00544	0.94945
679 T	0.04550	0.00494	0.94956
680 A	0.04565	0.00478	0.94956
681 T	0.04588	0.00447	0.94966
682 A	0.04594	0.00438	0.94968
683 T	0.04597	0.00423	0.9498
684 A	0.04593	0.00415	0.94992
685 G	0.04598	0.00387	0.95015
686 G	0.04612	0.00345	0.95043
687 T	0.04633	0.00311	0.95055
688 T	0.04649	0.00283	0.95068
689 G	0.04660	0.00264	0.95076
690 T	0.04662	0.00260	0.95078
691 A	0.04661	0.00262	0.95077
692 G	0.04662	0.00258	0.9508
693 T	0.04665	0.00270	0.95065
694 A	0.04669	0.00303	0.95028
695 T	0.04682	0.00303	0.95015
696 T	0.04689	0.00309	0.95002
697 G	0.04692	0.00305	0.95003
698 T	0.04699	0.00298	0.95003
699 A	0.04703	0.00294	0.95003
700 G	0.04709	0.00286	0.95005
701 C	0.04725	0.00268	0.95007
702 T	0.04772	0.00221	0.95007
703 T	0.04796	0.00196	0.95008
704 T	0.04805	0.00187	0.95008
705 A	0.04810	0.00181	0.95009
706 T	0.04814	0.00177	0.95008
707 C	0.04816	0.00167	0.95017
708 T	0.04819	0.00163	0.95018
709 T	0.04823	0.00161	0.95017
710 T	0.04827	0.00158	0.95014
711 T	0.04829	0.00159	0.95012
712 G	0.04828	0.00163	0.95008
713 G	0.04830	0.00162	0.95008
714 A	0.04839	0.00154	0.95007
715 G	0.04851	0.00141	0.95008
716 G	0.04876	0.00116	0.95007
717 T	0.04920	0.00073	0.95007
718 T	0.04938	0.00058	0.95003
719 T	0.04947	0.00056	0.94998
720 T	0.04944	0.00075	0.94981
721 T	0.04900	0.00149	0.94952
722 G	0.04810	0.00247	0.94942
723 G	0.04750	0.00311	0.94939
724 T	0.04679	0.00383	0.94938
725 A	0.04546	0.00518	0.94936
726 C	0.04476	0.00588	0.94935
727 C	0.04379	0.00689	0.94933
728 C	0.04325	0.00743	0.94932
729 T	0.04275	0.00794	0.9493
730 T	0.04233	0.00837	0.9493
731 G	0.04192	0.00877	0.9493
732 C	0.04169	0.00901	0.9493
733 C	0.04143	0.00931	0.94927
734 C	0.04101	0.00975	0.94924
735 T	0.04078	0.01016	0.94905
736 T	0.04046	0.01071	0.94883
737 T	0.03932	0.01229	0.94839
738 C	0.03718	0.01485	0.94797
739 A	0.03547	0.01788	0.94665
740 A	0.03461	0.01985	0.94555
741 A	0.03407	0.02086	0.94507
742 A	0.03369	0.02141	0.9449
743 A	0.03363	0.02157	0.9448
744 A	0.03356	0.02120	0.94524
745 G	0.03351	0.02041	0.94608
746 A	0.03350	0.02005	0.94646
747 A	0.03349	0.01961	0.94691
748 G	0.03349	0.01893	0.94758
749 T	0.03351	0.01957	0.94692
750 T	0.03349	0.02098	0.94552
751 A	0.03348	0.02358	0.94294
752 T	0.03347	0.02566	0.94087
753 G	0.03345	0.02894	0.9376
754 A	0.03344	0.03007	0.93649
755 A	0.03343	0.03123	0.93534
756 A	0.03346	0.03255	0.93399
757 A	0.03359	0.03256	0.93386
758 C	0.03400	0.03198	0.93401
759 A	0.03460	0.03244	0.93296
760 T	0.03548	0.03136	0.93316
761 T	0.03597	0.03038	0.93364
762 A	0.03669	0.03063	0.93268
763 T	0.03738	0.03155	0.93108
764 T	0.03765	0.03527	0.92708
765 T	0.03766	0.03880	0.92354
766 A	0.03723	0.04350	0.91927
767 A	0.03702	0.04403	0.91896
768 A	0.03645	0.04485	0.9187
769 G	0.03625	0.04504	0.91872
770 A	0.03637	0.04493	0.9187
771 C	0.03731	0.04393	0.91875
772 A	0.03881	0.04247	0.91871
773 C	0.04127	0.04005	0.91868
774 A	0.04383	0.03803	0.91815
775 C	0.04610	0.03632	0.91757
776 A	0.04861	0.03577	0.91562
777 A	0.04990	0.03530	0.9148
778 G	0.05151	0.03375	0.91473
779 T	0.05422	0.03103	0.91475
780 T	0.05564	0.02960	0.91476
781 T	0.05636	0.02884	0.9148
782 C	0.05668	0.02849	0.91483
783 C	0.05686	0.02831	0.91483
784 A	0.05719	0.02808	0.91473
785 C	0.05917	0.02617	0.91466
786 A	0.06183	0.02366	0.9145
787 T	0.06656	0.01910	0.91435
788 T	0.06978	0.01594	0.91428
789 T	0.07255	0.01277	0.91469
790 T	0.07201	0.01310	0.91489
791 T	0.07034	0.01411	0.91555
792 A	0.06705	0.01707	0.91589
793 C	0.06358	0.02028	0.91615
794 A	0.06083	0.02334	0.91583
795 A	0.05995	0.02423	0.91582
796 G	0.05953	0.02466	0.91581
797 A	0.05987	0.02426	0.91588
798 T	0.06057	0.02355	0.91589
799 T	0.06187	0.02204	0.91609
800 T	0.06207	0.02169	0.91624
801 A	0.06150	0.02223	0.91627
802 T	0.06121	0.02231	0.91647
803 G	0.06046	0.02308	0.91646
804 T	0.05993	0.02376	0.91631
805 A	0.05892	0.02481	0.91627
806 A	0.05808	0.02554	0.91638
807 T	0.05729	0.02623	0.91648
808 T	0.05521	0.02879	0.91601
809 A	0.05088	0.03408	0.91503
810 T	0.04798	0.03784	0.91417
811 A	0.03948	0.04837	0.91214
812 A	0.03553	0.05245	0.91203
813 T	0.03390	0.05374	0.91237
814 G	0.02722	0.06001	0.91277
815 A	0.02490	0.06106	0.91403
816 A	0.02192	0.06244	0.91564
817 T	0.01986	0.06339	0.91674
818 A	0.01812	0.06542	0.91646
819 T	0.01678	0.06718	0.91605
820 G	0.01402	0.07186	0.91412
821 A	0.01233	0.07528	0.91239
822 T	0.01141	0.07732	0.91127
823 G	0.01045	0.07938	0.91017
824 A	0.01009	0.08149	0.90842
825 A	0.01001	0.08278	0.90721
826 A	0.01014	0.08343	0.90643
827 T	0.01045	0.08357	0.90598
828 A	0.01065	0.08492	0.90444
829 A	0.01090	0.08731	0.90179
830 A	0.01119	0.08821	0.9006
831 A	0.01182	0.08709	0.90109
832 A	0.01279	0.08280	0.90442
833 A	0.01402	0.07915	0.90683
834 T	0.01668	0.06831	0.91501
835 A	0.01731	0.06791	0.91478
836 A	0.01828	0.06906	0.91266
837 T	0.01978	0.06458	0.91564
838 A	0.02082	0.06623	0.91295
839 A	0.02193	0.06328	0.91479
840 T	0.02353	0.06026	0.9162
841 A	0.02432	0.06065	0.91502
842 G	0.02509	0.06040	0.91451
843 T	0.02773	0.05599	0.91628
844 G	0.02917	0.05424	0.9166
845 T	0.03057	0.05384	0.9156
846 A	0.03054	0.05983	0.90963
847 C	0.03145	0.06462	0.90393
848 A	0.03119	0.07822	0.89059
849 A	0.03148	0.08590	0.88261
850 A	0.03012	0.09053	0.87935
851 A	0.03060	0.09209	0.87732
852 T	0.03393	0.08980	0.87626
853 G	0.03414	0.09137	0.87449
854 A	0.03432	0.09229	0.87338
855 A	0.03435	0.09228	0.87337
856 G	0.03486	0.09175	0.8734
857 A	0.03521	0.09137	0.87342
858 A	0.03953	0.08688	0.8736
859 C	0.04419	0.08196	0.87385
860 G	0.04722	0.07907	0.87371
861 T	0.05219	0.07408	0.87373
862 A	0.05292	0.07356	0.87353
863 A	0.05314	0.07329	0.87358
864 A	0.04823	0.07806	0.87371
865 C	0.04385	0.08160	0.87455
866 A	0.04258	0.08271	0.87471
867 C	0.04269	0.08215	0.87517
868 A	0.04435	0.08082	0.87483
869 A	0.05120	0.07339	0.87541
870 T	0.05910	0.06504	0.87586
871 G	0.06968	0.05322	0.87711
872 T	0.07657	0.04542	0.87801
873 T	0.07804	0.04052	0.88144
874 C	0.07856	0.03803	0.88342
875 A	0.07869	0.03786	0.88345
876 T	0.08029	0.03535	0.88435
877 G	0.08068	0.03424	0.88508
878 T	0.07983	0.03459	0.88558
879 T	0.07863	0.03555	0.88582
880 C	0.07453	0.03916	0.88631
881 C	0.06785	0.04657	0.88557
882 A	0.05786	0.06024	0.8819
883 A	0.05053	0.07091	0.87856
884 A	0.04868	0.07362	0.8777
885 A	0.04840	0.07465	0.87695
886 A	0.04826	0.07462	0.87713
887 A	0.04827	0.06668	0.88504
888 T	0.04838	0.05930	0.89233
889 G	0.04837	0.05727	0.89436
890 A	0.04837	0.05666	0.89498
891 T	0.04878	0.05517	0.89605
892 A	0.04869	0.05483	0.89648
893 G	0.04864	0.05354	0.89782
894 T	0.04844	0.05318	0.89837
895 C	0.04790	0.05417	0.89794
896 G	0.04697	0.06276	0.89027
897 T	0.04647	0.06839	0.88514
898 A	0.04572	0.07270	0.88159
899 A	0.04500	0.07619	0.87881
900 A	0.04412	0.07918	0.8767
901 G	0.04329	0.08116	0.87555
902 A	0.04290	0.08576	0.87134
903 A	0.04329	0.08185	0.87485
904 A	0.04431	0.07535	0.88034
905 G	0.04767	0.06278	0.88955
906 T	0.05082	0.05355	0.89563
907 C	0.05139	0.05154	0.89707
908 G	0.05177	0.05143	0.89681
909 T	0.05199	0.05166	0.89635
910 A	0.05138	0.05264	0.89597
911 C	0.05060	0.05346	0.89594
912 A	0.04969	0.05530	0.895
913 G	0.05002	0.05606	0.89392
914 A	0.04982	0.05977	0.8904
915 A	0.05034	0.06307	0.88659
916 A	0.05137	0.06320	0.88543
917 G	0.05315	0.06143	0.88542
918 A	0.05560	0.05967	0.88473
919 T	0.06412	0.05157	0.8843
920 T	0.06774	0.04948	0.88278
921 A	0.06793	0.04922	0.88285
922 A	0.06753	0.04991	0.88256
923 A	0.06632	0.05123	0.88244
924 A	0.06790	0.04913	0.88297
925 C	0.07097	0.04560	0.88343
926 G	0.07189	0.04476	0.88335
927 T	0.07306	0.04372	0.88322
928 T	0.07353	0.04355	0.88292
929 T	0.07403	0.04312	0.88285
930 T	0.07402	0.04312	0.88285
931 A	0.07427	0.04247	0.88326
932 T	0.07477	0.04124	0.884
933 T	0.07511	0.03993	0.88496
934 G	0.07529	0.03891	0.8858
935 G	0.07602	0.03731	0.88667
936 A	0.07720	0.03578	0.88703
937 A	0.08049	0.03206	0.88745
938 T	0.08493	0.02727	0.88781
939 T	0.08632	0.02562	0.88807
940 A	0.08690	0.02476	0.88834
941 A	0.08791	0.02341	0.88868
942 A	0.08918	0.02175	0.88906
943 A	0.09101	0.01910	0.88989
944 A	0.09193	0.01613	0.89194
945 A	0.09335	0.01207	0.89458
946 T	0.09514	0.00668	0.89817
947 A	0.09593	0.00394	0.90013
948 G	0.09693	0.00000	0.90307
