# lcl|CP097583.1_cds_USQ93338.1_1
# AA	inside	membr	outside
1 A	0.54789	0.00000	0.45211
2 T	0.54780	0.00010	0.45211
3 G	0.54774	0.00015	0.45211
4 A	0.54774	0.00594	0.44632
5 A	0.54745	0.01176	0.44079
6 T	0.54745	0.01277	0.43979
7 T	0.53890	0.02203	0.43907
8 T	0.53890	0.02205	0.43905
9 T	0.53082	0.03078	0.4384
10 A	0.53077	0.12469	0.34455
11 A	0.52406	0.13991	0.33603
12 A	0.45108	0.21643	0.3325
13 G	0.39273	0.29112	0.31616
14 A	0.39272	0.29113	0.31616
15 A	0.39272	0.55146	0.05583
16 T	0.39194	0.55223	0.05583
17 T	0.38930	0.55723	0.05348
18 T	0.38909	0.56299	0.04793
19 T	0.37875	0.57703	0.04422
20 A	0.26890	0.70660	0.0245
21 T	0.10123	0.87436	0.02442
22 A	0.08345	0.89423	0.02232
23 A	0.07637	0.90336	0.02027
24 C	0.06745	0.91466	0.0179
25 A	0.05985	0.92674	0.01341
26 A	0.05670	0.93139	0.01191
27 A	0.05905	0.92988	0.01108
28 A	0.06024	0.92892	0.01084
29 A	0.06035	0.92881	0.01085
30 T	0.06506	0.91568	0.01925
31 A	0.06373	0.91548	0.02079
32 A	0.06450	0.90501	0.03049
33 A	0.13477	0.83049	0.03474
34 A	0.14550	0.81083	0.04367
35 A	0.15884	0.73487	0.10629
36 A	0.17862	0.66857	0.15281
37 A	0.18810	0.65613	0.15577
38 T	0.42488	0.41319	0.16192
39 A	0.42775	0.40376	0.16849
40 T	0.43704	0.37646	0.18649
41 T	0.44298	0.35597	0.20105
42 A	0.44549	0.33854	0.21596
43 A	0.45958	0.23355	0.30687
44 T	0.46118	0.08508	0.45375
45 C	0.46338	0.06277	0.47385
46 A	0.46581	0.05499	0.47921
47 T	0.47028	0.04327	0.48645
48 T	0.47362	0.03526	0.49112
49 T	0.47058	0.03668	0.49273
50 T	0.46174	0.04490	0.49336
51 T	0.45832	0.04409	0.49759
52 T	0.44703	0.05438	0.49859
53 T	0.40057	0.10227	0.49716
54 A	0.35154	0.15094	0.49752
55 G	0.33866	0.16212	0.49922
56 T	0.32660	0.17344	0.49997
57 T	0.27832	0.22334	0.49835
58 G	0.19014	0.31421	0.49566
59 T	0.18507	0.31959	0.49534
60 G	0.17916	0.32590	0.49494
61 A	0.17723	0.32775	0.49502
62 T	0.17741	0.32656	0.49603
63 T	0.17647	0.32732	0.4962
64 A	0.17551	0.32790	0.49659
65 C	0.17499	0.32684	0.49817
66 T	0.17456	0.32723	0.49821
67 A	0.17412	0.32756	0.49833
68 T	0.17427	0.32715	0.49858
69 A	0.17416	0.32752	0.49833
70 G	0.17466	0.32666	0.49867
71 T	0.17573	0.32255	0.50173
72 T	0.17661	0.31554	0.50786
73 A	0.17680	0.30619	0.51701
74 T	0.17741	0.29878	0.52381
75 A	0.17743	0.28502	0.53756
76 T	0.17988	0.22198	0.59814
77 T	0.18123	0.16346	0.65532
78 G	0.18117	0.14128	0.67755
79 G	0.18165	0.12901	0.68934
80 T	0.18383	0.09382	0.72235
81 T	0.18541	0.03779	0.77681
82 T	0.18517	0.03777	0.77706
83 T	0.18474	0.03924	0.77602
84 T	0.18369	0.04720	0.76911
85 G	0.18196	0.06362	0.75442
86 T	0.18012	0.09538	0.7245
87 A	0.17663	0.15193	0.67145
88 G	0.17478	0.20067	0.62455
89 G	0.16777	0.30845	0.52378
90 A	0.16492	0.50812	0.32697
91 A	0.16396	0.64419	0.19185
92 T	0.16366	0.69269	0.14365
93 A	0.16272	0.72813	0.10915
94 A	0.16255	0.75593	0.08151
95 A	0.16252	0.77013	0.06735
96 A	0.16172	0.77620	0.06208
97 A	0.16168	0.78081	0.0575
98 T	0.16263	0.78203	0.05534
99 A	0.16170	0.79159	0.04671
100 A	0.16086	0.80150	0.03764
101 T	0.16171	0.80694	0.03136
102 G	0.15899	0.81156	0.02945
103 A	0.15710	0.81726	0.02564
104 A	0.15847	0.81708	0.02446
105 T	0.16291	0.81232	0.02476
106 C	0.16573	0.80966	0.02461
107 G	0.17350	0.80520	0.0213
108 A	0.18893	0.78986	0.02121
109 A	0.22262	0.75488	0.02251
110 A	0.28054	0.69461	0.02485
111 A	0.33686	0.63672	0.02643
112 C	0.44758	0.51756	0.03485
113 C	0.64069	0.32145	0.03786
114 T	0.78118	0.18038	0.03844
115 T	0.82149	0.14080	0.03771
116 G	0.83037	0.13317	0.03645
117 T	0.83378	0.13136	0.03486
118 A	0.79525	0.17160	0.03315
119 A	0.73292	0.23477	0.0323
120 T	0.68702	0.28135	0.03162
121 A	0.62273	0.34926	0.02801
122 G	0.58121	0.39137	0.02741
123 A	0.57675	0.39653	0.02671
124 A	0.56873	0.40336	0.02791
125 A	0.56467	0.40310	0.03224
126 T	0.56821	0.39510	0.03668
127 T	0.56919	0.39200	0.03881
128 C	0.55826	0.40112	0.04062
129 C	0.54403	0.41451	0.04147
130 G	0.52666	0.43185	0.04148
131 T	0.51158	0.44719	0.04123
132 T	0.46683	0.49225	0.04093
133 G	0.32614	0.63369	0.04017
134 A	0.20482	0.75676	0.03842
135 A	0.16146	0.80064	0.03789
136 G	0.12379	0.83771	0.03849
137 A	0.10344	0.85902	0.03754
138 A	0.09393	0.86635	0.03972
139 A	0.09040	0.86320	0.04641
140 A	0.08713	0.85637	0.05649
141 A	0.08526	0.81624	0.09849
142 A	0.08579	0.74981	0.1644
143 T	0.08776	0.69056	0.22168
144 A	0.08906	0.63234	0.27859
145 C	0.08945	0.58710	0.32345
146 A	0.09025	0.60191	0.30784
147 T	0.08970	0.61597	0.29433
148 A	0.08767	0.63784	0.27449
149 G	0.08685	0.64263	0.27053
150 T	0.08627	0.66225	0.25148
151 T	0.08562	0.67714	0.23724
152 A	0.08421	0.67718	0.23861
153 T	0.08384	0.66262	0.25354
154 A	0.08305	0.68203	0.23491
155 A	0.08270	0.66059	0.25671
156 A	0.08252	0.55665	0.36082
157 G	0.08365	0.44377	0.47258
158 A	0.08459	0.41278	0.50262
159 A	0.08638	0.38468	0.52893
160 G	0.08976	0.37133	0.53891
161 G	0.09280	0.37477	0.53243
162 A	0.09744	0.39742	0.50514
163 A	0.10217	0.41688	0.48095
164 A	0.10407	0.44282	0.45311
165 T	0.10724	0.52935	0.36342
166 A	0.10783	0.67578	0.21639
167 A	0.11132	0.74728	0.1414
168 A	0.11911	0.80584	0.07505
169 A	0.14579	0.79750	0.05671
170 T	0.18108	0.77409	0.04482
171 T	0.20986	0.74480	0.04534
172 A	0.21853	0.73568	0.04579
173 C	0.24055	0.71310	0.04635
174 T	0.27164	0.68410	0.04426
175 C	0.28119	0.68065	0.03817
176 A	0.29378	0.67021	0.03601
177 T	0.32940	0.63516	0.03544
178 T	0.34080	0.62460	0.0346
179 T	0.34404	0.62173	0.03424
180 C	0.34066	0.62576	0.03357
181 A	0.34031	0.62750	0.03219
182 T	0.34408	0.62519	0.03074
183 A	0.34288	0.62769	0.02943
184 G	0.35359	0.61855	0.02785
185 A	0.38029	0.59198	0.02772
186 A	0.41198	0.55978	0.02824
187 A	0.44489	0.52645	0.02865
188 A	0.53829	0.43251	0.02921
189 C	0.67718	0.29205	0.03076
190 A	0.74962	0.21953	0.03085
191 G	0.81340	0.15564	0.03097
192 T	0.84453	0.12468	0.03079
193 T	0.85490	0.11509	0.03001
194 T	0.84810	0.12221	0.02968
195 A	0.82675	0.14324	0.03001
196 A	0.81479	0.15391	0.0313
197 A	0.80660	0.15938	0.03402
198 T	0.80767	0.15138	0.04096
199 T	0.78331	0.16758	0.04911
200 C	0.71578	0.22876	0.05546
201 T	0.68482	0.25755	0.05763
202 C	0.64138	0.29851	0.0601
203 T	0.61274	0.32553	0.06173
204 G	0.53224	0.40456	0.06321
205 C	0.46531	0.47083	0.06387
206 A	0.40804	0.52804	0.06392
207 T	0.37939	0.56085	0.05976
208 G	0.29239	0.65309	0.05452
209 A	0.22310	0.72875	0.04815
210 A	0.16939	0.78632	0.04429
211 A	0.13196	0.82296	0.04509
212 T	0.12700	0.82518	0.04781
213 A	0.12056	0.83356	0.04588
214 A	0.11733	0.83906	0.04361
215 A	0.11550	0.83885	0.04565
216 T	0.11426	0.83312	0.05262
217 A	0.10893	0.83384	0.05723
218 A	0.10861	0.81734	0.07406
219 A	0.10816	0.80752	0.08433
220 A	0.10815	0.79605	0.0958
221 A	0.10813	0.78174	0.11013
222 T	0.10829	0.72915	0.16256
223 T	0.10831	0.65759	0.2341
224 T	0.10792	0.63764	0.25444
225 A	0.10539	0.63313	0.26149
226 A	0.10464	0.63044	0.26493
227 A	0.10446	0.56308	0.33246
228 A	0.10475	0.48327	0.41198
229 G	0.10735	0.41715	0.4755
230 A	0.11413	0.39233	0.49354
231 T	0.12442	0.31982	0.55576
232 A	0.13114	0.26928	0.59958
233 A	0.13621	0.22178	0.64201
234 T	0.14304	0.20204	0.65492
235 G	0.14474	0.25879	0.59646
236 A	0.14664	0.43219	0.42117
237 T	0.15045	0.63229	0.21726
238 A	0.14872	0.70428	0.14701
239 A	0.14857	0.72544	0.12599
240 T	0.15184	0.73004	0.11812
241 T	0.14997	0.74297	0.10705
242 C	0.14388	0.76275	0.09337
243 A	0.14251	0.80370	0.0538
244 G	0.14417	0.80412	0.05171
245 A	0.14711	0.80382	0.04906
246 A	0.15406	0.79749	0.04845
247 T	0.16631	0.78515	0.04854
248 C	0.18113	0.76806	0.05081
249 T	0.19954	0.74914	0.05131
250 T	0.20800	0.74058	0.05142
251 T	0.21132	0.73749	0.05118
252 A	0.21184	0.73763	0.05053
253 C	0.21485	0.73542	0.04972
254 A	0.21427	0.74042	0.04532
255 A	0.21945	0.73779	0.04275
256 G	0.22933	0.73040	0.04026
257 A	0.26161	0.70047	0.03792
258 A	0.32666	0.63599	0.03734
259 A	0.50264	0.45868	0.03867
260 A	0.70819	0.25125	0.04056
261 T	0.80851	0.14512	0.04637
262 T	0.83843	0.11165	0.04992
263 T	0.85111	0.09506	0.05384
264 G	0.85344	0.09004	0.05652
265 C	0.86082	0.07856	0.06062
266 T	0.88203	0.05694	0.06103
267 T	0.88172	0.05714	0.06115
268 T	0.86332	0.07602	0.06066
269 C	0.80491	0.13571	0.05938
270 T	0.72532	0.22129	0.05338
271 C	0.54028	0.41217	0.04756
272 A	0.38696	0.57581	0.03722
273 A	0.31428	0.65817	0.02755
274 A	0.27821	0.70220	0.01959
275 A	0.26316	0.71969	0.01716
276 A	0.24994	0.73261	0.01745
277 A	0.23517	0.74255	0.02229
278 A	0.22240	0.75090	0.0267
279 T	0.21596	0.75381	0.03023
280 C	0.20138	0.76743	0.03119
281 A	0.19560	0.77329	0.03111
282 A	0.19381	0.77498	0.03121
283 A	0.19298	0.77564	0.03138
284 T	0.19264	0.77570	0.03167
285 C	0.19145	0.77660	0.03196
286 A	0.19056	0.77747	0.03196
287 A	0.19037	0.77728	0.03234
288 T	0.18965	0.77674	0.03361
289 G	0.18654	0.77911	0.03435
290 A	0.18610	0.77774	0.03616
291 A	0.18697	0.73174	0.08129
292 A	0.19049	0.64141	0.1681
293 T	0.19903	0.53832	0.26265
294 T	0.20563	0.39411	0.40026
295 A	0.21165	0.32876	0.45959
296 A	0.21752	0.30264	0.47985
297 T	0.22266	0.29546	0.48187
298 A	0.22367	0.31433	0.462
299 A	0.22384	0.32044	0.45572
300 T	0.22495	0.30436	0.4707
301 T	0.22509	0.29418	0.48074
302 A	0.22437	0.29421	0.48142
303 T	0.22504	0.28325	0.49171
304 T	0.22521	0.27966	0.49513
305 G	0.22488	0.27927	0.49585
306 G	0.22499	0.28187	0.49314
307 T	0.22540	0.28968	0.48492
308 T	0.22561	0.31488	0.45951
309 A	0.22671	0.35117	0.42211
310 A	0.22903	0.37957	0.39141
311 A	0.23127	0.38925	0.37948
312 T	0.23398	0.39146	0.37456
313 T	0.23601	0.39858	0.36541
314 T	0.23885	0.40301	0.35815
315 A	0.24058	0.40939	0.35002
316 G	0.24737	0.40817	0.34445
317 A	0.26529	0.39329	0.34142
318 T	0.33539	0.32433	0.34028
319 T	0.38095	0.28227	0.33677
320 T	0.41241	0.25371	0.33387
321 A	0.43033	0.23985	0.32982
322 T	0.45210	0.22358	0.32432
323 T	0.45894	0.22017	0.32089
324 T	0.46359	0.21827	0.31814
325 T	0.46492	0.22208	0.313
326 T	0.46272	0.22957	0.30771
327 T	0.44728	0.25327	0.29945
328 A	0.38709	0.33529	0.27762
329 A	0.34105	0.40726	0.25169
330 A	0.28755	0.49207	0.22037
331 A	0.27914	0.54213	0.17873
332 A	0.30337	0.53357	0.16306
333 T	0.33337	0.51528	0.15135
334 A	0.33303	0.53401	0.13296
335 T	0.33848	0.53549	0.12603
336 T	0.33822	0.53697	0.12481
337 A	0.32181	0.55344	0.12475
338 A	0.31429	0.56055	0.12516
339 T	0.30846	0.56607	0.12546
340 C	0.28239	0.59215	0.12546
341 C	0.27499	0.59991	0.1251
342 T	0.27314	0.60268	0.12418
343 A	0.26406	0.61328	0.12267
344 A	0.26279	0.61583	0.12137
345 T	0.26703	0.61252	0.12045
346 T	0.26867	0.61122	0.12011
347 A	0.26597	0.61305	0.12098
348 T	0.26143	0.60964	0.12893
349 A	0.24637	0.61871	0.13492
350 A	0.24261	0.60633	0.15106
351 A	0.25470	0.54178	0.20351
352 A	0.27686	0.47311	0.25002
353 A	0.30897	0.38375	0.30728
354 T	0.35735	0.30218	0.34046
355 G	0.37157	0.28488	0.34355
356 A	0.38244	0.29588	0.32168
357 T	0.39752	0.29215	0.31033
358 T	0.40117	0.29268	0.30615
359 T	0.40070	0.29406	0.30524
360 T	0.39911	0.30319	0.2977
361 A	0.39702	0.29971	0.30327
362 A	0.39596	0.28937	0.31466
363 T	0.39547	0.25728	0.34725
364 T	0.39370	0.25195	0.35435
365 C	0.38236	0.26273	0.35492
366 G	0.37848	0.27409	0.34743
367 A	0.37859	0.28550	0.33591
368 T	0.37894	0.28724	0.33383
369 A	0.37863	0.29249	0.32889
370 T	0.37980	0.29230	0.3279
371 T	0.37262	0.29608	0.3313
372 T	0.36384	0.30062	0.33554
373 G	0.33594	0.34731	0.31674
374 A	0.32426	0.39474	0.28099
375 A	0.31954	0.44567	0.23479
376 A	0.31841	0.50822	0.17336
377 A	0.31540	0.58609	0.09852
378 A	0.32646	0.58346	0.09008
379 A	0.35746	0.55426	0.08828
380 T	0.39611	0.51729	0.08659
381 T	0.40052	0.51740	0.08208
382 C	0.37749	0.54995	0.07255
383 A	0.37079	0.55890	0.07032
384 T	0.36288	0.56852	0.06859
385 A	0.34774	0.58790	0.06436
386 A	0.34572	0.59037	0.06391
387 C	0.34996	0.58471	0.06532
388 T	0.35730	0.56710	0.07561
389 T	0.36036	0.56167	0.07798
390 T	0.34828	0.57316	0.07856
391 G	0.29821	0.62374	0.07806
392 A	0.26187	0.65989	0.07824
393 A	0.25714	0.65633	0.08653
394 C	0.25800	0.63987	0.10214
395 A	0.25720	0.63570	0.1071
396 C	0.27754	0.60150	0.12097
397 A	0.30406	0.58961	0.10633
398 A	0.33283	0.56810	0.09907
399 A	0.38655	0.51852	0.09493
400 A	0.45768	0.44489	0.09744
401 T	0.47036	0.43149	0.09815
402 A	0.45973	0.44574	0.09453
403 A	0.45118	0.45928	0.08954
404 A	0.43598	0.46708	0.09694
405 T	0.43609	0.44093	0.12297
406 A	0.41824	0.44456	0.1372
407 G	0.40944	0.44444	0.14612
408 T	0.40310	0.45141	0.14549
409 T	0.37062	0.51146	0.11792
410 T	0.31650	0.59104	0.09246
411 A	0.23138	0.68290	0.08572
412 A	0.16642	0.75011	0.08347
413 A	0.14584	0.75217	0.10199
414 A	0.13622	0.71672	0.14705
415 C	0.12860	0.68493	0.18647
416 A	0.12463	0.68870	0.18667
417 A	0.12355	0.68494	0.19152
418 G	0.12406	0.67587	0.20007
419 A	0.12567	0.67145	0.20288
420 T	0.13956	0.65281	0.20763
421 C	0.14300	0.63644	0.22055
422 A	0.14353	0.65970	0.19677
423 A	0.14390	0.69982	0.15627
424 A	0.14373	0.74324	0.11303
425 A	0.15231	0.73022	0.11748
426 T	0.15993	0.71731	0.12276
427 A	0.15758	0.69782	0.1446
428 T	0.16642	0.67026	0.16332
429 G	0.16632	0.64621	0.18747
430 A	0.17364	0.62229	0.20408
431 A	0.18405	0.59265	0.2233
432 T	0.21586	0.52371	0.26043
433 G	0.23391	0.46451	0.30158
434 A	0.23500	0.41792	0.34708
435 T	0.23584	0.38832	0.37585
436 G	0.20590	0.46090	0.33319
437 A	0.18369	0.52918	0.28713
438 T	0.15790	0.62048	0.22162
439 A	0.12909	0.71213	0.15878
440 A	0.11185	0.74989	0.13827
441 A	0.10217	0.77205	0.12579
442 A	0.09925	0.78020	0.12055
443 A	0.09706	0.78571	0.11724
444 A	0.10166	0.78090	0.11743
445 A	0.13009	0.75139	0.11852
446 A	0.17493	0.70500	0.12007
447 T	0.22594	0.64796	0.12611
448 A	0.23605	0.63659	0.12737
449 T	0.24402	0.61961	0.13637
450 T	0.24866	0.60599	0.14534
451 C	0.24693	0.60355	0.14952
452 T	0.24520	0.60407	0.15074
453 A	0.23113	0.61830	0.15058
454 G	0.22985	0.61648	0.15366
455 T	0.24030	0.60482	0.15488
456 A	0.24047	0.60611	0.15342
457 A	0.25781	0.57949	0.1627
458 G	0.29333	0.53316	0.17351
459 T	0.36470	0.42648	0.20882
460 A	0.40731	0.36096	0.23174
461 T	0.47869	0.26300	0.2583
462 T	0.53268	0.19216	0.27516
463 T	0.54490	0.16960	0.2855
464 T	0.53605	0.17208	0.29187
465 A	0.48965	0.21805	0.29229
466 A	0.44645	0.26394	0.28961
467 C	0.40068	0.31403	0.28529
468 A	0.38416	0.39169	0.22415
469 A	0.38391	0.43707	0.17903
470 A	0.37991	0.48383	0.13626
471 T	0.38015	0.50797	0.11188
472 T	0.37317	0.53154	0.09529
473 T	0.36061	0.55778	0.08161
474 A	0.30852	0.62207	0.06941
475 A	0.29118	0.63660	0.07222
476 A	0.27430	0.64289	0.08281
477 A	0.24306	0.67258	0.08437
478 A	0.22986	0.69261	0.07753
479 C	0.22473	0.69495	0.08032
480 A	0.21538	0.72822	0.0564
481 A	0.20903	0.74278	0.0482
482 T	0.20988	0.74711	0.04301
483 T	0.21022	0.75322	0.03656
484 G	0.20878	0.76036	0.03086
485 A	0.20974	0.75884	0.03142
486 A	0.21085	0.75083	0.03832
487 G	0.21343	0.72930	0.05727
488 A	0.21843	0.68778	0.09379
489 A	0.22682	0.63910	0.13408
490 A	0.23888	0.57872	0.1824
491 C	0.30350	0.49109	0.20541
492 A	0.35603	0.43483	0.20914
493 T	0.40847	0.37460	0.21693
494 T	0.43483	0.34390	0.22127
495 T	0.44427	0.32999	0.22573
496 A	0.44593	0.33230	0.22178
497 G	0.45020	0.29217	0.25762
498 A	0.45133	0.30272	0.24594
499 A	0.45840	0.32505	0.21656
500 A	0.47237	0.30319	0.22444
501 T	0.49205	0.27308	0.23488
502 A	0.50020	0.25699	0.24282
503 T	0.52745	0.21744	0.25511
504 T	0.53197	0.20358	0.26445
505 C	0.53109	0.19994	0.26897
506 C	0.53252	0.20214	0.26534
507 T	0.53639	0.21327	0.25034
508 T	0.53764	0.21734	0.24503
509 T	0.53231	0.22722	0.24047
510 T	0.50880	0.25805	0.23316
511 T	0.40682	0.39187	0.20131
512 C	0.33429	0.48439	0.18132
513 T	0.28028	0.57200	0.14772
514 G	0.21713	0.68456	0.09832
515 A	0.19181	0.71674	0.09145
516 A	0.18257	0.73171	0.08572
517 A	0.18080	0.73623	0.08297
518 A	0.18423	0.73277	0.08299
519 C	0.19548	0.71898	0.08553
520 A	0.20895	0.70565	0.0854
521 A	0.23583	0.67861	0.08556
522 T	0.28624	0.62809	0.08567
523 A	0.30927	0.60704	0.08369
524 A	0.31564	0.60118	0.08319
525 T	0.32080	0.59304	0.08615
526 A	0.32290	0.58971	0.08739
527 T	0.32847	0.57990	0.09163
528 T	0.33108	0.57343	0.0955
529 A	0.33367	0.56852	0.09782
530 A	0.34580	0.55623	0.09797
531 T	0.35686	0.53686	0.10628
532 A	0.36295	0.51411	0.12294
533 A	0.37551	0.45464	0.16986
534 T	0.41889	0.26629	0.31482
535 T	0.44198	0.18669	0.37132
536 C	0.46252	0.13470	0.40278
537 T	0.49561	0.09876	0.40563
538 G	0.49715	0.09139	0.41146
539 T	0.49865	0.09660	0.40475
540 T	0.49054	0.11698	0.39248
541 T	0.46242	0.17690	0.36067
542 C	0.39426	0.27444	0.3313
543 A	0.35481	0.46852	0.17667
544 A	0.33053	0.52609	0.14338
545 A	0.30090	0.58099	0.11811
546 T	0.26889	0.63170	0.09941
547 A	0.21214	0.73774	0.05012
548 C	0.18074	0.77666	0.04261
549 A	0.15222	0.81066	0.03711
550 A	0.13547	0.83146	0.03307
551 A	0.12248	0.84598	0.03154
552 C	0.11130	0.85842	0.03027
553 C	0.10327	0.86966	0.02708
554 A	0.09441	0.88817	0.01743
555 A	0.08789	0.89589	0.01623
556 A	0.08473	0.89924	0.01602
557 A	0.08340	0.90057	0.01603
558 T	0.08614	0.89599	0.01786
559 C	0.08498	0.88912	0.0259
560 A	0.09429	0.87934	0.02637
561 A	0.10283	0.86962	0.02755
562 A	0.11447	0.85782	0.02771
563 A	0.13390	0.83112	0.03498
564 T	0.17488	0.76629	0.05883
565 G	0.20169	0.67618	0.12213
566 A	0.29428	0.55553	0.1502
567 A	0.31171	0.51714	0.17115
568 A	0.32359	0.48764	0.18877
569 A	0.32678	0.46187	0.21135
570 A	0.33878	0.40860	0.25263
571 G	0.32336	0.40295	0.27368
572 A	0.28629	0.44473	0.26899
573 A	0.27880	0.48956	0.23164
574 A	0.27545	0.51055	0.214
575 T	0.27847	0.50679	0.21473
576 A	0.22365	0.57270	0.20365
577 A	0.19451	0.60933	0.19616
578 T	0.15871	0.66367	0.17762
579 A	0.12647	0.71594	0.15759
580 G	0.09656	0.75445	0.149
581 A	0.05024	0.81575	0.134
582 A	0.03484	0.83172	0.13343
583 C	0.03273	0.83066	0.13661
584 A	0.03185	0.84213	0.12602
585 A	0.03554	0.84366	0.1208
586 T	0.04138	0.84069	0.11793
587 T	0.04319	0.84586	0.11095
588 A	0.03907	0.86458	0.09635
589 A	0.03660	0.87355	0.08985
590 A	0.03430	0.87706	0.08864
591 A	0.03653	0.87726	0.08622
592 A	0.04674	0.86420	0.08905
593 A	0.05647	0.82891	0.11463
594 A	0.06663	0.79366	0.13971
595 A	0.09803	0.72465	0.17733
596 T	0.15834	0.64656	0.19511
597 A	0.17611	0.62240	0.20149
598 A	0.17470	0.61850	0.2068
599 A	0.17948	0.55650	0.26403
600 A	0.19113	0.51500	0.29386
601 G	0.21537	0.46041	0.32422
602 A	0.24479	0.41876	0.33645
603 A	0.26152	0.38828	0.3502
604 T	0.28351	0.35045	0.36604
605 T	0.28506	0.36239	0.35255
606 A	0.27418	0.41513	0.31068
607 G	0.21417	0.53672	0.24911
608 A	0.14128	0.73963	0.1191
609 A	0.12515	0.80352	0.07133
610 A	0.11793	0.83440	0.04766
611 A	0.12773	0.83063	0.04164
612 A	0.14518	0.81484	0.03998
613 A	0.15682	0.80198	0.0412
614 A	0.17089	0.78220	0.0469
615 T	0.18623	0.76153	0.05224
616 T	0.19348	0.74898	0.05754
617 T	0.19773	0.74210	0.06017
618 A	0.19886	0.74023	0.06091
619 G	0.20111	0.73550	0.06338
620 A	0.20624	0.72349	0.07027
621 T	0.21512	0.70176	0.08311
622 G	0.21502	0.69491	0.09006
623 A	0.21850	0.69132	0.09019
624 C	0.22474	0.68583	0.08942
625 A	0.23801	0.68893	0.07306
626 A	0.25521	0.67669	0.0681
627 T	0.29593	0.63646	0.06762
628 A	0.32710	0.60711	0.06579
629 A	0.37373	0.55422	0.07205
630 A	0.44468	0.41343	0.14189
631 T	0.58168	0.19412	0.2242
632 T	0.62012	0.13790	0.24197
633 T	0.63657	0.11129	0.25214
634 G	0.64120	0.10252	0.25628
635 T	0.64341	0.10003	0.25656
636 T	0.63140	0.11187	0.25674
637 C	0.56374	0.18062	0.25565
638 C	0.53154	0.21680	0.25166
639 T	0.48005	0.31059	0.20936
640 A	0.40536	0.45324	0.1414
641 A	0.34683	0.52717	0.126
642 A	0.25423	0.63019	0.11558
643 G	0.19432	0.70329	0.1024
644 A	0.17929	0.73847	0.08223
645 A	0.17571	0.74587	0.07841
646 G	0.17674	0.74352	0.07974
647 A	0.18087	0.74014	0.07898
648 T	0.19926	0.71973	0.081
649 T	0.20568	0.71165	0.08267
650 A	0.20547	0.71097	0.08356
651 T	0.20676	0.70867	0.08457
652 C	0.20268	0.71236	0.08496
653 C	0.19741	0.71813	0.08446
654 A	0.18849	0.73194	0.07957
655 A	0.18621	0.73614	0.07765
656 A	0.18613	0.73672	0.07716
657 A	0.18658	0.73640	0.07702
658 T	0.19239	0.72723	0.08038
659 A	0.19572	0.70075	0.10354
660 T	0.20485	0.60756	0.18759
661 A	0.20424	0.57125	0.22452
662 G	0.23986	0.47564	0.2845
663 T	0.29261	0.36413	0.34326
664 A	0.30026	0.32288	0.37685
665 A	0.30777	0.23620	0.45602
666 T	0.32455	0.16907	0.50638
667 T	0.34138	0.13939	0.51923
668 T	0.34426	0.13512	0.52062
669 G	0.33971	0.14401	0.51628
670 T	0.33961	0.14820	0.51219
671 T	0.33431	0.16806	0.49763
672 G	0.31228	0.20713	0.4806
673 A	0.28954	0.25304	0.45742
674 A	0.24868	0.33842	0.4129
675 A	0.23482	0.36198	0.4032
676 A	0.23258	0.37272	0.3947
677 T	0.23504	0.37459	0.39037
678 T	0.23240	0.38746	0.38014
679 A	0.22463	0.44711	0.32826
680 T	0.22319	0.46248	0.31434
681 A	0.21935	0.47799	0.30266
682 A	0.21648	0.48454	0.29898
683 A	0.21672	0.48400	0.29928
684 T	0.21993	0.47685	0.30322
685 G	0.22024	0.47363	0.30613
686 A	0.22575	0.46776	0.30649
687 T	0.24031	0.44809	0.3116
688 T	0.24321	0.44259	0.31419
689 C	0.24309	0.43820	0.31871
690 T	0.24432	0.43800	0.31769
691 C	0.24862	0.43590	0.31548
692 A	0.25516	0.43895	0.3059
693 A	0.26208	0.43879	0.29913
694 T	0.28078	0.42026	0.29896
695 A	0.29732	0.38871	0.31397
696 T	0.31856	0.34987	0.33157
697 G	0.35840	0.27532	0.36628
698 G	0.36554	0.27839	0.35607
699 A	0.37685	0.31950	0.30364
700 A	0.38805	0.39218	0.21978
701 A	0.39605	0.42646	0.17748
702 T	0.44243	0.39448	0.16309
703 A	0.37611	0.49785	0.12604
704 T	0.38179	0.49805	0.12016
705 A	0.37556	0.51167	0.11278
706 A	0.35493	0.53862	0.10644
707 A	0.35591	0.53835	0.10574
708 A	0.35503	0.53835	0.10662
709 A	0.35941	0.53293	0.10767
710 A	0.36333	0.52798	0.10869
711 T	0.36873	0.52103	0.11024
712 A	0.37165	0.51634	0.11201
713 C	0.37691	0.50878	0.11431
714 T	0.38409	0.50050	0.1154
715 C	0.39259	0.49116	0.11625
716 T	0.39918	0.48428	0.11654
717 A	0.40237	0.48090	0.11673
718 C	0.40781	0.47499	0.1172
719 A	0.41402	0.46794	0.11805
720 C	0.42855	0.45102	0.12043
721 A	0.45560	0.42102	0.12338
722 A	0.51965	0.35346	0.12689
723 T	0.61931	0.24983	0.13086
724 T	0.66819	0.18914	0.14267
725 A	0.68768	0.15839	0.15393
726 A	0.72606	0.00000	0.27394
