# lcl|CP097583.1_cds_USQ93601.1_1
# AA	inside	membr	outside
1 A	0.61683	0.00000	0.38317
2 T	0.61600	0.00083	0.38317
3 G	0.61517	0.00167	0.38317
4 C	0.61517	0.03010	0.35473
5 A	0.61237	0.09561	0.29202
6 T	0.61237	0.10602	0.28161
7 A	0.60056	0.12128	0.27816
8 A	0.60056	0.12132	0.27812
9 T	0.59941	0.12318	0.27741
10 A	0.59941	0.16912	0.23147
11 A	0.59931	0.17171	0.22898
12 T	0.59819	0.17444	0.22737
13 T	0.59602	0.18474	0.21924
14 T	0.59602	0.18474	0.21924
15 T	0.59602	0.27145	0.13253
16 T	0.59570	0.27177	0.13253
17 T	0.59482	0.27412	0.13106
18 T	0.59477	0.28005	0.12518
19 A	0.58945	0.28905	0.12151
20 A	0.57340	0.33889	0.0877
21 A	0.52799	0.38439	0.08762
22 A	0.52650	0.38607	0.08744
23 A	0.52545	0.38697	0.08758
24 A	0.52622	0.38606	0.08772
25 A	0.53265	0.37684	0.0905
26 C	0.53867	0.36836	0.09297
27 T	0.56853	0.33752	0.09394
28 A	0.61565	0.28947	0.09487
29 T	0.62713	0.27765	0.09522
30 T	0.63415	0.26472	0.10112
31 A	0.63420	0.26473	0.10107
32 T	0.63667	0.26056	0.10277
33 C	0.66648	0.23011	0.10341
34 A	0.66961	0.22683	0.10356
35 T	0.68666	0.20880	0.10455
36 C	0.69726	0.19665	0.1061
37 T	0.70271	0.19099	0.1063
38 C	0.76376	0.12958	0.10666
39 T	0.76762	0.12429	0.10809
40 C	0.77269	0.11747	0.10984
41 T	0.78018	0.10951	0.11031
42 T	0.78430	0.10132	0.11438
43 T	0.80571	0.07143	0.12285
44 T	0.80119	0.03979	0.15902
45 T	0.79359	0.04556	0.16086
46 A	0.78280	0.05235	0.16485
47 T	0.76728	0.06469	0.16803
48 A	0.75376	0.07744	0.16879
49 A	0.74747	0.08240	0.17013
50 T	0.74536	0.08194	0.17271
51 A	0.74233	0.08247	0.1752
52 T	0.74098	0.08171	0.17731
53 T	0.73954	0.08116	0.1793
54 T	0.73703	0.08219	0.18078
55 A	0.73315	0.08530	0.18155
56 T	0.73224	0.08471	0.18305
57 T	0.73020	0.08577	0.18404
58 T	0.72755	0.08804	0.18441
59 T	0.72469	0.09038	0.18493
60 T	0.71466	0.10009	0.18526
61 C	0.70040	0.11403	0.18558
62 T	0.68548	0.12905	0.18546
63 A	0.67288	0.14182	0.1853
64 A	0.66996	0.14459	0.18544
65 T	0.66849	0.14531	0.1862
66 T	0.66592	0.14707	0.18701
67 T	0.66390	0.14204	0.19406
68 T	0.66244	0.13454	0.20302
69 A	0.66075	0.12538	0.21386
70 T	0.66030	0.11046	0.22925
71 T	0.65977	0.09993	0.24029
72 T	0.65803	0.09635	0.24562
73 T	0.65663	0.09496	0.24841
74 G	0.65541	0.09319	0.25141
75 T	0.65509	0.09255	0.25236
76 A	0.65475	0.09395	0.2513
77 T	0.65468	0.09373	0.25159
78 T	0.65462	0.09346	0.25192
79 T	0.65440	0.09785	0.24774
80 A	0.65295	0.10316	0.24389
81 T	0.65239	0.10670	0.24091
82 A	0.65190	0.11194	0.23615
83 A	0.65166	0.10914	0.2392
84 A	0.65166	0.10235	0.24599
85 T	0.65192	0.09606	0.25202
86 G	0.65208	0.10081	0.24712
87 T	0.65217	0.11613	0.2317
88 A	0.65217	0.15895	0.18888
89 A	0.65214	0.20604	0.14182
90 T	0.65226	0.22003	0.12771
91 T	0.65229	0.23503	0.11267
92 T	0.65213	0.26948	0.07839
93 G	0.65117	0.27633	0.07251
94 A	0.65080	0.28431	0.0649
95 A	0.65057	0.28948	0.05995
96 A	0.65018	0.29746	0.05236
97 C	0.65068	0.30313	0.0462
98 A	0.65190	0.31578	0.03232
99 A	0.65380	0.32129	0.02492
100 G	0.65672	0.31945	0.02383
101 A	0.66103	0.31595	0.02302
102 T	0.66677	0.31004	0.02319
103 A	0.67124	0.30423	0.02453
104 C	0.67575	0.29907	0.02519
105 A	0.68113	0.29355	0.02532
106 C	0.68808	0.28641	0.0255
107 A	0.69492	0.27969	0.02539
108 A	0.70800	0.26661	0.02539
109 T	0.72612	0.24840	0.02549
110 C	0.74435	0.23000	0.02565
111 G	0.78999	0.18429	0.02571
112 T	0.84965	0.12433	0.02602
113 C	0.86499	0.10878	0.02624
114 A	0.87783	0.09587	0.0263
115 T	0.90723	0.06630	0.02647
116 C	0.91338	0.05919	0.02743
117 T	0.92008	0.05214	0.02778
118 A	0.92561	0.04629	0.02811
119 C	0.93813	0.03294	0.02894
120 T	0.94786	0.02297	0.02917
121 T	0.95958	0.01113	0.02929
122 C	0.96281	0.00748	0.02971
123 T	0.96290	0.00726	0.02984
124 T	0.96105	0.00909	0.02987
125 C	0.94875	0.02134	0.02991
126 T	0.92550	0.04473	0.02977
127 A	0.87986	0.09072	0.02941
128 A	0.83202	0.13886	0.02913
129 T	0.79849	0.17250	0.029
130 T	0.68199	0.28982	0.0282
131 T	0.43169	0.54095	0.02735
132 A	0.27811	0.69577	0.02612
133 G	0.18258	0.79153	0.02589
134 A	0.13852	0.83568	0.0258
135 A	0.12059	0.85351	0.0259
136 T	0.11065	0.86321	0.02614
137 C	0.09457	0.87911	0.02632
138 A	0.07972	0.89395	0.02634
139 C	0.06815	0.90540	0.02644
140 A	0.06042	0.91315	0.02642
141 A	0.05622	0.91729	0.02649
142 C	0.05486	0.91854	0.0266
143 C	0.05394	0.91917	0.02689
144 T	0.05281	0.92034	0.02684
145 G	0.05014	0.92278	0.02707
146 A	0.04759	0.92525	0.02715
147 A	0.04585	0.92629	0.02786
148 A	0.04541	0.91499	0.0396
149 A	0.04520	0.88461	0.07019
150 A	0.04544	0.83093	0.12363
151 G	0.04585	0.75357	0.20058
152 A	0.04619	0.69735	0.25645
153 A	0.04685	0.55926	0.39388
154 G	0.04754	0.32879	0.62366
155 A	0.04801	0.26443	0.68757
156 T	0.04721	0.27496	0.67783
157 A	0.04639	0.52235	0.43125
158 A	0.04582	0.65210	0.30208
159 A	0.04537	0.74083	0.2138
160 A	0.04524	0.80863	0.14613
161 A	0.04520	0.82081	0.13399
162 A	0.04507	0.82252	0.13242
163 G	0.04508	0.82737	0.12755
164 T	0.04500	0.84080	0.11419
165 T	0.04484	0.86629	0.08887
166 G	0.04427	0.87425	0.08149
167 A	0.04370	0.88986	0.06645
168 A	0.04347	0.89336	0.06317
169 A	0.04344	0.89447	0.06208
170 C	0.04336	0.89483	0.06182
171 A	0.04317	0.90083	0.05599
172 C	0.04297	0.90754	0.0495
173 A	0.04293	0.91755	0.03952
174 A	0.04390	0.92185	0.03425
175 G	0.04882	0.91781	0.03338
176 A	0.06303	0.90401	0.03296
177 A	0.09321	0.87370	0.03309
178 A	0.15282	0.81307	0.03411
179 C	0.27223	0.69165	0.03612
180 T	0.56479	0.39852	0.03669
181 C	0.67634	0.28686	0.0368
182 A	0.74308	0.22121	0.03571
183 T	0.81253	0.15189	0.03558
184 T	0.83353	0.13109	0.03538
185 T	0.84173	0.12275	0.03552
186 T	0.83653	0.12825	0.03522
187 C	0.84394	0.12101	0.03504
188 A	0.85796	0.10921	0.03283
189 A	0.85922	0.10835	0.03243
190 A	0.87194	0.09566	0.0324
191 T	0.87792	0.08976	0.03232
192 T	0.87203	0.09599	0.03198
193 A	0.87138	0.09644	0.03218
194 A	0.87713	0.09018	0.03269
195 T	0.88446	0.08205	0.03349
196 T	0.88783	0.07803	0.03414
197 C	0.88347	0.08219	0.03434
198 T	0.86713	0.09955	0.03332
199 A	0.70412	0.26484	0.03104
200 A	0.53493	0.43616	0.02891
201 A	0.47855	0.49388	0.02756
202 T	0.45437	0.51821	0.02742
203 T	0.42776	0.54467	0.02757
204 A	0.41064	0.56075	0.0286
205 A	0.40611	0.56402	0.02987
206 C	0.40236	0.56469	0.03295
207 T	0.40070	0.56469	0.03461
208 A	0.39755	0.56580	0.03666
209 C	0.39213	0.56004	0.04784
210 A	0.37854	0.57333	0.04813
211 T	0.37023	0.58043	0.04934
212 C	0.35187	0.59243	0.05571
213 A	0.32977	0.61312	0.05711
214 T	0.31890	0.62024	0.06086
215 C	0.27738	0.65014	0.07249
216 C	0.25863	0.66695	0.07442
217 G	0.24608	0.68375	0.07016
218 A	0.23660	0.70999	0.05341
219 A	0.23318	0.71115	0.05567
220 G	0.22954	0.71275	0.05771
221 A	0.22652	0.70585	0.06763
222 A	0.22596	0.53491	0.23913
223 C	0.22687	0.35750	0.41564
224 G	0.22754	0.29904	0.47342
225 A	0.22745	0.28477	0.48778
226 C	0.22714	0.28431	0.48854
227 C	0.22652	0.34722	0.42627
228 A	0.22437	0.46606	0.30957
229 A	0.22019	0.50297	0.27684
230 A	0.21753	0.53780	0.24467
231 A	0.21680	0.66448	0.11872
232 G	0.21660	0.71807	0.06533
233 A	0.21708	0.71606	0.06687
234 A	0.21715	0.70181	0.08104
235 A	0.21731	0.68126	0.10142
236 T	0.21818	0.66258	0.11924
237 A	0.21836	0.65843	0.1232
238 C	0.21928	0.62007	0.16065
239 G	0.22007	0.61543	0.1645
240 A	0.22405	0.61737	0.15858
241 G	0.23748	0.61561	0.14691
242 A	0.24070	0.61625	0.14305
243 C	0.24364	0.61353	0.14283
244 A	0.25001	0.61527	0.13471
245 T	0.25399	0.61663	0.12938
246 C	0.25627	0.62038	0.12336
247 G	0.25958	0.65430	0.08612
248 A	0.27116	0.66973	0.05911
249 A	0.29824	0.64664	0.05512
250 A	0.37280	0.57563	0.05157
251 T	0.50864	0.44030	0.05106
252 A	0.53206	0.42000	0.04794
253 C	0.56345	0.38688	0.04968
254 T	0.65849	0.29767	0.04385
255 T	0.67286	0.29363	0.03351
256 G	0.64280	0.32499	0.03221
257 A	0.59322	0.37568	0.03111
258 A	0.56606	0.40321	0.03073
259 T	0.54376	0.42538	0.03086
260 C	0.49892	0.47023	0.03085
261 A	0.46509	0.50551	0.02939
262 G	0.42228	0.55001	0.0277
263 A	0.39998	0.57270	0.02732
264 A	0.40263	0.57008	0.0273
265 A	0.36528	0.60737	0.02735
266 A	0.32330	0.64874	0.02797
267 C	0.30632	0.66471	0.02897
268 C	0.27445	0.69634	0.02921
269 C	0.22845	0.74233	0.02922
270 A	0.17045	0.80078	0.02877
271 A	0.14908	0.82234	0.02858
272 A	0.12942	0.84209	0.02849
273 A	0.11006	0.86125	0.02869
274 G	0.09919	0.87009	0.03072
275 T	0.10304	0.84322	0.05374
276 G	0.08552	0.84554	0.06894
277 A	0.08203	0.83718	0.08079
278 T	0.08710	0.80608	0.10682
279 T	0.08019	0.78145	0.13836
280 A	0.06844	0.74515	0.1864
281 A	0.05350	0.72527	0.22122
282 C	0.04499	0.68751	0.2675
283 G	0.03328	0.68015	0.28656
284 A	0.02509	0.69441	0.2805
285 A	0.02174	0.69326	0.28501
286 A	0.02036	0.69000	0.28965
287 A	0.01927	0.69679	0.28395
288 A	0.01878	0.65980	0.32142
289 A	0.01839	0.61939	0.36221
290 A	0.01806	0.58449	0.39745
291 A	0.01716	0.54579	0.43705
292 A	0.01673	0.52257	0.4607
293 T	0.01678	0.47824	0.50498
294 A	0.01491	0.54833	0.43676
295 G	0.01381	0.57583	0.41035
296 A	0.01341	0.62670	0.35989
297 A	0.01325	0.67951	0.30723
298 A	0.01332	0.71806	0.26861
299 T	0.01382	0.74286	0.24332
300 A	0.01404	0.81268	0.17327
301 A	0.01428	0.86168	0.12404
302 A	0.01493	0.90661	0.07847
303 A	0.01607	0.93990	0.04403
304 G	0.01781	0.92924	0.05295
305 A	0.02066	0.92289	0.05644
306 A	0.02871	0.90907	0.06223
307 A	0.04653	0.89060	0.06287
308 C	0.06642	0.87049	0.06309
309 A	0.07945	0.86688	0.05368
310 A	0.09290	0.86403	0.04307
311 A	0.10659	0.85596	0.03745
312 A	0.12360	0.84329	0.03312
313 A	0.13973	0.82992	0.03036
314 A	0.17286	0.79557	0.03157
315 A	0.22466	0.74264	0.03271
316 A	0.28338	0.68301	0.03361
317 T	0.41355	0.55037	0.03608
318 C	0.47037	0.49210	0.03752
319 C	0.52927	0.43283	0.0379
320 C	0.58422	0.37783	0.03796
321 A	0.62899	0.33306	0.03795
322 C	0.68269	0.27936	0.03796
323 T	0.76854	0.19353	0.03793
324 T	0.81900	0.14309	0.03791
325 C	0.85680	0.10533	0.03787
326 T	0.88570	0.07729	0.03701
327 T	0.87958	0.08434	0.03608
328 G	0.87440	0.08961	0.03599
329 A	0.87477	0.08931	0.03593
330 T	0.88276	0.08111	0.03613
331 T	0.88627	0.07673	0.037
332 C	0.89178	0.07057	0.03765
333 T	0.89496	0.06711	0.03793
334 C	0.88085	0.08111	0.03804
335 T	0.87618	0.08576	0.03807
336 T	0.85885	0.10306	0.0381
337 G	0.80667	0.15521	0.03812
338 A	0.78422	0.17750	0.03828
339 C	0.77525	0.18637	0.03837
340 C	0.75630	0.20513	0.03857
341 C	0.74735	0.21397	0.03868
342 T	0.73440	0.22695	0.03865
343 C	0.69807	0.26339	0.03854
344 A	0.66261	0.29950	0.03789
345 T	0.63082	0.33232	0.03687
346 G	0.59818	0.36524	0.03658
347 A	0.58239	0.38074	0.03687
348 A	0.56879	0.39209	0.03912
349 G	0.55982	0.38699	0.05318
350 C	0.55685	0.37822	0.06494
351 T	0.55409	0.37889	0.06702
352 A	0.54567	0.39737	0.05696
353 T	0.54183	0.40120	0.05697
354 T	0.53011	0.41300	0.05689
355 A	0.49737	0.44557	0.05706
356 A	0.48065	0.45103	0.06832
357 C	0.46963	0.44003	0.09034
358 A	0.45807	0.44917	0.09277
359 A	0.44326	0.45503	0.10171
360 A	0.43631	0.42504	0.13865
361 T	0.43037	0.41380	0.15583
362 G	0.42000	0.42083	0.15918
363 G	0.41108	0.42316	0.16576
364 A	0.40175	0.46232	0.13593
365 A	0.38646	0.47708	0.13646
366 A	0.37707	0.46160	0.16133
367 A	0.36805	0.43995	0.192
368 G	0.36372	0.41206	0.22422
369 A	0.36151	0.39055	0.24794
370 G	0.36118	0.37567	0.26315
371 A	0.36253	0.36378	0.27369
372 T	0.36610	0.35057	0.28333
373 T	0.36790	0.34959	0.28252
374 A	0.36929	0.35715	0.27356
375 T	0.37716	0.35474	0.26811
376 A	0.37458	0.37326	0.25217
377 A	0.37251	0.38258	0.24491
378 T	0.37418	0.35124	0.27458
379 T	0.37070	0.34158	0.28772
380 T	0.36509	0.33945	0.29546
381 A	0.34662	0.35154	0.30184
382 C	0.34035	0.34258	0.31707
383 A	0.33873	0.34291	0.31837
384 T	0.34136	0.33702	0.32162
385 A	0.33892	0.33565	0.32544
386 A	0.35123	0.31921	0.32956
387 T	0.38907	0.27594	0.335
388 T	0.39206	0.25914	0.3488
389 A	0.38201	0.26060	0.35739
390 T	0.37714	0.25611	0.36675
391 G	0.35628	0.27321	0.37051
392 T	0.33199	0.29734	0.37068
393 C	0.26163	0.37045	0.36791
394 G	0.21675	0.42999	0.35326
395 G	0.19813	0.47192	0.32995
396 A	0.19382	0.51956	0.28662
397 A	0.19526	0.55967	0.24507
398 A	0.19102	0.58902	0.21996
399 A	0.19406	0.60179	0.20415
400 T	0.20967	0.58692	0.20342
401 G	0.20748	0.58954	0.20298
402 T	0.20800	0.59125	0.20076
403 A	0.20454	0.60155	0.19392
404 T	0.20094	0.60512	0.19393
405 A	0.19071	0.63579	0.17351
406 A	0.17924	0.67588	0.14487
407 A	0.16238	0.71106	0.12657
408 A	0.14167	0.74517	0.11316
409 A	0.11603	0.78345	0.10052
410 A	0.10713	0.79908	0.09378
411 A	0.10219	0.79928	0.09853
412 G	0.09838	0.79092	0.11069
413 A	0.09844	0.78411	0.11746
414 A	0.09979	0.76417	0.13604
415 G	0.09923	0.73641	0.16436
416 A	0.10266	0.67081	0.22654
417 G	0.11422	0.62907	0.25671
418 A	0.13525	0.62242	0.24232
419 A	0.17513	0.60454	0.22033
420 A	0.21528	0.56107	0.22365
421 A	0.24149	0.52283	0.23568
422 T	0.26593	0.47721	0.25686
423 T	0.27298	0.46954	0.25747
424 C	0.26367	0.49324	0.24309
425 A	0.25007	0.60221	0.14772
426 A	0.24613	0.65015	0.10371
427 A	0.25229	0.66017	0.08754
428 A	0.27124	0.63790	0.09085
429 T	0.30531	0.59573	0.09895
430 A	0.32227	0.56153	0.11619
431 A	0.33938	0.52089	0.13973
432 C	0.35548	0.47335	0.17117
433 A	0.36775	0.46042	0.17183
434 T	0.37995	0.44853	0.17153
435 T	0.37839	0.46462	0.15699
436 A	0.36354	0.51197	0.12449
437 A	0.35655	0.52025	0.12319
438 T	0.35242	0.52018	0.1274
439 A	0.33337	0.53896	0.12767
440 A	0.32923	0.54041	0.13036
441 C	0.34836	0.51918	0.13246
442 A	0.36816	0.50692	0.12492
443 A	0.37246	0.51178	0.11576
444 T	0.38824	0.50141	0.11034
445 G	0.39323	0.50251	0.10426
446 A	0.40356	0.49903	0.0974
447 A	0.43021	0.46009	0.1097
448 T	0.52284	0.34608	0.13108
449 T	0.55838	0.29709	0.14453
450 A	0.57292	0.27572	0.15136
451 T	0.57704	0.26404	0.15892
452 C	0.57660	0.26112	0.16228
453 T	0.56730	0.26956	0.16314
454 A	0.55295	0.28376	0.16329
455 A	0.55041	0.28532	0.16426
456 T	0.55585	0.27862	0.16553
457 A	0.55856	0.27582	0.16562
458 A	0.57270	0.24898	0.17832
459 T	0.60322	0.19586	0.20092
460 A	0.60230	0.18413	0.21358
461 T	0.60480	0.17012	0.22508
462 T	0.60757	0.15039	0.24204
463 G	0.60831	0.14304	0.24864
464 A	0.60963	0.13702	0.25336
465 A	0.61821	0.12321	0.25858
466 T	0.63045	0.10557	0.26398
467 T	0.63783	0.09565	0.26651
468 C	0.64280	0.08805	0.26914
469 T	0.64797	0.08230	0.26974
470 C	0.64924	0.08077	0.26999
471 T	0.64927	0.08261	0.26813
472 T	0.64894	0.08581	0.26525
473 A	0.64895	0.09239	0.25866
474 T	0.64954	0.09504	0.25542
475 T	0.64981	0.09566	0.25453
476 T	0.65028	0.08313	0.26659
477 T	0.64992	0.07309	0.27699
478 G	0.64783	0.07181	0.28036
479 T	0.64772	0.07155	0.28074
480 T	0.64765	0.07267	0.27968
481 G	0.64002	0.07996	0.28003
482 A	0.63401	0.08717	0.27882
483 T	0.63189	0.08774	0.28038
484 A	0.63021	0.09125	0.27854
485 C	0.63057	0.09190	0.27753
486 A	0.63226	0.10162	0.26612
487 A	0.63275	0.11044	0.25681
488 T	0.63358	0.11967	0.24676
489 A	0.63325	0.14521	0.22153
490 T	0.63206	0.19084	0.1771
491 T	0.63063	0.19898	0.17039
492 A	0.62424	0.22102	0.15474
493 A	0.62295	0.23289	0.14416
494 A	0.62382	0.23275	0.14344
495 C	0.62643	0.23004	0.14354
496 A	0.63348	0.22556	0.14096
497 T	0.64074	0.21836	0.1409
498 C	0.64325	0.21598	0.14077
499 T	0.64451	0.21987	0.13561
500 T	0.64258	0.22891	0.12851
501 T	0.64005	0.24182	0.11813
502 G	0.63252	0.25309	0.1144
503 A	0.62918	0.25654	0.11427
504 A	0.62593	0.25206	0.12201
505 A	0.62538	0.24556	0.12906
506 C	0.62571	0.24189	0.1324
507 C	0.62607	0.24264	0.13129
508 G	0.62724	0.25286	0.11989
509 A	0.63534	0.25189	0.11277
510 A	0.64390	0.24644	0.10966
511 G	0.65396	0.23665	0.10939
512 A	0.67915	0.21105	0.1098
513 T	0.72570	0.16174	0.11256
514 A	0.73398	0.15121	0.11481
515 C	0.75287	0.12623	0.1209
516 A	0.76603	0.11310	0.12087
517 A	0.77084	0.10891	0.12024
518 T	0.77583	0.10462	0.11955
519 T	0.77944	0.10094	0.11962
520 T	0.77961	0.10083	0.11956
521 A	0.77819	0.09913	0.12268
522 T	0.77882	0.09214	0.12903
523 C	0.77475	0.09210	0.13315
524 A	0.77296	0.09272	0.13431
525 T	0.77357	0.08753	0.1389
526 A	0.76946	0.08873	0.14181
527 T	0.76780	0.08661	0.14558
528 C	0.76369	0.08936	0.14695
529 A	0.76074	0.09140	0.14787
530 C	0.75234	0.09798	0.14969
531 T	0.75636	0.09366	0.14998
532 T	0.72123	0.12977	0.149
533 G	0.65498	0.19790	0.14713
534 T	0.60193	0.25655	0.14152
535 C	0.40154	0.46528	0.13317
536 A	0.30687	0.57280	0.12033
537 A	0.23155	0.65426	0.1142
538 A	0.20343	0.68497	0.1116
539 A	0.19354	0.69755	0.1089
540 T	0.18813	0.70362	0.10824
541 A	0.17822	0.71352	0.10826
542 A	0.17296	0.71756	0.10947
543 T	0.17030	0.71783	0.11186
544 A	0.16627	0.71898	0.11475
545 A	0.16431	0.71684	0.11885
546 A	0.16357	0.70815	0.12828
547 C	0.16356	0.69633	0.1401
548 T	0.16283	0.69508	0.14209
549 T	0.16085	0.69524	0.14391
550 A	0.15578	0.70016	0.14405
551 A	0.15299	0.70079	0.14622
552 A	0.15091	0.69964	0.14945
553 G	0.14927	0.68127	0.16946
554 A	0.14943	0.66952	0.18104
555 A	0.15151	0.61458	0.23392
556 A	0.15553	0.54923	0.29523
557 A	0.16397	0.48052	0.35551
558 T	0.17537	0.27516	0.54947
559 T	0.18517	0.18022	0.63462
560 T	0.18848	0.11608	0.69544
561 G	0.18925	0.11364	0.69711
562 T	0.19091	0.12630	0.6828
563 T	0.19092	0.13975	0.66934
564 T	0.19012	0.16303	0.64685
565 A	0.18821	0.18544	0.62635
566 T	0.18681	0.19787	0.61532
567 A	0.18438	0.25409	0.56154
568 G	0.18178	0.29349	0.52473
569 A	0.17987	0.38424	0.43589
570 A	0.17895	0.43278	0.38827
571 T	0.17763	0.46643	0.35594
572 A	0.17565	0.56492	0.25943
573 T	0.17522	0.59640	0.22838
574 A	0.17268	0.61792	0.2094
575 A	0.17220	0.62532	0.20249
576 G	0.17227	0.62795	0.19979
577 A	0.17324	0.63524	0.19152
578 A	0.17665	0.63709	0.18626
579 T	0.18528	0.62925	0.18546
580 G	0.18794	0.62919	0.18287
581 A	0.19187	0.62948	0.17866
582 A	0.19971	0.62332	0.17697
583 C	0.21647	0.60734	0.1762
584 T	0.24015	0.58366	0.17619
585 T	0.26414	0.55991	0.17596
586 A	0.28281	0.54158	0.17561
587 T	0.32040	0.50330	0.17631
588 C	0.33609	0.48681	0.1771
589 A	0.34558	0.47761	0.17681
590 A	0.38508	0.43669	0.17823
591 A	0.42292	0.39691	0.18017
592 T	0.52711	0.29105	0.18184
593 G	0.56894	0.24881	0.18225
594 G	0.60191	0.21367	0.18442
595 A	0.67952	0.13512	0.18536
596 T	0.69242	0.12193	0.18565
597 T	0.67552	0.13805	0.18643
598 C	0.55388	0.26226	0.18386
599 A	0.47677	0.34079	0.18244
600 A	0.45258	0.36596	0.18146
601 A	0.42551	0.39330	0.18119
602 A	0.41707	0.40188	0.18106
603 C	0.41493	0.40376	0.18131
604 T	0.41484	0.40367	0.18149
605 G	0.41111	0.40725	0.18164
606 T	0.40816	0.41010	0.18174
607 C	0.39570	0.42249	0.18181
608 C	0.39148	0.42675	0.18177
609 T	0.38977	0.42832	0.18191
610 A	0.38740	0.43056	0.18204
611 T	0.38611	0.43126	0.18263
612 T	0.38465	0.43213	0.18321
613 C	0.38154	0.43261	0.18585
614 A	0.37781	0.43383	0.18836
615 A	0.37395	0.43564	0.19041
616 A	0.37213	0.43168	0.19619
617 A	0.36966	0.42718	0.20317
618 G	0.37067	0.41415	0.21518
619 T	0.37276	0.37648	0.25076
620 A	0.37258	0.34016	0.28725
621 T	0.37449	0.21168	0.41383
622 G	0.37364	0.14450	0.48186
623 T	0.37016	0.12932	0.50052
624 G	0.36064	0.14358	0.49578
625 A	0.35375	0.20321	0.44305
626 A	0.35013	0.24253	0.40734
627 T	0.34921	0.27331	0.37747
628 T	0.34710	0.28511	0.36779
629 A	0.34230	0.29737	0.36033
630 T	0.34015	0.29128	0.36857
631 T	0.33584	0.29489	0.36927
632 C	0.32875	0.30337	0.36788
633 A	0.32145	0.32713	0.35142
634 C	0.31899	0.33622	0.34479
635 T	0.31696	0.37951	0.30352
636 T	0.31419	0.38799	0.29783
637 G	0.30914	0.39873	0.29212
638 A	0.30697	0.40481	0.28821
639 A	0.30595	0.41456	0.27948
640 C	0.30535	0.42034	0.27431
641 A	0.30489	0.44092	0.25419
642 A	0.30587	0.44920	0.24492
643 A	0.30809	0.45565	0.23625
644 T	0.31190	0.46156	0.22654
645 A	0.31470	0.46799	0.2173
646 A	0.32556	0.45728	0.21716
647 A	0.35019	0.42864	0.22117
648 A	0.40104	0.37540	0.22356
649 G	0.43984	0.33738	0.22278
650 A	0.47756	0.31632	0.20613
651 T	0.49335	0.31051	0.19614
652 A	0.49262	0.32681	0.18057
653 A	0.49673	0.32333	0.17995
654 A	0.50019	0.31689	0.18291
655 T	0.51468	0.29398	0.19134
656 T	0.52842	0.27287	0.19871
657 C	0.53181	0.26717	0.20102
658 G	0.53949	0.25889	0.20162
659 G	0.52883	0.26891	0.20227
660 T	0.52396	0.27166	0.20438
661 A	0.49582	0.29860	0.20558
662 C	0.48768	0.30611	0.20621
663 G	0.48982	0.30339	0.20679
664 C	0.49935	0.29327	0.20738
665 C	0.49661	0.29594	0.20745
666 A	0.49345	0.29941	0.20713
667 T	0.48805	0.30509	0.20686
668 C	0.43744	0.35620	0.20636
669 A	0.38568	0.41309	0.20123
670 A	0.35394	0.45084	0.19522
671 A	0.34845	0.45523	0.19633
672 A	0.34369	0.45857	0.19774
673 T	0.35635	0.44391	0.19974
674 A	0.35265	0.44169	0.20566
675 C	0.36221	0.41851	0.21928
676 A	0.35962	0.41854	0.22184
677 T	0.35724	0.41709	0.22566
678 T	0.34586	0.43086	0.22328
679 T	0.31612	0.46227	0.22161
680 A	0.28389	0.49403	0.22208
681 T	0.25761	0.49994	0.24245
682 G	0.21653	0.52664	0.25682
683 A	0.19612	0.53808	0.26581
684 T	0.18749	0.52019	0.29232
685 G	0.17068	0.52487	0.30446
686 A	0.16365	0.52775	0.30861
687 A	0.16082	0.52184	0.31733
688 G	0.15984	0.50986	0.3303
689 A	0.15987	0.49990	0.34023
690 A	0.16015	0.48070	0.35914
691 G	0.16079	0.42234	0.41687
692 G	0.16534	0.36030	0.47435
693 T	0.17123	0.32342	0.50536
694 A	0.17148	0.31768	0.51083
695 A	0.17170	0.31332	0.51498
696 T	0.17207	0.30920	0.51874
697 G	0.17218	0.29925	0.52857
698 A	0.17243	0.29983	0.52774
699 A	0.17384	0.29499	0.53117
700 A	0.17600	0.28755	0.53645
701 T	0.18339	0.26630	0.55031
702 T	0.18895	0.23501	0.57604
703 A	0.19073	0.22800	0.58126
704 A	0.19014	0.24122	0.56864
705 T	0.19074	0.28747	0.5218
706 T	0.19047	0.41349	0.39605
707 A	0.18741	0.50807	0.30452
708 T	0.18805	0.54677	0.26518
709 G	0.18451	0.60008	0.21541
710 A	0.18247	0.60970	0.20783
711 A	0.17787	0.61800	0.20412
712 T	0.16978	0.62793	0.20229
713 A	0.14785	0.65166	0.2005
714 C	0.13840	0.66121	0.20039
715 A	0.13211	0.66757	0.20032
716 A	0.13202	0.66763	0.20035
717 A	0.13493	0.66458	0.20049
718 C	0.14095	0.65840	0.20065
719 C	0.14436	0.65497	0.20067
720 T	0.14904	0.65023	0.20073
721 C	0.15292	0.64636	0.20072
722 A	0.15388	0.64563	0.20049
723 G	0.15739	0.64218	0.20043
724 G	0.16238	0.63717	0.20045
725 A	0.17273	0.62658	0.20069
726 A	0.20413	0.59442	0.20144
727 A	0.25850	0.53561	0.2059
728 C	0.37118	0.41744	0.21138
729 T	0.55296	0.23210	0.21494
730 T	0.64133	0.13866	0.22002
731 T	0.67210	0.10458	0.22332
732 T	0.68854	0.08447	0.22699
733 T	0.69021	0.08111	0.22867
734 A	0.68951	0.07557	0.23492
735 T	0.69006	0.05960	0.25035
736 T	0.69099	0.03520	0.27381
737 T	0.69048	0.02509	0.28443
738 T	0.68905	0.02024	0.29071
739 C	0.68517	0.02226	0.29257
740 T	0.68057	0.02672	0.29271
741 A	0.66128	0.04651	0.29221
742 T	0.65436	0.05361	0.29204
743 G	0.64411	0.06493	0.29096
744 G	0.63859	0.07060	0.29082
745 T	0.63522	0.07283	0.29194
746 T	0.62203	0.08591	0.29205
747 T	0.59357	0.11607	0.29036
748 C	0.50509	0.21107	0.28384
749 T	0.38696	0.35595	0.25709
750 G	0.33096	0.45256	0.21648
751 A	0.31114	0.49768	0.19118
752 A	0.29943	0.52834	0.17223
753 A	0.29650	0.53914	0.16435
754 A	0.29377	0.54304	0.16319
755 A	0.28985	0.54721	0.16294
756 A	0.28718	0.54935	0.16347
757 T	0.28573	0.54861	0.16566
758 C	0.28297	0.55004	0.16699
759 T	0.27889	0.55448	0.16663
760 A	0.26988	0.56509	0.16504
761 A	0.26064	0.57441	0.16495
762 A	0.24405	0.58966	0.16629
763 A	0.23383	0.59846	0.16771
764 A	0.22824	0.58649	0.18527
765 A	0.22637	0.58104	0.19259
766 G	0.22611	0.56910	0.2048
767 A	0.22554	0.56344	0.21101
768 A	0.22690	0.54955	0.22355
769 G	0.23055	0.52313	0.24632
770 A	0.23708	0.48595	0.27696
771 A	0.24920	0.39297	0.35783
772 C	0.27881	0.24451	0.47668
773 T	0.31698	0.17713	0.50589
774 G	0.33536	0.15366	0.51098
775 T	0.35077	0.14200	0.50723
776 A	0.35492	0.14250	0.50258
777 T	0.35590	0.14191	0.5022
778 A	0.35382	0.14334	0.50283
779 T	0.35291	0.14388	0.5032
780 T	0.35076	0.15972	0.48953
781 A	0.34349	0.21489	0.44163
782 A	0.34192	0.22303	0.43505
783 T	0.34235	0.21527	0.44238
784 A	0.33944	0.21222	0.44834
785 A	0.33898	0.19554	0.46549
786 T	0.34022	0.18520	0.47458
787 C	0.33988	0.18161	0.4785
788 G	0.33981	0.18152	0.47867
789 T	0.34212	0.17926	0.47862
790 A	0.34485	0.17852	0.47664
791 A	0.34589	0.17857	0.47555
792 C	0.34840	0.17662	0.47499
793 T	0.35410	0.17370	0.4722
794 G	0.35681	0.17278	0.47042
795 T	0.36458	0.16809	0.46733
796 T	0.37080	0.17006	0.45914
797 T	0.37155	0.17906	0.44939
798 T	0.37145	0.19570	0.43285
799 A	0.36475	0.24586	0.38938
800 A	0.36292	0.26030	0.37677
801 A	0.36475	0.25968	0.37556
802 G	0.36941	0.25506	0.37553
803 A	0.38588	0.23849	0.37564
804 T	0.43276	0.18593	0.38132
805 G	0.43475	0.18579	0.37946
806 G	0.43277	0.19289	0.37434
807 T	0.43078	0.19654	0.37268
808 A	0.41654	0.21669	0.36677
809 A	0.40786	0.22643	0.36571
810 A	0.40474	0.22824	0.36702
811 C	0.40483	0.22714	0.36803
812 G	0.40503	0.22726	0.3677
813 T	0.40850	0.22402	0.36747
814 C	0.40832	0.22535	0.36633
815 A	0.40236	0.23401	0.36363
816 T	0.40281	0.23370	0.36349
817 A	0.40058	0.23582	0.3636
818 A	0.40311	0.23285	0.36404
819 T	0.41318	0.22143	0.36539
820 C	0.42192	0.20713	0.37095
821 G	0.43814	0.18793	0.37394
822 T	0.48242	0.13736	0.38021
823 T	0.49268	0.12564	0.38169
824 T	0.49408	0.12352	0.3824
825 T	0.49341	0.12499	0.38159
826 G	0.49248	0.12503	0.3825
827 A	0.49268	0.12392	0.3834
828 T	0.49589	0.11222	0.39189
829 A	0.50080	0.10325	0.39595
830 A	0.50461	0.09304	0.40236
831 T	0.51217	0.07264	0.41519
832 C	0.51322	0.06201	0.42476
833 A	0.51329	0.06160	0.42512
834 T	0.51423	0.06133	0.42444
835 T	0.51502	0.06307	0.42191
836 A	0.51537	0.06558	0.41905
837 T	0.51646	0.06571	0.41783
838 T	0.51731	0.06111	0.42158
839 A	0.51214	0.06942	0.41844
840 T	0.48889	0.09914	0.41197
841 A	0.43830	0.17073	0.39098
842 A	0.38996	0.23972	0.37031
843 T	0.37792	0.26975	0.35233
844 A	0.36924	0.30243	0.32833
845 T	0.36517	0.31817	0.31666
846 G	0.35864	0.34128	0.30008
847 A	0.35511	0.36299	0.2819
848 T	0.35013	0.38367	0.2662
849 A	0.31758	0.42317	0.25925
850 A	0.28977	0.45237	0.25786
851 A	0.27297	0.47040	0.25664
852 A	0.26715	0.47556	0.25729
853 C	0.26436	0.47748	0.25816
854 C	0.26234	0.47931	0.25835
855 A	0.25931	0.48243	0.25826
856 C	0.25887	0.48293	0.2582
857 C	0.25752	0.48470	0.25778
858 T	0.25824	0.48490	0.25686
859 A	0.25648	0.48745	0.25607
860 A	0.25574	0.48874	0.25552
861 A	0.25905	0.48502	0.25593
862 A	0.26488	0.47502	0.2601
863 A	0.27503	0.43577	0.28919
864 A	0.29717	0.35898	0.34384
865 C	0.32240	0.28032	0.39728
866 C	0.34699	0.24579	0.40722
867 T	0.37451	0.23031	0.39518
868 A	0.38457	0.24833	0.3671
869 T	0.39859	0.24836	0.35304
870 A	0.40787	0.24532	0.34681
871 G	0.42018	0.22929	0.35053
872 A	0.42800	0.19210	0.37989
873 A	0.43220	0.16430	0.40349
874 T	0.43530	0.15127	0.41343
875 T	0.43574	0.15695	0.40731
876 A	0.43482	0.17127	0.39391
877 A	0.43417	0.19421	0.37162
878 A	0.43475	0.19166	0.37358
879 T	0.43559	0.18467	0.37973
880 T	0.43621	0.17906	0.38473
881 T	0.43691	0.17576	0.38733
882 A	0.43722	0.17331	0.38946
883 C	0.43770	0.17008	0.39222
884 A	0.43783	0.16935	0.39282
885 G	0.43804	0.16847	0.39349
886 G	0.43876	0.16752	0.39371
887 T	0.44099	0.16510	0.39391
888 A	0.44246	0.16354	0.394
889 A	0.44645	0.15874	0.39481
890 C	0.46372	0.13995	0.39633
891 C	0.49171	0.11094	0.39736
892 T	0.50916	0.09309	0.39776
893 T	0.51816	0.08351	0.39833
894 T	0.52171	0.07969	0.39861
895 C	0.52554	0.07569	0.39877
896 A	0.53193	0.06902	0.39905
897 C	0.54139	0.05807	0.40054
898 T	0.55578	0.04276	0.40146
899 A	0.57049	0.02694	0.40258
900 A	0.59641	0.00000	0.4036
