# lcl|CP097583.1_cds_USQ93174.1_1
# AA	inside	membr	outside
1 A	0.33641	0.00000	0.6636
2 T	0.33556	0.00084	0.6636
3 G	0.33465	0.00176	0.6636
4 A	0.33465	0.00958	0.65578
5 C	0.32859	0.01667	0.65474
6 A	0.32859	0.01755	0.65387
7 T	0.30070	0.04573	0.65358
8 T	0.30069	0.04575	0.65356
9 C	0.28550	0.06152	0.65298
10 A	0.28549	0.21129	0.50323
11 A	0.28439	0.22110	0.49451
12 A	0.27436	0.23565	0.48999
13 A	0.26678	0.26472	0.4685
14 T	0.26677	0.26473	0.4685
15 T	0.26677	0.55754	0.17569
16 A	0.26484	0.55947	0.17569
17 A	0.26390	0.56079	0.17531
18 A	0.26388	0.56152	0.17461
19 A	0.26280	0.56299	0.17421
20 C	0.25967	0.56867	0.17167
21 T	0.25804	0.57023	0.17173
22 T	0.25837	0.57117	0.17045
23 T	0.25818	0.57310	0.16871
24 A	0.25823	0.57515	0.16662
25 T	0.25839	0.57619	0.16542
26 A	0.25810	0.57651	0.16539
27 T	0.26221	0.56927	0.16853
28 A	0.26241	0.56344	0.17416
29 A	0.26153	0.56030	0.17818
30 A	0.26037	0.53816	0.20147
31 C	0.26062	0.53336	0.20602
32 C	0.26497	0.51778	0.21724
33 A	0.38700	0.39617	0.21683
34 A	0.39695	0.38571	0.21734
35 G	0.41472	0.36195	0.22333
36 C	0.43998	0.33325	0.22676
37 G	0.44543	0.33108	0.22349
38 G	0.70388	0.07819	0.21793
39 T	0.70777	0.07976	0.21246
40 G	0.70642	0.08533	0.20825
41 A	0.69767	0.10300	0.19932
42 T	0.68298	0.11741	0.19962
43 C	0.67819	0.11913	0.20267
44 A	0.47716	0.32341	0.19944
45 A	0.42041	0.38092	0.19867
46 C	0.39523	0.40621	0.19855
47 C	0.36667	0.43606	0.19728
48 T	0.33797	0.46906	0.19297
49 A	0.27184	0.53688	0.19129
50 A	0.23411	0.57494	0.19095
51 A	0.22373	0.58595	0.19031
52 G	0.21518	0.59308	0.19174
53 C	0.21167	0.59035	0.19798
54 T	0.20744	0.59266	0.1999
55 A	0.20217	0.59710	0.20073
56 T	0.20055	0.59771	0.20174
57 C	0.19410	0.60337	0.20253
58 G	0.18662	0.61078	0.20259
59 A	0.18470	0.61166	0.20364
60 A	0.18672	0.60715	0.20613
61 C	0.19230	0.60086	0.20684
62 A	0.19759	0.59713	0.20528
63 A	0.20089	0.58963	0.20948
64 A	0.20722	0.56691	0.22587
65 T	0.20858	0.54286	0.24856
66 A	0.20726	0.53901	0.25373
67 T	0.21137	0.33373	0.45491
68 T	0.21218	0.27036	0.51746
69 A	0.20873	0.22961	0.56167
70 A	0.20626	0.18124	0.6125
71 C	0.20687	0.14552	0.6476
72 T	0.20714	0.11868	0.67418
73 A	0.20406	0.12943	0.66652
74 A	0.20277	0.14512	0.6521
75 T	0.20317	0.14747	0.64936
76 T	0.20127	0.23035	0.56838
77 T	0.19699	0.29009	0.51292
78 T	0.18681	0.36687	0.44632
79 A	0.16974	0.49185	0.33841
80 A	0.13244	0.56090	0.30665
81 A	0.10625	0.67932	0.21443
82 A	0.08924	0.71148	0.19928
83 A	0.08257	0.72118	0.19625
84 A	0.07954	0.72610	0.19436
85 A	0.08038	0.72469	0.19493
86 A	0.08111	0.72334	0.19555
87 T	0.08244	0.72052	0.19704
88 A	0.08314	0.71976	0.19709
89 T	0.08481	0.71674	0.19845
90 T	0.08482	0.71825	0.19692
91 A	0.08439	0.72075	0.19487
92 A	0.08442	0.71848	0.1971
93 A	0.08535	0.71436	0.20029
94 G	0.08690	0.70979	0.20332
95 A	0.09478	0.70073	0.20449
96 A	0.13080	0.66105	0.20814
97 C	0.16847	0.61887	0.21266
98 A	0.19185	0.59515	0.213
99 A	0.27659	0.50821	0.21519
100 A	0.34789	0.43272	0.21939
101 T	0.44620	0.32392	0.22988
102 T	0.54978	0.20813	0.24209
103 A	0.57315	0.14775	0.2791
104 T	0.63408	0.06294	0.30299
105 T	0.63790	0.04959	0.31251
106 T	0.62772	0.07280	0.29947
107 T	0.57263	0.13442	0.29296
108 A	0.43051	0.29055	0.27894
109 G	0.40548	0.31627	0.27825
110 G	0.39065	0.33205	0.27729
111 C	0.37895	0.34438	0.27667
112 G	0.37044	0.35363	0.27593
113 C	0.36894	0.35595	0.2751
114 T	0.36621	0.36049	0.2733
115 A	0.35265	0.37608	0.27128
116 C	0.34465	0.38535	0.27
117 A	0.33789	0.40205	0.26006
118 G	0.33486	0.40610	0.25904
119 G	0.33020	0.41203	0.25776
120 A	0.32176	0.42213	0.25612
121 A	0.31042	0.43474	0.25484
122 C	0.30455	0.44070	0.25474
123 A	0.29594	0.45185	0.2522
124 G	0.28842	0.46139	0.25019
125 G	0.28756	0.46341	0.24903
126 A	0.28793	0.46486	0.24721
127 A	0.28915	0.46303	0.24782
128 A	0.29434	0.44755	0.25811
129 A	0.30886	0.41482	0.27632
130 A	0.31721	0.33906	0.34373
131 C	0.33148	0.18401	0.48452
132 C	0.33390	0.16087	0.50524
133 T	0.33598	0.15305	0.51097
134 T	0.33708	0.14551	0.51742
135 T	0.33702	0.13962	0.52336
136 G	0.33646	0.13847	0.52506
137 C	0.33346	0.13600	0.53054
138 C	0.33243	0.12575	0.54183
139 A	0.33173	0.12203	0.54624
140 T	0.33826	0.11293	0.54881
141 A	0.33437	0.11624	0.54939
142 G	0.33199	0.11644	0.55157
143 C	0.33242	0.10946	0.55812
144 T	0.33399	0.10679	0.55922
145 A	0.33367	0.14685	0.51948
146 A	0.33499	0.14601	0.51899
147 T	0.33629	0.14831	0.5154
148 G	0.33509	0.18499	0.47992
149 T	0.33463	0.25724	0.40813
150 A	0.32859	0.30717	0.36424
151 A	0.32692	0.32199	0.35109
152 T	0.32610	0.32945	0.34445
153 T	0.32433	0.33674	0.33893
154 C	0.31669	0.35074	0.33257
155 A	0.31086	0.37483	0.31431
156 A	0.30046	0.40896	0.29058
157 A	0.29752	0.42476	0.27772
158 A	0.29641	0.43253	0.27106
159 A	0.29424	0.44009	0.26567
160 T	0.29468	0.43668	0.26863
161 T	0.29458	0.43561	0.26981
162 A	0.29350	0.43552	0.27099
163 A	0.29541	0.43264	0.27195
164 A	0.29735	0.42729	0.27536
165 T	0.30166	0.41969	0.27865
166 C	0.30437	0.41604	0.27959
167 A	0.31608	0.40427	0.27964
168 A	0.35191	0.36803	0.28007
169 A	0.36300	0.35616	0.28084
170 A	0.37623	0.34209	0.28167
171 C	0.42012	0.29591	0.28397
172 A	0.49380	0.21941	0.28679
173 C	0.54575	0.15963	0.29461
174 T	0.57055	0.13502	0.29443
175 T	0.58303	0.12386	0.2931
176 T	0.58851	0.12018	0.29131
177 G	0.59124	0.11317	0.29559
178 A	0.60105	0.10075	0.2982
179 T	0.62367	0.06730	0.30903
180 T	0.63399	0.05551	0.3105
181 A	0.63719	0.05066	0.31216
182 T	0.64099	0.04431	0.3147
183 T	0.63609	0.04739	0.31653
184 G	0.62424	0.05815	0.31761
185 C	0.61879	0.06354	0.31768
186 T	0.61339	0.07498	0.31163
187 C	0.59909	0.10130	0.29961
188 A	0.57880	0.13178	0.28942
189 T	0.56940	0.14384	0.28676
190 A	0.54739	0.16776	0.28485
191 A	0.46136	0.25704	0.2816
192 C	0.42225	0.29714	0.2806
193 A	0.38423	0.33627	0.27949
194 A	0.36911	0.35137	0.27951
195 A	0.35981	0.36051	0.27968
196 A	0.35367	0.36645	0.27989
197 C	0.35362	0.36605	0.28033
198 C	0.35352	0.36525	0.28122
199 T	0.35301	0.36551	0.28148
200 T	0.34740	0.37057	0.28202
201 A	0.33447	0.38327	0.28226
202 G	0.32844	0.38909	0.28247
203 C	0.32210	0.39306	0.28484
204 A	0.31399	0.39681	0.28919
205 G	0.30708	0.39954	0.29338
206 G	0.30128	0.39857	0.30015
207 A	0.30065	0.39201	0.30734
208 C	0.30176	0.38655	0.3117
209 A	0.30614	0.38162	0.31225
210 A	0.31707	0.36397	0.31895
211 T	0.32661	0.33702	0.33637
212 T	0.32813	0.33182	0.34005
213 A	0.32749	0.32634	0.34617
214 T	0.32880	0.24221	0.42899
215 A	0.32764	0.21479	0.45756
216 T	0.32770	0.17950	0.4928
217 A	0.32625	0.17352	0.50024
218 A	0.32568	0.16633	0.50798
219 T	0.32560	0.15980	0.51459
220 G	0.32526	0.16533	0.50941
221 A	0.32484	0.16624	0.50892
222 A	0.32343	0.16663	0.50994
223 T	0.32247	0.17353	0.504
224 T	0.32096	0.17363	0.50541
225 A	0.31662	0.19024	0.49314
226 A	0.31206	0.20452	0.48342
227 A	0.30825	0.21705	0.4747
228 A	0.30421	0.25785	0.43794
229 G	0.30251	0.26904	0.42844
230 A	0.30173	0.29165	0.40662
231 A	0.30338	0.30509	0.39153
232 A	0.31091	0.31491	0.37418
233 T	0.32117	0.33338	0.34545
234 G	0.32555	0.33170	0.34276
235 T	0.33565	0.32164	0.34271
236 T	0.34138	0.31527	0.34335
237 T	0.34358	0.31249	0.34392
238 C	0.34144	0.31417	0.3444
239 C	0.34026	0.31677	0.34297
240 T	0.34098	0.32121	0.33782
241 G	0.33607	0.33174	0.33218
242 A	0.33772	0.33416	0.32812
243 T	0.34623	0.32761	0.32616
244 A	0.34752	0.32852	0.32395
245 A	0.35104	0.32427	0.32469
246 T	0.36485	0.30942	0.32573
247 A	0.37130	0.30258	0.32612
248 A	0.38234	0.28854	0.32912
249 A	0.39636	0.27075	0.33288
250 A	0.41454	0.24929	0.33618
251 T	0.45781	0.20208	0.34011
252 A	0.47323	0.18482	0.34195
253 G	0.49490	0.16116	0.34395
254 A	0.51242	0.14310	0.34448
255 A	0.53444	0.12021	0.34535
256 T	0.56777	0.08580	0.34643
257 A	0.57424	0.07798	0.34778
258 T	0.58184	0.06830	0.34987
259 T	0.58611	0.06201	0.35188
260 T	0.58872	0.05667	0.35461
261 T	0.59039	0.05099	0.35861
262 A	0.59225	0.04578	0.36196
263 T	0.59672	0.03702	0.36626
264 T	0.60138	0.02578	0.37284
265 T	0.60405	0.02047	0.37548
266 C	0.60518	0.01776	0.37707
267 T	0.60714	0.01601	0.37684
268 T	0.60774	0.01702	0.37524
269 A	0.60630	0.02149	0.37221
270 T	0.60101	0.03071	0.36829
271 T	0.59777	0.03965	0.36258
272 A	0.59483	0.04749	0.35768
273 T	0.59374	0.05073	0.35553
274 G	0.59018	0.05800	0.35181
275 A	0.58864	0.06229	0.34907
276 T	0.58770	0.06566	0.34664
277 T	0.58658	0.07003	0.34339
278 A	0.58561	0.07620	0.33819
279 T	0.58528	0.07725	0.33747
280 T	0.58427	0.07885	0.33687
281 A	0.58278	0.08077	0.33645
282 T	0.58229	0.08123	0.33648
283 C	0.58115	0.08230	0.33656
284 G	0.58037	0.08307	0.33657
285 A	0.57930	0.08413	0.33658
286 C	0.57843	0.08499	0.33658
287 C	0.57783	0.08568	0.33649
288 A	0.57659	0.08730	0.33611
289 G	0.57556	0.08833	0.33611
290 A	0.57654	0.08734	0.33611
291 A	0.57871	0.08506	0.33623
292 G	0.58222	0.07926	0.33852
293 C	0.58799	0.06410	0.34791
294 T	0.59559	0.05296	0.35145
295 T	0.60146	0.04470	0.35384
296 A	0.60368	0.04163	0.35469
297 T	0.60707	0.03516	0.35777
298 G	0.60875	0.03179	0.35946
299 T	0.61134	0.02683	0.36183
300 C	0.61363	0.02252	0.36385
301 G	0.61757	0.01759	0.36484
302 T	0.61830	0.01638	0.36532
303 T	0.61830	0.01571	0.36599
304 T	0.61695	0.01691	0.36614
305 C	0.61347	0.02130	0.36522
306 T	0.60916	0.03105	0.35978
307 A	0.60438	0.04757	0.34805
308 A	0.60267	0.05259	0.34473
309 T	0.60138	0.05490	0.34372
310 G	0.60019	0.05574	0.34407
311 A	0.59996	0.05478	0.34526
312 T	0.59915	0.05432	0.34654
313 A	0.59646	0.05715	0.34639
314 C	0.59516	0.05876	0.34608
315 T	0.58873	0.06766	0.34361
316 T	0.58174	0.07765	0.3406
317 A	0.57410	0.08765	0.33825
318 T	0.56470	0.09940	0.33589
319 A	0.54033	0.12709	0.33258
320 T	0.53424	0.13497	0.33079
321 T	0.51873	0.15206	0.32922
322 G	0.49772	0.17622	0.32606
323 A	0.48941	0.18687	0.32373
324 A	0.48470	0.19312	0.32218
325 A	0.48183	0.19598	0.32218
326 A	0.48110	0.19634	0.32256
327 A	0.48041	0.19580	0.32379
328 A	0.48128	0.19130	0.32743
329 C	0.48708	0.18071	0.33221
330 T	0.49744	0.16712	0.33545
331 T	0.49976	0.16412	0.33613
332 C	0.49943	0.16437	0.3362
333 T	0.49860	0.16731	0.33409
334 A	0.49740	0.17195	0.33066
335 A	0.49702	0.17391	0.32908
336 A	0.49779	0.17179	0.33042
337 A	0.49906	0.16985	0.33109
338 T	0.50154	0.15686	0.34159
339 T	0.50427	0.14415	0.35158
340 A	0.50521	0.13309	0.36169
341 A	0.50731	0.11413	0.37856
342 C	0.51077	0.07479	0.41444
343 T	0.51327	0.06633	0.4204
344 C	0.51468	0.05509	0.43023
345 T	0.51694	0.05102	0.43204
346 G	0.51601	0.05762	0.42637
347 A	0.50599	0.08533	0.40868
348 A	0.49549	0.10962	0.39489
349 A	0.49310	0.12592	0.38098
350 T	0.49225	0.14240	0.36534
351 A	0.48885	0.15679	0.35436
352 G	0.48699	0.15897	0.35404
353 A	0.48658	0.16160	0.35182
354 T	0.48620	0.16556	0.34824
355 C	0.48268	0.17620	0.34113
356 A	0.48150	0.19856	0.31994
357 A	0.48218	0.19898	0.31884
358 T	0.48368	0.19833	0.31799
359 T	0.48321	0.19863	0.31816
360 A	0.48196	0.19971	0.31833
361 C	0.48147	0.19895	0.31958
362 G	0.48119	0.19891	0.3199
363 C	0.48010	0.19953	0.32037
364 C	0.47925	0.20044	0.32031
365 A	0.47917	0.20078	0.32004
366 T	0.48031	0.19983	0.31986
367 A	0.48034	0.19969	0.31998
368 G	0.48312	0.19669	0.32019
369 A	0.49062	0.18751	0.32187
370 A	0.50856	0.15694	0.3345
371 C	0.52349	0.12992	0.34659
372 A	0.53860	0.11338	0.34802
373 A	0.55843	0.09451	0.34707
374 T	0.57565	0.07734	0.34701
375 T	0.58010	0.07658	0.34333
376 A	0.58211	0.07517	0.34272
377 A	0.58636	0.06889	0.34475
378 T	0.59509	0.05526	0.34965
379 T	0.60997	0.03720	0.35283
380 C	0.60970	0.03510	0.35521
381 T	0.60932	0.03750	0.35317
382 T	0.60700	0.04247	0.35052
383 T	0.60508	0.04900	0.34592
384 A	0.60299	0.06270	0.33432
385 A	0.60189	0.07024	0.32788
386 T	0.60167	0.06931	0.32902
387 T	0.60131	0.06937	0.32933
388 T	0.59865	0.07209	0.32926
389 A	0.59286	0.07815	0.32899
390 C	0.58975	0.08076	0.32949
391 G	0.58805	0.08373	0.32822
392 G	0.58732	0.08581	0.32687
393 A	0.58707	0.08704	0.3259
394 A	0.58735	0.08749	0.32516
395 A	0.58879	0.08641	0.32481
396 A	0.59135	0.08401	0.32464
397 A	0.59420	0.08106	0.32474
398 A	0.59953	0.07508	0.32539
399 T	0.60194	0.07074	0.32732
400 A	0.60278	0.06888	0.32833
401 T	0.60458	0.06575	0.32966
402 T	0.60630	0.06236	0.33135
403 A	0.60767	0.05884	0.33349
404 T	0.61055	0.05363	0.33582
405 C	0.61331	0.04831	0.33838
406 G	0.61745	0.04300	0.33954
407 T	0.62818	0.03127	0.34055
408 T	0.63399	0.02474	0.34127
409 G	0.63433	0.02389	0.34178
410 T	0.63563	0.02206	0.34231
411 T	0.63677	0.01725	0.34598
412 T	0.63750	0.01072	0.35178
413 C	0.63792	0.00742	0.35465
414 T	0.63928	0.00519	0.35553
415 T	0.64018	0.00389	0.35594
416 C	0.64071	0.00311	0.35618
417 T	0.64128	0.00259	0.35613
418 G	0.64151	0.00237	0.35612
419 T	0.64191	0.00195	0.35614
420 T	0.64206	0.00187	0.35607
421 T	0.64182	0.00240	0.35579
422 C	0.64145	0.00288	0.35566
423 T	0.64103	0.00377	0.35521
424 T	0.64030	0.00495	0.35475
425 G	0.63942	0.00634	0.35424
426 T	0.63882	0.00795	0.35323
427 A	0.63707	0.01135	0.35159
428 T	0.63670	0.01175	0.35156
429 T	0.63575	0.01293	0.35132
430 T	0.63306	0.01667	0.35027
431 A	0.63019	0.02037	0.34944
432 C	0.62889	0.02190	0.34921
433 G	0.62257	0.03010	0.34733
434 G	0.61965	0.03330	0.34706
435 T	0.61604	0.03728	0.34667
436 A	0.60144	0.05249	0.34607
437 T	0.59314	0.06168	0.34518
438 C	0.58038	0.07577	0.34386
439 G	0.57177	0.08744	0.34078
440 G	0.56832	0.09324	0.33845
441 A	0.56691	0.09687	0.33621
442 G	0.56661	0.09885	0.33454
443 A	0.56646	0.10087	0.33267
444 T	0.56672	0.10162	0.33166
445 A	0.56645	0.10267	0.33089
446 T	0.56687	0.10173	0.3314
447 T	0.56670	0.10129	0.33201
448 A	0.56619	0.10115	0.33266
449 A	0.56642	0.10009	0.33349
450 C	0.56746	0.09692	0.33561
451 G	0.56745	0.09655	0.33599
452 A	0.56768	0.09575	0.33657
453 T	0.56920	0.09224	0.33856
454 T	0.56983	0.08973	0.34044
455 A	0.56943	0.08964	0.34093
456 T	0.57061	0.08084	0.34855
457 A	0.57052	0.07716	0.35232
458 A	0.57074	0.07010	0.35917
459 A	0.57149	0.05288	0.37563
460 C	0.57328	0.04113	0.38559
461 T	0.57636	0.02843	0.39521
462 T	0.57952	0.01985	0.40063
463 T	0.58048	0.01674	0.40279
464 C	0.58106	0.01569	0.40325
465 T	0.58183	0.01541	0.40276
466 G	0.58185	0.01600	0.40215
467 T	0.58259	0.01699	0.40042
468 T	0.58235	0.02183	0.39581
469 C	0.57583	0.03224	0.39193
470 T	0.56823	0.05534	0.37642
471 T	0.55961	0.07726	0.36313
472 T	0.54308	0.11306	0.34386
473 A	0.51773	0.15905	0.32322
474 T	0.50387	0.18040	0.31572
475 T	0.48714	0.20641	0.30645
476 T	0.46937	0.23043	0.3002
477 A	0.42720	0.27697	0.29582
478 G	0.41051	0.29565	0.29384
479 A	0.40194	0.30644	0.29162
480 A	0.37807	0.33272	0.28922
481 A	0.36480	0.34865	0.28655
482 A	0.35683	0.35713	0.28604
483 A	0.35409	0.36043	0.28547
484 A	0.35127	0.36408	0.28466
485 A	0.34895	0.36679	0.28427
486 C	0.34765	0.36780	0.28454
487 A	0.34749	0.36979	0.28272
488 A	0.34698	0.37112	0.2819
489 A	0.34810	0.36989	0.28201
490 A	0.35326	0.36439	0.28236
491 T	0.36444	0.35165	0.28391
492 A	0.37116	0.33636	0.29249
493 T	0.38962	0.30325	0.30712
494 A	0.39990	0.28035	0.31975
495 T	0.42113	0.22884	0.35002
496 T	0.43513	0.18277	0.3821
497 C	0.43918	0.15211	0.40871
498 T	0.44394	0.14512	0.41094
499 T	0.44436	0.15080	0.40484
500 T	0.41975	0.18599	0.39426
501 T	0.38311	0.22269	0.3942
502 A	0.35084	0.25576	0.39341
503 A	0.33025	0.25459	0.41516
504 A	0.31965	0.25720	0.42316
505 C	0.31278	0.25987	0.42735
506 A	0.30722	0.27816	0.41463
507 A	0.30506	0.29416	0.40078
508 A	0.30572	0.29941	0.39487
509 T	0.30720	0.30784	0.38496
510 T	0.30844	0.31873	0.37282
511 T	0.30796	0.33177	0.36027
512 T	0.30515	0.35779	0.33705
513 A	0.30116	0.36509	0.33374
514 A	0.29761	0.37200	0.33039
515 A	0.28955	0.38039	0.33006
516 A	0.28498	0.38448	0.33055
517 C	0.28316	0.38376	0.33308
518 A	0.28276	0.38704	0.3302
519 A	0.28748	0.38386	0.32866
520 T	0.30174	0.36934	0.32893
521 T	0.31010	0.36123	0.32868
522 A	0.31229	0.35934	0.32837
523 G	0.32059	0.31302	0.36639
524 T	0.32347	0.27202	0.40452
525 T	0.32071	0.25980	0.41949
526 G	0.30979	0.29547	0.39474
527 A	0.30581	0.32342	0.37076
528 A	0.30481	0.32593	0.36926
529 A	0.31246	0.31584	0.3717
530 T	0.32456	0.30094	0.3745
531 G	0.32442	0.30194	0.37364
532 C	0.33580	0.29683	0.36737
533 A	0.34496	0.31440	0.34064
534 A	0.35646	0.31454	0.32901
535 T	0.37591	0.29762	0.32648
536 A	0.37612	0.29879	0.32508
537 T	0.37363	0.30342	0.32295
538 A	0.35039	0.32546	0.32415
539 A	0.31962	0.35547	0.32491
540 A	0.29702	0.37843	0.32455
541 A	0.28179	0.39441	0.3238
542 G	0.27244	0.40492	0.32264
543 A	0.26867	0.41300	0.31833
544 A	0.26777	0.41917	0.31307
545 A	0.27385	0.41145	0.3147
546 T	0.28334	0.39976	0.3169
547 G	0.28919	0.39615	0.31466
548 A	0.29956	0.38403	0.31641
549 T	0.33336	0.33994	0.3267
550 A	0.35238	0.31279	0.33483
551 T	0.35871	0.29955	0.34174
552 A	0.36118	0.29191	0.3469
553 G	0.36544	0.28081	0.35375
554 C	0.37020	0.26783	0.36197
555 A	0.37972	0.25706	0.36322
556 T	0.40516	0.22917	0.36567
557 T	0.41479	0.21664	0.36856
558 T	0.41730	0.21297	0.36973
559 G	0.41714	0.21187	0.37099
560 A	0.41767	0.20518	0.37715
561 T	0.42100	0.17839	0.40061
562 A	0.42064	0.15034	0.42901
563 G	0.42349	0.12799	0.44851
564 A	0.42861	0.11258	0.4588
565 G	0.43440	0.09492	0.47068
566 G	0.44071	0.08297	0.47632
567 T	0.45064	0.07025	0.47911
568 A	0.45468	0.07276	0.47256
569 C	0.45889	0.06977	0.47133
570 T	0.46477	0.07049	0.46473
571 T	0.46778	0.07209	0.46013
572 T	0.46838	0.07724	0.45438
573 T	0.46738	0.08673	0.44589
574 A	0.46472	0.10650	0.42878
575 G	0.46371	0.13545	0.40084
576 A	0.46308	0.19739	0.33953
577 A	0.46280	0.22479	0.31241
578 T	0.46360	0.23408	0.30231
579 T	0.46342	0.24743	0.28915
580 A	0.45744	0.26344	0.27912
581 G	0.45675	0.26711	0.27613
582 A	0.45694	0.26883	0.27424
583 G	0.45833	0.26658	0.27509
584 G	0.46053	0.26451	0.27496
585 T	0.46583	0.25765	0.27652
586 G	0.46854	0.25443	0.27703
587 G	0.47209	0.25061	0.2773
588 A	0.47334	0.24947	0.27719
589 A	0.47539	0.24738	0.27723
590 C	0.48113	0.24150	0.27736
591 T	0.49389	0.22886	0.27726
592 T	0.49972	0.22348	0.2768
593 T	0.50704	0.21619	0.27677
594 A	0.50980	0.21360	0.27661
595 G	0.51363	0.20975	0.27661
596 A	0.51987	0.20231	0.27781
597 C	0.53614	0.18319	0.28067
598 A	0.56745	0.15103	0.28152
599 T	0.63756	0.08053	0.28191
600 T	0.66848	0.04935	0.28217
601 A	0.67931	0.03912	0.28157
602 T	0.69089	0.02777	0.28133
603 T	0.69583	0.01774	0.28643
604 T	0.69665	0.01636	0.28699
605 T	0.68925	0.02407	0.28669
606 A	0.66183	0.05394	0.28424
607 T	0.64794	0.06781	0.28425
608 C	0.62774	0.08803	0.28423
609 T	0.58209	0.13420	0.28371
610 G	0.49343	0.22371	0.28286
611 C	0.40217	0.31650	0.28133
612 T	0.31759	0.41104	0.27137
613 G	0.22901	0.50137	0.26963
614 A	0.20770	0.52474	0.26756
615 A	0.19798	0.53495	0.26707
616 A	0.19260	0.54051	0.2669
617 C	0.18842	0.54442	0.26716
618 T	0.18579	0.54702	0.26719
619 C	0.17325	0.55957	0.26717
620 A	0.16963	0.56336	0.26702
621 A	0.16717	0.56595	0.26688
622 C	0.16476	0.56849	0.26675
623 A	0.16350	0.57001	0.26649
624 A	0.16280	0.57091	0.26629
625 G	0.16132	0.57186	0.26682
626 G	0.16182	0.57067	0.26752
627 A	0.16203	0.56967	0.2683
628 A	0.16268	0.55553	0.28179
629 T	0.16523	0.51764	0.31713
630 T	0.16548	0.49261	0.34191
631 A	0.16483	0.47363	0.36154
632 G	0.16478	0.42166	0.41356
633 A	0.16467	0.34685	0.48847
634 A	0.16582	0.25486	0.57933
635 T	0.17435	0.15704	0.66861
636 C	0.17571	0.07813	0.74615
637 G	0.17726	0.06712	0.75562
638 T	0.17778	0.06190	0.76032
639 A	0.17715	0.06190	0.76096
640 T	0.17652	0.06250	0.76098
641 T	0.17389	0.07070	0.75541
642 C	0.16954	0.08376	0.7467
643 G	0.16436	0.13271	0.70293
644 A	0.16100	0.19498	0.64402
645 T	0.15963	0.23793	0.60244
646 A	0.15511	0.30358	0.54131
647 A	0.15022	0.38424	0.46554
648 T	0.14556	0.47236	0.38208
649 G	0.13834	0.53963	0.32203
650 A	0.12636	0.60988	0.26375
651 A	0.12037	0.63702	0.24261
652 G	0.11847	0.64688	0.23465
653 A	0.11778	0.65468	0.22754
654 A	0.11929	0.65649	0.22422
655 A	0.11919	0.65953	0.22128
656 T	0.12098	0.65853	0.22049
657 T	0.12003	0.66224	0.21772
658 G	0.11614	0.66876	0.21511
659 A	0.11422	0.67244	0.21334
660 A	0.11461	0.67303	0.21236
661 A	0.11544	0.67247	0.21209
662 A	0.11911	0.66821	0.21268
663 A	0.12926	0.65686	0.21388
664 A	0.14926	0.63388	0.21686
665 T	0.18726	0.59096	0.22177
666 A	0.22739	0.54584	0.22677
667 C	0.27861	0.49042	0.23097
668 A	0.31321	0.45589	0.2309
669 A	0.37168	0.39507	0.23325
670 A	0.45218	0.31162	0.2362
671 T	0.55737	0.20157	0.24106
672 T	0.61353	0.14013	0.24634
673 T	0.65324	0.08896	0.2578
674 T	0.65907	0.07800	0.26293
675 T	0.63976	0.09653	0.26371
676 G	0.61370	0.12273	0.26357
677 A	0.60344	0.13287	0.26369
678 T	0.60323	0.13150	0.26528
679 A	0.59879	0.13559	0.26562
680 T	0.59941	0.13298	0.2676
681 T	0.59175	0.13804	0.27021
682 C	0.55719	0.17444	0.26838
683 T	0.52954	0.20571	0.26475
684 T	0.49858	0.23999	0.26143
685 A	0.45386	0.28807	0.25808
686 A	0.42635	0.31739	0.25626
687 A	0.40390	0.34168	0.25442
688 G	0.38471	0.36020	0.25509
689 G	0.36945	0.37547	0.25508
690 A	0.35189	0.39805	0.25006
691 A	0.34462	0.40924	0.24615
692 A	0.34392	0.41111	0.24496
693 T	0.34494	0.41006	0.245
694 A	0.34507	0.40907	0.24586
695 T	0.34604	0.40214	0.25182
696 T	0.34644	0.39503	0.25852
697 A	0.34596	0.39643	0.25761
698 T	0.34644	0.37856	0.275
699 T	0.34538	0.36792	0.2867
700 G	0.34040	0.37314	0.28646
701 A	0.33920	0.38847	0.27232
702 A	0.33934	0.39615	0.26451
703 A	0.34003	0.39578	0.26419
704 A	0.34213	0.37958	0.2783
705 T	0.34930	0.32644	0.32427
706 T	0.35329	0.29308	0.35363
707 T	0.35559	0.27196	0.37245
708 A	0.35654	0.27783	0.36563
709 A	0.35754	0.29676	0.3457
710 A	0.35854	0.30070	0.34076
711 A	0.35925	0.29474	0.34602
712 A	0.36166	0.29017	0.34817
713 A	0.36818	0.27207	0.35975
714 T	0.37425	0.26262	0.36313
715 G	0.37731	0.26088	0.36181
716 T	0.38099	0.26036	0.35865
717 A	0.38323	0.26173	0.35504
718 A	0.38585	0.26268	0.35147
719 G	0.39000	0.25768	0.35232
720 T	0.40363	0.24304	0.35333
721 A	0.40827	0.23779	0.35394
722 T	0.42160	0.22246	0.35594
723 C	0.43032	0.20936	0.36031
724 T	0.44673	0.19220	0.36106
725 T	0.45739	0.18128	0.36133
726 T	0.46436	0.17420	0.36144
727 C	0.46730	0.17120	0.3615
728 C	0.47255	0.16595	0.3615
729 T	0.47955	0.15895	0.3615
730 G	0.48663	0.15182	0.36155
731 C	0.51698	0.12137	0.36166
732 T	0.55589	0.08246	0.36165
733 T	0.57849	0.05979	0.36172
734 C	0.58920	0.04842	0.36238
735 T	0.60273	0.03523	0.36204
736 C	0.60672	0.03181	0.36147
737 T	0.61098	0.02998	0.35904
738 T	0.61092	0.03140	0.35768
739 T	0.61018	0.03374	0.35608
740 A	0.60532	0.04094	0.35374
741 T	0.60152	0.04685	0.35163
742 G	0.57980	0.06917	0.35102
743 T	0.56147	0.08889	0.34964
744 T	0.52994	0.12305	0.34701
745 A	0.47289	0.18673	0.34039
746 C	0.43402	0.23340	0.33258
747 T	0.38607	0.32825	0.28568
748 A	0.34424	0.42720	0.22856
749 A	0.31935	0.47122	0.20942
750 T	0.29986	0.50528	0.19486
751 A	0.25167	0.56533	0.183
752 A	0.22995	0.59136	0.1787
753 A	0.17591	0.64754	0.17655
754 A	0.13912	0.68566	0.17522
755 A	0.11249	0.71315	0.17437
756 A	0.08948	0.73718	0.17334
757 A	0.08033	0.74807	0.1716
758 A	0.07461	0.75489	0.1705
759 A	0.07077	0.75815	0.17108
760 T	0.07115	0.75545	0.1734
761 T	0.06828	0.75519	0.17653
762 A	0.06094	0.75937	0.1797
763 A	0.05588	0.75863	0.18549
764 A	0.05235	0.75368	0.19397
765 A	0.05107	0.73262	0.21631
766 G	0.05118	0.70749	0.24132
767 A	0.05495	0.67273	0.27232
768 A	0.06348	0.61406	0.32246
769 A	0.07854	0.55234	0.36913
770 C	0.12929	0.44413	0.42658
771 T	0.18532	0.35878	0.45589
772 A	0.19595	0.33484	0.46921
773 T	0.20460	0.31532	0.48008
774 T	0.20295	0.29651	0.50054
775 A	0.17917	0.32849	0.49234
776 A	0.13288	0.34362	0.5235
777 A	0.09179	0.37997	0.52824
778 A	0.08074	0.38473	0.53453
779 G	0.07403	0.39737	0.52859
780 A	0.07426	0.42645	0.49929
781 A	0.07436	0.45544	0.47019
782 T	0.07372	0.47744	0.44885
783 T	0.06936	0.53743	0.3932
784 G	0.06575	0.58280	0.35145
785 A	0.06101	0.61702	0.32197
786 A	0.05701	0.63746	0.30552
787 G	0.05385	0.65536	0.29079
788 A	0.05254	0.69243	0.25503
789 A	0.05215	0.70831	0.23954
790 G	0.05209	0.73211	0.2158
791 A	0.05272	0.74376	0.20352
792 A	0.05460	0.74558	0.19982
793 T	0.05756	0.74307	0.19937
794 T	0.06031	0.73818	0.20151
795 A	0.06241	0.73106	0.20652
796 G	0.06572	0.72011	0.21417
797 A	0.07628	0.70420	0.21952
798 A	0.09563	0.66386	0.2405
799 G	0.12104	0.59629	0.28267
800 A	0.15542	0.52485	0.31973
801 A	0.17868	0.49024	0.33109
802 C	0.21536	0.44495	0.33969
803 G	0.25673	0.40899	0.33429
804 T	0.30415	0.37076	0.32508
805 A	0.33783	0.35195	0.31021
806 T	0.41553	0.27595	0.30851
807 T	0.45626	0.24429	0.29946
808 G	0.46550	0.26302	0.27148
809 A	0.46937	0.29337	0.23726
810 A	0.48283	0.28923	0.22794
811 T	0.51950	0.25778	0.22272
812 A	0.52889	0.26016	0.21095
813 T	0.54806	0.24224	0.2097
814 T	0.54033	0.25035	0.20931
815 T	0.51186	0.27899	0.20914
816 T	0.47183	0.32029	0.20788
817 C	0.38128	0.41323	0.20548
818 A	0.25303	0.55211	0.19485
819 A	0.16845	0.64680	0.18475
820 A	0.14781	0.66921	0.18298
821 A	0.13476	0.68359	0.18165
822 A	0.12850	0.69104	0.18045
823 A	0.12620	0.69337	0.18043
824 C	0.12669	0.69314	0.18017
825 A	0.12643	0.69393	0.17964
826 A	0.13321	0.68739	0.1794
827 A	0.14594	0.67432	0.17974
828 T	0.16800	0.65032	0.18169
829 C	0.17147	0.64604	0.1825
830 A	0.17997	0.63570	0.18434
831 A	0.20850	0.59833	0.19317
832 T	0.24560	0.55352	0.20087
833 T	0.25572	0.53967	0.2046
834 A	0.25779	0.53753	0.20468
835 A	0.26168	0.51795	0.22037
836 T	0.25985	0.48559	0.25456
837 T	0.24263	0.46845	0.28892
838 G	0.21161	0.46211	0.32628
839 A	0.18620	0.46773	0.34607
840 A	0.17488	0.41608	0.40904
841 G	0.17676	0.29874	0.5245
842 C	0.17826	0.22117	0.60057
843 G	0.16818	0.22977	0.60205
844 C	0.16676	0.24627	0.58697
845 A	0.16610	0.32763	0.50627
846 A	0.16505	0.39412	0.44084
847 A	0.16475	0.44025	0.395
848 A	0.16564	0.44172	0.39264
849 T	0.16661	0.44818	0.38521
850 A	0.16595	0.46111	0.37294
851 T	0.16545	0.45971	0.37484
852 C	0.16226	0.46266	0.37508
853 G	0.15306	0.48531	0.36163
854 T	0.15054	0.51197	0.33749
855 A	0.14653	0.55995	0.29352
856 A	0.14284	0.59341	0.26375
857 A	0.14214	0.60531	0.25254
858 A	0.14285	0.60942	0.24773
859 A	0.14254	0.60985	0.24762
860 G	0.14544	0.59246	0.2621
861 A	0.14755	0.57341	0.27905
862 G	0.15504	0.54194	0.30302
863 T	0.16135	0.52556	0.31308
864 A	0.16338	0.52246	0.31416
865 A	0.17042	0.51363	0.31594
866 C	0.18690	0.48697	0.32612
867 A	0.20681	0.46852	0.32467
868 A	0.26642	0.41078	0.32279
869 A	0.32154	0.36166	0.31681
870 C	0.36340	0.32613	0.31047
871 G	0.37148	0.33024	0.29829
872 A	0.37656	0.32776	0.29568
873 T	0.39554	0.30926	0.2952
874 A	0.37773	0.33230	0.28997
875 T	0.36823	0.34124	0.29053
876 C	0.34711	0.35324	0.29965
877 G	0.34194	0.36294	0.29511
878 A	0.35415	0.35160	0.29425
879 G	0.37016	0.33492	0.29492
880 A	0.37885	0.32937	0.29177
881 T	0.39278	0.31527	0.29196
882 G	0.39501	0.31190	0.29309
883 T	0.39910	0.30932	0.29158
884 T	0.39465	0.31565	0.2897
885 A	0.37879	0.33237	0.28883
886 A	0.37183	0.33965	0.28852
887 A	0.36855	0.34098	0.29046
888 A	0.36698	0.33952	0.2935
889 C	0.36667	0.33597	0.29736
890 A	0.36964	0.33279	0.29757
891 A	0.37506	0.32614	0.2988
892 A	0.38451	0.31526	0.30023
893 T	0.39410	0.30219	0.30371
894 A	0.40303	0.29171	0.30526
895 G	0.40578	0.26640	0.32782
896 G	0.40965	0.24608	0.34427
897 T	0.41910	0.20967	0.37123
898 T	0.42122	0.18714	0.39164
899 A	0.42203	0.16558	0.4124
900 T	0.42874	0.14086	0.4304
901 T	0.43058	0.12632	0.44311
902 G	0.42987	0.12107	0.44907
903 T	0.43193	0.11988	0.44819
904 A	0.43142	0.13551	0.43307
905 A	0.43237	0.13930	0.42833
906 T	0.43517	0.14308	0.42176
907 G	0.43648	0.15623	0.40728
908 G	0.43571	0.14811	0.41618
909 T	0.43582	0.14504	0.41914
910 A	0.43443	0.14543	0.42014
911 T	0.42620	0.15263	0.42117
912 C	0.41393	0.16473	0.42135
913 G	0.40917	0.17645	0.41439
914 A	0.40736	0.18415	0.40849
915 A	0.40770	0.18725	0.40505
916 A	0.40843	0.18824	0.40334
917 A	0.41021	0.18691	0.40288
918 T	0.41362	0.18192	0.40445
919 T	0.41558	0.17927	0.40514
920 A	0.41570	0.17869	0.40561
921 T	0.41789	0.17456	0.40755
922 T	0.41894	0.17170	0.40936
923 C	0.41735	0.17222	0.41043
924 A	0.41768	0.17118	0.41114
925 C	0.42238	0.16478	0.41284
926 G	0.42820	0.15853	0.41327
927 T	0.44825	0.13813	0.41362
928 C	0.45912	0.12758	0.4133
929 A	0.47275	0.11559	0.41165
930 T	0.49833	0.09108	0.41059
931 T	0.50354	0.08357	0.4129
932 T	0.50567	0.08086	0.41347
933 A	0.50748	0.07725	0.41528
934 T	0.51125	0.06146	0.42728
935 C	0.51262	0.04846	0.43892
936 T	0.51971	0.04005	0.44025
937 C	0.52346	0.03868	0.43787
938 T	0.52592	0.04445	0.42962
939 T	0.52323	0.07088	0.40589
940 A	0.51819	0.11050	0.3713
941 A	0.50888	0.14501	0.34611
942 A	0.48151	0.19510	0.32339
943 A	0.47618	0.22949	0.29433
944 A	0.47298	0.24665	0.28037
945 A	0.46686	0.25577	0.27737
946 G	0.46254	0.26104	0.27643
947 A	0.45793	0.27040	0.27167
948 A	0.43862	0.29856	0.26282
949 G	0.43060	0.31148	0.25792
950 G	0.42640	0.31973	0.25387
951 A	0.42511	0.32218	0.25271
952 G	0.42549	0.32170	0.25281
953 A	0.42632	0.32082	0.25286
954 A	0.42666	0.32009	0.25325
955 C	0.42756	0.31840	0.25405
956 C	0.42795	0.31765	0.2544
957 A	0.42888	0.31664	0.25447
958 C	0.43186	0.31336	0.25478
959 C	0.43807	0.30706	0.25488
960 T	0.44549	0.29961	0.25489
961 A	0.45297	0.29197	0.25506
962 C	0.47466	0.26809	0.25725
963 A	0.50435	0.23721	0.25844
964 A	0.52760	0.20724	0.26517
965 C	0.55124	0.15444	0.29432
966 T	0.58446	0.11744	0.2981
967 T	0.59873	0.10422	0.29706
968 T	0.60240	0.10375	0.29385
969 A	0.60193	0.10912	0.28895
970 A	0.60521	0.10364	0.29115
971 T	0.61406	0.07112	0.31483
972 T	0.61816	0.05752	0.32433
973 G	0.61976	0.05094	0.3293
974 A	0.62036	0.05160	0.32804
975 T	0.62055	0.05090	0.32855
976 T	0.62050	0.05314	0.32637
977 A	0.62017	0.05347	0.32636
978 T	0.61993	0.05374	0.32632
979 T	0.61960	0.05466	0.32574
980 T	0.61926	0.05602	0.32471
981 C	0.61738	0.05955	0.32307
982 G	0.61542	0.06518	0.31939
983 G	0.61436	0.06877	0.31687
984 A	0.61349	0.07566	0.31085
985 A	0.61046	0.09131	0.29823
986 A	0.61004	0.09495	0.29501
987 A	0.61063	0.09668	0.29269
988 A	0.61210	0.09668	0.29122
989 A	0.61504	0.09482	0.29014
990 T	0.62102	0.08850	0.29048
991 T	0.62880	0.08060	0.29059
992 T	0.63489	0.07333	0.29178
993 T	0.63630	0.07232	0.29138
994 T	0.63706	0.07149	0.29145
995 T	0.63738	0.07117	0.29145
996 G	0.63724	0.07149	0.29128
997 A	0.63927	0.06994	0.29079
998 C	0.64102	0.06782	0.29116
999 T	0.64409	0.06492	0.29099
1000 A	0.64456	0.06490	0.29054
1001 T	0.64592	0.06349	0.29059
1002 C	0.64681	0.06266	0.29053
1003 A	0.64823	0.06206	0.28971
1004 T	0.65120	0.05770	0.29109
1005 T	0.65473	0.05311	0.29216
1006 G	0.65612	0.05197	0.29192
1007 A	0.66046	0.04778	0.29177
1008 T	0.67170	0.03381	0.29448
1009 G	0.67389	0.03101	0.2951
1010 A	0.67632	0.02857	0.29511
1011 A	0.67849	0.02622	0.29529
1012 T	0.68121	0.02326	0.29554
1013 C	0.68085	0.02348	0.29567
1014 T	0.67908	0.02535	0.29558
1015 C	0.67518	0.02950	0.29532
1016 A	0.67173	0.03420	0.29407
1017 T	0.66876	0.03926	0.29199
1018 G	0.66278	0.04599	0.29123
1019 T	0.65870	0.05053	0.29077
1020 T	0.64433	0.06613	0.28954
1021 A	0.62814	0.08277	0.28908
1022 C	0.62130	0.09037	0.28833
1023 T	0.61899	0.09290	0.2881
1024 A	0.61219	0.09974	0.28807
1025 T	0.60995	0.10181	0.28824
1026 T	0.60648	0.10514	0.28838
1027 C	0.60185	0.10976	0.28839
1028 C	0.59264	0.11888	0.28848
1029 T	0.58509	0.12684	0.28807
1030 C	0.57374	0.13911	0.28715
1031 A	0.56569	0.14898	0.28533
1032 A	0.54865	0.16811	0.28324
1033 A	0.52676	0.19287	0.28037
1034 T	0.51597	0.20428	0.27975
1035 A	0.48742	0.23335	0.27924
1036 A	0.46581	0.25330	0.28089
1037 A	0.45730	0.25754	0.28516
1038 A	0.45265	0.25623	0.29112
1039 G	0.45216	0.25010	0.29774
1040 G	0.45326	0.24408	0.30266
1041 A	0.45379	0.23704	0.30918
1042 A	0.45499	0.22890	0.31611
1043 T	0.45647	0.21178	0.33176
1044 G	0.45636	0.19708	0.34657
1045 C	0.45703	0.18949	0.35348
1046 A	0.45697	0.18771	0.35533
1047 T	0.45673	0.18237	0.3609
1048 G	0.45526	0.18074	0.36399
1049 C	0.45430	0.17812	0.36759
1050 T	0.45239	0.18481	0.36281
1051 G	0.44335	0.19613	0.36051
1052 G	0.44095	0.20488	0.35417
1053 T	0.44098	0.20579	0.35324
1054 A	0.44019	0.21053	0.34928
1055 A	0.44063	0.19600	0.36337
1056 T	0.44243	0.17168	0.38588
1057 T	0.44149	0.16012	0.39838
1058 A	0.43725	0.14007	0.42267
1059 T	0.43324	0.12641	0.44034
1060 T	0.42016	0.13721	0.44263
1061 C	0.39487	0.16788	0.43725
1062 A	0.37656	0.21606	0.40738
1063 A	0.35436	0.26864	0.377
1064 G	0.33974	0.30045	0.35981
1065 A	0.33221	0.34236	0.32543
1066 A	0.32716	0.36749	0.30534
1067 A	0.31614	0.40709	0.27678
1068 A	0.31157	0.42168	0.26675
1069 A	0.30919	0.43023	0.26059
1070 A	0.31005	0.43209	0.25785
1071 A	0.31333	0.42818	0.25848
1072 A	0.31779	0.42302	0.25918
1073 A	0.32861	0.40972	0.26168
1074 T	0.34654	0.38267	0.27079
1075 T	0.35828	0.36853	0.27318
1076 T	0.36444	0.36189	0.27368
1077 A	0.36770	0.35845	0.27385
1078 A	0.37018	0.35523	0.27459
1079 T	0.37223	0.35088	0.27689
1080 A	0.37256	0.34712	0.28031
1081 G	0.37438	0.33752	0.2881
1082 A	0.37866	0.32539	0.29595
1083 A	0.38572	0.30152	0.31276
1084 C	0.39808	0.26369	0.33824
1085 A	0.42837	0.22118	0.35046
1086 T	0.46268	0.16970	0.36763
1087 G	0.47847	0.14220	0.37933
1088 G	0.50940	0.10640	0.3842
1089 A	0.52793	0.08441	0.38766
1090 T	0.55944	0.04073	0.39982
1091 T	0.56862	0.02670	0.40468
1092 T	0.57348	0.01897	0.40755
1093 C	0.57397	0.01971	0.40631
1094 G	0.57318	0.02251	0.40431
1095 T	0.57316	0.02319	0.40366
1096 T	0.57165	0.02487	0.40347
1097 T	0.56720	0.03002	0.40277
1098 G	0.56195	0.03751	0.40054
1099 C	0.56066	0.04134	0.398
1100 C	0.56018	0.04654	0.39328
1101 T	0.56040	0.05536	0.38423
1102 A	0.55968	0.05750	0.38282
1103 G	0.55926	0.05839	0.38236
1104 T	0.55751	0.06133	0.38117
1105 A	0.55601	0.06411	0.37988
1106 C	0.55434	0.06539	0.38027
1107 T	0.55345	0.06692	0.37964
1108 T	0.55092	0.06994	0.37913
1109 T	0.54633	0.07517	0.3785
1110 A	0.52144	0.10068	0.37788
1111 G	0.51653	0.10611	0.37737
1112 A	0.51527	0.10762	0.37712
1113 T	0.51465	0.10829	0.37706
1114 A	0.51236	0.11082	0.37682
1115 A	0.51158	0.11157	0.37685
1116 T	0.51212	0.10953	0.37835
1117 A	0.51172	0.10795	0.38033
1118 G	0.51183	0.10562	0.38254
1119 A	0.51227	0.10291	0.38482
1120 C	0.51393	0.09594	0.39012
1121 C	0.51786	0.08759	0.39455
1122 T	0.52245	0.08159	0.39596
1123 C	0.52689	0.07628	0.39684
1124 T	0.53369	0.06931	0.397
1125 T	0.53428	0.06858	0.39715
1126 A	0.53372	0.06875	0.39753
1127 C	0.53400	0.06522	0.40078
1128 T	0.53482	0.06347	0.40171
1129 T	0.53451	0.06028	0.40521
1130 T	0.53384	0.05862	0.40754
1131 T	0.53098	0.05847	0.41054
1132 T	0.52089	0.06592	0.4132
1133 C	0.50301	0.05980	0.43719
1134 T	0.48857	0.07976	0.43167
1135 G	0.46309	0.12175	0.41517
1136 A	0.44628	0.16957	0.38415
1137 A	0.43639	0.21280	0.35082
1138 T	0.42970	0.24323	0.32707
1139 T	0.41849	0.27063	0.31089
1140 T	0.39877	0.31569	0.28554
1141 G	0.37150	0.36557	0.26293
1142 A	0.35748	0.40282	0.2397
1143 A	0.35064	0.41990	0.22946
1144 A	0.34545	0.43342	0.22112
1145 A	0.34309	0.43876	0.21815
1146 A	0.34141	0.44154	0.21704
1147 A	0.34058	0.44308	0.21635
1148 A	0.33958	0.44427	0.21615
1149 A	0.33941	0.44369	0.21691
1150 A	0.33958	0.44220	0.21822
1151 T	0.34052	0.43774	0.22173
1152 G	0.34074	0.43393	0.22534
1153 G	0.34151	0.42950	0.229
1154 A	0.34346	0.42426	0.23229
1155 T	0.34642	0.41118	0.2424
1156 A	0.34811	0.39550	0.2564
1157 A	0.35787	0.37241	0.26972
1158 A	0.37720	0.32968	0.29311
1159 G	0.41148	0.27399	0.31453
1160 T	0.45904	0.21184	0.32912
1161 T	0.49398	0.16507	0.34095
1162 A	0.51377	0.13643	0.3498
1163 T	0.53975	0.09667	0.36358
1164 T	0.55270	0.07347	0.37383
1165 T	0.55524	0.07646	0.3683
1166 A	0.54658	0.09268	0.36075
1167 T	0.54738	0.09682	0.3558
1168 T	0.53933	0.10573	0.35493
1169 T	0.51709	0.12853	0.35439
1170 A	0.46567	0.18128	0.35305
1171 T	0.42700	0.21909	0.35391
1172 C	0.37633	0.27063	0.35304
1173 A	0.32497	0.32631	0.34872
1174 G	0.30381	0.34774	0.34845
1175 C	0.28815	0.36371	0.34813
1176 T	0.27975	0.37244	0.34781
1177 A	0.26541	0.38692	0.34767
1178 C	0.25848	0.39385	0.34768
1179 T	0.25197	0.40050	0.34754
1180 C	0.23835	0.41431	0.34733
1181 C	0.22242	0.43106	0.34652
1182 A	0.21120	0.44585	0.34295
1183 G	0.19649	0.46607	0.33744
1184 G	0.18942	0.48081	0.32978
1185 A	0.18762	0.49472	0.31767
1186 A	0.18906	0.50003	0.31091
1187 A	0.19907	0.48760	0.31333
1188 T	0.21622	0.45894	0.32484
1189 T	0.22474	0.43450	0.34076
1190 A	0.22793	0.41950	0.35257
1191 T	0.22909	0.40384	0.36707
1192 G	0.22886	0.38302	0.38812
1193 A	0.22868	0.35224	0.41908
1194 A	0.22247	0.33124	0.44629
1195 A	0.21998	0.29539	0.48463
1196 T	0.22080	0.25434	0.52486
1197 A	0.21590	0.25829	0.52581
1198 G	0.21113	0.26697	0.52191
1199 A	0.20502	0.30934	0.48564
1200 T	0.20298	0.33249	0.46454
1201 A	0.19827	0.39361	0.40812
1202 A	0.19542	0.45549	0.34909
1203 A	0.19420	0.50584	0.29996
1204 A	0.19449	0.52433	0.28119
1205 A	0.19647	0.53173	0.2718
1206 A	0.20156	0.51419	0.28425
1207 A	0.20959	0.49714	0.29327
1208 T	0.22293	0.47701	0.30006
1209 T	0.22859	0.46663	0.30477
1210 C	0.22837	0.46476	0.30687
1211 C	0.22830	0.46631	0.30539
1212 T	0.22990	0.47741	0.29269
1213 A	0.23031	0.50280	0.26689
1214 T	0.23222	0.51504	0.25274
1215 A	0.23363	0.53784	0.22853
1216 A	0.23895	0.54779	0.21326
1217 T	0.24672	0.54029	0.21299
1218 A	0.24857	0.53559	0.21584
1219 G	0.25313	0.52773	0.21914
1220 A	0.27147	0.50614	0.22239
1221 A	0.29728	0.47663	0.22609
1222 C	0.34728	0.42087	0.23185
1223 A	0.38593	0.38261	0.23146
1224 A	0.44788	0.31858	0.23355
1225 A	0.51208	0.25273	0.23519
1226 T	0.57004	0.19426	0.23569
1227 T	0.59609	0.16875	0.23516
1228 A	0.60217	0.16286	0.23496
1229 T	0.60220	0.16247	0.23533
1230 T	0.59919	0.16522	0.23559
1231 A	0.59478	0.16949	0.23573
1232 G	0.59408	0.16888	0.23704
1233 A	0.59568	0.16498	0.23934
1234 C	0.59993	0.15861	0.24146
1235 C	0.61503	0.14305	0.24192
1236 T	0.63935	0.11964	0.241
1237 A	0.64798	0.11150	0.24053
1238 C	0.66854	0.08992	0.24154
1239 T	0.68279	0.07616	0.24105
1240 T	0.68741	0.07199	0.24059
1241 T	0.68668	0.07137	0.24195
1242 C	0.68503	0.07282	0.24215
1243 A	0.68486	0.07494	0.2402
1244 T	0.68527	0.07375	0.24098
1245 T	0.68303	0.07796	0.23902
1246 T	0.68126	0.08317	0.23558
1247 T	0.67746	0.09867	0.22387
1248 A	0.67398	0.10408	0.22194
1249 G	0.67355	0.10248	0.22397
1250 A	0.67384	0.10006	0.22611
1251 T	0.67576	0.09052	0.23373
1252 C	0.67628	0.08635	0.23736
1253 C	0.67637	0.08447	0.23916
1254 G	0.67581	0.08588	0.23832
1255 A	0.67531	0.08976	0.23493
1256 T	0.67498	0.09188	0.23314
1257 A	0.67034	0.09959	0.23007
1258 A	0.66623	0.10769	0.22608
1259 T	0.65955	0.11189	0.22856
1260 A	0.65289	0.11960	0.22752
1261 G	0.64807	0.12708	0.22485
1262 A	0.64422	0.13903	0.21675
1263 A	0.64086	0.15316	0.20598
1264 T	0.63976	0.15805	0.20219
1265 T	0.61067	0.19099	0.19834
1266 A	0.54256	0.25936	0.19809
1267 A	0.48921	0.31162	0.19917
1268 G	0.44880	0.34872	0.20248
1269 A	0.42034	0.37622	0.20343
1270 C	0.41250	0.37995	0.20756
1271 C	0.40032	0.39123	0.20846
1272 T	0.38610	0.40556	0.20835
1273 A	0.35992	0.43253	0.20755
1274 C	0.33234	0.46055	0.2071
1275 T	0.31516	0.47841	0.20643
1276 C	0.26842	0.52575	0.20583
1277 A	0.23855	0.55752	0.20392
1278 A	0.22907	0.56694	0.20399
1279 A	0.22114	0.57470	0.20416
1280 A	0.21841	0.57410	0.2075
1281 T	0.22056	0.56878	0.21066
1282 C	0.21879	0.56139	0.21981
1283 A	0.22172	0.55444	0.22384
1284 A	0.22466	0.54771	0.22763
1285 A	0.23178	0.53555	0.23267
1286 T	0.24130	0.51918	0.23953
1287 T	0.23874	0.51688	0.24439
1288 G	0.22663	0.49500	0.27837
1289 A	0.22097	0.43783	0.34119
1290 A	0.21815	0.38600	0.39585
1291 G	0.21797	0.33994	0.44208
1292 A	0.22005	0.30452	0.47542
1293 T	0.22210	0.27879	0.49912
1294 T	0.22288	0.25671	0.52041
1295 T	0.22215	0.23918	0.53866
1296 A	0.22114	0.21865	0.56021
1297 T	0.22151	0.19179	0.5867
1298 A	0.22086	0.18084	0.5983
1299 T	0.22087	0.14025	0.63888
1300 T	0.22067	0.11620	0.66313
1301 T	0.21754	0.11699	0.66546
1302 G	0.18193	0.17553	0.64254
1303 G	0.15683	0.26388	0.5793
1304 A	0.12862	0.35672	0.51465
1305 A	0.10657	0.43108	0.46235
1306 A	0.09124	0.49740	0.41136
1307 T	0.08580	0.52327	0.39094
1308 A	0.07727	0.56907	0.35366
1309 A	0.06925	0.60616	0.3246
1310 A	0.06626	0.63693	0.29681
1311 A	0.06363	0.65686	0.27951
1312 A	0.06213	0.68438	0.25349
1313 G	0.05933	0.71543	0.22523
1314 T	0.05762	0.75862	0.18376
1315 A	0.05539	0.77223	0.17238
1316 G	0.05441	0.77775	0.16784
1317 A	0.05421	0.78014	0.16565
1318 G	0.05458	0.77974	0.16568
1319 C	0.05598	0.77864	0.16538
1320 A	0.05788	0.78343	0.15868
1321 G	0.06267	0.78116	0.15617
1322 A	0.06632	0.77966	0.15401
1323 A	0.07135	0.77555	0.1531
1324 A	0.08163	0.76510	0.15328
1325 A	0.10983	0.70420	0.18597
1326 A	0.17150	0.61954	0.20896
1327 A	0.22661	0.53672	0.23667
1328 A	0.27956	0.47128	0.24917
