# lcl|CP097583.1_cds_USQ93267.1_1
# AA	inside	membr	outside
1 A	0.43666	0.00000	0.56334
2 T	0.42736	0.00930	0.56334
3 G	0.42111	0.01555	0.56334
4 A	0.42111	0.05053	0.52836
5 T	0.38513	0.11175	0.50312
6 A	0.38513	0.12042	0.49445
7 G	0.29523	0.21535	0.48942
8 A	0.29523	0.21546	0.48931
9 A	0.29135	0.21996	0.48869
10 T	0.29133	0.24359	0.46508
11 A	0.28504	0.25184	0.46313
12 T	0.25013	0.28714	0.46273
13 G	0.19660	0.34220	0.4612
14 A	0.19660	0.34221	0.4612
15 A	0.19660	0.34875	0.45465
16 A	0.19630	0.34905	0.45465
17 T	0.19592	0.34951	0.45458
18 T	0.19587	0.34994	0.45419
19 A	0.19235	0.35408	0.45358
20 T	0.18178	0.37478	0.44344
21 A	0.13300	0.42330	0.44371
22 G	0.13150	0.42391	0.44459
23 A	0.13137	0.41914	0.44949
24 T	0.13307	0.41287	0.45406
25 G	0.13311	0.38924	0.47765
26 G	0.13498	0.37527	0.48975
27 C	0.16465	0.32062	0.51473
28 G	0.18502	0.27995	0.53503
29 A	0.19379	0.26913	0.53708
30 T	0.21130	0.21117	0.57753
31 T	0.21351	0.20985	0.57663
32 T	0.21379	0.20852	0.57769
33 A	0.21502	0.20157	0.58341
34 T	0.21332	0.21217	0.57451
35 T	0.21165	0.20686	0.5815
36 T	0.20615	0.23113	0.56272
37 A	0.19665	0.30180	0.50154
38 A	0.19109	0.35056	0.45835
39 A	0.18326	0.40456	0.41218
40 A	0.17667	0.42231	0.40103
41 A	0.17334	0.42657	0.40009
42 A	0.16215	0.43533	0.40253
43 A	0.16676	0.42051	0.41273
44 T	0.16523	0.38181	0.45296
45 G	0.16335	0.38252	0.45413
46 A	0.16228	0.38304	0.45468
47 T	0.16146	0.38324	0.4553
48 T	0.16030	0.38440	0.4553
49 A	0.15821	0.38760	0.4542
50 T	0.15797	0.38734	0.45469
51 A	0.15719	0.38756	0.45525
52 A	0.15693	0.38733	0.45574
53 A	0.15799	0.38456	0.45744
54 C	0.16168	0.37597	0.46235
55 G	0.16536	0.36858	0.46607
56 G	0.17843	0.34746	0.47411
57 C	0.21124	0.31039	0.47837
58 G	0.24473	0.27562	0.47966
59 C	0.30397	0.21340	0.48263
60 T	0.36591	0.14454	0.48954
61 T	0.40509	0.09969	0.49522
62 T	0.43060	0.07189	0.49751
63 T	0.43584	0.06613	0.49803
64 A	0.43455	0.06972	0.49572
65 A	0.42470	0.07631	0.499
66 T	0.41139	0.09484	0.49378
67 T	0.39366	0.11751	0.48883
68 T	0.36968	0.15681	0.47352
69 A	0.30841	0.24796	0.44363
70 A	0.24841	0.34526	0.40634
71 A	0.20171	0.40329	0.395
72 A	0.17594	0.44273	0.38134
73 A	0.12617	0.50895	0.36489
74 A	0.11081	0.53438	0.35481
75 A	0.10484	0.54080	0.35437
76 A	0.09978	0.54598	0.35424
77 A	0.09642	0.54870	0.35487
78 T	0.09420	0.55002	0.35578
79 C	0.08685	0.55710	0.35604
80 A	0.08069	0.56332	0.35599
81 C	0.07856	0.56561	0.35583
82 C	0.07699	0.56756	0.35545
83 A	0.07638	0.56879	0.35483
84 A	0.07697	0.56854	0.35448
85 A	0.07863	0.56693	0.35444
86 A	0.08333	0.56197	0.3547
87 A	0.08993	0.55252	0.35755
88 A	0.10504	0.51409	0.38087
89 T	0.12576	0.45415	0.42009
90 C	0.13601	0.40645	0.45753
91 A	0.15167	0.37246	0.47587
92 A	0.17768	0.30687	0.51546
93 T	0.21431	0.22703	0.55866
94 G	0.22288	0.18522	0.59191
95 A	0.23631	0.15452	0.60917
96 T	0.25376	0.08203	0.66421
97 T	0.26319	0.05556	0.68124
98 T	0.26430	0.04808	0.68762
99 A	0.26346	0.04641	0.69013
100 A	0.26327	0.04481	0.69192
101 A	0.26339	0.04204	0.69457
102 T	0.26415	0.03420	0.70165
103 G	0.26445	0.03038	0.70516
104 T	0.26527	0.02858	0.70616
105 T	0.26568	0.02724	0.70707
106 T	0.26606	0.02632	0.70762
107 T	0.26604	0.02618	0.70778
108 T	0.26574	0.02655	0.70771
109 C	0.26546	0.02695	0.70758
110 C	0.26538	0.02780	0.70683
111 T	0.26504	0.02854	0.70643
112 G	0.26472	0.02896	0.70632
113 T	0.26471	0.02901	0.70628
114 T	0.26460	0.02916	0.70624
115 C	0.26377	0.03009	0.70614
116 C	0.26341	0.03058	0.706
117 T	0.26252	0.03186	0.70562
118 G	0.26109	0.03356	0.70535
119 A	0.26117	0.03380	0.70503
120 T	0.26303	0.03222	0.70475
121 G	0.26418	0.03169	0.70412
122 G	0.26692	0.02856	0.70453
123 T	0.26962	0.02791	0.70247
124 G	0.26958	0.02801	0.70241
125 A	0.26958	0.02836	0.70206
126 T	0.27103	0.02721	0.70176
127 A	0.27107	0.02783	0.7011
128 C	0.27098	0.02785	0.70117
129 T	0.26859	0.03113	0.70027
130 G	0.26609	0.03364	0.70027
131 G	0.26523	0.03448	0.70028
132 T	0.26082	0.03899	0.70019
133 A	0.24959	0.05038	0.70003
134 C	0.24319	0.05639	0.70043
135 T	0.23903	0.06097	0.7
136 A	0.23263	0.06856	0.69881
137 A	0.22649	0.07552	0.698
138 T	0.22322	0.07820	0.69858
139 A	0.21481	0.08668	0.69851
140 T	0.20861	0.09161	0.69978
141 G	0.20001	0.09912	0.70086
142 C	0.19593	0.10312	0.70095
143 A	0.19311	0.10673	0.70016
144 A	0.19213	0.10801	0.69985
145 A	0.19232	0.10761	0.70007
146 T	0.19464	0.10481	0.70056
147 G	0.19406	0.10459	0.70135
148 A	0.19382	0.10388	0.7023
149 C	0.19402	0.10219	0.7038
150 T	0.19424	0.10448	0.70129
151 A	0.19380	0.10661	0.6996
152 T	0.19401	0.10411	0.70188
153 G	0.19352	0.10419	0.70229
154 A	0.19321	0.10616	0.70062
155 T	0.19316	0.10134	0.7055
156 G	0.19263	0.09093	0.71643
157 G	0.19240	0.08397	0.72363
158 A	0.19120	0.08441	0.72439
159 A	0.19112	0.08161	0.72726
160 G	0.19152	0.07657	0.73192
161 G	0.19156	0.07490	0.73354
162 A	0.19179	0.07308	0.73512
163 G	0.19211	0.07252	0.73537
164 T	0.19295	0.07710	0.72995
165 T	0.19320	0.10858	0.69822
166 A	0.19297	0.17239	0.63464
167 A	0.19294	0.19552	0.61154
168 A	0.19282	0.20766	0.59953
169 A	0.19282	0.21960	0.58759
170 A	0.19330	0.22302	0.58368
171 G	0.19465	0.22111	0.58425
172 A	0.19616	0.21946	0.58439
173 T	0.20122	0.21380	0.58499
174 T	0.20394	0.21066	0.58539
175 C	0.20477	0.20950	0.58572
176 A	0.20599	0.20859	0.58542
177 A	0.20769	0.20718	0.58512
178 T	0.20923	0.20567	0.5851
179 T	0.21019	0.20451	0.5853
180 A	0.21070	0.20425	0.58505
181 A	0.21300	0.20053	0.58647
182 T	0.21556	0.19679	0.58765
183 A	0.21657	0.19534	0.58809
184 A	0.22006	0.19148	0.58845
185 A	0.22854	0.18267	0.58879
186 C	0.23999	0.17083	0.58918
187 G	0.25313	0.15763	0.58924
188 A	0.29064	0.11995	0.58941
189 T	0.35803	0.05213	0.58984
190 T	0.37975	0.03005	0.59021
191 C	0.38834	0.02130	0.59036
192 T	0.39706	0.01256	0.59038
193 T	0.39903	0.01066	0.5903
194 C	0.39805	0.01171	0.59024
195 T	0.39704	0.01312	0.58985
196 A	0.39620	0.01425	0.58955
197 T	0.39588	0.01465	0.58948
198 T	0.39482	0.01592	0.58926
199 A	0.39379	0.01696	0.58924
200 T	0.39267	0.01770	0.58963
201 T	0.39076	0.01949	0.58976
202 A	0.38915	0.02111	0.58974
203 C	0.38902	0.02095	0.59003
204 A	0.38839	0.02248	0.58914
205 G	0.38811	0.02281	0.58908
206 T	0.38820	0.02262	0.58917
207 A	0.38797	0.02283	0.5892
208 A	0.38737	0.02339	0.58924
209 C	0.38689	0.02361	0.5895
210 T	0.38582	0.02464	0.58954
211 A	0.38476	0.02568	0.58956
212 A	0.38429	0.02614	0.58957
213 A	0.38417	0.02618	0.58965
214 G	0.38423	0.02588	0.58989
215 T	0.38461	0.02418	0.59121
216 T	0.38476	0.02289	0.59235
217 T	0.38464	0.02156	0.5938
218 T	0.38455	0.02031	0.59513
219 A	0.38420	0.01960	0.5962
220 G	0.38409	0.01814	0.59778
221 C	0.38424	0.01590	0.59986
222 T	0.38427	0.01476	0.60098
223 G	0.38418	0.01357	0.60226
224 A	0.38426	0.01245	0.60329
225 C	0.38432	0.01114	0.60454
226 G	0.38444	0.01082	0.60474
227 C	0.38529	0.00901	0.60571
228 T	0.38546	0.00881	0.60572
229 T	0.38541	0.00952	0.60507
230 T	0.38516	0.01023	0.60461
231 A	0.38440	0.01081	0.60479
232 T	0.38419	0.01072	0.6051
233 T	0.38384	0.01016	0.606
234 A	0.38294	0.01104	0.60603
235 A	0.38246	0.01205	0.60549
236 T	0.38204	0.01386	0.6041
237 G	0.38007	0.01902	0.60091
238 G	0.37895	0.02058	0.60047
239 G	0.37863	0.02110	0.60026
240 G	0.37834	0.02182	0.59984
241 T	0.37823	0.02230	0.59947
242 C	0.37798	0.02272	0.5993
243 T	0.37779	0.02367	0.59854
244 A	0.37746	0.02454	0.59801
245 A	0.37714	0.02528	0.59758
246 A	0.37694	0.02565	0.59742
247 G	0.37689	0.02593	0.59718
248 G	0.37688	0.02640	0.59672
249 A	0.37698	0.02714	0.59588
250 A	0.37711	0.02701	0.59587
251 A	0.37751	0.02656	0.59593
252 T	0.37841	0.02531	0.59629
253 T	0.37888	0.02432	0.59679
254 C	0.37883	0.02344	0.59774
255 G	0.37870	0.02340	0.5979
256 G	0.37899	0.02292	0.59809
257 G	0.37989	0.02159	0.59852
258 A	0.38100	0.02021	0.59879
259 G	0.38300	0.01787	0.59914
260 T	0.38681	0.01213	0.60106
261 T	0.38779	0.01011	0.60211
262 A	0.38837	0.00928	0.60235
263 T	0.38942	0.00809	0.6025
264 T	0.38988	0.00784	0.60228
265 T	0.39003	0.00751	0.60246
266 T	0.39006	0.00738	0.60256
267 A	0.38992	0.00729	0.60279
268 T	0.38986	0.00708	0.60305
269 C	0.38931	0.00746	0.60322
270 A	0.38902	0.00779	0.60319
271 C	0.38934	0.00750	0.60316
272 A	0.38955	0.00743	0.60301
273 A	0.38961	0.00742	0.60298
274 T	0.38977	0.00735	0.60287
275 T	0.38981	0.00737	0.60282
276 T	0.38965	0.00762	0.60273
277 T	0.38940	0.00749	0.60311
278 T	0.38916	0.00737	0.60347
279 T	0.38855	0.00784	0.60362
280 T	0.38257	0.01381	0.60362
281 C	0.37114	0.02524	0.60361
282 T	0.35749	0.03919	0.60332
283 G	0.33898	0.05815	0.60287
284 G	0.32923	0.06819	0.60258
285 A	0.32468	0.07277	0.60255
286 A	0.32233	0.07513	0.60254
287 T	0.32185	0.07531	0.60284
288 T	0.32122	0.07569	0.60309
289 C	0.32020	0.07627	0.60352
290 A	0.31966	0.07666	0.60368
291 T	0.31950	0.07666	0.60384
292 G	0.31908	0.07705	0.60386
293 A	0.31864	0.07730	0.60406
294 T	0.31823	0.07755	0.60423
295 T	0.31708	0.07817	0.60475
296 A	0.31540	0.07980	0.6048
297 C	0.31376	0.08129	0.60495
298 A	0.31170	0.08389	0.60441
299 T	0.31055	0.08485	0.6046
300 T	0.30679	0.08891	0.6043
301 G	0.29996	0.09635	0.60368
302 A	0.29727	0.09914	0.60359
303 T	0.29489	0.09292	0.61219
304 A	0.28998	0.08646	0.62355
305 A	0.28759	0.07494	0.63747
306 T	0.28676	0.06084	0.6524
307 T	0.28453	0.05503	0.66044
308 T	0.28026	0.05556	0.66418
309 G	0.27217	0.06193	0.6659
310 C	0.26574	0.06919	0.66507
311 A	0.25687	0.08353	0.65961
312 A	0.24994	0.10310	0.64697
313 A	0.24342	0.12831	0.62828
314 A	0.23931	0.15048	0.61021
315 G	0.23717	0.16356	0.59927
316 A	0.23572	0.17123	0.59305
317 A	0.23493	0.17521	0.58986
318 T	0.23459	0.17687	0.58854
319 A	0.23403	0.17826	0.58771
320 A	0.23387	0.17865	0.58748
321 A	0.23441	0.17649	0.5891
322 A	0.23502	0.17438	0.5906
323 T	0.23623	0.16897	0.59481
324 T	0.23725	0.16213	0.60062
325 A	0.23762	0.15969	0.6027
326 A	0.23800	0.15685	0.60515
327 T	0.23896	0.15038	0.61066
328 G	0.23928	0.14650	0.61422
329 T	0.23969	0.14328	0.61703
330 T	0.23980	0.14033	0.61988
331 G	0.23962	0.13716	0.62322
332 A	0.24014	0.13181	0.62806
333 A	0.24180	0.12512	0.63307
334 G	0.24680	0.11169	0.64151
335 A	0.26100	0.09173	0.64727
336 A	0.28409	0.06301	0.6529
337 T	0.30624	0.03681	0.65696
338 T	0.31632	0.02459	0.65909
339 T	0.32107	0.01856	0.66037
340 A	0.32284	0.01598	0.66118
341 T	0.32490	0.01311	0.66199
342 T	0.32601	0.01137	0.66261
343 T	0.32730	0.00967	0.66303
344 C	0.32786	0.00885	0.6633
345 T	0.32840	0.00857	0.66303
346 T	0.32804	0.00979	0.66218
347 C	0.31680	0.02236	0.66084
348 T	0.31015	0.03375	0.65609
349 T	0.30576	0.04331	0.65093
350 T	0.30138	0.05112	0.6475
351 G	0.29578	0.05954	0.64469
352 A	0.29155	0.06701	0.64144
353 T	0.29060	0.06871	0.64069
354 T	0.28366	0.07643	0.63992
355 A	0.25727	0.10554	0.63719
356 A	0.24016	0.12484	0.63499
357 T	0.23376	0.13280	0.63344
358 G	0.22857	0.14223	0.6292
359 G	0.22670	0.14546	0.62784
360 T	0.22656	0.14597	0.62747
361 T	0.22603	0.14680	0.62717
362 A	0.22426	0.14889	0.62685
363 C	0.22052	0.15294	0.62654
364 C	0.21793	0.15605	0.62601
365 A	0.21595	0.15892	0.62513
366 A	0.21433	0.16123	0.62444
367 A	0.21322	0.16239	0.62439
368 A	0.21311	0.16249	0.6244
369 A	0.21443	0.16036	0.6252
370 G	0.21714	0.14189	0.64097
371 C	0.22306	0.12649	0.65045
372 T	0.22924	0.11602	0.65474
373 T	0.23168	0.11126	0.65706
374 A	0.23227	0.10957	0.65817
375 T	0.23229	0.10729	0.66043
376 G	0.22681	0.11192	0.66128
377 A	0.21991	0.11176	0.66834
378 A	0.21580	0.09188	0.69232
379 G	0.21511	0.07649	0.7084
380 C	0.21342	0.07431	0.71227
381 A	0.21100	0.09405	0.69495
382 G	0.21107	0.11783	0.67109
383 T	0.21101	0.13338	0.65561
384 A	0.20922	0.16552	0.62526
385 A	0.20852	0.17912	0.61236
386 T	0.20861	0.18072	0.61067
387 T	0.20560	0.18287	0.61153
388 G	0.20138	0.18546	0.61317
389 A	0.19762	0.18828	0.6141
390 A	0.19180	0.19334	0.61485
391 C	0.19011	0.19473	0.61516
392 C	0.18862	0.19698	0.61441
393 A	0.18700	0.20167	0.61133
394 G	0.18657	0.20308	0.61036
395 T	0.18657	0.20441	0.60902
396 A	0.18554	0.20648	0.60798
397 G	0.18569	0.20610	0.60821
398 A	0.18632	0.20342	0.61027
399 A	0.18657	0.19735	0.61608
400 G	0.18827	0.18778	0.62394
401 G	0.19196	0.17790	0.63014
402 A	0.19663	0.17134	0.63203
403 A	0.20377	0.16198	0.63426
404 C	0.22679	0.13355	0.63966
405 T	0.25449	0.10619	0.63932
406 A	0.26746	0.09368	0.63885
407 T	0.29419	0.06585	0.63997
408 T	0.30459	0.05544	0.63997
409 T	0.30785	0.05165	0.6405
410 T	0.30808	0.04757	0.64436
411 A	0.30550	0.04579	0.6487
412 A	0.30422	0.04306	0.65271
413 C	0.30341	0.03808	0.65851
414 T	0.30418	0.03736	0.65846
415 G	0.30021	0.04433	0.65546
416 T	0.29703	0.05274	0.65023
417 T	0.27932	0.07923	0.64144
418 T	0.26188	0.10852	0.6296
419 T	0.23447	0.14334	0.6222
420 A	0.20571	0.18025	0.61404
421 A	0.19491	0.19435	0.61074
422 G	0.18818	0.20245	0.60937
423 A	0.17981	0.21227	0.60793
424 G	0.17261	0.21944	0.60796
425 A	0.16963	0.22271	0.60766
426 A	0.16834	0.22418	0.60748
427 T	0.16824	0.22466	0.60709
428 C	0.16627	0.22647	0.60727
429 T	0.16385	0.22908	0.60707
430 A	0.15662	0.23668	0.6067
431 T	0.15086	0.24198	0.60716
432 C	0.13954	0.25366	0.60681
433 G	0.12464	0.27172	0.60364
434 A	0.11248	0.28761	0.5999
435 A	0.10412	0.29891	0.59698
436 G	0.09830	0.30351	0.59819
437 A	0.09549	0.30751	0.597
438 A	0.09877	0.29716	0.60407
439 A	0.10613	0.27654	0.61733
440 C	0.11728	0.23116	0.65156
441 T	0.12957	0.20080	0.66963
442 G	0.13367	0.17972	0.68661
443 T	0.13749	0.17999	0.68252
444 T	0.12763	0.21656	0.65581
445 A	0.11578	0.27062	0.6136
446 A	0.10743	0.28793	0.60464
447 A	0.09822	0.30516	0.59662
448 A	0.09315	0.31417	0.59268
449 A	0.08923	0.32026	0.59051
450 A	0.08329	0.32665	0.59006
451 A	0.07519	0.33448	0.59033
452 A	0.07041	0.33757	0.59203
453 A	0.06163	0.33903	0.59935
454 G	0.05391	0.34275	0.60333
455 A	0.05193	0.34528	0.60279
456 A	0.05344	0.34631	0.60026
457 G	0.05783	0.34582	0.59636
458 A	0.06139	0.34648	0.59214
459 A	0.06247	0.35105	0.58649
460 A	0.06500	0.35137	0.58363
461 T	0.06919	0.34765	0.58316
462 T	0.07152	0.34829	0.58019
463 A	0.07212	0.34825	0.57963
464 A	0.07486	0.34485	0.58029
465 A	0.08064	0.33587	0.58349
466 A	0.09815	0.31276	0.58909
467 C	0.12973	0.26572	0.60455
468 T	0.17223	0.21974	0.60803
469 A	0.18293	0.21259	0.60449
470 T	0.19316	0.20112	0.60572
471 T	0.19242	0.20632	0.60126
472 A	0.17829	0.22410	0.59762
473 A	0.16763	0.23089	0.60147
474 G	0.15140	0.24104	0.60756
475 A	0.14645	0.24192	0.61163
476 A	0.14344	0.23596	0.6206
477 A	0.14378	0.22746	0.62876
478 G	0.14785	0.22266	0.62949
479 C	0.16031	0.21096	0.62873
480 T	0.17570	0.19680	0.62751
481 A	0.18177	0.19383	0.6244
482 T	0.19012	0.18649	0.62339
483 T	0.19283	0.18619	0.62098
484 C	0.19136	0.19254	0.6161
485 A	0.19002	0.21046	0.59951
486 A	0.17664	0.24345	0.5799
487 A	0.17070	0.25159	0.5777
488 T	0.17087	0.25183	0.5773
489 A	0.16840	0.25467	0.57693
490 A	0.16962	0.25038	0.58001
491 C	0.17532	0.23618	0.5885
492 T	0.18510	0.22311	0.59179
493 A	0.18808	0.21743	0.59449
494 T	0.19561	0.20490	0.59949
495 T	0.19950	0.19006	0.61044
496 G	0.19934	0.18379	0.61688
497 A	0.20038	0.16853	0.63109
498 A	0.20069	0.16290	0.63641
499 A	0.20159	0.15510	0.6433
500 A	0.20346	0.14599	0.65056
501 T	0.20698	0.13248	0.66054
502 G	0.20877	0.12892	0.66232
503 C	0.21089	0.12920	0.65991
504 T	0.21499	0.14845	0.63656
505 A	0.21677	0.17676	0.60647
506 A	0.21985	0.18967	0.59048
507 A	0.22548	0.19170	0.58282
508 A	0.24105	0.17553	0.58342
509 T	0.26066	0.13963	0.59971
510 T	0.26336	0.12991	0.60673
511 T	0.26390	0.12947	0.60663
512 C	0.26286	0.13422	0.60291
513 T	0.26170	0.14703	0.59127
514 T	0.25864	0.15783	0.58354
515 T	0.25279	0.16616	0.58105
516 A	0.24955	0.17323	0.57723
517 A	0.24844	0.17706	0.5745
518 A	0.24822	0.18010	0.57168
519 C	0.24898	0.18000	0.57102
520 A	0.25084	0.17829	0.57087
521 A	0.25419	0.17486	0.57096
522 A	0.25566	0.17313	0.5712
523 A	0.25891	0.16962	0.57147
524 C	0.26566	0.16258	0.57176
525 T	0.27947	0.14799	0.57254
526 C	0.29017	0.13679	0.57304
527 C	0.31379	0.11311	0.5731
528 T	0.33765	0.08997	0.57239
529 A	0.34556	0.08283	0.5716
530 A	0.35132	0.07764	0.57104
531 T	0.35603	0.07315	0.57082
532 T	0.35876	0.07066	0.57059
533 T	0.36132	0.06798	0.5707
534 A	0.36433	0.06409	0.57159
535 T	0.37116	0.05465	0.57418
536 T	0.37794	0.04549	0.57657
537 A	0.37141	0.04887	0.57972
538 C	0.36913	0.04564	0.58522
539 C	0.36749	0.04648	0.58603
540 T	0.36692	0.04930	0.58378
541 A	0.36664	0.05186	0.5815
542 T	0.36703	0.05234	0.58063
543 T	0.36438	0.05592	0.5797
544 T	0.35707	0.06435	0.57858
545 T	0.34139	0.08059	0.57802
546 A	0.31010	0.11318	0.57671
547 A	0.28504	0.14119	0.57377
548 A	0.26954	0.15731	0.57315
549 A	0.26419	0.16296	0.57285
550 A	0.26158	0.16524	0.57319
551 A	0.26155	0.16473	0.57372
552 A	0.26195	0.16326	0.57479
553 T	0.26244	0.16193	0.57562
554 C	0.26239	0.16172	0.57589
555 A	0.26251	0.16264	0.57485
556 A	0.26302	0.16316	0.57382
557 A	0.26316	0.16279	0.57405
558 A	0.26330	0.16235	0.57436
559 G	0.26391	0.16073	0.57536
560 T	0.26514	0.14876	0.58611
561 A	0.26596	0.14330	0.59074
562 G	0.26738	0.13567	0.59694
563 T	0.27017	0.12842	0.60142
564 T	0.27199	0.12390	0.6041
565 G	0.27241	0.12044	0.60714
566 A	0.27320	0.11520	0.6116
567 T	0.27431	0.10380	0.62189
568 A	0.27458	0.08761	0.6378
569 G	0.27547	0.05904	0.66549
570 T	0.27789	0.03551	0.6866
571 G	0.27818	0.02248	0.69934
572 G	0.27841	0.01763	0.70396
573 C	0.27849	0.01520	0.70631
574 G	0.27857	0.01466	0.70676
575 G	0.27875	0.01418	0.70707
576 G	0.27908	0.01369	0.70723
577 G	0.27961	0.01300	0.70739
578 C	0.28106	0.01158	0.70736
579 T	0.28296	0.01075	0.70629
580 G	0.28377	0.01142	0.7048
581 G	0.28460	0.01389	0.70151
582 T	0.28559	0.01834	0.69606
583 T	0.28617	0.02564	0.68819
584 T	0.28673	0.03376	0.67952
585 T	0.28713	0.03823	0.67464
586 A	0.28751	0.04028	0.6722
587 T	0.28844	0.04093	0.67063
588 T	0.28902	0.04206	0.66892
589 T	0.28925	0.04308	0.66767
590 T	0.28902	0.04516	0.66583
591 T	0.28859	0.04672	0.66469
592 A	0.28712	0.04972	0.66316
593 T	0.28632	0.05112	0.66256
594 T	0.28555	0.05270	0.66175
595 T	0.28433	0.05465	0.66102
596 T	0.28176	0.05833	0.6599
597 A	0.27726	0.06489	0.65785
598 G	0.27359	0.07131	0.65509
599 A	0.26706	0.08009	0.65286
600 A	0.26249	0.08708	0.65044
601 G	0.26022	0.09139	0.64839
602 G	0.26037	0.09230	0.64732
603 A	0.26223	0.09229	0.64548
604 A	0.26692	0.08860	0.64448
605 T	0.27435	0.08150	0.64414
606 G	0.28164	0.07470	0.64367
607 T	0.29012	0.06704	0.64284
608 T	0.29381	0.06436	0.64184
609 A	0.29502	0.06393	0.64105
610 T	0.29635	0.06297	0.64068
611 T	0.29716	0.06264	0.6402
612 A	0.29721	0.06251	0.64028
613 T	0.29828	0.06098	0.64074
614 A	0.29746	0.06140	0.64113
615 T	0.29686	0.06027	0.64287
616 C	0.29125	0.06492	0.64384
617 T	0.28801	0.06831	0.64368
618 A	0.28106	0.07647	0.64246
619 G	0.27608	0.08158	0.64234
620 A	0.27561	0.08092	0.64348
621 T	0.27758	0.07732	0.6451
622 A	0.27746	0.07349	0.64904
623 A	0.27901	0.06837	0.65262
624 T	0.28069	0.06488	0.65443
625 G	0.28014	0.06533	0.65452
626 T	0.28086	0.06495	0.65418
627 T	0.28100	0.06626	0.65274
628 G	0.28031	0.07008	0.64961
629 A	0.27982	0.07616	0.64402
630 A	0.28011	0.08234	0.63756
631 T	0.28052	0.09173	0.62775
632 T	0.27709	0.10213	0.62078
633 A	0.26996	0.11523	0.61482
634 G	0.26683	0.12157	0.6116
635 A	0.26546	0.12484	0.6097
636 A	0.26438	0.12681	0.60881
637 A	0.26391	0.12623	0.60986
638 A	0.26460	0.12275	0.61265
639 T	0.26596	0.11458	0.61947
640 G	0.26673	0.10982	0.62346
641 A	0.26841	0.10253	0.62906
642 T	0.27040	0.09572	0.63388
643 G	0.27118	0.09361	0.63522
644 A	0.27182	0.09351	0.63466
645 T	0.27461	0.08864	0.63675
646 G	0.27562	0.08642	0.63797
647 T	0.27720	0.08413	0.63867
648 T	0.27821	0.08255	0.63924
649 C	0.27662	0.08424	0.63914
650 A	0.27686	0.08583	0.6373
651 A	0.27950	0.08469	0.6358
652 G	0.28459	0.08026	0.63514
653 A	0.29286	0.07280	0.63434
654 T	0.30642	0.05932	0.63426
655 T	0.31418	0.04900	0.63682
656 T	0.31808	0.04008	0.64184
657 T	0.31788	0.03986	0.64226
658 G	0.31628	0.04281	0.64091
659 A	0.31567	0.04458	0.63975
660 T	0.31593	0.04489	0.63917
661 T	0.31479	0.04793	0.63729
662 T	0.31218	0.05169	0.63612
663 A	0.30793	0.05774	0.63433
664 A	0.30573	0.06502	0.62925
665 A	0.29867	0.07857	0.62276
666 A	0.29472	0.08647	0.61882
667 T	0.29453	0.08789	0.61758
668 T	0.29067	0.09401	0.61532
669 G	0.28369	0.10162	0.61469
670 A	0.28093	0.10681	0.61227
671 A	0.28024	0.10750	0.61225
672 T	0.28047	0.10553	0.614
673 C	0.27906	0.10706	0.61388
674 A	0.27961	0.10786	0.61253
675 T	0.28100	0.10710	0.61189
676 G	0.28167	0.10707	0.61126
677 A	0.28266	0.10660	0.61074
678 T	0.28575	0.10341	0.61084
679 A	0.28822	0.09993	0.61185
680 T	0.29143	0.09401	0.61456
681 T	0.29331	0.08951	0.61718
682 C	0.28883	0.09272	0.61845
683 A	0.28589	0.09692	0.61719
684 T	0.28646	0.09680	0.61674
685 G	0.28328	0.10173	0.615
686 A	0.28250	0.10577	0.61173
687 A	0.28598	0.10263	0.6114
688 G	0.29197	0.09075	0.61729
689 T	0.29468	0.08489	0.62043
690 A	0.29072	0.08822	0.62107
691 A	0.28972	0.08602	0.62426
692 G	0.28948	0.08059	0.62994
693 T	0.29158	0.07800	0.63042
694 G	0.29172	0.08026	0.62802
695 A	0.29234	0.08057	0.62709
696 T	0.29363	0.07786	0.6285
697 T	0.29402	0.08127	0.62472
698 T	0.29137	0.09148	0.61716
699 C	0.27013	0.11858	0.61129
700 A	0.25501	0.14881	0.59618
701 A	0.24866	0.16398	0.58737
702 A	0.24397	0.16999	0.58604
703 A	0.24079	0.17334	0.58587
704 A	0.24023	0.17349	0.58628
705 T	0.24128	0.16542	0.59329
706 C	0.24169	0.16085	0.59747
707 A	0.24289	0.15877	0.59835
708 G	0.24599	0.15293	0.60107
709 T	0.25195	0.14601	0.60205
710 A	0.25319	0.14486	0.60195
711 T	0.25576	0.14195	0.6023
712 T	0.25723	0.13778	0.60499
713 G	0.25635	0.13337	0.61028
714 T	0.25581	0.13122	0.61297
715 A	0.25043	0.13605	0.61352
716 C	0.24916	0.13643	0.61441
717 A	0.24867	0.14065	0.61069
718 G	0.24808	0.14362	0.6083
719 A	0.24959	0.14429	0.60612
720 A	0.25746	0.13629	0.60625
721 T	0.26957	0.12133	0.6091
722 T	0.27598	0.09384	0.63018
723 T	0.28445	0.07219	0.64336
724 A	0.28538	0.06919	0.64543
725 T	0.28534	0.06853	0.64613
726 T	0.28211	0.08066	0.63723
727 A	0.27031	0.11003	0.61965
728 T	0.25586	0.13672	0.60743
729 T	0.23881	0.16073	0.60046
730 A	0.22236	0.18510	0.59254
731 A	0.21035	0.20665	0.583
732 A	0.20393	0.21817	0.57791
733 T	0.19968	0.22462	0.5757
734 T	0.19623	0.23077	0.573
735 A	0.18819	0.24421	0.5676
736 A	0.18499	0.25139	0.56362
737 A	0.18428	0.25198	0.56374
738 T	0.18456	0.24738	0.56805
739 A	0.18439	0.24707	0.56854
740 A	0.18851	0.24018	0.5713
741 T	0.19191	0.23405	0.57403
742 T	0.19297	0.23335	0.57367
743 T	0.19206	0.23459	0.57336
744 A	0.19050	0.23659	0.57291
745 G	0.19007	0.23673	0.57321
746 A	0.19058	0.23461	0.5748
747 T	0.19562	0.22633	0.57805
748 A	0.20024	0.22061	0.57916
749 A	0.21450	0.20229	0.58321
750 A	0.23408	0.16988	0.59604
751 T	0.25099	0.13300	0.61601
752 T	0.25769	0.11198	0.63033
753 T	0.26310	0.09609	0.64081
754 G	0.26658	0.09075	0.64267
755 A	0.26946	0.09647	0.63406
756 T	0.27139	0.10294	0.62566
757 A	0.27108	0.11062	0.6183
758 T	0.27285	0.11059	0.61656
759 T	0.26138	0.13446	0.60416
760 A	0.23241	0.18591	0.58169
761 A	0.21560	0.21299	0.5714
762 T	0.20858	0.22461	0.5668
763 A	0.19665	0.24350	0.55985
764 A	0.19377	0.24921	0.55702
765 T	0.19378	0.24910	0.55712
766 T	0.18899	0.25548	0.55554
767 A	0.17824	0.26937	0.55238
768 T	0.17042	0.28021	0.54937
769 A	0.15422	0.30306	0.54272
770 A	0.13881	0.32593	0.53526
771 A	0.13256	0.33318	0.53427
772 A	0.12700	0.34102	0.53198
773 A	0.12236	0.34593	0.53171
774 A	0.12098	0.34699	0.53204
775 C	0.12407	0.34298	0.53295
776 A	0.12668	0.34037	0.53295
777 A	0.13361	0.33232	0.53407
778 A	0.14859	0.31588	0.53553
779 T	0.16628	0.29606	0.53766
780 G	0.17639	0.28275	0.54085
781 A	0.18572	0.26543	0.54884
782 G	0.19973	0.23145	0.56882
783 T	0.22225	0.17993	0.59783
784 T	0.22955	0.15657	0.61388
785 G	0.23220	0.14496	0.62283
786 T	0.23758	0.12943	0.633
787 T	0.23929	0.12289	0.63781
788 A	0.23802	0.12130	0.64067
789 T	0.23839	0.11342	0.64819
790 G	0.23748	0.10355	0.65898
791 G	0.23824	0.09477	0.66699
792 A	0.24312	0.08175	0.67514
793 G	0.24900	0.06377	0.68724
794 A	0.25035	0.05802	0.69164
795 T	0.25397	0.04876	0.69727
796 T	0.25458	0.04424	0.70118
797 C	0.25393	0.04361	0.70247
798 T	0.25356	0.04906	0.69738
799 T	0.25262	0.06016	0.68723
800 T	0.25175	0.06780	0.68044
801 A	0.24984	0.07571	0.67445
802 A	0.24891	0.08078	0.67031
803 T	0.24840	0.08268	0.66892
804 T	0.24793	0.08463	0.66743
805 T	0.24754	0.08627	0.66619
806 T	0.24681	0.08978	0.66341
807 A	0.24530	0.09886	0.65583
808 T	0.24412	0.10593	0.64996
809 T	0.24081	0.12692	0.63228
810 T	0.23172	0.17147	0.59682
811 A	0.21799	0.21422	0.5678
812 A	0.21272	0.23559	0.55169
813 A	0.21088	0.24576	0.54337
814 A	0.21088	0.25091	0.5382
815 A	0.21456	0.24911	0.53633
816 T	0.21648	0.24910	0.53442
817 A	0.21761	0.25063	0.53177
818 A	0.21967	0.24979	0.53053
819 T	0.22331	0.24601	0.53067
820 G	0.22553	0.24441	0.53006
821 A	0.23112	0.23936	0.52952
822 T	0.24396	0.22657	0.52948
823 T	0.25014	0.22227	0.52758
824 T	0.25405	0.21929	0.52665
825 A	0.25602	0.22059	0.52338
826 T	0.25805	0.22240	0.51955
827 T	0.25900	0.22395	0.51706
828 A	0.25147	0.23632	0.51221
829 A	0.24905	0.24327	0.50767
830 A	0.25558	0.23682	0.50759
831 A	0.26439	0.22534	0.51027
832 A	0.28657	0.19854	0.5149
833 T	0.32901	0.14573	0.52526
834 T	0.35596	0.10763	0.53641
835 C	0.36947	0.09233	0.5382
836 A	0.37656	0.09107	0.53236
837 T	0.38111	0.08767	0.53122
838 A	0.37548	0.09578	0.52874
839 T	0.37405	0.09781	0.52814
840 T	0.36946	0.10342	0.52711
841 C	0.35752	0.11530	0.52718
842 A	0.34919	0.12450	0.5263
843 T	0.34624	0.12798	0.52578
844 A	0.33592	0.13868	0.52539
845 C	0.33051	0.14425	0.52524
846 T	0.32671	0.14931	0.52397
847 A	0.30269	0.17708	0.52022
848 A	0.29867	0.18620	0.51513
849 T	0.29739	0.18794	0.51467
850 A	0.28475	0.20027	0.51498
851 A	0.27798	0.19876	0.52326
852 T	0.26691	0.20421	0.52888
853 C	0.24850	0.22001	0.53149
854 C	0.23764	0.23056	0.53181
855 G	0.22997	0.23901	0.53102
856 A	0.22672	0.24285	0.53044
857 A	0.22358	0.24618	0.53024
858 T	0.22382	0.24580	0.53039
859 G	0.22634	0.24205	0.53162
860 A	0.22737	0.23773	0.5349
861 T	0.22984	0.22419	0.54597
862 G	0.23017	0.21567	0.55416
863 T	0.23110	0.20656	0.56234
864 T	0.23129	0.19467	0.57404
865 T	0.23145	0.18924	0.57931
866 T	0.23000	0.18762	0.58239
867 A	0.22471	0.18837	0.58692
868 A	0.21953	0.19070	0.58978
869 A	0.21711	0.18853	0.59436
870 G	0.21842	0.16033	0.62125
871 A	0.22228	0.14901	0.6287
872 A	0.22318	0.14055	0.63627
873 T	0.22414	0.12396	0.6519
874 T	0.22472	0.11312	0.66216
875 T	0.22461	0.09930	0.6761
876 A	0.22311	0.09692	0.67997
877 T	0.22198	0.09581	0.6822
878 T	0.21990	0.10302	0.67709
879 A	0.21672	0.10507	0.67821
880 A	0.21607	0.10241	0.68153
881 T	0.21563	0.10147	0.68291
882 T	0.21298	0.10521	0.68181
883 C	0.20760	0.11719	0.67521
884 A	0.20426	0.16556	0.63018
885 T	0.19511	0.20625	0.59864
886 G	0.17938	0.24278	0.57783
887 G	0.16932	0.27518	0.5555
888 T	0.16850	0.29754	0.53397
889 A	0.16446	0.34777	0.48777
890 A	0.16328	0.35639	0.48033
891 A	0.16474	0.36063	0.47463
892 T	0.16691	0.36387	0.46922
893 T	0.16720	0.36612	0.46667
894 G	0.16530	0.37533	0.45938
895 A	0.16509	0.38174	0.45317
896 T	0.16693	0.38297	0.4501
897 A	0.16649	0.38689	0.44662
898 A	0.16982	0.38358	0.44659
899 A	0.17827	0.37422	0.4475
900 A	0.18446	0.36682	0.44873
901 T	0.19223	0.35668	0.45109
902 C	0.18930	0.35735	0.45334
903 A	0.18882	0.36266	0.44853
904 A	0.19091	0.36606	0.44303
905 A	0.19476	0.36657	0.43868
906 A	0.20755	0.35362	0.43883
907 A	0.26272	0.29901	0.43827
908 T	0.30921	0.24204	0.44875
909 T	0.33052	0.20594	0.46354
910 G	0.34330	0.18579	0.4709
911 A	0.35147	0.17852	0.47001
912 T	0.39308	0.13706	0.46986
913 G	0.39322	0.14412	0.46265
914 A	0.39771	0.15195	0.45034
915 T	0.38826	0.16597	0.44578
916 A	0.35287	0.20639	0.44073
917 T	0.33448	0.22746	0.43805
918 G	0.21579	0.35191	0.43231
919 A	0.15254	0.41927	0.4282
920 A	0.11066	0.46228	0.42706
921 A	0.08966	0.48243	0.42791
922 A	0.08542	0.48563	0.42895
923 A	0.08278	0.48723	0.42999
924 A	0.08303	0.48549	0.43148
925 C	0.08458	0.47922	0.43619
926 A	0.08939	0.47309	0.43752
927 A	0.09493	0.46664	0.43844
928 C	0.10174	0.45877	0.4395
929 A	0.10646	0.45374	0.4398
930 T	0.11223	0.44743	0.44034
931 T	0.11542	0.44298	0.4416
932 C	0.11638	0.44056	0.44306
933 T	0.11916	0.43653	0.44431
934 G	0.12051	0.43114	0.44835
935 A	0.12422	0.42458	0.4512
936 A	0.13432	0.40746	0.45822
937 T	0.15140	0.38258	0.46602
938 T	0.15774	0.33332	0.50893
939 T	0.16207	0.27848	0.55945
940 A	0.16250	0.24717	0.59033
941 T	0.16562	0.13244	0.70195
942 T	0.16555	0.08392	0.75053
943 G	0.15930	0.05774	0.78295
944 C	0.15581	0.04983	0.79436
945 T	0.15242	0.06190	0.78568
946 G	0.14612	0.07538	0.77849
947 G	0.14012	0.09767	0.76222
948 T	0.13692	0.12351	0.73956
949 A	0.13315	0.15299	0.71385
950 A	0.13165	0.18363	0.68472
951 T	0.13079	0.21656	0.65265
952 A	0.12887	0.28870	0.58243
953 A	0.12744	0.35736	0.51519
954 A	0.12440	0.38621	0.48939
955 A	0.12059	0.48050	0.3989
956 A	0.11765	0.50842	0.37392
957 T	0.11642	0.51573	0.36786
958 A	0.11446	0.52653	0.35901
959 A	0.11366	0.53049	0.35585
960 A	0.11312	0.53458	0.3523
961 G	0.11298	0.53549	0.35153
962 A	0.11367	0.53518	0.35115
963 A	0.11377	0.53466	0.35157
964 G	0.11481	0.53312	0.35207
965 A	0.11776	0.52916	0.35308
966 A	0.12303	0.51922	0.35776
967 T	0.13531	0.50224	0.36245
968 T	0.14710	0.48641	0.36649
969 A	0.15409	0.47424	0.37168
970 G	0.16888	0.45359	0.37753
971 C	0.18991	0.42999	0.38011
972 T	0.21573	0.40348	0.38079
973 A	0.23805	0.38149	0.38045
974 A	0.27160	0.34769	0.38071
975 A	0.34115	0.27714	0.38171
976 T	0.41081	0.20621	0.38298
977 A	0.43810	0.17497	0.38693
978 T	0.53464	0.07297	0.39239
979 T	0.55821	0.04549	0.3963
980 C	0.56435	0.03751	0.39814
981 T	0.57004	0.03087	0.39909
982 A	0.57241	0.02806	0.39954
983 T	0.57628	0.02362	0.40009
984 T	0.57810	0.02153	0.40037
985 A	0.57871	0.02072	0.40056
986 T	0.58079	0.01766	0.40155
987 T	0.58121	0.01679	0.402
988 A	0.58027	0.01761	0.40212
989 C	0.58072	0.01702	0.40226
990 T	0.58009	0.01832	0.40158
991 T	0.57867	0.02148	0.39985
992 T	0.57632	0.02618	0.3975
993 T	0.57273	0.03282	0.39446
994 G	0.56156	0.04495	0.39349
995 T	0.55069	0.05701	0.3923
996 T	0.52794	0.08169	0.39037
997 T	0.50148	0.11038	0.38815
998 C	0.44910	0.16486	0.38604
999 T	0.43455	0.18350	0.38195
1000 G	0.41932	0.20337	0.37732
1001 A	0.41434	0.21177	0.37389
1002 A	0.41232	0.21548	0.37221
1003 T	0.41097	0.21827	0.37076
1004 T	0.40926	0.22062	0.37012
1005 T	0.40312	0.22825	0.36862
1006 G	0.39753	0.23685	0.36562
1007 A	0.39481	0.24124	0.36395
1008 A	0.39325	0.24278	0.36397
1009 G	0.39244	0.24337	0.36419
1010 A	0.39212	0.24333	0.36454
1011 A	0.39128	0.24284	0.36588
1012 G	0.39039	0.24250	0.36711
1013 A	0.39037	0.24144	0.36819
1014 A	0.39176	0.23843	0.36981
1015 G	0.39369	0.23389	0.37242
1016 A	0.39616	0.22833	0.37551
1017 A	0.39751	0.21514	0.38735
1018 A	0.40010	0.19126	0.40864
1019 T	0.40548	0.15661	0.43792
1020 T	0.41017	0.12531	0.46452
1021 T	0.41339	0.08443	0.50218
1022 T	0.41521	0.08193	0.50286
1023 T	0.41549	0.08560	0.49891
1024 G	0.41480	0.08809	0.4971
1025 A	0.41377	0.09218	0.49406
1026 T	0.41464	0.09339	0.49198
1027 A	0.41347	0.10205	0.48448
1028 C	0.41477	0.09989	0.48534
1029 T	0.41561	0.10656	0.47783
1030 T	0.41279	0.12476	0.46245
1031 T	0.40638	0.14118	0.45245
1032 T	0.39205	0.16880	0.43915
1033 A	0.37502	0.19966	0.42532
1034 A	0.36658	0.21450	0.41891
1035 A	0.36079	0.23091	0.40831
1036 G	0.35944	0.23392	0.40663
1037 A	0.35938	0.23579	0.40483
1038 A	0.36073	0.23429	0.40498
1039 T	0.36273	0.23213	0.40514
1040 T	0.36263	0.23216	0.40522
1041 A	0.36195	0.23286	0.40519
1042 C	0.36237	0.23197	0.40566
1043 A	0.36351	0.23063	0.40586
1044 A	0.36630	0.22729	0.40641
1045 T	0.37751	0.21471	0.40777
1046 C	0.39053	0.20033	0.40914
1047 T	0.39723	0.19321	0.40956
1048 G	0.40188	0.18723	0.41089
1049 A	0.41089	0.17825	0.41086
1050 T	0.43057	0.15623	0.41319
1051 T	0.44210	0.14470	0.41321
1052 T	0.45106	0.13180	0.41714
1053 T	0.46121	0.12229	0.41651
1054 G	0.46254	0.12911	0.40835
1055 T	0.47038	0.11807	0.41155
1056 T	0.47489	0.11107	0.41404
1057 A	0.47196	0.12314	0.4049
1058 T	0.48003	0.11623	0.40374
1059 T	0.47855	0.12047	0.40098
1060 A	0.47678	0.12384	0.39938
1061 A	0.47519	0.12679	0.39802
1062 T	0.47417	0.12963	0.39619
1063 T	0.47232	0.13266	0.39502
1064 T	0.46777	0.14129	0.39094
1065 A	0.43803	0.18202	0.37995
1066 A	0.41298	0.21885	0.36817
1067 A	0.38376	0.26096	0.35528
1068 T	0.35457	0.30234	0.34309
1069 A	0.29362	0.38601	0.32037
1070 A	0.24817	0.44063	0.31119
1071 A	0.22642	0.46546	0.30813
1072 G	0.21198	0.48153	0.30649
1073 A	0.20730	0.48746	0.30524
1074 A	0.20858	0.48627	0.30516
1075 A	0.21406	0.48056	0.30537
1076 A	0.22896	0.46376	0.30728
1077 T	0.25700	0.43022	0.31278
1078 T	0.26739	0.41664	0.31596
1079 T	0.27078	0.40875	0.32047
1080 T	0.26945	0.40406	0.32649
1081 T	0.26306	0.40898	0.32795
1082 C	0.24460	0.42599	0.3294
1083 A	0.20817	0.46778	0.32405
1084 A	0.19203	0.48530	0.32266
1085 T	0.18593	0.49036	0.32372
1086 A	0.16504	0.51208	0.32288
1087 G	0.15464	0.52053	0.32484
1088 A	0.15875	0.49102	0.35023
1089 A	0.16709	0.45929	0.37363
1090 A	0.17923	0.41498	0.40579
1091 A	0.19310	0.36978	0.43712
1092 T	0.21753	0.29160	0.49087
1093 T	0.22521	0.24666	0.52812
1094 T	0.22606	0.23267	0.54127
1095 T	0.22299	0.23385	0.54316
1096 A	0.20892	0.26494	0.52614
1097 A	0.19948	0.28272	0.5178
1098 T	0.19447	0.29551	0.51001
1099 A	0.19010	0.31360	0.49629
1100 A	0.18786	0.32012	0.49202
1101 A	0.18656	0.32797	0.48547
1102 A	0.18647	0.33533	0.4782
1103 T	0.18788	0.33413	0.47799
1104 A	0.18068	0.36333	0.456
1105 A	0.17884	0.38200	0.43916
1106 T	0.18384	0.36444	0.45172
1107 T	0.18120	0.38443	0.43437
1108 A	0.17295	0.41084	0.41621
1109 A	0.16840	0.42371	0.40789
1110 T	0.16636	0.43757	0.39607
1111 A	0.16172	0.46512	0.37316
1112 A	0.15989	0.49479	0.34532
1113 A	0.16227	0.50613	0.33159
1114 G	0.16840	0.50521	0.32639
1115 T	0.17711	0.50839	0.3145
1116 T	0.18398	0.50822	0.3078
1117 A	0.18714	0.50428	0.30858
1118 A	0.19441	0.49368	0.31192
1119 T	0.21192	0.46257	0.32552
1120 G	0.21813	0.44743	0.33444
1121 C	0.22779	0.43357	0.33864
1122 T	0.24190	0.41981	0.3383
1123 A	0.24543	0.42286	0.33171
1124 A	0.25238	0.41863	0.32899
1125 A	0.26393	0.40950	0.32657
1126 A	0.27864	0.39712	0.32424
1127 A	0.31671	0.35212	0.33117
1128 T	0.36553	0.30115	0.33332
1129 A	0.38914	0.27956	0.3313
1130 T	0.42582	0.23777	0.3364
1131 A	0.44624	0.21204	0.34171
1132 G	0.46905	0.18604	0.3449
1133 T	0.49273	0.16867	0.3386
1134 A	0.51829	0.14770	0.33401
1135 T	0.55411	0.11383	0.33206
1136 T	0.56868	0.10865	0.32268
1137 A	0.57118	0.10910	0.31972
1138 T	0.57796	0.10208	0.31995
1139 T	0.58099	0.09866	0.32035
1140 T	0.57933	0.09989	0.32078
1141 C	0.57643	0.10335	0.32022
1142 C	0.57558	0.10546	0.31896
1143 T	0.57513	0.11002	0.31485
1144 A	0.56909	0.12021	0.31071
1145 A	0.55663	0.13422	0.30915
1146 T	0.52296	0.16808	0.30896
1147 G	0.46561	0.22525	0.30915
1148 A	0.44741	0.24266	0.30993
1149 A	0.43810	0.25124	0.31067
1150 C	0.42555	0.26292	0.31153
1151 C	0.42228	0.26603	0.31169
1152 T	0.42409	0.26488	0.31103
1153 A	0.41941	0.27166	0.30894
1154 A	0.41655	0.27661	0.30684
1155 A	0.41623	0.27883	0.30495
1156 T	0.42663	0.26934	0.30403
1157 T	0.43314	0.26092	0.30595
1158 A	0.43485	0.25825	0.30691
1159 A	0.44212	0.24857	0.30931
1160 T	0.44541	0.24148	0.31312
1161 C	0.44437	0.23892	0.31672
1162 C	0.44432	0.23710	0.31858
1163 C	0.44565	0.23498	0.31937
1164 T	0.44683	0.23380	0.31937
1165 A	0.44678	0.23403	0.31918
1166 T	0.44949	0.23148	0.31902
1167 T	0.45031	0.22784	0.32185
1168 A	0.44609	0.21964	0.33427
1169 T	0.44282	0.17338	0.38379
1170 T	0.43966	0.11938	0.44096
1171 G	0.43597	0.10669	0.45734
1172 A	0.43355	0.10368	0.46277
1173 G	0.43265	0.09301	0.47433
1174 G	0.43231	0.08842	0.47927
1175 A	0.43261	0.08764	0.47975
1176 A	0.43412	0.08176	0.48412
1177 G	0.43611	0.07355	0.49033
1178 C	0.43787	0.06705	0.49508
1179 T	0.43874	0.07117	0.49008
1180 T	0.43836	0.07854	0.4831
1181 G	0.43706	0.09367	0.46926
1182 T	0.43566	0.12655	0.43779
1183 A	0.43407	0.17427	0.39166
1184 A	0.43270	0.22305	0.34424
1185 A	0.43222	0.24346	0.32431
1186 T	0.43243	0.25901	0.30856
1187 T	0.43226	0.28476	0.28298
1188 A	0.43130	0.29702	0.27168
1189 A	0.43119	0.29729	0.27152
1190 A	0.43100	0.29558	0.27342
1191 T	0.43288	0.28706	0.28007
1192 C	0.43383	0.28040	0.28577
1193 C	0.43558	0.27631	0.28812
1194 T	0.43931	0.27219	0.2885
1195 C	0.44345	0.26831	0.28824
1196 A	0.44811	0.26527	0.28662
1197 A	0.45080	0.26433	0.28487
1198 T	0.45505	0.26105	0.28389
1199 T	0.45710	0.26086	0.28204
1200 T	0.45810	0.26672	0.27517
1201 A	0.45844	0.27605	0.26551
1202 A	0.46253	0.27831	0.25915
1203 A	0.47009	0.27174	0.25817
1204 A	0.48373	0.25911	0.25715
1205 T	0.51943	0.22392	0.25666
1206 A	0.55257	0.19257	0.25486
1207 C	0.59305	0.15227	0.25468
1208 A	0.61003	0.13900	0.25097
1209 A	0.62648	0.12513	0.2484
1210 A	0.64932	0.10480	0.24588
1211 T	0.66243	0.09194	0.24563
1212 T	0.66232	0.09196	0.24572
1213 A	0.65769	0.09532	0.24699
1214 T	0.64063	0.11199	0.24738
1215 A	0.59887	0.15333	0.2478
1216 C	0.57091	0.18044	0.24866
1217 C	0.54916	0.20193	0.24892
1218 G	0.52873	0.22231	0.24896
1219 A	0.50894	0.24234	0.24872
1220 C	0.50261	0.24876	0.24863
1221 C	0.49113	0.26085	0.24802
1222 G	0.48129	0.27353	0.24517
1223 A	0.48145	0.27354	0.245
1224 A	0.48496	0.26992	0.24512
1225 A	0.48931	0.26554	0.24515
1226 G	0.49135	0.26120	0.24745
1227 C	0.49484	0.25073	0.25443
1228 A	0.49878	0.24523	0.256
1229 T	0.50313	0.23593	0.26094
1230 T	0.50468	0.23244	0.26287
1231 C	0.50634	0.22963	0.26403
1232 A	0.50606	0.23039	0.26355
1233 T	0.50704	0.22815	0.26481
1234 G	0.50404	0.23027	0.26569
1235 A	0.50185	0.23145	0.26669
1236 A	0.50134	0.22844	0.27022
1237 A	0.50122	0.20309	0.2957
1238 G	0.50156	0.15713	0.34132
1239 T	0.50192	0.12682	0.37125
1240 T	0.50201	0.10855	0.38945
1241 A	0.50212	0.09347	0.40442
1242 T	0.50264	0.07390	0.42346
1243 A	0.50267	0.06606	0.43127
1244 G	0.50324	0.05222	0.44453
1245 T	0.50577	0.03885	0.45539
1246 G	0.50603	0.03295	0.46102
1247 C	0.50634	0.02788	0.46578
1248 T	0.50680	0.02938	0.46382
1249 C	0.50702	0.03066	0.46232
1250 T	0.50733	0.03379	0.45888
1251 T	0.50768	0.03756	0.45476
1252 T	0.50793	0.04339	0.44868
1253 T	0.50797	0.04651	0.44552
1254 A	0.50792	0.04866	0.44342
1255 G	0.50843	0.04683	0.44474
1256 T	0.50943	0.04596	0.44461
1257 T	0.50954	0.04547	0.44498
1258 T	0.50908	0.05122	0.4397
1259 T	0.50806	0.06828	0.42365
1260 T	0.50514	0.10233	0.39253
1261 A	0.48373	0.17946	0.33681
1262 A	0.46198	0.24105	0.29697
1263 T	0.44656	0.29122	0.26223
1264 A	0.41415	0.33576	0.25009
1265 A	0.39782	0.35313	0.24905
1266 A	0.38746	0.36341	0.24912
1267 A	0.38367	0.36713	0.2492
1268 C	0.38291	0.36774	0.24935
1269 C	0.38335	0.36731	0.24935
1270 C	0.38606	0.36467	0.24927
1271 T	0.39283	0.35842	0.24875
1272 T	0.39680	0.35586	0.24734
1273 T	0.39841	0.35640	0.24519
1274 C	0.39800	0.35707	0.24493
1275 T	0.39756	0.35847	0.24397
1276 T	0.39408	0.36259	0.24333
1277 T	0.38651	0.37065	0.24284
1278 C	0.37518	0.38250	0.24232
1279 A	0.36336	0.39676	0.23987
1280 A	0.35608	0.40564	0.23827
1281 A	0.35680	0.40616	0.23703
1282 G	0.36831	0.39870	0.23299
1283 A	0.38619	0.38853	0.22528
1284 A	0.42802	0.33516	0.23682
1285 A	0.45743	0.29085	0.25172
1286 A	0.48502	0.24778	0.2672
1287 T	0.49563	0.20814	0.29623
1288 T	0.49243	0.19997	0.30759
1289 T	0.48221	0.20641	0.31138
1290 G	0.44759	0.24448	0.30792
1291 A	0.42046	0.28185	0.29769
1292 A	0.40117	0.30876	0.29007
1293 G	0.38171	0.34461	0.27368
1294 A	0.36621	0.38372	0.25006
1295 A	0.36010	0.40560	0.2343
1296 T	0.35754	0.40914	0.23332
1297 A	0.34619	0.41765	0.23615
1298 T	0.34210	0.41408	0.24382
1299 T	0.33397	0.41722	0.24881
1300 C	0.31520	0.43128	0.25353
1301 A	0.26795	0.49712	0.23493
1302 A	0.21852	0.55227	0.2292
1303 A	0.18333	0.58873	0.22794
1304 A	0.15946	0.61298	0.22755
1305 A	0.14985	0.62204	0.22812
1306 A	0.15314	0.60679	0.24007
1307 A	0.16058	0.58796	0.25147
1308 T	0.16560	0.57010	0.26431
1309 A	0.15918	0.57694	0.26388
1310 T	0.15516	0.58555	0.25928
1311 G	0.13441	0.62806	0.23753
1312 A	0.11513	0.66437	0.2205
1313 A	0.10142	0.66671	0.23186
1314 A	0.10095	0.65535	0.2437
1315 A	0.10608	0.63740	0.25652
1316 A	0.12222	0.60392	0.27386
1317 G	0.14408	0.56505	0.29086
1318 G	0.15737	0.54596	0.29667
1319 T	0.16174	0.53619	0.30207
1320 T	0.16218	0.52650	0.31131
1321 A	0.16103	0.52410	0.31487
1322 A	0.16164	0.51530	0.32306
1323 A	0.16445	0.49338	0.34218
1324 T	0.18399	0.42378	0.39223
1325 T	0.19581	0.35944	0.44474
1326 A	0.20119	0.32094	0.47786
1327 G	0.20447	0.29629	0.49924
1328 G	0.20664	0.28392	0.50944
1329 T	0.20954	0.27960	0.51086
