# lcl|CP097583.1_cds_USQ93211.1_1
# AA	inside	membr	outside
1 A	0.86925	0.00000	0.13074
2 T	0.86890	0.00035	0.13074
3 G	0.86815	0.00110	0.13074
4 T	0.86815	0.00363	0.12821
5 C	0.81329	0.06661	0.12009
6 T	0.81328	0.07109	0.11563
7 C	0.22536	0.66163	0.113
8 A	0.22534	0.66186	0.11279
9 A	0.18834	0.70115	0.11051
10 A	0.18830	0.75481	0.05688
11 A	0.18664	0.75798	0.05538
12 A	0.16841	0.77663	0.05496
13 G	0.14577	0.80021	0.05402
14 T	0.14576	0.80021	0.05402
15 T	0.14576	0.80841	0.04583
16 A	0.14480	0.80937	0.04583
17 A	0.14352	0.81068	0.0458
18 A	0.14347	0.81077	0.04575
19 T	0.14242	0.81186	0.04572
20 C	0.12918	0.82601	0.04482
21 A	0.04590	0.90931	0.0448
22 A	0.04047	0.91523	0.0443
23 A	0.03528	0.92072	0.04399
24 A	0.02852	0.92758	0.0439
25 A	0.02530	0.92889	0.04581
26 A	0.02382	0.92334	0.05284
27 A	0.02454	0.88706	0.08839
28 A	0.03507	0.80999	0.15494
29 G	0.04155	0.75100	0.20745
30 A	0.05595	0.25796	0.68609
31 G	0.05995	0.26932	0.67073
32 T	0.06570	0.28235	0.65195
33 T	0.08872	0.54580	0.36548
34 A	0.06540	0.67926	0.25533
35 A	0.05530	0.69299	0.25171
36 A	0.04339	0.70055	0.25606
37 G	0.03130	0.71611	0.25259
38 C	0.03130	0.71877	0.24993
39 A	0.02024	0.79345	0.18631
40 A	0.01928	0.80168	0.17904
41 A	0.01843	0.80584	0.17573
42 A	0.01792	0.80898	0.1731
43 A	0.01856	0.80154	0.1799
44 A	0.01776	0.73511	0.24712
45 A	0.01730	0.72802	0.25468
46 A	0.01754	0.72170	0.26076
47 G	0.01800	0.71735	0.26465
48 T	0.01856	0.72805	0.25339
49 A	0.01779	0.73930	0.24291
50 A	0.01766	0.74384	0.2385
51 A	0.02057	0.74324	0.23619
52 A	0.02576	0.73913	0.23511
53 A	0.04217	0.72576	0.23207
54 A	0.08046	0.68535	0.23419
55 A	0.12899	0.63319	0.23782
56 A	0.39168	0.36349	0.24483
57 T	0.51574	0.21303	0.27122
58 G	0.53428	0.18248	0.28324
59 T	0.56036	0.14319	0.29645
60 T	0.56583	0.12740	0.30677
61 C	0.56781	0.12063	0.31156
62 C	0.58734	0.09703	0.31562
63 T	0.59135	0.09573	0.31292
64 G	0.59196	0.09842	0.30962
65 T	0.59185	0.10205	0.3061
66 A	0.58377	0.12203	0.2942
67 G	0.58359	0.12662	0.28979
68 G	0.57948	0.13345	0.28707
69 G	0.57972	0.13608	0.28419
70 A	0.58524	0.13088	0.28388
71 T	0.60228	0.11405	0.28366
72 A	0.61092	0.10458	0.2845
73 G	0.61471	0.10002	0.28527
74 C	0.61795	0.09656	0.28549
75 T	0.61810	0.09670	0.2852
76 C	0.61152	0.10449	0.284
77 A	0.60871	0.10871	0.28258
78 T	0.60829	0.10932	0.28239
79 A	0.60681	0.11121	0.28199
80 T	0.60613	0.11177	0.2821
81 T	0.60378	0.11417	0.28205
82 C	0.59983	0.11638	0.28379
83 A	0.59800	0.11746	0.28455
84 A	0.59413	0.11971	0.28616
85 G	0.59300	0.11564	0.29136
86 C	0.59600	0.10933	0.29466
87 T	0.60027	0.10397	0.29576
88 A	0.60394	0.09658	0.29948
89 C	0.61494	0.07737	0.3077
90 T	0.61958	0.07044	0.30998
91 T	0.62187	0.06577	0.31235
92 T	0.62281	0.06241	0.31478
93 T	0.61753	0.06853	0.31395
94 A	0.61299	0.07583	0.31118
95 A	0.60959	0.07836	0.31205
96 T	0.60664	0.07818	0.31518
97 A	0.59976	0.08321	0.31702
98 A	0.59737	0.08220	0.32043
99 T	0.59327	0.07681	0.32992
100 A	0.58663	0.07930	0.33407
101 C	0.58187	0.08104	0.33709
102 T	0.57955	0.08211	0.33834
103 A	0.57545	0.08666	0.33789
104 T	0.57240	0.08920	0.3384
105 T	0.56609	0.09636	0.33754
106 A	0.55555	0.10681	0.33764
107 T	0.54879	0.11008	0.34114
108 A	0.53308	0.12630	0.34061
109 A	0.52204	0.13810	0.33986
110 C	0.51804	0.14170	0.34027
111 T	0.51261	0.14945	0.33793
112 A	0.50754	0.15478	0.33769
113 T	0.50647	0.15563	0.3379
114 T	0.49849	0.16324	0.33827
115 A	0.48648	0.17486	0.33866
116 C	0.48270	0.17156	0.34574
117 A	0.47416	0.17663	0.3492
118 G	0.47432	0.17326	0.35242
119 A	0.47471	0.17047	0.35482
120 T	0.47516	0.16409	0.36076
121 T	0.47394	0.16335	0.36271
122 T	0.47066	0.16047	0.36888
123 A	0.44927	0.17478	0.37596
124 G	0.43160	0.18654	0.38185
125 A	0.42262	0.19278	0.38461
126 A	0.41423	0.19599	0.38979
127 G	0.40899	0.19635	0.39466
128 G	0.41043	0.18812	0.40144
129 A	0.40990	0.18083	0.40927
130 A	0.41006	0.17350	0.41643
131 A	0.41251	0.15776	0.42973
132 T	0.41473	0.14414	0.44114
133 A	0.41486	0.13895	0.44618
134 C	0.41629	0.12814	0.45557
135 T	0.41591	0.12396	0.46013
136 A	0.41505	0.12229	0.46266
137 T	0.41446	0.11563	0.46991
138 T	0.41315	0.10799	0.47886
139 G	0.41008	0.10753	0.48239
140 C	0.40701	0.09811	0.49489
141 T	0.40590	0.09754	0.49656
142 T	0.40363	0.09816	0.49821
143 G	0.40099	0.09954	0.49948
144 G	0.39998	0.09887	0.50114
145 T	0.39937	0.09747	0.50316
146 G	0.39839	0.07755	0.52406
147 T	0.39778	0.06021	0.54201
148 A	0.39621	0.05301	0.55078
149 G	0.39523	0.04492	0.55984
150 C	0.39381	0.04074	0.56545
151 G	0.39141	0.04373	0.56485
152 G	0.39064	0.04487	0.56448
153 A	0.39027	0.04729	0.56244
154 G	0.39016	0.05088	0.55896
155 G	0.39017	0.05346	0.55637
156 A	0.39050	0.05548	0.55402
157 T	0.39093	0.05674	0.55233
158 T	0.39114	0.06038	0.54848
159 A	0.39051	0.06926	0.54024
160 T	0.38934	0.08231	0.52834
161 T	0.38645	0.11392	0.49963
162 A	0.38253	0.13648	0.48099
163 G	0.38063	0.15146	0.46791
164 G	0.38002	0.16217	0.45781
165 T	0.37961	0.17763	0.44276
166 T	0.37869	0.19450	0.42681
167 A	0.37697	0.21266	0.41037
168 T	0.37564	0.22199	0.40237
169 A	0.37440	0.23439	0.39121
170 A	0.37400	0.24248	0.38353
171 A	0.37358	0.24484	0.38158
172 A	0.37352	0.24666	0.37983
173 A	0.37389	0.24628	0.37983
174 T	0.37513	0.24372	0.38115
175 A	0.37478	0.24394	0.38127
176 G	0.37698	0.24176	0.38126
177 T	0.38099	0.23854	0.38048
178 A	0.38306	0.23774	0.3792
179 A	0.38616	0.23496	0.37888
180 A	0.39019	0.23116	0.37865
181 A	0.39653	0.22435	0.37913
182 A	0.40681	0.21310	0.38009
183 A	0.42305	0.19488	0.38207
184 T	0.46030	0.15351	0.38619
185 C	0.48370	0.12593	0.39037
186 T	0.50483	0.10359	0.39157
187 A	0.51465	0.09299	0.39236
188 C	0.52816	0.07833	0.39351
189 T	0.54184	0.06416	0.394
190 T	0.55437	0.05099	0.39464
191 C	0.55883	0.04515	0.39602
192 G	0.56613	0.03860	0.39527
193 T	0.57213	0.03594	0.39192
194 A	0.57055	0.03863	0.39082
195 T	0.56041	0.04984	0.38976
196 A	0.51710	0.09382	0.38908
197 T	0.47364	0.13701	0.38936
198 C	0.43318	0.17598	0.39083
199 G	0.40272	0.20703	0.39025
200 C	0.38318	0.22713	0.38969
201 T	0.37136	0.23926	0.38938
202 C	0.35104	0.25997	0.38899
203 A	0.33642	0.27520	0.38838
204 A	0.32938	0.28242	0.3882
205 C	0.32785	0.28406	0.3881
206 A	0.32702	0.28514	0.38784
207 A	0.32571	0.28658	0.3877
208 G	0.32527	0.28668	0.38805
209 T	0.32529	0.28641	0.38829
210 A	0.32410	0.28726	0.38864
211 G	0.32391	0.28504	0.39105
212 C	0.32401	0.28330	0.39269
213 T	0.32401	0.28266	0.39333
214 A	0.32305	0.28315	0.3938
215 A	0.32324	0.28196	0.3948
216 A	0.32437	0.28005	0.39558
217 A	0.32482	0.27725	0.39793
218 A	0.32598	0.26107	0.41296
219 A	0.32696	0.21350	0.45954
220 G	0.32816	0.14576	0.52608
221 T	0.32927	0.09991	0.57083
222 T	0.33034	0.06883	0.60083
223 T	0.33068	0.05242	0.61689
224 C	0.33040	0.04135	0.62825
225 T	0.33024	0.03056	0.6392
226 T	0.32985	0.02423	0.64592
227 C	0.32845	0.02444	0.64711
228 T	0.32631	0.03768	0.636
229 T	0.32117	0.04525	0.63358
230 T	0.30633	0.06296	0.63071
231 A	0.28762	0.08870	0.62368
232 G	0.27248	0.11235	0.61517
233 C	0.25939	0.14977	0.59085
234 A	0.24044	0.24000	0.51956
235 A	0.22873	0.28625	0.48502
236 A	0.21692	0.30987	0.47322
237 A	0.21123	0.32436	0.4644
238 G	0.20525	0.33958	0.45517
239 A	0.19851	0.35590	0.44558
240 T	0.19527	0.37111	0.43363
241 A	0.19106	0.38453	0.42441
242 A	0.18794	0.39061	0.42146
243 A	0.18514	0.39459	0.42028
244 G	0.18386	0.39634	0.41981
245 G	0.18341	0.39698	0.41962
246 A	0.18359	0.39683	0.41959
247 A	0.18426	0.39558	0.42016
248 T	0.18727	0.39162	0.42111
249 G	0.18835	0.38906	0.42259
250 A	0.19022	0.38487	0.42491
251 A	0.19845	0.37172	0.42983
252 A	0.20174	0.35988	0.43837
253 C	0.20648	0.33720	0.45631
254 A	0.21584	0.31761	0.46656
255 A	0.22800	0.29502	0.47699
256 A	0.25705	0.25565	0.4873
257 T	0.32911	0.16528	0.50561
258 T	0.35969	0.12506	0.51524
259 G	0.36798	0.10376	0.52826
260 A	0.37615	0.08945	0.53441
261 A	0.38617	0.07207	0.54176
262 G	0.39776	0.05064	0.5516
263 T	0.41329	0.02968	0.55703
264 T	0.42312	0.01633	0.56055
265 T	0.42556	0.01174	0.5627
266 T	0.42600	0.00950	0.5645
267 T	0.42560	0.00973	0.56467
268 G	0.42395	0.01399	0.56206
269 T	0.42230	0.02039	0.55732
270 T	0.42051	0.03036	0.54913
271 A	0.41693	0.05607	0.527
272 A	0.41500	0.07145	0.51355
273 A	0.41305	0.07561	0.51134
274 G	0.41203	0.07650	0.51147
275 G	0.41154	0.07692	0.51155
276 G	0.41134	0.07714	0.51153
277 C	0.41155	0.07691	0.51153
278 C	0.41177	0.07670	0.51154
279 T	0.41210	0.07644	0.51146
280 G	0.41223	0.07637	0.51141
281 G	0.41239	0.07624	0.51137
282 C	0.41264	0.07603	0.51133
283 G	0.41295	0.07596	0.51109
284 T	0.41342	0.07555	0.51103
285 T	0.41368	0.07535	0.51097
286 G	0.41381	0.07531	0.51088
287 G	0.41405	0.07511	0.51084
288 T	0.41476	0.07404	0.5112
289 A	0.41524	0.07318	0.51158
290 G	0.41648	0.07107	0.51246
291 A	0.42023	0.06580	0.51396
292 G	0.42558	0.05867	0.51575
293 A	0.43358	0.04949	0.51694
294 G	0.45464	0.02588	0.51949
295 A	0.46777	0.01146	0.52077
296 T	0.47070	0.00693	0.52238
297 T	0.47106	0.00587	0.52307
298 T	0.47115	0.00556	0.52329
299 C	0.47109	0.00560	0.52331
300 T	0.47106	0.00573	0.52322
301 A	0.47077	0.00625	0.52298
302 T	0.47081	0.00630	0.52289
303 T	0.47049	0.00672	0.52279
304 C	0.46996	0.00727	0.52277
305 G	0.46918	0.00810	0.52272
306 T	0.46909	0.00828	0.52262
307 T	0.46870	0.00886	0.52243
308 C	0.46768	0.01047	0.52185
309 T	0.46690	0.01177	0.52134
310 T	0.46518	0.01395	0.52087
311 T	0.46200	0.01741	0.52059
312 A	0.45335	0.02641	0.52024
313 C	0.45001	0.02997	0.52002
314 A	0.44721	0.03305	0.51975
315 A	0.44639	0.03417	0.51944
316 G	0.44664	0.03394	0.51942
317 A	0.44739	0.03320	0.51941
318 A	0.44766	0.03293	0.51941
319 T	0.44800	0.03242	0.51958
320 C	0.44812	0.03211	0.51977
321 T	0.44815	0.03206	0.51979
322 G	0.44803	0.03235	0.51962
323 A	0.44798	0.03279	0.51923
324 T	0.44811	0.03317	0.51872
325 T	0.44792	0.03492	0.51716
326 T	0.44741	0.03590	0.5167
327 A	0.44594	0.03851	0.51555
328 G	0.44531	0.03906	0.51563
329 A	0.44523	0.03960	0.51517
330 A	0.44536	0.03950	0.51514
331 A	0.44596	0.03727	0.51677
332 T	0.44679	0.03373	0.51948
333 T	0.44732	0.03051	0.52217
334 A	0.44756	0.02672	0.52573
335 C	0.44782	0.01918	0.533
336 T	0.44799	0.01710	0.53491
337 G	0.44809	0.01558	0.53633
338 C	0.44824	0.01523	0.53653
339 T	0.44817	0.01613	0.5357
340 A	0.44804	0.01755	0.53441
341 T	0.44792	0.01896	0.53312
342 A	0.44769	0.02142	0.5309
343 A	0.44756	0.02401	0.52843
344 G	0.44751	0.02581	0.52668
345 A	0.44726	0.02725	0.52549
346 G	0.44739	0.02831	0.5243
347 A	0.44779	0.02786	0.52435
348 T	0.44954	0.02590	0.52456
349 G	0.44995	0.02508	0.52497
350 T	0.45134	0.02261	0.52605
351 C	0.45165	0.02179	0.52656
352 A	0.45213	0.02125	0.52663
353 C	0.45266	0.02065	0.52668
354 T	0.45283	0.02048	0.52669
355 C	0.45283	0.02050	0.52668
356 C	0.45288	0.02051	0.5266
357 T	0.45298	0.02043	0.52659
358 G	0.45303	0.02040	0.52658
359 T	0.45327	0.02017	0.52656
360 A	0.45348	0.01995	0.52657
361 C	0.45386	0.01948	0.52667
362 C	0.45461	0.01852	0.52686
363 A	0.45585	0.01721	0.52694
364 C	0.45741	0.01556	0.52703
365 A	0.45974	0.01331	0.52696
366 T	0.46244	0.01064	0.52692
367 A	0.46374	0.00951	0.52674
368 A	0.46489	0.00781	0.5273
369 T	0.46614	0.00605	0.52781
370 G	0.46624	0.00494	0.52882
371 G	0.46642	0.00431	0.52928
372 T	0.46661	0.00394	0.52945
373 T	0.46660	0.00458	0.52883
374 G	0.46608	0.00581	0.5281
375 T	0.46501	0.00720	0.52778
376 A	0.46306	0.00931	0.52763
377 G	0.45677	0.01558	0.52765
378 A	0.45318	0.01910	0.52772
379 C	0.45010	0.02210	0.52781
380 C	0.44979	0.02237	0.52784
381 C	0.44946	0.02268	0.52785
382 C	0.44897	0.02318	0.52785
383 C	0.44883	0.02333	0.52784
384 T	0.44876	0.02339	0.52784
385 A	0.44877	0.02339	0.52784
386 A	0.44880	0.02336	0.52784
387 A	0.44887	0.02325	0.52788
388 C	0.44904	0.02294	0.52802
389 G	0.44915	0.02253	0.52832
390 T	0.44947	0.02176	0.52878
391 C	0.44964	0.02139	0.52898
392 C	0.44982	0.02115	0.52903
393 T	0.45004	0.02090	0.52906
394 C	0.45022	0.02060	0.52918
395 G	0.45044	0.02033	0.52923
396 T	0.45111	0.01961	0.52928
397 G	0.45169	0.01864	0.52967
398 G	0.45203	0.01713	0.53084
399 A	0.45225	0.01536	0.53238
400 T	0.45236	0.00820	0.53944
401 A	0.45239	0.00411	0.5435
402 A	0.45243	0.00000	0.54757
