# lcl|CP097583.1_cds_USQ93291.1_1
# AA	inside	membr	outside
1 A	0.19035	0.00000	0.80965
2 T	0.19016	0.00019	0.80965
3 G	0.19005	0.00030	0.80965
4 A	0.19005	0.00663	0.80332
5 A	0.18949	0.00985	0.80067
6 A	0.18949	0.01007	0.80045
7 A	0.18815	0.01145	0.8004
8 G	0.18815	0.01145	0.8004
9 A	0.18788	0.01173	0.8004
10 A	0.18788	0.01182	0.80031
11 T	0.18785	0.01185	0.8003
12 T	0.18690	0.01280	0.8003
13 C	0.18424	0.01552	0.80024
14 T	0.18424	0.01552	0.80024
15 T	0.18424	0.02102	0.79474
16 T	0.18395	0.02131	0.79474
17 T	0.18328	0.02206	0.79467
18 T	0.18323	0.02226	0.79451
19 A	0.18010	0.02543	0.79448
20 T	0.17380	0.03196	0.79425
21 T	0.16363	0.04209	0.79428
22 G	0.16266	0.04303	0.79431
23 C	0.16275	0.04281	0.79444
24 T	0.16398	0.04163	0.79439
25 T	0.16421	0.04129	0.7945
26 C	0.16357	0.04199	0.79444
27 T	0.16756	0.03850	0.79394
28 T	0.16840	0.03804	0.79355
29 T	0.16779	0.03895	0.79327
30 A	0.16597	0.04055	0.79347
31 T	0.16511	0.04164	0.79325
32 T	0.16394	0.04262	0.79344
33 A	0.16080	0.04589	0.79331
34 A	0.15789	0.04902	0.79309
35 A	0.15701	0.04906	0.79393
36 A	0.15658	0.04726	0.79616
37 G	0.15644	0.04692	0.79664
38 G	0.16142	0.04129	0.79729
39 T	0.16152	0.03996	0.79852
40 T	0.16155	0.03867	0.79978
41 A	0.16142	0.03812	0.80045
42 T	0.16128	0.03581	0.80292
43 G	0.16129	0.03163	0.80708
44 A	0.16110	0.02693	0.81196
45 T	0.16109	0.02732	0.81159
46 A	0.16084	0.02945	0.80971
47 T	0.16089	0.03004	0.80907
48 A	0.16065	0.03234	0.80701
49 G	0.16054	0.03431	0.80515
50 T	0.16108	0.03555	0.80337
51 T	0.16143	0.03743	0.80114
52 A	0.16135	0.04332	0.79533
53 T	0.16145	0.04453	0.79401
54 T	0.16093	0.04596	0.79312
55 G	0.16015	0.04785	0.792
56 A	0.15961	0.05007	0.79032
57 T	0.15894	0.05075	0.7903
58 A	0.15746	0.05377	0.78877
59 T	0.15692	0.05444	0.78865
60 T	0.15567	0.05602	0.78831
61 G	0.15413	0.05754	0.78834
62 G	0.15313	0.05854	0.78833
63 A	0.15247	0.05923	0.78829
64 A	0.15232	0.05925	0.78843
65 C	0.15281	0.05870	0.78849
66 A	0.15355	0.05806	0.78839
67 G	0.15486	0.05682	0.78832
68 A	0.15612	0.05577	0.78812
69 T	0.15826	0.05357	0.78817
70 C	0.15901	0.05310	0.7879
71 A	0.16141	0.05170	0.78689
72 T	0.16567	0.04748	0.78685
73 G	0.16829	0.04494	0.78677
74 G	0.17157	0.04176	0.78667
75 T	0.17823	0.03540	0.78638
76 T	0.18101	0.03308	0.7859
77 T	0.18149	0.03340	0.78511
78 A	0.18124	0.03431	0.78445
79 A	0.18307	0.03215	0.78479
80 T	0.18419	0.02981	0.78601
81 T	0.18374	0.02946	0.7868
82 T	0.17968	0.03474	0.78557
83 T	0.16798	0.05228	0.77975
84 A	0.14384	0.08024	0.77592
85 A	0.11016	0.11762	0.77222
86 A	0.09264	0.13629	0.77107
87 A	0.08000	0.14934	0.77066
88 A	0.07503	0.15381	0.77116
89 A	0.07248	0.15562	0.7719
90 A	0.07113	0.15616	0.77271
91 G	0.07071	0.15602	0.77327
92 C	0.07060	0.15576	0.77364
93 A	0.07059	0.15570	0.77371
94 T	0.07138	0.15496	0.77365
95 T	0.07051	0.15629	0.7732
96 A	0.06906	0.15831	0.77262
97 G	0.06868	0.15910	0.77222
98 A	0.06846	0.15927	0.77227
99 T	0.06830	0.15959	0.77211
100 T	0.06803	0.15964	0.77233
101 T	0.06759	0.15994	0.77248
102 A	0.06461	0.16382	0.77157
103 A	0.06362	0.16398	0.7724
104 A	0.06406	0.16004	0.77591
105 A	0.06609	0.15122	0.78268
106 T	0.07354	0.12905	0.7974
107 A	0.07742	0.10496	0.81761
108 T	0.08118	0.07145	0.84738
109 A	0.08129	0.06250	0.8562
110 T	0.08150	0.05619	0.8623
111 T	0.08039	0.06202	0.8576
112 A	0.07104	0.08575	0.84321
113 A	0.06733	0.09418	0.83849
114 A	0.06467	0.10073	0.8346
115 A	0.06257	0.10886	0.82856
116 A	0.06043	0.11866	0.82091
117 A	0.05873	0.13060	0.81067
118 G	0.05833	0.13377	0.8079
119 G	0.05867	0.13219	0.80915
120 A	0.05899	0.13195	0.80906
121 A	0.06001	0.12947	0.81053
122 T	0.06227	0.12361	0.81412
123 C	0.06360	0.11994	0.81646
124 G	0.06487	0.11805	0.81708
125 C	0.06647	0.11490	0.81862
126 T	0.06804	0.11304	0.81892
127 T	0.06858	0.11238	0.81903
128 G	0.06858	0.11246	0.81897
129 C	0.06880	0.11222	0.81897
130 G	0.06903	0.11268	0.81829
131 A	0.07055	0.11238	0.81707
132 T	0.07694	0.10686	0.8162
133 A	0.08018	0.10634	0.81348
134 A	0.08524	0.10481	0.80995
135 T	0.09806	0.08746	0.81449
136 A	0.10081	0.09327	0.80592
137 A	0.10378	0.09329	0.80292
138 A	0.10984	0.08985	0.80031
139 A	0.11810	0.08237	0.79953
140 T	0.12979	0.07006	0.80016
141 T	0.13236	0.06676	0.80087
142 A	0.13058	0.06826	0.80116
143 A	0.12947	0.06900	0.80153
144 A	0.12826	0.07004	0.8017
145 C	0.12766	0.07055	0.8018
146 C	0.12706	0.07137	0.80157
147 T	0.12735	0.07116	0.8015
148 T	0.12689	0.07171	0.8014
149 T	0.12560	0.07332	0.80108
150 A	0.12213	0.07707	0.8008
151 C	0.11857	0.08052	0.80091
152 A	0.11374	0.08593	0.80033
153 A	0.11094	0.08922	0.79984
154 A	0.10957	0.09021	0.80023
155 G	0.11073	0.08834	0.80094
156 G	0.11407	0.08393	0.802
157 G	0.11904	0.07561	0.80535
158 C	0.12547	0.06697	0.80757
159 T	0.13907	0.05271	0.80821
160 T	0.14431	0.04802	0.80766
161 T	0.14698	0.04618	0.80684
162 T	0.14761	0.04761	0.80478
163 A	0.14717	0.05037	0.80246
164 A	0.14670	0.05020	0.8031
165 A	0.14471	0.05134	0.80394
166 A	0.14357	0.05276	0.80367
167 A	0.14212	0.05476	0.80312
168 T	0.14099	0.05548	0.80354
169 T	0.13849	0.05827	0.80324
170 T	0.13264	0.06449	0.80286
171 A	0.12348	0.07430	0.80223
172 A	0.11900	0.07836	0.80265
173 A	0.11733	0.07779	0.80489
174 A	0.11692	0.07519	0.80789
175 A	0.11741	0.07018	0.8124
176 A	0.11856	0.06566	0.81577
177 T	0.11900	0.06216	0.81885
178 T	0.11882	0.06097	0.8202
179 A	0.11849	0.06085	0.82066
180 T	0.11864	0.06020	0.82116
181 C	0.11863	0.05984	0.82153
182 C	0.11906	0.05933	0.82161
183 T	0.12025	0.05833	0.82142
184 G	0.12133	0.05787	0.82081
185 T	0.12353	0.05599	0.82048
186 T	0.12558	0.05414	0.82027
187 A	0.12645	0.05330	0.82025
188 A	0.12796	0.04952	0.82252
189 A	0.13088	0.04443	0.82469
190 T	0.13432	0.03742	0.82826
191 T	0.13622	0.03155	0.83223
192 T	0.13807	0.02624	0.83569
193 T	0.13889	0.02068	0.84044
194 A	0.13925	0.01470	0.84605
195 T	0.13957	0.01089	0.84955
196 T	0.13942	0.00959	0.85099
197 T	0.13888	0.01010	0.85102
198 A	0.13725	0.01255	0.8502
199 A	0.13582	0.01503	0.84915
200 G	0.13546	0.01571	0.84882
201 T	0.13525	0.01674	0.84801
202 G	0.13455	0.02041	0.84505
203 A	0.13439	0.02331	0.8423
204 T	0.13449	0.02607	0.83944
205 G	0.13390	0.03140	0.8347
206 G	0.13395	0.03372	0.83232
207 T	0.13468	0.03496	0.83037
208 T	0.13484	0.03744	0.82773
209 T	0.13466	0.03936	0.82598
210 T	0.13409	0.04161	0.82431
211 G	0.13183	0.04585	0.82233
212 A	0.13065	0.04881	0.82055
213 T	0.12993	0.05063	0.81943
214 A	0.12897	0.05276	0.81828
215 A	0.12819	0.05441	0.8174
216 A	0.12762	0.05548	0.81689
217 A	0.12757	0.05580	0.81663
218 T	0.12776	0.05530	0.81694
219 A	0.12782	0.05487	0.81731
220 A	0.12839	0.05367	0.81794
221 A	0.12958	0.05095	0.81946
222 C	0.13107	0.04783	0.82111
223 G	0.13187	0.04671	0.82142
224 A	0.13359	0.04480	0.82161
225 T	0.13768	0.04022	0.82211
226 G	0.14054	0.03717	0.82228
227 A	0.14446	0.03316	0.82237
228 T	0.15138	0.02529	0.82332
229 T	0.15405	0.02203	0.82391
230 T	0.15550	0.02022	0.82428
231 T	0.15692	0.01840	0.82468
232 G	0.15774	0.01702	0.82524
233 A	0.15899	0.01511	0.8259
234 T	0.16096	0.01106	0.82798
235 T	0.16252	0.00833	0.82916
236 T	0.16344	0.00675	0.82981
237 A	0.16428	0.00524	0.83048
238 G	0.16506	0.00368	0.83126
239 C	0.16557	0.00242	0.83202
240 T	0.16606	0.00204	0.8319
241 T	0.16613	0.00293	0.83095
242 T	0.16615	0.00362	0.83024
243 G	0.16609	0.00498	0.82893
244 A	0.16608	0.00618	0.82775
245 T	0.16605	0.00648	0.82746
246 T	0.16593	0.00732	0.82675
247 T	0.16527	0.00915	0.82558
248 G	0.16468	0.01001	0.82531
249 T	0.16384	0.01100	0.82515
250 G	0.16317	0.01193	0.8249
251 G	0.16275	0.01266	0.82459
252 C	0.16248	0.01337	0.82415
253 A	0.16234	0.01619	0.82147
254 T	0.16229	0.01874	0.81897
255 G	0.16157	0.02059	0.81784
256 G	0.16125	0.02102	0.81774
257 G	0.16000	0.02235	0.81765
258 T	0.15949	0.02286	0.81765
259 C	0.15896	0.02338	0.81765
260 C	0.15874	0.02361	0.81764
261 A	0.15860	0.02379	0.81761
262 C	0.15873	0.02366	0.81761
263 A	0.15926	0.02316	0.81757
264 T	0.16074	0.02172	0.81754
265 A	0.16153	0.02097	0.8175
266 C	0.16275	0.01972	0.81753
267 T	0.16369	0.01886	0.81745
268 A	0.16399	0.01846	0.81755
269 T	0.16462	0.01765	0.81774
270 T	0.16564	0.01576	0.81861
271 T	0.16581	0.01514	0.81905
272 C	0.16559	0.01448	0.81993
273 A	0.16530	0.01441	0.82028
274 C	0.16520	0.01424	0.82056
275 A	0.16520	0.01423	0.82057
276 A	0.16698	0.01251	0.82051
277 A	0.16895	0.01073	0.82032
278 T	0.16985	0.00938	0.82076
279 T	0.16881	0.01014	0.82105
280 T	0.16577	0.01166	0.82258
281 T	0.15850	0.01892	0.82258
282 A	0.13966	0.03932	0.82102
283 C	0.11703	0.06435	0.81863
284 A	0.09019	0.10276	0.80705
285 A	0.07844	0.12019	0.80137
286 A	0.06864	0.13107	0.80029
287 G	0.06255	0.13764	0.79981
288 A	0.05942	0.14082	0.79976
289 T	0.05819	0.14198	0.79983
290 C	0.05711	0.14299	0.7999
291 A	0.05662	0.14345	0.79993
292 C	0.05641	0.14360	0.79999
293 C	0.05628	0.14373	0.8
294 T	0.05617	0.14386	0.79997
295 T	0.05599	0.14405	0.79996
296 A	0.05546	0.14458	0.79996
297 T	0.05518	0.14486	0.79996
298 A	0.05450	0.14546	0.80004
299 A	0.05411	0.14525	0.80065
300 A	0.05402	0.14466	0.80132
301 A	0.05409	0.14342	0.80249
302 A	0.05416	0.14093	0.80491
303 A	0.05467	0.13573	0.8096
304 A	0.05602	0.12585	0.81812
305 A	0.05872	0.10476	0.83651
306 A	0.06189	0.07856	0.85955
307 T	0.07328	0.04128	0.88544
308 A	0.07764	0.02667	0.89569
309 T	0.07875	0.01672	0.90453
310 T	0.07904	0.01350	0.90746
311 T	0.07898	0.01602	0.905
312 T	0.07876	0.02253	0.89871
313 T	0.07830	0.02815	0.89354
314 T	0.07766	0.03605	0.88628
315 A	0.07607	0.05043	0.87349
316 T	0.07453	0.06495	0.86052
317 T	0.07215	0.07275	0.8551
318 A	0.06861	0.08215	0.84923
319 G	0.06436	0.09414	0.8415
320 G	0.06334	0.10042	0.83624
321 T	0.06314	0.10098	0.83589
322 T	0.06268	0.10159	0.83573
323 G	0.06154	0.10331	0.83515
324 T	0.06052	0.10517	0.83432
325 C	0.05830	0.10797	0.83373
326 A	0.05621	0.11152	0.83227
327 A	0.05450	0.11429	0.83121
328 G	0.05380	0.11615	0.83005
329 G	0.05358	0.11704	0.82939
330 A	0.05361	0.11764	0.82875
331 A	0.05437	0.11742	0.82821
332 A	0.05569	0.11647	0.82784
333 A	0.05955	0.11270	0.82775
334 A	0.06770	0.10438	0.82792
335 T	0.08005	0.09152	0.82843
336 T	0.08704	0.08394	0.82902
337 A	0.09255	0.07789	0.82956
338 A	0.10321	0.06577	0.83101
339 T	0.11680	0.05055	0.83265
340 T	0.12123	0.04438	0.83439
341 A	0.12476	0.03845	0.83678
342 T	0.13170	0.02823	0.84007
343 T	0.13529	0.02466	0.84005
344 T	0.13502	0.02548	0.8395
345 A	0.13202	0.02981	0.83817
346 A	0.12913	0.03419	0.83668
347 T	0.12869	0.03442	0.83689
348 T	0.12801	0.03407	0.83792
349 G	0.12618	0.03547	0.83835
350 A	0.12526	0.03601	0.83873
351 T	0.12575	0.03553	0.83871
352 T	0.12503	0.03698	0.83799
353 G	0.12327	0.03951	0.83722
354 G	0.12090	0.04373	0.83538
355 T	0.12008	0.04662	0.8333
356 T	0.11911	0.04940	0.8315
357 A	0.11675	0.05314	0.83011
358 A	0.11558	0.05502	0.8294
359 A	0.11503	0.05601	0.82897
360 T	0.11510	0.05630	0.8286
361 A	0.11449	0.05804	0.82747
362 A	0.11437	0.05970	0.82593
363 T	0.11508	0.05966	0.82525
364 A	0.11494	0.06092	0.82414
365 A	0.11513	0.06084	0.82403
366 T	0.11644	0.05893	0.82464
367 A	0.11714	0.05762	0.82525
368 A	0.11894	0.05290	0.82816
369 T	0.12230	0.04557	0.83214
370 T	0.12375	0.04249	0.83376
371 T	0.12459	0.04061	0.8348
372 T	0.12500	0.03829	0.83672
373 G	0.12483	0.03732	0.83785
374 A	0.12509	0.03652	0.83839
375 T	0.12618	0.03397	0.83986
376 A	0.12716	0.03137	0.84147
377 T	0.12959	0.02598	0.84443
378 T	0.13160	0.02299	0.84541
379 T	0.13244	0.02156	0.84601
380 T	0.13224	0.02063	0.84712
381 A	0.13083	0.02235	0.84682
382 G	0.12946	0.02459	0.84594
383 A	0.12882	0.02698	0.84419
384 A	0.12930	0.02649	0.84421
385 T	0.13086	0.02482	0.84432
386 A	0.13146	0.02541	0.84313
387 T	0.13268	0.02489	0.84242
388 T	0.13263	0.02670	0.84067
389 A	0.13224	0.03078	0.83697
390 T	0.13248	0.03231	0.8352
391 A	0.13246	0.03540	0.83214
392 A	0.13262	0.03631	0.83108
393 T	0.13318	0.03618	0.83064
394 T	0.13341	0.03650	0.8301
395 T	0.13338	0.03669	0.82993
396 T	0.13314	0.03700	0.82986
397 T	0.13225	0.03808	0.82966
398 A	0.13140	0.03912	0.82948
399 T	0.13115	0.03926	0.82959
400 G	0.13073	0.03954	0.82974
401 A	0.13087	0.03926	0.82987
402 T	0.13145	0.03825	0.83031
403 A	0.13181	0.03767	0.83051
404 A	0.13255	0.03603	0.83142
405 A	0.13392	0.03370	0.83238
406 T	0.13578	0.03085	0.83337
407 T	0.13632	0.02941	0.83428
408 G	0.13664	0.02876	0.8346
409 A	0.13804	0.02696	0.835
410 G	0.13947	0.02502	0.8355
411 C	0.14188	0.02206	0.83605
412 T	0.14601	0.01765	0.83635
413 A	0.14800	0.01572	0.83628
414 T	0.15102	0.01273	0.83626
415 A	0.15211	0.01196	0.83593
416 T	0.15286	0.01158	0.83556
417 T	0.15338	0.01108	0.83554
418 T	0.15319	0.01239	0.83442
419 T	0.15184	0.01629	0.83186
420 T	0.14893	0.02107	0.83001
421 T	0.13785	0.03561	0.82654
422 T	0.13284	0.04197	0.82519
423 A	0.12466	0.05126	0.82409
424 A	0.12002	0.05667	0.82331
425 A	0.11944	0.05730	0.82326
426 A	0.11958	0.05693	0.82349
427 G	0.12011	0.05605	0.82384
428 T	0.12083	0.05513	0.82404
429 T	0.12106	0.05480	0.82414
430 T	0.12110	0.05466	0.82424
431 T	0.12112	0.05451	0.82437
432 T	0.12113	0.05443	0.82444
433 C	0.12114	0.05439	0.82447
434 A	0.12115	0.05437	0.82448
435 A	0.12119	0.05431	0.82449
436 A	0.12131	0.05417	0.82452
437 A	0.12150	0.05395	0.82456
438 A	0.12199	0.05339	0.82462
439 G	0.12276	0.05204	0.82519
440 A	0.12415	0.04972	0.82613
441 A	0.12698	0.04404	0.82898
442 T	0.13177	0.03270	0.83553
443 A	0.13479	0.02127	0.84393
444 A	0.13939	0.00000	0.86061
