# lcl|CP097583.1_cds_USQ93363.1_1
# AA	inside	membr	outside
1 A	0.27081	0.00000	0.72919
2 T	0.26376	0.00705	0.72919
3 G	0.25924	0.01156	0.72919
4 A	0.25924	0.07432	0.66643
5 A	0.20381	0.21451	0.58167
6 A	0.20381	0.23025	0.56594
7 A	0.12023	0.31638	0.56339
8 A	0.12022	0.31647	0.56331
9 A	0.11251	0.32501	0.56248
10 A	0.11250	0.37399	0.51351
11 T	0.11176	0.37616	0.51207
12 A	0.09911	0.38941	0.51148
13 A	0.09104	0.39898	0.50998
14 A	0.09104	0.39898	0.50998
15 A	0.09104	0.40112	0.50783
16 T	0.09101	0.40115	0.50783
17 T	0.09095	0.40121	0.50784
18 A	0.09095	0.40125	0.50781
19 T	0.09094	0.40127	0.50779
20 T	0.09050	0.40234	0.50716
21 T	0.08963	0.40304	0.50734
22 A	0.09016	0.40237	0.50748
23 A	0.09143	0.39974	0.50882
24 A	0.09588	0.39387	0.51025
25 T	0.10572	0.36901	0.52526
26 T	0.11136	0.35652	0.53211
27 A	0.16163	0.29837	0.54
28 A	0.23334	0.18254	0.58413
29 T	0.25166	0.15820	0.59014
30 A	0.25751	0.08840	0.65409
31 T	0.26104	0.08052	0.65844
32 G	0.26370	0.06855	0.66775
33 T	0.30521	0.02570	0.66909
34 T	0.30656	0.02655	0.66689
35 T	0.30748	0.01965	0.67287
36 T	0.30746	0.01864	0.6739
37 T	0.30617	0.02179	0.67205
38 T	0.30270	0.02594	0.67136
39 T	0.27508	0.06201	0.6629
40 A	0.25595	0.08362	0.66044
41 C	0.25234	0.08798	0.65968
42 A	0.25008	0.10273	0.64719
43 G	0.24907	0.10460	0.64632
44 T	0.24755	0.11142	0.64103
45 T	0.24352	0.11756	0.63892
46 A	0.24148	0.12432	0.6342
47 T	0.23969	0.12664	0.63368
48 A	0.23766	0.12887	0.63347
49 A	0.23733	0.13047	0.63221
50 T	0.23751	0.13022	0.63227
51 C	0.23700	0.13083	0.63217
52 T	0.23485	0.13438	0.63078
53 T	0.23077	0.13999	0.62924
54 A	0.22694	0.14491	0.62815
55 G	0.22612	0.14629	0.62759
56 A	0.22701	0.14573	0.62725
57 T	0.23061	0.14086	0.62854
58 A	0.23213	0.13785	0.63001
59 T	0.23660	0.12967	0.63373
60 T	0.23914	0.12338	0.63747
61 A	0.24031	0.11707	0.64262
62 T	0.25003	0.08352	0.66645
63 T	0.25314	0.06602	0.68084
64 G	0.25500	0.06079	0.68421
65 T	0.26532	0.04769	0.68699
66 T	0.26652	0.04421	0.68926
67 A	0.26772	0.04164	0.69065
68 C	0.26890	0.03668	0.69442
69 T	0.27300	0.03199	0.69501
70 T	0.27346	0.03095	0.69559
71 A	0.27337	0.03184	0.69479
72 T	0.27486	0.03143	0.69371
73 A	0.27498	0.03380	0.69122
74 A	0.27531	0.03424	0.69045
75 T	0.27645	0.03205	0.69149
76 T	0.27705	0.03497	0.68798
77 T	0.27677	0.03952	0.68372
78 T	0.27467	0.04800	0.67733
79 T	0.26924	0.07060	0.66016
80 T	0.25773	0.10938	0.63289
81 A	0.23770	0.15453	0.60777
82 A	0.19825	0.20664	0.59511
83 T	0.17783	0.23136	0.5908
84 A	0.13833	0.27652	0.58514
85 A	0.11189	0.30595	0.58217
86 A	0.09862	0.32151	0.57987
87 A	0.09278	0.32768	0.57953
88 A	0.08937	0.33100	0.57963
89 A	0.08800	0.33181	0.58019
90 T	0.08744	0.33087	0.58168
91 C	0.08444	0.33341	0.58215
92 C	0.08183	0.33621	0.58196
93 A	0.07948	0.33987	0.58065
94 A	0.07853	0.34270	0.57877
95 A	0.07848	0.34285	0.57867
96 A	0.08046	0.34085	0.57869
97 G	0.08265	0.33827	0.57908
98 A	0.08602	0.33329	0.5807
99 C	0.09573	0.32003	0.58424
100 A	0.10433	0.30981	0.58586
101 A	0.11418	0.29653	0.5893
102 A	0.13519	0.26926	0.59554
103 T	0.16583	0.22654	0.60763
104 T	0.18570	0.18985	0.62444
105 T	0.19345	0.13723	0.66932
106 G	0.19351	0.11365	0.69284
107 T	0.19536	0.07788	0.72676
108 A	0.19336	0.06272	0.74391
109 G	0.19281	0.05226	0.75494
110 A	0.19277	0.04804	0.75919
111 T	0.19317	0.04400	0.76283
112 A	0.19278	0.04247	0.76475
113 A	0.19297	0.04029	0.76674
114 T	0.19366	0.03606	0.77028
115 G	0.19350	0.03398	0.77252
116 A	0.19450	0.03438	0.77112
117 T	0.19659	0.03188	0.77153
118 T	0.19682	0.03381	0.76936
119 T	0.19674	0.03698	0.76628
120 T	0.19624	0.03966	0.76409
121 T	0.19511	0.04390	0.76099
122 T	0.19334	0.04749	0.75918
123 A	0.18944	0.05390	0.75666
124 A	0.18835	0.05632	0.75533
125 A	0.18813	0.05665	0.75522
126 T	0.18845	0.05594	0.75561
127 T	0.18840	0.05573	0.75588
128 T	0.18839	0.05493	0.75668
129 G	0.18817	0.05412	0.75772
130 A	0.18873	0.05371	0.75755
131 T	0.19002	0.05037	0.7596
132 T	0.19073	0.04869	0.76058
133 T	0.19106	0.04857	0.76037
134 T	0.19088	0.04912	0.75999
135 A	0.19033	0.04992	0.75974
136 G	0.19006	0.05010	0.75984
137 A	0.19057	0.04962	0.75981
138 A	0.19203	0.04782	0.76015
139 T	0.19760	0.04212	0.76029
140 G	0.20046	0.03930	0.76024
141 T	0.20607	0.03367	0.76025
142 A	0.20907	0.03045	0.76049
143 T	0.21154	0.02703	0.76143
144 T	0.21342	0.02403	0.76255
145 A	0.21448	0.02159	0.76393
146 T	0.21633	0.01654	0.76713
147 T	0.21746	0.01439	0.76815
148 T	0.21775	0.01368	0.76856
149 A	0.21792	0.01325	0.76883
150 T	0.21841	0.01231	0.76928
151 G	0.21864	0.01167	0.76969
152 G	0.21906	0.01082	0.77012
153 T	0.22018	0.00949	0.77032
154 A	0.22087	0.00868	0.77045
155 T	0.22211	0.00719	0.77069
156 T	0.22315	0.00600	0.77084
157 T	0.22377	0.00504	0.77119
158 T	0.22411	0.00437	0.77153
159 T	0.22418	0.00412	0.7717
160 A	0.22412	0.00424	0.77164
161 G	0.22424	0.00411	0.77165
162 T	0.22457	0.00379	0.77163
163 T	0.22487	0.00348	0.77165
164 T	0.22514	0.00321	0.77166
165 T	0.22524	0.00309	0.77167
166 T	0.22515	0.00317	0.77169
167 T	0.22504	0.00324	0.77172
168 T	0.22489	0.00335	0.77176
169 T	0.22473	0.00349	0.77178
170 C	0.22449	0.00368	0.77183
171 T	0.22428	0.00388	0.77183
172 T	0.22379	0.00436	0.77185
173 T	0.22312	0.00503	0.77185
174 G	0.22237	0.00576	0.77186
175 G	0.22217	0.00597	0.77186
176 G	0.22210	0.00601	0.77189
177 G	0.22213	0.00596	0.77191
178 A	0.22227	0.00580	0.77192
179 T	0.22260	0.00543	0.77197
180 G	0.22281	0.00517	0.77202
181 T	0.22312	0.00480	0.77208
182 T	0.22331	0.00450	0.77219
183 T	0.22344	0.00424	0.77232
184 T	0.22347	0.00421	0.77231
185 T	0.22350	0.00421	0.77229
186 T	0.22347	0.00436	0.77217
187 T	0.22338	0.00477	0.77185
188 A	0.22305	0.00551	0.77144
189 T	0.22259	0.00620	0.77121
190 A	0.22191	0.00757	0.77052
191 T	0.22136	0.00811	0.77054
192 T	0.22087	0.00868	0.77044
193 T	0.22050	0.00939	0.77012
194 T	0.22010	0.01146	0.76844
195 G	0.21963	0.01440	0.76597
196 T	0.21944	0.01905	0.76151
197 T	0.21874	0.02618	0.75509
198 T	0.21516	0.03569	0.74916
199 A	0.21259	0.04306	0.74435
200 A	0.20919	0.04972	0.7411
201 A	0.20468	0.05625	0.73906
202 A	0.20252	0.05855	0.73893
203 T	0.20115	0.06000	0.73885
204 T	0.19975	0.06146	0.73879
205 A	0.19817	0.06316	0.73867
206 C	0.19670	0.06464	0.73866
207 T	0.19567	0.06580	0.73853
208 A	0.19329	0.06835	0.73836
209 A	0.19177	0.07009	0.73814
210 A	0.19154	0.07024	0.73822
211 G	0.19150	0.06996	0.73853
212 G	0.19159	0.06918	0.73923
213 T	0.19246	0.06733	0.74021
214 C	0.19262	0.06638	0.741
215 C	0.19309	0.06539	0.74153
216 A	0.19391	0.06436	0.74173
217 C	0.19695	0.06108	0.74197
218 G	0.20085	0.05704	0.74211
219 G	0.20739	0.05044	0.74217
220 T	0.21497	0.04222	0.74281
221 T	0.22026	0.03323	0.74651
222 T	0.22262	0.02944	0.74794
223 A	0.22295	0.02630	0.75075
224 T	0.22314	0.02186	0.755
225 A	0.22002	0.02382	0.75616
226 T	0.21691	0.02698	0.7561
227 A	0.20789	0.03975	0.75237
228 T	0.19735	0.05365	0.749
229 A	0.15616	0.10177	0.74207
230 A	0.12024	0.14552	0.73424
231 A	0.10507	0.15975	0.73519
232 G	0.09872	0.16441	0.73687
233 A	0.09677	0.16583	0.7374
234 T	0.09573	0.16632	0.73795
235 C	0.09389	0.16796	0.73815
236 C	0.09218	0.16968	0.73815
237 T	0.09042	0.17195	0.73763
238 A	0.08483	0.17892	0.73625
239 G	0.08102	0.18320	0.73579
240 C	0.07764	0.18762	0.73474
241 A	0.07521	0.19160	0.73319
242 A	0.07383	0.19350	0.73267
243 A	0.07321	0.19440	0.7324
244 G	0.07294	0.19477	0.73229
245 G	0.07303	0.19508	0.73189
246 A	0.07370	0.19392	0.73238
247 A	0.07451	0.19182	0.73367
248 A	0.07606	0.18664	0.73729
249 A	0.07908	0.17906	0.74186
250 A	0.08417	0.16421	0.75161
251 A	0.08840	0.14755	0.76406
252 A	0.09568	0.10116	0.80316
253 T	0.10364	0.05923	0.83713
254 T	0.10436	0.04899	0.84664
255 T	0.10282	0.05287	0.84431
256 G	0.10092	0.06996	0.82912
257 A	0.10018	0.08222	0.81759
258 A	0.09976	0.08719	0.81304
259 A	0.09973	0.08802	0.81224
260 A	0.10047	0.08623	0.8133
261 T	0.10252	0.07860	0.81889
262 A	0.10316	0.07445	0.82239
263 T	0.10421	0.07024	0.82555
264 T	0.10395	0.06939	0.82666
265 C	0.10323	0.07135	0.82542
266 A	0.10318	0.08066	0.81616
267 A	0.10331	0.08378	0.81291
268 G	0.10386	0.08328	0.81286
269 T	0.10500	0.08217	0.81283
270 T	0.10563	0.08160	0.81277
271 T	0.10562	0.08156	0.81282
272 C	0.10509	0.08220	0.81271
273 A	0.10511	0.08243	0.81246
274 G	0.10565	0.08183	0.81252
275 A	0.10684	0.08060	0.81256
276 A	0.10921	0.07803	0.81276
277 T	0.11811	0.06882	0.81307
278 C	0.12691	0.05754	0.81555
279 T	0.14252	0.04041	0.81707
280 C	0.15034	0.03201	0.81765
281 T	0.15499	0.02727	0.81774
282 T	0.15637	0.02603	0.8176
283 T	0.15555	0.02731	0.81714
284 G	0.15410	0.02957	0.81633
285 G	0.15250	0.03230	0.8152
286 A	0.15254	0.03299	0.81447
287 G	0.15377	0.03154	0.81469
288 T	0.15687	0.02940	0.81373
289 T	0.16490	0.02306	0.81204
290 A	0.16566	0.02533	0.80902
291 T	0.16572	0.02907	0.80521
292 T	0.16568	0.03514	0.79918
293 A	0.16547	0.03705	0.79748
294 T	0.16556	0.03676	0.79769
295 T	0.16555	0.03624	0.79822
296 T	0.16496	0.03665	0.7984
297 C	0.15710	0.04446	0.79844
298 C	0.14627	0.05533	0.7984
299 C	0.13584	0.06587	0.79829
300 C	0.12566	0.07652	0.79782
301 A	0.11227	0.09256	0.79517
302 G	0.10805	0.09779	0.79416
303 A	0.10706	0.10013	0.79281
304 A	0.10669	0.10247	0.79085
305 A	0.10673	0.10303	0.79024
306 A	0.10724	0.10128	0.79149
307 A	0.10835	0.09899	0.79266
308 T	0.10994	0.09573	0.79433
309 A	0.11097	0.09425	0.79478
310 A	0.11249	0.09193	0.79558
311 T	0.11480	0.08901	0.7962
312 A	0.11644	0.08671	0.79684
313 C	0.11873	0.08291	0.79836
314 C	0.12186	0.07969	0.79845
315 A	0.12664	0.07687	0.79648
316 T	0.12815	0.07644	0.79541
317 A	0.12780	0.07900	0.7932
318 T	0.12762	0.07995	0.79243
319 A	0.12730	0.08069	0.79201
320 A	0.12727	0.07178	0.80095
321 T	0.12752	0.05989	0.81259
322 A	0.12767	0.04976	0.82257
323 A	0.12832	0.03997	0.83171
324 T	0.13103	0.02477	0.84421
325 C	0.13181	0.02032	0.84787
326 G	0.13281	0.01884	0.84835
327 T	0.13467	0.01682	0.8485
328 T	0.13518	0.01628	0.84855
329 A	0.13521	0.01652	0.84827
330 C	0.13536	0.01693	0.84771
331 A	0.13572	0.01844	0.84584
332 T	0.13603	0.01942	0.84456
333 A	0.13610	0.02377	0.84014
334 A	0.13640	0.02503	0.83858
335 T	0.13718	0.02490	0.83792
336 T	0.13759	0.02524	0.83717
337 A	0.13791	0.02483	0.83726
338 T	0.13995	0.02254	0.83751
339 A	0.14085	0.02144	0.83771
340 T	0.14288	0.01887	0.83825
341 C	0.14365	0.01776	0.83859
342 T	0.14497	0.01629	0.83874
343 T	0.14540	0.01581	0.83879
344 T	0.14546	0.01578	0.83877
345 T	0.14548	0.01584	0.83869
346 T	0.14548	0.01593	0.8386
347 T	0.14544	0.01600	0.83856
348 A	0.14528	0.01627	0.83845
349 T	0.14532	0.01610	0.83858
350 T	0.14537	0.01599	0.83864
351 A	0.14536	0.01593	0.83871
352 G	0.14574	0.01541	0.83885
353 C	0.14669	0.01438	0.83893
354 T	0.14893	0.01238	0.83869
355 A	0.15049	0.01099	0.83852
356 T	0.15513	0.00654	0.83833
357 T	0.15641	0.00572	0.83788
358 A	0.15680	0.00557	0.83763
359 T	0.15764	0.00475	0.8376
360 A	0.15781	0.00469	0.83749
361 T	0.15800	0.00452	0.83749
362 T	0.15814	0.00440	0.83746
363 T	0.15817	0.00453	0.8373
364 T	0.15813	0.00520	0.83667
365 T	0.15800	0.00638	0.83562
366 A	0.15676	0.00860	0.83464
367 A	0.15635	0.00953	0.83412
368 T	0.15620	0.01009	0.83371
369 T	0.15609	0.01063	0.83328
370 G	0.15581	0.01091	0.83327
371 T	0.15565	0.01120	0.83314
372 G	0.15515	0.01199	0.83286
373 T	0.15484	0.01282	0.83235
374 C	0.15257	0.01554	0.83189
375 A	0.15006	0.01983	0.83011
376 A	0.14925	0.02147	0.82928
377 T	0.14921	0.02187	0.82893
378 A	0.14876	0.02262	0.82861
379 A	0.14872	0.02269	0.82858
380 T	0.14920	0.02217	0.82862
381 T	0.14924	0.02207	0.82869
382 A	0.14905	0.02225	0.8287
383 C	0.14893	0.02233	0.82874
384 T	0.14886	0.02251	0.82864
385 A	0.14853	0.02308	0.8284
386 A	0.14851	0.02316	0.82833
387 A	0.14915	0.02246	0.82839
388 T	0.15025	0.02123	0.82852
389 T	0.15107	0.01913	0.8298
390 G	0.15142	0.01826	0.83032
391 C	0.15187	0.01745	0.83068
392 A	0.15228	0.01715	0.83057
393 A	0.15245	0.01682	0.83072
394 T	0.15303	0.01596	0.83101
395 A	0.15365	0.01501	0.83135
396 T	0.15452	0.01385	0.83163
397 A	0.15505	0.01095	0.834
398 T	0.15663	0.00677	0.83661
399 T	0.15719	0.00545	0.83736
400 T	0.15733	0.00532	0.83735
401 G	0.15727	0.00530	0.83743
402 G	0.15720	0.00553	0.83727
403 T	0.15719	0.00629	0.83652
404 T	0.15716	0.00670	0.83614
405 A	0.15706	0.00731	0.83563
406 A	0.15703	0.00762	0.83536
407 A	0.15708	0.00800	0.83492
408 T	0.15721	0.00809	0.8347
409 G	0.15717	0.00848	0.83435
410 G	0.15716	0.00883	0.83401
411 G	0.15719	0.01039	0.83241
412 T	0.15731	0.01154	0.83115
413 T	0.15732	0.01156	0.83111
414 A	0.15730	0.01166	0.83105
415 T	0.15748	0.01149	0.83103
416 T	0.15748	0.01157	0.83096
417 C	0.15738	0.01174	0.83088
418 A	0.15729	0.01196	0.83074
419 T	0.15734	0.01199	0.83067
420 A	0.15727	0.01220	0.83053
421 A	0.15729	0.01217	0.83053
422 G	0.15750	0.01196	0.83054
423 T	0.15821	0.01115	0.83065
424 T	0.15865	0.01055	0.83079
425 C	0.15900	0.01010	0.8309
426 T	0.15968	0.00943	0.83089
427 A	0.15998	0.00916	0.83086
428 T	0.16052	0.00856	0.83091
429 A	0.16084	0.00822	0.83093
430 G	0.16158	0.00744	0.83098
431 T	0.16259	0.00631	0.8311
432 T	0.16345	0.00533	0.83122
433 A	0.16382	0.00490	0.83128
434 T	0.16535	0.00332	0.83133
435 T	0.16624	0.00240	0.83135
436 T	0.16633	0.00229	0.83138
437 T	0.16639	0.00218	0.83142
438 A	0.16639	0.00220	0.83141
439 T	0.16647	0.00213	0.8314
440 T	0.16643	0.00215	0.83141
441 T	0.16619	0.00243	0.83138
442 A	0.16585	0.00288	0.83127
443 T	0.16575	0.00294	0.83131
444 A	0.16544	0.00329	0.83127
445 T	0.16529	0.00344	0.83127
446 T	0.16512	0.00362	0.83125
447 A	0.16496	0.00379	0.83125
448 T	0.16489	0.00380	0.83131
449 G	0.16481	0.00385	0.83134
450 T	0.16483	0.00385	0.83132
451 T	0.16478	0.00407	0.83115
452 T	0.16472	0.00429	0.83098
453 T	0.16457	0.00456	0.83088
454 T	0.16440	0.00491	0.83069
455 A	0.16410	0.00543	0.83047
456 T	0.16387	0.00581	0.83032
457 G	0.16329	0.00683	0.82988
458 A	0.16293	0.00756	0.82952
459 T	0.16224	0.00842	0.82934
460 G	0.16093	0.00987	0.8292
461 A	0.16049	0.01040	0.82911
462 A	0.16033	0.01058	0.82909
463 A	0.16031	0.01050	0.82918
464 T	0.16041	0.01006	0.82953
465 T	0.16050	0.00971	0.82979
466 A	0.16045	0.00964	0.82991
467 G	0.16051	0.00935	0.83014
468 T	0.16055	0.00925	0.8302
469 T	0.16050	0.00921	0.83029
470 A	0.16042	0.00921	0.83037
471 T	0.16042	0.00913	0.83045
472 G	0.16031	0.00912	0.83056
473 G	0.16031	0.00904	0.83066
474 T	0.16053	0.00871	0.83077
475 T	0.16069	0.00843	0.83089
476 C	0.16069	0.00827	0.83103
477 A	0.16074	0.00819	0.83107
478 A	0.16083	0.00795	0.83122
479 A	0.16099	0.00761	0.83139
480 T	0.16152	0.00653	0.83195
481 T	0.16190	0.00585	0.83225
482 T	0.16206	0.00484	0.8331
483 T	0.16206	0.00360	0.83434
484 T	0.16180	0.00340	0.8348
485 G	0.16147	0.00351	0.83502
486 G	0.16123	0.00364	0.83514
487 G	0.16105	0.00380	0.83515
488 T	0.16103	0.00386	0.83511
489 T	0.16090	0.00398	0.83512
490 A	0.16057	0.00442	0.83501
491 T	0.16049	0.00461	0.8349
492 T	0.16027	0.00485	0.83488
493 T	0.16003	0.00507	0.8349
494 A	0.15960	0.00561	0.83479
495 T	0.15940	0.00575	0.83485
496 G	0.15880	0.00640	0.8348
497 T	0.15824	0.00734	0.83442
498 T	0.15732	0.00853	0.83414
499 A	0.15619	0.00990	0.83391
500 A	0.15598	0.01024	0.83379
501 G	0.15594	0.01028	0.83377
502 T	0.15599	0.01030	0.83371
503 T	0.15599	0.01034	0.83367
504 T	0.15596	0.01040	0.83363
505 T	0.15577	0.01070	0.83354
506 A	0.15533	0.01128	0.83339
507 T	0.15400	0.01242	0.83358
508 A	0.15270	0.01355	0.83375
509 A	0.15197	0.01410	0.83393
510 A	0.15168	0.01418	0.83414
511 T	0.15157	0.01404	0.83439
512 G	0.15033	0.01504	0.83463
513 G	0.14986	0.01543	0.83471
514 T	0.14958	0.01603	0.83439
515 T	0.14825	0.01826	0.83348
516 A	0.14666	0.02124	0.8321
517 G	0.14528	0.02343	0.83129
518 G	0.14486	0.02372	0.83141
519 G	0.14489	0.02308	0.83202
520 T	0.14534	0.02205	0.83261
521 T	0.14567	0.02100	0.83333
522 C	0.14589	0.01998	0.83414
523 T	0.14600	0.01979	0.83422
524 C	0.14596	0.01977	0.83427
525 T	0.14600	0.01986	0.83414
526 T	0.14590	0.02030	0.83381
527 G	0.14571	0.02094	0.83335
528 G	0.14550	0.02176	0.83274
529 T	0.14555	0.02278	0.83166
530 T	0.14510	0.02389	0.831
531 T	0.14355	0.02816	0.82829
532 G	0.14140	0.03228	0.82632
533 A	0.13924	0.03905	0.82171
534 A	0.13604	0.04675	0.81721
535 A	0.13505	0.05000	0.81494
536 A	0.13499	0.05124	0.81378
537 A	0.13535	0.05211	0.81254
538 G	0.13637	0.05123	0.81241
539 A	0.13778	0.05083	0.81139
540 T	0.13859	0.05212	0.80929
541 T	0.13758	0.06655	0.79587
542 T	0.13641	0.07883	0.78476
543 T	0.13119	0.10217	0.76664
544 A	0.11411	0.14937	0.73652
545 A	0.10351	0.17165	0.72484
546 T	0.09662	0.18452	0.71886
547 A	0.07856	0.20472	0.71671
548 A	0.07105	0.21388	0.71508
549 A	0.06622	0.21978	0.71399
550 A	0.06362	0.22265	0.71373
551 C	0.06340	0.22243	0.71417
552 A	0.06459	0.22209	0.71331
553 A	0.06692	0.21938	0.71369
554 T	0.07127	0.21369	0.71504
555 A	0.07210	0.21155	0.71635
556 G	0.07485	0.20723	0.71793
557 C	0.07678	0.20239	0.72082
558 T	0.07449	0.20521	0.72029
559 A	0.06994	0.21113	0.71893
560 A	0.06658	0.21561	0.71781
561 A	0.06526	0.21840	0.71634
562 A	0.06463	0.21962	0.71575
563 A	0.06652	0.21830	0.71519
564 T	0.08611	0.19590	0.718
565 A	0.09702	0.18408	0.71889
566 A	0.11549	0.15962	0.72489
567 T	0.14278	0.11413	0.74308
568 T	0.15092	0.09537	0.75372
569 A	0.15308	0.08642	0.7605
570 C	0.15496	0.06767	0.77737
571 T	0.15674	0.06045	0.7828
572 T	0.15836	0.05601	0.78564
573 T	0.15881	0.05358	0.78761
574 C	0.15863	0.05310	0.78827
575 T	0.15867	0.05353	0.78779
576 T	0.15684	0.05674	0.78643
577 A	0.15268	0.06426	0.78306
578 T	0.14956	0.06923	0.78122
579 A	0.14491	0.08007	0.77501
580 A	0.14259	0.08374	0.77367
581 G	0.14213	0.08550	0.77237
582 T	0.14216	0.08240	0.77544
583 A	0.13730	0.08567	0.77703
584 A	0.12073	0.10441	0.77486
585 A	0.10881	0.11656	0.77462
586 C	0.09502	0.13047	0.77451
587 A	0.09018	0.14613	0.76369
588 G	0.08975	0.15585	0.7544
589 T	0.08920	0.18025	0.73055
590 A	0.08630	0.22052	0.69318
591 T	0.08485	0.23872	0.67643
592 T	0.05722	0.29441	0.64838
593 A	0.05251	0.30746	0.64003
594 T	0.04972	0.31494	0.63535
595 A	0.03868	0.33320	0.62812
596 A	0.03645	0.33691	0.62663
597 A	0.03501	0.33801	0.62698
598 A	0.03564	0.33663	0.62773
599 A	0.03733	0.33305	0.62962
600 A	0.04007	0.32746	0.63248
601 C	0.04273	0.32217	0.6351
602 A	0.04673	0.31634	0.63694
603 A	0.04985	0.31207	0.63808
604 A	0.05622	0.30466	0.63912
605 A	0.05863	0.30122	0.64015
606 A	0.06169	0.29550	0.64281
607 A	0.06700	0.27168	0.66132
608 A	0.07186	0.25283	0.67531
609 C	0.07874	0.22753	0.69372
610 A	0.09222	0.20958	0.6982
611 A	0.10725	0.19158	0.70117
612 A	0.13666	0.15894	0.7044
613 T	0.18265	0.10689	0.71047
614 A	0.20104	0.08438	0.71458
615 A	0.23510	0.00000	0.7649
