# lcl|CP097583.1_cds_USQ93564.1_1
# AA	inside	membr	outside
1 T	0.58668	0.00000	0.41332
2 T	0.58356	0.00311	0.41332
3 G	0.58026	0.00642	0.41332
4 G	0.58026	0.02619	0.39355
5 G	0.52431	0.11045	0.36524
6 C	0.52431	0.11758	0.35811
7 G	0.20148	0.44486	0.35365
8 A	0.20147	0.44513	0.35339
9 G	0.18157	0.46810	0.35033
10 G	0.18155	0.61878	0.19967
11 G	0.18049	0.63089	0.18861
12 T	0.17011	0.64598	0.18391
13 T	0.15300	0.67912	0.16788
14 T	0.15299	0.67913	0.16788
15 T	0.15299	0.70686	0.14015
16 A	0.14875	0.71110	0.14015
17 T	0.14206	0.71830	0.13964
18 C	0.14138	0.72083	0.13778
19 A	0.12275	0.74129	0.13595
20 A	0.08564	0.79434	0.12001
21 A	0.05571	0.82431	0.11997
22 A	0.05469	0.82577	0.11954
23 G	0.05449	0.82598	0.11953
24 A	0.05581	0.82416	0.12002
25 A	0.05971	0.81137	0.12892
26 T	0.06578	0.79779	0.13643
27 A	0.08342	0.76648	0.1501
28 A	0.11278	0.68642	0.2008
29 T	0.12557	0.65452	0.21991
30 A	0.14099	0.37101	0.488
31 T	0.15559	0.34750	0.49691
32 T	0.17382	0.30520	0.52098
33 T	0.28548	0.18843	0.5261
34 T	0.29622	0.17669	0.52709
35 T	0.30405	0.16195	0.534
36 A	0.30733	0.15162	0.54105
37 T	0.30800	0.14920	0.5428
38 T	0.32199	0.13431	0.5437
39 A	0.31798	0.15115	0.53086
40 A	0.32030	0.14257	0.53713
41 T	0.32285	0.13516	0.54199
42 T	0.32323	0.14305	0.53371
43 T	0.32627	0.13162	0.54211
44 T	0.28673	0.32318	0.3901
45 T	0.22856	0.40373	0.36772
46 G	0.18928	0.49016	0.32056
47 A	0.16115	0.56955	0.2693
48 A	0.14619	0.61757	0.23624
49 T	0.13488	0.70902	0.1561
50 T	0.12114	0.74668	0.13218
51 A	0.09547	0.82354	0.08099
52 A	0.06790	0.87519	0.0569
53 T	0.05170	0.90150	0.04679
54 A	0.03944	0.92209	0.03847
55 A	0.03574	0.92933	0.03494
56 A	0.03553	0.93149	0.03298
57 A	0.03643	0.93150	0.03208
58 A	0.03782	0.93085	0.03134
59 T	0.04336	0.92386	0.03278
60 A	0.04525	0.92185	0.0329
61 A	0.04687	0.91951	0.03362
62 A	0.06029	0.90236	0.03734
63 A	0.06701	0.89163	0.04137
64 A	0.07965	0.87401	0.04634
65 A	0.11695	0.83105	0.052
66 A	0.15142	0.78661	0.06197
67 T	0.31798	0.57731	0.10471
68 A	0.34046	0.50093	0.15861
69 T	0.38677	0.41396	0.19927
70 G	0.41518	0.36586	0.21897
71 A	0.43298	0.34901	0.21802
72 T	0.50919	0.29165	0.19917
73 A	0.51539	0.29919	0.18542
74 T	0.56070	0.23192	0.20738
75 T	0.57051	0.19942	0.23008
76 T	0.56509	0.19427	0.24064
77 T	0.54172	0.21147	0.24681
78 C	0.49964	0.25343	0.24693
79 T	0.47900	0.27489	0.2461
80 A	0.45413	0.30093	0.24494
81 T	0.44514	0.30990	0.24496
82 T	0.42415	0.33172	0.24413
83 C	0.37725	0.37983	0.24292
84 G	0.34316	0.41766	0.23917
85 C	0.31912	0.44560	0.23527
86 A	0.28399	0.49565	0.22037
87 T	0.27156	0.51622	0.21222
88 G	0.26211	0.54037	0.19752
89 A	0.25391	0.57052	0.17557
90 A	0.24893	0.58725	0.16383
91 A	0.24441	0.59803	0.15756
92 A	0.23689	0.60527	0.15784
93 A	0.24164	0.59532	0.16304
94 G	0.25152	0.56594	0.18255
95 A	0.28894	0.52376	0.1873
96 T	0.31467	0.48149	0.20383
97 T	0.31690	0.47542	0.20768
98 T	0.31476	0.46965	0.21559
99 A	0.30238	0.47715	0.22047
100 G	0.28084	0.47690	0.24227
101 A	0.17343	0.58164	0.24493
102 A	0.13377	0.63774	0.22849
103 G	0.12673	0.70820	0.16507
104 A	0.11878	0.77288	0.10835
105 A	0.11570	0.76196	0.12234
106 G	0.11552	0.71694	0.16754
107 A	0.11760	0.69138	0.19102
108 A	0.11546	0.67828	0.20626
109 C	0.12695	0.67130	0.20174
110 A	0.13219	0.71507	0.15274
111 A	0.13410	0.73362	0.13228
112 A	0.14547	0.73769	0.11684
113 A	0.15043	0.73763	0.11194
114 T	0.15778	0.72643	0.11579
115 G	0.15404	0.72135	0.12462
116 A	0.15285	0.72020	0.12694
117 T	0.15348	0.71790	0.12862
118 C	0.14558	0.72624	0.12819
119 A	0.14067	0.73939	0.11995
120 A	0.13721	0.74383	0.11896
121 A	0.13873	0.73924	0.12204
122 A	0.14560	0.72344	0.13096
123 A	0.15971	0.69024	0.15004
124 C	0.18998	0.53052	0.2795
125 C	0.21858	0.46430	0.31712
126 T	0.30961	0.36825	0.32214
127 T	0.36580	0.30983	0.32437
128 C	0.36790	0.30618	0.32593
129 A	0.36914	0.30570	0.32516
130 A	0.37683	0.29594	0.32724
131 G	0.38595	0.27849	0.33557
132 T	0.44151	0.22266	0.33583
133 T	0.48826	0.18791	0.32383
134 T	0.50425	0.17148	0.32428
135 A	0.49671	0.18668	0.31661
136 T	0.48785	0.21141	0.30074
137 T	0.46087	0.27861	0.26051
138 A	0.27805	0.59600	0.12595
139 A	0.22064	0.71377	0.0656
140 A	0.20197	0.74902	0.04901
141 A	0.19215	0.75704	0.0508
142 A	0.19488	0.75193	0.05319
143 A	0.19516	0.74605	0.05879
144 A	0.19074	0.74741	0.06186
145 A	0.18762	0.74686	0.06552
146 T	0.18554	0.74395	0.07052
147 T	0.18221	0.74463	0.07315
148 A	0.17584	0.75216	0.07199
149 C	0.17180	0.75672	0.07148
150 A	0.16874	0.77675	0.05452
151 G	0.16761	0.78019	0.05219
152 A	0.16684	0.79203	0.04113
153 A	0.16691	0.79541	0.03768
154 A	0.16993	0.79418	0.03589
155 C	0.17659	0.78104	0.04237
156 G	0.19297	0.76644	0.04059
157 A	0.21028	0.74413	0.04559
158 A	0.23663	0.70400	0.05937
159 A	0.26823	0.65641	0.07536
160 G	0.31995	0.58088	0.09918
161 C	0.44297	0.27300	0.28403
162 T	0.50302	0.16815	0.32883
163 T	0.51546	0.14505	0.33949
164 T	0.51762	0.19064	0.29173
165 T	0.50797	0.24785	0.24418
166 A	0.47439	0.32469	0.20091
167 A	0.44970	0.36771	0.18259
168 A	0.43252	0.39506	0.17242
169 G	0.42229	0.40479	0.17293
170 G	0.42025	0.43163	0.14813
171 A	0.42211	0.43155	0.14634
172 G	0.41879	0.43056	0.15066
173 C	0.42621	0.42072	0.15307
174 A	0.42852	0.41875	0.15273
175 T	0.44469	0.40547	0.14985
176 C	0.45056	0.39973	0.14971
177 T	0.45374	0.40077	0.14549
178 G	0.45447	0.40074	0.14479
179 A	0.45728	0.39857	0.14415
180 T	0.45791	0.39927	0.14282
181 T	0.45656	0.40229	0.14115
182 C	0.45482	0.40561	0.13958
183 A	0.46272	0.40353	0.13375
184 T	0.48953	0.38037	0.1301
185 T	0.49903	0.37134	0.12963
186 A	0.50192	0.36928	0.1288
187 T	0.53566	0.33281	0.13152
188 A	0.55536	0.30091	0.14373
189 C	0.57305	0.24956	0.17739
190 A	0.56775	0.25193	0.18032
191 A	0.56935	0.24209	0.18856
192 A	0.56417	0.25073	0.18511
193 T	0.56851	0.25702	0.17447
194 T	0.50506	0.33491	0.16003
195 A	0.34186	0.49994	0.1582
196 G	0.24589	0.59135	0.16276
197 G	0.19159	0.64922	0.15918
198 A	0.13974	0.72322	0.13704
199 G	0.10713	0.76859	0.12427
200 A	0.09310	0.81578	0.09113
201 A	0.07667	0.86604	0.05729
202 A	0.06797	0.88048	0.05156
203 A	0.06269	0.88961	0.0477
204 A	0.04646	0.90571	0.04783
205 A	0.04495	0.90482	0.05023
206 C	0.04767	0.90025	0.05207
207 A	0.04855	0.90098	0.05047
208 A	0.04906	0.89934	0.0516
209 T	0.05134	0.89470	0.05396
210 A	0.04827	0.89652	0.05522
211 A	0.04773	0.89292	0.05935
212 A	0.05096	0.87099	0.07806
213 T	0.06501	0.82387	0.11112
214 A	0.06986	0.80163	0.1285
215 A	0.08443	0.76848	0.14709
216 A	0.10148	0.72010	0.17842
217 T	0.12041	0.61654	0.26305
218 T	0.12813	0.45125	0.42062
219 T	0.13128	0.35217	0.51655
220 A	0.13545	0.30676	0.5578
221 C	0.15276	0.24025	0.60698
222 A	0.16239	0.23414	0.60347
223 A	0.19210	0.19298	0.61492
224 A	0.22239	0.14787	0.62974
225 T	0.23021	0.13060	0.6392
226 T	0.23486	0.12056	0.64457
227 C	0.23564	0.09883	0.66553
228 G	0.23572	0.10005	0.66422
229 T	0.23796	0.10280	0.65924
230 T	0.23897	0.11777	0.64325
231 T	0.23711	0.18030	0.58259
232 A	0.21251	0.37380	0.41369
233 A	0.19156	0.51925	0.28918
234 T	0.17551	0.60470	0.21979
235 A	0.11408	0.75345	0.13247
236 A	0.09146	0.85172	0.05683
237 T	0.08604	0.87215	0.04181
238 A	0.07931	0.88792	0.03276
239 A	0.07647	0.89485	0.02868
240 A	0.07366	0.89894	0.0274
241 C	0.06036	0.91216	0.02748
242 A	0.05540	0.91990	0.02471
243 A	0.05793	0.91939	0.02268
244 A	0.06340	0.91651	0.0201
245 A	0.08325	0.89595	0.02079
246 T	0.08733	0.89043	0.02224
247 A	0.08880	0.88505	0.02614
248 T	0.09113	0.88097	0.02789
249 C	0.08348	0.88912	0.0274
250 A	0.07820	0.90065	0.02116
251 A	0.07312	0.90878	0.01809
252 A	0.07913	0.90466	0.01621
253 A	0.09478	0.88919	0.01603
254 A	0.15545	0.82603	0.01852
255 A	0.31610	0.63720	0.04669
256 A	0.45696	0.46853	0.07451
257 A	0.53369	0.36955	0.09676
258 C	0.61146	0.23313	0.15541
259 A	0.67034	0.17716	0.15249
260 T	0.68845	0.17589	0.13566
261 T	0.67467	0.20245	0.12288
262 A	0.65020	0.22777	0.12203
263 A	0.63066	0.24627	0.12306
264 T	0.60483	0.25726	0.1379
265 C	0.54812	0.30865	0.14323
266 C	0.45305	0.40901	0.13793
267 T	0.36007	0.54312	0.09681
268 A	0.22657	0.71015	0.06328
269 A	0.21227	0.73122	0.0565
270 A	0.20671	0.73950	0.05379
271 A	0.20592	0.74085	0.05323
272 T	0.20928	0.72746	0.06326
273 T	0.21546	0.71372	0.07082
274 T	0.21803	0.70352	0.07845
275 T	0.21914	0.70000	0.08086
276 T	0.21946	0.69827	0.08227
277 A	0.21952	0.69747	0.08301
278 A	0.21966	0.69599	0.08436
279 A	0.22005	0.69367	0.08628
280 A	0.22098	0.69056	0.08846
281 A	0.22396	0.68454	0.09151
282 A	0.24254	0.65985	0.09761
283 A	0.26255	0.63066	0.1068
284 T	0.27857	0.58704	0.13439
285 A	0.28238	0.55245	0.16517
286 A	0.28725	0.51697	0.19578
287 T	0.29980	0.45857	0.24162
288 A	0.30576	0.38968	0.30457
289 T	0.31798	0.27582	0.4062
290 A	0.34936	0.15707	0.49356
291 A	0.38069	0.00000	0.61931
