# lcl|CP097583.1_cds_USQ93391.1_1
# AA	inside	membr	outside
1 A	0.63534	0.00000	0.36466
2 T	0.62119	0.01414	0.36466
3 G	0.61112	0.02422	0.36466
4 A	0.61112	0.09609	0.29279
5 A	0.54581	0.23845	0.21573
6 A	0.54581	0.23989	0.2143
7 A	0.28821	0.49758	0.21421
8 A	0.28820	0.49759	0.21421
9 T	0.27230	0.51349	0.2142
10 C	0.27219	0.51394	0.21386
11 C	0.26571	0.52054	0.21374
12 C	0.19122	0.59521	0.21357
13 A	0.11686	0.67399	0.20916
14 A	0.11685	0.67400	0.20916
15 A	0.11685	0.68033	0.20282
16 A	0.11613	0.68104	0.20282
17 T	0.11561	0.68159	0.2028
18 A	0.11557	0.68169	0.20274
19 A	0.11498	0.68230	0.20272
20 A	0.10919	0.68788	0.20293
21 A	0.09748	0.69873	0.20379
22 A	0.10160	0.69118	0.20722
23 T	0.11508	0.66499	0.21994
24 C	0.12759	0.64463	0.22777
25 G	0.13960	0.61839	0.24201
26 T	0.14629	0.60722	0.24649
27 A	0.18416	0.56744	0.2484
28 T	0.23510	0.48149	0.28341
29 A	0.23254	0.48180	0.28566
30 T	0.22912	0.24269	0.5282
31 G	0.21564	0.23952	0.54484
32 A	0.21005	0.21153	0.57842
33 C	0.20479	0.18638	0.60883
34 G	0.19987	0.18551	0.61462
35 G	0.20085	0.14778	0.65137
36 T	0.20614	0.10960	0.68426
37 C	0.20606	0.11526	0.67868
38 T	0.20801	0.13231	0.65968
39 T	0.20293	0.26626	0.53082
40 G	0.18116	0.32780	0.49104
41 A	0.17978	0.37101	0.44922
42 A	0.17764	0.45046	0.37189
43 A	0.17629	0.45128	0.37244
44 A	0.17520	0.47159	0.35321
45 A	0.17510	0.47409	0.3508
46 G	0.17465	0.47734	0.34801
47 G	0.17445	0.48362	0.34193
48 A	0.17535	0.49990	0.32476
49 A	0.17826	0.53432	0.28743
50 A	0.18281	0.54435	0.27283
51 T	0.18835	0.53849	0.27316
52 A	0.18950	0.53591	0.27459
53 T	0.19061	0.52863	0.28075
54 T	0.19164	0.51611	0.29224
55 T	0.19214	0.51118	0.29668
56 A	0.19071	0.50953	0.29975
57 C	0.19502	0.50133	0.30365
58 G	0.19771	0.50233	0.29996
59 A	0.20659	0.49382	0.29959
60 A	0.22305	0.47675	0.3002
61 T	0.26090	0.43731	0.30179
62 T	0.37042	0.32435	0.30523
63 C	0.40398	0.27024	0.32578
64 G	0.43769	0.23545	0.32686
65 T	0.50123	0.17080	0.32797
66 T	0.48504	0.18712	0.32784
67 C	0.47509	0.19782	0.32709
68 A	0.43037	0.24843	0.3212
69 A	0.42571	0.25534	0.31895
70 A	0.42627	0.25629	0.31744
71 A	0.44201	0.24314	0.31486
72 A	0.46971	0.22298	0.30731
73 T	0.47695	0.21458	0.30846
74 T	0.43336	0.25738	0.30926
75 A	0.35230	0.33782	0.30987
76 T	0.30110	0.38747	0.31143
77 C	0.19539	0.49216	0.31245
78 C	0.16726	0.51997	0.31277
79 G	0.15346	0.53603	0.31051
80 A	0.14748	0.54613	0.3064
81 A	0.14731	0.55072	0.30197
82 T	0.14531	0.55829	0.29641
83 T	0.13440	0.57103	0.29457
84 T	0.12629	0.57932	0.29439
85 A	0.11832	0.58523	0.29645
86 A	0.11601	0.58107	0.30292
87 A	0.11474	0.56866	0.31661
88 T	0.11478	0.54520	0.34002
89 C	0.11359	0.51950	0.36691
90 A	0.11126	0.51614	0.3726
91 G	0.10028	0.51276	0.38695
92 A	0.09675	0.52476	0.37848
93 A	0.09575	0.53310	0.37116
94 A	0.09691	0.53810	0.36499
95 A	0.10270	0.52918	0.36812
96 A	0.10289	0.51250	0.38462
97 A	0.10090	0.45295	0.44615
98 T	0.10136	0.34950	0.54914
99 A	0.09984	0.30036	0.59981
100 C	0.09848	0.22890	0.67262
101 A	0.09628	0.32928	0.57443
102 A	0.09788	0.41344	0.48868
103 G	0.09782	0.53183	0.37035
104 A	0.10097	0.54600	0.35303
105 T	0.10626	0.55061	0.34313
106 T	0.10624	0.55030	0.34345
107 T	0.10350	0.55943	0.33707
108 C	0.09946	0.56813	0.33241
109 A	0.09583	0.61162	0.29255
110 A	0.09212	0.61748	0.2904
111 A	0.08960	0.62045	0.28996
112 A	0.08912	0.61957	0.29131
113 A	0.09146	0.61447	0.29407
114 C	0.09672	0.59261	0.31066
115 G	0.10662	0.57924	0.31415
116 A	0.11447	0.56970	0.31583
117 A	0.12256	0.56107	0.31637
118 A	0.12933	0.55386	0.3168
119 A	0.13190	0.55037	0.31773
120 C	0.13661	0.54104	0.32236
121 G	0.14462	0.53236	0.32303
122 A	0.16319	0.51343	0.32338
123 A	0.19725	0.47834	0.32441
124 A	0.29989	0.37344	0.32668
125 A	0.38799	0.28398	0.32803
126 T	0.51228	0.15156	0.33617
127 C	0.54375	0.11314	0.34311
128 T	0.57103	0.08433	0.34465
129 T	0.59367	0.06024	0.34608
130 T	0.59967	0.05295	0.34738
131 T	0.59775	0.05472	0.34752
132 T	0.58943	0.06254	0.34803
133 T	0.56186	0.09039	0.34775
134 T	0.51241	0.13801	0.34957
135 A	0.43698	0.21360	0.34941
136 A	0.39085	0.25860	0.35054
137 T	0.37211	0.27572	0.35217
138 C	0.34578	0.30090	0.35332
139 A	0.33775	0.30941	0.35284
140 C	0.33213	0.31586	0.35201
141 T	0.32586	0.32552	0.34862
142 A	0.31653	0.33552	0.34796
143 A	0.31071	0.34158	0.34771
144 A	0.30332	0.34870	0.34797
145 A	0.30259	0.34911	0.3483
146 C	0.30271	0.34442	0.35287
147 T	0.30331	0.34338	0.35331
148 G	0.30323	0.34367	0.3531
149 T	0.30344	0.34365	0.35292
150 T	0.30229	0.34509	0.35261
151 A	0.30101	0.34711	0.35189
152 A	0.30069	0.34301	0.3563
153 A	0.30122	0.33526	0.36351
154 T	0.30283	0.32027	0.3769
155 A	0.30377	0.29220	0.40403
156 T	0.30696	0.23126	0.46179
157 G	0.30610	0.17113	0.52277
158 G	0.30623	0.11799	0.57579
159 T	0.30251	0.11949	0.57799
160 G	0.29424	0.19237	0.5134
161 A	0.29137	0.24135	0.46728
162 A	0.28974	0.26327	0.44699
163 A	0.28998	0.25911	0.45091
164 T	0.29274	0.24916	0.45809
165 T	0.29281	0.24139	0.4658
166 A	0.29196	0.23766	0.47037
167 C	0.29168	0.23175	0.47656
168 T	0.29114	0.23338	0.47547
169 G	0.28947	0.23545	0.47507
170 A	0.28890	0.23825	0.47285
171 T	0.28857	0.24086	0.47057
172 A	0.28656	0.24382	0.46962
173 C	0.28547	0.24412	0.47042
174 T	0.28489	0.24500	0.47011
175 A	0.28114	0.25082	0.46804
176 C	0.27915	0.25343	0.46742
177 T	0.27774	0.25848	0.46378
178 G	0.27419	0.26832	0.45748
179 A	0.27451	0.27253	0.45296
180 A	0.27926	0.26938	0.45135
181 A	0.28995	0.26144	0.4486
182 A	0.31627	0.23257	0.45116
183 T	0.39830	0.14254	0.45916
184 T	0.44514	0.09331	0.46155
185 T	0.45894	0.07916	0.46189
186 T	0.45824	0.08323	0.45852
187 T	0.45434	0.09053	0.45513
188 T	0.43904	0.11105	0.4499
189 A	0.38073	0.17803	0.44124
190 A	0.35183	0.21032	0.43785
191 A	0.34507	0.21940	0.43553
192 A	0.34293	0.22455	0.43252
193 A	0.34301	0.22657	0.43042
194 A	0.34484	0.22473	0.43043
195 A	0.34576	0.22261	0.43163
196 T	0.34690	0.22003	0.43307
197 A	0.34861	0.21739	0.43399
198 T	0.35229	0.20966	0.43805
199 A	0.35339	0.20630	0.4403
200 G	0.35669	0.20011	0.4432
201 T	0.36232	0.19109	0.44659
202 C	0.36569	0.18662	0.44769
203 A	0.36756	0.18504	0.4474
204 A	0.37042	0.18236	0.44723
205 T	0.37352	0.17920	0.44729
206 T	0.37427	0.17839	0.44734
207 A	0.37500	0.17754	0.44746
208 G	0.37740	0.16813	0.45447
209 T	0.38270	0.15408	0.46322
210 A	0.38350	0.14664	0.46985
211 A	0.38624	0.12724	0.48652
212 T	0.39394	0.07021	0.53584
213 C	0.39218	0.04788	0.55994
214 G	0.39138	0.04832	0.5603
215 G	0.39270	0.04871	0.55858
216 T	0.39352	0.05338	0.55309
217 A	0.38951	0.05922	0.55128
218 T	0.38711	0.06179	0.55111
219 C	0.38123	0.06650	0.55226
220 G	0.37745	0.07174	0.55081
221 C	0.37499	0.07867	0.54634
222 A	0.37393	0.08842	0.53765
223 G	0.37358	0.08950	0.53691
224 T	0.37379	0.08988	0.53634
225 T	0.37373	0.09010	0.53617
226 T	0.37308	0.09375	0.53317
227 C	0.37158	0.09557	0.53285
228 A	0.37012	0.09920	0.53069
229 G	0.36914	0.10203	0.52883
230 G	0.36894	0.10433	0.52673
231 A	0.36767	0.10872	0.52361
232 A	0.36696	0.11047	0.52258
233 A	0.36763	0.10784	0.52453
234 T	0.36909	0.10372	0.52719
235 A	0.36926	0.10218	0.52855
236 G	0.37003	0.09639	0.53359
237 A	0.37334	0.09031	0.53635
238 A	0.37674	0.08400	0.53927
239 A	0.38310	0.07452	0.54238
240 T	0.38876	0.06297	0.54827
241 T	0.39202	0.05599	0.55199
242 T	0.39411	0.04908	0.55681
243 T	0.39531	0.04581	0.55888
244 G	0.39697	0.04224	0.5608
245 G	0.40149	0.03707	0.56144
246 T	0.40265	0.03598	0.56137
247 T	0.40216	0.03726	0.56059
248 C	0.40152	0.03813	0.56035
249 T	0.40384	0.03729	0.55887
250 A	0.40380	0.03898	0.55722
251 A	0.40540	0.03771	0.55689
252 T	0.40776	0.03519	0.55705
253 T	0.40963	0.03296	0.55741
254 T	0.41060	0.03027	0.55914
255 T	0.40843	0.03160	0.55998
256 G	0.40389	0.03642	0.55969
257 C	0.40033	0.04074	0.55892
258 T	0.39734	0.04779	0.55486
259 A	0.38996	0.05716	0.55288
260 A	0.38316	0.06577	0.55107
261 A	0.36290	0.08839	0.54871
262 G	0.34205	0.11159	0.54635
263 C	0.32246	0.13543	0.54211
264 A	0.30307	0.16104	0.53589
265 G	0.29013	0.17652	0.53335
266 G	0.28725	0.18170	0.53105
267 A	0.28486	0.18630	0.52884
268 G	0.28355	0.18998	0.52647
269 A	0.28409	0.19079	0.52513
270 T	0.28554	0.19134	0.52313
271 T	0.28470	0.19524	0.52006
272 T	0.28239	0.19986	0.51775
273 A	0.27724	0.20799	0.51477
274 A	0.27526	0.20986	0.51488
275 T	0.27425	0.20986	0.51589
276 A	0.27159	0.21123	0.51717
277 G	0.27045	0.21027	0.51927
278 C	0.26937	0.20862	0.52201
279 A	0.26451	0.21311	0.52238
280 G	0.26298	0.21336	0.52366
281 A	0.26488	0.21072	0.52441
282 A	0.26638	0.20605	0.52758
283 A	0.26825	0.19994	0.53181
284 A	0.27155	0.17510	0.55334
285 A	0.27572	0.14869	0.57559
286 T	0.28314	0.11960	0.59726
287 T	0.28922	0.09524	0.61554
288 T	0.29107	0.08160	0.62733
289 A	0.29174	0.07853	0.62973
290 A	0.29328	0.07420	0.63252
291 T	0.29554	0.06746	0.637
292 A	0.29726	0.06199	0.64074
293 T	0.30251	0.05067	0.64682
294 T	0.30702	0.04197	0.65101
295 C	0.30823	0.03720	0.65457
296 C	0.30950	0.03365	0.65685
297 T	0.30888	0.03535	0.65577
298 T	0.30623	0.04251	0.65126
299 T	0.30184	0.05349	0.64467
300 G	0.29573	0.07022	0.63406
301 G	0.29387	0.08846	0.61767
302 T	0.29354	0.10524	0.60122
303 T	0.28967	0.12342	0.58692
304 T	0.28421	0.14054	0.57525
305 T	0.27312	0.16614	0.56074
306 A	0.25827	0.19469	0.54703
307 A	0.25031	0.20999	0.5397
308 A	0.24857	0.21231	0.53912
309 A	0.24835	0.21284	0.5388
310 T	0.24934	0.21195	0.53871
311 T	0.24861	0.21417	0.53721
312 C	0.24396	0.21997	0.53606
313 G	0.22380	0.24772	0.52848
314 A	0.21554	0.26037	0.52409
315 A	0.20950	0.27004	0.52046
316 A	0.20621	0.27546	0.51832
317 A	0.20470	0.27754	0.51775
318 T	0.20439	0.27661	0.519
319 A	0.19942	0.28092	0.51965
320 A	0.19590	0.28305	0.52104
321 A	0.19908	0.27675	0.52416
322 G	0.20584	0.26496	0.5292
323 G	0.21737	0.24700	0.53563
324 A	0.24098	0.22052	0.5385
325 T	0.27552	0.18117	0.54331
326 T	0.29316	0.15597	0.55087
327 T	0.29472	0.14871	0.55658
328 G	0.27809	0.15685	0.56506
329 A	0.25876	0.16662	0.57463
330 C	0.23055	0.18831	0.58114
331 G	0.19051	0.23069	0.5788
332 A	0.16134	0.26682	0.57184
333 A	0.14406	0.28618	0.56977
334 G	0.13896	0.29201	0.56903
335 A	0.13539	0.29793	0.56668
336 T	0.14131	0.27407	0.58462
337 A	0.13984	0.27005	0.59011
338 T	0.14048	0.26590	0.59362
339 T	0.13763	0.27137	0.591
340 A	0.12057	0.29565	0.58378
341 A	0.11724	0.30057	0.58218
342 A	0.11362	0.30281	0.58356
343 T	0.11194	0.30223	0.58584
344 A	0.10898	0.30529	0.58573
345 T	0.10677	0.30687	0.58637
346 A	0.10145	0.31327	0.58527
347 T	0.10021	0.31255	0.58724
348 T	0.09653	0.31476	0.5887
349 A	0.09319	0.31741	0.5894
350 A	0.09198	0.31399	0.59403
351 A	0.09187	0.29588	0.61225
352 A	0.09229	0.27399	0.63372
353 A	0.09310	0.24396	0.66295
354 A	0.09716	0.20488	0.69797
355 T	0.10522	0.16648	0.7283
356 G	0.10772	0.14791	0.74437
357 G	0.11088	0.13908	0.75004
358 T	0.11766	0.13074	0.75159
359 T	0.12063	0.13147	0.74791
360 A	0.12293	0.13825	0.73882
361 A	0.12617	0.15034	0.72348
362 A	0.13186	0.16573	0.70241
363 T	0.14036	0.16429	0.69535
364 A	0.14304	0.20185	0.65511
365 A	0.14734	0.22414	0.62851
366 T	0.15219	0.24036	0.60745
367 T	0.15423	0.24422	0.60155
368 A	0.15486	0.25064	0.5945
369 T	0.15679	0.24599	0.59722
370 A	0.15493	0.25558	0.5895
371 C	0.15346	0.26198	0.58457
372 A	0.15129	0.29811	0.55061
373 G	0.15216	0.29979	0.54805
374 A	0.15307	0.30194	0.545
375 A	0.15521	0.30017	0.54462
376 A	0.15700	0.29864	0.54436
377 C	0.15976	0.29536	0.54489
378 T	0.16271	0.29238	0.5449
379 C	0.16420	0.29094	0.54487
380 A	0.16624	0.28933	0.54444
381 C	0.16991	0.28567	0.54443
382 G	0.17477	0.28092	0.54431
383 A	0.18509	0.27057	0.54434
384 A	0.20386	0.25173	0.54441
385 C	0.23279	0.22257	0.54464
386 A	0.25865	0.19668	0.54467
387 C	0.30048	0.15423	0.54529
388 C	0.32793	0.12671	0.54537
389 A	0.34949	0.10513	0.54538
390 T	0.36302	0.09153	0.54545
391 T	0.37345	0.08062	0.54593
392 A	0.37787	0.07600	0.54613
393 C	0.38663	0.06448	0.54889
394 A	0.39545	0.05288	0.55167
395 T	0.42675	0.01768	0.55557
396 T	0.42948	0.01313	0.55739
397 C	0.43045	0.01130	0.55825
398 C	0.43067	0.01102	0.55831
399 T	0.43108	0.01082	0.5581
400 T	0.42971	0.01261	0.55767
401 C	0.42666	0.01574	0.5576
402 T	0.42417	0.01897	0.55686
403 T	0.42030	0.02347	0.55623
404 A	0.40001	0.04457	0.55542
405 C	0.37334	0.07182	0.55483
406 A	0.35876	0.08654	0.5547
407 T	0.35433	0.09073	0.55494
408 T	0.35010	0.09498	0.55492
409 A	0.34417	0.10136	0.55447
410 C	0.34141	0.10423	0.55437
411 T	0.33996	0.10594	0.55411
412 T	0.33648	0.10984	0.55367
413 T	0.33090	0.11540	0.5537
414 A	0.31902	0.12730	0.55368
415 A	0.30644	0.13980	0.55376
416 A	0.30357	0.14179	0.55463
417 C	0.30098	0.14312	0.55589
418 A	0.29902	0.14479	0.55618
419 A	0.29768	0.14541	0.5569
420 T	0.29635	0.14546	0.55819
421 C	0.28556	0.15601	0.55844
422 A	0.27529	0.16757	0.55714
423 A	0.26453	0.17818	0.55729
424 A	0.26220	0.17780	0.56
425 T	0.26118	0.17549	0.56333
426 T	0.25643	0.17644	0.56713
427 A	0.24231	0.16888	0.5888
428 T	0.22809	0.15357	0.61834
429 C	0.21571	0.15391	0.63038
430 G	0.20557	0.16436	0.63007
431 A	0.20085	0.17034	0.62882
432 T	0.19821	0.17079	0.631
433 T	0.19167	0.17571	0.63262
434 C	0.18622	0.17917	0.63461
435 T	0.18198	0.17987	0.63815
436 G	0.17524	0.18384	0.64092
437 A	0.17200	0.18193	0.64607
438 C	0.16934	0.17732	0.65334
439 G	0.16056	0.18840	0.65105
440 G	0.14749	0.20419	0.64832
441 A	0.14162	0.22414	0.63424
442 A	0.13691	0.24996	0.61312
443 A	0.13441	0.25790	0.60769
444 A	0.13407	0.24888	0.61705
445 A	0.13452	0.23787	0.62761
446 T	0.13565	0.22462	0.63973
447 A	0.13441	0.23156	0.63403
448 A	0.13296	0.24298	0.62406
449 A	0.12876	0.25296	0.61828
450 A	0.12497	0.24988	0.62514
451 G	0.12459	0.23649	0.63892
452 A	0.12676	0.22363	0.64961
453 T	0.13042	0.21088	0.6587
454 G	0.13220	0.20325	0.66454
455 T	0.13371	0.19780	0.66849
456 C	0.12762	0.19831	0.67407
457 A	0.11791	0.21598	0.66611
458 A	0.10655	0.24028	0.65317
459 T	0.09898	0.26871	0.63231
460 A	0.09272	0.31256	0.59471
461 A	0.09061	0.32810	0.58128
462 A	0.09184	0.31885	0.58931
463 G	0.09454	0.30261	0.60285
464 A	0.10525	0.28772	0.60704
465 T	0.12436	0.26432	0.61133
466 C	0.12683	0.25992	0.61325
467 A	0.12592	0.26114	0.61294
468 A	0.12281	0.26379	0.6134
469 G	0.12171	0.26422	0.61407
470 A	0.12742	0.25745	0.61513
471 A	0.14147	0.24235	0.61618
472 G	0.15426	0.22389	0.62185
473 C	0.16333	0.20996	0.62671
474 T	0.16902	0.20378	0.6272
475 T	0.16934	0.20488	0.62577
476 T	0.16414	0.21573	0.62013
477 A	0.14685	0.24508	0.60807
478 A	0.14481	0.24770	0.60749
479 A	0.14778	0.23747	0.61475
480 A	0.15865	0.21483	0.62652
481 G	0.17385	0.18525	0.6409
482 C	0.19838	0.14954	0.65208
483 T	0.23706	0.10871	0.65424
484 T	0.24956	0.09841	0.65203
485 A	0.25062	0.09894	0.65043
486 T	0.25173	0.09855	0.64972
487 T	0.25167	0.10097	0.64736
488 T	0.24650	0.11159	0.64192
489 T	0.21399	0.14903	0.63698
490 A	0.17804	0.18989	0.63207
491 A	0.15193	0.21754	0.63052
492 A	0.12992	0.23772	0.63236
493 G	0.11071	0.25676	0.63254
494 A	0.09259	0.28342	0.624
495 A	0.08335	0.30655	0.6101
496 G	0.08075	0.32715	0.5921
497 A	0.08054	0.33274	0.58673
498 A	0.08178	0.33207	0.58615
499 A	0.08660	0.32197	0.59143
500 T	0.09785	0.29420	0.60794
501 C	0.09879	0.28983	0.61139
502 A	0.09967	0.28850	0.61182
503 A	0.10075	0.28698	0.61227
504 T	0.10212	0.28501	0.61287
505 C	0.10262	0.28416	0.61322
506 C	0.10422	0.28261	0.61318
507 T	0.10815	0.27878	0.61308
508 A	0.10992	0.27734	0.61275
509 A	0.11173	0.27611	0.61216
510 A	0.11385	0.27338	0.61277
511 T	0.12126	0.25709	0.62165
512 T	0.11809	0.21880	0.66311
513 A	0.11166	0.19445	0.69388
514 A	0.10363	0.19568	0.70069
515 A	0.09766	0.20217	0.70018
516 A	0.09607	0.21312	0.69082
517 A	0.10011	0.22055	0.67934
518 A	0.10988	0.20767	0.68245
519 A	0.12416	0.19067	0.68517
520 T	0.12867	0.18372	0.68761
521 T	0.12790	0.18313	0.68897
522 C	0.12201	0.18836	0.68963
523 C	0.11428	0.19615	0.68957
524 C	0.10926	0.20155	0.6892
525 T	0.10571	0.20626	0.68803
526 A	0.10361	0.21021	0.68618
527 C	0.10288	0.21170	0.68543
528 T	0.10221	0.21351	0.68428
529 T	0.09994	0.21660	0.68346
530 T	0.09117	0.22625	0.68258
531 A	0.07199	0.24672	0.68129
532 A	0.06733	0.25146	0.6812
533 A	0.06639	0.24907	0.68454
534 A	0.06657	0.24465	0.68878
535 G	0.06834	0.23240	0.69926
536 A	0.07766	0.21411	0.70822
537 T	0.10082	0.18058	0.71859
538 A	0.11384	0.16288	0.72328
539 A	0.13173	0.14143	0.72684
540 A	0.15202	0.11815	0.72983
541 A	0.15733	0.10858	0.7341
542 T	0.15934	0.09938	0.74128
543 T	0.15938	0.09218	0.74844
544 G	0.15891	0.09134	0.74975
545 A	0.15967	0.08737	0.75295
546 T	0.16153	0.07982	0.75865
547 T	0.16221	0.07518	0.76261
548 T	0.16235	0.07051	0.76714
549 T	0.16198	0.06947	0.76855
550 T	0.15981	0.07314	0.76705
551 T	0.15376	0.08509	0.76114
552 A	0.14570	0.09242	0.76188
553 A	0.14213	0.08944	0.76843
554 T	0.14034	0.07572	0.78394
555 T	0.13391	0.08206	0.78403
556 C	0.10955	0.11682	0.77364
557 A	0.08360	0.17379	0.7426
558 A	0.06821	0.19829	0.7335
559 A	0.05858	0.21132	0.73011
560 A	0.05463	0.21681	0.72856
561 T	0.05652	0.21501	0.72846
562 G	0.05624	0.21471	0.72906
563 A	0.05691	0.21422	0.72887
564 A	0.05764	0.21342	0.72894
565 T	0.05979	0.21107	0.72913
566 A	0.06027	0.21062	0.72911
567 T	0.06223	0.20867	0.72911
568 T	0.06145	0.21280	0.72575
569 A	0.05675	0.22069	0.72256
570 T	0.05397	0.22395	0.72209
571 G	0.04481	0.23326	0.72192
572 A	0.03944	0.23820	0.72237
573 A	0.03667	0.23871	0.72462
574 G	0.04183	0.22725	0.73092
575 A	0.04222	0.21970	0.73808
576 A	0.04363	0.21171	0.74466
577 G	0.04695	0.20203	0.75103
578 A	0.05305	0.18865	0.7583
579 A	0.06854	0.15184	0.77962
580 T	0.09941	0.09629	0.8043
581 T	0.10632	0.07557	0.8181
582 T	0.10746	0.06703	0.82551
583 T	0.10655	0.06761	0.82583
584 T	0.10002	0.07838	0.8216
585 A	0.07961	0.10569	0.8147
586 A	0.05874	0.12899	0.81227
587 A	0.05547	0.13401	0.81052
588 A	0.05384	0.13888	0.80728
589 A	0.05324	0.14291	0.80385
590 A	0.05384	0.14369	0.80246
591 A	0.05762	0.13964	0.80274
592 T	0.06117	0.13038	0.80845
593 A	0.06218	0.12690	0.81092
594 T	0.06353	0.11830	0.81817
595 T	0.06350	0.11375	0.82275
596 C	0.06131	0.11193	0.82677
597 A	0.05408	0.11938	0.82654
598 T	0.04541	0.12813	0.82646
599 G	0.02911	0.14480	0.82609
600 G	0.02199	0.15241	0.82561
601 G	0.01934	0.15644	0.82421
602 A	0.01778	0.15855	0.82366
603 A	0.01723	0.15900	0.82378
604 G	0.01781	0.15710	0.82509
605 A	0.01885	0.15448	0.82667
606 A	0.02199	0.14804	0.82998
607 A	0.02659	0.13562	0.83779
608 T	0.03394	0.10866	0.85741
609 C	0.03605	0.08915	0.8748
610 A	0.03747	0.08572	0.87681
611 A	0.04008	0.08161	0.87831
612 A	0.04263	0.07780	0.87957
613 A	0.04494	0.07465	0.88041
614 C	0.04740	0.07114	0.88146
615 A	0.04843	0.06895	0.88261
616 A	0.05067	0.06505	0.88428
617 T	0.05391	0.06022	0.88587
618 T	0.05509	0.05725	0.88766
619 T	0.05509	0.05454	0.89037
620 A	0.05490	0.04498	0.90012
621 T	0.05547	0.03304	0.9115
622 C	0.05568	0.01725	0.92706
623 G	0.05600	0.01292	0.93109
624 T	0.05733	0.01012	0.93254
625 T	0.05769	0.00883	0.93347
626 T	0.05728	0.00882	0.9339
627 A	0.05648	0.00946	0.93406
628 G	0.05599	0.00925	0.93476
629 C	0.05592	0.00872	0.93535
630 T	0.05593	0.00861	0.93546
631 T	0.05580	0.00861	0.93559
632 A	0.05561	0.00857	0.93582
633 T	0.05558	0.00825	0.93617
634 G	0.05556	0.00797	0.93648
635 C	0.05560	0.00660	0.9378
636 T	0.05564	0.00634	0.93802
637 T	0.05565	0.00620	0.93815
638 T	0.05565	0.00614	0.93821
639 T	0.05559	0.00616	0.93826
640 G	0.05551	0.00620	0.93828
641 A	0.05550	0.00601	0.93849
642 T	0.05551	0.00544	0.93906
643 T	0.05550	0.00481	0.93969
644 T	0.05549	0.00466	0.93985
645 T	0.05547	0.00452	0.94001
646 A	0.05545	0.00453	0.94001
647 A	0.05546	0.00439	0.94015
648 A	0.05547	0.00400	0.94053
649 T	0.05550	0.00324	0.94126
650 T	0.05553	0.00240	0.94207
651 T	0.05552	0.00197	0.94251
652 G	0.05546	0.00187	0.94267
653 A	0.05546	0.00181	0.94274
654 T	0.05547	0.00165	0.94288
655 T	0.05540	0.00155	0.94305
656 C	0.05532	0.00156	0.94312
657 T	0.05526	0.00163	0.94311
658 T	0.05511	0.00182	0.94307
659 T	0.05488	0.00205	0.94308
660 T	0.05470	0.00223	0.94308
661 A	0.05430	0.00264	0.94306
662 T	0.05415	0.00269	0.94316
663 C	0.05381	0.00295	0.94325
664 G	0.05349	0.00325	0.94326
665 G	0.05319	0.00354	0.94328
666 C	0.05310	0.00361	0.94329
667 G	0.05302	0.00370	0.94329
668 C	0.05309	0.00362	0.94329
669 T	0.05332	0.00339	0.94329
670 T	0.05338	0.00332	0.9433
671 T	0.05338	0.00333	0.94329
672 C	0.05336	0.00334	0.9433
673 A	0.05335	0.00336	0.94329
674 A	0.05337	0.00331	0.94332
675 A	0.05335	0.00327	0.94338
676 T	0.05336	0.00321	0.94343
677 T	0.05329	0.00326	0.94344
678 T	0.05292	0.00351	0.94357
679 T	0.05253	0.00374	0.94374
680 A	0.05192	0.00422	0.94387
681 T	0.05169	0.00414	0.94417
682 C	0.05138	0.00414	0.94449
683 A	0.05111	0.00438	0.9445
684 T	0.05087	0.00446	0.94467
685 G	0.05024	0.00515	0.9446
686 A	0.04895	0.00627	0.94478
687 T	0.04861	0.00642	0.94496
688 T	0.04801	0.00672	0.94527
689 A	0.04683	0.00779	0.94538
690 C	0.04626	0.00822	0.94552
691 G	0.04568	0.00888	0.94545
692 C	0.04452	0.01021	0.94528
693 T	0.04350	0.01174	0.94477
694 T	0.04163	0.01403	0.94434
695 T	0.03985	0.01637	0.94377
696 A	0.03583	0.02083	0.94334
697 A	0.03321	0.02349	0.9433
698 A	0.03212	0.02448	0.9434
699 A	0.03169	0.02471	0.9436
700 A	0.03101	0.02510	0.9439
701 C	0.03024	0.02526	0.9445
702 A	0.02935	0.02584	0.94481
703 C	0.02846	0.02625	0.94528
704 G	0.02770	0.02693	0.94536
705 A	0.02720	0.02732	0.94548
706 G	0.02715	0.02725	0.9456
707 A	0.02718	0.02694	0.94589
708 T	0.02726	0.02631	0.94644
709 C	0.02718	0.02479	0.94803
710 A	0.02716	0.02451	0.94834
711 A	0.02715	0.02400	0.94885
712 A	0.02717	0.02311	0.94971
713 A	0.02725	0.02246	0.9503
714 G	0.02752	0.02138	0.9511
715 T	0.02789	0.01812	0.95399
716 T	0.02842	0.01466	0.95692
717 C	0.02869	0.01154	0.95977
718 T	0.02902	0.01048	0.96049
719 A	0.02917	0.00900	0.96183
720 T	0.02916	0.00777	0.96307
721 T	0.02905	0.00737	0.96358
722 T	0.02764	0.00863	0.96374
723 A	0.02560	0.01018	0.96422
724 G	0.02449	0.01041	0.9651
725 A	0.02345	0.01070	0.96585
726 A	0.02283	0.01056	0.96661
727 A	0.02248	0.01012	0.96739
728 C	0.02230	0.00961	0.96808
729 T	0.02212	0.00972	0.96816
730 T	0.02161	0.01022	0.96817
731 A	0.02128	0.01057	0.96815
732 C	0.02112	0.01071	0.96818
733 G	0.02102	0.01105	0.96793
734 A	0.02099	0.01107	0.96794
735 A	0.02100	0.01103	0.96798
736 G	0.02098	0.01100	0.96802
737 A	0.02099	0.01097	0.96804
738 C	0.02103	0.01078	0.96819
739 C	0.02109	0.01065	0.96827
740 G	0.02119	0.01053	0.96828
741 T	0.02168	0.01001	0.96831
742 T	0.02195	0.00972	0.96833
743 T	0.02204	0.00961	0.96835
744 A	0.02206	0.00947	0.96847
745 G	0.02213	0.00767	0.9702
746 T	0.02230	0.00560	0.97209
747 A	0.02229	0.00465	0.97306
748 A	0.02235	0.00372	0.97393
749 T	0.02247	0.00295	0.97458
750 T	0.02249	0.00256	0.97495
751 A	0.02245	0.00235	0.97519
752 A	0.02247	0.00206	0.97547
753 C	0.02250	0.00145	0.97606
754 G	0.02254	0.00124	0.97622
755 C	0.02258	0.00111	0.97631
756 T	0.02283	0.00086	0.97631
757 T	0.02283	0.00087	0.9763
758 T	0.02282	0.00090	0.97629
759 A	0.02279	0.00092	0.97629
760 T	0.02278	0.00092	0.97631
761 A	0.02276	0.00091	0.97633
762 T	0.02276	0.00088	0.97636
763 C	0.02273	0.00087	0.9764
764 A	0.02271	0.00089	0.97641
765 T	0.02265	0.00093	0.97642
766 G	0.02261	0.00096	0.97644
767 C	0.02262	0.00091	0.97648
768 T	0.02265	0.00087	0.97648
769 T	0.02266	0.00084	0.9765
770 C	0.02264	0.00083	0.97653
771 T	0.02259	0.00088	0.97653
772 G	0.02236	0.00114	0.9765
773 G	0.02190	0.00165	0.97645
774 T	0.02174	0.00183	0.97642
775 A	0.02153	0.00208	0.97639
776 A	0.02137	0.00221	0.97642
777 T	0.02121	0.00233	0.97647
778 T	0.02095	0.00256	0.97649
779 T	0.02052	0.00296	0.97652
780 C	0.02007	0.00337	0.97655
781 A	0.01967	0.00377	0.97656
782 C	0.01955	0.00388	0.97657
783 A	0.01937	0.00409	0.97654
784 T	0.01919	0.00427	0.97654
785 T	0.01902	0.00444	0.97654
786 A	0.01874	0.00469	0.97657
787 G	0.01819	0.00521	0.97659
788 C	0.01774	0.00555	0.97671
789 T	0.01726	0.00598	0.97676
790 C	0.01660	0.00662	0.97678
791 A	0.01601	0.00723	0.97675
792 A	0.01561	0.00765	0.97674
793 G	0.01535	0.00793	0.97673
794 A	0.01512	0.00815	0.97673
795 A	0.01510	0.00804	0.97686
796 T	0.01516	0.00751	0.97733
797 T	0.01516	0.00750	0.97734
798 A	0.01507	0.00763	0.9773
799 A	0.01498	0.00797	0.97705
800 T	0.01482	0.00785	0.97732
801 T	0.01456	0.00782	0.97762
802 G	0.01407	0.00796	0.97797
803 A	0.01383	0.00790	0.97827
804 C	0.01367	0.00769	0.97864
805 A	0.01362	0.00776	0.97861
806 A	0.01362	0.00765	0.97874
807 T	0.01362	0.00750	0.97889
808 T	0.01362	0.00741	0.97897
809 T	0.01361	0.00729	0.9791
810 A	0.01359	0.00685	0.97955
811 A	0.01359	0.00646	0.97995
812 T	0.01359	0.00604	0.98038
813 G	0.01351	0.00564	0.98086
814 A	0.01350	0.00546	0.98104
815 A	0.01350	0.00522	0.98128
816 A	0.01351	0.00502	0.98147
817 C	0.01358	0.00474	0.98169
818 A	0.01366	0.00484	0.98149
819 A	0.01378	0.00500	0.98122
820 A	0.01399	0.00508	0.98094
821 A	0.01426	0.00504	0.9807
822 T	0.01472	0.00462	0.98066
823 T	0.01479	0.00426	0.98094
824 T	0.01480	0.00399	0.98121
825 T	0.01465	0.00372	0.98164
826 A	0.01435	0.00382	0.98183
827 C	0.01419	0.00384	0.98198
828 T	0.01394	0.00405	0.982
829 C	0.01338	0.00460	0.98202
830 C	0.01288	0.00509	0.98202
831 T	0.01223	0.00575	0.98203
832 G	0.01163	0.00635	0.98202
833 C	0.01146	0.00652	0.98202
834 A	0.01141	0.00657	0.98203
835 A	0.01151	0.00645	0.98203
836 C	0.01162	0.00626	0.98213
837 T	0.01189	0.00596	0.98214
838 C	0.01195	0.00589	0.98216
839 C	0.01198	0.00585	0.98217
840 A	0.01200	0.00583	0.98217
841 A	0.01215	0.00567	0.98217
842 C	0.01234	0.00548	0.98218
843 A	0.01255	0.00526	0.98218
844 T	0.01283	0.00498	0.98219
845 T	0.01267	0.00512	0.98221
846 A	0.01190	0.00587	0.98223
847 T	0.01147	0.00627	0.98226
848 T	0.01063	0.00685	0.98253
849 A	0.00908	0.00807	0.98284
850 A	0.00834	0.00856	0.98309
851 A	0.00791	0.00857	0.98352
852 T	0.00767	0.00807	0.98426
853 A	0.00689	0.00830	0.98481
854 C	0.00635	0.00811	0.98555
855 T	0.00597	0.00816	0.98587
856 G	0.00536	0.00863	0.98601
857 G	0.00523	0.00870	0.98607
858 T	0.00516	0.00877	0.98607
859 C	0.00506	0.00887	0.98607
860 G	0.00499	0.00897	0.98605
861 T	0.00495	0.00906	0.98599
862 A	0.00487	0.00923	0.9859
863 A	0.00482	0.00938	0.9858
864 A	0.00479	0.00944	0.98577
865 A	0.00478	0.00935	0.98587
866 A	0.00477	0.00917	0.98605
867 A	0.00475	0.00897	0.98629
868 A	0.00473	0.00852	0.98675
869 G	0.00472	0.00752	0.98776
870 A	0.00472	0.00700	0.98828
871 G	0.00472	0.00609	0.98919
872 G	0.00473	0.00485	0.99041
873 A	0.00474	0.00423	0.99103
874 G	0.00476	0.00377	0.99147
875 A	0.00478	0.00350	0.99172
876 A	0.00481	0.00277	0.99242
877 T	0.00486	0.00214	0.993
878 T	0.00488	0.00169	0.99343
879 C	0.00489	0.00114	0.99396
880 G	0.00492	0.00103	0.99406
881 T	0.00498	0.00092	0.9941
882 T	0.00502	0.00083	0.99415
883 T	0.00507	0.00073	0.99419
884 C	0.00514	0.00064	0.99422
885 G	0.00522	0.00050	0.99428
886 T	0.00534	0.00036	0.9943
887 G	0.00539	0.00030	0.99432
888 T	0.00545	0.00023	0.99432
889 T	0.00548	0.00020	0.99431
890 T	0.00549	0.00018	0.99434
891 T	0.00549	0.00016	0.99435
892 T	0.00549	0.00015	0.99436
893 T	0.00548	0.00016	0.99436
894 A	0.00544	0.00020	0.99435
895 T	0.00541	0.00025	0.99434
896 T	0.00537	0.00030	0.99432
897 A	0.00530	0.00041	0.99429
898 G	0.00524	0.00048	0.99428
899 A	0.00523	0.00050	0.99428
900 A	0.00521	0.00052	0.99427
901 G	0.00518	0.00055	0.99427
902 C	0.00517	0.00056	0.99427
903 T	0.00517	0.00056	0.99427
904 G	0.00516	0.00057	0.99426
905 G	0.00516	0.00058	0.99426
906 T	0.00517	0.00058	0.99426
907 G	0.00517	0.00058	0.99425
908 A	0.00518	0.00057	0.99425
909 T	0.00521	0.00054	0.99425
910 T	0.00522	0.00053	0.99426
911 C	0.00522	0.00053	0.99425
912 T	0.00522	0.00054	0.99425
913 T	0.00521	0.00055	0.99424
914 T	0.00520	0.00057	0.99424
915 A	0.00515	0.00061	0.99424
916 A	0.00511	0.00065	0.99425
917 A	0.00509	0.00060	0.9943
918 C	0.00509	0.00054	0.99437
919 G	0.00510	0.00050	0.9944
920 A	0.00513	0.00043	0.99444
921 T	0.00514	0.00039	0.99447
922 A	0.00514	0.00037	0.99448
923 T	0.00515	0.00035	0.9945
924 T	0.00516	0.00032	0.99452
925 T	0.00515	0.00030	0.99455
926 C	0.00515	0.00030	0.99456
927 A	0.00515	0.00030	0.99456
928 C	0.00515	0.00029	0.99456
929 G	0.00515	0.00029	0.99455
930 T	0.00515	0.00029	0.99455
931 A	0.00515	0.00030	0.99455
932 T	0.00516	0.00029	0.99455
933 T	0.00515	0.00030	0.99455
934 G	0.00514	0.00029	0.99457
935 T	0.00514	0.00028	0.99458
936 T	0.00514	0.00027	0.99459
937 G	0.00511	0.00028	0.9946
938 A	0.00509	0.00028	0.99463
939 A	0.00507	0.00026	0.99467
940 T	0.00506	0.00024	0.99469
941 T	0.00503	0.00025	0.99472
942 C	0.00497	0.00030	0.99473
943 T	0.00495	0.00033	0.99473
944 C	0.00480	0.00048	0.99473
945 A	0.00468	0.00060	0.99473
946 A	0.00463	0.00065	0.99473
947 T	0.00458	0.00070	0.99472
948 G	0.00449	0.00078	0.99473
949 C	0.00446	0.00082	0.99472
950 A	0.00441	0.00090	0.99469
951 G	0.00439	0.00094	0.99467
952 T	0.00439	0.00095	0.99467
953 T	0.00437	0.00097	0.99466
954 A	0.00434	0.00100	0.99465
955 T	0.00433	0.00101	0.99466
956 C	0.00432	0.00101	0.99466
957 A	0.00431	0.00102	0.99466
958 A	0.00431	0.00102	0.99467
959 A	0.00431	0.00101	0.99469
960 A	0.00431	0.00098	0.9947
961 C	0.00430	0.00097	0.99473
962 T	0.00429	0.00096	0.99475
963 A	0.00428	0.00096	0.99476
964 G	0.00427	0.00094	0.9948
965 G	0.00426	0.00089	0.99485
966 T	0.00425	0.00088	0.99488
967 G	0.00424	0.00074	0.99502
968 G	0.00423	0.00066	0.9951
969 A	0.00423	0.00068	0.99509
970 G	0.00423	0.00069	0.99508
971 G	0.00424	0.00065	0.99511
972 A	0.00425	0.00065	0.99511
973 G	0.00427	0.00057	0.99515
974 T	0.00430	0.00052	0.99517
975 T	0.00431	0.00050	0.99519
976 T	0.00432	0.00047	0.99522
977 C	0.00432	0.00044	0.99524
978 C	0.00432	0.00044	0.99524
979 A	0.00432	0.00046	0.99522
980 T	0.00432	0.00046	0.99521
981 T	0.00432	0.00048	0.99519
982 A	0.00432	0.00051	0.99516
983 G	0.00432	0.00053	0.99516
984 T	0.00431	0.00055	0.99514
985 T	0.00429	0.00060	0.99511
986 T	0.00422	0.00067	0.99512
987 A	0.00411	0.00079	0.9951
988 A	0.00401	0.00091	0.99509
989 G	0.00395	0.00097	0.99507
990 C	0.00384	0.00112	0.99504
991 A	0.00384	0.00128	0.99488
992 A	0.00389	0.00129	0.99481
993 T	0.00393	0.00132	0.99475
994 T	0.00391	0.00138	0.99471
995 T	0.00382	0.00149	0.99469
996 A	0.00311	0.00223	0.99466
997 A	0.00261	0.00274	0.99466
998 G	0.00218	0.00316	0.99466
999 A	0.00190	0.00344	0.99466
1000 G	0.00168	0.00366	0.99467
1001 C	0.00153	0.00380	0.99467
1002 C	0.00139	0.00395	0.99466
1003 A	0.00129	0.00405	0.99466
1004 A	0.00124	0.00410	0.99465
1005 A	0.00121	0.00414	0.99465
1006 A	0.00118	0.00416	0.99465
1007 C	0.00117	0.00415	0.99467
1008 A	0.00114	0.00415	0.99471
1009 G	0.00109	0.00413	0.99478
1010 A	0.00108	0.00406	0.99486
1011 G	0.00109	0.00397	0.99494
1012 A	0.00112	0.00391	0.99498
1013 C	0.00118	0.00367	0.99515
1014 T	0.00134	0.00347	0.99519
1015 A	0.00140	0.00339	0.99521
1016 T	0.00146	0.00329	0.99525
1017 T	0.00146	0.00324	0.9953
1018 A	0.00141	0.00324	0.99535
1019 A	0.00135	0.00260	0.99604
1020 A	0.00127	0.00214	0.99658
1021 G	0.00119	0.00175	0.99707
1022 G	0.00107	0.00159	0.99735
1023 G	0.00101	0.00150	0.9975
1024 A	0.00096	0.00145	0.99759
1025 T	0.00092	0.00136	0.99771
1026 G	0.00081	0.00140	0.99779
1027 A	0.00077	0.00140	0.99783
1028 A	0.00076	0.00137	0.99787
1029 A	0.00076	0.00133	0.99791
1030 A	0.00076	0.00128	0.99796
1031 A	0.00077	0.00120	0.99803
1032 T	0.00077	0.00112	0.9981
1033 G	0.00077	0.00108	0.99814
1034 C	0.00077	0.00105	0.99818
1035 T	0.00077	0.00105	0.99819
1036 T	0.00076	0.00104	0.99819
1037 G	0.00075	0.00105	0.9982
1038 C	0.00074	0.00106	0.9982
1039 A	0.00074	0.00109	0.99818
1040 A	0.00073	0.00108	0.99819
1041 A	0.00072	0.00105	0.99822
1042 G	0.00073	0.00098	0.9983
1043 G	0.00073	0.00091	0.99836
1044 A	0.00075	0.00080	0.99845
1045 G	0.00078	0.00063	0.9986
1046 T	0.00084	0.00049	0.99867
1047 T	0.00087	0.00042	0.99872
1048 A	0.00086	0.00038	0.99876
1049 T	0.00087	0.00028	0.99885
1050 C	0.00087	0.00025	0.99888
1051 G	0.00086	0.00026	0.99888
1052 G	0.00086	0.00026	0.99888
1053 A	0.00086	0.00028	0.99885
1054 G	0.00086	0.00028	0.99885
1055 T	0.00086	0.00028	0.99885
1056 A	0.00086	0.00028	0.99886
1057 G	0.00086	0.00027	0.99887
1058 C	0.00086	0.00026	0.99888
1059 G	0.00086	0.00025	0.99889
1060 A	0.00086	0.00025	0.99889
1061 A	0.00087	0.00023	0.99889
1062 A	0.00089	0.00021	0.9989
1063 T	0.00091	0.00018	0.9989
1064 T	0.00092	0.00016	0.99892
1065 G	0.00091	0.00015	0.99893
1066 T	0.00092	0.00014	0.99894
1067 T	0.00092	0.00014	0.99894
1068 A	0.00092	0.00014	0.99894
1069 G	0.00091	0.00014	0.99895
1070 A	0.00092	0.00013	0.99895
1071 C	0.00092	0.00011	0.99897
1072 C	0.00092	0.00011	0.99897
1073 A	0.00093	0.00010	0.99897
1074 T	0.00094	0.00008	0.99897
1075 G	0.00095	0.00007	0.99897
1076 C	0.00096	0.00006	0.99898
1077 T	0.00097	0.00005	0.99898
1078 T	0.00097	0.00005	0.99898
1079 T	0.00097	0.00004	0.99898
1080 T	0.00097	0.00004	0.99899
1081 C	0.00096	0.00004	0.99899
1082 G	0.00096	0.00005	0.99899
1083 A	0.00096	0.00006	0.99898
1084 T	0.00096	0.00006	0.99898
1085 A	0.00096	0.00006	0.99898
1086 T	0.00096	0.00006	0.99898
1087 G	0.00096	0.00006	0.99899
1088 C	0.00095	0.00006	0.99899
1089 C	0.00095	0.00006	0.99899
1090 G	0.00095	0.00006	0.99899
1091 A	0.00094	0.00007	0.99899
1092 T	0.00093	0.00008	0.99899
1093 C	0.00093	0.00008	0.99899
1094 A	0.00093	0.00009	0.99899
1095 A	0.00092	0.00009	0.99899
1096 A	0.00092	0.00010	0.99898
1097 T	0.00092	0.00010	0.99898
1098 G	0.00092	0.00010	0.99898
1099 G	0.00092	0.00010	0.99899
1100 G	0.00092	0.00010	0.99899
1101 C	0.00092	0.00009	0.99899
1102 C	0.00092	0.00009	0.99899
1103 A	0.00092	0.00009	0.99899
1104 A	0.00092	0.00009	0.99899
1105 C	0.00092	0.00008	0.99899
1106 G	0.00093	0.00008	0.99899
1107 T	0.00093	0.00008	0.999
1108 C	0.00093	0.00007	0.999
1109 T	0.00093	0.00008	0.999
1110 A	0.00092	0.00009	0.999
1111 G	0.00091	0.00009	0.99901
1112 G	0.00091	0.00009	0.99901
1113 A	0.00091	0.00009	0.99901
1114 G	0.00090	0.00007	0.99902
1115 C	0.00090	0.00007	0.99903
1116 C	0.00091	0.00006	0.99903
1117 G	0.00091	0.00006	0.99903
1118 G	0.00091	0.00006	0.99903
1119 A	0.00091	0.00005	0.99903
1120 G	0.00092	0.00005	0.99903
1121 C	0.00092	0.00005	0.99903
1122 T	0.00092	0.00005	0.99904
1123 G	0.00092	0.00004	0.99904
1124 C	0.00092	0.00004	0.99904
1125 T	0.00092	0.00004	0.99904
1126 T	0.00092	0.00005	0.99903
1127 A	0.00092	0.00005	0.99903
1128 T	0.00092	0.00005	0.99902
1129 T	0.00092	0.00006	0.99902
1130 T	0.00092	0.00006	0.99902
1131 A	0.00091	0.00007	0.99902
1132 A	0.00090	0.00008	0.99902
1133 A	0.00090	0.00008	0.99902
1134 T	0.00090	0.00008	0.99902
1135 G	0.00090	0.00010	0.999
1136 T	0.00090	0.00013	0.99898
1137 T	0.00090	0.00013	0.99898
1138 T	0.00089	0.00013	0.99898
1139 T	0.00089	0.00014	0.99898
1140 T	0.00088	0.00014	0.99898
1141 C	0.00088	0.00015	0.99898
1142 A	0.00087	0.00016	0.99898
1143 C	0.00087	0.00016	0.99898
1144 G	0.00086	0.00017	0.99898
1145 C	0.00086	0.00017	0.99898
1146 T	0.00085	0.00018	0.99898
1147 G	0.00085	0.00018	0.99897
1148 A	0.00085	0.00018	0.99897
1149 T	0.00086	0.00017	0.99897
1150 A	0.00086	0.00017	0.99897
1151 T	0.00087	0.00017	0.99897
1152 T	0.00087	0.00017	0.99897
1153 G	0.00085	0.00019	0.99896
1154 A	0.00084	0.00022	0.99894
1155 A	0.00083	0.00023	0.99893
1156 G	0.00083	0.00024	0.99893
1157 A	0.00084	0.00024	0.99892
1158 T	0.00087	0.00021	0.99892
1159 T	0.00089	0.00020	0.99891
1160 T	0.00088	0.00020	0.99892
1161 T	0.00087	0.00021	0.99892
1162 T	0.00086	0.00023	0.99891
1163 T	0.00085	0.00025	0.99891
1164 A	0.00083	0.00028	0.9989
1165 A	0.00081	0.00029	0.99889
1166 A	0.00081	0.00029	0.9989
1167 T	0.00080	0.00029	0.99891
1168 T	0.00077	0.00033	0.99891
1169 C	0.00068	0.00042	0.9989
1170 T	0.00062	0.00051	0.99887
1171 A	0.00047	0.00072	0.99882
1172 A	0.00043	0.00081	0.99876
1173 A	0.00042	0.00086	0.99872
1174 A	0.00042	0.00089	0.99869
1175 A	0.00042	0.00089	0.99869
1176 A	0.00043	0.00087	0.99869
1177 T	0.00046	0.00084	0.9987
1178 T	0.00047	0.00083	0.9987
1179 A	0.00047	0.00083	0.9987
1180 A	0.00048	0.00082	0.9987
1181 A	0.00048	0.00082	0.9987
1182 T	0.00049	0.00080	0.99872
1183 T	0.00048	0.00080	0.99872
1184 C	0.00047	0.00081	0.99872
1185 A	0.00045	0.00088	0.99867
1186 G	0.00045	0.00092	0.99863
1187 A	0.00046	0.00095	0.99859
1188 T	0.00046	0.00096	0.99858
1189 G	0.00045	0.00099	0.99856
1190 A	0.00045	0.00097	0.99857
1191 A	0.00046	0.00092	0.99862
1192 G	0.00046	0.00081	0.99872
1193 A	0.00049	0.00072	0.99879
1194 C	0.00055	0.00053	0.99892
1195 G	0.00060	0.00046	0.99894
1196 T	0.00065	0.00041	0.99895
1197 T	0.00066	0.00039	0.99895
1198 C	0.00066	0.00039	0.99895
1199 G	0.00066	0.00042	0.99892
1200 T	0.00065	0.00048	0.99887
1201 A	0.00064	0.00055	0.99881
1202 T	0.00063	0.00058	0.99879
1203 A	0.00062	0.00066	0.99873
1204 A	0.00062	0.00066	0.99873
1205 A	0.00061	0.00066	0.99873
1206 A	0.00062	0.00064	0.99874
1207 A	0.00064	0.00060	0.99876
1208 C	0.00071	0.00051	0.99879
1209 C	0.00076	0.00045	0.99879
1210 T	0.00081	0.00040	0.99879
1211 T	0.00082	0.00038	0.9988
1212 A	0.00083	0.00037	0.9988
1213 T	0.00084	0.00036	0.9988
1214 C	0.00084	0.00036	0.9988
1215 T	0.00083	0.00036	0.9988
1216 T	0.00082	0.00038	0.9988
1217 T	0.00079	0.00041	0.9988
1218 A	0.00073	0.00048	0.99879
1219 G	0.00069	0.00052	0.99879
1220 G	0.00067	0.00054	0.99879
1221 A	0.00066	0.00055	0.99879
1222 G	0.00068	0.00051	0.9988
1223 T	0.00076	0.00043	0.99881
1224 T	0.00080	0.00038	0.99882
1225 G	0.00082	0.00037	0.99882
1226 T	0.00086	0.00033	0.99881
1227 T	0.00086	0.00033	0.99881
1228 A	0.00084	0.00034	0.99882
1229 T	0.00084	0.00035	0.99882
1230 T	0.00082	0.00036	0.99882
1231 C	0.00081	0.00037	0.99882
1232 C	0.00080	0.00038	0.99882
1233 T	0.00079	0.00040	0.99881
1234 A	0.00077	0.00042	0.9988
1235 A	0.00076	0.00044	0.99879
1236 T	0.00075	0.00046	0.99879
1237 A	0.00073	0.00049	0.99878
1238 A	0.00066	0.00055	0.99879
1239 A	0.00062	0.00058	0.9988
1240 A	0.00059	0.00060	0.99882
1241 T	0.00057	0.00055	0.99887
1242 G	0.00052	0.00058	0.99889
1243 A	0.00047	0.00064	0.99889
1244 T	0.00045	0.00066	0.99888
1245 A	0.00041	0.00075	0.99884
1246 G	0.00038	0.00083	0.99879
1247 A	0.00036	0.00096	0.99868
1248 A	0.00035	0.00111	0.99854
1249 T	0.00035	0.00112	0.99854
1250 T	0.00032	0.00116	0.99852
1251 A	0.00028	0.00120	0.99852
1252 G	0.00026	0.00121	0.99853
1253 C	0.00026	0.00120	0.99854
1254 A	0.00025	0.00122	0.99853
1255 C	0.00025	0.00123	0.99852
1256 G	0.00026	0.00125	0.9985
1257 T	0.00027	0.00125	0.99848
1258 A	0.00027	0.00127	0.99847
1259 A	0.00027	0.00126	0.99847
1260 A	0.00027	0.00125	0.99848
1261 A	0.00028	0.00117	0.99855
1262 A	0.00029	0.00111	0.9986
1263 T	0.00030	0.00104	0.99866
1264 G	0.00031	0.00100	0.9987
1265 A	0.00032	0.00095	0.99873
1266 A	0.00034	0.00088	0.99878
1267 A	0.00036	0.00084	0.99881
1268 A	0.00040	0.00075	0.99885
1269 A	0.00047	0.00066	0.99888
1270 A	0.00057	0.00051	0.99891
1271 T	0.00071	0.00034	0.99895
1272 G	0.00073	0.00030	0.99897
1273 G	0.00076	0.00024	0.999
1274 C	0.00078	0.00019	0.99903
1275 T	0.00080	0.00016	0.99904
1276 C	0.00081	0.00015	0.99904
1277 T	0.00084	0.00011	0.99904
1278 T	0.00086	0.00009	0.99904
1279 T	0.00088	0.00008	0.99904
1280 T	0.00088	0.00008	0.99904
1281 T	0.00088	0.00008	0.99904
1282 T	0.00087	0.00009	0.99904
1283 A	0.00081	0.00015	0.99905
1284 T	0.00080	0.00016	0.99905
1285 C	0.00075	0.00020	0.99905
1286 C	0.00072	0.00024	0.99905
1287 T	0.00071	0.00025	0.99905
1288 C	0.00067	0.00029	0.99905
1289 A	0.00063	0.00032	0.99904
1290 C	0.00061	0.00035	0.99904
1291 A	0.00060	0.00036	0.99904
1292 C	0.00060	0.00036	0.99904
1293 T	0.00059	0.00037	0.99903
1294 A	0.00059	0.00038	0.99903
1295 T	0.00059	0.00038	0.99902
1296 T	0.00059	0.00039	0.99902
1297 T	0.00058	0.00039	0.99902
1298 A	0.00055	0.00043	0.99903
1299 T	0.00053	0.00044	0.99903
1300 C	0.00051	0.00045	0.99903
1301 A	0.00049	0.00047	0.99903
1302 A	0.00049	0.00048	0.99903
1303 G	0.00048	0.00048	0.99903
1304 A	0.00048	0.00048	0.99904
1305 A	0.00048	0.00047	0.99905
1306 T	0.00048	0.00041	0.99912
1307 A	0.00047	0.00039	0.99914
1308 T	0.00047	0.00033	0.9992
1309 C	0.00046	0.00030	0.99924
1310 A	0.00046	0.00029	0.99925
1311 A	0.00046	0.00026	0.99928
1312 A	0.00046	0.00024	0.9993
1313 T	0.00046	0.00021	0.99933
1314 T	0.00046	0.00020	0.99933
1315 C	0.00046	0.00019	0.99935
1316 A	0.00046	0.00019	0.99935
1317 T	0.00047	0.00018	0.99936
1318 T	0.00047	0.00017	0.99936
1319 T	0.00046	0.00017	0.99937
1320 T	0.00046	0.00017	0.99937
1321 T	0.00044	0.00015	0.99941
1322 C	0.00042	0.00015	0.99943
1323 A	0.00040	0.00017	0.99943
1324 G	0.00039	0.00018	0.99943
1325 A	0.00038	0.00019	0.99942
1326 T	0.00038	0.00020	0.99942
1327 A	0.00037	0.00021	0.99942
1328 T	0.00037	0.00022	0.99942
1329 T	0.00036	0.00023	0.99941
