# lcl|CP097583.1_cds_USQ93464.1_1
# AA	inside	membr	outside
1 A	0.43601	0.00000	0.56398
2 T	0.43526	0.00076	0.56398
3 G	0.43438	0.00163	0.56398
4 A	0.43438	0.03348	0.53214
5 T	0.41504	0.09483	0.49013
6 A	0.41504	0.10997	0.47499
7 A	0.22055	0.31273	0.46672
8 A	0.22054	0.31300	0.46646
9 A	0.20182	0.33914	0.45904
10 A	0.20181	0.69760	0.10059
11 T	0.20115	0.70723	0.09162
12 A	0.18481	0.72717	0.08802
13 A	0.17749	0.74384	0.07867
14 T	0.17749	0.74384	0.07867
15 T	0.17749	0.76570	0.05681
16 T	0.17492	0.76826	0.05681
17 T	0.16754	0.77608	0.05638
18 G	0.16700	0.77866	0.05434
19 A	0.15286	0.79537	0.05177
20 A	0.13150	0.83630	0.0322
21 T	0.11321	0.85461	0.03218
22 A	0.11064	0.85971	0.02965
23 A	0.10907	0.86222	0.02871
24 T	0.10991	0.86152	0.02857
25 A	0.10968	0.86052	0.02979
26 A	0.11045	0.85800	0.03155
27 A	0.13510	0.82700	0.0379
28 A	0.17084	0.77249	0.05667
29 A	0.18544	0.74995	0.06461
30 A	0.20584	0.55761	0.23655
31 G	0.21586	0.54067	0.24347
32 C	0.24651	0.48833	0.26515
33 T	0.58153	0.15316	0.26531
34 T	0.59462	0.14243	0.26295
35 T	0.60160	0.12714	0.27126
36 T	0.60550	0.12175	0.27274
37 T	0.60460	0.12696	0.26845
38 A	0.60542	0.13055	0.26404
39 T	0.59949	0.14934	0.25117
40 G	0.59461	0.14856	0.25683
41 A	0.59526	0.15155	0.25319
42 T	0.59912	0.14235	0.25853
43 T	0.61319	0.11541	0.27139
44 A	0.60827	0.12747	0.26427
45 T	0.60763	0.12659	0.26578
46 T	0.60811	0.12793	0.26395
47 T	0.60747	0.13186	0.26066
48 T	0.60597	0.13962	0.25441
49 T	0.60327	0.23699	0.15975
50 T	0.59943	0.24754	0.15302
51 A	0.56783	0.29922	0.13295
52 G	0.41691	0.45788	0.12521
53 A	0.28383	0.59785	0.11833
54 C	0.26640	0.61913	0.11448
55 A	0.24944	0.64961	0.10095
56 A	0.24037	0.66953	0.0901
57 A	0.24047	0.67508	0.08445
58 A	0.24088	0.67699	0.08212
59 A	0.23929	0.67968	0.08103
60 A	0.24465	0.67275	0.0826
61 T	0.25412	0.65949	0.08638
62 A	0.26703	0.64052	0.09246
63 T	0.27316	0.62771	0.09913
64 A	0.27965	0.61859	0.10176
65 T	0.28930	0.60671	0.10399
66 T	0.28876	0.60506	0.10617
67 G	0.28481	0.60444	0.11075
68 C	0.27467	0.61126	0.11407
69 C	0.26877	0.61646	0.11477
70 G	0.26380	0.62206	0.11414
71 G	0.26731	0.61970	0.11299
72 A	0.35552	0.53097	0.11351
73 A	0.36695	0.51756	0.11549
74 T	0.39114	0.46360	0.14526
75 T	0.39719	0.30658	0.29623
76 C	0.39576	0.18856	0.41568
77 A	0.39252	0.18041	0.42708
78 A	0.39536	0.17022	0.43442
79 T	0.40437	0.15717	0.43846
80 T	0.40678	0.15486	0.43837
81 G	0.40369	0.15768	0.43863
82 T	0.40190	0.14540	0.4527
83 T	0.39364	0.15344	0.45292
84 A	0.29076	0.27703	0.43221
85 G	0.26119	0.32090	0.4179
86 G	0.24713	0.33867	0.4142
87 T	0.24131	0.34639	0.4123
88 A	0.23370	0.36432	0.40198
89 A	0.22687	0.39330	0.37983
90 T	0.22092	0.40495	0.37413
91 G	0.21003	0.41144	0.37853
92 A	0.20189	0.42614	0.37197
93 A	0.19808	0.44865	0.35326
94 G	0.19440	0.50124	0.30437
95 T	0.19108	0.57783	0.23109
96 A	0.18580	0.67215	0.14206
97 A	0.18286	0.68146	0.13568
98 A	0.18299	0.68135	0.13566
99 A	0.18510	0.67636	0.13854
100 T	0.19141	0.66492	0.14367
101 C	0.19472	0.65176	0.15353
102 T	0.19803	0.64956	0.15241
103 A	0.19661	0.65189	0.15149
104 T	0.19560	0.65288	0.15153
105 A	0.19161	0.65978	0.14862
106 A	0.19166	0.65903	0.14931
107 G	0.20764	0.54626	0.2461
108 A	0.22405	0.51445	0.26151
109 T	0.23479	0.50091	0.2643
110 T	0.23532	0.56457	0.20011
111 A	0.22306	0.62664	0.1503
112 A	0.22760	0.65839	0.11401
113 A	0.23027	0.66412	0.10561
114 G	0.23253	0.65692	0.11055
115 A	0.24695	0.64254	0.11051
116 A	0.27797	0.61279	0.10924
117 A	0.32946	0.55820	0.11235
118 G	0.40024	0.48322	0.11655
119 T	0.49481	0.38582	0.11937
120 T	0.50512	0.37580	0.11908
121 A	0.50615	0.39030	0.10356
122 A	0.50675	0.39644	0.09681
123 T	0.50593	0.39596	0.09812
124 T	0.49933	0.39940	0.10126
125 T	0.48889	0.40704	0.10407
126 A	0.47714	0.41830	0.10456
127 C	0.46555	0.42646	0.10799
128 A	0.45149	0.43880	0.10972
129 A	0.44253	0.44611	0.11136
130 A	0.43735	0.44852	0.11413
131 A	0.45480	0.42840	0.1168
132 C	0.47362	0.40508	0.1213
133 T	0.54940	0.31648	0.13412
134 C	0.58968	0.25758	0.15274
135 T	0.62703	0.21763	0.15534
136 T	0.62963	0.22241	0.14795
137 A	0.61166	0.26601	0.12233
138 T	0.59316	0.31591	0.09093
139 A	0.47397	0.45787	0.06816
140 T	0.41707	0.52246	0.06047
141 A	0.32546	0.62633	0.04821
142 A	0.29485	0.66399	0.04116
143 A	0.27680	0.68474	0.03846
144 A	0.27541	0.68331	0.04128
145 A	0.27352	0.67876	0.04771
146 T	0.27287	0.66847	0.05866
147 T	0.26805	0.66378	0.06817
148 G	0.25612	0.66653	0.07734
149 A	0.25450	0.66326	0.08223
150 A	0.25273	0.65943	0.08785
151 A	0.25180	0.65167	0.09652
152 A	0.25218	0.63681	0.11101
153 T	0.25189	0.62076	0.12734
154 A	0.24562	0.62158	0.1328
155 A	0.24334	0.62141	0.13526
156 C	0.24301	0.61706	0.13993
157 G	0.24347	0.61413	0.14241
158 A	0.24668	0.60714	0.14618
159 A	0.25920	0.58489	0.15591
160 A	0.28919	0.53632	0.17448
161 T	0.33356	0.46751	0.19893
162 T	0.35801	0.31520	0.3268
163 T	0.36695	0.23483	0.39823
164 T	0.37492	0.14154	0.48354
165 T	0.37926	0.11292	0.50782
166 G	0.38040	0.10149	0.51812
167 T	0.38190	0.08961	0.52849
168 T	0.38196	0.08360	0.53443
169 T	0.37984	0.08441	0.53575
170 T	0.37706	0.08441	0.53853
171 C	0.36600	0.10111	0.53288
172 A	0.35314	0.16937	0.47749
173 A	0.34005	0.24329	0.41666
174 T	0.33845	0.26000	0.40156
175 A	0.33549	0.27318	0.39133
176 T	0.33494	0.29171	0.37334
177 G	0.33246	0.29298	0.37456
178 T	0.33255	0.29833	0.36912
179 T	0.33060	0.30349	0.36591
180 T	0.32601	0.31789	0.3561
181 G	0.31655	0.36587	0.31758
182 T	0.31192	0.38743	0.30065
183 T	0.30173	0.42539	0.27288
184 G	0.26792	0.50284	0.22924
185 A	0.24220	0.60151	0.15629
186 A	0.23502	0.65395	0.11104
187 A	0.23234	0.67047	0.09718
188 A	0.23294	0.67590	0.09116
189 A	0.24035	0.67119	0.08847
190 T	0.24601	0.66607	0.08793
191 A	0.24959	0.66190	0.08851
192 T	0.25688	0.65034	0.09278
193 A	0.26011	0.64410	0.09579
194 A	0.27594	0.61899	0.10507
195 A	0.33353	0.54853	0.11795
196 T	0.40903	0.45562	0.13536
197 T	0.42609	0.43044	0.14348
198 T	0.43523	0.41897	0.1458
199 T	0.44340	0.41132	0.14528
200 G	0.44445	0.40889	0.14666
201 T	0.44735	0.40584	0.14681
202 A	0.43800	0.41543	0.14656
203 A	0.44620	0.40728	0.14652
204 T	0.48823	0.36067	0.1511
205 A	0.50020	0.35261	0.14718
206 A	0.51980	0.32866	0.15154
207 A	0.55544	0.26625	0.17831
208 T	0.62316	0.17920	0.19763
209 T	0.66063	0.14573	0.19363
210 T	0.65955	0.17020	0.17025
211 G	0.63600	0.24225	0.12175
212 A	0.61396	0.27811	0.10793
213 T	0.58907	0.31303	0.0979
214 T	0.48464	0.42922	0.08615
215 A	0.27146	0.64685	0.0817
216 C	0.19936	0.72323	0.07742
217 G	0.15947	0.77286	0.06767
218 A	0.13489	0.80331	0.06179
219 C	0.12175	0.81859	0.05966
220 G	0.11265	0.83243	0.05492
221 A	0.10636	0.84584	0.0478
222 T	0.10581	0.84836	0.04583
223 A	0.09908	0.85575	0.04517
224 A	0.09573	0.85910	0.04517
225 A	0.09423	0.84933	0.05645
226 A	0.09284	0.84278	0.06438
227 G	0.09430	0.83625	0.06944
228 A	0.09953	0.83210	0.06837
229 A	0.10338	0.83279	0.06384
230 A	0.10701	0.83157	0.06142
231 A	0.11170	0.82850	0.0598
232 A	0.11545	0.82315	0.06141
233 A	0.13410	0.79681	0.06909
234 A	0.17435	0.72764	0.09802
235 A	0.18620	0.68491	0.12889
236 A	0.19588	0.63886	0.16526
237 A	0.20741	0.52039	0.2722
238 C	0.21527	0.30456	0.48017
239 T	0.22333	0.25703	0.51964
240 T	0.23132	0.24756	0.52112
241 T	0.23388	0.27082	0.4953
242 T	0.23157	0.30234	0.46609
243 G	0.22655	0.32695	0.4465
244 T	0.22279	0.35085	0.42636
245 T	0.20170	0.37641	0.42188
246 G	0.16275	0.44547	0.39178
247 A	0.15523	0.49287	0.3519
248 A	0.15124	0.50694	0.34182
249 C	0.14844	0.51436	0.3372
250 A	0.14673	0.54151	0.31175
251 A	0.15119	0.56673	0.28208
252 A	0.15806	0.61062	0.23132
253 A	0.16042	0.62796	0.21162
254 G	0.16187	0.63570	0.20243
255 A	0.16521	0.64162	0.19316
256 G	0.17110	0.64496	0.18393
257 A	0.17373	0.66964	0.15663
258 A	0.18455	0.67252	0.14293
259 A	0.21013	0.65098	0.13889
260 T	0.25793	0.60715	0.13492
261 T	0.28314	0.58062	0.13625
262 T	0.29572	0.56505	0.13922
263 T	0.29830	0.56170	0.13999
264 A	0.29991	0.57185	0.12823
265 C	0.31072	0.56928	0.12
266 A	0.32086	0.56065	0.11848
267 A	0.34086	0.53723	0.12191
268 A	0.34754	0.51190	0.14057
269 T	0.38497	0.44191	0.17312
270 C	0.35508	0.47414	0.17078
271 A	0.29817	0.57325	0.12859
272 A	0.24593	0.68489	0.06918
273 A	0.21440	0.74178	0.04382
274 A	0.21797	0.73946	0.04257
275 A	0.23384	0.72450	0.04166
276 A	0.23515	0.71976	0.04509
277 A	0.24182	0.71116	0.04702
278 C	0.25438	0.69682	0.0488
279 A	0.26499	0.68826	0.04675
280 A	0.29192	0.66213	0.04595
281 T	0.30766	0.64670	0.04565
282 A	0.30704	0.64825	0.04471
283 C	0.31031	0.64433	0.04536
284 A	0.31000	0.64285	0.04715
285 A	0.31292	0.63613	0.05095
286 G	0.31933	0.62413	0.05655
287 C	0.33513	0.59985	0.06501
288 T	0.34664	0.58680	0.06656
289 A	0.34973	0.57753	0.07273
290 A	0.35269	0.56635	0.08096
291 A	0.35741	0.55307	0.08952
292 G	0.36148	0.54149	0.09704
293 G	0.37031	0.46261	0.16708
294 A	0.40642	0.37023	0.22335
295 T	0.46055	0.25735	0.2821
296 T	0.47828	0.20741	0.31431
297 A	0.46834	0.22929	0.30237
298 A	0.46254	0.22526	0.3122
299 G	0.46057	0.21144	0.32798
300 T	0.46036	0.20539	0.33426
301 G	0.45992	0.20234	0.33775
302 T	0.46318	0.20082	0.336
303 T	0.46456	0.19778	0.33765
304 A	0.46450	0.19529	0.34021
305 T	0.46519	0.18846	0.34636
306 T	0.46055	0.19051	0.34893
307 C	0.45385	0.19492	0.35123
308 C	0.45121	0.19821	0.35058
309 T	0.44951	0.20553	0.34496
310 A	0.43927	0.22854	0.33219
311 C	0.43231	0.23893	0.32875
312 T	0.42710	0.25372	0.31918
313 A	0.41821	0.27269	0.30909
314 A	0.41059	0.28423	0.30518
315 A	0.40948	0.28576	0.30476
316 A	0.41948	0.27465	0.30588
317 T	0.44316	0.23800	0.31884
318 T	0.45336	0.22068	0.32595
319 A	0.46177	0.20769	0.33054
320 T	0.48316	0.17730	0.33954
321 T	0.48736	0.16729	0.34536
322 T	0.48535	0.16658	0.34807
323 C	0.47696	0.17430	0.34874
324 T	0.47061	0.18955	0.33984
325 G	0.44805	0.22435	0.3276
326 A	0.41129	0.30342	0.28529
327 T	0.37411	0.39531	0.23058
328 A	0.31897	0.48551	0.19552
329 G	0.29999	0.51802	0.18199
330 A	0.29355	0.53588	0.17057
331 A	0.29140	0.54560	0.163
332 A	0.29606	0.54209	0.16185
333 T	0.31428	0.51295	0.17277
334 T	0.31980	0.50036	0.17984
335 T	0.32575	0.49100	0.18325
336 A	0.32660	0.48817	0.18523
337 T	0.32866	0.48180	0.18954
338 T	0.32697	0.48173	0.1913
339 A	0.32444	0.48737	0.18819
340 A	0.32398	0.49094	0.18508
341 A	0.32552	0.48968	0.1848
342 A	0.32670	0.48663	0.18667
343 T	0.32926	0.48003	0.19071
344 T	0.33085	0.47049	0.19866
345 A	0.32718	0.46946	0.20335
346 G	0.32930	0.46102	0.20967
347 A	0.33837	0.45608	0.20554
348 A	0.35016	0.43296	0.21688
349 A	0.39552	0.35676	0.24773
350 T	0.46596	0.24840	0.28564
351 T	0.49921	0.17996	0.32084
352 T	0.51077	0.17787	0.31137
353 A	0.50530	0.23973	0.25497
354 T	0.50722	0.25832	0.23447
355 T	0.49310	0.27555	0.23135
356 T	0.47003	0.30078	0.22919
357 A	0.44561	0.32457	0.22982
358 G	0.42491	0.34350	0.23159
359 C	0.41942	0.34554	0.23504
360 T	0.40694	0.35839	0.23467
361 C	0.35120	0.41497	0.23383
362 G	0.31062	0.46587	0.22351
363 T	0.29183	0.50448	0.20369
364 G	0.26155	0.57003	0.16842
365 G	0.23209	0.64883	0.11909
366 A	0.21581	0.68639	0.0978
367 A	0.20778	0.70291	0.08931
368 A	0.20045	0.71403	0.08551
369 G	0.19174	0.72580	0.08246
370 A	0.19428	0.72703	0.07869
371 A	0.20534	0.71787	0.0768
372 A	0.21531	0.70901	0.07567
373 A	0.22389	0.69957	0.07654
374 A	0.23851	0.68250	0.07899
375 A	0.26146	0.65441	0.08413
376 T	0.32100	0.57668	0.10232
377 A	0.33839	0.55058	0.11102
378 T	0.34143	0.52709	0.13147
379 G	0.33317	0.51339	0.15345
380 A	0.31526	0.51480	0.16994
381 T	0.29262	0.51861	0.18877
382 A	0.20767	0.60430	0.18802
383 A	0.15047	0.65433	0.19519
384 G	0.13523	0.62446	0.24031
385 A	0.13703	0.60605	0.25692
386 G	0.15105	0.57739	0.27156
387 A	0.18325	0.54261	0.27414
388 T	0.22833	0.49876	0.27291
389 T	0.24054	0.47721	0.28225
390 A	0.24121	0.47930	0.2795
391 A	0.24321	0.47929	0.2775
392 T	0.24429	0.47032	0.28539
393 C	0.23989	0.47029	0.28982
394 T	0.23433	0.48373	0.28195
395 T	0.22461	0.50656	0.26884
396 G	0.20188	0.54702	0.2511
397 A	0.17606	0.60572	0.21822
398 A	0.14469	0.68050	0.17481
399 A	0.11726	0.73561	0.14713
400 A	0.10519	0.75592	0.13889
401 A	0.10303	0.75948	0.1375
402 A	0.10356	0.75120	0.14525
403 A	0.10541	0.73180	0.16279
404 A	0.11025	0.70189	0.18785
405 A	0.12413	0.61357	0.2623
406 G	0.13705	0.54997	0.31299
407 A	0.15091	0.53309	0.316
408 T	0.17615	0.51771	0.30614
409 G	0.18224	0.55595	0.26182
410 A	0.19949	0.56357	0.23694
411 T	0.22539	0.54696	0.22765
412 G	0.23143	0.54924	0.21934
413 A	0.24423	0.54847	0.2073
414 T	0.26191	0.53903	0.19906
415 T	0.26807	0.54426	0.18767
416 T	0.26846	0.55551	0.17603
417 A	0.26202	0.57880	0.15918
418 A	0.26764	0.58447	0.14789
419 A	0.27740	0.57340	0.14919
420 A	0.29299	0.54758	0.15944
421 A	0.32640	0.48977	0.18383
422 T	0.34676	0.45794	0.1953
423 T	0.34184	0.46798	0.19018
424 A	0.30869	0.53937	0.15195
425 A	0.27945	0.58974	0.13081
426 A	0.25602	0.62238	0.12159
427 A	0.23642	0.64212	0.12146
428 A	0.23957	0.63800	0.12242
429 A	0.25204	0.62385	0.12412
430 A	0.27575	0.59810	0.12614
431 C	0.31269	0.55868	0.12863
432 T	0.38071	0.48934	0.12995
433 T	0.41389	0.45554	0.13058
434 T	0.42825	0.44071	0.13105
435 A	0.43658	0.43178	0.13163
436 T	0.45253	0.41499	0.13247
437 C	0.46437	0.39713	0.1385
438 T	0.48447	0.37495	0.14058
439 T	0.50359	0.35248	0.14393
440 A	0.52202	0.32857	0.14941
441 T	0.54042	0.30681	0.15277
442 A	0.55461	0.29025	0.15514
443 T	0.57190	0.25757	0.17054
444 A	0.58086	0.23934	0.17981
445 T	0.60033	0.20570	0.19396
446 A	0.61335	0.17576	0.21088
447 T	0.65162	0.09964	0.24874
448 T	0.66794	0.05361	0.27846
449 A	0.67557	0.02359	0.30084
450 A	0.67767	0.00000	0.32233
