# lcl|CP097583.1_cds_USQ93481.1_1
# AA	inside	membr	outside
1 A	0.67653	0.00000	0.32347
2 T	0.67635	0.00018	0.32347
3 G	0.67630	0.00023	0.32347
4 A	0.67630	0.04246	0.28124
5 A	0.67524	0.08407	0.24069
6 T	0.67524	0.09023	0.23453
7 T	0.67186	0.09531	0.23283
8 T	0.67186	0.09540	0.23273
9 T	0.66841	0.10021	0.23138
10 A	0.66841	0.20953	0.12206
11 A	0.66674	0.21883	0.11443
12 T	0.65547	0.23181	0.11272
13 T	0.61371	0.28666	0.09963
14 A	0.61369	0.28669	0.09963
15 T	0.61369	0.35308	0.03323
16 A	0.59784	0.36893	0.03323
17 A	0.57743	0.38949	0.03308
18 A	0.57652	0.39067	0.03281
19 A	0.55938	0.40799	0.03262
20 T	0.50468	0.46440	0.03092
21 C	0.30970	0.65936	0.03093
22 G	0.29647	0.67300	0.03053
23 A	0.28267	0.68741	0.02991
24 A	0.27968	0.69048	0.02984
25 C	0.27960	0.69043	0.02997
26 A	0.27926	0.69134	0.0294
27 A	0.31702	0.65367	0.02931
28 C	0.35904	0.61062	0.03034
29 T	0.37028	0.59964	0.03008
30 A	0.37857	0.59012	0.03132
31 T	0.38388	0.58212	0.03399
32 C	0.38444	0.57722	0.03834
33 G	0.44812	0.51329	0.0386
34 T	0.45479	0.50445	0.04076
35 A	0.46012	0.49394	0.04594
36 T	0.47111	0.45853	0.07036
37 A	0.46759	0.46310	0.06931
38 T	0.50713	0.41971	0.07315
39 A	0.49157	0.42030	0.08813
40 A	0.48517	0.40656	0.10827
41 A	0.48402	0.39081	0.12518
42 T	0.48268	0.37450	0.14282
43 A	0.47974	0.35164	0.16862
44 A	0.47084	0.22092	0.30824
45 A	0.46873	0.21473	0.31653
46 G	0.46270	0.20785	0.32945
47 G	0.45888	0.21716	0.32397
48 A	0.45663	0.23676	0.30661
49 A	0.45529	0.24918	0.29552
50 A	0.45666	0.25453	0.28882
51 A	0.45688	0.25308	0.29004
52 T	0.45793	0.25150	0.29056
53 T	0.45828	0.25935	0.28237
54 T	0.45836	0.26621	0.27544
55 A	0.45800	0.29786	0.24415
56 G	0.45852	0.30883	0.23265
57 T	0.46063	0.33057	0.20881
58 T	0.46274	0.39977	0.13749
59 T	0.46426	0.39790	0.13784
60 T	0.46491	0.39562	0.13947
61 A	0.46372	0.39786	0.13842
62 A	0.46589	0.38614	0.14797
63 C	0.47102	0.37564	0.15335
64 A	0.47609	0.36995	0.15396
65 A	0.48400	0.36095	0.15506
66 T	0.51302	0.32885	0.15813
67 T	0.52505	0.31211	0.16284
68 A	0.53156	0.30768	0.16076
69 T	0.53999	0.30135	0.15865
70 A	0.54593	0.30023	0.15384
71 A	0.55892	0.28872	0.15237
72 T	0.57277	0.27380	0.15343
73 T	0.58289	0.26330	0.15381
74 G	0.58668	0.26050	0.15283
75 T	0.59643	0.25151	0.15206
76 G	0.60882	0.24170	0.14948
77 A	0.62219	0.22893	0.14888
78 T	0.67440	0.17644	0.14916
79 G	0.69709	0.15371	0.1492
80 T	0.72883	0.12200	0.14917
81 T	0.78071	0.06999	0.1493
82 T	0.78393	0.06641	0.14965
83 T	0.78535	0.06448	0.15017
84 T	0.78616	0.06235	0.15148
85 T	0.78307	0.06501	0.15192
86 T	0.77923	0.06891	0.15185
87 A	0.76693	0.08146	0.15161
88 C	0.76288	0.08574	0.15138
89 A	0.75892	0.09111	0.14997
90 A	0.75777	0.09268	0.14955
91 G	0.75664	0.09411	0.14925
92 T	0.76673	0.08427	0.14899
93 T	0.76722	0.08433	0.14845
94 A	0.75064	0.10164	0.14772
95 T	0.74784	0.10502	0.14714
96 T	0.73464	0.11891	0.14644
97 T	0.70739	0.14851	0.1441
98 A	0.63424	0.22334	0.14241
99 T	0.60228	0.25625	0.14148
100 G	0.55398	0.30638	0.13963
101 T	0.53247	0.32954	0.13798
102 A	0.49763	0.36667	0.13571
103 T	0.46359	0.40304	0.13336
104 T	0.37701	0.49024	0.13275
105 A	0.25556	0.61185	0.1326
106 A	0.21745	0.64928	0.13328
107 A	0.20031	0.66372	0.13598
108 C	0.19499	0.66366	0.14136
109 G	0.19011	0.66705	0.14285
110 G	0.18854	0.66532	0.14614
111 A	0.18787	0.66594	0.14619
112 T	0.18882	0.66237	0.14882
113 A	0.18836	0.66227	0.14937
114 T	0.18834	0.65667	0.15499
115 A	0.18769	0.65360	0.15871
116 A	0.18818	0.63863	0.17319
117 G	0.18925	0.60612	0.20462
118 A	0.19082	0.59325	0.21592
119 A	0.19267	0.57345	0.23387
120 T	0.19693	0.53568	0.26739
121 T	0.19861	0.46206	0.33933
122 A	0.19947	0.41988	0.38064
123 T	0.20089	0.37331	0.4258
124 G	0.20141	0.36420	0.43439
125 A	0.20264	0.34649	0.45087
126 A	0.20408	0.31232	0.48359
127 T	0.20455	0.21599	0.57945
128 G	0.19655	0.14048	0.66296
129 G	0.19265	0.17409	0.63326
130 A	0.18989	0.33227	0.47783
131 A	0.18740	0.58017	0.23243
132 A	0.18681	0.69813	0.11505
133 T	0.19020	0.73309	0.0767
134 T	0.19167	0.73863	0.06969
135 T	0.19079	0.74765	0.06156
136 A	0.18792	0.76315	0.04893
137 T	0.18571	0.77312	0.04118
138 C	0.18251	0.78033	0.03717
139 G	0.18023	0.78476	0.03501
140 A	0.17701	0.78957	0.03343
141 A	0.17656	0.79017	0.03327
142 A	0.17641	0.79050	0.03309
143 C	0.17738	0.78949	0.03313
144 G	0.17936	0.78746	0.03318
145 C	0.18387	0.78320	0.03294
146 A	0.18932	0.78023	0.03045
147 T	0.20144	0.77007	0.02848
148 A	0.20711	0.76591	0.02697
149 A	0.21393	0.75994	0.02613
150 A	0.22282	0.75135	0.02583
151 G	0.25108	0.71492	0.03401
152 A	0.30936	0.65301	0.03763
153 A	0.47351	0.48526	0.04123
154 T	0.73813	0.21649	0.04537
155 T	0.85089	0.09976	0.04935
156 T	0.88129	0.06727	0.05144
157 C	0.88559	0.06139	0.05303
158 A	0.89049	0.05750	0.05201
159 T	0.89953	0.04642	0.05404
160 T	0.90126	0.04387	0.05487
161 T	0.89853	0.04538	0.05609
162 T	0.88392	0.06020	0.05588
163 C	0.85366	0.08904	0.0573
164 A	0.80149	0.14319	0.05532
165 T	0.70617	0.24195	0.05189
166 A	0.55947	0.39352	0.04701
167 A	0.49575	0.46166	0.0426
168 G	0.46242	0.50193	0.03566
169 A	0.45157	0.52179	0.02664
170 T	0.43892	0.54396	0.01711
171 A	0.40015	0.58570	0.01415
172 A	0.35477	0.63142	0.01381
173 A	0.29766	0.68814	0.0142
174 A	0.17704	0.80823	0.01473
175 C	0.13612	0.84857	0.01532
176 C	0.12041	0.86420	0.01539
177 C	0.10260	0.88257	0.01483
178 G	0.07879	0.90850	0.01271
179 A	0.06098	0.92840	0.01062
180 A	0.05047	0.94062	0.00892
181 A	0.04731	0.94506	0.00763
182 A	0.04480	0.94793	0.00726
183 A	0.04478	0.93854	0.01668
184 A	0.04551	0.92332	0.03117
185 T	0.04666	0.89471	0.05863
186 T	0.04633	0.86813	0.08553
187 A	0.04355	0.83739	0.11906
188 A	0.04407	0.76437	0.19156
189 A	0.04604	0.64709	0.30687
190 A	0.04914	0.58629	0.36457
191 C	0.05556	0.54043	0.40401
192 A	0.06369	0.52676	0.40955
193 A	0.07135	0.50975	0.4189
194 A	0.07473	0.48036	0.44491
195 A	0.07618	0.44322	0.4806
196 T	0.07759	0.39128	0.53113
197 G	0.07795	0.25481	0.66724
198 T	0.07860	0.21523	0.70617
199 A	0.07805	0.23436	0.68759
200 A	0.07822	0.25065	0.67112
201 T	0.07875	0.26627	0.65498
202 G	0.07489	0.33073	0.59437
203 A	0.07176	0.41890	0.50934
204 A	0.07107	0.44432	0.48461
205 T	0.07203	0.45455	0.47342
206 T	0.07213	0.47516	0.4527
207 A	0.07028	0.50086	0.42885
208 T	0.06917	0.52873	0.40211
209 A	0.06569	0.59500	0.33932
210 T	0.06305	0.68585	0.25109
211 A	0.05562	0.81918	0.12521
212 A	0.04759	0.88461	0.06781
213 T	0.04161	0.91115	0.04724
214 A	0.02943	0.92973	0.04084
215 A	0.02669	0.93554	0.03776
216 A	0.02940	0.93521	0.03539
217 A	0.03285	0.93326	0.0339
218 C	0.03686	0.93050	0.03264
219 A	0.04081	0.93388	0.02532
220 A	0.05068	0.92728	0.02204
221 A	0.06942	0.91011	0.02047
222 A	0.10952	0.87012	0.02037
223 A	0.15085	0.82850	0.02065
224 A	0.20856	0.76871	0.02274
225 T	0.30151	0.66912	0.02938
226 T	0.38702	0.57847	0.03451
227 T	0.40525	0.55762	0.03713
228 A	0.39698	0.56501	0.038
229 G	0.40629	0.55444	0.03928
230 A	0.42080	0.53810	0.0411
231 A	0.44756	0.50783	0.04461
232 A	0.50992	0.44013	0.04996
233 T	0.61546	0.32949	0.05506
234 A	0.71480	0.22325	0.06195
235 T	0.76544	0.16310	0.07145
236 A	0.76322	0.15743	0.07935
237 T	0.75342	0.15481	0.09177
238 C	0.73636	0.16844	0.0952
239 A	0.72597	0.18862	0.08541
240 A	0.70233	0.22283	0.07484
241 A	0.69608	0.23844	0.06548
242 T	0.69175	0.24905	0.05921
243 T	0.66243	0.28463	0.05293
244 T	0.61368	0.33780	0.04851
245 T	0.52631	0.43340	0.04029
246 G	0.43293	0.53440	0.03268
247 A	0.40873	0.55864	0.03263
248 T	0.39612	0.56999	0.03389
249 T	0.37842	0.58610	0.03549
250 A	0.35305	0.60818	0.03876
251 C	0.34148	0.60528	0.05324
252 A	0.32994	0.61434	0.05572
253 A	0.32415	0.61602	0.05984
254 A	0.32171	0.61419	0.0641
255 T	0.32133	0.60849	0.07018
256 G	0.31933	0.60618	0.0745
257 C	0.31666	0.59051	0.09283
258 A	0.31427	0.58753	0.0982
259 G	0.31348	0.57396	0.11255
260 G	0.31289	0.56297	0.12413
261 A	0.31401	0.54960	0.13638
262 A	0.32449	0.53023	0.14528
263 G	0.33726	0.48026	0.18248
264 A	0.35095	0.44937	0.19968
265 T	0.36432	0.40319	0.23249
266 T	0.37234	0.34808	0.27958
267 A	0.37506	0.30703	0.31792
268 T	0.38074	0.24496	0.37431
269 T	0.38231	0.20254	0.41515
270 A	0.37421	0.23586	0.38993
271 T	0.36838	0.26431	0.36731
272 T	0.36136	0.31555	0.32309
273 T	0.34531	0.35789	0.2968
274 G	0.28638	0.46616	0.24746
275 A	0.25039	0.55119	0.19842
276 A	0.22155	0.62955	0.1489
277 A	0.18157	0.71079	0.10764
278 A	0.15947	0.74882	0.09171
279 A	0.14864	0.76769	0.08367
280 A	0.14242	0.77682	0.08076
281 T	0.13956	0.78016	0.08028
282 A	0.13263	0.79458	0.07279
283 A	0.12973	0.80930	0.06096
284 A	0.12973	0.81400	0.05627
285 A	0.13024	0.81617	0.05359
286 A	0.13182	0.81788	0.0503
287 A	0.13721	0.81371	0.04909
288 T	0.14765	0.80402	0.04833
289 A	0.15283	0.80208	0.04508
290 A	0.16629	0.78764	0.04607
291 A	0.18920	0.76257	0.04823
292 A	0.22335	0.72146	0.05518
293 T	0.29248	0.63307	0.07445
294 C	0.34999	0.55434	0.09567
295 T	0.41791	0.47692	0.10516
296 A	0.44476	0.43848	0.11676
297 T	0.49170	0.35233	0.15597
298 A	0.52388	0.29738	0.17874
299 T	0.57137	0.22700	0.20163
300 T	0.60310	0.14982	0.24707
301 G	0.61191	0.11777	0.27033
302 T	0.61831	0.10050	0.2812
303 T	0.61910	0.09442	0.28648
304 G	0.61646	0.09358	0.28997
305 G	0.61916	0.08629	0.29455
306 T	0.63069	0.07345	0.29586
307 T	0.63295	0.07423	0.29282
308 A	0.63123	0.07967	0.2891
309 T	0.63316	0.08109	0.28575
310 G	0.62966	0.09000	0.28034
311 A	0.62991	0.09761	0.27249
312 T	0.63386	0.09600	0.27014
313 T	0.63442	0.10154	0.26403
314 A	0.63447	0.11449	0.25104
315 T	0.63524	0.11465	0.25011
316 T	0.63524	0.11650	0.24826
317 T	0.63468	0.11807	0.24725
318 T	0.63302	0.12158	0.2454
319 C	0.63001	0.12826	0.24173
320 A	0.62937	0.13680	0.23383
321 T	0.63010	0.13946	0.23044
322 A	0.63013	0.14335	0.22652
323 T	0.63127	0.14391	0.22482
324 T	0.63220	0.14650	0.22129
325 T	0.63000	0.15541	0.21459
326 T	0.61594	0.19109	0.19297
327 A	0.56164	0.27662	0.16174
328 G	0.52967	0.33632	0.134
329 A	0.50891	0.36551	0.12558
330 T	0.49788	0.37865	0.12347
331 A	0.47871	0.40135	0.11994
332 A	0.42977	0.45653	0.11371
333 C	0.39509	0.49701	0.1079
334 G	0.37641	0.53560	0.088
335 A	0.35459	0.59548	0.04993
336 A	0.31973	0.64861	0.03165
337 A	0.28573	0.69661	0.01766
338 A	0.26483	0.71864	0.01653
339 G	0.24137	0.74152	0.01711
340 A	0.21959	0.76241	0.018
341 A	0.21211	0.76813	0.01976
342 C	0.20428	0.77326	0.02246
343 C	0.19260	0.78479	0.02262
344 C	0.18158	0.79667	0.02174
345 A	0.17149	0.80730	0.0212
346 A	0.16794	0.81115	0.02091
347 A	0.16677	0.81232	0.02091
348 A	0.17306	0.80437	0.02257
349 C	0.19716	0.76655	0.03629
350 A	0.22476	0.68783	0.08741
351 A	0.25173	0.63091	0.11736
352 T	0.26269	0.59611	0.1412
353 C	0.26557	0.57954	0.15489
354 A	0.27100	0.56993	0.15907
355 A	0.28161	0.51059	0.20781
356 T	0.29642	0.46111	0.24247
357 A	0.30796	0.43704	0.255
358 T	0.34011	0.39531	0.26458
359 A	0.34537	0.38147	0.27316
360 T	0.35057	0.33578	0.31365
361 A	0.33170	0.34764	0.32066
362 A	0.32516	0.33851	0.33634
363 T	0.32235	0.33383	0.34382
364 A	0.31675	0.40165	0.2816
365 A	0.31521	0.42014	0.26465
366 T	0.31517	0.41060	0.27423
367 T	0.30884	0.41010	0.28105
368 T	0.29315	0.42696	0.27989
369 A	0.26967	0.46194	0.26839
370 A	0.25356	0.47857	0.26787
371 G	0.24923	0.48177	0.26901
372 A	0.24699	0.48704	0.26597
373 T	0.24665	0.49208	0.26126
374 A	0.24398	0.52101	0.23501
375 T	0.24186	0.55534	0.2028
376 G	0.23447	0.61115	0.15438
377 A	0.23244	0.65857	0.10899
378 A	0.23380	0.67287	0.09333
379 A	0.23934	0.68191	0.07875
380 T	0.25035	0.66427	0.08538
381 A	0.26308	0.64783	0.08909
382 T	0.30185	0.59935	0.09879
383 A	0.31494	0.58005	0.10501
384 C	0.33400	0.54362	0.12239
385 A	0.34996	0.52368	0.12636
386 A	0.37926	0.49124	0.1295
387 T	0.45957	0.40461	0.13582
388 T	0.49818	0.36311	0.13872
389 T	0.51098	0.34858	0.14043
390 T	0.51726	0.33130	0.15144
391 T	0.51497	0.31816	0.16687
392 T	0.50510	0.31043	0.18447
393 G	0.46675	0.34523	0.18801
394 A	0.44676	0.38168	0.17156
395 A	0.44225	0.40578	0.15198
396 A	0.44498	0.42762	0.1274
397 A	0.47330	0.41017	0.11652
398 A	0.51359	0.37413	0.11228
399 T	0.56959	0.31308	0.11734
400 T	0.61065	0.27056	0.11879
401 A	0.62117	0.26339	0.11543
402 T	0.63177	0.25442	0.11381
403 A	0.62678	0.25970	0.11352
404 T	0.61859	0.26751	0.1139
405 T	0.60622	0.28015	0.11362
406 T	0.58790	0.29880	0.1133
407 C	0.55907	0.32854	0.11239
408 A	0.53133	0.36037	0.10829
409 T	0.51246	0.38037	0.10718
410 G	0.47987	0.41351	0.10662
411 T	0.46165	0.43251	0.10584
412 G	0.42706	0.46987	0.10306
413 A	0.41405	0.48070	0.10525
414 G	0.40007	0.48377	0.11616
415 G	0.39888	0.46918	0.13193
416 A	0.40461	0.43284	0.16255
417 A	0.42304	0.39896	0.17801
418 A	0.44514	0.36739	0.18747
419 C	0.47251	0.32904	0.19845
420 T	0.48888	0.31042	0.2007
421 T	0.49526	0.30478	0.19996
422 T	0.49328	0.31615	0.19058
423 A	0.48102	0.35658	0.1624
424 A	0.47261	0.39073	0.13667
425 A	0.46495	0.42757	0.10748
426 A	0.46089	0.43300	0.10611
427 T	0.46103	0.41451	0.12446
428 T	0.45978	0.40051	0.13971
429 T	0.45453	0.39431	0.15115
430 A	0.44067	0.39481	0.16453
431 T	0.43940	0.37357	0.18703
432 T	0.43430	0.35854	0.20716
433 A	0.43116	0.33589	0.23295
434 A	0.43146	0.32137	0.24717
435 T	0.43418	0.29046	0.27536
436 A	0.43538	0.27867	0.28594
437 C	0.43775	0.26229	0.29995
438 T	0.43606	0.26944	0.29449
439 T	0.43005	0.29333	0.27662
440 T	0.41964	0.33554	0.24482
441 A	0.40347	0.41100	0.18553
442 A	0.39212	0.47622	0.13166
443 G	0.38702	0.49813	0.11485
444 A	0.38719	0.51733	0.09548
445 A	0.39773	0.51068	0.09159
446 A	0.42860	0.47104	0.10036
447 A	0.45873	0.43049	0.11078
448 T	0.49854	0.37850	0.12295
449 T	0.51227	0.35745	0.13028
450 T	0.51928	0.34423	0.13648
451 T	0.52432	0.33396	0.14173
452 T	0.52694	0.32629	0.14677
453 T	0.52836	0.31626	0.15538
454 T	0.52699	0.31710	0.1559
455 C	0.52311	0.32178	0.1551
456 T	0.51735	0.34267	0.13998
457 A	0.47275	0.40281	0.12444
458 A	0.42428	0.46174	0.11397
459 A	0.39775	0.49513	0.10712
460 G	0.38292	0.51582	0.10127
461 A	0.38865	0.51156	0.09979
462 A	0.40909	0.49332	0.0976
463 G	0.43913	0.46125	0.09963
464 A	0.50185	0.40498	0.09317
465 T	0.56079	0.35378	0.08543
466 T	0.57459	0.33907	0.08635
467 T	0.57771	0.34158	0.0807
468 T	0.56399	0.36107	0.07494
469 T	0.54191	0.38791	0.07018
470 C	0.48467	0.44647	0.06887
471 A	0.41514	0.51734	0.06752
472 A	0.37484	0.55893	0.06623
473 A	0.33122	0.60378	0.065
474 C	0.31185	0.62368	0.06447
475 C	0.29418	0.64568	0.06014
476 A	0.27125	0.67164	0.05711
477 A	0.26457	0.68140	0.05403
478 A	0.26637	0.68031	0.05333
479 T	0.27376	0.67013	0.05611
480 C	0.26844	0.63401	0.09755
481 A	0.24509	0.61719	0.13772
482 A	0.22519	0.61945	0.15536
483 A	0.19451	0.65406	0.15143
484 A	0.17126	0.73708	0.09166
485 A	0.16284	0.76903	0.06813
486 A	0.16288	0.78269	0.05443
487 A	0.18028	0.76613	0.05359
488 T	0.19505	0.74290	0.06205
489 A	0.19384	0.74239	0.06378
490 T	0.19694	0.72506	0.078
491 T	0.18648	0.72374	0.08978
492 A	0.16776	0.72674	0.10549
493 A	0.14013	0.71228	0.1476
494 A	0.12256	0.67754	0.19991
495 A	0.11231	0.66193	0.22576
496 C	0.11026	0.63015	0.25959
497 A	0.10945	0.64636	0.2442
498 A	0.11127	0.65617	0.23256
499 A	0.11263	0.65669	0.23068
500 T	0.11764	0.65096	0.2314
501 T	0.11925	0.65447	0.22629
502 A	0.11775	0.66752	0.21473
503 A	0.11873	0.66984	0.21143
504 A	0.12254	0.64712	0.23034
505 A	0.12799	0.64093	0.23108
506 A	0.14517	0.59426	0.26057
507 T	0.21570	0.50521	0.27908
508 A	0.23601	0.49752	0.26647
509 T	0.25652	0.48544	0.25803
510 A	0.25246	0.51850	0.22905
511 T	0.24695	0.55019	0.20286
512 T	0.23324	0.58622	0.18054
513 A	0.15142	0.71345	0.13513
514 G	0.11908	0.74429	0.13662
515 A	0.10540	0.75077	0.14382
516 A	0.10395	0.73018	0.16587
517 A	0.11622	0.70387	0.1799
518 C	0.13575	0.67521	0.18904
519 T	0.15483	0.66482	0.18035
520 A	0.17130	0.65249	0.17621
521 A	0.18308	0.64400	0.17293
522 T	0.19779	0.63121	0.171
523 A	0.18658	0.65229	0.16114
524 C	0.17774	0.66744	0.15482
525 A	0.17730	0.71765	0.10505
526 A	0.17906	0.73448	0.08646
527 A	0.18335	0.73857	0.07808
528 T	0.20147	0.72849	0.07004
529 A	0.18127	0.76192	0.05681
530 A	0.18512	0.76121	0.05367
531 A	0.20306	0.74643	0.05052
532 A	0.21163	0.74305	0.04532
533 A	0.24130	0.70292	0.05578
534 T	0.28419	0.64253	0.07329
535 A	0.30681	0.60307	0.09013
536 A	0.34282	0.49475	0.16243
537 T	0.35303	0.44927	0.19769
538 C	0.35647	0.43093	0.2126
539 T	0.35763	0.43737	0.20501
540 A	0.33628	0.47905	0.18467
541 G	0.31959	0.50771	0.17269
542 A	0.30833	0.53167	0.16
543 A	0.30224	0.55363	0.14412
544 G	0.30153	0.55241	0.14606
545 A	0.30343	0.57649	0.12008
546 A	0.31305	0.56233	0.12462
547 A	0.32955	0.53321	0.13724
548 T	0.38417	0.46243	0.1534
549 T	0.39784	0.44428	0.15788
550 A	0.39804	0.45517	0.14679
551 A	0.40395	0.44524	0.15081
552 T	0.41375	0.41826	0.16799
553 G	0.41246	0.40957	0.17797
554 A	0.41513	0.39786	0.18701
555 T	0.42622	0.37419	0.19959
556 T	0.42753	0.37031	0.20216
557 C	0.42415	0.37396	0.2019
558 G	0.42265	0.38626	0.19109
559 T	0.42439	0.39637	0.17924
560 T	0.42196	0.41674	0.16129
561 A	0.41917	0.43673	0.14411
562 G	0.42832	0.43218	0.13951
563 A	0.44911	0.39517	0.15572
564 T	0.46264	0.36328	0.17408
565 A	0.47294	0.33788	0.18919
566 T	0.49072	0.31061	0.19867
567 A	0.47592	0.32216	0.20192
568 A	0.49154	0.30198	0.20648
569 T	0.49940	0.29150	0.20911
570 G	0.48630	0.30491	0.20879
571 A	0.47842	0.31471	0.20686
572 T	0.48358	0.31250	0.20393
573 T	0.47980	0.32311	0.19708
574 A	0.41272	0.40346	0.18381
575 A	0.39080	0.42724	0.18196
576 T	0.37426	0.44178	0.18396
577 G	0.34190	0.46994	0.18815
578 A	0.31251	0.49976	0.18774
579 T	0.29650	0.51536	0.18815
580 G	0.28080	0.53090	0.18831
581 C	0.28252	0.52883	0.18864
582 A	0.28512	0.53379	0.18109
583 T	0.29528	0.52498	0.17974
584 T	0.28510	0.53640	0.17849
585 T	0.25630	0.57091	0.17279
586 A	0.18982	0.65523	0.15495
587 A	0.13614	0.72452	0.13934
588 A	0.10073	0.76257	0.1367
589 A	0.07712	0.78744	0.13544
590 A	0.06316	0.78271	0.15413
591 A	0.05926	0.77522	0.16553
592 A	0.06001	0.76684	0.17316
593 T	0.06463	0.73952	0.19585
594 A	0.06542	0.71986	0.21472
595 G	0.07092	0.69671	0.23237
596 A	0.08348	0.66665	0.24988
597 T	0.09657	0.59190	0.31153
598 G	0.09612	0.57321	0.33067
599 A	0.09675	0.57338	0.32987
600 A	0.09833	0.55426	0.34741
601 A	0.10169	0.52899	0.36931
602 T	0.10688	0.50290	0.39021
603 T	0.11174	0.48524	0.40303
604 A	0.11206	0.49295	0.39499
605 A	0.11657	0.48597	0.39746
606 T	0.11706	0.48326	0.39967
607 G	0.11064	0.49320	0.39616
608 A	0.10616	0.51531	0.37854
609 A	0.11955	0.49550	0.38496
610 A	0.13709	0.48751	0.3754
611 A	0.13910	0.54377	0.31712
612 A	0.14238	0.60166	0.25596
613 A	0.14013	0.68017	0.17971
614 A	0.13045	0.74142	0.12813
615 G	0.09428	0.80796	0.09777
616 A	0.04857	0.91141	0.04003
617 A	0.04753	0.92209	0.03039
618 A	0.04861	0.92613	0.02527
619 A	0.05244	0.92172	0.02584
620 A	0.05910	0.91379	0.02712
621 A	0.07013	0.89973	0.03014
622 T	0.09166	0.87600	0.03234
623 C	0.10026	0.86642	0.03332
624 A	0.10738	0.85899	0.03364
625 A	0.11506	0.85095	0.03399
626 A	0.12601	0.83884	0.03515
627 T	0.15063	0.81181	0.03756
628 C	0.16843	0.79245	0.03912
629 A	0.19098	0.76798	0.04105
630 A	0.22390	0.72996	0.04614
631 C	0.27051	0.67546	0.05404
632 C	0.31675	0.62708	0.05617
633 A	0.37117	0.57221	0.05662
634 A	0.46401	0.47636	0.05963
635 A	0.56011	0.37671	0.06319
636 T	0.67514	0.25744	0.06742
637 T	0.73439	0.18436	0.08125
638 A	0.76340	0.10724	0.12937
639 A	0.81150	0.00000	0.1885
