# lcl|CP097583.1_cds_USQ93355.1_1
# AA	inside	membr	outside
1 A	0.05875	0.00000	0.94125
2 T	0.05874	0.00002	0.94125
3 G	0.05873	0.00003	0.94125
4 T	0.05873	0.00029	0.94099
5 T	0.05865	0.00065	0.9407
6 T	0.05865	0.00074	0.94062
7 T	0.05783	0.00159	0.94058
8 T	0.05783	0.00159	0.94058
9 A	0.05735	0.00209	0.94057
10 G	0.05735	0.00308	0.93958
11 G	0.05731	0.00317	0.93953
12 T	0.05702	0.00347	0.93951
13 T	0.05620	0.00440	0.93941
14 T	0.05620	0.00440	0.93941
15 T	0.05620	0.00650	0.93731
16 T	0.05606	0.00664	0.93731
17 A	0.05575	0.00699	0.93727
18 T	0.05575	0.00703	0.93722
19 A	0.05545	0.00738	0.93718
20 A	0.05491	0.00827	0.93682
21 T	0.05369	0.00949	0.93682
22 T	0.05354	0.00964	0.93682
23 A	0.05329	0.00989	0.93682
24 T	0.05312	0.01005	0.93683
25 A	0.05281	0.01023	0.93696
26 C	0.05270	0.01022	0.93708
27 T	0.05286	0.00993	0.93721
28 G	0.05302	0.00971	0.93726
29 T	0.05311	0.00961	0.93728
30 T	0.05323	0.00915	0.93762
31 T	0.05324	0.00918	0.93758
32 A	0.05321	0.00884	0.93796
33 T	0.05399	0.00802	0.93799
34 T	0.05389	0.00804	0.93807
35 T	0.05382	0.00785	0.93833
36 A	0.05271	0.00839	0.93889
37 A	0.05203	0.00897	0.93899
38 C	0.05340	0.00743	0.93916
39 T	0.05323	0.00747	0.9393
40 T	0.05305	0.00742	0.93953
41 A	0.05244	0.00800	0.93957
42 T	0.05214	0.00808	0.93978
43 T	0.05174	0.00816	0.94009
44 T	0.05050	0.00835	0.94116
45 A	0.04882	0.00992	0.94126
46 A	0.04816	0.01033	0.94151
47 A	0.04764	0.01064	0.94172
48 T	0.04734	0.01063	0.94203
49 G	0.04676	0.01106	0.94219
50 C	0.04642	0.01130	0.94228
51 A	0.04623	0.01146	0.9423
52 T	0.04618	0.01148	0.94234
53 C	0.04611	0.01152	0.94237
54 A	0.04610	0.01153	0.94237
55 A	0.04616	0.01144	0.9424
56 T	0.04628	0.01112	0.94259
57 T	0.04630	0.01090	0.9428
58 G	0.04630	0.01070	0.94301
59 G	0.04631	0.00943	0.94426
60 T	0.04634	0.00862	0.94504
61 T	0.04636	0.00823	0.94541
62 T	0.04636	0.00792	0.94572
63 A	0.04636	0.00756	0.94609
64 T	0.04637	0.00677	0.94686
65 T	0.04637	0.00620	0.94744
66 A	0.04635	0.00561	0.94805
67 G	0.04636	0.00441	0.94923
68 G	0.04641	0.00305	0.95054
69 A	0.04642	0.00250	0.95108
70 A	0.04643	0.00202	0.95154
71 T	0.04647	0.00162	0.95191
72 G	0.04648	0.00114	0.95238
73 T	0.04649	0.00083	0.95268
74 T	0.04651	0.00063	0.95286
75 T	0.04651	0.00053	0.95297
76 T	0.04651	0.00045	0.95304
77 T	0.04651	0.00041	0.95309
78 T	0.04650	0.00040	0.95311
79 C	0.04646	0.00042	0.95311
80 T	0.04645	0.00045	0.95311
81 T	0.04640	0.00049	0.95311
82 G	0.04634	0.00056	0.9531
83 T	0.04630	0.00061	0.9531
84 T	0.04605	0.00086	0.95309
85 C	0.04568	0.00122	0.95311
86 T	0.04524	0.00172	0.95304
87 T	0.04492	0.00212	0.95296
88 G	0.04430	0.00290	0.9528
89 G	0.04380	0.00366	0.95254
90 A	0.04358	0.00411	0.9523
91 A	0.04351	0.00428	0.95222
92 A	0.04348	0.00430	0.95222
93 A	0.04346	0.00431	0.95222
94 T	0.04346	0.00430	0.95224
95 T	0.04344	0.00431	0.95225
96 C	0.04340	0.00437	0.95224
97 G	0.04336	0.00441	0.95223
98 A	0.04335	0.00443	0.95222
99 T	0.04333	0.00444	0.95223
100 G	0.04326	0.00451	0.95223
101 C	0.04324	0.00453	0.95223
102 T	0.04321	0.00455	0.95223
103 A	0.04311	0.00469	0.9522
104 A	0.04302	0.00479	0.95219
105 T	0.04299	0.00474	0.95227
106 G	0.04293	0.00473	0.95234
107 G	0.04288	0.00439	0.95274
108 A	0.04287	0.00392	0.95321
109 C	0.04293	0.00327	0.95379
110 A	0.04302	0.00300	0.95399
111 A	0.04320	0.00243	0.95437
112 T	0.04348	0.00179	0.95472
113 T	0.04366	0.00145	0.9549
114 C	0.04369	0.00136	0.95494
115 G	0.04367	0.00136	0.95497
116 A	0.04364	0.00137	0.95499
117 T	0.04352	0.00146	0.95501
118 G	0.04314	0.00183	0.95502
119 C	0.04299	0.00196	0.95506
120 T	0.04284	0.00208	0.95508
121 A	0.04252	0.00239	0.95509
122 A	0.04222	0.00268	0.9551
123 T	0.04209	0.00274	0.95517
124 C	0.04185	0.00298	0.95518
125 A	0.04161	0.00321	0.95518
126 A	0.04146	0.00328	0.95526
127 T	0.04139	0.00325	0.95536
128 T	0.04131	0.00329	0.95539
129 C	0.04114	0.00341	0.95544
130 G	0.04106	0.00343	0.95551
131 A	0.04105	0.00341	0.95554
132 T	0.04106	0.00337	0.95557
133 C	0.04105	0.00337	0.95558
134 C	0.04105	0.00336	0.95558
135 T	0.04103	0.00340	0.95557
136 A	0.04097	0.00348	0.95555
137 A	0.04095	0.00349	0.95556
138 T	0.04090	0.00352	0.95557
139 T	0.04085	0.00354	0.95561
140 A	0.04072	0.00349	0.95579
141 T	0.04057	0.00323	0.9562
142 A	0.04025	0.00334	0.9564
143 T	0.03999	0.00344	0.95657
144 A	0.03959	0.00360	0.9568
145 A	0.03940	0.00354	0.95707
146 A	0.03928	0.00350	0.95723
147 A	0.03921	0.00329	0.9575
148 T	0.03920	0.00299	0.95781
149 T	0.03913	0.00280	0.95806
150 C	0.03903	0.00274	0.95822
151 G	0.03901	0.00272	0.95828
152 C	0.03900	0.00264	0.95836
153 T	0.03899	0.00263	0.95838
154 T	0.03898	0.00263	0.95839
155 C	0.03897	0.00264	0.9584
156 T	0.03894	0.00266	0.9584
157 A	0.03887	0.00273	0.9584
158 T	0.03885	0.00270	0.95844
159 T	0.03881	0.00268	0.95851
160 T	0.03874	0.00271	0.95855
161 G	0.03859	0.00274	0.95867
162 T	0.03852	0.00268	0.9588
163 A	0.03836	0.00270	0.95895
164 T	0.03830	0.00257	0.95913
165 A	0.03816	0.00245	0.95939
166 T	0.03811	0.00223	0.95966
167 T	0.03802	0.00198	0.95999
168 A	0.03789	0.00194	0.96017
169 T	0.03785	0.00185	0.9603
170 T	0.03781	0.00179	0.96039
171 A	0.03775	0.00180	0.96045
172 T	0.03769	0.00177	0.96054
173 C	0.03764	0.00172	0.96064
174 T	0.03760	0.00174	0.96066
175 G	0.03748	0.00186	0.96067
176 G	0.03738	0.00196	0.96066
177 T	0.03733	0.00203	0.96064
178 A	0.03719	0.00221	0.96059
179 T	0.03711	0.00229	0.9606
180 T	0.03695	0.00245	0.9606
181 T	0.03666	0.00274	0.9606
182 G	0.03612	0.00330	0.96058
183 T	0.03574	0.00374	0.96052
184 G	0.03527	0.00437	0.96035
185 A	0.03499	0.00486	0.96015
186 T	0.03474	0.00531	0.95995
187 A	0.03413	0.00625	0.95962
188 T	0.03389	0.00635	0.95977
189 G	0.03341	0.00675	0.95983
190 T	0.03318	0.00689	0.95992
191 T	0.03296	0.00702	0.96003
192 C	0.03254	0.00740	0.96006
193 G	0.03200	0.00798	0.96002
194 A	0.03161	0.00846	0.95993
195 T	0.03121	0.00892	0.95986
196 G	0.03024	0.01010	0.95967
197 G	0.02947	0.01123	0.9593
198 A	0.02875	0.01248	0.95877
199 A	0.02833	0.01335	0.95832
200 A	0.02787	0.01430	0.95783
201 A	0.02780	0.01461	0.95759
202 G	0.02781	0.01482	0.95737
203 T	0.02791	0.01479	0.9573
204 A	0.02791	0.01473	0.95736
205 A	0.02799	0.01431	0.9577
206 G	0.02813	0.01382	0.95805
207 T	0.02841	0.01320	0.95838
208 A	0.02862	0.01280	0.95858
209 A	0.02896	0.01219	0.95885
210 T	0.02932	0.01125	0.95943
211 T	0.02928	0.01105	0.95966
212 T	0.02909	0.01099	0.95992
213 T	0.02856	0.01173	0.95971
214 A	0.02744	0.01366	0.9589
215 A	0.02633	0.01515	0.95851
216 A	0.02531	0.01633	0.95836
217 A	0.02412	0.01770	0.95818
218 A	0.02307	0.01904	0.95789
219 A	0.02240	0.01909	0.9585
220 A	0.01922	0.02184	0.95894
221 A	0.01795	0.02272	0.95933
222 A	0.01779	0.02253	0.95969
223 C	0.01797	0.02187	0.96016
224 G	0.01821	0.02159	0.9602
225 T	0.01858	0.02129	0.96013
226 T	0.01857	0.02146	0.95997
227 C	0.01816	0.02196	0.95987
228 T	0.01773	0.02250	0.95978
229 A	0.01680	0.02353	0.95967
230 T	0.01630	0.02406	0.95964
231 A	0.01567	0.02473	0.95961
232 C	0.01526	0.02517	0.95957
233 A	0.01487	0.02555	0.95957
234 A	0.01466	0.02568	0.95966
235 G	0.01461	0.02549	0.9599
236 A	0.01421	0.02558	0.96021
237 C	0.01474	0.02445	0.96081
238 A	0.01485	0.02379	0.96136
239 A	0.01500	0.02287	0.96213
240 A	0.01539	0.02155	0.96305
241 A	0.01596	0.02011	0.96394
242 A	0.01621	0.01914	0.96465
243 A	0.01656	0.01489	0.96855
244 T	0.01697	0.01226	0.97078
245 A	0.01709	0.01119	0.97173
246 T	0.01716	0.01030	0.97255
247 G	0.01721	0.00980	0.97299
248 G	0.01733	0.00955	0.97311
249 T	0.01753	0.00898	0.97349
250 A	0.01758	0.00855	0.97387
251 T	0.01765	0.00779	0.97455
252 T	0.01738	0.00767	0.97495
253 C	0.01703	0.00777	0.97521
254 A	0.01675	0.00816	0.97509
255 A	0.01641	0.00854	0.97505
256 A	0.01621	0.00858	0.97521
257 T	0.01621	0.00839	0.9754
258 A	0.01607	0.00848	0.97545
259 G	0.01604	0.00753	0.97643
260 A	0.01610	0.00708	0.97682
261 T	0.01636	0.00629	0.97735
262 T	0.01642	0.00592	0.97766
263 C	0.01645	0.00572	0.97783
264 T	0.01649	0.00567	0.97784
265 T	0.01649	0.00565	0.97785
266 T	0.01647	0.00566	0.97787
267 A	0.01639	0.00574	0.97787
268 G	0.01637	0.00575	0.97788
269 C	0.01640	0.00566	0.97794
270 A	0.01651	0.00553	0.97796
271 G	0.01678	0.00524	0.97799
272 A	0.01694	0.00506	0.97801
273 T	0.01728	0.00468	0.97805
274 A	0.01749	0.00444	0.97807
275 T	0.01817	0.00331	0.97852
276 T	0.01851	0.00259	0.9789
277 A	0.01871	0.00210	0.9792
278 T	0.01887	0.00154	0.97958
279 T	0.01894	0.00123	0.97983
280 A	0.01898	0.00110	0.97992
281 G	0.01909	0.00081	0.9801
282 T	0.01914	0.00067	0.98019
283 T	0.01916	0.00060	0.98024
284 T	0.01915	0.00059	0.98026
285 T	0.01911	0.00063	0.98026
286 G	0.01890	0.00085	0.98025
287 G	0.01875	0.00107	0.98018
288 T	0.01873	0.00116	0.98011
289 A	0.01865	0.00141	0.97994
290 T	0.01861	0.00147	0.97993
291 T	0.01848	0.00158	0.97994
292 T	0.01825	0.00180	0.97995
293 T	0.01797	0.00208	0.97995
294 A	0.01750	0.00256	0.97994
295 C	0.01728	0.00278	0.97994
296 C	0.01719	0.00289	0.97993
297 T	0.01714	0.00296	0.9799
298 A	0.01707	0.00305	0.97988
299 T	0.01706	0.00306	0.97988
300 T	0.01703	0.00309	0.97988
301 T	0.01700	0.00312	0.97988
302 T	0.01696	0.00314	0.9799
303 C	0.01690	0.00318	0.97991
304 A	0.01684	0.00324	0.97991
305 T	0.01681	0.00327	0.97992
306 A	0.01675	0.00333	0.97992
307 G	0.01674	0.00332	0.97994
308 G	0.01676	0.00327	0.97998
309 A	0.01681	0.00302	0.98017
310 T	0.01692	0.00276	0.98032
311 A	0.01699	0.00268	0.98032
312 T	0.01715	0.00241	0.98043
313 A	0.01720	0.00227	0.98054
314 G	0.01720	0.00204	0.98076
315 A	0.01720	0.00181	0.98099
316 T	0.01723	0.00154	0.98123
317 T	0.01725	0.00121	0.98155
318 G	0.01725	0.00107	0.98168
319 T	0.01726	0.00109	0.98164
320 T	0.01726	0.00141	0.98133
321 T	0.01711	0.00246	0.98043
322 T	0.01674	0.00433	0.97893
323 G	0.01634	0.00610	0.97756
324 T	0.01607	0.00762	0.97631
325 A	0.01556	0.00833	0.9761
326 A	0.01526	0.00871	0.97603
327 T	0.01502	0.00894	0.97604
328 A	0.01458	0.00944	0.97598
329 C	0.01422	0.00979	0.97599
330 A	0.01404	0.01008	0.97588
331 G	0.01399	0.01019	0.97582
332 A	0.01399	0.01027	0.97574
333 A	0.01402	0.01027	0.97571
334 T	0.01407	0.01022	0.97572
335 T	0.01409	0.01019	0.97572
336 A	0.01409	0.01018	0.97573
337 T	0.01409	0.01017	0.97574
338 C	0.01408	0.01019	0.97573
339 A	0.01408	0.01024	0.97568
340 A	0.01410	0.01025	0.97564
341 A	0.01419	0.01019	0.97561
342 A	0.01438	0.01001	0.97561
343 A	0.01491	0.00945	0.97564
344 A	0.01622	0.00788	0.9759
345 T	0.01797	0.00564	0.97639
346 T	0.01922	0.00393	0.97685
347 T	0.02006	0.00280	0.97715
348 T	0.02017	0.00229	0.97754
349 A	0.02021	0.00202	0.97776
350 A	0.02025	0.00174	0.978
351 T	0.02034	0.00126	0.9784
352 T	0.02039	0.00090	0.97871
353 T	0.02048	0.00067	0.97885
354 C	0.02050	0.00060	0.9789
355 T	0.02054	0.00059	0.97887
356 T	0.02051	0.00062	0.97887
357 A	0.02043	0.00071	0.97887
358 T	0.02041	0.00072	0.97887
359 G	0.02040	0.00074	0.97886
360 C	0.02040	0.00070	0.9789
361 T	0.02043	0.00067	0.9789
362 T	0.02048	0.00063	0.9789
363 A	0.02049	0.00061	0.9789
364 T	0.02052	0.00058	0.97889
365 T	0.02053	0.00059	0.97888
366 T	0.02052	0.00060	0.97887
367 A	0.02052	0.00061	0.97886
368 T	0.02053	0.00061	0.97886
369 T	0.02053	0.00060	0.97886
370 T	0.02052	0.00061	0.97887
371 T	0.02048	0.00065	0.97887
372 T	0.02039	0.00075	0.97887
373 A	0.02029	0.00087	0.97884
374 T	0.02025	0.00095	0.9788
375 A	0.02018	0.00110	0.97871
376 A	0.02016	0.00114	0.97869
377 G	0.02016	0.00111	0.97872
378 T	0.02019	0.00108	0.97873
379 A	0.02018	0.00107	0.97875
380 T	0.02019	0.00100	0.97881
381 T	0.02019	0.00099	0.97882
382 T	0.02017	0.00100	0.97884
383 G	0.02014	0.00102	0.97884
384 T	0.02012	0.00104	0.97884
385 T	0.02010	0.00107	0.97883
386 A	0.02004	0.00115	0.97882
387 C	0.02002	0.00117	0.97881
388 A	0.02001	0.00120	0.97879
389 T	0.02001	0.00123	0.97876
390 T	0.02000	0.00128	0.97872
391 T	0.01999	0.00130	0.97871
392 T	0.01996	0.00134	0.9787
393 A	0.01992	0.00135	0.97872
394 A	0.01989	0.00133	0.97878
395 C	0.01990	0.00120	0.9789
396 G	0.01992	0.00112	0.97897
397 G	0.01996	0.00105	0.979
398 T	0.02007	0.00091	0.97903
399 T	0.02011	0.00087	0.97902
400 T	0.02012	0.00089	0.97899
401 T	0.02012	0.00091	0.97898
402 A	0.02010	0.00098	0.97892
403 A	0.02005	0.00104	0.97891
404 T	0.02002	0.00106	0.97892
405 T	0.02001	0.00106	0.97893
406 A	0.01997	0.00109	0.97893
407 G	0.01994	0.00109	0.97896
408 A	0.01993	0.00109	0.97898
409 T	0.01995	0.00101	0.97904
410 T	0.01994	0.00099	0.97907
411 A	0.01993	0.00098	0.97908
412 G	0.01994	0.00094	0.97911
413 C	0.01997	0.00088	0.97915
414 T	0.01994	0.00096	0.9791
415 T	0.01989	0.00111	0.97901
416 A	0.01977	0.00128	0.97895
417 T	0.01965	0.00143	0.97891
418 T	0.01910	0.00207	0.97883
419 T	0.01813	0.00306	0.97881
420 C	0.01718	0.00404	0.97878
421 A	0.01669	0.00467	0.97864
422 A	0.01650	0.00492	0.97858
423 T	0.01642	0.00499	0.97859
424 G	0.01619	0.00522	0.97859
425 T	0.01619	0.00520	0.97861
426 T	0.01614	0.00519	0.97868
427 C	0.01605	0.00523	0.97872
428 T	0.01603	0.00524	0.97872
429 T	0.01597	0.00528	0.97875
430 G	0.01585	0.00538	0.97877
431 C	0.01576	0.00547	0.97877
432 T	0.01561	0.00567	0.97872
433 G	0.01519	0.00619	0.97862
434 A	0.01486	0.00670	0.97844
435 A	0.01469	0.00698	0.97833
436 G	0.01463	0.00715	0.97823
437 A	0.01464	0.00727	0.97809
438 A	0.01473	0.00738	0.97789
439 A	0.01483	0.00738	0.97779
440 A	0.01492	0.00737	0.97771
441 T	0.01501	0.00690	0.9781
442 T	0.01488	0.00685	0.97826
443 A	0.01456	0.00772	0.97771
444 T	0.01416	0.00923	0.97661
445 G	0.01288	0.01353	0.97358
446 A	0.01225	0.01665	0.9711
447 T	0.01173	0.01823	0.97004
448 A	0.01073	0.02044	0.96883
449 A	0.00984	0.02233	0.96784
450 T	0.00901	0.02430	0.96669
451 A	0.00681	0.02905	0.96415
452 A	0.00559	0.03140	0.96301
453 A	0.00503	0.03211	0.96286
454 A	0.00475	0.03230	0.96294
455 A	0.00464	0.03227	0.96309
456 A	0.00460	0.03195	0.96345
457 C	0.00468	0.03157	0.96375
458 C	0.00473	0.03144	0.96383
459 A	0.00479	0.03139	0.96381
460 A	0.00494	0.03124	0.96382
461 A	0.00519	0.03099	0.96381
462 A	0.00548	0.03070	0.96382
463 G	0.00588	0.03027	0.96385
464 A	0.00637	0.02966	0.96396
465 A	0.00751	0.02826	0.96424
466 A	0.00892	0.02638	0.9647
467 A	0.01079	0.02388	0.96534
468 T	0.01466	0.01853	0.96681
469 T	0.01713	0.01525	0.96762
470 T	0.01820	0.01359	0.96822
471 A	0.01890	0.01210	0.969
472 A	0.01975	0.01044	0.96981
473 A	0.02086	0.00848	0.97066
474 T	0.02337	0.00396	0.97267
475 G	0.02432	0.00196	0.97372
476 T	0.02462	0.00118	0.97419
477 T	0.02468	0.00096	0.97435
478 T	0.02470	0.00088	0.97442
479 T	0.02471	0.00086	0.97444
480 T	0.02467	0.00091	0.97442
481 T	0.02465	0.00099	0.97435
482 T	0.02464	0.00115	0.97421
483 A	0.02461	0.00136	0.97403
484 G	0.02461	0.00144	0.97395
485 G	0.02461	0.00150	0.9739
486 T	0.02461	0.00151	0.97388
487 G	0.02460	0.00152	0.97388
488 T	0.02460	0.00152	0.97387
489 T	0.02456	0.00157	0.97387
490 C	0.02453	0.00161	0.97387
491 C	0.02450	0.00166	0.97384
492 A	0.02447	0.00174	0.9738
493 G	0.02446	0.00175	0.97379
494 T	0.02449	0.00172	0.97378
495 G	0.02451	0.00171	0.97378
496 A	0.02455	0.00168	0.97378
497 C	0.02462	0.00161	0.97378
498 T	0.02473	0.00150	0.97377
499 T	0.02480	0.00143	0.97377
500 T	0.02490	0.00133	0.97377
501 A	0.02496	0.00127	0.97377
502 T	0.02506	0.00117	0.97378
503 C	0.02513	0.00103	0.97384
504 T	0.02522	0.00093	0.97386
505 T	0.02534	0.00079	0.97386
506 C	0.02544	0.00067	0.97388
507 T	0.02549	0.00063	0.97388
508 A	0.02551	0.00063	0.97385
509 T	0.02550	0.00064	0.97386
510 T	0.02547	0.00066	0.97386
511 A	0.02545	0.00069	0.97386
512 T	0.02545	0.00064	0.9739
513 A	0.02545	0.00061	0.97394
514 T	0.02547	0.00055	0.97398
515 T	0.02550	0.00049	0.97401
516 T	0.02550	0.00047	0.97402
517 C	0.02547	0.00050	0.97403
518 C	0.02542	0.00055	0.97403
519 T	0.02539	0.00060	0.974
520 T	0.02535	0.00067	0.97398
521 G	0.02525	0.00080	0.97394
522 T	0.02517	0.00094	0.9739
523 T	0.02508	0.00106	0.97387
524 T	0.02499	0.00118	0.97383
525 A	0.02485	0.00138	0.97377
526 A	0.02480	0.00144	0.97376
527 T	0.02479	0.00142	0.97379
528 T	0.02477	0.00146	0.97378
529 T	0.02470	0.00157	0.97373
530 T	0.02459	0.00178	0.97363
531 A	0.02433	0.00206	0.97361
532 T	0.02421	0.00218	0.97361
533 T	0.02394	0.00246	0.97359
534 T	0.02362	0.00283	0.97355
535 C	0.02313	0.00344	0.97342
536 A	0.02272	0.00443	0.97285
537 A	0.02158	0.00619	0.97223
538 A	0.02136	0.00692	0.97171
539 A	0.02100	0.00752	0.97148
540 T	0.02071	0.00799	0.9713
541 A	0.02035	0.00870	0.97095
542 T	0.02011	0.00905	0.97084
543 A	0.01891	0.01054	0.97055
544 A	0.01851	0.01104	0.97045
545 T	0.01823	0.01129	0.97049
546 G	0.01752	0.01209	0.97039
547 A	0.01689	0.01303	0.97008
548 T	0.01649	0.01351	0.97
549 G	0.01527	0.01506	0.96968
550 A	0.01411	0.01638	0.96951
551 A	0.01360	0.01693	0.96947
552 A	0.01337	0.01707	0.96956
553 A	0.01331	0.01693	0.96975
554 C	0.01329	0.01651	0.97021
555 A	0.01325	0.01640	0.97035
556 C	0.01329	0.01608	0.97064
557 G	0.01333	0.01593	0.97074
558 A	0.01344	0.01572	0.97085
559 A	0.01393	0.01515	0.97093
560 C	0.01453	0.01347	0.972
561 T	0.01505	0.01296	0.97199
562 G	0.01523	0.01254	0.97224
563 A	0.01541	0.01234	0.97224
564 T	0.01580	0.01170	0.97249
565 G	0.01591	0.01147	0.97263
566 T	0.01624	0.00995	0.97382
567 T	0.01644	0.00932	0.97425
568 A	0.01645	0.00894	0.97461
569 A	0.01658	0.00819	0.97522
570 T	0.01691	0.00727	0.97582
571 A	0.01703	0.00689	0.97609
572 A	0.01730	0.00582	0.97688
573 T	0.01750	0.00500	0.9775
574 A	0.01755	0.00578	0.97667
575 T	0.01757	0.00700	0.97543
576 T	0.01748	0.00841	0.97411
577 A	0.01726	0.01090	0.97184
578 A	0.01716	0.01210	0.97074
579 A	0.01691	0.01290	0.97019
580 A	0.01685	0.01321	0.96994
581 A	0.01690	0.01335	0.96975
582 T	0.01710	0.01318	0.96973
583 A	0.01716	0.01315	0.96969
584 T	0.01738	0.01294	0.96967
585 A	0.01750	0.01285	0.96964
586 T	0.01785	0.01249	0.96966
587 T	0.01797	0.01235	0.96968
588 T	0.01803	0.01225	0.96972
589 T	0.01802	0.01223	0.96975
590 T	0.01792	0.01230	0.96978
591 C	0.01774	0.01244	0.96982
592 A	0.01761	0.01256	0.96982
593 C	0.01764	0.01253	0.96983
594 A	0.01779	0.01237	0.96983
595 A	0.01814	0.01202	0.96983
596 C	0.01890	0.01126	0.96984
597 A	0.02048	0.00968	0.96984
598 T	0.02234	0.00781	0.96986
599 A	0.02374	0.00631	0.96995
600 T	0.02608	0.00376	0.97015
601 T	0.02699	0.00276	0.97025
602 T	0.02743	0.00206	0.97052
603 A	0.02755	0.00182	0.97064
604 T	0.02777	0.00149	0.97075
605 T	0.02782	0.00139	0.97079
606 T	0.02784	0.00132	0.97084
607 A	0.02785	0.00129	0.97086
608 T	0.02789	0.00120	0.97091
609 T	0.02786	0.00119	0.97094
610 A	0.02779	0.00121	0.97099
611 T	0.02777	0.00112	0.97111
612 G	0.02771	0.00106	0.97122
613 T	0.02770	0.00091	0.97139
614 G	0.02769	0.00078	0.97153
615 T	0.02768	0.00064	0.97167
616 T	0.02767	0.00060	0.97173
617 T	0.02766	0.00058	0.97176
618 A	0.02764	0.00059	0.97177
619 T	0.02764	0.00057	0.97178
620 T	0.02764	0.00056	0.97179
621 G	0.02764	0.00057	0.97179
622 T	0.02765	0.00056	0.97179
623 C	0.02765	0.00056	0.97179
624 T	0.02765	0.00060	0.97174
625 T	0.02766	0.00063	0.97171
626 T	0.02766	0.00066	0.97169
627 T	0.02765	0.00071	0.97164
628 T	0.02764	0.00078	0.97157
629 T	0.02762	0.00087	0.97151
630 A	0.02758	0.00097	0.97146
631 T	0.02757	0.00099	0.97145
632 T	0.02754	0.00099	0.97147
633 T	0.02753	0.00099	0.97148
634 A	0.02751	0.00105	0.97144
635 T	0.02751	0.00103	0.97146
636 T	0.02750	0.00109	0.97141
637 T	0.02748	0.00111	0.9714
638 T	0.02740	0.00124	0.97137
639 T	0.02670	0.00204	0.97126
640 G	0.02567	0.00320	0.97114
641 C	0.02501	0.00396	0.97103
642 A	0.02422	0.00529	0.97049
643 A	0.02379	0.00631	0.9699
644 A	0.02354	0.00721	0.96925
645 A	0.02330	0.00845	0.96825
646 A	0.02312	0.01028	0.9666
647 T	0.02307	0.01112	0.96581
648 T	0.02293	0.01281	0.96426
649 A	0.02275	0.01421	0.96303
650 A	0.02272	0.01478	0.9625
651 A	0.02271	0.01487	0.96242
652 T	0.02278	0.01478	0.96244
653 T	0.02282	0.01471	0.96247
654 T	0.02277	0.01474	0.96248
655 C	0.02263	0.01487	0.96251
656 C	0.02251	0.01500	0.96248
657 T	0.02245	0.01512	0.96243
658 A	0.02235	0.01527	0.96238
659 A	0.02233	0.01533	0.96233
660 A	0.02233	0.01537	0.9623
661 A	0.02239	0.01525	0.96236
662 T	0.02258	0.01425	0.96316
663 T	0.02273	0.01318	0.96409
664 A	0.02275	0.01266	0.96459
665 A	0.02312	0.01175	0.96513
666 A	0.02360	0.01096	0.96544
667 A	0.02422	0.01013	0.96566
668 A	0.02535	0.00876	0.96589
669 T	0.02745	0.00642	0.96613
670 A	0.02836	0.00541	0.96623
671 T	0.02996	0.00364	0.96641
672 T	0.03083	0.00263	0.96653
673 A	0.03112	0.00230	0.96658
674 T	0.03123	0.00211	0.96667
675 T	0.03126	0.00200	0.96673
676 T	0.03129	0.00192	0.96679
677 T	0.03131	0.00188	0.96682
678 T	0.03132	0.00178	0.9669
679 T	0.03133	0.00175	0.96693
680 T	0.03133	0.00174	0.96692
681 A	0.03132	0.00176	0.96692
682 A	0.03135	0.00172	0.96693
683 T	0.03140	0.00164	0.96696
684 A	0.03144	0.00159	0.96697
685 T	0.03153	0.00146	0.96701
686 T	0.03161	0.00134	0.96705
687 T	0.03165	0.00125	0.9671
688 T	0.03166	0.00123	0.96711
689 C	0.03165	0.00125	0.96711
690 A	0.03164	0.00140	0.96696
691 T	0.03168	0.00142	0.9669
692 G	0.03169	0.00147	0.96684
693 T	0.03175	0.00147	0.96678
694 T	0.03181	0.00149	0.9667
695 T	0.03186	0.00149	0.96664
696 A	0.03188	0.00152	0.96659
697 T	0.03193	0.00148	0.96659
698 T	0.03195	0.00146	0.96659
699 A	0.03198	0.00143	0.96659
700 T	0.03206	0.00133	0.96661
701 C	0.03213	0.00125	0.96663
702 T	0.03220	0.00118	0.96662
703 T	0.03225	0.00113	0.96662
704 T	0.03225	0.00113	0.96661
705 T	0.03223	0.00119	0.96657
706 G	0.03217	0.00134	0.96648
707 T	0.03210	0.00163	0.96627
708 A	0.03198	0.00196	0.96606
709 A	0.03191	0.00224	0.96586
710 T	0.03193	0.00223	0.96584
711 A	0.03194	0.00222	0.96584
712 A	0.03196	0.00218	0.96586
713 T	0.03214	0.00197	0.96589
714 T	0.03222	0.00187	0.9659
715 T	0.03228	0.00180	0.96592
716 A	0.03233	0.00174	0.96593
717 T	0.03240	0.00165	0.96595
718 T	0.03244	0.00160	0.96596
719 A	0.03246	0.00156	0.96598
720 T	0.03248	0.00153	0.96599
721 C	0.03249	0.00150	0.96601
722 T	0.03251	0.00147	0.96601
723 T	0.03253	0.00145	0.96602
724 T	0.03254	0.00143	0.96602
725 T	0.03256	0.00142	0.96603
726 A	0.03257	0.00140	0.96603
727 C	0.03259	0.00130	0.96611
728 A	0.03264	0.00121	0.96615
729 A	0.03275	0.00103	0.96623
730 T	0.03302	0.00067	0.96631
731 A	0.03324	0.00033	0.96642
732 A	0.03350	0.00000	0.96651
