# lcl|CP097583.1_cds_USQ93509.1_1
# AA	inside	membr	outside
1 A	0.47272	0.00000	0.52728
2 T	0.44646	0.02626	0.52728
3 G	0.42924	0.04348	0.52728
4 A	0.42924	0.21994	0.35082
5 A	0.33630	0.38901	0.27468
6 A	0.33630	0.40035	0.26335
7 G	0.26405	0.47557	0.26038
8 A	0.26405	0.47567	0.26028
9 T	0.25673	0.48408	0.25919
10 T	0.25671	0.59102	0.15227
11 T	0.25293	0.60465	0.14241
12 A	0.15991	0.70284	0.13725
13 A	0.06030	0.82054	0.11916
14 A	0.06028	0.82056	0.11916
15 A	0.06028	0.83489	0.10483
16 A	0.05911	0.83607	0.10483
17 A	0.05748	0.83782	0.1047
18 A	0.05741	0.83820	0.10439
19 C	0.05652	0.83920	0.10428
20 G	0.05282	0.85358	0.09359
21 A	0.04848	0.85773	0.09379
22 G	0.05613	0.85088	0.09298
23 A	0.07055	0.83692	0.09252
24 T	0.11533	0.79333	0.09134
25 A	0.12583	0.73992	0.13425
26 A	0.13345	0.71676	0.14979
27 T	0.24960	0.59349	0.15692
28 A	0.27119	0.56302	0.1658
29 A	0.26665	0.58963	0.14372
30 A	0.25062	0.58007	0.16931
31 A	0.22394	0.62595	0.15012
32 A	0.21273	0.63467	0.15259
33 A	0.22215	0.62581	0.15204
34 G	0.17414	0.70136	0.1245
35 A	0.13215	0.75719	0.11066
36 A	0.12274	0.73988	0.13738
37 C	0.10293	0.76101	0.13606
38 A	0.10040	0.76681	0.13279
39 A	0.07010	0.79926	0.13064
40 A	0.06607	0.80295	0.13098
41 C	0.06479	0.80353	0.13168
42 C	0.06148	0.80668	0.13184
43 G	0.06903	0.79835	0.13262
44 A	0.06093	0.81920	0.11988
45 A	0.06009	0.84277	0.09714
46 G	0.06113	0.84558	0.09329
47 A	0.06506	0.84552	0.08942
48 A	0.07173	0.83378	0.09449
49 A	0.08263	0.82543	0.09194
50 A	0.10638	0.80400	0.08962
51 T	0.17197	0.71682	0.11121
52 A	0.19306	0.68306	0.12388
53 A	0.19667	0.65392	0.14941
54 A	0.21540	0.61656	0.16804
55 A	0.24599	0.57531	0.17869
56 A	0.26759	0.49606	0.23636
57 A	0.30981	0.39470	0.29549
58 T	0.36850	0.27904	0.35247
59 T	0.38532	0.23992	0.37476
60 T	0.37839	0.25849	0.36312
61 T	0.34227	0.34357	0.31416
62 T	0.25386	0.49706	0.24907
63 G	0.16065	0.59955	0.2398
64 A	0.11491	0.64599	0.23909
65 G	0.10043	0.65824	0.24132
66 A	0.09432	0.66319	0.2425
67 C	0.10340	0.64682	0.24978
68 C	0.12028	0.62857	0.25115
69 T	0.11997	0.62943	0.25059
70 C	0.11691	0.63424	0.24886
71 A	0.11700	0.63953	0.24346
72 A	0.12306	0.63651	0.24042
73 A	0.13018	0.63138	0.23845
74 G	0.13268	0.62691	0.2404
75 A	0.13986	0.62043	0.23971
76 T	0.15440	0.59556	0.25004
77 T	0.16244	0.58204	0.25552
78 A	0.16311	0.57999	0.2569
79 A	0.16229	0.57841	0.2593
80 A	0.16743	0.57281	0.25976
81 T	0.17435	0.56207	0.26358
82 G	0.17966	0.54921	0.27113
83 A	0.20106	0.51052	0.28842
84 A	0.25405	0.40907	0.33688
85 T	0.32281	0.25674	0.42045
86 A	0.32642	0.23013	0.44345
87 T	0.31879	0.26707	0.41415
88 A	0.29103	0.45870	0.25027
89 T	0.26535	0.51791	0.21674
90 A	0.19993	0.59417	0.2059
91 G	0.12904	0.66216	0.2088
92 G	0.10239	0.68569	0.21192
93 C	0.09037	0.69625	0.21338
94 C	0.08271	0.71635	0.20095
95 A	0.06982	0.78615	0.14402
96 A	0.05990	0.82175	0.11836
97 A	0.05422	0.83578	0.11
98 A	0.05518	0.83898	0.10583
99 T	0.05823	0.83979	0.10198
100 A	0.05791	0.84298	0.09912
101 A	0.05967	0.83724	0.10309
102 A	0.06303	0.82700	0.10997
103 A	0.06615	0.81881	0.11505
104 T	0.07188	0.81016	0.11796
105 T	0.07620	0.80229	0.12151
106 A	0.07867	0.79817	0.12316
107 A	0.08374	0.79087	0.12539
108 A	0.09663	0.77468	0.12869
109 A	0.13617	0.72745	0.13638
110 A	0.19608	0.65291	0.15101
111 A	0.36133	0.45771	0.18096
112 A	0.40724	0.38199	0.21076
113 T	0.43722	0.28308	0.27971
114 T	0.44796	0.20452	0.34752
115 T	0.45601	0.16646	0.37753
116 T	0.46308	0.14843	0.38849
117 A	0.47417	0.12943	0.3964
118 T	0.51891	0.07286	0.40824
119 T	0.53897	0.04304	0.41799
120 T	0.54522	0.03060	0.42418
121 G	0.54660	0.02934	0.42405
122 T	0.54679	0.03316	0.42005
123 T	0.54359	0.04231	0.4141
124 T	0.53968	0.05305	0.40726
125 A	0.52967	0.07985	0.39048
126 T	0.52373	0.10132	0.37495
127 T	0.50847	0.15987	0.33166
128 T	0.46670	0.25291	0.28039
129 A	0.34955	0.40680	0.24365
130 A	0.22081	0.54269	0.2365
131 A	0.11212	0.65606	0.23182
132 A	0.07163	0.69912	0.22926
133 G	0.06290	0.70775	0.22935
134 C	0.06016	0.71075	0.22909
135 G	0.05847	0.71269	0.22885
136 G	0.05795	0.71339	0.22866
137 C	0.05772	0.71410	0.22817
138 T	0.05539	0.71882	0.22579
139 C	0.04890	0.72827	0.22283
140 A	0.04491	0.73836	0.21673
141 A	0.04371	0.74694	0.20935
142 A	0.04250	0.75564	0.20186
143 A	0.04249	0.75828	0.19924
144 A	0.04385	0.75788	0.19827
145 A	0.04941	0.74861	0.20198
146 G	0.05639	0.73415	0.20947
147 A	0.06484	0.71885	0.21632
148 A	0.08150	0.68885	0.22965
149 A	0.09819	0.65538	0.24643
150 A	0.13677	0.58880	0.27443
151 G	0.17812	0.49053	0.33134
152 A	0.20771	0.35734	0.43495
153 A	0.21673	0.23337	0.54989
154 T	0.22367	0.13317	0.64316
155 C	0.22521	0.09654	0.67824
156 A	0.22464	0.09269	0.68266
157 A	0.22492	0.09083	0.68425
158 T	0.22659	0.08826	0.68515
159 A	0.22743	0.08646	0.68612
160 G	0.23002	0.08271	0.68726
161 A	0.23550	0.07178	0.69272
162 T	0.24084	0.05624	0.70293
163 C	0.24626	0.04489	0.70886
164 A	0.25362	0.03623	0.71015
165 T	0.26161	0.02681	0.71157
166 C	0.26446	0.02306	0.71247
167 T	0.26634	0.02108	0.71258
168 T	0.26773	0.01973	0.71255
169 T	0.26805	0.01876	0.71319
170 T	0.26780	0.01840	0.7138
171 G	0.26732	0.01843	0.71425
172 T	0.26741	0.01620	0.71639
173 T	0.26732	0.01583	0.71684
174 T	0.26652	0.01725	0.71622
175 T	0.26455	0.02129	0.71416
176 A	0.25860	0.03186	0.70954
177 T	0.25489	0.03574	0.70937
178 G	0.25281	0.03666	0.71052
179 G	0.25214	0.03594	0.71193
180 G	0.25234	0.03472	0.71294
181 C	0.25328	0.03333	0.7134
182 C	0.25341	0.03307	0.71352
183 T	0.25349	0.03299	0.71352
184 C	0.25332	0.03315	0.71353
185 C	0.25313	0.03340	0.71347
186 T	0.25285	0.03392	0.71323
187 G	0.25273	0.03439	0.71288
188 G	0.25274	0.03466	0.7126
189 T	0.25286	0.03499	0.71216
190 T	0.25279	0.03560	0.7116
191 T	0.25201	0.03705	0.71094
192 A	0.24306	0.04813	0.70881
193 G	0.23741	0.05510	0.70749
194 G	0.23447	0.05857	0.70696
195 A	0.23151	0.06359	0.7049
196 A	0.23075	0.06410	0.70515
197 A	0.23223	0.06171	0.70606
198 A	0.23477	0.05704	0.70819
199 A	0.23928	0.04658	0.71414
200 C	0.24037	0.04158	0.71805
201 T	0.24076	0.03991	0.71933
202 A	0.24084	0.03950	0.71966
203 C	0.24087	0.03908	0.72005
204 T	0.24075	0.03941	0.71985
205 T	0.23828	0.04192	0.7198
206 T	0.23350	0.04670	0.7198
207 A	0.22482	0.05531	0.71987
208 G	0.21896	0.06111	0.71993
209 C	0.21276	0.06698	0.72027
210 T	0.20744	0.07305	0.71951
211 A	0.20045	0.08185	0.71769
212 A	0.19822	0.08629	0.71549
213 A	0.19748	0.09049	0.71203
214 A	0.19798	0.09110	0.71092
215 T	0.20053	0.07917	0.7203
216 T	0.20153	0.07275	0.72573
217 A	0.20049	0.07090	0.72861
218 T	0.20088	0.06738	0.73174
219 C	0.19884	0.06782	0.73334
220 G	0.19730	0.06917	0.73353
221 C	0.19673	0.06959	0.73368
222 C	0.19642	0.06991	0.73368
223 A	0.19614	0.07031	0.73356
224 A	0.19594	0.07089	0.73317
225 T	0.19609	0.07092	0.73299
226 G	0.19598	0.07111	0.73291
227 A	0.19587	0.07102	0.73311
228 A	0.19577	0.06721	0.73702
229 T	0.19600	0.06023	0.74378
230 T	0.19610	0.05122	0.75268
231 A	0.19596	0.04580	0.75824
232 G	0.19625	0.03959	0.76416
233 G	0.19722	0.03418	0.7686
234 A	0.19899	0.02838	0.77263
235 G	0.20102	0.02520	0.77378
236 T	0.20470	0.02079	0.77451
237 T	0.20609	0.01935	0.77455
238 A	0.20606	0.02016	0.77378
239 A	0.20616	0.01939	0.77446
240 T	0.20624	0.01721	0.77655
241 T	0.20619	0.01592	0.77789
242 T	0.20605	0.01432	0.77963
243 T	0.20442	0.01507	0.78052
244 C	0.20210	0.01712	0.78078
245 A	0.20075	0.01861	0.78063
246 A	0.19954	0.01986	0.7806
247 G	0.19897	0.02019	0.78084
248 T	0.19859	0.02043	0.78097
249 T	0.19724	0.02164	0.78111
250 A	0.19322	0.02524	0.78153
251 C	0.19059	0.02746	0.78195
252 C	0.18723	0.03083	0.78194
253 A	0.18414	0.03404	0.78182
254 G	0.18327	0.03481	0.78192
255 T	0.18353	0.03465	0.78182
256 G	0.18321	0.03498	0.78181
257 G	0.18432	0.03382	0.78186
258 T	0.18574	0.03205	0.78221
259 T	0.18586	0.03194	0.7822
260 C	0.18557	0.03217	0.78225
261 T	0.18533	0.03306	0.78162
262 A	0.18422	0.03533	0.78045
263 A	0.18296	0.03805	0.77899
264 T	0.18255	0.03932	0.77813
265 A	0.18188	0.04098	0.77714
266 T	0.18167	0.04009	0.77824
267 T	0.18048	0.04116	0.77837
268 G	0.17750	0.04512	0.77737
269 A	0.17615	0.04714	0.7767
270 A	0.17530	0.04852	0.77617
271 A	0.17496	0.04879	0.77624
272 A	0.17487	0.04750	0.77763
273 A	0.17486	0.04382	0.78132
274 A	0.17488	0.04092	0.7842
275 T	0.17501	0.03706	0.78792
276 T	0.17502	0.03386	0.79113
277 G	0.17485	0.03302	0.79214
278 G	0.17492	0.03263	0.79245
279 G	0.17491	0.03235	0.79274
280 G	0.17492	0.03263	0.79244
281 A	0.17505	0.03251	0.79244
282 T	0.17546	0.03177	0.79276
283 A	0.17560	0.03107	0.79333
284 T	0.17632	0.02933	0.79434
285 A	0.17737	0.02689	0.79575
286 G	0.17889	0.02306	0.79805
287 C	0.18007	0.02082	0.79911
288 G	0.18126	0.01892	0.79982
289 A	0.18262	0.01720	0.80019
290 T	0.18517	0.01357	0.80126
291 T	0.18750	0.00944	0.80306
292 C	0.18823	0.00807	0.8037
293 T	0.18879	0.00826	0.80295
294 T	0.18842	0.01141	0.80017
295 T	0.18659	0.01868	0.79473
296 T	0.18289	0.02307	0.79404
297 G	0.16581	0.04132	0.79288
298 A	0.15596	0.05243	0.7916
299 G	0.15110	0.05769	0.79121
300 C	0.14895	0.06024	0.79082
301 A	0.14801	0.06210	0.78989
302 A	0.14731	0.06324	0.78944
303 T	0.14756	0.06300	0.78944
304 T	0.14721	0.06336	0.78943
305 T	0.14628	0.06431	0.78941
306 G	0.14398	0.06656	0.78945
307 C	0.14268	0.06783	0.78949
308 A	0.14142	0.06914	0.78944
309 A	0.14059	0.07003	0.78938
310 A	0.13989	0.07078	0.78933
311 A	0.13950	0.07118	0.78932
312 A	0.13934	0.07133	0.78933
313 G	0.13935	0.07103	0.78962
314 G	0.13976	0.07022	0.79002
315 A	0.14045	0.06890	0.79064
316 G	0.14201	0.06616	0.79183
317 A	0.14505	0.06168	0.79326
318 T	0.15056	0.05335	0.79609
319 A	0.15144	0.04875	0.79982
320 T	0.15305	0.03041	0.81654
321 T	0.15448	0.02043	0.82509
322 T	0.15504	0.01622	0.82874
323 T	0.15529	0.01482	0.82988
324 A	0.15557	0.01439	0.83005
325 T	0.15576	0.01298	0.83126
326 T	0.15576	0.01225	0.832
327 T	0.15571	0.01177	0.83252
328 A	0.15560	0.01156	0.83283
329 T	0.15559	0.00993	0.83448
330 T	0.15536	0.00941	0.83522
331 G	0.15484	0.00986	0.8353
332 A	0.15376	0.01216	0.83409
333 T	0.14990	0.01736	0.83274
334 G	0.14277	0.03574	0.82148
335 A	0.13953	0.04456	0.81591
336 A	0.13810	0.04652	0.81538
337 A	0.13723	0.04754	0.81523
338 T	0.13702	0.04775	0.81522
339 T	0.13665	0.04835	0.81501
340 C	0.13562	0.04964	0.81473
341 A	0.13499	0.05133	0.81369
342 T	0.13473	0.05187	0.81339
343 A	0.13393	0.05364	0.81244
344 G	0.13360	0.05458	0.81183
345 T	0.13366	0.05467	0.81167
346 C	0.13361	0.05466	0.81173
347 T	0.13389	0.05437	0.81175
348 T	0.13358	0.05467	0.81175
349 C	0.13262	0.05561	0.81176
350 C	0.13174	0.05654	0.81172
351 T	0.13130	0.05710	0.8116
352 A	0.12899	0.05952	0.8115
353 A	0.12842	0.06003	0.81155
354 A	0.12882	0.05947	0.81171
355 A	0.13035	0.05704	0.81261
356 A	0.13213	0.05062	0.81725
357 T	0.14323	0.03192	0.82484
358 G	0.14766	0.02408	0.82825
359 T	0.14854	0.02193	0.82953
360 T	0.14841	0.02153	0.83007
361 G	0.14739	0.02245	0.83016
362 A	0.14687	0.02287	0.83026
363 A	0.14437	0.02472	0.83091
364 G	0.14382	0.02484	0.83133
365 A	0.14372	0.02567	0.83061
366 A	0.14481	0.02612	0.82907
367 A	0.14559	0.02595	0.82846
368 T	0.14589	0.02522	0.82889
369 T	0.14563	0.02497	0.82941
370 T	0.14485	0.02600	0.82915
371 T	0.14416	0.02697	0.82887
372 A	0.14275	0.02832	0.82893
373 T	0.14203	0.02809	0.82988
374 A	0.14061	0.02874	0.83065
375 T	0.13918	0.02792	0.8329
376 T	0.13632	0.02980	0.83387
377 C	0.12418	0.04138	0.83444
378 A	0.11651	0.04893	0.83455
379 G	0.11324	0.05210	0.83466
380 C	0.11134	0.05391	0.83475
381 G	0.11003	0.05528	0.83468
382 A	0.10935	0.05607	0.83459
383 T	0.10918	0.05575	0.83506
384 G	0.10873	0.05543	0.83584
385 G	0.10855	0.05514	0.8363
386 A	0.10872	0.05244	0.83884
387 G	0.10902	0.05063	0.84034
388 G	0.11014	0.04886	0.841
389 A	0.11278	0.04591	0.84131
390 T	0.11479	0.04351	0.8417
391 T	0.11540	0.04256	0.84205
392 A	0.11571	0.04171	0.84258
393 T	0.11644	0.03985	0.84371
394 G	0.11682	0.03826	0.84492
395 T	0.11733	0.03574	0.84694
396 T	0.11726	0.03435	0.84839
397 T	0.11695	0.03272	0.85033
398 T	0.11646	0.03134	0.8522
399 A	0.11529	0.03007	0.85464
400 G	0.11456	0.02000	0.86544
401 A	0.11434	0.01386	0.8718
402 T	0.11432	0.01067	0.87501
403 G	0.11424	0.00897	0.87679
404 T	0.11435	0.00778	0.87787
405 T	0.11429	0.00741	0.8783
406 G	0.11400	0.00804	0.87796
407 T	0.11387	0.00894	0.87719
408 T	0.11330	0.01072	0.87599
409 A	0.11217	0.01439	0.87343
410 T	0.11153	0.01693	0.87154
411 T	0.10947	0.02256	0.86798
412 G	0.10748	0.02972	0.86279
413 G	0.10590	0.03763	0.85647
414 T	0.10386	0.05397	0.84217
415 A	0.10093	0.06651	0.83256
416 A	0.09985	0.07160	0.82854
417 A	0.09491	0.07956	0.82553
418 A	0.09227	0.08403	0.8237
419 A	0.09158	0.08633	0.82209
420 T	0.09108	0.08815	0.82076
421 G	0.09013	0.09048	0.8194
422 A	0.08975	0.09138	0.81886
423 T	0.08952	0.09219	0.8183
424 G	0.08832	0.09500	0.81668
425 A	0.08774	0.09711	0.81515
426 A	0.08745	0.09848	0.81407
427 A	0.08739	0.09908	0.81353
428 A	0.08763	0.09915	0.81321
429 A	0.08867	0.09811	0.81322
430 A	0.09016	0.09631	0.81353
431 G	0.09186	0.09373	0.81442
432 A	0.09445	0.08991	0.81564
433 A	0.09698	0.08629	0.81674
434 C	0.10193	0.07884	0.81923
435 A	0.10854	0.07108	0.82037
436 A	0.11559	0.06284	0.82158
437 T	0.12911	0.04748	0.82341
438 T	0.13632	0.03812	0.82555
439 A	0.13879	0.03492	0.82629
440 G	0.14146	0.02692	0.83162
441 G	0.14332	0.02208	0.8346
442 A	0.14540	0.01906	0.83554
443 T	0.14805	0.01559	0.83637
444 T	0.15034	0.01230	0.83736
445 G	0.15148	0.01075	0.83777
446 A	0.15255	0.00940	0.83805
447 T	0.15439	0.00656	0.83905
448 T	0.15559	0.00482	0.83959
449 T	0.15647	0.00358	0.83995
450 G	0.15688	0.00296	0.84016
451 C	0.15735	0.00235	0.8403
452 C	0.15766	0.00201	0.84033
453 T	0.15780	0.00188	0.84032
454 C	0.15789	0.00181	0.8403
455 C	0.15808	0.00166	0.84026
456 T	0.15823	0.00168	0.84009
457 T	0.15833	0.00162	0.84005
458 T	0.15848	0.00149	0.84003
459 T	0.15855	0.00147	0.83998
460 T	0.15852	0.00155	0.83993
461 C	0.15829	0.00181	0.83991
462 T	0.15727	0.00303	0.8397
463 T	0.15604	0.00450	0.83945
464 T	0.15549	0.00531	0.83919
465 A	0.15445	0.00682	0.83872
466 A	0.15378	0.00809	0.83812
467 T	0.15343	0.00905	0.83753
468 T	0.15279	0.01121	0.836
469 G	0.14976	0.01480	0.83543
470 G	0.14845	0.01647	0.83508
471 A	0.14757	0.01790	0.83453
472 G	0.14706	0.01844	0.8345
473 C	0.14691	0.01865	0.83444
474 G	0.14680	0.01918	0.83402
475 A	0.14678	0.01932	0.83389
476 C	0.14680	0.01935	0.83384
477 A	0.14683	0.01943	0.83374
478 A	0.14687	0.01944	0.83368
479 C	0.14702	0.01930	0.83368
480 T	0.14707	0.01931	0.83362
481 A	0.14710	0.01938	0.83353
482 A	0.14717	0.01924	0.83358
483 A	0.14731	0.01898	0.83371
484 T	0.14757	0.01837	0.83406
485 T	0.14782	0.01618	0.83601
486 C	0.14741	0.01481	0.83778
487 G	0.14697	0.01486	0.83817
488 G	0.14676	0.01518	0.83805
489 A	0.14679	0.01629	0.83691
490 A	0.14714	0.01698	0.83588
491 A	0.14864	0.01508	0.83628
492 T	0.14936	0.01125	0.83939
493 A	0.14962	0.00973	0.84065
494 T	0.15010	0.00838	0.84152
495 C	0.15012	0.00793	0.84195
496 G	0.15021	0.00784	0.84194
497 C	0.15054	0.00747	0.84199
498 T	0.15070	0.00730	0.842
499 T	0.15066	0.00734	0.842
500 T	0.15055	0.00745	0.842
501 C	0.15040	0.00759	0.84201
502 C	0.15029	0.00770	0.842
503 C	0.15023	0.00779	0.84198
504 T	0.15016	0.00792	0.84192
505 T	0.14992	0.00820	0.84189
506 T	0.14962	0.00860	0.84179
507 A	0.14888	0.00939	0.84174
508 A	0.14836	0.00987	0.84177
509 G	0.14811	0.00943	0.84245
510 A	0.14805	0.00889	0.84306
511 G	0.14840	0.00797	0.84363
512 A	0.14967	0.00629	0.84404
513 T	0.15084	0.00476	0.8444
514 C	0.15090	0.00455	0.84455
515 G	0.15095	0.00449	0.84456
516 T	0.15098	0.00442	0.8446
517 T	0.15096	0.00445	0.84459
518 T	0.15094	0.00449	0.84457
519 T	0.15094	0.00454	0.84453
520 G	0.15084	0.00465	0.84452
521 G	0.15075	0.00468	0.84457
522 T	0.15068	0.00463	0.84469
523 T	0.15051	0.00470	0.8448
524 T	0.15028	0.00485	0.84488
525 G	0.15014	0.00495	0.8449
526 A	0.15007	0.00500	0.84493
527 T	0.15008	0.00478	0.84514
528 T	0.14994	0.00473	0.84533
529 T	0.14952	0.00548	0.84501
530 T	0.14617	0.00916	0.84467
531 A	0.14039	0.01591	0.84371
532 A	0.13484	0.02238	0.84279
533 A	0.13168	0.02580	0.84252
534 G	0.13000	0.02767	0.84232
535 T	0.12882	0.02937	0.84182
536 T	0.12738	0.03161	0.84101
537 A	0.12624	0.03393	0.83984
538 G	0.12573	0.03512	0.83915
539 A	0.12562	0.03580	0.83858
540 T	0.12565	0.03623	0.83812
541 T	0.12566	0.03706	0.83728
542 A	0.12526	0.03906	0.83568
543 T	0.12520	0.03917	0.83563
544 T	0.12505	0.03952	0.83543
545 A	0.12422	0.04070	0.83508
546 T	0.12367	0.04138	0.83494
547 C	0.12271	0.04238	0.83491
548 A	0.12191	0.04389	0.83421
549 A	0.11928	0.04716	0.83356
550 A	0.11776	0.04903	0.83321
551 A	0.11732	0.04937	0.83331
552 A	0.11745	0.04878	0.83377
553 G	0.11763	0.04451	0.83785
554 A	0.11837	0.03853	0.8431
555 T	0.11918	0.03221	0.84861
556 G	0.11881	0.02983	0.85136
557 A	0.11868	0.02958	0.85174
558 G	0.11843	0.03097	0.8506
559 C	0.11914	0.03247	0.84839
560 T	0.12014	0.03526	0.8446
561 T	0.12046	0.03991	0.83963
562 G	0.12060	0.04203	0.83737
563 A	0.12084	0.04418	0.83498
564 A	0.12139	0.04487	0.83374
565 T	0.12286	0.04329	0.83385
566 C	0.12297	0.04318	0.83385
567 A	0.12305	0.04493	0.83203
568 A	0.12355	0.04509	0.83136
569 T	0.12399	0.04459	0.83142
570 T	0.12396	0.04424	0.83181
571 A	0.12350	0.04471	0.83179
572 T	0.12366	0.04221	0.83413
573 T	0.12321	0.04163	0.83516
574 A	0.12183	0.04318	0.835
575 A	0.12099	0.04392	0.83509
576 A	0.12041	0.04420	0.8354
577 A	0.12011	0.04405	0.83584
578 G	0.12017	0.04345	0.83637
579 A	0.12073	0.04203	0.83724
580 A	0.12283	0.03911	0.83806
581 C	0.12733	0.03322	0.83946
582 T	0.13210	0.02824	0.83965
583 G	0.13574	0.02437	0.83989
584 C	0.13962	0.02017	0.84021
585 T	0.14167	0.01801	0.84033
586 T	0.14332	0.01631	0.84037
587 C	0.14418	0.01529	0.84052
588 T	0.14511	0.01449	0.84039
589 G	0.14466	0.01519	0.84015
590 T	0.14548	0.01453	0.83998
591 T	0.14439	0.01653	0.83908
592 T	0.13713	0.02548	0.83739
593 A	0.12203	0.04308	0.8349
594 T	0.10915	0.05725	0.83359
595 G	0.09655	0.07328	0.83016
596 G	0.09104	0.07864	0.83033
597 T	0.08797	0.08120	0.83084
598 A	0.08224	0.08690	0.83086
599 A	0.07782	0.09105	0.83113
600 C	0.06823	0.10041	0.83136
601 G	0.06377	0.10563	0.8306
602 A	0.05918	0.11204	0.82879
603 A	0.05639	0.11684	0.82676
604 A	0.05413	0.12069	0.82519
605 T	0.05281	0.12336	0.82382
606 A	0.04935	0.12779	0.82286
607 G	0.04649	0.13114	0.82237
608 A	0.04354	0.13497	0.82149
609 A	0.04200	0.13704	0.82097
610 G	0.04157	0.13744	0.82098
611 A	0.04151	0.13752	0.82097
612 A	0.04169	0.13622	0.82209
613 A	0.04216	0.13381	0.82403
614 A	0.04325	0.12966	0.82709
615 A	0.04512	0.11772	0.83716
616 G	0.04810	0.09619	0.85571
617 C	0.05084	0.07747	0.87169
618 T	0.05452	0.06610	0.87939
619 T	0.05491	0.06399	0.8811
620 T	0.05498	0.06313	0.88189
621 A	0.05456	0.06225	0.88319
622 G	0.05431	0.06020	0.88548
623 T	0.05440	0.05266	0.89295
624 A	0.05474	0.05339	0.89187
625 G	0.05620	0.05577	0.88803
626 A	0.05795	0.06493	0.87712
627 A	0.05910	0.07140	0.86951
628 T	0.06054	0.06942	0.87004
629 T	0.06117	0.06669	0.87214
630 A	0.06131	0.06610	0.87259
631 G	0.06190	0.06361	0.87449
632 C	0.06245	0.06345	0.8741
633 T	0.06258	0.06888	0.86854
634 A	0.06223	0.08165	0.85612
635 A	0.06114	0.09801	0.84086
636 A	0.05423	0.11767	0.8281
637 A	0.04968	0.12923	0.82109
638 G	0.04600	0.13375	0.82025
639 A	0.04404	0.13714	0.81881
640 A	0.04356	0.13812	0.81832
641 G	0.04374	0.13778	0.81848
642 C	0.04473	0.13747	0.81779
643 A	0.04575	0.14220	0.81205
644 G	0.04767	0.14237	0.80996
645 A	0.04917	0.14369	0.80714
646 A	0.05209	0.14125	0.80666
647 G	0.05700	0.13632	0.80668
648 A	0.06518	0.12774	0.80708
649 A	0.07731	0.11509	0.8076
650 C	0.08676	0.10481	0.80843
651 T	0.08849	0.10290	0.80861
652 C	0.08795	0.10322	0.80883
653 C	0.08728	0.10382	0.80891
654 A	0.08702	0.10412	0.80886
655 A	0.08805	0.10311	0.80884
656 G	0.09253	0.09849	0.80898
657 A	0.10422	0.08663	0.80915
658 A	0.11905	0.07070	0.81025
659 T	0.13165	0.05024	0.81812
660 A	0.13430	0.04306	0.82264
661 G	0.13359	0.03991	0.8265
662 C	0.13481	0.03669	0.82851
663 T	0.13541	0.03559	0.829
664 A	0.13422	0.03654	0.82923
665 A	0.13463	0.03588	0.82949
666 T	0.14035	0.02971	0.82993
667 C	0.14151	0.02851	0.82999
668 G	0.14266	0.02792	0.82942
669 T	0.14289	0.02786	0.82925
670 T	0.14230	0.02891	0.82879
671 T	0.14141	0.03012	0.82848
672 A	0.14067	0.03083	0.8285
673 T	0.14050	0.02999	0.82951
674 T	0.14024	0.02907	0.83069
675 T	0.13984	0.02784	0.83232
676 C	0.13890	0.02759	0.83351
677 G	0.13780	0.02973	0.83246
678 A	0.13514	0.03649	0.82837
679 A	0.13085	0.04231	0.82684
680 G	0.12959	0.04392	0.82649
681 A	0.12917	0.04467	0.82616
682 G	0.12890	0.04402	0.82708
683 T	0.12890	0.04104	0.83005
684 T	0.12876	0.03895	0.8323
685 A	0.12849	0.03850	0.83301
686 G	0.12845	0.03759	0.83396
687 A	0.12857	0.03671	0.83472
688 G	0.12881	0.03535	0.83584
689 A	0.12917	0.03566	0.83517
690 T	0.13005	0.03490	0.83505
691 T	0.13111	0.03330	0.83558
692 T	0.13127	0.03274	0.836
693 T	0.13066	0.03292	0.83642
694 G	0.12867	0.03447	0.83686
695 C	0.12748	0.03524	0.83728
696 C	0.12576	0.03908	0.83516
697 G	0.12441	0.04618	0.82941
698 A	0.12460	0.05118	0.82422
699 A	0.12527	0.05404	0.82069
700 A	0.12713	0.05499	0.81788
701 T	0.13166	0.04957	0.81878
702 T	0.13346	0.04458	0.82197
703 T	0.13380	0.04321	0.82299
704 A	0.13381	0.04334	0.82286
705 T	0.13331	0.04440	0.82229
706 T	0.13075	0.04873	0.82053
707 C	0.12581	0.05477	0.81943
708 A	0.11798	0.06672	0.8153
709 A	0.11296	0.07457	0.81247
710 A	0.10705	0.08338	0.80957
711 A	0.10113	0.09425	0.80462
712 A	0.10016	0.09918	0.80066
713 A	0.10044	0.10050	0.79906
714 A	0.10067	0.10087	0.79845
715 A	0.10117	0.10042	0.79841
716 A	0.10226	0.09846	0.79928
717 T	0.10510	0.09355	0.80135
718 A	0.10660	0.09087	0.80252
719 T	0.10984	0.08581	0.80435
720 C	0.11392	0.08041	0.80567
721 A	0.11766	0.07664	0.80571
722 C	0.12090	0.07326	0.80584
723 T	0.12406	0.07018	0.80576
724 T	0.12506	0.06925	0.8057
725 A	0.12556	0.06885	0.80559
726 T	0.12581	0.06844	0.80575
727 G	0.12468	0.06946	0.80586
728 A	0.12471	0.06838	0.80691
729 T	0.12411	0.06600	0.8099
730 A	0.12219	0.06344	0.81436
731 T	0.12374	0.05495	0.82131
732 A	0.12286	0.05181	0.82533
733 A	0.12392	0.04471	0.83137
734 C	0.12705	0.03546	0.83749
735 T	0.13113	0.02987	0.839
736 T	0.13219	0.02831	0.8395
737 T	0.13137	0.02925	0.83937
738 G	0.12785	0.03353	0.83862
739 C	0.12527	0.03619	0.83854
740 A	0.11742	0.04453	0.83805
741 T	0.11614	0.04597	0.83789
742 A	0.11448	0.04820	0.83733
743 C	0.11345	0.04946	0.8371
744 T	0.11309	0.05104	0.83587
745 T	0.11158	0.05497	0.83346
746 T	0.10782	0.06086	0.83132
747 A	0.09962	0.07315	0.82723
748 G	0.09504	0.08352	0.82144
749 A	0.09287	0.08818	0.81896
750 A	0.09224	0.09026	0.8175
751 A	0.09246	0.09003	0.81751
752 A	0.09324	0.08663	0.82013
753 G	0.09361	0.08313	0.82326
754 T	0.09396	0.08093	0.82511
755 T	0.09363	0.07915	0.82722
756 A	0.09270	0.07934	0.82796
757 C	0.09222	0.07797	0.82981
758 A	0.09198	0.08031	0.82771
759 A	0.09186	0.08299	0.82515
760 A	0.09216	0.08385	0.82399
761 T	0.09305	0.08165	0.82531
762 A	0.09315	0.08287	0.82398
763 G	0.09363	0.07610	0.83027
764 A	0.09396	0.08140	0.82465
765 T	0.09458	0.08685	0.81857
766 G	0.09437	0.10939	0.79623
767 A	0.09550	0.11224	0.79226
768 A	0.09735	0.11135	0.7913
769 A	0.09896	0.10699	0.79405
770 A	0.10246	0.09609	0.80145
771 C	0.10810	0.08609	0.80581
772 G	0.11075	0.08394	0.80531
773 G	0.11365	0.08320	0.80315
774 A	0.11530	0.08402	0.80068
775 T	0.11686	0.08476	0.79838
776 T	0.11665	0.08512	0.79823
777 A	0.11565	0.08600	0.79835
778 G	0.11534	0.08554	0.79912
779 A	0.11510	0.08471	0.80019
780 C	0.11535	0.08373	0.80092
781 G	0.11720	0.08167	0.80113
782 C	0.12027	0.07856	0.80118
783 G	0.12231	0.07736	0.80033
784 A	0.12420	0.07779	0.79801
785 C	0.12713	0.07562	0.79725
786 A	0.13054	0.07307	0.79639
787 G	0.13744	0.06654	0.79602
788 A	0.14611	0.05824	0.79565
789 T	0.16935	0.03505	0.7956
790 T	0.17409	0.03052	0.79539
791 T	0.17610	0.02820	0.7957
792 T	0.17655	0.02774	0.79571
793 A	0.17526	0.02994	0.7948
794 A	0.17502	0.03025	0.79473
795 T	0.17664	0.02859	0.79477
796 T	0.17807	0.02771	0.79421
797 A	0.17751	0.02982	0.79267
798 T	0.17813	0.02892	0.79296
799 T	0.17513	0.03155	0.79333
800 T	0.16898	0.03696	0.79406
801 A	0.15589	0.04980	0.7943
802 C	0.14912	0.05618	0.7947
803 A	0.14563	0.05979	0.79458
804 A	0.14425	0.06127	0.79448
805 A	0.14394	0.06170	0.79436
806 A	0.14489	0.06053	0.79458
807 T	0.14740	0.05777	0.79482
808 T	0.14795	0.05665	0.7954
809 T	0.14811	0.05639	0.7955
810 A	0.14814	0.05650	0.79536
811 A	0.14870	0.05604	0.79525
812 T	0.14953	0.05505	0.79542
813 T	0.15020	0.05423	0.79557
814 T	0.15071	0.05378	0.79552
815 A	0.15028	0.05470	0.79503
816 T	0.15016	0.05453	0.79531
817 A	0.14884	0.05707	0.7941
818 A	0.14852	0.05730	0.79418
819 A	0.14890	0.05634	0.79475
820 T	0.15048	0.05079	0.79873
821 T	0.15040	0.04714	0.80246
822 T	0.14988	0.04404	0.80608
823 A	0.14851	0.04158	0.80991
824 A	0.14790	0.03415	0.81795
825 T	0.14736	0.02966	0.82298
826 G	0.14519	0.03019	0.82462
827 G	0.14478	0.03066	0.82456
828 T	0.14470	0.03057	0.82473
829 G	0.14424	0.03068	0.82508
830 G	0.14396	0.03065	0.82539
831 T	0.14406	0.03018	0.82576
832 C	0.14409	0.02980	0.82611
833 C	0.14424	0.02996	0.8258
834 A	0.14447	0.03136	0.82417
835 G	0.14475	0.03214	0.82311
836 T	0.14519	0.03304	0.82177
837 A	0.14540	0.03532	0.81928
838 G	0.14622	0.03656	0.81722
839 G	0.14722	0.03713	0.81566
840 T	0.14904	0.03752	0.81345
841 A	0.14934	0.03884	0.81181
842 T	0.15038	0.03839	0.81122
843 T	0.14867	0.04299	0.80834
844 A	0.14558	0.05061	0.80382
845 A	0.14395	0.05551	0.80054
846 A	0.14280	0.05920	0.798
847 A	0.14292	0.06316	0.79392
848 A	0.14335	0.06670	0.78995
849 T	0.14484	0.06708	0.78807
850 A	0.14451	0.06845	0.78704
851 T	0.14337	0.07097	0.78565
852 T	0.13928	0.07914	0.78158
853 G	0.13355	0.08536	0.78109
854 C	0.12959	0.08956	0.78085
855 A	0.12674	0.09337	0.77989
856 G	0.12575	0.09431	0.77994
857 C	0.12639	0.09366	0.77996
858 G	0.12649	0.09376	0.77976
859 A	0.12765	0.09277	0.77958
860 C	0.13026	0.08999	0.77975
861 A	0.13289	0.08776	0.77935
862 A	0.13566	0.08516	0.77918
863 T	0.13988	0.08073	0.77939
864 T	0.14090	0.07925	0.77985
865 G	0.13998	0.08019	0.77983
866 G	0.13983	0.07834	0.78183
867 A	0.14103	0.07605	0.78291
868 G	0.14144	0.07639	0.78216
869 A	0.14108	0.08100	0.77791
870 A	0.14426	0.08304	0.77269
871 G	0.14834	0.08061	0.77105
872 A	0.15196	0.07849	0.76954
873 A	0.15427	0.07568	0.77005
874 A	0.15732	0.07110	0.77158
875 T	0.16382	0.06018	0.77601
876 T	0.16541	0.05381	0.78078
877 T	0.16571	0.05010	0.7842
878 T	0.16555	0.04931	0.78513
879 T	0.16507	0.05032	0.78461
880 A	0.16455	0.05327	0.78218
881 C	0.16431	0.05340	0.78228
882 T	0.16424	0.05487	0.78089
883 A	0.16386	0.05818	0.77797
884 T	0.16383	0.05953	0.77664
885 T	0.16120	0.06324	0.77557
886 G	0.15451	0.07067	0.77481
887 A	0.14847	0.07671	0.77481
888 A	0.14520	0.07899	0.77581
889 G	0.14488	0.07761	0.77751
890 A	0.14648	0.07475	0.77877
891 A	0.14925	0.06982	0.78094
892 G	0.15589	0.05989	0.78422
893 T	0.16288	0.05215	0.78498
894 T	0.16512	0.05194	0.78294
895 T	0.16465	0.05780	0.77756
896 A	0.16189	0.06926	0.76886
897 T	0.16068	0.07189	0.76743
898 G	0.15761	0.07547	0.76692
899 A	0.15665	0.07648	0.76687
900 A	0.15670	0.07612	0.76719
901 C	0.15810	0.07397	0.76793
902 C	0.16014	0.07183	0.76804
903 T	0.16414	0.06842	0.76744
904 T	0.16501	0.06807	0.76692
905 A	0.16510	0.06926	0.76564
906 T	0.16686	0.06888	0.76426
907 T	0.16653	0.07164	0.76183
908 T	0.16357	0.07223	0.7642
909 A	0.15225	0.07898	0.76878
910 A	0.14617	0.08120	0.77263
911 T	0.13867	0.08748	0.77385
912 C	0.11522	0.11488	0.7699
913 A	0.10154	0.14806	0.7504
914 A	0.09613	0.16158	0.74229
915 A	0.09370	0.16889	0.7374
916 G	0.09363	0.17114	0.73524
917 A	0.09603	0.17030	0.73367
918 A	0.10135	0.16367	0.73498
919 G	0.10926	0.15279	0.73795
920 G	0.11118	0.14931	0.73951
921 T	0.11283	0.14561	0.74156
922 T	0.11345	0.14517	0.74137
923 A	0.11307	0.14739	0.73953
924 T	0.11286	0.14914	0.738
925 A	0.11164	0.15399	0.73436
926 T	0.11096	0.15682	0.73222
927 A	0.10688	0.16587	0.72724
928 A	0.10476	0.17020	0.72504
929 A	0.10123	0.17510	0.72366
930 A	0.09854	0.17811	0.72335
931 A	0.09814	0.17321	0.72865
932 G	0.09966	0.15898	0.74136
933 A	0.10287	0.15023	0.7469
934 A	0.10666	0.13678	0.75656
935 C	0.11392	0.10717	0.77891
936 T	0.13177	0.07909	0.78914
937 G	0.13534	0.07273	0.79192
938 C	0.13788	0.06905	0.79308
939 T	0.13324	0.07467	0.79209
940 C	0.12394	0.08508	0.79098
941 G	0.11224	0.10260	0.78516
942 T	0.09504	0.12539	0.77957
943 G	0.08376	0.14440	0.77184
944 G	0.07533	0.16742	0.75724
945 A	0.07218	0.18831	0.73951
946 A	0.07260	0.19701	0.73039
947 G	0.07317	0.19894	0.72789
948 A	0.07404	0.20035	0.72561
949 A	0.07508	0.19935	0.72557
950 T	0.07885	0.19191	0.72923
951 A	0.07990	0.18849	0.7316
952 G	0.08130	0.18252	0.73619
953 C	0.08288	0.17670	0.74041
954 A	0.08302	0.17571	0.74128
955 A	0.08385	0.17411	0.74204
956 C	0.08633	0.17085	0.74283
957 A	0.08715	0.16979	0.74306
958 G	0.08826	0.16847	0.74327
959 A	0.09049	0.16532	0.74419
960 T	0.09317	0.15859	0.74824
961 T	0.09454	0.15475	0.7507
962 T	0.09639	0.13934	0.76426
963 A	0.09802	0.12587	0.77612
964 G	0.10496	0.10426	0.79078
965 C	0.11157	0.07925	0.80918
966 T	0.12098	0.06355	0.81546
967 G	0.13166	0.05015	0.81819
968 T	0.14791	0.03559	0.81649
969 T	0.15248	0.03680	0.81072
970 G	0.14728	0.05106	0.80166
971 A	0.14234	0.07527	0.78239
972 A	0.13801	0.10084	0.76115
973 T	0.13444	0.12794	0.73763
974 T	0.11997	0.18987	0.69016
975 A	0.09626	0.24328	0.66047
976 T	0.07110	0.30731	0.62159
977 T	0.06068	0.33144	0.60788
978 A	0.04180	0.35275	0.60546
979 A	0.02626	0.36991	0.60383
980 A	0.02264	0.37384	0.60352
981 A	0.02129	0.37532	0.60338
982 C	0.02130	0.37528	0.60341
983 A	0.02134	0.37525	0.60341
984 A	0.02136	0.37521	0.60342
985 A	0.02143	0.37511	0.60346
986 A	0.02152	0.37493	0.60355
987 A	0.02169	0.37468	0.60363
988 A	0.02215	0.37378	0.60408
989 A	0.02351	0.37172	0.60477
990 G	0.02612	0.36742	0.60645
991 A	0.03040	0.36170	0.60791
992 A	0.03763	0.35152	0.61085
993 A	0.04854	0.33396	0.6175
994 A	0.07204	0.30339	0.62457
995 A	0.09950	0.26818	0.63231
996 A	0.13139	0.22576	0.64285
997 T	0.18859	0.14133	0.67008
998 A	0.21502	0.08000	0.70498
999 A	0.25147	0.00000	0.74853
