# lcl|CP097583.1_cds_USQ93290.1_1
# AA	inside	membr	outside
1 A	0.79229	0.00000	0.20771
2 T	0.79107	0.00122	0.20771
3 G	0.79021	0.00208	0.20771
4 A	0.79021	0.02842	0.18137
5 A	0.77914	0.07801	0.14285
6 T	0.77914	0.08445	0.13641
7 T	0.66352	0.20169	0.13479
8 T	0.66351	0.20175	0.13473
9 A	0.62557	0.24068	0.13375
10 A	0.62550	0.28132	0.09317
11 G	0.62029	0.28797	0.09174
12 A	0.54101	0.36834	0.09065
13 A	0.18187	0.73301	0.08512
14 A	0.18180	0.73308	0.08512
15 A	0.18180	0.78075	0.03745
16 A	0.17767	0.78488	0.03745
17 A	0.17141	0.79174	0.03685
18 T	0.17133	0.79265	0.03603
19 T	0.16670	0.79853	0.03476
20 T	0.12954	0.85016	0.0203
21 T	0.07218	0.90761	0.02021
22 A	0.06119	0.92234	0.01647
23 A	0.04564	0.93924	0.01513
24 A	0.03954	0.94588	0.01458
25 A	0.03864	0.94465	0.01671
26 A	0.03819	0.94310	0.01871
27 A	0.06098	0.91391	0.02511
28 A	0.09922	0.86348	0.03731
29 T	0.10989	0.83723	0.05289
30 C	0.11622	0.73066	0.15311
31 T	0.11690	0.72659	0.15651
32 A	0.11468	0.71134	0.17398
33 T	0.12912	0.70023	0.17065
34 A	0.11325	0.73062	0.15613
35 A	0.10895	0.69418	0.19687
36 A	0.10964	0.36725	0.52311
37 A	0.10831	0.35805	0.53365
38 A	0.14562	0.31136	0.54302
39 A	0.14167	0.29633	0.56201
40 C	0.14234	0.26028	0.59738
41 A	0.14134	0.24877	0.60989
42 T	0.14545	0.23667	0.61788
43 C	0.15350	0.21842	0.62807
44 A	0.14617	0.28814	0.56569
45 T	0.14780	0.38213	0.47007
46 T	0.14355	0.41578	0.44067
47 T	0.13651	0.45267	0.41082
48 G	0.12442	0.50920	0.36638
49 A	0.11779	0.59172	0.29049
50 A	0.10490	0.82270	0.07241
51 A	0.10147	0.84163	0.05691
52 A	0.10004	0.85242	0.04753
53 T	0.10019	0.85592	0.04388
54 A	0.09782	0.86525	0.03693
55 G	0.09759	0.87001	0.0324
56 A	0.10061	0.86759	0.0318
57 A	0.10822	0.85463	0.03715
58 A	0.11320	0.84777	0.03903
59 A	0.11734	0.84048	0.04218
60 A	0.12137	0.83590	0.04273
61 G	0.12557	0.83025	0.04418
62 A	0.13081	0.82175	0.04745
63 A	0.13672	0.81144	0.05184
64 A	0.14879	0.79395	0.05726
65 A	0.16894	0.77114	0.05992
66 T	0.21908	0.71560	0.06532
67 C	0.30614	0.61769	0.07618
68 A	0.41193	0.50786	0.0802
69 T	0.48013	0.43105	0.08883
70 T	0.52605	0.37999	0.09395
71 C	0.55357	0.34563	0.10079
72 A	0.60905	0.28855	0.10241
73 T	0.79499	0.09031	0.1147
74 T	0.81267	0.06946	0.11787
75 T	0.82039	0.06215	0.11747
76 G	0.81916	0.07055	0.11029
77 T	0.81139	0.08663	0.10198
78 T	0.76085	0.15344	0.08571
79 A	0.60691	0.30877	0.08432
80 T	0.55963	0.35682	0.08356
81 T	0.52970	0.38616	0.08414
82 A	0.49754	0.41815	0.08431
83 C	0.47757	0.43784	0.08459
84 T	0.44822	0.46731	0.08447
85 C	0.39742	0.51839	0.08419
86 C	0.34574	0.57029	0.08397
87 T	0.31463	0.60182	0.08355
88 G	0.27636	0.64030	0.08334
89 T	0.24930	0.66775	0.08295
90 C	0.22728	0.68986	0.08286
91 G	0.20387	0.71378	0.08235
92 A	0.17806	0.74066	0.08129
93 A	0.15372	0.76576	0.08052
94 C	0.14607	0.77443	0.0795
95 A	0.13529	0.78894	0.07577
96 A	0.12948	0.79658	0.07394
97 A	0.12801	0.79778	0.07421
98 A	0.12960	0.79165	0.07875
99 A	0.13637	0.77646	0.08716
100 A	0.14749	0.73525	0.11726
101 T	0.16404	0.64255	0.19341
102 G	0.16418	0.48240	0.35342
103 C	0.16428	0.41505	0.42066
104 A	0.16234	0.40082	0.43684
105 A	0.16074	0.38994	0.44931
106 T	0.15979	0.37853	0.46169
107 G	0.15617	0.35819	0.48563
108 G	0.15499	0.31872	0.52629
109 T	0.15315	0.25986	0.58699
110 T	0.14793	0.27920	0.57287
111 A	0.13512	0.43292	0.43195
112 G	0.12029	0.59850	0.28121
113 A	0.11204	0.69571	0.19226
114 A	0.11092	0.73593	0.15314
115 A	0.11144	0.76000	0.12855
116 A	0.11250	0.75874	0.12877
117 A	0.11409	0.75602	0.12989
118 T	0.11802	0.74221	0.13977
119 T	0.11972	0.73588	0.1444
120 T	0.12043	0.73511	0.14445
121 T	0.12039	0.73812	0.14149
122 A	0.12018	0.74359	0.13622
123 T	0.12007	0.74680	0.13314
124 A	0.11981	0.75469	0.1255
125 A	0.11985	0.76139	0.11876
126 A	0.12037	0.76777	0.11185
127 A	0.12401	0.77145	0.10453
128 A	0.12961	0.78008	0.09031
129 T	0.13882	0.78143	0.07974
130 A	0.14328	0.78671	0.07
131 A	0.15210	0.77969	0.0682
132 A	0.17625	0.75733	0.06642
133 G	0.23788	0.69101	0.0711
134 A	0.41309	0.50651	0.0804
135 T	0.62901	0.27866	0.09232
136 T	0.72579	0.17867	0.09553
137 T	0.75742	0.15397	0.08861
138 T	0.77224	0.14904	0.07872
139 T	0.77393	0.16548	0.0606
140 T	0.76791	0.17488	0.05722
141 T	0.74810	0.20011	0.05179
142 A	0.73400	0.21509	0.05091
143 A	0.72447	0.22553	0.05
144 C	0.67924	0.27185	0.04892
145 T	0.62957	0.32337	0.04705
146 C	0.46684	0.48763	0.04552
147 A	0.35705	0.59884	0.04411
148 A	0.33656	0.61989	0.04355
149 G	0.33639	0.62047	0.04314
150 A	0.34382	0.61311	0.04307
151 C	0.36083	0.59605	0.04312
152 T	0.37511	0.58178	0.04311
153 T	0.38603	0.57085	0.04312
154 A	0.38311	0.57403	0.04286
155 T	0.38616	0.57113	0.04272
156 T	0.38537	0.57219	0.04244
157 A	0.38170	0.57584	0.04246
158 A	0.38111	0.57598	0.04291
159 A	0.38367	0.57108	0.04525
160 T	0.39104	0.55937	0.04959
161 C	0.39453	0.54975	0.05571
162 T	0.40508	0.53454	0.06038
163 A	0.40247	0.53132	0.06621
164 T	0.40633	0.50823	0.08544
165 A	0.40436	0.50083	0.0948
166 A	0.40415	0.48863	0.10723
167 T	0.40501	0.40230	0.19269
168 T	0.40458	0.33760	0.25782
169 A	0.38639	0.20834	0.40527
170 T	0.37867	0.13067	0.49066
171 G	0.35435	0.13709	0.50856
172 T	0.33484	0.16235	0.5028
173 A	0.29296	0.24132	0.46572
174 T	0.25967	0.29712	0.44321
175 G	0.19170	0.39015	0.41816
176 A	0.13832	0.51823	0.34345
177 A	0.10498	0.61367	0.28134
178 A	0.07735	0.78574	0.13691
179 A	0.06210	0.85802	0.07988
180 A	0.04099	0.89867	0.06035
181 A	0.03108	0.93250	0.03643
182 A	0.02748	0.93478	0.03774
183 A	0.02619	0.93461	0.0392
184 T	0.02578	0.92863	0.04558
185 T	0.02486	0.92441	0.05073
186 C	0.02145	0.92362	0.05493
187 A	0.01981	0.92704	0.05315
188 A	0.01951	0.92994	0.05055
189 A	0.01947	0.93247	0.04806
190 A	0.01997	0.93295	0.04707
191 A	0.02162	0.93142	0.04696
192 T	0.02525	0.90663	0.06812
193 A	0.02662	0.89778	0.0756
194 A	0.02844	0.87693	0.09463
195 A	0.04168	0.85448	0.10383
196 A	0.08378	0.78792	0.1283
197 G	0.11465	0.73318	0.15217
198 A	0.14739	0.65323	0.19937
199 A	0.22087	0.54976	0.22938
200 A	0.28568	0.47265	0.24167
201 T	0.43706	0.30538	0.25756
202 A	0.48396	0.24839	0.26765
203 A	0.50566	0.20349	0.29085
204 T	0.52501	0.17168	0.3033
205 T	0.52103	0.17458	0.30439
206 C	0.50338	0.20814	0.28848
207 G	0.35716	0.37053	0.27231
208 A	0.26780	0.48810	0.24409
209 G	0.21565	0.54844	0.2359
210 A	0.17938	0.60996	0.21066
211 C	0.13574	0.67677	0.18749
212 A	0.10916	0.79013	0.10071
213 A	0.10229	0.85327	0.04445
214 A	0.10234	0.87489	0.02276
215 A	0.10446	0.88298	0.01257
216 A	0.11024	0.88006	0.0097
217 A	0.11831	0.87070	0.01098
218 A	0.13256	0.85466	0.01278
219 T	0.15209	0.83317	0.01474
220 T	0.16351	0.82052	0.01598
221 C	0.17786	0.80506	0.01707
222 A	0.19269	0.79017	0.01715
223 T	0.20362	0.77898	0.01741
224 C	0.20438	0.77834	0.01728
225 T	0.20319	0.78013	0.01668
226 A	0.20050	0.78401	0.01549
227 A	0.19911	0.78425	0.01664
228 A	0.20100	0.77803	0.02097
229 A	0.21920	0.74617	0.03462
230 A	0.24326	0.56631	0.19042
231 T	0.27897	0.42730	0.29374
232 G	0.29070	0.35353	0.35577
233 A	0.31733	0.29528	0.38738
234 C	0.34735	0.22181	0.43084
235 C	0.43306	0.11820	0.44873
236 T	0.48550	0.06549	0.44902
237 T	0.50051	0.05582	0.44367
238 T	0.50381	0.06327	0.43292
239 T	0.49463	0.11107	0.3943
240 T	0.46223	0.19509	0.34268
241 A	0.33845	0.36315	0.29841
242 A	0.25247	0.46906	0.27847
243 T	0.23103	0.51201	0.25696
244 A	0.20424	0.63562	0.16015
245 A	0.18362	0.69048	0.1259
246 A	0.16847	0.71933	0.1122
247 T	0.16323	0.73198	0.10479
248 T	0.15902	0.75155	0.08943
249 A	0.15624	0.76485	0.07891
250 T	0.15602	0.76499	0.079
251 A	0.15414	0.76709	0.07878
252 T	0.15230	0.76753	0.08017
253 T	0.14315	0.77576	0.08109
254 C	0.12655	0.79198	0.08146
255 A	0.10558	0.81327	0.08116
256 C	0.09062	0.82874	0.08064
257 A	0.08278	0.83836	0.07886
258 A	0.07973	0.84278	0.07749
259 A	0.08220	0.84171	0.07609
260 A	0.09330	0.82873	0.07797
261 T	0.11159	0.80835	0.08005
262 A	0.14754	0.75767	0.09479
263 A	0.19653	0.66763	0.13584
264 T	0.24238	0.49663	0.26098
265 G	0.25703	0.39840	0.34457
266 A	0.27836	0.36182	0.35982
267 T	0.36618	0.25491	0.37891
268 A	0.39603	0.21068	0.39329
269 C	0.41153	0.17896	0.4095
270 G	0.42051	0.16990	0.40959
271 T	0.43579	0.16992	0.39429
272 A	0.42344	0.23435	0.34222
273 T	0.39232	0.38198	0.2257
274 A	0.32411	0.56157	0.11432
275 A	0.27314	0.63193	0.09494
276 T	0.25084	0.65861	0.09056
277 A	0.22061	0.69055	0.08883
278 A	0.18989	0.72351	0.0866
279 A	0.15175	0.75778	0.09046
280 G	0.13638	0.77351	0.09011
281 A	0.12639	0.78961	0.084
282 A	0.12094	0.79800	0.08106
283 G	0.11749	0.79999	0.08252
284 A	0.11716	0.79950	0.08334
285 A	0.11843	0.79472	0.08685
286 G	0.11936	0.78913	0.09151
287 C	0.12075	0.78461	0.09464
288 T	0.12200	0.78321	0.09478
289 C	0.12226	0.78477	0.09297
290 A	0.12225	0.80041	0.07735
291 A	0.12303	0.81478	0.06219
292 G	0.12472	0.82403	0.05125
293 A	0.13033	0.82544	0.04422
294 A	0.15464	0.80529	0.04007
295 A	0.21568	0.71885	0.06548
296 A	0.34400	0.55084	0.10517
297 T	0.46320	0.35318	0.18362
298 T	0.48448	0.29305	0.22248
299 T	0.49252	0.28105	0.22643
300 A	0.49238	0.28984	0.21778
301 A	0.49957	0.29072	0.20972
302 A	0.50471	0.26117	0.23411
303 T	0.51132	0.24035	0.24833
304 T	0.51866	0.22644	0.2549
305 T	0.52099	0.22424	0.25477
306 G	0.50786	0.23631	0.25583
307 G	0.48444	0.26178	0.25378
308 A	0.45211	0.29724	0.25066
309 A	0.43271	0.32149	0.24581
310 C	0.43161	0.32626	0.24212
311 A	0.43275	0.34783	0.21942
312 A	0.43582	0.35974	0.20444
313 A	0.45015	0.34585	0.20401
314 T	0.46694	0.32859	0.20447
315 T	0.47661	0.32160	0.20179
316 G	0.47774	0.32782	0.19444
317 C	0.48265	0.32737	0.18998
318 T	0.48822	0.33288	0.1789
319 A	0.49068	0.33271	0.17661
320 A	0.49823	0.32574	0.17603
321 T	0.52775	0.29640	0.17585
322 T	0.54656	0.27734	0.1761
323 C	0.56348	0.25434	0.18218
324 T	0.57539	0.24284	0.18178
325 A	0.56176	0.26202	0.17622
326 T	0.54901	0.27942	0.17156
327 T	0.49267	0.34657	0.16077
328 A	0.44173	0.41140	0.14687
329 A	0.41557	0.43582	0.14861
330 A	0.39892	0.43442	0.16666
331 G	0.38983	0.41714	0.19303
332 T	0.38943	0.40035	0.21022
333 A	0.38549	0.40379	0.21073
334 A	0.39959	0.38885	0.21156
335 A	0.41150	0.37465	0.21386
336 C	0.41402	0.36693	0.21905
337 G	0.41598	0.36338	0.22064
338 A	0.42050	0.35716	0.22234
339 T	0.43039	0.34276	0.22685
340 C	0.43435	0.33740	0.22824
341 C	0.44263	0.32974	0.22764
342 T	0.44331	0.33099	0.22569
343 G	0.44020	0.33786	0.22194
344 T	0.43670	0.34865	0.21466
345 T	0.43141	0.37029	0.1983
346 A	0.42258	0.39681	0.18061
347 A	0.41969	0.39438	0.18593
348 A	0.42720	0.37186	0.20095
349 A	0.43481	0.34867	0.21652
350 T	0.44874	0.28420	0.26706
351 G	0.46045	0.23928	0.30027
352 T	0.47057	0.22516	0.30427
353 A	0.46841	0.22938	0.30221
354 T	0.47118	0.22677	0.30205
355 C	0.47022	0.23533	0.29445
356 T	0.46986	0.25477	0.27538
357 T	0.46775	0.27514	0.25711
358 A	0.46050	0.30507	0.23442
359 A	0.44780	0.37064	0.18156
360 A	0.41708	0.42610	0.15683
361 G	0.40235	0.44679	0.15086
362 A	0.39034	0.47155	0.1381
363 A	0.37632	0.49616	0.12752
364 A	0.37422	0.50918	0.1166
365 T	0.37804	0.50994	0.11203
366 A	0.37959	0.50387	0.11654
367 G	0.38460	0.49187	0.12352
368 G	0.39716	0.47494	0.12791
369 T	0.41361	0.45267	0.13373
370 C	0.41735	0.44647	0.13619
371 A	0.42436	0.44174	0.1339
372 A	0.43322	0.43255	0.13423
373 A	0.45297	0.41215	0.13488
374 T	0.48168	0.38118	0.13714
375 T	0.51088	0.35084	0.13828
376 C	0.53053	0.32180	0.14767
377 C	0.54571	0.30389	0.1504
378 T	0.56531	0.28420	0.15049
379 T	0.57969	0.27113	0.14918
380 T	0.58741	0.26614	0.14644
381 A	0.59590	0.26300	0.1411
382 T	0.64684	0.20131	0.15186
383 T	0.66681	0.14938	0.18381
384 A	0.66636	0.13410	0.19954
385 A	0.67198	0.11744	0.21058
386 C	0.68010	0.09412	0.22577
387 T	0.68855	0.08648	0.22497
388 T	0.68011	0.10097	0.21892
389 T	0.66727	0.12271	0.21003
390 A	0.63741	0.16894	0.19365
391 G	0.61112	0.20700	0.18188
392 A	0.58366	0.26442	0.15192
393 A	0.48972	0.39134	0.11894
394 G	0.31114	0.58267	0.10619
395 A	0.20877	0.71530	0.07594
396 A	0.15898	0.78662	0.0544
397 G	0.11987	0.84115	0.03898
398 A	0.09700	0.87265	0.03035
399 A	0.08653	0.88759	0.02588
400 A	0.08174	0.89463	0.02362
401 A	0.08187	0.89400	0.02413
402 A	0.08335	0.89139	0.02526
403 A	0.08584	0.88581	0.02834
404 T	0.09213	0.87405	0.03383
405 C	0.09045	0.87379	0.03577
406 A	0.08934	0.87434	0.03632
407 A	0.08856	0.87171	0.03973
408 A	0.08874	0.86756	0.04369
409 T	0.09056	0.86088	0.04856
410 C	0.09383	0.85192	0.05425
411 C	0.09976	0.82621	0.07402
412 A	0.10915	0.80976	0.08108
413 A	0.12409	0.77900	0.09691
414 A	0.13568	0.75600	0.10831
415 A	0.16497	0.71192	0.12311
416 T	0.20757	0.57165	0.22078
417 G	0.22267	0.34622	0.4311
418 G	0.25402	0.19752	0.54846
419 T	0.27564	0.12802	0.59633
420 T	0.28558	0.09877	0.61565
421 T	0.27685	0.13709	0.58606
422 A	0.24298	0.21008	0.54694
423 T	0.22980	0.24432	0.52587
424 G	0.19027	0.30835	0.50139
425 A	0.16805	0.42077	0.41118
426 A	0.15628	0.49088	0.35285
427 G	0.15084	0.50975	0.33941
428 G	0.13393	0.53848	0.32759
429 A	0.12511	0.56296	0.31193
430 T	0.12229	0.58403	0.29367
431 T	0.11423	0.67563	0.21014
432 G	0.10722	0.75205	0.14072
433 A	0.10310	0.76665	0.13025
434 T	0.10009	0.77460	0.12532
435 A	0.09504	0.78323	0.12173
436 G	0.09371	0.78994	0.11635
437 C	0.09215	0.79451	0.11333
438 T	0.08915	0.80809	0.10276
439 A	0.08061	0.82925	0.09014
440 A	0.07348	0.84731	0.07921
441 A	0.07031	0.85176	0.07793
442 A	0.06925	0.85395	0.0768
443 A	0.07735	0.84049	0.08216
444 A	0.12963	0.76874	0.10163
445 C	0.18223	0.67500	0.14277
446 A	0.22222	0.62599	0.15179
447 A	0.25830	0.56712	0.17458
448 T	0.35129	0.47364	0.17508
449 T	0.37717	0.46442	0.15841
450 A	0.32837	0.51904	0.15259
451 G	0.29421	0.53623	0.16956
452 A	0.26542	0.56070	0.17388
453 A	0.26226	0.56926	0.16848
454 C	0.30381	0.53433	0.16187
455 A	0.34170	0.52459	0.13372
456 A	0.34131	0.54704	0.11165
457 T	0.34098	0.55486	0.10417
458 A	0.31326	0.59730	0.08944
459 T	0.27732	0.64836	0.07433
460 A	0.21356	0.72848	0.05796
461 A	0.18415	0.78093	0.03492
462 A	0.18046	0.77954	0.04
463 A	0.17810	0.77641	0.04549
464 A	0.17314	0.77667	0.05019
465 A	0.15115	0.79455	0.05429
466 C	0.12558	0.81506	0.05936
467 A	0.09646	0.85112	0.05243
468 A	0.09205	0.85966	0.04829
469 G	0.09583	0.85974	0.04443
470 A	0.10148	0.85945	0.03907
471 A	0.11192	0.84909	0.03899
472 A	0.13417	0.80387	0.06196
473 T	0.14187	0.73806	0.12008
474 A	0.13974	0.70123	0.15903
475 G	0.14598	0.65979	0.19423
476 A	0.15612	0.64588	0.198
477 A	0.17348	0.61724	0.20927
478 T	0.20694	0.55321	0.23984
479 T	0.22516	0.52720	0.24765
480 A	0.21892	0.53723	0.24384
481 A	0.22298	0.51222	0.2648
482 C	0.22549	0.47497	0.29954
483 A	0.22666	0.46428	0.30905
484 T	0.23441	0.45635	0.30925
485 A	0.21692	0.48621	0.29688
486 T	0.21216	0.48540	0.30244
487 G	0.18685	0.51990	0.29325
488 A	0.16191	0.52934	0.30875
489 A	0.14057	0.53253	0.32691
490 C	0.12321	0.52919	0.34761
491 A	0.11699	0.57918	0.30383
492 A	0.11666	0.61978	0.26356
493 T	0.12077	0.62597	0.25326
494 T	0.11630	0.64426	0.23944
495 A	0.09644	0.68516	0.21841
496 G	0.07664	0.71679	0.20657
497 A	0.06613	0.75261	0.18126
498 A	0.05835	0.78305	0.1586
499 G	0.06487	0.79138	0.14375
500 A	0.08016	0.78290	0.13694
501 A	0.08312	0.78393	0.13295
502 A	0.10192	0.76496	0.13312
503 T	0.13740	0.72004	0.14256
504 A	0.15186	0.70542	0.14273
505 A	0.16830	0.68298	0.14871
506 A	0.18844	0.65447	0.15709
507 T	0.20525	0.62165	0.1731
508 A	0.18194	0.64201	0.17605
509 A	0.13471	0.69510	0.17019
510 A	0.12641	0.69875	0.17485
511 A	0.12926	0.68710	0.18364
512 A	0.13366	0.66585	0.20049
513 G	0.14682	0.62998	0.22319
514 A	0.19224	0.58733	0.22043
515 T	0.23599	0.55189	0.21212
516 A	0.21274	0.60982	0.17743
517 A	0.20612	0.65662	0.13726
518 A	0.20978	0.64934	0.14089
519 A	0.21098	0.64209	0.14694
520 G	0.22205	0.61847	0.15948
521 A	0.23147	0.59666	0.17188
522 T	0.24605	0.57400	0.17995
523 G	0.23598	0.57980	0.18421
524 C	0.22225	0.59115	0.1866
525 C	0.19311	0.62184	0.18506
526 G	0.15291	0.66656	0.18053
527 A	0.14399	0.68623	0.16978
528 A	0.14118	0.70049	0.15833
529 A	0.14382	0.69972	0.15646
530 A	0.14874	0.69402	0.15724
531 A	0.16455	0.63977	0.19568
532 G	0.17814	0.56943	0.25243
533 C	0.19493	0.53106	0.27401
534 T	0.20788	0.52891	0.2632
535 A	0.20862	0.56571	0.22567
536 A	0.21365	0.57320	0.21315
537 A	0.22033	0.56914	0.21053
538 A	0.22755	0.56176	0.21069
539 G	0.25649	0.49396	0.24955
540 T	0.30216	0.43130	0.26654
541 A	0.30952	0.42628	0.2642
542 A	0.31881	0.41023	0.27095
543 A	0.32170	0.39116	0.28714
544 T	0.32361	0.36787	0.30851
545 T	0.31913	0.36035	0.32052
546 A	0.30910	0.35392	0.33697
547 A	0.30759	0.33464	0.35776
548 T	0.30635	0.30170	0.39196
549 C	0.30084	0.27259	0.42657
550 G	0.30106	0.26516	0.43378
551 A	0.30676	0.25590	0.43734
552 A	0.30802	0.25213	0.43984
553 G	0.31076	0.24767	0.44157
554 C	0.31541	0.24191	0.44268
555 T	0.32381	0.23226	0.44392
556 A	0.32891	0.22649	0.4446
557 A	0.34591	0.20876	0.44533
558 T	0.38311	0.16707	0.44982
559 T	0.39424	0.15354	0.45223
560 A	0.39859	0.13879	0.46262
561 T	0.40425	0.12095	0.47479
562 C	0.40590	0.10894	0.48516
563 G	0.41056	0.10468	0.48476
564 T	0.42693	0.08804	0.48503
565 T	0.43591	0.08104	0.48306
566 T	0.43839	0.07974	0.48188
567 A	0.43848	0.08054	0.48099
568 G	0.43875	0.07376	0.48749
569 T	0.43893	0.06329	0.49778
570 A	0.43567	0.06436	0.49997
571 G	0.43641	0.05833	0.50525
572 T	0.43906	0.04799	0.51294
573 T	0.43827	0.04318	0.51854
574 T	0.43622	0.04367	0.5201
575 C	0.42831	0.05267	0.51902
576 G	0.41523	0.07522	0.50955
577 A	0.40870	0.08482	0.50648
578 T	0.40373	0.09360	0.50267
579 A	0.39439	0.10973	0.49588
580 G	0.38698	0.12556	0.48746
581 C	0.38191	0.14609	0.472
582 T	0.37372	0.16825	0.45803
583 A	0.35484	0.19793	0.44723
584 A	0.34944	0.20644	0.44412
585 A	0.34848	0.20879	0.44273
586 C	0.34957	0.20832	0.44211
587 G	0.35003	0.20949	0.44048
588 T	0.35330	0.20737	0.43933
589 T	0.35464	0.20652	0.43884
590 A	0.35424	0.20719	0.43857
591 T	0.35379	0.20755	0.43865
592 A	0.35187	0.20818	0.43995
593 T	0.35125	0.20487	0.44388
594 A	0.34878	0.20612	0.44509
595 G	0.34705	0.20645	0.4465
596 G	0.34617	0.20566	0.44817
597 A	0.34648	0.20396	0.44955
598 A	0.34775	0.19626	0.456
599 G	0.35538	0.17649	0.46812
600 A	0.35814	0.16799	0.47387
601 A	0.36264	0.15684	0.48052
602 A	0.37025	0.13947	0.49029
603 G	0.38057	0.11838	0.50105
604 A	0.39750	0.09523	0.50727
605 T	0.41475	0.06805	0.5172
606 T	0.42502	0.04129	0.53368
607 T	0.42790	0.03453	0.53757
608 T	0.42852	0.03335	0.53813
609 A	0.42845	0.03381	0.53774
610 T	0.42946	0.03227	0.53827
611 T	0.42935	0.03406	0.53659
612 T	0.42764	0.04046	0.5319
613 T	0.42151	0.05533	0.52316
614 T	0.41094	0.07124	0.51782
615 A	0.38989	0.10385	0.50626
616 G	0.38013	0.11707	0.50281
617 A	0.37551	0.12548	0.49901
618 T	0.37410	0.12844	0.49747
619 T	0.37228	0.13533	0.4924
620 T	0.37139	0.14386	0.48475
621 A	0.36917	0.14673	0.4841
622 A	0.36787	0.14794	0.48419
623 T	0.36726	0.14818	0.48456
624 T	0.36491	0.15063	0.48447
625 C	0.35621	0.15954	0.48425
626 A	0.34704	0.16962	0.48334
627 A	0.33541	0.18208	0.48252
628 G	0.33003	0.18816	0.4818
629 A	0.32597	0.19342	0.4806
630 A	0.32446	0.19625	0.4793
631 G	0.32505	0.19553	0.47942
632 G	0.32618	0.19481	0.47901
633 A	0.32780	0.19487	0.47732
634 A	0.33183	0.18953	0.47865
635 A	0.33985	0.17785	0.48229
636 T	0.35198	0.15788	0.49014
637 A	0.35806	0.14247	0.49947
638 T	0.37037	0.11132	0.51831
639 G	0.37326	0.09919	0.52755
640 G	0.37664	0.09107	0.53229
641 G	0.37836	0.08843	0.53322
642 C	0.38388	0.08168	0.53443
643 T	0.39031	0.07720	0.53249
644 T	0.39078	0.07872	0.5305
645 A	0.39036	0.08398	0.52565
646 A	0.38985	0.08870	0.52145
647 T	0.38980	0.09006	0.52015
648 G	0.38902	0.08374	0.52724
649 A	0.38766	0.07614	0.53621
650 G	0.38744	0.06428	0.54828
651 A	0.38744	0.06006	0.55251
652 G	0.38849	0.05566	0.55584
653 C	0.39001	0.05229	0.5577
654 A	0.39069	0.05133	0.55798
655 G	0.39223	0.04954	0.55823
656 T	0.39478	0.04728	0.55793
657 C	0.39498	0.04933	0.5557
658 G	0.39484	0.05938	0.54578
659 A	0.39520	0.07293	0.53186
660 T	0.39623	0.07631	0.52746
661 A	0.39633	0.08039	0.52327
662 A	0.39689	0.08024	0.52287
663 G	0.39887	0.07691	0.52422
664 T	0.40251	0.07233	0.52517
665 T	0.40436	0.07057	0.52508
666 C	0.40632	0.06897	0.52471
667 G	0.40855	0.06914	0.5223
668 A	0.41331	0.06604	0.52066
669 T	0.41787	0.06186	0.52028
670 T	0.42032	0.05924	0.52044
671 A	0.42109	0.05800	0.52091
672 T	0.42141	0.05577	0.52282
673 A	0.42142	0.05500	0.52357
674 C	0.42166	0.05397	0.52437
675 T	0.42182	0.05388	0.52429
676 A	0.42095	0.05515	0.52391
677 A	0.42085	0.05512	0.52403
678 A	0.42061	0.05521	0.52418
679 G	0.42151	0.05420	0.52429
680 G	0.42450	0.05044	0.52506
681 C	0.43584	0.03851	0.52565
682 T	0.45011	0.02424	0.52565
683 T	0.45406	0.02035	0.52559
684 T	0.45648	0.01793	0.52559
685 A	0.45657	0.01796	0.52547
686 A	0.45678	0.01786	0.52536
687 A	0.45755	0.01684	0.52561
688 T	0.45957	0.01430	0.52613
689 T	0.46099	0.01218	0.52683
690 T	0.46330	0.00934	0.52737
691 T	0.46414	0.00814	0.52771
692 C	0.46396	0.00808	0.52796
693 T	0.46361	0.00831	0.52808
694 A	0.46300	0.00885	0.52815
695 C	0.46284	0.00888	0.52828
696 T	0.46305	0.00873	0.52822
697 T	0.46291	0.00881	0.52828
698 A	0.46234	0.00888	0.52878
699 T	0.46243	0.00794	0.52963
700 G	0.46213	0.00789	0.52999
701 C	0.46177	0.00740	0.53083
702 T	0.46153	0.00752	0.53095
703 A	0.46102	0.00803	0.53094
704 C	0.46090	0.00812	0.53099
705 T	0.46050	0.00866	0.53085
706 T	0.45984	0.00950	0.53066
707 G	0.45800	0.01143	0.53057
708 G	0.45622	0.01366	0.53012
709 T	0.45554	0.01580	0.52866
710 G	0.45391	0.01925	0.52684
711 G	0.44926	0.02695	0.52379
712 A	0.44784	0.03413	0.51803
713 T	0.44719	0.03711	0.5157
714 A	0.44588	0.03903	0.51509
715 A	0.44519	0.03973	0.51508
716 G	0.44472	0.03997	0.51531
717 A	0.44410	0.04039	0.51551
718 C	0.44390	0.04017	0.51592
719 A	0.44378	0.04028	0.51593
720 A	0.44369	0.04017	0.51614
721 G	0.44370	0.03958	0.51672
722 C	0.44372	0.03936	0.51693
723 G	0.44368	0.03943	0.51688
724 A	0.44370	0.03913	0.51716
725 T	0.44385	0.03873	0.51742
726 T	0.44394	0.03825	0.51781
727 A	0.44383	0.03846	0.51772
728 C	0.44379	0.03743	0.51878
729 A	0.44366	0.03742	0.51892
730 A	0.44378	0.03565	0.52058
731 G	0.44450	0.03319	0.52231
732 A	0.44583	0.03121	0.52297
733 G	0.44782	0.02804	0.52414
734 C	0.45093	0.02022	0.52886
735 T	0.45597	0.01630	0.52773
736 G	0.45704	0.01497	0.52799
737 T	0.45760	0.01427	0.52812
738 A	0.45626	0.01613	0.52761
739 G	0.45568	0.01701	0.52731
740 C	0.45543	0.01742	0.52715
741 T	0.45453	0.01871	0.52676
742 G	0.45299	0.02112	0.52589
743 A	0.44822	0.02777	0.52401
744 T	0.44692	0.02984	0.52323
745 C	0.44549	0.03141	0.5231
746 A	0.44379	0.03372	0.52249
747 A	0.44293	0.03524	0.52183
748 G	0.44256	0.03629	0.52115
749 C	0.44221	0.03690	0.52088
750 T	0.44174	0.03810	0.52016
751 A	0.44006	0.03993	0.52
752 G	0.43958	0.04028	0.52015
753 A	0.43881	0.04114	0.52005
754 A	0.43858	0.04136	0.52006
755 C	0.43861	0.04042	0.52097
756 A	0.43873	0.04008	0.52119
757 A	0.43950	0.03908	0.52142
758 T	0.44188	0.03627	0.52185
759 T	0.44196	0.03548	0.52256
760 C	0.44165	0.03546	0.52289
761 G	0.44174	0.03379	0.52446
762 A	0.44197	0.03292	0.52511
763 A	0.44284	0.03136	0.52579
764 T	0.44360	0.02922	0.52718
765 T	0.44412	0.02705	0.52882
766 C	0.44473	0.01978	0.53549
767 C	0.44474	0.01886	0.5364
768 A	0.44218	0.02110	0.53672
769 G	0.44082	0.02201	0.53718
770 T	0.44110	0.02139	0.53751
771 T	0.43969	0.02291	0.5374
772 C	0.43209	0.03044	0.53747
773 A	0.42367	0.04081	0.53552
774 T	0.41696	0.04953	0.5335
775 A	0.40980	0.06555	0.52466
776 T	0.40712	0.07040	0.52248
777 T	0.40082	0.07902	0.52017
778 A	0.39334	0.08985	0.51682
779 T	0.38959	0.09457	0.51584
780 T	0.38346	0.10259	0.51395
781 G	0.37773	0.10881	0.51346
782 A	0.37526	0.11155	0.51319
783 A	0.37298	0.11363	0.5134
784 A	0.37222	0.11407	0.51371
785 C	0.37107	0.11475	0.51418
786 A	0.36991	0.11590	0.51419
787 A	0.36938	0.11633	0.51429
788 T	0.36911	0.11622	0.51467
789 G	0.36863	0.11621	0.51515
790 A	0.36870	0.11592	0.51538
791 A	0.36898	0.11265	0.51837
792 T	0.36932	0.11007	0.52061
793 A	0.36912	0.10997	0.52091
794 A	0.36941	0.10792	0.52267
795 A	0.37037	0.09912	0.53051
796 A	0.37344	0.08538	0.54118
797 T	0.37869	0.07060	0.55071
798 T	0.39003	0.04964	0.56033
799 T	0.39321	0.04047	0.56632
800 C	0.39450	0.02999	0.57551
801 T	0.39589	0.02374	0.58038
802 C	0.39573	0.02170	0.58257
803 G	0.39633	0.02180	0.58188
804 T	0.39648	0.02544	0.57808
805 T	0.39565	0.03744	0.56691
806 G	0.38563	0.05442	0.55995
807 T	0.37945	0.06695	0.55361
808 T	0.37033	0.07975	0.54992
809 T	0.34591	0.11183	0.54226
810 A	0.30807	0.15545	0.53647
811 G	0.28714	0.17837	0.5345
812 G	0.27680	0.19142	0.53179
813 A	0.27425	0.19684	0.52891
814 A	0.27324	0.20078	0.52598
815 A	0.27313	0.20262	0.52424
816 A	0.27360	0.20360	0.5228
817 T	0.27396	0.20322	0.52282
818 T	0.27216	0.20544	0.52241
819 A	0.27010	0.20755	0.52235
820 A	0.26922	0.20838	0.5224
821 C	0.26861	0.20870	0.52269
822 A	0.26791	0.20940	0.52269
823 C	0.26724	0.20976	0.523
824 A	0.26763	0.20949	0.52288
825 A	0.26871	0.20840	0.52289
826 G	0.27174	0.20541	0.52285
827 A	0.27949	0.19670	0.52381
828 T	0.29723	0.17644	0.52633
829 T	0.30747	0.14818	0.54435
830 T	0.31369	0.12968	0.55663
831 A	0.31542	0.11701	0.56758
832 T	0.32031	0.09034	0.58934
833 T	0.31370	0.07121	0.61509
834 G	0.29481	0.07721	0.62798
835 C	0.28635	0.08245	0.6312
836 G	0.27426	0.11103	0.61472
837 T	0.26793	0.13580	0.59628
838 A	0.26059	0.16313	0.57628
839 A	0.25803	0.17504	0.56694
840 A	0.25555	0.18307	0.56138
841 G	0.25510	0.18642	0.55848
842 T	0.25526	0.18956	0.55518
843 T	0.25361	0.19890	0.5475
844 G	0.24828	0.21256	0.53916
845 A	0.24672	0.21956	0.53372
846 T	0.24588	0.22098	0.53314
847 A	0.24245	0.22513	0.53242
848 A	0.24087	0.22668	0.53246
849 T	0.23997	0.22736	0.53267
850 C	0.23719	0.23018	0.53263
851 A	0.23515	0.23286	0.53198
852 A	0.23418	0.23415	0.53167
853 G	0.23468	0.23314	0.53218
854 A	0.23492	0.23223	0.53286
855 A	0.23704	0.22937	0.53359
856 T	0.25207	0.20022	0.54771
857 T	0.25910	0.17201	0.56889
858 A	0.26085	0.15909	0.58006
859 G	0.26624	0.13910	0.59467
860 C	0.27826	0.11972	0.60202
861 T	0.28578	0.11069	0.60353
862 A	0.27911	0.11972	0.60118
863 T	0.27035	0.13079	0.59885
864 G	0.22722	0.17889	0.59389
865 A	0.21110	0.20920	0.57969
866 A	0.19595	0.24123	0.56282
867 T	0.18179	0.26377	0.55445
868 A	0.14480	0.31516	0.54004
869 T	0.12355	0.34102	0.53542
870 G	0.08569	0.38660	0.52771
871 A	0.07136	0.41054	0.5181
872 A	0.06320	0.42117	0.51564
873 T	0.05854	0.42637	0.51508
874 A	0.05185	0.43724	0.51091
875 T	0.04804	0.44147	0.51049
876 A	0.03995	0.45325	0.5068
877 A	0.03568	0.45876	0.50556
878 A	0.03317	0.46134	0.50549
879 A	0.03183	0.46255	0.50563
880 A	0.03127	0.46218	0.50655
881 A	0.03111	0.45676	0.51213
882 A	0.03134	0.44792	0.52074
883 A	0.03236	0.44345	0.52419
884 A	0.03535	0.43289	0.53176
885 A	0.03986	0.41371	0.54642
886 G	0.04495	0.38470	0.57036
887 A	0.05132	0.32922	0.61946
888 A	0.06580	0.29440	0.6398
889 A	0.08783	0.25019	0.66198
890 T	0.10966	0.20233	0.68801
891 T	0.12863	0.14249	0.72889
892 G	0.13215	0.11265	0.7552
893 T	0.13585	0.08182	0.78233
894 T	0.13753	0.09213	0.77034
895 G	0.13066	0.14623	0.72312
896 A	0.12616	0.24231	0.63153
897 T	0.12587	0.25377	0.62035
898 A	0.12104	0.27497	0.60399
899 T	0.12216	0.27635	0.60149
900 T	0.11442	0.29925	0.58632
901 C	0.10301	0.32396	0.57303
902 A	0.09419	0.35629	0.54951
903 A	0.07746	0.38476	0.53777
904 A	0.07572	0.39215	0.53213
905 T	0.07522	0.39479	0.53
906 G	0.07349	0.39763	0.52888
907 A	0.07296	0.39885	0.5282
908 T	0.07256	0.39960	0.52785
909 A	0.07101	0.40216	0.52682
910 G	0.07002	0.40444	0.52554
911 A	0.06944	0.40817	0.52239
912 A	0.06920	0.41146	0.51933
913 A	0.06965	0.41360	0.51676
914 A	0.07152	0.41260	0.51588
915 A	0.07503	0.40692	0.51805
916 G	0.08290	0.39403	0.52307
917 A	0.10417	0.37035	0.52548
918 A	0.15784	0.30923	0.53292
919 A	0.24845	0.21092	0.54063
920 C	0.27688	0.16943	0.5537
921 T	0.30536	0.13251	0.56214
922 A	0.31737	0.11866	0.56397
923 T	0.33911	0.09182	0.56907
924 T	0.35221	0.07177	0.57601
925 T	0.36144	0.05675	0.58181
926 C	0.36290	0.03693	0.60018
927 T	0.36266	0.03907	0.59827
928 T	0.35587	0.05401	0.59012
929 T	0.31874	0.11363	0.56764
930 A	0.24733	0.21595	0.53672
931 G	0.20975	0.25564	0.53461
932 A	0.19442	0.27300	0.53258
933 A	0.18958	0.27965	0.53077
934 A	0.18911	0.27948	0.53141
935 C	0.18989	0.27797	0.53214
936 A	0.19128	0.27668	0.53204
937 T	0.19236	0.27548	0.53215
938 C	0.19200	0.27578	0.53222
939 A	0.19149	0.27631	0.5322
940 T	0.19147	0.27636	0.53218
941 C	0.19128	0.27650	0.53221
942 T	0.19091	0.27692	0.53217
943 A	0.19025	0.27764	0.53212
944 G	0.18984	0.27800	0.53216
945 A	0.18883	0.27899	0.53219
946 G	0.18825	0.27958	0.53217
947 A	0.18783	0.27900	0.53317
948 A	0.18842	0.27441	0.53717
949 G	0.19035	0.26434	0.54531
950 A	0.19548	0.24983	0.5547
951 A	0.20468	0.22647	0.56885
952 G	0.22721	0.16258	0.61021
953 T	0.25629	0.07512	0.66859
954 T	0.25894	0.04410	0.69696
955 G	0.26115	0.02865	0.71019
956 A	0.26356	0.02111	0.71532
957 T	0.26425	0.01664	0.71911
958 T	0.26440	0.01380	0.7218
959 C	0.26443	0.01219	0.72338
960 T	0.26450	0.01190	0.7236
961 T	0.26447	0.01296	0.72258
962 C	0.26436	0.01437	0.72128
963 T	0.26430	0.01760	0.7181
964 T	0.26412	0.02154	0.71435
965 T	0.26390	0.02448	0.71162
966 A	0.26376	0.03222	0.70402
967 G	0.26369	0.04916	0.68715
968 G	0.26368	0.05589	0.68042
969 A	0.26367	0.06311	0.67322
970 G	0.26412	0.06781	0.66806
971 A	0.26479	0.07319	0.66202
972 T	0.26585	0.07938	0.65477
973 T	0.26626	0.08405	0.64969
974 T	0.26654	0.08660	0.64686
975 T	0.26656	0.08919	0.64425
976 A	0.26658	0.09227	0.64115
977 T	0.26679	0.09363	0.63959
978 T	0.26678	0.09528	0.63793
979 A	0.26670	0.09799	0.63531
980 A	0.26685	0.09896	0.6342
981 T	0.26711	0.09876	0.63412
982 G	0.26722	0.09858	0.63421
983 A	0.26792	0.09784	0.63425
984 T	0.27084	0.09474	0.63442
985 C	0.27240	0.09314	0.63446
986 C	0.27411	0.09218	0.6337
987 T	0.27751	0.09011	0.63238
988 A	0.27776	0.09032	0.63192
989 A	0.28329	0.08491	0.63179
990 T	0.29890	0.06938	0.63172
991 A	0.30481	0.06352	0.63167
992 C	0.31318	0.05495	0.63188
993 T	0.32076	0.04747	0.63177
994 A	0.32609	0.04213	0.63178
995 T	0.33332	0.03488	0.63181
996 T	0.33785	0.03031	0.63184
997 T	0.33941	0.02871	0.63188
998 C	0.33981	0.02802	0.63218
999 T	0.34124	0.02645	0.63232
1000 C	0.34042	0.02722	0.63236
1001 C	0.33441	0.03327	0.63233
1002 T	0.32742	0.04045	0.63213
1003 C	0.31549	0.05258	0.63192
1004 A	0.30509	0.06370	0.63121
1005 T	0.30146	0.06763	0.63092
1006 G	0.29494	0.07437	0.63069
1007 A	0.29201	0.07742	0.63057
1008 A	0.29043	0.07876	0.63081
1009 T	0.29003	0.07719	0.63279
1010 A	0.28677	0.07954	0.63369
1011 T	0.28443	0.08066	0.63491
1012 A	0.27838	0.08999	0.63163
1013 T	0.27507	0.09526	0.62967
1014 G	0.26688	0.10365	0.62947
1015 T	0.26412	0.10771	0.62817
1016 T	0.26010	0.11271	0.62719
1017 A	0.25077	0.12276	0.62647
1018 C	0.24507	0.12861	0.62632
1019 A	0.23814	0.13761	0.62425
1020 A	0.22461	0.15294	0.62245
1021 G	0.21455	0.16460	0.62084
1022 A	0.20940	0.17129	0.61931
1023 A	0.20687	0.17565	0.61748
1024 A	0.20545	0.16969	0.62485
1025 T	0.20259	0.16307	0.63434
1026 G	0.19977	0.15455	0.64568
1027 T	0.19939	0.15033	0.65028
1028 T	0.19732	0.15517	0.64751
1029 A	0.19335	0.16185	0.64479
1030 A	0.19087	0.16582	0.64331
1031 A	0.18959	0.16701	0.6434
1032 A	0.18649	0.16924	0.64427
1033 A	0.18399	0.16774	0.64827
1034 A	0.18317	0.16494	0.6519
1035 G	0.18640	0.15466	0.65895
1036 A	0.18909	0.14862	0.66228
1037 C	0.19079	0.13671	0.6725
1038 T	0.19267	0.13979	0.66754
1039 T	0.19321	0.14157	0.66523
1040 T	0.19308	0.14276	0.66416
1041 A	0.19138	0.14568	0.66293
1042 G	0.19176	0.14221	0.66603
1043 A	0.19291	0.12859	0.6785
1044 T	0.19512	0.11642	0.68845
1045 G	0.19670	0.10990	0.69339
1046 A	0.20009	0.10430	0.69561
1047 A	0.20436	0.09773	0.69791
1048 T	0.20905	0.08672	0.70423
1049 C	0.21179	0.07996	0.70825
1050 T	0.21639	0.07498	0.70863
1051 T	0.21873	0.07316	0.7081
1052 T	0.21813	0.07389	0.70799
1053 A	0.21055	0.08324	0.70621
1054 G	0.20296	0.09417	0.70288
1055 A	0.19612	0.10402	0.69986
1056 A	0.18968	0.11431	0.69601
1057 G	0.18549	0.12453	0.68998
1058 A	0.18373	0.13881	0.67747
1059 A	0.18750	0.14154	0.67095
1060 G	0.19232	0.14244	0.66524
1061 T	0.20350	0.14071	0.65578
1062 T	0.20773	0.15828	0.63399
1063 T	0.20920	0.15878	0.63202
1064 T	0.20571	0.16341	0.63088
1065 A	0.19556	0.17488	0.62957
1066 A	0.18954	0.18088	0.62958
1067 C	0.18450	0.18568	0.62982
1068 A	0.17944	0.19221	0.62835
1069 G	0.17465	0.19926	0.62609
1070 A	0.16852	0.20970	0.62178
1071 T	0.15940	0.22280	0.6178
1072 A	0.14563	0.23909	0.61528
1073 A	0.14003	0.24626	0.61372
1074 A	0.13935	0.24716	0.6135
1075 G	0.13994	0.24335	0.61671
1076 A	0.14200	0.23467	0.62333
1077 A	0.14609	0.22306	0.63085
1078 G	0.15255	0.20995	0.63749
1079 A	0.16011	0.19705	0.64285
1080 A	0.16940	0.18324	0.64735
1081 C	0.18326	0.16573	0.65101
1082 A	0.19167	0.15788	0.65045
1083 A	0.19957	0.15000	0.65043
1084 G	0.21110	0.13753	0.65137
1085 T	0.23423	0.11305	0.65272
1086 T	0.23719	0.10933	0.65347
1087 T	0.23887	0.10244	0.65869
1088 T	0.23903	0.09512	0.66586
1089 A	0.23779	0.09766	0.66455
1090 A	0.23696	0.10328	0.65976
1091 A	0.23728	0.10232	0.6604
1092 A	0.23856	0.09619	0.66525
1093 A	0.24211	0.08498	0.67292
1094 T	0.24640	0.06875	0.68485
1095 G	0.24814	0.05513	0.69673
1096 C	0.25007	0.05293	0.697
1097 G	0.25123	0.06180	0.68697
1098 T	0.25300	0.07310	0.6739
1099 T	0.25379	0.08112	0.66509
1100 A	0.25176	0.08433	0.66392
1101 T	0.25099	0.08515	0.66386
1102 G	0.24904	0.08698	0.66398
1103 G	0.24833	0.08754	0.66414
1104 C	0.24770	0.08821	0.66409
1105 C	0.24833	0.08766	0.66401
1106 T	0.24887	0.08729	0.66384
1107 T	0.24875	0.08757	0.66368
1108 A	0.24806	0.08843	0.66351
1109 C	0.24811	0.08848	0.66341
1110 A	0.24749	0.08932	0.6632
1111 G	0.24822	0.08795	0.66384
1112 A	0.25319	0.08206	0.66476
1113 T	0.26199	0.07212	0.66589
1114 G	0.26220	0.07124	0.66656
1115 G	0.26036	0.07168	0.66795
1116 A	0.25979	0.07157	0.66865
1117 C	0.26068	0.06995	0.66937
1118 A	0.26216	0.06878	0.66906
1119 T	0.27059	0.06033	0.66907
1120 A	0.28069	0.05132	0.66799
1121 T	0.29318	0.03929	0.66753
1122 T	0.29747	0.03613	0.66641
1123 T	0.29674	0.03496	0.6683
1124 A	0.29528	0.03560	0.66912
1125 T	0.29423	0.03464	0.67113
1126 A	0.29155	0.03712	0.67133
1127 C	0.28800	0.04017	0.67183
1128 T	0.28527	0.04402	0.67072
1129 T	0.28087	0.04994	0.66919
1130 T	0.27354	0.05839	0.66807
1131 A	0.24901	0.08416	0.66682
1132 G	0.22153	0.11299	0.66548
1133 A	0.21382	0.12112	0.66507
1134 A	0.21202	0.12386	0.66413
1135 G	0.21172	0.12325	0.66503
1136 A	0.21159	0.12341	0.66501
1137 A	0.21160	0.12196	0.66644
1138 T	0.21186	0.11938	0.66877
1139 T	0.21184	0.11830	0.66986
1140 A	0.21162	0.11837	0.67001
1141 G	0.21187	0.11846	0.66967
1142 G	0.21242	0.11826	0.66932
1143 T	0.21369	0.11753	0.66878
1144 A	0.21403	0.11911	0.66686
1145 A	0.21432	0.12003	0.66565
1146 T	0.21333	0.12152	0.66515
1147 A	0.21180	0.12791	0.66028
1148 A	0.21100	0.13174	0.65725
1149 A	0.21152	0.13235	0.65613
1150 T	0.21314	0.12408	0.66278
1151 T	0.21415	0.11557	0.67027
1152 T	0.21448	0.10926	0.67626
1153 A	0.21335	0.10506	0.68159
1154 A	0.21383	0.08614	0.70003
1155 C	0.21492	0.06012	0.72496
1156 G	0.21675	0.05299	0.73026
1157 T	0.21973	0.04894	0.73133
1158 T	0.22097	0.04743	0.7316
1159 A	0.22129	0.04700	0.73172
1160 C	0.22051	0.04752	0.73197
1161 T	0.21967	0.04810	0.73223
1162 C	0.21599	0.05190	0.73211
1163 G	0.21234	0.06297	0.72469
1164 T	0.21119	0.08655	0.70226
1165 G	0.20878	0.10293	0.68829
1166 A	0.20753	0.11251	0.67997
1167 A	0.20701	0.11912	0.67387
1168 A	0.20768	0.12593	0.66638
1169 G	0.20841	0.12970	0.66189
1170 A	0.21190	0.12569	0.66241
1171 A	0.21540	0.12302	0.66158
1172 T	0.22078	0.11763	0.6616
1173 T	0.22167	0.11601	0.66231
1174 C	0.22050	0.11614	0.66337
1175 G	0.21888	0.11731	0.66381
1176 T	0.21050	0.12533	0.66417
1177 C	0.20453	0.13275	0.66272
1178 A	0.19548	0.15018	0.65435
1179 A	0.19157	0.16080	0.64763
1180 A	0.18871	0.16884	0.64245
1181 T	0.18697	0.17215	0.64087
1182 A	0.18424	0.17615	0.63961
1183 G	0.18349	0.17499	0.64152
1184 A	0.18310	0.17378	0.64312
1185 A	0.18342	0.16893	0.64765
1186 G	0.19168	0.15646	0.65186
1187 C	0.21612	0.12975	0.65413
1188 T	0.23078	0.11721	0.65201
1189 A	0.23555	0.11268	0.65178
1190 A	0.23888	0.10843	0.65269
1191 A	0.24415	0.10244	0.65341
1192 G	0.24861	0.09691	0.65447
1193 C	0.25032	0.09111	0.65857
1194 T	0.25442	0.08608	0.65951
1195 T	0.25621	0.08454	0.65924
1196 T	0.25652	0.08434	0.65914
1197 A	0.25549	0.08462	0.65989
1198 A	0.25411	0.08454	0.66135
1199 G	0.25367	0.07373	0.67261
1200 A	0.25539	0.06627	0.67834
1201 C	0.26373	0.04861	0.68766
1202 G	0.27055	0.04084	0.68861
1203 T	0.27550	0.03708	0.68742
1204 T	0.27488	0.04572	0.6794
1205 T	0.26623	0.06001	0.67376
1206 A	0.23321	0.10217	0.66462
1207 A	0.20222	0.14346	0.65433
1208 G	0.18605	0.17347	0.64047
1209 A	0.17676	0.18405	0.63918
1210 A	0.17305	0.18739	0.63956
1211 G	0.17389	0.18559	0.64052
1212 T	0.17404	0.18440	0.64157
1213 C	0.17177	0.18605	0.64218
1214 C	0.16930	0.18886	0.64184
1215 T	0.16668	0.19453	0.63879
1216 T	0.16488	0.19902	0.6361
1217 C	0.16003	0.20816	0.63182
1218 T	0.15767	0.21177	0.63057
1219 A	0.15294	0.21758	0.62948
1220 A	0.14930	0.22152	0.62918
1221 A	0.14411	0.22613	0.62976
1222 C	0.13967	0.23017	0.63015
1223 A	0.13794	0.23203	0.63004
1224 A	0.13684	0.23376	0.62939
1225 A	0.13748	0.23420	0.62832
1226 A	0.14118	0.23039	0.62842
1227 T	0.15032	0.21936	0.63033
1228 A	0.15383	0.20650	0.63966
1229 A	0.16055	0.16828	0.67117
1230 A	0.16970	0.13130	0.699
1231 T	0.18276	0.10336	0.71387
1232 T	0.18260	0.09851	0.71889
1233 A	0.17723	0.11240	0.71037
1234 A	0.17483	0.11293	0.71224
1235 G	0.17323	0.11289	0.71388
1236 A	0.17243	0.11128	0.71628
1237 A	0.16985	0.10960	0.72055
1238 C	0.17012	0.10454	0.72534
1239 A	0.16923	0.11408	0.71669
1240 T	0.16994	0.12235	0.7077
1241 T	0.16083	0.14966	0.68952
1242 A	0.14254	0.18322	0.67424
1243 T	0.13275	0.21639	0.65086
1244 A	0.12957	0.22380	0.64663
1245 T	0.12785	0.22460	0.64755
1246 A	0.12312	0.23087	0.64601
1247 A	0.12341	0.22950	0.64709
1248 T	0.12505	0.22605	0.6489
1249 A	0.12602	0.22388	0.65009
1250 A	0.12711	0.22178	0.6511
1251 T	0.13032	0.21654	0.65315
1252 A	0.13187	0.21371	0.65443
1253 T	0.13429	0.20868	0.65702
1254 C	0.13562	0.20555	0.65883
1255 A	0.13954	0.20066	0.6598
1256 T	0.14881	0.18842	0.66277
1257 T	0.15001	0.18590	0.66409
1258 A	0.15040	0.18448	0.66512
1259 A	0.15124	0.18278	0.66598
1260 A	0.15256	0.17702	0.67042
1261 A	0.15521	0.16986	0.67493
1262 A	0.16798	0.15104	0.68098
1263 A	0.18680	0.12500	0.6882
1264 T	0.21638	0.07949	0.70414
1265 G	0.23464	0.04060	0.72476
1266 A	0.26178	0.00000	0.73821
