# lcl|CP097583.1_cds_USQ93325.1_1
# AA	inside	membr	outside
1 A	0.66093	0.00000	0.33907
2 T	0.65761	0.00332	0.33907
3 G	0.65438	0.00655	0.33907
4 A	0.65438	0.11305	0.23258
5 A	0.62834	0.19854	0.17313
6 A	0.62833	0.21155	0.16012
7 A	0.58761	0.25583	0.15656
8 T	0.58761	0.25592	0.15647
9 A	0.58018	0.26394	0.15588
10 A	0.58017	0.31158	0.10825
11 A	0.57866	0.31455	0.10679
12 T	0.51350	0.38048	0.10603
13 C	0.26193	0.63912	0.09895
14 A	0.26186	0.63920	0.09895
15 A	0.26186	0.65939	0.07875
16 A	0.25807	0.66318	0.07875
17 A	0.25247	0.66894	0.0786
18 T	0.25228	0.66945	0.07828
19 C	0.24062	0.68153	0.07786
20 A	0.17158	0.79157	0.03685
21 A	0.05191	0.91152	0.03657
22 A	0.04968	0.91781	0.03251
23 T	0.05140	0.91803	0.03057
24 A	0.05385	0.91857	0.02758
25 A	0.05904	0.90752	0.03344
26 A	0.06492	0.89691	0.03817
27 T	0.15292	0.79922	0.04787
28 A	0.18668	0.74616	0.06716
29 C	0.19731	0.73143	0.07125
30 A	0.20033	0.71470	0.08498
31 A	0.19656	0.72310	0.08035
32 A	0.19511	0.72489	0.07999
33 T	0.22954	0.68906	0.0814
34 A	0.22778	0.69213	0.08009
35 A	0.22956	0.62346	0.14698
36 A	0.23765	0.40325	0.3591
37 T	0.24248	0.38909	0.36843
38 T	0.25344	0.37655	0.37001
39 A	0.23150	0.43543	0.33308
40 A	0.23029	0.44586	0.32385
41 A	0.23080	0.44161	0.32759
42 A	0.23293	0.42405	0.34302
43 A	0.26985	0.32143	0.40872
44 T	0.27499	0.20448	0.52052
45 T	0.28040	0.19898	0.52061
46 T	0.28270	0.19829	0.51901
47 T	0.28392	0.21261	0.50347
48 T	0.28360	0.25117	0.46523
49 A	0.28306	0.28403	0.43291
50 T	0.28364	0.32060	0.39576
51 T	0.28335	0.32869	0.38797
52 A	0.28190	0.34781	0.37029
53 T	0.28440	0.36111	0.35449
54 A	0.28764	0.36263	0.34973
55 T	0.29227	0.36133	0.3464
56 T	0.29393	0.35667	0.34939
57 T	0.29585	0.35663	0.34752
58 A	0.29593	0.36387	0.34019
59 T	0.30012	0.35850	0.34138
60 A	0.30235	0.35788	0.33977
61 A	0.30821	0.34910	0.34269
62 T	0.34939	0.29488	0.35572
63 T	0.36169	0.29832	0.33999
64 T	0.36163	0.29891	0.33946
65 T	0.35541	0.30787	0.33671
66 A	0.34036	0.33246	0.32718
67 A	0.33850	0.34048	0.32102
68 C	0.34497	0.33885	0.31619
69 A	0.35256	0.35234	0.2951
70 A	0.38193	0.33469	0.28338
71 T	0.43356	0.29208	0.27437
72 T	0.46787	0.26267	0.26946
73 A	0.49059	0.24505	0.26436
74 T	0.50398	0.23244	0.26358
75 A	0.51664	0.22249	0.26087
76 T	0.53246	0.20498	0.26257
77 T	0.54015	0.19498	0.26488
78 T	0.54035	0.19351	0.26613
79 T	0.52793	0.20531	0.26675
80 C	0.50851	0.22428	0.2672
81 A	0.48160	0.25212	0.26628
82 G	0.46775	0.26617	0.26608
83 T	0.46286	0.27113	0.266
84 A	0.44968	0.28457	0.26576
85 A	0.44783	0.28606	0.26611
86 T	0.46245	0.26566	0.27189
87 A	0.45864	0.26571	0.27565
88 G	0.45843	0.25724	0.28432
89 C	0.46734	0.23489	0.29777
90 A	0.47409	0.22577	0.30014
91 G	0.48114	0.21491	0.30395
92 T	0.50461	0.18946	0.30593
93 T	0.51563	0.17795	0.30642
94 T	0.52139	0.17191	0.3067
95 C	0.52184	0.16900	0.30916
96 T	0.52282	0.16641	0.31076
97 A	0.52089	0.16855	0.31056
98 T	0.52346	0.16584	0.3107
99 T	0.52301	0.16635	0.31064
100 T	0.52069	0.17093	0.30838
101 A	0.51605	0.17018	0.31377
102 T	0.51363	0.16043	0.32593
103 T	0.50561	0.16201	0.33238
104 T	0.48978	0.16623	0.34399
105 T	0.45098	0.22436	0.32466
106 A	0.38709	0.31374	0.29918
107 A	0.36102	0.34345	0.29553
108 T	0.33512	0.37414	0.29074
109 G	0.27324	0.44751	0.27925
110 A	0.21842	0.52569	0.2559
111 A	0.18662	0.57141	0.24197
112 A	0.16578	0.59990	0.23432
113 A	0.15155	0.62075	0.22771
114 A	0.14455	0.63305	0.2224
115 A	0.13948	0.64365	0.21686
116 G	0.13636	0.65558	0.20806
117 G	0.13412	0.67913	0.18675
118 A	0.13186	0.72433	0.14381
119 A	0.13112	0.73908	0.1298
120 A	0.13048	0.75043	0.1191
121 G	0.13017	0.76740	0.10243
122 A	0.13066	0.78008	0.08926
123 A	0.13417	0.77979	0.08603
124 G	0.14225	0.76886	0.08889
125 A	0.15352	0.75609	0.09039
126 A	0.17384	0.72585	0.10031
127 A	0.19329	0.68712	0.1196
128 T	0.22767	0.60813	0.16419
129 T	0.25220	0.52919	0.21861
130 A	0.26052	0.50448	0.23499
131 A	0.26855	0.47640	0.25505
132 A	0.27969	0.41443	0.30588
133 T	0.30108	0.34115	0.35777
134 T	0.31095	0.30349	0.38557
135 A	0.31180	0.29046	0.39773
136 G	0.31598	0.28102	0.403
137 A	0.32203	0.28925	0.38872
138 A	0.33005	0.30101	0.36895
139 A	0.33972	0.29470	0.36558
140 A	0.36423	0.27351	0.36226
141 T	0.41354	0.22954	0.35692
142 A	0.42678	0.23045	0.34277
143 A	0.44144	0.22420	0.33436
144 T	0.46576	0.19804	0.33619
145 T	0.48050	0.18165	0.33786
146 T	0.48548	0.17564	0.33888
147 T	0.48663	0.17417	0.3392
148 C	0.48707	0.17356	0.33937
149 C	0.48712	0.17377	0.33912
150 T	0.48945	0.17287	0.33768
151 A	0.48968	0.17610	0.33422
152 T	0.49388	0.17213	0.33399
153 T	0.49429	0.17211	0.3336
154 T	0.49359	0.17309	0.33332
155 T	0.49026	0.17396	0.33579
156 C	0.47594	0.18684	0.33721
157 A	0.46856	0.19639	0.33505
158 A	0.46690	0.19550	0.3376
159 G	0.46754	0.19325	0.33921
160 G	0.48216	0.18034	0.33749
161 T	0.50709	0.15695	0.33596
162 A	0.51344	0.14618	0.34038
163 G	0.51949	0.13662	0.34389
164 A	0.52711	0.12907	0.34383
165 A	0.54119	0.11368	0.34513
166 C	0.55129	0.10135	0.34736
167 T	0.55305	0.09971	0.34725
168 T	0.55298	0.10050	0.34652
169 T	0.55055	0.10527	0.34418
170 C	0.54441	0.11494	0.34064
171 A	0.54038	0.13350	0.32612
172 G	0.53578	0.15192	0.3123
173 G	0.53550	0.16026	0.30425
174 T	0.53850	0.16814	0.29336
175 G	0.53814	0.17960	0.28227
176 G	0.53784	0.18167	0.2805
177 T	0.53807	0.19670	0.26524
178 A	0.53707	0.20932	0.25361
179 A	0.53463	0.21973	0.24565
180 T	0.53728	0.21342	0.2493
181 A	0.53751	0.21774	0.24474
182 A	0.53818	0.22098	0.24083
183 T	0.54089	0.22733	0.23177
184 C	0.54133	0.23427	0.22439
185 A	0.54007	0.25792	0.20202
186 A	0.53678	0.27381	0.1894
187 A	0.53687	0.28079	0.18233
188 A	0.53693	0.28759	0.17549
189 T	0.53746	0.28816	0.17438
190 A	0.53726	0.28851	0.17424
191 A	0.53974	0.28489	0.17536
192 A	0.54390	0.27671	0.17939
193 C	0.55128	0.26242	0.1863
194 A	0.56747	0.24374	0.18879
195 T	0.59188	0.21597	0.19214
196 C	0.60316	0.20443	0.19241
197 T	0.61990	0.18948	0.19063
198 T	0.62875	0.18054	0.19072
199 A	0.63255	0.17575	0.1917
200 T	0.64135	0.16599	0.19266
201 A	0.64181	0.16424	0.19394
202 C	0.65297	0.14879	0.19824
203 C	0.65560	0.14483	0.19958
204 G	0.66362	0.13715	0.19923
205 G	0.67646	0.12435	0.19919
206 T	0.69785	0.10307	0.19908
207 T	0.70334	0.09859	0.19807
208 T	0.71061	0.09119	0.1982
209 C	0.70495	0.09393	0.20113
210 A	0.69881	0.09986	0.20133
211 A	0.69581	0.10159	0.2026
212 T	0.69080	0.10557	0.20364
213 T	0.68293	0.11197	0.2051
214 C	0.64969	0.14508	0.20522
215 C	0.63269	0.16217	0.20514
216 T	0.62103	0.17660	0.20237
217 A	0.59817	0.20345	0.19837
218 A	0.58883	0.21789	0.19328
219 T	0.58698	0.22211	0.19091
220 T	0.58150	0.23585	0.18265
221 T	0.57493	0.24658	0.17848
222 A	0.56464	0.25972	0.17565
223 A	0.55939	0.26634	0.17427
224 A	0.54827	0.27229	0.17944
225 T	0.53469	0.28301	0.1823
226 A	0.51007	0.30713	0.18281
227 A	0.49853	0.31802	0.18345
228 A	0.48485	0.33262	0.18252
229 G	0.47352	0.34294	0.18355
230 A	0.46832	0.34555	0.18613
231 T	0.46490	0.34292	0.19218
232 A	0.45941	0.34178	0.19882
233 A	0.45624	0.33684	0.20692
234 A	0.45451	0.32971	0.21577
235 T	0.45302	0.32171	0.22527
236 A	0.44653	0.32378	0.2297
237 T	0.44593	0.29126	0.2628
238 G	0.44130	0.28414	0.27456
239 A	0.44120	0.27605	0.28275
240 G	0.44336	0.25545	0.30119
241 C	0.44855	0.24639	0.30506
242 A	0.45035	0.25371	0.29594
243 T	0.46072	0.25905	0.28023
244 T	0.46435	0.27388	0.26177
245 T	0.46448	0.28332	0.25219
246 A	0.45736	0.31833	0.22431
247 A	0.45269	0.32182	0.22549
248 T	0.45282	0.30953	0.23764
249 A	0.44869	0.29905	0.25226
250 A	0.45018	0.28835	0.26146
251 A	0.45418	0.27271	0.27311
252 T	0.45942	0.25660	0.28398
253 A	0.46006	0.25322	0.28673
254 T	0.46203	0.24644	0.29153
255 T	0.46219	0.24010	0.29772
256 G	0.46127	0.23671	0.30202
257 A	0.46162	0.23474	0.30364
258 A	0.46485	0.22872	0.30643
259 C	0.47075	0.21536	0.31389
260 A	0.47302	0.21451	0.31246
261 T	0.47897	0.20833	0.31269
262 A	0.48256	0.20936	0.30808
263 G	0.48824	0.20515	0.30661
264 T	0.49892	0.19729	0.30379
265 G	0.51078	0.18485	0.30437
266 T	0.54236	0.15430	0.30335
267 T	0.56805	0.12964	0.30231
268 A	0.57816	0.12744	0.29439
269 T	0.59768	0.11109	0.29123
270 T	0.60061	0.12776	0.27162
271 T	0.59594	0.14576	0.2583
272 T	0.59121	0.15811	0.25069
273 A	0.58444	0.18379	0.23177
274 A	0.58061	0.18882	0.23057
275 A	0.57438	0.19560	0.23002
276 T	0.57448	0.19251	0.23302
277 T	0.56630	0.20015	0.23355
278 C	0.50109	0.26717	0.23173
279 G	0.47841	0.29914	0.22244
280 C	0.46953	0.31916	0.21131
281 A	0.46281	0.34767	0.18951
282 A	0.46096	0.35834	0.18071
283 A	0.46296	0.36178	0.17526
284 A	0.46669	0.36063	0.17268
285 T	0.47059	0.35750	0.1719
286 A	0.46682	0.36163	0.17155
287 T	0.46713	0.36102	0.17185
288 A	0.46266	0.36530	0.17204
289 G	0.46328	0.36426	0.17246
290 A	0.46665	0.36028	0.17307
291 A	0.47703	0.34766	0.17531
292 A	0.49149	0.33065	0.17786
293 T	0.52125	0.29430	0.18445
294 T	0.52886	0.27997	0.19117
295 C	0.52554	0.27613	0.19833
296 A	0.52643	0.27202	0.20154
297 A	0.52156	0.27288	0.20556
298 G	0.51954	0.26487	0.21558
299 A	0.51915	0.25969	0.22116
300 G	0.52499	0.24290	0.2321
301 C	0.53830	0.15921	0.30249
302 C	0.55122	0.12801	0.32078
303 T	0.56513	0.10920	0.32567
304 T	0.57812	0.09664	0.32524
305 T	0.58070	0.09601	0.32329
306 G	0.58059	0.09791	0.3215
307 T	0.58114	0.09752	0.32135
308 T	0.58050	0.09392	0.32558
309 T	0.57877	0.09205	0.32918
310 T	0.57304	0.11644	0.31051
311 T	0.55509	0.13952	0.3054
312 A	0.48548	0.23245	0.28208
313 A	0.47016	0.26696	0.26288
314 A	0.46673	0.27816	0.25511
315 A	0.46479	0.29241	0.2428
316 A	0.46440	0.29391	0.24169
317 T	0.46457	0.29088	0.24454
318 T	0.46412	0.28964	0.24625
319 G	0.46430	0.29698	0.23873
320 A	0.46359	0.31584	0.22057
321 A	0.46305	0.32451	0.21243
322 A	0.46300	0.33141	0.20559
323 T	0.46364	0.33438	0.20198
324 A	0.46437	0.33581	0.19982
325 T	0.46601	0.33270	0.20128
326 A	0.46722	0.33256	0.20022
327 T	0.47131	0.32772	0.20097
328 T	0.47445	0.32531	0.20025
329 T	0.47713	0.32323	0.19964
330 A	0.47785	0.33019	0.19196
331 G	0.47920	0.32799	0.19281
332 A	0.48169	0.32553	0.19277
333 T	0.50360	0.29678	0.19962
334 A	0.51051	0.27242	0.21707
335 C	0.53554	0.18150	0.28296
336 T	0.55432	0.15483	0.29084
337 C	0.56035	0.15499	0.28466
338 A	0.56810	0.19413	0.23777
339 A	0.56457	0.26258	0.17286
340 G	0.56392	0.27299	0.16309
341 A	0.54976	0.29104	0.15921
342 T	0.55516	0.28798	0.15687
343 A	0.55365	0.29441	0.15194
344 C	0.54905	0.29923	0.15172
345 C	0.54715	0.30100	0.15185
346 T	0.54357	0.30509	0.15134
347 T	0.52738	0.32195	0.15066
348 C	0.49902	0.35123	0.14975
349 C	0.46632	0.38918	0.14451
350 A	0.45171	0.40942	0.13887
351 A	0.44502	0.41658	0.13841
352 A	0.44069	0.42099	0.13832
353 A	0.44396	0.41755	0.13849
354 T	0.44524	0.41501	0.13974
355 C	0.44307	0.41408	0.14285
356 C	0.43955	0.41693	0.14351
357 A	0.43684	0.42043	0.14272
358 C	0.43638	0.42157	0.14206
359 A	0.43085	0.42938	0.13977
360 A	0.43626	0.42523	0.1385
361 A	0.47248	0.38855	0.13896
362 A	0.52919	0.32405	0.14676
363 A	0.54210	0.30640	0.1515
364 T	0.55510	0.26575	0.17915
365 A	0.56019	0.24453	0.19528
366 T	0.56744	0.20920	0.22336
367 T	0.56915	0.18465	0.2462
368 T	0.56994	0.17005	0.26001
369 T	0.57028	0.16148	0.26824
370 G	0.56979	0.15092	0.2793
371 A	0.56999	0.13720	0.2928
372 T	0.57206	0.10699	0.32096
373 T	0.56601	0.10360	0.3304
374 A	0.55059	0.11413	0.33528
375 T	0.54364	0.11521	0.34115
376 C	0.53067	0.12467	0.34466
377 A	0.51709	0.14718	0.33573
378 A	0.51047	0.16656	0.32297
379 A	0.50714	0.18048	0.31239
380 T	0.50491	0.19796	0.29713
381 T	0.49486	0.23837	0.26677
382 A	0.47213	0.25998	0.2679
383 T	0.45775	0.27941	0.26284
384 T	0.43540	0.31610	0.2485
385 A	0.39457	0.36387	0.24155
386 C	0.36884	0.39138	0.23978
387 A	0.33936	0.43102	0.22963
388 A	0.28613	0.49268	0.22119
389 C	0.23068	0.55656	0.21276
390 G	0.16790	0.64713	0.18497
391 A	0.13350	0.71242	0.15408
392 A	0.12562	0.72977	0.14461
393 A	0.12001	0.73906	0.14092
394 G	0.11704	0.74390	0.13907
395 A	0.11526	0.74400	0.14073
396 T	0.11600	0.73331	0.15069
397 A	0.11368	0.72458	0.16174
398 A	0.11239	0.72010	0.16751
399 A	0.11358	0.70861	0.17781
400 G	0.12011	0.68919	0.19069
401 A	0.13030	0.67349	0.1962
402 A	0.14188	0.65623	0.2019
403 G	0.15831	0.63423	0.20747
404 A	0.18649	0.59778	0.21573
405 A	0.19549	0.56915	0.23535
406 G	0.20485	0.54180	0.25335
407 A	0.22172	0.50404	0.27423
408 T	0.23314	0.46080	0.30606
409 A	0.23509	0.44672	0.31819
410 A	0.24521	0.42048	0.3343
411 A	0.25898	0.35771	0.38331
412 A	0.27474	0.28825	0.43701
413 T	0.30835	0.19703	0.49462
414 T	0.33743	0.14894	0.51364
415 T	0.34424	0.13827	0.51749
416 A	0.34624	0.13722	0.51655
417 T	0.34787	0.13175	0.52038
418 T	0.34786	0.12876	0.52338
419 C	0.33387	0.14119	0.52494
420 T	0.32449	0.15168	0.52383
421 T	0.31881	0.15927	0.52193
422 C	0.30034	0.18451	0.51514
423 T	0.28617	0.21590	0.49793
424 G	0.26519	0.26165	0.47317
425 A	0.25716	0.35368	0.38916
426 G	0.24905	0.44267	0.30827
427 A	0.24771	0.50417	0.24812
428 A	0.24955	0.53277	0.21768
429 T	0.25266	0.53209	0.21525
430 A	0.24986	0.53532	0.21483
431 A	0.25222	0.53281	0.21497
432 A	0.26050	0.52189	0.21761
433 C	0.26906	0.51095	0.21999
434 C	0.27742	0.50242	0.22016
435 A	0.28659	0.49369	0.21971
436 C	0.29440	0.48651	0.21909
437 A	0.30793	0.47479	0.21728
438 G	0.31334	0.47176	0.2149
439 T	0.32502	0.46042	0.21456
440 A	0.32927	0.45617	0.21456
441 T	0.32936	0.45444	0.2162
442 T	0.33093	0.42206	0.24702
443 C	0.32375	0.40510	0.27115
444 A	0.32199	0.40082	0.27718
445 G	0.32890	0.38984	0.28125
446 C	0.34369	0.39797	0.25835
447 A	0.36235	0.39635	0.2413
448 A	0.44997	0.31666	0.23336
449 T	0.53141	0.23254	0.23605
450 G	0.56324	0.19960	0.23717
451 C	0.57740	0.18452	0.23809
452 A	0.57612	0.18507	0.23881
453 T	0.56917	0.18685	0.24398
454 C	0.53391	0.22251	0.24358
455 C	0.51109	0.25192	0.23699
456 G	0.49288	0.30075	0.20637
457 A	0.46055	0.35897	0.18048
458 A	0.44456	0.38711	0.16834
459 T	0.42280	0.41688	0.16032
460 G	0.34035	0.50073	0.15892
461 A	0.32171	0.51998	0.15831
462 A	0.31514	0.52557	0.15929
463 A	0.31350	0.52355	0.16295
464 C	0.31375	0.51555	0.1707
465 A	0.31355	0.51492	0.17154
466 C	0.31333	0.50713	0.17954
467 A	0.31392	0.50593	0.18015
468 A	0.31239	0.50685	0.18077
469 A	0.33791	0.47987	0.18221
470 C	0.36039	0.45061	0.189
471 T	0.36986	0.43897	0.19117
472 A	0.37093	0.43142	0.19766
473 T	0.37039	0.41971	0.2099
474 C	0.36728	0.41251	0.22021
475 A	0.36671	0.41778	0.2155
476 A	0.36356	0.41766	0.21878
477 A	0.36749	0.39472	0.23779
478 A	0.37333	0.39306	0.23361
479 T	0.38546	0.37507	0.23947
480 T	0.36167	0.38740	0.25094
481 A	0.24920	0.49626	0.25453
482 A	0.21835	0.50804	0.27361
483 C	0.18718	0.47074	0.34207
484 A	0.16480	0.51354	0.32166
485 C	0.14635	0.53869	0.31496
486 T	0.13148	0.61964	0.24888
487 A	0.11967	0.68583	0.19449
488 A	0.11553	0.70359	0.18088
489 A	0.11343	0.70615	0.18042
490 A	0.11266	0.70565	0.18169
491 T	0.11272	0.69381	0.19347
492 T	0.11277	0.68771	0.19952
493 C	0.11205	0.68376	0.20419
494 A	0.11131	0.68454	0.20416
495 A	0.11124	0.68406	0.2047
496 C	0.11140	0.68267	0.20593
497 A	0.11192	0.68689	0.20119
498 A	0.11689	0.68249	0.20063
499 A	0.12159	0.67435	0.20406
500 A	0.13516	0.65829	0.20656
501 A	0.16204	0.62615	0.21181
502 G	0.17770	0.57422	0.24809
503 A	0.20961	0.49088	0.29952
504 T	0.24648	0.33518	0.41834
505 A	0.26485	0.29988	0.43527
506 T	0.30158	0.25244	0.44597
507 T	0.33894	0.26639	0.39467
508 A	0.34746	0.30765	0.34489
509 T	0.38412	0.28364	0.33223
510 T	0.40892	0.27198	0.3191
511 T	0.40913	0.29120	0.29967
512 T	0.37573	0.34667	0.27761
513 A	0.29517	0.45829	0.24653
514 G	0.25205	0.50882	0.23913
515 A	0.19353	0.58261	0.22386
516 A	0.14014	0.65638	0.20348
517 A	0.11431	0.69117	0.19452
518 A	0.09923	0.71221	0.18856
519 A	0.09451	0.71648	0.18901
520 A	0.09522	0.71484	0.18994
521 A	0.09452	0.71425	0.19124
522 T	0.09671	0.71050	0.19279
523 C	0.09520	0.71156	0.19324
524 C	0.09423	0.71262	0.19315
525 A	0.09427	0.71262	0.19311
526 A	0.09566	0.71127	0.19307
527 A	0.10031	0.70660	0.19309
528 A	0.12127	0.68557	0.19316
529 C	0.15577	0.65048	0.19374
530 T	0.25068	0.55369	0.19563
531 T	0.32335	0.47777	0.19888
532 T	0.35374	0.44362	0.20264
533 T	0.37041	0.42185	0.20774
534 T	0.38031	0.40647	0.21323
535 T	0.38790	0.35820	0.2539
536 T	0.39742	0.27061	0.33197
537 A	0.39868	0.22851	0.37281
538 A	0.41120	0.16501	0.4238
539 T	0.43165	0.09411	0.47424
540 T	0.43875	0.06296	0.49829
541 T	0.43584	0.05147	0.51269
542 A	0.41902	0.06501	0.51598
543 T	0.41677	0.06410	0.51914
544 G	0.41361	0.06904	0.51735
545 A	0.41247	0.07663	0.5109
546 T	0.41239	0.07760	0.51001
547 T	0.41140	0.08904	0.49956
548 A	0.40002	0.12346	0.47652
549 T	0.38988	0.16024	0.44988
550 G	0.36564	0.24411	0.39024
551 A	0.34881	0.30596	0.34523
552 A	0.33766	0.35313	0.30922
553 T	0.33605	0.37785	0.28611
554 T	0.33231	0.40794	0.25975
555 A	0.31831	0.45076	0.23093
556 G	0.31189	0.46488	0.22323
557 T	0.30948	0.47549	0.21504
558 A	0.28285	0.51609	0.20106
559 G	0.27446	0.53017	0.19537
560 A	0.27109	0.53726	0.19164
561 T	0.26971	0.53697	0.19333
562 A	0.26668	0.54124	0.19207
563 A	0.26581	0.54190	0.1923
564 A	0.26534	0.53842	0.19624
565 C	0.26644	0.52453	0.20904
566 A	0.26685	0.52615	0.20699
567 A	0.27108	0.52198	0.20694
568 G	0.27824	0.51851	0.20326
569 G	0.28369	0.51920	0.1971
570 A	0.29717	0.51105	0.19178
571 A	0.32223	0.47579	0.20198
572 A	0.35171	0.43671	0.21158
573 A	0.40945	0.35814	0.23241
574 A	0.45232	0.30038	0.24729
575 C	0.48723	0.25229	0.26049
576 A	0.50912	0.23515	0.25572
577 A	0.53434	0.20623	0.25943
578 T	0.56203	0.16613	0.27184
579 T	0.56894	0.15393	0.27714
580 A	0.57330	0.14733	0.27937
581 C	0.58311	0.10741	0.30948
582 T	0.58912	0.09329	0.31759
583 G	0.59166	0.08718	0.32116
584 G	0.59262	0.08523	0.32216
585 C	0.59563	0.08103	0.32335
586 G	0.59774	0.07906	0.32321
587 G	0.60144	0.07567	0.32289
588 T	0.60666	0.07237	0.32097
589 T	0.60947	0.07360	0.31694
590 C	0.61026	0.08056	0.30918
591 A	0.61310	0.08769	0.29921
592 A	0.61844	0.09352	0.28805
593 A	0.62353	0.09132	0.28515
594 T	0.62533	0.09032	0.28435
595 A	0.62520	0.10086	0.27395
596 T	0.62731	0.09703	0.27566
597 G	0.62006	0.10598	0.27396
598 G	0.61752	0.10776	0.27473
599 T	0.62103	0.10344	0.27552
600 T	0.61836	0.10624	0.27541
601 T	0.61298	0.11190	0.27512
602 C	0.60558	0.11926	0.27517
603 G	0.59630	0.13288	0.27082
604 A	0.58663	0.15238	0.26099
605 A	0.58054	0.16416	0.25529
606 T	0.57579	0.17516	0.24905
607 A	0.56301	0.19062	0.24637
608 A	0.55923	0.19394	0.24683
609 A	0.55772	0.19436	0.24792
610 A	0.55842	0.19233	0.24926
611 C	0.56292	0.18636	0.25072
612 C	0.57072	0.17765	0.25163
613 T	0.57991	0.16812	0.25197
614 C	0.58842	0.15943	0.25215
615 T	0.59872	0.14916	0.25212
616 A	0.60142	0.14643	0.25216
617 A	0.60384	0.14382	0.25234
618 T	0.61406	0.13197	0.25397
619 A	0.61689	0.12838	0.25473
620 T	0.62187	0.11238	0.26575
621 T	0.62319	0.10552	0.2713
622 G	0.62424	0.10081	0.27495
623 T	0.62690	0.09418	0.27892
624 T	0.62887	0.08748	0.28366
625 A	0.62993	0.08085	0.28921
626 A	0.63411	0.06849	0.29739
627 T	0.64358	0.04919	0.30723
628 A	0.64799	0.03842	0.31359
629 A	0.65394	0.02621	0.31985
630 C	0.65726	0.00933	0.33341
631 T	0.65817	0.00460	0.33724
632 A	0.65847	0.00228	0.33925
633 A	0.65888	0.00000	0.34112
