# lcl|CP097583.1_cds_USQ93501.1_1
# AA	inside	membr	outside
1 A	0.13537	0.00000	0.86463
2 T	0.13510	0.00027	0.86463
3 G	0.13488	0.00049	0.86463
4 G	0.13488	0.00372	0.86139
5 C	0.13257	0.01216	0.85527
6 T	0.13257	0.01416	0.85328
7 G	0.10672	0.04070	0.85259
8 A	0.10672	0.04072	0.85256
9 A	0.10396	0.04388	0.85216
10 A	0.10396	0.06289	0.83315
11 T	0.10367	0.06374	0.83259
12 A	0.09768	0.06995	0.83237
13 T	0.09348	0.07470	0.83182
14 T	0.09348	0.07471	0.83182
15 T	0.09348	0.08183	0.82469
16 T	0.09088	0.08443	0.82469
17 T	0.08673	0.08894	0.82433
18 A	0.08639	0.09108	0.82254
19 A	0.08035	0.09764	0.82201
20 A	0.06448	0.11485	0.82066
21 A	0.04872	0.13059	0.82068
22 G	0.04728	0.13209	0.82063
23 A	0.04587	0.13356	0.82058
24 C	0.04527	0.13421	0.82052
25 A	0.04543	0.13456	0.82001
26 A	0.04584	0.13403	0.82013
27 G	0.04905	0.12960	0.82136
28 T	0.05595	0.12105	0.82299
29 T	0.05787	0.11887	0.82326
30 A	0.05888	0.09726	0.84386
31 A	0.05916	0.09650	0.84434
32 A	0.06024	0.09209	0.84768
33 T	0.07601	0.07527	0.84872
34 T	0.07665	0.07495	0.8484
35 T	0.07717	0.06941	0.85342
36 A	0.07701	0.06641	0.85657
37 A	0.07688	0.06506	0.85807
38 A	0.07982	0.05996	0.86022
39 C	0.07817	0.05402	0.86781
40 G	0.07781	0.05007	0.87212
41 T	0.07955	0.04656	0.87389
42 A	0.07981	0.04371	0.87648
43 G	0.08072	0.03251	0.88677
44 G	0.08058	0.02398	0.89544
45 A	0.08085	0.02142	0.89773
46 A	0.08117	0.01910	0.89972
47 C	0.08181	0.01698	0.90121
48 T	0.08314	0.01633	0.90053
49 A	0.08317	0.01840	0.89843
50 T	0.08336	0.01905	0.89759
51 T	0.08321	0.01943	0.89736
52 G	0.08274	0.02115	0.89612
53 G	0.08259	0.02176	0.89565
54 T	0.08295	0.02209	0.89495
55 C	0.08295	0.02316	0.89389
56 A	0.08323	0.02491	0.89186
57 T	0.08416	0.02529	0.89055
58 G	0.08395	0.02681	0.88924
59 T	0.08387	0.02674	0.88939
60 A	0.08220	0.02824	0.88956
61 G	0.08187	0.02762	0.8905
62 A	0.08195	0.02582	0.89224
63 C	0.08204	0.02457	0.89339
64 C	0.08235	0.02407	0.89358
65 A	0.08310	0.02344	0.89346
66 T	0.08337	0.02331	0.89333
67 G	0.08367	0.02321	0.89312
68 G	0.08390	0.02348	0.89262
69 T	0.08435	0.02387	0.89179
70 A	0.08443	0.02405	0.89152
71 A	0.08505	0.02376	0.89119
72 A	0.08650	0.02240	0.89109
73 A	0.08750	0.02104	0.89146
74 C	0.08824	0.01979	0.89196
75 T	0.09028	0.01751	0.89221
76 A	0.09159	0.01640	0.892
77 C	0.09313	0.01486	0.89201
78 T	0.09469	0.01361	0.8917
79 T	0.09484	0.01353	0.89163
80 T	0.09416	0.01414	0.8917
81 A	0.09233	0.01580	0.89187
82 A	0.09152	0.01644	0.89204
83 C	0.09110	0.01499	0.89391
84 T	0.09075	0.01497	0.89427
85 T	0.09049	0.01509	0.89442
86 C	0.08961	0.01588	0.89451
87 T	0.08913	0.01635	0.89452
88 G	0.08816	0.01735	0.89449
89 C	0.08763	0.01791	0.89446
90 G	0.08689	0.01898	0.89414
91 A	0.08632	0.01963	0.89405
92 T	0.08665	0.01933	0.89402
93 A	0.08630	0.01970	0.894
94 A	0.08639	0.01970	0.89391
95 C	0.08628	0.01938	0.89434
96 T	0.08586	0.02000	0.89413
97 A	0.08491	0.02142	0.89366
98 A	0.08458	0.02191	0.8935
99 T	0.08485	0.02149	0.89366
100 T	0.08484	0.02156	0.8936
101 A	0.08477	0.02110	0.89413
102 T	0.08472	0.01994	0.89534
103 T	0.08452	0.01865	0.89683
104 T	0.08376	0.01743	0.8988
105 G	0.07638	0.02432	0.89931
106 T	0.07114	0.02975	0.8991
107 C	0.06019	0.04145	0.89836
108 A	0.05616	0.04597	0.89787
109 G	0.05288	0.04924	0.89789
110 A	0.05036	0.05257	0.89706
111 A	0.04850	0.05469	0.89681
112 C	0.04660	0.05730	0.8961
113 A	0.04218	0.06351	0.89431
114 A	0.04072	0.06493	0.89435
115 G	0.04002	0.06602	0.89396
116 G	0.03979	0.06681	0.8934
117 A	0.03990	0.06781	0.89229
118 T	0.04006	0.06710	0.89285
119 T	0.04003	0.06694	0.89303
120 A	0.03950	0.06739	0.89312
121 G	0.03800	0.06900	0.89301
122 C	0.03616	0.07218	0.89165
123 A	0.03386	0.08104	0.8851
124 A	0.03258	0.08488	0.88254
125 A	0.02875	0.09130	0.87995
126 A	0.02655	0.09361	0.87984
127 A	0.02394	0.09577	0.88029
128 A	0.02224	0.08862	0.88913
129 A	0.02136	0.08339	0.89525
130 C	0.02103	0.07290	0.90606
131 A	0.02019	0.07537	0.90443
132 A	0.02016	0.07579	0.90404
133 A	0.02122	0.07625	0.90253
134 A	0.02231	0.07383	0.90387
135 T	0.02409	0.07034	0.90557
136 T	0.02629	0.06309	0.91062
137 A	0.02673	0.06099	0.91228
138 C	0.02712	0.05918	0.9137
139 G	0.02751	0.05854	0.91395
140 A	0.02766	0.05823	0.91411
141 A	0.02649	0.05918	0.91433
142 C	0.02619	0.05912	0.91469
143 A	0.02612	0.05938	0.9145
144 A	0.02519	0.05919	0.91562
145 A	0.02530	0.05753	0.91717
146 T	0.02944	0.05136	0.91921
147 A	0.02814	0.05230	0.91956
148 G	0.02715	0.04944	0.92342
149 A	0.02467	0.05167	0.92366
150 T	0.02442	0.05085	0.92473
151 A	0.02336	0.05065	0.92599
152 A	0.02262	0.05003	0.92734
153 A	0.02346	0.04767	0.92886
154 T	0.02729	0.04196	0.93075
155 C	0.02867	0.03950	0.93183
156 T	0.03004	0.03788	0.93207
157 C	0.02800	0.03980	0.93219
158 C	0.02536	0.04252	0.93212
159 T	0.02309	0.04518	0.93173
160 G	0.01970	0.04907	0.93123
161 A	0.01850	0.05073	0.93076
162 A	0.01729	0.05330	0.92941
163 G	0.01709	0.05403	0.92887
164 A	0.01689	0.05337	0.92974
165 A	0.01546	0.05386	0.93067
166 A	0.01376	0.05426	0.93197
167 A	0.01328	0.05265	0.93407
168 A	0.01325	0.05015	0.9366
169 G	0.01362	0.04725	0.93913
170 A	0.01453	0.04315	0.94233
171 A	0.01559	0.03869	0.94572
172 C	0.01762	0.03303	0.94935
173 G	0.01916	0.03091	0.94994
174 T	0.01962	0.02969	0.95069
175 G	0.01983	0.02893	0.95124
176 G	0.01992	0.02875	0.95134
177 T	0.01998	0.02877	0.95124
178 A	0.02001	0.02775	0.95224
179 T	0.02022	0.02581	0.95398
180 T	0.02035	0.02274	0.95691
181 A	0.01984	0.02065	0.9595
182 C	0.01962	0.01833	0.96204
183 G	0.01961	0.01700	0.96338
184 A	0.01955	0.01702	0.96344
185 T	0.02082	0.01514	0.96404
186 T	0.02193	0.01404	0.96402
187 A	0.02254	0.01326	0.96421
188 A	0.02291	0.01114	0.96595
189 T	0.02323	0.00869	0.96808
190 T	0.02330	0.00767	0.96904
191 C	0.02247	0.00809	0.96944
192 T	0.02204	0.00860	0.96936
193 A	0.02166	0.00914	0.9692
194 C	0.02146	0.00930	0.96925
195 A	0.02086	0.00994	0.9692
196 T	0.02056	0.01027	0.96917
197 G	0.01943	0.01143	0.96914
198 C	0.01670	0.01428	0.96903
199 A	0.01469	0.01733	0.96798
200 T	0.01351	0.01917	0.96731
201 A	0.01260	0.02094	0.96646
202 G	0.01200	0.02301	0.965
203 A	0.01180	0.02439	0.96382
204 A	0.01181	0.02376	0.96444
205 T	0.01198	0.02304	0.96497
206 A	0.01161	0.02301	0.96538
207 T	0.01176	0.02233	0.96591
208 C	0.01149	0.02235	0.96615
209 A	0.01125	0.02254	0.96621
210 A	0.01105	0.02261	0.96634
211 A	0.01107	0.02244	0.9665
212 C	0.01113	0.02219	0.96668
213 A	0.01113	0.02211	0.96676
214 G	0.01117	0.02122	0.96761
215 C	0.01122	0.02071	0.96807
216 T	0.01129	0.02050	0.96821
217 A	0.01006	0.02174	0.96819
218 A	0.00941	0.02192	0.96868
219 A	0.00910	0.02177	0.96913
220 A	0.00902	0.02080	0.97018
221 G	0.00917	0.01713	0.97369
222 A	0.01028	0.01370	0.97602
223 C	0.01121	0.01109	0.9777
224 A	0.01218	0.00958	0.97825
225 T	0.01373	0.00759	0.97868
226 T	0.01466	0.00645	0.97889
227 A	0.01472	0.00625	0.97902
228 T	0.01477	0.00603	0.9792
229 T	0.01474	0.00494	0.98032
230 C	0.01464	0.00445	0.98091
231 T	0.01454	0.00427	0.98119
232 C	0.01447	0.00413	0.9814
233 A	0.01430	0.00425	0.98144
234 C	0.01416	0.00436	0.98148
235 A	0.01399	0.00462	0.98139
236 T	0.01393	0.00466	0.98141
237 A	0.01357	0.00502	0.98141
238 G	0.01340	0.00506	0.98154
239 A	0.01341	0.00496	0.98164
240 T	0.01347	0.00348	0.98304
241 T	0.01346	0.00278	0.98376
242 G	0.01333	0.00253	0.98413
243 T	0.01322	0.00246	0.98432
244 C	0.01289	0.00269	0.98442
245 C	0.01259	0.00298	0.98443
246 T	0.01241	0.00316	0.98443
247 G	0.01213	0.00345	0.98442
248 G	0.01208	0.00351	0.98441
249 A	0.01201	0.00361	0.98438
250 C	0.01198	0.00361	0.98442
251 A	0.01196	0.00358	0.98446
252 T	0.01195	0.00348	0.98457
253 G	0.01184	0.00346	0.98469
254 C	0.01184	0.00336	0.9848
255 T	0.01185	0.00333	0.98483
256 G	0.01185	0.00319	0.98497
257 A	0.01186	0.00308	0.98507
258 T	0.01194	0.00287	0.98519
259 T	0.01194	0.00286	0.98519
260 A	0.01192	0.00261	0.98547
261 T	0.01185	0.00261	0.98553
262 A	0.01178	0.00274	0.98548
263 T	0.01173	0.00275	0.98551
264 T	0.01157	0.00284	0.9856
265 A	0.01139	0.00294	0.98567
266 A	0.01130	0.00288	0.98582
267 G	0.01123	0.00264	0.98613
268 A	0.01119	0.00243	0.98638
269 A	0.01116	0.00229	0.98655
270 C	0.01106	0.00212	0.98681
271 A	0.01100	0.00215	0.98685
272 T	0.01091	0.00219	0.9869
273 G	0.01067	0.00239	0.98693
274 A	0.01052	0.00253	0.98696
275 T	0.01044	0.00259	0.98697
276 C	0.01027	0.00264	0.98709
277 G	0.01017	0.00273	0.98711
278 C	0.01005	0.00283	0.98711
279 A	0.00997	0.00295	0.98708
280 G	0.00994	0.00298	0.98709
281 G	0.00995	0.00296	0.98709
282 A	0.00998	0.00292	0.9871
283 G	0.01006	0.00279	0.98715
284 C	0.01021	0.00246	0.98733
285 T	0.01033	0.00223	0.98743
286 T	0.01033	0.00217	0.98751
287 C	0.01020	0.00217	0.98763
288 G	0.01007	0.00225	0.98768
289 C	0.00997	0.00232	0.98771
290 A	0.00984	0.00243	0.98773
291 A	0.00972	0.00252	0.98775
292 A	0.00965	0.00258	0.98778
293 T	0.00961	0.00249	0.9879
294 G	0.00949	0.00254	0.98797
295 G	0.00945	0.00238	0.98818
296 A	0.00943	0.00213	0.98844
297 T	0.00942	0.00191	0.98867
298 G	0.00941	0.00178	0.98882
299 C	0.00941	0.00160	0.98899
300 A	0.00940	0.00155	0.98905
301 G	0.00941	0.00146	0.98914
302 G	0.00943	0.00137	0.98921
303 T	0.00943	0.00133	0.98923
304 A	0.00943	0.00132	0.98925
305 T	0.00943	0.00123	0.98934
306 T	0.00942	0.00119	0.98939
307 T	0.00941	0.00115	0.98944
308 T	0.00939	0.00113	0.98947
309 A	0.00936	0.00114	0.98951
310 G	0.00934	0.00101	0.98965
311 T	0.00934	0.00088	0.98978
312 A	0.00933	0.00081	0.98986
313 G	0.00932	0.00068	0.99
314 T	0.00933	0.00056	0.99012
315 T	0.00933	0.00048	0.9902
316 T	0.00932	0.00043	0.99025
317 C	0.00932	0.00031	0.99036
318 T	0.00932	0.00029	0.99039
319 G	0.00931	0.00029	0.9904
320 C	0.00931	0.00029	0.9904
321 T	0.00929	0.00031	0.9904
322 G	0.00927	0.00035	0.99037
323 T	0.00924	0.00042	0.99034
324 A	0.00911	0.00067	0.99023
325 G	0.00900	0.00088	0.99013
326 A	0.00891	0.00112	0.98997
327 T	0.00873	0.00141	0.98985
328 G	0.00833	0.00208	0.98959
329 G	0.00806	0.00280	0.98914
330 A	0.00795	0.00353	0.98852
331 G	0.00788	0.00467	0.98745
332 T	0.00785	0.00550	0.98665
333 A	0.00773	0.00587	0.9864
334 A	0.00769	0.00592	0.98639
335 T	0.00763	0.00598	0.98639
336 G	0.00749	0.00611	0.9864
337 C	0.00740	0.00620	0.98641
338 C	0.00730	0.00629	0.98641
339 T	0.00725	0.00636	0.98639
340 C	0.00712	0.00649	0.98639
341 A	0.00702	0.00659	0.98639
342 A	0.00695	0.00666	0.98639
343 A	0.00693	0.00668	0.98639
344 C	0.00691	0.00668	0.98641
345 A	0.00689	0.00670	0.98642
346 A	0.00690	0.00665	0.98645
347 A	0.00696	0.00647	0.98657
348 A	0.00705	0.00629	0.98667
349 G	0.00720	0.00606	0.98675
350 A	0.00738	0.00565	0.98698
351 A	0.00770	0.00489	0.98741
352 C	0.00820	0.00409	0.98771
353 A	0.00878	0.00343	0.98779
354 T	0.00985	0.00231	0.98784
355 A	0.01049	0.00165	0.98785
356 T	0.01074	0.00134	0.98792
357 T	0.01074	0.00130	0.98796
358 T	0.01070	0.00122	0.98808
359 T	0.01063	0.00114	0.98824
360 A	0.01052	0.00114	0.98835
361 C	0.01049	0.00104	0.98847
362 T	0.01048	0.00101	0.98852
363 T	0.01043	0.00099	0.98858
364 G	0.01031	0.00109	0.98861
365 C	0.00996	0.00145	0.98859
366 T	0.00900	0.00242	0.98858
367 A	0.00798	0.00345	0.98857
368 A	0.00728	0.00414	0.98859
369 A	0.00685	0.00456	0.9886
370 C	0.00665	0.00472	0.98863
371 A	0.00635	0.00503	0.98862
372 A	0.00613	0.00527	0.98859
373 G	0.00601	0.00540	0.9886
374 T	0.00593	0.00549	0.98859
375 A	0.00581	0.00562	0.98857
376 G	0.00577	0.00563	0.98859
377 G	0.00577	0.00561	0.98861
378 A	0.00579	0.00556	0.98865
379 G	0.00582	0.00549	0.98868
380 T	0.00584	0.00541	0.98875
381 T	0.00585	0.00534	0.98881
382 C	0.00584	0.00526	0.9889
383 C	0.00584	0.00521	0.98896
384 T	0.00582	0.00521	0.98897
385 A	0.00579	0.00525	0.98896
386 A	0.00577	0.00526	0.98897
387 A	0.00578	0.00520	0.98902
388 T	0.00582	0.00481	0.98936
389 T	0.00582	0.00369	0.99049
390 A	0.00578	0.00275	0.99147
391 G	0.00577	0.00204	0.99218
392 T	0.00579	0.00162	0.99259
393 A	0.00578	0.00143	0.99279
394 G	0.00581	0.00110	0.99309
395 T	0.00589	0.00082	0.99329
396 T	0.00591	0.00069	0.9934
397 T	0.00592	0.00061	0.99347
398 T	0.00591	0.00056	0.99353
399 T	0.00588	0.00061	0.99352
400 T	0.00580	0.00075	0.99345
401 T	0.00564	0.00101	0.99335
402 A	0.00527	0.00167	0.99306
403 A	0.00499	0.00250	0.99251
404 A	0.00481	0.00291	0.99228
405 T	0.00464	0.00322	0.99214
406 A	0.00421	0.00379	0.992
407 A	0.00390	0.00417	0.99193
408 A	0.00376	0.00440	0.99183
409 T	0.00366	0.00466	0.99168
410 G	0.00354	0.00488	0.99158
411 T	0.00348	0.00507	0.99145
412 G	0.00341	0.00522	0.99136
413 A	0.00337	0.00530	0.99133
414 T	0.00335	0.00533	0.99132
415 T	0.00332	0.00537	0.99131
416 T	0.00327	0.00543	0.9913
417 A	0.00317	0.00554	0.99129
418 G	0.00309	0.00563	0.99129
419 T	0.00302	0.00571	0.99127
420 A	0.00291	0.00582	0.99127
421 G	0.00284	0.00585	0.99131
422 A	0.00283	0.00582	0.99135
423 A	0.00283	0.00573	0.99145
424 G	0.00290	0.00547	0.99162
425 A	0.00317	0.00491	0.99192
426 T	0.00369	0.00412	0.99218
427 A	0.00382	0.00385	0.99233
428 A	0.00393	0.00359	0.99247
429 A	0.00403	0.00314	0.99283
430 G	0.00409	0.00274	0.99317
431 A	0.00420	0.00249	0.99331
432 T	0.00448	0.00208	0.99343
433 A	0.00463	0.00184	0.99354
434 T	0.00480	0.00160	0.99361
435 T	0.00484	0.00149	0.99367
436 T	0.00478	0.00150	0.99372
437 T	0.00456	0.00169	0.99375
438 T	0.00413	0.00212	0.99376
439 G	0.00381	0.00245	0.99374
440 A	0.00351	0.00276	0.99373
441 A	0.00335	0.00293	0.99372
442 T	0.00327	0.00306	0.99366
443 T	0.00310	0.00330	0.9936
444 A	0.00260	0.00396	0.99343
445 A	0.00231	0.00430	0.9934
446 T	0.00214	0.00443	0.99343
447 A	0.00199	0.00456	0.99344
448 G	0.00195	0.00458	0.99347
449 A	0.00193	0.00460	0.99347
450 A	0.00191	0.00458	0.99352
451 T	0.00192	0.00453	0.99355
452 T	0.00190	0.00452	0.99358
453 A	0.00185	0.00455	0.9936
454 G	0.00185	0.00454	0.99361
455 A	0.00185	0.00453	0.99363
456 A	0.00185	0.00450	0.99365
457 A	0.00186	0.00443	0.99371
458 T	0.00191	0.00426	0.99384
459 T	0.00190	0.00413	0.99397
460 A	0.00184	0.00399	0.99418
461 G	0.00183	0.00360	0.99457
462 A	0.00186	0.00330	0.99484
463 G	0.00194	0.00290	0.99516
464 A	0.00204	0.00261	0.99535
465 T	0.00222	0.00226	0.99552
466 A	0.00238	0.00191	0.99571
467 T	0.00261	0.00125	0.99614
468 T	0.00268	0.00094	0.99638
469 T	0.00270	0.00077	0.99653
470 T	0.00270	0.00066	0.99664
471 A	0.00270	0.00062	0.99668
472 A	0.00271	0.00057	0.99673
473 C	0.00272	0.00049	0.99679
474 T	0.00273	0.00046	0.99681
475 T	0.00273	0.00044	0.99683
476 C	0.00274	0.00042	0.99685
477 T	0.00273	0.00043	0.99684
478 A	0.00272	0.00045	0.99683
479 A	0.00273	0.00045	0.99683
480 T	0.00274	0.00043	0.99683
481 G	0.00274	0.00044	0.99682
482 G	0.00275	0.00039	0.99686
483 T	0.00277	0.00031	0.99692
484 T	0.00277	0.00027	0.99696
485 T	0.00277	0.00026	0.99696
486 T	0.00273	0.00031	0.99696
487 G	0.00267	0.00039	0.99694
488 A	0.00265	0.00041	0.99694
489 T	0.00264	0.00043	0.99693
490 G	0.00256	0.00053	0.99691
491 G	0.00249	0.00065	0.99686
492 T	0.00243	0.00080	0.99676
493 G	0.00230	0.00112	0.99658
494 A	0.00224	0.00120	0.99656
495 A	0.00221	0.00124	0.99656
496 A	0.00220	0.00124	0.99656
497 A	0.00220	0.00124	0.99657
498 C	0.00220	0.00122	0.99659
499 A	0.00220	0.00120	0.9966
500 C	0.00221	0.00118	0.99661
501 A	0.00223	0.00116	0.99661
502 C	0.00224	0.00115	0.99661
503 C	0.00225	0.00114	0.99662
504 T	0.00227	0.00112	0.99662
505 A	0.00228	0.00111	0.99662
506 T	0.00229	0.00110	0.99662
507 C	0.00229	0.00108	0.99663
508 G	0.00230	0.00107	0.99663
509 T	0.00232	0.00101	0.99667
510 T	0.00233	0.00093	0.99674
511 A	0.00234	0.00091	0.99675
512 G	0.00235	0.00089	0.99677
513 A	0.00238	0.00076	0.99686
514 G	0.00243	0.00061	0.99696
515 G	0.00254	0.00044	0.99703
516 T	0.00271	0.00015	0.99714
517 T	0.00274	0.00008	0.99718
518 C	0.00274	0.00006	0.9972
519 T	0.00273	0.00006	0.99721
520 G	0.00272	0.00007	0.99721
521 C	0.00270	0.00009	0.99721
522 T	0.00269	0.00011	0.99721
523 T	0.00266	0.00014	0.99719
524 T	0.00261	0.00021	0.99718
525 A	0.00251	0.00031	0.99717
526 C	0.00245	0.00038	0.99717
527 G	0.00237	0.00046	0.99717
528 T	0.00235	0.00049	0.99717
529 G	0.00232	0.00051	0.99717
530 T	0.00231	0.00053	0.99716
531 C	0.00229	0.00055	0.99716
532 G	0.00226	0.00059	0.99715
533 A	0.00223	0.00063	0.99714
534 A	0.00221	0.00066	0.99713
535 G	0.00220	0.00067	0.99713
536 G	0.00220	0.00068	0.99713
537 T	0.00220	0.00068	0.99712
538 A	0.00219	0.00069	0.99712
539 T	0.00219	0.00069	0.99711
540 A	0.00217	0.00072	0.99711
541 A	0.00215	0.00074	0.99711
542 A	0.00215	0.00075	0.9971
543 A	0.00215	0.00075	0.99711
544 G	0.00215	0.00073	0.99712
545 A	0.00215	0.00072	0.99713
546 A	0.00216	0.00067	0.99717
547 T	0.00217	0.00059	0.99724
548 T	0.00218	0.00050	0.99732
549 A	0.00217	0.00046	0.99738
550 C	0.00216	0.00039	0.99746
551 T	0.00216	0.00037	0.99747
552 T	0.00216	0.00036	0.99748
553 G	0.00214	0.00037	0.99749
554 A	0.00213	0.00037	0.9975
555 T	0.00214	0.00035	0.99751
556 A	0.00213	0.00032	0.99754
557 C	0.00214	0.00030	0.99757
558 T	0.00215	0.00029	0.99756
559 T	0.00215	0.00029	0.99756
560 T	0.00215	0.00030	0.99756
561 A	0.00214	0.00031	0.99755
562 G	0.00214	0.00031	0.99756
563 A	0.00213	0.00029	0.99758
564 C	0.00213	0.00027	0.9976
565 A	0.00214	0.00026	0.9976
566 C	0.00215	0.00025	0.9976
567 A	0.00216	0.00025	0.9976
568 T	0.00217	0.00024	0.99759
569 A	0.00217	0.00025	0.99758
570 T	0.00217	0.00025	0.99758
571 G	0.00216	0.00025	0.99758
572 T	0.00216	0.00024	0.9976
573 T	0.00215	0.00024	0.99761
574 G	0.00212	0.00028	0.99759
575 A	0.00212	0.00032	0.99757
576 A	0.00211	0.00032	0.99757
577 G	0.00211	0.00031	0.99758
578 A	0.00211	0.00031	0.99758
579 T	0.00211	0.00029	0.99759
580 C	0.00211	0.00028	0.9976
581 C	0.00212	0.00028	0.9976
582 A	0.00212	0.00028	0.9976
583 G	0.00212	0.00027	0.9976
584 T	0.00213	0.00026	0.9976
585 A	0.00212	0.00027	0.9976
586 C	0.00212	0.00026	0.99761
587 G	0.00212	0.00026	0.99763
588 T	0.00212	0.00025	0.99763
589 G	0.00211	0.00026	0.99763
590 A	0.00212	0.00026	0.99763
591 T	0.00212	0.00026	0.99762
592 T	0.00212	0.00026	0.99762
593 T	0.00212	0.00025	0.99762
594 A	0.00212	0.00026	0.99763
595 G	0.00211	0.00025	0.99764
596 A	0.00211	0.00024	0.99765
597 C	0.00211	0.00022	0.99767
598 A	0.00213	0.00019	0.99767
599 A	0.00213	0.00019	0.99768
600 A	0.00213	0.00019	0.99769
601 C	0.00214	0.00018	0.99769
602 C	0.00214	0.00017	0.99769
603 T	0.00215	0.00017	0.99769
604 T	0.00215	0.00016	0.99769
605 T	0.00216	0.00016	0.99769
606 T	0.00215	0.00017	0.99769
607 T	0.00215	0.00017	0.99769
608 T	0.00213	0.00018	0.99769
609 A	0.00210	0.00020	0.99769
610 A	0.00208	0.00022	0.99769
611 T	0.00208	0.00022	0.99771
612 G	0.00207	0.00022	0.99771
613 C	0.00207	0.00021	0.99772
614 C	0.00207	0.00020	0.99772
615 T	0.00208	0.00020	0.99772
616 A	0.00204	0.00024	0.99772
617 T	0.00201	0.00027	0.99772
618 T	0.00197	0.00031	0.99772
619 G	0.00190	0.00038	0.99771
620 A	0.00187	0.00041	0.99772
621 A	0.00184	0.00043	0.99773
622 G	0.00183	0.00043	0.99773
623 G	0.00182	0.00044	0.99774
624 T	0.00182	0.00046	0.99772
625 G	0.00181	0.00051	0.99768
626 T	0.00181	0.00059	0.9976
627 T	0.00180	0.00072	0.99748
628 A	0.00179	0.00090	0.99731
629 T	0.00179	0.00091	0.9973
630 T	0.00178	0.00094	0.99728
631 A	0.00177	0.00095	0.99729
632 A	0.00176	0.00094	0.9973
633 C	0.00174	0.00094	0.99732
634 G	0.00173	0.00097	0.9973
635 T	0.00172	0.00098	0.99729
636 A	0.00170	0.00103	0.99728
637 A	0.00169	0.00105	0.99726
638 A	0.00169	0.00107	0.99725
639 A	0.00168	0.00105	0.99728
640 G	0.00168	0.00103	0.99729
641 G	0.00168	0.00104	0.99729
642 T	0.00169	0.00106	0.99725
643 A	0.00168	0.00117	0.99715
644 G	0.00168	0.00120	0.99712
645 A	0.00168	0.00129	0.99703
646 G	0.00169	0.00127	0.99704
647 G	0.00171	0.00127	0.99703
648 A	0.00176	0.00122	0.99702
649 A	0.00184	0.00115	0.99701
650 C	0.00197	0.00102	0.99702
651 T	0.00212	0.00091	0.99697
652 G	0.00213	0.00090	0.99697
653 T	0.00214	0.00090	0.99697
654 T	0.00213	0.00092	0.99695
655 G	0.00209	0.00096	0.99695
656 C	0.00206	0.00098	0.99696
657 T	0.00206	0.00101	0.99693
658 A	0.00204	0.00107	0.99689
659 C	0.00203	0.00109	0.99688
660 A	0.00201	0.00113	0.99686
661 G	0.00200	0.00115	0.99685
662 G	0.00197	0.00120	0.99683
663 A	0.00196	0.00123	0.99681
664 C	0.00200	0.00122	0.99679
665 G	0.00206	0.00126	0.99669
666 T	0.00216	0.00127	0.99657
667 G	0.00216	0.00138	0.99645
668 T	0.00221	0.00143	0.99636
669 A	0.00218	0.00157	0.99625
670 G	0.00214	0.00168	0.99618
671 A	0.00208	0.00183	0.99609
672 A	0.00203	0.00194	0.99602
673 A	0.00199	0.00210	0.99591
674 G	0.00178	0.00247	0.99575
675 A	0.00166	0.00265	0.99568
676 G	0.00152	0.00285	0.99563
677 G	0.00135	0.00313	0.99552
678 A	0.00121	0.00339	0.9954
679 C	0.00119	0.00346	0.99536
680 A	0.00116	0.00366	0.99518
681 A	0.00116	0.00377	0.99507
682 A	0.00116	0.00389	0.99495
683 T	0.00113	0.00399	0.99487
684 A	0.00105	0.00410	0.99485
685 A	0.00103	0.00409	0.99489
686 A	0.00105	0.00402	0.99493
687 A	0.00111	0.00392	0.99497
688 C	0.00124	0.00373	0.99503
689 T	0.00140	0.00354	0.99506
690 T	0.00148	0.00345	0.99507
691 C	0.00136	0.00359	0.99505
692 A	0.00124	0.00375	0.99502
693 A	0.00109	0.00393	0.99498
694 G	0.00102	0.00395	0.99503
695 A	0.00099	0.00395	0.99507
696 A	0.00104	0.00386	0.99511
697 G	0.00118	0.00344	0.99537
698 A	0.00127	0.00322	0.99551
699 A	0.00138	0.00297	0.99565
700 G	0.00157	0.00258	0.99585
701 T	0.00177	0.00228	0.99595
702 T	0.00179	0.00228	0.99593
703 G	0.00184	0.00229	0.99587
704 A	0.00188	0.00223	0.99589
705 A	0.00197	0.00211	0.99592
706 A	0.00203	0.00200	0.99596
707 T	0.00206	0.00189	0.99605
708 C	0.00194	0.00198	0.99608
709 A	0.00171	0.00234	0.99595
710 T	0.00159	0.00257	0.99584
711 A	0.00134	0.00291	0.99574
712 G	0.00128	0.00302	0.9957
713 G	0.00126	0.00306	0.99568
714 T	0.00131	0.00289	0.9958
715 A	0.00133	0.00284	0.99584
716 T	0.00136	0.00279	0.99585
717 T	0.00131	0.00306	0.99564
718 A	0.00120	0.00339	0.9954
719 A	0.00112	0.00373	0.99515
720 A	0.00077	0.00439	0.99485
721 G	0.00071	0.00447	0.99482
722 A	0.00070	0.00449	0.99482
723 A	0.00071	0.00448	0.99481
724 A	0.00074	0.00444	0.99482
725 C	0.00081	0.00432	0.99487
726 T	0.00089	0.00426	0.99486
727 A	0.00086	0.00431	0.99483
728 A	0.00084	0.00436	0.9948
729 A	0.00085	0.00436	0.99479
730 A	0.00086	0.00434	0.99481
731 A	0.00090	0.00410	0.995
732 A	0.00106	0.00368	0.99526
733 T	0.00122	0.00334	0.99544
734 C	0.00130	0.00305	0.99565
735 T	0.00134	0.00297	0.99569
736 A	0.00133	0.00296	0.99571
737 C	0.00137	0.00291	0.99573
738 A	0.00147	0.00280	0.99574
739 G	0.00166	0.00259	0.99575
740 T	0.00201	0.00217	0.99581
741 A	0.00225	0.00185	0.99591
742 A	0.00248	0.00154	0.99598
743 C	0.00275	0.00089	0.99636
744 T	0.00279	0.00079	0.99642
745 G	0.00271	0.00087	0.99642
746 G	0.00270	0.00090	0.9964
747 T	0.00273	0.00086	0.99641
748 T	0.00270	0.00088	0.99642
749 T	0.00255	0.00100	0.99645
750 A	0.00231	0.00120	0.99649
751 C	0.00216	0.00132	0.99652
752 A	0.00197	0.00152	0.99652
753 A	0.00187	0.00161	0.99651
754 A	0.00181	0.00167	0.99652
755 T	0.00179	0.00169	0.99652
756 G	0.00176	0.00171	0.99653
757 T	0.00174	0.00171	0.99655
758 T	0.00167	0.00175	0.99659
759 T	0.00156	0.00183	0.99662
760 C	0.00137	0.00200	0.99663
761 A	0.00127	0.00212	0.99661
762 T	0.00121	0.00221	0.99658
763 A	0.00114	0.00232	0.99655
764 A	0.00112	0.00234	0.99654
765 A	0.00112	0.00234	0.99654
766 A	0.00112	0.00229	0.99658
767 A	0.00113	0.00223	0.99665
768 T	0.00116	0.00207	0.99677
769 T	0.00118	0.00195	0.99687
770 T	0.00118	0.00189	0.99694
771 A	0.00117	0.00184	0.99699
772 G	0.00116	0.00167	0.99716
773 A	0.00116	0.00147	0.99737
774 T	0.00115	0.00133	0.99752
775 A	0.00113	0.00121	0.99765
776 A	0.00112	0.00114	0.99774
777 A	0.00111	0.00109	0.9978
778 G	0.00110	0.00106	0.99784
779 A	0.00109	0.00103	0.99789
780 A	0.00109	0.00096	0.99796
781 G	0.00109	0.00081	0.99811
782 G	0.00110	0.00066	0.99824
783 C	0.00112	0.00047	0.99841
784 G	0.00114	0.00040	0.99846
785 C	0.00117	0.00033	0.99849
786 T	0.00121	0.00029	0.9985
787 T	0.00122	0.00028	0.99851
788 T	0.00122	0.00028	0.99851
789 G	0.00121	0.00028	0.99851
790 G	0.00121	0.00028	0.99852
791 C	0.00121	0.00026	0.99853
792 T	0.00121	0.00026	0.99854
793 G	0.00121	0.00025	0.99854
794 G	0.00122	0.00024	0.99855
795 T	0.00123	0.00022	0.99855
796 G	0.00124	0.00021	0.99855
797 A	0.00124	0.00020	0.99856
798 T	0.00126	0.00016	0.99858
799 A	0.00127	0.00014	0.9986
800 A	0.00127	0.00012	0.99861
801 T	0.00128	0.00009	0.99862
802 A	0.00128	0.00008	0.99863
803 T	0.00128	0.00007	0.99865
804 T	0.00129	0.00006	0.99866
805 G	0.00128	0.00006	0.99865
806 G	0.00128	0.00006	0.99865
807 T	0.00129	0.00006	0.99865
808 A	0.00129	0.00006	0.99865
809 T	0.00129	0.00006	0.99865
810 T	0.00129	0.00006	0.99865
811 T	0.00129	0.00006	0.99865
812 T	0.00129	0.00006	0.99865
813 G	0.00129	0.00006	0.99865
814 T	0.00128	0.00007	0.99864
815 T	0.00127	0.00008	0.99864
816 A	0.00124	0.00011	0.99864
817 C	0.00122	0.00014	0.99864
818 G	0.00121	0.00015	0.99864
819 T	0.00120	0.00016	0.99864
820 G	0.00120	0.00017	0.99864
821 G	0.00120	0.00017	0.99864
822 T	0.00120	0.00017	0.99864
823 G	0.00120	0.00017	0.99864
824 T	0.00120	0.00018	0.99862
825 C	0.00120	0.00018	0.99862
826 A	0.00119	0.00021	0.9986
827 A	0.00119	0.00022	0.99859
828 T	0.00119	0.00022	0.99858
829 T	0.00119	0.00024	0.99858
830 A	0.00117	0.00027	0.99856
831 C	0.00117	0.00029	0.99855
832 A	0.00115	0.00032	0.99853
833 A	0.00114	0.00034	0.99852
834 A	0.00113	0.00036	0.99851
835 G	0.00114	0.00036	0.99851
836 A	0.00114	0.00036	0.9985
837 T	0.00114	0.00035	0.99851
838 A	0.00114	0.00034	0.99852
839 T	0.00114	0.00030	0.99855
840 T	0.00114	0.00028	0.99858
841 C	0.00114	0.00027	0.99859
842 A	0.00114	0.00028	0.99858
843 A	0.00114	0.00028	0.99859
844 C	0.00114	0.00028	0.99859
845 G	0.00114	0.00029	0.99858
846 T	0.00114	0.00029	0.99857
847 G	0.00114	0.00029	0.99857
848 G	0.00115	0.00029	0.99856
849 A	0.00116	0.00028	0.99855
850 C	0.00117	0.00027	0.99856
851 A	0.00117	0.00027	0.99855
852 A	0.00119	0.00026	0.99855
853 G	0.00121	0.00023	0.99857
854 T	0.00123	0.00021	0.99857
855 T	0.00124	0.00021	0.99854
856 A	0.00124	0.00024	0.99852
857 T	0.00124	0.00024	0.99852
858 A	0.00124	0.00026	0.9985
859 T	0.00124	0.00026	0.9985
860 G	0.00123	0.00028	0.99849
861 C	0.00123	0.00028	0.99849
862 A	0.00123	0.00028	0.99849
863 A	0.00123	0.00028	0.99849
864 A	0.00122	0.00029	0.9985
865 C	0.00122	0.00028	0.9985
866 C	0.00122	0.00028	0.9985
867 A	0.00123	0.00028	0.9985
868 G	0.00124	0.00026	0.9985
869 G	0.00125	0.00026	0.9985
870 T	0.00126	0.00025	0.9985
871 T	0.00126	0.00024	0.9985
872 C	0.00126	0.00023	0.9985
873 T	0.00126	0.00024	0.9985
874 G	0.00126	0.00025	0.99849
875 T	0.00126	0.00027	0.99848
876 A	0.00125	0.00028	0.99846
877 A	0.00126	0.00028	0.99846
878 A	0.00128	0.00025	0.99848
879 A	0.00132	0.00020	0.99848
880 C	0.00133	0.00018	0.99849
881 C	0.00135	0.00016	0.99849
882 T	0.00136	0.00018	0.99846
883 T	0.00137	0.00019	0.99845
884 A	0.00136	0.00019	0.99845
885 T	0.00136	0.00020	0.99844
886 T	0.00136	0.00020	0.99844
887 C	0.00134	0.00021	0.99845
888 T	0.00133	0.00023	0.99844
889 A	0.00132	0.00025	0.99842
890 A	0.00132	0.00026	0.99842
891 A	0.00132	0.00026	0.99842
892 T	0.00132	0.00026	0.99842
893 T	0.00132	0.00026	0.99842
894 T	0.00132	0.00026	0.99842
895 A	0.00132	0.00025	0.99842
896 T	0.00133	0.00024	0.99844
897 A	0.00133	0.00024	0.99844
898 G	0.00133	0.00022	0.99845
899 C	0.00134	0.00021	0.99845
900 T	0.00134	0.00021	0.99845
901 A	0.00133	0.00022	0.99845
902 A	0.00133	0.00023	0.99844
903 A	0.00132	0.00023	0.99844
904 A	0.00133	0.00024	0.99844
905 T	0.00136	0.00020	0.99844
906 T	0.00136	0.00020	0.99843
907 T	0.00136	0.00021	0.99843
908 A	0.00136	0.00022	0.99842
909 T	0.00136	0.00021	0.99843
910 A	0.00135	0.00021	0.99844
911 T	0.00136	0.00020	0.99844
912 T	0.00135	0.00020	0.99845
913 C	0.00134	0.00020	0.99846
914 T	0.00133	0.00023	0.99845
915 T	0.00126	0.00032	0.99842
916 A	0.00118	0.00041	0.99841
917 C	0.00116	0.00044	0.99841
918 A	0.00113	0.00048	0.9984
919 G	0.00112	0.00049	0.99838
920 C	0.00112	0.00050	0.99838
921 T	0.00111	0.00052	0.99837
922 A	0.00111	0.00054	0.99835
923 A	0.00111	0.00055	0.99834
924 A	0.00111	0.00055	0.99834
925 G	0.00111	0.00055	0.99835
926 A	0.00111	0.00054	0.99835
927 A	0.00112	0.00053	0.99835
928 G	0.00112	0.00051	0.99837
929 G	0.00113	0.00051	0.99837
930 T	0.00114	0.00050	0.99836
931 G	0.00115	0.00052	0.99834
932 G	0.00115	0.00054	0.99831
933 A	0.00115	0.00058	0.99827
934 A	0.00115	0.00060	0.99824
935 G	0.00116	0.00060	0.99825
936 A	0.00116	0.00058	0.99826
937 A	0.00117	0.00054	0.99828
938 G	0.00120	0.00045	0.99835
939 T	0.00122	0.00037	0.99842
940 A	0.00123	0.00034	0.99843
941 C	0.00124	0.00030	0.99846
942 T	0.00126	0.00028	0.99846
943 T	0.00126	0.00028	0.99846
944 G	0.00127	0.00028	0.99845
945 T	0.00129	0.00026	0.99845
946 T	0.00129	0.00026	0.99845
947 T	0.00129	0.00025	0.99845
948 C	0.00129	0.00026	0.99845
949 C	0.00129	0.00026	0.99845
950 G	0.00127	0.00029	0.99844
951 A	0.00127	0.00030	0.99843
952 G	0.00128	0.00030	0.99842
953 A	0.00129	0.00029	0.99842
954 T	0.00134	0.00025	0.99842
955 A	0.00136	0.00023	0.99841
956 A	0.00140	0.00019	0.9984
957 T	0.00143	0.00016	0.99841
958 T	0.00144	0.00015	0.99841
959 A	0.00144	0.00015	0.9984
960 T	0.00144	0.00016	0.9984
961 C	0.00143	0.00016	0.99841
962 G	0.00143	0.00016	0.9984
963 T	0.00143	0.00016	0.9984
964 C	0.00143	0.00016	0.99841
965 C	0.00143	0.00016	0.9984
966 G	0.00144	0.00016	0.9984
967 C	0.00144	0.00016	0.9984
968 A	0.00144	0.00016	0.99839
969 A	0.00145	0.00017	0.99838
970 T	0.00146	0.00016	0.99838
971 T	0.00147	0.00015	0.99839
972 T	0.00147	0.00014	0.99839
973 T	0.00147	0.00013	0.9984
974 A	0.00147	0.00013	0.9984
975 T	0.00147	0.00013	0.9984
976 G	0.00147	0.00015	0.99838
977 T	0.00147	0.00017	0.99837
978 A	0.00146	0.00020	0.99833
979 A	0.00146	0.00021	0.99833
980 G	0.00146	0.00021	0.99833
981 A	0.00145	0.00022	0.99833
982 A	0.00145	0.00021	0.99834
983 C	0.00146	0.00020	0.99834
984 T	0.00146	0.00020	0.99835
985 G	0.00146	0.00020	0.99835
986 C	0.00146	0.00020	0.99835
987 T	0.00146	0.00020	0.99834
988 A	0.00146	0.00020	0.99834
989 G	0.00146	0.00020	0.99833
990 T	0.00146	0.00021	0.99833
991 G	0.00147	0.00021	0.99832
992 T	0.00147	0.00020	0.99833
993 T	0.00148	0.00021	0.99832
994 A	0.00147	0.00023	0.9983
995 C	0.00147	0.00024	0.99829
996 T	0.00148	0.00031	0.99822
997 G	0.00147	0.00048	0.99805
998 G	0.00148	0.00057	0.99795
999 T	0.00150	0.00068	0.99783
1000 G	0.00151	0.00078	0.99771
1001 T	0.00154	0.00076	0.9977
1002 A	0.00153	0.00078	0.99769
1003 A	0.00153	0.00080	0.99767
1004 T	0.00152	0.00083	0.99765
1005 C	0.00149	0.00090	0.99761
1006 G	0.00148	0.00106	0.99746
1007 A	0.00147	0.00128	0.99725
1008 A	0.00146	0.00144	0.9971
1009 T	0.00146	0.00151	0.99703
1010 T	0.00145	0.00160	0.99695
1011 A	0.00140	0.00177	0.99682
1012 A	0.00137	0.00194	0.99669
1013 A	0.00136	0.00196	0.99668
1014 A	0.00136	0.00197	0.99667
1015 G	0.00136	0.00198	0.99666
1016 A	0.00138	0.00197	0.99665
1017 C	0.00141	0.00193	0.99666
1018 G	0.00145	0.00190	0.99664
1019 A	0.00156	0.00181	0.99662
1020 T	0.00177	0.00163	0.99659
1021 C	0.00185	0.00160	0.99655
1022 T	0.00195	0.00159	0.99646
1023 T	0.00200	0.00161	0.99638
1024 A	0.00199	0.00171	0.9963
1025 A	0.00197	0.00179	0.99624
1026 A	0.00197	0.00183	0.9962
1027 A	0.00201	0.00179	0.9962
1028 T	0.00210	0.00170	0.99621
1029 A	0.00222	0.00163	0.99615
1030 G	0.00240	0.00153	0.99607
1031 T	0.00252	0.00157	0.99591
1032 A	0.00251	0.00168	0.99581
1033 A	0.00253	0.00164	0.99582
1034 A	0.00261	0.00153	0.99587
1035 T	0.00270	0.00141	0.99589
1036 C	0.00267	0.00143	0.99591
1037 C	0.00266	0.00143	0.99591
1038 A	0.00266	0.00145	0.99589
1039 G	0.00266	0.00146	0.99589
1040 G	0.00266	0.00146	0.99588
1041 C	0.00269	0.00144	0.99586
1042 G	0.00272	0.00149	0.99579
1043 A	0.00278	0.00149	0.99574
1044 T	0.00288	0.00141	0.99572
1045 T	0.00295	0.00136	0.99568
1046 T	0.00299	0.00135	0.99566
1047 A	0.00300	0.00137	0.99563
1048 G	0.00302	0.00135	0.99563
1049 T	0.00305	0.00132	0.99563
1050 A	0.00303	0.00135	0.99561
1051 G	0.00304	0.00135	0.99561
1052 A	0.00311	0.00129	0.9956
1053 A	0.00320	0.00119	0.99561
1054 A	0.00336	0.00101	0.99563
1055 T	0.00347	0.00084	0.99569
1056 T	0.00348	0.00079	0.99573
1057 A	0.00349	0.00076	0.99575
1058 T	0.00350	0.00072	0.99578
1059 C	0.00350	0.00068	0.99582
1060 G	0.00350	0.00067	0.99583
1061 T	0.00352	0.00066	0.99582
1062 T	0.00354	0.00067	0.99579
1063 A	0.00355	0.00067	0.99578
1064 A	0.00357	0.00067	0.99576
1065 T	0.00366	0.00057	0.99577
1066 T	0.00371	0.00054	0.99575
1067 T	0.00373	0.00055	0.99571
1068 A	0.00375	0.00059	0.99566
1069 A	0.00377	0.00064	0.99558
1070 T	0.00382	0.00067	0.99551
1071 T	0.00384	0.00067	0.99549
1072 T	0.00383	0.00068	0.99549
1073 A	0.00375	0.00077	0.99549
1074 T	0.00369	0.00084	0.99548
1075 C	0.00364	0.00091	0.99544
1076 C	0.00360	0.00109	0.99532
1077 A	0.00352	0.00179	0.99469
1078 G	0.00350	0.00195	0.99456
1079 T	0.00349	0.00204	0.99447
1080 A	0.00338	0.00221	0.99442
1081 G	0.00334	0.00228	0.99437
1082 C	0.00333	0.00230	0.99437
1083 G	0.00332	0.00231	0.99436
1084 A	0.00333	0.00231	0.99435
1085 T	0.00335	0.00229	0.99435
1086 C	0.00336	0.00229	0.99435
1087 G	0.00337	0.00229	0.99434
1088 A	0.00337	0.00230	0.99432
1089 A	0.00339	0.00230	0.99431
1090 G	0.00341	0.00229	0.9943
1091 A	0.00345	0.00225	0.99429
1092 A	0.00352	0.00218	0.9943
1093 G	0.00360	0.00208	0.99432
1094 G	0.00363	0.00202	0.99434
1095 A	0.00366	0.00197	0.99438
1096 A	0.00371	0.00183	0.99446
1097 C	0.00379	0.00169	0.99452
1098 A	0.00386	0.00163	0.99451
1099 A	0.00401	0.00149	0.99451
1100 G	0.00458	0.00087	0.99454
1101 T	0.00476	0.00073	0.99451
1102 T	0.00484	0.00065	0.99451
1103 T	0.00488	0.00054	0.99458
1104 T	0.00489	0.00054	0.99457
1105 T	0.00488	0.00058	0.99454
1106 C	0.00487	0.00061	0.99451
1107 T	0.00487	0.00064	0.99449
1108 G	0.00486	0.00067	0.99447
1109 T	0.00486	0.00069	0.99445
1110 A	0.00485	0.00073	0.99442
1111 C	0.00485	0.00075	0.99439
1112 G	0.00484	0.00086	0.99431
1113 T	0.00484	0.00099	0.99417
1114 G	0.00483	0.00120	0.99397
1115 A	0.00483	0.00125	0.99392
1116 A	0.00483	0.00129	0.99388
1117 G	0.00484	0.00133	0.99383
1118 G	0.00484	0.00140	0.99376
1119 C	0.00485	0.00155	0.9936
1120 G	0.00485	0.00215	0.993
1121 G	0.00489	0.00253	0.99258
1122 A	0.00493	0.00356	0.99151
1123 A	0.00496	0.00361	0.99142
1124 G	0.00501	0.00361	0.99138
1125 A	0.00504	0.00364	0.99131
1126 A	0.00509	0.00363	0.99129
1127 C	0.00515	0.00355	0.9913
1128 T	0.00522	0.00349	0.99129
1129 A	0.00523	0.00349	0.99128
1130 T	0.00524	0.00350	0.99126
1131 C	0.00518	0.00361	0.99122
1132 G	0.00512	0.00369	0.99119
1133 G	0.00506	0.00374	0.99119
1134 A	0.00501	0.00381	0.99119
1135 G	0.00502	0.00378	0.99121
1136 C	0.00506	0.00375	0.9912
1137 C	0.00515	0.00371	0.99113
1138 G	0.00509	0.00387	0.99103
1139 G	0.00505	0.00410	0.99085
1140 A	0.00508	0.00423	0.99069
1141 A	0.00516	0.00432	0.99052
1142 C	0.00547	0.00403	0.9905
1143 T	0.00609	0.00348	0.99042
1144 G	0.00641	0.00326	0.99033
1145 T	0.00726	0.00245	0.99029
1146 T	0.00733	0.00241	0.99026
1147 A	0.00735	0.00239	0.99025
1148 T	0.00741	0.00233	0.99026
1149 T	0.00743	0.00230	0.99026
1150 A	0.00743	0.00230	0.99027
1151 A	0.00744	0.00228	0.99028
1152 A	0.00746	0.00224	0.99031
1153 A	0.00749	0.00218	0.99033
1154 T	0.00756	0.00203	0.9904
1155 A	0.00759	0.00194	0.99047
1156 A	0.00761	0.00183	0.99056
1157 T	0.00764	0.00169	0.99067
1158 A	0.00765	0.00160	0.99075
1159 G	0.00767	0.00149	0.99083
1160 A	0.00777	0.00132	0.99091
1161 A	0.00790	0.00108	0.99103
1162 T	0.00814	0.00072	0.99114
1163 A	0.00836	0.00041	0.99122
1164 A	0.00867	0.00000	0.99133
