# lcl|CP097583.1_cds_USQ93271.1_1
# AA	inside	membr	outside
1 A	0.63016	0.00000	0.36984
2 T	0.62917	0.00099	0.36984
3 G	0.62858	0.00158	0.36984
4 T	0.62858	0.00242	0.369
5 T	0.60071	0.03164	0.36765
6 C	0.60071	0.03193	0.36736
7 A	0.40086	0.23204	0.36711
8 A	0.40085	0.23204	0.3671
9 A	0.39436	0.23864	0.367
10 A	0.39435	0.24360	0.36205
11 G	0.39395	0.24428	0.36177
12 A	0.39078	0.24749	0.36173
13 A	0.37988	0.25861	0.36151
14 T	0.37988	0.25861	0.36151
15 T	0.37988	0.26075	0.35937
16 C	0.37965	0.26098	0.35937
17 T	0.37922	0.26151	0.35927
18 T	0.37918	0.26172	0.3591
19 T	0.37756	0.26346	0.35898
20 T	0.35821	0.28569	0.3561
21 A	0.17165	0.47227	0.35608
22 A	0.16133	0.48294	0.35573
23 A	0.15058	0.49371	0.35571
24 A	0.14258	0.50178	0.35564
25 T	0.13837	0.49589	0.36574
26 T	0.13107	0.49831	0.37062
27 A	0.11772	0.49545	0.38683
28 A	0.10910	0.47457	0.41633
29 G	0.09984	0.47012	0.43005
30 C	0.09431	0.32816	0.57754
31 G	0.09005	0.34760	0.56235
32 G	0.08781	0.35811	0.55408
33 A	0.08996	0.38439	0.52565
34 G	0.08886	0.38891	0.52223
35 A	0.08828	0.38874	0.52299
36 G	0.08822	0.37862	0.53316
37 G	0.08817	0.37871	0.53312
38 C	0.09018	0.37681	0.53301
39 A	0.09022	0.42644	0.48334
40 T	0.09088	0.42765	0.48147
41 T	0.09095	0.42858	0.48047
42 A	0.09072	0.43799	0.47129
43 A	0.09052	0.43168	0.47779
44 A	0.08898	0.28609	0.62492
45 A	0.08875	0.27322	0.63803
46 G	0.08919	0.25775	0.65306
47 G	0.08996	0.25207	0.65797
48 A	0.09059	0.25773	0.65168
49 G	0.09097	0.26148	0.64756
50 A	0.09190	0.26296	0.64513
51 A	0.09487	0.25863	0.6465
52 G	0.10080	0.24635	0.65285
53 A	0.11179	0.27957	0.60864
54 T	0.13228	0.26706	0.60066
55 T	0.14198	0.26571	0.59231
56 T	0.15547	0.25341	0.59113
57 T	0.15474	0.25683	0.58844
58 A	0.14785	0.28983	0.56231
59 A	0.14539	0.29621	0.5584
60 C	0.14344	0.30297	0.55359
61 A	0.14657	0.31770	0.53573
62 T	0.19395	0.28931	0.51674
63 T	0.19762	0.29900	0.50338
64 A	0.19729	0.30009	0.50262
65 A	0.20259	0.29495	0.50246
66 T	0.20515	0.29128	0.50357
67 C	0.21806	0.27690	0.50504
68 C	0.21932	0.27531	0.50537
69 T	0.22416	0.27056	0.50527
70 C	0.22835	0.26668	0.50498
71 A	0.23489	0.26124	0.50388
72 A	0.23955	0.25736	0.50309
73 A	0.24594	0.25167	0.50239
74 T	0.24953	0.24848	0.50199
75 A	0.24875	0.25031	0.50094
76 G	0.28772	0.21114	0.50114
77 T	0.29743	0.20080	0.50178
78 T	0.29421	0.20394	0.50186
79 A	0.26937	0.22839	0.50223
80 A	0.25142	0.24413	0.50445
81 G	0.25669	0.23278	0.51054
82 A	0.24044	0.24620	0.51336
83 C	0.24100	0.24217	0.51683
84 A	0.24968	0.24068	0.50964
85 A	0.26673	0.22292	0.51034
86 T	0.27891	0.20866	0.51243
87 T	0.27184	0.21206	0.51609
88 G	0.24888	0.23304	0.51808
89 C	0.23512	0.24197	0.52291
90 T	0.21642	0.26249	0.52109
91 G	0.17433	0.31233	0.51334
92 A	0.13336	0.35989	0.50674
93 A	0.11123	0.38363	0.50514
94 G	0.10391	0.39102	0.50507
95 A	0.09458	0.39552	0.5099
96 A	0.08763	0.39300	0.51937
97 A	0.08510	0.39011	0.52479
98 T	0.08422	0.38654	0.52923
99 A	0.08001	0.39509	0.5249
100 A	0.07680	0.39678	0.52641
101 A	0.07522	0.38649	0.53829
102 A	0.07393	0.36304	0.56304
103 G	0.07340	0.34424	0.58236
104 A	0.07368	0.33586	0.59045
105 A	0.07462	0.33093	0.59446
106 A	0.07614	0.33278	0.59108
107 T	0.08349	0.31976	0.59674
108 T	0.08359	0.32108	0.59533
109 A	0.08256	0.32509	0.59235
110 A	0.08203	0.32054	0.59744
111 A	0.08196	0.30307	0.61497
112 A	0.08290	0.28698	0.63012
113 A	0.08791	0.25999	0.6521
114 T	0.10047	0.20581	0.69371
115 T	0.10644	0.16350	0.73006
116 T	0.10758	0.14375	0.74867
117 A	0.10668	0.13871	0.75461
118 G	0.10711	0.12966	0.76323
119 G	0.10814	0.12274	0.76913
120 A	0.11077	0.11779	0.77144
121 A	0.11448	0.11206	0.77346
122 T	0.12545	0.09670	0.77785
123 T	0.13030	0.09046	0.77924
124 G	0.13203	0.09067	0.77731
125 A	0.13411	0.08995	0.77593
126 A	0.13715	0.08725	0.77559
127 A	0.14309	0.08156	0.77535
128 T	0.15918	0.06499	0.77583
129 T	0.17128	0.05294	0.77577
130 G	0.17428	0.05072	0.775
131 T	0.18010	0.04475	0.77515
132 A	0.18344	0.04133	0.77522
133 A	0.18641	0.03814	0.77546
134 T	0.19075	0.03315	0.77611
135 T	0.19272	0.03090	0.77637
136 A	0.19307	0.03023	0.7767
137 T	0.19416	0.02873	0.77712
138 T	0.19479	0.02770	0.7775
139 G	0.19488	0.02717	0.77795
140 T	0.19548	0.02538	0.77914
141 T	0.19566	0.02450	0.77983
142 G	0.19562	0.02413	0.78024
143 G	0.19586	0.02363	0.78051
144 C	0.19655	0.02279	0.78066
145 G	0.19711	0.02220	0.78069
146 C	0.19939	0.01990	0.78071
147 T	0.20384	0.01546	0.7807
148 G	0.20634	0.01297	0.78069
149 G	0.20775	0.01159	0.78066
150 T	0.20916	0.01023	0.78061
151 A	0.20972	0.00979	0.78049
152 A	0.21050	0.00891	0.78058
153 T	0.21207	0.00710	0.78083
154 A	0.21254	0.00651	0.78095
155 T	0.21318	0.00520	0.78162
156 T	0.21361	0.00434	0.78205
157 T	0.21364	0.00408	0.78228
158 G	0.21299	0.00451	0.7825
159 G	0.21253	0.00472	0.78276
160 C	0.21224	0.00479	0.78296
161 G	0.21209	0.00492	0.78299
162 T	0.21222	0.00472	0.78306
163 G	0.21210	0.00489	0.78301
164 G	0.21200	0.00512	0.78288
165 T	0.21186	0.00556	0.78258
166 T	0.21169	0.00586	0.78245
167 T	0.21138	0.00662	0.782
168 G	0.21084	0.00774	0.78141
169 G	0.21031	0.00936	0.78033
170 T	0.20984	0.01017	0.77999
171 A	0.20947	0.01064	0.77988
172 G	0.20913	0.01109	0.77978
173 G	0.20898	0.01130	0.77971
174 C	0.20888	0.01148	0.77964
175 C	0.20872	0.01211	0.77918
176 A	0.20821	0.01345	0.77835
177 A	0.20815	0.01403	0.77782
178 G	0.20817	0.01467	0.77716
179 A	0.20817	0.01509	0.77674
180 G	0.20821	0.01509	0.7767
181 T	0.20833	0.01437	0.77731
182 T	0.20834	0.01392	0.77775
183 A	0.20824	0.01381	0.77795
184 G	0.20822	0.01371	0.77807
185 G	0.20825	0.01371	0.77805
186 A	0.20825	0.01372	0.77803
187 A	0.20843	0.01350	0.77807
188 T	0.20892	0.01278	0.77831
189 G	0.20897	0.01246	0.77857
190 G	0.20924	0.01187	0.77889
191 A	0.20961	0.01101	0.77937
192 A	0.21045	0.00961	0.77994
193 C	0.21082	0.00864	0.78054
194 G	0.21107	0.00820	0.78074
195 T	0.21140	0.00761	0.78099
196 A	0.21145	0.00741	0.78114
197 G	0.21161	0.00707	0.78132
198 T	0.21212	0.00643	0.78145
199 C	0.21279	0.00520	0.78201
200 G	0.21324	0.00464	0.78212
201 T	0.21403	0.00381	0.78216
202 T	0.21443	0.00341	0.78215
203 C	0.21449	0.00339	0.78212
204 T	0.21457	0.00374	0.7817
205 G	0.21454	0.00435	0.78111
206 A	0.21459	0.00474	0.78067
207 T	0.21473	0.00492	0.78035
208 T	0.21484	0.00515	0.78001
209 A	0.21491	0.00535	0.77974
210 T	0.21494	0.00559	0.77947
211 A	0.21473	0.00605	0.77922
212 T	0.21425	0.00639	0.77935
213 G	0.21327	0.00757	0.77916
214 G	0.21237	0.00925	0.77837
215 G	0.21189	0.01023	0.77787
216 A	0.21160	0.01058	0.77782
217 A	0.21155	0.01066	0.77779
218 T	0.21154	0.01065	0.77782
219 G	0.21148	0.01064	0.77789
220 C	0.21145	0.01064	0.77791
221 T	0.21144	0.01070	0.77786
222 G	0.21126	0.01096	0.77778
223 G	0.21123	0.01101	0.77776
224 G	0.21124	0.01100	0.77776
225 A	0.21129	0.01094	0.77777
226 A	0.21141	0.01071	0.77788
227 C	0.21193	0.01006	0.77801
228 T	0.21268	0.00921	0.7781
229 C	0.21317	0.00868	0.77816
230 T	0.21351	0.00836	0.77813
231 G	0.21369	0.00830	0.77802
232 A	0.21401	0.00821	0.77777
233 T	0.21429	0.00790	0.77781
234 T	0.21415	0.00800	0.77785
235 A	0.21371	0.00790	0.77838
236 A	0.21381	0.00689	0.7793
237 T	0.21457	0.00515	0.78028
238 T	0.21485	0.00439	0.78076
239 C	0.21464	0.00435	0.78101
240 T	0.21346	0.00562	0.78093
241 T	0.21204	0.00707	0.78089
242 T	0.20946	0.00965	0.78089
243 A	0.20202	0.01717	0.78081
244 G	0.19751	0.02177	0.78072
245 C	0.19575	0.02345	0.7808
246 T	0.19488	0.02433	0.78079
247 T	0.19358	0.02563	0.78079
248 T	0.19154	0.02771	0.78075
249 A	0.18855	0.03076	0.78069
250 C	0.18653	0.03288	0.78059
251 A	0.18537	0.03452	0.7801
252 A	0.18451	0.03567	0.77982
253 G	0.18418	0.03594	0.77988
254 A	0.18416	0.03588	0.77996
255 T	0.18436	0.03556	0.78008
256 G	0.18433	0.03500	0.78067
257 C	0.18440	0.03429	0.78132
258 T	0.18440	0.03399	0.78161
259 T	0.18437	0.03411	0.78152
260 T	0.18401	0.03479	0.78119
261 A	0.18310	0.03652	0.78038
262 A	0.18256	0.03763	0.77981
263 A	0.18227	0.03665	0.78108
264 T	0.18165	0.03645	0.7819
265 A	0.18080	0.03574	0.78346
266 A	0.18044	0.03037	0.78918
267 T	0.17989	0.02667	0.79344
268 T	0.17894	0.02655	0.79452
269 T	0.17750	0.03055	0.79195
270 A	0.17481	0.04247	0.78273
271 A	0.17428	0.04876	0.77696
272 A	0.17399	0.05344	0.77257
273 A	0.17393	0.05288	0.7732
274 A	0.17434	0.05240	0.77326
275 T	0.17464	0.05198	0.77339
276 T	0.17451	0.05250	0.773
277 C	0.17429	0.05269	0.77302
278 A	0.17419	0.05310	0.77271
279 A	0.17412	0.05328	0.7726
280 A	0.17412	0.05333	0.77255
281 C	0.17429	0.05314	0.77257
282 A	0.17451	0.05351	0.77197
283 A	0.17494	0.05290	0.77217
284 G	0.17575	0.05130	0.77295
285 A	0.17631	0.05036	0.77333
286 G	0.17731	0.04903	0.77366
287 T	0.17871	0.04670	0.77459
288 G	0.17971	0.04468	0.77561
289 A	0.18156	0.04210	0.77634
290 T	0.18485	0.03745	0.7777
291 G	0.18673	0.03453	0.77874
292 A	0.19013	0.03001	0.77987
293 C	0.19849	0.01977	0.78174
294 A	0.20459	0.01341	0.782
295 T	0.20991	0.00783	0.78226
296 C	0.21118	0.00642	0.7824
297 T	0.21244	0.00511	0.78244
298 T	0.21314	0.00437	0.78248
299 T	0.21357	0.00378	0.78264
300 C	0.21354	0.00362	0.78284
301 C	0.21370	0.00343	0.78287
302 C	0.21383	0.00342	0.78275
303 T	0.21396	0.00343	0.7826
304 G	0.21403	0.00365	0.78232
305 T	0.21466	0.00327	0.78208
306 T	0.21408	0.00416	0.78176
307 A	0.21265	0.00565	0.78171
308 T	0.21229	0.00562	0.7821
309 T	0.21123	0.00653	0.78224
310 G	0.20947	0.00827	0.78226
311 C	0.20815	0.00960	0.78225
312 G	0.20613	0.01223	0.78163
313 G	0.20486	0.01374	0.78139
314 T	0.20417	0.01487	0.78095
315 T	0.20164	0.01795	0.78041
316 G	0.19535	0.02523	0.77942
317 C	0.18842	0.03375	0.77783
318 A	0.18422	0.03907	0.7767
319 G	0.18349	0.03996	0.77655
320 A	0.18310	0.04048	0.77642
321 A	0.18290	0.04072	0.77638
322 C	0.18284	0.04078	0.77638
323 C	0.18281	0.04076	0.77642
324 A	0.18255	0.04125	0.7762
325 T	0.18269	0.04137	0.77594
326 A	0.18261	0.04205	0.77533
327 T	0.18274	0.04247	0.77478
328 A	0.18258	0.04381	0.7736
329 T	0.18260	0.04305	0.77435
330 T	0.18210	0.04205	0.77585
331 A	0.18098	0.04299	0.77603
332 A	0.17896	0.04445	0.77658
333 A	0.17752	0.04476	0.77772
334 G	0.17610	0.04494	0.77897
335 A	0.17557	0.04354	0.7809
336 A	0.17498	0.04309	0.78192
337 A	0.17469	0.04258	0.78273
338 A	0.17473	0.04025	0.78502
339 A	0.17544	0.03371	0.79084
340 G	0.17677	0.02516	0.79807
341 C	0.17771	0.02041	0.80188
342 T	0.17788	0.02220	0.79992
343 T	0.17780	0.02793	0.79428
344 T	0.17697	0.03955	0.78347
345 A	0.17498	0.04451	0.7805
346 A	0.17375	0.04663	0.77961
347 G	0.17339	0.04706	0.77955
348 A	0.17349	0.04745	0.77907
349 C	0.17412	0.04667	0.77922
350 A	0.17484	0.04633	0.77884
351 T	0.17635	0.04460	0.77905
352 T	0.17670	0.04421	0.77909
353 T	0.17675	0.04394	0.77931
354 G	0.17669	0.04355	0.77977
355 G	0.17677	0.04161	0.78162
356 A	0.17688	0.04027	0.78285
357 T	0.17708	0.03869	0.78422
358 A	0.17710	0.03803	0.78486
359 A	0.17726	0.03730	0.78544
360 A	0.17721	0.03679	0.786
361 G	0.17736	0.03616	0.78648
362 G	0.17772	0.03557	0.78671
363 A	0.17822	0.03511	0.78666
364 A	0.17894	0.03433	0.78673
365 G	0.18135	0.03163	0.78702
366 A	0.18692	0.02574	0.78735
367 G	0.19716	0.01443	0.78841
368 T	0.20127	0.00865	0.79008
369 T	0.20251	0.00667	0.79082
370 T	0.20298	0.00627	0.79076
371 T	0.20317	0.00639	0.79044
372 G	0.20322	0.00669	0.79008
373 G	0.20341	0.00679	0.7898
374 T	0.20365	0.00720	0.78915
375 T	0.20392	0.00750	0.78859
376 T	0.20410	0.00822	0.78768
377 T	0.20418	0.00904	0.78677
378 A	0.20417	0.00975	0.78608
379 G	0.20421	0.00968	0.78611
380 G	0.20429	0.00957	0.78614
381 A	0.20453	0.00925	0.78622
382 A	0.20480	0.00886	0.78634
383 C	0.20510	0.00838	0.78652
384 T	0.20536	0.00809	0.78656
385 G	0.20550	0.00793	0.78658
386 G	0.20577	0.00765	0.78658
387 G	0.20601	0.00742	0.78657
388 T	0.20624	0.00723	0.78653
389 T	0.20639	0.00715	0.78646
390 A	0.20649	0.00718	0.78634
391 G	0.20666	0.00711	0.78622
392 G	0.20705	0.00678	0.78617
393 T	0.20768	0.00617	0.78616
394 T	0.20832	0.00551	0.78617
395 T	0.20887	0.00493	0.7862
396 G	0.20923	0.00455	0.78622
397 C	0.20996	0.00381	0.78624
398 C	0.21063	0.00314	0.78622
399 T	0.21162	0.00225	0.78613
400 T	0.21243	0.00160	0.78596
401 T	0.21296	0.00134	0.78569
402 T	0.21298	0.00170	0.78533
403 T	0.21297	0.00187	0.78517
404 T	0.21295	0.00189	0.78515
405 T	0.21288	0.00198	0.78514
406 T	0.21279	0.00207	0.78515
407 C	0.21255	0.00231	0.78515
408 C	0.21167	0.00319	0.78513
409 A	0.21088	0.00404	0.78509
410 C	0.20940	0.00555	0.78504
411 A	0.20831	0.00686	0.78483
412 G	0.20812	0.00709	0.78479
413 A	0.20810	0.00717	0.78473
414 T	0.20814	0.00718	0.78468
415 A	0.20809	0.00724	0.78467
416 C	0.20806	0.00726	0.78468
417 T	0.20795	0.00740	0.78465
418 G	0.20767	0.00770	0.78464
419 C	0.20730	0.00810	0.7846
420 T	0.20700	0.00850	0.78451
421 G	0.20651	0.00900	0.78448
422 C	0.20620	0.00934	0.78446
423 A	0.20570	0.00986	0.78444
424 G	0.20543	0.01014	0.78443
425 C	0.20551	0.00998	0.78451
426 T	0.20543	0.01015	0.78442
427 C	0.20512	0.01075	0.78413
428 T	0.20479	0.01247	0.78274
429 T	0.20381	0.01524	0.78095
430 A	0.20118	0.01873	0.78009
431 G	0.19990	0.01959	0.78051
432 A	0.19400	0.02562	0.78038
433 G	0.19108	0.02731	0.78161
434 C	0.18928	0.02838	0.78234
435 A	0.18566	0.03314	0.78119
436 G	0.18324	0.03628	0.78048
437 T	0.18215	0.03800	0.77985
438 A	0.18071	0.03996	0.77932
439 G	0.18023	0.04060	0.77918
440 A	0.18002	0.04095	0.77903
441 A	0.17983	0.04100	0.77918
442 T	0.17972	0.04076	0.77952
443 T	0.17956	0.04076	0.77968
444 A	0.17892	0.04135	0.77974
445 A	0.17869	0.04129	0.78003
446 A	0.17857	0.04085	0.78058
447 T	0.17843	0.04037	0.78119
448 A	0.17803	0.04039	0.78158
449 C	0.17794	0.03991	0.78215
450 A	0.17549	0.04224	0.78226
451 G	0.17481	0.04284	0.78235
452 A	0.17547	0.04172	0.78281
453 T	0.17615	0.03912	0.78473
454 A	0.17570	0.03915	0.78516
455 T	0.17678	0.03165	0.79158
456 T	0.17707	0.02824	0.79469
457 A	0.17689	0.02647	0.79663
458 T	0.17758	0.02239	0.80003
459 T	0.17674	0.02133	0.80193
460 T	0.17535	0.02243	0.80221
461 T	0.17054	0.02781	0.80165
462 G	0.15969	0.04158	0.79873
463 A	0.15409	0.04790	0.798
464 T	0.15164	0.05079	0.79756
465 G	0.14901	0.05474	0.79626
466 G	0.14816	0.05603	0.79581
467 C	0.14790	0.05696	0.79514
468 T	0.14760	0.05885	0.79355
469 A	0.14364	0.06546	0.7909
470 A	0.14287	0.06724	0.78989
471 A	0.14263	0.06767	0.7897
472 A	0.14252	0.06810	0.78937
473 A	0.14271	0.06509	0.7922
474 T	0.14323	0.06236	0.79441
475 G	0.14345	0.06118	0.79538
476 G	0.14378	0.06058	0.79564
477 T	0.14429	0.05962	0.79609
478 G	0.14419	0.06121	0.7946
479 T	0.14433	0.06185	0.79382
480 T	0.14442	0.06251	0.79307
481 G	0.14428	0.06385	0.79187
482 A	0.14445	0.06052	0.79504
483 A	0.14498	0.05726	0.79776
484 G	0.14644	0.04981	0.80375
485 G	0.14968	0.03832	0.81201
486 C	0.15096	0.03320	0.81584
487 G	0.15177	0.03667	0.81156
488 T	0.15470	0.03502	0.81028
489 T	0.15540	0.03734	0.80726
490 T	0.15571	0.04120	0.80309
491 A	0.15482	0.04493	0.80026
492 C	0.15460	0.04359	0.80182
493 A	0.15313	0.05790	0.78896
494 A	0.14353	0.08401	0.77246
495 T	0.13793	0.10494	0.75714
496 A	0.11282	0.17873	0.70846
497 A	0.09994	0.21777	0.68229
498 A	0.09323	0.22889	0.67789
499 G	0.09128	0.23142	0.6773
500 A	0.09135	0.23160	0.67705
501 T	0.09344	0.22931	0.67725
502 C	0.09422	0.22868	0.67709
503 C	0.09510	0.22843	0.67647
504 T	0.09589	0.22915	0.67496
505 A	0.09495	0.23139	0.67366
506 A	0.09438	0.23277	0.67285
507 A	0.09285	0.23437	0.67277
508 A	0.09214	0.23508	0.67278
509 A	0.09249	0.23446	0.67306
510 A	0.09768	0.22862	0.6737
511 C	0.10092	0.22450	0.67458
512 A	0.10399	0.22126	0.67475
513 T	0.10893	0.21601	0.67505
514 A	0.10892	0.21647	0.67461
515 A	0.11000	0.21545	0.67454
516 A	0.11818	0.20684	0.67498
517 G	0.13238	0.17873	0.68889
518 A	0.14706	0.15634	0.69659
519 T	0.19851	0.08019	0.7213
520 G	0.22081	0.04632	0.73287
521 C	0.22602	0.03556	0.73842
522 T	0.22788	0.03242	0.7397
523 T	0.22826	0.03191	0.73983
524 C	0.22791	0.03220	0.73989
525 T	0.22804	0.03257	0.73939
526 T	0.22734	0.03532	0.73733
527 T	0.22426	0.04160	0.73415
528 A	0.21576	0.06375	0.72049
529 T	0.20749	0.08481	0.70769
530 T	0.18894	0.10872	0.70234
531 A	0.13589	0.17589	0.68822
532 A	0.11542	0.20111	0.68347
533 A	0.10581	0.21460	0.6796
534 A	0.10208	0.21879	0.67913
535 G	0.10044	0.21929	0.68028
536 A	0.09983	0.21882	0.68135
537 A	0.10039	0.21622	0.68339
538 A	0.10098	0.21446	0.68457
539 T	0.10203	0.21127	0.6867
540 T	0.10190	0.21079	0.68731
541 G	0.10153	0.21141	0.68706
542 A	0.10135	0.21296	0.68568
543 T	0.10119	0.21443	0.68438
544 T	0.10070	0.22048	0.67882
545 A	0.09946	0.23021	0.67034
546 T	0.09925	0.23381	0.66694
547 A	0.09787	0.23714	0.66499
548 A	0.09765	0.23772	0.66462
549 A	0.09908	0.23406	0.66686
550 G	0.10328	0.22265	0.67408
551 A	0.11784	0.19731	0.68485
552 T	0.13465	0.17037	0.69497
553 A	0.14183	0.14792	0.71025
554 T	0.15544	0.09176	0.75279
555 T	0.15841	0.07412	0.76746
556 T	0.15927	0.06672	0.77401
557 T	0.15704	0.07115	0.77181
558 A	0.15286	0.08478	0.76235
559 G	0.15114	0.09561	0.75325
560 A	0.14956	0.10260	0.74784
561 T	0.14883	0.10973	0.74143
562 A	0.14599	0.12021	0.7338
563 A	0.14360	0.13758	0.71882
564 A	0.14320	0.14514	0.71166
565 A	0.14481	0.14894	0.70625
566 G	0.14705	0.14852	0.70444
567 A	0.15426	0.14640	0.69934
568 T	0.16434	0.14283	0.69283
569 T	0.16860	0.14292	0.68848
570 A	0.17022	0.14958	0.68019
571 A	0.17165	0.15179	0.67656
572 A	0.17305	0.15197	0.67498
573 T	0.17500	0.15122	0.67378
574 A	0.17663	0.15056	0.67282
575 T	0.18060	0.14650	0.6729
576 T	0.18280	0.14377	0.67343
577 A	0.18371	0.14232	0.67397
578 T	0.18570	0.13898	0.67532
579 G	0.18653	0.13664	0.67682
580 G	0.19008	0.13083	0.67909
581 A	0.19977	0.11850	0.68173
582 T	0.21211	0.10450	0.6834
583 A	0.21742	0.09754	0.68503
584 T	0.22575	0.08754	0.68671
585 G	0.23181	0.07910	0.68909
586 A	0.24445	0.06397	0.69158
587 C	0.25143	0.05555	0.69302
588 T	0.25840	0.04835	0.69324
589 G	0.26041	0.04623	0.69335
590 C	0.26692	0.03968	0.6934
591 C	0.27335	0.03327	0.69338
592 G	0.27755	0.02910	0.69336
593 T	0.28701	0.01961	0.69338
594 C	0.29082	0.01590	0.69328
595 T	0.29328	0.01378	0.69294
596 C	0.29344	0.01386	0.6927
597 T	0.29353	0.01474	0.69173
598 T	0.29162	0.01856	0.68983
599 T	0.28901	0.02278	0.68821
600 G	0.28334	0.03117	0.68548
601 T	0.27925	0.03772	0.68303
602 G	0.26845	0.04927	0.68228
603 T	0.26278	0.05594	0.68128
604 T	0.25381	0.06629	0.6799
605 G	0.22932	0.09397	0.67671
606 G	0.21707	0.11160	0.67133
607 G	0.21032	0.12305	0.66664
608 A	0.20830	0.13006	0.66164
609 A	0.20750	0.13349	0.659
610 A	0.20708	0.13500	0.65792
611 A	0.20680	0.13551	0.65768
612 T	0.20673	0.13518	0.6581
613 A	0.20645	0.13541	0.65815
614 A	0.20645	0.13513	0.65842
615 A	0.20651	0.13426	0.65924
616 G	0.20664	0.13303	0.66033
617 T	0.20708	0.13098	0.66194
618 T	0.20757	0.12962	0.66281
619 G	0.20793	0.12789	0.66418
620 A	0.20929	0.12518	0.66554
621 T	0.21205	0.11977	0.66818
622 A	0.21376	0.11433	0.67191
623 T	0.21773	0.10226	0.68001
624 T	0.22064	0.09229	0.68707
625 T	0.22256	0.07680	0.70065
626 T	0.22338	0.07080	0.70581
627 A	0.22336	0.06518	0.71146
628 G	0.22634	0.04493	0.72872
629 T	0.23269	0.03299	0.73432
630 T	0.23552	0.03150	0.73297
631 T	0.23570	0.04372	0.72059
632 T	0.23255	0.05540	0.71205
633 T	0.21895	0.07972	0.70134
634 G	0.20360	0.10432	0.69208
635 A	0.19374	0.11957	0.68669
636 T	0.18785	0.12924	0.68291
637 A	0.17560	0.15758	0.66682
638 T	0.16794	0.17772	0.65434
639 G	0.13709	0.23024	0.63267
640 A	0.10750	0.26752	0.62498
641 A	0.08772	0.29434	0.61794
642 T	0.07894	0.31110	0.60996
643 A	0.06533	0.33209	0.60258
644 C	0.05900	0.34060	0.6004
645 A	0.05243	0.35294	0.59464
646 A	0.04901	0.35871	0.59229
647 A	0.04779	0.36087	0.59134
648 A	0.04769	0.36137	0.59093
649 G	0.04847	0.36058	0.59095
650 G	0.04993	0.35769	0.59238
651 A	0.05177	0.35536	0.59287
652 A	0.05822	0.34829	0.59348
653 A	0.06892	0.33520	0.59589
654 T	0.08880	0.30972	0.60148
655 A	0.09662	0.29650	0.60688
656 T	0.10558	0.27355	0.62087
657 T	0.10874	0.25848	0.63279
658 A	0.10441	0.26017	0.63542
659 A	0.09867	0.26919	0.63214
660 A	0.09831	0.26789	0.6338
661 A	0.10477	0.25518	0.64006
662 A	0.12118	0.21238	0.66644
663 A	0.12882	0.17469	0.69649
664 G	0.13715	0.14754	0.71531
665 T	0.14688	0.13195	0.72117
666 T	0.15361	0.12626	0.72013
667 G	0.15440	0.13671	0.70889
668 T	0.15770	0.14116	0.70114
669 T	0.15784	0.15048	0.69169
670 T	0.15664	0.16291	0.68044
671 T	0.15326	0.18664	0.6601
672 A	0.11911	0.24767	0.63321
673 A	0.09856	0.27915	0.6223
674 A	0.08311	0.30036	0.61653
675 A	0.07078	0.31991	0.6093
676 G	0.06582	0.33147	0.60271
677 A	0.06341	0.33903	0.59756
678 A	0.06343	0.34074	0.59583
679 A	0.06419	0.33989	0.59592
680 A	0.06621	0.33662	0.59717
681 A	0.07232	0.32549	0.60219
682 A	0.08196	0.30890	0.60914
683 T	0.09177	0.28614	0.62208
684 A	0.09202	0.28180	0.62618
685 G	0.09400	0.27640	0.62959
686 G	0.09777	0.27110	0.63113
687 T	0.10433	0.26411	0.63156
688 A	0.10876	0.25967	0.63156
689 C	0.12542	0.24083	0.63375
690 T	0.14931	0.21804	0.63265
691 T	0.16490	0.20515	0.62995
692 T	0.17244	0.20420	0.62336
693 G	0.17018	0.21271	0.6171
694 A	0.17445	0.20878	0.61677
695 T	0.19368	0.15488	0.65144
696 T	0.19925	0.13067	0.67007
697 A	0.19941	0.11701	0.68359
698 C	0.20498	0.10033	0.69468
699 T	0.21001	0.09363	0.69636
700 T	0.20918	0.09612	0.6947
701 C	0.19086	0.11791	0.69124
702 T	0.17877	0.13683	0.68441
703 A	0.16547	0.15442	0.68012
704 A	0.16050	0.16583	0.67367
705 G	0.15635	0.17338	0.67026
706 A	0.15241	0.18243	0.66516
707 G	0.15236	0.18373	0.66392
708 G	0.15210	0.18922	0.65867
709 A	0.14981	0.21988	0.63032
710 A	0.14823	0.23730	0.61446
711 T	0.14737	0.24909	0.60354
712 A	0.13541	0.27220	0.5924
713 A	0.13479	0.27950	0.58572
714 A	0.13425	0.28772	0.57803
715 A	0.13647	0.28894	0.57459
716 A	0.14039	0.27845	0.58117
717 T	0.14155	0.27061	0.58785
718 A	0.11831	0.29707	0.58462
719 A	0.09887	0.32420	0.57693
720 A	0.09017	0.34297	0.56686
721 A	0.08210	0.36597	0.55194
722 A	0.07633	0.37252	0.55114
723 A	0.07671	0.36724	0.55605
724 T	0.08054	0.34715	0.57231
725 T	0.08514	0.33106	0.5838
726 C	0.08426	0.32425	0.59148
727 A	0.08397	0.32664	0.58939
728 A	0.08574	0.32430	0.58996
729 C	0.09092	0.31711	0.59197
730 A	0.09557	0.31206	0.59237
731 A	0.10356	0.30366	0.59278
732 A	0.12951	0.27514	0.59535
733 A	0.14445	0.25728	0.59826
734 T	0.15705	0.24134	0.60161
735 C	0.16546	0.21647	0.61807
736 A	0.17168	0.20671	0.62161
737 A	0.17925	0.19444	0.62631
738 T	0.18614	0.18209	0.63178
739 G	0.18869	0.17596	0.63535
740 A	0.19264	0.16976	0.6376
741 G	0.20015	0.13413	0.66571
742 G	0.21087	0.10270	0.68642
743 A	0.22441	0.07944	0.69614
744 A	0.24473	0.04872	0.70655
745 T	0.25301	0.02777	0.71922
746 G	0.25724	0.01457	0.72819
747 A	0.26428	0.00000	0.73572
