# lcl|CP097583.1_cds_USQ93153.1_1
# AA	inside	membr	outside
1 A	0.61903	0.00000	0.38097
2 T	0.61760	0.00143	0.38097
3 G	0.61244	0.00659	0.38097
4 A	0.61244	0.08472	0.30284
5 A	0.59140	0.17726	0.23135
6 A	0.59140	0.19354	0.21507
7 A	0.54754	0.24106	0.21141
8 A	0.54753	0.24111	0.21136
9 A	0.54512	0.24461	0.21028
10 A	0.54511	0.28031	0.17458
11 A	0.54456	0.28200	0.17344
12 A	0.54093	0.28630	0.17277
13 A	0.53839	0.29044	0.17117
14 T	0.53839	0.29044	0.17117
15 A	0.53839	0.29637	0.16524
16 T	0.53837	0.29639	0.16524
17 T	0.53833	0.29644	0.16524
18 T	0.53833	0.29649	0.16519
19 T	0.53824	0.29660	0.16516
20 C	0.53757	0.29778	0.16466
21 T	0.53453	0.30075	0.16471
22 A	0.53600	0.29933	0.16467
23 T	0.54220	0.29257	0.16524
24 T	0.55334	0.28107	0.16558
25 A	0.55814	0.27401	0.16784
26 T	0.56531	0.25634	0.17835
27 C	0.62164	0.18671	0.19165
28 A	0.67733	0.11544	0.20724
29 T	0.69593	0.09451	0.20955
30 T	0.70521	0.06041	0.23439
31 G	0.70633	0.05899	0.23469
32 T	0.70998	0.05395	0.23607
33 T	0.73562	0.02747	0.23691
34 G	0.73670	0.02553	0.23777
35 T	0.73951	0.01964	0.24085
36 T	0.74135	0.01605	0.24261
37 T	0.74169	0.01564	0.24266
38 C	0.74462	0.01270	0.24267
39 T	0.74468	0.01343	0.2419
40 A	0.74460	0.01439	0.24102
41 T	0.74473	0.01462	0.24065
42 T	0.74458	0.01511	0.24031
43 T	0.74413	0.01546	0.24042
44 T	0.74268	0.01555	0.24176
45 A	0.74114	0.01697	0.24189
46 T	0.74054	0.01739	0.24207
47 T	0.73946	0.01824	0.24229
48 T	0.73820	0.01926	0.24253
49 T	0.73606	0.02243	0.24152
50 T	0.73394	0.02537	0.24068
51 A	0.73112	0.03026	0.23862
52 T	0.72731	0.03478	0.23792
53 G	0.72305	0.04020	0.23676
54 T	0.72139	0.04310	0.23551
55 T	0.71810	0.04665	0.23525
56 T	0.71430	0.05063	0.23507
57 A	0.71072	0.05498	0.2343
58 T	0.70768	0.05879	0.23354
59 C	0.70597	0.06074	0.23329
60 T	0.70507	0.06326	0.23167
61 T	0.70270	0.06828	0.22902
62 A	0.69827	0.07780	0.22393
63 T	0.69611	0.08444	0.21944
64 T	0.68832	0.10109	0.21059
65 A	0.67821	0.11198	0.20982
66 T	0.67535	0.11410	0.21055
67 T	0.67181	0.11654	0.21166
68 T	0.66106	0.12764	0.2113
69 C	0.64307	0.14823	0.20871
70 A	0.62736	0.18368	0.18896
71 A	0.61442	0.19766	0.18792
72 A	0.57869	0.23348	0.18783
73 A	0.54145	0.27051	0.18804
74 T	0.52152	0.28880	0.18968
75 C	0.46779	0.33876	0.19344
76 A	0.40885	0.40101	0.19014
77 A	0.37075	0.44349	0.18576
78 A	0.33830	0.48070	0.181
79 A	0.30971	0.51948	0.17081
80 A	0.29250	0.56402	0.14348
81 T	0.28121	0.60577	0.11303
82 A	0.25954	0.65047	0.09
83 A	0.25096	0.66998	0.07906
84 A	0.24539	0.67722	0.0774
85 A	0.24709	0.67056	0.08234
86 A	0.25011	0.66269	0.0872
87 T	0.25819	0.64210	0.09971
88 C	0.25848	0.62889	0.11263
89 C	0.25837	0.62735	0.11428
90 A	0.25894	0.63033	0.11073
91 G	0.25803	0.63125	0.11072
92 A	0.25906	0.63087	0.11007
93 T	0.27244	0.61510	0.11246
94 A	0.27176	0.60997	0.11827
95 A	0.27262	0.56751	0.15987
96 T	0.27437	0.52163	0.204
97 A	0.27167	0.50154	0.22679
98 A	0.27148	0.45216	0.27636
99 A	0.27544	0.39856	0.326
100 A	0.28105	0.35286	0.36609
101 A	0.28886	0.30774	0.40341
102 G	0.30567	0.25074	0.44359
103 G	0.34231	0.19481	0.46288
104 T	0.38375	0.13950	0.47675
105 T	0.40409	0.10804	0.48787
106 A	0.40996	0.10142	0.48862
107 T	0.41235	0.10357	0.48408
108 C	0.41205	0.10821	0.47974
109 T	0.41180	0.13692	0.45129
110 T	0.41099	0.16418	0.42483
111 A	0.40808	0.19049	0.40142
112 T	0.40984	0.20040	0.38975
113 T	0.40903	0.20251	0.38845
114 A	0.40121	0.20965	0.38915
115 T	0.39763	0.21272	0.38965
116 T	0.38609	0.22591	0.38801
117 C	0.38083	0.23361	0.38557
118 A	0.37853	0.25180	0.36967
119 A	0.37832	0.25721	0.36446
120 T	0.38053	0.25638	0.36309
121 T	0.37927	0.26280	0.35793
122 G	0.36661	0.27803	0.35536
123 G	0.31061	0.33786	0.35153
124 G	0.28584	0.36704	0.34712
125 G	0.27750	0.37853	0.34396
126 A	0.27575	0.38495	0.3393
127 G	0.27793	0.38457	0.3375
128 A	0.28553	0.38060	0.33387
129 A	0.29834	0.37163	0.33003
130 T	0.32947	0.34503	0.32549
131 A	0.33897	0.34242	0.3186
132 T	0.36532	0.32249	0.31219
133 A	0.37465	0.32350	0.30185
134 T	0.38359	0.31967	0.29674
135 T	0.37778	0.32381	0.29841
136 G	0.33144	0.36458	0.30398
137 A	0.32105	0.36699	0.31195
138 A	0.30459	0.37707	0.31834
139 C	0.28832	0.37954	0.33214
140 C	0.28101	0.38188	0.33711
141 T	0.28754	0.37485	0.33762
142 A	0.27982	0.38513	0.33505
143 G	0.27714	0.39034	0.33252
144 T	0.28093	0.38972	0.32934
145 A	0.27817	0.39055	0.33128
146 T	0.27810	0.33929	0.38261
147 T	0.27378	0.32494	0.40128
148 A	0.26972	0.33646	0.39382
149 T	0.26128	0.36097	0.37776
150 A	0.24509	0.42815	0.32676
151 A	0.23699	0.49801	0.26501
152 A	0.23217	0.53078	0.23705
153 A	0.22458	0.57308	0.20233
154 A	0.22068	0.60625	0.17306
155 A	0.22212	0.64725	0.13064
156 A	0.22981	0.64754	0.12266
157 T	0.23778	0.63448	0.12773
158 A	0.23620	0.63005	0.13375
159 T	0.23440	0.59146	0.17413
160 A	0.23011	0.59414	0.17575
161 A	0.22755	0.58294	0.18951
162 T	0.22645	0.56209	0.21145
163 G	0.22325	0.55327	0.22348
164 A	0.22185	0.54607	0.23209
165 A	0.22359	0.53685	0.23957
166 C	0.22539	0.52712	0.24748
167 A	0.22766	0.52451	0.24783
168 A	0.23722	0.51273	0.25005
169 T	0.25094	0.49349	0.25557
170 C	0.25870	0.48532	0.25598
171 A	0.27166	0.50935	0.219
172 G	0.29159	0.51070	0.19771
173 A	0.33843	0.52061	0.14095
174 T	0.39977	0.47308	0.12714
175 A	0.42299	0.46840	0.10861
176 A	0.45859	0.43324	0.10816
177 A	0.49234	0.39452	0.11314
178 T	0.54085	0.33968	0.11947
179 T	0.55414	0.32450	0.12136
180 T	0.55931	0.31919	0.12151
181 A	0.56178	0.31923	0.11898
182 T	0.56473	0.31868	0.1166
183 T	0.56658	0.31706	0.11636
184 A	0.56584	0.32097	0.11319
185 T	0.56509	0.32472	0.11018
186 A	0.56035	0.32852	0.11112
187 A	0.55746	0.33080	0.11173
188 A	0.55784	0.32885	0.11331
189 A	0.55414	0.33073	0.11513
190 C	0.55437	0.32921	0.11642
191 A	0.55994	0.32771	0.11235
192 A	0.56838	0.32006	0.11156
193 A	0.58846	0.29897	0.11257
194 G	0.63178	0.25363	0.11459
195 T	0.67744	0.20768	0.11489
196 T	0.74799	0.13455	0.11746
197 T	0.76924	0.11355	0.11721
198 T	0.78200	0.10117	0.11683
199 T	0.78850	0.09338	0.11812
200 T	0.79134	0.09007	0.11859
201 T	0.79149	0.09006	0.11845
202 T	0.78889	0.09186	0.11925
203 C	0.78788	0.09126	0.12086
204 A	0.78840	0.09083	0.12077
205 T	0.79008	0.08957	0.12034
206 C	0.78497	0.09512	0.11992
207 T	0.77979	0.10462	0.1156
208 A	0.71960	0.16899	0.11141
209 A	0.69625	0.18968	0.11407
210 T	0.68396	0.20015	0.11589
211 G	0.65543	0.22933	0.11523
212 A	0.63451	0.24938	0.11611
213 A	0.61512	0.26963	0.11526
214 T	0.61271	0.26941	0.11787
215 T	0.60167	0.27981	0.11852
216 A	0.58298	0.29941	0.1176
217 G	0.57863	0.30478	0.11659
218 C	0.57797	0.30636	0.11567
219 A	0.57379	0.31502	0.11119
220 G	0.57101	0.32340	0.10559
221 T	0.57348	0.32184	0.10468
222 T	0.56308	0.33375	0.10317
223 A	0.53970	0.36194	0.09836
224 A	0.51016	0.39254	0.0973
225 C	0.49408	0.40455	0.10136
226 A	0.48571	0.41732	0.09697
227 A	0.48110	0.42209	0.09681
228 A	0.48071	0.42104	0.09825
229 A	0.48024	0.41858	0.10119
230 T	0.48356	0.40841	0.10802
231 T	0.48234	0.35025	0.1674
232 A	0.47575	0.33339	0.19086
233 A	0.47504	0.31839	0.20658
234 A	0.47581	0.28697	0.23722
235 G	0.47923	0.25725	0.26351
236 C	0.48372	0.22485	0.29143
237 T	0.48538	0.22732	0.28729
238 G	0.48647	0.23129	0.28224
239 G	0.48842	0.23142	0.28016
240 T	0.49095	0.24388	0.26516
241 A	0.49062	0.25118	0.25819
242 A	0.49255	0.24725	0.26019
243 T	0.49785	0.23968	0.26247
244 A	0.49843	0.24826	0.25331
245 A	0.50023	0.27526	0.22452
246 A	0.50594	0.27339	0.22067
247 T	0.51051	0.25440	0.23508
248 A	0.51168	0.26461	0.22371
249 T	0.51757	0.26350	0.21893
250 G	0.51783	0.28491	0.19726
251 A	0.52035	0.28377	0.19588
252 T	0.52427	0.27937	0.19635
253 A	0.52590	0.27759	0.19651
254 T	0.53033	0.26859	0.20109
255 C	0.53116	0.26196	0.20688
256 G	0.53190	0.26063	0.20747
257 C	0.53434	0.25823	0.20744
258 C	0.53861	0.25648	0.20491
259 A	0.54237	0.27820	0.17943
260 T	0.56230	0.27559	0.16211
261 T	0.57559	0.29119	0.13322
262 T	0.57988	0.31053	0.10959
263 T	0.58089	0.31567	0.10343
264 A	0.57242	0.32680	0.10078
265 A	0.56813	0.33077	0.1011
266 G	0.54897	0.35055	0.10047
267 C	0.54154	0.35859	0.09987
268 G	0.56962	0.33747	0.09291
269 A	0.58907	0.32119	0.08975
270 A	0.60354	0.30925	0.08721
271 T	0.62183	0.29113	0.08704
272 A	0.61841	0.29465	0.08694
273 C	0.62845	0.28260	0.08895
274 G	0.62454	0.28723	0.08823
275 C	0.62534	0.28618	0.08848
276 T	0.63036	0.28142	0.08822
277 A	0.62648	0.28587	0.08765
278 T	0.62536	0.28706	0.08758
279 C	0.61694	0.29490	0.08815
280 G	0.61057	0.30129	0.08813
281 A	0.59785	0.31382	0.08833
282 A	0.62058	0.29085	0.08857
283 C	0.63164	0.27933	0.08902
284 A	0.65235	0.26036	0.08729
285 A	0.66393	0.24642	0.08965
286 T	0.66302	0.24332	0.09366
287 T	0.63702	0.26510	0.09788
288 A	0.40850	0.49655	0.09494
289 A	0.31140	0.57539	0.11322
290 A	0.26600	0.60739	0.12662
291 A	0.23728	0.62861	0.13412
292 G	0.21702	0.64463	0.13835
293 A	0.20404	0.65909	0.13687
294 T	0.19615	0.66127	0.14259
295 A	0.18753	0.66335	0.14913
296 A	0.18430	0.65919	0.15651
297 T	0.18410	0.65205	0.16385
298 C	0.18234	0.65666	0.161
299 A	0.18019	0.68215	0.13766
300 T	0.17680	0.69146	0.13174
301 T	0.17181	0.70614	0.12205
302 T	0.16497	0.71684	0.11819
303 A	0.14999	0.73838	0.11163
304 G	0.14368	0.73582	0.1205
305 A	0.14086	0.73548	0.12367
306 A	0.14024	0.73026	0.1295
307 A	0.14242	0.72070	0.13688
308 A	0.14561	0.70694	0.14745
309 A	0.14904	0.69169	0.15927
310 A	0.15369	0.65192	0.1944
311 T	0.16091	0.39523	0.44386
312 T	0.16524	0.29400	0.54077
313 G	0.17169	0.24345	0.58486
314 A	0.17824	0.21565	0.60612
315 T	0.18849	0.18593	0.62557
316 A	0.19450	0.16432	0.64118
317 C	0.19678	0.15210	0.65112
318 T	0.20012	0.15373	0.64616
319 G	0.20152	0.17164	0.62684
320 A	0.20341	0.19328	0.60331
321 A	0.21818	0.18952	0.5923
322 T	0.24832	0.16293	0.58875
323 T	0.25877	0.14995	0.59128
324 T	0.26311	0.16923	0.56765
325 T	0.24065	0.46066	0.2987
326 T	0.22148	0.60564	0.17287
327 A	0.19324	0.70848	0.09829
328 A	0.17483	0.76397	0.0612
329 A	0.16954	0.78702	0.04343
330 T	0.16448	0.79392	0.0416
331 T	0.15997	0.79854	0.04149
332 T	0.15070	0.80792	0.04138
333 A	0.11901	0.83991	0.04108
334 C	0.10753	0.85153	0.04094
335 C	0.09905	0.86040	0.04055
336 G	0.09375	0.86636	0.03989
337 A	0.09258	0.86816	0.03927
338 A	0.09262	0.86849	0.0389
339 A	0.09374	0.86755	0.03872
340 A	0.09832	0.86299	0.03869
341 A	0.11224	0.84842	0.03934
342 T	0.13820	0.82108	0.04072
343 A	0.15769	0.80074	0.04157
344 A	0.17055	0.78717	0.04229
345 A	0.18188	0.77452	0.0436
346 A	0.20027	0.75198	0.04775
347 A	0.24274	0.70187	0.05539
348 T	0.55342	0.35350	0.09308
349 T	0.68172	0.20381	0.11447
350 T	0.73982	0.12238	0.1378
351 T	0.75337	0.09563	0.151
352 T	0.75396	0.08825	0.15779
353 T	0.74946	0.08113	0.16942
354 A	0.73182	0.09480	0.17338
355 A	0.72560	0.09419	0.18021
356 C	0.72021	0.07428	0.20551
357 T	0.71735	0.07108	0.21157
358 T	0.70536	0.08154	0.2131
359 T	0.63545	0.16239	0.20216
360 G	0.34919	0.47100	0.17981
361 C	0.26273	0.57203	0.16524
362 A	0.18791	0.70758	0.10451
363 A	0.16427	0.75564	0.08008
364 G	0.15165	0.78251	0.06584
365 A	0.14377	0.80743	0.04881
366 A	0.13764	0.82084	0.04152
367 A	0.13064	0.83425	0.0351
368 A	0.12707	0.84066	0.03227
369 A	0.12655	0.84256	0.03089
370 A	0.12651	0.84369	0.0298
371 T	0.12685	0.84296	0.03019
372 A	0.12684	0.84233	0.03083
373 G	0.12729	0.84048	0.03223
374 A	0.12890	0.83713	0.03397
375 T	0.12971	0.83319	0.0371
376 A	0.13018	0.82960	0.04022
377 A	0.13175	0.81439	0.05386
378 A	0.13356	0.80365	0.06278
379 G	0.13524	0.78665	0.07811
380 A	0.13766	0.76985	0.09249
381 A	0.14530	0.74012	0.11459
382 A	0.16796	0.64476	0.18728
383 T	0.20375	0.35093	0.44532
384 A	0.22284	0.25485	0.52231
385 T	0.28058	0.12196	0.59745
386 T	0.29748	0.08749	0.61503
387 T	0.30564	0.07180	0.62256
388 G	0.31048	0.06317	0.62634
389 A	0.31538	0.05541	0.62921
390 T	0.32181	0.04377	0.63442
391 T	0.32387	0.04013	0.636
392 T	0.32446	0.04544	0.63011
393 T	0.32228	0.05260	0.62512
394 A	0.31543	0.07203	0.61254
395 C	0.31264	0.07880	0.60856
396 T	0.31066	0.08251	0.60683
397 A	0.30718	0.08692	0.6059
398 T	0.30707	0.08721	0.60572
399 T	0.30714	0.08744	0.60542
400 C	0.30601	0.08900	0.605
401 C	0.30500	0.09221	0.60279
402 A	0.30564	0.10770	0.58665
403 T	0.30801	0.10776	0.58423
404 A	0.30926	0.10915	0.58159
405 T	0.31226	0.10717	0.58057
406 T	0.31463	0.10579	0.57959
407 T	0.31623	0.10495	0.57882
408 T	0.31689	0.10504	0.57807
409 T	0.31711	0.10611	0.57677
410 A	0.31552	0.10877	0.57571
411 T	0.31508	0.11008	0.57484
412 G	0.31285	0.11660	0.57055
413 G	0.31211	0.12665	0.56124
414 A	0.31294	0.14059	0.54647
415 A	0.31884	0.16356	0.5176
416 A	0.32392	0.19865	0.47743
417 T	0.33675	0.20781	0.45545
418 T	0.33904	0.23497	0.42599
419 T	0.33772	0.26154	0.40074
420 G	0.33339	0.27310	0.39352
421 G	0.32930	0.29361	0.37709
422 G	0.32771	0.32423	0.34806
423 A	0.32701	0.33719	0.33579
424 C	0.33029	0.33870	0.33101
425 T	0.34586	0.33787	0.31626
426 T	0.34788	0.34746	0.30466
427 T	0.34879	0.35779	0.29342
428 T	0.34822	0.36453	0.28725
429 A	0.34609	0.37291	0.281
430 T	0.34579	0.37627	0.27794
431 A	0.34261	0.38553	0.27186
432 T	0.33843	0.39284	0.26872
433 A	0.32159	0.42038	0.25802
434 G	0.30754	0.44917	0.24329
435 A	0.30091	0.49127	0.20782
436 A	0.29520	0.52782	0.17699
437 A	0.29476	0.55017	0.15507
438 A	0.32074	0.53339	0.14587
439 G	0.37032	0.48725	0.14243
440 A	0.40293	0.46224	0.13482
441 T	0.43658	0.42951	0.1339
442 A	0.45588	0.41059	0.13353
443 A	0.46877	0.39573	0.13549
444 A	0.49183	0.36981	0.13837
445 T	0.53954	0.31928	0.14118
446 T	0.55496	0.30173	0.14331
447 T	0.56276	0.29281	0.14442
448 T	0.56532	0.28987	0.14481
449 C	0.55381	0.30179	0.1444
450 T	0.48921	0.36820	0.14259
451 A	0.34698	0.51484	0.13817
452 A	0.29761	0.56786	0.13452
453 A	0.26037	0.60832	0.13132
454 G	0.22709	0.64343	0.12948
455 A	0.19513	0.67688	0.12799
456 A	0.18707	0.67699	0.13594
457 G	0.19158	0.66583	0.14259
458 A	0.22345	0.63382	0.14274
459 A	0.25440	0.59639	0.14921
460 T	0.27767	0.56161	0.16072
461 T	0.28428	0.55187	0.16385
462 A	0.28276	0.55264	0.1646
463 T	0.28788	0.54544	0.16668
464 C	0.28312	0.54897	0.16791
465 A	0.27794	0.55531	0.16675
466 T	0.27658	0.55676	0.16666
467 C	0.27250	0.56147	0.16602
468 T	0.26759	0.57257	0.15984
469 A	0.24703	0.60537	0.1476
470 A	0.23270	0.62285	0.14445
471 A	0.22964	0.62575	0.14461
472 T	0.23023	0.61046	0.15931
473 G	0.23017	0.52627	0.24355
474 G	0.23348	0.38484	0.38169
475 A	0.23730	0.34679	0.41591
476 A	0.24051	0.32723	0.43226
477 A	0.24532	0.29620	0.45848
478 G	0.25446	0.26554	0.48
479 A	0.26515	0.24350	0.49135
480 T	0.27510	0.22711	0.49778
481 T	0.28004	0.23595	0.48401
482 T	0.27875	0.30908	0.41216
483 A	0.26666	0.46807	0.26527
484 A	0.26082	0.52481	0.21437
485 T	0.25698	0.54758	0.19543
486 A	0.24850	0.59967	0.15183
487 A	0.24608	0.64136	0.11257
488 T	0.24781	0.65207	0.10012
489 G	0.24730	0.65097	0.10173
490 A	0.24817	0.64608	0.10575
491 A	0.25408	0.63455	0.11137
492 T	0.26616	0.60251	0.13133
493 C	0.27049	0.58510	0.14442
494 C	0.27622	0.57852	0.14526
495 T	0.28029	0.58276	0.13695
496 A	0.28119	0.60084	0.11797
497 A	0.28417	0.60400	0.11183
498 A	0.29139	0.60081	0.10779
499 T	0.29885	0.59706	0.10409
500 A	0.29918	0.59871	0.10211
501 T	0.31611	0.58581	0.09808
502 A	0.32302	0.58693	0.09005
503 A	0.33811	0.57200	0.08989
504 A	0.36121	0.54704	0.09175
505 A	0.44425	0.45836	0.09739
506 T	0.59294	0.29484	0.11222
507 T	0.64697	0.23392	0.1191
508 G	0.66273	0.21368	0.1236
509 C	0.69610	0.17504	0.12886
510 T	0.72940	0.14362	0.12698
511 T	0.73162	0.14687	0.1215
512 T	0.68910	0.19080	0.12011
513 A	0.64064	0.24222	0.11714
514 T	0.61300	0.27163	0.11537
515 A	0.56710	0.32183	0.11107
516 C	0.52689	0.36151	0.11159
517 A	0.46401	0.42573	0.11025
518 A	0.45172	0.43878	0.10949
519 T	0.46053	0.42910	0.11036
520 A	0.45548	0.43330	0.11123
521 A	0.45408	0.43346	0.11245
522 T	0.45891	0.42153	0.11956
523 G	0.46138	0.41006	0.12856
524 C	0.46632	0.39957	0.1341
525 T	0.47297	0.39012	0.1369
526 T	0.47177	0.39037	0.13785
527 T	0.46858	0.39310	0.13832
528 T	0.46008	0.40206	0.13786
529 G	0.42689	0.43612	0.13699
530 A	0.39136	0.47094	0.1377
531 A	0.37290	0.48877	0.13832
532 G	0.37076	0.48177	0.14747
533 G	0.37223	0.47425	0.15352
534 A	0.37700	0.45937	0.16363
535 A	0.37968	0.41079	0.20953
536 T	0.38383	0.35961	0.25656
537 A	0.38563	0.32617	0.2882
538 T	0.39026	0.27853	0.3312
539 T	0.39006	0.24462	0.36532
540 T	0.38719	0.19994	0.41287
541 A	0.37666	0.20809	0.41525
542 T	0.36626	0.22410	0.40965
543 A	0.35088	0.27224	0.37688
544 G	0.33382	0.35078	0.3154
545 G	0.32562	0.40419	0.27018
546 A	0.31952	0.46398	0.21649
547 T	0.31656	0.50005	0.1834
548 T	0.31053	0.52835	0.16112
549 A	0.29620	0.58292	0.12088
550 A	0.28923	0.59429	0.11648
551 A	0.28839	0.58902	0.12258
552 A	0.28851	0.56401	0.14748
553 G	0.29092	0.52918	0.1799
554 C	0.29592	0.51067	0.19341
555 T	0.29963	0.51585	0.18452
556 A	0.30017	0.54374	0.15609
557 T	0.30224	0.55390	0.14386
558 T	0.30290	0.56209	0.135
559 A	0.30269	0.57075	0.12657
560 A	0.30340	0.57417	0.12244
561 T	0.30618	0.57592	0.11791
562 A	0.30738	0.58418	0.10844
563 A	0.31176	0.58393	0.10431
564 A	0.32441	0.56353	0.11206
565 G	0.34400	0.53627	0.11974
566 A	0.39401	0.48363	0.12237
567 T	0.48964	0.38423	0.12612
568 A	0.53684	0.34475	0.11841
569 T	0.59391	0.28639	0.11969
570 T	0.61257	0.27151	0.11592
571 A	0.61635	0.26834	0.11531
572 G	0.63310	0.24243	0.12446
573 T	0.63984	0.23224	0.12792
574 G	0.63776	0.23681	0.12542
575 T	0.64280	0.23811	0.11909
576 A	0.63822	0.25762	0.10416
577 A	0.63622	0.26237	0.10141
578 A	0.60553	0.29569	0.09879
579 T	0.61700	0.28532	0.09769
580 T	0.61325	0.29293	0.09382
581 C	0.58303	0.32707	0.0899
582 A	0.56756	0.34426	0.08819
583 G	0.54370	0.36918	0.08712
584 A	0.52600	0.38855	0.08545
585 A	0.45643	0.45934	0.08423
586 C	0.36305	0.55638	0.08056
587 A	0.24983	0.67764	0.07252
588 A	0.19156	0.73896	0.06949
589 G	0.17729	0.75581	0.06691
590 A	0.18425	0.75248	0.06327
591 T	0.19732	0.73898	0.0637
592 A	0.19757	0.73622	0.06621
593 T	0.20153	0.72683	0.07163
594 T	0.19632	0.72510	0.07857
595 C	0.17826	0.73913	0.08261
596 A	0.15157	0.76587	0.08256
597 A	0.12863	0.78829	0.08309
598 G	0.12061	0.79292	0.08647
599 A	0.12895	0.77956	0.09149
600 A	0.13089	0.77238	0.09673
601 G	0.13439	0.71000	0.15561
602 C	0.13741	0.68118	0.18142
603 T	0.14206	0.66694	0.19099
604 A	0.14001	0.65495	0.20504
605 A	0.13418	0.65250	0.21333
606 A	0.13302	0.63868	0.2283
607 A	0.13327	0.62456	0.24218
608 A	0.13409	0.54318	0.32273
609 A	0.13835	0.42590	0.43575
610 T	0.14675	0.29049	0.56276
611 G	0.14607	0.23858	0.61535
612 G	0.14561	0.26655	0.58784
613 T	0.14622	0.35495	0.49882
614 T	0.14115	0.42270	0.43615
615 A	0.12974	0.54912	0.32114
616 A	0.12209	0.59578	0.28212
617 T	0.12065	0.59825	0.28109
618 A	0.11726	0.60899	0.27376
619 G	0.11637	0.61682	0.26681
620 A	0.11801	0.61586	0.26614
621 C	0.11779	0.61367	0.26853
622 T	0.11639	0.65613	0.22748
623 T	0.11179	0.72246	0.16575
624 A	0.10619	0.77800	0.11581
625 A	0.10499	0.80568	0.08933
626 A	0.10494	0.81854	0.07652
627 A	0.10742	0.81981	0.07277
628 A	0.11167	0.81323	0.0751
629 T	0.11908	0.80459	0.07634
630 A	0.11973	0.80607	0.0742
631 A	0.12131	0.80508	0.07362
632 A	0.12585	0.80122	0.07293
633 A	0.13575	0.79266	0.07159
634 A	0.15849	0.76918	0.07233
635 A	0.22971	0.69326	0.07703
636 T	0.33867	0.57907	0.08226
637 A	0.39601	0.51606	0.08793
638 T	0.49969	0.40195	0.09836
639 C	0.53148	0.36463	0.1039
640 A	0.54530	0.35423	0.10048
641 A	0.57037	0.33308	0.09656
642 T	0.63414	0.26980	0.09606
643 T	0.66751	0.23566	0.09683
644 T	0.67651	0.22629	0.09721
645 A	0.69551	0.20488	0.09961
646 T	0.74123	0.15361	0.10517
647 C	0.75356	0.13680	0.10964
648 T	0.76746	0.12336	0.10919
649 T	0.76575	0.12666	0.10758
650 T	0.75821	0.13433	0.10746
651 T	0.74700	0.14611	0.10689
652 A	0.72450	0.16872	0.10677
653 T	0.71148	0.17992	0.1086
654 C	0.67087	0.21902	0.11012
655 A	0.64133	0.24856	0.1101
656 C	0.63142	0.25837	0.11021
657 T	0.62485	0.26501	0.11014
658 G	0.59989	0.29013	0.10998
659 A	0.59095	0.29932	0.10974
660 T	0.58818	0.30182	0.10999
661 C	0.58270	0.30729	0.11001
662 A	0.57605	0.31340	0.11055
663 A	0.57860	0.31011	0.1113
664 T	0.58380	0.30277	0.11343
665 T	0.58199	0.30377	0.11424
666 A	0.57010	0.31651	0.11339
667 T	0.56059	0.31246	0.12695
668 T	0.54222	0.32794	0.12984
669 A	0.48487	0.38708	0.12805
670 G	0.42813	0.43489	0.13697
671 A	0.39789	0.46220	0.1399
672 T	0.37965	0.47081	0.14954
673 A	0.33708	0.51768	0.14524
674 G	0.29152	0.56515	0.14333
675 A	0.26743	0.58576	0.14681
676 A	0.24592	0.62111	0.13298
677 T	0.23150	0.61297	0.15553
678 G	0.21520	0.61641	0.16838
679 A	0.20549	0.64552	0.14899
680 A	0.19931	0.66233	0.13836
681 A	0.19437	0.66751	0.13812
682 A	0.18957	0.67940	0.13103
683 T	0.18713	0.68267	0.1302
684 A	0.18094	0.69799	0.12106
685 G	0.17626	0.70608	0.11766
686 A	0.17329	0.71827	0.10844
687 A	0.17160	0.72620	0.1022
688 A	0.17188	0.72736	0.10076
689 A	0.17378	0.71539	0.11082
690 A	0.17710	0.70250	0.1204
691 A	0.18336	0.67531	0.14134
692 A	0.19225	0.61151	0.19625
693 T	0.20629	0.53875	0.25496
694 G	0.21430	0.50079	0.28492
695 A	0.22517	0.47355	0.30128
696 A	0.24658	0.41594	0.33748
697 T	0.27042	0.34928	0.38031
698 A	0.28696	0.31042	0.40261
699 T	0.33032	0.24365	0.42603
700 T	0.34475	0.21387	0.44137
701 A	0.35093	0.19712	0.45195
702 T	0.36993	0.17013	0.45994
703 G	0.38027	0.15662	0.46312
704 A	0.39568	0.13868	0.46564
705 T	0.41076	0.12137	0.46787
706 A	0.41166	0.11906	0.46928
707 T	0.42440	0.10098	0.47462
708 T	0.42800	0.09384	0.47815
709 G	0.43036	0.08973	0.4799
710 C	0.43214	0.08882	0.47904
711 T	0.43050	0.10136	0.46814
712 G	0.42876	0.10614	0.4651
713 T	0.42924	0.10962	0.46114
714 A	0.41855	0.12273	0.45872
715 G	0.40675	0.13699	0.45627
716 C	0.40108	0.14418	0.45474
717 T	0.40100	0.14642	0.45258
718 T	0.40018	0.14750	0.45232
719 A	0.39375	0.15426	0.45199
720 T	0.39222	0.15583	0.45194
721 T	0.38908	0.15891	0.45201
722 C	0.38473	0.16227	0.45299
723 A	0.38072	0.16681	0.45246
724 G	0.38073	0.16641	0.45287
725 G	0.38181	0.16642	0.45177
726 T	0.38464	0.16493	0.45043
727 G	0.38579	0.16458	0.44964
728 A	0.38824	0.16073	0.45104
729 T	0.39032	0.15228	0.45739
730 G	0.38897	0.15565	0.45538
731 C	0.38737	0.15422	0.4584
732 A	0.38779	0.16252	0.44969
733 A	0.38989	0.17385	0.43626
734 G	0.39949	0.17548	0.42503
735 A	0.40332	0.20443	0.39225
736 T	0.40823	0.23596	0.3558
737 A	0.40792	0.25538	0.33671
738 T	0.40855	0.25371	0.33773
739 T	0.40711	0.25925	0.33363
740 T	0.39930	0.28132	0.31939
741 A	0.38700	0.32411	0.28888
742 A	0.37609	0.39156	0.23235
743 T	0.36772	0.50278	0.12949
744 G	0.35468	0.53090	0.11442
745 A	0.33847	0.57276	0.08877
746 A	0.32792	0.59692	0.07516
747 A	0.32389	0.60715	0.06896
748 C	0.32054	0.61569	0.06377
749 A	0.32085	0.62911	0.05005
750 A	0.32231	0.62892	0.04878
751 A	0.32586	0.62678	0.04736
752 A	0.33130	0.62153	0.04717
753 T	0.33961	0.61157	0.04882
754 C	0.34365	0.60489	0.05146
755 A	0.35268	0.59573	0.05158
756 A	0.36630	0.58198	0.05172
757 A	0.38587	0.56219	0.05195
758 A	0.42384	0.52346	0.0527
759 T	0.47634	0.47023	0.05343
760 T	0.51116	0.42946	0.05938
761 T	0.52540	0.41061	0.06399
762 A	0.53229	0.39928	0.06843
763 G	0.54302	0.37954	0.07744
764 A	0.56491	0.34910	0.08599
765 A	0.62314	0.28213	0.09473
766 T	0.73566	0.16363	0.10071
767 A	0.75729	0.14052	0.10219
768 T	0.78768	0.09732	0.115
769 T	0.80112	0.07447	0.1244
770 A	0.80323	0.06883	0.12794
771 T	0.80582	0.06233	0.13184
772 C	0.81116	0.05650	0.13235
773 C	0.81166	0.05747	0.13087
774 T	0.80629	0.07045	0.12325
775 T	0.79537	0.08309	0.12154
776 T	0.77491	0.10484	0.12025
777 T	0.72564	0.15569	0.11867
778 A	0.62707	0.25627	0.11665
779 C	0.59963	0.28465	0.11573
780 T	0.57917	0.30814	0.1127
781 A	0.55207	0.33793	0.11
782 A	0.54174	0.34981	0.10846
783 T	0.53437	0.35792	0.1077
784 G	0.50653	0.38671	0.10676
785 A	0.47613	0.41652	0.10735
786 A	0.45728	0.43434	0.10838
787 G	0.45464	0.43518	0.11017
788 G	0.45430	0.43493	0.11078
789 A	0.45697	0.43184	0.1112
790 A	0.46531	0.42202	0.11268
791 C	0.46694	0.41829	0.11476
792 T	0.46764	0.41697	0.1154
793 A	0.46804	0.41536	0.1166
794 A	0.46947	0.41208	0.11846
795 T	0.47187	0.40573	0.1224
796 A	0.47336	0.40113	0.12551
797 T	0.47990	0.36924	0.15087
798 T	0.48207	0.33679	0.18115
799 T	0.48323	0.30460	0.21217
800 G	0.48385	0.25932	0.25684
801 G	0.48557	0.18133	0.3331
802 T	0.48756	0.15783	0.35461
803 T	0.49009	0.13842	0.37148
804 T	0.49086	0.11851	0.39063
805 G	0.48772	0.12327	0.38901
806 A	0.48423	0.13306	0.38271
807 T	0.48218	0.12439	0.39343
808 G	0.47999	0.11317	0.40684
809 G	0.47951	0.10800	0.41249
810 A	0.47952	0.12025	0.40023
811 T	0.48014	0.12705	0.39281
812 T	0.48010	0.13624	0.38367
813 A	0.47981	0.14667	0.37352
814 G	0.47986	0.15666	0.36348
815 T	0.47960	0.18266	0.33773
816 T	0.47805	0.19004	0.33191
817 T	0.47453	0.19504	0.33044
818 T	0.46807	0.20334	0.32859
819 A	0.45260	0.22170	0.3257
820 C	0.43942	0.23810	0.32248
821 C	0.41903	0.27349	0.30748
822 T	0.40270	0.33831	0.25898
823 A	0.38730	0.42212	0.19058
824 A	0.37715	0.45901	0.16384
825 A	0.36815	0.48072	0.15113
826 G	0.36392	0.50045	0.13563
827 A	0.36826	0.52306	0.10867
828 A	0.38035	0.51358	0.10607
829 A	0.39209	0.50381	0.1041
830 G	0.40620	0.48927	0.10453
831 T	0.42304	0.47468	0.10229
832 C	0.42039	0.48386	0.09576
833 A	0.41195	0.50547	0.08258
834 A	0.39053	0.53598	0.07349
835 A	0.38446	0.54785	0.06769
836 A	0.38179	0.55341	0.06479
837 A	0.37515	0.56258	0.06227
838 G	0.37880	0.55888	0.06232
839 A	0.37041	0.56568	0.0639
840 A	0.36693	0.56476	0.06831
841 G	0.36537	0.55611	0.07853
842 G	0.36751	0.53842	0.09407
843 A	0.37385	0.51926	0.10689
844 G	0.39164	0.47975	0.12861
845 C	0.44192	0.41194	0.14615
846 T	0.50917	0.33578	0.15505
847 T	0.53295	0.30645	0.1606
848 A	0.54055	0.29417	0.16529
849 C	0.55325	0.27685	0.16991
850 G	0.57861	0.25075	0.17064
851 A	0.59083	0.23572	0.17345
852 T	0.60770	0.21504	0.17725
853 T	0.61848	0.20343	0.17809
854 T	0.62542	0.19642	0.17816
855 T	0.63078	0.17618	0.19304
856 A	0.63420	0.15346	0.21234
857 T	0.63936	0.11565	0.24498
858 T	0.64372	0.10360	0.25269
859 A	0.64435	0.09990	0.25575
860 A	0.64660	0.08604	0.26736
861 T	0.64946	0.06463	0.2859
862 T	0.65099	0.04979	0.29921
863 T	0.65050	0.04717	0.30233
864 T	0.64736	0.05021	0.30243
865 T	0.63976	0.06206	0.29818
866 T	0.62365	0.08673	0.28963
867 A	0.59859	0.12530	0.27611
868 T	0.58130	0.15680	0.26189
869 T	0.53489	0.24432	0.22079
870 A	0.39887	0.45108	0.15005
871 A	0.27269	0.65662	0.07069
872 A	0.21657	0.71793	0.06549
873 A	0.16628	0.77159	0.06213
874 G	0.11905	0.82259	0.05835
875 A	0.09622	0.84842	0.05536
876 C	0.08053	0.86679	0.05268
877 G	0.06244	0.90070	0.03685
878 A	0.05572	0.91794	0.02635
879 A	0.05383	0.92418	0.02199
880 A	0.05298	0.92736	0.01967
881 A	0.05403	0.92689	0.01907
882 T	0.05599	0.92293	0.02109
883 A	0.05282	0.92568	0.02151
884 G	0.05045	0.92727	0.02227
885 A	0.04726	0.93099	0.02174
886 A	0.04390	0.93487	0.02124
887 A	0.04369	0.93255	0.02376
888 A	0.04759	0.92143	0.03097
889 A	0.05504	0.89927	0.04569
890 A	0.06730	0.86183	0.07087
891 A	0.08356	0.82452	0.09192
892 A	0.12260	0.73898	0.13842
893 A	0.18851	0.55215	0.25934
894 T	0.26342	0.36175	0.37482
895 A	0.26906	0.31381	0.41713
896 A	0.27509	0.26450	0.46041
897 T	0.28324	0.20964	0.50713
898 A	0.28725	0.18776	0.52499
899 A	0.29269	0.16654	0.54078
900 T	0.31164	0.12625	0.56211
901 T	0.32186	0.10719	0.57096
902 T	0.32497	0.10110	0.57394
903 T	0.32355	0.10555	0.57089
904 A	0.30780	0.12901	0.56319
905 T	0.29485	0.14409	0.56106
906 T	0.28441	0.15925	0.55634
907 A	0.27843	0.18566	0.53591
908 A	0.27501	0.20429	0.5207
909 T	0.27609	0.20469	0.51923
910 T	0.27131	0.22314	0.50555
911 A	0.25696	0.26761	0.47544
912 T	0.24942	0.29835	0.45222
913 G	0.23649	0.31935	0.44416
914 A	0.22716	0.33308	0.43976
915 T	0.23044	0.32926	0.4403
916 T	0.23256	0.32658	0.44086
917 C	0.23291	0.32566	0.44143
918 T	0.23845	0.31982	0.44173
919 C	0.23712	0.32197	0.44092
920 C	0.23610	0.32561	0.43829
921 T	0.23962	0.32866	0.43172
922 T	0.24086	0.34007	0.41907
923 A	0.23957	0.35933	0.4011
924 T	0.24012	0.36999	0.3899
925 G	0.23935	0.37874	0.38191
926 A	0.23859	0.38631	0.37509
927 T	0.24417	0.36564	0.39019
928 G	0.23236	0.36620	0.40144
929 A	0.22177	0.37298	0.40525
930 A	0.22238	0.37975	0.39787
931 C	0.22365	0.39078	0.38556
932 A	0.21997	0.45175	0.32828
933 A	0.22457	0.48141	0.29401
934 A	0.23874	0.49169	0.26957
935 A	0.25752	0.48754	0.25494
936 T	0.26343	0.50092	0.23565
937 G	0.24982	0.57730	0.17288
938 A	0.24286	0.62948	0.12766
939 T	0.24036	0.63469	0.12494
940 G	0.22752	0.65590	0.11658
941 A	0.21754	0.67726	0.1052
942 A	0.21439	0.68225	0.10336
943 C	0.21619	0.67951	0.1043
944 A	0.21622	0.69055	0.09323
945 A	0.20360	0.71740	0.079
946 A	0.19171	0.73970	0.06859
947 T	0.18375	0.75795	0.05831
948 A	0.16190	0.78868	0.04941
949 A	0.15418	0.79286	0.05295
950 A	0.14021	0.80435	0.05544
951 A	0.12695	0.80400	0.06906
952 A	0.11871	0.79782	0.08347
953 A	0.12197	0.77690	0.10113
954 G	0.13391	0.75195	0.11413
955 A	0.18077	0.69845	0.12078
956 A	0.21393	0.65594	0.13013
957 C	0.24429	0.60492	0.15079
958 A	0.26073	0.58304	0.15623
959 A	0.28880	0.54942	0.16178
960 T	0.37102	0.44988	0.1791
961 C	0.40548	0.40779	0.18672
962 C	0.40800	0.40289	0.18912
963 A	0.40302	0.40222	0.19476
964 T	0.40646	0.39541	0.19813
965 T	0.37588	0.43596	0.18816
966 A	0.31459	0.52114	0.16427
967 G	0.28301	0.56240	0.15459
968 A	0.26875	0.55706	0.17419
969 A	0.26364	0.53772	0.19864
970 T	0.26690	0.51813	0.21498
971 T	0.24912	0.53635	0.21453
972 A	0.17197	0.65318	0.17486
973 A	0.14356	0.69943	0.15701
974 A	0.11754	0.74430	0.13815
975 A	0.10744	0.75116	0.14139
976 A	0.10316	0.74965	0.14719
977 T	0.10451	0.73968	0.15581
978 A	0.10195	0.74290	0.15515
979 A	0.09741	0.74852	0.15406
980 T	0.09173	0.75591	0.15236
981 T	0.08367	0.76412	0.15221
982 G	0.06688	0.79032	0.1428
983 A	0.06135	0.81519	0.12346
984 A	0.05870	0.82534	0.11595
985 A	0.05726	0.83164	0.11111
986 A	0.06053	0.81119	0.12829
987 A	0.06561	0.79612	0.13827
988 G	0.07997	0.74717	0.17285
989 A	0.10471	0.67673	0.21856
990 T	0.12258	0.62816	0.24926
991 A	0.13010	0.60830	0.2616
992 A	0.14187	0.59868	0.25946
993 G	0.15411	0.58006	0.26583
994 A	0.18337	0.53915	0.27748
995 T	0.23215	0.42663	0.34122
996 A	0.25656	0.38601	0.35744
997 T	0.28732	0.34367	0.36902
998 A	0.28644	0.39527	0.31828
999 T	0.28268	0.43629	0.28103
1000 A	0.24657	0.55886	0.19457
1001 A	0.21947	0.59381	0.18672
1002 A	0.22016	0.59569	0.18414
1003 T	0.22979	0.59093	0.17928
1004 A	0.22657	0.61429	0.15914
1005 C	0.22866	0.61163	0.15971
1006 A	0.23469	0.63448	0.13084
1007 A	0.21985	0.66605	0.1141
1008 T	0.20577	0.69487	0.09936
1009 G	0.16807	0.73707	0.09486
1010 A	0.15315	0.75381	0.09303
1011 A	0.14899	0.75798	0.09303
1012 A	0.14925	0.75786	0.0929
1013 C	0.15320	0.75252	0.09428
1014 A	0.16943	0.74142	0.08915
1015 T	0.19160	0.72252	0.08587
1016 A	0.19729	0.72017	0.08255
1017 T	0.20826	0.71077	0.08097
1018 A	0.20752	0.71507	0.07741
1019 A	0.21530	0.70899	0.07572
1020 A	0.22604	0.69472	0.07924
1021 A	0.27310	0.63519	0.09171
1022 A	0.30829	0.58538	0.10632
1023 A	0.38914	0.46708	0.14377
1024 C	0.40669	0.41807	0.17525
1025 A	0.41909	0.41139	0.16952
1026 A	0.43935	0.40476	0.1559
1027 A	0.46727	0.38365	0.14907
1028 T	0.48857	0.35632	0.15511
1029 T	0.51173	0.32758	0.16069
1030 A	0.52286	0.29292	0.18421
1031 G	0.53305	0.25272	0.21423
1032 T	0.53727	0.21112	0.25161
1033 G	0.53759	0.19327	0.26914
1034 A	0.53988	0.18295	0.27717
1035 T	0.54441	0.16832	0.28728
1036 G	0.54576	0.15893	0.29531
1037 C	0.55073	0.14802	0.30125
1038 T	0.55545	0.14299	0.30156
1039 T	0.55820	0.14073	0.30108
1040 G	0.55902	0.14392	0.29706
1041 G	0.56139	0.14752	0.29109
1042 A	0.56484	0.15998	0.27518
1043 A	0.56542	0.15861	0.27597
1044 T	0.56693	0.15719	0.27588
1045 G	0.56829	0.16104	0.27067
1046 A	0.57054	0.16499	0.26448
1047 A	0.57421	0.16360	0.26219
1048 A	0.58689	0.15314	0.25997
1049 T	0.60890	0.13467	0.25643
1050 T	0.62535	0.12808	0.24657
1051 T	0.62887	0.12949	0.24164
1052 A	0.62933	0.13100	0.23966
1053 T	0.63130	0.13122	0.23748
1054 T	0.62922	0.13900	0.23178
1055 C	0.62476	0.15273	0.22251
1056 T	0.62128	0.15949	0.21923
1057 T	0.61168	0.17129	0.21704
1058 A	0.59477	0.19034	0.21489
1059 T	0.58436	0.20130	0.21435
1060 C	0.56520	0.22095	0.21385
1061 C	0.55095	0.23669	0.21237
1062 A	0.54057	0.24814	0.21129
1063 G	0.54099	0.24763	0.21138
1064 A	0.54679	0.24191	0.21129
1065 T	0.56209	0.22676	0.21116
1066 C	0.56276	0.22594	0.21129
1067 C	0.56502	0.22389	0.21109
1068 T	0.56696	0.22297	0.21007
1069 A	0.56129	0.22958	0.20913
1070 A	0.55860	0.23289	0.20851
1071 A	0.55887	0.23348	0.20764
1072 G	0.56426	0.22963	0.20611
1073 A	0.57624	0.21869	0.20507
1074 T	0.58532	0.20885	0.20583
1075 A	0.58833	0.20522	0.20645
1076 A	0.59292	0.19976	0.20732
1077 A	0.59937	0.19025	0.21039
1078 T	0.60977	0.17196	0.21828
1079 A	0.61270	0.16396	0.22333
1080 T	0.61616	0.14904	0.2348
1081 T	0.61795	0.13427	0.24778
1082 T	0.61679	0.12807	0.25514
1083 A	0.61362	0.12303	0.26335
1084 A	0.61228	0.11476	0.27295
1085 T	0.61173	0.10549	0.28278
1086 A	0.61049	0.10357	0.28594
1087 A	0.61041	0.10048	0.28911
1088 T	0.61127	0.09468	0.29405
1089 T	0.61142	0.08804	0.30053
1090 T	0.61108	0.08405	0.30486
1091 T	0.61071	0.08082	0.30847
1092 A	0.61005	0.07578	0.31417
1093 G	0.61013	0.07107	0.3188
1094 G	0.61086	0.06752	0.32162
1095 T	0.61295	0.06411	0.32293
1096 T	0.61490	0.06135	0.32375
1097 T	0.61599	0.06034	0.32368
1098 A	0.61660	0.05947	0.32394
1099 A	0.61795	0.05742	0.32462
1100 T	0.62013	0.05417	0.3257
1101 T	0.62240	0.05200	0.32559
1102 A	0.62501	0.04909	0.3259
1103 T	0.63140	0.04199	0.32662
1104 T	0.63455	0.03820	0.32724
1105 T	0.63632	0.03512	0.32855
1106 T	0.63835	0.03157	0.33009
1107 A	0.63994	0.02970	0.33036
1108 T	0.64188	0.02696	0.33116
1109 T	0.64403	0.02412	0.33185
1110 T	0.64561	0.02237	0.33202
1111 T	0.64655	0.02161	0.33185
1112 T	0.64726	0.02092	0.33182
1113 A	0.64732	0.02114	0.33154
1114 T	0.64783	0.02012	0.33205
1115 T	0.64773	0.02014	0.33212
1116 T	0.64578	0.02337	0.33085
1117 T	0.64168	0.03109	0.32723
1118 T	0.63267	0.04787	0.31946
1119 A	0.60794	0.09138	0.30068
1120 T	0.59832	0.10860	0.29308
1121 T	0.57325	0.14593	0.28082
1122 A	0.54476	0.18446	0.27079
1123 A	0.51885	0.21807	0.26308
1124 T	0.51719	0.22129	0.26151
1125 A	0.51445	0.22516	0.2604
1126 T	0.51378	0.22646	0.25976
1127 A	0.51385	0.22637	0.25978
1128 T	0.51485	0.22521	0.25994
1129 A	0.51560	0.22427	0.26013
1130 T	0.51729	0.22225	0.26046
1131 C	0.51778	0.22156	0.26066
1132 T	0.51855	0.22069	0.26076
1133 T	0.51904	0.22005	0.26091
1134 T	0.51941	0.21955	0.26104
1135 A	0.51970	0.21912	0.26118
1136 T	0.52045	0.21809	0.26146
1137 A	0.52078	0.21691	0.2623
1138 A	0.52161	0.21376	0.26462
1139 A	0.52361	0.20706	0.26933
1140 G	0.52836	0.19462	0.27702
1141 A	0.53767	0.17436	0.28797
1142 T	0.55983	0.12639	0.31378
1143 A	0.56804	0.10639	0.32558
1144 T	0.58094	0.06717	0.35188
1145 A	0.58824	0.03409	0.37766
1146 A	0.59523	0.00000	0.40478
