# lcl|CP097583.1_cds_USQ93543.1_1
# AA	inside	membr	outside
1 A	0.35809	0.00000	0.64192
2 T	0.35801	0.00008	0.64192
3 G	0.35798	0.00011	0.64192
4 A	0.35798	0.00081	0.64122
5 A	0.35785	0.00127	0.64088
6 A	0.35785	0.00131	0.64085
7 T	0.35779	0.00137	0.64084
8 T	0.35779	0.00137	0.64084
9 T	0.35778	0.00139	0.64083
10 T	0.35778	0.00179	0.64044
11 T	0.35778	0.00184	0.64039
12 T	0.35764	0.00203	0.64033
13 G	0.35634	0.00385	0.63981
14 A	0.35634	0.00385	0.63981
15 T	0.35634	0.00628	0.63738
16 T	0.35633	0.00629	0.63738
17 T	0.35632	0.00633	0.63736
18 T	0.35632	0.00638	0.63731
19 T	0.35626	0.00648	0.63727
20 T	0.35580	0.00757	0.63664
21 T	0.35189	0.01147	0.63664
22 G	0.35152	0.01202	0.63645
23 A	0.35135	0.01249	0.63617
24 T	0.35075	0.01339	0.63586
25 T	0.34940	0.01561	0.63499
26 T	0.34694	0.01837	0.63469
27 T	0.34442	0.02155	0.63403
28 T	0.34120	0.02541	0.6334
29 T	0.33616	0.03100	0.63284
30 C	0.32390	0.04396	0.63214
31 G	0.31300	0.05698	0.63001
32 T	0.30864	0.06443	0.62692
33 A	0.30337	0.07066	0.62597
34 A	0.29929	0.07502	0.62569
35 A	0.29770	0.07664	0.62566
36 T	0.29755	0.07564	0.62682
37 C	0.29679	0.07636	0.62685
38 C	0.29715	0.07599	0.62686
39 T	0.29613	0.07704	0.62683
40 T	0.29449	0.07868	0.62683
41 C	0.28870	0.08451	0.62679
42 T	0.27885	0.09467	0.62648
43 A	0.26238	0.11139	0.62623
44 A	0.24859	0.12239	0.62902
45 A	0.24072	0.13021	0.62906
46 A	0.23855	0.13220	0.62925
47 G	0.23798	0.13044	0.63157
48 G	0.23847	0.12666	0.63486
49 G	0.23882	0.12121	0.63998
50 T	0.23997	0.11670	0.64333
51 T	0.24103	0.11196	0.64702
52 A	0.24132	0.10832	0.65037
53 G	0.24182	0.09678	0.6614
54 A	0.24300	0.08558	0.67141
55 C	0.24518	0.07855	0.67627
56 A	0.24585	0.07533	0.67881
57 T	0.24625	0.07263	0.68112
58 T	0.24602	0.07289	0.68109
59 T	0.24447	0.07590	0.67963
60 A	0.23813	0.08488	0.67699
61 T	0.23269	0.09096	0.67635
62 T	0.22524	0.10562	0.66914
63 A	0.20779	0.13484	0.65737
64 A	0.18918	0.14948	0.66134
65 A	0.18023	0.14900	0.67077
66 T	0.17611	0.14014	0.68375
67 G	0.16584	0.13949	0.69466
68 C	0.16126	0.13844	0.7003
69 T	0.15764	0.14343	0.69893
70 T	0.14751	0.16019	0.6923
71 C	0.13173	0.17999	0.68829
72 A	0.12600	0.19644	0.67756
73 T	0.12389	0.21140	0.66472
74 A	0.11926	0.22910	0.65164
75 T	0.11704	0.24060	0.64236
76 A	0.11421	0.25399	0.63181
77 A	0.11231	0.25978	0.62791
78 A	0.10754	0.26644	0.62602
79 A	0.10448	0.27207	0.62345
80 A	0.10321	0.27458	0.6222
81 A	0.09916	0.27883	0.62201
82 A	0.09812	0.27794	0.62394
83 A	0.09996	0.26924	0.6308
84 A	0.10232	0.25978	0.6379
85 A	0.11037	0.24323	0.64641
86 A	0.12277	0.21535	0.66188
87 T	0.12634	0.19423	0.67943
88 G	0.12703	0.18489	0.68807
89 A	0.12912	0.17868	0.69221
90 T	0.13161	0.16652	0.70187
91 A	0.13012	0.16326	0.70662
92 A	0.13182	0.15620	0.71198
93 T	0.14059	0.13510	0.7243
94 C	0.14422	0.11306	0.74272
95 C	0.15321	0.09962	0.74717
96 T	0.16865	0.08364	0.7477
97 T	0.17872	0.07253	0.74875
98 C	0.18238	0.06815	0.74947
99 T	0.18683	0.06402	0.74916
100 T	0.18721	0.06410	0.7487
101 G	0.18342	0.06566	0.75091
102 T	0.18330	0.06763	0.74907
103 A	0.18106	0.07679	0.74215
104 T	0.18000	0.07901	0.741
105 T	0.17501	0.08448	0.7405
106 T	0.16709	0.09555	0.73735
107 T	0.15577	0.11243	0.7318
108 A	0.13122	0.14643	0.72235
109 A	0.11253	0.16940	0.71807
110 A	0.09868	0.18704	0.71428
111 T	0.09490	0.19294	0.71216
112 A	0.08529	0.20399	0.71072
113 A	0.07784	0.21359	0.70858
114 A	0.07253	0.21844	0.70904
115 A	0.06949	0.22176	0.70874
116 G	0.06437	0.22758	0.70805
117 A	0.06194	0.23173	0.70632
118 A	0.06024	0.23571	0.70405
119 T	0.05960	0.23696	0.70343
120 T	0.05613	0.24437	0.6995
121 A	0.04513	0.26433	0.69054
122 G	0.03838	0.27268	0.68894
123 A	0.03820	0.27647	0.68533
124 A	0.03943	0.27582	0.68475
125 A	0.04465	0.26767	0.68768
126 G	0.05477	0.25273	0.6925
127 T	0.06602	0.24063	0.69335
128 T	0.06905	0.24313	0.68781
129 A	0.07001	0.23821	0.69178
130 A	0.07235	0.22750	0.70014
131 A	0.07130	0.20905	0.71964
132 A	0.06831	0.19388	0.73782
133 C	0.06837	0.17824	0.75338
134 T	0.06910	0.17627	0.75463
135 A	0.06151	0.18355	0.75494
136 A	0.05939	0.18475	0.75586
137 A	0.05580	0.18654	0.75765
138 A	0.05248	0.18898	0.75854
139 G	0.05041	0.18603	0.76356
140 A	0.05311	0.18199	0.76489
141 A	0.05680	0.17488	0.76832
142 A	0.05985	0.16866	0.77149
143 A	0.06690	0.15627	0.77683
144 T	0.07868	0.13281	0.7885
145 C	0.07852	0.12570	0.79577
146 A	0.07731	0.12661	0.79608
147 T	0.07928	0.12484	0.79587
148 C	0.07646	0.12826	0.79528
149 A	0.07139	0.13731	0.7913
150 A	0.06626	0.14571	0.78803
151 T	0.07625	0.13624	0.78752
152 T	0.07594	0.13612	0.78794
153 A	0.07295	0.14091	0.78615
154 G	0.07329	0.13144	0.79527
155 T	0.07464	0.12250	0.80285
156 T	0.07263	0.11933	0.80804
157 A	0.06707	0.12140	0.81154
158 C	0.06812	0.11192	0.81996
159 A	0.06259	0.11577	0.82164
160 A	0.05989	0.11516	0.82496
161 A	0.05674	0.11484	0.82842
162 T	0.05220	0.11605	0.83175
163 G	0.04287	0.12478	0.83235
164 A	0.03741	0.12867	0.83393
165 A	0.03473	0.12931	0.83596
166 A	0.03358	0.12839	0.83803
167 A	0.03267	0.12766	0.83966
168 A	0.03270	0.12355	0.84375
169 A	0.03409	0.11587	0.85004
170 T	0.03618	0.10828	0.85555
171 A	0.03743	0.10182	0.86075
172 A	0.04143	0.09086	0.86771
173 C	0.04580	0.07705	0.87715
174 T	0.04851	0.07282	0.87866
175 T	0.05008	0.06944	0.88048
176 C	0.05159	0.06534	0.88307
177 T	0.05197	0.06466	0.88336
178 T	0.05178	0.06465	0.88357
179 A	0.05130	0.06282	0.88588
180 T	0.05129	0.05687	0.89184
181 T	0.05078	0.05530	0.89392
182 T	0.05002	0.04745	0.90253
183 A	0.04851	0.04406	0.90744
184 A	0.04791	0.03900	0.91309
185 G	0.04754	0.03158	0.92088
186 T	0.04804	0.02196	0.93001
187 G	0.04836	0.01698	0.93466
188 T	0.04894	0.01409	0.93698
189 A	0.04893	0.01293	0.93814
190 T	0.04907	0.01170	0.93923
191 T	0.04901	0.01109	0.9399
192 T	0.04864	0.01104	0.94032
193 A	0.04810	0.01136	0.94055
194 G	0.04767	0.01144	0.94089
195 C	0.04754	0.01143	0.94103
196 A	0.04747	0.01152	0.941
197 A	0.04747	0.01149	0.94104
198 G	0.04758	0.01130	0.94112
199 T	0.04798	0.01084	0.94118
200 T	0.04832	0.01050	0.94119
201 G	0.04849	0.00970	0.9418
202 T	0.04878	0.00853	0.94269
203 T	0.04889	0.00786	0.94325
204 T	0.04894	0.00709	0.94397
205 T	0.04886	0.00637	0.94477
206 T	0.04877	0.00547	0.94576
207 A	0.04842	0.00547	0.9461
208 T	0.04826	0.00524	0.9465
209 T	0.04775	0.00577	0.94648
210 G	0.04695	0.00686	0.94618
211 A	0.04608	0.00864	0.94528
212 T	0.04549	0.00942	0.9451
213 A	0.04476	0.01041	0.94483
214 G	0.04449	0.01066	0.94485
215 T	0.04439	0.01064	0.94497
216 A	0.04407	0.01082	0.94511
217 T	0.04396	0.01059	0.94544
218 T	0.04371	0.01073	0.94556
219 A	0.04307	0.01133	0.9456
220 A	0.04297	0.01141	0.94562
221 C	0.04292	0.01142	0.94566
222 C	0.04292	0.01144	0.94563
223 A	0.04297	0.01148	0.94554
224 T	0.04309	0.01137	0.94555
225 A	0.04304	0.01142	0.94555
226 T	0.04312	0.01133	0.94555
227 T	0.04316	0.01123	0.94561
228 C	0.04315	0.01087	0.94598
229 A	0.04317	0.01068	0.94615
230 T	0.04345	0.00999	0.94657
231 A	0.04351	0.00972	0.94677
232 G	0.04373	0.00898	0.94729
233 G	0.04424	0.00793	0.94784
234 T	0.04539	0.00576	0.94885
235 T	0.04583	0.00462	0.94955
236 T	0.04614	0.00365	0.95022
237 T	0.04621	0.00336	0.95043
238 A	0.04621	0.00322	0.95058
239 T	0.04623	0.00285	0.95092
240 A	0.04607	0.00285	0.95108
241 A	0.04597	0.00268	0.95136
242 C	0.04596	0.00210	0.95195
243 T	0.04596	0.00204	0.952
244 T	0.04582	0.00220	0.95197
245 A	0.04562	0.00244	0.95194
246 T	0.04562	0.00242	0.95196
247 T	0.04552	0.00251	0.95198
248 T	0.04538	0.00249	0.95214
249 T	0.04522	0.00256	0.95222
250 C	0.04496	0.00273	0.95231
251 A	0.04482	0.00283	0.95235
252 T	0.04472	0.00287	0.95241
253 T	0.04445	0.00310	0.95244
254 T	0.04422	0.00330	0.95249
255 T	0.04400	0.00350	0.9525
256 C	0.04372	0.00372	0.95256
257 G	0.04361	0.00386	0.95254
258 A	0.04355	0.00395	0.95249
259 T	0.04352	0.00397	0.95251
260 G	0.04342	0.00405	0.95254
261 T	0.04293	0.00456	0.95251
262 G	0.04140	0.00612	0.95247
263 A	0.04052	0.00713	0.95235
264 T	0.03976	0.00805	0.95219
265 A	0.03934	0.00883	0.95183
266 A	0.03921	0.00916	0.95163
267 T	0.03914	0.00941	0.95146
268 G	0.03889	0.00966	0.95145
269 T	0.03875	0.00994	0.95131
270 A	0.03820	0.01079	0.95101
271 G	0.03553	0.01372	0.95076
272 A	0.03363	0.01561	0.95076
273 T	0.03103	0.01813	0.95084
274 A	0.02452	0.02454	0.95094
275 G	0.02158	0.02725	0.95117
276 C	0.01988	0.02862	0.95151
277 G	0.01876	0.02969	0.95155
278 C	0.01803	0.03045	0.95153
279 A	0.01723	0.03145	0.95132
280 A	0.01705	0.03178	0.95117
281 T	0.01698	0.03194	0.95108
282 A	0.01657	0.03252	0.9509
283 A	0.01642	0.03258	0.951
284 A	0.01642	0.03195	0.95162
285 A	0.01650	0.03036	0.95314
286 A	0.01676	0.02908	0.95417
287 C	0.01708	0.02777	0.95514
288 C	0.01752	0.02700	0.95548
289 A	0.01783	0.02664	0.95552
290 T	0.01825	0.02616	0.95559
291 T	0.01810	0.02621	0.95569
292 A	0.01760	0.02667	0.95573
293 A	0.01739	0.02645	0.95616
294 A	0.01736	0.02342	0.95921
295 A	0.01738	0.02099	0.96163
296 A	0.01757	0.01760	0.96484
297 T	0.01785	0.01077	0.97138
298 T	0.01790	0.00800	0.9741
299 T	0.01790	0.00662	0.97548
300 A	0.01774	0.00599	0.97626
301 T	0.01775	0.00538	0.97687
302 C	0.01775	0.00470	0.97755
303 T	0.01781	0.00453	0.97766
304 A	0.01779	0.00447	0.97775
305 T	0.01798	0.00400	0.97802
306 T	0.01796	0.00390	0.97814
307 C	0.01790	0.00391	0.97819
308 C	0.01786	0.00391	0.97824
309 T	0.01785	0.00401	0.97813
310 T	0.01783	0.00418	0.97799
311 T	0.01780	0.00464	0.97755
312 A	0.01774	0.00507	0.97718
313 A	0.01769	0.00547	0.97685
314 T	0.01764	0.00543	0.97692
315 A	0.01740	0.00531	0.97729
316 A	0.01654	0.00598	0.97748
317 G	0.01625	0.00601	0.97774
318 T	0.01601	0.00622	0.97776
319 A	0.01521	0.00722	0.97757
320 G	0.01495	0.00747	0.97758
321 T	0.01484	0.00759	0.97757
322 A	0.01461	0.00790	0.97749
323 A	0.01455	0.00778	0.97767
324 T	0.01464	0.00758	0.97778
325 T	0.01463	0.00749	0.97788
326 T	0.01457	0.00747	0.97796
327 C	0.01448	0.00747	0.97805
328 G	0.01440	0.00754	0.97807
329 A	0.01432	0.00760	0.97808
330 T	0.01399	0.00789	0.97812
331 C	0.01368	0.00816	0.97816
332 C	0.01352	0.00832	0.97816
333 C	0.01335	0.00849	0.97817
334 A	0.01346	0.00841	0.97814
335 A	0.01365	0.00823	0.97812
336 A	0.01365	0.00824	0.97811
337 T	0.01402	0.00786	0.97812
338 A	0.01411	0.00759	0.97829
339 T	0.01419	0.00656	0.97925
340 A	0.01382	0.00663	0.97955
341 A	0.01372	0.00641	0.97986
342 T	0.01351	0.00587	0.98062
343 A	0.01235	0.00672	0.98092
344 A	0.01169	0.00720	0.98112
345 T	0.01126	0.00730	0.98144
346 C	0.00981	0.00857	0.98162
347 C	0.00893	0.00942	0.98166
348 A	0.00794	0.01050	0.98156
349 G	0.00744	0.01098	0.98158
350 A	0.00725	0.01115	0.98161
351 T	0.00713	0.01123	0.98164
352 A	0.00707	0.01120	0.98173
353 C	0.00703	0.01064	0.98232
354 T	0.00702	0.01035	0.98263
355 A	0.00699	0.01015	0.98285
356 T	0.00700	0.00992	0.98308
357 A	0.00698	0.00977	0.98325
358 A	0.00699	0.00964	0.98337
359 C	0.00702	0.00904	0.98394
360 T	0.00706	0.00888	0.98406
361 A	0.00707	0.00874	0.98418
362 A	0.00711	0.00855	0.98434
363 T	0.00720	0.00809	0.98471
364 A	0.00723	0.00789	0.98488
365 A	0.00724	0.00715	0.9856
366 T	0.00727	0.00560	0.98713
367 T	0.00728	0.00469	0.98803
368 A	0.00729	0.00407	0.98864
369 T	0.00731	0.00276	0.98994
370 A	0.00732	0.00201	0.99067
371 T	0.00742	0.00104	0.99154
372 T	0.00742	0.00056	0.99201
373 G	0.00743	0.00036	0.99221
374 C	0.00744	0.00022	0.99234
375 T	0.00744	0.00019	0.99236
376 T	0.00744	0.00019	0.99237
377 T	0.00744	0.00018	0.99238
378 T	0.00742	0.00021	0.99237
379 T	0.00739	0.00025	0.99236
380 T	0.00735	0.00026	0.9924
381 G	0.00727	0.00032	0.99241
382 T	0.00724	0.00034	0.99242
383 A	0.00720	0.00038	0.99243
384 C	0.00718	0.00038	0.99244
385 C	0.00718	0.00039	0.99244
386 T	0.00718	0.00039	0.99244
387 C	0.00717	0.00039	0.99244
388 T	0.00717	0.00039	0.99244
389 C	0.00717	0.00040	0.99244
390 T	0.00717	0.00040	0.99244
391 C	0.00716	0.00040	0.99244
392 C	0.00716	0.00040	0.99244
393 T	0.00716	0.00040	0.99244
394 A	0.00716	0.00040	0.99244
395 T	0.00716	0.00040	0.99244
396 G	0.00716	0.00040	0.99244
397 G	0.00717	0.00039	0.99244
398 T	0.00718	0.00036	0.99246
399 T	0.00719	0.00034	0.99247
400 A	0.00720	0.00032	0.99249
401 T	0.00721	0.00027	0.99252
402 T	0.00722	0.00023	0.99255
403 T	0.00721	0.00019	0.9926
404 T	0.00720	0.00014	0.99265
405 T	0.00717	0.00014	0.99268
406 G	0.00714	0.00014	0.99271
407 G	0.00713	0.00015	0.99273
408 T	0.00712	0.00016	0.99272
409 A	0.00711	0.00017	0.99272
410 T	0.00710	0.00018	0.99273
411 T	0.00709	0.00019	0.99272
412 G	0.00708	0.00020	0.99272
413 G	0.00705	0.00022	0.99273
414 A	0.00704	0.00023	0.99273
415 G	0.00704	0.00023	0.99273
416 C	0.00704	0.00023	0.99274
417 C	0.00704	0.00023	0.99274
418 C	0.00704	0.00023	0.99274
419 T	0.00704	0.00023	0.99274
420 T	0.00704	0.00023	0.99274
421 T	0.00703	0.00023	0.99274
422 T	0.00703	0.00024	0.99274
423 A	0.00702	0.00024	0.99274
424 T	0.00702	0.00024	0.99274
425 G	0.00701	0.00024	0.99275
426 G	0.00700	0.00024	0.99277
427 A	0.00699	0.00023	0.99278
428 G	0.00699	0.00020	0.9928
429 T	0.00700	0.00017	0.99283
430 C	0.00700	0.00015	0.99285
431 T	0.00700	0.00015	0.99285
432 G	0.00700	0.00014	0.99286
433 G	0.00701	0.00013	0.99286
434 G	0.00701	0.00012	0.99287
435 A	0.00701	0.00012	0.99287
436 T	0.00702	0.00009	0.99289
437 T	0.00702	0.00008	0.9929
438 T	0.00702	0.00008	0.9929
439 T	0.00701	0.00009	0.9929
440 A	0.00700	0.00011	0.99289
441 T	0.00699	0.00012	0.99289
442 T	0.00699	0.00013	0.99288
443 T	0.00697	0.00014	0.99288
444 A	0.00694	0.00018	0.99287
445 T	0.00693	0.00019	0.99287
446 A	0.00691	0.00021	0.99288
447 T	0.00690	0.00021	0.99289
448 A	0.00690	0.00021	0.99289
449 A	0.00689	0.00020	0.9929
450 C	0.00689	0.00020	0.99291
451 T	0.00689	0.00019	0.99291
452 C	0.00689	0.00019	0.99291
453 T	0.00689	0.00019	0.99291
454 T	0.00689	0.00019	0.99291
455 T	0.00689	0.00020	0.99291
456 C	0.00688	0.00021	0.99291
457 T	0.00687	0.00021	0.99291
458 T	0.00685	0.00023	0.99291
459 A	0.00682	0.00027	0.99291
460 A	0.00681	0.00028	0.99291
461 A	0.00681	0.00028	0.99291
462 G	0.00681	0.00027	0.99292
463 T	0.00681	0.00025	0.99294
464 T	0.00682	0.00023	0.99295
465 T	0.00681	0.00022	0.99297
466 G	0.00681	0.00020	0.99298
467 C	0.00682	0.00017	0.99301
468 T	0.00682	0.00016	0.99302
469 A	0.00682	0.00016	0.99303
470 C	0.00682	0.00015	0.99303
471 T	0.00682	0.00015	0.99303
472 G	0.00682	0.00015	0.99303
473 T	0.00682	0.00015	0.99303
474 T	0.00681	0.00016	0.99302
475 T	0.00681	0.00017	0.99302
476 T	0.00680	0.00017	0.99303
477 A	0.00677	0.00019	0.99303
478 T	0.00676	0.00020	0.99304
479 T	0.00675	0.00020	0.99305
480 A	0.00673	0.00021	0.99306
481 A	0.00672	0.00020	0.99308
482 G	0.00672	0.00017	0.99311
483 T	0.00672	0.00016	0.99312
484 A	0.00672	0.00016	0.99312
485 T	0.00672	0.00016	0.99313
486 A	0.00672	0.00015	0.99313
487 T	0.00672	0.00015	0.99314
488 C	0.00671	0.00014	0.99314
489 T	0.00671	0.00014	0.99315
490 T	0.00671	0.00014	0.99315
491 C	0.00671	0.00014	0.99315
492 A	0.00671	0.00014	0.99315
493 G	0.00671	0.00015	0.99315
494 G	0.00671	0.00014	0.99315
495 A	0.00671	0.00014	0.99315
496 T	0.00672	0.00014	0.99315
497 T	0.00672	0.00012	0.99316
498 T	0.00672	0.00011	0.99317
499 T	0.00672	0.00009	0.99318
500 T	0.00672	0.00007	0.99321
501 C	0.00672	0.00006	0.99323
502 G	0.00672	0.00006	0.99323
503 T	0.00672	0.00005	0.99323
504 G	0.00671	0.00007	0.99323
505 G	0.00671	0.00008	0.99321
506 G	0.00671	0.00009	0.9932
507 T	0.00670	0.00010	0.9932
508 A	0.00670	0.00011	0.9932
509 T	0.00670	0.00011	0.9932
510 G	0.00669	0.00011	0.9932
511 C	0.00669	0.00011	0.9932
512 T	0.00669	0.00011	0.9932
513 A	0.00669	0.00011	0.9932
514 T	0.00669	0.00011	0.9932
515 A	0.00669	0.00011	0.9932
516 C	0.00669	0.00011	0.9932
517 G	0.00669	0.00011	0.9932
518 C	0.00669	0.00011	0.9932
519 T	0.00670	0.00011	0.9932
520 T	0.00670	0.00011	0.9932
521 T	0.00669	0.00011	0.9932
522 T	0.00669	0.00011	0.9932
523 G	0.00669	0.00012	0.99319
524 C	0.00669	0.00012	0.9932
525 A	0.00669	0.00012	0.99319
526 A	0.00669	0.00012	0.99319
527 G	0.00670	0.00011	0.99318
528 T	0.00672	0.00010	0.99318
529 A	0.00673	0.00011	0.99316
530 T	0.00674	0.00011	0.99316
531 T	0.00674	0.00012	0.99314
532 T	0.00674	0.00012	0.99314
533 T	0.00674	0.00013	0.99313
534 T	0.00671	0.00016	0.99313
535 T	0.00662	0.00028	0.99309
536 C	0.00643	0.00049	0.99308
537 A	0.00629	0.00064	0.99307
538 A	0.00617	0.00077	0.99306
539 A	0.00613	0.00082	0.99306
540 A	0.00611	0.00084	0.99306
541 C	0.00610	0.00085	0.99306
542 A	0.00610	0.00085	0.99306
543 T	0.00610	0.00085	0.99306
544 T	0.00610	0.00085	0.99306
545 A	0.00609	0.00085	0.99306
546 C	0.00610	0.00085	0.99306
547 C	0.00610	0.00084	0.99306
548 C	0.00610	0.00083	0.99306
549 T	0.00611	0.00082	0.99306
550 C	0.00612	0.00082	0.99306
551 C	0.00613	0.00081	0.99306
552 T	0.00615	0.00079	0.99306
553 G	0.00616	0.00078	0.99306
554 T	0.00618	0.00076	0.99306
555 T	0.00618	0.00075	0.99306
556 A	0.00619	0.00074	0.99307
557 A	0.00620	0.00067	0.99312
558 T	0.00623	0.00051	0.99325
559 T	0.00625	0.00031	0.99344
560 T	0.00626	0.00018	0.99357
561 T	0.00627	0.00008	0.99366
562 T	0.00627	0.00005	0.99368
563 T	0.00627	0.00004	0.9937
564 A	0.00627	0.00004	0.99369
565 T	0.00627	0.00004	0.99369
566 T	0.00627	0.00005	0.99369
567 T	0.00627	0.00006	0.99367
568 T	0.00626	0.00007	0.99366
569 T	0.00626	0.00008	0.99365
570 T	0.00626	0.00009	0.99365
571 A	0.00625	0.00010	0.99365
572 T	0.00625	0.00010	0.99365
573 T	0.00625	0.00010	0.99365
574 C	0.00624	0.00010	0.99365
575 C	0.00624	0.00011	0.99365
576 T	0.00624	0.00011	0.99365
577 T	0.00624	0.00011	0.99365
578 T	0.00624	0.00011	0.99365
579 T	0.00624	0.00012	0.99364
580 T	0.00623	0.00013	0.99364
581 T	0.00623	0.00014	0.99364
582 A	0.00622	0.00015	0.99363
583 G	0.00621	0.00016	0.99363
584 G	0.00621	0.00016	0.99363
585 G	0.00621	0.00016	0.99363
586 A	0.00621	0.00016	0.99362
587 C	0.00623	0.00015	0.99362
588 T	0.00624	0.00015	0.9936
589 A	0.00625	0.00016	0.99359
590 T	0.00626	0.00015	0.99358
591 T	0.00627	0.00015	0.99358
592 T	0.00627	0.00015	0.99357
593 T	0.00627	0.00015	0.99357
594 T	0.00627	0.00015	0.99358
595 G	0.00626	0.00016	0.99358
596 T	0.00626	0.00017	0.99358
597 T	0.00624	0.00018	0.99358
598 A	0.00619	0.00023	0.99358
599 T	0.00617	0.00025	0.99358
600 C	0.00616	0.00026	0.99358
601 A	0.00614	0.00028	0.99358
602 G	0.00614	0.00028	0.99359
603 T	0.00615	0.00027	0.99359
604 T	0.00615	0.00026	0.99359
605 T	0.00615	0.00026	0.9936
606 C	0.00615	0.00025	0.9936
607 A	0.00615	0.00025	0.9936
608 T	0.00615	0.00024	0.99361
609 G	0.00615	0.00024	0.99361
610 T	0.00615	0.00024	0.99361
611 C	0.00615	0.00025	0.9936
612 T	0.00616	0.00025	0.99359
613 T	0.00616	0.00027	0.99357
614 T	0.00615	0.00029	0.99355
615 T	0.00614	0.00032	0.99353
616 T	0.00611	0.00038	0.9935
617 T	0.00607	0.00047	0.99346
618 A	0.00600	0.00063	0.99336
619 T	0.00588	0.00079	0.99333
620 A	0.00561	0.00109	0.9933
621 T	0.00542	0.00128	0.9933
622 T	0.00515	0.00155	0.9933
623 A	0.00495	0.00176	0.99329
624 T	0.00484	0.00186	0.99329
625 T	0.00469	0.00205	0.99325
626 C	0.00447	0.00233	0.9932
627 G	0.00428	0.00282	0.9929
628 A	0.00386	0.00394	0.9922
629 A	0.00340	0.00518	0.99142
630 A	0.00305	0.00652	0.99044
631 A	0.00280	0.00791	0.98929
632 A	0.00264	0.00830	0.98906
633 A	0.00260	0.00855	0.98885
634 A	0.00259	0.00875	0.98866
635 T	0.00260	0.00882	0.98858
636 C	0.00259	0.00895	0.98846
637 A	0.00259	0.00965	0.98776
638 A	0.00257	0.00990	0.98753
639 A	0.00258	0.01000	0.98742
640 A	0.00262	0.00999	0.9874
641 T	0.00271	0.00984	0.98744
642 T	0.00273	0.00967	0.9876
643 A	0.00268	0.00940	0.98791
644 G	0.00268	0.00906	0.98826
645 C	0.00267	0.00873	0.9886
646 G	0.00266	0.00889	0.98844
647 A	0.00267	0.00935	0.98798
648 A	0.00274	0.01007	0.9872
649 A	0.00283	0.01034	0.98684
650 A	0.00308	0.01016	0.98675
651 A	0.00371	0.00912	0.98717
652 A	0.00442	0.00796	0.98761
653 A	0.00535	0.00668	0.98797
654 A	0.00644	0.00533	0.98824
655 C	0.00678	0.00479	0.98843
656 G	0.00712	0.00444	0.98845
657 T	0.00752	0.00403	0.98844
658 A	0.00768	0.00388	0.98844
659 A	0.00786	0.00369	0.98846
660 T	0.00845	0.00309	0.98847
661 T	0.00862	0.00287	0.98851
662 T	0.00869	0.00276	0.98855
663 T	0.00872	0.00270	0.98858
664 A	0.00872	0.00268	0.9886
665 T	0.00873	0.00263	0.98864
666 C	0.00874	0.00257	0.98869
667 A	0.00876	0.00254	0.9887
668 G	0.00882	0.00246	0.98872
669 C	0.00912	0.00215	0.98873
670 G	0.00962	0.00165	0.98873
671 T	0.01048	0.00079	0.98873
672 T	0.01090	0.00037	0.98873
673 T	0.01104	0.00023	0.98873
674 T	0.01105	0.00021	0.98873
675 A	0.01107	0.00019	0.98874
676 T	0.01109	0.00017	0.98874
677 T	0.01110	0.00015	0.98875
678 T	0.01111	0.00014	0.98875
679 T	0.01112	0.00013	0.98875
680 T	0.01112	0.00014	0.98874
681 T	0.01112	0.00017	0.98872
682 A	0.01110	0.00019	0.98871
683 T	0.01109	0.00020	0.98871
684 T	0.01109	0.00021	0.98871
685 T	0.01107	0.00023	0.98871
686 C	0.01105	0.00025	0.98871
687 A	0.01104	0.00027	0.98869
688 T	0.01103	0.00028	0.98869
689 A	0.01103	0.00029	0.98869
690 T	0.01103	0.00029	0.98869
691 T	0.01103	0.00029	0.98868
692 T	0.01103	0.00029	0.98868
693 T	0.01102	0.00030	0.98868
694 A	0.01100	0.00032	0.98868
695 T	0.01100	0.00032	0.98868
696 T	0.01099	0.00033	0.98868
697 C	0.01096	0.00037	0.98867
698 A	0.01093	0.00042	0.98865
699 T	0.01092	0.00044	0.98864
700 A	0.01089	0.00047	0.98864
701 T	0.01089	0.00048	0.98863
702 A	0.01088	0.00049	0.98863
703 G	0.01089	0.00047	0.98863
704 G	0.01091	0.00046	0.98863
705 A	0.01092	0.00045	0.98863
706 T	0.01093	0.00042	0.98865
707 T	0.01094	0.00039	0.98867
708 T	0.01095	0.00038	0.98868
709 A	0.01094	0.00037	0.98869
710 C	0.01095	0.00035	0.9887
711 T	0.01095	0.00036	0.9887
712 T	0.01095	0.00039	0.98866
713 T	0.01094	0.00042	0.98864
714 G	0.01091	0.00046	0.98863
715 A	0.01089	0.00051	0.9886
716 G	0.01088	0.00055	0.98857
717 T	0.01087	0.00056	0.98856
718 A	0.01087	0.00059	0.98854
719 A	0.01087	0.00057	0.98855
720 G	0.01088	0.00053	0.98859
721 T	0.01090	0.00048	0.98861
722 T	0.01091	0.00046	0.98863
723 C	0.01091	0.00044	0.98865
724 G	0.01091	0.00046	0.98863
725 G	0.01092	0.00047	0.98861
726 A	0.01093	0.00049	0.98858
727 T	0.01095	0.00047	0.98857
728 T	0.01096	0.00047	0.98857
729 T	0.01096	0.00049	0.98855
730 G	0.01096	0.00051	0.98853
731 A	0.01096	0.00052	0.98852
732 T	0.01096	0.00054	0.9885
733 A	0.01096	0.00055	0.98849
734 A	0.01098	0.00054	0.98848
735 T	0.01102	0.00049	0.98849
736 T	0.01105	0.00046	0.9885
737 G	0.01106	0.00043	0.98852
738 G	0.01109	0.00039	0.98853
739 T	0.01112	0.00035	0.98853
740 T	0.01114	0.00032	0.98853
741 T	0.01117	0.00030	0.98854
742 T	0.01117	0.00030	0.98854
743 T	0.01117	0.00030	0.98854
744 A	0.01117	0.00030	0.98853
745 A	0.01117	0.00031	0.98853
746 A	0.01118	0.00030	0.98853
747 T	0.01121	0.00027	0.98852
748 T	0.01124	0.00024	0.98852
749 T	0.01126	0.00022	0.98852
750 T	0.01127	0.00021	0.98851
751 A	0.01128	0.00021	0.98851
752 T	0.01130	0.00019	0.98851
753 T	0.01131	0.00018	0.98851
754 A	0.01132	0.00018	0.9885
755 T	0.01134	0.00017	0.98849
756 G	0.01135	0.00016	0.9885
757 T	0.01136	0.00015	0.98849
758 T	0.01137	0.00015	0.98849
759 T	0.01137	0.00015	0.98849
760 T	0.01137	0.00015	0.98848
761 T	0.01137	0.00017	0.98847
762 T	0.01135	0.00019	0.98845
763 T	0.01133	0.00021	0.98845
764 T	0.01129	0.00026	0.98845
765 A	0.01121	0.00034	0.98844
766 G	0.01118	0.00037	0.98845
767 C	0.01117	0.00038	0.98845
768 T	0.01117	0.00039	0.98844
769 A	0.01117	0.00040	0.98843
770 T	0.01118	0.00039	0.98842
771 C	0.01118	0.00039	0.98842
772 T	0.01118	0.00041	0.98841
773 T	0.01118	0.00041	0.9884
774 A	0.01114	0.00046	0.98839
775 G	0.01113	0.00047	0.9884
776 A	0.01114	0.00048	0.98839
777 T	0.01114	0.00047	0.98839
778 T	0.01114	0.00048	0.98839
779 T	0.01113	0.00050	0.98837
780 A	0.01111	0.00057	0.98832
781 G	0.01111	0.00058	0.98831
782 T	0.01111	0.00061	0.98828
783 A	0.01110	0.00067	0.98823
784 T	0.01110	0.00067	0.98822
785 T	0.01109	0.00066	0.98824
786 A	0.01102	0.00071	0.98826
787 G	0.01096	0.00073	0.98831
788 G	0.01094	0.00068	0.98838
789 C	0.01094	0.00066	0.98841
790 G	0.01094	0.00065	0.98842
791 C	0.01094	0.00064	0.98841
792 T	0.01096	0.00065	0.9884
793 T	0.01096	0.00069	0.98835
794 T	0.01094	0.00078	0.98827
795 G	0.01091	0.00098	0.98811
796 A	0.01088	0.00132	0.98781
797 T	0.01086	0.00141	0.98772
798 G	0.01078	0.00166	0.98757
799 T	0.01074	0.00184	0.98742
800 G	0.01064	0.00212	0.98724
801 G	0.01057	0.00247	0.98696
802 G	0.01054	0.00308	0.98639
803 T	0.01058	0.00341	0.98602
804 A	0.01054	0.00438	0.98507
805 A	0.01055	0.00491	0.98455
806 T	0.01057	0.00538	0.98406
807 T	0.01055	0.00569	0.98376
808 A	0.01053	0.00596	0.98352
809 A	0.01051	0.00605	0.98344
810 T	0.01050	0.00609	0.98342
811 T	0.01047	0.00615	0.98338
812 T	0.01041	0.00624	0.98335
813 G	0.01026	0.00644	0.9833
814 G	0.01018	0.00661	0.98322
815 A	0.01014	0.00679	0.98307
816 A	0.01018	0.00690	0.98293
817 A	0.01026	0.00702	0.98272
818 A	0.01047	0.00698	0.98256
819 T	0.01083	0.00674	0.98243
820 A	0.01097	0.00687	0.98216
821 T	0.01122	0.00688	0.9819
822 T	0.01139	0.00736	0.98125
823 G	0.01156	0.00760	0.98083
824 A	0.01185	0.00810	0.98004
825 T	0.01250	0.00776	0.97974
826 A	0.01279	0.00788	0.97933
827 T	0.01374	0.00708	0.97919
828 A	0.01421	0.00680	0.97899
829 T	0.01481	0.00638	0.97882
830 T	0.01501	0.00657	0.97842
831 T	0.01511	0.00705	0.97784
832 A	0.01502	0.00824	0.97674
833 T	0.01456	0.00999	0.97545
834 T	0.01390	0.01082	0.97528
835 G	0.01189	0.01318	0.97493
836 A	0.01092	0.01438	0.97471
837 A	0.01023	0.01531	0.97446
838 C	0.00966	0.01614	0.9742
839 A	0.00878	0.01892	0.97229
840 A	0.00861	0.02006	0.97133
841 A	0.00868	0.02137	0.96994
842 A	0.00883	0.02264	0.96853
843 A	0.00916	0.02312	0.96772
844 A	0.00965	0.02270	0.96766
845 T	0.01053	0.02184	0.96762
846 A	0.01099	0.02136	0.96765
847 T	0.01181	0.02051	0.96767
848 C	0.01206	0.02025	0.96769
849 T	0.01238	0.01999	0.96764
850 C	0.01240	0.02003	0.96757
851 A	0.01226	0.02035	0.96739
852 A	0.01228	0.02057	0.96715
853 A	0.01263	0.02044	0.96694
854 A	0.01318	0.01990	0.96692
855 A	0.01419	0.01884	0.96698
856 T	0.01549	0.01675	0.96776
857 A	0.01567	0.01573	0.96859
858 T	0.01614	0.01325	0.97061
859 G	0.01637	0.01228	0.97135
860 A	0.01669	0.01155	0.97176
861 A	0.01711	0.01056	0.97233
862 T	0.01904	0.00770	0.97326
863 G	0.01984	0.00656	0.9736
864 G	0.02115	0.00513	0.97373
865 C	0.02251	0.00370	0.9738
866 T	0.02319	0.00306	0.97376
867 T	0.02317	0.00327	0.97357
868 C	0.02303	0.00350	0.97347
869 T	0.02300	0.00370	0.97331
870 A	0.02291	0.00409	0.973
871 A	0.02291	0.00424	0.97285
872 T	0.02302	0.00431	0.97267
873 T	0.02308	0.00432	0.9726
874 A	0.02316	0.00409	0.97276
875 G	0.02337	0.00392	0.97271
876 T	0.02355	0.00409	0.97235
877 A	0.02357	0.00420	0.97223
878 T	0.02369	0.00407	0.97224
879 T	0.02375	0.00408	0.97217
880 T	0.02372	0.00414	0.97214
881 C	0.02353	0.00445	0.97202
882 A	0.02341	0.00488	0.97171
883 T	0.02350	0.00501	0.97149
884 T	0.02342	0.00526	0.97132
885 A	0.02318	0.00575	0.97108
886 A	0.02312	0.00590	0.97098
887 T	0.02313	0.00590	0.97097
888 A	0.02312	0.00608	0.9708
889 G	0.02323	0.00593	0.97084
890 T	0.02356	0.00550	0.97094
891 T	0.02370	0.00524	0.97106
892 T	0.02383	0.00507	0.97109
893 C	0.02399	0.00485	0.97115
894 G	0.02410	0.00480	0.97111
895 T	0.02427	0.00467	0.97106
896 T	0.02439	0.00460	0.97102
897 G	0.02449	0.00453	0.97098
898 A	0.02470	0.00443	0.97088
899 A	0.02515	0.00405	0.9708
900 T	0.02537	0.00391	0.97072
901 A	0.02545	0.00395	0.9706
902 T	0.02565	0.00386	0.9705
903 A	0.02570	0.00428	0.97002
904 T	0.02587	0.00426	0.96987
905 T	0.02600	0.00476	0.96924
906 T	0.02586	0.00672	0.96741
907 A	0.02565	0.00725	0.96711
908 T	0.02559	0.00734	0.96707
909 A	0.02452	0.00883	0.96664
910 G	0.02402	0.00952	0.96646
911 C	0.02402	0.00978	0.96621
912 T	0.02323	0.01204	0.96473
913 A	0.02273	0.01387	0.96341
914 T	0.02247	0.01425	0.96327
915 T	0.02193	0.01489	0.96318
916 T	0.02121	0.01567	0.96312
917 T	0.01975	0.01717	0.96308
918 C	0.01771	0.01927	0.96301
919 A	0.01660	0.02084	0.96256
920 G	0.01551	0.02248	0.96201
921 A	0.01446	0.02403	0.96151
922 A	0.01406	0.02480	0.96114
923 T	0.01404	0.02508	0.96088
924 A	0.01387	0.02549	0.96064
925 A	0.01395	0.02540	0.96065
926 T	0.01456	0.02471	0.96073
927 A	0.01483	0.02438	0.96079
928 A	0.01555	0.02347	0.96098
929 C	0.01740	0.02118	0.96142
930 A	0.01786	0.02052	0.96161
931 A	0.01820	0.02000	0.96179
932 T	0.01890	0.01834	0.96276
933 T	0.01926	0.01753	0.9632
934 A	0.01956	0.01716	0.96327
935 T	0.02094	0.01440	0.96466
936 T	0.02198	0.01266	0.96536
937 T	0.02213	0.01186	0.96601
938 T	0.02213	0.01115	0.96672
939 T	0.02200	0.01095	0.96705
940 A	0.02169	0.01098	0.96734
941 G	0.02156	0.01046	0.96797
942 A	0.02171	0.01081	0.96749
943 A	0.02215	0.01114	0.96671
944 T	0.02243	0.01186	0.96571
945 G	0.02208	0.01571	0.96221
946 A	0.01962	0.02704	0.95335
947 T	0.01761	0.03838	0.94402
948 G	0.01379	0.04861	0.9376
949 A	0.01042	0.06393	0.92565
950 A	0.01012	0.06677	0.92311
951 T	0.00994	0.06801	0.92204
952 G	0.00942	0.06977	0.92081
953 A	0.00934	0.07038	0.92028
954 T	0.00933	0.07064	0.92002
955 G	0.00935	0.07063	0.92003
956 A	0.00938	0.07059	0.92003
957 A	0.00947	0.07049	0.92004
958 A	0.00957	0.07037	0.92006
959 C	0.00975	0.07015	0.9201
960 T	0.01004	0.06984	0.92013
961 A	0.01025	0.06959	0.92016
962 A	0.01064	0.06914	0.92022
963 C	0.01138	0.06826	0.92035
964 A	0.01198	0.06761	0.92041
965 A	0.01322	0.06612	0.92066
966 A	0.01534	0.06378	0.92087
967 A	0.01813	0.06075	0.92112
968 A	0.02305	0.05530	0.92166
969 A	0.03370	0.04153	0.92477
970 T	0.04592	0.02631	0.92777
971 A	0.05245	0.01580	0.93175
972 A	0.06430	0.00000	0.93571
