# lcl|CP097583.1_cds_USQ93315.1_1
# AA	inside	membr	outside
1 A	0.12218	0.00000	0.87783
2 T	0.12202	0.00015	0.87783
3 G	0.12185	0.00033	0.87783
4 C	0.12185	0.00051	0.87765
5 A	0.11925	0.00371	0.87705
6 A	0.11925	0.00378	0.87697
7 G	0.11307	0.00999	0.87694
8 A	0.11307	0.01000	0.87694
9 A	0.11281	0.01027	0.87692
10 A	0.11281	0.01123	0.87596
11 T	0.11277	0.01132	0.87591
12 T	0.11179	0.01234	0.87587
13 G	0.10988	0.01438	0.87575
14 G	0.10988	0.01438	0.87575
15 T	0.10988	0.01566	0.87446
16 T	0.10983	0.01571	0.87446
17 T	0.10978	0.01577	0.87446
18 T	0.10977	0.01579	0.87444
19 T	0.10955	0.01604	0.87441
20 C	0.10757	0.01813	0.8743
21 T	0.10468	0.02100	0.87433
22 G	0.10369	0.02209	0.87423
23 T	0.10327	0.02251	0.87422
24 C	0.10202	0.02387	0.87411
25 T	0.10046	0.02584	0.8737
26 T	0.09691	0.03007	0.87302
27 A	0.08907	0.03900	0.87193
28 G	0.08324	0.04459	0.87216
29 G	0.07756	0.05381	0.86864
30 A	0.07285	0.06007	0.86708
31 G	0.06955	0.07409	0.85636
32 G	0.06801	0.08383	0.84816
33 A	0.06748	0.09191	0.84061
34 A	0.06672	0.09626	0.83701
35 T	0.06641	0.09622	0.83737
36 A	0.06553	0.09603	0.83844
37 G	0.06469	0.09700	0.83831
38 G	0.06491	0.09678	0.83831
39 C	0.06421	0.09750	0.83829
40 G	0.06382	0.09819	0.838
41 A	0.06355	0.09882	0.83763
42 A	0.06334	0.09908	0.83758
43 A	0.06331	0.09799	0.8387
44 A	0.06307	0.09645	0.84047
45 T	0.06318	0.09419	0.84264
46 G	0.06314	0.09277	0.84408
47 G	0.06324	0.09115	0.84561
48 A	0.06359	0.09073	0.84567
49 A	0.06439	0.08779	0.84782
50 A	0.06582	0.08107	0.85311
51 A	0.06848	0.07380	0.85772
52 A	0.07337	0.06426	0.86237
53 A	0.08230	0.05111	0.8666
54 T	0.09539	0.03488	0.86973
55 T	0.10304	0.02694	0.87003
56 T	0.10800	0.02236	0.86964
57 A	0.10955	0.02127	0.86918
58 T	0.11008	0.02111	0.86882
59 A	0.11029	0.02148	0.86824
60 T	0.11069	0.02074	0.86858
61 T	0.11086	0.02131	0.86784
62 T	0.11103	0.02181	0.86715
63 A	0.11017	0.02384	0.86599
64 T	0.10961	0.02495	0.86545
65 T	0.10788	0.02709	0.86503
66 A	0.10490	0.03065	0.86444
67 A	0.10428	0.03138	0.86434
68 G	0.10418	0.03134	0.86447
69 A	0.10430	0.03110	0.8646
70 A	0.10502	0.03024	0.86474
71 T	0.10684	0.02829	0.86488
72 C	0.10775	0.02725	0.865
73 G	0.10862	0.02637	0.86501
74 A	0.10937	0.02560	0.86503
75 T	0.11072	0.02424	0.86504
76 T	0.11175	0.02320	0.86505
77 C	0.11266	0.02228	0.86506
78 C	0.11446	0.02046	0.86508
79 T	0.11638	0.01853	0.86509
80 C	0.11732	0.01758	0.8651
81 T	0.11846	0.01646	0.86508
82 T	0.11971	0.01522	0.86508
83 A	0.12031	0.01462	0.86508
84 T	0.12173	0.01291	0.86536
85 T	0.12297	0.01140	0.86563
86 T	0.12409	0.00854	0.86737
87 T	0.12455	0.00695	0.8685
88 G	0.12452	0.00540	0.87008
89 T	0.12469	0.00358	0.87173
90 T	0.12464	0.00358	0.87177
91 T	0.12421	0.00478	0.87101
92 T	0.12382	0.00603	0.87014
93 A	0.12331	0.00814	0.86856
94 G	0.12291	0.00873	0.86836
95 A	0.12239	0.00947	0.86813
96 T	0.11963	0.01233	0.86804
97 T	0.11672	0.01540	0.86787
98 C	0.11115	0.02113	0.86771
99 A	0.10690	0.02558	0.86751
100 G	0.10605	0.02660	0.86735
101 G	0.10549	0.02725	0.86726
102 A	0.10525	0.02763	0.86711
103 T	0.10515	0.02781	0.86703
104 T	0.10496	0.02806	0.86699
105 A	0.10336	0.02978	0.86687
106 A	0.10239	0.03086	0.86675
107 A	0.10211	0.03115	0.86673
108 A	0.10205	0.03111	0.86684
109 T	0.10217	0.03074	0.86709
110 A	0.10230	0.03032	0.86739
111 T	0.10276	0.02921	0.86803
112 C	0.10311	0.02832	0.86857
113 C	0.10357	0.02768	0.86875
114 T	0.10432	0.02696	0.86873
115 A	0.10489	0.02661	0.8685
116 A	0.10616	0.02527	0.86856
117 T	0.10652	0.02474	0.86873
118 A	0.10682	0.02389	0.86929
119 T	0.10710	0.01874	0.87416
120 T	0.10737	0.01519	0.87744
121 T	0.10749	0.00978	0.88272
122 C	0.10752	0.00674	0.88575
123 T	0.10737	0.00717	0.88546
124 A	0.10695	0.00804	0.885
125 T	0.10685	0.00825	0.88489
126 G	0.10667	0.00861	0.88471
127 A	0.10661	0.00877	0.88462
128 G	0.10665	0.00723	0.88612
129 T	0.10677	0.00651	0.88671
130 G	0.10679	0.00777	0.88544
131 G	0.10673	0.01121	0.88206
132 G	0.10656	0.01321	0.88023
133 A	0.10643	0.01938	0.87418
134 T	0.10640	0.02141	0.8722
135 A	0.10628	0.02424	0.86949
136 G	0.10629	0.02452	0.8692
137 A	0.10643	0.02455	0.86902
138 T	0.10673	0.02434	0.86893
139 T	0.10681	0.02446	0.86873
140 C	0.10684	0.02456	0.8686
141 T	0.10684	0.02480	0.86836
142 A	0.10680	0.02510	0.8681
143 T	0.10680	0.02518	0.86802
144 A	0.10668	0.02528	0.86803
145 A	0.10679	0.02514	0.86807
146 T	0.10762	0.02396	0.86843
147 T	0.10820	0.02290	0.8689
148 C	0.10794	0.02291	0.86915
149 C	0.10762	0.02310	0.86928
150 T	0.10741	0.02331	0.86928
151 G	0.10672	0.02401	0.86927
152 A	0.10666	0.02410	0.86924
153 G	0.10841	0.02236	0.86923
154 T	0.11261	0.01809	0.8693
155 A	0.11434	0.01617	0.86949
156 T	0.11948	0.01087	0.86965
157 A	0.11962	0.01065	0.86973
158 C	0.12078	0.00934	0.86989
159 T	0.12049	0.00961	0.8699
160 G	0.11909	0.01105	0.86986
161 C	0.11810	0.01213	0.86977
162 T	0.11576	0.01477	0.86947
163 T	0.11160	0.01919	0.86922
164 T	0.10020	0.03076	0.86904
165 A	0.07496	0.05640	0.86864
166 G	0.05185	0.07989	0.86826
167 A	0.03239	0.09973	0.86788
168 A	0.02007	0.11266	0.86727
169 A	0.01495	0.11897	0.86608
170 A	0.01219	0.12207	0.86574
171 A	0.01047	0.12379	0.86573
172 A	0.00941	0.12468	0.86592
173 T	0.00889	0.12494	0.86618
174 A	0.00818	0.12527	0.86655
175 A	0.00789	0.12530	0.86682
176 A	0.00771	0.12516	0.86713
177 A	0.00759	0.12499	0.86741
178 A	0.00754	0.12454	0.86791
179 A	0.00752	0.12402	0.86846
180 A	0.00749	0.12300	0.86951
181 A	0.00751	0.12215	0.87034
182 A	0.00755	0.12082	0.87163
183 A	0.00766	0.11795	0.87438
184 A	0.00781	0.11358	0.8786
185 T	0.00822	0.10566	0.88611
186 T	0.00848	0.09823	0.89329
187 A	0.00865	0.08766	0.90369
188 A	0.00899	0.06668	0.92433
189 A	0.00942	0.04595	0.94464
190 G	0.00991	0.02645	0.96364
191 G	0.01072	0.01448	0.97481
192 T	0.01217	0.00832	0.97951
193 G	0.01271	0.00545	0.98184
194 T	0.01324	0.00378	0.98298
195 T	0.01353	0.00293	0.98353
196 T	0.01365	0.00283	0.98352
197 T	0.01371	0.00297	0.98332
198 T	0.01373	0.00375	0.98252
199 G	0.01372	0.00402	0.98226
200 T	0.01373	0.00416	0.9821
201 A	0.01372	0.00432	0.98195
202 A	0.01373	0.00432	0.98195
203 C	0.01376	0.00424	0.98199
204 T	0.01382	0.00420	0.98199
205 T	0.01382	0.00419	0.98198
206 C	0.01383	0.00419	0.98199
207 C	0.01382	0.00419	0.98198
208 G	0.01383	0.00421	0.98196
209 C	0.01385	0.00421	0.98194
210 T	0.01392	0.00418	0.98191
211 T	0.01397	0.00416	0.98188
212 T	0.01399	0.00416	0.98185
213 T	0.01401	0.00418	0.98182
214 G	0.01402	0.00418	0.9818
215 A	0.01406	0.00415	0.98179
216 A	0.01421	0.00400	0.9818
217 A	0.01448	0.00371	0.98181
218 C	0.01488	0.00328	0.98184
219 T	0.01555	0.00260	0.98186
220 C	0.01617	0.00196	0.98187
221 A	0.01694	0.00118	0.98188
222 T	0.01735	0.00077	0.98188
223 T	0.01750	0.00061	0.98188
224 C	0.01760	0.00050	0.98191
225 T	0.01762	0.00048	0.9819
226 G	0.01758	0.00050	0.98191
227 G	0.01757	0.00051	0.98192
228 T	0.01758	0.00050	0.98193
229 T	0.01757	0.00050	0.98193
230 C	0.01754	0.00051	0.98194
231 T	0.01756	0.00049	0.98195
232 C	0.01755	0.00050	0.98195
233 T	0.01756	0.00049	0.98195
234 T	0.01757	0.00048	0.98195
235 C	0.01755	0.00049	0.98195
236 C	0.01756	0.00050	0.98194
237 T	0.01755	0.00057	0.98187
238 T	0.01754	0.00068	0.98178
239 A	0.01751	0.00077	0.98172
240 T	0.01750	0.00082	0.98168
241 T	0.01749	0.00092	0.9816
242 T	0.01748	0.00099	0.98153
243 A	0.01746	0.00118	0.98136
244 A	0.01745	0.00126	0.98129
245 T	0.01744	0.00129	0.98127
246 T	0.01734	0.00142	0.98124
247 G	0.01705	0.00182	0.98113
248 A	0.01694	0.00202	0.98104
249 A	0.01690	0.00212	0.98097
250 T	0.01689	0.00222	0.98089
251 A	0.01688	0.00233	0.9808
252 T	0.01687	0.00234	0.98079
253 T	0.01686	0.00241	0.98073
254 T	0.01685	0.00247	0.98068
255 A	0.01680	0.00261	0.98059
256 G	0.01677	0.00265	0.98058
257 A	0.01676	0.00266	0.98057
258 A	0.01674	0.00266	0.9806
259 G	0.01675	0.00260	0.98064
260 C	0.01684	0.00249	0.98068
261 T	0.01697	0.00234	0.98069
262 C	0.01702	0.00227	0.98071
263 C	0.01707	0.00221	0.98072
264 T	0.01715	0.00214	0.98071
265 A	0.01721	0.00208	0.98071
266 T	0.01739	0.00190	0.98071
267 T	0.01749	0.00181	0.9807
268 T	0.01752	0.00177	0.98072
269 A	0.01753	0.00164	0.98083
270 T	0.01762	0.00126	0.98113
271 G	0.01765	0.00111	0.98124
272 C	0.01774	0.00098	0.98128
273 T	0.01789	0.00083	0.98129
274 T	0.01799	0.00072	0.98129
275 C	0.01801	0.00069	0.98129
276 T	0.01808	0.00066	0.98126
277 G	0.01809	0.00071	0.9812
278 A	0.01812	0.00076	0.98112
279 T	0.01813	0.00080	0.98107
280 T	0.01814	0.00088	0.98098
281 T	0.01812	0.00093	0.98095
282 T	0.01804	0.00108	0.98088
283 G	0.01790	0.00139	0.98071
284 T	0.01785	0.00164	0.98051
285 T	0.01750	0.00211	0.98038
286 A	0.01709	0.00267	0.98024
287 T	0.01690	0.00296	0.98014
288 A	0.01640	0.00359	0.98002
289 A	0.01608	0.00405	0.97986
290 A	0.01587	0.00446	0.97968
291 T	0.01574	0.00461	0.97965
292 A	0.01554	0.00486	0.97961
293 T	0.01544	0.00496	0.9796
294 T	0.01530	0.00511	0.97959
295 C	0.01501	0.00543	0.97955
296 T	0.01481	0.00573	0.97946
297 A	0.01449	0.00619	0.97932
298 A	0.01430	0.00641	0.97929
299 A	0.01382	0.00692	0.97927
300 A	0.01335	0.00740	0.97925
301 T	0.01298	0.00776	0.97926
302 C	0.01253	0.00819	0.97928
303 T	0.01238	0.00839	0.97923
304 A	0.01206	0.00877	0.97916
305 A	0.01187	0.00896	0.97917
306 T	0.01186	0.00889	0.97925
307 T	0.01162	0.00922	0.97915
308 T	0.01101	0.00952	0.97946
309 A	0.00956	0.01101	0.97944
310 G	0.00860	0.01191	0.97949
311 A	0.00790	0.01251	0.97959
312 A	0.00772	0.01246	0.97982
313 A	0.00780	0.01217	0.98003
314 A	0.00782	0.01197	0.98021
315 T	0.00790	0.01164	0.98046
316 C	0.00782	0.01162	0.98056
317 A	0.00773	0.01219	0.98008
318 T	0.00751	0.01250	0.97999
319 A	0.00708	0.01304	0.97988
320 A	0.00689	0.01328	0.97983
321 A	0.00680	0.01338	0.97982
322 A	0.00677	0.01294	0.98028
323 A	0.00680	0.01230	0.9809
324 T	0.00692	0.01153	0.98155
325 T	0.00693	0.01100	0.98207
326 T	0.00692	0.01076	0.98231
327 A	0.00678	0.01057	0.98265
328 G	0.00672	0.01016	0.98312
329 A	0.00670	0.00979	0.9835
330 T	0.00684	0.00908	0.98408
331 G	0.00699	0.00829	0.98472
332 T	0.00732	0.00684	0.98584
333 A	0.00734	0.00618	0.98648
334 T	0.00744	0.00542	0.98713
335 C	0.00732	0.00539	0.98729
336 A	0.00702	0.00611	0.98687
337 A	0.00690	0.00669	0.98641
338 A	0.00682	0.00689	0.98629
339 A	0.00687	0.00688	0.98624
340 T	0.00742	0.00635	0.98623
341 T	0.00752	0.00623	0.98625
342 A	0.00725	0.00657	0.98618
343 G	0.00714	0.00708	0.98579
344 A	0.00707	0.00745	0.98548
345 T	0.00721	0.00741	0.98539
346 T	0.00717	0.00784	0.98499
347 T	0.00708	0.00815	0.98477
348 T	0.00687	0.00865	0.98448
349 A	0.00651	0.00905	0.98444
350 A	0.00625	0.00932	0.98444
351 A	0.00533	0.01029	0.98438
352 A	0.00494	0.01065	0.98441
353 C	0.00477	0.01074	0.98449
354 A	0.00460	0.01097	0.98443
355 G	0.00450	0.01112	0.98439
356 T	0.00456	0.01106	0.98437
357 A	0.00452	0.01111	0.98437
358 A	0.00456	0.01099	0.98444
359 A	0.00495	0.01029	0.98476
360 T	0.00544	0.00961	0.98496
361 G	0.00555	0.00932	0.98514
362 A	0.00572	0.00903	0.98525
363 A	0.00589	0.00874	0.98537
364 A	0.00627	0.00820	0.98553
365 A	0.00683	0.00727	0.9859
366 T	0.00779	0.00596	0.98626
367 T	0.00817	0.00524	0.9866
368 C	0.00828	0.00489	0.98683
369 T	0.00853	0.00458	0.98689
370 G	0.00850	0.00465	0.98685
371 A	0.00852	0.00473	0.98675
372 A	0.00821	0.00509	0.9867
373 A	0.00821	0.00503	0.98676
374 T	0.00834	0.00403	0.98763
375 T	0.00821	0.00386	0.98793
376 G	0.00789	0.00416	0.98795
377 A	0.00772	0.00419	0.98809
378 T	0.00765	0.00412	0.98823
379 T	0.00753	0.00418	0.98828
380 T	0.00733	0.00432	0.98836
381 C	0.00699	0.00461	0.98839
382 A	0.00675	0.00486	0.98839
383 T	0.00668	0.00493	0.98838
384 A	0.00656	0.00505	0.98838
385 G	0.00651	0.00509	0.9884
386 A	0.00649	0.00511	0.98839
387 T	0.00648	0.00508	0.98843
388 A	0.00641	0.00514	0.98844
389 C	0.00634	0.00518	0.98848
390 A	0.00630	0.00525	0.98845
391 A	0.00630	0.00522	0.98847
392 A	0.00634	0.00514	0.98852
393 A	0.00647	0.00487	0.98865
394 G	0.00670	0.00450	0.98881
395 T	0.00700	0.00375	0.98925
396 A	0.00714	0.00345	0.98941
397 A	0.00726	0.00319	0.98955
398 G	0.00739	0.00276	0.98985
399 T	0.00760	0.00217	0.99023
400 T	0.00764	0.00184	0.99051
401 T	0.00767	0.00158	0.99074
402 T	0.00770	0.00136	0.99095
403 T	0.00770	0.00113	0.99117
404 T	0.00770	0.00086	0.99144
405 C	0.00769	0.00068	0.99163
406 G	0.00769	0.00068	0.99163
407 G	0.00768	0.00073	0.99159
408 A	0.00762	0.00094	0.99143
409 G	0.00762	0.00095	0.99143
410 T	0.00763	0.00094	0.99143
411 A	0.00763	0.00087	0.9915
412 G	0.00765	0.00078	0.99157
413 C	0.00769	0.00070	0.99161
414 T	0.00772	0.00072	0.99156
415 G	0.00772	0.00081	0.99147
416 A	0.00774	0.00086	0.9914
417 T	0.00775	0.00088	0.99136
418 T	0.00775	0.00091	0.99133
419 T	0.00775	0.00095	0.9913
420 T	0.00774	0.00096	0.9913
421 T	0.00773	0.00097	0.9913
422 T	0.00772	0.00098	0.9913
423 A	0.00769	0.00101	0.9913
424 C	0.00768	0.00102	0.99131
425 C	0.00767	0.00102	0.99131
426 A	0.00764	0.00105	0.99131
427 G	0.00763	0.00107	0.99131
428 A	0.00762	0.00107	0.99131
429 A	0.00765	0.00104	0.99132
430 A	0.00774	0.00093	0.99133
431 C	0.00792	0.00067	0.99141
432 T	0.00796	0.00061	0.99143
433 T	0.00798	0.00059	0.99144
434 T	0.00799	0.00057	0.99144
435 A	0.00799	0.00057	0.99144
436 G	0.00800	0.00056	0.99144
437 G	0.00805	0.00050	0.99145
438 T	0.00817	0.00039	0.99144
439 T	0.00823	0.00033	0.99145
440 T	0.00824	0.00032	0.99144
441 A	0.00824	0.00032	0.99144
442 T	0.00824	0.00030	0.99145
443 C	0.00822	0.00030	0.99148
444 T	0.00822	0.00031	0.99148
445 T	0.00821	0.00032	0.99147
446 T	0.00819	0.00036	0.99146
447 T	0.00814	0.00043	0.99143
448 G	0.00803	0.00053	0.99143
449 A	0.00770	0.00085	0.99145
450 A	0.00756	0.00098	0.99147
451 A	0.00747	0.00105	0.99148
452 C	0.00744	0.00107	0.99149
453 A	0.00740	0.00111	0.99149
454 T	0.00737	0.00114	0.99149
455 C	0.00734	0.00117	0.99149
456 T	0.00730	0.00121	0.99149
457 G	0.00724	0.00127	0.99148
458 A	0.00722	0.00130	0.99148
459 A	0.00721	0.00131	0.99148
460 G	0.00720	0.00132	0.99147
461 G	0.00721	0.00132	0.99147
462 T	0.00722	0.00131	0.99147
463 T	0.00722	0.00130	0.99148
464 A	0.00721	0.00130	0.9915
465 T	0.00721	0.00128	0.99151
466 C	0.00720	0.00128	0.99153
467 T	0.00721	0.00134	0.99144
468 A	0.00721	0.00139	0.9914
469 G	0.00723	0.00138	0.99139
470 T	0.00724	0.00136	0.9914
471 A	0.00724	0.00133	0.99143
472 T	0.00724	0.00101	0.99175
473 A	0.00723	0.00090	0.99187
474 T	0.00722	0.00083	0.99195
475 A	0.00719	0.00085	0.99196
476 T	0.00718	0.00085	0.99198
477 T	0.00717	0.00084	0.99199
478 A	0.00715	0.00086	0.99199
479 G	0.00714	0.00085	0.992
480 T	0.00714	0.00085	0.99202
481 G	0.00713	0.00091	0.99196
482 A	0.00712	0.00101	0.99187
483 A	0.00710	0.00104	0.99186
484 A	0.00709	0.00108	0.99184
485 T	0.00709	0.00108	0.99184
486 G	0.00709	0.00107	0.99184
487 C	0.00710	0.00104	0.99186
488 A	0.00712	0.00103	0.99185
489 C	0.00715	0.00100	0.99184
490 T	0.00725	0.00100	0.99174
491 T	0.00732	0.00117	0.9915
492 T	0.00731	0.00122	0.99147
493 T	0.00727	0.00129	0.99145
494 T	0.00716	0.00142	0.99142
495 A	0.00706	0.00156	0.99138
496 C	0.00701	0.00160	0.99139
497 A	0.00695	0.00169	0.99136
498 A	0.00693	0.00175	0.99132
499 T	0.00696	0.00178	0.99126
500 C	0.00686	0.00195	0.99119
501 T	0.00677	0.00243	0.9908
502 A	0.00645	0.00358	0.98997
503 A	0.00633	0.00406	0.9896
504 A	0.00617	0.00426	0.98957
505 A	0.00615	0.00428	0.98957
506 A	0.00612	0.00426	0.98961
507 T	0.00614	0.00421	0.98965
508 C	0.00607	0.00427	0.98966
509 C	0.00599	0.00435	0.98966
510 A	0.00595	0.00442	0.98963
511 A	0.00596	0.00444	0.9896
512 A	0.00598	0.00443	0.98959
513 A	0.00609	0.00433	0.98959
514 T	0.00633	0.00408	0.9896
515 T	0.00637	0.00394	0.98968
516 T	0.00639	0.00384	0.98977
517 C	0.00641	0.00370	0.98989
518 A	0.00643	0.00363	0.98994
519 A	0.00644	0.00358	0.98998
520 A	0.00649	0.00348	0.99004
521 C	0.00663	0.00327	0.9901
522 T	0.00682	0.00308	0.9901
523 A	0.00692	0.00284	0.99024
524 A	0.00727	0.00238	0.99035
525 T	0.00803	0.00134	0.99063
526 T	0.00830	0.00096	0.99074
527 T	0.00833	0.00068	0.99099
528 T	0.00832	0.00058	0.9911
529 T	0.00831	0.00053	0.99116
530 T	0.00828	0.00052	0.9912
531 A	0.00824	0.00052	0.99124
532 G	0.00822	0.00046	0.99131
533 C	0.00823	0.00043	0.99134
534 T	0.00820	0.00055	0.99125
535 T	0.00801	0.00077	0.99122
536 T	0.00765	0.00121	0.99115
537 A	0.00715	0.00185	0.991
538 T	0.00699	0.00207	0.99094
539 C	0.00679	0.00231	0.99089
540 T	0.00671	0.00254	0.99075
541 A	0.00662	0.00277	0.99061
542 A	0.00657	0.00290	0.99054
543 A	0.00653	0.00299	0.99047
544 T	0.00652	0.00307	0.99041
545 T	0.00649	0.00319	0.99032
546 A	0.00647	0.00330	0.99022
547 A	0.00647	0.00330	0.99022
548 A	0.00648	0.00329	0.99023
549 T	0.00648	0.00327	0.99024
550 T	0.00648	0.00327	0.99025
551 C	0.00646	0.00328	0.99026
552 T	0.00643	0.00344	0.99013
553 A	0.00636	0.00359	0.99005
554 A	0.00635	0.00365	0.99001
555 A	0.00634	0.00370	0.98995
556 A	0.00635	0.00372	0.98992
557 A	0.00644	0.00354	0.99003
558 A	0.00649	0.00319	0.99032
559 G	0.00660	0.00262	0.99077
560 T	0.00684	0.00195	0.99121
561 T	0.00694	0.00170	0.99137
562 C	0.00699	0.00150	0.99151
563 T	0.00710	0.00137	0.99153
564 A	0.00715	0.00130	0.99155
565 G	0.00719	0.00126	0.99155
566 C	0.00724	0.00133	0.99143
567 A	0.00730	0.00191	0.99079
568 T	0.00739	0.00230	0.9903
569 T	0.00746	0.00261	0.98994
570 A	0.00745	0.00283	0.98971
571 A	0.00746	0.00297	0.98958
572 T	0.00748	0.00294	0.98959
573 G	0.00749	0.00291	0.98961
574 A	0.00752	0.00285	0.98962
575 T	0.00767	0.00266	0.98967
576 C	0.00775	0.00252	0.98972
577 G	0.00780	0.00246	0.98974
578 C	0.00785	0.00241	0.98974
579 T	0.00789	0.00237	0.98974
580 T	0.00791	0.00235	0.98974
581 C	0.00790	0.00236	0.98974
582 T	0.00790	0.00236	0.98974
583 C	0.00789	0.00238	0.98973
584 A	0.00787	0.00244	0.9897
585 A	0.00785	0.00248	0.98967
586 G	0.00784	0.00249	0.98967
587 G	0.00787	0.00246	0.98967
588 A	0.00795	0.00238	0.98967
589 G	0.00826	0.00206	0.98968
590 C	0.00903	0.00128	0.9897
591 T	0.00960	0.00071	0.98969
592 T	0.00983	0.00047	0.9897
593 T	0.00989	0.00042	0.98969
594 C	0.00982	0.00051	0.98967
595 C	0.00956	0.00093	0.98952
596 A	0.00937	0.00137	0.98926
597 T	0.00923	0.00171	0.98906
598 A	0.00886	0.00215	0.98899
599 T	0.00854	0.00253	0.98893
600 T	0.00779	0.00337	0.98884
601 G	0.00612	0.00516	0.98873
602 C	0.00502	0.00635	0.98862
603 A	0.00448	0.00694	0.98857
604 A	0.00425	0.00720	0.98855
605 A	0.00408	0.00739	0.98853
606 A	0.00397	0.00753	0.9885
607 C	0.00391	0.00762	0.98847
608 A	0.00382	0.00776	0.98842
609 A	0.00373	0.00788	0.98839
610 A	0.00364	0.00800	0.98836
611 A	0.00358	0.00807	0.98835
612 C	0.00356	0.00809	0.98834
613 A	0.00354	0.00813	0.98832
614 A	0.00354	0.00814	0.98832
615 A	0.00356	0.00810	0.98833
616 A	0.00361	0.00802	0.98838
617 G	0.00368	0.00786	0.98847
618 T	0.00387	0.00732	0.98881
619 G	0.00404	0.00689	0.98906
620 A	0.00419	0.00654	0.98927
621 A	0.00425	0.00599	0.98976
622 G	0.00434	0.00538	0.99027
623 T	0.00446	0.00452	0.99103
624 T	0.00458	0.00309	0.99233
625 T	0.00464	0.00236	0.993
626 T	0.00463	0.00213	0.99323
627 A	0.00461	0.00214	0.99325
628 G	0.00460	0.00208	0.99332
629 A	0.00462	0.00198	0.99339
630 A	0.00466	0.00189	0.99346
631 T	0.00474	0.00169	0.99357
632 A	0.00479	0.00154	0.99367
633 T	0.00486	0.00137	0.99378
634 T	0.00488	0.00128	0.99384
635 C	0.00488	0.00124	0.99388
636 T	0.00489	0.00123	0.99387
637 C	0.00489	0.00125	0.99386
638 T	0.00489	0.00130	0.99381
639 A	0.00489	0.00137	0.99374
640 A	0.00490	0.00142	0.99368
641 G	0.00494	0.00142	0.99365
642 T	0.00501	0.00149	0.9935
643 A	0.00504	0.00181	0.99314
644 G	0.00512	0.00187	0.99301
645 T	0.00528	0.00193	0.99279
646 T	0.00541	0.00228	0.99231
647 A	0.00544	0.00266	0.9919
648 T	0.00558	0.00299	0.99144
649 T	0.00561	0.00308	0.99132
650 T	0.00560	0.00318	0.99121
651 T	0.00543	0.00354	0.99103
652 G	0.00491	0.00420	0.99088
653 C	0.00476	0.00448	0.99076
654 A	0.00454	0.00530	0.99016
655 A	0.00446	0.00566	0.98988
656 G	0.00442	0.00573	0.98986
657 T	0.00441	0.00574	0.98984
658 A	0.00440	0.00576	0.98984
659 T	0.00441	0.00575	0.98984
660 C	0.00441	0.00574	0.98984
661 C	0.00444	0.00572	0.98984
662 A	0.00448	0.00571	0.98982
663 A	0.00453	0.00566	0.98981
664 A	0.00458	0.00562	0.98981
665 A	0.00475	0.00545	0.9898
666 T	0.00519	0.00501	0.9898
667 A	0.00536	0.00482	0.98982
668 A	0.00564	0.00453	0.98983
669 T	0.00614	0.00401	0.98986
670 A	0.00649	0.00359	0.98992
671 T	0.00693	0.00306	0.99001
672 T	0.00717	0.00272	0.99011
673 A	0.00735	0.00251	0.99015
674 T	0.00763	0.00203	0.99034
675 T	0.00779	0.00145	0.99076
676 A	0.00787	0.00123	0.9909
677 T	0.00832	0.00060	0.99108
678 T	0.00852	0.00033	0.99114
679 T	0.00854	0.00026	0.99119
680 C	0.00855	0.00023	0.99122
681 T	0.00857	0.00023	0.99119
682 T	0.00858	0.00027	0.99115
683 T	0.00853	0.00048	0.99098
684 T	0.00842	0.00120	0.99038
685 T	0.00826	0.00174	0.99
686 T	0.00803	0.00231	0.98966
687 A	0.00784	0.00258	0.98958
688 A	0.00771	0.00272	0.98957
689 T	0.00759	0.00285	0.98956
690 T	0.00744	0.00301	0.98955
691 C	0.00720	0.00325	0.98955
692 C	0.00659	0.00393	0.98948
693 A	0.00613	0.00467	0.98921
694 G	0.00597	0.00494	0.98909
695 A	0.00589	0.00511	0.98899
696 T	0.00587	0.00516	0.98898
697 T	0.00577	0.00526	0.98897
698 T	0.00568	0.00537	0.98896
699 A	0.00555	0.00551	0.98894
700 C	0.00546	0.00561	0.98892
701 T	0.00541	0.00570	0.98889
702 A	0.00522	0.00597	0.98881
703 A	0.00515	0.00610	0.98875
704 A	0.00516	0.00611	0.98873
705 A	0.00520	0.00606	0.98874
706 A	0.00542	0.00575	0.98883
707 T	0.00609	0.00489	0.98902
708 T	0.00644	0.00434	0.98922
709 C	0.00666	0.00389	0.98946
710 A	0.00670	0.00379	0.98951
711 A	0.00671	0.00377	0.98952
712 T	0.00673	0.00374	0.98953
713 T	0.00672	0.00387	0.9894
714 A	0.00670	0.00396	0.98934
715 A	0.00676	0.00335	0.98988
716 T	0.00703	0.00265	0.99032
717 T	0.00710	0.00248	0.99041
718 A	0.00704	0.00261	0.99036
719 T	0.00699	0.00263	0.99038
720 T	0.00694	0.00263	0.99043
721 G	0.00687	0.00270	0.99044
722 A	0.00684	0.00277	0.99039
723 T	0.00684	0.00281	0.99035
724 A	0.00676	0.00293	0.99032
725 T	0.00673	0.00290	0.99038
726 T	0.00632	0.00341	0.99026
727 G	0.00577	0.00408	0.99016
728 C	0.00528	0.00475	0.98997
729 A	0.00496	0.00613	0.98891
730 G	0.00489	0.00703	0.98809
731 T	0.00485	0.00747	0.98768
732 A	0.00482	0.00783	0.98735
733 G	0.00486	0.00793	0.98721
734 A	0.00496	0.00798	0.98706
735 A	0.00508	0.00791	0.98701
736 T	0.00535	0.00762	0.98702
737 T	0.00554	0.00740	0.98706
738 T	0.00564	0.00731	0.98706
739 A	0.00567	0.00730	0.98702
740 A	0.00574	0.00722	0.98704
741 T	0.00587	0.00699	0.98713
742 T	0.00591	0.00692	0.98718
743 T	0.00589	0.00696	0.98715
744 A	0.00569	0.00722	0.9871
745 A	0.00557	0.00740	0.98703
746 A	0.00547	0.00756	0.98697
747 A	0.00538	0.00759	0.98703
748 A	0.00543	0.00741	0.98716
749 T	0.00578	0.00658	0.98764
750 A	0.00594	0.00595	0.98811
751 G	0.00618	0.00524	0.98857
752 C	0.00718	0.00398	0.98884
753 T	0.00806	0.00320	0.98874
754 T	0.00833	0.00332	0.98835
755 T	0.00830	0.00404	0.98767
756 A	0.00759	0.00570	0.98671
757 T	0.00718	0.00645	0.98637
758 T	0.00612	0.00785	0.98603
759 A	0.00456	0.00996	0.98548
760 G	0.00371	0.01103	0.98526
761 G	0.00302	0.01203	0.98496
762 A	0.00266	0.01292	0.98442
763 A	0.00223	0.01434	0.98343
764 G	0.00196	0.01499	0.98306
765 A	0.00176	0.01594	0.9823
766 A	0.00171	0.01629	0.98199
767 A	0.00176	0.01619	0.98205
768 A	0.00182	0.01606	0.98212
769 A	0.00192	0.01588	0.98221
770 A	0.00201	0.01562	0.98237
771 T	0.00205	0.01547	0.98248
772 G	0.00204	0.01545	0.98251
773 A	0.00205	0.01541	0.98253
774 A	0.00208	0.01536	0.98256
775 A	0.00214	0.01527	0.98259
776 A	0.00231	0.01501	0.98267
777 A	0.00283	0.01433	0.98284
778 A	0.00365	0.01304	0.98331
779 T	0.00478	0.01073	0.98449
780 T	0.00513	0.00971	0.98515
781 G	0.00529	0.00871	0.98601
782 T	0.00562	0.00781	0.98657
783 A	0.00555	0.00777	0.98667
784 G	0.00565	0.00757	0.98678
785 A	0.00615	0.00716	0.98669
786 T	0.00727	0.00578	0.98696
787 A	0.00760	0.00522	0.98718
788 T	0.00833	0.00428	0.98739
789 T	0.00847	0.00408	0.98746
790 G	0.00818	0.00439	0.98742
791 C	0.00801	0.00472	0.98727
792 T	0.00783	0.00504	0.98712
793 A	0.00752	0.00549	0.98698
794 T	0.00719	0.00587	0.98694
795 T	0.00697	0.00617	0.98687
796 C	0.00659	0.00668	0.98673
797 A	0.00609	0.00743	0.98648
798 A	0.00575	0.00810	0.98615
799 A	0.00560	0.00854	0.98586
800 A	0.00552	0.00886	0.98562
801 A	0.00548	0.00911	0.98541
802 G	0.00553	0.00924	0.98523
803 G	0.00568	0.00915	0.98516
804 A	0.00598	0.00888	0.98514
805 T	0.00653	0.00833	0.98515
806 A	0.00688	0.00787	0.98525
807 T	0.00731	0.00733	0.98535
808 T	0.00754	0.00706	0.98541
809 T	0.00753	0.00707	0.98539
810 A	0.00741	0.00724	0.98535
811 A	0.00737	0.00729	0.98535
812 A	0.00736	0.00719	0.98545
813 A	0.00742	0.00679	0.98579
814 A	0.00760	0.00629	0.98611
815 T	0.00782	0.00564	0.98654
816 T	0.00794	0.00496	0.9871
817 C	0.00794	0.00429	0.98777
818 C	0.00798	0.00400	0.98803
819 T	0.00806	0.00377	0.98817
820 A	0.00813	0.00358	0.98829
821 G	0.00838	0.00317	0.98846
822 C	0.00867	0.00279	0.98853
823 G	0.00892	0.00248	0.98861
824 G	0.00916	0.00217	0.98867
825 T	0.00948	0.00191	0.98861
826 T	0.00962	0.00183	0.98855
827 T	0.00969	0.00189	0.98842
828 T	0.00975	0.00191	0.98835
829 T	0.00977	0.00206	0.98817
830 T	0.00973	0.00248	0.98779
831 A	0.00963	0.00358	0.9868
832 G	0.00953	0.00449	0.98598
833 T	0.00939	0.00534	0.98526
834 A	0.00909	0.00616	0.98475
835 A	0.00887	0.00682	0.98431
836 A	0.00874	0.00708	0.98417
837 T	0.00868	0.00719	0.98414
838 T	0.00857	0.00735	0.98409
839 T	0.00833	0.00765	0.98403
840 A	0.00772	0.00833	0.98396
841 A	0.00717	0.00897	0.98386
842 A	0.00665	0.00964	0.98371
843 A	0.00626	0.01004	0.9837
844 G	0.00599	0.01035	0.98366
845 G	0.00582	0.01055	0.98363
846 A	0.00574	0.01064	0.98362
847 A	0.00571	0.01067	0.98362
848 T	0.00577	0.01059	0.98363
849 G	0.00557	0.01080	0.98363
850 C	0.00554	0.01087	0.98358
851 A	0.00556	0.01099	0.98345
852 A	0.00574	0.01086	0.98341
853 G	0.00612	0.01046	0.98342
854 A	0.00723	0.00932	0.98345
855 T	0.00837	0.00812	0.98351
856 T	0.00914	0.00714	0.98372
857 A	0.00941	0.00662	0.98397
858 T	0.00968	0.00618	0.98414
859 T	0.00962	0.00617	0.9842
860 T	0.00904	0.00677	0.98418
861 A	0.00824	0.00776	0.98399
862 A	0.00788	0.00804	0.98409
863 A	0.00779	0.00766	0.98454
864 A	0.00773	0.00728	0.98499
865 T	0.00781	0.00671	0.98549
866 A	0.00756	0.00667	0.98577
867 T	0.00749	0.00651	0.986
868 A	0.00729	0.00661	0.98611
869 A	0.00726	0.00655	0.98619
870 A	0.00727	0.00647	0.98626
871 A	0.00731	0.00637	0.98632
872 A	0.00737	0.00599	0.98664
873 T	0.00752	0.00568	0.98681
874 T	0.00761	0.00556	0.98682
875 T	0.00757	0.00576	0.98667
876 A	0.00752	0.00604	0.98644
877 G	0.00753	0.00638	0.98609
878 T	0.00756	0.00668	0.98575
879 A	0.00759	0.00693	0.98548
880 G	0.00767	0.00683	0.9855
881 T	0.00787	0.00661	0.98552
882 A	0.00796	0.00651	0.98554
883 A	0.00807	0.00597	0.98596
884 T	0.00831	0.00514	0.98655
885 T	0.00839	0.00497	0.98664
886 A	0.00840	0.00569	0.98591
887 T	0.00845	0.00555	0.986
888 A	0.00846	0.00552	0.98602
889 G	0.00849	0.00523	0.98628
890 T	0.00852	0.00508	0.9864
891 C	0.00853	0.00493	0.98654
892 G	0.00852	0.00508	0.9864
893 G	0.00846	0.00532	0.98622
894 A	0.00851	0.00530	0.98618
895 A	0.00855	0.00529	0.98616
896 A	0.00863	0.00522	0.98614
897 A	0.00881	0.00498	0.98621
898 C	0.00909	0.00457	0.98634
899 G	0.00939	0.00424	0.98638
900 T	0.00994	0.00367	0.98638
901 T	0.01036	0.00328	0.98636
902 T	0.01066	0.00304	0.9863
903 T	0.01074	0.00299	0.98627
904 G	0.01078	0.00295	0.98627
905 A	0.01083	0.00289	0.98628
906 A	0.01092	0.00279	0.98629
907 C	0.01105	0.00264	0.98632
908 C	0.01132	0.00235	0.98633
909 T	0.01221	0.00146	0.98633
910 C	0.01236	0.00131	0.98633
911 T	0.01256	0.00113	0.98631
912 T	0.01263	0.00106	0.98631
913 T	0.01266	0.00104	0.98631
914 A	0.01265	0.00102	0.98633
915 T	0.01274	0.00090	0.98636
916 C	0.01274	0.00078	0.98648
917 G	0.01255	0.00097	0.98648
918 C	0.01240	0.00112	0.98647
919 T	0.01232	0.00127	0.98641
920 T	0.01125	0.00246	0.98629
921 A	0.00971	0.00424	0.98605
922 C	0.00858	0.00559	0.98582
923 A	0.00789	0.00669	0.98542
924 A	0.00737	0.00758	0.98505
925 A	0.00716	0.00825	0.98459
926 G	0.00700	0.00868	0.98432
927 A	0.00689	0.00903	0.98408
928 A	0.00683	0.00907	0.9841
929 T	0.00665	0.00921	0.98413
930 G	0.00627	0.00959	0.98415
931 T	0.00609	0.00976	0.98415
932 C	0.00584	0.01002	0.98414
933 C	0.00569	0.01019	0.98412
934 A	0.00558	0.01034	0.98408
935 A	0.00551	0.01045	0.98405
936 A	0.00547	0.01050	0.98402
937 C	0.00545	0.01052	0.98404
938 A	0.00542	0.01054	0.98404
939 A	0.00539	0.01045	0.98416
940 A	0.00540	0.01017	0.98443
941 C	0.00542	0.00984	0.98474
942 A	0.00551	0.00966	0.98484
943 G	0.00569	0.00827	0.98604
944 A	0.00597	0.00674	0.98729
945 T	0.00631	0.00526	0.98842
946 C	0.00662	0.00440	0.98898
947 G	0.00692	0.00366	0.98942
948 A	0.00732	0.00327	0.98941
949 T	0.00757	0.00316	0.98927
950 T	0.00768	0.00316	0.98915
951 A	0.00750	0.00363	0.98887
952 A	0.00734	0.00415	0.98851
953 T	0.00720	0.00444	0.98836
954 G	0.00678	0.00564	0.98758
955 G	0.00660	0.00661	0.9868
956 T	0.00650	0.00750	0.98599
957 A	0.00633	0.00881	0.98487
958 T	0.00624	0.00946	0.98431
959 T	0.00603	0.01019	0.98377
960 A	0.00578	0.01050	0.98372
961 A	0.00567	0.01058	0.98375
962 A	0.00561	0.01062	0.98377
963 T	0.00558	0.01062	0.9838
964 C	0.00552	0.01067	0.98381
965 C	0.00544	0.01076	0.98381
966 T	0.00534	0.01088	0.98379
967 A	0.00524	0.01101	0.98375
968 A	0.00518	0.01110	0.98372
969 A	0.00515	0.01116	0.98369
970 G	0.00523	0.01109	0.98369
971 A	0.00546	0.01082	0.98372
972 T	0.00588	0.01036	0.98376
973 A	0.00606	0.01012	0.98382
974 A	0.00645	0.00957	0.98398
975 A	0.00720	0.00866	0.98414
976 A	0.00815	0.00753	0.98432
977 T	0.00977	0.00545	0.98477
978 T	0.01098	0.00404	0.98497
979 T	0.01173	0.00317	0.9851
980 T	0.01218	0.00260	0.98522
981 A	0.01222	0.00254	0.98523
982 T	0.01244	0.00223	0.98533
983 T	0.01235	0.00222	0.98543
984 A	0.01185	0.00278	0.98538
985 T	0.01162	0.00294	0.98544
986 T	0.01123	0.00330	0.98547
987 A	0.01071	0.00377	0.98552
988 T	0.01048	0.00393	0.98559
989 C	0.01019	0.00415	0.98566
990 A	0.01003	0.00433	0.98563
991 A	0.00995	0.00453	0.98553
992 T	0.00991	0.00463	0.98545
993 T	0.00979	0.00489	0.98532
994 G	0.00962	0.00521	0.98517
995 A	0.00951	0.00541	0.98508
996 A	0.00947	0.00549	0.98504
997 A	0.00946	0.00546	0.98508
998 T	0.00948	0.00535	0.98516
999 A	0.00950	0.00531	0.9852
1000 A	0.00953	0.00525	0.98523
1001 C	0.00958	0.00505	0.98537
1002 T	0.00965	0.00496	0.9854
1003 G	0.00969	0.00486	0.98545
1004 G	0.00978	0.00480	0.98543
1005 T	0.00984	0.00491	0.98525
1006 A	0.00988	0.00525	0.98486
1007 T	0.01001	0.00483	0.98516
1008 T	0.01003	0.00497	0.985
1009 G	0.01003	0.00491	0.98506
1010 A	0.01004	0.00546	0.9845
1011 T	0.01007	0.00625	0.98368
1012 A	0.01003	0.00845	0.98153
1013 A	0.01000	0.00950	0.9805
1014 A	0.01012	0.00938	0.9805
1015 A	0.01024	0.00925	0.98051
1016 T	0.01042	0.00897	0.98061
1017 T	0.01052	0.00873	0.98075
1018 C	0.01055	0.00861	0.98085
1019 A	0.01058	0.00859	0.98083
1020 A	0.01051	0.00866	0.98083
1021 A	0.01050	0.00869	0.98081
1022 C	0.01052	0.00868	0.9808
1023 T	0.01055	0.00870	0.98074
1024 A	0.01056	0.00872	0.98073
1025 A	0.01059	0.00868	0.98073
1026 A	0.01066	0.00860	0.98074
1027 A	0.01081	0.00845	0.98075
1028 C	0.01107	0.00815	0.98079
1029 C	0.01161	0.00759	0.98081
1030 C	0.01222	0.00697	0.98081
1031 T	0.01306	0.00615	0.9808
1032 A	0.01352	0.00569	0.98079
1033 G	0.01421	0.00499	0.98079
1034 A	0.01503	0.00417	0.9808
1035 T	0.01720	0.00193	0.98086
1036 T	0.01812	0.00090	0.98098
1037 C	0.01822	0.00074	0.98104
1038 T	0.01830	0.00064	0.98106
1039 T	0.01832	0.00060	0.98107
1040 T	0.01833	0.00058	0.98109
1041 A	0.01832	0.00057	0.98111
1042 G	0.01830	0.00056	0.98113
1043 C	0.01832	0.00046	0.98123
1044 T	0.01834	0.00041	0.98124
1045 C	0.01835	0.00040	0.98126
1046 G	0.01839	0.00035	0.98126
1047 T	0.01841	0.00034	0.98126
1048 A	0.01839	0.00035	0.98126
1049 A	0.01838	0.00035	0.98127
1050 T	0.01838	0.00034	0.98127
1051 G	0.01838	0.00032	0.9813
1052 G	0.01838	0.00030	0.98132
1053 T	0.01839	0.00029	0.98132
1054 T	0.01838	0.00031	0.9813
1055 T	0.01836	0.00033	0.98131
1056 T	0.01833	0.00038	0.98129
1057 G	0.01829	0.00047	0.98125
1058 T	0.01827	0.00050	0.98122
1059 C	0.01824	0.00054	0.98121
1060 G	0.01821	0.00063	0.98116
1061 T	0.01820	0.00065	0.98115
1062 T	0.01817	0.00068	0.98115
1063 G	0.01812	0.00073	0.98114
1064 A	0.01808	0.00078	0.98114
1065 C	0.01806	0.00078	0.98117
1066 T	0.01805	0.00083	0.98112
1067 T	0.01804	0.00097	0.98099
1068 A	0.01801	0.00130	0.9807
1069 T	0.01801	0.00154	0.98046
1070 T	0.01799	0.00181	0.9802
1071 A	0.01791	0.00209	0.97999
1072 G	0.01790	0.00227	0.97983
1073 T	0.01789	0.00239	0.97971
1074 A	0.01782	0.00255	0.97963
1075 A	0.01777	0.00267	0.97956
1076 A	0.01775	0.00272	0.97952
1077 A	0.01773	0.00276	0.97951
1078 G	0.01772	0.00277	0.97951
1079 A	0.01775	0.00275	0.9795
1080 T	0.01783	0.00265	0.97953
1081 T	0.01784	0.00264	0.97951
1082 T	0.01784	0.00265	0.97951
1083 A	0.01781	0.00270	0.97949
1084 T	0.01779	0.00270	0.97951
1085 T	0.01771	0.00279	0.9795
1086 A	0.01754	0.00296	0.9795
1087 A	0.01741	0.00306	0.97953
1088 C	0.01735	0.00309	0.97956
1089 A	0.01729	0.00319	0.97953
1090 G	0.01733	0.00314	0.97954
1091 C	0.01766	0.00279	0.97955
1092 T	0.01797	0.00248	0.97955
1093 T	0.01822	0.00224	0.97954
1094 C	0.01836	0.00205	0.9796
1095 T	0.01847	0.00201	0.97951
1096 T	0.01847	0.00218	0.97935
1097 A	0.01843	0.00256	0.979
1098 T	0.01845	0.00271	0.97884
1099 A	0.01831	0.00308	0.97861
1100 A	0.01825	0.00335	0.97841
1101 T	0.01817	0.00363	0.9782
1102 T	0.01793	0.00406	0.97801
1103 A	0.01750	0.00471	0.97779
1104 T	0.01728	0.00505	0.97767
1105 G	0.01695	0.00549	0.97757
1106 A	0.01674	0.00584	0.97742
1107 A	0.01667	0.00603	0.9773
1108 G	0.01663	0.00617	0.9772
1109 A	0.01665	0.00619	0.97716
1110 A	0.01666	0.00615	0.97719
1111 A	0.01667	0.00610	0.97722
1112 A	0.01672	0.00594	0.97733
1113 T	0.01675	0.00578	0.97747
1114 T	0.01678	0.00569	0.97753
1115 T	0.01679	0.00564	0.97757
1116 C	0.01678	0.00563	0.97758
1117 A	0.01678	0.00570	0.97751
1118 A	0.01684	0.00574	0.97743
1119 G	0.01702	0.00563	0.97735
1120 T	0.01748	0.00534	0.97718
1121 T	0.01772	0.00526	0.97703
1122 A	0.01793	0.00522	0.97685
1123 A	0.01820	0.00512	0.97667
1124 T	0.01853	0.00492	0.97655
1125 T	0.01871	0.00444	0.97684
1126 T	0.01881	0.00412	0.97707
1127 T	0.01882	0.00405	0.97713
1128 A	0.01882	0.00409	0.9771
1129 C	0.01891	0.00395	0.97714
1130 A	0.01899	0.00406	0.97695
1131 T	0.01919	0.00396	0.97685
1132 T	0.01932	0.00395	0.97673
1133 T	0.01929	0.00416	0.97654
1134 A	0.01922	0.00451	0.97627
1135 T	0.01919	0.00476	0.97605
1136 T	0.01912	0.00526	0.97562
1137 A	0.01895	0.00564	0.9754
1138 A	0.01890	0.00570	0.9754
1139 A	0.01885	0.00573	0.97542
1140 A	0.01873	0.00584	0.97543
1141 C	0.01881	0.00573	0.97545
1142 C	0.01896	0.00562	0.97542
1143 T	0.01921	0.00568	0.97511
1144 A	0.01934	0.00602	0.97464
1145 A	0.01964	0.00620	0.97416
1146 A	0.01996	0.00599	0.97405
1147 T	0.02033	0.00570	0.97397
1148 A	0.02042	0.00569	0.97389
1149 T	0.02065	0.00535	0.974
1150 C	0.02084	0.00512	0.97404
1151 T	0.02114	0.00498	0.97388
1152 T	0.02129	0.00485	0.97386
1153 T	0.02144	0.00467	0.97389
1154 T	0.02150	0.00461	0.97389
1155 A	0.02153	0.00457	0.9739
1156 C	0.02165	0.00433	0.97402
1157 C	0.02185	0.00417	0.97398
1158 A	0.02203	0.00439	0.97358
1159 A	0.02236	0.00410	0.97355
1160 T	0.02255	0.00385	0.9736
1161 T	0.02251	0.00392	0.97358
1162 G	0.02213	0.00431	0.97356
1163 C	0.02185	0.00447	0.97367
1164 A	0.02172	0.00493	0.97334
1165 G	0.02161	0.00534	0.97305
1166 G	0.02177	0.00580	0.97242
1167 A	0.02214	0.00678	0.97108
1168 G	0.02250	0.00737	0.97012
1169 A	0.02251	0.00893	0.96856
1170 A	0.02256	0.00918	0.96826
1171 T	0.02265	0.00936	0.96799
1172 A	0.02230	0.00979	0.96791
1173 T	0.02212	0.00995	0.96793
1174 C	0.02142	0.01067	0.96792
1175 G	0.02062	0.01150	0.96788
1176 C	0.01968	0.01244	0.96788
1177 C	0.01839	0.01376	0.96785
1178 A	0.01732	0.01491	0.96778
1179 C	0.01682	0.01548	0.9677
1180 C	0.01668	0.01590	0.96743
1181 A	0.01687	0.01581	0.96732
1182 A	0.01689	0.01580	0.9673
1183 T	0.01696	0.01572	0.96732
1184 A	0.01688	0.01580	0.96731
1185 C	0.01646	0.01598	0.96756
1186 C	0.01577	0.01709	0.96714
1187 A	0.01531	0.01896	0.96573
1188 A	0.01518	0.02003	0.96479
1189 A	0.01558	0.02032	0.9641
1190 T	0.01663	0.01958	0.96379
1191 G	0.01697	0.01964	0.96339
1192 A	0.01781	0.01923	0.96296
1193 A	0.01781	0.01940	0.9628
1194 A	0.01795	0.01923	0.96282
1195 A	0.01802	0.01876	0.96322
1196 A	0.01807	0.01839	0.96354
1197 A	0.01819	0.01744	0.96437
1198 A	0.01838	0.01627	0.96535
1199 T	0.01861	0.01482	0.96657
1200 T	0.01874	0.01330	0.96795
1201 G	0.01883	0.01231	0.96887
1202 C	0.01890	0.01196	0.96914
1203 T	0.01904	0.01242	0.96853
1204 A	0.01877	0.01466	0.96657
1205 A	0.01871	0.01538	0.96591
1206 A	0.01872	0.01619	0.96509
1207 A	0.01886	0.01668	0.96445
1208 A	0.01923	0.01635	0.96442
1209 T	0.02060	0.01457	0.96484
1210 T	0.02204	0.01300	0.96496
1211 T	0.02275	0.01239	0.96486
1212 T	0.02305	0.01248	0.96447
1213 G	0.02306	0.01296	0.96398
1214 A	0.02324	0.01298	0.96379
1215 T	0.02370	0.01227	0.96403
1216 T	0.02391	0.01181	0.96428
1217 T	0.02403	0.01160	0.96437
1218 T	0.02405	0.01156	0.96439
1219 C	0.02398	0.01162	0.9644
1220 C	0.02390	0.01172	0.96438
1221 T	0.02382	0.01195	0.96424
1222 G	0.02363	0.01245	0.96391
1223 A	0.02336	0.01340	0.96324
1224 A	0.02323	0.01433	0.96244
1225 A	0.02321	0.01529	0.9615
1226 A	0.02385	0.01490	0.96125
1227 T	0.02591	0.01267	0.96143
1228 A	0.02645	0.01223	0.96132
1229 A	0.02726	0.01144	0.9613
1230 A	0.02800	0.01072	0.96128
1231 A	0.02894	0.00981	0.96124
1232 T	0.03014	0.00857	0.96129
1233 T	0.03120	0.00748	0.96132
1234 T	0.03165	0.00709	0.96126
1235 T	0.03174	0.00701	0.96124
1236 T	0.03154	0.00714	0.96132
1237 A	0.03111	0.00757	0.96133
1238 T	0.03082	0.00782	0.96136
1239 G	0.03025	0.00837	0.96138
1240 C	0.03012	0.00855	0.96134
1241 T	0.03004	0.00902	0.96094
1242 T	0.02987	0.00943	0.9607
1243 G	0.02951	0.01021	0.96029
1244 A	0.02952	0.01055	0.95993
1245 A	0.02964	0.01065	0.95971
1246 A	0.03007	0.00997	0.95995
1247 A	0.03080	0.00903	0.96016
1248 T	0.03190	0.00769	0.96041
1249 T	0.03226	0.00720	0.96055
1250 C	0.03232	0.00705	0.96063
1251 T	0.03238	0.00702	0.9606
1252 G	0.03232	0.00722	0.96046
1253 A	0.03234	0.00752	0.96014
1254 T	0.03241	0.00778	0.9598
1255 A	0.03239	0.00866	0.95895
1256 A	0.03242	0.00894	0.95865
1257 T	0.03253	0.00916	0.9583
1258 T	0.03256	0.00901	0.95843
1259 G	0.03248	0.00873	0.9588
1260 G	0.03250	0.00836	0.95914
1261 A	0.03260	0.00817	0.95923
1262 C	0.03281	0.00757	0.95962
1263 T	0.03319	0.00733	0.95947
1264 T	0.03369	0.00718	0.95913
1265 G	0.03388	0.00727	0.95886
1266 T	0.03411	0.00744	0.95845
1267 A	0.03420	0.00791	0.95789
1268 A	0.03436	0.00792	0.95771
1269 T	0.03443	0.00797	0.9576
1270 T	0.03434	0.00860	0.95707
1271 T	0.03415	0.00938	0.95647
1272 T	0.03380	0.01104	0.95516
1273 A	0.03283	0.01585	0.95132
1274 A	0.03234	0.01995	0.94771
1275 A	0.03204	0.02384	0.94413
1276 A	0.03194	0.02487	0.94318
1277 A	0.03215	0.02502	0.94283
1278 T	0.03297	0.02413	0.9429
1279 A	0.03326	0.02379	0.94296
1280 C	0.03376	0.02321	0.94303
1281 T	0.03398	0.02295	0.94307
1282 C	0.03411	0.02276	0.94313
1283 C	0.03432	0.02255	0.94313
1284 T	0.03470	0.02222	0.94307
1285 T	0.03484	0.02217	0.94299
1286 A	0.03503	0.02209	0.94288
1287 T	0.03547	0.02178	0.94275
1288 A	0.03562	0.02189	0.94249
1289 T	0.03607	0.02167	0.94226
1290 T	0.03623	0.02165	0.94211
1291 A	0.03528	0.02287	0.94185
1292 A	0.03440	0.02398	0.94162
1293 T	0.03443	0.02408	0.9415
1294 A	0.03335	0.02604	0.94061
1295 A	0.03349	0.02720	0.93931
1296 A	0.03668	0.02592	0.9374
1297 A	0.03975	0.02537	0.93488
1298 A	0.04287	0.02234	0.93479
1299 T	0.04411	0.02094	0.93494
1300 T	0.04443	0.02072	0.93485
1301 T	0.04435	0.02096	0.9347
1302 C	0.04400	0.02140	0.9346
1303 T	0.04376	0.02197	0.93426
1304 T	0.04322	0.02257	0.93421
1305 T	0.04214	0.02375	0.93411
1306 A	0.04075	0.02522	0.93404
1307 A	0.03989	0.02611	0.934
1308 C	0.03951	0.02642	0.93407
1309 A	0.03927	0.02676	0.93397
1310 A	0.03930	0.02675	0.93396
1311 A	0.03959	0.02634	0.93408
1312 T	0.04001	0.02587	0.93413
1313 T	0.04025	0.02566	0.93409
1314 A	0.04040	0.02463	0.93496
1315 G	0.04072	0.02330	0.93599
1316 G	0.04118	0.02243	0.93638
1317 A	0.04218	0.02085	0.93698
1318 G	0.04369	0.01897	0.93734
1319 A	0.04634	0.01729	0.93637
1320 A	0.04948	0.01486	0.93567
1321 T	0.05048	0.01391	0.93562
1322 T	0.05085	0.01388	0.93527
1323 T	0.05109	0.01401	0.9349
1324 T	0.05112	0.01421	0.93467
1325 T	0.05100	0.01448	0.93452
1326 A	0.05075	0.01511	0.93414
1327 A	0.05056	0.01518	0.93426
1328 T	0.05049	0.01483	0.93468
