# lcl|CP097583.1_cds_USQ93247.1_1
# AA	inside	membr	outside
1 A	0.26976	0.00000	0.73024
2 T	0.26966	0.00010	0.73024
3 G	0.26962	0.00014	0.73024
4 T	0.26962	0.00206	0.72832
5 C	0.26921	0.00432	0.72647
6 T	0.26921	0.00489	0.7259
7 T	0.26763	0.00670	0.72567
8 T	0.26763	0.00671	0.72566
9 T	0.26528	0.00908	0.72564
10 T	0.26527	0.01054	0.72419
11 A	0.26329	0.01262	0.7241
12 T	0.24297	0.03296	0.72407
13 C	0.18296	0.09304	0.724
14 A	0.18294	0.09306	0.724
15 A	0.18294	0.09372	0.72334
16 A	0.18238	0.09429	0.72334
17 A	0.18194	0.09473	0.72333
18 A	0.18193	0.09474	0.72333
19 A	0.18166	0.09501	0.72333
20 A	0.18091	0.09576	0.72333
21 T	0.17829	0.09836	0.72335
22 C	0.17811	0.09849	0.72339
23 G	0.17815	0.09842	0.72343
24 T	0.17878	0.09777	0.72345
25 T	0.17905	0.09733	0.72363
26 C	0.17871	0.09758	0.72372
27 T	0.17966	0.09659	0.72375
28 T	0.17988	0.09604	0.72408
29 T	0.17779	0.09806	0.72416
30 A	0.17547	0.09917	0.72536
31 T	0.17445	0.09860	0.72695
32 T	0.17272	0.09123	0.73606
33 T	0.17044	0.08439	0.74517
34 T	0.16413	0.08640	0.74947
35 T	0.15754	0.07766	0.7648
36 A	0.14210	0.05509	0.80281
37 T	0.13377	0.06286	0.80337
38 C	0.12199	0.07472	0.8033
39 T	0.11245	0.08990	0.79765
40 A	0.10700	0.10401	0.789
41 A	0.10376	0.11000	0.78625
42 A	0.10240	0.11257	0.78503
43 A	0.10186	0.11308	0.78506
44 T	0.10150	0.11141	0.7871
45 G	0.09986	0.11362	0.78652
46 A	0.09907	0.11467	0.78627
47 A	0.09882	0.11515	0.78603
48 A	0.09867	0.11496	0.78636
49 A	0.09858	0.11450	0.78692
50 A	0.09861	0.11371	0.78767
51 A	0.09871	0.11201	0.78928
52 G	0.09884	0.10824	0.79292
53 G	0.09910	0.10472	0.79618
54 T	0.09947	0.10177	0.79876
55 A	0.09973	0.09873	0.80154
56 G	0.10052	0.09237	0.80711
57 T	0.10143	0.08456	0.81401
58 A	0.10226	0.07608	0.82166
59 T	0.10473	0.05738	0.83789
60 T	0.10623	0.04691	0.84686
61 G	0.10711	0.03610	0.85678
62 C	0.11172	0.02429	0.86399
63 T	0.11965	0.01468	0.86567
64 T	0.12196	0.01218	0.86586
65 T	0.12295	0.01084	0.8662
66 A	0.12317	0.01052	0.86631
67 T	0.12392	0.00957	0.86651
68 T	0.12458	0.00728	0.86814
69 C	0.12475	0.00634	0.86891
70 T	0.12531	0.00563	0.86906
71 T	0.12548	0.00540	0.86912
72 T	0.12547	0.00539	0.86914
73 T	0.12536	0.00554	0.8691
74 C	0.12515	0.00577	0.86908
75 T	0.12499	0.00610	0.86891
76 A	0.12481	0.00661	0.86858
77 A	0.12451	0.00700	0.86848
78 T	0.12447	0.00708	0.86844
79 T	0.12431	0.00729	0.86841
80 T	0.12396	0.00768	0.86835
81 A	0.12304	0.00867	0.86829
82 A	0.12207	0.00972	0.86821
83 A	0.12176	0.01002	0.86821
84 T	0.12182	0.00985	0.86832
85 G	0.12183	0.00979	0.86838
86 A	0.12243	0.00906	0.86852
87 T	0.12354	0.00770	0.86876
88 T	0.12376	0.00720	0.86904
89 T	0.12390	0.00679	0.86932
90 T	0.12397	0.00655	0.86948
91 T	0.12402	0.00616	0.86982
92 C	0.12402	0.00582	0.87017
93 T	0.12398	0.00578	0.87023
94 C	0.12338	0.00633	0.87029
95 T	0.12310	0.00665	0.87025
96 T	0.12227	0.00757	0.87016
97 G	0.12038	0.00969	0.86993
98 A	0.11873	0.01181	0.86945
99 T	0.11764	0.01349	0.86887
100 T	0.11453	0.01892	0.86655
101 T	0.11138	0.02380	0.86482
102 A	0.10816	0.02805	0.86379
103 A	0.10655	0.03039	0.86307
104 A	0.10604	0.03056	0.8634
105 T	0.10581	0.03017	0.86402
106 T	0.10524	0.03046	0.8643
107 T	0.10456	0.03104	0.86439
108 T	0.10354	0.03198	0.86448
109 G	0.10161	0.03389	0.86451
110 C	0.10064	0.03484	0.86453
111 C	0.09997	0.03550	0.86453
112 T	0.09952	0.03597	0.86451
113 T	0.09894	0.03659	0.86447
114 A	0.09749	0.03810	0.8644
115 A	0.09700	0.03864	0.86436
116 A	0.09671	0.03889	0.8644
117 T	0.09659	0.03822	0.86519
118 A	0.09640	0.03800	0.8656
119 A	0.09647	0.03698	0.86655
120 A	0.09652	0.03507	0.86841
121 A	0.09709	0.03243	0.87048
122 A	0.09809	0.02940	0.8725
123 T	0.10207	0.02176	0.87617
124 T	0.10409	0.01676	0.87915
125 T	0.10478	0.01360	0.88163
126 T	0.10487	0.01231	0.88282
127 T	0.10441	0.01247	0.88313
128 A	0.10339	0.01362	0.88299
129 T	0.10294	0.01396	0.8831
130 T	0.10204	0.01552	0.88243
131 A	0.10009	0.01777	0.88214
132 T	0.09830	0.01975	0.88194
133 T	0.09356	0.02426	0.88218
134 T	0.08554	0.03215	0.88231
135 G	0.07131	0.04631	0.88238
136 A	0.06697	0.05069	0.88234
137 C	0.06551	0.05124	0.88326
138 A	0.06439	0.05292	0.8827
139 G	0.06399	0.05352	0.88249
140 G	0.06380	0.05391	0.88229
141 T	0.06351	0.05436	0.88212
142 A	0.06282	0.05525	0.88192
143 T	0.06211	0.05585	0.88204
144 A	0.06098	0.05697	0.88205
145 G	0.06040	0.05746	0.88214
146 A	0.05975	0.05815	0.8821
147 A	0.05917	0.05862	0.8822
148 G	0.05889	0.05860	0.8825
149 A	0.05895	0.05831	0.88274
150 A	0.05928	0.05740	0.88332
151 G	0.05977	0.05563	0.8846
152 A	0.06061	0.05400	0.88539
153 T	0.06213	0.05079	0.88708
154 A	0.06313	0.04728	0.88959
155 A	0.06498	0.04200	0.89302
156 T	0.06609	0.03433	0.89958
157 T	0.06668	0.02555	0.90777
158 C	0.06698	0.01354	0.91948
159 T	0.06743	0.01097	0.9216
160 G	0.06760	0.01007	0.92232
161 T	0.06827	0.00879	0.92295
162 T	0.06865	0.00811	0.92323
163 T	0.06887	0.00772	0.92341
164 T	0.06895	0.00705	0.924
165 A	0.06880	0.00655	0.92465
166 T	0.06883	0.00568	0.92548
167 T	0.06884	0.00482	0.92633
168 A	0.06871	0.00458	0.9267
169 A	0.06873	0.00424	0.92702
170 T	0.06879	0.00374	0.92747
171 T	0.06873	0.00376	0.92751
172 G	0.06804	0.00508	0.92688
173 T	0.06739	0.00612	0.92649
174 T	0.06643	0.00776	0.92581
175 A	0.06385	0.01341	0.92274
176 A	0.06215	0.01874	0.91911
177 G	0.06156	0.02432	0.91412
178 G	0.06126	0.02667	0.91207
179 A	0.06114	0.02829	0.91057
180 T	0.06113	0.02910	0.90977
181 T	0.06106	0.02974	0.90919
182 G	0.06099	0.03021	0.9088
183 T	0.06099	0.03044	0.90857
184 T	0.06090	0.03065	0.90845
185 A	0.06072	0.03081	0.90848
186 T	0.06062	0.03080	0.90858
187 G	0.06042	0.03086	0.90872
188 G	0.06033	0.03070	0.90898
189 C	0.06028	0.03065	0.90907
190 A	0.06030	0.03062	0.90908
191 A	0.06040	0.03045	0.90915
192 T	0.06074	0.03005	0.90921
193 G	0.06074	0.03003	0.90923
194 A	0.06091	0.02988	0.90921
195 A	0.06153	0.02839	0.91008
196 G	0.06202	0.02711	0.91087
197 A	0.06281	0.02544	0.91175
198 A	0.06606	0.01999	0.91395
199 G	0.07022	0.01425	0.91554
200 T	0.07640	0.00751	0.91609
201 T	0.07882	0.00490	0.91628
202 T	0.07999	0.00395	0.91606
203 T	0.08039	0.00364	0.91597
204 T	0.08052	0.00354	0.91594
205 T	0.08054	0.00353	0.91592
206 T	0.08051	0.00361	0.91588
207 A	0.08043	0.00374	0.91583
208 T	0.08042	0.00360	0.91598
209 T	0.08026	0.00366	0.91608
210 T	0.07957	0.00421	0.91622
211 T	0.07778	0.00596	0.91626
212 T	0.07324	0.01062	0.91614
213 G	0.07111	0.01299	0.91589
214 A	0.06946	0.01493	0.91561
215 A	0.06857	0.01597	0.91546
216 A	0.06799	0.01641	0.91559
217 T	0.06749	0.01684	0.91567
218 A	0.06200	0.02233	0.91568
219 T	0.05863	0.02566	0.91571
220 C	0.05402	0.03027	0.91571
221 A	0.05199	0.03237	0.91564
222 T	0.05133	0.03308	0.91559
223 G	0.05037	0.03410	0.91552
224 A	0.04980	0.03474	0.91546
225 T	0.05002	0.03456	0.91542
226 T	0.04985	0.03474	0.91541
227 T	0.04892	0.03571	0.91537
228 A	0.04722	0.03754	0.91524
229 T	0.04562	0.03932	0.91506
230 T	0.04128	0.04422	0.9145
231 A	0.03134	0.05432	0.91434
232 A	0.02548	0.06013	0.91439
233 A	0.02205	0.06278	0.91517
234 A	0.02035	0.06267	0.91698
235 C	0.01948	0.05927	0.92124
236 A	0.01905	0.05861	0.92234
237 A	0.01904	0.05761	0.92335
238 A	0.01906	0.05706	0.92388
239 A	0.01873	0.05683	0.92445
240 A	0.01858	0.05629	0.92513
241 T	0.01855	0.04974	0.93171
242 G	0.01842	0.04576	0.93582
243 G	0.01835	0.04150	0.94015
244 G	0.01833	0.03975	0.94191
245 A	0.01832	0.03907	0.94262
246 T	0.01834	0.03799	0.94367
247 G	0.01815	0.03774	0.94411
248 G	0.01795	0.03787	0.94419
249 A	0.01787	0.03863	0.9435
250 G	0.01794	0.03837	0.9437
251 A	0.01809	0.03784	0.94406
252 A	0.01846	0.03532	0.94623
253 A	0.01922	0.02964	0.95114
254 G	0.01961	0.01947	0.96091
255 T	0.02002	0.01392	0.96605
256 C	0.02013	0.01082	0.96905
257 T	0.02023	0.01071	0.96905
258 T	0.02019	0.01108	0.96874
259 A	0.02007	0.01150	0.96843
260 G	0.02006	0.01174	0.9682
261 T	0.02009	0.01198	0.96793
262 T	0.01999	0.01289	0.96712
263 T	0.01971	0.01529	0.965
264 T	0.01913	0.01751	0.96336
265 G	0.01833	0.02018	0.96149
266 A	0.01805	0.02241	0.95953
267 A	0.01789	0.02453	0.95758
268 A	0.01792	0.02473	0.95734
269 A	0.01805	0.02461	0.95734
270 A	0.01852	0.02396	0.95752
271 G	0.01917	0.02305	0.95778
272 C	0.02041	0.02166	0.95793
273 A	0.02149	0.02058	0.95792
274 T	0.02286	0.01921	0.95793
275 C	0.02294	0.01914	0.95792
276 A	0.02286	0.01933	0.95781
277 A	0.02298	0.01925	0.95778
278 A	0.02337	0.01888	0.95775
279 T	0.02391	0.01836	0.95772
280 T	0.02460	0.01777	0.95762
281 T	0.02511	0.01721	0.95768
282 A	0.02484	0.01748	0.95768
283 A	0.02490	0.01721	0.95789
284 G	0.02523	0.01656	0.95821
285 T	0.02701	0.01436	0.95864
286 T	0.02927	0.01168	0.95904
287 C	0.03063	0.00980	0.95957
288 C	0.03194	0.00817	0.95989
289 A	0.03313	0.00693	0.95994
290 T	0.03459	0.00541	0.96
291 T	0.03427	0.00572	0.96001
292 C	0.03352	0.00646	0.96002
293 C	0.03301	0.00696	0.96002
294 A	0.03261	0.00740	0.95999
295 T	0.03241	0.00764	0.95996
296 T	0.03194	0.00814	0.95992
297 A	0.03088	0.00929	0.95984
298 A	0.03028	0.00989	0.95982
299 T	0.03017	0.00974	0.96008
300 G	0.02977	0.00999	0.96024
301 A	0.02966	0.01001	0.96033
302 A	0.02967	0.00987	0.96046
303 T	0.02979	0.00945	0.96076
304 A	0.02979	0.00929	0.96092
305 T	0.02991	0.00861	0.96148
306 T	0.02986	0.00837	0.96177
307 T	0.02979	0.00829	0.96192
308 T	0.02972	0.00832	0.96197
309 A	0.02959	0.00837	0.96204
310 A	0.02956	0.00820	0.96224
311 A	0.02955	0.00794	0.96252
312 T	0.02954	0.00752	0.96294
313 A	0.02952	0.00724	0.96324
314 T	0.02954	0.00656	0.9639
315 T	0.02950	0.00584	0.96465
316 G	0.02949	0.00534	0.96517
317 A	0.02952	0.00496	0.96552
318 T	0.02957	0.00459	0.96583
319 A	0.02962	0.00426	0.96613
320 T	0.02971	0.00330	0.967
321 T	0.02977	0.00278	0.96745
322 T	0.02979	0.00259	0.96762
323 T	0.02974	0.00246	0.96781
324 A	0.02968	0.00249	0.96783
325 A	0.02967	0.00243	0.9679
326 A	0.02972	0.00232	0.96796
327 T	0.02987	0.00204	0.96809
328 T	0.02999	0.00181	0.9682
329 C	0.03009	0.00160	0.96831
330 T	0.03020	0.00152	0.96828
331 T	0.03026	0.00150	0.96824
332 T	0.03027	0.00149	0.96824
333 T	0.03027	0.00155	0.96819
334 T	0.03025	0.00158	0.96816
335 T	0.03023	0.00159	0.96818
336 A	0.03020	0.00159	0.9682
337 A	0.03018	0.00160	0.96823
338 C	0.03019	0.00154	0.96827
339 C	0.03017	0.00154	0.96829
340 C	0.03020	0.00153	0.96827
341 G	0.03015	0.00160	0.96825
342 T	0.03035	0.00142	0.96823
343 T	0.03041	0.00139	0.9682
344 T	0.03040	0.00142	0.96818
345 A	0.03031	0.00153	0.96815
346 T	0.03030	0.00153	0.96818
347 T	0.03016	0.00173	0.96811
348 G	0.02897	0.00302	0.96802
349 A	0.02799	0.00406	0.96795
350 A	0.02750	0.00457	0.96793
351 T	0.02717	0.00492	0.96791
352 A	0.02646	0.00562	0.96792
353 C	0.02626	0.00579	0.96796
354 T	0.02623	0.00581	0.96797
355 G	0.02613	0.00589	0.96798
356 C	0.02609	0.00591	0.968
357 T	0.02605	0.00596	0.96799
358 C	0.02594	0.00607	0.96799
359 A	0.02567	0.00637	0.96795
360 A	0.02555	0.00654	0.96792
361 A	0.02545	0.00664	0.96791
362 A	0.02536	0.00670	0.96794
363 T	0.02530	0.00672	0.96797
364 T	0.02506	0.00686	0.96809
365 C	0.02451	0.00736	0.96813
366 A	0.02409	0.00785	0.96806
367 A	0.02378	0.00820	0.96802
368 A	0.02368	0.00825	0.96807
369 A	0.02368	0.00817	0.96815
370 T	0.02377	0.00792	0.96831
371 A	0.02381	0.00664	0.96956
372 T	0.02384	0.00548	0.97068
373 G	0.02381	0.00493	0.97126
374 G	0.02382	0.00454	0.97164
375 T	0.02382	0.00399	0.97219
376 C	0.02381	0.00381	0.97239
377 T	0.02380	0.00381	0.97238
378 T	0.02378	0.00382	0.97241
379 A	0.02375	0.00385	0.97241
380 T	0.02373	0.00387	0.9724
381 T	0.02370	0.00388	0.97242
382 G	0.02367	0.00367	0.97265
383 A	0.02370	0.00358	0.97273
384 A	0.02371	0.00351	0.97277
385 A	0.02374	0.00346	0.97279
386 A	0.02380	0.00327	0.97292
387 T	0.02392	0.00286	0.97323
388 T	0.02396	0.00230	0.97374
389 T	0.02403	0.00190	0.97407
390 T	0.02407	0.00165	0.97428
391 T	0.02407	0.00166	0.97427
392 A	0.02406	0.00172	0.97422
393 T	0.02402	0.00173	0.97426
394 T	0.02392	0.00181	0.97426
395 T	0.02371	0.00204	0.97425
396 A	0.02328	0.00254	0.97418
397 G	0.02299	0.00294	0.97407
398 A	0.02286	0.00318	0.97396
399 T	0.02283	0.00330	0.97387
400 T	0.02272	0.00344	0.97384
401 T	0.02230	0.00402	0.97368
402 A	0.02112	0.00558	0.9733
403 T	0.02001	0.00703	0.97296
404 C	0.01807	0.00942	0.97251
405 A	0.01684	0.01134	0.97181
406 A	0.01618	0.01207	0.97175
407 A	0.01587	0.01241	0.97172
408 T	0.01562	0.01268	0.9717
409 A	0.01468	0.01367	0.97165
410 C	0.01439	0.01396	0.97164
411 T	0.01426	0.01413	0.97161
412 G	0.01404	0.01439	0.97157
413 A	0.01396	0.01453	0.97151
414 T	0.01404	0.01446	0.9715
415 T	0.01404	0.01450	0.97147
416 T	0.01397	0.01452	0.97152
417 A	0.01382	0.01460	0.97158
418 A	0.01377	0.01447	0.97176
419 A	0.01378	0.01411	0.9721
420 T	0.01378	0.01382	0.97239
421 A	0.01371	0.01373	0.97256
422 A	0.01374	0.01355	0.97271
423 A	0.01373	0.01330	0.97296
424 A	0.01394	0.01254	0.97351
425 A	0.01443	0.01083	0.97473
426 A	0.01487	0.00918	0.97594
427 T	0.01543	0.00666	0.97791
428 T	0.01596	0.00506	0.97898
429 T	0.01601	0.00435	0.97965
430 A	0.01601	0.00401	0.97998
431 A	0.01604	0.00369	0.98027
432 T	0.01611	0.00277	0.98113
433 T	0.01614	0.00241	0.98144
434 T	0.01617	0.00218	0.98165
435 G	0.01615	0.00195	0.9819
436 T	0.01618	0.00180	0.98202
437 C	0.01616	0.00173	0.9821
438 T	0.01620	0.00172	0.98209
439 T	0.01621	0.00176	0.98203
440 T	0.01620	0.00184	0.98195
441 A	0.01616	0.00231	0.98152
442 T	0.01613	0.00271	0.98116
443 T	0.01575	0.00370	0.98055
444 G	0.01467	0.00580	0.97952
445 A	0.01387	0.00701	0.97912
446 G	0.01332	0.00777	0.97891
447 A	0.01302	0.00817	0.97881
448 G	0.01278	0.00848	0.97874
449 C	0.01273	0.00860	0.97867
450 T	0.01275	0.00877	0.97848
451 G	0.01274	0.00912	0.97814
452 A	0.01275	0.00934	0.97791
453 A	0.01280	0.00939	0.9778
454 T	0.01289	0.00943	0.97768
455 G	0.01290	0.00951	0.97759
456 G	0.01289	0.00953	0.97758
457 A	0.01289	0.00953	0.97758
458 T	0.01292	0.00947	0.97761
459 T	0.01281	0.00961	0.97758
460 C	0.01228	0.01030	0.97742
461 A	0.01193	0.01108	0.97699
462 A	0.01158	0.01198	0.97643
463 A	0.01145	0.01241	0.97614
464 A	0.01171	0.01228	0.97601
465 A	0.01207	0.01198	0.97595
466 A	0.01283	0.01084	0.97633
467 A	0.01396	0.00867	0.97737
468 T	0.01458	0.00722	0.9782
469 T	0.01485	0.00643	0.97872
470 A	0.01492	0.00610	0.97898
471 T	0.01505	0.00574	0.97921
472 C	0.01511	0.00561	0.97928
473 C	0.01523	0.00550	0.97927
474 T	0.01551	0.00525	0.97925
475 T	0.01567	0.00519	0.97914
476 A	0.01570	0.00534	0.97896
477 T	0.01567	0.00552	0.97881
478 A	0.01525	0.00622	0.97853
479 T	0.01508	0.00642	0.97849
480 A	0.01483	0.00673	0.97844
481 A	0.01479	0.00681	0.9784
482 A	0.01484	0.00659	0.97857
483 T	0.01511	0.00575	0.97914
484 A	0.01546	0.00503	0.97952
485 T	0.01603	0.00407	0.97991
486 T	0.01623	0.00367	0.9801
487 T	0.01627	0.00354	0.98019
488 A	0.01620	0.00359	0.98021
489 T	0.01618	0.00357	0.98025
490 G	0.01603	0.00370	0.98028
491 A	0.01595	0.00376	0.98028
492 T	0.01593	0.00375	0.98032
493 T	0.01587	0.00375	0.98038
494 C	0.01580	0.00379	0.98041
495 T	0.01576	0.00385	0.98038
496 T	0.01565	0.00403	0.98032
497 A	0.01541	0.00451	0.98008
498 T	0.01545	0.00466	0.97989
499 A	0.01549	0.00476	0.97974
500 A	0.01561	0.00449	0.97989
501 T	0.01592	0.00371	0.98037
502 T	0.01602	0.00342	0.98057
503 T	0.01604	0.00318	0.98078
504 T	0.01594	0.00322	0.98085
505 T	0.01562	0.00356	0.98082
506 T	0.01491	0.00434	0.98075
507 A	0.01311	0.00629	0.9806
508 A	0.01151	0.00804	0.98044
509 T	0.01098	0.00856	0.98047
510 A	0.01004	0.00956	0.98041
511 A	0.00957	0.01000	0.98043
512 A	0.00920	0.01034	0.98045
513 T	0.00891	0.01051	0.98059
514 A	0.00870	0.01074	0.98056
515 T	0.00856	0.01098	0.98046
516 G	0.00829	0.01133	0.98038
517 A	0.00818	0.01163	0.98019
518 G	0.00816	0.01177	0.98007
519 A	0.00810	0.01220	0.9797
520 G	0.00828	0.01203	0.97969
521 T	0.00851	0.01191	0.97958
522 T	0.00862	0.01202	0.97936
523 A	0.00850	0.01250	0.979
524 T	0.00846	0.01263	0.97891
525 T	0.00832	0.01281	0.97887
526 A	0.00801	0.01313	0.97886
527 A	0.00786	0.01315	0.97899
528 A	0.00781	0.01287	0.97932
529 A	0.00781	0.01216	0.98003
530 A	0.00792	0.01028	0.98181
531 T	0.00802	0.00854	0.98344
532 G	0.00781	0.00817	0.98401
533 G	0.00766	0.00764	0.98469
534 A	0.00746	0.00758	0.98497
535 A	0.00730	0.00747	0.98523
536 C	0.00712	0.00736	0.98552
537 A	0.00702	0.00779	0.98519
538 G	0.00717	0.00794	0.98489
539 A	0.00734	0.00873	0.98393
540 G	0.00760	0.00932	0.98307
541 A	0.00789	0.00958	0.98253
542 T	0.00854	0.00904	0.98242
543 T	0.00877	0.00923	0.982
544 G	0.00880	0.00968	0.98151
545 A	0.00897	0.00982	0.98121
546 T	0.00928	0.00943	0.9813
547 T	0.00933	0.00938	0.9813
548 T	0.00923	0.00940	0.98137
549 G	0.00898	0.00953	0.9815
550 A	0.00876	0.00987	0.98137
551 T	0.00862	0.01003	0.98136
552 A	0.00826	0.01058	0.98115
553 A	0.00797	0.01108	0.98096
554 A	0.00781	0.01122	0.98096
555 A	0.00771	0.01115	0.98113
556 A	0.00764	0.01096	0.98139
557 A	0.00765	0.01068	0.98167
558 A	0.00773	0.01037	0.9819
559 G	0.00794	0.00991	0.98215
560 C	0.00849	0.00913	0.98237
561 A	0.00903	0.00857	0.98239
562 A	0.01022	0.00736	0.98242
563 T	0.01140	0.00614	0.98246
564 T	0.01206	0.00547	0.98248
565 G	0.01236	0.00517	0.98248
566 T	0.01287	0.00456	0.98257
567 T	0.01328	0.00409	0.98264
568 T	0.01345	0.00393	0.98263
569 T	0.01346	0.00402	0.98251
570 T	0.01340	0.00428	0.98232
571 A	0.01324	0.00458	0.98219
572 A	0.01319	0.00448	0.98233
573 T	0.01319	0.00433	0.98248
574 G	0.01308	0.00443	0.98249
575 A	0.01322	0.00413	0.98264
576 T	0.01340	0.00384	0.98276
577 A	0.01330	0.00386	0.98284
578 A	0.01323	0.00387	0.9829
579 A	0.01309	0.00397	0.98294
580 G	0.01304	0.00393	0.98303
581 C	0.01302	0.00391	0.98307
582 T	0.01300	0.00398	0.98302
583 T	0.01293	0.00410	0.98298
584 T	0.01276	0.00431	0.98293
585 A	0.01218	0.00497	0.98285
586 A	0.01173	0.00543	0.98284
587 G	0.01139	0.00577	0.98284
588 A	0.01130	0.00587	0.98284
589 G	0.01133	0.00583	0.98285
590 C	0.01143	0.00568	0.98289
591 A	0.01158	0.00555	0.98287
592 A	0.01180	0.00529	0.98291
593 T	0.01213	0.00486	0.98301
594 T	0.01234	0.00450	0.98316
595 G	0.01238	0.00437	0.98325
596 C	0.01247	0.00400	0.98353
597 T	0.01257	0.00376	0.98366
598 A	0.01257	0.00373	0.9837
599 A	0.01265	0.00361	0.98374
600 A	0.01271	0.00344	0.98385
601 G	0.01278	0.00329	0.98393
602 T	0.01288	0.00303	0.9841
603 T	0.01294	0.00288	0.98417
604 T	0.01294	0.00291	0.98416
605 T	0.01288	0.00300	0.98412
606 A	0.01284	0.00297	0.98418
607 A	0.01283	0.00281	0.98435
608 A	0.01287	0.00225	0.98488
609 A	0.01287	0.00180	0.98532
610 C	0.01289	0.00143	0.98567
611 C	0.01290	0.00137	0.98573
612 T	0.01290	0.00140	0.9857
613 G	0.01290	0.00146	0.98564
614 G	0.01291	0.00153	0.98556
615 T	0.01292	0.00167	0.98541
616 A	0.01293	0.00194	0.98513
617 T	0.01294	0.00233	0.98473
618 G	0.01295	0.00259	0.98447
619 T	0.01296	0.00282	0.98422
620 A	0.01296	0.00302	0.98402
621 T	0.01298	0.00310	0.98392
622 G	0.01292	0.00348	0.98361
623 A	0.01293	0.00376	0.98332
624 A	0.01295	0.00376	0.98328
625 T	0.01305	0.00369	0.98327
626 A	0.01308	0.00366	0.98326
627 T	0.01319	0.00352	0.98329
628 C	0.01324	0.00344	0.98332
629 A	0.01322	0.00352	0.98326
630 A	0.01321	0.00355	0.98325
631 A	0.01321	0.00354	0.98326
632 T	0.01323	0.00351	0.98327
633 A	0.01323	0.00350	0.98327
634 T	0.01328	0.00340	0.98331
635 C	0.01332	0.00333	0.98335
636 A	0.01338	0.00325	0.98337
637 G	0.01347	0.00315	0.98338
638 C	0.01366	0.00296	0.98338
639 A	0.01397	0.00265	0.98338
640 T	0.01462	0.00200	0.98338
641 T	0.01502	0.00160	0.98338
642 T	0.01530	0.00131	0.9834
643 T	0.01545	0.00115	0.9834
644 A	0.01553	0.00104	0.98343
645 T	0.01576	0.00073	0.9835
646 C	0.01596	0.00052	0.98352
647 A	0.01602	0.00047	0.98351
648 T	0.01610	0.00039	0.98351
649 T	0.01615	0.00035	0.9835
650 A	0.01616	0.00035	0.98349
651 T	0.01620	0.00032	0.98348
652 T	0.01625	0.00026	0.98349
653 T	0.01627	0.00026	0.98347
654 T	0.01627	0.00032	0.98341
655 T	0.01627	0.00033	0.9834
656 T	0.01626	0.00034	0.98339
657 A	0.01626	0.00036	0.98339
658 G	0.01625	0.00037	0.98338
659 C	0.01625	0.00038	0.98337
660 T	0.01625	0.00039	0.98336
661 A	0.01624	0.00040	0.98336
662 A	0.01624	0.00040	0.98336
663 T	0.01623	0.00040	0.98336
664 C	0.01620	0.00043	0.98336
665 A	0.01620	0.00044	0.98336
666 C	0.01620	0.00044	0.98336
667 G	0.01620	0.00046	0.98334
668 A	0.01621	0.00047	0.98332
669 T	0.01623	0.00045	0.98332
670 T	0.01625	0.00043	0.98332
671 T	0.01626	0.00042	0.98332
672 A	0.01624	0.00044	0.98332
673 C	0.01625	0.00042	0.98334
674 G	0.01626	0.00041	0.98334
675 T	0.01629	0.00037	0.98334
676 C	0.01632	0.00034	0.98334
677 C	0.01638	0.00027	0.98335
678 T	0.01640	0.00026	0.98335
679 T	0.01641	0.00024	0.98335
680 C	0.01641	0.00023	0.98335
681 T	0.01642	0.00023	0.98335
682 T	0.01643	0.00023	0.98334
683 T	0.01642	0.00023	0.98335
684 T	0.01637	0.00028	0.98335
685 A	0.01617	0.00047	0.98335
686 A	0.01609	0.00055	0.98336
687 C	0.01600	0.00061	0.98339
688 A	0.01588	0.00077	0.98336
689 C	0.01584	0.00082	0.98334
690 T	0.01583	0.00093	0.98325
691 A	0.01581	0.00109	0.98309
692 T	0.01580	0.00117	0.98302
693 T	0.01577	0.00131	0.98292
694 A	0.01575	0.00137	0.98288
695 T	0.01575	0.00138	0.98288
696 A	0.01571	0.00145	0.98284
697 G	0.01570	0.00146	0.98284
698 C	0.01569	0.00146	0.98285
699 T	0.01566	0.00150	0.98284
700 T	0.01559	0.00157	0.98284
701 C	0.01550	0.00168	0.98282
702 T	0.01545	0.00180	0.98275
703 G	0.01537	0.00204	0.98259
704 G	0.01533	0.00222	0.98245
705 A	0.01531	0.00235	0.98234
706 A	0.01529	0.00246	0.98225
707 A	0.01528	0.00246	0.98227
708 G	0.01526	0.00233	0.98241
709 A	0.01525	0.00227	0.98248
710 A	0.01527	0.00218	0.98256
711 T	0.01534	0.00197	0.98268
712 G	0.01537	0.00190	0.98274
713 C	0.01547	0.00176	0.98277
714 T	0.01559	0.00163	0.98279
715 A	0.01563	0.00159	0.98278
716 C	0.01571	0.00150	0.98279
717 T	0.01577	0.00151	0.98272
718 A	0.01579	0.00159	0.98262
719 T	0.01582	0.00162	0.98256
720 T	0.01580	0.00166	0.98254
721 T	0.01572	0.00178	0.98249
722 T	0.01565	0.00185	0.9825
723 G	0.01557	0.00186	0.98256
724 C	0.01553	0.00190	0.98257
725 A	0.01558	0.00218	0.98224
726 T	0.01574	0.00230	0.98197
727 T	0.01582	0.00262	0.98156
728 A	0.01569	0.00306	0.98125
729 T	0.01555	0.00324	0.98121
730 A	0.01501	0.00384	0.98115
731 A	0.01462	0.00429	0.98109
732 T	0.01451	0.00439	0.98109
733 C	0.01422	0.00471	0.98107
734 G	0.01367	0.00538	0.98094
735 A	0.01311	0.00627	0.98062
736 C	0.01256	0.00718	0.98026
737 A	0.01091	0.00981	0.97928
738 A	0.00993	0.01176	0.97831
739 A	0.00897	0.01349	0.97755
740 A	0.00873	0.01404	0.97723
741 A	0.00866	0.01414	0.9772
742 G	0.00864	0.01412	0.97724
743 A	0.00864	0.01407	0.97729
744 T	0.00870	0.01390	0.97739
745 C	0.00870	0.01384	0.97746
746 G	0.00870	0.01392	0.97738
747 A	0.00876	0.01399	0.97724
748 A	0.00906	0.01373	0.9772
749 T	0.00936	0.01346	0.97719
750 T	0.00967	0.01312	0.97721
751 A	0.00978	0.01282	0.9774
752 A	0.00976	0.01263	0.97761
753 A	0.00979	0.01206	0.97816
754 C	0.00982	0.01157	0.97861
755 A	0.00976	0.01156	0.97868
756 A	0.00979	0.01131	0.9789
757 A	0.00997	0.01071	0.97932
758 A	0.01038	0.00980	0.97982
759 T	0.01091	0.00878	0.98031
760 G	0.01176	0.00613	0.98212
761 A	0.01265	0.00422	0.98313
762 T	0.01333	0.00250	0.98416
763 T	0.01355	0.00200	0.98445
764 T	0.01356	0.00186	0.98457
765 G	0.01353	0.00187	0.9846
766 G	0.01352	0.00202	0.98446
767 T	0.01351	0.00236	0.98413
768 A	0.01348	0.00239	0.98412
769 T	0.01357	0.00232	0.98411
770 T	0.01363	0.00225	0.98412
771 G	0.01351	0.00240	0.98409
772 C	0.01336	0.00263	0.98401
773 T	0.01327	0.00296	0.98377
774 A	0.01315	0.00371	0.98313
775 G	0.01313	0.00422	0.98266
776 A	0.01312	0.00451	0.98237
777 T	0.01313	0.00454	0.98233
778 T	0.01310	0.00459	0.9823
779 T	0.01305	0.00472	0.98223
780 A	0.01291	0.00499	0.9821
781 G	0.01287	0.00517	0.98195
782 G	0.01286	0.00532	0.98183
783 T	0.01288	0.00542	0.98171
784 G	0.01289	0.00564	0.98146
785 T	0.01294	0.00594	0.98112
786 A	0.01297	0.00659	0.98044
787 A	0.01302	0.00760	0.97938
788 A	0.01310	0.00812	0.97878
789 A	0.01331	0.00845	0.97824
790 T	0.01366	0.00838	0.97796
791 A	0.01372	0.00854	0.97773
792 T	0.01386	0.00851	0.97763
793 A	0.01388	0.00874	0.97738
794 A	0.01399	0.00862	0.97739
795 T	0.01416	0.00834	0.9775
796 A	0.01441	0.00805	0.97754
797 A	0.01500	0.00739	0.97762
798 T	0.01557	0.00677	0.97765
799 T	0.01579	0.00652	0.97769
800 A	0.01578	0.00649	0.97772
801 T	0.01591	0.00630	0.97779
802 G	0.01598	0.00616	0.97786
803 C	0.01612	0.00590	0.97798
804 T	0.01634	0.00566	0.978
805 T	0.01653	0.00546	0.97801
806 C	0.01664	0.00534	0.97802
807 C	0.01687	0.00511	0.97802
808 G	0.01717	0.00482	0.97801
809 A	0.01783	0.00416	0.97801
810 T	0.01898	0.00301	0.97801
811 A	0.01966	0.00233	0.97801
812 T	0.02031	0.00167	0.97802
813 T	0.02067	0.00127	0.97806
814 T	0.02089	0.00100	0.97811
815 C	0.02100	0.00087	0.97813
816 T	0.02132	0.00056	0.97812
817 T	0.02143	0.00053	0.97804
818 T	0.02146	0.00061	0.97793
819 T	0.02148	0.00067	0.97785
820 T	0.02148	0.00074	0.97779
821 G	0.02147	0.00079	0.97774
822 T	0.02147	0.00077	0.97776
823 T	0.02147	0.00070	0.97784
824 T	0.02146	0.00069	0.97785
825 T	0.02144	0.00069	0.97787
826 C	0.02142	0.00070	0.97789
827 C	0.02139	0.00072	0.97789
828 T	0.02136	0.00076	0.97787
829 G	0.02129	0.00085	0.97786
830 C	0.02125	0.00093	0.97782
831 T	0.02122	0.00112	0.97767
832 A	0.02111	0.00153	0.97736
833 G	0.02096	0.00215	0.9769
834 T	0.02080	0.00321	0.97599
835 G	0.02043	0.00548	0.97409
836 G	0.01891	0.01205	0.96905
837 A	0.01813	0.02377	0.9581
838 A	0.01783	0.03022	0.95195
839 A	0.01772	0.03312	0.94917
840 A	0.01766	0.03541	0.94694
841 T	0.01770	0.03560	0.94669
842 T	0.01764	0.03586	0.9465
843 T	0.01751	0.03616	0.94632
844 A	0.01699	0.03673	0.94627
845 C	0.01681	0.03693	0.94625
846 A	0.01655	0.03721	0.94623
847 T	0.01623	0.03755	0.94623
848 C	0.01569	0.03810	0.94621
849 T	0.01508	0.03872	0.9462
850 C	0.01401	0.03980	0.94618
851 A	0.01262	0.04126	0.94612
852 A	0.01189	0.04204	0.94607
853 C	0.01156	0.04239	0.94605
854 A	0.01143	0.04257	0.946
855 A	0.01165	0.04236	0.94599
856 A	0.01227	0.04165	0.94608
857 A	0.01353	0.04026	0.94621
858 A	0.01599	0.03753	0.94648
859 A	0.02221	0.02965	0.94814
860 T	0.03383	0.01718	0.94899
861 T	0.03906	0.01164	0.9493
862 A	0.04063	0.00997	0.94941
863 T	0.04200	0.00837	0.94962
864 T	0.04208	0.00820	0.94973
865 T	0.04193	0.00843	0.94965
866 A	0.04147	0.00891	0.94961
867 T	0.04055	0.00956	0.94988
868 A	0.03954	0.01101	0.94945
869 A	0.03851	0.01223	0.94926
870 T	0.03737	0.01324	0.94939
871 A	0.03416	0.01681	0.94903
872 T	0.03207	0.01923	0.94869
873 A	0.03006	0.02238	0.94756
874 G	0.02957	0.02230	0.94813
875 T	0.02934	0.02241	0.94825
876 T	0.02880	0.02339	0.94781
877 T	0.02805	0.02454	0.94741
878 T	0.02633	0.02667	0.94701
879 A	0.02157	0.03186	0.94657
880 G	0.01852	0.03493	0.94655
881 A	0.01764	0.03591	0.94645
882 A	0.01743	0.03615	0.94642
883 G	0.01735	0.03628	0.94636
884 C	0.01740	0.03626	0.94633
885 T	0.01748	0.03695	0.94557
886 A	0.01744	0.03764	0.94492
887 A	0.01754	0.03806	0.9444
888 T	0.01777	0.03815	0.94407
889 A	0.01784	0.03837	0.9438
890 G	0.01798	0.03747	0.94456
891 A	0.01859	0.03644	0.94497
892 A	0.01911	0.03529	0.9456
893 A	0.01958	0.03514	0.94528
894 A	0.02073	0.03304	0.94623
895 A	0.02224	0.03127	0.94648
896 T	0.02463	0.02842	0.94695
897 T	0.02510	0.02829	0.94661
898 A	0.02477	0.03067	0.94456
899 T	0.02488	0.03076	0.94436
900 T	0.02412	0.03314	0.94274
901 G	0.02310	0.03550	0.94141
902 A	0.02204	0.03660	0.94135
903 A	0.02151	0.03640	0.94209
904 T	0.02146	0.03638	0.94216
905 G	0.02127	0.03653	0.94221
906 G	0.02123	0.03658	0.9422
907 A	0.02124	0.03664	0.94213
908 T	0.02200	0.03590	0.94211
909 C	0.02246	0.03536	0.94218
910 A	0.02289	0.03494	0.94217
911 G	0.02308	0.03476	0.94216
912 A	0.02333	0.03454	0.94213
913 C	0.02362	0.03424	0.94214
914 C	0.02403	0.03390	0.94207
915 A	0.02429	0.03404	0.94167
916 G	0.02583	0.03300	0.94116
917 G	0.02818	0.03109	0.94073
918 A	0.03043	0.02949	0.94008
919 T	0.03307	0.02687	0.94006
920 A	0.03463	0.02485	0.94052
921 T	0.03781	0.02062	0.94157
922 A	0.03986	0.01768	0.94246
923 C	0.04244	0.01386	0.9437
924 T	0.04467	0.01095	0.94438
925 T	0.04622	0.00883	0.94495
926 T	0.04654	0.00849	0.94496
927 T	0.04596	0.00950	0.94454
928 C	0.03722	0.01905	0.94372
929 A	0.02907	0.03202	0.93891
930 A	0.02431	0.04114	0.93455
931 G	0.01967	0.05111	0.92922
932 A	0.01694	0.05693	0.92612
933 A	0.01432	0.06196	0.92372
934 A	0.01340	0.06395	0.92264
935 T	0.01333	0.06420	0.92246
936 G	0.01302	0.06483	0.92215
937 A	0.01298	0.06500	0.92202
938 A	0.01332	0.06461	0.92207
939 T	0.01380	0.06391	0.92229
940 A	0.01411	0.06360	0.9223
941 A	0.01462	0.06289	0.92249
942 A	0.01469	0.06264	0.92266
943 T	0.01480	0.06201	0.92319
944 T	0.01482	0.06166	0.92353
945 C	0.01477	0.06127	0.92396
946 G	0.01475	0.06121	0.92404
947 G	0.01476	0.06142	0.92381
948 G	0.01493	0.06141	0.92366
949 A	0.01536	0.06104	0.9236
950 A	0.01617	0.05982	0.92402
951 A	0.01751	0.04893	0.93356
952 G	0.02267	0.03593	0.9414
953 A	0.02732	0.02727	0.9454
954 T	0.03394	0.01667	0.94939
955 A	0.03639	0.01473	0.94888
956 T	0.03859	0.01430	0.94711
957 T	0.03868	0.01959	0.94173
958 T	0.03475	0.03017	0.93508
959 T	0.02973	0.04019	0.93008
960 A	0.02018	0.06286	0.91696
961 A	0.01594	0.07105	0.91301
962 A	0.01251	0.07489	0.91261
963 A	0.01000	0.07749	0.91251
964 A	0.00829	0.07921	0.9125
965 C	0.00754	0.07993	0.91253
966 C	0.00709	0.08048	0.91244
967 A	0.00696	0.08075	0.9123
968 G	0.00697	0.08077	0.91226
969 A	0.00715	0.08059	0.91226
970 T	0.00760	0.08013	0.91227
971 T	0.00784	0.07985	0.9123
972 A	0.00784	0.07972	0.91244
973 C	0.00790	0.07955	0.91255
974 A	0.00788	0.07961	0.91251
975 A	0.00793	0.07961	0.91246
976 G	0.00828	0.07930	0.91242
977 A	0.00923	0.07845	0.91232
978 A	0.01302	0.07467	0.91231
979 A	0.01903	0.06775	0.91322
980 A	0.02745	0.05688	0.91567
981 T	0.03472	0.04283	0.92246
982 G	0.03845	0.03410	0.92746
983 G	0.04735	0.01830	0.93435
984 A	0.05090	0.01279	0.93632
985 T	0.05171	0.00937	0.93892
986 T	0.05151	0.00841	0.94008
987 T	0.05034	0.00958	0.94008
988 A	0.04827	0.01386	0.93788
989 T	0.04431	0.02079	0.9349
990 G	0.03680	0.03707	0.92613
991 A	0.02951	0.04839	0.9221
992 A	0.02499	0.05751	0.9175
993 A	0.02231	0.06131	0.91639
994 G	0.01994	0.06490	0.91515
995 C	0.01853	0.06634	0.91513
996 A	0.01801	0.06714	0.91485
997 G	0.01783	0.06755	0.91463
998 A	0.01773	0.06774	0.91453
999 C	0.01769	0.06780	0.91452
1000 G	0.01759	0.06806	0.91434
1001 A	0.01761	0.06814	0.91424
1002 G	0.01771	0.06809	0.91421
1003 A	0.01783	0.06806	0.9141
1004 A	0.01809	0.06784	0.91407
1005 T	0.01851	0.06716	0.91434
1006 A	0.01883	0.06669	0.91448
1007 T	0.01955	0.06560	0.91484
1008 A	0.01989	0.06491	0.9152
1009 G	0.02074	0.06315	0.91611
1010 A	0.02177	0.06081	0.91741
1011 A	0.02424	0.05617	0.91959
1012 A	0.02757	0.04895	0.92348
1013 A	0.03601	0.03335	0.93063
1014 G	0.04060	0.02154	0.93785
1015 T	0.04547	0.01298	0.94156
1016 A	0.04662	0.01010	0.94327
1017 T	0.04809	0.00687	0.94504
1018 T	0.04832	0.00600	0.94569
1019 G	0.04826	0.00588	0.94586
1020 T	0.04838	0.00552	0.9461
1021 T	0.04831	0.00546	0.94623
1022 A	0.04809	0.00568	0.94623
1023 T	0.04798	0.00572	0.9463
1024 C	0.04753	0.00630	0.94616
1025 A	0.04710	0.00712	0.94578
1026 T	0.04705	0.00739	0.94556
1027 G	0.04696	0.00779	0.94526
1028 G	0.04693	0.00814	0.94493
1029 A	0.04701	0.00837	0.94462
1030 T	0.04717	0.00841	0.94442
1031 T	0.04723	0.00855	0.94422
1032 A	0.04717	0.00868	0.94414
1033 G	0.04725	0.00857	0.94418
1034 G	0.04745	0.00832	0.94423
1035 T	0.04775	0.00801	0.94425
1036 C	0.04791	0.00785	0.94423
1037 A	0.04811	0.00772	0.94417
1038 T	0.04858	0.00729	0.94413
1039 T	0.04900	0.00694	0.94405
1040 A	0.04917	0.00685	0.94399
1041 T	0.04963	0.00642	0.94395
1042 T	0.04984	0.00602	0.94414
1043 T	0.04986	0.00594	0.9442
1044 A	0.04987	0.00577	0.94436
1045 G	0.04998	0.00538	0.94465
1046 G	0.05015	0.00502	0.94483
1047 T	0.05059	0.00466	0.94475
1048 T	0.05100	0.00487	0.94413
1049 T	0.05122	0.00554	0.94323
1050 A	0.05133	0.00656	0.9421
1051 G	0.05151	0.00692	0.94158
1052 A	0.05171	0.00709	0.9412
1053 T	0.05198	0.00679	0.94122
1054 G	0.05220	0.00657	0.94123
1055 T	0.05238	0.00634	0.94129
1056 T	0.05242	0.00635	0.94123
1057 C	0.05238	0.00659	0.94103
1058 A	0.05234	0.00747	0.94019
1059 T	0.05237	0.00803	0.93961
1060 G	0.05237	0.00887	0.93876
1061 A	0.05240	0.00898	0.93861
1062 T	0.05248	0.00899	0.93852
1063 G	0.05250	0.00900	0.93851
1064 T	0.05252	0.00903	0.93845
1065 C	0.05175	0.00986	0.93839
1066 G	0.05083	0.01115	0.93802
1067 G	0.05018	0.01189	0.93793
1068 A	0.04984	0.01255	0.93761
1069 A	0.04972	0.01315	0.93713
1070 A	0.05024	0.01307	0.93669
1071 C	0.05114	0.01251	0.93635
1072 A	0.05193	0.01377	0.9343
1073 T	0.05288	0.01293	0.93419
1074 T	0.05292	0.01310	0.93398
1075 T	0.05244	0.01401	0.93355
1076 A	0.05099	0.01586	0.93315
1077 C	0.04985	0.01701	0.93314
1078 G	0.04906	0.01782	0.93312
1079 A	0.04877	0.01811	0.93312
1080 A	0.04875	0.01810	0.93314
1081 C	0.04944	0.01738	0.93318
1082 C	0.04993	0.01689	0.93318
1083 T	0.05060	0.01626	0.93314
1084 A	0.05062	0.01631	0.93307
1085 T	0.05067	0.01628	0.93304
1086 T	0.05067	0.01632	0.93301
1087 A	0.05055	0.01645	0.933
1088 A	0.05050	0.01576	0.93374
1089 A	0.05045	0.01493	0.93461
1090 G	0.05029	0.01443	0.93529
1091 A	0.05044	0.01409	0.93546
1092 A	0.05095	0.01368	0.93537
1093 A	0.05142	0.01344	0.93515
1094 A	0.05195	0.01280	0.93525
1095 T	0.05397	0.01039	0.93563
1096 A	0.05417	0.00998	0.93585
1097 G	0.05441	0.00919	0.9364
1098 T	0.05487	0.00811	0.93702
1099 G	0.05511	0.00686	0.93803
1100 T	0.05518	0.00610	0.93871
1101 T	0.05510	0.00578	0.93912
1102 A	0.05498	0.00567	0.93935
1103 T	0.05493	0.00546	0.93961
1104 T	0.05477	0.00547	0.93976
1105 A	0.05461	0.00554	0.93984
1106 C	0.05457	0.00547	0.93996
1107 T	0.05459	0.00545	0.93995
1108 G	0.05451	0.00572	0.93976
1109 T	0.05446	0.00622	0.93932
1110 A	0.05435	0.00642	0.93922
1111 G	0.05397	0.00676	0.93927
1112 A	0.05377	0.00670	0.93952
1113 G	0.05373	0.00647	0.9398
1114 C	0.05392	0.00614	0.93994
1115 C	0.05429	0.00575	0.93996
1116 T	0.05473	0.00537	0.9399
1117 G	0.05486	0.00533	0.9398
1118 G	0.05510	0.00515	0.93974
1119 T	0.05548	0.00482	0.9397
1120 T	0.05560	0.00474	0.93966
1121 T	0.05563	0.00476	0.9396
1122 A	0.05559	0.00489	0.93951
1123 T	0.05570	0.00485	0.93945
1124 A	0.05573	0.00469	0.93958
1125 T	0.05574	0.00456	0.93971
1126 T	0.05566	0.00457	0.93977
1127 T	0.05553	0.00456	0.9399
1128 C	0.05499	0.00503	0.93999
1129 G	0.05349	0.00667	0.93983
1130 A	0.05146	0.00899	0.93955
1131 A	0.05055	0.01018	0.93927
1132 G	0.05071	0.01012	0.93917
1133 A	0.05063	0.01042	0.93896
1134 A	0.05058	0.01026	0.93916
1135 T	0.05055	0.01028	0.93917
1136 T	0.05036	0.01096	0.93868
1137 T	0.05024	0.01234	0.93741
1138 A	0.04995	0.01521	0.93485
1139 A	0.04980	0.01676	0.93344
1140 T	0.04968	0.01797	0.93235
1141 T	0.04908	0.02061	0.9303
1142 T	0.04822	0.02169	0.9301
1143 A	0.04562	0.02453	0.92985
1144 G	0.04451	0.02570	0.92979
1145 G	0.04418	0.02599	0.92983
1146 C	0.04407	0.02606	0.92986
1147 G	0.04395	0.02629	0.92975
1148 T	0.04392	0.02639	0.92968
1149 T	0.04368	0.02680	0.92952
1150 A	0.04337	0.02722	0.92942
1151 G	0.04329	0.02708	0.92963
1152 A	0.04334	0.02595	0.93071
1153 A	0.04353	0.02394	0.93253
1154 T	0.04379	0.02284	0.93336
1155 A	0.04370	0.02327	0.93303
1156 G	0.04278	0.02460	0.93262
1157 A	0.04203	0.02664	0.93134
1158 A	0.04164	0.02830	0.93006
1159 G	0.04165	0.02954	0.92881
1160 A	0.04286	0.02949	0.92765
1161 T	0.04552	0.02808	0.92641
1162 A	0.04640	0.03036	0.92324
1163 A	0.04736	0.03010	0.92253
1164 T	0.04925	0.02826	0.92249
1165 A	0.04927	0.02956	0.92117
1166 T	0.04943	0.02857	0.922
1167 T	0.04896	0.03032	0.92072
1168 T	0.04826	0.03363	0.91811
1169 T	0.04726	0.03495	0.9178
1170 A	0.04320	0.03974	0.91705
1171 A	0.03982	0.04365	0.91653
1172 T	0.03780	0.04560	0.91659
1173 C	0.03422	0.04914	0.91663
1174 A	0.03197	0.05199	0.91604
1175 A	0.03004	0.05473	0.91523
1176 A	0.02814	0.05709	0.91477
1177 A	0.02803	0.05752	0.91446
1178 A	0.02847	0.05714	0.91439
1179 A	0.02914	0.05545	0.9154
1180 G	0.03045	0.05333	0.91622
1181 A	0.03207	0.05129	0.91664
1182 T	0.03406	0.04886	0.91708
1183 G	0.03510	0.04857	0.91632
1184 G	0.03672	0.04781	0.91547
1185 T	0.04033	0.04547	0.91421
1186 A	0.04123	0.04547	0.9133
1187 A	0.04229	0.04460	0.91311
1188 T	0.04487	0.04181	0.91332
1189 A	0.04600	0.04057	0.91343
1190 T	0.04807	0.03719	0.91474
1191 T	0.05053	0.03357	0.9159
1192 A	0.05090	0.03226	0.91684
1193 A	0.05160	0.02805	0.92035
1194 T	0.05222	0.02405	0.92374
1195 T	0.05207	0.02201	0.92592
1196 T	0.05094	0.02070	0.92836
1197 A	0.04734	0.02361	0.92904
1198 A	0.04697	0.02277	0.93026
1199 C	0.04620	0.02205	0.93174
1200 T	0.04549	0.02418	0.93033
1201 A	0.04365	0.02879	0.92757
1202 A	0.04253	0.03495	0.92252
1203 A	0.04045	0.04136	0.91819
1204 G	0.03913	0.04688	0.91399
1205 A	0.03909	0.05029	0.91062
1206 T	0.04031	0.04937	0.91031
1207 G	0.04094	0.04873	0.91033
1208 T	0.04216	0.04749	0.91036
1209 T	0.04240	0.04718	0.91043
1210 C	0.04110	0.04861	0.9103
1211 C	0.03978	0.05057	0.90965
1212 T	0.03859	0.05372	0.90769
1213 A	0.03629	0.05830	0.90541
1214 G	0.03454	0.06083	0.90464
1215 A	0.03368	0.06241	0.90391
1216 A	0.03341	0.06268	0.9039
1217 A	0.03321	0.06234	0.90445
1218 A	0.03263	0.06225	0.90512
1219 A	0.03275	0.06052	0.90674
1220 C	0.03341	0.05589	0.91071
1221 A	0.03376	0.05504	0.9112
1222 G	0.03426	0.05355	0.9122
1223 A	0.03586	0.05148	0.91266
1224 A	0.03839	0.04782	0.91379
1225 G	0.04332	0.04195	0.91472
1226 A	0.04757	0.03541	0.91701
1227 T	0.05212	0.02916	0.91873
1228 A	0.05447	0.02746	0.91807
1229 T	0.05469	0.02939	0.91592
1230 T	0.05393	0.03097	0.9151
1231 G	0.05119	0.03609	0.91272
1232 A	0.05122	0.03644	0.91235
1233 A	0.05170	0.03492	0.91338
1234 T	0.05269	0.03261	0.9147
1235 T	0.05466	0.02927	0.91606
1236 T	0.05649	0.02557	0.91794
1237 T	0.05698	0.02364	0.91938
1238 T	0.05726	0.02259	0.92015
1239 A	0.05728	0.02220	0.92052
1240 A	0.05731	0.02172	0.92097
1241 T	0.05736	0.02086	0.92178
1242 G	0.05738	0.02044	0.92218
1243 A	0.05747	0.02010	0.92243
1244 T	0.05782	0.01942	0.92276
1245 T	0.05798	0.01906	0.92296
1246 A	0.05812	0.01880	0.92308
1247 A	0.05835	0.01843	0.92323
1248 A	0.05854	0.01803	0.92343
1249 G	0.05894	0.01735	0.92371
1250 A	0.05964	0.01640	0.92395
1251 A	0.06182	0.01356	0.92462
1252 T	0.06560	0.00884	0.92556
1253 A	0.06734	0.00599	0.92667
1254 A	0.07054	0.00000	0.92946
