# lcl|CP097583.1_cds_USQ93135.1_1
# AA	inside	membr	outside
1 A	0.15157	0.00000	0.84844
2 T	0.15151	0.00006	0.84844
3 G	0.15143	0.00013	0.84844
4 A	0.15143	0.00722	0.84134
5 T	0.14987	0.01458	0.83555
6 A	0.14987	0.01552	0.83461
7 G	0.14459	0.02099	0.83442
8 G	0.14459	0.02100	0.83442
9 T	0.14441	0.02123	0.83436
10 G	0.14441	0.02552	0.83007
11 T	0.14437	0.02582	0.82982
12 T	0.14311	0.02726	0.82964
13 T	0.13961	0.03306	0.82734
14 T	0.13961	0.03306	0.82734
15 T	0.13961	0.03606	0.82434
16 T	0.13911	0.03656	0.82434
17 A	0.13812	0.03757	0.82431
18 T	0.13808	0.03762	0.8243
19 C	0.13645	0.03926	0.8243
20 T	0.13151	0.04448	0.82401
21 T	0.11972	0.05628	0.82401
22 C	0.11815	0.05804	0.82382
23 A	0.11688	0.06012	0.823
24 A	0.11659	0.06138	0.82203
25 A	0.11662	0.06207	0.8213
26 G	0.11683	0.06204	0.82114
27 T	0.12370	0.05548	0.82082
28 T	0.12979	0.04817	0.82204
29 T	0.13103	0.04691	0.82205
30 T	0.13207	0.04232	0.8256
31 T	0.13205	0.04320	0.82475
32 A	0.13188	0.04381	0.82431
33 T	0.13337	0.04238	0.82425
34 A	0.13336	0.04295	0.8237
35 G	0.13366	0.04191	0.82443
36 T	0.13555	0.03782	0.82663
37 A	0.13510	0.03861	0.82629
38 T	0.13661	0.03703	0.82636
39 T	0.12943	0.04400	0.82657
40 A	0.11781	0.05534	0.82685
41 T	0.10954	0.06134	0.82912
42 G	0.09821	0.07161	0.83018
43 G	0.09464	0.07291	0.83245
44 A	0.09224	0.07268	0.83508
45 A	0.09165	0.07455	0.8338
46 A	0.09204	0.07344	0.83451
47 G	0.09298	0.07269	0.83433
48 T	0.09404	0.07158	0.83438
49 A	0.09442	0.07109	0.83449
50 T	0.09523	0.07007	0.83469
51 T	0.09567	0.06937	0.83497
52 C	0.09576	0.06899	0.83525
53 C	0.09591	0.06872	0.83537
54 T	0.09666	0.06802	0.83532
55 T	0.09650	0.06836	0.83514
56 C	0.09508	0.07007	0.83485
57 A	0.09413	0.07227	0.83361
58 T	0.09392	0.07372	0.83237
59 T	0.09299	0.07501	0.83199
60 A	0.09130	0.07821	0.8305
61 G	0.09080	0.07816	0.83104
62 A	0.09152	0.06945	0.83903
63 A	0.09170	0.05702	0.85129
64 T	0.09242	0.04588	0.8617
65 C	0.09104	0.03781	0.87115
66 G	0.08896	0.03960	0.87145
67 C	0.08879	0.04297	0.86824
68 T	0.08876	0.05256	0.85868
69 A	0.08680	0.06854	0.84465
70 G	0.08536	0.08378	0.83086
71 T	0.08383	0.11415	0.80202
72 A	0.08042	0.14145	0.77813
73 A	0.07694	0.17065	0.75241
74 A	0.06871	0.19184	0.73945
75 A	0.06685	0.19959	0.73356
76 A	0.06531	0.20269	0.732
77 A	0.06371	0.20604	0.73025
78 A	0.06300	0.20697	0.73004
79 G	0.06274	0.20594	0.73131
80 C	0.06264	0.20517	0.73219
81 A	0.06232	0.20647	0.73121
82 A	0.06257	0.20658	0.73086
83 A	0.06345	0.20525	0.73131
84 A	0.06329	0.20525	0.73146
85 G	0.06380	0.20444	0.73176
86 A	0.06423	0.20261	0.73316
87 A	0.06511	0.20011	0.73478
88 A	0.06682	0.19538	0.7378
89 A	0.07075	0.18745	0.74181
90 T	0.07834	0.17638	0.74528
91 C	0.08771	0.16404	0.74825
92 A	0.10139	0.14943	0.74918
93 A	0.11804	0.13124	0.75072
94 T	0.14986	0.09778	0.75237
95 A	0.16885	0.07631	0.75484
96 T	0.19231	0.05011	0.75757
97 C	0.20090	0.03268	0.76641
98 A	0.20553	0.02694	0.76753
99 A	0.20813	0.02318	0.7687
100 T	0.21227	0.01807	0.76966
101 T	0.21426	0.01613	0.76961
102 T	0.21386	0.01721	0.76893
103 T	0.21068	0.01954	0.76979
104 T	0.20552	0.02378	0.77069
105 A	0.19623	0.03286	0.7709
106 G	0.19276	0.03588	0.77136
107 C	0.19118	0.03710	0.77171
108 T	0.19045	0.03837	0.77118
109 T	0.18899	0.04097	0.77004
110 T	0.18624	0.04389	0.76987
111 A	0.18268	0.04807	0.76925
112 A	0.18008	0.05106	0.76887
113 G	0.17477	0.05673	0.7685
114 C	0.17008	0.06144	0.76848
115 G	0.16769	0.06413	0.76819
116 A	0.16650	0.06585	0.76765
117 T	0.16611	0.06654	0.76735
118 C	0.16543	0.06747	0.7671
119 A	0.16501	0.06835	0.76664
120 T	0.16490	0.06870	0.7664
121 G	0.16429	0.06973	0.76598
122 A	0.16429	0.06997	0.76574
123 A	0.16486	0.06944	0.76569
124 A	0.16580	0.06755	0.76665
125 A	0.16696	0.06372	0.76932
126 T	0.16796	0.05753	0.77451
127 T	0.16856	0.05080	0.78064
128 T	0.16898	0.04125	0.78978
129 G	0.16909	0.03768	0.79323
130 C	0.16910	0.03537	0.79552
131 A	0.16928	0.03508	0.79565
132 T	0.17014	0.03347	0.79639
133 G	0.17003	0.03227	0.79769
134 G	0.17036	0.03053	0.7991
135 A	0.17061	0.02953	0.79987
136 A	0.17111	0.02381	0.80507
137 T	0.17140	0.01837	0.81024
138 G	0.17175	0.01531	0.81294
139 G	0.17236	0.01392	0.81372
140 T	0.17286	0.01498	0.81216
141 T	0.17313	0.01801	0.80886
142 A	0.17319	0.02567	0.80114
143 A	0.17305	0.02649	0.80046
144 T	0.17303	0.02643	0.80054
145 T	0.17201	0.02890	0.79908
146 T	0.17043	0.03062	0.79895
147 C	0.16697	0.03437	0.79866
148 G	0.16430	0.03836	0.79735
149 T	0.16260	0.04144	0.79597
150 C	0.15792	0.04677	0.79531
151 G	0.15609	0.04985	0.79406
152 A	0.15568	0.05097	0.79335
153 A	0.15568	0.05137	0.79296
154 C	0.15637	0.05075	0.79287
155 T	0.15753	0.05064	0.79183
156 T	0.15829	0.04989	0.79182
157 T	0.15859	0.04984	0.79157
158 G	0.15837	0.05040	0.79122
159 T	0.15821	0.05120	0.7906
160 C	0.15753	0.05234	0.79013
161 A	0.15666	0.05544	0.78791
162 A	0.15596	0.05773	0.7863
163 A	0.15724	0.05740	0.78536
164 A	0.16007	0.05528	0.78465
165 A	0.16662	0.05008	0.7833
166 A	0.16709	0.05049	0.78241
167 A	0.16566	0.05339	0.78095
168 T	0.16538	0.05542	0.77919
169 A	0.16169	0.06006	0.77826
170 A	0.16041	0.05933	0.78025
171 G	0.15863	0.06085	0.78052
172 A	0.15806	0.06359	0.77836
173 T	0.15637	0.06623	0.77739
174 T	0.15245	0.07167	0.77588
175 A	0.14534	0.07926	0.77541
176 A	0.13831	0.08723	0.77447
177 A	0.13480	0.09105	0.77414
178 C	0.13400	0.09150	0.77449
179 C	0.13324	0.09206	0.77471
180 T	0.13333	0.09185	0.77482
181 A	0.13321	0.09182	0.77498
182 T	0.13332	0.09151	0.77517
183 C	0.13183	0.09273	0.77544
184 C	0.13227	0.09179	0.77594
185 T	0.13277	0.09063	0.7766
186 A	0.13233	0.09076	0.77691
187 G	0.13250	0.09039	0.77711
188 G	0.13349	0.08931	0.7772
189 A	0.13458	0.08771	0.77772
190 A	0.13717	0.08210	0.78073
191 T	0.14269	0.07345	0.78387
192 T	0.14547	0.06719	0.78733
193 A	0.14559	0.06638	0.78803
194 A	0.14606	0.06395	0.78999
195 A	0.14795	0.06053	0.79151
196 G	0.15125	0.05286	0.79589
197 T	0.15406	0.04463	0.80131
198 A	0.15501	0.03790	0.8071
199 T	0.15657	0.02963	0.8138
200 T	0.15712	0.02615	0.81673
201 T	0.15709	0.02462	0.81829
202 T	0.15672	0.02368	0.81959
203 T	0.15628	0.02339	0.82032
204 A	0.15559	0.02354	0.82086
205 T	0.15525	0.02307	0.82168
206 C	0.15408	0.02264	0.82328
207 T	0.15275	0.02503	0.82221
208 T	0.14906	0.03315	0.81779
209 T	0.14232	0.04333	0.81435
210 A	0.12554	0.06560	0.80885
211 A	0.11232	0.08530	0.80238
212 A	0.10184	0.10111	0.79706
213 A	0.09278	0.11630	0.79092
214 G	0.08931	0.12250	0.7882
215 A	0.08620	0.13031	0.78349
216 A	0.08497	0.13628	0.77874
217 A	0.08587	0.13708	0.77704
218 T	0.08759	0.13592	0.77648
219 T	0.08716	0.13858	0.77425
220 A	0.08469	0.14498	0.77033
221 T	0.08402	0.14707	0.76892
222 T	0.08189	0.15063	0.76748
223 G	0.07716	0.15685	0.766
224 A	0.07390	0.16128	0.76482
225 T	0.07198	0.16347	0.76455
226 A	0.06845	0.16725	0.7643
227 A	0.06704	0.16851	0.76446
228 A	0.06609	0.16904	0.76487
229 G	0.06617	0.16684	0.76699
230 A	0.06782	0.16303	0.76915
231 T	0.07295	0.15331	0.77374
232 A	0.07559	0.14536	0.77905
233 A	0.07994	0.12789	0.79217
234 A	0.08568	0.11169	0.80263
235 A	0.09165	0.09628	0.81207
236 T	0.09901	0.07993	0.82106
237 A	0.10250	0.07296	0.82454
238 A	0.10813	0.06329	0.82857
239 T	0.11529	0.05333	0.83139
240 T	0.11814	0.04894	0.83291
241 A	0.11913	0.04773	0.83313
242 A	0.12188	0.04336	0.83476
243 T	0.12642	0.03461	0.83897
244 T	0.12816	0.03119	0.84065
245 T	0.12892	0.02791	0.84317
246 T	0.12854	0.02451	0.84695
247 T	0.12778	0.02294	0.84929
248 T	0.12579	0.02453	0.84967
249 G	0.12358	0.02593	0.85049
250 A	0.12243	0.02914	0.84843
251 T	0.12210	0.03047	0.84743
252 T	0.12075	0.03829	0.84096
253 T	0.11882	0.04087	0.8403
254 A	0.11617	0.04401	0.83982
255 T	0.11501	0.04544	0.83955
256 G	0.11248	0.04788	0.83964
257 C	0.11148	0.04887	0.83964
258 T	0.11049	0.05060	0.83891
259 T	0.10690	0.05622	0.83687
260 C	0.10337	0.06226	0.83437
261 A	0.09915	0.07010	0.83075
262 A	0.09648	0.07451	0.829
263 A	0.09514	0.07724	0.82761
264 T	0.09467	0.07879	0.82654
265 G	0.09387	0.08066	0.82547
266 A	0.09362	0.08140	0.82497
267 T	0.09357	0.08145	0.82498
268 A	0.09148	0.08518	0.82334
269 T	0.08915	0.08806	0.82279
270 A	0.08414	0.09716	0.8187
271 G	0.08186	0.10219	0.81595
272 G	0.08122	0.11146	0.80732
273 A	0.08301	0.11544	0.80155
274 A	0.08487	0.11783	0.7973
275 T	0.09183	0.11145	0.79672
276 T	0.09239	0.11216	0.79545
277 A	0.09178	0.11730	0.79093
278 A	0.09203	0.11922	0.78875
279 T	0.09213	0.11801	0.78986
280 A	0.09216	0.11812	0.78972
281 A	0.09311	0.11626	0.79063
282 T	0.09609	0.10962	0.79429
283 T	0.09911	0.10397	0.79692
284 T	0.10175	0.09825	0.8
285 A	0.10223	0.09700	0.80077
286 A	0.10302	0.09576	0.80121
287 T	0.10407	0.09353	0.8024
288 T	0.10440	0.09317	0.80242
289 A	0.10443	0.09371	0.80186
290 A	0.10495	0.09320	0.80185
291 A	0.10804	0.08897	0.803
292 A	0.11170	0.08209	0.8062
293 T	0.11890	0.06979	0.81131
294 A	0.12457	0.06113	0.8143
295 T	0.13659	0.04733	0.81608
296 C	0.14189	0.04156	0.81656
297 T	0.14690	0.03839	0.81471
298 A	0.14755	0.04183	0.81062
299 A	0.14771	0.04557	0.80673
300 T	0.15144	0.04619	0.80237
301 T	0.14920	0.05717	0.79363
302 T	0.14089	0.07230	0.7868
303 A	0.11304	0.10866	0.7783
304 A	0.09884	0.12684	0.77432
305 T	0.08921	0.13814	0.77265
306 T	0.06774	0.16221	0.77006
307 A	0.04729	0.18369	0.76902
308 A	0.04085	0.18984	0.76931
309 A	0.03796	0.19236	0.76968
310 A	0.03657	0.19334	0.7701
311 C	0.03622	0.19302	0.77076
312 C	0.03280	0.19621	0.77099
313 A	0.02805	0.20102	0.77092
314 A	0.02385	0.20534	0.7708
315 A	0.02068	0.20867	0.77065
316 C	0.01924	0.21013	0.77063
317 A	0.01816	0.21126	0.77058
318 A	0.01774	0.21135	0.77091
319 G	0.01807	0.21052	0.77141
320 A	0.02006	0.20827	0.77168
321 A	0.02436	0.20338	0.77226
322 A	0.02994	0.19413	0.77593
323 A	0.03783	0.18107	0.78111
324 T	0.04952	0.16056	0.78993
325 A	0.05515	0.14207	0.80277
326 T	0.06214	0.10320	0.83466
327 T	0.06411	0.08345	0.85245
328 A	0.06395	0.07219	0.86386
329 C	0.06510	0.05166	0.88324
330 T	0.06570	0.03992	0.89438
331 T	0.06510	0.03683	0.89807
332 T	0.06296	0.03842	0.89862
333 A	0.05993	0.04460	0.89546
334 A	0.05808	0.05096	0.89096
335 A	0.05239	0.06264	0.88497
336 A	0.05026	0.06839	0.88135
337 G	0.04967	0.07166	0.87867
338 T	0.04947	0.08068	0.86986
339 T	0.04924	0.09646	0.85431
340 T	0.04870	0.11786	0.83345
341 T	0.04755	0.12977	0.82267
342 A	0.04579	0.13893	0.81528
343 A	0.04481	0.14461	0.81058
344 A	0.04294	0.14822	0.80884
345 A	0.04243	0.14931	0.80826
346 A	0.04230	0.14954	0.80815
347 A	0.04240	0.14932	0.80828
348 A	0.04257	0.14865	0.80877
349 T	0.04285	0.14772	0.80943
350 T	0.04302	0.14655	0.81043
351 T	0.04314	0.14509	0.81177
352 C	0.04316	0.14415	0.81268
353 A	0.04330	0.14368	0.81302
354 A	0.04364	0.14282	0.81354
355 G	0.04487	0.14006	0.81507
356 A	0.04870	0.13435	0.81694
357 A	0.05448	0.12718	0.81835
358 G	0.06749	0.10777	0.82474
359 G	0.08208	0.09054	0.82738
360 T	0.10142	0.06982	0.82877
361 C	0.11608	0.05397	0.82995
362 T	0.13597	0.03366	0.83037
363 T	0.15226	0.01696	0.83077
364 T	0.15786	0.01095	0.83119
365 T	0.16034	0.00765	0.83202
366 T	0.16176	0.00579	0.83244
367 T	0.16222	0.00384	0.83394
368 T	0.16218	0.00354	0.83428
369 T	0.16169	0.00404	0.83427
370 A	0.16051	0.00562	0.83387
371 T	0.15950	0.00698	0.83352
372 T	0.15886	0.00904	0.8321
373 G	0.15792	0.01008	0.832
374 T	0.15751	0.01053	0.83196
375 A	0.15701	0.01106	0.83194
376 T	0.15685	0.01119	0.83197
377 C	0.15645	0.01159	0.83197
378 T	0.15582	0.01230	0.83188
379 A	0.15470	0.01363	0.83167
380 A	0.15399	0.01443	0.83158
381 T	0.15176	0.01676	0.83148
382 G	0.14809	0.02049	0.83141
383 T	0.14637	0.02228	0.83135
384 A	0.14370	0.02507	0.83124
385 G	0.14248	0.02637	0.83115
386 A	0.14213	0.02680	0.83107
387 T	0.14239	0.02649	0.83112
388 T	0.14169	0.02724	0.83107
389 T	0.14042	0.02844	0.83114
390 T	0.13830	0.03031	0.83139
391 G	0.13565	0.03262	0.83173
392 A	0.13469	0.03309	0.83222
393 A	0.13398	0.03263	0.83339
394 C	0.13406	0.03129	0.83465
395 T	0.13510	0.02977	0.83513
396 T	0.13453	0.02974	0.83572
397 T	0.13315	0.03086	0.83599
398 C	0.13137	0.03237	0.83626
399 T	0.12968	0.03417	0.83615
400 A	0.12795	0.03573	0.83633
401 A	0.12681	0.03654	0.83666
402 T	0.12619	0.03651	0.83729
403 A	0.12395	0.03880	0.83724
404 T	0.12270	0.03780	0.83949
405 A	0.11974	0.03893	0.84134
406 A	0.11724	0.04107	0.84169
407 A	0.11598	0.04171	0.8423
408 T	0.11540	0.04258	0.84202
409 G	0.11428	0.04422	0.8415
410 A	0.11383	0.04517	0.841
411 T	0.11371	0.04412	0.84217
412 T	0.11338	0.04313	0.84349
413 G	0.11267	0.04212	0.84521
414 G	0.11230	0.04114	0.84656
415 A	0.11230	0.04078	0.84692
416 T	0.11234	0.03977	0.84789
417 A	0.11230	0.03953	0.84817
418 T	0.11235	0.03903	0.84862
419 T	0.11234	0.03912	0.84854
420 G	0.11207	0.03869	0.84924
421 A	0.11190	0.03836	0.84974
422 T	0.11155	0.03795	0.8505
423 A	0.11043	0.03928	0.85029
424 G	0.10913	0.04072	0.85016
425 A	0.10749	0.04497	0.84754
426 A	0.10601	0.04884	0.84515
427 A	0.10534	0.05312	0.84153
428 A	0.10631	0.05211	0.84158
429 A	0.10774	0.05087	0.8414
430 A	0.10993	0.05036	0.83972
431 T	0.11238	0.04792	0.8397
432 T	0.11359	0.04691	0.8395
433 T	0.11422	0.04602	0.83976
434 T	0.11403	0.04625	0.83972
435 T	0.11247	0.04758	0.83995
436 A	0.10767	0.05232	0.84001
437 C	0.10453	0.05539	0.84008
438 T	0.10311	0.05756	0.83934
439 C	0.10084	0.06056	0.8386
440 A	0.09875	0.06424	0.83702
441 A	0.09790	0.06620	0.83591
442 T	0.09809	0.06662	0.83529
443 T	0.09788	0.06736	0.83475
444 A	0.09745	0.06831	0.83425
445 A	0.09774	0.06764	0.83462
446 A	0.09920	0.06510	0.8357
447 A	0.10056	0.06234	0.83709
448 A	0.10377	0.05730	0.83894
449 A	0.10847	0.05073	0.8408
450 T	0.11407	0.04396	0.84197
451 A	0.11639	0.04119	0.84243
452 A	0.11924	0.03797	0.84279
453 T	0.12285	0.03395	0.84319
454 T	0.12387	0.03253	0.8436
455 T	0.12466	0.03126	0.84409
456 A	0.12482	0.03067	0.84452
457 A	0.12515	0.02949	0.84535
458 A	0.12550	0.02706	0.84744
459 T	0.12643	0.02095	0.85262
460 T	0.12741	0.01637	0.85622
461 T	0.12859	0.01325	0.85816
462 T	0.12951	0.01022	0.86027
463 G	0.13048	0.00720	0.86232
464 T	0.13128	0.00498	0.86374
465 C	0.13172	0.00366	0.86462
466 T	0.13237	0.00264	0.865
467 T	0.13285	0.00177	0.86539
468 T	0.13301	0.00150	0.86548
469 T	0.13302	0.00159	0.86538
470 T	0.13296	0.00195	0.86509
471 T	0.13280	0.00268	0.86452
472 G	0.13260	0.00414	0.86326
473 G	0.13251	0.00571	0.86177
474 T	0.13255	0.00654	0.8609
475 T	0.13252	0.00667	0.8608
476 T	0.13209	0.00729	0.86062
477 G	0.13159	0.00803	0.86038
478 T	0.13131	0.00896	0.85973
479 C	0.13045	0.01105	0.85849
480 T	0.12954	0.01301	0.85744
481 T	0.12815	0.01526	0.85659
482 T	0.12422	0.02034	0.85544
483 A	0.11810	0.02723	0.85467
484 C	0.11381	0.03158	0.85461
485 A	0.11016	0.03537	0.85447
486 A	0.10850	0.03714	0.85437
487 T	0.10799	0.03772	0.85429
488 C	0.10682	0.03894	0.85424
489 A	0.10621	0.03961	0.85418
490 A	0.10572	0.04018	0.85409
491 A	0.10573	0.04018	0.85409
492 A	0.10573	0.04013	0.85413
493 C	0.10615	0.03966	0.85419
494 G	0.10701	0.03870	0.85429
495 T	0.10836	0.03726	0.85438
496 T	0.10946	0.03619	0.85436
497 T	0.10980	0.03590	0.8543
498 A	0.10953	0.03622	0.85425
499 G	0.10950	0.03574	0.85476
500 A	0.10956	0.03519	0.85526
501 A	0.11016	0.03408	0.85576
502 A	0.11152	0.03152	0.85696
503 T	0.11300	0.02810	0.8589
504 A	0.11382	0.02532	0.86085
505 T	0.11491	0.01942	0.86567
506 T	0.11535	0.01354	0.8711
507 T	0.11530	0.00985	0.87485
508 G	0.11517	0.00678	0.87805
509 C	0.11518	0.00531	0.87952
510 T	0.11514	0.00514	0.87972
511 G	0.11485	0.00509	0.88006
512 A	0.11461	0.00532	0.88007
513 T	0.11436	0.00559	0.88005
514 A	0.11374	0.00723	0.87902
515 G	0.11347	0.00857	0.87796
516 T	0.11359	0.00914	0.87727
517 T	0.11362	0.00986	0.87651
518 T	0.11337	0.01126	0.87538
519 T	0.11277	0.01404	0.8732
520 T	0.11174	0.01582	0.87245
521 T	0.10979	0.01904	0.87117
522 A	0.10350	0.02794	0.86856
523 T	0.10000	0.03237	0.86763
524 C	0.09526	0.03777	0.86697
525 T	0.09262	0.04218	0.86521
526 T	0.08929	0.04669	0.86402
527 T	0.08464	0.05214	0.86322
528 A	0.07962	0.05776	0.86262
529 A	0.07775	0.05986	0.86239
530 T	0.07702	0.06064	0.86234
531 G	0.07608	0.06168	0.86224
532 A	0.07568	0.06233	0.86199
533 A	0.07556	0.06250	0.86194
534 A	0.07569	0.06229	0.86203
535 A	0.07595	0.06194	0.8621
536 A	0.07650	0.06116	0.86234
537 A	0.07788	0.05932	0.8628
538 T	0.07980	0.05716	0.86305
539 T	0.08083	0.05610	0.86306
540 A	0.08159	0.05537	0.86305
541 A	0.08259	0.05397	0.86344
542 A	0.08439	0.05110	0.86451
543 A	0.08529	0.04913	0.86559
544 A	0.08717	0.04506	0.86776
545 T	0.09123	0.03384	0.87493
546 T	0.09296	0.02562	0.88142
547 T	0.09355	0.01918	0.88727
548 T	0.09372	0.01783	0.88845
549 T	0.09294	0.02199	0.88508
550 G	0.09123	0.03279	0.87597
551 T	0.09051	0.03915	0.87034
552 A	0.08624	0.04392	0.86984
553 G	0.08412	0.04571	0.87017
554 T	0.08348	0.04591	0.87061
555 T	0.08223	0.04699	0.87078
556 C	0.08002	0.04904	0.87094
557 C	0.07865	0.05043	0.87092
558 A	0.07826	0.05085	0.87089
559 G	0.07819	0.05095	0.87085
560 C	0.07830	0.05091	0.87079
561 T	0.07832	0.05118	0.8705
562 C	0.07818	0.05146	0.87036
563 A	0.07821	0.05182	0.86997
564 T	0.07839	0.05192	0.86969
565 A	0.07827	0.05209	0.86964
566 A	0.07844	0.05187	0.86968
567 A	0.07901	0.05128	0.86971
568 A	0.07993	0.04997	0.8701
569 C	0.08142	0.04746	0.87112
570 T	0.08402	0.04427	0.87171
571 A	0.08590	0.04185	0.87225
572 A	0.09054	0.03663	0.87283
573 T	0.10107	0.02481	0.87413
574 T	0.10624	0.01896	0.8748
575 T	0.10624	0.01372	0.88005
576 T	0.10473	0.01254	0.88273
577 T	0.10128	0.01612	0.88259
578 T	0.09440	0.02621	0.87938
579 A	0.08468	0.04215	0.87318
580 G	0.07925	0.05393	0.86682
581 A	0.07698	0.05721	0.86582
582 A	0.07477	0.06065	0.86458
583 A	0.07284	0.06379	0.86337
584 T	0.06330	0.07460	0.86209
585 C	0.05096	0.08687	0.86217
586 G	0.04530	0.09285	0.86186
587 A	0.04150	0.09749	0.86102
588 A	0.03925	0.09995	0.8608
589 C	0.03780	0.10152	0.86068
590 A	0.03575	0.10412	0.86014
591 A	0.03450	0.10548	0.86002
592 G	0.03380	0.10622	0.85998
593 A	0.03340	0.10669	0.85992
594 A	0.03325	0.10685	0.8599
595 G	0.03323	0.10639	0.86038
596 A	0.03331	0.10600	0.86068
597 A	0.03361	0.10440	0.86199
598 G	0.03423	0.10062	0.86515
599 G	0.03532	0.09551	0.86917
600 G	0.03711	0.08906	0.87382
601 C	0.04118	0.07929	0.87953
602 A	0.04764	0.06867	0.8837
603 T	0.05415	0.05953	0.88632
604 A	0.05531	0.05860	0.88609
605 A	0.05670	0.05612	0.88717
606 A	0.05822	0.05338	0.8884
607 T	0.05992	0.03962	0.90046
608 T	0.06022	0.02745	0.91233
609 A	0.06055	0.02223	0.91722
610 T	0.06145	0.01806	0.92049
611 T	0.06174	0.01675	0.92151
612 A	0.06141	0.01769	0.9209
613 T	0.06099	0.01831	0.9207
614 T	0.05984	0.02285	0.91731
615 T	0.05853	0.02769	0.91377
616 G	0.05690	0.03972	0.90338
617 A	0.05567	0.05036	0.89397
618 A	0.05493	0.05402	0.89105
619 T	0.05478	0.05641	0.88881
620 T	0.05452	0.05843	0.88705
621 A	0.05402	0.06269	0.8833
622 A	0.05391	0.06602	0.88007
623 A	0.05408	0.06755	0.87836
624 T	0.05449	0.06744	0.87807
625 A	0.05505	0.06689	0.87806
626 A	0.05586	0.06605	0.8781
627 T	0.05733	0.06448	0.87819
628 C	0.05797	0.06377	0.87826
629 C	0.05858	0.06315	0.87827
630 T	0.05980	0.06197	0.87823
631 T	0.06076	0.06104	0.8782
632 T	0.06126	0.06062	0.87811
633 A	0.06154	0.06048	0.87798
634 A	0.06253	0.05955	0.87791
635 A	0.06458	0.05693	0.87849
636 A	0.06822	0.05218	0.87959
637 T	0.07563	0.04342	0.88095
638 A	0.08017	0.03780	0.88203
639 T	0.09082	0.02549	0.88369
640 T	0.09733	0.01757	0.8851
641 C	0.09817	0.01580	0.88604
642 T	0.09739	0.01660	0.88602
643 C	0.09396	0.02009	0.88594
644 C	0.09451	0.02067	0.88482
645 A	0.09476	0.02272	0.88253
646 G	0.09571	0.02222	0.88208
647 T	0.09608	0.02216	0.88175
648 T	0.09598	0.02254	0.88148
649 T	0.09562	0.02292	0.88146
650 C	0.09471	0.02377	0.88152
651 T	0.09325	0.02531	0.88144
652 T	0.09118	0.02766	0.88116
653 C	0.08801	0.03163	0.88035
654 A	0.08498	0.03594	0.87908
655 G	0.08270	0.03883	0.87847
656 A	0.07691	0.04511	0.87798
657 A	0.07404	0.04813	0.87783
658 G	0.07279	0.04945	0.87777
659 A	0.07178	0.05047	0.87775
660 A	0.07119	0.05102	0.8778
661 A	0.07104	0.05093	0.87803
662 A	0.07103	0.05063	0.87834
663 A	0.07116	0.04971	0.87913
664 A	0.07136	0.04772	0.88092
665 T	0.07202	0.04345	0.88454
666 G	0.07230	0.03864	0.88905
667 T	0.07373	0.03543	0.89084
668 C	0.07554	0.03172	0.89274
669 T	0.07603	0.03079	0.89318
670 T	0.07624	0.03036	0.8934
671 T	0.07626	0.03011	0.89363
672 T	0.07605	0.03004	0.89391
673 C	0.07576	0.02968	0.89456
674 A	0.07565	0.02857	0.89578
675 A	0.07606	0.02640	0.89755
676 T	0.07731	0.02208	0.90061
677 T	0.07849	0.01847	0.90304
678 T	0.07877	0.01731	0.90392
679 T	0.07837	0.01503	0.9066
680 T	0.07611	0.01865	0.90524
681 G	0.07156	0.02309	0.90535
682 A	0.06822	0.02752	0.90425
683 A	0.06615	0.03091	0.90294
684 T	0.06445	0.03323	0.90232
685 C	0.06011	0.04011	0.89978
686 T	0.05611	0.04854	0.89535
687 A	0.04383	0.06639	0.88978
688 A	0.03612	0.08283	0.88105
689 A	0.03178	0.09117	0.87705
690 A	0.02998	0.09472	0.87531
691 G	0.02963	0.09639	0.87399
692 A	0.02946	0.09725	0.87328
693 A	0.02951	0.09723	0.87326
694 A	0.02969	0.09695	0.87336
695 T	0.03004	0.09638	0.87358
696 T	0.03007	0.09610	0.87384
697 C	0.02995	0.09607	0.87398
698 A	0.02992	0.09618	0.8739
699 A	0.02994	0.09620	0.87385
700 A	0.03021	0.09594	0.87385
701 A	0.03125	0.09475	0.87399
702 T	0.03489	0.09062	0.87449
703 A	0.03774	0.08555	0.8767
704 A	0.03868	0.08030	0.88101
705 A	0.04066	0.07419	0.88515
706 T	0.04350	0.06865	0.88784
707 A	0.04479	0.06468	0.89054
708 T	0.04877	0.05633	0.89489
709 A	0.05246	0.04887	0.89867
710 A	0.05761	0.03275	0.90964
711 T	0.06562	0.01788	0.9165
712 T	0.06910	0.01044	0.92046
713 C	0.07012	0.00804	0.92184
714 T	0.07118	0.00708	0.92174
715 T	0.07147	0.00732	0.92122
716 A	0.07134	0.00841	0.92025
717 T	0.07130	0.00990	0.91879
718 T	0.07110	0.01386	0.91504
719 A	0.06946	0.02407	0.90647
720 T	0.06833	0.02802	0.90365
721 A	0.06596	0.03415	0.89989
722 A	0.06449	0.03774	0.89777
723 T	0.06387	0.03894	0.89718
724 G	0.06304	0.04089	0.89607
725 A	0.06285	0.04194	0.89521
726 T	0.06303	0.04181	0.89516
727 A	0.06299	0.04198	0.89502
728 A	0.06303	0.04198	0.89499
729 T	0.06327	0.04186	0.89487
730 G	0.06337	0.04228	0.89435
731 A	0.06343	0.04263	0.89394
732 T	0.06355	0.04237	0.89409
733 T	0.06357	0.04229	0.89415
734 A	0.06338	0.04246	0.89416
735 T	0.06325	0.04245	0.8943
736 C	0.06266	0.04293	0.89442
737 G	0.06239	0.04331	0.8943
738 A	0.06289	0.04290	0.89421
739 G	0.06414	0.04165	0.89421
740 A	0.06611	0.03967	0.89422
741 A	0.07072	0.03484	0.89444
742 T	0.07990	0.02343	0.89668
743 G	0.08280	0.01906	0.89815
744 T	0.08700	0.01254	0.90045
745 T	0.08908	0.00921	0.90171
746 T	0.08981	0.00786	0.90234
747 T	0.09034	0.00666	0.90299
748 C	0.09043	0.00641	0.90316
749 T	0.09051	0.00636	0.90313
750 A	0.09040	0.00659	0.90302
751 G	0.09042	0.00697	0.90262
752 A	0.09051	0.00747	0.90202
753 T	0.09102	0.00763	0.90135
754 T	0.09099	0.00806	0.90095
755 T	0.09069	0.00865	0.90066
756 A	0.09046	0.00983	0.89971
757 A	0.09041	0.00975	0.89984
758 A	0.09045	0.00953	0.90002
759 T	0.09065	0.00869	0.90067
760 T	0.09082	0.00815	0.90103
761 C	0.09069	0.00814	0.90117
762 T	0.09034	0.00854	0.90112
763 T	0.08974	0.00934	0.90092
764 T	0.08890	0.01031	0.90079
765 C	0.08758	0.01180	0.90062
766 A	0.08630	0.01411	0.89959
767 T	0.08551	0.01598	0.89851
768 T	0.08485	0.01835	0.8968
769 G	0.08349	0.02144	0.89507
770 A	0.08283	0.02314	0.89402
771 T	0.08261	0.02362	0.89377
772 A	0.08233	0.02445	0.89322
773 A	0.08218	0.02464	0.89317
774 A	0.08256	0.02412	0.89333
775 A	0.08324	0.02319	0.89357
776 T	0.08420	0.02189	0.89392
777 T	0.08480	0.02083	0.89438
778 C	0.08506	0.02029	0.89466
779 A	0.08563	0.01966	0.89471
780 A	0.08569	0.01959	0.89473
781 T	0.08577	0.01952	0.8947
782 A	0.08580	0.01957	0.89462
783 T	0.08588	0.01956	0.89457
784 A	0.08581	0.01938	0.8948
785 A	0.08587	0.01882	0.89531
786 T	0.08616	0.01768	0.89615
787 A	0.08613	0.01680	0.89706
788 A	0.08628	0.01540	0.89831
789 A	0.08745	0.01273	0.89982
790 C	0.08910	0.00976	0.90114
791 T	0.09118	0.00720	0.90163
792 T	0.09303	0.00451	0.90246
793 T	0.09370	0.00349	0.90281
794 T	0.09392	0.00309	0.90299
795 T	0.09405	0.00282	0.90313
796 G	0.09407	0.00245	0.90349
797 C	0.09404	0.00229	0.90367
798 T	0.09397	0.00232	0.90371
799 T	0.09389	0.00240	0.90371
800 C	0.09378	0.00249	0.90373
801 T	0.09362	0.00267	0.90371
802 G	0.09334	0.00301	0.90365
803 A	0.09319	0.00326	0.90355
804 C	0.09315	0.00335	0.90349
805 G	0.09316	0.00366	0.90318
806 T	0.09320	0.00423	0.90258
807 T	0.09317	0.00424	0.9026
808 G	0.09309	0.00435	0.90256
809 G	0.09305	0.00445	0.9025
810 A	0.09307	0.00424	0.90269
811 C	0.09312	0.00406	0.90282
812 T	0.09318	0.00398	0.90284
813 T	0.09319	0.00396	0.90285
814 C	0.09319	0.00396	0.90285
815 C	0.09317	0.00414	0.90269
816 T	0.09293	0.00511	0.90197
817 A	0.09207	0.00747	0.90045
818 T	0.09121	0.00951	0.89928
819 A	0.08875	0.01389	0.89736
820 T	0.08385	0.02038	0.89578
821 G	0.07734	0.02816	0.8945
822 G	0.07301	0.03385	0.89314
823 A	0.07134	0.03791	0.89075
824 A	0.07068	0.03959	0.88974
825 A	0.07044	0.04025	0.88931
826 G	0.07048	0.04011	0.88942
827 A	0.07058	0.03996	0.88946
828 A	0.07086	0.03961	0.88953
829 T	0.07150	0.03886	0.88965
830 C	0.07157	0.03864	0.88979
831 T	0.07164	0.03851	0.88985
832 T	0.07162	0.03855	0.88983
833 C	0.07141	0.03878	0.88981
834 T	0.07094	0.03936	0.8897
835 G	0.06999	0.04041	0.8896
836 A	0.06916	0.04134	0.88951
837 A	0.06846	0.04210	0.88945
838 A	0.06787	0.04272	0.88942
839 A	0.06822	0.04204	0.88974
840 A	0.06973	0.03944	0.89083
841 A	0.07106	0.03627	0.89267
842 A	0.07337	0.03103	0.8956
843 T	0.07580	0.02235	0.90185
844 T	0.07738	0.01524	0.90737
845 C	0.07832	0.01102	0.91066
846 T	0.07993	0.00954	0.91053
847 T	0.08036	0.00915	0.91049
848 T	0.07987	0.01024	0.90989
849 T	0.07833	0.01324	0.90843
850 A	0.07490	0.01877	0.90633
851 C	0.07333	0.02146	0.90521
852 A	0.06986	0.03018	0.89996
853 T	0.06824	0.03493	0.89684
854 A	0.06566	0.03955	0.8948
855 T	0.06451	0.04121	0.89428
856 T	0.06265	0.04364	0.89372
857 T	0.05977	0.04662	0.8936
858 A	0.05539	0.05083	0.89378
859 G	0.05342	0.05226	0.89432
860 A	0.05214	0.05318	0.89468
861 A	0.05109	0.05375	0.89516
862 G	0.05067	0.05417	0.89516
863 A	0.05031	0.05541	0.89428
864 A	0.05010	0.05662	0.89328
865 A	0.04995	0.05688	0.89317
866 T	0.04991	0.05694	0.89315
867 A	0.04965	0.05735	0.893
868 A	0.04954	0.05742	0.89303
869 C	0.05009	0.05657	0.89333
870 A	0.05029	0.05762	0.89209
871 A	0.05114	0.05678	0.89208
872 A	0.05382	0.05304	0.89314
873 T	0.05748	0.04656	0.89596
874 G	0.05935	0.04350	0.89715
875 T	0.06425	0.03445	0.90129
876 T	0.06658	0.02946	0.90396
877 T	0.06772	0.02556	0.90671
878 T	0.06805	0.02419	0.90776
879 T	0.06832	0.02298	0.90871
880 T	0.06846	0.02235	0.90919
881 T	0.06851	0.02108	0.91041
882 A	0.06828	0.02178	0.90995
883 A	0.06824	0.02255	0.90921
884 G	0.06833	0.02336	0.90831
885 A	0.06856	0.02529	0.90615
886 A	0.06940	0.02667	0.90393
887 A	0.07045	0.02686	0.90269
888 A	0.07083	0.02716	0.90201
889 A	0.07115	0.02799	0.90086
890 A	0.07164	0.02836	0.9
891 A	0.07222	0.02811	0.89967
892 A	0.07299	0.02713	0.89988
893 T	0.07484	0.02501	0.90015
894 T	0.07569	0.02408	0.90023
895 T	0.07609	0.02362	0.90029
896 C	0.07624	0.02345	0.90031
897 T	0.07650	0.02321	0.9003
898 G	0.07665	0.02305	0.9003
899 C	0.07717	0.02252	0.90031
900 T	0.07833	0.02137	0.90031
901 T	0.07937	0.02032	0.90031
902 C	0.07993	0.01970	0.90038
903 T	0.08143	0.01817	0.9004
904 T	0.08226	0.01729	0.90046
905 C	0.08268	0.01662	0.9007
906 T	0.08396	0.01527	0.90077
907 C	0.08501	0.01418	0.90081
908 C	0.08709	0.01206	0.90086
909 T	0.08947	0.00967	0.90087
910 C	0.09026	0.00888	0.90086
911 A	0.09068	0.00854	0.90077
912 A	0.09173	0.00749	0.90078
913 T	0.09288	0.00632	0.9008
914 T	0.09342	0.00570	0.90087
915 T	0.09343	0.00565	0.90093
916 C	0.09324	0.00568	0.90108
917 C	0.09314	0.00571	0.90115
918 T	0.09298	0.00586	0.90116
919 C	0.09245	0.00641	0.90114
920 T	0.09201	0.00705	0.90093
921 T	0.09134	0.00824	0.90043
922 T	0.09022	0.01032	0.89946
923 A	0.08680	0.01596	0.89723
924 T	0.08528	0.01820	0.89652
925 T	0.08328	0.02032	0.89639
926 T	0.07769	0.02640	0.8959
927 A	0.06632	0.03882	0.89486
928 G	0.05471	0.05157	0.89372
929 A	0.04494	0.06520	0.88986
930 G	0.03877	0.07631	0.88491
931 A	0.03615	0.08283	0.88102
932 G	0.03472	0.08563	0.87965
933 A	0.03375	0.08882	0.87744
934 T	0.03330	0.09000	0.8767
935 T	0.03289	0.09133	0.87578
936 A	0.03214	0.09383	0.87403
937 A	0.03164	0.09669	0.87166
938 A	0.03121	0.09932	0.86947
939 A	0.03081	0.10204	0.86715
940 A	0.02938	0.10576	0.86486
941 A	0.02813	0.10757	0.8643
942 A	0.02731	0.10878	0.86391
943 G	0.02704	0.10860	0.86436
944 A	0.02724	0.10797	0.86479
945 A	0.02830	0.10545	0.86624
946 T	0.03100	0.09862	0.87038
947 T	0.03183	0.09570	0.87246
948 A	0.03193	0.09414	0.87393
949 A	0.03235	0.08899	0.87866
950 A	0.03302	0.07949	0.88749
951 A	0.03456	0.06835	0.89709
952 A	0.03909	0.05571	0.9052
953 T	0.04589	0.04323	0.91089
954 T	0.04946	0.03865	0.9119
955 A	0.04859	0.04351	0.90791
956 T	0.04851	0.04422	0.90727
957 C	0.04472	0.04858	0.90669
958 A	0.03803	0.06061	0.90136
959 A	0.03518	0.06669	0.89813
960 A	0.03506	0.06861	0.89633
961 G	0.03654	0.06779	0.89567
962 A	0.03864	0.06633	0.89503
963 T	0.04100	0.06229	0.89672
964 A	0.04050	0.06154	0.89796
965 T	0.04024	0.06081	0.89895
966 G	0.03835	0.06223	0.89942
967 C	0.03764	0.06260	0.89976
968 A	0.03694	0.06339	0.89967
969 T	0.03709	0.06333	0.89957
970 T	0.03672	0.06379	0.8995
971 A	0.03509	0.06537	0.89954
972 T	0.03448	0.06586	0.89966
973 G	0.03212	0.06772	0.90015
974 A	0.03174	0.06776	0.90051
975 A	0.03235	0.06661	0.90105
976 G	0.03312	0.06508	0.9018
977 A	0.03559	0.06145	0.90296
978 T	0.04305	0.05128	0.90567
979 T	0.04555	0.04657	0.90788
980 A	0.04697	0.04172	0.91131
981 T	0.05165	0.03081	0.91754
982 T	0.05414	0.02465	0.92121
983 T	0.05535	0.02103	0.92361
984 T	0.05592	0.01941	0.92466
985 T	0.05652	0.01809	0.92538
986 T	0.05653	0.01748	0.92599
987 A	0.05644	0.01672	0.92685
988 A	0.05642	0.01539	0.92819
989 T	0.05651	0.01295	0.93054
990 T	0.05658	0.01133	0.93209
991 G	0.05673	0.00937	0.9339
992 T	0.05700	0.00833	0.93468
993 T	0.05718	0.00719	0.93564
994 T	0.05722	0.00616	0.93662
995 T	0.05716	0.00620	0.93664
996 T	0.05661	0.00637	0.93702
997 G	0.05502	0.00966	0.93531
998 A	0.05355	0.01420	0.93225
999 T	0.05270	0.01815	0.92915
1000 A	0.05121	0.02646	0.92233
1001 T	0.04957	0.03447	0.91596
1002 A	0.04554	0.04995	0.90451
1003 G	0.04256	0.06309	0.89435
1004 T	0.04013	0.07777	0.8821
1005 A	0.03570	0.09845	0.86585
1006 A	0.03366	0.10809	0.85826
1007 G	0.03296	0.11237	0.85467
1008 A	0.03272	0.11678	0.8505
1009 T	0.03267	0.11714	0.8502
1010 A	0.03247	0.11748	0.85005
1011 T	0.03241	0.11758	0.85001
1012 A	0.03223	0.11780	0.84997
1013 C	0.03174	0.11826	0.84999
1014 A	0.03110	0.11903	0.84987
1015 A	0.03083	0.11943	0.84974
1016 G	0.03072	0.11954	0.84975
1017 A	0.03091	0.11934	0.84976
1018 G	0.03147	0.11872	0.84981
1019 A	0.03261	0.11703	0.85036
1020 A	0.03474	0.11345	0.85181
1021 A	0.03774	0.10912	0.85314
1022 A	0.04120	0.10469	0.85411
1023 A	0.04802	0.09647	0.85551
1024 A	0.05533	0.08767	0.85701
1025 A	0.06829	0.07121	0.8605
1026 A	0.08081	0.05575	0.86344
1027 A	0.09406	0.03989	0.86606
1028 T	0.10984	0.01949	0.87068
1029 T	0.11591	0.01132	0.87277
1030 C	0.11836	0.00798	0.87366
1031 T	0.12094	0.00539	0.87367
1032 T	0.12126	0.00507	0.87366
1033 T	0.12137	0.00499	0.87364
1034 T	0.12139	0.00514	0.87347
1035 A	0.12139	0.00541	0.8732
1036 G	0.12143	0.00477	0.87381
1037 G	0.12155	0.00399	0.87446
1038 T	0.12172	0.00349	0.87478
1039 T	0.12176	0.00343	0.8748
1040 C	0.12160	0.00361	0.87479
1041 T	0.12121	0.00421	0.87458
1042 G	0.12096	0.00501	0.87403
1043 G	0.12075	0.00548	0.87376
1044 A	0.12060	0.00581	0.87359
1045 A	0.12056	0.00593	0.87351
1046 G	0.12058	0.00593	0.87348
1047 A	0.12070	0.00593	0.87337
1048 G	0.12086	0.00574	0.8734
1049 G	0.12093	0.00567	0.8734
1050 T	0.12111	0.00549	0.8734
1051 T	0.12118	0.00541	0.87341
1052 C	0.12121	0.00536	0.87344
1053 G	0.12126	0.00529	0.87344
1054 T	0.12146	0.00508	0.87347
1055 C	0.12155	0.00497	0.87348
1056 T	0.12171	0.00481	0.87349
1057 C	0.12190	0.00460	0.8735
1058 C	0.12223	0.00425	0.87352
1059 T	0.12230	0.00418	0.87352
1060 G	0.12234	0.00413	0.87352
1061 G	0.12246	0.00399	0.87355
1062 T	0.12286	0.00357	0.87357
1063 T	0.12314	0.00310	0.87376
1064 C	0.12334	0.00233	0.87433
1065 T	0.12381	0.00162	0.87457
1066 T	0.12400	0.00124	0.87476
1067 T	0.12410	0.00101	0.87488
1068 A	0.12414	0.00091	0.87495
1069 G	0.12422	0.00075	0.87503
1070 T	0.12435	0.00043	0.87521
1071 T	0.12437	0.00031	0.87532
1072 T	0.12438	0.00028	0.87534
1073 G	0.12438	0.00031	0.87531
1074 T	0.12438	0.00040	0.87523
1075 T	0.12437	0.00056	0.87507
1076 T	0.12435	0.00088	0.87477
1077 T	0.12433	0.00147	0.87421
1078 T	0.12430	0.00267	0.87303
1079 G	0.12425	0.00359	0.87216
1080 T	0.12417	0.00467	0.87117
1081 T	0.12408	0.00603	0.86989
1082 T	0.12398	0.00710	0.86892
1083 A	0.12385	0.00865	0.8675
1084 G	0.12378	0.00947	0.86675
1085 G	0.12372	0.01055	0.86573
1086 T	0.12364	0.01146	0.86489
1087 A	0.12350	0.01194	0.86456
1088 T	0.12328	0.01230	0.86441
1089 T	0.12288	0.01284	0.86428
1090 A	0.12112	0.01487	0.86401
1091 C	0.12015	0.01600	0.86385
1092 A	0.11897	0.01797	0.86306
1093 G	0.11806	0.01911	0.86282
1094 A	0.11729	0.02007	0.86263
1095 A	0.11700	0.02046	0.86254
1096 G	0.11679	0.02072	0.8625
1097 C	0.11684	0.02069	0.86248
1098 A	0.11700	0.02054	0.86246
1099 G	0.11740	0.02011	0.86248
1100 A	0.11814	0.01934	0.86251
1101 T	0.11969	0.01774	0.86257
1102 C	0.12056	0.01682	0.86263
1103 C	0.12163	0.01562	0.86275
1104 T	0.12289	0.01430	0.86281
1105 C	0.12354	0.01359	0.86287
1106 T	0.12446	0.01267	0.86286
1107 A	0.12428	0.01294	0.86279
1108 T	0.12480	0.01263	0.86257
1109 A	0.12475	0.01314	0.86211
1110 T	0.12465	0.01323	0.86212
1111 T	0.12391	0.01371	0.86238
1112 A	0.12302	0.01428	0.8627
1113 T	0.12291	0.01271	0.86438
1114 A	0.12265	0.01213	0.86522
1115 A	0.12320	0.01047	0.86634
1116 T	0.12343	0.00919	0.86738
1117 C	0.12344	0.00830	0.86825
1118 T	0.12347	0.00806	0.86847
1119 T	0.12346	0.00794	0.86859
1120 C	0.12342	0.00794	0.86864
1121 T	0.12341	0.00796	0.86863
1122 T	0.12338	0.00802	0.86861
1123 T	0.12333	0.00809	0.86858
1124 T	0.12317	0.00833	0.8685
1125 T	0.12173	0.00994	0.86833
1126 G	0.11860	0.01329	0.86812
1127 A	0.11617	0.01619	0.86763
1128 A	0.11519	0.01740	0.86741
1129 A	0.11491	0.01769	0.86741
1130 G	0.11487	0.01686	0.86826
1131 G	0.11511	0.01632	0.86856
1132 T	0.11576	0.01529	0.86894
1133 T	0.11583	0.01520	0.86897
1134 T	0.11561	0.01565	0.86874
1135 T	0.11472	0.01845	0.86684
1136 T	0.11241	0.02544	0.86215
1137 G	0.10984	0.02936	0.8608
1138 A	0.10894	0.03065	0.86041
1139 A	0.10843	0.03153	0.86003
1140 T	0.10813	0.03201	0.85986
1141 C	0.10698	0.03363	0.85938
1142 C	0.10319	0.03849	0.85832
1143 T	0.08730	0.06081	0.85189
1144 A	0.06982	0.08537	0.8448
1145 A	0.05952	0.09892	0.84156
1146 A	0.05299	0.10852	0.8385
1147 A	0.04744	0.11710	0.83545
1148 G	0.04485	0.11905	0.8361
1149 A	0.04372	0.11827	0.838
1150 A	0.04328	0.11717	0.83955
1151 A	0.04310	0.11769	0.83921
1152 T	0.04309	0.11917	0.83774
1153 A	0.04233	0.12396	0.83371
1154 A	0.04197	0.12599	0.83204
1155 A	0.04198	0.12597	0.83204
1156 A	0.04228	0.12539	0.83233
1157 A	0.04304	0.12411	0.83285
1158 A	0.04539	0.12049	0.83412
1159 C	0.04976	0.11308	0.83716
1160 C	0.05142	0.10934	0.83923
1161 A	0.05227	0.10813	0.83961
1162 G	0.05341	0.10685	0.83974
1163 A	0.05489	0.10529	0.83981
1164 T	0.05693	0.10254	0.84053
1165 A	0.05829	0.09747	0.84424
1166 T	0.06471	0.07102	0.86427
1167 T	0.07070	0.04879	0.88052
1168 G	0.07313	0.03725	0.88963
1169 A	0.07560	0.03127	0.89313
1170 T	0.07883	0.02546	0.8957
1171 T	0.07930	0.02645	0.89425
1172 T	0.07882	0.03080	0.89038
1173 A	0.07707	0.03951	0.88341
1174 G	0.07622	0.04768	0.87611
1175 A	0.07699	0.05991	0.8631
1176 T	0.08000	0.05991	0.86009
1177 T	0.08022	0.05952	0.86026
1178 T	0.07756	0.06207	0.86037
1179 T	0.07044	0.06941	0.86015
1180 C	0.06302	0.07732	0.85965
1181 C	0.05849	0.08295	0.85856
1182 A	0.05427	0.08860	0.85712
1183 G	0.05262	0.09075	0.85663
1184 A	0.05160	0.09251	0.85589
1185 T	0.05056	0.09461	0.85484
1186 G	0.04700	0.10059	0.8524
1187 A	0.04369	0.10681	0.8495
1188 T	0.04235	0.10956	0.84808
1189 A	0.04029	0.11382	0.84588
1190 A	0.03953	0.11555	0.84492
1191 A	0.03965	0.11615	0.8442
1192 A	0.04124	0.11470	0.84406
1193 T	0.04519	0.11048	0.84434
1194 A	0.04873	0.10646	0.84481
1195 A	0.05430	0.09991	0.84579
1196 A	0.06183	0.09032	0.84785
1197 T	0.07043	0.07939	0.85017
1198 A	0.08030	0.06831	0.85139
1199 T	0.08447	0.06158	0.85394
1200 T	0.08515	0.05894	0.85592
1201 A	0.08517	0.05660	0.85823
1202 T	0.08534	0.04985	0.86481
1203 T	0.08493	0.04464	0.87042
1204 T	0.08305	0.04363	0.87332
1205 T	0.08060	0.04446	0.87494
1206 A	0.07719	0.04860	0.87421
1207 A	0.07527	0.05109	0.87363
1208 A	0.07461	0.05223	0.87316
1209 A	0.07626	0.04894	0.87479
1210 T	0.07904	0.04543	0.87553
1211 A	0.08006	0.04788	0.87206
1212 T	0.08218	0.04704	0.87078
1213 A	0.08268	0.05239	0.86493
1214 T	0.08335	0.05356	0.86309
1215 T	0.08340	0.05477	0.86183
1216 T	0.08276	0.05897	0.85826
1217 A	0.07800	0.06653	0.85547
1218 T	0.07465	0.07217	0.85318
1219 G	0.07243	0.07827	0.8493
1220 A	0.07114	0.08223	0.84663
1221 A	0.07063	0.08586	0.84351
1222 A	0.07057	0.08844	0.84099
1223 A	0.07082	0.08906	0.84012
1224 A	0.07156	0.08843	0.84001
1225 T	0.07243	0.08698	0.8406
1226 A	0.07283	0.08575	0.84142
1227 T	0.07359	0.08322	0.84319
1228 G	0.07392	0.08189	0.84418
1229 G	0.07477	0.08090	0.84432
1230 A	0.07556	0.07949	0.84496
1231 G	0.07722	0.07695	0.84584
1232 A	0.07915	0.07515	0.84569
1233 A	0.08292	0.07199	0.84509
1234 C	0.08833	0.06683	0.84484
1235 A	0.09224	0.06443	0.84333
1236 T	0.10016	0.05739	0.84245
1237 T	0.10295	0.05449	0.84256
1238 A	0.10420	0.05319	0.84261
1239 T	0.10711	0.04968	0.84321
1240 A	0.10856	0.04304	0.8484
1241 C	0.11082	0.03699	0.85219
1242 T	0.11444	0.03204	0.85352
1243 G	0.11657	0.03063	0.8528
1244 C	0.11945	0.02865	0.8519
1245 T	0.12193	0.02894	0.84912
1246 A	0.12259	0.03043	0.84698
1247 A	0.12333	0.03075	0.84593
1248 T	0.12394	0.03100	0.84505
1249 A	0.12477	0.03327	0.84196
1250 T	0.12604	0.03208	0.84187
1251 A	0.12689	0.03138	0.84173
1252 A	0.12897	0.02877	0.84226
1253 T	0.13010	0.02696	0.84293
1254 C	0.13006	0.02673	0.84321
1255 A	0.13020	0.02718	0.84263
1256 C	0.13097	0.02678	0.84225
1257 T	0.13195	0.02648	0.84158
1258 T	0.13306	0.02635	0.8406
1259 T	0.13346	0.02618	0.84036
1260 T	0.13280	0.02699	0.84021
1261 A	0.13184	0.02795	0.84022
1262 A	0.13151	0.02813	0.84036
1263 C	0.13091	0.02810	0.84099
1264 A	0.13081	0.02809	0.84109
1265 C	0.13188	0.02687	0.84125
1266 T	0.13440	0.02433	0.84127
1267 T	0.13564	0.02309	0.84128
1268 T	0.13698	0.02176	0.84126
1269 A	0.13621	0.02241	0.84138
1270 A	0.13570	0.02285	0.84145
1271 C	0.13607	0.02138	0.84255
1272 T	0.13813	0.01966	0.84221
1273 A	0.13793	0.02036	0.84171
1274 T	0.13830	0.01996	0.84175
1275 T	0.13773	0.02096	0.84131
1276 A	0.13646	0.02240	0.84114
1277 A	0.13610	0.02210	0.84179
1278 A	0.13573	0.02157	0.84269
1279 T	0.13577	0.02048	0.84375
1280 C	0.13577	0.01982	0.84441
1281 T	0.13619	0.01933	0.84448
1282 T	0.13583	0.01972	0.84445
1283 T	0.13510	0.02037	0.84452
1284 T	0.13296	0.02249	0.84455
1285 A	0.12918	0.02708	0.84373
1286 T	0.12708	0.02884	0.84408
1287 T	0.12392	0.03198	0.8441
1288 A	0.11408	0.04261	0.84332
1289 G	0.10951	0.04726	0.84322
1290 A	0.10835	0.04855	0.8431
1291 A	0.10771	0.04849	0.8438
1292 A	0.10762	0.04688	0.8455
1293 T	0.10782	0.04529	0.84689
1294 A	0.10777	0.04490	0.84733
1295 C	0.10828	0.04359	0.84812
1296 T	0.10861	0.04325	0.84814
1297 A	0.10823	0.04458	0.84719
1298 A	0.10824	0.04540	0.84636
1299 T	0.10808	0.04576	0.84616
1300 T	0.10701	0.04843	0.84456
1301 A	0.10551	0.05015	0.84434
1302 T	0.10507	0.05023	0.8447
1303 G	0.10435	0.05059	0.84506
1304 T	0.10441	0.05042	0.84517
1305 T	0.10395	0.05127	0.84479
1306 A	0.10087	0.05530	0.84382
1307 A	0.09950	0.05668	0.84381
1308 T	0.10008	0.05199	0.84793
1309 T	0.10023	0.04962	0.85015
1310 A	0.10016	0.04751	0.85233
1311 T	0.10080	0.03907	0.86012
1312 C	0.10078	0.03595	0.86327
1313 T	0.10092	0.03721	0.86186
1314 T	0.10034	0.04137	0.85829
1315 A	0.09581	0.05403	0.85016
1316 A	0.09403	0.06209	0.84388
1317 A	0.09356	0.06814	0.8383
1318 A	0.09336	0.07223	0.83441
1319 A	0.09380	0.07313	0.83308
1320 A	0.09514	0.07339	0.83147
1321 A	0.09679	0.07282	0.8304
1322 A	0.09846	0.07123	0.83031
1323 T	0.10109	0.06758	0.83133
1324 T	0.10265	0.06569	0.83165
1325 T	0.10322	0.06772	0.82905
1326 A	0.10344	0.07136	0.82519
1327 A	0.10380	0.07177	0.82443
1328 A	0.10446	0.07051	0.82503
1329 A	0.10585	0.06596	0.82819
