# lcl|CP097583.1_cds_USQ93538.1_1
# AA	inside	membr	outside
1 A	0.51404	0.00000	0.48596
2 T	0.51361	0.00043	0.48596
3 G	0.51330	0.00074	0.48596
4 A	0.51330	0.00471	0.482
5 A	0.51113	0.00868	0.48019
6 A	0.51113	0.00898	0.4799
7 C	0.50979	0.01040	0.47981
8 T	0.50979	0.01041	0.4798
9 T	0.50955	0.01105	0.4794
10 A	0.50955	0.06647	0.42399
11 T	0.50943	0.06692	0.42365
12 T	0.48297	0.09366	0.42337
13 G	0.42390	0.15371	0.42239
14 T	0.42389	0.15371	0.42239
15 C	0.42389	0.16253	0.41358
16 G	0.42280	0.16362	0.41358
17 G	0.42154	0.16505	0.4134
18 T	0.42151	0.16538	0.41311
19 T	0.41988	0.16731	0.41281
20 T	0.41120	0.17994	0.40886
21 A	0.39261	0.19856	0.40883
22 G	0.39191	0.20000	0.4081
23 G	0.39174	0.20083	0.40743
24 A	0.39169	0.20103	0.40728
25 A	0.39176	0.20043	0.4078
26 A	0.39196	0.19987	0.40817
27 T	0.39562	0.19571	0.40867
28 C	0.39711	0.19239	0.41051
29 C	0.39759	0.19181	0.4106
30 A	0.39874	0.19013	0.41112
31 G	0.39959	0.18910	0.41131
32 G	0.40166	0.18685	0.41148
33 T	0.45289	0.13543	0.41167
34 A	0.45398	0.13396	0.41206
35 T	0.45694	0.10017	0.44288
36 T	0.45802	0.04724	0.49475
37 A	0.45814	0.04702	0.49484
38 T	0.46357	0.04094	0.49549
39 T	0.46282	0.04342	0.49377
40 T	0.46247	0.04325	0.49428
41 A	0.46002	0.04371	0.49627
42 T	0.45843	0.04588	0.49568
43 G	0.43704	0.06781	0.49515
44 A	0.41445	0.11303	0.47252
45 T	0.39985	0.16245	0.43769
46 A	0.38673	0.17790	0.43537
47 A	0.38029	0.18643	0.43328
48 T	0.37283	0.19411	0.43306
49 A	0.36294	0.20396	0.43311
50 C	0.35819	0.20864	0.43318
51 T	0.35328	0.21348	0.43324
52 C	0.34250	0.22425	0.43325
53 C	0.33362	0.23337	0.43301
54 G	0.32643	0.24153	0.43203
55 C	0.32240	0.24679	0.43082
56 A	0.32021	0.24923	0.43055
57 T	0.31908	0.25081	0.43011
58 A	0.31581	0.25520	0.42899
59 A	0.31496	0.25606	0.42898
60 C	0.31545	0.25534	0.42921
61 A	0.31651	0.25399	0.4295
62 T	0.32299	0.24623	0.43078
63 A	0.32661	0.24136	0.43203
64 G	0.33072	0.23455	0.43473
65 G	0.33684	0.22634	0.43682
66 A	0.34350	0.19530	0.4612
67 T	0.37146	0.14350	0.48505
68 T	0.40087	0.09936	0.49977
69 T	0.40347	0.08512	0.5114
70 A	0.40495	0.07796	0.51709
71 T	0.40535	0.06795	0.5267
72 G	0.40524	0.05788	0.53689
73 A	0.40514	0.05318	0.54167
74 T	0.40527	0.04674	0.54799
75 G	0.40536	0.03822	0.55641
76 A	0.40566	0.03056	0.56377
77 T	0.40721	0.02240	0.57039
78 T	0.40828	0.01794	0.57378
79 G	0.40786	0.01707	0.57506
80 A	0.40808	0.01897	0.57296
81 T	0.40901	0.01915	0.57184
82 T	0.40890	0.02376	0.56733
83 T	0.40829	0.03217	0.55953
84 T	0.40690	0.04702	0.54609
85 T	0.40456	0.08268	0.51276
86 T	0.39920	0.11769	0.4831
87 T	0.38722	0.14534	0.46744
88 T	0.37051	0.17509	0.45441
89 T	0.34889	0.19962	0.45148
90 A	0.30375	0.24806	0.44819
91 G	0.28231	0.27111	0.44657
92 A	0.27533	0.27946	0.44521
93 C	0.27394	0.28175	0.4443
94 T	0.27380	0.28467	0.44153
95 A	0.27335	0.28892	0.43773
96 T	0.27367	0.29026	0.43607
97 T	0.27345	0.29201	0.43454
98 T	0.27266	0.29428	0.43306
99 A	0.26550	0.30335	0.43116
100 A	0.25889	0.31148	0.42963
101 A	0.25314	0.31829	0.42858
102 A	0.24956	0.32195	0.4285
103 A	0.25007	0.32153	0.4284
104 A	0.25402	0.31770	0.42828
105 A	0.26137	0.30985	0.42879
106 A	0.27300	0.29590	0.4311
107 A	0.29203	0.27069	0.43727
108 T	0.33247	0.22042	0.44711
109 T	0.35913	0.18665	0.45422
110 T	0.36726	0.17216	0.46059
111 A	0.36814	0.16130	0.47056
112 A	0.36651	0.14254	0.49095
113 T	0.36416	0.10563	0.53022
114 T	0.35852	0.09471	0.54677
115 C	0.34936	0.09921	0.55144
116 C	0.34227	0.11046	0.54727
117 G	0.33674	0.12948	0.53378
118 T	0.33325	0.14094	0.52582
119 T	0.32330	0.15748	0.51921
120 T	0.29918	0.19004	0.51078
121 A	0.27741	0.22650	0.4961
122 A	0.26969	0.24285	0.48745
123 A	0.26449	0.24676	0.48874
124 T	0.26265	0.24493	0.49241
125 T	0.25853	0.25055	0.49093
126 T	0.25011	0.26929	0.48061
127 A	0.23272	0.30151	0.46577
128 A	0.21985	0.31877	0.46138
129 A	0.21445	0.32512	0.46043
130 A	0.21227	0.32757	0.46016
131 A	0.21231	0.32761	0.46008
132 A	0.21412	0.32489	0.46099
133 G	0.21829	0.31763	0.46408
134 A	0.22083	0.31126	0.46791
135 A	0.22334	0.30464	0.47201
136 T	0.22866	0.29229	0.47906
137 T	0.23319	0.28015	0.48666
138 A	0.23546	0.26713	0.49741
139 T	0.24405	0.24755	0.5084
140 T	0.25666	0.22369	0.51966
141 T	0.26309	0.20662	0.5303
142 A	0.26690	0.19414	0.53896
143 A	0.27383	0.16598	0.56019
144 T	0.28665	0.13512	0.57823
145 T	0.29752	0.11391	0.58857
146 T	0.29983	0.10236	0.59781
147 G	0.29891	0.10151	0.59958
148 G	0.30023	0.10354	0.59622
149 T	0.31025	0.08907	0.60068
150 T	0.31560	0.07616	0.60825
151 T	0.30008	0.09248	0.60744
152 A	0.28168	0.12968	0.58864
153 C	0.27232	0.14903	0.57864
154 T	0.26526	0.17809	0.55665
155 A	0.24871	0.22756	0.52373
156 T	0.23724	0.24393	0.51882
157 G	0.22732	0.25774	0.51494
158 T	0.22252	0.26670	0.51078
159 T	0.20370	0.29136	0.50494
160 C	0.17994	0.31938	0.50067
161 A	0.15600	0.35399	0.49001
162 A	0.14734	0.36845	0.48421
163 A	0.14433	0.37395	0.48171
164 T	0.14326	0.37715	0.4796
165 A	0.14187	0.38026	0.47787
166 A	0.14183	0.38007	0.4781
167 A	0.14229	0.37820	0.47951
168 T	0.14364	0.37266	0.4837
169 A	0.14414	0.36959	0.48627
170 A	0.14837	0.36244	0.48919
171 G	0.15680	0.35049	0.4927
172 A	0.15985	0.34623	0.49392
173 A	0.16434	0.33599	0.49966
174 A	0.17758	0.30542	0.517
175 T	0.20649	0.26005	0.53346
176 T	0.21895	0.24435	0.53671
177 A	0.23542	0.23732	0.52726
178 A	0.26211	0.20475	0.53313
179 T	0.26919	0.18732	0.54348
180 T	0.27159	0.18048	0.54793
181 A	0.26967	0.18487	0.54545
182 T	0.27296	0.16944	0.5576
183 A	0.27249	0.15980	0.56771
184 T	0.27905	0.13759	0.58335
185 T	0.27946	0.14223	0.57831
186 A	0.26642	0.17804	0.55554
187 T	0.25460	0.22921	0.5162
188 T	0.23726	0.27965	0.48309
189 A	0.19317	0.33459	0.47224
190 A	0.15949	0.36916	0.47134
191 A	0.14487	0.38396	0.47117
192 A	0.13998	0.38784	0.47219
193 C	0.13813	0.38865	0.47322
194 C	0.13658	0.39012	0.47329
195 A	0.13798	0.38895	0.47307
196 C	0.14165	0.38558	0.47277
197 A	0.14537	0.38247	0.47216
198 A	0.14854	0.37955	0.47191
199 A	0.15645	0.37172	0.47183
200 T	0.17781	0.34924	0.47295
201 T	0.19077	0.33580	0.47344
202 T	0.19748	0.32716	0.47537
203 A	0.20147	0.32114	0.47739
204 T	0.20693	0.31007	0.48299
205 A	0.20904	0.30455	0.48641
206 T	0.21758	0.28996	0.49245
207 G	0.21397	0.28993	0.4961
208 A	0.22096	0.27988	0.49916
209 A	0.23995	0.24807	0.51198
210 T	0.27792	0.19658	0.5255
211 A	0.29132	0.16628	0.54239
212 A	0.28861	0.12996	0.58144
213 T	0.28469	0.10393	0.61138
214 T	0.27212	0.10288	0.62499
215 C	0.25616	0.11492	0.62891
216 T	0.24369	0.13193	0.62439
217 G	0.22900	0.14552	0.62548
218 G	0.22157	0.15270	0.62572
219 T	0.21714	0.15761	0.62526
220 T	0.20740	0.16745	0.62515
221 C	0.19212	0.18279	0.62509
222 A	0.17538	0.20259	0.62203
223 G	0.16878	0.21252	0.6187
224 C	0.16524	0.22068	0.61408
225 T	0.16367	0.22844	0.60789
226 A	0.15871	0.25226	0.58903
227 T	0.15633	0.26235	0.58132
228 A	0.14621	0.27991	0.57388
229 G	0.13299	0.29703	0.56997
230 A	0.12297	0.30641	0.57062
231 A	0.11950	0.31406	0.56643
232 A	0.11951	0.31423	0.56627
233 A	0.12135	0.30987	0.56878
234 A	0.12238	0.29660	0.58101
235 A	0.12430	0.27874	0.59697
236 T	0.12837	0.26381	0.60783
237 T	0.12931	0.24820	0.62249
238 G	0.12947	0.23587	0.63466
239 T	0.13233	0.22624	0.64142
240 T	0.13148	0.22225	0.64627
241 A	0.12796	0.23935	0.63269
242 A	0.12400	0.25524	0.62076
243 A	0.12262	0.28011	0.59726
244 A	0.12168	0.31516	0.56316
245 A	0.12184	0.32233	0.55582
246 A	0.12499	0.33660	0.5384
247 T	0.13121	0.33902	0.52977
248 A	0.13410	0.34744	0.51846
249 T	0.14773	0.33557	0.51669
250 A	0.14958	0.33620	0.51422
251 A	0.15447	0.32434	0.52118
252 A	0.15842	0.30998	0.5316
253 G	0.16632	0.29326	0.54041
254 T	0.17667	0.27969	0.54364
255 T	0.18134	0.27505	0.5436
256 A	0.18188	0.27550	0.54262
257 A	0.18237	0.27542	0.54221
258 T	0.18436	0.27289	0.54274
259 A	0.18476	0.27228	0.54297
260 T	0.18707	0.26884	0.54409
261 A	0.18880	0.26623	0.54497
262 C	0.19322	0.26086	0.54592
263 A	0.19947	0.25556	0.54497
264 A	0.21853	0.23505	0.54641
265 G	0.23444	0.21755	0.548
266 A	0.26977	0.18226	0.54798
267 T	0.32343	0.12819	0.54838
268 A	0.34735	0.10084	0.5518
269 T	0.37627	0.06726	0.55647
270 T	0.38847	0.05209	0.55944
271 T	0.39612	0.04187	0.56202
272 T	0.39850	0.03739	0.56411
273 T	0.40045	0.03311	0.56644
274 G	0.40042	0.03185	0.56772
275 T	0.40099	0.03078	0.56823
276 T	0.39960	0.03165	0.56876
277 T	0.39515	0.03602	0.56883
278 T	0.38276	0.04869	0.56855
279 A	0.36078	0.07189	0.56734
280 C	0.35537	0.07753	0.5671
281 A	0.35161	0.08258	0.56581
282 T	0.35045	0.08537	0.56418
283 G	0.34836	0.09111	0.56053
284 A	0.34821	0.09315	0.55864
285 T	0.34670	0.09632	0.55699
286 G	0.34067	0.10447	0.55486
287 A	0.33911	0.10750	0.55339
288 T	0.34062	0.10625	0.55313
289 A	0.34073	0.10674	0.55252
290 T	0.34162	0.10598	0.5524
291 T	0.34210	0.10578	0.55213
292 T	0.34157	0.10688	0.55155
293 A	0.33974	0.10981	0.55045
294 T	0.33876	0.11096	0.55027
295 T	0.33622	0.11370	0.55007
296 T	0.32977	0.12053	0.5497
297 A	0.30746	0.14323	0.54931
298 A	0.28727	0.16170	0.55103
299 A	0.27366	0.17038	0.55597
300 A	0.26275	0.17459	0.56266
301 G	0.25534	0.16723	0.57742
302 C	0.25495	0.14804	0.59701
303 T	0.25348	0.14577	0.60074
304 G	0.24431	0.15315	0.60253
305 G	0.23947	0.15926	0.60127
306 T	0.24125	0.15941	0.59934
307 A	0.24050	0.16363	0.59587
308 A	0.24102	0.16229	0.59669
309 T	0.24307	0.15411	0.60282
310 T	0.24265	0.15626	0.6011
311 T	0.23771	0.16854	0.59375
312 T	0.23278	0.17778	0.58944
313 A	0.22341	0.19942	0.57717
314 A	0.21725	0.20912	0.57363
315 A	0.21401	0.21389	0.5721
316 T	0.21223	0.21467	0.5731
317 T	0.19973	0.22626	0.57402
318 A	0.18287	0.24467	0.57246
319 A	0.17300	0.25398	0.57302
320 A	0.16745	0.24794	0.58461
321 A	0.16557	0.23502	0.59941
322 T	0.16431	0.22428	0.61141
323 A	0.16235	0.21786	0.61979
324 T	0.16078	0.21251	0.62671
325 A	0.15661	0.21736	0.62603
326 A	0.15236	0.21942	0.62822
327 A	0.15081	0.21185	0.63734
328 G	0.15156	0.20339	0.64505
329 G	0.15328	0.19994	0.64678
330 T	0.15722	0.19329	0.64949
331 G	0.15917	0.18984	0.651
332 G	0.16060	0.18682	0.65257
333 A	0.16492	0.18163	0.65344
334 C	0.17118	0.17043	0.65839
335 A	0.17333	0.17283	0.65384
336 T	0.18134	0.16941	0.64925
337 G	0.17074	0.18981	0.63945
338 G	0.16414	0.20320	0.63265
339 G	0.15891	0.20964	0.63145
340 G	0.15263	0.20559	0.64179
341 G	0.15342	0.19208	0.6545
342 A	0.15323	0.18622	0.66056
343 C	0.15765	0.17676	0.66559
344 A	0.15970	0.18207	0.65823
345 T	0.16133	0.18993	0.64873
346 A	0.15781	0.21476	0.62743
347 A	0.15180	0.23460	0.6136
348 T	0.14584	0.25664	0.59752
349 G	0.13935	0.27405	0.58661
350 G	0.13613	0.29098	0.57289
351 A	0.13408	0.30332	0.5626
352 A	0.13381	0.30783	0.55836
353 T	0.13347	0.31005	0.55648
354 A	0.12967	0.31697	0.55336
355 A	0.12835	0.32086	0.55078
356 A	0.13000	0.31945	0.55055
357 A	0.13220	0.31748	0.55031
358 A	0.13977	0.30824	0.552
359 A	0.15348	0.28988	0.55664
360 T	0.17093	0.25773	0.57134
361 A	0.17972	0.24268	0.57761
362 T	0.18532	0.23170	0.58299
363 T	0.18884	0.22418	0.58699
364 A	0.18933	0.22479	0.58589
365 T	0.19030	0.22108	0.58863
366 A	0.18889	0.22290	0.58821
367 G	0.19548	0.21592	0.58861
368 A	0.20637	0.20565	0.58798
369 A	0.23151	0.17741	0.59108
370 A	0.25113	0.15081	0.59806
371 T	0.28183	0.11187	0.6063
372 T	0.29710	0.09576	0.60714
373 T	0.30302	0.09809	0.5989
374 T	0.29696	0.12457	0.57847
375 A	0.27674	0.15654	0.56672
376 A	0.26720	0.16623	0.56657
377 A	0.25705	0.17299	0.56996
378 T	0.24488	0.18258	0.57254
379 A	0.20259	0.22523	0.57218
380 C	0.18330	0.24559	0.57111
381 A	0.16374	0.26786	0.5684
382 G	0.15221	0.28011	0.56767
383 A	0.14097	0.29282	0.56621
384 T	0.14104	0.29384	0.56512
385 C	0.13910	0.29784	0.56306
386 A	0.13947	0.29806	0.56248
387 A	0.14203	0.29502	0.56295
388 T	0.14472	0.29086	0.56443
389 T	0.14495	0.28886	0.56619
390 C	0.14068	0.29300	0.56632
391 A	0.13629	0.30056	0.56315
392 A	0.13483	0.30315	0.56202
393 A	0.13455	0.30399	0.56146
394 A	0.13605	0.30285	0.56109
395 G	0.14350	0.29405	0.56245
396 A	0.15553	0.27449	0.56998
397 T	0.17593	0.24229	0.58178
398 T	0.18279	0.21627	0.60094
399 A	0.18176	0.20937	0.60887
400 A	0.18177	0.19980	0.61843
401 A	0.18190	0.18346	0.63464
402 G	0.18301	0.14139	0.67559
403 A	0.18539	0.11896	0.69564
404 T	0.18913	0.09629	0.71458
405 A	0.19016	0.08708	0.72276
406 G	0.19191	0.07533	0.73276
407 G	0.19363	0.07126	0.73511
408 T	0.19598	0.06693	0.73708
409 G	0.19690	0.06620	0.7369
410 T	0.19848	0.06554	0.73597
411 T	0.19912	0.06798	0.7329
412 A	0.19928	0.07004	0.73068
413 A	0.19965	0.06794	0.73242
414 T	0.20216	0.06298	0.73487
415 A	0.19868	0.07248	0.72883
416 A	0.19718	0.08177	0.72105
417 T	0.19761	0.09006	0.71233
418 A	0.19561	0.09464	0.70975
419 A	0.19590	0.09493	0.70917
420 T	0.19803	0.09210	0.70987
421 T	0.19752	0.09150	0.71098
422 C	0.19570	0.09209	0.71222
423 T	0.19591	0.09230	0.71178
424 T	0.19402	0.09456	0.71142
425 C	0.18989	0.09925	0.71086
426 A	0.18741	0.10191	0.71068
427 A	0.18776	0.10155	0.71069
428 T	0.19107	0.09797	0.71097
429 T	0.19370	0.09519	0.71112
430 C	0.19509	0.09373	0.71118
431 C	0.19700	0.09193	0.71107
432 T	0.19966	0.08957	0.71077
433 T	0.20124	0.08831	0.71045
434 T	0.20288	0.08698	0.71014
435 G	0.20384	0.08622	0.70994
436 A	0.20497	0.08522	0.70981
437 A	0.20732	0.08180	0.71088
438 T	0.21614	0.06805	0.71581
439 G	0.22417	0.05740	0.71843
440 A	0.23435	0.04628	0.71937
441 A	0.23864	0.03972	0.72165
442 T	0.24109	0.03520	0.72372
443 A	0.24169	0.03221	0.7261
444 T	0.24238	0.02734	0.73029
445 G	0.24272	0.02382	0.73346
446 T	0.24360	0.02107	0.73533
447 T	0.24407	0.01888	0.73706
448 T	0.24450	0.01528	0.74022
449 T	0.24352	0.01458	0.7419
450 A	0.23987	0.01871	0.74142
451 G	0.23795	0.02115	0.7409
452 G	0.23667	0.02403	0.7393
453 A	0.23612	0.02853	0.73534
454 T	0.23642	0.03347	0.73012
455 T	0.23617	0.04498	0.71884
456 T	0.23482	0.06352	0.70166
457 T	0.23047	0.10262	0.66691
458 T	0.22254	0.13633	0.64113
459 T	0.21017	0.15657	0.63327
460 G	0.19209	0.17572	0.63219
461 A	0.18160	0.18702	0.63138
462 A	0.17560	0.19299	0.63141
463 C	0.17201	0.19651	0.63148
464 C	0.16949	0.19907	0.63144
465 G	0.16773	0.20095	0.63131
466 C	0.16697	0.20193	0.63111
467 A	0.16672	0.20262	0.63067
468 A	0.16681	0.20307	0.63013
469 A	0.16706	0.20339	0.62954
470 T	0.16795	0.20295	0.62911
471 T	0.16818	0.20303	0.62879
472 A	0.16793	0.20263	0.62944
473 A	0.16838	0.19922	0.6324
474 A	0.16910	0.19700	0.63389
475 A	0.17125	0.19383	0.63492
476 A	0.17686	0.18747	0.63567
477 A	0.18638	0.17713	0.63649
478 G	0.20158	0.15856	0.63986
479 A	0.22062	0.13685	0.64253
480 T	0.25559	0.09506	0.64935
481 A	0.27538	0.06775	0.65687
482 T	0.28278	0.04858	0.66865
483 T	0.28369	0.03339	0.68292
484 T	0.28390	0.02480	0.69131
485 T	0.28365	0.02179	0.69457
486 T	0.28296	0.02564	0.6914
487 A	0.27903	0.03905	0.68193
488 A	0.27668	0.04350	0.67982
489 T	0.27446	0.04837	0.67717
490 A	0.27196	0.05445	0.67359
491 A	0.26954	0.05766	0.67279
492 G	0.26874	0.05816	0.6731
493 T	0.26912	0.05756	0.67332
494 T	0.26869	0.05764	0.67367
495 C	0.26754	0.05840	0.67406
496 C	0.26609	0.06018	0.67373
497 C	0.26400	0.06417	0.67183
498 A	0.26253	0.06850	0.66897
499 A	0.26157	0.07155	0.66687
500 T	0.26161	0.07166	0.66673
501 A	0.26124	0.07214	0.66663
502 T	0.26187	0.07142	0.66671
503 T	0.26221	0.07080	0.66699
504 C	0.26215	0.07039	0.66746
505 G	0.26254	0.06988	0.66757
506 T	0.26487	0.06737	0.66776
507 T	0.26630	0.06569	0.66801
508 G	0.26745	0.06478	0.66777
509 A	0.27234	0.06055	0.66711
510 T	0.28236	0.04795	0.66968
511 A	0.28464	0.04700	0.66836
512 T	0.28773	0.04217	0.6701
513 A	0.29043	0.04008	0.66949
514 T	0.29118	0.03822	0.6706
515 T	0.29073	0.03890	0.67037
516 A	0.29008	0.04081	0.6691
517 A	0.29002	0.04111	0.66886
518 A	0.29042	0.03975	0.66983
519 A	0.29131	0.03741	0.67129
520 T	0.29362	0.03282	0.67356
521 A	0.29604	0.02882	0.67513
522 T	0.29796	0.02559	0.67644
523 T	0.29804	0.02505	0.67691
524 T	0.29783	0.02569	0.67648
525 T	0.29712	0.02784	0.67504
526 A	0.29520	0.03409	0.67071
527 T	0.29371	0.03615	0.67013
528 T	0.28915	0.04240	0.66844
529 G	0.27970	0.05355	0.66675
530 A	0.27560	0.05875	0.66565
531 C	0.27433	0.06046	0.66522
532 G	0.27423	0.06186	0.66391
533 A	0.27585	0.06132	0.66284
534 T	0.28062	0.05660	0.66278
535 A	0.28181	0.05537	0.66282
536 T	0.28473	0.05227	0.663
537 T	0.28594	0.05050	0.66357
538 C	0.28661	0.04913	0.66426
539 C	0.28741	0.04782	0.66477
540 T	0.28825	0.04697	0.66478
541 T	0.28832	0.04694	0.66474
542 T	0.28774	0.04764	0.66462
543 T	0.28518	0.05039	0.66443
544 G	0.27750	0.05841	0.66408
545 A	0.27237	0.06382	0.6638
546 A	0.26702	0.06947	0.66351
547 A	0.26461	0.07186	0.66352
548 A	0.26398	0.07195	0.66407
549 A	0.26682	0.06716	0.66602
550 A	0.26726	0.06558	0.66716
551 T	0.26953	0.05962	0.67084
552 T	0.27029	0.05224	0.67747
553 T	0.26890	0.05328	0.67782
554 T	0.26839	0.05367	0.67794
555 T	0.26728	0.05559	0.67713
556 A	0.26570	0.05888	0.67541
557 A	0.26544	0.05928	0.67528
558 T	0.26546	0.05903	0.67551
559 T	0.26552	0.05879	0.67569
560 T	0.26556	0.05852	0.67591
561 T	0.26561	0.05822	0.67617
562 T	0.26565	0.05791	0.67644
563 T	0.26568	0.05747	0.67684
564 A	0.26571	0.05695	0.67735
565 A	0.26581	0.05588	0.67831
566 A	0.26599	0.05315	0.68086
567 T	0.26639	0.04621	0.6874
568 A	0.26674	0.04154	0.69172
569 A	0.26729	0.03606	0.69665
570 A	0.26788	0.03218	0.69994
571 A	0.26857	0.02907	0.70236
572 A	0.26953	0.02605	0.70442
573 A	0.27185	0.02137	0.70678
574 T	0.27541	0.01466	0.70993
575 G	0.27787	0.00870	0.71343
576 A	0.28239	0.00000	0.71761
