# lcl|CP097583.1_cds_USQ93133.1_1
# AA	inside	membr	outside
1 G	0.08025	0.00000	0.91975
2 T	0.07896	0.00129	0.91975
3 G	0.07793	0.00232	0.91975
4 C	0.07793	0.00577	0.9163
5 A	0.06213	0.03973	0.89814
6 A	0.06213	0.04327	0.89461
7 A	0.03828	0.06723	0.89449
8 A	0.03828	0.06723	0.89448
9 A	0.03786	0.06771	0.89442
10 A	0.03786	0.06806	0.89408
11 C	0.03784	0.06809	0.89407
12 T	0.03763	0.06833	0.89404
13 T	0.03718	0.06897	0.89385
14 C	0.03718	0.06897	0.89385
15 T	0.03718	0.07143	0.89139
16 T	0.03716	0.07145	0.89139
17 T	0.03711	0.07154	0.89135
18 A	0.03710	0.07161	0.89129
19 T	0.03697	0.07177	0.89126
20 A	0.03597	0.07313	0.8909
21 T	0.03269	0.07638	0.89093
22 A	0.03242	0.07659	0.89099
23 A	0.03250	0.07615	0.89135
24 A	0.03278	0.07550	0.89171
25 A	0.03407	0.07076	0.89518
26 T	0.03505	0.06772	0.89724
27 A	0.03826	0.06174	0.89999
28 A	0.05319	0.03367	0.91314
29 T	0.05659	0.02856	0.91485
30 C	0.05688	0.01041	0.93271
31 G	0.05702	0.01014	0.93284
32 T	0.05718	0.00971	0.9331
33 T	0.05758	0.00927	0.93315
34 A	0.05761	0.00922	0.93317
35 C	0.05816	0.00850	0.93333
36 T	0.05857	0.00774	0.93368
37 T	0.05875	0.00754	0.9337
38 C	0.06026	0.00599	0.93375
39 T	0.06023	0.00635	0.93342
40 T	0.06012	0.00648	0.93341
41 T	0.05998	0.00641	0.9336
42 T	0.05967	0.00672	0.93361
43 T	0.05939	0.00630	0.93431
44 T	0.05872	0.00430	0.93698
45 C	0.05765	0.00515	0.93719
46 A	0.05586	0.00743	0.93671
47 T	0.05456	0.00922	0.93622
48 T	0.05120	0.01322	0.93559
49 A	0.04948	0.01624	0.93428
50 G	0.04886	0.01706	0.93408
51 T	0.04868	0.01741	0.93391
52 A	0.04845	0.01766	0.93389
53 T	0.04835	0.01775	0.9339
54 A	0.04820	0.01786	0.93393
55 T	0.04817	0.01786	0.93397
56 C	0.04809	0.01789	0.93402
57 A	0.04806	0.01791	0.93403
58 A	0.04806	0.01791	0.93402
59 T	0.04813	0.01783	0.93403
60 A	0.04818	0.01779	0.93403
61 T	0.04824	0.01770	0.93406
62 T	0.04852	0.01718	0.9343
63 A	0.04853	0.01686	0.93461
64 A	0.04857	0.01645	0.93499
65 T	0.04881	0.01547	0.93573
66 T	0.04889	0.01449	0.93662
67 G	0.04920	0.01332	0.93748
68 A	0.04944	0.01201	0.93855
69 T	0.05025	0.00950	0.94025
70 A	0.05072	0.00787	0.94141
71 T	0.05145	0.00446	0.94408
72 T	0.05241	0.00230	0.9453
73 T	0.05252	0.00191	0.94557
74 T	0.05254	0.00237	0.94508
75 T	0.05248	0.00310	0.94442
76 T	0.05236	0.00322	0.94442
77 T	0.05215	0.00342	0.94443
78 T	0.05171	0.00390	0.94439
79 T	0.05118	0.00445	0.94438
80 C	0.05063	0.00506	0.94431
81 A	0.05021	0.00574	0.94406
82 A	0.04999	0.00614	0.94387
83 T	0.04989	0.00645	0.94365
84 T	0.04973	0.00664	0.94362
85 T	0.04951	0.00693	0.94356
86 T	0.04901	0.00747	0.94352
87 T	0.04787	0.00870	0.94344
88 C	0.04724	0.00947	0.9433
89 A	0.04680	0.01017	0.94303
90 A	0.04657	0.01062	0.94281
91 A	0.04646	0.01083	0.94271
92 T	0.04643	0.01094	0.94263
93 A	0.04622	0.01132	0.94247
94 A	0.04623	0.01138	0.9424
95 A	0.04639	0.01122	0.94239
96 A	0.04666	0.01092	0.94243
97 T	0.04741	0.00999	0.94261
98 T	0.04822	0.00891	0.94287
99 T	0.04837	0.00850	0.94313
100 T	0.04844	0.00814	0.94343
101 T	0.04846	0.00779	0.94375
102 T	0.04845	0.00748	0.94408
103 A	0.04845	0.00717	0.94439
104 A	0.04855	0.00674	0.94471
105 A	0.04870	0.00633	0.94497
106 T	0.04890	0.00583	0.94527
107 T	0.04892	0.00548	0.9456
108 A	0.04895	0.00511	0.94594
109 A	0.04903	0.00441	0.94656
110 C	0.04917	0.00308	0.94774
111 T	0.04937	0.00252	0.94812
112 T	0.04959	0.00212	0.94828
113 T	0.04977	0.00190	0.94832
114 A	0.04982	0.00183	0.94834
115 G	0.04989	0.00174	0.94837
116 T	0.05005	0.00134	0.94861
117 T	0.05014	0.00115	0.94871
118 A	0.05017	0.00108	0.94874
119 T	0.05027	0.00096	0.94877
120 T	0.05030	0.00090	0.9488
121 C	0.05031	0.00086	0.94883
122 T	0.05034	0.00082	0.94884
123 T	0.05035	0.00080	0.94884
124 T	0.05036	0.00081	0.94883
125 T	0.05035	0.00081	0.94884
126 T	0.05032	0.00082	0.94886
127 T	0.05029	0.00080	0.94892
128 T	0.05023	0.00082	0.94895
129 A	0.05012	0.00091	0.94897
130 G	0.05006	0.00093	0.949
131 G	0.05003	0.00092	0.94905
132 A	0.05001	0.00093	0.94907
133 G	0.05001	0.00091	0.94908
134 G	0.05005	0.00086	0.94909
135 C	0.05013	0.00078	0.9491
136 T	0.05020	0.00072	0.94908
137 A	0.05023	0.00072	0.94904
138 T	0.05027	0.00069	0.94904
139 T	0.05029	0.00068	0.94903
140 T	0.05029	0.00069	0.94902
141 T	0.05029	0.00070	0.949
142 T	0.05027	0.00073	0.949
143 T	0.05024	0.00077	0.94899
144 A	0.05015	0.00090	0.94895
145 G	0.05010	0.00096	0.94895
146 G	0.05009	0.00096	0.94895
147 T	0.05012	0.00092	0.94896
148 T	0.05013	0.00092	0.94895
149 T	0.05012	0.00091	0.94897
150 T	0.05009	0.00095	0.94896
151 T	0.05005	0.00100	0.94895
152 T	0.05000	0.00099	0.949
153 A	0.04992	0.00104	0.94904
154 A	0.04988	0.00106	0.94906
155 A	0.04986	0.00105	0.94909
156 C	0.04985	0.00104	0.94911
157 G	0.04985	0.00105	0.94911
158 G	0.04985	0.00104	0.94911
159 C	0.04988	0.00101	0.94911
160 T	0.04992	0.00097	0.94911
161 T	0.04993	0.00096	0.94911
162 G	0.04994	0.00095	0.9491
163 A	0.04996	0.00094	0.9491
164 T	0.04999	0.00091	0.9491
165 T	0.05000	0.00085	0.94914
166 A	0.05002	0.00080	0.94917
167 T	0.05008	0.00066	0.94926
168 T	0.05010	0.00058	0.94932
169 T	0.05012	0.00054	0.94934
170 G	0.05013	0.00051	0.94936
171 T	0.05017	0.00045	0.94938
172 A	0.05018	0.00042	0.9494
173 T	0.05022	0.00033	0.94944
174 T	0.05025	0.00026	0.94949
175 T	0.05026	0.00024	0.9495
176 T	0.05025	0.00023	0.94952
177 T	0.05021	0.00032	0.94947
178 T	0.05016	0.00039	0.94945
179 A	0.05008	0.00054	0.94939
180 T	0.04992	0.00071	0.94938
181 A	0.04964	0.00102	0.94934
182 C	0.04954	0.00114	0.94933
183 T	0.04947	0.00123	0.9493
184 C	0.04937	0.00135	0.94928
185 T	0.04930	0.00147	0.94923
186 T	0.04923	0.00155	0.94923
187 T	0.04907	0.00172	0.94921
188 G	0.04892	0.00187	0.94921
189 G	0.04888	0.00191	0.94921
190 C	0.04887	0.00193	0.9492
191 A	0.04886	0.00195	0.94919
192 T	0.04886	0.00195	0.94919
193 T	0.04886	0.00195	0.94919
194 T	0.04886	0.00195	0.94918
195 A	0.04884	0.00197	0.94918
196 A	0.04884	0.00197	0.9492
197 C	0.04884	0.00194	0.94922
198 A	0.04885	0.00195	0.9492
199 A	0.04887	0.00192	0.94921
200 G	0.04893	0.00182	0.94925
201 A	0.04895	0.00177	0.94928
202 A	0.04901	0.00164	0.94934
203 G	0.04904	0.00140	0.94956
204 T	0.04911	0.00104	0.94985
205 T	0.04915	0.00087	0.94998
206 T	0.04918	0.00076	0.95006
207 T	0.04919	0.00068	0.95012
208 T	0.04920	0.00061	0.95019
209 A	0.04920	0.00058	0.95022
210 T	0.04920	0.00048	0.95033
211 T	0.04918	0.00046	0.95037
212 C	0.04906	0.00056	0.95038
213 T	0.04898	0.00066	0.95036
214 T	0.04883	0.00081	0.95036
215 T	0.04846	0.00119	0.95035
216 C	0.04758	0.00206	0.95035
217 G	0.04690	0.00281	0.95029
218 C	0.04666	0.00309	0.95024
219 A	0.04657	0.00330	0.95013
220 A	0.04653	0.00340	0.95007
221 T	0.04653	0.00342	0.95005
222 T	0.04651	0.00346	0.95003
223 T	0.04643	0.00354	0.95002
224 T	0.04634	0.00362	0.95004
225 A	0.04617	0.00378	0.95005
226 G	0.04603	0.00391	0.95006
227 C	0.04594	0.00400	0.95006
228 C	0.04578	0.00416	0.95006
229 C	0.04570	0.00428	0.95002
230 A	0.04567	0.00439	0.94993
231 A	0.04567	0.00448	0.94985
232 A	0.04569	0.00458	0.94973
233 G	0.04572	0.00469	0.9496
234 T	0.04578	0.00486	0.94935
235 T	0.04578	0.00490	0.94932
236 T	0.04573	0.00504	0.94924
237 A	0.04559	0.00523	0.94917
238 A	0.04554	0.00519	0.94928
239 A	0.04553	0.00459	0.94987
240 T	0.04560	0.00397	0.95043
241 T	0.04564	0.00378	0.95057
242 T	0.04570	0.00375	0.95055
243 T	0.04566	0.00387	0.95048
244 A	0.04556	0.00408	0.95035
245 A	0.04554	0.00411	0.95035
246 T	0.04553	0.00409	0.95039
247 A	0.04550	0.00403	0.95046
248 A	0.04550	0.00389	0.95062
249 T	0.04550	0.00373	0.95077
250 A	0.04549	0.00364	0.95086
251 C	0.04551	0.00346	0.95104
252 T	0.04555	0.00336	0.95108
253 C	0.04562	0.00326	0.95111
254 A	0.04569	0.00320	0.95111
255 A	0.04583	0.00306	0.95111
256 A	0.04606	0.00282	0.95111
257 T	0.04652	0.00234	0.95113
258 T	0.04692	0.00193	0.95115
259 T	0.04718	0.00157	0.95126
260 T	0.04735	0.00125	0.95139
261 T	0.04749	0.00105	0.95146
262 T	0.04757	0.00092	0.95151
263 T	0.04763	0.00082	0.95155
264 T	0.04770	0.00071	0.95158
265 T	0.04774	0.00064	0.95162
266 C	0.04775	0.00058	0.95167
267 T	0.04782	0.00047	0.95171
268 A	0.04782	0.00046	0.95172
269 T	0.04785	0.00042	0.95173
270 T	0.04785	0.00042	0.95173
271 C	0.04784	0.00045	0.95171
272 T	0.04781	0.00052	0.95167
273 T	0.04761	0.00075	0.95164
274 T	0.04729	0.00111	0.95159
275 T	0.04686	0.00160	0.95153
276 G	0.04604	0.00252	0.95145
277 G	0.04548	0.00317	0.95135
278 A	0.04523	0.00344	0.95133
279 T	0.04505	0.00364	0.9513
280 T	0.04487	0.00384	0.95129
281 A	0.04459	0.00413	0.95127
282 C	0.04439	0.00435	0.95126
283 A	0.04430	0.00454	0.95116
284 T	0.04426	0.00463	0.95111
285 A	0.04422	0.00470	0.95108
286 T	0.04421	0.00470	0.95109
287 T	0.04417	0.00473	0.9511
288 A	0.04407	0.00479	0.95115
289 C	0.04403	0.00475	0.95122
290 C	0.04395	0.00482	0.95124
291 T	0.04391	0.00488	0.95121
292 A	0.04384	0.00503	0.95113
293 A	0.04376	0.00532	0.95092
294 T	0.04357	0.00561	0.95082
295 T	0.04333	0.00589	0.95078
296 T	0.04291	0.00613	0.95096
297 A	0.04209	0.00670	0.95121
298 A	0.04178	0.00667	0.95155
299 T	0.04173	0.00600	0.95228
300 T	0.04154	0.00573	0.95272
301 A	0.04122	0.00587	0.95291
302 T	0.04113	0.00581	0.95306
303 T	0.04095	0.00583	0.95321
304 A	0.04065	0.00594	0.95341
305 G	0.04056	0.00584	0.95361
306 T	0.04062	0.00568	0.9537
307 C	0.04063	0.00559	0.95378
308 T	0.04064	0.00555	0.95381
309 T	0.04061	0.00556	0.95382
310 T	0.04057	0.00558	0.95385
311 C	0.04049	0.00561	0.95389
312 A	0.04043	0.00574	0.95382
313 G	0.04040	0.00576	0.95384
314 G	0.04042	0.00573	0.95384
315 A	0.04051	0.00562	0.95387
316 T	0.04079	0.00526	0.95395
317 T	0.04095	0.00472	0.95433
318 A	0.04104	0.00429	0.95467
319 T	0.04120	0.00367	0.95514
320 G	0.04129	0.00291	0.9558
321 T	0.04137	0.00256	0.95607
322 T	0.04142	0.00254	0.95604
323 T	0.04138	0.00276	0.95586
324 T	0.04111	0.00361	0.95528
325 T	0.04033	0.00493	0.95474
326 A	0.03794	0.00834	0.95371
327 T	0.03588	0.01188	0.95224
328 A	0.03106	0.02030	0.94864
329 A	0.02604	0.02981	0.94415
330 A	0.02177	0.04105	0.93718
331 A	0.01561	0.05240	0.93199
332 A	0.01131	0.06283	0.92586
333 A	0.00949	0.06508	0.92543
334 A	0.00846	0.06629	0.92525
335 A	0.00815	0.06669	0.92515
336 T	0.00810	0.06673	0.92518
337 C	0.00782	0.06700	0.92518
338 A	0.00766	0.06719	0.92515
339 T	0.00758	0.06728	0.92514
340 C	0.00745	0.06742	0.92514
341 A	0.00735	0.06756	0.92508
342 A	0.00732	0.06762	0.92506
343 A	0.00741	0.06757	0.92503
344 T	0.00759	0.06739	0.92502
345 A	0.00773	0.06725	0.92502
346 A	0.00814	0.06652	0.92534
347 T	0.00890	0.06517	0.92593
348 A	0.00937	0.06380	0.92683
349 A	0.01031	0.06074	0.92895
350 A	0.01206	0.05689	0.93105
351 A	0.01559	0.04902	0.93539
352 A	0.02006	0.03991	0.94004
353 A	0.02733	0.02847	0.9442
354 A	0.03257	0.01737	0.95006
355 T	0.03891	0.00643	0.95466
356 T	0.03945	0.00394	0.95661
357 T	0.03967	0.00259	0.95774
358 T	0.03977	0.00209	0.95814
359 T	0.03977	0.00187	0.95836
360 T	0.03976	0.00160	0.95863
361 T	0.03972	0.00148	0.9588
362 T	0.03968	0.00142	0.95891
363 G	0.03960	0.00143	0.95897
364 T	0.03961	0.00136	0.95904
365 G	0.03956	0.00141	0.95903
366 T	0.03956	0.00151	0.95892
367 T	0.03956	0.00179	0.95865
368 T	0.03955	0.00265	0.95779
369 T	0.03950	0.00426	0.95624
370 T	0.03942	0.00521	0.95537
371 T	0.03923	0.00671	0.95406
372 A	0.03893	0.00793	0.95314
373 T	0.03879	0.00854	0.95268
374 T	0.03853	0.00945	0.95202
375 A	0.03823	0.01023	0.95154
376 A	0.03820	0.01052	0.95128
377 T	0.03824	0.01061	0.95115
378 T	0.03826	0.01083	0.95091
379 A	0.03827	0.01112	0.95061
380 A	0.03832	0.01120	0.95048
381 T	0.03846	0.01109	0.95045
382 T	0.03852	0.01110	0.95038
383 T	0.03860	0.01108	0.95033
384 T	0.03862	0.01108	0.9503
385 T	0.03862	0.01112	0.95027
386 T	0.03854	0.01128	0.95018
387 A	0.03767	0.01224	0.95009
388 A	0.03756	0.01238	0.95007
389 G	0.03762	0.01231	0.95007
390 A	0.03791	0.01208	0.95
391 A	0.03891	0.01114	0.94996
392 T	0.04086	0.00913	0.95002
393 G	0.04166	0.00835	0.94999
394 T	0.04303	0.00680	0.95017
395 T	0.04364	0.00599	0.95037
396 A	0.04381	0.00573	0.95046
397 T	0.04424	0.00509	0.95067
398 C	0.04450	0.00459	0.95091
399 T	0.04465	0.00442	0.95093
400 A	0.04456	0.00449	0.95094
401 C	0.04473	0.00432	0.95095
402 T	0.04498	0.00406	0.95096
403 T	0.04502	0.00401	0.95097
404 C	0.04479	0.00424	0.95097
405 T	0.04469	0.00433	0.95098
406 T	0.04443	0.00459	0.95098
407 T	0.04397	0.00501	0.95102
408 A	0.04342	0.00553	0.95105
409 T	0.04281	0.00606	0.95113
410 C	0.04194	0.00607	0.95199
411 T	0.04111	0.00679	0.95209
412 A	0.03995	0.00793	0.95212
413 G	0.03963	0.00821	0.95217
414 T	0.03961	0.00824	0.95216
415 A	0.03952	0.00833	0.95215
416 T	0.03961	0.00809	0.9523
417 T	0.03946	0.00818	0.95235
418 T	0.03935	0.00821	0.95244
419 T	0.03922	0.00826	0.95252
420 T	0.03910	0.00839	0.95252
421 A	0.03887	0.00872	0.95241
422 T	0.03878	0.00890	0.95232
423 T	0.03864	0.00930	0.95206
424 T	0.03815	0.01053	0.95131
425 A	0.03710	0.01241	0.95049
426 T	0.03610	0.01405	0.94985
427 A	0.03386	0.01731	0.94883
428 G	0.03283	0.01843	0.94874
429 A	0.03219	0.01939	0.94842
430 G	0.03198	0.01919	0.94882
431 A	0.03190	0.01900	0.9491
432 G	0.03190	0.01824	0.94986
433 T	0.03194	0.01750	0.95056
434 T	0.03196	0.01694	0.9511
435 A	0.03196	0.01670	0.95134
436 T	0.03197	0.01712	0.95091
437 T	0.03196	0.01910	0.94894
438 A	0.03187	0.02256	0.94557
439 A	0.03175	0.02514	0.94311
440 T	0.03164	0.02748	0.94087
441 A	0.03109	0.03272	0.93619
442 G	0.03054	0.03873	0.93073
443 A	0.02865	0.04554	0.92581
444 A	0.02749	0.05146	0.92105
445 A	0.02702	0.05365	0.91933
446 A	0.02718	0.05403	0.91879
447 A	0.02798	0.05317	0.91885
448 A	0.02880	0.05155	0.91965
449 A	0.02966	0.04982	0.92051
450 T	0.03101	0.04666	0.92233
451 A	0.03141	0.04550	0.92309
452 T	0.03209	0.04429	0.92362
453 T	0.03225	0.04403	0.92372
454 T	0.03230	0.04402	0.92368
455 C	0.03221	0.04425	0.92354
456 A	0.03218	0.04446	0.92337
457 G	0.03232	0.04452	0.92317
458 A	0.03276	0.04427	0.92297
459 A	0.03359	0.04361	0.9228
460 C	0.03592	0.04131	0.92277
461 A	0.03967	0.03768	0.92265
462 A	0.04239	0.03494	0.92266
463 A	0.04519	0.03203	0.92279
464 A	0.05034	0.02646	0.92319
465 T	0.05685	0.01945	0.9237
466 A	0.06167	0.01259	0.92574
467 T	0.06664	0.00623	0.92713
468 T	0.06794	0.00425	0.92781
469 T	0.06827	0.00374	0.928
470 T	0.06839	0.00372	0.9279
471 G	0.06845	0.00379	0.92775
472 A	0.06855	0.00369	0.92777
473 T	0.06879	0.00340	0.9278
474 T	0.06886	0.00329	0.92785
475 T	0.06892	0.00318	0.92791
476 C	0.06896	0.00298	0.92805
477 G	0.06904	0.00287	0.92808
478 G	0.06920	0.00269	0.9281
479 C	0.06945	0.00243	0.92812
480 T	0.06974	0.00225	0.92801
481 T	0.06999	0.00210	0.92791
482 T	0.07015	0.00202	0.92782
483 A	0.07019	0.00212	0.92769
484 T	0.07036	0.00201	0.92762
485 T	0.07043	0.00196	0.9276
486 A	0.07043	0.00207	0.9275
487 T	0.07048	0.00214	0.92738
488 T	0.07047	0.00224	0.92729
489 C	0.07039	0.00252	0.92708
490 A	0.07033	0.00372	0.92595
491 A	0.07035	0.00405	0.92561
492 T	0.07041	0.00414	0.92545
493 T	0.07048	0.00409	0.92543
494 T	0.07048	0.00411	0.92541
495 A	0.07028	0.00430	0.92541
496 A	0.07021	0.00435	0.92544
497 C	0.07020	0.00431	0.92549
498 T	0.07023	0.00426	0.9255
499 T	0.07025	0.00421	0.92553
500 C	0.07024	0.00421	0.92555
501 T	0.07027	0.00419	0.92555
502 T	0.07024	0.00422	0.92554
503 T	0.07007	0.00440	0.92553
504 C	0.06964	0.00488	0.92548
505 A	0.06947	0.00508	0.92546
506 T	0.06948	0.00507	0.92545
507 A	0.06933	0.00521	0.92545
508 A	0.06927	0.00527	0.92546
509 C	0.06938	0.00512	0.9255
510 T	0.06960	0.00486	0.92554
511 A	0.06971	0.00473	0.92557
512 A	0.07002	0.00435	0.92563
513 T	0.07111	0.00318	0.92572
514 T	0.07137	0.00288	0.92575
515 T	0.07145	0.00264	0.92591
516 T	0.07146	0.00249	0.92605
517 T	0.07147	0.00234	0.9262
518 T	0.07146	0.00219	0.92634
519 T	0.07143	0.00215	0.92642
520 T	0.07136	0.00220	0.92643
521 T	0.07129	0.00226	0.92645
522 A	0.07114	0.00237	0.92649
523 G	0.07105	0.00237	0.92658
524 G	0.07101	0.00233	0.92666
525 A	0.07100	0.00227	0.92673
526 G	0.07101	0.00202	0.92697
527 G	0.07106	0.00153	0.92742
528 T	0.07109	0.00134	0.92757
529 T	0.07109	0.00134	0.92757
530 T	0.07109	0.00121	0.9277
531 T	0.07109	0.00114	0.92777
532 T	0.07107	0.00110	0.92782
533 G	0.07105	0.00111	0.92784
534 C	0.07105	0.00110	0.92786
535 G	0.07106	0.00110	0.92784
536 C	0.07106	0.00112	0.92781
537 T	0.07107	0.00125	0.92768
538 T	0.07098	0.00157	0.92744
539 T	0.07077	0.00224	0.927
540 T	0.07053	0.00353	0.92595
541 T	0.07007	0.00613	0.9238
542 A	0.06938	0.00822	0.9224
543 T	0.06872	0.01014	0.92114
544 T	0.06708	0.01278	0.92014
545 T	0.06372	0.01723	0.91906
546 A	0.05514	0.02686	0.918
547 A	0.04974	0.03288	0.91738
548 A	0.04755	0.03537	0.91708
549 A	0.04662	0.03633	0.91705
550 A	0.04589	0.03709	0.91702
551 A	0.04555	0.03745	0.917
552 T	0.04542	0.03760	0.91698
553 C	0.04487	0.03822	0.91691
554 G	0.04414	0.03939	0.91647
555 A	0.04375	0.04012	0.91614
556 T	0.04340	0.04092	0.91568
557 T	0.04327	0.04118	0.91555
558 A	0.04300	0.04154	0.91546
559 A	0.04284	0.04176	0.91541
560 A	0.04296	0.04160	0.91544
561 A	0.04326	0.04113	0.91561
562 G	0.04386	0.04014	0.91601
563 A	0.04524	0.03835	0.91642
564 T	0.04802	0.03451	0.91747
565 A	0.04959	0.03172	0.91869
566 T	0.05138	0.02727	0.92135
567 T	0.05229	0.02366	0.92405
568 T	0.05305	0.01935	0.9276
569 T	0.05348	0.01289	0.93363
570 T	0.05375	0.00901	0.93725
571 G	0.05384	0.00731	0.93885
572 A	0.05389	0.00654	0.93958
573 T	0.05395	0.00574	0.94031
574 A	0.05400	0.00532	0.94069
575 A	0.05408	0.00492	0.941
576 A	0.05430	0.00404	0.94167
577 T	0.05489	0.00242	0.9427
578 A	0.05523	0.00138	0.94338
579 A	0.05581	0.00000	0.94419
