# lcl|CP097583.1_cds_USQ93248.1_1
# AA	inside	membr	outside
1 A	0.52092	0.00000	0.47908
2 T	0.51972	0.00120	0.47908
3 G	0.51879	0.00213	0.47908
4 A	0.51879	0.00565	0.47557
5 G	0.51299	0.01315	0.47385
6 T	0.51299	0.01357	0.47344
7 G	0.50263	0.02419	0.47319
8 A	0.50263	0.02421	0.47317
9 T	0.50152	0.02561	0.47286
10 T	0.50152	0.06516	0.43332
11 T	0.50021	0.06735	0.43244
12 A	0.38204	0.18586	0.4321
13 G	0.26740	0.30182	0.43078
14 T	0.26738	0.30184	0.43078
15 C	0.26738	0.31423	0.41839
16 A	0.26497	0.31664	0.41839
17 A	0.26274	0.31920	0.41806
18 A	0.26265	0.31991	0.41745
19 T	0.26183	0.32118	0.41699
20 T	0.25571	0.34007	0.40422
21 A	0.24194	0.35389	0.40417
22 A	0.24179	0.35666	0.40156
23 T	0.24217	0.35875	0.39907
24 T	0.24137	0.36408	0.39455
25 T	0.23862	0.36633	0.39504
26 G	0.23170	0.37390	0.39439
27 T	0.22815	0.37706	0.39478
28 A	0.21752	0.38584	0.39665
29 C	0.21048	0.39255	0.39697
30 A	0.20921	0.39018	0.40061
31 G	0.20857	0.39083	0.4006
32 A	0.20949	0.38806	0.40245
33 A	0.24462	0.34960	0.40578
34 T	0.24665	0.34492	0.40843
35 G	0.24782	0.22880	0.52338
36 T	0.24909	0.12864	0.62227
37 G	0.24766	0.12843	0.6239
38 G	0.25461	0.12422	0.62117
39 T	0.25124	0.13904	0.60973
40 A	0.24999	0.15829	0.59171
41 G	0.24857	0.16976	0.58167
42 A	0.24763	0.18638	0.566
43 G	0.25134	0.19191	0.55676
44 A	0.24077	0.25225	0.50698
45 A	0.23723	0.29648	0.46629
46 A	0.23929	0.30550	0.45521
47 A	0.24448	0.31451	0.44102
48 T	0.24795	0.30791	0.44415
49 T	0.24835	0.31877	0.43289
50 A	0.24689	0.33670	0.4164
51 T	0.24590	0.33243	0.42167
52 C	0.23551	0.33873	0.42576
53 A	0.22387	0.36033	0.4158
54 T	0.21688	0.37677	0.40635
55 A	0.20924	0.39863	0.39213
56 C	0.20729	0.40082	0.39188
57 T	0.20736	0.40327	0.38937
58 T	0.20595	0.40821	0.38584
59 A	0.20234	0.41314	0.38452
60 C	0.20150	0.41435	0.38415
61 A	0.20251	0.42193	0.37556
62 A	0.20976	0.42064	0.36959
63 A	0.22185	0.41949	0.35866
64 A	0.23792	0.41659	0.3455
65 A	0.25821	0.40182	0.33996
66 T	0.27824	0.37669	0.34507
67 A	0.31273	0.33529	0.35198
68 A	0.33174	0.31236	0.3559
69 G	0.33599	0.30915	0.35486
70 A	0.34538	0.30763	0.34699
71 A	0.33928	0.32763	0.33309
72 A	0.35350	0.31815	0.32835
73 A	0.37031	0.29867	0.33103
74 A	0.37542	0.28963	0.33495
75 A	0.37976	0.27295	0.34729
76 A	0.39479	0.24352	0.36169
77 C	0.40700	0.21799	0.37502
78 T	0.42192	0.19552	0.38256
79 C	0.41867	0.19541	0.38591
80 C	0.41612	0.20220	0.38168
81 T	0.41664	0.20298	0.38038
82 G	0.39630	0.22552	0.37818
83 G	0.39090	0.23090	0.37819
84 A	0.39297	0.22997	0.37706
85 C	0.40065	0.21961	0.37974
86 G	0.41225	0.20681	0.38094
87 T	0.43023	0.19060	0.37916
88 T	0.43658	0.19020	0.37322
89 T	0.43765	0.19892	0.36343
90 A	0.43775	0.20724	0.35501
91 G	0.43935	0.20119	0.35945
92 A	0.44143	0.19567	0.36291
93 A	0.44731	0.18247	0.37022
94 T	0.46061	0.15857	0.38082
95 T	0.46550	0.14965	0.38484
96 T	0.46519	0.14907	0.38574
97 A	0.46383	0.15355	0.38262
98 A	0.46292	0.15589	0.38119
99 A	0.46275	0.15575	0.3815
100 A	0.46288	0.15648	0.38064
101 A	0.46362	0.15569	0.38069
102 A	0.46632	0.14760	0.38607
103 T	0.47372	0.13453	0.39176
104 A	0.47663	0.12753	0.39585
105 T	0.48132	0.10117	0.41752
106 T	0.48419	0.09176	0.42406
107 G	0.48684	0.08408	0.42909
108 T	0.49010	0.07829	0.43161
109 C	0.49532	0.07113	0.43356
110 C	0.50159	0.06421	0.43421
111 T	0.51188	0.05390	0.43423
112 T	0.52269	0.04328	0.43403
113 T	0.52930	0.03687	0.43383
114 T	0.53180	0.03460	0.43359
115 T	0.53337	0.03320	0.43343
116 T	0.53203	0.03388	0.43409
117 G	0.52845	0.03873	0.43282
118 C	0.51936	0.04962	0.43102
119 G	0.50843	0.08180	0.40978
120 T	0.49934	0.09569	0.40497
121 A	0.45548	0.15019	0.39432
122 A	0.42136	0.19385	0.38478
123 A	0.38792	0.23543	0.37666
124 C	0.36143	0.26360	0.37497
125 A	0.33797	0.29379	0.36825
126 T	0.32534	0.30874	0.36592
127 A	0.30172	0.33620	0.36208
128 C	0.29873	0.33978	0.36149
129 T	0.29657	0.34226	0.36117
130 G	0.28983	0.34936	0.3608
131 T	0.28858	0.35062	0.3608
132 T	0.28655	0.35265	0.36079
133 C	0.28633	0.35286	0.3608
134 A	0.28633	0.35283	0.36084
135 C	0.28656	0.35254	0.3609
136 A	0.28681	0.35224	0.36095
137 G	0.28710	0.35184	0.36106
138 A	0.28758	0.35122	0.3612
139 G	0.28931	0.34838	0.36231
140 A	0.29169	0.34466	0.36364
141 A	0.29549	0.33153	0.37297
142 A	0.31394	0.29977	0.3863
143 A	0.31973	0.27855	0.40173
144 A	0.33004	0.22607	0.44388
145 A	0.33993	0.18134	0.47874
146 A	0.34848	0.13670	0.51482
147 A	0.35237	0.10048	0.54716
148 T	0.36063	0.06045	0.57892
149 A	0.36342	0.03850	0.59808
150 A	0.36767	0.00000	0.63233
