# lcl|CP097583.1_cds_USQ93236.1_1
# AA	inside	membr	outside
1 A	0.50299	0.00000	0.49701
2 T	0.50286	0.00012	0.49701
3 G	0.50273	0.00026	0.49701
4 T	0.50273	0.00125	0.49602
5 T	0.50004	0.00581	0.49414
6 A	0.50004	0.00641	0.49355
7 A	0.48471	0.02198	0.49331
8 T	0.48471	0.02198	0.4933
9 T	0.48164	0.02516	0.4932
10 T	0.48163	0.02965	0.48872
11 A	0.47808	0.03369	0.48822
12 T	0.44414	0.06780	0.48806
13 G	0.33895	0.17405	0.487
14 A	0.33893	0.17407	0.487
15 T	0.33893	0.17770	0.48337
16 T	0.33462	0.18201	0.48337
17 T	0.32554	0.19120	0.48325
18 T	0.32511	0.19189	0.483
19 C	0.30081	0.21649	0.48269
20 G	0.22204	0.32215	0.45581
21 T	0.14202	0.40230	0.45568
22 A	0.13584	0.41109	0.45307
23 A	0.12670	0.42214	0.45116
24 A	0.11731	0.43267	0.45002
25 A	0.10897	0.44125	0.44978
26 T	0.10337	0.44668	0.44995
27 A	0.09747	0.45178	0.45074
28 G	0.09648	0.45040	0.45312
29 A	0.09607	0.45023	0.45371
30 A	0.09676	0.43690	0.46633
31 T	0.09704	0.43374	0.46922
32 T	0.09678	0.42857	0.47465
33 A	0.09750	0.42517	0.47733
34 A	0.09689	0.42115	0.48196
35 A	0.09634	0.39192	0.51174
36 A	0.09640	0.30262	0.60099
37 T	0.09609	0.29592	0.608
38 G	0.09797	0.28331	0.61872
39 G	0.09797	0.25846	0.64357
40 C	0.09966	0.22597	0.67436
41 A	0.09983	0.22119	0.67898
42 G	0.10092	0.20633	0.69275
43 T	0.12460	0.15013	0.72527
44 T	0.12492	0.11615	0.75893
45 G	0.12607	0.13021	0.74372
46 A	0.12700	0.12395	0.74905
47 A	0.12743	0.11647	0.75609
48 T	0.12710	0.10979	0.76312
49 T	0.11617	0.11865	0.76519
50 G	0.10417	0.13695	0.75888
51 G	0.08849	0.16101	0.7505
52 G	0.08434	0.19441	0.72126
53 A	0.07952	0.26671	0.65377
54 A	0.07174	0.32579	0.60248
55 A	0.06734	0.38679	0.54586
56 G	0.06698	0.40408	0.52894
57 A	0.06564	0.40917	0.52519
58 A	0.06408	0.41375	0.52217
59 A	0.06313	0.41480	0.52207
60 A	0.06294	0.41488	0.52217
61 C	0.06322	0.41304	0.52374
62 A	0.06483	0.41118	0.52399
63 A	0.06884	0.40689	0.52427
64 A	0.07857	0.39671	0.52471
65 C	0.09081	0.38404	0.52515
66 T	0.10265	0.37215	0.5252
67 T	0.11566	0.35847	0.52588
68 T	0.12563	0.34784	0.52652
69 T	0.12619	0.34692	0.5269
70 A	0.12115	0.35162	0.52724
71 A	0.11804	0.35229	0.52967
72 A	0.11771	0.34135	0.54094
73 A	0.12525	0.32063	0.55411
74 C	0.13622	0.29284	0.57094
75 A	0.16473	0.26262	0.57265
76 A	0.22748	0.19881	0.57371
77 G	0.27726	0.14673	0.57601
78 T	0.33323	0.08973	0.57704
79 T	0.34296	0.08029	0.57675
80 A	0.33784	0.08407	0.57809
81 T	0.33686	0.08324	0.5799
82 G	0.32743	0.09232	0.58025
83 A	0.32443	0.09552	0.58005
84 T	0.32222	0.09680	0.58097
85 T	0.31878	0.09975	0.58148
86 T	0.31360	0.10525	0.58116
87 T	0.30092	0.11828	0.58079
88 A	0.27688	0.14277	0.58035
89 G	0.26209	0.15717	0.58074
90 T	0.25616	0.16274	0.58109
91 A	0.25020	0.16984	0.57996
92 A	0.24733	0.17139	0.58129
93 G	0.24417	0.17025	0.58558
94 A	0.24190	0.16985	0.58825
95 A	0.24040	0.16813	0.59147
96 A	0.24004	0.16446	0.5955
97 A	0.24042	0.16088	0.5987
98 A	0.24212	0.15579	0.60209
99 A	0.24530	0.14762	0.60708
100 T	0.25035	0.13680	0.61285
101 T	0.25343	0.12978	0.61679
102 T	0.25480	0.12205	0.62316
103 T	0.25548	0.11453	0.62999
104 A	0.25583	0.11026	0.6339
105 T	0.25660	0.09965	0.64376
106 T	0.25732	0.09251	0.65017
107 G	0.25766	0.08583	0.65651
108 T	0.25833	0.07685	0.66483
109 T	0.25916	0.06868	0.67216
110 T	0.25968	0.05782	0.68251
111 A	0.26007	0.04165	0.69828
112 G	0.26050	0.03015	0.70935
113 A	0.26119	0.02507	0.71375
114 T	0.26351	0.01763	0.71887
115 A	0.26465	0.01408	0.72127
116 T	0.26616	0.00951	0.72433
117 G	0.26706	0.00658	0.72636
118 T	0.26793	0.00444	0.72763
119 T	0.26821	0.00372	0.72807
120 T	0.26825	0.00352	0.72824
121 C	0.26815	0.00357	0.72828
122 C	0.26808	0.00371	0.72821
123 T	0.26809	0.00374	0.72817
124 T	0.26802	0.00382	0.72815
125 A	0.26790	0.00397	0.72813
126 T	0.26802	0.00387	0.72811
127 C	0.26801	0.00386	0.72813
128 C	0.26777	0.00408	0.72815
129 T	0.26792	0.00394	0.72814
130 T	0.26792	0.00394	0.72815
131 C	0.26777	0.00409	0.72815
132 T	0.26781	0.00406	0.72813
133 T	0.26763	0.00423	0.72814
134 C	0.26739	0.00432	0.72829
135 T	0.26718	0.00453	0.72829
136 G	0.26657	0.00514	0.72828
137 C	0.26554	0.00617	0.7283
138 T	0.26519	0.00656	0.72825
139 G	0.26415	0.00772	0.72813
140 G	0.26318	0.00884	0.72798
141 A	0.26288	0.00918	0.72793
142 T	0.26275	0.00939	0.72785
143 T	0.26254	0.00950	0.72796
144 A	0.26217	0.00972	0.72811
145 C	0.26198	0.00979	0.72824
146 A	0.26187	0.00996	0.72818
147 T	0.26171	0.01005	0.72824
148 A	0.26150	0.01027	0.72824
149 T	0.26140	0.01032	0.72829
150 T	0.26106	0.01056	0.72838
151 G	0.26052	0.01065	0.72883
152 G	0.26032	0.01061	0.72908
153 G	0.26008	0.01065	0.72927
154 C	0.26001	0.01067	0.72932
155 A	0.25996	0.01103	0.72902
156 T	0.25983	0.01139	0.72878
157 A	0.25843	0.01361	0.72796
158 T	0.25750	0.01459	0.72792
159 T	0.25455	0.01765	0.72779
160 G	0.24982	0.02163	0.72855
161 A	0.24797	0.02339	0.72864
162 A	0.24703	0.02358	0.72939
163 G	0.24630	0.02339	0.73031
164 G	0.24590	0.02350	0.7306
165 T	0.24573	0.02373	0.73054
166 T	0.24516	0.02421	0.73063
167 A	0.24451	0.02467	0.73082
168 T	0.24388	0.02509	0.73103
169 A	0.24299	0.02578	0.73124
170 C	0.24252	0.02589	0.73158
171 T	0.24213	0.02604	0.73182
172 G	0.24130	0.02673	0.73197
173 C	0.24098	0.02682	0.73219
174 C	0.24050	0.02711	0.73239
175 A	0.23977	0.02784	0.73239
176 G	0.23954	0.02791	0.73255
177 T	0.23965	0.02777	0.73257
178 G	0.23954	0.02790	0.73256
179 A	0.23979	0.02758	0.73263
180 T	0.24061	0.02484	0.73455
181 A	0.24057	0.02349	0.73594
182 T	0.24108	0.01964	0.73928
183 T	0.24126	0.01544	0.7433
184 G	0.24098	0.01439	0.74463
185 T	0.24085	0.01443	0.74472
186 T	0.24019	0.01658	0.74323
187 A	0.23810	0.02178	0.74012
188 A	0.23219	0.03132	0.73648
189 T	0.22875	0.03610	0.73515
190 A	0.22129	0.04644	0.73227
191 G	0.21879	0.04983	0.73137
192 A	0.21630	0.05415	0.72954
193 T	0.21429	0.05783	0.72787
194 T	0.21196	0.06220	0.72584
195 T	0.20733	0.06954	0.72314
196 A	0.19972	0.08092	0.71937
197 A	0.19605	0.08616	0.71779
198 A	0.19397	0.08846	0.71757
199 A	0.19314	0.08932	0.71755
200 G	0.19269	0.08946	0.71784
201 A	0.19261	0.08908	0.7183
202 A	0.19260	0.08877	0.71863
203 T	0.19266	0.08824	0.71909
204 G	0.19272	0.08766	0.71962
205 C	0.19287	0.08718	0.71995
206 A	0.19303	0.08686	0.7201
207 A	0.19354	0.08583	0.72063
208 G	0.19427	0.08447	0.72126
209 G	0.19646	0.08152	0.72202
210 A	0.19999	0.07659	0.72342
211 T	0.20464	0.06531	0.73005
212 A	0.20683	0.05933	0.73384
213 T	0.21071	0.04780	0.74148
214 A	0.21216	0.04370	0.74414
215 A	0.21470	0.03741	0.74789
216 T	0.21774	0.02938	0.75289
217 G	0.22019	0.02391	0.7559
218 T	0.22347	0.01730	0.75923
219 T	0.22668	0.00964	0.76368
220 T	0.22800	0.00612	0.76588
221 T	0.22841	0.00445	0.76714
222 T	0.22859	0.00365	0.76775
223 C	0.22857	0.00327	0.76817
224 A	0.22856	0.00317	0.76826
225 T	0.22862	0.00297	0.76842
226 C	0.22867	0.00282	0.76851
227 C	0.22873	0.00272	0.76855
228 T	0.22879	0.00267	0.76854
229 T	0.22882	0.00261	0.76857
230 T	0.22875	0.00269	0.76855
231 T	0.22871	0.00278	0.76852
232 G	0.22866	0.00284	0.76849
233 G	0.22866	0.00281	0.76854
234 T	0.22874	0.00273	0.76854
235 T	0.22875	0.00273	0.76851
236 G	0.22865	0.00288	0.76847
237 G	0.22866	0.00307	0.76826
238 G	0.22866	0.00331	0.76803
239 A	0.22874	0.00370	0.76755
240 T	0.22915	0.00355	0.76731
241 T	0.22912	0.00399	0.76689
242 C	0.22901	0.00468	0.76631
243 T	0.22888	0.00561	0.76551
244 T	0.22776	0.00852	0.76371
245 T	0.21716	0.02052	0.76233
246 T	0.20333	0.03610	0.76057
247 G	0.19523	0.04604	0.75873
248 G	0.18929	0.05312	0.75759
249 A	0.18492	0.05764	0.75744
250 T	0.18331	0.05923	0.75745
251 T	0.18176	0.06077	0.75748
252 A	0.17797	0.06453	0.75751
253 C	0.17492	0.06748	0.7576
254 C	0.17171	0.07064	0.75766
255 C	0.16791	0.07443	0.75766
256 G	0.16662	0.07573	0.75766
257 C	0.16584	0.07652	0.75764
258 C	0.16517	0.07719	0.75764
259 G	0.16451	0.07786	0.75763
260 A	0.16412	0.07829	0.75758
261 A	0.16374	0.07868	0.75757
262 C	0.16380	0.07866	0.75755
263 A	0.16368	0.07892	0.7574
264 A	0.16362	0.07850	0.75788
265 T	0.16397	0.07783	0.7582
266 A	0.16375	0.07777	0.75849
267 T	0.16564	0.07433	0.76003
268 G	0.16653	0.05649	0.77699
269 C	0.16788	0.03551	0.79661
270 T	0.16896	0.02946	0.80158
271 T	0.16909	0.03393	0.79698
272 T	0.16605	0.06729	0.76666
273 A	0.13967	0.12519	0.73514
274 A	0.11605	0.15255	0.7314
275 A	0.09935	0.16738	0.73327
276 A	0.08948	0.17471	0.73581
277 A	0.08337	0.17772	0.73891
278 C	0.08117	0.17607	0.74276
279 A	0.07816	0.17991	0.74193
280 G	0.07687	0.18312	0.74
281 G	0.07627	0.18664	0.73708
282 A	0.07599	0.18945	0.73456
283 A	0.07553	0.19154	0.73293
284 A	0.07538	0.19214	0.73248
285 A	0.07505	0.19192	0.73303
286 A	0.07491	0.19119	0.7339
287 A	0.07503	0.18996	0.735
288 T	0.07503	0.18869	0.73628
289 C	0.07462	0.18814	0.73724
290 C	0.07432	0.18855	0.73714
291 G	0.07399	0.19016	0.73585
292 A	0.07408	0.19115	0.73477
293 A	0.07552	0.19019	0.73429
294 A	0.08180	0.18413	0.73407
295 T	0.11459	0.14866	0.73675
296 A	0.14283	0.09325	0.76392
297 T	0.14769	0.06305	0.78926
298 T	0.14841	0.04533	0.80625
299 T	0.14826	0.03659	0.81515
300 C	0.14751	0.03337	0.81912
301 A	0.14673	0.03497	0.8183
302 C	0.14774	0.03264	0.81961
303 T	0.15046	0.03012	0.81942
304 T	0.15283	0.02808	0.81909
305 A	0.15153	0.03203	0.81644
306 T	0.14807	0.03767	0.81425
307 G	0.12955	0.06055	0.80991
308 A	0.12095	0.07345	0.80561
309 G	0.11960	0.07763	0.80278
310 A	0.11916	0.08850	0.79234
311 A	0.11881	0.09814	0.78305
312 T	0.11904	0.10204	0.77892
313 A	0.11764	0.10510	0.77726
314 T	0.11134	0.11243	0.77622
315 A	0.08539	0.14204	0.77258
316 G	0.06616	0.16478	0.76906
317 A	0.06094	0.17362	0.76544
318 A	0.05722	0.18077	0.76202
319 A	0.05642	0.18239	0.76118
320 A	0.05660	0.18267	0.76073
321 T	0.05788	0.18097	0.76115
322 T	0.05762	0.18075	0.76162
323 T	0.05553	0.18236	0.76212
324 T	0.05128	0.18618	0.76253
325 A	0.04345	0.19419	0.76236
326 A	0.03836	0.19899	0.76265
327 A	0.03357	0.20229	0.76414
328 A	0.03128	0.20138	0.76733
329 A	0.02949	0.19860	0.7719
330 A	0.03146	0.18135	0.78718
331 C	0.03561	0.16948	0.79491
332 A	0.03700	0.16781	0.79518
333 A	0.04418	0.16097	0.79486
334 A	0.05108	0.15386	0.79506
335 T	0.05489	0.14886	0.79625
336 A	0.05227	0.14998	0.79774
337 A	0.05003	0.14302	0.80695
338 A	0.05097	0.11671	0.83231
339 G	0.05257	0.09508	0.85236
340 A	0.05517	0.08602	0.85881
341 T	0.05873	0.07674	0.86453
342 G	0.05892	0.07464	0.86643
343 T	0.05933	0.07314	0.86753
344 T	0.05838	0.07316	0.86846
345 A	0.05455	0.07534	0.87011
346 G	0.05140	0.07488	0.87371
347 G	0.04909	0.07496	0.87595
348 T	0.04883	0.07247	0.8787
349 A	0.04598	0.07750	0.87651
350 A	0.04287	0.08275	0.87439
351 A	0.04122	0.08294	0.87584
352 G	0.04061	0.08094	0.87845
353 G	0.04018	0.07967	0.88015
354 A	0.04017	0.07873	0.8811
355 G	0.04072	0.07573	0.88355
356 T	0.04176	0.07302	0.88523
357 T	0.04222	0.07194	0.88584
358 A	0.04228	0.07150	0.88622
359 A	0.04238	0.06811	0.88951
360 T	0.04250	0.06435	0.89315
361 T	0.04252	0.06215	0.89533
362 G	0.04253	0.06079	0.89668
363 G	0.04260	0.06089	0.89652
364 G	0.04274	0.06376	0.8935
365 A	0.04310	0.06639	0.89052
366 T	0.04377	0.06762	0.88861
367 A	0.04443	0.07044	0.88513
368 A	0.04521	0.06807	0.88673
369 A	0.04627	0.06466	0.88907
370 G	0.04889	0.05971	0.8914
371 A	0.05233	0.05581	0.89186
372 A	0.05889	0.04665	0.89447
373 T	0.06695	0.03565	0.8974
374 T	0.06974	0.03142	0.89884
375 A	0.07096	0.02964	0.8994
376 T	0.07218	0.02787	0.89995
377 C	0.07243	0.02734	0.90023
378 T	0.07276	0.02696	0.90028
379 A	0.07287	0.02684	0.90029
380 C	0.07374	0.02594	0.90032
381 T	0.07474	0.02492	0.90033
382 T	0.07507	0.02458	0.90034
383 C	0.07505	0.02455	0.9004
384 C	0.07531	0.02427	0.90042
385 G	0.07610	0.02348	0.90042
386 A	0.07771	0.02185	0.90044
387 T	0.08218	0.01735	0.90047
388 C	0.08609	0.01344	0.90048
389 C	0.08927	0.01023	0.90049
390 T	0.09404	0.00541	0.90055
391 T	0.09526	0.00419	0.90055
392 A	0.09544	0.00409	0.90048
393 T	0.09590	0.00365	0.90045
394 T	0.09622	0.00332	0.90047
395 T	0.09623	0.00321	0.90056
396 T	0.09601	0.00335	0.90064
397 T	0.09565	0.00359	0.90076
398 A	0.09523	0.00387	0.9009
399 T	0.09496	0.00393	0.9011
400 G	0.09430	0.00444	0.90127
401 G	0.09373	0.00492	0.90135
402 T	0.09328	0.00538	0.90135
403 T	0.09247	0.00615	0.90138
404 G	0.09136	0.00734	0.90131
405 G	0.09080	0.00772	0.90148
406 A	0.09043	0.00789	0.90168
407 C	0.09020	0.00782	0.90198
408 T	0.09009	0.00788	0.90203
409 C	0.08983	0.00814	0.90203
410 A	0.08964	0.00836	0.902
411 A	0.08957	0.00844	0.90199
412 T	0.08953	0.00849	0.90197
413 G	0.08946	0.00858	0.90196
414 G	0.08949	0.00855	0.90196
415 T	0.08961	0.00824	0.90215
416 T	0.08963	0.00809	0.90229
417 T	0.08960	0.00806	0.90234
418 T	0.08946	0.00843	0.90211
419 T	0.08813	0.01048	0.90139
420 T	0.08557	0.01365	0.90078
421 A	0.08070	0.01915	0.90014
422 A	0.07550	0.02481	0.89969
423 A	0.07368	0.02661	0.89971
424 A	0.07312	0.02700	0.89988
425 A	0.07291	0.02683	0.90026
426 A	0.07287	0.02618	0.90094
427 T	0.07300	0.02506	0.90194
428 T	0.07297	0.02462	0.90241
429 T	0.07270	0.02464	0.90267
430 T	0.07226	0.02494	0.9028
431 A	0.07105	0.02613	0.90282
432 T	0.07035	0.02662	0.90303
433 G	0.06829	0.02856	0.90314
434 A	0.06672	0.03013	0.90316
435 A	0.06577	0.03110	0.90313
436 C	0.06486	0.03200	0.90314
437 A	0.06400	0.03298	0.90302
438 T	0.06388	0.03316	0.90296
439 A	0.06361	0.03345	0.90294
440 A	0.06358	0.03343	0.90299
441 A	0.06405	0.03279	0.90316
442 T	0.06524	0.02920	0.90556
443 T	0.06584	0.02569	0.90847
444 A	0.06582	0.02139	0.91279
445 G	0.06604	0.01665	0.91732
446 C	0.06637	0.01471	0.91892
447 T	0.06663	0.01444	0.91893
448 G	0.06649	0.01489	0.91862
449 T	0.06655	0.01504	0.9184
450 T	0.06638	0.01530	0.91832
451 T	0.06591	0.01594	0.91815
452 T	0.06492	0.01671	0.91837
453 A	0.06324	0.01807	0.91869
454 G	0.06237	0.01782	0.91981
455 A	0.06204	0.01747	0.92048
456 A	0.06183	0.01588	0.9223
457 G	0.06174	0.01444	0.92382
458 A	0.06173	0.01375	0.92451
459 T	0.06176	0.01295	0.92529
460 G	0.06155	0.01258	0.92587
461 T	0.06133	0.01275	0.92591
462 A	0.06088	0.01315	0.92597
463 G	0.06076	0.01315	0.92609
464 A	0.06074	0.01319	0.92607
465 A	0.06070	0.01321	0.92609
466 G	0.06075	0.01294	0.9263
467 T	0.06098	0.01228	0.92675
468 T	0.06105	0.01239	0.92657
469 A	0.06106	0.01275	0.92618
470 A	0.06134	0.01294	0.92572
471 T	0.06189	0.01249	0.92562
472 T	0.06214	0.01205	0.92581
473 T	0.06223	0.01166	0.92611
474 T	0.06184	0.01167	0.92649
475 T	0.06104	0.01187	0.92709
476 G	0.05916	0.01291	0.92793
477 T	0.05747	0.01433	0.92821
478 G	0.05586	0.01610	0.92804
479 A	0.05506	0.01728	0.92767
480 A	0.05474	0.01814	0.92712
481 A	0.05472	0.01867	0.92661
482 A	0.05479	0.01866	0.92655
483 A	0.05483	0.01847	0.9267
484 T	0.05494	0.01822	0.92683
485 T	0.05490	0.01805	0.92704
486 A	0.05461	0.01851	0.92689
487 G	0.05434	0.01874	0.92693
488 G	0.05417	0.01899	0.92685
489 A	0.05391	0.01945	0.92664
490 A	0.05397	0.01946	0.92657
491 C	0.05434	0.01900	0.92666
492 A	0.05482	0.01858	0.9266
493 G	0.05560	0.01778	0.92662
494 T	0.05654	0.01677	0.92669
495 T	0.05697	0.01622	0.92682
496 T	0.05716	0.01578	0.92705
497 T	0.05725	0.01443	0.92832
498 G	0.05722	0.01310	0.92968
499 G	0.05731	0.01096	0.93173
500 C	0.05756	0.00916	0.93328
501 T	0.05792	0.00806	0.93402
502 A	0.05832	0.00752	0.93416
503 A	0.05893	0.00689	0.93419
504 T	0.05947	0.00636	0.93417
505 G	0.05843	0.00776	0.93381
506 A	0.05748	0.00939	0.93313
507 T	0.05725	0.01031	0.93243
508 G	0.05684	0.01208	0.93108
509 A	0.05689	0.01347	0.92964
510 A	0.05687	0.01458	0.92855
511 A	0.05705	0.01500	0.92796
512 T	0.05740	0.01470	0.9279
513 T	0.05751	0.01491	0.92758
514 A	0.05727	0.01514	0.92759
515 T	0.05728	0.01507	0.92765
516 T	0.05714	0.01518	0.92769
517 T	0.05698	0.01529	0.92772
518 C	0.05677	0.01547	0.92777
519 T	0.05648	0.01573	0.92779
520 A	0.05595	0.01626	0.9278
521 C	0.05543	0.01673	0.92784
522 C	0.05300	0.01927	0.92773
523 G	0.05086	0.02179	0.92735
524 A	0.04926	0.02391	0.92682
525 A	0.04855	0.02508	0.92637
526 A	0.04825	0.02578	0.92596
527 A	0.04828	0.02567	0.92604
528 A	0.04872	0.02394	0.92735
529 G	0.04989	0.02153	0.92858
530 G	0.05110	0.01982	0.92907
531 C	0.05278	0.01763	0.92959
532 A	0.05431	0.01623	0.92945
533 T	0.05583	0.01468	0.92949
534 T	0.05659	0.01394	0.92947
535 T	0.05686	0.01364	0.92949
536 T	0.05697	0.01350	0.92953
537 T	0.05690	0.01325	0.92985
538 T	0.05673	0.01327	0.93
539 C	0.05636	0.01340	0.93024
540 G	0.05556	0.01430	0.93014
541 G	0.05500	0.01481	0.93018
542 A	0.05472	0.01522	0.93005
543 A	0.05442	0.01546	0.93012
544 A	0.05397	0.01566	0.93037
545 G	0.05383	0.01321	0.93296
546 A	0.05399	0.01101	0.935
547 G	0.05385	0.00961	0.93654
548 G	0.05409	0.00902	0.93689
549 T	0.05439	0.00909	0.93653
550 A	0.05412	0.01045	0.93544
551 A	0.05394	0.01150	0.93456
552 T	0.05384	0.01158	0.93458
553 T	0.05325	0.01212	0.93462
554 A	0.05204	0.01337	0.93459
555 T	0.05096	0.01444	0.93461
556 C	0.04862	0.01683	0.93455
557 C	0.04588	0.01968	0.93444
558 A	0.04412	0.02177	0.9341
559 G	0.04245	0.02392	0.93363
560 T	0.04143	0.02501	0.93357
561 C	0.03997	0.02646	0.93357
562 G	0.03874	0.02774	0.93352
563 T	0.03665	0.02957	0.93378
564 C	0.03295	0.03389	0.93316
565 A	0.03009	0.03825	0.93166
566 A	0.02859	0.04066	0.93075
567 A	0.02778	0.04172	0.9305
568 A	0.02729	0.04222	0.93049
569 A	0.02694	0.04254	0.93053
570 G	0.02665	0.04213	0.93122
571 A	0.02659	0.04230	0.93111
572 A	0.02676	0.04262	0.93062
573 A	0.02710	0.04293	0.92997
574 A	0.02762	0.04249	0.92989
575 A	0.02762	0.04239	0.92998
576 G	0.02758	0.04147	0.93095
577 A	0.02761	0.04015	0.93224
578 A	0.02768	0.03842	0.93389
579 A	0.02788	0.03585	0.93627
580 C	0.02811	0.03262	0.93927
581 A	0.02852	0.03124	0.94024
582 A	0.02901	0.02922	0.94177
583 T	0.02923	0.02761	0.94316
584 G	0.02921	0.02639	0.9444
585 G	0.02962	0.02507	0.94531
586 G	0.03041	0.02139	0.9482
587 T	0.03182	0.01628	0.9519
588 T	0.03307	0.01271	0.95423
589 T	0.03371	0.01200	0.95429
590 T	0.03381	0.01245	0.95374
591 A	0.03332	0.01529	0.95139
592 A	0.03231	0.01872	0.94897
593 A	0.03162	0.01938	0.94901
594 A	0.03153	0.01919	0.94928
595 A	0.03210	0.01809	0.94982
596 T	0.03312	0.01634	0.95054
597 C	0.03335	0.01569	0.95096
598 A	0.03353	0.01546	0.95101
599 C	0.03359	0.01534	0.95107
600 T	0.03368	0.01536	0.95096
601 A	0.03348	0.01584	0.95069
602 A	0.03338	0.01624	0.95038
603 T	0.03351	0.01611	0.95038
604 T	0.03354	0.01616	0.9503
605 A	0.03335	0.01621	0.95044
606 T	0.03328	0.01611	0.95061
607 C	0.03288	0.01630	0.95083
608 T	0.03262	0.01653	0.95085
609 C	0.03226	0.01690	0.95084
610 G	0.03197	0.01746	0.95057
611 A	0.03225	0.01734	0.95041
612 T	0.03350	0.01613	0.95037
613 A	0.03418	0.01533	0.95048
614 G	0.03629	0.01277	0.95094
615 G	0.03876	0.00917	0.95207
616 T	0.03926	0.00786	0.95288
617 T	0.03934	0.00740	0.95326
618 G	0.03913	0.00765	0.95322
619 T	0.03901	0.00802	0.95297
620 T	0.03859	0.00859	0.95282
621 A	0.03776	0.00957	0.95267
622 A	0.03744	0.01009	0.95246
623 A	0.03739	0.01038	0.95223
624 A	0.03757	0.01012	0.95231
625 G	0.03785	0.00965	0.9525
626 A	0.03798	0.00946	0.95256
627 T	0.03816	0.00903	0.95281
628 T	0.03820	0.00873	0.95307
629 T	0.03821	0.00855	0.95324
630 A	0.03820	0.00823	0.95356
631 G	0.03822	0.00782	0.95396
632 A	0.03826	0.00745	0.95429
633 T	0.03856	0.00669	0.95475
634 T	0.03871	0.00637	0.95492
635 T	0.03859	0.00650	0.95491
636 A	0.03799	0.00714	0.95488
637 T	0.03758	0.00748	0.95494
638 T	0.03692	0.00840	0.95468
639 A	0.03613	0.01003	0.95384
640 G	0.03555	0.01117	0.95328
641 A	0.03537	0.01159	0.95305
642 T	0.03541	0.01168	0.95292
643 T	0.03518	0.01154	0.95328
644 G	0.03480	0.01132	0.95388
645 G	0.03487	0.01106	0.95406
646 T	0.03516	0.01070	0.95414
647 C	0.03518	0.01068	0.95414
648 T	0.03527	0.01062	0.95411
649 G	0.03523	0.01072	0.95405
650 T	0.03490	0.01116	0.95393
651 T	0.03380	0.01240	0.95381
652 C	0.03165	0.01480	0.95354
653 A	0.03033	0.01656	0.95311
654 A	0.02976	0.01728	0.95296
655 T	0.02940	0.01774	0.95286
656 T	0.02857	0.01869	0.95274
657 A	0.02686	0.02057	0.95256
658 A	0.02592	0.02142	0.95266
659 A	0.02559	0.02117	0.95325
660 A	0.02525	0.02108	0.95367
661 G	0.02547	0.02020	0.95434
662 A	0.02641	0.01865	0.95494
663 T	0.02722	0.01713	0.95565
664 A	0.02759	0.01628	0.95613
665 T	0.02789	0.01558	0.95654
666 T	0.02772	0.01547	0.95682
667 C	0.02590	0.01712	0.95699
668 A	0.02311	0.02104	0.95586
669 A	0.02040	0.02515	0.95445
670 A	0.01784	0.02951	0.95265
671 A	0.01607	0.03323	0.9507
672 A	0.01521	0.03608	0.94871
673 A	0.01471	0.03812	0.94717
674 A	0.01446	0.03782	0.94772
675 T	0.01459	0.03557	0.94984
676 T	0.01470	0.03463	0.95067
677 G	0.01445	0.03505	0.95049
678 G	0.01422	0.03653	0.94925
679 A	0.01407	0.03774	0.94818
680 T	0.01410	0.03665	0.94925
681 A	0.01394	0.03617	0.94989
682 G	0.01387	0.03581	0.95031
683 G	0.01388	0.03551	0.95061
684 C	0.01389	0.03543	0.95067
685 A	0.01393	0.03560	0.95047
686 A	0.01395	0.03570	0.95035
687 A	0.01400	0.03566	0.95033
688 A	0.01410	0.03552	0.95038
689 A	0.01427	0.03521	0.95052
690 A	0.01465	0.03282	0.95253
691 A	0.01580	0.02883	0.95536
692 A	0.01727	0.02457	0.95816
693 A	0.01917	0.02002	0.9608
694 G	0.02130	0.01588	0.96282
695 G	0.02372	0.01240	0.96388
696 T	0.02691	0.00848	0.9646
697 T	0.02858	0.00635	0.96507
698 T	0.02936	0.00535	0.96529
699 T	0.02988	0.00467	0.96544
700 A	0.03025	0.00410	0.96565
701 T	0.03121	0.00284	0.96595
702 T	0.03220	0.00165	0.96615
703 T	0.03235	0.00139	0.96626
704 T	0.03244	0.00114	0.96642
705 T	0.03237	0.00113	0.96651
706 T	0.03212	0.00137	0.96651
707 C	0.03175	0.00173	0.96651
708 C	0.03149	0.00201	0.9665
709 T	0.03133	0.00219	0.96649
710 T	0.03104	0.00248	0.96648
711 T	0.03069	0.00285	0.96647
712 C	0.03003	0.00353	0.96645
713 C	0.02963	0.00395	0.96642
714 T	0.02947	0.00422	0.96632
715 G	0.02927	0.00455	0.96619
716 T	0.02902	0.00490	0.96608
717 T	0.02887	0.00512	0.96601
718 T	0.02873	0.00528	0.966
719 T	0.02840	0.00563	0.96596
720 A	0.02800	0.00607	0.96592
721 T	0.02771	0.00642	0.96586
722 C	0.02720	0.00705	0.96575
723 A	0.02682	0.00841	0.96478
724 G	0.02659	0.00922	0.96419
725 A	0.02653	0.00969	0.96378
726 A	0.02648	0.00994	0.96358
727 A	0.02645	0.01004	0.96351
728 A	0.02647	0.00984	0.96369
729 T	0.02652	0.00945	0.96403
730 A	0.02655	0.00899	0.96447
731 A	0.02658	0.00843	0.96499
732 T	0.02661	0.00781	0.96557
733 C	0.02663	0.00724	0.96614
734 A	0.02665	0.00700	0.96636
735 T	0.02670	0.00651	0.96679
736 G	0.02673	0.00626	0.967
737 T	0.02683	0.00610	0.96707
738 T	0.02695	0.00596	0.96709
739 T	0.02702	0.00576	0.96722
740 T	0.02703	0.00605	0.96692
741 A	0.02695	0.00722	0.96583
742 G	0.02692	0.00851	0.96457
743 A	0.02693	0.00936	0.96371
744 A	0.02689	0.01038	0.96272
745 A	0.02713	0.01065	0.96221
746 T	0.02825	0.00925	0.96251
747 T	0.02873	0.00867	0.9626
748 T	0.02891	0.00843	0.96266
749 T	0.02887	0.00843	0.9627
750 C	0.02822	0.00908	0.96271
751 A	0.02785	0.00945	0.9627
752 C	0.02761	0.00969	0.9627
753 T	0.02744	0.00987	0.96269
754 A	0.02711	0.01022	0.96268
755 C	0.02682	0.01053	0.96264
756 T	0.02664	0.01074	0.96262
757 A	0.02633	0.01105	0.96262
758 A	0.02603	0.01135	0.96261
759 A	0.02587	0.01151	0.96262
760 C	0.02586	0.01151	0.96262
761 C	0.02598	0.01138	0.96264
762 A	0.02629	0.01110	0.96262
763 A	0.02700	0.01037	0.96262
764 G	0.02844	0.00888	0.96267
765 T	0.03032	0.00698	0.96269
766 A	0.03122	0.00604	0.96274
767 C	0.03221	0.00483	0.96296
768 T	0.03291	0.00408	0.96302
769 A	0.03296	0.00400	0.96305
770 T	0.03305	0.00381	0.96315
771 T	0.03307	0.00369	0.96324
772 T	0.03308	0.00358	0.96334
773 T	0.03306	0.00286	0.96407
774 T	0.03303	0.00245	0.96452
775 G	0.03300	0.00219	0.96481
776 G	0.03298	0.00204	0.96497
777 A	0.03299	0.00179	0.96521
778 G	0.03301	0.00150	0.96549
779 T	0.03304	0.00133	0.96563
780 A	0.03304	0.00116	0.9658
781 A	0.03304	0.00092	0.96604
782 G	0.03305	0.00073	0.96622
783 T	0.03305	0.00066	0.96628
784 G	0.03306	0.00068	0.96627
785 C	0.03309	0.00066	0.96626
786 T	0.03309	0.00079	0.96611
787 T	0.03309	0.00107	0.96584
788 T	0.03309	0.00125	0.96566
789 A	0.03308	0.00140	0.96552
790 G	0.03307	0.00147	0.96546
791 T	0.03306	0.00158	0.96535
792 T	0.03296	0.00184	0.9652
793 T	0.03274	0.00207	0.96519
794 T	0.03251	0.00231	0.96517
795 A	0.03200	0.00282	0.96519
796 G	0.03154	0.00325	0.96521
797 C	0.03131	0.00345	0.96524
798 T	0.03115	0.00359	0.96525
799 C	0.03092	0.00382	0.96525
800 C	0.03074	0.00402	0.96525
801 A	0.03057	0.00419	0.96525
802 G	0.03051	0.00424	0.96524
803 A	0.03053	0.00423	0.96525
804 G	0.03054	0.00422	0.96525
805 C	0.03060	0.00415	0.96525
806 A	0.03069	0.00405	0.96525
807 T	0.03086	0.00388	0.96526
808 C	0.03093	0.00380	0.96527
809 C	0.03108	0.00365	0.96527
810 T	0.03130	0.00344	0.96526
811 T	0.03139	0.00337	0.96524
812 T	0.03136	0.00344	0.9652
813 A	0.03110	0.00376	0.96514
814 G	0.03087	0.00402	0.96511
815 T	0.03066	0.00409	0.96525
816 T	0.03009	0.00448	0.96543
817 G	0.02938	0.00504	0.96558
818 A	0.02905	0.00508	0.96587
819 T	0.02885	0.00494	0.96622
820 G	0.02857	0.00508	0.96636
821 T	0.02838	0.00522	0.9664
822 T	0.02808	0.00562	0.9663
823 T	0.02756	0.00654	0.9659
824 T	0.02703	0.00740	0.96557
825 A	0.02562	0.00920	0.96519
826 A	0.02501	0.01019	0.9648
827 T	0.02466	0.01069	0.96464
828 T	0.02385	0.01179	0.96436
829 A	0.02272	0.01331	0.96398
830 A	0.02227	0.01411	0.96362
831 A	0.02123	0.01544	0.96333
832 A	0.02020	0.01687	0.96293
833 A	0.01938	0.01803	0.9626
834 A	0.01918	0.01833	0.96249
835 G	0.01898	0.01845	0.96257
836 A	0.01888	0.01841	0.96271
837 A	0.01886	0.01811	0.96303
838 T	0.01902	0.01755	0.96344
839 T	0.01910	0.01695	0.96395
840 T	0.01912	0.01640	0.96449
841 A	0.01903	0.01623	0.96474
842 T	0.01908	0.01592	0.965
843 T	0.01911	0.01558	0.9653
844 G	0.01915	0.01523	0.96563
845 A	0.01943	0.01451	0.96606
846 T	0.02006	0.01308	0.96686
847 T	0.02040	0.01211	0.96749
848 C	0.02058	0.01060	0.96883
849 T	0.02078	0.00991	0.96931
850 G	0.02073	0.00958	0.9697
851 T	0.02084	0.00894	0.97022
852 C	0.02095	0.00836	0.97068
853 A	0.02118	0.00844	0.97037
854 A	0.02144	0.00769	0.97088
855 A	0.02183	0.00661	0.97155
856 T	0.02217	0.00582	0.97201
857 T	0.02222	0.00640	0.97138
858 A	0.02199	0.00761	0.97041
859 T	0.02193	0.00871	0.96936
860 A	0.02131	0.01110	0.96759
861 T	0.02051	0.01307	0.96642
862 T	0.01999	0.01606	0.96394
863 T	0.01849	0.02209	0.95943
864 A	0.01537	0.03192	0.95272
865 G	0.01257	0.04112	0.9463
866 A	0.01066	0.04657	0.94277
867 A	0.00816	0.05078	0.94106
868 G	0.00704	0.05202	0.94093
869 A	0.00596	0.05324	0.9408
870 A	0.00511	0.05410	0.94078
871 A	0.00426	0.05487	0.94087
872 C	0.00409	0.05491	0.941
873 A	0.00398	0.05538	0.94064
874 A	0.00396	0.05580	0.94024
875 A	0.00399	0.05622	0.9398
876 G	0.00418	0.05644	0.93938
877 A	0.00409	0.05735	0.93856
878 A	0.00412	0.05759	0.93829
879 A	0.00420	0.05767	0.93812
880 A	0.00489	0.05680	0.9383
881 A	0.00613	0.05518	0.93868
882 A	0.00745	0.05335	0.93919
883 A	0.00936	0.05018	0.94045
884 C	0.01111	0.04624	0.94264
885 A	0.01403	0.04278	0.9432
886 G	0.01884	0.03662	0.94453
887 A	0.02568	0.02804	0.94628
888 T	0.03221	0.01934	0.94845
889 T	0.03415	0.01619	0.94967
890 T	0.03374	0.01419	0.95207
891 A	0.02986	0.01718	0.95296
892 A	0.02421	0.02185	0.95395
893 A	0.01732	0.02800	0.95469
894 C	0.01058	0.03387	0.95555
895 A	0.00839	0.03664	0.95496
896 G	0.00771	0.03801	0.95428
897 A	0.00746	0.04013	0.95241
898 A	0.00768	0.04185	0.95048
899 A	0.00799	0.04217	0.94984
900 T	0.00847	0.04166	0.94987
901 A	0.00831	0.04198	0.94971
902 T	0.00833	0.04171	0.94996
903 T	0.00794	0.04202	0.95004
904 A	0.00706	0.04293	0.95001
905 A	0.00645	0.04335	0.9502
906 T	0.00562	0.04392	0.95046
907 A	0.00446	0.04493	0.95061
908 A	0.00367	0.04554	0.95079
909 G	0.00335	0.04557	0.95108
910 G	0.00322	0.04539	0.95139
911 A	0.00310	0.04520	0.9517
912 A	0.00305	0.04460	0.95235
913 A	0.00306	0.04304	0.9539
914 A	0.00316	0.03907	0.95777
915 A	0.00332	0.03327	0.96342
916 A	0.00354	0.02615	0.9703
917 C	0.00387	0.01895	0.97718
918 A	0.00467	0.01668	0.97865
919 G	0.00562	0.01479	0.97959
920 G	0.00760	0.01230	0.98009
921 T	0.00991	0.00973	0.98036
922 G	0.01059	0.00890	0.98052
923 T	0.01121	0.00767	0.98112
924 T	0.01158	0.00668	0.98174
925 T	0.01172	0.00627	0.98201
926 T	0.01179	0.00573	0.98248
927 T	0.01185	0.00488	0.98327
928 A	0.01186	0.00445	0.98369
929 T	0.01187	0.00370	0.98443
930 T	0.01186	0.00290	0.98525
931 G	0.01181	0.00242	0.98577
932 G	0.01174	0.00227	0.98599
933 A	0.01161	0.00230	0.98609
934 A	0.01158	0.00221	0.9862
935 G	0.01166	0.00199	0.98635
936 T	0.01167	0.00193	0.9864
937 T	0.01163	0.00195	0.98642
938 A	0.01156	0.00202	0.98643
939 C	0.01149	0.00206	0.98644
940 G	0.01143	0.00216	0.98642
941 T	0.01143	0.00223	0.98635
942 T	0.01139	0.00228	0.98633
943 G	0.01125	0.00247	0.98628
944 T	0.01122	0.00261	0.98617
945 T	0.01105	0.00280	0.98616
946 C	0.01065	0.00319	0.98616
947 A	0.01050	0.00334	0.98616
948 T	0.01068	0.00315	0.98616
949 C	0.01076	0.00306	0.98618
950 C	0.01084	0.00298	0.98617
951 T	0.01101	0.00284	0.98615
952 T	0.01108	0.00278	0.98614
953 T	0.01107	0.00279	0.98614
954 T	0.01045	0.00341	0.98614
955 A	0.00947	0.00436	0.98617
956 A	0.00895	0.00474	0.98631
957 T	0.00839	0.00522	0.98638
958 A	0.00742	0.00618	0.9864
959 A	0.00659	0.00702	0.98639
960 G	0.00601	0.00755	0.98644
961 A	0.00585	0.00770	0.98645
962 A	0.00576	0.00774	0.98649
963 A	0.00575	0.00770	0.98655
964 A	0.00580	0.00762	0.98658
965 A	0.00582	0.00752	0.98666
966 A	0.00588	0.00726	0.98686
967 A	0.00598	0.00701	0.98701
968 T	0.00601	0.00673	0.98726
969 T	0.00601	0.00633	0.98765
970 C	0.00601	0.00612	0.98787
971 C	0.00602	0.00609	0.9879
972 T	0.00602	0.00607	0.9879
973 A	0.00603	0.00605	0.98791
974 T	0.00606	0.00601	0.98793
975 T	0.00609	0.00596	0.98795
976 T	0.00610	0.00584	0.98806
977 G	0.00610	0.00497	0.98893
978 G	0.00613	0.00387	0.99
979 A	0.00615	0.00329	0.99056
980 T	0.00620	0.00262	0.99119
981 A	0.00625	0.00176	0.99199
982 T	0.00631	0.00091	0.99277
983 C	0.00634	0.00036	0.99329
984 T	0.00638	0.00023	0.99338
985 G	0.00639	0.00018	0.99342
986 A	0.00641	0.00015	0.99344
987 T	0.00644	0.00012	0.99345
988 T	0.00645	0.00011	0.99344
989 A	0.00645	0.00010	0.99345
990 T	0.00644	0.00009	0.99346
991 G	0.00644	0.00009	0.99347
992 T	0.00644	0.00009	0.99347
993 C	0.00642	0.00010	0.99348
994 C	0.00642	0.00010	0.99348
995 T	0.00642	0.00010	0.99348
996 T	0.00642	0.00011	0.99348
997 C	0.00641	0.00012	0.99348
998 C	0.00640	0.00012	0.99348
999 T	0.00639	0.00013	0.99348
1000 T	0.00637	0.00015	0.99348
1001 C	0.00635	0.00017	0.99348
1002 T	0.00633	0.00020	0.99347
1003 T	0.00630	0.00023	0.99347
1004 A	0.00625	0.00027	0.99347
1005 T	0.00623	0.00030	0.99348
1006 G	0.00619	0.00033	0.99348
1007 C	0.00618	0.00034	0.99348
1008 T	0.00617	0.00034	0.99349
1009 A	0.00616	0.00035	0.99349
1010 C	0.00615	0.00035	0.99349
1011 A	0.00615	0.00035	0.99349
1012 G	0.00615	0.00035	0.99349
1013 G	0.00615	0.00035	0.99349
1014 A	0.00615	0.00035	0.9935
1015 G	0.00615	0.00034	0.9935
1016 C	0.00615	0.00032	0.99353
1017 T	0.00616	0.00031	0.99353
1018 A	0.00615	0.00031	0.99354
1019 T	0.00615	0.00030	0.99354
1020 T	0.00615	0.00029	0.99355
1021 A	0.00615	0.00029	0.99356
1022 T	0.00615	0.00027	0.99358
1023 G	0.00614	0.00025	0.99361
1024 T	0.00614	0.00023	0.99364
1025 T	0.00612	0.00022	0.99366
1026 G	0.00610	0.00022	0.99368
1027 G	0.00608	0.00021	0.99371
1028 T	0.00607	0.00020	0.99374
1029 T	0.00606	0.00018	0.99376
1030 C	0.00605	0.00017	0.99378
1031 C	0.00605	0.00017	0.99378
1032 T	0.00604	0.00018	0.99377
1033 T	0.00604	0.00018	0.99377
1034 T	0.00604	0.00019	0.99377
1035 T	0.00603	0.00020	0.99377
1036 T	0.00601	0.00022	0.99377
1037 G	0.00600	0.00023	0.99378
1038 T	0.00599	0.00024	0.99378
1039 G	0.00597	0.00026	0.99377
1040 A	0.00597	0.00027	0.99377
1041 T	0.00596	0.00027	0.99377
1042 G	0.00594	0.00031	0.99375
1043 A	0.00593	0.00035	0.99372
1044 A	0.00588	0.00042	0.9937
1045 A	0.00584	0.00048	0.99367
1046 G	0.00582	0.00052	0.99367
1047 A	0.00582	0.00053	0.99365
1048 G	0.00582	0.00053	0.99365
1049 A	0.00582	0.00051	0.99367
1050 T	0.00582	0.00050	0.99368
1051 T	0.00582	0.00051	0.99368
1052 T	0.00582	0.00052	0.99367
1053 T	0.00580	0.00053	0.99367
1054 T	0.00578	0.00054	0.99367
1055 G	0.00575	0.00057	0.99367
1056 T	0.00573	0.00059	0.99368
1057 T	0.00568	0.00063	0.99369
1058 T	0.00558	0.00072	0.9937
1059 C	0.00519	0.00110	0.99371
1060 G	0.00487	0.00143	0.9937
1061 C	0.00460	0.00173	0.99367
1062 T	0.00432	0.00216	0.99352
1063 A	0.00388	0.00271	0.99341
1064 A	0.00366	0.00299	0.99335
1065 A	0.00363	0.00305	0.99332
1066 A	0.00362	0.00307	0.9933
1067 A	0.00364	0.00302	0.99334
1068 A	0.00366	0.00297	0.99337
1069 T	0.00369	0.00293	0.99338
1070 A	0.00370	0.00292	0.99339
1071 T	0.00370	0.00291	0.99339
1072 A	0.00369	0.00292	0.99339
1073 A	0.00368	0.00293	0.99339
1074 T	0.00367	0.00292	0.99341
1075 T	0.00361	0.00297	0.99342
1076 T	0.00344	0.00314	0.99342
1077 A	0.00312	0.00346	0.99343
1078 G	0.00296	0.00357	0.99347
1079 A	0.00285	0.00365	0.9935
1080 A	0.00280	0.00363	0.99357
1081 A	0.00277	0.00352	0.9937
1082 T	0.00280	0.00311	0.99408
1083 A	0.00282	0.00280	0.99438
1084 A	0.00286	0.00247	0.99468
1085 T	0.00301	0.00202	0.99497
1086 T	0.00309	0.00156	0.99535
1087 C	0.00311	0.00135	0.99554
1088 C	0.00313	0.00131	0.99556
1089 T	0.00314	0.00130	0.99556
1090 A	0.00314	0.00132	0.99554
1091 T	0.00314	0.00135	0.99552
1092 T	0.00312	0.00138	0.99549
1093 T	0.00311	0.00143	0.99547
1094 T	0.00306	0.00148	0.99546
1095 A	0.00299	0.00158	0.99543
1096 A	0.00295	0.00164	0.99541
1097 A	0.00293	0.00162	0.99544
1098 A	0.00291	0.00158	0.99551
1099 T	0.00293	0.00138	0.99569
1100 T	0.00294	0.00110	0.99596
1101 T	0.00289	0.00104	0.99608
1102 G	0.00277	0.00111	0.99612
1103 A	0.00269	0.00117	0.99613
1104 T	0.00264	0.00123	0.99613
1105 G	0.00254	0.00138	0.99608
1106 A	0.00249	0.00147	0.99604
1107 A	0.00246	0.00151	0.99604
1108 T	0.00244	0.00153	0.99603
1109 T	0.00243	0.00156	0.99601
1110 A	0.00241	0.00160	0.99599
1111 G	0.00240	0.00160	0.99599
1112 A	0.00241	0.00158	0.996
1113 A	0.00243	0.00154	0.99602
1114 T	0.00247	0.00147	0.99606
1115 C	0.00249	0.00142	0.9961
1116 T	0.00252	0.00139	0.99609
1117 A	0.00252	0.00141	0.99607
1118 A	0.00255	0.00136	0.99609
1119 T	0.00260	0.00129	0.99611
1120 G	0.00261	0.00128	0.99611
1121 T	0.00265	0.00120	0.99615
1122 T	0.00266	0.00117	0.99616
1123 A	0.00267	0.00116	0.99618
1124 A	0.00268	0.00111	0.99621
1125 T	0.00272	0.00097	0.99632
1126 A	0.00274	0.00088	0.99638
1127 A	0.00277	0.00079	0.99644
1128 T	0.00284	0.00062	0.99654
1129 T	0.00288	0.00053	0.9966
1130 T	0.00288	0.00049	0.99663
1131 C	0.00287	0.00048	0.99665
1132 G	0.00287	0.00049	0.99664
1133 A	0.00287	0.00051	0.99662
1134 T	0.00283	0.00058	0.99659
1135 A	0.00280	0.00066	0.99654
1136 A	0.00279	0.00071	0.9965
1137 G	0.00280	0.00071	0.9965
1138 T	0.00280	0.00070	0.99649
1139 A	0.00281	0.00070	0.99649
1140 T	0.00283	0.00067	0.9965
1141 C	0.00282	0.00067	0.99651
1142 A	0.00279	0.00071	0.99649
1143 T	0.00277	0.00072	0.99651
1144 T	0.00273	0.00076	0.9965
1145 C	0.00266	0.00084	0.9965
1146 G	0.00260	0.00090	0.9965
1147 A	0.00258	0.00092	0.9965
1148 T	0.00255	0.00095	0.9965
1149 G	0.00246	0.00103	0.9965
1150 T	0.00238	0.00113	0.99649
1151 C	0.00226	0.00125	0.99649
1152 A	0.00208	0.00154	0.99638
1153 G	0.00198	0.00165	0.99637
1154 A	0.00194	0.00170	0.99637
1155 A	0.00192	0.00171	0.99637
1156 A	0.00194	0.00168	0.99638
1157 C	0.00197	0.00159	0.99644
1158 A	0.00202	0.00153	0.99645
1159 G	0.00205	0.00147	0.99647
1160 A	0.00207	0.00145	0.99648
1161 T	0.00209	0.00142	0.99648
1162 A	0.00210	0.00140	0.99649
1163 T	0.00212	0.00134	0.99654
1164 A	0.00212	0.00130	0.99658
1165 T	0.00213	0.00123	0.99664
1166 T	0.00213	0.00118	0.99669
1167 T	0.00212	0.00116	0.99672
1168 A	0.00210	0.00115	0.99675
1169 T	0.00210	0.00111	0.99679
1170 A	0.00208	0.00110	0.99682
1171 A	0.00208	0.00106	0.99686
1172 A	0.00209	0.00096	0.99696
1173 T	0.00211	0.00084	0.99705
1174 A	0.00212	0.00072	0.99716
1175 G	0.00222	0.00045	0.99733
1176 T	0.00225	0.00034	0.99741
1177 T	0.00226	0.00028	0.99746
1178 C	0.00227	0.00026	0.99748
1179 T	0.00227	0.00024	0.99748
1180 T	0.00228	0.00024	0.99748
1181 T	0.00228	0.00025	0.99747
1182 T	0.00227	0.00027	0.99746
1183 T	0.00225	0.00033	0.99742
1184 T	0.00220	0.00044	0.99737
1185 A	0.00210	0.00059	0.9973
1186 A	0.00206	0.00068	0.99726
1187 A	0.00204	0.00071	0.99725
1188 T	0.00204	0.00071	0.99725
1189 G	0.00203	0.00071	0.99726
1190 G	0.00205	0.00069	0.99726
1191 T	0.00207	0.00066	0.99727
1192 C	0.00206	0.00067	0.99726
1193 T	0.00206	0.00070	0.99724
1194 T	0.00203	0.00077	0.9972
1195 A	0.00196	0.00093	0.99711
1196 A	0.00192	0.00105	0.99703
1197 T	0.00189	0.00115	0.99697
1198 A	0.00183	0.00126	0.99692
1199 T	0.00179	0.00131	0.99689
1200 T	0.00169	0.00144	0.99687
1201 G	0.00146	0.00169	0.99685
1202 A	0.00133	0.00183	0.99684
1203 A	0.00124	0.00192	0.99684
1204 G	0.00121	0.00195	0.99685
1205 A	0.00120	0.00194	0.99686
1206 A	0.00122	0.00189	0.99689
1207 G	0.00127	0.00179	0.99694
1208 C	0.00131	0.00166	0.99703
1209 T	0.00134	0.00162	0.99705
1210 A	0.00135	0.00161	0.99705
1211 A	0.00135	0.00160	0.99705
1212 T	0.00136	0.00158	0.99706
1213 G	0.00136	0.00159	0.99706
1214 A	0.00136	0.00158	0.99706
1215 T	0.00137	0.00157	0.99706
1216 A	0.00134	0.00163	0.99704
1217 A	0.00132	0.00165	0.99703
1218 A	0.00136	0.00157	0.99707
1219 A	0.00141	0.00149	0.99709
1220 T	0.00149	0.00136	0.99715
1221 T	0.00150	0.00127	0.99722
1222 A	0.00144	0.00133	0.99723
1223 T	0.00141	0.00127	0.99733
1224 T	0.00129	0.00124	0.99747
1225 G	0.00112	0.00134	0.99754
1226 A	0.00099	0.00144	0.99757
1227 A	0.00093	0.00149	0.99758
1228 A	0.00091	0.00149	0.9976
1229 T	0.00090	0.00147	0.99762
1230 A	0.00089	0.00147	0.99764
1231 T	0.00089	0.00146	0.99764
1232 C	0.00088	0.00147	0.99765
1233 T	0.00088	0.00148	0.99764
1234 G	0.00087	0.00151	0.99762
1235 A	0.00085	0.00154	0.99761
1236 A	0.00085	0.00155	0.9976
1237 A	0.00086	0.00155	0.99759
1238 A	0.00088	0.00150	0.99762
1239 A	0.00093	0.00139	0.99768
1240 G	0.00097	0.00130	0.99773
1241 A	0.00100	0.00122	0.99777
1242 T	0.00105	0.00113	0.99782
1243 A	0.00107	0.00109	0.99784
1244 A	0.00110	0.00101	0.9979
1245 T	0.00116	0.00084	0.99801
1246 T	0.00118	0.00074	0.99809
1247 T	0.00119	0.00061	0.99821
1248 A	0.00120	0.00047	0.99833
1249 G	0.00121	0.00034	0.99844
1250 G	0.00123	0.00027	0.9985
1251 T	0.00124	0.00024	0.99852
1252 C	0.00124	0.00022	0.99853
1253 A	0.00125	0.00022	0.99854
1254 T	0.00127	0.00019	0.99855
1255 G	0.00127	0.00018	0.99855
1256 T	0.00129	0.00015	0.99856
1257 T	0.00131	0.00014	0.99856
1258 C	0.00132	0.00011	0.99857
1259 A	0.00132	0.00012	0.99856
1260 T	0.00133	0.00011	0.99857
1261 T	0.00133	0.00011	0.99857
1262 A	0.00132	0.00011	0.99857
1263 T	0.00132	0.00011	0.99857
1264 G	0.00132	0.00011	0.99856
1265 C	0.00132	0.00011	0.99856
1266 T	0.00133	0.00011	0.99856
1267 T	0.00133	0.00011	0.99856
1268 A	0.00132	0.00011	0.99856
1269 T	0.00132	0.00011	0.99856
1270 C	0.00132	0.00011	0.99856
1271 A	0.00132	0.00011	0.99857
1272 A	0.00132	0.00011	0.99857
1273 A	0.00132	0.00010	0.99857
1274 T	0.00132	0.00010	0.99857
1275 G	0.00132	0.00010	0.99858
1276 C	0.00133	0.00008	0.99859
1277 G	0.00133	0.00008	0.99859
1278 T	0.00133	0.00008	0.9986
1279 G	0.00133	0.00008	0.9986
1280 A	0.00133	0.00008	0.9986
1281 T	0.00134	0.00007	0.9986
1282 T	0.00135	0.00005	0.9986
1283 G	0.00135	0.00005	0.99861
1284 G	0.00135	0.00004	0.99861
1285 C	0.00135	0.00003	0.99862
1286 T	0.00135	0.00003	0.99862
1287 T	0.00135	0.00003	0.99861
1288 T	0.00135	0.00003	0.99861
1289 T	0.00135	0.00003	0.99861
1290 T	0.00135	0.00003	0.99861
1291 T	0.00135	0.00003	0.99862
1292 C	0.00135	0.00003	0.99862
1293 T	0.00135	0.00003	0.99862
1294 C	0.00135	0.00003	0.99862
1295 G	0.00134	0.00004	0.99862
1296 T	0.00134	0.00004	0.99861
1297 C	0.00134	0.00005	0.99861
1298 A	0.00134	0.00006	0.9986
1299 A	0.00134	0.00007	0.9986
1300 A	0.00134	0.00007	0.99858
1301 G	0.00134	0.00008	0.99858
1302 A	0.00134	0.00009	0.99856
1303 T	0.00134	0.00010	0.99856
1304 A	0.00134	0.00011	0.99855
1305 T	0.00134	0.00011	0.99855
1306 T	0.00134	0.00012	0.99855
1307 G	0.00134	0.00012	0.99854
1308 G	0.00133	0.00013	0.99854
1309 G	0.00133	0.00013	0.99854
1310 G	0.00133	0.00014	0.99853
1311 T	0.00133	0.00014	0.99853
1312 G	0.00132	0.00015	0.99853
1313 A	0.00132	0.00015	0.99853
1314 A	0.00131	0.00015	0.99853
1315 C	0.00131	0.00015	0.99854
1316 C	0.00131	0.00015	0.99854
1317 A	0.00131	0.00015	0.99854
1318 T	0.00132	0.00014	0.99854
1319 T	0.00132	0.00014	0.99854
1320 C	0.00132	0.00014	0.99854
1321 C	0.00131	0.00015	0.99854
1322 C	0.00131	0.00015	0.99854
1323 A	0.00131	0.00016	0.99853
1324 G	0.00131	0.00015	0.99853
1325 T	0.00133	0.00014	0.99853
1326 T	0.00133	0.00013	0.99853
1327 T	0.00133	0.00014	0.99853
1328 C	0.00132	0.00014	0.99853
