# lcl|CP097583.1_cds_USQ93346.1_1
# AA	inside	membr	outside
1 A	0.69853	0.00000	0.30147
2 T	0.69851	0.00001	0.30147
3 G	0.69851	0.00002	0.30147
4 A	0.69851	0.02018	0.28132
5 A	0.69843	0.04234	0.25923
6 T	0.69843	0.04615	0.25542
7 A	0.69797	0.04901	0.25302
8 T	0.69797	0.04903	0.253
9 A	0.69751	0.04989	0.2526
10 A	0.69751	0.06779	0.23471
11 T	0.69749	0.06841	0.23411
12 T	0.69616	0.07011	0.23373
13 T	0.69370	0.07534	0.23097
14 T	0.69370	0.07534	0.23097
15 A	0.69370	0.12483	0.18148
16 A	0.69266	0.12587	0.18148
17 T	0.69049	0.12819	0.18132
18 A	0.69037	0.12842	0.18121
19 G	0.68346	0.13535	0.18119
20 G	0.67554	0.14397	0.18049
21 C	0.66702	0.15249	0.1805
22 C	0.66789	0.15163	0.18048
23 C	0.67015	0.14941	0.18045
24 T	0.67558	0.14406	0.18036
25 C	0.67712	0.14254	0.18034
26 C	0.67777	0.14200	0.18023
27 A	0.68889	0.13112	0.17998
28 G	0.70681	0.11321	0.17998
29 C	0.71176	0.10828	0.17996
30 T	0.72007	0.09989	0.18005
31 T	0.72042	0.09954	0.18004
32 C	0.71925	0.09999	0.18077
33 T	0.71806	0.10119	0.18075
34 G	0.69974	0.11973	0.18054
35 G	0.69219	0.12646	0.18135
36 C	0.68530	0.13204	0.18266
37 A	0.68056	0.13784	0.1816
38 A	0.70832	0.10998	0.18169
39 A	0.70543	0.11179	0.18278
40 G	0.70618	0.10811	0.18571
41 G	0.70722	0.10634	0.18644
42 C	0.70804	0.09731	0.19464
43 A	0.70980	0.08966	0.20053
44 C	0.71096	0.08184	0.2072
45 T	0.71404	0.07986	0.2061
46 C	0.71097	0.08325	0.20578
47 A	0.71005	0.08655	0.2034
48 A	0.71038	0.08678	0.20284
49 T	0.71124	0.08587	0.20288
50 C	0.71097	0.08542	0.20361
51 T	0.71045	0.08825	0.20131
52 T	0.70904	0.09165	0.19932
53 T	0.70664	0.09729	0.19607
54 A	0.70175	0.10783	0.19043
55 A	0.69995	0.11116	0.18888
56 T	0.69954	0.10505	0.19541
57 T	0.69903	0.09338	0.20758
58 T	0.69783	0.08785	0.21432
59 T	0.69656	0.08310	0.22034
60 A	0.69436	0.08654	0.2191
61 T	0.69189	0.09396	0.21414
62 C	0.68288	0.10567	0.21145
63 A	0.64897	0.15527	0.19576
64 A	0.62908	0.18388	0.18704
65 A	0.58770	0.23200	0.1803
66 A	0.56821	0.25601	0.17578
67 A	0.56392	0.26149	0.1746
68 A	0.56141	0.26289	0.17569
69 A	0.55837	0.26241	0.17921
70 T	0.55961	0.25946	0.18093
71 T	0.55636	0.26644	0.1772
72 A	0.53123	0.29742	0.17135
73 A	0.52102	0.31375	0.16522
74 A	0.51334	0.32185	0.16481
75 T	0.51175	0.32194	0.16631
76 A	0.50147	0.32968	0.16886
77 T	0.50314	0.32264	0.17422
78 C	0.49165	0.33140	0.17695
79 C	0.48454	0.33758	0.17788
80 C	0.48088	0.34090	0.17822
81 T	0.47840	0.34333	0.17827
82 C	0.47439	0.34726	0.17836
83 A	0.47664	0.34518	0.17818
84 T	0.48485	0.33656	0.17859
85 A	0.48805	0.32955	0.1824
86 T	0.50092	0.28566	0.21341
87 T	0.50554	0.26459	0.22986
88 T	0.50266	0.22597	0.27137
89 C	0.48936	0.22279	0.28785
90 A	0.46529	0.25191	0.2828
91 A	0.43901	0.28462	0.27637
92 T	0.42619	0.29578	0.27802
93 A	0.40266	0.31856	0.27878
94 G	0.39201	0.32419	0.28381
95 G	0.39181	0.29491	0.31327
96 A	0.39313	0.28052	0.32635
97 G	0.39359	0.26663	0.33977
98 A	0.39450	0.26068	0.34483
99 T	0.39566	0.24560	0.35874
100 A	0.39561	0.24945	0.35494
101 T	0.39594	0.23601	0.36805
102 T	0.39549	0.23357	0.37094
103 T	0.39388	0.23374	0.37237
104 T	0.38912	0.24358	0.3673
105 T	0.36976	0.27333	0.35691
106 A	0.34404	0.32663	0.32933
107 G	0.31864	0.37894	0.30242
108 A	0.29711	0.43310	0.26979
109 G	0.28045	0.48608	0.23347
110 A	0.27448	0.51264	0.21289
111 A	0.26877	0.52107	0.21016
112 A	0.26962	0.51159	0.21879
113 A	0.27532	0.48253	0.24215
114 T	0.28394	0.44522	0.27084
115 T	0.28437	0.43483	0.2808
116 T	0.28011	0.43023	0.28966
117 A	0.26516	0.46279	0.27204
118 A	0.24350	0.50585	0.25064
119 G	0.23202	0.53647	0.23151
120 A	0.22014	0.58451	0.19535
121 A	0.21605	0.60527	0.17869
122 A	0.21406	0.62728	0.15865
123 T	0.22383	0.63546	0.14071
124 A	0.22239	0.63821	0.1394
125 A	0.22686	0.63226	0.14088
126 A	0.23149	0.62219	0.14632
127 A	0.24017	0.60435	0.15548
128 C	0.25361	0.56622	0.18017
129 A	0.28572	0.52014	0.19414
130 G	0.31757	0.47228	0.21014
131 A	0.35472	0.42535	0.21993
132 T	0.39622	0.37254	0.23124
133 T	0.41331	0.35386	0.23283
134 T	0.41645	0.34525	0.2383
135 A	0.38164	0.37983	0.23853
136 G	0.35888	0.39917	0.24195
137 G	0.34507	0.41256	0.24238
138 A	0.32966	0.42950	0.24083
139 A	0.32746	0.43260	0.23995
140 A	0.34609	0.40260	0.25131
141 G	0.36381	0.36659	0.2696
142 A	0.38090	0.34773	0.27137
143 T	0.41180	0.31194	0.27626
144 A	0.40714	0.32740	0.26547
145 G	0.41391	0.33889	0.2472
146 T	0.42237	0.34644	0.23119
147 T	0.41133	0.36647	0.22221
148 A	0.39701	0.38130	0.22169
149 A	0.38379	0.39395	0.22226
150 A	0.38183	0.39411	0.22406
151 T	0.38197	0.39166	0.22638
152 C	0.37950	0.39239	0.2281
153 T	0.38275	0.39063	0.22662
154 T	0.38342	0.39128	0.22531
155 A	0.38194	0.39452	0.22354
156 T	0.38374	0.39273	0.22354
157 A	0.38320	0.39258	0.22422
158 T	0.38553	0.35216	0.2623
159 T	0.38660	0.32835	0.28505
160 A	0.38730	0.31703	0.29568
161 A	0.39042	0.29837	0.31121
162 T	0.39643	0.27989	0.32369
163 A	0.39635	0.27418	0.32947
164 A	0.40003	0.26229	0.33767
165 A	0.41025	0.24148	0.34826
166 G	0.41988	0.22070	0.35942
167 G	0.43689	0.18594	0.37717
168 T	0.46444	0.14843	0.38712
169 T	0.48280	0.12514	0.39206
170 T	0.49185	0.11207	0.39608
171 A	0.49268	0.12018	0.38713
172 T	0.49412	0.13499	0.37089
173 T	0.49417	0.15052	0.35531
174 G	0.49239	0.15153	0.35608
175 G	0.49105	0.15171	0.35724
176 T	0.49273	0.15091	0.35636
177 T	0.49142	0.15345	0.35513
178 C	0.48398	0.16232	0.3537
179 A	0.47889	0.18121	0.3399
180 T	0.46217	0.21357	0.32425
181 G	0.44533	0.25368	0.30099
182 A	0.43419	0.29508	0.27073
183 T	0.42718	0.33094	0.24189
184 A	0.41345	0.38567	0.20088
185 A	0.40378	0.41452	0.18169
186 A	0.39793	0.44468	0.15738
187 A	0.39350	0.45278	0.15372
188 T	0.39081	0.45507	0.15411
189 A	0.38315	0.46301	0.15384
190 A	0.37879	0.46757	0.15364
191 C	0.38236	0.46349	0.15415
192 C	0.38636	0.45969	0.15395
193 A	0.39465	0.45143	0.15392
194 A	0.41436	0.43143	0.15422
195 T	0.44611	0.39934	0.15456
196 T	0.46446	0.38059	0.15495
197 C	0.46760	0.37537	0.15703
198 T	0.47148	0.36832	0.1602
199 A	0.47328	0.36524	0.16148
200 T	0.47715	0.35830	0.16455
201 G	0.47839	0.35101	0.17059
202 A	0.48968	0.33815	0.17217
203 T	0.50754	0.30194	0.19052
204 A	0.52748	0.27392	0.19861
205 A	0.54125	0.25730	0.20145
206 G	0.55982	0.23230	0.20788
207 T	0.59302	0.19198	0.215
208 A	0.59993	0.18380	0.21627
209 A	0.62028	0.16090	0.21882
210 A	0.62585	0.15214	0.222
211 T	0.62819	0.14670	0.22511
212 A	0.62369	0.14935	0.22695
213 T	0.61808	0.15668	0.22524
214 T	0.60246	0.17590	0.22165
215 T	0.56359	0.22680	0.20961
216 A	0.50768	0.30902	0.18329
217 A	0.46158	0.38337	0.15506
218 C	0.43799	0.41055	0.15146
219 T	0.41971	0.43488	0.14541
220 A	0.39433	0.46559	0.14007
221 A	0.37864	0.48366	0.13771
222 C	0.36592	0.49707	0.13702
223 G	0.35617	0.50898	0.13485
224 A	0.35389	0.51153	0.13458
225 A	0.35500	0.50980	0.13521
226 A	0.35883	0.50518	0.136
227 A	0.36756	0.49399	0.13844
228 T	0.38092	0.46209	0.15699
229 G	0.38477	0.44518	0.17004
230 T	0.39107	0.43393	0.175
231 T	0.39342	0.42953	0.17705
232 A	0.39352	0.43842	0.16806
233 A	0.39433	0.43898	0.16669
234 A	0.39613	0.43530	0.16857
235 A	0.40094	0.42250	0.17655
236 A	0.40978	0.40150	0.18873
237 A	0.41757	0.37150	0.21092
238 G	0.43238	0.31038	0.25724
239 G	0.46102	0.22594	0.31303
240 G	0.49138	0.15018	0.35844
241 T	0.50046	0.12029	0.37926
242 T	0.50714	0.10101	0.39185
243 T	0.51156	0.08345	0.405
244 A	0.51276	0.07769	0.40954
245 T	0.51350	0.06712	0.41938
246 T	0.51398	0.06006	0.42596
247 T	0.51401	0.06082	0.42518
248 T	0.51340	0.06553	0.42107
249 A	0.51181	0.07414	0.41405
250 G	0.50977	0.08202	0.40821
251 A	0.50903	0.08782	0.40314
252 T	0.51034	0.09156	0.3981
253 G	0.51098	0.10241	0.38661
254 G	0.51459	0.11539	0.37003
255 T	0.52526	0.10813	0.3666
256 T	0.52794	0.10635	0.36571
257 A	0.52809	0.11093	0.36098
258 T	0.52885	0.11045	0.3607
259 C	0.52865	0.11114	0.36021
260 C	0.52890	0.11174	0.35936
261 T	0.52882	0.11336	0.35781
262 C	0.52820	0.11555	0.35626
263 G	0.52731	0.11881	0.35388
264 T	0.52868	0.11915	0.35217
265 A	0.52860	0.12016	0.35124
266 A	0.53031	0.11885	0.35084
267 T	0.53637	0.11290	0.35073
268 T	0.53911	0.10973	0.35117
269 T	0.53985	0.10849	0.35166
270 G	0.53872	0.10886	0.35242
271 G	0.53994	0.10752	0.35254
272 A	0.54381	0.10331	0.35288
273 T	0.54515	0.10125	0.35359
274 C	0.53149	0.11429	0.35422
275 A	0.51882	0.12863	0.35255
276 A	0.52141	0.12585	0.35275
277 G	0.53033	0.11647	0.35321
278 C	0.52991	0.11669	0.3534
279 G	0.52994	0.11674	0.35332
280 C	0.53631	0.11001	0.35367
281 A	0.53924	0.10746	0.3533
282 T	0.54340	0.10326	0.35333
283 T	0.54511	0.10203	0.35286
284 T	0.54612	0.10104	0.35284
285 T	0.54554	0.10283	0.35163
286 T	0.54323	0.10402	0.35275
287 T	0.53634	0.11203	0.35164
288 A	0.50755	0.14312	0.34933
289 A	0.47877	0.17544	0.34578
290 C	0.44809	0.20756	0.34435
291 T	0.40422	0.27913	0.31665
292 G	0.31914	0.38841	0.29245
293 A	0.27259	0.45341	0.27399
294 A	0.25415	0.48641	0.25944
295 G	0.24789	0.49701	0.2551
296 A	0.24514	0.49650	0.25837
297 A	0.24373	0.48111	0.27516
298 T	0.24469	0.46454	0.29077
299 T	0.24314	0.46189	0.29497
300 A	0.23782	0.46734	0.29484
301 G	0.23226	0.47724	0.29051
302 A	0.22936	0.48935	0.28129
303 T	0.22548	0.50818	0.26634
304 A	0.21216	0.55748	0.23035
305 A	0.19878	0.61264	0.18859
306 A	0.18619	0.67037	0.14344
307 A	0.17970	0.70109	0.11922
308 A	0.17668	0.71045	0.11287
309 A	0.17580	0.71100	0.11319
310 A	0.17839	0.70124	0.12037
311 A	0.18473	0.66719	0.14808
312 A	0.19412	0.62357	0.18231
313 A	0.20709	0.57351	0.2194
314 T	0.24287	0.48846	0.26866
315 T	0.26666	0.39322	0.34013
316 G	0.27875	0.34536	0.37588
317 T	0.29014	0.32054	0.38933
318 T	0.29333	0.31459	0.39208
319 T	0.29382	0.31691	0.38927
320 T	0.29130	0.32230	0.3864
321 A	0.28706	0.33222	0.38071
322 A	0.28500	0.33568	0.37932
323 A	0.28622	0.33083	0.38295
324 T	0.29431	0.31779	0.3879
325 A	0.29877	0.31348	0.38775
326 A	0.31559	0.29315	0.39126
327 A	0.35377	0.24308	0.40315
328 G	0.39968	0.18440	0.41592
329 T	0.44969	0.12568	0.42463
330 T	0.47380	0.10061	0.42559
331 T	0.47917	0.10146	0.41937
332 T	0.47953	0.11038	0.41009
333 T	0.47715	0.12021	0.40265
334 T	0.47233	0.13196	0.39571
335 A	0.46643	0.14398	0.38959
336 T	0.46498	0.14776	0.38725
337 T	0.46307	0.15155	0.38537
338 T	0.46056	0.15600	0.38344
339 T	0.45435	0.16444	0.38121
340 A	0.44541	0.17737	0.37722
341 A	0.44310	0.18438	0.37252
342 T	0.44567	0.18813	0.3662
343 G	0.44263	0.20051	0.35686
344 T	0.44237	0.19949	0.35814
345 T	0.42808	0.21422	0.3577
346 A	0.39184	0.25444	0.35372
347 A	0.34675	0.30301	0.35024
348 C	0.30261	0.34543	0.35196
349 G	0.27077	0.38255	0.34668
350 A	0.25949	0.39798	0.34254
351 G	0.25621	0.40462	0.33917
352 A	0.25855	0.40527	0.33619
353 A	0.26307	0.40247	0.33446
354 G	0.27683	0.38706	0.33611
355 T	0.29188	0.37247	0.33565
356 T	0.29841	0.36852	0.33307
357 A	0.29844	0.37818	0.32338
358 T	0.29926	0.38587	0.31488
359 T	0.29177	0.42530	0.28293
360 A	0.26690	0.51199	0.22111
361 G	0.25390	0.54995	0.19614
362 A	0.25016	0.58417	0.16566
363 A	0.24985	0.60776	0.14239
364 A	0.25318	0.61103	0.13579
365 A	0.26075	0.60409	0.13516
366 A	0.27301	0.58628	0.14071
367 A	0.27553	0.57487	0.14959
368 G	0.27904	0.55062	0.17034
369 A	0.28649	0.51105	0.20246
370 A	0.29352	0.46127	0.24521
371 T	0.29973	0.40960	0.29067
372 T	0.30525	0.37650	0.31824
373 A	0.30746	0.37080	0.32175
374 T	0.30952	0.36844	0.32204
375 A	0.30852	0.37272	0.31877
376 G	0.30782	0.37458	0.31759
377 G	0.30731	0.37982	0.31287
378 A	0.31021	0.38734	0.30245
379 A	0.31887	0.39306	0.28808
380 G	0.33724	0.37703	0.28573
381 A	0.35874	0.36141	0.27985
382 A	0.40080	0.31834	0.28086
383 T	0.47129	0.23368	0.29504
384 C	0.49277	0.21614	0.29108
385 G	0.51783	0.21433	0.26785
386 T	0.54102	0.21396	0.24502
387 T	0.54639	0.21148	0.24213
388 T	0.54137	0.21634	0.24229
389 G	0.52736	0.23032	0.24232
390 T	0.52702	0.22933	0.24365
391 C	0.52169	0.23415	0.24415
392 C	0.51785	0.23815	0.244
393 T	0.51640	0.24028	0.24332
394 C	0.50977	0.24769	0.24254
395 A	0.49364	0.26456	0.24181
396 A	0.49417	0.26458	0.24125
397 T	0.49635	0.26336	0.24029
398 G	0.49276	0.26662	0.24062
399 C	0.49242	0.26681	0.24077
400 G	0.49084	0.27136	0.2378
401 G	0.49367	0.26975	0.23658
402 A	0.49999	0.27149	0.22852
403 G	0.50802	0.27138	0.2206
404 A	0.52234	0.26811	0.20955
405 A	0.53833	0.25684	0.20483
406 A	0.55581	0.24111	0.20307
407 T	0.57699	0.21476	0.20825
408 T	0.59663	0.19274	0.21063
409 T	0.61154	0.17552	0.21293
410 A	0.61259	0.17226	0.21515
411 T	0.61261	0.16255	0.22484
412 C	0.61010	0.15066	0.23924
413 A	0.59963	0.16734	0.23303
414 T	0.55355	0.22053	0.22592
415 A	0.44576	0.36317	0.19107
416 A	0.37423	0.47592	0.14985
417 A	0.32664	0.53263	0.14073
418 G	0.28303	0.56833	0.14864
419 A	0.26518	0.59120	0.14363
420 A	0.25898	0.60367	0.13735
421 A	0.25674	0.61920	0.12407
422 A	0.25800	0.62395	0.11806
423 T	0.26503	0.61554	0.11943
424 A	0.26708	0.61033	0.12258
425 A	0.27394	0.59759	0.12847
426 A	0.28105	0.58557	0.13338
427 T	0.29198	0.57133	0.13669
428 C	0.29622	0.56509	0.13869
429 T	0.29974	0.56111	0.13915
430 C	0.30103	0.55950	0.13946
431 C	0.30133	0.55918	0.13949
432 T	0.30162	0.56000	0.13838
433 G	0.29994	0.56366	0.13641
434 A	0.30002	0.56645	0.13353
435 A	0.30182	0.56638	0.13181
436 A	0.30956	0.55089	0.13955
437 A	0.32131	0.48067	0.19802
438 G	0.36133	0.32818	0.3105
439 T	0.41154	0.21008	0.37838
440 A	0.42506	0.16378	0.41116
441 T	0.43916	0.12755	0.4333
442 G	0.44526	0.14485	0.40989
443 G	0.45453	0.14577	0.3997
444 T	0.46998	0.13630	0.39371
445 T	0.47793	0.14097	0.38111
446 T	0.48039	0.15765	0.36196
447 T	0.47936	0.18291	0.33773
448 T	0.47552	0.20390	0.32058
449 G	0.46419	0.23011	0.3057
450 T	0.44805	0.26946	0.2825
451 G	0.42516	0.31615	0.25868
452 A	0.41876	0.33011	0.25113
453 T	0.41500	0.33727	0.24774
454 A	0.40649	0.34862	0.24489
455 A	0.40143	0.35342	0.24516
456 C	0.39787	0.35510	0.24704
457 G	0.39621	0.35850	0.24529
458 A	0.38280	0.37546	0.24174
459 C	0.37768	0.38341	0.23891
460 A	0.37435	0.38914	0.23651
461 A	0.37307	0.39206	0.23486
462 T	0.37834	0.38777	0.2339
463 A	0.37919	0.38872	0.23209
464 C	0.40090	0.36757	0.23152
465 T	0.45231	0.31884	0.22885
466 T	0.47039	0.30610	0.22351
467 A	0.47524	0.30614	0.21862
468 T	0.48948	0.29511	0.21541
469 T	0.50097	0.29208	0.20695
470 T	0.50761	0.29408	0.19831
471 A	0.50525	0.29315	0.20161
472 A	0.50907	0.27924	0.2117
473 T	0.52086	0.25122	0.22792
474 T	0.51345	0.24025	0.2463
475 C	0.45524	0.29802	0.24673
476 A	0.39089	0.37356	0.23556
477 A	0.31590	0.46221	0.2219
478 A	0.29150	0.49515	0.21335
479 G	0.27784	0.50916	0.213
480 A	0.26987	0.51765	0.21248
481 A	0.26996	0.50199	0.22805
482 A	0.27208	0.49257	0.23535
483 A	0.27174	0.48755	0.24071
484 G	0.27006	0.48483	0.24511
485 A	0.27008	0.48370	0.24622
486 T	0.27133	0.47653	0.25213
487 G	0.26312	0.49440	0.24249
488 A	0.25976	0.51590	0.22435
489 T	0.26530	0.52058	0.21411
490 A	0.26763	0.55601	0.17637
491 A	0.26995	0.57100	0.15905
492 T	0.27847	0.56306	0.15846
493 T	0.28630	0.55693	0.15677
494 T	0.28172	0.56148	0.1568
495 A	0.27354	0.57570	0.15077
496 A	0.27134	0.56772	0.16094
497 A	0.27156	0.54444	0.184
498 T	0.27733	0.47916	0.24351
499 A	0.28745	0.41128	0.30127
500 C	0.30479	0.31766	0.37755
501 T	0.31625	0.29125	0.39251
502 T	0.31890	0.28493	0.39617
503 T	0.31859	0.28675	0.39466
504 T	0.31581	0.29416	0.39003
505 A	0.30891	0.30868	0.38241
506 A	0.30389	0.32049	0.37563
507 A	0.30112	0.32214	0.37674
508 A	0.30036	0.32442	0.37522
509 A	0.30439	0.31970	0.37591
510 A	0.32007	0.29368	0.38624
511 C	0.33960	0.26677	0.39362
512 G	0.35356	0.28413	0.36231
513 T	0.40370	0.27411	0.32219
514 T	0.43160	0.30858	0.25982
515 T	0.44214	0.32907	0.2288
516 A	0.44480	0.35050	0.2047
517 T	0.45118	0.35099	0.19783
518 T	0.45592	0.34926	0.19482
519 A	0.45319	0.36266	0.18415
520 G	0.45429	0.36637	0.17934
521 T	0.45817	0.36733	0.1745
522 T	0.45912	0.37216	0.16873
523 T	0.45765	0.37874	0.1636
524 A	0.44194	0.40368	0.15437
525 T	0.38756	0.46689	0.14555
526 A	0.33782	0.52998	0.1322
527 A	0.30892	0.56456	0.12652
528 A	0.29420	0.57970	0.1261
529 A	0.28395	0.58919	0.12685
530 A	0.27262	0.60156	0.12582
531 A	0.26954	0.60340	0.12706
532 G	0.26763	0.60336	0.12901
533 A	0.26871	0.60172	0.12958
534 A	0.27886	0.59061	0.13054
535 A	0.31966	0.54785	0.13249
536 C	0.37119	0.49400	0.1348
537 T	0.44189	0.42225	0.13586
538 T	0.47832	0.38478	0.1369
539 T	0.50028	0.36153	0.13819
540 T	0.50801	0.35286	0.13913
541 C	0.51035	0.34961	0.14004
542 C	0.51542	0.34141	0.14316
543 T	0.51741	0.34085	0.14173
544 T	0.51625	0.34463	0.13913
545 T	0.51285	0.34964	0.13751
546 A	0.48892	0.37527	0.13581
547 A	0.45482	0.39674	0.14843
548 T	0.44246	0.34178	0.21576
549 T	0.42017	0.31412	0.26571
550 G	0.37272	0.33469	0.29259
551 A	0.35151	0.35525	0.29324
552 A	0.34538	0.35296	0.30165
553 T	0.34424	0.34369	0.31207
554 A	0.33147	0.35265	0.31588
555 T	0.31733	0.36138	0.32129
556 T	0.30233	0.38048	0.31719
557 A	0.27003	0.44642	0.28356
558 T	0.25639	0.50251	0.24109
559 A	0.22895	0.57699	0.19406
560 A	0.20804	0.63050	0.16146
561 A	0.14529	0.72837	0.12634
562 A	0.11412	0.79416	0.09172
563 A	0.10095	0.81769	0.08135
564 A	0.08929	0.83292	0.07779
565 A	0.08029	0.84044	0.07927
566 A	0.07659	0.83879	0.08463
567 T	0.07757	0.82861	0.09382
568 A	0.07468	0.82304	0.10228
569 A	0.07324	0.80066	0.12611
570 T	0.07522	0.75819	0.16659
571 A	0.07298	0.74743	0.1796
572 A	0.07143	0.72611	0.20247
573 A	0.07600	0.69521	0.22879
574 T	0.08958	0.65831	0.25211
575 T	0.09421	0.64810	0.25769
576 A	0.09318	0.65260	0.25422
577 A	0.09298	0.64497	0.26204
578 C	0.09423	0.62673	0.27904
579 A	0.10052	0.64108	0.2584
580 G	0.13077	0.61385	0.25538
581 A	0.17605	0.58164	0.2423
582 A	0.22451	0.53621	0.23928
583 A	0.25945	0.50732	0.23323
584 T	0.29624	0.42012	0.28364
585 T	0.31708	0.37925	0.30367
586 A	0.31325	0.39537	0.29138
587 A	0.31175	0.42554	0.26271
588 A	0.30592	0.45611	0.23798
589 G	0.30514	0.45930	0.23556
590 T	0.30621	0.46319	0.23061
591 A	0.27420	0.51129	0.21451
592 G	0.24564	0.56152	0.19284
593 A	0.20438	0.62262	0.173
594 A	0.18317	0.66194	0.15488
595 G	0.16154	0.69199	0.14648
596 A	0.16812	0.69133	0.14055
597 C	0.17076	0.69166	0.13758
598 G	0.17511	0.69166	0.13323
599 A	0.18816	0.67880	0.13303
600 T	0.20115	0.66417	0.13468
601 A	0.20635	0.66276	0.1309
602 C	0.23493	0.63637	0.1287
603 T	0.26122	0.62621	0.11258
604 A	0.27356	0.61677	0.10966
605 A	0.28769	0.60447	0.10785
606 A	0.30600	0.58986	0.10414
607 T	0.32307	0.57376	0.10317
608 C	0.30555	0.58562	0.10883
609 A	0.29250	0.60372	0.10377
610 A	0.30635	0.58934	0.10432
611 T	0.32767	0.56569	0.10664
612 T	0.32126	0.57280	0.10595
613 A	0.29797	0.59689	0.10514
614 A	0.29747	0.56256	0.13997
615 A	0.31117	0.51796	0.17087
616 G	0.33028	0.45063	0.21909
617 A	0.35797	0.40265	0.23938
618 T	0.37993	0.36228	0.25779
619 A	0.38470	0.35157	0.26374
620 T	0.38817	0.34067	0.27116
621 T	0.38287	0.33909	0.27804
622 A	0.36544	0.35300	0.28155
623 C	0.35236	0.36029	0.28734
624 C	0.34847	0.36515	0.28638
625 G	0.34946	0.37393	0.27661
626 A	0.36088	0.37761	0.26151
627 A	0.36103	0.39539	0.24358
628 A	0.36274	0.41693	0.22033
629 T	0.37063	0.41866	0.21071
630 A	0.36084	0.44565	0.19351
631 A	0.36718	0.41283	0.21999
632 T	0.37521	0.36465	0.26014
633 A	0.36836	0.35399	0.27765
634 T	0.35782	0.36896	0.27323
635 T	0.31565	0.47089	0.21346
636 A	0.22223	0.61544	0.16232
637 A	0.11527	0.77925	0.10549
638 A	0.09783	0.80314	0.09903
639 A	0.09039	0.81530	0.09431
640 G	0.09032	0.81991	0.08977
641 A	0.09852	0.81358	0.0879
642 A	0.10379	0.80618	0.09003
643 A	0.10642	0.79981	0.09378
644 T	0.11121	0.78523	0.10355
645 A	0.11430	0.76802	0.11768
646 T	0.11872	0.75082	0.13046
647 C	0.12198	0.73921	0.1388
648 A	0.12873	0.73048	0.14079
649 A	0.14094	0.71568	0.14338
650 A	0.16111	0.69292	0.14597
651 T	0.18652	0.66559	0.14789
652 A	0.19948	0.65101	0.14951
653 T	0.22649	0.60662	0.1669
654 A	0.23398	0.59164	0.17438
655 A	0.24499	0.57170	0.18331
656 A	0.26398	0.53301	0.203
657 A	0.30144	0.46832	0.23024
658 T	0.38013	0.32778	0.29208
659 A	0.44055	0.17627	0.38318
660 A	0.50900	0.00000	0.491
