# lcl|CP097583.1_cds_USQ93594.1_1
# AA	inside	membr	outside
1 A	0.31026	0.00000	0.68974
2 T	0.30881	0.00144	0.68974
3 G	0.30809	0.00217	0.68974
4 G	0.30809	0.01653	0.67538
5 A	0.30013	0.04740	0.65246
6 A	0.30013	0.05205	0.64782
7 T	0.27272	0.08175	0.64553
8 G	0.27272	0.08180	0.64548
9 G	0.26661	0.08827	0.64511
10 A	0.26660	0.13481	0.59859
11 A	0.26467	0.14023	0.5951
12 A	0.24333	0.16332	0.59336
13 C	0.22052	0.19648	0.583
14 A	0.22051	0.19649	0.58299
15 A	0.22051	0.54051	0.23898
16 T	0.22023	0.54079	0.23898
17 T	0.21964	0.54316	0.2372
18 T	0.21957	0.54977	0.23066
19 T	0.21596	0.55692	0.22712
20 T	0.19670	0.63204	0.17126
21 T	0.14124	0.68767	0.17109
22 G	0.13512	0.70130	0.16357
23 A	0.12950	0.71736	0.15314
24 T	0.12575	0.73803	0.13622
25 A	0.11870	0.76049	0.12081
26 A	0.11589	0.77194	0.11217
27 G	0.12316	0.77254	0.1043
28 A	0.13606	0.76196	0.10198
29 A	0.13948	0.76056	0.09996
30 T	0.14544	0.73595	0.11861
31 A	0.14564	0.73759	0.11677
32 A	0.14690	0.73220	0.1209
33 A	0.18219	0.69679	0.12102
34 A	0.18777	0.68981	0.12242
35 A	0.20022	0.65939	0.14039
36 A	0.21819	0.62211	0.15971
37 A	0.23412	0.60472	0.16116
38 T	0.55755	0.27899	0.16345
39 T	0.56745	0.26724	0.16532
40 A	0.57913	0.25177	0.1691
41 T	0.59155	0.22901	0.17945
42 T	0.59834	0.21544	0.18623
43 T	0.62874	0.16840	0.20286
44 T	0.62150	0.14205	0.23645
45 A	0.62146	0.13953	0.23902
46 A	0.62829	0.12753	0.24419
47 T	0.64613	0.10587	0.248
48 T	0.66051	0.08763	0.25186
49 A	0.66338	0.08475	0.25186
50 T	0.67079	0.07684	0.25237
51 T	0.67635	0.07153	0.25211
52 T	0.67739	0.07034	0.25227
53 T	0.67511	0.07362	0.25128
54 T	0.67287	0.07742	0.24971
55 A	0.67026	0.08075	0.249
56 C	0.66719	0.08398	0.24882
57 A	0.64497	0.10857	0.24646
58 T	0.61838	0.13852	0.24309
59 C	0.61074	0.14694	0.24232
60 G	0.59187	0.16760	0.24053
61 A	0.58400	0.17712	0.23889
62 T	0.58262	0.17906	0.23833
63 A	0.56453	0.19802	0.23745
64 T	0.56305	0.19927	0.23768
65 T	0.55791	0.20282	0.23927
66 A	0.54336	0.21634	0.24029
67 A	0.53556	0.21511	0.24934
68 T	0.53361	0.21105	0.25534
69 G	0.52939	0.21193	0.25868
70 G	0.52681	0.21258	0.26062
71 T	0.52670	0.21063	0.26267
72 T	0.52416	0.20910	0.26674
73 G	0.51501	0.21521	0.26978
74 C	0.50997	0.21868	0.27135
75 A	0.50848	0.21896	0.27256
76 G	0.50828	0.21604	0.27568
77 C	0.50994	0.21122	0.27884
78 A	0.51123	0.20862	0.28014
79 T	0.51315	0.20442	0.28243
80 A	0.51595	0.18193	0.30213
81 T	0.52022	0.15327	0.32651
82 T	0.52045	0.14794	0.33161
83 T	0.52077	0.12644	0.35279
84 T	0.51981	0.11910	0.36108
85 A	0.51683	0.12020	0.36297
86 T	0.51636	0.09972	0.38391
87 T	0.51446	0.09883	0.3867
88 T	0.51034	0.10279	0.38687
89 A	0.50463	0.11222	0.38315
90 T	0.50303	0.11003	0.38695
91 G	0.49984	0.11375	0.38641
92 A	0.49439	0.12686	0.37875
93 T	0.49300	0.12764	0.37936
94 T	0.49206	0.13198	0.37596
95 A	0.49060	0.14394	0.36546
96 T	0.48985	0.14874	0.36141
97 T	0.48889	0.16941	0.3417
98 A	0.48730	0.21018	0.30252
99 T	0.48312	0.26087	0.25601
100 A	0.46991	0.36127	0.16881
101 A	0.46720	0.39395	0.13885
102 A	0.46480	0.42584	0.10936
103 A	0.46439	0.44512	0.0905
104 A	0.46526	0.45921	0.07553
105 T	0.46810	0.45847	0.07343
106 A	0.46981	0.46378	0.0664
107 A	0.47287	0.46208	0.06505
108 T	0.47833	0.45373	0.06794
109 C	0.47945	0.45281	0.06774
110 A	0.48170	0.45773	0.06057
111 A	0.48907	0.45244	0.05848
112 T	0.50467	0.43400	0.06132
113 T	0.50992	0.42954	0.06055
114 A	0.51464	0.42741	0.05795
115 T	0.52499	0.41189	0.06311
116 C	0.52606	0.41008	0.06385
117 A	0.52661	0.41381	0.05959
118 A	0.53336	0.41145	0.05519
119 C	0.54533	0.40579	0.04888
120 A	0.56873	0.38579	0.04548
121 A	0.60862	0.34647	0.04491
122 A	0.65959	0.29068	0.04974
123 T	0.74381	0.19326	0.06293
124 C	0.76664	0.16852	0.06484
125 C	0.78804	0.14670	0.06527
126 A	0.78618	0.15943	0.05439
127 A	0.78801	0.16462	0.04737
128 G	0.78644	0.16683	0.04673
129 T	0.79114	0.16309	0.04577
130 T	0.78344	0.17061	0.04596
131 A	0.75171	0.20174	0.04655
132 C	0.73698	0.21560	0.04743
133 T	0.72472	0.22835	0.04693
134 C	0.69840	0.25539	0.0462
135 A	0.67329	0.28117	0.04554
136 G	0.66306	0.29183	0.0451
137 A	0.65581	0.30068	0.04351
138 T	0.65079	0.30489	0.04432
139 C	0.63514	0.31930	0.04555
140 A	0.62489	0.32728	0.04783
141 A	0.61218	0.33663	0.05119
142 C	0.60684	0.33949	0.05368
143 C	0.60189	0.34395	0.05415
144 T	0.59716	0.34884	0.054
145 A	0.58446	0.36157	0.05397
146 A	0.57345	0.37233	0.05422
147 T	0.55811	0.38630	0.05558
148 A	0.49711	0.44401	0.05887
149 T	0.46354	0.45705	0.07941
150 A	0.38199	0.52964	0.08837
151 A	0.34278	0.56061	0.09661
152 A	0.32753	0.56244	0.11003
153 T	0.31690	0.54995	0.13315
154 G	0.29448	0.53761	0.16791
155 T	0.27905	0.53924	0.18171
156 T	0.24794	0.56360	0.18846
157 A	0.22212	0.58134	0.19655
158 A	0.20722	0.58449	0.2083
159 A	0.19278	0.59064	0.21658
160 A	0.18414	0.59152	0.22434
161 T	0.17521	0.59518	0.2296
162 A	0.16692	0.60509	0.22799
163 A	0.15927	0.63678	0.20395
164 T	0.15497	0.63761	0.20742
165 T	0.14537	0.64432	0.2103
166 A	0.11904	0.67897	0.20199
167 A	0.10832	0.68735	0.20433
168 A	0.10351	0.68056	0.21593
169 A	0.10059	0.66865	0.23075
170 A	0.09966	0.64597	0.25437
171 A	0.10001	0.58022	0.31977
172 G	0.10186	0.52511	0.37304
173 G	0.10658	0.43705	0.45638
174 T	0.11241	0.38979	0.49781
175 G	0.11634	0.37010	0.51356
176 T	0.12257	0.35301	0.52442
177 T	0.12656	0.33421	0.53923
178 G	0.12870	0.32461	0.54669
179 T	0.13289	0.30647	0.56064
180 T	0.13857	0.31548	0.54594
181 A	0.14111	0.34545	0.51344
182 A	0.14443	0.35386	0.50171
183 A	0.15039	0.35039	0.49922
184 G	0.15692	0.34602	0.49706
185 A	0.17521	0.35290	0.47189
186 T	0.22049	0.31620	0.46331
187 T	0.23571	0.32690	0.43739
188 A	0.24129	0.33519	0.42352
189 T	0.25173	0.32214	0.42613
190 T	0.25433	0.33023	0.41544
191 T	0.25342	0.37023	0.37635
192 A	0.23079	0.50250	0.26671
193 A	0.21515	0.63534	0.14951
194 T	0.20607	0.67857	0.11536
195 G	0.18307	0.72910	0.08783
196 A	0.16855	0.77263	0.05882
197 A	0.14788	0.79715	0.05497
198 A	0.12675	0.82248	0.05077
199 A	0.11719	0.83892	0.04389
200 A	0.12308	0.84061	0.0363
201 C	0.13967	0.82487	0.03546
202 A	0.15851	0.80845	0.03304
203 A	0.19061	0.77752	0.03187
204 T	0.22852	0.73931	0.03217
205 C	0.24457	0.72309	0.03234
206 A	0.25421	0.71347	0.03233
207 A	0.27116	0.69628	0.03255
208 C	0.30362	0.66357	0.03281
209 C	0.32325	0.64393	0.03282
210 T	0.35378	0.61368	0.03254
211 A	0.36470	0.60277	0.03254
212 T	0.38064	0.58671	0.03265
213 A	0.36812	0.59935	0.03253
214 A	0.38064	0.58498	0.03438
215 A	0.46919	0.47142	0.05939
216 T	0.59668	0.32321	0.08011
217 T	0.61943	0.28885	0.09171
218 T	0.62588	0.26341	0.1107
219 A	0.61979	0.26013	0.12007
220 A	0.61222	0.24875	0.13904
221 A	0.61212	0.22695	0.16093
222 C	0.61858	0.20604	0.17538
223 C	0.62741	0.19506	0.17753
224 C	0.63036	0.19185	0.17779
225 T	0.63391	0.18855	0.17754
226 T	0.63357	0.18925	0.17719
227 T	0.62885	0.19482	0.17633
228 C	0.61961	0.20420	0.17619
229 G	0.61574	0.21166	0.17259
230 A	0.61042	0.21988	0.16971
231 T	0.59831	0.23126	0.17043
232 A	0.57220	0.26063	0.16718
233 T	0.54698	0.28834	0.16469
234 A	0.41989	0.42773	0.15237
235 A	0.25444	0.60099	0.14457
236 A	0.16365	0.67474	0.1616
237 A	0.14058	0.67040	0.18901
238 G	0.12824	0.65936	0.2124
239 G	0.12034	0.68890	0.19075
240 T	0.11146	0.76063	0.12791
241 A	0.09596	0.83782	0.06621
242 A	0.08943	0.86910	0.04148
243 T	0.08671	0.86918	0.04411
244 A	0.08371	0.87004	0.04625
245 A	0.08204	0.86902	0.04895
246 A	0.08149	0.86581	0.0527
247 C	0.08164	0.86080	0.05757
248 C	0.08209	0.85991	0.05801
249 A	0.08316	0.86090	0.05593
250 T	0.08463	0.86197	0.0534
251 T	0.08509	0.86374	0.05117
252 A	0.08588	0.86775	0.04636
253 A	0.08750	0.86449	0.04801
254 A	0.08938	0.84276	0.06786
255 A	0.09330	0.80750	0.0992
256 A	0.09855	0.77040	0.13105
257 A	0.11778	0.63219	0.25003
258 A	0.13678	0.46405	0.39917
259 G	0.15419	0.36698	0.47883
260 A	0.17248	0.36108	0.46644
261 A	0.19195	0.38205	0.42601
262 A	0.23466	0.37682	0.38851
263 T	0.30489	0.31452	0.38059
264 T	0.35820	0.26237	0.37943
265 T	0.37633	0.26221	0.36146
266 T	0.37791	0.32250	0.2996
267 T	0.37704	0.40883	0.21414
268 A	0.37231	0.49130	0.13639
269 A	0.36827	0.52666	0.10507
270 A	0.36526	0.53399	0.10075
271 T	0.35985	0.54840	0.09175
272 A	0.36069	0.56568	0.07364
273 T	0.36420	0.56845	0.06735
274 C	0.36230	0.57069	0.06701
275 T	0.36237	0.57174	0.0659
276 T	0.35923	0.57701	0.06376
277 A	0.35510	0.58197	0.06292
278 C	0.35395	0.58340	0.06265
279 A	0.35370	0.58374	0.06256
280 A	0.35521	0.58216	0.06262
281 C	0.36339	0.57389	0.06272
282 A	0.37887	0.55840	0.06273
283 C	0.41523	0.52203	0.06274
284 C	0.47209	0.46512	0.06278
285 T	0.53379	0.40353	0.06267
286 T	0.57541	0.36212	0.06248
287 A	0.60198	0.33560	0.06243
288 C	0.63624	0.30104	0.06272
289 T	0.69270	0.24447	0.06284
290 T	0.75542	0.18019	0.06439
291 T	0.80614	0.12579	0.06807
292 A	0.82370	0.10516	0.07113
293 A	0.82758	0.09779	0.07463
294 C	0.83738	0.07221	0.09041
295 T	0.85315	0.05716	0.0897
296 T	0.83513	0.08018	0.08469
297 T	0.79224	0.13412	0.07365
298 G	0.73957	0.19541	0.06503
299 A	0.70986	0.22520	0.06495
300 T	0.67369	0.25730	0.06901
301 T	0.63018	0.29856	0.07126
302 A	0.56296	0.36363	0.07341
303 C	0.51803	0.40614	0.07583
304 C	0.47241	0.45275	0.07484
305 A	0.42998	0.50111	0.0689
306 A	0.36129	0.57770	0.06101
307 A	0.32350	0.62665	0.04985
308 A	0.29988	0.66557	0.03455
309 T	0.28044	0.68628	0.03327
310 A	0.24738	0.71919	0.03342
311 A	0.21989	0.74604	0.03406
312 T	0.20978	0.75423	0.03599
313 C	0.19385	0.76846	0.03769
314 A	0.17428	0.78886	0.03687
315 A	0.15883	0.80418	0.03699
316 A	0.14641	0.81647	0.03712
317 A	0.13995	0.82207	0.03798
318 A	0.13927	0.81987	0.04086
319 A	0.14425	0.78399	0.07176
320 T	0.15618	0.71671	0.1271
321 T	0.16122	0.65112	0.18765
322 A	0.15538	0.61652	0.2281
323 C	0.14969	0.56200	0.28831
324 T	0.14331	0.54509	0.3116
325 G	0.13040	0.52540	0.34419
326 A	0.11459	0.52750	0.35791
327 A	0.10766	0.50835	0.38399
328 G	0.10985	0.47255	0.4176
329 G	0.11523	0.39256	0.49221
330 A	0.12669	0.34486	0.52845
331 T	0.14235	0.30269	0.55496
332 T	0.14312	0.28307	0.5738
333 A	0.14192	0.26674	0.59134
334 T	0.14068	0.24835	0.61098
335 G	0.13650	0.25761	0.60589
336 T	0.13498	0.26710	0.59792
337 A	0.13355	0.29088	0.57557
338 A	0.13315	0.31567	0.55118
339 A	0.13188	0.33345	0.53467
340 T	0.12988	0.34943	0.52069
341 T	0.12146	0.38801	0.49054
342 A	0.09952	0.47033	0.43015
343 G	0.08728	0.55267	0.36005
344 A	0.08303	0.59767	0.3193
345 A	0.08115	0.60928	0.30956
346 G	0.08188	0.61047	0.30765
347 T	0.09374	0.60777	0.29849
348 A	0.09681	0.61855	0.28464
349 A	0.10262	0.62062	0.27676
350 T	0.10622	0.63572	0.25806
351 A	0.10409	0.69092	0.20498
352 G	0.10517	0.71531	0.17952
353 G	0.09696	0.77528	0.12776
354 A	0.09528	0.80969	0.09504
355 A	0.09357	0.83794	0.06848
356 A	0.10168	0.83837	0.05994
357 A	0.11178	0.83488	0.05335
358 G	0.12706	0.82397	0.04897
359 G	0.14415	0.81124	0.04461
360 A	0.17108	0.79288	0.03604
361 A	0.20160	0.76724	0.03116
362 A	0.23001	0.73900	0.03099
363 A	0.25532	0.71231	0.03237
364 A	0.29136	0.66751	0.04114
365 A	0.35507	0.58428	0.06065
366 T	0.43024	0.49681	0.07294
367 T	0.46765	0.45508	0.07726
368 C	0.47417	0.44600	0.07983
369 A	0.47871	0.44344	0.07786
370 C	0.48952	0.43430	0.07618
371 A	0.50520	0.42453	0.07027
372 A	0.52438	0.41158	0.06404
373 A	0.55660	0.38904	0.05436
374 T	0.62576	0.32525	0.049
375 A	0.65486	0.30025	0.04488
376 T	0.70680	0.23556	0.05764
377 A	0.72183	0.21757	0.0606
378 T	0.74399	0.19071	0.06529
379 A	0.74468	0.19822	0.0571
380 A	0.75280	0.19772	0.04947
381 T	0.76241	0.18672	0.05087
382 A	0.76690	0.18333	0.04978
383 T	0.77533	0.17002	0.05465
384 T	0.77895	0.16543	0.05561
385 A	0.77883	0.16341	0.05776
386 A	0.77926	0.16080	0.05994
387 T	0.77890	0.15743	0.06367
388 G	0.77825	0.15401	0.06774
389 C	0.77835	0.15137	0.07028
390 A	0.77848	0.15128	0.07025
391 G	0.77929	0.14815	0.07256
392 A	0.78194	0.14478	0.07329
393 C	0.78537	0.14034	0.07429
394 A	0.79191	0.13709	0.071
395 A	0.80004	0.13086	0.0691
396 T	0.81285	0.11998	0.06717
397 T	0.82235	0.12006	0.05759
398 T	0.82675	0.11829	0.05495
399 A	0.82699	0.11704	0.05597
400 G	0.82895	0.10533	0.06572
401 A	0.83184	0.09829	0.06987
402 C	0.84333	0.08076	0.07591
403 T	0.85664	0.06805	0.07531
404 C	0.86122	0.06538	0.0734
405 T	0.86651	0.06502	0.06847
406 T	0.86790	0.06423	0.06787
407 T	0.86823	0.06414	0.06762
408 T	0.86180	0.06994	0.06826
409 G	0.85634	0.07596	0.0677
410 C	0.85459	0.07715	0.06827
411 G	0.85279	0.07855	0.06866
412 A	0.85212	0.07890	0.06898
413 G	0.85268	0.07793	0.06938
414 T	0.85256	0.07794	0.06951
415 C	0.84685	0.08363	0.06952
416 C	0.84372	0.08690	0.06939
417 A	0.84377	0.08758	0.06865
418 G	0.84634	0.08568	0.06799
419 A	0.84952	0.08277	0.0677
420 A	0.85819	0.07428	0.06753
421 T	0.86143	0.07065	0.06792
422 T	0.86218	0.06771	0.07011
423 C	0.85855	0.07046	0.07099
424 A	0.85688	0.07209	0.07104
425 C	0.85672	0.07206	0.07122
426 T	0.85611	0.07331	0.07058
427 T	0.84989	0.07978	0.07032
428 T	0.83758	0.09256	0.06986
429 T	0.81791	0.11214	0.06995
430 A	0.78766	0.14221	0.07013
431 C	0.76783	0.15420	0.07798
432 T	0.74442	0.17411	0.08146
433 T	0.71942	0.19816	0.08241
434 T	0.68243	0.23605	0.08151
435 A	0.58207	0.34184	0.07609
436 A	0.48454	0.44660	0.06887
437 A	0.43253	0.49815	0.06932
438 T	0.39039	0.53512	0.0745
439 A	0.32451	0.60099	0.0745
440 A	0.30332	0.62218	0.0745
441 A	0.29238	0.63402	0.07359
442 G	0.28709	0.64167	0.07125
443 A	0.28447	0.64944	0.06609
444 T	0.28344	0.65102	0.06555
445 A	0.28162	0.65407	0.06431
446 T	0.28022	0.65321	0.06657
447 A	0.27729	0.65776	0.06495
448 A	0.27630	0.65703	0.06666
449 A	0.27659	0.65187	0.07154
450 A	0.27677	0.63527	0.08797
451 T	0.27755	0.60975	0.1127
452 T	0.27861	0.58745	0.13395
453 T	0.27875	0.55999	0.16126
454 A	0.27764	0.54308	0.17928
455 T	0.27793	0.50515	0.21691
456 A	0.27609	0.49254	0.23137
457 A	0.27630	0.47233	0.25137
458 A	0.28084	0.40043	0.31873
459 T	0.28826	0.31271	0.39903
460 A	0.28464	0.30813	0.40723
461 A	0.28391	0.29127	0.42482
462 T	0.28735	0.27595	0.4367
463 G	0.28795	0.30716	0.40489
464 A	0.28110	0.42365	0.29525
465 A	0.28034	0.47912	0.24054
466 T	0.28666	0.49946	0.21388
467 T	0.28630	0.55119	0.1625
468 A	0.28406	0.59766	0.11829
469 A	0.28289	0.60041	0.1167
470 T	0.28481	0.59706	0.11813
471 T	0.28320	0.60174	0.11507
472 A	0.28141	0.61062	0.10797
473 C	0.28224	0.60978	0.10799
474 T	0.28320	0.60958	0.10722
475 A	0.28312	0.61035	0.10654
476 T	0.28469	0.60916	0.10615
477 C	0.28597	0.60705	0.10697
478 G	0.28892	0.60482	0.10626
479 A	0.29981	0.59381	0.10638
480 A	0.31738	0.57672	0.10589
481 C	0.33766	0.55647	0.10587
482 A	0.36123	0.53547	0.10331
483 T	0.41257	0.47900	0.10842
484 A	0.43836	0.45104	0.1106
485 T	0.48389	0.40458	0.11153
486 A	0.53252	0.35506	0.11241
487 T	0.67199	0.20405	0.12395
488 T	0.73116	0.13831	0.13053
489 A	0.75225	0.11640	0.13135
490 T	0.78404	0.08258	0.13338
491 T	0.80023	0.06828	0.1315
492 T	0.78637	0.09280	0.12083
493 A	0.74041	0.15707	0.10253
494 G	0.71329	0.18867	0.09804
495 T	0.70046	0.21074	0.08881
496 T	0.67407	0.26042	0.06551
497 T	0.62325	0.33094	0.04581
498 A	0.53167	0.42743	0.04089
499 A	0.43873	0.52623	0.03504
500 A	0.39092	0.57502	0.03407
501 A	0.37877	0.58792	0.0333
502 C	0.37375	0.59318	0.03307
503 A	0.36979	0.59845	0.03176
504 A	0.36853	0.59987	0.0316
505 T	0.36818	0.60029	0.03153
506 T	0.33020	0.63869	0.03111
507 A	0.25024	0.71956	0.0302
508 C	0.20713	0.76377	0.0291
509 A	0.16654	0.80687	0.02659
510 A	0.14279	0.83169	0.02553
511 A	0.12931	0.84544	0.02525
512 A	0.12353	0.85013	0.02634
513 A	0.11969	0.85263	0.02768
514 A	0.12330	0.83718	0.03953
515 A	0.13875	0.79909	0.06216
516 T	0.16074	0.71687	0.12238
517 G	0.16466	0.66729	0.16805
518 G	0.17261	0.62854	0.19884
519 T	0.19214	0.58472	0.22314
520 A	0.20288	0.54315	0.25397
521 A	0.20649	0.47463	0.31889
522 T	0.21223	0.39019	0.39758
523 C	0.21180	0.35089	0.4373
524 T	0.21048	0.35455	0.43498
525 T	0.20078	0.39518	0.40404
526 A	0.18089	0.46439	0.35472
527 A	0.16457	0.50601	0.32943
528 A	0.15724	0.51911	0.32364
529 G	0.15669	0.47501	0.3683
530 A	0.15705	0.40402	0.43893
531 T	0.15902	0.35567	0.48531
532 T	0.16100	0.31854	0.52046
533 T	0.16137	0.30365	0.53497
534 A	0.16049	0.30332	0.53619
535 A	0.16026	0.31082	0.52892
536 T	0.16045	0.31063	0.52893
537 G	0.16011	0.31283	0.52707
538 A	0.15858	0.32460	0.51682
539 T	0.15798	0.33070	0.51132
540 T	0.15667	0.34170	0.50164
541 G	0.15207	0.37868	0.46924
542 A	0.14930	0.42733	0.42337
543 A	0.14944	0.50064	0.34992
544 G	0.15140	0.60680	0.2418
545 A	0.15652	0.66230	0.18118
546 T	0.16857	0.69261	0.13883
547 A	0.17708	0.69324	0.12968
548 A	0.20726	0.66302	0.12971
549 A	0.25324	0.60635	0.14041
550 T	0.28502	0.56200	0.15298
551 C	0.29208	0.54841	0.15951
552 T	0.29875	0.54266	0.15859
553 T	0.29735	0.54685	0.15579
554 G	0.27502	0.57531	0.14968
555 C	0.24375	0.61927	0.13698
556 G	0.22092	0.66041	0.11867
557 A	0.21810	0.68597	0.09593
558 T	0.22482	0.69483	0.08035
559 A	0.22146	0.71469	0.06385
560 A	0.21859	0.72692	0.05448
561 T	0.22615	0.71949	0.05436
562 G	0.22758	0.71966	0.05276
563 A	0.23696	0.71295	0.05009
564 A	0.26358	0.68503	0.05139
565 A	0.30760	0.63909	0.05331
566 A	0.38525	0.56044	0.05431
567 T	0.50307	0.44194	0.05499
568 A	0.54504	0.40233	0.05263
569 A	0.57977	0.36751	0.05272
570 A	0.59234	0.35282	0.05483
571 T	0.60380	0.33854	0.05765
572 T	0.60796	0.33264	0.0594
573 T	0.60394	0.33567	0.0604
574 A	0.59485	0.34533	0.05981
575 A	0.59141	0.34669	0.0619
576 A	0.59501	0.33597	0.06902
577 A	0.60079	0.30678	0.09244
578 T	0.62336	0.24932	0.12732
579 T	0.63891	0.20724	0.15385
580 T	0.65319	0.18240	0.16441
581 C	0.64769	0.18274	0.16956
582 A	0.63982	0.19730	0.16288
583 T	0.62980	0.21168	0.15853
584 T	0.57718	0.27526	0.14757
585 T	0.51166	0.35119	0.13715
586 A	0.36717	0.51434	0.11849
587 A	0.26626	0.62873	0.10501
588 A	0.20377	0.70207	0.09416
589 A	0.14970	0.76220	0.08809
590 A	0.12318	0.78719	0.08963
591 T	0.11556	0.78952	0.09492
592 A	0.09187	0.81782	0.09031
593 A	0.07559	0.84013	0.08429
594 C	0.06411	0.85648	0.07941
595 A	0.05613	0.87688	0.06699
596 A	0.05478	0.88165	0.06357
597 A	0.05478	0.88319	0.06203
598 G	0.05662	0.87859	0.06479
599 A	0.05823	0.88046	0.06131
600 T	0.05841	0.87922	0.06237
601 A	0.05504	0.89942	0.04554
602 A	0.05344	0.90039	0.04617
603 A	0.05432	0.89722	0.04846
604 A	0.05766	0.87779	0.06456
605 A	0.06747	0.83712	0.09541
606 A	0.08081	0.77445	0.14474
607 T	0.09919	0.67021	0.2306
608 T	0.11003	0.60587	0.28411
609 A	0.11651	0.51442	0.36907
610 A	0.12304	0.44591	0.43105
611 A	0.12985	0.39398	0.47618
612 A	0.13534	0.35646	0.5082
613 G	0.13711	0.35807	0.50482
614 A	0.14235	0.40799	0.44967
615 A	0.15547	0.45108	0.39345
616 A	0.17017	0.51707	0.31276
617 T	0.18735	0.52040	0.29225
618 T	0.20058	0.56454	0.23488
619 A	0.20511	0.62082	0.17407
620 T	0.21370	0.63399	0.15232
621 A	0.21597	0.66875	0.11528
622 A	0.22024	0.67679	0.10297
623 A	0.22811	0.67357	0.09832
624 T	0.25216	0.64844	0.0994
625 T	0.25810	0.64236	0.09953
626 T	0.26126	0.64132	0.09743
627 A	0.26154	0.64630	0.09216
628 T	0.26340	0.64643	0.09017
629 T	0.26393	0.64768	0.0884
630 A	0.26407	0.65039	0.08554
631 A	0.26691	0.64873	0.08436
632 A	0.27784	0.63602	0.08614
633 T	0.29648	0.61485	0.08866
634 G	0.30881	0.60143	0.08976
635 A	0.33529	0.57498	0.08973
636 A	0.37248	0.53641	0.0911
637 A	0.44448	0.46327	0.09225
638 A	0.53967	0.36650	0.09382
639 T	0.67163	0.23258	0.09579
640 C	0.70901	0.19386	0.09714
641 T	0.77224	0.13103	0.09673
642 T	0.81231	0.09102	0.09667
643 A	0.82447	0.08202	0.09352
644 T	0.84616	0.06098	0.09286
645 T	0.85111	0.05772	0.09118
646 T	0.85079	0.06041	0.08881
647 T	0.84689	0.06694	0.08617
648 G	0.83657	0.07749	0.08594
649 G	0.82875	0.08477	0.08648
650 T	0.82563	0.08689	0.08748
651 T	0.81462	0.09746	0.08791
652 C	0.80892	0.10284	0.08824
653 C	0.80731	0.10451	0.08818
654 G	0.80693	0.10567	0.0874
655 A	0.80796	0.10475	0.08729
656 T	0.80983	0.10295	0.08722
657 T	0.81032	0.10254	0.08714
658 A	0.80867	0.10436	0.08696
659 C	0.80746	0.10472	0.08781
660 T	0.80713	0.10579	0.08708
661 G	0.80508	0.10927	0.08564
662 A	0.80475	0.11070	0.08456
663 A	0.80500	0.11166	0.08333
664 T	0.80645	0.11220	0.08135
665 A	0.80729	0.11195	0.08077
666 T	0.81099	0.10732	0.08168
667 A	0.81194	0.10689	0.08117
668 A	0.81383	0.10291	0.08326
669 T	0.81652	0.09693	0.08655
670 A	0.81885	0.08963	0.09151
671 A	0.81948	0.07871	0.10181
672 T	0.82023	0.06638	0.11338
673 T	0.82051	0.05894	0.12055
674 C	0.82058	0.05023	0.12919
675 T	0.82049	0.05484	0.12467
676 T	0.82036	0.06277	0.11687
677 T	0.82024	0.07003	0.10973
678 G	0.81831	0.07710	0.10459
679 A	0.81779	0.08279	0.09942
680 G	0.81776	0.08397	0.09827
681 T	0.81789	0.08389	0.09822
682 G	0.81712	0.08786	0.09503
683 A	0.81767	0.09224	0.09008
684 T	0.81842	0.09063	0.09096
685 A	0.81765	0.09347	0.08888
686 A	0.81792	0.09418	0.0879
687 T	0.81944	0.09329	0.08727
688 C	0.81987	0.09287	0.08726
689 A	0.81947	0.09480	0.08573
690 A	0.82027	0.09544	0.08429
691 A	0.82148	0.09450	0.08402
692 C	0.82330	0.09292	0.08378
693 A	0.82332	0.09479	0.08189
694 A	0.82643	0.09158	0.08198
695 C	0.83315	0.08474	0.08211
696 T	0.84310	0.07529	0.0816
697 T	0.84698	0.07145	0.08157
698 C	0.85020	0.06756	0.08224
699 T	0.85606	0.06174	0.0822
700 T	0.85650	0.06178	0.08172
701 C	0.85394	0.06336	0.0827
702 T	0.85375	0.06433	0.08192
703 T	0.84804	0.07121	0.08075
704 A	0.83945	0.08070	0.07986
705 T	0.83214	0.08792	0.07994
706 G	0.81777	0.10205	0.08018
707 G	0.81062	0.10820	0.08118
708 T	0.80725	0.11010	0.08266
709 A	0.80314	0.11368	0.08319
710 C	0.80035	0.11604	0.08361
711 A	0.79837	0.11802	0.08361
712 A	0.79847	0.11768	0.08385
713 A	0.79911	0.11652	0.08437
714 A	0.79888	0.11612	0.085
715 G	0.79936	0.11538	0.08526
716 T	0.80192	0.11124	0.08684
717 A	0.80207	0.11113	0.0868
718 A	0.80241	0.11017	0.08742
719 A	0.80340	0.10783	0.08876
720 T	0.80453	0.10359	0.09188
721 T	0.80509	0.09973	0.09518
722 A	0.80550	0.09707	0.09742
723 T	0.80656	0.08922	0.10422
724 T	0.80657	0.08188	0.11155
725 T	0.80503	0.07963	0.11534
726 T	0.79752	0.08265	0.11982
727 A	0.78974	0.08373	0.12653
728 T	0.78358	0.07937	0.13705
729 T	0.77464	0.07385	0.15152
730 T	0.75191	0.09134	0.15675
731 C	0.72577	0.11366	0.16058
732 A	0.70666	0.13802	0.15532
733 T	0.69147	0.15981	0.14872
734 A	0.66809	0.18635	0.14556
735 T	0.65925	0.19438	0.14637
736 G	0.65102	0.20217	0.14682
737 G	0.64883	0.20312	0.14806
738 G	0.64823	0.20300	0.14877
739 C	0.64873	0.20221	0.14906
740 T	0.64996	0.20175	0.1483
741 T	0.65025	0.20352	0.14623
742 T	0.64970	0.21011	0.14019
743 A	0.64816	0.21733	0.13451
744 T	0.64711	0.22355	0.12935
745 A	0.64463	0.23497	0.1204
746 A	0.64335	0.23836	0.11829
747 A	0.64299	0.23859	0.11843
748 A	0.64371	0.23568	0.12061
749 T	0.64576	0.22253	0.1317
750 A	0.64388	0.21798	0.13814
751 G	0.64325	0.21067	0.14608
752 A	0.64226	0.20658	0.15116
753 T	0.64419	0.18426	0.17154
754 G	0.64411	0.16424	0.19166
755 A	0.64918	0.14535	0.20547
756 T	0.65709	0.12616	0.21675
757 T	0.65861	0.11539	0.22601
758 T	0.65272	0.14876	0.19852
759 T	0.64112	0.17818	0.1807
760 G	0.62084	0.21768	0.16148
761 T	0.60970	0.25005	0.14026
762 A	0.58693	0.29331	0.11976
763 G	0.57940	0.31331	0.10729
764 A	0.57916	0.32158	0.09926
765 T	0.58372	0.31719	0.09909
766 A	0.58266	0.31934	0.09799
767 A	0.58339	0.32091	0.0957
768 T	0.57905	0.32609	0.09486
769 C	0.56813	0.33792	0.09396
770 A	0.56199	0.34767	0.09034
771 A	0.55569	0.35701	0.0873
772 A	0.55164	0.36269	0.08567
773 T	0.55438	0.35847	0.08715
774 A	0.55201	0.36068	0.08731
775 T	0.55640	0.35404	0.08957
776 A	0.55492	0.35529	0.08979
777 T	0.55809	0.35066	0.09125
778 A	0.55721	0.35134	0.09145
779 A	0.56105	0.34509	0.09386
780 A	0.57211	0.32862	0.09927
781 T	0.62642	0.26253	0.11105
782 T	0.65703	0.21728	0.12568
783 T	0.67330	0.18215	0.14454
784 T	0.67691	0.16835	0.15474
785 C	0.66845	0.16123	0.17032
786 T	0.65533	0.17590	0.16877
787 A	0.60398	0.23785	0.15818
788 A	0.55963	0.29030	0.15007
789 A	0.54631	0.30387	0.14982
790 A	0.54169	0.30712	0.15119
791 T	0.54118	0.29306	0.16575
792 T	0.52832	0.29835	0.17333
793 A	0.46329	0.36421	0.1725
794 A	0.45142	0.38571	0.16287
795 T	0.44031	0.41078	0.14892
796 G	0.41724	0.44318	0.13959
797 G	0.40504	0.45921	0.13576
798 T	0.39656	0.47424	0.1292
799 A	0.38732	0.49108	0.1216
800 G	0.38282	0.49866	0.11852
801 T	0.37773	0.50654	0.11573
802 A	0.36689	0.51988	0.11323
803 A	0.35934	0.52907	0.11159
804 T	0.35677	0.53075	0.11248
805 G	0.35467	0.53176	0.11357
806 A	0.35378	0.52970	0.11652
807 T	0.35575	0.51802	0.12622
808 A	0.35620	0.50728	0.13653
809 A	0.36030	0.48873	0.15097
810 A	0.37090	0.42991	0.19918
811 T	0.38040	0.36978	0.24982
812 T	0.38281	0.35252	0.26467
813 G	0.38352	0.34322	0.27327
814 G	0.38546	0.33840	0.27613
815 A	0.39185	0.32104	0.2871
816 A	0.39988	0.25228	0.34783
817 A	0.42157	0.22227	0.35617
818 T	0.45247	0.18082	0.36671
819 T	0.46764	0.16017	0.37218
820 T	0.47095	0.16179	0.36726
821 A	0.47149	0.16449	0.36402
822 T	0.46994	0.16721	0.36285
823 A	0.45736	0.18368	0.35896
824 T	0.45191	0.19160	0.35649
825 A	0.43047	0.21544	0.35409
826 T	0.41126	0.23533	0.35342
827 G	0.34622	0.31608	0.33769
828 T	0.32073	0.37313	0.30613
829 G	0.25663	0.51407	0.2293
830 A	0.21485	0.69168	0.09347
831 A	0.20127	0.71497	0.08375
832 A	0.19515	0.72443	0.08042
833 A	0.17838	0.74420	0.07742
834 T	0.16994	0.75307	0.07699
835 C	0.16313	0.75916	0.07772
836 A	0.15598	0.76599	0.07803
837 A	0.15323	0.76839	0.07837
838 A	0.15231	0.76903	0.07866
839 C	0.15606	0.76485	0.0791
840 A	0.16158	0.75941	0.07901
841 G	0.16974	0.75009	0.08018
842 A	0.18694	0.73200	0.08106
843 T	0.20901	0.70716	0.08383
844 T	0.22152	0.69123	0.08726
845 T	0.22584	0.67488	0.09928
846 A	0.22536	0.65719	0.11745
847 G	0.22778	0.63738	0.13484
848 A	0.23388	0.60599	0.16012
849 A	0.24625	0.56180	0.19196
850 C	0.27089	0.46621	0.26291
851 A	0.30361	0.41376	0.28263
852 A	0.38150	0.29290	0.3256
853 T	0.50824	0.13818	0.35358
854 T	0.51793	0.12792	0.35415
855 A	0.51830	0.14469	0.33701
856 T	0.51850	0.14425	0.33725
857 T	0.51466	0.16996	0.31538
858 T	0.48450	0.22561	0.28989
859 G	0.42387	0.33839	0.23774
860 A	0.39345	0.41712	0.18943
861 T	0.36757	0.46766	0.16477
862 A	0.33879	0.52318	0.13803
863 T	0.31552	0.56603	0.11846
864 A	0.26988	0.63839	0.09173
865 G	0.25183	0.66497	0.0832
866 A	0.24913	0.68780	0.06307
867 A	0.24501	0.69463	0.06037
868 A	0.24235	0.69775	0.0599
869 A	0.24063	0.69662	0.06275
870 A	0.23811	0.69697	0.06493
871 C	0.23805	0.69173	0.07022
872 T	0.23805	0.69124	0.07071
873 A	0.23668	0.69320	0.07012
874 A	0.23901	0.69102	0.06997
875 C	0.24241	0.68754	0.07006
876 A	0.24878	0.68158	0.06964
877 G	0.26447	0.66449	0.07104
878 A	0.29575	0.63067	0.07358
879 A	0.33737	0.58324	0.0794
880 T	0.39336	0.52145	0.08519
881 T	0.43162	0.44483	0.12355
882 A	0.47389	0.33936	0.18674
883 T	0.51241	0.24772	0.23987
884 C	0.52217	0.19157	0.28626
885 A	0.51802	0.18956	0.29242
886 T	0.52336	0.18925	0.28738
887 T	0.51984	0.19948	0.28069
888 A	0.45853	0.29766	0.2438
889 G	0.42193	0.33840	0.23967
890 A	0.38962	0.36898	0.24139
891 T	0.37466	0.37927	0.24607
892 A	0.35222	0.39829	0.2495
893 C	0.34156	0.40393	0.25451
894 C	0.33369	0.41034	0.25597
895 C	0.32824	0.41507	0.2567
896 C	0.32587	0.41830	0.25583
897 T	0.32210	0.42666	0.25125
898 C	0.30853	0.44148	0.25
899 A	0.28724	0.46664	0.24612
900 T	0.27594	0.47973	0.24433
901 A	0.25627	0.50302	0.24072
902 C	0.24782	0.51112	0.24106
903 G	0.24404	0.51692	0.23904
904 A	0.24198	0.52041	0.23761
905 T	0.24215	0.52109	0.23676
906 A	0.23665	0.53605	0.2273
907 G	0.23329	0.55119	0.21552
908 G	0.23556	0.53726	0.22718
909 A	0.24071	0.55184	0.20745
910 A	0.25332	0.54525	0.20142
911 A	0.28886	0.47244	0.23871
912 A	0.29274	0.44385	0.2634
913 T	0.29536	0.44573	0.2589
914 T	0.28829	0.47888	0.23284
915 A	0.27036	0.52888	0.20076
916 A	0.25938	0.58335	0.15727
917 A	0.24580	0.61497	0.13923
918 A	0.24445	0.62438	0.13117
919 A	0.24459	0.63746	0.11796
920 A	0.24878	0.65585	0.09537
921 A	0.25090	0.64582	0.10328
922 T	0.25550	0.62247	0.12203
923 A	0.25095	0.61850	0.13055
924 T	0.25387	0.60071	0.14543
925 C	0.25297	0.60327	0.14375
926 A	0.25423	0.62239	0.12338
927 A	0.25808	0.62876	0.11317
928 A	0.26712	0.62965	0.10323
929 A	0.28358	0.61333	0.10308
930 T	0.31004	0.58791	0.10205
931 A	0.31945	0.57372	0.10683
932 A	0.35536	0.53116	0.11348
933 T	0.39183	0.49205	0.11612
934 G	0.41163	0.47575	0.11263
935 A	0.44200	0.44721	0.11078
936 T	0.50181	0.38300	0.11519
937 T	0.53354	0.34521	0.12124
938 A	0.53456	0.33546	0.12999
939 T	0.55663	0.30682	0.13654
940 C	0.54518	0.31008	0.14473
941 A	0.53628	0.32990	0.13382
942 A	0.54508	0.32181	0.13311
943 A	0.56943	0.29821	0.13235
944 T	0.57904	0.28790	0.13306
945 T	0.57854	0.28827	0.13319
946 C	0.56723	0.29423	0.13854
947 A	0.56158	0.30169	0.13672
948 C	0.56352	0.30066	0.13583
949 T	0.57825	0.29483	0.12692
950 A	0.58269	0.29569	0.12162
951 T	0.59104	0.29297	0.116
952 A	0.59240	0.30415	0.10344
953 T	0.59810	0.30250	0.09939
954 A	0.59433	0.30707	0.0986
955 A	0.58971	0.31594	0.09435
956 A	0.59000	0.31473	0.09527
957 T	0.59644	0.30305	0.10051
958 G	0.59944	0.29428	0.10628
959 A	0.60059	0.28900	0.11041
960 A	0.60413	0.27862	0.11725
961 T	0.61215	0.24625	0.1416
962 T	0.61392	0.22996	0.15612
963 G	0.61588	0.20300	0.18113
964 G	0.62345	0.18366	0.19289
965 G	0.62530	0.17994	0.19476
966 A	0.62765	0.18259	0.18976
967 A	0.62885	0.17888	0.19227
968 A	0.63103	0.16910	0.19986
969 T	0.63559	0.14889	0.21552
970 A	0.63826	0.14284	0.2189
971 C	0.64186	0.13704	0.22109
972 T	0.65095	0.16662	0.18243
973 A	0.65507	0.20059	0.14434
974 A	0.66070	0.20538	0.13391
975 T	0.67342	0.20503	0.12155
976 G	0.67725	0.21179	0.11096
977 A	0.68237	0.21081	0.10682
978 T	0.69042	0.19549	0.11409
979 G	0.69252	0.19247	0.11501
980 T	0.69554	0.18854	0.11591
981 T	0.69660	0.18601	0.11739
982 C	0.69564	0.18579	0.11856
983 T	0.69487	0.18664	0.11849
984 C	0.69019	0.19157	0.11824
985 C	0.68656	0.19713	0.11631
986 G	0.68387	0.20413	0.112
987 T	0.68354	0.20786	0.1086
988 A	0.68200	0.20984	0.10816
989 T	0.68594	0.20605	0.10801
990 G	0.68458	0.20745	0.10797
991 A	0.68658	0.20523	0.1082
992 C	0.69193	0.19948	0.10859
993 A	0.70354	0.18759	0.10887
994 G	0.71799	0.17297	0.10904
995 C	0.76823	0.12253	0.10923
996 T	0.80784	0.08287	0.10929
997 C	0.81583	0.07492	0.10925
998 T	0.82722	0.06349	0.10928
999 T	0.83533	0.05543	0.10924
1000 T	0.84259	0.04836	0.10905
1001 A	0.84277	0.04817	0.10907
1002 T	0.84448	0.04604	0.10947
1003 T	0.84414	0.04494	0.11092
1004 T	0.84236	0.04533	0.1123
1005 A	0.83982	0.04621	0.11397
1006 A	0.83915	0.04628	0.11457
1007 A	0.83829	0.04371	0.118
1008 T	0.83952	0.03888	0.1216
1009 T	0.83698	0.04005	0.12298
1010 T	0.77228	0.10723	0.12049
1011 T	0.68420	0.20327	0.11253
1012 G	0.50591	0.40009	0.094
1013 G	0.39504	0.52419	0.08076
1014 A	0.25050	0.68805	0.06145
1015 G	0.13901	0.80850	0.05249
1016 A	0.10349	0.85177	0.04473
1017 A	0.09063	0.86869	0.04067
1018 A	0.08530	0.87626	0.03844
1019 A	0.08381	0.87859	0.03759
1020 T	0.08349	0.87879	0.03772
1021 G	0.08309	0.87926	0.03765
1022 A	0.08307	0.87995	0.03698
1023 T	0.08288	0.87979	0.03733
1024 C	0.08092	0.88169	0.03739
1025 A	0.07945	0.88384	0.03671
1026 A	0.07752	0.88596	0.03652
1027 C	0.07642	0.88597	0.03761
1028 A	0.07486	0.88772	0.03742
1029 A	0.07387	0.88928	0.03686
1030 A	0.07374	0.88883	0.03742
1031 A	0.07516	0.88542	0.03942
1032 A	0.07835	0.87178	0.04988
1033 A	0.08556	0.75424	0.16021
1034 A	0.09984	0.63591	0.26425
1035 T	0.12345	0.44853	0.42803
1036 A	0.13716	0.34990	0.51294
1037 T	0.15470	0.19149	0.65382
1038 T	0.16040	0.08719	0.75241
1039 T	0.16132	0.08672	0.75195
1040 C	0.15533	0.13762	0.70705
1041 T	0.14565	0.30036	0.55399
1042 A	0.13828	0.52151	0.34021
1043 A	0.13338	0.63778	0.22884
1044 A	0.13163	0.74492	0.12345
1045 A	0.13178	0.77702	0.09121
1046 A	0.13172	0.79846	0.06982
1047 T	0.13205	0.80525	0.0627
1048 A	0.13178	0.81076	0.05745
1049 T	0.13197	0.81500	0.05303
1050 A	0.13189	0.81660	0.0515
1051 A	0.13263	0.81522	0.05215
1052 A	0.13348	0.81251	0.054
1053 T	0.13521	0.80889	0.05589
1054 T	0.13595	0.80753	0.05652
1055 T	0.13631	0.80717	0.05652
1056 T	0.13624	0.80858	0.05519
1057 A	0.13577	0.81018	0.05405
1058 G	0.13585	0.81053	0.05362
1059 A	0.13624	0.81062	0.05315
1060 A	0.13835	0.80789	0.05377
1061 A	0.15186	0.79222	0.05593
1062 A	0.20857	0.73073	0.06069
1063 G	0.29982	0.63075	0.06943
1064 C	0.49369	0.42626	0.08005
1065 T	0.71213	0.20447	0.08339
1066 T	0.79975	0.11701	0.08323
1067 T	0.85128	0.06720	0.08153
1068 A	0.86345	0.05862	0.07793
1069 T	0.87840	0.04599	0.0756
1070 T	0.87924	0.04822	0.07254
1071 T	0.87174	0.05785	0.0704
1072 T	0.86507	0.06521	0.06972
1073 T	0.82967	0.10276	0.06758
1074 T	0.75195	0.18156	0.06649
1075 G	0.62808	0.30637	0.06555
1076 C	0.53359	0.40109	0.06531
1077 A	0.45288	0.48337	0.06374
1078 A	0.40998	0.52832	0.0617
1079 T	0.39766	0.54097	0.06137
1080 C	0.38378	0.55561	0.06061
1081 A	0.35777	0.58386	0.05837
1082 A	0.34214	0.60043	0.05743
1083 T	0.32733	0.61557	0.0571
1084 A	0.28611	0.65718	0.0567
1085 G	0.26415	0.67938	0.05648
1086 A	0.25093	0.69268	0.05639
1087 G	0.24633	0.69733	0.05634
1088 A	0.24591	0.69777	0.05632
1089 T	0.24808	0.69538	0.05654
1090 A	0.24797	0.69536	0.05667
1091 A	0.24866	0.69317	0.05817
1092 A	0.25049	0.68637	0.06314
1093 T	0.25516	0.66275	0.08209
1094 T	0.25667	0.63627	0.10706
1095 A	0.25532	0.61496	0.12972
1096 T	0.25443	0.55819	0.18737
1097 T	0.25101	0.47303	0.27596
1098 G	0.24108	0.38813	0.37079
1099 A	0.22659	0.34204	0.43137
1100 A	0.22462	0.28893	0.48645
1101 T	0.22536	0.24660	0.52804
1102 G	0.22243	0.23488	0.5427
1103 A	0.22162	0.22384	0.55453
1104 T	0.22145	0.19576	0.58279
1105 T	0.21647	0.19411	0.58942
1106 T	0.20956	0.20761	0.58283
1107 A	0.19516	0.24680	0.55803
1108 A	0.19038	0.28036	0.52926
1109 G	0.18534	0.30750	0.50716
1110 T	0.18282	0.37063	0.44655
1111 A	0.17885	0.46363	0.35752
1112 A	0.17765	0.50904	0.31331
1113 A	0.17498	0.54733	0.2777
1114 T	0.17400	0.56054	0.26546
1115 G	0.17278	0.56976	0.25746
1116 T	0.17247	0.57665	0.25088
1117 A	0.17112	0.58645	0.24243
1118 A	0.17108	0.58928	0.23964
1119 T	0.17186	0.58884	0.2393
1120 G	0.17168	0.59162	0.23669
1121 A	0.17321	0.59570	0.23109
1122 T	0.17889	0.58888	0.23223
1123 A	0.17998	0.61400	0.20602
1124 A	0.18084	0.63622	0.18295
1125 T	0.18697	0.64762	0.16541
1126 A	0.18616	0.65452	0.15933
1127 A	0.18781	0.65751	0.15468
1128 A	0.19572	0.65222	0.15206
1129 A	0.21839	0.62932	0.15229
1130 C	0.27045	0.57278	0.15676
1131 A	0.32183	0.55816	0.12001
1132 A	0.36222	0.53035	0.10742
1133 G	0.43056	0.46864	0.1008
1134 T	0.52071	0.38521	0.09407
1135 G	0.55820	0.35539	0.08641
1136 T	0.59653	0.31972	0.08375
1137 T	0.60763	0.31073	0.08163
1138 T	0.60973	0.31207	0.0782
1139 A	0.60157	0.32569	0.07274
1140 T	0.58856	0.33937	0.07207
1141 G	0.56477	0.36478	0.07046
1142 A	0.53929	0.39383	0.06687
1143 A	0.53552	0.40058	0.0639
1144 A	0.53911	0.40121	0.05968
1145 A	0.54384	0.40069	0.05547
1146 A	0.56552	0.38439	0.05008
1147 A	0.58713	0.36282	0.05006
1148 A	0.60542	0.34386	0.05072
1149 A	0.61263	0.33419	0.05319
1150 A	0.62230	0.32339	0.05432
1151 C	0.63770	0.30579	0.05651
1152 A	0.65135	0.29379	0.05486
1153 A	0.67145	0.27297	0.05558
1154 T	0.72612	0.21597	0.05791
1155 T	0.74767	0.19351	0.05882
1156 T	0.75700	0.18367	0.05933
1157 C	0.76314	0.17289	0.06396
1158 T	0.77000	0.16368	0.06633
1159 T	0.77304	0.15758	0.06938
1160 T	0.77502	0.15327	0.0717
1161 T	0.77755	0.14734	0.07511
1162 T	0.78054	0.13696	0.08251
1163 T	0.78114	0.11695	0.10191
1164 A	0.78115	0.09356	0.12529
1165 C	0.78284	0.06622	0.15095
1166 C	0.78540	0.05989	0.1547
1167 A	0.78751	0.06542	0.14706
1168 G	0.79069	0.07715	0.13216
1169 A	0.79677	0.07840	0.12484
1170 T	0.79942	0.07926	0.12132
1171 A	0.80050	0.08514	0.11436
1172 A	0.80255	0.08337	0.11408
1173 A	0.80481	0.08148	0.11372
1174 T	0.80732	0.08366	0.10901
1175 T	0.80925	0.08600	0.10475
1176 A	0.80899	0.09687	0.09414
1177 T	0.80920	0.10416	0.08663
1178 T	0.80883	0.11034	0.08083
1179 T	0.80683	0.11411	0.07906
1180 T	0.80313	0.11765	0.07921
1181 T	0.79718	0.12368	0.07913
1182 A	0.78676	0.13439	0.07885
1183 C	0.78167	0.13909	0.07925
1184 C	0.77869	0.14200	0.07932
1185 T	0.77652	0.14461	0.07887
1186 G	0.77273	0.14963	0.07764
1187 G	0.77192	0.15110	0.07699
1188 C	0.77222	0.15099	0.07679
1189 A	0.77326	0.14990	0.07684
1190 A	0.78302	0.13895	0.07804
1191 T	0.80177	0.11907	0.07916
1192 C	0.80870	0.11142	0.07988
1193 C	0.81268	0.10734	0.07998
1194 T	0.82035	0.09973	0.07992
1195 A	0.82504	0.09533	0.07964
1196 A	0.83002	0.09050	0.07947
1197 T	0.83890	0.08171	0.0794
1198 G	0.84547	0.07465	0.07987
1199 T	0.85715	0.06180	0.08105
1200 T	0.86232	0.05624	0.08144
1201 A	0.86316	0.05623	0.08061
1202 T	0.86230	0.05453	0.08317
1203 A	0.84915	0.06557	0.08529
1204 A	0.83506	0.07576	0.08918
1205 T	0.81269	0.09210	0.0952
1206 G	0.77555	0.13045	0.094
1207 A	0.73022	0.18937	0.08041
1208 A	0.71201	0.21434	0.07366
1209 T	0.67909	0.25276	0.06816
1210 G	0.57807	0.35528	0.06665
1211 A	0.54795	0.38702	0.06503
1212 T	0.53290	0.40207	0.06503
1213 A	0.51402	0.42096	0.06502
1214 C	0.50257	0.43232	0.06511
1215 T	0.48678	0.44818	0.06504
1216 C	0.46643	0.46853	0.06504
1217 C	0.43070	0.50444	0.06486
1218 A	0.40427	0.53116	0.06457
1219 A	0.38028	0.55562	0.0641
1220 C	0.36986	0.56609	0.06405
1221 A	0.36047	0.57564	0.06389
1222 C	0.35470	0.58136	0.06394
1223 A	0.35182	0.58412	0.06407
1224 T	0.35227	0.58285	0.06489
1225 A	0.34941	0.58538	0.06522
1226 A	0.35001	0.57521	0.07478
1227 G	0.35274	0.55952	0.08774
1228 G	0.35650	0.52503	0.11847
1229 A	0.36287	0.48546	0.15166
1230 T	0.37841	0.42504	0.19654
1231 A	0.38344	0.40550	0.21106
1232 A	0.38924	0.36333	0.24743
1233 T	0.39160	0.25660	0.35181
1234 G	0.39260	0.22509	0.38231
1235 T	0.39289	0.20826	0.39886
1236 T	0.39248	0.19530	0.41222
1237 A	0.39159	0.19136	0.41706
1238 A	0.39023	0.17786	0.43192
1239 A	0.38936	0.16217	0.44847
1240 G	0.38858	0.13185	0.47957
1241 A	0.38830	0.11472	0.49698
1242 T	0.38858	0.10237	0.50906
1243 T	0.38836	0.11394	0.4977
1244 A	0.38770	0.15590	0.4564
1245 T	0.38742	0.18934	0.42323
1246 G	0.38661	0.26264	0.35074
1247 A	0.38614	0.40868	0.20519
1248 A	0.38487	0.46363	0.1515
1249 T	0.38508	0.50375	0.11118
1250 A	0.38477	0.52928	0.08595
1251 T	0.38589	0.52935	0.08475
1252 A	0.38656	0.53017	0.08327
1253 A	0.38822	0.52868	0.08309
1254 T	0.39200	0.52405	0.08395
1255 C	0.39390	0.52158	0.08451
1256 T	0.39596	0.51965	0.08439
1257 T	0.39688	0.51880	0.08431
1258 G	0.39631	0.52020	0.08349
1259 A	0.39663	0.52173	0.08163
1260 T	0.40014	0.51936	0.08049
1261 A	0.40113	0.51768	0.0812
1262 A	0.40267	0.51582	0.0815
1263 A	0.40607	0.51221	0.08172
1264 G	0.41346	0.50417	0.08236
1265 C	0.42442	0.49341	0.08217
1266 G	0.44971	0.47069	0.0796
1267 A	0.50413	0.41620	0.07967
1268 A	0.55518	0.36495	0.07987
1269 A	0.64696	0.27243	0.08061
1270 T	0.79148	0.12720	0.08132
1271 C	0.83830	0.07807	0.08363
1272 T	0.87221	0.04370	0.08409
1273 T	0.88611	0.02955	0.08433
1274 T	0.88701	0.02868	0.08431
1275 T	0.88458	0.03109	0.08433
1276 T	0.87985	0.03603	0.08413
1277 T	0.87452	0.04135	0.08413
1278 T	0.86336	0.05213	0.08451
1279 G	0.84689	0.06868	0.08443
1280 A	0.83754	0.07809	0.08437
1281 A	0.81970	0.09495	0.08536
1282 C	0.80970	0.10381	0.08649
1283 A	0.80429	0.10932	0.08639
1284 A	0.79942	0.11355	0.08704
1285 G	0.79869	0.11357	0.08773
1286 T	0.79960	0.11212	0.08828
1287 A	0.79722	0.11442	0.08836
1288 C	0.79646	0.11261	0.09093
1289 T	0.79456	0.11415	0.09129
1290 T	0.78696	0.12198	0.09106
1291 A	0.78157	0.12770	0.09072
1292 C	0.77942	0.12991	0.09068
1293 A	0.77895	0.13102	0.09003
1294 T	0.77895	0.13033	0.09072
1295 T	0.77871	0.12990	0.09139
1296 T	0.77772	0.12935	0.09293
1297 T	0.77555	0.12998	0.09447
1298 C	0.76222	0.13242	0.10536
1299 G	0.74927	0.13966	0.11108
1300 G	0.74304	0.14221	0.11474
1301 G	0.74149	0.14008	0.11844
1302 T	0.74060	0.14321	0.11619
1303 T	0.73868	0.14962	0.1117
1304 T	0.73642	0.14275	0.12082
1305 A	0.73182	0.14771	0.12047
1306 A	0.72994	0.14773	0.12233
1307 G	0.72891	0.14581	0.12527
1308 T	0.72852	0.14723	0.12424
1309 A	0.72812	0.15006	0.12182
1310 A	0.72804	0.14909	0.12287
1311 A	0.72804	0.14662	0.12534
1312 A	0.72831	0.14085	0.13084
1313 T	0.72894	0.13239	0.13867
1314 T	0.72919	0.12752	0.14329
1315 C	0.72894	0.12671	0.14435
1316 A	0.72813	0.13723	0.13464
1317 A	0.72677	0.14633	0.12689
1318 T	0.72471	0.15922	0.11608
1319 T	0.72023	0.17650	0.10327
1320 A	0.71309	0.19080	0.09612
1321 A	0.71215	0.18439	0.10346
1322 A	0.71153	0.17796	0.11051
1323 T	0.71255	0.17440	0.11306
1324 A	0.71096	0.18716	0.10188
1325 T	0.72555	0.18162	0.09284
1326 T	0.72312	0.20752	0.06937
1327 A	0.70999	0.22305	0.06697
1328 T	0.70641	0.22486	0.06874
