# lcl|CP097583.1_cds_USQ93202.1_1
# AA	inside	membr	outside
1 A	0.56472	0.00000	0.43528
2 T	0.56450	0.00022	0.43528
3 G	0.56419	0.00054	0.43528
4 G	0.56419	0.00434	0.43148
5 T	0.56294	0.00985	0.4272
6 A	0.56294	0.01132	0.42573
7 A	0.55579	0.01908	0.42514
8 T	0.55579	0.01910	0.42512
9 T	0.55388	0.02117	0.42495
10 A	0.55387	0.04140	0.40473
11 T	0.55280	0.04311	0.40408
12 T	0.48973	0.10676	0.40351
13 C	0.25657	0.34393	0.3995
14 A	0.25646	0.34404	0.3995
15 A	0.25646	0.46437	0.27917
16 A	0.24637	0.47445	0.27917
17 A	0.23129	0.49009	0.27861
18 A	0.23107	0.49081	0.27811
19 A	0.22821	0.49382	0.27796
20 C	0.22384	0.50014	0.27602
21 T	0.21808	0.50590	0.27603
22 T	0.21838	0.50590	0.27572
23 T	0.21861	0.50599	0.27539
24 T	0.21861	0.50638	0.27501
25 G	0.21739	0.50792	0.2747
26 T	0.21697	0.50824	0.27479
27 T	0.21743	0.50749	0.27508
28 G	0.21662	0.50768	0.27569
29 A	0.21638	0.50814	0.27549
30 A	0.21672	0.50326	0.28003
31 A	0.21688	0.50106	0.28206
32 A	0.21790	0.49397	0.28813
33 T	0.23797	0.46245	0.29958
34 A	0.23958	0.45642	0.304
35 A	0.24575	0.38906	0.36519
36 A	0.25047	0.19843	0.55109
37 A	0.25471	0.18641	0.55889
38 A	0.34872	0.08838	0.5629
39 A	0.35439	0.07157	0.57403
40 T	0.36236	0.04831	0.58933
41 T	0.36517	0.04285	0.59198
42 G	0.36575	0.03909	0.59516
43 T	0.36735	0.03427	0.59838
44 T	0.36722	0.03210	0.60067
45 G	0.36701	0.03969	0.5933
46 T	0.36722	0.04220	0.59058
47 A	0.36720	0.04943	0.58337
48 T	0.36709	0.06213	0.57079
49 T	0.36334	0.11755	0.51912
50 T	0.35176	0.21603	0.43222
51 A	0.34418	0.23596	0.41986
52 G	0.33922	0.24163	0.41915
53 T	0.33333	0.24934	0.41733
54 G	0.32725	0.25788	0.41486
55 G	0.32588	0.26059	0.41352
56 C	0.32474	0.26200	0.41326
57 G	0.32366	0.26353	0.4128
58 A	0.32238	0.26494	0.41268
59 C	0.32356	0.26378	0.41266
60 A	0.32397	0.26345	0.41258
61 C	0.32522	0.26224	0.41254
62 C	0.32843	0.25918	0.41238
63 T	0.33147	0.25657	0.41196
64 A	0.33211	0.25672	0.41118
65 T	0.33517	0.25400	0.41084
66 T	0.33523	0.25419	0.41058
67 G	0.33502	0.25432	0.41067
68 G	0.33991	0.24887	0.41123
69 A	0.34492	0.24357	0.41151
70 A	0.35613	0.23135	0.41252
71 A	0.37557	0.21032	0.41411
72 T	0.43746	0.14385	0.41869
73 A	0.50610	0.06537	0.42853
74 T	0.51955	0.04358	0.43687
75 G	0.52095	0.03650	0.44255
76 T	0.52298	0.02758	0.44944
77 C	0.52435	0.02114	0.45451
78 T	0.52554	0.01911	0.45535
79 G	0.52525	0.01900	0.45574
80 A	0.52592	0.01772	0.45636
81 T	0.52613	0.01657	0.45731
82 T	0.52595	0.01745	0.4566
83 T	0.52522	0.01779	0.45699
84 G	0.52293	0.02016	0.4569
85 A	0.52235	0.02095	0.4567
86 G	0.52256	0.02078	0.45665
87 T	0.52306	0.02060	0.45633
88 T	0.52148	0.02366	0.45485
89 T	0.51138	0.03862	0.44999
90 T	0.49481	0.06852	0.43667
91 A	0.44923	0.11966	0.43112
92 G	0.40618	0.16738	0.42644
93 A	0.39145	0.18933	0.41922
94 G	0.38768	0.19555	0.41677
95 C	0.38634	0.19887	0.41479
96 T	0.38481	0.20678	0.4084
97 T	0.37808	0.22387	0.39805
98 T	0.36968	0.24083	0.38948
99 A	0.35658	0.26164	0.38178
100 G	0.34893	0.27098	0.3801
101 A	0.34742	0.27322	0.37935
102 T	0.34744	0.27303	0.37952
103 A	0.34651	0.27413	0.37936
104 C	0.34672	0.27341	0.37987
105 T	0.34717	0.27321	0.37962
106 T	0.34667	0.27403	0.3793
107 T	0.34532	0.27501	0.37967
108 A	0.34229	0.27866	0.37905
109 A	0.34183	0.27949	0.37868
110 A	0.34230	0.27693	0.38076
111 A	0.34362	0.26963	0.38674
112 G	0.34875	0.24400	0.40725
113 A	0.36271	0.21366	0.42363
114 A	0.36986	0.16936	0.46078
115 G	0.37700	0.12671	0.49629
116 T	0.38785	0.10325	0.5089
117 T	0.39238	0.09419	0.51343
118 A	0.39448	0.09402	0.5115
119 A	0.39945	0.08968	0.51087
120 T	0.40922	0.07593	0.51484
121 T	0.41613	0.06664	0.51723
122 A	0.42109	0.06221	0.5167
123 T	0.42220	0.07640	0.5014
124 A	0.42221	0.11073	0.46706
125 T	0.42209	0.13991	0.43799
126 T	0.42000	0.20185	0.37815
127 T	0.41804	0.22337	0.3586
128 T	0.41469	0.23103	0.35429
129 A	0.40155	0.24775	0.3507
130 A	0.39228	0.25692	0.3508
131 C	0.38546	0.26134	0.3532
132 C	0.35271	0.29483	0.35247
133 G	0.30907	0.34469	0.34624
134 A	0.28257	0.37548	0.34195
135 A	0.25009	0.41508	0.33483
136 G	0.23398	0.43171	0.33431
137 A	0.22771	0.43827	0.33402
138 C	0.22501	0.44084	0.33415
139 A	0.22298	0.44320	0.33382
140 C	0.22188	0.44461	0.3335
141 A	0.22349	0.44383	0.33268
142 A	0.22622	0.44127	0.33251
143 G	0.22946	0.43817	0.33237
144 A	0.23730	0.43026	0.33244
145 A	0.24955	0.41763	0.33282
146 C	0.27356	0.39110	0.33534
147 A	0.30454	0.35876	0.3367
148 G	0.33387	0.32724	0.33888
149 C	0.39214	0.26522	0.34264
150 T	0.41560	0.24010	0.34431
151 T	0.42107	0.23322	0.34571
152 T	0.42347	0.22062	0.35592
153 T	0.42215	0.21485	0.363
154 A	0.41992	0.21198	0.3681
155 A	0.41915	0.17822	0.40263
156 A	0.42310	0.13108	0.44583
157 A	0.42736	0.09880	0.47384
158 T	0.43598	0.05533	0.50869
159 T	0.43660	0.03630	0.5271
160 T	0.43367	0.03290	0.53343
161 T	0.42962	0.03403	0.53636
162 A	0.42561	0.03697	0.53742
163 C	0.42352	0.03694	0.53953
164 G	0.42180	0.04605	0.53215
165 T	0.42083	0.05542	0.52375
166 T	0.41791	0.06974	0.51236
167 T	0.41145	0.09587	0.49267
168 T	0.39113	0.13914	0.46974
169 T	0.36160	0.19353	0.44488
170 A	0.33937	0.23953	0.42111
171 T	0.33279	0.25663	0.41059
172 A	0.32879	0.27089	0.40033
173 A	0.32725	0.27446	0.39829
174 T	0.32673	0.27565	0.39762
175 T	0.32472	0.27790	0.39737
176 T	0.32152	0.28222	0.39625
177 T	0.31479	0.29194	0.39327
178 A	0.30004	0.31188	0.38807
179 A	0.29622	0.31770	0.38608
180 A	0.29260	0.32495	0.38245
181 A	0.28958	0.32978	0.38063
182 A	0.28009	0.34174	0.37817
183 T	0.27727	0.34222	0.38051
184 A	0.27103	0.34700	0.38197
185 A	0.26942	0.34592	0.38465
186 A	0.27059	0.34222	0.38719
187 T	0.28335	0.32543	0.39122
188 T	0.29405	0.31126	0.39469
189 A	0.30692	0.29339	0.3997
190 A	0.33050	0.26074	0.40875
191 T	0.36153	0.20808	0.43039
192 T	0.38314	0.16132	0.45554
193 T	0.39687	0.12947	0.47366
194 C	0.40079	0.11951	0.4797
195 T	0.40529	0.11275	0.48196
196 T	0.40407	0.11326	0.48267
197 T	0.39989	0.11810	0.48202
198 G	0.39522	0.12257	0.48221
199 C	0.39404	0.12610	0.47986
200 A	0.39436	0.13049	0.47515
201 T	0.39881	0.12347	0.47771
202 A	0.39799	0.12847	0.47354
203 A	0.40074	0.12685	0.47241
204 A	0.40278	0.12568	0.47154
205 T	0.40722	0.11380	0.47898
206 A	0.40492	0.12233	0.47275
207 T	0.40267	0.12845	0.46888
208 A	0.39420	0.15126	0.45454
209 A	0.34624	0.21979	0.43397
210 T	0.31716	0.28438	0.39847
211 G	0.26151	0.36117	0.37732
212 A	0.23959	0.40922	0.35118
213 A	0.22830	0.43189	0.33981
214 A	0.22274	0.44408	0.33318
215 A	0.22041	0.45095	0.32863
216 A	0.22008	0.45072	0.3292
217 G	0.21966	0.44956	0.33078
218 A	0.22042	0.44719	0.33238
219 A	0.22249	0.44143	0.33608
220 C	0.22661	0.43040	0.34299
221 G	0.23089	0.42255	0.34656
222 T	0.23836	0.41291	0.34873
223 C	0.24473	0.40473	0.35053
224 T	0.25093	0.39811	0.35096
225 G	0.25341	0.39513	0.35145
226 C	0.25631	0.39119	0.3525
227 A	0.25856	0.38922	0.35221
228 A	0.26174	0.38657	0.35169
229 A	0.27150	0.37490	0.3536
230 A	0.28470	0.35671	0.35859
231 A	0.30570	0.32620	0.3681
232 G	0.33667	0.22941	0.43392
233 T	0.38275	0.14554	0.47171
234 C	0.40229	0.07350	0.52421
235 T	0.42457	0.04130	0.53413
236 T	0.43163	0.03197	0.5364
237 G	0.43436	0.03299	0.53265
238 T	0.43674	0.04087	0.52239
239 T	0.43598	0.04595	0.51806
240 T	0.43478	0.04976	0.51547
241 T	0.43267	0.06541	0.50192
242 T	0.42793	0.08468	0.4874
243 G	0.41845	0.11822	0.46334
244 T	0.41495	0.14386	0.44119
245 T	0.40860	0.16626	0.42515
246 A	0.40179	0.21405	0.38416
247 A	0.39872	0.23135	0.36992
248 A	0.39665	0.24389	0.35947
249 A	0.39156	0.25142	0.35701
250 A	0.38821	0.25512	0.35667
251 A	0.38765	0.25551	0.35684
252 A	0.38746	0.25549	0.35705
253 G	0.38701	0.25570	0.35729
254 G	0.38747	0.25511	0.35743
255 T	0.38874	0.25398	0.35728
256 A	0.38921	0.25413	0.35666
257 A	0.39047	0.25293	0.3566
258 T	0.39502	0.24825	0.35673
259 A	0.39867	0.24457	0.35676
260 A	0.40607	0.23648	0.35745
261 T	0.42545	0.21558	0.35897
262 T	0.43405	0.20497	0.36098
263 T	0.44038	0.19619	0.36343
264 A	0.45099	0.18332	0.36569
265 G	0.46641	0.16173	0.37186
266 C	0.49180	0.12735	0.38085
267 T	0.52140	0.09754	0.38106
268 T	0.53848	0.08040	0.38112
269 T	0.56562	0.05395	0.38043
270 A	0.57269	0.04848	0.37883
271 A	0.57877	0.04212	0.37912
272 T	0.58124	0.03473	0.38403
273 T	0.58051	0.03262	0.38687
274 A	0.57862	0.03481	0.38657
275 G	0.57769	0.03525	0.38706
276 T	0.57663	0.03683	0.38654
277 G	0.57316	0.04040	0.38643
278 A	0.57224	0.04176	0.38601
279 T	0.57221	0.04229	0.38549
280 G	0.57031	0.04639	0.38331
281 C	0.56911	0.04923	0.38166
282 A	0.56901	0.05408	0.37691
283 G	0.56922	0.05468	0.3761
284 G	0.56956	0.05574	0.3747
285 A	0.56995	0.05583	0.37422
286 A	0.57071	0.05518	0.3741
287 C	0.57314	0.05250	0.37436
288 T	0.57661	0.04905	0.37434
289 C	0.57853	0.04716	0.37432
290 C	0.58099	0.04477	0.37424
291 T	0.58394	0.04212	0.37393
292 T	0.58552	0.04075	0.37372
293 T	0.58618	0.04018	0.37364
294 A	0.58582	0.04058	0.37359
295 A	0.58600	0.04022	0.37379
296 T	0.58702	0.03710	0.37588
297 T	0.58782	0.03368	0.37849
298 A	0.58765	0.03231	0.38005
299 G	0.58821	0.02951	0.38228
300 C	0.58851	0.02532	0.38617
301 G	0.58885	0.02404	0.38711
302 A	0.58982	0.02243	0.38776
303 T	0.59241	0.01842	0.38918
304 C	0.59366	0.01612	0.39022
305 C	0.59697	0.01255	0.39048
306 A	0.59767	0.01164	0.39069
307 G	0.59903	0.01007	0.3909
308 G	0.59974	0.00928	0.39097
309 T	0.60024	0.00878	0.39098
310 C	0.60035	0.00856	0.39109
311 T	0.60065	0.00856	0.39079
312 T	0.60068	0.00955	0.38977
313 T	0.60021	0.01217	0.38763
314 T	0.59909	0.01485	0.38606
315 T	0.59633	0.01999	0.38368
316 T	0.59473	0.02535	0.37993
317 T	0.59178	0.03031	0.37791
318 G	0.58470	0.04143	0.37387
319 G	0.57984	0.05626	0.36389
320 T	0.57741	0.06462	0.35797
321 A	0.57004	0.07839	0.35157
322 A	0.56707	0.08545	0.34748
323 A	0.56553	0.08846	0.34601
324 A	0.56402	0.09085	0.34513
325 G	0.56319	0.09251	0.34431
326 A	0.56285	0.09338	0.34377
327 A	0.56276	0.09397	0.34327
328 G	0.56279	0.09408	0.34313
329 T	0.56285	0.09419	0.34296
330 G	0.56279	0.09475	0.34246
331 A	0.56282	0.09556	0.34161
332 A	0.56291	0.09568	0.34142
333 A	0.56311	0.09546	0.34143
334 A	0.56381	0.09451	0.34168
335 A	0.56569	0.09197	0.34234
336 T	0.56934	0.08576	0.34489
337 G	0.57154	0.07929	0.34917
338 C	0.57499	0.06907	0.35595
339 T	0.58089	0.06170	0.35742
340 G	0.58348	0.05760	0.35892
341 G	0.58836	0.04973	0.36191
342 T	0.60039	0.03491	0.3647
343 T	0.60609	0.02772	0.36619
344 T	0.61043	0.01787	0.3717
345 T	0.61285	0.01583	0.37132
346 A	0.61358	0.01843	0.368
347 A	0.61433	0.02374	0.36193
348 T	0.61541	0.02509	0.3595
349 G	0.61598	0.02495	0.35907
350 T	0.61698	0.02594	0.35708
351 T	0.61752	0.02884	0.35364
352 A	0.61774	0.03375	0.34851
353 C	0.61816	0.03392	0.34792
354 T	0.61881	0.03411	0.34708
355 A	0.61888	0.03484	0.34627
356 T	0.61899	0.03510	0.34591
357 C	0.61881	0.03533	0.34587
358 G	0.61872	0.03545	0.34582
359 T	0.61865	0.03554	0.3458
360 T	0.61841	0.03580	0.34579
361 C	0.61816	0.03607	0.34577
362 C	0.61801	0.03626	0.34573
363 A	0.61797	0.03636	0.34567
364 G	0.61804	0.03630	0.34566
365 G	0.61827	0.03608	0.34565
366 A	0.61889	0.03546	0.34565
367 C	0.62049	0.03385	0.34565
368 C	0.62357	0.03075	0.34567
369 A	0.62800	0.02633	0.34568
370 T	0.63531	0.01900	0.34569
371 C	0.63808	0.01622	0.3457
372 A	0.63904	0.01526	0.3457
373 G	0.64125	0.01303	0.34572
374 C	0.64505	0.00910	0.34585
375 T	0.65025	0.00383	0.34591
376 T	0.65107	0.00299	0.34595
377 T	0.65167	0.00230	0.34604
378 T	0.65204	0.00184	0.34612
379 T	0.65218	0.00166	0.34616
380 T	0.65221	0.00134	0.34645
381 A	0.65221	0.00118	0.34661
382 T	0.65222	0.00096	0.34682
383 C	0.65223	0.00066	0.34712
384 T	0.65223	0.00049	0.34728
385 G	0.65219	0.00045	0.34736
386 C	0.65223	0.00037	0.3474
387 T	0.65222	0.00036	0.34741
388 T	0.65221	0.00038	0.34741
389 T	0.65219	0.00040	0.34741
390 C	0.65217	0.00042	0.34741
391 G	0.65216	0.00044	0.3474
392 T	0.65217	0.00044	0.34739
393 T	0.65217	0.00045	0.34737
394 C	0.65217	0.00045	0.34737
395 T	0.65218	0.00045	0.34737
396 T	0.65217	0.00047	0.34736
397 T	0.65214	0.00051	0.34736
398 C	0.65210	0.00054	0.34735
399 T	0.65209	0.00056	0.34735
400 T	0.65207	0.00057	0.34736
401 C	0.65193	0.00071	0.34736
402 T	0.65167	0.00097	0.34735
403 T	0.65130	0.00135	0.34735
404 T	0.65058	0.00207	0.34735
405 T	0.64990	0.00281	0.3473
406 G	0.64861	0.00421	0.34719
407 A	0.64805	0.00482	0.34713
408 T	0.64786	0.00494	0.3472
409 T	0.64757	0.00520	0.34723
410 G	0.64736	0.00539	0.34725
411 T	0.64729	0.00544	0.34727
412 C	0.64719	0.00552	0.3473
413 C	0.64714	0.00556	0.34729
414 T	0.64714	0.00556	0.3473
415 T	0.64715	0.00555	0.3473
416 T	0.64715	0.00555	0.3473
417 T	0.64714	0.00556	0.3473
418 C	0.64712	0.00557	0.34731
419 T	0.64712	0.00555	0.34733
420 T	0.64705	0.00558	0.34737
421 T	0.64686	0.00575	0.3474
422 T	0.64623	0.00637	0.3474
423 T	0.64491	0.00771	0.34738
424 T	0.64089	0.01155	0.34756
425 T	0.63303	0.01912	0.34786
426 A	0.62479	0.02709	0.34812
427 G	0.61931	0.03190	0.3488
428 G	0.61751	0.03344	0.34905
429 T	0.61670	0.03389	0.34941
430 T	0.61580	0.03480	0.3494
431 T	0.61427	0.03672	0.34901
432 T	0.61134	0.03963	0.34904
433 T	0.60585	0.04506	0.34909
434 T	0.59676	0.05422	0.34902
435 G	0.57490	0.07630	0.3488
436 C	0.55394	0.09766	0.34841
437 C	0.53347	0.12027	0.34626
438 T	0.49623	0.16811	0.33566
439 A	0.35391	0.32668	0.31941
440 A	0.24286	0.45375	0.30338
441 A	0.18751	0.52651	0.28598
442 A	0.15752	0.56374	0.27874
443 A	0.14127	0.58357	0.27516
444 A	0.13329	0.59289	0.27382
445 A	0.12942	0.59613	0.27444
446 A	0.12668	0.59750	0.27582
447 A	0.12516	0.59533	0.27951
448 G	0.12468	0.58857	0.28675
449 A	0.12450	0.58250	0.293
450 G	0.12425	0.57811	0.29764
451 A	0.12402	0.57871	0.29728
452 T	0.12392	0.58217	0.29392
453 G	0.12293	0.58695	0.29011
454 A	0.12179	0.59476	0.28345
455 A	0.12083	0.59507	0.2841
456 A	0.12054	0.59181	0.28765
457 A	0.12056	0.58363	0.29581
458 A	0.12148	0.56012	0.3184
459 G	0.12281	0.52631	0.35088
460 A	0.12611	0.49631	0.37758
461 A	0.13692	0.44199	0.42109
462 A	0.15296	0.29815	0.54888
463 G	0.16930	0.17554	0.65515
464 T	0.18763	0.10741	0.70497
465 T	0.19374	0.07566	0.7306
466 T	0.19611	0.06240	0.7415
467 T	0.19609	0.06217	0.74175
468 G	0.19452	0.07090	0.73459
469 T	0.19333	0.09140	0.71527
470 T	0.18951	0.11463	0.69586
471 A	0.18703	0.15481	0.65816
472 A	0.18616	0.18401	0.62982
473 A	0.18659	0.19561	0.61781
474 A	0.18895	0.19303	0.61803
475 T	0.19474	0.18644	0.61882
476 A	0.19998	0.18083	0.61919
477 T	0.20862	0.17139	0.61999
478 C	0.21067	0.16862	0.62071
479 G	0.21266	0.16698	0.62037
480 T	0.21546	0.16443	0.62011
481 T	0.21668	0.16378	0.61955
482 T	0.21690	0.16426	0.61885
483 T	0.21703	0.16456	0.61841
484 T	0.21657	0.16560	0.61782
485 T	0.21617	0.16641	0.61743
486 T	0.21538	0.16779	0.61683
487 G	0.21332	0.17137	0.61531
488 A	0.21347	0.17338	0.61316
489 A	0.21638	0.17165	0.61197
490 G	0.22464	0.16190	0.61346
491 G	0.24086	0.14370	0.61544
492 T	0.27625	0.10659	0.61715
493 T	0.29997	0.07945	0.62058
494 C	0.32688	0.05098	0.62214
495 T	0.34424	0.03460	0.62116
496 T	0.35293	0.02845	0.61862
497 T	0.35356	0.03136	0.61507
498 G	0.35215	0.03797	0.60988
499 A	0.35222	0.04674	0.60104
500 T	0.35239	0.05379	0.59382
501 T	0.35151	0.06575	0.58275
502 T	0.34961	0.07595	0.57444
503 T	0.34742	0.09091	0.56167
504 A	0.34133	0.11921	0.53945
505 T	0.33752	0.15244	0.51005
506 A	0.32708	0.20790	0.46503
507 T	0.32391	0.27024	0.40584
508 G	0.30504	0.31258	0.38238
509 A	0.29178	0.34188	0.36634
510 A	0.27291	0.37550	0.3516
511 T	0.26719	0.38312	0.3497
512 C	0.24661	0.40807	0.34532
513 A	0.22685	0.43700	0.33615
514 G	0.21764	0.45129	0.33107
515 C	0.21043	0.46715	0.32243
516 A	0.18982	0.51930	0.29088
517 A	0.17897	0.54189	0.27915
518 A	0.16810	0.56584	0.26606
519 A	0.16229	0.57830	0.25941
520 A	0.16280	0.58028	0.25692
521 G	0.16538	0.57616	0.25846
522 A	0.17174	0.56928	0.25898
523 A	0.17822	0.56081	0.26098
524 T	0.19011	0.54505	0.26484
525 C	0.19111	0.54151	0.26737
526 A	0.19584	0.53933	0.26483
527 A	0.21391	0.52144	0.26465
528 A	0.23869	0.49790	0.26342
529 G	0.27585	0.45390	0.27026
530 A	0.33296	0.39482	0.27222
531 T	0.36225	0.34298	0.29476
532 A	0.37599	0.31465	0.30936
533 C	0.39129	0.27622	0.33249
534 A	0.39692	0.26535	0.33773
535 T	0.40802	0.23817	0.3538
536 T	0.41757	0.21456	0.36788
537 A	0.42183	0.20488	0.3733
538 A	0.43114	0.19074	0.37811
539 T	0.45995	0.13698	0.40307
540 A	0.46751	0.11913	0.41336
541 T	0.47904	0.09333	0.42762
542 T	0.48250	0.08492	0.43258
543 A	0.48125	0.08990	0.42885
544 A	0.47622	0.09898	0.42479
545 T	0.47293	0.10018	0.42688
546 T	0.45964	0.11244	0.42792
547 A	0.42891	0.14790	0.42319
548 G	0.40947	0.16764	0.42289
549 C	0.39219	0.19083	0.41698
550 G	0.36417	0.25422	0.38161
551 A	0.35125	0.28706	0.36169
552 T	0.34517	0.31114	0.34368
553 T	0.33673	0.33893	0.32434
554 G	0.32795	0.35954	0.3125
555 T	0.32367	0.37074	0.3056
556 T	0.31394	0.38620	0.29986
557 A	0.30163	0.39834	0.30003
558 T	0.29589	0.40332	0.30078
559 G	0.28279	0.41503	0.30218
560 G	0.27517	0.42142	0.30342
561 C	0.26643	0.43015	0.30342
562 A	0.26335	0.43571	0.30095
563 A	0.26397	0.43773	0.2983
564 A	0.26546	0.43910	0.29544
565 G	0.26852	0.43734	0.29414
566 A	0.27383	0.43443	0.29174
567 A	0.28045	0.42469	0.29485
568 A	0.28266	0.41993	0.29741
569 G	0.28604	0.40499	0.30897
570 A	0.29629	0.37135	0.33235
571 A	0.30774	0.34317	0.3491
572 A	0.32548	0.30688	0.36764
573 T	0.36892	0.23493	0.39614
574 A	0.38846	0.19802	0.41352
575 T	0.41114	0.16183	0.42702
576 T	0.42550	0.13752	0.43698
577 T	0.43134	0.12373	0.44493
578 G	0.43295	0.12266	0.44439
579 T	0.43411	0.12252	0.44338
580 T	0.42924	0.12352	0.44724
581 T	0.41084	0.13950	0.44967
582 A	0.38920	0.15618	0.45463
583 G	0.37400	0.16627	0.45973
584 C	0.36583	0.16781	0.46636
585 C	0.35901	0.17743	0.46355
586 A	0.35453	0.20326	0.44221
587 G	0.35328	0.23860	0.40812
588 A	0.35450	0.29058	0.35493
589 G	0.35669	0.33232	0.31098
590 A	0.35992	0.35395	0.28612
591 A	0.36371	0.36844	0.26785
592 T	0.37033	0.36226	0.26741
593 T	0.37231	0.36103	0.26665
594 G	0.36617	0.36869	0.26514
595 A	0.36198	0.37504	0.26297
596 C	0.36076	0.37740	0.26184
597 T	0.35775	0.38697	0.25528
598 A	0.34175	0.41732	0.24093
599 A	0.33541	0.42901	0.23558
600 A	0.33060	0.43968	0.22972
601 A	0.33114	0.44592	0.22293
602 A	0.33963	0.43277	0.2276
603 A	0.34546	0.41766	0.23688
604 T	0.35061	0.38690	0.26249
605 T	0.35310	0.36391	0.28298
606 C	0.35212	0.35126	0.29661
607 G	0.35291	0.34682	0.30027
608 A	0.35746	0.33960	0.30294
609 A	0.37485	0.31863	0.30652
610 A	0.40910	0.28111	0.30979
611 C	0.46538	0.22349	0.31113
612 T	0.51170	0.18027	0.30802
613 A	0.52913	0.17836	0.2925
614 T	0.54282	0.16907	0.2881
615 T	0.53968	0.17836	0.28195
616 A	0.53224	0.18988	0.27788
617 T	0.53019	0.18521	0.2846
618 T	0.52655	0.18492	0.28852
619 A	0.51921	0.19046	0.29033
620 A	0.52089	0.18326	0.29585
621 T	0.53265	0.15639	0.31096
622 A	0.53037	0.15138	0.31826
623 G	0.53156	0.14233	0.32611
624 T	0.53767	0.13183	0.3305
625 T	0.53645	0.13191	0.33164
626 C	0.53439	0.13354	0.33208
627 T	0.53312	0.13814	0.32875
628 T	0.52936	0.14603	0.32461
629 T	0.51760	0.16428	0.31811
630 A	0.48988	0.19960	0.31053
631 G	0.47346	0.22061	0.30592
632 A	0.46328	0.23458	0.30214
633 A	0.45855	0.23839	0.30306
634 G	0.45786	0.23760	0.30454
635 A	0.46441	0.23091	0.30469
636 T	0.48433	0.20790	0.30777
637 A	0.49010	0.19999	0.30991
638 T	0.49794	0.18473	0.31734
639 T	0.50047	0.17362	0.32591
640 T	0.49736	0.17289	0.32974
641 T	0.48306	0.18749	0.32944
642 G	0.44804	0.23249	0.31946
643 A	0.43103	0.27691	0.29206
644 A	0.42029	0.29525	0.28447
645 A	0.41095	0.30548	0.28357
646 G	0.40332	0.31451	0.28217
647 A	0.39684	0.33519	0.26798
648 T	0.39673	0.33837	0.2649
649 G	0.39312	0.35493	0.25195
650 A	0.39392	0.36533	0.24075
651 A	0.39912	0.36583	0.23504
652 T	0.40866	0.34781	0.24353
653 T	0.41464	0.32371	0.26164
654 A	0.41731	0.31300	0.26969
655 T	0.42063	0.30233	0.27704
656 G	0.42009	0.30190	0.27801
657 T	0.42027	0.30497	0.27477
658 T	0.42023	0.30771	0.27206
659 T	0.41888	0.31140	0.26972
660 A	0.41485	0.31863	0.26653
661 A	0.41279	0.32132	0.26589
662 A	0.41260	0.31882	0.26858
663 A	0.41484	0.30900	0.27616
664 G	0.42048	0.28352	0.29601
665 G	0.43767	0.23529	0.32703
666 T	0.46933	0.19158	0.33908
667 G	0.47755	0.17876	0.3437
668 A	0.48311	0.16717	0.34973
669 A	0.48975	0.15482	0.35544
670 T	0.50928	0.12892	0.3618
671 A	0.51664	0.11993	0.36343
672 T	0.53610	0.09578	0.36812
673 G	0.54845	0.08105	0.37051
674 T	0.56173	0.07068	0.3676
675 T	0.56299	0.07604	0.36096
676 T	0.55849	0.09351	0.34799
677 T	0.55004	0.11494	0.33502
678 A	0.51600	0.17383	0.31017
679 G	0.50369	0.21234	0.28397
680 T	0.50137	0.22569	0.27293
681 T	0.48274	0.26218	0.25509
682 A	0.41909	0.35868	0.22223
683 T	0.39082	0.40504	0.20414
684 T	0.32506	0.48357	0.19137
685 G	0.23844	0.57167	0.18989
686 A	0.19216	0.62046	0.18738
687 A	0.17693	0.63646	0.18662
688 A	0.16759	0.64630	0.18611
689 C	0.16541	0.64864	0.18595
690 T	0.16526	0.64993	0.18481
691 A	0.15502	0.66322	0.18175
692 A	0.14715	0.67481	0.17804
693 T	0.14352	0.68198	0.1745
694 A	0.13274	0.69943	0.16783
695 A	0.12987	0.70389	0.16624
696 A	0.12874	0.70531	0.16594
697 A	0.13206	0.70162	0.16632
698 A	0.14118	0.68721	0.1716
699 T	0.15932	0.65840	0.18228
700 A	0.17374	0.63354	0.19272
701 A	0.19993	0.57497	0.2251
702 T	0.22982	0.52562	0.24456
703 A	0.23943	0.50058	0.26
704 A	0.25787	0.44713	0.29501
705 T	0.29017	0.32808	0.38175
706 T	0.30980	0.26737	0.42283
707 T	0.31467	0.21511	0.47022
708 A	0.31160	0.20209	0.4863
709 T	0.30896	0.20797	0.48307
710 A	0.29026	0.27663	0.43311
711 T	0.28077	0.30847	0.41076
712 A	0.24288	0.39182	0.3653
713 A	0.23073	0.42412	0.34515
714 A	0.22332	0.45980	0.31688
715 G	0.22276	0.46917	0.30807
716 A	0.21658	0.49325	0.29016
717 T	0.21248	0.51239	0.27513
718 A	0.19858	0.56253	0.23889
719 T	0.19492	0.59138	0.21369
720 A	0.18856	0.62146	0.18998
721 A	0.18562	0.63884	0.17554
722 G	0.18408	0.64645	0.16947
723 T	0.18392	0.65014	0.16595
724 T	0.18277	0.65424	0.16299
725 T	0.17985	0.65909	0.16106
726 A	0.17579	0.66465	0.15957
727 G	0.17428	0.66623	0.15949
728 A	0.17354	0.66689	0.15957
729 A	0.17545	0.66383	0.16072
730 G	0.18452	0.64915	0.16633
731 A	0.22621	0.60293	0.17086
732 A	0.27679	0.54644	0.17677
733 C	0.33988	0.46328	0.19684
734 A	0.37062	0.42444	0.20493
735 T	0.41465	0.34435	0.241
736 A	0.43311	0.31654	0.25036
737 T	0.47246	0.26796	0.25957
738 T	0.49314	0.24305	0.26381
739 G	0.51402	0.21017	0.27581
740 A	0.54020	0.16992	0.28988
741 G	0.58026	0.11382	0.30593
742 T	0.60864	0.08046	0.3109
743 T	0.63179	0.05113	0.31708
744 T	0.64615	0.03449	0.31936
745 T	0.65139	0.02781	0.3208
746 T	0.64920	0.03000	0.3208
747 T	0.63546	0.04967	0.31487
748 T	0.61435	0.08733	0.29832
749 T	0.55458	0.21230	0.23311
750 A	0.47605	0.31168	0.21228
751 G	0.34998	0.45518	0.19484
752 A	0.21251	0.61925	0.16823
753 A	0.15373	0.68636	0.1599
754 C	0.12887	0.71667	0.15446
755 A	0.11474	0.74324	0.14201
756 A	0.11111	0.75032	0.13857
757 G	0.10968	0.75350	0.13682
758 G	0.10968	0.75488	0.13545
759 T	0.10997	0.75623	0.13379
760 T	0.10984	0.75759	0.13257
761 A	0.10954	0.75852	0.13195
762 T	0.10923	0.75888	0.13189
763 A	0.10853	0.76209	0.12937
764 A	0.10824	0.76366	0.12811
765 T	0.10851	0.76707	0.12443
766 G	0.10810	0.76958	0.12232
767 A	0.10807	0.77231	0.11961
768 A	0.10886	0.77015	0.12098
769 A	0.11129	0.75556	0.13316
770 A	0.11728	0.72528	0.15744
771 A	0.13594	0.67839	0.18567
772 G	0.20122	0.54743	0.25135
773 A	0.22701	0.45062	0.32237
774 A	0.25087	0.29115	0.45797
775 T	0.28257	0.11974	0.59769
776 C	0.29035	0.06753	0.64212
777 T	0.29671	0.05272	0.65057
778 T	0.30413	0.04232	0.65355
779 T	0.30593	0.04319	0.65088
780 T	0.30668	0.05042	0.6429
781 G	0.30626	0.07654	0.6172
782 T	0.30310	0.14055	0.55634
783 T	0.27909	0.31891	0.402
784 A	0.23786	0.52191	0.24023
785 A	0.22533	0.59015	0.18452
786 A	0.22235	0.62662	0.15102
787 G	0.22146	0.63030	0.14824
788 T	0.22567	0.62819	0.14614
789 A	0.22500	0.62892	0.14608
790 T	0.22572	0.62824	0.14604
791 C	0.21973	0.63518	0.1451
792 G	0.17465	0.68592	0.13943
793 C	0.15438	0.70819	0.13743
794 A	0.11121	0.76345	0.12535
795 A	0.09140	0.78504	0.12356
796 G	0.08394	0.79285	0.12321
797 C	0.07427	0.80334	0.1224
798 A	0.06122	0.81884	0.11993
799 C	0.05525	0.82558	0.11916
800 G	0.05142	0.83157	0.11701
801 A	0.05306	0.83128	0.11566
802 A	0.05833	0.82706	0.11461
803 A	0.07106	0.81427	0.11467
804 A	0.10604	0.77841	0.11555
805 A	0.18305	0.69389	0.12306
806 T	0.36381	0.48673	0.14945
807 T	0.49833	0.31371	0.18796
808 T	0.52758	0.27496	0.19747
809 C	0.53517	0.26453	0.2003
810 T	0.52873	0.27909	0.19218
811 A	0.50829	0.30723	0.18448
812 A	0.49173	0.32358	0.18469
813 A	0.47910	0.33601	0.18489
814 A	0.47645	0.33667	0.18688
815 A	0.47825	0.29265	0.22909
816 A	0.47791	0.27545	0.24664
817 A	0.48972	0.21684	0.29344
818 T	0.49526	0.19158	0.31315
819 A	0.49525	0.18714	0.31762
820 A	0.49789	0.17652	0.32558
821 T	0.50147	0.16217	0.33636
822 T	0.50180	0.15831	0.3399
823 T	0.50003	0.16354	0.33643
824 A	0.46710	0.23402	0.29888
825 T	0.41664	0.32201	0.26135
826 A	0.23252	0.58800	0.17948
827 A	0.14845	0.70161	0.14994
828 T	0.11908	0.74024	0.14068
829 A	0.07383	0.81426	0.11191
830 A	0.07073	0.82106	0.10821
831 A	0.07011	0.82022	0.10968
832 A	0.07114	0.81466	0.1142
833 T	0.08057	0.79552	0.12391
834 T	0.08734	0.77164	0.14102
835 A	0.08893	0.75792	0.15314
836 A	0.09018	0.74641	0.16341
837 A	0.09187	0.73904	0.16909
838 G	0.09542	0.72970	0.17489
839 T	0.10080	0.71871	0.1805
840 T	0.10289	0.71325	0.18386
841 C	0.10413	0.71029	0.18558
842 A	0.10616	0.70771	0.18613
843 A	0.10919	0.70424	0.18656
844 A	0.11276	0.69982	0.18742
845 A	0.11872	0.69227	0.189
846 A	0.13133	0.67557	0.19311
847 A	0.17420	0.59006	0.23573
848 A	0.21917	0.48396	0.29687
849 T	0.30912	0.21016	0.48072
850 T	0.33774	0.10197	0.56029
851 A	0.34612	0.06463	0.58925
852 A	0.36785	0.00000	0.63215
