# lcl|CP097583.1_cds_USQ93575.1_1
# AA	inside	membr	outside
1 A	0.22993	0.00000	0.77007
2 T	0.22909	0.00084	0.77007
3 G	0.22836	0.00157	0.77007
4 A	0.22836	0.04809	0.72355
5 A	0.18096	0.14732	0.67172
6 A	0.18096	0.15108	0.66796
7 A	0.10976	0.22297	0.66727
8 A	0.10976	0.22298	0.66726
9 A	0.10730	0.22553	0.66717
10 A	0.10730	0.23008	0.66262
11 A	0.10714	0.23047	0.66238
12 T	0.10584	0.23188	0.66228
13 G	0.10213	0.23652	0.66135
14 A	0.10212	0.23653	0.66135
15 T	0.10212	0.24968	0.64819
16 A	0.10196	0.24984	0.64819
17 A	0.10173	0.25016	0.64811
18 T	0.10172	0.25020	0.64809
19 T	0.10113	0.25082	0.64806
20 T	0.09773	0.25458	0.64769
21 G	0.07161	0.28055	0.64784
22 C	0.07130	0.28075	0.64796
23 A	0.07168	0.28050	0.64782
24 T	0.07633	0.27596	0.64772
25 A	0.07846	0.27347	0.64806
26 A	0.08173	0.26952	0.64875
27 A	0.11977	0.22909	0.65114
28 T	0.16543	0.13464	0.69993
29 T	0.16760	0.12756	0.70483
30 T	0.16515	0.07027	0.76458
31 C	0.15494	0.07842	0.76664
32 A	0.14358	0.08841	0.76801
33 C	0.12943	0.10212	0.76846
34 G	0.10809	0.12363	0.76828
35 G	0.10437	0.12689	0.76874
36 A	0.10306	0.12707	0.76987
37 G	0.10254	0.13122	0.76624
38 C	0.11259	0.12157	0.76585
39 T	0.11099	0.13426	0.75475
40 A	0.10641	0.14314	0.75045
41 A	0.10575	0.14448	0.74977
42 T	0.10514	0.15029	0.74457
43 T	0.10400	0.15037	0.74563
44 G	0.09720	0.14615	0.75666
45 G	0.09473	0.15065	0.75462
46 A	0.09334	0.15635	0.75031
47 A	0.09218	0.16827	0.73955
48 T	0.09208	0.17233	0.7356
49 A	0.09168	0.18841	0.71991
50 A	0.09133	0.19248	0.71618
51 A	0.09119	0.19321	0.7156
52 A	0.09107	0.19203	0.7169
53 T	0.09073	0.18774	0.72154
54 T	0.09003	0.17739	0.73258
55 G	0.08869	0.17033	0.74098
56 A	0.08795	0.16161	0.75044
57 A	0.08746	0.14693	0.76561
58 G	0.08690	0.14354	0.76956
59 A	0.08776	0.14064	0.7716
60 T	0.09348	0.13355	0.77297
61 G	0.09442	0.13281	0.77277
62 A	0.10479	0.12425	0.77097
63 A	0.10968	0.11834	0.77198
64 T	0.11452	0.11224	0.77323
65 A	0.11911	0.10771	0.77318
66 T	0.12248	0.10231	0.77521
67 A	0.13019	0.08944	0.78037
68 C	0.13395	0.08274	0.7833
69 T	0.14024	0.07595	0.78381
70 C	0.14854	0.06743	0.78402
71 A	0.15150	0.06677	0.78172
72 A	0.16506	0.05406	0.78087
73 T	0.16983	0.04981	0.78035
74 A	0.17221	0.04773	0.78006
75 T	0.17629	0.04389	0.77982
76 T	0.18026	0.04076	0.77899
77 T	0.18062	0.04214	0.77724
78 T	0.17976	0.04277	0.77747
79 T	0.17744	0.04561	0.77695
80 A	0.16371	0.06020	0.77608
81 T	0.15766	0.06575	0.77659
82 G	0.14640	0.07695	0.77666
83 A	0.14039	0.08307	0.77654
84 A	0.13919	0.08417	0.77663
85 C	0.14134	0.08204	0.77661
86 A	0.14309	0.08078	0.77613
87 A	0.14388	0.08022	0.77589
88 A	0.14536	0.07880	0.77584
89 A	0.14620	0.07793	0.77587
90 T	0.14742	0.07655	0.77603
91 T	0.14840	0.07429	0.77732
92 T	0.14882	0.07373	0.77745
93 A	0.14772	0.07379	0.7785
94 A	0.14777	0.07247	0.77975
95 G	0.14786	0.07121	0.78093
96 T	0.14818	0.07016	0.78167
97 C	0.14809	0.06912	0.78278
98 A	0.14879	0.06838	0.78283
99 A	0.15092	0.06553	0.78355
100 T	0.15460	0.06048	0.78492
101 T	0.15567	0.05795	0.78638
102 T	0.15634	0.05447	0.78918
103 T	0.15606	0.03848	0.80546
104 G	0.15471	0.03207	0.81322
105 G	0.15428	0.02277	0.82295
106 C	0.15397	0.01848	0.82755
107 G	0.15347	0.01785	0.82868
108 T	0.15309	0.01775	0.82916
109 C	0.15225	0.01862	0.82913
110 C	0.15032	0.02139	0.82829
111 A	0.14825	0.02811	0.82364
112 G	0.14528	0.04321	0.8115
113 A	0.14452	0.05051	0.80497
114 A	0.14461	0.05670	0.79869
115 G	0.14486	0.05839	0.79675
116 A	0.14496	0.05670	0.79835
117 T	0.14506	0.05507	0.79987
118 A	0.14390	0.05571	0.8004
119 T	0.14232	0.05676	0.80091
120 C	0.14000	0.05881	0.80119
121 A	0.13894	0.06027	0.8008
122 G	0.13839	0.06090	0.80071
123 T	0.13814	0.06108	0.80078
124 T	0.13734	0.06180	0.80087
125 T	0.13586	0.06322	0.80091
126 A	0.13379	0.06454	0.80167
127 C	0.13263	0.06445	0.80292
128 A	0.13205	0.06476	0.80319
129 A	0.13171	0.06474	0.80355
130 A	0.13168	0.06409	0.80422
131 G	0.13174	0.06325	0.805
132 C	0.13232	0.06160	0.80608
133 G	0.13337	0.05869	0.80795
134 A	0.13870	0.05172	0.80958
135 T	0.15176	0.03562	0.81263
136 C	0.15756	0.02891	0.81353
137 T	0.16283	0.02350	0.81367
138 T	0.16408	0.02173	0.81419
139 A	0.16406	0.02155	0.81439
140 A	0.16425	0.02100	0.81475
141 T	0.16465	0.01942	0.81593
142 G	0.16477	0.01676	0.81847
143 T	0.16520	0.01385	0.82095
144 T	0.16520	0.01214	0.82266
145 T	0.16406	0.01242	0.82352
146 G	0.15050	0.02532	0.82418
147 G	0.13579	0.04036	0.82385
148 C	0.12615	0.05140	0.82245
149 A	0.11519	0.07345	0.81136
150 A	0.11193	0.08622	0.80185
151 A	0.11031	0.09764	0.79205
152 A	0.10924	0.10839	0.78236
153 A	0.10827	0.11541	0.77633
154 T	0.10789	0.11579	0.77632
155 T	0.10691	0.11692	0.77616
156 A	0.10596	0.11811	0.77593
157 T	0.10524	0.11870	0.77606
158 C	0.10362	0.12024	0.77614
159 A	0.10250	0.12134	0.77615
160 T	0.10211	0.12169	0.77619
161 C	0.10157	0.12218	0.77624
162 A	0.10117	0.12262	0.7762
163 C	0.10103	0.12284	0.77612
164 A	0.10085	0.12342	0.77572
165 A	0.10064	0.12411	0.77525
166 G	0.10006	0.12537	0.77457
167 A	0.09801	0.12757	0.77441
168 A	0.09699	0.12793	0.77509
169 A	0.09721	0.11437	0.78842
170 A	0.09850	0.09892	0.80259
171 A	0.10169	0.08587	0.81244
172 G	0.11298	0.06403	0.82299
173 A	0.12266	0.05297	0.82437
174 A	0.13226	0.04385	0.82389
175 A	0.14184	0.03397	0.82419
176 T	0.14780	0.02694	0.82526
177 T	0.14834	0.02584	0.82582
178 T	0.14850	0.02459	0.82692
179 A	0.14848	0.02358	0.82793
180 T	0.14843	0.02250	0.82907
181 T	0.14833	0.02098	0.83069
182 C	0.14812	0.02005	0.83184
183 C	0.14796	0.01992	0.83211
184 C	0.14786	0.01995	0.83219
185 G	0.14787	0.02001	0.83211
186 A	0.14796	0.02002	0.83203
187 A	0.14839	0.01957	0.83204
188 A	0.14903	0.01875	0.83221
189 T	0.15007	0.01683	0.8331
190 T	0.15094	0.01327	0.83579
191 T	0.15147	0.01105	0.83749
192 G	0.15161	0.00987	0.83851
193 T	0.15199	0.00890	0.8391
194 T	0.15214	0.00853	0.83933
195 A	0.15240	0.00820	0.83941
196 G	0.15373	0.00674	0.83954
197 T	0.15597	0.00443	0.8396
198 T	0.15681	0.00355	0.83964
199 T	0.15718	0.00312	0.8397
200 T	0.15736	0.00289	0.83975
201 G	0.15734	0.00282	0.83984
202 A	0.15733	0.00275	0.83992
203 C	0.15729	0.00260	0.84011
204 T	0.15734	0.00273	0.83992
205 T	0.15736	0.00300	0.83964
206 T	0.15737	0.00335	0.83928
207 T	0.15725	0.00394	0.83881
208 T	0.15696	0.00477	0.83827
209 T	0.15667	0.00553	0.83779
210 A	0.15633	0.00658	0.83708
211 G	0.15602	0.00700	0.83698
212 A	0.15575	0.00743	0.83681
213 T	0.15563	0.00777	0.8366
214 A	0.15537	0.00831	0.83632
215 C	0.15532	0.00840	0.83628
216 T	0.15539	0.00841	0.83621
217 T	0.15538	0.00850	0.83613
218 A	0.15533	0.00860	0.83607
219 T	0.15534	0.00861	0.83605
220 C	0.15531	0.00867	0.83602
221 A	0.15529	0.00884	0.83588
222 A	0.15508	0.00914	0.83578
223 G	0.15494	0.00927	0.83578
224 G	0.15497	0.00918	0.83585
225 T	0.15503	0.00910	0.83587
226 G	0.15491	0.00912	0.83597
227 A	0.15513	0.00882	0.83605
228 C	0.15561	0.00809	0.83629
229 A	0.15598	0.00781	0.83621
230 T	0.15657	0.00712	0.83632
231 T	0.15695	0.00668	0.83636
232 G	0.15719	0.00647	0.83635
233 G	0.15740	0.00656	0.83604
234 A	0.15736	0.00631	0.83633
235 A	0.15748	0.00588	0.83665
236 T	0.15778	0.00528	0.83694
237 T	0.15787	0.00490	0.83723
238 C	0.15768	0.00493	0.83738
239 C	0.15750	0.00507	0.83742
240 T	0.15742	0.00516	0.83742
241 T	0.15728	0.00534	0.83738
242 C	0.15707	0.00555	0.83738
243 A	0.15699	0.00565	0.83736
244 A	0.15708	0.00552	0.83739
245 T	0.15720	0.00515	0.83766
246 C	0.15724	0.00489	0.83787
247 T	0.15728	0.00482	0.8379
248 T	0.15728	0.00471	0.83802
249 A	0.15728	0.00452	0.8382
250 C	0.15731	0.00434	0.83834
251 G	0.15737	0.00423	0.8384
252 T	0.15761	0.00377	0.83862
253 T	0.15774	0.00356	0.8387
254 C	0.15786	0.00331	0.83883
255 A	0.15803	0.00312	0.83885
256 T	0.15841	0.00246	0.83914
257 G	0.15832	0.00244	0.83924
258 T	0.15822	0.00261	0.83916
259 T	0.15793	0.00318	0.83888
260 T	0.15721	0.00412	0.83868
261 G	0.15633	0.00583	0.83784
262 G	0.15601	0.00757	0.83642
263 A	0.15585	0.01103	0.83312
264 T	0.15576	0.01454	0.8297
265 T	0.15558	0.02225	0.82217
266 T	0.15523	0.02829	0.81647
267 T	0.15456	0.03083	0.81461
268 G	0.15259	0.03402	0.81339
269 A	0.15173	0.03573	0.81255
270 A	0.15016	0.03740	0.81245
271 C	0.14886	0.03875	0.81239
272 A	0.14104	0.04669	0.81227
273 T	0.13130	0.05648	0.81222
274 C	0.11694	0.07090	0.81216
275 A	0.10722	0.08076	0.81202
276 A	0.10112	0.08696	0.81192
277 A	0.09761	0.09048	0.8119
278 A	0.09538	0.09273	0.81189
279 A	0.09386	0.09427	0.81187
280 A	0.09330	0.09467	0.81202
281 A	0.09303	0.09474	0.81223
282 A	0.09314	0.09425	0.81261
283 G	0.09377	0.09279	0.81344
284 C	0.09514	0.09065	0.81421
285 A	0.09706	0.08854	0.81439
286 A	0.10100	0.08438	0.81462
287 C	0.10537	0.07970	0.81493
288 T	0.11333	0.07154	0.81514
289 C	0.11774	0.06692	0.81533
290 T	0.11959	0.06467	0.81574
291 T	0.12022	0.06308	0.8167
292 A	0.12025	0.06304	0.81671
293 A	0.12021	0.06153	0.81825
294 T	0.12027	0.05981	0.81992
295 T	0.12033	0.04874	0.83093
296 T	0.12027	0.03598	0.84375
297 T	0.12012	0.02282	0.85706
298 A	0.11982	0.01632	0.86387
299 T	0.11970	0.01203	0.86827
300 G	0.11927	0.00976	0.87097
301 G	0.11906	0.00777	0.87317
302 G	0.11905	0.00661	0.87434
303 A	0.11903	0.00637	0.8746
304 G	0.11904	0.00645	0.87452
305 C	0.11905	0.00650	0.87445
306 T	0.11904	0.00810	0.87287
307 A	0.11895	0.01166	0.86939
308 T	0.11888	0.01554	0.86557
309 G	0.11824	0.02742	0.85434
310 G	0.11794	0.04443	0.83763
311 A	0.11778	0.05673	0.82549
312 A	0.11768	0.06085	0.82147
313 A	0.11764	0.06157	0.82079
314 A	0.11779	0.06165	0.82056
315 T	0.11816	0.06108	0.82077
316 G	0.11829	0.06091	0.82079
317 C	0.11847	0.06097	0.82057
318 T	0.11876	0.06091	0.82032
319 G	0.11887	0.06133	0.81981
320 T	0.11908	0.06109	0.81983
321 T	0.11870	0.06150	0.81979
322 C	0.11784	0.06230	0.81986
323 A	0.11764	0.06232	0.82004
324 C	0.11753	0.06230	0.82017
325 G	0.11745	0.06251	0.82005
326 C	0.11770	0.06238	0.81992
327 T	0.11835	0.06212	0.81953
328 A	0.11817	0.06265	0.81919
329 A	0.11959	0.06173	0.81868
330 A	0.12294	0.05897	0.8181
331 A	0.12815	0.05430	0.81755
332 G	0.13996	0.04207	0.81797
333 T	0.15733	0.02471	0.81795
334 T	0.16620	0.01570	0.8181
335 A	0.16853	0.01336	0.81811
336 T	0.16925	0.01259	0.81816
337 T	0.16929	0.01254	0.81818
338 C	0.16863	0.01318	0.8182
339 A	0.16773	0.01415	0.81812
340 A	0.16805	0.01387	0.81807
341 A	0.16848	0.01341	0.8181
342 T	0.16924	0.01258	0.81818
343 A	0.16931	0.01242	0.81826
344 T	0.16970	0.01123	0.81907
345 C	0.16843	0.01149	0.82008
346 T	0.16754	0.01231	0.82014
347 T	0.16602	0.01401	0.81997
348 T	0.16365	0.01681	0.81953
349 A	0.15766	0.02299	0.81935
350 T	0.15166	0.02894	0.81941
351 A	0.13392	0.04606	0.82002
352 A	0.12457	0.05496	0.82047
353 C	0.11945	0.05962	0.82092
354 C	0.11755	0.06163	0.82083
355 T	0.11617	0.06403	0.81979
356 T	0.11352	0.06764	0.81884
357 T	0.10986	0.07342	0.81673
358 T	0.10445	0.07961	0.81594
359 T	0.10058	0.08436	0.81507
360 A	0.08958	0.09564	0.81477
361 A	0.08453	0.10033	0.81513
362 C	0.08138	0.10274	0.81587
363 T	0.07893	0.10577	0.8153
364 A	0.06731	0.11815	0.81454
365 A	0.05361	0.13245	0.81395
366 A	0.05050	0.13579	0.81371
367 A	0.04923	0.13713	0.81364
368 A	0.04831	0.13644	0.81525
369 A	0.04803	0.13468	0.8173
370 G	0.04804	0.13215	0.8198
371 A	0.04787	0.12998	0.82215
372 A	0.04786	0.12497	0.82716
373 A	0.04786	0.11888	0.83326
374 T	0.04797	0.10180	0.85022
375 A	0.04799	0.09397	0.85804
376 G	0.04809	0.08900	0.86291
377 A	0.04846	0.08615	0.86539
378 T	0.04971	0.08099	0.8693
379 G	0.05052	0.07634	0.87314
380 A	0.05257	0.07071	0.87672
381 C	0.05360	0.06507	0.88133
382 T	0.05476	0.06497	0.88027
383 T	0.05532	0.06573	0.87895
384 A	0.05566	0.06417	0.88017
385 T	0.05607	0.06324	0.88069
386 T	0.05651	0.06520	0.87829
387 T	0.05662	0.05999	0.88338
388 C	0.05577	0.05763	0.8866
389 A	0.05490	0.06715	0.87795
390 A	0.05215	0.07636	0.87149
391 T	0.05033	0.08079	0.86888
392 G	0.04581	0.08564	0.86854
393 G	0.04442	0.08739	0.86819
394 G	0.04388	0.08790	0.86822
395 G	0.04329	0.09057	0.86615
396 C	0.04289	0.09841	0.8587
397 G	0.04213	0.12804	0.82983
398 A	0.04042	0.14297	0.81661
399 A	0.03900	0.14732	0.81369
400 A	0.03746	0.15020	0.81234
401 A	0.03706	0.15160	0.81133
402 A	0.03809	0.15094	0.81097
403 C	0.04025	0.14875	0.811
404 A	0.04081	0.14824	0.81095
405 A	0.04247	0.14662	0.81091
406 A	0.04916	0.13999	0.81085
407 C	0.05143	0.13774	0.81083
408 A	0.05393	0.13564	0.81043
409 A	0.05928	0.13050	0.81022
410 A	0.06611	0.12343	0.81046
411 T	0.07644	0.11205	0.81151
412 T	0.07901	0.10868	0.81232
413 T	0.07612	0.10846	0.81543
414 A	0.06468	0.11811	0.81721
415 C	0.05419	0.12454	0.82127
416 A	0.04773	0.13051	0.82175
417 A	0.04314	0.13484	0.82202
418 A	0.04418	0.13361	0.82222
419 A	0.05254	0.12474	0.82272
420 T	0.08057	0.09596	0.82346
421 A	0.09078	0.08321	0.82601
422 T	0.09358	0.07783	0.82859
423 T	0.09376	0.07542	0.83081
424 T	0.09229	0.07601	0.83171
425 T	0.08941	0.07831	0.83228
426 A	0.07947	0.08801	0.83252
427 A	0.07556	0.09145	0.83299
428 A	0.07376	0.09182	0.83442
429 A	0.07215	0.09245	0.8354
430 A	0.07098	0.09210	0.83693
431 A	0.06959	0.09133	0.83908
432 T	0.06889	0.08847	0.84264
433 A	0.06861	0.08496	0.84643
434 T	0.06877	0.08008	0.85115
435 T	0.06872	0.07325	0.85802
436 G	0.06843	0.06659	0.86499
437 T	0.06838	0.05749	0.87413
438 T	0.06807	0.05094	0.881
439 G	0.06667	0.04911	0.88422
440 G	0.06565	0.04948	0.88487
441 T	0.06610	0.05222	0.88168
442 A	0.06617	0.06195	0.87189
443 T	0.06630	0.06599	0.86771
444 T	0.06610	0.07169	0.86221
445 T	0.06562	0.07666	0.85772
446 A	0.06268	0.08353	0.85379
447 T	0.06141	0.08545	0.85315
448 G	0.05939	0.08783	0.85277
449 A	0.05821	0.08659	0.8552
450 A	0.05765	0.08788	0.85447
451 A	0.05716	0.09105	0.85179
452 A	0.05693	0.09535	0.84773
453 A	0.05688	0.09789	0.84523
454 T	0.05694	0.09957	0.84349
455 T	0.05672	0.10494	0.83835
456 A	0.05615	0.10761	0.83624
457 G	0.05561	0.11023	0.83416
458 A	0.05522	0.11657	0.82822
459 A	0.05519	0.11717	0.82763
460 C	0.05541	0.11682	0.82777
461 A	0.05673	0.11639	0.82689
462 A	0.05832	0.11485	0.82684
463 C	0.06152	0.11228	0.8262
464 A	0.06674	0.10934	0.82392
465 T	0.07891	0.09797	0.82313
466 A	0.08487	0.09318	0.82196
467 T	0.09306	0.08495	0.82199
468 T	0.09726	0.08056	0.82218
469 T	0.10020	0.07441	0.82539
470 T	0.10035	0.07353	0.82612
471 G	0.09264	0.08126	0.82609
472 A	0.08875	0.08862	0.82263
473 A	0.08824	0.08908	0.82268
474 A	0.09063	0.08651	0.82286
475 T	0.09559	0.08084	0.82357
476 A	0.09742	0.07864	0.82394
477 C	0.09978	0.07587	0.82436
478 A	0.10508	0.07139	0.82353
479 A	0.10682	0.06961	0.82358
480 A	0.10940	0.06685	0.82375
481 A	0.11604	0.05990	0.82406
482 T	0.11947	0.05614	0.82439
483 T	0.12114	0.05346	0.82539
484 A	0.12159	0.05220	0.82621
485 A	0.12230	0.05079	0.82691
486 T	0.12481	0.04761	0.82758
487 T	0.12564	0.04646	0.8279
488 C	0.12392	0.04803	0.82805
489 T	0.12277	0.05012	0.82711
490 T	0.12165	0.05282	0.82553
491 T	0.11975	0.05579	0.82446
492 A	0.11443	0.06142	0.82415
493 A	0.11160	0.06402	0.82437
494 A	0.11084	0.05625	0.83291
495 T	0.10832	0.05281	0.83887
496 C	0.09904	0.05934	0.84162
497 T	0.09202	0.06845	0.83952
498 A	0.07367	0.09231	0.83402
499 A	0.06310	0.10426	0.83265
500 A	0.05632	0.11081	0.83287
501 T	0.05091	0.11586	0.83323
502 G	0.04209	0.12358	0.83433
503 A	0.03471	0.13278	0.8325
504 A	0.03065	0.13758	0.83178
505 G	0.02748	0.14140	0.83112
506 A	0.02537	0.14423	0.8304
507 A	0.02306	0.14671	0.83023
508 A	0.02231	0.14706	0.83063
509 A	0.02184	0.14699	0.83116
510 A	0.02182	0.14516	0.83302
511 A	0.02218	0.14138	0.83643
512 C	0.02336	0.13624	0.84039
513 T	0.02494	0.13459	0.84047
514 A	0.02565	0.13404	0.84031
515 A	0.02602	0.13213	0.84186
516 A	0.02625	0.13121	0.84254
517 A	0.02713	0.12917	0.8437
518 T	0.02844	0.11914	0.85241
519 A	0.02902	0.10973	0.86125
520 A	0.03148	0.09985	0.86867
521 T	0.03662	0.07870	0.88469
522 T	0.03835	0.06957	0.89207
523 A	0.03868	0.06717	0.89415
524 A	0.03903	0.06324	0.89773
525 A	0.03955	0.05638	0.90407
526 T	0.04159	0.04743	0.91098
527 G	0.04251	0.04315	0.91433
528 G	0.04325	0.04023	0.91651
529 A	0.04406	0.03768	0.91825
530 A	0.04499	0.03474	0.92027
531 A	0.04544	0.03334	0.92122
532 G	0.04588	0.03197	0.92214
533 C	0.04633	0.03107	0.9226
534 A	0.04680	0.03057	0.92262
535 A	0.04752	0.02988	0.92259
536 T	0.04932	0.02796	0.92271
537 G	0.05062	0.02658	0.9228
538 G	0.05178	0.02534	0.92288
539 T	0.05367	0.02307	0.92326
540 C	0.05435	0.02220	0.92345
541 G	0.05519	0.02131	0.9235
542 C	0.05818	0.01827	0.92355
543 T	0.06163	0.01481	0.92355
544 T	0.06389	0.01256	0.92355
545 C	0.06633	0.01013	0.92354
546 T	0.06980	0.00665	0.92355
547 G	0.07095	0.00547	0.92358
548 T	0.07251	0.00378	0.9237
549 T	0.07312	0.00310	0.92378
550 T	0.07365	0.00239	0.92396
551 T	0.07395	0.00182	0.92423
552 T	0.07394	0.00170	0.92436
553 T	0.07380	0.00183	0.92437
554 T	0.07339	0.00225	0.92436
555 A	0.07279	0.00293	0.92428
556 G	0.07253	0.00317	0.9243
557 A	0.07252	0.00320	0.92429
558 A	0.07262	0.00309	0.9243
559 A	0.07265	0.00304	0.92431
560 C	0.07273	0.00288	0.92438
561 T	0.07278	0.00283	0.9244
562 T	0.07280	0.00281	0.92439
563 G	0.07280	0.00280	0.92439
564 G	0.07282	0.00279	0.92439
565 T	0.07285	0.00278	0.92437
566 T	0.07287	0.00277	0.92436
567 A	0.07289	0.00276	0.92435
568 T	0.07293	0.00271	0.92435
569 T	0.07295	0.00270	0.92435
570 T	0.07297	0.00267	0.92437
571 T	0.07298	0.00265	0.92436
572 A	0.07299	0.00264	0.92437
573 T	0.07301	0.00249	0.9245
574 T	0.07302	0.00232	0.92466
575 G	0.07299	0.00213	0.92487
576 T	0.07306	0.00186	0.92508
577 G	0.07312	0.00148	0.92541
578 G	0.07323	0.00098	0.92579
579 T	0.07329	0.00074	0.92596
580 T	0.07333	0.00065	0.92602
581 T	0.07334	0.00063	0.92603
582 T	0.07334	0.00063	0.92603
583 T	0.07333	0.00067	0.926
584 A	0.07331	0.00071	0.92597
585 T	0.07332	0.00070	0.92598
586 T	0.07332	0.00070	0.92598
587 A	0.07332	0.00070	0.92598
588 T	0.07333	0.00069	0.92598
589 C	0.07334	0.00068	0.92597
590 C	0.07333	0.00071	0.92595
591 T	0.07337	0.00074	0.9259
592 T	0.07341	0.00075	0.92584
593 T	0.07342	0.00077	0.92581
594 A	0.07344	0.00078	0.92579
595 T	0.07348	0.00074	0.92578
596 T	0.07348	0.00072	0.92579
597 T	0.07348	0.00070	0.92583
598 T	0.07345	0.00069	0.92586
599 T	0.07341	0.00072	0.92586
600 T	0.07336	0.00079	0.92585
601 T	0.07319	0.00101	0.92581
602 A	0.07290	0.00137	0.92572
603 T	0.07278	0.00150	0.92573
604 G	0.07265	0.00164	0.92571
605 G	0.07246	0.00184	0.9257
606 T	0.07238	0.00194	0.92568
607 C	0.07221	0.00216	0.92563
608 A	0.07196	0.00266	0.92538
609 A	0.07166	0.00302	0.92532
610 G	0.07149	0.00326	0.92525
611 G	0.07138	0.00347	0.92515
612 A	0.07132	0.00369	0.92499
613 C	0.07134	0.00370	0.92496
614 T	0.07137	0.00392	0.92471
615 T	0.07120	0.00468	0.92412
616 T	0.07096	0.00532	0.92372
617 T	0.07052	0.00604	0.92344
618 G	0.06946	0.00724	0.9233
619 A	0.06844	0.00847	0.92309
620 T	0.06773	0.00920	0.92307
621 G	0.06643	0.01048	0.92308
622 C	0.06544	0.01140	0.92316
623 A	0.06453	0.01231	0.92317
624 A	0.06364	0.01311	0.92325
625 G	0.06325	0.01329	0.92346
626 C	0.06305	0.01337	0.92358
627 T	0.06287	0.01354	0.9236
628 G	0.06259	0.01368	0.92373
629 G	0.06238	0.01384	0.92378
630 A	0.06220	0.01395	0.92386
631 G	0.06230	0.01370	0.92399
632 A	0.06227	0.01351	0.92422
633 A	0.06231	0.01337	0.92431
634 A	0.06240	0.01332	0.92429
635 T	0.06264	0.01304	0.92433
636 A	0.06270	0.01304	0.92426
637 A	0.06293	0.01286	0.92421
638 T	0.06355	0.01192	0.92453
639 T	0.06369	0.01172	0.92459
640 A	0.06338	0.01210	0.92452
641 A	0.06315	0.01152	0.92533
642 T	0.06295	0.01067	0.92638
643 T	0.06218	0.01068	0.92715
644 T	0.06017	0.01189	0.92795
645 A	0.05906	0.01259	0.92835
646 A	0.05864	0.01252	0.92884
647 T	0.05841	0.01198	0.92961
648 T	0.05800	0.01224	0.92976
649 A	0.05708	0.01347	0.92946
650 T	0.05460	0.01637	0.92903
651 T	0.05268	0.01894	0.92838
652 A	0.05069	0.02218	0.92713
653 G	0.04941	0.02340	0.9272
654 A	0.04894	0.02385	0.92721
655 G	0.04864	0.02412	0.92723
656 A	0.04859	0.02416	0.92725
657 C	0.04832	0.02432	0.92736
658 G	0.04811	0.02458	0.92731
659 A	0.04826	0.02448	0.92726
660 A	0.04853	0.02424	0.92722
661 A	0.04877	0.02401	0.92722
662 G	0.04912	0.02335	0.92753
663 T	0.04977	0.02209	0.92814
664 A	0.04996	0.02139	0.92865
665 T	0.05021	0.02049	0.9293
666 T	0.05031	0.01935	0.93033
667 C	0.05033	0.01686	0.93281
668 A	0.05034	0.01647	0.93318
669 T	0.05052	0.01610	0.93338
670 G	0.05055	0.01584	0.93361
671 G	0.05083	0.01518	0.93399
672 A	0.05138	0.01390	0.93472
673 G	0.05200	0.00916	0.93883
674 C	0.05280	0.00679	0.94041
675 T	0.05401	0.00676	0.93922
676 T	0.05398	0.01687	0.92915
677 A	0.05374	0.01886	0.92739
678 T	0.05358	0.01962	0.92681
679 A	0.05313	0.02073	0.92614
680 T	0.05277	0.02099	0.92625
681 C	0.05190	0.02181	0.92629
682 G	0.05097	0.02378	0.92526
683 G	0.05033	0.02581	0.92386
684 A	0.05004	0.02777	0.92218
685 A	0.04983	0.02935	0.92082
686 G	0.04975	0.03006	0.92019
687 A	0.04974	0.03146	0.91879
688 T	0.04977	0.03174	0.91849
689 T	0.04975	0.03195	0.9183
690 A	0.04968	0.03212	0.91819
691 G	0.04970	0.03207	0.91824
692 C	0.04973	0.03203	0.91823
693 A	0.04972	0.03227	0.91801
694 A	0.04977	0.03236	0.91787
695 A	0.04998	0.03219	0.91783
696 A	0.05028	0.03186	0.91786
697 G	0.05076	0.03134	0.91789
698 A	0.05323	0.02870	0.91807
699 T	0.06426	0.01732	0.91841
700 T	0.06634	0.01485	0.91882
701 T	0.06713	0.01370	0.91917
702 A	0.06769	0.01274	0.91957
703 T	0.06833	0.01170	0.91997
704 A	0.06859	0.01087	0.92054
705 T	0.06946	0.00919	0.92135
706 T	0.07052	0.00769	0.9218
707 A	0.07198	0.00622	0.9218
708 T	0.07323	0.00507	0.92171
709 G	0.07372	0.00499	0.92128
710 A	0.07487	0.00441	0.92072
711 T	0.07530	0.00449	0.9202
712 T	0.07549	0.00445	0.92005
713 T	0.07557	0.00452	0.91991
714 T	0.07500	0.00526	0.91974
715 A	0.07372	0.00665	0.91962
716 C	0.07286	0.00750	0.91964
717 T	0.07140	0.00901	0.91959
718 T	0.06502	0.01549	0.91949
719 A	0.04694	0.03377	0.91929
720 C	0.03992	0.04082	0.91926
721 G	0.02990	0.05098	0.91912
722 A	0.02013	0.06102	0.91885
723 A	0.01530	0.06587	0.91883
724 C	0.01279	0.06840	0.91881
725 A	0.01126	0.07001	0.91873
726 A	0.00985	0.07149	0.91866
727 C	0.00915	0.07219	0.91866
728 A	0.00858	0.07280	0.91862
729 A	0.00836	0.07308	0.91857
730 A	0.00838	0.07306	0.91857
731 C	0.00860	0.07281	0.91859
732 A	0.00898	0.07246	0.91856
733 A	0.00952	0.07186	0.91862
734 A	0.01005	0.07123	0.91872
735 T	0.01033	0.07080	0.91887
736 T	0.01049	0.07048	0.91903
737 T	0.01055	0.06947	0.91999
738 A	0.01025	0.06835	0.9214
739 A	0.01003	0.06688	0.92309
740 A	0.00994	0.06470	0.92537
741 A	0.00996	0.05764	0.9324
742 G	0.01007	0.04045	0.94948
743 A	0.01008	0.03431	0.95561
744 A	0.01022	0.02507	0.96471
745 T	0.01049	0.01530	0.97421
746 G	0.01049	0.01063	0.97887
747 G	0.01051	0.00827	0.98122
748 A	0.01058	0.00725	0.98217
749 T	0.01066	0.00596	0.98338
750 G	0.01067	0.00532	0.98401
751 G	0.01071	0.00465	0.98465
752 A	0.01079	0.00423	0.98498
753 T	0.01087	0.00387	0.98525
754 T	0.01090	0.00380	0.9853
755 C	0.01093	0.00388	0.98519
756 T	0.01095	0.00541	0.98365
757 T	0.01095	0.00738	0.98166
758 T	0.01091	0.01229	0.9768
759 T	0.01086	0.01869	0.97045
760 A	0.01074	0.02634	0.96292
761 T	0.01058	0.03449	0.95494
762 G	0.01034	0.03539	0.95428
763 G	0.01019	0.03639	0.95343
764 A	0.00976	0.03831	0.95192
765 A	0.00964	0.03929	0.95108
766 C	0.00966	0.04011	0.95023
767 A	0.00981	0.04147	0.94873
768 A	0.01019	0.04188	0.94794
769 T	0.01068	0.04170	0.94762
770 T	0.01088	0.04191	0.9472
771 A	0.01095	0.04197	0.94709
772 T	0.01105	0.04194	0.94701
773 A	0.01108	0.04199	0.94693
774 T	0.01110	0.04199	0.94691
775 C	0.01109	0.04207	0.94684
776 A	0.01114	0.04225	0.9466
777 A	0.01128	0.04218	0.94654
778 G	0.01173	0.04179	0.94648
779 A	0.01325	0.04043	0.94632
780 A	0.01558	0.03821	0.94621
781 C	0.02089	0.03282	0.94629
782 A	0.02710	0.02663	0.94627
783 A	0.03443	0.01922	0.94635
784 T	0.04243	0.01109	0.94648
785 T	0.04342	0.00995	0.94662
786 A	0.04413	0.00920	0.94667
787 A	0.04548	0.00746	0.94706
788 A	0.04652	0.00624	0.94724
789 T	0.04774	0.00489	0.94737
790 T	0.04897	0.00358	0.94746
791 T	0.04941	0.00312	0.94747
792 A	0.04931	0.00327	0.94742
793 A	0.04940	0.00314	0.94746
794 C	0.04917	0.00326	0.94757
795 T	0.04875	0.00366	0.94759
796 T	0.04798	0.00438	0.94764
797 C	0.04696	0.00538	0.94766
798 A	0.04619	0.00613	0.94768
799 G	0.04584	0.00646	0.94771
800 C	0.04547	0.00678	0.94775
801 G	0.04527	0.00698	0.94775
802 C	0.04530	0.00694	0.94775
803 T	0.04532	0.00694	0.94773
804 T	0.04520	0.00707	0.94773
805 T	0.04506	0.00723	0.94772
806 A	0.04486	0.00742	0.94771
807 T	0.04480	0.00747	0.94773
808 C	0.04458	0.00752	0.9479
809 A	0.04438	0.00767	0.94795
810 T	0.04429	0.00771	0.948
811 C	0.04414	0.00783	0.94803
812 A	0.04396	0.00805	0.94799
813 A	0.04379	0.00826	0.94795
814 G	0.04369	0.00820	0.94811
815 T	0.04373	0.00802	0.94825
816 T	0.04370	0.00810	0.9482
817 A	0.04367	0.00813	0.94821
818 A	0.04366	0.00776	0.94858
819 A	0.04366	0.00699	0.94935
820 T	0.04366	0.00593	0.95041
821 T	0.04365	0.00522	0.95113
822 A	0.04358	0.00495	0.95147
823 G	0.04355	0.00462	0.95184
824 T	0.04355	0.00443	0.95202
825 A	0.04353	0.00436	0.95211
826 G	0.04355	0.00425	0.95221
827 A	0.04356	0.00411	0.95233
828 T	0.04358	0.00393	0.95249
829 G	0.04358	0.00381	0.95261
830 A	0.04357	0.00378	0.95264
831 T	0.04358	0.00359	0.95283
832 G	0.04358	0.00351	0.95292
833 T	0.04359	0.00339	0.95301
834 A	0.04359	0.00332	0.95309
835 A	0.04364	0.00310	0.95326
836 A	0.04370	0.00284	0.95346
837 C	0.04381	0.00258	0.9536
838 G	0.04392	0.00249	0.95359
839 C	0.04415	0.00226	0.95359
840 T	0.04459	0.00194	0.95347
841 T	0.04479	0.00198	0.95324
842 T	0.04480	0.00204	0.95317
843 T	0.04465	0.00220	0.95315
844 G	0.04445	0.00243	0.95312
845 T	0.04442	0.00242	0.95316
846 C	0.04434	0.00252	0.95315
847 C	0.04436	0.00258	0.95306
848 G	0.04441	0.00269	0.9529
849 T	0.04450	0.00277	0.95273
850 T	0.04448	0.00295	0.95258
851 A	0.04383	0.00363	0.95254
852 T	0.04332	0.00415	0.95252
853 A	0.04225	0.00522	0.95253
854 A	0.04178	0.00568	0.95253
855 C	0.04144	0.00599	0.95257
856 G	0.04118	0.00625	0.95257
857 C	0.04112	0.00630	0.95258
858 C	0.04103	0.00639	0.95257
859 A	0.04094	0.00653	0.95253
860 A	0.04088	0.00664	0.95249
861 T	0.04092	0.00662	0.95246
862 A	0.04091	0.00664	0.95246
863 A	0.04101	0.00651	0.95247
864 A	0.04122	0.00614	0.95264
865 G	0.04130	0.00585	0.95285
866 C	0.04138	0.00551	0.95311
867 T	0.04155	0.00520	0.95325
868 C	0.04169	0.00499	0.95332
869 T	0.04187	0.00492	0.95322
870 T	0.04195	0.00509	0.95296
871 T	0.04196	0.00551	0.95252
872 T	0.04166	0.00640	0.95194
873 A	0.04122	0.00736	0.95142
874 A	0.04103	0.00711	0.95186
875 A	0.04090	0.00673	0.95236
876 T	0.04085	0.00570	0.95346
877 T	0.04074	0.00538	0.95389
878 T	0.04057	0.00532	0.9541
879 G	0.04040	0.00552	0.95408
880 G	0.04036	0.00572	0.95392
881 G	0.04032	0.00571	0.95396
882 A	0.04029	0.00571	0.954
883 T	0.04028	0.00570	0.95402
884 T	0.04016	0.00589	0.95395
885 C	0.04000	0.00608	0.95393
886 G	0.03976	0.00651	0.95373
887 A	0.03952	0.00698	0.9535
888 A	0.03932	0.00754	0.95313
889 C	0.03923	0.00779	0.95297
890 A	0.03917	0.00846	0.95238
891 A	0.03915	0.00886	0.95199
892 A	0.03929	0.00905	0.95165
893 A	0.03964	0.00887	0.95149
894 A	0.04020	0.00831	0.95149
895 T	0.04093	0.00715	0.95192
896 T	0.04144	0.00613	0.95243
897 T	0.04165	0.00566	0.9527
898 C	0.04171	0.00542	0.95288
899 C	0.04165	0.00550	0.95285
900 A	0.04130	0.00618	0.95252
901 T	0.04115	0.00644	0.95241
902 T	0.04088	0.00678	0.95235
903 T	0.04030	0.00747	0.95223
904 G	0.03866	0.00925	0.95209
905 A	0.03787	0.01013	0.952
906 A	0.03744	0.01061	0.95195
907 G	0.03725	0.01082	0.95193
908 A	0.03694	0.01102	0.95204
909 A	0.03692	0.01090	0.95218
910 A	0.03707	0.01059	0.95234
911 T	0.03746	0.01001	0.95252
912 C	0.03758	0.00979	0.95264
913 A	0.03796	0.00936	0.95268
914 A	0.03825	0.00901	0.95274
915 T	0.03857	0.00863	0.95279
916 C	0.03870	0.00849	0.95281
917 C	0.03874	0.00844	0.95282
918 G	0.03876	0.00842	0.95282
919 G	0.03882	0.00837	0.95281
920 T	0.03896	0.00822	0.95282
921 T	0.03908	0.00809	0.95284
922 A	0.03918	0.00781	0.95301
923 T	0.03952	0.00659	0.9539
924 T	0.03966	0.00556	0.95477
925 C	0.03973	0.00474	0.95552
926 T	0.03983	0.00414	0.95604
927 T	0.03986	0.00308	0.95706
928 A	0.03976	0.00302	0.95722
929 A	0.03974	0.00302	0.95724
930 T	0.03951	0.00326	0.95723
931 G	0.03930	0.00329	0.95741
932 G	0.03922	0.00374	0.95704
933 T	0.03912	0.00496	0.95591
934 T	0.03889	0.00619	0.95491
935 T	0.03854	0.00803	0.95343
936 A	0.03704	0.01371	0.94925
937 A	0.03577	0.01642	0.94781
938 A	0.03532	0.01738	0.94729
939 T	0.03490	0.01826	0.94683
940 A	0.03330	0.02058	0.94613
941 C	0.03257	0.02157	0.94586
942 T	0.03176	0.02294	0.9453
943 G	0.03009	0.02473	0.94518
944 A	0.02957	0.02532	0.94511
945 A	0.02931	0.02561	0.94508
946 A	0.02924	0.02569	0.94508
947 C	0.02922	0.02564	0.94514
948 T	0.02921	0.02564	0.94515
949 A	0.02917	0.02565	0.94518
950 A	0.02919	0.02557	0.94524
951 G	0.02925	0.02535	0.94539
952 A	0.02945	0.02505	0.94549
953 C	0.02973	0.02426	0.94601
954 G	0.03015	0.02366	0.94619
955 A	0.03099	0.02274	0.94626
956 T	0.03264	0.02096	0.94641
957 G	0.03334	0.02020	0.94646
958 G	0.03443	0.01916	0.94641
959 A	0.03788	0.01457	0.94754
960 T	0.03973	0.01154	0.94873
961 A	0.04026	0.01081	0.94892
962 A	0.04095	0.00977	0.94928
963 T	0.04171	0.00716	0.95112
964 T	0.04196	0.00608	0.95196
965 T	0.04213	0.00515	0.95273
966 T	0.04212	0.00405	0.95383
967 T	0.04197	0.00396	0.95407
968 C	0.04149	0.00456	0.95395
969 A	0.04089	0.00628	0.95283
970 A	0.04009	0.00835	0.95156
971 T	0.03728	0.01236	0.95036
972 G	0.03228	0.01997	0.94775
973 A	0.03016	0.02397	0.94587
974 A	0.02858	0.02710	0.94432
975 A	0.02690	0.02984	0.94326
976 G	0.02606	0.03101	0.94293
977 G	0.02586	0.03160	0.94253
978 A	0.02583	0.03197	0.9422
979 A	0.02590	0.03209	0.94201
980 A	0.02614	0.03184	0.94202
981 T	0.02655	0.03138	0.94207
982 G	0.02676	0.03124	0.942
983 G	0.02699	0.03119	0.94181
984 T	0.02731	0.03091	0.94178
985 T	0.02745	0.03095	0.9416
986 A	0.02746	0.03101	0.94153
987 T	0.02748	0.03097	0.94156
988 C	0.02745	0.03088	0.94168
989 A	0.02744	0.03096	0.9416
990 A	0.02755	0.03080	0.94165
991 A	0.02794	0.03013	0.94193
992 A	0.02907	0.02861	0.94232
993 A	0.03067	0.02640	0.94293
994 A	0.03226	0.02144	0.9463
995 T	0.03521	0.01322	0.95157
996 G	0.03670	0.00998	0.95333
997 A	0.03823	0.00735	0.95442
998 T	0.03931	0.00509	0.95559
999 T	0.03968	0.00465	0.95566
1000 T	0.03960	0.00585	0.95455
1001 C	0.03931	0.00723	0.95346
1002 T	0.03916	0.00931	0.95153
1003 G	0.03840	0.01319	0.94842
1004 A	0.03808	0.01718	0.94474
1005 A	0.03804	0.01755	0.9444
1006 A	0.03808	0.01763	0.9443
1007 G	0.03813	0.01757	0.9443
1008 T	0.03841	0.01725	0.94434
1009 C	0.03849	0.01711	0.94441
1010 T	0.03853	0.01706	0.94441
1011 T	0.03850	0.01708	0.94441
1012 C	0.03827	0.01733	0.9444
1013 A	0.03811	0.01750	0.94438
1014 A	0.03790	0.01773	0.94437
1015 G	0.03772	0.01791	0.94436
1016 A	0.03771	0.01794	0.94435
1017 C	0.03780	0.01787	0.94434
1018 G	0.03782	0.01800	0.94418
1019 A	0.03798	0.01787	0.94414
1020 A	0.03820	0.01770	0.9441
1021 G	0.03866	0.01728	0.94405
1022 A	0.04007	0.01589	0.94405
1023 C	0.04320	0.01205	0.94475
1024 T	0.04595	0.00896	0.94509
1025 T	0.04765	0.00702	0.94534
1026 T	0.04926	0.00497	0.94576
1027 G	0.05039	0.00367	0.94594
1028 T	0.05060	0.00339	0.94601
1029 T	0.05066	0.00315	0.94619
1030 T	0.05069	0.00301	0.9463
1031 T	0.05070	0.00294	0.94637
1032 T	0.05071	0.00285	0.94644
1033 G	0.05071	0.00279	0.9465
1034 A	0.05072	0.00270	0.94658
1035 T	0.05075	0.00245	0.94679
1036 A	0.05077	0.00229	0.94694
1037 A	0.05080	0.00206	0.94715
1038 C	0.05083	0.00181	0.94737
1039 G	0.05087	0.00171	0.94743
1040 A	0.05090	0.00163	0.94747
1041 A	0.05105	0.00142	0.94753
1042 A	0.05113	0.00130	0.94758
1043 A	0.05124	0.00114	0.94762
1044 T	0.05144	0.00075	0.94781
1045 T	0.05157	0.00051	0.94792
1046 A	0.05164	0.00035	0.94801
1047 A	0.05185	0.00000	0.94815
