# lcl|CP097583.1_cds_USQ93488.1_1
# AA	inside	membr	outside
1 A	0.53073	0.00000	0.46927
2 T	0.53029	0.00043	0.46927
3 G	0.53008	0.00065	0.46927
4 A	0.53008	0.01464	0.45528
5 T	0.52770	0.03104	0.44126
6 T	0.52770	0.03194	0.44036
7 A	0.48655	0.07357	0.43988
8 A	0.48655	0.07359	0.43987
9 T	0.47224	0.08812	0.43964
10 C	0.47215	0.11448	0.41338
11 A	0.46133	0.13440	0.40427
12 A	0.30440	0.29800	0.3976
13 A	0.13674	0.50048	0.36278
14 A	0.13669	0.50053	0.36278
15 T	0.13669	0.77253	0.09078
16 A	0.11602	0.79321	0.09077
17 A	0.10228	0.80971	0.08801
18 A	0.10188	0.81493	0.08318
19 G	0.09155	0.82874	0.07971
20 A	0.06896	0.89613	0.03491
21 T	0.05205	0.91303	0.03492
22 A	0.05070	0.91499	0.0343
23 A	0.05030	0.91552	0.03418
24 T	0.05126	0.91453	0.03421
25 C	0.05124	0.91313	0.03563
26 A	0.05088	0.91338	0.03574
27 A	0.05618	0.90630	0.03752
28 A	0.06226	0.89835	0.03939
29 T	0.06300	0.89594	0.04107
30 G	0.06338	0.87658	0.06005
31 A	0.06339	0.87180	0.06481
32 A	0.06428	0.84877	0.08695
33 A	0.08148	0.81753	0.10098
34 A	0.09006	0.79024	0.1197
35 G	0.10688	0.63486	0.25825
36 A	0.14358	0.46821	0.38821
37 A	0.15785	0.44538	0.39676
38 A	0.40256	0.19444	0.40299
39 T	0.41783	0.15892	0.42325
40 G	0.42779	0.14311	0.42911
41 A	0.43541	0.13925	0.42534
42 T	0.44488	0.12218	0.43294
43 T	0.47682	0.07538	0.4478
44 T	0.47702	0.09242	0.43056
45 T	0.47786	0.12984	0.3923
46 T	0.47766	0.14940	0.37294
47 T	0.47623	0.16667	0.3571
48 A	0.47292	0.18644	0.34064
49 T	0.46607	0.22074	0.31319
50 T	0.44658	0.24577	0.30766
51 T	0.43917	0.25564	0.30519
52 G	0.42662	0.27427	0.29911
53 A	0.41203	0.29203	0.29594
54 C	0.37734	0.33040	0.29226
55 A	0.34087	0.37714	0.28199
56 T	0.30415	0.41811	0.27774
57 C	0.22159	0.51176	0.26665
58 A	0.12570	0.62484	0.24946
59 A	0.10412	0.65546	0.24042
60 A	0.09718	0.66332	0.23949
61 G	0.09648	0.66463	0.23889
62 G	0.10325	0.65789	0.23886
63 A	0.11480	0.64593	0.23927
64 C	0.12983	0.63038	0.23979
65 T	0.14514	0.61547	0.23939
66 C	0.15482	0.60667	0.23851
67 A	0.18129	0.58069	0.23802
68 G	0.21517	0.54738	0.23745
69 T	0.23825	0.52520	0.23655
70 T	0.24508	0.51652	0.23841
71 C	0.23861	0.52139	0.24
72 A	0.22998	0.52803	0.24199
73 G	0.20308	0.54242	0.2545
74 A	0.17242	0.57527	0.2523
75 A	0.15385	0.59819	0.24796
76 G	0.14366	0.60862	0.24772
77 A	0.14102	0.57657	0.2824
78 A	0.14150	0.53296	0.32554
79 G	0.13753	0.48999	0.37247
80 T	0.13886	0.44110	0.42004
81 A	0.14278	0.38273	0.47448
82 G	0.14298	0.38055	0.47646
83 A	0.13588	0.41969	0.44444
84 A	0.12809	0.45885	0.41306
85 C	0.12135	0.50239	0.37626
86 A	0.09913	0.59247	0.3084
87 A	0.07577	0.67956	0.24467
88 A	0.05911	0.75901	0.18189
89 A	0.05027	0.79965	0.15008
90 A	0.04405	0.83037	0.12558
91 A	0.04160	0.83844	0.11996
92 T	0.04062	0.83936	0.12002
93 A	0.03540	0.84177	0.12283
94 A	0.03469	0.83227	0.13305
95 A	0.03777	0.81109	0.15113
96 A	0.04101	0.78256	0.17643
97 G	0.05023	0.74418	0.2056
98 A	0.06482	0.71389	0.2213
99 T	0.07896	0.68693	0.2341
100 A	0.08458	0.67829	0.23713
101 A	0.08719	0.66991	0.2429
102 A	0.09075	0.66094	0.24831
103 C	0.09934	0.64131	0.25935
104 A	0.10024	0.64397	0.25579
105 A	0.11718	0.63121	0.25162
106 A	0.16275	0.58495	0.2523
107 A	0.20452	0.53786	0.25761
108 T	0.26156	0.47509	0.26336
109 A	0.31253	0.40200	0.28546
110 A	0.36693	0.32390	0.30917
111 T	0.42873	0.24321	0.32806
112 G	0.44348	0.22279	0.33373
113 T	0.45336	0.21361	0.33303
114 A	0.42845	0.24674	0.32481
115 T	0.41878	0.26828	0.31295
116 T	0.39189	0.30076	0.30736
117 A	0.29906	0.40775	0.29319
118 A	0.24536	0.47060	0.28404
119 T	0.21216	0.50665	0.28119
120 A	0.15579	0.56635	0.27786
121 A	0.12290	0.59938	0.27772
122 A	0.10442	0.61727	0.2783
123 A	0.09982	0.61957	0.28061
124 A	0.10342	0.61273	0.28385
125 A	0.10931	0.60286	0.28782
126 T	0.11567	0.59009	0.29425
127 A	0.11999	0.58132	0.2987
128 T	0.12632	0.56888	0.3048
129 T	0.12456	0.56807	0.30737
130 A	0.11571	0.57592	0.30837
131 A	0.11070	0.57867	0.31063
132 T	0.11031	0.57185	0.31784
133 A	0.10553	0.57220	0.32228
134 A	0.10484	0.56731	0.32786
135 A	0.10924	0.55116	0.33959
136 A	0.11817	0.52454	0.35729
137 G	0.13064	0.46400	0.40537
138 T	0.15075	0.41445	0.4348
139 A	0.15954	0.37192	0.46855
140 T	0.17548	0.26832	0.5562
141 T	0.18281	0.21203	0.60517
142 T	0.18416	0.18091	0.63493
143 T	0.18272	0.14410	0.67317
144 A	0.17600	0.12923	0.69477
145 G	0.17478	0.11511	0.71012
146 G	0.17544	0.10792	0.71664
147 A	0.17733	0.10484	0.71782
148 A	0.18082	0.10019	0.719
149 T	0.18432	0.09468	0.721
150 T	0.18659	0.08895	0.72446
151 A	0.18736	0.08692	0.72572
152 T	0.18870	0.07944	0.73186
153 T	0.18949	0.07004	0.74046
154 T	0.18945	0.06536	0.7452
155 T	0.18923	0.06288	0.74789
156 A	0.18810	0.06058	0.75132
157 A	0.18672	0.05976	0.75352
158 G	0.18634	0.05792	0.75573
159 T	0.18655	0.05706	0.75639
160 A	0.18641	0.05696	0.75664
161 A	0.18725	0.05558	0.75717
162 T	0.18958	0.05161	0.75881
163 G	0.19120	0.04852	0.76029
164 T	0.19482	0.04275	0.76243
165 T	0.19784	0.03785	0.76431
166 T	0.20059	0.03246	0.76695
167 T	0.20276	0.02555	0.77169
168 T	0.20391	0.02293	0.77316
169 A	0.20466	0.02124	0.7741
170 C	0.20619	0.01886	0.77494
171 T	0.20821	0.01673	0.77506
172 T	0.21010	0.01480	0.7751
173 T	0.21157	0.01331	0.77512
174 T	0.21305	0.01191	0.77504
175 T	0.21353	0.01154	0.77493
176 T	0.21378	0.01106	0.77516
177 T	0.21392	0.01082	0.77526
178 A	0.21402	0.01070	0.77528
179 A	0.21482	0.00894	0.77624
180 T	0.21576	0.00664	0.7776
181 T	0.21617	0.00588	0.77794
182 T	0.21657	0.00532	0.77811
183 T	0.21678	0.00499	0.77823
184 T	0.21680	0.00514	0.77806
185 T	0.21673	0.00537	0.7779
186 A	0.21658	0.00583	0.77759
187 T	0.21659	0.00591	0.7775
188 T	0.21643	0.00613	0.77744
189 G	0.21579	0.00689	0.77732
190 T	0.21556	0.00722	0.77722
191 T	0.21522	0.00762	0.77717
192 T	0.21487	0.00804	0.7771
193 A	0.21445	0.00866	0.77689
194 T	0.21436	0.00881	0.77683
195 A	0.21417	0.00910	0.77673
196 A	0.21418	0.00901	0.7768
197 T	0.21423	0.00877	0.777
198 T	0.21422	0.00855	0.77723
199 A	0.21395	0.00862	0.77742
200 C	0.21394	0.00829	0.77777
201 T	0.21423	0.00786	0.7779
202 T	0.21422	0.00785	0.77793
203 G	0.21416	0.00789	0.77794
204 T	0.21446	0.00759	0.77796
205 C	0.21450	0.00755	0.77795
206 T	0.21444	0.00760	0.77796
207 T	0.21409	0.00805	0.77786
208 A	0.21325	0.00920	0.77755
209 T	0.21318	0.00979	0.77702
210 T	0.21297	0.01016	0.77687
211 A	0.21211	0.01151	0.77639
212 T	0.21177	0.01176	0.77647
213 T	0.21120	0.01248	0.77632
214 C	0.20988	0.01385	0.77626
215 A	0.20441	0.02107	0.77452
216 T	0.20047	0.02587	0.77366
217 A	0.19495	0.03213	0.77292
218 T	0.19182	0.03552	0.77266
219 A	0.18703	0.04031	0.77265
220 G	0.18487	0.04217	0.77296
221 G	0.18406	0.04271	0.77323
222 A	0.18381	0.04256	0.77364
223 C	0.18371	0.04234	0.77395
224 A	0.18369	0.04232	0.77399
225 T	0.18373	0.04218	0.77409
226 T	0.18371	0.04209	0.77419
227 A	0.18365	0.04208	0.77427
228 T	0.18364	0.04195	0.77442
229 G	0.18360	0.04146	0.77495
230 A	0.18369	0.04069	0.77562
231 G	0.18400	0.03917	0.77682
232 C	0.18466	0.03792	0.77741
233 A	0.18499	0.03732	0.77769
234 A	0.18614	0.03549	0.77837
235 T	0.18763	0.03334	0.77903
236 T	0.18852	0.03179	0.77968
237 A	0.18886	0.03037	0.78077
238 T	0.19034	0.02182	0.78784
239 T	0.19099	0.01561	0.79339
240 T	0.19140	0.00995	0.79865
241 T	0.19148	0.00756	0.80096
242 T	0.19111	0.00520	0.80369
243 T	0.19061	0.00559	0.8038
244 T	0.18994	0.00651	0.80355
245 T	0.18899	0.00790	0.8031
246 G	0.18750	0.00994	0.80256
247 T	0.18712	0.01210	0.80078
248 T	0.18666	0.01278	0.80056
249 T	0.18570	0.01427	0.80003
250 A	0.18429	0.01608	0.79963
251 T	0.18381	0.01671	0.79949
252 C	0.17934	0.02172	0.79895
253 A	0.17669	0.02674	0.79658
254 A	0.17478	0.02952	0.7957
255 T	0.17380	0.03108	0.79512
256 A	0.17273	0.03281	0.79445
257 T	0.17184	0.03399	0.79417
258 A	0.17047	0.03553	0.79401
259 T	0.16982	0.03621	0.79397
260 T	0.16925	0.03679	0.79396
261 A	0.16854	0.03752	0.79395
262 A	0.16839	0.03762	0.794
263 A	0.16865	0.03722	0.79413
264 T	0.16948	0.03599	0.79454
265 G	0.17011	0.03464	0.79525
266 T	0.17125	0.03281	0.79594
267 T	0.17162	0.03178	0.79659
268 T	0.17161	0.03088	0.79751
269 C	0.17133	0.02991	0.79877
270 T	0.17218	0.02871	0.79911
271 A	0.17091	0.02982	0.79927
272 T	0.17106	0.02901	0.79992
273 T	0.17076	0.02865	0.8006
274 A	0.17026	0.02920	0.80055
275 A	0.17055	0.02448	0.80497
276 T	0.17275	0.01964	0.80761
277 A	0.17326	0.01729	0.80945
278 T	0.17385	0.01555	0.8106
279 T	0.17373	0.01448	0.81179
280 T	0.17182	0.01567	0.81251
281 T	0.16632	0.02050	0.81318
282 T	0.14642	0.04079	0.81279
283 C	0.13293	0.05550	0.81156
284 A	0.12244	0.07112	0.80644
285 A	0.11396	0.08151	0.80454
286 G	0.11076	0.08537	0.80387
287 A	0.10894	0.08811	0.80295
288 A	0.10646	0.09106	0.80247
289 G	0.10450	0.09344	0.80207
290 T	0.10324	0.09541	0.80135
291 T	0.10020	0.10127	0.79853
292 A	0.09287	0.10965	0.79747
293 A	0.08961	0.11332	0.79708
294 G	0.08636	0.11589	0.79775
295 G	0.08381	0.11860	0.79758
296 C	0.08243	0.12000	0.79757
297 T	0.08104	0.12288	0.79608
298 A	0.07921	0.12728	0.7935
299 A	0.07829	0.12931	0.7924
300 A	0.07753	0.13088	0.79159
301 A	0.07742	0.13084	0.79174
302 A	0.07746	0.12856	0.79398
303 A	0.07780	0.12313	0.79908
304 A	0.07872	0.11252	0.80876
305 C	0.08034	0.08699	0.83268
306 T	0.08268	0.07604	0.84128
307 T	0.08713	0.06680	0.84608
308 T	0.08785	0.06533	0.84682
309 A	0.08717	0.06746	0.84537
310 G	0.08705	0.06698	0.84597
311 A	0.08708	0.06486	0.84805
312 T	0.08783	0.06183	0.85035
313 A	0.08825	0.06036	0.85139
314 A	0.09150	0.05494	0.85356
315 A	0.09365	0.04605	0.8603
316 A	0.09564	0.04020	0.86416
317 T	0.09775	0.03366	0.86859
318 T	0.09927	0.02854	0.87219
319 T	0.09997	0.02631	0.87372
320 C	0.10069	0.02434	0.87496
321 T	0.10220	0.02368	0.87412
322 A	0.10266	0.02621	0.87113
323 T	0.10324	0.02904	0.86773
324 A	0.10190	0.04143	0.85667
325 T	0.09841	0.04904	0.85255
326 T	0.09033	0.06008	0.84958
327 A	0.07559	0.07862	0.84579
328 A	0.07109	0.08468	0.84423
329 A	0.06970	0.08681	0.8435
330 A	0.06943	0.08741	0.84316
331 T	0.07222	0.08506	0.84272
332 T	0.07318	0.08361	0.84322
333 T	0.07016	0.08632	0.84352
334 A	0.06127	0.09534	0.84339
335 A	0.05737	0.09915	0.84348
336 C	0.05560	0.10057	0.84382
337 C	0.05418	0.10204	0.84378
338 A	0.05353	0.10271	0.84376
339 T	0.05336	0.10288	0.84376
340 A	0.05261	0.10364	0.84375
341 C	0.05235	0.10389	0.84376
342 C	0.05246	0.10376	0.84378
343 A	0.05285	0.10332	0.84383
344 A	0.05441	0.10166	0.84394
345 A	0.05816	0.09773	0.84412
346 G	0.06343	0.09223	0.84434
347 T	0.07611	0.07797	0.84593
348 T	0.08040	0.06875	0.85085
349 A	0.08219	0.05864	0.85917
350 T	0.08444	0.04261	0.87295
351 T	0.08437	0.03872	0.87691
352 A	0.08406	0.03766	0.87827
353 G	0.08389	0.03689	0.87922
354 A	0.08471	0.03517	0.88012
355 A	0.08499	0.03275	0.88226
356 A	0.08521	0.02885	0.88594
357 T	0.08551	0.01979	0.8947
358 G	0.08515	0.01628	0.89857
359 G	0.08514	0.01435	0.90051
360 T	0.08540	0.01265	0.90195
361 T	0.08535	0.01253	0.90212
362 T	0.08503	0.01392	0.90105
363 T	0.08431	0.01799	0.8977
364 T	0.08242	0.02270	0.89489
365 T	0.07895	0.02694	0.89411
366 A	0.07066	0.03727	0.89207
367 A	0.06530	0.04345	0.89125
368 C	0.06318	0.04575	0.89106
369 T	0.06130	0.04883	0.88987
370 G	0.05828	0.05201	0.8897
371 A	0.05684	0.05361	0.88955
372 A	0.05624	0.05424	0.88952
373 A	0.05611	0.05432	0.88957
374 C	0.05631	0.05299	0.8907
375 A	0.05697	0.05186	0.89117
376 T	0.05799	0.05033	0.89168
377 T	0.05845	0.04970	0.89186
378 A	0.05850	0.04968	0.89183
379 A	0.05854	0.04981	0.89165
380 T	0.05878	0.04912	0.8921
381 T	0.05888	0.04852	0.89259
382 G	0.05879	0.04841	0.8928
383 A	0.05912	0.04806	0.89282
384 A	0.05991	0.04694	0.89315
385 A	0.06141	0.04461	0.89397
386 A	0.06543	0.03872	0.89586
387 T	0.06961	0.03129	0.8991
388 G	0.07075	0.02592	0.90334
389 T	0.07297	0.01656	0.91046
390 T	0.07367	0.01149	0.91484
391 G	0.07384	0.00938	0.91678
392 T	0.07446	0.00727	0.91827
393 T	0.07458	0.00523	0.92019
394 A	0.07461	0.00427	0.92112
395 T	0.07466	0.00369	0.92165
396 T	0.07463	0.00358	0.9218
397 G	0.07449	0.00370	0.92181
398 A	0.07443	0.00392	0.92164
399 T	0.07448	0.00396	0.92156
400 G	0.07448	0.00414	0.92139
401 A	0.07464	0.00420	0.92116
402 T	0.07502	0.00370	0.92127
403 G	0.07517	0.00352	0.92131
404 T	0.07540	0.00320	0.92141
405 T	0.07557	0.00284	0.92159
406 C	0.07566	0.00269	0.92164
407 T	0.07573	0.00280	0.92146
408 T	0.07576	0.00315	0.92108
409 T	0.07576	0.00344	0.9208
410 T	0.07566	0.00375	0.92059
411 T	0.07545	0.00428	0.92027
412 T	0.07508	0.00488	0.92005
413 T	0.07451	0.00559	0.9199
414 A	0.07359	0.00673	0.91968
415 G	0.07339	0.00705	0.91956
416 A	0.07336	0.00717	0.91947
417 A	0.07344	0.00717	0.91938
418 T	0.07361	0.00709	0.91931
419 T	0.07372	0.00699	0.91929
420 A	0.07369	0.00699	0.91933
421 G	0.07385	0.00673	0.91941
422 G	0.07399	0.00654	0.91947
423 T	0.07427	0.00621	0.91952
424 T	0.07454	0.00592	0.91954
425 C	0.07455	0.00591	0.91955
426 T	0.07436	0.00611	0.91953
427 C	0.07402	0.00647	0.91951
428 A	0.07371	0.00689	0.91941
429 A	0.07346	0.00723	0.91931
430 A	0.07358	0.00715	0.91926
431 T	0.07399	0.00675	0.91927
432 T	0.07406	0.00670	0.91924
433 G	0.07345	0.00694	0.91961
434 T	0.07324	0.00671	0.92004
435 T	0.07235	0.00725	0.92039
436 G	0.06996	0.00943	0.92061
437 C	0.06887	0.01026	0.92087
438 T	0.06830	0.01172	0.91997
439 G	0.06732	0.01283	0.91985
440 A	0.06692	0.01334	0.91973
441 T	0.06669	0.01362	0.9197
442 T	0.06624	0.01409	0.91967
443 C	0.06517	0.01509	0.91973
444 T	0.06400	0.01641	0.91958
445 A	0.06217	0.01854	0.91929
446 A	0.06052	0.02065	0.91883
447 A	0.05952	0.02210	0.91838
448 A	0.05914	0.02270	0.91817
449 T	0.05897	0.02267	0.91836
450 A	0.05855	0.02293	0.91852
451 A	0.05829	0.02306	0.91865
452 T	0.05823	0.02289	0.91888
453 A	0.05805	0.02310	0.91886
454 A	0.05787	0.02336	0.91878
455 A	0.05778	0.02330	0.91892
456 A	0.05778	0.02243	0.9198
457 G	0.05783	0.02160	0.92057
458 G	0.05803	0.02025	0.92173
459 A	0.05835	0.01777	0.92387
460 T	0.05885	0.01605	0.9251
461 T	0.05965	0.01455	0.9258
462 T	0.05979	0.01352	0.92669
463 T	0.05984	0.01283	0.92732
464 T	0.05977	0.01233	0.9279
465 A	0.05946	0.01219	0.92835
466 G	0.05942	0.01129	0.92928
467 A	0.05947	0.01041	0.93012
468 A	0.05969	0.00877	0.93155
469 G	0.06013	0.00683	0.93303
470 T	0.06064	0.00582	0.93354
471 T	0.06074	0.00609	0.93317
472 G	0.06022	0.00784	0.93194
473 A	0.05983	0.01039	0.92978
474 T	0.05988	0.01101	0.92911
475 G	0.05983	0.01122	0.92895
476 A	0.05994	0.01124	0.92882
477 A	0.06019	0.01086	0.92895
478 T	0.06047	0.01046	0.92907
479 C	0.06056	0.01034	0.9291
480 T	0.06066	0.01030	0.92904
481 C	0.06070	0.01036	0.92894
482 T	0.06075	0.01054	0.92871
483 T	0.06075	0.01081	0.92845
484 T	0.06072	0.01087	0.9284
485 T	0.06066	0.01094	0.92839
486 A	0.06017	0.01145	0.92839
487 A	0.05988	0.01162	0.92851
488 C	0.05971	0.01147	0.92882
489 A	0.05949	0.01165	0.92886
490 G	0.05936	0.01169	0.92894
491 G	0.05944	0.01158	0.92899
492 A	0.05963	0.01139	0.92898
493 G	0.06012	0.01087	0.92901
494 A	0.06090	0.00993	0.92917
495 A	0.06226	0.00796	0.92979
496 T	0.06450	0.00516	0.93033
497 C	0.06515	0.00436	0.93048
498 T	0.06540	0.00415	0.93045
499 G	0.06552	0.00403	0.93044
500 G	0.06554	0.00408	0.93037
501 T	0.06561	0.00414	0.93025
502 T	0.06550	0.00452	0.92998
503 C	0.06539	0.00479	0.92983
504 T	0.06538	0.00563	0.92898
505 A	0.06537	0.00640	0.92823
506 T	0.06547	0.00648	0.92805
507 T	0.06531	0.00679	0.92789
508 T	0.06499	0.00729	0.92772
509 T	0.06450	0.00759	0.92792
510 T	0.06334	0.00866	0.928
511 A	0.05953	0.01250	0.92797
512 A	0.05746	0.01447	0.92807
513 A	0.05619	0.01559	0.92822
514 A	0.05560	0.01604	0.92836
515 A	0.05521	0.01630	0.92849
516 A	0.05499	0.01643	0.92859
517 G	0.05491	0.01643	0.92865
518 A	0.05487	0.01654	0.92859
519 A	0.05474	0.01671	0.92855
520 G	0.05468	0.01677	0.92856
521 G	0.05475	0.01670	0.92854
522 A	0.05481	0.01659	0.9286
523 G	0.05495	0.01641	0.92865
524 A	0.05521	0.01609	0.9287
525 T	0.05579	0.01529	0.92892
526 G	0.05613	0.01473	0.92914
527 T	0.05710	0.01362	0.92929
528 T	0.05778	0.01274	0.92948
529 T	0.05795	0.01231	0.92974
530 T	0.05801	0.01189	0.9301
531 A	0.05805	0.01134	0.93061
532 T	0.05818	0.01039	0.93143
533 A	0.05824	0.00905	0.93272
534 T	0.05839	0.00544	0.93617
535 T	0.05844	0.00361	0.93795
536 C	0.05840	0.00254	0.93906
537 T	0.05832	0.00237	0.93931
538 G	0.05801	0.00264	0.93936
539 G	0.05788	0.00277	0.93934
540 A	0.05786	0.00289	0.93926
541 A	0.05798	0.00282	0.9392
542 G	0.05812	0.00252	0.93935
543 T	0.05832	0.00227	0.93941
544 T	0.05842	0.00219	0.93938
545 A	0.05846	0.00222	0.93932
546 T	0.05853	0.00223	0.93925
547 G	0.05855	0.00239	0.93906
548 T	0.05857	0.00276	0.93867
549 T	0.05858	0.00308	0.93834
550 T	0.05854	0.00361	0.93785
551 T	0.05843	0.00422	0.93734
552 A	0.05746	0.00616	0.93638
553 A	0.05674	0.00752	0.93575
554 G	0.05637	0.00799	0.93564
555 T	0.05615	0.00829	0.93556
556 G	0.05581	0.00868	0.93552
557 G	0.05570	0.00880	0.9355
558 G	0.05564	0.00883	0.93553
559 A	0.05564	0.00876	0.9356
560 A	0.05571	0.00858	0.93571
561 T	0.05595	0.00806	0.93599
562 G	0.05606	0.00783	0.93611
563 C	0.05620	0.00763	0.93617
564 T	0.05629	0.00754	0.93618
565 T	0.05632	0.00751	0.93618
566 G	0.05633	0.00749	0.93617
567 C	0.05640	0.00743	0.93617
568 G	0.05649	0.00736	0.93616
569 C	0.05664	0.00722	0.93614
570 T	0.05691	0.00706	0.93603
571 A	0.05729	0.00686	0.93585
572 A	0.05759	0.00679	0.93562
573 A	0.05806	0.00651	0.93542
574 G	0.05855	0.00602	0.93543
575 T	0.05960	0.00408	0.93632
576 T	0.06021	0.00288	0.93691
577 T	0.06031	0.00271	0.93699
578 T	0.06028	0.00300	0.93673
579 T	0.05993	0.00401	0.93606
580 T	0.05935	0.00523	0.93542
581 G	0.05838	0.00667	0.93495
582 T	0.05794	0.00754	0.93452
583 G	0.05735	0.00860	0.93404
584 T	0.05702	0.00951	0.93347
585 A	0.05635	0.01030	0.93335
586 G	0.05601	0.01066	0.93333
587 G	0.05584	0.01086	0.9333
588 A	0.05544	0.01128	0.93329
589 C	0.05525	0.01147	0.93328
590 C	0.05513	0.01163	0.93323
591 T	0.05503	0.01184	0.93313
592 A	0.05492	0.01202	0.93305
593 A	0.05493	0.01208	0.93299
594 A	0.05501	0.01205	0.93295
595 A	0.05523	0.01186	0.93291
596 T	0.05559	0.01143	0.93297
597 G	0.05556	0.01143	0.93301
598 T	0.05557	0.01140	0.93302
599 A	0.05511	0.01190	0.93299
600 T	0.05534	0.01168	0.93298
601 A	0.05561	0.01125	0.93314
602 T	0.05680	0.00952	0.93368
603 T	0.05725	0.00818	0.93457
604 T	0.05735	0.00712	0.93552
605 C	0.05664	0.00759	0.93577
606 T	0.05465	0.01034	0.93501
607 A	0.05021	0.01624	0.93355
608 A	0.04377	0.02369	0.93254
609 A	0.04120	0.02661	0.93219
610 T	0.03925	0.02852	0.93223
611 T	0.03657	0.03080	0.93264
612 G	0.02920	0.03803	0.93278
613 A	0.02281	0.04448	0.93271
614 C	0.01805	0.04936	0.93259
615 A	0.01394	0.05443	0.93163
616 A	0.01062	0.05903	0.93034
617 A	0.00888	0.06200	0.92912
618 A	0.00752	0.06431	0.92816
619 G	0.00688	0.06500	0.92813
620 A	0.00648	0.06519	0.92833
621 A	0.00620	0.06514	0.92866
622 G	0.00605	0.06457	0.92938
623 C	0.00588	0.06442	0.9297
624 G	0.00554	0.06533	0.92913
625 A	0.00545	0.06738	0.92717
626 A	0.00542	0.06911	0.92546
627 A	0.00556	0.07000	0.92444
628 A	0.00589	0.07002	0.9241
629 A	0.00691	0.06679	0.9263
630 A	0.00833	0.06037	0.9313
631 T	0.00955	0.05195	0.9385
632 A	0.00990	0.04924	0.94086
633 T	0.00968	0.04803	0.94229
634 A	0.00885	0.04864	0.94251
635 A	0.00805	0.04474	0.94721
636 A	0.00787	0.04006	0.95207
637 A	0.00802	0.03605	0.95593
638 A	0.00888	0.03331	0.9578
639 A	0.01013	0.03374	0.95613
640 A	0.01125	0.03855	0.9502
641 T	0.01194	0.04014	0.94792
642 T	0.01150	0.04358	0.94492
643 A	0.01080	0.04470	0.9445
644 A	0.01019	0.04581	0.94399
645 A	0.00991	0.04584	0.94424
646 A	0.00999	0.04539	0.94463
647 C	0.01081	0.04410	0.94509
648 A	0.01292	0.04190	0.94518
649 C	0.01484	0.03989	0.94526
650 C	0.01619	0.03856	0.94525
651 T	0.01719	0.03761	0.9452
652 T	0.01767	0.03719	0.94515
653 T	0.01784	0.03712	0.94503
654 A	0.01781	0.03720	0.94499
655 A	0.01826	0.03669	0.94505
656 T	0.01961	0.03470	0.94569
657 T	0.02112	0.03223	0.94664
658 C	0.02181	0.03070	0.94749
659 A	0.02243	0.02998	0.94759
660 A	0.02346	0.02889	0.94765
661 A	0.02560	0.02671	0.94769
662 A	0.03098	0.02127	0.94775
663 T	0.03927	0.01287	0.94785
664 T	0.04306	0.00863	0.94831
665 T	0.04576	0.00530	0.94894
666 A	0.04619	0.00419	0.94962
667 T	0.04675	0.00300	0.95025
668 C	0.04680	0.00260	0.95061
669 T	0.04684	0.00249	0.95066
670 T	0.04688	0.00243	0.95069
671 T	0.04691	0.00240	0.9507
672 A	0.04690	0.00239	0.95071
673 T	0.04694	0.00234	0.95072
674 T	0.04697	0.00223	0.9508
675 A	0.04699	0.00213	0.95088
676 A	0.04708	0.00189	0.95103
677 T	0.04715	0.00154	0.95131
678 T	0.04719	0.00130	0.95151
679 T	0.04721	0.00114	0.95165
680 T	0.04723	0.00097	0.9518
681 G	0.04724	0.00074	0.95202
682 T	0.04729	0.00052	0.95219
683 T	0.04732	0.00041	0.95227
684 T	0.04733	0.00037	0.9523
685 A	0.04734	0.00038	0.95228
686 T	0.04735	0.00040	0.95225
687 T	0.04735	0.00042	0.95223
688 T	0.04735	0.00044	0.95221
689 T	0.04736	0.00046	0.95219
690 T	0.04735	0.00048	0.95217
691 T	0.04735	0.00050	0.95215
692 G	0.04733	0.00055	0.95212
693 T	0.04729	0.00066	0.95205
694 T	0.04726	0.00077	0.95197
695 T	0.04719	0.00092	0.95189
696 A	0.04705	0.00116	0.95178
697 T	0.04701	0.00123	0.95176
698 T	0.04691	0.00136	0.95172
699 G	0.04681	0.00146	0.95172
700 A	0.04676	0.00152	0.95172
701 T	0.04673	0.00154	0.95172
702 T	0.04670	0.00158	0.95173
703 C	0.04660	0.00167	0.95173
704 C	0.04654	0.00172	0.95173
705 G	0.04652	0.00174	0.95173
706 A	0.04652	0.00175	0.95173
707 C	0.04653	0.00173	0.95173
708 A	0.04657	0.00170	0.95173
709 T	0.04664	0.00163	0.95174
710 C	0.04669	0.00157	0.95174
711 T	0.04675	0.00151	0.95174
712 T	0.04678	0.00147	0.95174
713 T	0.04681	0.00144	0.95176
714 G	0.04683	0.00141	0.95176
715 A	0.04688	0.00136	0.95175
716 T	0.04700	0.00118	0.95182
717 T	0.04707	0.00107	0.95186
718 T	0.04713	0.00097	0.9519
719 T	0.04716	0.00084	0.95199
720 A	0.04714	0.00086	0.952
721 T	0.04715	0.00078	0.95207
722 A	0.04712	0.00075	0.95213
723 T	0.04711	0.00071	0.95219
724 T	0.04709	0.00070	0.95221
725 T	0.04706	0.00071	0.95223
726 T	0.04701	0.00069	0.9523
727 T	0.04691	0.00075	0.95234
728 T	0.04685	0.00079	0.95236
729 T	0.04677	0.00087	0.95236
730 C	0.04669	0.00095	0.95236
731 C	0.04662	0.00103	0.95235
732 T	0.04657	0.00110	0.95232
733 A	0.04629	0.00145	0.95226
734 C	0.04613	0.00167	0.9522
735 A	0.04594	0.00217	0.95188
736 A	0.04590	0.00242	0.95167
737 G	0.04589	0.00258	0.95153
738 A	0.04589	0.00265	0.95145
739 A	0.04591	0.00267	0.95141
740 T	0.04596	0.00261	0.95143
741 T	0.04592	0.00264	0.95144
742 G	0.04585	0.00271	0.95145
743 A	0.04583	0.00272	0.95145
744 T	0.04584	0.00270	0.95146
745 A	0.04580	0.00273	0.95147
746 T	0.04577	0.00273	0.9515
747 T	0.04568	0.00278	0.95154
748 A	0.04548	0.00294	0.95159
749 A	0.04535	0.00299	0.95166
750 C	0.04526	0.00293	0.95181
751 G	0.04520	0.00294	0.95187
752 C	0.04515	0.00293	0.95192
753 A	0.04511	0.00295	0.95194
754 G	0.04509	0.00293	0.95198
755 A	0.04512	0.00289	0.95199
756 G	0.04519	0.00255	0.95226
757 C	0.04528	0.00232	0.95241
758 C	0.04560	0.00182	0.95258
759 A	0.04582	0.00157	0.95261
760 T	0.04598	0.00140	0.95262
761 T	0.04604	0.00133	0.95263
762 T	0.04606	0.00130	0.95264
763 G	0.04608	0.00127	0.95266
764 T	0.04612	0.00112	0.95276
765 T	0.04614	0.00099	0.95287
766 T	0.04616	0.00091	0.95293
767 T	0.04617	0.00085	0.95298
768 A	0.04618	0.00079	0.95304
769 G	0.04618	0.00070	0.95312
770 G	0.04618	0.00060	0.95322
771 T	0.04618	0.00042	0.9534
772 T	0.04618	0.00032	0.9535
773 T	0.04618	0.00027	0.95355
774 A	0.04618	0.00024	0.95358
775 T	0.04619	0.00019	0.95363
776 G	0.04619	0.00015	0.95366
777 T	0.04619	0.00014	0.95368
778 G	0.04619	0.00014	0.95368
779 G	0.04619	0.00014	0.95368
780 T	0.04619	0.00014	0.95367
781 T	0.04619	0.00015	0.95365
782 T	0.04619	0.00016	0.95365
783 T	0.04619	0.00017	0.95364
784 G	0.04619	0.00022	0.95358
785 T	0.04619	0.00036	0.95346
786 T	0.04618	0.00045	0.95337
787 T	0.04615	0.00054	0.95331
788 T	0.04612	0.00067	0.95321
789 A	0.04604	0.00082	0.95314
790 G	0.04599	0.00087	0.95313
791 G	0.04597	0.00090	0.95313
792 T	0.04597	0.00090	0.95313
793 A	0.04597	0.00090	0.95313
794 C	0.04598	0.00089	0.95313
795 A	0.04599	0.00088	0.95313
796 C	0.04601	0.00086	0.95313
797 T	0.04602	0.00085	0.95314
798 T	0.04603	0.00084	0.95314
799 C	0.04603	0.00083	0.95314
800 C	0.04604	0.00083	0.95314
801 T	0.04605	0.00082	0.95313
802 T	0.04605	0.00081	0.95313
803 C	0.04605	0.00082	0.95313
804 T	0.04604	0.00083	0.95313
805 G	0.04603	0.00086	0.95312
806 G	0.04603	0.00085	0.95311
807 A	0.04609	0.00082	0.9531
808 T	0.04625	0.00067	0.95309
809 T	0.04634	0.00055	0.9531
810 G	0.04638	0.00048	0.95314
811 T	0.04645	0.00037	0.95317
812 T	0.04647	0.00030	0.95322
813 T	0.04642	0.00034	0.95325
814 C	0.04633	0.00042	0.95325
815 T	0.04626	0.00052	0.95322
816 T	0.04615	0.00070	0.95314
817 T	0.04593	0.00093	0.95314
818 T	0.04558	0.00129	0.95313
819 A	0.04496	0.00193	0.95311
820 A	0.04460	0.00231	0.9531
821 C	0.04444	0.00248	0.95308
822 T	0.04435	0.00259	0.95306
823 A	0.04423	0.00271	0.95306
824 G	0.04420	0.00274	0.95306
825 T	0.04418	0.00276	0.95306
826 A	0.04417	0.00278	0.95306
827 C	0.04417	0.00274	0.95309
828 T	0.04418	0.00272	0.9531
829 A	0.04418	0.00271	0.95311
830 C	0.04420	0.00269	0.95312
831 T	0.04422	0.00267	0.95311
832 T	0.04423	0.00266	0.95311
833 T	0.04423	0.00265	0.95313
834 A	0.04423	0.00265	0.95312
835 T	0.04425	0.00261	0.95314
836 T	0.04426	0.00244	0.9533
837 T	0.04427	0.00222	0.95351
838 G	0.04429	0.00198	0.95373
839 T	0.04434	0.00180	0.95386
840 T	0.04435	0.00167	0.95398
841 A	0.04431	0.00160	0.9541
842 G	0.04429	0.00125	0.95446
843 T	0.04430	0.00118	0.95453
844 T	0.04426	0.00142	0.95432
845 T	0.04390	0.00253	0.95357
846 T	0.04333	0.00449	0.95218
847 A	0.04290	0.00700	0.9501
848 T	0.04260	0.00804	0.94935
849 T	0.04204	0.00921	0.94875
850 A	0.04117	0.01096	0.94787
851 A	0.04076	0.01183	0.94741
852 A	0.03947	0.01340	0.94714
853 T	0.03860	0.01430	0.94711
854 T	0.03734	0.01556	0.9471
855 A	0.03302	0.01991	0.94707
856 G	0.03033	0.02263	0.94704
857 C	0.02696	0.02604	0.94699
858 C	0.02492	0.02814	0.94695
859 A	0.02213	0.03115	0.94671
860 A	0.01959	0.03392	0.94649
861 A	0.01896	0.03474	0.9463
862 C	0.01849	0.03528	0.94624
863 A	0.01810	0.03581	0.94609
864 A	0.01807	0.03587	0.94606
865 A	0.01819	0.03573	0.94608
866 A	0.01849	0.03541	0.94611
867 A	0.01889	0.03492	0.94618
868 G	0.01987	0.03326	0.94686
869 C	0.02158	0.03075	0.94767
870 T	0.02394	0.02808	0.94799
871 T	0.02454	0.02731	0.94815
872 A	0.02476	0.02689	0.94835
873 T	0.02513	0.02603	0.94884
874 A	0.02506	0.02596	0.94898
875 T	0.02495	0.02439	0.95067
876 G	0.02406	0.02437	0.95157
877 A	0.02371	0.02371	0.95258
878 A	0.02352	0.02024	0.95624
879 A	0.02343	0.01783	0.95874
880 G	0.02343	0.01411	0.96246
881 A	0.02347	0.01216	0.96437
882 A	0.02373	0.00903	0.96724
883 C	0.02405	0.00584	0.97012
884 T	0.02431	0.00514	0.97054
885 T	0.02438	0.00481	0.97081
886 T	0.02444	0.00472	0.97084
887 T	0.02443	0.00512	0.97045
888 T	0.02403	0.00635	0.96962
889 G	0.02352	0.00775	0.96873
890 G	0.02305	0.00942	0.96753
891 G	0.02275	0.01156	0.96569
892 A	0.02247	0.01709	0.96043
893 T	0.02232	0.01903	0.95865
894 A	0.02202	0.02380	0.95418
895 G	0.02197	0.02565	0.95238
896 A	0.02201	0.02758	0.95041
897 A	0.02213	0.02856	0.94931
898 A	0.02227	0.02856	0.94918
899 T	0.02248	0.02767	0.94985
900 G	0.02266	0.02728	0.95005
901 T	0.02291	0.02688	0.95021
902 T	0.02292	0.02677	0.95031
903 A	0.02291	0.02675	0.95035
904 G	0.02291	0.02669	0.95039
905 C	0.02293	0.02667	0.9504
906 T	0.02295	0.02668	0.95036
907 A	0.02298	0.02674	0.95029
908 G	0.02313	0.02668	0.95019
909 A	0.02340	0.02654	0.95006
910 A	0.02410	0.02596	0.94994
911 T	0.02537	0.02437	0.95026
912 A	0.02647	0.02306	0.95047
913 G	0.02784	0.02154	0.95062
914 A	0.02981	0.01935	0.95084
915 T	0.03512	0.01375	0.95114
916 G	0.03687	0.01181	0.95132
917 T	0.04141	0.00706	0.95153
918 C	0.04314	0.00532	0.95154
919 C	0.04486	0.00379	0.95135
920 T	0.04580	0.00328	0.95092
921 T	0.04597	0.00365	0.95039
922 T	0.04597	0.00406	0.94997
923 G	0.04576	0.00455	0.94968
924 T	0.04521	0.00540	0.94939
925 T	0.04453	0.00650	0.94897
926 T	0.04294	0.00821	0.94885
927 A	0.03931	0.01207	0.94862
928 G	0.03663	0.01498	0.9484
929 A	0.03387	0.01795	0.94818
930 C	0.02903	0.02304	0.94793
931 A	0.02665	0.02568	0.94767
932 A	0.02606	0.02645	0.94749
933 A	0.02541	0.02724	0.94735
934 A	0.02509	0.02766	0.94724
935 C	0.02504	0.02773	0.94723
936 A	0.02513	0.02781	0.94706
937 G	0.02502	0.02793	0.94706
938 G	0.02499	0.02797	0.94704
939 A	0.02467	0.02829	0.94704
940 A	0.02453	0.02843	0.94703
941 C	0.02469	0.02819	0.94713
942 T	0.02512	0.02785	0.94703
943 A	0.02539	0.02755	0.94706
944 T	0.02573	0.02703	0.94723
945 T	0.02565	0.02695	0.94741
946 A	0.02491	0.02754	0.94754
947 C	0.02446	0.02619	0.94935
948 A	0.02384	0.02675	0.94941
949 G	0.02291	0.02684	0.95025
950 A	0.02252	0.02538	0.9521
951 T	0.02250	0.02336	0.95414
952 G	0.02222	0.02136	0.95642
953 G	0.02231	0.01565	0.96203
954 C	0.02246	0.01317	0.96436
955 A	0.02259	0.01267	0.96473
956 C	0.02275	0.01201	0.96524
957 T	0.02287	0.01188	0.96525
958 A	0.02286	0.01234	0.96481
959 T	0.02291	0.01306	0.96404
960 T	0.02276	0.01367	0.96357
961 A	0.02246	0.01537	0.96217
962 A	0.02238	0.01604	0.96158
963 A	0.02232	0.01665	0.96102
964 G	0.02226	0.01737	0.96036
965 T	0.02233	0.02024	0.95743
966 A	0.02225	0.02583	0.95192
967 A	0.02186	0.03488	0.94326
968 A	0.02180	0.03827	0.93993
969 A	0.02188	0.03881	0.93931
970 A	0.02203	0.03914	0.93883
971 A	0.02281	0.03796	0.93923
972 T	0.02355	0.03653	0.93992
973 G	0.02376	0.03669	0.93955
974 T	0.02401	0.03693	0.93906
975 T	0.02406	0.03742	0.93852
976 T	0.02406	0.03825	0.9377
977 T	0.02389	0.03932	0.93679
978 A	0.02367	0.04037	0.93596
979 A	0.02358	0.04086	0.93555
980 A	0.02367	0.04079	0.93555
981 A	0.02417	0.04024	0.93559
982 T	0.02516	0.03914	0.9357
983 A	0.02574	0.03842	0.93585
984 C	0.02707	0.03683	0.9361
985 A	0.02816	0.03595	0.93588
986 A	0.02936	0.03506	0.93557
987 A	0.03071	0.03407	0.93522
988 G	0.03421	0.03062	0.93517
989 A	0.04018	0.02463	0.9352
990 T	0.04939	0.01498	0.93562
991 T	0.05279	0.01144	0.93576
992 C	0.05387	0.01031	0.93581
993 T	0.05494	0.00938	0.93568
994 A	0.05529	0.00914	0.93557
995 A	0.05581	0.00867	0.93551
996 T	0.05746	0.00704	0.93551
997 T	0.05847	0.00603	0.93549
998 T	0.05920	0.00525	0.93555
999 A	0.05972	0.00466	0.93562
1000 T	0.06030	0.00386	0.93585
1001 T	0.06055	0.00339	0.93606
1002 T	0.06051	0.00331	0.93618
1003 C	0.06034	0.00342	0.93624
1004 C	0.06022	0.00353	0.93625
1005 T	0.06001	0.00377	0.93621
1006 G	0.05944	0.00437	0.93619
1007 A	0.05929	0.00454	0.93617
1008 A	0.05936	0.00448	0.93615
1009 G	0.05958	0.00428	0.93614
1010 A	0.05995	0.00385	0.9362
1011 T	0.06024	0.00351	0.93625
1012 T	0.06037	0.00337	0.93626
1013 T	0.06043	0.00329	0.93628
1014 G	0.06046	0.00325	0.93629
1015 T	0.06052	0.00315	0.93633
1016 T	0.06060	0.00307	0.93632
1017 T	0.06067	0.00298	0.93635
1018 T	0.06070	0.00295	0.93636
1019 T	0.06071	0.00295	0.93634
1020 T	0.06070	0.00299	0.93631
1021 A	0.06070	0.00308	0.93622
1022 A	0.06069	0.00314	0.93617
1023 T	0.06068	0.00318	0.93615
1024 A	0.06065	0.00339	0.93596
1025 T	0.06058	0.00335	0.93607
1026 T	0.06029	0.00370	0.93602
1027 A	0.05981	0.00439	0.9358
1028 T	0.05972	0.00440	0.93588
1029 T	0.05958	0.00423	0.9362
1030 A	0.05942	0.00430	0.93628
1031 A	0.05939	0.00425	0.93636
1032 T	0.05942	0.00411	0.93647
1033 G	0.05943	0.00410	0.93647
1034 C	0.05947	0.00411	0.93642
1035 T	0.05955	0.00409	0.93637
1036 T	0.05959	0.00406	0.93635
1037 T	0.05962	0.00407	0.93631
1038 T	0.05961	0.00409	0.93631
1039 C	0.05951	0.00422	0.93627
1040 C	0.05911	0.00482	0.93606
1041 T	0.05879	0.00606	0.93514
1042 C	0.05851	0.00785	0.93364
1043 A	0.05834	0.01114	0.93052
1044 A	0.05824	0.01279	0.92896
1045 A	0.05824	0.01421	0.92755
1046 A	0.05833	0.01554	0.92614
1047 T	0.05865	0.01532	0.92602
1048 A	0.05859	0.01531	0.9261
1049 A	0.05875	0.01474	0.92652
1050 T	0.05903	0.01392	0.92705
1051 C	0.05905	0.01378	0.92717
1052 C	0.05910	0.01372	0.92717
1053 G	0.05908	0.01388	0.92705
1054 A	0.05905	0.01450	0.92645
1055 C	0.05851	0.01569	0.9258
1056 T	0.05821	0.01710	0.92469
1057 C	0.05777	0.01849	0.92374
1058 A	0.05733	0.02157	0.92109
1059 A	0.05707	0.02314	0.91979
1060 A	0.05693	0.02343	0.91963
1061 A	0.05697	0.02340	0.91963
1062 A	0.05721	0.02306	0.91973
1063 G	0.05797	0.02173	0.9203
1064 C	0.05946	0.01981	0.92072
1065 T	0.06160	0.01749	0.92091
1066 T	0.06388	0.01517	0.92095
1067 T	0.06472	0.01435	0.92092
1068 A	0.06537	0.01368	0.92095
1069 T	0.06639	0.01263	0.92098
1070 A	0.06650	0.01243	0.92108
1071 T	0.06657	0.01213	0.9213
1072 C	0.06659	0.01201	0.9214
1073 A	0.06660	0.01202	0.92139
1074 A	0.06654	0.01203	0.92143
1075 G	0.06659	0.01194	0.92147
1076 A	0.06694	0.01159	0.92148
1077 A	0.06841	0.01012	0.92146
1078 T	0.07112	0.00653	0.92235
1079 T	0.07276	0.00444	0.92281
1080 T	0.07352	0.00327	0.92321
1081 T	0.07428	0.00220	0.92352
1082 G	0.07447	0.00185	0.92368
1083 T	0.07449	0.00173	0.92379
1084 T	0.07435	0.00195	0.9237
1085 C	0.07211	0.00450	0.92339
1086 T	0.06946	0.00737	0.92317
1087 T	0.06553	0.01140	0.92307
1088 T	0.05382	0.02327	0.92291
1089 A	0.03720	0.04017	0.92262
1090 C	0.02681	0.05082	0.92237
1091 C	0.01892	0.05914	0.92194
1092 A	0.01287	0.06774	0.91939
1093 A	0.00904	0.07283	0.91812
1094 T	0.00750	0.07489	0.91762
1095 A	0.00559	0.07725	0.91716
1096 A	0.00434	0.07889	0.91677
1097 A	0.00403	0.07931	0.91667
1098 A	0.00390	0.07939	0.91671
1099 A	0.00383	0.07944	0.91673
1100 A	0.00379	0.07948	0.91673
1101 T	0.00373	0.07956	0.91671
1102 C	0.00355	0.07979	0.91665
1103 A	0.00344	0.08010	0.91646
1104 A	0.00339	0.08027	0.91634
1105 A	0.00338	0.08028	0.91635
1106 A	0.00340	0.08022	0.91639
1107 A	0.00350	0.07994	0.91657
1108 A	0.00379	0.07597	0.92024
1109 A	0.00400	0.07053	0.92548
1110 A	0.00418	0.06513	0.93069
1111 G	0.00449	0.05271	0.9428
1112 A	0.00513	0.03956	0.95532
1113 T	0.00583	0.02937	0.9648
1114 A	0.00636	0.02457	0.96907
1115 T	0.00865	0.02073	0.97062
1116 T	0.00968	0.02309	0.96724
1117 T	0.00999	0.03478	0.95523
1118 A	0.01009	0.04612	0.94379
1119 T	0.01027	0.05192	0.93781
1120 A	0.01029	0.06038	0.92933
1121 A	0.01018	0.06497	0.92485
1122 A	0.01012	0.06530	0.92459
1123 A	0.01021	0.06520	0.92458
1124 T	0.01036	0.06496	0.92469
1125 T	0.01045	0.06489	0.92467
1126 C	0.01045	0.06523	0.92431
1127 T	0.01042	0.06623	0.92335
1128 A	0.00998	0.06811	0.92191
1129 A	0.00986	0.06837	0.92177
1130 A	0.00984	0.06844	0.92173
1131 A	0.00983	0.06847	0.9217
1132 A	0.00999	0.06831	0.9217
1133 C	0.01063	0.06765	0.92172
1134 T	0.01188	0.06641	0.92171
1135 A	0.01276	0.06553	0.92171
1136 A	0.01424	0.06405	0.92172
1137 A	0.01812	0.06015	0.92173
1138 C	0.02455	0.05369	0.92176
1139 C	0.03206	0.04612	0.92182
1140 T	0.04880	0.02935	0.92185
1141 T	0.06095	0.01715	0.9219
1142 T	0.06644	0.01162	0.92194
1143 T	0.07030	0.00773	0.92197
1144 T	0.07176	0.00616	0.92209
1145 C	0.07163	0.00609	0.92228
1146 T	0.07150	0.00622	0.92227
1147 A	0.07121	0.00653	0.92227
1148 G	0.07129	0.00644	0.92226
1149 T	0.07128	0.00648	0.92224
1150 A	0.07004	0.00788	0.92208
1151 T	0.06972	0.00779	0.9225
1152 T	0.06470	0.01276	0.92254
1153 A	0.05895	0.01851	0.92254
1154 A	0.05541	0.02200	0.92259
1155 C	0.05395	0.02342	0.92262
1156 A	0.05211	0.02546	0.92243
1157 A	0.05118	0.02647	0.92235
1158 A	0.05031	0.02738	0.92232
1159 T	0.04907	0.02868	0.92224
1160 A	0.04587	0.03193	0.9222
1161 T	0.04386	0.03391	0.92224
1162 A	0.04183	0.03588	0.9223
1163 G	0.04075	0.03679	0.92246
1164 C	0.04033	0.03693	0.92274
1165 G	0.04013	0.03708	0.92279
1166 C	0.04001	0.03712	0.92287
1167 G	0.03987	0.03756	0.92258
1168 G	0.03983	0.03798	0.92219
1169 T	0.03984	0.03813	0.92203
1170 A	0.03981	0.03808	0.92211
1171 G	0.03982	0.03789	0.92229
1172 A	0.03992	0.03680	0.92328
1173 G	0.04009	0.03393	0.92598
1174 A	0.04013	0.03205	0.92782
1175 T	0.04028	0.02718	0.93254
1176 A	0.04034	0.02262	0.93704
1177 G	0.04040	0.01922	0.94038
1178 A	0.04043	0.01784	0.94172
1179 T	0.04059	0.01595	0.94346
1180 A	0.04063	0.01538	0.94399
1181 A	0.04071	0.01457	0.94472
1182 A	0.04079	0.01343	0.94578
1183 A	0.04085	0.01042	0.94873
1184 T	0.04090	0.00822	0.95088
1185 G	0.04092	0.00639	0.95269
1186 G	0.04094	0.00541	0.95364
1187 G	0.04100	0.00501	0.95399
1188 T	0.04118	0.00473	0.95409
1189 A	0.04129	0.00482	0.9539
1190 C	0.04178	0.00441	0.95382
1191 T	0.04229	0.00423	0.95348
1192 T	0.04250	0.00445	0.95306
1193 T	0.04258	0.00467	0.95274
1194 T	0.04262	0.00506	0.95232
1195 G	0.04263	0.00533	0.95203
1196 T	0.04267	0.00544	0.95189
1197 T	0.04269	0.00561	0.9517
1198 T	0.04268	0.00573	0.9516
1199 T	0.04265	0.00585	0.95149
1200 A	0.04250	0.00611	0.95138
1201 G	0.04245	0.00617	0.95138
1202 G	0.04261	0.00604	0.95135
1203 T	0.04308	0.00557	0.95135
1204 G	0.04316	0.00549	0.95135
1205 C	0.04340	0.00524	0.95135
1206 T	0.04352	0.00514	0.95134
1207 C	0.04345	0.00524	0.95131
1208 C	0.04339	0.00550	0.95111
1209 T	0.04343	0.00578	0.95078
1210 G	0.04341	0.00603	0.95056
1211 A	0.04343	0.00628	0.95029
1212 A	0.04370	0.00617	0.95012
1213 T	0.04419	0.00581	0.95
1214 T	0.04459	0.00550	0.9499
1215 T	0.04493	0.00530	0.94976
1216 A	0.04488	0.00583	0.94929
1217 T	0.04507	0.00595	0.94897
1218 T	0.04464	0.00714	0.94821
1219 T	0.04364	0.00941	0.94694
1220 T	0.04209	0.01229	0.94562
1221 A	0.03612	0.02043	0.94345
1222 A	0.03039	0.02779	0.94182
1223 A	0.02455	0.03476	0.94069
1224 A	0.02067	0.03879	0.94054
1225 A	0.01780	0.04193	0.94027
1226 A	0.01644	0.04339	0.94017
1227 A	0.01583	0.04402	0.94015
1228 C	0.01551	0.04432	0.94017
1229 A	0.01540	0.04455	0.94004
1230 A	0.01546	0.04446	0.94008
1231 T	0.01581	0.04401	0.94018
1232 T	0.01610	0.04369	0.94021
1233 T	0.01619	0.04356	0.94025
1234 A	0.01617	0.04344	0.94039
1235 G	0.01619	0.04324	0.94057
1236 T	0.01627	0.04311	0.94062
1237 G	0.01624	0.04325	0.94052
1238 A	0.01616	0.04371	0.94014
1239 A	0.01665	0.04357	0.93977
1240 A	0.01713	0.04327	0.9396
1241 T	0.01809	0.04129	0.94062
1242 T	0.01879	0.03993	0.94129
1243 A	0.01880	0.03917	0.94202
1244 A	0.02009	0.03379	0.94612
1245 A	0.02084	0.02853	0.95064
1246 A	0.02119	0.02320	0.9556
1247 A	0.02119	0.01996	0.95885
1248 T	0.02154	0.01708	0.96139
1249 G	0.02158	0.01627	0.96214
1250 A	0.02162	0.01650	0.96188
1251 T	0.02174	0.01607	0.96218
1252 T	0.02164	0.01618	0.96218
1253 T	0.02105	0.01755	0.96141
1254 T	0.02006	0.01962	0.96032
1255 C	0.01785	0.02380	0.95835
1256 A	0.01600	0.02873	0.95527
1257 A	0.01528	0.03132	0.9534
1258 A	0.01488	0.03406	0.95106
1259 A	0.01472	0.03692	0.94835
1260 A	0.01481	0.03964	0.94554
1261 G	0.01535	0.03981	0.94484
1262 A	0.01620	0.03975	0.94405
1263 A	0.01720	0.03887	0.94393
1264 A	0.01805	0.03788	0.94407
1265 T	0.01913	0.03623	0.94463
1266 T	0.01979	0.03477	0.94544
1267 A	0.02011	0.03411	0.94577
1268 A	0.02051	0.03323	0.94626
1269 A	0.02105	0.03208	0.94687
1270 T	0.02183	0.03088	0.9473
1271 T	0.02215	0.03030	0.94754
1272 A	0.02245	0.02975	0.9478
1273 G	0.02299	0.02883	0.94818
1274 G	0.02326	0.02823	0.94852
1275 A	0.02375	0.02728	0.94897
1276 T	0.02557	0.02454	0.94989
1277 A	0.02734	0.02173	0.95092
1278 T	0.02994	0.01697	0.95309
1279 C	0.03194	0.01350	0.95455
1280 G	0.03324	0.01187	0.95489
1281 A	0.03514	0.00995	0.95491
1282 G	0.03809	0.00704	0.95486
1283 T	0.04128	0.00387	0.95485
1284 T	0.04234	0.00279	0.95486
1285 T	0.04313	0.00195	0.95492
1286 T	0.04329	0.00178	0.95493
1287 G	0.04328	0.00181	0.95491
1288 C	0.04332	0.00185	0.95482
1289 T	0.04338	0.00204	0.95458
1290 T	0.04330	0.00234	0.95436
1291 T	0.04311	0.00257	0.95432
1292 T	0.04280	0.00302	0.95417
1293 G	0.04134	0.00452	0.95413
1294 G	0.03974	0.00614	0.95412
1295 C	0.03871	0.00718	0.95411
1296 T	0.03735	0.00869	0.95396
1297 C	0.03479	0.01131	0.9539
1298 A	0.03353	0.01267	0.95381
1299 A	0.03261	0.01366	0.95374
1300 A	0.03218	0.01412	0.9537
1301 C	0.03203	0.01428	0.9537
1302 T	0.03190	0.01444	0.95366
1303 G	0.03174	0.01460	0.95366
1304 A	0.03186	0.01448	0.95365
1305 T	0.03206	0.01428	0.95366
1306 A	0.03209	0.01425	0.95366
1307 C	0.03213	0.01411	0.95375
1308 T	0.03224	0.01397	0.95379
1309 T	0.03225	0.01392	0.95383
1310 C	0.03218	0.01395	0.95388
1311 A	0.03209	0.01411	0.9538
1312 T	0.03227	0.01400	0.95373
1313 T	0.03236	0.01376	0.95387
1314 A	0.03212	0.01385	0.95402
1315 G	0.03201	0.01377	0.95421
1316 A	0.03197	0.01250	0.95552
1317 T	0.03185	0.01099	0.95716
1318 A	0.03145	0.01050	0.95805
1319 A	0.03143	0.00910	0.95948
1320 T	0.03136	0.00688	0.96177
1321 A	0.03084	0.00742	0.96175
1322 T	0.03066	0.00881	0.96052
1323 T	0.02988	0.01241	0.95771
1324 A	0.02855	0.01592	0.95553
1325 A	0.02791	0.01780	0.95429
1326 T	0.02690	0.01984	0.95326
1327 G	0.02524	0.02218	0.95258
1328 A	0.02442	0.02408	0.9515
