# lcl|CP097583.1_cds_USQ93371.1_1
# AA	inside	membr	outside
1 G	0.24395	0.00000	0.75605
2 T	0.24354	0.00040	0.75605
3 G	0.24287	0.00107	0.75605
4 A	0.24287	0.27617	0.48095
5 A	0.19480	0.64629	0.15891
6 A	0.19480	0.69350	0.1117
7 A	0.08664	0.81235	0.10101
8 A	0.08664	0.81246	0.1009
9 A	0.08414	0.81622	0.09963
10 A	0.08414	0.86435	0.05151
11 A	0.08400	0.86644	0.04955
12 A	0.08238	0.86858	0.04903
13 T	0.08051	0.87228	0.04721
14 T	0.08051	0.87228	0.04721
15 A	0.08051	0.89808	0.02141
16 G	0.08035	0.89824	0.02141
17 A	0.08020	0.89849	0.0213
18 T	0.08020	0.89853	0.02127
19 T	0.07988	0.89888	0.02124
20 C	0.07516	0.90440	0.02044
21 T	0.04984	0.92968	0.02048
22 C	0.04676	0.93343	0.0198
23 A	0.04300	0.94056	0.01643
24 A	0.04635	0.94003	0.01362
25 A	0.05665	0.93177	0.01157
26 A	0.06600	0.92336	0.01064
27 A	0.32031	0.66805	0.01164
28 G	0.61366	0.32528	0.06106
29 A	0.66022	0.27365	0.06613
30 T	0.67651	0.16192	0.16157
31 A	0.61648	0.24412	0.13941
32 C	0.57118	0.30035	0.12848
33 A	0.41380	0.53736	0.04884
34 A	0.16746	0.79654	0.036
35 A	0.10950	0.85532	0.03519
36 A	0.09147	0.87325	0.03528
37 A	0.08069	0.89040	0.02891
38 C	0.08211	0.88911	0.02878
39 A	0.05753	0.92794	0.01453
40 A	0.05093	0.93694	0.01213
41 A	0.04863	0.94074	0.01063
42 A	0.04638	0.94489	0.00873
43 A	0.04676	0.94274	0.01049
44 A	0.03984	0.93053	0.02962
45 A	0.03327	0.93248	0.03425
46 G	0.02738	0.93299	0.03964
47 A	0.02392	0.93755	0.03853
48 A	0.02291	0.94004	0.03705
49 A	0.02200	0.94033	0.03767
50 A	0.02323	0.93579	0.04098
51 A	0.02749	0.92131	0.0512
52 A	0.03264	0.89398	0.07337
53 T	0.05293	0.82606	0.12101
54 T	0.07771	0.72727	0.19503
55 A	0.08900	0.67006	0.24094
56 A	0.14052	0.47101	0.38846
57 T	0.15142	0.22494	0.62363
58 C	0.15211	0.15430	0.69359
59 A	0.15387	0.13508	0.71106
60 T	0.16094	0.11578	0.72327
61 C	0.16197	0.10341	0.73462
62 C	0.17016	0.08598	0.74386
63 G	0.16729	0.09313	0.73957
64 T	0.16444	0.10121	0.73434
65 T	0.14692	0.14990	0.70318
66 G	0.11562	0.24884	0.63554
67 A	0.08439	0.34679	0.56882
68 A	0.05399	0.43948	0.50652
69 A	0.04633	0.48773	0.46594
70 G	0.04512	0.58490	0.36997
71 A	0.04393	0.77167	0.1844
72 T	0.04123	0.84877	0.10999
73 A	0.03296	0.90151	0.06553
74 A	0.02668	0.92931	0.04401
75 A	0.02062	0.96131	0.01807
76 A	0.01516	0.97129	0.01356
77 A	0.01249	0.97465	0.01287
78 A	0.01206	0.97493	0.01302
79 A	0.01158	0.97533	0.01309
80 C	0.01108	0.97482	0.0141
81 A	0.01091	0.97605	0.01304
82 A	0.01088	0.97752	0.0116
83 A	0.01123	0.97882	0.00994
84 A	0.01215	0.97802	0.00983
85 A	0.01444	0.97457	0.01099
86 A	0.02256	0.95658	0.02086
87 A	0.03395	0.93621	0.02984
88 G	0.06610	0.88105	0.05285
89 A	0.12889	0.79392	0.07719
90 A	0.19968	0.69829	0.10203
91 A	0.27696	0.60072	0.12232
92 A	0.33591	0.54333	0.12076
93 A	0.44675	0.44041	0.11284
94 A	0.62385	0.27376	0.10239
95 T	0.71308	0.19872	0.0882
96 T	0.74436	0.16491	0.09073
97 A	0.75196	0.16203	0.08601
98 A	0.75955	0.15467	0.08578
99 T	0.75580	0.15421	0.08999
100 C	0.73281	0.17481	0.09237
101 A	0.70454	0.20318	0.09228
102 T	0.69742	0.20953	0.09305
103 C	0.69168	0.21454	0.09378
104 C	0.68868	0.21755	0.09377
105 G	0.68607	0.22056	0.09336
106 T	0.68663	0.22031	0.09306
107 C	0.68494	0.22259	0.09247
108 T	0.68114	0.22717	0.0917
109 A	0.66893	0.24096	0.09011
110 T	0.65615	0.25584	0.08801
111 G	0.63674	0.27530	0.08796
112 C	0.63077	0.28128	0.08794
113 A	0.61862	0.29414	0.08723
114 A	0.61012	0.30316	0.08672
115 C	0.61507	0.29906	0.08587
116 A	0.62486	0.29905	0.07609
117 A	0.62866	0.30942	0.06192
118 A	0.64032	0.30522	0.05446
119 A	0.64252	0.30438	0.0531
120 T	0.65013	0.29211	0.05776
121 A	0.65219	0.27674	0.07107
122 T	0.65326	0.26087	0.08587
123 A	0.65235	0.23808	0.10957
124 T	0.65239	0.20819	0.13942
125 C	0.65150	0.19957	0.14892
126 T	0.65074	0.19929	0.14998
127 T	0.64645	0.20507	0.14848
128 G	0.63074	0.22471	0.14455
129 G	0.62392	0.23499	0.14109
130 A	0.62083	0.23801	0.14115
131 A	0.62009	0.23320	0.14672
132 A	0.62076	0.21943	0.15981
133 T	0.62294	0.20054	0.17652
134 C	0.62263	0.18161	0.19577
135 A	0.62216	0.17992	0.19792
136 A	0.62350	0.16964	0.20685
137 G	0.62523	0.15847	0.2163
138 A	0.62756	0.15339	0.21904
139 A	0.63816	0.13967	0.22217
140 T	0.65462	0.10555	0.23983
141 T	0.66274	0.08471	0.25256
142 T	0.66565	0.07580	0.25856
143 T	0.66671	0.07129	0.262
144 C	0.66719	0.06800	0.2648
145 T	0.66816	0.06625	0.26559
146 T	0.66972	0.06370	0.26658
147 T	0.67133	0.06183	0.26684
148 T	0.67283	0.06085	0.26631
149 T	0.67524	0.06092	0.26385
150 A	0.67730	0.05774	0.26495
151 T	0.68233	0.03999	0.27768
152 T	0.68590	0.03468	0.27942
153 T	0.68679	0.03819	0.27502
154 T	0.68725	0.05313	0.25962
155 T	0.68760	0.08731	0.2251
156 A	0.68708	0.11193	0.20099
157 A	0.68736	0.11973	0.19291
158 T	0.68952	0.12152	0.18896
159 T	0.68602	0.13250	0.18148
160 T	0.67883	0.14850	0.17267
161 T	0.66514	0.17504	0.15982
162 A	0.65926	0.19832	0.14243
163 A	0.65676	0.20813	0.1351
164 T	0.65571	0.21260	0.1317
165 T	0.65380	0.22102	0.12519
166 T	0.65130	0.22452	0.12418
167 T	0.64616	0.22982	0.12402
168 A	0.64060	0.23571	0.12369
169 A	0.63952	0.23680	0.12367
170 C	0.63970	0.23661	0.12369
171 C	0.64133	0.23497	0.12369
172 T	0.64469	0.23161	0.12369
173 C	0.64727	0.22903	0.1237
174 A	0.64801	0.22831	0.12367
175 C	0.65394	0.22241	0.12365
176 C	0.66286	0.21357	0.12356
177 A	0.67948	0.19742	0.1231
178 T	0.71681	0.16019	0.123
179 T	0.73868	0.13799	0.12333
180 T	0.74466	0.13190	0.12344
181 A	0.74454	0.13121	0.12425
182 T	0.74941	0.11960	0.13099
183 A	0.75137	0.10832	0.1403
184 C	0.75996	0.08410	0.15594
185 T	0.77466	0.06566	0.15968
186 T	0.77132	0.06735	0.16134
187 A	0.74882	0.08924	0.16194
188 T	0.73544	0.10038	0.16418
189 C	0.68786	0.14589	0.16626
190 G	0.64153	0.18837	0.1701
191 C	0.59965	0.22954	0.1708
192 A	0.54775	0.29579	0.15647
193 A	0.50179	0.36800	0.1302
194 T	0.46990	0.40998	0.12012
195 A	0.37139	0.52737	0.10124
196 A	0.32540	0.58341	0.0912
197 A	0.27981	0.63512	0.08508
198 A	0.25997	0.65823	0.0818
199 A	0.24534	0.67608	0.07858
200 T	0.24445	0.67665	0.0789
201 A	0.24186	0.67943	0.07871
202 T	0.23994	0.68076	0.0793
203 A	0.23878	0.68061	0.08061
204 T	0.23829	0.67774	0.08397
205 A	0.23829	0.67581	0.0859
206 A	0.23848	0.67117	0.09035
207 T	0.23878	0.66542	0.09581
208 A	0.23897	0.66153	0.09951
209 A	0.23947	0.64898	0.11156
210 T	0.24007	0.62389	0.13604
211 A	0.24049	0.60739	0.15212
212 A	0.24138	0.56744	0.19118
213 A	0.24391	0.52476	0.23133
214 A	0.24890	0.47589	0.2752
215 A	0.26464	0.40260	0.33276
216 T	0.29416	0.31762	0.38822
217 A	0.30485	0.27100	0.42414
218 T	0.32406	0.15995	0.516
219 A	0.33221	0.10959	0.55819
220 T	0.34053	0.05423	0.60523
221 A	0.34429	0.02776	0.62795
222 A	0.35006	0.00000	0.64994
