# lcl|CP097583.1_cds_USQ93602.1_1
# AA	inside	membr	outside
1 A	0.53973	0.00000	0.46027
2 T	0.53903	0.00070	0.46027
3 G	0.53842	0.00132	0.46027
4 A	0.53842	0.03169	0.4299
5 A	0.53393	0.05106	0.41502
6 T	0.53393	0.05339	0.41268
7 A	0.51569	0.07331	0.411
8 A	0.51569	0.07335	0.41096
9 T	0.51502	0.07482	0.41016
10 A	0.51502	0.13179	0.3532
11 A	0.51439	0.13671	0.34891
12 T	0.51021	0.14309	0.34671
13 T	0.50643	0.16001	0.33357
14 T	0.50643	0.16001	0.33357
15 T	0.50643	0.39895	0.09463
16 T	0.50567	0.39971	0.09463
17 T	0.50350	0.40368	0.09283
18 T	0.50271	0.41217	0.08512
19 A	0.46475	0.45505	0.08021
20 A	0.34483	0.60783	0.04735
21 A	0.20369	0.74913	0.04718
22 A	0.19818	0.75788	0.04394
23 A	0.19732	0.76085	0.04183
24 A	0.19862	0.75964	0.04173
25 A	0.20019	0.75634	0.04348
26 A	0.20176	0.75336	0.04488
27 T	0.22837	0.72283	0.04879
28 C	0.23863	0.70845	0.05292
29 A	0.24101	0.70590	0.05309
30 G	0.24566	0.69073	0.0636
31 A	0.24769	0.68862	0.06369
32 T	0.25232	0.68333	0.06435
33 A	0.29808	0.63748	0.06444
34 G	0.30644	0.62773	0.06584
35 C	0.32987	0.59963	0.0705
36 T	0.34804	0.57989	0.07208
37 A	0.35548	0.57280	0.07171
38 T	0.56375	0.36352	0.07273
39 T	0.56653	0.36229	0.07118
40 A	0.57090	0.35559	0.07351
41 T	0.57868	0.32090	0.10042
42 T	0.58343	0.27247	0.14409
43 A	0.59689	0.15031	0.2528
44 T	0.59598	0.04176	0.36227
45 C	0.59664	0.03407	0.36929
46 T	0.59728	0.03292	0.3698
47 C	0.59451	0.03718	0.36831
48 T	0.59282	0.04550	0.36167
49 A	0.58931	0.05021	0.36048
50 T	0.58751	0.05254	0.35995
51 T	0.58642	0.05487	0.35871
52 G	0.58519	0.06025	0.35456
53 C	0.58419	0.06556	0.35025
54 T	0.58160	0.07405	0.34434
55 A	0.57796	0.08757	0.33447
56 T	0.57479	0.10230	0.3229
57 A	0.50752	0.20311	0.28938
58 A	0.46383	0.27030	0.26587
59 T	0.46014	0.27415	0.26572
60 A	0.45186	0.28303	0.26511
61 G	0.44665	0.28823	0.26512
62 T	0.44808	0.28600	0.26592
63 T	0.44457	0.28997	0.26546
64 A	0.43505	0.29917	0.26578
65 T	0.43173	0.30134	0.26693
66 T	0.42044	0.31203	0.26752
67 A	0.40727	0.32352	0.26921
68 T	0.40046	0.32769	0.27185
69 A	0.36750	0.35860	0.2739
70 G	0.35182	0.37068	0.2775
71 C	0.35004	0.37008	0.27988
72 T	0.34438	0.37385	0.28177
73 A	0.34013	0.37711	0.28275
74 C	0.33872	0.37747	0.28381
75 T	0.34026	0.37573	0.28402
76 A	0.33933	0.37681	0.28386
77 T	0.34408	0.36945	0.28646
78 A	0.33973	0.37197	0.2883
79 A	0.34461	0.36579	0.2896
80 T	0.37526	0.26727	0.35747
81 T	0.39164	0.21046	0.39791
82 T	0.38795	0.20735	0.4047
83 A	0.38241	0.20595	0.41164
84 T	0.37892	0.20339	0.41768
85 T	0.37444	0.20606	0.4195
86 T	0.36780	0.21031	0.4219
87 T	0.36001	0.21113	0.42885
88 A	0.34951	0.22792	0.42256
89 T	0.34192	0.24673	0.41135
90 A	0.33092	0.27496	0.39412
91 A	0.32183	0.28009	0.39807
92 A	0.30864	0.26266	0.42871
93 G	0.30408	0.24949	0.44643
94 T	0.30309	0.24679	0.45012
95 C	0.30086	0.24750	0.45163
96 A	0.29835	0.26052	0.44112
97 A	0.29658	0.27497	0.42845
98 A	0.29581	0.28800	0.41619
99 A	0.29313	0.31282	0.39406
100 G	0.29251	0.34136	0.36613
101 A	0.29368	0.42261	0.28371
102 T	0.29668	0.47610	0.22723
103 G	0.29749	0.53607	0.16644
104 T	0.29905	0.58187	0.11908
105 T	0.30003	0.58629	0.11367
106 A	0.30040	0.59119	0.1084
107 A	0.30063	0.58934	0.11003
108 A	0.29833	0.59062	0.11105
109 C	0.30067	0.59759	0.10174
110 A	0.30505	0.62988	0.06506
111 A	0.31471	0.64734	0.03795
112 A	0.33080	0.63304	0.03616
113 A	0.34639	0.61315	0.04045
114 T	0.34947	0.60396	0.04657
115 A	0.35063	0.59439	0.05498
116 C	0.35181	0.59081	0.05739
117 A	0.35421	0.59669	0.0491
118 A	0.35802	0.60477	0.0372
119 A	0.36766	0.60029	0.03205
120 A	0.38215	0.58478	0.03307
121 G	0.39803	0.56767	0.0343
122 G	0.42653	0.53514	0.03833
123 A	0.46884	0.49093	0.04024
124 C	0.60268	0.35600	0.04132
125 C	0.68489	0.27452	0.04059
126 T	0.74889	0.21313	0.03798
127 T	0.77685	0.18557	0.03758
128 T	0.78169	0.18161	0.03669
129 A	0.78470	0.17880	0.0365
130 A	0.79082	0.17181	0.03736
131 C	0.80075	0.15628	0.04297
132 T	0.82244	0.13378	0.04378
133 C	0.85230	0.10323	0.04447
134 C	0.87519	0.08029	0.04452
135 T	0.88061	0.07488	0.04451
136 T	0.88035	0.07526	0.04439
137 C	0.87634	0.07925	0.04441
138 T	0.88151	0.07445	0.04404
139 C	0.88010	0.07618	0.04372
140 A	0.87750	0.08097	0.04153
141 T	0.87678	0.08235	0.04087
142 T	0.84467	0.11605	0.03928
143 T	0.74843	0.21462	0.03695
144 A	0.45097	0.51338	0.03564
145 G	0.34500	0.62069	0.03431
146 A	0.28752	0.67824	0.03424
147 A	0.25433	0.71153	0.03414
148 C	0.23308	0.73285	0.03407
149 T	0.20905	0.76053	0.03042
150 A	0.16289	0.81198	0.02514
151 A	0.13723	0.83990	0.02288
152 A	0.12020	0.85865	0.02114
153 A	0.11137	0.86720	0.02142
154 A	0.10549	0.86887	0.02564
155 A	0.10054	0.86810	0.03136
156 T	0.09671	0.86535	0.03794
157 C	0.08887	0.87089	0.04024
158 A	0.08032	0.88510	0.03459
159 A	0.07596	0.89060	0.03344
160 A	0.07201	0.89259	0.0354
161 T	0.07036	0.89137	0.03828
162 T	0.06650	0.89162	0.04188
163 A	0.05839	0.88671	0.0549
164 A	0.05726	0.86511	0.07762
165 A	0.05763	0.81585	0.12652
166 A	0.05881	0.71390	0.22729
167 T	0.06016	0.43413	0.50571
168 T	0.06192	0.35416	0.58392
169 A	0.05920	0.34763	0.59318
170 A	0.05874	0.34461	0.59665
171 A	0.05819	0.34150	0.60031
172 T	0.06103	0.31577	0.62319
173 T	0.06207	0.28490	0.65303
174 A	0.05620	0.29022	0.65358
175 G	0.05475	0.30563	0.63962
176 A	0.05237	0.41269	0.53494
177 A	0.05104	0.46892	0.48004
178 A	0.05044	0.50761	0.44195
179 A	0.05080	0.54851	0.40068
180 A	0.05122	0.59810	0.35067
181 T	0.05680	0.72356	0.21965
182 A	0.05527	0.75895	0.18579
183 T	0.05350	0.77894	0.16757
184 A	0.04468	0.80287	0.15244
185 A	0.03943	0.81113	0.14944
186 C	0.03581	0.81296	0.15124
187 G	0.02911	0.83813	0.13276
188 A	0.03046	0.84778	0.12176
189 A	0.03684	0.85615	0.107
190 G	0.04559	0.87089	0.08352
191 A	0.06053	0.87347	0.066
192 T	0.09291	0.85628	0.05082
193 A	0.10109	0.85455	0.04436
194 A	0.10756	0.85374	0.03869
195 A	0.10570	0.86407	0.03022
196 A	0.10323	0.86746	0.02931
197 C	0.10574	0.86107	0.03319
198 A	0.11559	0.85402	0.03039
199 A	0.19852	0.77193	0.02955
200 A	0.24233	0.72973	0.02793
201 A	0.28249	0.68978	0.02773
202 G	0.32285	0.64899	0.02816
203 A	0.37313	0.59675	0.03012
204 A	0.50103	0.46609	0.03288
205 A	0.55661	0.40493	0.03847
206 T	0.60883	0.34696	0.04421
207 T	0.63306	0.31563	0.05131
208 A	0.63750	0.31233	0.05016
209 A	0.64202	0.30717	0.05081
210 T	0.62601	0.32117	0.05281
211 G	0.57810	0.37139	0.05051
212 A	0.56495	0.38729	0.04775
213 T	0.57943	0.37364	0.04694
214 A	0.58372	0.37091	0.04536
215 A	0.59166	0.36230	0.04605
216 A	0.59662	0.35341	0.04996
217 A	0.60564	0.33683	0.05753
218 T	0.61914	0.31033	0.07052
219 T	0.62092	0.29638	0.0827
220 T	0.61920	0.28727	0.09353
221 T	0.60888	0.29307	0.09805
222 A	0.57916	0.31934	0.10151
223 T	0.55791	0.33021	0.11187
224 T	0.48112	0.40183	0.11705
225 A	0.40010	0.47947	0.12043
226 C	0.33375	0.54142	0.12484
227 C	0.28532	0.59186	0.12282
228 G	0.25875	0.63033	0.11092
229 A	0.24513	0.66521	0.08966
230 A	0.23957	0.68008	0.08036
231 T	0.24328	0.68154	0.07518
232 A	0.24034	0.68403	0.07563
233 T	0.24323	0.63967	0.1171
234 A	0.23437	0.59387	0.17175
235 T	0.22980	0.57178	0.19842
236 C	0.21279	0.58017	0.20703
237 A	0.18707	0.63115	0.18178
238 A	0.17604	0.65019	0.17377
239 A	0.17310	0.65472	0.17217
240 T	0.17218	0.65910	0.16871
241 G	0.16009	0.67749	0.16242
242 A	0.15163	0.70940	0.13896
243 A	0.14212	0.75318	0.1047
244 A	0.11732	0.77718	0.1055
245 A	0.08614	0.79196	0.12189
246 A	0.06996	0.78763	0.14242
247 G	0.06517	0.72460	0.21024
248 A	0.06348	0.67252	0.264
249 A	0.06326	0.62222	0.31452
250 G	0.06633	0.58356	0.35011
251 A	0.07840	0.59176	0.32984
252 T	0.09888	0.59047	0.31065
253 A	0.10489	0.62766	0.26745
254 A	0.10941	0.65857	0.23202
255 A	0.11199	0.67240	0.21561
256 A	0.11464	0.69802	0.18734
257 T	0.11959	0.68120	0.19922
258 A	0.11484	0.68050	0.20466
259 A	0.11738	0.66171	0.2209
260 T	0.14293	0.60990	0.24717
261 C	0.15019	0.59449	0.25531
262 G	0.15211	0.60884	0.23905
263 A	0.15357	0.63720	0.20923
264 A	0.16018	0.64833	0.19149
265 A	0.18917	0.61454	0.19629
266 T	0.23259	0.56335	0.20407
267 A	0.24977	0.51543	0.2348
268 T	0.27377	0.45648	0.26976
269 C	0.28196	0.43397	0.28406
270 T	0.29004	0.42523	0.28473
271 G	0.28272	0.43209	0.28518
272 G	0.27933	0.43627	0.28441
273 A	0.28610	0.43293	0.28096
274 C	0.31558	0.40514	0.27928
275 C	0.33614	0.39108	0.27278
276 A	0.36662	0.39243	0.24095
277 A	0.37618	0.41575	0.20806
278 A	0.36799	0.45365	0.17836
279 T	0.37275	0.47775	0.1495
280 G	0.30897	0.56610	0.12494
281 A	0.27802	0.61682	0.10516
282 A	0.26522	0.64870	0.08608
283 G	0.25337	0.67195	0.07467
284 A	0.24705	0.68251	0.07044
285 A	0.24521	0.69377	0.06101
286 A	0.26208	0.68050	0.05743
287 A	0.25879	0.68169	0.05952
288 C	0.23040	0.70828	0.06132
289 A	0.21582	0.72591	0.05827
290 A	0.20372	0.73917	0.05712
291 C	0.19212	0.75008	0.0578
292 G	0.18397	0.76216	0.05387
293 A	0.18481	0.76206	0.05313
294 A	0.18752	0.74967	0.0628
295 A	0.19174	0.73683	0.07143
296 T	0.20107	0.72198	0.07696
297 A	0.20552	0.70014	0.09435
298 G	0.21456	0.67256	0.11288
299 A	0.24251	0.62546	0.13204
300 A	0.27574	0.56224	0.16202
301 A	0.30982	0.49384	0.19634
302 T	0.35034	0.41766	0.232
303 T	0.37584	0.33213	0.29203
304 C	0.39608	0.27836	0.32555
305 A	0.41260	0.25108	0.33632
306 A	0.42590	0.22584	0.34826
307 A	0.43340	0.20489	0.36171
308 T	0.44860	0.16863	0.38277
309 T	0.45775	0.14851	0.39374
310 A	0.45993	0.11287	0.42719
311 C	0.46279	0.06543	0.47179
312 T	0.46837	0.04286	0.48876
313 T	0.47120	0.02764	0.50117
314 A	0.47270	0.01640	0.5109
315 A	0.47807	0.00000	0.52193
