# lcl|CP097583.1_cds_USQ93400.1_1
# AA	inside	membr	outside
1 A	0.47203	0.00000	0.52798
2 T	0.46588	0.00615	0.52798
3 G	0.45985	0.01218	0.52798
4 A	0.45985	0.06379	0.47636
5 G	0.42127	0.12817	0.45057
6 A	0.42127	0.13299	0.44575
7 A	0.38758	0.16765	0.44478
8 A	0.38758	0.16767	0.44475
9 T	0.38498	0.17058	0.44444
10 T	0.38497	0.21238	0.40265
11 A	0.38292	0.21846	0.39862
12 T	0.37160	0.23178	0.39662
13 G	0.35451	0.26078	0.38471
14 A	0.35451	0.26079	0.38471
15 A	0.35451	0.31256	0.33294
16 A	0.35445	0.31262	0.33294
17 T	0.35432	0.31290	0.33278
18 A	0.35430	0.31321	0.3325
19 A	0.35401	0.31358	0.33242
20 T	0.35344	0.31480	0.33177
21 G	0.35063	0.31721	0.33216
22 T	0.35344	0.31405	0.33251
23 A	0.35589	0.31036	0.33375
24 T	0.36399	0.30087	0.33514
25 A	0.36763	0.28889	0.34349
26 T	0.37528	0.27356	0.35117
27 T	0.41220	0.22942	0.35838
28 T	0.42851	0.18361	0.38788
29 T	0.42912	0.18492	0.38596
30 G	0.42905	0.16507	0.40588
31 A	0.42874	0.16302	0.40824
32 G	0.42969	0.15432	0.41599
33 T	0.46774	0.10838	0.42388
34 C	0.47262	0.10026	0.42711
35 C	0.48333	0.08549	0.43118
36 T	0.49536	0.07329	0.43135
37 G	0.49466	0.08324	0.4221
38 T	0.52758	0.05318	0.41924
39 T	0.51898	0.07364	0.40738
40 T	0.51515	0.08910	0.39575
41 T	0.51006	0.10221	0.38773
42 G	0.49717	0.13715	0.36569
43 A	0.49061	0.15087	0.35852
44 A	0.48156	0.16865	0.34978
45 T	0.46333	0.19243	0.34423
46 G	0.42044	0.24939	0.33017
47 A	0.38515	0.30013	0.31472
48 A	0.36274	0.32485	0.31242
49 A	0.34378	0.34868	0.30754
50 A	0.32128	0.37384	0.30488
51 A	0.31246	0.38368	0.30386
52 C	0.30570	0.39088	0.30341
53 A	0.29835	0.40171	0.29995
54 A	0.29407	0.40868	0.29725
55 A	0.29118	0.41300	0.29583
56 T	0.29211	0.41220	0.29568
57 T	0.28915	0.41602	0.29483
58 G	0.27838	0.42507	0.29655
59 A	0.27922	0.42255	0.29823
60 T	0.28572	0.41198	0.3023
61 A	0.28490	0.41083	0.30427
62 C	0.29585	0.38755	0.3166
63 T	0.30630	0.37634	0.31736
64 G	0.31006	0.37094	0.319
65 T	0.32555	0.35125	0.3232
66 T	0.32748	0.34929	0.32323
67 A	0.32777	0.34803	0.32419
68 A	0.32801	0.32903	0.34297
69 T	0.33725	0.27921	0.38354
70 A	0.33966	0.24474	0.41559
71 A	0.33564	0.22989	0.43447
72 A	0.33773	0.21233	0.44994
73 A	0.33968	0.19047	0.46985
74 A	0.34008	0.18067	0.47925
75 T	0.34277	0.16649	0.49074
76 A	0.33678	0.17549	0.48773
77 T	0.33651	0.18112	0.48237
78 T	0.33153	0.20442	0.46405
79 A	0.31854	0.24043	0.44103
80 A	0.31410	0.24804	0.43786
81 T	0.31240	0.24630	0.44129
82 A	0.30816	0.26549	0.42636
83 G	0.30657	0.27957	0.41387
84 T	0.30801	0.29952	0.39247
85 A	0.30811	0.31570	0.37619
86 T	0.31120	0.31595	0.37285
87 T	0.30950	0.31941	0.3711
88 T	0.30499	0.32507	0.36994
89 T	0.29714	0.33317	0.36968
90 T	0.28480	0.34881	0.36638
91 G	0.26179	0.37931	0.3589
92 A	0.23785	0.41965	0.34249
93 A	0.22333	0.43518	0.34149
94 A	0.21040	0.44679	0.34281
95 A	0.20618	0.44940	0.34442
96 A	0.20687	0.44606	0.34707
97 G	0.20851	0.44059	0.35089
98 A	0.21289	0.43419	0.35292
99 A	0.22813	0.40636	0.36551
100 G	0.24456	0.38339	0.37205
101 G	0.26935	0.35106	0.37959
102 T	0.29359	0.31616	0.39024
103 C	0.29929	0.30729	0.39342
104 A	0.30663	0.30472	0.38864
105 A	0.32557	0.28872	0.38571
106 A	0.34537	0.27184	0.38279
107 T	0.37535	0.24400	0.38065
108 T	0.39041	0.23080	0.37879
109 T	0.39179	0.22351	0.38469
110 T	0.37814	0.22692	0.39494
111 G	0.33599	0.26565	0.39836
112 G	0.30343	0.30302	0.39355
113 A	0.28277	0.34583	0.3714
114 A	0.28082	0.34182	0.37735
115 T	0.29296	0.31611	0.39093
116 A	0.28114	0.32978	0.38907
117 T	0.27399	0.33094	0.39507
118 C	0.25350	0.35594	0.39057
119 A	0.21931	0.42846	0.35223
120 A	0.20274	0.47742	0.31984
121 A	0.18993	0.49523	0.31484
122 A	0.18635	0.50245	0.3112
123 A	0.18486	0.50585	0.30929
124 G	0.18448	0.50558	0.30995
125 C	0.18522	0.50466	0.31012
126 A	0.18747	0.50711	0.30541
127 G	0.19328	0.50421	0.30252
128 A	0.19926	0.50187	0.29887
129 A	0.20540	0.49899	0.29561
130 T	0.21202	0.49279	0.29519
131 T	0.21705	0.48186	0.3011
132 A	0.21707	0.47628	0.30665
133 A	0.21640	0.45918	0.32442
134 A	0.21987	0.41791	0.36222
135 A	0.22704	0.38599	0.38697
136 G	0.25040	0.34771	0.40189
137 A	0.25931	0.35913	0.38156
138 A	0.27129	0.35481	0.3739
139 T	0.29489	0.32236	0.38275
140 T	0.30093	0.30540	0.39368
141 A	0.30458	0.28611	0.40931
142 G	0.32897	0.23355	0.43748
143 A	0.35611	0.19658	0.44732
144 C	0.36324	0.17750	0.45925
145 T	0.36987	0.16922	0.46091
146 A	0.37181	0.16797	0.46022
147 T	0.37396	0.16645	0.4596
148 C	0.37335	0.17246	0.45418
149 C	0.37144	0.18515	0.44341
150 T	0.37013	0.20728	0.42259
151 A	0.36506	0.23692	0.39802
152 T	0.36425	0.24609	0.38966
153 T	0.35765	0.26284	0.37952
154 A	0.32627	0.30238	0.37134
155 A	0.30606	0.32388	0.37006
156 A	0.30054	0.33045	0.36901
157 A	0.29834	0.33426	0.3674
158 A	0.30494	0.32747	0.36759
159 A	0.32014	0.31000	0.36985
160 T	0.35301	0.27427	0.37271
161 T	0.36620	0.25848	0.37532
162 T	0.36966	0.25284	0.3775
163 C	0.36671	0.25323	0.38007
164 A	0.36379	0.25509	0.38112
165 T	0.36267	0.25452	0.38281
166 C	0.35840	0.25812	0.38348
167 A	0.35546	0.26114	0.38339
168 A	0.35597	0.26061	0.38342
169 G	0.36088	0.25317	0.38595
170 G	0.36903	0.24282	0.38815
171 T	0.39030	0.21916	0.39053
172 T	0.40764	0.19333	0.39903
173 T	0.42397	0.17090	0.40514
174 T	0.43609	0.15118	0.41274
175 T	0.43843	0.14542	0.41615
176 A	0.43891	0.14081	0.42028
177 T	0.44172	0.11577	0.44251
178 A	0.43866	0.10649	0.45484
179 A	0.43955	0.09915	0.4613
180 T	0.43735	0.09500	0.46765
181 A	0.42801	0.10739	0.46461
182 G	0.42265	0.11162	0.46572
183 T	0.42167	0.11258	0.46575
184 T	0.41875	0.11805	0.4632
185 T	0.41343	0.12400	0.46258
186 A	0.40259	0.14130	0.45611
187 T	0.39893	0.14612	0.45495
188 T	0.39237	0.16171	0.44593
189 A	0.37809	0.19212	0.42979
190 G	0.36846	0.20827	0.42326
191 T	0.36195	0.22878	0.40927
192 A	0.34406	0.26586	0.39008
193 A	0.32719	0.28464	0.38816
194 A	0.31707	0.29546	0.38747
195 A	0.31350	0.29876	0.38774
196 G	0.31125	0.30154	0.38721
197 C	0.31118	0.30635	0.38247
198 T	0.31418	0.31324	0.37257
199 A	0.31312	0.32567	0.3612
200 A	0.31504	0.32810	0.35685
201 T	0.31750	0.32446	0.35804
202 A	0.31330	0.32987	0.35683
203 A	0.31415	0.32354	0.36231
204 T	0.32020	0.30698	0.37282
205 G	0.32148	0.30836	0.37016
206 A	0.32449	0.31243	0.36308
207 T	0.33053	0.30726	0.36221
208 A	0.33310	0.30454	0.36237
209 T	0.34015	0.28772	0.37212
210 G	0.34240	0.28180	0.3758
211 G	0.35433	0.26363	0.38204
212 T	0.37702	0.23186	0.39112
213 T	0.38469	0.22265	0.39266
214 A	0.39165	0.21983	0.38852
215 A	0.40350	0.19820	0.39831
216 A	0.40447	0.18604	0.4095
217 G	0.40530	0.17578	0.41892
218 A	0.40759	0.17163	0.42077
219 A	0.41672	0.15973	0.42355
220 T	0.43257	0.14033	0.4271
221 T	0.44337	0.12670	0.42993
222 T	0.45208	0.11455	0.43337
223 A	0.45079	0.11449	0.43472
224 A	0.44875	0.11456	0.43669
225 C	0.45018	0.10760	0.44222
226 C	0.45178	0.10693	0.44129
227 G	0.45345	0.10951	0.43703
228 A	0.46235	0.10778	0.42987
229 T	0.46989	0.10957	0.42054
230 T	0.46286	0.13363	0.40351
231 T	0.40160	0.21788	0.38052
232 A	0.34703	0.28419	0.36879
233 T	0.32102	0.31898	0.36
234 G	0.24821	0.41067	0.34111
235 A	0.22324	0.44410	0.33265
236 A	0.21345	0.45390	0.33265
237 T	0.21837	0.44775	0.33389
238 A	0.21221	0.45397	0.33382
239 T	0.21094	0.45529	0.33376
240 C	0.20664	0.45982	0.33354
241 A	0.20295	0.46439	0.33266
242 A	0.19844	0.46920	0.33236
243 T	0.19622	0.47138	0.3324
244 A	0.19280	0.47474	0.33246
245 C	0.19002	0.47707	0.33291
246 A	0.18782	0.47736	0.33482
247 G	0.18643	0.47643	0.33715
248 A	0.18630	0.47572	0.33798
249 A	0.18882	0.47144	0.33974
250 G	0.19392	0.46494	0.34114
251 A	0.20179	0.44907	0.34915
252 A	0.21328	0.42638	0.36034
253 A	0.23397	0.38455	0.38149
254 T	0.26124	0.27111	0.46765
255 T	0.27324	0.21329	0.51346
256 A	0.28326	0.17485	0.54189
257 T	0.29985	0.09736	0.60278
258 T	0.30402	0.06811	0.62787
259 C	0.30318	0.05126	0.64556
260 G	0.30225	0.05269	0.64507
261 T	0.30234	0.05630	0.64137
262 T	0.29985	0.06911	0.63104
263 A	0.29666	0.09584	0.60749
264 T	0.29394	0.12383	0.58224
265 A	0.28462	0.16398	0.5514
266 T	0.27591	0.23062	0.49348
267 T	0.26886	0.27402	0.45712
268 A	0.22027	0.41532	0.36441
269 T	0.21712	0.43424	0.34864
270 A	0.21219	0.44874	0.33906
271 T	0.20393	0.46738	0.32868
272 T	0.19849	0.47546	0.32606
273 A	0.18344	0.49300	0.32356
274 A	0.18317	0.49321	0.32362
275 A	0.18321	0.49301	0.32378
276 A	0.18329	0.49280	0.32391
277 G	0.18344	0.49247	0.32409
278 T	0.18364	0.49200	0.32436
279 A	0.18378	0.49149	0.32472
280 G	0.18415	0.49068	0.32517
281 A	0.18499	0.48935	0.32566
282 A	0.18642	0.48668	0.3269
283 A	0.19041	0.48035	0.32924
284 A	0.20041	0.46762	0.33197
285 C	0.21644	0.44601	0.33754
286 A	0.24431	0.41500	0.34068
287 A	0.27835	0.37717	0.34447
288 A	0.32812	0.31849	0.35339
289 T	0.40676	0.22958	0.36366
290 A	0.44754	0.18005	0.37241
291 A	0.54502	0.00000	0.45498
