# lcl|CP097583.1_cds_USQ93246.1_1
# AA	inside	membr	outside
1 A	0.10693	0.00000	0.89307
2 T	0.10680	0.00013	0.89307
3 G	0.10676	0.00017	0.89307
4 C	0.10676	0.00315	0.89009
5 T	0.10562	0.01118	0.8832
6 A	0.10562	0.01253	0.88185
7 G	0.10025	0.01815	0.8816
8 A	0.10025	0.01816	0.88159
9 T	0.09950	0.01896	0.88154
10 A	0.09949	0.02213	0.87838
11 A	0.09931	0.02253	0.87816
12 T	0.09741	0.02453	0.87806
13 A	0.09201	0.03039	0.8776
14 A	0.09200	0.03039	0.8776
15 T	0.09200	0.03059	0.8774
16 T	0.09194	0.03065	0.8774
17 G	0.09179	0.03080	0.8774
18 T	0.09179	0.03081	0.8774
19 C	0.09154	0.03105	0.8774
20 T	0.09067	0.03197	0.87736
21 C	0.08865	0.03399	0.87737
22 A	0.08860	0.03403	0.87737
23 A	0.08874	0.03389	0.87737
24 A	0.08910	0.03352	0.87738
25 C	0.09018	0.03195	0.87787
26 T	0.09133	0.03070	0.87796
27 T	0.09443	0.02666	0.8789
28 T	0.09971	0.02029	0.88
29 T	0.10070	0.01901	0.88029
30 T	0.10132	0.01513	0.88355
31 T	0.10142	0.01438	0.8842
32 T	0.10152	0.01317	0.8853
33 G	0.10292	0.01112	0.88596
34 A	0.10314	0.01058	0.88627
35 T	0.10337	0.00854	0.88808
36 T	0.10379	0.00420	0.89201
37 T	0.10381	0.00408	0.89211
38 T	0.10393	0.00386	0.89221
39 T	0.10390	0.00369	0.8924
40 A	0.10387	0.00348	0.89265
41 T	0.10387	0.00309	0.89305
42 T	0.10386	0.00278	0.89335
43 T	0.10387	0.00208	0.89405
44 G	0.10384	0.00090	0.89527
45 T	0.10382	0.00098	0.89519
46 T	0.10380	0.00107	0.89513
47 A	0.10369	0.00138	0.89493
48 T	0.10346	0.00177	0.89476
49 T	0.10327	0.00243	0.8943
50 T	0.10309	0.00304	0.89387
51 T	0.10282	0.00346	0.89373
52 A	0.10233	0.00407	0.89359
53 T	0.10192	0.00454	0.89354
54 T	0.10134	0.00518	0.89348
55 G	0.10013	0.00638	0.89349
56 G	0.09953	0.00696	0.89351
57 G	0.09918	0.00734	0.89349
58 T	0.09904	0.00750	0.89345
59 C	0.09885	0.00773	0.89342
60 T	0.09873	0.00790	0.89338
61 A	0.09858	0.00805	0.89337
62 T	0.09854	0.00806	0.8934
63 T	0.09835	0.00823	0.89342
64 C	0.09807	0.00852	0.89341
65 C	0.09776	0.00887	0.89337
66 G	0.09716	0.00964	0.89321
67 A	0.09668	0.01023	0.89308
68 T	0.09650	0.01045	0.89305
69 G	0.09622	0.01076	0.89302
70 G	0.09631	0.01063	0.89306
71 G	0.09649	0.01014	0.89337
72 T	0.09700	0.00933	0.89367
73 T	0.09731	0.00883	0.89386
74 T	0.09729	0.00892	0.8938
75 A	0.09691	0.01021	0.89289
76 A	0.09585	0.01283	0.89131
77 T	0.09512	0.01366	0.89122
78 A	0.09269	0.01617	0.89113
79 A	0.09053	0.01887	0.8906
80 T	0.08847	0.02167	0.88986
81 A	0.08400	0.02813	0.88787
82 A	0.07833	0.03610	0.88557
83 G	0.07543	0.03986	0.88471
84 T	0.07395	0.04210	0.88395
85 A	0.07227	0.04459	0.88314
86 A	0.07120	0.04606	0.88274
87 A	0.07097	0.04635	0.88268
88 A	0.07097	0.04629	0.88273
89 T	0.07114	0.04549	0.88337
90 T	0.07123	0.04491	0.88386
91 T	0.07119	0.04469	0.88412
92 T	0.07051	0.04517	0.88432
93 C	0.06916	0.04645	0.8844
94 A	0.06763	0.04806	0.88431
95 A	0.06667	0.04910	0.88423
96 A	0.06628	0.04955	0.88417
97 A	0.06633	0.04952	0.88416
98 A	0.06749	0.04809	0.88442
99 T	0.06946	0.04457	0.88597
100 A	0.06997	0.04309	0.88694
101 A	0.07079	0.03960	0.88961
102 A	0.07179	0.03600	0.8922
103 G	0.07297	0.03180	0.89523
104 A	0.07526	0.02563	0.89911
105 T	0.07838	0.01723	0.90439
106 T	0.07955	0.01368	0.90678
107 T	0.08020	0.01185	0.90795
108 A	0.08036	0.01077	0.90887
109 C	0.08052	0.00970	0.90977
110 G	0.08052	0.00993	0.90955
111 T	0.08073	0.01023	0.90904
112 T	0.08075	0.01162	0.90763
113 T	0.08066	0.01304	0.9063
114 A	0.08042	0.01458	0.905
115 T	0.08040	0.01449	0.90511
116 T	0.08029	0.01366	0.90605
117 A	0.08019	0.01279	0.90702
118 G	0.08025	0.01179	0.90796
119 G	0.08036	0.01126	0.90838
120 T	0.08051	0.01086	0.90863
121 T	0.08055	0.01071	0.90874
122 C	0.08050	0.01071	0.90879
123 T	0.08027	0.01118	0.90855
124 A	0.08002	0.01209	0.90788
125 A	0.07988	0.01283	0.90729
126 A	0.07984	0.01345	0.90671
127 A	0.07995	0.01383	0.90622
128 A	0.08002	0.01379	0.90619
129 T	0.08020	0.01358	0.90623
130 A	0.08030	0.01352	0.90618
131 T	0.08065	0.01309	0.90626
132 A	0.08057	0.01335	0.90608
133 G	0.08096	0.01277	0.90626
134 G	0.08179	0.01181	0.90639
135 T	0.08392	0.00957	0.90651
136 T	0.08516	0.00812	0.90671
137 C	0.08606	0.00697	0.90697
138 T	0.08654	0.00647	0.90699
139 T	0.08661	0.00638	0.90701
140 C	0.08644	0.00660	0.90696
141 T	0.08618	0.00701	0.90681
142 A	0.08584	0.00739	0.90678
143 A	0.08563	0.00758	0.90679
144 T	0.08546	0.00767	0.90687
145 G	0.08465	0.00839	0.90696
146 C	0.08425	0.00846	0.90728
147 A	0.08424	0.00831	0.90746
148 G	0.08426	0.00819	0.90756
149 C	0.08456	0.00785	0.90759
150 T	0.08490	0.00758	0.90752
151 A	0.08473	0.00793	0.90735
152 G	0.08472	0.00798	0.9073
153 A	0.08484	0.00788	0.90728
154 A	0.08499	0.00773	0.90728
155 T	0.08534	0.00709	0.90757
156 T	0.08538	0.00690	0.90772
157 T	0.08537	0.00686	0.90777
158 T	0.08528	0.00692	0.90779
159 A	0.08513	0.00708	0.90779
160 G	0.08507	0.00706	0.90787
161 G	0.08508	0.00696	0.90796
162 A	0.08514	0.00677	0.90809
163 T	0.08527	0.00635	0.90839
164 T	0.08538	0.00593	0.90869
165 T	0.08538	0.00558	0.90904
166 A	0.08536	0.00539	0.90925
167 A	0.08535	0.00510	0.90955
168 A	0.08535	0.00432	0.91034
169 T	0.08536	0.00360	0.91104
170 A	0.08538	0.00300	0.91161
171 T	0.08544	0.00234	0.91222
172 G	0.08545	0.00202	0.91253
173 G	0.08552	0.00173	0.91275
174 T	0.08569	0.00135	0.91296
175 T	0.08577	0.00117	0.91306
176 T	0.08583	0.00107	0.91311
177 T	0.08586	0.00100	0.91315
178 G	0.08586	0.00095	0.91319
179 T	0.08589	0.00087	0.91324
180 T	0.08590	0.00082	0.91329
181 G	0.08590	0.00077	0.91333
182 T	0.08596	0.00070	0.91334
183 T	0.08596	0.00086	0.91318
184 T	0.08591	0.00121	0.91287
185 T	0.08580	0.00157	0.91263
186 T	0.08570	0.00183	0.91247
187 T	0.08561	0.00210	0.9123
188 T	0.08544	0.00240	0.91216
189 A	0.08509	0.00282	0.91208
190 T	0.08494	0.00302	0.91204
191 T	0.08478	0.00325	0.91196
192 A	0.08445	0.00374	0.9118
193 G	0.08433	0.00394	0.91173
194 A	0.08431	0.00402	0.91167
195 T	0.08431	0.00406	0.91162
196 T	0.08432	0.00410	0.91159
197 T	0.08431	0.00413	0.91156
198 T	0.08429	0.00419	0.91153
199 T	0.08426	0.00424	0.9115
200 T	0.08419	0.00435	0.91146
201 A	0.08406	0.00454	0.9114
202 A	0.08399	0.00463	0.91138
203 A	0.08395	0.00465	0.91139
204 A	0.08398	0.00460	0.91142
205 G	0.08411	0.00442	0.91147
206 G	0.08438	0.00406	0.91157
207 T	0.08484	0.00347	0.91169
208 T	0.08515	0.00301	0.91184
209 T	0.08529	0.00276	0.91195
210 T	0.08540	0.00258	0.91202
211 T	0.08545	0.00241	0.91214
212 G	0.08546	0.00230	0.91225
213 G	0.08548	0.00230	0.91222
214 A	0.08555	0.00231	0.91214
215 T	0.08572	0.00214	0.91214
216 T	0.08573	0.00252	0.91174
217 A	0.08551	0.00351	0.91098
218 T	0.08543	0.00409	0.91048
219 T	0.08443	0.00562	0.90995
220 A	0.08300	0.00786	0.90914
221 T	0.08199	0.00926	0.90875
222 A	0.08019	0.01114	0.90867
223 A	0.07809	0.01321	0.90871
224 T	0.07467	0.01654	0.90878
225 A	0.07143	0.01973	0.90884
226 C	0.06964	0.02148	0.90888
227 C	0.06804	0.02308	0.90888
228 G	0.06695	0.02417	0.90888
229 T	0.06649	0.02463	0.90888
230 C	0.06565	0.02547	0.90888
231 A	0.06517	0.02595	0.90888
232 C	0.06491	0.02621	0.90888
233 C	0.06476	0.02635	0.90889
234 G	0.06469	0.02643	0.90889
235 T	0.06482	0.02629	0.90889
236 C	0.06489	0.02622	0.90888
237 A	0.06501	0.02616	0.90883
238 G	0.06524	0.02597	0.90879
239 A	0.06581	0.02538	0.90881
240 T	0.06670	0.02427	0.90902
241 T	0.06725	0.02365	0.9091
242 A	0.06759	0.02218	0.91022
243 T	0.06815	0.02024	0.91161
244 A	0.06834	0.01902	0.91264
245 A	0.06840	0.01726	0.91434
246 A	0.06844	0.01518	0.91638
247 T	0.06849	0.01135	0.92016
248 T	0.06850	0.00877	0.92274
249 A	0.06845	0.00742	0.92413
250 T	0.06832	0.00623	0.92544
251 T	0.06803	0.00579	0.92618
252 A	0.06747	0.00639	0.92614
253 T	0.06713	0.00647	0.9264
254 A	0.06616	0.00842	0.92541
255 T	0.06578	0.00972	0.92449
256 G	0.06521	0.01357	0.92122
257 G	0.06481	0.01690	0.91828
258 A	0.06448	0.02085	0.91467
259 A	0.06435	0.02335	0.9123
260 T	0.06404	0.02609	0.90987
261 A	0.06354	0.02887	0.90759
262 A	0.06345	0.02920	0.90735
263 T	0.06347	0.02916	0.90737
264 A	0.06341	0.02918	0.9074
265 A	0.06348	0.02900	0.90752
266 C	0.06364	0.02873	0.90763
267 C	0.06388	0.02845	0.90767
268 A	0.06410	0.02825	0.90765
269 T	0.06455	0.02780	0.90765
270 T	0.06476	0.02759	0.90765
271 T	0.06486	0.02749	0.90765
272 T	0.06490	0.02741	0.90769
273 A	0.06480	0.02728	0.90792
274 G	0.06485	0.02680	0.90836
275 G	0.06523	0.02579	0.90899
276 A	0.06580	0.02482	0.90937
277 C	0.06763	0.02203	0.91033
278 A	0.06946	0.01999	0.91056
279 T	0.07378	0.01526	0.91096
280 A	0.07635	0.01243	0.91122
281 T	0.07990	0.00859	0.91151
282 G	0.08162	0.00675	0.91164
283 T	0.08400	0.00388	0.91212
284 T	0.08561	0.00168	0.91271
285 T	0.08581	0.00132	0.91287
286 T	0.08562	0.00144	0.91294
287 C	0.08534	0.00168	0.91298
288 T	0.08523	0.00211	0.91265
289 A	0.08505	0.00286	0.91209
290 T	0.08499	0.00324	0.91178
291 T	0.08480	0.00407	0.91113
292 T	0.08444	0.00527	0.91028
293 T	0.08361	0.00636	0.91002
294 T	0.08252	0.00781	0.90967
295 A	0.08141	0.00939	0.9092
296 A	0.08059	0.01074	0.90867
297 C	0.08016	0.01165	0.90819
298 A	0.07990	0.01340	0.9067
299 A	0.07968	0.01380	0.90653
300 A	0.07926	0.01442	0.90632
301 T	0.07920	0.01461	0.90619
302 T	0.07897	0.01504	0.90598
303 C	0.07840	0.01588	0.90572
304 A	0.07821	0.01720	0.90459
305 A	0.07812	0.01785	0.90403
306 A	0.07797	0.01829	0.90374
307 G	0.07792	0.01851	0.90357
308 G	0.07792	0.01864	0.90344
309 A	0.07793	0.01866	0.90341
310 G	0.07799	0.01850	0.90352
311 G	0.07832	0.01846	0.90322
312 G	0.07881	0.01867	0.90252
313 A	0.07910	0.01871	0.90218
314 A	0.07965	0.01804	0.9023
315 A	0.08038	0.01680	0.90282
316 G	0.08075	0.01544	0.90381
317 C	0.08119	0.01400	0.90481
318 A	0.08180	0.01306	0.90514
319 A	0.08249	0.01187	0.90564
320 T	0.08319	0.01085	0.90596
321 A	0.08431	0.00958	0.90611
322 G	0.08451	0.00916	0.90634
323 C	0.08483	0.00822	0.90695
324 A	0.08512	0.00785	0.90703
325 A	0.08543	0.00728	0.90729
326 C	0.08589	0.00634	0.90778
327 T	0.08702	0.00512	0.90786
328 T	0.08751	0.00461	0.90787
329 C	0.08776	0.00421	0.90802
330 T	0.08799	0.00413	0.90789
331 G	0.08808	0.00439	0.90752
332 T	0.08839	0.00440	0.90721
333 A	0.08858	0.00454	0.90688
334 G	0.08902	0.00440	0.90658
335 G	0.08986	0.00379	0.90635
336 T	0.09053	0.00330	0.90618
337 T	0.09073	0.00334	0.90593
338 T	0.09086	0.00339	0.90575
339 T	0.09087	0.00364	0.90548
340 A	0.09086	0.00371	0.90543
341 T	0.09097	0.00361	0.90543
342 T	0.09095	0.00365	0.9054
343 A	0.09090	0.00370	0.9054
344 C	0.09089	0.00370	0.90541
345 A	0.09083	0.00381	0.90536
346 G	0.09080	0.00386	0.90534
347 C	0.09086	0.00382	0.90532
348 T	0.09090	0.00383	0.90526
349 A	0.09092	0.00386	0.90521
350 T	0.09103	0.00376	0.90521
351 T	0.09110	0.00369	0.90521
352 A	0.09111	0.00368	0.90521
353 A	0.09126	0.00351	0.90523
354 C	0.09169	0.00304	0.90528
355 C	0.09209	0.00264	0.90527
356 C	0.09248	0.00226	0.90526
357 T	0.09299	0.00187	0.90514
358 T	0.09329	0.00169	0.90501
359 T	0.09346	0.00175	0.90479
360 T	0.09356	0.00186	0.90458
361 A	0.09354	0.00202	0.90443
362 T	0.09366	0.00194	0.9044
363 T	0.09362	0.00202	0.90436
364 G	0.09350	0.00219	0.90431
365 G	0.09343	0.00223	0.90434
366 A	0.09339	0.00226	0.90435
367 A	0.09339	0.00225	0.90436
368 T	0.09346	0.00213	0.90441
369 C	0.09348	0.00209	0.90443
370 T	0.09349	0.00210	0.90441
371 T	0.09350	0.00213	0.90438
372 A	0.09348	0.00218	0.90434
373 G	0.09347	0.00220	0.90432
374 G	0.09347	0.00220	0.90433
375 A	0.09347	0.00218	0.90436
376 A	0.09348	0.00215	0.90438
377 T	0.09352	0.00208	0.9044
378 C	0.09355	0.00203	0.90441
379 G	0.09361	0.00198	0.90441
380 T	0.09377	0.00185	0.90439
381 A	0.09390	0.00179	0.90432
382 T	0.09414	0.00157	0.9043
383 T	0.09435	0.00135	0.9043
384 T	0.09448	0.00111	0.90441
385 T	0.09454	0.00099	0.90447
386 T	0.09459	0.00088	0.90453
387 T	0.09462	0.00080	0.90458
388 A	0.09464	0.00086	0.90451
389 T	0.09469	0.00085	0.90446
390 T	0.09472	0.00088	0.9044
391 T	0.09474	0.00098	0.90428
392 T	0.09473	0.00106	0.90421
393 A	0.09473	0.00117	0.90409
394 T	0.09475	0.00125	0.904
395 T	0.09477	0.00132	0.90392
396 T	0.09477	0.00140	0.90383
397 T	0.09477	0.00153	0.9037
398 T	0.09476	0.00168	0.90356
399 A	0.09474	0.00187	0.90338
400 A	0.09473	0.00199	0.90328
401 G	0.09473	0.00211	0.90315
402 A	0.09474	0.00236	0.9029
403 A	0.09478	0.00238	0.90284
404 T	0.09487	0.00231	0.90281
405 T	0.09491	0.00229	0.9028
406 T	0.09493	0.00230	0.90276
407 C	0.09494	0.00232	0.90275
408 A	0.09495	0.00235	0.9027
409 G	0.09497	0.00235	0.90267
410 G	0.09504	0.00233	0.90263
411 T	0.09522	0.00218	0.9026
412 T	0.09533	0.00207	0.9026
413 A	0.09542	0.00198	0.9026
414 T	0.09557	0.00183	0.9026
415 G	0.09563	0.00175	0.90263
416 C	0.09573	0.00163	0.90265
417 T	0.09587	0.00148	0.90264
418 T	0.09601	0.00134	0.90265
419 C	0.09608	0.00127	0.90265
420 T	0.09621	0.00115	0.90264
421 C	0.09630	0.00106	0.90264
422 T	0.09644	0.00092	0.90264
423 A	0.09649	0.00088	0.90262
424 G	0.09660	0.00078	0.90263
425 C	0.09684	0.00053	0.90263
426 T	0.09689	0.00049	0.90261
427 T	0.09690	0.00050	0.90259
428 C	0.09687	0.00056	0.90257
429 T	0.09685	0.00074	0.90241
430 T	0.09674	0.00121	0.90205
431 T	0.09654	0.00169	0.90177
432 A	0.09627	0.00259	0.90115
433 T	0.09615	0.00277	0.90107
434 T	0.09591	0.00306	0.90103
435 A	0.09526	0.00375	0.90099
436 T	0.09493	0.00408	0.90098
437 C	0.09459	0.00443	0.90098
438 A	0.09443	0.00460	0.90097
439 A	0.09434	0.00468	0.90098
440 C	0.09429	0.00474	0.90098
441 T	0.09427	0.00476	0.90098
442 T	0.09425	0.00478	0.90097
443 C	0.09421	0.00483	0.90096
444 A	0.09417	0.00495	0.90088
445 T	0.09416	0.00499	0.90085
446 T	0.09415	0.00502	0.90084
447 A	0.09413	0.00507	0.90081
448 G	0.09413	0.00508	0.90079
449 T	0.09418	0.00501	0.9008
450 T	0.09423	0.00494	0.90084
451 A	0.09426	0.00487	0.90086
452 A	0.09448	0.00458	0.90093
453 T	0.09486	0.00400	0.90114
454 G	0.09511	0.00347	0.90142
455 T	0.09564	0.00261	0.90175
456 T	0.09570	0.00236	0.90194
457 T	0.09573	0.00208	0.90219
458 T	0.09574	0.00166	0.9026
459 T	0.09573	0.00159	0.90268
460 T	0.09568	0.00173	0.90259
461 T	0.09563	0.00198	0.90238
462 A	0.09550	0.00278	0.90171
463 T	0.09540	0.00367	0.90093
464 G	0.09530	0.00439	0.90031
465 G	0.09519	0.00560	0.89921
466 A	0.09491	0.00636	0.89872
467 T	0.09495	0.00669	0.89836
468 T	0.09488	0.00727	0.89785
469 T	0.09471	0.00787	0.89742
470 C	0.09448	0.00842	0.89709
471 G	0.09437	0.01001	0.89562
472 T	0.09413	0.01229	0.89357
473 A	0.09371	0.01410	0.89219
474 T	0.09338	0.01622	0.8904
475 T	0.09252	0.01916	0.88832
476 T	0.09086	0.02218	0.88696
477 A	0.08890	0.02594	0.88517
478 A	0.08793	0.02861	0.88347
479 T	0.08756	0.02923	0.88321
480 A	0.08679	0.03046	0.88275
481 A	0.08645	0.03123	0.88231
482 A	0.08595	0.03205	0.882
483 C	0.08615	0.03208	0.88178
484 A	0.08632	0.03248	0.8812
485 A	0.08702	0.03175	0.88123
486 T	0.08793	0.03080	0.88127
487 A	0.08842	0.03027	0.8813
488 A	0.08935	0.02928	0.88137
489 C	0.09009	0.02815	0.88176
490 A	0.09086	0.02745	0.88169
491 T	0.09203	0.02638	0.8816
492 T	0.09273	0.02618	0.88109
493 G	0.09307	0.02603	0.8809
494 A	0.09425	0.02514	0.8806
495 T	0.09617	0.02264	0.8812
496 A	0.09716	0.02095	0.88189
497 T	0.09915	0.01785	0.88299
498 T	0.10128	0.01439	0.88434
499 C	0.10224	0.01196	0.88579
500 G	0.10320	0.01086	0.88593
501 G	0.10429	0.00969	0.88603
502 A	0.10451	0.00948	0.88602
503 T	0.10492	0.00861	0.88647
504 G	0.10512	0.00838	0.8865
505 C	0.10544	0.00783	0.88672
506 T	0.10576	0.00904	0.8852
507 T	0.10594	0.01292	0.88114
508 T	0.10567	0.01725	0.87708
509 T	0.10507	0.02098	0.87395
510 G	0.10272	0.02639	0.87089
511 G	0.10199	0.02946	0.86854
512 G	0.10135	0.03302	0.86563
513 A	0.10090	0.03432	0.86477
514 A	0.10099	0.03478	0.86423
515 T	0.10159	0.03434	0.86407
516 T	0.10171	0.03435	0.86394
517 C	0.10172	0.03448	0.8638
518 T	0.10168	0.03488	0.86343
519 A	0.10158	0.03535	0.86306
520 A	0.10163	0.03544	0.86293
521 T	0.10188	0.03524	0.86288
522 T	0.10211	0.03514	0.86276
523 A	0.10253	0.03452	0.86295
524 T	0.10283	0.03407	0.8631
525 A	0.10274	0.03415	0.8631
526 A	0.10275	0.03415	0.8631
527 C	0.10315	0.03333	0.86352
528 T	0.10437	0.03227	0.86336
529 A	0.10652	0.03047	0.86301
530 T	0.11307	0.02385	0.86309
531 T	0.11820	0.01894	0.86285
532 T	0.12109	0.01675	0.86217
533 T	0.12217	0.01432	0.86351
534 A	0.12111	0.01612	0.86277
535 A	0.12138	0.01727	0.86136
536 T	0.12171	0.01732	0.86098
537 T	0.12101	0.01926	0.85973
538 T	0.11963	0.02292	0.85745
539 T	0.11660	0.03215	0.85125
540 T	0.10960	0.04979	0.8406
541 A	0.09006	0.08643	0.82351
542 T	0.07185	0.12107	0.80709
543 A	0.04741	0.15185	0.80074
544 A	0.03281	0.17468	0.79251
545 A	0.02919	0.18272	0.7881
546 A	0.02776	0.18541	0.78683
547 C	0.02707	0.18600	0.78693
548 A	0.02677	0.18656	0.78667
549 T	0.02689	0.18653	0.78659
550 T	0.02687	0.18667	0.78646
551 C	0.02703	0.18662	0.78635
552 T	0.02730	0.18687	0.78583
553 A	0.02738	0.18748	0.78515
554 A	0.02793	0.18735	0.78472
555 T	0.02923	0.18645	0.78432
556 A	0.02981	0.18671	0.78349
557 A	0.03078	0.18500	0.78421
558 T	0.03316	0.18230	0.78454
559 A	0.03430	0.18153	0.78416
560 T	0.03610	0.17880	0.7851
561 A	0.03812	0.17954	0.78233
562 A	0.04493	0.18060	0.77447
563 A	0.05546	0.17732	0.76722
564 A	0.07064	0.16114	0.76821
565 A	0.08443	0.14138	0.7742
566 A	0.09147	0.12256	0.78597
567 T	0.10082	0.11407	0.78511
568 T	0.10503	0.13702	0.75795
569 T	0.10348	0.15522	0.74131
570 A	0.09740	0.18400	0.71861
571 A	0.08830	0.20364	0.70806
572 T	0.08304	0.21344	0.70352
573 C	0.06916	0.23300	0.69784
574 A	0.04600	0.26985	0.68416
575 A	0.02949	0.29721	0.6733
576 A	0.02162	0.31177	0.66662
577 G	0.01719	0.31662	0.66618
578 G	0.01537	0.31888	0.66574
579 A	0.01488	0.31959	0.66554
580 A	0.01512	0.31952	0.66535
581 C	0.01616	0.31842	0.66542
582 A	0.01765	0.31705	0.6653
583 G	0.01967	0.31510	0.66523
584 A	0.02521	0.30945	0.66534
585 A	0.03737	0.29712	0.66551
586 A	0.05243	0.28195	0.66562
587 A	0.07184	0.26180	0.66635
588 C	0.08665	0.24627	0.66708
589 A	0.09677	0.23635	0.66688
590 A	0.11097	0.22170	0.66733
591 A	0.13834	0.19336	0.6683
592 T	0.16220	0.16590	0.67189
593 T	0.18892	0.13329	0.67779
594 T	0.20311	0.10808	0.68881
595 A	0.20827	0.09570	0.69603
596 A	0.21326	0.07665	0.71009
597 T	0.22106	0.04418	0.73476
598 T	0.22789	0.02183	0.75027
599 T	0.23132	0.01396	0.75472
600 T	0.22892	0.01679	0.7543
601 G	0.22150	0.02463	0.75387
602 G	0.20995	0.03880	0.75126
603 T	0.19487	0.06106	0.74407
604 T	0.16016	0.10528	0.73457
605 C	0.11233	0.16487	0.72279
606 A	0.08156	0.22457	0.69386
607 A	0.05046	0.27788	0.67165
608 A	0.04670	0.28717	0.66612
609 A	0.04433	0.29122	0.66445
610 A	0.04325	0.29345	0.66329
611 A	0.04324	0.29366	0.66309
612 T	0.04373	0.29308	0.66319
613 A	0.04397	0.29277	0.66327
614 T	0.04426	0.29237	0.66337
615 T	0.04439	0.29216	0.66345
616 C	0.04446	0.29200	0.66354
617 T	0.04456	0.29185	0.66358
618 T	0.04466	0.29168	0.66366
619 A	0.04474	0.29156	0.6637
620 A	0.04491	0.29130	0.66378
621 A	0.04529	0.29075	0.66396
622 A	0.04623	0.28764	0.66613
623 A	0.04943	0.28029	0.67028
624 A	0.05281	0.26744	0.67974
625 A	0.05958	0.24579	0.69464
626 A	0.07530	0.20998	0.71472
627 T	0.09519	0.14995	0.75486
628 T	0.10972	0.09038	0.7999
629 A	0.12765	0.04538	0.82697
630 A	0.14394	0.00000	0.85606
