# lcl|CP097583.1_cds_USQ93227.1_1
# AA	inside	membr	outside
1 A	0.16365	0.00000	0.83635
2 T	0.16349	0.00016	0.83635
3 G	0.16333	0.00032	0.83635
4 A	0.16333	0.03925	0.79742
5 A	0.16291	0.07879	0.75831
6 A	0.16291	0.08544	0.75165
7 G	0.16214	0.08766	0.7502
8 T	0.16214	0.08774	0.75012
9 T	0.16142	0.09041	0.74817
10 A	0.16142	0.12888	0.7097
11 A	0.16134	0.13007	0.70859
12 A	0.16011	0.13171	0.70818
13 G	0.15922	0.13347	0.70731
14 C	0.15922	0.13347	0.70731
15 T	0.15922	0.15252	0.68826
16 G	0.15898	0.15276	0.68826
17 T	0.15872	0.15307	0.68822
18 A	0.15870	0.15323	0.68807
19 A	0.15850	0.15351	0.68799
20 C	0.15808	0.15450	0.68741
21 A	0.15752	0.15505	0.68742
22 A	0.15807	0.15449	0.68744
23 G	0.15974	0.15277	0.6875
24 T	0.16572	0.14677	0.68751
25 C	0.16804	0.14436	0.6876
26 C	0.16994	0.14260	0.68746
27 A	0.19841	0.11432	0.68727
28 A	0.23051	0.08201	0.68747
29 T	0.23783	0.07466	0.68751
30 A	0.24119	0.07088	0.68793
31 C	0.24307	0.06885	0.68808
32 C	0.24657	0.06450	0.68893
33 T	0.28081	0.03040	0.68878
34 A	0.28189	0.02929	0.68883
35 T	0.28490	0.02570	0.6894
36 T	0.28413	0.02612	0.68975
37 A	0.28166	0.02852	0.68983
38 C	0.29029	0.01935	0.69036
39 T	0.28548	0.02378	0.69074
40 C	0.28178	0.02716	0.69106
41 C	0.28046	0.02849	0.69105
42 T	0.27955	0.02955	0.6909
43 A	0.27759	0.03197	0.69045
44 G	0.27419	0.03534	0.69047
45 A	0.26721	0.04243	0.69036
46 A	0.26537	0.04419	0.69044
47 A	0.26293	0.04604	0.69103
48 A	0.26160	0.04648	0.69192
49 G	0.26106	0.04591	0.69303
50 C	0.26081	0.04506	0.69413
51 A	0.26077	0.04483	0.6944
52 C	0.26082	0.04447	0.69471
53 G	0.26087	0.04429	0.69484
54 T	0.26100	0.04409	0.6949
55 T	0.26107	0.04401	0.69493
56 T	0.26111	0.04357	0.69532
57 A	0.26084	0.04327	0.69589
58 G	0.26069	0.04061	0.69871
59 T	0.26066	0.03762	0.70171
60 T	0.26057	0.03396	0.70548
61 G	0.26027	0.03169	0.70804
62 C	0.26021	0.02675	0.71305
63 T	0.26023	0.02453	0.71523
64 G	0.26021	0.02386	0.71593
65 A	0.26027	0.02325	0.71648
66 T	0.26066	0.02150	0.71783
67 T	0.26070	0.01945	0.71985
68 T	0.26033	0.01318	0.72649
69 A	0.25956	0.01222	0.72822
70 A	0.25893	0.01043	0.73064
71 T	0.25855	0.00946	0.73199
72 A	0.25762	0.00989	0.73249
73 C	0.25727	0.00967	0.73305
74 G	0.25702	0.01137	0.73161
75 T	0.25682	0.01419	0.72899
76 G	0.25630	0.02046	0.72324
77 G	0.25586	0.02986	0.71427
78 T	0.25521	0.03328	0.71151
79 A	0.25470	0.03677	0.70853
80 A	0.25453	0.03804	0.70744
81 G	0.25431	0.03928	0.70641
82 C	0.25430	0.04060	0.70509
83 A	0.25435	0.04189	0.70375
84 T	0.25456	0.04248	0.70297
85 G	0.25446	0.04332	0.70222
86 T	0.25463	0.04409	0.70129
87 T	0.25418	0.04623	0.69959
88 A	0.25267	0.04890	0.69843
89 A	0.25198	0.05111	0.69691
90 A	0.25164	0.05203	0.69633
91 G	0.25161	0.05158	0.69681
92 A	0.25154	0.05100	0.69746
93 A	0.25161	0.05034	0.69805
94 G	0.25188	0.04955	0.69856
95 C	0.25250	0.04812	0.69939
96 A	0.25312	0.04737	0.6995
97 G	0.25503	0.04525	0.69972
98 A	0.25796	0.04217	0.69986
99 A	0.26364	0.03607	0.70028
100 G	0.27186	0.02745	0.70069
101 C	0.27576	0.02268	0.70156
102 T	0.27929	0.01875	0.70196
103 A	0.28081	0.01716	0.70203
104 T	0.28271	0.01517	0.70212
105 T	0.28422	0.01366	0.70212
106 T	0.28518	0.01278	0.70204
107 T	0.28570	0.01213	0.70216
108 A	0.28611	0.01159	0.70231
109 A	0.28686	0.01068	0.70246
110 T	0.28850	0.00843	0.70306
111 G	0.28960	0.00623	0.70417
112 T	0.29122	0.00410	0.70469
113 T	0.29190	0.00311	0.70499
114 T	0.29194	0.00309	0.70497
115 A	0.29193	0.00300	0.70506
116 C	0.29193	0.00289	0.70518
117 T	0.29168	0.00318	0.70514
118 T	0.29117	0.00374	0.70509
119 C	0.29018	0.00479	0.70502
120 T	0.28960	0.00564	0.70476
121 A	0.28877	0.00650	0.70473
122 A	0.28823	0.00706	0.70472
123 A	0.28802	0.00726	0.70471
124 T	0.28795	0.00734	0.70472
125 C	0.28782	0.00745	0.70473
126 G	0.28781	0.00746	0.70473
127 T	0.28789	0.00737	0.70474
128 C	0.28787	0.00738	0.70475
129 T	0.28797	0.00728	0.70475
130 G	0.28799	0.00725	0.70476
131 C	0.28820	0.00698	0.70481
132 T	0.28840	0.00678	0.70482
133 C	0.28845	0.00673	0.70483
134 C	0.28859	0.00656	0.70485
135 T	0.28863	0.00655	0.70482
136 G	0.28857	0.00667	0.70476
137 T	0.28869	0.00656	0.70475
138 T	0.28869	0.00661	0.70471
139 A	0.28865	0.00667	0.70468
140 T	0.28877	0.00598	0.70525
141 T	0.28879	0.00521	0.706
142 T	0.28877	0.00429	0.70694
143 T	0.28878	0.00386	0.70737
144 T	0.28812	0.00411	0.70777
145 A	0.28775	0.00465	0.7076
146 A	0.28748	0.00513	0.70739
147 A	0.28718	0.00569	0.70714
148 T	0.28703	0.00620	0.70678
149 T	0.28671	0.00685	0.70643
150 A	0.28518	0.00937	0.70545
151 T	0.28479	0.01072	0.70449
152 T	0.28415	0.01207	0.70378
153 A	0.28300	0.01454	0.70246
154 A	0.28242	0.01592	0.70166
155 A	0.28222	0.01639	0.7014
156 A	0.28205	0.01670	0.70125
157 A	0.28195	0.01672	0.70133
158 G	0.28194	0.01662	0.70144
159 T	0.28198	0.01646	0.70156
160 G	0.28193	0.01654	0.70152
161 C	0.28185	0.01663	0.70152
162 T	0.28192	0.01667	0.70141
163 G	0.28185	0.01673	0.70142
164 T	0.28184	0.01670	0.70145
165 T	0.28171	0.01679	0.7015
166 G	0.28104	0.01742	0.70154
167 C	0.28092	0.01681	0.70228
168 A	0.28104	0.01654	0.70242
169 A	0.28121	0.01613	0.70265
170 A	0.28163	0.01541	0.70295
171 T	0.28242	0.01434	0.70323
172 G	0.28275	0.01357	0.70368
173 C	0.28386	0.01051	0.70564
174 T	0.28491	0.00905	0.70605
175 G	0.28529	0.00818	0.70653
176 T	0.28627	0.00664	0.70708
177 T	0.28609	0.00664	0.70727
178 C	0.28462	0.00845	0.70693
179 A	0.28374	0.00994	0.70633
180 T	0.28336	0.01089	0.70575
181 A	0.28233	0.01341	0.70426
182 A	0.28186	0.01477	0.70336
183 T	0.28177	0.01500	0.70323
184 T	0.28144	0.01531	0.70324
185 T	0.28078	0.01615	0.70307
186 T	0.27946	0.01749	0.70305
187 A	0.27791	0.01923	0.70286
188 A	0.27741	0.01953	0.70306
189 T	0.27723	0.01914	0.70364
190 T	0.27687	0.01931	0.70382
191 T	0.27652	0.01950	0.70398
192 T	0.27551	0.02053	0.70397
193 A	0.27300	0.02337	0.70363
194 A	0.27110	0.02544	0.70346
195 T	0.27009	0.02657	0.70335
196 A	0.26789	0.02935	0.70275
197 A	0.26656	0.03108	0.70236
198 A	0.26537	0.03260	0.70204
199 G	0.26487	0.03292	0.70221
200 A	0.26473	0.03233	0.70294
201 T	0.26539	0.03019	0.70441
202 G	0.26593	0.02888	0.70519
203 A	0.26660	0.02792	0.70548
204 T	0.26818	0.02529	0.70653
205 T	0.26900	0.02361	0.7074
206 T	0.26918	0.02300	0.70782
207 A	0.26932	0.02256	0.70812
208 T	0.26954	0.02169	0.70877
209 T	0.26962	0.02052	0.70986
210 T	0.26968	0.01922	0.7111
211 G	0.26895	0.01967	0.71138
212 T	0.26830	0.02085	0.71085
213 T	0.26641	0.02420	0.70938
214 A	0.26267	0.03168	0.70565
215 A	0.26095	0.03451	0.70454
216 A	0.26048	0.03370	0.70581
217 G	0.26045	0.03235	0.7072
218 A	0.26071	0.03220	0.70709
219 A	0.26142	0.03052	0.70806
220 A	0.26201	0.02968	0.70831
221 T	0.26277	0.02816	0.70908
222 A	0.26305	0.02771	0.70923
223 T	0.26338	0.02711	0.70951
224 T	0.26348	0.02687	0.70964
225 T	0.26354	0.02675	0.70971
226 G	0.26355	0.02688	0.70957
227 T	0.26358	0.02699	0.70943
228 C	0.26359	0.02728	0.70913
229 G	0.26363	0.02849	0.70788
230 A	0.26376	0.02969	0.70654
231 T	0.26393	0.02994	0.70613
232 G	0.26398	0.03024	0.70578
233 A	0.26405	0.03088	0.70507
234 A	0.26454	0.02938	0.70608
235 G	0.26561	0.02696	0.70744
236 G	0.26761	0.02279	0.7096
237 T	0.27203	0.01520	0.71277
238 T	0.27390	0.01200	0.7141
239 T	0.27466	0.01077	0.71457
240 G	0.27494	0.01040	0.71466
241 C	0.27582	0.00964	0.71455
242 G	0.27658	0.00944	0.71399
243 T	0.27764	0.00855	0.71381
244 T	0.27803	0.00819	0.71377
245 T	0.27829	0.00798	0.71374
246 A	0.27810	0.00818	0.71373
247 C	0.27784	0.00840	0.71376
248 C	0.27769	0.00854	0.71377
249 T	0.27764	0.00865	0.7137
250 C	0.27764	0.00881	0.71355
251 G	0.27773	0.00898	0.71329
252 T	0.27870	0.00828	0.71303
253 T	0.27876	0.00850	0.71274
254 T	0.27691	0.01065	0.71244
255 A	0.27334	0.01428	0.71238
256 T	0.27275	0.01473	0.71252
257 T	0.26939	0.01804	0.71257
258 T	0.26408	0.02334	0.71257
259 C	0.25021	0.03726	0.71252
260 C	0.24194	0.04567	0.71239
261 G	0.20674	0.08167	0.71158
262 A	0.16774	0.12088	0.71138
263 G	0.14429	0.14448	0.71123
264 A	0.12399	0.16501	0.711
265 G	0.11538	0.17381	0.7108
266 C	0.10902	0.18036	0.71062
267 T	0.10310	0.18755	0.70935
268 A	0.09418	0.19798	0.70783
269 A	0.09066	0.20269	0.70665
270 A	0.08738	0.20706	0.70557
271 G	0.08439	0.21164	0.70396
272 G	0.08167	0.21646	0.70187
273 T	0.07938	0.22209	0.69853
274 A	0.07440	0.22790	0.6977
275 A	0.06936	0.23356	0.69708
276 A	0.06171	0.24095	0.69734
277 A	0.05697	0.24284	0.7002
278 C	0.05533	0.23922	0.70544
279 A	0.05288	0.24166	0.70545
280 G	0.05136	0.24143	0.70721
281 A	0.05045	0.24120	0.70835
282 T	0.05006	0.23399	0.71595
283 A	0.04882	0.23566	0.71552
284 A	0.04874	0.20408	0.74717
285 A	0.04853	0.17051	0.78096
286 A	0.04847	0.14795	0.80358
287 G	0.04823	0.13128	0.8205
288 A	0.04796	0.14198	0.81006
289 A	0.04777	0.16757	0.78466
290 A	0.04780	0.18935	0.76284
291 A	0.04808	0.21607	0.73585
292 A	0.04863	0.22592	0.72545
293 A	0.04906	0.24901	0.70193
294 A	0.05015	0.25926	0.69059
295 A	0.05224	0.25976	0.688
296 G	0.05499	0.25711	0.6879
297 A	0.05640	0.25545	0.68815
298 A	0.05772	0.25142	0.69086
299 T	0.05959	0.24293	0.69748
300 G	0.06029	0.23783	0.70188
301 A	0.06129	0.23552	0.70319
302 G	0.06380	0.23059	0.70561
303 T	0.06733	0.22538	0.70728
304 C	0.06957	0.22216	0.70828
305 G	0.07238	0.21986	0.70776
306 T	0.07697	0.21554	0.70749
307 G	0.07941	0.21370	0.70689
308 T	0.08305	0.21104	0.70591
309 A	0.08501	0.21063	0.70437
310 A	0.09019	0.20604	0.70378
311 A	0.10833	0.18851	0.70315
312 A	0.14075	0.15668	0.70257
313 A	0.16996	0.12791	0.70212
314 T	0.20914	0.08887	0.70199
315 A	0.22421	0.07327	0.70252
316 T	0.25309	0.04383	0.70308
317 T	0.26476	0.03216	0.70308
318 T	0.26698	0.03039	0.70263
319 C	0.26699	0.03014	0.70287
320 T	0.26863	0.02862	0.70275
321 T	0.26928	0.02815	0.70257
322 T	0.26813	0.02933	0.70255
323 C	0.26493	0.03254	0.70253
324 T	0.26368	0.03405	0.70228
325 T	0.26102	0.03720	0.70178
326 C	0.25099	0.04797	0.70104
327 A	0.24439	0.05719	0.69843
328 T	0.24150	0.06125	0.69725
329 T	0.23720	0.06668	0.69612
330 T	0.23149	0.07405	0.69446
331 A	0.21304	0.09425	0.69271
332 A	0.19479	0.11349	0.69173
333 A	0.18644	0.12283	0.69073
334 A	0.18125	0.12850	0.69026
335 A	0.17144	0.13884	0.68972
336 A	0.16276	0.14812	0.68912
337 G	0.15935	0.15221	0.68845
338 A	0.15796	0.15369	0.68835
339 A	0.15760	0.15371	0.68869
340 A	0.15797	0.15240	0.68964
341 T	0.15886	0.14907	0.69207
342 T	0.15824	0.14725	0.6945
343 C	0.15735	0.14533	0.69732
344 A	0.15622	0.14641	0.69737
345 G	0.15505	0.14700	0.69794
346 G	0.15416	0.14759	0.69825
347 A	0.15314	0.15115	0.69571
348 G	0.15047	0.15232	0.6972
349 A	0.14795	0.14475	0.7073
350 T	0.14861	0.13560	0.71579
351 G	0.14456	0.13330	0.72214
352 C	0.14180	0.13405	0.72415
353 A	0.14213	0.13647	0.72141
354 A	0.14270	0.12741	0.72989
355 G	0.14357	0.11493	0.74149
356 T	0.14513	0.10857	0.74631
357 A	0.14561	0.10543	0.74896
358 A	0.14646	0.09290	0.76064
359 A	0.14727	0.08099	0.77174
360 T	0.14829	0.07382	0.7779
361 G	0.14870	0.07034	0.78096
362 G	0.14888	0.06784	0.78328
363 G	0.14905	0.06587	0.78508
364 T	0.14936	0.06429	0.78636
365 C	0.14952	0.06297	0.78752
366 A	0.14981	0.06215	0.78804
367 A	0.15058	0.06044	0.78899
368 A	0.15143	0.05843	0.79014
369 A	0.15296	0.05575	0.79129
370 G	0.15651	0.05075	0.79274
371 A	0.15848	0.04418	0.79734
372 G	0.16267	0.03499	0.80234
373 T	0.17079	0.02354	0.80567
374 A	0.17528	0.01410	0.81063
375 A	0.18494	0.00000	0.81507
