# lcl|CP097583.1_cds_USQ93451.1_1
# AA	inside	membr	outside
1 A	0.46142	0.00000	0.53858
2 T	0.46048	0.00094	0.53858
3 G	0.45999	0.00143	0.53858
4 A	0.45999	0.09933	0.44068
5 A	0.45414	0.24827	0.29759
6 A	0.45414	0.25117	0.29469
7 A	0.44989	0.25620	0.2939
8 A	0.44989	0.25621	0.29389
9 A	0.44970	0.25650	0.2938
10 C	0.44970	0.26080	0.2895
11 A	0.44969	0.26092	0.28939
12 A	0.44956	0.26108	0.28936
13 G	0.44948	0.26123	0.28929
14 T	0.44948	0.26123	0.28929
15 C	0.44948	0.26202	0.2885
16 G	0.44947	0.26204	0.2885
17 T	0.44945	0.26216	0.28839
18 T	0.44944	0.26268	0.28788
19 A	0.44940	0.26344	0.28715
20 T	0.44934	0.26865	0.28201
21 T	0.44853	0.26925	0.28223
22 T	0.44952	0.26988	0.2806
23 T	0.45028	0.27181	0.27791
24 A	0.44783	0.27840	0.27378
25 G	0.45036	0.27543	0.27421
26 A	0.45391	0.27260	0.27349
27 A	0.54300	0.18256	0.27444
28 T	0.67659	0.04413	0.27929
29 C	0.68187	0.03840	0.27972
30 T	0.68466	0.03360	0.28174
31 C	0.68364	0.03467	0.28169
32 C	0.68284	0.03557	0.28158
33 T	0.68262	0.03622	0.28117
34 T	0.67431	0.04548	0.28021
35 C	0.67029	0.04973	0.27998
36 T	0.66449	0.05623	0.27928
37 A	0.65529	0.06633	0.27838
38 A	0.64577	0.07591	0.27831
39 A	0.62989	0.09183	0.27829
40 G	0.62308	0.09859	0.27833
41 C	0.62223	0.09918	0.27859
42 T	0.62254	0.09939	0.27807
43 A	0.62435	0.09751	0.27814
44 A	0.62367	0.09791	0.27842
45 A	0.62491	0.09665	0.27844
46 A	0.62699	0.09440	0.27861
47 C	0.63005	0.08665	0.2833
48 T	0.63085	0.08536	0.28379
49 A	0.63138	0.08526	0.28336
50 T	0.63154	0.08539	0.28308
51 T	0.63120	0.08622	0.28258
52 A	0.63029	0.08733	0.28237
53 G	0.63011	0.08605	0.28385
54 T	0.63047	0.08330	0.28623
55 A	0.63051	0.08154	0.28796
56 G	0.63098	0.07708	0.29194
57 T	0.63203	0.06734	0.30064
58 T	0.63221	0.06253	0.30525
59 A	0.63242	0.05635	0.31124
60 T	0.63299	0.04663	0.32037
61 T	0.63299	0.03831	0.3287
62 T	0.63292	0.02551	0.34157
63 A	0.63266	0.02053	0.34681
64 G	0.63259	0.01832	0.34909
65 G	0.63297	0.01655	0.35048
66 G	0.63305	0.01481	0.35214
67 G	0.63336	0.01368	0.35296
68 A	0.63375	0.01305	0.35321
69 T	0.63434	0.01191	0.35375
70 G	0.63459	0.01174	0.35367
71 A	0.63513	0.01288	0.35199
72 T	0.63613	0.01237	0.3515
73 T	0.63678	0.01317	0.35004
74 T	0.63728	0.01541	0.34731
75 T	0.63753	0.01816	0.34431
76 T	0.63758	0.02610	0.33632
77 T	0.63747	0.02998	0.33255
78 A	0.63713	0.03537	0.32751
79 G	0.63728	0.03757	0.32515
80 T	0.63740	0.03909	0.32352
81 T	0.63696	0.04196	0.32108
82 T	0.63589	0.04367	0.32043
83 T	0.63373	0.04702	0.31925
84 A	0.63125	0.05259	0.31617
85 T	0.62949	0.05506	0.31545
86 C	0.62678	0.05821	0.31501
87 T	0.62520	0.06073	0.31406
88 T	0.62277	0.06417	0.31306
89 C	0.61604	0.07213	0.31183
90 A	0.60748	0.08325	0.30926
91 A	0.60483	0.08760	0.30757
92 A	0.60384	0.08932	0.30684
93 A	0.60421	0.08900	0.30679
94 G	0.60635	0.08688	0.30677
95 G	0.60795	0.08525	0.3068
96 G	0.61040	0.08274	0.30686
97 C	0.61390	0.07918	0.30692
98 A	0.61783	0.07527	0.3069
99 T	0.62631	0.06675	0.30695
100 A	0.62970	0.06343	0.30686
101 T	0.63497	0.05791	0.30712
102 T	0.63665	0.05618	0.30718
103 A	0.63736	0.05484	0.3078
104 G	0.63856	0.05240	0.30904
105 A	0.63924	0.05037	0.31039
106 G	0.64051	0.04680	0.31269
107 A	0.64380	0.04150	0.3147
108 T	0.64617	0.03654	0.31729
109 T	0.64757	0.03155	0.32087
110 T	0.64826	0.02860	0.32313
111 A	0.64793	0.02683	0.32525
112 G	0.64842	0.02044	0.33115
113 C	0.64930	0.01284	0.33786
114 T	0.65047	0.01069	0.33884
115 T	0.65058	0.01042	0.339
116 T	0.64985	0.01184	0.33831
117 T	0.64784	0.01538	0.33678
118 T	0.64359	0.02061	0.3358
119 C	0.63963	0.02528	0.33509
120 A	0.63757	0.02789	0.33454
121 G	0.63312	0.03248	0.3344
122 G	0.63087	0.03483	0.3343
123 T	0.62879	0.03699	0.33422
124 C	0.62473	0.04116	0.33411
125 C	0.62228	0.04379	0.33393
126 A	0.62027	0.04603	0.33369
127 G	0.61878	0.04781	0.33342
128 A	0.61838	0.04843	0.3332
129 A	0.61841	0.04857	0.33302
130 C	0.61881	0.04830	0.33289
131 G	0.61941	0.04805	0.33254
132 T	0.61969	0.04844	0.33186
133 T	0.61877	0.05024	0.33098
134 T	0.61754	0.05092	0.33153
135 A	0.61458	0.05390	0.33152
136 G	0.61346	0.05349	0.33305
137 G	0.61352	0.05217	0.33431
138 C	0.61371	0.05012	0.33617
139 A	0.61440	0.04970	0.33591
140 T	0.61609	0.04705	0.33686
141 T	0.61675	0.04706	0.3362
142 G	0.61705	0.04982	0.33313
143 A	0.61723	0.05220	0.33057
144 T	0.61737	0.04878	0.33385
145 A	0.61719	0.05217	0.33063
146 T	0.61694	0.05290	0.33016
147 T	0.61293	0.05905	0.32802
148 A	0.59131	0.09075	0.31795
149 A	0.58209	0.10524	0.31268
150 A	0.57194	0.12122	0.30684
151 A	0.56785	0.12814	0.30402
152 A	0.56668	0.13022	0.30309
153 T	0.56593	0.13218	0.30189
154 A	0.56522	0.13375	0.30103
155 A	0.56570	0.13337	0.30093
156 T	0.56670	0.13097	0.30233
157 T	0.56658	0.12971	0.30372
158 T	0.56634	0.12741	0.30625
159 T	0.56595	0.12669	0.30736
160 C	0.56542	0.12664	0.30794
161 G	0.56528	0.12652	0.3082
162 T	0.56715	0.12442	0.30843
163 C	0.56827	0.12315	0.30858
164 C	0.57199	0.11938	0.30863
165 T	0.57814	0.11325	0.30861
166 G	0.58134	0.10999	0.30867
167 A	0.58395	0.10745	0.3086
168 T	0.59063	0.10053	0.30883
169 T	0.59426	0.09654	0.30921
170 A	0.59885	0.08742	0.31373
171 T	0.61059	0.05445	0.33496
172 A	0.61603	0.04174	0.34223
173 T	0.62258	0.02620	0.35122
174 T	0.62402	0.02416	0.35182
175 A	0.62376	0.02876	0.34748
176 T	0.62343	0.03233	0.34423
177 T	0.62114	0.03974	0.33913
178 A	0.61556	0.04954	0.3349
179 T	0.61281	0.05485	0.33234
180 T	0.60149	0.07647	0.32203
181 G	0.56420	0.12452	0.31127
182 A	0.44615	0.25825	0.29561
183 T	0.36588	0.34183	0.29228
184 A	0.23107	0.48549	0.28344
185 A	0.15878	0.57643	0.26479
186 A	0.10883	0.63126	0.2599
187 C	0.08023	0.66166	0.2581
188 A	0.05719	0.68979	0.25301
189 A	0.04230	0.70520	0.2525
190 A	0.03836	0.70937	0.25226
191 A	0.03724	0.71055	0.2522
192 A	0.03671	0.71106	0.25223
193 C	0.03743	0.70972	0.25285
194 A	0.03845	0.70851	0.25304
195 A	0.04073	0.70565	0.25363
196 A	0.04263	0.70323	0.25414
197 C	0.04580	0.69866	0.25554
198 A	0.05074	0.69313	0.25614
199 C	0.05598	0.68371	0.2603
200 T	0.06377	0.67325	0.26299
201 T	0.06820	0.66470	0.2671
202 A	0.07057	0.66163	0.2678
203 A	0.07864	0.64383	0.27753
204 A	0.08560	0.60641	0.30799
205 G	0.09594	0.45841	0.44565
206 A	0.09941	0.35808	0.54252
207 A	0.10988	0.21843	0.67169
208 T	0.13202	0.14871	0.71927
209 T	0.13617	0.14005	0.72379
210 G	0.13487	0.13370	0.73143
211 A	0.13373	0.16173	0.70455
212 T	0.12391	0.20069	0.67539
213 T	0.11054	0.27751	0.61195
214 C	0.08132	0.41431	0.50437
215 A	0.05824	0.55676	0.38501
216 A	0.04250	0.67839	0.27911
217 A	0.03330	0.69687	0.26983
218 A	0.02812	0.70483	0.26705
219 A	0.02403	0.71061	0.26536
220 A	0.02197	0.71289	0.26515
221 C	0.02121	0.71377	0.26502
222 A	0.02075	0.71517	0.26408
223 A	0.02073	0.71572	0.26356
224 A	0.02097	0.71557	0.26347
225 A	0.02165	0.71451	0.26384
226 A	0.02239	0.71320	0.26441
227 A	0.02425	0.70850	0.26725
228 T	0.02741	0.70286	0.26973
229 C	0.03049	0.69806	0.27145
230 A	0.03468	0.69358	0.27174
231 A	0.04970	0.67826	0.27204
232 A	0.08396	0.64303	0.27301
233 A	0.10673	0.61761	0.27566
234 A	0.17183	0.54841	0.27976
235 G	0.25698	0.44229	0.30073
236 T	0.38316	0.29795	0.31888
237 T	0.49023	0.16254	0.34723
238 T	0.56017	0.07458	0.36525
239 T	0.59784	0.02603	0.37613
240 T	0.59717	0.02173	0.3811
241 T	0.58799	0.02730	0.38471
242 T	0.56787	0.04486	0.38727
243 A	0.53411	0.07776	0.38814
244 G	0.51976	0.09258	0.38766
245 C	0.51175	0.10106	0.38719
246 T	0.50344	0.11365	0.38291
247 A	0.47505	0.14775	0.3772
248 T	0.45716	0.16931	0.37353
249 G	0.43584	0.19219	0.37197
250 G	0.43072	0.19773	0.37155
251 A	0.42946	0.19986	0.37069
252 T	0.42880	0.20081	0.37039
253 C	0.42761	0.20212	0.37027
254 C	0.42595	0.20463	0.36942
255 T	0.41898	0.21517	0.36585
256 G	0.41090	0.22883	0.36027
257 A	0.40702	0.23613	0.35685
258 T	0.40507	0.23962	0.35531
259 A	0.40333	0.24318	0.35349
260 G	0.40273	0.24353	0.35375
261 A	0.40219	0.24346	0.35435
262 G	0.40180	0.24104	0.35717
263 A	0.40239	0.23714	0.36046
264 A	0.40252	0.22484	0.37264
265 G	0.40310	0.20396	0.39294
266 G	0.40364	0.17444	0.42191
267 T	0.40500	0.15906	0.43593
268 G	0.40511	0.14915	0.44574
269 A	0.40735	0.13968	0.45297
270 A	0.41146	0.11427	0.47427
271 G	0.41437	0.09663	0.489
272 C	0.41555	0.08093	0.50352
273 G	0.41470	0.09413	0.49117
274 A	0.41507	0.09600	0.48893
275 T	0.41492	0.09976	0.48533
276 A	0.41378	0.10246	0.48375
277 G	0.41383	0.10135	0.48483
278 C	0.41626	0.09066	0.49308
279 T	0.41996	0.08118	0.49886
280 T	0.41719	0.08234	0.50047
281 G	0.41259	0.08697	0.50044
282 G	0.41139	0.08781	0.5008
283 C	0.41126	0.08808	0.50066
284 A	0.41140	0.08929	0.4993
285 T	0.41369	0.08714	0.49916
286 T	0.41617	0.08445	0.49938
287 T	0.41684	0.08348	0.49968
288 A	0.41521	0.08494	0.49986
289 T	0.41404	0.08489	0.50107
290 C	0.40878	0.08909	0.50213
291 A	0.40193	0.09544	0.50263
292 C	0.39751	0.09895	0.50353
293 A	0.38861	0.10924	0.50215
294 A	0.38577	0.11318	0.50104
295 G	0.38815	0.11166	0.50018
296 T	0.40161	0.09731	0.50108
297 G	0.39993	0.09922	0.50085
298 T	0.40109	0.09836	0.50056
299 T	0.39498	0.10643	0.49859
300 A	0.38330	0.12329	0.49341
301 A	0.37375	0.14416	0.4821
302 A	0.36925	0.15244	0.47831
303 T	0.36654	0.15783	0.47563
304 T	0.35642	0.18008	0.4635
305 T	0.33476	0.22699	0.43826
306 A	0.25864	0.34847	0.39289
307 G	0.22199	0.40908	0.36894
308 A	0.19522	0.45213	0.35266
309 T	0.18200	0.47187	0.34613
310 A	0.16292	0.49640	0.34068
311 A	0.14878	0.51214	0.33909
312 A	0.14051	0.51993	0.33956
313 A	0.13544	0.52085	0.34371
314 A	0.13365	0.51668	0.34967
315 A	0.13271	0.51261	0.35468
316 G	0.13309	0.50263	0.36428
317 A	0.13419	0.49721	0.3686
318 T	0.13547	0.49382	0.37071
319 A	0.13535	0.49595	0.3687
320 A	0.13618	0.49602	0.36779
321 A	0.13807	0.49390	0.36802
322 A	0.14062	0.48426	0.37512
323 A	0.14646	0.46648	0.38707
324 T	0.16157	0.43655	0.40189
325 A	0.16922	0.42184	0.40894
326 G	0.18120	0.39971	0.4191
327 A	0.20080	0.36679	0.43241
328 A	0.23135	0.30894	0.45971
329 T	0.27996	0.18814	0.53191
330 T	0.30399	0.13436	0.56165
331 T	0.31413	0.12169	0.56418
332 T	0.31558	0.13542	0.549
333 A	0.31304	0.17544	0.51152
334 T	0.31147	0.18510	0.50343
335 T	0.30564	0.18692	0.50745
336 T	0.29418	0.19734	0.50848
337 A	0.28060	0.21294	0.50647
338 A	0.27431	0.22069	0.505
339 C	0.27153	0.22340	0.50507
340 G	0.27007	0.22945	0.50048
341 A	0.27065	0.23534	0.494
342 A	0.27469	0.24065	0.48466
343 A	0.27952	0.24006	0.48043
344 T	0.28226	0.23963	0.47812
345 T	0.28309	0.24113	0.47578
346 A	0.28242	0.24483	0.47275
347 C	0.28166	0.24867	0.46967
348 T	0.28123	0.25862	0.46015
349 A	0.27888	0.26627	0.45484
350 A	0.28014	0.26880	0.45107
351 A	0.28394	0.26666	0.44939
352 A	0.28969	0.26270	0.4476
353 G	0.30226	0.24807	0.44966
354 T	0.33027	0.22093	0.4488
355 G	0.35287	0.19797	0.44916
356 T	0.39448	0.15527	0.45026
357 T	0.40626	0.14033	0.45341
358 A	0.40711	0.13579	0.4571
359 T	0.40846	0.12456	0.46698
360 T	0.40905	0.11485	0.4761
361 C	0.40826	0.11359	0.47815
362 A	0.40520	0.12286	0.47194
363 A	0.40436	0.12979	0.46586
364 A	0.40728	0.12689	0.46582
365 A	0.41383	0.12007	0.4661
366 A	0.41367	0.12006	0.46627
367 G	0.41475	0.11688	0.46837
368 C	0.41921	0.11019	0.47061
369 A	0.42443	0.10366	0.47191
370 T	0.43046	0.09621	0.47333
371 T	0.43665	0.08860	0.47475
372 C	0.43560	0.08808	0.47632
373 C	0.43297	0.09102	0.47601
374 A	0.43155	0.09399	0.47445
375 A	0.43081	0.09487	0.47433
376 G	0.43080	0.09476	0.47444
377 T	0.43462	0.09098	0.47441
378 T	0.43619	0.08883	0.47497
379 C	0.43637	0.08625	0.47739
380 C	0.43665	0.08446	0.47889
381 T	0.43864	0.08184	0.47952
382 T	0.43949	0.08032	0.48019
383 C	0.43952	0.07968	0.48081
384 T	0.44126	0.07967	0.47908
385 G	0.44381	0.07843	0.47777
386 T	0.44831	0.07206	0.47963
387 T	0.44679	0.07378	0.47943
388 A	0.44474	0.07794	0.47732
389 T	0.44414	0.07406	0.4818
390 T	0.44307	0.07337	0.48356
391 A	0.44100	0.07567	0.48334
392 A	0.43975	0.07899	0.48127
393 T	0.43835	0.08161	0.48004
394 A	0.43394	0.09165	0.4744
395 A	0.42195	0.10554	0.47251
396 A	0.41084	0.11590	0.47326
397 A	0.40965	0.11805	0.4723
398 A	0.40849	0.11829	0.47322
399 A	0.40744	0.11740	0.47516
400 T	0.40733	0.11576	0.47691
401 T	0.40643	0.11599	0.47759
402 A	0.39585	0.12814	0.47602
403 G	0.38920	0.14104	0.46976
404 T	0.38543	0.15487	0.4597
405 A	0.37398	0.18101	0.44501
406 G	0.36908	0.18560	0.44531
407 A	0.36958	0.18490	0.44552
408 T	0.37420	0.17741	0.44838
409 T	0.37419	0.17559	0.45021
410 C	0.36849	0.17898	0.45252
411 T	0.36455	0.18227	0.45318
412 C	0.35206	0.19566	0.45229
413 A	0.33739	0.21276	0.44985
414 A	0.31157	0.24075	0.44767
415 G	0.30272	0.24978	0.4475
416 A	0.29555	0.25686	0.44759
417 A	0.29287	0.25799	0.44914
418 A	0.29125	0.24775	0.461
419 C	0.29119	0.23623	0.47258
420 T	0.28899	0.23763	0.47338
421 A	0.27826	0.24929	0.47245
422 G	0.27448	0.25345	0.47207
423 A	0.27116	0.25838	0.47046
424 A	0.27113	0.25871	0.47016
425 G	0.27471	0.24349	0.4818
426 A	0.28301	0.22847	0.48852
427 A	0.29473	0.21198	0.49328
428 T	0.30926	0.18523	0.5055
429 T	0.31039	0.17786	0.51175
430 T	0.31005	0.17518	0.51476
431 T	0.30726	0.17639	0.51635
432 A	0.30212	0.17940	0.51848
433 G	0.29880	0.17523	0.52597
434 A	0.29519	0.17322	0.53159
435 T	0.29504	0.16174	0.54321
436 A	0.29511	0.14909	0.5558
437 G	0.29622	0.12237	0.5814
438 A	0.29621	0.11235	0.59144
439 A	0.29746	0.10146	0.60108
440 T	0.29964	0.09027	0.6101
441 T	0.30067	0.08144	0.61788
442 A	0.30073	0.07637	0.6229
443 T	0.30186	0.06748	0.63066
444 T	0.30257	0.05649	0.64094
445 G	0.30249	0.05283	0.64468
446 G	0.30363	0.04915	0.64722
447 T	0.30469	0.04881	0.6465
448 T	0.30359	0.05285	0.64356
449 T	0.30174	0.06180	0.63646
450 T	0.29871	0.07864	0.62265
451 A	0.29362	0.11181	0.59456
452 A	0.29127	0.13419	0.57453
453 A	0.29053	0.15374	0.55573
454 T	0.29132	0.15080	0.55788
455 T	0.29214	0.14637	0.56149
456 A	0.29072	0.14621	0.56308
457 T	0.28910	0.14509	0.56581
458 C	0.28649	0.14653	0.56699
459 A	0.28553	0.14903	0.56544
460 G	0.28600	0.15048	0.56353
461 G	0.28730	0.15001	0.56269
462 T	0.28923	0.14936	0.5614
463 T	0.28989	0.15122	0.55889
464 T	0.29016	0.15371	0.55613
465 A	0.29000	0.15577	0.55423
466 G	0.29007	0.15767	0.55226
467 T	0.29022	0.16062	0.54915
468 A	0.28822	0.16981	0.54197
469 A	0.28875	0.17522	0.53602
470 A	0.29140	0.17695	0.53164
471 G	0.29492	0.17625	0.52883
472 A	0.30143	0.17482	0.52374
473 A	0.31511	0.16568	0.51921
474 A	0.33942	0.14498	0.51561
475 A	0.35863	0.13023	0.51113
476 T	0.37800	0.11436	0.50765
477 T	0.37785	0.12152	0.50064
478 A	0.37390	0.12592	0.50019
479 A	0.37216	0.12653	0.50132
480 T	0.37228	0.12407	0.50365
481 G	0.37075	0.12313	0.50612
482 C	0.37099	0.12183	0.50717
483 T	0.37417	0.11859	0.50723
484 C	0.37436	0.11836	0.50729
485 C	0.36881	0.12412	0.50707
486 A	0.36320	0.13059	0.5062
487 T	0.36243	0.13140	0.50617
488 C	0.35674	0.13691	0.50635
489 A	0.34889	0.14512	0.50599
490 G	0.34830	0.14558	0.50612
491 C	0.35323	0.13834	0.50844
492 A	0.35375	0.13750	0.50876
493 G	0.35347	0.13758	0.50895
494 G	0.35413	0.13593	0.50995
495 A	0.34851	0.14153	0.50995
496 A	0.34788	0.14215	0.50997
497 G	0.34795	0.13988	0.51218
498 A	0.34985	0.13631	0.51384
499 G	0.35263	0.13131	0.51606
500 T	0.35813	0.12239	0.51948
501 T	0.35388	0.12211	0.52401
502 C	0.34366	0.12918	0.52716
503 A	0.33266	0.13955	0.52779
504 A	0.32590	0.14478	0.52933
505 T	0.32365	0.14480	0.53155
506 C	0.32073	0.14644	0.53283
507 A	0.31893	0.14754	0.53353
508 G	0.31801	0.14070	0.54129
509 T	0.31838	0.13340	0.54822
510 T	0.31728	0.13104	0.55169
511 G	0.31632	0.12693	0.55675
512 C	0.31588	0.11643	0.56769
513 T	0.31554	0.11373	0.57074
514 T	0.31428	0.11287	0.57284
515 T	0.30865	0.11565	0.57569
516 A	0.30459	0.11776	0.57765
517 A	0.30222	0.11970	0.57808
518 A	0.29960	0.11151	0.58888
519 A	0.29783	0.10483	0.59734
520 T	0.29693	0.09401	0.60906
521 T	0.29490	0.09047	0.61463
522 A	0.29283	0.09363	0.61355
523 A	0.29217	0.09583	0.61199
524 T	0.29221	0.09034	0.61746
525 T	0.29178	0.08229	0.62593
526 G	0.29097	0.07835	0.63067
527 T	0.28902	0.08654	0.62444
528 T	0.28510	0.10594	0.60897
529 G	0.27665	0.15053	0.57282
530 A	0.26907	0.20888	0.52206
531 A	0.26578	0.22992	0.50431
532 T	0.26374	0.24145	0.49482
533 T	0.26010	0.25295	0.48696
534 A	0.25009	0.27145	0.47846
535 G	0.24566	0.27820	0.47614
536 A	0.24374	0.28146	0.4748
537 A	0.24266	0.28228	0.47506
538 G	0.24292	0.27721	0.47987
539 A	0.24426	0.27447	0.48128
540 A	0.24604	0.27074	0.48322
541 G	0.24830	0.26569	0.48602
542 A	0.25009	0.26252	0.48739
543 A	0.25180	0.26013	0.48807
544 C	0.25507	0.25526	0.48966
545 G	0.25876	0.25553	0.4857
546 T	0.26299	0.25584	0.48117
547 A	0.26175	0.27000	0.46824
548 A	0.26292	0.27416	0.46291
549 A	0.26834	0.27166	0.46
550 A	0.28112	0.25905	0.45983
551 A	0.29900	0.23769	0.46331
552 A	0.34077	0.18749	0.47174
553 T	0.39602	0.12425	0.47973
554 T	0.41421	0.10349	0.4823
555 T	0.41916	0.09646	0.48438
556 A	0.41756	0.09510	0.48733
557 T	0.41799	0.08636	0.49566
558 T	0.40648	0.09462	0.49889
559 C	0.38354	0.11600	0.50046
560 C	0.36621	0.13316	0.50063
561 A	0.35178	0.15066	0.49755
562 G	0.34389	0.16030	0.49581
563 C	0.33668	0.16849	0.49482
564 A	0.33338	0.17452	0.4921
565 G	0.33219	0.17886	0.48894
566 A	0.33433	0.18091	0.48477
567 A	0.33756	0.17939	0.48305
568 T	0.34466	0.17265	0.48268
569 A	0.34967	0.16675	0.48358
570 T	0.36217	0.15126	0.48657
571 A	0.36593	0.14653	0.48754
572 A	0.36859	0.14160	0.48981
573 T	0.37115	0.13691	0.49193
574 T	0.37174	0.13634	0.49193
575 T	0.37154	0.13637	0.4921
576 A	0.37052	0.13744	0.49204
577 A	0.37057	0.13547	0.49396
578 T	0.37055	0.13034	0.4991
579 T	0.37020	0.12401	0.50578
580 A	0.36932	0.12017	0.51051
581 G	0.36923	0.10733	0.52343
582 A	0.36946	0.08759	0.54296
583 G	0.37023	0.06937	0.5604
584 T	0.37436	0.05256	0.57308
585 T	0.37687	0.04414	0.57899
586 C	0.37813	0.04177	0.5801
587 A	0.38027	0.04464	0.57508
588 T	0.38309	0.04301	0.5739
589 T	0.38556	0.04264	0.5718
590 T	0.38603	0.04687	0.5671
591 T	0.38544	0.05748	0.55708
592 G	0.38269	0.06893	0.54838
593 A	0.38154	0.07842	0.54004
594 T	0.38189	0.08484	0.53327
595 A	0.38075	0.09154	0.5277
596 A	0.38102	0.09340	0.52557
597 T	0.38224	0.09188	0.52587
598 T	0.38267	0.09099	0.52634
599 T	0.38258	0.09053	0.52688
600 T	0.38163	0.09160	0.52677
601 C	0.38085	0.09194	0.52721
602 A	0.38053	0.09234	0.52713
603 A	0.38018	0.09231	0.52751
604 G	0.38021	0.09208	0.52771
605 C	0.38020	0.09215	0.52765
606 T	0.37958	0.09405	0.52638
607 A	0.37695	0.09916	0.52389
608 A	0.37754	0.10022	0.52224
609 T	0.38359	0.09491	0.5215
610 T	0.38854	0.09161	0.51984
611 T	0.38994	0.09048	0.51957
612 A	0.38950	0.09336	0.51714
613 G	0.39346	0.09062	0.51591
614 T	0.40137	0.08498	0.51366
615 T	0.40180	0.08661	0.51158
616 A	0.39820	0.09010	0.5117
617 T	0.39990	0.08792	0.51219
618 T	0.39201	0.09427	0.51372
619 A	0.36813	0.11748	0.51438
620 C	0.35323	0.13132	0.51545
621 A	0.34295	0.14121	0.51584
622 C	0.33362	0.14988	0.5165
623 C	0.32037	0.16326	0.51637
624 T	0.30389	0.18255	0.51356
625 A	0.26692	0.22330	0.50977
626 A	0.22974	0.26284	0.50742
627 G	0.20159	0.29109	0.50732
628 G	0.17025	0.32217	0.50758
629 A	0.14927	0.34197	0.50876
630 A	0.14253	0.34567	0.5118
631 C	0.14127	0.34637	0.51236
632 A	0.13900	0.36226	0.49875
633 T	0.13982	0.37273	0.48745
634 A	0.13915	0.38486	0.47599
635 A	0.14195	0.38645	0.47161
636 A	0.14369	0.38711	0.46919
637 A	0.14633	0.38049	0.47318
638 T	0.14802	0.36952	0.48247
639 T	0.14051	0.37229	0.4872
640 A	0.13028	0.38562	0.4841
641 A	0.11273	0.40196	0.48531
642 A	0.10451	0.39690	0.49859
643 G	0.10049	0.38811	0.51139
644 A	0.09731	0.38414	0.51854
645 A	0.09592	0.37494	0.52914
646 G	0.09573	0.36072	0.54355
647 A	0.09780	0.34546	0.55675
648 A	0.10030	0.31606	0.58364
649 G	0.10183	0.28145	0.61672
650 A	0.10189	0.25547	0.64265
651 A	0.10252	0.22064	0.67684
652 G	0.10544	0.18978	0.70478
653 C	0.10981	0.17470	0.71549
654 G	0.11704	0.16526	0.7177
655 C	0.13398	0.14614	0.71988
656 T	0.14673	0.13352	0.71974
657 T	0.15391	0.12796	0.71813
658 C	0.15511	0.13290	0.71199
659 A	0.15617	0.13959	0.70424
660 A	0.15927	0.14789	0.69284
661 A	0.16301	0.15652	0.68047
662 T	0.17195	0.15540	0.67265
663 T	0.17676	0.16544	0.6578
664 T	0.17312	0.18953	0.63736
665 T	0.15748	0.25680	0.58573
666 A	0.12034	0.34507	0.53459
667 A	0.09325	0.40564	0.5011
668 A	0.07732	0.43595	0.48673
669 T	0.07046	0.44745	0.4821
670 A	0.06342	0.45853	0.47805
671 A	0.06242	0.46124	0.47634
672 A	0.06063	0.46334	0.47603
673 A	0.06054	0.46314	0.47632
674 T	0.05976	0.46353	0.47671
675 T	0.05622	0.46712	0.47666
676 A	0.05022	0.47372	0.47606
677 A	0.04700	0.47792	0.47508
678 A	0.04563	0.48132	0.47306
679 G	0.04510	0.48266	0.47225
680 A	0.04641	0.48146	0.47212
681 T	0.05293	0.47376	0.4733
682 A	0.05682	0.46870	0.47448
683 A	0.06738	0.45728	0.47534
684 A	0.08783	0.43523	0.47693
685 A	0.11354	0.40686	0.47961
686 A	0.14384	0.36858	0.48758
687 A	0.19454	0.29907	0.50639
688 T	0.26036	0.20920	0.53044
689 T	0.30682	0.12979	0.5634
690 T	0.33087	0.08457	0.58455
691 T	0.33572	0.06898	0.59529
692 T	0.32914	0.07237	0.5985
693 A	0.30456	0.09700	0.59845
694 T	0.27822	0.12721	0.59457
695 T	0.22789	0.18899	0.58312
696 A	0.16342	0.27657	0.56002
697 G	0.12630	0.32576	0.54794
698 A	0.10841	0.35449	0.53709
699 A	0.08935	0.37643	0.53422
700 A	0.08239	0.38294	0.53466
701 G	0.08321	0.38123	0.53556
702 T	0.08419	0.37888	0.53693
703 A	0.08378	0.37901	0.53721
704 T	0.08350	0.37844	0.53806
705 T	0.08090	0.38039	0.53871
706 C	0.06946	0.39342	0.53713
707 A	0.05526	0.41865	0.52608
708 A	0.05140	0.43251	0.51609
709 A	0.04985	0.44234	0.50781
710 A	0.04926	0.44607	0.50467
711 T	0.04958	0.44799	0.50243
712 A	0.04973	0.44986	0.50041
713 A	0.05065	0.44754	0.50182
714 A	0.05281	0.44014	0.50705
715 A	0.05762	0.42256	0.51981
716 A	0.06540	0.38627	0.54834
717 A	0.07628	0.34517	0.57856
718 G	0.09587	0.27799	0.62614
719 T	0.12411	0.20630	0.66959
720 T	0.13617	0.17986	0.68396
721 A	0.14314	0.18678	0.67008
722 T	0.14693	0.18582	0.66724
723 T	0.14492	0.20258	0.6525
724 A	0.13826	0.22184	0.6399
725 A	0.13248	0.23538	0.63214
726 A	0.13037	0.23797	0.63166
727 A	0.13031	0.23803	0.63167
728 A	0.13180	0.23408	0.63412
729 A	0.13522	0.21886	0.64592
730 C	0.14596	0.19384	0.66019
731 G	0.15482	0.18275	0.66243
732 T	0.16327	0.17355	0.66318
733 C	0.16624	0.17039	0.66337
734 C	0.16875	0.16837	0.66289
735 T	0.17203	0.16519	0.66279
736 A	0.17323	0.16391	0.66286
737 A	0.17465	0.16241	0.66293
738 A	0.17794	0.15907	0.66299
739 C	0.18583	0.15089	0.66327
740 C	0.19914	0.13720	0.66366
741 T	0.22591	0.11065	0.66344
742 T	0.24591	0.09124	0.66286
743 T	0.25876	0.08030	0.66095
744 T	0.26920	0.07471	0.6561
745 A	0.27381	0.07065	0.65553
746 T	0.28249	0.05777	0.65975
747 T	0.28723	0.04664	0.66613
748 A	0.29008	0.03859	0.67133
749 C	0.29058	0.03518	0.67424
750 A	0.29081	0.03506	0.67413
751 T	0.29180	0.03370	0.67449
752 C	0.29045	0.03488	0.67467
753 T	0.28988	0.03557	0.67456
754 A	0.28864	0.03709	0.67427
755 C	0.28789	0.03839	0.67373
756 A	0.28717	0.04007	0.67276
757 T	0.28689	0.04160	0.67151
758 T	0.28091	0.04808	0.671
759 G	0.27078	0.05792	0.6713
760 C	0.26205	0.06665	0.67129
761 A	0.25343	0.07551	0.67106
762 A	0.25030	0.07866	0.67104
763 C	0.24918	0.07972	0.67111
764 A	0.24922	0.07970	0.67109
765 A	0.24966	0.07923	0.67111
766 G	0.25154	0.07673	0.67173
767 A	0.25605	0.07143	0.67251
768 T	0.25731	0.06872	0.67397
769 G	0.25778	0.06364	0.67858
770 C	0.25865	0.05764	0.68371
771 T	0.25905	0.05523	0.68572
772 T	0.25929	0.05373	0.68697
773 T	0.25970	0.05232	0.68798
774 T	0.25973	0.05188	0.68839
775 C	0.25967	0.05136	0.68897
776 A	0.25969	0.05182	0.68849
777 A	0.25979	0.05162	0.68859
778 A	0.26028	0.05200	0.68772
779 A	0.26115	0.05080	0.68804
780 T	0.26274	0.04854	0.68872
781 T	0.26347	0.03990	0.69664
782 T	0.26346	0.02940	0.70714
783 T	0.26331	0.02067	0.71602
784 T	0.26315	0.01373	0.72313
785 C	0.26294	0.01232	0.72474
786 T	0.26191	0.01488	0.72321
787 A	0.26016	0.01786	0.72197
788 T	0.25926	0.01962	0.72112
789 T	0.25605	0.02459	0.71936
790 G	0.25304	0.02840	0.71856
791 G	0.25153	0.03134	0.71713
792 A	0.25086	0.03256	0.71658
793 G	0.25064	0.03305	0.71631
794 C	0.25062	0.03322	0.71615
795 T	0.25079	0.03478	0.71443
796 C	0.25067	0.03824	0.71109
797 A	0.25053	0.04539	0.70408
798 A	0.25003	0.05257	0.69739
799 A	0.25044	0.05313	0.69643
800 A	0.24973	0.05510	0.69517
801 T	0.25092	0.05450	0.69459
802 A	0.25039	0.05516	0.69444
803 C	0.25002	0.05545	0.69454
804 T	0.24955	0.05612	0.69433
805 A	0.24766	0.05839	0.69395
806 T	0.24392	0.06209	0.69399
807 G	0.23644	0.06961	0.69395
808 A	0.23108	0.07490	0.69402
809 T	0.22709	0.07719	0.69571
810 G	0.21669	0.08566	0.69765
811 A	0.21094	0.09037	0.6987
812 C	0.20977	0.08865	0.70158
813 A	0.20858	0.08836	0.70306
814 G	0.20878	0.08736	0.70386
815 C	0.20951	0.08626	0.70423
816 T	0.21022	0.08556	0.70422
817 C	0.20998	0.08592	0.7041
818 A	0.20972	0.08694	0.70334
819 A	0.21119	0.08556	0.70325
820 A	0.21587	0.08079	0.70334
821 A	0.22092	0.07499	0.70409
822 A	0.22206	0.07319	0.70476
823 C	0.22405	0.06759	0.70836
824 T	0.22501	0.06535	0.70964
825 T	0.22446	0.06445	0.71109
826 T	0.22053	0.06843	0.71103
827 A	0.21310	0.07557	0.71133
828 T	0.20982	0.07742	0.71276
829 G	0.20224	0.07927	0.71849
830 A	0.19693	0.07670	0.72637
831 A	0.19146	0.07560	0.73293
832 G	0.18888	0.07210	0.73901
833 G	0.18784	0.06438	0.74777
834 T	0.18668	0.06320	0.75012
835 G	0.18447	0.06604	0.7495
836 T	0.18343	0.06776	0.7488
837 T	0.18198	0.07319	0.74482
838 G	0.18037	0.08058	0.73905
839 A	0.17957	0.08634	0.73409
840 A	0.17906	0.08820	0.73274
841 A	0.17943	0.08749	0.73308
842 T	0.17953	0.08715	0.73332
843 A	0.17913	0.08869	0.73217
844 G	0.17890	0.08879	0.7323
845 A	0.17880	0.08987	0.73133
846 T	0.17880	0.09039	0.73081
847 A	0.17883	0.09139	0.72978
848 A	0.17914	0.08933	0.73153
849 T	0.18013	0.08268	0.73719
850 T	0.18041	0.07481	0.74478
851 T	0.18029	0.07186	0.74784
852 A	0.17843	0.06890	0.75267
853 A	0.17792	0.06496	0.75712
854 G	0.17790	0.06008	0.76202
855 A	0.17824	0.05744	0.76432
856 A	0.18002	0.05465	0.76533
857 T	0.18559	0.04769	0.76672
858 T	0.18961	0.04357	0.76682
859 G	0.19146	0.04375	0.76479
860 G	0.19494	0.04316	0.7619
861 T	0.20058	0.04261	0.75681
862 T	0.20425	0.04704	0.74872
863 T	0.20523	0.05435	0.74042
864 A	0.20176	0.06598	0.73226
865 A	0.20107	0.06754	0.7314
866 T	0.20222	0.06661	0.73116
867 A	0.20141	0.06753	0.73106
868 A	0.20227	0.06662	0.73111
869 C	0.20343	0.06521	0.73136
870 T	0.20412	0.06462	0.73126
871 T	0.20324	0.06585	0.7309
872 A	0.20025	0.06993	0.72982
873 T	0.19846	0.07251	0.72902
874 A	0.19537	0.07608	0.72854
875 T	0.19338	0.07636	0.73026
876 G	0.18928	0.07991	0.73081
877 A	0.18829	0.08059	0.73112
878 G	0.18804	0.08046	0.73149
879 G	0.18834	0.07994	0.73172
880 A	0.18905	0.07917	0.73178
881 C	0.19314	0.07483	0.73203
882 A	0.19841	0.06947	0.73212
883 G	0.20467	0.06296	0.73238
884 A	0.21207	0.05543	0.7325
885 T	0.22058	0.04650	0.73293
886 T	0.22638	0.04008	0.73354
887 C	0.23105	0.03036	0.73859
888 T	0.23207	0.02754	0.74039
889 T	0.23275	0.02628	0.74096
890 T	0.23299	0.02505	0.74196
891 T	0.23276	0.02500	0.74224
892 A	0.23220	0.02551	0.7423
893 G	0.23198	0.02359	0.74443
894 G	0.23203	0.02192	0.74606
895 A	0.23291	0.01769	0.7494
896 T	0.23375	0.01467	0.75159
897 T	0.23243	0.01332	0.75425
898 T	0.22947	0.01465	0.75588
899 C	0.22359	0.01860	0.75782
900 T	0.21647	0.02956	0.75396
901 G	0.19728	0.05755	0.74517
902 A	0.18738	0.07838	0.73424
903 T	0.18245	0.08875	0.7288
904 G	0.17604	0.10304	0.72093
905 A	0.17186	0.10842	0.71972
906 A	0.17035	0.11044	0.71921
907 T	0.16992	0.11104	0.71905
908 T	0.16963	0.11149	0.71888
909 C	0.16878	0.11248	0.71874
910 T	0.16831	0.11298	0.71871
911 G	0.16772	0.11360	0.71868
912 T	0.16704	0.11430	0.71865
913 A	0.16543	0.11607	0.7185
914 C	0.16388	0.11757	0.71855
915 A	0.16047	0.12115	0.71838
916 A	0.15979	0.12213	0.71808
917 A	0.15943	0.12269	0.71788
918 A	0.15940	0.12273	0.71786
919 A	0.15962	0.12244	0.71793
920 T	0.16032	0.11940	0.72028
921 A	0.16094	0.11563	0.72343
922 A	0.16298	0.10666	0.73036
923 A	0.16787	0.09278	0.73934
924 A	0.17702	0.06273	0.76025
925 T	0.18736	0.04266	0.76997
926 C	0.19199	0.03326	0.77474
927 T	0.19854	0.02440	0.77706
928 T	0.19950	0.02420	0.77631
929 T	0.19968	0.02803	0.77229
930 T	0.19944	0.03315	0.7674
931 A	0.19873	0.04477	0.7565
932 T	0.19629	0.05900	0.74471
933 T	0.18334	0.09186	0.7248
934 A	0.16636	0.11288	0.72076
935 A	0.15279	0.12786	0.71935
936 A	0.14575	0.13375	0.7205
937 A	0.14071	0.13720	0.72209
938 C	0.13830	0.13615	0.72555
939 A	0.13755	0.13651	0.72595
940 C	0.13765	0.13624	0.72611
941 A	0.13797	0.13771	0.72432
942 A	0.13831	0.13923	0.72246
943 T	0.13872	0.13994	0.72134
944 A	0.13891	0.14012	0.72097
945 T	0.13895	0.13988	0.72118
946 G	0.13879	0.13945	0.72176
947 G	0.13891	0.13901	0.72208
948 T	0.13937	0.13832	0.72231
949 C	0.13992	0.13747	0.72261
950 C	0.14167	0.13565	0.72267
951 A	0.14602	0.13165	0.72232
952 G	0.15155	0.12651	0.72194
953 A	0.15705	0.12136	0.72159
954 A	0.16802	0.11013	0.72186
955 T	0.18226	0.09182	0.72592
956 T	0.19945	0.05861	0.74194
957 T	0.20294	0.03819	0.75887
958 T	0.20399	0.02553	0.77048
959 T	0.20341	0.02171	0.77488
960 A	0.19882	0.02450	0.77667
961 G	0.19427	0.02906	0.77668
962 G	0.18549	0.03806	0.77644
963 C	0.17888	0.04541	0.77571
964 A	0.17425	0.05457	0.77117
965 A	0.17333	0.06185	0.76482
966 T	0.17246	0.06386	0.76368
967 G	0.16668	0.07199	0.76133
968 T	0.16202	0.07969	0.7583
969 T	0.15647	0.09036	0.75317
970 C	0.14464	0.10753	0.74783
971 A	0.13442	0.12713	0.73846
972 A	0.12750	0.13959	0.7329
973 A	0.12031	0.14742	0.73227
974 C	0.11298	0.15508	0.73194
975 A	0.10472	0.16377	0.73151
976 T	0.09841	0.17044	0.73114
977 C	0.09060	0.17847	0.73093
978 A	0.08414	0.18561	0.73026
979 C	0.08160	0.18837	0.73002
980 A	0.08079	0.18950	0.7297
981 A	0.08041	0.19004	0.72954
982 T	0.08131	0.18894	0.72976
983 A	0.08281	0.18412	0.73306
984 T	0.08534	0.17834	0.73633
985 A	0.08523	0.16966	0.74511
986 A	0.08573	0.16262	0.75165
987 T	0.08889	0.15339	0.75771
988 A	0.09217	0.15127	0.75656
989 A	0.09323	0.15162	0.75515
990 A	0.09589	0.14664	0.75748
991 A	0.09960	0.14044	0.75997
992 A	0.10522	0.12958	0.7652
993 T	0.11156	0.11210	0.77634
994 A	0.11725	0.10333	0.77942
995 A	0.11790	0.10213	0.77997
996 A	0.11555	0.10553	0.77893
997 A	0.11575	0.10599	0.77825
998 A	0.11628	0.09938	0.78433
999 T	0.11707	0.09425	0.78868
1000 A	0.11691	0.09004	0.79305
1001 T	0.11753	0.08507	0.7974
1002 T	0.11488	0.08826	0.79686
1003 A	0.11083	0.09687	0.7923
1004 G	0.10720	0.10063	0.79217
1005 T	0.10494	0.10437	0.79069
1006 G	0.10057	0.10843	0.79099
1007 A	0.09726	0.11136	0.79138
1008 C	0.09671	0.11051	0.79277
1009 G	0.09711	0.10979	0.7931
1010 C	0.09809	0.10861	0.7933
1011 C	0.10195	0.10481	0.79323
1012 C	0.10545	0.10202	0.79254
1013 A	0.10856	0.10001	0.79142
1014 T	0.11206	0.09728	0.79066
1015 G	0.11254	0.09696	0.79051
1016 A	0.11393	0.09557	0.7905
1017 A	0.11910	0.08912	0.79178
1018 G	0.12494	0.07864	0.79642
1019 C	0.13340	0.06615	0.80045
1020 T	0.14318	0.05607	0.80075
1021 A	0.14580	0.05444	0.79976
1022 T	0.14850	0.05332	0.79818
1023 T	0.14548	0.05817	0.79635
1024 A	0.14200	0.06438	0.79362
1025 G	0.14053	0.06286	0.79661
1026 A	0.14333	0.05776	0.79891
1027 G	0.14434	0.05279	0.80287
1028 T	0.14660	0.04849	0.80491
1029 A	0.14653	0.04526	0.80821
1030 A	0.14618	0.04308	0.81075
1031 C	0.14544	0.04281	0.81175
1032 T	0.14130	0.05075	0.80796
1033 G	0.13845	0.06128	0.80027
1034 A	0.13734	0.06869	0.79398
1035 T	0.13737	0.07129	0.79134
1036 A	0.13644	0.07500	0.78856
1037 T	0.13538	0.07744	0.78718
1038 T	0.13079	0.08429	0.78492
1039 A	0.12738	0.09254	0.78009
1040 A	0.12550	0.09720	0.7773
1041 A	0.12457	0.10129	0.77413
1042 A	0.12418	0.10199	0.77383
1043 G	0.12461	0.10129	0.7741
1044 A	0.12573	0.09893	0.77533
1045 A	0.12763	0.09498	0.77739
1046 C	0.12997	0.08700	0.78304
1047 T	0.13277	0.08125	0.78598
1048 C	0.13354	0.07848	0.78798
1049 C	0.13466	0.07674	0.7886
1050 T	0.13471	0.07693	0.78836
1051 G	0.13385	0.07822	0.78793
1052 A	0.13376	0.07848	0.78776
1053 G	0.13433	0.07797	0.7877
1054 A	0.13551	0.07680	0.78769
1055 G	0.14017	0.06880	0.79103
1056 T	0.14975	0.05688	0.79338
1057 T	0.15559	0.04957	0.79484
1058 T	0.15734	0.04756	0.79511
1059 A	0.15794	0.04831	0.79374
1060 A	0.15888	0.04985	0.79127
1061 C	0.16097	0.04832	0.79071
1062 T	0.16486	0.05023	0.78491
1063 A	0.16475	0.05730	0.77795
1064 A	0.16649	0.06202	0.77149
1065 A	0.16691	0.06433	0.76875
1066 T	0.16765	0.06476	0.76758
1067 A	0.16739	0.06541	0.76721
1068 T	0.16736	0.06530	0.76734
1069 T	0.16726	0.06566	0.76708
1070 T	0.16703	0.06677	0.7662
1071 A	0.16599	0.06843	0.76559
1072 A	0.16483	0.07021	0.76496
1073 A	0.16430	0.07097	0.76474
1074 T	0.16411	0.07095	0.76494
1075 A	0.16228	0.07437	0.76335
1076 A	0.16173	0.07455	0.76372
1077 A	0.16224	0.07374	0.76401
1078 T	0.16430	0.07108	0.76462
1079 A	0.16494	0.07010	0.76496
1080 C	0.16579	0.06838	0.76583
1081 G	0.16739	0.06652	0.76608
1082 A	0.17177	0.06176	0.76647
1083 A	0.17788	0.05512	0.76699
1084 T	0.18820	0.04415	0.76764
1085 T	0.19612	0.03572	0.76816
1086 T	0.20267	0.02658	0.77075
1087 T	0.20604	0.02168	0.77228
1088 C	0.20718	0.01987	0.77295
1089 T	0.20811	0.01926	0.77263
1090 T	0.20874	0.01978	0.77147
1091 T	0.20911	0.02018	0.77072
1092 A	0.20920	0.02108	0.76972
1093 T	0.21004	0.02092	0.76905
1094 A	0.21035	0.02039	0.76925
1095 T	0.21113	0.01888	0.76999
1096 A	0.21140	0.01836	0.77023
1097 A	0.21190	0.01749	0.77062
1098 T	0.21347	0.01433	0.7722
1099 A	0.21339	0.01404	0.77257
1100 T	0.21349	0.01382	0.7727
1101 G	0.21343	0.01455	0.77201
1102 A	0.21346	0.01588	0.77067
1103 T	0.21353	0.01615	0.77032
1104 T	0.21339	0.01670	0.7699
1105 T	0.21303	0.01756	0.76942
1106 A	0.21243	0.01848	0.76908
1107 T	0.21197	0.01897	0.76906
1108 G	0.21124	0.01972	0.76903
1109 A	0.21102	0.01997	0.76901
1110 A	0.21101	0.01994	0.76905
1111 C	0.21130	0.01947	0.76923
1112 G	0.21193	0.01882	0.76926
1113 T	0.21372	0.01701	0.76927
1114 A	0.21459	0.01614	0.76927
1115 C	0.21565	0.01490	0.76945
1116 T	0.21655	0.01410	0.76935
1117 T	0.21727	0.01312	0.76961
1118 T	0.21766	0.01255	0.76979
1119 A	0.21791	0.01211	0.76997
1120 G	0.21821	0.01153	0.77026
1121 C	0.21878	0.01051	0.77071
1122 T	0.21951	0.00961	0.77088
1123 A	0.21997	0.00914	0.7709
1124 G	0.22109	0.00789	0.77101
1125 T	0.22288	0.00602	0.7711
1126 T	0.22329	0.00567	0.77104
1127 T	0.22346	0.00518	0.77136
1128 T	0.22345	0.00490	0.77166
1129 A	0.22299	0.00490	0.77211
1130 T	0.22230	0.00523	0.77247
1131 G	0.21975	0.00745	0.77279
1132 T	0.21763	0.01001	0.77236
1133 C	0.21520	0.01290	0.7719
1134 A	0.21391	0.01605	0.77005
1135 G	0.21265	0.01767	0.76968
1136 A	0.21203	0.01886	0.76911
1137 T	0.21184	0.01921	0.76895
1138 G	0.21161	0.01962	0.76877
1139 C	0.21145	0.01984	0.7687
1140 T	0.21128	0.02035	0.76838
1141 G	0.21107	0.02082	0.76812
1142 T	0.21098	0.02111	0.76791
1143 T	0.21080	0.02148	0.76773
1144 A	0.21039	0.02213	0.76748
1145 T	0.21028	0.02231	0.76742
1146 T	0.20972	0.02304	0.76725
1147 A	0.20816	0.02505	0.76678
1148 A	0.20688	0.02710	0.76602
1149 T	0.20589	0.02895	0.76515
1150 A	0.20362	0.03227	0.76411
1151 A	0.20225	0.03430	0.76345
1152 A	0.20163	0.03441	0.76396
1153 A	0.20129	0.03374	0.76497
1154 A	0.20150	0.03080	0.76771
1155 T	0.20208	0.02790	0.77002
1156 C	0.20222	0.02597	0.77181
1157 A	0.20340	0.02618	0.77042
1158 A	0.20380	0.02588	0.77031
1159 T	0.20454	0.02575	0.76972
1160 T	0.20475	0.02608	0.76917
1161 T	0.20479	0.02690	0.76831
1162 T	0.20457	0.02875	0.76668
1163 T	0.20433	0.03053	0.76514
1164 G	0.20372	0.03240	0.76389
1165 T	0.20345	0.03403	0.76251
1166 T	0.20296	0.03525	0.7618
1167 T	0.20213	0.03659	0.76127
1168 A	0.20126	0.03796	0.76078
1169 A	0.20070	0.03819	0.76112
1170 A	0.20078	0.03675	0.76247
1171 G	0.20159	0.03456	0.76386
1172 T	0.20269	0.03249	0.76482
1173 A	0.20356	0.03024	0.7662
1174 G	0.20426	0.02851	0.76723
1175 A	0.20439	0.02845	0.76716
1176 T	0.20464	0.02843	0.76693
1177 A	0.20460	0.02912	0.76629
1178 A	0.20489	0.02909	0.76603
1179 A	0.20567	0.02847	0.76587
1180 T	0.20809	0.02631	0.7656
1181 A	0.20894	0.02579	0.76528
1182 T	0.21039	0.02471	0.7649
1183 A	0.21015	0.02605	0.7638
1184 A	0.21078	0.02608	0.76314
1185 T	0.21299	0.02426	0.76274
1186 T	0.21370	0.02381	0.76249
1187 T	0.21271	0.02535	0.76193
1188 T	0.20887	0.03036	0.76076
1189 T	0.20195	0.03695	0.7611
1190 T	0.19018	0.04820	0.76162
1191 A	0.16956	0.06839	0.76204
1192 G	0.15710	0.08035	0.76255
1193 C	0.15088	0.08634	0.76278
1194 C	0.14517	0.09207	0.76276
1195 G	0.14062	0.09668	0.7627
1196 A	0.13635	0.10097	0.76269
1197 A	0.13426	0.10307	0.76266
1198 G	0.13357	0.10379	0.76265
1199 C	0.13379	0.10355	0.76266
1200 C	0.13435	0.10292	0.76274
1201 A	0.13439	0.10314	0.76247
1202 A	0.13472	0.10288	0.7624
1203 T	0.13528	0.10230	0.76242
1204 G	0.13527	0.10232	0.7624
1205 A	0.13578	0.10173	0.76249
1206 A	0.13707	0.09911	0.76383
1207 A	0.13821	0.09632	0.76546
1208 T	0.13952	0.09130	0.76919
1209 G	0.14024	0.08528	0.77449
1210 G	0.14139	0.07862	0.77999
1211 T	0.14275	0.06993	0.78731
1212 T	0.14296	0.06177	0.79527
1213 T	0.14298	0.05165	0.80537
1214 T	0.14297	0.03669	0.82034
1215 T	0.14283	0.02819	0.82898
1216 G	0.14232	0.02549	0.8322
1217 A	0.14193	0.02632	0.83176
1218 A	0.14169	0.02984	0.82847
1219 G	0.14164	0.03079	0.82756
1220 G	0.14167	0.03321	0.82511
1221 T	0.14180	0.03591	0.82229
1222 T	0.14184	0.04187	0.8163
1223 A	0.14184	0.05095	0.80721
1224 T	0.14202	0.05469	0.80329
1225 T	0.14203	0.05873	0.79924
1226 A	0.14194	0.06422	0.79384
1227 T	0.14151	0.07125	0.78725
1228 A	0.14034	0.07610	0.78355
1229 A	0.13949	0.08175	0.77876
1230 A	0.13855	0.08758	0.77386
1231 G	0.13768	0.09316	0.76916
1232 C	0.13748	0.09654	0.76597
1233 T	0.13767	0.11007	0.75226
1234 T	0.13757	0.12055	0.74188
1235 T	0.13720	0.12882	0.73399
1236 A	0.13642	0.13762	0.72595
1237 A	0.13630	0.13856	0.72514
1238 A	0.13683	0.13821	0.72496
1239 A	0.13862	0.13607	0.7253
1240 A	0.14369	0.13059	0.72573
1241 C	0.15270	0.12126	0.72604
1242 T	0.16143	0.11250	0.72607
1243 T	0.16747	0.10658	0.72596
1244 C	0.17050	0.10366	0.72584
1245 A	0.17494	0.09962	0.72544
1246 T	0.18124	0.09345	0.72531
1247 T	0.18407	0.09071	0.72522
1248 T	0.18646	0.08845	0.72509
1249 A	0.18927	0.08571	0.72502
1250 A	0.19429	0.08024	0.72547
1251 A	0.19795	0.07549	0.72657
1252 A	0.20451	0.06806	0.72743
1253 A	0.21401	0.05760	0.72839
1254 T	0.22653	0.04392	0.72954
1255 G	0.23231	0.03765	0.73003
1256 T	0.24696	0.02271	0.73033
1257 T	0.25415	0.01532	0.73053
1258 T	0.25883	0.01054	0.73063
1259 T	0.26228	0.00684	0.73088
1260 T	0.26121	0.00780	0.73099
1261 T	0.25742	0.01153	0.73106
1262 T	0.24912	0.01987	0.73101
1263 A	0.24084	0.02815	0.73101
1264 C	0.23557	0.03342	0.73101
1265 C	0.22927	0.03984	0.73089
1266 T	0.22559	0.04371	0.73069
1267 C	0.21997	0.04964	0.73039
1268 T	0.21589	0.05441	0.72969
1269 T	0.20493	0.06600	0.72907
1270 T	0.18885	0.08288	0.72826
1271 T	0.16791	0.10434	0.72775
1272 A	0.13489	0.13776	0.72735
1273 G	0.11506	0.15771	0.72723
1274 A	0.10012	0.17270	0.72718
1275 A	0.08770	0.18510	0.72721
1276 A	0.07730	0.19557	0.72713
1277 T	0.07204	0.20096	0.72699
1278 A	0.06106	0.21249	0.72644
1279 A	0.05159	0.22263	0.72577
1280 A	0.04757	0.22711	0.72532
1281 T	0.04527	0.22947	0.72525
1282 A	0.04153	0.23325	0.72521
1283 A	0.03992	0.23289	0.72719
1284 A	0.03900	0.22990	0.7311
1285 G	0.03837	0.22235	0.73928
1286 A	0.03809	0.21674	0.74517
1287 A	0.03802	0.21305	0.74892
1288 T	0.03794	0.20627	0.75579
1289 A	0.03719	0.20345	0.75936
1290 T	0.03715	0.19624	0.7666
1291 A	0.03674	0.19066	0.7726
1292 G	0.03703	0.17231	0.79066
1293 T	0.03759	0.15483	0.80757
1294 T	0.03764	0.13831	0.82405
1295 A	0.03716	0.12275	0.8401
1296 T	0.03680	0.11230	0.8509
1297 A	0.03507	0.11926	0.84567
1298 A	0.03372	0.12471	0.84157
1299 A	0.03284	0.13491	0.83225
1300 G	0.03259	0.13537	0.83204
1301 A	0.03301	0.12753	0.83946
1302 G	0.03371	0.11959	0.8467
1303 A	0.03454	0.11908	0.84638
1304 T	0.03556	0.11866	0.84578
1305 C	0.03622	0.12076	0.84302
1306 G	0.03672	0.13586	0.82742
1307 A	0.03725	0.14742	0.81533
1308 A	0.03783	0.15689	0.80529
1309 A	0.03884	0.16699	0.79417
1310 T	0.04067	0.18050	0.77883
1311 A	0.04166	0.20116	0.75718
1312 A	0.04333	0.21398	0.74269
1313 T	0.04569	0.21738	0.73693
1314 T	0.04672	0.22467	0.72861
1315 A	0.04717	0.23567	0.71717
1316 A	0.04824	0.24155	0.7102
1317 A	0.05070	0.24295	0.70635
1318 A	0.05516	0.24203	0.7028
1319 A	0.06148	0.23651	0.70202
1320 A	0.07901	0.21811	0.70288
1321 A	0.09462	0.20133	0.70405
1322 T	0.11222	0.18279	0.70499
1323 G	0.11640	0.17817	0.70543
1324 A	0.11930	0.17512	0.70558
1325 C	0.12472	0.16957	0.70571
1326 C	0.13216	0.16211	0.70573
1327 A	0.13802	0.15624	0.70573
1328 C	0.14668	0.14759	0.70574
1329 T	0.16132	0.13297	0.70571
