# lcl|CP097583.1_cds_USQ93399.1_1
# AA	inside	membr	outside
1 A	0.24490	0.00000	0.75509
2 T	0.24369	0.00121	0.75509
3 G	0.24278	0.00212	0.75509
4 G	0.24278	0.06828	0.68893
5 A	0.21914	0.16084	0.62002
6 A	0.21914	0.17250	0.60836
7 A	0.13323	0.26330	0.60347
8 A	0.13323	0.26345	0.60332
9 A	0.12447	0.27508	0.60045
10 A	0.12445	0.54584	0.32971
11 A	0.12183	0.56172	0.31644
12 T	0.08581	0.60467	0.30952
13 A	0.04484	0.65467	0.30049
14 A	0.04483	0.65468	0.30049
15 G	0.04483	0.68108	0.27409
16 A	0.04462	0.68129	0.27409
17 C	0.04435	0.68220	0.27345
18 T	0.04433	0.68282	0.27285
19 A	0.04331	0.68429	0.27239
20 A	0.03608	0.69604	0.26788
21 A	0.02922	0.70287	0.26791
22 C	0.03018	0.70202	0.2678
23 A	0.03271	0.70020	0.26709
24 T	0.04214	0.69108	0.26678
25 A	0.04707	0.68492	0.26801
26 A	0.05083	0.68046	0.26871
27 T	0.09966	0.62982	0.27052
28 A	0.13451	0.57477	0.29072
29 A	0.14209	0.56355	0.29436
30 A	0.15123	0.48169	0.36709
31 A	0.15555	0.47368	0.37077
32 A	0.16499	0.45305	0.38196
33 A	0.40331	0.20669	0.39
34 A	0.42179	0.18124	0.39697
35 C	0.44214	0.12341	0.43446
36 T	0.45948	0.08188	0.45864
37 C	0.46405	0.07651	0.45943
38 A	0.48511	0.05578	0.45911
39 A	0.48974	0.05329	0.45697
40 T	0.49859	0.04453	0.45688
41 T	0.50088	0.04161	0.45751
42 T	0.50331	0.03844	0.45824
43 G	0.50659	0.02748	0.46593
44 T	0.50746	0.02230	0.47024
45 A	0.50764	0.02208	0.47029
46 T	0.50899	0.02009	0.47093
47 T	0.50980	0.01921	0.471
48 T	0.51064	0.01800	0.47136
49 T	0.51089	0.01793	0.47118
50 T	0.51098	0.01785	0.47118
51 T	0.51083	0.01722	0.47195
52 T	0.50986	0.01796	0.47218
53 T	0.50790	0.01972	0.47239
54 A	0.50608	0.02226	0.47166
55 T	0.50550	0.02301	0.47149
56 T	0.50439	0.02411	0.4715
57 T	0.50307	0.02590	0.47103
58 A	0.50125	0.02827	0.47049
59 T	0.50092	0.02873	0.47035
60 A	0.50021	0.03000	0.46979
61 A	0.50048	0.02984	0.46967
62 T	0.50308	0.02682	0.4701
63 T	0.50375	0.02620	0.47005
64 T	0.50414	0.02574	0.47012
65 T	0.50434	0.02557	0.47008
66 A	0.50421	0.02589	0.4699
67 T	0.50552	0.02460	0.46989
68 T	0.50604	0.02391	0.47005
69 A	0.50610	0.02398	0.46992
70 T	0.50673	0.02321	0.47007
71 T	0.50715	0.02256	0.47029
72 T	0.50753	0.02186	0.47061
73 A	0.50770	0.02124	0.47106
74 T	0.50807	0.02012	0.47181
75 T	0.50840	0.01877	0.47283
76 A	0.50876	0.01683	0.47441
77 T	0.51000	0.01372	0.47628
78 G	0.51051	0.01211	0.47737
79 T	0.51097	0.01056	0.47847
80 T	0.51146	0.00922	0.47932
81 G	0.51186	0.00799	0.48016
82 A	0.51212	0.00794	0.47994
83 T	0.51293	0.00676	0.48031
84 T	0.51323	0.00654	0.48023
85 T	0.51326	0.00670	0.48003
86 T	0.51304	0.00724	0.47972
87 A	0.51252	0.00796	0.47953
88 G	0.51241	0.00789	0.4797
89 G	0.51244	0.00786	0.4797
90 T	0.51272	0.00815	0.47913
91 T	0.51282	0.00923	0.47794
92 T	0.51199	0.01224	0.47577
93 T	0.51020	0.01642	0.47338
94 T	0.50760	0.01932	0.47308
95 T	0.50226	0.02526	0.47247
96 G	0.49377	0.03441	0.47182
97 A	0.48771	0.04064	0.47165
98 C	0.48463	0.04367	0.4717
99 A	0.47862	0.04976	0.47162
100 T	0.47103	0.05744	0.47154
101 C	0.46340	0.06511	0.4715
102 C	0.45981	0.06899	0.4712
103 G	0.45801	0.07141	0.47058
104 A	0.45766	0.07216	0.47017
105 T	0.45811	0.07190	0.46999
106 T	0.45831	0.07196	0.46973
107 T	0.45826	0.07227	0.46947
108 A	0.45771	0.07284	0.46946
109 T	0.45768	0.07263	0.46969
110 T	0.45720	0.07277	0.47003
111 A	0.45658	0.07334	0.47008
112 A	0.45652	0.07316	0.47031
113 A	0.45691	0.07246	0.47063
114 A	0.45805	0.07058	0.47137
115 T	0.46038	0.06611	0.47351
116 T	0.46234	0.06171	0.47595
117 A	0.46229	0.05931	0.4784
118 A	0.46258	0.05477	0.48264
119 A	0.46275	0.04748	0.48978
120 T	0.46263	0.04152	0.49585
121 A	0.46222	0.03877	0.49901
122 A	0.46122	0.03416	0.50463
123 T	0.46122	0.02728	0.5115
124 G	0.46034	0.02333	0.51634
125 T	0.45952	0.02342	0.51706
126 T	0.45731	0.02873	0.51397
127 T	0.45322	0.03675	0.51003
128 G	0.44918	0.04472	0.5061
129 G	0.44793	0.04957	0.50251
130 T	0.44751	0.05176	0.50073
131 T	0.44663	0.05420	0.49917
132 T	0.44421	0.05690	0.49889
133 T	0.44008	0.06118	0.49874
134 T	0.43521	0.06604	0.49874
135 A	0.42543	0.07572	0.49886
136 C	0.42069	0.08032	0.49898
137 A	0.41652	0.08537	0.49811
138 A	0.41359	0.08964	0.49676
139 C	0.41217	0.09141	0.49642
140 A	0.41063	0.09409	0.49528
141 A	0.40993	0.09525	0.49482
142 A	0.41000	0.09507	0.49493
143 T	0.41031	0.09463	0.49506
144 G	0.41041	0.09426	0.49533
145 G	0.41118	0.09186	0.49695
146 A	0.41260	0.08994	0.49746
147 A	0.41583	0.08551	0.49866
148 A	0.41998	0.07978	0.50025
149 T	0.42800	0.06828	0.50372
150 T	0.43277	0.05865	0.50858
151 T	0.43572	0.05186	0.51242
152 T	0.43724	0.04908	0.51367
153 T	0.43755	0.04749	0.51495
154 A	0.43768	0.04580	0.51652
155 T	0.43766	0.04067	0.52167
156 T	0.43714	0.03727	0.52558
157 G	0.43632	0.03512	0.52856
158 G	0.43545	0.03411	0.53045
159 A	0.43303	0.04574	0.52122
160 A	0.43294	0.04803	0.51904
161 T	0.43385	0.04633	0.51982
162 G	0.43367	0.04751	0.51883
163 T	0.43451	0.04884	0.51665
164 T	0.43433	0.05165	0.51402
165 A	0.43370	0.05489	0.51141
166 T	0.43360	0.05596	0.51044
167 T	0.43329	0.05751	0.5092
168 A	0.43243	0.05927	0.5083
169 T	0.43201	0.06014	0.50785
170 T	0.43135	0.06120	0.50745
171 A	0.43052	0.06255	0.50692
172 A	0.43028	0.06281	0.50691
173 T	0.43027	0.06271	0.50702
174 A	0.43002	0.06279	0.50719
175 T	0.43036	0.06203	0.50761
176 C	0.43042	0.06138	0.5082
177 A	0.43089	0.06070	0.50841
178 G	0.43170	0.05952	0.50879
179 T	0.43401	0.05668	0.50931
180 A	0.43550	0.05462	0.50988
181 A	0.43992	0.04957	0.51052
182 T	0.45387	0.03270	0.51342
183 T	0.46030	0.02524	0.51445
184 T	0.46211	0.02312	0.51477
185 A	0.46322	0.02220	0.51457
186 T	0.46630	0.01876	0.51494
187 T	0.46850	0.01614	0.51535
188 T	0.47023	0.01374	0.51603
189 T	0.46978	0.01390	0.51632
190 T	0.46946	0.01395	0.51659
191 T	0.46829	0.01472	0.51699
192 T	0.46513	0.01774	0.51713
193 G	0.46096	0.02159	0.51745
194 T	0.45757	0.02465	0.51778
195 T	0.45361	0.02848	0.51792
196 T	0.44803	0.03392	0.51805
197 T	0.44405	0.03768	0.51827
198 A	0.43736	0.04441	0.51824
199 C	0.43383	0.04777	0.5184
200 C	0.43080	0.05113	0.51807
201 T	0.42840	0.05421	0.51739
202 G	0.41727	0.06600	0.51673
203 A	0.41089	0.07319	0.51592
204 A	0.40713	0.07752	0.51534
205 A	0.40502	0.08008	0.51491
206 A	0.40407	0.08128	0.51465
207 A	0.40385	0.08167	0.51447
208 T	0.40470	0.08048	0.51482
209 T	0.40454	0.08042	0.51505
210 T	0.40318	0.08226	0.51456
211 A	0.39985	0.08771	0.51244
212 T	0.39836	0.08848	0.51317
213 T	0.39558	0.09099	0.51343
214 A	0.38972	0.09642	0.51385
215 T	0.38553	0.09703	0.51744
216 A	0.37399	0.10415	0.52187
217 G	0.36647	0.10588	0.52765
218 G	0.35394	0.11265	0.53341
219 C	0.34932	0.11150	0.53918
220 G	0.34711	0.11192	0.54098
221 G	0.34602	0.11019	0.54379
222 A	0.34540	0.10940	0.5452
223 T	0.34555	0.10717	0.54728
224 T	0.34412	0.10771	0.54818
225 A	0.34192	0.10239	0.55569
226 G	0.33922	0.10273	0.55805
227 A	0.33803	0.10339	0.55858
228 A	0.33748	0.10436	0.55815
229 A	0.33619	0.10664	0.55717
230 G	0.33618	0.10764	0.55618
231 T	0.33593	0.10840	0.55567
232 A	0.33449	0.11006	0.55545
233 A	0.32807	0.11588	0.55606
234 T	0.32562	0.11325	0.56112
235 C	0.32360	0.11210	0.56431
236 T	0.32216	0.11203	0.56582
237 A	0.31911	0.11288	0.56801
238 A	0.31793	0.11071	0.57137
239 T	0.31770	0.10159	0.58071
240 T	0.31742	0.09594	0.58664
241 T	0.31680	0.08426	0.59894
242 T	0.31586	0.08064	0.6035
243 T	0.31464	0.07963	0.60573
244 T	0.31277	0.08030	0.60692
245 T	0.31148	0.08059	0.60793
246 A	0.31022	0.08113	0.60865
247 G	0.31054	0.07851	0.61094
248 A	0.31331	0.07391	0.61278
249 T	0.31749	0.06654	0.61596
250 C	0.31996	0.06251	0.61753
251 A	0.32191	0.06005	0.61805
252 A	0.32379	0.05656	0.61965
253 A	0.32602	0.05373	0.62025
254 T	0.32832	0.04978	0.6219
255 A	0.33014	0.04661	0.62325
256 T	0.33414	0.03338	0.63248
257 T	0.33610	0.02399	0.63992
258 T	0.33681	0.02053	0.64265
259 T	0.33716	0.01797	0.64486
260 T	0.33717	0.01667	0.64616
261 T	0.33677	0.01743	0.64581
262 T	0.33547	0.02082	0.64371
263 T	0.33224	0.03108	0.63667
264 T	0.32429	0.05272	0.623
265 G	0.30388	0.10061	0.59552
266 A	0.23310	0.22647	0.54044
267 T	0.19453	0.28463	0.52084
268 A	0.10889	0.40493	0.48618
269 A	0.06754	0.46258	0.46988
270 A	0.04408	0.49304	0.46289
271 A	0.03351	0.50708	0.45942
272 A	0.03001	0.51202	0.45797
273 A	0.02865	0.51330	0.45804
274 A	0.02818	0.51361	0.4582
275 A	0.02796	0.51370	0.45833
276 T	0.02782	0.51375	0.45842
277 C	0.02736	0.51421	0.45843
278 A	0.02726	0.51445	0.45829
279 A	0.02725	0.51447	0.45828
280 A	0.02732	0.51438	0.4583
281 A	0.02751	0.51412	0.45837
282 A	0.02807	0.51337	0.45856
283 C	0.02961	0.50970	0.46069
284 A	0.03141	0.50700	0.46159
285 A	0.03599	0.50016	0.46385
286 A	0.04766	0.48484	0.4675
287 A	0.06685	0.45847	0.47468
288 A	0.10032	0.40804	0.49164
289 T	0.16089	0.26592	0.57318
290 A	0.17921	0.20409	0.6167
291 T	0.21056	0.09216	0.69728
292 T	0.22185	0.06043	0.71772
293 T	0.22468	0.05284	0.72249
294 T	0.22401	0.06995	0.70604
295 T	0.21859	0.09137	0.69004
296 T	0.21425	0.09656	0.68919
297 T	0.19867	0.11190	0.68944
298 A	0.17937	0.13176	0.68887
299 G	0.16489	0.14605	0.68905
300 C	0.14552	0.16597	0.6885
301 C	0.12903	0.18392	0.68705
302 A	0.12040	0.19650	0.6831
303 A	0.11253	0.21752	0.66995
304 A	0.11005	0.22940	0.66055
305 A	0.10874	0.24961	0.64165
306 T	0.10750	0.26525	0.62725
307 A	0.10427	0.28363	0.6121
308 A	0.10147	0.29506	0.60347
309 T	0.09973	0.29888	0.60139
310 A	0.09824	0.30397	0.5978
311 A	0.09783	0.30618	0.59598
312 G	0.10020	0.30540	0.5944
313 A	0.10686	0.29974	0.59339
314 T	0.12025	0.28614	0.5936
315 T	0.13818	0.26727	0.59455
316 A	0.14925	0.25496	0.59579
317 T	0.16409	0.23582	0.60009
318 T	0.17213	0.22001	0.60787
319 A	0.17251	0.21369	0.61381
320 T	0.17268	0.19733	0.62998
321 T	0.17247	0.18143	0.64609
322 A	0.17088	0.17249	0.65662
323 T	0.17142	0.15682	0.67177
324 A	0.17107	0.14730	0.68163
325 A	0.17345	0.13881	0.68774
326 G	0.18372	0.12187	0.69441
327 A	0.19343	0.11099	0.69559
328 A	0.21175	0.09133	0.69692
329 G	0.22903	0.07224	0.69872
330 T	0.24768	0.05074	0.70158
331 T	0.25640	0.03988	0.70372
332 T	0.25847	0.03658	0.70496
333 A	0.25970	0.03461	0.70569
334 A	0.26079	0.03316	0.70604
335 T	0.26296	0.03053	0.7065
336 T	0.26438	0.02937	0.70625
337 T	0.26477	0.03005	0.70518
338 T	0.26474	0.03121	0.70405
339 A	0.26452	0.03207	0.70341
340 T	0.26463	0.03197	0.7034
341 T	0.26476	0.03140	0.70385
342 A	0.26459	0.03099	0.70442
343 T	0.26523	0.02941	0.70535
344 T	0.26654	0.02652	0.70694
345 C	0.26691	0.02398	0.70911
346 G	0.26741	0.02280	0.70979
347 C	0.26949	0.01987	0.71064
348 T	0.27076	0.01871	0.71053
349 G	0.27120	0.01857	0.71023
350 T	0.27263	0.01767	0.7097
351 T	0.27348	0.01752	0.709
352 T	0.27437	0.01759	0.70804
353 T	0.27497	0.01877	0.70627
354 T	0.27513	0.02183	0.70304
355 A	0.27481	0.02270	0.70249
356 A	0.27398	0.02348	0.70253
357 T	0.27280	0.02435	0.70284
358 G	0.27194	0.02625	0.70182
359 C	0.27210	0.02678	0.70113
360 A	0.27253	0.02939	0.69808
361 T	0.27325	0.02993	0.69683
362 T	0.27275	0.03243	0.69481
363 T	0.26463	0.04531	0.69006
364 A	0.24318	0.07915	0.67767
365 A	0.23167	0.10312	0.66522
366 A	0.22017	0.13093	0.6489
367 G	0.21441	0.13763	0.64795
368 A	0.21186	0.14072	0.64742
369 A	0.21047	0.14167	0.64786
370 A	0.20993	0.14173	0.64834
371 C	0.20972	0.14154	0.64874
372 G	0.20971	0.14141	0.64888
373 C	0.21022	0.14082	0.64896
374 C	0.21113	0.13992	0.64895
375 G	0.21203	0.13910	0.64887
376 A	0.21367	0.13747	0.64886
377 A	0.21660	0.13441	0.64899
378 T	0.21764	0.13303	0.64933
379 G	0.21828	0.13121	0.65051
380 C	0.21938	0.12773	0.65289
381 T	0.22096	0.12510	0.65394
382 A	0.22195	0.12380	0.65425
383 T	0.22486	0.12026	0.65488
384 A	0.22599	0.11929	0.65472
385 A	0.22722	0.11755	0.65523
386 A	0.23099	0.10437	0.66465
387 G	0.24253	0.07101	0.68646
388 A	0.25518	0.04706	0.69777
389 T	0.27181	0.01951	0.70868
390 T	0.27291	0.01528	0.71181
391 T	0.27314	0.01685	0.71001
392 T	0.27261	0.02022	0.70717
393 A	0.27155	0.02762	0.70083
394 A	0.27117	0.02814	0.70069
395 T	0.27093	0.02829	0.70078
396 T	0.27074	0.02889	0.70038
397 T	0.27047	0.02910	0.70043
398 C	0.26956	0.02991	0.70053
399 A	0.26867	0.03082	0.70051
400 T	0.26832	0.03117	0.70051
401 C	0.26778	0.03173	0.70048
402 C	0.26765	0.03190	0.70045
403 G	0.26769	0.03201	0.7003
404 T	0.26792	0.03184	0.70024
405 A	0.26811	0.03170	0.7002
406 A	0.26840	0.03141	0.70019
407 T	0.26930	0.03019	0.70051
408 A	0.26976	0.02877	0.70148
409 T	0.27047	0.02714	0.70239
410 T	0.27116	0.02594	0.7029
411 T	0.27163	0.02519	0.70318
412 A	0.27207	0.02458	0.70335
413 G	0.27407	0.02187	0.70407
414 T	0.27764	0.01770	0.70465
415 G	0.28094	0.01402	0.70504
416 T	0.28711	0.00759	0.7053
417 T	0.28749	0.00861	0.7039
418 T	0.28756	0.00952	0.70291
419 T	0.28728	0.01195	0.70077
420 A	0.28674	0.01406	0.6992
421 T	0.28658	0.01347	0.69996
422 T	0.28637	0.01310	0.70053
423 T	0.28607	0.01325	0.70068
424 T	0.28519	0.01403	0.70078
425 C	0.28429	0.01512	0.7006
426 T	0.28377	0.01683	0.6994
427 T	0.28287	0.02078	0.69635
428 T	0.28162	0.02409	0.69429
429 T	0.28040	0.02561	0.69399
430 A	0.27876	0.02784	0.69341
431 T	0.27606	0.03072	0.69322
432 A	0.26879	0.03830	0.69292
433 C	0.26330	0.04409	0.69261
434 T	0.25922	0.04885	0.69193
435 A	0.24990	0.05938	0.69072
436 A	0.24612	0.06405	0.68983
437 A	0.24474	0.06577	0.6895
438 A	0.24424	0.06652	0.68923
439 A	0.24466	0.06616	0.68918
440 T	0.24693	0.06367	0.68941
441 A	0.24815	0.06262	0.68923
442 T	0.25047	0.06038	0.68915
443 T	0.25149	0.06034	0.68818
444 T	0.25116	0.06129	0.68755
445 A	0.24984	0.06422	0.68593
446 A	0.24838	0.06598	0.68564
447 T	0.24850	0.06506	0.68644
448 C	0.24821	0.06447	0.68733
449 A	0.24889	0.06428	0.68682
450 T	0.25168	0.06137	0.68695
451 T	0.25280	0.06025	0.68695
452 A	0.25086	0.06212	0.68702
453 T	0.25059	0.06182	0.68759
454 A	0.24997	0.05980	0.69023
455 A	0.25001	0.05207	0.69793
456 T	0.25033	0.04596	0.70371
457 A	0.25056	0.04327	0.70616
458 T	0.25059	0.03736	0.71205
459 T	0.24880	0.03766	0.71354
460 A	0.24264	0.04567	0.71169
461 A	0.23745	0.05449	0.70806
462 G	0.23407	0.05925	0.70668
463 C	0.23137	0.06310	0.70552
464 A	0.23078	0.06781	0.70141
465 A	0.23136	0.06763	0.70102
466 A	0.23285	0.06618	0.70097
467 A	0.23418	0.06451	0.70131
468 T	0.23676	0.06062	0.70262
469 C	0.23808	0.05748	0.70443
470 T	0.23905	0.05773	0.70321
471 T	0.23949	0.05685	0.70366
472 A	0.23982	0.05640	0.70378
473 T	0.24027	0.05549	0.70424
474 T	0.24040	0.05505	0.70455
475 C	0.24035	0.05301	0.70664
476 T	0.24057	0.05237	0.70707
477 T	0.24055	0.05211	0.70734
478 A	0.23956	0.05382	0.70662
479 G	0.23922	0.05464	0.70614
480 A	0.24029	0.05499	0.70472
481 A	0.24196	0.05415	0.7039
482 A	0.24327	0.05312	0.70362
483 A	0.24644	0.04482	0.70874
484 T	0.25269	0.03360	0.71372
485 T	0.25420	0.02880	0.71699
486 T	0.25403	0.02634	0.71963
487 C	0.25334	0.02642	0.72024
488 C	0.25108	0.02955	0.71937
489 T	0.24987	0.03261	0.71753
490 G	0.24574	0.03908	0.71518
491 A	0.24442	0.04270	0.71288
492 A	0.24407	0.04521	0.71072
493 T	0.24531	0.04510	0.70959
494 T	0.24514	0.04628	0.70857
495 T	0.24438	0.04714	0.70848
496 A	0.24290	0.04914	0.70796
497 T	0.24220	0.05112	0.70668
498 T	0.24083	0.05386	0.70531
499 C	0.23837	0.05731	0.70433
500 A	0.23596	0.06464	0.6994
501 A	0.23514	0.06696	0.6979
502 A	0.23477	0.06806	0.69717
503 A	0.23566	0.06748	0.69686
504 A	0.23770	0.06573	0.69657
505 A	0.24078	0.06218	0.69704
506 A	0.24223	0.06028	0.69749
507 T	0.24305	0.05879	0.69816
508 A	0.24355	0.05755	0.6989
509 T	0.24439	0.05499	0.70061
510 A	0.24492	0.05228	0.70281
511 T	0.24633	0.04830	0.70536
512 A	0.24778	0.04556	0.70665
513 T	0.25036	0.03904	0.7106
514 T	0.25224	0.03576	0.712
515 T	0.25383	0.03354	0.71263
516 G	0.25424	0.03317	0.71259
517 A	0.25506	0.03241	0.71254
518 G	0.25556	0.03112	0.71332
519 A	0.25682	0.02947	0.71371
520 T	0.26051	0.02549	0.714
521 T	0.26310	0.02218	0.71472
522 A	0.26447	0.02204	0.71349
523 T	0.26871	0.01753	0.71375
524 T	0.26993	0.01649	0.71358
525 T	0.27037	0.01660	0.71303
526 G	0.27048	0.01634	0.71318
527 T	0.27076	0.01631	0.71293
528 A	0.27063	0.01685	0.71252
529 T	0.27074	0.01676	0.7125
530 C	0.27075	0.01677	0.71248
531 T	0.27090	0.01674	0.71236
532 T	0.27089	0.01691	0.7122
533 C	0.27081	0.01722	0.71198
534 T	0.27062	0.01802	0.71136
535 A	0.27038	0.01956	0.71006
536 T	0.27033	0.02021	0.70946
537 A	0.26980	0.02182	0.70838
538 A	0.26980	0.02188	0.70832
539 T	0.27030	0.02117	0.70854
540 A	0.27036	0.02104	0.7086
541 A	0.27079	0.02057	0.70864
542 C	0.27226	0.01906	0.70869
543 T	0.27376	0.01760	0.70864
544 A	0.27468	0.01678	0.70854
545 G	0.27810	0.01338	0.70853
546 T	0.28029	0.01126	0.70845
547 T	0.28119	0.01037	0.70844
548 T	0.28163	0.00981	0.70856
549 A	0.28164	0.00971	0.70866
550 A	0.28187	0.00937	0.70876
551 C	0.28225	0.00866	0.70909
552 T	0.28242	0.00845	0.70914
553 T	0.28254	0.00833	0.70913
554 T	0.28267	0.00822	0.70911
555 G	0.28257	0.00832	0.70911
556 G	0.28268	0.00818	0.70914
557 G	0.28320	0.00740	0.7094
558 T	0.28447	0.00595	0.70957
559 A	0.28493	0.00539	0.70967
560 T	0.28583	0.00401	0.71016
561 A	0.28584	0.00390	0.71025
562 A	0.28561	0.00413	0.71026
563 C	0.28559	0.00378	0.71064
564 T	0.28564	0.00388	0.71048
565 T	0.28560	0.00434	0.71005
566 G	0.28556	0.00463	0.7098
567 T	0.28562	0.00476	0.70963
568 G	0.28556	0.00485	0.70959
569 G	0.28558	0.00480	0.70962
570 T	0.28556	0.00480	0.70963
571 G	0.28553	0.00483	0.70964
572 C	0.28557	0.00479	0.70964
573 T	0.28564	0.00493	0.70942
574 A	0.28566	0.00559	0.70875
575 T	0.28575	0.00556	0.70869
576 T	0.28585	0.00555	0.7086
577 T	0.28588	0.00575	0.70837
578 T	0.28586	0.00566	0.70848
579 C	0.28557	0.00608	0.70835
580 A	0.28522	0.00742	0.70736
581 A	0.28509	0.00842	0.70649
582 A	0.28420	0.00949	0.70631
583 A	0.28402	0.00995	0.70603
584 A	0.28414	0.00990	0.70596
585 T	0.28452	0.00929	0.70619
586 C	0.28452	0.00940	0.70608
587 A	0.28468	0.01037	0.70495
588 T	0.28488	0.01175	0.70338
589 T	0.28469	0.01302	0.70229
590 A	0.28419	0.01469	0.70113
591 T	0.28358	0.01636	0.70005
592 A	0.28268	0.01738	0.69994
593 G	0.28208	0.01796	0.69996
594 T	0.28170	0.01833	0.69998
595 A	0.28107	0.01892	0.7
596 C	0.28097	0.01899	0.70004
597 A	0.28121	0.01875	0.70004
598 G	0.28111	0.01881	0.70008
599 C	0.28116	0.01872	0.70012
600 T	0.28141	0.01848	0.7001
601 G	0.28124	0.01864	0.70012
602 G	0.28139	0.01827	0.70034
603 A	0.28209	0.01735	0.70056
604 A	0.28275	0.01652	0.70074
605 C	0.28302	0.01520	0.70178
606 T	0.28343	0.01455	0.70202
607 G	0.28361	0.01436	0.70204
608 A	0.28385	0.01413	0.70201
609 A	0.28435	0.01353	0.70212
610 G	0.28571	0.01207	0.70222
611 T	0.28783	0.00955	0.70262
612 T	0.28891	0.00798	0.70311
613 A	0.28972	0.00656	0.70372
614 T	0.29051	0.00497	0.70452
615 T	0.29066	0.00393	0.70541
616 T	0.29069	0.00335	0.70597
617 T	0.29071	0.00289	0.7064
618 T	0.29067	0.00248	0.70685
619 A	0.29060	0.00257	0.70683
620 T	0.29055	0.00261	0.70684
621 G	0.29042	0.00270	0.70688
622 T	0.29039	0.00293	0.70668
623 A	0.29035	0.00352	0.70613
624 T	0.29035	0.00374	0.70591
625 G	0.29035	0.00379	0.70586
626 T	0.29039	0.00380	0.70581
627 T	0.29040	0.00376	0.70584
628 G	0.29041	0.00374	0.70585
629 C	0.29044	0.00371	0.70585
630 T	0.29051	0.00365	0.70584
631 C	0.29055	0.00361	0.70583
632 A	0.29059	0.00364	0.70577
633 T	0.29066	0.00364	0.7057
634 C	0.29070	0.00373	0.70557
635 T	0.29076	0.00434	0.7049
636 T	0.29062	0.00587	0.70351
637 T	0.29038	0.00716	0.70246
638 A	0.28982	0.00948	0.70071
639 T	0.28854	0.01163	0.69983
640 A	0.28612	0.01477	0.6991
641 G	0.28410	0.01723	0.69867
642 A	0.28316	0.01819	0.69864
643 T	0.28291	0.01837	0.69872
644 G	0.28239	0.01878	0.69883
645 G	0.28226	0.01887	0.69887
646 C	0.28266	0.01843	0.69891
647 C	0.28296	0.01815	0.69889
648 T	0.28298	0.01824	0.69877
649 T	0.28295	0.01830	0.69875
650 T	0.28271	0.01857	0.69872
651 A	0.28229	0.01904	0.69867
652 T	0.28177	0.01957	0.69867
653 C	0.28069	0.02061	0.6987
654 A	0.28015	0.02121	0.69864
655 A	0.27988	0.02154	0.69858
656 C	0.27972	0.02170	0.69858
657 A	0.27975	0.02178	0.69848
658 A	0.28055	0.02109	0.69836
659 T	0.28225	0.01928	0.69847
660 A	0.28332	0.01820	0.69848
661 T	0.28503	0.01622	0.69875
662 T	0.28575	0.01412	0.70013
663 A	0.28611	0.01218	0.70171
664 T	0.28639	0.01023	0.70339
665 T	0.28642	0.00953	0.70405
666 T	0.28611	0.00991	0.70398
667 A	0.28572	0.01074	0.70355
668 T	0.28533	0.01160	0.70306
669 T	0.28441	0.01298	0.70261
670 A	0.28290	0.01499	0.70211
671 T	0.28197	0.01671	0.70133
672 A	0.28060	0.01884	0.70056
673 G	0.28015	0.01949	0.70036
674 A	0.27999	0.01974	0.70028
675 T	0.27996	0.01935	0.7007
676 G	0.27990	0.01847	0.70163
677 G	0.27997	0.01805	0.70199
678 T	0.28002	0.01788	0.7021
679 T	0.27995	0.01776	0.70229
680 C	0.27984	0.01775	0.70241
681 A	0.27969	0.01806	0.70226
682 G	0.27981	0.01802	0.70217
683 C	0.28020	0.01775	0.70206
684 T	0.28059	0.01834	0.70106
685 A	0.28098	0.01985	0.69918
686 T	0.28196	0.01946	0.69858
687 T	0.28250	0.01943	0.69807
688 T	0.28269	0.01972	0.69759
689 T	0.28259	0.01999	0.69742
690 A	0.28290	0.01967	0.69743
691 T	0.28374	0.01823	0.69803
692 T	0.28425	0.01680	0.69895
693 A	0.28441	0.01551	0.70008
694 T	0.28526	0.01395	0.70079
695 C	0.28568	0.01308	0.70123
696 T	0.28535	0.01436	0.70029
697 T	0.28521	0.01555	0.69924
698 T	0.28462	0.01800	0.69738
699 T	0.28290	0.02158	0.69551
700 A	0.28104	0.02477	0.69419
701 T	0.27923	0.02755	0.69321
702 A	0.26582	0.04242	0.69176
703 A	0.25749	0.05193	0.69059
704 T	0.25362	0.05684	0.68953
705 G	0.24691	0.06552	0.68758
706 A	0.24213	0.07381	0.68406
707 A	0.23918	0.08061	0.68021
708 T	0.23981	0.08314	0.67704
709 T	0.23709	0.08685	0.67607
710 T	0.23150	0.09308	0.67543
711 A	0.21508	0.11020	0.67472
712 T	0.20228	0.12327	0.67445
713 C	0.18254	0.14331	0.67415
714 A	0.16887	0.15926	0.67186
715 A	0.16149	0.16698	0.67153
716 G	0.15331	0.17516	0.67153
717 A	0.14581	0.18295	0.67125
718 T	0.14190	0.18716	0.67095
719 C	0.12605	0.20308	0.67087
720 A	0.10638	0.22919	0.66443
721 A	0.09496	0.25086	0.65418
722 T	0.08601	0.26375	0.65024
723 A	0.06744	0.28888	0.64367
724 A	0.05366	0.30526	0.64108
725 A	0.04573	0.30165	0.65263
726 G	0.04094	0.29988	0.65918
727 A	0.03400	0.30569	0.66032
728 A	0.03266	0.30371	0.66363
729 A	0.03289	0.30187	0.66524
730 A	0.03311	0.30054	0.66636
731 A	0.03493	0.29684	0.66822
732 T	0.03566	0.29151	0.67283
733 A	0.03416	0.28828	0.67756
734 A	0.03355	0.27713	0.68932
735 T	0.03270	0.26761	0.69969
736 A	0.02871	0.26744	0.70384
737 A	0.02577	0.27731	0.69692
738 A	0.02263	0.29297	0.6844
739 A	0.01975	0.31592	0.66433
740 A	0.01852	0.32080	0.66068
741 A	0.01867	0.31921	0.66212
742 A	0.02095	0.30284	0.67621
743 A	0.02815	0.27462	0.69722
744 T	0.04083	0.24758	0.7116
745 A	0.04640	0.23223	0.72137
746 T	0.05423	0.20843	0.73734
747 T	0.05612	0.19709	0.74679
748 A	0.05483	0.20107	0.7441
749 A	0.05444	0.20049	0.74508
750 T	0.05583	0.19565	0.74852
751 A	0.05663	0.20057	0.7428
752 A	0.05818	0.20218	0.73963
753 T	0.06126	0.20227	0.73647
754 A	0.06037	0.21913	0.7205
755 A	0.05876	0.24111	0.70013
756 A	0.05325	0.27360	0.67315
757 A	0.05126	0.30467	0.64407
758 A	0.05289	0.31359	0.63352
759 A	0.06401	0.30850	0.6275
760 A	0.08156	0.28796	0.63047
761 A	0.10152	0.26479	0.63369
762 T	0.13115	0.23211	0.63675
763 T	0.14112	0.22067	0.63821
764 C	0.14361	0.21772	0.63868
765 T	0.14504	0.21836	0.6366
766 A	0.14377	0.22178	0.63445
767 G	0.14375	0.22262	0.63363
768 T	0.14538	0.22351	0.63111
769 A	0.14549	0.22452	0.62999
770 A	0.14730	0.22319	0.62951
771 T	0.15663	0.21218	0.63119
772 A	0.15552	0.21333	0.63114
773 C	0.15593	0.21200	0.63207
774 A	0.16145	0.20772	0.63082
775 A	0.16648	0.20271	0.6308
776 G	0.17362	0.19508	0.6313
777 A	0.19146	0.17602	0.63253
778 A	0.21297	0.15263	0.63441
779 A	0.24396	0.11254	0.64351
780 T	0.27742	0.07076	0.65183
781 G	0.28856	0.05611	0.65534
782 T	0.29805	0.04537	0.65658
783 T	0.29950	0.04384	0.65666
784 G	0.30016	0.04317	0.65667
785 T	0.30107	0.04269	0.65624
786 T	0.30189	0.04181	0.6563
787 A	0.30231	0.04138	0.65631
788 T	0.30452	0.03941	0.65606
789 T	0.30624	0.03931	0.65445
790 A	0.30531	0.04131	0.65337
791 A	0.30681	0.03940	0.65379
792 A	0.30805	0.03701	0.65494
793 T	0.30983	0.03381	0.65635
794 A	0.31086	0.03199	0.65715
795 T	0.31324	0.02622	0.66053
796 T	0.31427	0.02277	0.66296
797 T	0.31560	0.01996	0.66443
798 T	0.31597	0.01930	0.66473
799 T	0.31607	0.01905	0.66489
800 T	0.31591	0.01912	0.66496
801 C	0.31549	0.01965	0.66486
802 T	0.31545	0.02026	0.66429
803 C	0.31537	0.02041	0.66423
804 T	0.31542	0.02084	0.66373
805 A	0.31554	0.02104	0.66342
806 T	0.31633	0.02055	0.66312
807 C	0.31658	0.02049	0.66293
808 T	0.31786	0.01987	0.66227
809 T	0.31873	0.01987	0.66139
810 A	0.31937	0.02036	0.66027
811 A	0.32075	0.01929	0.65995
812 T	0.32450	0.01553	0.65997
813 T	0.32629	0.01235	0.66135
814 T	0.32701	0.01130	0.66169
815 T	0.32742	0.01108	0.6615
816 T	0.32761	0.01132	0.66107
817 T	0.32761	0.01206	0.66033
818 T	0.32736	0.01288	0.65975
819 A	0.32707	0.01372	0.6592
820 A	0.32696	0.01381	0.65924
821 T	0.32689	0.01376	0.65935
822 A	0.32631	0.01421	0.65948
823 A	0.32612	0.01411	0.65977
824 C	0.32615	0.01364	0.66021
825 T	0.32662	0.01324	0.66013
826 A	0.32656	0.01325	0.66019
827 T	0.32708	0.01269	0.66022
828 A	0.32713	0.01267	0.6602
829 T	0.32757	0.01219	0.66024
830 C	0.32772	0.01160	0.66068
831 T	0.32821	0.01140	0.66039
832 A	0.32840	0.01190	0.65969
833 T	0.32916	0.01119	0.65965
834 T	0.32873	0.01164	0.65963
835 A	0.32012	0.02039	0.65949
836 T	0.31469	0.02554	0.65977
837 C	0.30189	0.03814	0.65997
838 C	0.29516	0.04533	0.65951
839 G	0.29055	0.05132	0.65813
840 T	0.28857	0.05460	0.65682
841 T	0.28027	0.06486	0.65487
842 T	0.27720	0.06874	0.65406
843 T	0.27176	0.07463	0.6536
844 A	0.26364	0.08264	0.65372
845 G	0.26178	0.08392	0.6543
846 A	0.26082	0.08463	0.65454
847 A	0.26083	0.08436	0.65481
848 C	0.26098	0.08395	0.65506
849 G	0.26106	0.08377	0.65517
850 A	0.26117	0.08361	0.65521
851 T	0.26135	0.08330	0.65534
852 C	0.26142	0.08317	0.65541
853 A	0.26151	0.08305	0.65544
854 A	0.26186	0.08247	0.65567
855 A	0.26250	0.08136	0.65614
856 G	0.26268	0.08063	0.6567
857 A	0.26287	0.07976	0.65737
858 A	0.26331	0.07021	0.66648
859 A	0.26422	0.06237	0.67341
860 T	0.26598	0.04613	0.68789
861 T	0.26752	0.03543	0.69705
862 T	0.26883	0.02560	0.70557
863 A	0.26958	0.01780	0.71262
864 A	0.27093	0.00000	0.72907
