# lcl|CP097583.1_cds_USQ93244.1_1
# AA	inside	membr	outside
1 A	0.31219	0.00000	0.68781
2 T	0.29763	0.01456	0.68781
3 G	0.28390	0.02829	0.68781
4 A	0.28390	0.03678	0.67932
5 A	0.22095	0.10809	0.67096
6 A	0.22095	0.10981	0.66924
7 A	0.11820	0.21317	0.66863
8 C	0.11820	0.21318	0.66862
9 A	0.10828	0.22349	0.66822
10 A	0.10821	0.25111	0.64068
11 A	0.10247	0.25756	0.63996
12 A	0.06425	0.29594	0.63981
13 A	0.03691	0.32373	0.63935
14 G	0.03691	0.32374	0.63935
15 A	0.03691	0.32483	0.63826
16 T	0.03672	0.32502	0.63826
17 T	0.03601	0.32574	0.63825
18 T	0.03593	0.32585	0.63822
19 A	0.03229	0.32955	0.63815
20 A	0.02181	0.34040	0.63779
21 A	0.00944	0.35249	0.63807
22 A	0.00900	0.35205	0.63895
23 A	0.00882	0.34910	0.64209
24 A	0.00892	0.34580	0.64528
25 A	0.00919	0.31588	0.67493
26 A	0.00959	0.29258	0.69783
27 C	0.01731	0.24160	0.7411
28 G	0.02497	0.19622	0.7788
29 G	0.02751	0.18927	0.78322
30 T	0.03147	0.14342	0.82511
31 A	0.03209	0.14165	0.82626
32 A	0.03311	0.13353	0.83336
33 T	0.05576	0.10071	0.84353
34 T	0.05656	0.09031	0.85313
35 T	0.05695	0.05537	0.88768
36 T	0.05719	0.03479	0.90802
37 T	0.05704	0.03339	0.90957
38 T	0.05702	0.03228	0.9107
39 A	0.05470	0.03319	0.91212
40 A	0.05444	0.03106	0.9145
41 G	0.05439	0.02830	0.91731
42 T	0.05451	0.02415	0.92134
43 A	0.05488	0.01554	0.92958
44 T	0.05481	0.00633	0.93885
45 T	0.05469	0.00584	0.93948
46 T	0.05462	0.00559	0.93978
47 G	0.05443	0.00563	0.93995
48 T	0.05428	0.00571	0.94
49 T	0.05412	0.00583	0.94004
50 A	0.05399	0.00593	0.94007
51 T	0.05397	0.00588	0.94015
52 G	0.05381	0.00600	0.94019
53 C	0.05378	0.00599	0.94023
54 T	0.05395	0.00581	0.94024
55 T	0.05402	0.00573	0.94025
56 T	0.05406	0.00570	0.94025
57 T	0.05409	0.00564	0.94027
58 G	0.05407	0.00566	0.94027
59 T	0.05414	0.00511	0.94074
60 T	0.05415	0.00485	0.94099
61 T	0.05415	0.00462	0.94124
62 T	0.05418	0.00311	0.94271
63 G	0.05407	0.00312	0.94282
64 T	0.05406	0.00315	0.94279
65 T	0.05402	0.00326	0.94272
66 A	0.05362	0.00378	0.9426
67 T	0.05353	0.00383	0.94264
68 T	0.05339	0.00389	0.94272
69 A	0.05313	0.00412	0.94275
70 A	0.05303	0.00409	0.94288
71 T	0.05305	0.00391	0.94303
72 T	0.05304	0.00376	0.9432
73 T	0.05302	0.00369	0.94329
74 G	0.05297	0.00373	0.9433
75 T	0.05295	0.00366	0.94339
76 T	0.05294	0.00365	0.94341
77 T	0.05283	0.00378	0.94339
78 A	0.05264	0.00401	0.94335
79 A	0.05262	0.00402	0.94336
80 T	0.05265	0.00394	0.9434
81 A	0.05269	0.00386	0.94345
82 A	0.05277	0.00371	0.94352
83 C	0.05294	0.00340	0.94366
84 T	0.05319	0.00312	0.94369
85 T	0.05334	0.00295	0.94372
86 T	0.05339	0.00284	0.94377
87 T	0.05341	0.00280	0.94379
88 A	0.05330	0.00288	0.94382
89 T	0.05335	0.00238	0.94427
90 T	0.05335	0.00218	0.94447
91 T	0.05330	0.00204	0.94466
92 G	0.05318	0.00194	0.94487
93 T	0.05317	0.00185	0.94499
94 C	0.05304	0.00195	0.945
95 G	0.05278	0.00223	0.94499
96 T	0.05266	0.00236	0.94498
97 T	0.05236	0.00264	0.945
98 T	0.05200	0.00298	0.94501
99 T	0.05117	0.00379	0.94504
100 G	0.05039	0.00444	0.94516
101 C	0.04990	0.00474	0.94535
102 C	0.04953	0.00510	0.94538
103 C	0.04892	0.00573	0.94535
104 A	0.04847	0.00630	0.94522
105 A	0.04787	0.00707	0.94506
106 T	0.04711	0.00798	0.94491
107 G	0.04587	0.00949	0.94465
108 T	0.04563	0.00979	0.94458
109 T	0.04504	0.01042	0.94453
110 A	0.04365	0.01202	0.94433
111 T	0.04262	0.01296	0.94442
112 C	0.04065	0.01497	0.94438
113 G	0.03664	0.01959	0.94376
114 A	0.03395	0.02300	0.94305
115 A	0.03316	0.02424	0.9426
116 A	0.03268	0.02509	0.94222
117 T	0.03245	0.02537	0.94218
118 G	0.03200	0.02541	0.94259
119 A	0.03179	0.02532	0.94289
120 T	0.03147	0.02506	0.94348
121 A	0.03096	0.02513	0.94391
122 C	0.03068	0.02455	0.94477
123 A	0.03039	0.02447	0.94514
124 A	0.03017	0.02435	0.94548
125 A	0.03004	0.02418	0.94578
126 A	0.03004	0.02368	0.94628
127 G	0.03014	0.02317	0.94669
128 A	0.03029	0.02222	0.94749
129 A	0.03043	0.02099	0.94858
130 C	0.03070	0.01891	0.95039
131 A	0.03083	0.01842	0.95075
132 A	0.03112	0.01740	0.95149
133 T	0.03181	0.01530	0.95289
134 T	0.03222	0.01384	0.95394
135 T	0.03250	0.01214	0.95536
136 T	0.03296	0.00747	0.95958
137 C	0.03334	0.00444	0.96222
138 A	0.03365	0.00358	0.96276
139 T	0.03403	0.00287	0.9631
140 T	0.03417	0.00254	0.96329
141 T	0.03421	0.00220	0.9636
142 T	0.03424	0.00201	0.96375
143 T	0.03424	0.00154	0.96422
144 T	0.03422	0.00106	0.96471
145 T	0.03420	0.00080	0.965
146 T	0.03418	0.00058	0.96524
147 T	0.03414	0.00044	0.96542
148 C	0.03411	0.00039	0.9655
149 G	0.03409	0.00040	0.96551
150 T	0.03407	0.00041	0.96552
151 T	0.03406	0.00043	0.96552
152 T	0.03401	0.00048	0.96551
153 C	0.03376	0.00074	0.9655
154 G	0.03358	0.00094	0.96548
155 T	0.03333	0.00121	0.96546
156 A	0.03282	0.00173	0.96545
157 C	0.03243	0.00212	0.96545
158 A	0.03223	0.00234	0.96544
159 T	0.03209	0.00248	0.96542
160 C	0.03185	0.00273	0.96542
161 A	0.03175	0.00285	0.9654
162 T	0.03172	0.00288	0.9654
163 T	0.03167	0.00293	0.96541
164 T	0.03157	0.00303	0.9654
165 T	0.03133	0.00326	0.9654
166 A	0.03104	0.00352	0.96544
167 C	0.03092	0.00358	0.9655
168 T	0.03083	0.00364	0.96553
169 T	0.03064	0.00380	0.96556
170 C	0.03037	0.00405	0.96559
171 T	0.03003	0.00438	0.9656
172 C	0.02936	0.00504	0.9656
173 A	0.02888	0.00552	0.9656
174 A	0.02864	0.00575	0.9656
175 A	0.02851	0.00586	0.96563
176 G	0.02847	0.00566	0.96587
177 T	0.02845	0.00554	0.96602
178 A	0.02841	0.00527	0.96631
179 A	0.02840	0.00477	0.96683
180 T	0.02840	0.00435	0.96725
181 A	0.02841	0.00414	0.96745
182 T	0.02842	0.00395	0.96764
183 T	0.02842	0.00370	0.96788
184 T	0.02842	0.00355	0.96803
185 T	0.02841	0.00347	0.96812
186 G	0.02840	0.00338	0.96822
187 A	0.02839	0.00328	0.96833
188 T	0.02839	0.00303	0.96858
189 T	0.02839	0.00275	0.96885
190 T	0.02838	0.00257	0.96904
191 T	0.02838	0.00243	0.96919
192 G	0.02837	0.00220	0.96942
193 A	0.02837	0.00197	0.96967
194 T	0.02837	0.00164	0.97
195 A	0.02837	0.00112	0.97051
196 G	0.02837	0.00068	0.97094
197 T	0.02838	0.00047	0.97115
198 T	0.02838	0.00035	0.97127
199 A	0.02838	0.00031	0.97131
200 T	0.02838	0.00026	0.97135
201 G	0.02839	0.00022	0.9714
202 T	0.02839	0.00020	0.97141
203 T	0.02839	0.00019	0.97142
204 G	0.02839	0.00018	0.97143
205 T	0.02839	0.00019	0.97142
206 T	0.02840	0.00019	0.97141
207 G	0.02839	0.00021	0.97141
208 T	0.02840	0.00025	0.97136
209 T	0.02837	0.00029	0.97134
210 T	0.02830	0.00039	0.97131
211 T	0.02815	0.00056	0.97129
212 T	0.02771	0.00101	0.97128
213 C	0.02700	0.00176	0.97124
214 A	0.02659	0.00219	0.97122
215 C	0.02624	0.00254	0.97121
216 T	0.02600	0.00280	0.9712
217 T	0.02574	0.00308	0.97119
218 C	0.02530	0.00352	0.97118
219 A	0.02506	0.00376	0.97118
220 A	0.02499	0.00384	0.97118
221 T	0.02497	0.00386	0.97118
222 T	0.02493	0.00389	0.97118
223 C	0.02489	0.00393	0.97118
224 G	0.02486	0.00396	0.97119
225 T	0.02480	0.00402	0.97119
226 C	0.02468	0.00414	0.97119
227 G	0.02454	0.00428	0.97119
228 T	0.02445	0.00437	0.97118
229 A	0.02427	0.00456	0.97118
230 A	0.02415	0.00467	0.97117
231 A	0.02411	0.00471	0.97118
232 A	0.02411	0.00464	0.97125
233 A	0.02414	0.00448	0.97139
234 A	0.02416	0.00424	0.9716
235 A	0.02419	0.00372	0.97209
236 T	0.02425	0.00290	0.97285
237 T	0.02428	0.00241	0.97331
238 T	0.02429	0.00203	0.97369
239 T	0.02430	0.00177	0.97393
240 T	0.02430	0.00155	0.97415
241 T	0.02430	0.00125	0.97444
242 C	0.02430	0.00109	0.97462
243 T	0.02428	0.00107	0.97465
244 A	0.02426	0.00109	0.97465
245 T	0.02425	0.00108	0.97468
246 T	0.02422	0.00108	0.97471
247 T	0.02417	0.00111	0.97472
248 T	0.02410	0.00110	0.9748
249 A	0.02401	0.00109	0.9749
250 A	0.02397	0.00098	0.97504
251 T	0.02396	0.00088	0.97516
252 G	0.02395	0.00073	0.97533
253 T	0.02394	0.00063	0.97542
254 T	0.02394	0.00058	0.97548
255 T	0.02392	0.00058	0.97549
256 G	0.02390	0.00060	0.9755
257 T	0.02389	0.00060	0.9755
258 T	0.02387	0.00062	0.97551
259 G	0.02386	0.00064	0.97551
260 C	0.02385	0.00065	0.9755
261 T	0.02385	0.00067	0.97549
262 G	0.02384	0.00069	0.97546
263 T	0.02384	0.00071	0.97545
264 A	0.02379	0.00077	0.97544
265 A	0.02378	0.00079	0.97543
266 T	0.02379	0.00076	0.97545
267 T	0.02378	0.00075	0.97547
268 G	0.02377	0.00075	0.97548
269 A	0.02377	0.00072	0.97551
270 T	0.02379	0.00066	0.97555
271 A	0.02379	0.00060	0.97561
272 T	0.02381	0.00051	0.97568
273 T	0.02383	0.00047	0.97571
274 T	0.02383	0.00047	0.9757
275 T	0.02383	0.00046	0.97571
276 G	0.02381	0.00048	0.97571
277 T	0.02381	0.00047	0.97572
278 T	0.02379	0.00048	0.97573
279 G	0.02375	0.00050	0.97575
280 A	0.02372	0.00053	0.97576
281 C	0.02372	0.00051	0.97578
282 T	0.02371	0.00050	0.97578
283 T	0.02370	0.00051	0.97578
284 G	0.02369	0.00052	0.97578
285 T	0.02369	0.00052	0.97579
286 A	0.02366	0.00056	0.97578
287 T	0.02366	0.00050	0.97584
288 T	0.02365	0.00050	0.97584
289 G	0.02364	0.00051	0.97585
290 T	0.02364	0.00049	0.97587
291 T	0.02361	0.00050	0.97589
292 A	0.02346	0.00065	0.97589
293 C	0.02341	0.00069	0.9759
294 T	0.02337	0.00073	0.9759
295 C	0.02324	0.00087	0.97589
296 A	0.02316	0.00098	0.97586
297 T	0.02309	0.00108	0.97583
298 T	0.02293	0.00130	0.97577
299 T	0.02269	0.00163	0.97568
300 T	0.02171	0.00280	0.97549
301 A	0.01924	0.00564	0.97513
302 T	0.01832	0.00667	0.975
303 T	0.01612	0.00908	0.9748
304 A	0.01385	0.01176	0.97439
305 A	0.01294	0.01268	0.97438
306 T	0.01233	0.01330	0.97438
307 A	0.01155	0.01405	0.9744
308 A	0.01111	0.01446	0.97442
309 C	0.01030	0.01522	0.97447
310 A	0.00969	0.01583	0.97448
311 C	0.00937	0.01614	0.97449
312 A	0.00890	0.01664	0.97446
313 A	0.00879	0.01678	0.97443
314 G	0.00871	0.01687	0.97442
315 T	0.00866	0.01685	0.97448
316 G	0.00855	0.01705	0.9744
317 A	0.00846	0.01731	0.97423
318 A	0.00839	0.01753	0.97407
319 A	0.00841	0.01764	0.97396
320 A	0.00843	0.01756	0.97401
321 A	0.00851	0.01721	0.97428
322 A	0.00864	0.01659	0.97477
323 A	0.00888	0.01507	0.97605
324 T	0.00934	0.01159	0.97907
325 A	0.00947	0.01005	0.98047
326 C	0.00967	0.00739	0.98293
327 T	0.00998	0.00620	0.98382
328 T	0.00999	0.00611	0.9839
329 T	0.00994	0.00623	0.98383
330 A	0.00974	0.00682	0.98344
331 A	0.00960	0.00681	0.98359
332 T	0.00956	0.00604	0.9844
333 A	0.00950	0.00569	0.98481
334 A	0.00947	0.00553	0.985
335 C	0.00949	0.00515	0.98536
336 A	0.00952	0.00508	0.9854
337 G	0.00956	0.00498	0.98547
338 A	0.00964	0.00485	0.98551
339 A	0.00978	0.00461	0.98561
340 C	0.01002	0.00428	0.9857
341 C	0.01032	0.00392	0.98576
342 T	0.01057	0.00367	0.98577
343 T	0.01066	0.00361	0.98573
344 T	0.01069	0.00361	0.9857
345 T	0.01067	0.00367	0.98565
346 C	0.01066	0.00379	0.98555
347 A	0.01065	0.00398	0.98537
348 G	0.01067	0.00402	0.98532
349 A	0.01075	0.00403	0.98522
350 T	0.01125	0.00351	0.98524
351 T	0.01165	0.00311	0.98525
352 A	0.01185	0.00283	0.98532
353 A	0.01239	0.00207	0.98554
354 C	0.01250	0.00178	0.98572
355 C	0.01260	0.00165	0.98575
356 A	0.01279	0.00145	0.98576
357 T	0.01301	0.00122	0.98577
358 T	0.01313	0.00108	0.98578
359 T	0.01316	0.00105	0.98579
360 T	0.01315	0.00105	0.9858
361 C	0.01311	0.00107	0.98582
362 A	0.01308	0.00109	0.98582
363 A	0.01308	0.00110	0.98583
364 C	0.01309	0.00107	0.98583
365 A	0.01312	0.00105	0.98583
366 T	0.01320	0.00097	0.98583
367 A	0.01326	0.00090	0.98584
368 C	0.01333	0.00081	0.98586
369 T	0.01346	0.00067	0.98587
370 T	0.01360	0.00051	0.98589
371 T	0.01364	0.00045	0.9859
372 T	0.01369	0.00039	0.98591
373 A	0.01369	0.00039	0.98592
374 T	0.01369	0.00033	0.98597
375 T	0.01369	0.00024	0.98607
376 C	0.01369	0.00021	0.9861
377 C	0.01369	0.00020	0.98611
378 T	0.01369	0.00020	0.98611
379 T	0.01370	0.00019	0.98611
380 T	0.01370	0.00019	0.98611
381 T	0.01370	0.00019	0.98611
382 T	0.01369	0.00019	0.98611
383 T	0.01369	0.00017	0.98614
384 G	0.01368	0.00013	0.98619
385 T	0.01368	0.00011	0.98621
386 A	0.01367	0.00010	0.98622
387 C	0.01366	0.00010	0.98624
388 A	0.01366	0.00010	0.98623
389 T	0.01366	0.00010	0.98623
390 T	0.01366	0.00010	0.98623
391 T	0.01366	0.00011	0.98623
392 T	0.01366	0.00011	0.98623
393 T	0.01366	0.00011	0.98623
394 T	0.01365	0.00011	0.98623
395 T	0.01365	0.00012	0.98623
396 T	0.01364	0.00013	0.98623
397 T	0.01363	0.00015	0.98622
398 A	0.01359	0.00020	0.98621
399 T	0.01358	0.00021	0.98621
400 T	0.01356	0.00023	0.98621
401 T	0.01354	0.00026	0.9862
402 T	0.01347	0.00033	0.98619
403 T	0.01337	0.00045	0.98618
404 T	0.01323	0.00061	0.98616
405 T	0.01304	0.00083	0.98614
406 A	0.01285	0.00105	0.98611
407 A	0.01278	0.00112	0.9861
408 A	0.01274	0.00117	0.98609
409 A	0.01270	0.00122	0.98608
410 T	0.01268	0.00125	0.98608
411 T	0.01264	0.00129	0.98606
412 A	0.01254	0.00141	0.98605
413 A	0.01249	0.00148	0.98603
414 T	0.01244	0.00153	0.98603
415 C	0.01240	0.00158	0.98602
416 A	0.01238	0.00163	0.98599
417 T	0.01238	0.00165	0.98598
418 G	0.01237	0.00168	0.98595
419 G	0.01236	0.00169	0.98594
420 T	0.01236	0.00171	0.98593
421 T	0.01234	0.00169	0.98597
422 T	0.01231	0.00173	0.98597
423 A	0.01223	0.00181	0.98596
424 A	0.01220	0.00183	0.98597
425 G	0.01219	0.00173	0.98608
426 T	0.01221	0.00160	0.9862
427 G	0.01222	0.00148	0.9863
428 T	0.01224	0.00138	0.98638
429 T	0.01225	0.00137	0.98639
430 A	0.01222	0.00146	0.98633
431 A	0.01220	0.00150	0.9863
432 A	0.01221	0.00151	0.98629
433 A	0.01222	0.00148	0.98631
434 A	0.01223	0.00142	0.98635
435 A	0.01226	0.00130	0.98644
436 A	0.01229	0.00121	0.98651
437 C	0.01231	0.00112	0.98657
438 T	0.01234	0.00106	0.98659
439 T	0.01238	0.00102	0.9866
440 A	0.01239	0.00101	0.98659
441 T	0.01242	0.00098	0.9866
442 T	0.01243	0.00097	0.9866
443 T	0.01244	0.00094	0.98663
444 A	0.01244	0.00091	0.98665
445 G	0.01245	0.00087	0.98668
446 G	0.01248	0.00079	0.98673
447 T	0.01255	0.00070	0.98675
448 T	0.01258	0.00067	0.98675
449 T	0.01262	0.00065	0.98673
450 A	0.01264	0.00062	0.98674
451 G	0.01269	0.00056	0.98676
452 T	0.01278	0.00045	0.98677
453 T	0.01286	0.00034	0.9868
454 C	0.01290	0.00028	0.98681
455 A	0.01294	0.00024	0.98682
456 T	0.01295	0.00023	0.98682
457 C	0.01296	0.00022	0.98682
458 C	0.01296	0.00022	0.98682
459 T	0.01297	0.00021	0.98682
460 T	0.01298	0.00020	0.98682
461 T	0.01298	0.00020	0.98682
462 A	0.01298	0.00020	0.98682
463 T	0.01300	0.00018	0.98682
464 G	0.01301	0.00017	0.98682
465 T	0.01302	0.00015	0.98683
466 T	0.01303	0.00013	0.98684
467 A	0.01305	0.00011	0.98684
468 T	0.01307	0.00009	0.98684
469 T	0.01309	0.00007	0.98684
470 T	0.01310	0.00006	0.98684
471 T	0.01311	0.00005	0.98685
472 T	0.01312	0.00004	0.98685
473 T	0.01312	0.00004	0.98685
474 C	0.01311	0.00004	0.98685
475 T	0.01311	0.00004	0.98685
476 T	0.01311	0.00004	0.98685
477 T	0.01311	0.00004	0.98685
478 T	0.01311	0.00004	0.98685
479 T	0.01310	0.00005	0.98685
480 T	0.01310	0.00006	0.98685
481 T	0.01309	0.00006	0.98685
482 T	0.01308	0.00008	0.98684
483 A	0.01307	0.00010	0.98683
484 T	0.01306	0.00011	0.98683
485 T	0.01305	0.00012	0.98683
486 T	0.01304	0.00014	0.98682
487 G	0.01302	0.00018	0.98679
488 C	0.01298	0.00027	0.98675
489 G	0.01296	0.00040	0.98664
490 A	0.01295	0.00056	0.98649
491 A	0.01294	0.00064	0.98642
492 T	0.01294	0.00067	0.98639
493 T	0.01294	0.00073	0.98633
494 T	0.01293	0.00078	0.98629
495 G	0.01293	0.00084	0.98623
496 T	0.01292	0.00093	0.98614
497 T	0.01292	0.00101	0.98607
498 A	0.01292	0.00106	0.98602
499 T	0.01292	0.00113	0.98595
500 G	0.01290	0.00120	0.98591
501 T	0.01284	0.00127	0.9859
502 G	0.01265	0.00148	0.98587
503 A	0.01256	0.00159	0.98585
504 A	0.01248	0.00168	0.98584
505 C	0.01245	0.00171	0.98585
506 G	0.01241	0.00179	0.9858
507 G	0.01239	0.00189	0.98573
508 G	0.01239	0.00195	0.98566
509 A	0.01241	0.00200	0.98559
510 A	0.01245	0.00204	0.98552
511 T	0.01254	0.00197	0.98548
512 A	0.01264	0.00191	0.98545
513 T	0.01279	0.00176	0.98545
514 T	0.01284	0.00170	0.98545
515 A	0.01286	0.00168	0.98546
516 T	0.01292	0.00162	0.98546
517 C	0.01297	0.00156	0.98548
518 C	0.01302	0.00151	0.98547
519 T	0.01308	0.00145	0.98546
520 T	0.01308	0.00149	0.98543
521 A	0.01291	0.00170	0.98539
522 T	0.01279	0.00187	0.98533
523 A	0.01241	0.00237	0.98522
524 A	0.01198	0.00281	0.98521
525 T	0.01171	0.00297	0.98532
526 A	0.01134	0.00338	0.98527
527 T	0.01115	0.00352	0.98532
528 G	0.01036	0.00433	0.98532
529 A	0.00975	0.00495	0.9853
530 T	0.00946	0.00524	0.98529
531 C	0.00894	0.00575	0.9853
532 G	0.00871	0.00599	0.9853
533 A	0.00862	0.00608	0.9853
534 T	0.00858	0.00612	0.9853
535 C	0.00840	0.00630	0.98529
536 C	0.00822	0.00651	0.98527
537 T	0.00812	0.00683	0.98505
538 G	0.00789	0.00746	0.98465
539 A	0.00768	0.00802	0.9843
540 T	0.00742	0.00859	0.98399
541 A	0.00702	0.00927	0.98371
542 A	0.00681	0.00960	0.9836
543 A	0.00670	0.00969	0.98361
544 A	0.00667	0.00957	0.98377
545 A	0.00668	0.00939	0.98392
546 A	0.00678	0.00890	0.98432
547 G	0.00686	0.00837	0.98477
548 G	0.00693	0.00799	0.98508
549 A	0.00704	0.00755	0.98541
550 A	0.00707	0.00730	0.98563
551 T	0.00712	0.00649	0.98639
552 T	0.00716	0.00581	0.98703
553 T	0.00717	0.00537	0.98746
554 T	0.00716	0.00484	0.988
555 A	0.00714	0.00465	0.98821
556 G	0.00714	0.00451	0.98836
557 G	0.00714	0.00442	0.98844
558 A	0.00716	0.00423	0.98861
559 G	0.00723	0.00398	0.98879
560 A	0.00750	0.00377	0.98872
561 T	0.00799	0.00322	0.98879
562 A	0.00829	0.00293	0.98877
563 T	0.00862	0.00253	0.98885
564 T	0.00882	0.00225	0.98893
565 T	0.00891	0.00286	0.98823
566 T	0.00889	0.00437	0.98673
567 A	0.00884	0.00647	0.98469
568 A	0.00883	0.00868	0.98249
569 A	0.00882	0.00953	0.98165
570 A	0.00885	0.00997	0.98119
571 T	0.00892	0.00995	0.98112
572 T	0.00896	0.00995	0.98108
573 T	0.00896	0.01001	0.98104
574 T	0.00893	0.01009	0.98098
575 C	0.00889	0.01018	0.98092
576 T	0.00887	0.01032	0.98081
577 A	0.00882	0.01059	0.9806
578 G	0.00880	0.01071	0.98048
579 G	0.00879	0.01088	0.98033
580 G	0.00880	0.01104	0.98016
581 A	0.00883	0.01126	0.97991
582 A	0.00889	0.01122	0.97989
583 A	0.00905	0.01106	0.97988
584 A	0.00921	0.01092	0.97988
585 A	0.00946	0.01065	0.97989
586 C	0.00981	0.01028	0.97992
587 A	0.01018	0.00992	0.97991
588 A	0.01108	0.00902	0.9799
589 G	0.01269	0.00741	0.97991
590 G	0.01477	0.00530	0.97993
591 T	0.01703	0.00309	0.97988
592 T	0.01779	0.00230	0.97991
593 A	0.01812	0.00195	0.97993
594 T	0.01823	0.00182	0.97995
595 T	0.01829	0.00172	0.97999
596 C	0.01833	0.00164	0.98003
597 T	0.01842	0.00152	0.98005
598 T	0.01851	0.00141	0.98008
599 A	0.01859	0.00132	0.98009
600 T	0.01880	0.00107	0.98014
601 C	0.01890	0.00094	0.98015
602 T	0.01903	0.00079	0.98018
603 C	0.01914	0.00066	0.9802
604 T	0.01935	0.00046	0.98018
605 T	0.01937	0.00045	0.98017
606 T	0.01938	0.00049	0.98013
607 T	0.01937	0.00054	0.9801
608 T	0.01934	0.00059	0.98007
609 A	0.01902	0.00099	0.97999
610 A	0.01887	0.00116	0.97996
611 A	0.01885	0.00120	0.97995
612 T	0.01887	0.00119	0.97995
613 A	0.01889	0.00117	0.97994
614 T	0.01896	0.00110	0.97994
615 T	0.01897	0.00109	0.97994
616 T	0.01897	0.00109	0.97994
617 T	0.01896	0.00110	0.97995
618 T	0.01895	0.00111	0.97994
619 T	0.01894	0.00111	0.97994
620 T	0.01893	0.00113	0.97994
621 A	0.01889	0.00117	0.97994
622 T	0.01887	0.00117	0.97995
623 T	0.01884	0.00119	0.97997
624 A	0.01878	0.00124	0.97998
625 G	0.01877	0.00124	0.97999
626 C	0.01878	0.00122	0.98001
627 T	0.01880	0.00119	0.98
628 A	0.01882	0.00118	0.98001
629 T	0.01887	0.00111	0.98002
630 T	0.01890	0.00107	0.98003
631 A	0.01891	0.00104	0.98005
632 T	0.01897	0.00067	0.98036
633 T	0.01900	0.00050	0.9805
634 T	0.01901	0.00046	0.98053
635 T	0.01900	0.00047	0.98053
636 T	0.01899	0.00049	0.98051
637 T	0.01898	0.00051	0.98051
638 A	0.01897	0.00053	0.9805
639 T	0.01897	0.00052	0.98051
640 T	0.01898	0.00053	0.9805
641 T	0.01894	0.00058	0.98048
642 T	0.01890	0.00062	0.98048
643 T	0.01886	0.00064	0.9805
644 T	0.01883	0.00065	0.98053
645 A	0.01879	0.00067	0.98054
646 T	0.01877	0.00066	0.98057
647 C	0.01875	0.00064	0.98061
648 T	0.01873	0.00067	0.9806
649 T	0.01868	0.00076	0.98057
650 A	0.01862	0.00089	0.98049
651 T	0.01859	0.00100	0.98041
652 G	0.01853	0.00123	0.98025
653 G	0.01850	0.00152	0.97998
654 T	0.01850	0.00160	0.97991
655 A	0.01849	0.00166	0.97985
656 T	0.01850	0.00169	0.97981
657 T	0.01849	0.00178	0.97973
658 C	0.01840	0.00200	0.97959
659 T	0.01836	0.00246	0.97918
660 T	0.01830	0.00295	0.97875
661 A	0.01824	0.00356	0.9782
662 G	0.01821	0.00383	0.97796
663 T	0.01822	0.00410	0.97768
664 T	0.01821	0.00444	0.97736
665 T	0.01815	0.00538	0.97647
666 G	0.01788	0.00757	0.97455
667 A	0.01759	0.01291	0.9695
668 A	0.01679	0.01974	0.96347
669 A	0.01453	0.02584	0.95963
670 A	0.01228	0.03207	0.95565
671 A	0.01217	0.03290	0.95493
672 G	0.01209	0.03333	0.95458
673 A	0.01206	0.03379	0.95415
674 A	0.01212	0.03382	0.95406
675 A	0.01228	0.03367	0.95405
676 A	0.01256	0.03337	0.95407
677 T	0.01270	0.03321	0.95409
678 A	0.01277	0.03312	0.95411
679 A	0.01288	0.03299	0.95413
680 A	0.01306	0.03276	0.95417
681 T	0.01339	0.03230	0.95431
682 T	0.01381	0.03181	0.95438
683 C	0.01419	0.03135	0.95446
684 T	0.01466	0.03084	0.9545
685 C	0.01485	0.03061	0.95455
686 C	0.01509	0.03035	0.95456
687 G	0.01550	0.02993	0.95457
688 A	0.01656	0.02886	0.95458
689 A	0.01871	0.02656	0.95473
690 A	0.02413	0.02098	0.95489
691 T	0.03107	0.01322	0.95571
692 A	0.03488	0.00685	0.95827
693 A	0.03910	0.00000	0.9609
