# lcl|CP097583.1_cds_USQ93237.1_1
# AA	inside	membr	outside
1 A	0.63732	0.00000	0.36267
2 T	0.63358	0.00374	0.36267
3 G	0.63203	0.00529	0.36267
4 A	0.63203	0.03803	0.32993
5 T	0.62645	0.06640	0.30715
6 T	0.62645	0.07207	0.30147
7 T	0.48523	0.21474	0.30003
8 T	0.48522	0.21478	0.3
9 T	0.45654	0.24391	0.29954
10 G	0.45643	0.27561	0.26796
11 A	0.44879	0.28459	0.26661
12 T	0.38420	0.34948	0.26632
13 A	0.26683	0.46906	0.2641
14 A	0.26682	0.46907	0.2641
15 G	0.26682	0.48210	0.25107
16 G	0.26631	0.48261	0.25107
17 T	0.26561	0.48377	0.25061
18 T	0.26553	0.48541	0.24906
19 A	0.25925	0.49365	0.2471
20 A	0.23334	0.54539	0.22127
21 A	0.20810	0.57067	0.22124
22 A	0.20809	0.57161	0.22031
23 A	0.20935	0.57052	0.22013
24 A	0.21503	0.56475	0.22023
25 A	0.22175	0.54542	0.23283
26 T	0.23037	0.53079	0.23884
27 T	0.25245	0.49466	0.25289
28 A	0.27004	0.47006	0.2599
29 T	0.27738	0.44984	0.27278
30 T	0.28188	0.32107	0.39704
31 T	0.27627	0.30624	0.41749
32 G	0.25474	0.29935	0.44592
33 T	0.25378	0.30237	0.44385
34 G	0.20821	0.40363	0.38816
35 A	0.17176	0.44472	0.38351
36 A	0.14546	0.44310	0.41144
37 A	0.12049	0.49490	0.38461
38 G	0.11868	0.52325	0.35807
39 A	0.10094	0.68926	0.2098
40 A	0.09791	0.70179	0.2003
41 A	0.09819	0.70215	0.19965
42 A	0.10024	0.69425	0.20551
43 T	0.12153	0.65023	0.22825
44 C	0.12006	0.63321	0.24673
45 T	0.12012	0.63499	0.24489
46 A	0.11899	0.63725	0.24376
47 T	0.11751	0.63955	0.24295
48 A	0.11585	0.64234	0.24181
49 G	0.10937	0.64965	0.24098
50 A	0.10755	0.65383	0.23863
51 A	0.10623	0.65521	0.23855
52 G	0.10644	0.65530	0.23826
53 A	0.10798	0.64951	0.24251
54 A	0.11120	0.63587	0.25293
55 G	0.11848	0.60251	0.27901
56 A	0.14536	0.56246	0.29217
57 T	0.22069	0.44583	0.33348
58 A	0.25542	0.37885	0.36573
59 A	0.29833	0.31024	0.39144
60 G	0.32623	0.25870	0.41508
61 A	0.35566	0.22005	0.42428
62 T	0.48370	0.07631	0.43998
63 T	0.49684	0.06062	0.44253
64 T	0.50010	0.06120	0.4387
65 T	0.49978	0.07389	0.42633
66 T	0.49575	0.11442	0.38983
67 T	0.48396	0.17335	0.34269
68 T	0.42237	0.26540	0.31223
69 A	0.36909	0.35467	0.27623
70 G	0.34655	0.37905	0.27441
71 A	0.33398	0.39614	0.26989
72 A	0.32855	0.39905	0.27239
73 A	0.32698	0.40082	0.27219
74 C	0.32610	0.40127	0.27263
75 T	0.33028	0.39953	0.27019
76 A	0.33109	0.40209	0.26682
77 G	0.33108	0.40295	0.26597
78 A	0.33063	0.40506	0.26431
79 T	0.33044	0.40762	0.26193
80 T	0.32865	0.41104	0.26032
81 G	0.31853	0.42328	0.25818
82 A	0.31387	0.43006	0.25607
83 A	0.31335	0.43119	0.25547
84 A	0.31416	0.43027	0.25558
85 G	0.31578	0.42782	0.2564
86 A	0.32072	0.42130	0.25798
87 A	0.33087	0.40705	0.26208
88 G	0.35094	0.37597	0.2731
89 A	0.40041	0.31473	0.28486
90 T	0.45616	0.23968	0.30416
91 T	0.48055	0.16159	0.35786
92 T	0.49758	0.10300	0.39942
93 A	0.49884	0.08428	0.41688
94 G	0.50239	0.06657	0.43105
95 C	0.50494	0.05852	0.43654
96 T	0.50835	0.05336	0.43829
97 T	0.51033	0.05139	0.43828
98 T	0.51279	0.05031	0.43691
99 A	0.51470	0.04998	0.43532
100 G	0.51481	0.04941	0.43578
101 A	0.51594	0.04547	0.43859
102 T	0.51913	0.03933	0.44154
103 T	0.52115	0.03401	0.44484
104 C	0.52288	0.02317	0.45395
105 T	0.52429	0.02219	0.45353
106 T	0.52399	0.02389	0.45212
107 T	0.52311	0.02546	0.45143
108 T	0.52060	0.02945	0.44995
109 G	0.51463	0.03573	0.44964
110 A	0.51141	0.03945	0.44915
111 T	0.50978	0.04108	0.44913
112 G	0.50806	0.04291	0.44903
113 C	0.50714	0.04378	0.44909
114 T	0.50645	0.04469	0.44886
115 G	0.50418	0.04759	0.44823
116 T	0.50227	0.05074	0.44699
117 C	0.50109	0.05425	0.44466
118 G	0.50026	0.06878	0.43096
119 A	0.50015	0.08634	0.41351
120 A	0.50061	0.10348	0.39591
121 T	0.50184	0.11013	0.38803
122 T	0.50007	0.11852	0.38141
123 A	0.49260	0.13158	0.37582
124 G	0.49052	0.13631	0.37317
125 T	0.49020	0.13903	0.37077
126 A	0.48765	0.14386	0.36849
127 A	0.48614	0.14700	0.36686
128 T	0.48861	0.14531	0.36608
129 T	0.48944	0.14633	0.36423
130 G	0.48852	0.14966	0.36183
131 A	0.48860	0.15027	0.36114
132 A	0.48838	0.14802	0.3636
133 T	0.48867	0.14681	0.36452
134 T	0.48605	0.15180	0.36215
135 A	0.47963	0.15864	0.36173
136 G	0.47656	0.16150	0.36194
137 A	0.47475	0.16312	0.36213
138 A	0.47404	0.16225	0.36371
139 C	0.47538	0.15902	0.3656
140 A	0.47836	0.15561	0.36603
141 A	0.49212	0.14163	0.36624
142 A	0.51012	0.12335	0.36653
143 T	0.53273	0.09946	0.36782
144 T	0.54300	0.08880	0.3682
145 T	0.54951	0.07858	0.37191
146 T	0.55285	0.06978	0.37737
147 T	0.55373	0.06701	0.37926
148 G	0.55348	0.06698	0.37953
149 A	0.55472	0.06440	0.38089
150 T	0.55726	0.06037	0.38237
151 C	0.55915	0.05762	0.38323
152 T	0.56260	0.05615	0.38125
153 T	0.56339	0.05830	0.37831
154 A	0.56030	0.06828	0.37142
155 A	0.55925	0.07775	0.363
156 A	0.56005	0.08353	0.35641
157 A	0.56302	0.08359	0.35339
158 T	0.56416	0.08194	0.35391
159 T	0.56250	0.08560	0.35191
160 A	0.55802	0.09405	0.34794
161 G	0.54836	0.10274	0.3489
162 T	0.53740	0.11395	0.34864
163 G	0.50937	0.14280	0.34783
164 A	0.48728	0.16650	0.34622
165 C	0.47049	0.18479	0.34471
166 G	0.45795	0.19831	0.34374
167 A	0.45271	0.20463	0.34266
168 A	0.45016	0.20781	0.34203
169 G	0.45105	0.20696	0.34199
170 C	0.45135	0.20654	0.34211
171 T	0.45195	0.20535	0.3427
172 A	0.45038	0.20774	0.34188
173 T	0.44952	0.20869	0.34179
174 G	0.44523	0.21251	0.34226
175 C	0.44231	0.21529	0.34239
176 A	0.44004	0.21680	0.34316
177 A	0.44275	0.21209	0.34516
178 C	0.44975	0.20371	0.34653
179 A	0.45662	0.19771	0.34566
180 A	0.46459	0.19091	0.3445
181 T	0.47195	0.18151	0.34654
182 T	0.47633	0.17420	0.34948
183 T	0.47852	0.16902	0.35245
184 A	0.47248	0.16587	0.36165
185 A	0.46966	0.15691	0.37343
186 A	0.46825	0.13133	0.40042
187 A	0.46805	0.10889	0.42306
188 T	0.46892	0.09039	0.44069
189 T	0.46762	0.08046	0.45192
190 G	0.46374	0.08117	0.4551
191 T	0.46009	0.08631	0.4536
192 A	0.45283	0.09984	0.44734
193 A	0.44699	0.11352	0.43949
194 A	0.44359	0.12384	0.43258
195 A	0.44157	0.14032	0.41811
196 G	0.44098	0.15252	0.4065
197 A	0.44071	0.15058	0.4087
198 T	0.44089	0.14822	0.41088
199 A	0.44044	0.14854	0.41102
200 T	0.44120	0.14681	0.412
201 C	0.43999	0.14829	0.41171
202 G	0.43971	0.15250	0.40779
203 T	0.44050	0.15626	0.40323
204 T	0.44040	0.15929	0.40031
205 A	0.43953	0.16487	0.3956
206 A	0.43939	0.16971	0.3909
207 T	0.44031	0.16480	0.39489
208 T	0.43972	0.16579	0.3945
209 A	0.43959	0.16446	0.39596
210 T	0.44035	0.16114	0.39851
211 G	0.44030	0.16015	0.39954
212 T	0.44138	0.15681	0.4018
213 A	0.44260	0.15237	0.40503
214 G	0.44674	0.14422	0.40903
215 A	0.45348	0.13202	0.4145
216 A	0.46248	0.11797	0.41955
217 A	0.47145	0.10527	0.42328
218 G	0.48929	0.08391	0.4268
219 T	0.50504	0.06658	0.42837
220 A	0.50861	0.06202	0.42937
221 A	0.51302	0.05639	0.43058
222 T	0.52047	0.04685	0.43269
223 T	0.52437	0.04171	0.43392
224 T	0.52645	0.03770	0.43585
225 A	0.52919	0.03357	0.43724
226 T	0.53349	0.02796	0.43855
227 C	0.53569	0.02438	0.43992
228 A	0.53995	0.01924	0.44081
229 T	0.54621	0.01189	0.4419
230 A	0.54960	0.00760	0.4428
231 A	0.55512	0.00000	0.44488
