# lcl|CP097583.1_cds_USQ93490.1_1
# AA	inside	membr	outside
1 A	0.28123	0.00000	0.71877
2 T	0.27933	0.00190	0.71877
3 G	0.27770	0.00353	0.71877
4 A	0.27770	0.07143	0.65086
5 A	0.25952	0.12922	0.61127
6 A	0.25952	0.13190	0.60858
7 A	0.22848	0.16362	0.6079
8 A	0.22848	0.16363	0.60789
9 A	0.22738	0.16479	0.60783
10 A	0.22738	0.16754	0.60508
11 A	0.22733	0.16767	0.60501
12 T	0.22703	0.16798	0.60499
13 A	0.22651	0.16859	0.6049
14 T	0.22651	0.16859	0.6049
15 T	0.22651	0.16967	0.60382
16 T	0.22644	0.16974	0.60382
17 T	0.22632	0.16990	0.60379
18 A	0.22631	0.17004	0.60365
19 A	0.22625	0.17018	0.60357
20 T	0.22619	0.17059	0.60322
21 T	0.22589	0.17069	0.60343
22 T	0.22723	0.16928	0.60348
23 G	0.22804	0.16788	0.60408
24 T	0.23201	0.16353	0.60446
25 A	0.23395	0.15890	0.60716
26 A	0.23730	0.15317	0.60952
27 T	0.29998	0.08505	0.61497
28 T	0.33390	0.03605	0.63006
29 T	0.33585	0.03190	0.63225
30 T	0.33682	0.00970	0.65349
31 T	0.33687	0.00989	0.65324
32 G	0.33663	0.00983	0.65355
33 T	0.33724	0.00981	0.65295
34 T	0.33549	0.01327	0.65124
35 T	0.33448	0.01475	0.65077
36 A	0.33283	0.01639	0.65078
37 A	0.33183	0.01765	0.65053
38 G	0.33123	0.01827	0.6505
39 T	0.32992	0.02003	0.65004
40 C	0.32939	0.02086	0.64975
41 G	0.32943	0.02164	0.64893
42 T	0.32956	0.02516	0.64528
43 A	0.32963	0.02667	0.6437
44 A	0.32960	0.02974	0.64066
45 T	0.32993	0.02943	0.64064
46 T	0.32989	0.02941	0.6407
47 A	0.32937	0.03011	0.64053
48 T	0.32938	0.03005	0.64057
49 C	0.32915	0.03051	0.64034
50 A	0.32854	0.03128	0.64017
51 T	0.32812	0.03191	0.63997
52 G	0.32446	0.03608	0.63946
53 T	0.32352	0.03743	0.63905
54 T	0.32258	0.03909	0.63833
55 A	0.32047	0.04273	0.6368
56 A	0.31991	0.04304	0.63706
57 T	0.32094	0.04009	0.63896
58 G	0.32065	0.03931	0.64004
59 T	0.32032	0.03824	0.64144
60 A	0.31843	0.03948	0.64209
61 G	0.31750	0.03919	0.64331
62 C	0.31801	0.03769	0.64431
63 T	0.31844	0.03698	0.64458
64 A	0.31872	0.03666	0.64463
65 A	0.32154	0.03378	0.64468
66 T	0.32315	0.03193	0.64491
67 C	0.32509	0.02993	0.64498
68 G	0.32493	0.03026	0.64482
69 T	0.32512	0.03051	0.64437
70 A	0.32511	0.03143	0.64345
71 T	0.32522	0.03255	0.64224
72 T	0.32498	0.03270	0.64233
73 A	0.32325	0.03370	0.64304
74 A	0.32313	0.03256	0.64431
75 T	0.32371	0.02708	0.6492
76 C	0.32392	0.02483	0.65126
77 G	0.32447	0.02319	0.65235
78 T	0.32634	0.01996	0.6537
79 T	0.32705	0.01886	0.6541
80 T	0.32721	0.01865	0.65413
81 G	0.32717	0.01878	0.65405
82 A	0.32722	0.01891	0.65387
83 T	0.32739	0.01752	0.65509
84 T	0.32737	0.01741	0.65522
85 T	0.32712	0.01885	0.65403
86 T	0.32611	0.02174	0.65215
87 A	0.32384	0.02971	0.64645
88 A	0.32092	0.03768	0.64139
89 A	0.31753	0.04982	0.63264
90 A	0.31539	0.05772	0.62688
91 A	0.30879	0.06921	0.622
92 A	0.30470	0.07844	0.61686
93 A	0.30523	0.08102	0.61376
94 T	0.30601	0.08350	0.6105
95 A	0.30537	0.08542	0.60922
96 T	0.30540	0.08394	0.61066
97 T	0.30513	0.08393	0.61094
98 G	0.30328	0.08560	0.61111
99 T	0.30246	0.08623	0.61131
100 C	0.30081	0.08760	0.6116
101 C	0.29926	0.08908	0.61166
102 C	0.29892	0.08941	0.61166
103 C	0.29866	0.08973	0.61162
104 A	0.29863	0.08978	0.61158
105 G	0.29934	0.08911	0.61154
106 T	0.30047	0.08802	0.61151
107 G	0.29913	0.08935	0.61152
108 C	0.29941	0.08895	0.61164
109 A	0.29875	0.08991	0.61135
110 A	0.30070	0.08831	0.611
111 A	0.30362	0.08347	0.61291
112 A	0.31190	0.07275	0.61535
113 A	0.31782	0.06513	0.61705
114 A	0.32267	0.05222	0.62511
115 C	0.32785	0.04173	0.63043
116 A	0.33030	0.04118	0.62852
117 T	0.33280	0.04003	0.62717
118 G	0.32908	0.04872	0.6222
119 T	0.32922	0.04967	0.62111
120 T	0.32840	0.05031	0.62129
121 T	0.32579	0.05077	0.62344
122 T	0.32416	0.05121	0.62463
123 G	0.32148	0.05237	0.62615
124 C	0.32138	0.05104	0.62758
125 A	0.32134	0.05082	0.62783
126 T	0.32138	0.05040	0.62821
127 G	0.32141	0.05010	0.62849
128 A	0.32147	0.04985	0.62868
129 A	0.32156	0.04953	0.62892
130 G	0.32177	0.04685	0.63138
131 A	0.32209	0.04519	0.63272
132 A	0.32349	0.04143	0.63509
133 T	0.32548	0.03634	0.63818
134 C	0.32569	0.03429	0.64003
135 A	0.32592	0.03352	0.64056
136 A	0.32639	0.03250	0.64111
137 A	0.32713	0.03104	0.64183
138 A	0.32825	0.02918	0.64257
139 T	0.33209	0.02403	0.64387
140 A	0.33439	0.01752	0.64809
141 A	0.34017	0.00000	0.65983
