# lcl|CP097583.1_cds_USQ93532.1_1
# AA	inside	membr	outside
1 A	0.07146	0.00000	0.92854
2 T	0.07144	0.00002	0.92854
3 G	0.07140	0.00006	0.92854
4 A	0.07140	0.00017	0.92844
5 G	0.07123	0.00041	0.92837
6 A	0.07123	0.00042	0.92835
7 A	0.07090	0.00076	0.92834
8 A	0.07090	0.00076	0.92834
9 T	0.07088	0.00078	0.92834
10 T	0.07088	0.00087	0.92825
11 T	0.07087	0.00088	0.92825
12 C	0.07074	0.00102	0.92825
13 T	0.07064	0.00113	0.92823
14 T	0.07064	0.00113	0.92823
15 T	0.07064	0.00135	0.92801
16 T	0.07063	0.00137	0.92801
17 T	0.07060	0.00140	0.92801
18 T	0.07060	0.00140	0.92801
19 T	0.07052	0.00148	0.928
20 C	0.07011	0.00192	0.92796
21 T	0.06989	0.00214	0.92796
22 T	0.06989	0.00217	0.92794
23 T	0.06989	0.00223	0.92788
24 T	0.06990	0.00230	0.9278
25 T	0.06990	0.00249	0.92762
26 T	0.06985	0.00268	0.92746
27 T	0.06976	0.00306	0.92718
28 A	0.06910	0.00429	0.92661
29 A	0.06808	0.00565	0.92627
30 A	0.06760	0.00616	0.92624
31 G	0.06737	0.00695	0.92568
32 T	0.06726	0.00742	0.92532
33 T	0.06718	0.00780	0.92503
34 T	0.06675	0.00885	0.9244
35 T	0.06629	0.00967	0.92404
36 A	0.06575	0.01044	0.92381
37 A	0.06547	0.01087	0.92366
38 G	0.06552	0.01086	0.92362
39 T	0.06547	0.01086	0.92367
40 T	0.06542	0.01084	0.92374
41 A	0.06533	0.01088	0.9238
42 T	0.06526	0.01085	0.92389
43 C	0.06513	0.01066	0.9242
44 G	0.06504	0.01064	0.92432
45 C	0.06485	0.01083	0.92433
46 C	0.06476	0.01093	0.92431
47 A	0.06474	0.01099	0.92427
48 T	0.06486	0.01091	0.92424
49 A	0.06432	0.01151	0.92416
50 A	0.06442	0.01138	0.9242
51 T	0.06506	0.01014	0.9248
52 A	0.06515	0.00896	0.92588
53 G	0.06542	0.00807	0.92651
54 T	0.06623	0.00693	0.92683
55 T	0.06661	0.00636	0.92703
56 A	0.06673	0.00605	0.92722
57 T	0.06726	0.00511	0.92763
58 T	0.06748	0.00450	0.92803
59 T	0.06748	0.00404	0.92848
60 T	0.06734	0.00395	0.92871
61 T	0.06706	0.00412	0.92882
62 C	0.06665	0.00446	0.92888
63 T	0.06628	0.00483	0.92888
64 A	0.06517	0.00596	0.92887
65 A	0.06458	0.00657	0.92885
66 T	0.06432	0.00684	0.92884
67 A	0.06391	0.00736	0.92873
68 G	0.06371	0.00741	0.92888
69 T	0.06369	0.00730	0.92901
70 A	0.06363	0.00729	0.92908
71 A	0.06362	0.00719	0.92919
72 T	0.06371	0.00640	0.92989
73 T	0.06373	0.00619	0.93009
74 A	0.06371	0.00615	0.93014
75 T	0.06374	0.00588	0.93037
76 T	0.06374	0.00577	0.93048
77 T	0.06372	0.00579	0.93049
78 A	0.06369	0.00594	0.93038
79 G	0.06370	0.00588	0.93042
80 T	0.06371	0.00581	0.93047
81 T	0.06368	0.00583	0.93049
82 T	0.06363	0.00586	0.93051
83 T	0.06357	0.00592	0.93051
84 A	0.06321	0.00651	0.93028
85 G	0.06285	0.00711	0.93004
86 A	0.06255	0.00848	0.92897
87 A	0.06248	0.00834	0.92918
88 G	0.06238	0.00819	0.92943
89 G	0.06233	0.00870	0.92896
90 A	0.06240	0.00949	0.92811
91 T	0.06250	0.00979	0.92771
92 T	0.06249	0.01031	0.9272
93 A	0.06239	0.01079	0.92682
94 T	0.06236	0.01080	0.92683
95 T	0.06226	0.01091	0.92682
96 A	0.06201	0.01119	0.92681
97 G	0.06189	0.01125	0.92685
98 C	0.06184	0.01128	0.92688
99 A	0.06178	0.01134	0.92688
100 A	0.06184	0.01127	0.92689
101 C	0.06207	0.01100	0.92693
102 T	0.06224	0.01082	0.92694
103 G	0.06232	0.01073	0.92694
104 T	0.06255	0.01045	0.927
105 C	0.06269	0.01024	0.92707
106 A	0.06289	0.01002	0.92708
107 A	0.06335	0.00926	0.92739
108 A	0.06408	0.00821	0.92771
109 T	0.06564	0.00635	0.928
110 T	0.06651	0.00538	0.92811
111 A	0.06687	0.00480	0.92833
112 A	0.06762	0.00383	0.92855
113 T	0.06879	0.00247	0.92874
114 T	0.06929	0.00186	0.92885
115 T	0.06972	0.00130	0.92897
116 T	0.06996	0.00090	0.92914
117 T	0.06998	0.00079	0.92923
118 T	0.07000	0.00067	0.92933
119 T	0.07001	0.00048	0.92951
120 A	0.06997	0.00042	0.9296
121 T	0.06996	0.00036	0.92969
122 C	0.06994	0.00031	0.92976
123 T	0.06993	0.00031	0.92976
124 T	0.06991	0.00033	0.92977
125 G	0.06988	0.00037	0.92976
126 T	0.06987	0.00038	0.92975
127 T	0.06987	0.00040	0.92974
128 T	0.06986	0.00040	0.92974
129 T	0.06984	0.00041	0.92975
130 A	0.06983	0.00042	0.92975
131 T	0.06982	0.00042	0.92975
132 T	0.06981	0.00043	0.92975
133 T	0.06980	0.00044	0.92976
134 C	0.06977	0.00047	0.92977
135 T	0.06974	0.00050	0.92976
136 T	0.06972	0.00053	0.92976
137 C	0.06969	0.00056	0.92974
138 T	0.06967	0.00060	0.92973
139 A	0.06965	0.00064	0.92971
140 T	0.06962	0.00068	0.9297
141 T	0.06943	0.00088	0.92969
142 T	0.06903	0.00134	0.92963
143 T	0.06868	0.00169	0.92964
144 A	0.06821	0.00216	0.92964
145 G	0.06793	0.00241	0.92965
146 G	0.06781	0.00253	0.92966
147 T	0.06781	0.00253	0.92966
148 T	0.06777	0.00262	0.92961
149 T	0.06769	0.00272	0.92959
150 T	0.06756	0.00287	0.92957
151 T	0.06742	0.00303	0.92955
152 T	0.06720	0.00326	0.92954
153 A	0.06696	0.00351	0.92953
154 T	0.06688	0.00358	0.92955
155 T	0.06676	0.00368	0.92956
156 A	0.06645	0.00397	0.92957
157 G	0.06624	0.00414	0.92961
158 C	0.06611	0.00424	0.92964
159 T	0.06602	0.00434	0.92965
160 A	0.06587	0.00448	0.92964
161 T	0.06581	0.00454	0.92965
162 A	0.06570	0.00464	0.92965
163 T	0.06565	0.00465	0.9297
164 A	0.06548	0.00454	0.92998
165 T	0.06547	0.00411	0.93042
166 T	0.06526	0.00406	0.93068
167 T	0.06493	0.00407	0.931
168 A	0.06415	0.00468	0.93117
169 T	0.06365	0.00510	0.93125
170 A	0.06257	0.00623	0.9312
171 T	0.06195	0.00685	0.9312
172 T	0.06120	0.00755	0.93124
173 T	0.05907	0.00967	0.93127
174 A	0.05428	0.01468	0.93104
175 T	0.04992	0.01931	0.93076
176 T	0.04007	0.02996	0.92997
177 A	0.01802	0.05387	0.9281
178 A	0.01393	0.05956	0.9265
179 A	0.01131	0.06284	0.92585
180 A	0.00987	0.06455	0.92559
181 A	0.00883	0.06582	0.92535
182 T	0.00833	0.06638	0.92529
183 A	0.00593	0.06881	0.92525
184 A	0.00472	0.07004	0.92523
185 A	0.00419	0.07050	0.9253
186 A	0.00389	0.07072	0.92539
187 A	0.00376	0.07065	0.9256
188 A	0.00365	0.07055	0.9258
189 T	0.00361	0.07024	0.92615
190 A	0.00350	0.06997	0.92654
191 A	0.00341	0.06937	0.92722
192 A	0.00332	0.06885	0.92782
193 A	0.00330	0.06769	0.92901
194 T	0.00333	0.06632	0.93035
195 A	0.00317	0.06526	0.93156
196 A	0.00317	0.06247	0.93436
197 A	0.00351	0.05665	0.93984
198 A	0.00410	0.05071	0.94519
199 A	0.00515	0.03936	0.95549
200 C	0.00721	0.01680	0.97599
201 T	0.00898	0.01227	0.97875
202 T	0.00969	0.00999	0.98032
203 A	0.00995	0.00901	0.98104
204 T	0.01024	0.00800	0.98176
205 T	0.01029	0.00767	0.98204
206 T	0.01021	0.00537	0.98441
207 T	0.00997	0.00464	0.98539
208 T	0.00968	0.00485	0.98546
209 T	0.00921	0.00580	0.98498
210 A	0.00840	0.00697	0.98464
211 A	0.00773	0.00777	0.98451
212 T	0.00743	0.00801	0.98455
213 A	0.00703	0.00853	0.98444
214 A	0.00692	0.00869	0.98439
215 A	0.00694	0.00852	0.98454
216 T	0.00700	0.00832	0.98468
217 A	0.00703	0.00821	0.98477
218 A	0.00713	0.00788	0.98499
219 T	0.00718	0.00766	0.98516
220 T	0.00720	0.00755	0.98525
221 T	0.00723	0.00749	0.98528
222 T	0.00725	0.00745	0.9853
223 A	0.00726	0.00744	0.9853
224 T	0.00730	0.00740	0.9853
225 T	0.00734	0.00734	0.98532
226 A	0.00739	0.00727	0.98534
227 A	0.00751	0.00708	0.98541
228 T	0.00777	0.00662	0.98561
229 A	0.00797	0.00614	0.9859
230 T	0.00840	0.00521	0.98639
231 T	0.00893	0.00422	0.98685
232 G	0.00945	0.00321	0.98735
233 T	0.00986	0.00224	0.9879
234 T	0.01010	0.00159	0.98831
235 A	0.01015	0.00136	0.98849
236 T	0.01035	0.00090	0.98875
237 T	0.01044	0.00071	0.98884
238 T	0.01040	0.00072	0.98887
239 C	0.01034	0.00077	0.98889
240 T	0.01029	0.00081	0.9889
241 A	0.01022	0.00087	0.9889
242 C	0.01018	0.00091	0.98891
243 T	0.01016	0.00093	0.98891
244 C	0.01011	0.00097	0.98891
245 C	0.01010	0.00099	0.98891
246 G	0.01010	0.00099	0.98892
247 T	0.01011	0.00097	0.98892
248 A	0.01011	0.00098	0.98891
249 T	0.01012	0.00096	0.98891
250 T	0.01012	0.00097	0.98891
251 T	0.01011	0.00095	0.98894
252 G	0.01008	0.00096	0.98896
253 A	0.01007	0.00098	0.98895
254 T	0.01007	0.00095	0.98897
255 G	0.01006	0.00095	0.98899
256 T	0.01007	0.00099	0.98894
257 T	0.01008	0.00100	0.98892
258 A	0.01006	0.00102	0.98893
259 G	0.01005	0.00100	0.98895
260 T	0.01004	0.00098	0.98898
261 T	0.01003	0.00094	0.98904
262 A	0.01002	0.00089	0.9891
263 T	0.01000	0.00085	0.98915
264 T	0.00997	0.00083	0.98921
265 T	0.00993	0.00084	0.98923
266 T	0.00981	0.00098	0.98921
267 A	0.00970	0.00113	0.98918
268 A	0.00966	0.00115	0.98919
269 T	0.00965	0.00115	0.98921
270 A	0.00960	0.00120	0.9892
271 A	0.00957	0.00122	0.98921
272 C	0.00954	0.00122	0.98924
273 T	0.00944	0.00131	0.98925
274 A	0.00929	0.00146	0.98926
275 A	0.00925	0.00147	0.98928
276 T	0.00926	0.00144	0.9893
277 C	0.00924	0.00146	0.9893
278 A	0.00924	0.00145	0.98932
279 T	0.00930	0.00136	0.98933
280 T	0.00932	0.00133	0.98935
281 T	0.00931	0.00133	0.98935
282 T	0.00925	0.00139	0.98936
283 T	0.00908	0.00155	0.98938
284 T	0.00882	0.00179	0.98939
285 A	0.00838	0.00220	0.98942
286 G	0.00807	0.00247	0.98947
287 G	0.00789	0.00259	0.98952
288 A	0.00782	0.00262	0.98956
289 C	0.00781	0.00251	0.98968
290 C	0.00782	0.00244	0.98974
291 A	0.00781	0.00244	0.98975
292 A	0.00782	0.00243	0.98976
293 A	0.00783	0.00239	0.98978
294 T	0.00784	0.00235	0.9898
295 T	0.00785	0.00231	0.98985
296 T	0.00784	0.00217	0.98999
297 T	0.00783	0.00203	0.99015
298 A	0.00780	0.00200	0.99019
299 G	0.00779	0.00198	0.99023
300 A	0.00779	0.00197	0.99024
301 T	0.00779	0.00194	0.99027
302 G	0.00779	0.00190	0.99031
303 T	0.00780	0.00186	0.99034
304 T	0.00781	0.00180	0.9904
305 A	0.00781	0.00172	0.99047
306 T	0.00781	0.00152	0.99067
307 T	0.00781	0.00130	0.9909
308 A	0.00777	0.00101	0.99122
309 T	0.00774	0.00075	0.9915
310 G	0.00771	0.00063	0.99167
311 G	0.00770	0.00057	0.99174
312 A	0.00769	0.00054	0.99177
313 T	0.00768	0.00051	0.99181
314 T	0.00767	0.00051	0.99182
315 T	0.00764	0.00055	0.99182
316 A	0.00759	0.00060	0.99181
317 A	0.00756	0.00062	0.99182
318 A	0.00755	0.00063	0.99183
319 G	0.00754	0.00061	0.99184
320 C	0.00755	0.00059	0.99186
321 A	0.00756	0.00057	0.99187
322 G	0.00758	0.00054	0.99188
323 C	0.00761	0.00050	0.99189
324 T	0.00765	0.00046	0.99189
325 C	0.00767	0.00044	0.99189
326 T	0.00771	0.00040	0.99189
327 T	0.00774	0.00037	0.99189
328 T	0.00775	0.00036	0.99189
329 T	0.00775	0.00035	0.9919
330 T	0.00776	0.00034	0.9919
331 T	0.00776	0.00029	0.99195
332 G	0.00776	0.00027	0.99197
333 T	0.00777	0.00023	0.99201
334 T	0.00777	0.00021	0.99202
335 T	0.00777	0.00020	0.99203
336 A	0.00777	0.00019	0.99204
337 A	0.00778	0.00017	0.99205
338 G	0.00779	0.00012	0.99209
339 T	0.00779	0.00007	0.99213
340 T	0.00780	0.00005	0.99215
341 T	0.00780	0.00004	0.99216
342 T	0.00780	0.00003	0.99216
343 G	0.00780	0.00003	0.99217
344 T	0.00780	0.00003	0.99217
345 T	0.00780	0.00003	0.99217
346 T	0.00780	0.00004	0.99217
347 T	0.00780	0.00004	0.99216
348 A	0.00779	0.00005	0.99215
349 A	0.00777	0.00007	0.99215
350 T	0.00777	0.00008	0.99215
351 T	0.00776	0.00009	0.99216
352 T	0.00774	0.00010	0.99216
353 G	0.00771	0.00014	0.99216
354 C	0.00769	0.00015	0.99216
355 G	0.00768	0.00017	0.99214
356 T	0.00768	0.00018	0.99214
357 T	0.00768	0.00019	0.99214
358 T	0.00767	0.00020	0.99214
359 T	0.00762	0.00025	0.99213
360 C	0.00754	0.00033	0.99214
361 T	0.00750	0.00036	0.99214
362 C	0.00745	0.00042	0.99214
363 T	0.00741	0.00046	0.99214
364 C	0.00730	0.00057	0.99214
365 G	0.00721	0.00066	0.99214
366 C	0.00719	0.00068	0.99213
367 A	0.00717	0.00070	0.99212
368 A	0.00717	0.00071	0.99212
369 T	0.00717	0.00071	0.99211
370 T	0.00716	0.00072	0.99211
371 G	0.00712	0.00077	0.99211
372 T	0.00709	0.00077	0.99214
373 G	0.00700	0.00086	0.99214
374 A	0.00695	0.00090	0.99215
375 A	0.00693	0.00090	0.99216
376 C	0.00693	0.00088	0.99219
377 A	0.00692	0.00090	0.99218
378 A	0.00693	0.00089	0.99217
379 G	0.00694	0.00091	0.99216
380 T	0.00694	0.00094	0.99211
381 A	0.00693	0.00104	0.99203
382 T	0.00693	0.00099	0.99207
383 T	0.00692	0.00095	0.99213
384 T	0.00689	0.00093	0.99217
385 T	0.00683	0.00096	0.99221
386 T	0.00670	0.00106	0.99224
387 A	0.00656	0.00114	0.9923
388 C	0.00648	0.00116	0.99237
389 A	0.00641	0.00128	0.99231
390 A	0.00634	0.00144	0.99222
391 A	0.00632	0.00168	0.99199
392 T	0.00629	0.00197	0.99174
393 T	0.00625	0.00207	0.99168
394 A	0.00622	0.00207	0.99172
395 A	0.00620	0.00205	0.99176
396 T	0.00617	0.00199	0.99184
397 C	0.00610	0.00202	0.99188
398 C	0.00603	0.00209	0.99188
399 A	0.00569	0.00248	0.99183
400 G	0.00564	0.00257	0.99179
401 A	0.00563	0.00261	0.99176
402 A	0.00564	0.00261	0.99176
403 A	0.00569	0.00256	0.99175
404 T	0.00578	0.00244	0.99177
405 T	0.00581	0.00238	0.99181
406 T	0.00582	0.00233	0.99185
407 A	0.00576	0.00234	0.9919
408 T	0.00573	0.00229	0.99199
409 C	0.00569	0.00220	0.9921
410 A	0.00566	0.00218	0.99217
411 A	0.00564	0.00215	0.99221
412 A	0.00568	0.00205	0.99227
413 C	0.00577	0.00190	0.99233
414 A	0.00598	0.00167	0.99234
415 G	0.00623	0.00137	0.9924
416 C	0.00629	0.00126	0.99244
417 T	0.00631	0.00124	0.99245
418 T	0.00629	0.00126	0.99245
419 A	0.00625	0.00128	0.99248
420 T	0.00626	0.00122	0.99253
421 A	0.00624	0.00122	0.99254
422 C	0.00626	0.00089	0.99285
423 T	0.00627	0.00095	0.99279
424 T	0.00624	0.00107	0.9927
425 T	0.00597	0.00148	0.99255
426 A	0.00496	0.00267	0.99237
427 G	0.00448	0.00316	0.99236
428 G	0.00429	0.00333	0.99238
429 A	0.00416	0.00344	0.9924
430 G	0.00408	0.00346	0.99246
431 C	0.00404	0.00350	0.99246
432 T	0.00400	0.00360	0.9924
433 A	0.00388	0.00390	0.99222
434 G	0.00382	0.00404	0.99214
435 T	0.00379	0.00414	0.99207
436 A	0.00374	0.00430	0.99195
437 A	0.00372	0.00434	0.99194
438 A	0.00371	0.00434	0.99195
439 A	0.00370	0.00433	0.99197
440 A	0.00371	0.00431	0.99198
441 A	0.00372	0.00425	0.99202
442 C	0.00375	0.00416	0.99208
443 A	0.00379	0.00411	0.9921
444 A	0.00386	0.00400	0.99214
445 T	0.00404	0.00377	0.99219
446 T	0.00419	0.00356	0.99225
447 T	0.00428	0.00342	0.9923
448 A	0.00434	0.00305	0.99261
449 T	0.00445	0.00201	0.99354
450 T	0.00445	0.00158	0.99396
451 A	0.00446	0.00144	0.9941
452 T	0.00450	0.00130	0.9942
453 A	0.00452	0.00126	0.99422
454 T	0.00461	0.00116	0.99423
455 A	0.00470	0.00109	0.99421
456 T	0.00493	0.00077	0.9943
457 T	0.00501	0.00071	0.99427
458 T	0.00507	0.00092	0.99402
459 T	0.00512	0.00099	0.9939
460 T	0.00512	0.00105	0.99382
461 T	0.00512	0.00114	0.99374
462 A	0.00510	0.00126	0.99364
463 T	0.00506	0.00138	0.99356
464 T	0.00495	0.00157	0.99348
465 A	0.00463	0.00198	0.99339
466 A	0.00443	0.00222	0.99335
467 A	0.00424	0.00244	0.99331
468 A	0.00417	0.00255	0.99328
469 G	0.00414	0.00257	0.99328
470 A	0.00414	0.00258	0.99329
471 A	0.00415	0.00256	0.99329
472 T	0.00417	0.00254	0.99329
473 C	0.00417	0.00253	0.9933
474 T	0.00420	0.00251	0.99329
475 A	0.00421	0.00250	0.99329
476 G	0.00426	0.00245	0.99329
477 A	0.00431	0.00240	0.99329
478 T	0.00442	0.00229	0.99329
479 C	0.00448	0.00221	0.9933
480 C	0.00461	0.00208	0.9933
481 T	0.00494	0.00175	0.9933
482 T	0.00511	0.00158	0.9933
483 T	0.00519	0.00151	0.9933
484 T	0.00525	0.00146	0.9933
485 T	0.00529	0.00140	0.9933
486 A	0.00532	0.00132	0.99336
487 A	0.00538	0.00113	0.99349
488 T	0.00548	0.00073	0.99379
489 A	0.00550	0.00053	0.99397
490 T	0.00553	0.00033	0.99414
491 T	0.00555	0.00025	0.99421
492 A	0.00554	0.00023	0.99423
493 A	0.00554	0.00022	0.99425
494 A	0.00554	0.00020	0.99426
495 A	0.00555	0.00018	0.99427
496 T	0.00556	0.00016	0.99429
497 T	0.00557	0.00014	0.9943
498 G	0.00557	0.00013	0.99431
499 G	0.00557	0.00012	0.99431
500 T	0.00557	0.00011	0.99432
501 T	0.00557	0.00011	0.99432
502 T	0.00558	0.00011	0.99432
503 C	0.00558	0.00011	0.99432
504 G	0.00558	0.00010	0.99432
505 C	0.00559	0.00010	0.99432
506 T	0.00560	0.00009	0.99432
507 T	0.00561	0.00008	0.99432
508 T	0.00562	0.00007	0.99431
509 T	0.00562	0.00007	0.99431
510 T	0.00562	0.00007	0.99431
511 A	0.00562	0.00006	0.99431
512 T	0.00562	0.00005	0.99432
513 T	0.00562	0.00005	0.99432
514 T	0.00562	0.00004	0.99434
515 C	0.00562	0.00004	0.99434
516 T	0.00562	0.00004	0.99435
517 G	0.00562	0.00004	0.99435
518 C	0.00561	0.00004	0.99435
519 G	0.00561	0.00005	0.99434
520 T	0.00562	0.00004	0.99434
521 T	0.00562	0.00004	0.99434
522 A	0.00562	0.00004	0.99434
523 G	0.00562	0.00004	0.99434
524 C	0.00562	0.00004	0.99434
525 T	0.00562	0.00004	0.99434
526 T	0.00562	0.00004	0.99434
527 A	0.00562	0.00004	0.99434
528 T	0.00562	0.00004	0.99434
529 T	0.00562	0.00004	0.99434
530 C	0.00562	0.00004	0.99434
531 T	0.00562	0.00004	0.99434
532 A	0.00562	0.00004	0.99434
533 G	0.00562	0.00004	0.99434
534 T	0.00563	0.00004	0.99433
535 G	0.00563	0.00005	0.99432
536 T	0.00563	0.00005	0.99432
537 T	0.00562	0.00005	0.99432
538 T	0.00562	0.00005	0.99432
539 T	0.00562	0.00005	0.99433
540 G	0.00561	0.00006	0.99433
541 C	0.00560	0.00007	0.99433
542 A	0.00560	0.00008	0.99432
543 T	0.00560	0.00009	0.99431
544 A	0.00560	0.00010	0.9943
545 T	0.00560	0.00011	0.9943
546 T	0.00559	0.00012	0.99429
547 T	0.00559	0.00015	0.99426
548 T	0.00558	0.00016	0.99426
549 A	0.00558	0.00016	0.99426
550 G	0.00556	0.00018	0.99426
551 G	0.00555	0.00019	0.99426
552 C	0.00553	0.00021	0.99425
553 C	0.00552	0.00022	0.99425
554 A	0.00552	0.00023	0.99425
555 A	0.00552	0.00023	0.99425
556 G	0.00552	0.00023	0.99425
557 C	0.00552	0.00023	0.99425
558 T	0.00553	0.00022	0.99425
559 G	0.00553	0.00022	0.99426
560 G	0.00553	0.00022	0.99425
561 T	0.00554	0.00021	0.99425
562 T	0.00554	0.00021	0.99425
563 T	0.00554	0.00020	0.99426
564 G	0.00553	0.00021	0.99426
565 A	0.00553	0.00021	0.99426
566 T	0.00553	0.00021	0.99427
567 C	0.00552	0.00022	0.99427
568 G	0.00551	0.00023	0.99426
569 G	0.00552	0.00024	0.99424
570 T	0.00553	0.00027	0.99421
571 A	0.00551	0.00035	0.99415
572 T	0.00551	0.00041	0.99408
573 A	0.00550	0.00052	0.99398
574 A	0.00550	0.00061	0.99389
575 T	0.00550	0.00064	0.99386
576 T	0.00550	0.00070	0.9938
577 T	0.00548	0.00074	0.99378
578 A	0.00544	0.00081	0.99375
579 T	0.00541	0.00087	0.99372
580 A	0.00528	0.00107	0.99365
581 C	0.00524	0.00114	0.99362
582 A	0.00521	0.00125	0.99354
583 T	0.00521	0.00130	0.99349
584 A	0.00518	0.00136	0.99346
585 T	0.00518	0.00140	0.99342
586 G	0.00515	0.00147	0.99338
587 G	0.00510	0.00153	0.99337
588 A	0.00509	0.00156	0.99335
589 T	0.00508	0.00158	0.99335
590 G	0.00507	0.00158	0.99336
591 G	0.00507	0.00157	0.99337
592 A	0.00507	0.00156	0.99336
593 A	0.00510	0.00153	0.99337
594 C	0.00516	0.00146	0.99338
595 G	0.00522	0.00143	0.99334
596 A	0.00532	0.00140	0.99328
597 T	0.00542	0.00136	0.99322
598 G	0.00544	0.00143	0.99313
599 G	0.00549	0.00155	0.99296
600 T	0.00553	0.00154	0.99294
601 A	0.00555	0.00157	0.99288
602 A	0.00559	0.00158	0.99283
603 T	0.00569	0.00141	0.99291
604 C	0.00571	0.00138	0.99292
605 T	0.00577	0.00141	0.99282
606 T	0.00577	0.00153	0.9927
607 A	0.00570	0.00176	0.99254
608 A	0.00570	0.00184	0.99246
609 T	0.00574	0.00186	0.9924
610 T	0.00573	0.00195	0.99231
611 T	0.00569	0.00221	0.9921
612 T	0.00560	0.00249	0.9919
613 A	0.00547	0.00286	0.99168
614 A	0.00524	0.00334	0.99142
615 A	0.00508	0.00379	0.99114
616 A	0.00497	0.00394	0.99108
617 A	0.00490	0.00409	0.99102
618 A	0.00490	0.00411	0.991
619 G	0.00495	0.00406	0.991
620 C	0.00500	0.00403	0.99097
621 A	0.00508	0.00406	0.99086
622 G	0.00523	0.00401	0.99076
623 G	0.00530	0.00403	0.99068
624 A	0.00543	0.00401	0.99057
625 T	0.00561	0.00388	0.99051
626 T	0.00571	0.00384	0.99044
627 T	0.00577	0.00380	0.99044
628 A	0.00580	0.00380	0.9904
629 A	0.00586	0.00378	0.99036
630 T	0.00599	0.00360	0.99041
631 C	0.00604	0.00361	0.99034
632 A	0.00612	0.00379	0.99008
633 A	0.00626	0.00388	0.98986
634 T	0.00652	0.00367	0.9898
635 T	0.00662	0.00360	0.98977
636 A	0.00663	0.00373	0.98963
637 G	0.00679	0.00352	0.98969
638 A	0.00700	0.00345	0.98956
639 A	0.00702	0.00374	0.98924
640 T	0.00711	0.00363	0.98927
641 T	0.00714	0.00362	0.98924
642 A	0.00709	0.00380	0.98911
643 A	0.00711	0.00383	0.98906
644 C	0.00720	0.00377	0.98902
645 T	0.00730	0.00381	0.98889
646 T	0.00736	0.00379	0.98886
647 T	0.00740	0.00377	0.98884
648 A	0.00738	0.00381	0.98882
649 A	0.00740	0.00380	0.9888
650 C	0.00742	0.00377	0.98881
651 A	0.00747	0.00373	0.98881
652 T	0.00761	0.00359	0.9888
653 A	0.00769	0.00352	0.9888
654 T	0.00786	0.00335	0.98879
655 A	0.00808	0.00313	0.98879
656 T	0.00837	0.00277	0.98886
657 T	0.00847	0.00263	0.9889
658 A	0.00856	0.00250	0.98895
659 T	0.00876	0.00220	0.98904
660 A	0.00889	0.00208	0.98903
661 A	0.00914	0.00182	0.98904
662 T	0.00957	0.00136	0.98908
663 T	0.00965	0.00128	0.98906
664 A	0.00970	0.00123	0.98907
665 T	0.00986	0.00103	0.9891
666 A	0.00990	0.00100	0.98909
667 T	0.00995	0.00097	0.98908
668 T	0.01003	0.00090	0.98906
669 T	0.01005	0.00090	0.98905
670 T	0.01003	0.00095	0.98902
671 T	0.00996	0.00106	0.98898
672 A	0.00972	0.00136	0.98892
673 T	0.00960	0.00150	0.9889
674 T	0.00943	0.00170	0.98888
675 A	0.00914	0.00200	0.98886
676 G	0.00904	0.00210	0.98886
677 T	0.00900	0.00215	0.98885
678 T	0.00888	0.00229	0.98883
679 C	0.00865	0.00255	0.9888
680 A	0.00851	0.00276	0.98873
681 A	0.00847	0.00283	0.9887
682 A	0.00847	0.00286	0.98867
683 T	0.00854	0.00283	0.98863
684 T	0.00857	0.00283	0.9886
685 G	0.00855	0.00288	0.98857
686 T	0.00858	0.00288	0.98854
687 A	0.00859	0.00291	0.9885
688 A	0.00861	0.00291	0.98847
689 A	0.00866	0.00286	0.98848
690 T	0.00875	0.00275	0.98849
691 T	0.00882	0.00268	0.9885
692 T	0.00889	0.00260	0.98851
693 A	0.00891	0.00257	0.98852
694 A	0.00896	0.00250	0.98855
695 T	0.00900	0.00226	0.98874
696 T	0.00901	0.00214	0.98886
697 G	0.00899	0.00200	0.98901
698 G	0.00899	0.00174	0.98926
699 T	0.00901	0.00168	0.98931
700 A	0.00901	0.00168	0.9893
701 A	0.00904	0.00158	0.98938
702 T	0.00908	0.00136	0.98956
703 T	0.00910	0.00127	0.98963
704 G	0.00906	0.00141	0.98953
705 G	0.00903	0.00166	0.98932
706 A	0.00907	0.00169	0.98923
707 T	0.00910	0.00174	0.98916
708 T	0.00911	0.00185	0.98904
709 G	0.00906	0.00218	0.98876
710 C	0.00906	0.00266	0.98828
711 T	0.00896	0.00393	0.9871
712 G	0.00850	0.00627	0.98524
713 A	0.00848	0.00686	0.98466
714 T	0.00850	0.00714	0.98436
715 A	0.00848	0.00749	0.98403
716 A	0.00852	0.00752	0.98396
717 A	0.00858	0.00747	0.98395
718 T	0.00867	0.00736	0.98397
719 T	0.00871	0.00730	0.98399
720 T	0.00874	0.00725	0.98401
721 G	0.00875	0.00722	0.98403
722 A	0.00877	0.00719	0.98404
723 T	0.00880	0.00714	0.98406
724 A	0.00882	0.00711	0.98407
725 A	0.00886	0.00706	0.98408
726 A	0.00894	0.00696	0.98411
727 A	0.00907	0.00676	0.98417
728 C	0.00928	0.00647	0.98425
729 G	0.00940	0.00633	0.98427
730 A	0.00958	0.00614	0.98428
731 G	0.00993	0.00576	0.98431
732 A	0.01054	0.00509	0.98436
733 T	0.01162	0.00396	0.98442
734 A	0.01287	0.00253	0.9846
735 A	0.01486	0.00000	0.98513
