# lcl|CP097583.1_cds_USQ93539.1_1
# AA	inside	membr	outside
1 G	0.24679	0.00000	0.75321
2 T	0.24561	0.00118	0.75321
3 G	0.24502	0.00177	0.75321
4 A	0.24502	0.01147	0.74351
5 A	0.24187	0.01935	0.73878
6 T	0.24187	0.01944	0.73868
7 T	0.21587	0.04547	0.73865
8 C	0.21587	0.04548	0.73865
9 A	0.20985	0.05154	0.73861
10 C	0.20984	0.05434	0.73581
11 A	0.20851	0.05664	0.73484
12 A	0.19564	0.07005	0.7343
13 A	0.18244	0.08666	0.7309
14 T	0.18244	0.08666	0.7309
15 A	0.18244	0.10384	0.71372
16 T	0.18134	0.10494	0.71372
17 T	0.17850	0.10795	0.71354
18 T	0.17838	0.10864	0.71297
19 A	0.17347	0.11363	0.7129
20 A	0.15967	0.12819	0.71214
21 A	0.14573	0.14205	0.71222
22 A	0.14571	0.14177	0.71252
23 C	0.14597	0.14050	0.71354
24 T	0.14805	0.13824	0.71372
25 G	0.14929	0.13546	0.71525
26 T	0.15024	0.13394	0.71583
27 T	0.15576	0.12730	0.71694
28 T	0.15739	0.12408	0.71853
29 T	0.15694	0.12176	0.7213
30 T	0.15485	0.10317	0.74198
31 G	0.14889	0.10899	0.74212
32 A	0.14562	0.10971	0.74468
33 A	0.14395	0.11521	0.74084
34 A	0.14267	0.11794	0.73939
35 A	0.14320	0.10779	0.749
36 T	0.14630	0.09366	0.76004
37 A	0.14555	0.09395	0.7605
38 A	0.15821	0.07980	0.76198
39 T	0.15816	0.07390	0.76795
40 C	0.15775	0.06802	0.77423
41 T	0.15773	0.06847	0.7738
42 A	0.15584	0.06953	0.77463
43 T	0.15567	0.06129	0.78303
44 T	0.15274	0.05622	0.79105
45 A	0.15019	0.05889	0.79092
46 A	0.14946	0.05841	0.79212
47 C	0.14931	0.05721	0.79349
48 T	0.14921	0.05740	0.79339
49 G	0.14854	0.05986	0.79159
50 T	0.14805	0.06214	0.78981
51 T	0.14693	0.06457	0.7885
52 G	0.14456	0.07281	0.78263
53 A	0.14221	0.08680	0.771
54 A	0.14181	0.09300	0.76519
55 A	0.14303	0.09423	0.76274
56 T	0.14706	0.08872	0.76422
57 A	0.14767	0.09252	0.75981
58 A	0.14660	0.09944	0.75396
59 A	0.14625	0.10100	0.75275
60 T	0.14504	0.10308	0.75189
61 A	0.14305	0.10857	0.74838
62 A	0.14265	0.11001	0.74735
63 A	0.14251	0.11013	0.74737
64 T	0.14435	0.10719	0.74846
65 T	0.14517	0.10458	0.75026
66 A	0.14478	0.10441	0.75082
67 G	0.14501	0.10166	0.75333
68 C	0.14522	0.10035	0.75442
69 T	0.14514	0.10035	0.75451
70 A	0.14444	0.10115	0.75442
71 A	0.14453	0.10105	0.75442
72 A	0.14682	0.09829	0.7549
73 C	0.14926	0.09494	0.7558
74 A	0.15122	0.09149	0.75729
75 A	0.15796	0.08224	0.75979
76 G	0.17181	0.06575	0.76244
77 C	0.18390	0.05255	0.76355
78 T	0.19013	0.04609	0.76378
79 A	0.19198	0.04358	0.76444
80 A	0.19716	0.03652	0.76633
81 T	0.20377	0.02782	0.76841
82 G	0.20500	0.02580	0.7692
83 G	0.20691	0.02131	0.77178
84 T	0.21082	0.01481	0.77438
85 T	0.21166	0.01267	0.77567
86 C	0.21022	0.01331	0.77647
87 G	0.20663	0.01719	0.77618
88 G	0.20560	0.01929	0.77512
89 T	0.20518	0.02055	0.77427
90 A	0.20448	0.02144	0.77408
91 T	0.20504	0.02082	0.77414
92 T	0.20454	0.02082	0.77464
93 A	0.20366	0.02081	0.77553
94 C	0.20311	0.02059	0.77631
95 T	0.20277	0.02078	0.77646
96 T	0.20200	0.02147	0.77653
97 C	0.20060	0.02283	0.77657
98 G	0.19991	0.02358	0.77651
99 T	0.19891	0.02466	0.77642
100 T	0.19804	0.02567	0.7763
101 A	0.19697	0.02688	0.77615
102 T	0.19640	0.02761	0.77598
103 A	0.19563	0.02837	0.776
104 A	0.19518	0.02865	0.77617
105 T	0.19466	0.02854	0.7768
106 A	0.19393	0.02882	0.77725
107 A	0.19341	0.02872	0.77787
108 T	0.19337	0.02781	0.77882
109 A	0.19302	0.02619	0.78078
110 G	0.19331	0.02205	0.78465
111 T	0.19445	0.01954	0.78601
112 G	0.19523	0.01787	0.7869
113 T	0.19554	0.01682	0.78764
114 T	0.19566	0.01625	0.78809
115 A	0.19571	0.01542	0.78888
116 T	0.19576	0.01441	0.78984
117 T	0.19575	0.01363	0.79062
118 T	0.19565	0.01320	0.79114
119 T	0.19545	0.01270	0.79185
120 A	0.19478	0.01219	0.79303
121 A	0.19411	0.01214	0.79374
122 C	0.19365	0.01120	0.79515
123 T	0.19318	0.01159	0.79523
124 G	0.19218	0.01320	0.79461
125 T	0.19216	0.01420	0.79364
126 A	0.19155	0.01635	0.7921
127 G	0.19148	0.01784	0.79068
128 T	0.19159	0.02012	0.78829
129 A	0.19163	0.02476	0.78361
130 G	0.19169	0.02448	0.78383
131 T	0.19187	0.02440	0.78372
132 T	0.19173	0.02457	0.78371
133 T	0.19133	0.02522	0.78346
134 C	0.19068	0.02628	0.78304
135 T	0.18970	0.02912	0.78117
136 A	0.18695	0.03643	0.77662
137 G	0.18547	0.04040	0.77413
138 T	0.18430	0.04407	0.77163
139 A	0.18134	0.05090	0.76776
140 A	0.17977	0.05402	0.76621
141 A	0.17851	0.05580	0.7657
142 A	0.17787	0.05654	0.76559
143 A	0.17779	0.05597	0.76624
144 A	0.17792	0.05505	0.76703
145 G	0.17818	0.05410	0.76772
146 A	0.17899	0.05261	0.76841
147 C	0.18048	0.04995	0.76957
148 A	0.18197	0.04827	0.76975
149 C	0.18403	0.04570	0.77028
150 A	0.18580	0.04392	0.77028
151 G	0.18894	0.04080	0.77027
152 T	0.19409	0.03579	0.77011
153 T	0.19496	0.03527	0.76978
154 T	0.19552	0.03492	0.76956
155 T	0.19600	0.03416	0.76984
156 A	0.19597	0.03426	0.76978
157 A	0.19627	0.03328	0.77046
158 A	0.19802	0.03051	0.77147
159 T	0.20316	0.02227	0.77456
160 T	0.20589	0.01808	0.77603
161 A	0.20812	0.01465	0.77724
162 T	0.21148	0.00867	0.77984
163 T	0.21253	0.00629	0.78118
164 T	0.21279	0.00511	0.7821
165 C	0.21288	0.00453	0.78259
166 C	0.21287	0.00454	0.78259
167 C	0.21260	0.00512	0.78228
168 T	0.21229	0.00719	0.78052
169 T	0.21163	0.00832	0.78004
170 T	0.20920	0.01137	0.77944
171 A	0.20686	0.01495	0.7782
172 A	0.20600	0.01622	0.77778
173 C	0.20579	0.01656	0.77765
174 A	0.20572	0.01689	0.77739
175 G	0.20596	0.01674	0.77729
176 T	0.20663	0.01617	0.77719
177 T	0.20685	0.01603	0.77712
178 G	0.20686	0.01614	0.77699
179 T	0.20729	0.01553	0.77719
180 T	0.20735	0.01538	0.77727
181 T	0.20728	0.01540	0.77732
182 A	0.20705	0.01567	0.77727
183 T	0.20685	0.01586	0.77729
184 C	0.20521	0.01760	0.77719
185 A	0.20232	0.02110	0.77658
186 A	0.19877	0.02525	0.77599
187 G	0.19504	0.02943	0.77552
188 A	0.19292	0.03244	0.77464
189 A	0.19049	0.03492	0.77459
190 A	0.18993	0.03493	0.77515
191 A	0.19098	0.03312	0.77589
192 A	0.19151	0.03165	0.77684
193 C	0.19225	0.02826	0.77949
194 T	0.19354	0.02552	0.78094
195 T	0.19387	0.02494	0.78118
196 T	0.19394	0.02489	0.78116
197 A	0.19368	0.02512	0.78119
198 T	0.19250	0.02628	0.78121
199 G	0.19038	0.02828	0.78134
200 C	0.18894	0.02953	0.78153
201 C	0.18780	0.03066	0.78153
202 G	0.18654	0.03256	0.7809
203 T	0.18577	0.03370	0.78052
204 A	0.18425	0.03552	0.78024
205 G	0.18381	0.03603	0.78017
206 G	0.18368	0.03600	0.78032
207 A	0.18382	0.03451	0.78168
208 A	0.18434	0.03130	0.78437
209 A	0.18488	0.02746	0.78767
210 G	0.18505	0.02350	0.79144
211 A	0.18572	0.02078	0.7935
212 T	0.18579	0.01824	0.79597
213 A	0.18568	0.01746	0.79686
214 C	0.18562	0.01679	0.79758
215 C	0.18552	0.01680	0.79767
216 T	0.18547	0.01723	0.79729
217 G	0.18519	0.01829	0.79651
218 G	0.18526	0.01874	0.796
219 G	0.18533	0.01944	0.79523
220 A	0.18541	0.02017	0.79442
221 G	0.18558	0.01962	0.7948
222 T	0.18620	0.01781	0.79599
223 T	0.18653	0.01628	0.7972
224 T	0.18672	0.01558	0.7977
225 T	0.18695	0.01461	0.79844
226 G	0.18696	0.01470	0.79834
227 C	0.18697	0.01406	0.79898
228 T	0.18679	0.01574	0.79746
229 A	0.18559	0.01912	0.79529
230 A	0.18467	0.02140	0.79394
231 A	0.18324	0.02404	0.79272
232 A	0.18066	0.02767	0.79167
233 G	0.17951	0.02883	0.79166
234 A	0.17882	0.02994	0.79124
235 G	0.17816	0.03152	0.79032
236 A	0.17681	0.03588	0.78731
237 A	0.17544	0.03929	0.78527
238 G	0.17493	0.04087	0.7842
239 G	0.17512	0.04146	0.78342
240 T	0.17602	0.04047	0.7835
241 A	0.17607	0.04035	0.78358
242 A	0.17630	0.04004	0.78366
243 A	0.17706	0.03920	0.78374
244 C	0.17815	0.03801	0.78384
245 C	0.17929	0.03683	0.78388
246 G	0.18011	0.03601	0.78388
247 T	0.18123	0.03489	0.78387
248 C	0.18185	0.03426	0.78389
249 T	0.18250	0.03360	0.78391
250 G	0.18268	0.03332	0.78399
251 A	0.18386	0.03181	0.78433
252 T	0.18572	0.02879	0.78549
253 C	0.18683	0.02674	0.78642
254 A	0.18785	0.02414	0.78801
255 T	0.18896	0.02037	0.79067
256 G	0.18924	0.01913	0.79163
257 A	0.18964	0.01831	0.79205
258 G	0.19071	0.01674	0.79254
259 G	0.19407	0.01160	0.79432
260 T	0.19659	0.00737	0.79604
261 T	0.19787	0.00548	0.79665
262 T	0.19833	0.00517	0.7965
263 T	0.19810	0.00614	0.79577
264 A	0.19768	0.00840	0.79392
265 A	0.19760	0.00836	0.79404
266 A	0.19760	0.00833	0.79408
267 T	0.19761	0.00798	0.7944
268 T	0.19762	0.00779	0.79459
269 C	0.19759	0.00763	0.79477
270 T	0.19749	0.00781	0.79471
271 C	0.19680	0.00869	0.79451
272 G	0.19603	0.01099	0.79298
273 T	0.19587	0.01555	0.78858
274 T	0.19574	0.02178	0.78248
275 T	0.19548	0.02585	0.77866
276 A	0.19504	0.02883	0.77612
277 A	0.19475	0.03024	0.775
278 T	0.19436	0.03137	0.77428
279 A	0.19026	0.03600	0.77375
280 G	0.18869	0.03773	0.77358
281 A	0.18810	0.03865	0.77324
282 T	0.18801	0.03919	0.7728
283 A	0.18764	0.03965	0.77271
284 G	0.18778	0.03942	0.77281
285 A	0.18825	0.03880	0.77295
286 A	0.18903	0.03773	0.77324
287 C	0.19068	0.03573	0.77359
288 C	0.19097	0.03552	0.77352
289 T	0.19109	0.03618	0.77273
290 T	0.19055	0.03769	0.77176
291 A	0.18973	0.03864	0.77163
292 A	0.18939	0.03898	0.77164
293 G	0.18926	0.03897	0.77177
294 A	0.18966	0.03772	0.77262
295 C	0.19178	0.03452	0.77371
296 C	0.19743	0.02860	0.77397
297 T	0.20448	0.02158	0.77394
298 T	0.20772	0.01868	0.7736
299 T	0.20851	0.01859	0.7729
300 A	0.20826	0.01900	0.77274
301 T	0.20829	0.01854	0.77317
302 T	0.20738	0.01479	0.77783
303 T	0.20529	0.01533	0.77938
304 C	0.20028	0.01974	0.77998
305 C	0.19604	0.02411	0.77985
306 T	0.19378	0.02650	0.77972
307 A	0.18737	0.03319	0.77944
308 A	0.18383	0.03698	0.77919
309 A	0.18222	0.03885	0.77893
310 C	0.18177	0.03931	0.77892
311 A	0.17998	0.04196	0.77806
312 A	0.17968	0.04287	0.77744
313 T	0.17998	0.04228	0.77774
314 T	0.17909	0.04340	0.77751
315 T	0.17540	0.04946	0.77514
316 A	0.16294	0.06952	0.76754
317 A	0.15397	0.08114	0.76489
318 A	0.14591	0.09128	0.76282
319 A	0.14355	0.09513	0.76132
320 A	0.14228	0.09697	0.76075
321 A	0.14131	0.09824	0.76045
322 G	0.14141	0.09759	0.761
323 A	0.14142	0.09703	0.76156
324 A	0.14127	0.09595	0.76278
325 G	0.14134	0.09309	0.76557
326 T	0.14158	0.08944	0.76898
327 T	0.14135	0.08408	0.77457
328 C	0.14095	0.08047	0.77858
329 A	0.14068	0.07996	0.77935
330 G	0.14066	0.07712	0.78222
331 A	0.14082	0.07666	0.78252
332 T	0.14110	0.07559	0.78331
333 A	0.14112	0.07562	0.78325
334 G	0.14208	0.07238	0.78554
335 T	0.14330	0.06950	0.78721
336 G	0.14376	0.06798	0.78826
337 A	0.14479	0.06569	0.78951
338 A	0.14794	0.05859	0.79346
339 T	0.15580	0.03929	0.80491
340 A	0.15810	0.02832	0.81358
341 C	0.16022	0.01779	0.82199
342 T	0.16182	0.01508	0.8231
343 A	0.16244	0.01463	0.82293
344 T	0.16297	0.01401	0.82302
345 T	0.16324	0.01443	0.82233
346 T	0.16327	0.01630	0.82043
347 T	0.16310	0.01780	0.8191
348 A	0.16264	0.02397	0.81339
349 A	0.16095	0.03048	0.80857
350 G	0.16028	0.03215	0.80757
351 T	0.16028	0.03313	0.8066
352 A	0.15975	0.03800	0.80226
353 G	0.16002	0.04480	0.79518
354 T	0.16136	0.05273	0.7859
355 G	0.16119	0.06355	0.77526
356 A	0.16121	0.06594	0.77284
357 T	0.16162	0.06647	0.77191
358 T	0.16146	0.06766	0.77088
359 A	0.16094	0.06896	0.7701
360 C	0.16074	0.06975	0.76952
361 G	0.16063	0.07122	0.76815
362 A	0.16070	0.07136	0.76794
363 T	0.16110	0.07114	0.76777
364 G	0.16117	0.07125	0.76759
365 G	0.16165	0.07093	0.76742
366 C	0.16260	0.07007	0.76734
367 A	0.16336	0.06967	0.76697
368 A	0.16484	0.06846	0.7667
369 T	0.16752	0.06582	0.76665
370 A	0.16919	0.06425	0.76656
371 A	0.17427	0.05929	0.76644
372 T	0.17981	0.05235	0.76784
373 G	0.18120	0.05131	0.76748
374 A	0.18276	0.05072	0.76652
375 A	0.18763	0.04607	0.7663
376 A	0.19471	0.03932	0.76598
377 T	0.20439	0.02958	0.76604
378 A	0.21387	0.01983	0.76629
379 T	0.21746	0.01564	0.7669
380 T	0.21886	0.01385	0.76729
381 T	0.21963	0.01262	0.76775
382 G	0.21999	0.01177	0.76823
383 C	0.22055	0.01104	0.76842
384 T	0.22156	0.01013	0.76831
385 A	0.22180	0.01002	0.76818
386 T	0.22208	0.00988	0.76803
387 T	0.22232	0.00969	0.76799
388 T	0.22242	0.00957	0.76801
389 T	0.22221	0.00972	0.76808
390 A	0.22157	0.01035	0.76808
391 T	0.22153	0.01036	0.76812
392 C	0.22135	0.01055	0.76811
393 A	0.22139	0.01063	0.76798
394 A	0.22188	0.01013	0.76799
395 G	0.22261	0.00938	0.768
396 T	0.22418	0.00782	0.768
397 T	0.22551	0.00656	0.76793
398 C	0.22635	0.00573	0.76792
399 T	0.22699	0.00559	0.76742
400 T	0.22718	0.00546	0.76736
401 T	0.22726	0.00544	0.7673
402 A	0.22723	0.00555	0.76721
403 T	0.22729	0.00558	0.76713
404 C	0.22735	0.00548	0.76717
405 T	0.22749	0.00548	0.76703
406 T	0.22754	0.00578	0.76668
407 T	0.22737	0.00623	0.7664
408 A	0.22396	0.01012	0.76592
409 T	0.22255	0.01189	0.76556
410 T	0.21712	0.01791	0.76496
411 A	0.21175	0.02424	0.76402
412 A	0.20833	0.02762	0.76406
413 T	0.20619	0.02906	0.76475
414 A	0.20242	0.03265	0.76493
415 T	0.20015	0.03478	0.76508
416 C	0.19803	0.03686	0.76512
417 A	0.19651	0.03869	0.7648
418 G	0.19610	0.03925	0.76466
419 A	0.19585	0.03952	0.76463
420 T	0.19541	0.03995	0.76464
421 A	0.19520	0.04014	0.76466
422 T	0.19549	0.03972	0.76479
423 C	0.19529	0.03981	0.7649
424 C	0.19518	0.03989	0.76493
425 C	0.19509	0.04015	0.76477
426 T	0.19477	0.04133	0.76389
427 T	0.19430	0.04336	0.76235
428 A	0.19282	0.04651	0.76066
429 T	0.19187	0.04798	0.76015
430 A	0.19004	0.05011	0.75985
431 T	0.18980	0.04645	0.76375
432 A	0.18885	0.04575	0.76541
433 G	0.18898	0.03934	0.77168
434 A	0.18954	0.03377	0.77669
435 T	0.18986	0.02943	0.78072
436 T	0.18988	0.02696	0.78317
437 C	0.18953	0.02407	0.7864
438 T	0.18911	0.02376	0.78713
439 G	0.18758	0.02428	0.78814
440 T	0.18651	0.02537	0.78812
441 A	0.18335	0.02940	0.78725
442 G	0.18173	0.03127	0.78699
443 C	0.18063	0.03199	0.78738
444 A	0.17840	0.03583	0.78576
445 G	0.17666	0.03993	0.78341
446 G	0.17584	0.04219	0.78197
447 A	0.17544	0.04598	0.77858
448 G	0.17512	0.05106	0.77381
449 T	0.17589	0.05241	0.77171
450 A	0.17711	0.05466	0.76823
451 T	0.17841	0.05822	0.76337
452 G	0.17772	0.07678	0.7455
453 T	0.17714	0.08862	0.73424
454 A	0.17507	0.10242	0.72251
455 T	0.17095	0.11217	0.71688
456 A	0.14940	0.14082	0.70978
457 G	0.13068	0.16234	0.70699
458 G	0.12156	0.17386	0.70458
459 A	0.11333	0.18634	0.70033
460 A	0.11086	0.19222	0.69691
461 A	0.11049	0.19353	0.69598
462 A	0.11011	0.19390	0.69598
463 A	0.11032	0.19380	0.69587
464 T	0.11165	0.19001	0.69834
465 T	0.11202	0.18942	0.69857
466 A	0.11211	0.19166	0.69623
467 A	0.11357	0.18956	0.69687
468 T	0.11640	0.18524	0.69837
469 A	0.11771	0.18339	0.6989
470 A	0.12121	0.17925	0.69953
471 T	0.12724	0.17232	0.70043
472 C	0.13009	0.16896	0.70095
473 A	0.13403	0.16489	0.70109
474 A	0.14249	0.15592	0.70158
475 T	0.16781	0.12898	0.70321
476 T	0.18236	0.11298	0.70466
477 T	0.19277	0.10071	0.70652
478 A	0.19631	0.09176	0.71193
479 T	0.20143	0.06320	0.73537
480 T	0.20301	0.04372	0.75327
481 G	0.20402	0.03648	0.75949
482 T	0.20705	0.03054	0.7624
483 T	0.20958	0.02748	0.76294
484 A	0.20811	0.02836	0.76353
485 A	0.20763	0.02817	0.7642
486 T	0.20681	0.02833	0.76486
487 C	0.19954	0.03614	0.76432
488 C	0.19191	0.05547	0.75261
489 T	0.18951	0.08223	0.72827
490 A	0.18729	0.11153	0.70119
491 A	0.18478	0.14254	0.67267
492 T	0.18360	0.16472	0.65169
493 T	0.17953	0.20369	0.61679
494 T	0.17003	0.23970	0.59026
495 A	0.13239	0.28203	0.58558
496 G	0.11716	0.30044	0.5824
497 A	0.10859	0.31163	0.57979
498 A	0.10301	0.31872	0.57827
499 C	0.09893	0.32360	0.57747
500 A	0.09534	0.33037	0.57428
501 A	0.09384	0.33300	0.57316
502 A	0.09321	0.33425	0.57254
503 G	0.09312	0.33498	0.5719
504 A	0.09338	0.33603	0.57059
505 G	0.09481	0.33440	0.57079
506 A	0.09541	0.33319	0.5714
507 A	0.09578	0.33040	0.57381
508 A	0.09648	0.32761	0.57591
509 A	0.09798	0.32311	0.57891
510 A	0.10211	0.31140	0.58648
511 T	0.12284	0.28062	0.59654
512 C	0.14842	0.24769	0.60388
513 A	0.17415	0.21979	0.60605
514 G	0.20299	0.18802	0.60899
515 A	0.22606	0.16308	0.61086
516 T	0.25845	0.12573	0.61582
517 T	0.27806	0.09801	0.62393
518 T	0.28247	0.05613	0.6614
519 T	0.28598	0.03879	0.67523
520 T	0.28846	0.02896	0.68258
521 T	0.28933	0.02510	0.68557
522 A	0.28779	0.02674	0.68548
523 T	0.28864	0.02719	0.68417
524 T	0.28852	0.03247	0.67901
525 G	0.28715	0.04503	0.66783
526 A	0.28704	0.06031	0.65266
527 T	0.28806	0.07176	0.64018
528 T	0.28708	0.08010	0.63283
529 T	0.28278	0.08563	0.6316
530 T	0.27360	0.09662	0.62977
531 G	0.23321	0.13896	0.62784
532 G	0.19487	0.18777	0.61736
533 C	0.16730	0.21635	0.61635
534 A	0.13325	0.25362	0.61313
535 G	0.11370	0.27338	0.61292
536 G	0.10281	0.28457	0.61262
537 C	0.09659	0.29217	0.61124
538 A	0.09375	0.29682	0.60943
539 C	0.09205	0.30005	0.60789
540 T	0.09126	0.30867	0.60007
541 A	0.08837	0.32436	0.58727
542 A	0.08550	0.32939	0.58511
543 A	0.08387	0.33391	0.58222
544 A	0.08466	0.33470	0.58064
545 A	0.08819	0.32966	0.58215
546 C	0.09464	0.32207	0.58328
547 A	0.10249	0.31457	0.58294
548 G	0.11634	0.29993	0.58373
549 T	0.13247	0.28340	0.58412
550 T	0.14292	0.27305	0.58403
551 T	0.14717	0.26816	0.58466
552 A	0.14776	0.26259	0.58964
553 A	0.14860	0.25159	0.59981
554 A	0.14987	0.21011	0.64002
555 T	0.15833	0.16410	0.67757
556 A	0.15854	0.13721	0.70424
557 T	0.16090	0.10394	0.73517
558 G	0.15901	0.09236	0.74863
559 A	0.15838	0.08940	0.75222
560 T	0.15921	0.08546	0.75533
561 A	0.15662	0.08984	0.75354
562 G	0.15757	0.08683	0.7556
563 A	0.16449	0.08016	0.75535
564 A	0.17549	0.06792	0.7566
565 G	0.17780	0.06309	0.75912
566 C	0.18196	0.06024	0.7578
567 T	0.18337	0.07833	0.7383
568 A	0.18117	0.12407	0.69477
569 T	0.17926	0.15817	0.66256
570 T	0.17561	0.20027	0.62412
571 T	0.17064	0.24545	0.58391
572 G	0.15654	0.27947	0.56399
573 T	0.15001	0.30430	0.54568
574 A	0.13554	0.33474	0.52973
575 A	0.11707	0.35952	0.52341
576 A	0.10252	0.37660	0.52087
577 G	0.09188	0.38698	0.52114
578 A	0.08819	0.39071	0.52111
579 A	0.08668	0.39219	0.52113
580 A	0.08652	0.39161	0.52186
581 C	0.08725	0.38864	0.5241
582 A	0.08812	0.38815	0.52373
583 A	0.08914	0.38712	0.52374
584 C	0.09215	0.38186	0.52599
585 A	0.09162	0.38416	0.52422
586 G	0.09261	0.38373	0.52366
587 A	0.09495	0.38220	0.52285
588 A	0.09482	0.38285	0.52232
589 G	0.10124	0.37639	0.52237
590 A	0.12590	0.35011	0.52398
591 A	0.17556	0.29586	0.52858
592 G	0.21510	0.24873	0.53616
593 T	0.26861	0.18707	0.54431
594 T	0.31010	0.13675	0.55315
595 T	0.32264	0.10786	0.56951
596 T	0.32829	0.09691	0.5748
597 A	0.33074	0.08676	0.58249
598 T	0.33241	0.07284	0.59474
599 T	0.33205	0.06093	0.60702
600 A	0.32990	0.05336	0.61673
601 G	0.32884	0.05099	0.62018
602 A	0.32527	0.05315	0.62158
603 A	0.32027	0.05723	0.6225
604 G	0.31837	0.05643	0.6252
605 C	0.31876	0.05184	0.6294
606 T	0.31910	0.05462	0.62629
607 A	0.31860	0.05841	0.62299
608 T	0.32042	0.05716	0.62243
609 G	0.32009	0.05908	0.62083
610 A	0.31987	0.06201	0.61812
611 T	0.31949	0.06144	0.61908
612 T	0.31498	0.07402	0.61099
613 T	0.29803	0.11115	0.59081
614 A	0.27535	0.17332	0.55134
615 T	0.27058	0.18269	0.54673
616 G	0.26201	0.19512	0.54287
617 G	0.25902	0.20156	0.53942
618 T	0.25802	0.20501	0.53698
619 C	0.25635	0.20946	0.5342
620 A	0.25144	0.22068	0.52789
621 T	0.24995	0.22398	0.52608
622 G	0.24728	0.22793	0.52479
623 A	0.24684	0.22887	0.52429
624 A	0.24637	0.22912	0.52452
625 A	0.24732	0.22363	0.52905
626 T	0.24903	0.21663	0.53434
627 T	0.25023	0.21299	0.53678
628 A	0.25050	0.21178	0.53773
629 T	0.25386	0.20735	0.53879
630 T	0.25562	0.20549	0.53889
631 A	0.25453	0.20846	0.53701
632 A	0.25292	0.21035	0.53673
633 A	0.25332	0.20833	0.53836
634 A	0.25436	0.20466	0.54098
635 A	0.26122	0.19136	0.54743
636 A	0.28203	0.15114	0.56683
637 C	0.32288	0.08645	0.59067
638 T	0.33279	0.07208	0.59513
639 T	0.33838	0.06086	0.60075
640 T	0.34227	0.05526	0.60246
641 G	0.34373	0.05273	0.60355
642 T	0.34717	0.04864	0.60419
643 T	0.35063	0.04180	0.60757
644 T	0.35151	0.04374	0.60475
645 T	0.35139	0.04364	0.60498
646 T	0.34778	0.05108	0.60114
647 T	0.33216	0.07115	0.59669
648 T	0.29075	0.12127	0.58798
649 C	0.23919	0.18167	0.57913
650 A	0.21837	0.22283	0.55881
651 A	0.19929	0.25849	0.54221
652 G	0.17509	0.28920	0.53571
653 A	0.16631	0.30214	0.53155
654 T	0.16561	0.30455	0.52983
655 G	0.16297	0.30845	0.52858
656 A	0.16184	0.31044	0.52771
657 A	0.16140	0.31202	0.52658
658 A	0.16151	0.31395	0.52454
659 T	0.16145	0.31674	0.52181
660 T	0.15800	0.32762	0.51438
661 A	0.14615	0.35385	0.5
662 A	0.13287	0.37904	0.48808
663 A	0.12778	0.39249	0.47973
664 G	0.12254	0.40765	0.46981
665 A	0.11991	0.42473	0.45537
666 A	0.12119	0.43196	0.44685
667 A	0.12694	0.42876	0.4443
668 A	0.13092	0.42315	0.44592
669 A	0.13830	0.40546	0.45624
670 A	0.14906	0.37175	0.47919
671 T	0.16306	0.31621	0.52073
672 T	0.17276	0.26941	0.55783
673 A	0.18426	0.24278	0.57297
674 A	0.19494	0.21422	0.59084
675 T	0.20064	0.18400	0.61537
676 C	0.20006	0.17800	0.62195
677 C	0.19618	0.19082	0.613
678 T	0.18484	0.22648	0.58868
679 A	0.16837	0.27522	0.5564
680 G	0.15796	0.30621	0.53583
681 A	0.15267	0.31571	0.53162
682 A	0.15045	0.31873	0.53083
683 A	0.15573	0.30888	0.53539
684 A	0.16572	0.28512	0.54916
685 C	0.17637	0.25874	0.56488
686 A	0.18448	0.24669	0.56884
687 G	0.19599	0.23020	0.57381
688 C	0.21085	0.21307	0.57608
689 T	0.22039	0.20340	0.5762
690 T	0.22258	0.20196	0.57546
691 T	0.22098	0.20311	0.57591
692 T	0.21564	0.20861	0.57575
693 G	0.20697	0.21871	0.57432
694 G	0.19899	0.22912	0.57189
695 C	0.19054	0.23938	0.57008
696 A	0.18641	0.24877	0.56482
697 G	0.18586	0.24895	0.56519
698 A	0.18961	0.24518	0.56522
699 A	0.19670	0.23437	0.56892
700 T	0.21868	0.20577	0.57554
701 C	0.24405	0.16048	0.59547
702 T	0.27093	0.12138	0.60768
703 T	0.27821	0.10913	0.61267
704 A	0.27829	0.10775	0.61396
705 T	0.27811	0.10626	0.61562
706 T	0.27237	0.11731	0.61032
707 G	0.26030	0.13495	0.60476
708 G	0.24890	0.16051	0.59059
709 A	0.24352	0.17790	0.57858
710 A	0.22603	0.21311	0.56086
711 T	0.21366	0.23424	0.55211
712 G	0.17591	0.28665	0.53744
713 A	0.15002	0.32953	0.52045
714 A	0.14127	0.35556	0.50316
715 G	0.13942	0.37183	0.48874
716 A	0.14062	0.39931	0.46007
717 A	0.14426	0.41653	0.43921
718 T	0.14746	0.42753	0.42501
719 T	0.14809	0.43097	0.42094
720 A	0.14075	0.44251	0.41675
721 T	0.13384	0.45424	0.41192
722 A	0.12567	0.46616	0.40817
723 C	0.12360	0.46764	0.40876
724 A	0.12248	0.46983	0.40769
725 A	0.12475	0.46872	0.40653
726 T	0.12947	0.46450	0.40603
727 C	0.13087	0.46352	0.40561
728 A	0.12822	0.46875	0.40303
729 A	0.13355	0.45886	0.4076
730 A	0.14419	0.43872	0.41709
731 T	0.16076	0.41374	0.4255
732 A	0.16642	0.40766	0.42592
733 G	0.18038	0.37365	0.44597
734 A	0.18037	0.36536	0.45428
735 A	0.17746	0.33947	0.48306
736 A	0.16670	0.34062	0.49268
737 A	0.15440	0.37094	0.47466
738 A	0.15675	0.40783	0.43542
739 A	0.16762	0.44235	0.39002
740 A	0.18146	0.44281	0.37573
741 A	0.18700	0.43680	0.3762
742 T	0.18514	0.43392	0.38094
743 A	0.16758	0.44422	0.38819
744 T	0.15693	0.44696	0.39611
745 C	0.13207	0.46557	0.40236
746 G	0.11201	0.48855	0.39944
747 A	0.10212	0.49893	0.39895
748 A	0.09756	0.50366	0.39878
749 T	0.09686	0.50352	0.39962
750 T	0.08957	0.51080	0.39963
751 C	0.08194	0.51522	0.40284
752 A	0.07237	0.53008	0.39756
753 A	0.06351	0.54520	0.39129
754 A	0.05757	0.55866	0.38377
755 T	0.05710	0.55827	0.38464
756 A	0.05474	0.56131	0.38395
757 A	0.06000	0.54648	0.39352
758 A	0.06727	0.51965	0.41308
759 A	0.08001	0.47682	0.44317
760 A	0.10843	0.41326	0.4783
761 A	0.15285	0.35063	0.49652
762 T	0.20042	0.28085	0.51873
763 A	0.21249	0.25416	0.53335
764 T	0.21582	0.22500	0.55918
765 T	0.21647	0.20523	0.57831
766 T	0.21550	0.19359	0.59091
767 T	0.21160	0.19287	0.59553
768 A	0.19847	0.20088	0.60065
769 G	0.19439	0.20183	0.60378
770 A	0.19365	0.21190	0.59445
771 T	0.19401	0.22664	0.57935
772 A	0.18897	0.27429	0.53673
773 T	0.18911	0.32732	0.48357
774 A	0.18932	0.37396	0.43672
775 A	0.19404	0.36755	0.4384
776 A	0.20122	0.35379	0.44499
777 T	0.21047	0.33833	0.4512
778 T	0.20772	0.34182	0.45046
779 C	0.19375	0.36539	0.44085
780 A	0.13445	0.44662	0.41893
781 A	0.10760	0.48950	0.4029
782 A	0.08989	0.52419	0.38593
783 G	0.08372	0.53694	0.37934
784 A	0.08445	0.54174	0.37382
785 A	0.08620	0.54354	0.37026
786 T	0.08855	0.54316	0.36829
787 A	0.07992	0.55586	0.36422
788 A	0.07342	0.56234	0.36423
789 A	0.06921	0.56536	0.36543
790 A	0.06747	0.56404	0.36849
791 A	0.07466	0.54419	0.38114
792 C	0.08811	0.52249	0.3894
793 G	0.10686	0.50180	0.39133
794 A	0.13184	0.47557	0.39259
795 C	0.17437	0.42842	0.39721
796 T	0.23679	0.36510	0.39812
797 C	0.27419	0.32686	0.39895
798 T	0.27822	0.32289	0.3989
799 A	0.27201	0.32916	0.39883
800 A	0.26896	0.33185	0.39919
801 A	0.27307	0.31998	0.40696
802 T	0.29200	0.28589	0.4221
803 C	0.30910	0.20560	0.4853
804 A	0.32441	0.17058	0.505
805 T	0.34131	0.13740	0.52129
806 T	0.33981	0.13570	0.52449
807 T	0.31829	0.16109	0.52061
808 A	0.24932	0.23699	0.5137
809 A	0.22116	0.27052	0.50832
810 A	0.21372	0.27696	0.50932
811 A	0.20645	0.28228	0.51127
812 A	0.20213	0.29734	0.50052
813 T	0.19914	0.30214	0.49872
814 A	0.18411	0.33886	0.47704
815 T	0.17614	0.36800	0.45586
816 T	0.16635	0.38992	0.44372
817 A	0.15341	0.42569	0.42089
818 T	0.14986	0.43472	0.41542
819 T	0.14559	0.43650	0.41792
820 G	0.13917	0.43901	0.42182
821 A	0.13445	0.44028	0.42527
822 T	0.13309	0.43531	0.4316
823 C	0.13192	0.43166	0.43642
824 A	0.13107	0.43344	0.43549
825 G	0.13112	0.43459	0.43429
826 T	0.13178	0.43631	0.43192
827 T	0.13176	0.44276	0.42548
828 A	0.12832	0.44998	0.4217
829 A	0.12646	0.44764	0.4259
830 A	0.12928	0.42330	0.44742
831 A	0.13507	0.35354	0.5114
832 G	0.14520	0.31696	0.53784
833 A	0.15636	0.30485	0.53878
834 A	0.16801	0.30158	0.53041
835 A	0.18861	0.29619	0.5152
836 A	0.20201	0.28401	0.51398
837 A	0.23522	0.23881	0.52597
838 T	0.26788	0.20310	0.52903
839 T	0.27744	0.19502	0.52754
840 A	0.27797	0.22540	0.49663
841 T	0.26788	0.24015	0.49197
842 T	0.24655	0.26278	0.49067
843 A	0.19260	0.32394	0.48347
844 G	0.13399	0.39532	0.47069
845 C	0.10751	0.43450	0.45799
846 A	0.08930	0.47728	0.43342
847 G	0.08063	0.49827	0.42109
848 A	0.07787	0.50273	0.41941
849 A	0.07937	0.50113	0.41949
850 T	0.08516	0.49486	0.41998
851 A	0.08465	0.49183	0.42352
852 C	0.08696	0.48598	0.42706
853 C	0.08809	0.48411	0.4278
854 A	0.08900	0.48340	0.4276
855 A	0.09139	0.48123	0.42738
856 A	0.09858	0.47416	0.42726
857 A	0.11313	0.45980	0.42708
858 T	0.13515	0.43724	0.42761
859 A	0.14255	0.42617	0.43128
860 A	0.15104	0.41393	0.43503
861 T	0.16201	0.39761	0.44038
862 A	0.16978	0.38255	0.44768
863 A	0.20409	0.33084	0.46507
864 T	0.22109	0.28873	0.49017
865 G	0.23016	0.25457	0.51527
866 A	0.24811	0.19770	0.55419
867 T	0.27433	0.12256	0.60311
868 T	0.28687	0.09790	0.61524
869 T	0.29860	0.08281	0.61859
870 T	0.30192	0.08452	0.61356
871 T	0.30096	0.09190	0.60715
872 T	0.29731	0.10152	0.60117
873 A	0.29277	0.11355	0.59368
874 T	0.28900	0.11995	0.59105
875 T	0.28037	0.13392	0.58571
876 A	0.27021	0.15307	0.57672
877 G	0.26092	0.17092	0.56815
878 A	0.25166	0.18769	0.56065
879 A	0.24497	0.20057	0.55447
880 G	0.24124	0.20938	0.54938
881 A	0.22909	0.23710	0.53381
882 T	0.22325	0.24372	0.53302
883 A	0.20812	0.26280	0.52909
884 G	0.19721	0.27720	0.52559
885 A	0.19136	0.29240	0.51624
886 C	0.18302	0.30986	0.50711
887 A	0.17604	0.32649	0.49747
888 A	0.17478	0.33769	0.48752
889 A	0.17880	0.33868	0.48252
890 A	0.18663	0.33246	0.48091
891 T	0.20622	0.31257	0.48121
892 T	0.22136	0.29388	0.48476
893 T	0.23248	0.27868	0.48884
894 T	0.23719	0.26999	0.49283
895 C	0.23562	0.26571	0.49866
896 A	0.23624	0.26216	0.5016
897 T	0.23931	0.25580	0.50489
898 C	0.23914	0.25153	0.50933
899 A	0.24289	0.24593	0.51118
900 T	0.24978	0.23600	0.51422
901 A	0.25198	0.22745	0.52057
902 T	0.25428	0.21999	0.52573
903 A	0.25070	0.22087	0.52843
904 G	0.26078	0.19583	0.54339
905 A	0.26217	0.18602	0.55181
906 A	0.26778	0.16528	0.56694
907 G	0.27605	0.14427	0.57968
908 A	0.29237	0.12082	0.58682
909 T	0.30818	0.09384	0.59798
910 A	0.31648	0.07666	0.60686
911 T	0.32639	0.06168	0.61193
912 T	0.33084	0.05506	0.6141
913 T	0.33213	0.05700	0.61087
914 T	0.33136	0.06280	0.60584
915 T	0.32960	0.06822	0.60217
916 T	0.32601	0.07468	0.5993
917 A	0.32113	0.08090	0.59797
918 T	0.31788	0.08294	0.59918
919 G	0.31377	0.08680	0.59943
920 A	0.31085	0.09268	0.59647
921 T	0.30994	0.09313	0.59692
922 T	0.30798	0.09826	0.59376
923 T	0.30224	0.11781	0.57995
924 A	0.28364	0.15240	0.56395
925 T	0.27582	0.16534	0.55884
926 T	0.26789	0.17995	0.55216
927 A	0.24992	0.19942	0.55065
928 G	0.24268	0.20718	0.55014
929 G	0.23889	0.21160	0.54952
930 T	0.23539	0.21786	0.54674
931 C	0.23080	0.22427	0.54493
932 A	0.22842	0.23036	0.54122
933 A	0.22798	0.23306	0.53895
934 G	0.22839	0.23417	0.53744
935 A	0.22963	0.23551	0.53485
936 A	0.23599	0.23105	0.53295
937 T	0.24475	0.22187	0.53339
938 T	0.24913	0.21658	0.5343
939 T	0.24796	0.21610	0.53594
940 A	0.23621	0.22797	0.53582
941 G	0.22442	0.23899	0.53659
942 A	0.20982	0.25546	0.53471
943 A	0.20371	0.26483	0.53146
944 A	0.19736	0.27688	0.52577
945 A	0.19243	0.28525	0.52233
946 A	0.20311	0.26894	0.52795
947 T	0.21551	0.23544	0.54905
948 G	0.20591	0.23605	0.55804
949 A	0.20894	0.22658	0.56449
950 C	0.21078	0.21052	0.5787
951 T	0.21150	0.20663	0.58186
952 A	0.20342	0.21334	0.58324
953 T	0.20396	0.21052	0.58552
954 T	0.20025	0.21307	0.58668
955 C	0.18794	0.22705	0.58502
956 A	0.18171	0.23882	0.57947
957 A	0.17575	0.24805	0.5762
958 G	0.16495	0.26356	0.57149
959 A	0.14985	0.28773	0.56242
960 T	0.14092	0.30217	0.55691
961 A	0.12446	0.33382	0.54172
962 A	0.11389	0.35330	0.53281
963 A	0.10934	0.35143	0.53923
964 A	0.10576	0.34540	0.54885
965 A	0.10208	0.33443	0.56349
966 A	0.10288	0.32375	0.57338
967 A	0.10886	0.30664	0.58449
968 G	0.11582	0.28873	0.59545
969 A	0.11807	0.28323	0.5987
970 A	0.11977	0.27714	0.60309
971 T	0.12191	0.25900	0.6191
972 T	0.12228	0.25039	0.62734
973 G	0.11769	0.25059	0.63171
974 A	0.11588	0.24776	0.63636
975 C	0.11564	0.23465	0.64971
976 G	0.11531	0.23259	0.65211
977 G	0.11581	0.23005	0.65414
978 T	0.11763	0.22284	0.65953
979 A	0.11399	0.22921	0.6568
980 G	0.11037	0.23591	0.65372
981 A	0.11238	0.23063	0.65699
982 G	0.11868	0.20872	0.67261
983 G	0.12341	0.19144	0.68516
984 A	0.13825	0.16725	0.6945
985 T	0.15068	0.14958	0.69974
986 T	0.15052	0.14494	0.70453
987 A	0.13867	0.15462	0.70671
988 G	0.12711	0.16160	0.71129
989 A	0.12067	0.16712	0.71221
990 C	0.11696	0.17089	0.71215
991 G	0.11598	0.17990	0.70412
992 A	0.11806	0.19002	0.69192
993 A	0.11984	0.20114	0.67902
994 A	0.11975	0.20725	0.673
995 T	0.11723	0.21618	0.66659
996 T	0.10631	0.23437	0.65932
997 A	0.09380	0.26353	0.64266
998 G	0.08840	0.27462	0.63697
999 A	0.08542	0.28261	0.63196
1000 A	0.08600	0.28334	0.63065
1001 A	0.08836	0.28034	0.6313
1002 A	0.09604	0.26601	0.63794
1003 A	0.10481	0.25102	0.64417
1004 T	0.11643	0.23425	0.64932
1005 T	0.12056	0.22801	0.65143
1006 G	0.12196	0.22549	0.65256
1007 A	0.12601	0.22037	0.65363
1008 A	0.13047	0.21269	0.65683
1009 A	0.13233	0.20547	0.66221
1010 G	0.13510	0.18877	0.67613
1011 T	0.14014	0.17388	0.68597
1012 C	0.14345	0.16615	0.69041
1013 A	0.14653	0.16460	0.68887
1014 A	0.15339	0.15855	0.68806
1015 A	0.16519	0.14740	0.68741
1016 T	0.17952	0.13228	0.68819
1017 A	0.18630	0.12566	0.68804
1018 A	0.19506	0.11256	0.69238
1019 G	0.20881	0.08940	0.70179
1020 T	0.23032	0.05921	0.71047
1021 T	0.23782	0.05226	0.70991
1022 T	0.24162	0.05510	0.70328
1023 G	0.24210	0.05763	0.70027
1024 T	0.24322	0.05720	0.69959
1025 T	0.24322	0.05765	0.69912
1026 A	0.24256	0.05890	0.69854
1027 C	0.24257	0.05888	0.69855
1028 C	0.24303	0.05925	0.69772
1029 T	0.24341	0.06133	0.69526
1030 A	0.24258	0.06234	0.69509
1031 G	0.24176	0.06316	0.69508
1032 A	0.24158	0.06330	0.69512
1033 A	0.24249	0.06207	0.69543
1034 C	0.24443	0.05892	0.69665
1035 T	0.24778	0.05510	0.69712
1036 C	0.25065	0.05172	0.69763
1037 A	0.25222	0.05019	0.6976
1038 T	0.25313	0.04935	0.69752
1039 G	0.25280	0.04970	0.6975
1040 G	0.25343	0.04895	0.69762
1041 A	0.25665	0.04571	0.69765
1042 T	0.26302	0.03843	0.69856
1043 C	0.26607	0.03456	0.69938
1044 A	0.27060	0.02977	0.69963
1045 G	0.27786	0.02180	0.70033
1046 C	0.28181	0.01706	0.70113
1047 T	0.28414	0.01470	0.70116
1048 C	0.28556	0.01367	0.70077
1049 T	0.28778	0.01169	0.70053
1050 T	0.28720	0.01334	0.69946
1051 T	0.28564	0.01506	0.69931
1052 T	0.27105	0.02928	0.69967
1053 C	0.24480	0.05451	0.70069
1054 A	0.21966	0.07933	0.70101
1055 C	0.19017	0.10887	0.70095
1056 A	0.16509	0.13598	0.69893
1057 A	0.15369	0.15140	0.69491
1058 G	0.14799	0.15905	0.69297
1059 A	0.14545	0.16205	0.6925
1060 G	0.14423	0.16334	0.69242
1061 G	0.14383	0.16340	0.69277
1062 A	0.14290	0.16400	0.6931
1063 C	0.14256	0.16373	0.69371
1064 A	0.14213	0.16412	0.69375
1065 A	0.14172	0.16442	0.69386
1066 A	0.14166	0.16431	0.69403
1067 C	0.14164	0.16410	0.69425
1068 A	0.14165	0.16407	0.69428
1069 C	0.14170	0.16381	0.6945
1070 A	0.14186	0.16361	0.69452
1071 A	0.14245	0.16292	0.69463
1072 A	0.14341	0.16172	0.69487
1073 G	0.14491	0.15706	0.69803
1074 T	0.14572	0.15302	0.70126
1075 T	0.14613	0.13067	0.7232
1076 T	0.14641	0.10135	0.75224
1077 A	0.14664	0.07580	0.77756
1078 G	0.14701	0.04433	0.80866
1079 C	0.14872	0.02275	0.82854
1080 T	0.15292	0.01275	0.83433
1081 G	0.15469	0.00850	0.83681
1082 T	0.15550	0.00665	0.83785
1083 T	0.15555	0.00641	0.83803
1084 G	0.15519	0.00682	0.83799
1085 T	0.15510	0.00659	0.83831
1086 T	0.15446	0.00792	0.83762
1087 A	0.15347	0.01090	0.83563
1088 C	0.15285	0.01212	0.83503
1089 T	0.15199	0.01748	0.83052
1090 T	0.14919	0.02676	0.82405
1091 T	0.14042	0.04279	0.81678
1092 A	0.10864	0.08689	0.80447
1093 G	0.10231	0.09593	0.80176
1094 G	0.09952	0.09925	0.80124
1095 G	0.09711	0.10247	0.80042
1096 T	0.09626	0.10380	0.79993
1097 C	0.09477	0.10572	0.79951
1098 C	0.09053	0.11161	0.79786
1099 T	0.08564	0.12081	0.79355
1100 T	0.08112	0.12779	0.79109
1101 A	0.07382	0.13880	0.78737
1102 A	0.06928	0.14766	0.78306
1103 G	0.06692	0.15121	0.78186
1104 A	0.06509	0.15381	0.7811
1105 G	0.06383	0.15535	0.78082
1106 A	0.06310	0.15623	0.78067
1107 A	0.06277	0.15637	0.78087
1108 A	0.06377	0.15519	0.78104
1109 G	0.06563	0.15252	0.78186
1110 T	0.06925	0.14750	0.78325
1111 A	0.07043	0.14497	0.78461
1112 A	0.07435	0.13934	0.78631
1113 A	0.07876	0.13174	0.78951
1114 A	0.08410	0.11762	0.79828
1115 C	0.09359	0.07716	0.82926
1116 A	0.09579	0.07055	0.83367
1117 A	0.09670	0.06792	0.83538
1118 T	0.09852	0.06476	0.83672
1119 T	0.09842	0.06490	0.83668
1120 G	0.09440	0.06889	0.83671
1121 A	0.09162	0.06713	0.84125
1122 T	0.09382	0.06077	0.8454
1123 G	0.09199	0.06728	0.84073
1124 A	0.09091	0.09690	0.81219
1125 T	0.09398	0.10821	0.7978
1126 T	0.09202	0.11438	0.7936
1127 T	0.08737	0.12328	0.78934
1128 A	0.08143	0.13303	0.78554
1129 A	0.07846	0.13852	0.78301
1130 C	0.07362	0.14351	0.78287
1131 A	0.06601	0.15346	0.78052
1132 G	0.06204	0.15850	0.77946
1133 A	0.05909	0.16252	0.77839
1134 A	0.05655	0.16541	0.77804
1135 G	0.05512	0.16683	0.77805
1136 A	0.05445	0.16704	0.7785
1137 A	0.05432	0.16660	0.77909
1138 G	0.05434	0.16638	0.77927
1139 A	0.05455	0.16575	0.77969
1140 A	0.05494	0.16456	0.7805
1141 G	0.05564	0.16293	0.78143
1142 A	0.05698	0.16035	0.78267
1143 A	0.05905	0.15424	0.78671
1144 A	0.06241	0.14663	0.79096
1145 A	0.06668	0.13964	0.79368
1146 A	0.07692	0.12432	0.79876
1147 C	0.10922	0.08413	0.80665
1148 G	0.12828	0.06270	0.80902
1149 T	0.13726	0.05093	0.81181
1150 T	0.14235	0.04325	0.8144
1151 T	0.14535	0.03710	0.81755
1152 T	0.14697	0.03397	0.81906
1153 A	0.14764	0.02828	0.82408
1154 T	0.14924	0.01860	0.83216
1155 T	0.15021	0.01331	0.83648
1156 T	0.15100	0.00958	0.83942
1157 T	0.15130	0.00717	0.84152
1158 G	0.15080	0.00653	0.84267
1159 C	0.15093	0.00583	0.84325
1160 A	0.15127	0.00543	0.84331
1161 T	0.15203	0.00462	0.84334
1162 T	0.15258	0.00408	0.84334
1163 A	0.15276	0.00394	0.84331
1164 T	0.15298	0.00373	0.8433
1165 A	0.15306	0.00362	0.84332
1166 A	0.15309	0.00357	0.84334
1167 T	0.15320	0.00339	0.84342
1168 T	0.15326	0.00329	0.84345
1169 T	0.15327	0.00327	0.84347
1170 T	0.15324	0.00328	0.84348
1171 C	0.15298	0.00353	0.84349
1172 C	0.15285	0.00367	0.84349
1173 T	0.15292	0.00361	0.84347
1174 T	0.15279	0.00375	0.84345
1175 C	0.15250	0.00407	0.84344
1176 T	0.15241	0.00427	0.84332
1177 T	0.15209	0.00461	0.8433
1178 A	0.15175	0.00493	0.84331
1179 T	0.15161	0.00500	0.84339
1180 T	0.15140	0.00513	0.84347
1181 C	0.15117	0.00463	0.8442
1182 T	0.15093	0.00472	0.84435
1183 G	0.15037	0.00525	0.84437
1184 T	0.15004	0.00556	0.8444
1185 T	0.14951	0.00607	0.84441
1186 G	0.14892	0.00668	0.84439
1187 G	0.14857	0.00701	0.84442
1188 C	0.14845	0.00708	0.84447
1189 G	0.14840	0.00748	0.84412
1190 A	0.14836	0.00780	0.84385
1191 G	0.14833	0.00791	0.84376
1192 A	0.14831	0.00806	0.84363
1193 T	0.14830	0.00807	0.84363
1194 A	0.14810	0.00802	0.84388
1195 G	0.14794	0.00802	0.84404
1196 G	0.14784	0.00810	0.84406
1197 A	0.14744	0.00845	0.84411
1198 A	0.14705	0.00866	0.84429
1199 G	0.14686	0.00880	0.84435
1200 G	0.14658	0.00921	0.84421
1201 T	0.14646	0.01002	0.84352
1202 A	0.14584	0.01182	0.84235
1203 T	0.14503	0.01331	0.84166
1204 A	0.14401	0.01422	0.84178
1205 T	0.14336	0.01457	0.84207
1206 A	0.14202	0.01530	0.84268
1207 G	0.14122	0.01555	0.84323
1208 C	0.14091	0.01529	0.8438
1209 G	0.14088	0.01502	0.8441
1210 C	0.14098	0.01476	0.84426
1211 C	0.14112	0.01458	0.84429
1212 T	0.14151	0.01421	0.84428
1213 T	0.14163	0.01414	0.84423
1214 C	0.14134	0.01450	0.84416
1215 T	0.14092	0.01528	0.8438
1216 A	0.14016	0.01633	0.84351
1217 G	0.13965	0.01682	0.84354
1218 A	0.13918	0.01726	0.84357
1219 A	0.13894	0.01745	0.8436
1220 G	0.13868	0.01720	0.84412
1221 A	0.13876	0.01670	0.84454
1222 G	0.13913	0.01596	0.84491
1223 A	0.13970	0.01505	0.84525
1224 A	0.14073	0.01378	0.84549
1225 A	0.14196	0.01191	0.84613
1226 T	0.14280	0.00986	0.84735
1227 T	0.14284	0.00864	0.84851
1228 G	0.14261	0.00818	0.84921
1229 G	0.14242	0.00757	0.85001
1230 T	0.14225	0.00756	0.85019
1231 C	0.14202	0.00804	0.84993
1232 A	0.14177	0.01017	0.84806
1233 T	0.14163	0.01113	0.84725
1234 G	0.14147	0.01223	0.8463
1235 G	0.14140	0.01399	0.84461
1236 A	0.14133	0.01550	0.84316
1237 A	0.14141	0.01550	0.84309
1238 T	0.14179	0.01477	0.84344
1239 T	0.14201	0.01401	0.84398
1240 T	0.14201	0.01356	0.84443
1241 T	0.14193	0.01326	0.8448
1242 A	0.14182	0.01323	0.84495
1243 G	0.14176	0.01297	0.84527
1244 C	0.14175	0.01284	0.84541
1245 T	0.14175	0.01289	0.84536
1246 G	0.14171	0.01302	0.84528
1247 A	0.14159	0.01328	0.84513
1248 A	0.14158	0.01337	0.84504
1249 A	0.14163	0.01333	0.84504
1250 A	0.14168	0.01315	0.84517
1251 A	0.14184	0.01265	0.84551
1252 G	0.14224	0.01190	0.84587
1253 C	0.14285	0.01100	0.84616
1254 A	0.14376	0.00996	0.84628
1255 T	0.14609	0.00748	0.84643
1256 T	0.14717	0.00635	0.84648
1257 A	0.14794	0.00563	0.84643
1258 T	0.14940	0.00424	0.84636
1259 T	0.15049	0.00320	0.84631
1260 T	0.15076	0.00293	0.84631
1261 T	0.15082	0.00297	0.8462
1262 A	0.15074	0.00335	0.84591
1263 T	0.15072	0.00338	0.8459
1264 C	0.15066	0.00347	0.84587
1265 T	0.15071	0.00374	0.84555
1266 T	0.15072	0.00376	0.84551
1267 T	0.15068	0.00380	0.84552
1268 T	0.15062	0.00386	0.84553
1269 A	0.15056	0.00390	0.84555
1270 C	0.15058	0.00370	0.84572
1271 C	0.15060	0.00364	0.84576
1272 T	0.15051	0.00374	0.84576
1273 T	0.15040	0.00387	0.84573
1274 C	0.15019	0.00409	0.84572
1275 A	0.14986	0.00449	0.84564
1276 G	0.14942	0.00496	0.84562
1277 A	0.14919	0.00523	0.84558
1278 A	0.14853	0.00592	0.84556
1279 G	0.14825	0.00624	0.84551
1280 A	0.14807	0.00644	0.8455
1281 A	0.14809	0.00644	0.84547
1282 G	0.14830	0.00620	0.8455
1283 A	0.14843	0.00607	0.8455
1284 A	0.14867	0.00573	0.8456
1285 T	0.14919	0.00495	0.84585
1286 T	0.14934	0.00466	0.846
1287 T	0.14944	0.00436	0.8462
1288 C	0.14955	0.00407	0.84637
1289 C	0.14959	0.00397	0.84644
1290 T	0.14959	0.00394	0.84646
1291 T	0.14959	0.00392	0.84649
1292 A	0.14955	0.00394	0.84651
1293 C	0.14939	0.00408	0.84652
1294 T	0.14930	0.00416	0.84654
1295 C	0.14918	0.00410	0.84672
1296 T	0.14911	0.00414	0.84676
1297 A	0.14898	0.00418	0.84684
1298 T	0.14894	0.00405	0.847
1299 T	0.14878	0.00385	0.84737
1300 A	0.14844	0.00405	0.8475
1301 G	0.14820	0.00362	0.84818
1302 A	0.14814	0.00341	0.84846
1303 G	0.14815	0.00313	0.84872
1304 T	0.14820	0.00306	0.84874
1305 A	0.14822	0.00315	0.84863
1306 G	0.14828	0.00307	0.84865
1307 T	0.14830	0.00309	0.84862
1308 T	0.14829	0.00320	0.8485
1309 T	0.14828	0.00350	0.84823
1310 C	0.14826	0.00383	0.84791
1311 A	0.14824	0.00432	0.84744
1312 G	0.14823	0.00472	0.84705
1313 A	0.14823	0.00499	0.84678
1314 A	0.14824	0.00505	0.84671
1315 A	0.14827	0.00508	0.84665
1316 T	0.14833	0.00483	0.84684
1317 T	0.14839	0.00464	0.84697
1318 T	0.14842	0.00446	0.84712
1319 T	0.14845	0.00436	0.84719
1320 A	0.14846	0.00438	0.84717
1321 G	0.14846	0.00430	0.84723
1322 A	0.14849	0.00423	0.84727
1323 A	0.14855	0.00395	0.8475
1324 T	0.14870	0.00363	0.84767
1325 C	0.14879	0.00345	0.84776
1326 T	0.14884	0.00344	0.84772
1327 A	0.14890	0.00346	0.84764
1328 A	0.14903	0.00335	0.84762
1329 C	0.14907	0.00330	0.84763
