# lcl|CP097583.1_cds_USQ93220.1_1
# AA	inside	membr	outside
1 A	0.29799	0.00000	0.702
2 T	0.29730	0.00069	0.702
3 G	0.29681	0.00119	0.702
4 T	0.29681	0.01804	0.68515
5 C	0.28790	0.04434	0.66775
6 A	0.28790	0.05169	0.66041
7 A	0.22784	0.11328	0.65888
8 G	0.22784	0.11331	0.65885
9 A	0.20440	0.13764	0.65796
10 A	0.20438	0.16103	0.63459
11 T	0.20276	0.16347	0.63377
12 A	0.13575	0.23112	0.63313
13 G	0.09427	0.27454	0.63118
14 G	0.09426	0.27455	0.63118
15 A	0.09426	0.29155	0.61419
16 A	0.09379	0.29202	0.61419
17 A	0.09247	0.29363	0.61389
18 A	0.09238	0.29443	0.6132
19 A	0.09074	0.29615	0.61311
20 A	0.08513	0.30194	0.61293
21 A	0.08032	0.30660	0.61307
22 T	0.08141	0.30503	0.61357
23 C	0.08270	0.30150	0.6158
24 C	0.08568	0.29796	0.61636
25 A	0.08976	0.29299	0.61725
26 T	0.09512	0.28694	0.61793
27 T	0.10764	0.27259	0.61977
28 T	0.11822	0.25818	0.6236
29 C	0.12095	0.25311	0.62594
30 A	0.12274	0.20221	0.67505
31 A	0.12344	0.19517	0.68139
32 T	0.12607	0.14970	0.72423
33 T	0.14280	0.12502	0.73218
34 C	0.13921	0.12400	0.73679
35 C	0.13875	0.07771	0.78355
36 T	0.13762	0.05757	0.80481
37 G	0.13050	0.06406	0.80544
38 A	0.13362	0.06232	0.80406
39 G	0.12405	0.07777	0.79819
40 G	0.12271	0.08175	0.79554
41 G	0.12260	0.08685	0.79055
42 A	0.12272	0.09364	0.78365
43 A	0.12300	0.09229	0.78471
44 T	0.12239	0.13610	0.74152
45 T	0.12088	0.16027	0.71884
46 A	0.11894	0.21491	0.66615
47 A	0.11538	0.22220	0.66242
48 A	0.11337	0.22459	0.66204
49 G	0.11181	0.22818	0.66001
50 T	0.10975	0.23078	0.65947
51 C	0.10665	0.23448	0.65888
52 G	0.10394	0.23940	0.65666
53 A	0.10251	0.24308	0.6544
54 A	0.10218	0.24572	0.6521
55 A	0.10196	0.24671	0.65133
56 T	0.10205	0.24589	0.65206
57 T	0.10194	0.24040	0.65765
58 G	0.10122	0.23864	0.66014
59 G	0.10108	0.23731	0.6616
60 A	0.10116	0.23313	0.66571
61 G	0.10233	0.22773	0.66994
62 A	0.10797	0.21782	0.6742
63 A	0.11301	0.21266	0.67433
64 C	0.12262	0.20330	0.67408
65 A	0.13370	0.19583	0.67047
66 A	0.14342	0.18812	0.66846
67 A	0.18556	0.14628	0.66816
68 A	0.20949	0.12121	0.6693
69 T	0.26085	0.06824	0.67091
70 T	0.26656	0.05817	0.67527
71 T	0.26842	0.05477	0.67681
72 A	0.26994	0.05180	0.67827
73 A	0.27122	0.04879	0.67999
74 T	0.27344	0.04369	0.68287
75 T	0.27354	0.04176	0.6847
76 C	0.27350	0.04171	0.68479
77 A	0.26984	0.04602	0.68414
78 T	0.26628	0.04968	0.68404
79 A	0.25438	0.06194	0.68367
80 T	0.24400	0.07242	0.68358
81 C	0.23305	0.08323	0.68371
82 G	0.23053	0.08568	0.68379
83 A	0.22767	0.08918	0.68314
84 A	0.22722	0.09005	0.68273
85 T	0.22897	0.08811	0.68292
86 C	0.22938	0.08749	0.68314
87 T	0.23148	0.08527	0.68325
88 T	0.23312	0.08342	0.68346
89 C	0.23150	0.08512	0.68338
90 T	0.23133	0.08537	0.68329
91 T	0.23025	0.08651	0.68323
92 C	0.22130	0.09555	0.68315
93 A	0.20648	0.11116	0.68236
94 C	0.19250	0.12584	0.68166
95 A	0.18704	0.13375	0.67921
96 T	0.18594	0.13665	0.67741
97 A	0.18372	0.14305	0.67323
98 A	0.18337	0.14275	0.67388
99 A	0.18411	0.14091	0.67498
100 T	0.18489	0.13250	0.68262
101 T	0.18463	0.12697	0.68841
102 A	0.18301	0.11895	0.69805
103 A	0.18205	0.11107	0.70688
104 A	0.18153	0.10509	0.71338
105 A	0.17887	0.10383	0.7173
106 T	0.17648	0.10232	0.72121
107 A	0.17177	0.10558	0.72264
108 T	0.16618	0.11072	0.7231
109 C	0.15936	0.11732	0.72332
110 A	0.15601	0.12664	0.71735
111 A	0.15396	0.13692	0.70911
112 A	0.15269	0.14878	0.69854
113 T	0.15219	0.14935	0.69847
114 A	0.15073	0.14994	0.69933
115 A	0.14919	0.14065	0.71015
116 A	0.14903	0.12473	0.72624
117 C	0.14942	0.10736	0.74322
118 C	0.15084	0.10199	0.74718
119 C	0.15184	0.10063	0.74753
120 T	0.15580	0.09853	0.74568
121 T	0.15606	0.10207	0.74186
122 C	0.15380	0.10550	0.7407
123 A	0.15088	0.11179	0.73733
124 T	0.14884	0.12074	0.73042
125 T	0.14677	0.13092	0.72231
126 A	0.14221	0.14394	0.71385
127 A	0.14182	0.14598	0.7122
128 A	0.14090	0.14306	0.71605
129 T	0.14077	0.13813	0.7211
130 A	0.14063	0.13265	0.72672
131 T	0.14413	0.12255	0.73332
132 C	0.14460	0.11610	0.7393
133 G	0.14751	0.11272	0.73977
134 A	0.15415	0.10730	0.73854
135 T	0.16522	0.09747	0.73731
136 A	0.16510	0.09860	0.7363
137 T	0.16486	0.09843	0.7367
138 T	0.16370	0.09839	0.73791
139 A	0.16185	0.09994	0.73821
140 A	0.16110	0.10008	0.73881
141 A	0.16061	0.09938	0.74001
142 G	0.16128	0.09706	0.74166
143 A	0.16490	0.09415	0.74095
144 T	0.17245	0.08593	0.74162
145 A	0.17456	0.08228	0.74317
146 A	0.17890	0.07453	0.74657
147 T	0.18660	0.06313	0.75027
148 T	0.19466	0.05382	0.75151
149 T	0.19945	0.04686	0.7537
150 A	0.18850	0.05968	0.75182
151 A	0.17985	0.07127	0.74888
152 T	0.17332	0.07771	0.74896
153 T	0.15637	0.09645	0.74718
154 A	0.11882	0.14030	0.74088
155 A	0.09448	0.17009	0.73544
156 A	0.08933	0.18078	0.72989
157 A	0.08830	0.18156	0.73015
158 T	0.08879	0.18036	0.73086
159 T	0.08689	0.18112	0.73199
160 T	0.08254	0.18491	0.73255
161 C	0.07532	0.19128	0.7334
162 A	0.06916	0.19698	0.73387
163 A	0.06628	0.19950	0.73422
164 G	0.06510	0.20028	0.73462
165 A	0.06479	0.20043	0.73478
166 C	0.06562	0.19947	0.73491
167 C	0.06620	0.19885	0.73495
168 A	0.06652	0.19905	0.73443
169 A	0.06660	0.19944	0.73396
170 A	0.06704	0.19947	0.73349
171 T	0.06860	0.19815	0.73324
172 A	0.06928	0.19690	0.73382
173 A	0.07288	0.17668	0.75045
174 T	0.07859	0.15688	0.76453
175 G	0.08030	0.14493	0.77476
176 A	0.08393	0.12707	0.789
177 A	0.09011	0.08932	0.82057
178 G	0.09662	0.05924	0.84414
179 T	0.10325	0.04574	0.851
180 T	0.10418	0.04102	0.85481
181 T	0.10450	0.03860	0.8569
182 T	0.10451	0.03633	0.85916
183 T	0.10408	0.03546	0.86046
184 A	0.10360	0.03390	0.86249
185 T	0.10319	0.03319	0.86363
186 G	0.10224	0.04314	0.85462
187 A	0.10184	0.07311	0.82504
188 A	0.10157	0.08502	0.81341
189 A	0.10087	0.09622	0.80291
190 A	0.10087	0.10569	0.79344
191 A	0.10134	0.11613	0.78253
192 A	0.10189	0.11516	0.78295
193 A	0.10252	0.11381	0.78367
194 T	0.10306	0.11267	0.78426
195 T	0.10341	0.11149	0.78511
196 C	0.10300	0.11148	0.78553
197 A	0.10232	0.11267	0.78501
198 T	0.10210	0.11299	0.78491
199 G	0.10172	0.11334	0.78494
200 G	0.10196	0.11308	0.78497
201 T	0.10280	0.11227	0.78493
202 A	0.10301	0.11184	0.78515
203 C	0.10383	0.11058	0.78559
204 T	0.10548	0.10877	0.78575
205 A	0.10643	0.10763	0.78594
206 C	0.10887	0.10466	0.78646
207 A	0.11223	0.10111	0.78666
208 C	0.11725	0.09577	0.78698
209 G	0.12889	0.08337	0.78775
210 T	0.15887	0.05307	0.78807
211 G	0.16949	0.04225	0.78827
212 C	0.18055	0.03047	0.78897
213 C	0.19052	0.02040	0.78908
214 T	0.20179	0.00915	0.78905
215 T	0.20270	0.00836	0.78894
216 A	0.20284	0.00833	0.78884
217 T	0.20329	0.00793	0.78879
218 T	0.20339	0.00785	0.78876
219 A	0.20299	0.00768	0.78934
220 T	0.20331	0.00660	0.79008
221 T	0.20313	0.00648	0.7904
222 T	0.20154	0.00796	0.79049
223 A	0.20013	0.01034	0.78954
224 A	0.19941	0.01142	0.78918
225 T	0.19795	0.01279	0.78926
226 A	0.19628	0.01450	0.78922
227 T	0.19580	0.01483	0.78938
228 G	0.19501	0.01537	0.78961
229 A	0.19444	0.01581	0.78975
230 T	0.19409	0.01592	0.78998
231 T	0.19374	0.01614	0.79012
232 T	0.19315	0.01664	0.79021
233 C	0.19229	0.01745	0.79026
234 A	0.19168	0.01808	0.79025
235 G	0.19144	0.01831	0.79024
236 G	0.19126	0.01853	0.79022
237 T	0.19119	0.01874	0.79007
238 T	0.19088	0.01908	0.79004
239 T	0.19004	0.01963	0.79033
240 A	0.18736	0.02230	0.79034
241 A	0.18588	0.02340	0.79072
242 C	0.18541	0.02290	0.79169
243 T	0.18544	0.02262	0.79194
244 A	0.18480	0.02299	0.79221
245 A	0.18451	0.02219	0.7933
246 T	0.18479	0.02077	0.79443
247 T	0.18358	0.02149	0.79493
248 T	0.18192	0.02146	0.79662
249 G	0.17837	0.02356	0.79808
250 T	0.17724	0.02421	0.79855
251 T	0.17522	0.02570	0.79908
252 T	0.17127	0.02939	0.79933
253 G	0.16405	0.03695	0.799
254 T	0.15929	0.04246	0.79826
255 A	0.15152	0.05099	0.7975
256 A	0.14766	0.05499	0.79735
257 A	0.14452	0.05839	0.79709
258 A	0.14283	0.06046	0.79671
259 A	0.14180	0.06165	0.79655
260 A	0.14137	0.06183	0.7968
261 G	0.14122	0.06133	0.79745
262 A	0.14117	0.06059	0.79824
263 T	0.14131	0.05812	0.80057
264 T	0.14118	0.05692	0.8019
265 G	0.14095	0.05651	0.80254
266 A	0.14090	0.05625	0.80285
267 A	0.14095	0.05522	0.80382
268 A	0.14107	0.05410	0.80483
269 T	0.14133	0.05209	0.80657
270 T	0.14152	0.04962	0.80886
271 G	0.14160	0.04684	0.81156
272 T	0.14183	0.04214	0.81603
273 T	0.14192	0.03927	0.81882
274 G	0.14187	0.03672	0.82142
275 G	0.14198	0.03291	0.82511
276 G	0.14262	0.02700	0.83038
277 T	0.14356	0.02224	0.83421
278 T	0.14424	0.01720	0.83856
279 A	0.14445	0.01761	0.83794
280 G	0.14491	0.01705	0.83804
281 A	0.14550	0.01831	0.83619
282 T	0.14600	0.01803	0.83596
283 T	0.14622	0.01913	0.83465
284 A	0.14628	0.02065	0.83306
285 T	0.14646	0.02174	0.8318
286 G	0.14628	0.02465	0.82907
287 T	0.14621	0.02687	0.82691
288 T	0.14528	0.02945	0.82527
289 G	0.14363	0.03352	0.82285
290 T	0.14266	0.03874	0.81859
291 T	0.13885	0.04858	0.81257
292 A	0.13208	0.06117	0.80674
293 A	0.12839	0.06671	0.8049
294 A	0.12626	0.06972	0.80402
295 A	0.12491	0.07140	0.8037
296 A	0.12421	0.07214	0.80365
297 A	0.12343	0.07283	0.80374
298 G	0.12293	0.07323	0.80384
299 A	0.12304	0.07298	0.80399
300 A	0.12390	0.07195	0.80415
301 G	0.12567	0.06987	0.80446
302 G	0.12911	0.06607	0.80482
303 C	0.13185	0.06312	0.80503
304 T	0.13519	0.05975	0.80506
305 C	0.13652	0.05840	0.80509
306 T	0.13841	0.05653	0.80506
307 A	0.13970	0.05526	0.80505
308 A	0.14136	0.05357	0.80506
309 T	0.14532	0.04921	0.80547
310 T	0.14846	0.04576	0.80578
311 T	0.15037	0.04189	0.80773
312 G	0.15238	0.03736	0.81026
313 A	0.15621	0.03196	0.81183
314 T	0.16232	0.02184	0.81584
315 T	0.16726	0.01142	0.82131
316 T	0.16856	0.00721	0.82423
317 T	0.16891	0.00523	0.82585
318 T	0.16897	0.00427	0.82676
319 A	0.16890	0.00397	0.82713
320 A	0.16888	0.00326	0.82786
321 T	0.16893	0.00248	0.82859
322 T	0.16887	0.00221	0.82892
323 T	0.16879	0.00219	0.82902
324 A	0.16870	0.00225	0.82905
325 G	0.16867	0.00225	0.82907
326 G	0.16867	0.00225	0.82908
327 T	0.16871	0.00221	0.82908
328 T	0.16874	0.00217	0.8291
329 T	0.16877	0.00213	0.8291
330 T	0.16879	0.00209	0.82913
331 T	0.16878	0.00208	0.82914
332 C	0.16874	0.00209	0.82916
333 T	0.16866	0.00217	0.82917
334 C	0.16862	0.00222	0.82917
335 A	0.16860	0.00224	0.82915
336 T	0.16864	0.00221	0.82916
337 G	0.16866	0.00219	0.82915
338 T	0.16879	0.00203	0.82919
339 T	0.16885	0.00192	0.82923
340 G	0.16883	0.00182	0.82935
341 T	0.16898	0.00157	0.82945
342 T	0.16901	0.00143	0.82956
343 T	0.16888	0.00150	0.82962
344 T	0.16864	0.00169	0.82966
345 T	0.16823	0.00203	0.82974
346 T	0.16739	0.00281	0.8298
347 T	0.16626	0.00390	0.82984
348 A	0.16254	0.00761	0.82986
349 C	0.16145	0.00867	0.82988
350 C	0.16080	0.00934	0.82985
351 T	0.16023	0.00992	0.82985
352 A	0.15921	0.01094	0.82985
353 T	0.15885	0.01130	0.82985
354 T	0.15844	0.01170	0.82985
355 C	0.15796	0.01214	0.8299
356 C	0.15773	0.01228	0.83
357 T	0.15749	0.01248	0.83003
358 T	0.15709	0.01285	0.83005
359 C	0.15640	0.01354	0.83006
360 T	0.15541	0.01457	0.83002
361 G	0.15351	0.01660	0.82989
362 A	0.15295	0.01733	0.82972
363 T	0.15242	0.01796	0.82962
364 G	0.15116	0.01956	0.82928
365 T	0.15037	0.02026	0.82936
366 T	0.14810	0.02284	0.82905
367 G	0.14378	0.02892	0.82729
368 A	0.14044	0.03630	0.82325
369 A	0.13936	0.04041	0.82023
370 A	0.13831	0.04811	0.81357
371 T	0.13747	0.05154	0.811
372 A	0.13442	0.06101	0.80456
373 G	0.13343	0.06472	0.80185
374 A	0.13207	0.06955	0.79837
375 G	0.13043	0.07363	0.79595
376 A	0.12980	0.07603	0.79417
377 T	0.12944	0.07680	0.79376
378 T	0.12825	0.07892	0.79282
379 A	0.12598	0.08212	0.79189
380 T	0.12454	0.08383	0.79163
381 A	0.12287	0.08566	0.79147
382 A	0.12212	0.08633	0.79156
383 A	0.12176	0.08614	0.7921
384 G	0.12166	0.08514	0.7932
385 A	0.12175	0.08624	0.792
386 A	0.12183	0.08617	0.792
387 T	0.12226	0.08446	0.79329
388 A	0.12220	0.08362	0.79418
389 A	0.12272	0.08094	0.79634
390 A	0.12469	0.07517	0.80014
391 C	0.12908	0.06766	0.80326
392 A	0.13323	0.06323	0.80353
393 A	0.14203	0.05477	0.8032
394 A	0.14946	0.04786	0.80268
395 T	0.15772	0.03782	0.80445
396 T	0.16085	0.03498	0.80417
397 A	0.16300	0.03298	0.80402
398 T	0.16565	0.03089	0.80346
399 T	0.16670	0.02914	0.80416
400 A	0.16634	0.02901	0.80465
401 T	0.16555	0.02824	0.80621
402 T	0.16290	0.02891	0.8082
403 C	0.15601	0.03459	0.80939
404 G	0.14675	0.04372	0.80953
405 A	0.13924	0.05198	0.80877
406 G	0.13653	0.05562	0.80785
407 G	0.13537	0.05737	0.80726
408 T	0.13646	0.05699	0.80655
409 A	0.13564	0.05968	0.80467
410 T	0.13461	0.06075	0.80464
411 A	0.13290	0.06271	0.80439
412 G	0.13205	0.06358	0.80437
413 A	0.13001	0.06567	0.80432
414 C	0.12901	0.06655	0.80444
415 A	0.12895	0.06672	0.80433
416 A	0.13001	0.06568	0.80431
417 A	0.13142	0.06427	0.80431
418 C	0.13254	0.06314	0.80432
419 A	0.13346	0.06225	0.80429
420 A	0.13532	0.05991	0.80477
421 T	0.13778	0.05697	0.80524
422 T	0.13828	0.05572	0.806
423 T	0.13785	0.05557	0.80658
424 G	0.13680	0.05384	0.80936
425 T	0.13638	0.05115	0.81248
426 A	0.13560	0.04598	0.81842
427 G	0.13559	0.03683	0.82758
428 G	0.13624	0.02872	0.83504
429 T	0.13758	0.02459	0.83783
430 C	0.13779	0.02325	0.83897
431 A	0.13811	0.02546	0.83643
432 A	0.13954	0.02409	0.83637
433 G	0.13986	0.02248	0.83766
434 T	0.14049	0.02046	0.83905
435 T	0.14076	0.01961	0.83962
436 G	0.14086	0.01717	0.84197
437 C	0.14092	0.01580	0.84329
438 T	0.14103	0.01570	0.84327
439 G	0.14104	0.01640	0.84256
440 C	0.14102	0.01840	0.84058
441 T	0.14107	0.02456	0.83436
442 A	0.14106	0.03284	0.82611
443 A	0.14105	0.03939	0.81955
444 A	0.14116	0.04438	0.81446
445 A	0.14142	0.04929	0.80929
446 T	0.14188	0.05228	0.80584
447 A	0.14200	0.05526	0.80275
448 T	0.14267	0.05741	0.79991
449 T	0.14265	0.05969	0.79767
450 A	0.14239	0.06278	0.79483
451 A	0.14236	0.06541	0.79223
452 A	0.14248	0.06627	0.79125
453 A	0.14234	0.06622	0.79144
454 T	0.14479	0.06349	0.79172
455 T	0.14494	0.06308	0.79198
456 A	0.14363	0.06438	0.792
457 C	0.14307	0.06502	0.79191
458 G	0.14275	0.06585	0.79141
459 C	0.14236	0.06632	0.79131
460 A	0.14197	0.06685	0.79118
461 A	0.14233	0.06664	0.79103
462 A	0.14341	0.06571	0.79089
463 C	0.14552	0.06370	0.79078
464 C	0.14963	0.06015	0.79022
465 A	0.15569	0.05451	0.7898
466 G	0.16108	0.04910	0.78983
467 A	0.16613	0.04404	0.78982
468 A	0.17191	0.03827	0.78982
469 C	0.17760	0.03245	0.78994
470 C	0.18280	0.02686	0.79034
471 T	0.18698	0.02265	0.79037
472 T	0.18894	0.02056	0.79049
473 A	0.18883	0.02059	0.79058
474 T	0.18876	0.02065	0.79059
475 A	0.18784	0.02148	0.79068
476 C	0.18692	0.02096	0.79211
477 A	0.18604	0.02150	0.79245
478 G	0.18558	0.02116	0.79326
479 G	0.18533	0.02059	0.79408
480 C	0.18491	0.02071	0.79437
481 A	0.18507	0.02129	0.79364
482 A	0.18512	0.02143	0.79345
483 A	0.18525	0.02106	0.79369
484 G	0.18552	0.02064	0.79384
485 G	0.18587	0.02034	0.79379
486 A	0.18625	0.01896	0.79479
487 A	0.18687	0.01659	0.79654
488 T	0.18736	0.01458	0.79807
489 T	0.18744	0.01365	0.79892
490 C	0.18745	0.01318	0.79936
491 G	0.18747	0.01316	0.79936
492 T	0.18750	0.01309	0.79941
493 T	0.18751	0.01298	0.79951
494 T	0.18754	0.01287	0.7996
495 A	0.18752	0.01275	0.79972
496 G	0.18754	0.01079	0.80167
497 C	0.18756	0.00851	0.80393
498 T	0.18770	0.00747	0.80483
499 G	0.18771	0.00686	0.80543
500 G	0.18786	0.00627	0.80587
501 T	0.18805	0.00571	0.80624
502 G	0.18814	0.00539	0.80648
503 C	0.18831	0.00455	0.80714
504 T	0.18907	0.00388	0.80705
505 T	0.18964	0.00421	0.80614
506 A	0.18969	0.00579	0.80452
507 T	0.18970	0.00599	0.80431
508 G	0.18927	0.00686	0.80387
509 T	0.18909	0.00737	0.80355
510 T	0.18853	0.00809	0.80338
511 C	0.18747	0.00933	0.8032
512 A	0.18697	0.01016	0.80286
513 T	0.18641	0.01094	0.80265
514 C	0.18464	0.01328	0.80208
515 G	0.18220	0.01859	0.7992
516 T	0.17372	0.03199	0.79429
517 A	0.14971	0.05867	0.79162
518 A	0.12767	0.08309	0.78924
519 A	0.10735	0.10421	0.78844
520 G	0.08864	0.12355	0.78781
521 C	0.08639	0.12596	0.78765
522 A	0.08451	0.12854	0.78695
523 G	0.08304	0.13053	0.78644
524 G	0.08277	0.13101	0.78623
525 A	0.08273	0.13129	0.78598
526 A	0.08290	0.13111	0.78599
527 A	0.08330	0.13064	0.78606
528 A	0.08421	0.12960	0.78619
529 A	0.08564	0.12788	0.78648
530 G	0.08599	0.12695	0.78706
531 T	0.08649	0.12560	0.78791
532 G	0.08684	0.12477	0.78838
533 C	0.08712	0.12388	0.789
534 T	0.08745	0.12310	0.78944
535 A	0.08777	0.12248	0.78975
536 A	0.08809	0.12166	0.79025
537 A	0.08879	0.11958	0.79162
538 A	0.09140	0.11507	0.79354
539 A	0.09588	0.09978	0.80434
540 A	0.09902	0.07128	0.82969
541 T	0.10220	0.04308	0.85473
542 A	0.10346	0.02169	0.87485
543 A	0.10500	0.00000	0.89501
