# lcl|CP097583.1_cds_USQ93531.1_1
# AA	inside	membr	outside
1 G	0.61855	0.00000	0.38144
2 T	0.61524	0.00331	0.38144
3 G	0.61324	0.00531	0.38144
4 A	0.61324	0.08976	0.297
5 A	0.59321	0.15248	0.2543
6 T	0.59321	0.15611	0.25068
7 A	0.52488	0.22593	0.24919
8 A	0.52488	0.22597	0.24915
9 A	0.51636	0.23463	0.24901
10 A	0.51634	0.24626	0.2374
11 T	0.51379	0.24988	0.23633
12 A	0.39865	0.36650	0.23485
13 C	0.28869	0.47972	0.23158
14 A	0.28867	0.47975	0.23158
15 A	0.28867	0.52792	0.18341
16 A	0.28791	0.52868	0.18341
17 A	0.28741	0.52938	0.18321
18 A	0.28740	0.52964	0.18295
19 T	0.28780	0.52932	0.18288
20 T	0.28762	0.53035	0.18202
21 T	0.28580	0.53172	0.18249
22 T	0.28994	0.52700	0.18305
23 T	0.29279	0.52280	0.1844
24 G	0.29586	0.51911	0.18504
25 T	0.30153	0.50756	0.19091
26 A	0.30424	0.50205	0.19371
27 T	0.37514	0.42123	0.20363
28 T	0.40329	0.37787	0.21884
29 T	0.40369	0.37502	0.22129
30 A	0.40065	0.33774	0.26161
31 A	0.39868	0.33772	0.2636
32 A	0.39853	0.32534	0.27612
33 A	0.40746	0.30685	0.28569
34 A	0.40998	0.29499	0.29503
35 T	0.42277	0.17396	0.40327
36 T	0.42834	0.07780	0.49386
37 G	0.43003	0.07328	0.49669
38 G	0.46414	0.03772	0.49814
39 T	0.46577	0.03507	0.49916
40 T	0.46661	0.03384	0.49955
41 T	0.46701	0.03338	0.4996
42 T	0.46717	0.03364	0.49919
43 A	0.46765	0.03281	0.49954
44 T	0.46769	0.03202	0.50029
45 T	0.46714	0.03331	0.49955
46 T	0.46555	0.03484	0.49961
47 T	0.46275	0.03753	0.49972
48 A	0.45872	0.04160	0.49969
49 A	0.45738	0.04311	0.49951
50 T	0.45777	0.04173	0.5005
51 T	0.45807	0.03997	0.50196
52 A	0.45804	0.03835	0.50362
53 T	0.45966	0.03398	0.50636
54 T	0.45868	0.03430	0.50702
55 A	0.45663	0.03863	0.50474
56 T	0.45633	0.03835	0.50532
57 T	0.45555	0.03904	0.50542
58 G	0.45353	0.04094	0.50552
59 T	0.45343	0.04106	0.50552
60 T	0.45219	0.04220	0.50562
61 T	0.45069	0.04359	0.50572
62 C	0.44945	0.04484	0.5057
63 G	0.44843	0.04626	0.50531
64 A	0.44852	0.04636	0.50513
65 T	0.44952	0.04530	0.50518
66 T	0.44972	0.04506	0.50521
67 G	0.45049	0.04422	0.50529
68 T	0.45135	0.04219	0.50646
69 T	0.45099	0.04112	0.50789
70 G	0.44381	0.04663	0.50955
71 G	0.44002	0.04753	0.51245
72 T	0.43932	0.04773	0.51295
73 G	0.43620	0.05200	0.5118
74 G	0.43414	0.05413	0.51173
75 A	0.43304	0.05546	0.5115
76 T	0.43229	0.05565	0.51207
77 G	0.43149	0.05554	0.51297
78 G	0.43356	0.05245	0.51399
79 T	0.43440	0.05245	0.51315
80 G	0.43456	0.05354	0.51191
81 G	0.43465	0.05478	0.51056
82 T	0.43502	0.05799	0.50699
83 T	0.43494	0.05753	0.50754
84 T	0.43461	0.05821	0.50718
85 T	0.43404	0.06061	0.50535
86 T	0.43318	0.06472	0.50209
87 C	0.43081	0.07354	0.49565
88 A	0.42811	0.09689	0.475
89 T	0.42673	0.11524	0.45803
90 A	0.42426	0.14826	0.42749
91 A	0.42230	0.17258	0.40511
92 A	0.42221	0.18646	0.39133
93 T	0.42289	0.19167	0.38545
94 A	0.42017	0.21429	0.36554
95 A	0.41850	0.23754	0.34396
96 T	0.41442	0.26528	0.3203
97 A	0.35371	0.37988	0.26641
98 A	0.28938	0.50155	0.20907
99 A	0.25994	0.55364	0.18643
100 G	0.24778	0.57540	0.17682
101 G	0.23746	0.60268	0.15985
102 A	0.23144	0.63250	0.13606
103 A	0.22631	0.65982	0.11387
104 A	0.22351	0.66657	0.10991
105 A	0.22229	0.67263	0.10508
106 G	0.22035	0.67364	0.10601
107 A	0.22048	0.67294	0.10659
108 C	0.22282	0.66945	0.10773
109 A	0.22618	0.66564	0.10817
110 C	0.23328	0.65672	0.11
111 G	0.24834	0.64078	0.11088
112 A	0.26313	0.62585	0.11103
113 C	0.28970	0.59873	0.11157
114 C	0.31019	0.57837	0.11144
115 A	0.32245	0.57071	0.10684
116 A	0.33649	0.55789	0.10562
117 A	0.35784	0.53673	0.10543
118 A	0.38103	0.51329	0.10568
119 A	0.41202	0.47742	0.11056
120 A	0.47693	0.34429	0.17878
121 T	0.54398	0.20504	0.25097
122 T	0.56527	0.15470	0.28003
123 A	0.56674	0.15896	0.2743
124 A	0.57422	0.17545	0.25032
125 A	0.58894	0.17358	0.23748
126 A	0.60362	0.16529	0.23108
127 A	0.60704	0.15659	0.23637
128 T	0.61335	0.14450	0.24215
129 T	0.61153	0.14310	0.24537
130 G	0.60215	0.15064	0.24722
131 C	0.59362	0.15814	0.24824
132 C	0.58464	0.17016	0.2452
133 A	0.57552	0.18268	0.24181
134 C	0.57454	0.18584	0.23962
135 T	0.57592	0.18954	0.23454
136 G	0.57507	0.19371	0.23123
137 C	0.57601	0.19424	0.22976
138 T	0.58036	0.19263	0.22701
139 T	0.58136	0.19169	0.22695
140 T	0.58154	0.19043	0.22803
141 A	0.57926	0.19255	0.22819
142 T	0.58135	0.18989	0.22876
143 C	0.58272	0.18662	0.23067
144 T	0.58529	0.18584	0.22887
145 A	0.58664	0.18665	0.22671
146 A	0.59769	0.17489	0.22742
147 T	0.62123	0.15103	0.22773
148 G	0.63201	0.14447	0.22352
149 T	0.64263	0.13692	0.22044
150 A	0.64060	0.14369	0.21571
151 A	0.63799	0.15108	0.21093
152 A	0.63801	0.15229	0.2097
153 A	0.63879	0.14466	0.21655
154 G	0.64105	0.13464	0.22431
155 A	0.64841	0.12112	0.23047
156 T	0.66036	0.10204	0.2376
157 T	0.66477	0.09886	0.23637
158 T	0.66691	0.10045	0.23264
159 T	0.65705	0.11855	0.2244
160 T	0.63892	0.14029	0.22079
161 T	0.61756	0.16378	0.21867
162 G	0.57354	0.21255	0.21391
163 A	0.55038	0.23651	0.21311
164 C	0.52723	0.25771	0.21506
165 A	0.49975	0.28694	0.21331
166 T	0.48684	0.29999	0.21316
167 C	0.46439	0.32353	0.21208
168 A	0.45804	0.33025	0.21171
169 G	0.45536	0.33303	0.21162
170 A	0.45527	0.33289	0.21183
171 T	0.46023	0.32631	0.21346
172 C	0.46522	0.32139	0.21338
173 A	0.46370	0.32436	0.21194
174 G	0.46145	0.32730	0.21125
175 A	0.45587	0.33862	0.20551
176 T	0.44877	0.35085	0.20037
177 T	0.43343	0.37733	0.18924
178 A	0.40017	0.43062	0.16921
179 A	0.38450	0.45205	0.16345
180 A	0.36772	0.47161	0.16066
181 A	0.36154	0.47378	0.16468
182 A	0.36472	0.45405	0.18124
183 T	0.36755	0.42713	0.20532
184 A	0.36394	0.41458	0.22148
185 G	0.36435	0.37789	0.25775
186 A	0.36364	0.35856	0.2778
187 T	0.36376	0.33134	0.3049
188 T	0.36133	0.31113	0.32754
189 A	0.35498	0.31131	0.33371
190 C	0.35021	0.30324	0.34655
191 A	0.34618	0.32210	0.33171
192 A	0.34379	0.34252	0.31369
193 G	0.34231	0.35342	0.30427
194 A	0.34180	0.38793	0.27027
195 A	0.34290	0.41204	0.24505
196 A	0.34535	0.43092	0.22373
197 A	0.34822	0.44785	0.20392
198 A	0.35524	0.43864	0.20612
199 G	0.36220	0.42344	0.21436
200 G	0.37448	0.39700	0.22852
201 T	0.39260	0.36139	0.24601
202 A	0.39385	0.35480	0.25135
203 T	0.39630	0.33844	0.26526
204 G	0.39422	0.33750	0.26827
205 G	0.39378	0.33627	0.26995
206 A	0.39422	0.33533	0.27045
207 G	0.39662	0.32788	0.2755
208 T	0.40104	0.32152	0.27744
209 T	0.40290	0.31664	0.28046
210 G	0.40427	0.31368	0.28205
211 G	0.40770	0.30775	0.28455
212 A	0.41377	0.29906	0.28717
213 C	0.42050	0.28685	0.29264
214 G	0.44026	0.26454	0.2952
215 T	0.46353	0.23981	0.29667
216 A	0.47486	0.22736	0.29778
217 C	0.50531	0.19596	0.29874
218 A	0.53284	0.16953	0.29763
219 A	0.56828	0.13229	0.29943
220 T	0.60666	0.09254	0.3008
221 T	0.62539	0.07430	0.30031
222 T	0.63509	0.06791	0.297
223 A	0.63862	0.06674	0.29464
224 T	0.64978	0.05740	0.29283
225 T	0.65498	0.05575	0.28927
226 T	0.65775	0.06521	0.27704
227 T	0.65888	0.07303	0.2681
228 T	0.65040	0.10610	0.24351
229 A	0.62033	0.17051	0.20916
230 A	0.52604	0.30108	0.17287
231 T	0.48340	0.35784	0.15876
232 G	0.42043	0.43555	0.14402
233 A	0.37811	0.49758	0.12431
234 A	0.35043	0.53274	0.11683
235 T	0.34155	0.54203	0.11642
236 A	0.31389	0.57049	0.11562
237 T	0.29817	0.58623	0.1156
238 G	0.27764	0.60682	0.11553
239 C	0.26408	0.62054	0.11539
240 A	0.24873	0.63697	0.11429
241 C	0.24007	0.64582	0.11411
242 A	0.23567	0.65057	0.11376
243 A	0.23332	0.65299	0.11369
244 A	0.23212	0.65426	0.11361
245 C	0.23513	0.65112	0.11376
246 A	0.23893	0.64732	0.11375
247 C	0.24604	0.63954	0.11442
248 A	0.25623	0.62943	0.11434
249 T	0.27580	0.60925	0.11495
250 A	0.28594	0.59882	0.11524
251 A	0.31108	0.56394	0.12499
252 A	0.34245	0.50719	0.15037
253 T	0.38354	0.36109	0.25536
254 T	0.39656	0.29566	0.30778
255 A	0.40686	0.23110	0.36204
256 T	0.42004	0.18030	0.39965
257 T	0.42332	0.15682	0.41986
258 A	0.42191	0.15810	0.41999
259 A	0.42097	0.14818	0.43085
260 T	0.42079	0.14117	0.43804
261 G	0.41690	0.13677	0.44632
262 A	0.41448	0.15973	0.42579
263 A	0.41318	0.16688	0.41995
264 T	0.41152	0.17846	0.41002
265 G	0.40564	0.21572	0.37865
266 A	0.40359	0.24906	0.34736
267 T	0.40260	0.28336	0.31404
268 G	0.40147	0.31849	0.28004
269 A	0.40097	0.34788	0.25114
270 A	0.40097	0.36453	0.2345
271 G	0.40137	0.37858	0.22005
272 T	0.40191	0.39640	0.20169
273 A	0.40220	0.40824	0.18956
274 A	0.40334	0.40794	0.18871
275 T	0.40608	0.40556	0.18836
276 T	0.40740	0.40439	0.18821
277 G	0.40796	0.40421	0.18783
278 C	0.41083	0.40116	0.18801
279 T	0.41720	0.39634	0.18647
280 A	0.42206	0.39410	0.18384
281 A	0.43198	0.38449	0.18353
282 A	0.45139	0.36436	0.18425
283 T	0.46850	0.34690	0.1846
284 T	0.47982	0.33151	0.18867
285 A	0.50320	0.30569	0.19111
286 G	0.52280	0.28333	0.19386
287 A	0.54998	0.25399	0.19603
288 T	0.59405	0.20374	0.20221
289 T	0.63194	0.16351	0.20455
290 C	0.66312	0.13118	0.2057
291 T	0.69608	0.09773	0.20619
292 C	0.71583	0.07776	0.20641
293 A	0.72912	0.06494	0.20595
294 T	0.74501	0.04925	0.20574
295 T	0.76090	0.03346	0.20564
296 T	0.76887	0.02526	0.20587
297 A	0.76904	0.02512	0.20584
298 T	0.76991	0.02354	0.20655
299 C	0.76974	0.02278	0.20749
300 T	0.77069	0.02202	0.20729
301 T	0.76895	0.02383	0.20721
302 A	0.76392	0.02936	0.20673
303 T	0.76293	0.03075	0.20632
304 T	0.75978	0.03530	0.20492
305 C	0.75228	0.04415	0.20358
306 T	0.74878	0.05283	0.19839
307 A	0.73946	0.07527	0.18526
308 T	0.73274	0.09428	0.17298
309 T	0.72508	0.10891	0.16601
310 G	0.71268	0.12978	0.15753
311 A	0.69287	0.15697	0.15016
312 T	0.68446	0.16826	0.14729
313 G	0.67104	0.18414	0.14481
314 A	0.66545	0.19133	0.14323
315 G	0.66254	0.19486	0.1426
316 A	0.66038	0.19888	0.14074
317 A	0.65981	0.19966	0.14052
318 T	0.65953	0.19931	0.14115
319 G	0.65911	0.19980	0.14109
320 A	0.65888	0.20013	0.14099
321 T	0.65866	0.20002	0.14131
322 A	0.65798	0.20028	0.14173
323 A	0.65786	0.19992	0.14222
324 A	0.65635	0.19816	0.14549
325 G	0.65594	0.19092	0.15313
326 G	0.65635	0.18611	0.15754
327 A	0.65896	0.17876	0.16229
328 C	0.66217	0.16641	0.17141
329 A	0.66823	0.15760	0.17416
330 A	0.68352	0.13445	0.18203
331 T	0.70176	0.10776	0.19049
332 T	0.70979	0.09297	0.19724
333 T	0.71569	0.07896	0.20534
334 T	0.71923	0.05728	0.22349
335 T	0.72061	0.04841	0.23099
336 T	0.72138	0.03868	0.23994
337 G	0.72178	0.03505	0.24318
338 A	0.72249	0.03275	0.24476
339 T	0.72459	0.02851	0.24691
340 T	0.72510	0.02728	0.24762
341 C	0.72299	0.02917	0.24784
342 A	0.71303	0.03996	0.24702
343 A	0.70864	0.04580	0.24556
344 T	0.70590	0.04894	0.24515
345 A	0.70172	0.05348	0.2448
346 A	0.70084	0.05471	0.24446
347 T	0.70036	0.05359	0.24605
348 G	0.69932	0.05452	0.24615
349 G	0.69902	0.05444	0.24653
350 T	0.69948	0.05412	0.2464
351 T	0.69965	0.05391	0.24643
352 G	0.69977	0.05388	0.24636
353 C	0.70033	0.05344	0.24623
354 T	0.69994	0.05391	0.24616
355 C	0.69942	0.05441	0.24617
356 A	0.69888	0.05498	0.24614
357 T	0.70090	0.05295	0.24615
358 C	0.70169	0.05218	0.24613
359 C	0.70189	0.05213	0.24598
360 T	0.70181	0.05260	0.24559
361 T	0.70141	0.05335	0.24524
362 T	0.70067	0.05485	0.24448
363 A	0.69973	0.05624	0.24402
364 T	0.69960	0.05470	0.2457
365 A	0.69961	0.04353	0.25686
366 T	0.70115	0.03589	0.26297
367 T	0.70130	0.03127	0.26743
368 G	0.70153	0.02689	0.27158
369 G	0.70184	0.02489	0.27327
370 C	0.70232	0.02336	0.27432
371 C	0.70330	0.02190	0.2748
372 T	0.70366	0.02188	0.27446
373 C	0.70394	0.02264	0.27341
374 A	0.70402	0.02946	0.26652
375 T	0.70415	0.03385	0.262
376 A	0.70379	0.04214	0.25407
377 T	0.70346	0.04974	0.2468
378 T	0.70315	0.05758	0.23927
379 G	0.70261	0.06860	0.22878
380 G	0.70190	0.07576	0.22234
381 A	0.70161	0.08496	0.21343
382 T	0.70186	0.09124	0.2069
383 T	0.70133	0.10454	0.19414
384 A	0.69338	0.14946	0.15716
385 T	0.68480	0.18932	0.12588
386 A	0.66386	0.26647	0.06966
387 T	0.64138	0.32218	0.03645
388 A	0.60109	0.37287	0.02603
389 A	0.58715	0.38757	0.02528
390 T	0.57415	0.40052	0.02533
391 A	0.52615	0.44870	0.02516
392 C	0.48244	0.49256	0.02501
393 C	0.44796	0.52725	0.02479
394 A	0.41240	0.56479	0.02281
395 A	0.39161	0.58621	0.02219
396 A	0.37787	0.60003	0.02211
397 C	0.37070	0.60718	0.02213
398 A	0.36529	0.61260	0.02211
399 A	0.36507	0.61230	0.02264
400 C	0.37116	0.60566	0.02319
401 C	0.37451	0.60215	0.02334
402 T	0.37710	0.59983	0.02307
403 A	0.34371	0.63365	0.02265
404 G	0.30972	0.66807	0.02221
405 A	0.25740	0.72140	0.0212
406 A	0.20727	0.77151	0.02123
407 A	0.21465	0.75587	0.02948
408 A	0.21613	0.74392	0.03995
409 A	0.25197	0.68464	0.0634
410 A	0.26358	0.64649	0.08993
411 T	0.26268	0.60448	0.13284
412 A	0.22853	0.63420	0.13727
413 A	0.17615	0.69484	0.129
414 A	0.14767	0.71278	0.13955
415 A	0.09854	0.74995	0.15151
416 A	0.07545	0.75282	0.17173
417 T	0.06773	0.73784	0.19443
418 A	0.05132	0.75535	0.19332
419 A	0.04144	0.76099	0.19756
420 A	0.03386	0.76202	0.20413
421 A	0.02744	0.76134	0.21123
422 T	0.02496	0.75560	0.21944
423 A	0.01968	0.76779	0.21252
424 A	0.01797	0.78275	0.19928
425 A	0.01741	0.79294	0.18965
426 A	0.01754	0.77436	0.2081
427 A	0.01793	0.73739	0.24468
428 A	0.01877	0.67799	0.30324
429 T	0.01973	0.60878	0.37149
430 T	0.01998	0.58095	0.39907
431 G	0.01929	0.55616	0.42456
432 G	0.01874	0.54796	0.4333
433 G	0.01998	0.54148	0.43854
434 A	0.02384	0.53929	0.43686
435 A	0.03570	0.50618	0.45812
436 G	0.06019	0.43045	0.50936
437 A	0.08872	0.38114	0.53014
438 T	0.12177	0.29901	0.57922
439 T	0.13158	0.27367	0.59475
440 T	0.13661	0.27003	0.59335
441 T	0.13992	0.27230	0.58777
442 G	0.13362	0.30031	0.56607
443 A	0.13080	0.33783	0.53138
444 G	0.12803	0.36765	0.50431
445 A	0.13046	0.41718	0.45236
446 G	0.14290	0.44438	0.41271
447 A	0.16633	0.49837	0.3353
448 A	0.18968	0.53144	0.27889
449 T	0.20774	0.55749	0.23476
450 A	0.20642	0.65604	0.13753
451 A	0.20840	0.68998	0.10162
452 A	0.20481	0.73718	0.05802
453 A	0.18102	0.76896	0.05002
454 A	0.15798	0.79873	0.04329
455 A	0.14223	0.82198	0.03579
456 A	0.12522	0.84607	0.02871
457 C	0.10742	0.86653	0.02605
458 A	0.08954	0.89115	0.01931
459 A	0.07837	0.90568	0.01595
460 G	0.07185	0.91339	0.01476
461 A	0.06615	0.91925	0.01459
462 G	0.06024	0.92501	0.01475
463 A	0.06358	0.92021	0.01621
464 G	0.07680	0.90231	0.02088
465 C	0.10019	0.87217	0.02764
466 G	0.12628	0.84400	0.02972
467 A	0.15262	0.81616	0.03122
468 A	0.19648	0.77120	0.03232
469 C	0.23714	0.72868	0.03418
470 C	0.30473	0.66064	0.03462
471 A	0.35463	0.61012	0.03525
472 A	0.39584	0.56800	0.03616
473 T	0.48726	0.47351	0.03923
474 A	0.50835	0.45154	0.04011
475 A	0.54201	0.41004	0.04796
476 A	0.55344	0.36014	0.08642
477 G	0.56965	0.30333	0.12702
478 A	0.59165	0.24973	0.15862
479 T	0.61584	0.18667	0.1975
480 T	0.62362	0.14589	0.23049
481 T	0.62933	0.12118	0.24948
482 T	0.62944	0.11525	0.2553
483 A	0.62579	0.12685	0.24735
484 A	0.62243	0.12651	0.25105
485 T	0.61665	0.12438	0.25897
486 T	0.60356	0.13833	0.25811
487 T	0.56416	0.18426	0.25159
488 G	0.52199	0.23382	0.24419
489 T	0.47700	0.29664	0.22635
490 G	0.39312	0.41235	0.19453
491 A	0.35834	0.46758	0.17408
492 T	0.32740	0.51228	0.16032
493 A	0.26348	0.59600	0.14052
494 A	0.23923	0.64069	0.12008
495 T	0.22368	0.66508	0.11123
496 A	0.21168	0.68338	0.10494
497 A	0.20199	0.69182	0.10618
498 A	0.19910	0.69029	0.11061
499 G	0.19708	0.68752	0.1154
500 T	0.19659	0.68583	0.11758
501 G	0.19554	0.68619	0.11826
502 C	0.19626	0.68516	0.11857
503 A	0.19753	0.68496	0.11751
504 A	0.20111	0.68095	0.11795
505 A	0.20808	0.67201	0.1199
506 T	0.22892	0.64753	0.12355
507 T	0.23650	0.63687	0.12663
508 A	0.24282	0.61978	0.13741
509 A	0.25396	0.58863	0.15742
510 T	0.27020	0.52048	0.20932
511 A	0.27960	0.47323	0.24716
512 T	0.30224	0.40421	0.29355
513 T	0.33159	0.30954	0.35887
514 A	0.34441	0.27039	0.3852
515 T	0.35647	0.22947	0.41406
516 G	0.37020	0.15867	0.47114
517 T	0.39004	0.11674	0.49322
518 T	0.39180	0.10262	0.50558
519 A	0.38691	0.11092	0.50217
520 C	0.38626	0.10651	0.50723
521 G	0.38521	0.11100	0.50379
522 T	0.38509	0.12175	0.49316
523 T	0.38391	0.12773	0.48836
524 T	0.37898	0.14133	0.47968
525 T	0.37026	0.15789	0.47184
526 T	0.36319	0.17159	0.46523
527 T	0.35050	0.19754	0.45196
528 A	0.32601	0.24063	0.43336
529 G	0.31223	0.27906	0.40871
530 A	0.30149	0.35321	0.3453
531 A	0.28455	0.42323	0.29223
532 A	0.26353	0.48867	0.24781
533 A	0.24927	0.52857	0.22216
534 A	0.24639	0.55612	0.1975
535 T	0.24439	0.58012	0.17548
536 T	0.23556	0.62416	0.14029
537 A	0.19762	0.71643	0.08595
538 A	0.18372	0.74838	0.06789
539 A	0.17932	0.75966	0.06102
540 A	0.17713	0.76236	0.06051
541 A	0.18066	0.75243	0.06691
542 T	0.20262	0.72219	0.0752
543 T	0.20929	0.71403	0.07667
544 A	0.21233	0.70970	0.07796
545 T	0.21921	0.70090	0.07989
546 A	0.19798	0.72091	0.08112
547 T	0.18622	0.72322	0.09056
548 C	0.14849	0.74987	0.10163
549 G	0.12614	0.77738	0.09648
550 A	0.12262	0.79366	0.08371
551 G	0.12947	0.78556	0.08497
552 A	0.14861	0.76811	0.08327
553 A	0.20598	0.70900	0.08503
554 A	0.25892	0.64116	0.09991
555 A	0.30310	0.57553	0.12137
556 G	0.33236	0.53264	0.135
557 A	0.36319	0.50419	0.13262
558 A	0.39394	0.47381	0.13226
559 A	0.44001	0.41569	0.1443
560 T	0.49980	0.31620	0.18401
561 T	0.51092	0.28958	0.19949
562 T	0.50548	0.29121	0.20331
563 C	0.46814	0.33468	0.19719
564 A	0.40537	0.42979	0.16484
565 A	0.32592	0.53138	0.1427
566 A	0.26911	0.59993	0.13096
567 A	0.24670	0.63104	0.12227
568 G	0.23644	0.64091	0.12265
569 A	0.24033	0.60893	0.15074
570 T	0.24465	0.58379	0.17157
571 G	0.22735	0.56566	0.20699
572 C	0.21459	0.57004	0.21538
573 T	0.20962	0.58410	0.20628
574 G	0.18263	0.65119	0.16619
575 A	0.15235	0.73270	0.11494
576 A	0.13226	0.76625	0.10149
577 C	0.11856	0.79258	0.08887
578 A	0.10181	0.84412	0.05407
579 A	0.08819	0.87250	0.03932
580 A	0.09189	0.87859	0.02952
581 A	0.09678	0.87658	0.02664
582 A	0.09761	0.87586	0.02653
583 A	0.10034	0.86320	0.03646
584 T	0.10538	0.84427	0.05034
585 A	0.10318	0.83158	0.06524
586 A	0.10770	0.79208	0.10022
587 A	0.13041	0.71643	0.15315
588 A	0.14654	0.63182	0.22165
589 G	0.15685	0.57050	0.27265
590 A	0.16638	0.55390	0.27971
591 T	0.17051	0.55373	0.27577
592 A	0.15766	0.61190	0.23044
593 A	0.14759	0.63295	0.21946
594 A	0.14961	0.62331	0.22707
595 A	0.15785	0.60829	0.23386
596 G	0.17244	0.57993	0.24763
597 A	0.22024	0.51265	0.26711
598 T	0.28170	0.42085	0.29745
599 A	0.29800	0.38549	0.3165
600 T	0.32240	0.34703	0.33057
601 T	0.34624	0.31271	0.34106
602 T	0.35120	0.29865	0.35015
603 T	0.34878	0.30702	0.34421
604 T	0.33937	0.32599	0.33464
605 T	0.32976	0.33546	0.33478
606 A	0.29707	0.36967	0.33326
607 G	0.27968	0.38665	0.33368
608 A	0.27200	0.39174	0.33627
609 C	0.26427	0.39479	0.34094
610 G	0.25742	0.41133	0.33124
611 A	0.26031	0.42248	0.31721
612 A	0.25744	0.44001	0.30255
613 A	0.26197	0.44886	0.28917
614 A	0.28037	0.43494	0.28469
615 T	0.33223	0.36857	0.2992
616 G	0.34647	0.34423	0.30929
617 A	0.36150	0.32690	0.3116
618 T	0.38393	0.30069	0.31538
619 T	0.39480	0.29561	0.30959
620 T	0.40039	0.30551	0.29409
621 T	0.39791	0.33978	0.26231
622 G	0.39597	0.36362	0.2404
623 A	0.39627	0.39470	0.20903
624 T	0.40147	0.40636	0.19217
625 A	0.40420	0.40266	0.19314
626 T	0.41410	0.38543	0.20047
627 T	0.42264	0.36741	0.20994
628 A	0.42143	0.36008	0.21849
629 C	0.42159	0.33298	0.24543
630 T	0.42321	0.32570	0.25109
631 A	0.42285	0.33097	0.24618
632 A	0.42375	0.33421	0.24204
633 A	0.43313	0.32618	0.24069
634 A	0.44550	0.31699	0.23752
635 A	0.46065	0.29313	0.24621
636 T	0.47717	0.27097	0.25187
637 A	0.48287	0.27775	0.23937
638 T	0.48533	0.30419	0.21048
639 A	0.47164	0.37614	0.15222
640 G	0.46968	0.40286	0.12747
641 A	0.47084	0.41925	0.10992
642 A	0.48080	0.42234	0.09686
643 A	0.50136	0.41116	0.08748
644 T	0.54180	0.36872	0.08947
645 A	0.56130	0.34962	0.08908
646 T	0.58882	0.32162	0.08956
647 G	0.59849	0.31455	0.08695
648 T	0.60066	0.31128	0.08806
649 A	0.59824	0.31272	0.08904
650 T	0.59597	0.31225	0.09179
651 A	0.59168	0.31399	0.09433
652 C	0.58784	0.31507	0.09709
653 C	0.58794	0.31385	0.09821
654 A	0.58753	0.31392	0.09856
655 C	0.58936	0.31188	0.09876
656 C	0.59097	0.31057	0.09846
657 A	0.59296	0.30994	0.0971
658 G	0.59909	0.30468	0.09624
659 G	0.61011	0.29399	0.0959
660 A	0.62823	0.27635	0.09542
661 G	0.66719	0.23517	0.09763
662 T	0.73992	0.14483	0.11525
663 T	0.76805	0.11014	0.12182
664 A	0.77929	0.09492	0.12579
665 C	0.78944	0.08129	0.12927
666 T	0.79942	0.07117	0.12941
667 T	0.80257	0.06781	0.12963
668 T	0.80351	0.06638	0.1301
669 A	0.80229	0.06740	0.13031
670 T	0.80201	0.06665	0.13134
671 T	0.79716	0.06926	0.13358
672 A	0.78455	0.08041	0.13504
673 G	0.76919	0.09334	0.13748
674 A	0.76168	0.09790	0.14042
675 T	0.75700	0.09807	0.14493
676 A	0.75160	0.10813	0.14027
677 G	0.75005	0.10487	0.14507
678 T	0.74970	0.10165	0.14866
679 G	0.74806	0.10109	0.15085
680 T	0.74788	0.10021	0.15191
681 T	0.74631	0.10228	0.15141
682 C	0.74235	0.10913	0.14851
683 A	0.74054	0.11674	0.14272
684 A	0.73979	0.12268	0.13753
685 T	0.73943	0.12882	0.13175
686 T	0.73907	0.13452	0.12641
687 A	0.73841	0.13954	0.12205
688 T	0.73819	0.14142	0.1204
689 T	0.73671	0.14647	0.11683
690 T	0.73206	0.15316	0.11477
691 A	0.72548	0.16254	0.11199
692 A	0.72361	0.16345	0.11294
693 A	0.72207	0.16317	0.11476
694 G	0.72306	0.15589	0.12105
695 A	0.72566	0.14286	0.13149
696 T	0.73015	0.12478	0.14507
697 A	0.73128	0.11778	0.15094
698 G	0.73261	0.11187	0.15553
699 T	0.73978	0.10059	0.15963
700 G	0.74112	0.09928	0.1596
701 A	0.74211	0.09823	0.15966
702 T	0.74477	0.09362	0.16161
703 T	0.74675	0.09081	0.16244
704 A	0.74826	0.08934	0.1624
705 T	0.75235	0.08342	0.16423
706 G	0.75709	0.08067	0.16224
707 A	0.76259	0.08016	0.15725
708 T	0.77016	0.07748	0.15236
709 T	0.77591	0.07437	0.14972
710 T	0.77904	0.07289	0.14807
711 A	0.77980	0.07365	0.14656
712 T	0.78329	0.06849	0.14822
713 T	0.78506	0.06350	0.15144
714 T	0.78692	0.05812	0.15496
715 A	0.78604	0.06038	0.15358
716 T	0.78657	0.05987	0.15356
717 T	0.78449	0.06376	0.15175
718 A	0.78012	0.06976	0.15012
719 A	0.77903	0.07173	0.14925
720 T	0.77939	0.07063	0.14998
721 T	0.77926	0.07023	0.15051
722 A	0.77825	0.07098	0.15078
723 T	0.77896	0.06984	0.1512
724 C	0.76945	0.07914	0.15141
725 C	0.76234	0.08621	0.15145
726 C	0.73565	0.11290	0.15145
727 G	0.72443	0.12428	0.1513
728 C	0.72330	0.12560	0.1511
729 G	0.72537	0.12408	0.15055
730 A	0.73081	0.12045	0.14874
731 T	0.73741	0.11591	0.14669
732 T	0.73595	0.12042	0.14363
733 G	0.71023	0.14815	0.14162
734 T	0.68584	0.17439	0.13978
735 A	0.63422	0.23134	0.13444
736 G	0.59988	0.27306	0.12707
737 G	0.58189	0.29162	0.12649
738 A	0.57427	0.30089	0.12484
739 G	0.56994	0.30355	0.1265
740 T	0.56745	0.30385	0.1287
741 C	0.55617	0.31211	0.13173
742 A	0.54872	0.31944	0.13185
743 C	0.54671	0.32104	0.13225
744 A	0.54523	0.32285	0.13192
745 A	0.54454	0.32324	0.13221
746 A	0.54424	0.32242	0.13334
747 T	0.54414	0.31178	0.14408
748 G	0.54330	0.30646	0.15024
749 G	0.54024	0.28113	0.17862
750 C	0.53782	0.27121	0.19096
751 G	0.53625	0.27199	0.19176
752 A	0.53580	0.27426	0.18993
753 A	0.53718	0.27371	0.18911
754 A	0.54000	0.27059	0.18941
755 T	0.54471	0.26181	0.19349
756 A	0.54671	0.23387	0.21942
757 G	0.54870	0.20361	0.24769
758 A	0.55304	0.16781	0.27915
759 T	0.55987	0.14031	0.29982
760 G	0.56083	0.14350	0.29568
761 T	0.56434	0.15759	0.27808
762 T	0.56414	0.16140	0.27446
763 A	0.56257	0.17385	0.26358
764 T	0.55874	0.17864	0.26261
765 T	0.52912	0.22819	0.24269
766 C	0.49503	0.28661	0.21835
767 A	0.46489	0.37134	0.16378
768 A	0.44527	0.44035	0.11437
769 A	0.42170	0.49831	0.07999
770 A	0.41283	0.51047	0.0767
771 A	0.40613	0.51984	0.07403
772 T	0.40329	0.51995	0.07676
773 A	0.40007	0.52190	0.07803
774 C	0.39959	0.52094	0.07946
775 A	0.40012	0.52147	0.07842
776 C	0.40163	0.52065	0.07772
777 A	0.40311	0.51999	0.0769
778 A	0.40647	0.51668	0.07685
779 A	0.41371	0.50932	0.07698
780 A	0.42275	0.49909	0.07816
781 C	0.44433	0.47625	0.07942
782 C	0.46119	0.45801	0.0808
783 T	0.48398	0.43568	0.08034
784 G	0.49871	0.42263	0.07866
785 A	0.50780	0.41510	0.0771
786 A	0.52200	0.40378	0.07423
787 A	0.54673	0.37678	0.07649
788 T	0.59060	0.29510	0.11431
789 T	0.61297	0.24049	0.14654
790 A	0.62872	0.20498	0.16631
791 A	0.63923	0.18660	0.17417
792 T	0.65042	0.16520	0.18438
793 G	0.62879	0.19238	0.17883
794 A	0.61769	0.19884	0.18347
795 C	0.61276	0.19997	0.18727
796 T	0.61125	0.19949	0.18926
797 T	0.60614	0.20421	0.18965
798 C	0.59868	0.21138	0.18994
799 G	0.59597	0.21551	0.18852
800 C	0.59459	0.21942	0.18599
801 T	0.58896	0.23703	0.174
802 A	0.57816	0.24958	0.17226
803 T	0.57252	0.25669	0.17079
804 A	0.55920	0.27241	0.16839
805 A	0.55470	0.27741	0.16788
806 C	0.55302	0.27720	0.16978
807 T	0.55112	0.28049	0.16838
808 A	0.54374	0.29011	0.16615
809 A	0.53932	0.29471	0.16598
810 T	0.53915	0.29578	0.16507
811 A	0.53030	0.30812	0.16158
812 T	0.52945	0.30121	0.16934
813 A	0.52671	0.29707	0.17622
814 A	0.52743	0.27370	0.19888
815 T	0.53079	0.25202	0.21719
816 T	0.53432	0.22441	0.24127
817 T	0.52414	0.22311	0.25275
818 C	0.50291	0.23938	0.2577
819 A	0.47599	0.26835	0.25567
820 T	0.45892	0.28413	0.25695
821 T	0.42370	0.32246	0.25384
822 G	0.36426	0.39237	0.24337
823 A	0.33524	0.45399	0.21078
824 T	0.32547	0.47188	0.20265
825 A	0.26882	0.54566	0.18551
826 A	0.23153	0.60409	0.16438
827 T	0.21633	0.61836	0.1653
828 A	0.18712	0.65870	0.15417
829 A	0.16252	0.70499	0.13249
830 A	0.13231	0.75117	0.11651
831 A	0.12541	0.75665	0.11794
832 G	0.12166	0.75432	0.12403
833 A	0.11779	0.75658	0.12563
834 A	0.11680	0.75383	0.12937
835 A	0.11938	0.74964	0.13098
836 A	0.12469	0.73806	0.13726
837 A	0.12533	0.73047	0.1442
838 T	0.12628	0.71647	0.15725
839 A	0.12149	0.71685	0.16166
840 T	0.11916	0.71457	0.16627
841 A	0.10616	0.72879	0.16505
842 A	0.10043	0.72093	0.17864
843 A	0.10038	0.70570	0.19392
844 G	0.10679	0.66445	0.22876
845 A	0.11927	0.61343	0.26729
846 T	0.15628	0.55314	0.29058
847 A	0.16320	0.54581	0.29099
848 A	0.18047	0.51011	0.30941
849 T	0.20423	0.46610	0.32967
850 G	0.20784	0.47152	0.32064
851 A	0.21656	0.49043	0.29302
852 A	0.23654	0.50635	0.2571
853 T	0.25632	0.47636	0.26733
854 T	0.26057	0.48866	0.25077
855 A	0.25307	0.51627	0.23066
856 A	0.25040	0.52283	0.22677
857 T	0.24620	0.52906	0.22473
858 A	0.21501	0.56500	0.21999
859 A	0.19923	0.58682	0.21395
860 A	0.19139	0.59651	0.21211
861 A	0.18971	0.60035	0.20994
862 G	0.19559	0.59011	0.2143
863 A	0.20539	0.58033	0.21428
864 A	0.22472	0.55339	0.22189
865 T	0.24427	0.53726	0.21847
866 T	0.25343	0.54326	0.2033
867 A	0.25723	0.58167	0.1611
868 A	0.26551	0.57718	0.1573
869 A	0.27173	0.56904	0.15923
870 A	0.28563	0.54647	0.16789
871 T	0.32598	0.49730	0.17672
872 C	0.33814	0.48246	0.1794
873 G	0.36125	0.46997	0.16878
874 A	0.40592	0.43600	0.15808
875 T	0.47160	0.37131	0.15708
876 T	0.48073	0.36910	0.15017
877 T	0.48264	0.37026	0.1471
878 T	0.48182	0.36603	0.15215
879 A	0.46202	0.38530	0.15269
880 A	0.45286	0.38611	0.16103
881 G	0.44878	0.36074	0.19048
882 T	0.45299	0.34004	0.20698
883 A	0.45191	0.33171	0.21639
884 T	0.45523	0.32227	0.2225
885 G	0.45491	0.32031	0.22478
886 C	0.45744	0.31586	0.22669
887 A	0.46462	0.30811	0.22727
888 G	0.47977	0.29189	0.22834
889 G	0.49933	0.27121	0.22947
890 A	0.54192	0.22960	0.22848
891 T	0.55115	0.21999	0.22886
892 A	0.55395	0.21354	0.23251
893 T	0.55692	0.20216	0.24093
894 A	0.55729	0.19452	0.24818
895 A	0.56216	0.18148	0.25637
896 T	0.58069	0.15260	0.2667
897 T	0.59459	0.13003	0.27538
898 G	0.59845	0.11677	0.28478
899 T	0.60779	0.08993	0.30228
900 T	0.60983	0.07903	0.31113
901 T	0.60990	0.07762	0.31248
902 T	0.61029	0.07377	0.31594
903 T	0.60876	0.06968	0.32156
904 T	0.60470	0.07192	0.32337
905 T	0.59557	0.08893	0.3155
906 T	0.57983	0.12113	0.29904
907 C	0.46724	0.26770	0.26506
908 A	0.38009	0.41991	0.2
909 A	0.29415	0.53537	0.17048
910 G	0.23001	0.61494	0.15505
911 G	0.19991	0.65823	0.14186
912 A	0.18419	0.68679	0.12901
913 A	0.18004	0.69625	0.12371
914 A	0.17638	0.70427	0.11935
915 A	0.17729	0.70594	0.11677
916 T	0.17849	0.70847	0.11304
917 A	0.17799	0.71098	0.11103
918 T	0.17853	0.71158	0.1099
919 A	0.17764	0.71441	0.10795
920 A	0.17723	0.71457	0.10821
921 A	0.17519	0.71591	0.1089
922 A	0.17343	0.71652	0.11005
923 A	0.17551	0.71119	0.1133
924 C	0.17918	0.69938	0.12144
925 G	0.18421	0.69050	0.12529
926 G	0.18848	0.68178	0.12974
927 A	0.19715	0.66809	0.13476
928 G	0.21529	0.63891	0.1458
929 A	0.24171	0.60065	0.15764
930 T	0.29213	0.42791	0.27996
931 T	0.35388	0.28495	0.36117
932 T	0.37620	0.18807	0.43574
933 T	0.38267	0.13370	0.48363
934 A	0.38094	0.11299	0.50607
935 T	0.38255	0.09710	0.52034
936 A	0.37575	0.10144	0.52282
937 C	0.37538	0.09446	0.53016
938 C	0.37572	0.09257	0.53171
939 T	0.37753	0.09756	0.52491
940 T	0.37579	0.10828	0.51593
941 C	0.36610	0.12019	0.51372
942 T	0.35324	0.14195	0.5048
943 A	0.32570	0.18209	0.49221
944 A	0.31691	0.20310	0.47999
945 C	0.29890	0.22973	0.47136
946 G	0.28354	0.28032	0.43613
947 A	0.26575	0.33482	0.39943
948 G	0.24398	0.38043	0.37559
949 A	0.22467	0.46037	0.31497
950 T	0.21164	0.49504	0.29333
951 A	0.18068	0.56193	0.25739
952 G	0.16311	0.61152	0.22537
953 A	0.15621	0.64187	0.20192
954 A	0.15531	0.66373	0.18096
955 A	0.15709	0.68696	0.15595
956 A	0.16115	0.72750	0.11135
957 A	0.16335	0.74009	0.09657
958 A	0.16484	0.73884	0.09632
959 T	0.16444	0.73335	0.10221
960 A	0.15602	0.74056	0.10342
961 A	0.15131	0.74253	0.10616
962 C	0.15357	0.73482	0.11162
963 A	0.15795	0.73100	0.11105
964 A	0.16057	0.72330	0.11614
965 A	0.17032	0.70795	0.12172
966 T	0.18794	0.67312	0.13894
967 A	0.19873	0.66359	0.13768
968 A	0.21097	0.63303	0.156
969 A	0.24209	0.58462	0.17329
970 A	0.28092	0.52536	0.19372
971 T	0.31801	0.46189	0.2201
972 T	0.37654	0.38251	0.24095
973 A	0.39581	0.34969	0.2545
974 A	0.42899	0.28934	0.28167
975 T	0.46542	0.23342	0.30116
976 C	0.48615	0.20383	0.31002
977 A	0.50680	0.18103	0.31217
978 A	0.53382	0.15217	0.314
979 T	0.58411	0.09974	0.31615
980 A	0.60203	0.08035	0.31762
981 T	0.61363	0.06715	0.31923
982 T	0.61957	0.05402	0.32641
983 T	0.62408	0.03928	0.33664
984 T	0.62613	0.03110	0.34277
985 T	0.62789	0.02569	0.34643
986 C	0.62977	0.02087	0.34936
987 A	0.63195	0.01783	0.35022
988 T	0.63639	0.01227	0.35134
989 A	0.63917	0.00877	0.35205
990 A	0.64623	0.00000	0.35377
