# lcl|CP097583.1_cds_USQ93589.1_1
# AA	inside	membr	outside
1 A	0.34465	0.00000	0.65534
2 T	0.33922	0.00543	0.65534
3 G	0.33434	0.01031	0.65534
4 A	0.33434	0.18137	0.48429
5 A	0.29986	0.29524	0.4049
6 A	0.29985	0.30782	0.39232
7 C	0.22106	0.38884	0.3901
8 A	0.22106	0.38895	0.38999
9 A	0.21525	0.39574	0.389
10 A	0.21525	0.43551	0.34924
11 A	0.21491	0.43607	0.34901
12 G	0.21248	0.43854	0.34897
13 A	0.21079	0.44041	0.3488
14 A	0.21079	0.44041	0.3488
15 C	0.21079	0.44066	0.34855
16 A	0.21078	0.44067	0.34855
17 A	0.21076	0.44069	0.34855
18 T	0.21076	0.44069	0.34854
19 T	0.21080	0.44066	0.34854
20 T	0.21026	0.44145	0.34829
21 G	0.20763	0.44375	0.34862
22 G	0.20878	0.44198	0.34924
23 A	0.21133	0.43836	0.35032
24 T	0.22621	0.42144	0.35235
25 A	0.24031	0.39754	0.36215
26 T	0.26940	0.35968	0.37093
27 T	0.41238	0.20668	0.38094
28 A	0.46551	0.12723	0.40726
29 T	0.47679	0.10818	0.41503
30 T	0.48451	0.04283	0.47266
31 T	0.48505	0.04082	0.47413
32 C	0.48539	0.03693	0.47768
33 T	0.50714	0.01578	0.47708
34 T	0.50256	0.02292	0.47452
35 T	0.49099	0.03626	0.47275
36 T	0.45892	0.07348	0.46759
37 C	0.40441	0.13578	0.45981
38 A	0.29637	0.25340	0.45023
39 A	0.14530	0.44173	0.41298
40 A	0.08217	0.51588	0.40195
41 A	0.06439	0.53889	0.39671
42 G	0.04985	0.56629	0.38385
43 A	0.03990	0.57831	0.38179
44 A	0.03274	0.59117	0.3761
45 T	0.02871	0.59548	0.37581
46 G	0.02190	0.60299	0.37512
47 A	0.01485	0.61130	0.37386
48 A	0.01261	0.61432	0.37306
49 A	0.01157	0.61749	0.37094
50 A	0.01109	0.61820	0.37071
51 A	0.01082	0.61838	0.3708
52 A	0.01070	0.61822	0.37109
53 A	0.01067	0.61738	0.37196
54 G	0.01103	0.61497	0.374
55 A	0.01178	0.61142	0.37679
56 A	0.01315	0.60395	0.38289
57 A	0.01757	0.58785	0.39458
58 A	0.02335	0.56070	0.41595
59 T	0.03765	0.50501	0.45735
60 A	0.04541	0.44694	0.50764
61 A	0.05445	0.34287	0.60268
62 A	0.08034	0.18459	0.73507
63 T	0.09184	0.11048	0.79768
64 A	0.09725	0.08542	0.81734
65 T	0.11086	0.05425	0.83489
66 T	0.11406	0.03994	0.846
67 T	0.11945	0.02713	0.85341
68 T	0.11950	0.02357	0.85693
69 A	0.11870	0.02023	0.86107
70 G	0.11885	0.01454	0.86661
71 G	0.11935	0.01265	0.868
72 T	0.12140	0.01114	0.86746
73 T	0.12132	0.01098	0.8677
74 T	0.12068	0.01198	0.86734
75 T	0.11957	0.01494	0.86548
76 T	0.11838	0.01756	0.86407
77 C	0.11577	0.02092	0.86331
78 T	0.11457	0.02336	0.86207
79 G	0.11322	0.02579	0.86099
80 T	0.11253	0.02782	0.85965
81 A	0.11102	0.03056	0.85842
82 T	0.11014	0.03151	0.85835
83 T	0.10934	0.03230	0.85835
84 T	0.10825	0.03341	0.85833
85 T	0.10704	0.03463	0.85833
86 C	0.10638	0.03529	0.85832
87 A	0.10583	0.03604	0.85813
88 A	0.10585	0.03614	0.85801
89 T	0.10625	0.03573	0.85802
90 T	0.10624	0.03585	0.85791
91 A	0.10613	0.03595	0.85792
92 T	0.10646	0.03451	0.85902
93 A	0.10600	0.03489	0.85911
94 A	0.10651	0.03403	0.85946
95 T	0.10812	0.03188	0.85999
96 G	0.10869	0.03060	0.86071
97 A	0.10976	0.02879	0.86146
98 T	0.11290	0.02435	0.86275
99 T	0.11465	0.02164	0.86372
100 T	0.11541	0.01919	0.86539
101 T	0.11589	0.01866	0.86544
102 A	0.11593	0.01831	0.86576
103 T	0.11652	0.01706	0.86642
104 T	0.11681	0.01561	0.86758
105 T	0.11618	0.01553	0.86829
106 T	0.11544	0.01575	0.86882
107 T	0.11369	0.01698	0.86934
108 G	0.10889	0.02155	0.86957
109 A	0.10727	0.02399	0.86874
110 T	0.10652	0.02485	0.86863
111 T	0.10527	0.02663	0.86809
112 A	0.10344	0.02965	0.86691
113 T	0.10284	0.03046	0.8667
114 A	0.10203	0.03107	0.8669
115 A	0.10151	0.03132	0.86717
116 T	0.10184	0.03030	0.86785
117 T	0.10174	0.03017	0.86809
118 C	0.10138	0.03045	0.86818
119 A	0.10095	0.03096	0.86809
120 T	0.10118	0.03077	0.86805
121 A	0.10114	0.03090	0.86797
122 T	0.10166	0.03042	0.86792
123 A	0.10185	0.03034	0.86781
124 T	0.10298	0.02878	0.86823
125 T	0.10342	0.02770	0.86887
126 T	0.10297	0.02776	0.86926
127 T	0.10113	0.02916	0.86972
128 T	0.10021	0.02954	0.87025
129 A	0.09852	0.03129	0.87018
130 A	0.09730	0.03185	0.87085
131 G	0.09729	0.02809	0.87462
132 T	0.09809	0.02692	0.87499
133 T	0.09544	0.02976	0.8748
134 A	0.08922	0.03723	0.87355
135 T	0.08624	0.04063	0.87314
136 G	0.07939	0.04985	0.87076
137 A	0.07588	0.05494	0.86918
138 T	0.07374	0.05738	0.86888
139 T	0.07174	0.06031	0.86796
140 T	0.06848	0.06444	0.86708
141 A	0.06380	0.07002	0.86617
142 G	0.06065	0.07367	0.86568
143 A	0.05912	0.07689	0.86399
144 A	0.05610	0.08184	0.86207
145 A	0.05352	0.08794	0.85854
146 A	0.04905	0.09231	0.85864
147 T	0.04557	0.09538	0.85904
148 A	0.03948	0.10106	0.85946
149 A	0.03619	0.10328	0.86053
150 C	0.03542	0.10186	0.86272
151 A	0.03504	0.10222	0.86275
152 A	0.03530	0.10134	0.86335
153 A	0.03605	0.09998	0.86397
154 A	0.03683	0.09909	0.86408
155 T	0.03799	0.09751	0.86451
156 A	0.03831	0.09355	0.86815
157 A	0.04008	0.08487	0.87504
158 A	0.04205	0.07789	0.88005
159 T	0.04571	0.06553	0.88876
160 T	0.04760	0.05813	0.89427
161 C	0.04751	0.05340	0.89909
162 T	0.04754	0.05157	0.90089
163 C	0.04687	0.05064	0.90249
164 A	0.04673	0.05007	0.90321
165 A	0.04707	0.04888	0.90405
166 A	0.04847	0.04687	0.90467
167 A	0.05040	0.04181	0.90779
168 T	0.05393	0.03531	0.91076
169 T	0.05401	0.02852	0.91747
170 G	0.05362	0.02424	0.92214
171 G	0.05352	0.01859	0.92789
172 C	0.05358	0.01566	0.93077
173 A	0.05369	0.01508	0.93123
174 T	0.05439	0.01385	0.93176
175 A	0.05481	0.01311	0.93208
176 A	0.05529	0.01228	0.93243
177 T	0.05584	0.01136	0.9328
178 T	0.05601	0.01025	0.93374
179 T	0.05603	0.00925	0.93472
180 T	0.05588	0.00875	0.93537
181 A	0.05578	0.00836	0.93587
182 T	0.05573	0.00779	0.93648
183 G	0.05563	0.00700	0.93737
184 T	0.05562	0.00594	0.93844
185 C	0.05557	0.00519	0.93924
186 T	0.05557	0.00469	0.93974
187 A	0.05556	0.00441	0.94003
188 T	0.05564	0.00405	0.94031
189 G	0.05568	0.00384	0.94048
190 T	0.05576	0.00365	0.94058
191 T	0.05578	0.00330	0.94092
192 G	0.05579	0.00286	0.94136
193 T	0.05583	0.00233	0.94184
194 T	0.05586	0.00207	0.94207
195 A	0.05584	0.00205	0.94211
196 T	0.05588	0.00192	0.94219
197 T	0.05589	0.00188	0.94223
198 T	0.05586	0.00189	0.94225
199 T	0.05583	0.00193	0.94225
200 T	0.05566	0.00211	0.94223
201 A	0.05524	0.00257	0.94219
202 A	0.05502	0.00279	0.94218
203 T	0.05485	0.00298	0.94217
204 G	0.05467	0.00318	0.94215
205 G	0.05461	0.00325	0.94214
206 T	0.05460	0.00325	0.94216
207 T	0.05456	0.00333	0.94211
208 T	0.05451	0.00333	0.94217
209 T	0.05443	0.00337	0.94219
210 T	0.05430	0.00347	0.94223
211 T	0.05412	0.00366	0.94222
212 C	0.05383	0.00395	0.94222
213 T	0.05362	0.00421	0.94217
214 G	0.05348	0.00442	0.94211
215 G	0.05341	0.00452	0.94207
216 A	0.05339	0.00457	0.94204
217 A	0.05347	0.00451	0.94202
218 T	0.05372	0.00425	0.94204
219 T	0.05376	0.00422	0.94202
220 T	0.05363	0.00436	0.94201
221 T	0.05351	0.00448	0.94201
222 A	0.05337	0.00466	0.94198
223 A	0.05332	0.00463	0.94205
224 A	0.05336	0.00425	0.94238
225 A	0.05349	0.00392	0.94258
226 T	0.05373	0.00348	0.94279
227 T	0.05381	0.00325	0.94293
228 T	0.05301	0.00401	0.94298
229 A	0.05156	0.00544	0.943
230 T	0.05072	0.00620	0.94307
231 A	0.04909	0.00776	0.94316
232 G	0.04804	0.00860	0.94336
233 G	0.04731	0.00913	0.94357
234 T	0.04654	0.00971	0.94375
235 T	0.04420	0.01188	0.94392
236 C	0.03937	0.01661	0.94403
237 T	0.03371	0.02229	0.944
238 A	0.02700	0.02904	0.94396
239 A	0.02354	0.03248	0.94398
240 A	0.02200	0.03399	0.944
241 A	0.02141	0.03456	0.94403
242 T	0.02121	0.03453	0.94426
243 C	0.02065	0.03483	0.94452
244 C	0.02025	0.03513	0.94462
245 C	0.02010	0.03525	0.94465
246 T	0.02001	0.03534	0.94465
247 A	0.01984	0.03554	0.94463
248 T	0.01977	0.03563	0.94461
249 T	0.01967	0.03573	0.9446
250 A	0.01954	0.03581	0.94465
251 T	0.01948	0.03491	0.94562
252 A	0.01935	0.03382	0.94683
253 A	0.01929	0.03302	0.94769
254 A	0.01922	0.03157	0.9492
255 A	0.01904	0.03057	0.95039
256 A	0.01896	0.02935	0.95169
257 A	0.01891	0.02774	0.95335
258 T	0.01891	0.02442	0.95667
259 A	0.01885	0.01986	0.96129
260 T	0.01886	0.01418	0.96696
261 A	0.01882	0.00846	0.97273
262 G	0.01878	0.00524	0.97598
263 G	0.01877	0.00392	0.97732
264 T	0.01876	0.00332	0.97792
265 G	0.01874	0.00303	0.97824
266 G	0.01872	0.00259	0.97869
267 T	0.01872	0.00226	0.97902
268 G	0.01871	0.00205	0.97924
269 G	0.01872	0.00186	0.97942
270 G	0.01874	0.00161	0.97964
271 C	0.01878	0.00143	0.97979
272 C	0.01880	0.00133	0.97987
273 T	0.01885	0.00127	0.97988
274 A	0.01888	0.00128	0.97984
275 T	0.01893	0.00120	0.97987
276 T	0.01894	0.00117	0.97989
277 T	0.01896	0.00109	0.97995
278 T	0.01897	0.00087	0.98016
279 A	0.01896	0.00078	0.98027
280 T	0.01895	0.00068	0.98036
281 G	0.01894	0.00063	0.98043
282 T	0.01894	0.00055	0.98051
283 A	0.01894	0.00053	0.98053
284 T	0.01896	0.00046	0.98059
285 T	0.01896	0.00043	0.98062
286 T	0.01895	0.00042	0.98063
287 T	0.01894	0.00043	0.98064
288 A	0.01892	0.00044	0.98065
289 G	0.01891	0.00043	0.98066
290 T	0.01891	0.00042	0.98067
291 T	0.01890	0.00042	0.98068
292 C	0.01889	0.00043	0.98068
293 C	0.01889	0.00043	0.98068
294 T	0.01889	0.00043	0.98068
295 G	0.01889	0.00043	0.98068
296 C	0.01892	0.00040	0.98068
297 T	0.01898	0.00035	0.98067
298 T	0.01901	0.00032	0.98067
299 T	0.01903	0.00032	0.98065
300 T	0.01904	0.00033	0.98063
301 A	0.01902	0.00036	0.98062
302 T	0.01902	0.00034	0.98064
303 T	0.01902	0.00033	0.98065
304 T	0.01901	0.00034	0.98065
305 T	0.01900	0.00037	0.98064
306 T	0.01897	0.00042	0.98061
307 A	0.01892	0.00057	0.98051
308 A	0.01889	0.00061	0.98051
309 T	0.01885	0.00065	0.98051
310 T	0.01876	0.00072	0.98051
311 A	0.01865	0.00082	0.98054
312 C	0.01824	0.00120	0.98055
313 A	0.01818	0.00127	0.98056
314 A	0.01815	0.00129	0.98056
315 C	0.01812	0.00131	0.98057
316 T	0.01808	0.00135	0.98058
317 T	0.01794	0.00149	0.98058
318 C	0.01734	0.00208	0.98058
319 G	0.01715	0.00228	0.98058
320 G	0.01711	0.00232	0.98057
321 G	0.01710	0.00233	0.98057
322 T	0.01711	0.00231	0.98057
323 T	0.01712	0.00230	0.98059
324 T	0.01709	0.00229	0.98062
325 C	0.01701	0.00234	0.98065
326 C	0.01657	0.00277	0.98066
327 G	0.01622	0.00314	0.98065
328 A	0.01618	0.00321	0.98062
329 C	0.01618	0.00323	0.98059
330 G	0.01622	0.00325	0.98053
331 T	0.01622	0.00324	0.98054
332 T	0.01615	0.00326	0.98059
333 T	0.01571	0.00364	0.98065
334 A	0.01502	0.00427	0.9807
335 C	0.01465	0.00422	0.98114
336 A	0.01434	0.00457	0.98109
337 A	0.01414	0.00488	0.98098
338 A	0.01397	0.00515	0.98088
339 A	0.01392	0.00516	0.98091
340 T	0.01388	0.00508	0.98103
341 T	0.01373	0.00466	0.9816
342 T	0.01341	0.00503	0.98156
343 C	0.01318	0.00559	0.98124
344 A	0.01270	0.00749	0.9798
345 A	0.01243	0.00837	0.9792
346 A	0.01235	0.00851	0.97913
347 A	0.01230	0.00856	0.97913
348 A	0.01226	0.00855	0.97919
349 A	0.01226	0.00811	0.97964
350 C	0.01229	0.00769	0.98003
351 A	0.01230	0.00762	0.98008
352 T	0.01235	0.00752	0.98014
353 T	0.01240	0.00742	0.98018
354 T	0.01239	0.00737	0.98023
355 A	0.01238	0.00732	0.98029
356 T	0.01240	0.00679	0.98081
357 T	0.01240	0.00615	0.98145
358 A	0.01237	0.00584	0.98179
359 A	0.01240	0.00554	0.98206
360 A	0.01238	0.00535	0.98227
361 C	0.01239	0.00511	0.98249
362 A	0.01240	0.00504	0.98256
363 A	0.01245	0.00489	0.98266
364 A	0.01265	0.00451	0.98284
365 C	0.01310	0.00371	0.98318
366 T	0.01362	0.00306	0.98332
367 T	0.01485	0.00137	0.98377
368 C	0.01522	0.00078	0.984
369 T	0.01526	0.00072	0.98403
370 T	0.01525	0.00080	0.98396
371 T	0.01523	0.00091	0.98386
372 T	0.01519	0.00113	0.98369
373 T	0.01511	0.00122	0.98366
374 T	0.01503	0.00130	0.98368
375 T	0.01485	0.00148	0.98366
376 T	0.01382	0.00258	0.9836
377 C	0.01217	0.00427	0.98357
378 T	0.01088	0.00564	0.98348
379 A	0.00853	0.00813	0.98334
380 A	0.00766	0.00900	0.98334
381 A	0.00725	0.00939	0.98335
382 A	0.00709	0.00953	0.98338
383 A	0.00696	0.00951	0.98353
384 C	0.00689	0.00947	0.98363
385 A	0.00681	0.00954	0.98365
386 C	0.00676	0.00958	0.98367
387 A	0.00672	0.00961	0.98367
388 G	0.00670	0.00963	0.98367
389 A	0.00670	0.00963	0.98367
390 A	0.00671	0.00961	0.98368
391 G	0.00672	0.00959	0.9837
392 G	0.00675	0.00948	0.98377
393 C	0.00685	0.00930	0.98386
394 A	0.00699	0.00911	0.9839
395 T	0.00720	0.00879	0.98401
396 T	0.00725	0.00861	0.98415
397 G	0.00727	0.00837	0.98436
398 G	0.00730	0.00809	0.9846
399 T	0.00741	0.00630	0.98628
400 T	0.00746	0.00447	0.98807
401 T	0.00753	0.00310	0.98937
402 T	0.00761	0.00147	0.99093
403 T	0.00761	0.00087	0.99152
404 T	0.00761	0.00060	0.99179
405 A	0.00756	0.00055	0.99189
406 G	0.00754	0.00045	0.99201
407 A	0.00753	0.00040	0.99207
408 T	0.00753	0.00032	0.99215
409 T	0.00752	0.00028	0.9922
410 T	0.00750	0.00028	0.99222
411 C	0.00748	0.00031	0.99221
412 T	0.00746	0.00037	0.99217
413 T	0.00743	0.00046	0.99211
414 T	0.00737	0.00063	0.99201
415 G	0.00729	0.00074	0.99197
416 T	0.00725	0.00081	0.99195
417 A	0.00721	0.00086	0.99192
418 A	0.00719	0.00088	0.99193
419 C	0.00719	0.00089	0.99193
420 A	0.00719	0.00089	0.99193
421 T	0.00719	0.00088	0.99193
422 C	0.00719	0.00088	0.99193
423 T	0.00720	0.00088	0.99193
424 T	0.00720	0.00088	0.99192
425 T	0.00718	0.00090	0.99192
426 G	0.00711	0.00097	0.99191
427 G	0.00709	0.00099	0.99192
428 T	0.00709	0.00095	0.99196
429 A	0.00704	0.00099	0.99197
430 G	0.00698	0.00104	0.99198
431 T	0.00697	0.00107	0.99197
432 A	0.00688	0.00118	0.99194
433 G	0.00679	0.00131	0.9919
434 G	0.00676	0.00140	0.99183
435 T	0.00678	0.00139	0.99183
436 A	0.00678	0.00141	0.99181
437 G	0.00681	0.00134	0.99185
438 T	0.00682	0.00129	0.99189
439 C	0.00679	0.00130	0.99191
440 T	0.00675	0.00136	0.99189
441 T	0.00664	0.00150	0.99187
442 G	0.00645	0.00170	0.99185
443 T	0.00627	0.00190	0.99183
444 A	0.00593	0.00226	0.99181
445 G	0.00572	0.00249	0.9918
446 G	0.00565	0.00257	0.99178
447 A	0.00559	0.00267	0.99174
448 A	0.00554	0.00275	0.99171
449 T	0.00551	0.00275	0.99173
450 T	0.00538	0.00294	0.99168
451 A	0.00519	0.00319	0.99162
452 A	0.00511	0.00331	0.99159
453 A	0.00503	0.00336	0.99161
454 A	0.00500	0.00336	0.99163
455 A	0.00501	0.00328	0.99171
456 A	0.00504	0.00316	0.9918
457 G	0.00510	0.00304	0.99185
458 A	0.00512	0.00301	0.99187
459 A	0.00518	0.00293	0.99189
460 T	0.00526	0.00282	0.99192
461 T	0.00528	0.00282	0.9919
462 T	0.00528	0.00279	0.99192
463 T	0.00526	0.00277	0.99198
464 T	0.00521	0.00273	0.99205
465 A	0.00512	0.00273	0.99215
466 G	0.00506	0.00263	0.99231
467 G	0.00503	0.00243	0.99254
468 T	0.00503	0.00228	0.99269
469 A	0.00504	0.00228	0.99268
470 G	0.00508	0.00221	0.99272
471 A	0.00514	0.00213	0.99273
472 A	0.00520	0.00203	0.99277
473 T	0.00527	0.00181	0.99292
474 G	0.00532	0.00161	0.99306
475 T	0.00539	0.00150	0.99311
476 T	0.00538	0.00156	0.99306
477 A	0.00531	0.00184	0.99284
478 A	0.00526	0.00194	0.99281
479 A	0.00522	0.00198	0.9928
480 A	0.00520	0.00200	0.9928
481 A	0.00522	0.00198	0.9928
482 G	0.00526	0.00192	0.99282
483 A	0.00534	0.00184	0.99282
484 T	0.00549	0.00166	0.99284
485 T	0.00559	0.00154	0.99287
486 T	0.00564	0.00144	0.99292
487 T	0.00566	0.00137	0.99297
488 T	0.00567	0.00128	0.99305
489 A	0.00567	0.00123	0.9931
490 C	0.00568	0.00117	0.99315
491 C	0.00570	0.00113	0.99318
492 T	0.00575	0.00108	0.99317
493 T	0.00577	0.00106	0.99317
494 T	0.00575	0.00109	0.99315
495 A	0.00568	0.00118	0.99314
496 G	0.00569	0.00118	0.99313
497 T	0.00572	0.00114	0.99314
498 A	0.00574	0.00113	0.99312
499 A	0.00585	0.00101	0.99314
500 T	0.00611	0.00069	0.9932
501 T	0.00617	0.00058	0.99324
502 A	0.00618	0.00053	0.99329
503 T	0.00621	0.00048	0.99332
504 T	0.00620	0.00047	0.99333
505 A	0.00618	0.00048	0.99333
506 C	0.00619	0.00047	0.99334
507 T	0.00619	0.00047	0.99334
508 T	0.00619	0.00048	0.99334
509 T	0.00617	0.00050	0.99332
510 G	0.00613	0.00056	0.99332
511 A	0.00607	0.00065	0.99328
512 T	0.00602	0.00071	0.99327
513 A	0.00592	0.00086	0.99323
514 A	0.00588	0.00089	0.99324
515 T	0.00586	0.00088	0.99325
516 A	0.00578	0.00095	0.99326
517 T	0.00575	0.00094	0.99332
518 C	0.00566	0.00096	0.99338
519 A	0.00561	0.00101	0.99338
520 G	0.00560	0.00102	0.99338
521 C	0.00562	0.00101	0.99338
522 T	0.00563	0.00102	0.99334
523 T	0.00563	0.00104	0.99333
524 T	0.00561	0.00106	0.99333
525 A	0.00555	0.00113	0.99333
526 T	0.00553	0.00114	0.99333
527 T	0.00549	0.00116	0.99336
528 C	0.00543	0.00120	0.99337
529 G	0.00537	0.00125	0.99338
530 T	0.00534	0.00128	0.99338
531 A	0.00527	0.00136	0.99338
532 G	0.00522	0.00140	0.99338
533 G	0.00519	0.00144	0.99338
534 A	0.00521	0.00140	0.99339
535 A	0.00522	0.00135	0.99343
536 T	0.00527	0.00121	0.99352
537 A	0.00527	0.00118	0.99355
538 A	0.00527	0.00115	0.99357
539 T	0.00527	0.00107	0.99366
540 A	0.00518	0.00113	0.9937
541 G	0.00513	0.00109	0.99377
542 G	0.00507	0.00113	0.99381
543 A	0.00504	0.00120	0.99376
544 T	0.00504	0.00125	0.99372
545 T	0.00500	0.00142	0.99358
546 A	0.00496	0.00155	0.99349
547 A	0.00495	0.00157	0.99348
548 T	0.00493	0.00156	0.99352
549 T	0.00489	0.00161	0.9935
550 T	0.00482	0.00173	0.99345
551 T	0.00469	0.00189	0.99342
552 G	0.00436	0.00220	0.99343
553 G	0.00404	0.00251	0.99345
554 A	0.00391	0.00260	0.99349
555 A	0.00382	0.00265	0.99353
556 C	0.00382	0.00262	0.99357
557 C	0.00383	0.00260	0.99357
558 T	0.00383	0.00262	0.99355
559 A	0.00379	0.00270	0.99351
560 T	0.00377	0.00275	0.99348
561 A	0.00368	0.00289	0.99343
562 A	0.00360	0.00304	0.99336
563 A	0.00354	0.00303	0.99343
564 A	0.00350	0.00303	0.99347
565 G	0.00351	0.00295	0.99354
566 G	0.00357	0.00288	0.99355
567 A	0.00365	0.00284	0.99351
568 T	0.00383	0.00268	0.99349
569 T	0.00392	0.00260	0.99348
570 A	0.00395	0.00263	0.99342
571 A	0.00399	0.00264	0.99337
572 G	0.00403	0.00256	0.99342
573 T	0.00410	0.00250	0.9934
574 A	0.00415	0.00262	0.99323
575 A	0.00415	0.00248	0.99337
576 T	0.00414	0.00232	0.99354
577 A	0.00406	0.00260	0.99334
578 T	0.00402	0.00272	0.99326
579 T	0.00392	0.00294	0.99314
580 A	0.00376	0.00327	0.99297
581 A	0.00372	0.00336	0.99292
582 A	0.00372	0.00334	0.99293
583 A	0.00374	0.00331	0.99295
584 A	0.00377	0.00318	0.99305
585 T	0.00385	0.00303	0.99313
586 A	0.00386	0.00295	0.99319
587 G	0.00388	0.00288	0.99325
588 C	0.00391	0.00282	0.99327
589 A	0.00396	0.00277	0.99328
590 C	0.00402	0.00270	0.99328
591 T	0.00411	0.00261	0.99328
592 C	0.00417	0.00255	0.99329
593 G	0.00425	0.00247	0.99327
594 T	0.00438	0.00235	0.99327
595 A	0.00444	0.00229	0.99327
596 A	0.00458	0.00215	0.99328
597 T	0.00491	0.00180	0.9933
598 A	0.00503	0.00163	0.99335
599 G	0.00515	0.00142	0.99343
600 T	0.00554	0.00091	0.99355
601 T	0.00573	0.00065	0.99362
602 T	0.00585	0.00046	0.9937
603 T	0.00595	0.00025	0.9938
604 T	0.00598	0.00019	0.99384
605 T	0.00599	0.00016	0.99385
606 A	0.00599	0.00014	0.99387
607 G	0.00599	0.00013	0.99388
608 A	0.00600	0.00011	0.99389
609 T	0.00601	0.00009	0.9939
610 T	0.00601	0.00008	0.99392
611 C	0.00601	0.00007	0.99392
612 T	0.00602	0.00007	0.99392
613 A	0.00602	0.00006	0.99392
614 T	0.00602	0.00006	0.99392
615 T	0.00602	0.00006	0.99392
616 T	0.00603	0.00006	0.99391
617 T	0.00603	0.00006	0.99391
618 T	0.00603	0.00006	0.99391
619 T	0.00602	0.00007	0.99391
620 A	0.00601	0.00009	0.9939
621 T	0.00600	0.00010	0.9939
622 A	0.00599	0.00012	0.99389
623 T	0.00598	0.00014	0.99388
624 T	0.00597	0.00017	0.99386
625 T	0.00596	0.00021	0.99383
626 T	0.00594	0.00023	0.99382
627 T	0.00592	0.00025	0.99383
628 G	0.00589	0.00028	0.99383
629 T	0.00588	0.00029	0.99384
630 C	0.00585	0.00032	0.99384
631 C	0.00584	0.00033	0.99384
632 C	0.00583	0.00033	0.99384
633 G	0.00583	0.00034	0.99384
634 A	0.00583	0.00034	0.99384
635 T	0.00583	0.00034	0.99384
636 A	0.00583	0.00034	0.99384
637 G	0.00583	0.00034	0.99384
638 C	0.00583	0.00034	0.99384
639 A	0.00583	0.00033	0.99384
640 T	0.00584	0.00033	0.99384
641 G	0.00584	0.00032	0.99383
642 T	0.00585	0.00032	0.99384
643 G	0.00585	0.00032	0.99384
644 G	0.00585	0.00031	0.99385
645 A	0.00586	0.00029	0.99385
646 G	0.00587	0.00027	0.99385
647 G	0.00589	0.00025	0.99387
648 T	0.00593	0.00020	0.99388
649 T	0.00593	0.00018	0.99389
650 T	0.00593	0.00016	0.99391
651 T	0.00593	0.00014	0.99393
652 A	0.00593	0.00014	0.99394
653 C	0.00593	0.00012	0.99395
654 T	0.00593	0.00014	0.99393
655 T	0.00592	0.00019	0.99389
656 G	0.00591	0.00027	0.99382
657 T	0.00587	0.00043	0.99369
658 G	0.00580	0.00061	0.99359
659 G	0.00577	0.00072	0.99351
660 G	0.00575	0.00081	0.99344
661 A	0.00574	0.00087	0.99339
662 T	0.00574	0.00090	0.99336
663 A	0.00574	0.00090	0.99335
664 A	0.00575	0.00090	0.99335
665 T	0.00576	0.00088	0.99335
666 T	0.00577	0.00087	0.99336
667 C	0.00577	0.00087	0.99336
668 C	0.00578	0.00086	0.99335
669 T	0.00579	0.00086	0.99335
670 T	0.00579	0.00086	0.99335
671 T	0.00578	0.00087	0.99334
672 A	0.00576	0.00090	0.99334
673 A	0.00574	0.00093	0.99333
674 C	0.00574	0.00094	0.99333
675 T	0.00573	0.00095	0.99332
676 A	0.00573	0.00097	0.9933
677 A	0.00577	0.00095	0.99329
678 A	0.00583	0.00089	0.99328
679 A	0.00592	0.00081	0.99327
680 T	0.00610	0.00059	0.99331
681 T	0.00622	0.00042	0.99337
682 T	0.00628	0.00033	0.99339
683 T	0.00631	0.00029	0.9934
684 T	0.00630	0.00029	0.99341
685 T	0.00627	0.00033	0.9934
686 C	0.00617	0.00043	0.9934
687 T	0.00608	0.00055	0.99337
688 C	0.00585	0.00085	0.99331
689 A	0.00560	0.00121	0.99319
690 A	0.00544	0.00147	0.9931
691 G	0.00538	0.00160	0.99301
692 G	0.00536	0.00167	0.99296
693 G	0.00536	0.00172	0.99292
694 G	0.00536	0.00171	0.99293
695 A	0.00537	0.00170	0.99293
696 T	0.00538	0.00168	0.99294
697 A	0.00539	0.00167	0.99295
698 C	0.00539	0.00165	0.99296
699 A	0.00540	0.00173	0.99286
700 A	0.00540	0.00184	0.99275
701 C	0.00541	0.00188	0.99271
702 A	0.00543	0.00200	0.99258
703 T	0.00544	0.00213	0.99242
704 A	0.00545	0.00223	0.99232
705 T	0.00545	0.00231	0.99225
706 G	0.00544	0.00239	0.99216
707 A	0.00544	0.00244	0.99212
708 A	0.00544	0.00241	0.99215
709 G	0.00546	0.00225	0.99229
710 A	0.00551	0.00211	0.99238
711 T	0.00561	0.00179	0.9926
712 G	0.00570	0.00151	0.99279
713 C	0.00579	0.00129	0.99292
714 T	0.00586	0.00121	0.99292
715 T	0.00590	0.00120	0.99291
716 T	0.00591	0.00119	0.99289
717 C	0.00591	0.00121	0.99288
718 A	0.00591	0.00124	0.99284
719 A	0.00592	0.00126	0.99282
720 A	0.00592	0.00126	0.99282
721 G	0.00594	0.00124	0.99282
722 A	0.00606	0.00112	0.99282
723 T	0.00621	0.00095	0.99284
724 C	0.00627	0.00089	0.99285
725 A	0.00639	0.00078	0.99283
726 T	0.00654	0.00064	0.99283
727 A	0.00662	0.00056	0.99281
728 T	0.00671	0.00048	0.99281
729 T	0.00678	0.00041	0.99282
730 T	0.00683	0.00035	0.99282
731 T	0.00685	0.00032	0.99283
732 A	0.00684	0.00033	0.99283
733 C	0.00683	0.00033	0.99283
734 C	0.00684	0.00032	0.99283
735 T	0.00687	0.00030	0.99283
736 T	0.00688	0.00029	0.99283
737 C	0.00690	0.00027	0.99283
738 T	0.00693	0.00024	0.99283
739 T	0.00694	0.00024	0.99283
740 T	0.00693	0.00024	0.99282
741 A	0.00693	0.00024	0.99283
742 T	0.00694	0.00024	0.99282
743 T	0.00693	0.00024	0.99282
744 A	0.00690	0.00027	0.99283
745 A	0.00689	0.00028	0.99283
746 T	0.00689	0.00027	0.99284
747 T	0.00688	0.00027	0.99284
748 G	0.00687	0.00028	0.99285
749 C	0.00687	0.00028	0.99285
750 T	0.00688	0.00027	0.99285
751 G	0.00689	0.00027	0.99284
752 G	0.00689	0.00027	0.99284
753 T	0.00689	0.00027	0.99284
754 A	0.00689	0.00027	0.99284
755 T	0.00689	0.00025	0.99285
756 T	0.00689	0.00025	0.99286
757 T	0.00689	0.00024	0.99287
758 T	0.00689	0.00024	0.99287
759 T	0.00688	0.00025	0.99287
760 A	0.00687	0.00026	0.99287
761 G	0.00687	0.00026	0.99287
762 T	0.00686	0.00026	0.99288
763 G	0.00685	0.00027	0.99288
764 T	0.00686	0.00027	0.99287
765 T	0.00685	0.00031	0.99283
766 A	0.00684	0.00046	0.99271
767 T	0.00682	0.00059	0.99259
768 T	0.00680	0.00069	0.99251
769 T	0.00678	0.00073	0.9925
770 T	0.00675	0.00076	0.99249
771 G	0.00671	0.00080	0.9925
772 T	0.00667	0.00084	0.99249
773 C	0.00663	0.00088	0.99249
774 T	0.00661	0.00092	0.99247
775 G	0.00659	0.00097	0.99244
776 G	0.00659	0.00101	0.99241
777 T	0.00659	0.00109	0.99232
778 T	0.00658	0.00128	0.99214
779 T	0.00656	0.00159	0.99185
780 A	0.00653	0.00218	0.99129
781 A	0.00651	0.00290	0.99059
782 T	0.00650	0.00322	0.99028
783 T	0.00645	0.00374	0.98981
784 A	0.00633	0.00471	0.98896
785 A	0.00626	0.00589	0.98785
786 G	0.00623	0.00630	0.98747
787 A	0.00619	0.00694	0.98688
788 A	0.00621	0.00726	0.98652
789 A	0.00634	0.00740	0.98626
790 T	0.00650	0.00748	0.98602
791 T	0.00659	0.00759	0.98582
792 T	0.00660	0.00779	0.98561
793 T	0.00658	0.00825	0.98517
794 T	0.00657	0.00887	0.98456
795 T	0.00655	0.00951	0.98394
796 G	0.00651	0.01068	0.98281
797 G	0.00650	0.01133	0.98217
798 T	0.00651	0.01212	0.98136
799 A	0.00648	0.01346	0.98006
800 A	0.00649	0.01393	0.97958
801 A	0.00646	0.01443	0.9791
802 A	0.00656	0.01487	0.97857
803 G	0.00701	0.01482	0.97817
804 T	0.00778	0.01474	0.97748
805 A	0.00802	0.01513	0.97685
806 A	0.00842	0.01530	0.97628
807 A	0.00899	0.01515	0.97587
808 T	0.01003	0.01425	0.97572
809 A	0.01007	0.01453	0.9754
810 T	0.01047	0.01447	0.97506
811 A	0.01038	0.01500	0.97462
812 G	0.01022	0.01522	0.97455
813 T	0.01023	0.01523	0.97454
814 A	0.00943	0.01604	0.97454
815 G	0.00904	0.01640	0.97455
816 C	0.00895	0.01648	0.97457
817 C	0.00894	0.01666	0.9744
818 C	0.00908	0.01682	0.9741
819 T	0.00971	0.01746	0.97284
820 A	0.00894	0.01924	0.97181
821 A	0.00894	0.01973	0.97133
822 T	0.00930	0.01977	0.97092
823 A	0.00812	0.02154	0.97034
824 A	0.00731	0.02272	0.96997
825 A	0.00648	0.02403	0.96949
826 A	0.00642	0.02425	0.96933
827 T	0.00674	0.02401	0.96925
828 A	0.00614	0.02473	0.96913
829 A	0.00617	0.02470	0.96913
830 T	0.00614	0.02457	0.96929
831 A	0.00536	0.02534	0.9693
832 G	0.00496	0.02568	0.96936
833 A	0.00450	0.02669	0.96881
834 A	0.00418	0.02746	0.96836
835 A	0.00371	0.02823	0.96807
836 A	0.00345	0.02840	0.96815
837 A	0.00337	0.02784	0.96879
838 A	0.00345	0.02743	0.96912
839 A	0.00382	0.02646	0.96973
840 T	0.00462	0.02469	0.97069
841 A	0.00499	0.02420	0.97082
842 T	0.00609	0.02272	0.97119
843 T	0.00645	0.02217	0.97139
844 A	0.00619	0.02384	0.96997
845 A	0.00618	0.02404	0.96977
846 A	0.00653	0.02347	0.97001
847 A	0.00710	0.02214	0.97075
848 T	0.00786	0.02010	0.97204
849 T	0.00801	0.01983	0.97216
850 T	0.00763	0.02071	0.97166
851 T	0.00686	0.02158	0.97156
852 A	0.00574	0.02347	0.97079
853 G	0.00478	0.02485	0.97037
854 A	0.00425	0.02595	0.9698
855 A	0.00428	0.02645	0.96927
856 A	0.00490	0.02625	0.96885
857 A	0.00559	0.02610	0.96832
858 T	0.00626	0.02552	0.96821
859 G	0.00621	0.02572	0.96806
860 A	0.00614	0.02640	0.96746
861 T	0.00637	0.02647	0.96717
862 A	0.00624	0.02714	0.96662
863 A	0.00637	0.02727	0.96636
864 A	0.00707	0.02666	0.96626
865 A	0.00771	0.02621	0.96608
866 A	0.00835	0.02563	0.96601
867 T	0.00995	0.02397	0.96609
868 A	0.01032	0.02400	0.96568
869 T	0.01126	0.02332	0.96542
870 A	0.01130	0.02334	0.96535
871 A	0.01156	0.02299	0.96545
872 A	0.01208	0.02205	0.96587
873 T	0.01240	0.02079	0.96681
874 C	0.01205	0.02022	0.96773
875 A	0.01064	0.02134	0.96802
876 A	0.00934	0.02259	0.96807
877 G	0.00861	0.02341	0.96798
878 G	0.00816	0.02417	0.96768
879 G	0.00800	0.02442	0.96757
880 A	0.00873	0.02364	0.96762
881 T	0.00905	0.02320	0.96775
882 A	0.00827	0.02385	0.96788
883 C	0.00714	0.02481	0.96805
884 A	0.00573	0.02638	0.96789
885 A	0.00477	0.02731	0.96791
886 A	0.00377	0.02824	0.96799
887 A	0.00320	0.02871	0.96809
888 A	0.00316	0.02866	0.96817
889 A	0.00329	0.02806	0.96866
890 C	0.00357	0.02714	0.96929
891 A	0.00409	0.02634	0.96957
892 G	0.00453	0.02569	0.96978
893 A	0.00475	0.02522	0.97003
894 A	0.00483	0.02492	0.97025
895 T	0.00499	0.02446	0.97054
896 T	0.00488	0.02333	0.9718
897 A	0.00442	0.02270	0.97288
898 A	0.00456	0.02041	0.97504
899 A	0.00494	0.01793	0.97713
900 T	0.00545	0.01545	0.9791
901 A	0.00580	0.01365	0.98055
902 T	0.00603	0.01208	0.98189
903 T	0.00613	0.01129	0.98258
904 A	0.00613	0.01090	0.98298
905 A	0.00621	0.00975	0.98404
906 T	0.00635	0.00802	0.98562
907 T	0.00645	0.00645	0.9871
908 A	0.00642	0.00542	0.98816
909 T	0.00632	0.00438	0.98929
910 T	0.00605	0.00400	0.98995
911 C	0.00544	0.00442	0.99013
912 A	0.00502	0.00504	0.98993
913 A	0.00495	0.00526	0.98978
914 A	0.00494	0.00534	0.98973
915 T	0.00497	0.00545	0.98957
916 A	0.00499	0.00542	0.98958
917 T	0.00503	0.00508	0.98989
918 A	0.00500	0.00492	0.99008
919 T	0.00502	0.00458	0.9904
920 C	0.00502	0.00412	0.99087
921 T	0.00503	0.00403	0.99094
922 A	0.00503	0.00399	0.99098
923 C	0.00507	0.00391	0.99102
924 T	0.00513	0.00383	0.99104
925 G	0.00517	0.00379	0.99105
926 G	0.00525	0.00367	0.99109
927 T	0.00547	0.00339	0.99114
928 T	0.00557	0.00327	0.99117
929 T	0.00561	0.00315	0.99124
930 A	0.00561	0.00305	0.99133
931 A	0.00565	0.00283	0.99152
932 T	0.00571	0.00253	0.99175
933 A	0.00576	0.00219	0.99205
934 T	0.00591	0.00148	0.9926
935 C	0.00615	0.00091	0.99294
936 T	0.00635	0.00067	0.99297
937 A	0.00645	0.00056	0.99299
938 T	0.00667	0.00033	0.993
939 T	0.00670	0.00029	0.99301
940 T	0.00671	0.00027	0.99302
941 T	0.00672	0.00022	0.99307
942 T	0.00672	0.00020	0.99309
943 T	0.00671	0.00018	0.99311
944 C	0.00669	0.00018	0.99312
945 T	0.00668	0.00018	0.99313
946 T	0.00666	0.00021	0.99313
947 T	0.00662	0.00025	0.99313
948 T	0.00653	0.00035	0.99312
949 T	0.00645	0.00044	0.99311
950 A	0.00632	0.00058	0.99311
951 T	0.00625	0.00066	0.99309
952 A	0.00618	0.00075	0.99307
953 T	0.00616	0.00077	0.99307
954 T	0.00610	0.00086	0.99305
955 T	0.00597	0.00100	0.99303
956 T	0.00585	0.00113	0.99302
957 A	0.00562	0.00136	0.99301
958 A	0.00524	0.00175	0.99302
959 G	0.00506	0.00193	0.99301
960 C	0.00500	0.00199	0.99301
961 A	0.00496	0.00204	0.993
962 G	0.00493	0.00208	0.99299
963 T	0.00492	0.00212	0.99296
964 T	0.00489	0.00218	0.99292
965 T	0.00483	0.00236	0.99281
966 A	0.00473	0.00258	0.99269
967 T	0.00467	0.00266	0.99267
968 T	0.00452	0.00288	0.99261
969 A	0.00429	0.00314	0.99257
970 A	0.00416	0.00324	0.9926
971 G	0.00409	0.00322	0.99269
972 A	0.00406	0.00317	0.99277
973 A	0.00407	0.00305	0.99289
974 T	0.00409	0.00292	0.99298
975 C	0.00411	0.00279	0.9931
976 A	0.00412	0.00276	0.99311
977 T	0.00414	0.00269	0.99317
978 G	0.00414	0.00262	0.99324
979 A	0.00414	0.00256	0.9933
980 T	0.00415	0.00242	0.99343
981 A	0.00416	0.00206	0.99379
982 T	0.00417	0.00187	0.99397
983 T	0.00418	0.00179	0.99403
984 A	0.00418	0.00175	0.99407
985 A	0.00419	0.00170	0.99411
986 A	0.00422	0.00164	0.99414
987 A	0.00427	0.00154	0.99419
988 T	0.00441	0.00128	0.99431
989 T	0.00456	0.00100	0.99444
990 A	0.00461	0.00087	0.99452
991 T	0.00468	0.00064	0.99468
992 T	0.00471	0.00043	0.99486
993 T	0.00471	0.00034	0.99495
994 T	0.00458	0.00042	0.995
995 C	0.00437	0.00062	0.99501
996 A	0.00418	0.00084	0.99498
997 A	0.00408	0.00094	0.99497
998 T	0.00405	0.00096	0.99498
999 A	0.00401	0.00100	0.99499
1000 T	0.00401	0.00099	0.99499
1001 C	0.00400	0.00098	0.99502
1002 T	0.00400	0.00098	0.99501
1003 T	0.00399	0.00100	0.99501
1004 C	0.00397	0.00102	0.995
1005 T	0.00396	0.00104	0.99499
1006 T	0.00393	0.00108	0.99499
1007 T	0.00387	0.00113	0.995
1008 T	0.00376	0.00124	0.995
1009 G	0.00361	0.00139	0.995
1010 C	0.00349	0.00151	0.995
1011 C	0.00344	0.00156	0.995
1012 A	0.00341	0.00160	0.99499
1013 A	0.00341	0.00161	0.99499
1014 A	0.00341	0.00162	0.99497
1015 A	0.00341	0.00162	0.99497
1016 A	0.00342	0.00159	0.99499
1017 T	0.00343	0.00142	0.99515
1018 A	0.00344	0.00121	0.99535
1019 T	0.00347	0.00099	0.99555
1020 T	0.00343	0.00094	0.99564
1021 G	0.00335	0.00098	0.99567
1022 G	0.00328	0.00103	0.99569
1023 A	0.00325	0.00110	0.99565
1024 A	0.00323	0.00111	0.99565
1025 A	0.00323	0.00111	0.99566
1026 T	0.00324	0.00107	0.99569
1027 T	0.00324	0.00103	0.99573
1028 A	0.00324	0.00101	0.99575
1029 T	0.00324	0.00094	0.99583
1030 T	0.00323	0.00087	0.99589
1031 T	0.00323	0.00078	0.99599
1032 A	0.00322	0.00067	0.99611
1033 C	0.00322	0.00057	0.99621
1034 C	0.00322	0.00055	0.99623
1035 T	0.00323	0.00053	0.99624
1036 C	0.00323	0.00053	0.99624
1037 C	0.00323	0.00052	0.99624
1038 T	0.00324	0.00052	0.99624
1039 A	0.00324	0.00052	0.99624
1040 T	0.00324	0.00052	0.99624
1041 T	0.00324	0.00051	0.99624
1042 A	0.00324	0.00051	0.99625
1043 T	0.00326	0.00043	0.99631
1044 A	0.00326	0.00035	0.99638
1045 G	0.00329	0.00026	0.99645
1046 T	0.00334	0.00017	0.99648
1047 T	0.00337	0.00012	0.9965
1048 T	0.00338	0.00010	0.99652
1049 T	0.00338	0.00010	0.99652
1050 T	0.00338	0.00010	0.99652
1051 T	0.00337	0.00010	0.99653
1052 T	0.00335	0.00012	0.99653
1053 G	0.00331	0.00017	0.99653
1054 G	0.00328	0.00021	0.99651
1055 T	0.00325	0.00026	0.99649
1056 T	0.00318	0.00040	0.99642
1057 A	0.00309	0.00055	0.99636
1058 T	0.00303	0.00063	0.99634
1059 A	0.00296	0.00073	0.99632
1060 T	0.00293	0.00076	0.99631
1061 T	0.00288	0.00082	0.9963
1062 A	0.00279	0.00092	0.99628
1063 G	0.00273	0.00101	0.99626
1064 T	0.00268	0.00108	0.99624
1065 T	0.00254	0.00125	0.99622
1066 A	0.00237	0.00143	0.9962
1067 T	0.00226	0.00155	0.99618
1068 A	0.00204	0.00180	0.99616
1069 A	0.00197	0.00188	0.99615
1070 T	0.00192	0.00193	0.99615
1071 A	0.00185	0.00200	0.99614
1072 G	0.00184	0.00202	0.99614
1073 T	0.00183	0.00202	0.99615
1074 A	0.00181	0.00203	0.99616
1075 A	0.00180	0.00202	0.99618
1076 A	0.00181	0.00197	0.99622
1077 A	0.00183	0.00192	0.99624
1078 A	0.00187	0.00185	0.99629
1079 T	0.00196	0.00166	0.99637
1080 T	0.00202	0.00152	0.99646
1081 T	0.00204	0.00145	0.99651
1082 T	0.00204	0.00138	0.99657
1083 A	0.00204	0.00135	0.9966
1084 A	0.00205	0.00130	0.99666
1085 A	0.00207	0.00119	0.99674
1086 T	0.00210	0.00105	0.99685
1087 T	0.00212	0.00095	0.99693
1088 T	0.00214	0.00079	0.99707
1089 A	0.00214	0.00065	0.99721
1090 G	0.00214	0.00054	0.99732
1091 T	0.00216	0.00033	0.99751
1092 T	0.00218	0.00025	0.99757
1093 T	0.00218	0.00020	0.99762
1094 C	0.00219	0.00014	0.99767
1095 T	0.00219	0.00014	0.99767
1096 T	0.00219	0.00015	0.99766
1097 T	0.00218	0.00017	0.99765
1098 G	0.00218	0.00021	0.99761
1099 T	0.00217	0.00033	0.99751
1100 A	0.00214	0.00053	0.99733
1101 T	0.00212	0.00067	0.99721
1102 T	0.00211	0.00088	0.99701
1103 A	0.00205	0.00113	0.99682
1104 T	0.00202	0.00125	0.99674
1105 G	0.00198	0.00143	0.99659
1106 A	0.00196	0.00154	0.99649
1107 A	0.00195	0.00161	0.99644
1108 A	0.00195	0.00167	0.99639
1109 A	0.00195	0.00168	0.99637
1110 A	0.00194	0.00168	0.99638
1111 T	0.00194	0.00167	0.99638
1112 G	0.00193	0.00168	0.99639
1113 C	0.00191	0.00168	0.9964
1114 A	0.00190	0.00170	0.9964
1115 T	0.00189	0.00171	0.9964
1116 C	0.00186	0.00174	0.9964
1117 G	0.00185	0.00175	0.9964
1118 A	0.00185	0.00176	0.99639
1119 A	0.00185	0.00176	0.99639
1120 C	0.00188	0.00173	0.99639
1121 A	0.00193	0.00168	0.99639
1122 A	0.00203	0.00156	0.99641
1123 G	0.00221	0.00134	0.99645
1124 C	0.00237	0.00116	0.99647
1125 T	0.00262	0.00090	0.99649
1126 T	0.00280	0.00066	0.99655
1127 C	0.00285	0.00058	0.99657
1128 T	0.00294	0.00047	0.99658
1129 C	0.00297	0.00043	0.9966
1130 A	0.00300	0.00043	0.99657
1131 A	0.00303	0.00042	0.99655
1132 T	0.00305	0.00043	0.99652
1133 T	0.00305	0.00045	0.9965
1134 T	0.00304	0.00048	0.99648
1135 A	0.00303	0.00049	0.99649
1136 T	0.00302	0.00048	0.9965
1137 A	0.00297	0.00053	0.9965
1138 A	0.00289	0.00060	0.99651
1139 C	0.00285	0.00061	0.99654
1140 A	0.00276	0.00070	0.99653
1141 A	0.00270	0.00076	0.99653
1142 A	0.00264	0.00082	0.99653
1143 T	0.00262	0.00084	0.99654
1144 A	0.00259	0.00087	0.99654
1145 A	0.00258	0.00087	0.99654
1146 T	0.00258	0.00086	0.99656
1147 T	0.00257	0.00085	0.99657
1148 T	0.00257	0.00086	0.99658
1149 T	0.00256	0.00086	0.99658
1150 A	0.00254	0.00086	0.99661
1151 C	0.00254	0.00084	0.99662
1152 A	0.00254	0.00083	0.99663
1153 T	0.00257	0.00079	0.99664
1154 C	0.00259	0.00076	0.99665
1155 C	0.00263	0.00072	0.99665
1156 T	0.00266	0.00068	0.99665
1157 C	0.00268	0.00066	0.99666
1158 T	0.00269	0.00064	0.99667
1159 A	0.00270	0.00063	0.99667
1160 T	0.00271	0.00058	0.99671
1161 T	0.00272	0.00049	0.99679
1162 T	0.00272	0.00045	0.99683
1163 T	0.00273	0.00034	0.99694
1164 A	0.00273	0.00029	0.99698
1165 T	0.00273	0.00022	0.99706
1166 G	0.00272	0.00020	0.99707
1167 T	0.00270	0.00020	0.99709
1168 T	0.00267	0.00023	0.9971
1169 T	0.00264	0.00027	0.9971
1170 G	0.00254	0.00037	0.99709
1171 G	0.00247	0.00046	0.99707
1172 T	0.00242	0.00051	0.99707
1173 T	0.00232	0.00063	0.99705
1174 G	0.00216	0.00085	0.99699
1175 G	0.00202	0.00114	0.99685
1176 A	0.00191	0.00142	0.99667
1177 A	0.00183	0.00161	0.99657
1178 T	0.00177	0.00175	0.99648
1179 A	0.00163	0.00206	0.99631
1180 G	0.00157	0.00213	0.99629
1181 G	0.00151	0.00223	0.99627
1182 A	0.00145	0.00234	0.99622
1183 A	0.00141	0.00243	0.99616
1184 C	0.00140	0.00247	0.99613
1185 A	0.00138	0.00254	0.99607
1186 A	0.00139	0.00259	0.99603
1187 A	0.00139	0.00262	0.99598
1188 T	0.00141	0.00265	0.99594
1189 A	0.00142	0.00268	0.99591
1190 T	0.00144	0.00264	0.99593
1191 T	0.00144	0.00262	0.99595
1192 A	0.00140	0.00264	0.99596
1193 A	0.00138	0.00259	0.99602
1194 T	0.00138	0.00254	0.99608
1195 A	0.00134	0.00261	0.99605
1196 A	0.00132	0.00258	0.99609
1197 A	0.00137	0.00241	0.99621
1198 A	0.00150	0.00215	0.99635
1199 T	0.00167	0.00190	0.99644
1200 A	0.00175	0.00177	0.99648
1201 A	0.00182	0.00168	0.9965
1202 T	0.00197	0.00142	0.99661
1203 A	0.00199	0.00138	0.99664
1204 G	0.00201	0.00129	0.9967
1205 A	0.00208	0.00117	0.99674
1206 T	0.00216	0.00105	0.99679
1207 T	0.00219	0.00101	0.99681
1208 C	0.00222	0.00096	0.99682
1209 A	0.00226	0.00093	0.99681
1210 A	0.00230	0.00088	0.99681
1211 T	0.00236	0.00082	0.99682
1212 T	0.00240	0.00078	0.99682
1213 T	0.00242	0.00077	0.99681
1214 A	0.00243	0.00076	0.99681
1215 T	0.00245	0.00069	0.99686
1216 A	0.00246	0.00066	0.99688
1217 A	0.00248	0.00061	0.99691
1218 T	0.00256	0.00048	0.99696
1219 T	0.00261	0.00040	0.99699
1220 T	0.00262	0.00036	0.99702
1221 A	0.00262	0.00035	0.99703
1222 C	0.00264	0.00033	0.99704
1223 A	0.00266	0.00029	0.99704
1224 T	0.00271	0.00025	0.99705
1225 T	0.00273	0.00022	0.99705
1226 T	0.00275	0.00020	0.99705
1227 T	0.00275	0.00020	0.99706
1228 T	0.00275	0.00019	0.99706
1229 T	0.00275	0.00019	0.99706
1230 A	0.00274	0.00020	0.99706
1231 T	0.00274	0.00019	0.99707
1232 T	0.00274	0.00018	0.99707
1233 A	0.00274	0.00018	0.99709
1234 A	0.00274	0.00017	0.99709
1235 C	0.00275	0.00015	0.9971
1236 T	0.00276	0.00014	0.9971
1237 T	0.00277	0.00012	0.9971
1238 G	0.00277	0.00012	0.99711
1239 T	0.00278	0.00011	0.99711
1240 A	0.00278	0.00011	0.99711
1241 T	0.00278	0.00010	0.99711
1242 T	0.00279	0.00009	0.99713
1243 T	0.00279	0.00008	0.99713
1244 T	0.00279	0.00007	0.99714
1245 A	0.00278	0.00008	0.99714
1246 T	0.00278	0.00008	0.99714
1247 G	0.00278	0.00008	0.99714
1248 T	0.00278	0.00010	0.99712
1249 G	0.00278	0.00012	0.9971
1250 T	0.00278	0.00013	0.99709
1251 T	0.00278	0.00015	0.99707
1252 A	0.00278	0.00017	0.99704
1253 T	0.00278	0.00018	0.99704
1254 T	0.00278	0.00020	0.99702
1255 A	0.00278	0.00020	0.99702
1256 T	0.00278	0.00020	0.99702
1257 T	0.00276	0.00022	0.99702
1258 A	0.00272	0.00026	0.99702
1259 C	0.00271	0.00027	0.99702
1260 A	0.00269	0.00029	0.99702
1261 T	0.00269	0.00029	0.99702
1262 C	0.00268	0.00031	0.99702
1263 A	0.00266	0.00033	0.997
1264 T	0.00265	0.00034	0.997
1265 T	0.00264	0.00036	0.997
1266 A	0.00258	0.00042	0.997
1267 A	0.00255	0.00045	0.997
1268 C	0.00254	0.00046	0.997
1269 A	0.00252	0.00047	0.997
1270 G	0.00252	0.00047	0.997
1271 C	0.00254	0.00045	0.99701
1272 T	0.00258	0.00041	0.99701
1273 G	0.00259	0.00040	0.997
1274 C	0.00261	0.00038	0.997
1275 T	0.00263	0.00037	0.997
1276 A	0.00263	0.00037	0.997
1277 T	0.00264	0.00036	0.997
1278 T	0.00265	0.00035	0.997
1279 A	0.00265	0.00035	0.997
1280 T	0.00265	0.00033	0.99702
1281 T	0.00264	0.00030	0.99705
1282 G	0.00264	0.00029	0.99707
1283 G	0.00264	0.00028	0.99708
1284 A	0.00264	0.00028	0.99708
1285 A	0.00264	0.00027	0.99709
1286 A	0.00265	0.00025	0.9971
1287 T	0.00266	0.00023	0.99711
1288 A	0.00266	0.00022	0.99712
1289 A	0.00266	0.00017	0.99717
1290 A	0.00266	0.00014	0.99719
1291 T	0.00266	0.00012	0.99722
1292 T	0.00267	0.00011	0.99723
1293 T	0.00267	0.00010	0.99723
1294 G	0.00267	0.00011	0.99722
1295 G	0.00267	0.00011	0.99722
1296 T	0.00267	0.00012	0.99722
1297 T	0.00267	0.00012	0.9972
1298 A	0.00268	0.00012	0.9972
1299 T	0.00268	0.00012	0.9972
1300 T	0.00269	0.00011	0.9972
1301 A	0.00269	0.00011	0.9972
1302 T	0.00269	0.00010	0.99721
1303 C	0.00269	0.00010	0.99721
1304 C	0.00270	0.00009	0.99721
1305 T	0.00270	0.00009	0.99721
1306 G	0.00270	0.00009	0.99721
1307 T	0.00271	0.00009	0.99721
1308 T	0.00271	0.00009	0.9972
1309 C	0.00271	0.00009	0.9972
1310 A	0.00271	0.00009	0.9972
1311 A	0.00271	0.00009	0.9972
1312 T	0.00272	0.00008	0.9972
1313 C	0.00272	0.00008	0.9972
1314 G	0.00272	0.00008	0.9972
1315 G	0.00273	0.00007	0.9972
1316 C	0.00274	0.00006	0.9972
1317 T	0.00275	0.00005	0.9972
1318 A	0.00275	0.00005	0.9972
1319 T	0.00276	0.00004	0.9972
1320 T	0.00277	0.00003	0.9972
1321 T	0.00277	0.00003	0.9972
1322 C	0.00276	0.00004	0.9972
1323 T	0.00276	0.00004	0.9972
1324 G	0.00275	0.00005	0.9972
1325 C	0.00274	0.00006	0.9972
1326 A	0.00273	0.00007	0.9972
1327 G	0.00273	0.00007	0.9972
1328 G	0.00273	0.00007	0.9972
1329 A	0.00273	0.00007	0.9972
