# lcl|CP097583.1_cds_USQ93533.1_1
# AA	inside	membr	outside
1 A	0.59026	0.00000	0.40974
2 T	0.59025	0.00002	0.40974
3 G	0.59024	0.00002	0.40974
4 T	0.59024	0.00067	0.4091
5 C	0.59017	0.00222	0.40762
6 T	0.59017	0.00293	0.40691
7 T	0.59004	0.00359	0.40637
8 G	0.59004	0.00361	0.40635
9 T	0.58992	0.00416	0.40592
10 T	0.58992	0.05200	0.35808
11 T	0.58982	0.05565	0.35453
12 A	0.58063	0.06655	0.35282
13 T	0.57056	0.08039	0.34906
14 T	0.57055	0.08039	0.34906
15 T	0.57055	0.10369	0.32576
16 A	0.56857	0.10567	0.32576
17 A	0.56732	0.10702	0.32566
18 A	0.56730	0.10718	0.32552
19 A	0.56704	0.10754	0.32543
20 T	0.56645	0.11047	0.32309
21 T	0.56464	0.11227	0.32309
22 A	0.56456	0.11236	0.32308
23 T	0.56441	0.11251	0.32309
24 T	0.56427	0.11265	0.32308
25 C	0.56411	0.11275	0.32314
26 C	0.56402	0.11284	0.32315
27 A	0.56453	0.11232	0.32315
28 T	0.56693	0.10990	0.32317
29 C	0.56828	0.10854	0.32317
30 T	0.57323	0.10359	0.32319
31 A	0.57436	0.10244	0.3232
32 A	0.57699	0.09935	0.32367
33 T	0.62104	0.05473	0.32423
34 T	0.62728	0.04813	0.32459
35 T	0.63549	0.03086	0.33366
36 T	0.63856	0.01862	0.34282
37 T	0.63938	0.01735	0.34327
38 T	0.64701	0.00949	0.3435
39 T	0.64680	0.00822	0.34498
40 C	0.64537	0.00911	0.34552
41 A	0.64324	0.01184	0.34491
42 A	0.64249	0.01312	0.34439
43 T	0.64419	0.01180	0.34401
44 T	0.64286	0.01350	0.34364
45 G	0.64018	0.01866	0.34116
46 T	0.63968	0.01899	0.34133
47 T	0.63910	0.01946	0.34144
48 G	0.63839	0.02013	0.34147
49 T	0.63786	0.02060	0.34154
50 C	0.63742	0.02105	0.34154
51 T	0.63705	0.02151	0.34144
52 T	0.63627	0.02239	0.34134
53 C	0.63538	0.02332	0.3413
54 T	0.63493	0.02402	0.34105
55 G	0.63403	0.02542	0.34055
56 T	0.63375	0.02604	0.34021
57 C	0.63335	0.02693	0.33971
58 A	0.63254	0.03140	0.33605
59 A	0.63188	0.03311	0.33501
60 T	0.63173	0.03385	0.33443
61 A	0.63038	0.03592	0.33369
62 A	0.63018	0.03625	0.33357
63 A	0.63040	0.03462	0.33498
64 G	0.63105	0.03163	0.33732
65 A	0.63183	0.02977	0.3384
66 T	0.63303	0.02794	0.33902
67 A	0.63433	0.02550	0.34018
68 T	0.63631	0.02107	0.34262
69 T	0.63638	0.02053	0.34309
70 T	0.63637	0.02000	0.34363
71 A	0.63587	0.01989	0.34424
72 T	0.63573	0.01921	0.34506
73 G	0.63525	0.01909	0.34566
74 T	0.63510	0.01872	0.34618
75 C	0.63480	0.01824	0.34696
76 G	0.63426	0.01844	0.3473
77 A	0.63418	0.01850	0.34733
78 C	0.63468	0.01726	0.34806
79 T	0.63509	0.01667	0.34824
80 G	0.63548	0.01609	0.34842
81 T	0.63906	0.01169	0.34924
82 C	0.64003	0.01009	0.34988
83 T	0.64070	0.00929	0.35
84 T	0.64110	0.00761	0.35129
85 A	0.64111	0.00725	0.35164
86 T	0.64124	0.00682	0.35194
87 T	0.64084	0.00714	0.35203
88 C	0.63971	0.00795	0.35234
89 T	0.63790	0.01031	0.35178
90 T	0.63470	0.01442	0.35087
91 T	0.62373	0.02768	0.34859
92 T	0.60162	0.05150	0.34688
93 A	0.55996	0.09629	0.34375
94 G	0.52488	0.13368	0.34144
95 A	0.50574	0.15535	0.3389
96 G	0.49421	0.16868	0.33711
97 G	0.48698	0.17987	0.33315
98 A	0.48313	0.18686	0.33
99 A	0.48153	0.18972	0.32875
100 T	0.48109	0.18999	0.32893
101 T	0.48032	0.19068	0.329
102 A	0.47928	0.19177	0.32896
103 T	0.47860	0.19235	0.32905
104 C	0.47774	0.19317	0.32908
105 T	0.47632	0.19490	0.32878
106 A	0.47363	0.19787	0.3285
107 A	0.47154	0.19997	0.32849
108 T	0.46959	0.20182	0.3286
109 G	0.46452	0.20691	0.32858
110 A	0.46218	0.20818	0.32964
111 A	0.46077	0.20619	0.33304
112 G	0.46011	0.19998	0.33991
113 A	0.46016	0.19093	0.34891
114 T	0.46216	0.17411	0.36373
115 G	0.46037	0.15519	0.38444
116 A	0.46195	0.12439	0.41366
117 T	0.46406	0.09441	0.44152
118 A	0.46465	0.08086	0.45449
119 A	0.46607	0.07153	0.46241
120 T	0.46908	0.06405	0.46687
121 T	0.47054	0.06437	0.46508
122 T	0.46961	0.06699	0.4634
123 T	0.46513	0.07460	0.46027
124 G	0.45983	0.08340	0.45678
125 A	0.45681	0.09221	0.45098
126 T	0.44371	0.10961	0.44668
127 A	0.41201	0.15018	0.43781
128 T	0.40014	0.16497	0.43489
129 T	0.37653	0.19598	0.42749
130 G	0.33440	0.24508	0.42052
131 A	0.31382	0.27541	0.41077
132 T	0.30550	0.28372	0.41078
133 A	0.29503	0.29634	0.40863
134 A	0.29048	0.30237	0.40715
135 A	0.28754	0.30694	0.40552
136 A	0.28656	0.30867	0.40478
137 A	0.28675	0.30903	0.40421
138 T	0.28915	0.30523	0.40562
139 A	0.28990	0.30378	0.40632
140 T	0.29164	0.30068	0.40768
141 A	0.29288	0.29719	0.40993
142 G	0.29493	0.29245	0.41263
143 C	0.29927	0.28474	0.416
144 T	0.30840	0.27431	0.41729
145 T	0.31321	0.26832	0.41847
146 T	0.31654	0.26294	0.42051
147 A	0.31798	0.25942	0.4226
148 A	0.32139	0.25385	0.42477
149 A	0.32639	0.22812	0.44549
150 T	0.33931	0.17509	0.48561
151 G	0.34438	0.15139	0.50423
152 T	0.35473	0.11993	0.52534
153 G	0.35625	0.09273	0.55101
154 T	0.35973	0.09440	0.54587
155 T	0.34968	0.12506	0.52526
156 A	0.32769	0.16562	0.5067
157 G	0.32014	0.19772	0.48213
158 A	0.31568	0.22751	0.45682
159 A	0.31528	0.25746	0.42727
160 A	0.31463	0.27769	0.40768
161 A	0.31628	0.29923	0.38449
162 A	0.31273	0.32963	0.35764
163 T	0.31233	0.34612	0.34154
164 A	0.31057	0.34993	0.3395
165 T	0.30974	0.35083	0.33943
166 T	0.30787	0.35306	0.33906
167 T	0.30468	0.35668	0.33865
168 C	0.29667	0.36465	0.33867
169 G	0.29166	0.37008	0.33826
170 A	0.28919	0.37270	0.33811
171 T	0.28875	0.37310	0.33814
172 G	0.28700	0.37488	0.33812
173 A	0.28679	0.37512	0.33808
174 A	0.28941	0.37110	0.33948
175 A	0.29497	0.36297	0.34207
176 A	0.30514	0.34593	0.34893
177 G	0.32877	0.31409	0.35715
178 T	0.35831	0.27032	0.37137
179 C	0.37692	0.23170	0.39138
180 T	0.40527	0.19711	0.39762
181 G	0.42434	0.17508	0.40058
182 A	0.44845	0.15100	0.40055
183 A	0.46590	0.13291	0.40119
184 A	0.48952	0.10888	0.4016
185 T	0.51790	0.07304	0.40906
186 T	0.53401	0.05401	0.41197
187 T	0.53389	0.05490	0.41121
188 T	0.52833	0.06797	0.40369
189 A	0.51748	0.07831	0.40422
190 T	0.50649	0.08715	0.40637
191 T	0.47742	0.11376	0.40882
192 T	0.38851	0.20661	0.40488
193 C	0.31743	0.28449	0.39808
194 A	0.25680	0.36736	0.37584
195 A	0.19126	0.45211	0.35662
196 G	0.14000	0.51045	0.34955
197 A	0.10425	0.55199	0.34376
198 A	0.08306	0.57767	0.33927
199 G	0.07931	0.58373	0.33696
200 A	0.07815	0.58683	0.33502
201 A	0.07754	0.58871	0.33376
202 G	0.07745	0.58910	0.33345
203 A	0.07787	0.58850	0.33363
204 T	0.07856	0.58686	0.33459
205 G	0.07788	0.58919	0.33293
206 A	0.07786	0.59039	0.33176
207 A	0.07806	0.59048	0.33146
208 A	0.07852	0.59025	0.33124
209 A	0.07954	0.58727	0.33318
210 A	0.08364	0.57674	0.33963
211 G	0.09260	0.55697	0.35043
212 A	0.09514	0.54135	0.36352
213 A	0.09915	0.51768	0.38317
214 A	0.10800	0.46294	0.42906
215 T	0.11981	0.33735	0.54284
216 G	0.12675	0.28590	0.58735
217 A	0.14657	0.23172	0.6217
218 T	0.16653	0.16786	0.66562
219 T	0.17348	0.12332	0.7032
220 A	0.17644	0.10010	0.72346
221 C	0.17934	0.08558	0.73508
222 T	0.18030	0.11428	0.70541
223 A	0.17777	0.19452	0.62771
224 A	0.17705	0.34130	0.48166
225 T	0.17477	0.38431	0.44093
226 A	0.16560	0.41420	0.4202
227 A	0.16050	0.43090	0.4086
228 T	0.15575	0.43611	0.40814
229 C	0.14022	0.45263	0.40716
230 G	0.12821	0.46865	0.40314
231 A	0.12081	0.48134	0.39785
232 C	0.11954	0.48771	0.39276
233 A	0.11788	0.49574	0.38638
234 A	0.11721	0.49888	0.38391
235 A	0.11874	0.49751	0.38375
236 A	0.12099	0.49527	0.38375
237 A	0.12417	0.49201	0.38382
238 G	0.12917	0.48602	0.38481
239 C	0.14116	0.47248	0.38636
240 T	0.15014	0.46298	0.38688
241 T	0.15506	0.45780	0.38714
242 C	0.15928	0.45327	0.38745
243 A	0.16507	0.44739	0.38754
244 A	0.17196	0.44034	0.3877
245 G	0.19613	0.41453	0.38934
246 A	0.26658	0.34096	0.39246
247 G	0.40654	0.19875	0.39471
248 T	0.45979	0.13818	0.40203
249 T	0.47885	0.10826	0.41289
250 A	0.48523	0.09541	0.41936
251 T	0.48792	0.08345	0.42863
252 T	0.48808	0.06858	0.44333
253 A	0.48631	0.05974	0.45395
254 C	0.48994	0.04797	0.46209
255 T	0.49540	0.04120	0.46341
256 T	0.49996	0.03543	0.4646
257 T	0.50064	0.03459	0.46478
258 G	0.49663	0.03955	0.46383
259 T	0.49451	0.04311	0.46238
260 T	0.49099	0.04767	0.46134
261 T	0.48698	0.05474	0.45828
262 A	0.47818	0.06976	0.45205
263 A	0.47040	0.08333	0.44627
264 T	0.46582	0.09019	0.44399
265 A	0.44423	0.11917	0.43661
266 A	0.42053	0.15106	0.42841
267 A	0.39669	0.18083	0.42249
268 A	0.38569	0.19696	0.41735
269 A	0.38008	0.20451	0.41541
270 T	0.37897	0.20685	0.41418
271 G	0.37721	0.20989	0.41291
272 G	0.37650	0.21101	0.4125
273 T	0.37601	0.20912	0.41487
274 T	0.37502	0.20932	0.41565
275 G	0.37344	0.20962	0.41695
276 G	0.37269	0.20814	0.41917
277 C	0.37212	0.20925	0.41862
278 T	0.37209	0.21198	0.41593
279 A	0.37075	0.21781	0.41144
280 A	0.37007	0.22457	0.40537
281 G	0.37069	0.22436	0.40495
282 T	0.37137	0.22863	0.4
283 G	0.36860	0.23146	0.39994
284 A	0.36892	0.23105	0.40003
285 A	0.37231	0.22200	0.40568
286 G	0.37610	0.21063	0.41326
287 A	0.37755	0.20589	0.41656
288 A	0.38376	0.18525	0.431
289 A	0.39240	0.16151	0.44609
290 A	0.39929	0.13575	0.46496
291 A	0.40674	0.11868	0.47458
292 G	0.41160	0.10811	0.48029
293 T	0.41650	0.10326	0.48023
294 T	0.41926	0.10268	0.47806
295 A	0.41957	0.11057	0.46985
296 G	0.42019	0.11252	0.46729
297 T	0.42198	0.11580	0.46222
298 T	0.42244	0.12067	0.45689
299 A	0.42256	0.12629	0.45116
300 T	0.42468	0.12552	0.4498
301 A	0.42632	0.12483	0.44885
302 A	0.43018	0.12019	0.44963
303 T	0.43775	0.11144	0.45081
304 A	0.44214	0.10750	0.45035
305 T	0.45054	0.09783	0.45164
306 T	0.45484	0.09043	0.45474
307 A	0.45679	0.08717	0.45604
308 T	0.45957	0.08291	0.45753
309 T	0.46084	0.08083	0.45833
310 A	0.46138	0.08016	0.45846
311 A	0.46382	0.07672	0.45946
312 T	0.46960	0.06992	0.46048
313 T	0.47212	0.06702	0.46086
314 T	0.47356	0.06552	0.46092
315 G	0.47455	0.06470	0.46075
316 A	0.47654	0.06360	0.45985
317 A	0.48105	0.05923	0.45972
318 T	0.49330	0.04654	0.46016
319 T	0.50055	0.03935	0.46011
320 T	0.50738	0.03385	0.45877
321 T	0.51189	0.03145	0.45666
322 T	0.51420	0.03073	0.45507
323 T	0.51365	0.03232	0.45403
324 T	0.51331	0.03360	0.45309
325 G	0.51226	0.03672	0.45103
326 A	0.51237	0.03787	0.44977
327 T	0.51373	0.03675	0.44951
328 T	0.51340	0.03737	0.44922
329 A	0.51292	0.03797	0.44911
330 T	0.51353	0.03673	0.44974
331 A	0.51361	0.03638	0.45001
332 G	0.51407	0.03523	0.45071
333 T	0.51494	0.03358	0.45149
334 T	0.51548	0.03284	0.45168
335 T	0.51573	0.03295	0.45133
336 A	0.51562	0.03455	0.44984
337 G	0.51536	0.03658	0.44806
338 A	0.51494	0.04000	0.44505
339 T	0.51558	0.04223	0.44219
340 A	0.51592	0.04667	0.43741
341 T	0.51704	0.04730	0.43567
342 G	0.51799	0.04908	0.43293
343 A	0.52039	0.04866	0.43095
344 T	0.52443	0.04499	0.43057
345 T	0.52716	0.04282	0.43001
346 T	0.52832	0.04349	0.42818
347 A	0.52857	0.04565	0.42579
348 T	0.53019	0.04519	0.42462
349 T	0.53082	0.04922	0.41996
350 T	0.53088	0.04946	0.41966
351 T	0.53044	0.05037	0.4192
352 T	0.52947	0.05188	0.41864
353 T	0.52290	0.05927	0.41783
354 C	0.50366	0.07983	0.41651
355 A	0.48022	0.11002	0.40977
356 A	0.46890	0.12393	0.40717
357 A	0.46424	0.13031	0.40545
358 A	0.46323	0.13161	0.40516
359 A	0.46422	0.13057	0.40522
360 A	0.46676	0.12741	0.40583
361 A	0.47070	0.12250	0.4068
362 C	0.47473	0.11790	0.40738
363 T	0.48020	0.11226	0.40754
364 C	0.48201	0.11047	0.40752
365 T	0.48477	0.10806	0.40717
366 T	0.48595	0.10696	0.40709
367 A	0.48584	0.10716	0.407
368 A	0.48666	0.10630	0.40704
369 T	0.48923	0.10356	0.40721
370 C	0.49106	0.10057	0.40836
371 A	0.49249	0.09936	0.40816
372 T	0.49697	0.09454	0.4085
373 A	0.49549	0.09841	0.4061
374 T	0.49582	0.09780	0.40638
375 T	0.49453	0.10056	0.40491
376 A	0.49251	0.09548	0.41201
377 A	0.49238	0.07748	0.43015
378 T	0.49751	0.04909	0.4534
379 T	0.49747	0.03968	0.46285
380 C	0.49527	0.03963	0.46511
381 A	0.49304	0.05123	0.45573
382 G	0.49062	0.05561	0.45376
383 A	0.48955	0.05794	0.45252
384 A	0.48918	0.05904	0.45177
385 T	0.48928	0.05968	0.45104
386 C	0.48929	0.06062	0.45009
387 T	0.48939	0.06417	0.44645
388 A	0.48915	0.06789	0.44297
389 T	0.48913	0.06845	0.44242
390 T	0.48890	0.06949	0.44161
391 G	0.48864	0.07293	0.43843
392 G	0.48859	0.07588	0.43553
393 A	0.48879	0.07724	0.43398
394 A	0.48944	0.07637	0.4342
395 A	0.49046	0.07483	0.43472
396 T	0.49392	0.06940	0.43667
397 A	0.49496	0.06756	0.43748
398 T	0.49746	0.06233	0.44021
399 T	0.49855	0.05924	0.4422
400 T	0.49919	0.05934	0.44147
401 A	0.49971	0.06319	0.4371
402 T	0.50079	0.06289	0.43631
403 A	0.50187	0.06316	0.43497
404 A	0.50936	0.05527	0.43537
405 T	0.51259	0.05045	0.43697
406 G	0.51451	0.04816	0.43734
407 T	0.51705	0.04602	0.43693
408 T	0.51908	0.04469	0.43622
409 T	0.52129	0.04247	0.43625
410 A	0.52401	0.03967	0.43633
411 T	0.52780	0.03529	0.4369
412 T	0.52902	0.03392	0.43707
413 C	0.53007	0.03265	0.43729
414 T	0.53250	0.03012	0.43737
415 C	0.53533	0.02727	0.43739
416 T	0.53701	0.02576	0.43722
417 T	0.53738	0.02578	0.43685
418 C	0.53699	0.02695	0.43606
419 T	0.53658	0.02972	0.4337
420 A	0.53442	0.03512	0.43047
421 A	0.51620	0.05413	0.42967
422 A	0.51049	0.06071	0.4288
423 A	0.51193	0.05964	0.42842
424 T	0.51680	0.05518	0.42803
425 C	0.51852	0.05362	0.42786
426 T	0.52037	0.05197	0.42766
427 T	0.52060	0.05216	0.42725
428 T	0.52066	0.05248	0.42686
429 T	0.51871	0.05524	0.42605
430 C	0.51711	0.05715	0.42573
431 T	0.51628	0.05835	0.42538
432 T	0.51072	0.06423	0.42506
433 A	0.50477	0.07024	0.42499
434 C	0.50217	0.07283	0.425
435 T	0.49970	0.07530	0.425
436 A	0.49323	0.08173	0.42505
437 C	0.48836	0.08651	0.42512
438 C	0.48505	0.09005	0.4249
439 A	0.48067	0.09588	0.42345
440 A	0.46914	0.10876	0.4221
441 A	0.46499	0.11460	0.42041
442 A	0.46539	0.11541	0.4192
443 A	0.46742	0.11216	0.42042
444 G	0.46779	0.09175	0.44046
445 T	0.46870	0.08322	0.44808
446 A	0.46897	0.08154	0.44949
447 T	0.46963	0.07953	0.45084
448 A	0.46970	0.07821	0.45209
449 C	0.46993	0.07394	0.45612
450 T	0.47006	0.07202	0.45792
451 A	0.46964	0.07183	0.45853
452 C	0.46982	0.07003	0.46015
453 T	0.46981	0.06979	0.4604
454 T	0.46962	0.06968	0.4607
455 T	0.46848	0.06492	0.46661
456 T	0.46521	0.06396	0.47083
457 C	0.45738	0.07268	0.46995
458 A	0.44748	0.10943	0.4431
459 A	0.41766	0.15254	0.4298
460 G	0.40222	0.16698	0.4308
461 A	0.39588	0.17342	0.43069
462 A	0.39481	0.17251	0.43269
463 G	0.39531	0.16012	0.44458
464 C	0.39693	0.15407	0.44901
465 T	0.39824	0.15447	0.44728
466 A	0.39859	0.15704	0.44436
467 T	0.39903	0.15778	0.4432
468 T	0.39876	0.16038	0.44086
469 T	0.39846	0.16447	0.43707
470 T	0.39784	0.16829	0.43387
471 A	0.39576	0.17820	0.42605
472 A	0.39447	0.18351	0.42202
473 A	0.39351	0.18795	0.41855
474 A	0.39244	0.19064	0.41692
475 A	0.39055	0.19247	0.41698
476 C	0.39036	0.19168	0.41796
477 A	0.38975	0.20070	0.40954
478 A	0.39036	0.20459	0.40506
479 A	0.38997	0.20652	0.40351
480 A	0.39235	0.19915	0.4085
481 A	0.41690	0.16656	0.41653
482 G	0.43381	0.11792	0.44828
483 T	0.43920	0.09725	0.46355
484 C	0.44235	0.08762	0.47004
485 T	0.44531	0.08728	0.46742
486 T	0.44639	0.09597	0.45764
487 G	0.44213	0.10373	0.45414
488 T	0.43917	0.10781	0.45302
489 T	0.43579	0.11417	0.45004
490 A	0.43086	0.12337	0.44578
491 C	0.42862	0.13107	0.44031
492 C	0.42497	0.13716	0.43786
493 A	0.41828	0.15055	0.43117
494 A	0.42151	0.15026	0.42822
495 A	0.41870	0.15615	0.42515
496 C	0.41907	0.16067	0.42026
497 T	0.41886	0.16561	0.41554
498 G	0.41073	0.17456	0.41471
499 A	0.40939	0.17716	0.41345
500 A	0.41518	0.17126	0.41356
501 A	0.42000	0.16665	0.41335
502 A	0.42420	0.15961	0.41618
503 T	0.42776	0.15448	0.41776
504 T	0.42966	0.15224	0.4181
505 T	0.43060	0.15182	0.41758
506 T	0.43023	0.15333	0.41644
507 A	0.42877	0.15599	0.41524
508 A	0.42890	0.15539	0.41571
509 A	0.43488	0.14779	0.41733
510 A	0.43806	0.13803	0.42391
511 G	0.44053	0.12687	0.4326
512 C	0.44600	0.11511	0.4389
513 T	0.45289	0.10538	0.44172
514 A	0.45808	0.10029	0.44163
515 A	0.46103	0.09408	0.44489
516 T	0.46814	0.08024	0.45162
517 A	0.47205	0.07538	0.45257
518 T	0.47787	0.06106	0.46107
519 T	0.48348	0.05048	0.46604
520 T	0.48678	0.04189	0.47133
521 T	0.48662	0.03462	0.47877
522 T	0.48388	0.03631	0.47981
523 C	0.47465	0.04657	0.47877
524 G	0.47079	0.05550	0.4737
525 A	0.46804	0.07063	0.46133
526 T	0.46799	0.07613	0.45587
527 T	0.46769	0.08168	0.45062
528 T	0.46295	0.09249	0.44456
529 T	0.45171	0.11578	0.43251
530 A	0.43746	0.14065	0.42189
531 T	0.43231	0.14544	0.42225
532 A	0.42527	0.15381	0.42092
533 A	0.42175	0.15739	0.42086
534 T	0.41993	0.15911	0.42097
535 C	0.41433	0.16522	0.42046
536 A	0.41066	0.17002	0.41931
537 A	0.41103	0.17031	0.41866
538 T	0.41235	0.16978	0.41786
539 T	0.41256	0.17018	0.41726
540 A	0.41174	0.17196	0.41631
541 A	0.41122	0.17263	0.41614
542 T	0.41149	0.17161	0.4169
543 T	0.41107	0.17089	0.41804
544 A	0.41039	0.17055	0.41905
545 A	0.41198	0.16615	0.42187
546 T	0.41561	0.15373	0.43066
547 A	0.42052	0.14531	0.43418
548 T	0.43464	0.12658	0.43877
549 T	0.44060	0.12098	0.43843
550 A	0.44386	0.12191	0.43422
551 A	0.44651	0.11601	0.43748
552 T	0.45682	0.09554	0.44764
553 T	0.46197	0.07817	0.45987
554 T	0.45885	0.07832	0.46282
555 T	0.45589	0.07980	0.46431
556 A	0.44835	0.08778	0.46387
557 A	0.44491	0.09075	0.46435
558 T	0.44307	0.08829	0.46864
559 T	0.43720	0.09371	0.46908
560 A	0.42752	0.11314	0.45933
561 T	0.42665	0.12580	0.44755
562 A	0.42419	0.15091	0.42491
563 A	0.42276	0.16197	0.41527
564 T	0.42287	0.16120	0.41594
565 T	0.42227	0.16189	0.41584
566 T	0.41588	0.16942	0.41471
567 G	0.40258	0.18326	0.41416
568 C	0.39487	0.19151	0.41362
569 A	0.38850	0.20142	0.41008
570 A	0.38687	0.20424	0.40889
571 A	0.38784	0.20405	0.40811
572 A	0.39181	0.20075	0.40744
573 T	0.39923	0.19345	0.40732
574 A	0.40229	0.18867	0.40904
575 T	0.40654	0.18101	0.41245
576 T	0.40856	0.17455	0.41689
577 T	0.40903	0.17096	0.42001
578 T	0.40779	0.17006	0.42215
579 A	0.40226	0.17114	0.4266
580 G	0.39718	0.17335	0.42947
581 A	0.39213	0.17753	0.43034
582 A	0.39112	0.17395	0.43493
583 C	0.39967	0.15891	0.44142
584 A	0.40952	0.16068	0.4298
585 A	0.43005	0.15398	0.41597
586 T	0.43963	0.16505	0.39532
587 T	0.43858	0.18097	0.38046
588 A	0.43666	0.19496	0.36837
589 T	0.43745	0.18711	0.37545
590 T	0.43549	0.17740	0.3871
591 A	0.42570	0.18100	0.3933
592 T	0.42308	0.17790	0.39901
593 C	0.42094	0.17910	0.39996
594 A	0.41967	0.18844	0.39189
595 G	0.41941	0.19739	0.3832
596 A	0.42037	0.20312	0.37651
597 T	0.42191	0.20467	0.37341
598 T	0.42222	0.21121	0.36657
599 A	0.42180	0.21764	0.36056
600 T	0.42260	0.21810	0.3593
601 A	0.42282	0.22049	0.35669
602 A	0.42293	0.21720	0.35986
603 A	0.42338	0.21257	0.36405
604 A	0.42560	0.20587	0.36853
605 A	0.42902	0.19797	0.373
606 G	0.43484	0.18891	0.37625
607 A	0.44848	0.17324	0.37828
608 A	0.46737	0.15218	0.38045
609 T	0.49382	0.12276	0.38341
610 T	0.50884	0.10358	0.38758
611 T	0.51668	0.09133	0.392
612 T	0.51773	0.08721	0.39506
613 T	0.51836	0.08283	0.39881
614 T	0.51868	0.07374	0.40758
615 C	0.51876	0.06930	0.41194
616 G	0.52015	0.06649	0.41336
617 A	0.52878	0.05713	0.41409
618 T	0.54033	0.04491	0.41476
619 T	0.54818	0.03630	0.41552
620 C	0.55122	0.03307	0.41571
621 T	0.55733	0.02735	0.41532
622 T	0.56127	0.02444	0.41429
623 C	0.56251	0.02447	0.41302
624 T	0.56611	0.02644	0.40744
625 T	0.56696	0.03378	0.39926
626 A	0.56630	0.04095	0.39275
627 T	0.55994	0.05420	0.38586
628 T	0.54009	0.09241	0.36749
629 A	0.51526	0.12740	0.35734
630 T	0.50842	0.13788	0.3537
631 A	0.50080	0.15069	0.34851
632 T	0.49781	0.15596	0.34623
633 T	0.49308	0.16248	0.34444
634 T	0.48508	0.17219	0.34273
635 T	0.47031	0.18904	0.34065
636 A	0.43414	0.22938	0.33648
637 A	0.40201	0.26250	0.3355
638 A	0.38001	0.28565	0.33434
639 A	0.36809	0.29799	0.33392
640 A	0.35829	0.30749	0.33422
641 C	0.35499	0.31026	0.33475
642 A	0.35169	0.31343	0.33488
643 A	0.35032	0.31438	0.3353
644 C	0.35220	0.31208	0.33572
645 T	0.35538	0.30901	0.33561
646 G	0.35659	0.30796	0.33545
647 A	0.36208	0.30221	0.33571
648 T	0.37043	0.29265	0.33692
649 A	0.37572	0.28662	0.33765
650 A	0.38326	0.26969	0.34705
651 T	0.40474	0.22545	0.36981
652 T	0.41439	0.19158	0.39403
653 T	0.41519	0.18333	0.40147
654 T	0.41498	0.18088	0.40413
655 T	0.40466	0.20657	0.38876
656 T	0.38687	0.23106	0.38206
657 A	0.35493	0.26521	0.37985
658 A	0.33822	0.27448	0.38731
659 A	0.33741	0.24860	0.414
660 A	0.33712	0.22093	0.44195
661 T	0.33820	0.20008	0.46172
662 A	0.33833	0.18981	0.47185
663 T	0.33828	0.18071	0.48101
664 T	0.33777	0.17822	0.48402
665 G	0.33734	0.17594	0.48671
666 T	0.33737	0.17411	0.48853
667 A	0.33701	0.17393	0.48906
668 T	0.33706	0.17262	0.49032
669 T	0.33699	0.17165	0.49137
670 C	0.33618	0.17213	0.49169
671 A	0.33493	0.17521	0.48986
672 A	0.33497	0.17677	0.48826
673 A	0.33579	0.17677	0.48745
674 T	0.33824	0.17461	0.48715
675 T	0.34103	0.17288	0.48609
676 G	0.34272	0.16656	0.49072
677 A	0.35001	0.15342	0.49658
678 T	0.37329	0.11481	0.5119
679 T	0.38463	0.08827	0.5271
680 T	0.39060	0.05952	0.54989
681 C	0.39187	0.05137	0.55676
682 T	0.39264	0.07383	0.53354
683 T	0.39171	0.10158	0.50671
684 T	0.38468	0.15866	0.45665
685 A	0.37890	0.21953	0.40157
686 T	0.37600	0.24813	0.37587
687 T	0.36179	0.29908	0.33913
688 G	0.33949	0.35284	0.30767
689 A	0.30565	0.41859	0.27576
690 A	0.25434	0.48620	0.25946
691 G	0.22749	0.52305	0.24947
692 A	0.20796	0.55591	0.23613
693 A	0.19612	0.57090	0.23297
694 A	0.19168	0.57634	0.23198
695 T	0.19079	0.57732	0.23189
696 A	0.18868	0.57982	0.23149
697 G	0.18816	0.58014	0.2317
698 A	0.18941	0.57872	0.23187
699 A	0.19242	0.57463	0.23295
700 A	0.19372	0.57270	0.23358
701 C	0.19708	0.56854	0.23438
702 G	0.20161	0.56375	0.23464
703 A	0.20798	0.55686	0.23516
704 A	0.21770	0.54509	0.23721
705 T	0.24923	0.50944	0.24133
706 C	0.27831	0.47605	0.24564
707 C	0.33805	0.40356	0.2584
708 T	0.39671	0.34030	0.26299
709 A	0.42479	0.31000	0.26521
710 T	0.46360	0.26068	0.27571
711 T	0.48712	0.22641	0.28647
712 T	0.50655	0.18537	0.30808
713 A	0.51326	0.14172	0.34503
714 T	0.52079	0.10513	0.37408
715 T	0.52775	0.07820	0.39405
716 T	0.52039	0.07887	0.40074
717 T	0.49720	0.10798	0.39482
718 C	0.42803	0.19898	0.37299
719 A	0.33060	0.36741	0.30199
720 A	0.27772	0.48224	0.24004
721 A	0.18896	0.63497	0.17606
722 A	0.15335	0.71193	0.13473
723 A	0.12707	0.76352	0.10941
724 A	0.10686	0.79287	0.10027
725 T	0.09395	0.81218	0.09387
726 G	0.08237	0.83085	0.08678
727 A	0.07588	0.85554	0.06858
728 A	0.07293	0.86331	0.06376
729 G	0.07182	0.86482	0.06337
730 G	0.07071	0.86686	0.06243
731 A	0.07142	0.86645	0.06212
732 A	0.07264	0.86518	0.06219
733 C	0.07486	0.86236	0.06278
734 A	0.07768	0.85933	0.06299
735 A	0.08588	0.85027	0.06385
736 A	0.10158	0.83013	0.06829
737 T	0.10769	0.81782	0.0745
738 C	0.10973	0.80921	0.08106
739 A	0.11922	0.78718	0.0936
740 A	0.13162	0.75254	0.11584
741 A	0.16175	0.66470	0.17355
742 A	0.22122	0.52530	0.25348
743 A	0.27855	0.44029	0.28115
744 T	0.33685	0.29969	0.36346
745 A	0.35418	0.32138	0.32444
746 T	0.36295	0.31779	0.31927
747 A	0.30793	0.44680	0.24527
748 A	0.25529	0.54279	0.20193
749 A	0.24379	0.57950	0.17672
750 T	0.23813	0.61528	0.1466
751 A	0.20001	0.72148	0.07851
752 A	0.17345	0.75224	0.07431
753 T	0.14862	0.77776	0.07362
754 A	0.09228	0.83432	0.07339
755 A	0.06971	0.85631	0.07399
756 C	0.05200	0.87350	0.0745
757 C	0.04472	0.88064	0.07464
758 C	0.03942	0.88619	0.0744
759 C	0.03505	0.89118	0.07377
760 A	0.03328	0.89391	0.07281
761 A	0.03189	0.89571	0.0724
762 A	0.03190	0.89601	0.07209
763 G	0.03360	0.89441	0.07199
764 A	0.03921	0.88768	0.0731
765 A	0.05559	0.85734	0.08707
766 G	0.08196	0.81766	0.10038
767 A	0.12472	0.76690	0.10837
768 T	0.21896	0.65440	0.12663
769 A	0.25512	0.60374	0.14114
770 T	0.33321	0.46239	0.20439
771 T	0.36615	0.38212	0.25172
772 A	0.38196	0.36286	0.25519
773 A	0.40563	0.32933	0.26504
774 T	0.46767	0.23505	0.29729
775 A	0.47054	0.21208	0.31738
776 A	0.47019	0.18099	0.34881
777 T	0.47191	0.13748	0.39061
778 T	0.47023	0.15505	0.37472
779 T	0.45066	0.25124	0.2981
780 G	0.40797	0.32592	0.2661
781 A	0.38975	0.35948	0.25078
782 T	0.37371	0.38003	0.24626
783 T	0.35253	0.41542	0.23205
784 C	0.31173	0.47802	0.21026
785 A	0.25123	0.60586	0.14291
786 A	0.18967	0.68557	0.12476
787 A	0.16924	0.72308	0.10768
788 A	0.15012	0.75916	0.09072
789 A	0.13747	0.78358	0.07895
790 C	0.13040	0.80138	0.06822
791 A	0.12980	0.82813	0.04207
792 A	0.13145	0.82802	0.04053
793 A	0.13433	0.82569	0.03999
794 T	0.14229	0.81702	0.04069
795 T	0.15017	0.80708	0.04276
796 C	0.15136	0.80198	0.04666
797 A	0.14938	0.80364	0.04699
798 A	0.14840	0.80355	0.04805
799 G	0.15355	0.79589	0.05056
800 A	0.16205	0.78622	0.05173
801 A	0.19750	0.74832	0.05417
802 A	0.28316	0.63802	0.07881
803 T	0.33562	0.54390	0.12048
804 T	0.35050	0.51449	0.135
805 A	0.34531	0.51022	0.14447
806 A	0.34114	0.49840	0.16046
807 A	0.30895	0.49711	0.19393
808 A	0.28757	0.46858	0.24386
809 C	0.26388	0.43865	0.29747
810 A	0.26585	0.43728	0.29688
811 A	0.28085	0.42460	0.29454
812 A	0.28786	0.43080	0.28134
813 T	0.30014	0.42192	0.27794
814 T	0.31085	0.41420	0.27495
815 T	0.30458	0.42087	0.27455
816 A	0.29575	0.44311	0.26114
817 T	0.28983	0.45054	0.25963
818 T	0.27386	0.46985	0.25628
819 A	0.22903	0.51885	0.25212
820 T	0.20670	0.53450	0.2588
821 C	0.18441	0.55018	0.26541
822 A	0.15492	0.58303	0.26206
823 A	0.14220	0.59632	0.26148
824 C	0.13596	0.60132	0.26272
825 A	0.13185	0.60783	0.26032
826 G	0.13112	0.61119	0.25769
827 A	0.13679	0.60355	0.25967
828 T	0.14628	0.58543	0.26829
829 A	0.15082	0.57430	0.27487
830 A	0.15860	0.51327	0.32813
831 A	0.16752	0.43673	0.39576
832 T	0.18247	0.37464	0.44289
833 T	0.19511	0.34987	0.45502
834 G	0.19977	0.35601	0.44422
835 A	0.21281	0.39336	0.39383
836 T	0.22269	0.39531	0.382
837 T	0.21939	0.41749	0.36312
838 A	0.20411	0.46391	0.33197
839 A	0.20314	0.50060	0.29626
840 A	0.20417	0.52932	0.26651
841 A	0.20864	0.55917	0.23218
842 T	0.21746	0.53993	0.24261
843 T	0.21685	0.54905	0.23411
844 A	0.21208	0.60240	0.18553
845 T	0.20400	0.63332	0.16268
846 A	0.19247	0.64331	0.16422
847 G	0.18657	0.64453	0.1689
848 A	0.18384	0.64647	0.16969
849 T	0.18648	0.64176	0.17176
850 C	0.18528	0.64469	0.17004
851 A	0.18139	0.66779	0.15082
852 A	0.17915	0.68731	0.13354
853 A	0.17780	0.69684	0.12536
854 A	0.17175	0.71416	0.1141
855 G	0.17067	0.72312	0.10621
856 A	0.17767	0.72695	0.09538
857 A	0.19983	0.69833	0.10184
858 T	0.26608	0.62515	0.10876
859 G	0.28455	0.60386	0.11159
860 A	0.31165	0.57202	0.11634
861 A	0.34636	0.52439	0.12925
862 C	0.38965	0.47037	0.13998
863 A	0.42968	0.43301	0.13731
864 A	0.50516	0.36344	0.13141
865 T	0.55361	0.32496	0.12143
866 A	0.57671	0.32491	0.09839
867 T	0.61513	0.28607	0.0988
868 T	0.61705	0.27375	0.10919
869 T	0.57276	0.31034	0.1169
870 A	0.47085	0.41348	0.11567
871 C	0.44155	0.44184	0.11661
872 A	0.40431	0.49064	0.10505
873 A	0.38379	0.51397	0.10224
874 A	0.39055	0.50352	0.10592
875 T	0.40496	0.48542	0.10962
876 A	0.40682	0.48130	0.11188
877 G	0.41479	0.46376	0.12145
878 C	0.42211	0.45094	0.12695
879 T	0.43274	0.43883	0.12843
880 T	0.43452	0.43605	0.12944
881 G	0.43353	0.43637	0.13009
882 C	0.43420	0.43480	0.13099
883 G	0.43437	0.43495	0.13067
884 A	0.43750	0.43135	0.13116
885 T	0.44305	0.42447	0.13248
886 A	0.44867	0.41844	0.1329
887 A	0.45569	0.41013	0.13418
888 G	0.46835	0.38300	0.14865
889 A	0.49453	0.34223	0.16324
890 T	0.50551	0.29100	0.2035
891 T	0.51299	0.25584	0.23117
892 T	0.51993	0.20468	0.27539
893 T	0.52336	0.13622	0.34041
894 A	0.52033	0.12531	0.35435
895 T	0.52328	0.09852	0.3782
896 T	0.52354	0.09162	0.38483
897 T	0.51979	0.09781	0.38239
898 T	0.51244	0.11092	0.37664
899 T	0.49851	0.13518	0.3663
900 T	0.47713	0.17637	0.3465
901 A	0.42821	0.26561	0.30618
902 G	0.40353	0.36050	0.23597
903 T	0.38588	0.40058	0.21355
904 A	0.34128	0.50046	0.15826
905 A	0.31314	0.54684	0.14002
906 T	0.30370	0.56748	0.12882
907 C	0.28614	0.59935	0.11451
908 G	0.27255	0.62924	0.09822
909 A	0.26687	0.65138	0.08175
910 A	0.26483	0.65974	0.07543
911 A	0.26194	0.66618	0.07189
912 A	0.25984	0.67196	0.0682
913 A	0.25677	0.67843	0.0648
914 A	0.25795	0.67859	0.06345
915 A	0.26115	0.67687	0.06198
916 A	0.26720	0.67058	0.06222
917 A	0.27897	0.65340	0.06763
918 T	0.29767	0.62726	0.07507
919 T	0.31043	0.60908	0.08049
920 T	0.31849	0.59565	0.08586
921 A	0.31993	0.59162	0.08845
922 G	0.32847	0.57394	0.09759
923 A	0.34447	0.54645	0.10908
924 A	0.37473	0.47752	0.14775
925 A	0.43778	0.39104	0.17117
926 A	0.46960	0.33831	0.1921
927 T	0.54197	0.21816	0.23987
928 C	0.56393	0.16802	0.26805
929 T	0.57958	0.15057	0.26985
930 T	0.58265	0.15067	0.26669
931 T	0.57537	0.16463	0.26
932 T	0.56793	0.18047	0.2516
933 G	0.53976	0.22238	0.23786
934 A	0.52986	0.23825	0.2319
935 A	0.52391	0.24661	0.22948
936 T	0.52164	0.24958	0.22878
937 A	0.51369	0.25691	0.2294
938 A	0.51294	0.25681	0.23025
939 T	0.51389	0.25440	0.23171
940 A	0.51309	0.25481	0.23211
941 C	0.51474	0.25157	0.23369
942 T	0.51744	0.25156	0.231
943 A	0.51700	0.25891	0.22409
944 T	0.51843	0.26185	0.21973
945 T	0.51519	0.27376	0.21105
946 A	0.51134	0.28874	0.19992
947 A	0.50618	0.29839	0.19543
948 A	0.50454	0.30565	0.18981
949 T	0.50789	0.30975	0.18237
950 T	0.50920	0.31663	0.17417
951 A	0.51071	0.32255	0.16674
952 A	0.51879	0.31548	0.16574
953 T	0.53659	0.28507	0.17834
954 T	0.54872	0.25928	0.19199
955 T	0.55689	0.24145	0.20166
956 T	0.56418	0.21866	0.21717
957 A	0.56628	0.21275	0.22098
958 T	0.56899	0.20638	0.22463
959 G	0.57090	0.20416	0.22494
960 T	0.57137	0.20251	0.22612
961 G	0.56723	0.21020	0.22257
962 A	0.56560	0.21682	0.21758
963 T	0.55992	0.22345	0.21663
964 A	0.55125	0.23458	0.21417
965 A	0.54945	0.23690	0.21365
966 A	0.55550	0.22890	0.2156
967 A	0.56218	0.21952	0.21829
968 T	0.57324	0.20222	0.22454
969 A	0.58206	0.18922	0.22872
970 A	0.59111	0.17524	0.23364
971 A	0.60197	0.16027	0.23775
972 T	0.61652	0.14238	0.2411
973 T	0.62798	0.12807	0.24396
974 T	0.63925	0.11321	0.24754
975 T	0.64585	0.10490	0.24924
976 T	0.64896	0.10019	0.25084
977 C	0.65002	0.09699	0.253
978 C	0.65160	0.09445	0.25396
979 T	0.65608	0.08942	0.2545
980 C	0.66081	0.08411	0.25508
981 T	0.66747	0.07735	0.25518
982 T	0.67381	0.07109	0.25511
983 T	0.67912	0.06538	0.2555
984 T	0.68108	0.05957	0.25935
985 T	0.67563	0.06752	0.25685
986 G	0.65739	0.08056	0.26205
987 T	0.65544	0.07646	0.26809
988 A	0.65075	0.08120	0.26805
989 A	0.64632	0.08755	0.26613
990 T	0.64611	0.08896	0.26493
991 T	0.62314	0.12278	0.25408
992 T	0.60838	0.14795	0.24368
993 A	0.58193	0.20090	0.21717
994 T	0.56315	0.23965	0.1972
995 G	0.52661	0.31302	0.16037
996 G	0.49500	0.38053	0.12447
997 A	0.48784	0.41539	0.09678
998 A	0.48412	0.43180	0.08408
999 T	0.48219	0.44020	0.0776
1000 A	0.47987	0.45084	0.06929
1001 T	0.47857	0.45523	0.0662
1002 T	0.47721	0.45875	0.06404
1003 A	0.47562	0.46198	0.0624
1004 A	0.47538	0.46271	0.06192
1005 A	0.47562	0.46200	0.06238
1006 A	0.47606	0.45993	0.06401
1007 A	0.47769	0.45457	0.06775
1008 T	0.48488	0.43690	0.07821
1009 T	0.48912	0.41265	0.09822
1010 T	0.49213	0.40616	0.1017
1011 A	0.49510	0.39920	0.1057
1012 G	0.49914	0.38892	0.11193
1013 A	0.50306	0.37768	0.11926
1014 T	0.51752	0.32588	0.1566
1015 G	0.53020	0.29990	0.16989
1016 A	0.56108	0.24993	0.18899
1017 A	0.58687	0.21248	0.20064
1018 T	0.63114	0.13366	0.2352
1019 T	0.66559	0.06656	0.26785
1020 T	0.68873	0.03779	0.27349
1021 T	0.69570	0.02709	0.27721
1022 C	0.69975	0.02196	0.27829
1023 T	0.70525	0.01720	0.27755
1024 T	0.70719	0.01730	0.27551
1025 T	0.70799	0.02263	0.26938
1026 T	0.70603	0.03774	0.25622
1027 T	0.68583	0.10406	0.21012
1028 A	0.61010	0.29157	0.09833
1029 T	0.55748	0.36315	0.07937
1030 A	0.47484	0.45212	0.07304
1031 A	0.37607	0.55529	0.06864
1032 A	0.32213	0.61357	0.0643
1033 C	0.27631	0.66084	0.06284
1034 C	0.19035	0.75168	0.05797
1035 A	0.13091	0.83116	0.03793
1036 A	0.10837	0.85779	0.03383
1037 G	0.10060	0.86747	0.03193
1038 A	0.09693	0.87139	0.03168
1039 G	0.09574	0.87259	0.03167
1040 C	0.09616	0.87215	0.03169
1041 T	0.09503	0.87327	0.03169
1042 C	0.09385	0.87446	0.03169
1043 C	0.09301	0.87533	0.03167
1044 C	0.09136	0.87713	0.03151
1045 A	0.09040	0.87841	0.03119
1046 A	0.09067	0.87839	0.03095
1047 A	0.09199	0.87716	0.03085
1048 A	0.09802	0.87092	0.03107
1049 A	0.10881	0.85735	0.03384
1050 A	0.14740	0.79238	0.06021
1051 G	0.24644	0.61756	0.136
1052 A	0.26839	0.53968	0.19193
1053 A	0.27929	0.46385	0.25686
1054 A	0.28788	0.35675	0.35537
1055 T	0.29609	0.29771	0.4062
1056 A	0.29870	0.25348	0.44782
1057 A	0.30405	0.15726	0.53868
1058 C	0.32367	0.08201	0.59432
1059 T	0.33274	0.05952	0.60773
1060 T	0.33669	0.05277	0.61054
1061 T	0.33751	0.05027	0.61222
1062 A	0.33668	0.05214	0.61118
1063 T	0.33624	0.05465	0.60911
1064 C	0.33474	0.05905	0.60621
1065 T	0.33214	0.09797	0.56989
1066 A	0.32632	0.15790	0.51578
1067 T	0.31982	0.22518	0.45501
1068 A	0.30022	0.34441	0.35537
1069 T	0.28417	0.41171	0.30412
1070 T	0.21833	0.54756	0.23412
1071 G	0.12487	0.73896	0.13617
1072 A	0.09807	0.79925	0.10268
1073 A	0.07775	0.83572	0.08653
1074 A	0.06924	0.85152	0.07924
1075 A	0.06679	0.85697	0.07625
1076 C	0.07105	0.85378	0.07517
1077 A	0.07254	0.85301	0.07445
1078 A	0.07565	0.84983	0.07453
1079 T	0.08297	0.84216	0.07487
1080 T	0.08535	0.83949	0.07516
1081 C	0.08558	0.83914	0.07528
1082 C	0.08696	0.83752	0.07553
1083 T	0.08737	0.83707	0.07556
1084 G	0.08464	0.83984	0.07553
1085 A	0.08331	0.84117	0.07552
1086 A	0.08674	0.83780	0.07546
1087 G	0.09535	0.82818	0.07647
1088 A	0.13072	0.78847	0.08082
1089 A	0.18700	0.72282	0.09018
1090 A	0.24765	0.64652	0.10582
1091 T	0.35662	0.50357	0.13981
1092 A	0.40179	0.44185	0.15635
1093 G	0.46099	0.32633	0.21268
1094 A	0.53614	0.19464	0.26921
1095 A	0.55008	0.17135	0.27857
1096 T	0.55818	0.16416	0.27766
1097 T	0.54122	0.22000	0.23878
1098 T	0.52068	0.27266	0.20667
1099 A	0.48871	0.32992	0.18137
1100 A	0.43551	0.40462	0.15987
1101 T	0.40353	0.44230	0.15417
1102 T	0.35184	0.50499	0.14317
1103 T	0.27437	0.59539	0.13024
1104 G	0.20558	0.67035	0.12406
1105 A	0.15437	0.72941	0.11622
1106 A	0.10924	0.77802	0.11274
1107 A	0.09178	0.79964	0.10858
1108 G	0.07810	0.81870	0.10319
1109 A	0.07086	0.82907	0.10006
1110 A	0.06656	0.83762	0.09582
1111 A	0.06475	0.84198	0.09327
1112 A	0.06418	0.84625	0.08958
1113 A	0.06367	0.84971	0.08662
1114 A	0.06364	0.85187	0.08449
1115 A	0.06583	0.84917	0.085
1116 A	0.07176	0.84129	0.08696
1117 A	0.08887	0.82098	0.09014
1118 G	0.11291	0.77464	0.11245
1119 A	0.14473	0.72844	0.12683
1120 T	0.19759	0.64117	0.16124
1121 T	0.22726	0.57890	0.19384
1122 A	0.24524	0.52793	0.22683
1123 T	0.26819	0.43182	0.3
1124 T	0.27622	0.37259	0.35119
1125 T	0.28388	0.31382	0.4023
1126 T	0.28927	0.25075	0.45997
1127 T	0.29112	0.21056	0.49832
1128 A	0.29105	0.18961	0.51934
1129 G	0.29116	0.16881	0.54003
1130 A	0.29418	0.17722	0.5286
1131 T	0.30046	0.18856	0.51098
1132 A	0.29978	0.29488	0.40534
1133 A	0.30167	0.37140	0.32693
1134 A	0.30386	0.44690	0.24924
1135 A	0.30434	0.52963	0.16603
1136 A	0.30223	0.57180	0.12597
1137 A	0.29899	0.58186	0.11915
1138 A	0.30107	0.58241	0.11652
1139 A	0.30793	0.57684	0.11523
1140 T	0.31800	0.56829	0.11371
1141 C	0.32013	0.56989	0.10997
1142 T	0.32305	0.57269	0.10426
1143 T	0.32239	0.57543	0.10217
1144 T	0.32194	0.57738	0.10067
1145 T	0.32050	0.58009	0.09941
1146 T	0.31753	0.58318	0.09929
1147 C	0.31294	0.58728	0.09977
1148 A	0.31117	0.58882	0.10001
1149 T	0.31318	0.58603	0.1008
1150 C	0.31484	0.58370	0.10146
1151 G	0.32054	0.57767	0.10179
1152 C	0.33485	0.56309	0.10206
1153 C	0.35847	0.53925	0.10228
1154 A	0.39022	0.50779	0.102
1155 A	0.49992	0.39822	0.10186
1156 A	0.58314	0.31462	0.10224
1157 A	0.65728	0.24023	0.10249
1158 T	0.74073	0.15259	0.10669
1159 A	0.77481	0.10843	0.11676
1160 T	0.78627	0.08213	0.13161
1161 T	0.79035	0.06957	0.14008
1162 A	0.79258	0.06562	0.14179
1163 A	0.79517	0.06053	0.1443
1164 T	0.80228	0.04888	0.14884
1165 G	0.80682	0.04069	0.15249
1166 T	0.80983	0.03241	0.15775
1167 T	0.80939	0.03139	0.15921
1168 T	0.80600	0.03382	0.16018
1169 T	0.79744	0.04212	0.16044
1170 C	0.77929	0.05701	0.1637
1171 G	0.76307	0.07397	0.16296
1172 T	0.75157	0.09007	0.15836
1173 T	0.71977	0.13245	0.14777
1174 C	0.61503	0.25549	0.12949
1175 A	0.50539	0.38542	0.10919
1176 A	0.44163	0.45015	0.10822
1177 G	0.39502	0.49768	0.1073
1178 A	0.38007	0.51364	0.10629
1179 A	0.37780	0.51616	0.10604
1180 C	0.37781	0.51485	0.10734
1181 T	0.37816	0.51439	0.10745
1182 T	0.37542	0.51693	0.10766
1183 T	0.36990	0.52282	0.10728
1184 T	0.35386	0.53954	0.10661
1185 A	0.32245	0.57315	0.10441
1186 G	0.30950	0.58640	0.1041
1187 A	0.29796	0.59855	0.10349
1188 G	0.29166	0.60398	0.10437
1189 A	0.28877	0.60767	0.10357
1190 A	0.28711	0.60796	0.10494
1191 A	0.28586	0.60658	0.10756
1192 A	0.28572	0.59992	0.11436
1193 A	0.28691	0.58324	0.12986
1194 A	0.28862	0.56289	0.1485
1195 A	0.29479	0.53626	0.16895
1196 A	0.30607	0.48596	0.20797
1197 T	0.32494	0.36721	0.30785
1198 T	0.33877	0.26437	0.39686
1199 A	0.33874	0.22075	0.44052
1200 T	0.33919	0.18456	0.47625
1201 T	0.33861	0.17851	0.48289
1202 T	0.33641	0.18438	0.47921
1203 T	0.33066	0.19679	0.47255
1204 A	0.32101	0.20672	0.47227
1205 A	0.31764	0.20606	0.4763
1206 A	0.31617	0.20661	0.47722
1207 G	0.31670	0.18643	0.49687
1208 C	0.31904	0.15548	0.52548
1209 T	0.32083	0.14663	0.53255
1210 T	0.32112	0.14109	0.53779
1211 C	0.32084	0.14397	0.5352
1212 G	0.32135	0.16061	0.51804
1213 G	0.32221	0.18058	0.49722
1214 A	0.32360	0.20511	0.47129
1215 A	0.32563	0.21751	0.45687
1216 A	0.32905	0.24206	0.4289
1217 T	0.33494	0.24594	0.41911
1218 G	0.33838	0.25471	0.40691
1219 A	0.34414	0.26397	0.39188
1220 T	0.35438	0.26342	0.3822
1221 T	0.35987	0.26815	0.37199
1222 T	0.36236	0.28206	0.35558
1223 T	0.35986	0.30694	0.3332
1224 A	0.34186	0.38438	0.27376
1225 A	0.33352	0.40754	0.25893
1226 A	0.32958	0.43858	0.23185
1227 A	0.32833	0.48699	0.18467
1228 A	0.32987	0.49974	0.17038
1229 C	0.33714	0.49771	0.16515
1230 T	0.33898	0.50323	0.15779
1231 A	0.33872	0.50979	0.15149
1232 A	0.33924	0.51134	0.14942
1233 T	0.34364	0.50713	0.14923
1234 C	0.34585	0.50519	0.14896
1235 A	0.35578	0.49673	0.14749
1236 A	0.37460	0.48022	0.14518
1237 G	0.40003	0.45518	0.1448
1238 A	0.41542	0.44047	0.14411
1239 T	0.44537	0.41067	0.14395
1240 A	0.45632	0.40037	0.14332
1241 T	0.47316	0.38281	0.14403
1242 A	0.48585	0.37028	0.14387
1243 T	0.49783	0.35680	0.14537
1244 T	0.50595	0.34650	0.14756
1245 A	0.51320	0.33675	0.15004
1246 A	0.52807	0.31596	0.15597
1247 G	0.57598	0.24961	0.17441
1248 A	0.59601	0.21954	0.18444
1249 C	0.63741	0.16839	0.1942
1250 T	0.71162	0.09144	0.19694
1251 T	0.73333	0.06862	0.19804
1252 A	0.74026	0.06161	0.19813
1253 T	0.74880	0.05246	0.19875
1254 T	0.75376	0.04682	0.19942
1255 T	0.75548	0.04191	0.20261
1256 T	0.75635	0.04027	0.20338
1257 T	0.75693	0.03822	0.20485
1258 A	0.75743	0.03622	0.20635
1259 T	0.75966	0.03370	0.20664
1260 T	0.75892	0.03478	0.2063
1261 T	0.75820	0.03803	0.20376
1262 A	0.75599	0.04274	0.20127
1263 T	0.75596	0.04399	0.20006
1264 A	0.75340	0.05091	0.19569
1265 T	0.75303	0.05260	0.19436
1266 T	0.74311	0.06673	0.19016
1267 T	0.71845	0.09178	0.18977
1268 A	0.67853	0.13175	0.18973
1269 T	0.60112	0.21012	0.18875
1270 G	0.46232	0.35274	0.18495
1271 C	0.41979	0.39976	0.18045
1272 T	0.38661	0.45066	0.16273
1273 A	0.33449	0.50503	0.16048
1274 A	0.31189	0.52848	0.15963
1275 A	0.30151	0.53917	0.15932
1276 T	0.29660	0.54420	0.15921
1277 C	0.29038	0.55015	0.15947
1278 T	0.29031	0.55042	0.15928
1279 G	0.28695	0.55363	0.15942
1280 A	0.28565	0.55489	0.15946
1281 T	0.28581	0.55429	0.1599
1282 T	0.28257	0.55753	0.1599
1283 C	0.26627	0.57243	0.16129
1284 A	0.25361	0.58535	0.16105
1285 A	0.24582	0.59266	0.16152
1286 A	0.24135	0.59714	0.16151
1287 T	0.24000	0.59678	0.16321
1288 A	0.22123	0.61846	0.16031
1289 A	0.21512	0.61642	0.16847
1290 A	0.21121	0.59579	0.193
1291 A	0.21120	0.55396	0.23484
1292 A	0.21302	0.46135	0.32563
1293 T	0.21806	0.31820	0.46374
1294 A	0.22222	0.28043	0.49734
1295 T	0.23839	0.23239	0.52921
1296 T	0.23923	0.19139	0.56939
1297 T	0.23758	0.17202	0.5904
1298 A	0.23274	0.17065	0.5966
1299 T	0.22848	0.17104	0.60048
1300 C	0.22106	0.17979	0.59914
1301 A	0.21241	0.22292	0.56468
1302 A	0.20878	0.29986	0.49136
1303 A	0.20662	0.32344	0.46994
1304 T	0.20481	0.34605	0.44914
1305 T	0.19828	0.40766	0.39406
1306 A	0.17979	0.50267	0.31755
1307 A	0.16874	0.56505	0.26621
1308 G	0.16680	0.57928	0.25392
1309 A	0.16706	0.60579	0.22715
1310 A	0.16848	0.61535	0.21616
1311 A	0.17305	0.59853	0.22842
1312 T	0.17798	0.59083	0.23118
1313 T	0.17963	0.59155	0.22882
1314 A	0.17765	0.61007	0.21228
1315 A	0.17668	0.64325	0.18007
1316 A	0.17761	0.65801	0.16437
1317 T	0.18084	0.65936	0.1598
1318 A	0.18206	0.66301	0.15493
1319 T	0.18372	0.66200	0.15429
1320 A	0.18458	0.66255	0.15288
1321 A	0.18768	0.65684	0.15549
1322 A	0.19180	0.64957	0.15862
1323 A	0.20271	0.63180	0.16549
1324 G	0.24003	0.58565	0.17432
1325 T	0.32192	0.49975	0.17833
1326 A	0.34773	0.47159	0.18069
1327 A	0.37741	0.43875	0.18383
1328 A	0.43801	0.37123	0.19076
1329 T	0.54287	0.24920	0.20792
