# lcl|CP097583.1_cds_USQ93445.1_1
# AA	inside	membr	outside
1 A	0.47096	0.00000	0.52904
2 T	0.46317	0.00779	0.52904
3 G	0.45819	0.01277	0.52904
4 G	0.45819	0.02748	0.51433
5 A	0.41196	0.10050	0.48754
6 A	0.41196	0.10128	0.48676
7 G	0.33308	0.18041	0.48651
8 G	0.33308	0.18042	0.4865
9 T	0.32520	0.18860	0.48619
10 C	0.32517	0.21750	0.45733
11 A	0.32111	0.22500	0.45389
12 A	0.27987	0.26787	0.45226
13 T	0.24165	0.31403	0.44433
14 T	0.24163	0.31404	0.44432
15 A	0.24163	0.37443	0.38393
16 A	0.23931	0.37676	0.38393
17 T	0.23547	0.38115	0.38339
18 T	0.23520	0.38371	0.38108
19 C	0.21549	0.40583	0.37869
20 A	0.13208	0.58083	0.28708
21 A	0.05261	0.66065	0.28674
22 A	0.05092	0.66723	0.28185
23 A	0.05130	0.66854	0.28016
24 A	0.05626	0.66410	0.27965
25 T	0.06542	0.63866	0.29592
26 T	0.06649	0.63036	0.30315
27 A	0.07002	0.62006	0.30993
28 G	0.07915	0.57600	0.34485
29 A	0.07738	0.57902	0.34359
30 A	0.07720	0.52508	0.39772
31 A	0.07452	0.53589	0.38959
32 A	0.07380	0.53403	0.39217
33 T	0.09479	0.51079	0.39442
34 G	0.08973	0.51550	0.39477
35 A	0.08881	0.48956	0.42163
36 G	0.08995	0.46194	0.44811
37 G	0.08719	0.46882	0.44399
38 A	0.14088	0.41955	0.43957
39 A	0.14079	0.44449	0.41472
40 G	0.15033	0.42453	0.42514
41 A	0.15777	0.41265	0.42958
42 T	0.16831	0.38507	0.44662
43 A	0.23701	0.25474	0.50825
44 T	0.23952	0.19768	0.56281
45 T	0.24335	0.20311	0.55353
46 T	0.24351	0.21639	0.54011
47 A	0.23503	0.24422	0.52075
48 T	0.22668	0.26457	0.50874
49 A	0.15578	0.36079	0.48342
50 A	0.13199	0.39013	0.47788
51 A	0.12554	0.39702	0.47744
52 G	0.12722	0.39740	0.47538
53 A	0.12970	0.40194	0.46836
54 A	0.14243	0.38563	0.47194
55 T	0.15500	0.37108	0.47392
56 T	0.15958	0.36631	0.47411
57 A	0.14982	0.37901	0.47117
58 A	0.14899	0.37964	0.47137
59 T	0.15354	0.36959	0.47687
60 G	0.15072	0.36680	0.48248
61 G	0.15509	0.36104	0.48388
62 T	0.18348	0.32939	0.48713
63 T	0.18484	0.32788	0.48729
64 C	0.18448	0.32879	0.48673
65 A	0.18661	0.32827	0.48511
66 A	0.18123	0.33543	0.48334
67 A	0.18447	0.33322	0.48231
68 T	0.19395	0.32434	0.48171
69 T	0.20689	0.31273	0.48038
70 A	0.21170	0.29846	0.48984
71 A	0.21631	0.28247	0.50121
72 T	0.23623	0.19573	0.56804
73 T	0.23266	0.17749	0.58986
74 C	0.22174	0.17961	0.59865
75 G	0.22050	0.17997	0.59953
76 T	0.22726	0.17329	0.59944
77 A	0.22665	0.17395	0.59939
78 T	0.22712	0.17293	0.59995
79 A	0.22650	0.17298	0.60051
80 T	0.23290	0.15066	0.61645
81 T	0.23097	0.14879	0.62024
82 A	0.22058	0.15888	0.62054
83 C	0.21498	0.15685	0.62817
84 T	0.20759	0.16938	0.62302
85 G	0.20009	0.18089	0.61902
86 A	0.19136	0.21171	0.59694
87 T	0.18932	0.21994	0.59073
88 A	0.18287	0.23852	0.57862
89 A	0.18203	0.23565	0.58232
90 A	0.18176	0.23247	0.58578
91 G	0.18223	0.23348	0.58428
92 A	0.18203	0.24761	0.57037
93 T	0.18349	0.25870	0.55781
94 A	0.18390	0.32338	0.49272
95 T	0.18479	0.34004	0.47517
96 T	0.18476	0.35169	0.46355
97 T	0.18387	0.38205	0.43407
98 T	0.18256	0.40471	0.41273
99 A	0.17454	0.43581	0.38965
100 A	0.16994	0.45317	0.37688
101 A	0.16653	0.47033	0.36314
102 G	0.16414	0.47625	0.3596
103 A	0.16346	0.48178	0.35476
104 A	0.16543	0.48205	0.35252
105 A	0.16836	0.47164	0.36
106 A	0.17251	0.46176	0.36573
107 T	0.18112	0.44467	0.3742
108 A	0.18554	0.43338	0.38107
109 C	0.20085	0.41055	0.3886
110 A	0.20753	0.40923	0.38324
111 T	0.22216	0.39715	0.38069
112 A	0.22843	0.39055	0.38102
113 A	0.23686	0.38096	0.38218
114 A	0.24972	0.36716	0.38313
115 G	0.27255	0.34028	0.38718
116 C	0.31137	0.30032	0.3883
117 T	0.40985	0.20334	0.3868
118 T	0.44351	0.17440	0.3821
119 A	0.46139	0.15982	0.37879
120 T	0.49329	0.12961	0.37711
121 T	0.50577	0.11962	0.37461
122 T	0.50925	0.11246	0.37828
123 A	0.49274	0.13027	0.37699
124 T	0.49976	0.12061	0.37963
125 T	0.49092	0.12904	0.38004
126 A	0.47906	0.14012	0.38083
127 G	0.47044	0.14786	0.3817
128 C	0.46048	0.15734	0.38218
129 T	0.45206	0.16578	0.38217
130 C	0.44282	0.17517	0.38202
131 A	0.41834	0.20083	0.38083
132 A	0.39606	0.22372	0.38022
133 C	0.38960	0.23064	0.37977
134 T	0.37873	0.24316	0.37811
135 T	0.35116	0.27107	0.37777
136 A	0.26674	0.35700	0.37627
137 A	0.20610	0.41832	0.37559
138 A	0.15914	0.46565	0.3752
139 C	0.14583	0.47826	0.37591
140 A	0.13285	0.49234	0.37481
141 T	0.13099	0.49633	0.37268
142 A	0.12152	0.50941	0.36907
143 A	0.11292	0.52131	0.36576
144 A	0.09617	0.53823	0.3656
145 A	0.08248	0.54292	0.3746
146 A	0.07056	0.52905	0.40039
147 A	0.05925	0.52827	0.41248
148 C	0.05054	0.52415	0.42531
149 A	0.04171	0.54499	0.4133
150 A	0.03554	0.55760	0.40686
151 A	0.03103	0.56428	0.40469
152 A	0.02760	0.56563	0.40677
153 A	0.02581	0.56240	0.41179
154 A	0.02549	0.53290	0.44161
155 G	0.02539	0.50051	0.4741
156 A	0.02527	0.48168	0.49305
157 G	0.02598	0.45564	0.51837
158 A	0.02605	0.42775	0.5462
159 A	0.02705	0.35575	0.6172
160 A	0.02748	0.29685	0.67566
161 C	0.02795	0.24228	0.72977
162 A	0.02845	0.23121	0.74034
163 G	0.02967	0.21776	0.75258
164 G	0.03179	0.21025	0.75795
165 A	0.03527	0.20008	0.76465
166 G	0.03866	0.18922	0.77211
167 A	0.04045	0.16691	0.79264
168 A	0.04318	0.14529	0.81154
169 G	0.04747	0.12166	0.83087
170 A	0.05428	0.10119	0.84453
171 T	0.06740	0.07537	0.85724
172 T	0.08466	0.04970	0.86564
173 T	0.09281	0.03716	0.87002
174 T	0.09654	0.03197	0.87149
175 A	0.09774	0.03232	0.86994
176 T	0.09892	0.03039	0.87069
177 T	0.09969	0.02872	0.87159
178 A	0.10018	0.02823	0.87159
179 T	0.10191	0.02622	0.87187
180 T	0.10217	0.02565	0.87217
181 C	0.10212	0.02550	0.87238
182 A	0.10125	0.02643	0.87232
183 T	0.10089	0.02673	0.87239
184 C	0.09980	0.02778	0.87243
185 C	0.10004	0.02760	0.87236
186 T	0.10167	0.02603	0.8723
187 A	0.10289	0.02489	0.87221
188 T	0.10439	0.02345	0.87215
189 T	0.10489	0.02308	0.87203
190 C	0.10505	0.02308	0.87187
191 G	0.10558	0.02273	0.8717
192 T	0.10602	0.02251	0.87148
193 G	0.10598	0.02258	0.87144
194 T	0.10673	0.02187	0.87141
195 T	0.10733	0.02127	0.8714
196 A	0.10755	0.02100	0.87144
197 C	0.10869	0.01973	0.87158
198 T	0.11095	0.01756	0.87149
199 C	0.10991	0.01888	0.87121
200 A	0.10966	0.02009	0.87025
201 A	0.10999	0.02107	0.86894
202 A	0.11025	0.02218	0.86756
203 T	0.11041	0.02300	0.86659
204 T	0.11055	0.02400	0.86545
205 T	0.11057	0.02296	0.86647
206 T	0.11028	0.02248	0.86724
207 A	0.10930	0.02273	0.86797
208 G	0.10835	0.02354	0.8681
209 C	0.10703	0.02490	0.86807
210 A	0.10259	0.03137	0.86603
211 G	0.10199	0.03373	0.86428
212 A	0.10176	0.03490	0.86334
213 T	0.10162	0.03520	0.86319
214 T	0.10117	0.03597	0.86286
215 T	0.10036	0.03660	0.86305
216 A	0.09444	0.04283	0.86274
217 A	0.09090	0.04640	0.8627
218 A	0.08916	0.04769	0.86314
219 A	0.08779	0.04800	0.8642
220 A	0.08732	0.04740	0.86528
221 G	0.08718	0.04595	0.86687
222 C	0.08738	0.04429	0.86833
223 G	0.08812	0.04332	0.86856
224 A	0.08928	0.04215	0.86857
225 A	0.09051	0.04083	0.86866
226 C	0.09195	0.03922	0.86883
227 C	0.09342	0.03770	0.86888
228 T	0.09397	0.03706	0.86897
229 A	0.09412	0.03671	0.86918
230 A	0.09484	0.03548	0.86968
231 T	0.09584	0.03392	0.87024
232 A	0.09630	0.03212	0.87158
233 C	0.09815	0.02477	0.87708
234 T	0.10028	0.02180	0.87793
235 T	0.10107	0.02056	0.87837
236 T	0.10055	0.02076	0.87869
237 G	0.09906	0.02198	0.87896
238 A	0.09845	0.02203	0.87952
239 T	0.09847	0.01577	0.88576
240 G	0.09773	0.01291	0.88936
241 G	0.09724	0.01163	0.89113
242 C	0.09694	0.01075	0.89231
243 A	0.09677	0.01073	0.8925
244 G	0.09673	0.01067	0.8926
245 G	0.09663	0.01090	0.89247
246 A	0.09673	0.01130	0.89197
247 T	0.09688	0.01220	0.89092
248 T	0.09689	0.01278	0.89034
249 A	0.09676	0.01296	0.89028
250 T	0.09675	0.01291	0.89035
251 T	0.09671	0.01291	0.89038
252 A	0.09650	0.01314	0.89036
253 C	0.09634	0.01360	0.89007
254 A	0.09626	0.01409	0.88964
255 T	0.09604	0.01437	0.88959
256 G	0.09562	0.01486	0.88952
257 A	0.09528	0.01525	0.88947
258 T	0.09525	0.01527	0.88947
259 G	0.09529	0.01432	0.89039
260 T	0.09544	0.01258	0.89198
261 T	0.09536	0.01185	0.8928
262 T	0.09517	0.01153	0.89329
263 T	0.09488	0.01133	0.89379
264 A	0.09333	0.01282	0.89386
265 G	0.09182	0.01415	0.89402
266 A	0.09131	0.01459	0.8941
267 A	0.09102	0.01487	0.89412
268 G	0.09101	0.01465	0.89433
269 A	0.09152	0.01414	0.89434
270 T	0.09259	0.01300	0.89441
271 A	0.09306	0.01243	0.89452
272 C	0.09320	0.01208	0.89472
273 T	0.09335	0.01197	0.89468
274 G	0.09344	0.01199	0.89457
275 A	0.09360	0.01206	0.89434
276 T	0.09412	0.01151	0.89437
277 T	0.09442	0.01117	0.89441
278 T	0.09445	0.01087	0.89468
279 A	0.09439	0.01054	0.89508
280 A	0.09447	0.00997	0.89556
281 C	0.09462	0.00945	0.89592
282 T	0.09489	0.00904	0.89608
283 T	0.09511	0.00869	0.89621
284 T	0.09526	0.00840	0.89635
285 T	0.09402	0.00947	0.89651
286 G	0.09126	0.01216	0.89657
287 A	0.08992	0.01215	0.89792
288 T	0.08948	0.01125	0.89928
289 G	0.08846	0.01193	0.89961
290 A	0.08698	0.01388	0.89914
291 A	0.08591	0.01548	0.89861
292 T	0.08538	0.01707	0.89756
293 T	0.08459	0.01897	0.89644
294 G	0.08301	0.02209	0.8949
295 A	0.08197	0.02334	0.8947
296 A	0.08133	0.02406	0.89461
297 A	0.08129	0.02412	0.89459
298 T	0.08146	0.02382	0.89471
299 C	0.08137	0.02379	0.89484
300 G	0.08114	0.02397	0.89489
301 T	0.08096	0.02414	0.89489
302 C	0.08079	0.02428	0.89493
303 T	0.08015	0.02500	0.89485
304 A	0.07857	0.02669	0.89475
305 T	0.07681	0.02838	0.8948
306 A	0.07268	0.03251	0.89481
307 G	0.07095	0.03408	0.89497
308 G	0.07033	0.03308	0.89659
309 T	0.07008	0.03058	0.89934
310 G	0.06948	0.02988	0.90064
311 A	0.06925	0.02957	0.90118
312 A	0.06937	0.02847	0.90216
313 G	0.07023	0.02580	0.90396
314 A	0.07115	0.02353	0.90532
315 C	0.07251	0.02141	0.90607
316 A	0.07365	0.01974	0.90662
317 T	0.07511	0.01701	0.90787
318 T	0.07530	0.01587	0.90884
319 G	0.07536	0.01514	0.90951
320 C	0.07545	0.01496	0.90959
321 T	0.07549	0.01510	0.90941
322 T	0.07542	0.01592	0.90867
323 A	0.07502	0.01762	0.90735
324 T	0.07399	0.01894	0.90708
325 A	0.07247	0.02087	0.90665
326 T	0.07147	0.02145	0.90708
327 A	0.06793	0.02412	0.90795
328 G	0.06692	0.02323	0.90984
329 T	0.06649	0.02021	0.9133
330 T	0.06489	0.02210	0.91301
331 G	0.06085	0.03059	0.90855
332 A	0.05710	0.04422	0.89868
333 A	0.04633	0.06632	0.88736
334 A	0.04095	0.07266	0.8864
335 G	0.03843	0.07563	0.88594
336 A	0.03652	0.07844	0.88504
337 A	0.03550	0.07949	0.88501
338 C	0.03527	0.07971	0.88503
339 A	0.03500	0.08003	0.88496
340 A	0.03493	0.08013	0.88495
341 C	0.03499	0.08005	0.88496
342 T	0.03508	0.07999	0.88493
343 A	0.03504	0.08014	0.88482
344 A	0.03538	0.07975	0.88486
345 A	0.03629	0.07870	0.88501
346 T	0.03775	0.07683	0.88542
347 T	0.03837	0.07473	0.8869
348 A	0.03877	0.07271	0.88852
349 A	0.03921	0.07077	0.89002
350 C	0.03999	0.06598	0.89403
351 T	0.04080	0.06423	0.89497
352 A	0.04169	0.06301	0.8953
353 A	0.04380	0.05996	0.89624
354 A	0.04817	0.05302	0.89881
355 A	0.05769	0.04054	0.90177
356 T	0.06906	0.01724	0.9137
357 T	0.07054	0.01030	0.91915
358 G	0.07106	0.00801	0.92093
359 T	0.07180	0.00802	0.92019
360 T	0.07171	0.01046	0.91782
361 T	0.07139	0.01250	0.91611
362 T	0.07010	0.01511	0.91478
363 T	0.06892	0.01666	0.91442
364 A	0.06548	0.02094	0.91359
365 A	0.06249	0.02523	0.91228
366 T	0.05971	0.02800	0.91229
367 C	0.05075	0.03715	0.91209
368 A	0.04629	0.04225	0.91146
369 A	0.04549	0.04310	0.91142
370 C	0.04486	0.04381	0.91133
371 G	0.04427	0.04467	0.91106
372 T	0.04416	0.04505	0.91079
373 C	0.04362	0.04613	0.91025
374 A	0.04140	0.05063	0.90797
375 A	0.03941	0.05356	0.90702
376 A	0.03790	0.05558	0.90652
377 G	0.03502	0.05875	0.90624
378 A	0.03281	0.06173	0.90546
379 C	0.03238	0.06236	0.90527
380 A	0.03242	0.06365	0.90393
381 A	0.03314	0.06364	0.90321
382 A	0.03518	0.06174	0.90308
383 T	0.03816	0.05856	0.90328
384 T	0.03901	0.05742	0.90357
385 G	0.03861	0.05596	0.90544
386 A	0.03796	0.05515	0.90688
387 G	0.03794	0.05134	0.91071
388 A	0.03858	0.04812	0.9133
389 A	0.03856	0.04542	0.91602
390 T	0.03888	0.03777	0.92335
391 C	0.03913	0.03395	0.92692
392 A	0.03910	0.03366	0.92724
393 A	0.03884	0.03362	0.92755
394 C	0.03898	0.03317	0.92785
395 A	0.03915	0.03317	0.92767
396 A	0.03973	0.03265	0.92762
397 A	0.04189	0.02879	0.92932
398 A	0.04304	0.02595	0.93101
399 A	0.04387	0.02385	0.93228
400 A	0.04466	0.01880	0.93653
401 T	0.04577	0.01440	0.93983
402 G	0.04622	0.01246	0.94133
403 T	0.04755	0.01036	0.94209
404 T	0.04823	0.00923	0.94254
405 T	0.04838	0.00863	0.943
406 T	0.04838	0.00818	0.94344
407 T	0.04834	0.00775	0.94392
408 A	0.04824	0.00710	0.94466
409 G	0.04827	0.00631	0.94542
410 C	0.04824	0.00584	0.94593
411 T	0.04830	0.00583	0.94587
412 A	0.04828	0.00574	0.94598
413 T	0.04830	0.00561	0.94609
414 G	0.04830	0.00550	0.94621
415 G	0.04837	0.00534	0.94629
416 C	0.04857	0.00471	0.94673
417 T	0.04890	0.00430	0.9468
418 A	0.04913	0.00407	0.9468
419 A	0.04941	0.00376	0.94683
420 T	0.04968	0.00348	0.94684
421 G	0.04974	0.00344	0.94683
422 A	0.04995	0.00323	0.94682
423 T	0.05028	0.00284	0.94688
424 A	0.05039	0.00269	0.94691
425 T	0.05058	0.00240	0.94701
426 T	0.05075	0.00214	0.94711
427 C	0.05089	0.00193	0.94717
428 G	0.05103	0.00176	0.9472
429 T	0.05116	0.00161	0.94723
430 G	0.05122	0.00153	0.94725
431 T	0.05139	0.00134	0.94727
432 T	0.05153	0.00119	0.94729
433 G	0.05160	0.00108	0.94733
434 T	0.05176	0.00090	0.94734
435 T	0.05179	0.00089	0.94732
436 C	0.05179	0.00092	0.94729
437 T	0.05182	0.00100	0.94719
438 T	0.05184	0.00115	0.947
439 G	0.05183	0.00140	0.94677
440 T	0.05184	0.00155	0.94661
441 T	0.05168	0.00176	0.94656
442 A	0.05129	0.00226	0.94645
443 A	0.05088	0.00272	0.9464
444 A	0.05060	0.00305	0.94634
445 C	0.05051	0.00314	0.94635
446 T	0.05041	0.00325	0.94634
447 T	0.05030	0.00339	0.94632
448 T	0.05010	0.00364	0.94626
449 C	0.04979	0.00397	0.94624
450 T	0.04930	0.00457	0.94613
451 G	0.04868	0.00530	0.94602
452 A	0.04766	0.00640	0.94595
453 C	0.04725	0.00681	0.94594
454 A	0.04710	0.00697	0.94592
455 G	0.04704	0.00704	0.94592
456 A	0.04694	0.00715	0.94592
457 C	0.04693	0.00715	0.94593
458 T	0.04705	0.00704	0.94591
459 T	0.04689	0.00720	0.94591
460 C	0.04647	0.00764	0.94589
461 A	0.04612	0.00811	0.94577
462 T	0.04568	0.00866	0.94566
463 A	0.04517	0.00920	0.94563
464 A	0.04472	0.00953	0.94575
465 T	0.04446	0.00944	0.9461
466 A	0.04365	0.00982	0.94654
467 T	0.04295	0.01016	0.94689
468 G	0.04220	0.01073	0.94707
469 C	0.04196	0.01070	0.94735
470 A	0.04183	0.01074	0.94744
471 A	0.04184	0.01060	0.94756
472 A	0.04186	0.01038	0.94776
473 C	0.04198	0.00982	0.94821
474 T	0.04207	0.00940	0.94853
475 T	0.04205	0.00856	0.94939
476 T	0.04189	0.00863	0.94949
477 G	0.04136	0.00979	0.94886
478 A	0.04060	0.01225	0.94715
479 A	0.03954	0.01490	0.94557
480 A	0.03893	0.01611	0.94496
481 A	0.03868	0.01652	0.9448
482 T	0.03850	0.01656	0.94494
483 A	0.03828	0.01656	0.94517
484 A	0.03823	0.01630	0.94547
485 T	0.03822	0.01580	0.94598
486 G	0.03808	0.01542	0.94651
487 A	0.03805	0.01494	0.947
488 G	0.03791	0.01451	0.94758
489 A	0.03784	0.01378	0.94837
490 C	0.03787	0.01296	0.94917
491 C	0.03794	0.01252	0.94954
492 T	0.03797	0.01242	0.94961
493 G	0.03799	0.01242	0.9496
494 T	0.03801	0.01251	0.94947
495 C	0.03789	0.01288	0.94923
496 A	0.03772	0.01399	0.94829
497 A	0.03749	0.01511	0.9474
498 A	0.03751	0.01624	0.94625
499 A	0.03773	0.01700	0.94527
500 G	0.03853	0.01624	0.94522
501 A	0.04035	0.01362	0.94602
502 T	0.04233	0.01049	0.94718
503 T	0.04304	0.00919	0.94777
504 A	0.04268	0.00941	0.94791
505 C	0.04270	0.00931	0.94799
506 G	0.04280	0.00944	0.94776
507 A	0.04294	0.00986	0.94721
508 A	0.04312	0.00964	0.94724
509 T	0.04323	0.00939	0.94738
510 T	0.04319	0.00940	0.94741
511 T	0.04290	0.00954	0.94756
512 C	0.04217	0.01020	0.94763
513 G	0.04157	0.01088	0.94755
514 G	0.04124	0.01133	0.94742
515 A	0.04116	0.01154	0.9473
516 A	0.04121	0.01158	0.94721
517 G	0.04139	0.01139	0.94722
518 A	0.04171	0.01093	0.94736
519 A	0.04265	0.00979	0.94756
520 A	0.04358	0.00857	0.94785
521 C	0.04486	0.00708	0.94806
522 T	0.04603	0.00589	0.94809
523 T	0.04645	0.00544	0.94812
524 T	0.04652	0.00535	0.94814
525 A	0.04655	0.00530	0.94814
526 A	0.04661	0.00521	0.94817
527 C	0.04679	0.00444	0.94876
528 T	0.04702	0.00411	0.94887
529 A	0.04735	0.00376	0.94888
530 T	0.04794	0.00315	0.94892
531 T	0.04800	0.00306	0.94893
532 T	0.04802	0.00303	0.94895
533 A	0.04766	0.00323	0.94911
534 T	0.04767	0.00279	0.94954
535 G	0.04765	0.00207	0.95028
536 T	0.04772	0.00153	0.95075
537 T	0.04778	0.00123	0.95098
538 C	0.04779	0.00115	0.95106
539 C	0.04776	0.00118	0.95106
540 T	0.04772	0.00122	0.95105
541 T	0.04767	0.00128	0.95105
542 T	0.04762	0.00133	0.95105
543 G	0.04759	0.00136	0.95105
544 G	0.04757	0.00138	0.95105
545 C	0.04758	0.00136	0.95106
546 T	0.04758	0.00136	0.95106
547 C	0.04753	0.00140	0.95106
548 A	0.04751	0.00143	0.95106
549 T	0.04749	0.00145	0.95106
550 C	0.04744	0.00150	0.95106
551 G	0.04740	0.00155	0.95105
552 T	0.04742	0.00154	0.95104
553 T	0.04742	0.00154	0.95104
554 T	0.04735	0.00163	0.95103
555 A	0.04722	0.00178	0.951
556 G	0.04714	0.00146	0.9514
557 G	0.04707	0.00156	0.95137
558 T	0.04694	0.00181	0.95125
559 T	0.04679	0.00208	0.95113
560 T	0.04657	0.00232	0.95112
561 A	0.04620	0.00271	0.95109
562 T	0.04572	0.00316	0.95113
563 T	0.04457	0.00452	0.95092
564 C	0.04280	0.00705	0.95016
565 A	0.04129	0.01289	0.94583
566 A	0.04074	0.01507	0.94419
567 A	0.04021	0.01627	0.94352
568 A	0.03977	0.01707	0.94317
569 T	0.03944	0.01764	0.94292
570 T	0.03910	0.01813	0.94278
571 A	0.03887	0.01838	0.94275
572 A	0.03871	0.01853	0.94276
573 A	0.03864	0.01855	0.94281
574 T	0.03862	0.01848	0.9429
575 C	0.03858	0.01847	0.94296
576 A	0.03855	0.01850	0.94295
577 G	0.03856	0.01846	0.94299
578 A	0.03859	0.01837	0.94304
579 A	0.03865	0.01825	0.9431
580 T	0.03881	0.01802	0.94317
581 T	0.03895	0.01758	0.94347
582 G	0.03898	0.01724	0.94378
583 G	0.03899	0.01685	0.94416
584 A	0.03908	0.01640	0.94452
585 A	0.03923	0.01571	0.94507
586 G	0.03965	0.01416	0.9462
587 A	0.04085	0.01144	0.94771
588 T	0.04543	0.00536	0.94921
589 T	0.04692	0.00334	0.94974
590 T	0.04736	0.00240	0.95024
591 A	0.04750	0.00191	0.9506
592 T	0.04765	0.00138	0.95097
593 C	0.04773	0.00100	0.95127
594 T	0.04776	0.00083	0.95141
595 T	0.04776	0.00077	0.95147
596 T	0.04774	0.00081	0.95145
597 T	0.04767	0.00091	0.95142
598 C	0.04739	0.00123	0.95138
599 G	0.04663	0.00212	0.95126
600 T	0.04624	0.00264	0.95112
601 T	0.04562	0.00351	0.95087
602 A	0.04504	0.00432	0.95064
603 T	0.04487	0.00459	0.95053
604 A	0.04443	0.00529	0.95028
605 T	0.04428	0.00556	0.95016
606 T	0.04385	0.00600	0.95016
607 A	0.04307	0.00677	0.95015
608 A	0.04192	0.00792	0.95016
609 T	0.04130	0.00854	0.95017
610 C	0.04068	0.00915	0.95017
611 C	0.04018	0.00966	0.95016
612 T	0.03995	0.00990	0.95016
613 G	0.03962	0.01024	0.95013
614 A	0.03945	0.01043	0.95013
615 G	0.03931	0.01057	0.95012
616 C	0.03927	0.01061	0.95013
617 A	0.03915	0.01072	0.95013
618 G	0.03914	0.01069	0.95017
619 T	0.03923	0.01055	0.95022
620 A	0.03929	0.01044	0.95027
621 T	0.03939	0.01009	0.95052
622 T	0.03944	0.00915	0.95141
623 A	0.03943	0.00873	0.95184
624 T	0.03952	0.00781	0.95268
625 C	0.03954	0.00717	0.95329
626 G	0.03951	0.00703	0.95346
627 T	0.03969	0.00656	0.95375
628 A	0.03972	0.00638	0.9539
629 T	0.03972	0.00595	0.95433
630 G	0.03964	0.00540	0.95495
631 T	0.03953	0.00413	0.95634
632 C	0.03929	0.00341	0.95729
633 T	0.03909	0.00310	0.95782
634 C	0.03873	0.00313	0.95814
635 G	0.03864	0.00328	0.95809
636 T	0.03859	0.00353	0.95788
637 T	0.03844	0.00396	0.95761
638 T	0.03827	0.00463	0.9571
639 G	0.03789	0.00585	0.95626
640 A	0.03743	0.00781	0.95477
641 T	0.03708	0.00946	0.95346
642 T	0.03663	0.01233	0.95104
643 A	0.03553	0.01945	0.94503
644 A	0.03476	0.02558	0.93965
645 T	0.03393	0.03269	0.93338
646 A	0.03067	0.04538	0.92395
647 T	0.02844	0.05507	0.91649
648 G	0.02501	0.06403	0.91097
649 A	0.02406	0.07231	0.90363
650 A	0.02323	0.07648	0.9003
651 G	0.02253	0.07981	0.89766
652 A	0.02222	0.08252	0.89526
653 A	0.02209	0.08282	0.89508
654 A	0.02197	0.08300	0.89503
655 A	0.02188	0.08307	0.89506
656 A	0.02186	0.08299	0.89515
657 C	0.02195	0.08262	0.89543
658 G	0.02209	0.08374	0.89417
659 A	0.02224	0.08616	0.89161
660 A	0.02239	0.08847	0.88914
661 A	0.02291	0.08909	0.88799
662 G	0.02327	0.08909	0.88764
663 A	0.02436	0.08861	0.88703
664 G	0.02550	0.08757	0.88693
665 A	0.02800	0.08519	0.88681
666 A	0.03410	0.07870	0.8872
667 A	0.03991	0.07222	0.88786
668 A	0.04699	0.06395	0.88906
669 A	0.05732	0.05035	0.89233
670 T	0.06627	0.03913	0.8946
671 C	0.07067	0.03192	0.89741
672 T	0.07559	0.02695	0.89747
673 A	0.07523	0.02768	0.89709
674 T	0.07589	0.02704	0.89707
675 T	0.07552	0.02734	0.89714
676 C	0.07331	0.02963	0.89707
677 A	0.07125	0.03217	0.89658
678 A	0.06917	0.03551	0.89531
679 C	0.06866	0.03674	0.8946
680 A	0.06724	0.03995	0.89282
681 A	0.06792	0.03973	0.89235
682 A	0.07061	0.03709	0.8923
683 T	0.07356	0.03421	0.89223
684 T	0.07477	0.03305	0.89217
685 A	0.07518	0.03218	0.89264
686 T	0.07627	0.03034	0.89339
687 T	0.07665	0.02951	0.89385
688 G	0.07671	0.02919	0.89409
689 A	0.07713	0.02870	0.89417
690 T	0.07734	0.02827	0.8944
691 A	0.07740	0.02813	0.89446
692 A	0.07762	0.02762	0.89476
693 T	0.07814	0.02629	0.89557
694 A	0.07843	0.02540	0.89618
695 T	0.07891	0.02316	0.89794
696 T	0.07946	0.01946	0.90108
697 C	0.07970	0.01712	0.90319
698 G	0.07980	0.01622	0.90397
699 A	0.07996	0.01608	0.90396
700 A	0.08068	0.01467	0.90465
701 T	0.08234	0.01129	0.90637
702 T	0.08322	0.00993	0.90685
703 T	0.08436	0.00742	0.90822
704 T	0.08432	0.00869	0.90698
705 A	0.08358	0.01387	0.90254
706 T	0.08304	0.01872	0.89824
707 T	0.08209	0.02352	0.89439
708 T	0.08079	0.02526	0.89395
709 G	0.07840	0.02822	0.89338
710 T	0.07716	0.03008	0.89277
711 T	0.07542	0.03206	0.89252
712 C	0.07376	0.03371	0.89252
713 A	0.07309	0.03449	0.89242
714 A	0.07300	0.03461	0.89239
715 T	0.07306	0.03456	0.89239
716 C	0.07295	0.03467	0.89238
717 T	0.07244	0.03525	0.89231
718 A	0.07190	0.03588	0.89222
719 A	0.07188	0.03591	0.89221
720 T	0.07196	0.03582	0.89222
721 A	0.07200	0.03579	0.89221
722 T	0.07266	0.03495	0.89239
723 T	0.07290	0.03466	0.89243
724 A	0.07277	0.03482	0.89242
725 A	0.07285	0.03466	0.89249
726 A	0.07338	0.03389	0.89273
727 A	0.07567	0.03138	0.89295
728 A	0.08053	0.02574	0.89373
729 T	0.08575	0.01913	0.89513
730 T	0.08959	0.01335	0.89706
731 T	0.09011	0.01086	0.89903
732 T	0.09015	0.00910	0.90075
733 T	0.08816	0.01046	0.90138
734 C	0.08558	0.01220	0.90221
735 T	0.08222	0.01716	0.90062
736 A	0.07645	0.02445	0.89909
737 T	0.07390	0.02780	0.89829
738 T	0.06844	0.03406	0.89751
739 A	0.05379	0.04976	0.89645
740 G	0.04814	0.05515	0.8967
741 T	0.04416	0.05942	0.89642
742 G	0.03822	0.06664	0.89514
743 G	0.03675	0.07138	0.89186
744 T	0.03581	0.07696	0.88724
745 A	0.03411	0.08304	0.88285
746 G	0.03353	0.08385	0.88261
747 A	0.03318	0.08432	0.8825
748 A	0.03239	0.08516	0.88245
749 G	0.03214	0.08537	0.88249
750 C	0.03221	0.08530	0.88248
751 A	0.03221	0.08553	0.88226
752 A	0.03236	0.08557	0.88206
753 A	0.03242	0.08567	0.88192
754 A	0.03265	0.08554	0.88181
755 A	0.03315	0.08493	0.88192
756 T	0.03399	0.08033	0.88568
757 A	0.03449	0.07612	0.88939
758 T	0.03715	0.06811	0.89475
759 T	0.03866	0.06008	0.90126
760 T	0.03904	0.05603	0.90493
761 A	0.03883	0.05129	0.90987
762 T	0.03964	0.03847	0.9219
763 A	0.03956	0.03424	0.9262
764 G	0.04030	0.02969	0.93001
765 C	0.04188	0.02331	0.93481
766 A	0.04537	0.02037	0.93426
767 T	0.04984	0.01699	0.93317
768 T	0.05283	0.01767	0.9295
769 T	0.05123	0.02597	0.9228
770 A	0.04517	0.04351	0.91132
771 T	0.04134	0.06240	0.89626
772 A	0.03422	0.07932	0.88647
773 A	0.02761	0.09371	0.87868
774 A	0.02198	0.10576	0.87227
775 A	0.01989	0.11122	0.86889
776 A	0.01811	0.11500	0.86689
777 A	0.01691	0.11701	0.86608
778 A	0.01619	0.11816	0.86566
779 T	0.01584	0.11867	0.86549
780 G	0.01538	0.11908	0.86555
781 A	0.01513	0.11933	0.86555
782 A	0.01498	0.11932	0.8657
783 A	0.01501	0.11891	0.86607
784 C	0.01492	0.11855	0.86653
785 A	0.01486	0.11957	0.86557
786 A	0.01489	0.12074	0.86437
787 A	0.01502	0.12122	0.86376
788 G	0.01540	0.12109	0.86352
789 A	0.01694	0.11976	0.8633
790 A	0.01965	0.11636	0.86398
791 A	0.02553	0.10924	0.86524
792 A	0.03501	0.09698	0.86801
793 G	0.04768	0.07765	0.87467
794 T	0.06420	0.05665	0.87915
795 A	0.07176	0.04326	0.88498
796 A	0.07779	0.03157	0.89063
797 G	0.08324	0.02084	0.89592
798 T	0.08650	0.01532	0.89818
799 T	0.08785	0.01217	0.89997
800 T	0.08828	0.01069	0.90103
801 T	0.08824	0.01041	0.90135
802 G	0.08805	0.01113	0.90081
803 A	0.08787	0.01228	0.89985
804 A	0.08783	0.01445	0.89773
805 G	0.08792	0.01526	0.89682
806 A	0.08815	0.01571	0.89613
807 G	0.08864	0.01591	0.89545
808 A	0.09000	0.01517	0.89483
809 T	0.09182	0.01344	0.89475
810 T	0.09257	0.01300	0.89442
811 T	0.09287	0.01307	0.89406
812 T	0.09301	0.01309	0.8939
813 T	0.09299	0.01332	0.89369
814 G	0.09291	0.01358	0.89352
815 A	0.09290	0.01370	0.89341
816 T	0.09295	0.01372	0.89333
817 T	0.09300	0.01371	0.89329
818 T	0.09303	0.01370	0.89327
819 A	0.09304	0.01377	0.89319
820 T	0.09312	0.01363	0.89324
821 T	0.09312	0.01355	0.89333
822 A	0.09311	0.01349	0.89341
823 G	0.09325	0.01309	0.89367
824 C	0.09372	0.01235	0.89392
825 G	0.09460	0.01137	0.89403
826 A	0.09606	0.00983	0.89411
827 T	0.09899	0.00682	0.89419
828 T	0.10034	0.00547	0.89419
829 C	0.10085	0.00505	0.8941
830 G	0.10148	0.00457	0.89395
831 T	0.10223	0.00409	0.89368
832 A	0.10240	0.00445	0.89315
833 T	0.10285	0.00453	0.89261
834 T	0.10316	0.00449	0.89236
835 A	0.10320	0.00523	0.89157
836 T	0.10327	0.00543	0.8913
837 T	0.10318	0.00571	0.89111
838 G	0.10272	0.00658	0.8907
839 T	0.10255	0.00678	0.89067
840 A	0.10235	0.00701	0.89064
841 G	0.10223	0.00712	0.89065
842 A	0.10222	0.00708	0.8907
843 C	0.10222	0.00702	0.89076
844 G	0.10222	0.00711	0.89067
845 A	0.10224	0.00715	0.89061
846 A	0.10226	0.00714	0.8906
847 G	0.10234	0.00706	0.8906
848 T	0.10239	0.00702	0.89059
849 G	0.10242	0.00696	0.89061
850 G	0.10249	0.00697	0.89054
851 A	0.10260	0.00694	0.89047
852 T	0.10282	0.00677	0.89041
853 G	0.10298	0.00666	0.89036
854 A	0.10326	0.00645	0.89029
855 A	0.10382	0.00589	0.89028
856 T	0.10451	0.00513	0.89036
857 G	0.10476	0.00480	0.89043
858 T	0.10562	0.00379	0.8906
859 T	0.10592	0.00335	0.89073
860 A	0.10613	0.00293	0.89094
861 T	0.10645	0.00218	0.89137
862 C	0.10650	0.00190	0.89159
863 G	0.10655	0.00177	0.89168
864 T	0.10665	0.00166	0.89169
865 T	0.10671	0.00174	0.89155
866 G	0.10674	0.00189	0.89138
867 T	0.10686	0.00191	0.89123
868 T	0.10691	0.00205	0.89104
869 T	0.10690	0.00221	0.89089
870 A	0.10687	0.00242	0.89071
871 G	0.10689	0.00254	0.89057
872 G	0.10693	0.00261	0.89046
873 T	0.10706	0.00266	0.89028
874 A	0.10719	0.00280	0.89
875 T	0.10736	0.00266	0.88998
876 T	0.10746	0.00257	0.88997
877 A	0.10752	0.00251	0.88997
878 T	0.10757	0.00246	0.88997
879 C	0.10759	0.00244	0.88997
880 C	0.10764	0.00240	0.88997
881 A	0.10766	0.00239	0.88995
882 T	0.10772	0.00233	0.88995
883 T	0.10775	0.00230	0.88995
884 C	0.10775	0.00230	0.88995
885 T	0.10772	0.00235	0.88993
886 A	0.10763	0.00248	0.88989
887 A	0.10760	0.00256	0.88984
888 T	0.10781	0.00238	0.88981
889 T	0.10801	0.00218	0.88981
890 A	0.10813	0.00204	0.88982
891 T	0.10836	0.00177	0.88988
892 T	0.10841	0.00168	0.88991
893 C	0.10833	0.00172	0.88995
894 T	0.10838	0.00167	0.88995
895 C	0.10835	0.00171	0.88994
896 C	0.10843	0.00166	0.88991
897 T	0.10861	0.00149	0.8899
898 T	0.10853	0.00158	0.88989
899 T	0.10843	0.00167	0.88989
900 G	0.10829	0.00181	0.88989
901 C	0.10825	0.00186	0.8899
902 C	0.10822	0.00189	0.88989
903 T	0.10820	0.00194	0.88986
904 T	0.10818	0.00203	0.88979
905 T	0.10814	0.00212	0.88974
906 A	0.10808	0.00232	0.8896
907 A	0.10806	0.00243	0.88951
908 G	0.10807	0.00237	0.88957
909 A	0.10810	0.00227	0.88964
910 T	0.10815	0.00214	0.88971
911 T	0.10817	0.00210	0.88972
912 T	0.10817	0.00221	0.88962
913 A	0.10813	0.00265	0.88922
914 A	0.10808	0.00330	0.88863
915 A	0.10804	0.00384	0.88812
916 G	0.10804	0.00433	0.88764
917 A	0.10804	0.00473	0.88723
918 T	0.10806	0.00505	0.88689
919 T	0.10808	0.00574	0.88618
920 A	0.10806	0.00639	0.88555
921 T	0.10801	0.00665	0.88534
922 A	0.10793	0.00673	0.88534
923 T	0.10789	0.00671	0.8854
924 T	0.10783	0.00677	0.8854
925 G	0.10769	0.00698	0.88533
926 C	0.10767	0.00707	0.88527
927 T	0.10771	0.00711	0.88519
928 A	0.10766	0.00717	0.88517
929 T	0.10775	0.00709	0.88516
930 T	0.10779	0.00706	0.88514
931 C	0.10776	0.00715	0.88509
932 C	0.10765	0.00741	0.88493
933 T	0.10764	0.00748	0.88487
934 A	0.10759	0.00754	0.88487
935 A	0.10769	0.00744	0.88487
936 A	0.10805	0.00707	0.88488
937 C	0.10869	0.00638	0.88493
938 C	0.10937	0.00568	0.88495
939 T	0.11023	0.00498	0.88479
940 A	0.11061	0.00490	0.8845
941 A	0.11098	0.00470	0.88432
942 T	0.11161	0.00425	0.88413
943 T	0.11209	0.00422	0.8837
944 T	0.11220	0.00435	0.88345
945 A	0.11215	0.00439	0.88346
946 T	0.11218	0.00434	0.88349
947 A	0.11211	0.00438	0.88352
948 T	0.11205	0.00430	0.88365
949 C	0.11186	0.00442	0.88372
950 A	0.11171	0.00455	0.88373
951 A	0.11166	0.00453	0.88381
952 T	0.11175	0.00441	0.88384
953 C	0.11174	0.00438	0.88389
954 T	0.11177	0.00432	0.88391
955 T	0.11180	0.00415	0.88404
956 T	0.11165	0.00426	0.88408
957 A	0.11041	0.00554	0.88405
958 C	0.10860	0.00753	0.88387
959 A	0.10813	0.00860	0.88327
960 T	0.10780	0.00955	0.88264
961 A	0.10715	0.01036	0.88249
962 A	0.10677	0.01088	0.88235
963 T	0.10645	0.01128	0.88227
964 A	0.10639	0.01152	0.88209
965 C	0.10650	0.01144	0.88206
966 T	0.10689	0.01127	0.88184
967 G	0.10707	0.01131	0.88161
968 T	0.10711	0.01155	0.88133
969 T	0.10700	0.01196	0.88104
970 T	0.10685	0.01210	0.88105
971 T	0.10667	0.01216	0.88117
972 A	0.10624	0.01241	0.88135
973 T	0.10580	0.01266	0.88154
974 C	0.10525	0.01320	0.88155
975 T	0.10490	0.01392	0.88118
976 A	0.10423	0.01514	0.88064
977 A	0.10401	0.01556	0.88042
978 A	0.10390	0.01575	0.88036
979 G	0.10387	0.01573	0.88041
980 A	0.10394	0.01448	0.88158
981 T	0.10421	0.01228	0.8835
982 G	0.10478	0.01126	0.88395
983 G	0.10537	0.01039	0.88424
984 A	0.10556	0.00984	0.8846
985 A	0.10576	0.00918	0.88505
986 C	0.10602	0.00826	0.88571
987 T	0.10668	0.00808	0.88524
988 T	0.10708	0.00830	0.88462
989 T	0.10731	0.00860	0.88409
990 A	0.10732	0.00924	0.88344
991 T	0.10736	0.00983	0.88282
992 T	0.10716	0.01049	0.88235
993 T	0.10201	0.01657	0.88142
994 G	0.08772	0.03302	0.87927
995 A	0.08269	0.04148	0.87583
996 G	0.07855	0.04550	0.87594
997 G	0.07572	0.04833	0.87595
998 T	0.07453	0.05006	0.8754
999 T	0.07274	0.05349	0.87377
1000 C	0.06973	0.05997	0.87029
1001 A	0.06772	0.06303	0.86925
1002 A	0.06670	0.06508	0.86823
1003 A	0.06586	0.06684	0.8673
1004 T	0.06512	0.06837	0.86652
1005 C	0.06228	0.07290	0.86482
1006 A	0.06042	0.07551	0.86407
1007 G	0.05919	0.07698	0.86383
1008 A	0.05817	0.07835	0.86348
1009 A	0.05797	0.07873	0.86329
1010 C	0.05859	0.07819	0.86322
1011 T	0.05918	0.07799	0.86284
1012 A	0.05917	0.07868	0.86215
1013 A	0.05917	0.07904	0.8618
1014 A	0.05855	0.07990	0.86155
1015 A	0.05815	0.08048	0.86136
1016 A	0.05766	0.07548	0.86686
1017 G	0.05892	0.06027	0.8808
1018 A	0.06142	0.05389	0.88469
1019 T	0.06175	0.05053	0.88771
1020 G	0.05987	0.05406	0.88607
1021 G	0.05890	0.05733	0.88377
1022 A	0.05957	0.05774	0.88269
1023 T	0.06197	0.05458	0.88344
1024 G	0.06157	0.05491	0.88352
1025 A	0.06201	0.05668	0.88131
1026 A	0.06260	0.05996	0.87743
1027 A	0.06338	0.05846	0.87816
1028 T	0.06524	0.05396	0.8808
1029 T	0.06575	0.05197	0.88227
1030 G	0.06527	0.05183	0.8829
1031 C	0.06520	0.05156	0.88324
1032 T	0.06427	0.05328	0.88245
1033 G	0.06235	0.05661	0.88104
1034 A	0.05683	0.06383	0.87935
1035 A	0.05286	0.06899	0.87815
1036 A	0.05135	0.07244	0.8762
1037 A	0.05020	0.07361	0.87618
1038 A	0.04994	0.07281	0.87725
1039 G	0.05032	0.07087	0.87882
1040 G	0.05103	0.06946	0.87951
1041 A	0.05248	0.06785	0.87967
1042 A	0.05489	0.06482	0.8803
1043 T	0.06077	0.05639	0.88285
1044 T	0.06434	0.05115	0.8845
1045 G	0.06536	0.04893	0.88571
1046 C	0.06606	0.04730	0.88664
1047 A	0.06616	0.04682	0.88703
1048 G	0.06759	0.04525	0.88716
1049 C	0.07123	0.04158	0.8872
1050 T	0.07181	0.04226	0.88592
1051 C	0.07122	0.04477	0.884
1052 A	0.07075	0.05115	0.8781
1053 T	0.07072	0.05553	0.87374
1054 T	0.06843	0.06128	0.87029
1055 G	0.06451	0.06748	0.86801
1056 G	0.06418	0.06889	0.86693
1057 G	0.06468	0.06652	0.8688
1058 G	0.06565	0.06468	0.86967
1059 T	0.06781	0.06366	0.86853
1060 T	0.06881	0.06612	0.86508
1061 A	0.06853	0.06922	0.86224
1062 T	0.06853	0.07155	0.85991
1063 A	0.06783	0.07697	0.8552
1064 A	0.06763	0.08476	0.84762
1065 A	0.06714	0.09378	0.83908
1066 G	0.06682	0.10763	0.82555
1067 A	0.06674	0.12333	0.80994
1068 A	0.06657	0.13200	0.80143
1069 A	0.06644	0.14061	0.79295
1070 A	0.06618	0.14417	0.78965
1071 T	0.06627	0.14827	0.78546
1072 A	0.06627	0.15624	0.77748
1073 A	0.06803	0.15867	0.7733
1074 A	0.07095	0.15782	0.77123
1075 A	0.07741	0.15286	0.76973
1076 T	0.08400	0.14781	0.76819
1077 T	0.08859	0.14352	0.76788
1078 T	0.09284	0.13677	0.77039
1079 A	0.09236	0.13688	0.77076
1080 T	0.09510	0.13376	0.77113
1081 T	0.09532	0.13423	0.77045
1082 C	0.09095	0.14081	0.76824
1083 T	0.08700	0.14826	0.76474
1084 A	0.07188	0.16536	0.76275
1085 A	0.06147	0.17656	0.76197
1086 A	0.05687	0.18162	0.76151
1087 C	0.06128	0.17742	0.76131
1088 A	0.06853	0.17050	0.76097
1089 A	0.08299	0.15641	0.76061
1090 G	0.09816	0.14196	0.75988
1091 A	0.10669	0.13491	0.75841
1092 T	0.11432	0.12730	0.75839
1093 A	0.10572	0.13559	0.75868
1094 A	0.09532	0.14582	0.75885
1095 A	0.09435	0.14628	0.75937
1096 C	0.09507	0.14510	0.75984
1097 A	0.09431	0.14669	0.759
1098 A	0.09082	0.15084	0.75834
1099 T	0.09055	0.15154	0.75791
1100 T	0.08013	0.16314	0.75673
1101 A	0.05469	0.18955	0.75576
1102 G	0.04574	0.19559	0.75866
1103 A	0.04076	0.20057	0.75866
1104 A	0.03820	0.20046	0.76135
1105 A	0.03859	0.19415	0.76726
1106 T	0.04277	0.18176	0.77547
1107 T	0.04410	0.16523	0.79067
1108 G	0.04271	0.15591	0.80138
1109 C	0.04151	0.15241	0.80608
1110 T	0.04061	0.15643	0.80296
1111 A	0.03694	0.17911	0.78396
1112 A	0.02885	0.19953	0.77162
1113 A	0.02692	0.20603	0.76704
1114 A	0.02708	0.20787	0.76505
1115 A	0.02637	0.20744	0.7662
1116 A	0.02632	0.19599	0.77769
1117 T	0.02703	0.17847	0.7945
1118 T	0.02677	0.16893	0.8043
1119 A	0.02604	0.16710	0.80685
1120 A	0.02624	0.16402	0.80974
1121 G	0.02673	0.15453	0.81873
1122 A	0.02717	0.14966	0.82317
1123 T	0.02852	0.13351	0.83797
1124 G	0.02896	0.11407	0.85698
1125 G	0.03000	0.10728	0.86272
1126 T	0.03209	0.10201	0.8659
1127 A	0.03228	0.10049	0.86723
1128 T	0.03225	0.09958	0.86818
1129 C	0.03109	0.10315	0.86577
1130 A	0.03020	0.12298	0.84682
1131 A	0.02872	0.14508	0.82621
1132 G	0.02792	0.16477	0.80731
1133 A	0.03004	0.17551	0.79445
1134 A	0.04936	0.15895	0.79169
1135 T	0.06290	0.14161	0.79549
1136 T	0.06708	0.14028	0.79265
1137 A	0.06642	0.15230	0.78127
1138 A	0.06550	0.17003	0.76446
1139 T	0.06529	0.17796	0.75675
1140 A	0.04900	0.20811	0.74289
1141 A	0.04021	0.22824	0.73155
1142 A	0.03723	0.23490	0.72787
1143 A	0.03657	0.23972	0.72372
1144 A	0.03612	0.24093	0.72296
1145 T	0.03639	0.24063	0.72297
1146 A	0.03281	0.24422	0.72297
1147 A	0.03201	0.24458	0.72342
1148 C	0.03207	0.24404	0.72389
1149 A	0.03297	0.24351	0.72352
1150 A	0.03508	0.24154	0.72337
1151 A	0.03827	0.23807	0.72366
1152 A	0.04403	0.23133	0.72464
1153 G	0.06251	0.21175	0.72575
1154 A	0.08619	0.18559	0.72822
1155 T	0.11079	0.15812	0.73109
1156 T	0.12156	0.14563	0.73281
1157 C	0.12353	0.14285	0.73362
1158 A	0.12609	0.14108	0.73283
1159 G	0.13032	0.13703	0.73265
1160 A	0.14226	0.12403	0.73371
1161 T	0.16002	0.10474	0.73525
1162 A	0.16797	0.09677	0.73526
1163 A	0.18188	0.06803	0.75009
1164 T	0.19328	0.04861	0.75812
1165 G	0.19395	0.04541	0.76064
1166 A	0.18852	0.05471	0.75678
1167 T	0.18307	0.05878	0.75816
1168 T	0.17894	0.06206	0.75901
1169 T	0.17264	0.06584	0.76152
1170 G	0.16256	0.07484	0.7626
1171 C	0.15621	0.08089	0.7629
1172 A	0.14190	0.10183	0.75627
1173 T	0.13534	0.11483	0.74983
1174 A	0.12005	0.13793	0.74201
1175 A	0.11363	0.14825	0.73812
1176 A	0.11198	0.15130	0.73672
1177 A	0.11180	0.15155	0.73666
1178 A	0.11200	0.15096	0.73704
1179 T	0.11291	0.14879	0.7383
1180 T	0.11357	0.14641	0.74002
1181 C	0.11428	0.14439	0.74133
1182 T	0.11474	0.14329	0.74197
1183 C	0.11388	0.14402	0.7421
1184 A	0.11385	0.14441	0.74173
1185 A	0.11477	0.14376	0.74146
1186 A	0.11653	0.14249	0.74098
1187 A	0.11844	0.13969	0.74187
1188 T	0.12261	0.13325	0.74414
1189 T	0.12822	0.11561	0.75617
1190 T	0.12904	0.10255	0.76842
1191 T	0.12934	0.09603	0.77463
1192 G	0.12943	0.08892	0.78165
1193 T	0.13043	0.08133	0.78824
1194 A	0.13068	0.07627	0.79305
1195 G	0.13584	0.05727	0.80689
1196 A	0.14174	0.04574	0.81251
1197 T	0.14930	0.02551	0.8252
1198 T	0.15277	0.01716	0.83007
1199 C	0.15349	0.01552	0.83098
1200 T	0.15357	0.01828	0.82814
1201 A	0.15259	0.02660	0.8208
1202 T	0.15205	0.03220	0.81574
1203 T	0.14782	0.05139	0.80079
1204 A	0.13775	0.08861	0.77364
1205 A	0.13205	0.10359	0.76436
1206 G	0.12641	0.12009	0.7535
1207 A	0.12255	0.13129	0.74616
1208 A	0.12158	0.13466	0.74375
1209 T	0.12179	0.13598	0.74224
1210 G	0.12168	0.13806	0.74026
1211 A	0.12203	0.13960	0.73836
1212 T	0.12287	0.13956	0.73757
1213 A	0.12321	0.13965	0.73715
1214 T	0.12381	0.13880	0.7374
1215 T	0.12433	0.13787	0.7378
1216 T	0.12465	0.13732	0.73803
1217 T	0.12480	0.13679	0.73841
1218 A	0.12471	0.13656	0.73872
1219 A	0.12472	0.13625	0.73903
1220 C	0.12486	0.13573	0.73941
1221 A	0.12523	0.13536	0.73941
1222 G	0.12618	0.13419	0.73963
1223 A	0.12993	0.13018	0.73989
1224 A	0.13826	0.12095	0.74079
1225 A	0.14437	0.11433	0.7413
1226 A	0.16094	0.09324	0.74582
1227 T	0.18955	0.05421	0.75624
1228 G	0.19886	0.03886	0.76228
1229 T	0.21137	0.02155	0.76708
1230 T	0.21698	0.01536	0.76766
1231 T	0.21864	0.01869	0.76267
1232 A	0.21708	0.03036	0.75256
1233 T	0.21727	0.03950	0.74322
1234 G	0.21703	0.04532	0.73765
1235 T	0.21699	0.04694	0.73607
1236 T	0.21633	0.05005	0.73362
1237 T	0.21428	0.05238	0.73334
1238 T	0.21068	0.05617	0.73314
1239 C	0.20612	0.06074	0.73315
1240 A	0.20382	0.06307	0.73311
1241 C	0.20218	0.06472	0.73311
1242 T	0.20109	0.06586	0.73306
1243 C	0.19904	0.06796	0.733
1244 C	0.19649	0.07072	0.73279
1245 A	0.19534	0.07199	0.73267
1246 A	0.19479	0.07264	0.73257
1247 A	0.19453	0.07297	0.7325
1248 A	0.19464	0.07294	0.73243
1249 C	0.19496	0.07267	0.73237
1250 A	0.19530	0.07285	0.73186
1251 A	0.19607	0.07251	0.73142
1252 G	0.19747	0.07146	0.73107
1253 A	0.20046	0.06864	0.7309
1254 A	0.20617	0.06295	0.73087
1255 G	0.21669	0.04990	0.73342
1256 T	0.22792	0.03655	0.73553
1257 T	0.23282	0.02952	0.73766
1258 T	0.23391	0.02695	0.73914
1259 A	0.23466	0.02559	0.73974
1260 T	0.23475	0.02474	0.74051
1261 G	0.23477	0.02437	0.74086
1262 A	0.23480	0.02463	0.74057
1263 A	0.23484	0.02332	0.74184
1264 T	0.23498	0.02140	0.74362
1265 T	0.23496	0.02006	0.74498
1266 A	0.23425	0.01915	0.7466
1267 C	0.23351	0.01763	0.74885
1268 C	0.23301	0.01814	0.74885
1269 G	0.23277	0.02047	0.74676
1270 A	0.23269	0.02313	0.74418
1271 A	0.23276	0.02480	0.74244
1272 A	0.23290	0.02593	0.74117
1273 G	0.23351	0.02543	0.74106
1274 G	0.23419	0.02470	0.74111
1275 T	0.23485	0.02415	0.741
1276 T	0.23523	0.02375	0.74102
1277 C	0.23549	0.02349	0.74102
1278 T	0.23585	0.02320	0.74094
1279 A	0.23601	0.02305	0.74095
1280 C	0.23625	0.02279	0.74096
1281 T	0.23697	0.02208	0.74094
1282 A	0.23787	0.02119	0.74094
1283 C	0.23921	0.01975	0.74104
1284 G	0.24134	0.01761	0.74105
1285 A	0.24391	0.01509	0.741
1286 T	0.24482	0.01410	0.74109
1287 T	0.24520	0.01367	0.74113
1288 G	0.24549	0.01336	0.74116
1289 A	0.24629	0.01180	0.74191
1290 T	0.24760	0.00958	0.74282
1291 T	0.24861	0.00799	0.7434
1292 T	0.25044	0.00587	0.74369
1293 C	0.25217	0.00399	0.74384
1294 G	0.25339	0.00275	0.74386
1295 C	0.25451	0.00162	0.74387
1296 T	0.25493	0.00122	0.74385
1297 T	0.25520	0.00100	0.74381
1298 T	0.25541	0.00082	0.74376
1299 T	0.25545	0.00081	0.74374
1300 T	0.25543	0.00089	0.74367
1301 T	0.25542	0.00092	0.74367
1302 T	0.25532	0.00101	0.74368
1303 A	0.25513	0.00120	0.74367
1304 T	0.25501	0.00132	0.74366
1305 T	0.25469	0.00165	0.74366
1306 C	0.25423	0.00210	0.74367
1307 A	0.25405	0.00229	0.74366
1308 T	0.25406	0.00229	0.74366
1309 T	0.25401	0.00234	0.74365
1310 C	0.25393	0.00243	0.74365
1311 T	0.25390	0.00248	0.74362
1312 T	0.25383	0.00259	0.74358
1313 C	0.25368	0.00281	0.74351
1314 T	0.25324	0.00360	0.74316
1315 A	0.25290	0.00443	0.74267
1316 T	0.25278	0.00471	0.74252
1317 T	0.25245	0.00533	0.74222
1318 G	0.25186	0.00620	0.74193
1319 G	0.25166	0.00659	0.74175
1320 T	0.25133	0.00718	0.74149
1321 T	0.25059	0.00819	0.74122
1322 A	0.24943	0.00957	0.741
1323 T	0.24841	0.01075	0.74085
1324 A	0.24528	0.01453	0.74019
1325 G	0.24359	0.01631	0.7401
1326 A	0.24238	0.01781	0.73981
1327 A	0.24185	0.01826	0.73988
1328 T	0.24157	0.01824	0.7402
