# lcl|CP097583.1_cds_USQ93254.1_1
# AA	inside	membr	outside
1 A	0.28230	0.00000	0.7177
2 T	0.26541	0.01689	0.7177
3 G	0.25481	0.02749	0.7177
4 G	0.25481	0.20368	0.54151
5 A	0.18524	0.60161	0.21314
6 A	0.18524	0.60798	0.20678
7 A	0.11538	0.67976	0.20486
8 A	0.11537	0.67983	0.20479
9 A	0.11041	0.68618	0.2034
10 C	0.11041	0.70587	0.18372
11 A	0.10806	0.71321	0.17872
12 A	0.07104	0.75186	0.17709
13 A	0.04961	0.77752	0.17287
14 C	0.04961	0.77752	0.17287
15 A	0.04961	0.81232	0.13807
16 A	0.04945	0.81248	0.13807
17 A	0.04933	0.81277	0.1379
18 A	0.04932	0.81308	0.13759
19 G	0.04917	0.81351	0.13733
20 T	0.04851	0.82191	0.12957
21 T	0.04296	0.82711	0.12992
22 A	0.04323	0.82757	0.1292
23 A	0.04494	0.82473	0.13033
24 A	0.05068	0.81633	0.13298
25 T	0.06455	0.76322	0.17222
26 G	0.07103	0.73870	0.19027
27 G	0.23267	0.55748	0.20985
28 C	0.50968	0.23790	0.25242
29 A	0.51656	0.23535	0.24809
30 A	0.51970	0.20313	0.27717
31 G	0.52124	0.20076	0.278
32 G	0.52242	0.19699	0.2806
33 A	0.54069	0.18178	0.27753
34 A	0.54417	0.17620	0.27962
35 C	0.55879	0.12573	0.31548
36 T	0.55727	0.11252	0.33021
37 A	0.54332	0.13328	0.3234
38 C	0.50600	0.17466	0.31933
39 A	0.26480	0.47183	0.26337
40 A	0.14591	0.61886	0.23524
41 A	0.13605	0.64566	0.2183
42 A	0.13226	0.66660	0.20114
43 T	0.13817	0.66191	0.19992
44 G	0.13215	0.66460	0.20325
45 G	0.13184	0.66486	0.20329
46 T	0.12884	0.66826	0.20289
47 T	0.12435	0.67416	0.20149
48 C	0.11579	0.68368	0.20053
49 A	0.10927	0.69140	0.19934
50 A	0.10664	0.69400	0.19935
51 T	0.10689	0.69318	0.19994
52 A	0.10868	0.69067	0.20064
53 C	0.11108	0.68740	0.20152
54 A	0.11126	0.68566	0.20308
55 A	0.11235	0.68293	0.20472
56 A	0.11580	0.67593	0.20828
57 T	0.12129	0.66299	0.21572
58 A	0.12233	0.66086	0.21681
59 A	0.12615	0.63941	0.23445
60 A	0.13348	0.61107	0.25545
61 A	0.14021	0.54116	0.31863
62 G	0.18798	0.24872	0.5633
63 C	0.21804	0.10614	0.67582
64 T	0.23954	0.07519	0.68527
65 T	0.25640	0.05864	0.68496
66 T	0.25903	0.05810	0.68287
67 G	0.26063	0.05511	0.68427
68 G	0.26157	0.05385	0.68458
69 T	0.26297	0.04779	0.68924
70 T	0.26442	0.04559	0.68999
71 T	0.26526	0.04664	0.6881
72 T	0.26570	0.05005	0.68424
73 A	0.26433	0.06134	0.67433
74 T	0.26266	0.08170	0.65563
75 T	0.26041	0.14428	0.59531
76 A	0.24708	0.37460	0.37832
77 A	0.23641	0.47947	0.28412
78 A	0.22604	0.51801	0.25595
79 G	0.22124	0.52512	0.25364
80 G	0.21925	0.53064	0.25012
81 A	0.21810	0.53903	0.24287
82 G	0.21728	0.54005	0.24268
83 C	0.21720	0.54051	0.24229
84 A	0.21735	0.54058	0.24207
85 A	0.21766	0.54027	0.24208
86 C	0.21817	0.53970	0.24212
87 G	0.21900	0.53888	0.24211
88 C	0.22242	0.53549	0.2421
89 C	0.22722	0.53067	0.24211
90 T	0.23206	0.52590	0.24204
91 A	0.23386	0.52425	0.24189
92 T	0.23751	0.52061	0.24188
93 C	0.23833	0.51987	0.2418
94 G	0.23707	0.52185	0.24107
95 G	0.24123	0.51831	0.24046
96 A	0.25438	0.50584	0.23977
97 G	0.27739	0.48324	0.23936
98 A	0.34337	0.41620	0.24043
99 A	0.54638	0.20062	0.253
100 A	0.63520	0.10027	0.26453
101 T	0.66912	0.05387	0.27701
102 C	0.67197	0.04601	0.28202
103 C	0.67269	0.04563	0.28169
104 C	0.67384	0.04947	0.27669
105 A	0.66559	0.06457	0.26985
106 T	0.66375	0.06869	0.26757
107 T	0.65265	0.08011	0.26724
108 T	0.63880	0.09539	0.26581
109 A	0.60957	0.12599	0.26444
110 A	0.54557	0.19105	0.26338
111 C	0.50620	0.23094	0.26287
112 G	0.49458	0.24354	0.26189
113 A	0.49186	0.24658	0.26156
114 A	0.49097	0.24731	0.26172
115 A	0.49033	0.24754	0.26213
116 T	0.49067	0.24577	0.26356
117 C	0.49079	0.23848	0.27072
118 G	0.49045	0.23603	0.27352
119 C	0.49089	0.23374	0.27537
120 T	0.49182	0.23260	0.27559
121 G	0.49090	0.23339	0.27571
122 A	0.49022	0.23400	0.27578
123 G	0.49003	0.23260	0.27737
124 C	0.49011	0.23146	0.27843
125 A	0.49124	0.22844	0.28032
126 A	0.49252	0.22467	0.28281
127 T	0.49731	0.21307	0.28962
128 T	0.50078	0.19863	0.30059
129 T	0.49621	0.19773	0.30606
130 G	0.48753	0.18240	0.33007
131 G	0.48335	0.17286	0.34378
132 A	0.48145	0.15791	0.36065
133 G	0.47579	0.12328	0.40093
134 T	0.46951	0.10898	0.4215
135 T	0.46220	0.11434	0.42346
136 G	0.44664	0.13547	0.41789
137 A	0.40584	0.19189	0.40227
138 C	0.38971	0.21356	0.39673
139 A	0.37791	0.22757	0.39452
140 A	0.37246	0.23323	0.3943
141 T	0.37013	0.23533	0.39453
142 T	0.36395	0.24255	0.3935
143 C	0.35470	0.25248	0.39282
144 A	0.34420	0.26544	0.39036
145 G	0.33985	0.27244	0.38771
146 A	0.33706	0.27575	0.38719
147 A	0.33356	0.27976	0.38669
148 A	0.33227	0.28126	0.38647
149 T	0.33182	0.27725	0.39094
150 C	0.32911	0.27530	0.39559
151 G	0.32749	0.27522	0.39729
152 A	0.32654	0.27162	0.40184
153 A	0.32757	0.26472	0.40771
154 C	0.33374	0.25327	0.41299
155 A	0.34246	0.24282	0.41472
156 G	0.35643	0.21798	0.42559
157 T	0.37092	0.19256	0.43652
158 T	0.37623	0.18110	0.44266
159 A	0.37781	0.17320	0.44899
160 G	0.38494	0.12545	0.48961
161 T	0.38702	0.10988	0.5031
162 T	0.38121	0.11152	0.50728
163 G	0.35782	0.16243	0.47974
164 A	0.35118	0.22056	0.42826
165 T	0.34761	0.26919	0.3832
166 A	0.32663	0.36632	0.30704
167 A	0.31322	0.40339	0.28339
168 A	0.30488	0.42124	0.27388
169 A	0.29685	0.43806	0.26509
170 G	0.28801	0.44942	0.26257
171 A	0.28162	0.45822	0.26015
172 G	0.27669	0.46236	0.26094
173 T	0.27328	0.46459	0.26213
174 A	0.26676	0.47084	0.2624
175 A	0.26281	0.47379	0.2634
176 G	0.26075	0.47476	0.26449
177 A	0.25998	0.47559	0.26442
178 G	0.25960	0.47553	0.26487
179 A	0.25952	0.47572	0.26477
180 A	0.25996	0.47504	0.26499
181 G	0.26144	0.47269	0.26587
182 A	0.26443	0.46653	0.26903
183 A	0.26825	0.45787	0.27387
184 G	0.27693	0.44234	0.28073
185 A	0.29400	0.41568	0.29032
186 C	0.33586	0.34557	0.31857
187 G	0.39154	0.28378	0.32468
188 A	0.44103	0.22996	0.32901
189 T	0.52331	0.13276	0.34393
190 T	0.54857	0.09688	0.35456
191 T	0.55707	0.08048	0.36245
192 A	0.56202	0.06711	0.37087
193 T	0.56500	0.05235	0.38265
194 T	0.56434	0.04595	0.38971
195 T	0.56228	0.04259	0.39513
196 T	0.55835	0.04316	0.39849
197 G	0.55229	0.04562	0.40209
198 T	0.54934	0.05074	0.39992
199 C	0.54390	0.05607	0.40003
200 A	0.53775	0.06532	0.39693
201 T	0.53470	0.06997	0.39534
202 G	0.53106	0.07650	0.39244
203 C	0.53058	0.08024	0.38918
204 T	0.53012	0.09176	0.37812
205 A	0.52832	0.11360	0.35807
206 A	0.52720	0.11832	0.35448
207 T	0.52618	0.12222	0.3516
208 A	0.52303	0.13113	0.34584
209 A	0.52195	0.13581	0.34225
210 C	0.52188	0.13793	0.34019
211 A	0.52252	0.14660	0.33088
212 T	0.52353	0.15532	0.32115
213 T	0.52418	0.15678	0.31904
214 G	0.52425	0.15872	0.31703
215 T	0.52484	0.15961	0.31554
216 A	0.52361	0.16079	0.3156
217 C	0.52365	0.15525	0.32109
218 A	0.52265	0.15795	0.31939
219 A	0.52246	0.16103	0.31651
220 G	0.52341	0.16518	0.3114
221 G	0.52790	0.17349	0.29861
222 T	0.52941	0.19371	0.27688
223 A	0.53043	0.19680	0.27277
224 A	0.53144	0.19620	0.27236
225 T	0.53432	0.19036	0.27531
226 A	0.53361	0.19399	0.2724
227 C	0.53333	0.19514	0.27152
228 A	0.54605	0.18322	0.27073
229 A	0.54757	0.18116	0.27126
230 A	0.54813	0.17997	0.27191
231 A	0.55174	0.17343	0.27483
232 C	0.55394	0.17020	0.27586
233 C	0.55062	0.17252	0.27686
234 A	0.55064	0.17240	0.27696
235 C	0.55697	0.16578	0.27726
236 T	0.56071	0.16191	0.27737
237 T	0.55917	0.16353	0.27729
238 C	0.55059	0.17226	0.27715
239 C	0.54442	0.17929	0.2763
240 A	0.53863	0.18533	0.27604
241 G	0.52520	0.19771	0.27709
242 G	0.53087	0.19141	0.27772
243 T	0.53961	0.18276	0.27762
244 C	0.54331	0.17916	0.27752
245 A	0.55354	0.17200	0.27445
246 T	0.55384	0.17027	0.27589
247 T	0.53374	0.18986	0.2764
248 A	0.49465	0.22957	0.27578
249 T	0.47494	0.24785	0.27721
250 C	0.44422	0.27095	0.28483
251 A	0.41803	0.29764	0.28433
252 A	0.40163	0.31329	0.28508
253 A	0.38655	0.32741	0.28604
254 A	0.37614	0.33552	0.28833
255 T	0.36961	0.33973	0.29066
256 A	0.34973	0.35060	0.29967
257 G	0.33040	0.35869	0.31091
258 C	0.32051	0.36083	0.31867
259 A	0.30876	0.37903	0.31221
260 G	0.30415	0.38279	0.31306
261 A	0.30152	0.38421	0.31427
262 T	0.30028	0.38279	0.31693
263 A	0.29372	0.38719	0.31909
264 T	0.28727	0.37624	0.33649
265 A	0.26716	0.40048	0.33237
266 A	0.25002	0.42381	0.32617
267 A	0.24059	0.43720	0.3222
268 A	0.23866	0.43213	0.3292
269 A	0.23340	0.42663	0.33996
270 A	0.23139	0.40613	0.36248
271 T	0.23022	0.37745	0.39232
272 T	0.21217	0.39922	0.3886
273 A	0.18510	0.44675	0.36815
274 G	0.16777	0.47247	0.35976
275 A	0.15931	0.49878	0.34191
276 A	0.15501	0.50571	0.33928
277 G	0.15148	0.50620	0.34232
278 A	0.15073	0.50648	0.34279
279 A	0.15078	0.49447	0.35476
280 A	0.15124	0.47934	0.36942
281 A	0.15373	0.46762	0.37864
282 T	0.16245	0.44824	0.38931
283 G	0.16437	0.44791	0.38772
284 A	0.16757	0.45262	0.3798
285 T	0.17106	0.44992	0.37903
286 A	0.17161	0.44807	0.38032
287 A	0.17349	0.44233	0.38417
288 A	0.18130	0.41966	0.39904
289 G	0.19322	0.39104	0.41573
290 T	0.20903	0.36541	0.42556
291 A	0.21669	0.35563	0.42768
292 G	0.22678	0.34016	0.43306
293 A	0.24530	0.31878	0.43592
294 A	0.26959	0.29051	0.4399
295 T	0.31080	0.22813	0.46107
296 T	0.35333	0.16107	0.4856
297 T	0.37521	0.12577	0.49901
298 T	0.39000	0.10872	0.50128
299 T	0.39582	0.10071	0.50347
300 T	0.39634	0.09935	0.50431
301 A	0.39039	0.10877	0.50084
302 T	0.38566	0.11806	0.49628
303 C	0.38337	0.12767	0.48895
304 A	0.38226	0.15660	0.46113
305 A	0.38250	0.18159	0.4359
306 A	0.39062	0.19530	0.41407
307 T	0.40345	0.19663	0.39992
308 T	0.40704	0.20257	0.39039
309 A	0.40700	0.21291	0.38009
310 G	0.40819	0.22188	0.36993
311 T	0.41057	0.22530	0.36413
312 A	0.40645	0.23365	0.3599
313 A	0.40498	0.23650	0.35852
314 A	0.40870	0.23296	0.35834
315 T	0.41111	0.23079	0.3581
316 G	0.41035	0.23233	0.35731
317 G	0.41052	0.23534	0.35414
318 T	0.41125	0.24241	0.34634
319 A	0.40368	0.25600	0.34031
320 G	0.39958	0.26236	0.33806
321 A	0.40020	0.26151	0.3383
322 G	0.40041	0.25999	0.3396
323 A	0.40062	0.25753	0.34184
324 A	0.40544	0.24574	0.34882
325 C	0.41276	0.23061	0.35663
326 A	0.42223	0.21811	0.35966
327 A	0.44835	0.18982	0.36183
328 G	0.47320	0.16238	0.36441
329 C	0.49987	0.13375	0.36638
330 T	0.51875	0.11445	0.3668
331 T	0.52747	0.10283	0.3697
332 G	0.53529	0.09193	0.37278
333 T	0.54542	0.08008	0.3745
334 T	0.55057	0.07413	0.3753
335 T	0.55363	0.06547	0.3809
336 C	0.55496	0.06021	0.38483
337 A	0.55643	0.05781	0.38577
338 T	0.55816	0.05433	0.3875
339 A	0.55955	0.05068	0.38978
340 G	0.56356	0.04433	0.39211
341 T	0.57246	0.03400	0.39355
342 T	0.57834	0.01938	0.40228
343 T	0.58041	0.01183	0.40776
344 T	0.58084	0.00840	0.41076
345 A	0.58099	0.00663	0.41238
346 G	0.58128	0.00435	0.41437
347 T	0.58167	0.00269	0.41564
348 T	0.58177	0.00173	0.4165
349 T	0.58189	0.00100	0.41711
350 A	0.58197	0.00056	0.41746
351 A	0.58208	0.00000	0.41792
