# lcl|CP097583.1_cds_USQ93562.1_1
# AA	inside	membr	outside
1 A	0.60938	0.00000	0.39063
2 T	0.60903	0.00035	0.39063
3 G	0.60875	0.00063	0.39063
4 A	0.60875	0.00435	0.3869
5 A	0.60763	0.00706	0.38532
6 A	0.60763	0.00709	0.38528
7 A	0.60674	0.00799	0.38527
8 T	0.60674	0.00799	0.38527
9 T	0.60667	0.00806	0.38527
10 C	0.60667	0.00869	0.38465
11 T	0.60666	0.00894	0.3844
12 T	0.60637	0.00942	0.38421
13 T	0.60557	0.01131	0.38313
14 T	0.60556	0.01131	0.38313
15 T	0.60556	0.02866	0.36578
16 A	0.60534	0.02889	0.36578
17 T	0.60508	0.02949	0.36544
18 T	0.60501	0.03061	0.36438
19 G	0.60115	0.03593	0.36293
20 G	0.57324	0.08476	0.342
21 T	0.48820	0.16998	0.34181
22 G	0.48353	0.17902	0.33745
23 A	0.48208	0.18338	0.33454
24 T	0.48233	0.18521	0.33246
25 A	0.48099	0.18952	0.32949
26 T	0.48066	0.18977	0.32957
27 T	0.48180	0.18855	0.32966
28 T	0.47965	0.19022	0.33013
29 G	0.47582	0.19404	0.33014
30 C	0.47239	0.19693	0.33067
31 G	0.46901	0.20029	0.33071
32 G	0.46666	0.20255	0.33079
33 C	0.46447	0.20467	0.33086
34 A	0.46324	0.20590	0.33087
35 C	0.46336	0.20566	0.33099
36 A	0.46281	0.20576	0.33144
37 C	0.46239	0.20605	0.33156
38 C	0.47429	0.19413	0.33158
39 A	0.47333	0.19516	0.3315
40 G	0.47464	0.19386	0.33151
41 G	0.47559	0.19235	0.33206
42 T	0.47803	0.18806	0.33391
43 G	0.49052	0.14983	0.35965
44 T	0.48888	0.07142	0.43971
45 T	0.48719	0.07061	0.4422
46 G	0.46916	0.10350	0.42734
47 A	0.46220	0.14277	0.39503
48 T	0.46197	0.15749	0.38053
49 T	0.45589	0.17116	0.37296
50 A	0.44819	0.18254	0.36927
51 T	0.44412	0.18575	0.37014
52 T	0.43870	0.19024	0.37107
53 T	0.43080	0.20284	0.36635
54 A	0.40621	0.22769	0.36611
55 A	0.38786	0.24655	0.36559
56 T	0.37740	0.25761	0.36498
57 A	0.34328	0.29972	0.35701
58 G	0.32336	0.34016	0.33648
59 A	0.31373	0.35289	0.33338
60 A	0.30507	0.36434	0.33059
61 A	0.30022	0.37179	0.32798
62 A	0.29590	0.37947	0.32463
63 A	0.29431	0.38397	0.32172
64 A	0.29456	0.38384	0.3216
65 T	0.29782	0.37887	0.32331
66 A	0.29890	0.37558	0.32552
67 A	0.30447	0.36768	0.32785
68 A	0.31293	0.35420	0.33287
69 T	0.33900	0.30783	0.35317
70 T	0.36622	0.27307	0.3607
71 T	0.37816	0.25914	0.3627
72 T	0.37940	0.25688	0.36372
73 T	0.36971	0.27486	0.35543
74 T	0.34710	0.30283	0.35007
75 A	0.28288	0.38058	0.33654
76 A	0.24088	0.42592	0.33319
77 A	0.21322	0.45035	0.33643
78 A	0.18863	0.47591	0.33546
79 A	0.17600	0.48687	0.33712
80 G	0.17674	0.46120	0.36206
81 T	0.19022	0.44627	0.36352
82 A	0.18232	0.45903	0.35865
83 A	0.18254	0.45929	0.35817
84 A	0.18514	0.45960	0.35526
85 T	0.18953	0.45266	0.3578
86 A	0.19140	0.45238	0.35622
87 T	0.19216	0.45273	0.35511
88 A	0.18855	0.46111	0.35033
89 A	0.18803	0.46359	0.34839
90 A	0.18875	0.46439	0.34687
91 T	0.19130	0.46199	0.34672
92 A	0.19176	0.46221	0.34603
93 T	0.19701	0.45418	0.34882
94 A	0.20173	0.45155	0.34672
95 A	0.21147	0.43750	0.35103
96 T	0.22793	0.40666	0.36541
97 A	0.23453	0.38450	0.38097
98 T	0.24849	0.31946	0.43205
99 A	0.25077	0.28874	0.4605
100 A	0.26476	0.24916	0.48607
101 T	0.28743	0.20074	0.51183
102 T	0.30342	0.17384	0.52274
103 A	0.30712	0.17067	0.52221
104 T	0.31833	0.15669	0.52498
105 T	0.32108	0.15174	0.52718
106 G	0.29390	0.19176	0.51434
107 T	0.28283	0.22004	0.49713
108 A	0.25272	0.26906	0.47822
109 A	0.24087	0.28317	0.47596
110 A	0.23405	0.28906	0.47689
111 T	0.23227	0.28675	0.48098
112 G	0.21303	0.30964	0.47733
113 C	0.18995	0.33986	0.47019
114 A	0.17409	0.38356	0.44235
115 G	0.16515	0.42246	0.41239
116 A	0.16161	0.43987	0.39852
117 A	0.16561	0.44178	0.39261
118 A	0.17021	0.43948	0.3903
119 A	0.17562	0.43148	0.3929
120 T	0.18562	0.41641	0.39797
121 G	0.18779	0.41162	0.40059
122 T	0.19409	0.40153	0.40438
123 C	0.19425	0.39948	0.40627
124 G	0.19452	0.40008	0.4054
125 A	0.19860	0.39624	0.40516
126 T	0.20832	0.38505	0.40663
127 A	0.21104	0.38211	0.40686
128 A	0.21853	0.37331	0.40816
129 T	0.23439	0.32426	0.44135
130 G	0.24216	0.29878	0.45906
131 G	0.25281	0.25933	0.48786
132 T	0.25545	0.24557	0.49897
133 A	0.25192	0.24637	0.50171
134 A	0.25162	0.24110	0.50729
135 A	0.25774	0.21667	0.52559
136 G	0.26856	0.18052	0.55092
137 G	0.29572	0.13835	0.56593
138 T	0.32852	0.10580	0.56567
139 T	0.33772	0.11520	0.54708
140 T	0.33400	0.15263	0.51337
141 A	0.32362	0.18235	0.49403
142 G	0.31656	0.19624	0.4872
143 A	0.31101	0.21989	0.4691
144 T	0.30466	0.23375	0.4616
145 T	0.29689	0.24943	0.45368
146 A	0.28939	0.26333	0.44727
147 T	0.28184	0.27637	0.44178
148 G	0.26291	0.30093	0.43616
149 A	0.25571	0.31514	0.42915
150 A	0.25417	0.32424	0.42159
151 A	0.25507	0.32711	0.41781
152 A	0.25723	0.32460	0.41818
153 T	0.26199	0.31587	0.42215
154 T	0.26372	0.31493	0.42134
155 A	0.26303	0.32010	0.41687
156 T	0.26019	0.32600	0.41382
157 A	0.24632	0.34469	0.40898
158 A	0.23941	0.35210	0.40849
159 A	0.23856	0.35349	0.40795
160 G	0.24216	0.34978	0.40807
161 A	0.25464	0.33707	0.40829
162 A	0.28244	0.30772	0.40984
163 T	0.32526	0.25676	0.41799
164 T	0.34330	0.22851	0.42819
165 A	0.34850	0.21731	0.43418
166 A	0.36033	0.19817	0.4415
167 T	0.36768	0.17782	0.45451
168 C	0.36998	0.16143	0.46859
169 A	0.37499	0.15008	0.47493
170 T	0.38372	0.13293	0.48335
171 C	0.38703	0.11820	0.49476
172 G	0.38993	0.11198	0.49809
173 C	0.39535	0.10580	0.49886
174 T	0.39419	0.10725	0.49856
175 G	0.38603	0.11735	0.49663
176 G	0.38300	0.12517	0.49184
177 A	0.38357	0.13666	0.47977
178 G	0.38605	0.14386	0.47009
179 T	0.39271	0.13573	0.47157
180 T	0.39733	0.12820	0.47446
181 G	0.39454	0.14155	0.46391
182 A	0.39255	0.15907	0.44837
183 T	0.39181	0.17316	0.43503
184 A	0.39082	0.20297	0.40621
185 T	0.39006	0.21596	0.39399
186 A	0.38703	0.22580	0.38717
187 A	0.38597	0.22686	0.38717
188 T	0.38541	0.22596	0.38863
189 A	0.38162	0.22947	0.3889
190 A	0.37985	0.23064	0.38952
191 C	0.37898	0.22845	0.39257
192 A	0.37774	0.22968	0.39258
193 A	0.37669	0.23193	0.39138
194 T	0.37636	0.23053	0.3931
195 G	0.37502	0.23095	0.39403
196 G	0.37391	0.23263	0.39346
197 G	0.37453	0.22679	0.39868
198 A	0.37685	0.21630	0.40684
199 A	0.38268	0.20498	0.41233
200 A	0.40002	0.18269	0.41729
201 T	0.41981	0.15724	0.42295
202 C	0.42855	0.14505	0.4264
203 A	0.43934	0.13267	0.42798
204 T	0.45842	0.10974	0.43185
205 A	0.47086	0.09497	0.43417
206 C	0.48325	0.08045	0.43631
207 T	0.50876	0.05755	0.4337
208 T	0.51732	0.05530	0.42738
209 T	0.51906	0.05877	0.42217
210 T	0.51584	0.06826	0.4159
211 G	0.50766	0.08496	0.40738
212 A	0.50443	0.09275	0.40282
213 T	0.50245	0.09847	0.39908
214 A	0.49939	0.10477	0.39584
215 A	0.49958	0.10585	0.39457
216 T	0.50199	0.10352	0.39449
217 A	0.50276	0.10246	0.39479
218 A	0.50405	0.09970	0.39625
219 T	0.50596	0.09620	0.39784
220 T	0.50715	0.09429	0.39856
221 C	0.50726	0.09385	0.39889
222 C	0.50738	0.09372	0.39891
223 A	0.50760	0.09373	0.39867
224 T	0.50796	0.09346	0.39858
225 T	0.50780	0.09378	0.39842
226 A	0.50688	0.09526	0.39786
227 A	0.50689	0.09560	0.3975
228 G	0.50723	0.09467	0.3981
229 A	0.50866	0.09245	0.39889
230 A	0.51437	0.08525	0.40038
231 T	0.53017	0.06544	0.40439
232 T	0.54216	0.04983	0.40801
233 T	0.54941	0.03921	0.41138
234 T	0.55444	0.02852	0.41704
235 A	0.55754	0.02274	0.41972
236 T	0.56075	0.01739	0.42187
237 T	0.56319	0.01263	0.42419
238 T	0.56467	0.01011	0.42522
239 C	0.56518	0.00912	0.42569
240 T	0.56544	0.00884	0.42571
241 T	0.56532	0.00887	0.42581
242 C	0.56484	0.00930	0.42585
243 T	0.56305	0.01121	0.42574
244 T	0.55850	0.01595	0.42555
245 C	0.55271	0.02179	0.4255
246 T	0.54849	0.02635	0.42516
247 A	0.54364	0.03155	0.42481
248 A	0.54123	0.03397	0.4248
249 T	0.54034	0.03398	0.42568
250 A	0.53723	0.03714	0.42563
251 T	0.53632	0.03748	0.4262
252 T	0.53413	0.03965	0.42621
253 G	0.53159	0.04261	0.4258
254 T	0.53035	0.04410	0.42555
255 T	0.52895	0.04551	0.42554
256 A	0.52532	0.04910	0.42557
257 T	0.52349	0.05078	0.42573
258 A	0.52021	0.05381	0.42598
259 C	0.51858	0.05516	0.42627
260 C	0.51779	0.05583	0.42639
261 T	0.51629	0.05748	0.42624
262 G	0.51503	0.05889	0.42608
263 T	0.51482	0.05935	0.42584
264 T	0.51375	0.06073	0.42552
265 A	0.51316	0.06147	0.42537
266 A	0.51301	0.05923	0.42776
267 T	0.51251	0.05422	0.43327
268 T	0.51128	0.04948	0.43924
269 T	0.50836	0.04860	0.44304
270 A	0.48452	0.06980	0.44569
271 G	0.45796	0.09675	0.44529
272 A	0.45242	0.10497	0.44261
273 T	0.44751	0.10872	0.44376
274 A	0.43663	0.12234	0.44102
275 G	0.43309	0.12491	0.44201
276 T	0.43211	0.12532	0.44257
277 G	0.42058	0.13904	0.44039
278 A	0.41650	0.14388	0.43962
279 A	0.41235	0.14631	0.44133
280 T	0.40985	0.14680	0.44335
281 G	0.40702	0.14741	0.44557
282 T	0.40361	0.15007	0.44632
283 A	0.39898	0.15382	0.44719
284 C	0.39750	0.15339	0.44911
285 T	0.39596	0.15453	0.44951
286 G	0.39276	0.15757	0.44967
287 C	0.39137	0.15859	0.45004
288 T	0.38915	0.16245	0.4484
289 A	0.38177	0.17292	0.44531
290 G	0.37579	0.17779	0.44642
291 T	0.37370	0.17845	0.44785
292 A	0.36374	0.18544	0.45082
293 A	0.36122	0.16275	0.47603
294 C	0.36231	0.13212	0.50558
295 G	0.36359	0.12566	0.51075
296 G	0.36494	0.12161	0.51345
297 T	0.36856	0.11364	0.51779
298 T	0.36548	0.12499	0.50953
299 A	0.35905	0.13665	0.5043
300 T	0.35406	0.13599	0.50995
301 A	0.33258	0.16299	0.50444
302 A	0.31693	0.18975	0.49332
303 A	0.30411	0.22046	0.47542
304 A	0.29544	0.24487	0.45969
305 T	0.28606	0.27285	0.44109
306 A	0.23796	0.36043	0.40161
307 A	0.19814	0.42018	0.38167
308 T	0.18085	0.44645	0.3727
309 A	0.16817	0.46961	0.36222
310 A	0.16171	0.47872	0.35956
311 A	0.16092	0.47847	0.36061
312 A	0.16224	0.47101	0.36675
313 T	0.16220	0.46494	0.37286
314 A	0.15414	0.47233	0.37353
315 T	0.14556	0.47656	0.37788
316 A	0.13193	0.49222	0.37585
317 A	0.12504	0.50049	0.37447
318 A	0.11948	0.50741	0.37311
319 A	0.11550	0.51273	0.37177
320 A	0.11726	0.51030	0.37244
321 T	0.12744	0.49784	0.37472
322 A	0.13052	0.49464	0.37484
323 A	0.13507	0.48452	0.38041
324 A	0.14394	0.45742	0.39864
325 A	0.15870	0.42720	0.4141
326 A	0.17950	0.39398	0.42651
327 A	0.20214	0.35884	0.43902
328 A	0.23096	0.31508	0.45396
329 T	0.28312	0.21041	0.50646
330 T	0.30138	0.15408	0.54454
331 C	0.30664	0.13546	0.5579
332 T	0.31071	0.14451	0.54479
333 T	0.30735	0.19063	0.50202
334 A	0.30244	0.22768	0.46988
335 T	0.29893	0.24232	0.45875
336 A	0.29340	0.25671	0.44989
337 A	0.29204	0.25282	0.45514
338 T	0.29492	0.23929	0.46578
339 G	0.29503	0.22676	0.47821
340 A	0.29563	0.21976	0.48461
341 A	0.29847	0.21118	0.49034
342 C	0.30310	0.19959	0.49732
343 G	0.30623	0.19611	0.49766
344 C	0.31111	0.19106	0.49783
345 T	0.31653	0.18809	0.49537
346 T	0.31660	0.19294	0.49047
347 T	0.31445	0.19976	0.48579
348 A	0.30637	0.22182	0.47181
349 G	0.29719	0.24285	0.45997
350 G	0.29239	0.25364	0.45397
351 A	0.28823	0.26969	0.44208
352 A	0.28726	0.28135	0.43138
353 G	0.29180	0.28027	0.42794
354 A	0.30053	0.27229	0.42718
355 G	0.32448	0.24635	0.42918
356 T	0.37185	0.19794	0.43021
357 T	0.39971	0.16802	0.43226
358 T	0.40763	0.16105	0.43132
359 T	0.41088	0.15762	0.43149
360 T	0.41126	0.15857	0.43018
361 A	0.40909	0.16530	0.4256
362 T	0.40843	0.16646	0.42512
363 A	0.40672	0.17047	0.4228
364 A	0.40615	0.17330	0.42056
365 A	0.40632	0.17416	0.41953
366 T	0.40824	0.17205	0.41972
367 A	0.40841	0.17198	0.41961
368 A	0.41177	0.16759	0.42064
369 T	0.41742	0.15963	0.42295
370 A	0.42099	0.15326	0.42575
371 A	0.43460	0.13300	0.4324
372 T	0.44919	0.11018	0.44063
373 A	0.45502	0.10177	0.4432
374 A	0.46269	0.09133	0.44598
375 T	0.47126	0.08225	0.44649
376 T	0.47213	0.08079	0.44708
377 T	0.47147	0.08110	0.44743
378 A	0.47006	0.08265	0.4473
379 T	0.47364	0.07834	0.44802
380 C	0.47130	0.08068	0.44801
381 T	0.47255	0.07998	0.44746
382 T	0.46725	0.08509	0.44767
383 G	0.45595	0.09584	0.4482
384 T	0.45218	0.09878	0.44904
385 C	0.44334	0.10769	0.44897
386 C	0.44100	0.10999	0.44901
387 T	0.44069	0.11147	0.44784
388 T	0.43725	0.11615	0.4466
389 T	0.42862	0.12632	0.44507
390 T	0.41044	0.14685	0.44271
391 G	0.37614	0.18719	0.43667
392 A	0.35876	0.20859	0.43266
393 A	0.34540	0.22691	0.42768
394 A	0.33905	0.23486	0.4261
395 A	0.33700	0.23704	0.42597
396 A	0.33734	0.23553	0.42712
397 A	0.33848	0.23077	0.43076
398 T	0.34066	0.22318	0.43616
399 T	0.34094	0.21882	0.44024
400 G	0.34075	0.21691	0.44234
401 A	0.34109	0.21442	0.44449
402 A	0.34133	0.21142	0.44725
403 A	0.34213	0.20474	0.45313
404 A	0.34313	0.19947	0.4574
405 T	0.34447	0.18996	0.46557
406 A	0.34503	0.18022	0.47474
407 T	0.34653	0.17384	0.47962
408 T	0.34736	0.16396	0.48868
409 T	0.34728	0.16469	0.48803
410 T	0.34639	0.16937	0.48424
411 A	0.34182	0.18767	0.47051
412 A	0.33954	0.20664	0.45382
413 A	0.34061	0.20236	0.45703
414 T	0.34680	0.17688	0.47632
415 A	0.34893	0.17918	0.47189
416 T	0.35440	0.17024	0.47536
417 T	0.35516	0.16626	0.47858
418 T	0.35444	0.16875	0.4768
419 G	0.35295	0.17670	0.47035
420 T	0.35236	0.18269	0.46496
421 C	0.35120	0.18861	0.4602
422 A	0.35048	0.20484	0.44468
423 T	0.34978	0.21836	0.43186
424 A	0.34787	0.22819	0.42394
425 A	0.34621	0.23542	0.41837
426 A	0.34627	0.24012	0.41362
427 A	0.34701	0.24412	0.40886
428 A	0.34874	0.24726	0.404
429 A	0.35493	0.24173	0.40334
430 T	0.36488	0.23154	0.40358
431 A	0.37092	0.22498	0.40409
432 T	0.38142	0.21296	0.40562
433 A	0.38907	0.20411	0.40683
434 A	0.40757	0.18101	0.41141
435 T	0.43553	0.14971	0.41475
436 T	0.45141	0.13223	0.41636
437 A	0.45885	0.12398	0.41717
438 T	0.47636	0.10385	0.41978
439 T	0.48221	0.09649	0.4213
440 C	0.48389	0.09360	0.4225
441 A	0.48778	0.08997	0.42225
442 T	0.50157	0.07538	0.42305
443 T	0.51134	0.06539	0.42326
444 T	0.51852	0.05811	0.42336
445 T	0.52978	0.04713	0.42309
446 T	0.53619	0.03962	0.4242
447 A	0.53768	0.03763	0.42469
448 G	0.54066	0.03511	0.42422
449 A	0.54486	0.03158	0.42356
450 T	0.55016	0.02563	0.42421
451 T	0.55417	0.02201	0.42381
452 T	0.55363	0.02390	0.42247
453 T	0.54808	0.03179	0.42013
454 C	0.52995	0.05065	0.4194
455 A	0.50694	0.07600	0.41706
456 T	0.49328	0.09016	0.41656
457 G	0.47338	0.11046	0.41615
458 C	0.46398	0.12013	0.41589
459 A	0.45591	0.12901	0.41508
460 C	0.45377	0.13171	0.41452
461 A	0.45257	0.13409	0.41334
462 A	0.45232	0.13487	0.4128
463 G	0.45261	0.13459	0.4128
464 T	0.45403	0.13306	0.41291
465 T	0.45433	0.13280	0.41287
466 A	0.45455	0.13225	0.41319
467 C	0.45541	0.13035	0.41424
468 T	0.45617	0.12943	0.4144
469 A	0.45638	0.12974	0.41388
470 G	0.45742	0.12810	0.41449
471 T	0.45952	0.12601	0.41446
472 G	0.45968	0.12639	0.41393
473 A	0.45777	0.12833	0.4139
474 A	0.45695	0.12785	0.4152
475 A	0.45797	0.12431	0.41772
476 A	0.46006	0.11543	0.42451
477 A	0.46106	0.09570	0.44325
478 A	0.46331	0.06873	0.46796
479 T	0.46450	0.04965	0.48585
480 T	0.46513	0.03057	0.50431
481 G	0.46538	0.02308	0.51154
482 C	0.46600	0.01731	0.51669
483 T	0.46653	0.01673	0.51674
484 T	0.46717	0.01581	0.51702
485 T	0.46723	0.01621	0.51656
486 G	0.46674	0.01697	0.51629
487 G	0.46545	0.01874	0.51582
488 C	0.46504	0.01897	0.51599
489 T	0.46509	0.01989	0.51502
490 C	0.46393	0.02265	0.51341
491 A	0.46398	0.02635	0.50967
492 T	0.46515	0.02802	0.50683
493 T	0.46538	0.03458	0.50004
494 A	0.46537	0.03787	0.49676
495 T	0.46574	0.03880	0.49546
496 T	0.46591	0.03792	0.49617
497 T	0.46574	0.03758	0.49668
498 T	0.46381	0.04006	0.49613
499 G	0.45982	0.04500	0.49518
500 A	0.45753	0.04739	0.49508
501 T	0.45628	0.04872	0.495
502 G	0.45384	0.05143	0.49473
503 G	0.45213	0.05358	0.49428
504 C	0.45087	0.05571	0.49342
505 A	0.45066	0.05961	0.48973
506 A	0.45122	0.06187	0.48691
507 A	0.45161	0.06331	0.48509
508 A	0.45252	0.06383	0.48366
509 T	0.45377	0.06275	0.48349
510 T	0.45497	0.06106	0.48397
511 G	0.45554	0.06001	0.48445
512 A	0.45677	0.05845	0.48477
513 T	0.45893	0.05502	0.48604
514 G	0.46120	0.05240	0.48639
515 C	0.46364	0.04985	0.48651
516 T	0.47083	0.04340	0.48577
517 A	0.47221	0.04276	0.48503
518 T	0.47143	0.04364	0.48493
519 T	0.46887	0.04639	0.48474
520 G	0.46152	0.05448	0.48399
521 T	0.45448	0.06078	0.48475
522 A	0.42078	0.09397	0.48525
523 G	0.41248	0.10032	0.4872
524 G	0.39968	0.11251	0.48781
525 A	0.38724	0.12335	0.48941
526 A	0.37574	0.13375	0.4905
527 C	0.37122	0.13696	0.49182
528 G	0.35760	0.15074	0.49166
529 C	0.35151	0.15692	0.49158
530 A	0.35031	0.15850	0.4912
531 T	0.35030	0.15854	0.49117
532 A	0.34753	0.16143	0.49104
533 C	0.34717	0.16159	0.49124
534 T	0.34629	0.16252	0.49119
535 C	0.34458	0.16446	0.49097
536 A	0.34323	0.16790	0.48887
537 T	0.34289	0.16813	0.48898
538 G	0.34185	0.16924	0.48891
539 T	0.34150	0.16891	0.48959
540 T	0.33919	0.16956	0.49126
541 C	0.33396	0.16877	0.49727
542 A	0.33064	0.16817	0.50118
543 A	0.33037	0.16176	0.50787
544 A	0.33127	0.15323	0.51551
545 C	0.33402	0.11804	0.54794
546 T	0.33469	0.11311	0.5522
547 A	0.33479	0.10199	0.56322
548 A	0.33466	0.09251	0.57283
549 T	0.33290	0.08536	0.58174
550 G	0.32710	0.09341	0.57949
551 A	0.32334	0.09631	0.58035
552 T	0.31971	0.11390	0.5664
553 G	0.31593	0.14753	0.53654
554 A	0.31193	0.22638	0.46169
555 T	0.31045	0.27294	0.41661
556 A	0.30863	0.31862	0.37275
557 A	0.30756	0.34410	0.34835
558 A	0.30724	0.35662	0.33613
559 A	0.30833	0.36685	0.32482
560 T	0.30653	0.37250	0.32097
561 A	0.30210	0.37697	0.32093
562 T	0.30052	0.37706	0.32242
563 T	0.29782	0.37711	0.32507
564 A	0.28959	0.38116	0.32924
565 C	0.28610	0.38145	0.33244
566 C	0.28424	0.38343	0.33233
567 T	0.28266	0.38840	0.32893
568 A	0.27817	0.39929	0.32255
569 A	0.27563	0.40445	0.31992
570 A	0.27030	0.41189	0.31781
571 A	0.27004	0.41200	0.31795
572 A	0.27286	0.40671	0.32043
573 A	0.28316	0.39002	0.32681
574 A	0.30872	0.35935	0.33193
575 C	0.34394	0.31847	0.33759
576 A	0.38630	0.27297	0.34073
577 C	0.46639	0.18906	0.34455
578 T	0.51679	0.13812	0.34508
579 T	0.54860	0.10618	0.34522
580 T	0.56231	0.09278	0.34491
581 A	0.56745	0.08734	0.34522
582 T	0.57683	0.07774	0.34543
583 A	0.57882	0.07125	0.34993
584 T	0.57969	0.06390	0.35641
585 T	0.57727	0.06320	0.35952
586 T	0.57435	0.06314	0.36252
587 C	0.56842	0.06343	0.36815
588 A	0.56042	0.07106	0.36852
589 G	0.55430	0.07765	0.36805
590 A	0.55046	0.08065	0.36888
591 T	0.54626	0.08159	0.37214
592 G	0.52491	0.10091	0.37418
593 T	0.50537	0.11456	0.38006
594 C	0.44906	0.16957	0.38137
595 G	0.41893	0.20343	0.37763
596 G	0.38997	0.24232	0.3677
597 A	0.36652	0.27811	0.35537
598 A	0.35879	0.28699	0.35422
599 T	0.35426	0.29215	0.35358
600 G	0.34574	0.30093	0.35333
601 A	0.34253	0.30401	0.35346
602 C	0.34033	0.30462	0.35505
603 T	0.33839	0.30598	0.35563
604 G	0.33564	0.30754	0.35682
605 G	0.33458	0.30796	0.35747
606 A	0.33442	0.30683	0.35876
607 C	0.33440	0.30477	0.36083
608 C	0.33465	0.30071	0.36464
609 A	0.33554	0.29850	0.36596
610 T	0.33717	0.29424	0.3686
611 A	0.33730	0.29096	0.37174
612 T	0.33730	0.28738	0.37531
613 G	0.33348	0.28635	0.38016
614 A	0.32930	0.28043	0.39028
615 A	0.32318	0.26770	0.40912
616 G	0.31650	0.26021	0.42329
617 G	0.31346	0.21909	0.46745
618 A	0.31231	0.22280	0.46489
619 G	0.31982	0.21117	0.46901
620 T	0.32991	0.19924	0.47085
621 A	0.32592	0.22282	0.45127
622 A	0.32340	0.23679	0.43981
623 T	0.32155	0.24115	0.43731
624 T	0.31578	0.24855	0.43567
625 G	0.30339	0.26165	0.43496
626 G	0.29327	0.27248	0.43424
627 G	0.28647	0.28098	0.43254
628 C	0.27630	0.29863	0.42508
629 A	0.27264	0.32809	0.39927
630 A	0.26736	0.36284	0.3698
631 G	0.26118	0.42803	0.31079
632 A	0.25844	0.46035	0.28121
633 T	0.25814	0.47181	0.27004
634 A	0.25714	0.48344	0.25942
635 A	0.25773	0.48519	0.25708
636 A	0.26003	0.48192	0.25805
637 A	0.26674	0.47179	0.26148
638 A	0.28452	0.44810	0.26738
639 T	0.31702	0.40790	0.27509
640 A	0.33443	0.38759	0.27799
641 T	0.36555	0.35120	0.28325
642 T	0.37880	0.33611	0.28509
643 A	0.38591	0.32759	0.2865
644 T	0.40128	0.30557	0.29315
645 T	0.41641	0.28611	0.29749
646 A	0.42672	0.27293	0.30035
647 T	0.43573	0.25938	0.30489
648 T	0.43965	0.24819	0.31216
649 A	0.43941	0.24407	0.31651
650 A	0.44277	0.23605	0.32117
651 T	0.45221	0.21741	0.33038
652 A	0.47273	0.19623	0.33104
653 A	0.50302	0.16316	0.33382
654 T	0.57480	0.08641	0.33879
655 T	0.60058	0.06105	0.33837
656 T	0.59645	0.07486	0.3287
657 T	0.57013	0.12040	0.30947
658 A	0.47013	0.25119	0.27868
659 T	0.42311	0.31911	0.25778
660 A	0.37860	0.39182	0.22958
661 A	0.34574	0.42962	0.22464
662 A	0.33183	0.44666	0.22152
663 T	0.32021	0.46015	0.21964
664 A	0.28019	0.50298	0.21684
665 C	0.19204	0.59331	0.21465
666 A	0.09856	0.68810	0.21334
667 A	0.05821	0.72906	0.21273
668 A	0.04560	0.74183	0.21257
669 A	0.03882	0.74843	0.21275
670 C	0.03773	0.74927	0.213
671 A	0.03777	0.74870	0.21353
672 T	0.03926	0.74548	0.21526
673 A	0.03674	0.74829	0.21497
674 A	0.03512	0.75035	0.21453
675 A	0.03328	0.75296	0.21376
676 A	0.03347	0.75089	0.21563
677 A	0.03429	0.74681	0.2189
678 A	0.03863	0.73641	0.22497
679 A	0.05192	0.70688	0.24119
680 A	0.07385	0.64755	0.2786
681 G	0.10185	0.51251	0.38564
682 C	0.12115	0.43868	0.44017
683 A	0.14318	0.40333	0.45349
684 T	0.14865	0.38849	0.46286
685 A	0.15000	0.40356	0.44643
686 A	0.15036	0.40386	0.44578
687 A	0.15145	0.37596	0.4726
688 A	0.15311	0.28103	0.56586
689 T	0.15099	0.18492	0.66409
690 T	0.14309	0.15044	0.70647
691 G	0.11749	0.16377	0.71874
692 C	0.10511	0.17812	0.71676
693 A	0.09089	0.25132	0.65779
694 G	0.08001	0.29858	0.62141
695 A	0.07552	0.38513	0.53934
696 A	0.07527	0.45400	0.47073
697 G	0.07434	0.53214	0.39352
698 G	0.07392	0.59080	0.33528
699 T	0.07395	0.62384	0.30221
700 A	0.07120	0.65272	0.27608
701 A	0.06927	0.66967	0.26106
702 A	0.06841	0.67221	0.25938
703 A	0.06867	0.67192	0.25942
704 G	0.07010	0.66953	0.26037
705 A	0.07496	0.66453	0.26051
706 C	0.08640	0.65215	0.26145
707 A	0.09807	0.64197	0.25996
708 A	0.11745	0.62225	0.2603
709 T	0.12743	0.61115	0.26142
710 T	0.13054	0.60672	0.26274
711 A	0.13022	0.60633	0.26345
712 A	0.13047	0.59873	0.2708
713 A	0.13428	0.58069	0.28503
714 C	0.13973	0.54593	0.31434
715 G	0.15555	0.52099	0.32346
716 G	0.21678	0.45144	0.33178
717 A	0.26311	0.40008	0.33681
718 G	0.35473	0.30554	0.33974
719 T	0.45413	0.20566	0.34021
720 T	0.54375	0.11369	0.34255
721 T	0.59117	0.06490	0.34392
722 T	0.60673	0.05527	0.338
723 G	0.61271	0.05562	0.33167
724 T	0.61482	0.05491	0.33027
725 T	0.60825	0.06374	0.32801
726 A	0.59712	0.08064	0.32224
727 A	0.59138	0.08896	0.31966
728 C	0.58872	0.09326	0.31802
729 T	0.58526	0.09992	0.31482
730 T	0.58035	0.10823	0.31142
731 T	0.56974	0.12342	0.30685
732 A	0.55178	0.14387	0.30435
733 G	0.54317	0.15312	0.3037
734 G	0.53841	0.15772	0.30387
735 G	0.52044	0.17464	0.30492
736 C	0.50962	0.18452	0.30585
737 C	0.49832	0.19623	0.30545
738 T	0.47411	0.22345	0.30244
739 C	0.41582	0.28803	0.29615
740 A	0.37862	0.33604	0.28534
741 T	0.36452	0.35566	0.27983
742 A	0.34733	0.37775	0.27493
743 A	0.33793	0.38929	0.27278
744 G	0.32758	0.40082	0.27159
745 A	0.32712	0.40131	0.27156
746 A	0.33020	0.39647	0.27333
747 A	0.33236	0.39240	0.27524
748 A	0.33402	0.38415	0.28182
749 T	0.33958	0.37004	0.29038
750 T	0.33822	0.36715	0.29462
751 A	0.28940	0.42234	0.28826
752 C	0.28720	0.42178	0.29102
753 A	0.28673	0.42636	0.28691
754 A	0.28711	0.42506	0.28782
755 A	0.28885	0.41498	0.29617
756 A	0.29006	0.40809	0.30185
757 A	0.29215	0.40159	0.30626
758 T	0.29476	0.37417	0.33107
759 A	0.29601	0.36015	0.34383
760 A	0.29835	0.34264	0.35901
761 A	0.30278	0.30867	0.38855
762 T	0.31113	0.23818	0.45069
763 T	0.32052	0.19119	0.48829
764 T	0.32524	0.17061	0.50415
765 T	0.32792	0.15417	0.51792
766 A	0.32893	0.14453	0.52654
767 A	0.32995	0.13278	0.53727
768 C	0.33199	0.11999	0.54803
769 G	0.33428	0.11475	0.55096
770 A	0.33898	0.10787	0.55316
771 A	0.34450	0.09937	0.55612
772 T	0.35330	0.08681	0.55989
773 A	0.36073	0.07470	0.56457
774 A	0.37676	0.00000	0.62324
