# lcl|CP097583.1_cds_USQ93286.1_1
# AA	inside	membr	outside
1 A	0.64289	0.00000	0.35711
2 T	0.64284	0.00005	0.35711
3 G	0.64279	0.00010	0.35711
4 A	0.64279	0.01602	0.34119
5 T	0.64219	0.03257	0.32524
6 T	0.64219	0.03849	0.31932
7 A	0.61126	0.07278	0.31597
8 T	0.61126	0.07285	0.31589
9 T	0.60047	0.08535	0.31418
10 A	0.60043	0.27259	0.12699
11 A	0.59559	0.29207	0.11233
12 A	0.52680	0.36208	0.11112
13 A	0.42958	0.46591	0.10451
14 T	0.42952	0.46598	0.10451
15 A	0.42951	0.56070	0.00979
16 C	0.41796	0.57225	0.00979
17 A	0.40345	0.58691	0.00964
18 T	0.40290	0.58774	0.00937
19 A	0.36800	0.62268	0.00932
20 A	0.21763	0.77390	0.00847
21 C	0.04888	0.94266	0.00847
22 G	0.03907	0.95256	0.00836
23 C	0.03401	0.95767	0.00832
24 A	0.03112	0.96069	0.0082
25 A	0.03007	0.96175	0.00818
26 C	0.03004	0.96177	0.00819
27 A	0.04165	0.94994	0.0084
28 A	0.05560	0.93566	0.00874
29 G	0.06368	0.92471	0.01162
30 A	0.07943	0.88803	0.03255
31 C	0.08303	0.88287	0.0341
32 A	0.08698	0.87065	0.04237
33 A	0.21294	0.75006	0.037
34 A	0.22086	0.74125	0.03789
35 A	0.22657	0.69033	0.08309
36 A	0.23680	0.61792	0.14528
37 A	0.23768	0.59675	0.16557
38 T	0.32284	0.49549	0.18167
39 T	0.26900	0.55444	0.17655
40 A	0.25228	0.56653	0.18118
41 A	0.23886	0.57127	0.18986
42 A	0.22389	0.55262	0.22348
43 A	0.22159	0.42261	0.3558
44 A	0.20938	0.30745	0.48317
45 T	0.20262	0.32904	0.46835
46 T	0.19775	0.41440	0.38785
47 T	0.18994	0.54097	0.26909
48 T	0.17851	0.62307	0.19841
49 A	0.13263	0.71619	0.15119
50 A	0.10582	0.76372	0.13045
51 A	0.10092	0.77737	0.12172
52 A	0.09313	0.80948	0.09739
53 A	0.09009	0.82228	0.08764
54 A	0.09087	0.82018	0.08894
55 A	0.09360	0.81397	0.09243
56 T	0.10401	0.79398	0.10201
57 T	0.10814	0.78164	0.11023
58 T	0.11048	0.77629	0.11323
59 T	0.11345	0.76825	0.1183
60 A	0.11485	0.75932	0.12583
61 A	0.12103	0.74736	0.1316
62 T	0.14930	0.67082	0.17988
63 T	0.16123	0.64483	0.19393
64 A	0.16435	0.62996	0.20569
65 A	0.16999	0.60545	0.22456
66 G	0.17962	0.58886	0.23153
67 A	0.21308	0.53934	0.24759
68 T	0.28414	0.45367	0.26219
69 T	0.42259	0.29881	0.2786
70 T	0.54132	0.16055	0.29813
71 T	0.57694	0.12360	0.29947
72 T	0.58549	0.09629	0.31822
73 G	0.58782	0.09295	0.31923
74 A	0.58843	0.10569	0.30587
75 T	0.60876	0.10415	0.28709
76 T	0.61244	0.13573	0.25183
77 T	0.60403	0.16066	0.23532
78 T	0.58463	0.20724	0.20813
79 A	0.50332	0.35405	0.14262
80 T	0.44239	0.43489	0.12272
81 A	0.19774	0.72814	0.07412
82 G	0.08933	0.85636	0.05431
83 A	0.06977	0.89035	0.03989
84 A	0.05583	0.91682	0.02735
85 G	0.04953	0.92424	0.02623
86 A	0.04357	0.93104	0.0254
87 T	0.03981	0.93508	0.02511
88 A	0.03392	0.94113	0.02495
89 C	0.03137	0.94375	0.02488
90 G	0.02943	0.94591	0.02466
91 A	0.02877	0.94673	0.0245
92 A	0.02865	0.94696	0.02439
93 A	0.03057	0.94509	0.02433
94 A	0.04187	0.93383	0.0243
95 A	0.05548	0.91912	0.0254
96 A	0.07001	0.90208	0.02791
97 A	0.08896	0.87815	0.0329
98 T	0.12742	0.83013	0.04245
99 T	0.16232	0.77855	0.05913
100 A	0.17337	0.74715	0.07948
101 A	0.19832	0.69338	0.10831
102 T	0.27102	0.53559	0.19338
103 A	0.29043	0.45856	0.251
104 T	0.33152	0.18756	0.48092
105 T	0.34363	0.08449	0.57189
106 A	0.35273	0.06082	0.58646
107 T	0.36196	0.03955	0.59849
108 T	0.36258	0.03422	0.6032
109 T	0.36162	0.03083	0.60755
110 T	0.35728	0.03721	0.60551
111 T	0.35188	0.06344	0.58469
112 A	0.34070	0.10904	0.55026
113 T	0.30200	0.23196	0.46604
114 A	0.21145	0.42025	0.3683
115 A	0.17739	0.48827	0.33434
116 A	0.15257	0.57388	0.27354
117 T	0.13449	0.62798	0.23753
118 A	0.08405	0.82738	0.08858
119 A	0.06954	0.87216	0.0583
120 T	0.06506	0.88394	0.051
121 A	0.05744	0.90042	0.04215
122 A	0.05330	0.90716	0.03954
123 T	0.05137	0.91095	0.03767
124 A	0.04853	0.91484	0.03662
125 A	0.04782	0.91562	0.03656
126 A	0.04783	0.91500	0.03717
127 A	0.04801	0.91427	0.03773
128 T	0.04913	0.91164	0.03923
129 G	0.04990	0.90915	0.04095
130 C	0.05118	0.90566	0.04316
131 A	0.05337	0.90247	0.04416
132 A	0.05686	0.89711	0.04603
133 G	0.06454	0.88593	0.04953
134 A	0.09202	0.85463	0.05334
135 A	0.13060	0.80767	0.06173
136 A	0.22125	0.66614	0.11261
137 T	0.32188	0.47203	0.20609
138 G	0.35599	0.40940	0.2346
139 A	0.41298	0.34437	0.24265
140 A	0.45348	0.30338	0.24314
141 T	0.59903	0.11788	0.2831
142 T	0.62592	0.08946	0.28462
143 T	0.63203	0.08628	0.28169
144 T	0.63529	0.09424	0.27047
145 T	0.63509	0.13576	0.22915
146 A	0.63427	0.19476	0.17097
147 T	0.63348	0.20057	0.16596
148 T	0.63184	0.20942	0.15874
149 A	0.62641	0.21606	0.15753
150 T	0.62245	0.22033	0.15722
151 C	0.61114	0.23339	0.15547
152 G	0.59867	0.24810	0.15323
153 C	0.56659	0.28395	0.14945
154 C	0.55233	0.30508	0.14259
155 A	0.54075	0.33576	0.12349
156 A	0.53230	0.35219	0.11551
157 A	0.52832	0.35842	0.11327
158 A	0.52726	0.35976	0.11298
159 A	0.52767	0.35950	0.11283
160 A	0.53052	0.35658	0.1129
161 A	0.53560	0.35088	0.11352
162 C	0.55187	0.33381	0.11431
163 T	0.57091	0.31441	0.11468
164 A	0.58054	0.30452	0.11495
165 T	0.59898	0.28535	0.11568
166 C	0.60835	0.27478	0.11686
167 C	0.62309	0.25963	0.11728
168 T	0.66061	0.22098	0.1184
169 A	0.70333	0.17728	0.11938
170 C	0.71030	0.16890	0.1208
171 T	0.71740	0.16106	0.12154
172 G	0.71869	0.15509	0.12622
173 A	0.72020	0.14774	0.13207
174 T	0.72584	0.13000	0.14416
175 G	0.73140	0.11504	0.15356
176 T	0.74118	0.07310	0.18572
177 T	0.74802	0.05420	0.19778
178 T	0.75531	0.03849	0.2062
179 T	0.75150	0.03992	0.20858
180 A	0.73905	0.05587	0.20508
181 A	0.73207	0.06718	0.20075
182 C	0.72979	0.07040	0.1998
183 T	0.72806	0.07333	0.19861
184 T	0.72388	0.07807	0.19805
185 T	0.71607	0.08671	0.19722
186 T	0.70220	0.10101	0.19679
187 C	0.66487	0.13930	0.19583
188 C	0.64063	0.16535	0.19402
189 A	0.62363	0.18503	0.19134
190 A	0.61870	0.19056	0.19073
191 A	0.61528	0.19425	0.19046
192 T	0.61367	0.19604	0.19029
193 A	0.61050	0.19966	0.18985
194 C	0.60931	0.20003	0.19066
195 A	0.60915	0.20175	0.18909
196 A	0.60929	0.20267	0.18804
197 A	0.61017	0.20189	0.18794
198 T	0.61317	0.19837	0.18846
199 T	0.61574	0.19594	0.18831
200 A	0.61857	0.19034	0.19108
201 T	0.62093	0.18268	0.19639
202 G	0.62300	0.17401	0.20299
203 A	0.62797	0.15839	0.21364
204 T	0.63357	0.14602	0.22041
205 G	0.63514	0.14066	0.2242
206 A	0.63636	0.13559	0.22805
207 T	0.63831	0.12417	0.23752
208 T	0.63935	0.11151	0.24915
209 A	0.63980	0.09803	0.26218
210 T	0.64089	0.06538	0.29373
211 T	0.64192	0.04465	0.31343
212 T	0.64288	0.03083	0.32628
213 A	0.64118	0.03000	0.32882
214 G	0.64101	0.02823	0.33075
215 G	0.64114	0.02889	0.32997
216 T	0.64155	0.03211	0.32635
217 G	0.64132	0.04108	0.31759
218 A	0.64295	0.04248	0.31456
219 T	0.64443	0.04500	0.31057
220 A	0.64476	0.04698	0.30826
221 T	0.64538	0.04704	0.30758
222 C	0.64594	0.04703	0.30703
223 T	0.64696	0.04752	0.30553
224 T	0.64739	0.04893	0.30367
225 T	0.64776	0.04961	0.30263
226 A	0.64774	0.04981	0.30245
227 T	0.64836	0.04932	0.30232
228 T	0.64875	0.04879	0.30246
229 T	0.64884	0.04935	0.30181
230 C	0.64810	0.05110	0.3008
231 T	0.64768	0.05549	0.29682
232 T	0.64706	0.05683	0.29611
233 T	0.64402	0.06062	0.29536
234 A	0.64031	0.06513	0.29455
235 A	0.63839	0.06764	0.29397
236 C	0.63770	0.06676	0.29554
237 G	0.63189	0.07416	0.29395
238 A	0.63073	0.07928	0.29
239 A	0.62856	0.08558	0.28587
240 A	0.63384	0.08323	0.28293
241 G	0.63645	0.08269	0.28085
242 T	0.64139	0.08140	0.27721
243 T	0.64229	0.08637	0.27134
244 T	0.63980	0.09867	0.26153
245 T	0.63406	0.11180	0.25414
246 T	0.62749	0.12058	0.25193
247 G	0.61384	0.14003	0.24613
248 A	0.60342	0.15377	0.24281
249 A	0.59499	0.16404	0.24098
250 C	0.59063	0.16853	0.24085
251 A	0.58126	0.17845	0.24029
252 A	0.57599	0.18337	0.24064
253 G	0.57433	0.18398	0.24169
254 C	0.57533	0.18194	0.24273
255 T	0.57437	0.18262	0.24301
256 C	0.57045	0.18462	0.24493
257 A	0.56530	0.18961	0.2451
258 A	0.55975	0.19535	0.24491
259 A	0.55743	0.19810	0.24447
260 A	0.55578	0.19477	0.24945
261 A	0.55787	0.19151	0.25062
262 A	0.56067	0.18059	0.25874
263 T	0.56351	0.17477	0.26171
264 A	0.56270	0.17289	0.26441
265 G	0.56516	0.16431	0.27053
266 G	0.57087	0.15119	0.27794
267 T	0.58116	0.13367	0.28518
268 C	0.58548	0.12311	0.29141
269 A	0.58721	0.12594	0.28686
270 T	0.59219	0.11837	0.28944
271 A	0.59407	0.11813	0.2878
272 G	0.59528	0.11313	0.29159
273 T	0.59519	0.11181	0.293
274 T	0.59463	0.10458	0.30079
275 T	0.59191	0.10445	0.30364
276 A	0.58526	0.11500	0.29973
277 G	0.58023	0.12026	0.29951
278 A	0.57682	0.12470	0.29847
279 A	0.57330	0.12827	0.29843
280 A	0.57204	0.12517	0.3028
281 G	0.57218	0.11968	0.30814
282 A	0.57289	0.11734	0.30977
283 G	0.57408	0.11415	0.31176
284 A	0.57585	0.11155	0.3126
285 A	0.57813	0.10778	0.3141
286 G	0.58165	0.10213	0.31621
287 T	0.58465	0.09587	0.31948
288 T	0.58629	0.09217	0.32154
289 G	0.58709	0.09067	0.32224
290 C	0.58879	0.08854	0.32267
291 A	0.59164	0.08594	0.32241
292 T	0.60012	0.07722	0.32266
293 T	0.60613	0.07121	0.32266
294 T	0.61345	0.06375	0.3228
295 T	0.61598	0.06169	0.32233
296 T	0.61738	0.05888	0.32374
297 A	0.61810	0.05695	0.32494
298 G	0.62023	0.05127	0.3285
299 T	0.62579	0.04001	0.33421
300 T	0.62752	0.03407	0.33841
301 A	0.62681	0.03238	0.3408
302 T	0.62894	0.02705	0.34401
303 T	0.62660	0.02807	0.34533
304 C	0.62173	0.03296	0.34531
305 A	0.61759	0.04025	0.34216
306 T	0.61760	0.04136	0.34104
307 G	0.61493	0.04642	0.33865
308 G	0.61429	0.04958	0.33613
309 T	0.61398	0.05041	0.33561
310 T	0.61166	0.05336	0.33497
311 A	0.60896	0.05665	0.33438
312 T	0.60811	0.05734	0.33454
313 C	0.60487	0.06073	0.3344
314 T	0.60472	0.06167	0.3336
315 T	0.60399	0.06345	0.33256
316 C	0.60223	0.06732	0.33046
317 A	0.60107	0.07130	0.32764
318 T	0.60023	0.07423	0.32554
319 T	0.59257	0.08465	0.32279
320 T	0.58372	0.09513	0.32115
321 A	0.56720	0.11562	0.31718
322 A	0.55184	0.13423	0.31392
323 A	0.54134	0.14567	0.31298
324 A	0.51720	0.16949	0.31331
325 G	0.50158	0.18668	0.31174
326 G	0.49125	0.20005	0.30871
327 A	0.48679	0.21290	0.3003
328 T	0.48851	0.21441	0.29708
329 A	0.48669	0.22113	0.29218
330 T	0.48739	0.21991	0.2927
331 A	0.48692	0.22139	0.29169
332 A	0.48611	0.22136	0.29254
333 T	0.48561	0.21871	0.29568
334 G	0.48322	0.21851	0.29827
335 A	0.48169	0.21879	0.29952
336 C	0.48067	0.21683	0.3025
337 G	0.47929	0.21828	0.30242
338 A	0.47322	0.22587	0.30091
339 T	0.46857	0.23108	0.30035
340 A	0.45684	0.24271	0.30045
341 C	0.45071	0.24755	0.30173
342 T	0.44092	0.25325	0.30583
343 G	0.42168	0.26844	0.30988
344 A	0.41871	0.26608	0.31521
345 A	0.41897	0.26338	0.31765
346 G	0.41982	0.25632	0.32387
347 A	0.42415	0.22649	0.34936
348 A	0.43155	0.20287	0.36558
349 T	0.44016	0.18013	0.37971
350 C	0.44874	0.16636	0.3849
351 T	0.45423	0.15996	0.38581
352 T	0.45497	0.15889	0.38613
353 T	0.44920	0.16620	0.3846
354 A	0.43833	0.18023	0.38144
355 C	0.42820	0.19286	0.37894
356 A	0.39314	0.25955	0.34732
357 A	0.37219	0.30172	0.32609
358 G	0.35908	0.33713	0.3038
359 A	0.35125	0.35645	0.2923
360 A	0.34757	0.36556	0.28687
361 A	0.34848	0.36045	0.29106
362 T	0.35260	0.34480	0.30259
363 G	0.35394	0.32825	0.31781
364 A	0.35646	0.31671	0.32683
365 T	0.36353	0.29545	0.34102
366 C	0.36575	0.27685	0.3574
367 G	0.36937	0.27277	0.35785
368 A	0.37538	0.26980	0.35483
369 T	0.37670	0.26817	0.35512
370 A	0.37610	0.27148	0.35242
371 T	0.37558	0.27417	0.35025
372 A	0.37018	0.28247	0.34735
373 C	0.35187	0.29958	0.34855
374 A	0.33079	0.33397	0.33523
375 A	0.31197	0.37176	0.31626
376 G	0.29531	0.39953	0.30516
377 A	0.28961	0.41418	0.29621
378 A	0.28084	0.42794	0.29121
379 G	0.30745	0.37202	0.32053
380 A	0.32772	0.34122	0.33107
381 T	0.35169	0.31081	0.33749
382 A	0.35804	0.31752	0.32444
383 T	0.36178	0.32202	0.3162
384 T	0.35968	0.33352	0.3068
385 T	0.33463	0.37516	0.29022
386 T	0.32595	0.38392	0.29012
387 A	0.30966	0.40052	0.28981
388 A	0.30102	0.40990	0.28908
389 A	0.29921	0.41098	0.2898
390 C	0.29999	0.40896	0.29105
391 A	0.30359	0.40499	0.29141
392 A	0.30561	0.40244	0.29195
393 A	0.30973	0.39720	0.29308
394 A	0.31437	0.39120	0.29444
395 A	0.32268	0.37857	0.29875
396 T	0.33338	0.34554	0.32107
397 A	0.34890	0.30910	0.342
398 A	0.37193	0.26543	0.36263
399 T	0.39321	0.22412	0.38267
400 A	0.40824	0.19726	0.39451
401 T	0.42347	0.16739	0.40914
402 T	0.43554	0.14767	0.4168
403 A	0.44493	0.13403	0.42103
404 T	0.45642	0.11608	0.42749
405 T	0.47392	0.08812	0.43797
406 T	0.48187	0.06950	0.44863
407 A	0.48812	0.04877	0.46311
408 A	0.50250	0.00000	0.49751
