# lcl|CP097583.1_cds_USQ93269.1_1
# AA	inside	membr	outside
1 A	0.07060	0.00000	0.9294
2 T	0.07005	0.00055	0.9294
3 G	0.06962	0.00098	0.9294
4 A	0.06962	0.00350	0.92688
5 A	0.06643	0.00821	0.92536
6 A	0.06643	0.00826	0.92531
7 A	0.04446	0.03026	0.92529
8 A	0.04446	0.03026	0.92529
9 A	0.04346	0.03127	0.92527
10 C	0.04346	0.03270	0.92385
11 A	0.04322	0.03326	0.92353
12 A	0.04081	0.03578	0.92342
13 A	0.03357	0.04307	0.92336
14 T	0.03357	0.04307	0.92336
15 A	0.03357	0.04325	0.92318
16 T	0.03346	0.04336	0.92318
17 C	0.03315	0.04367	0.92318
18 T	0.03313	0.04370	0.92317
19 T	0.03268	0.04415	0.92317
20 T	0.03021	0.04663	0.92316
21 A	0.02537	0.05146	0.92318
22 T	0.02559	0.05117	0.92323
23 C	0.02563	0.05043	0.92395
24 T	0.02618	0.04976	0.92405
25 T	0.02631	0.04880	0.92489
26 T	0.02588	0.04885	0.92527
27 T	0.02595	0.04835	0.9257
28 A	0.02464	0.04835	0.92702
29 A	0.02370	0.04812	0.92818
30 C	0.02321	0.02934	0.94744
31 A	0.02296	0.02941	0.94762
32 A	0.02289	0.02870	0.9484
33 A	0.02422	0.02714	0.94863
34 A	0.02462	0.02643	0.94896
35 T	0.02487	0.02416	0.95096
36 T	0.02498	0.01695	0.95807
37 T	0.02500	0.01629	0.95871
38 A	0.02504	0.01589	0.95906
39 T	0.02500	0.01502	0.95998
40 A	0.02493	0.01425	0.96083
41 T	0.02489	0.01313	0.96198
42 T	0.02479	0.01246	0.96276
43 G	0.02474	0.01053	0.96473
44 G	0.02468	0.00779	0.96753
45 A	0.02467	0.00770	0.96763
46 T	0.02470	0.00727	0.96803
47 T	0.02474	0.00690	0.96836
48 A	0.02476	0.00647	0.96877
49 T	0.02479	0.00573	0.96948
50 T	0.02481	0.00486	0.97034
51 T	0.02481	0.00340	0.9718
52 T	0.02479	0.00271	0.97251
53 T	0.02475	0.00237	0.97288
54 A	0.02472	0.00221	0.97307
55 T	0.02471	0.00211	0.97319
56 T	0.02469	0.00207	0.97323
57 T	0.02466	0.00209	0.97326
58 T	0.02460	0.00218	0.97322
59 T	0.02452	0.00226	0.97322
60 A	0.02437	0.00244	0.9732
61 A	0.02432	0.00245	0.97324
62 T	0.02434	0.00235	0.97332
63 A	0.02434	0.00227	0.97339
64 A	0.02437	0.00216	0.97346
65 C	0.02448	0.00194	0.97359
66 T	0.02458	0.00179	0.97363
67 T	0.02482	0.00152	0.97365
68 T	0.02493	0.00140	0.97367
69 A	0.02495	0.00138	0.97366
70 T	0.02502	0.00132	0.97366
71 G	0.02505	0.00125	0.9737
72 T	0.02514	0.00116	0.9737
73 T	0.02522	0.00111	0.97367
74 T	0.02524	0.00111	0.97365
75 T	0.02519	0.00124	0.97358
76 T	0.02504	0.00148	0.97348
77 A	0.02485	0.00173	0.97342
78 T	0.02477	0.00182	0.97341
79 T	0.02466	0.00192	0.97342
80 G	0.02451	0.00204	0.97345
81 T	0.02446	0.00203	0.97351
82 A	0.02438	0.00206	0.97357
83 T	0.02439	0.00195	0.97366
84 T	0.02431	0.00199	0.9737
85 C	0.02415	0.00213	0.97371
86 C	0.02408	0.00222	0.97371
87 T	0.02391	0.00240	0.9737
88 A	0.02367	0.00263	0.9737
89 A	0.02355	0.00276	0.9737
90 T	0.02348	0.00282	0.9737
91 C	0.02330	0.00300	0.9737
92 C	0.02321	0.00308	0.97371
93 A	0.02314	0.00315	0.9737
94 A	0.02314	0.00315	0.9737
95 A	0.02316	0.00313	0.97371
96 T	0.02326	0.00303	0.97371
97 G	0.02332	0.00293	0.97375
98 T	0.02346	0.00263	0.97391
99 T	0.02357	0.00231	0.97411
100 T	0.02364	0.00203	0.97433
101 T	0.02366	0.00190	0.97444
102 T	0.02365	0.00179	0.97456
103 A	0.02362	0.00170	0.97469
104 C	0.02361	0.00159	0.9748
105 T	0.02360	0.00153	0.97488
106 A	0.02358	0.00152	0.9749
107 A	0.02358	0.00146	0.97497
108 T	0.02359	0.00132	0.9751
109 T	0.02360	0.00124	0.97517
110 T	0.02360	0.00103	0.97538
111 T	0.02358	0.00079	0.97563
112 T	0.02357	0.00066	0.97577
113 G	0.02355	0.00060	0.97585
114 T	0.02353	0.00047	0.97599
115 T	0.02351	0.00042	0.97607
116 T	0.02349	0.00039	0.97612
117 A	0.02343	0.00043	0.97614
118 T	0.02339	0.00046	0.97615
119 T	0.02334	0.00051	0.97616
120 T	0.02327	0.00058	0.97614
121 G	0.02321	0.00066	0.97613
122 G	0.02319	0.00068	0.97613
123 T	0.02318	0.00069	0.97613
124 A	0.02317	0.00071	0.97611
125 T	0.02317	0.00070	0.97614
126 T	0.02317	0.00067	0.97616
127 T	0.02317	0.00067	0.97617
128 T	0.02316	0.00067	0.97616
129 T	0.02312	0.00072	0.97617
130 G	0.02304	0.00082	0.97614
131 T	0.02300	0.00090	0.9761
132 A	0.02290	0.00109	0.97601
133 A	0.02280	0.00136	0.97584
134 T	0.02271	0.00158	0.9757
135 T	0.02255	0.00183	0.97562
136 A	0.02240	0.00203	0.97557
137 T	0.02228	0.00217	0.97555
138 G	0.02212	0.00233	0.97554
139 A	0.02204	0.00241	0.97555
140 T	0.02200	0.00241	0.9756
141 G	0.02189	0.00249	0.97563
142 G	0.02183	0.00250	0.97567
143 G	0.02183	0.00245	0.97572
144 T	0.02184	0.00241	0.97575
145 T	0.02184	0.00241	0.97575
146 C	0.02184	0.00241	0.97575
147 T	0.02184	0.00242	0.97574
148 G	0.02184	0.00245	0.97571
149 T	0.02184	0.00249	0.97567
150 T	0.02179	0.00262	0.97559
151 A	0.02166	0.00294	0.97539
152 A	0.02150	0.00321	0.9753
153 A	0.02106	0.00360	0.97535
154 G	0.02083	0.00379	0.97538
155 A	0.02072	0.00383	0.97545
156 A	0.02084	0.00361	0.97555
157 T	0.02101	0.00333	0.97566
158 T	0.02106	0.00314	0.9758
159 A	0.02090	0.00323	0.97588
160 T	0.02079	0.00330	0.97591
161 T	0.02057	0.00352	0.97591
162 A	0.01798	0.00632	0.97571
163 A	0.01663	0.00766	0.9757
164 A	0.01615	0.00807	0.97578
165 T	0.01544	0.00872	0.97584
166 G	0.01382	0.01031	0.97587
167 C	0.01227	0.01184	0.97589
168 T	0.01111	0.01302	0.97588
169 G	0.00934	0.01480	0.97586
170 C	0.00820	0.01595	0.97584
171 A	0.00768	0.01654	0.97577
172 A	0.00752	0.01673	0.97575
173 A	0.00745	0.01679	0.97576
174 A	0.00760	0.01657	0.97583
175 T	0.00772	0.01632	0.97595
176 T	0.00768	0.01592	0.9764
177 A	0.00743	0.01599	0.97657
178 A	0.00726	0.01602	0.97672
179 C	0.00691	0.01626	0.97684
180 A	0.00626	0.01708	0.97666
181 A	0.00586	0.01751	0.97664
182 A	0.00575	0.01750	0.97676
183 A	0.00571	0.01742	0.97687
184 A	0.00574	0.01716	0.97709
185 G	0.00594	0.01414	0.97992
186 T	0.00598	0.01258	0.98144
187 A	0.00598	0.01199	0.98203
188 A	0.00599	0.01119	0.98282
189 A	0.00600	0.00954	0.98446
190 T	0.00603	0.00779	0.98618
191 T	0.00605	0.00652	0.98743
192 T	0.00607	0.00505	0.98889
193 G	0.00606	0.00419	0.98975
194 T	0.00609	0.00376	0.99014
195 A	0.00609	0.00361	0.99029
196 C	0.00611	0.00342	0.99047
197 A	0.00615	0.00335	0.99051
198 A	0.00617	0.00328	0.99054
199 A	0.00622	0.00315	0.99063
200 T	0.00637	0.00276	0.99087
201 T	0.00645	0.00253	0.99102
202 A	0.00649	0.00206	0.99145
203 T	0.00666	0.00119	0.99215
204 T	0.00672	0.00071	0.99257
205 T	0.00675	0.00051	0.99274
206 T	0.00677	0.00039	0.99283
207 T	0.00678	0.00032	0.99289
208 T	0.00679	0.00027	0.99294
209 T	0.00679	0.00025	0.99296
210 T	0.00679	0.00023	0.99297
211 A	0.00680	0.00022	0.99298
212 T	0.00681	0.00019	0.99299
213 T	0.00682	0.00017	0.99301
214 T	0.00683	0.00015	0.99303
215 T	0.00683	0.00014	0.99304
216 T	0.00683	0.00012	0.99305
217 G	0.00683	0.00011	0.99306
218 T	0.00684	0.00009	0.99307
219 T	0.00684	0.00008	0.99308
220 T	0.00685	0.00007	0.99308
221 T	0.00685	0.00006	0.99308
222 T	0.00685	0.00006	0.99309
223 T	0.00685	0.00006	0.99309
224 T	0.00685	0.00006	0.99309
225 A	0.00685	0.00007	0.99309
226 T	0.00685	0.00007	0.99309
227 T	0.00685	0.00006	0.99309
228 T	0.00685	0.00006	0.99309
229 T	0.00685	0.00006	0.99309
230 T	0.00685	0.00007	0.99309
231 T	0.00685	0.00007	0.99309
232 T	0.00684	0.00007	0.99309
233 G	0.00684	0.00007	0.99308
234 T	0.00684	0.00007	0.99308
235 T	0.00684	0.00008	0.99308
236 A	0.00683	0.00008	0.99308
237 T	0.00683	0.00008	0.99308
238 T	0.00683	0.00008	0.99309
239 T	0.00683	0.00008	0.99309
240 T	0.00683	0.00008	0.99309
241 T	0.00683	0.00008	0.99309
242 T	0.00683	0.00008	0.99309
243 A	0.00683	0.00008	0.99309
244 T	0.00683	0.00008	0.99309
245 C	0.00683	0.00008	0.99309
246 T	0.00683	0.00008	0.99309
247 T	0.00683	0.00008	0.99309
248 T	0.00680	0.00011	0.99309
249 T	0.00677	0.00016	0.99308
250 T	0.00675	0.00020	0.99305
251 T	0.00671	0.00028	0.99301
252 G	0.00665	0.00041	0.99294
253 T	0.00661	0.00056	0.99283
254 T	0.00657	0.00068	0.99275
255 G	0.00647	0.00083	0.9927
256 A	0.00644	0.00095	0.99261
257 A	0.00643	0.00100	0.99257
258 T	0.00642	0.00102	0.99256
259 T	0.00642	0.00104	0.99255
260 T	0.00641	0.00106	0.99253
261 T	0.00640	0.00107	0.99253
262 T	0.00640	0.00107	0.99253
263 T	0.00638	0.00110	0.99252
264 T	0.00634	0.00115	0.99251
265 C	0.00628	0.00124	0.99249
266 A	0.00616	0.00148	0.99237
267 G	0.00568	0.00209	0.99223
268 A	0.00543	0.00235	0.99222
269 A	0.00533	0.00246	0.99221
270 A	0.00530	0.00249	0.99221
271 A	0.00529	0.00246	0.99226
272 C	0.00531	0.00238	0.99232
273 A	0.00534	0.00232	0.99233
274 G	0.00541	0.00222	0.99237
275 G	0.00551	0.00209	0.99241
276 T	0.00568	0.00191	0.99242
277 T	0.00575	0.00185	0.9924
278 T	0.00578	0.00181	0.99241
279 T	0.00581	0.00184	0.99235
280 T	0.00581	0.00185	0.99233
281 T	0.00577	0.00194	0.99228
282 A	0.00573	0.00203	0.99224
283 T	0.00571	0.00209	0.99221
284 C	0.00560	0.00227	0.99213
285 A	0.00543	0.00283	0.99173
286 A	0.00532	0.00314	0.99154
287 A	0.00523	0.00334	0.99143
288 A	0.00496	0.00358	0.99145
289 A	0.00494	0.00351	0.99155
290 T	0.00499	0.00294	0.99207
291 T	0.00477	0.00291	0.99232
292 C	0.00427	0.00333	0.99241
293 C	0.00353	0.00412	0.99236
294 A	0.00290	0.00491	0.99219
295 G	0.00244	0.00543	0.99214
296 A	0.00198	0.00593	0.99209
297 G	0.00180	0.00612	0.99209
298 G	0.00170	0.00622	0.99208
299 A	0.00163	0.00629	0.99208
300 A	0.00165	0.00626	0.99209
301 C	0.00171	0.00618	0.99211
302 A	0.00177	0.00610	0.99212
303 A	0.00180	0.00606	0.99214
304 C	0.00187	0.00593	0.99219
305 C	0.00190	0.00589	0.99221
306 A	0.00192	0.00587	0.9922
307 A	0.00200	0.00574	0.99226
308 T	0.00233	0.00533	0.99234
309 T	0.00241	0.00520	0.9924
310 A	0.00230	0.00521	0.99249
311 T	0.00220	0.00494	0.99287
312 A	0.00199	0.00496	0.99305
313 A	0.00190	0.00489	0.99321
314 A	0.00184	0.00465	0.99351
315 A	0.00185	0.00408	0.99407
316 T	0.00193	0.00322	0.99485
317 T	0.00203	0.00253	0.99544
318 A	0.00199	0.00218	0.99583
319 T	0.00192	0.00186	0.99621
320 T	0.00163	0.00204	0.99634
321 A	0.00129	0.00231	0.9964
322 C	0.00105	0.00249	0.99645
323 A	0.00082	0.00278	0.9964
324 A	0.00074	0.00288	0.99638
325 A	0.00071	0.00292	0.99637
326 A	0.00069	0.00293	0.99638
327 A	0.00068	0.00293	0.99639
328 T	0.00069	0.00282	0.99649
329 T	0.00070	0.00273	0.99658
330 A	0.00069	0.00267	0.99663
331 T	0.00070	0.00257	0.99673
332 T	0.00070	0.00243	0.99686
333 T	0.00069	0.00227	0.99703
334 G	0.00068	0.00216	0.99715
335 T	0.00068	0.00203	0.99729
336 T	0.00067	0.00198	0.99736
337 A	0.00064	0.00195	0.99741
338 A	0.00063	0.00192	0.99745
339 A	0.00063	0.00188	0.99748
340 G	0.00064	0.00179	0.99757
341 A	0.00065	0.00168	0.99767
342 A	0.00068	0.00152	0.9978
343 T	0.00075	0.00115	0.99811
344 A	0.00079	0.00082	0.99839
345 T	0.00084	0.00055	0.99862
346 T	0.00090	0.00030	0.9988
347 T	0.00091	0.00021	0.99887
348 T	0.00092	0.00017	0.99891
349 T	0.00093	0.00014	0.99893
350 T	0.00093	0.00013	0.99894
351 A	0.00093	0.00012	0.99894
352 T	0.00093	0.00011	0.99895
353 T	0.00094	0.00010	0.99896
354 T	0.00094	0.00009	0.99897
355 T	0.00094	0.00008	0.99897
356 G	0.00094	0.00008	0.99898
357 T	0.00094	0.00006	0.99899
358 T	0.00094	0.00005	0.999
359 T	0.00094	0.00004	0.99901
360 T	0.00094	0.00002	0.99903
361 T	0.00094	0.00002	0.99903
362 T	0.00094	0.00002	0.99904
363 G	0.00094	0.00002	0.99904
364 T	0.00094	0.00002	0.99904
365 T	0.00094	0.00003	0.99904
366 T	0.00094	0.00003	0.99903
367 T	0.00094	0.00003	0.99903
368 T	0.00094	0.00003	0.99903
369 T	0.00093	0.00004	0.99903
370 T	0.00093	0.00004	0.99903
371 T	0.00093	0.00004	0.99903
372 G	0.00093	0.00005	0.99903
373 A	0.00093	0.00005	0.99903
374 T	0.00092	0.00005	0.99903
375 T	0.00092	0.00005	0.99903
376 T	0.00092	0.00005	0.99903
377 G	0.00092	0.00005	0.99903
378 T	0.00092	0.00005	0.99903
379 T	0.00092	0.00005	0.99903
380 T	0.00092	0.00005	0.99903
381 A	0.00092	0.00005	0.99903
382 T	0.00092	0.00005	0.99903
383 G	0.00092	0.00006	0.99903
384 G	0.00092	0.00005	0.99903
385 A	0.00092	0.00005	0.99903
386 T	0.00092	0.00005	0.99904
387 A	0.00092	0.00004	0.99904
388 T	0.00093	0.00004	0.99904
389 T	0.00093	0.00004	0.99904
390 T	0.00093	0.00003	0.99904
391 T	0.00093	0.00003	0.99904
392 T	0.00093	0.00003	0.99904
393 T	0.00093	0.00002	0.99905
394 T	0.00093	0.00002	0.99905
395 T	0.00093	0.00003	0.99905
396 A	0.00092	0.00004	0.99904
397 T	0.00092	0.00004	0.99904
398 T	0.00091	0.00005	0.99903
399 T	0.00090	0.00007	0.99903
400 A	0.00087	0.00010	0.99903
401 T	0.00086	0.00011	0.99903
402 T	0.00084	0.00013	0.99903
403 C	0.00081	0.00016	0.99902
404 A	0.00071	0.00026	0.99902
405 T	0.00066	0.00033	0.99902
406 A	0.00056	0.00043	0.99901
407 A	0.00052	0.00049	0.99899
408 G	0.00050	0.00051	0.99899
409 T	0.00049	0.00052	0.99899
410 T	0.00047	0.00053	0.99899
411 T	0.00044	0.00056	0.99899
412 C	0.00041	0.00059	0.99899
413 G	0.00039	0.00062	0.99899
414 A	0.00037	0.00063	0.99899
415 A	0.00036	0.00064	0.99899
416 C	0.00036	0.00064	0.999
417 A	0.00036	0.00065	0.999
418 G	0.00036	0.00064	0.999
419 A	0.00036	0.00064	0.99901
420 A	0.00036	0.00063	0.99901
421 C	0.00036	0.00062	0.99902
422 A	0.00037	0.00060	0.99903
423 T	0.00037	0.00056	0.99906
424 T	0.00037	0.00055	0.99908
425 T	0.00037	0.00053	0.99909
426 A	0.00037	0.00051	0.99911
427 A	0.00038	0.00041	0.99921
428 A	0.00038	0.00034	0.99928
429 T	0.00040	0.00022	0.99938
430 T	0.00040	0.00017	0.99943
431 T	0.00041	0.00014	0.99945
432 T	0.00041	0.00012	0.99947
433 T	0.00040	0.00011	0.99949
434 T	0.00040	0.00008	0.99951
435 T	0.00040	0.00006	0.99954
436 T	0.00040	0.00005	0.99955
437 T	0.00040	0.00004	0.99956
438 A	0.00039	0.00004	0.99957
439 T	0.00039	0.00004	0.99957
440 T	0.00039	0.00004	0.99958
441 A	0.00039	0.00004	0.99958
442 A	0.00039	0.00004	0.99958
443 T	0.00039	0.00003	0.99958
444 T	0.00039	0.00003	0.99958
445 T	0.00039	0.00003	0.99958
446 T	0.00039	0.00003	0.99958
447 A	0.00039	0.00003	0.99958
448 T	0.00039	0.00004	0.99958
449 T	0.00039	0.00004	0.99957
450 A	0.00039	0.00004	0.99957
451 T	0.00039	0.00004	0.99957
452 A	0.00039	0.00004	0.99957
453 T	0.00039	0.00004	0.99957
454 A	0.00039	0.00004	0.99958
455 T	0.00039	0.00003	0.99958
456 T	0.00039	0.00003	0.99958
457 G	0.00039	0.00003	0.99958
458 T	0.00039	0.00002	0.99958
459 T	0.00039	0.00002	0.99959
460 T	0.00039	0.00002	0.99959
461 T	0.00039	0.00002	0.99959
462 T	0.00039	0.00002	0.99959
463 T	0.00039	0.00001	0.99959
464 C	0.00039	0.00001	0.9996
465 T	0.00039	0.00001	0.9996
466 A	0.00039	0.00001	0.9996
467 G	0.00039	0.00001	0.9996
468 C	0.00039	0.00001	0.9996
469 G	0.00039	0.00001	0.9996
470 C	0.00039	0.00001	0.9996
471 T	0.00039	0.00001	0.9996
472 T	0.00039	0.00001	0.9996
473 G	0.00039	0.00001	0.9996
474 T	0.00039	0.00001	0.9996
475 T	0.00039	0.00001	0.9996
476 T	0.00039	0.00001	0.9996
477 T	0.00039	0.00001	0.9996
478 T	0.00039	0.00001	0.9996
479 T	0.00039	0.00001	0.9996
480 T	0.00039	0.00001	0.9996
481 A	0.00038	0.00002	0.9996
482 C	0.00037	0.00003	0.9996
483 T	0.00037	0.00003	0.9996
484 T	0.00036	0.00004	0.99959
485 T	0.00035	0.00005	0.99959
486 A	0.00035	0.00006	0.99959
487 G	0.00034	0.00007	0.99959
488 T	0.00034	0.00007	0.99959
489 T	0.00034	0.00007	0.99959
490 T	0.00034	0.00007	0.99959
491 A	0.00034	0.00007	0.99959
492 T	0.00034	0.00007	0.99959
493 C	0.00034	0.00007	0.99959
494 T	0.00034	0.00007	0.99959
495 A	0.00034	0.00008	0.99959
496 A	0.00033	0.00008	0.99959
497 A	0.00033	0.00008	0.99958
498 T	0.00033	0.00008	0.99958
499 T	0.00033	0.00008	0.99959
500 A	0.00033	0.00008	0.99959
501 T	0.00033	0.00008	0.99959
502 A	0.00033	0.00008	0.99959
503 A	0.00033	0.00007	0.99959
504 A	0.00033	0.00006	0.9996
505 T	0.00033	0.00006	0.99961
506 G	0.00033	0.00005	0.99961
507 G	0.00034	0.00004	0.99962
508 T	0.00034	0.00003	0.99963
509 T	0.00034	0.00002	0.99963
510 T	0.00034	0.00002	0.99963
511 C	0.00035	0.00002	0.99963
512 T	0.00035	0.00002	0.99963
513 T	0.00035	0.00002	0.99963
514 T	0.00035	0.00002	0.99964
515 A	0.00035	0.00002	0.99964
516 T	0.00035	0.00001	0.99964
517 C	0.00035	0.00001	0.99964
518 T	0.00035	0.00001	0.99964
519 T	0.00035	0.00001	0.99964
520 T	0.00035	0.00001	0.99964
521 T	0.00035	0.00001	0.99964
522 T	0.00035	0.00001	0.99964
523 A	0.00035	0.00001	0.99964
524 T	0.00035	0.00002	0.99964
525 T	0.00034	0.00002	0.99964
526 A	0.00034	0.00002	0.99964
527 T	0.00034	0.00002	0.99964
528 T	0.00034	0.00002	0.99964
529 A	0.00034	0.00002	0.99964
530 C	0.00034	0.00002	0.99964
531 T	0.00034	0.00002	0.99964
532 A	0.00034	0.00002	0.99964
533 T	0.00034	0.00002	0.99964
534 T	0.00034	0.00002	0.99964
535 T	0.00034	0.00002	0.99964
536 C	0.00034	0.00002	0.99964
537 T	0.00034	0.00002	0.99964
538 A	0.00034	0.00002	0.99964
539 G	0.00034	0.00002	0.99964
540 T	0.00034	0.00002	0.99964
541 G	0.00034	0.00003	0.99964
542 A	0.00034	0.00003	0.99963
543 T	0.00034	0.00003	0.99963
544 A	0.00034	0.00003	0.99963
545 G	0.00034	0.00003	0.99963
546 T	0.00034	0.00002	0.99964
547 T	0.00034	0.00002	0.99964
548 T	0.00034	0.00002	0.99964
549 C	0.00034	0.00002	0.99964
550 G	0.00034	0.00002	0.99964
551 C	0.00034	0.00002	0.99964
552 T	0.00034	0.00002	0.99964
553 T	0.00034	0.00002	0.99964
554 T	0.00034	0.00002	0.99964
555 T	0.00034	0.00002	0.99964
556 T	0.00034	0.00002	0.99964
557 T	0.00034	0.00002	0.99964
558 A	0.00033	0.00003	0.99964
559 G	0.00033	0.00003	0.99964
560 G	0.00033	0.00004	0.99963
561 C	0.00033	0.00004	0.99963
562 G	0.00032	0.00004	0.99963
563 G	0.00033	0.00005	0.99963
564 A	0.00033	0.00005	0.99962
565 A	0.00033	0.00005	0.99962
566 T	0.00033	0.00005	0.99962
567 T	0.00033	0.00005	0.99962
568 T	0.00033	0.00005	0.99962
569 T	0.00033	0.00005	0.99962
570 A	0.00033	0.00005	0.99962
571 T	0.00033	0.00005	0.99962
572 T	0.00033	0.00005	0.99961
573 T	0.00033	0.00006	0.99961
574 G	0.00033	0.00007	0.9996
575 G	0.00033	0.00007	0.9996
576 T	0.00033	0.00009	0.99959
577 A	0.00032	0.00010	0.99958
578 A	0.00032	0.00010	0.99957
579 A	0.00032	0.00010	0.99958
580 A	0.00033	0.00010	0.99958
581 A	0.00033	0.00009	0.99958
582 T	0.00033	0.00008	0.99959
583 C	0.00034	0.00007	0.99959
584 T	0.00034	0.00007	0.99959
585 T	0.00034	0.00007	0.99959
586 T	0.00034	0.00007	0.99959
587 T	0.00034	0.00007	0.99958
588 A	0.00034	0.00007	0.99958
589 T	0.00034	0.00008	0.99958
590 A	0.00033	0.00009	0.99958
591 T	0.00031	0.00010	0.99958
592 C	0.00030	0.00011	0.99958
593 C	0.00030	0.00012	0.99958
594 G	0.00029	0.00012	0.99958
595 A	0.00029	0.00012	0.99958
596 G	0.00030	0.00012	0.99958
597 T	0.00031	0.00012	0.99958
598 G	0.00031	0.00012	0.99957
599 T	0.00032	0.00014	0.99954
600 T	0.00032	0.00015	0.99953
601 A	0.00032	0.00015	0.99953
602 G	0.00031	0.00016	0.99953
603 T	0.00031	0.00016	0.99953
604 C	0.00030	0.00017	0.99953
605 C	0.00029	0.00018	0.99952
606 T	0.00029	0.00020	0.99951
607 A	0.00028	0.00022	0.9995
608 A	0.00027	0.00023	0.9995
609 A	0.00027	0.00023	0.9995
610 A	0.00027	0.00023	0.9995
611 A	0.00027	0.00023	0.9995
612 A	0.00027	0.00022	0.99951
613 A	0.00027	0.00021	0.99952
614 C	0.00027	0.00019	0.99954
615 T	0.00027	0.00018	0.99955
616 T	0.00027	0.00018	0.99955
617 G	0.00027	0.00017	0.99956
618 G	0.00027	0.00017	0.99956
619 G	0.00027	0.00017	0.99956
620 A	0.00028	0.00016	0.99956
621 A	0.00029	0.00015	0.99956
622 G	0.00032	0.00012	0.99956
623 G	0.00032	0.00010	0.99957
624 A	0.00033	0.00009	0.99957
625 T	0.00034	0.00007	0.99959
626 T	0.00035	0.00006	0.99959
627 T	0.00035	0.00005	0.9996
628 T	0.00036	0.00004	0.99961
629 T	0.00036	0.00003	0.99961
630 T	0.00036	0.00002	0.99962
631 T	0.00036	0.00002	0.99962
632 G	0.00036	0.00001	0.99962
633 T	0.00036	0.00001	0.99963
634 G	0.00036	0.00001	0.99963
635 G	0.00036	0.00001	0.99963
636 T	0.00036	0.00001	0.99963
637 T	0.00036	0.00001	0.99962
638 T	0.00036	0.00001	0.99962
639 T	0.00036	0.00001	0.99962
640 A	0.00036	0.00001	0.99962
641 T	0.00036	0.00001	0.99962
642 A	0.00036	0.00001	0.99962
643 T	0.00036	0.00001	0.99962
644 T	0.00036	0.00001	0.99962
645 T	0.00036	0.00001	0.99962
646 T	0.00036	0.00001	0.99962
647 C	0.00036	0.00001	0.99962
648 G	0.00036	0.00001	0.99962
649 T	0.00036	0.00001	0.99962
650 T	0.00036	0.00001	0.99962
651 T	0.00037	0.00001	0.99962
652 A	0.00037	0.00001	0.99962
653 T	0.00037	0.00001	0.99962
654 T	0.00037	0.00001	0.99962
655 A	0.00037	0.00001	0.99962
656 T	0.00037	0.00001	0.99962
657 T	0.00037	0.00001	0.99962
658 A	0.00037	0.00001	0.99962
659 T	0.00037	0.00001	0.99962
660 T	0.00037	0.00001	0.99962
661 T	0.00037	0.00001	0.99962
662 T	0.00037	0.00002	0.99961
663 A	0.00037	0.00002	0.99961
664 T	0.00037	0.00003	0.9996
665 G	0.00037	0.00003	0.9996
666 T	0.00037	0.00004	0.99959
667 G	0.00037	0.00005	0.99958
668 T	0.00037	0.00006	0.99957
669 T	0.00037	0.00008	0.99955
670 T	0.00037	0.00009	0.99954
671 T	0.00037	0.00010	0.99953
672 T	0.00037	0.00012	0.99951
673 G	0.00037	0.00013	0.99949
674 G	0.00037	0.00015	0.99948
675 A	0.00037	0.00016	0.99947
676 T	0.00037	0.00017	0.99946
677 T	0.00037	0.00018	0.99945
678 T	0.00037	0.00019	0.99944
679 A	0.00037	0.00019	0.99944
680 A	0.00037	0.00019	0.99944
681 A	0.00037	0.00019	0.99944
682 A	0.00037	0.00019	0.99944
683 C	0.00037	0.00019	0.99944
684 G	0.00037	0.00019	0.99944
685 A	0.00038	0.00018	0.99944
686 T	0.00039	0.00017	0.99944
687 A	0.00039	0.00017	0.99944
688 T	0.00040	0.00016	0.99944
689 C	0.00041	0.00015	0.99944
690 A	0.00042	0.00014	0.99944
691 T	0.00044	0.00012	0.99944
692 T	0.00046	0.00010	0.99944
693 T	0.00047	0.00009	0.99944
694 T	0.00048	0.00008	0.99944
695 G	0.00049	0.00007	0.99944
696 T	0.00051	0.00005	0.99944
697 T	0.00052	0.00004	0.99944
698 T	0.00053	0.00003	0.99944
699 T	0.00054	0.00002	0.99944
700 T	0.00055	0.00002	0.99944
701 T	0.00055	0.00001	0.99944
702 T	0.00055	0.00001	0.99944
703 A	0.00055	0.00001	0.99944
704 C	0.00055	0.00001	0.99944
705 T	0.00055	0.00001	0.99944
706 T	0.00055	0.00001	0.99944
707 T	0.00055	0.00001	0.99943
708 T	0.00055	0.00001	0.99943
709 T	0.00055	0.00001	0.99943
710 T	0.00055	0.00002	0.99943
711 T	0.00055	0.00002	0.99943
712 A	0.00055	0.00003	0.99942
713 A	0.00055	0.00003	0.99942
714 T	0.00055	0.00004	0.99942
715 T	0.00054	0.00004	0.99941
716 G	0.00054	0.00005	0.99941
717 C	0.00054	0.00005	0.9994
718 A	0.00054	0.00007	0.99938
719 T	0.00054	0.00008	0.99938
720 T	0.00055	0.00008	0.99937
721 A	0.00055	0.00009	0.99937
722 T	0.00055	0.00009	0.99937
723 G	0.00055	0.00009	0.99937
724 T	0.00055	0.00009	0.99937
725 C	0.00055	0.00009	0.99937
726 T	0.00055	0.00009	0.99936
727 C	0.00055	0.00009	0.99936
728 A	0.00055	0.00009	0.99936
729 A	0.00055	0.00009	0.99936
730 T	0.00055	0.00009	0.99936
731 T	0.00055	0.00009	0.99935
732 T	0.00055	0.00009	0.99935
733 G	0.00055	0.00010	0.99935
734 G	0.00055	0.00010	0.99934
735 A	0.00056	0.00010	0.99934
736 G	0.00056	0.00009	0.99934
737 A	0.00056	0.00010	0.99934
738 T	0.00058	0.00009	0.99934
739 C	0.00058	0.00010	0.99932
740 T	0.00059	0.00011	0.99931
741 T	0.00060	0.00013	0.99927
742 A	0.00060	0.00014	0.99925
743 T	0.00060	0.00014	0.99925
744 C	0.00060	0.00015	0.99925
745 T	0.00061	0.00015	0.99924
746 C	0.00061	0.00015	0.99924
747 T	0.00060	0.00015	0.99924
748 T	0.00060	0.00015	0.99924
749 C	0.00060	0.00016	0.99923
750 T	0.00060	0.00019	0.99921
751 A	0.00060	0.00021	0.99919
752 A	0.00060	0.00022	0.99918
753 A	0.00060	0.00023	0.99917
754 T	0.00060	0.00024	0.99916
755 T	0.00059	0.00026	0.99914
756 G	0.00058	0.00031	0.99912
757 A	0.00056	0.00041	0.99903
758 A	0.00056	0.00046	0.99899
759 A	0.00055	0.00048	0.99898
760 A	0.00056	0.00049	0.99896
761 G	0.00057	0.00048	0.99895
762 A	0.00058	0.00048	0.99894
763 G	0.00060	0.00048	0.99893
764 A	0.00063	0.00047	0.9989
765 T	0.00065	0.00050	0.99886
766 T	0.00066	0.00050	0.99884
767 T	0.00066	0.00051	0.99884
768 T	0.00066	0.00052	0.99883
769 T	0.00066	0.00052	0.99882
770 C	0.00066	0.00054	0.99881
771 A	0.00066	0.00058	0.99877
772 A	0.00066	0.00060	0.99874
773 T	0.00069	0.00059	0.99873
774 T	0.00070	0.00058	0.99872
775 A	0.00070	0.00059	0.9987
776 A	0.00071	0.00059	0.99869
777 A	0.00072	0.00059	0.9987
778 G	0.00074	0.00057	0.9987
779 A	0.00077	0.00053	0.9987
780 T	0.00087	0.00042	0.99871
781 T	0.00090	0.00039	0.9987
782 T	0.00092	0.00039	0.9987
783 C	0.00092	0.00040	0.99869
784 G	0.00091	0.00049	0.9986
785 G	0.00091	0.00055	0.99855
786 A	0.00091	0.00064	0.99845
787 A	0.00094	0.00073	0.99833
788 G	0.00098	0.00073	0.99829
789 T	0.00101	0.00073	0.99826
790 A	0.00102	0.00076	0.99822
791 T	0.00104	0.00077	0.9982
792 A	0.00104	0.00078	0.99818
793 A	0.00105	0.00077	0.99818
794 T	0.00108	0.00074	0.99818
795 A	0.00110	0.00072	0.99818
796 T	0.00112	0.00071	0.99817
797 C	0.00112	0.00070	0.99818
798 A	0.00113	0.00069	0.99818
799 G	0.00114	0.00069	0.99818
800 G	0.00114	0.00068	0.99818
801 A	0.00115	0.00067	0.99818
802 C	0.00116	0.00066	0.99817
803 A	0.00118	0.00065	0.99817
804 T	0.00121	0.00062	0.99817
805 G	0.00123	0.00060	0.99817
806 G	0.00127	0.00057	0.99816
807 T	0.00136	0.00047	0.99817
808 G	0.00141	0.00043	0.99816
809 G	0.00148	0.00035	0.99817
810 T	0.00162	0.00022	0.99816
811 T	0.00167	0.00018	0.99816
812 T	0.00168	0.00018	0.99814
813 A	0.00170	0.00018	0.99813
814 T	0.00171	0.00017	0.99812
815 T	0.00172	0.00017	0.99811
816 A	0.00172	0.00018	0.99811
817 G	0.00172	0.00017	0.9981
818 A	0.00173	0.00017	0.9981
819 T	0.00173	0.00016	0.9981
820 C	0.00174	0.00016	0.9981
821 G	0.00174	0.00015	0.9981
822 T	0.00175	0.00015	0.9981
823 T	0.00175	0.00015	0.9981
824 T	0.00175	0.00015	0.9981
825 T	0.00176	0.00015	0.99809
826 G	0.00176	0.00015	0.99809
827 A	0.00176	0.00014	0.99809
828 T	0.00177	0.00014	0.99809
829 T	0.00178	0.00013	0.99809
830 C	0.00178	0.00012	0.99809
831 T	0.00180	0.00011	0.99809
832 T	0.00181	0.00010	0.99809
833 T	0.00182	0.00009	0.99809
834 A	0.00183	0.00009	0.99808
835 T	0.00184	0.00008	0.99808
836 T	0.00185	0.00007	0.99808
837 A	0.00186	0.00006	0.99808
838 T	0.00187	0.00005	0.99808
839 T	0.00188	0.00004	0.99809
840 T	0.00188	0.00004	0.99808
841 T	0.00188	0.00004	0.99808
842 T	0.00188	0.00004	0.99808
843 A	0.00188	0.00004	0.99808
844 T	0.00188	0.00004	0.99808
845 C	0.00188	0.00004	0.99808
846 T	0.00189	0.00004	0.99808
847 T	0.00189	0.00004	0.99807
848 T	0.00189	0.00005	0.99807
849 T	0.00189	0.00006	0.99805
850 T	0.00189	0.00009	0.99803
851 G	0.00189	0.00011	0.99801
852 T	0.00189	0.00014	0.99798
853 G	0.00189	0.00020	0.99791
854 T	0.00189	0.00024	0.99787
855 T	0.00189	0.00027	0.99784
856 A	0.00189	0.00027	0.99783
857 T	0.00190	0.00027	0.99783
858 T	0.00190	0.00027	0.99783
859 G	0.00190	0.00028	0.99782
860 C	0.00190	0.00028	0.99782
861 T	0.00190	0.00029	0.9978
862 T	0.00190	0.00032	0.99777
863 T	0.00190	0.00035	0.99774
864 A	0.00190	0.00039	0.9977
865 T	0.00190	0.00045	0.99765
866 T	0.00190	0.00056	0.99754
867 A	0.00190	0.00078	0.99732
868 A	0.00189	0.00109	0.99702
869 G	0.00189	0.00158	0.99652
870 T	0.00189	0.00247	0.99565
871 A	0.00188	0.00263	0.99549
872 A	0.00189	0.00270	0.99542
873 T	0.00192	0.00271	0.99537
874 A	0.00194	0.00274	0.99532
875 C	0.00197	0.00273	0.9953
876 T	0.00203	0.00276	0.9952
877 T	0.00206	0.00283	0.99511
878 T	0.00208	0.00285	0.99507
879 T	0.00207	0.00289	0.99504
880 A	0.00200	0.00302	0.99498
881 T	0.00200	0.00303	0.99498
882 C	0.00199	0.00303	0.99497
883 T	0.00199	0.00304	0.99497
884 A	0.00200	0.00304	0.99497
885 T	0.00203	0.00301	0.99496
886 C	0.00205	0.00299	0.99496
887 A	0.00208	0.00295	0.99496
888 A	0.00213	0.00290	0.99496
889 G	0.00225	0.00279	0.99496
890 A	0.00246	0.00257	0.99496
891 A	0.00277	0.00226	0.99497
892 A	0.00331	0.00171	0.99499
893 T	0.00422	0.00078	0.995
894 T	0.00439	0.00059	0.99502
895 T	0.00446	0.00051	0.99503
896 C	0.00450	0.00048	0.99503
897 T	0.00454	0.00044	0.99503
898 A	0.00455	0.00042	0.99503
899 T	0.00463	0.00033	0.99503
900 A	0.00470	0.00026	0.99504
901 T	0.00475	0.00021	0.99504
902 A	0.00478	0.00015	0.99507
903 A	0.00485	0.00000	0.99516
