# lcl|CP097583.1_cds_USQ93212.1_1
# AA	inside	membr	outside
1 A	0.72729	0.00000	0.27271
2 T	0.72517	0.00213	0.27271
3 G	0.72297	0.00433	0.27271
4 A	0.72297	0.01394	0.2631
5 C	0.67151	0.07414	0.25436
6 A	0.67150	0.08159	0.24691
7 A	0.48136	0.27466	0.24398
8 A	0.48136	0.27473	0.24392
9 G	0.46128	0.29605	0.24267
10 A	0.46126	0.32747	0.21128
11 T	0.45829	0.33291	0.20881
12 A	0.33371	0.45994	0.20635
13 T	0.09180	0.71451	0.19369
14 C	0.09167	0.71465	0.19369
15 A	0.09166	0.89547	0.01287
16 A	0.07391	0.91323	0.01287
17 A	0.06176	0.92579	0.01245
18 A	0.06135	0.92695	0.0117
19 G	0.05475	0.93376	0.01149
20 A	0.03753	0.95373	0.00874
21 T	0.02328	0.96795	0.00878
22 A	0.02223	0.96906	0.00871
23 A	0.02159	0.96941	0.009
24 A	0.02153	0.96915	0.00931
25 A	0.02158	0.96521	0.01321
26 A	0.02180	0.96181	0.01639
27 A	0.02834	0.94669	0.02497
28 A	0.03477	0.89845	0.06678
29 A	0.04082	0.88449	0.07469
30 G	0.04487	0.72822	0.22691
31 A	0.04559	0.72207	0.23234
32 G	0.04795	0.68894	0.26311
33 A	0.07707	0.65278	0.27015
34 A	0.08458	0.64004	0.27538
35 A	0.11312	0.50798	0.3789
36 T	0.13960	0.26504	0.59536
37 A	0.14641	0.25186	0.60173
38 T	0.27800	0.10853	0.61347
39 T	0.27898	0.10272	0.61831
40 G	0.27982	0.09328	0.6269
41 T	0.28085	0.09020	0.62895
42 T	0.28118	0.08713	0.63168
43 T	0.28243	0.07587	0.64169
44 T	0.28181	0.09692	0.62127
45 T	0.28172	0.13551	0.58278
46 G	0.28117	0.16491	0.55392
47 A	0.28092	0.19694	0.52214
48 G	0.28079	0.22045	0.49876
49 T	0.27962	0.27395	0.44643
50 T	0.27846	0.33204	0.3895
51 A	0.27840	0.35027	0.37133
52 A	0.27844	0.36784	0.35372
53 G	0.27881	0.38230	0.33889
54 T	0.28033	0.41715	0.30252
55 A	0.28107	0.48419	0.23473
56 G	0.28557	0.49816	0.21628
57 A	0.29080	0.52058	0.18862
58 A	0.29325	0.54422	0.16253
59 G	0.29624	0.54768	0.15608
60 T	0.30570	0.54537	0.14894
61 A	0.30887	0.55643	0.1347
62 T	0.32793	0.53773	0.13434
63 C	0.33257	0.53393	0.13349
64 T	0.33885	0.52912	0.13203
65 A	0.34177	0.52715	0.13109
66 C	0.34352	0.52609	0.13039
67 G	0.36357	0.50791	0.12852
68 G	0.40471	0.46711	0.12819
69 T	0.44958	0.42266	0.12776
70 A	0.48277	0.39097	0.12626
71 T	0.51034	0.36504	0.12462
72 C	0.53293	0.34169	0.12539
73 G	0.55422	0.31957	0.12621
74 G	0.55599	0.31796	0.12604
75 T	0.56987	0.30424	0.12588
76 C	0.57566	0.29830	0.12604
77 C	0.60062	0.27351	0.12588
78 A	0.65384	0.22060	0.12556
79 G	0.66744	0.20695	0.12561
80 C	0.68650	0.18790	0.1256
81 A	0.70301	0.17224	0.12475
82 A	0.71418	0.16175	0.12408
83 C	0.71849	0.15821	0.12329
84 T	0.73181	0.14620	0.12199
85 G	0.71055	0.16831	0.12114
86 T	0.69247	0.18766	0.11987
87 T	0.65075	0.23178	0.11746
88 A	0.52175	0.36631	0.11194
89 G	0.43732	0.44952	0.11315
90 A	0.28322	0.60713	0.10966
91 A	0.23055	0.66041	0.10904
92 A	0.20849	0.68039	0.11111
93 G	0.19406	0.68689	0.11905
94 A	0.18860	0.68988	0.12152
95 T	0.18670	0.68571	0.12759
96 A	0.18146	0.68425	0.13429
97 T	0.17895	0.67569	0.14536
98 T	0.17352	0.67350	0.15298
99 A	0.16747	0.67239	0.16013
100 C	0.15023	0.68283	0.16693
101 A	0.12698	0.71744	0.15558
102 A	0.11936	0.73851	0.14212
103 A	0.11535	0.75655	0.1281
104 A	0.10770	0.76682	0.12547
105 A	0.10484	0.77236	0.1228
106 T	0.10463	0.76231	0.13306
107 T	0.10387	0.75434	0.14179
108 A	0.10036	0.73141	0.16824
109 A	0.10008	0.70331	0.19662
110 A	0.10165	0.66021	0.23814
111 T	0.10598	0.53912	0.3549
112 A	0.10653	0.48339	0.41007
113 T	0.11101	0.32510	0.56389
114 T	0.11164	0.28181	0.60655
115 A	0.10752	0.28609	0.6064
116 A	0.10345	0.28866	0.60789
117 C	0.09980	0.28461	0.6156
118 G	0.09761	0.28925	0.61314
119 A	0.09455	0.30405	0.6014
120 A	0.09447	0.32105	0.58448
121 C	0.09608	0.33100	0.57292
122 A	0.09777	0.47092	0.43131
123 A	0.10064	0.53298	0.36637
124 G	0.11432	0.52435	0.36133
125 A	0.12917	0.58776	0.28308
126 T	0.14646	0.61884	0.2347
127 G	0.15104	0.67994	0.16903
128 A	0.15529	0.72586	0.11884
129 T	0.16007	0.74410	0.09583
130 A	0.16186	0.76808	0.07006
131 T	0.16827	0.76776	0.06397
132 A	0.16919	0.77858	0.05223
133 A	0.17167	0.77992	0.04841
134 G	0.17374	0.77724	0.04902
135 T	0.18029	0.77081	0.0489
136 G	0.16814	0.78569	0.04617
137 A	0.15464	0.80343	0.04192
138 A	0.15709	0.79894	0.04397
139 A	0.16173	0.79192	0.04635
140 A	0.16229	0.78721	0.05051
141 A	0.16860	0.77950	0.05189
142 C	0.18931	0.75651	0.05418
143 A	0.20902	0.74240	0.04857
144 A	0.23102	0.72249	0.04649
145 A	0.38829	0.56455	0.04717
146 T	0.49262	0.45970	0.04768
147 A	0.51972	0.43216	0.04812
148 A	0.59465	0.35332	0.05203
149 C	0.64648	0.29835	0.05517
150 T	0.72052	0.22277	0.0567
151 C	0.75355	0.18935	0.0571
152 T	0.76860	0.17768	0.05372
153 T	0.76963	0.17865	0.05172
154 A	0.69931	0.25563	0.04506
155 T	0.66887	0.28535	0.04577
156 T	0.57167	0.38416	0.04417
157 A	0.31518	0.64110	0.04371
158 A	0.23300	0.71886	0.04814
159 A	0.18457	0.75470	0.06072
160 A	0.15648	0.76228	0.08124
161 G	0.12965	0.77846	0.09189
162 C	0.12111	0.78187	0.09701
163 G	0.11365	0.79186	0.09449
164 A	0.10786	0.79777	0.09437
165 A	0.10505	0.80094	0.09401
166 T	0.10844	0.79764	0.09392
167 G	0.10733	0.79859	0.09408
168 C	0.10525	0.79984	0.0949
169 A	0.10217	0.81334	0.0845
170 A	0.10010	0.81752	0.08238
171 T	0.09981	0.81807	0.08211
172 A	0.09822	0.82003	0.08176
173 A	0.09836	0.81972	0.08192
174 A	0.09913	0.78556	0.11532
175 T	0.10337	0.74244	0.15419
176 A	0.10395	0.70483	0.19123
177 T	0.10995	0.60156	0.28849
178 G	0.10982	0.56264	0.32754
179 A	0.11049	0.49610	0.39341
180 T	0.11158	0.31146	0.57697
181 A	0.10510	0.29671	0.59819
182 T	0.10215	0.30458	0.59327
183 A	0.09047	0.45377	0.45576
184 G	0.08402	0.53943	0.37655
185 A	0.08053	0.58606	0.33341
186 A	0.08027	0.63550	0.28423
187 G	0.08118	0.64722	0.27161
188 G	0.08320	0.66068	0.25612
189 T	0.08753	0.68666	0.22582
190 A	0.08914	0.70028	0.21058
191 A	0.09189	0.71019	0.19792
192 T	0.10087	0.70453	0.1946
193 T	0.10287	0.71477	0.18237
194 T	0.10157	0.73503	0.1634
195 A	0.09516	0.76250	0.14234
196 A	0.09052	0.77699	0.13249
197 G	0.08879	0.78230	0.12891
198 A	0.08619	0.79206	0.12175
199 A	0.08630	0.79895	0.11475
200 G	0.08984	0.79897	0.11119
201 A	0.10706	0.79242	0.10052
202 A	0.13397	0.77492	0.09112
203 A	0.16308	0.75148	0.08544
204 A	0.20789	0.70137	0.09074
205 A	0.26985	0.63543	0.09473
206 T	0.43919	0.45486	0.10594
207 T	0.54859	0.33967	0.11174
208 G	0.58495	0.29984	0.11521
209 C	0.63440	0.24826	0.11734
210 T	0.64865	0.23765	0.1137
211 T	0.64664	0.24495	0.1084
212 T	0.59891	0.29976	0.10133
213 A	0.50652	0.40810	0.08537
214 A	0.48149	0.43960	0.07891
215 A	0.45099	0.47071	0.07831
216 T	0.44090	0.47939	0.07971
217 A	0.39548	0.52322	0.0813
218 T	0.34801	0.56534	0.08664
219 C	0.29970	0.61004	0.09026
220 A	0.26045	0.65412	0.08542
221 A	0.24640	0.66932	0.08428
222 A	0.24568	0.67103	0.0833
223 A	0.24666	0.67047	0.08286
224 G	0.25641	0.66024	0.08335
225 A	0.26633	0.64910	0.08457
226 T	0.27155	0.64243	0.08601
227 T	0.26485	0.65079	0.08436
228 A	0.24772	0.67136	0.08092
229 A	0.23642	0.68650	0.07708
230 A	0.22491	0.70226	0.07283
231 A	0.21420	0.71078	0.07502
232 G	0.20927	0.70786	0.08286
233 A	0.21300	0.69497	0.09202
234 A	0.21849	0.67294	0.10857
235 A	0.22499	0.60910	0.16592
236 T	0.23961	0.49695	0.26344
237 A	0.24411	0.45945	0.29644
238 G	0.24554	0.41757	0.33689
239 G	0.24617	0.38335	0.37047
240 A	0.24787	0.33194	0.42019
241 T	0.24970	0.26715	0.48315
242 G	0.24867	0.22227	0.52907
243 C	0.25184	0.18996	0.5582
244 G	0.25300	0.20185	0.54515
245 A	0.25249	0.25858	0.48894
246 T	0.25223	0.28284	0.46492
247 A	0.24855	0.32441	0.42705
248 G	0.24486	0.35714	0.398
249 A	0.24416	0.38607	0.36977
250 G	0.24644	0.39989	0.35367
251 G	0.24944	0.38589	0.36467
252 A	0.25473	0.37231	0.37297
253 A	0.26312	0.35469	0.38219
254 T	0.27006	0.33592	0.39402
255 C	0.27309	0.32496	0.40196
256 C	0.27671	0.32041	0.40289
257 G	0.28098	0.31648	0.40253
258 T	0.28565	0.31177	0.40258
259 C	0.28635	0.31123	0.40242
260 A	0.28827	0.31034	0.40139
261 T	0.29614	0.30307	0.40079
262 C	0.29639	0.30376	0.39985
263 G	0.29788	0.30565	0.39647
264 T	0.30488	0.30218	0.39295
265 A	0.30864	0.30212	0.38924
266 T	0.31433	0.30022	0.38544
267 G	0.33222	0.29085	0.37693
268 G	0.38787	0.25116	0.36097
269 G	0.40728	0.26264	0.33009
270 A	0.44002	0.23817	0.32181
271 T	0.47111	0.20444	0.32445
272 T	0.49029	0.18477	0.32494
273 A	0.49073	0.18556	0.32371
274 C	0.48432	0.19241	0.32326
275 C	0.47832	0.20211	0.31957
276 A	0.44736	0.24572	0.30693
277 G	0.41907	0.28742	0.29351
278 T	0.40152	0.31276	0.28571
279 G	0.33291	0.39218	0.27491
280 A	0.25930	0.47944	0.26126
281 G	0.23788	0.50428	0.25783
282 A	0.22704	0.51497	0.25799
283 G	0.22372	0.51628	0.26001
284 G	0.22369	0.51503	0.26129
285 T	0.22687	0.51081	0.26232
286 C	0.22899	0.51220	0.25881
287 A	0.23004	0.53139	0.23858
288 A	0.22498	0.55480	0.22023
289 A	0.22828	0.55366	0.21806
290 A	0.23429	0.54761	0.2181
291 A	0.25043	0.53127	0.21829
292 A	0.28015	0.48859	0.23125
293 C	0.29188	0.46137	0.24674
294 T	0.29385	0.45778	0.24836
295 A	0.28897	0.46533	0.24571
296 G	0.28558	0.46603	0.24839
297 A	0.26289	0.50793	0.22917
298 A	0.23410	0.55501	0.21088
299 A	0.23218	0.54674	0.22108
300 T	0.23302	0.52912	0.23787
301 A	0.21488	0.53622	0.2489
302 A	0.21168	0.48117	0.30714
303 T	0.21527	0.41837	0.36636
304 G	0.20438	0.43084	0.36478
305 C	0.19894	0.44902	0.35204
306 T	0.19540	0.53150	0.27311
307 A	0.19053	0.55691	0.25256
308 A	0.18457	0.58495	0.23048
309 A	0.18403	0.60659	0.20937
310 A	0.19686	0.59568	0.20746
311 C	0.20970	0.58040	0.2099
312 A	0.21017	0.59276	0.19708
313 G	0.21272	0.59885	0.18843
314 C	0.21475	0.60279	0.18246
315 T	0.21620	0.61039	0.1734
316 A	0.21615	0.62624	0.15761
317 A	0.21973	0.62733	0.15294
318 A	0.22888	0.61555	0.15558
319 A	0.24052	0.59984	0.15964
320 A	0.26728	0.54654	0.18618
321 A	0.29052	0.48598	0.2235
322 A	0.31545	0.44307	0.24149
323 G	0.33717	0.39836	0.26446
324 T	0.35644	0.35121	0.29234
325 C	0.36491	0.33362	0.30147
326 G	0.38248	0.31880	0.29872
327 T	0.40357	0.30731	0.28913
328 A	0.40411	0.32785	0.26804
329 A	0.42943	0.33421	0.23636
330 G	0.41604	0.38494	0.19901
331 A	0.41129	0.39725	0.19145
332 G	0.41137	0.41050	0.17814
333 A	0.40700	0.42831	0.16469
334 A	0.42334	0.41115	0.16551
335 C	0.43716	0.39364	0.16919
336 T	0.45098	0.37937	0.16965
337 T	0.43912	0.39059	0.17028
338 C	0.39166	0.43792	0.17043
339 C	0.34862	0.48149	0.16989
340 G	0.25713	0.57797	0.1649
341 C	0.23851	0.59775	0.16374
342 A	0.22507	0.61294	0.16199
343 G	0.21591	0.62379	0.16029
344 G	0.21496	0.62551	0.15954
345 A	0.21524	0.62558	0.15918
346 G	0.21729	0.62307	0.15965
347 A	0.22283	0.61590	0.16127
348 T	0.23484	0.59980	0.16536
349 A	0.24299	0.58779	0.16921
350 A	0.25663	0.56760	0.17576
351 A	0.27560	0.53169	0.1927
352 A	0.30672	0.47746	0.21581
353 A	0.34403	0.41324	0.24272
354 A	0.36313	0.37036	0.26651
355 T	0.38513	0.32169	0.29318
356 T	0.39910	0.29234	0.30856
357 T	0.40093	0.28173	0.31733
358 A	0.40141	0.27367	0.32492
359 A	0.40239	0.26166	0.33595
360 A	0.40356	0.23407	0.36237
361 T	0.40632	0.16695	0.42673
362 A	0.40915	0.10987	0.48098
363 A	0.41799	0.00000	0.58202
