# lcl|CP097583.1_cds_USQ93448.1_1
# AA	inside	membr	outside
1 A	0.46788	0.00000	0.53212
2 T	0.46787	0.00001	0.53212
3 G	0.46787	0.00001	0.53212
4 A	0.46787	0.00046	0.53168
5 T	0.46784	0.00109	0.53108
6 T	0.46784	0.00120	0.53097
7 T	0.46706	0.00198	0.53096
8 T	0.46706	0.00199	0.53096
9 T	0.46675	0.00231	0.53095
10 T	0.46675	0.00257	0.53069
11 C	0.46647	0.00286	0.53067
12 T	0.46126	0.00812	0.53063
13 T	0.44391	0.02554	0.53056
14 C	0.44389	0.02555	0.53056
15 T	0.44389	0.02948	0.52663
16 G	0.43845	0.03492	0.52663
17 C	0.43240	0.04119	0.52642
18 A	0.43216	0.04358	0.52426
19 T	0.42787	0.04949	0.52265
20 G	0.39922	0.08227	0.51852
21 T	0.35878	0.12275	0.51848
22 T	0.35403	0.12898	0.51699
23 T	0.34710	0.13710	0.5158
24 C	0.34062	0.14462	0.51475
25 A	0.33522	0.15553	0.50924
26 A	0.33242	0.16023	0.50735
27 A	0.32934	0.16477	0.5059
28 T	0.32754	0.16769	0.50478
29 T	0.32469	0.17152	0.50379
30 A	0.31775	0.17902	0.50323
31 G	0.31203	0.18478	0.5032
32 A	0.30891	0.18748	0.5036
33 T	0.30728	0.18799	0.50474
34 A	0.30574	0.18916	0.5051
35 A	0.30490	0.18587	0.50923
36 A	0.30442	0.17356	0.52202
37 A	0.30426	0.17293	0.52282
38 A	0.30716	0.16891	0.52392
39 A	0.30690	0.16320	0.5299
40 A	0.30747	0.15484	0.5377
41 A	0.30978	0.14761	0.54261
42 T	0.31227	0.13690	0.55084
43 A	0.31580	0.10821	0.57599
44 T	0.31721	0.07148	0.61131
45 T	0.31939	0.06351	0.6171
46 T	0.32062	0.05691	0.62247
47 A	0.32117	0.05328	0.62556
48 T	0.32539	0.04568	0.62893
49 A	0.32636	0.04268	0.63096
50 T	0.32804	0.03710	0.63486
51 T	0.32908	0.03341	0.63751
52 A	0.32984	0.02994	0.64022
53 T	0.33084	0.02268	0.64648
54 T	0.33135	0.01720	0.65146
55 T	0.33152	0.01424	0.65424
56 C	0.33152	0.01252	0.65596
57 T	0.33164	0.01234	0.65602
58 G	0.33156	0.01264	0.6558
59 T	0.33160	0.01269	0.65571
60 A	0.33130	0.01341	0.65528
61 A	0.33118	0.01367	0.65514
62 G	0.33132	0.01304	0.65564
63 T	0.33163	0.01262	0.65574
64 G	0.33162	0.01255	0.65583
65 G	0.33175	0.01242	0.65582
66 T	0.33216	0.01203	0.6558
67 G	0.33245	0.01188	0.65567
68 G	0.33298	0.01170	0.65532
69 T	0.33442	0.01084	0.65475
70 G	0.33553	0.01078	0.65369
71 T	0.33683	0.01030	0.65288
72 T	0.33739	0.01062	0.65199
73 G	0.33750	0.01075	0.65174
74 A	0.33771	0.01068	0.65161
75 T	0.33806	0.01027	0.65166
76 T	0.33827	0.01004	0.6517
77 C	0.33840	0.00987	0.65173
78 T	0.33868	0.00967	0.65166
79 A	0.33870	0.00976	0.65154
80 T	0.33930	0.00918	0.65153
81 G	0.33969	0.00881	0.6515
82 G	0.34002	0.00867	0.65131
83 T	0.34061	0.00793	0.65146
84 T	0.34090	0.00748	0.65162
85 T	0.34106	0.00728	0.65166
86 T	0.34098	0.00738	0.65165
87 A	0.34085	0.00751	0.65164
88 C	0.34079	0.00766	0.65155
89 T	0.34087	0.00805	0.65108
90 G	0.34093	0.00852	0.65054
91 G	0.34126	0.00924	0.6495
92 A	0.34182	0.00944	0.64874
93 T	0.34292	0.00897	0.64811
94 T	0.34319	0.00952	0.64729
95 A	0.34303	0.01026	0.64671
96 T	0.34299	0.01053	0.64649
97 T	0.34249	0.01131	0.6462
98 T	0.34175	0.01244	0.64581
99 A	0.34028	0.01408	0.64564
100 T	0.33967	0.01479	0.64554
101 A	0.33840	0.01619	0.64541
102 T	0.33772	0.01700	0.64529
103 C	0.33699	0.01783	0.64517
104 A	0.33653	0.01875	0.64472
105 T	0.33650	0.01887	0.64463
106 T	0.33617	0.01932	0.64451
107 T	0.33548	0.02008	0.64445
108 A	0.33501	0.02069	0.6443
109 C	0.33482	0.02078	0.6444
110 A	0.33476	0.02099	0.64425
111 G	0.33491	0.02081	0.64428
112 T	0.33549	0.02027	0.64424
113 A	0.33585	0.01994	0.64421
114 T	0.33689	0.01895	0.64416
115 A	0.33728	0.01852	0.6442
116 A	0.33789	0.01773	0.64437
117 T	0.33870	0.01620	0.6451
118 T	0.33911	0.01498	0.64591
119 T	0.33921	0.01429	0.6465
120 A	0.33925	0.01352	0.64723
121 G	0.33946	0.01246	0.64808
122 T	0.33955	0.01108	0.64937
123 T	0.33937	0.01061	0.65002
124 G	0.33889	0.01001	0.65109
125 T	0.33883	0.00945	0.65172
126 G	0.33868	0.00901	0.65231
127 G	0.33885	0.00842	0.65273
128 T	0.33894	0.00812	0.65294
129 T	0.33900	0.00776	0.65324
130 C	0.33890	0.00761	0.6535
131 A	0.33831	0.00920	0.6525
132 T	0.33789	0.01049	0.65162
133 T	0.33699	0.01329	0.64971
134 T	0.33495	0.01823	0.64681
135 T	0.33027	0.02327	0.64646
136 A	0.32579	0.02803	0.64618
137 A	0.32173	0.03228	0.64599
138 T	0.31998	0.03390	0.64611
139 C	0.31818	0.03569	0.64613
140 A	0.31643	0.03781	0.64576
141 T	0.31370	0.04090	0.6454
142 T	0.30572	0.04955	0.64473
143 T	0.28332	0.07355	0.64313
144 G	0.24172	0.11590	0.64238
145 A	0.21694	0.14179	0.64127
146 A	0.20203	0.15685	0.64112
147 A	0.18901	0.16978	0.64121
148 C	0.17481	0.18413	0.64107
149 G	0.15037	0.21008	0.63955
150 A	0.13073	0.23338	0.63589
151 A	0.11954	0.24657	0.63389
152 A	0.11415	0.25293	0.63292
153 A	0.11236	0.25500	0.63264
154 G	0.11258	0.25328	0.63413
155 A	0.11249	0.25178	0.63572
156 A	0.11416	0.24810	0.63774
157 T	0.11683	0.24218	0.64099
158 C	0.11686	0.23717	0.64597
159 A	0.11700	0.23444	0.64856
160 T	0.11697	0.23131	0.65171
161 T	0.11614	0.23147	0.65239
162 A	0.11314	0.23602	0.65084
163 G	0.10996	0.24167	0.64837
164 A	0.10966	0.24068	0.64966
165 A	0.10978	0.23251	0.65771
166 G	0.11077	0.20941	0.67982
167 A	0.11147	0.17198	0.71654
168 T	0.11284	0.14997	0.7372
169 A	0.11291	0.14128	0.7458
170 A	0.11370	0.13142	0.75488
171 A	0.11467	0.11722	0.76811
172 A	0.11646	0.08881	0.79473
173 T	0.11996	0.06493	0.8151
174 T	0.12157	0.05270	0.82573
175 T	0.12230	0.04771	0.83
176 T	0.12250	0.04619	0.83131
177 A	0.12236	0.04651	0.83113
178 G	0.12227	0.04652	0.83121
179 T	0.12221	0.05034	0.82745
180 T	0.12093	0.06769	0.81137
181 G	0.11603	0.11922	0.76475
182 A	0.11240	0.14011	0.74749
183 A	0.11034	0.15094	0.73871
184 A	0.10924	0.15479	0.73596
185 A	0.11142	0.15169	0.73689
186 C	0.11655	0.14465	0.7388
187 T	0.12173	0.14303	0.73524
188 A	0.12356	0.14335	0.73309
189 T	0.12616	0.14165	0.73219
190 T	0.12829	0.14037	0.73134
191 G	0.12941	0.13985	0.73074
192 T	0.13201	0.13737	0.73062
193 T	0.13310	0.13626	0.73064
194 T	0.13270	0.13675	0.73055
195 T	0.13065	0.13893	0.73042
196 T	0.12312	0.14666	0.73022
197 C	0.10890	0.16108	0.73002
198 G	0.10058	0.16996	0.72945
199 A	0.09729	0.17402	0.7287
200 A	0.09665	0.17500	0.72835
201 A	0.09757	0.17421	0.72823
202 A	0.10192	0.16993	0.72815
203 A	0.11805	0.15245	0.72949
204 A	0.16295	0.10254	0.73451
205 A	0.18242	0.07921	0.73836
206 T	0.19409	0.06520	0.74071
207 T	0.19862	0.05871	0.74267
208 C	0.20060	0.05546	0.74394
209 C	0.20219	0.05357	0.74424
210 T	0.20560	0.05020	0.7442
211 T	0.20738	0.04845	0.74417
212 T	0.20824	0.04769	0.74407
213 T	0.20873	0.04747	0.7438
214 T	0.20828	0.04781	0.74391
215 A	0.20539	0.04934	0.74528
216 T	0.20405	0.04943	0.74651
217 T	0.20325	0.04874	0.74801
218 A	0.20230	0.04803	0.74967
219 T	0.20245	0.04024	0.75731
220 T	0.20201	0.03235	0.76565
221 T	0.20018	0.03639	0.76343
222 T	0.19540	0.05484	0.74977
223 G	0.18244	0.09627	0.72129
224 A	0.14772	0.15400	0.69828
225 A	0.13695	0.16653	0.69653
226 T	0.13229	0.17188	0.69583
227 T	0.12671	0.17806	0.69523
228 A	0.12191	0.18361	0.69447
229 C	0.11915	0.18698	0.69388
230 A	0.11655	0.19172	0.69173
231 A	0.11489	0.19485	0.69026
232 A	0.11398	0.19706	0.68896
233 T	0.11205	0.19962	0.68833
234 A	0.10703	0.20578	0.68719
235 G	0.10233	0.21038	0.68729
236 T	0.09949	0.21370	0.68681
237 A	0.09578	0.21690	0.68732
238 G	0.09471	0.21558	0.68971
239 G	0.09452	0.21435	0.69113
240 A	0.09521	0.21289	0.69191
241 C	0.09728	0.20953	0.69319
242 A	0.10029	0.20808	0.69163
243 A	0.10519	0.20469	0.69011
244 A	0.11530	0.19391	0.69079
245 A	0.13137	0.17427	0.69435
246 T	0.16017	0.13512	0.70472
247 T	0.17772	0.08145	0.74083
248 T	0.17880	0.06748	0.75372
249 T	0.17757	0.06330	0.75913
250 C	0.17380	0.06387	0.76234
251 A	0.16322	0.07893	0.75785
252 A	0.14796	0.09685	0.75518
253 A	0.13588	0.11061	0.75351
254 A	0.12733	0.12037	0.7523
255 T	0.12201	0.12792	0.75007
256 G	0.10691	0.14180	0.75129
257 A	0.09543	0.14991	0.75466
258 G	0.08346	0.15759	0.75894
259 G	0.07860	0.16223	0.75917
260 C	0.07693	0.16514	0.75793
261 T	0.07544	0.18253	0.74202
262 A	0.07271	0.19180	0.73549
263 G	0.06939	0.19814	0.73247
264 A	0.06711	0.20096	0.73193
265 A	0.06733	0.20114	0.73153
266 T	0.06920	0.19888	0.73192
267 A	0.06981	0.19867	0.73153
268 C	0.07040	0.19777	0.73182
269 T	0.07019	0.20099	0.72882
270 T	0.06829	0.20787	0.72384
271 A	0.06378	0.21725	0.71897
272 G	0.05562	0.22715	0.71723
273 A	0.05116	0.23319	0.71564
274 A	0.05380	0.22208	0.72412
275 A	0.05621	0.20493	0.73887
276 A	0.05869	0.18804	0.75327
277 G	0.06063	0.17609	0.76328
278 A	0.06293	0.17223	0.76484
279 A	0.06479	0.16476	0.77046
280 A	0.06697	0.16165	0.77138
281 A	0.07025	0.15599	0.77376
282 A	0.07545	0.15049	0.77406
283 T	0.08112	0.15079	0.7681
284 T	0.08947	0.15036	0.76016
285 A	0.08532	0.15533	0.75934
286 A	0.07893	0.16185	0.75922
287 A	0.07385	0.16823	0.75792
288 A	0.06786	0.17988	0.75226
289 C	0.06744	0.18690	0.74566
290 A	0.06793	0.19996	0.73211
291 A	0.06943	0.20364	0.72693
292 A	0.07385	0.19864	0.72751
293 T	0.08072	0.18977	0.72951
294 T	0.08440	0.18281	0.73278
295 G	0.08400	0.17435	0.74164
296 C	0.08480	0.16792	0.74727
297 T	0.08601	0.16556	0.74843
298 G	0.08485	0.16648	0.74868
299 A	0.08430	0.16736	0.74834
300 A	0.08537	0.16630	0.74833
301 A	0.08953	0.16172	0.74874
302 A	0.09596	0.15321	0.75083
303 A	0.10618	0.14101	0.75281
304 T	0.11849	0.12673	0.75478
305 A	0.12387	0.12029	0.75584
306 T	0.13289	0.10996	0.75714
307 A	0.13966	0.10022	0.76013
308 A	0.14286	0.09023	0.76691
309 G	0.14689	0.07848	0.77462
310 A	0.15375	0.06643	0.77982
311 C	0.16410	0.04983	0.78607
312 T	0.17542	0.03755	0.78702
313 T	0.18719	0.02573	0.78708
314 T	0.19102	0.02228	0.78671
315 T	0.19128	0.02226	0.78646
316 T	0.19128	0.02255	0.78616
317 A	0.19025	0.02353	0.78623
318 T	0.18995	0.02179	0.78826
319 T	0.18890	0.02207	0.78903
320 T	0.18716	0.02415	0.78869
321 A	0.18297	0.02891	0.78813
322 A	0.17927	0.03183	0.7889
323 T	0.17638	0.03401	0.78961
324 A	0.17034	0.03968	0.78998
325 A	0.16872	0.04091	0.79038
326 C	0.16819	0.04093	0.79088
327 G	0.16843	0.04055	0.79101
328 G	0.16934	0.03949	0.79118
329 C	0.17068	0.03807	0.79125
330 T	0.17114	0.03759	0.79127
331 C	0.17121	0.03754	0.79126
332 A	0.17134	0.03762	0.79104
333 T	0.17155	0.03761	0.79084
334 C	0.17145	0.03800	0.79056
335 A	0.17160	0.03832	0.79008
336 T	0.17239	0.03790	0.78971
337 T	0.17305	0.03741	0.78955
338 T	0.17323	0.03721	0.78956
339 G	0.17272	0.03762	0.78967
340 G	0.17286	0.03599	0.79115
341 A	0.17333	0.03466	0.79201
342 T	0.17429	0.03166	0.79406
343 G	0.17514	0.02870	0.79616
344 A	0.17671	0.02332	0.79996
345 T	0.17719	0.01923	0.80358
346 T	0.17726	0.01613	0.80661
347 T	0.17714	0.01158	0.81128
348 A	0.17654	0.01134	0.81211
349 G	0.17540	0.01184	0.81276
350 C	0.17437	0.01272	0.8129
351 G	0.17353	0.01395	0.81252
352 G	0.17321	0.01472	0.81207
353 A	0.17315	0.01524	0.81161
354 A	0.17316	0.01555	0.81128
355 A	0.17345	0.01554	0.81102
356 A	0.17384	0.01542	0.81074
357 T	0.17438	0.01500	0.81062
358 A	0.17485	0.01593	0.80923
359 T	0.17534	0.01608	0.80857
360 T	0.17558	0.01693	0.80749
361 T	0.17561	0.01984	0.80455
362 T	0.17545	0.01967	0.80489
363 A	0.17483	0.02010	0.80506
364 T	0.17480	0.02003	0.80518
365 T	0.17446	0.02038	0.80516
366 C	0.17381	0.02102	0.80517
367 A	0.17372	0.02124	0.80504
368 A	0.17395	0.02104	0.80501
369 A	0.17405	0.02089	0.80506
370 A	0.17439	0.02038	0.80523
371 T	0.17516	0.01907	0.80577
372 T	0.17568	0.01721	0.80712
373 T	0.17594	0.01584	0.80821
374 C	0.17602	0.01494	0.80904
375 T	0.17618	0.01459	0.80922
376 C	0.17616	0.01454	0.80931
377 G	0.17624	0.01445	0.80931
378 A	0.17640	0.01429	0.80931
379 G	0.17691	0.01378	0.80931
380 G	0.17760	0.01308	0.80931
381 T	0.17971	0.01098	0.80932
382 A	0.18074	0.00983	0.80943
383 G	0.18228	0.00784	0.80988
384 T	0.18537	0.00435	0.81029
385 T	0.18565	0.00357	0.81077
386 C	0.18577	0.00269	0.81155
387 T	0.18592	0.00241	0.81167
388 T	0.18600	0.00223	0.81176
389 T	0.18604	0.00212	0.81184
390 T	0.18604	0.00267	0.81129
391 T	0.18599	0.00367	0.81035
392 T	0.18561	0.00592	0.80847
393 A	0.18509	0.00788	0.80704
394 G	0.18487	0.00912	0.80601
395 G	0.18476	0.01002	0.80522
396 A	0.18463	0.01065	0.80472
397 T	0.18452	0.01126	0.80422
398 A	0.18438	0.01174	0.80387
399 T	0.18407	0.01203	0.8039
400 A	0.18352	0.01264	0.80385
401 G	0.18329	0.01278	0.80394
402 T	0.18310	0.01292	0.80398
403 G	0.18276	0.01327	0.80396
404 G	0.18255	0.01351	0.80393
405 C	0.18243	0.01364	0.80393
406 A	0.18219	0.01397	0.80385
407 T	0.18206	0.01413	0.80381
408 G	0.18187	0.01440	0.80372
409 C	0.18179	0.01453	0.80368
410 A	0.18178	0.01464	0.80358
411 A	0.18194	0.01452	0.80355
412 A	0.18229	0.01411	0.80359
413 C	0.18329	0.01298	0.80373
414 G	0.18453	0.01167	0.8038
415 T	0.18697	0.00883	0.8042
416 C	0.18832	0.00704	0.80464
417 T	0.18950	0.00576	0.80474
418 T	0.19002	0.00521	0.80477
419 A	0.19027	0.00485	0.80487
420 T	0.19067	0.00433	0.80501
421 T	0.19087	0.00400	0.80513
422 T	0.19090	0.00358	0.80552
423 T	0.19087	0.00311	0.80603
424 A	0.19058	0.00331	0.80611
425 A	0.19037	0.00357	0.80605
426 T	0.19034	0.00344	0.80621
427 G	0.19026	0.00367	0.80608
428 A	0.19025	0.00376	0.80599
429 T	0.19034	0.00357	0.80609
430 G	0.19037	0.00353	0.8061
431 G	0.19045	0.00338	0.80618
432 T	0.19053	0.00328	0.8062
433 T	0.19063	0.00314	0.80623
434 T	0.19068	0.00310	0.80622
435 T	0.19068	0.00311	0.80621
436 T	0.19068	0.00316	0.80617
437 A	0.19067	0.00320	0.80613
438 T	0.19068	0.00321	0.80611
439 T	0.19068	0.00322	0.8061
440 T	0.19067	0.00325	0.80608
441 T	0.19061	0.00335	0.80604
442 T	0.19037	0.00364	0.80599
443 T	0.18971	0.00439	0.8059
444 A	0.18842	0.00568	0.8059
445 A	0.18765	0.00641	0.80594
446 A	0.18700	0.00697	0.80603
447 A	0.18673	0.00694	0.80633
448 C	0.18671	0.00673	0.80656
449 C	0.18680	0.00659	0.80661
450 T	0.18709	0.00639	0.80652
451 T	0.18699	0.00678	0.80623
452 T	0.18389	0.01038	0.80573
453 T	0.17721	0.01782	0.80497
454 T	0.16840	0.02720	0.80441
455 T	0.15735	0.03866	0.80399
456 G	0.13681	0.05972	0.80347
457 T	0.12689	0.06973	0.80339
458 A	0.11521	0.08149	0.8033
459 T	0.10972	0.08699	0.80329
460 A	0.10036	0.09635	0.80329
461 C	0.09575	0.10093	0.80333
462 T	0.09232	0.10436	0.80333
463 C	0.08430	0.11237	0.80332
464 C	0.07924	0.11747	0.8033
465 A	0.07691	0.11982	0.80327
466 A	0.07611	0.12062	0.80327
467 A	0.07542	0.12116	0.80341
468 A	0.07510	0.12132	0.80357
469 C	0.07497	0.12099	0.80404
470 A	0.07490	0.12067	0.80443
471 A	0.07480	0.12040	0.80479
472 A	0.07477	0.12020	0.80502
473 A	0.07491	0.11968	0.80541
474 A	0.07530	0.11862	0.80608
475 A	0.07602	0.11096	0.81301
476 T	0.07709	0.09377	0.82913
477 T	0.07758	0.07972	0.8427
478 T	0.07765	0.06718	0.85518
479 T	0.07748	0.05762	0.8649
480 G	0.07675	0.06139	0.86186
481 G	0.07626	0.06120	0.86253
482 A	0.07585	0.06902	0.85513
483 T	0.07574	0.06904	0.85521
484 T	0.07563	0.06796	0.8564
485 A	0.07545	0.06787	0.85668
486 T	0.07541	0.06166	0.86294
487 G	0.07536	0.05853	0.86611
488 C	0.07534	0.05777	0.86689
489 T	0.07528	0.05925	0.86547
490 T	0.07520	0.06066	0.86414
491 T	0.07492	0.06235	0.86273
492 T	0.07428	0.06553	0.86019
493 G	0.07257	0.07184	0.85559
494 A	0.07103	0.07920	0.84977
495 A	0.07017	0.09039	0.83943
496 A	0.06925	0.09909	0.83166
497 A	0.06877	0.10458	0.82665
498 A	0.06860	0.10760	0.8238
499 A	0.06863	0.11039	0.82099
500 A	0.06904	0.11242	0.81853
501 A	0.07166	0.10988	0.81846
502 A	0.08130	0.09994	0.81876
503 T	0.09518	0.08532	0.81951
504 A	0.10034	0.07964	0.82002
505 C	0.10848	0.07099	0.82053
506 C	0.11350	0.06595	0.82055
507 T	0.11764	0.06197	0.82039
508 T	0.12110	0.05876	0.82015
509 T	0.12255	0.05750	0.81995
510 T	0.12305	0.05713	0.81983
511 T	0.12234	0.05791	0.81976
512 T	0.12028	0.05988	0.81984
513 A	0.10254	0.07787	0.81959
514 G	0.07902	0.10158	0.8194
515 A	0.07192	0.10878	0.8193
516 A	0.06931	0.11017	0.82052
517 G	0.06954	0.10868	0.82178
518 A	0.07728	0.10021	0.8225
519 T	0.08408	0.09255	0.82337
520 C	0.08528	0.09087	0.82384
521 A	0.08550	0.09051	0.82399
522 C	0.08619	0.08974	0.82407
523 A	0.08731	0.08863	0.82406
524 C	0.08746	0.08847	0.82407
525 T	0.08760	0.08840	0.824
526 A	0.08753	0.08847	0.824
527 A	0.08776	0.08823	0.82401
528 T	0.08846	0.08737	0.82416
529 T	0.08823	0.08750	0.82427
530 C	0.08751	0.08728	0.82521
531 T	0.08688	0.08719	0.82593
532 T	0.08559	0.08778	0.82663
533 T	0.08370	0.08894	0.82735
534 G	0.07651	0.09569	0.8278
535 A	0.07398	0.09728	0.82874
536 A	0.07208	0.08254	0.84539
537 T	0.07063	0.05971	0.86965
538 A	0.06699	0.05608	0.87692
539 T	0.06488	0.05490	0.88023
540 A	0.06076	0.06884	0.8704
541 T	0.05832	0.07172	0.86997
542 A	0.05618	0.07412	0.8697
543 T	0.05556	0.07230	0.87214
544 A	0.05440	0.07262	0.87298
545 C	0.05338	0.07418	0.87244
546 T	0.05220	0.08939	0.85841
547 A	0.04985	0.10318	0.84697
548 G	0.04650	0.11301	0.84049
549 A	0.04310	0.12718	0.82972
550 A	0.04169	0.13614	0.82216
551 A	0.04026	0.14329	0.81645
552 T	0.03996	0.14623	0.81381
553 A	0.03966	0.15120	0.80914
554 A	0.03962	0.15205	0.80833
555 A	0.03977	0.15165	0.80858
556 A	0.04008	0.14999	0.80993
557 T	0.04060	0.14296	0.81644
558 A	0.04042	0.14095	0.81862
559 A	0.04067	0.13864	0.82068
560 G	0.04157	0.13560	0.82283
561 A	0.04307	0.13089	0.82604
562 A	0.04620	0.12539	0.82841
563 A	0.05959	0.10788	0.83252
564 T	0.06341	0.10116	0.83543
565 C	0.06467	0.09843	0.83691
566 A	0.06565	0.10212	0.83223
567 A	0.06759	0.10155	0.83086
568 A	0.07186	0.09758	0.83056
569 T	0.08723	0.08216	0.83061
570 T	0.09898	0.06915	0.83186
571 A	0.10435	0.06026	0.83539
572 T	0.11470	0.04625	0.83905
573 A	0.11880	0.04078	0.84042
574 C	0.12257	0.03556	0.84187
575 C	0.12523	0.03286	0.8419
576 T	0.13102	0.02753	0.84146
577 T	0.13246	0.02665	0.84088
578 T	0.13308	0.02608	0.84084
579 T	0.13262	0.02659	0.84079
580 T	0.13076	0.02842	0.84081
581 T	0.12747	0.03094	0.84159
582 C	0.12035	0.03759	0.84206
583 A	0.11363	0.04510	0.84127
584 A	0.10870	0.05088	0.84042
585 A	0.10604	0.05514	0.83882
586 G	0.10435	0.05806	0.83759
587 A	0.10352	0.05950	0.83697
588 G	0.10283	0.06010	0.83707
589 T	0.10689	0.05594	0.83717
590 T	0.10805	0.05477	0.83718
591 A	0.10824	0.05490	0.83687
592 A	0.10872	0.05442	0.83685
593 A	0.10902	0.05425	0.83673
594 T	0.10918	0.05371	0.83711
595 A	0.10897	0.05570	0.83533
596 A	0.10893	0.05687	0.8342
597 T	0.10931	0.05602	0.83468
598 T	0.10949	0.05535	0.83516
599 T	0.10945	0.05514	0.83541
600 T	0.10916	0.05495	0.8359
601 T	0.10719	0.05646	0.83634
602 T	0.10515	0.05783	0.83702
603 G	0.10228	0.05960	0.83811
604 A	0.10020	0.06054	0.83925
605 A	0.09760	0.05876	0.84364
606 A	0.09721	0.05421	0.84858
607 A	0.09756	0.04978	0.85266
608 A	0.09896	0.04600	0.85504
609 T	0.10003	0.04268	0.8573
610 A	0.10017	0.04138	0.85845
611 T	0.09972	0.04013	0.86014
612 T	0.09863	0.04030	0.86107
613 C	0.09779	0.04073	0.86148
614 A	0.09628	0.04317	0.86055
615 A	0.09607	0.04475	0.85919
616 A	0.09644	0.04559	0.85796
617 A	0.09728	0.04635	0.85637
618 G	0.09951	0.04410	0.85639
619 T	0.10228	0.04096	0.85676
620 T	0.10322	0.03978	0.85699
621 T	0.10354	0.03925	0.8572
622 C	0.10328	0.03919	0.85754
623 A	0.10371	0.03919	0.8571
624 T	0.10465	0.03635	0.85901
625 T	0.10488	0.03520	0.85992
626 T	0.10450	0.03407	0.86142
627 T	0.10299	0.03458	0.86244
628 C	0.10060	0.03437	0.86502
629 A	0.09841	0.03598	0.8656
630 A	0.09747	0.03664	0.86589
631 A	0.09752	0.03612	0.86636
632 T	0.09762	0.03533	0.86704
633 G	0.09723	0.03513	0.86764
634 T	0.09736	0.03254	0.8701
635 C	0.09650	0.03177	0.87173
636 G	0.09530	0.03312	0.87158
637 G	0.09507	0.03396	0.87097
638 A	0.09558	0.03586	0.86856
639 A	0.09648	0.03713	0.86639
640 A	0.09812	0.03814	0.86374
641 T	0.09882	0.03921	0.86197
642 T	0.09905	0.04406	0.85689
643 A	0.09890	0.05275	0.84835
644 A	0.09824	0.05714	0.84461
645 T	0.09866	0.05881	0.84253
646 A	0.09896	0.06424	0.8368
647 A	0.09906	0.06548	0.83546
648 T	0.09976	0.06415	0.83609
649 T	0.09987	0.06434	0.8358
650 T	0.09788	0.06624	0.83589
651 T	0.09458	0.06935	0.83608
652 A	0.09033	0.07392	0.83576
653 T	0.08818	0.07599	0.83582
654 A	0.07936	0.08513	0.8355
655 A	0.07391	0.09050	0.83559
656 G	0.07059	0.09337	0.83604
657 A	0.06901	0.09453	0.83645
658 A	0.06766	0.09503	0.83731
659 A	0.06771	0.09372	0.83857
660 A	0.06835	0.09216	0.8395
661 C	0.07058	0.08894	0.84049
662 A	0.07269	0.08648	0.84082
663 A	0.07561	0.08318	0.84121
664 A	0.07873	0.07970	0.84157
665 C	0.08495	0.07290	0.84215
666 T	0.09450	0.06299	0.84251
667 C	0.09849	0.05770	0.84381
668 A	0.10154	0.05447	0.84399
669 T	0.10798	0.04766	0.84437
670 T	0.11012	0.04536	0.84451
671 C	0.11106	0.04330	0.84564
672 T	0.11326	0.04080	0.84594
673 T	0.11435	0.03654	0.84912
674 T	0.11432	0.03376	0.85193
675 T	0.11209	0.03439	0.85352
676 T	0.10992	0.04073	0.84935
677 T	0.10628	0.04189	0.85183
678 A	0.09933	0.05043	0.85023
679 G	0.09648	0.05352	0.85
680 A	0.09491	0.05799	0.84711
681 T	0.09273	0.06131	0.84596
682 A	0.08966	0.06590	0.84443
683 A	0.08869	0.06761	0.8437
684 A	0.08762	0.06989	0.84249
685 A	0.08692	0.07201	0.84107
686 G	0.08659	0.07415	0.83927
687 A	0.08644	0.07578	0.83778
688 A	0.08611	0.07678	0.83712
689 T	0.08589	0.07754	0.83657
690 A	0.08567	0.07866	0.83567
691 G	0.08547	0.08103	0.83349
692 A	0.08527	0.08507	0.82966
693 T	0.08532	0.08675	0.82792
694 A	0.08525	0.08683	0.82793
695 A	0.08559	0.08604	0.82838
696 A	0.08660	0.08401	0.82939
697 A	0.08846	0.07951	0.83203
698 C	0.09223	0.06972	0.83804
699 T	0.10105	0.05842	0.84053
700 T	0.10795	0.04870	0.84335
701 T	0.11323	0.03969	0.84709
702 T	0.11520	0.03581	0.84899
703 T	0.11646	0.03370	0.84984
704 T	0.11665	0.03119	0.85215
705 C	0.11697	0.02856	0.85446
706 A	0.11776	0.02791	0.85433
707 A	0.11923	0.02723	0.85354
708 T	0.12130	0.02471	0.85399
709 T	0.12333	0.02282	0.85386
710 T	0.12379	0.02255	0.85366
711 A	0.12233	0.02409	0.85359
712 C	0.12255	0.02371	0.85375
713 A	0.12336	0.02323	0.8534
714 A	0.12565	0.02117	0.85317
715 T	0.12977	0.01687	0.85335
716 T	0.13160	0.01502	0.85338
717 T	0.13184	0.01485	0.85332
718 T	0.13181	0.01486	0.85333
719 T	0.13156	0.01528	0.85316
720 T	0.13120	0.01585	0.85295
721 T	0.13051	0.01694	0.85255
722 T	0.12915	0.01905	0.8518
723 A	0.12648	0.02222	0.85129
724 A	0.12471	0.02488	0.85041
725 A	0.11799	0.03322	0.84879
726 A	0.11283	0.04014	0.84702
727 C	0.10692	0.04716	0.84592
728 T	0.10461	0.05155	0.84385
729 A	0.09983	0.05981	0.84036
730 G	0.09892	0.06235	0.83872
731 A	0.09828	0.06415	0.83758
732 T	0.09758	0.06554	0.83688
733 A	0.09653	0.06653	0.83694
734 T	0.09667	0.06489	0.83845
735 T	0.09588	0.06566	0.83847
736 G	0.09481	0.06714	0.83805
737 T	0.09431	0.06863	0.83707
738 T	0.09330	0.06980	0.83691
739 A	0.09208	0.07109	0.83683
740 T	0.09138	0.07165	0.83697
741 T	0.08963	0.07318	0.83719
742 C	0.08630	0.07621	0.83748
743 A	0.08344	0.07914	0.83742
744 A	0.08230	0.07997	0.83774
745 A	0.08223	0.07930	0.83847
746 A	0.08247	0.07765	0.83988
747 A	0.08338	0.07561	0.84102
748 G	0.08596	0.06571	0.84833
749 A	0.08981	0.05628	0.8539
750 T	0.09343	0.04572	0.86085
751 A	0.09582	0.04046	0.86372
752 T	0.09899	0.03242	0.86859
753 T	0.10014	0.02919	0.87067
754 A	0.10066	0.02734	0.872
755 T	0.10140	0.02401	0.87459
756 T	0.10262	0.02083	0.87655
757 T	0.10329	0.01978	0.87692
758 T	0.10350	0.01947	0.87703
759 A	0.10324	0.01981	0.87695
760 T	0.10358	0.01814	0.87828
761 T	0.10328	0.01705	0.87966
762 T	0.10283	0.01744	0.87973
763 T	0.10195	0.01903	0.87901
764 T	0.10033	0.02055	0.87912
765 A	0.09674	0.02372	0.87954
766 T	0.09362	0.02772	0.87866
767 T	0.08526	0.04097	0.87377
768 G	0.06362	0.07029	0.86608
769 G	0.04287	0.10742	0.84971
770 A	0.03004	0.13195	0.83801
771 A	0.02195	0.14677	0.83127
772 G	0.01776	0.15378	0.82847
773 A	0.01601	0.15784	0.82615
774 A	0.01513	0.15992	0.82495
775 A	0.01491	0.16086	0.82424
776 A	0.01484	0.16119	0.82397
777 A	0.01492	0.16118	0.82391
778 A	0.01508	0.16102	0.8239
779 A	0.01535	0.16071	0.82394
780 A	0.01593	0.16001	0.82406
781 A	0.01703	0.15859	0.82438
782 T	0.01869	0.15616	0.82516
783 T	0.01928	0.15503	0.82569
784 G	0.01944	0.15418	0.82638
785 A	0.02037	0.15240	0.82722
786 T	0.02173	0.14958	0.82869
787 A	0.02211	0.14754	0.83036
788 A	0.02348	0.14257	0.83395
789 A	0.02754	0.13441	0.83805
790 A	0.03458	0.11821	0.84721
791 A	0.04449	0.08786	0.86764
792 T	0.06278	0.04848	0.88874
793 T	0.07340	0.02598	0.90061
794 T	0.07862	0.01351	0.90787
795 T	0.08022	0.00878	0.91099
796 T	0.08099	0.00713	0.91188
797 C	0.08038	0.00747	0.91215
798 T	0.07910	0.01055	0.91035
799 T	0.07812	0.01497	0.90692
800 T	0.07688	0.02139	0.90173
801 G	0.07452	0.02830	0.89718
802 A	0.07304	0.03294	0.89402
803 T	0.07171	0.03570	0.89259
804 T	0.07025	0.03900	0.89075
805 A	0.06871	0.04537	0.88591
806 A	0.06827	0.05144	0.88029
807 T	0.06807	0.05550	0.87643
808 A	0.06734	0.06057	0.87208
809 A	0.06625	0.06324	0.87052
810 T	0.06562	0.06494	0.86945
811 A	0.06386	0.06895	0.86719
812 T	0.06249	0.07084	0.86666
813 T	0.06026	0.07376	0.86597
814 G	0.05691	0.07860	0.86449
815 T	0.05574	0.08081	0.86345
816 A	0.05255	0.08590	0.86155
817 A	0.04959	0.09109	0.85932
818 A	0.04831	0.09397	0.85772
819 A	0.04902	0.09411	0.85687
820 G	0.05035	0.09256	0.85709
821 G	0.05434	0.08737	0.85829
822 T	0.05995	0.08064	0.85941
823 T	0.06499	0.07489	0.86012
824 T	0.06755	0.07109	0.86137
825 A	0.06368	0.07474	0.86159
826 C	0.06105	0.07640	0.86254
827 A	0.05926	0.07837	0.86237
828 A	0.06124	0.07626	0.8625
829 A	0.06530	0.07258	0.86212
830 A	0.06911	0.06919	0.8617
831 T	0.07358	0.06434	0.86207
832 A	0.07371	0.06343	0.86285
833 A	0.07282	0.06438	0.86279
834 T	0.07346	0.06330	0.86324
835 A	0.06840	0.07059	0.86101
836 A	0.06598	0.07268	0.86134
837 T	0.06601	0.06962	0.86437
838 A	0.06527	0.06913	0.86559
839 A	0.06608	0.06557	0.86836
840 A	0.06765	0.06127	0.87109
841 C	0.06919	0.05824	0.87257
842 C	0.07020	0.05700	0.87281
843 T	0.07147	0.05575	0.87278
844 A	0.07234	0.05492	0.87275
845 G	0.07282	0.05442	0.87277
846 T	0.07354	0.05365	0.87282
847 A	0.07392	0.05289	0.8732
848 T	0.07478	0.04610	0.87912
849 T	0.07490	0.04208	0.88302
850 C	0.07416	0.04007	0.88578
851 A	0.07262	0.04143	0.88595
852 A	0.07208	0.04122	0.8867
853 T	0.07221	0.04044	0.88735
854 G	0.07185	0.04037	0.88778
855 G	0.07254	0.03871	0.88875
856 G	0.07395	0.03461	0.89144
857 A	0.07560	0.03186	0.89255
858 T	0.07906	0.02290	0.89803
859 T	0.08065	0.01844	0.90091
860 T	0.08070	0.01700	0.90229
861 G	0.08045	0.01680	0.90275
862 T	0.08037	0.01635	0.90328
863 T	0.08022	0.01597	0.90381
864 A	0.07968	0.01643	0.90389
865 T	0.07930	0.01671	0.90399
866 C	0.07784	0.01850	0.90366
867 T	0.07708	0.02268	0.90024
868 A	0.07479	0.02981	0.8954
869 A	0.07215	0.03677	0.89107
870 A	0.07113	0.03997	0.8889
871 G	0.07046	0.04238	0.88716
872 A	0.06916	0.04564	0.8852
873 A	0.06871	0.04550	0.88579
874 T	0.06894	0.04377	0.88729
875 G	0.06828	0.04402	0.88771
876 G	0.06808	0.04450	0.88742
877 A	0.06819	0.04618	0.88563
878 T	0.06844	0.04798	0.88358
879 A	0.06810	0.04980	0.8821
880 T	0.06879	0.04969	0.88152
881 T	0.06876	0.05033	0.88092
882 A	0.06827	0.05132	0.88041
883 G	0.06816	0.05154	0.8803
884 T	0.06857	0.05097	0.88045
885 T	0.06852	0.05087	0.88061
886 A	0.06805	0.05115	0.8808
887 A	0.06826	0.05035	0.8814
888 A	0.06885	0.04902	0.88212
889 C	0.06969	0.04621	0.88409
890 A	0.07291	0.04268	0.88441
891 A	0.07759	0.03664	0.88577
892 T	0.08229	0.03011	0.8876
893 A	0.08422	0.02751	0.88828
894 T	0.08625	0.02494	0.88881
895 T	0.08842	0.02142	0.89015
896 A	0.08857	0.02098	0.89045
897 T	0.08909	0.02024	0.89067
898 A	0.08893	0.02127	0.8898
899 A	0.08937	0.02062	0.89001
900 A	0.09134	0.01844	0.89022
901 T	0.09424	0.01516	0.8906
902 T	0.09598	0.01276	0.89126
903 T	0.09660	0.01196	0.89144
904 T	0.09681	0.01190	0.89129
905 T	0.09667	0.01290	0.89043
906 T	0.09448	0.01749	0.88803
907 T	0.09082	0.02306	0.88611
908 G	0.08568	0.02968	0.88463
909 G	0.08235	0.03328	0.88438
910 A	0.07960	0.03637	0.88403
911 A	0.07826	0.03781	0.88393
912 A	0.07767	0.03838	0.88395
913 C	0.07774	0.03822	0.88404
914 A	0.07784	0.03826	0.88389
915 T	0.07809	0.03813	0.88378
916 A	0.07813	0.03837	0.88351
917 G	0.07822	0.03854	0.88323
918 A	0.07837	0.03898	0.88264
919 A	0.07874	0.03812	0.88314
920 A	0.07920	0.03727	0.88353
921 T	0.08103	0.03454	0.88443
922 T	0.08139	0.03376	0.88484
923 C	0.08152	0.03336	0.88512
924 T	0.08167	0.03329	0.88504
925 G	0.08162	0.03349	0.88489
926 A	0.08182	0.03361	0.88456
927 A	0.08252	0.03300	0.88448
928 A	0.08421	0.03126	0.88452
929 T	0.08724	0.02487	0.8879
930 T	0.08929	0.01883	0.89188
931 G	0.09040	0.01299	0.8966
932 T	0.09096	0.00978	0.89926
933 T	0.09128	0.00751	0.90121
934 T	0.09139	0.00667	0.90194
935 C	0.09135	0.00679	0.90185
936 T	0.09130	0.00793	0.90077
937 A	0.09096	0.00981	0.89923
938 A	0.09088	0.01095	0.89817
939 A	0.09105	0.01140	0.89755
940 A	0.09132	0.01182	0.89687
941 A	0.09186	0.01135	0.89679
942 T	0.09216	0.01103	0.89681
943 T	0.09230	0.01120	0.8965
944 T	0.09233	0.01156	0.8961
945 T	0.09231	0.01161	0.89608
946 A	0.09225	0.01161	0.89614
947 A	0.09230	0.01148	0.89622
948 A	0.09248	0.01114	0.89638
949 C	0.09287	0.01065	0.89648
950 C	0.09323	0.01027	0.8965
951 T	0.09372	0.00981	0.89646
952 T	0.09378	0.00984	0.89638
953 C	0.09343	0.01032	0.89625
954 T	0.09317	0.01068	0.89614
955 A	0.09213	0.01202	0.89585
956 T	0.09200	0.01222	0.89578
957 A	0.09172	0.01255	0.89573
958 C	0.09215	0.01204	0.89581
959 A	0.09321	0.01092	0.89586
960 T	0.09482	0.00896	0.89622
961 T	0.09538	0.00824	0.89639
962 G	0.09543	0.00812	0.89645
963 T	0.09585	0.00768	0.89647
964 G	0.09590	0.00752	0.89658
965 C	0.09596	0.00738	0.89666
966 T	0.09621	0.00711	0.89668
967 T	0.09639	0.00691	0.8967
968 C	0.09632	0.00695	0.89674
969 G	0.09610	0.00718	0.89672
970 G	0.09597	0.00734	0.8967
971 A	0.09591	0.00740	0.89669
972 T	0.09589	0.00740	0.89671
973 A	0.09583	0.00745	0.89672
974 A	0.09588	0.00730	0.89682
975 A	0.09597	0.00694	0.89709
976 A	0.09614	0.00622	0.89763
977 A	0.09633	0.00558	0.89809
978 T	0.09678	0.00394	0.89928
979 T	0.09696	0.00331	0.89972
980 T	0.09706	0.00271	0.90023
981 T	0.09709	0.00243	0.90048
982 T	0.09711	0.00223	0.90066
983 T	0.09709	0.00211	0.9008
984 A	0.09700	0.00202	0.90097
985 T	0.09698	0.00175	0.90126
986 C	0.09680	0.00185	0.90135
987 T	0.09661	0.00239	0.901
988 T	0.09621	0.00309	0.90071
989 T	0.09545	0.00444	0.90011
990 T	0.09466	0.00566	0.89968
991 T	0.09406	0.00651	0.89942
992 G	0.09343	0.00734	0.89923
993 T	0.09314	0.00768	0.89918
994 T	0.09272	0.00832	0.89895
995 T	0.09210	0.00909	0.89882
996 T	0.09122	0.01014	0.89864
997 G	0.08887	0.01317	0.89796
998 T	0.08797	0.01456	0.89747
999 G	0.08727	0.01542	0.89731
1000 A	0.08692	0.01592	0.89717
1001 A	0.08673	0.01622	0.89705
1002 A	0.08663	0.01642	0.89695
1003 C	0.08651	0.01664	0.89685
1004 A	0.08625	0.01711	0.89663
1005 A	0.08620	0.01736	0.89644
1006 A	0.08621	0.01753	0.89626
1007 A	0.08626	0.01749	0.89625
1008 G	0.08637	0.01743	0.8962
1009 A	0.08655	0.01706	0.89639
1010 T	0.08715	0.01608	0.89677
1011 A	0.08765	0.01507	0.89728
1012 T	0.08858	0.01315	0.89827
1013 T	0.08903	0.01192	0.89905
1014 T	0.08922	0.01144	0.89933
1015 T	0.08935	0.01149	0.89916
1016 A	0.08935	0.01318	0.89747
1017 T	0.08957	0.01242	0.89801
1018 G	0.08968	0.01195	0.89837
1019 A	0.08986	0.01119	0.89895
1020 T	0.09046	0.00878	0.90076
1021 C	0.09051	0.00823	0.90126
1022 T	0.08995	0.00895	0.9011
1023 A	0.08693	0.01189	0.90118
1024 A	0.08560	0.01315	0.90125
1025 A	0.08538	0.01329	0.90133
1026 T	0.08536	0.01318	0.90146
1027 C	0.08537	0.01285	0.90178
1028 G	0.08551	0.01265	0.90184
1029 T	0.08568	0.01246	0.90186
1030 C	0.08569	0.01245	0.90186
1031 T	0.08571	0.01244	0.90185
1032 T	0.08555	0.01260	0.90185
1033 C	0.08548	0.01267	0.90186
1034 A	0.08545	0.01269	0.90186
1035 A	0.08548	0.01266	0.90187
1036 C	0.08563	0.01243	0.90195
1037 C	0.08592	0.01211	0.90197
1038 C	0.08669	0.01131	0.90199
1039 C	0.08882	0.00914	0.90204
1040 C	0.08937	0.00858	0.90204
1041 T	0.08977	0.00820	0.90203
1042 T	0.09002	0.00798	0.90201
1043 T	0.09009	0.00792	0.90199
1044 T	0.09011	0.00773	0.90215
1045 T	0.09025	0.00728	0.90247
1046 T	0.09017	0.00511	0.90473
1047 T	0.08958	0.00693	0.9035
1048 G	0.08829	0.01197	0.89975
1049 T	0.08719	0.01700	0.89581
1050 G	0.08289	0.03029	0.88682
1051 A	0.06800	0.04698	0.88501
1052 G	0.06263	0.05302	0.88435
1053 A	0.06086	0.05550	0.88365
1054 A	0.05975	0.05706	0.8832
1055 C	0.05903	0.05815	0.88282
1056 T	0.05861	0.06012	0.88127
1057 A	0.05781	0.06334	0.87885
1058 A	0.05742	0.06708	0.87551
1059 A	0.05711	0.06934	0.87355
1060 A	0.05699	0.06977	0.87324
1061 A	0.05660	0.07023	0.87318
1062 A	0.05634	0.07049	0.87317
1063 A	0.05626	0.07054	0.8732
1064 C	0.05624	0.07050	0.87326
1065 A	0.05625	0.07045	0.8733
1066 G	0.05633	0.07026	0.87341
1067 G	0.05663	0.06983	0.87354
1068 C	0.05767	0.06859	0.87374
1069 G	0.06021	0.06595	0.87383
1070 A	0.06556	0.05973	0.87471
1071 T	0.07073	0.05347	0.87579
1072 A	0.07345	0.04988	0.87666
1073 T	0.07949	0.04059	0.87992
1074 T	0.08066	0.02377	0.89557
1075 T	0.08114	0.01748	0.90139
1076 T	0.08169	0.01533	0.90298
1077 A	0.08233	0.01408	0.9036
1078 C	0.08314	0.01298	0.90389
1079 A	0.08431	0.01292	0.90277
1080 A	0.08633	0.01093	0.90273
1081 T	0.08951	0.00749	0.90299
1082 T	0.09118	0.00577	0.90305
1083 T	0.09132	0.00619	0.9025
1084 T	0.09087	0.00683	0.9023
1085 C	0.08990	0.00780	0.9023
1086 T	0.08911	0.00999	0.90089
1087 T	0.08660	0.01608	0.89732
1088 T	0.07832	0.03885	0.88282
1089 C	0.05685	0.06682	0.87632
1090 G	0.04641	0.07903	0.87457
1091 G	0.04069	0.08602	0.87329
1092 A	0.03766	0.08929	0.87304
1093 A	0.03592	0.09119	0.87289
1094 C	0.03537	0.09179	0.87285
1095 T	0.03519	0.09209	0.87273
1096 C	0.03485	0.09255	0.87261
1097 A	0.03458	0.09306	0.87236
1098 A	0.03444	0.09347	0.87209
1099 A	0.03436	0.09382	0.87182
1100 A	0.03454	0.09373	0.87173
1101 A	0.03492	0.09340	0.87169
1102 T	0.03620	0.09190	0.8719
1103 T	0.03670	0.09131	0.87199
1104 A	0.03674	0.09128	0.87198
1105 A	0.03690	0.09111	0.87199
1106 A	0.03746	0.09048	0.87206
1107 A	0.03811	0.08929	0.8726
1108 A	0.03888	0.08730	0.87382
1109 A	0.04117	0.08326	0.87558
1110 A	0.04560	0.07469	0.87971
1111 T	0.06051	0.04913	0.89036
1112 T	0.06634	0.02160	0.91206
1113 T	0.06767	0.01253	0.91981
1114 T	0.06827	0.00840	0.92333
1115 T	0.06837	0.00714	0.92448
1116 T	0.06814	0.00695	0.92491
1117 A	0.06687	0.00883	0.92429
1118 T	0.06661	0.00942	0.92398
1119 T	0.06601	0.01106	0.92293
1120 A	0.06452	0.01292	0.92256
1121 A	0.06300	0.01489	0.9221
1122 T	0.06116	0.01713	0.9217
1123 T	0.05743	0.02195	0.92062
1124 C	0.05329	0.02831	0.9184
1125 T	0.05221	0.03715	0.91064
1126 A	0.05040	0.05629	0.89331
1127 A	0.04920	0.06000	0.8908
1128 A	0.04841	0.06106	0.89054
1129 A	0.04742	0.06206	0.89052
1130 T	0.04532	0.06412	0.89055
1131 C	0.04012	0.06936	0.89053
1132 C	0.03862	0.07098	0.89041
1133 C	0.03811	0.07165	0.89023
1134 T	0.03795	0.07217	0.88988
1135 T	0.03738	0.07320	0.88941
1136 T	0.03681	0.07423	0.88896
1137 A	0.03571	0.07567	0.88862
1138 A	0.03530	0.07622	0.88848
1139 A	0.03537	0.07584	0.88879
1140 T	0.03602	0.07393	0.89005
1141 G	0.03599	0.07347	0.89054
1142 A	0.03659	0.07227	0.89114
1143 A	0.03677	0.07050	0.89274
1144 A	0.03722	0.06792	0.89486
1145 G	0.03812	0.06447	0.89741
1146 G	0.04052	0.05856	0.90092
1147 C	0.04353	0.05188	0.90458
1148 A	0.04999	0.04515	0.90486
1149 A	0.06408	0.03038	0.90553
1150 A	0.06678	0.02717	0.90604
1151 A	0.06774	0.02565	0.90661
1152 G	0.06845	0.02394	0.90762
1153 A	0.06899	0.02103	0.90997
1154 T	0.06975	0.01549	0.91475
1155 T	0.07021	0.01472	0.91507
1156 T	0.07039	0.01753	0.91208
1157 G	0.06959	0.02205	0.90836
1158 G	0.06876	0.02854	0.90271
1159 T	0.06834	0.03257	0.89908
1160 T	0.06603	0.03757	0.8964
1161 A	0.05899	0.04909	0.89192
1162 G	0.05807	0.05213	0.88979
1163 T	0.05773	0.05452	0.88775
1164 A	0.05655	0.05798	0.88546
1165 A	0.05580	0.05990	0.88431
1166 T	0.05552	0.06054	0.88394
1167 G	0.05473	0.06131	0.88396
1168 G	0.05413	0.06217	0.88369
1169 A	0.05382	0.06283	0.88335
1170 T	0.05385	0.06284	0.88331
1171 C	0.05379	0.06293	0.88329
1172 A	0.05385	0.06311	0.88305
1173 A	0.05412	0.06304	0.88284
1174 C	0.05440	0.06290	0.8827
1175 A	0.05469	0.06289	0.88242
1176 A	0.05559	0.06229	0.88213
1177 A	0.05713	0.06100	0.88186
1178 A	0.06031	0.05781	0.88188
1179 T	0.06686	0.05114	0.882
1180 A	0.07267	0.04394	0.88339
1181 T	0.08035	0.03422	0.88544
1182 T	0.08329	0.03015	0.88657
1183 A	0.08493	0.02643	0.88864
1184 T	0.08816	0.01731	0.89453
1185 T	0.09005	0.01439	0.89557
1186 A	0.09119	0.01285	0.89597
1187 T	0.09317	0.00995	0.89688
1188 T	0.09423	0.00825	0.89751
1189 T	0.09453	0.00792	0.89754
1190 G	0.09441	0.00767	0.89792
1191 G	0.09462	0.00704	0.89834
1192 A	0.09498	0.00640	0.89862
1193 T	0.09523	0.00591	0.89886
1194 T	0.09540	0.00547	0.89914
1195 C	0.09566	0.00490	0.89945
1196 C	0.09587	0.00469	0.89945
1197 T	0.09606	0.00466	0.89928
1198 A	0.09624	0.00484	0.89892
1199 A	0.09651	0.00466	0.89883
1200 T	0.09686	0.00440	0.89874
1201 T	0.09698	0.00449	0.89853
1202 T	0.09683	0.00501	0.89816
1203 A	0.09632	0.00648	0.8972
1204 T	0.09618	0.00714	0.89667
1205 A	0.09579	0.00825	0.89597
1206 T	0.09559	0.00947	0.89494
1207 T	0.09454	0.01338	0.89207
1208 T	0.09348	0.01735	0.88917
1209 A	0.09084	0.02619	0.88297
1210 A	0.08942	0.02903	0.88155
1211 A	0.08834	0.03117	0.88049
1212 T	0.08815	0.03159	0.88027
1213 T	0.08773	0.03187	0.88039
1214 C	0.08611	0.03346	0.88044
1215 T	0.08564	0.03393	0.88042
1216 A	0.08505	0.03455	0.8804
1217 C	0.08486	0.03473	0.88041
1218 G	0.08478	0.03482	0.88041
1219 C	0.08476	0.03484	0.88039
1220 T	0.08476	0.03487	0.88037
1221 T	0.08479	0.03485	0.88035
1222 G	0.08445	0.03522	0.88034
1223 G	0.08430	0.03537	0.88032
1224 A	0.08436	0.03532	0.88032
1225 A	0.08471	0.03474	0.88055
1226 G	0.08568	0.03312	0.8812
1227 A	0.08647	0.03201	0.88152
1228 G	0.08743	0.03051	0.88207
1229 A	0.08902	0.02835	0.88262
1230 T	0.09206	0.02408	0.88385
1231 A	0.09462	0.02049	0.88489
1232 A	0.10005	0.01260	0.88735
1233 A	0.10182	0.00939	0.88879
1234 T	0.10325	0.00620	0.89055
1235 T	0.10359	0.00499	0.89142
1236 T	0.10361	0.00417	0.89222
1237 C	0.10350	0.00303	0.89347
1238 T	0.10333	0.00352	0.89315
1239 T	0.10287	0.00485	0.89228
1240 T	0.10167	0.00802	0.89031
1241 A	0.09930	0.01199	0.88871
1242 T	0.09665	0.01605	0.88731
1243 T	0.08812	0.02660	0.88528
1244 T	0.07678	0.03947	0.88374
1245 G	0.06576	0.05155	0.88269
1246 G	0.06117	0.05929	0.87954
1247 G	0.06038	0.06090	0.87872
1248 T	0.05991	0.06220	0.8779
1249 T	0.05916	0.06375	0.87709
1250 T	0.05857	0.06462	0.87682
1251 A	0.05801	0.06548	0.87651
1252 A	0.05799	0.06550	0.87651
1253 A	0.05799	0.06549	0.87652
1254 G	0.05803	0.06544	0.87653
1255 A	0.05807	0.06538	0.87654
1256 A	0.05810	0.06534	0.87656
1257 A	0.05814	0.06527	0.87659
1258 G	0.05824	0.06512	0.87664
1259 A	0.05841	0.06487	0.87673
1260 A	0.05869	0.06438	0.87693
1261 A	0.05943	0.06320	0.87737
1262 A	0.06078	0.06092	0.87829
1263 T	0.06328	0.05627	0.88045
1264 A	0.06490	0.05161	0.88349
1265 A	0.06682	0.04557	0.88761
1266 T	0.07021	0.03251	0.89727
1267 T	0.07234	0.01943	0.90824
1268 G	0.07362	0.00851	0.91787
1269 A	0.07730	0.00000	0.9227
