# lcl|CP097583.1_cds_USQ93348.1_1
# AA	inside	membr	outside
1 A	0.66913	0.00000	0.33087
2 T	0.66203	0.00710	0.33087
3 G	0.65945	0.00968	0.33087
4 A	0.65945	0.01113	0.32942
5 C	0.65014	0.02121	0.32865
6 A	0.65014	0.02155	0.3283
7 T	0.62483	0.04699	0.32818
8 C	0.62482	0.04700	0.32817
9 T	0.61758	0.05509	0.32732
10 G	0.61754	0.18908	0.19338
11 A	0.61474	0.20001	0.18525
12 T	0.58556	0.23076	0.18368
13 T	0.53121	0.29881	0.16997
14 T	0.53119	0.29884	0.16997
15 A	0.53119	0.36299	0.10582
16 G	0.52748	0.36669	0.10582
17 A	0.52360	0.37111	0.10528
18 A	0.52328	0.37202	0.10469
19 C	0.51863	0.37694	0.10442
20 A	0.49824	0.40893	0.09283
21 A	0.48450	0.42264	0.09285
22 A	0.48406	0.42431	0.09163
23 T	0.48418	0.42468	0.09114
24 T	0.48410	0.42501	0.09089
25 T	0.48390	0.41333	0.10278
26 T	0.48312	0.41065	0.10623
27 T	0.48046	0.41132	0.10822
28 G	0.47396	0.41678	0.10926
29 A	0.46832	0.43182	0.09986
30 A	0.46249	0.42503	0.11247
31 A	0.46096	0.42336	0.11568
32 A	0.46386	0.40900	0.12713
33 T	0.59223	0.26394	0.14384
34 T	0.59908	0.24984	0.15108
35 C	0.60094	0.22135	0.17771
36 T	0.61002	0.18696	0.20302
37 G	0.61006	0.18664	0.2033
38 A	0.66511	0.13246	0.20243
39 T	0.66771	0.13210	0.2002
40 T	0.66992	0.13216	0.19793
41 T	0.66959	0.13278	0.19762
42 A	0.66877	0.13416	0.19707
43 T	0.67391	0.11042	0.21568
44 A	0.66905	0.10566	0.22528
45 T	0.66600	0.10717	0.22683
46 T	0.66514	0.10650	0.22836
47 C	0.66381	0.10575	0.23043
48 T	0.66206	0.10876	0.22917
49 A	0.65710	0.12283	0.22008
50 A	0.65391	0.13231	0.21377
51 A	0.65555	0.13146	0.21299
52 T	0.65197	0.14309	0.20494
53 T	0.63444	0.15359	0.21197
54 A	0.62232	0.16439	0.21329
55 T	0.61392	0.17028	0.2158
56 T	0.58906	0.19452	0.21642
57 C	0.45034	0.33320	0.21646
58 A	0.29918	0.49892	0.2019
59 A	0.25730	0.55370	0.189
60 G	0.22917	0.60999	0.16084
61 A	0.20140	0.68680	0.1118
62 A	0.15865	0.77199	0.06936
63 T	0.15511	0.79777	0.04712
64 A	0.15243	0.81749	0.03008
65 A	0.15253	0.81724	0.03022
66 T	0.15123	0.81841	0.03035
67 A	0.14683	0.81968	0.03349
68 T	0.13463	0.82790	0.03748
69 C	0.12348	0.83733	0.03918
70 A	0.12046	0.84150	0.03804
71 A	0.11859	0.84384	0.03758
72 A	0.12412	0.83651	0.03938
73 A	0.12945	0.82909	0.04147
74 A	0.13478	0.82163	0.04359
75 T	0.14891	0.78698	0.06411
76 A	0.14976	0.76922	0.08101
77 T	0.15101	0.75744	0.09156
78 A	0.15027	0.75614	0.09359
79 A	0.15055	0.73829	0.11116
80 A	0.15259	0.59376	0.25365
81 A	0.16618	0.43653	0.39729
82 G	0.18108	0.38235	0.43658
83 A	0.21842	0.32358	0.45801
84 A	0.27301	0.24509	0.48191
85 C	0.31501	0.14627	0.53872
86 T	0.33656	0.13379	0.52965
87 T	0.34824	0.13214	0.51962
88 A	0.34752	0.15665	0.49584
89 T	0.34936	0.15602	0.49462
90 T	0.34920	0.15623	0.49456
91 T	0.34531	0.14764	0.50706
92 T	0.33282	0.16255	0.50463
93 C	0.30483	0.22153	0.47364
94 A	0.27186	0.50211	0.22602
95 A	0.18230	0.76119	0.05651
96 G	0.13412	0.82031	0.04557
97 A	0.10944	0.84624	0.04432
98 A	0.09983	0.85631	0.04385
99 A	0.09697	0.85806	0.04497
100 C	0.09995	0.85379	0.04626
101 C	0.10464	0.84862	0.04674
102 T	0.10916	0.84507	0.04577
103 A	0.10731	0.84837	0.04432
104 A	0.10383	0.85328	0.04289
105 A	0.09622	0.86233	0.04145
106 A	0.09602	0.86367	0.04032
107 A	0.09935	0.85949	0.04116
108 A	0.10659	0.85103	0.04238
109 T	0.12521	0.83066	0.04414
110 A	0.13493	0.81878	0.04629
111 T	0.15497	0.79291	0.05213
112 C	0.15318	0.78914	0.05768
113 A	0.15189	0.78895	0.05916
114 A	0.15880	0.77792	0.06329
115 G	0.18081	0.74466	0.07453
116 A	0.22142	0.68248	0.0961
117 T	0.46391	0.41201	0.12408
118 T	0.61102	0.17279	0.21618
119 T	0.62089	0.11808	0.26104
120 T	0.61932	0.09774	0.28294
121 A	0.61136	0.09667	0.29198
122 C	0.60561	0.09485	0.29953
123 T	0.59382	0.10970	0.29648
124 T	0.58962	0.11283	0.29756
125 T	0.58649	0.11637	0.29714
126 A	0.58000	0.12379	0.29621
127 A	0.57474	0.13482	0.29044
128 C	0.56558	0.13563	0.29879
129 T	0.52240	0.18262	0.29499
130 G	0.49020	0.22347	0.28633
131 A	0.48108	0.24569	0.27323
132 A	0.47503	0.28093	0.24404
133 T	0.47235	0.30053	0.22712
134 T	0.46617	0.32104	0.21279
135 A	0.44291	0.36503	0.19205
136 A	0.39989	0.42662	0.17349
137 A	0.33798	0.53031	0.1317
138 T	0.27807	0.62200	0.09992
139 A	0.25279	0.67498	0.07224
140 A	0.23324	0.71372	0.05304
141 A	0.20712	0.75628	0.03661
142 A	0.18513	0.77930	0.03556
143 T	0.17358	0.78640	0.04002
144 A	0.15537	0.79714	0.0475
145 G	0.14591	0.79848	0.05561
146 C	0.13993	0.79186	0.06821
147 A	0.13176	0.79958	0.06866
148 G	0.12648	0.80502	0.0685
149 A	0.12830	0.80993	0.06177
150 T	0.13751	0.80933	0.05316
151 A	0.13668	0.80918	0.05414
152 A	0.13969	0.77073	0.08959
153 A	0.14517	0.74195	0.11288
154 A	0.15253	0.72475	0.12272
155 C	0.17339	0.69528	0.13133
156 A	0.18208	0.69647	0.12146
157 A	0.19714	0.67837	0.1245
158 A	0.22047	0.64022	0.13931
159 A	0.24447	0.58412	0.17141
160 G	0.28813	0.49234	0.21954
161 T	0.32725	0.38722	0.28554
162 A	0.34843	0.34709	0.30448
163 A	0.36372	0.31595	0.32034
164 A	0.37947	0.28393	0.3366
165 T	0.38554	0.26489	0.34958
166 T	0.38143	0.29516	0.32341
167 T	0.36191	0.31223	0.32587
168 A	0.34535	0.33861	0.31604
169 T	0.33956	0.34551	0.31493
170 A	0.32321	0.36610	0.31069
171 C	0.31636	0.37198	0.31167
172 G	0.31876	0.38494	0.2963
173 G	0.32543	0.39318	0.2814
174 A	0.31874	0.42262	0.25864
175 A	0.32016	0.43344	0.24639
176 T	0.32702	0.42931	0.24367
177 T	0.32452	0.43472	0.24076
178 A	0.32148	0.44245	0.23607
179 T	0.32699	0.43352	0.23949
180 A	0.32211	0.44814	0.22975
181 A	0.31983	0.46050	0.21968
182 T	0.31863	0.47171	0.20965
183 A	0.31026	0.51265	0.17709
184 A	0.27468	0.58147	0.14386
185 A	0.26534	0.60212	0.13253
186 A	0.26758	0.59797	0.13446
187 G	0.27657	0.58376	0.13966
188 A	0.29485	0.55964	0.14552
189 A	0.33737	0.50628	0.15635
190 C	0.35751	0.45341	0.18908
191 C	0.38085	0.41424	0.20491
192 T	0.40230	0.38908	0.20862
193 G	0.41815	0.36640	0.21545
194 T	0.43271	0.34828	0.21901
195 T	0.44591	0.33224	0.22185
196 G	0.45240	0.32178	0.22582
197 T	0.46597	0.29490	0.23913
198 T	0.47121	0.28300	0.24579
199 G	0.45523	0.29614	0.24863
200 T	0.44921	0.29436	0.25643
201 C	0.42856	0.31163	0.25981
202 A	0.42270	0.32609	0.25121
203 G	0.43050	0.31801	0.25149
204 A	0.44309	0.31302	0.2439
205 A	0.45592	0.30656	0.23751
206 A	0.49042	0.27199	0.23759
207 T	0.52645	0.20300	0.27055
208 T	0.53656	0.18513	0.27831
209 T	0.53445	0.19961	0.26593
210 T	0.52828	0.21946	0.25225
211 T	0.51940	0.24372	0.23688
212 T	0.50703	0.27736	0.21562
213 T	0.49219	0.31637	0.19144
214 A	0.46686	0.37528	0.15787
215 A	0.45118	0.41207	0.13674
216 A	0.44366	0.46034	0.096
217 A	0.42946	0.48902	0.08152
218 A	0.40135	0.52650	0.07216
219 A	0.38321	0.54608	0.07071
220 A	0.37404	0.55244	0.07353
221 A	0.37441	0.54436	0.08124
222 T	0.37776	0.51782	0.10442
223 G	0.37825	0.50376	0.11799
224 C	0.38169	0.47931	0.139
225 T	0.38734	0.47707	0.1356
226 A	0.38601	0.49118	0.12281
227 A	0.39204	0.48975	0.1182
228 A	0.40238	0.48279	0.11482
229 A	0.41201	0.47521	0.11279
230 T	0.42847	0.45215	0.11938
231 G	0.44319	0.42764	0.12917
232 T	0.47569	0.38458	0.13973
233 T	0.49263	0.35221	0.15516
234 C	0.49930	0.33006	0.17064
235 C	0.51102	0.31313	0.17585
236 A	0.52973	0.30474	0.16553
237 T	0.55982	0.27538	0.16479
238 A	0.57665	0.27336	0.14998
239 T	0.61285	0.24795	0.1392
240 A	0.61312	0.25051	0.13637
241 T	0.61744	0.21685	0.16571
242 T	0.61204	0.20327	0.18469
243 A	0.58809	0.21886	0.19306
244 A	0.56792	0.24327	0.18882
245 C	0.55440	0.26487	0.18073
246 A	0.54752	0.28260	0.16988
247 A	0.52761	0.30470	0.16769
248 G	0.51527	0.31606	0.16867
249 T	0.50728	0.32834	0.16438
250 C	0.47157	0.37865	0.14979
251 G	0.44579	0.42940	0.12481
252 A	0.42475	0.49931	0.07595
253 A	0.41308	0.51523	0.07169
254 A	0.40684	0.52291	0.07025
255 T	0.40232	0.52881	0.06887
256 A	0.39508	0.53446	0.07045
257 C	0.39078	0.53385	0.07537
258 A	0.38787	0.53711	0.07502
259 G	0.39216	0.53408	0.07376
260 A	0.39846	0.52820	0.07334
261 A	0.41618	0.51008	0.07374
262 T	0.42668	0.49809	0.07523
263 T	0.42989	0.47883	0.09127
264 C	0.41707	0.48336	0.09957
265 A	0.40626	0.49184	0.1019
266 A	0.40445	0.48260	0.11295
267 A	0.40515	0.46848	0.12638
268 G	0.41440	0.44690	0.1387
269 T	0.42987	0.42488	0.14525
270 A	0.43636	0.39281	0.17083
271 A	0.44562	0.35801	0.19637
272 T	0.46128	0.31452	0.22419
273 T	0.47570	0.26417	0.26012
274 A	0.49231	0.22375	0.28395
275 T	0.53595	0.15764	0.30641
276 T	0.54028	0.14137	0.31835
277 T	0.54076	0.13608	0.32315
278 T	0.53950	0.13274	0.32776
279 T	0.53637	0.13198	0.33165
280 A	0.53041	0.13557	0.33402
281 A	0.52685	0.13244	0.34071
282 T	0.52881	0.12259	0.3486
283 A	0.52863	0.11845	0.35292
284 A	0.53089	0.11300	0.35611
285 T	0.53519	0.10200	0.36281
286 T	0.53675	0.09168	0.37157
287 T	0.53715	0.07939	0.38347
288 T	0.53842	0.07000	0.39158
289 T	0.53942	0.06776	0.39282
290 T	0.53965	0.06648	0.39387
291 T	0.53797	0.06956	0.39247
292 T	0.53291	0.08114	0.38595
293 T	0.51961	0.10713	0.37326
294 T	0.48195	0.16989	0.34816
295 A	0.40713	0.30030	0.29257
296 A	0.36940	0.39218	0.23841
297 A	0.35073	0.45596	0.19332
298 A	0.34644	0.47791	0.17565
299 T	0.34573	0.49255	0.16172
300 T	0.33980	0.50626	0.15394
301 T	0.32360	0.52808	0.14833
302 T	0.29831	0.55890	0.14278
303 A	0.26587	0.59551	0.13861
304 G	0.24581	0.61553	0.13867
305 A	0.23843	0.62462	0.13695
306 A	0.23087	0.63364	0.13549
307 T	0.22692	0.64075	0.13233
308 A	0.21598	0.65976	0.12426
309 T	0.20870	0.67724	0.11406
310 A	0.19458	0.71491	0.09051
311 A	0.18573	0.73186	0.08241
312 T	0.18203	0.74344	0.07453
313 A	0.17842	0.75863	0.06295
314 A	0.17830	0.75940	0.06229
315 A	0.18398	0.74819	0.06783
316 A	0.19748	0.72175	0.08077
317 A	0.22225	0.66435	0.1134
318 A	0.27749	0.54560	0.1769
319 A	0.33349	0.45286	0.21365
320 T	0.38511	0.37877	0.23612
321 A	0.40412	0.35161	0.24427
322 T	0.42520	0.31890	0.2559
323 T	0.43307	0.29673	0.27019
324 T	0.43525	0.27761	0.28714
325 A	0.43255	0.26687	0.30058
326 T	0.43202	0.25434	0.31364
327 T	0.42704	0.25828	0.31468
328 A	0.40571	0.29527	0.29903
329 A	0.39691	0.30330	0.29979
330 A	0.38662	0.31289	0.30049
331 G	0.38466	0.30274	0.3126
332 G	0.39357	0.28533	0.32111
333 T	0.41996	0.24731	0.33273
334 A	0.42716	0.23464	0.33819
335 C	0.43695	0.22233	0.34071
336 T	0.44860	0.22095	0.33045
337 T	0.45113	0.23315	0.31572
338 A	0.44949	0.24757	0.30293
339 T	0.43987	0.27427	0.28587
340 T	0.42864	0.30258	0.26878
341 A	0.40700	0.34001	0.25299
342 T	0.38842	0.37546	0.23612
343 A	0.36520	0.42515	0.20964
344 A	0.34845	0.45145	0.2001
345 T	0.34598	0.45901	0.19501
346 A	0.34180	0.47195	0.18625
347 G	0.34341	0.47132	0.18526
348 A	0.34995	0.46307	0.18698
349 T	0.36302	0.44596	0.19102
350 A	0.37364	0.43095	0.19542
351 T	0.38797	0.39895	0.21308
352 A	0.38667	0.39160	0.22173
353 A	0.38854	0.37680	0.23466
354 T	0.38587	0.36928	0.24485
355 A	0.38328	0.36817	0.24854
356 C	0.38385	0.36590	0.25025
357 A	0.38735	0.36168	0.25097
358 A	0.39376	0.35437	0.25187
359 T	0.40932	0.33794	0.25274
360 T	0.42517	0.32085	0.25397
361 A	0.43155	0.31235	0.25611
362 T	0.44869	0.27767	0.27364
363 A	0.45916	0.25230	0.28854
364 G	0.47158	0.21214	0.31629
365 C	0.48956	0.17105	0.33939
366 T	0.51937	0.12299	0.35764
367 T	0.52922	0.09969	0.37109
368 C	0.53484	0.09007	0.37508
369 T	0.54410	0.07840	0.3775
370 T	0.54798	0.07396	0.37807
371 T	0.54930	0.07072	0.37998
372 T	0.54867	0.07092	0.38042
373 G	0.54756	0.07096	0.38148
374 T	0.54778	0.06183	0.39039
375 T	0.54567	0.05742	0.39691
376 A	0.54030	0.06241	0.39729
377 C	0.53843	0.06287	0.39869
378 T	0.53654	0.07444	0.38902
379 T	0.53171	0.10131	0.36698
380 T	0.52325	0.13868	0.33807
381 A	0.49971	0.20584	0.29445
382 G	0.47185	0.25070	0.27745
383 A	0.46306	0.27373	0.26321
384 A	0.45093	0.29070	0.25837
385 G	0.43858	0.30680	0.25462
386 T	0.42976	0.32474	0.2455
387 T	0.42386	0.35228	0.22386
388 A	0.41903	0.43093	0.15003
389 A	0.41602	0.46580	0.11818
390 T	0.41480	0.49031	0.09489
391 A	0.41260	0.51098	0.07642
392 T	0.40970	0.52238	0.06791
393 A	0.38634	0.55507	0.05859
394 G	0.36413	0.58457	0.0513
395 A	0.35300	0.59557	0.05143
396 A	0.33645	0.61124	0.05231
397 A	0.32377	0.62376	0.05248
398 A	0.31942	0.62580	0.05478
399 C	0.32104	0.61748	0.06148
400 A	0.32586	0.61181	0.06233
401 A	0.33708	0.59909	0.06383
402 A	0.36048	0.57389	0.06564
403 A	0.38901	0.54189	0.06909
404 T	0.43131	0.48497	0.08372
405 T	0.43737	0.45233	0.1103
406 A	0.41276	0.46877	0.11847
407 A	0.40346	0.46592	0.13062
408 A	0.39285	0.46411	0.14303
409 C	0.39709	0.44616	0.15675
410 C	0.41447	0.42459	0.16094
411 T	0.48943	0.34997	0.1606
412 A	0.51540	0.32642	0.15818
413 T	0.54096	0.30158	0.15746
414 T	0.55152	0.29337	0.15511
415 T	0.54689	0.29766	0.15545
416 A	0.54077	0.28334	0.17589
417 T	0.53067	0.27568	0.19365
418 A	0.51475	0.29937	0.18588
419 A	0.50539	0.31464	0.17997
420 T	0.50150	0.31277	0.18573
421 T	0.49528	0.32219	0.18253
422 T	0.47676	0.34491	0.17833
423 A	0.44164	0.38404	0.17432
424 A	0.43216	0.39377	0.17406
425 A	0.43056	0.39527	0.17417
426 A	0.43190	0.39261	0.17549
427 A	0.43549	0.38671	0.1778
428 A	0.43889	0.37283	0.18828
429 T	0.44139	0.33406	0.22454
430 A	0.44151	0.31598	0.2425
431 T	0.44121	0.29676	0.26203
432 T	0.43922	0.28902	0.27175
433 T	0.43527	0.28454	0.28019
434 C	0.42820	0.28639	0.2854
435 T	0.42364	0.29208	0.28428
436 G	0.41522	0.30278	0.282
437 A	0.41093	0.31233	0.27673
438 T	0.41130	0.31694	0.27176
439 G	0.40579	0.31949	0.27473
440 A	0.40752	0.30252	0.28996
441 G	0.42724	0.26250	0.31026
442 T	0.45022	0.23404	0.31574
443 C	0.45321	0.26515	0.28163
444 T	0.45670	0.29606	0.24724
445 T	0.45198	0.32844	0.21958
446 T	0.43968	0.35245	0.20788
447 A	0.40218	0.40878	0.18904
448 C	0.37724	0.44198	0.18078
449 A	0.36328	0.47802	0.15869
450 A	0.35968	0.49625	0.14407
451 A	0.35995	0.50777	0.13228
452 A	0.36074	0.52171	0.11755
453 A	0.36153	0.52492	0.11355
454 T	0.36408	0.52281	0.11311
455 T	0.36391	0.52524	0.11086
456 A	0.36338	0.52691	0.10971
457 A	0.36433	0.52511	0.11057
458 T	0.36792	0.51846	0.11362
459 A	0.36843	0.52429	0.10728
460 A	0.37179	0.53433	0.09388
461 A	0.37682	0.54453	0.07865
462 A	0.37018	0.55240	0.07742
463 A	0.37243	0.55328	0.07429
464 A	0.38049	0.54497	0.07454
465 A	0.40112	0.52263	0.07625
466 A	0.46222	0.45267	0.08512
467 T	0.52983	0.36838	0.10179
468 T	0.57034	0.31287	0.11679
469 T	0.58980	0.28029	0.12992
470 T	0.59714	0.24979	0.15307
471 T	0.59278	0.24189	0.16533
472 C	0.57748	0.24817	0.17435
473 A	0.56763	0.26348	0.1689
474 A	0.57202	0.25987	0.16811
475 T	0.58531	0.24525	0.16944
476 C	0.57774	0.25255	0.16972
477 T	0.56569	0.26770	0.16661
478 C	0.54938	0.28595	0.16467
479 C	0.53890	0.30642	0.15469
480 T	0.53928	0.32213	0.13859
481 A	0.53821	0.33942	0.12237
482 A	0.54838	0.33547	0.11615
483 A	0.56383	0.32353	0.11265
484 T	0.58004	0.30931	0.11065
485 T	0.57635	0.30643	0.11723
486 T	0.54017	0.34571	0.11411
487 A	0.48794	0.40114	0.11092
488 A	0.46359	0.42966	0.10675
489 A	0.44244	0.45602	0.10154
490 A	0.42924	0.47510	0.09566
491 T	0.42099	0.48539	0.09361
492 T	0.38338	0.52992	0.0867
493 A	0.33241	0.58675	0.08085
494 A	0.29880	0.61797	0.08324
495 A	0.27160	0.62968	0.09872
496 G	0.26604	0.61704	0.11692
497 A	0.26307	0.61280	0.12413
498 A	0.26458	0.60266	0.13276
499 A	0.27159	0.57552	0.15289
500 C	0.28365	0.53755	0.1788
501 T	0.29271	0.51572	0.19157
502 T	0.29423	0.51070	0.19507
503 T	0.28551	0.53145	0.18305
504 A	0.26832	0.56840	0.16329
505 G	0.25396	0.59900	0.14704
506 A	0.24601	0.60834	0.14565
507 T	0.24523	0.60372	0.15105
508 A	0.22588	0.62500	0.14913
509 T	0.22039	0.60332	0.17628
510 A	0.19896	0.59198	0.20906
511 A	0.18913	0.58105	0.22982
512 G	0.18689	0.56133	0.25178
513 A	0.19303	0.54103	0.26594
514 A	0.19950	0.51790	0.2826
515 T	0.21196	0.45769	0.33034
516 T	0.21711	0.41404	0.36885
517 T	0.21480	0.39798	0.38721
518 T	0.20556	0.39754	0.3969
519 A	0.17888	0.43783	0.38329
520 A	0.16272	0.47116	0.36611
521 A	0.15290	0.50338	0.34373
522 A	0.14864	0.52441	0.32695
523 A	0.14617	0.55171	0.30212
524 A	0.14950	0.57113	0.27938
525 A	0.15658	0.57342	0.27
526 T	0.17501	0.55526	0.26973
527 A	0.19300	0.54739	0.2596
528 T	0.21221	0.53305	0.25474
529 A	0.21933	0.56363	0.21704
530 A	0.22743	0.56452	0.20806
531 T	0.24466	0.53458	0.22076
532 T	0.25649	0.51776	0.22575
533 T	0.26293	0.50032	0.23674
534 A	0.26344	0.50069	0.23587
535 A	0.26550	0.50527	0.22923
536 T	0.27011	0.51306	0.21684
537 A	0.27103	0.55389	0.17508
538 A	0.26814	0.59184	0.14002
539 A	0.26065	0.61459	0.12476
540 T	0.26638	0.61912	0.11449
541 A	0.26697	0.62278	0.11025
542 G	0.27558	0.59904	0.12538
543 G	0.29082	0.57844	0.13074
544 A	0.31276	0.56259	0.12464
545 A	0.33093	0.55093	0.11815
546 A	0.36156	0.52362	0.11482
547 G	0.39397	0.48929	0.11675
548 A	0.41663	0.46513	0.11824
549 A	0.43985	0.44001	0.12014
550 G	0.47454	0.40208	0.12338
551 C	0.50972	0.36531	0.12497
552 T	0.56686	0.30732	0.12581
553 T	0.58669	0.28715	0.12616
554 T	0.59407	0.27961	0.12632
555 C	0.58040	0.29362	0.12598
556 C	0.55370	0.32685	0.11945
557 G	0.54304	0.34442	0.11253
558 A	0.53393	0.35612	0.10995
559 A	0.53988	0.35277	0.10735
560 A	0.58033	0.31441	0.10526
561 T	0.62565	0.26290	0.11144
562 C	0.64533	0.22537	0.12929
563 T	0.66332	0.20627	0.13041
564 T	0.66660	0.20101	0.13239
565 C	0.66284	0.20422	0.13294
566 A	0.64794	0.22699	0.12507
567 T	0.64994	0.22478	0.12528
568 C	0.64905	0.22376	0.12719
569 T	0.64960	0.22280	0.12759
570 T	0.64149	0.23092	0.12758
571 C	0.61925	0.25281	0.12793
572 C	0.60253	0.26996	0.12751
573 T	0.58626	0.28862	0.12512
574 G	0.56216	0.31839	0.11945
575 A	0.54986	0.34004	0.11009
576 A	0.54414	0.36280	0.09306
577 A	0.54251	0.37065	0.08684
578 A	0.54096	0.35961	0.09942
579 T	0.54521	0.32575	0.12904
580 A	0.54563	0.31126	0.14312
581 A	0.54643	0.29333	0.16023
582 A	0.54793	0.28202	0.17005
583 C	0.55067	0.27217	0.17716
584 A	0.55088	0.27940	0.16972
585 A	0.55190	0.28421	0.16389
586 A	0.55465	0.28716	0.1582
587 T	0.55390	0.29190	0.15419
588 G	0.55066	0.30010	0.14923
589 T	0.55558	0.27583	0.16859
590 T	0.55253	0.27398	0.17349
591 G	0.54100	0.28213	0.17687
592 T	0.53045	0.30368	0.16586
593 A	0.49832	0.35820	0.14348
594 T	0.48030	0.37100	0.1487
595 A	0.43276	0.41107	0.15617
596 A	0.40433	0.42618	0.16949
597 A	0.38502	0.42671	0.18827
598 G	0.37473	0.42786	0.19741
599 C	0.36678	0.43092	0.20229
600 A	0.36160	0.43525	0.20315
601 A	0.35825	0.43793	0.20382
602 T	0.34047	0.45444	0.20509
603 C	0.29451	0.50091	0.20458
604 C	0.27033	0.53168	0.19799
605 A	0.25084	0.56660	0.18255
606 A	0.24468	0.58396	0.17136
607 A	0.25084	0.58168	0.16747
608 G	0.26195	0.57219	0.16586
609 A	0.27225	0.56239	0.16537
610 T	0.29126	0.53648	0.17227
611 T	0.30160	0.51977	0.17864
612 T	0.29523	0.52311	0.18166
613 A	0.27801	0.53668	0.18531
614 A	0.26598	0.53771	0.19631
615 A	0.25999	0.52944	0.21057
616 T	0.27248	0.48185	0.24567
617 A	0.26422	0.47205	0.26373
618 T	0.25680	0.43833	0.30488
619 G	0.23300	0.43914	0.32786
620 A	0.20993	0.44420	0.34587
621 A	0.18957	0.44738	0.36305
622 G	0.17016	0.44219	0.38766
623 A	0.16479	0.43627	0.39894
624 A	0.16605	0.42169	0.41225
625 G	0.17039	0.38626	0.44335
626 C	0.17856	0.32503	0.49641
627 T	0.18945	0.29631	0.51424
628 T	0.20317	0.27185	0.52497
629 T	0.21066	0.26194	0.5274
630 T	0.21224	0.26164	0.52612
631 A	0.21241	0.26407	0.52352
632 T	0.21318	0.25765	0.52916
633 T	0.21322	0.25919	0.52759
634 A	0.21313	0.27131	0.51556
635 T	0.21302	0.27715	0.50984
636 A	0.20789	0.28514	0.50697
637 A	0.20369	0.29142	0.5049
638 T	0.20034	0.29272	0.50693
639 T	0.19448	0.33906	0.46646
640 A	0.18031	0.46167	0.35803
641 A	0.17241	0.56323	0.26436
642 A	0.17214	0.61158	0.21628
643 A	0.17290	0.63973	0.18737
644 A	0.17391	0.66133	0.16476
645 A	0.17513	0.66282	0.16205
646 T	0.17784	0.66521	0.15695
647 G	0.17734	0.68727	0.1354
648 G	0.17845	0.69042	0.13113
649 T	0.18084	0.69262	0.12653
650 T	0.18293	0.69333	0.12373
651 T	0.18426	0.69476	0.12098
652 C	0.18463	0.69855	0.11682
653 G	0.18545	0.70694	0.10761
654 A	0.18552	0.72195	0.09254
655 A	0.18670	0.73083	0.08248
656 A	0.19143	0.73804	0.07053
657 A	0.20058	0.74007	0.05935
658 A	0.21322	0.73173	0.05506
659 A	0.22726	0.71429	0.05845
660 A	0.24565	0.68920	0.06515
661 G	0.26796	0.66084	0.0712
662 A	0.32572	0.59772	0.07656
663 A	0.44687	0.46528	0.08785
664 C	0.55545	0.34967	0.09488
665 A	0.62165	0.28433	0.09401
666 A	0.66954	0.23598	0.09448
667 T	0.71158	0.19288	0.09554
668 T	0.70345	0.20073	0.09581
669 A	0.66775	0.23641	0.09584
670 C	0.66345	0.23856	0.09799
671 C	0.65873	0.24275	0.09852
672 T	0.65077	0.25111	0.09811
673 T	0.61063	0.29232	0.09706
674 C	0.53587	0.36760	0.09653
675 T	0.42849	0.47733	0.09418
676 A	0.32352	0.58452	0.09196
677 A	0.26597	0.64424	0.0898
678 A	0.21591	0.69306	0.09102
679 A	0.20382	0.70325	0.09292
680 T	0.20905	0.68914	0.10181
681 T	0.20467	0.68752	0.10781
682 C	0.19117	0.69717	0.11167
683 C	0.17892	0.70853	0.11255
684 T	0.17088	0.71667	0.11245
685 A	0.16008	0.72755	0.11237
686 T	0.15399	0.73365	0.11236
687 A	0.14585	0.74203	0.11213
688 A	0.13991	0.74712	0.11297
689 A	0.13668	0.74126	0.12206
690 A	0.13573	0.72626	0.13801
691 T	0.13523	0.69099	0.17378
692 G	0.13406	0.64746	0.21848
693 T	0.13360	0.62382	0.24257
694 A	0.13293	0.61199	0.25508
695 A	0.13230	0.58543	0.28226
696 T	0.13277	0.52336	0.34387
697 A	0.13198	0.45522	0.41281
698 T	0.13336	0.35246	0.51418
699 A	0.13368	0.28060	0.58572
700 A	0.13497	0.22260	0.64242
701 G	0.13473	0.16734	0.69793
702 T	0.13469	0.15922	0.70609
703 T	0.13380	0.21306	0.65314
704 A	0.13098	0.31741	0.55161
705 T	0.12766	0.45345	0.41889
706 G	0.12148	0.58241	0.29611
707 T	0.11949	0.69670	0.1838
708 A	0.11622	0.73442	0.14937
709 A	0.11515	0.75406	0.13078
710 A	0.11472	0.75875	0.12652
711 G	0.11479	0.75689	0.12831
712 C	0.11548	0.75772	0.1268
713 A	0.11607	0.76621	0.11772
714 A	0.11714	0.77067	0.1122
715 A	0.11893	0.77393	0.10715
716 T	0.12248	0.77694	0.10058
717 G	0.12605	0.77899	0.09496
718 A	0.13068	0.77768	0.09164
719 T	0.13492	0.77906	0.08602
720 T	0.13580	0.78860	0.0756
721 A	0.13587	0.80048	0.06365
722 A	0.13807	0.80418	0.05774
723 A	0.14214	0.80232	0.05554
724 A	0.15035	0.79506	0.05459
725 A	0.17965	0.76637	0.05397
726 A	0.26544	0.67915	0.05542
727 A	0.40038	0.54078	0.05883
728 T	0.56790	0.36777	0.06434
729 T	0.68413	0.24513	0.07074
730 C	0.76166	0.16568	0.07267
731 C	0.79538	0.13034	0.07428
732 T	0.81888	0.10654	0.07458
733 T	0.82750	0.09792	0.07458
734 T	0.82393	0.10175	0.07432
735 T	0.81454	0.11169	0.07377
736 C	0.79769	0.13003	0.07228
737 A	0.76528	0.16835	0.06638
738 A	0.71541	0.22459	0.06
739 T	0.69378	0.24649	0.05973
740 T	0.64609	0.29459	0.05932
741 A	0.61132	0.33069	0.05799
742 A	0.60620	0.33550	0.0583
743 C	0.61187	0.32810	0.06004
744 T	0.61581	0.32479	0.0594
745 T	0.59250	0.35073	0.05677
746 T	0.54649	0.39929	0.05423
747 A	0.47334	0.47371	0.05295
748 A	0.40429	0.54443	0.05128
749 A	0.34492	0.60454	0.05054
750 T	0.27775	0.67221	0.05004
751 C	0.20751	0.74329	0.0492
752 A	0.17169	0.78181	0.0465
753 A	0.15140	0.80358	0.04502
754 A	0.13119	0.82542	0.04339
755 A	0.11632	0.84059	0.04309
756 A	0.11042	0.84587	0.0437
757 A	0.11026	0.83529	0.05444
758 A	0.11077	0.81792	0.07131
759 A	0.11245	0.79357	0.09398
760 A	0.11766	0.74995	0.13238
761 T	0.12341	0.68499	0.1916
762 A	0.12359	0.65338	0.22302
763 G	0.12421	0.60202	0.27377
764 T	0.12580	0.57159	0.30262
765 T	0.12640	0.55953	0.31408
766 A	0.12639	0.55316	0.32045
767 A	0.12735	0.53704	0.3356
768 T	0.13048	0.49388	0.37564
769 G	0.13234	0.45549	0.41217
770 A	0.13355	0.43930	0.42715
771 A	0.13559	0.41630	0.44811
772 A	0.13728	0.40082	0.4619
773 T	0.13883	0.33100	0.53017
774 T	0.14024	0.27245	0.58731
775 T	0.14218	0.24680	0.61101
776 A	0.14321	0.23596	0.62083
777 T	0.14478	0.21921	0.63601
778 T	0.14519	0.20673	0.64808
779 C	0.14533	0.20243	0.65224
780 T	0.14561	0.20950	0.64489
781 G	0.14575	0.22037	0.63388
782 A	0.14628	0.23046	0.62326
783 T	0.14783	0.23878	0.61339
784 T	0.14914	0.26357	0.58729
785 T	0.15019	0.30111	0.5487
786 T	0.14950	0.37183	0.47866
787 A	0.14727	0.51949	0.33325
788 A	0.13953	0.64611	0.21436
789 A	0.13637	0.68165	0.18197
790 A	0.13690	0.69467	0.16842
791 A	0.14014	0.70085	0.15901
792 A	0.15507	0.69083	0.1541
793 G	0.18965	0.65827	0.15208
794 A	0.22562	0.62364	0.15074
795 T	0.27368	0.57565	0.15067
796 T	0.29093	0.55842	0.15065
797 A	0.29848	0.55090	0.15062
798 T	0.30250	0.54687	0.15063
799 C	0.30261	0.54672	0.15068
800 C	0.29959	0.54997	0.15043
801 T	0.29895	0.55082	0.15022
802 A	0.29521	0.55499	0.1498
803 C	0.29861	0.55170	0.14969
804 T	0.30583	0.54487	0.1493
805 C	0.30001	0.55097	0.14902
806 A	0.29924	0.55222	0.14854
807 A	0.32524	0.52647	0.14829
808 A	0.36583	0.48595	0.14822
809 G	0.43733	0.41272	0.14995
810 A	0.58398	0.26408	0.15194
811 T	0.70581	0.13325	0.16094
812 T	0.73201	0.10152	0.16648
813 A	0.73841	0.09119	0.1704
814 A	0.74306	0.08309	0.17385
815 T	0.74673	0.07709	0.17618
816 T	0.74669	0.07579	0.17751
817 C	0.74222	0.07959	0.17819
818 A	0.73796	0.08455	0.17748
819 A	0.73374	0.08884	0.17741
820 G	0.73193	0.09087	0.1772
821 G	0.73008	0.09422	0.17571
822 G	0.72730	0.09848	0.17422
823 G	0.72702	0.09466	0.17831
824 A	0.72777	0.09149	0.18074
825 T	0.72851	0.08579	0.1857
826 G	0.72836	0.08370	0.18794
827 T	0.72844	0.08214	0.18942
828 T	0.72791	0.08097	0.19112
829 G	0.72689	0.07591	0.1972
830 G	0.72629	0.07492	0.19879
831 T	0.72536	0.07626	0.19838
832 T	0.72380	0.07853	0.19768
833 C	0.71898	0.08379	0.19723
834 T	0.71307	0.09217	0.19477
835 G	0.70316	0.10364	0.1932
836 G	0.69519	0.11382	0.191
837 G	0.68782	0.12858	0.18361
838 A	0.68575	0.13298	0.18128
839 A	0.68528	0.13353	0.18119
840 A	0.68524	0.13016	0.18459
841 A	0.68605	0.12550	0.18846
842 C	0.68719	0.11997	0.19284
843 A	0.68890	0.11788	0.19321
844 A	0.69226	0.11288	0.19486
845 T	0.69722	0.10534	0.19744
846 T	0.70008	0.10154	0.19837
847 A	0.70065	0.10097	0.19838
848 C	0.70364	0.09705	0.19931
849 A	0.70578	0.09654	0.19769
850 G	0.70962	0.09267	0.19771
851 T	0.71901	0.08376	0.19723
852 T	0.72109	0.08239	0.19653
853 T	0.72127	0.08360	0.19512
854 T	0.72015	0.08498	0.19487
855 T	0.71271	0.09256	0.19474
856 A	0.69588	0.10407	0.20005
857 T	0.69069	0.10264	0.20668
858 A	0.68251	0.10289	0.21461
859 G	0.67984	0.09836	0.22179
860 C	0.68335	0.08847	0.22818
861 C	0.68318	0.08702	0.22981
862 G	0.68236	0.08782	0.22982
863 C	0.68310	0.08718	0.22973
864 T	0.68283	0.08850	0.22868
865 T	0.67959	0.09333	0.22708
866 T	0.67126	0.10490	0.22384
867 A	0.66283	0.11919	0.21799
868 G	0.65773	0.13146	0.2108
869 G	0.65336	0.14667	0.19997
870 A	0.65019	0.16548	0.18433
871 A	0.64919	0.17505	0.17576
872 T	0.64988	0.17867	0.17145
873 A	0.64642	0.18621	0.16737
874 A	0.64575	0.18811	0.16614
875 T	0.64628	0.18589	0.16783
876 T	0.64547	0.18633	0.16821
877 A	0.64382	0.18777	0.1684
878 A	0.64418	0.18213	0.17369
879 T	0.64304	0.17167	0.18529
880 T	0.63751	0.17335	0.18914
881 T	0.63138	0.17812	0.19051
882 A	0.62106	0.20068	0.17826
883 A	0.61756	0.21390	0.16854
884 A	0.61564	0.21961	0.16476
885 T	0.61526	0.21817	0.16658
886 A	0.61488	0.21800	0.16713
887 A	0.61599	0.21482	0.16919
888 A	0.61784	0.20877	0.17338
889 C	0.62172	0.19570	0.18258
890 A	0.62785	0.18641	0.18574
891 A	0.63655	0.17573	0.18772
892 G	0.65023	0.16233	0.18745
893 T	0.67027	0.14704	0.18268
894 T	0.67875	0.14678	0.17446
895 T	0.68167	0.14658	0.17175
896 T	0.68224	0.14539	0.17237
897 A	0.67981	0.14997	0.17022
898 A	0.67915	0.15111	0.16974
899 T	0.68048	0.14746	0.17206
900 G	0.68105	0.14408	0.17487
901 A	0.68487	0.13752	0.17762
902 T	0.69431	0.12423	0.18146
903 G	0.69679	0.11570	0.18752
904 G	0.70008	0.10673	0.19319
905 C	0.71083	0.08905	0.20013
906 T	0.72028	0.07864	0.20108
907 C	0.72161	0.07668	0.20171
908 C	0.71749	0.08174	0.20077
909 T	0.71402	0.08867	0.19731
910 A	0.70497	0.10459	0.19043
911 C	0.68547	0.12940	0.18513
912 A	0.66627	0.15823	0.17549
913 G	0.65447	0.17786	0.16767
914 A	0.61673	0.22311	0.16016
915 A	0.61314	0.22873	0.15813
916 A	0.62020	0.22290	0.15689
917 T	0.62957	0.21302	0.15741
918 T	0.62342	0.21938	0.15719
919 T	0.58666	0.25568	0.15767
920 T	0.54646	0.29361	0.15992
921 A	0.50622	0.33292	0.16086
922 G	0.48370	0.35456	0.16174
923 C	0.47000	0.36699	0.16301
924 C	0.46051	0.37625	0.16323
925 A	0.45457	0.38247	0.16297
926 A	0.45211	0.38526	0.16263
927 A	0.45059	0.38653	0.16289
928 C	0.44917	0.38785	0.16297
929 A	0.44858	0.38881	0.16261
930 A	0.44946	0.38414	0.1664
931 C	0.45146	0.37300	0.17553
932 A	0.45629	0.36235	0.18136
933 T	0.46547	0.34628	0.18825
934 T	0.47449	0.32115	0.20436
935 A	0.48256	0.29937	0.21807
936 T	0.48949	0.27916	0.23135
937 T	0.49361	0.22300	0.28338
938 T	0.49447	0.21047	0.29505
939 A	0.49457	0.21054	0.29489
940 A	0.49563	0.20808	0.2963
941 A	0.49656	0.18915	0.31429
942 T	0.49606	0.13047	0.37347
943 T	0.49289	0.08882	0.41829
944 T	0.47957	0.09912	0.42131
945 T	0.46392	0.16810	0.36798
946 A	0.40770	0.38541	0.20689
947 A	0.38522	0.46993	0.14485
948 A	0.37686	0.48185	0.14128
949 A	0.37478	0.48542	0.13981
950 A	0.37410	0.48610	0.1398
951 A	0.37393	0.48661	0.13946
952 C	0.37458	0.48579	0.13963
953 T	0.37507	0.48863	0.1363
954 T	0.37501	0.48954	0.13545
955 T	0.37475	0.48988	0.13537
956 T	0.37425	0.49047	0.13529
957 T	0.37278	0.49210	0.13512
958 C	0.37022	0.49454	0.13524
959 C	0.36746	0.49791	0.13463
960 A	0.36328	0.50449	0.13224
961 G	0.36326	0.50659	0.13015
962 A	0.36592	0.50482	0.12927
963 A	0.37102	0.50014	0.12884
964 A	0.37791	0.49245	0.12964
965 T	0.39264	0.47278	0.13457
966 A	0.40788	0.45073	0.1414
967 G	0.43686	0.40171	0.16143
968 A	0.49484	0.32891	0.17626
969 T	0.65278	0.11807	0.22914
970 T	0.70253	0.05230	0.24518
971 C	0.70724	0.04180	0.25096
972 T	0.70926	0.04192	0.24882
973 A	0.70840	0.04796	0.24364
974 T	0.70877	0.05115	0.24008
975 T	0.70200	0.06258	0.23542
976 A	0.69888	0.07703	0.2241
977 T	0.69776	0.08413	0.21812
978 T	0.69096	0.12391	0.18513
979 A	0.67275	0.14943	0.17783
980 T	0.66121	0.16403	0.17476
981 A	0.54920	0.28536	0.16544
982 A	0.50427	0.33061	0.16512
983 C	0.48766	0.34808	0.16426
984 T	0.47094	0.36954	0.15952
985 T	0.43802	0.40469	0.15729
986 C	0.38817	0.45721	0.15462
987 T	0.32687	0.52478	0.14836
988 A	0.22525	0.63169	0.14306
989 A	0.18800	0.67063	0.14138
990 A	0.17896	0.68054	0.1405
991 A	0.17632	0.68396	0.13972
992 G	0.17452	0.68618	0.13931
993 T	0.17512	0.68601	0.13887
994 A	0.17320	0.68791	0.13888
995 A	0.17012	0.69098	0.1389
996 A	0.17310	0.68632	0.14058
997 A	0.17640	0.68097	0.14263
998 C	0.18162	0.66568	0.1527
999 T	0.19261	0.64901	0.15837
1000 A	0.19800	0.64306	0.15894
1001 A	0.22573	0.61093	0.16333
1002 G	0.23312	0.59194	0.17495
1003 A	0.23762	0.58079	0.18159
1004 A	0.24810	0.45655	0.29536
1005 A	0.25377	0.39573	0.35049
1006 T	0.26456	0.34149	0.39395
1007 T	0.27283	0.30280	0.42437
1008 T	0.27517	0.24980	0.47503
1009 G	0.27549	0.20840	0.51611
1010 T	0.27550	0.15821	0.56628
1011 T	0.27005	0.12065	0.60929
1012 C	0.24695	0.14312	0.60993
1013 A	0.20867	0.30587	0.48547
1014 A	0.19712	0.32674	0.47615
1015 G	0.18499	0.35180	0.46321
1016 A	0.17980	0.37493	0.44527
1017 A	0.17608	0.39384	0.43007
1018 C	0.17480	0.41485	0.41035
1019 A	0.17374	0.49769	0.32857
1020 G	0.17307	0.57504	0.2519
1021 A	0.16907	0.62611	0.20482
1022 T	0.16851	0.66263	0.16885
1023 T	0.16543	0.67904	0.15552
1024 A	0.15715	0.69338	0.14947
1025 A	0.15364	0.70091	0.14545
1026 A	0.15080	0.70453	0.14467
1027 C	0.15005	0.70509	0.14486
1028 A	0.15084	0.70561	0.14355
1029 A	0.15317	0.70463	0.14219
1030 A	0.16298	0.69628	0.14075
1031 A	0.17181	0.68937	0.13882
1032 T	0.18431	0.68007	0.13563
1033 A	0.19505	0.67182	0.13312
1034 A	0.20970	0.64959	0.14071
1035 A	0.22961	0.60721	0.16318
1036 T	0.32971	0.47112	0.19916
1037 A	0.33844	0.45286	0.20871
1038 C	0.35664	0.42397	0.21939
1039 A	0.38027	0.40337	0.21636
1040 A	0.40440	0.38037	0.21523
1041 A	0.43982	0.34432	0.21586
1042 A	0.52550	0.25725	0.21725
1043 T	0.60156	0.17944	0.219
1044 G	0.63783	0.13645	0.22572
1045 A	0.66931	0.10455	0.22614
1046 T	0.68537	0.08235	0.23228
1047 T	0.69249	0.06790	0.23961
1048 T	0.69347	0.06508	0.24145
1049 T	0.69197	0.06587	0.24216
1050 C	0.67191	0.09023	0.23786
1051 G	0.65578	0.10748	0.23675
1052 G	0.64821	0.11713	0.23466
1053 G	0.64409	0.12181	0.23409
1054 A	0.63765	0.12993	0.23242
1055 C	0.63893	0.12960	0.23147
1056 T	0.64445	0.12590	0.22966
1057 C	0.64409	0.12753	0.22838
1058 A	0.64431	0.13017	0.22551
1059 T	0.64729	0.12819	0.22453
1060 T	0.64873	0.12749	0.22378
1061 T	0.64895	0.12776	0.22329
1062 A	0.65014	0.12694	0.22292
1063 T	0.65244	0.12291	0.22465
1064 T	0.65128	0.12331	0.22542
1065 A	0.64847	0.12505	0.22649
1066 G	0.64731	0.12580	0.22689
1067 C	0.64520	0.12741	0.22738
1068 T	0.64612	0.12750	0.22638
1069 A	0.64237	0.13325	0.22438
1070 A	0.64158	0.13434	0.22407
1071 T	0.64276	0.13157	0.22567
1072 A	0.64272	0.13019	0.22709
1073 T	0.64711	0.10456	0.24833
1074 A	0.64698	0.08843	0.26459
1075 G	0.64857	0.07714	0.27429
1076 A	0.64976	0.07007	0.28017
1077 T	0.65317	0.05808	0.28874
1078 T	0.65566	0.05188	0.29245
1079 T	0.65806	0.04754	0.2944
1080 T	0.65822	0.04587	0.29592
1081 T	0.65826	0.04461	0.29712
1082 T	0.65643	0.04576	0.29781
1083 T	0.65335	0.04859	0.29806
1084 C	0.64856	0.05308	0.29836
1085 A	0.64345	0.05885	0.2977
1086 A	0.64154	0.06186	0.2966
1087 T	0.63987	0.06514	0.29499
1088 T	0.63561	0.07155	0.29284
1089 A	0.62724	0.08473	0.28804
1090 G	0.62570	0.08537	0.28892
1091 G	0.62607	0.08455	0.28939
1092 T	0.62809	0.08123	0.29068
1093 T	0.62876	0.08329	0.28795
1094 T	0.62885	0.08504	0.2861
1095 G	0.62739	0.09034	0.28226
1096 A	0.62602	0.10071	0.27327
1097 T	0.61753	0.11463	0.26783
1098 T	0.60256	0.13387	0.26357
1099 A	0.59320	0.14885	0.25795
1100 T	0.58938	0.15643	0.25419
1101 A	0.57804	0.17313	0.24883
1102 A	0.56858	0.18599	0.24544
1103 T	0.56438	0.19162	0.244
1104 A	0.55907	0.20548	0.23545
1105 G	0.55601	0.21464	0.22935
1106 A	0.55082	0.23067	0.21852
1107 T	0.54674	0.24207	0.2112
1108 G	0.53473	0.25270	0.21257
1109 A	0.53320	0.25620	0.2106
1110 A	0.53507	0.25344	0.21149
1111 A	0.53947	0.24533	0.2152
1112 C	0.54563	0.23106	0.22331
1113 T	0.55121	0.22438	0.22441
1114 C	0.55308	0.22349	0.22343
1115 A	0.55252	0.23335	0.21412
1116 T	0.55512	0.24374	0.20114
1117 A	0.55169	0.26509	0.18322
1118 A	0.55375	0.26280	0.18345
1119 A	0.56032	0.25526	0.18443
1120 T	0.56545	0.23479	0.19975
1121 T	0.56373	0.21597	0.22031
1122 C	0.54954	0.22198	0.22847
1123 G	0.54576	0.22730	0.22694
1124 G	0.54625	0.22551	0.22825
1125 A	0.54553	0.22744	0.22703
1126 A	0.54769	0.22393	0.22838
1127 C	0.55714	0.21181	0.23104
1128 A	0.56474	0.20210	0.23316
1129 G	0.57741	0.18519	0.23741
1130 A	0.58912	0.16926	0.24162
1131 T	0.59459	0.15222	0.25319
1132 C	0.59681	0.14907	0.25413
1133 T	0.59720	0.15938	0.24341
1134 A	0.59389	0.19429	0.21183
1135 A	0.58956	0.23744	0.17301
1136 A	0.58207	0.25869	0.15924
1137 A	0.57971	0.26523	0.15506
1138 A	0.58520	0.26000	0.15481
1139 A	0.59500	0.24925	0.15575
1140 T	0.60814	0.23320	0.15866
1141 A	0.60548	0.23489	0.15963
1142 A	0.60464	0.23553	0.15983
1143 A	0.60519	0.23330	0.1615
1144 A	0.60801	0.22589	0.16609
1145 C	0.61199	0.20436	0.18365
1146 T	0.61668	0.19814	0.18518
1147 A	0.61844	0.19617	0.18539
1148 T	0.62271	0.19113	0.18616
1149 C	0.62023	0.19305	0.18673
1150 G	0.61660	0.19752	0.18588
1151 C	0.61612	0.19787	0.18601
1152 T	0.61736	0.19834	0.18431
1153 C	0.61737	0.20039	0.18224
1154 A	0.61816	0.21061	0.17123
1155 A	0.62159	0.20878	0.16963
1156 G	0.63445	0.19682	0.16873
1157 A	0.66478	0.16458	0.17063
1158 T	0.70564	0.12057	0.17379
1159 T	0.71738	0.09927	0.18335
1160 T	0.72039	0.09087	0.18873
1161 A	0.72180	0.08631	0.19188
1162 A	0.72358	0.08057	0.19584
1163 C	0.72617	0.07353	0.2003
1164 A	0.72804	0.06948	0.20248
1165 T	0.73190	0.06422	0.20387
1166 C	0.73491	0.06111	0.20398
1167 A	0.73686	0.06295	0.2002
1168 G	0.73803	0.06472	0.19725
1169 A	0.74090	0.06491	0.19419
1170 T	0.74438	0.06261	0.19301
1171 A	0.74716	0.06391	0.18892
1172 T	0.75268	0.05506	0.19226
1173 T	0.75609	0.05082	0.19309
1174 T	0.75871	0.04896	0.19233
1175 T	0.75979	0.04956	0.19065
1176 A	0.76049	0.04882	0.19069
1177 T	0.76539	0.04341	0.1912
1178 A	0.76624	0.04295	0.19081
1179 T	0.76744	0.04207	0.19048
1180 C	0.76820	0.04143	0.19037
1181 T	0.76815	0.04436	0.18749
1182 T	0.75267	0.06566	0.18167
1183 A	0.73994	0.07971	0.18034
1184 C	0.73409	0.08602	0.1799
1185 A	0.72892	0.09212	0.17897
1186 G	0.72709	0.09401	0.17889
1187 C	0.72641	0.09478	0.17882
1188 A	0.72486	0.09641	0.17872
1189 A	0.72551	0.09576	0.17873
1190 C	0.72940	0.09174	0.17887
1191 G	0.73238	0.08888	0.17873
1192 C	0.73644	0.08490	0.17866
1193 C	0.73986	0.08162	0.17852
1194 T	0.74471	0.07687	0.17842
1195 A	0.74634	0.07526	0.17841
1196 T	0.74963	0.07195	0.17843
1197 T	0.74971	0.07184	0.17846
1198 C	0.74559	0.07577	0.17864
1199 C	0.74182	0.07899	0.17919
1200 G	0.73829	0.08242	0.17928
1201 A	0.73743	0.08308	0.17948
1202 A	0.73735	0.08299	0.17965
1203 A	0.73767	0.08233	0.17999
1204 A	0.74058	0.07782	0.1816
1205 C	0.74660	0.05217	0.20123
1206 T	0.74814	0.03870	0.21315
1207 T	0.74829	0.03329	0.21843
1208 T	0.74750	0.03120	0.2213
1209 G	0.74555	0.03192	0.22253
1210 G	0.74447	0.03228	0.22325
1211 C	0.74313	0.03124	0.22564
1212 A	0.74150	0.03249	0.22601
1213 C	0.74082	0.03302	0.22615
1214 T	0.74048	0.03633	0.2232
1215 T	0.73850	0.04255	0.21895
1216 A	0.73307	0.05033	0.2166
1217 T	0.73186	0.05272	0.21543
1218 T	0.73091	0.05430	0.21479
1219 T	0.72998	0.05409	0.21593
1220 A	0.72840	0.05333	0.21826
1221 T	0.72718	0.04855	0.22427
1222 T	0.72584	0.04586	0.2283
1223 C	0.72325	0.04530	0.23145
1224 T	0.71870	0.04946	0.23183
1225 G	0.71207	0.05601	0.23191
1226 G	0.70614	0.06226	0.23161
1227 A	0.70301	0.06596	0.23103
1228 T	0.70253	0.06657	0.2309
1229 T	0.70178	0.06691	0.23131
1230 A	0.69988	0.06873	0.2314
1231 T	0.69885	0.06883	0.23232
1232 T	0.69729	0.07017	0.23254
1233 A	0.69316	0.07705	0.22979
1234 A	0.69090	0.08337	0.22573
1235 A	0.68872	0.08898	0.2223
1236 T	0.68906	0.09019	0.22075
1237 A	0.69119	0.08776	0.22104
1238 T	0.69526	0.08095	0.22378
1239 T	0.69695	0.07345	0.22959
1240 T	0.69780	0.07112	0.23108
1241 C	0.69619	0.07182	0.23199
1242 T	0.69218	0.07606	0.23176
1243 T	0.68709	0.08132	0.23159
1244 T	0.68077	0.08775	0.23148
1245 A	0.67017	0.09990	0.22993
1246 T	0.66430	0.10723	0.22847
1247 T	0.65390	0.11807	0.22802
1248 A	0.62216	0.15267	0.22517
1249 A	0.59939	0.18197	0.21863
1250 T	0.58795	0.19660	0.21546
1251 T	0.56829	0.22749	0.20422
1252 G	0.48826	0.33520	0.17654
1253 A	0.46547	0.39251	0.14202
1254 A	0.45493	0.40738	0.13769
1255 A	0.45113	0.41016	0.13872
1256 A	0.45316	0.40468	0.14216
1257 A	0.45776	0.39787	0.14436
1258 C	0.46070	0.39123	0.14807
1259 C	0.46208	0.38930	0.14863
1260 T	0.46162	0.39045	0.14792
1261 T	0.46079	0.39266	0.14655
1262 A	0.45968	0.39491	0.14541
1263 T	0.45873	0.39671	0.14456
1264 A	0.45508	0.40094	0.14398
1265 A	0.45229	0.39744	0.15027
1266 T	0.44207	0.40316	0.15477
1267 A	0.40457	0.44886	0.14657
1268 A	0.37195	0.49128	0.13677
1269 A	0.34654	0.52273	0.13074
1270 A	0.33623	0.53803	0.12574
1271 A	0.33981	0.50434	0.15584
1272 T	0.35371	0.46272	0.18357
1273 A	0.35959	0.44294	0.19747
1274 A	0.37055	0.41489	0.21457
1275 C	0.39510	0.31796	0.28693
1276 A	0.42470	0.27505	0.30025
1277 T	0.43077	0.26268	0.30654
1278 T	0.43114	0.26521	0.30365
1279 A	0.42952	0.26828	0.30219
1280 T	0.42854	0.27036	0.30111
1281 T	0.42331	0.27604	0.30066
1282 A	0.41041	0.29003	0.29957
1283 C	0.40259	0.29913	0.29828
1284 T	0.39316	0.35249	0.25436
1285 A	0.37729	0.40137	0.22133
1286 A	0.36506	0.42925	0.20569
1287 A	0.35488	0.44873	0.1964
1288 A	0.35168	0.45304	0.19528
1289 A	0.35665	0.43858	0.20477
1290 A	0.37528	0.38317	0.24156
1291 T	0.39291	0.32827	0.27882
1292 G	0.40183	0.29080	0.30738
1293 T	0.41620	0.26294	0.32086
1294 T	0.41885	0.25606	0.32509
1295 C	0.42000	0.25307	0.32692
1296 T	0.42095	0.25180	0.32725
1297 T	0.42109	0.25160	0.32732
1298 T	0.41914	0.25422	0.32664
1299 T	0.41407	0.26250	0.32343
1300 G	0.40872	0.27163	0.31965
1301 A	0.40495	0.28100	0.31405
1302 A	0.40026	0.28917	0.31057
1303 A	0.39954	0.29355	0.30691
1304 T	0.40575	0.28962	0.30462
1305 G	0.40622	0.28823	0.30555
1306 A	0.40965	0.29193	0.29842
1307 T	0.45192	0.24291	0.30516
1308 T	0.48247	0.19881	0.31872
1309 A	0.49402	0.17742	0.32856
1310 T	0.50444	0.15515	0.34041
1311 A	0.50480	0.14814	0.34707
1312 C	0.50791	0.14266	0.34943
1313 C	0.50854	0.14222	0.34924
1314 T	0.51019	0.14295	0.34687
1315 T	0.51078	0.14559	0.34363
1316 T	0.51058	0.14943	0.34
1317 G	0.50710	0.15907	0.33384
1318 T	0.50330	0.17365	0.32305
1319 T	0.46661	0.22175	0.31164
1320 A	0.39733	0.30730	0.29537
1321 A	0.35062	0.37572	0.27366
1322 A	0.32716	0.42173	0.25111
1323 A	0.32070	0.45435	0.22495
1324 A	0.31676	0.50728	0.17596
1325 A	0.31665	0.54708	0.13628
1326 A	0.31796	0.55204	0.13
1327 A	0.32474	0.55448	0.12078
1328 A	0.33125	0.54890	0.11985
