# lcl|CP097583.1_cds_USQ93163.1_1
# AA	inside	membr	outside
1 T	0.16767	0.00000	0.83233
2 T	0.16760	0.00007	0.83233
3 G	0.16755	0.00011	0.83233
4 A	0.16755	0.00964	0.82281
5 A	0.16596	0.02341	0.81063
6 T	0.16596	0.02434	0.8097
7 T	0.15548	0.03553	0.80899
8 T	0.15548	0.03554	0.80897
9 A	0.14949	0.04177	0.80874
10 A	0.14949	0.05016	0.80035
11 A	0.14915	0.05076	0.80009
12 A	0.14634	0.05367	0.79999
13 G	0.14481	0.05539	0.7998
14 T	0.14481	0.05539	0.7998
15 T	0.14481	0.05741	0.79778
16 T	0.14477	0.05744	0.79778
17 T	0.14470	0.05755	0.79775
18 T	0.14469	0.05760	0.79771
19 T	0.14443	0.05789	0.79768
20 G	0.13763	0.06518	0.7972
21 T	0.12806	0.07474	0.7972
22 C	0.12696	0.07595	0.79709
23 A	0.12646	0.07672	0.79682
24 A	0.12642	0.07700	0.79658
25 A	0.12666	0.07679	0.79656
26 A	0.12703	0.07637	0.7966
27 A	0.13618	0.06697	0.79685
28 T	0.14884	0.05224	0.79892
29 A	0.15019	0.04974	0.80007
30 T	0.15374	0.03657	0.80969
31 T	0.15428	0.03530	0.81041
32 T	0.15473	0.03018	0.81509
33 T	0.15786	0.02669	0.81545
34 A	0.15785	0.02634	0.81581
35 T	0.15818	0.02388	0.81793
36 T	0.15822	0.02287	0.81892
37 C	0.15811	0.02294	0.81895
38 A	0.15935	0.02171	0.81895
39 T	0.15932	0.02169	0.819
40 A	0.15932	0.02143	0.81925
41 T	0.15941	0.02094	0.81964
42 T	0.15949	0.02050	0.82001
43 A	0.15986	0.01346	0.82668
44 T	0.15994	0.00452	0.83554
45 C	0.16003	0.00311	0.83685
46 C	0.16021	0.00258	0.8372
47 T	0.16041	0.00233	0.83726
48 T	0.16048	0.00227	0.83726
49 G	0.16040	0.00240	0.83719
50 T	0.16035	0.00254	0.83711
51 T	0.16023	0.00272	0.83705
52 T	0.16007	0.00300	0.83694
53 T	0.15958	0.00402	0.8364
54 A	0.15831	0.00559	0.8361
55 G	0.15791	0.00603	0.83606
56 T	0.15775	0.00619	0.83607
57 A	0.15750	0.00705	0.83545
58 G	0.15743	0.00708	0.83549
59 T	0.15756	0.00683	0.83561
60 T	0.15752	0.00676	0.83572
61 T	0.15745	0.00673	0.83582
62 C	0.15734	0.00673	0.83593
63 T	0.15728	0.00677	0.83595
64 A	0.15722	0.00683	0.83595
65 T	0.15719	0.00683	0.83597
66 C	0.15709	0.00692	0.83599
67 T	0.15699	0.00702	0.83598
68 T	0.15674	0.00728	0.83598
69 A	0.15637	0.00766	0.83596
70 G	0.15622	0.00782	0.83595
71 G	0.15619	0.00785	0.83596
72 A	0.15627	0.00766	0.83608
73 T	0.15645	0.00730	0.83625
74 T	0.15660	0.00695	0.83645
75 A	0.15678	0.00661	0.83661
76 A	0.15728	0.00564	0.83708
77 T	0.15773	0.00402	0.83826
78 T	0.15788	0.00349	0.83864
79 G	0.15801	0.00320	0.8388
80 T	0.15863	0.00239	0.83898
81 T	0.15869	0.00227	0.83903
82 A	0.15871	0.00226	0.83903
83 T	0.15874	0.00218	0.83907
84 T	0.15876	0.00219	0.83905
85 T	0.15874	0.00233	0.83892
86 T	0.15859	0.00275	0.83866
87 T	0.15849	0.00318	0.83833
88 A	0.15838	0.00381	0.83781
89 A	0.15832	0.00429	0.83739
90 A	0.15819	0.00477	0.83704
91 T	0.15817	0.00515	0.83668
92 A	0.15791	0.00530	0.83678
93 T	0.15741	0.00567	0.83692
94 G	0.15718	0.00587	0.83695
95 T	0.15703	0.00601	0.83696
96 C	0.15674	0.00631	0.83694
97 C	0.15653	0.00654	0.83693
98 T	0.15640	0.00667	0.83693
99 G	0.15558	0.00749	0.83693
100 T	0.15535	0.00773	0.83693
101 C	0.15494	0.00814	0.83692
102 C	0.15451	0.00858	0.83691
103 C	0.15413	0.00897	0.83691
104 A	0.15396	0.00915	0.8369
105 A	0.15336	0.00975	0.83689
106 A	0.15321	0.00990	0.83689
107 C	0.15324	0.00985	0.83691
108 T	0.15336	0.00968	0.83696
109 C	0.15335	0.00948	0.83717
110 C	0.15348	0.00928	0.83725
111 A	0.15380	0.00894	0.83726
112 G	0.15418	0.00855	0.83727
113 A	0.15458	0.00806	0.83735
114 G	0.15513	0.00746	0.8374
115 T	0.15533	0.00700	0.83767
116 C	0.15534	0.00629	0.83838
117 T	0.15537	0.00620	0.83844
118 A	0.15535	0.00617	0.83849
119 A	0.15537	0.00597	0.83866
120 T	0.15536	0.00575	0.83889
121 T	0.15521	0.00575	0.83903
122 C	0.15500	0.00491	0.84009
123 G	0.15475	0.00501	0.84024
124 A	0.15466	0.00492	0.84041
125 A	0.15449	0.00500	0.84051
126 T	0.15435	0.00498	0.84068
127 A	0.15392	0.00562	0.84046
128 T	0.15369	0.00512	0.84119
129 G	0.15206	0.00649	0.84146
130 A	0.15067	0.00786	0.84147
131 G	0.14987	0.00853	0.8416
132 C	0.14926	0.00906	0.84168
133 G	0.14844	0.01007	0.84149
134 A	0.14781	0.01069	0.8415
135 A	0.14734	0.01116	0.8415
136 A	0.14680	0.01174	0.84146
137 C	0.14665	0.01188	0.84147
138 C	0.14649	0.01201	0.8415
139 A	0.14639	0.01219	0.84143
140 G	0.14646	0.01213	0.84141
141 T	0.14660	0.01200	0.8414
142 C	0.14660	0.01199	0.84141
143 T	0.14664	0.01192	0.84144
144 T	0.14656	0.01182	0.84162
145 T	0.14632	0.01187	0.84182
146 C	0.14602	0.01196	0.84201
147 G	0.14583	0.01214	0.84203
148 A	0.14575	0.01213	0.84213
149 A	0.14585	0.01190	0.84226
150 T	0.14619	0.01118	0.84262
151 G	0.14620	0.01100	0.84281
152 A	0.14630	0.00933	0.84437
153 T	0.14652	0.00788	0.8456
154 A	0.14661	0.00713	0.84626
155 A	0.14679	0.00642	0.84679
156 T	0.14707	0.00540	0.84753
157 A	0.14711	0.00490	0.848
158 A	0.14716	0.00444	0.8484
159 T	0.14727	0.00381	0.84892
160 A	0.14731	0.00372	0.84897
161 A	0.14734	0.00356	0.8491
162 T	0.14743	0.00336	0.84921
163 T	0.14743	0.00338	0.84919
164 T	0.14738	0.00364	0.84898
165 T	0.14723	0.00433	0.84845
166 A	0.14694	0.00580	0.84726
167 T	0.14674	0.00609	0.84717
168 T	0.14648	0.00643	0.84708
169 T	0.14615	0.00659	0.84726
170 A	0.14568	0.00695	0.84737
171 C	0.14556	0.00695	0.8475
172 T	0.14549	0.00729	0.84722
173 C	0.14538	0.00782	0.8468
174 G	0.14540	0.00798	0.84662
175 A	0.14549	0.00792	0.84659
176 T	0.14563	0.00778	0.84658
177 T	0.14573	0.00766	0.84661
178 C	0.14577	0.00762	0.84661
179 C	0.14584	0.00756	0.84661
180 T	0.14595	0.00748	0.84656
181 A	0.14597	0.00752	0.84651
182 A	0.14601	0.00754	0.84644
183 T	0.14616	0.00747	0.84636
184 G	0.14620	0.00758	0.84622
185 A	0.14625	0.00761	0.84614
186 A	0.14631	0.00754	0.84615
187 A	0.14649	0.00731	0.8462
188 T	0.14706	0.00660	0.84634
189 A	0.14743	0.00596	0.84661
190 G	0.14748	0.00557	0.84695
191 G	0.14767	0.00505	0.84729
192 T	0.14770	0.00471	0.84759
193 C	0.14745	0.00469	0.84786
194 A	0.14734	0.00482	0.84784
195 A	0.14678	0.00540	0.84782
196 C	0.14679	0.00539	0.84783
197 T	0.14669	0.00550	0.84781
198 T	0.14622	0.00596	0.84782
199 T	0.14555	0.00662	0.84783
200 T	0.14392	0.00823	0.84785
201 C	0.13853	0.01359	0.84788
202 C	0.13168	0.02042	0.84789
203 C	0.12817	0.02394	0.84789
204 A	0.12307	0.02910	0.84784
205 A	0.11953	0.03266	0.84781
206 C	0.11763	0.03458	0.84779
207 T	0.11599	0.03626	0.84775
208 G	0.11382	0.03841	0.84777
209 A	0.11315	0.03900	0.84786
210 A	0.11291	0.03915	0.84793
211 A	0.11280	0.03920	0.84799
212 C	0.11278	0.03845	0.84877
213 T	0.11277	0.03824	0.84899
214 A	0.11269	0.03818	0.84913
215 A	0.11265	0.03809	0.84925
216 T	0.11267	0.03779	0.84954
217 A	0.11265	0.03768	0.84968
218 G	0.11267	0.03646	0.85087
219 T	0.11270	0.03541	0.85189
220 T	0.11265	0.03458	0.85276
221 G	0.11257	0.03346	0.85398
222 G	0.11251	0.03239	0.8551
223 A	0.11247	0.03069	0.85685
224 A	0.11247	0.02582	0.86172
225 T	0.11249	0.01932	0.86819
226 A	0.11250	0.01591	0.87159
227 T	0.11257	0.01067	0.87676
228 G	0.11259	0.00699	0.88042
229 T	0.11261	0.00531	0.88209
230 T	0.11263	0.00420	0.88317
231 T	0.11262	0.00329	0.88408
232 G	0.11258	0.00446	0.88296
233 A	0.11237	0.00857	0.87905
234 T	0.11228	0.01278	0.87494
235 G	0.11221	0.01685	0.87095
236 T	0.11219	0.02079	0.86701
237 A	0.11216	0.02617	0.86167
238 T	0.11216	0.02902	0.85882
239 A	0.11214	0.03144	0.85642
240 T	0.11212	0.03271	0.85517
241 A	0.11209	0.03427	0.85364
242 T	0.11205	0.03435	0.8536
243 G	0.11199	0.03450	0.85352
244 G	0.11193	0.03476	0.8533
245 A	0.11191	0.03512	0.85297
246 C	0.11194	0.03508	0.85298
247 G	0.11196	0.03514	0.8529
248 G	0.11197	0.03522	0.85281
249 T	0.11209	0.03524	0.85268
250 C	0.11213	0.03541	0.85247
251 A	0.11221	0.03573	0.85207
252 A	0.11241	0.03569	0.8519
253 G	0.11276	0.03534	0.85189
254 A	0.11343	0.03469	0.85189
255 A	0.11553	0.03255	0.85193
256 G	0.12058	0.02724	0.85218
257 C	0.12642	0.02128	0.8523
258 T	0.13153	0.01620	0.85227
259 C	0.13513	0.01267	0.8522
260 T	0.13961	0.00858	0.85181
261 T	0.14163	0.00666	0.85171
262 A	0.14269	0.00573	0.85158
263 T	0.14365	0.00482	0.85153
264 T	0.14467	0.00384	0.8515
265 C	0.14470	0.00381	0.85149
266 A	0.14468	0.00392	0.8514
267 A	0.14466	0.00389	0.85145
268 T	0.14492	0.00359	0.85148
269 T	0.14483	0.00367	0.85151
270 T	0.14458	0.00390	0.85152
271 C	0.14417	0.00427	0.85156
272 C	0.14377	0.00468	0.85156
273 T	0.14362	0.00485	0.85153
274 T	0.14306	0.00544	0.8515
275 T	0.14045	0.00808	0.85147
276 A	0.13682	0.01176	0.85142
277 A	0.13510	0.01348	0.85142
278 C	0.13404	0.01450	0.85146
279 A	0.13349	0.01504	0.85147
280 T	0.13334	0.01518	0.85148
281 C	0.13315	0.01536	0.85149
282 A	0.13312	0.01539	0.85149
283 C	0.13335	0.01515	0.8515
284 C	0.13341	0.01506	0.85153
285 T	0.13353	0.01494	0.85153
286 T	0.13359	0.01489	0.85152
287 T	0.13352	0.01493	0.85155
288 T	0.13327	0.01518	0.85155
289 T	0.13220	0.01630	0.8515
290 T	0.12936	0.01895	0.85169
291 T	0.12322	0.02532	0.85146
292 A	0.10768	0.04162	0.8507
293 A	0.08836	0.06148	0.85016
294 A	0.07421	0.07550	0.85029
295 G	0.06694	0.08225	0.85081
296 A	0.06448	0.08435	0.85117
297 A	0.06286	0.08502	0.85212
298 G	0.06196	0.08336	0.85468
299 T	0.06158	0.08103	0.85739
300 T	0.06043	0.08149	0.85808
301 G	0.05760	0.08521	0.85718
302 T	0.05678	0.08706	0.85617
303 A	0.05546	0.08943	0.85512
304 G	0.05475	0.09068	0.85457
305 A	0.05435	0.09134	0.8543
306 T	0.05394	0.09188	0.85419
307 G	0.05325	0.09293	0.85382
308 A	0.05304	0.09343	0.85353
309 A	0.05292	0.09348	0.85361
310 G	0.05291	0.09299	0.8541
311 A	0.05296	0.09220	0.85484
312 T	0.05330	0.08919	0.85751
313 A	0.05359	0.08486	0.86154
314 A	0.05415	0.07743	0.86842
315 A	0.05515	0.06307	0.88179
316 T	0.05613	0.04358	0.90029
317 T	0.05651	0.03092	0.91256
318 T	0.05668	0.02504	0.91828
319 A	0.05666	0.02495	0.91838
320 A	0.05680	0.02470	0.9185
321 T	0.05735	0.02402	0.91863
322 A	0.05771	0.02468	0.9176
323 A	0.05824	0.02473	0.91703
324 T	0.05997	0.02281	0.91722
325 T	0.06019	0.02843	0.91138
326 T	0.05843	0.04061	0.90096
327 T	0.05746	0.05490	0.88764
328 A	0.05605	0.06474	0.87921
329 G	0.05530	0.07144	0.87325
330 T	0.05516	0.07970	0.86514
331 T	0.05459	0.08516	0.86025
332 T	0.05179	0.09066	0.85755
333 A	0.04507	0.10150	0.85342
334 G	0.04106	0.11011	0.84883
335 A	0.03872	0.11570	0.84558
336 A	0.03777	0.11690	0.84534
337 A	0.03745	0.11735	0.8452
338 A	0.03747	0.11742	0.84511
339 A	0.03759	0.11733	0.84508
340 C	0.03788	0.11706	0.84507
341 A	0.03850	0.11658	0.84493
342 A	0.04014	0.11501	0.84485
343 A	0.04131	0.11397	0.84472
344 A	0.04255	0.11282	0.84462
345 A	0.04460	0.11056	0.84484
346 G	0.04765	0.10656	0.84579
347 A	0.05147	0.10202	0.84651
348 A	0.06044	0.09159	0.84798
349 C	0.07566	0.07320	0.85114
350 T	0.09420	0.05342	0.85239
351 T	0.10188	0.04486	0.85326
352 G	0.10533	0.04103	0.85364
353 T	0.11054	0.03574	0.85372
354 T	0.11330	0.03302	0.85368
355 A	0.11440	0.02970	0.85589
356 G	0.11724	0.02059	0.86218
357 T	0.12151	0.01327	0.86522
358 T	0.12367	0.01231	0.86402
359 T	0.12360	0.01582	0.86058
360 G	0.12066	0.02082	0.85851
361 A	0.11962	0.02483	0.85555
362 A	0.11846	0.02704	0.8545
363 T	0.11826	0.02724	0.85449
364 C	0.11807	0.02749	0.85444
365 A	0.11800	0.02797	0.85404
366 A	0.11771	0.02828	0.85401
367 C	0.11759	0.02842	0.85399
368 A	0.11698	0.02920	0.85383
369 T	0.11662	0.02968	0.85371
370 C	0.11618	0.03036	0.85346
371 A	0.11608	0.03096	0.85295
372 A	0.11609	0.03101	0.8529
373 A	0.11632	0.03072	0.85296
374 T	0.11685	0.03006	0.85309
375 T	0.11753	0.02925	0.85321
376 C	0.11806	0.02818	0.85375
377 C	0.11882	0.02709	0.85409
378 T	0.12006	0.02563	0.85431
379 C	0.12035	0.02520	0.85446
380 G	0.12104	0.02450	0.85446
381 T	0.12401	0.02152	0.85447
382 A	0.12715	0.01819	0.85466
383 C	0.12943	0.01263	0.85794
384 T	0.13236	0.00891	0.85874
385 T	0.13330	0.00739	0.8593
386 T	0.13272	0.00950	0.85778
387 T	0.13127	0.01417	0.85456
388 A	0.12980	0.01840	0.85179
389 A	0.12902	0.01877	0.85221
390 A	0.12823	0.01924	0.85252
391 T	0.12808	0.01870	0.85322
392 T	0.12765	0.01870	0.85364
393 C	0.12730	0.01866	0.85404
394 A	0.12737	0.01876	0.85386
395 A	0.12731	0.01897	0.85372
396 C	0.12729	0.01909	0.85362
397 T	0.12730	0.01970	0.853
398 T	0.12729	0.02111	0.85159
399 A	0.12725	0.02129	0.85146
400 A	0.12721	0.02142	0.85136
401 T	0.12714	0.02151	0.85135
402 T	0.12654	0.02193	0.85153
403 C	0.12576	0.02265	0.85159
404 A	0.12517	0.02336	0.85147
405 A	0.12411	0.02452	0.85138
406 A	0.12351	0.02518	0.85131
407 A	0.12348	0.02523	0.85129
408 G	0.12456	0.02408	0.85136
409 A	0.12644	0.02173	0.85183
410 T	0.12967	0.01700	0.85334
411 T	0.13140	0.01389	0.85472
412 T	0.13094	0.01374	0.85532
413 T	0.13006	0.01364	0.85631
414 G	0.12914	0.01408	0.85678
415 C	0.12839	0.01434	0.85727
416 G	0.12722	0.01534	0.85745
417 C	0.12677	0.01569	0.85753
418 C	0.12660	0.01584	0.85756
419 C	0.12551	0.01699	0.85749
420 A	0.12515	0.01754	0.85732
421 T	0.12611	0.01665	0.85724
422 C	0.12543	0.01744	0.85714
423 T	0.12494	0.01833	0.85673
424 A	0.12377	0.02054	0.85569
425 T	0.12301	0.02112	0.85587
426 T	0.12008	0.02412	0.85579
427 G	0.10875	0.03745	0.8538
428 A	0.10436	0.04253	0.8531
429 A	0.10133	0.04607	0.8526
430 G	0.10009	0.04788	0.85203
431 A	0.09979	0.04866	0.85155
432 T	0.10014	0.04816	0.8517
433 A	0.10012	0.04801	0.85186
434 A	0.10012	0.04755	0.85233
435 T	0.10015	0.04655	0.8533
436 C	0.09996	0.04570	0.85434
437 A	0.09974	0.04632	0.85394
438 A	0.09955	0.04697	0.85347
439 A	0.09952	0.04653	0.85395
440 T	0.09957	0.04599	0.85444
441 T	0.09945	0.04607	0.85448
442 T	0.09901	0.04558	0.85541
443 T	0.09828	0.04650	0.85522
444 A	0.09679	0.04937	0.85383
445 A	0.09536	0.05253	0.85211
446 A	0.09522	0.05268	0.8521
447 T	0.09604	0.05061	0.85334
448 A	0.09567	0.05013	0.8542
449 A	0.09605	0.04672	0.85723
450 T	0.09891	0.03393	0.86716
451 T	0.10024	0.02969	0.87007
452 C	0.10033	0.02884	0.87084
453 T	0.10039	0.03317	0.86644
454 T	0.09994	0.03926	0.8608
455 T	0.09841	0.04466	0.85693
456 A	0.08457	0.06358	0.85184
457 G	0.08152	0.06874	0.84974
458 A	0.08041	0.07174	0.84785
459 A	0.07977	0.07441	0.84582
460 A	0.08021	0.07444	0.84535
461 T	0.08106	0.07364	0.84529
462 T	0.08035	0.07453	0.84512
463 A	0.07709	0.07846	0.84446
464 A	0.07557	0.08136	0.84307
465 A	0.07511	0.08175	0.84313
466 G	0.07542	0.08081	0.84377
467 A	0.07621	0.07902	0.84478
468 T	0.07804	0.07607	0.84588
469 A	0.07667	0.07709	0.84624
470 A	0.07495	0.07866	0.84639
471 A	0.07322	0.07990	0.84688
472 A	0.07157	0.08120	0.84723
473 C	0.07254	0.07958	0.84788
474 A	0.07459	0.07782	0.84759
475 T	0.07799	0.07342	0.84859
476 T	0.08198	0.06842	0.8496
477 T	0.08379	0.06602	0.85019
478 A	0.08385	0.06532	0.85083
479 C	0.08659	0.04903	0.86438
480 T	0.08747	0.04638	0.86615
481 T	0.08769	0.04582	0.8665
482 T	0.08694	0.04735	0.86572
483 T	0.08246	0.05279	0.86475
484 G	0.07818	0.05765	0.86416
485 A	0.07487	0.06049	0.86465
486 A	0.07309	0.05980	0.86711
487 T	0.07260	0.05879	0.86861
488 T	0.06957	0.06302	0.86741
489 A	0.06656	0.06755	0.86589
490 A	0.06533	0.07051	0.86416
491 A	0.06494	0.07117	0.86389
492 A	0.06481	0.07007	0.86512
493 A	0.06483	0.06968	0.86549
494 A	0.06538	0.06674	0.86788
495 T	0.06589	0.06288	0.87123
496 A	0.06583	0.06184	0.87233
497 A	0.06637	0.05942	0.87421
498 T	0.06667	0.05689	0.87644
499 G	0.06680	0.05446	0.87874
500 C	0.06716	0.05050	0.88234
501 T	0.06793	0.04886	0.8832
502 G	0.06861	0.04772	0.88366
503 T	0.07005	0.04584	0.88411
504 T	0.07092	0.04456	0.88452
505 T	0.07124	0.04366	0.8851
506 T	0.07114	0.03952	0.88934
507 T	0.07060	0.03936	0.89004
508 G	0.06946	0.04295	0.88759
509 A	0.06898	0.05537	0.87565
510 A	0.06867	0.06255	0.86879
511 A	0.06891	0.07255	0.85853
512 A	0.06999	0.08232	0.84769
513 T	0.06996	0.09269	0.83735
514 A	0.06599	0.10734	0.82666
515 A	0.06426	0.11558	0.82015
516 T	0.06479	0.11611	0.8191
517 A	0.06295	0.11803	0.81902
518 A	0.06232	0.11855	0.81914
519 A	0.06157	0.11897	0.81946
520 C	0.06126	0.11907	0.81968
521 C	0.06094	0.11943	0.81963
522 C	0.06059	0.11996	0.81945
523 A	0.06001	0.12142	0.81857
524 T	0.06016	0.12134	0.8185
525 T	0.05907	0.12255	0.81838
526 G	0.05843	0.12320	0.81837
527 A	0.05850	0.12303	0.81847
528 C	0.05917	0.12090	0.81992
529 G	0.06057	0.11866	0.82076
530 C	0.06418	0.11441	0.82141
531 A	0.06933	0.10930	0.82138
532 A	0.08262	0.09634	0.82103
533 A	0.09040	0.08937	0.82023
534 A	0.10304	0.07645	0.82052
535 A	0.11648	0.06324	0.82027
536 T	0.12776	0.04914	0.8231
537 T	0.13430	0.03928	0.82641
538 A	0.12610	0.04853	0.82538
539 T	0.12539	0.04941	0.82519
540 T	0.12275	0.05260	0.82466
541 A	0.11636	0.06085	0.82279
542 A	0.11514	0.06176	0.8231
543 A	0.11476	0.06174	0.8235
544 T	0.11504	0.06071	0.82425
545 A	0.11529	0.05973	0.82497
546 T	0.11616	0.05782	0.82602
547 A	0.11627	0.05714	0.82659
548 C	0.11641	0.05538	0.8282
549 T	0.11649	0.05466	0.82884
550 T	0.11657	0.05419	0.82924
551 T	0.11662	0.05389	0.82949
552 A	0.11666	0.05370	0.82964
553 G	0.11673	0.05339	0.82987
554 A	0.11706	0.05202	0.83093
555 A	0.11768	0.05039	0.83193
556 A	0.11883	0.04819	0.83297
557 A	0.12075	0.04478	0.83448
558 A	0.12321	0.03992	0.83687
559 T	0.12684	0.03175	0.84141
560 A	0.12980	0.02286	0.84734
561 A	0.13517	0.00000	0.86484
