# lcl|CP097583.1_cds_USQ93439.1_1
# AA	inside	membr	outside
1 A	0.94648	0.00000	0.05353
2 T	0.94643	0.00005	0.05353
3 G	0.94637	0.00011	0.05353
4 T	0.94637	0.00046	0.05318
5 C	0.93538	0.01216	0.05247
6 T	0.93538	0.01243	0.0522
7 T	0.85103	0.09689	0.05208
8 C	0.85103	0.09690	0.05208
9 A	0.83221	0.11577	0.05202
10 A	0.83219	0.11754	0.05028
11 A	0.83033	0.11950	0.05017
12 T	0.79532	0.15459	0.05009
13 C	0.68200	0.26897	0.04903
14 T	0.68195	0.26902	0.04903
15 T	0.68195	0.28850	0.02956
16 A	0.66938	0.30107	0.02956
17 T	0.65721	0.31325	0.02955
18 A	0.65551	0.31496	0.02953
19 T	0.62670	0.34378	0.02953
20 C	0.37670	0.59394	0.02937
21 C	0.15034	0.82030	0.02936
22 G	0.13356	0.83777	0.02867
23 A	0.12309	0.84873	0.02818
24 T	0.11824	0.85430	0.02746
25 A	0.11166	0.86186	0.02647
26 A	0.10974	0.86396	0.0263
27 A	0.10913	0.85848	0.0324
28 T	0.10958	0.84451	0.04591
29 T	0.10922	0.83953	0.05126
30 T	0.10842	0.77598	0.1156
31 A	0.10670	0.77601	0.1173
32 T	0.10597	0.76074	0.13329
33 A	0.10552	0.75671	0.13776
34 A	0.10519	0.75378	0.14103
35 A	0.10650	0.71921	0.17429
36 A	0.10857	0.61925	0.27218
37 T	0.11032	0.60682	0.28287
38 T	0.12438	0.57473	0.30088
39 T	0.12420	0.55607	0.31974
40 A	0.12351	0.53452	0.34197
41 T	0.12314	0.49653	0.38033
42 A	0.12229	0.46156	0.41614
43 G	0.12194	0.23852	0.63954
44 A	0.12159	0.11103	0.76738
45 T	0.12251	0.10383	0.77367
46 G	0.12284	0.10527	0.77189
47 A	0.12347	0.13671	0.73982
48 T	0.12433	0.16244	0.71324
49 T	0.12400	0.22903	0.64697
50 T	0.12289	0.30005	0.57706
51 T	0.11971	0.34000	0.5403
52 A	0.11016	0.51662	0.37322
53 A	0.10292	0.59855	0.29853
54 T	0.09691	0.62638	0.27671
55 A	0.07925	0.72255	0.1982
56 A	0.06277	0.79992	0.13731
57 A	0.04850	0.88100	0.0705
58 G	0.03684	0.93357	0.02959
59 A	0.03238	0.94924	0.01838
60 A	0.03058	0.95236	0.01706
61 A	0.03003	0.95332	0.01664
62 A	0.03302	0.95047	0.0165
63 A	0.03581	0.94743	0.01676
64 C	0.04038	0.94229	0.01734
65 A	0.04609	0.93625	0.01766
66 A	0.05229	0.93000	0.01771
67 A	0.07537	0.90702	0.01761
68 C	0.09068	0.89203	0.01729
69 A	0.10436	0.88014	0.01551
70 A	0.14690	0.83793	0.01517
71 A	0.19137	0.79338	0.01525
72 T	0.28918	0.69465	0.01617
73 T	0.35980	0.62293	0.01727
74 A	0.39598	0.58211	0.02192
75 T	0.53912	0.42672	0.03416
76 G	0.57519	0.38148	0.04333
77 A	0.59169	0.35810	0.05021
78 A	0.66462	0.26915	0.06623
79 T	0.73945	0.17762	0.08293
80 T	0.79764	0.10721	0.09515
81 T	0.82601	0.06921	0.10477
82 G	0.82622	0.06522	0.10856
83 T	0.82028	0.06961	0.11011
84 T	0.78236	0.10757	0.11007
85 C	0.72622	0.16343	0.11035
86 A	0.64520	0.24508	0.10972
87 A	0.56837	0.32332	0.10831
88 A	0.55591	0.33724	0.10686
89 C	0.54714	0.34854	0.10431
90 A	0.52868	0.37808	0.09325
91 A	0.51765	0.39433	0.08803
92 T	0.51435	0.40275	0.0829
93 T	0.49275	0.42867	0.07858
94 A	0.46327	0.46505	0.07168
95 T	0.43966	0.48746	0.07289
96 T	0.41783	0.50970	0.07247
97 T	0.39248	0.54003	0.0675
98 A	0.33104	0.61079	0.05817
99 T	0.30308	0.63465	0.06227
100 G	0.24976	0.68799	0.06225
101 T	0.22560	0.71429	0.06011
102 A	0.19625	0.74977	0.05398
103 A	0.17472	0.78230	0.04298
104 A	0.15889	0.80963	0.03149
105 A	0.14683	0.82200	0.03117
106 A	0.14239	0.81720	0.0404
107 A	0.14128	0.78091	0.07781
108 A	0.14063	0.73105	0.12831
109 A	0.14092	0.65527	0.20381
110 C	0.14234	0.58399	0.27368
111 A	0.14406	0.57254	0.28341
112 A	0.14815	0.55997	0.29187
113 A	0.16027	0.53201	0.30771
114 A	0.16783	0.51275	0.31941
115 T	0.17443	0.49865	0.32691
116 G	0.17826	0.45485	0.36688
117 G	0.18461	0.41037	0.40503
118 G	0.18949	0.35832	0.45219
119 T	0.19665	0.34132	0.46204
120 T	0.20828	0.32178	0.46994
121 T	0.22107	0.33196	0.44697
122 T	0.22279	0.37023	0.40699
123 A	0.22007	0.39950	0.38043
124 G	0.21994	0.41815	0.36192
125 A	0.22220	0.42969	0.34811
126 A	0.23311	0.41667	0.35022
127 T	0.24798	0.38942	0.3626
128 T	0.25254	0.37580	0.37165
129 T	0.25164	0.37669	0.37166
130 T	0.24778	0.39134	0.36088
131 C	0.23992	0.41724	0.34284
132 A	0.19573	0.56183	0.24244
133 G	0.15216	0.65092	0.19692
134 G	0.14005	0.69364	0.16631
135 A	0.13222	0.73632	0.13146
136 G	0.12929	0.75795	0.11275
137 A	0.12816	0.77301	0.09883
138 A	0.12774	0.77860	0.09366
139 A	0.13072	0.78140	0.08788
140 A	0.13686	0.77912	0.08401
141 A	0.15238	0.76500	0.08262
142 A	0.18220	0.73555	0.08225
143 A	0.21954	0.69792	0.08254
144 T	0.30237	0.61356	0.08407
145 T	0.35889	0.55481	0.0863
146 T	0.41025	0.50025	0.0895
147 A	0.43092	0.47819	0.09089
148 T	0.45395	0.45347	0.09258
149 C	0.46061	0.44599	0.0934
150 T	0.46369	0.44263	0.09368
151 A	0.46660	0.43886	0.09454
152 A	0.47342	0.43036	0.09622
153 T	0.49138	0.40847	0.10015
154 A	0.51839	0.37600	0.10561
155 T	0.64348	0.20353	0.15298
156 T	0.69919	0.10070	0.20012
157 T	0.72444	0.06343	0.21213
158 C	0.73668	0.04473	0.21859
159 T	0.74631	0.03430	0.21939
160 T	0.75157	0.02918	0.21925
161 G	0.75326	0.02776	0.21898
162 T	0.75797	0.02449	0.21753
163 T	0.76022	0.02362	0.21615
164 T	0.75788	0.03446	0.20765
165 A	0.74601	0.06010	0.1939
166 A	0.69722	0.11752	0.18527
167 A	0.67547	0.14927	0.17526
168 T	0.67323	0.15922	0.16756
169 T	0.66951	0.20034	0.13014
170 A	0.66274	0.25643	0.08082
171 T	0.65823	0.27138	0.07039
172 T	0.65087	0.28478	0.06435
173 T	0.62646	0.31498	0.05856
174 T	0.56536	0.37800	0.05664
175 G	0.43919	0.50528	0.05553
176 A	0.36916	0.57609	0.05475
177 A	0.33158	0.61404	0.05438
178 C	0.31523	0.63025	0.05453
179 A	0.30954	0.63584	0.05461
180 A	0.30751	0.63762	0.05487
181 T	0.30698	0.63774	0.05528
182 C	0.30517	0.63928	0.05556
183 C	0.30361	0.64080	0.05558
184 A	0.30250	0.64196	0.05553
185 T	0.30149	0.64302	0.05549
186 G	0.29113	0.65293	0.05594
187 A	0.29511	0.64845	0.05645
188 A	0.30446	0.63065	0.06488
189 A	0.31247	0.56976	0.11776
190 C	0.32371	0.53288	0.14342
191 A	0.33526	0.51937	0.14537
192 A	0.37152	0.48086	0.14762
193 T	0.42196	0.42113	0.15691
194 T	0.43164	0.40129	0.16708
195 T	0.43284	0.39038	0.17677
196 A	0.43008	0.36532	0.2046
197 T	0.42838	0.30790	0.26371
198 T	0.42000	0.22247	0.35753
199 A	0.37511	0.22171	0.40317
200 A	0.34696	0.23816	0.41488
201 T	0.33245	0.28843	0.37913
202 G	0.30134	0.40729	0.29137
203 A	0.26824	0.56691	0.16484
204 A	0.24299	0.64422	0.11278
205 A	0.21647	0.68092	0.1026
206 A	0.20828	0.69553	0.09618
207 A	0.20567	0.70073	0.09361
208 A	0.20479	0.69808	0.09714
209 C	0.20477	0.68630	0.10894
210 A	0.20490	0.68844	0.10666
211 A	0.20536	0.69177	0.10287
212 A	0.20643	0.69087	0.1027
213 T	0.20759	0.68923	0.10318
214 G	0.20799	0.69065	0.10136
215 A	0.21043	0.68742	0.10215
216 C	0.21471	0.67946	0.10583
217 T	0.22125	0.67379	0.10496
218 T	0.22442	0.66985	0.10572
219 A	0.22747	0.66634	0.10619
220 A	0.23359	0.66062	0.10579
221 T	0.25119	0.64080	0.10801
222 G	0.26367	0.59337	0.14296
223 A	0.28709	0.55573	0.15718
224 A	0.33962	0.49475	0.16564
225 A	0.42657	0.40593	0.16749
226 T	0.54472	0.27448	0.1808
227 A	0.58739	0.21481	0.19779
228 T	0.60275	0.17551	0.22174
229 T	0.60924	0.16395	0.22681
230 T	0.61037	0.16625	0.22338
231 C	0.60606	0.18665	0.20728
232 A	0.60181	0.25056	0.14762
233 A	0.60399	0.26610	0.12991
234 A	0.60932	0.27584	0.11483
235 A	0.61231	0.28154	0.10615
236 A	0.61641	0.27824	0.10535
237 T	0.62474	0.26890	0.10636
238 T	0.62728	0.26566	0.10706
239 T	0.62784	0.26486	0.10731
240 C	0.62824	0.26445	0.10731
241 A	0.62978	0.26375	0.10647
242 A	0.63292	0.26039	0.10669
243 A	0.63866	0.25436	0.10698
244 A	0.64737	0.24528	0.10735
245 T	0.66589	0.22603	0.10808
246 T	0.68668	0.20218	0.11114
247 G	0.69418	0.19391	0.11191
248 T	0.71429	0.17300	0.11271
249 T	0.72369	0.16230	0.11401
250 A	0.72519	0.15883	0.11598
251 T	0.73047	0.14896	0.12058
252 C	0.73555	0.13917	0.12528
253 C	0.74281	0.12956	0.12763
254 G	0.76067	0.11081	0.12853
255 T	0.82277	0.04871	0.12853
256 T	0.83758	0.03646	0.12596
257 T	0.84606	0.02939	0.12455
258 T	0.84375	0.03358	0.12266
259 T	0.83843	0.03837	0.1232
260 T	0.83197	0.04456	0.12348
261 A	0.82370	0.05257	0.12373
262 T	0.82111	0.05424	0.12465
263 C	0.81286	0.06177	0.12536
264 T	0.80750	0.06878	0.12371
265 A	0.78730	0.09374	0.11895
266 C	0.75128	0.13179	0.11693
267 G	0.72599	0.15840	0.11561
268 A	0.71222	0.17408	0.1137
269 A	0.70463	0.18283	0.11254
270 A	0.70218	0.18531	0.11251
271 C	0.70159	0.18601	0.1124
272 T	0.70132	0.18639	0.11229
273 T	0.70048	0.18713	0.11239
274 G	0.69840	0.18961	0.112
275 A	0.69766	0.19059	0.11175
276 T	0.69714	0.19114	0.11172
277 A	0.69642	0.19176	0.11182
278 A	0.69733	0.19049	0.11219
279 T	0.69996	0.18562	0.11441
280 A	0.69941	0.18237	0.11823
281 T	0.69962	0.17140	0.12897
282 T	0.69662	0.16826	0.13512
283 C	0.68863	0.17054	0.14083
284 A	0.68214	0.18737	0.13049
285 A	0.67877	0.19755	0.12367
286 G	0.67678	0.19732	0.1259
287 A	0.67751	0.19593	0.12656
288 T	0.68207	0.17827	0.13967
289 G	0.68325	0.14274	0.17402
290 A	0.68385	0.12020	0.19595
291 A	0.68552	0.10440	0.21009
292 T	0.68706	0.09349	0.21945
293 C	0.68733	0.09092	0.22174
294 T	0.68780	0.09389	0.2183
295 T	0.68740	0.10672	0.20588
296 T	0.67888	0.12267	0.19845
297 A	0.66765	0.14577	0.18657
298 T	0.66216	0.16270	0.17515
299 G	0.64930	0.18203	0.16867
300 G	0.64057	0.19463	0.1648
301 A	0.63510	0.20355	0.16135
302 A	0.62667	0.21327	0.16005
303 A	0.62299	0.21499	0.16201
304 G	0.62094	0.21519	0.16386
305 A	0.62205	0.21082	0.16713
306 A	0.62514	0.20021	0.17464
307 C	0.63895	0.17952	0.18153
308 T	0.64918	0.16830	0.18253
309 T	0.65327	0.16290	0.18383
310 T	0.65525	0.16059	0.18415
311 T	0.65256	0.16353	0.1839
312 T	0.64787	0.16866	0.18347
313 C	0.64213	0.17408	0.18379
314 A	0.63957	0.17778	0.18265
315 A	0.63917	0.17813	0.18271
316 T	0.64244	0.17431	0.18325
317 A	0.64716	0.16879	0.18405
318 T	0.66537	0.14892	0.18571
319 C	0.67512	0.12208	0.2028
320 T	0.68855	0.09763	0.21382
321 T	0.69652	0.08578	0.21771
322 T	0.70080	0.07658	0.22262
323 T	0.70125	0.07470	0.22406
324 T	0.70005	0.07569	0.22426
325 A	0.69622	0.07712	0.22666
326 A	0.69046	0.08214	0.22739
327 T	0.68511	0.08662	0.22826
328 A	0.67315	0.10386	0.22299
329 A	0.66341	0.12067	0.21592
330 A	0.62263	0.17253	0.20483
331 A	0.60225	0.20654	0.1912
332 T	0.58737	0.23286	0.17978
333 A	0.56626	0.28122	0.15252
334 A	0.55644	0.32082	0.12274
335 T	0.55326	0.33288	0.11386
336 T	0.54726	0.35370	0.09904
337 A	0.53465	0.38097	0.08438
338 A	0.52688	0.40173	0.07139
339 T	0.52343	0.40584	0.07073
340 A	0.51694	0.41275	0.0703
341 G	0.51391	0.41551	0.07057
342 T	0.51369	0.41531	0.071
343 C	0.51363	0.41482	0.07156
344 A	0.51441	0.41413	0.07146
345 A	0.51704	0.41123	0.07174
346 T	0.52054	0.40631	0.07315
347 C	0.52182	0.40332	0.07486
348 T	0.52459	0.39979	0.07563
349 A	0.52502	0.39604	0.07894
350 A	0.52610	0.39131	0.08258
351 A	0.52985	0.37945	0.09071
352 A	0.53603	0.36703	0.09694
353 A	0.54841	0.31100	0.14059
354 A	0.56609	0.26733	0.16657
355 G	0.58415	0.22558	0.19027
356 G	0.61763	0.16852	0.21385
357 T	0.66049	0.11254	0.22697
358 T	0.67667	0.09079	0.23254
359 T	0.69232	0.07215	0.23553
360 A	0.70181	0.06054	0.23765
361 T	0.71206	0.04326	0.24468
362 T	0.71248	0.04039	0.24713
363 T	0.71150	0.03826	0.25024
364 T	0.71021	0.04077	0.24903
365 C	0.70777	0.04594	0.24629
366 T	0.70635	0.05197	0.24168
367 A	0.70286	0.07245	0.22469
368 T	0.70104	0.08038	0.21858
369 T	0.69527	0.09309	0.21164
370 T	0.68547	0.11567	0.19887
371 T	0.67163	0.13532	0.19304
372 A	0.65259	0.15947	0.18794
373 A	0.63590	0.17616	0.18794
374 A	0.63221	0.17950	0.18829
375 T	0.63136	0.17883	0.1898
376 T	0.62540	0.18466	0.18995
377 C	0.61711	0.19292	0.18997
378 T	0.60936	0.20168	0.18896
379 C	0.57022	0.24174	0.18805
380 G	0.55646	0.25714	0.1864
381 A	0.54888	0.26730	0.18382
382 A	0.54406	0.27538	0.18056
383 A	0.54509	0.27648	0.17844
384 T	0.54373	0.28037	0.17589
385 G	0.54041	0.28392	0.17566
386 G	0.54267	0.28050	0.17684
387 T	0.54863	0.27366	0.17771
388 T	0.55052	0.27079	0.17869
389 A	0.54784	0.27462	0.17754
390 T	0.55932	0.26302	0.17767
391 A	0.55348	0.27361	0.17291
392 A	0.54781	0.27295	0.17924
393 T	0.54539	0.26613	0.18847
394 T	0.52050	0.27917	0.20033
395 A	0.50090	0.28451	0.21459
396 C	0.48375	0.28524	0.23101
397 G	0.46429	0.30634	0.22938
398 A	0.45668	0.31605	0.22727
399 T	0.45380	0.31542	0.23078
400 A	0.44887	0.31648	0.23465
401 T	0.44806	0.31089	0.24105
402 T	0.44368	0.27646	0.27986
403 G	0.43610	0.27252	0.29138
404 A	0.43409	0.26999	0.29592
405 A	0.43502	0.26507	0.29991
406 A	0.43695	0.26053	0.30252
407 T	0.44082	0.25415	0.30502
408 T	0.43961	0.25786	0.30252
409 T	0.43307	0.28343	0.2835
410 T	0.40675	0.33894	0.25431
411 A	0.35317	0.44246	0.20437
412 A	0.33508	0.46983	0.19509
413 A	0.32336	0.49043	0.1862
414 A	0.32056	0.48674	0.19269
415 A	0.31769	0.47686	0.20544
416 T	0.31903	0.45604	0.22493
417 T	0.31978	0.42573	0.25449
418 G	0.31964	0.41356	0.2668
419 A	0.32132	0.40519	0.27349
420 T	0.32748	0.38579	0.28673
421 T	0.32960	0.37963	0.29078
422 T	0.32736	0.38519	0.28745
423 T	0.31810	0.40619	0.27571
424 A	0.28230	0.47815	0.23956
425 A	0.24164	0.55474	0.20362
426 A	0.20095	0.65113	0.14792
427 A	0.18190	0.69406	0.12404
428 A	0.17444	0.71266	0.11289
429 A	0.16474	0.73618	0.09908
430 A	0.16125	0.74938	0.08937
431 A	0.16595	0.74693	0.08712
432 A	0.19073	0.71781	0.09146
433 A	0.22376	0.65769	0.11855
434 T	0.27095	0.56460	0.16445
435 A	0.27808	0.54143	0.18048
436 T	0.28573	0.51913	0.19514
437 G	0.28508	0.51219	0.20273
438 T	0.28862	0.50788	0.2035
439 C	0.28386	0.51725	0.1989
440 A	0.27487	0.54919	0.17594
441 T	0.27578	0.55739	0.16682
442 A	0.26874	0.59587	0.13539
443 T	0.25505	0.64028	0.10467
444 A	0.21217	0.69439	0.09345
445 A	0.20630	0.70267	0.09103
446 A	0.21497	0.68602	0.099
447 A	0.24970	0.61821	0.13209
448 A	0.28807	0.54126	0.17067
449 T	0.35487	0.43489	0.21024
450 T	0.37727	0.39660	0.22613
451 A	0.37717	0.39689	0.22594
452 A	0.38266	0.38743	0.22991
453 A	0.38732	0.37815	0.23453
454 T	0.39493	0.36419	0.24088
455 T	0.39419	0.36373	0.24208
456 T	0.38800	0.36808	0.24393
457 A	0.37324	0.38195	0.24481
458 A	0.36427	0.38657	0.24916
459 T	0.35972	0.38377	0.25651
460 C	0.34175	0.39619	0.26207
461 A	0.33097	0.41190	0.25712
462 A	0.34008	0.40414	0.25578
463 T	0.36812	0.36731	0.26457
464 A	0.37627	0.35634	0.2674
465 T	0.40817	0.31678	0.27505
466 T	0.43032	0.27658	0.29311
467 C	0.42848	0.24104	0.33049
468 T	0.42569	0.24509	0.32922
469 T	0.41522	0.26224	0.32254
470 T	0.39778	0.30367	0.29855
471 A	0.36885	0.38559	0.24556
472 A	0.33835	0.45236	0.20929
473 A	0.31388	0.50247	0.18365
474 A	0.30369	0.51629	0.18002
475 T	0.29972	0.51951	0.18077
476 G	0.29494	0.52759	0.17746
477 T	0.29348	0.53309	0.17344
478 A	0.28773	0.54252	0.16975
479 A	0.28537	0.54356	0.17107
480 T	0.28361	0.53821	0.17818
481 G	0.27932	0.54152	0.17916
482 A	0.27078	0.55017	0.17905
483 A	0.25979	0.55282	0.1874
484 G	0.25393	0.55203	0.19404
485 A	0.24514	0.56991	0.18495
486 A	0.24215	0.58330	0.17454
487 G	0.24389	0.59030	0.16581
488 A	0.24694	0.60691	0.14614
489 A	0.25605	0.60160	0.14235
490 T	0.27033	0.58113	0.14855
491 T	0.28198	0.56860	0.14942
492 A	0.28778	0.56993	0.14229
493 A	0.30738	0.55186	0.14076
494 A	0.35558	0.49010	0.15431
495 A	0.39298	0.42462	0.18241
496 T	0.43170	0.35637	0.21193
497 T	0.45163	0.32050	0.22787
498 T	0.46031	0.30083	0.23886
499 C	0.46505	0.29387	0.24108
500 T	0.46709	0.30032	0.23259
501 A	0.46407	0.30764	0.22829
502 A	0.46601	0.30631	0.22767
503 T	0.47148	0.30013	0.22839
504 T	0.46650	0.30623	0.22726
505 A	0.43825	0.33136	0.23039
506 A	0.40510	0.35758	0.23732
507 A	0.38777	0.36929	0.24294
508 G	0.38101	0.36919	0.24981
509 G	0.37737	0.38341	0.23922
510 A	0.38292	0.40188	0.2152
511 T	0.40233	0.40318	0.1945
512 T	0.39474	0.44178	0.16348
513 A	0.37020	0.47063	0.15917
514 G	0.34544	0.49796	0.1566
515 A	0.34113	0.50397	0.15489
516 T	0.34787	0.49836	0.15377
517 C	0.34008	0.50960	0.15032
518 A	0.33362	0.52471	0.14167
519 A	0.33693	0.52544	0.13763
520 T	0.34445	0.52152	0.13404
521 T	0.34761	0.52015	0.13224
522 A	0.34404	0.52631	0.12965
523 T	0.34728	0.51973	0.133
524 T	0.34212	0.52233	0.13555
525 A	0.29187	0.57009	0.13805
526 A	0.25754	0.60184	0.14061
527 A	0.23455	0.61781	0.14764
528 A	0.21704	0.61614	0.16682
529 G	0.20729	0.59392	0.19878
530 A	0.20655	0.57358	0.21987
531 A	0.21330	0.54976	0.23694
532 A	0.22968	0.51533	0.25499
533 G	0.25438	0.47901	0.26662
534 A	0.27741	0.44899	0.27359
535 T	0.30841	0.39459	0.29701
536 A	0.31250	0.36096	0.32655
537 T	0.31736	0.32216	0.36048
538 G	0.31963	0.30455	0.37582
539 G	0.32258	0.29321	0.38421
540 T	0.32704	0.27595	0.397
541 T	0.33332	0.26167	0.40501
542 C	0.33297	0.26119	0.40584
543 T	0.33475	0.27850	0.38675
544 A	0.32877	0.32124	0.34998
545 A	0.32332	0.35616	0.32052
546 A	0.31862	0.39950	0.28188
547 T	0.32034	0.40366	0.27599
548 T	0.32037	0.35799	0.32163
549 G	0.31658	0.34219	0.34123
550 A	0.31483	0.34105	0.34412
551 G	0.31535	0.34292	0.34173
552 T	0.31556	0.35054	0.33389
553 T	0.30374	0.37465	0.3216
554 T	0.29435	0.40271	0.30294
555 A	0.28312	0.43501	0.28187
556 A	0.28150	0.44852	0.26998
557 A	0.28216	0.46477	0.25308
558 T	0.28312	0.47830	0.23858
559 A	0.28345	0.50620	0.21035
560 T	0.28471	0.52384	0.19145
561 T	0.27354	0.55694	0.16953
562 A	0.25103	0.61091	0.13806
563 A	0.22549	0.65096	0.12356
564 A	0.21959	0.66113	0.11928
565 G	0.22210	0.65702	0.12088
566 A	0.24055	0.63722	0.12224
567 A	0.27945	0.59214	0.12841
568 A	0.31888	0.54613	0.13498
569 T	0.37412	0.48413	0.14175
570 T	0.39231	0.46305	0.14464
571 A	0.39972	0.45575	0.14452
572 A	0.41025	0.44219	0.14756
573 A	0.43075	0.41371	0.15553
574 T	0.45623	0.37855	0.16523
575 T	0.47540	0.34963	0.17497
576 T	0.48530	0.32380	0.1909
577 C	0.48018	0.32085	0.19897
578 C	0.47720	0.32037	0.20244
579 A	0.45476	0.34960	0.19564
580 G	0.44445	0.36415	0.1914
581 A	0.45061	0.36342	0.18597
582 T	0.48403	0.33054	0.18543
583 G	0.49998	0.31768	0.18234
584 T	0.52099	0.28381	0.19521
585 A	0.52517	0.26153	0.2133
586 C	0.51246	0.25298	0.23455
587 T	0.48135	0.30001	0.21863
588 T	0.42538	0.37389	0.20073
589 G	0.32945	0.50176	0.1688
590 A	0.27695	0.60450	0.11856
591 A	0.23929	0.65835	0.10236
592 G	0.20998	0.69282	0.0972
593 A	0.19740	0.71223	0.09037
594 A	0.18975	0.72346	0.0868
595 A	0.18798	0.72604	0.08598
596 A	0.18568	0.72761	0.08672
597 A	0.18337	0.72851	0.08812
598 A	0.18416	0.72372	0.09212
599 A	0.18595	0.71449	0.09957
600 T	0.18782	0.69230	0.11987
601 A	0.18931	0.67491	0.13578
602 A	0.19509	0.64235	0.16256
603 T	0.19902	0.61311	0.18787
604 G	0.20206	0.59885	0.19909
605 A	0.20371	0.59309	0.2032
606 T	0.21260	0.57532	0.21209
607 A	0.21667	0.56644	0.21689
608 A	0.22265	0.54006	0.23728
609 A	0.23546	0.49367	0.27086
610 T	0.26490	0.40600	0.32909
611 T	0.28130	0.33334	0.38536
612 G	0.30828	0.22347	0.46825
613 T	0.35405	0.14318	0.50277
614 T	0.36865	0.09979	0.53156
615 T	0.37237	0.07773	0.54989
616 T	0.37474	0.06942	0.55584
617 T	0.37303	0.07067	0.55631
618 A	0.34442	0.10111	0.55447
619 A	0.34013	0.10735	0.55252
620 C	0.33903	0.11271	0.54826
621 A	0.33686	0.12609	0.53706
622 T	0.33666	0.13409	0.52924
623 T	0.33425	0.14343	0.52232
624 T	0.31610	0.17223	0.51167
625 G	0.28291	0.22836	0.48873
626 A	0.27074	0.29626	0.433
627 T	0.26866	0.31837	0.41297
628 G	0.26264	0.35963	0.37772
629 A	0.25904	0.41066	0.33029
630 T	0.26135	0.41577	0.32289
631 A	0.26142	0.41663	0.32195
632 T	0.26327	0.41501	0.32172
633 T	0.26153	0.41737	0.32111
634 C	0.25788	0.42198	0.32013
635 C	0.25636	0.42668	0.31696
636 T	0.25749	0.43959	0.30292
637 A	0.25401	0.44940	0.29659
638 A	0.25503	0.45103	0.29395
639 A	0.25766	0.44907	0.29327
640 T	0.26533	0.43861	0.29606
641 C	0.26785	0.40483	0.32732
642 A	0.27205	0.39868	0.32928
643 T	0.28322	0.38698	0.3298
644 A	0.29108	0.38007	0.32886
645 T	0.29989	0.36871	0.33141
646 G	0.30365	0.36256	0.33379
647 A	0.31197	0.33569	0.35233
648 A	0.33012	0.28919	0.3807
649 C	0.38483	0.22605	0.38912
650 A	0.39917	0.25756	0.34327
651 A	0.41463	0.27563	0.30973
652 G	0.43688	0.27499	0.28813
653 T	0.43283	0.31749	0.24968
654 T	0.40889	0.36781	0.22329
655 A	0.33660	0.48373	0.17966
656 A	0.31319	0.52034	0.16647
657 A	0.30191	0.53438	0.16372
658 G	0.29870	0.53716	0.16414
659 A	0.30916	0.52742	0.16342
660 T	0.31498	0.51747	0.16755
661 T	0.31358	0.51686	0.16956
662 T	0.30916	0.52062	0.17022
663 A	0.29077	0.53843	0.17081
664 C	0.27817	0.54931	0.17252
665 A	0.26995	0.55693	0.17311
666 A	0.26678	0.55951	0.17371
667 C	0.25600	0.56875	0.17525
668 C	0.24305	0.58156	0.17539
669 G	0.22842	0.59654	0.17504
670 A	0.21717	0.60806	0.17478
671 A	0.20806	0.61665	0.17529
672 A	0.20779	0.61628	0.17593
673 A	0.26108	0.55768	0.18125
674 A	0.30745	0.48002	0.21253
675 G	0.33793	0.41009	0.25198
676 T	0.38265	0.34071	0.27664
677 T	0.40491	0.29235	0.30274
678 T	0.43878	0.21158	0.34964
679 T	0.44013	0.20048	0.35938
680 G	0.41333	0.21987	0.3668
681 G	0.39780	0.23289	0.36931
682 A	0.38154	0.24816	0.37029
683 T	0.34576	0.27872	0.37552
684 C	0.20767	0.41366	0.37867
685 A	0.11753	0.50385	0.37862
686 A	0.08678	0.52486	0.38837
687 A	0.07044	0.53230	0.39726
688 G	0.06295	0.53279	0.40425
689 G	0.06185	0.53109	0.40705
690 T	0.06209	0.51453	0.42338
691 T	0.06201	0.50052	0.43747
692 A	0.06141	0.49237	0.44623
693 T	0.06154	0.48217	0.45629
694 A	0.06029	0.47561	0.4641
695 T	0.05905	0.46353	0.47742
696 A	0.05678	0.45915	0.48407
697 C	0.05639	0.45189	0.49172
698 A	0.05619	0.45110	0.4927
699 G	0.05638	0.44906	0.49455
700 C	0.05702	0.44512	0.49785
701 A	0.06034	0.44176	0.4979
702 A	0.06705	0.43183	0.50112
703 G	0.07065	0.40148	0.52786
704 T	0.07621	0.38330	0.54048
705 T	0.07933	0.36776	0.55291
706 A	0.07945	0.32071	0.59983
707 T	0.08121	0.17691	0.74188
708 T	0.08108	0.12206	0.79686
709 A	0.07665	0.21328	0.71007
710 A	0.07130	0.40570	0.523
711 A	0.06596	0.69291	0.24113
712 A	0.06258	0.79971	0.13771
713 A	0.05063	0.85452	0.09485
714 A	0.04111	0.88431	0.07458
715 G	0.04297	0.88354	0.07348
716 A	0.03942	0.88968	0.0709
717 A	0.03822	0.89113	0.07065
718 A	0.03761	0.89128	0.07112
719 C	0.03679	0.89068	0.07253
720 T	0.03637	0.89234	0.07129
721 A	0.03454	0.89668	0.06877
722 A	0.03445	0.89833	0.06721
723 A	0.03462	0.89882	0.06657
724 A	0.03555	0.89811	0.06634
725 A	0.03712	0.89621	0.06667
726 T	0.03986	0.89300	0.06714
727 A	0.04158	0.89097	0.06744
728 A	0.04545	0.88629	0.06826
729 A	0.05314	0.87682	0.07004
730 C	0.06709	0.86022	0.07269
731 A	0.09403	0.83180	0.07417
732 A	0.20238	0.71942	0.07821
733 A	0.41606	0.50089	0.08305
734 T	0.72617	0.18502	0.0888
735 T	0.81458	0.09267	0.09276
736 T	0.84295	0.04993	0.10712
737 T	0.85042	0.03073	0.11884
738 A	0.85140	0.02651	0.12209
739 T	0.85345	0.01953	0.12702
740 T	0.85529	0.01494	0.12978
741 T	0.85721	0.01087	0.13192
742 T	0.85870	0.00811	0.13318
743 C	0.85994	0.00624	0.13382
744 T	0.86100	0.00471	0.13428
745 T	0.86108	0.00527	0.13366
746 T	0.86016	0.00746	0.13237
747 T	0.85931	0.01023	0.13046
748 T	0.85816	0.01521	0.12663
749 A	0.85450	0.02301	0.12249
750 T	0.84104	0.04520	0.11375
751 T	0.80132	0.09659	0.10209
752 T	0.69022	0.21082	0.09896
753 A	0.43338	0.47403	0.09259
754 G	0.20630	0.70542	0.08828
755 T	0.15941	0.75738	0.0832
756 C	0.12622	0.79126	0.08252
757 G	0.11784	0.79996	0.0822
758 A	0.11405	0.80398	0.08198
759 T	0.11177	0.80637	0.08186
760 C	0.10823	0.81001	0.08176
761 C	0.10512	0.81348	0.08141
762 G	0.09842	0.82090	0.08068
763 A	0.09613	0.82332	0.08055
764 A	0.09488	0.82473	0.08039
765 A	0.09386	0.82581	0.08033
766 A	0.09332	0.82627	0.08042
767 C	0.09322	0.82510	0.08168
768 A	0.09330	0.82450	0.0822
769 A	0.09424	0.82259	0.08317
770 A	0.09577	0.82059	0.08364
771 A	0.09900	0.81613	0.08488
772 A	0.10250	0.80800	0.08949
773 A	0.11086	0.75959	0.12955
774 A	0.12116	0.67786	0.20098
775 G	0.12524	0.54979	0.32497
776 A	0.13239	0.32588	0.54173
777 T	0.13777	0.11873	0.7435
778 T	0.14215	0.06799	0.78985
779 C	0.14281	0.04263	0.81456
780 T	0.14333	0.06739	0.78928
781 A	0.14350	0.10486	0.75164
782 T	0.14363	0.12185	0.73452
783 A	0.14356	0.14892	0.70752
784 T	0.14386	0.18214	0.67401
785 T	0.14421	0.22566	0.63013
786 G	0.14391	0.30736	0.54874
787 T	0.14381	0.35759	0.4986
788 A	0.14232	0.40926	0.44842
789 T	0.13941	0.44197	0.41863
790 A	0.13788	0.49265	0.36947
791 G	0.13745	0.49589	0.36666
792 A	0.13717	0.49715	0.36567
793 A	0.13750	0.49744	0.36506
794 T	0.13824	0.49751	0.36425
795 C	0.13834	0.49965	0.36201
796 T	0.13836	0.50241	0.35922
797 T	0.13690	0.50590	0.35719
798 T	0.13490	0.50949	0.35561
799 G	0.12926	0.51730	0.35345
800 C	0.12652	0.52147	0.35202
801 G	0.12451	0.52419	0.35129
802 G	0.12696	0.52190	0.35114
803 A	0.15712	0.49203	0.35085
804 A	0.20155	0.44780	0.35065
805 C	0.23079	0.41867	0.35054
806 C	0.27414	0.37603	0.34982
807 T	0.31924	0.33417	0.34659
808 A	0.36314	0.29067	0.34619
809 A	0.44024	0.21375	0.34601
810 T	0.49539	0.15872	0.34588
811 T	0.52832	0.12522	0.34646
812 C	0.52501	0.12644	0.34855
813 T	0.52018	0.13575	0.34407
814 A	0.43947	0.22671	0.33381
815 A	0.31887	0.35652	0.32461
816 A	0.26054	0.42678	0.31267
817 G	0.20740	0.49477	0.29784
818 A	0.18553	0.52400	0.29047
819 A	0.17220	0.53976	0.28804
820 T	0.16875	0.54312	0.28812
821 A	0.15217	0.55951	0.28833
822 T	0.14788	0.55954	0.29257
823 A	0.13746	0.56874	0.29381
824 A	0.12744	0.57751	0.29505
825 A	0.12118	0.58339	0.29543
826 A	0.11822	0.58778	0.294
827 A	0.10728	0.59971	0.29302
828 A	0.10064	0.60693	0.29243
829 A	0.09646	0.61177	0.29177
830 T	0.09285	0.61353	0.29361
831 G	0.08310	0.62262	0.29428
832 G	0.07815	0.62641	0.29543
833 A	0.07605	0.62722	0.29674
834 A	0.07592	0.61853	0.30555
835 A	0.07707	0.59781	0.32512
836 A	0.08289	0.55724	0.35986
837 A	0.09414	0.47060	0.43526
838 G	0.10454	0.34661	0.54885
839 A	0.11787	0.28115	0.60097
840 T	0.13443	0.21260	0.65297
841 T	0.14073	0.18323	0.67603
842 T	0.14204	0.16939	0.68857
843 T	0.14116	0.16976	0.68908
844 C	0.13826	0.17050	0.69124
845 A	0.13512	0.19543	0.66945
846 A	0.13305	0.21074	0.65621
847 G	0.13347	0.22120	0.64533
848 A	0.13528	0.22438	0.64034
849 A	0.13856	0.22283	0.63861
850 G	0.14211	0.20638	0.65151
851 G	0.14624	0.19701	0.65674
852 A	0.15151	0.18990	0.65859
853 G	0.15584	0.17968	0.66448
854 T	0.16281	0.16497	0.67222
855 T	0.16663	0.15748	0.67589
856 T	0.16911	0.15395	0.67694
857 T	0.17012	0.15371	0.67617
858 A	0.16955	0.15591	0.67454
859 G	0.16980	0.15769	0.67251
860 T	0.17126	0.15947	0.66927
861 T	0.17116	0.16741	0.66143
862 G	0.16915	0.17901	0.65184
863 A	0.16907	0.19416	0.63677
864 A	0.17385	0.20096	0.62518
865 A	0.18264	0.19192	0.62544
866 T	0.19849	0.17423	0.62728
867 T	0.21950	0.15054	0.62995
868 T	0.24289	0.12435	0.63276
869 C	0.25576	0.10924	0.635
870 T	0.26859	0.09601	0.63539
871 T	0.27404	0.09032	0.63564
872 C	0.27666	0.08757	0.63577
873 T	0.27942	0.08489	0.63569
874 T	0.28165	0.08280	0.63555
875 C	0.28322	0.08148	0.63531
876 T	0.28408	0.08169	0.63423
877 T	0.28347	0.08449	0.63205
878 T	0.27922	0.09168	0.6291
879 A	0.25166	0.12151	0.62683
880 A	0.22905	0.14723	0.62372
881 A	0.22041	0.15610	0.62349
882 T	0.21464	0.16179	0.62357
883 A	0.19981	0.17792	0.62228
884 A	0.19326	0.18479	0.62195
885 A	0.19530	0.18139	0.62331
886 A	0.20197	0.17675	0.62129
887 T	0.20810	0.17403	0.61787
888 T	0.20249	0.18836	0.60915
889 T	0.18779	0.21937	0.59283
890 A	0.16767	0.25066	0.58166
891 T	0.15679	0.26593	0.57728
892 A	0.13885	0.28450	0.57665
893 A	0.12771	0.29554	0.57674
894 T	0.12055	0.30196	0.5775
895 G	0.10149	0.32011	0.5784
896 C	0.08882	0.33210	0.57908
897 G	0.08093	0.34007	0.579
898 A	0.07612	0.34493	0.57895
899 A	0.07581	0.34461	0.57958
900 A	0.07758	0.34116	0.58126
901 T	0.08000	0.33490	0.5851
902 A	0.07998	0.30815	0.61187
903 T	0.08053	0.28386	0.63561
904 A	0.07768	0.27706	0.64526
905 A	0.07569	0.27010	0.65421
906 A	0.07452	0.25439	0.67109
907 G	0.07394	0.23830	0.68776
908 A	0.07500	0.22939	0.6956
909 A	0.07940	0.21661	0.70399
910 G	0.08573	0.20230	0.71197
911 A	0.09701	0.18347	0.71952
912 T	0.11501	0.14707	0.73792
913 T	0.12334	0.11965	0.75702
914 T	0.12485	0.11011	0.76505
915 T	0.12374	0.10147	0.77479
916 A	0.12154	0.10620	0.77226
917 A	0.12054	0.10403	0.77543
918 T	0.12061	0.08818	0.79121
919 T	0.12007	0.08152	0.79841
920 T	0.11866	0.08907	0.79228
921 T	0.11522	0.11638	0.7684
922 A	0.11050	0.14527	0.74422
923 A	0.10255	0.16167	0.73578
924 A	0.09851	0.17208	0.72941
925 A	0.09730	0.17395	0.72875
926 T	0.09754	0.17286	0.7296
927 T	0.09749	0.17525	0.72726
928 G	0.09639	0.18443	0.71918
929 A	0.09625	0.19187	0.71188
930 A	0.09640	0.19406	0.70954
931 A	0.09676	0.19584	0.7074
932 A	0.09741	0.19626	0.70633
933 T	0.09904	0.19537	0.70559
934 G	0.10069	0.19569	0.70362
935 A	0.10305	0.19865	0.69831
936 A	0.10688	0.19502	0.6981
937 T	0.11149	0.18991	0.6986
938 A	0.11478	0.18541	0.69982
939 T	0.12467	0.17298	0.70235
940 C	0.12813	0.16750	0.70437
941 G	0.13066	0.16497	0.70437
942 A	0.13591	0.15940	0.70469
943 A	0.15143	0.14257	0.706
944 T	0.18040	0.11064	0.70896
945 T	0.20222	0.08550	0.71228
946 G	0.20675	0.07259	0.72065
947 T	0.21245	0.06278	0.72477
948 C	0.21316	0.06032	0.72652
949 A	0.21320	0.06018	0.72661
950 A	0.21667	0.05650	0.72683
951 T	0.22590	0.04658	0.72752
952 T	0.23245	0.03960	0.72795
953 C	0.23160	0.04025	0.72816
954 T	0.22877	0.04283	0.72841
955 A	0.21788	0.05355	0.72857
956 C	0.21047	0.06086	0.72868
957 A	0.20925	0.06206	0.72869
958 C	0.21386	0.05742	0.72872
959 C	0.21498	0.05625	0.72876
960 T	0.21678	0.05449	0.72873
961 T	0.21732	0.05397	0.72871
962 T	0.21705	0.05416	0.72879
963 C	0.21609	0.05504	0.72888
964 T	0.21559	0.05544	0.72897
965 T	0.21454	0.05606	0.7294
966 T	0.21367	0.05650	0.72982
967 T	0.21219	0.05777	0.73005
968 T	0.20930	0.06026	0.73044
969 G	0.20226	0.06502	0.73271
970 G	0.19570	0.07122	0.73308
971 A	0.18824	0.07850	0.73327
972 A	0.17476	0.09119	0.73405
973 A	0.16747	0.09708	0.73545
974 G	0.16024	0.10296	0.7368
975 A	0.15247	0.11100	0.73652
976 A	0.14641	0.11461	0.73897
977 T	0.14326	0.11365	0.7431
978 A	0.13399	0.11692	0.7491
979 G	0.12973	0.11798	0.75229
980 A	0.12630	0.12674	0.74697
981 T	0.12329	0.13835	0.73836
982 G	0.11980	0.15212	0.72807
983 A	0.11827	0.16239	0.71934
984 T	0.11740	0.16392	0.71868
985 T	0.11492	0.16589	0.71919
986 A	0.10864	0.17158	0.71977
987 T	0.10506	0.17349	0.72144
988 C	0.10019	0.17623	0.72357
989 C	0.09561	0.18041	0.72399
990 A	0.09267	0.18493	0.72239
991 G	0.09074	0.18758	0.72169
992 G	0.08990	0.18870	0.72139
993 A	0.08965	0.18914	0.72121
994 A	0.09021	0.18546	0.72432
995 A	0.09045	0.17294	0.73661
996 A	0.09142	0.16434	0.74424
997 A	0.09271	0.15555	0.75173
998 A	0.09476	0.14466	0.76057
999 A	0.09720	0.13504	0.76776
1000 A	0.10044	0.12694	0.77261
1001 G	0.10525	0.11103	0.78372
1002 A	0.11070	0.10046	0.78883
1003 A	0.11950	0.08824	0.79226
1004 T	0.13011	0.07621	0.79368
1005 T	0.13747	0.07275	0.78978
1006 G	0.13964	0.07307	0.78728
1007 A	0.13927	0.07976	0.78096
1008 A	0.13924	0.07706	0.78371
1009 T	0.14032	0.06967	0.79001
1010 T	0.14081	0.06587	0.79332
1011 T	0.14086	0.06358	0.79556
1012 C	0.13971	0.06441	0.79589
1013 A	0.13971	0.07189	0.78839
1014 T	0.13892	0.07241	0.78868
1015 T	0.13571	0.07583	0.78847
1016 T	0.12944	0.08241	0.78815
1017 A	0.11899	0.09353	0.78748
1018 C	0.11330	0.09835	0.78835
1019 A	0.10886	0.10299	0.78815
1020 T	0.10640	0.10557	0.78803
1021 A	0.10365	0.10863	0.78772
1022 C	0.10238	0.10990	0.78772
1023 A	0.10101	0.11199	0.787
1024 A	0.10123	0.11208	0.78668
1025 A	0.10215	0.11135	0.78649
1026 A	0.10513	0.10846	0.7864
1027 A	0.11143	0.10195	0.78662
1028 T	0.11991	0.09053	0.78956
1029 G	0.12168	0.08471	0.79361
1030 T	0.12673	0.07795	0.79532
1031 C	0.12684	0.07703	0.79613
1032 A	0.12739	0.07723	0.79539
1033 A	0.12912	0.07590	0.79497
1034 A	0.13152	0.07284	0.79564
1035 T	0.13532	0.06711	0.79757
1036 T	0.14159	0.06004	0.79837
1037 T	0.14130	0.05790	0.8008
1038 A	0.13243	0.06582	0.80174
1039 G	0.12413	0.06753	0.80834
1040 A	0.11995	0.06378	0.81627
1041 T	0.11795	0.05943	0.82263
1042 G	0.11229	0.06048	0.82723
1043 C	0.11072	0.05895	0.83033
1044 T	0.10893	0.06018	0.83089
1045 A	0.10519	0.06359	0.83123
1046 C	0.10363	0.06446	0.8319
1047 A	0.10202	0.06672	0.83125
1048 A	0.10070	0.06882	0.83048
1049 A	0.10052	0.06865	0.83083
1050 T	0.10016	0.06872	0.83112
1051 A	0.09984	0.06881	0.83135
1052 G	0.09974	0.06639	0.83386
1053 C	0.09977	0.06497	0.83526
1054 G	0.09997	0.06432	0.83571
1055 C	0.10088	0.06317	0.83595
1056 T	0.10191	0.06237	0.83572
1057 A	0.10215	0.06232	0.83553
1058 A	0.10248	0.06209	0.83543
1059 A	0.10299	0.06097	0.83605
1060 G	0.10395	0.05897	0.83709
1061 A	0.10699	0.04645	0.84656
1062 T	0.10839	0.03532	0.8563
1063 T	0.10899	0.02973	0.86128
1064 A	0.10890	0.02870	0.8624
1065 T	0.10892	0.02483	0.86624
1066 A	0.10828	0.02553	0.86619
1067 T	0.10847	0.02358	0.86795
1068 T	0.10851	0.02191	0.86957
1069 G	0.10821	0.02107	0.87072
1070 A	0.10847	0.02003	0.87149
1071 T	0.10896	0.01859	0.87246
1072 A	0.10836	0.01886	0.87278
1073 C	0.10656	0.02012	0.87332
1074 A	0.10551	0.02103	0.87346
1075 G	0.10535	0.02109	0.87356
1076 C	0.10530	0.02118	0.87353
1077 C	0.10531	0.02165	0.87304
1078 A	0.10535	0.02213	0.87253
1079 T	0.10559	0.02237	0.87204
1080 A	0.10564	0.02312	0.87124
1081 A	0.10573	0.02354	0.87072
1082 G	0.10588	0.02337	0.87075
1083 A	0.10611	0.02256	0.87133
1084 T	0.10661	0.02151	0.87188
1085 G	0.10686	0.02088	0.87226
1086 G	0.10724	0.01997	0.87279
1087 G	0.10862	0.01805	0.87332
1088 G	0.11034	0.01595	0.87371
1089 T	0.11252	0.01319	0.87429
1090 C	0.11325	0.01233	0.87442
1091 A	0.11429	0.01156	0.87414
1092 T	0.11471	0.01136	0.87392
1093 A	0.11486	0.01122	0.87392
1094 A	0.11505	0.01087	0.87408
1095 A	0.11518	0.01029	0.87454
1096 T	0.11531	0.00817	0.87652
1097 C	0.11533	0.00701	0.87766
1098 G	0.11547	0.00672	0.87781
1099 A	0.11576	0.00635	0.87789
1100 T	0.11640	0.00562	0.87798
1101 C	0.11680	0.00517	0.87804
1102 G	0.11724	0.00474	0.87802
1103 C	0.11800	0.00389	0.87811
1104 T	0.11855	0.00336	0.87809
1105 T	0.11871	0.00321	0.87808
1106 T	0.11869	0.00323	0.87807
1107 T	0.11856	0.00336	0.87808
1108 A	0.11840	0.00353	0.87807
1109 C	0.11830	0.00353	0.87816
1110 A	0.11827	0.00355	0.87819
1111 G	0.11831	0.00348	0.87822
1112 A	0.11842	0.00335	0.87823
1113 T	0.11873	0.00298	0.87829
1114 C	0.11906	0.00261	0.87833
1115 A	0.11946	0.00217	0.87837
1116 T	0.11965	0.00187	0.87849
1117 C	0.11969	0.00176	0.87855
1118 A	0.11971	0.00177	0.87852
1119 T	0.11966	0.00181	0.87853
1120 G	0.11954	0.00183	0.87863
1121 G	0.11955	0.00175	0.8787
1122 T	0.11957	0.00170	0.87873
1123 C	0.11956	0.00168	0.87875
1124 T	0.11958	0.00175	0.87867
1125 T	0.11957	0.00206	0.87837
1126 T	0.11934	0.00239	0.87827
1127 A	0.11907	0.00271	0.87822
1128 T	0.11899	0.00281	0.8782
1129 G	0.11881	0.00292	0.87827
1130 C	0.11875	0.00281	0.87844
1131 T	0.11869	0.00279	0.87852
1132 T	0.11859	0.00283	0.87858
1133 A	0.11850	0.00289	0.87862
1134 T	0.11845	0.00291	0.87865
1135 C	0.11840	0.00295	0.87865
1136 C	0.11837	0.00297	0.87866
1137 T	0.11834	0.00306	0.87859
1138 G	0.11830	0.00328	0.87842
1139 A	0.11820	0.00345	0.87835
1140 A	0.11807	0.00363	0.87831
1141 A	0.11750	0.00423	0.87826
1142 T	0.11723	0.00441	0.87837
1143 C	0.11706	0.00450	0.87843
1144 G	0.11694	0.00488	0.87817
1145 A	0.11693	0.00511	0.87796
1146 T	0.11701	0.00532	0.87767
1147 A	0.11706	0.00560	0.87733
1148 A	0.11733	0.00556	0.87711
1149 T	0.11733	0.00550	0.87717
1150 T	0.11701	0.00562	0.87737
1151 G	0.11590	0.00676	0.87733
1152 T	0.11568	0.00690	0.87742
1153 A	0.11472	0.00791	0.87738
1154 C	0.11420	0.00831	0.87749
1155 T	0.11331	0.00917	0.87752
1156 C	0.11130	0.01117	0.87753
1157 G	0.10693	0.01558	0.87749
1158 C	0.09609	0.02651	0.87739
1159 A	0.08762	0.03517	0.87721
1160 A	0.08131	0.04158	0.87711
1161 A	0.07860	0.04429	0.87711
1162 A	0.07631	0.04649	0.8772
1163 A	0.07523	0.04744	0.87732
1164 A	0.07468	0.04727	0.87804
1165 C	0.07455	0.04700	0.87844
1166 C	0.07455	0.04687	0.87857
1167 T	0.07473	0.04666	0.87861
1168 A	0.07447	0.04694	0.87859
1169 T	0.07441	0.04700	0.87858
1170 C	0.07391	0.04749	0.8786
1171 A	0.07381	0.04757	0.87862
1172 A	0.07382	0.04738	0.8788
1173 A	0.07383	0.04691	0.87926
1174 C	0.07394	0.04547	0.88059
1175 C	0.07399	0.04515	0.88086
1176 T	0.07408	0.04406	0.88187
1177 A	0.07404	0.04364	0.88232
1178 T	0.07414	0.04271	0.88315
1179 T	0.07404	0.04155	0.88441
1180 T	0.07380	0.03757	0.88863
1181 T	0.07337	0.02587	0.90076
1182 A	0.07259	0.01840	0.90901
1183 G	0.07219	0.01263	0.91518
1184 G	0.07188	0.01062	0.91751
1185 A	0.07171	0.00950	0.9188
1186 G	0.07153	0.00976	0.9187
1187 T	0.07135	0.01132	0.91733
1188 T	0.07078	0.01591	0.91331
1189 G	0.06949	0.01927	0.91124
1190 A	0.06850	0.02816	0.90335
1191 A	0.06823	0.03239	0.89938
1192 A	0.06815	0.03518	0.89667
1193 C	0.06811	0.03549	0.8964
1194 A	0.06808	0.03928	0.89264
1195 G	0.06807	0.04209	0.88984
1196 A	0.06808	0.04404	0.88788
1197 T	0.06803	0.04511	0.88686
1198 T	0.06797	0.04569	0.88634
1199 T	0.06791	0.04600	0.8861
1200 T	0.06749	0.04692	0.88559
1201 A	0.06677	0.04792	0.88531
1202 T	0.06634	0.04819	0.88547
1203 T	0.06528	0.04921	0.88551
1204 G	0.06427	0.05045	0.88528
1205 A	0.06363	0.05109	0.88529
1206 A	0.06291	0.05188	0.88521
1207 G	0.06247	0.05243	0.88509
1208 A	0.06289	0.05212	0.88498
1209 A	0.06410	0.05075	0.88515
1210 A	0.06613	0.04847	0.88539
1211 A	0.07033	0.04367	0.886
1212 A	0.07343	0.03930	0.88727
1213 C	0.08187	0.02984	0.8883
1214 C	0.08716	0.02436	0.88849
1215 T	0.09124	0.02038	0.88838
1216 A	0.09250	0.01942	0.88808
1217 T	0.09614	0.01606	0.8878
1218 T	0.09795	0.01444	0.88761
1219 T	0.09907	0.01367	0.88725
1220 T	0.09952	0.01326	0.88723
1221 T	0.09962	0.01340	0.88698
1222 A	0.09939	0.01354	0.88707
1223 T	0.09974	0.01254	0.88773
1224 T	0.09968	0.01182	0.8885
1225 A	0.09899	0.01248	0.88853
1226 C	0.09846	0.01278	0.88876
1227 T	0.09726	0.01392	0.88882
1228 A	0.09476	0.01636	0.88888
1229 A	0.08912	0.02164	0.88924
1230 T	0.08656	0.02382	0.88962
1231 C	0.07905	0.03135	0.88961
1232 A	0.06979	0.04186	0.88834
1233 A	0.06005	0.05319	0.88675
1234 G	0.05364	0.06149	0.88486
1235 A	0.05022	0.06656	0.88322
1236 A	0.04882	0.06859	0.88259
1237 G	0.04794	0.06985	0.88221
1238 A	0.04787	0.07022	0.88191
1239 A	0.04815	0.06988	0.88197
1240 T	0.04855	0.06931	0.88215
1241 A	0.04876	0.06887	0.88236
1242 T	0.04917	0.06801	0.88282
1243 C	0.04933	0.06728	0.8834
1244 C	0.04961	0.06667	0.88372
1245 A	0.04967	0.06646	0.88387
1246 C	0.04981	0.06618	0.88401
1247 A	0.04999	0.06598	0.88403
1248 A	0.05059	0.06523	0.88417
1249 T	0.05152	0.06353	0.88495
1250 T	0.05187	0.06087	0.88727
1251 T	0.05202	0.05811	0.88987
1252 G	0.05195	0.05155	0.89651
1253 A	0.05190	0.04888	0.89923
1254 A	0.05203	0.04207	0.9059
1255 A	0.05333	0.03362	0.91305
1256 A	0.05504	0.02361	0.92135
1257 T	0.05735	0.01537	0.92728
1258 T	0.05857	0.01240	0.92903
1259 T	0.05855	0.01238	0.92907
1260 T	0.05820	0.01411	0.92769
1261 G	0.05761	0.01789	0.92451
1262 T	0.05728	0.01999	0.92273
1263 T	0.05659	0.02489	0.91852
1264 T	0.05561	0.03090	0.9135
1265 T	0.05420	0.03612	0.90968
1266 A	0.05207	0.03919	0.90875
1267 A	0.05066	0.04088	0.90846
1268 A	0.04979	0.04186	0.90836
1269 A	0.04947	0.04216	0.90838
1270 C	0.04936	0.04223	0.90841
1271 A	0.04937	0.04225	0.90838
1272 A	0.04943	0.04219	0.90838
1273 C	0.04956	0.04200	0.90843
1274 A	0.04982	0.04177	0.90842
1275 T	0.05048	0.04106	0.90846
1276 A	0.05104	0.04042	0.90854
1277 A	0.05202	0.03937	0.90861
1278 T	0.05411	0.03724	0.90865
1279 T	0.05556	0.03559	0.90885
1280 A	0.05630	0.03466	0.90904
1281 T	0.05877	0.03169	0.90954
1282 G	0.06007	0.02982	0.91011
1283 T	0.06283	0.02638	0.91078
1284 T	0.06648	0.02212	0.9114
1285 G	0.06876	0.01967	0.91158
1286 T	0.07304	0.01510	0.91185
1287 T	0.07710	0.01058	0.91232
1288 T	0.07899	0.00815	0.91285
1289 T	0.07931	0.00702	0.91367
1290 T	0.07933	0.00670	0.91397
1291 G	0.07917	0.00694	0.91389
1292 A	0.07902	0.00800	0.91298
1293 T	0.07895	0.00871	0.91233
1294 A	0.07846	0.01035	0.91119
1295 T	0.07795	0.01215	0.9099
1296 A	0.07456	0.01648	0.90896
1297 G	0.07296	0.01822	0.90881
1298 A	0.07038	0.02097	0.90865
1299 A	0.06851	0.02295	0.90855
1300 A	0.06788	0.02357	0.90855
1301 C	0.06763	0.02383	0.90854
1302 T	0.06749	0.02407	0.90844
1303 A	0.06656	0.02525	0.9082
1304 C	0.06622	0.02559	0.9082
1305 T	0.06595	0.02590	0.90815
1306 G	0.06508	0.02684	0.90807
1307 G	0.06491	0.02703	0.90806
1308 C	0.06544	0.02652	0.90804
1309 T	0.06633	0.02564	0.90804
1310 T	0.06647	0.02544	0.90808
1311 C	0.06582	0.02602	0.90816
1312 T	0.06530	0.02650	0.90819
1313 C	0.06427	0.02748	0.90825
1314 A	0.06359	0.02808	0.90833
1315 C	0.06328	0.02834	0.90838
1316 A	0.06307	0.02887	0.90806
1317 A	0.06296	0.02895	0.90809
1318 T	0.06344	0.02812	0.90845
1319 G	0.05998	0.02871	0.91132
1320 T	0.05737	0.03024	0.9124
1321 A	0.05513	0.03030	0.91457
1322 G	0.05361	0.03080	0.91559
1323 A	0.05286	0.03324	0.9139
1324 G	0.05256	0.03524	0.9122
1325 A	0.05252	0.03727	0.91021
1326 T	0.05268	0.03816	0.90916
1327 A	0.05247	0.03974	0.90779
1328 A	0.05243	0.04032	0.90726
