# lcl|CP097583.1_cds_USQ93570.1_1
# AA	inside	membr	outside
1 A	0.34177	0.00000	0.65823
2 T	0.34132	0.00045	0.65823
3 G	0.34107	0.00070	0.65823
4 A	0.34107	0.17446	0.48447
5 A	0.33468	0.34830	0.31702
6 A	0.33468	0.37222	0.2931
7 G	0.28551	0.42497	0.28952
8 A	0.28551	0.42511	0.28938
9 A	0.28403	0.42940	0.28657
10 A	0.28403	0.59146	0.12451
11 T	0.28390	0.59745	0.11864
12 T	0.27995	0.60252	0.11753
13 A	0.25199	0.63927	0.10874
14 A	0.25199	0.63928	0.10873
15 T	0.25199	0.70372	0.04429
16 C	0.24560	0.71010	0.04429
17 A	0.23361	0.72278	0.04361
18 A	0.23311	0.72442	0.04247
19 G	0.22067	0.73765	0.04168
20 A	0.16392	0.79928	0.0368
21 C	0.10319	0.85997	0.03684
22 G	0.10902	0.85446	0.03653
23 A	0.12186	0.84217	0.03597
24 C	0.16356	0.80094	0.0355
25 T	0.19870	0.76738	0.03391
26 T	0.21480	0.75144	0.03377
27 A	0.31770	0.64852	0.03378
28 A	0.43279	0.52930	0.0379
29 T	0.45660	0.50494	0.03846
30 C	0.45841	0.45865	0.08294
31 A	0.45368	0.46335	0.08297
32 C	0.44044	0.47588	0.08368
33 T	0.52177	0.40289	0.07534
34 A	0.47855	0.45956	0.06189
35 A	0.45533	0.48350	0.06116
36 A	0.44514	0.47654	0.07832
37 A	0.43310	0.48870	0.0782
38 T	0.47904	0.43966	0.0813
39 A	0.39305	0.52791	0.07904
40 A	0.35947	0.55184	0.08868
41 A	0.35286	0.55365	0.09349
42 A	0.35288	0.53990	0.10722
43 T	0.35572	0.48309	0.1612
44 T	0.33031	0.45169	0.21801
45 C	0.28987	0.48701	0.22312
46 G	0.26692	0.51046	0.22262
47 C	0.24435	0.53551	0.22014
48 T	0.23380	0.54995	0.21625
49 C	0.22060	0.56608	0.21331
50 A	0.20659	0.58965	0.20376
51 A	0.20103	0.60108	0.19789
52 T	0.19559	0.61188	0.19254
53 T	0.18010	0.62795	0.19195
54 A	0.16378	0.64658	0.18965
55 A	0.15447	0.62571	0.21981
56 G	0.15285	0.57909	0.26806
57 T	0.15052	0.58053	0.26895
58 A	0.11118	0.67215	0.21666
59 A	0.09409	0.72463	0.18127
60 A	0.07800	0.75407	0.16794
61 A	0.07100	0.75997	0.16902
62 A	0.07181	0.69626	0.23193
63 A	0.06541	0.66822	0.26637
64 G	0.06470	0.66309	0.27221
65 A	0.06404	0.69488	0.24108
66 A	0.06364	0.72735	0.209
67 G	0.06454	0.70729	0.22817
68 A	0.06590	0.67575	0.25835
69 A	0.06954	0.65045	0.28001
70 T	0.07695	0.62481	0.29825
71 T	0.08233	0.63936	0.2783
72 A	0.08495	0.71748	0.19758
73 A	0.09008	0.71826	0.19166
74 T	0.09009	0.72015	0.18977
75 A	0.08838	0.72800	0.18362
76 A	0.09110	0.73174	0.17717
77 T	0.10083	0.71630	0.18287
78 A	0.10479	0.71628	0.17892
79 A	0.11439	0.71553	0.17009
80 A	0.15848	0.67356	0.16796
81 A	0.23742	0.57655	0.18603
82 T	0.29007	0.50784	0.20208
83 T	0.31010	0.47828	0.21162
84 A	0.31561	0.48842	0.19598
85 G	0.32665	0.49216	0.18119
86 C	0.33607	0.47835	0.18557
87 A	0.34493	0.47200	0.18307
88 T	0.38105	0.43758	0.18137
89 T	0.41879	0.40625	0.17497
90 C	0.41743	0.41659	0.16599
91 C	0.39215	0.46151	0.14634
92 A	0.37122	0.51556	0.11322
93 A	0.35788	0.54094	0.10119
94 A	0.38119	0.52564	0.09316
95 T	0.48300	0.42476	0.09223
96 T	0.49408	0.41274	0.09318
97 G	0.49549	0.40465	0.09986
98 A	0.49596	0.40095	0.10309
99 C	0.49152	0.40524	0.10324
100 G	0.43496	0.49387	0.07118
101 A	0.25883	0.68573	0.05544
102 A	0.25695	0.69970	0.04335
103 A	0.26292	0.69682	0.04026
104 A	0.27054	0.68936	0.0401
105 C	0.26543	0.69207	0.0425
106 A	0.26212	0.69513	0.04275
107 A	0.26272	0.69349	0.04379
108 C	0.28178	0.67348	0.04474
109 A	0.28925	0.66702	0.04373
110 A	0.29840	0.65814	0.04346
111 A	0.31304	0.63848	0.04848
112 T	0.33779	0.60674	0.05547
113 T	0.35158	0.58376	0.06466
114 T	0.36760	0.53406	0.09835
115 T	0.37956	0.49887	0.12158
116 C	0.37872	0.47978	0.1415
117 T	0.37597	0.48402	0.14001
118 C	0.35342	0.51278	0.1338
119 A	0.33393	0.54750	0.11857
120 A	0.32831	0.55407	0.11762
121 A	0.32067	0.56241	0.11692
122 A	0.31547	0.55297	0.13157
123 A	0.34028	0.47192	0.18779
124 C	0.35585	0.25125	0.3929
125 T	0.35795	0.26405	0.378
126 A	0.32683	0.29884	0.37433
127 A	0.31458	0.30742	0.378
128 T	0.30589	0.30429	0.38982
129 T	0.29307	0.30473	0.40219
130 C	0.28420	0.29002	0.42578
131 C	0.26991	0.31431	0.41578
132 A	0.26241	0.41183	0.32575
133 T	0.25828	0.65926	0.08245
134 T	0.24860	0.68435	0.06704
135 A	0.19602	0.74522	0.05875
136 A	0.15872	0.79058	0.0507
137 A	0.14679	0.80251	0.05069
138 C	0.14220	0.79880	0.059
139 A	0.14029	0.79747	0.06224
140 A	0.14383	0.78948	0.06669
141 T	0.15179	0.76609	0.08211
142 C	0.15666	0.75163	0.09171
143 A	0.15487	0.75323	0.0919
144 A	0.15546	0.74594	0.0986
145 G	0.15632	0.74057	0.10312
146 A	0.15891	0.73861	0.10248
147 A	0.16357	0.73701	0.09942
148 A	0.18374	0.69956	0.1167
149 T	0.19078	0.64962	0.1596
150 A	0.18880	0.63800	0.1732
151 G	0.19029	0.62294	0.18677
152 C	0.19615	0.60425	0.1996
153 A	0.20279	0.60102	0.19619
154 G	0.22031	0.57672	0.20297
155 A	0.31702	0.48402	0.19896
156 T	0.54127	0.26076	0.19798
157 T	0.55688	0.25077	0.19235
158 A	0.56150	0.21856	0.21993
159 T	0.55811	0.20066	0.24122
160 A	0.54168	0.22185	0.23647
161 T	0.53374	0.24165	0.22461
162 T	0.48180	0.32974	0.18847
163 A	0.43888	0.43860	0.12252
164 A	0.40095	0.49166	0.10738
165 T	0.38633	0.51010	0.10357
166 A	0.29614	0.61248	0.09139
167 A	0.18185	0.74207	0.07608
168 A	0.11300	0.81592	0.07108
169 A	0.11018	0.82079	0.06902
170 A	0.11300	0.81765	0.06934
171 A	0.11364	0.81592	0.07044
172 A	0.11635	0.81177	0.07188
173 A	0.12417	0.79995	0.07587
174 T	0.12962	0.78890	0.08149
175 T	0.12516	0.79015	0.08469
176 C	0.11538	0.79818	0.08644
177 A	0.11394	0.80166	0.08439
178 A	0.11780	0.79998	0.08222
179 A	0.11896	0.79973	0.0813
180 T	0.13197	0.78606	0.08197
181 A	0.14757	0.76948	0.08295
182 T	0.16923	0.72716	0.10361
183 T	0.18571	0.69110	0.12319
184 A	0.19360	0.67028	0.13612
185 A	0.22282	0.59365	0.18353
186 T	0.28135	0.47908	0.23958
187 T	0.29025	0.41818	0.29157
188 A	0.28992	0.39629	0.31379
189 T	0.29963	0.30248	0.39789
190 T	0.30958	0.20558	0.48484
191 C	0.30870	0.15573	0.53557
192 T	0.30468	0.15862	0.53669
193 A	0.29079	0.17922	0.52999
194 T	0.28171	0.20045	0.51784
195 T	0.26092	0.24743	0.49165
196 A	0.20642	0.34594	0.44764
197 G	0.16141	0.40012	0.43847
198 A	0.14175	0.43619	0.42206
199 A	0.13710	0.46154	0.40136
200 A	0.13671	0.47763	0.38566
201 A	0.13724	0.48010	0.38266
202 G	0.13813	0.47741	0.38446
203 T	0.13850	0.50617	0.35532
204 T	0.13796	0.53964	0.3224
205 G	0.13653	0.56015	0.30332
206 A	0.13622	0.57571	0.28808
207 A	0.13470	0.58316	0.28214
208 A	0.13372	0.58985	0.27643
209 T	0.13295	0.59842	0.26863
210 T	0.12815	0.63473	0.23712
211 A	0.11613	0.69870	0.18517
212 A	0.09944	0.78476	0.1158
213 A	0.09421	0.83357	0.07222
214 A	0.09254	0.84720	0.06026
215 A	0.09517	0.84837	0.05647
216 A	0.10379	0.82402	0.07219
217 A	0.11880	0.79782	0.08338
218 A	0.15038	0.74225	0.10737
219 T	0.20067	0.63987	0.15947
220 C	0.21494	0.58778	0.19728
221 A	0.23604	0.56141	0.20255
222 A	0.26443	0.53629	0.19928
223 G	0.28506	0.51688	0.19806
224 C	0.29829	0.50607	0.19564
225 A	0.31109	0.49951	0.1894
226 T	0.35532	0.45910	0.18558
227 T	0.38850	0.43497	0.17653
228 A	0.39675	0.45900	0.14426
229 A	0.40252	0.47964	0.11784
230 A	0.40678	0.48889	0.10434
231 A	0.41809	0.47647	0.10543
232 A	0.43629	0.45717	0.10655
233 A	0.47909	0.40811	0.1128
234 A	0.53663	0.33816	0.12522
235 C	0.61466	0.24179	0.14355
236 T	0.65803	0.19463	0.14734
237 C	0.66277	0.18954	0.14768
238 C	0.61741	0.24136	0.14123
239 G	0.55659	0.30620	0.13722
240 T	0.52091	0.34270	0.13639
241 G	0.44529	0.41929	0.13542
242 A	0.41068	0.45666	0.13266
243 C	0.40278	0.46732	0.1299
244 C	0.40201	0.48082	0.11717
245 T	0.40148	0.48694	0.11158
246 A	0.38803	0.50244	0.10952
247 T	0.38709	0.50419	0.10873
248 A	0.38503	0.50739	0.10758
249 C	0.38624	0.50562	0.10814
250 C	0.39156	0.49796	0.11048
251 A	0.41285	0.47457	0.11258
252 A	0.43054	0.45367	0.1158
253 C	0.44273	0.43722	0.12005
254 C	0.44351	0.43657	0.11991
255 C	0.43782	0.44374	0.11845
256 A	0.43596	0.45077	0.11327
257 A	0.43440	0.45394	0.11165
258 A	0.43414	0.45497	0.11089
259 G	0.43545	0.45377	0.11079
260 A	0.43912	0.44494	0.11594
261 A	0.44851	0.37529	0.1762
262 G	0.45541	0.29470	0.24989
263 A	0.45952	0.24452	0.29596
264 A	0.46295	0.17512	0.36193
265 G	0.46761	0.16034	0.37205
266 C	0.47158	0.16569	0.36273
267 A	0.48284	0.24222	0.27494
268 A	0.48806	0.24103	0.27091
269 T	0.49065	0.22930	0.28005
270 T	0.49073	0.22892	0.28035
271 G	0.47651	0.24703	0.27646
272 C	0.47109	0.25274	0.27618
273 A	0.46302	0.27784	0.25914
274 G	0.45930	0.28155	0.25915
275 A	0.45810	0.28445	0.25746
276 A	0.45793	0.28396	0.25811
277 A	0.45702	0.28325	0.25972
278 C	0.45616	0.27477	0.26907
279 T	0.45774	0.27141	0.27085
280 C	0.45184	0.27585	0.2723
281 C	0.44477	0.28285	0.27238
282 G	0.43732	0.29113	0.27155
283 A	0.43070	0.29805	0.27126
284 C	0.42820	0.30041	0.2714
285 C	0.42465	0.30398	0.27138
286 A	0.42597	0.30286	0.27117
287 C	0.44841	0.28026	0.27134
288 C	0.47548	0.25325	0.27126
289 A	0.49810	0.23092	0.27097
290 T	0.58119	0.14776	0.27106
291 T	0.59548	0.13315	0.27136
292 T	0.59949	0.12892	0.27159
293 A	0.60338	0.12371	0.27291
294 C	0.60924	0.10140	0.28936
295 T	0.61387	0.09215	0.29398
296 T	0.62351	0.07652	0.29997
297 T	0.62446	0.07324	0.3023
298 G	0.62555	0.07117	0.30329
299 A	0.62582	0.07033	0.30385
300 A	0.62595	0.06732	0.30672
301 G	0.62617	0.06247	0.31136
302 A	0.62672	0.05771	0.31557
303 A	0.62739	0.04925	0.32336
304 G	0.62817	0.03910	0.33274
305 A	0.63009	0.02849	0.34142
306 G	0.63141	0.01771	0.35088
307 T	0.63284	0.01032	0.35684
308 G	0.63343	0.00387	0.3627
309 A	0.63406	0.00000	0.36594
