# lcl|CP097583.1_cds_USQ93392.1_1
# AA	inside	membr	outside
1 A	0.36984	0.00000	0.63016
2 T	0.36797	0.00188	0.63016
3 G	0.35982	0.01002	0.63016
4 G	0.35982	0.13639	0.50379
5 A	0.31076	0.36340	0.32584
6 A	0.31076	0.41118	0.27806
7 G	0.20130	0.53428	0.26442
8 A	0.20130	0.53480	0.26391
9 A	0.18854	0.55457	0.25689
10 A	0.18848	0.74055	0.07097
11 A	0.18344	0.75153	0.06503
12 A	0.15307	0.78336	0.06358
13 A	0.13222	0.80870	0.05908
14 A	0.13222	0.80870	0.05908
15 A	0.13222	0.83363	0.03415
16 T	0.13203	0.83382	0.03415
17 T	0.13118	0.83481	0.03401
18 G	0.13107	0.83546	0.03346
19 T	0.12791	0.83927	0.03282
20 C	0.09866	0.87540	0.02595
21 A	0.03898	0.93519	0.02583
22 A	0.03714	0.93874	0.02412
23 A	0.03944	0.93636	0.0242
24 A	0.04783	0.92775	0.02442
25 A	0.06552	0.90688	0.0276
26 A	0.07655	0.87912	0.04433
27 C	0.18996	0.72955	0.08049
28 G	0.32509	0.55703	0.11788
29 A	0.38098	0.50012	0.1189
30 A	0.42895	0.40426	0.16679
31 A	0.44086	0.40426	0.15488
32 T	0.45800	0.37932	0.16268
33 T	0.53901	0.29370	0.16729
34 T	0.48268	0.34862	0.16869
35 G	0.41114	0.40223	0.18664
36 G	0.35130	0.45693	0.19177
37 G	0.32349	0.49502	0.18149
38 A	0.32702	0.49803	0.17495
39 A	0.30373	0.52957	0.16669
40 A	0.30360	0.52840	0.168
41 A	0.30536	0.52286	0.17179
42 T	0.30884	0.51295	0.17821
43 A	0.31208	0.48377	0.20415
44 T	0.31044	0.43552	0.25404
45 T	0.30746	0.43532	0.25722
46 T	0.30535	0.43602	0.25863
47 T	0.29970	0.44100	0.25929
48 G	0.28881	0.45184	0.25935
49 A	0.28473	0.45771	0.25757
50 A	0.28393	0.45842	0.25765
51 A	0.28442	0.45538	0.26021
52 G	0.28765	0.44850	0.26385
53 A	0.29960	0.43339	0.26701
54 T	0.31927	0.39378	0.28694
55 T	0.32662	0.36325	0.31012
56 T	0.33353	0.30909	0.35739
57 A	0.33925	0.25855	0.4022
58 T	0.34793	0.18246	0.46961
59 C	0.35339	0.11943	0.52718
60 T	0.36260	0.09146	0.54594
61 T	0.36820	0.07526	0.55655
62 T	0.37477	0.06002	0.56521
63 T	0.37591	0.05917	0.56492
64 A	0.37617	0.06072	0.56311
65 T	0.37680	0.05897	0.56423
66 T	0.37658	0.06407	0.55935
67 T	0.37363	0.08310	0.54326
68 G	0.36453	0.14197	0.49349
69 T	0.35471	0.21589	0.4294
70 A	0.34503	0.35273	0.30224
71 G	0.33848	0.42244	0.23908
72 T	0.33482	0.48854	0.17664
73 G	0.32658	0.54729	0.12613
74 A	0.32195	0.58037	0.09769
75 A	0.31779	0.59623	0.08598
76 A	0.31835	0.60220	0.07944
77 A	0.31878	0.60457	0.07665
78 A	0.31938	0.60643	0.07418
79 G	0.32034	0.60770	0.07196
80 T	0.32266	0.60555	0.07179
81 T	0.32318	0.60554	0.07127
82 T	0.32199	0.60717	0.07084
83 T	0.32031	0.60912	0.07056
84 C	0.31369	0.61628	0.07003
85 G	0.30745	0.62570	0.06685
86 A	0.30363	0.63386	0.06251
87 A	0.30390	0.63492	0.06118
88 G	0.30883	0.62975	0.06142
89 A	0.32125	0.61707	0.06168
90 A	0.34901	0.58470	0.06629
91 A	0.41644	0.50604	0.07752
92 C	0.51154	0.39563	0.09283
93 T	0.66768	0.23084	0.10148
94 T	0.73958	0.15274	0.10769
95 T	0.78655	0.10150	0.11195
96 T	0.80649	0.07618	0.11733
97 T	0.80992	0.06981	0.12027
98 C	0.80367	0.07134	0.125
99 T	0.79592	0.07904	0.12504
100 A	0.78097	0.09577	0.12326
101 A	0.77004	0.10879	0.12117
102 T	0.76245	0.11872	0.11883
103 A	0.72835	0.15724	0.11441
104 T	0.70404	0.18131	0.11465
105 T	0.67042	0.21978	0.1098
106 A	0.62415	0.27836	0.09749
107 A	0.57497	0.33335	0.09168
108 A	0.55058	0.36217	0.08724
109 T	0.53753	0.38838	0.07408
110 T	0.51110	0.42895	0.05995
111 A	0.43512	0.51800	0.04687
112 T	0.36005	0.60143	0.03851
113 A	0.25428	0.71342	0.03231
114 T	0.21481	0.75538	0.02981
115 A	0.18323	0.78850	0.02827
116 A	0.17002	0.80225	0.02774
117 A	0.15714	0.81508	0.02777
118 A	0.15097	0.82007	0.02896
119 T	0.14799	0.81980	0.03221
120 A	0.14338	0.81956	0.03706
121 G	0.14129	0.81294	0.04576
122 A	0.14029	0.80482	0.0549
123 A	0.14090	0.78845	0.07064
124 G	0.14265	0.76996	0.08739
125 A	0.14599	0.75214	0.10187
126 T	0.15171	0.71157	0.13671
127 G	0.15410	0.68644	0.15946
128 A	0.16148	0.65284	0.18568
129 A	0.17543	0.59818	0.22639
130 A	0.18744	0.52866	0.28389
131 G	0.20130	0.46484	0.33386
132 T	0.22908	0.40535	0.36557
133 T	0.24715	0.34762	0.40523
134 T	0.25755	0.27275	0.46971
135 T	0.26158	0.19567	0.54275
136 T	0.26360	0.11647	0.61993
137 T	0.26413	0.08846	0.64741
138 T	0.26439	0.07463	0.66098
139 A	0.26440	0.07031	0.66529
140 T	0.26469	0.05965	0.67566
141 T	0.26447	0.05696	0.67858
142 T	0.26353	0.06438	0.6721
143 T	0.26151	0.08695	0.65153
144 A	0.25335	0.13084	0.61581
145 G	0.24779	0.17722	0.57499
146 T	0.24635	0.20310	0.55055
147 T	0.24308	0.25135	0.50557
148 G	0.23331	0.34573	0.42096
149 A	0.22596	0.48244	0.29159
150 T	0.21998	0.59752	0.1825
151 A	0.20824	0.66735	0.12441
152 A	0.20100	0.70102	0.09798
153 T	0.19978	0.71292	0.0873
154 G	0.19823	0.72275	0.07902
155 A	0.19842	0.73112	0.07045
156 A	0.20146	0.73165	0.06689
157 T	0.21115	0.72465	0.0642
158 T	0.21857	0.71957	0.06186
159 T	0.22271	0.71997	0.05733
160 A	0.22293	0.72837	0.0487
161 T	0.22264	0.73134	0.04603
162 T	0.21792	0.73824	0.04384
163 A	0.20135	0.75939	0.03926
164 A	0.19714	0.76491	0.03795
165 A	0.20230	0.75934	0.03837
166 A	0.22405	0.73574	0.04021
167 A	0.26420	0.68792	0.04787
168 T	0.31493	0.63125	0.05381
169 A	0.33739	0.60779	0.05482
170 A	0.38142	0.56074	0.05784
171 A	0.45873	0.47499	0.06629
172 A	0.58871	0.33688	0.07441
173 T	0.70078	0.21788	0.08133
174 T	0.74341	0.16473	0.09186
175 T	0.74662	0.15576	0.09762
176 T	0.71764	0.18431	0.09806
177 A	0.63939	0.26454	0.09607
178 C	0.49451	0.41065	0.09484
179 A	0.41841	0.48962	0.09197
180 T	0.38580	0.52625	0.08795
181 A	0.33903	0.58209	0.07888
182 A	0.32014	0.60425	0.07561
183 T	0.30115	0.62488	0.07398
184 T	0.25893	0.66282	0.07825
185 A	0.20718	0.70929	0.08352
186 T	0.19179	0.71009	0.09811
187 T	0.17697	0.72122	0.10181
188 T	0.16166	0.73487	0.10347
189 A	0.14149	0.75708	0.10144
190 A	0.13331	0.76845	0.09824
191 A	0.12967	0.77174	0.09858
192 T	0.12123	0.77793	0.10083
193 A	0.10956	0.79725	0.0932
194 A	0.10354	0.80921	0.08725
195 A	0.10087	0.81424	0.0849
196 A	0.09953	0.80265	0.09781
197 T	0.09941	0.77187	0.12872
198 A	0.09858	0.74468	0.15674
199 G	0.10035	0.70453	0.19512
200 A	0.10456	0.64253	0.25291
201 T	0.10839	0.49315	0.39846
202 A	0.11094	0.42408	0.46498
203 A	0.11519	0.38210	0.50271
204 T	0.12426	0.33304	0.5427
205 A	0.12801	0.30539	0.5666
206 T	0.13165	0.26104	0.60731
207 T	0.13272	0.20355	0.66372
208 G	0.13043	0.16815	0.70142
209 C	0.12814	0.18249	0.68937
210 T	0.12225	0.40534	0.47241
211 A	0.11104	0.58687	0.30208
212 A	0.10183	0.72047	0.1777
213 A	0.10291	0.79121	0.10589
214 A	0.10486	0.83486	0.06028
215 A	0.10819	0.84873	0.04308
216 A	0.11812	0.83993	0.04195
217 T	0.12627	0.82643	0.04731
218 A	0.13064	0.82100	0.04836
219 T	0.13394	0.81581	0.05025
220 T	0.13474	0.81465	0.0506
221 C	0.13417	0.81528	0.05056
222 T	0.13292	0.81904	0.04804
223 C	0.13018	0.82386	0.04597
224 A	0.12337	0.84035	0.03628
225 A	0.11784	0.85518	0.02699
226 G	0.11626	0.86007	0.02367
227 A	0.11565	0.86256	0.02179
228 A	0.11610	0.86290	0.021
229 A	0.12112	0.85786	0.02103
230 A	0.13479	0.84299	0.02222
231 A	0.17163	0.80189	0.02647
232 A	0.22818	0.74099	0.03083
233 T	0.48203	0.47841	0.03956
234 A	0.63402	0.31538	0.0506
235 T	0.75556	0.18194	0.0625
236 C	0.80268	0.13081	0.06651
237 T	0.83795	0.09460	0.06744
238 T	0.85270	0.08005	0.06725
239 T	0.85484	0.07875	0.06641
240 T	0.84732	0.08803	0.06465
241 C	0.83816	0.09813	0.06371
242 G	0.83487	0.10377	0.06136
243 A	0.83450	0.10796	0.05754
244 T	0.83806	0.10455	0.05739
245 T	0.84107	0.10116	0.05777
246 T	0.84197	0.09926	0.05877
247 A	0.84499	0.08992	0.06509
248 T	0.84429	0.08472	0.07099
249 T	0.83526	0.09161	0.07314
250 T	0.81566	0.10995	0.07439
251 C	0.75878	0.16661	0.07461
252 T	0.69639	0.23359	0.07002
253 G	0.42729	0.50941	0.06329
254 A	0.29339	0.65506	0.05155
255 A	0.21593	0.73842	0.04565
256 A	0.16742	0.79665	0.03593
257 A	0.13086	0.83949	0.02965
258 A	0.09995	0.87434	0.0257
259 G	0.08529	0.89150	0.02321
260 A	0.08110	0.89949	0.01941
261 A	0.08063	0.89876	0.02061
262 A	0.08254	0.89084	0.02662
263 T	0.08717	0.87674	0.0361
264 T	0.08787	0.86699	0.04514
265 C	0.08658	0.86469	0.04874
266 T	0.08469	0.86737	0.04793
267 A	0.07453	0.88152	0.04395
268 A	0.06471	0.89376	0.04153
269 A	0.05320	0.90535	0.04145
270 A	0.04212	0.91407	0.0438
271 G	0.03259	0.89310	0.07431
272 A	0.02492	0.87652	0.09856
273 A	0.02251	0.83399	0.1435
274 G	0.02109	0.77783	0.20108
275 A	0.02250	0.74518	0.23233
276 A	0.02629	0.56649	0.40723
277 A	0.03528	0.48362	0.4811
278 A	0.03952	0.43657	0.52392
279 A	0.04813	0.41439	0.53747
280 A	0.05327	0.41257	0.53416
281 A	0.05549	0.41355	0.53096
282 A	0.05679	0.43581	0.5074
283 A	0.05657	0.48474	0.45868
284 T	0.05490	0.53751	0.40759
285 A	0.04304	0.75163	0.20533
286 A	0.03488	0.84162	0.1235
287 A	0.02947	0.87673	0.09379
288 A	0.02219	0.90611	0.0717
289 A	0.01606	0.92446	0.05949
290 A	0.01684	0.92642	0.05674
291 A	0.01774	0.92069	0.06157
292 A	0.01901	0.91172	0.06927
293 A	0.02006	0.90646	0.07348
294 A	0.02195	0.90298	0.07507
295 G	0.02994	0.89932	0.07074
296 A	0.03985	0.89781	0.06235
297 A	0.05394	0.89318	0.05287
298 A	0.08006	0.87714	0.0428
299 T	0.12457	0.83686	0.03856
300 T	0.15114	0.81371	0.03514
301 A	0.15372	0.81957	0.02671
302 A	0.16346	0.81300	0.02353
303 A	0.18811	0.78895	0.02295
304 A	0.21731	0.75929	0.02339
305 A	0.26293	0.71162	0.02545
306 A	0.33232	0.63717	0.03051
307 A	0.40980	0.55606	0.03414
308 T	0.62209	0.33141	0.04651
309 T	0.69779	0.24883	0.05338
310 A	0.71692	0.22543	0.05765
311 A	0.72962	0.20641	0.06397
312 T	0.74076	0.18878	0.07046
313 T	0.73950	0.18870	0.07181
314 C	0.72271	0.20445	0.07284
315 A	0.71758	0.21162	0.0708
316 A	0.72038	0.20958	0.07003
317 G	0.72728	0.20306	0.06967
318 T	0.74300	0.18836	0.06865
319 G	0.74671	0.18718	0.06611
320 A	0.75601	0.18385	0.06014
321 T	0.77175	0.16948	0.05877
322 T	0.77846	0.16944	0.05209
323 A	0.77990	0.17077	0.04933
324 T	0.78593	0.15677	0.0573
325 T	0.78575	0.15025	0.064
326 A	0.77884	0.15650	0.06465
327 T	0.75467	0.17802	0.06731
328 C	0.65301	0.28153	0.06545
329 A	0.61731	0.32406	0.05863
330 A	0.58777	0.35968	0.05255
331 G	0.57761	0.37483	0.04756
332 G	0.57429	0.38205	0.04366
333 A	0.57353	0.38730	0.03917
334 A	0.57490	0.38201	0.04309
335 A	0.57697	0.37416	0.04887
336 T	0.58027	0.35898	0.06075
337 T	0.58104	0.34387	0.07509
338 T	0.58128	0.33995	0.07877
339 A	0.57954	0.34808	0.07238
340 G	0.57877	0.34990	0.07133
341 A	0.57944	0.34998	0.07058
342 A	0.58253	0.34058	0.07689
343 T	0.59130	0.32665	0.08206
344 C	0.59467	0.32220	0.08312
345 T	0.60224	0.31543	0.08233
346 A	0.60552	0.31268	0.0818
347 A	0.60666	0.31047	0.08287
348 A	0.60941	0.30491	0.08567
349 T	0.61562	0.29119	0.09319
350 A	0.61831	0.25720	0.12449
351 T	0.62484	0.14790	0.22726
352 A	0.63073	0.10778	0.26148
353 C	0.63759	0.07268	0.28974
354 T	0.64347	0.06136	0.29517
355 T	0.64809	0.05585	0.29606
356 T	0.65159	0.05491	0.29349
357 T	0.65287	0.05763	0.28949
358 G	0.65192	0.06295	0.28512
359 A	0.65234	0.06694	0.28072
360 T	0.65312	0.07694	0.26993
361 A	0.65152	0.09126	0.25721
362 A	0.65912	0.08882	0.25206
363 T	0.66357	0.08683	0.24959
364 T	0.66367	0.09998	0.23635
365 T	0.66032	0.14361	0.19607
366 T	0.65683	0.14903	0.19415
367 G	0.65293	0.15279	0.19429
368 T	0.65178	0.15389	0.19433
369 T	0.64796	0.15755	0.19449
370 C	0.64290	0.16287	0.19423
371 C	0.63956	0.16656	0.19388
372 T	0.63713	0.16991	0.19296
373 G	0.63410	0.17305	0.19284
374 G	0.63224	0.17498	0.19277
375 A	0.63042	0.17689	0.19269
376 A	0.62945	0.17788	0.19267
377 C	0.63045	0.17643	0.19311
378 G	0.63222	0.17458	0.1932
379 A	0.63653	0.17019	0.19328
380 G	0.64237	0.16360	0.19403
381 T	0.64894	0.15641	0.19465
382 A	0.65295	0.15269	0.19436
383 A	0.66381	0.13930	0.19689
384 T	0.67819	0.11969	0.20212
385 A	0.68577	0.11058	0.20365
386 G	0.69067	0.10365	0.20568
387 G	0.70587	0.08622	0.20791
388 T	0.74121	0.04620	0.2126
389 T	0.74081	0.04365	0.21555
390 T	0.73476	0.04853	0.21671
391 G	0.72314	0.06009	0.21678
392 C	0.71979	0.06044	0.21977
393 T	0.71682	0.06648	0.21671
394 T	0.71152	0.07720	0.21128
395 T	0.70561	0.08720	0.20719
396 T	0.69332	0.10692	0.19976
397 G	0.67728	0.14500	0.17771
398 A	0.66551	0.16860	0.16588
399 G	0.64309	0.19466	0.16225
400 A	0.63814	0.20072	0.16113
401 T	0.63686	0.20143	0.16171
402 G	0.63307	0.20491	0.16201
403 G	0.63027	0.20803	0.1617
404 C	0.62855	0.21048	0.16097
405 C	0.62357	0.21987	0.15656
406 A	0.61728	0.23916	0.14356
407 A	0.61039	0.25629	0.13332
408 G	0.60210	0.27237	0.12553
409 A	0.60077	0.27928	0.11995
410 A	0.60089	0.28308	0.11603
411 A	0.60151	0.28344	0.11505
412 A	0.60407	0.27742	0.11852
413 T	0.60961	0.26243	0.12795
414 T	0.61262	0.24404	0.14334
415 G	0.61225	0.23833	0.14941
416 C	0.61585	0.23108	0.15307
417 T	0.62082	0.24190	0.13729
418 A	0.61665	0.25036	0.133
419 A	0.61966	0.24492	0.13543
420 T	0.64032	0.21623	0.14345
421 T	0.64684	0.21047	0.14268
422 C	0.64266	0.20229	0.15505
423 A	0.63690	0.23295	0.13015
424 G	0.63100	0.25307	0.11593
425 A	0.61754	0.29301	0.08945
426 A	0.57298	0.34726	0.07976
427 A	0.53844	0.39043	0.07113
428 A	0.52136	0.40819	0.07045
429 A	0.50219	0.42792	0.06989
430 A	0.49668	0.42889	0.07443
431 T	0.49530	0.42413	0.08058
432 A	0.47612	0.44428	0.07959
433 G	0.46919	0.45154	0.07926
434 A	0.46158	0.46046	0.07797
435 A	0.45610	0.46619	0.07771
436 A	0.45397	0.46869	0.07734
437 T	0.45602	0.46447	0.07951
438 A	0.45586	0.46181	0.08233
439 A	0.45942	0.45497	0.08561
440 A	0.47466	0.43535	0.08999
441 C	0.48425	0.41457	0.10118
442 C	0.49190	0.40237	0.10574
443 C	0.50733	0.38563	0.10705
444 T	0.52811	0.36421	0.10767
445 T	0.54552	0.34599	0.10849
446 T	0.56610	0.32464	0.10926
447 A	0.57588	0.31261	0.1115
448 T	0.59440	0.28178	0.12381
449 A	0.59995	0.22825	0.17179
450 T	0.60914	0.17736	0.2135
451 A	0.61584	0.14427	0.23989
452 T	0.62583	0.09407	0.2801
453 T	0.62985	0.07406	0.2961
454 T	0.63204	0.06376	0.3042
455 T	0.63227	0.04889	0.31883
456 T	0.62981	0.04647	0.32372
457 G	0.62777	0.03831	0.33392
458 G	0.62657	0.03639	0.33705
459 T	0.62712	0.03557	0.33732
460 T	0.62660	0.03733	0.33606
461 C	0.62591	0.03701	0.33708
462 T	0.62507	0.03810	0.33683
463 G	0.62337	0.04096	0.33568
464 T	0.62062	0.04500	0.33438
465 C	0.61611	0.05063	0.33326
466 G	0.61454	0.05461	0.33084
467 G	0.61357	0.05905	0.32738
468 T	0.61312	0.06640	0.32049
469 T	0.61133	0.08454	0.30412
470 T	0.60633	0.11834	0.27533
471 A	0.59567	0.19872	0.20561
472 G	0.59120	0.24229	0.16651
473 G	0.58703	0.27011	0.14287
474 A	0.58085	0.30956	0.10959
475 A	0.57763	0.31525	0.10712
476 A	0.57654	0.31828	0.10519
477 A	0.57557	0.31888	0.10555
478 A	0.57589	0.31807	0.10604
479 C	0.57852	0.31289	0.10858
480 A	0.57835	0.31510	0.10655
481 C	0.57442	0.32015	0.10543
482 A	0.57456	0.32592	0.09952
483 T	0.57713	0.32848	0.09439
484 T	0.57404	0.34090	0.08506
485 T	0.56974	0.35416	0.0761
486 A	0.55841	0.36679	0.07481
487 A	0.55377	0.36939	0.07684
488 T	0.54990	0.36875	0.08134
489 G	0.54277	0.37437	0.08287
490 C	0.53717	0.37825	0.08457
491 A	0.53802	0.37683	0.08515
492 A	0.55279	0.36065	0.08657
493 G	0.58545	0.32391	0.09064
494 C	0.66454	0.23613	0.09933
495 T	0.70190	0.19757	0.10053
496 A	0.71543	0.18099	0.10358
497 T	0.73201	0.15957	0.10842
498 C	0.72916	0.15901	0.11183
499 G	0.72489	0.16293	0.11218
500 G	0.71999	0.16809	0.11191
501 A	0.72183	0.16538	0.11279
502 A	0.72596	0.16118	0.11286
503 A	0.73378	0.15134	0.11488
504 T	0.74079	0.12579	0.13342
505 C	0.74507	0.11552	0.13942
506 A	0.74919	0.10960	0.14121
507 C	0.75585	0.09935	0.14481
508 A	0.76193	0.09233	0.14574
509 T	0.76003	0.08636	0.15361
510 T	0.75193	0.09306	0.15502
511 T	0.71948	0.12888	0.15164
512 T	0.60816	0.25937	0.13247
513 A	0.39623	0.52686	0.07691
514 G	0.21128	0.72914	0.05958
515 A	0.14812	0.80941	0.04247
516 A	0.11621	0.85844	0.02535
517 A	0.09627	0.88676	0.01697
518 A	0.08219	0.90726	0.01056
519 A	0.07478	0.91434	0.01088
520 A	0.07104	0.91687	0.01208
521 A	0.07071	0.91359	0.01569
522 A	0.07178	0.90764	0.02058
523 C	0.07390	0.90012	0.02598
524 C	0.07486	0.89824	0.0269
525 T	0.07562	0.89748	0.02689
526 A	0.07516	0.89832	0.02652
527 A	0.07477	0.89898	0.02625
528 T	0.07486	0.89890	0.02624
529 A	0.07467	0.89881	0.02652
530 A	0.07475	0.89448	0.03077
531 A	0.07632	0.88554	0.03813
532 A	0.07878	0.86153	0.05968
533 A	0.08312	0.82714	0.08975
534 A	0.09631	0.75738	0.14631
535 G	0.13235	0.58720	0.28045
536 T	0.21198	0.32252	0.4655
537 T	0.23364	0.14120	0.62517
538 T	0.24384	0.10248	0.65368
539 T	0.24724	0.10269	0.65007
540 A	0.24492	0.12408	0.631
541 T	0.24571	0.12190	0.63238
542 A	0.23924	0.13971	0.62105
543 T	0.23623	0.16695	0.59682
544 A	0.22822	0.26847	0.50331
545 T	0.22150	0.40442	0.37407
546 T	0.20455	0.60569	0.18976
547 A	0.13943	0.71849	0.14208
548 A	0.09534	0.78344	0.12122
549 A	0.08437	0.80796	0.10768
550 G	0.07992	0.82038	0.0997
551 C	0.07863	0.82544	0.09593
552 A	0.07752	0.83157	0.09091
553 G	0.07829	0.83268	0.08903
554 A	0.08016	0.83244	0.0874
555 T	0.08289	0.83156	0.08555
556 G	0.08359	0.83381	0.0826
557 A	0.08709	0.83143	0.08148
558 A	0.09741	0.82186	0.08073
559 T	0.11203	0.80776	0.0802
560 T	0.12151	0.79883	0.07966
561 T	0.13130	0.78890	0.0798
562 A	0.14118	0.77823	0.08059
563 T	0.15860	0.75749	0.08391
564 A	0.16166	0.75266	0.08568
565 G	0.17822	0.72916	0.09262
566 A	0.21500	0.68758	0.09742
567 A	0.30681	0.58360	0.10959
568 G	0.43037	0.44806	0.12158
569 A	0.60809	0.25547	0.13644
570 T	0.66945	0.13792	0.19263
571 T	0.69054	0.08011	0.22935
572 T	0.69903	0.06364	0.23734
573 T	0.67864	0.08330	0.23807
574 A	0.62340	0.14376	0.23284
575 C	0.57032	0.20173	0.22796
576 T	0.53291	0.26052	0.20657
577 A	0.46942	0.34045	0.19013
578 A	0.37610	0.45035	0.17354
579 T	0.33261	0.52311	0.14428
580 A	0.23043	0.65907	0.11049
581 A	0.17297	0.72865	0.09838
582 A	0.16089	0.75220	0.08692
583 T	0.15385	0.76890	0.07724
584 T	0.13849	0.81662	0.04488
585 A	0.11587	0.85397	0.03016
586 A	0.09846	0.87586	0.02568
587 G	0.08286	0.89174	0.0254
588 A	0.06851	0.90732	0.02418
589 A	0.05942	0.91809	0.0225
590 A	0.05801	0.91942	0.02257
591 A	0.05745	0.91985	0.02269
592 G	0.05794	0.91828	0.02378
593 A	0.05866	0.91647	0.02487
594 A	0.05905	0.91261	0.02834
595 A	0.05994	0.90331	0.03676
596 A	0.06300	0.87153	0.06547
597 A	0.07005	0.80937	0.12057
598 A	0.08126	0.73968	0.17905
599 T	0.10794	0.66137	0.23069
600 A	0.12181	0.58468	0.29351
601 G	0.13694	0.46941	0.39365
602 A	0.16301	0.41240	0.42459
603 T	0.19480	0.30670	0.4985
604 G	0.20319	0.29569	0.50112
605 A	0.21411	0.31033	0.47556
606 A	0.22569	0.34791	0.4264
607 T	0.25738	0.33020	0.41243
608 T	0.26620	0.32416	0.40963
609 T	0.26148	0.35142	0.3871
610 A	0.24168	0.45341	0.3049
611 A	0.23168	0.48879	0.27953
612 T	0.22759	0.54720	0.22521
613 A	0.20955	0.61352	0.17693
614 A	0.20174	0.63163	0.16663
615 T	0.19912	0.64024	0.16063
616 A	0.19616	0.64848	0.15537
617 A	0.19438	0.64972	0.1559
618 G	0.19334	0.64967	0.15698
619 T	0.19356	0.64864	0.15781
620 A	0.19248	0.64916	0.15836
621 C	0.19328	0.64759	0.15913
622 A	0.19453	0.64656	0.15891
623 G	0.19860	0.64237	0.15903
624 G	0.20545	0.63579	0.15876
625 A	0.21860	0.62360	0.1578
626 G	0.23741	0.60477	0.15782
627 T	0.28960	0.54925	0.16114
628 A	0.32998	0.50700	0.16302
629 T	0.40292	0.43000	0.16708
630 T	0.44359	0.38533	0.17107
631 G	0.46302	0.36130	0.17568
632 A	0.49464	0.32294	0.18241
633 T	0.58573	0.21120	0.20308
634 G	0.61285	0.17358	0.21357
635 T	0.67299	0.10728	0.21973
636 T	0.71540	0.05314	0.23145
637 T	0.72280	0.04236	0.23484
638 T	0.72260	0.04445	0.23295
639 T	0.70522	0.06736	0.22742
640 T	0.68711	0.08866	0.22424
641 T	0.65698	0.12609	0.21693
642 A	0.62399	0.16640	0.2096
643 G	0.61478	0.17830	0.20692
644 T	0.61042	0.18636	0.20321
645 A	0.60149	0.20145	0.19706
646 G	0.59840	0.20939	0.19221
647 A	0.59770	0.22536	0.17695
648 T	0.59759	0.23760	0.16482
649 G	0.59720	0.25017	0.15263
650 A	0.59786	0.26883	0.13331
651 T	0.59921	0.27003	0.13076
652 A	0.59938	0.27315	0.12747
653 T	0.60037	0.27310	0.12654
654 T	0.60005	0.27457	0.12537
655 C	0.59856	0.27861	0.12283
656 A	0.59670	0.28819	0.11511
657 A	0.59098	0.30018	0.10883
658 A	0.59097	0.30579	0.10325
659 T	0.59560	0.30237	0.10204
660 A	0.59792	0.30222	0.09987
661 A	0.60387	0.28881	0.10732
662 T	0.61374	0.24829	0.13797
663 G	0.61224	0.22334	0.16441
664 T	0.61658	0.19215	0.19127
665 C	0.59752	0.19397	0.20851
666 G	0.57995	0.25453	0.16552
667 G	0.56440	0.28849	0.14711
668 A	0.54575	0.34549	0.10876
669 A	0.53475	0.37464	0.09061
670 G	0.53984	0.37016	0.08999
671 C	0.54834	0.36230	0.08937
672 A	0.55598	0.35883	0.08519
673 A	0.56941	0.34746	0.08313
674 C	0.57046	0.34722	0.08232
675 T	0.57136	0.34925	0.0794
676 A	0.56026	0.36221	0.07753
677 G	0.55109	0.37307	0.07584
678 A	0.54358	0.38053	0.0759
679 A	0.54130	0.38184	0.07685
680 C	0.54322	0.37219	0.0846
681 T	0.54390	0.37067	0.08543
682 C	0.53883	0.37561	0.08556
683 A	0.53536	0.38035	0.08429
684 A	0.53291	0.38351	0.08357
685 A	0.53122	0.38569	0.0831
686 T	0.53567	0.37452	0.08982
687 G	0.53737	0.36911	0.09351
688 G	0.54651	0.33289	0.1206
689 A	0.58605	0.27561	0.13834
690 A	0.60720	0.23598	0.15682
691 T	0.64776	0.17227	0.17997
692 T	0.66818	0.13698	0.19485
693 T	0.67113	0.12459	0.20428
694 T	0.67334	0.12005	0.20661
695 T	0.67253	0.11855	0.20892
696 T	0.66927	0.12009	0.21063
697 A	0.66353	0.12607	0.21039
698 A	0.66237	0.12568	0.21194
699 A	0.66256	0.11515	0.22229
700 A	0.66461	0.10199	0.23341
701 T	0.66677	0.08721	0.24602
702 T	0.66730	0.07885	0.25384
703 T	0.66492	0.07879	0.25629
704 T	0.66232	0.08019	0.25749
705 T	0.65811	0.08431	0.25758
706 G	0.64558	0.10176	0.25266
707 A	0.63812	0.12269	0.23919
708 T	0.63154	0.12916	0.2393
709 T	0.61153	0.15240	0.23607
710 A	0.58412	0.18485	0.23103
711 T	0.55982	0.21290	0.22728
712 C	0.53102	0.24423	0.22475
713 T	0.51638	0.27541	0.20821
714 T	0.48849	0.32625	0.18526
715 A	0.47405	0.35675	0.16921
716 A	0.46586	0.37470	0.15945
717 T	0.45687	0.39162	0.15151
718 T	0.44007	0.41026	0.14967
719 T	0.40962	0.44152	0.14886
720 G	0.37216	0.48270	0.14513
721 A	0.35785	0.50400	0.13815
722 A	0.34581	0.52318	0.131
723 T	0.33442	0.54208	0.12349
724 A	0.31132	0.58399	0.1047
725 A	0.29862	0.60232	0.09906
726 A	0.27985	0.62444	0.09571
727 A	0.25389	0.65511	0.091
728 A	0.25140	0.65767	0.09094
729 A	0.25432	0.64632	0.09936
730 A	0.26427	0.63080	0.10494
731 A	0.26299	0.62524	0.11177
732 A	0.26222	0.60754	0.13024
733 A	0.26208	0.59158	0.14633
734 T	0.26833	0.56542	0.16625
735 A	0.26558	0.55692	0.17749
736 G	0.27768	0.53723	0.18509
737 T	0.29845	0.49453	0.20702
738 G	0.30821	0.48725	0.20453
739 A	0.31481	0.47227	0.21293
740 T	0.32344	0.44822	0.22833
741 T	0.32319	0.43247	0.24434
742 A	0.30689	0.42100	0.27211
743 C	0.30232	0.40216	0.29552
744 A	0.30021	0.41329	0.28651
745 A	0.30241	0.41211	0.28548
746 G	0.30653	0.39889	0.29458
747 T	0.32208	0.37213	0.30579
748 G	0.31474	0.37577	0.30949
749 A	0.30307	0.37974	0.31719
750 C	0.29757	0.36955	0.33288
751 A	0.28197	0.45838	0.25965
752 A	0.27622	0.46866	0.25512
753 A	0.26878	0.47588	0.25534
754 A	0.26917	0.47129	0.25954
755 G	0.27476	0.45711	0.26812
756 C	0.29142	0.42438	0.2842
757 G	0.30376	0.41091	0.28533
758 T	0.32588	0.38471	0.28941
759 T	0.33362	0.37879	0.28759
760 T	0.33905	0.38561	0.27534
761 T	0.33836	0.40107	0.26058
762 A	0.32408	0.45056	0.22536
763 G	0.31887	0.48029	0.20084
764 A	0.31381	0.53178	0.15441
765 A	0.31511	0.53762	0.14727
766 T	0.32009	0.52954	0.15037
767 T	0.32583	0.53239	0.14178
768 A	0.30874	0.56959	0.12167
769 A	0.30452	0.58533	0.11015
770 A	0.30938	0.58425	0.10636
771 A	0.31614	0.57246	0.11139
772 A	0.32687	0.55000	0.12313
773 A	0.34399	0.52157	0.13445
774 T	0.41831	0.42943	0.15226
775 A	0.42641	0.41761	0.15598
776 T	0.43218	0.40322	0.1646
777 T	0.43232	0.40111	0.16657
778 A	0.42455	0.40925	0.16621
779 T	0.41036	0.42244	0.1672
780 G	0.35595	0.47680	0.16725
781 G	0.32292	0.51057	0.16651
782 A	0.28824	0.54716	0.16459
783 A	0.28926	0.54942	0.16132
784 A	0.29976	0.53735	0.1629
785 G	0.33529	0.49269	0.17203
786 A	0.36010	0.47057	0.16933
787 T	0.41597	0.40761	0.17641
788 T	0.43655	0.38540	0.17804
789 A	0.40258	0.41800	0.17942
790 A	0.39505	0.41894	0.18601
791 C	0.38698	0.40539	0.20764
792 T	0.38371	0.40318	0.21311
793 A	0.34824	0.43671	0.21504
794 A	0.31139	0.47210	0.21651
795 T	0.30767	0.47471	0.21761
796 C	0.29556	0.48621	0.21823
797 G	0.28103	0.50090	0.21806
798 A	0.27720	0.50645	0.21635
799 T	0.27160	0.51424	0.21416
800 T	0.26367	0.52196	0.21437
801 T	0.25299	0.53171	0.21531
802 A	0.24037	0.52771	0.23191
803 A	0.23416	0.48623	0.2796
804 A	0.23113	0.45173	0.31715
805 G	0.23151	0.40942	0.35907
806 C	0.23596	0.38658	0.37746
807 A	0.24012	0.37914	0.38074
808 G	0.24502	0.37125	0.38373
809 G	0.25325	0.36257	0.38418
810 A	0.25558	0.36700	0.37741
811 T	0.25942	0.36397	0.37661
812 T	0.26118	0.32626	0.41255
813 A	0.26168	0.31882	0.41951
814 G	0.26223	0.30366	0.4341
815 T	0.26272	0.30394	0.43334
816 A	0.26167	0.29518	0.44315
817 G	0.26127	0.27282	0.46591
818 T	0.26218	0.27435	0.46348
819 A	0.26078	0.29160	0.44762
820 G	0.26083	0.29879	0.44038
821 A	0.26043	0.32558	0.41399
822 T	0.26464	0.33378	0.40158
823 A	0.26480	0.40032	0.33489
824 T	0.26654	0.42444	0.30902
825 T	0.26451	0.47275	0.26274
826 A	0.25968	0.61062	0.1297
827 A	0.25264	0.67594	0.07141
828 A	0.25042	0.68801	0.06157
829 A	0.25000	0.68832	0.06167
830 A	0.25147	0.68593	0.06259
831 A	0.25502	0.68192	0.06306
832 C	0.26251	0.67380	0.06369
833 C	0.27058	0.66623	0.06319
834 A	0.27465	0.66313	0.06223
835 G	0.28993	0.64805	0.06203
836 A	0.30833	0.62970	0.06196
837 T	0.33412	0.60384	0.06204
838 C	0.35081	0.58666	0.06253
839 T	0.37238	0.56376	0.06387
840 T	0.38710	0.54778	0.06513
841 A	0.39196	0.54266	0.06538
842 A	0.40727	0.52590	0.06683
843 A	0.42774	0.50402	0.06824
844 C	0.46225	0.46268	0.07508
845 A	0.49360	0.42975	0.07665
846 T	0.59123	0.32808	0.08069
847 C	0.62574	0.29055	0.08371
848 G	0.66217	0.25310	0.08473
849 T	0.76980	0.14447	0.08573
850 C	0.79957	0.10930	0.09113
851 T	0.79745	0.11291	0.08965
852 T	0.76058	0.15204	0.08739
853 G	0.71817	0.19771	0.08413
854 A	0.70177	0.21628	0.08195
855 T	0.69345	0.22504	0.08152
856 A	0.68631	0.23089	0.08279
857 T	0.68240	0.23224	0.08536
858 T	0.66200	0.25468	0.08332
859 T	0.64570	0.27275	0.08155
860 T	0.61129	0.31026	0.07845
861 A	0.51616	0.41075	0.0731
862 A	0.45768	0.47341	0.0689
863 A	0.39850	0.53503	0.06647
864 A	0.36799	0.56507	0.06694
865 A	0.34381	0.58930	0.06688
866 A	0.30389	0.62790	0.06821
867 A	0.28403	0.64654	0.06944
868 A	0.26421	0.66472	0.07107
869 A	0.24636	0.68123	0.07241
870 A	0.24371	0.67674	0.07955
871 A	0.24469	0.66713	0.08817
872 T	0.24770	0.64965	0.10266
873 A	0.24977	0.62908	0.12115
874 T	0.25410	0.60550	0.1404
875 T	0.25665	0.56795	0.1754
876 T	0.25882	0.52530	0.21588
877 T	0.25784	0.51357	0.22858
878 C	0.25651	0.50763	0.23585
879 G	0.25537	0.50589	0.23874
880 A	0.25539	0.50062	0.24398
881 T	0.25922	0.46003	0.28075
882 T	0.26084	0.44273	0.29642
883 C	0.26059	0.41923	0.32018
884 A	0.26270	0.36076	0.37655
885 A	0.26569	0.30667	0.42764
886 G	0.26814	0.23748	0.49438
887 G	0.27018	0.21244	0.51738
888 T	0.27230	0.19913	0.52858
889 G	0.26952	0.17678	0.5537
890 A	0.26664	0.18439	0.54897
891 A	0.26317	0.18591	0.55092
892 G	0.25788	0.18843	0.55369
893 G	0.25189	0.23786	0.51025
894 T	0.24858	0.31834	0.43308
895 G	0.23605	0.49968	0.26427
896 A	0.22481	0.56591	0.20928
897 A	0.21140	0.63047	0.15814
898 A	0.20474	0.67798	0.11728
899 A	0.20319	0.68987	0.10694
900 C	0.20474	0.68625	0.109
901 A	0.20760	0.68374	0.10865
902 T	0.21167	0.67874	0.10959
903 T	0.21315	0.68051	0.10633
904 C	0.20899	0.69239	0.09862
905 A	0.20577	0.71241	0.08182
906 A	0.20487	0.72008	0.07504
907 T	0.20813	0.71836	0.07352
908 T	0.20522	0.72382	0.07095
909 A	0.19439	0.73928	0.06633
910 A	0.18733	0.74686	0.06581
911 A	0.18535	0.74840	0.06624
912 A	0.18850	0.74115	0.07034
913 A	0.20739	0.71773	0.07489
914 A	0.23401	0.68489	0.0811
915 A	0.25886	0.65186	0.08928
916 G	0.30694	0.59486	0.0982
917 A	0.37937	0.51714	0.10349
918 A	0.53243	0.35226	0.1153
919 A	0.59673	0.27618	0.12709
920 T	0.66184	0.19656	0.14161
921 T	0.69968	0.15076	0.14956
922 T	0.70481	0.14213	0.15306
923 T	0.70133	0.14331	0.15535
924 G	0.69196	0.15087	0.15717
925 A	0.68946	0.15214	0.1584
926 A	0.69342	0.14583	0.16075
927 T	0.70685	0.12613	0.16702
928 T	0.72440	0.10330	0.1723
929 T	0.73257	0.09165	0.17578
930 T	0.73237	0.08899	0.17864
931 A	0.73054	0.08596	0.18351
932 T	0.73228	0.07362	0.19411
933 T	0.73250	0.06433	0.20317
934 T	0.73199	0.05941	0.2086
935 C	0.72924	0.05751	0.21326
936 T	0.72342	0.06157	0.21502
937 T	0.71016	0.07418	0.21566
938 C	0.68551	0.09841	0.21608
939 T	0.67701	0.10754	0.21545
940 A	0.66462	0.12108	0.21429
941 A	0.65977	0.12678	0.21346
942 T	0.65869	0.12777	0.21355
943 T	0.65673	0.12936	0.21391
944 T	0.65428	0.12849	0.21722
945 T	0.64990	0.13023	0.21987
946 T	0.63625	0.14455	0.2192
947 A	0.60999	0.17293	0.21708
948 T	0.59565	0.19391	0.21045
949 G	0.57064	0.23942	0.18994
950 A	0.55626	0.28265	0.16109
951 T	0.54714	0.31666	0.13621
952 A	0.53985	0.35875	0.10141
953 A	0.53653	0.37572	0.08775
954 T	0.53486	0.38323	0.08191
955 A	0.53225	0.39231	0.07544
956 T	0.53048	0.39845	0.07107
957 A	0.51960	0.41280	0.0676
958 A	0.51224	0.41745	0.0703
959 G	0.50919	0.41295	0.07785
960 A	0.50485	0.40744	0.08771
961 G	0.50310	0.39127	0.10563
962 A	0.50190	0.39167	0.10644
963 A	0.50220	0.38853	0.10927
964 A	0.50301	0.38886	0.10813
965 T	0.50369	0.38837	0.10794
966 G	0.50377	0.38641	0.10982
967 G	0.50436	0.38299	0.11265
968 A	0.50533	0.37977	0.1149
969 A	0.51044	0.36346	0.1261
970 G	0.51994	0.32935	0.1507
971 G	0.53467	0.30041	0.16492
972 A	0.56044	0.25459	0.18497
973 G	0.59129	0.20957	0.19915
974 C	0.61837	0.17345	0.20818
975 T	0.65449	0.13446	0.21106
976 T	0.66843	0.12001	0.21157
977 T	0.67599	0.11257	0.21145
978 A	0.68022	0.10849	0.21129
979 T	0.68536	0.10343	0.21121
980 T	0.68864	0.09180	0.21956
981 T	0.68670	0.08757	0.22573
982 A	0.68241	0.09044	0.22715
983 G	0.67484	0.09494	0.23023
984 A	0.67037	0.09886	0.23077
985 C	0.67343	0.09438	0.23219
986 T	0.67930	0.08904	0.23166
987 T	0.68068	0.08868	0.23064
988 T	0.67178	0.09969	0.22853
989 T	0.63786	0.13898	0.22316
990 A	0.60930	0.17043	0.22027
991 A	0.59188	0.18982	0.2183
992 A	0.57860	0.20552	0.21588
993 T	0.57479	0.21070	0.21451
994 T	0.56175	0.22820	0.21004
995 A	0.53998	0.25684	0.20318
996 T	0.52977	0.26842	0.20181
997 T	0.51257	0.28711	0.20031
998 T	0.49589	0.30456	0.19956
999 T	0.45893	0.34312	0.19795
1000 C	0.40233	0.40142	0.19625
1001 A	0.37122	0.43625	0.19254
1002 A	0.35862	0.45027	0.19111
1003 A	0.35519	0.45353	0.19127
1004 T	0.35546	0.45041	0.19413
1005 T	0.35387	0.44956	0.19657
1006 T	0.34851	0.44647	0.20502
1007 A	0.33781	0.45414	0.20806
1008 T	0.33214	0.46032	0.20754
1009 A	0.32023	0.47928	0.2005
1010 A	0.31600	0.47969	0.20431
1011 A	0.31352	0.47089	0.21559
1012 T	0.31726	0.43001	0.25274
1013 T	0.31650	0.40884	0.27466
1014 A	0.31024	0.40543	0.28433
1015 G	0.31021	0.39627	0.29351
1016 A	0.31077	0.40098	0.28825
1017 A	0.31082	0.39463	0.29455
1018 A	0.31184	0.37962	0.30854
1019 T	0.31237	0.36533	0.3223
1020 T	0.31217	0.37186	0.31597
1021 A	0.31099	0.43174	0.25727
1022 A	0.31107	0.43247	0.25645
1023 T	0.31259	0.39665	0.29076
1024 T	0.31318	0.38410	0.30273
1025 T	0.31048	0.39658	0.29294
1026 A	0.28040	0.47238	0.24722
1027 A	0.24783	0.56061	0.19156
1028 A	0.22418	0.64095	0.13487
1029 A	0.21579	0.70704	0.07717
1030 A	0.21781	0.70400	0.07819
1031 A	0.22325	0.69692	0.07983
1032 T	0.23428	0.67662	0.08909
1033 A	0.23669	0.67252	0.09079
1034 C	0.23938	0.66678	0.09384
1035 T	0.23721	0.67301	0.08978
1036 A	0.22842	0.68498	0.0866
1037 A	0.22170	0.69257	0.08572
1038 A	0.21369	0.70301	0.0833
1039 G	0.21555	0.69999	0.08446
1040 A	0.22093	0.69040	0.08867
1041 A	0.23588	0.67008	0.09404
1042 G	0.25044	0.65160	0.09796
1043 C	0.29110	0.60796	0.10095
1044 T	0.37372	0.52654	0.09974
1045 T	0.39576	0.50691	0.09733
1046 T	0.39935	0.51126	0.08938
1047 A	0.38935	0.52151	0.08913
1048 G	0.39053	0.51762	0.09185
1049 A	0.41219	0.46655	0.12126
1050 A	0.44587	0.39984	0.1543
1051 C	0.49773	0.32216	0.1801
1052 C	0.56031	0.25207	0.18762
1053 T	0.57217	0.24483	0.18301
1054 T	0.57435	0.24807	0.17759
1055 T	0.55251	0.27623	0.17127
1056 A	0.51389	0.31856	0.16755
1057 T	0.50727	0.32494	0.16778
1058 T	0.49630	0.33261	0.1711
1059 A	0.47909	0.35017	0.17074
1060 A	0.46590	0.36132	0.17278
1061 A	0.45835	0.36240	0.17925
1062 A	0.43857	0.38131	0.18012
1063 A	0.36976	0.46491	0.16533
1064 A	0.29520	0.55674	0.14807
1065 T	0.27408	0.59231	0.1336
1066 A	0.23431	0.64883	0.11686
1067 A	0.19448	0.69973	0.10579
1068 G	0.16289	0.74137	0.09574
1069 A	0.14100	0.76846	0.09055
1070 A	0.11716	0.79575	0.08709
1071 A	0.09892	0.81534	0.08575
1072 A	0.08854	0.82668	0.08477
1073 A	0.08466	0.82181	0.09353
1074 T	0.08593	0.81226	0.10181
1075 G	0.08532	0.80653	0.10814
1076 T	0.09112	0.79215	0.11673
1077 A	0.09395	0.78095	0.1251
1078 T	0.09900	0.74105	0.15995
1079 C	0.09971	0.70409	0.1962
1080 C	0.09662	0.70241	0.20097
1081 G	0.09362	0.71901	0.18737
1082 A	0.09320	0.75399	0.15282
1083 A	0.09271	0.77705	0.13024
1084 G	0.09282	0.78543	0.12175
1085 A	0.09765	0.77477	0.12757
1086 A	0.11654	0.68895	0.19451
1087 G	0.13823	0.58801	0.27376
1088 A	0.15794	0.55101	0.29104
1089 A	0.17876	0.50214	0.3191
1090 A	0.19628	0.47491	0.32881
1091 T	0.21893	0.43448	0.34659
1092 A	0.22262	0.43906	0.33833
1093 A	0.23457	0.40157	0.36386
1094 A	0.24283	0.37539	0.38178
1095 T	0.25432	0.35165	0.39403
1096 T	0.25514	0.34605	0.3988
1097 C	0.23916	0.36287	0.39797
1098 T	0.21577	0.41762	0.36662
1099 G	0.17219	0.52559	0.30222
1100 A	0.14486	0.62631	0.22883
1101 A	0.11542	0.74282	0.14176
1102 A	0.09795	0.81587	0.08618
1103 A	0.09433	0.84085	0.06482
1104 A	0.10933	0.83164	0.05903
1105 A	0.14289	0.79898	0.05813
1106 T	0.16917	0.77038	0.06046
1107 T	0.17671	0.76199	0.0613
1108 A	0.17155	0.77131	0.05714
1109 A	0.16721	0.77666	0.05613
1110 A	0.15867	0.78650	0.05483
1111 A	0.15688	0.78911	0.05401
1112 A	0.16217	0.78295	0.05488
1113 A	0.19352	0.74964	0.05685
1114 A	0.21097	0.72974	0.05929
1115 T	0.24311	0.68911	0.06777
1116 A	0.23667	0.69069	0.07264
1117 G	0.22424	0.69590	0.07987
1118 T	0.23030	0.68422	0.08548
1119 A	0.20566	0.70277	0.09156
1120 A	0.20947	0.68027	0.11026
1121 G	0.24337	0.61927	0.13736
1122 T	0.31476	0.51102	0.17423
1123 A	0.36730	0.43782	0.19489
1124 A	0.44759	0.33385	0.21856
1125 T	0.50930	0.25428	0.23641
1126 T	0.53088	0.22963	0.23949
1127 T	0.53457	0.22384	0.24159
1128 T	0.53280	0.22323	0.24397
1129 T	0.52214	0.23390	0.24395
1130 A	0.50546	0.25048	0.24407
1131 T	0.50305	0.24691	0.25004
1132 A	0.49715	0.24749	0.25536
1133 A	0.49645	0.23564	0.26791
1134 T	0.49863	0.22128	0.28009
1135 A	0.49799	0.21610	0.2859
1136 T	0.49926	0.20928	0.29146
1137 T	0.49891	0.20593	0.29516
1138 A	0.49799	0.20670	0.29531
1139 A	0.49826	0.19815	0.30358
1140 T	0.49909	0.18037	0.32054
1141 A	0.49872	0.17699	0.32429
1142 T	0.49965	0.14703	0.35331
1143 T	0.49763	0.14717	0.3552
1144 A	0.46870	0.17938	0.35191
1145 G	0.45878	0.19485	0.34638
1146 G	0.45475	0.20712	0.33814
1147 G	0.45353	0.22576	0.32071
1148 A	0.45480	0.23875	0.30645
1149 T	0.46203	0.23245	0.30552
1150 T	0.46573	0.23027	0.304
1151 T	0.46688	0.22839	0.30473
1152 G	0.46679	0.22654	0.30667
1153 G	0.46756	0.23067	0.30177
1154 T	0.46890	0.26630	0.2648
1155 T	0.46789	0.29084	0.24127
1156 G	0.46341	0.36982	0.16676
1157 G	0.46210	0.37795	0.15995
1158 T	0.46048	0.38837	0.15115
1159 G	0.45718	0.40359	0.13922
1160 A	0.45598	0.41340	0.13062
1161 C	0.45669	0.41668	0.12663
1162 A	0.45758	0.42632	0.1161
1163 A	0.45847	0.43176	0.10977
1164 A	0.46153	0.43249	0.10597
1165 A	0.46492	0.43157	0.10351
1166 A	0.47080	0.42782	0.10138
1167 A	0.48057	0.39436	0.12507
1168 A	0.49265	0.37312	0.13423
1169 A	0.50825	0.35206	0.13969
1170 T	0.53571	0.32131	0.14298
1171 T	0.55177	0.30688	0.14134
1172 C	0.55676	0.30411	0.13913
1173 T	0.56480	0.30493	0.13027
1174 A	0.56704	0.30958	0.12338
1175 A	0.57294	0.30880	0.11826
1176 A	0.59091	0.30805	0.10104
1177 T	0.63503	0.26601	0.09896
1178 A	0.66012	0.23979	0.10008
1179 T	0.73321	0.16298	0.1038
1180 A	0.73868	0.15690	0.10442
1181 C	0.74792	0.14643	0.10566
1182 T	0.75311	0.13990	0.10699
1183 T	0.74137	0.15097	0.10766
1184 T	0.72152	0.17043	0.10805
1185 A	0.67960	0.21200	0.1084
1186 C	0.66285	0.22834	0.10881
1187 C	0.64422	0.24620	0.10957
1188 A	0.62910	0.26122	0.10968
1189 C	0.62204	0.26816	0.10981
1190 G	0.61870	0.27150	0.1098
1191 G	0.61445	0.27579	0.10977
1192 C	0.61497	0.27534	0.10968
1193 A	0.61615	0.27426	0.10959
1194 T	0.62123	0.26907	0.1097
1195 A	0.62180	0.26652	0.11169
1196 T	0.62955	0.25619	0.11426
1197 C	0.62721	0.25481	0.11798
1198 A	0.62707	0.25110	0.12183
1199 C	0.63879	0.23530	0.12591
1200 T	0.64131	0.23327	0.12542
1201 A	0.63976	0.23701	0.12323
1202 T	0.64139	0.23579	0.12281
1203 T	0.64061	0.23486	0.12453
1204 T	0.63826	0.23941	0.12233
1205 A	0.63447	0.23172	0.13382
1206 T	0.63233	0.20981	0.15786
1207 T	0.62975	0.18776	0.18249
1208 T	0.62488	0.16185	0.21326
1209 T	0.61759	0.16037	0.22204
1210 T	0.60794	0.17038	0.22167
1211 T	0.59411	0.18704	0.21885
1212 A	0.57209	0.21757	0.21034
1213 A	0.56151	0.23006	0.20843
1214 A	0.55634	0.23671	0.20696
1215 A	0.54960	0.24845	0.20194
1216 A	0.54517	0.25743	0.19739
1217 A	0.54140	0.27127	0.18733
1218 A	0.53808	0.28605	0.17587
1219 A	0.53460	0.30376	0.16163
1220 T	0.53312	0.31322	0.15366
1221 A	0.52907	0.33282	0.1381
1222 A	0.52722	0.34692	0.12587
1223 A	0.52737	0.35799	0.11464
1224 T	0.52734	0.36928	0.10338
1225 A	0.52395	0.39509	0.08096
1226 A	0.52724	0.40162	0.07114
1227 T	0.53564	0.39790	0.06646
1228 A	0.54041	0.38943	0.07016
1229 T	0.55059	0.37292	0.0765
1230 T	0.56124	0.35339	0.08537
1231 T	0.56882	0.33559	0.09559
1232 C	0.57283	0.32084	0.10634
1233 T	0.58168	0.30675	0.11157
1234 T	0.58543	0.29751	0.11707
1235 T	0.58719	0.28793	0.12489
1236 C	0.57917	0.29290	0.12793
1237 A	0.57128	0.30057	0.12815
1238 A	0.56882	0.29900	0.13219
1239 A	0.56955	0.29549	0.13495
1240 A	0.57844	0.28412	0.13744
1241 C	0.59498	0.26531	0.13971
1242 A	0.61261	0.24638	0.14102
1243 A	0.62571	0.23429	0.13999
1244 T	0.64388	0.21535	0.14077
1245 A	0.65406	0.20630	0.13965
1246 G	0.66771	0.19500	0.13728
1247 G	0.68572	0.17184	0.14243
1248 T	0.71151	0.14173	0.14676
1249 T	0.72401	0.13047	0.14552
1250 T	0.73054	0.12582	0.14363
1251 T	0.73082	0.12684	0.14234
1252 A	0.73022	0.12993	0.13986
1253 T	0.73046	0.13089	0.13865
1254 T	0.72745	0.13708	0.13547
1255 T	0.72049	0.14606	0.13345
1256 T	0.71460	0.15617	0.12923
1257 T	0.67686	0.19793	0.12521
1258 A	0.60836	0.26874	0.12291
1259 A	0.56834	0.30349	0.12817
1260 T	0.52718	0.33706	0.13575
1261 A	0.44475	0.41686	0.13839
1262 A	0.40514	0.45648	0.13839
1263 A	0.38963	0.47400	0.13637
1264 A	0.38506	0.47923	0.13571
1265 A	0.38640	0.47591	0.13769
1266 A	0.39075	0.46647	0.14279
1267 T	0.39686	0.45577	0.14737
1268 A	0.40116	0.44720	0.15164
1269 T	0.40821	0.43706	0.15472
1270 T	0.41238	0.43082	0.1568
1271 C	0.41272	0.42899	0.15828
1272 T	0.41135	0.43001	0.15864
1273 T	0.40824	0.43329	0.15847
1274 C	0.40061	0.44308	0.1563
1275 A	0.39375	0.45882	0.14743
1276 A	0.39441	0.46224	0.14334
1277 T	0.40104	0.44833	0.15063
1278 T	0.40437	0.43201	0.16363
1279 T	0.40584	0.42527	0.16889
1280 T	0.40118	0.38365	0.21516
1281 T	0.38888	0.34357	0.26755
1282 A	0.36285	0.34168	0.29546
1283 A	0.35120	0.32014	0.32867
1284 G	0.34811	0.25815	0.39374
1285 G	0.34691	0.24062	0.41247
1286 C	0.34703	0.24506	0.4079
1287 T	0.34414	0.31993	0.33593
1288 T	0.33822	0.36688	0.2949
1289 A	0.32338	0.44394	0.23268
1290 T	0.31538	0.49285	0.19176
1291 A	0.30198	0.53008	0.16793
1292 A	0.29377	0.55438	0.15185
1293 A	0.29106	0.57013	0.13881
1294 A	0.28989	0.57640	0.13371
1295 G	0.28906	0.57689	0.13405
1296 A	0.28871	0.57747	0.13383
1297 A	0.29057	0.57250	0.13694
1298 T	0.29893	0.56102	0.14006
1299 T	0.30057	0.56079	0.13865
1300 G	0.29295	0.57406	0.13299
1301 A	0.28754	0.58797	0.12449
1302 A	0.28407	0.59802	0.11791
1303 G	0.27187	0.61952	0.10861
1304 A	0.25564	0.65058	0.09377
1305 A	0.25032	0.65056	0.09912
1306 A	0.25206	0.64872	0.09922
1307 A	0.27040	0.63421	0.09538
1308 A	0.29076	0.61658	0.09266
1309 A	0.31927	0.58876	0.09197
1310 T	0.39006	0.51659	0.09334
1311 A	0.35645	0.54668	0.09686
1312 G	0.34492	0.55217	0.10291
1313 A	0.29659	0.61082	0.09259
1314 A	0.24054	0.67718	0.08228
1315 C	0.20632	0.71441	0.07927
1316 A	0.14040	0.78300	0.07661
1317 A	0.12081	0.80535	0.07384
1318 A	0.10281	0.82383	0.07336
1319 A	0.09271	0.83340	0.0739
1320 C	0.08836	0.83683	0.0748
1321 G	0.08143	0.84845	0.07012
1322 A	0.07640	0.86042	0.06318
1323 A	0.08418	0.85446	0.06136
1324 G	0.09622	0.84151	0.06227
1325 A	0.10871	0.82834	0.06295
1326 A	0.12848	0.79458	0.07693
1327 T	0.15562	0.74377	0.1006
1328 T	0.16791	0.71534	0.11675
