# lcl|CP097583.1_cds_USQ93516.1_1
# AA	inside	membr	outside
1 A	0.30822	0.00000	0.69178
2 T	0.30372	0.00450	0.69178
3 G	0.29088	0.01734	0.69178
4 A	0.29088	0.01875	0.69036
5 A	0.19782	0.11245	0.68972
6 A	0.19782	0.11255	0.68962
7 C	0.05107	0.25934	0.68959
8 A	0.05107	0.25934	0.68959
9 A	0.04107	0.26934	0.68958
10 A	0.04106	0.26971	0.68923
11 A	0.03981	0.27098	0.68921
12 C	0.02795	0.28284	0.6892
13 A	0.01766	0.29329	0.68905
14 A	0.01766	0.29329	0.68905
15 A	0.01766	0.29417	0.68817
16 A	0.01742	0.29441	0.68817
17 T	0.01723	0.29460	0.68817
18 A	0.01722	0.29461	0.68818
19 A	0.01706	0.29475	0.6882
20 C	0.01688	0.29439	0.68872
21 T	0.01669	0.29437	0.68895
22 A	0.01680	0.29381	0.68939
23 T	0.01708	0.29194	0.69097
24 T	0.01736	0.29069	0.69196
25 A	0.01743	0.28447	0.69811
26 T	0.01749	0.25838	0.72413
27 T	0.01823	0.22461	0.75716
28 G	0.01841	0.14174	0.83984
29 G	0.01843	0.13220	0.84936
30 T	0.01837	0.03860	0.94304
31 G	0.01808	0.03696	0.94496
32 G	0.01795	0.02970	0.95235
33 A	0.01758	0.03069	0.95173
34 G	0.01731	0.03145	0.95123
35 G	0.01717	0.02622	0.95662
36 A	0.01724	0.02203	0.96074
37 A	0.01725	0.02508	0.95767
38 A	0.01797	0.02411	0.95792
39 T	0.01794	0.02401	0.95805
40 G	0.01788	0.02380	0.95832
41 T	0.01785	0.02382	0.95832
42 C	0.01774	0.02421	0.95805
43 G	0.01771	0.02419	0.9581
44 G	0.01758	0.02455	0.95788
45 A	0.01756	0.02460	0.95784
46 T	0.01757	0.02458	0.95785
47 C	0.01757	0.02456	0.95787
48 A	0.01759	0.02449	0.95791
49 G	0.01769	0.02436	0.95796
50 C	0.01794	0.02403	0.95804
51 T	0.01837	0.02357	0.95806
52 A	0.01885	0.02310	0.95806
53 T	0.02049	0.02130	0.95821
54 T	0.02186	0.01974	0.9584
55 G	0.02247	0.01914	0.95839
56 G	0.02399	0.01715	0.95886
57 A	0.02655	0.01461	0.95884
58 T	0.03036	0.01085	0.95879
59 T	0.03299	0.00835	0.95867
60 A	0.03554	0.00608	0.95838
61 A	0.03589	0.00588	0.95823
62 T	0.03694	0.00481	0.95826
63 T	0.03717	0.00458	0.95826
64 T	0.03732	0.00439	0.95828
65 T	0.03749	0.00415	0.95835
66 A	0.03735	0.00426	0.95839
67 T	0.03749	0.00403	0.95848
68 C	0.03737	0.00414	0.9585
69 T	0.03657	0.00502	0.95841
70 C	0.03512	0.00656	0.95833
71 T	0.03432	0.00749	0.95819
72 T	0.03301	0.00904	0.95795
73 A	0.03124	0.01101	0.95774
74 A	0.03025	0.01208	0.95767
75 T	0.02963	0.01278	0.95759
76 A	0.02876	0.01369	0.95756
77 A	0.02836	0.01406	0.95758
78 A	0.02825	0.01404	0.95771
79 A	0.02838	0.01374	0.95788
80 T	0.02873	0.01314	0.95813
81 T	0.02899	0.01276	0.95825
82 G	0.02910	0.01247	0.95842
83 T	0.02935	0.01202	0.95862
84 T	0.02945	0.01181	0.95874
85 T	0.02942	0.01173	0.95884
86 C	0.02935	0.01166	0.95898
87 T	0.02926	0.01172	0.95902
88 G	0.02908	0.01187	0.95905
89 A	0.02900	0.01191	0.95909
90 A	0.02899	0.01186	0.95914
91 A	0.02907	0.01165	0.95927
92 T	0.02928	0.01013	0.9606
93 T	0.02944	0.00820	0.96236
94 G	0.02954	0.00704	0.96342
95 T	0.02972	0.00567	0.96461
96 T	0.02981	0.00427	0.96592
97 A	0.02978	0.00360	0.96662
98 T	0.02978	0.00297	0.96724
99 T	0.02966	0.00246	0.96789
100 T	0.02948	0.00236	0.96816
101 T	0.02914	0.00273	0.96813
102 A	0.02874	0.00340	0.96787
103 G	0.02859	0.00373	0.96768
104 A	0.02853	0.00409	0.96738
105 T	0.02841	0.00444	0.96714
106 G	0.02823	0.00516	0.96661
107 T	0.02797	0.00589	0.96613
108 T	0.02758	0.00634	0.96608
109 A	0.02683	0.00706	0.96611
110 A	0.02610	0.00772	0.96619
111 T	0.02573	0.00794	0.96632
112 C	0.02553	0.00809	0.96638
113 C	0.02540	0.00826	0.96634
114 G	0.02521	0.00860	0.9662
115 A	0.02516	0.00887	0.96598
116 T	0.02516	0.00900	0.96584
117 T	0.02493	0.00945	0.96563
118 A	0.02442	0.01005	0.96554
119 A	0.02413	0.01030	0.96558
120 A	0.02322	0.01103	0.96575
121 G	0.02266	0.01134	0.966
122 C	0.02258	0.01107	0.96635
123 A	0.02243	0.01109	0.96648
124 C	0.02251	0.01077	0.96671
125 A	0.02271	0.01050	0.96678
126 A	0.02291	0.01027	0.96683
127 G	0.02314	0.01002	0.96684
128 G	0.02335	0.00972	0.96693
129 T	0.02381	0.00919	0.967
130 G	0.02403	0.00862	0.96735
131 A	0.02386	0.00841	0.96773
132 A	0.02374	0.00784	0.96842
133 G	0.02366	0.00712	0.96922
134 C	0.02365	0.00666	0.96968
135 T	0.02357	0.00664	0.96979
136 A	0.02323	0.00697	0.96979
137 C	0.02322	0.00685	0.96993
138 A	0.02327	0.00683	0.96991
139 G	0.02335	0.00676	0.96989
140 A	0.02351	0.00638	0.97011
141 T	0.02361	0.00582	0.97057
142 A	0.02362	0.00555	0.97083
143 T	0.02362	0.00441	0.97198
144 C	0.02360	0.00374	0.97266
145 A	0.02358	0.00362	0.97281
146 G	0.02357	0.00341	0.97301
147 T	0.02360	0.00326	0.97314
148 C	0.02362	0.00316	0.97322
149 A	0.02364	0.00316	0.97321
150 A	0.02367	0.00303	0.9733
151 G	0.02374	0.00283	0.97343
152 G	0.02385	0.00264	0.97351
153 T	0.02391	0.00247	0.97363
154 G	0.02395	0.00216	0.9739
155 T	0.02402	0.00200	0.97398
156 T	0.02400	0.00206	0.97394
157 A	0.02392	0.00210	0.97397
158 A	0.02387	0.00199	0.97414
159 T	0.02389	0.00162	0.97449
160 T	0.02389	0.00153	0.97458
161 C	0.02384	0.00154	0.97463
162 A	0.02378	0.00163	0.97459
163 T	0.02377	0.00167	0.97456
164 T	0.02374	0.00173	0.97453
165 G	0.02349	0.00197	0.97454
166 C	0.02344	0.00202	0.97455
167 A	0.02341	0.00202	0.97456
168 T	0.02336	0.00205	0.97459
169 C	0.02327	0.00213	0.9746
170 C	0.02327	0.00215	0.97458
171 T	0.02323	0.00226	0.97452
172 A	0.02304	0.00266	0.97429
173 T	0.02295	0.00287	0.97419
174 T	0.02278	0.00309	0.97413
175 A	0.02194	0.00403	0.97403
176 A	0.02124	0.00474	0.97402
177 A	0.02058	0.00539	0.97402
178 A	0.02008	0.00587	0.97405
179 T	0.01976	0.00613	0.97411
180 A	0.01875	0.00707	0.97418
181 A	0.01790	0.00782	0.97427
182 C	0.01761	0.00802	0.97437
183 A	0.01730	0.00830	0.9744
184 G	0.01727	0.00824	0.97449
185 C	0.01730	0.00813	0.97457
186 T	0.01731	0.00810	0.97459
187 A	0.01725	0.00816	0.97459
188 C	0.01719	0.00799	0.97481
189 T	0.01696	0.00820	0.97484
190 A	0.01632	0.00886	0.97482
191 G	0.01600	0.00909	0.97492
192 C	0.01590	0.00909	0.97502
193 G	0.01587	0.00914	0.97499
194 A	0.01593	0.00902	0.97505
195 T	0.01617	0.00858	0.97526
196 T	0.01621	0.00850	0.9753
197 A	0.01616	0.00858	0.97526
198 T	0.01597	0.00800	0.97603
199 A	0.01547	0.00800	0.97653
200 A	0.01529	0.00752	0.97718
201 A	0.01516	0.00713	0.97771
202 G	0.01509	0.00659	0.97832
203 A	0.01505	0.00574	0.9792
204 T	0.01502	0.00501	0.97998
205 A	0.01493	0.00484	0.98022
206 C	0.01489	0.00460	0.98051
207 T	0.01484	0.00479	0.98036
208 A	0.01476	0.00495	0.98029
209 A	0.01474	0.00498	0.98028
210 A	0.01473	0.00495	0.98032
211 G	0.01473	0.00488	0.98039
212 A	0.01475	0.00455	0.9807
213 T	0.01483	0.00381	0.98136
214 T	0.01486	0.00346	0.98168
215 C	0.01487	0.00331	0.98182
216 T	0.01491	0.00325	0.98184
217 G	0.01494	0.00323	0.98183
218 A	0.01497	0.00322	0.98181
219 T	0.01510	0.00307	0.98184
220 A	0.01526	0.00288	0.98186
221 T	0.01545	0.00237	0.98218
222 T	0.01560	0.00177	0.98264
223 G	0.01564	0.00155	0.98281
224 T	0.01573	0.00139	0.98288
225 A	0.01574	0.00135	0.9829
226 A	0.01578	0.00130	0.98291
227 T	0.01586	0.00122	0.98292
228 T	0.01594	0.00112	0.98294
229 A	0.01596	0.00108	0.98297
230 T	0.01612	0.00090	0.98298
231 T	0.01598	0.00105	0.98296
232 A	0.01558	0.00146	0.98296
233 C	0.01546	0.00157	0.98297
234 T	0.01536	0.00168	0.98296
235 G	0.01521	0.00182	0.98296
236 C	0.01509	0.00195	0.98297
237 T	0.01496	0.00209	0.98295
238 T	0.01470	0.00236	0.98294
239 C	0.01435	0.00272	0.98293
240 G	0.01398	0.00310	0.98292
241 A	0.01373	0.00335	0.98292
242 T	0.01363	0.00345	0.98292
243 T	0.01356	0.00352	0.98292
244 C	0.01342	0.00366	0.98292
245 C	0.01332	0.00376	0.98292
246 G	0.01320	0.00388	0.98291
247 T	0.01315	0.00395	0.98291
248 C	0.01249	0.00462	0.98289
249 A	0.01200	0.00519	0.98282
250 A	0.01155	0.00572	0.98273
251 A	0.01131	0.00600	0.9827
252 A	0.01121	0.00610	0.9827
253 A	0.01119	0.00610	0.98271
254 A	0.01124	0.00583	0.98294
255 T	0.01124	0.00538	0.98338
256 T	0.01119	0.00528	0.98353
257 T	0.01109	0.00527	0.98363
258 A	0.01084	0.00546	0.9837
259 A	0.01059	0.00564	0.98377
260 A	0.01043	0.00567	0.9839
261 T	0.01033	0.00548	0.98419
262 A	0.01014	0.00536	0.9845
263 A	0.01004	0.00507	0.98489
264 T	0.00998	0.00481	0.9852
265 C	0.00986	0.00479	0.98535
266 G	0.00978	0.00488	0.98535
267 A	0.00974	0.00489	0.98537
268 T	0.00973	0.00484	0.98544
269 T	0.00972	0.00482	0.98546
270 A	0.00969	0.00488	0.98544
271 G	0.00970	0.00422	0.98608
272 A	0.00976	0.00384	0.9864
273 T	0.00985	0.00347	0.98669
274 T	0.00988	0.00334	0.98678
275 T	0.00989	0.00339	0.98672
276 A	0.00989	0.00354	0.98657
277 A	0.00989	0.00357	0.98654
278 T	0.00989	0.00352	0.98659
279 T	0.00989	0.00346	0.98665
280 A	0.00988	0.00346	0.98666
281 A	0.00992	0.00330	0.98678
282 A	0.00996	0.00313	0.98692
283 A	0.00998	0.00307	0.98695
284 G	0.00996	0.00309	0.98695
285 T	0.00998	0.00329	0.98673
286 A	0.00998	0.00352	0.9865
287 A	0.01001	0.00363	0.98636
288 T	0.01008	0.00362	0.98629
289 T	0.01017	0.00349	0.98634
290 T	0.01021	0.00343	0.98635
291 G	0.01022	0.00341	0.98637
292 A	0.01027	0.00336	0.98637
293 C	0.01034	0.00325	0.9864
294 A	0.01045	0.00317	0.98638
295 C	0.01072	0.00292	0.98636
296 T	0.01104	0.00264	0.98631
297 T	0.01122	0.00249	0.9863
298 T	0.01132	0.00240	0.98628
299 T	0.01140	0.00233	0.98627
300 T	0.01126	0.00248	0.98626
301 C	0.01115	0.00260	0.98625
302 A	0.01106	0.00276	0.98618
303 A	0.01105	0.00278	0.98617
304 A	0.01111	0.00273	0.98615
305 A	0.01121	0.00262	0.98617
306 A	0.01138	0.00244	0.98618
307 A	0.01157	0.00221	0.98623
308 T	0.01200	0.00175	0.98625
309 C	0.01224	0.00149	0.98628
310 A	0.01240	0.00132	0.98628
311 T	0.01257	0.00115	0.98628
312 T	0.01260	0.00111	0.98629
313 A	0.01261	0.00109	0.9863
314 C	0.01262	0.00106	0.98632
315 T	0.01265	0.00102	0.98632
316 C	0.01266	0.00101	0.98633
317 C	0.01268	0.00099	0.98633
318 T	0.01268	0.00104	0.98627
319 A	0.01270	0.00104	0.98626
320 T	0.01272	0.00102	0.98625
321 T	0.01274	0.00101	0.98625
322 A	0.01275	0.00099	0.98627
323 C	0.01277	0.00073	0.9865
324 T	0.01280	0.00059	0.98661
325 T	0.01284	0.00048	0.98668
326 T	0.01283	0.00048	0.98669
327 A	0.01278	0.00054	0.98668
328 T	0.01275	0.00058	0.98667
329 A	0.01269	0.00062	0.98669
330 T	0.01265	0.00064	0.98671
331 A	0.01260	0.00067	0.98672
332 G	0.01259	0.00066	0.98675
333 T	0.01259	0.00065	0.98676
334 C	0.01258	0.00066	0.98676
335 C	0.01257	0.00067	0.98677
336 T	0.01257	0.00067	0.98675
337 A	0.01256	0.00068	0.98675
338 A	0.01256	0.00068	0.98675
339 A	0.01256	0.00068	0.98676
340 A	0.01257	0.00066	0.98676
341 C	0.01262	0.00056	0.98681
342 T	0.01265	0.00052	0.98684
343 T	0.01266	0.00050	0.98684
344 T	0.01267	0.00049	0.98684
345 T	0.01268	0.00048	0.98685
346 T	0.01268	0.00047	0.98684
347 T	0.01268	0.00045	0.98686
348 A	0.01268	0.00045	0.98688
349 T	0.01269	0.00040	0.98691
350 T	0.01269	0.00036	0.98694
351 A	0.01266	0.00038	0.98696
352 A	0.01265	0.00036	0.98699
353 T	0.01265	0.00032	0.98703
354 T	0.01264	0.00030	0.98706
355 G	0.01264	0.00029	0.98707
356 T	0.01263	0.00029	0.98707
357 T	0.01263	0.00029	0.98708
358 T	0.01262	0.00030	0.98708
359 C	0.01261	0.00032	0.98707
360 A	0.01260	0.00033	0.98706
361 A	0.01260	0.00034	0.98706
362 A	0.01260	0.00034	0.98706
363 T	0.01260	0.00034	0.98706
364 C	0.01259	0.00034	0.98706
365 C	0.01260	0.00034	0.98706
366 T	0.01260	0.00034	0.98705
367 T	0.01260	0.00035	0.98705
368 G	0.01260	0.00036	0.98704
369 T	0.01261	0.00035	0.98704
370 G	0.01261	0.00036	0.98702
371 A	0.01262	0.00035	0.98704
372 T	0.01263	0.00033	0.98704
373 A	0.01264	0.00031	0.98705
374 T	0.01266	0.00027	0.98707
375 T	0.01267	0.00027	0.98707
376 T	0.01266	0.00027	0.98707
377 T	0.01264	0.00028	0.98707
378 G	0.01262	0.00030	0.98708
379 A	0.01262	0.00030	0.98708
380 C	0.01261	0.00030	0.98708
381 A	0.01262	0.00033	0.98705
382 T	0.01263	0.00035	0.98702
383 A	0.01264	0.00038	0.98697
384 T	0.01264	0.00040	0.98696
385 A	0.01264	0.00040	0.98696
386 T	0.01264	0.00040	0.98696
387 T	0.01264	0.00039	0.98698
388 G	0.01264	0.00039	0.98698
389 C	0.01264	0.00038	0.98698
390 T	0.01265	0.00038	0.98696
391 T	0.01266	0.00040	0.98694
392 A	0.01266	0.00042	0.98692
393 T	0.01267	0.00043	0.98691
394 A	0.01267	0.00046	0.98688
395 A	0.01267	0.00046	0.98687
396 A	0.01268	0.00046	0.98686
397 T	0.01269	0.00044	0.98687
398 T	0.01268	0.00044	0.98688
399 A	0.01261	0.00050	0.98688
400 T	0.01257	0.00054	0.9869
401 C	0.01249	0.00061	0.9869
402 A	0.01245	0.00066	0.98689
403 G	0.01244	0.00067	0.98688
404 G	0.01247	0.00065	0.98688
405 T	0.01251	0.00061	0.98688
406 T	0.01254	0.00058	0.98688
407 T	0.01252	0.00059	0.98688
408 C	0.01251	0.00060	0.98689
409 C	0.01250	0.00061	0.98689
410 C	0.01250	0.00061	0.98688
411 A	0.01250	0.00061	0.98688
412 T	0.01251	0.00060	0.98688
413 C	0.01252	0.00059	0.98688
414 T	0.01254	0.00058	0.98688
415 C	0.01254	0.00059	0.98687
416 A	0.01254	0.00064	0.98683
417 T	0.01254	0.00066	0.98679
418 A	0.01255	0.00071	0.98675
419 G	0.01255	0.00072	0.98673
420 A	0.01255	0.00074	0.9867
421 G	0.01256	0.00070	0.98674
422 T	0.01257	0.00064	0.98678
423 A	0.01256	0.00062	0.98682
424 T	0.01255	0.00062	0.98683
425 T	0.01253	0.00067	0.98681
426 A	0.01245	0.00089	0.98667
427 G	0.01242	0.00093	0.98665
428 G	0.01241	0.00097	0.98662
429 A	0.01240	0.00103	0.98657
430 T	0.01240	0.00108	0.98653
431 C	0.01239	0.00112	0.98648
432 T	0.01238	0.00133	0.98629
433 G	0.01236	0.00143	0.98621
434 G	0.01236	0.00149	0.98616
435 A	0.01235	0.00156	0.98609
436 A	0.01234	0.00157	0.98608
437 C	0.01234	0.00156	0.98609
438 A	0.01235	0.00158	0.98607
439 A	0.01239	0.00155	0.98606
440 C	0.01243	0.00155	0.98602
441 T	0.01248	0.00162	0.98589
442 T	0.01249	0.00173	0.98578
443 T	0.01249	0.00183	0.98568
444 A	0.01247	0.00193	0.9856
445 G	0.01246	0.00194	0.9856
446 A	0.01247	0.00191	0.98562
447 T	0.01252	0.00184	0.98564
448 A	0.01256	0.00177	0.98567
449 C	0.01270	0.00154	0.98576
450 A	0.01273	0.00150	0.98578
451 G	0.01277	0.00144	0.98579
452 C	0.01286	0.00134	0.9858
453 T	0.01295	0.00125	0.9858
454 C	0.01300	0.00120	0.9858
455 G	0.01317	0.00106	0.98578
456 T	0.01325	0.00103	0.98572
457 T	0.01329	0.00110	0.98561
458 T	0.01327	0.00135	0.98539
459 A	0.01312	0.00184	0.98504
460 A	0.01305	0.00210	0.98484
461 A	0.01305	0.00229	0.98467
462 A	0.01309	0.00237	0.98454
463 T	0.01321	0.00242	0.98437
464 T	0.01335	0.00239	0.98425
465 T	0.01340	0.00258	0.98401
466 T	0.01339	0.00280	0.98381
467 T	0.01331	0.00301	0.98368
468 A	0.01320	0.00332	0.98348
469 T	0.01314	0.00341	0.98345
470 T	0.01303	0.00354	0.98343
471 A	0.01288	0.00370	0.98342
472 T	0.01282	0.00376	0.98342
473 C	0.01271	0.00387	0.98342
474 A	0.01266	0.00395	0.9834
475 C	0.01263	0.00400	0.98336
476 A	0.01262	0.00407	0.9833
477 A	0.01262	0.00412	0.98326
478 G	0.01265	0.00416	0.98319
479 A	0.01272	0.00413	0.98315
480 A	0.01285	0.00403	0.98311
481 A	0.01310	0.00373	0.98317
482 T	0.01346	0.00323	0.98331
483 G	0.01363	0.00301	0.98336
484 A	0.01382	0.00286	0.98331
485 A	0.01400	0.00273	0.98327
486 T	0.01429	0.00257	0.98314
487 A	0.01443	0.00275	0.98281
488 T	0.01471	0.00265	0.98264
489 T	0.01484	0.00272	0.98244
490 G	0.01471	0.00288	0.98241
491 A	0.01473	0.00285	0.98243
492 T	0.01466	0.00283	0.98251
493 G	0.01446	0.00291	0.98262
494 C	0.01437	0.00286	0.98277
495 T	0.01426	0.00297	0.98277
496 C	0.01411	0.00310	0.98279
497 G	0.01404	0.00321	0.98275
498 T	0.01402	0.00328	0.9827
499 G	0.01398	0.00341	0.9826
500 A	0.01396	0.00346	0.98258
501 T	0.01399	0.00345	0.98255
502 A	0.01396	0.00356	0.98248
503 T	0.01393	0.00358	0.98248
504 C	0.01388	0.00364	0.98248
505 A	0.01381	0.00379	0.9824
506 A	0.01378	0.00384	0.98238
507 C	0.01384	0.00380	0.98236
508 G	0.01389	0.00389	0.98221
509 G	0.01408	0.00381	0.98211
510 A	0.01444	0.00360	0.98196
511 A	0.01469	0.00353	0.98179
512 A	0.01492	0.00334	0.98173
513 T	0.01507	0.00302	0.98192
514 A	0.01513	0.00295	0.98191
515 T	0.01519	0.00282	0.98199
516 T	0.01521	0.00269	0.9821
517 A	0.01523	0.00278	0.98199
518 T	0.01525	0.00287	0.98188
519 T	0.01526	0.00302	0.98172
520 G	0.01513	0.00328	0.98159
521 G	0.01450	0.00423	0.98127
522 A	0.01428	0.00455	0.98117
523 G	0.01412	0.00470	0.98118
524 A	0.01407	0.00481	0.98112
525 A	0.01410	0.00480	0.98109
526 C	0.01412	0.00477	0.98111
527 A	0.01413	0.00508	0.98078
528 T	0.01422	0.00514	0.98065
529 G	0.01423	0.00541	0.98035
530 G	0.01427	0.00591	0.97982
531 T	0.01439	0.00618	0.97942
532 G	0.01444	0.00666	0.9789
533 A	0.01455	0.00672	0.97873
534 T	0.01472	0.00656	0.97872
535 A	0.01474	0.00655	0.97872
536 G	0.01477	0.00652	0.97871
537 C	0.01482	0.00647	0.97871
538 C	0.01488	0.00643	0.97869
539 A	0.01494	0.00651	0.97855
540 A	0.01506	0.00650	0.97844
541 A	0.01530	0.00640	0.9783
542 T	0.01553	0.00622	0.97825
543 A	0.01552	0.00620	0.97828
544 G	0.01570	0.00530	0.979
545 T	0.01579	0.00492	0.97928
546 G	0.01577	0.00479	0.97944
547 A	0.01581	0.00476	0.97944
548 C	0.01588	0.00466	0.97946
549 A	0.01599	0.00489	0.97913
550 T	0.01641	0.00450	0.97909
551 G	0.01654	0.00442	0.97904
552 G	0.01683	0.00423	0.97894
553 T	0.01732	0.00389	0.97879
554 C	0.01757	0.00371	0.97872
555 A	0.01795	0.00351	0.97854
556 T	0.01812	0.00343	0.97846
557 G	0.01814	0.00347	0.9784
558 T	0.01817	0.00349	0.97834
559 T	0.01818	0.00352	0.9783
560 T	0.01819	0.00348	0.97833
561 A	0.01815	0.00354	0.97831
562 A	0.01820	0.00346	0.97834
563 A	0.01825	0.00333	0.97842
564 T	0.01838	0.00308	0.97854
565 G	0.01839	0.00299	0.97862
566 T	0.01844	0.00284	0.97871
567 G	0.01838	0.00290	0.97873
568 C	0.01826	0.00316	0.97858
569 A	0.01819	0.00369	0.97812
570 T	0.01821	0.00382	0.97797
571 G	0.01822	0.00399	0.9778
572 G	0.01854	0.00385	0.97761
573 A	0.01863	0.00403	0.97734
574 G	0.01875	0.00382	0.97743
575 T	0.01897	0.00364	0.97739
576 T	0.01918	0.00382	0.977
577 T	0.01928	0.00482	0.9759
578 C	0.01926	0.00646	0.97428
579 T	0.01920	0.00998	0.97081
580 T	0.01901	0.01308	0.9679
581 T	0.01863	0.01797	0.9634
582 T	0.01766	0.02189	0.96045
583 G	0.01527	0.02633	0.9584
584 A	0.01275	0.03174	0.95551
585 A	0.01121	0.03454	0.95424
586 G	0.01081	0.03575	0.95344
587 A	0.01067	0.03669	0.95264
588 A	0.01066	0.03737	0.95197
589 A	0.01074	0.03791	0.95135
590 A	0.01090	0.03787	0.95124
591 T	0.01130	0.03749	0.95122
592 T	0.01174	0.03739	0.95087
593 T	0.01183	0.03792	0.95025
594 C	0.01163	0.03902	0.94935
595 A	0.01123	0.04329	0.94548
596 A	0.01108	0.04492	0.944
597 A	0.01093	0.04617	0.9429
598 A	0.01104	0.04657	0.9424
599 A	0.01208	0.04580	0.94212
600 A	0.01495	0.04301	0.94204
601 T	0.01942	0.03820	0.94238
602 T	0.02337	0.03393	0.9427
603 A	0.02546	0.03193	0.94261
604 T	0.02889	0.02801	0.9431
605 T	0.03052	0.02582	0.94366
606 A	0.03112	0.02388	0.945
607 T	0.03292	0.02020	0.94688
608 C	0.03305	0.01911	0.94784
609 T	0.03320	0.02009	0.9467
610 A	0.03178	0.02464	0.94358
611 A	0.02739	0.03374	0.93888
612 A	0.02224	0.04341	0.93435
613 A	0.01776	0.05001	0.93223
614 A	0.01489	0.05465	0.93045
615 A	0.01305	0.05869	0.92827
616 A	0.01232	0.06172	0.92596
617 A	0.01301	0.06095	0.92604
618 T	0.01624	0.05745	0.92632
619 A	0.01540	0.05847	0.92613
620 T	0.01521	0.05865	0.92614
621 C	0.01339	0.06061	0.926
622 G	0.01117	0.06331	0.92552
623 A	0.00991	0.06492	0.92517
624 A	0.00804	0.06682	0.92514
625 A	0.00756	0.06732	0.92512
626 A	0.00765	0.06723	0.92512
627 A	0.00768	0.06702	0.9253
628 C	0.00780	0.06637	0.92583
629 A	0.00760	0.06659	0.92581
630 T	0.00772	0.06635	0.92593
631 G	0.00752	0.06634	0.92614
632 A	0.00800	0.06618	0.92582
633 A	0.01023	0.06343	0.92634
634 A	0.01485	0.05413	0.93102
635 T	0.01966	0.04381	0.93653
636 A	0.02134	0.03800	0.94066
637 A	0.02275	0.03370	0.94356
638 A	0.02467	0.02904	0.94629
639 T	0.02696	0.02454	0.9485
640 G	0.02719	0.02348	0.94933
641 A	0.02764	0.02225	0.9501
642 T	0.02843	0.01909	0.95249
643 T	0.02852	0.01845	0.95302
644 T	0.02773	0.01927	0.953
645 T	0.02520	0.02255	0.95225
646 A	0.02106	0.02787	0.95107
647 A	0.01853	0.03068	0.95078
648 A	0.01771	0.03319	0.9491
649 G	0.01732	0.03499	0.9477
650 A	0.01684	0.03777	0.94539
651 A	0.01658	0.04086	0.94256
652 A	0.01686	0.04276	0.94038
653 T	0.01663	0.04535	0.93803
654 G	0.01590	0.04762	0.93647
655 A	0.01625	0.04721	0.93655
656 T	0.01660	0.04689	0.9365
657 T	0.01659	0.04726	0.93615
658 G	0.01638	0.04820	0.93542
659 C	0.01649	0.04856	0.93495
660 T	0.01671	0.04952	0.93376
661 A	0.01664	0.05190	0.93146
662 A	0.01671	0.05273	0.93055
663 T	0.01696	0.05306	0.92998
664 A	0.01674	0.05441	0.92885
665 A	0.01663	0.05547	0.9279
666 A	0.01724	0.05438	0.92837
667 G	0.01893	0.05123	0.92984
668 T	0.02129	0.04623	0.93249
669 A	0.02280	0.04169	0.93551
670 C	0.02422	0.03856	0.93722
671 A	0.02601	0.03715	0.93684
672 A	0.02785	0.03588	0.93627
673 A	0.03021	0.03326	0.93653
674 A	0.03367	0.02949	0.93683
675 A	0.03691	0.02615	0.93694
676 T	0.04018	0.02161	0.9382
677 C	0.04167	0.01896	0.93937
678 A	0.04197	0.01850	0.93953
679 G	0.04256	0.01787	0.93956
680 C	0.04299	0.01767	0.93934
681 T	0.04385	0.01868	0.93748
682 T	0.04373	0.02204	0.93423
683 A	0.04298	0.02609	0.93092
684 T	0.04377	0.02653	0.9297
685 G	0.04246	0.02967	0.92787
686 A	0.04167	0.03055	0.92778
687 A	0.04142	0.03053	0.92804
688 A	0.04235	0.02933	0.92832
689 T	0.04270	0.02849	0.92881
690 C	0.04264	0.02829	0.92907
691 A	0.04270	0.02838	0.92893
692 T	0.04310	0.02798	0.92892
693 C	0.04304	0.02796	0.92899
694 A	0.04309	0.02799	0.92892
695 G	0.04338	0.02770	0.92892
696 T	0.04344	0.02755	0.92901
697 C	0.04298	0.02809	0.92892
698 A	0.04254	0.02891	0.92855
699 A	0.04212	0.02951	0.92837
700 A	0.04188	0.02969	0.92843
701 A	0.04206	0.02936	0.92859
702 A	0.04259	0.02858	0.92883
703 G	0.04371	0.02587	0.93042
704 G	0.04620	0.02234	0.93146
705 T	0.04990	0.01808	0.93202
706 T	0.05280	0.01409	0.93312
707 A	0.05366	0.01272	0.93362
708 T	0.05491	0.01016	0.93492
709 A	0.05498	0.00923	0.93579
710 C	0.05499	0.00801	0.93701
711 T	0.05506	0.00780	0.93714
712 A	0.05494	0.00801	0.93705
713 A	0.05496	0.00790	0.93714
714 C	0.05513	0.00754	0.93732
715 T	0.05520	0.00754	0.93726
716 A	0.05486	0.00775	0.93739
717 T	0.05465	0.00787	0.93748
718 G	0.05292	0.00984	0.93723
719 G	0.05246	0.01028	0.93726
720 T	0.05200	0.01027	0.93773
721 A	0.05115	0.01064	0.93821
722 T	0.05080	0.01055	0.93865
723 C	0.04945	0.01163	0.93892
724 G	0.04875	0.01233	0.93892
725 C	0.04831	0.01281	0.93889
726 A	0.04818	0.01324	0.93858
727 A	0.04825	0.01324	0.93851
728 T	0.04874	0.01280	0.93846
729 T	0.04879	0.01283	0.93838
730 T	0.04872	0.01300	0.93828
731 C	0.04851	0.01311	0.93838
732 A	0.04841	0.01318	0.9384
733 G	0.04838	0.01311	0.93852
734 T	0.04849	0.01293	0.93858
735 C	0.04843	0.01290	0.93867
736 T	0.04848	0.01291	0.93862
737 T	0.04838	0.01298	0.93864
738 A	0.04794	0.01339	0.93868
739 A	0.04773	0.01333	0.93893
740 A	0.04777	0.01303	0.93921
741 T	0.04807	0.01072	0.9412
742 A	0.04799	0.01023	0.94178
743 T	0.04806	0.00923	0.94271
744 T	0.04796	0.00813	0.94391
745 G	0.04772	0.00808	0.9442
746 T	0.04759	0.00796	0.94446
747 A	0.04723	0.00942	0.94335
748 G	0.04651	0.01005	0.94343
749 A	0.04631	0.01058	0.94312
750 A	0.04597	0.01135	0.94267
751 G	0.04566	0.01193	0.94242
752 C	0.04555	0.01294	0.9415
753 T	0.04552	0.01832	0.93615
754 A	0.04537	0.02262	0.932
755 T	0.04538	0.02549	0.92912
756 T	0.04529	0.02767	0.92704
757 A	0.04509	0.02964	0.92527
758 T	0.04496	0.03067	0.92437
759 T	0.04445	0.03249	0.92306
760 A	0.04274	0.03770	0.91956
761 A	0.04168	0.03878	0.91954
762 A	0.04032	0.04038	0.9193
763 G	0.03983	0.04116	0.91901
764 A	0.03961	0.04166	0.91873
765 C	0.03958	0.04165	0.91878
766 G	0.03960	0.04247	0.91794
767 A	0.03973	0.04369	0.91658
768 G	0.04003	0.04391	0.91606
769 A	0.04075	0.04412	0.91513
770 A	0.04205	0.04317	0.91479
771 A	0.04247	0.04217	0.91535
772 A	0.04314	0.04121	0.91565
773 A	0.04417	0.03979	0.91605
774 A	0.04548	0.03808	0.91645
775 G	0.04766	0.03554	0.91679
776 T	0.05432	0.02867	0.91701
777 T	0.05871	0.02409	0.91721
778 T	0.06130	0.02142	0.91728
779 T	0.06242	0.02030	0.91728
780 A	0.06283	0.02015	0.91702
781 A	0.06335	0.01947	0.91717
782 A	0.06400	0.01837	0.91763
783 T	0.06716	0.01368	0.91916
784 A	0.06728	0.01255	0.92017
785 C	0.06770	0.01077	0.92153
786 T	0.06849	0.00977	0.92174
787 T	0.06835	0.00978	0.92186
788 C	0.06737	0.01070	0.92192
789 A	0.06741	0.01074	0.92185
790 T	0.06847	0.00974	0.9218
791 C	0.06873	0.00948	0.9218
792 T	0.06943	0.00931	0.92126
793 T	0.06957	0.00959	0.92084
794 A	0.06909	0.01050	0.92041
795 T	0.06864	0.01098	0.92038
796 T	0.06705	0.01272	0.92024
797 T	0.06494	0.01522	0.91984
798 A	0.06197	0.01884	0.91919
799 C	0.05961	0.02218	0.91821
800 A	0.05777	0.02491	0.91733
801 A	0.05570	0.02756	0.91674
802 G	0.05441	0.02924	0.91634
803 G	0.05391	0.02986	0.91624
804 A	0.05373	0.03028	0.91599
805 G	0.05360	0.03008	0.91632
806 A	0.05368	0.03008	0.91623
807 A	0.05376	0.02990	0.91634
808 T	0.05389	0.02940	0.91671
809 A	0.05400	0.02920	0.9168
810 T	0.05410	0.02853	0.91737
811 A	0.05413	0.02798	0.91789
812 G	0.05423	0.02741	0.91836
813 T	0.05436	0.02772	0.91793
814 A	0.05443	0.02860	0.91697
815 T	0.05488	0.02846	0.91667
816 T	0.05518	0.02838	0.91643
817 A	0.05540	0.02830	0.9163
818 A	0.05544	0.02763	0.91693
819 A	0.05563	0.02586	0.91851
820 G	0.05611	0.02376	0.92013
821 A	0.05696	0.02099	0.92205
822 T	0.05845	0.01776	0.92379
823 A	0.05927	0.01595	0.92478
824 T	0.05992	0.01356	0.92652
825 T	0.06027	0.01207	0.92766
826 T	0.06039	0.01123	0.92838
827 A	0.06049	0.01093	0.92858
828 T	0.06073	0.01045	0.92882
829 C	0.06093	0.01026	0.92881
830 T	0.06126	0.01019	0.92856
831 A	0.06134	0.01061	0.92805
832 G	0.06138	0.01097	0.92766
833 G	0.06146	0.01170	0.92684
834 T	0.06201	0.01124	0.92674
835 G	0.06229	0.01092	0.92678
836 T	0.06325	0.00992	0.92682
837 T	0.06456	0.00855	0.92689
838 C	0.06514	0.00795	0.92691
839 C	0.06568	0.00748	0.92685
840 T	0.06610	0.00736	0.92653
841 A	0.06607	0.00764	0.9263
842 G	0.06622	0.00764	0.92614
843 T	0.06690	0.00721	0.9259
844 G	0.06724	0.00726	0.92549
845 T	0.06757	0.00704	0.92539
846 T	0.06704	0.00776	0.9252
847 A	0.06471	0.01049	0.9248
848 T	0.06164	0.01384	0.92452
849 C	0.05251	0.02387	0.92362
850 G	0.04141	0.03735	0.92124
851 G	0.03625	0.04445	0.9193
852 A	0.03430	0.04845	0.91725
853 A	0.03298	0.04996	0.91706
854 A	0.03241	0.05061	0.91697
855 A	0.03178	0.05112	0.9171
856 T	0.03177	0.05105	0.91718
857 C	0.03072	0.05220	0.91709
858 A	0.02855	0.05562	0.91583
859 G	0.02784	0.05687	0.91529
860 G	0.02727	0.05800	0.91473
861 T	0.02689	0.05902	0.91409
862 G	0.02627	0.06030	0.91342
863 T	0.02613	0.06108	0.91278
864 A	0.02563	0.06203	0.91233
865 G	0.02544	0.06236	0.91219
866 A	0.02535	0.06290	0.91175
867 A	0.02492	0.06387	0.91121
868 A	0.02448	0.06464	0.91088
869 A	0.02466	0.06349	0.91186
870 A	0.02547	0.06038	0.91414
871 A	0.02634	0.05584	0.91781
872 T	0.02842	0.04457	0.92702
873 T	0.03037	0.03173	0.9379
874 T	0.03135	0.02651	0.94215
875 T	0.03167	0.02507	0.94326
876 A	0.03087	0.02564	0.94349
877 G	0.03051	0.02608	0.94341
878 A	0.03021	0.02697	0.94282
879 A	0.03015	0.02794	0.9419
880 A	0.03045	0.02680	0.94275
881 T	0.03209	0.02312	0.94479
882 T	0.03275	0.02212	0.94514
883 T	0.03283	0.02227	0.9449
884 C	0.03242	0.02404	0.94354
885 A	0.03259	0.03008	0.93733
886 T	0.03300	0.03958	0.92742
887 T	0.03268	0.05537	0.91195
888 A	0.03173	0.06349	0.90478
889 A	0.03151	0.06696	0.90152
890 A	0.03100	0.06977	0.89923
891 T	0.03135	0.07096	0.89769
892 G	0.03035	0.07330	0.89634
893 A	0.02923	0.07719	0.89358
894 T	0.02872	0.08077	0.8905
895 A	0.02693	0.08937	0.8837
896 A	0.02264	0.09660	0.88076
897 A	0.02013	0.10076	0.87911
898 G	0.01975	0.10226	0.87799
899 A	0.01982	0.10314	0.87703
900 A	0.02033	0.10359	0.87608
901 A	0.02146	0.10339	0.87516
902 A	0.02297	0.10244	0.87459
903 A	0.02334	0.10204	0.87462
904 G	0.02389	0.10147	0.87465
905 A	0.02499	0.10039	0.87462
906 A	0.02660	0.09827	0.87513
907 C	0.02979	0.09420	0.87602
908 A	0.03620	0.08791	0.87589
909 A	0.04685	0.07704	0.87611
910 T	0.06347	0.05974	0.87679
911 T	0.06944	0.05283	0.87773
912 A	0.07096	0.05089	0.87814
913 C	0.07277	0.04721	0.88002
914 T	0.07380	0.04610	0.8801
915 A	0.07363	0.04624	0.88013
916 A	0.07533	0.04378	0.88089
917 A	0.07871	0.03971	0.88158
918 T	0.08565	0.03122	0.88313
919 T	0.08830	0.02353	0.88817
920 C	0.08927	0.01959	0.89114
921 T	0.08985	0.01844	0.89171
922 G	0.08910	0.01898	0.89192
923 C	0.08978	0.01823	0.89199
924 T	0.09075	0.01778	0.89147
925 A	0.09107	0.01878	0.89015
926 A	0.09114	0.01904	0.88981
927 A	0.09145	0.01976	0.88878
928 T	0.09159	0.02093	0.88749
929 T	0.09022	0.02454	0.88524
930 A	0.08783	0.02826	0.8839
931 T	0.08764	0.02971	0.88265
932 T	0.08699	0.03201	0.881
933 A	0.08494	0.03743	0.87763
934 A	0.08382	0.03947	0.87671
935 A	0.08349	0.03937	0.87715
936 A	0.08248	0.03974	0.87777
937 G	0.08227	0.03891	0.87882
938 G	0.08275	0.03749	0.87976
939 T	0.08299	0.03668	0.88033
940 A	0.08276	0.03698	0.88026
941 T	0.08283	0.03643	0.88074
942 T	0.08281	0.03581	0.88137
943 A	0.08272	0.03515	0.88212
944 T	0.08280	0.03418	0.88302
945 C	0.08290	0.03266	0.88444
946 G	0.08303	0.03232	0.88465
947 A	0.08361	0.03160	0.88479
948 T	0.08503	0.02995	0.88501
949 G	0.08554	0.02931	0.88515
950 A	0.08682	0.02791	0.88527
951 A	0.08863	0.02544	0.88593
952 T	0.09220	0.01983	0.88797
953 C	0.09402	0.01533	0.89065
954 T	0.09602	0.01289	0.89109
955 A	0.09736	0.01101	0.89164
956 T	0.10019	0.00663	0.89317
957 T	0.10098	0.00498	0.89404
958 T	0.10134	0.00428	0.89438
959 T	0.10150	0.00293	0.89558
960 A	0.10160	0.00218	0.89622
961 T	0.10179	0.00141	0.8968
962 A	0.10194	0.00095	0.8971
963 A	0.10238	0.00000	0.89762
