# lcl|CP097583.1_cds_USQ93465.1_1
# AA	inside	membr	outside
1 A	0.81899	0.00000	0.18101
2 T	0.81855	0.00044	0.18101
3 G	0.81825	0.00074	0.18101
4 T	0.81825	0.00835	0.1734
5 T	0.81422	0.01997	0.16581
6 T	0.81422	0.02104	0.16474
7 A	0.76905	0.06652	0.16442
8 T	0.76905	0.06653	0.16442
9 A	0.75776	0.07805	0.16419
10 A	0.75774	0.08695	0.15531
11 A	0.75563	0.08996	0.15441
12 T	0.74153	0.10467	0.1538
13 A	0.71442	0.13683	0.14875
14 A	0.71441	0.13684	0.14875
15 A	0.71441	0.16322	0.12237
16 T	0.71419	0.16344	0.12237
17 T	0.71349	0.16424	0.12227
18 A	0.71342	0.16462	0.12196
19 T	0.71268	0.16545	0.12187
20 T	0.70817	0.17124	0.12059
21 A	0.69926	0.18014	0.1206
22 A	0.69989	0.17948	0.12063
23 T	0.70403	0.17485	0.12112
24 T	0.70762	0.17092	0.12146
25 T	0.70980	0.16398	0.12622
26 T	0.70989	0.16171	0.1284
27 T	0.71107	0.15555	0.13337
28 T	0.71158	0.15388	0.13454
29 T	0.71020	0.15488	0.13492
30 A	0.70789	0.13302	0.15909
31 A	0.70691	0.13271	0.16037
32 T	0.70685	0.12150	0.17165
33 A	0.70975	0.11558	0.17467
34 G	0.70939	0.11219	0.17842
35 G	0.71162	0.09774	0.19064
36 A	0.71698	0.07328	0.20974
37 G	0.71816	0.07119	0.21065
38 T	0.74150	0.04737	0.21112
39 T	0.74193	0.04855	0.20952
40 A	0.74220	0.04959	0.20821
41 T	0.74247	0.04877	0.20876
42 T	0.74256	0.04910	0.20834
43 T	0.74298	0.04575	0.21127
44 T	0.74277	0.04221	0.21502
45 A	0.74202	0.04376	0.21421
46 G	0.74172	0.04373	0.21455
47 G	0.74169	0.04333	0.21498
48 A	0.74226	0.04217	0.21557
49 G	0.74370	0.03934	0.21696
50 C	0.74658	0.03442	0.21901
51 T	0.75052	0.02995	0.21954
52 T	0.75238	0.02739	0.22023
53 T	0.75315	0.02680	0.22005
54 T	0.75338	0.02672	0.2199
55 T	0.75330	0.02720	0.21949
56 T	0.75319	0.02469	0.22211
57 T	0.75272	0.02472	0.22256
58 G	0.75184	0.02539	0.22277
59 G	0.75183	0.02551	0.22265
60 G	0.75184	0.02578	0.22238
61 G	0.75219	0.02577	0.22203
62 C	0.75509	0.02346	0.22145
63 T	0.75824	0.02176	0.22
64 A	0.75929	0.02227	0.21845
65 T	0.76131	0.02189	0.21681
66 T	0.76172	0.02467	0.21362
67 T	0.76245	0.02914	0.20841
68 T	0.76201	0.03134	0.20665
69 A	0.75028	0.04734	0.20237
70 T	0.74058	0.05879	0.20062
71 A	0.70037	0.10138	0.19825
72 C	0.68013	0.12251	0.19737
73 G	0.66739	0.13732	0.19529
74 A	0.66143	0.14364	0.19493
75 A	0.65985	0.14537	0.19478
76 T	0.66141	0.14371	0.19488
77 T	0.66124	0.14382	0.19495
78 C	0.66090	0.14350	0.1956
79 G	0.66085	0.14331	0.19585
80 C	0.66061	0.14311	0.19628
81 A	0.65928	0.14431	0.19641
82 T	0.65935	0.14412	0.19653
83 T	0.65847	0.14494	0.19658
84 A	0.65184	0.15140	0.19676
85 T	0.64622	0.15689	0.19689
86 C	0.63079	0.17200	0.1972
87 A	0.60706	0.19670	0.19624
88 G	0.60207	0.20234	0.19559
89 A	0.60090	0.20506	0.19404
90 A	0.60336	0.20275	0.19389
91 A	0.60572	0.19959	0.19469
92 T	0.61046	0.17870	0.21085
93 A	0.60805	0.16840	0.22356
94 T	0.60598	0.13006	0.26396
95 T	0.59789	0.12079	0.28131
96 T	0.59069	0.11763	0.29168
97 C	0.57964	0.12372	0.29664
98 C	0.56416	0.13855	0.29729
99 G	0.54643	0.15828	0.29529
100 T	0.53519	0.16988	0.29493
101 T	0.52151	0.18542	0.29307
102 A	0.50244	0.20798	0.28958
103 T	0.49186	0.22052	0.28763
104 C	0.47993	0.23094	0.28913
105 G	0.47311	0.23743	0.28946
106 A	0.46998	0.23830	0.29172
107 A	0.46800	0.23364	0.29836
108 A	0.46655	0.22871	0.30475
109 C	0.46684	0.21448	0.31868
110 C	0.46798	0.19006	0.34197
111 G	0.46888	0.18650	0.34462
112 T	0.47048	0.18491	0.34461
113 T	0.47089	0.19263	0.33648
114 T	0.47077	0.20480	0.32444
115 G	0.46930	0.21641	0.3143
116 A	0.46651	0.22732	0.30617
117 A	0.45332	0.24443	0.30225
118 T	0.45001	0.24712	0.30287
119 T	0.44731	0.25908	0.29361
120 A	0.43875	0.29469	0.26656
121 A	0.43672	0.31788	0.2454
122 A	0.43683	0.32896	0.23421
123 A	0.43676	0.34496	0.21828
124 A	0.43747	0.37262	0.18991
125 T	0.43920	0.40524	0.15556
126 T	0.43586	0.47303	0.0911
127 A	0.42469	0.51121	0.06411
128 T	0.41982	0.51699	0.06319
129 A	0.40634	0.53315	0.06052
130 A	0.40131	0.53673	0.06196
131 C	0.39896	0.53756	0.06348
132 C	0.39595	0.54109	0.06296
133 A	0.39517	0.54435	0.06048
134 C	0.39722	0.54490	0.05787
135 A	0.39918	0.55005	0.05077
136 A	0.40699	0.54406	0.04894
137 T	0.41957	0.53163	0.0488
138 A	0.42226	0.52768	0.05006
139 A	0.41506	0.53226	0.05267
140 C	0.41801	0.50632	0.07567
141 C	0.41129	0.50878	0.07992
142 G	0.39225	0.52988	0.07787
143 A	0.38293	0.55417	0.0629
144 A	0.36650	0.58692	0.04658
145 A	0.36564	0.59543	0.03893
146 A	0.37551	0.58804	0.03645
147 A	0.40025	0.56177	0.03797
148 G	0.43712	0.51935	0.04353
149 A	0.49543	0.45321	0.05135
150 T	0.51561	0.42062	0.06377
151 A	0.47766	0.45404	0.0683
152 C	0.44025	0.48073	0.07902
153 C	0.37961	0.53895	0.08144
154 A	0.29171	0.62714	0.08116
155 C	0.20660	0.71188	0.08152
156 C	0.16317	0.75671	0.08012
157 A	0.13435	0.79213	0.07352
158 A	0.12781	0.80455	0.06763
159 A	0.12236	0.81639	0.06125
160 T	0.11809	0.82154	0.06036
161 A	0.11110	0.82733	0.06157
162 T	0.10883	0.80334	0.08782
163 A	0.10639	0.79137	0.10225
164 A	0.10627	0.77119	0.12254
165 A	0.10961	0.73446	0.15593
166 A	0.12497	0.67763	0.19741
167 T	0.14112	0.61087	0.24801
168 T	0.14908	0.56885	0.28206
169 T	0.15178	0.53778	0.31044
170 T	0.15260	0.51844	0.32896
171 T	0.15226	0.51107	0.33667
172 A	0.15107	0.50809	0.34084
173 A	0.15050	0.49858	0.35092
174 A	0.15029	0.45396	0.39575
175 A	0.15034	0.40399	0.44566
176 A	0.15091	0.33913	0.50995
177 T	0.15331	0.24401	0.60268
178 T	0.15420	0.16201	0.68379
179 G	0.15507	0.12103	0.7239
180 G	0.16073	0.09572	0.74355
181 G	0.16766	0.08764	0.74471
182 T	0.17529	0.08012	0.74458
183 T	0.17698	0.08268	0.74034
184 T	0.17981	0.08939	0.7308
185 G	0.17941	0.10860	0.71199
186 G	0.17768	0.15225	0.67007
187 T	0.17809	0.21399	0.60793
188 A	0.16861	0.38592	0.44547
189 T	0.16445	0.53518	0.30037
190 A	0.15229	0.64012	0.20759
191 T	0.13552	0.74041	0.12407
192 A	0.07558	0.87708	0.04734
193 A	0.04532	0.91454	0.04014
194 A	0.03428	0.92757	0.03815
195 A	0.03128	0.93095	0.03777
196 A	0.03017	0.93255	0.03728
197 C	0.03171	0.93110	0.03719
198 A	0.03430	0.92942	0.03628
199 A	0.03842	0.92535	0.03623
200 T	0.04156	0.92220	0.03625
201 A	0.04291	0.92066	0.03643
202 A	0.04598	0.91726	0.03675
203 C	0.05246	0.90965	0.03789
204 T	0.06022	0.90164	0.03813
205 C	0.06493	0.89695	0.03812
206 A	0.07557	0.88712	0.0373
207 A	0.09274	0.87083	0.03643
208 A	0.11665	0.84761	0.03574
209 A	0.15984	0.80179	0.03838
210 A	0.22279	0.73790	0.03931
211 A	0.40051	0.54648	0.05301
212 T	0.57380	0.36252	0.06368
213 A	0.63735	0.28475	0.0779
214 A	0.68585	0.21717	0.09699
215 A	0.70343	0.14845	0.14812
216 T	0.67756	0.15361	0.16883
217 G	0.52662	0.31164	0.16174
218 A	0.34026	0.54865	0.11109
219 A	0.24449	0.67428	0.08124
220 T	0.17115	0.77718	0.05167
221 G	0.12858	0.82743	0.044
222 G	0.10359	0.85823	0.03817
223 A	0.08424	0.87922	0.03654
224 T	0.08065	0.88318	0.03616
225 A	0.07636	0.88795	0.03569
226 A	0.07635	0.88759	0.03605
227 C	0.07662	0.88677	0.03661
228 A	0.07686	0.88617	0.03698
229 A	0.07757	0.88493	0.0375
230 A	0.07851	0.88321	0.03829
231 T	0.07955	0.88139	0.03905
232 A	0.08017	0.88020	0.03964
233 T	0.08101	0.87530	0.0437
234 A	0.08134	0.87245	0.04621
235 A	0.08187	0.86749	0.05064
236 A	0.08288	0.85459	0.06253
237 A	0.08625	0.82877	0.08497
238 A	0.09310	0.78461	0.12229
239 A	0.10610	0.72403	0.16987
240 A	0.12961	0.54573	0.32465
241 T	0.18893	0.27725	0.53382
242 A	0.21757	0.13898	0.64345
243 A	0.24791	0.00000	0.75208
