# lcl|CP097583.1_cds_USQ93513.1_1
# AA	inside	membr	outside
1 A	0.32887	0.00000	0.67113
2 T	0.32600	0.00287	0.67113
3 G	0.32321	0.00566	0.67113
4 C	0.32321	0.02559	0.6512
5 C	0.31339	0.07018	0.61642
6 T	0.31339	0.09569	0.59091
7 G	0.25384	0.16296	0.5832
8 A	0.25384	0.16313	0.58303
9 T	0.24293	0.17659	0.58048
10 A	0.24289	0.32062	0.43648
11 G	0.23981	0.32817	0.43202
12 A	0.20673	0.36335	0.42992
13 A	0.17669	0.39830	0.42501
14 A	0.17668	0.39831	0.42501
15 A	0.17668	0.40915	0.41417
16 A	0.17656	0.40927	0.41417
17 A	0.17643	0.40954	0.41403
18 A	0.17643	0.40990	0.41367
19 G	0.17637	0.41034	0.4133
20 T	0.17593	0.42673	0.39735
21 A	0.16986	0.43289	0.39724
22 G	0.16962	0.43311	0.39728
23 A	0.16888	0.43367	0.39745
24 A	0.16949	0.43279	0.39771
25 A	0.17382	0.41693	0.40925
26 C	0.18200	0.39822	0.41978
27 T	0.20789	0.36383	0.42828
28 A	0.24383	0.32317	0.433
29 T	0.27551	0.29107	0.43342
30 T	0.30123	0.23785	0.46092
31 A	0.30519	0.23488	0.45994
32 T	0.31450	0.20860	0.4769
33 T	0.39905	0.11922	0.48173
34 T	0.39861	0.11590	0.4855
35 T	0.39617	0.09677	0.50706
36 T	0.39070	0.08428	0.52501
37 C	0.37703	0.09769	0.52529
38 C	0.37204	0.10336	0.5246
39 A	0.35476	0.12535	0.51988
40 C	0.35165	0.12926	0.51909
41 A	0.34775	0.13610	0.51615
42 A	0.34707	0.13806	0.51487
43 A	0.36262	0.12242	0.51496
44 T	0.36495	0.11531	0.51974
45 A	0.36566	0.11414	0.5202
46 A	0.36663	0.10942	0.52396
47 C	0.36855	0.10472	0.52672
48 T	0.37059	0.10246	0.52694
49 T	0.37151	0.10201	0.52648
50 T	0.37019	0.10390	0.52591
51 A	0.36797	0.10658	0.52544
52 T	0.36389	0.11103	0.52508
53 T	0.34863	0.12658	0.52479
54 A	0.33798	0.13879	0.52323
55 G	0.33449	0.14095	0.52456
56 A	0.33433	0.13953	0.52614
57 T	0.33540	0.13000	0.53461
58 G	0.33405	0.13233	0.53362
59 T	0.33506	0.12990	0.53504
60 T	0.33078	0.14322	0.52601
61 T	0.32046	0.15433	0.52521
62 T	0.30569	0.16476	0.52955
63 A	0.28183	0.18698	0.53119
64 A	0.27094	0.19436	0.5347
65 C	0.26444	0.19804	0.53752
66 T	0.25508	0.20786	0.53706
67 C	0.24318	0.22072	0.5361
68 A	0.23278	0.23820	0.52902
69 A	0.21725	0.26197	0.52078
70 A	0.20936	0.27285	0.51779
71 T	0.20282	0.28333	0.51385
72 A	0.19232	0.29771	0.50998
73 G	0.18700	0.30133	0.51167
74 A	0.18328	0.30330	0.51343
75 A	0.18135	0.30033	0.51831
76 G	0.18155	0.28886	0.52958
77 G	0.18417	0.27902	0.53682
78 A	0.18639	0.27756	0.53605
79 A	0.18944	0.27977	0.53079
80 A	0.19260	0.28203	0.52537
81 A	0.20081	0.27636	0.52284
82 A	0.20921	0.27107	0.51973
83 A	0.22495	0.24870	0.52634
84 T	0.23110	0.23069	0.53821
85 T	0.23283	0.21631	0.55086
86 T	0.23023	0.20223	0.56755
87 G	0.22178	0.20403	0.57418
88 A	0.21760	0.20541	0.57699
89 G	0.21456	0.20117	0.58427
90 A	0.21474	0.19288	0.59239
91 A	0.22077	0.17855	0.60068
92 T	0.22955	0.15455	0.6159
93 A	0.23166	0.14554	0.6228
94 G	0.23551	0.13398	0.63051
95 G	0.23933	0.12121	0.63946
96 T	0.24370	0.11200	0.6443
97 G	0.24412	0.10836	0.64752
98 C	0.24551	0.10530	0.64919
99 T	0.24886	0.10275	0.64839
100 C	0.24809	0.10607	0.64584
101 A	0.24881	0.11396	0.63723
102 A	0.25366	0.11431	0.63203
103 A	0.25947	0.11564	0.62489
104 A	0.26610	0.11396	0.61995
105 T	0.27660	0.10619	0.6172
106 G	0.28143	0.10262	0.61595
107 T	0.28944	0.09283	0.61773
108 T	0.29468	0.08680	0.61852
109 T	0.29742	0.08423	0.61835
110 T	0.29891	0.07769	0.6234
111 T	0.29596	0.07835	0.6257
112 T	0.29302	0.07964	0.62734
113 A	0.28388	0.08995	0.62617
114 C	0.27829	0.09661	0.6251
115 A	0.27504	0.11113	0.61383
116 A	0.27386	0.12238	0.60376
117 A	0.27114	0.13353	0.59533
118 A	0.26881	0.14503	0.58617
119 A	0.26655	0.15664	0.57681
120 T	0.26551	0.16314	0.57136
121 G	0.26350	0.16830	0.5682
122 A	0.26346	0.16821	0.56834
123 A	0.26562	0.16392	0.57046
124 G	0.27327	0.15332	0.57341
125 G	0.27852	0.14605	0.57543
126 C	0.28650	0.13682	0.57668
127 G	0.29254	0.13079	0.57667
128 C	0.29657	0.12685	0.57658
129 T	0.30247	0.12182	0.57571
130 T	0.30384	0.12078	0.57537
131 A	0.30433	0.12095	0.57471
132 T	0.30441	0.12106	0.57453
133 A	0.29968	0.12670	0.57363
134 C	0.29716	0.12228	0.58056
135 A	0.29109	0.12781	0.58111
136 G	0.28884	0.12229	0.58887
137 G	0.28696	0.12344	0.58961
138 A	0.29552	0.11710	0.58737
139 G	0.30473	0.11258	0.58269
140 A	0.31341	0.10470	0.58189
141 A	0.32373	0.09283	0.58345
142 A	0.33365	0.08005	0.5863
143 T	0.34193	0.06994	0.58813
144 T	0.34566	0.06370	0.59065
145 T	0.34604	0.06181	0.59215
146 C	0.34564	0.06134	0.59303
147 T	0.34344	0.06349	0.59307
148 C	0.34006	0.06710	0.59284
149 C	0.33668	0.07101	0.59231
150 T	0.33352	0.07753	0.58896
151 A	0.32760	0.08670	0.58571
152 A	0.32547	0.09003	0.5845
153 A	0.32417	0.09237	0.58346
154 A	0.32398	0.09332	0.5827
155 A	0.32452	0.09153	0.58396
156 T	0.32665	0.08366	0.58969
157 A	0.32723	0.08013	0.59265
158 T	0.33112	0.06944	0.59944
159 A	0.33230	0.06478	0.60292
160 C	0.33519	0.05786	0.60695
161 A	0.33808	0.05359	0.60833
162 T	0.34350	0.04739	0.60911
163 T	0.34580	0.04468	0.60951
164 C	0.34678	0.04358	0.60965
165 G	0.34648	0.04411	0.60941
166 T	0.34668	0.04384	0.60947
167 T	0.34649	0.04413	0.60938
168 A	0.34577	0.04505	0.60918
169 G	0.34574	0.04476	0.6095
170 G	0.34624	0.04088	0.61288
171 T	0.34710	0.03690	0.61601
172 G	0.34732	0.03619	0.61649
173 T	0.35036	0.03261	0.61703
174 T	0.35277	0.02813	0.6191
175 A	0.35281	0.02955	0.61764
176 A	0.35208	0.02921	0.6187
177 A	0.35228	0.02813	0.61959
178 T	0.35267	0.02675	0.62058
179 A	0.35163	0.02732	0.62105
180 C	0.35050	0.02746	0.62205
181 G	0.34956	0.02856	0.62187
182 C	0.34894	0.02989	0.62118
183 T	0.34794	0.03477	0.61729
184 T	0.34649	0.04254	0.61098
185 T	0.34230	0.04900	0.60869
186 A	0.33030	0.06378	0.60592
187 A	0.32689	0.06904	0.60407
188 T	0.32478	0.07235	0.60287
189 C	0.32233	0.07461	0.60307
190 G	0.32076	0.07648	0.60275
191 G	0.32054	0.07691	0.60255
192 A	0.32050	0.07734	0.60216
193 C	0.32164	0.07631	0.60205
194 A	0.32282	0.07544	0.60174
195 T	0.32654	0.07132	0.60215
196 T	0.32775	0.06995	0.6023
197 G	0.32815	0.06937	0.60248
198 T	0.32934	0.06794	0.60272
199 G	0.32855	0.06778	0.60367
200 A	0.32784	0.06896	0.60321
201 A	0.32696	0.07026	0.60279
202 A	0.32672	0.07035	0.60293
203 G	0.32658	0.06931	0.60411
204 A	0.32704	0.06898	0.60397
205 A	0.32831	0.06629	0.6054
206 G	0.33248	0.06065	0.60687
207 A	0.33852	0.05257	0.60891
208 A	0.34107	0.04488	0.61405
209 C	0.34397	0.02885	0.62718
210 A	0.34619	0.02407	0.62973
211 C	0.34869	0.02011	0.6312
212 T	0.34951	0.02102	0.62947
213 T	0.34996	0.02429	0.62574
214 T	0.35000	0.02640	0.6236
215 T	0.34968	0.02805	0.62228
216 T	0.34506	0.03596	0.61899
217 G	0.32919	0.05862	0.61219
218 G	0.32216	0.07474	0.60309
219 T	0.31761	0.08441	0.59798
220 G	0.31095	0.09211	0.59694
221 A	0.30477	0.09987	0.59535
222 A	0.29990	0.10584	0.59426
223 A	0.29708	0.11101	0.59191
224 C	0.29586	0.11183	0.5923
225 A	0.29589	0.11202	0.59209
226 G	0.29595	0.11199	0.59206
227 A	0.29684	0.11118	0.59197
228 C	0.29709	0.11094	0.59197
229 C	0.29726	0.11079	0.59195
230 A	0.29722	0.11098	0.5918
231 A	0.29729	0.11111	0.59159
232 A	0.29769	0.11095	0.59136
233 C	0.29860	0.11013	0.59127
234 A	0.29969	0.10941	0.5909
235 G	0.30349	0.10530	0.59121
236 T	0.30998	0.09845	0.59157
237 T	0.31332	0.09457	0.5921
238 A	0.31526	0.09219	0.59256
239 A	0.31902	0.08135	0.59963
240 T	0.32680	0.05584	0.61736
241 T	0.33349	0.04268	0.62383
242 T	0.33664	0.03862	0.62474
243 A	0.33596	0.03955	0.62448
244 A	0.33625	0.03677	0.62698
245 A	0.33701	0.03322	0.62977
246 A	0.33926	0.02761	0.63313
247 C	0.33909	0.02598	0.63493
248 T	0.33934	0.02627	0.63439
249 T	0.33800	0.03160	0.6304
250 C	0.33586	0.03404	0.6301
251 T	0.33452	0.03585	0.62963
252 A	0.33202	0.03843	0.62955
253 G	0.33105	0.03926	0.62969
254 C	0.33087	0.03942	0.62972
255 T	0.33114	0.03937	0.62949
256 C	0.33117	0.03966	0.62916
257 T	0.33155	0.03997	0.62849
258 T	0.33145	0.04140	0.62716
259 T	0.33103	0.04334	0.62563
260 T	0.33000	0.04464	0.62535
261 A	0.32261	0.05246	0.62493
262 A	0.32054	0.05439	0.62507
263 A	0.31964	0.05485	0.62551
264 C	0.31901	0.05456	0.62643
265 A	0.31776	0.05540	0.62685
266 T	0.31993	0.05206	0.62801
267 A	0.31655	0.05523	0.62822
268 A	0.31619	0.05544	0.62837
269 A	0.31575	0.05573	0.62851
270 T	0.31608	0.05385	0.63007
271 A	0.31635	0.05263	0.63102
272 T	0.31980	0.04679	0.6334
273 T	0.31942	0.04518	0.6354
274 T	0.31832	0.04494	0.63675
275 A	0.31502	0.04693	0.63805
276 T	0.31289	0.04837	0.63874
277 C	0.30709	0.05410	0.6388
278 C	0.30342	0.05771	0.63887
279 T	0.30221	0.05931	0.63848
280 A	0.30045	0.06144	0.63811
281 T	0.30089	0.06095	0.63815
282 C	0.29993	0.06185	0.63821
283 G	0.29702	0.06465	0.63834
284 T	0.29664	0.05824	0.64512
285 T	0.29610	0.05719	0.64671
286 T	0.29536	0.05780	0.64683
287 G	0.29448	0.05824	0.64728
288 T	0.29403	0.05500	0.65096
289 A	0.29330	0.05404	0.65267
290 T	0.29311	0.04968	0.65722
291 A	0.28953	0.05253	0.65795
292 G	0.28629	0.05589	0.65783
293 G	0.28527	0.05917	0.65556
294 A	0.28434	0.06270	0.65295
295 G	0.28368	0.06486	0.65146
296 A	0.28335	0.06831	0.64833
297 A	0.28316	0.07143	0.64542
298 G	0.28270	0.07327	0.64403
299 A	0.28321	0.07486	0.64193
300 T	0.28387	0.07159	0.64454
301 A	0.28344	0.07587	0.64069
302 T	0.28347	0.08411	0.63242
303 T	0.28249	0.10163	0.61589
304 A	0.27760	0.11331	0.60909
305 A	0.27587	0.11554	0.60859
306 T	0.27451	0.11494	0.61055
307 A	0.26768	0.12429	0.60803
308 C	0.26262	0.13122	0.60616
309 T	0.22571	0.18420	0.59009
310 A	0.15148	0.27476	0.57377
311 A	0.09841	0.33043	0.57116
312 A	0.06648	0.36320	0.57032
313 A	0.05305	0.37669	0.57026
314 A	0.04907	0.37726	0.57367
315 C	0.04798	0.37497	0.57706
316 G	0.04866	0.37382	0.57752
317 A	0.05115	0.37100	0.57784
318 A	0.05336	0.36879	0.57785
319 A	0.05632	0.36589	0.57779
320 A	0.05892	0.36327	0.57781
321 C	0.06178	0.35934	0.57888
322 A	0.06305	0.35800	0.57895
323 A	0.06568	0.35571	0.57861
324 A	0.07232	0.34882	0.57886
325 A	0.08111	0.33941	0.57948
326 C	0.09683	0.32229	0.58088
327 T	0.10535	0.30891	0.58574
328 A	0.10724	0.30574	0.58702
329 A	0.10670	0.30490	0.5884
330 A	0.10961	0.29651	0.59388
331 A	0.11130	0.29144	0.59725
332 T	0.12564	0.22995	0.64442
333 A	0.13776	0.14859	0.71366
334 T	0.14006	0.09238	0.76756
335 T	0.13897	0.07235	0.78868
336 C	0.13063	0.09403	0.77533
337 T	0.12428	0.15238	0.72335
338 T	0.10868	0.20045	0.69087
339 A	0.09091	0.24248	0.66661
340 G	0.08398	0.25637	0.65965
341 A	0.08075	0.27551	0.64374
342 A	0.08010	0.27692	0.64298
343 A	0.07944	0.27731	0.64326
344 A	0.07905	0.27636	0.64459
345 A	0.07904	0.27485	0.64612
346 C	0.07969	0.27551	0.64479
347 A	0.08024	0.28595	0.63381
348 A	0.08087	0.29221	0.62691
349 T	0.08162	0.29253	0.62586
350 T	0.08225	0.29233	0.62542
351 A	0.08291	0.29276	0.62434
352 G	0.08407	0.28910	0.62683
353 A	0.08599	0.28685	0.62716
354 A	0.08860	0.28390	0.6275
355 A	0.09275	0.27976	0.62749
356 A	0.10557	0.26539	0.62905
357 T	0.13249	0.23640	0.63111
358 A	0.14977	0.21806	0.63218
359 T	0.18767	0.16949	0.64284
360 T	0.22413	0.12629	0.64958
361 T	0.24240	0.09631	0.66129
362 T	0.24992	0.07839	0.67168
363 T	0.24987	0.07493	0.6752
364 C	0.24901	0.07557	0.67542
365 A	0.24406	0.08204	0.6739
366 A	0.23747	0.09008	0.67245
367 A	0.23506	0.09386	0.67109
368 A	0.23381	0.09739	0.6688
369 C	0.23660	0.09506	0.66834
370 G	0.24361	0.08854	0.66785
371 T	0.24672	0.08627	0.66701
372 T	0.23984	0.09328	0.66688
373 C	0.23046	0.10286	0.66667
374 C	0.22435	0.10939	0.66625
375 A	0.21409	0.12171	0.66421
376 C	0.20727	0.12948	0.66325
377 A	0.20106	0.13732	0.66163
378 A	0.19999	0.13916	0.66085
379 G	0.19920	0.13997	0.66083
380 A	0.19976	0.13937	0.66087
381 T	0.20417	0.13463	0.66119
382 T	0.20619	0.13056	0.66325
383 C	0.20618	0.12829	0.66553
384 T	0.20650	0.12725	0.66624
385 G	0.20576	0.12764	0.6666
386 T	0.20610	0.12598	0.66792
387 A	0.20346	0.12824	0.6683
388 G	0.20082	0.12975	0.66944
389 A	0.19684	0.13161	0.67156
390 A	0.19632	0.13219	0.67149
391 A	0.19820	0.13064	0.67116
392 A	0.19899	0.12811	0.67291
393 A	0.20014	0.12255	0.67731
394 A	0.20155	0.11416	0.68429
395 T	0.20277	0.10256	0.69467
396 T	0.20345	0.09172	0.70483
397 A	0.20394	0.08438	0.71167
398 T	0.20574	0.07184	0.72242
399 A	0.20629	0.06591	0.72779
400 T	0.20743	0.05760	0.73497
401 T	0.20778	0.05413	0.73809
402 A	0.20764	0.05170	0.74065
403 G	0.20766	0.04953	0.74281
404 C	0.20783	0.04893	0.74323
405 T	0.20816	0.04996	0.74187
406 T	0.20848	0.05101	0.74052
407 A	0.20900	0.05330	0.73769
408 T	0.21040	0.05147	0.73814
409 G	0.21094	0.05071	0.73835
410 A	0.21227	0.04645	0.74127
411 A	0.21424	0.04070	0.74506
412 C	0.21902	0.03010	0.75088
413 C	0.22391	0.02417	0.75192
414 T	0.22846	0.02316	0.74838
415 T	0.22986	0.02684	0.7433
416 T	0.22918	0.03935	0.73148
417 T	0.22706	0.05355	0.71939
418 T	0.22287	0.06105	0.71608
419 G	0.21553	0.07041	0.71406
420 G	0.21148	0.07640	0.71212
421 G	0.21040	0.07940	0.7102
422 C	0.21075	0.07905	0.7102
423 G	0.21048	0.07984	0.70968
424 A	0.21044	0.08084	0.70872
425 T	0.21056	0.08139	0.70806
426 C	0.21019	0.08286	0.70695
427 G	0.21047	0.08329	0.70624
428 G	0.21150	0.08287	0.70563
429 A	0.21257	0.08275	0.70469
430 A	0.21427	0.08152	0.70422
431 C	0.21343	0.08270	0.70386
432 A	0.20844	0.08907	0.70249
433 G	0.20294	0.09739	0.69967
434 G	0.19587	0.10665	0.69748
435 A	0.19243	0.11238	0.6952
436 A	0.19164	0.11529	0.69307
437 A	0.19458	0.11401	0.69141
438 A	0.19881	0.10869	0.6925
439 A	0.21161	0.09288	0.69551
440 G	0.22331	0.07768	0.69901
441 T	0.22823	0.06860	0.70317
442 C	0.22903	0.06264	0.70834
443 T	0.22939	0.06225	0.70836
444 T	0.22581	0.06592	0.70827
445 C	0.19488	0.09676	0.70835
446 A	0.17935	0.11245	0.7082
447 A	0.17097	0.12084	0.70819
448 C	0.16649	0.12444	0.70907
449 C	0.16279	0.12789	0.70931
450 T	0.15892	0.13283	0.70826
451 G	0.14902	0.14596	0.70503
452 A	0.14543	0.15333	0.70124
453 A	0.14369	0.15994	0.69637
454 G	0.14285	0.16038	0.69676
455 A	0.14382	0.15427	0.70191
456 T	0.14649	0.14535	0.70816
457 T	0.14700	0.13721	0.71578
458 C	0.14575	0.13464	0.71961
459 A	0.14544	0.13442	0.72014
460 A	0.14573	0.13397	0.7203
461 A	0.14521	0.13405	0.72074
462 C	0.14510	0.13329	0.72162
463 G	0.14533	0.13352	0.72116
464 A	0.14541	0.13489	0.7197
465 A	0.14618	0.13527	0.71855
466 A	0.14799	0.13506	0.71696
467 T	0.14785	0.13371	0.71844
468 T	0.14566	0.10833	0.746
469 A	0.14218	0.10395	0.75387
470 T	0.13763	0.10854	0.75382
471 A	0.12580	0.14742	0.72678
472 A	0.12208	0.18003	0.69789
473 A	0.12121	0.19421	0.68458
474 A	0.12297	0.19471	0.68232
475 A	0.12621	0.19423	0.67956
476 A	0.13097	0.19033	0.67869
477 T	0.13254	0.18749	0.67997
478 A	0.13309	0.18637	0.68054
479 T	0.13401	0.18434	0.68166
480 T	0.13382	0.18281	0.68337
481 C	0.13283	0.18154	0.68563
482 G	0.13216	0.18155	0.68629
483 T	0.13212	0.18130	0.68658
484 C	0.13174	0.18161	0.68664
485 A	0.13140	0.18226	0.68633
486 A	0.13165	0.18226	0.68609
487 A	0.13355	0.18038	0.68606
488 A	0.13627	0.17756	0.68617
489 A	0.14134	0.17214	0.68652
490 G	0.14785	0.16274	0.6894
491 T	0.16068	0.14624	0.69307
492 A	0.16945	0.13347	0.69708
493 G	0.18091	0.11598	0.7031
494 C	0.21044	0.07447	0.71509
495 T	0.24214	0.04007	0.71779
496 T	0.25658	0.02433	0.71909
497 C	0.26401	0.01615	0.71984
498 T	0.26897	0.01106	0.71997
499 T	0.27083	0.00919	0.71997
500 T	0.27126	0.00870	0.72003
501 G	0.27148	0.00855	0.71998
502 T	0.27191	0.00814	0.71995
503 T	0.27127	0.00833	0.7204
504 T	0.26877	0.01036	0.72087
505 T	0.26317	0.01589	0.72094
506 C	0.24570	0.03471	0.71959
507 T	0.22818	0.05846	0.71336
508 A	0.20736	0.09519	0.69745
509 A	0.19011	0.12099	0.68889
510 T	0.17780	0.14154	0.68066
511 G	0.16266	0.16261	0.67473
512 A	0.15077	0.17866	0.67057
513 A	0.13593	0.19675	0.66732
514 T	0.12854	0.20434	0.66711
515 T	0.12034	0.21271	0.66695
516 A	0.11423	0.21883	0.66694
517 G	0.10931	0.22377	0.66693
518 C	0.10727	0.22581	0.66692
519 T	0.10624	0.22694	0.66682
520 C	0.10380	0.22958	0.66662
521 A	0.10240	0.23150	0.66611
522 A	0.10143	0.23286	0.66571
523 A	0.10111	0.23377	0.66511
524 A	0.10119	0.23376	0.66505
525 A	0.10139	0.23342	0.66519
526 A	0.10217	0.23003	0.66781
527 T	0.10384	0.22318	0.67298
528 A	0.10508	0.21514	0.67978
529 A	0.10753	0.19529	0.69718
530 G	0.11413	0.17105	0.71482
531 A	0.12960	0.13760	0.7328
532 A	0.13883	0.11247	0.74869
533 T	0.14899	0.08802	0.76299
534 T	0.15407	0.06911	0.77682
535 A	0.15616	0.05868	0.78516
536 T	0.15773	0.04469	0.79758
537 T	0.15739	0.03999	0.80261
538 T	0.15702	0.03745	0.80552
539 A	0.15624	0.03765	0.8061
540 T	0.15574	0.03594	0.80831
541 G	0.15391	0.04009	0.806
542 G	0.15312	0.04392	0.80296
543 T	0.15139	0.05332	0.79529
544 G	0.14934	0.05629	0.79437
545 G	0.14786	0.06040	0.79173
546 T	0.14768	0.06443	0.78789
547 T	0.14685	0.06657	0.78659
548 C	0.14542	0.07075	0.78383
549 T	0.14394	0.08525	0.7708
550 A	0.13928	0.10177	0.75895
551 C	0.13684	0.10738	0.75578
552 T	0.13421	0.11942	0.74638
553 A	0.13072	0.12891	0.74036
554 A	0.12978	0.13212	0.73811
555 T	0.13047	0.13237	0.73717
556 G	0.13025	0.13267	0.73708
557 A	0.13134	0.13156	0.7371
558 A	0.13501	0.12758	0.7374
559 T	0.13920	0.12285	0.73795
560 C	0.14104	0.12041	0.73854
561 T	0.14577	0.11612	0.7381
562 A	0.14781	0.11596	0.73623
563 A	0.15036	0.11468	0.73496
564 T	0.15398	0.11097	0.73505
565 A	0.15584	0.11142	0.73274
566 T	0.16011	0.10740	0.73249
567 A	0.15161	0.11697	0.73142
568 G	0.14849	0.12096	0.73055
569 A	0.14479	0.12816	0.72705
570 A	0.14154	0.13534	0.72312
571 A	0.14395	0.13475	0.72131
572 T	0.16098	0.11703	0.72199
573 T	0.17245	0.10338	0.72417
574 A	0.17176	0.10564	0.7226
575 T	0.17603	0.10056	0.7234
576 T	0.17459	0.10503	0.72039
577 T	0.16792	0.12292	0.70916
578 T	0.15648	0.14581	0.6977
579 A	0.14208	0.16340	0.69453
580 A	0.13492	0.17265	0.69243
581 A	0.13090	0.17733	0.69176
582 A	0.12908	0.17938	0.69154
583 C	0.12598	0.18223	0.69178
584 A	0.12183	0.18683	0.69134
585 A	0.11964	0.18918	0.69118
586 A	0.11908	0.18957	0.69135
587 A	0.11879	0.18957	0.69164
588 A	0.12114	0.18643	0.69243
589 G	0.12400	0.17891	0.69709
590 A	0.12729	0.16713	0.70558
591 A	0.13050	0.15868	0.71082
592 A	0.13467	0.14791	0.71742
593 T	0.14064	0.13618	0.72318
594 T	0.14394	0.13118	0.72488
595 G	0.14445	0.13085	0.7247
596 A	0.14658	0.12637	0.72705
597 T	0.15090	0.11389	0.73521
598 G	0.15241	0.10519	0.7424
599 G	0.15745	0.09154	0.75102
600 C	0.16956	0.07102	0.75942
601 G	0.17981	0.05507	0.76512
602 T	0.18342	0.04513	0.77146
603 T	0.18524	0.03997	0.77478
604 T	0.18538	0.03922	0.77541
605 T	0.18356	0.04386	0.77258
606 A	0.18000	0.05568	0.76432
607 A	0.17794	0.05782	0.76425
608 T	0.17678	0.05874	0.76448
609 A	0.17479	0.06341	0.76179
610 G	0.17417	0.06494	0.76089
611 G	0.17384	0.07060	0.75556
612 A	0.17348	0.08037	0.74616
613 A	0.17396	0.08746	0.73857
614 A	0.17529	0.09035	0.73436
615 T	0.17717	0.09090	0.73194
616 A	0.17767	0.09072	0.73161
617 G	0.17884	0.08927	0.73189
618 T	0.18073	0.08665	0.73262
619 T	0.18097	0.08592	0.73312
620 C	0.18099	0.08585	0.73316
621 T	0.18115	0.08629	0.73256
622 T	0.18048	0.08811	0.73142
623 T	0.17917	0.09050	0.73034
624 A	0.17673	0.09380	0.72947
625 G	0.17579	0.09503	0.72918
626 A	0.17561	0.09493	0.72946
627 A	0.17701	0.09268	0.73032
628 G	0.18101	0.08597	0.73303
629 T	0.19362	0.06962	0.73675
630 G	0.19836	0.06268	0.73895
631 T	0.20403	0.05565	0.74032
632 C	0.20846	0.04993	0.74161
633 A	0.21065	0.04795	0.7414
634 A	0.21520	0.04333	0.74147
635 G	0.22368	0.03423	0.74208
636 T	0.23148	0.02612	0.74239
637 T	0.23592	0.02175	0.74233
638 T	0.23838	0.01942	0.74219
639 C	0.23877	0.01935	0.74188
640 T	0.23906	0.02003	0.74091
641 T	0.23882	0.02108	0.7401
642 A	0.23857	0.02279	0.73864
643 T	0.23891	0.02370	0.7374
644 A	0.23878	0.02582	0.73539
645 T	0.23958	0.02560	0.73482
646 T	0.23986	0.02403	0.73611
647 T	0.23868	0.02345	0.73786
648 T	0.23632	0.02524	0.73844
649 T	0.23016	0.03142	0.73843
650 C	0.22055	0.04144	0.738
651 T	0.21150	0.05260	0.7359
652 A	0.19891	0.06847	0.73262
653 A	0.19468	0.07568	0.72964
654 A	0.19166	0.08128	0.72705
655 A	0.18874	0.08759	0.72367
656 T	0.18723	0.09112	0.72165
657 A	0.18415	0.09473	0.72112
658 G	0.17805	0.10133	0.72062
659 G	0.17477	0.10629	0.71895
660 A	0.17331	0.10919	0.7175
661 C	0.17188	0.11291	0.71521
662 T	0.17144	0.11832	0.71024
663 T	0.16961	0.12423	0.70615
664 A	0.16757	0.13206	0.70037
665 A	0.16701	0.13524	0.69775
666 A	0.16722	0.13694	0.69584
667 A	0.16854	0.13618	0.69528
668 T	0.17031	0.13391	0.69579
669 A	0.16756	0.13768	0.69476
670 T	0.16588	0.13802	0.6961
671 A	0.16131	0.14056	0.69813
672 T	0.15821	0.13770	0.70409
673 A	0.15229	0.13606	0.71165
674 A	0.14780	0.13233	0.71987
675 C	0.14667	0.12276	0.73057
676 A	0.14408	0.12784	0.72807
677 A	0.14084	0.13734	0.72182
678 A	0.14168	0.14027	0.71805
679 A	0.14171	0.14435	0.71394
680 A	0.14265	0.14171	0.71564
681 A	0.14457	0.13296	0.72247
682 T	0.14834	0.12406	0.7276
683 A	0.15131	0.11811	0.73058
684 T	0.15692	0.10824	0.73485
685 T	0.16208	0.10012	0.73781
686 C	0.16529	0.09372	0.741
687 T	0.16920	0.08843	0.74236
688 G	0.17082	0.08594	0.74324
689 A	0.17237	0.08382	0.74381
690 T	0.17454	0.08105	0.74441
691 A	0.17595	0.07922	0.74483
692 T	0.17887	0.07163	0.7495
693 T	0.18080	0.06590	0.75329
694 T	0.18128	0.05962	0.7591
695 T	0.18155	0.05549	0.76296
696 A	0.18186	0.05007	0.76807
697 G	0.18233	0.04433	0.77335
698 A	0.18330	0.04026	0.77645
699 A	0.18831	0.03032	0.78138
700 T	0.19669	0.01638	0.78693
701 A	0.20197	0.00834	0.78969
702 A	0.20749	0.00000	0.7925
