# lcl|CP097583.1_cds_USQ93552.1_1
# AA	inside	membr	outside
1 A	0.63100	0.00000	0.369
2 T	0.63020	0.00080	0.369
3 G	0.62973	0.00127	0.369
4 T	0.62973	0.05047	0.3198
5 T	0.61856	0.12014	0.2613
6 T	0.61856	0.13008	0.25136
7 A	0.54930	0.20236	0.24833
8 A	0.54930	0.20242	0.24828
9 A	0.54360	0.20860	0.24779
10 T	0.54359	0.22546	0.23094
11 T	0.54180	0.22863	0.22956
12 A	0.47373	0.29813	0.22814
13 A	0.38121	0.39689	0.22189
14 A	0.38119	0.39692	0.22189
15 A	0.38119	0.41648	0.20232
16 A	0.37963	0.41804	0.20232
17 A	0.37713	0.42064	0.20223
18 A	0.37708	0.42090	0.20202
19 C	0.37656	0.42148	0.20195
20 A	0.37455	0.42578	0.19967
21 A	0.37350	0.42683	0.19967
22 T	0.38291	0.41743	0.19966
23 T	0.39442	0.40583	0.19975
24 A	0.40667	0.39352	0.1998
25 T	0.43269	0.35796	0.20936
26 T	0.44081	0.34514	0.21405
27 T	0.46453	0.30944	0.22603
28 T	0.48755	0.27631	0.23615
29 T	0.49311	0.26707	0.23982
30 A	0.49548	0.22453	0.27999
31 T	0.49617	0.21730	0.28653
32 T	0.49665	0.20359	0.29975
33 T	0.50496	0.18828	0.30675
34 A	0.50347	0.18729	0.30924
35 A	0.50312	0.13811	0.35877
36 A	0.50665	0.06439	0.42895
37 A	0.50717	0.06179	0.43104
38 T	0.52616	0.04083	0.43301
39 A	0.52659	0.04498	0.42843
40 G	0.52754	0.04286	0.4296
41 T	0.52841	0.04447	0.42712
42 T	0.52892	0.04510	0.42598
43 T	0.53029	0.04277	0.42694
44 T	0.52997	0.04420	0.42583
45 A	0.52931	0.04613	0.42455
46 T	0.52919	0.04609	0.42472
47 T	0.52895	0.04618	0.42487
48 C	0.52870	0.04650	0.4248
49 G	0.52869	0.04775	0.42357
50 T	0.52898	0.04853	0.42249
51 T	0.52913	0.04866	0.42221
52 T	0.52936	0.04871	0.42193
53 G	0.52963	0.04856	0.42181
54 T	0.53035	0.04764	0.42201
55 T	0.53062	0.04747	0.42191
56 T	0.53147	0.04535	0.42318
57 A	0.53263	0.04383	0.42354
58 G	0.53399	0.04249	0.42352
59 G	0.53591	0.04114	0.42294
60 G	0.53814	0.04012	0.42174
61 T	0.54114	0.04026	0.4186
62 T	0.54747	0.03543	0.41711
63 A	0.54909	0.03539	0.41552
64 T	0.55273	0.03241	0.41486
65 T	0.55465	0.03110	0.41425
66 A	0.55518	0.03151	0.41331
67 T	0.55745	0.02983	0.41272
68 T	0.55860	0.03008	0.41133
69 T	0.55757	0.03608	0.40635
70 G	0.55293	0.04720	0.39987
71 T	0.55095	0.05364	0.39541
72 T	0.54795	0.06400	0.38805
73 A	0.54117	0.08103	0.3778
74 T	0.53614	0.08785	0.37602
75 T	0.52129	0.10607	0.37263
76 A	0.48245	0.15348	0.36407
77 A	0.45148	0.19456	0.35396
78 C	0.42282	0.23252	0.34466
79 A	0.40080	0.26829	0.33091
80 A	0.39227	0.28887	0.31886
81 T	0.39100	0.29177	0.31723
82 A	0.38635	0.29906	0.31459
83 A	0.38426	0.30351	0.31223
84 T	0.38534	0.30336	0.3113
85 C	0.38229	0.30707	0.31065
86 T	0.37282	0.31843	0.30875
87 G	0.35302	0.34001	0.30697
88 G	0.33066	0.36457	0.30477
89 A	0.32910	0.36736	0.30355
90 A	0.32868	0.36811	0.30321
91 A	0.32966	0.36650	0.30384
92 A	0.33581	0.35828	0.30591
93 T	0.34343	0.34370	0.31286
94 G	0.34676	0.33677	0.31647
95 G	0.35200	0.32734	0.32067
96 A	0.35861	0.31491	0.32647
97 A	0.36087	0.30706	0.33207
98 A	0.36473	0.28796	0.34731
99 A	0.37492	0.24238	0.3827
100 A	0.38772	0.19791	0.41438
101 T	0.40022	0.15331	0.44647
102 G	0.41089	0.12022	0.46889
103 C	0.42098	0.09872	0.4803
104 A	0.42343	0.09284	0.48373
105 G	0.42729	0.08256	0.49015
106 T	0.43193	0.07413	0.49394
107 T	0.43497	0.06805	0.49699
108 T	0.43664	0.06261	0.50075
109 T	0.43833	0.04698	0.5147
110 A	0.43928	0.02612	0.5346
111 G	0.44083	0.00000	0.55917
