# lcl|CP097583.1_cds_USQ93327.1_1
# AA	inside	membr	outside
1 A	0.85980	0.00000	0.1402
2 T	0.85951	0.00030	0.1402
3 G	0.85929	0.00051	0.1402
4 T	0.85929	0.00259	0.13812
5 T	0.85536	0.00816	0.13648
6 A	0.85536	0.00829	0.13635
7 T	0.83675	0.02692	0.13634
8 C	0.83674	0.02692	0.13634
9 A	0.83406	0.02961	0.13634
10 C	0.83405	0.02975	0.1362
11 C	0.83396	0.02987	0.13618
12 T	0.83280	0.03107	0.13614
13 T	0.82982	0.03447	0.13571
14 T	0.82982	0.03447	0.13571
15 T	0.82982	0.05136	0.11883
16 A	0.82800	0.05318	0.11883
17 A	0.82647	0.05485	0.11868
18 T	0.82643	0.05505	0.11853
19 T	0.82477	0.05682	0.11841
20 T	0.80581	0.07847	0.11572
21 T	0.72849	0.15578	0.11573
22 A	0.71236	0.17359	0.11405
23 T	0.70364	0.18414	0.11221
24 G	0.68411	0.20831	0.10758
25 A	0.67654	0.21833	0.10513
26 A	0.67442	0.22270	0.10288
27 T	0.67541	0.21986	0.10472
28 A	0.67471	0.22015	0.10514
29 T	0.67421	0.21979	0.10601
30 T	0.67320	0.20792	0.11887
31 T	0.67144	0.20893	0.11963
32 T	0.66790	0.21018	0.12192
33 C	0.65795	0.22062	0.12144
34 G	0.65410	0.22985	0.11605
35 G	0.65101	0.23822	0.11077
36 A	0.64990	0.24524	0.10486
37 A	0.64970	0.24838	0.10193
38 A	0.66471	0.23421	0.10107
39 T	0.66459	0.23078	0.10462
40 T	0.66428	0.22587	0.10985
41 T	0.66312	0.22106	0.11582
42 A	0.65908	0.22186	0.11907
43 A	0.65936	0.20497	0.13567
44 A	0.65729	0.14894	0.19376
45 A	0.65822	0.13174	0.21004
46 A	0.66001	0.11922	0.22077
47 T	0.66510	0.09542	0.23947
48 G	0.66749	0.08888	0.24364
49 T	0.67011	0.08827	0.24162
50 A	0.67015	0.09469	0.23516
51 T	0.67181	0.10189	0.2263
52 T	0.67128	0.10335	0.22537
53 T	0.66811	0.11751	0.21438
54 A	0.66012	0.13283	0.20705
55 A	0.65725	0.13552	0.20723
56 C	0.65764	0.12851	0.21385
57 A	0.66163	0.13246	0.20591
58 T	0.66747	0.13372	0.19881
59 T	0.67332	0.12986	0.19681
60 T	0.67428	0.13154	0.19418
61 T	0.67286	0.13609	0.19105
62 T	0.67016	0.13934	0.19049
63 T	0.66620	0.14396	0.18983
64 A	0.66270	0.14696	0.19034
65 T	0.66102	0.14578	0.1932
66 A	0.65554	0.15096	0.19349
67 G	0.65284	0.15195	0.19521
68 T	0.65193	0.15234	0.19572
69 A	0.64785	0.15674	0.19542
70 G	0.64723	0.15753	0.19524
71 G	0.64963	0.15480	0.19557
72 A	0.65333	0.15100	0.19567
73 A	0.66101	0.14231	0.19668
74 T	0.67447	0.12767	0.19786
75 A	0.67826	0.12290	0.19885
76 A	0.69184	0.10584	0.20232
77 T	0.70363	0.08619	0.21018
78 T	0.70860	0.07796	0.21343
79 A	0.71079	0.07441	0.2148
80 T	0.72151	0.06139	0.21711
81 T	0.72863	0.05289	0.21848
82 T	0.72950	0.05053	0.21998
83 T	0.72964	0.04825	0.22212
84 T	0.72533	0.05015	0.22452
85 T	0.71027	0.06268	0.22705
86 T	0.67612	0.09624	0.22763
87 T	0.64274	0.12887	0.22839
88 A	0.60902	0.16257	0.22841
89 T	0.59655	0.17086	0.23259
90 T	0.58522	0.17998	0.2348
91 A	0.57031	0.19358	0.2361
92 T	0.56646	0.19375	0.23979
93 T	0.56411	0.19480	0.24109
94 T	0.56212	0.19615	0.24173
95 C	0.55908	0.19899	0.24194
96 C	0.55675	0.20167	0.24158
97 T	0.55538	0.20470	0.23992
98 T	0.55393	0.20942	0.23665
99 A	0.54983	0.21962	0.23055
100 A	0.54574	0.22785	0.2264
101 T	0.54369	0.23406	0.22224
102 T	0.53981	0.23965	0.22054
103 A	0.53623	0.24602	0.21775
104 A	0.53483	0.24611	0.21906
105 T	0.53491	0.24264	0.22244
106 A	0.53467	0.23995	0.22538
107 A	0.53524	0.23075	0.234
108 A	0.53645	0.20280	0.26074
109 T	0.53956	0.15027	0.31017
110 T	0.54084	0.11785	0.34131
111 T	0.53929	0.09603	0.36469
112 C	0.53209	0.09431	0.37361
113 G	0.52370	0.09973	0.37656
114 T	0.51842	0.10766	0.37391
115 G	0.49985	0.14416	0.356
116 G	0.48397	0.19772	0.31832
117 A	0.46698	0.28958	0.24345
118 A	0.44824	0.41065	0.14111
119 A	0.43790	0.46885	0.09326
120 A	0.43582	0.49279	0.07139
121 A	0.43749	0.49183	0.07068
122 A	0.44294	0.48487	0.07219
123 A	0.44686	0.47917	0.07396
124 T	0.45146	0.47128	0.07727
125 C	0.45288	0.46585	0.08127
126 T	0.45487	0.46271	0.08242
127 T	0.45287	0.46608	0.08105
128 C	0.44797	0.47230	0.07973
129 A	0.44606	0.47880	0.07514
130 A	0.44500	0.48213	0.07287
131 T	0.44440	0.48393	0.07168
132 G	0.44307	0.48660	0.07033
133 A	0.44269	0.48803	0.06928
134 A	0.44266	0.48566	0.07168
135 A	0.44357	0.47674	0.07969
136 G	0.44791	0.46284	0.08924
137 A	0.46255	0.44315	0.0943
138 A	0.48794	0.40225	0.1098
139 A	0.53275	0.34299	0.12426
140 A	0.60987	0.24922	0.14091
141 T	0.71544	0.12454	0.16002
142 T	0.75662	0.07426	0.16912
143 T	0.77172	0.05783	0.17044
144 A	0.77292	0.06279	0.16429
145 A	0.77484	0.06779	0.15737
146 T	0.77815	0.06536	0.15649
147 T	0.77872	0.06537	0.15591
148 T	0.77936	0.06608	0.15456
149 A	0.78037	0.06611	0.15351
150 T	0.78314	0.06116	0.1557
151 C	0.78446	0.05626	0.15928
152 T	0.78857	0.05530	0.15612
153 T	0.78854	0.05758	0.15389
154 T	0.78853	0.05988	0.15159
155 T	0.78804	0.06532	0.14665
156 G	0.78578	0.07228	0.14194
157 A	0.78379	0.07628	0.13993
158 T	0.78255	0.07866	0.13879
159 T	0.77730	0.08790	0.1348
160 A	0.76733	0.10231	0.13036
161 T	0.76164	0.10956	0.1288
162 A	0.74406	0.12878	0.12717
163 A	0.74070	0.13417	0.12513
164 T	0.74091	0.13692	0.12217
165 A	0.74021	0.14021	0.11958
166 G	0.74179	0.13848	0.11973
167 G	0.74849	0.13151	0.12001
168 T	0.75691	0.12288	0.12022
169 A	0.75947	0.12020	0.12033
170 C	0.76281	0.11636	0.12084
171 T	0.76691	0.11208	0.121
172 T	0.76976	0.10903	0.12121
173 T	0.77128	0.10738	0.12134
174 A	0.77264	0.10583	0.12153
175 T	0.77745	0.10063	0.12193
176 T	0.77993	0.09537	0.1247
177 T	0.78190	0.09152	0.12658
178 T	0.78698	0.08458	0.12844
179 T	0.79213	0.07674	0.13113
180 A	0.79441	0.07065	0.13494
181 A	0.79607	0.06636	0.13757
182 T	0.80048	0.05579	0.14373
183 T	0.80389	0.04393	0.15218
184 T	0.80420	0.03847	0.15733
185 G	0.80381	0.02213	0.17406
186 G	0.80538	0.01821	0.17641
187 T	0.80877	0.01479	0.17644
188 T	0.81116	0.01227	0.17657
189 T	0.81122	0.01268	0.17611
190 T	0.81120	0.01317	0.17563
191 T	0.81093	0.01371	0.17536
192 T	0.80896	0.01640	0.17464
193 T	0.80784	0.01858	0.17358
194 T	0.80525	0.02143	0.17332
195 C	0.79854	0.02895	0.1725
196 T	0.78865	0.04322	0.16813
197 T	0.76449	0.07584	0.15966
198 C	0.59126	0.26129	0.14745
199 A	0.40799	0.49384	0.09816
200 A	0.31449	0.60380	0.08171
201 A	0.26420	0.66083	0.07497
202 A	0.22743	0.70334	0.06924
203 A	0.20997	0.72303	0.067
204 A	0.20448	0.72996	0.06556
205 G	0.20059	0.73370	0.06571
206 A	0.19953	0.73469	0.06578
207 A	0.19947	0.73438	0.06614
208 T	0.20066	0.73285	0.06649
209 C	0.20055	0.73430	0.06514
210 T	0.20016	0.73745	0.06239
211 A	0.19927	0.73893	0.0618
212 T	0.19849	0.74016	0.06135
213 A	0.19523	0.74426	0.06051
214 A	0.19331	0.74618	0.06051
215 C	0.19239	0.74292	0.06469
216 A	0.19229	0.74171	0.066
217 A	0.19208	0.73710	0.07081
218 A	0.19380	0.72511	0.08109
219 G	0.20015	0.70409	0.09577
220 A	0.21049	0.67643	0.11308
221 A	0.22566	0.48764	0.2867
222 T	0.27422	0.26038	0.4654
223 T	0.28780	0.16121	0.55099
224 A	0.29065	0.14266	0.56669
225 T	0.29259	0.14919	0.55822
226 G	0.28666	0.19029	0.52305
227 A	0.28381	0.21097	0.50522
228 T	0.28254	0.21875	0.49871
229 A	0.28104	0.24106	0.4779
230 A	0.27992	0.30538	0.4147
231 A	0.28024	0.37673	0.34303
232 T	0.28227	0.41951	0.29822
233 T	0.28042	0.45973	0.25984
234 A	0.26889	0.48374	0.24737
235 A	0.26657	0.49941	0.23402
236 T	0.26590	0.49858	0.23552
237 T	0.26239	0.50032	0.23729
238 C	0.25135	0.51028	0.23837
239 A	0.24228	0.51968	0.23803
240 C	0.23259	0.53015	0.23726
241 C	0.21938	0.54843	0.23219
242 A	0.20289	0.57656	0.22055
243 A	0.20145	0.58226	0.21628
244 G	0.21586	0.57302	0.21111
245 T	0.23737	0.55587	0.20677
246 T	0.25053	0.54340	0.20607
247 A	0.26033	0.53350	0.20617
248 A	0.28271	0.50926	0.20802
249 T	0.31429	0.47094	0.21478
250 C	0.30417	0.47911	0.21673
251 A	0.29106	0.49563	0.21332
252 A	0.30206	0.48881	0.20913
253 G	0.35181	0.44046	0.20774
254 G	0.41107	0.38256	0.20637
255 T	0.45543	0.33936	0.20521
256 A	0.48302	0.31040	0.20658
257 T	0.49474	0.28800	0.21726
258 A	0.49564	0.28585	0.21852
259 G	0.48389	0.29611	0.22
260 A	0.47501	0.30224	0.22275
261 T	0.47055	0.29767	0.23178
262 A	0.45621	0.30913	0.23466
263 A	0.45075	0.31124	0.238
264 A	0.44876	0.30264	0.2486
265 T	0.44895	0.28718	0.26387
266 A	0.43401	0.29743	0.26856
267 T	0.43397	0.29270	0.27333
268 G	0.42634	0.29922	0.27445
269 A	0.42145	0.30497	0.27358
270 T	0.42085	0.30167	0.27748
271 A	0.41786	0.31023	0.27191
272 A	0.41129	0.31316	0.27555
273 T	0.41011	0.29215	0.29774
274 G	0.40372	0.27692	0.31936
275 T	0.40245	0.26842	0.32913
276 T	0.39525	0.27127	0.33349
277 T	0.38725	0.28150	0.33125
278 G	0.37966	0.29036	0.32998
279 T	0.37595	0.29959	0.32447
280 A	0.37066	0.31288	0.31646
281 A	0.36978	0.31124	0.31898
282 T	0.36904	0.30532	0.32564
283 A	0.36268	0.31917	0.31815
284 A	0.36038	0.31722	0.32239
285 A	0.35572	0.30544	0.33885
286 T	0.35775	0.29222	0.35004
287 A	0.35345	0.28742	0.35914
288 T	0.35385	0.27276	0.37339
289 C	0.35027	0.25963	0.39009
290 A	0.34815	0.26241	0.38944
291 A	0.34822	0.25879	0.39298
292 G	0.35229	0.25261	0.39509
293 G	0.35738	0.25052	0.39211
294 T	0.37058	0.24446	0.38496
295 T	0.37399	0.23388	0.39213
296 T	0.37309	0.23186	0.39505
297 A	0.37077	0.22961	0.39962
298 G	0.37136	0.21783	0.41082
299 C	0.37507	0.20173	0.42319
300 T	0.38459	0.18613	0.42929
301 G	0.39037	0.17725	0.43238
302 C	0.40211	0.16527	0.43262
303 T	0.41224	0.17210	0.41566
304 A	0.40885	0.19494	0.3962
305 A	0.40029	0.20801	0.3917
306 T	0.40525	0.20147	0.39327
307 T	0.39986	0.20886	0.39128
308 G	0.38764	0.21926	0.39311
309 G	0.37802	0.24418	0.3778
310 G	0.37199	0.30503	0.32298
311 A	0.36612	0.38195	0.25193
312 A	0.33148	0.46869	0.19983
313 A	0.32959	0.52205	0.14836
314 A	0.32684	0.56910	0.10406
315 A	0.32635	0.57998	0.09367
316 G	0.32943	0.58449	0.08607
317 A	0.33771	0.57829	0.084
318 A	0.34093	0.57369	0.08537
319 C	0.34614	0.56455	0.0893
320 T	0.35319	0.55498	0.09182
321 C	0.35063	0.55663	0.09274
322 C	0.34742	0.56218	0.0904
323 A	0.33068	0.58729	0.08203
324 A	0.31383	0.61340	0.07277
325 A	0.30455	0.62439	0.07106
326 A	0.30956	0.62175	0.06869
327 T	0.32336	0.60221	0.07443
328 G	0.31695	0.59168	0.09138
329 C	0.31502	0.57961	0.10537
330 G	0.31255	0.58296	0.10449
331 G	0.31628	0.57828	0.10543
332 A	0.31488	0.58157	0.10355
333 A	0.36081	0.53538	0.10382
334 A	0.41402	0.48027	0.10571
335 C	0.44896	0.40975	0.14128
336 A	0.48477	0.37232	0.1429
337 G	0.51603	0.33776	0.14621
338 A	0.52799	0.32594	0.14607
339 A	0.53716	0.31614	0.1467
340 C	0.54181	0.31001	0.14818
341 T	0.54181	0.31211	0.14608
342 T	0.53302	0.32881	0.13817
343 A	0.50579	0.36908	0.12513
344 A	0.43378	0.47466	0.09157
345 A	0.36942	0.53917	0.0914
346 A	0.34591	0.54214	0.11195
347 G	0.33948	0.52479	0.13573
348 A	0.33584	0.51164	0.15252
349 C	0.33894	0.49182	0.16924
350 T	0.34833	0.47737	0.17431
351 T	0.35068	0.46657	0.18275
352 T	0.34579	0.46869	0.18553
353 A	0.33080	0.48341	0.18578
354 T	0.32069	0.48901	0.19031
355 G	0.30044	0.48499	0.21457
356 A	0.28749	0.48376	0.22876
357 A	0.28482	0.47298	0.24221
358 C	0.28447	0.45756	0.25797
359 T	0.28421	0.45314	0.26265
360 T	0.27429	0.46104	0.26467
361 C	0.25077	0.48710	0.26213
362 A	0.22463	0.52388	0.25148
363 A	0.20325	0.55527	0.24148
364 G	0.19935	0.56245	0.23819
365 A	0.19778	0.57652	0.2257
366 A	0.20465	0.56706	0.22828
367 A	0.23098	0.48364	0.28537
368 T	0.22558	0.44359	0.33083
369 T	0.20747	0.48530	0.30723
370 A	0.16632	0.57164	0.26205
371 A	0.15063	0.61734	0.23204
372 T	0.14367	0.64635	0.20998
373 G	0.10659	0.70586	0.18755
374 A	0.09180	0.75554	0.15265
375 A	0.08432	0.77057	0.1451
376 A	0.08561	0.78707	0.12732
377 A	0.08494	0.80256	0.1125
378 A	0.08758	0.79529	0.11714
379 G	0.09105	0.78214	0.12681
380 A	0.09220	0.78288	0.12492
381 T	0.09341	0.78684	0.11975
382 A	0.08911	0.80233	0.10855
383 A	0.08828	0.80069	0.11103
384 A	0.08583	0.79152	0.12265
385 G	0.09122	0.77187	0.13691
386 A	0.09875	0.75292	0.14833
387 A	0.11034	0.74935	0.14031
388 A	0.13590	0.73075	0.13335
389 A	0.16096	0.71162	0.12743
390 A	0.18994	0.67496	0.1351
391 A	0.22753	0.61400	0.15847
392 T	0.29804	0.51714	0.18482
393 T	0.34287	0.42902	0.22811
394 C	0.34956	0.41496	0.23548
395 A	0.34549	0.41750	0.237
396 A	0.35290	0.38929	0.25781
397 T	0.38438	0.34509	0.27053
398 C	0.37460	0.35183	0.27358
399 C	0.38574	0.36013	0.25414
400 A	0.39615	0.42757	0.17628
401 T	0.40527	0.46110	0.13363
402 T	0.38877	0.54968	0.06156
403 A	0.33481	0.61265	0.05253
404 T	0.32343	0.62627	0.0503
405 A	0.30804	0.63589	0.05606
406 A	0.30607	0.63256	0.06137
407 C	0.31111	0.61832	0.07056
408 T	0.32019	0.60711	0.0727
409 C	0.32282	0.60504	0.07215
410 A	0.33239	0.60027	0.06733
411 A	0.33715	0.60011	0.06274
412 A	0.32988	0.60887	0.06125
413 A	0.32767	0.60992	0.06242
414 T	0.32757	0.60844	0.064
415 G	0.31683	0.61428	0.06889
416 A	0.30508	0.62085	0.07407
417 A	0.29204	0.62081	0.08716
418 G	0.29109	0.60406	0.10484
419 A	0.29245	0.60212	0.10544
420 A	0.30038	0.59933	0.10028
421 A	0.31543	0.58009	0.10449
422 A	0.34884	0.55135	0.09981
423 T	0.43119	0.46036	0.10846
424 A	0.46857	0.41197	0.11946
425 T	0.52461	0.32865	0.14674
426 T	0.52137	0.27883	0.19981
427 T	0.49992	0.27937	0.22071
428 C	0.47177	0.29193	0.23631
429 C	0.41797	0.35671	0.22532
430 A	0.37896	0.44760	0.17345
431 A	0.35923	0.48919	0.15158
432 T	0.34624	0.52282	0.13094
433 A	0.32375	0.56014	0.11611
434 T	0.30538	0.58114	0.11349
435 T	0.27171	0.61661	0.11168
436 A	0.23353	0.65398	0.11248
437 A	0.21077	0.67424	0.115
438 A	0.20814	0.66517	0.12669
439 A	0.20848	0.64870	0.14282
440 C	0.20304	0.63778	0.15918
441 A	0.20639	0.63480	0.15881
442 C	0.21748	0.62635	0.15616
443 A	0.22301	0.64084	0.13615
444 A	0.23270	0.65166	0.11563
445 T	0.25058	0.63938	0.11003
446 T	0.25909	0.63411	0.1068
447 A	0.25795	0.63985	0.1022
448 A	0.25989	0.63270	0.10741
449 T	0.26756	0.60571	0.12673
450 T	0.27285	0.57192	0.15523
451 A	0.27579	0.54434	0.17987
452 A	0.29405	0.48352	0.22243
453 T	0.34119	0.39364	0.26518
454 A	0.35590	0.35583	0.28827
455 T	0.37794	0.30112	0.32094
456 T	0.38402	0.26669	0.34929
457 C	0.36618	0.26171	0.3721
458 A	0.34858	0.27289	0.37852
459 T	0.32973	0.28099	0.38927
460 G	0.30482	0.31774	0.37743
461 G	0.28214	0.36200	0.35586
462 A	0.26507	0.41494	0.31999
463 G	0.25517	0.44980	0.29503
464 A	0.24857	0.50795	0.24347
465 A	0.25024	0.52420	0.22556
466 A	0.27144	0.49862	0.22994
467 T	0.29438	0.46741	0.23821
468 T	0.29880	0.45972	0.24148
469 T	0.29954	0.45919	0.24126
470 C	0.29340	0.47004	0.23657
471 T	0.28713	0.51223	0.20064
472 A	0.25899	0.58910	0.15191
473 T	0.24003	0.62405	0.13592
474 T	0.22399	0.65490	0.12111
475 G	0.19321	0.69795	0.10884
476 A	0.17784	0.72404	0.09811
477 A	0.16844	0.73696	0.0946
478 A	0.16099	0.74575	0.09326
479 A	0.15574	0.74488	0.09938
480 A	0.15789	0.71932	0.1228
481 G	0.16991	0.67792	0.15217
482 G	0.18553	0.64396	0.17051
483 T	0.21799	0.59875	0.18326
484 A	0.23799	0.57768	0.18432
485 A	0.26753	0.54506	0.1874
486 A	0.29911	0.51128	0.18961
487 T	0.34626	0.45837	0.19537
488 T	0.35191	0.45605	0.19204
489 A	0.32618	0.49924	0.17458
490 A	0.30594	0.53830	0.15576
491 G	0.29144	0.56361	0.14495
492 A	0.28259	0.57013	0.14728
493 G	0.28001	0.55882	0.16118
494 A	0.31118	0.51883	0.16999
495 T	0.35331	0.44456	0.20213
496 C	0.35112	0.42705	0.22183
497 T	0.33658	0.43916	0.22426
498 G	0.28592	0.48632	0.22776
499 G	0.23868	0.54218	0.21914
500 A	0.19149	0.60249	0.20602
501 G	0.14445	0.66075	0.19479
502 A	0.12263	0.70248	0.17489
503 A	0.10363	0.74059	0.15578
504 A	0.09546	0.77818	0.12637
505 G	0.08286	0.81525	0.10189
506 A	0.07073	0.85213	0.07714
507 A	0.06418	0.88464	0.05119
508 A	0.06696	0.88873	0.04431
509 A	0.07211	0.88468	0.04321
510 A	0.07419	0.87992	0.04588
511 G	0.07713	0.86653	0.05635
512 A	0.08665	0.83717	0.07618
513 A	0.09885	0.80862	0.09253
514 A	0.10819	0.78831	0.1035
515 A	0.10858	0.77767	0.11375
516 A	0.10693	0.76651	0.12656
517 A	0.10904	0.74657	0.14439
518 T	0.11027	0.71478	0.17496
519 A	0.09769	0.71475	0.18757
520 G	0.09112	0.70364	0.20524
521 A	0.08671	0.69614	0.21715
522 A	0.08690	0.67060	0.2425
523 A	0.08480	0.65021	0.26499
524 A	0.08167	0.63416	0.28417
525 A	0.09796	0.63243	0.26961
526 G	0.11265	0.64681	0.24054
527 A	0.13920	0.69179	0.16901
528 A	0.16073	0.68663	0.15264
529 A	0.17791	0.66966	0.15243
530 T	0.19995	0.64435	0.1557
531 T	0.19709	0.65406	0.14884
532 A	0.18385	0.67774	0.13841
533 A	0.16923	0.70135	0.12942
534 A	0.15724	0.72463	0.11813
535 G	0.15226	0.72877	0.11897
536 A	0.12932	0.75424	0.11644
537 A	0.11190	0.77735	0.11075
538 A	0.09099	0.80312	0.1059
539 A	0.06931	0.82539	0.1053
540 A	0.05121	0.85497	0.09381
541 G	0.04784	0.85904	0.09312
542 A	0.05465	0.85750	0.08785
543 A	0.06576	0.84933	0.08491
544 A	0.08889	0.82615	0.08496
545 A	0.10600	0.80237	0.09163
546 A	0.13267	0.76922	0.09811
547 G	0.15865	0.73417	0.10717
548 A	0.18850	0.71138	0.10012
549 A	0.24848	0.64040	0.11112
550 T	0.33503	0.54564	0.11932
551 T	0.35841	0.51368	0.1279
552 A	0.35842	0.50669	0.13488
553 C	0.36167	0.49630	0.14203
554 T	0.33890	0.52666	0.13445
555 A	0.29010	0.59003	0.11986
556 A	0.26061	0.62988	0.1095
557 T	0.25999	0.63369	0.10632
558 A	0.23083	0.68291	0.08625
559 G	0.20967	0.68386	0.10647
560 A	0.19966	0.67306	0.12728
561 A	0.17739	0.66941	0.1532
562 A	0.16016	0.66038	0.17946
563 C	0.17104	0.62802	0.20094
564 C	0.18079	0.62147	0.19774
565 A	0.19355	0.62859	0.17787
566 A	0.20270	0.64834	0.14896
567 T	0.21189	0.63988	0.14823
568 G	0.20397	0.65210	0.14392
569 A	0.17532	0.68204	0.14264
570 A	0.17509	0.67149	0.15342
571 C	0.18114	0.64366	0.1752
572 A	0.16600	0.66382	0.17018
573 A	0.16088	0.68896	0.15016
574 A	0.15943	0.72730	0.11327
575 A	0.13530	0.79219	0.07252
576 A	0.11183	0.83831	0.04987
577 A	0.09305	0.82165	0.0853
578 A	0.09838	0.76520	0.13643
579 A	0.09792	0.73953	0.16256
580 G	0.09257	0.76317	0.14426
581 A	0.09717	0.79692	0.10591
582 A	0.08528	0.80864	0.10607
583 A	0.07889	0.80844	0.11267
584 A	0.07712	0.78120	0.14168
585 A	0.07863	0.75568	0.16569
586 C	0.08332	0.73390	0.18278
587 T	0.09296	0.72176	0.18528
588 A	0.10834	0.70290	0.18877
589 T	0.13605	0.66911	0.19484
590 A	0.13726	0.66474	0.198
591 T	0.14053	0.65462	0.20485
592 C	0.13784	0.62213	0.24003
593 A	0.13239	0.63749	0.23012
594 A	0.13057	0.64388	0.22556
595 G	0.13735	0.63520	0.22744
596 A	0.15738	0.62656	0.21607
597 A	0.20431	0.58295	0.21274
598 A	0.26361	0.51114	0.22525
599 T	0.31277	0.42998	0.25725
600 T	0.33027	0.38452	0.28522
601 A	0.33844	0.37465	0.28691
602 A	0.34734	0.35917	0.2935
603 T	0.38594	0.30880	0.30527
604 A	0.41642	0.29086	0.29272
605 T	0.43465	0.26406	0.30129
606 T	0.42963	0.29759	0.27278
607 T	0.40594	0.34279	0.25127
608 T	0.34778	0.43756	0.21467
609 G	0.20686	0.63098	0.16216
610 A	0.12763	0.73419	0.13818
611 G	0.07356	0.80471	0.12173
612 A	0.05505	0.85502	0.08993
613 G	0.04829	0.88201	0.06969
614 A	0.04559	0.90658	0.04783
615 A	0.04644	0.90524	0.04832
616 A	0.05911	0.88917	0.05171
617 A	0.06897	0.87794	0.05309
618 A	0.08198	0.86393	0.05408
619 C	0.09790	0.84628	0.05582
620 A	0.10576	0.84024	0.05401
621 T	0.13577	0.81196	0.05227
622 A	0.14098	0.81068	0.04834
623 T	0.14832	0.80508	0.0466
624 A	0.14929	0.80796	0.04275
625 A	0.15297	0.80566	0.04137
626 A	0.15855	0.79736	0.04409
627 A	0.17974	0.76607	0.05418
628 A	0.19456	0.73594	0.0695
629 T	0.24549	0.63923	0.11528
630 A	0.26543	0.58056	0.154
631 G	0.29787	0.49097	0.21116
632 T	0.34607	0.34599	0.30793
633 A	0.28434	0.37014	0.34553
634 G	0.27231	0.35822	0.36947
635 A	0.24905	0.44297	0.30798
636 A	0.22126	0.54073	0.238
637 G	0.19171	0.61781	0.19049
638 A	0.13597	0.73890	0.12512
639 A	0.10222	0.81719	0.08058
640 A	0.08991	0.83217	0.07792
641 T	0.08031	0.84232	0.07737
642 A	0.06187	0.86184	0.07629
643 A	0.04973	0.87383	0.07645
644 C	0.04914	0.87109	0.07976
645 G	0.05052	0.87469	0.07478
646 G	0.05107	0.87664	0.07229
647 A	0.05409	0.87547	0.07043
648 T	0.05787	0.87107	0.07106
649 A	0.05720	0.87112	0.07169
650 C	0.05751	0.85562	0.08687
651 T	0.05853	0.85455	0.08692
652 A	0.05830	0.85689	0.08481
653 A	0.06194	0.85375	0.08432
654 A	0.06830	0.84710	0.08459
655 A	0.07784	0.83305	0.08912
656 T	0.09506	0.73032	0.17462
657 A	0.11050	0.69510	0.19439
658 A	0.18561	0.58331	0.23108
659 A	0.26190	0.47433	0.26378
660 A	0.31130	0.38538	0.30332
661 A	0.36912	0.27248	0.3584
662 T	0.40801	0.21058	0.38142
663 T	0.38527	0.26807	0.34666
664 A	0.28668	0.45895	0.25437
665 A	0.18506	0.68836	0.12659
666 A	0.14519	0.76295	0.09186
667 A	0.13191	0.80466	0.06344
668 A	0.12866	0.82359	0.04775
669 A	0.13041	0.82639	0.04319
670 T	0.13330	0.82686	0.03983
671 T	0.13123	0.83303	0.03574
672 A	0.09789	0.87272	0.0294
673 G	0.08008	0.89011	0.02981
674 A	0.06932	0.90033	0.03035
675 A	0.06578	0.90257	0.03164
676 A	0.06408	0.90137	0.03456
677 C	0.06486	0.89768	0.03745
678 A	0.06589	0.89608	0.03803
679 A	0.06634	0.89479	0.03886
680 C	0.06800	0.89040	0.0416
681 A	0.06992	0.88927	0.04081
682 G	0.07799	0.88118	0.04083
683 A	0.09031	0.86548	0.04421
684 A	0.10578	0.84508	0.04913
685 G	0.13842	0.80461	0.05696
686 A	0.20276	0.69963	0.09761
687 G	0.30958	0.49232	0.1981
688 T	0.43933	0.25935	0.30132
689 C	0.46884	0.19385	0.33731
690 T	0.49217	0.17976	0.32807
691 T	0.50066	0.18817	0.31117
692 T	0.49103	0.22462	0.28435
693 A	0.46302	0.28486	0.25212
694 A	0.42414	0.33971	0.23615
695 T	0.41150	0.35140	0.23711
696 T	0.38578	0.39336	0.22087
697 A	0.33019	0.50421	0.1656
698 A	0.27822	0.56627	0.15551
699 A	0.24628	0.60011	0.15361
700 C	0.23531	0.60961	0.15508
701 A	0.23194	0.62328	0.14478
702 G	0.23083	0.62706	0.14211
703 T	0.23075	0.62840	0.14085
704 T	0.22966	0.63679	0.13354
705 A	0.22684	0.65096	0.1222
706 A	0.22388	0.66901	0.10711
707 A	0.21979	0.68412	0.09609
708 A	0.21797	0.69140	0.09063
709 A	0.21844	0.70420	0.07736
710 T	0.22118	0.70337	0.07545
711 A	0.22338	0.70267	0.07395
712 G	0.22972	0.68964	0.08065
713 T	0.24945	0.66488	0.08567
714 A	0.26309	0.65197	0.08494
715 G	0.28430	0.61844	0.09725
716 A	0.31150	0.56940	0.1191
717 A	0.32892	0.51335	0.15773
718 G	0.35848	0.45843	0.18309
719 A	0.39063	0.40629	0.20309
720 T	0.46213	0.29297	0.2449
721 T	0.47606	0.26190	0.26204
722 T	0.47456	0.25833	0.26711
723 T	0.45801	0.27519	0.2668
724 A	0.41921	0.31965	0.26114
725 A	0.39422	0.35011	0.25567
726 G	0.31792	0.42499	0.2571
727 C	0.28813	0.45559	0.25628
728 A	0.27368	0.47396	0.25236
729 A	0.27933	0.46804	0.25263
730 C	0.28416	0.46179	0.25405
731 A	0.27917	0.47206	0.24877
732 T	0.28799	0.46460	0.24742
733 C	0.28753	0.46578	0.24669
734 T	0.28803	0.47843	0.23354
735 A	0.28132	0.50280	0.21588
736 A	0.27889	0.51572	0.20539
737 T	0.28438	0.50869	0.20692
738 T	0.28057	0.51389	0.20554
739 A	0.27264	0.51775	0.20961
740 A	0.27066	0.51649	0.21285
741 A	0.27418	0.50767	0.21815
742 T	0.28330	0.48351	0.2332
743 C	0.28767	0.46303	0.2493
744 T	0.30881	0.44100	0.25019
745 A	0.31893	0.43038	0.25068
746 T	0.32414	0.41155	0.26431
747 G	0.32465	0.38872	0.28663
748 A	0.32678	0.37479	0.29843
749 A	0.31864	0.30595	0.37541
750 T	0.31765	0.27531	0.40704
751 G	0.30907	0.28301	0.40792
752 A	0.29719	0.35520	0.34761
753 A	0.29270	0.38309	0.32421
754 T	0.29628	0.38090	0.32283
755 T	0.28840	0.40688	0.30473
756 A	0.26638	0.46963	0.264
757 A	0.27317	0.48741	0.23943
758 A	0.28414	0.52887	0.18699
759 T	0.29262	0.54322	0.16415
760 A	0.29130	0.58714	0.12156
761 T	0.29354	0.59981	0.10665
762 A	0.28531	0.60481	0.10987
763 G	0.27676	0.61330	0.10994
764 A	0.27400	0.61755	0.10845
765 A	0.26226	0.62965	0.1081
766 C	0.25555	0.63234	0.11211
767 T	0.25752	0.63194	0.11055
768 T	0.24528	0.65004	0.10468
769 A	0.22053	0.68051	0.09895
770 A	0.20738	0.69578	0.09685
771 A	0.20138	0.70337	0.09525
772 A	0.20464	0.69187	0.10349
773 A	0.21349	0.67687	0.10965
774 A	0.24577	0.63237	0.12187
775 T	0.32862	0.53268	0.1387
776 T	0.36094	0.49123	0.14783
777 A	0.36961	0.47855	0.15184
778 G	0.38662	0.45026	0.16312
779 C	0.42379	0.39329	0.18293
780 A	0.45157	0.36402	0.18441
781 T	0.51294	0.29974	0.18732
782 C	0.54257	0.26819	0.18924
783 T	0.58868	0.22315	0.18817
784 T	0.60382	0.21069	0.18549
785 A	0.60461	0.20612	0.18927
786 T	0.60742	0.19665	0.19593
787 A	0.60458	0.20143	0.19398
788 T	0.60883	0.18240	0.20878
789 T	0.60806	0.17033	0.22161
790 G	0.60186	0.16776	0.23038
791 T	0.59948	0.15392	0.2466
792 T	0.58830	0.15188	0.25983
793 A	0.54562	0.19496	0.25942
794 C	0.49907	0.23811	0.26282
795 G	0.42870	0.31881	0.2525
796 G	0.40670	0.34674	0.24656
797 T	0.39250	0.37618	0.23132
798 A	0.36330	0.42290	0.21381
799 G	0.33848	0.45672	0.2048
800 A	0.32177	0.48430	0.19392
801 A	0.30594	0.50958	0.18449
802 G	0.29487	0.53403	0.17111
803 A	0.26715	0.59052	0.14233
804 T	0.25263	0.63013	0.11724
805 A	0.20605	0.73449	0.05946
806 A	0.17475	0.78744	0.03781
807 A	0.13221	0.84213	0.02566
808 A	0.10375	0.87280	0.02345
809 A	0.08956	0.88564	0.02481
810 G	0.07936	0.88975	0.0309
811 A	0.07113	0.89905	0.02982
812 A	0.06765	0.89776	0.03459
813 A	0.06392	0.89145	0.04463
814 G	0.06209	0.88346	0.05446
815 A	0.06463	0.87115	0.06422
816 A	0.07420	0.82806	0.09774
817 A	0.07997	0.77945	0.14058
818 T	0.09183	0.69927	0.2089
819 A	0.09134	0.68199	0.22667
820 C	0.09779	0.66158	0.24063
821 A	0.09981	0.66150	0.2387
822 A	0.08685	0.67792	0.23523
823 A	0.09283	0.66995	0.23722
824 A	0.10245	0.65192	0.24564
825 G	0.11874	0.63099	0.25027
826 A	0.14989	0.56975	0.28036
827 A	0.17952	0.52573	0.29476
828 T	0.23622	0.41170	0.35208
829 A	0.24722	0.37465	0.37813
830 T	0.25279	0.32853	0.41868
831 T	0.24305	0.31348	0.44346
832 G	0.20147	0.36197	0.43655
833 A	0.17351	0.40655	0.41994
834 T	0.16287	0.43205	0.40508
835 G	0.15065	0.49106	0.3583
836 A	0.14131	0.55566	0.30303
837 A	0.13585	0.62840	0.23576
838 G	0.13318	0.64930	0.21753
839 T	0.12118	0.69331	0.18551
840 A	0.08524	0.77990	0.13487
841 A	0.07622	0.79417	0.12961
842 A	0.07613	0.79537	0.12851
843 A	0.07886	0.79242	0.12873
844 A	0.09324	0.77057	0.13619
845 C	0.11269	0.73204	0.15527
846 T	0.12570	0.72369	0.15061
847 A	0.12808	0.73581	0.13611
848 A	0.13309	0.74749	0.11942
849 A	0.14540	0.74607	0.10853
850 T	0.16340	0.73518	0.10142
851 T	0.16397	0.74088	0.09515
852 A	0.16149	0.73476	0.10375
853 G	0.16506	0.72282	0.11213
854 A	0.16183	0.72403	0.11414
855 A	0.17757	0.68234	0.14008
856 C	0.20601	0.63969	0.1543
857 A	0.23751	0.62766	0.13482
858 A	0.29478	0.58706	0.11816
859 A	0.35219	0.55653	0.09128
860 T	0.42374	0.49017	0.08609
861 A	0.40055	0.52818	0.07126
862 A	0.39223	0.52547	0.0823
863 A	0.38799	0.50584	0.10618
864 A	0.33470	0.56223	0.10306
865 A	0.31889	0.59171	0.0894
866 C	0.30807	0.61101	0.08092
867 A	0.30308	0.62853	0.06839
868 G	0.29886	0.63714	0.064
869 A	0.29935	0.64111	0.05954
870 A	0.29405	0.64932	0.05664
871 C	0.28586	0.65747	0.05667
872 A	0.27410	0.68122	0.04469
873 A	0.27414	0.68305	0.0428
874 G	0.28386	0.66819	0.04795
875 C	0.28945	0.65685	0.05369
876 A	0.29458	0.65279	0.05263
877 G	0.31317	0.62603	0.06081
878 C	0.33246	0.60285	0.06469
879 T	0.35884	0.57915	0.062
880 T	0.37757	0.56401	0.05842
881 A	0.38664	0.56088	0.05249
882 T	0.40492	0.54402	0.05105
883 A	0.40272	0.54475	0.05253
884 A	0.40970	0.49612	0.09418
885 A	0.40803	0.46370	0.12827
886 A	0.42155	0.40779	0.17066
887 C	0.44058	0.32453	0.23488
888 T	0.46412	0.28787	0.24802
889 A	0.47479	0.26738	0.25783
890 T	0.48746	0.25336	0.25918
891 T	0.48617	0.25958	0.25425
892 A	0.48368	0.25883	0.2575
893 A	0.48435	0.23785	0.2778
894 A	0.48724	0.20566	0.3071
895 T	0.50360	0.16371	0.3327
896 C	0.50876	0.15552	0.33572
897 T	0.51156	0.17007	0.31837
898 A	0.51157	0.21749	0.27095
899 T	0.51183	0.24215	0.24602
900 T	0.51196	0.26827	0.21977
901 T	0.51295	0.30371	0.18335
902 T	0.51249	0.31748	0.17003
903 A	0.51131	0.33783	0.15086
904 T	0.51436	0.33201	0.15363
905 T	0.51253	0.33242	0.15505
906 A	0.48499	0.35785	0.15716
907 A	0.46622	0.37807	0.15571
908 C	0.46113	0.37968	0.15919
909 A	0.45798	0.39018	0.15184
910 T	0.45913	0.39481	0.14606
911 T	0.46146	0.40009	0.13845
912 A	0.45976	0.40410	0.13614
913 A	0.45327	0.41347	0.13326
914 G	0.44582	0.41720	0.13697
915 A	0.42635	0.43733	0.13632
916 C	0.41188	0.45333	0.13479
917 A	0.39823	0.49374	0.10804
918 A	0.39606	0.50958	0.09436
919 A	0.40928	0.49822	0.0925
920 A	0.43743	0.47027	0.0923
921 T	0.49279	0.41314	0.09406
922 G	0.51665	0.38309	0.10027
923 C	0.54272	0.35408	0.1032
924 T	0.56467	0.33589	0.09944
925 G	0.54141	0.36890	0.08968
926 A	0.52938	0.38216	0.08845
927 T	0.51830	0.39258	0.08913
928 A	0.49940	0.41036	0.09024
929 A	0.48691	0.39587	0.11722
930 C	0.48101	0.38187	0.13712
931 T	0.48078	0.37702	0.14221
932 G	0.47328	0.38182	0.14489
933 G	0.47271	0.38134	0.14594
934 G	0.47725	0.37668	0.14608
935 A	0.47913	0.37747	0.1434
936 A	0.48245	0.36867	0.14887
937 A	0.48833	0.34803	0.16364
938 A	0.49610	0.31929	0.18461
939 A	0.50314	0.29322	0.20364
940 T	0.52935	0.24631	0.22434
941 C	0.54053	0.22670	0.23276
942 T	0.54328	0.22514	0.23158
943 A	0.54351	0.23125	0.22524
944 A	0.54325	0.23567	0.22108
945 T	0.54481	0.23290	0.22228
946 G	0.54574	0.23646	0.2178
947 A	0.55034	0.23499	0.21466
948 A	0.56068	0.21509	0.22423
949 T	0.56436	0.18476	0.25087
950 T	0.56511	0.17449	0.26041
951 T	0.56027	0.18351	0.25621
952 T	0.55389	0.21456	0.23155
953 C	0.54637	0.23500	0.21863
954 A	0.53902	0.28140	0.17958
955 T	0.53669	0.29679	0.16652
956 G	0.53261	0.31234	0.15505
957 G	0.52664	0.33158	0.14178
958 G	0.52564	0.34237	0.13198
959 G	0.52671	0.34676	0.12653
960 A	0.52461	0.35769	0.1177
961 A	0.52589	0.36745	0.10667
962 A	0.52813	0.38174	0.09013
963 T	0.53114	0.39279	0.07607
964 A	0.53234	0.39695	0.0707
965 T	0.53535	0.39511	0.06953
966 A	0.53822	0.39286	0.06892
967 A	0.54161	0.38867	0.06973
968 C	0.54481	0.38473	0.07046
969 A	0.55004	0.37993	0.07003
970 A	0.56065	0.36909	0.07026
971 A	0.58504	0.34438	0.07059
972 A	0.59767	0.33095	0.07138
973 A	0.61776	0.30952	0.07271
974 C	0.66482	0.25009	0.0851
975 T	0.72290	0.18489	0.09221
976 T	0.74799	0.15273	0.09928
977 T	0.77025	0.12680	0.10296
978 T	0.77950	0.11815	0.10235
979 T	0.78549	0.11451	0.1
980 T	0.79053	0.10538	0.1041
981 T	0.79405	0.10441	0.10154
982 A	0.79402	0.10500	0.10098
983 A	0.79911	0.10020	0.10069
984 A	0.80820	0.09030	0.10149
985 G	0.82416	0.07344	0.10239
986 C	0.83862	0.05889	0.10249
987 T	0.84620	0.05271	0.10109
988 T	0.84799	0.05367	0.09834
989 T	0.84884	0.05529	0.09587
990 T	0.84869	0.05591	0.0954
991 G	0.84821	0.05694	0.09485
992 A	0.84809	0.05687	0.09503
993 T	0.84793	0.05627	0.0958
994 C	0.84745	0.05661	0.09594
995 G	0.84691	0.05793	0.09515
996 A	0.84494	0.06087	0.09419
997 G	0.84378	0.06224	0.09397
998 T	0.84403	0.06242	0.09355
999 A	0.84323	0.06466	0.09211
1000 A	0.84487	0.06326	0.09187
1001 C	0.84878	0.05835	0.09288
1002 T	0.85358	0.05663	0.08979
1003 G	0.85593	0.06037	0.0837
1004 A	0.86166	0.05896	0.07937
1005 T	0.86537	0.05417	0.08046
1006 T	0.86662	0.05290	0.08048
1007 T	0.86597	0.05269	0.08135
1008 A	0.85823	0.06042	0.08135
1009 C	0.85419	0.06380	0.08201
1010 T	0.85248	0.06559	0.08193
1011 T	0.84711	0.07147	0.08142
1012 A	0.83994	0.07921	0.08084
1013 C	0.83500	0.08432	0.08068
1014 T	0.83018	0.09017	0.07965
1015 T	0.82110	0.09975	0.07915
1016 T	0.79715	0.12542	0.07743
1017 T	0.76516	0.15844	0.0764
1018 A	0.74106	0.18257	0.07636
1019 A	0.72896	0.19251	0.07854
1020 A	0.72177	0.19813	0.0801
1021 A	0.71776	0.20115	0.08109
1022 C	0.71804	0.19929	0.08268
1023 C	0.71755	0.19945	0.08299
1024 A	0.71705	0.20023	0.08273
1025 A	0.72022	0.19730	0.08248
1026 T	0.72661	0.19116	0.08223
1027 T	0.72930	0.18948	0.08122
1028 T	0.72710	0.19367	0.07923
1029 T	0.72205	0.19725	0.08071
1030 A	0.71570	0.20217	0.08212
1031 A	0.70995	0.20045	0.08961
1032 T	0.70646	0.19841	0.09514
1033 A	0.69805	0.20467	0.09728
1034 T	0.69463	0.19980	0.10557
1035 A	0.68918	0.19716	0.11366
1036 T	0.68706	0.18565	0.12728
1037 T	0.68477	0.17690	0.13833
1038 A	0.67949	0.16923	0.15129
1039 T	0.67760	0.14487	0.17753
1040 C	0.67344	0.12094	0.20562
1041 T	0.66486	0.11922	0.21592
1042 G	0.63257	0.15345	0.21398
1043 A	0.61252	0.19385	0.19363
1044 T	0.60155	0.22254	0.17591
1045 G	0.56743	0.28419	0.14838
1046 G	0.54234	0.32461	0.13305
1047 A	0.53417	0.34404	0.12179
1048 A	0.53303	0.35840	0.10856
1049 G	0.53293	0.36240	0.10467
1050 A	0.53432	0.36262	0.10306
1051 T	0.53759	0.35714	0.10527
1052 T	0.53905	0.35199	0.10896
1053 A	0.53938	0.34837	0.11225
1054 A	0.54013	0.34385	0.11602
1055 A	0.54116	0.33936	0.11948
1056 T	0.54318	0.32795	0.12887
1057 T	0.54462	0.32241	0.13297
1058 T	0.54538	0.32002	0.13461
1059 T	0.54336	0.33123	0.1254
1060 A	0.53832	0.34557	0.11611
1061 A	0.51780	0.38115	0.10105
1062 A	0.50119	0.41005	0.08877
1063 A	0.48254	0.43698	0.08047
1064 A	0.47846	0.43668	0.08485
1065 A	0.48595	0.40486	0.10918
1066 G	0.51200	0.35765	0.13035
1067 A	0.53845	0.32287	0.13868
1068 T	0.57370	0.25915	0.16715
1069 T	0.59012	0.22244	0.18745
1070 C	0.59763	0.20940	0.19296
1071 T	0.60668	0.20350	0.18981
1072 T	0.60935	0.20194	0.18872
1073 C	0.61010	0.20333	0.18656
1074 T	0.60888	0.20659	0.18454
1075 T	0.60617	0.21126	0.18258
1076 C	0.59987	0.21976	0.18036
1077 G	0.57426	0.26789	0.15785
1078 C	0.55528	0.31705	0.12768
1079 A	0.53581	0.37946	0.08473
1080 A	0.51942	0.41613	0.06445
1081 A	0.51743	0.42537	0.0572
1082 T	0.52847	0.41845	0.05309
1083 A	0.53552	0.41278	0.05171
1084 A	0.55353	0.37397	0.0725
1085 A	0.56933	0.34186	0.08881
1086 T	0.58373	0.30692	0.10935
1087 A	0.58904	0.29530	0.11566
1088 C	0.59760	0.28470	0.11769
1089 A	0.59685	0.29157	0.11158
1090 T	0.59741	0.29123	0.11135
1091 C	0.59670	0.29271	0.1106
1092 A	0.59692	0.29552	0.10757
1093 T	0.59902	0.29916	0.10182
1094 C	0.59961	0.30178	0.0986
1095 A	0.59952	0.31516	0.08532
1096 A	0.60166	0.32638	0.07196
1097 T	0.60673	0.32206	0.07121
1098 A	0.60899	0.32954	0.06148
1099 A	0.61643	0.32558	0.05799
1100 A	0.64236	0.28493	0.07271
1101 T	0.67710	0.23023	0.09267
1102 T	0.69000	0.19853	0.11147
1103 T	0.67191	0.20029	0.1278
1104 A	0.58827	0.28332	0.12841
1105 C	0.53949	0.33294	0.12757
1106 C	0.47122	0.41068	0.1181
1107 A	0.37572	0.53121	0.09307
1108 A	0.32642	0.59030	0.08328
1109 A	0.30350	0.61805	0.07845
1110 A	0.29116	0.63109	0.07774
1111 G	0.28431	0.63672	0.07897
1112 A	0.28564	0.63200	0.08236
1113 C	0.28626	0.62776	0.08598
1114 C	0.28807	0.62428	0.08765
1115 A	0.29269	0.61970	0.08761
1116 T	0.30026	0.61206	0.08768
1117 C	0.30167	0.61041	0.08792
1118 C	0.31101	0.60155	0.08744
1119 T	0.32578	0.58855	0.08568
1120 A	0.32964	0.58626	0.0841
1121 T	0.34007	0.57594	0.08398
1122 A	0.34292	0.57417	0.08291
1123 T	0.35117	0.56148	0.08734
1124 A	0.35098	0.54706	0.10196
1125 T	0.35363	0.51238	0.13399
1126 A	0.35440	0.47560	0.17
1127 T	0.36082	0.37937	0.25981
1128 A	0.36008	0.33812	0.30181
1129 A	0.36539	0.27526	0.35936
1130 T	0.37336	0.19173	0.43491
1131 G	0.32603	0.21599	0.45798
1132 A	0.31270	0.23212	0.45519
1133 T	0.29378	0.26727	0.43895
1134 A	0.26451	0.33938	0.3961
1135 G	0.24872	0.39481	0.35647
1136 A	0.24098	0.43913	0.31989
1137 A	0.23390	0.47660	0.2895
1138 A	0.23201	0.51334	0.25465
1139 A	0.23089	0.55168	0.21743
1140 T	0.23156	0.57009	0.19835
1141 T	0.22473	0.63049	0.14478
1142 T	0.20451	0.66329	0.1322
1143 G	0.19682	0.67337	0.12981
1144 A	0.19405	0.68133	0.12462
1145 T	0.19272	0.68003	0.12725
1146 C	0.18699	0.68488	0.12813
1147 C	0.18111	0.69521	0.12368
1148 A	0.16677	0.72640	0.10682
1149 A	0.13971	0.77349	0.0868
1150 A	0.12886	0.78517	0.08596
1151 A	0.12572	0.78736	0.08691
1152 A	0.12730	0.78273	0.08998
1153 A	0.13659	0.75415	0.10925
1154 C	0.15697	0.66973	0.1733
1155 A	0.17436	0.63633	0.18931
1156 G	0.19954	0.59211	0.20836
1157 G	0.24346	0.53449	0.22206
1158 T	0.29174	0.49237	0.21589
1159 G	0.31250	0.48295	0.20455
1160 A	0.33796	0.48528	0.17676
1161 A	0.36721	0.45944	0.17335
1162 G	0.39688	0.42683	0.17629
1163 A	0.41229	0.41343	0.17429
1164 A	0.44029	0.37607	0.18364
1165 C	0.43888	0.35225	0.20886
1166 C	0.40882	0.38598	0.20521
1167 T	0.39573	0.41912	0.18515
1168 A	0.36475	0.48338	0.15187
1169 A	0.33269	0.53056	0.13675
1170 A	0.30060	0.57396	0.12543
1171 A	0.29573	0.57454	0.12973
1172 T	0.29559	0.55719	0.14722
1173 G	0.26508	0.61080	0.12412
1174 A	0.24877	0.66366	0.08757
1175 T	0.23779	0.67728	0.08494
1176 A	0.21073	0.71026	0.079
1177 A	0.19696	0.72054	0.0825
1178 G	0.18997	0.72050	0.08953
1179 C	0.18879	0.71479	0.09643
1180 A	0.19254	0.70948	0.09799
1181 C	0.20643	0.69303	0.10054
1182 G	0.21891	0.68054	0.10055
1183 G	0.24978	0.65116	0.09906
1184 A	0.25790	0.64724	0.09487
1185 A	0.26272	0.64238	0.0949
1186 A	0.27263	0.64167	0.0857
1187 T	0.28832	0.60096	0.11071
1188 A	0.29597	0.57473	0.1293
1189 T	0.30978	0.50948	0.18074
1190 T	0.32355	0.48030	0.19615
1191 A	0.34037	0.46271	0.19691
1192 A	0.34954	0.45190	0.19856
1193 A	0.36366	0.41370	0.22265
1194 A	0.37505	0.38578	0.23917
1195 A	0.38685	0.35959	0.25356
1196 T	0.42574	0.30466	0.2696
1197 T	0.45852	0.28415	0.25733
1198 T	0.45387	0.35150	0.19462
1199 A	0.42967	0.38485	0.18548
1200 T	0.41315	0.40182	0.18503
1201 A	0.37960	0.43942	0.18098
1202 T	0.34036	0.48429	0.17535
1203 C	0.25811	0.57762	0.16427
1204 G	0.20687	0.64819	0.14494
1205 A	0.18319	0.68125	0.13556
1206 A	0.16188	0.71080	0.12732
1207 G	0.14480	0.73302	0.12218
1208 A	0.13594	0.74479	0.11928
1209 C	0.14222	0.73837	0.11941
1210 A	0.14450	0.73896	0.11655
1211 T	0.15328	0.73086	0.11585
1212 C	0.15028	0.73558	0.11415
1213 A	0.14944	0.74520	0.10536
1214 A	0.15772	0.74016	0.10213
1215 T	0.16582	0.73164	0.10254
1216 A	0.16176	0.73858	0.09967
1217 A	0.16183	0.74061	0.09756
1218 A	0.17598	0.72166	0.10236
1219 G	0.19356	0.70030	0.10614
1220 A	0.21810	0.67870	0.1032
1221 A	0.28241	0.60362	0.11396
1222 T	0.31159	0.54796	0.14045
1223 T	0.31679	0.52391	0.15931
1224 A	0.30438	0.52065	0.17497
1225 A	0.28765	0.51339	0.19896
1226 T	0.27395	0.47384	0.25221
1227 G	0.24116	0.47571	0.28313
1228 A	0.23547	0.47503	0.2895
1229 A	0.23206	0.47338	0.29457
1230 A	0.22982	0.46192	0.30825
1231 T	0.22845	0.45341	0.31814
1232 T	0.22336	0.45552	0.32112
1233 A	0.20998	0.48025	0.30977
1234 G	0.20452	0.48301	0.31248
1235 A	0.20261	0.48920	0.30819
1236 T	0.20792	0.48464	0.30744
1237 A	0.18674	0.50977	0.30348
1238 C	0.17556	0.51608	0.30836
1239 A	0.16889	0.55188	0.27923
1240 G	0.15872	0.59632	0.24497
1241 A	0.15363	0.64478	0.20159
1242 A	0.15678	0.65381	0.18941
1243 T	0.16937	0.65473	0.17591
1244 A	0.17293	0.65079	0.17627
1245 T	0.18149	0.64340	0.17511
1246 A	0.18065	0.65389	0.16546
1247 A	0.18747	0.65789	0.15463
1248 A	0.19813	0.64849	0.15338
1249 T	0.21857	0.63721	0.14423
1250 T	0.22653	0.60121	0.17226
1251 A	0.21938	0.60210	0.17852
1252 T	0.21965	0.59512	0.18523
1253 A	0.20354	0.60504	0.19142
1254 C	0.18835	0.61308	0.19857
1255 G	0.16572	0.64222	0.19207
1256 A	0.15739	0.67108	0.17153
1257 A	0.15162	0.68417	0.1642
1258 G	0.16016	0.67702	0.16282
1259 A	0.17002	0.67490	0.15508
1260 T	0.18672	0.63547	0.17781
1261 G	0.19535	0.61929	0.18537
1262 A	0.22357	0.59996	0.17647
1263 A	0.25669	0.58729	0.15601
1264 T	0.29746	0.56329	0.13924
1265 A	0.29807	0.57279	0.12914
1266 T	0.30723	0.57047	0.12229
1267 A	0.29053	0.59614	0.11333
1268 A	0.28183	0.60681	0.11136
1269 A	0.29073	0.60013	0.10914
1270 A	0.31385	0.57741	0.10873
1271 A	0.34042	0.54830	0.11127
1272 T	0.38218	0.50027	0.11756
1273 T	0.38549	0.49623	0.11828
1274 A	0.37952	0.49866	0.12182
1275 T	0.38157	0.49802	0.12041
1276 A	0.34383	0.54428	0.11189
1277 A	0.31860	0.57930	0.1021
1278 A	0.29249	0.58562	0.12189
1279 T	0.30966	0.54454	0.1458
1280 T	0.29789	0.54895	0.15316
1281 A	0.23912	0.61179	0.14909
1282 C	0.19569	0.65502	0.14929
1283 A	0.17277	0.68428	0.14294
1284 A	0.15888	0.69973	0.14139
1285 A	0.16510	0.69504	0.13987
1286 A	0.19501	0.66807	0.13693
1287 T	0.21583	0.65537	0.12879
1288 G	0.21784	0.67600	0.10616
1289 A	0.21422	0.68296	0.10282
1290 T	0.20628	0.68158	0.11215
1291 A	0.16293	0.72072	0.11635
1292 A	0.13092	0.75034	0.11874
1293 C	0.13042	0.74417	0.12541
1294 A	0.13210	0.75780	0.1101
1295 A	0.13589	0.75795	0.10616
1296 T	0.15015	0.74433	0.10551
1297 A	0.15786	0.74844	0.0937
1298 A	0.15652	0.75741	0.08607
1299 A	0.17393	0.70290	0.12317
1300 A	0.19561	0.64720	0.15719
1301 T	0.20197	0.58649	0.21154
1302 T	0.20602	0.56525	0.22872
1303 A	0.20849	0.55842	0.23309
1304 T	0.21696	0.52150	0.26155
1305 T	0.21785	0.52307	0.25908
1306 A	0.20198	0.55058	0.24744
1307 A	0.20033	0.56102	0.23865
1308 A	0.20072	0.58291	0.21637
1309 G	0.20291	0.59889	0.19821
1310 A	0.21212	0.61242	0.17546
1311 A	0.25104	0.57108	0.17788
1312 A	0.27283	0.53882	0.18835
1313 T	0.29378	0.50048	0.20573
1314 T	0.30342	0.45370	0.24288
1315 C	0.30520	0.41419	0.28061
1316 G	0.30553	0.42325	0.27122
1317 T	0.31434	0.43472	0.25094
1318 G	0.31021	0.47924	0.21054
1319 A	0.30738	0.48959	0.20303
1320 A	0.32003	0.48058	0.19939
1321 T	0.33064	0.46264	0.20672
1322 T	0.32175	0.48530	0.19294
1323 C	0.27555	0.56192	0.16253
1324 A	0.24194	0.69030	0.06776
1325 A	0.23117	0.70648	0.06235
1326 A	0.23910	0.70189	0.05901
1327 G	0.25427	0.69024	0.05549
1328 T	0.29850	0.64781	0.05369
1329 C	0.30372	0.62841	0.06787
