# lcl|CP097583.1_cds_USQ93510.1_1
# AA	inside	membr	outside
1 A	0.66768	0.00000	0.33231
2 T	0.66762	0.00006	0.33231
3 G	0.66759	0.00009	0.33231
4 T	0.66759	0.00627	0.32613
5 A	0.66722	0.01863	0.31415
6 T	0.66722	0.02071	0.31207
7 T	0.66620	0.02275	0.31105
8 T	0.66620	0.02280	0.311
9 T	0.66561	0.02431	0.31008
10 T	0.66561	0.10674	0.22765
11 A	0.66538	0.11122	0.2234
12 T	0.65946	0.11876	0.22178
13 A	0.64326	0.14226	0.21447
14 T	0.64326	0.14226	0.21447
15 T	0.64326	0.17071	0.18603
16 A	0.63929	0.17468	0.18603
17 A	0.63443	0.17999	0.18557
18 A	0.63422	0.18148	0.18429
19 G	0.62835	0.18867	0.18298
20 G	0.56250	0.26980	0.1677
21 T	0.49640	0.33604	0.16755
22 A	0.48861	0.35006	0.16133
23 A	0.48458	0.35672	0.1587
24 A	0.48111	0.36292	0.15597
25 G	0.48050	0.36396	0.15555
26 T	0.48057	0.36412	0.15531
27 A	0.48455	0.36049	0.15496
28 A	0.49557	0.34919	0.15524
29 C	0.49977	0.34474	0.15549
30 A	0.50838	0.33555	0.15607
31 T	0.51408	0.32931	0.15661
32 C	0.51880	0.32378	0.15743
33 T	0.58547	0.25684	0.15769
34 A	0.58875	0.25340	0.15785
35 T	0.59581	0.24110	0.16309
36 T	0.60006	0.22663	0.17331
37 C	0.59669	0.22969	0.17362
38 A	0.60789	0.21838	0.17373
39 A	0.60299	0.22106	0.17595
40 A	0.60147	0.21901	0.17952
41 A	0.60227	0.21587	0.18186
42 T	0.60542	0.20622	0.18837
43 G	0.61283	0.13133	0.25585
44 A	0.60987	0.07665	0.31347
45 T	0.61365	0.06303	0.32333
46 A	0.61437	0.06187	0.32376
47 G	0.61662	0.05717	0.32621
48 T	0.61746	0.05755	0.32498
49 G	0.61689	0.05927	0.32384
50 T	0.61725	0.05781	0.32494
51 T	0.61696	0.05762	0.32542
52 G	0.61647	0.06081	0.32272
53 T	0.61611	0.06253	0.32136
54 C	0.61546	0.06346	0.32108
55 T	0.61469	0.06679	0.31852
56 T	0.61407	0.06927	0.31667
57 A	0.61323	0.07830	0.30847
58 G	0.61242	0.08795	0.29964
59 A	0.61209	0.09250	0.29542
60 T	0.61191	0.09087	0.29721
61 A	0.61168	0.09248	0.29585
62 A	0.61207	0.09022	0.29771
63 T	0.61273	0.08868	0.2986
64 A	0.61180	0.08997	0.29823
65 A	0.61152	0.08933	0.29915
66 T	0.61232	0.08429	0.30338
67 G	0.61305	0.08009	0.30686
68 G	0.61422	0.07717	0.30861
69 T	0.61957	0.07138	0.30906
70 A	0.62210	0.06937	0.30854
71 T	0.62528	0.06610	0.30862
72 T	0.62711	0.06455	0.30835
73 G	0.62712	0.06666	0.30622
74 G	0.62762	0.06818	0.3042
75 T	0.63224	0.06400	0.30375
76 T	0.63403	0.06398	0.30198
77 A	0.63474	0.06616	0.29909
78 T	0.63750	0.06363	0.29887
79 C	0.63860	0.06462	0.29679
80 A	0.64302	0.06507	0.29191
81 A	0.64602	0.06707	0.28691
82 A	0.64905	0.06516	0.28579
83 T	0.65201	0.06253	0.28546
84 T	0.65415	0.06045	0.2854
85 G	0.65509	0.05887	0.28604
86 G	0.65657	0.05693	0.2865
87 T	0.65889	0.05365	0.28746
88 T	0.65979	0.05230	0.28791
89 T	0.66026	0.05164	0.2881
90 T	0.66055	0.05125	0.2882
91 G	0.66021	0.05153	0.28827
92 C	0.66037	0.05137	0.28826
93 T	0.66077	0.05097	0.28826
94 A	0.66038	0.05136	0.28826
95 A	0.66112	0.05055	0.28833
96 T	0.66375	0.04753	0.28872
97 C	0.66517	0.04598	0.28885
98 C	0.66609	0.04486	0.28905
99 A	0.66842	0.04286	0.28873
100 T	0.67300	0.03855	0.28845
101 A	0.67286	0.03966	0.28749
102 T	0.67568	0.03758	0.28674
103 A	0.67860	0.03501	0.28639
104 T	0.68348	0.02530	0.29121
105 T	0.68333	0.02470	0.29197
106 T	0.67958	0.03112	0.28929
107 T	0.67222	0.04601	0.28178
108 T	0.65816	0.07251	0.26933
109 T	0.64011	0.10536	0.25452
110 A	0.58610	0.18629	0.22762
111 T	0.56144	0.22280	0.21576
112 A	0.51865	0.27613	0.20522
113 T	0.50368	0.29786	0.19846
114 A	0.47168	0.33154	0.19679
115 A	0.46272	0.34151	0.19577
116 A	0.45872	0.34578	0.1955
117 T	0.45679	0.34719	0.19602
118 C	0.45377	0.35107	0.19516
119 A	0.45167	0.35495	0.19339
120 A	0.44933	0.35785	0.19283
121 G	0.44856	0.35885	0.19259
122 A	0.44849	0.35909	0.19242
123 A	0.44874	0.35887	0.19239
124 G	0.44988	0.35601	0.19411
125 T	0.45138	0.35367	0.19496
126 A	0.45264	0.35146	0.1959
127 A	0.45437	0.34840	0.19723
128 A	0.45778	0.34129	0.20093
129 A	0.46511	0.32485	0.21005
130 T	0.48122	0.28986	0.22892
131 T	0.49803	0.25344	0.24853
132 A	0.51126	0.21922	0.26952
133 T	0.53471	0.14484	0.32045
134 T	0.54327	0.11194	0.34479
135 T	0.54852	0.07664	0.37485
136 A	0.54995	0.07177	0.37828
137 C	0.55110	0.04834	0.40056
138 T	0.55201	0.06368	0.3843
139 T	0.55147	0.08068	0.36785
140 A	0.55064	0.09625	0.35311
141 T	0.55198	0.10447	0.34355
142 T	0.55264	0.13505	0.31232
143 T	0.55219	0.14770	0.30011
144 T	0.55085	0.16378	0.28537
145 T	0.54936	0.17950	0.27114
146 A	0.54566	0.19875	0.2556
147 T	0.54390	0.20935	0.24675
148 A	0.54077	0.21697	0.24225
149 T	0.53765	0.22550	0.23685
150 T	0.53224	0.23386	0.23389
151 A	0.51877	0.25723	0.224
152 A	0.51204	0.26725	0.22072
153 A	0.50853	0.27307	0.21841
154 G	0.50713	0.27706	0.21581
155 A	0.50739	0.27853	0.21408
156 A	0.50817	0.27852	0.21331
157 A	0.51040	0.27629	0.2133
158 A	0.51634	0.26974	0.21393
159 T	0.53175	0.25219	0.21606
160 A	0.54075	0.24220	0.21705
161 T	0.56808	0.21360	0.21832
162 T	0.58642	0.19313	0.22045
163 C	0.59892	0.17901	0.22207
164 A	0.61086	0.16672	0.22241
165 T	0.65174	0.12515	0.22311
166 T	0.66675	0.10941	0.22384
167 T	0.67761	0.09740	0.22499
168 T	0.68593	0.08811	0.22596
169 T	0.69428	0.07555	0.23017
170 T	0.69811	0.07055	0.23134
171 A	0.69927	0.07031	0.23041
172 T	0.70388	0.06455	0.23157
173 A	0.70355	0.06348	0.23297
174 T	0.71189	0.04583	0.24228
175 G	0.71322	0.04136	0.24542
176 G	0.71464	0.04023	0.24513
177 T	0.71733	0.03960	0.24306
178 T	0.71876	0.04137	0.23988
179 T	0.71883	0.04383	0.23734
180 T	0.71826	0.04632	0.23542
181 T	0.71683	0.04933	0.23384
182 T	0.71561	0.05200	0.23239
183 A	0.71411	0.05620	0.22968
184 G	0.71333	0.05714	0.22953
185 A	0.71307	0.05752	0.22942
186 T	0.71299	0.05759	0.22942
187 A	0.71275	0.05785	0.22941
188 C	0.71275	0.05788	0.22937
189 T	0.71286	0.05796	0.22918
190 C	0.71271	0.05853	0.22877
191 A	0.71278	0.05979	0.22744
192 A	0.71382	0.05924	0.22694
193 A	0.71616	0.05719	0.22665
194 T	0.72196	0.05001	0.22804
195 T	0.72632	0.04532	0.22836
196 T	0.73055	0.03785	0.2316
197 T	0.73294	0.03461	0.23245
198 A	0.73487	0.03185	0.23328
199 T	0.73824	0.02744	0.23432
200 T	0.74128	0.02405	0.23467
201 T	0.74428	0.02125	0.23447
202 T	0.74620	0.01960	0.23421
203 T	0.74772	0.01785	0.23443
204 T	0.74782	0.01745	0.23473
205 T	0.74796	0.01793	0.23412
206 T	0.74795	0.01895	0.2331
207 T	0.74630	0.02374	0.22997
208 A	0.74363	0.03369	0.22267
209 A	0.73860	0.04159	0.21981
210 A	0.72782	0.05622	0.21595
211 A	0.72412	0.06106	0.21482
212 A	0.72231	0.06323	0.21446
213 A	0.72155	0.06405	0.2144
214 T	0.72247	0.06311	0.21442
215 T	0.72201	0.06356	0.21443
216 A	0.72148	0.06418	0.21434
217 A	0.72150	0.06411	0.21439
218 T	0.72176	0.06373	0.21452
219 C	0.72176	0.06359	0.21465
220 G	0.72188	0.06368	0.21444
221 C	0.72217	0.06387	0.21396
222 T	0.72149	0.06513	0.21338
223 A	0.71964	0.06716	0.2132
224 T	0.72015	0.06667	0.21318
225 T	0.71997	0.06665	0.21338
226 C	0.71885	0.06750	0.21364
227 C	0.71856	0.06652	0.21492
228 A	0.71917	0.06639	0.21445
229 G	0.72083	0.06418	0.21499
230 G	0.72460	0.06026	0.21514
231 T	0.73170	0.05263	0.21567
232 A	0.73378	0.04727	0.21895
233 T	0.73707	0.03264	0.2303
234 T	0.73760	0.02811	0.23429
235 G	0.73722	0.02634	0.23644
236 G	0.73702	0.02529	0.23768
237 A	0.73686	0.02510	0.23804
238 C	0.73684	0.02412	0.23905
239 C	0.73664	0.02417	0.23919
240 G	0.73625	0.02581	0.23795
241 A	0.73569	0.03145	0.23285
242 A	0.73556	0.03752	0.22691
243 A	0.73550	0.04147	0.22303
244 A	0.73582	0.04163	0.22255
245 G	0.73648	0.03878	0.22475
246 T	0.73684	0.03579	0.22737
247 G	0.73682	0.03927	0.22391
248 C	0.73689	0.04053	0.22258
249 T	0.73710	0.04454	0.21835
250 A	0.73715	0.04871	0.21415
251 T	0.73789	0.04968	0.21243
252 T	0.73820	0.04968	0.21212
253 T	0.73813	0.04989	0.21198
254 T	0.73772	0.05014	0.21213
255 A	0.73723	0.05021	0.21255
256 C	0.73710	0.04976	0.21313
257 T	0.73725	0.04946	0.2133
258 T	0.73690	0.04971	0.21339
259 A	0.73540	0.05228	0.21232
260 C	0.73159	0.05683	0.21157
261 T	0.72676	0.06207	0.21117
262 A	0.72213	0.06671	0.21116
263 A	0.72152	0.06699	0.2115
264 T	0.72554	0.06244	0.21202
265 C	0.72913	0.05870	0.21217
266 A	0.73198	0.05573	0.21229
267 A	0.73320	0.05448	0.21232
268 G	0.73463	0.05330	0.21208
269 A	0.73633	0.05218	0.21149
270 T	0.74345	0.04559	0.21096
271 T	0.74695	0.04266	0.21039
272 T	0.75012	0.04101	0.20886
273 T	0.75092	0.04017	0.20892
274 T	0.74991	0.04104	0.20905
275 T	0.74539	0.04603	0.20858
276 T	0.71220	0.07976	0.20804
277 C	0.65218	0.14008	0.20773
278 A	0.57949	0.21430	0.20621
279 A	0.52401	0.27064	0.20535
280 G	0.48437	0.31148	0.20415
281 A	0.46166	0.33706	0.20128
282 A	0.44749	0.35102	0.20148
283 A	0.43061	0.36369	0.20569
284 T	0.42243	0.36561	0.21196
285 T	0.40516	0.37922	0.21562
286 C	0.36340	0.42327	0.21333
287 A	0.33118	0.46453	0.20429
288 A	0.30132	0.50494	0.19374
289 A	0.28533	0.52167	0.19299
290 A	0.27833	0.52874	0.19293
291 A	0.27305	0.53394	0.19301
292 G	0.27214	0.53385	0.19401
293 C	0.27198	0.53329	0.19473
294 A	0.27261	0.53252	0.19486
295 A	0.27468	0.52964	0.19568
296 T	0.27605	0.52533	0.19862
297 A	0.27653	0.52185	0.20162
298 T	0.27784	0.51374	0.20842
299 T	0.27798	0.47074	0.25128
300 T	0.27714	0.41503	0.30783
301 G	0.27490	0.35088	0.37422
302 A	0.27437	0.31500	0.41062
303 A	0.27420	0.28695	0.43885
304 A	0.27578	0.27038	0.45384
305 A	0.27613	0.25909	0.46477
306 T	0.27796	0.23418	0.48786
307 A	0.27864	0.22248	0.49887
308 A	0.28026	0.20504	0.51471
309 T	0.28432	0.16233	0.55335
310 G	0.29159	0.12337	0.58504
311 T	0.30097	0.08455	0.61448
312 T	0.30218	0.07122	0.6266
313 T	0.30261	0.07580	0.62159
314 C	0.30254	0.09288	0.60458
315 T	0.30134	0.15450	0.54416
316 T	0.29904	0.18104	0.51993
317 A	0.29741	0.20835	0.49423
318 T	0.29714	0.23266	0.4702
319 T	0.29684	0.25195	0.45121
320 T	0.29647	0.26583	0.4377
321 A	0.29548	0.27984	0.42467
322 T	0.29610	0.29010	0.41381
323 T	0.29583	0.31131	0.39286
324 G	0.29491	0.33385	0.37124
325 A	0.29339	0.37204	0.33457
326 A	0.29442	0.39623	0.30935
327 A	0.29815	0.39645	0.3054
328 T	0.30501	0.38937	0.30562
329 T	0.30673	0.38784	0.30542
330 A	0.30355	0.39179	0.30466
331 C	0.30501	0.39075	0.30424
332 C	0.30453	0.39492	0.30054
333 A	0.30230	0.41059	0.2871
334 G	0.30252	0.42246	0.27502
335 G	0.30990	0.41902	0.27108
336 A	0.32539	0.41007	0.26454
337 A	0.35759	0.38385	0.25857
338 T	0.42499	0.31552	0.25949
339 C	0.41997	0.31963	0.26039
340 G	0.42141	0.32260	0.25599
341 G	0.39847	0.35110	0.25043
342 C	0.34702	0.41813	0.23485
343 A	0.29098	0.51103	0.19799
344 A	0.22513	0.59250	0.18237
345 A	0.20584	0.61899	0.17516
346 A	0.20199	0.62282	0.17519
347 A	0.20263	0.62150	0.17587
348 A	0.22131	0.59950	0.17918
349 A	0.23354	0.58429	0.18217
350 C	0.23295	0.58091	0.18613
351 A	0.23147	0.58164	0.1869
352 G	0.22971	0.58193	0.18836
353 C	0.22317	0.58683	0.19
354 A	0.21515	0.59444	0.1904
355 C	0.21231	0.59665	0.19104
356 A	0.21482	0.59345	0.19173
357 A	0.21525	0.59291	0.19184
358 C	0.21268	0.59555	0.19177
359 A	0.21540	0.59356	0.19105
360 A	0.21915	0.58946	0.1914
361 A	0.22391	0.57451	0.20157
362 T	0.23738	0.52857	0.23405
363 T	0.25305	0.49917	0.24778
364 A	0.26186	0.44429	0.29385
365 T	0.28020	0.34860	0.37119
366 T	0.30165	0.25466	0.4437
367 T	0.30745	0.17634	0.51621
368 T	0.30781	0.15089	0.54129
369 T	0.30577	0.13761	0.55662
370 C	0.30411	0.12646	0.56943
371 A	0.30240	0.12762	0.56997
372 T	0.30159	0.12524	0.57317
373 T	0.30000	0.13038	0.56963
374 T	0.29514	0.15214	0.55272
375 A	0.28456	0.21743	0.49801
376 A	0.27941	0.30946	0.41113
377 A	0.27388	0.33518	0.39095
378 A	0.27035	0.36425	0.3654
379 A	0.26822	0.39987	0.3319
380 A	0.26828	0.40258	0.32913
381 T	0.26665	0.40810	0.32525
382 A	0.25738	0.43344	0.30919
383 A	0.25265	0.45955	0.2878
384 T	0.25090	0.49610	0.253
385 G	0.24686	0.53382	0.21932
386 A	0.24567	0.55637	0.19795
387 T	0.24872	0.56254	0.18874
388 T	0.25028	0.56895	0.18077
389 T	0.25028	0.57741	0.17231
390 A	0.25018	0.57832	0.1715
391 T	0.25225	0.57445	0.1733
392 T	0.25231	0.57300	0.17469
393 T	0.24848	0.57652	0.175
394 C	0.24143	0.58189	0.17668
395 A	0.24120	0.58220	0.1766
396 A	0.24567	0.57719	0.17714
397 A	0.25961	0.55998	0.18042
398 C	0.31227	0.50048	0.18725
399 T	0.41322	0.39816	0.18862
400 A	0.44221	0.36657	0.19122
401 A	0.47222	0.33584	0.19194
402 T	0.51250	0.29488	0.19262
403 A	0.52368	0.28531	0.19101
404 A	0.53600	0.27075	0.19326
405 A	0.55763	0.23900	0.20337
406 A	0.59060	0.19966	0.20974
407 T	0.64541	0.14138	0.2132
408 T	0.68692	0.09892	0.21416
409 T	0.69509	0.09891	0.206
410 T	0.67562	0.12467	0.19971
411 A	0.64226	0.17008	0.18766
412 T	0.63044	0.18899	0.18057
413 T	0.60944	0.21514	0.17542
414 A	0.55694	0.26952	0.17355
415 A	0.52648	0.29867	0.17485
416 A	0.49630	0.32329	0.18041
417 T	0.47033	0.34011	0.18956
418 C	0.38049	0.42895	0.19057
419 C	0.23672	0.58434	0.17894
420 A	0.17469	0.65888	0.16642
421 A	0.14660	0.69235	0.16106
422 A	0.12785	0.71463	0.15752
423 G	0.12115	0.72213	0.15672
424 C	0.11703	0.72646	0.15651
425 A	0.10889	0.73720	0.1539
426 A	0.09837	0.75188	0.14975
427 A	0.09591	0.75549	0.14861
428 A	0.09631	0.75488	0.14881
429 A	0.09704	0.75438	0.14857
430 G	0.09989	0.74584	0.15427
431 A	0.10626	0.73190	0.16184
432 T	0.11842	0.70203	0.17955
433 G	0.12348	0.66908	0.20743
434 T	0.13230	0.62988	0.23782
435 T	0.13545	0.61716	0.2474
436 A	0.13352	0.61137	0.25511
437 A	0.13105	0.58035	0.2886
438 A	0.12965	0.54806	0.32229
439 G	0.12968	0.50879	0.36153
440 A	0.13034	0.48173	0.38793
441 A	0.13356	0.39879	0.46765
442 G	0.14715	0.24679	0.60606
443 T	0.16316	0.17642	0.66042
444 A	0.16915	0.15575	0.67509
445 T	0.17426	0.14613	0.6796
446 T	0.17529	0.15460	0.67011
447 A	0.17505	0.17055	0.65441
448 A	0.17584	0.18112	0.64304
449 T	0.18047	0.17709	0.64244
450 T	0.18197	0.20770	0.61034
451 A	0.17744	0.30424	0.51833
452 A	0.17237	0.36891	0.45872
453 T	0.16871	0.41305	0.41824
454 T	0.15974	0.44678	0.39348
455 T	0.14520	0.49505	0.35975
456 A	0.13168	0.56872	0.2996
457 G	0.12757	0.59707	0.27537
458 G	0.12730	0.59863	0.27408
459 A	0.13217	0.59473	0.27311
460 T	0.14106	0.58873	0.2702
461 T	0.12698	0.61326	0.25975
462 C	0.10494	0.65479	0.24027
463 A	0.08572	0.71860	0.19568
464 A	0.07652	0.73111	0.19237
465 A	0.06814	0.74180	0.19006
466 A	0.06548	0.74533	0.18919
467 A	0.07498	0.73619	0.18883
468 C	0.08873	0.72203	0.18924
469 A	0.10270	0.71029	0.18701
470 A	0.12120	0.69221	0.18659
471 A	0.14148	0.67242	0.1861
472 G	0.15209	0.66236	0.18555
473 A	0.18170	0.63510	0.18321
474 A	0.26657	0.54406	0.18937
475 G	0.33235	0.46856	0.1991
476 T	0.38702	0.40587	0.20711
477 T	0.40455	0.38121	0.21425
478 G	0.39529	0.38435	0.22036
479 A	0.40961	0.36585	0.22454
480 T	0.40119	0.37165	0.22716
481 A	0.37370	0.39810	0.2282
482 A	0.36660	0.40201	0.23139
483 A	0.37135	0.39155	0.2371
484 G	0.38128	0.35785	0.26088
485 T	0.40169	0.31623	0.28209
486 T	0.42676	0.27503	0.29822
487 A	0.40286	0.29304	0.3041
488 T	0.39297	0.29544	0.31158
489 C	0.37953	0.30366	0.31682
490 A	0.36110	0.33080	0.3081
491 A	0.34005	0.35914	0.30081
492 T	0.33126	0.37485	0.29388
493 A	0.31974	0.39484	0.28542
494 A	0.30275	0.42107	0.27618
495 A	0.29536	0.42280	0.28184
496 T	0.28952	0.42465	0.28583
497 T	0.27717	0.44298	0.27985
498 A	0.25093	0.50146	0.24762
499 G	0.24533	0.51224	0.24243
500 A	0.24627	0.51022	0.24352
501 T	0.25086	0.48420	0.26494
502 T	0.25286	0.46844	0.2787
503 T	0.25135	0.45481	0.29384
504 T	0.24256	0.45710	0.30034
505 A	0.22608	0.47816	0.29576
506 A	0.21849	0.48578	0.29573
507 T	0.21427	0.48771	0.29802
508 A	0.20450	0.49894	0.29656
509 A	0.19817	0.49755	0.30428
510 A	0.19556	0.48669	0.31776
511 G	0.19452	0.48621	0.31928
512 A	0.19463	0.50228	0.30309
513 A	0.20293	0.51564	0.28143
514 A	0.21131	0.51364	0.27505
515 T	0.22066	0.50412	0.27522
516 A	0.22828	0.49771	0.27402
517 G	0.23960	0.47480	0.2856
518 A	0.24964	0.46613	0.28422
519 A	0.25980	0.45027	0.28993
520 A	0.27863	0.42071	0.30066
521 T	0.32719	0.34892	0.32389
522 T	0.34764	0.32350	0.32886
523 A	0.35898	0.31227	0.32876
524 T	0.36990	0.30139	0.32871
525 T	0.37437	0.30058	0.32505
526 A	0.37291	0.30421	0.32288
527 T	0.37434	0.30129	0.32437
528 T	0.36267	0.32047	0.31685
529 A	0.33329	0.36258	0.30412
530 A	0.31541	0.39911	0.28547
531 A	0.29684	0.43472	0.26844
532 G	0.27571	0.45343	0.27086
533 A	0.26176	0.47154	0.26669
534 A	0.26911	0.46623	0.26466
535 G	0.29461	0.44358	0.26181
536 C	0.33789	0.39998	0.26213
537 T	0.36985	0.37044	0.25972
538 T	0.38224	0.35845	0.25931
539 T	0.39061	0.35013	0.25926
540 A	0.39295	0.34798	0.25906
541 T	0.39870	0.34215	0.25916
542 C	0.40171	0.33870	0.25958
543 A	0.40441	0.33590	0.25968
544 T	0.40867	0.33152	0.25982
545 T	0.41219	0.32778	0.26003
546 A	0.41446	0.32528	0.26026
547 A	0.41986	0.31951	0.26063
548 T	0.43120	0.30351	0.26529
549 A	0.43761	0.29109	0.2713
550 A	0.44717	0.27115	0.28168
551 T	0.46946	0.22690	0.30364
552 G	0.48345	0.18389	0.33267
553 A	0.50240	0.14786	0.34974
554 A	0.52592	0.10329	0.37079
555 A	0.53338	0.06975	0.39688
556 T	0.54403	0.03278	0.42319
557 A	0.55065	0.01671	0.43263
558 A	0.55814	0.00000	0.44187
