# lcl|CP097583.1_cds_USQ93596.1_1
# AA	inside	membr	outside
1 A	0.83728	0.00000	0.16272
2 T	0.83375	0.00353	0.16272
3 G	0.83206	0.00522	0.16272
4 A	0.83206	0.03861	0.12932
5 A	0.81888	0.08187	0.09925
6 T	0.81888	0.08475	0.09637
7 T	0.63017	0.27459	0.09523
8 C	0.63015	0.27463	0.09522
9 A	0.56139	0.34402	0.09459
10 A	0.56129	0.36099	0.07771
11 A	0.55357	0.36947	0.07695
12 C	0.45108	0.47237	0.07655
13 A	0.32353	0.60351	0.07296
14 A	0.32351	0.60353	0.07296
15 A	0.32351	0.61974	0.05675
16 A	0.32232	0.62093	0.05675
17 A	0.32154	0.62176	0.0567
18 A	0.32152	0.62183	0.05665
19 A	0.32128	0.62206	0.05666
20 T	0.32066	0.62238	0.05697
21 T	0.31928	0.62341	0.05731
22 A	0.32087	0.62107	0.05806
23 C	0.32473	0.61490	0.06037
24 T	0.33471	0.60422	0.06106
25 T	0.33923	0.59443	0.06634
26 T	0.34147	0.58973	0.0688
27 A	0.35971	0.56656	0.07373
28 T	0.38149	0.53444	0.08408
29 T	0.38335	0.51317	0.10348
30 A	0.38478	0.34884	0.26637
31 T	0.38625	0.32730	0.28645
32 T	0.38776	0.25470	0.35754
33 T	0.39618	0.23078	0.37304
34 A	0.39051	0.22653	0.38295
35 T	0.39231	0.14136	0.46633
36 T	0.39327	0.05035	0.55638
37 A	0.39209	0.05067	0.55724
38 T	0.40354	0.03835	0.55812
39 T	0.39981	0.05242	0.54777
40 T	0.39788	0.05780	0.54432
41 T	0.39590	0.06348	0.54061
42 A	0.39269	0.07114	0.53618
43 T	0.39134	0.07517	0.53349
44 T	0.38842	0.09523	0.51635
45 T	0.38499	0.10398	0.51103
46 A	0.38188	0.11255	0.50556
47 T	0.38059	0.11472	0.50469
48 A	0.37944	0.11650	0.50406
49 A	0.37918	0.11834	0.50248
50 T	0.37916	0.11773	0.50311
51 T	0.37909	0.11735	0.50356
52 T	0.37906	0.11614	0.5048
53 T	0.37904	0.11548	0.50548
54 G	0.37900	0.11534	0.50566
55 A	0.37923	0.11526	0.50551
56 T	0.38081	0.11071	0.50848
57 T	0.38229	0.10303	0.51469
58 G	0.38272	0.10299	0.51429
59 G	0.38425	0.10188	0.51387
60 T	0.38675	0.09992	0.51332
61 A	0.38912	0.09798	0.5129
62 T	0.40310	0.08053	0.51637
63 T	0.40846	0.07508	0.51645
64 G	0.41242	0.07187	0.51571
65 G	0.41705	0.06837	0.51458
66 T	0.42434	0.06630	0.50936
67 T	0.43933	0.05865	0.50202
68 T	0.44314	0.06929	0.48757
69 T	0.44606	0.09616	0.45779
70 T	0.44534	0.15824	0.39641
71 A	0.43730	0.29637	0.26633
72 T	0.41725	0.34395	0.2388
73 A	0.36888	0.43995	0.19117
74 T	0.34610	0.47860	0.1753
75 A	0.30575	0.54637	0.14789
76 C	0.27130	0.59282	0.13588
77 T	0.24691	0.63641	0.11668
78 A	0.22145	0.67980	0.09875
79 A	0.21545	0.69709	0.08746
80 A	0.21309	0.70403	0.08288
81 A	0.21337	0.70552	0.08111
82 T	0.21538	0.70451	0.08011
83 T	0.21552	0.70651	0.07797
84 A	0.20795	0.71504	0.07702
85 A	0.20588	0.71719	0.07692
86 A	0.20457	0.71852	0.07691
87 A	0.19619	0.72714	0.07667
88 C	0.19728	0.72603	0.0767
89 C	0.20365	0.72024	0.07611
90 A	0.20047	0.72633	0.0732
91 A	0.21192	0.71621	0.07188
92 A	0.23889	0.68968	0.07143
93 A	0.28756	0.64090	0.07155
94 A	0.40598	0.51473	0.0793
95 A	0.44419	0.44458	0.11122
96 T	0.50489	0.31925	0.17586
97 G	0.52220	0.26922	0.20857
98 T	0.55504	0.20195	0.243
99 T	0.56552	0.16935	0.26514
100 T	0.56896	0.15084	0.28021
101 C	0.56201	0.14505	0.29293
102 T	0.53831	0.17571	0.28598
103 T	0.52217	0.19523	0.2826
104 C	0.47191	0.24801	0.28008
105 A	0.40260	0.33289	0.26451
106 A	0.35239	0.38391	0.2637
107 C	0.32934	0.40023	0.27043
108 A	0.31972	0.41027	0.27001
109 A	0.31878	0.41286	0.26836
110 C	0.32034	0.40044	0.27922
111 T	0.32208	0.40201	0.27591
112 A	0.32207	0.40281	0.27512
113 T	0.32341	0.38763	0.28896
114 T	0.31921	0.38726	0.29353
115 A	0.31180	0.39629	0.29191
116 C	0.29629	0.40062	0.30308
117 T	0.29050	0.41168	0.29782
118 G	0.27425	0.43760	0.28814
119 A	0.26010	0.47762	0.26228
120 A	0.24823	0.51794	0.23383
121 G	0.23840	0.56578	0.19582
122 A	0.20411	0.66393	0.13195
123 A	0.18354	0.71694	0.09951
124 A	0.18161	0.72760	0.0908
125 A	0.18784	0.68772	0.12444
126 T	0.19350	0.66605	0.14045
127 G	0.18386	0.64333	0.17281
128 A	0.18710	0.61998	0.19292
129 A	0.17661	0.59093	0.23246
130 C	0.17388	0.57125	0.25487
131 C	0.16592	0.58498	0.2491
132 A	0.13852	0.65088	0.21061
133 C	0.13555	0.68343	0.18102
134 A	0.13398	0.75892	0.10709
135 A	0.13033	0.76995	0.09972
136 G	0.12866	0.78243	0.08891
137 A	0.12769	0.79576	0.07655
138 A	0.11815	0.81065	0.07121
139 C	0.11794	0.79631	0.08575
140 A	0.12278	0.79901	0.07821
141 A	0.12851	0.79690	0.0746
142 A	0.14773	0.77825	0.07401
143 A	0.17696	0.74659	0.07644
144 A	0.21613	0.70455	0.07933
145 A	0.28271	0.59486	0.12244
146 C	0.31736	0.53456	0.14808
147 T	0.34040	0.51217	0.14743
148 G	0.34745	0.50476	0.14779
149 A	0.34774	0.50434	0.14792
150 A	0.35203	0.48586	0.16211
151 T	0.38858	0.44110	0.17033
152 C	0.40103	0.41195	0.18702
153 A	0.41120	0.39856	0.19023
154 A	0.42657	0.37168	0.20175
155 C	0.45395	0.30867	0.23738
156 T	0.47023	0.28991	0.23986
157 T	0.48881	0.27223	0.23896
158 C	0.47965	0.28083	0.23952
159 A	0.47890	0.29433	0.22676
160 A	0.48710	0.29677	0.21612
161 T	0.49055	0.28404	0.2254
162 T	0.46011	0.31815	0.22174
163 G	0.35242	0.44823	0.19935
164 A	0.29200	0.62194	0.08606
165 A	0.27433	0.67214	0.05353
166 A	0.26709	0.68149	0.05142
167 A	0.26351	0.68468	0.05182
168 A	0.25579	0.68617	0.05804
169 T	0.24680	0.68547	0.06774
170 C	0.23507	0.69414	0.07079
171 A	0.14153	0.79576	0.06271
172 C	0.10524	0.83993	0.05483
173 A	0.07898	0.88048	0.04053
174 A	0.05789	0.91147	0.03064
175 G	0.04340	0.93277	0.02382
176 A	0.03949	0.93628	0.02423
177 A	0.03697	0.93764	0.02538
178 A	0.03729	0.92712	0.03559
179 A	0.04046	0.90434	0.05519
180 C	0.04492	0.84960	0.10549
181 G	0.04885	0.83569	0.11546
182 A	0.05960	0.82515	0.11525
183 A	0.07085	0.82219	0.10697
184 A	0.07979	0.80378	0.11643
185 C	0.08841	0.76051	0.15109
186 A	0.11211	0.63811	0.24978
187 T	0.22572	0.46574	0.30854
188 C	0.25190	0.43193	0.31616
189 A	0.25180	0.51034	0.23787
190 A	0.25245	0.52562	0.22193
191 A	0.25213	0.52820	0.21967
192 A	0.24989	0.52586	0.22425
193 A	0.25806	0.51101	0.23093
194 C	0.27404	0.37896	0.34699
195 T	0.28713	0.37028	0.34259
196 G	0.29018	0.36246	0.34736
197 A	0.29144	0.40400	0.30455
198 T	0.24902	0.52214	0.22884
199 A	0.12935	0.73901	0.13164
200 C	0.09740	0.81361	0.08898
201 A	0.07492	0.89702	0.02806
202 A	0.06613	0.91250	0.02138
203 A	0.05977	0.92968	0.01055
204 A	0.05864	0.93300	0.00837
205 A	0.06550	0.92605	0.00845
206 C	0.08255	0.90823	0.00922
207 A	0.08890	0.90193	0.00917
208 A	0.09592	0.89434	0.00974
209 C	0.11269	0.87649	0.01081
210 A	0.12130	0.86789	0.0108
211 T	0.13642	0.85213	0.01145
212 C	0.18118	0.80435	0.01447
213 A	0.19964	0.78508	0.01528
214 A	0.21708	0.76689	0.01604
215 C	0.24010	0.73904	0.02086
216 T	0.24752	0.73127	0.02121
217 A	0.24719	0.73348	0.01932
218 A	0.27636	0.70433	0.01932
219 A	0.30617	0.67224	0.02158
220 A	0.36042	0.61331	0.02627
221 A	0.47165	0.44055	0.08779
222 T	0.58490	0.20534	0.20976
223 T	0.62592	0.13171	0.24237
224 C	0.60853	0.13449	0.25699
225 A	0.52679	0.22194	0.25127
226 C	0.43528	0.32180	0.24292
227 A	0.29535	0.49139	0.21325
228 A	0.17175	0.63051	0.19774
229 C	0.10633	0.70573	0.18793
230 A	0.06860	0.80237	0.12904
231 A	0.05224	0.90661	0.04115
232 A	0.03760	0.93830	0.02411
233 A	0.02935	0.95145	0.01921
234 T	0.02378	0.95926	0.01697
235 G	0.01912	0.96185	0.01903
236 A	0.01765	0.96672	0.01563
237 A	0.01773	0.96344	0.01883
238 A	0.01811	0.95881	0.02308
239 C	0.01947	0.94917	0.03136
240 A	0.02085	0.94278	0.03637
241 C	0.02284	0.93635	0.04082
242 C	0.02336	0.93618	0.04046
243 A	0.02268	0.94120	0.03613
244 A	0.02313	0.94470	0.03216
245 A	0.02356	0.94576	0.03067
246 A	0.02462	0.94395	0.03143
247 A	0.03011	0.90309	0.06681
248 A	0.04082	0.79099	0.16818
249 A	0.05791	0.67014	0.27195
250 G	0.09645	0.48421	0.41934
251 A	0.12717	0.38924	0.48358
252 T	0.15203	0.33354	0.51444
253 G	0.20071	0.30350	0.49579
254 T	0.26242	0.32491	0.41267
255 T	0.25684	0.35670	0.38646
256 A	0.23439	0.42714	0.33847
257 A	0.21763	0.47743	0.30495
258 A	0.19331	0.54549	0.2612
259 C	0.16505	0.63549	0.19946
260 A	0.14581	0.72957	0.12462
261 A	0.12954	0.79117	0.07929
262 A	0.11291	0.82134	0.06575
263 A	0.10502	0.83328	0.06171
264 T	0.09700	0.84177	0.06123
265 A	0.06075	0.87789	0.06136
266 C	0.05251	0.88492	0.06257
267 A	0.05330	0.88441	0.0623
268 C	0.05466	0.88267	0.06267
269 A	0.05505	0.88234	0.0626
270 A	0.05984	0.87743	0.06273
271 T	0.07546	0.86172	0.06282
272 C	0.08756	0.84905	0.06339
273 A	0.10599	0.83085	0.06315
274 T	0.18266	0.75300	0.06434
275 T	0.21435	0.71972	0.06593
276 A	0.23900	0.69250	0.06851
277 A	0.29890	0.62650	0.0746
278 C	0.34170	0.55947	0.09884
279 T	0.40421	0.47769	0.1181
280 A	0.44359	0.42519	0.13122
281 A	0.49755	0.35272	0.14973
282 T	0.56806	0.25293	0.17901
283 T	0.61940	0.19569	0.18491
284 A	0.62786	0.18255	0.18959
285 T	0.61963	0.18293	0.19745
286 A	0.58278	0.23186	0.18536
287 A	0.57131	0.24824	0.18045
288 T	0.56253	0.23665	0.20081
289 T	0.53550	0.27791	0.18659
290 T	0.48753	0.35348	0.15898
291 A	0.41505	0.48586	0.09909
292 G	0.38483	0.52498	0.09019
293 A	0.32895	0.59190	0.07916
294 A	0.25582	0.67095	0.07324
295 T	0.23490	0.69423	0.07087
296 C	0.19178	0.74481	0.06342
297 A	0.17376	0.77397	0.05226
298 G	0.16786	0.78718	0.04497
299 A	0.16425	0.79426	0.04149
300 A	0.16099	0.79972	0.03928
301 C	0.15972	0.80235	0.03792
302 A	0.15787	0.81067	0.03147
303 A	0.15304	0.81817	0.0288
304 A	0.15373	0.82033	0.02594
305 A	0.15672	0.81845	0.02483
306 A	0.16177	0.81178	0.02645
307 A	0.17558	0.77514	0.04929
308 A	0.19020	0.73004	0.07976
309 T	0.21890	0.65141	0.1297
310 A	0.23250	0.63015	0.13734
311 A	0.24712	0.62015	0.13273
312 A	0.26352	0.62445	0.11202
313 A	0.28400	0.57091	0.14509
314 T	0.32884	0.47224	0.19891
315 A	0.32323	0.45756	0.21921
316 A	0.32806	0.39666	0.27528
317 C	0.32974	0.31812	0.35215
318 A	0.32858	0.30144	0.36998
319 C	0.33520	0.25637	0.40843
320 C	0.34464	0.23889	0.41647
321 T	0.35286	0.22912	0.41802
322 G	0.35388	0.22779	0.41833
323 C	0.35558	0.22421	0.42021
324 T	0.35731	0.22433	0.41835
325 G	0.36054	0.21971	0.41976
326 G	0.36344	0.21190	0.42467
327 A	0.36711	0.21012	0.42277
328 T	0.36941	0.21359	0.417
329 C	0.37016	0.20977	0.42006
330 T	0.37051	0.23198	0.3975
331 G	0.36363	0.29675	0.33962
332 A	0.35782	0.34940	0.29279
333 A	0.35695	0.41434	0.2287
334 A	0.37127	0.42514	0.20359
335 A	0.40853	0.42322	0.16824
336 A	0.42270	0.41879	0.15851
337 G	0.43543	0.40220	0.16236
338 T	0.44404	0.39067	0.16528
339 A	0.44538	0.39312	0.16151
340 T	0.44756	0.39121	0.16123
341 T	0.44903	0.39470	0.15627
342 T	0.44926	0.39528	0.15546
343 T	0.44910	0.39394	0.15696
344 T	0.44854	0.39467	0.15679
345 A	0.44726	0.39633	0.1564
346 C	0.44697	0.39674	0.15629
347 C	0.44780	0.39915	0.15304
348 A	0.44771	0.40418	0.1481
349 G	0.45032	0.40798	0.14171
350 A	0.45676	0.40653	0.1367
351 T	0.46763	0.39885	0.13351
352 G	0.47029	0.40385	0.12586
353 A	0.49361	0.38084	0.12556
354 A	0.54524	0.32290	0.13186
355 A	0.59072	0.27099	0.1383
356 T	0.65172	0.20441	0.14387
357 A	0.67651	0.17877	0.14472
358 T	0.72677	0.12837	0.14486
359 T	0.74473	0.11306	0.14221
360 A	0.74703	0.11133	0.14164
361 T	0.75589	0.10215	0.14196
362 T	0.75994	0.09768	0.14238
363 A	0.76062	0.09616	0.14321
364 C	0.76533	0.08959	0.14508
365 C	0.76583	0.08844	0.14574
366 T	0.75580	0.09845	0.14575
367 C	0.74329	0.11063	0.14609
368 C	0.74146	0.11225	0.14629
369 T	0.74260	0.11134	0.14606
370 T	0.74121	0.11288	0.1459
371 C	0.73771	0.11596	0.14633
372 T	0.73999	0.11528	0.14473
373 A	0.73422	0.12455	0.14122
374 A	0.72108	0.13786	0.14106
375 T	0.71704	0.14073	0.14223
376 T	0.68908	0.17368	0.13724
377 T	0.64192	0.22930	0.12878
378 A	0.50963	0.36652	0.12385
379 G	0.41915	0.45768	0.12316
380 A	0.36800	0.50958	0.12242
381 A	0.31483	0.56291	0.12226
382 C	0.29761	0.57941	0.12299
383 C	0.27658	0.61595	0.10748
384 A	0.25885	0.66597	0.07517
385 A	0.25487	0.69281	0.05232
386 A	0.25343	0.70558	0.041
387 A	0.25189	0.70788	0.04023
388 A	0.25126	0.70603	0.04272
389 T	0.25144	0.68797	0.06059
390 T	0.24435	0.67822	0.07743
391 C	0.23286	0.68360	0.08354
392 A	0.21790	0.70576	0.07633
393 A	0.20857	0.71983	0.0716
394 A	0.20527	0.72816	0.06657
395 A	0.20412	0.72964	0.06624
396 T	0.20620	0.72123	0.07258
397 A	0.20455	0.70628	0.08917
398 A	0.20447	0.69762	0.0979
399 A	0.20761	0.67502	0.11737
400 A	0.21478	0.62754	0.15768
401 A	0.21840	0.51463	0.26697
402 A	0.22112	0.43516	0.34372
403 A	0.22638	0.38247	0.39115
404 C	0.23236	0.32278	0.44487
405 A	0.23862	0.33361	0.42778
406 T	0.26205	0.30211	0.43584
407 C	0.28772	0.27189	0.44039
408 T	0.30573	0.27808	0.4162
409 T	0.31053	0.29818	0.39129
410 T	0.30742	0.36610	0.32648
411 T	0.30195	0.42000	0.27805
412 A	0.29605	0.43714	0.26681
413 G	0.29329	0.44156	0.26515
414 A	0.29283	0.44131	0.26586
415 T	0.29969	0.43190	0.26841
416 C	0.30240	0.43124	0.26635
417 T	0.30595	0.43160	0.26246
418 G	0.29171	0.45506	0.25324
419 A	0.27701	0.47714	0.24585
420 A	0.27401	0.48328	0.24271
421 C	0.27750	0.48228	0.24022
422 A	0.28505	0.48530	0.22965
423 A	0.29039	0.49072	0.21889
424 G	0.30520	0.48347	0.21133
425 A	0.31439	0.49223	0.19339
426 A	0.31701	0.50302	0.17997
427 A	0.32215	0.51799	0.15986
428 T	0.36701	0.48629	0.1467
429 T	0.35924	0.51895	0.12181
430 G	0.30640	0.57883	0.11478
431 A	0.29514	0.59461	0.11025
432 A	0.29573	0.59654	0.10773
433 T	0.33645	0.55370	0.10984
434 C	0.32981	0.55956	0.11063
435 A	0.31315	0.58189	0.10496
436 G	0.31598	0.58203	0.102
437 A	0.31244	0.59364	0.09392
438 T	0.31949	0.58684	0.09366
439 G	0.28542	0.62202	0.09256
440 A	0.24947	0.65772	0.09281
441 A	0.24266	0.65522	0.10212
442 C	0.22689	0.65931	0.11379
443 A	0.20888	0.67888	0.11224
444 A	0.18692	0.70362	0.10946
445 G	0.17412	0.72070	0.10518
446 A	0.17320	0.72495	0.10185
447 A	0.17174	0.72843	0.09983
448 A	0.17864	0.71776	0.1036
449 A	0.19058	0.69999	0.10943
450 A	0.21231	0.66739	0.1203
451 A	0.22683	0.63715	0.13602
452 A	0.25105	0.56649	0.18246
453 T	0.26358	0.47134	0.26508
454 C	0.26999	0.42888	0.30113
455 T	0.27745	0.40834	0.31421
456 A	0.27673	0.40128	0.32199
457 T	0.28257	0.36207	0.35536
458 T	0.28520	0.33961	0.3752
459 C	0.28415	0.33604	0.37981
460 G	0.28736	0.32585	0.38679
461 A	0.28829	0.33009	0.38162
462 A	0.28793	0.31291	0.39916
463 T	0.29250	0.28348	0.42401
464 T	0.29625	0.28361	0.42014
465 T	0.29720	0.28905	0.41375
466 A	0.29590	0.37743	0.32666
467 A	0.29779	0.46512	0.23709
468 T	0.30214	0.47341	0.22445
469 A	0.30060	0.49139	0.20802
470 A	0.29535	0.50245	0.2022
471 T	0.29621	0.50145	0.20234
472 G	0.29143	0.52263	0.18595
473 A	0.28702	0.54653	0.16645
474 T	0.28658	0.56766	0.14576
475 G	0.28349	0.57835	0.13816
476 A	0.27759	0.60485	0.11756
477 A	0.27460	0.61532	0.11007
478 A	0.27357	0.61698	0.10945
479 C	0.26895	0.61887	0.11218
480 A	0.26314	0.63969	0.09718
481 A	0.26763	0.64520	0.08717
482 T	0.27699	0.63487	0.08814
483 G	0.28261	0.62753	0.08986
484 A	0.29245	0.61777	0.08978
485 A	0.31053	0.59501	0.09445
486 C	0.33179	0.57121	0.097
487 C	0.35291	0.55564	0.09145
488 A	0.38885	0.53381	0.07733
489 A	0.49646	0.42818	0.07536
490 T	0.61663	0.30882	0.07455
491 T	0.64342	0.28265	0.07392
492 T	0.64665	0.27541	0.07794
493 C	0.61757	0.29460	0.08783
494 A	0.58917	0.32145	0.08938
495 A	0.58651	0.32012	0.09337
496 C	0.59756	0.30567	0.09678
497 A	0.60832	0.29775	0.09392
498 A	0.61506	0.29378	0.09116
499 T	0.63595	0.26749	0.09656
500 T	0.63760	0.26324	0.09916
501 A	0.54169	0.35852	0.09979
502 A	0.50359	0.38933	0.10708
503 C	0.50280	0.38040	0.1168
504 C	0.50425	0.37894	0.1168
505 G	0.50072	0.38995	0.10932
506 G	0.50092	0.39671	0.10238
507 A	0.50143	0.40528	0.09329
508 A	0.50410	0.40711	0.08878
509 A	0.50696	0.40516	0.08788
510 T	0.51481	0.39202	0.09317
511 A	0.52413	0.37941	0.09647
512 T	0.52779	0.36957	0.10265
513 T	0.52723	0.36431	0.10847
514 A	0.52291	0.36076	0.11633
515 A	0.50039	0.36607	0.13355
516 T	0.48992	0.34266	0.16742
517 T	0.48290	0.32486	0.19225
518 C	0.46180	0.33486	0.20334
519 A	0.44574	0.35450	0.19977
520 A	0.44058	0.35147	0.20794
521 T	0.44005	0.34817	0.21178
522 G	0.43359	0.35054	0.21587
523 A	0.43021	0.34939	0.22041
524 C	0.43003	0.24793	0.32204
525 A	0.43053	0.20953	0.35994
526 C	0.43178	0.19713	0.37109
527 C	0.43576	0.19182	0.37241
528 T	0.44488	0.18303	0.37209
529 T	0.45065	0.17813	0.37121
530 T	0.45504	0.17376	0.3712
531 T	0.45438	0.17658	0.36905
532 C	0.44719	0.18615	0.36667
533 T	0.43579	0.24628	0.31793
534 A	0.41451	0.32021	0.26528
535 A	0.39623	0.35292	0.25085
536 A	0.38354	0.38553	0.23093
537 A	0.38143	0.39520	0.22337
538 T	0.38128	0.38940	0.22932
539 C	0.37812	0.39810	0.22378
540 T	0.37640	0.40004	0.22357
541 G	0.37116	0.40032	0.22853
542 A	0.36521	0.41178	0.22301
543 A	0.32963	0.46159	0.20878
544 C	0.32208	0.48075	0.19717
545 A	0.31640	0.51796	0.16564
546 A	0.31290	0.55000	0.1371
547 A	0.31261	0.58851	0.09888
548 A	0.31328	0.60125	0.08547
549 T	0.31488	0.60505	0.08007
550 A	0.31569	0.61686	0.06746
551 T	0.31720	0.61913	0.06367
552 A	0.30591	0.64032	0.05377
553 A	0.29435	0.66229	0.04336
554 A	0.29107	0.66670	0.04222
555 A	0.28855	0.66201	0.04945
556 A	0.32309	0.61597	0.06094
557 A	0.36305	0.55696	0.07999
558 A	0.37913	0.52201	0.09886
559 C	0.40979	0.47398	0.11622
560 C	0.42881	0.45212	0.11906
561 A	0.46104	0.42544	0.11352
562 T	0.49077	0.39474	0.11449
563 T	0.49866	0.38710	0.11424
564 A	0.50250	0.38089	0.11661
565 A	0.51338	0.35951	0.12712
566 C	0.53434	0.29477	0.17089
567 T	0.55503	0.26592	0.17905
568 C	0.58308	0.23204	0.18488
569 C	0.61367	0.19970	0.18662
570 T	0.65078	0.16327	0.18595
571 T	0.65903	0.15626	0.18471
572 C	0.65852	0.15768	0.1838
573 T	0.66849	0.15311	0.1784
574 A	0.66689	0.16299	0.17012
575 A	0.66567	0.16500	0.16933
576 T	0.66667	0.15563	0.1777
577 T	0.64575	0.18280	0.17145
578 T	0.60166	0.24279	0.15554
579 A	0.48174	0.36985	0.14841
580 G	0.38548	0.46753	0.14699
581 A	0.31182	0.54284	0.14534
582 A	0.24301	0.61216	0.14483
583 C	0.22721	0.62780	0.14499
584 C	0.21349	0.66251	0.12401
585 A	0.19728	0.72884	0.07388
586 A	0.19471	0.75507	0.05022
587 A	0.19385	0.76980	0.03635
588 A	0.19204	0.77255	0.03541
589 A	0.19147	0.77273	0.03581
590 T	0.19211	0.76366	0.04423
591 T	0.18574	0.75920	0.05505
592 C	0.17486	0.76664	0.0585
593 A	0.16197	0.78370	0.05433
594 A	0.15483	0.79401	0.05116
595 A	0.15260	0.79896	0.04843
596 A	0.15404	0.79690	0.04906
597 T	0.16114	0.78550	0.05336
598 A	0.16718	0.76781	0.06502
599 A	0.17136	0.75347	0.07517
600 A	0.18028	0.72504	0.09468
601 A	0.19882	0.66585	0.13532
602 A	0.20559	0.55572	0.23869
603 A	0.21258	0.46466	0.32275
604 A	0.22039	0.39079	0.38882
605 C	0.22970	0.31434	0.45597
606 A	0.23731	0.32004	0.44266
607 T	0.26930	0.28113	0.44956
608 C	0.30859	0.23769	0.45372
609 T	0.32714	0.24086	0.43201
610 T	0.33144	0.25809	0.41047
611 T	0.32495	0.31893	0.35612
612 T	0.31495	0.37226	0.31279
613 A	0.30447	0.39477	0.30076
614 G	0.29922	0.40152	0.29926
615 A	0.29737	0.40205	0.30057
616 T	0.30021	0.39647	0.30332
617 C	0.29976	0.40014	0.3001
618 T	0.29812	0.40683	0.29505
619 G	0.27564	0.43923	0.28513
620 A	0.25313	0.46861	0.27826
621 A	0.24735	0.47738	0.27527
622 C	0.24747	0.48022	0.27231
623 A	0.25069	0.49022	0.25909
624 A	0.25313	0.50005	0.24683
625 G	0.26264	0.49771	0.23965
626 A	0.26906	0.51007	0.22087
627 A	0.27032	0.52380	0.20587
628 A	0.27421	0.54247	0.18332
629 T	0.31182	0.51916	0.16902
630 T	0.30856	0.55120	0.14024
631 G	0.27182	0.59570	0.13248
632 A	0.26562	0.60654	0.12784
633 A	0.26824	0.60516	0.1266
634 T	0.30507	0.56343	0.1315
635 C	0.30404	0.56141	0.13455
636 A	0.29445	0.57824	0.12732
637 G	0.29878	0.57783	0.12339
638 A	0.29686	0.59273	0.11042
639 T	0.30423	0.58578	0.10999
640 G	0.27746	0.61408	0.10846
641 A	0.25112	0.64043	0.10844
642 A	0.24717	0.63246	0.12038
643 C	0.23344	0.63033	0.13624
644 A	0.21688	0.65077	0.13235
645 A	0.19752	0.67652	0.12595
646 G	0.18859	0.69518	0.11623
647 A	0.18995	0.70109	0.10896
648 A	0.18983	0.70641	0.10377
649 A	0.19924	0.69653	0.10423
650 A	0.21389	0.67731	0.1088
651 A	0.23947	0.64154	0.11898
652 A	0.25667	0.61079	0.13254
653 A	0.28608	0.54546	0.16846
654 T	0.30185	0.46850	0.22966
655 C	0.31023	0.43117	0.2586
656 T	0.31997	0.41030	0.26973
657 A	0.32049	0.40347	0.27604
658 T	0.32968	0.36876	0.30155
659 T	0.33448	0.34969	0.31583
660 C	0.33472	0.34588	0.3194
661 G	0.34148	0.33319	0.32533
662 A	0.34376	0.33710	0.31914
663 A	0.34472	0.32475	0.33053
664 T	0.35326	0.30001	0.34672
665 T	0.36169	0.29841	0.3399
666 T	0.36489	0.30183	0.33329
667 A	0.36477	0.36093	0.27429
668 A	0.36861	0.41290	0.21848
669 T	0.37757	0.41221	0.21023
670 A	0.37639	0.42984	0.19377
671 A	0.36908	0.44252	0.1884
672 T	0.37022	0.44112	0.18865
673 G	0.35857	0.46314	0.17828
674 A	0.35064	0.48517	0.16418
675 T	0.34900	0.50167	0.14933
676 G	0.34151	0.51737	0.14112
677 A	0.32312	0.55791	0.11897
678 A	0.31372	0.57515	0.11114
679 A	0.31133	0.57831	0.11036
680 C	0.30108	0.58575	0.11317
681 A	0.28539	0.61504	0.09957
682 A	0.28606	0.62219	0.09175
683 T	0.29317	0.61380	0.09304
684 G	0.29632	0.60855	0.09513
685 A	0.30636	0.59824	0.0954
686 A	0.32495	0.57424	0.10081
687 C	0.34462	0.55217	0.10321
688 C	0.36625	0.53896	0.09479
689 A	0.39924	0.52316	0.07759
690 A	0.47492	0.44890	0.07618
691 T	0.55478	0.36974	0.07548
692 T	0.57736	0.34779	0.07486
693 T	0.58797	0.33142	0.08061
694 C	0.55846	0.34491	0.09663
695 A	0.53624	0.36325	0.10052
696 A	0.52714	0.36131	0.11154
697 C	0.53392	0.34818	0.1179
698 A	0.54329	0.34017	0.11653
699 A	0.55201	0.33012	0.11787
700 T	0.57695	0.28580	0.13725
701 T	0.58305	0.27065	0.1463
702 A	0.56735	0.28499	0.14766
703 A	0.55799	0.27958	0.16242
704 C	0.56187	0.25325	0.18488
705 C	0.54788	0.26325	0.18887
706 G	0.53135	0.28736	0.18128
707 G	0.53108	0.30277	0.16614
708 A	0.53239	0.33279	0.13482
709 A	0.53518	0.35950	0.10531
710 A	0.53986	0.37807	0.08207
711 T	0.55485	0.36348	0.08167
712 A	0.56791	0.35519	0.0769
713 T	0.57011	0.35502	0.07487
714 T	0.57088	0.35447	0.07465
715 A	0.56986	0.35158	0.07856
716 A	0.56811	0.34366	0.08823
717 T	0.56892	0.30613	0.12495
718 T	0.56785	0.28586	0.14629
719 C	0.55273	0.28898	0.15829
720 A	0.54016	0.30660	0.15325
721 A	0.53614	0.31292	0.15094
722 C	0.51864	0.33052	0.15083
723 A	0.48869	0.37509	0.13622
724 A	0.48172	0.38913	0.12914
725 T	0.48225	0.37462	0.14312
726 G	0.48053	0.36601	0.15346
727 A	0.48005	0.36387	0.15608
728 A	0.48308	0.33949	0.17743
729 C	0.49240	0.31642	0.19119
730 C	0.50337	0.32119	0.17544
731 A	0.52885	0.34245	0.1287
732 A	0.55776	0.32595	0.11629
733 T	0.58496	0.30247	0.11256
734 T	0.58903	0.30177	0.1092
735 T	0.58290	0.30703	0.11006
736 C	0.56156	0.32575	0.11269
737 A	0.53943	0.34974	0.11083
738 A	0.53287	0.35621	0.11092
739 C	0.53205	0.35539	0.11256
740 A	0.53006	0.36099	0.10895
741 A	0.53036	0.36366	0.10599
742 T	0.53402	0.34595	0.12003
743 T	0.53692	0.33376	0.12931
744 A	0.50216	0.36500	0.13283
745 A	0.49041	0.35456	0.15503
746 C	0.49669	0.31609	0.18722
747 C	0.49881	0.31047	0.19072
748 G	0.49795	0.32461	0.17745
749 G	0.49930	0.33792	0.16278
750 A	0.50274	0.34918	0.14807
751 A	0.51030	0.35093	0.13878
752 A	0.51948	0.34362	0.13689
753 T	0.54263	0.31281	0.14457
754 A	0.57715	0.27516	0.14768
755 T	0.59020	0.25712	0.15267
756 T	0.59163	0.25369	0.15469
757 A	0.58859	0.25267	0.15874
758 A	0.56755	0.26208	0.17037
759 T	0.55795	0.25029	0.19175
760 T	0.55093	0.24132	0.20775
761 C	0.53052	0.25707	0.21241
762 A	0.51524	0.27803	0.20674
763 A	0.50918	0.28003	0.21079
764 T	0.50727	0.28029	0.21245
765 G	0.49741	0.28790	0.21469
766 A	0.49233	0.29056	0.2171
767 C	0.49246	0.25056	0.25697
768 A	0.49368	0.23543	0.27089
769 C	0.49668	0.22818	0.27515
770 C	0.50374	0.22051	0.27575
771 T	0.52073	0.20377	0.27551
772 T	0.53264	0.19245	0.27491
773 T	0.53999	0.18529	0.27473
774 T	0.54016	0.18712	0.27272
775 C	0.53056	0.19863	0.27081
776 T	0.51614	0.23531	0.24854
777 A	0.48691	0.29449	0.2186
778 A	0.46282	0.32760	0.20959
779 A	0.44752	0.35498	0.1975
780 A	0.44568	0.36110	0.19322
781 T	0.44569	0.34183	0.21248
782 C	0.44130	0.34669	0.21201
783 T	0.43899	0.34725	0.21375
784 G	0.43162	0.34929	0.21909
785 A	0.42177	0.36395	0.21427
786 A	0.37614	0.41893	0.20493
787 C	0.36610	0.43799	0.19591
788 A	0.35876	0.47080	0.17044
789 A	0.35408	0.50229	0.14362
790 A	0.35327	0.54146	0.10528
791 A	0.35322	0.55555	0.09123
792 T	0.35413	0.56091	0.08497
793 A	0.35404	0.57447	0.07149
794 T	0.35441	0.57764	0.06795
795 A	0.34058	0.60215	0.05726
796 A	0.32605	0.62834	0.04562
797 A	0.32109	0.63420	0.04471
798 A	0.31561	0.62972	0.05467
799 A	0.32966	0.60082	0.06952
800 A	0.35032	0.55355	0.09614
801 A	0.35888	0.51940	0.12172
802 C	0.37719	0.47837	0.14443
803 C	0.39019	0.46219	0.14761
804 A	0.40966	0.45224	0.13811
805 T	0.43394	0.42698	0.13909
806 T	0.44050	0.42154	0.13796
807 A	0.44412	0.41510	0.14078
808 A	0.45434	0.39100	0.15466
809 C	0.47176	0.31779	0.21046
810 T	0.49097	0.28848	0.22056
811 C	0.51920	0.25281	0.22799
812 C	0.55154	0.21833	0.23013
813 T	0.59090	0.18009	0.22901
814 T	0.60053	0.17251	0.22696
815 C	0.60170	0.17274	0.22556
816 T	0.61437	0.16748	0.21815
817 A	0.61476	0.17844	0.2068
818 A	0.61765	0.17838	0.20397
819 T	0.62355	0.16472	0.21172
820 T	0.61034	0.18815	0.20151
821 T	0.57577	0.24488	0.17935
822 A	0.47779	0.35181	0.1704
823 G	0.39758	0.43428	0.16814
824 A	0.32319	0.51096	0.16584
825 A	0.25421	0.58126	0.16454
826 C	0.23968	0.59679	0.16354
827 C	0.22753	0.63402	0.13844
828 A	0.21158	0.71070	0.07771
829 A	0.21007	0.73861	0.05132
830 A	0.20978	0.75352	0.0367
831 A	0.20743	0.75692	0.03565
832 A	0.20674	0.75745	0.03581
833 T	0.20767	0.75042	0.04191
834 T	0.19958	0.75226	0.04816
835 C	0.18275	0.76719	0.05006
836 A	0.15994	0.79397	0.04609
837 A	0.14770	0.80870	0.0436
838 A	0.14179	0.81535	0.04286
839 A	0.14267	0.81378	0.04354
840 T	0.15167	0.80219	0.04614
841 A	0.15739	0.78973	0.05288
842 A	0.16215	0.77804	0.05981
843 A	0.17152	0.75224	0.07624
844 A	0.19410	0.69639	0.1095
845 A	0.20077	0.60415	0.19507
846 A	0.20710	0.52841	0.26449
847 A	0.21451	0.45104	0.33445
848 C	0.22246	0.37407	0.40347
849 A	0.22886	0.37413	0.39701
850 T	0.26645	0.32483	0.40872
851 C	0.31389	0.27082	0.41529
852 T	0.33329	0.26247	0.40424
853 T	0.33491	0.27077	0.39432
854 T	0.32390	0.30847	0.36764
855 T	0.30993	0.33965	0.35041
856 A	0.29398	0.36028	0.34574
857 G	0.28727	0.35664	0.35609
858 A	0.28456	0.34466	0.37078
859 T	0.28631	0.31768	0.39601
860 C	0.28393	0.30974	0.40633
861 T	0.27553	0.31607	0.4084
862 G	0.24416	0.35312	0.40272
863 A	0.20843	0.39358	0.39799
864 A	0.19870	0.40449	0.39681
865 C	0.19548	0.40950	0.39503
866 A	0.19070	0.42942	0.37988
867 A	0.18903	0.44598	0.36499
868 G	0.19239	0.45197	0.35564
869 A	0.19609	0.47982	0.32409
870 A	0.19297	0.50407	0.30296
871 A	0.19216	0.52198	0.28585
872 T	0.22050	0.51508	0.26443
873 T	0.22201	0.57316	0.20482
874 G	0.19915	0.61282	0.18804
875 A	0.17149	0.68006	0.14845
876 A	0.14975	0.70992	0.14032
877 T	0.16453	0.69243	0.14305
878 C	0.15513	0.70960	0.13526
879 A	0.14664	0.74067	0.11268
880 G	0.14395	0.75662	0.09942
881 A	0.14322	0.77396	0.08282
882 T	0.14166	0.77425	0.08409
883 G	0.11174	0.80270	0.08556
884 A	0.09501	0.80768	0.0973
885 A	0.08925	0.78932	0.12142
886 C	0.09040	0.75695	0.15265
887 A	0.09217	0.75279	0.15504
888 A	0.09602	0.75043	0.15355
889 G	0.11031	0.74308	0.14661
890 A	0.12424	0.74764	0.12811
891 A	0.13630	0.74997	0.11373
892 A	0.16947	0.72504	0.10549
893 A	0.19451	0.70508	0.10042
894 A	0.21818	0.67746	0.10435
895 A	0.25002	0.63848	0.1115
896 A	0.31353	0.56055	0.12592
897 A	0.34726	0.49184	0.1609
898 T	0.41397	0.37549	0.21053
899 C	0.43922	0.31702	0.24376
900 A	0.45268	0.32516	0.22217
901 T	0.47679	0.32807	0.19514
902 T	0.48444	0.36926	0.14631
903 T	0.46831	0.43797	0.09372
904 A	0.39495	0.52741	0.07764
905 A	0.35490	0.56264	0.08245
906 T	0.33231	0.55378	0.11391
907 A	0.26063	0.61130	0.12808
908 C	0.19425	0.67392	0.13183
909 C	0.15003	0.73489	0.11509
910 G	0.10868	0.82292	0.0684
911 A	0.09707	0.87481	0.02812
912 A	0.10345	0.88288	0.01368
913 A	0.11771	0.86950	0.01278
914 A	0.13060	0.85633	0.01306
915 A	0.14433	0.83998	0.0157
916 T	0.15876	0.82267	0.01856
917 C	0.15932	0.82106	0.01963
918 C	0.14596	0.83488	0.01915
919 G	0.13293	0.84938	0.01769
920 A	0.12572	0.85824	0.01603
921 A	0.11786	0.86681	0.01533
922 A	0.11581	0.86903	0.01515
923 A	0.14056	0.84339	0.01606
924 A	0.18066	0.79580	0.02354
925 A	0.22775	0.73215	0.04011
926 A	0.26740	0.66103	0.07157
927 T	0.28127	0.56098	0.15775
928 G	0.27980	0.51398	0.20622
929 A	0.28053	0.49226	0.22721
930 A	0.30276	0.41368	0.28356
931 T	0.34450	0.31180	0.34369
932 T	0.36855	0.25021	0.38124
933 T	0.39191	0.19774	0.41035
934 T	0.38377	0.21703	0.3992
935 T	0.35465	0.26696	0.3784
936 A	0.29373	0.36176	0.34452
937 A	0.26641	0.40088	0.33271
938 A	0.25604	0.41571	0.32825
939 A	0.25012	0.43034	0.31954
940 A	0.24856	0.44423	0.30721
941 T	0.24797	0.47435	0.27768
942 T	0.20882	0.56318	0.228
943 A	0.13564	0.66061	0.20375
944 A	0.09042	0.71884	0.19075
945 A	0.05627	0.75718	0.18655
946 G	0.04478	0.76182	0.19341
947 A	0.04053	0.76287	0.1966
948 A	0.04022	0.75750	0.20228
949 G	0.04090	0.75220	0.2069
950 G	0.04232	0.75276	0.20491
951 A	0.04534	0.75384	0.20082
952 T	0.05329	0.74319	0.20352
953 T	0.05900	0.73694	0.20405
954 G	0.06193	0.73601	0.20205
955 A	0.06687	0.72735	0.20579
956 A	0.08128	0.70021	0.21851
957 T	0.11063	0.63848	0.25089
958 T	0.13238	0.59055	0.27708
959 C	0.15434	0.53112	0.31454
960 A	0.16169	0.55653	0.28179
961 A	0.16497	0.58856	0.24646
962 A	0.17346	0.61398	0.21256
963 A	0.19444	0.61327	0.19229
964 A	0.24772	0.56408	0.1882
965 T	0.32493	0.43140	0.24367
966 T	0.35366	0.33313	0.31321
967 T	0.36386	0.28711	0.34903
968 T	0.35956	0.29723	0.34321
969 A	0.35011	0.36303	0.28686
970 G	0.34800	0.41981	0.23218
971 A	0.34758	0.49539	0.15703
972 A	0.34994	0.52209	0.12796
973 A	0.35497	0.53147	0.11355
974 T	0.36366	0.55203	0.08432
975 T	0.34875	0.59280	0.05845
976 A	0.29438	0.66269	0.04294
977 A	0.25568	0.71315	0.03117
978 A	0.24464	0.72786	0.02751
979 A	0.24210	0.73255	0.02535
980 A	0.24406	0.73117	0.02477
981 T	0.25378	0.71962	0.0266
982 A	0.26090	0.71083	0.02827
983 A	0.30412	0.66571	0.03017
984 A	0.34430	0.62267	0.03302
985 C	0.38480	0.57965	0.03555
986 T	0.40979	0.55387	0.03634
987 T	0.41795	0.54493	0.03712
988 A	0.42014	0.54170	0.03816
989 T	0.42814	0.52937	0.04249
990 C	0.43551	0.51904	0.04545
991 C	0.46780	0.47799	0.0542
992 C	0.52898	0.41190	0.05911
993 G	0.59050	0.34958	0.05993
994 T	0.66753	0.27225	0.06023
995 T	0.69545	0.24482	0.05974
996 A	0.70646	0.23382	0.05972
997 T	0.73873	0.19889	0.06238
998 T	0.75750	0.15787	0.08463
999 A	0.76460	0.09881	0.13658
1000 T	0.76297	0.06171	0.17532
1001 T	0.73597	0.08510	0.17892
1002 T	0.68057	0.16054	0.15889
1003 G	0.49769	0.40591	0.0964
1004 A	0.37157	0.56241	0.06602
1005 A	0.23573	0.71204	0.05223
1006 A	0.16228	0.78946	0.04826
1007 A	0.14366	0.81240	0.04394
1008 A	0.13416	0.82210	0.04375
1009 G	0.12363	0.83317	0.0432
1010 A	0.11206	0.84509	0.04285
1011 T	0.10665	0.85015	0.0432
1012 C	0.09642	0.86204	0.04153
1013 A	0.09130	0.86782	0.04089
1014 A	0.08855	0.87081	0.04064
1015 T	0.08744	0.87123	0.04134
1016 T	0.08395	0.87450	0.04155
1017 C	0.07465	0.88403	0.04133
1018 G	0.06238	0.89868	0.03894
1019 A	0.04915	0.91565	0.0352
1020 A	0.03957	0.92852	0.03191
1021 A	0.03548	0.93514	0.02938
1022 A	0.03701	0.93328	0.02971
1023 A	0.04580	0.89705	0.05715
1024 A	0.05814	0.82756	0.1143
1025 A	0.08377	0.72849	0.18773
1026 T	0.14579	0.50434	0.34988
1027 A	0.16503	0.42124	0.41373
1028 T	0.17309	0.31776	0.50914
1029 A	0.15800	0.35190	0.4901
1030 A	0.14246	0.40204	0.45551
1031 A	0.13000	0.44240	0.42759
1032 A	0.11804	0.45464	0.42732
1033 G	0.11650	0.44646	0.43704
1034 A	0.11539	0.45106	0.43354
1035 T	0.11691	0.47041	0.41268
1036 G	0.11219	0.51276	0.37504
1037 A	0.10514	0.62522	0.26964
1038 A	0.06579	0.77897	0.15524
1039 A	0.05223	0.83123	0.11654
1040 A	0.04815	0.83341	0.11843
1041 A	0.04847	0.82306	0.12847
1042 G	0.05077	0.80803	0.14119
1043 G	0.05364	0.79775	0.1486
1044 C	0.05623	0.79417	0.14959
1045 A	0.05662	0.81608	0.1273
1046 A	0.05929	0.83867	0.10204
1047 A	0.06567	0.85256	0.08176
1048 A	0.07304	0.85918	0.06778
1049 A	0.09454	0.85160	0.05385
1050 T	0.14493	0.80569	0.04938
1051 A	0.16594	0.78488	0.04917
1052 T	0.22693	0.70800	0.06506
1053 A	0.25077	0.67143	0.0778
1054 T	0.27760	0.63385	0.08855
1055 C	0.27020	0.63426	0.09554
1056 A	0.25049	0.66110	0.0884
1057 G	0.25884	0.65407	0.08709
1058 A	0.29010	0.62449	0.08541
1059 A	0.33155	0.58144	0.08701
1060 A	0.43126	0.47716	0.09158
1061 T	0.55182	0.31576	0.13242
1062 T	0.58898	0.26619	0.14482
1063 T	0.59349	0.25956	0.14695
1064 G	0.58824	0.26448	0.14728
1065 G	0.57718	0.27524	0.14758
1066 A	0.56457	0.28900	0.14643
1067 A	0.56056	0.29204	0.14741
1068 C	0.57770	0.27290	0.1494
1069 C	0.58694	0.26623	0.14683
1070 A	0.58591	0.29138	0.1227
1071 A	0.59782	0.29374	0.10843
1072 A	0.60736	0.29415	0.09848
1073 A	0.61472	0.29434	0.09095
1074 T	0.62387	0.28766	0.08848
1075 T	0.62979	0.28478	0.08543
1076 T	0.63076	0.27812	0.09112
1077 G	0.62642	0.27706	0.09652
1078 T	0.62408	0.26560	0.11032
1079 T	0.61285	0.26037	0.12678
1080 T	0.56127	0.31298	0.12574
1081 C	0.47393	0.40417	0.12189
1082 C	0.42969	0.45468	0.11563
1083 A	0.39686	0.50010	0.10303
1084 A	0.38089	0.52163	0.09748
1085 T	0.37535	0.53207	0.09258
1086 C	0.36892	0.54079	0.09028
1087 A	0.36393	0.55440	0.08166
1088 A	0.35890	0.55835	0.08275
1089 T	0.35958	0.54544	0.09499
1090 G	0.35804	0.54135	0.10061
1091 A	0.35545	0.54194	0.10261
1092 A	0.35715	0.51963	0.12322
1093 C	0.37753	0.47450	0.14797
1094 A	0.39034	0.46186	0.1478
1095 A	0.40197	0.44892	0.14911
1096 A	0.41048	0.43966	0.14986
1097 T	0.41639	0.43379	0.14982
1098 T	0.42054	0.43343	0.14603
1099 G	0.41648	0.43282	0.15071
1100 A	0.40049	0.44919	0.15032
1101 G	0.38207	0.47614	0.14179
1102 A	0.37659	0.49646	0.12695
1103 A	0.37800	0.46238	0.15962
1104 A	0.38146	0.38326	0.23529
1105 T	0.38686	0.33450	0.27865
1106 T	0.39242	0.30232	0.30527
1107 A	0.38802	0.33420	0.27777
1108 C	0.38767	0.33961	0.27273
1109 A	0.38212	0.38408	0.23381
1110 A	0.38437	0.40313	0.21249
1111 T	0.36824	0.43592	0.19584
1112 C	0.31080	0.51750	0.1717
1113 A	0.24803	0.61327	0.1387
1114 G	0.18673	0.68687	0.1264
1115 A	0.16359	0.73635	0.10006
1116 A	0.14461	0.76457	0.09082
1117 C	0.13631	0.77815	0.08554
1118 A	0.12953	0.80808	0.06239
1119 A	0.12712	0.81901	0.05387
1120 A	0.13095	0.81725	0.05181
1121 A	0.13800	0.81105	0.05095
1122 A	0.14805	0.79939	0.05256
1123 A	0.16245	0.76885	0.0687
1124 T	0.18683	0.72219	0.09098
1125 T	0.20466	0.69489	0.10045
1126 A	0.20692	0.68822	0.10486
1127 A	0.20704	0.68330	0.10966
1128 C	0.20818	0.67385	0.11797
1129 G	0.21275	0.66302	0.12423
1130 A	0.25049	0.61914	0.13037
1131 A	0.27129	0.59465	0.13406
1132 G	0.32046	0.54112	0.13843
1133 A	0.35223	0.51038	0.1374
1134 T	0.38151	0.44479	0.1737
1135 A	0.40254	0.36633	0.23113
1136 T	0.43598	0.26678	0.29724
1137 G	0.44997	0.19153	0.3585
1138 T	0.48587	0.13998	0.37415
1139 T	0.49662	0.11743	0.38595
1140 A	0.49835	0.11358	0.38807
1141 T	0.50811	0.09943	0.39246
1142 T	0.50163	0.11423	0.38414
1143 A	0.47931	0.18436	0.33633
1144 A	0.45011	0.26452	0.28537
1145 A	0.43985	0.29593	0.26422
1146 T	0.43518	0.30468	0.26014
1147 T	0.41664	0.33057	0.2528
1148 G	0.38371	0.37271	0.24357
1149 T	0.35772	0.41909	0.22318
1150 G	0.27100	0.55850	0.1705
1151 A	0.22409	0.68700	0.0889
1152 A	0.19496	0.72039	0.08464
1153 A	0.17569	0.74510	0.07922
1154 A	0.17554	0.74519	0.07927
1155 A	0.17941	0.74119	0.0794
1156 C	0.18561	0.73454	0.07985
1157 T	0.19057	0.72965	0.07978
1158 T	0.19427	0.72596	0.07978
1159 T	0.19642	0.72361	0.07997
1160 T	0.19818	0.72167	0.08015
1161 A	0.19940	0.72033	0.08026
1162 A	0.20186	0.71667	0.08147
1163 A	0.20726	0.70708	0.08566
1164 A	0.21313	0.69573	0.09114
1165 A	0.23113	0.66536	0.10351
1166 A	0.28321	0.59009	0.1267
1167 T	0.34185	0.49962	0.15852
1168 T	0.36599	0.45811	0.17589
1169 A	0.37460	0.43906	0.18634
1170 T	0.38808	0.40113	0.2108
1171 A	0.39790	0.36183	0.24028
1172 A	0.41510	0.31532	0.26958
1173 G	0.46262	0.18593	0.35145
1174 T	0.54205	0.06224	0.39571
1175 A	0.54859	0.02997	0.42144
1176 A	0.55793	0.00000	0.44207
