# lcl|CP097583.1_cds_USQ93409.1_1
# AA	inside	membr	outside
1 A	0.23506	0.00000	0.76494
2 T	0.23423	0.00083	0.76494
3 G	0.23389	0.00117	0.76494
4 T	0.23389	0.00775	0.75836
5 T	0.22706	0.02391	0.74903
6 G	0.22706	0.02769	0.74525
7 G	0.18647	0.07111	0.74242
8 A	0.18646	0.07127	0.74226
9 A	0.13814	0.12225	0.7396
10 A	0.13808	0.19826	0.66367
11 A	0.13445	0.20290	0.66265
12 A	0.08921	0.24822	0.66256
13 G	0.03183	0.30592	0.66225
14 G	0.03182	0.30593	0.66225
15 C	0.03182	0.31087	0.65731
16 C	0.03051	0.31218	0.65731
17 A	0.02848	0.31482	0.65669
18 A	0.02840	0.31615	0.65545
19 A	0.02698	0.31836	0.65466
20 A	0.02404	0.32623	0.64973
21 T	0.02292	0.32734	0.64974
22 A	0.02339	0.32667	0.64994
23 T	0.02474	0.32382	0.65144
24 T	0.02550	0.32200	0.65251
25 C	0.02535	0.31601	0.65865
26 C	0.02358	0.31720	0.65921
27 A	0.02590	0.31564	0.65846
28 A	0.03031	0.31180	0.65788
29 A	0.03278	0.30950	0.65772
30 A	0.03938	0.29022	0.6704
31 A	0.04126	0.28702	0.67171
32 T	0.04835	0.21961	0.73203
33 G	0.09919	0.15952	0.74128
34 A	0.09852	0.15716	0.74433
35 A	0.09923	0.12517	0.7756
36 T	0.09971	0.08206	0.81823
37 A	0.09696	0.08291	0.82014
38 T	0.10040	0.07769	0.82192
39 A	0.08862	0.08629	0.8251
40 A	0.08979	0.08188	0.82832
41 A	0.09084	0.07870	0.83046
42 T	0.09311	0.07237	0.83452
43 C	0.09514	0.06711	0.83775
44 A	0.09148	0.07255	0.83598
45 T	0.08331	0.08132	0.83537
46 G	0.07952	0.08722	0.83327
47 A	0.07765	0.08940	0.83295
48 T	0.07600	0.09086	0.83314
49 G	0.06896	0.09734	0.8337
50 A	0.06631	0.09995	0.83374
51 T	0.06562	0.09946	0.83491
52 A	0.05893	0.10508	0.83599
53 A	0.05493	0.10804	0.83703
54 A	0.05808	0.10358	0.83835
55 T	0.06242	0.09806	0.83953
56 T	0.06541	0.09248	0.84211
57 T	0.06613	0.09051	0.84336
58 T	0.06585	0.08970	0.84445
59 T	0.06339	0.09108	0.84554
60 A	0.04385	0.11008	0.84607
61 A	0.02951	0.12342	0.84707
62 C	0.02101	0.12263	0.85637
63 A	0.01807	0.12634	0.85559
64 A	0.01702	0.12716	0.85582
65 A	0.01675	0.12707	0.85618
66 A	0.01686	0.12607	0.85707
67 T	0.01936	0.12053	0.86011
68 A	0.01942	0.11209	0.86849
69 T	0.02133	0.10534	0.87334
70 A	0.02155	0.10259	0.87586
71 A	0.02179	0.09944	0.87878
72 T	0.02317	0.09032	0.88651
73 A	0.02373	0.08538	0.8909
74 T	0.02410	0.08167	0.89423
75 A	0.02272	0.07717	0.90012
76 A	0.02253	0.07335	0.90412
77 C	0.02277	0.07152	0.90571
78 A	0.02301	0.07083	0.90616
79 A	0.02357	0.06942	0.90701
80 T	0.02592	0.06510	0.90898
81 A	0.02627	0.06285	0.91088
82 G	0.02732	0.05863	0.91405
83 T	0.02941	0.03608	0.93452
84 T	0.03003	0.02143	0.94854
85 C	0.03024	0.01331	0.95644
86 T	0.03127	0.01077	0.95796
87 T	0.03151	0.00977	0.95872
88 A	0.03159	0.00930	0.95911
89 T	0.03182	0.00870	0.95949
90 T	0.03189	0.00838	0.95973
91 T	0.03188	0.00722	0.96091
92 C	0.03160	0.00681	0.9616
93 A	0.03151	0.00663	0.96186
94 T	0.03169	0.00615	0.96215
95 T	0.03173	0.00589	0.96238
96 G	0.03170	0.00552	0.96279
97 T	0.03171	0.00535	0.96293
98 T	0.03170	0.00368	0.96462
99 T	0.03149	0.00335	0.96517
100 T	0.03122	0.00329	0.96549
101 T	0.03092	0.00322	0.96586
102 A	0.03045	0.00353	0.96602
103 A	0.03013	0.00376	0.96611
104 T	0.03004	0.00362	0.96635
105 G	0.02994	0.00364	0.96642
106 T	0.02991	0.00362	0.96647
107 T	0.02984	0.00362	0.96653
108 T	0.02972	0.00368	0.9666
109 T	0.02957	0.00379	0.96663
110 T	0.02941	0.00391	0.96668
111 A	0.02913	0.00412	0.96675
112 T	0.02901	0.00413	0.96686
113 A	0.02885	0.00421	0.96694
114 T	0.02876	0.00415	0.96709
115 A	0.02868	0.00395	0.96737
116 C	0.02868	0.00374	0.96758
117 T	0.02866	0.00372	0.96761
118 T	0.02863	0.00372	0.96765
119 T	0.02861	0.00370	0.96769
120 T	0.02858	0.00372	0.9677
121 A	0.02850	0.00377	0.96773
122 T	0.02849	0.00343	0.96808
123 T	0.02845	0.00316	0.96839
124 G	0.02820	0.00312	0.96868
125 A	0.02813	0.00285	0.96902
126 T	0.02810	0.00260	0.9693
127 G	0.02794	0.00266	0.96939
128 T	0.02791	0.00259	0.9695
129 T	0.02786	0.00258	0.96956
130 A	0.02776	0.00261	0.96963
131 T	0.02771	0.00248	0.96981
132 T	0.02756	0.00249	0.96994
133 T	0.02739	0.00251	0.9701
134 T	0.02709	0.00260	0.97031
135 G	0.02618	0.00342	0.97039
136 A	0.02533	0.00419	0.97048
137 T	0.02497	0.00446	0.97057
138 G	0.02419	0.00515	0.97067
139 A	0.02374	0.00554	0.97072
140 G	0.02358	0.00563	0.97079
141 C	0.02347	0.00565	0.97088
142 G	0.02337	0.00573	0.9709
143 G	0.02334	0.00572	0.97094
144 T	0.02333	0.00569	0.97097
145 G	0.02332	0.00569	0.97098
146 A	0.02332	0.00567	0.971
147 T	0.02334	0.00539	0.97126
148 T	0.02335	0.00528	0.97137
149 A	0.02334	0.00523	0.97143
150 T	0.02333	0.00510	0.97157
151 G	0.02329	0.00513	0.97158
152 A	0.02329	0.00512	0.97159
153 T	0.02321	0.00510	0.9717
154 A	0.02302	0.00520	0.97178
155 T	0.02291	0.00501	0.97208
156 T	0.02278	0.00487	0.97234
157 A	0.02254	0.00480	0.97266
158 A	0.02240	0.00414	0.97346
159 G	0.02239	0.00331	0.97431
160 T	0.02236	0.00295	0.97469
161 T	0.02227	0.00251	0.97523
162 G	0.02194	0.00255	0.9755
163 T	0.02176	0.00262	0.97562
164 A	0.02166	0.00265	0.9757
165 T	0.02160	0.00262	0.97579
166 A	0.02151	0.00267	0.97582
167 C	0.02146	0.00268	0.97585
168 T	0.02144	0.00271	0.97586
169 A	0.02112	0.00302	0.97585
170 C	0.02095	0.00319	0.97586
171 A	0.02084	0.00331	0.97584
172 G	0.02084	0.00332	0.97584
173 G	0.02086	0.00328	0.97587
174 T	0.02094	0.00315	0.97591
175 A	0.02099	0.00307	0.97593
176 T	0.02106	0.00280	0.97614
177 T	0.02106	0.00256	0.97637
178 C	0.02104	0.00242	0.97654
179 A	0.02103	0.00234	0.97662
180 T	0.02105	0.00217	0.97678
181 G	0.02104	0.00214	0.97682
182 G	0.02103	0.00212	0.97685
183 T	0.02098	0.00216	0.97686
184 A	0.02029	0.00270	0.977
185 T	0.01991	0.00274	0.97734
186 C	0.01912	0.00331	0.97756
187 G	0.01854	0.00385	0.97761
188 G	0.01823	0.00415	0.97762
189 A	0.01793	0.00449	0.97759
190 G	0.01771	0.00467	0.97762
191 A	0.01761	0.00476	0.97763
192 T	0.01750	0.00457	0.97794
193 G	0.01728	0.00467	0.97805
194 C	0.01720	0.00471	0.97809
195 T	0.01713	0.00502	0.97784
196 A	0.01705	0.00513	0.97782
197 T	0.01701	0.00516	0.97783
198 T	0.01692	0.00524	0.97784
199 G	0.01672	0.00543	0.97785
200 C	0.01660	0.00550	0.97789
201 C	0.01653	0.00555	0.97791
202 A	0.01649	0.00560	0.97792
203 A	0.01649	0.00559	0.97792
204 A	0.01654	0.00553	0.97792
205 A	0.01656	0.00550	0.97794
206 T	0.01658	0.00536	0.97806
207 T	0.01660	0.00448	0.97892
208 T	0.01660	0.00398	0.97942
209 T	0.01657	0.00330	0.98012
210 A	0.01649	0.00299	0.98051
211 A	0.01623	0.00305	0.98072
212 A	0.01609	0.00298	0.98094
213 A	0.01596	0.00292	0.98112
214 A	0.01589	0.00289	0.98122
215 G	0.01586	0.00278	0.98136
216 T	0.01592	0.00254	0.98155
217 G	0.01593	0.00244	0.98163
218 T	0.01614	0.00217	0.98169
219 T	0.01612	0.00208	0.9818
220 T	0.01606	0.00208	0.98186
221 T	0.01595	0.00212	0.98193
222 T	0.01487	0.00307	0.98206
223 C	0.01272	0.00513	0.98214
224 A	0.01095	0.00688	0.98218
225 A	0.01018	0.00762	0.9822
226 A	0.00947	0.00831	0.98222
227 T	0.00909	0.00868	0.98224
228 C	0.00832	0.00943	0.98225
229 C	0.00781	0.00993	0.98226
230 A	0.00752	0.01021	0.98227
231 A	0.00737	0.01035	0.98228
232 A	0.00730	0.01040	0.9823
233 A	0.00730	0.01034	0.98235
234 C	0.00736	0.01002	0.98263
235 G	0.00741	0.00974	0.98285
236 A	0.00747	0.00955	0.98299
237 A	0.00753	0.00939	0.98308
238 T	0.00759	0.00925	0.98316
239 C	0.00762	0.00917	0.98321
240 T	0.00765	0.00905	0.9833
241 T	0.00767	0.00896	0.98337
242 T	0.00768	0.00886	0.98346
243 T	0.00767	0.00876	0.98357
244 A	0.00765	0.00866	0.98369
245 A	0.00764	0.00738	0.98497
246 T	0.00764	0.00504	0.98732
247 G	0.00762	0.00320	0.98918
248 G	0.00761	0.00240	0.98999
249 G	0.00761	0.00173	0.99066
250 T	0.00761	0.00134	0.99105
251 G	0.00761	0.00084	0.99155
252 G	0.00761	0.00052	0.99187
253 T	0.00761	0.00032	0.99207
254 T	0.00761	0.00021	0.99218
255 T	0.00761	0.00015	0.99224
256 G	0.00761	0.00012	0.99227
257 C	0.00761	0.00011	0.99229
258 G	0.00761	0.00011	0.99229
259 G	0.00760	0.00011	0.99229
260 C	0.00760	0.00011	0.99229
261 T	0.00760	0.00012	0.99228
262 T	0.00760	0.00012	0.99227
263 G	0.00760	0.00013	0.99227
264 T	0.00760	0.00013	0.99226
265 T	0.00760	0.00014	0.99226
266 T	0.00760	0.00013	0.99227
267 T	0.00760	0.00012	0.99229
268 T	0.00759	0.00011	0.9923
269 T	0.00758	0.00011	0.99231
270 T	0.00756	0.00013	0.99232
271 G	0.00752	0.00015	0.99233
272 C	0.00751	0.00016	0.99232
273 T	0.00750	0.00017	0.99232
274 G	0.00749	0.00019	0.99232
275 T	0.00749	0.00019	0.99232
276 T	0.00748	0.00020	0.99232
277 G	0.00747	0.00021	0.99232
278 T	0.00747	0.00022	0.99231
279 A	0.00746	0.00022	0.99232
280 A	0.00746	0.00022	0.99232
281 A	0.00746	0.00022	0.99232
282 T	0.00746	0.00021	0.99232
283 G	0.00746	0.00021	0.99232
284 T	0.00747	0.00020	0.99232
285 A	0.00748	0.00019	0.99233
286 T	0.00749	0.00018	0.99233
287 T	0.00749	0.00018	0.99233
288 T	0.00750	0.00017	0.99233
289 T	0.00750	0.00016	0.99234
290 T	0.00750	0.00015	0.99235
291 A	0.00750	0.00014	0.99235
292 T	0.00750	0.00013	0.99237
293 T	0.00750	0.00011	0.99239
294 T	0.00749	0.00010	0.99242
295 G	0.00747	0.00010	0.99243
296 T	0.00746	0.00010	0.99243
297 T	0.00744	0.00011	0.99244
298 T	0.00741	0.00014	0.99245
299 T	0.00738	0.00017	0.99244
300 T	0.00735	0.00021	0.99245
301 A	0.00730	0.00025	0.99245
302 T	0.00728	0.00027	0.99245
303 T	0.00725	0.00030	0.99245
304 T	0.00720	0.00035	0.99245
305 C	0.00711	0.00044	0.99245
306 T	0.00702	0.00053	0.99245
307 T	0.00691	0.00065	0.99245
308 T	0.00678	0.00077	0.99245
309 C	0.00655	0.00100	0.99245
310 C	0.00640	0.00115	0.99245
311 C	0.00630	0.00125	0.99245
312 T	0.00624	0.00131	0.99244
313 A	0.00618	0.00138	0.99244
314 A	0.00613	0.00142	0.99244
315 A	0.00610	0.00146	0.99244
316 T	0.00607	0.00149	0.99244
317 T	0.00603	0.00151	0.99246
318 A	0.00599	0.00153	0.99248
319 G	0.00598	0.00151	0.99251
320 A	0.00598	0.00149	0.99253
321 T	0.00598	0.00146	0.99256
322 T	0.00598	0.00142	0.99259
323 T	0.00598	0.00139	0.99264
324 G	0.00594	0.00140	0.99267
325 A	0.00592	0.00139	0.99269
326 A	0.00592	0.00136	0.99272
327 A	0.00591	0.00129	0.9928
328 T	0.00591	0.00117	0.99292
329 T	0.00590	0.00106	0.99304
330 T	0.00588	0.00095	0.99317
331 A	0.00586	0.00086	0.99328
332 G	0.00585	0.00068	0.99347
333 T	0.00584	0.00057	0.99359
334 T	0.00583	0.00052	0.99366
335 T	0.00582	0.00049	0.99369
336 A	0.00580	0.00049	0.99371
337 A	0.00579	0.00047	0.99374
338 A	0.00579	0.00043	0.99378
339 T	0.00579	0.00039	0.99381
340 T	0.00579	0.00036	0.99385
341 C	0.00579	0.00033	0.99388
342 T	0.00579	0.00033	0.99389
343 T	0.00578	0.00033	0.99389
344 T	0.00577	0.00034	0.99389
345 G	0.00576	0.00035	0.99389
346 A	0.00575	0.00036	0.99389
347 T	0.00576	0.00032	0.99392
348 T	0.00576	0.00031	0.99393
349 A	0.00575	0.00031	0.99394
350 A	0.00575	0.00030	0.99395
351 T	0.00575	0.00029	0.99396
352 A	0.00575	0.00028	0.99397
353 T	0.00576	0.00026	0.99398
354 T	0.00576	0.00023	0.994
355 A	0.00576	0.00022	0.99403
356 T	0.00577	0.00019	0.99404
357 C	0.00577	0.00018	0.99405
358 G	0.00578	0.00016	0.99406
359 G	0.00580	0.00013	0.99406
360 T	0.00581	0.00012	0.99407
361 T	0.00582	0.00011	0.99407
362 T	0.00582	0.00011	0.99407
363 T	0.00582	0.00010	0.99407
364 T	0.00582	0.00009	0.99409
365 T	0.00582	0.00009	0.99409
366 T	0.00582	0.00008	0.9941
367 G	0.00583	0.00007	0.9941
368 T	0.00583	0.00006	0.99411
369 T	0.00583	0.00005	0.99411
370 T	0.00583	0.00005	0.99411
371 T	0.00583	0.00006	0.99411
372 T	0.00582	0.00007	0.99412
373 T	0.00581	0.00008	0.99412
374 T	0.00579	0.00010	0.99411
375 A	0.00575	0.00014	0.9941
376 T	0.00573	0.00017	0.9941
377 T	0.00570	0.00020	0.9941
378 T	0.00560	0.00031	0.99408
379 A	0.00544	0.00049	0.99408
380 T	0.00536	0.00057	0.99407
381 A	0.00529	0.00064	0.99406
382 T	0.00527	0.00067	0.99406
383 T	0.00524	0.00069	0.99406
384 A	0.00522	0.00072	0.99406
385 A	0.00520	0.00073	0.99406
386 C	0.00518	0.00076	0.99406
387 T	0.00513	0.00081	0.99406
388 T	0.00508	0.00088	0.99404
389 A	0.00496	0.00104	0.99401
390 T	0.00486	0.00118	0.99397
391 T	0.00475	0.00131	0.99394
392 T	0.00454	0.00157	0.99389
393 A	0.00418	0.00197	0.99386
394 A	0.00398	0.00217	0.99385
395 T	0.00386	0.00229	0.99385
396 A	0.00349	0.00267	0.99385
397 A	0.00311	0.00305	0.99384
398 A	0.00298	0.00315	0.99387
399 T	0.00293	0.00316	0.99391
400 A	0.00288	0.00318	0.99395
401 A	0.00287	0.00308	0.99405
402 T	0.00287	0.00291	0.99422
403 C	0.00286	0.00283	0.99431
404 C	0.00285	0.00281	0.99434
405 T	0.00281	0.00285	0.99433
406 A	0.00275	0.00294	0.99431
407 A	0.00271	0.00299	0.99431
408 A	0.00268	0.00302	0.9943
409 G	0.00266	0.00301	0.99433
410 G	0.00265	0.00293	0.99442
411 A	0.00267	0.00283	0.9945
412 A	0.00271	0.00262	0.99467
413 T	0.00276	0.00240	0.99484
414 G	0.00279	0.00222	0.99499
415 T	0.00285	0.00197	0.99518
416 T	0.00287	0.00166	0.99547
417 A	0.00287	0.00150	0.99562
418 A	0.00288	0.00137	0.99576
419 A	0.00290	0.00101	0.9961
420 T	0.00291	0.00062	0.99647
421 T	0.00292	0.00047	0.99661
422 C	0.00293	0.00040	0.99668
423 T	0.00292	0.00037	0.99671
424 T	0.00292	0.00036	0.99671
425 G	0.00292	0.00036	0.99672
426 G	0.00292	0.00035	0.99673
427 A	0.00292	0.00034	0.99673
428 G	0.00293	0.00028	0.99679
429 T	0.00297	0.00019	0.99684
430 T	0.00298	0.00015	0.99688
431 A	0.00298	0.00013	0.99689
432 T	0.00298	0.00012	0.99689
433 T	0.00297	0.00016	0.99686
434 G	0.00297	0.00020	0.99683
435 T	0.00296	0.00022	0.99682
436 T	0.00295	0.00024	0.99681
437 T	0.00293	0.00027	0.9968
438 T	0.00290	0.00031	0.99679
439 G	0.00284	0.00039	0.99677
440 G	0.00282	0.00044	0.99674
441 T	0.00281	0.00049	0.99671
442 T	0.00279	0.00054	0.99667
443 G	0.00278	0.00059	0.99663
444 G	0.00277	0.00061	0.99663
445 A	0.00276	0.00062	0.99663
446 T	0.00275	0.00063	0.99662
447 A	0.00273	0.00064	0.99662
448 C	0.00272	0.00065	0.99662
449 C	0.00271	0.00069	0.9966
450 A	0.00269	0.00074	0.99656
451 A	0.00269	0.00077	0.99655
452 A	0.00269	0.00077	0.99653
453 A	0.00270	0.00077	0.99653
454 A	0.00271	0.00076	0.99653
455 A	0.00273	0.00073	0.99654
456 T	0.00279	0.00066	0.99656
457 T	0.00282	0.00060	0.99658
458 G	0.00282	0.00058	0.99659
459 T	0.00283	0.00056	0.99662
460 G	0.00282	0.00054	0.99664
461 G	0.00282	0.00051	0.99667
462 C	0.00284	0.00045	0.9967
463 A	0.00287	0.00042	0.99671
464 T	0.00291	0.00038	0.99671
465 T	0.00294	0.00034	0.99672
466 T	0.00296	0.00032	0.99672
467 G	0.00294	0.00035	0.99671
468 G	0.00292	0.00036	0.99672
469 A	0.00292	0.00036	0.99672
470 A	0.00292	0.00035	0.99673
471 A	0.00293	0.00032	0.99675
472 T	0.00297	0.00027	0.99676
473 C	0.00299	0.00022	0.99678
474 T	0.00301	0.00021	0.99678
475 T	0.00301	0.00021	0.99678
476 T	0.00301	0.00022	0.99677
477 A	0.00301	0.00023	0.99676
478 T	0.00301	0.00024	0.99676
479 T	0.00301	0.00024	0.99676
480 A	0.00299	0.00025	0.99676
481 A	0.00299	0.00025	0.99677
482 G	0.00299	0.00024	0.99678
483 G	0.00299	0.00023	0.99678
484 G	0.00299	0.00022	0.99679
485 T	0.00300	0.00021	0.99679
486 T	0.00301	0.00020	0.99679
487 A	0.00301	0.00019	0.9968
488 T	0.00302	0.00019	0.9968
489 A	0.00302	0.00018	0.9968
490 A	0.00303	0.00015	0.99682
491 T	0.00304	0.00012	0.99683
492 T	0.00305	0.00011	0.99684
493 G	0.00305	0.00011	0.99684
494 T	0.00305	0.00010	0.99685
495 A	0.00305	0.00010	0.99685
496 T	0.00306	0.00009	0.99686
497 C	0.00307	0.00008	0.99686
498 T	0.00307	0.00007	0.99686
499 A	0.00308	0.00007	0.99686
500 T	0.00309	0.00006	0.99686
501 T	0.00309	0.00005	0.99686
502 T	0.00309	0.00005	0.99686
503 T	0.00309	0.00004	0.99687
504 T	0.00309	0.00003	0.99687
505 T	0.00309	0.00003	0.99688
506 C	0.00309	0.00004	0.99688
507 G	0.00308	0.00004	0.99688
508 T	0.00308	0.00004	0.99688
509 C	0.00308	0.00004	0.99688
510 A	0.00309	0.00004	0.99688
511 T	0.00309	0.00004	0.99688
512 T	0.00309	0.00004	0.99688
513 T	0.00309	0.00004	0.99687
514 G	0.00308	0.00004	0.99687
515 C	0.00308	0.00004	0.99687
516 T	0.00308	0.00004	0.99687
517 A	0.00308	0.00005	0.99687
518 T	0.00308	0.00005	0.99687
519 T	0.00308	0.00006	0.99687
520 G	0.00307	0.00006	0.99687
521 G	0.00307	0.00007	0.99686
522 T	0.00307	0.00007	0.99686
523 A	0.00307	0.00007	0.99686
524 T	0.00307	0.00007	0.99686
525 G	0.00307	0.00007	0.99686
526 T	0.00307	0.00008	0.99686
527 G	0.00307	0.00007	0.99686
528 T	0.00307	0.00007	0.99686
529 A	0.00307	0.00008	0.99685
530 T	0.00306	0.00008	0.99685
531 C	0.00306	0.00008	0.99685
532 A	0.00306	0.00010	0.99684
533 A	0.00305	0.00011	0.99683
534 T	0.00305	0.00013	0.99682
535 A	0.00305	0.00014	0.99681
536 T	0.00304	0.00015	0.9968
537 T	0.00303	0.00017	0.99679
538 G	0.00300	0.00022	0.99678
539 G	0.00298	0.00025	0.99677
540 T	0.00298	0.00028	0.99674
541 A	0.00296	0.00030	0.99674
542 G	0.00296	0.00030	0.99674
543 T	0.00296	0.00030	0.99675
544 T	0.00295	0.00030	0.99675
545 C	0.00293	0.00032	0.99675
546 C	0.00291	0.00034	0.99675
547 A	0.00290	0.00035	0.99675
548 C	0.00290	0.00035	0.99675
549 G	0.00290	0.00036	0.99674
550 G	0.00289	0.00038	0.99673
551 G	0.00289	0.00041	0.99671
552 T	0.00287	0.00044	0.99669
553 G	0.00281	0.00055	0.99663
554 G	0.00279	0.00061	0.99659
555 A	0.00279	0.00064	0.99656
556 A	0.00279	0.00066	0.99655
557 T	0.00280	0.00067	0.99653
558 A	0.00280	0.00070	0.9965
559 G	0.00280	0.00071	0.99649
560 A	0.00281	0.00072	0.99646
561 T	0.00283	0.00070	0.99648
562 A	0.00284	0.00070	0.99647
563 T	0.00286	0.00067	0.99647
564 T	0.00286	0.00066	0.99647
565 A	0.00286	0.00066	0.99648
566 T	0.00285	0.00065	0.9965
567 T	0.00285	0.00065	0.99651
568 G	0.00284	0.00064	0.99652
569 C	0.00284	0.00063	0.99652
570 T	0.00284	0.00067	0.99649
571 A	0.00282	0.00076	0.99642
572 A	0.00282	0.00079	0.99639
573 A	0.00284	0.00079	0.99637
574 T	0.00287	0.00078	0.99635
575 A	0.00290	0.00077	0.99633
576 T	0.00297	0.00067	0.99636
577 T	0.00301	0.00066	0.99632
578 T	0.00303	0.00068	0.99628
579 A	0.00304	0.00075	0.99621
580 G	0.00306	0.00077	0.99617
581 T	0.00310	0.00079	0.99611
582 T	0.00311	0.00084	0.99605
583 A	0.00313	0.00093	0.99594
584 T	0.00316	0.00098	0.99585
585 T	0.00317	0.00115	0.99568
586 T	0.00317	0.00141	0.99542
587 A	0.00316	0.00188	0.99495
588 T	0.00315	0.00217	0.99467
589 A	0.00313	0.00263	0.99424
590 A	0.00312	0.00315	0.99372
591 A	0.00309	0.00330	0.99361
592 A	0.00307	0.00335	0.99357
593 A	0.00310	0.00335	0.99356
594 T	0.00312	0.00334	0.99354
595 C	0.00305	0.00341	0.99355
596 A	0.00302	0.00345	0.99352
597 A	0.00302	0.00348	0.9935
598 A	0.00306	0.00346	0.99348
599 C	0.00310	0.00344	0.99346
600 T	0.00316	0.00342	0.99341
601 A	0.00322	0.00337	0.99341
602 T	0.00331	0.00328	0.99341
603 A	0.00334	0.00325	0.9934
604 T	0.00340	0.00320	0.9934
605 C	0.00344	0.00314	0.99342
606 C	0.00354	0.00304	0.99342
607 A	0.00363	0.00295	0.99342
608 C	0.00384	0.00274	0.99342
609 A	0.00413	0.00245	0.99342
610 T	0.00462	0.00197	0.99342
611 C	0.00486	0.00172	0.99342
612 A	0.00521	0.00136	0.99343
613 A	0.00565	0.00091	0.99344
614 T	0.00582	0.00070	0.99348
615 T	0.00586	0.00065	0.99349
616 A	0.00588	0.00063	0.9935
617 A	0.00590	0.00054	0.99356
618 T	0.00592	0.00043	0.99364
619 G	0.00594	0.00038	0.99368
620 T	0.00597	0.00034	0.99369
621 A	0.00599	0.00034	0.99367
622 T	0.00602	0.00032	0.99366
623 T	0.00605	0.00028	0.99367
624 G	0.00606	0.00027	0.99367
625 A	0.00606	0.00027	0.99367
626 A	0.00607	0.00025	0.99368
627 C	0.00607	0.00024	0.99369
628 T	0.00607	0.00024	0.99369
629 T	0.00608	0.00024	0.99369
630 T	0.00607	0.00025	0.99367
631 T	0.00607	0.00028	0.99365
632 T	0.00606	0.00030	0.99363
633 T	0.00605	0.00033	0.99362
634 A	0.00604	0.00034	0.99362
635 T	0.00603	0.00034	0.99363
636 A	0.00603	0.00034	0.99363
637 G	0.00603	0.00034	0.99363
638 C	0.00604	0.00033	0.99363
639 T	0.00606	0.00030	0.99363
640 A	0.00607	0.00029	0.99363
641 T	0.00610	0.00026	0.99364
642 C	0.00612	0.00024	0.99364
643 T	0.00614	0.00023	0.99364
644 T	0.00616	0.00020	0.99364
645 T	0.00617	0.00019	0.99364
646 T	0.00617	0.00018	0.99364
647 C	0.00618	0.00018	0.99364
648 T	0.00618	0.00017	0.99364
649 A	0.00618	0.00017	0.99364
650 T	0.00619	0.00016	0.99364
651 T	0.00621	0.00016	0.99364
652 A	0.00622	0.00015	0.99363
653 T	0.00623	0.00013	0.99364
654 T	0.00625	0.00012	0.99363
655 T	0.00626	0.00012	0.99361
656 T	0.00627	0.00014	0.99359
657 T	0.00627	0.00019	0.99354
658 T	0.00627	0.00020	0.99352
659 T	0.00626	0.00023	0.9935
660 A	0.00626	0.00027	0.99347
661 T	0.00625	0.00032	0.99344
662 C	0.00624	0.00036	0.9934
663 T	0.00623	0.00047	0.9933
664 A	0.00623	0.00056	0.99321
665 T	0.00620	0.00066	0.99315
666 T	0.00615	0.00083	0.99301
667 T	0.00608	0.00102	0.9929
668 G	0.00601	0.00121	0.99277
669 G	0.00597	0.00140	0.99263
670 G	0.00596	0.00158	0.99246
671 A	0.00595	0.00172	0.99233
672 T	0.00595	0.00179	0.99226
673 A	0.00595	0.00188	0.99218
674 G	0.00594	0.00190	0.99215
675 A	0.00594	0.00192	0.99214
676 A	0.00595	0.00192	0.99213
677 A	0.00596	0.00191	0.99212
678 C	0.00600	0.00188	0.99213
679 A	0.00603	0.00185	0.99213
680 T	0.00609	0.00179	0.99212
681 A	0.00611	0.00177	0.99212
682 C	0.00614	0.00174	0.99212
683 A	0.00619	0.00172	0.9921
684 T	0.00627	0.00164	0.99208
685 T	0.00633	0.00159	0.99208
686 T	0.00642	0.00150	0.99209
687 A	0.00647	0.00145	0.99207
688 G	0.00656	0.00132	0.99212
689 T	0.00672	0.00109	0.99218
690 T	0.00687	0.00088	0.99225
691 T	0.00701	0.00069	0.9923
692 C	0.00713	0.00054	0.99233
693 T	0.00729	0.00040	0.99231
694 T	0.00736	0.00034	0.9923
695 T	0.00738	0.00036	0.99227
696 A	0.00740	0.00039	0.99221
697 T	0.00741	0.00041	0.99218
698 T	0.00742	0.00044	0.99214
699 A	0.00741	0.00053	0.99205
700 T	0.00742	0.00054	0.99205
701 T	0.00741	0.00054	0.99205
702 A	0.00737	0.00059	0.99204
703 A	0.00735	0.00062	0.99203
704 C	0.00735	0.00063	0.99202
705 C	0.00736	0.00065	0.99199
706 T	0.00739	0.00072	0.9919
707 T	0.00741	0.00090	0.99169
708 T	0.00741	0.00116	0.99142
709 A	0.00741	0.00140	0.99119
710 T	0.00741	0.00154	0.99105
711 T	0.00739	0.00186	0.99076
712 A	0.00735	0.00211	0.99053
713 A	0.00728	0.00229	0.99043
714 A	0.00722	0.00245	0.99033
715 T	0.00721	0.00247	0.99032
716 T	0.00718	0.00253	0.99029
717 A	0.00711	0.00262	0.99027
718 G	0.00708	0.00266	0.99025
719 C	0.00710	0.00265	0.99025
720 T	0.00710	0.00278	0.99012
721 G	0.00706	0.00295	0.98999
722 T	0.00710	0.00292	0.98998
723 G	0.00705	0.00300	0.98995
724 A	0.00704	0.00302	0.98994
725 A	0.00704	0.00299	0.98998
726 C	0.00707	0.00292	0.99001
727 T	0.00712	0.00286	0.99002
728 C	0.00718	0.00281	0.99001
729 A	0.00727	0.00273	0.99
730 C	0.00751	0.00251	0.98998
731 T	0.00780	0.00227	0.98993
732 T	0.00800	0.00217	0.98983
733 A	0.00808	0.00223	0.98969
734 T	0.00833	0.00210	0.98958
735 T	0.00845	0.00216	0.98939
736 A	0.00843	0.00229	0.98928
737 T	0.00846	0.00244	0.9891
738 A	0.00836	0.00304	0.98859
739 T	0.00833	0.00380	0.98787
740 A	0.00826	0.00434	0.9874
741 T	0.00824	0.00476	0.987
742 A	0.00815	0.00492	0.98693
743 T	0.00818	0.00491	0.98691
744 T	0.00811	0.00502	0.98686
745 A	0.00784	0.00548	0.98668
746 C	0.00759	0.00594	0.98647
747 A	0.00734	0.00685	0.98581
748 T	0.00721	0.00729	0.9855
749 T	0.00700	0.00785	0.98515
750 G	0.00648	0.00890	0.98462
751 A	0.00618	0.00962	0.9842
752 A	0.00603	0.00998	0.98399
753 T	0.00591	0.01035	0.98375
754 A	0.00575	0.01101	0.98324
755 A	0.00567	0.01168	0.98265
756 A	0.00567	0.01250	0.98184
757 A	0.00565	0.01408	0.98026
758 T	0.00578	0.01562	0.97861
759 A	0.00579	0.01678	0.97743
760 A	0.00595	0.01788	0.97618
761 A	0.00649	0.01746	0.97604
762 T	0.00731	0.01666	0.97603
763 T	0.00772	0.01630	0.97599
764 T	0.00804	0.01597	0.97599
765 A	0.00808	0.01590	0.97602
766 A	0.00817	0.01573	0.97611
767 A	0.00829	0.01544	0.97627
768 A	0.00859	0.01486	0.97656
769 T	0.00912	0.01400	0.97688
770 T	0.00986	0.01294	0.97719
771 T	0.01017	0.01246	0.97737
772 A	0.01040	0.01204	0.97757
773 T	0.01080	0.01121	0.97799
774 T	0.01104	0.01073	0.97824
775 A	0.01116	0.01045	0.97839
776 G	0.01137	0.01008	0.97855
777 A	0.01185	0.00941	0.97874
778 A	0.01248	0.00862	0.9789
779 A	0.01347	0.00746	0.97907
780 A	0.01537	0.00536	0.97928
781 T	0.01749	0.00303	0.97947
782 A	0.01866	0.00165	0.9797
783 A	0.02006	0.00000	0.97995
