# lcl|CP097583.1_cds_USQ93550.1_1
# AA	inside	membr	outside
1 A	0.62489	0.00000	0.37511
2 T	0.62410	0.00078	0.37511
3 G	0.62351	0.00137	0.37511
4 A	0.62351	0.09508	0.28141
5 A	0.62060	0.17458	0.20482
6 T	0.62060	0.18135	0.19805
7 A	0.60897	0.19516	0.19587
8 A	0.60897	0.19519	0.19584
9 T	0.60851	0.19594	0.19555
10 A	0.60851	0.21107	0.18042
11 A	0.60803	0.21216	0.17981
12 T	0.60314	0.21733	0.17953
13 A	0.59719	0.22577	0.17704
14 A	0.59719	0.22577	0.17703
15 T	0.59719	0.23572	0.16709
16 T	0.59709	0.23582	0.16709
17 T	0.59695	0.23607	0.16698
18 T	0.59692	0.23636	0.16672
19 T	0.59543	0.23801	0.16655
20 T	0.57808	0.25881	0.1631
21 T	0.52230	0.31460	0.1631
22 A	0.49773	0.33982	0.16245
23 A	0.48689	0.35050	0.16261
24 G	0.48165	0.35555	0.1628
25 A	0.48184	0.35349	0.16467
26 A	0.48426	0.34983	0.16591
27 C	0.57564	0.25421	0.17015
28 T	0.64946	0.17834	0.17221
29 T	0.65732	0.16994	0.17274
30 T	0.66081	0.16186	0.17733
31 T	0.65979	0.16273	0.17747
32 T	0.65785	0.16439	0.17776
33 A	0.65264	0.16893	0.17843
34 A	0.64903	0.17172	0.17925
35 C	0.64873	0.16694	0.18433
36 T	0.65092	0.16070	0.18838
37 A	0.64998	0.16146	0.18856
38 T	0.65833	0.15245	0.18922
39 C	0.65430	0.15484	0.19086
40 T	0.65247	0.15595	0.19158
41 T	0.65191	0.15088	0.1972
42 A	0.65067	0.14838	0.20095
43 G	0.65128	0.13144	0.21729
44 T	0.65086	0.09427	0.25487
45 T	0.64996	0.06814	0.2819
46 G	0.64681	0.05962	0.29357
47 T	0.64503	0.05608	0.29889
48 A	0.64157	0.06186	0.29657
49 G	0.63975	0.06391	0.29635
50 T	0.63812	0.06830	0.29358
51 T	0.63583	0.07268	0.29149
52 G	0.63302	0.07691	0.29006
53 T	0.63167	0.08062	0.28771
54 G	0.62915	0.08837	0.28247
55 G	0.62802	0.09157	0.2804
56 G	0.62758	0.08646	0.28596
57 T	0.62744	0.08479	0.28777
58 T	0.62694	0.08848	0.28458
59 A	0.62624	0.09314	0.28062
60 C	0.62603	0.09422	0.27975
61 A	0.62583	0.10523	0.26894
62 A	0.62577	0.10382	0.2704
63 T	0.62582	0.10341	0.27077
64 T	0.62564	0.10546	0.26889
65 G	0.62101	0.11678	0.26221
66 C	0.61206	0.13351	0.25443
67 A	0.58670	0.17281	0.2405
68 G	0.57521	0.19392	0.23087
69 G	0.57384	0.20848	0.21768
70 A	0.57611	0.21691	0.20697
71 T	0.58096	0.22758	0.19146
72 A	0.58257	0.24601	0.17141
73 A	0.58800	0.25702	0.15498
74 T	0.59282	0.26903	0.13815
75 T	0.59386	0.27556	0.13058
76 A	0.58867	0.29619	0.11513
77 T	0.59057	0.30653	0.1029
78 T	0.58462	0.31535	0.10003
79 C	0.55371	0.35099	0.0953
80 A	0.53108	0.37559	0.09333
81 A	0.52590	0.38195	0.09215
82 C	0.52357	0.38482	0.09161
83 A	0.52027	0.38959	0.09014
84 C	0.52719	0.38366	0.08915
85 A	0.52728	0.38716	0.08556
86 A	0.52644	0.38986	0.0837
87 A	0.52136	0.39502	0.08363
88 A	0.52533	0.38686	0.08782
89 T	0.53577	0.36763	0.0966
90 A	0.54057	0.33570	0.12372
91 C	0.54621	0.31886	0.13493
92 T	0.55405	0.31560	0.13035
93 A	0.53872	0.35513	0.10615
94 A	0.53892	0.37305	0.08802
95 A	0.54310	0.37142	0.08548
96 A	0.51801	0.39817	0.08382
97 A	0.51673	0.39709	0.08618
98 A	0.51310	0.39454	0.09236
99 C	0.51225	0.38145	0.10631
100 A	0.42215	0.46707	0.11078
101 A	0.38849	0.49092	0.12059
102 T	0.37019	0.48244	0.14738
103 C	0.33832	0.49784	0.16384
104 C	0.31938	0.51575	0.16487
105 T	0.30094	0.53776	0.16129
106 G	0.27592	0.56963	0.15446
107 A	0.26467	0.58960	0.14573
108 T	0.25624	0.59896	0.14481
109 A	0.23284	0.62072	0.14645
110 A	0.20380	0.63945	0.15676
111 A	0.17962	0.65161	0.16876
112 C	0.17320	0.64723	0.17957
113 C	0.17140	0.64314	0.18545
114 A	0.17105	0.64351	0.18544
115 A	0.17638	0.63632	0.18729
116 T	0.19770	0.60734	0.19496
117 C	0.20919	0.58928	0.20152
118 A	0.21041	0.58256	0.20703
119 T	0.21215	0.54115	0.24669
120 A	0.21113	0.54075	0.24812
121 A	0.21133	0.52900	0.25966
122 A	0.21148	0.50913	0.27939
123 T	0.21284	0.35901	0.42814
124 A	0.21382	0.30164	0.48455
125 C	0.21758	0.25907	0.52335
126 T	0.22616	0.22977	0.54407
127 T	0.23134	0.20791	0.56075
128 T	0.23333	0.19710	0.56957
129 G	0.23124	0.20164	0.56712
130 G	0.23181	0.22528	0.54291
131 A	0.22791	0.27577	0.49632
132 A	0.21888	0.37534	0.40579
133 A	0.21230	0.45097	0.33673
134 A	0.20895	0.46548	0.32557
135 T	0.20196	0.49491	0.30313
136 G	0.19015	0.55625	0.2536
137 T	0.18399	0.69590	0.1201
138 A	0.16604	0.75168	0.08228
139 G	0.15765	0.76228	0.08007
140 A	0.15554	0.76587	0.07859
141 A	0.15710	0.76363	0.07928
142 C	0.16169	0.75724	0.08107
143 C	0.17397	0.74411	0.08192
144 T	0.17630	0.74211	0.08159
145 T	0.17645	0.74199	0.08156
146 C	0.17462	0.74401	0.08138
147 A	0.16153	0.75792	0.08055
148 C	0.15173	0.76810	0.08016
149 C	0.13957	0.78199	0.07844
150 A	0.13734	0.78922	0.07344
151 A	0.14423	0.78631	0.06946
152 A	0.16278	0.76804	0.06917
153 A	0.19089	0.74056	0.06855
154 A	0.24699	0.68251	0.0705
155 A	0.35280	0.56972	0.07748
156 T	0.45508	0.46053	0.08438
157 A	0.48327	0.43422	0.08252
158 A	0.50717	0.40001	0.09281
159 A	0.54782	0.35419	0.098
160 A	0.65752	0.23726	0.10522
161 T	0.69259	0.18478	0.12263
162 C	0.65840	0.20972	0.13188
163 A	0.61725	0.25303	0.12972
164 C	0.55264	0.32354	0.12382
165 A	0.47219	0.42646	0.10134
166 G	0.31300	0.60170	0.0853
167 A	0.17679	0.76189	0.06132
168 A	0.12252	0.81861	0.05887
169 A	0.10298	0.83844	0.05858
170 A	0.09252	0.83503	0.07245
171 A	0.07622	0.83959	0.08419
172 C	0.06619	0.83551	0.09829
173 A	0.06120	0.84509	0.09372
174 A	0.05609	0.85914	0.08477
175 A	0.05412	0.86359	0.08229
176 A	0.05359	0.86468	0.08173
177 A	0.05379	0.86263	0.08358
178 A	0.05590	0.84751	0.0966
179 C	0.05811	0.83896	0.10293
180 T	0.06293	0.83786	0.09921
181 A	0.06123	0.85185	0.08693
182 A	0.06215	0.85586	0.08199
183 T	0.06235	0.85524	0.08241
184 A	0.05977	0.85870	0.08153
185 A	0.05966	0.81969	0.12065
186 A	0.06414	0.76672	0.16914
187 A	0.07314	0.68472	0.24214
188 A	0.09234	0.58879	0.31887
189 A	0.10883	0.42365	0.46752
190 T	0.13130	0.27049	0.59821
191 T	0.13381	0.21409	0.6521
192 T	0.13364	0.19502	0.67134
193 A	0.13080	0.19458	0.67462
194 G	0.12888	0.18820	0.68292
195 A	0.12771	0.18999	0.6823
196 A	0.13141	0.18789	0.68069
197 G	0.13970	0.18463	0.67567
198 A	0.14374	0.21838	0.63788
199 A	0.14488	0.27163	0.5835
200 G	0.14475	0.30971	0.54554
201 A	0.14890	0.37027	0.48083
202 T	0.15859	0.38588	0.45553
203 T	0.16709	0.40920	0.42371
204 T	0.17666	0.42541	0.39792
205 T	0.17775	0.44155	0.38069
206 G	0.17759	0.44672	0.37568
207 T	0.17883	0.44772	0.37344
208 G	0.17829	0.45220	0.36951
209 A	0.18006	0.45167	0.36827
210 T	0.18435	0.44756	0.36809
211 T	0.18876	0.44291	0.36832
212 T	0.19062	0.44073	0.36865
213 T	0.19185	0.43918	0.36897
214 A	0.19243	0.43815	0.36941
215 A	0.19391	0.43531	0.37078
216 C	0.19823	0.42761	0.37416
217 A	0.20457	0.41979	0.37564
218 A	0.21541	0.40761	0.37698
219 A	0.22968	0.39132	0.379
220 A	0.24823	0.37142	0.38035
221 G	0.29184	0.32640	0.38175
222 A	0.35347	0.26063	0.38589
223 G	0.41184	0.19743	0.39073
224 T	0.50197	0.10432	0.3937
225 T	0.53801	0.06591	0.39608
226 T	0.56500	0.03654	0.39846
227 G	0.57925	0.01992	0.40082
228 A	0.59563	0.00000	0.40437
