# lcl|CP097583.1_cds_USQ93328.1_1
# AA	inside	membr	outside
1 A	0.54943	0.00000	0.45057
2 T	0.54918	0.00025	0.45057
3 G	0.54904	0.00039	0.45057
4 T	0.54904	0.00240	0.44856
5 T	0.54747	0.00593	0.4466
6 T	0.54747	0.00627	0.44626
7 C	0.53051	0.02333	0.44616
8 T	0.53051	0.02333	0.44615
9 T	0.52683	0.02725	0.44592
10 A	0.52681	0.04133	0.43186
11 A	0.52514	0.04430	0.43055
12 T	0.50215	0.06809	0.42976
13 A	0.45235	0.11870	0.42895
14 A	0.45234	0.11871	0.42895
15 A	0.45234	0.12047	0.42719
16 A	0.45201	0.12080	0.42719
17 C	0.45156	0.12126	0.42719
18 T	0.45154	0.12130	0.42715
19 A	0.45118	0.12169	0.42713
20 A	0.45016	0.12316	0.42668
21 A	0.44952	0.12379	0.42669
22 T	0.44995	0.12337	0.42668
23 T	0.45059	0.12254	0.42687
24 T	0.45138	0.12157	0.42705
25 T	0.45187	0.11915	0.42898
26 T	0.45201	0.11799	0.42999
27 T	0.45251	0.11463	0.43286
28 T	0.45362	0.11194	0.43444
29 T	0.45373	0.11084	0.43543
30 T	0.45324	0.10138	0.44538
31 A	0.45152	0.10197	0.44651
32 T	0.45169	0.09656	0.45176
33 A	0.45952	0.08531	0.45518
34 A	0.46049	0.08111	0.4584
35 T	0.46189	0.05805	0.48006
36 T	0.46239	0.01949	0.51812
37 T	0.46188	0.01965	0.51847
38 T	0.46204	0.01971	0.51825
39 A	0.46109	0.02221	0.5167
40 T	0.46074	0.02310	0.51617
41 T	0.46033	0.02384	0.51583
42 A	0.45986	0.02474	0.5154
43 T	0.46007	0.02396	0.51597
44 A	0.45977	0.02527	0.51496
45 T	0.45972	0.02663	0.51365
46 T	0.45965	0.02736	0.51299
47 T	0.45953	0.02823	0.51224
48 A	0.45937	0.02924	0.51139
49 A	0.45943	0.03087	0.5097
50 T	0.45960	0.03166	0.50874
51 T	0.45979	0.03110	0.5091
52 A	0.45994	0.03054	0.50952
53 T	0.46044	0.02854	0.51103
54 T	0.46034	0.02714	0.51253
55 A	0.45975	0.02711	0.51313
56 T	0.46001	0.02548	0.51452
57 A	0.46020	0.02475	0.51504
58 A	0.46063	0.02392	0.51545
59 T	0.46188	0.02183	0.51629
60 T	0.46253	0.02048	0.517
61 T	0.46309	0.01916	0.51775
62 G	0.46409	0.01781	0.5181
63 T	0.46474	0.01694	0.51832
64 G	0.46467	0.01691	0.51843
65 T	0.46540	0.01606	0.51854
66 T	0.46539	0.01611	0.5185
67 C	0.46555	0.01577	0.51868
68 G	0.46621	0.01516	0.51863
69 A	0.46679	0.01459	0.51862
70 T	0.46765	0.01363	0.51872
71 C	0.46821	0.01297	0.51882
72 T	0.46981	0.01145	0.51875
73 A	0.47073	0.01064	0.51863
74 T	0.47093	0.01036	0.51872
75 T	0.47068	0.01053	0.51879
76 T	0.47019	0.01094	0.51887
77 T	0.46768	0.01284	0.51948
78 G	0.46615	0.01371	0.52014
79 G	0.46489	0.01474	0.52037
80 C	0.46394	0.01546	0.52061
81 A	0.46343	0.01595	0.52062
82 T	0.46316	0.01618	0.52066
83 G	0.46228	0.01700	0.52072
84 G	0.46207	0.01714	0.52079
85 A	0.46221	0.01698	0.52081
86 G	0.46236	0.01641	0.52122
87 T	0.46268	0.01556	0.52176
88 T	0.46296	0.01502	0.52202
89 A	0.46309	0.01449	0.52241
90 T	0.46317	0.01333	0.5235
91 T	0.46307	0.01299	0.52394
92 T	0.46277	0.01297	0.52426
93 T	0.46212	0.01348	0.5244
94 C	0.46091	0.01440	0.52469
95 A	0.46004	0.01532	0.52463
96 T	0.45977	0.01536	0.52487
97 A	0.45907	0.01586	0.52506
98 T	0.45895	0.01538	0.52567
99 T	0.45875	0.01490	0.52634
100 C	0.45843	0.01194	0.52963
101 G	0.45826	0.01127	0.53048
102 T	0.45796	0.01093	0.5311
103 T	0.45773	0.01107	0.5312
104 T	0.45738	0.01191	0.53071
105 T	0.45617	0.01444	0.52939
106 G	0.45356	0.01842	0.52802
107 G	0.45178	0.02520	0.52302
108 T	0.44679	0.04137	0.51183
109 G	0.43837	0.06175	0.49987
110 A	0.43535	0.07236	0.49229
111 A	0.43301	0.08417	0.48282
112 A	0.43129	0.09239	0.47633
113 A	0.43066	0.09549	0.47385
114 T	0.43055	0.09652	0.47293
115 A	0.43043	0.09653	0.47304
116 T	0.43044	0.09596	0.4736
117 T	0.43028	0.09503	0.47469
118 T	0.43001	0.09469	0.4753
119 C	0.42951	0.09505	0.47544
120 G	0.42906	0.09601	0.47493
121 G	0.42867	0.09653	0.47481
122 A	0.42826	0.09723	0.4745
123 A	0.42775	0.09778	0.47447
124 T	0.42769	0.09808	0.47423
125 C	0.42645	0.09922	0.47433
126 A	0.42583	0.10164	0.47253
127 A	0.42632	0.10245	0.47124
128 A	0.42794	0.10174	0.47032
129 A	0.43054	0.09939	0.47008
130 A	0.43752	0.09271	0.46976
131 T	0.45116	0.07388	0.47496
132 T	0.45981	0.05871	0.48149
133 A	0.45643	0.05970	0.48388
134 A	0.45607	0.05913	0.48479
135 T	0.45813	0.05634	0.48553
136 T	0.45369	0.06019	0.48613
137 C	0.44011	0.07336	0.48653
138 G	0.42562	0.08769	0.4867
139 T	0.42211	0.09115	0.48674
140 C	0.41393	0.09989	0.48617
141 T	0.40702	0.11031	0.48266
142 C	0.39173	0.12893	0.47933
143 A	0.38264	0.13950	0.47786
144 A	0.36119	0.16112	0.47768
145 T	0.34991	0.17241	0.47767
146 A	0.33464	0.18733	0.47802
147 C	0.32631	0.19519	0.4785
148 C	0.31912	0.20134	0.47953
149 A	0.31436	0.20606	0.47958
150 A	0.31212	0.20850	0.47939
151 A	0.31033	0.21096	0.47871
152 T	0.31034	0.21127	0.47839
153 T	0.30967	0.21199	0.47833
154 A	0.30711	0.21261	0.48028
155 A	0.30412	0.21145	0.48443
156 A	0.30200	0.20437	0.49363
157 T	0.30155	0.19642	0.50203
158 T	0.28548	0.20754	0.50699
159 A	0.25543	0.23178	0.5128
160 A	0.24453	0.22800	0.52747
161 C	0.23774	0.21683	0.54542
162 G	0.23179	0.22198	0.54623
163 A	0.22968	0.22696	0.54336
164 A	0.23123	0.23117	0.53759
165 T	0.23064	0.22480	0.54456
166 A	0.22548	0.22942	0.5451
167 T	0.22324	0.20856	0.56821
168 T	0.21653	0.20665	0.57682
169 G	0.20844	0.20723	0.58433
170 A	0.20330	0.22684	0.56985
171 T	0.20085	0.22389	0.57527
172 G	0.19737	0.22494	0.5777
173 A	0.19294	0.22995	0.57711
174 A	0.19064	0.23355	0.57581
175 C	0.18858	0.23623	0.57519
176 T	0.18705	0.24661	0.56633
177 A	0.18316	0.26131	0.55553
178 A	0.18067	0.26213	0.55721
179 T	0.17896	0.26250	0.55854
180 A	0.17636	0.26463	0.55902
181 G	0.17531	0.24629	0.5784
182 C	0.17564	0.21758	0.60677
183 A	0.17579	0.21490	0.6093
184 G	0.17622	0.21363	0.61015
185 A	0.17855	0.21132	0.61013
186 A	0.18380	0.20838	0.60782
187 T	0.19446	0.19735	0.60819
188 G	0.19595	0.19170	0.61235
189 G	0.19787	0.18726	0.61488
190 A	0.19923	0.20351	0.59726
191 T	0.20034	0.21689	0.58277
192 G	0.18733	0.25202	0.56064
193 A	0.18819	0.27040	0.54141
194 A	0.18022	0.29870	0.52108
195 A	0.17514	0.31375	0.51111
196 A	0.17031	0.33109	0.49859
197 A	0.16942	0.33490	0.49567
198 T	0.17061	0.33179	0.49759
199 G	0.15669	0.34368	0.49963
200 A	0.16047	0.33661	0.50292
201 A	0.15791	0.33621	0.50587
202 C	0.15804	0.33314	0.50882
203 C	0.15807	0.33241	0.50952
204 T	0.15849	0.33504	0.50647
205 A	0.15125	0.35049	0.49826
206 A	0.15046	0.35393	0.49561
207 T	0.15132	0.35562	0.49305
208 A	0.14906	0.35886	0.49208
209 T	0.15075	0.35263	0.49663
210 G	0.14826	0.35399	0.49774
211 A	0.15048	0.34943	0.50009
212 A	0.15633	0.34119	0.50248
213 A	0.18137	0.31302	0.50561
214 A	0.20559	0.28589	0.50852
215 T	0.23758	0.23891	0.52351
216 A	0.25224	0.21044	0.53731
217 T	0.27071	0.18023	0.54906
218 A	0.27390	0.17061	0.55549
219 T	0.28529	0.14973	0.56497
220 A	0.28312	0.14761	0.56927
221 A	0.27733	0.14934	0.57333
222 T	0.27314	0.13552	0.59134
223 G	0.26329	0.14644	0.59027
224 T	0.25928	0.15367	0.58705
225 A	0.24135	0.18596	0.57269
226 A	0.23434	0.20052	0.56514
227 A	0.23256	0.20589	0.56155
228 T	0.23825	0.19125	0.5705
229 G	0.23210	0.19414	0.57377
230 T	0.23044	0.19670	0.57287
231 T	0.21390	0.22862	0.55748
232 C	0.18918	0.26463	0.54619
233 A	0.17291	0.29761	0.52949
234 A	0.16371	0.31618	0.52011
235 A	0.16163	0.32111	0.51727
236 A	0.16156	0.32316	0.51529
237 T	0.16414	0.32057	0.51528
238 T	0.16444	0.31791	0.51765
239 T	0.16232	0.31755	0.52013
240 A	0.15853	0.31997	0.5215
241 G	0.15748	0.31756	0.52496
242 A	0.15678	0.31868	0.52454
243 A	0.15810	0.31480	0.52709
244 A	0.16027	0.30936	0.53038
245 G	0.16367	0.30042	0.53591
246 T	0.17182	0.28475	0.54343
247 A	0.17449	0.28171	0.54381
248 T	0.18688	0.25626	0.55685
249 A	0.19035	0.25009	0.55956
250 A	0.19507	0.24565	0.55929
251 A	0.19678	0.24443	0.55879
252 A	0.20259	0.23006	0.56735
253 A	0.21312	0.21419	0.57269
254 T	0.24064	0.16492	0.59445
255 T	0.25662	0.12866	0.61472
256 T	0.26797	0.10601	0.62602
257 T	0.27172	0.10620	0.62208
258 T	0.27144	0.10745	0.62111
259 T	0.26818	0.11608	0.61574
260 T	0.25683	0.12984	0.61334
261 A	0.23764	0.15566	0.60671
262 C	0.23248	0.16621	0.60132
263 A	0.23058	0.18404	0.58538
264 A	0.23045	0.19441	0.57514
265 A	0.23328	0.20057	0.56614
266 A	0.23752	0.20308	0.5594
267 T	0.24339	0.19955	0.55706
268 T	0.24556	0.19849	0.55595
269 A	0.24508	0.20115	0.55377
270 T	0.24797	0.19572	0.55631
271 A	0.24713	0.19790	0.55497
272 G	0.24865	0.19543	0.55592
273 A	0.25160	0.19825	0.55014
274 T	0.25576	0.20426	0.53998
275 A	0.25558	0.21003	0.53438
276 T	0.25845	0.21072	0.53083
277 A	0.25757	0.21875	0.52368
278 T	0.25880	0.21974	0.52145
279 A	0.25784	0.22534	0.51683
280 A	0.26741	0.21472	0.51787
281 A	0.27141	0.20834	0.52025
282 T	0.28222	0.19174	0.52605
283 A	0.28634	0.17624	0.53742
284 C	0.29522	0.14892	0.55587
285 T	0.30421	0.13716	0.55862
286 C	0.31777	0.12357	0.55866
287 A	0.32515	0.12013	0.55472
288 A	0.33357	0.11313	0.55329
289 T	0.34098	0.10682	0.5522
290 T	0.34094	0.10707	0.552
291 T	0.33356	0.11518	0.55127
292 G	0.30171	0.14870	0.54959
293 A	0.29020	0.16533	0.54446
294 A	0.28695	0.16667	0.54638
295 A	0.28650	0.16554	0.54796
296 A	0.29320	0.15619	0.55061
297 T	0.30729	0.13933	0.55338
298 C	0.31186	0.13223	0.55592
299 A	0.31457	0.12903	0.55641
300 T	0.31999	0.12191	0.55809
301 A	0.32194	0.11915	0.55891
302 T	0.32607	0.11299	0.56094
303 A	0.32626	0.11198	0.56176
304 C	0.32674	0.10819	0.56507
305 C	0.32685	0.10738	0.56578
306 T	0.32725	0.10699	0.56576
307 G	0.32705	0.10750	0.56545
308 G	0.32764	0.10785	0.56451
309 T	0.32933	0.10824	0.56243
310 T	0.33264	0.10750	0.55986
311 A	0.33388	0.10546	0.56065
312 T	0.33598	0.10076	0.56326
313 A	0.33523	0.09816	0.56661
314 A	0.33476	0.08758	0.57766
315 T	0.33755	0.05399	0.60846
316 G	0.33993	0.04347	0.6166
317 G	0.33990	0.04271	0.61738
318 T	0.34039	0.04453	0.61507
319 T	0.33929	0.04820	0.61251
320 T	0.33779	0.05256	0.60965
321 T	0.33513	0.05971	0.60516
322 G	0.33038	0.06857	0.60105
323 G	0.32752	0.08185	0.59063
324 T	0.32550	0.10188	0.57263
325 A	0.32424	0.11439	0.56136
326 A	0.32378	0.11540	0.56082
327 A	0.32355	0.11566	0.56079
328 A	0.32364	0.11536	0.561
329 T	0.32433	0.11444	0.56123
330 C	0.32516	0.11320	0.56164
331 A	0.32675	0.11207	0.56119
332 A	0.32958	0.10970	0.56072
333 T	0.33333	0.10627	0.5604
334 T	0.33506	0.10613	0.55881
335 T	0.33578	0.10670	0.55752
336 A	0.33616	0.10602	0.55781
337 A	0.33681	0.10457	0.55862
338 A	0.33820	0.10204	0.55976
339 T	0.34533	0.09250	0.56218
340 T	0.35102	0.08585	0.56312
341 T	0.35660	0.07934	0.56406
342 G	0.35862	0.07614	0.56523
343 A	0.36166	0.07182	0.56652
344 T	0.36769	0.06394	0.56837
345 A	0.37001	0.05914	0.57085
346 T	0.37991	0.04743	0.57265
347 C	0.38985	0.03740	0.57275
348 T	0.39446	0.03782	0.56772
349 T	0.38907	0.04799	0.56294
350 T	0.37055	0.07518	0.55427
351 G	0.33708	0.11870	0.54422
352 A	0.31595	0.14698	0.53707
353 A	0.29774	0.16671	0.53555
354 A	0.29011	0.17460	0.53528
355 A	0.28772	0.17700	0.53528
356 A	0.28631	0.17841	0.53528
357 C	0.28659	0.17799	0.53543
358 C	0.28644	0.17807	0.53548
359 C	0.28667	0.17783	0.5355
360 T	0.28689	0.17766	0.53546
361 C	0.28602	0.17857	0.53541
362 C	0.28523	0.17944	0.53533
363 T	0.28411	0.18079	0.5351
364 A	0.28159	0.18347	0.53493
365 A	0.28080	0.18417	0.53503
366 A	0.28058	0.18429	0.53513
367 G	0.28089	0.18316	0.53594
368 G	0.28186	0.17705	0.5411
369 A	0.28430	0.17062	0.54508
370 T	0.28959	0.15666	0.55375
371 T	0.29647	0.14323	0.5603
372 A	0.30067	0.13185	0.56749
373 T	0.30754	0.10604	0.58643
374 T	0.31503	0.07055	0.61442
375 A	0.31828	0.05128	0.63043
376 G	0.31882	0.03701	0.64416
377 G	0.31871	0.03586	0.64543
378 A	0.31850	0.04249	0.63902
379 A	0.31835	0.05060	0.63105
380 T	0.31871	0.05109	0.6302
381 T	0.31879	0.05324	0.62797
382 T	0.31893	0.06063	0.62045
383 A	0.31881	0.06745	0.61374
384 T	0.31894	0.06874	0.61232
385 A	0.31893	0.07066	0.61041
386 T	0.31910	0.06990	0.611
387 T	0.31885	0.06821	0.61293
388 T	0.31773	0.06820	0.61407
389 T	0.31404	0.07163	0.61433
390 T	0.30428	0.08194	0.61379
391 C	0.29024	0.09635	0.61341
392 C	0.28060	0.10757	0.61183
393 T	0.26977	0.12619	0.60404
394 A	0.21608	0.18871	0.59522
395 G	0.19263	0.22037	0.58701
396 A	0.18114	0.23950	0.57935
397 G	0.17220	0.25324	0.57456
398 A	0.17043	0.25747	0.5721
399 A	0.17049	0.25704	0.57247
400 A	0.17587	0.25102	0.57311
401 A	0.18575	0.24048	0.57376
402 T	0.19957	0.22599	0.57444
403 C	0.20433	0.22077	0.5749
404 C	0.20967	0.21541	0.57492
405 T	0.21707	0.20850	0.57443
406 T	0.22124	0.20517	0.57359
407 T	0.22209	0.20625	0.57166
408 T	0.22251	0.20801	0.56948
409 A	0.22178	0.21206	0.56617
410 A	0.21880	0.21709	0.56411
411 A	0.21700	0.21742	0.56558
412 A	0.21545	0.21301	0.57154
413 T	0.21229	0.20408	0.58363
414 G	0.20771	0.19568	0.59661
415 A	0.20838	0.19000	0.60162
416 A	0.21568	0.17789	0.60642
417 A	0.22382	0.12655	0.64964
418 T	0.23207	0.09918	0.66874
419 A	0.23822	0.08631	0.67547
420 T	0.24070	0.07960	0.6797
421 T	0.23998	0.08368	0.67634
422 C	0.23396	0.09108	0.67496
423 T	0.22855	0.09804	0.67341
424 G	0.22061	0.10749	0.67189
425 A	0.21186	0.11914	0.669
426 G	0.20651	0.12525	0.66824
427 C	0.20136	0.13220	0.66644
428 A	0.19245	0.14842	0.65913
429 A	0.19072	0.15666	0.65262
430 C	0.18977	0.16229	0.64794
431 A	0.18498	0.22024	0.59477
432 A	0.18589	0.23728	0.57682
433 T	0.18805	0.23302	0.57893
434 A	0.18612	0.23460	0.57927
435 T	0.18574	0.23324	0.58101
436 T	0.18274	0.23108	0.58619
437 C	0.17833	0.23033	0.59134
438 G	0.17726	0.23140	0.59134
439 A	0.17994	0.22859	0.59148
440 A	0.18877	0.21954	0.59169
441 T	0.19426	0.21363	0.59211
442 A	0.19809	0.20954	0.59238
443 C	0.20296	0.19946	0.59758
444 T	0.20809	0.19068	0.60123
445 T	0.21036	0.18262	0.60702
446 T	0.21096	0.17753	0.61151
447 A	0.21132	0.17322	0.61546
448 C	0.21326	0.16541	0.62133
449 A	0.21385	0.16150	0.62465
450 A	0.21613	0.15565	0.62821
451 G	0.22441	0.13980	0.63578
452 A	0.23260	0.13241	0.63499
453 A	0.23879	0.12677	0.63444
454 T	0.29192	0.06677	0.64131
455 T	0.30703	0.05163	0.64134
456 A	0.30580	0.05529	0.6389
457 T	0.30523	0.05639	0.63838
458 T	0.29877	0.07044	0.6308
459 A	0.28373	0.10779	0.60847
460 G	0.21301	0.21192	0.57507
461 A	0.16725	0.27261	0.56014
462 A	0.11861	0.34395	0.53745
463 A	0.08426	0.39330	0.52244
464 A	0.06638	0.41226	0.52135
465 C	0.05416	0.42490	0.52094
466 A	0.04004	0.43926	0.5207
467 A	0.03470	0.44465	0.52066
468 C	0.03215	0.44716	0.52068
469 A	0.03117	0.44815	0.52068
470 C	0.03076	0.44849	0.52075
471 A	0.03032	0.44887	0.52081
472 A	0.03105	0.44800	0.52095
473 C	0.03206	0.44685	0.52109
474 A	0.03311	0.44565	0.52124
475 A	0.03539	0.44324	0.52137
476 T	0.03906	0.43896	0.52197
477 C	0.04148	0.43613	0.5224
478 A	0.04509	0.43230	0.52261
479 A	0.05143	0.42256	0.526
480 A	0.05863	0.41212	0.52925
481 G	0.06894	0.39491	0.53615
482 A	0.09071	0.36277	0.54652
483 A	0.12406	0.25928	0.61666
484 A	0.14210	0.18814	0.66976
485 T	0.17059	0.10547	0.72394
486 T	0.18542	0.05693	0.75764
487 T	0.18647	0.04162	0.77191
488 A	0.18575	0.03642	0.77782
489 T	0.18534	0.02775	0.78691
490 T	0.18476	0.02820	0.78705
491 G	0.18355	0.03227	0.78418
492 T	0.18307	0.06395	0.75298
493 T	0.18084	0.10226	0.71689
494 T	0.17425	0.13210	0.69365
495 T	0.16023	0.16259	0.67718
496 T	0.14748	0.18735	0.66517
497 G	0.12417	0.21690	0.65893
498 G	0.10992	0.23727	0.65281
499 G	0.10242	0.25709	0.64049
500 A	0.09750	0.26333	0.63917
501 C	0.09524	0.26620	0.63856
502 A	0.09296	0.27226	0.63478
503 T	0.09150	0.27654	0.63197
504 C	0.08998	0.28277	0.62725
505 A	0.08871	0.30380	0.60749
506 A	0.08771	0.31064	0.60165
507 A	0.08667	0.31767	0.59567
508 G	0.08599	0.32105	0.59296
509 A	0.08625	0.32224	0.5915
510 A	0.08772	0.32122	0.59106
511 A	0.09109	0.31782	0.59108
512 G	0.09619	0.31305	0.59076
513 A	0.10559	0.30643	0.58798
514 A	0.11875	0.29331	0.58795
515 A	0.15515	0.25530	0.58955
516 T	0.19815	0.20837	0.59347
517 T	0.21595	0.18363	0.60041
518 T	0.22362	0.16393	0.61245
519 A	0.22573	0.15333	0.62094
520 A	0.22723	0.13393	0.63884
521 A	0.23002	0.11837	0.65161
522 T	0.24026	0.09911	0.66062
523 C	0.24027	0.09318	0.66655
524 C	0.23856	0.09379	0.66765
525 A	0.23974	0.09357	0.66669
526 G	0.24156	0.09195	0.66649
527 A	0.24597	0.08761	0.66642
528 T	0.26613	0.06725	0.66662
529 G	0.27079	0.06283	0.66638
530 T	0.27703	0.05749	0.66548
531 T	0.27898	0.05986	0.66116
532 A	0.27867	0.07145	0.64988
533 A	0.27708	0.07634	0.64657
534 A	0.27361	0.08363	0.64276
535 A	0.27307	0.08676	0.64017
536 T	0.27714	0.08318	0.63968
537 T	0.27926	0.08025	0.64049
538 G	0.27904	0.07973	0.64123
539 T	0.28029	0.07762	0.64209
540 T	0.27999	0.07705	0.64297
541 C	0.28000	0.07620	0.64381
542 A	0.28007	0.07555	0.64438
543 T	0.28029	0.07472	0.64499
544 A	0.28029	0.07486	0.64485
545 T	0.28076	0.07410	0.64514
546 T	0.28100	0.07285	0.64615
547 G	0.28095	0.06967	0.64938
548 T	0.28179	0.06678	0.65143
549 T	0.28191	0.06580	0.6523
550 C	0.27986	0.06816	0.65198
551 A	0.27842	0.07327	0.64831
552 A	0.27837	0.07696	0.64467
553 A	0.28064	0.07702	0.64233
554 A	0.28568	0.07354	0.64078
555 T	0.29718	0.06295	0.63987
556 A	0.29925	0.06195	0.6388
557 A	0.30275	0.05480	0.64245
558 T	0.30525	0.05075	0.644
559 G	0.29748	0.05791	0.6446
560 T	0.29685	0.05827	0.64487
561 T	0.29468	0.06027	0.64505
562 G	0.28964	0.06567	0.64469
563 C	0.28766	0.06672	0.64561
564 T	0.28510	0.06956	0.64534
565 G	0.27159	0.08349	0.64492
566 A	0.26469	0.09171	0.6436
567 C	0.26025	0.09632	0.64344
568 G	0.25564	0.10214	0.64223
569 A	0.25314	0.10530	0.64156
570 T	0.25083	0.10846	0.64071
571 C	0.24623	0.11581	0.63796
572 A	0.24197	0.12222	0.63582
573 A	0.23926	0.12394	0.63681
574 A	0.23832	0.12432	0.63735
575 T	0.24015	0.12160	0.63825
576 C	0.23925	0.12203	0.63872
577 A	0.23853	0.12307	0.6384
578 A	0.23838	0.12262	0.639
579 T	0.24070	0.11872	0.64058
580 A	0.23912	0.11996	0.64092
581 A	0.23945	0.11885	0.6417
582 C	0.24028	0.10386	0.65586
583 T	0.24145	0.10097	0.65758
584 T	0.24205	0.09864	0.6593
585 T	0.24148	0.09930	0.65922
586 A	0.23934	0.10303	0.65763
587 T	0.23852	0.10444	0.65704
588 A	0.23220	0.10318	0.66461
589 A	0.22906	0.10349	0.66746
590 A	0.22577	0.10448	0.66976
591 T	0.22381	0.12114	0.65505
592 A	0.22039	0.13056	0.64904
593 A	0.21960	0.13198	0.64842
594 A	0.22166	0.12745	0.6509
595 T	0.22378	0.12065	0.65556
596 A	0.22408	0.11795	0.65798
597 T	0.22552	0.11217	0.66231
598 T	0.22566	0.11036	0.66398
599 T	0.22526	0.10962	0.66512
600 A	0.22496	0.11010	0.66493
601 G	0.22339	0.11008	0.66654
602 A	0.22206	0.11090	0.66704
603 T	0.22079	0.11008	0.66912
604 T	0.21761	0.11316	0.66923
605 C	0.21208	0.11868	0.66925
606 G	0.20506	0.12813	0.66682
607 A	0.20051	0.13639	0.6631
608 T	0.19940	0.14053	0.66008
609 A	0.19504	0.14624	0.65872
610 G	0.19387	0.14917	0.65696
611 G	0.19735	0.14093	0.66172
612 A	0.19968	0.13647	0.66385
613 A	0.20174	0.13149	0.66677
614 T	0.22554	0.10338	0.67108
615 T	0.23163	0.09394	0.67443
616 T	0.23197	0.09211	0.67592
617 A	0.22277	0.10105	0.67618
618 C	0.21303	0.11048	0.67649
619 A	0.20232	0.12319	0.67449
620 G	0.14728	0.18166	0.67107
621 A	0.12183	0.21166	0.66651
622 G	0.10147	0.23746	0.66107
623 A	0.08568	0.26255	0.65177
624 A	0.07581	0.27499	0.6492
625 A	0.07027	0.28274	0.64698
626 A	0.06807	0.28374	0.64819
627 T	0.06937	0.27846	0.65217
628 A	0.06864	0.27518	0.65619
629 G	0.07052	0.26672	0.66275
630 A	0.07395	0.25971	0.66634
631 T	0.07831	0.25153	0.67017
632 A	0.08048	0.24513	0.67439
633 T	0.08310	0.23899	0.67791
634 A	0.08345	0.23690	0.67964
635 T	0.08423	0.23251	0.68326
636 T	0.08383	0.22953	0.68665
637 C	0.08280	0.22803	0.68918
638 A	0.08211	0.22833	0.68956
639 A	0.08170	0.22723	0.69107
640 A	0.08164	0.22053	0.69783
641 A	0.08179	0.21208	0.70613
642 A	0.08400	0.20019	0.71581
643 G	0.08801	0.13347	0.77852
644 G	0.09295	0.10319	0.80387
645 A	0.09970	0.07739	0.82291
646 T	0.10989	0.05247	0.83763
647 G	0.11384	0.04444	0.84172
648 T	0.11761	0.04850	0.83389
649 T	0.11818	0.06954	0.81228
650 A	0.11716	0.10157	0.78127
651 T	0.11459	0.13037	0.75505
652 A	0.11168	0.18842	0.69989
653 A	0.11080	0.20530	0.6839
654 T	0.10907	0.21809	0.67284
655 A	0.10710	0.22292	0.66998
656 T	0.10621	0.22470	0.66908
657 G	0.10357	0.23508	0.66135
658 T	0.10193	0.24051	0.65756
659 C	0.09869	0.24560	0.65571
660 T	0.09799	0.24762	0.65439
661 A	0.09725	0.24971	0.65304
662 A	0.09681	0.25088	0.65231
663 A	0.09665	0.25093	0.65243
664 C	0.09680	0.25038	0.65282
665 A	0.09669	0.25025	0.65306
666 A	0.09687	0.24977	0.65336
667 A	0.09797	0.24839	0.65364
668 C	0.09969	0.24638	0.65393
669 A	0.10229	0.24385	0.65386
670 G	0.10924	0.23646	0.65431
671 G	0.12621	0.21932	0.65446
672 A	0.15776	0.18753	0.6547
673 A	0.19328	0.15134	0.65538
674 T	0.22642	0.11452	0.65907
675 T	0.26898	0.07005	0.66097
676 A	0.27659	0.06289	0.66052
677 G	0.28329	0.05601	0.66071
678 T	0.28646	0.05073	0.66281
679 A	0.28739	0.04847	0.66414
680 T	0.29655	0.03697	0.66648
681 T	0.29941	0.03216	0.66842
682 C	0.29882	0.02950	0.67168
683 C	0.29757	0.03041	0.67201
684 T	0.29563	0.03235	0.67202
685 T	0.28802	0.03992	0.67206
686 T	0.28047	0.04740	0.67213
687 A	0.26440	0.06344	0.67216
688 C	0.25612	0.07133	0.67255
689 C	0.24631	0.08107	0.67262
690 C	0.23714	0.09116	0.6717
691 A	0.19127	0.14182	0.66691
692 A	0.15731	0.17749	0.6652
693 A	0.13551	0.20080	0.6637
694 G	0.11980	0.21758	0.66262
695 G	0.10812	0.23042	0.66146
696 A	0.10623	0.23396	0.6598
697 A	0.10635	0.23425	0.6594
698 A	0.10735	0.23256	0.66009
699 A	0.10910	0.22877	0.66213
700 T	0.11215	0.22453	0.66333
701 T	0.11229	0.22413	0.66358
702 T	0.11112	0.22621	0.66268
703 A	0.10864	0.23115	0.6602
704 A	0.10712	0.23118	0.66171
705 T	0.10596	0.22936	0.66468
706 A	0.10242	0.22969	0.66789
707 A	0.10067	0.22570	0.67363
708 C	0.09951	0.21639	0.6841
709 A	0.09852	0.21220	0.68928
710 A	0.09810	0.20126	0.70064
711 A	0.09804	0.19393	0.70803
712 G	0.09848	0.18338	0.71814
713 A	0.09968	0.17458	0.72573
714 T	0.10457	0.11842	0.77701
715 G	0.10595	0.08290	0.81115
716 T	0.10758	0.06146	0.83096
717 A	0.10839	0.04923	0.84238
718 G	0.10954	0.03833	0.85213
719 T	0.11142	0.03571	0.85288
720 T	0.11220	0.03751	0.85029
721 A	0.11214	0.04329	0.84457
722 A	0.11269	0.04773	0.83958
723 T	0.11421	0.05220	0.83359
724 A	0.11464	0.05926	0.8261
725 T	0.11657	0.05755	0.82587
726 T	0.11883	0.05449	0.82667
727 T	0.11887	0.05426	0.82686
728 A	0.11855	0.05598	0.82547
729 T	0.11808	0.05450	0.82741
730 T	0.11686	0.05469	0.82846
731 T	0.11547	0.05558	0.82895
732 T	0.11360	0.05711	0.82929
733 G	0.11044	0.06097	0.82859
734 A	0.10908	0.06229	0.82863
735 T	0.10841	0.06298	0.82861
736 G	0.10711	0.06448	0.82841
737 A	0.10647	0.06527	0.82826
738 C	0.10624	0.06550	0.82826
739 G	0.10609	0.06624	0.82767
740 G	0.10671	0.06604	0.82725
741 A	0.10831	0.06454	0.82715
742 G	0.11080	0.06209	0.8271
743 A	0.11539	0.05759	0.82701
744 A	0.12277	0.04979	0.82743
745 C	0.12999	0.04215	0.82786
746 G	0.13737	0.03494	0.8277
747 T	0.14602	0.02652	0.82746
748 T	0.14852	0.02475	0.82673
749 T	0.14990	0.02404	0.82605
750 T	0.14979	0.02540	0.82482
751 A	0.14924	0.02682	0.82394
752 T	0.14852	0.02723	0.82424
753 G	0.14687	0.02797	0.82517
754 T	0.14613	0.02998	0.82389
755 G	0.14225	0.03881	0.81893
756 G	0.14053	0.05737	0.8021
757 A	0.13994	0.08743	0.77263
758 A	0.13910	0.10048	0.76043
759 T	0.13908	0.10884	0.75208
760 G	0.13888	0.10985	0.75127
761 A	0.13887	0.11066	0.75048
762 T	0.13921	0.11052	0.75027
763 A	0.13922	0.11078	0.75001
764 C	0.13901	0.11112	0.74987
765 A	0.13872	0.11220	0.74908
766 G	0.13850	0.11322	0.74828
767 A	0.13851	0.11387	0.74762
768 T	0.13872	0.11434	0.74693
769 G	0.13877	0.11477	0.74646
770 A	0.13925	0.11486	0.74588
771 T	0.14040	0.11355	0.74606
772 A	0.14101	0.11267	0.74631
773 T	0.14227	0.10943	0.7483
774 A	0.14369	0.10669	0.74962
775 C	0.14553	0.10330	0.75116
776 A	0.14790	0.10008	0.75202
777 A	0.15243	0.09446	0.75311
778 A	0.16001	0.08284	0.75715
779 C	0.17951	0.06085	0.75963
780 T	0.20906	0.03098	0.75996
781 C	0.21996	0.01915	0.76089
782 T	0.22780	0.01119	0.76101
783 T	0.22870	0.01024	0.76106
784 T	0.22890	0.01060	0.76051
785 T	0.22794	0.01238	0.75968
786 G	0.21406	0.02871	0.75724
787 A	0.20750	0.04466	0.74784
788 A	0.20293	0.05332	0.74375
789 T	0.19896	0.05763	0.74341
790 A	0.19061	0.06588	0.74351
791 T	0.18480	0.07145	0.74375
792 G	0.17605	0.07996	0.74399
793 C	0.17024	0.08571	0.74405
794 C	0.16767	0.08843	0.7439
795 T	0.16581	0.09100	0.74319
796 A	0.16199	0.09536	0.74264
797 A	0.15936	0.09821	0.74244
798 T	0.15679	0.10087	0.74234
799 G	0.15231	0.10532	0.74238
800 G	0.15139	0.10606	0.74254
801 A	0.15094	0.10646	0.7426
802 G	0.15080	0.10654	0.74265
803 C	0.15081	0.10648	0.74271
804 T	0.15099	0.10636	0.74264
805 A	0.15097	0.10647	0.74256
806 A	0.15127	0.10611	0.74261
807 A	0.15207	0.10507	0.74285
808 A	0.15324	0.10312	0.74364
809 A	0.15590	0.08657	0.75754
810 T	0.16550	0.06877	0.76573
811 A	0.16931	0.05879	0.77189
812 T	0.17042	0.05001	0.77956
813 T	0.17068	0.04205	0.78727
814 T	0.17076	0.03609	0.79315
815 A	0.17078	0.03058	0.79864
816 T	0.17094	0.02431	0.80475
817 A	0.17105	0.02218	0.80677
818 T	0.17173	0.01894	0.80933
819 T	0.17208	0.01467	0.81326
820 T	0.17187	0.01276	0.81537
821 T	0.17144	0.01130	0.81726
822 C	0.17027	0.01019	0.81954
823 A	0.16935	0.01573	0.81492
824 G	0.16912	0.01994	0.81094
825 T	0.16913	0.02404	0.80682
826 T	0.16907	0.03132	0.79961
827 T	0.16902	0.03839	0.79259
828 A	0.16886	0.05074	0.7804
829 G	0.16883	0.05810	0.77306
830 A	0.16882	0.06797	0.76322
831 T	0.16894	0.07389	0.75717
832 A	0.16904	0.07547	0.75549
833 A	0.16921	0.07611	0.75468
834 T	0.16965	0.07601	0.75433
835 T	0.16992	0.07607	0.75401
836 C	0.16995	0.07626	0.75379
837 A	0.16976	0.07690	0.75335
838 A	0.16994	0.07689	0.75317
839 A	0.17026	0.07663	0.75312
840 T	0.17126	0.07562	0.75312
841 T	0.17130	0.07566	0.75304
842 A	0.17054	0.07640	0.75306
843 T	0.17094	0.07558	0.75349
844 A	0.17122	0.07483	0.75394
845 A	0.17200	0.07301	0.75499
846 G	0.17656	0.06732	0.75611
847 C	0.18173	0.06177	0.7565
848 C	0.18733	0.05607	0.75661
849 T	0.19636	0.04698	0.75666
850 C	0.20229	0.04099	0.75671
851 T	0.21285	0.03039	0.75675
852 A	0.21841	0.02482	0.75677
853 C	0.22719	0.01595	0.75685
854 C	0.23240	0.01071	0.75688
855 T	0.23441	0.00880	0.75679
856 T	0.23519	0.00816	0.75664
857 T	0.23519	0.00858	0.75623
858 T	0.23497	0.00937	0.75566
859 T	0.23447	0.01100	0.75453
860 T	0.23328	0.01344	0.75328
861 T	0.23119	0.01582	0.75299
862 A	0.22835	0.01860	0.75305
863 A	0.22203	0.02479	0.75319
864 A	0.20145	0.04500	0.75355
865 C	0.19224	0.05316	0.7546
866 C	0.18600	0.05941	0.75459
867 A	0.18367	0.06256	0.75377
868 A	0.18193	0.06524	0.75282
869 A	0.18116	0.06643	0.75242
870 T	0.18081	0.06710	0.75209
871 T	0.18014	0.06818	0.75168
872 A	0.17554	0.07354	0.75092
873 T	0.17399	0.07546	0.75055
874 G	0.17232	0.07902	0.74867
875 G	0.17114	0.08120	0.74766
876 A	0.17058	0.08211	0.74731
877 A	0.17032	0.08225	0.74743
878 G	0.17015	0.08202	0.74783
879 A	0.16950	0.08204	0.74847
880 C	0.16949	0.08034	0.75018
881 C	0.16953	0.07944	0.75103
882 A	0.17001	0.07994	0.75005
883 G	0.17117	0.07913	0.7497
884 T	0.17139	0.07994	0.74867
885 A	0.17071	0.08021	0.74908
886 A	0.16990	0.07585	0.75425
887 T	0.16969	0.05207	0.77824
888 G	0.16851	0.04436	0.78713
889 C	0.16691	0.04104	0.79205
890 A	0.16629	0.04553	0.78818
891 T	0.16607	0.04553	0.78839
892 A	0.16319	0.04816	0.78865
893 G	0.16219	0.04878	0.78903
894 A	0.16168	0.04870	0.78962
895 C	0.16275	0.04163	0.79563
896 C	0.16364	0.03962	0.79674
897 T	0.16553	0.03855	0.79592
898 A	0.16629	0.04174	0.79197
899 T	0.16647	0.04512	0.78841
900 T	0.16402	0.05547	0.78051
901 A	0.16024	0.07734	0.76242
902 A	0.15807	0.08346	0.75847
903 A	0.15483	0.08903	0.75614
904 A	0.15151	0.09502	0.75347
905 T	0.15120	0.09588	0.75293
906 A	0.14881	0.09982	0.75138
907 A	0.14828	0.10088	0.75084
908 A	0.14816	0.10059	0.75125
909 T	0.14869	0.09942	0.7519
910 A	0.14797	0.10017	0.75186
911 A	0.14806	0.09920	0.75275
912 T	0.14907	0.09684	0.75408
913 A	0.15107	0.09387	0.75506
914 A	0.15160	0.09215	0.75625
915 T	0.15214	0.08859	0.75928
916 T	0.15140	0.08813	0.76046
917 C	0.15104	0.08756	0.76141
918 T	0.15103	0.08752	0.76145
919 G	0.15080	0.08778	0.76143
920 G	0.15242	0.08608	0.76149
921 A	0.15750	0.08089	0.76161
922 A	0.16275	0.07538	0.76187
923 T	0.17267	0.06237	0.76495
924 T	0.18910	0.04222	0.76868
925 A	0.19274	0.03651	0.77076
926 A	0.19545	0.03023	0.77432
927 T	0.19890	0.02267	0.77843
928 T	0.20029	0.01930	0.78041
929 T	0.20186	0.01503	0.78311
930 T	0.20261	0.01257	0.78482
931 G	0.20288	0.01146	0.78566
932 A	0.20325	0.01054	0.78621
933 T	0.20387	0.00865	0.78747
934 A	0.20430	0.00767	0.78803
935 A	0.20499	0.00645	0.78857
936 T	0.20561	0.00447	0.78992
937 T	0.20588	0.00317	0.79096
938 A	0.20603	0.00225	0.79172
939 A	0.20642	0.00000	0.79358
