# lcl|CP097583.1_cds_USQ93585.1_1
# AA	inside	membr	outside
1 A	0.33748	0.00000	0.66252
2 T	0.33436	0.00312	0.66252
3 G	0.33237	0.00511	0.66252
4 A	0.33237	0.07622	0.59141
5 T	0.32136	0.12816	0.55049
6 A	0.32135	0.14044	0.53821
7 T	0.23200	0.23374	0.53426
8 T	0.23199	0.23392	0.53409
9 A	0.13182	0.34105	0.52713
10 G	0.13172	0.57800	0.29028
11 A	0.12744	0.59359	0.27897
12 A	0.08851	0.63528	0.27621
13 A	0.05695	0.67321	0.26984
14 T	0.05695	0.67321	0.26984
15 T	0.05695	0.72091	0.22214
16 A	0.05526	0.72260	0.22214
17 A	0.05297	0.72625	0.22078
18 A	0.05291	0.73004	0.21705
19 A	0.05173	0.73346	0.21481
20 A	0.04879	0.75338	0.19783
21 A	0.04497	0.75721	0.19782
22 A	0.04558	0.75798	0.19643
23 A	0.04761	0.75688	0.19551
24 A	0.05609	0.74857	0.19534
25 A	0.06831	0.73006	0.20162
26 T	0.08056	0.71311	0.20633
27 T	0.13534	0.64777	0.2169
28 A	0.16004	0.61416	0.2258
29 A	0.17110	0.59634	0.23257
30 A	0.19026	0.50826	0.30148
31 A	0.19954	0.49222	0.30825
32 T	0.22531	0.37087	0.40382
33 T	0.42324	0.17891	0.39785
34 T	0.43263	0.17134	0.39603
35 T	0.43389	0.15989	0.40622
36 A	0.42429	0.17843	0.39728
37 A	0.40955	0.20278	0.38767
38 C	0.43164	0.18431	0.38405
39 A	0.37197	0.24926	0.37877
40 G	0.36452	0.25771	0.37777
41 A	0.36042	0.26849	0.37108
42 T	0.36025	0.26787	0.37188
43 C	0.36206	0.26499	0.37295
44 A	0.34751	0.29128	0.36121
45 A	0.34062	0.30017	0.35921
46 C	0.34037	0.30596	0.35367
47 T	0.34084	0.30854	0.35061
48 T	0.34047	0.30928	0.35026
49 A	0.32428	0.32715	0.34857
50 A	0.31646	0.33527	0.34827
51 T	0.31117	0.34054	0.34829
52 C	0.27389	0.37672	0.34939
53 A	0.25026	0.40010	0.34964
54 A	0.24925	0.40043	0.35032
55 G	0.25119	0.39729	0.35152
56 C	0.26877	0.37790	0.35333
57 T	0.27837	0.36786	0.35377
58 A	0.28948	0.35366	0.35687
59 A	0.31193	0.32009	0.36798
60 T	0.32332	0.29543	0.38125
61 T	0.32705	0.28677	0.38618
62 A	0.32619	0.23184	0.44197
63 T	0.32698	0.21636	0.45666
64 A	0.32948	0.20133	0.46919
65 A	0.32873	0.19488	0.47638
66 C	0.33031	0.18338	0.48631
67 T	0.34445	0.16964	0.4859
68 A	0.34562	0.17428	0.4801
69 T	0.34912	0.17478	0.4761
70 T	0.34663	0.18062	0.47274
71 A	0.34098	0.19977	0.45925
72 T	0.34044	0.18422	0.47533
73 A	0.33955	0.17884	0.48161
74 A	0.33912	0.17536	0.48552
75 T	0.33873	0.14515	0.51613
76 T	0.33763	0.14390	0.51847
77 T	0.33623	0.15016	0.5136
78 G	0.32681	0.17666	0.49653
79 A	0.32209	0.19658	0.48133
80 G	0.32044	0.20218	0.47737
81 T	0.32046	0.20966	0.46988
82 A	0.31987	0.21098	0.46915
83 A	0.31977	0.21125	0.46899
84 A	0.32071	0.20923	0.47006
85 A	0.32137	0.20473	0.4739
86 C	0.32237	0.20157	0.47606
87 A	0.32464	0.20063	0.47473
88 G	0.32882	0.19728	0.4739
89 A	0.33454	0.19706	0.4684
90 T	0.34875	0.18601	0.46524
91 T	0.36232	0.17202	0.46566
92 T	0.36957	0.16187	0.46855
93 G	0.37238	0.15451	0.47312
94 T	0.37977	0.14235	0.47787
95 C	0.38040	0.14076	0.47883
96 A	0.37813	0.14361	0.47826
97 G	0.38351	0.13820	0.47828
98 A	0.39162	0.13041	0.47797
99 T	0.41294	0.10783	0.47923
100 G	0.41700	0.10267	0.48034
101 T	0.43166	0.07902	0.48932
102 T	0.43355	0.07494	0.49151
103 C	0.40579	0.10647	0.48773
104 A	0.38681	0.13091	0.48228
105 A	0.37076	0.14870	0.48055
106 T	0.36154	0.15830	0.48016
107 A	0.34434	0.17537	0.48029
108 C	0.33127	0.18819	0.48054
109 G	0.32810	0.19106	0.48084
110 A	0.32955	0.18947	0.48098
111 C	0.33145	0.18737	0.48118
112 G	0.33720	0.18163	0.48118
113 C	0.34178	0.17714	0.48108
114 T	0.34365	0.17549	0.48087
115 T	0.34383	0.17565	0.48053
116 T	0.34276	0.17709	0.48015
117 A	0.34096	0.17898	0.48005
118 T	0.33965	0.17988	0.48046
119 T	0.33577	0.17971	0.48452
120 A	0.32565	0.19102	0.48333
121 A	0.31725	0.20047	0.48229
122 A	0.30875	0.21034	0.48091
123 A	0.30240	0.21502	0.48258
124 G	0.29830	0.21517	0.48653
125 A	0.29645	0.21598	0.48757
126 A	0.30088	0.18288	0.51625
127 T	0.30613	0.15460	0.53928
128 T	0.30681	0.13776	0.55543
129 G	0.30628	0.12849	0.56523
130 T	0.30610	0.11555	0.57835
131 C	0.30537	0.10495	0.58968
132 C	0.30500	0.10539	0.5896
133 A	0.30487	0.11464	0.58049
134 T	0.30477	0.12568	0.56955
135 A	0.30230	0.13842	0.55928
136 T	0.29982	0.15572	0.54445
137 T	0.29385	0.17338	0.53277
138 A	0.27656	0.20586	0.51757
139 G	0.26655	0.22987	0.50357
140 A	0.25600	0.28172	0.46228
141 A	0.25070	0.29939	0.44991
142 A	0.24844	0.30593	0.44564
143 A	0.24882	0.30524	0.44594
144 A	0.25177	0.29839	0.44984
145 A	0.25565	0.28926	0.4551
146 A	0.25959	0.28121	0.45921
147 A	0.26452	0.27167	0.46381
148 T	0.27320	0.25867	0.46814
149 A	0.27637	0.25382	0.46982
150 T	0.27763	0.25098	0.47139
151 C	0.27789	0.24905	0.47305
152 C	0.27831	0.24862	0.47307
153 T	0.27922	0.24976	0.47102
154 G	0.27971	0.25286	0.46743
155 A	0.28192	0.25285	0.46522
156 A	0.29141	0.24520	0.46339
157 T	0.30602	0.23262	0.46136
158 A	0.31615	0.21991	0.46394
159 T	0.33338	0.19872	0.46789
160 A	0.34297	0.18299	0.47404
161 A	0.35824	0.15196	0.4898
162 A	0.37433	0.12680	0.49887
163 T	0.41999	0.07052	0.50949
164 T	0.43038	0.05500	0.51461
165 A	0.43400	0.04932	0.51669
166 T	0.43823	0.04292	0.51885
167 C	0.43478	0.04563	0.51959
168 T	0.43169	0.04946	0.51885
169 T	0.42031	0.06221	0.51748
170 A	0.41333	0.07224	0.51443
171 C	0.41024	0.07584	0.51391
172 A	0.40868	0.07803	0.51329
173 G	0.40867	0.07807	0.51326
174 T	0.40942	0.07721	0.51337
175 C	0.40718	0.07951	0.5133
176 C	0.40840	0.07858	0.51301
177 T	0.41163	0.07590	0.51247
178 A	0.41235	0.07541	0.51223
179 A	0.41336	0.07446	0.51219
180 T	0.41583	0.07208	0.51209
181 T	0.41602	0.07157	0.51241
182 T	0.41438	0.07169	0.51393
183 G	0.41072	0.07417	0.51511
184 A	0.41002	0.07431	0.51567
185 A	0.40987	0.07366	0.51648
186 A	0.40971	0.07258	0.51771
187 G	0.40997	0.06854	0.5215
188 T	0.41141	0.06337	0.52521
189 A	0.41153	0.05987	0.5286
190 G	0.41179	0.05280	0.5354
191 G	0.41272	0.04593	0.54134
192 C	0.41421	0.03360	0.55219
193 G	0.41676	0.02678	0.55646
194 G	0.41754	0.02428	0.55818
195 T	0.41874	0.02238	0.55889
196 T	0.41925	0.02254	0.55821
197 T	0.41945	0.02395	0.5566
198 T	0.41946	0.02350	0.55704
199 T	0.41914	0.02596	0.5549
200 T	0.41835	0.03050	0.55115
201 A	0.41707	0.04270	0.54023
202 A	0.41590	0.04469	0.53941
203 G	0.41532	0.04515	0.53953
204 T	0.41545	0.04632	0.53823
205 T	0.41474	0.04851	0.53675
206 C	0.41320	0.05050	0.5363
207 T	0.41228	0.06061	0.52711
208 A	0.41104	0.06681	0.52215
209 A	0.40954	0.07075	0.51971
210 G	0.40883	0.07335	0.51782
211 T	0.40842	0.07510	0.51648
212 T	0.40745	0.07693	0.51562
213 T	0.40648	0.07930	0.51423
214 A	0.40458	0.08376	0.51166
215 A	0.40368	0.08758	0.50874
216 A	0.40327	0.09098	0.50575
217 A	0.40327	0.09319	0.50354
218 A	0.40350	0.09517	0.50133
219 A	0.40445	0.09495	0.5006
220 G	0.40648	0.09303	0.50049
221 T	0.41063	0.08899	0.50037
222 A	0.41297	0.08624	0.50078
223 G	0.41632	0.08198	0.50171
224 A	0.42545	0.07168	0.50287
225 A	0.42810	0.06758	0.50432
226 C	0.43088	0.06344	0.50569
227 A	0.43600	0.05811	0.50589
228 T	0.44132	0.05201	0.50667
229 A	0.44425	0.04826	0.50749
230 T	0.45295	0.03871	0.50833
231 T	0.45583	0.03491	0.50926
232 G	0.45705	0.03145	0.51149
233 T	0.45880	0.02821	0.513
234 T	0.45916	0.02643	0.5144
235 C	0.45897	0.02523	0.5158
236 C	0.45909	0.02462	0.51628
237 G	0.46093	0.02260	0.51646
238 A	0.46355	0.01996	0.51649
239 T	0.46697	0.01638	0.51665
240 G	0.46902	0.01431	0.51667
241 T	0.47144	0.01161	0.51695
242 T	0.47206	0.01001	0.51793
243 G	0.47215	0.00918	0.51868
244 T	0.47240	0.00840	0.5192
245 C	0.47234	0.00794	0.51972
246 T	0.47232	0.00789	0.51979
247 T	0.47208	0.00820	0.51972
248 T	0.47175	0.00869	0.51955
249 A	0.47094	0.00999	0.51907
250 A	0.47029	0.01114	0.51857
251 G	0.47000	0.01194	0.51806
252 T	0.47002	0.01213	0.51785
253 A	0.46934	0.01308	0.51759
254 A	0.46844	0.01403	0.51753
255 T	0.46800	0.01406	0.51794
256 G	0.46712	0.01509	0.51778
257 T	0.46676	0.01598	0.51726
258 T	0.46600	0.01717	0.51683
259 T	0.46445	0.01904	0.51651
260 T	0.46135	0.02350	0.51515
261 T	0.45802	0.02792	0.51406
262 A	0.45356	0.03322	0.51322
263 A	0.45207	0.03503	0.5129
264 T	0.45129	0.03589	0.51282
265 T	0.45004	0.03727	0.51269
266 T	0.44871	0.03845	0.51285
267 T	0.44437	0.04269	0.51294
268 G	0.43554	0.05152	0.51294
269 A	0.43168	0.05545	0.51287
270 C	0.43096	0.05597	0.51306
271 G	0.43074	0.05670	0.51257
272 A	0.43102	0.05639	0.51259
273 A	0.43153	0.05561	0.51286
274 T	0.43230	0.05470	0.513
275 T	0.43249	0.05457	0.51295
276 A	0.43257	0.05390	0.51354
277 A	0.43290	0.05260	0.5145
278 A	0.43319	0.05155	0.51526
279 A	0.43401	0.04956	0.51642
280 T	0.43605	0.04621	0.51775
281 T	0.43763	0.04336	0.51902
282 A	0.43844	0.04132	0.52024
283 T	0.43982	0.03652	0.52366
284 T	0.44016	0.03390	0.52593
285 T	0.43975	0.03380	0.52644
286 T	0.43791	0.04032	0.52177
287 G	0.43514	0.04767	0.5172
288 T	0.43248	0.05156	0.51595
289 A	0.42774	0.05701	0.51524
290 A	0.42567	0.05631	0.51802
291 T	0.42547	0.04963	0.5249
292 C	0.42530	0.04768	0.52702
293 G	0.42513	0.05032	0.52454
294 T	0.42582	0.05363	0.52056
295 T	0.42613	0.05761	0.51627
296 T	0.42600	0.06028	0.51371
297 A	0.42438	0.06393	0.51169
298 T	0.42345	0.06594	0.51061
299 T	0.42171	0.06925	0.50904
300 A	0.41785	0.07505	0.50709
301 A	0.41646	0.07717	0.50637
302 A	0.41594	0.07784	0.50622
303 A	0.41567	0.07817	0.50616
304 A	0.41584	0.07793	0.50623
305 T	0.41722	0.07631	0.50647
306 A	0.41773	0.07558	0.50669
307 A	0.41921	0.07357	0.50722
308 A	0.42268	0.06897	0.50835
309 T	0.42976	0.05931	0.51093
310 A	0.43477	0.05144	0.51379
311 T	0.43810	0.04476	0.51715
312 T	0.44001	0.03883	0.52116
313 C	0.44100	0.03590	0.5231
314 C	0.44227	0.03429	0.52343
315 T	0.44508	0.03135	0.52358
316 T	0.44844	0.02791	0.52365
317 T	0.45222	0.02414	0.52363
318 T	0.45331	0.02316	0.52354
319 T	0.45272	0.02345	0.52384
320 G	0.44845	0.02504	0.52651
321 T	0.44576	0.02665	0.52759
322 T	0.43872	0.03236	0.52892
323 T	0.43198	0.03680	0.53122
324 T	0.42228	0.04660	0.53112
325 A	0.40528	0.06519	0.52953
326 T	0.39363	0.07687	0.5295
327 T	0.37564	0.09493	0.52943
328 G	0.34633	0.12445	0.52922
329 T	0.32605	0.14531	0.52864
330 C	0.30482	0.16670	0.52848
331 G	0.29247	0.17917	0.52836
332 A	0.28755	0.18428	0.52816
333 A	0.28465	0.18736	0.52799
334 C	0.28339	0.18870	0.52791
335 C	0.28253	0.18972	0.52775
336 T	0.27905	0.19385	0.5271
337 A	0.27587	0.19821	0.52592
338 A	0.27444	0.19995	0.52561
339 G	0.27324	0.20124	0.52551
340 A	0.27281	0.20137	0.52582
341 T	0.27273	0.19764	0.52963
342 A	0.27158	0.19612	0.5323
343 G	0.27050	0.19038	0.53912
344 A	0.26948	0.18642	0.5441
345 T	0.26920	0.17165	0.55915
346 G	0.26778	0.16242	0.5698
347 G	0.26783	0.15412	0.57806
348 A	0.26884	0.14113	0.59003
349 G	0.26878	0.12502	0.60621
350 T	0.26840	0.10783	0.62378
351 A	0.26666	0.08620	0.64714
352 G	0.26612	0.07236	0.66153
353 C	0.26538	0.06537	0.66925
354 A	0.26437	0.10270	0.63293
355 A	0.26403	0.14043	0.59555
356 T	0.26429	0.15548	0.58023
357 T	0.26413	0.17922	0.55665
358 A	0.26369	0.19904	0.53726
359 G	0.26385	0.20297	0.53318
360 T	0.26468	0.20662	0.5287
361 T	0.26458	0.21166	0.52376
362 T	0.26388	0.21941	0.51671
363 A	0.26195	0.22922	0.50883
364 A	0.26089	0.23326	0.50585
365 A	0.26085	0.23479	0.50436
366 A	0.26107	0.23535	0.50358
367 T	0.26200	0.23479	0.50321
368 A	0.26248	0.23687	0.50065
369 T	0.26354	0.23766	0.49879
370 G	0.26362	0.24153	0.49485
371 A	0.26374	0.24420	0.49206
372 A	0.26380	0.24492	0.49128
373 A	0.26546	0.24312	0.49142
374 A	0.26898	0.23812	0.4929
375 A	0.27675	0.22936	0.49389
376 G	0.29108	0.21394	0.49498
377 G	0.33713	0.16683	0.49604
378 T	0.38470	0.11903	0.49627
379 A	0.40254	0.10169	0.49577
380 T	0.42746	0.07706	0.49548
381 T	0.44293	0.06240	0.49467
382 T	0.44611	0.06081	0.49308
383 T	0.44014	0.06778	0.49207
384 A	0.40773	0.10030	0.49197
385 A	0.37993	0.12779	0.49228
386 T	0.35955	0.14649	0.49397
387 C	0.30906	0.19610	0.49485
388 C	0.25884	0.24629	0.49487
389 A	0.21783	0.28757	0.49459
390 A	0.20534	0.30019	0.49446
391 G	0.20158	0.30401	0.49442
392 C	0.20295	0.30271	0.49435
393 T	0.20656	0.29908	0.49436
394 T	0.20707	0.29805	0.49489
395 T	0.20460	0.30024	0.49516
396 A	0.19606	0.30868	0.49526
397 A	0.17661	0.32804	0.49535
398 C	0.16530	0.33864	0.49606
399 A	0.15807	0.34598	0.49595
400 A	0.15073	0.35353	0.49574
401 G	0.14463	0.35960	0.49576
402 A	0.14133	0.36269	0.49598
403 G	0.13962	0.36374	0.49664
404 G	0.13946	0.35920	0.50134
405 A	0.14007	0.35501	0.50492
406 A	0.14063	0.34408	0.51529
407 A	0.14075	0.30618	0.55307
408 T	0.14109	0.26059	0.59832
409 G	0.14099	0.22503	0.63398
410 G	0.14105	0.17619	0.68276
411 T	0.14128	0.13724	0.72148
412 T	0.14144	0.10426	0.7543
413 A	0.14147	0.09406	0.76448
414 C	0.14144	0.08487	0.77369
415 T	0.14131	0.08798	0.77071
416 T	0.14108	0.09240	0.76652
417 T	0.13990	0.10042	0.75969
418 G	0.13822	0.10585	0.75592
419 G	0.13756	0.10722	0.75523
420 T	0.13703	0.09824	0.76473
421 G	0.13614	0.11419	0.74968
422 A	0.13560	0.15438	0.71001
423 A	0.13541	0.19048	0.67411
424 T	0.13557	0.22402	0.64041
425 T	0.13539	0.24585	0.61877
426 A	0.13475	0.28082	0.58444
427 A	0.13464	0.28219	0.58316
428 T	0.13477	0.28254	0.58269
429 A	0.13446	0.28618	0.57936
430 A	0.13408	0.29154	0.57437
431 C	0.13397	0.29529	0.57074
432 T	0.13374	0.31259	0.55367
433 G	0.12587	0.35158	0.52256
434 A	0.12263	0.38469	0.49269
435 A	0.12004	0.40942	0.47054
436 A	0.12003	0.41984	0.46013
437 A	0.12141	0.42217	0.45643
438 T	0.13104	0.41477	0.45419
439 A	0.13960	0.40899	0.45141
440 T	0.15351	0.39500	0.4515
441 T	0.15969	0.38859	0.45172
442 A	0.16311	0.38492	0.45197
443 G	0.16883	0.37891	0.45227
444 A	0.18760	0.35986	0.45254
445 A	0.22931	0.31787	0.45282
446 C	0.27329	0.27328	0.45343
447 T	0.31142	0.23562	0.45296
448 A	0.32158	0.22571	0.45271
449 T	0.34109	0.20597	0.45294
450 C	0.32293	0.22428	0.45279
451 A	0.29257	0.25536	0.45207
452 A	0.27866	0.26956	0.45178
453 A	0.27695	0.27152	0.45153
454 A	0.28214	0.26735	0.45052
455 A	0.30124	0.24890	0.44986
456 T	0.33648	0.20559	0.45793
457 A	0.35568	0.18306	0.46125
458 T	0.37270	0.16285	0.46445
459 T	0.37370	0.16075	0.46555
460 C	0.36850	0.16556	0.46594
461 C	0.35885	0.17567	0.46548
462 T	0.35297	0.18355	0.46348
463 T	0.33328	0.20506	0.46166
464 T	0.29146	0.24810	0.46044
465 A	0.22422	0.31975	0.45603
466 A	0.18740	0.35743	0.45516
467 A	0.15900	0.38245	0.45856
468 A	0.14157	0.39673	0.4617
469 A	0.13002	0.40291	0.46707
470 T	0.12635	0.39960	0.47404
471 T	0.12099	0.39733	0.48168
472 A	0.11070	0.40376	0.48554
473 A	0.10167	0.39845	0.49988
474 A	0.09182	0.38208	0.5261
475 G	0.08294	0.37504	0.54203
476 A	0.07366	0.37663	0.54971
477 A	0.06998	0.37879	0.55123
478 G	0.06941	0.37879	0.5518
479 A	0.06832	0.38740	0.54428
480 A	0.06753	0.39168	0.54079
481 A	0.06704	0.39591	0.53705
482 T	0.06732	0.39574	0.53695
483 A	0.06674	0.40998	0.52328
484 G	0.06718	0.39856	0.53426
485 A	0.06986	0.38538	0.54475
486 T	0.07202	0.35577	0.57221
487 T	0.07268	0.32076	0.60657
488 T	0.07313	0.27749	0.64938
489 A	0.06920	0.26068	0.67012
490 G	0.06754	0.23915	0.69331
491 A	0.06619	0.22748	0.70632
492 G	0.06553	0.21680	0.71766
493 G	0.06566	0.21318	0.72116
494 T	0.06692	0.20972	0.72336
495 A	0.06751	0.21221	0.72028
496 A	0.06757	0.21774	0.71468
497 G	0.06813	0.21199	0.71988
498 A	0.06896	0.20965	0.72139
499 G	0.07064	0.20883	0.72052
500 G	0.07323	0.21000	0.71678
501 A	0.07751	0.21180	0.71069
502 G	0.08815	0.20813	0.70371
503 A	0.10045	0.20334	0.69622
504 A	0.11411	0.19148	0.69441
505 A	0.12973	0.17580	0.69447
506 T	0.15677	0.14741	0.69583
507 T	0.16709	0.13695	0.69596
508 T	0.17291	0.13209	0.695
509 T	0.17447	0.13315	0.69238
510 A	0.17444	0.13618	0.68938
511 T	0.17648	0.13621	0.68731
512 T	0.17339	0.14322	0.68339
513 T	0.16955	0.14640	0.68406
514 G	0.16027	0.15512	0.68461
515 A	0.14860	0.16704	0.68436
516 T	0.14150	0.17394	0.68456
517 C	0.13090	0.18445	0.68466
518 A	0.13406	0.18174	0.6842
519 T	0.14756	0.16805	0.6844
520 G	0.14903	0.16627	0.68469
521 A	0.15466	0.16055	0.68479
522 T	0.16747	0.14741	0.68512
523 T	0.17502	0.13790	0.68709
524 C	0.17869	0.13332	0.68799
525 A	0.18432	0.12827	0.68741
526 T	0.19184	0.12134	0.68683
527 T	0.19282	0.12119	0.68599
528 T	0.19155	0.12271	0.68574
529 G	0.18776	0.12725	0.68499
530 A	0.17578	0.14022	0.684
531 A	0.17156	0.14466	0.68378
532 C	0.17189	0.14097	0.68715
533 A	0.17062	0.14357	0.68581
534 A	0.17132	0.14428	0.6844
535 T	0.17595	0.14101	0.68304
536 T	0.17079	0.15581	0.6734
537 G	0.15283	0.19480	0.65237
538 A	0.13355	0.24432	0.62212
539 A	0.12529	0.26286	0.61186
540 T	0.11777	0.28076	0.60147
541 A	0.09221	0.35482	0.55297
542 A	0.07046	0.43947	0.49007
543 A	0.05562	0.47174	0.47263
544 G	0.04721	0.49140	0.46139
545 A	0.04196	0.50452	0.45353
546 A	0.03890	0.51099	0.4501
547 C	0.03766	0.51342	0.44892
548 A	0.03673	0.52106	0.44221
549 A	0.03652	0.52508	0.4384
550 A	0.03672	0.52627	0.437
551 A	0.03687	0.52583	0.43729
552 A	0.03742	0.52333	0.43925
553 G	0.03872	0.50937	0.4519
554 A	0.03998	0.50310	0.45693
555 A	0.04142	0.49847	0.46011
556 A	0.04522	0.49203	0.46274
557 A	0.05024	0.48405	0.46571
558 A	0.05892	0.47182	0.46926
559 A	0.07505	0.44833	0.47663
560 A	0.10611	0.39874	0.49516
561 T	0.15572	0.32665	0.51763
562 A	0.17598	0.29855	0.52546
563 A	0.19757	0.26913	0.5333
564 A	0.24588	0.19928	0.55483
565 A	0.30936	0.11624	0.5744
566 T	0.33554	0.07503	0.58943
567 T	0.35342	0.05086	0.59572
568 T	0.36248	0.04117	0.59635
569 T	0.36575	0.04274	0.59151
570 A	0.36725	0.05120	0.58154
571 T	0.37141	0.04696	0.58162
572 T	0.37377	0.04495	0.58128
573 T	0.37488	0.04492	0.5802
574 T	0.37548	0.04633	0.57819
575 C	0.37556	0.04784	0.5766
576 T	0.37506	0.04897	0.57598
577 A	0.37412	0.05010	0.57578
578 A	0.37407	0.05047	0.57546
579 T	0.37487	0.04972	0.57541
580 C	0.37436	0.05033	0.57531
581 C	0.37405	0.05068	0.57527
582 T	0.37415	0.05066	0.57519
583 C	0.37300	0.05188	0.57512
584 G	0.37195	0.05316	0.57489
585 C	0.36975	0.05570	0.57455
586 A	0.36955	0.05615	0.57431
587 A	0.37053	0.05547	0.574
588 T	0.37432	0.05193	0.57375
589 G	0.37523	0.05110	0.57367
590 C	0.37730	0.04917	0.57353
591 A	0.38038	0.04637	0.57325
592 G	0.38687	0.03975	0.57338
593 C	0.39652	0.02997	0.5735
594 T	0.39850	0.02837	0.57313
595 T	0.39888	0.02849	0.57262
596 C	0.39795	0.02952	0.57253
597 T	0.39695	0.03203	0.57102
598 G	0.39499	0.03434	0.57067
599 G	0.39341	0.03547	0.57111
600 A	0.39309	0.03504	0.57187
601 A	0.39333	0.03439	0.57229
602 C	0.39346	0.03190	0.57464
603 G	0.39352	0.03128	0.57519
604 T	0.39367	0.03130	0.57502
605 T	0.39349	0.03374	0.57277
606 A	0.39237	0.03495	0.57269
607 A	0.39180	0.03528	0.57291
608 G	0.39165	0.03214	0.57621
609 A	0.39165	0.03082	0.57754
610 C	0.39192	0.02933	0.57875
611 A	0.39217	0.02970	0.57813
612 A	0.39233	0.02992	0.57775
613 T	0.39264	0.03031	0.57705
614 T	0.39296	0.03142	0.57563
615 A	0.39285	0.03419	0.57295
616 A	0.39296	0.03438	0.57267
617 A	0.39343	0.03461	0.57196
618 T	0.39408	0.03303	0.57289
619 T	0.39417	0.03091	0.57491
620 C	0.39412	0.02903	0.57686
621 T	0.39365	0.02947	0.57689
622 T	0.39243	0.03182	0.57575
623 C	0.38834	0.03801	0.57365
624 A	0.38613	0.04370	0.57016
625 A	0.38598	0.04631	0.56771
626 T	0.38672	0.04683	0.56644
627 A	0.38723	0.04773	0.56504
628 G	0.38955	0.04536	0.5651
629 T	0.39054	0.04335	0.56611
630 T	0.39088	0.04232	0.5668
631 G	0.39094	0.04191	0.56715
632 C	0.39121	0.04150	0.5673
633 T	0.39134	0.04160	0.56706
634 C	0.39139	0.04177	0.56683
635 A	0.39168	0.04195	0.56637
636 A	0.39231	0.04157	0.56612
637 A	0.39359	0.04054	0.56587
638 G	0.39584	0.03825	0.5659
639 A	0.39707	0.03706	0.56587
640 A	0.39929	0.03441	0.5663
641 A	0.40135	0.03170	0.56695
642 T	0.40385	0.02803	0.56812
643 T	0.40553	0.02459	0.56989
644 T	0.40729	0.02165	0.57106
645 A	0.40861	0.01907	0.57232
646 T	0.41053	0.01349	0.57598
647 C	0.41257	0.00959	0.57783
648 T	0.41469	0.00717	0.57814
649 T	0.41595	0.00585	0.5782
650 C	0.41704	0.00470	0.57826
651 T	0.41731	0.00500	0.57769
652 T	0.41754	0.00598	0.57648
653 T	0.41762	0.00683	0.57555
654 T	0.41771	0.00819	0.5741
655 A	0.41778	0.01158	0.57064
656 T	0.41808	0.01244	0.56948
657 T	0.41828	0.01279	0.56892
658 T	0.41853	0.01245	0.56901
659 A	0.41833	0.01265	0.56901
660 T	0.41784	0.01314	0.56902
661 T	0.41713	0.01387	0.569
662 C	0.41668	0.01434	0.56898
663 T	0.41631	0.01480	0.56889
664 A	0.41596	0.01522	0.56881
665 T	0.41584	0.01535	0.56881
666 T	0.41552	0.01568	0.5688
667 A	0.41491	0.01631	0.56877
668 T	0.41466	0.01653	0.56881
669 C	0.41408	0.01709	0.56883
670 A	0.41379	0.01737	0.56884
671 A	0.41375	0.01740	0.56885
672 C	0.41389	0.01723	0.56889
673 C	0.41416	0.01693	0.56891
674 C	0.41502	0.01607	0.56891
675 T	0.41684	0.01424	0.56892
676 C	0.41798	0.01309	0.56893
677 C	0.41941	0.01167	0.56891
678 T	0.42227	0.00886	0.56887
679 T	0.42308	0.00816	0.56876
680 T	0.42290	0.00857	0.56852
681 T	0.42166	0.01042	0.56792
682 T	0.42083	0.01196	0.56722
683 T	0.41957	0.01346	0.56697
684 T	0.41718	0.01666	0.56616
685 A	0.41365	0.02232	0.56403
686 T	0.41136	0.02612	0.56252
687 T	0.39938	0.04207	0.55855
688 A	0.37022	0.07331	0.55647
689 A	0.35663	0.08761	0.55575
690 G	0.35020	0.09364	0.55617
691 A	0.34712	0.09657	0.55631
692 C	0.34550	0.09772	0.55677
693 G	0.34439	0.09879	0.55681
694 C	0.34384	0.09938	0.55678
695 A	0.34322	0.10023	0.55655
696 A	0.34265	0.10095	0.55641
697 A	0.34215	0.10156	0.55629
698 A	0.34157	0.10225	0.55619
699 A	0.34141	0.10252	0.55607
700 G	0.34131	0.10219	0.55651
701 A	0.34129	0.10188	0.55683
702 A	0.34148	0.10085	0.55767
703 G	0.34214	0.09782	0.56004
704 C	0.34358	0.09327	0.56316
705 T	0.34631	0.08942	0.56426
706 T	0.34808	0.08727	0.56466
707 T	0.34958	0.08618	0.56425
708 A	0.35041	0.08538	0.56421
709 G	0.35138	0.08320	0.56541
710 A	0.35430	0.06778	0.57791
711 T	0.35648	0.03742	0.6061
712 T	0.35738	0.02505	0.61757
713 T	0.35757	0.02068	0.62175
714 T	0.35762	0.02256	0.61981
715 T	0.35761	0.02652	0.61587
716 T	0.35755	0.02951	0.61294
717 A	0.35709	0.03054	0.61236
718 A	0.35680	0.03135	0.61186
719 A	0.35661	0.03170	0.61169
720 A	0.35655	0.03253	0.61092
721 C	0.35664	0.03256	0.6108
722 A	0.35679	0.03324	0.60997
723 A	0.35683	0.03375	0.60942
724 A	0.35696	0.03520	0.60784
725 T	0.35712	0.03662	0.60626
726 G	0.35720	0.03768	0.60512
727 G	0.35738	0.03874	0.60387
728 G	0.35787	0.03874	0.6034
729 G	0.35925	0.03826	0.60249
730 T	0.36198	0.03605	0.60197
731 T	0.36431	0.03388	0.60181
732 T	0.36579	0.03292	0.60128
733 T	0.36671	0.03282	0.60047
734 C	0.36716	0.03331	0.59953
735 T	0.36799	0.03651	0.5955
736 G	0.36869	0.03849	0.59282
737 T	0.37188	0.03686	0.59127
738 T	0.37532	0.03371	0.59097
739 A	0.37742	0.03162	0.59096
740 A	0.37823	0.03038	0.5914
741 T	0.37969	0.02853	0.59178
742 C	0.38029	0.02766	0.59204
743 C	0.38148	0.02639	0.59212
744 T	0.38268	0.02518	0.59215
745 C	0.38347	0.02437	0.59215
746 A	0.38417	0.02368	0.59215
747 T	0.38614	0.02171	0.59215
748 T	0.38779	0.02006	0.59215
749 A	0.38900	0.01883	0.59217
750 T	0.39079	0.01700	0.5922
751 G	0.39136	0.01620	0.59244
752 A	0.39216	0.01531	0.59253
753 T	0.39299	0.01434	0.59268
754 G	0.39353	0.01371	0.59276
755 T	0.39472	0.01241	0.59288
756 T	0.39611	0.01081	0.59308
757 G	0.39734	0.00941	0.59325
758 T	0.40116	0.00554	0.5933
759 T	0.40299	0.00388	0.59313
760 T	0.40327	0.00358	0.59316
761 T	0.40282	0.00406	0.59312
762 T	0.40092	0.00620	0.59289
763 T	0.39790	0.01013	0.59197
764 C	0.39258	0.01733	0.59009
765 T	0.38141	0.03558	0.58301
766 T	0.36728	0.05505	0.57766
767 T	0.34326	0.08325	0.57349
768 T	0.28317	0.14465	0.57217
769 G	0.17801	0.25136	0.57063
770 A	0.11669	0.31378	0.56954
771 A	0.09608	0.33485	0.56907
772 C	0.08627	0.34506	0.56866
773 A	0.08031	0.35189	0.5678
774 A	0.07788	0.35472	0.5674
775 T	0.07589	0.35728	0.56682
776 T	0.07312	0.36051	0.56637
777 A	0.06721	0.36699	0.56579
778 A	0.06286	0.37198	0.56516
779 A	0.05975	0.37570	0.56455
780 A	0.05754	0.37855	0.56391
781 G	0.05538	0.38146	0.56316
782 A	0.05325	0.38505	0.56171
783 A	0.05203	0.38655	0.56142
784 A	0.05190	0.38601	0.5621
785 A	0.05276	0.38193	0.56532
786 A	0.05445	0.37465	0.5709
787 A	0.05761	0.35858	0.5838
788 T	0.06538	0.32168	0.61294
789 T	0.06992	0.29174	0.63834
790 A	0.07187	0.26532	0.66282
791 A	0.07291	0.21647	0.71063
792 T	0.07417	0.13737	0.78846
793 T	0.07425	0.09927	0.82648
794 A	0.07231	0.11180	0.81589
795 T	0.07188	0.12580	0.80232
796 T	0.07060	0.15572	0.77367
797 A	0.06553	0.20627	0.7282
798 T	0.06323	0.22891	0.70785
799 A	0.05917	0.25335	0.68748
800 A	0.05677	0.27068	0.67256
801 A	0.05657	0.28604	0.65739
802 G	0.05695	0.29452	0.64854
803 A	0.05753	0.29788	0.64459
804 A	0.05805	0.29872	0.64323
805 T	0.05942	0.29965	0.64094
806 T	0.05924	0.30645	0.63431
807 G	0.05669	0.31596	0.62736
808 A	0.05443	0.32275	0.62282
809 A	0.04985	0.33114	0.61901
810 A	0.04789	0.33679	0.61531
811 A	0.04704	0.34361	0.60936
812 A	0.04914	0.34303	0.60783
813 T	0.05614	0.33722	0.60664
814 A	0.06072	0.33593	0.60335
815 A	0.06864	0.33011	0.60125
816 A	0.08554	0.31246	0.602
817 T	0.12281	0.27176	0.60543
818 T	0.14480	0.24777	0.60743
819 A	0.17195	0.21803	0.61002
820 C	0.21356	0.17077	0.61567
821 C	0.23895	0.14320	0.61785
822 T	0.26099	0.11918	0.61983
823 T	0.27548	0.10386	0.62066
824 A	0.28635	0.09280	0.62085
825 T	0.29644	0.08262	0.62095
826 C	0.29914	0.07937	0.62149
827 A	0.30034	0.07755	0.62211
828 T	0.30356	0.07411	0.62233
829 A	0.29753	0.08041	0.62207
830 T	0.29688	0.07966	0.62346
831 A	0.28180	0.09486	0.62334
832 G	0.26723	0.10514	0.62763
833 A	0.26476	0.10745	0.62779
834 T	0.26751	0.10746	0.62504
835 G	0.26203	0.11862	0.61936
836 G	0.26020	0.13156	0.60824
837 A	0.26177	0.13796	0.60027
838 A	0.26266	0.14122	0.59611
839 T	0.26203	0.14588	0.59209
840 T	0.25703	0.15618	0.58679
841 G	0.25242	0.16567	0.58191
842 T	0.25014	0.16845	0.58142
843 A	0.24651	0.17255	0.58094
844 A	0.24469	0.17409	0.58122
845 T	0.24353	0.17461	0.58186
846 C	0.24233	0.17461	0.58306
847 A	0.24169	0.17615	0.58215
848 A	0.24127	0.17639	0.58234
849 A	0.24101	0.17568	0.5833
850 G	0.24120	0.17431	0.58449
851 T	0.24148	0.17225	0.58626
852 A	0.24083	0.16031	0.59886
853 A	0.24113	0.15067	0.6082
854 A	0.24239	0.13071	0.6269
855 C	0.24430	0.11072	0.64498
856 G	0.24707	0.10457	0.64836
857 A	0.25325	0.09974	0.64701
858 A	0.26129	0.09340	0.64532
859 T	0.27469	0.08284	0.64247
860 T	0.28176	0.08064	0.6376
861 A	0.28549	0.08406	0.63044
862 A	0.28894	0.08739	0.62367
863 T	0.29399	0.08355	0.62247
864 T	0.29662	0.07853	0.62484
865 T	0.29634	0.07818	0.62547
866 T	0.29586	0.07925	0.62489
867 A	0.29415	0.08277	0.62308
868 C	0.29356	0.08534	0.62111
869 A	0.29330	0.09025	0.61645
870 T	0.29428	0.09162	0.6141
871 A	0.29365	0.09297	0.61338
872 A	0.29341	0.09490	0.6117
873 A	0.29170	0.09706	0.61123
874 T	0.29106	0.09709	0.61185
875 C	0.28986	0.09681	0.61333
876 A	0.28979	0.09668	0.61353
877 A	0.29035	0.09582	0.61383
878 T	0.29159	0.09424	0.61417
879 C	0.29291	0.09283	0.61425
880 G	0.29666	0.08943	0.61392
881 G	0.30341	0.08308	0.61352
882 A	0.31003	0.07688	0.61308
883 T	0.31792	0.06897	0.61311
884 A	0.32590	0.06112	0.61297
885 T	0.33544	0.05116	0.61341
886 A	0.34158	0.04436	0.61407
887 C	0.34475	0.03901	0.61624
888 T	0.34774	0.03489	0.61738
889 T	0.35142	0.03050	0.61808
890 C	0.35337	0.02810	0.61853
891 T	0.35569	0.02723	0.61708
892 A	0.35760	0.02816	0.61425
893 A	0.35942	0.02705	0.61352
894 A	0.36019	0.02537	0.61444
895 T	0.36227	0.02245	0.61528
896 G	0.36252	0.01938	0.6181
897 T	0.36076	0.01959	0.61966
898 C	0.35828	0.02066	0.62107
899 C	0.35536	0.02433	0.62032
900 T	0.35367	0.02812	0.6182
901 A	0.34817	0.03595	0.61588
902 A	0.34264	0.04288	0.61448
903 G	0.34094	0.04551	0.61355
904 T	0.33968	0.04691	0.6134
905 G	0.33758	0.04852	0.6139
906 G	0.33624	0.04979	0.61397
907 G	0.33586	0.04979	0.61434
908 C	0.33591	0.04957	0.61452
909 T	0.33596	0.04950	0.61454
910 A	0.33595	0.04939	0.61466
911 C	0.33622	0.04898	0.6148
912 T	0.33663	0.04849	0.61487
913 G	0.33687	0.04818	0.61495
914 C	0.33825	0.04641	0.61534
915 T	0.34094	0.04373	0.61533
916 T	0.34153	0.04373	0.61474
917 A	0.34103	0.04499	0.61397
918 T	0.34069	0.04597	0.61334
919 A	0.33993	0.04886	0.61121
920 A	0.33950	0.04781	0.61269
921 A	0.33942	0.04676	0.61382
922 T	0.34054	0.04416	0.6153
923 T	0.34195	0.04261	0.61544
924 A	0.34065	0.04238	0.61696
925 A	0.34017	0.03742	0.62241
926 A	0.34028	0.03611	0.62361
927 T	0.33921	0.03585	0.62493
928 T	0.33745	0.03610	0.62645
929 C	0.33388	0.03857	0.62755
930 T	0.33207	0.04141	0.62652
931 T	0.32858	0.04747	0.62394
932 T	0.31898	0.06110	0.61992
933 A	0.29674	0.09392	0.60934
934 A	0.27494	0.13132	0.59374
935 A	0.23333	0.17447	0.59221
936 A	0.20500	0.20407	0.59093
937 A	0.19303	0.21630	0.59068
938 G	0.18480	0.22438	0.59082
939 C	0.18262	0.22638	0.591
940 G	0.18034	0.22872	0.59094
941 A	0.17962	0.22974	0.59064
942 A	0.18131	0.22775	0.59094
943 A	0.18308	0.22566	0.59126
944 C	0.18516	0.22306	0.59179
945 T	0.18731	0.22030	0.59239
946 A	0.18847	0.21845	0.59308
947 T	0.19099	0.21324	0.59576
948 A	0.19106	0.21204	0.59689
949 A	0.19133	0.21115	0.59752
950 T	0.19185	0.20698	0.60117
951 T	0.19166	0.20202	0.60632
952 C	0.18998	0.19582	0.61419
953 A	0.18913	0.19500	0.61588
954 A	0.18973	0.19333	0.61694
955 A	0.19251	0.18644	0.62105
956 A	0.20202	0.16208	0.6359
957 T	0.21734	0.12905	0.65361
958 A	0.21886	0.08415	0.69698
959 T	0.22034	0.05948	0.72018
960 T	0.22048	0.06343	0.71608
961 G	0.22024	0.09555	0.6842
962 A	0.22038	0.12861	0.651
963 A	0.22072	0.12881	0.65046
964 T	0.22129	0.12823	0.65048
965 T	0.22147	0.12818	0.65035
966 T	0.22145	0.12857	0.64998
967 C	0.22127	0.13025	0.64847
968 A	0.22097	0.13547	0.64357
969 A	0.22021	0.13887	0.64092
970 A	0.22021	0.14105	0.63873
971 T	0.22022	0.14325	0.63653
972 A	0.22014	0.15064	0.62922
973 G	0.22018	0.15550	0.62433
974 G	0.22022	0.16054	0.61924
975 A	0.22034	0.16940	0.61027
976 A	0.22109	0.16771	0.6112
977 G	0.22249	0.16655	0.61096
978 A	0.22449	0.16754	0.60797
979 A	0.22755	0.16603	0.60641
980 C	0.23214	0.16157	0.60629
981 A	0.23845	0.15645	0.6051
982 G	0.24997	0.14485	0.60518
983 G	0.26645	0.12827	0.60529
984 T	0.30531	0.08937	0.60532
985 T	0.33040	0.06444	0.60517
986 C	0.33338	0.06141	0.6052
987 T	0.33581	0.05945	0.60473
988 T	0.33662	0.05864	0.60474
989 T	0.33585	0.05943	0.60472
990 A	0.33445	0.06074	0.60482
991 A	0.33608	0.05887	0.60505
992 C	0.33772	0.05630	0.60597
993 A	0.33960	0.05430	0.6061
994 C	0.34275	0.05102	0.60623
995 C	0.34965	0.04408	0.60627
996 A	0.35255	0.04120	0.60624
997 G	0.35775	0.03599	0.60625
998 T	0.36817	0.02552	0.60631
999 A	0.36904	0.02463	0.60633
1000 G	0.37118	0.02234	0.60647
1001 C	0.37582	0.01737	0.60681
1002 T	0.37856	0.01455	0.60689
1003 T	0.37915	0.01395	0.60691
1004 C	0.37953	0.01357	0.60691
1005 T	0.37964	0.01358	0.60678
1006 A	0.37946	0.01410	0.60644
1007 T	0.37964	0.01399	0.60637
1008 T	0.37957	0.01401	0.60642
1009 T	0.37924	0.01426	0.60651
1010 T	0.37907	0.01390	0.60702
1011 A	0.37847	0.01385	0.60768
1012 C	0.37830	0.01241	0.60929
1013 C	0.37822	0.01108	0.61069
1014 T	0.37816	0.01096	0.61089
1015 G	0.37784	0.01123	0.61093
1016 T	0.37757	0.01149	0.61094
1017 T	0.37723	0.01186	0.6109
1018 A	0.37701	0.01187	0.61112
1019 T	0.37694	0.00918	0.61387
1020 G	0.37677	0.00837	0.61486
1021 G	0.37665	0.00831	0.61503
1022 T	0.37660	0.00846	0.61494
1023 A	0.37569	0.00995	0.61436
1024 G	0.37516	0.01076	0.61409
1025 A	0.37484	0.01180	0.61336
1026 T	0.37443	0.01291	0.61266
1027 G	0.37407	0.01406	0.61186
1028 G	0.37399	0.01436	0.61165
1029 T	0.37422	0.01504	0.61074
1030 A	0.37424	0.01564	0.61012
1031 G	0.37422	0.01559	0.61019
1032 C	0.37423	0.01547	0.6103
1033 T	0.37425	0.01698	0.60878
1034 T	0.37412	0.01797	0.60791
1035 G	0.37371	0.01992	0.60637
1036 T	0.37341	0.02102	0.60556
1037 T	0.37192	0.02348	0.60461
1038 A	0.36808	0.02788	0.60404
1039 T	0.36414	0.03221	0.60365
1040 C	0.35795	0.03871	0.60334
1041 T	0.35283	0.04611	0.60106
1042 A	0.34027	0.06272	0.59701
1043 A	0.33219	0.07418	0.59364
1044 A	0.32974	0.07784	0.59242
1045 A	0.32873	0.07904	0.59223
1046 T	0.32805	0.07878	0.59316
1047 A	0.32562	0.08067	0.59371
1048 A	0.32533	0.08053	0.59414
1049 C	0.32601	0.07932	0.59467
1050 G	0.32713	0.07794	0.59493
1051 C	0.32799	0.07693	0.59507
1052 T	0.32994	0.07498	0.59509
1053 T	0.33109	0.07384	0.59507
1054 C	0.33109	0.07393	0.59499
1055 A	0.33056	0.07504	0.5944
1056 T	0.33108	0.07490	0.59402
1057 A	0.32944	0.07714	0.59342
1058 A	0.32896	0.07794	0.59309
1059 T	0.32907	0.07805	0.59288
1060 T	0.32649	0.07947	0.59405
1061 A	0.32087	0.08134	0.59779
1062 T	0.31685	0.08102	0.60213
1063 G	0.30940	0.08460	0.606
1064 A	0.30807	0.08353	0.6084
1065 T	0.31022	0.07378	0.61601
1066 T	0.31153	0.07041	0.61806
1067 A	0.31037	0.07349	0.61613
1068 T	0.30940	0.07428	0.61632
1069 A	0.30729	0.07664	0.61607
1070 T	0.30360	0.07828	0.61812
1071 T	0.29352	0.08835	0.61813
1072 C	0.26377	0.12056	0.61566
1073 A	0.24367	0.14669	0.60964
1074 A	0.22694	0.17529	0.59776
1075 A	0.21056	0.20415	0.58529
1076 A	0.20150	0.21689	0.58161
1077 A	0.19675	0.22296	0.58028
1078 A	0.19461	0.22485	0.58054
1079 A	0.19430	0.22454	0.58116
1080 A	0.19476	0.22152	0.58372
1081 G	0.19572	0.21778	0.58649
1082 A	0.19716	0.21482	0.58802
1083 T	0.20097	0.20596	0.59308
1084 A	0.20305	0.19802	0.59893
1085 T	0.20599	0.18888	0.60513
1086 T	0.20825	0.17950	0.61225
1087 C	0.20965	0.17460	0.61575
1088 G	0.21107	0.17240	0.61653
1089 T	0.21494	0.16805	0.61701
1090 A	0.21725	0.16555	0.6172
1091 T	0.21872	0.16293	0.61835
1092 T	0.22030	0.16020	0.61951
1093 A	0.22050	0.15518	0.62433
1094 A	0.22068	0.14311	0.63621
1095 T	0.22425	0.10834	0.66741
1096 G	0.22946	0.08471	0.68584
1097 A	0.24064	0.06178	0.69759
1098 T	0.25363	0.03753	0.70885
1099 T	0.25681	0.03392	0.70927
1100 T	0.25755	0.03681	0.70564
1101 T	0.25702	0.03998	0.703
1102 G	0.25660	0.04567	0.69773
1103 T	0.25636	0.05044	0.6932
1104 A	0.25510	0.05975	0.68515
1105 T	0.25485	0.06299	0.68216
1106 T	0.25389	0.06603	0.68008
1107 A	0.24468	0.07616	0.67915
1108 G	0.23778	0.08370	0.67852
1109 T	0.23424	0.08796	0.67779
1110 A	0.23027	0.09268	0.67705
1111 C	0.22947	0.09392	0.67661
1112 A	0.22947	0.09484	0.67569
1113 T	0.23015	0.09477	0.67508
1114 A	0.22951	0.09577	0.67472
1115 A	0.22706	0.09833	0.67461
1116 A	0.21844	0.10685	0.6747
1117 T	0.21454	0.10969	0.67577
1118 C	0.20778	0.11595	0.67628
1119 A	0.20379	0.11988	0.67633
1120 G	0.20444	0.11898	0.67658
1121 G	0.20787	0.11532	0.6768
1122 T	0.21785	0.10508	0.67707
1123 T	0.22678	0.09600	0.67722
1124 C	0.22993	0.09180	0.67828
1125 T	0.23283	0.08962	0.67755
1126 A	0.23213	0.09085	0.67702
1127 T	0.23554	0.08663	0.67782
1128 T	0.23572	0.08592	0.67835
1129 A	0.23523	0.08563	0.67914
1130 T	0.23577	0.07522	0.68902
1131 T	0.23553	0.06859	0.69588
1132 C	0.23354	0.06679	0.69967
1133 C	0.23131	0.06665	0.70204
1134 T	0.22939	0.06891	0.7017
1135 G	0.22580	0.07379	0.70041
1136 A	0.22506	0.07544	0.6995
1137 A	0.22475	0.07617	0.69908
1138 A	0.22456	0.07383	0.7016
1139 T	0.22467	0.06219	0.71314
1140 T	0.22397	0.05787	0.71815
1141 T	0.22260	0.05503	0.72236
1142 T	0.21872	0.05903	0.72225
1143 A	0.20788	0.07761	0.71451
1144 G	0.20548	0.09246	0.70206
1145 A	0.20471	0.10123	0.69406
1146 A	0.20433	0.10606	0.6896
1147 G	0.20434	0.10877	0.68689
1148 T	0.20552	0.10974	0.68474
1149 T	0.20584	0.11586	0.67831
1150 T	0.20493	0.14042	0.65464
1151 T	0.20217	0.18187	0.61596
1152 A	0.19805	0.24857	0.55338
1153 A	0.19584	0.29064	0.51353
1154 A	0.19230	0.31146	0.49624
1155 A	0.19090	0.32489	0.48421
1156 A	0.19055	0.33092	0.47853
1157 A	0.19089	0.33188	0.47723
1158 T	0.19211	0.32964	0.47826
1159 A	0.19228	0.33114	0.47658
1160 A	0.19230	0.33191	0.47579
1161 A	0.19181	0.33316	0.47503
1162 A	0.19207	0.33231	0.47561
1163 G	0.19341	0.32930	0.47728
1164 A	0.19689	0.32520	0.47791
1165 A	0.20194	0.31707	0.48099
1166 C	0.21273	0.29789	0.48938
1167 T	0.22652	0.28378	0.48969
1168 A	0.23262	0.27832	0.48906
1169 A	0.23814	0.27324	0.48862
1170 T	0.24595	0.26544	0.4886
1171 C	0.25146	0.25994	0.4886
1172 A	0.26190	0.24941	0.48869
1173 A	0.29127	0.21861	0.49012
1174 G	0.33529	0.17153	0.49317
1175 T	0.40055	0.10288	0.49657
1176 T	0.43672	0.06501	0.49827
1177 C	0.45034	0.04742	0.50225
1178 C	0.46154	0.03523	0.50324
1179 T	0.46823	0.02905	0.50272
1180 T	0.47030	0.02887	0.50084
1181 T	0.47118	0.02883	0.49999
1182 T	0.47183	0.02877	0.4994
1183 A	0.47164	0.02944	0.49892
1184 A	0.47108	0.02889	0.50004
1185 A	0.46556	0.03324	0.5012
1186 A	0.46288	0.03535	0.50178
1187 T	0.46299	0.03437	0.50265
1188 G	0.46079	0.03621	0.503
1189 A	0.46108	0.03567	0.50325
1190 T	0.46257	0.03369	0.50375
1191 T	0.46318	0.03232	0.5045
1192 T	0.46260	0.03259	0.50481
1193 C	0.46046	0.03459	0.50495
1194 T	0.45944	0.03563	0.50493
1195 C	0.45784	0.03725	0.50491
1196 A	0.45723	0.03805	0.50472
1197 T	0.45712	0.03816	0.50472
1198 T	0.45702	0.03824	0.50473
1199 G	0.45678	0.03836	0.50486
1200 T	0.45713	0.03787	0.505
1201 C	0.45754	0.03667	0.5058
1202 C	0.45857	0.03525	0.50617
1203 T	0.46067	0.03293	0.5064
1204 T	0.46159	0.03163	0.50678
1205 T	0.46202	0.03087	0.50711
1206 T	0.46174	0.03076	0.50749
1207 T	0.45942	0.03187	0.50871
1208 G	0.45472	0.03046	0.51483
1209 T	0.45190	0.03029	0.51782
1210 A	0.43893	0.04211	0.51897
1211 A	0.43081	0.04691	0.52228
1212 T	0.42548	0.05051	0.52402
1213 G	0.41962	0.05577	0.52462
1214 G	0.41583	0.05967	0.5245
1215 T	0.41448	0.06127	0.52425
1216 G	0.41225	0.06411	0.52364
1217 T	0.41011	0.07015	0.51973
1218 T	0.40628	0.08189	0.51182
1219 T	0.39787	0.09119	0.51093
1220 T	0.38694	0.10420	0.50886
1221 G	0.36571	0.12922	0.50507
1222 A	0.34449	0.16007	0.49544
1223 C	0.33725	0.17393	0.48882
1224 T	0.32934	0.19645	0.47421
1225 A	0.29618	0.25871	0.44511
1226 A	0.27802	0.29115	0.43082
1227 A	0.25996	0.31583	0.42422
1228 A	0.22970	0.34941	0.42089
1229 A	0.21532	0.36424	0.42044
1230 A	0.20520	0.37181	0.42299
1231 G	0.19854	0.37341	0.42805
1232 A	0.19152	0.37736	0.43113
1233 A	0.18731	0.36971	0.44298
1234 G	0.18486	0.36351	0.45163
1235 G	0.18267	0.36079	0.45653
1236 A	0.18082	0.35926	0.45992
1237 G	0.17978	0.35779	0.46242
1238 A	0.18029	0.35627	0.46344
1239 A	0.18212	0.35178	0.4661
1240 G	0.18574	0.34338	0.47088
1241 T	0.19391	0.32727	0.47881
1242 G	0.19455	0.31638	0.48907
1243 G	0.19632	0.30256	0.50112
1244 A	0.20143	0.27965	0.51892
1245 C	0.21422	0.24217	0.54362
1246 T	0.22427	0.22547	0.55026
1247 A	0.23785	0.20543	0.55671
1248 T	0.26550	0.15277	0.58172
1249 T	0.27708	0.12639	0.59654
1250 T	0.28182	0.10821	0.60997
1251 T	0.28345	0.07534	0.64121
1252 T	0.28388	0.06129	0.65483
1253 G	0.28294	0.05271	0.66436
1254 T	0.28244	0.04868	0.66888
1255 T	0.28103	0.04688	0.6721
1256 T	0.27787	0.05254	0.66959
1257 A	0.26905	0.07188	0.65908
1258 A	0.26116	0.08768	0.65115
1259 A	0.25577	0.10026	0.64397
1260 T	0.25040	0.11062	0.63897
1261 G	0.24343	0.12217	0.6344
1262 A	0.24067	0.12632	0.633
1263 T	0.23872	0.12934	0.63194
1264 G	0.22731	0.14425	0.62845
1265 A	0.22046	0.15833	0.62121
1266 C	0.21546	0.17024	0.6143
1267 T	0.20758	0.21464	0.57777
1268 G	0.18157	0.29724	0.52118
1269 T	0.16217	0.40213	0.4357
1270 G	0.13032	0.51112	0.35856
1271 A	0.11387	0.58272	0.30342
1272 A	0.09224	0.65698	0.25078
1273 G	0.07921	0.69330	0.22749
1274 A	0.07270	0.71951	0.20778
1275 A	0.07049	0.73551	0.194
1276 A	0.06960	0.75061	0.17979
1277 A	0.07067	0.75686	0.17247
1278 A	0.07394	0.75631	0.16976
1279 A	0.07869	0.75131	0.16999
1280 A	0.08638	0.73842	0.1752
1281 A	0.09310	0.72596	0.18094
1282 A	0.10001	0.71428	0.18571
1283 T	0.10672	0.70187	0.19141
1284 A	0.10792	0.69562	0.19645
1285 A	0.10862	0.69188	0.1995
1286 A	0.11030	0.68668	0.20302
1287 A	0.11537	0.67058	0.21404
1288 A	0.12585	0.65183	0.22232
1289 A	0.14400	0.62656	0.22944
1290 A	0.19326	0.56598	0.24075
1291 A	0.26880	0.46312	0.26808
1292 T	0.37463	0.33277	0.2926
1293 T	0.44476	0.23209	0.32315
1294 A	0.47863	0.18365	0.33772
1295 T	0.52297	0.11915	0.35788
1296 T	0.53960	0.09161	0.36879
1297 C	0.55012	0.07540	0.37447
1298 A	0.55976	0.06708	0.37316
1299 T	0.57453	0.05383	0.37163
1300 T	0.57877	0.05847	0.36277
1301 T	0.57785	0.06616	0.35599
1302 T	0.56986	0.08701	0.34313
1303 G	0.55463	0.10200	0.34337
1304 T	0.54946	0.10679	0.34375
1305 T	0.53935	0.11786	0.34278
1306 T	0.51834	0.14113	0.34054
1307 C	0.48883	0.17035	0.34082
1308 T	0.47065	0.19233	0.33702
1309 A	0.43748	0.23054	0.33198
1310 G	0.41243	0.25687	0.3307
1311 A	0.39345	0.27736	0.32919
1312 G	0.38599	0.28471	0.32931
1313 A	0.38247	0.28734	0.33018
1314 A	0.38184	0.28697	0.33119
1315 G	0.38240	0.28522	0.33239
1316 C	0.38278	0.28369	0.33352
1317 G	0.38330	0.28313	0.33357
1318 A	0.38420	0.28404	0.33176
1319 T	0.38583	0.28485	0.32932
1320 G	0.38588	0.29463	0.31949
1321 G	0.38758	0.31094	0.30148
1322 A	0.39149	0.33068	0.27783
1323 T	0.40215	0.33087	0.26698
1324 A	0.40770	0.34040	0.2519
1325 T	0.41934	0.32490	0.25575
1326 T	0.41932	0.31804	0.26263
1327 A	0.41801	0.32463	0.25736
1328 A	0.41807	0.32516	0.25677
1329 T	0.41976	0.29885	0.28138
