# lcl|CP097583.1_cds_USQ93449.1_1
# AA	inside	membr	outside
1 A	0.73161	0.00000	0.26839
2 T	0.73160	0.00002	0.26839
3 G	0.73159	0.00002	0.26839
4 G	0.73159	0.00088	0.26753
5 A	0.73153	0.00241	0.26607
6 T	0.73153	0.00264	0.26583
7 T	0.73077	0.00357	0.26566
8 T	0.73077	0.00357	0.26566
9 T	0.73045	0.00411	0.26544
10 A	0.73044	0.02905	0.2405
11 G	0.73023	0.03000	0.23977
12 T	0.72885	0.03170	0.23945
13 T	0.72446	0.03961	0.23593
14 G	0.72446	0.03962	0.23593
15 G	0.72446	0.07291	0.20263
16 T	0.72426	0.07311	0.20263
17 T	0.72352	0.07441	0.20207
18 G	0.72344	0.07657	0.19999
19 T	0.72212	0.07926	0.19862
20 T	0.71426	0.10857	0.17717
21 C	0.69809	0.12484	0.17707
22 A	0.69733	0.13036	0.17231
23 G	0.69703	0.13261	0.17037
24 T	0.69699	0.13531	0.16771
25 T	0.69655	0.13804	0.1654
26 T	0.69540	0.14065	0.16396
27 G	0.69394	0.14361	0.16244
28 A	0.69440	0.14487	0.16073
29 A	0.69441	0.14540	0.16019
30 T	0.69566	0.14374	0.1606
31 A	0.69577	0.14390	0.16032
32 A	0.69685	0.14265	0.1605
33 T	0.71995	0.11917	0.16089
34 T	0.72096	0.11790	0.16114
35 A	0.72204	0.11582	0.16215
36 T	0.72551	0.10907	0.16541
37 A	0.72592	0.10862	0.16546
38 A	0.74874	0.08560	0.16566
39 A	0.75014	0.08314	0.16672
40 A	0.75653	0.07443	0.16904
41 T	0.76251	0.06537	0.17212
42 T	0.76789	0.05777	0.17434
43 T	0.78372	0.03546	0.18082
44 T	0.78471	0.02359	0.1917
45 T	0.78696	0.02055	0.19249
46 A	0.78786	0.01909	0.19305
47 T	0.79049	0.01567	0.19384
48 T	0.79279	0.01253	0.19467
49 T	0.79396	0.01021	0.19584
50 C	0.79499	0.00777	0.19725
51 T	0.79625	0.00643	0.19732
52 T	0.79648	0.00695	0.19658
53 A	0.79637	0.01057	0.19306
54 T	0.79630	0.01131	0.19238
55 T	0.79611	0.01234	0.19155
56 T	0.79552	0.01316	0.19131
57 T	0.79354	0.01566	0.1908
58 G	0.78964	0.02019	0.19017
59 T	0.78758	0.02279	0.18963
60 G	0.78511	0.02588	0.18901
61 G	0.78404	0.02776	0.1882
62 G	0.78355	0.02899	0.18746
63 T	0.78338	0.03007	0.18655
64 T	0.78307	0.03093	0.18601
65 T	0.78266	0.03138	0.18596
66 G	0.78225	0.03184	0.18591
67 A	0.78216	0.03190	0.18594
68 T	0.78219	0.03180	0.18601
69 C	0.78207	0.03184	0.18609
70 T	0.78201	0.03189	0.1861
71 C	0.78174	0.03218	0.18609
72 A	0.78071	0.03337	0.18592
73 G	0.78029	0.03384	0.18587
74 G	0.78022	0.03406	0.18573
75 A	0.78116	0.03314	0.1857
76 T	0.78515	0.02900	0.18585
77 T	0.78616	0.02716	0.18669
78 T	0.78691	0.02543	0.18767
79 A	0.78701	0.02438	0.18861
80 T	0.78778	0.02173	0.19049
81 A	0.78843	0.01815	0.19342
82 T	0.78964	0.01483	0.19553
83 T	0.79064	0.01167	0.19769
84 T	0.79137	0.00998	0.19864
85 T	0.79139	0.00944	0.19917
86 T	0.79143	0.00908	0.1995
87 T	0.79092	0.00930	0.19978
88 T	0.79031	0.00959	0.2001
89 C	0.78951	0.01008	0.20041
90 T	0.78661	0.01297	0.20041
91 T	0.78460	0.01500	0.2004
92 T	0.77739	0.02232	0.20029
93 A	0.76578	0.03430	0.19992
94 G	0.76033	0.04004	0.19964
95 T	0.75632	0.04391	0.19977
96 A	0.75146	0.05023	0.19831
97 T	0.74889	0.05446	0.19665
98 A	0.74441	0.06064	0.19495
99 T	0.74291	0.06253	0.19456
100 T	0.74085	0.06501	0.19414
101 T	0.73895	0.06723	0.19381
102 A	0.73740	0.06909	0.19352
103 T	0.73675	0.06949	0.19376
104 T	0.73576	0.07022	0.19403
105 T	0.73281	0.07297	0.19421
106 T	0.72747	0.07831	0.19421
107 C	0.71897	0.08698	0.19406
108 T	0.71343	0.09470	0.19187
109 A	0.69920	0.11505	0.18574
110 T	0.69526	0.12299	0.18175
111 T	0.68811	0.13665	0.17525
112 T	0.67749	0.15102	0.17148
113 T	0.66482	0.16280	0.17238
114 A	0.64581	0.18335	0.17084
115 A	0.62185	0.20241	0.17574
116 G	0.61487	0.19996	0.18517
117 A	0.61059	0.20082	0.18859
118 A	0.60843	0.19993	0.19164
119 A	0.60878	0.19696	0.19427
120 T	0.60985	0.19372	0.19643
121 T	0.61041	0.19062	0.19897
122 T	0.60837	0.19628	0.19535
123 T	0.60470	0.20803	0.18727
124 A	0.59782	0.23291	0.16926
125 A	0.59063	0.26079	0.14858
126 T	0.56707	0.29749	0.13544
127 A	0.45317	0.43035	0.11648
128 A	0.38828	0.49412	0.1176
129 A	0.34927	0.52888	0.12185
130 A	0.33828	0.53263	0.12908
131 A	0.33558	0.52845	0.13597
132 C	0.34036	0.50161	0.15803
133 A	0.34404	0.49890	0.15705
134 T	0.35267	0.48256	0.16477
135 T	0.35292	0.48380	0.16329
136 T	0.34307	0.50741	0.14951
137 A	0.33045	0.52661	0.14293
138 T	0.31636	0.53627	0.14736
139 A	0.27865	0.57651	0.14484
140 A	0.23537	0.62161	0.14302
141 A	0.20499	0.65398	0.14104
142 A	0.18593	0.67302	0.14106
143 C	0.16196	0.69559	0.14245
144 A	0.14152	0.71809	0.14039
145 G	0.14121	0.71758	0.14122
146 A	0.14785	0.71434	0.13782
147 A	0.16333	0.70647	0.1302
148 A	0.18039	0.68467	0.13495
149 A	0.19252	0.64016	0.16732
150 T	0.20663	0.50998	0.28339
151 A	0.19346	0.46138	0.34515
152 C	0.18011	0.44676	0.37313
153 A	0.16414	0.48891	0.34696
154 A	0.14738	0.56037	0.29225
155 A	0.14438	0.57809	0.27753
156 T	0.14972	0.58022	0.27006
157 G	0.14429	0.59082	0.26489
158 A	0.14230	0.60088	0.25681
159 T	0.15240	0.60939	0.2382
160 A	0.14432	0.64745	0.20823
161 A	0.15032	0.64221	0.20747
162 A	0.15422	0.61821	0.22758
163 T	0.15990	0.57198	0.26813
164 T	0.15807	0.55324	0.2887
165 A	0.14537	0.55364	0.30099
166 T	0.14352	0.53440	0.32208
167 C	0.13330	0.53008	0.33663
168 A	0.11929	0.55032	0.33039
169 A	0.11490	0.55585	0.32925
170 A	0.11866	0.55019	0.33115
171 T	0.11558	0.55087	0.33354
172 G	0.10899	0.55914	0.33187
173 A	0.10732	0.55956	0.33312
174 A	0.11106	0.54403	0.3449
175 G	0.11793	0.52234	0.35973
176 A	0.14594	0.48895	0.36511
177 T	0.20620	0.42321	0.3706
178 A	0.21894	0.42534	0.35572
179 T	0.23270	0.41861	0.34868
180 A	0.23659	0.43246	0.33095
181 A	0.24254	0.44107	0.3164
182 A	0.26289	0.43402	0.30309
183 T	0.29823	0.40364	0.29813
184 A	0.30420	0.43353	0.26227
185 A	0.29768	0.48262	0.2197
186 A	0.27706	0.54443	0.1785
187 T	0.27365	0.55298	0.17337
188 T	0.24001	0.58672	0.17327
189 A	0.17560	0.66205	0.16235
190 A	0.16048	0.67540	0.16412
191 T	0.15418	0.67371	0.17211
192 T	0.14522	0.67877	0.17601
193 A	0.11984	0.70419	0.17597
194 A	0.10180	0.72484	0.17335
195 A	0.09879	0.72803	0.17318
196 G	0.09883	0.73350	0.16767
197 A	0.09575	0.75613	0.14812
198 G	0.09868	0.75358	0.14775
199 A	0.10709	0.74910	0.14381
200 A	0.11688	0.74002	0.1431
201 A	0.13305	0.72041	0.14654
202 C	0.14681	0.70249	0.1507
203 A	0.17048	0.67701	0.15251
204 A	0.19710	0.64414	0.15875
205 G	0.22260	0.61075	0.16665
206 A	0.24896	0.57988	0.17116
207 A	0.29440	0.53169	0.1739
208 A	0.35454	0.44618	0.19927
209 T	0.41421	0.33680	0.249
210 T	0.43043	0.29205	0.27753
211 T	0.43728	0.23718	0.32554
212 T	0.43525	0.19569	0.36906
213 T	0.43082	0.18353	0.38565
214 C	0.41985	0.18093	0.39922
215 G	0.40460	0.20113	0.39427
216 A	0.39844	0.21531	0.38625
217 C	0.39836	0.22869	0.37295
218 A	0.39110	0.29412	0.31478
219 A	0.36633	0.36669	0.26698
220 G	0.35293	0.44025	0.20682
221 A	0.33414	0.46985	0.19601
222 T	0.33427	0.47319	0.19254
223 A	0.31918	0.49814	0.18268
224 T	0.31043	0.50758	0.18199
225 C	0.28614	0.54072	0.17314
226 A	0.25219	0.60959	0.13823
227 A	0.23632	0.63862	0.12506
228 A	0.22384	0.65791	0.11824
229 A	0.22068	0.66615	0.11317
230 A	0.22027	0.66833	0.1114
231 G	0.22123	0.66655	0.11222
232 A	0.22256	0.66401	0.11343
233 A	0.22337	0.66021	0.11642
234 A	0.22515	0.65069	0.12415
235 C	0.23042	0.63133	0.13825
236 C	0.23365	0.62186	0.14449
237 A	0.23815	0.61345	0.14841
238 G	0.25378	0.58983	0.15639
239 A	0.27780	0.56044	0.16176
240 T	0.31147	0.52307	0.16546
241 G	0.36129	0.46206	0.17665
242 A	0.40712	0.37913	0.21375
243 T	0.47058	0.27549	0.25394
244 T	0.48420	0.23252	0.28328
245 A	0.49024	0.21803	0.29173
246 T	0.51205	0.17621	0.31174
247 A	0.51921	0.15649	0.3243
248 T	0.53393	0.11478	0.3513
249 T	0.56061	0.05590	0.38349
250 T	0.57147	0.03134	0.3972
251 C	0.57550	0.02164	0.40287
252 T	0.57951	0.03957	0.38092
253 T	0.57974	0.07287	0.34738
254 T	0.57824	0.09122	0.33054
255 T	0.57656	0.11033	0.31311
256 T	0.57548	0.13711	0.28741
257 T	0.57243	0.16758	0.25999
258 A	0.56135	0.20769	0.23096
259 T	0.55669	0.21860	0.22471
260 T	0.54993	0.23366	0.21641
261 A	0.53918	0.25167	0.20916
262 A	0.53355	0.26180	0.20465
263 T	0.53122	0.26731	0.20147
264 T	0.53026	0.27207	0.19768
265 A	0.52793	0.28309	0.18898
266 A	0.52653	0.28583	0.18764
267 T	0.52676	0.28753	0.18571
268 T	0.52623	0.28957	0.1842
269 G	0.52436	0.29405	0.1816
270 C	0.52388	0.29665	0.17947
271 A	0.52389	0.30251	0.1736
272 A	0.52468	0.30456	0.17076
273 A	0.52727	0.30329	0.16944
274 A	0.53738	0.29400	0.16863
275 A	0.57168	0.25992	0.16839
276 T	0.63194	0.19812	0.16995
277 T	0.65568	0.17256	0.17177
278 T	0.67021	0.15589	0.1739
279 A	0.67954	0.14536	0.1751
280 A	0.69244	0.12861	0.17894
281 T	0.71313	0.09599	0.19088
282 T	0.71859	0.08441	0.197
283 T	0.72449	0.07201	0.2035
284 T	0.72816	0.06164	0.2102
285 A	0.72982	0.05705	0.21313
286 G	0.73169	0.05363	0.21468
287 A	0.73468	0.05062	0.2147
288 A	0.74264	0.04120	0.21615
289 G	0.74533	0.03654	0.21813
290 T	0.74974	0.03197	0.21829
291 G	0.75242	0.02866	0.21892
292 T	0.75653	0.02306	0.2204
293 C	0.75891	0.02020	0.22089
294 T	0.76408	0.01539	0.22053
295 T	0.76602	0.01372	0.22025
296 C	0.76687	0.01304	0.22009
297 T	0.76750	0.01278	0.21972
298 A	0.76774	0.01298	0.21928
299 C	0.76817	0.01267	0.21917
300 T	0.76911	0.01206	0.21883
301 T	0.76965	0.01190	0.21844
302 T	0.77012	0.01184	0.21804
303 T	0.77036	0.01165	0.21799
304 T	0.77048	0.01152	0.21801
305 A	0.77051	0.01133	0.21815
306 T	0.77071	0.01080	0.2185
307 C	0.77018	0.01081	0.21901
308 C	0.76977	0.01095	0.21928
309 T	0.76995	0.01080	0.21924
310 G	0.76920	0.01158	0.21923
311 A	0.76897	0.01193	0.2191
312 G	0.76901	0.01199	0.219
313 T	0.76960	0.01144	0.21896
314 C	0.76980	0.01114	0.21906
315 T	0.76992	0.01137	0.21872
316 G	0.76988	0.01201	0.21811
317 A	0.77016	0.01220	0.21764
318 T	0.77058	0.01182	0.21759
319 T	0.77062	0.01172	0.21766
320 T	0.77057	0.01157	0.21786
321 T	0.76958	0.01243	0.21799
322 C	0.76568	0.01624	0.21809
323 C	0.76114	0.02076	0.21809
324 C	0.75950	0.02259	0.21791
325 T	0.75775	0.02614	0.21611
326 A	0.75242	0.03489	0.2127
327 T	0.74448	0.04591	0.20961
328 T	0.72963	0.06518	0.20519
329 T	0.70625	0.09169	0.20205
330 A	0.67156	0.12607	0.20237
331 G	0.65950	0.13734	0.20316
332 A	0.65209	0.14444	0.20346
333 A	0.64708	0.14836	0.20456
334 C	0.64537	0.14944	0.20519
335 T	0.64436	0.15163	0.20402
336 G	0.64278	0.15453	0.2027
337 A	0.64231	0.15622	0.20147
338 A	0.64240	0.15687	0.20073
339 T	0.64238	0.15761	0.20002
340 A	0.64181	0.15871	0.19947
341 T	0.64147	0.15912	0.19941
342 T	0.64062	0.16036	0.19902
343 A	0.63865	0.16317	0.19818
344 A	0.63732	0.16432	0.19837
345 A	0.63656	0.16214	0.2013
346 G	0.63595	0.15866	0.20539
347 A	0.63424	0.15903	0.20673
348 A	0.63555	0.15469	0.20977
349 A	0.63890	0.14318	0.21792
350 G	0.64227	0.12475	0.23298
351 T	0.64674	0.10360	0.24966
352 T	0.64906	0.08045	0.27049
353 T	0.64944	0.05373	0.29683
354 A	0.64949	0.04466	0.30585
355 G	0.64977	0.03894	0.3113
356 C	0.65011	0.03446	0.31543
357 T	0.65038	0.03463	0.31499
358 T	0.65106	0.03642	0.31252
359 T	0.65077	0.04298	0.30625
360 G	0.65008	0.04514	0.30477
361 A	0.64953	0.04707	0.30341
362 T	0.64964	0.04714	0.30322
363 T	0.64976	0.04719	0.30304
364 C	0.64882	0.05113	0.30005
365 A	0.64709	0.05951	0.2934
366 G	0.64472	0.06765	0.28763
367 T	0.64426	0.08015	0.2756
368 A	0.64307	0.08634	0.2706
369 T	0.64330	0.08595	0.27075
370 G	0.64266	0.08477	0.27258
371 T	0.64251	0.08466	0.27284
372 T	0.64103	0.08607	0.2729
373 C	0.63826	0.08883	0.27292
374 A	0.63673	0.09081	0.27247
375 T	0.63534	0.09265	0.27201
376 G	0.63043	0.09845	0.27112
377 A	0.62615	0.10381	0.27004
378 T	0.62313	0.10699	0.26988
379 A	0.61488	0.11592	0.2692
380 G	0.61059	0.12031	0.2691
381 A	0.60356	0.12750	0.26893
382 C	0.59835	0.13192	0.26974
383 T	0.58057	0.15291	0.26652
384 A	0.53244	0.21180	0.25576
385 G	0.51221	0.23694	0.25085
386 A	0.50568	0.24841	0.24592
387 T	0.50220	0.25793	0.23988
388 A	0.49037	0.27183	0.23781
389 G	0.48705	0.27426	0.23869
390 T	0.49624	0.26587	0.23789
391 T	0.49609	0.26709	0.23681
392 T	0.48982	0.27548	0.2347
393 A	0.47444	0.29359	0.23197
394 T	0.46225	0.30673	0.23103
395 T	0.45310	0.31568	0.23121
396 T	0.43789	0.33030	0.23182
397 A	0.41493	0.35347	0.2316
398 A	0.40675	0.36110	0.23215
399 T	0.40291	0.36147	0.23562
400 A	0.39575	0.36592	0.23832
401 A	0.39194	0.36548	0.24259
402 A	0.39039	0.36022	0.24939
403 A	0.39040	0.35676	0.25284
404 A	0.39123	0.34801	0.26077
405 A	0.39231	0.33471	0.27298
406 A	0.39735	0.30133	0.30131
407 T	0.40914	0.23711	0.35375
408 T	0.41438	0.21230	0.37331
409 A	0.41890	0.20125	0.37986
410 T	0.42829	0.18328	0.38844
411 A	0.43377	0.15965	0.40658
412 T	0.43783	0.14189	0.42029
413 T	0.44025	0.13510	0.42466
414 T	0.44205	0.12921	0.42874
415 T	0.44261	0.12335	0.43404
416 A	0.44174	0.11449	0.44377
417 T	0.44243	0.09397	0.4636
418 T	0.43916	0.09989	0.46096
419 T	0.43033	0.13686	0.43281
420 T	0.40539	0.25869	0.33592
421 A	0.36526	0.39678	0.23796
422 A	0.26970	0.52630	0.204
423 A	0.22557	0.58720	0.18723
424 A	0.21447	0.60447	0.18106
425 A	0.20745	0.61234	0.18021
426 A	0.20402	0.61682	0.17916
427 A	0.20279	0.61698	0.18023
428 T	0.20334	0.61525	0.18141
429 G	0.20323	0.61483	0.18194
430 A	0.20351	0.61431	0.18217
431 C	0.20435	0.61290	0.18275
432 T	0.20553	0.61163	0.18284
433 T	0.20621	0.61108	0.18271
434 T	0.20664	0.61101	0.18235
435 G	0.20573	0.61196	0.18231
436 A	0.20550	0.61227	0.18224
437 G	0.20564	0.61103	0.18333
438 A	0.20749	0.60749	0.18501
439 C	0.21556	0.59282	0.19162
440 A	0.22417	0.58262	0.19321
441 A	0.25012	0.54942	0.20045
442 A	0.30050	0.48893	0.21057
443 T	0.42916	0.33391	0.23693
444 T	0.51526	0.21530	0.26943
445 T	0.53779	0.09358	0.36863
446 T	0.54444	0.04488	0.41068
447 T	0.54611	0.03453	0.41936
448 G	0.54304	0.03774	0.41923
449 T	0.54186	0.03933	0.41881
450 T	0.53864	0.04646	0.4149
451 T	0.53174	0.06058	0.40768
452 T	0.51609	0.09220	0.39171
453 A	0.45584	0.18586	0.35831
454 A	0.39361	0.32607	0.28033
455 A	0.22803	0.54115	0.23082
456 A	0.17847	0.60594	0.21559
457 A	0.15631	0.64555	0.19815
458 A	0.13945	0.66998	0.19057
459 A	0.13219	0.68916	0.17865
460 A	0.12914	0.69413	0.17673
461 A	0.12759	0.69621	0.1762
462 A	0.12730	0.69663	0.17607
463 T	0.12826	0.69572	0.17602
464 T	0.12829	0.69643	0.17527
465 A	0.12802	0.69789	0.1741
466 G	0.12798	0.69869	0.17333
467 T	0.12751	0.70112	0.17137
468 A	0.12575	0.70261	0.17164
469 G	0.12492	0.70238	0.17269
470 A	0.12704	0.69860	0.17436
471 T	0.13480	0.68340	0.1818
472 C	0.13788	0.67225	0.18986
473 A	0.14467	0.66069	0.19464
474 A	0.15405	0.64423	0.20172
475 A	0.17124	0.61446	0.2143
476 A	0.20256	0.53215	0.26529
477 G	0.27640	0.40657	0.31702
478 T	0.32757	0.18903	0.48341
479 A	0.34218	0.13527	0.52255
480 T	0.35865	0.09688	0.54447
481 G	0.36484	0.07891	0.55625
482 T	0.37466	0.06643	0.5589
483 G	0.37308	0.06974	0.55718
484 C	0.37275	0.07861	0.54864
485 A	0.36655	0.13188	0.50157
486 T	0.35930	0.19165	0.44905
487 A	0.34407	0.34795	0.30797
488 A	0.32730	0.40304	0.26965
489 A	0.32085	0.41271	0.26645
490 T	0.31814	0.41703	0.26483
491 A	0.31629	0.42034	0.26338
492 T	0.31562	0.42847	0.25591
493 C	0.31198	0.44151	0.2465
494 G	0.31010	0.45972	0.23019
495 T	0.30919	0.48456	0.20625
496 A	0.29897	0.49870	0.20232
497 A	0.29432	0.50604	0.19964
498 A	0.29365	0.50672	0.19962
499 A	0.29471	0.50503	0.20026
500 C	0.29648	0.50191	0.20161
501 T	0.30215	0.49572	0.20213
502 C	0.30841	0.48886	0.20273
503 G	0.31159	0.48571	0.20269
504 T	0.31938	0.47848	0.20214
505 A	0.32474	0.47498	0.20027
506 A	0.33230	0.46603	0.20167
507 A	0.35420	0.44370	0.20209
508 A	0.40404	0.38570	0.21026
509 T	0.46282	0.31400	0.22318
510 T	0.58054	0.17936	0.24011
511 T	0.60963	0.13282	0.25756
512 A	0.61272	0.12515	0.26212
513 C	0.61485	0.11866	0.2665
514 A	0.61472	0.12378	0.2615
515 A	0.62439	0.11579	0.25982
516 T	0.63679	0.09996	0.26325
517 G	0.65257	0.08415	0.26327
518 T	0.67480	0.06370	0.2615
519 T	0.67861	0.05285	0.26854
520 T	0.67938	0.04763	0.27299
521 T	0.67327	0.05263	0.2741
522 T	0.66024	0.06836	0.27141
523 T	0.64747	0.08840	0.26413
524 C	0.63336	0.10940	0.25723
525 A	0.62836	0.13249	0.23915
526 A	0.62539	0.13722	0.23739
527 A	0.62424	0.14006	0.23569
528 T	0.62533	0.13989	0.23478
529 A	0.62514	0.14085	0.23402
530 C	0.62544	0.14037	0.2342
531 T	0.62601	0.14038	0.23361
532 T	0.62509	0.14196	0.23295
533 T	0.62415	0.14432	0.23153
534 A	0.62308	0.14609	0.23084
535 A	0.62319	0.14628	0.23052
536 A	0.62354	0.14383	0.23263
537 T	0.63072	0.13201	0.23727
538 T	0.63433	0.12736	0.23831
539 T	0.63563	0.12552	0.23885
540 A	0.63540	0.12640	0.2382
541 T	0.63639	0.12617	0.23745
542 T	0.63577	0.12774	0.23648
543 A	0.63206	0.13088	0.23706
544 A	0.63204	0.12337	0.24459
545 A	0.63590	0.10645	0.25765
546 T	0.64390	0.08430	0.2718
547 C	0.65018	0.06465	0.28517
548 C	0.66417	0.04873	0.2871
549 A	0.66557	0.04656	0.28786
550 T	0.66757	0.04395	0.28848
551 T	0.66853	0.04274	0.28874
552 T	0.66668	0.04418	0.28914
553 C	0.66048	0.04948	0.29004
554 A	0.65606	0.05426	0.28969
555 T	0.65034	0.06016	0.28951
556 T	0.64028	0.07380	0.28591
557 G	0.61871	0.09961	0.28168
558 G	0.58933	0.14601	0.26466
559 G	0.57438	0.17777	0.24785
560 T	0.56271	0.20473	0.23257
561 T	0.55040	0.23105	0.21855
562 A	0.53694	0.24556	0.21751
563 A	0.53002	0.25199	0.21798
564 A	0.52714	0.25382	0.21903
565 A	0.52620	0.25215	0.22165
566 C	0.52640	0.24796	0.22564
567 A	0.52646	0.24707	0.22648
568 A	0.52684	0.24585	0.22731
569 C	0.52755	0.24446	0.228
570 T	0.52831	0.24364	0.22805
571 T	0.52876	0.24364	0.2276
572 T	0.52813	0.24470	0.22717
573 T	0.52542	0.24893	0.22565
574 A	0.52021	0.25668	0.22311
575 T	0.51732	0.25715	0.22553
576 G	0.50809	0.25983	0.23208
577 A	0.50476	0.25967	0.23557
578 A	0.50562	0.25114	0.24324
579 A	0.51233	0.23363	0.25404
580 A	0.52116	0.20275	0.2761
581 T	0.54815	0.14063	0.31122
582 T	0.56379	0.10756	0.32865
583 T	0.57396	0.08386	0.34218
584 T	0.57705	0.07267	0.35028
585 T	0.57402	0.06993	0.35606
586 T	0.56751	0.07398	0.35851
587 A	0.54311	0.10026	0.35662
588 T	0.52883	0.11876	0.35241
589 G	0.50085	0.16381	0.33534
590 A	0.48388	0.22145	0.29466
591 T	0.47259	0.25083	0.27658
592 A	0.45536	0.29276	0.25188
593 A	0.44714	0.31182	0.24104
594 A	0.44448	0.31937	0.23615
595 A	0.44543	0.32053	0.23404
596 T	0.44789	0.31515	0.23695
597 T	0.45097	0.30834	0.24069
598 A	0.45228	0.30592	0.2418
599 T	0.45399	0.29767	0.24834
600 T	0.45385	0.29541	0.25074
601 T	0.45133	0.29744	0.25123
602 T	0.44748	0.30136	0.25117
603 T	0.43635	0.31378	0.24987
604 A	0.42857	0.32389	0.24753
605 A	0.42235	0.33133	0.24632
606 A	0.41628	0.33729	0.24643
607 A	0.41411	0.33356	0.25233
608 T	0.41512	0.32734	0.25755
609 A	0.40513	0.32896	0.26591
610 G	0.40337	0.30495	0.29169
611 G	0.40972	0.28241	0.30786
612 A	0.42879	0.23802	0.33319
613 T	0.47194	0.18104	0.34702
614 G	0.49012	0.15363	0.35624
615 T	0.51458	0.11667	0.36874
616 T	0.52147	0.10341	0.37512
617 C	0.52190	0.10133	0.37677
618 T	0.52191	0.10920	0.36889
619 A	0.51757	0.13916	0.34327
620 T	0.51629	0.16095	0.32276
621 T	0.50775	0.20315	0.2891
622 A	0.49634	0.21951	0.28415
623 T	0.48922	0.22536	0.28543
624 T	0.47050	0.24209	0.28742
625 A	0.43948	0.27023	0.29029
626 C	0.42937	0.27008	0.30056
627 A	0.42092	0.27956	0.29951
628 A	0.41558	0.28763	0.29679
629 T	0.41022	0.29720	0.29258
630 T	0.39218	0.32401	0.28382
631 A	0.36389	0.35904	0.27707
632 T	0.34514	0.36841	0.28646
633 G	0.30622	0.40327	0.29051
634 G	0.27863	0.43282	0.28855
635 G	0.26320	0.45136	0.28543
636 A	0.25583	0.46328	0.28089
637 G	0.25148	0.47359	0.27493
638 A	0.24957	0.48282	0.26761
639 A	0.24905	0.48709	0.26385
640 G	0.24995	0.48841	0.26164
641 A	0.25827	0.48500	0.25673
642 A	0.28331	0.45990	0.25679
643 A	0.30593	0.44055	0.25353
644 T	0.33922	0.40275	0.25803
645 T	0.34302	0.40007	0.25691
646 T	0.34154	0.40698	0.25148
647 A	0.33649	0.41731	0.2462
648 T	0.33135	0.41053	0.25813
649 A	0.32611	0.41516	0.25873
650 A	0.32837	0.40730	0.26433
651 A	0.33591	0.39119	0.2729
652 A	0.34697	0.36593	0.28711
653 T	0.36156	0.32328	0.31516
654 T	0.36821	0.29404	0.33775
655 T	0.36866	0.28280	0.34854
656 A	0.36691	0.26704	0.36605
657 T	0.36893	0.25096	0.3801
658 A	0.36756	0.25338	0.37906
659 G	0.36870	0.25671	0.37459
660 T	0.36954	0.27059	0.35987
661 A	0.35684	0.31853	0.32463
662 A	0.30137	0.39915	0.29947
663 A	0.24333	0.47841	0.27826
664 A	0.22242	0.51007	0.26752
665 A	0.20912	0.53573	0.25516
666 A	0.21520	0.54020	0.24461
667 A	0.23279	0.53601	0.2312
668 T	0.25504	0.51606	0.2289
669 A	0.26560	0.51102	0.22338
670 T	0.27626	0.50717	0.21657
671 T	0.26985	0.51608	0.21407
672 T	0.23868	0.55616	0.20516
673 G	0.19022	0.60599	0.20379
674 A	0.16884	0.62867	0.2025
675 A	0.16047	0.63634	0.20319
676 A	0.15230	0.64330	0.2044
677 C	0.15403	0.63830	0.20767
678 T	0.15422	0.63646	0.20931
679 C	0.14351	0.64598	0.21052
680 A	0.13997	0.65310	0.20693
681 A	0.14238	0.65361	0.20401
682 A	0.14934	0.64808	0.20258
683 A	0.16425	0.62865	0.2071
684 T	0.19954	0.57804	0.22242
685 A	0.21758	0.49863	0.28379
686 T	0.23425	0.42038	0.34537
687 A	0.23491	0.39358	0.37151
688 G	0.23957	0.36931	0.39112
689 A	0.24713	0.35514	0.39773
690 T	0.26390	0.33034	0.40576
691 G	0.26870	0.32108	0.41022
692 A	0.27988	0.30500	0.41512
693 T	0.29462	0.28028	0.4251
694 A	0.30011	0.27029	0.4296
695 T	0.30894	0.24113	0.44992
696 T	0.30660	0.21895	0.47445
697 T	0.30124	0.22354	0.47522
698 T	0.28976	0.24148	0.46875
699 A	0.26517	0.29290	0.44193
700 A	0.24654	0.33657	0.41689
701 A	0.22737	0.35950	0.41314
702 G	0.21026	0.37603	0.41371
703 G	0.19858	0.40161	0.39981
704 A	0.19079	0.43774	0.37146
705 A	0.18422	0.47889	0.33689
706 T	0.18380	0.49594	0.32027
707 T	0.18140	0.51195	0.30666
708 A	0.17480	0.52027	0.30493
709 G	0.16987	0.52688	0.30325
710 A	0.16775	0.53243	0.29981
711 A	0.16199	0.54195	0.29606
712 C	0.15526	0.55640	0.28835
713 A	0.14847	0.60956	0.24196
714 A	0.14474	0.63607	0.2192
715 G	0.12513	0.68401	0.19087
716 A	0.12812	0.68945	0.18243
717 A	0.14103	0.67933	0.17965
718 A	0.15937	0.65818	0.18245
719 T	0.18666	0.62297	0.19036
720 T	0.20509	0.59670	0.19822
721 A	0.21478	0.57672	0.2085
722 A	0.23788	0.53332	0.2288
723 A	0.26034	0.49607	0.24359
724 A	0.27482	0.46521	0.25997
725 A	0.29457	0.42789	0.27754
726 T	0.32289	0.38281	0.2943
727 A	0.35430	0.33996	0.30573
728 C	0.38896	0.29447	0.31656
729 T	0.40926	0.27177	0.31896
730 A	0.42021	0.25798	0.32181
731 A	0.42546	0.24747	0.32706
732 C	0.43494	0.23197	0.33309
733 A	0.44839	0.21683	0.33478
734 A	0.46441	0.19168	0.34391
735 G	0.48735	0.15755	0.35509
736 T	0.54446	0.09120	0.36434
737 A	0.56798	0.06156	0.37045
738 A	0.60035	0.00000	0.39965
