# lcl|CP097583.1_cds_USQ93616.1_1
# AA	inside	membr	outside
1 A	0.62528	0.00000	0.37472
2 T	0.62430	0.00097	0.37472
3 G	0.62365	0.00162	0.37472
4 T	0.62365	0.02392	0.35242
5 A	0.61204	0.09150	0.29645
6 T	0.61204	0.10565	0.2823
7 A	0.58800	0.13654	0.27546
8 T	0.58800	0.13660	0.2754
9 T	0.58165	0.14518	0.27317
10 A	0.58163	0.24817	0.17019
11 A	0.58028	0.25311	0.16661
12 A	0.51411	0.32057	0.16531
13 G	0.44879	0.38817	0.16304
14 T	0.44878	0.38818	0.16304
15 A	0.44878	0.39965	0.15157
16 G	0.44723	0.40120	0.15157
17 G	0.44623	0.40227	0.15149
18 A	0.44621	0.40252	0.15127
19 G	0.44589	0.40297	0.15114
20 A	0.44465	0.40873	0.14663
21 T	0.43766	0.41569	0.14665
22 A	0.43759	0.41841	0.144
23 T	0.43826	0.42039	0.14135
24 A	0.43662	0.42511	0.13827
25 G	0.43734	0.42061	0.14206
26 T	0.43969	0.41643	0.14387
27 A	0.45594	0.39532	0.14874
28 G	0.50662	0.33368	0.15969
29 C	0.52997	0.30789	0.16215
30 T	0.56531	0.26262	0.17207
31 A	0.56851	0.25985	0.17164
32 T	0.57806	0.24461	0.17732
33 T	0.62767	0.19339	0.17894
34 A	0.62788	0.19158	0.18055
35 T	0.63168	0.12325	0.24507
36 T	0.62509	0.07355	0.30136
37 T	0.61429	0.08242	0.30329
38 C	0.59724	0.09836	0.3044
39 T	0.56609	0.12911	0.3048
40 G	0.50415	0.19146	0.30439
41 G	0.46062	0.23534	0.30404
42 A	0.44103	0.25561	0.30336
43 A	0.43256	0.26384	0.3036
44 A	0.42475	0.26738	0.30786
45 A	0.41954	0.27115	0.3093
46 G	0.41747	0.27069	0.31184
47 A	0.41466	0.26978	0.31556
48 T	0.41417	0.26694	0.31889
49 C	0.41323	0.26918	0.3176
50 G	0.41374	0.27125	0.31501
51 T	0.41528	0.26985	0.31487
52 T	0.41483	0.27097	0.31421
53 T	0.41458	0.27187	0.31355
54 T	0.41438	0.27475	0.31087
55 T	0.41228	0.28333	0.30438
56 T	0.40763	0.29007	0.30229
57 T	0.37788	0.32331	0.29881
58 A	0.35353	0.35559	0.29088
59 T	0.34887	0.33868	0.31244
60 T	0.33885	0.33221	0.32893
61 G	0.32271	0.32921	0.34808
62 A	0.31610	0.32372	0.36018
63 T	0.31466	0.28262	0.40273
64 G	0.31207	0.25566	0.43227
65 A	0.31015	0.25089	0.43896
66 A	0.30849	0.25332	0.43818
67 A	0.30883	0.25586	0.4353
68 A	0.30872	0.25484	0.43644
69 A	0.30866	0.25551	0.43583
70 G	0.30912	0.25366	0.43721
71 G	0.30964	0.26754	0.42282
72 T	0.31339	0.31630	0.37031
73 A	0.31205	0.43121	0.25674
74 A	0.30999	0.50846	0.18155
75 T	0.30872	0.57021	0.12108
76 A	0.30444	0.58298	0.11258
77 A	0.30300	0.59352	0.10348
78 A	0.30712	0.59211	0.10077
79 A	0.31162	0.57933	0.10906
80 C	0.31992	0.52207	0.15801
81 T	0.33108	0.49072	0.1782
82 G	0.32120	0.50844	0.17036
83 T	0.31169	0.54209	0.14623
84 C	0.26934	0.65783	0.07283
85 A	0.24254	0.70158	0.05588
86 A	0.23007	0.71486	0.05507
87 A	0.22071	0.72357	0.05573
88 A	0.21923	0.72352	0.05725
89 C	0.22244	0.71899	0.05857
90 C	0.22631	0.71381	0.05989
91 G	0.22916	0.71145	0.05939
92 G	0.23581	0.70514	0.05906
93 A	0.24453	0.69669	0.05879
94 A	0.26153	0.67978	0.05868
95 A	0.31433	0.62662	0.05905
96 A	0.42518	0.50985	0.06498
97 G	0.49864	0.43129	0.07007
98 T	0.55917	0.36729	0.07354
99 A	0.56594	0.35685	0.07722
100 A	0.57273	0.34719	0.08008
101 T	0.57798	0.33694	0.08507
102 A	0.56727	0.34694	0.08578
103 A	0.56201	0.35112	0.08687
104 A	0.54912	0.35989	0.09098
105 A	0.55818	0.33710	0.10472
106 A	0.58044	0.29642	0.12314
107 T	0.65087	0.17989	0.16924
108 T	0.65800	0.14743	0.19457
109 T	0.65353	0.13960	0.20687
110 T	0.64464	0.13942	0.21595
111 T	0.63364	0.14693	0.21943
112 T	0.61203	0.16680	0.22117
113 T	0.55535	0.22413	0.22052
114 T	0.49856	0.28630	0.21514
115 A	0.35248	0.44542	0.2021
116 A	0.22005	0.59493	0.18502
117 A	0.14261	0.67464	0.18275
118 G	0.08290	0.73470	0.18239
119 A	0.05666	0.76200	0.18134
120 A	0.05150	0.76776	0.18075
121 C	0.05037	0.76910	0.18053
122 A	0.05039	0.77228	0.17733
123 A	0.05119	0.77121	0.17759
124 A	0.05230	0.76867	0.17904
125 A	0.05462	0.75617	0.18922
126 A	0.05627	0.74700	0.19674
127 G	0.05782	0.71416	0.22802
128 T	0.06007	0.70036	0.23957
129 T	0.06104	0.69235	0.24661
130 T	0.06148	0.68472	0.2538
131 T	0.06174	0.67114	0.26712
132 A	0.06190	0.65999	0.27811
133 G	0.06257	0.62754	0.30988
134 T	0.06436	0.59540	0.34024
135 G	0.06496	0.54468	0.39036
136 G	0.06742	0.48057	0.45201
137 A	0.07382	0.44100	0.48518
138 A	0.08676	0.34006	0.57318
139 G	0.10216	0.23707	0.66077
140 G	0.10628	0.18048	0.71323
141 T	0.10933	0.16291	0.72775
142 G	0.11070	0.20708	0.68222
143 T	0.11032	0.30370	0.58598
144 A	0.10442	0.45671	0.43887
145 A	0.10003	0.62601	0.27396
146 A	0.09880	0.71443	0.18677
147 T	0.09895	0.79334	0.10772
148 A	0.09766	0.81701	0.08534
149 T	0.09761	0.82244	0.07996
150 A	0.09581	0.82864	0.07556
151 G	0.09557	0.82922	0.07521
152 C	0.09603	0.82916	0.07481
153 T	0.09630	0.83032	0.07338
154 A	0.09377	0.83410	0.07213
155 C	0.09212	0.83670	0.07118
156 A	0.08380	0.84558	0.07061
157 A	0.07417	0.85586	0.06997
158 A	0.07269	0.85728	0.07003
159 A	0.07982	0.84994	0.07023
160 C	0.09314	0.83638	0.07049
161 A	0.10756	0.82197	0.07047
162 T	0.13493	0.79458	0.0705
163 A	0.15053	0.77952	0.06996
164 A	0.18990	0.74058	0.06951
165 A	0.24262	0.68734	0.07004
166 A	0.32469	0.60207	0.07324
167 A	0.45526	0.46381	0.08094
168 T	0.62515	0.28463	0.09022
169 C	0.70600	0.20024	0.09375
170 C	0.76659	0.13836	0.09505
171 T	0.77577	0.12985	0.09438
172 T	0.74152	0.16599	0.09249
173 C	0.66898	0.23887	0.09216
174 T	0.54111	0.36893	0.08996
175 A	0.41566	0.49705	0.08728
176 A	0.32100	0.59399	0.085
177 A	0.26826	0.64690	0.08485
178 G	0.22898	0.68364	0.08738
179 A	0.19824	0.70441	0.09735
180 T	0.17851	0.71255	0.10895
181 G	0.14975	0.73844	0.11181
182 A	0.12947	0.75949	0.11104
183 A	0.12314	0.76697	0.10989
184 A	0.11765	0.77374	0.10861
185 A	0.11128	0.78057	0.10816
186 A	0.10605	0.78238	0.11157
187 A	0.09999	0.78518	0.11484
188 A	0.09532	0.78589	0.11878
189 A	0.09248	0.78520	0.12231
190 G	0.09093	0.78068	0.12839
191 G	0.09062	0.78010	0.12928
192 A	0.09074	0.78005	0.12921
193 A	0.09137	0.77149	0.13715
194 A	0.09333	0.75134	0.15533
195 T	0.09693	0.70043	0.20264
196 A	0.09818	0.63632	0.2655
197 T	0.10093	0.51151	0.38755
198 A	0.10249	0.41427	0.48324
199 G	0.10466	0.34504	0.5503
200 T	0.10667	0.32583	0.56751
201 T	0.10675	0.36512	0.52813
202 A	0.10597	0.41832	0.47571
203 A	0.10312	0.43056	0.46632
204 A	0.10269	0.41919	0.47812
205 G	0.10421	0.40819	0.4876
206 A	0.10648	0.41281	0.48071
207 A	0.11065	0.41510	0.47425
208 G	0.11432	0.42067	0.46502
209 A	0.11869	0.42418	0.45713
210 A	0.12365	0.41584	0.46052
211 A	0.13052	0.40449	0.46499
212 T	0.14016	0.39147	0.46837
213 G	0.14407	0.38615	0.46978
214 C	0.15066	0.37963	0.46972
215 C	0.16074	0.37044	0.46882
216 T	0.17319	0.35843	0.46837
217 A	0.17964	0.35241	0.46794
218 T	0.19322	0.33908	0.4677
219 T	0.20373	0.32894	0.46732
220 C	0.21177	0.32111	0.46713
221 A	0.22858	0.30462	0.4668
222 T	0.27505	0.25840	0.46655
223 A	0.29886	0.23442	0.46673
224 T	0.37037	0.16214	0.46749
225 T	0.42752	0.10413	0.46835
226 T	0.44575	0.08208	0.47217
227 C	0.45154	0.07462	0.47385
228 T	0.45949	0.06655	0.47396
229 A	0.46622	0.06074	0.47304
230 A	0.47664	0.05135	0.47201
231 T	0.49195	0.03748	0.47057
232 G	0.50108	0.02896	0.46996
233 T	0.50361	0.02706	0.46933
234 A	0.50194	0.03045	0.4676
235 G	0.50067	0.03387	0.46546
236 C	0.50102	0.03606	0.46292
237 T	0.50207	0.04337	0.45456
238 T	0.50264	0.05367	0.44368
239 T	0.50277	0.06113	0.4361
240 A	0.50241	0.07207	0.42552
241 A	0.50219	0.07882	0.41899
242 T	0.50217	0.08217	0.41566
243 T	0.50143	0.08355	0.41502
244 G	0.50084	0.08422	0.41494
245 A	0.50047	0.08486	0.41467
246 T	0.49993	0.08522	0.41485
247 C	0.49887	0.08657	0.41457
248 C	0.49830	0.08802	0.41368
249 T	0.49697	0.09319	0.40983
250 G	0.49443	0.09969	0.40588
251 A	0.49206	0.10776	0.40018
252 A	0.49122	0.11360	0.39518
253 A	0.49174	0.11827	0.38999
254 A	0.49286	0.11662	0.39051
255 A	0.49359	0.11402	0.39239
256 A	0.49471	0.11118	0.39411
257 A	0.49774	0.10541	0.39685
258 C	0.50350	0.09705	0.39945
259 A	0.51021	0.08974	0.40005
260 T	0.52252	0.07638	0.4011
261 T	0.53223	0.06608	0.40169
262 C	0.53602	0.06177	0.4022
263 C	0.54109	0.05643	0.40248
264 A	0.54478	0.05235	0.40287
265 A	0.54717	0.04947	0.40335
266 C	0.54737	0.04834	0.40429
267 T	0.54766	0.04763	0.40471
268 C	0.54794	0.04656	0.4055
269 G	0.54836	0.04512	0.40652
270 T	0.54987	0.04240	0.40774
271 G	0.55025	0.04151	0.40823
272 T	0.55330	0.03687	0.40984
273 C	0.55374	0.03454	0.41172
274 G	0.55638	0.03157	0.41206
275 G	0.55873	0.02849	0.41278
276 A	0.56222	0.02482	0.41295
277 T	0.56157	0.02551	0.41291
278 T	0.55793	0.02978	0.41229
279 C	0.55340	0.03383	0.41277
280 C	0.54781	0.03969	0.4125
281 G	0.54518	0.04333	0.41149
282 T	0.54402	0.04584	0.41014
283 C	0.54226	0.04957	0.40817
284 A	0.54098	0.05417	0.40485
285 T	0.54040	0.05581	0.40379
286 G	0.53890	0.05738	0.40372
287 A	0.53643	0.05991	0.40366
288 A	0.53528	0.06084	0.40389
289 T	0.53498	0.05952	0.4055
290 C	0.53401	0.05948	0.40651
291 A	0.53281	0.06086	0.40633
292 G	0.53123	0.06250	0.40627
293 G	0.52983	0.06515	0.40501
294 A	0.52432	0.07479	0.40089
295 A	0.51848	0.08558	0.39594
296 A	0.51361	0.09368	0.39272
297 A	0.50809	0.10285	0.38907
298 A	0.50717	0.10556	0.38727
299 A	0.50680	0.10572	0.38748
300 A	0.50715	0.10293	0.38992
301 G	0.50838	0.09639	0.39523
302 T	0.51008	0.09030	0.39963
303 T	0.51049	0.08534	0.40418
304 C	0.50976	0.08449	0.40575
305 G	0.50966	0.08579	0.40454
306 T	0.51076	0.08574	0.4035
307 T	0.51153	0.08474	0.40372
308 A	0.51001	0.08627	0.40372
309 T	0.50918	0.08636	0.40446
310 T	0.50742	0.08579	0.40679
311 C	0.50379	0.08882	0.40739
312 A	0.49983	0.09533	0.40484
313 A	0.49676	0.10032	0.40291
314 A	0.49544	0.10213	0.40244
315 A	0.49520	0.10335	0.40146
316 A	0.49606	0.10158	0.40236
317 A	0.49997	0.09156	0.40847
318 A	0.50496	0.07990	0.41514
319 A	0.51093	0.06783	0.42124
320 C	0.51692	0.05387	0.4292
321 T	0.52067	0.04857	0.43077
322 G	0.52234	0.04632	0.43135
323 G	0.52339	0.04489	0.43172
324 T	0.52460	0.04338	0.43202
325 G	0.52516	0.04265	0.43219
326 T	0.52649	0.04008	0.43343
327 T	0.52761	0.03692	0.43547
328 T	0.52871	0.03409	0.4372
329 T	0.52941	0.03206	0.43852
330 G	0.52960	0.03021	0.44019
331 T	0.52992	0.02733	0.44275
332 T	0.53013	0.02529	0.44457
333 G	0.53032	0.02317	0.44651
334 G	0.53089	0.01988	0.44924
335 A	0.53355	0.01448	0.45196
336 T	0.53592	0.00928	0.45479
337 G	0.53702	0.00647	0.45652
338 T	0.53893	0.00347	0.4576
339 A	0.53911	0.00253	0.45836
340 T	0.53930	0.00171	0.45899
341 C	0.53937	0.00128	0.45934
342 A	0.53947	0.00107	0.45946
343 T	0.53962	0.00081	0.45957
344 A	0.53981	0.00053	0.45966
345 A	0.54016	0.00000	0.45984
