# lcl|CP097583.1_cds_USQ93452.1_1
# AA	inside	membr	outside
1 A	0.56421	0.00000	0.43579
2 T	0.56328	0.00093	0.43579
3 G	0.56292	0.00130	0.43579
4 T	0.56292	0.00612	0.43096
5 T	0.55989	0.01267	0.42744
6 T	0.55989	0.01319	0.42693
7 A	0.55044	0.02285	0.42671
8 A	0.55044	0.02285	0.42671
9 T	0.55023	0.02316	0.42661
10 T	0.55023	0.03875	0.41102
11 T	0.54986	0.04134	0.4088
12 T	0.53286	0.06038	0.40676
13 T	0.44738	0.16683	0.38579
14 T	0.44734	0.16687	0.38579
15 A	0.44733	0.38432	0.16834
16 A	0.44124	0.39042	0.16834
17 A	0.43444	0.39806	0.1675
18 A	0.43426	0.39958	0.16616
19 A	0.43140	0.40334	0.16525
20 A	0.40735	0.44688	0.14577
21 A	0.31339	0.54093	0.14568
22 T	0.31223	0.54882	0.13894
23 T	0.30724	0.56527	0.12749
24 A	0.30009	0.58971	0.11019
25 T	0.29403	0.60342	0.10256
26 T	0.27089	0.64777	0.08135
27 T	0.23011	0.70458	0.06532
28 A	0.15920	0.79777	0.04303
29 A	0.11655	0.85238	0.03108
30 A	0.09228	0.87966	0.02806
31 A	0.07738	0.89649	0.02613
32 A	0.07255	0.90116	0.02629
33 A	0.08613	0.88522	0.02864
34 A	0.09074	0.87877	0.03049
35 A	0.10942	0.84544	0.04515
36 T	0.13557	0.75317	0.11126
37 C	0.14330	0.74331	0.11339
38 C	0.27702	0.60948	0.11351
39 T	0.27736	0.62010	0.10254
40 A	0.27643	0.62811	0.09546
41 A	0.27550	0.62968	0.09483
42 A	0.27279	0.63232	0.09489
43 A	0.28612	0.60340	0.11049
44 A	0.28236	0.51670	0.20094
45 A	0.30031	0.48684	0.21286
46 G	0.32160	0.44384	0.23455
47 A	0.35623	0.39724	0.24653
48 A	0.38260	0.34852	0.26888
49 T	0.41820	0.27189	0.30991
50 T	0.43602	0.20924	0.35475
51 T	0.45166	0.13712	0.41122
52 T	0.45679	0.10629	0.43691
53 T	0.45569	0.12149	0.42282
54 T	0.44934	0.14043	0.41024
55 T	0.42727	0.21277	0.35995
56 T	0.39660	0.26647	0.33693
57 A	0.30130	0.40096	0.29773
58 G	0.22135	0.55895	0.21969
59 G	0.19692	0.62226	0.18082
60 A	0.18725	0.66541	0.14733
61 A	0.18140	0.68478	0.13383
62 T	0.19000	0.68081	0.12919
63 T	0.18925	0.69193	0.11882
64 A	0.18100	0.70696	0.11204
65 A	0.17719	0.71326	0.10955
66 A	0.17579	0.71670	0.10751
67 A	0.17597	0.71325	0.11078
68 A	0.17870	0.71111	0.11019
69 A	0.18023	0.70887	0.11091
70 T	0.18523	0.70346	0.11131
71 T	0.18512	0.70522	0.10966
72 A	0.18350	0.71026	0.10624
73 G	0.18513	0.70949	0.10538
74 A	0.18692	0.70831	0.10477
75 A	0.19492	0.69583	0.10925
76 T	0.23173	0.64860	0.11967
77 A	0.26169	0.60075	0.13755
78 T	0.33123	0.50156	0.16721
79 G	0.35458	0.45257	0.19285
80 A	0.39497	0.33955	0.26548
81 T	0.46658	0.20235	0.33107
82 T	0.50573	0.13943	0.35484
83 T	0.52649	0.11198	0.36153
84 T	0.53387	0.09895	0.36719
85 A	0.53673	0.09315	0.37012
86 T	0.54381	0.07950	0.3767
87 T	0.54729	0.06864	0.38407
88 C	0.54631	0.06706	0.38663
89 A	0.54219	0.07657	0.38123
90 A	0.53885	0.08814	0.37301
91 T	0.54022	0.08963	0.37016
92 G	0.53781	0.10141	0.36078
93 G	0.53702	0.11760	0.34538
94 A	0.53839	0.16151	0.3001
95 T	0.54249	0.20233	0.25518
96 T	0.53794	0.24785	0.21421
97 G	0.52042	0.27697	0.20262
98 A	0.51375	0.29099	0.19527
99 T	0.51048	0.30292	0.1866
100 A	0.50227	0.32042	0.17731
101 C	0.49972	0.32532	0.17495
102 T	0.50278	0.33025	0.16697
103 G	0.50069	0.34513	0.15419
104 T	0.50131	0.35377	0.14492
105 T	0.49911	0.36606	0.13483
106 T	0.49306	0.38217	0.12477
107 T	0.47840	0.40711	0.11449
108 A	0.43141	0.46942	0.09918
109 A	0.41848	0.48483	0.0967
110 A	0.41128	0.49149	0.09723
111 A	0.40695	0.49230	0.10075
112 A	0.40911	0.48454	0.10636
113 C	0.41558	0.47302	0.1114
114 A	0.41167	0.47708	0.11125
115 G	0.41835	0.46856	0.11308
116 A	0.43145	0.45532	0.11322
117 A	0.47371	0.41312	0.11317
118 A	0.51759	0.36925	0.11317
119 A	0.56093	0.31716	0.1219
120 T	0.57884	0.27846	0.14269
121 A	0.58471	0.26630	0.149
122 T	0.59524	0.25154	0.15322
123 T	0.60132	0.23956	0.15912
124 A	0.60017	0.23917	0.16066
125 A	0.60165	0.23541	0.16294
126 T	0.61685	0.21391	0.16923
127 T	0.62198	0.20415	0.17387
128 T	0.61647	0.20418	0.17935
129 A	0.59023	0.23187	0.1779
130 A	0.57823	0.23185	0.18993
131 C	0.58251	0.18711	0.23038
132 T	0.58332	0.18083	0.23584
133 T	0.58140	0.18075	0.23785
134 T	0.57489	0.19140	0.23371
135 A	0.56185	0.20727	0.23087
136 T	0.55441	0.21411	0.23148
137 T	0.54680	0.21290	0.2403
138 A	0.53509	0.22151	0.2434
139 G	0.53114	0.22270	0.24617
140 A	0.53096	0.22175	0.24729
141 T	0.53148	0.21874	0.24977
142 G	0.53116	0.21841	0.25042
143 A	0.53210	0.21759	0.25031
144 T	0.53522	0.21251	0.25227
145 T	0.53645	0.21219	0.25135
146 T	0.53691	0.20985	0.25324
147 A	0.53712	0.20784	0.25504
148 G	0.53788	0.19999	0.26213
149 A	0.53920	0.19712	0.26368
150 A	0.54002	0.19318	0.26681
151 A	0.54292	0.17646	0.28062
152 T	0.55599	0.13301	0.311
153 T	0.56182	0.10687	0.3313
154 T	0.56473	0.09844	0.33682
155 T	0.56698	0.09933	0.33369
156 A	0.56805	0.11106	0.32089
157 T	0.57180	0.10321	0.325
158 T	0.57403	0.09249	0.33347
159 T	0.57351	0.09935	0.32714
160 A	0.56784	0.13877	0.29339
161 T	0.55906	0.18734	0.25361
162 T	0.54936	0.27731	0.17332
163 A	0.54020	0.31668	0.14312
164 A	0.53397	0.33476	0.13127
165 A	0.53227	0.34020	0.12753
166 T	0.53304	0.34386	0.1231
167 C	0.53279	0.34802	0.11919
168 A	0.53390	0.35426	0.11184
169 G	0.53504	0.35862	0.10634
170 A	0.53718	0.35725	0.10556
171 T	0.53901	0.35559	0.10541
172 A	0.54008	0.35476	0.10516
173 T	0.54254	0.35183	0.10562
174 C	0.54118	0.35302	0.1058
175 G	0.54058	0.35384	0.10558
176 G	0.54060	0.35407	0.10533
177 A	0.54292	0.35221	0.10488
178 G	0.55137	0.34388	0.10476
179 T	0.57060	0.32465	0.10474
180 T	0.57645	0.31868	0.10487
181 A	0.58174	0.31271	0.10555
182 A	0.59847	0.29397	0.10756
183 A	0.63594	0.24884	0.11522
184 A	0.67851	0.19231	0.12918
185 C	0.75653	0.10319	0.14029
186 T	0.79566	0.05728	0.14706
187 T	0.80867	0.03995	0.15138
188 C	0.81187	0.03424	0.15389
189 T	0.81548	0.03003	0.15449
190 T	0.81804	0.02727	0.15469
191 C	0.82027	0.02424	0.15548
192 T	0.82472	0.01987	0.15541
193 T	0.82490	0.02063	0.15446
194 T	0.82278	0.02546	0.15176
195 T	0.81575	0.03600	0.14825
196 T	0.80863	0.04842	0.14294
197 T	0.77349	0.09304	0.13347
198 A	0.71726	0.16556	0.11718
199 A	0.69904	0.18532	0.11563
200 T	0.69029	0.19441	0.11531
201 T	0.63825	0.24635	0.1154
202 A	0.51134	0.37331	0.11535
203 C	0.40089	0.48304	0.11608
204 A	0.31060	0.57477	0.11462
205 C	0.25898	0.62852	0.1125
206 A	0.22583	0.67154	0.10263
207 A	0.20923	0.69650	0.09428
208 A	0.20219	0.71094	0.08687
209 T	0.19896	0.71702	0.08402
210 T	0.19224	0.72452	0.08324
211 A	0.17772	0.74021	0.08206
212 A	0.16558	0.75329	0.08113
213 A	0.15481	0.76436	0.08083
214 C	0.14967	0.76604	0.08428
215 A	0.14581	0.76962	0.08457
216 A	0.14500	0.76882	0.08618
217 A	0.14840	0.76163	0.08997
218 C	0.15303	0.74689	0.10008
219 A	0.15781	0.73836	0.10383
220 A	0.16779	0.69105	0.14116
221 T	0.18187	0.62891	0.18923
222 T	0.18261	0.61672	0.20067
223 A	0.17860	0.63458	0.18682
224 A	0.17540	0.59604	0.22855
225 A	0.17316	0.49264	0.3342
226 G	0.17235	0.39238	0.43527
227 A	0.17359	0.33474	0.49167
228 A	0.17641	0.31952	0.50407
229 A	0.18614	0.34678	0.46707
230 A	0.19491	0.41487	0.39022
231 T	0.20188	0.43288	0.36523
232 A	0.20197	0.46401	0.33401
233 A	0.20165	0.51923	0.27911
234 A	0.20291	0.54724	0.24985
235 A	0.20467	0.53546	0.25988
236 T	0.20665	0.52083	0.27253
237 T	0.20728	0.51461	0.27812
238 T	0.20788	0.51118	0.28094
239 C	0.20779	0.51162	0.2806
240 C	0.20784	0.51601	0.27615
241 A	0.20790	0.51704	0.27506
242 A	0.20920	0.51631	0.2745
243 A	0.21326	0.51270	0.27403
244 T	0.22837	0.49742	0.27421
245 C	0.23980	0.48431	0.27589
246 T	0.26557	0.45380	0.28063
247 T	0.28800	0.42817	0.28383
248 C	0.30276	0.41176	0.28547
249 T	0.31386	0.40278	0.28336
250 G	0.31728	0.40676	0.27596
251 A	0.33734	0.39090	0.27177
252 A	0.40396	0.32690	0.26915
253 T	0.50772	0.22561	0.26667
254 T	0.54232	0.19453	0.26314
255 A	0.56844	0.16881	0.26276
256 T	0.62205	0.11405	0.2639
257 T	0.64001	0.09623	0.26376
258 A	0.63024	0.10674	0.26302
259 C	0.62427	0.11273	0.263
260 C	0.62364	0.11517	0.26119
261 T	0.62369	0.11884	0.25748
262 T	0.62402	0.12250	0.25349
263 T	0.61707	0.13321	0.24972
264 A	0.57752	0.17676	0.24572
265 A	0.56634	0.18942	0.24425
266 T	0.56088	0.19501	0.24411
267 T	0.53556	0.22061	0.24383
268 A	0.46479	0.29176	0.24345
269 A	0.43560	0.32075	0.24365
270 A	0.43116	0.32419	0.24464
271 A	0.42518	0.32811	0.24671
272 A	0.41797	0.33298	0.24905
273 T	0.41778	0.32638	0.25584
274 G	0.41090	0.33010	0.259
275 A	0.38484	0.35601	0.25915
276 G	0.38251	0.35652	0.26096
277 A	0.38577	0.35127	0.26296
278 T	0.38782	0.34256	0.26963
279 A	0.38782	0.33701	0.27517
280 C	0.38907	0.32121	0.28972
281 T	0.39231	0.30917	0.29853
282 G	0.39402	0.30012	0.30585
283 T	0.39717	0.29437	0.30845
284 C	0.40048	0.28767	0.31185
285 T	0.40417	0.28374	0.3121
286 T	0.40665	0.26938	0.32397
287 T	0.40945	0.23004	0.36052
288 T	0.41006	0.22154	0.3684
289 T	0.40995	0.21819	0.37186
290 A	0.40845	0.19517	0.39638
291 T	0.40745	0.12914	0.4634
292 C	0.40339	0.10347	0.49314
293 A	0.38033	0.13668	0.48298
294 A	0.37512	0.15325	0.47163
295 A	0.36976	0.16741	0.46282
296 A	0.36602	0.17559	0.45839
297 A	0.36328	0.18345	0.45328
298 G	0.36142	0.16658	0.47201
299 G	0.35626	0.20868	0.43506
300 T	0.35410	0.29707	0.34883
301 G	0.34427	0.45670	0.19903
302 A	0.34035	0.47473	0.18492
303 T	0.33878	0.48813	0.1731
304 G	0.33640	0.50123	0.16237
305 A	0.33594	0.51126	0.1528
306 C	0.33630	0.51147	0.15223
307 G	0.33698	0.51201	0.15101
308 T	0.33829	0.51162	0.15009
309 T	0.33893	0.51147	0.1496
310 C	0.33929	0.51151	0.14921
311 T	0.33893	0.51294	0.14813
312 A	0.33799	0.51409	0.14793
313 A	0.33808	0.51326	0.14866
314 A	0.33899	0.51160	0.14941
315 A	0.34020	0.50810	0.1517
316 C	0.34738	0.47788	0.17474
317 A	0.35535	0.46722	0.17743
318 A	0.36492	0.45384	0.18123
319 A	0.37334	0.44459	0.18206
320 A	0.39362	0.42223	0.18415
321 A	0.42162	0.39092	0.18746
322 G	0.47128	0.33245	0.19627
323 A	0.55905	0.24004	0.20091
324 T	0.70418	0.08219	0.21362
325 C	0.71807	0.06446	0.21747
326 T	0.73232	0.05253	0.21515
327 T	0.73926	0.05205	0.20869
328 T	0.74210	0.05112	0.20678
329 T	0.73784	0.05849	0.20368
330 A	0.69470	0.11782	0.18747
331 T	0.67937	0.13660	0.18403
332 C	0.58161	0.23623	0.18216
333 G	0.48232	0.34552	0.17216
334 G	0.38840	0.44628	0.16532
335 A	0.26812	0.57242	0.15947
336 A	0.18594	0.65701	0.15705
337 A	0.16748	0.67578	0.15674
338 A	0.16011	0.68142	0.15847
339 A	0.15551	0.68336	0.16113
340 G	0.15377	0.68216	0.16407
341 A	0.15269	0.68115	0.16617
342 T	0.15332	0.67862	0.16805
343 G	0.15144	0.67960	0.16896
344 A	0.14946	0.68109	0.16944
345 A	0.14884	0.68121	0.16994
346 A	0.14845	0.68101	0.17053
347 C	0.14866	0.67990	0.17144
348 A	0.15026	0.67772	0.17202
349 C	0.15439	0.67239	0.17322
350 A	0.16177	0.66424	0.17399
351 A	0.16484	0.65960	0.17556
352 G	0.17039	0.64942	0.18018
353 T	0.19346	0.57860	0.22793
354 T	0.20248	0.54750	0.25002
355 T	0.20745	0.42332	0.36923
356 T	0.21362	0.31407	0.47231
357 T	0.21672	0.22337	0.55991
358 T	0.21854	0.11641	0.66504
359 T	0.21921	0.04565	0.73514
360 G	0.21924	0.03119	0.74957
361 T	0.21984	0.02423	0.75593
362 T	0.22003	0.01959	0.76039
363 T	0.22000	0.01665	0.76335
364 G	0.21974	0.01590	0.76436
365 T	0.21968	0.01638	0.76395
366 T	0.21923	0.01763	0.76314
367 G	0.21889	0.02308	0.75803
368 G	0.21865	0.02779	0.75356
369 T	0.21843	0.04606	0.73551
370 G	0.21812	0.07276	0.70912
371 T	0.21790	0.10801	0.6741
372 T	0.21594	0.19530	0.58876
373 A	0.21249	0.26057	0.52694
374 A	0.21119	0.29143	0.49738
375 T	0.20689	0.31369	0.47942
376 G	0.20193	0.33245	0.46562
377 G	0.19963	0.34517	0.45519
378 A	0.18897	0.36987	0.44116
379 G	0.18139	0.38757	0.43105
380 T	0.17644	0.41357	0.40999
381 A	0.15880	0.47766	0.36354
382 G	0.14537	0.53577	0.31886
383 G	0.13526	0.60181	0.26294
384 T	0.12986	0.66405	0.20609
385 A	0.12037	0.68245	0.19717
386 A	0.11494	0.69714	0.18791
387 A	0.11191	0.70595	0.18214
388 A	0.11170	0.70648	0.18182
389 C	0.11414	0.70380	0.18206
390 A	0.12155	0.69675	0.18171
391 A	0.12867	0.68950	0.18183
392 C	0.14698	0.67096	0.18205
393 A	0.17135	0.64654	0.18212
394 A	0.20530	0.61248	0.18222
395 C	0.29300	0.52288	0.18412
396 T	0.35717	0.45687	0.18596
397 A	0.37912	0.43439	0.18649
398 T	0.39495	0.41402	0.19104
399 T	0.40142	0.40320	0.19538
400 G	0.39969	0.40317	0.19714
401 G	0.40032	0.38938	0.21031
402 A	0.40619	0.37571	0.2181
403 A	0.42774	0.34705	0.22521
404 A	0.47883	0.28009	0.24107
405 G	0.53167	0.21228	0.25604
406 T	0.58950	0.14192	0.26859
407 T	0.63348	0.09119	0.27533
408 A	0.63503	0.08226	0.28271
409 G	0.64077	0.07246	0.28677
410 C	0.64200	0.06850	0.28951
411 T	0.63750	0.07538	0.28712
412 T	0.61596	0.10247	0.28158
413 A	0.55955	0.17465	0.2658
414 T	0.51933	0.23013	0.25054
415 A	0.37907	0.40777	0.21316
416 A	0.27614	0.53219	0.19167
417 A	0.21439	0.61765	0.16796
418 T	0.18013	0.66461	0.15526
419 A	0.14168	0.71151	0.14682
420 T	0.12740	0.72911	0.14349
421 A	0.09987	0.75999	0.14013
422 A	0.08298	0.77758	0.13943
423 A	0.07549	0.78081	0.1437
424 A	0.07140	0.77734	0.15126
425 A	0.06750	0.77632	0.15619
426 A	0.06537	0.77537	0.15926
427 C	0.06476	0.77217	0.16307
428 A	0.06440	0.77289	0.1627
429 A	0.06437	0.77333	0.1623
430 A	0.06475	0.77189	0.16336
431 A	0.06598	0.76823	0.16579
432 T	0.06800	0.76448	0.16752
433 A	0.06979	0.75576	0.17446
434 A	0.07438	0.74263	0.183
435 A	0.08113	0.70824	0.21063
436 A	0.09664	0.63859	0.26477
437 A	0.11299	0.57498	0.31203
438 A	0.15187	0.40535	0.44278
439 G	0.17701	0.27336	0.54963
440 T	0.20721	0.18264	0.61015
441 T	0.22119	0.13527	0.64354
442 T	0.22656	0.10147	0.67198
443 T	0.22793	0.09133	0.68074
444 G	0.22696	0.07737	0.69567
445 T	0.22717	0.06787	0.70496
446 T	0.22524	0.06802	0.70674
447 A	0.22179	0.08623	0.69197
448 G	0.22091	0.08601	0.69309
449 T	0.22065	0.08702	0.69234
450 A	0.21866	0.09297	0.68836
451 G	0.21841	0.09595	0.68564
452 C	0.21923	0.09555	0.68521
453 T	0.21954	0.09799	0.68247
454 G	0.21945	0.10125	0.6793
455 G	0.22041	0.10198	0.67762
456 C	0.22292	0.10184	0.67524
457 G	0.22471	0.10136	0.67393
458 A	0.22642	0.10131	0.67227
459 T	0.23094	0.09772	0.67134
460 A	0.23256	0.09766	0.66978
461 C	0.23699	0.09458	0.66843
462 T	0.24361	0.09360	0.66279
463 T	0.24733	0.10346	0.64922
464 T	0.24724	0.12950	0.62327
465 T	0.24547	0.14524	0.60929
466 A	0.23782	0.15460	0.60758
467 G	0.22185	0.17006	0.60809
468 A	0.20347	0.18986	0.60666
469 G	0.18652	0.20594	0.60753
470 C	0.19390	0.19992	0.60618
471 A	0.18255	0.22707	0.59037
472 G	0.17882	0.23157	0.58962
473 G	0.18023	0.23062	0.58915
474 T	0.18143	0.22995	0.58862
475 G	0.17948	0.23281	0.58771
476 C	0.17904	0.23370	0.58726
477 T	0.18122	0.23421	0.58457
478 A	0.18040	0.23886	0.58073
479 T	0.18093	0.24234	0.57674
480 A	0.17929	0.24481	0.5759
481 G	0.17768	0.24763	0.57469
482 A	0.17486	0.25223	0.57291
483 A	0.17511	0.25253	0.57236
484 C	0.17596	0.25122	0.57283
485 A	0.18052	0.25010	0.56938
486 A	0.19238	0.23999	0.56763
487 T	0.21881	0.21365	0.56753
488 T	0.22806	0.20240	0.56954
489 G	0.22262	0.20540	0.57199
490 A	0.21942	0.19703	0.58355
491 A	0.21931	0.18019	0.60051
492 G	0.21238	0.16850	0.61912
493 A	0.20636	0.17378	0.61985
494 T	0.21961	0.15234	0.62805
495 A	0.21490	0.16470	0.6204
496 T	0.21050	0.18443	0.60507
497 G	0.19057	0.23764	0.57179
498 G	0.17453	0.30306	0.52241
499 G	0.14186	0.38252	0.47562
500 G	0.11725	0.44136	0.44139
501 A	0.11309	0.47972	0.40719
502 G	0.11144	0.49503	0.39352
503 A	0.10889	0.50784	0.38327
504 A	0.10765	0.51210	0.38025
505 A	0.10762	0.50962	0.38276
506 A	0.10831	0.50720	0.38449
507 A	0.10956	0.50427	0.38617
508 A	0.11315	0.49740	0.38945
509 C	0.11693	0.49001	0.39306
510 T	0.12071	0.48656	0.39273
511 A	0.12144	0.48788	0.39067
512 A	0.12346	0.48236	0.39419
513 T	0.12768	0.47516	0.39716
514 A	0.12679	0.47549	0.39772
515 A	0.12828	0.46286	0.40886
516 C	0.13500	0.43949	0.42551
517 G	0.14187	0.42925	0.42888
518 A	0.15740	0.40962	0.43298
519 A	0.18908	0.37384	0.43709
520 G	0.24186	0.30612	0.45201
521 T	0.31940	0.21800	0.4626
522 T	0.37227	0.13038	0.49735
523 T	0.39488	0.08544	0.51968
524 T	0.40615	0.07116	0.52269
525 T	0.40862	0.07354	0.51784
526 T	0.40902	0.08419	0.50679
527 A	0.40636	0.09814	0.4955
528 T	0.40160	0.10636	0.49205
529 A	0.39761	0.12720	0.47519
530 A	0.39438	0.15243	0.45319
531 A	0.38166	0.19560	0.42274
532 G	0.37153	0.23490	0.39357
533 A	0.36449	0.25618	0.37932
534 A	0.35856	0.27212	0.36932
535 A	0.35669	0.27789	0.36542
536 A	0.35653	0.28250	0.36097
537 T	0.35825	0.28011	0.36164
538 A	0.35669	0.28151	0.3618
539 A	0.35649	0.28119	0.36233
540 T	0.35880	0.27814	0.36307
541 A	0.36028	0.27622	0.3635
542 A	0.36295	0.27314	0.36391
543 T	0.36818	0.26733	0.3645
544 T	0.37173	0.26313	0.36514
545 C	0.37446	0.25917	0.36637
546 T	0.38043	0.25300	0.36658
547 A	0.38431	0.24833	0.36736
548 C	0.39195	0.23908	0.36897
549 T	0.40546	0.22470	0.36984
550 T	0.41682	0.21185	0.37132
551 C	0.42158	0.20176	0.37666
552 A	0.43629	0.18516	0.37854
553 A	0.45928	0.16027	0.38046
554 G	0.49313	0.11323	0.39364
555 T	0.52786	0.06914	0.40301
556 T	0.54219	0.04714	0.41067
557 T	0.55034	0.02882	0.42085
558 A	0.55279	0.02292	0.42429
559 T	0.55707	0.01609	0.42684
560 T	0.55834	0.01341	0.42825
561 T	0.55893	0.00991	0.43115
562 T	0.55875	0.00918	0.43206
563 T	0.55759	0.01122	0.43119
564 C	0.55005	0.02081	0.42914
565 G	0.51405	0.05912	0.42682
566 A	0.49505	0.07988	0.42506
567 A	0.48258	0.09341	0.424
568 G	0.47539	0.10308	0.42153
569 C	0.46913	0.11277	0.41809
570 T	0.46483	0.12811	0.40706
571 T	0.45569	0.14394	0.40038
572 T	0.44449	0.15786	0.39764
573 A	0.43186	0.17419	0.39395
574 A	0.42308	0.18441	0.39251
575 C	0.41876	0.18889	0.39236
576 T	0.41586	0.19371	0.39043
577 T	0.41050	0.19960	0.3899
578 A	0.40346	0.20674	0.3898
579 T	0.39428	0.21603	0.38969
580 G	0.37323	0.23724	0.38953
581 C	0.35847	0.25196	0.38956
582 C	0.34350	0.26790	0.38861
583 A	0.33373	0.27963	0.38664
584 A	0.32878	0.28562	0.38559
585 A	0.32548	0.28933	0.3852
586 A	0.32485	0.28991	0.38525
587 A	0.32613	0.28366	0.39021
588 T	0.32870	0.24581	0.4255
589 A	0.32925	0.22736	0.44339
590 A	0.33017	0.21360	0.45623
591 A	0.33263	0.20345	0.46392
592 G	0.33626	0.19179	0.47195
593 A	0.34716	0.17532	0.47752
594 T	0.35567	0.15517	0.48916
595 T	0.35862	0.14146	0.49992
596 T	0.36158	0.12904	0.50937
597 T	0.36238	0.12376	0.51387
598 G	0.36255	0.12016	0.51729
599 A	0.36351	0.11698	0.51951
600 T	0.36404	0.11047	0.52549
601 A	0.36415	0.10648	0.52937
602 T	0.36470	0.10186	0.53344
603 A	0.36425	0.09100	0.54476
604 A	0.36445	0.08311	0.55244
605 T	0.36531	0.07323	0.56147
606 T	0.36627	0.06793	0.5658
607 T	0.36602	0.06795	0.56603
608 T	0.36480	0.07330	0.5619
609 A	0.36128	0.08641	0.55232
610 T	0.35807	0.09659	0.54534
611 G	0.35104	0.11482	0.53415
612 T	0.34397	0.14133	0.5147
613 G	0.32979	0.16417	0.50604
614 A	0.32244	0.17302	0.50455
615 T	0.31702	0.17951	0.50347
616 A	0.30374	0.19329	0.50298
617 C	0.29582	0.20176	0.50242
618 C	0.29264	0.20719	0.50017
619 T	0.29077	0.21309	0.49615
620 C	0.28384	0.22219	0.49396
621 T	0.27724	0.23456	0.48821
622 G	0.24414	0.27699	0.47887
623 G	0.23064	0.29592	0.47343
624 A	0.22426	0.30697	0.46877
625 A	0.22555	0.30745	0.46701
626 G	0.22899	0.30377	0.46725
627 A	0.23355	0.29947	0.46697
628 T	0.23981	0.29277	0.46742
629 T	0.23993	0.29238	0.46769
630 A	0.23232	0.30075	0.46693
631 G	0.22558	0.30796	0.46645
632 A	0.22677	0.30713	0.46609
633 A	0.22740	0.30606	0.46653
634 A	0.23098	0.29795	0.47108
635 A	0.24349	0.28117	0.47533
636 T	0.24927	0.26407	0.48666
637 A	0.24451	0.26265	0.49285
638 A	0.24022	0.25992	0.49985
639 A	0.23927	0.24607	0.51465
640 G	0.24103	0.23113	0.52784
641 T	0.24744	0.21950	0.53306
642 T	0.25122	0.21236	0.53643
643 A	0.24858	0.21243	0.53898
644 A	0.24794	0.20732	0.54474
645 T	0.25460	0.17489	0.57051
646 T	0.25366	0.16730	0.57904
647 T	0.24703	0.17001	0.58296
648 A	0.23113	0.18932	0.57955
649 A	0.22237	0.20012	0.5775
650 T	0.21286	0.20897	0.57818
651 G	0.16425	0.26191	0.57383
652 A	0.12209	0.31726	0.56065
653 A	0.08562	0.36947	0.5449
654 A	0.07365	0.40740	0.51895
655 G	0.06971	0.41665	0.51364
656 A	0.06913	0.41898	0.51189
657 A	0.06903	0.41887	0.51209
658 T	0.07159	0.41399	0.51442
659 T	0.07045	0.41518	0.51437
660 A	0.06764	0.41699	0.51537
661 G	0.06547	0.41774	0.51679
662 A	0.06356	0.42406	0.51237
663 A	0.06267	0.43193	0.5054
664 A	0.06387	0.44207	0.49406
665 A	0.06614	0.44784	0.48602
666 A	0.07083	0.44697	0.4822
667 G	0.07412	0.44010	0.48577
668 T	0.07882	0.43752	0.48366
669 T	0.07975	0.43752	0.48274
670 A	0.07475	0.44579	0.47946
671 A	0.07591	0.43514	0.48895
672 A	0.07965	0.42470	0.49565
673 A	0.08425	0.40940	0.50635
674 A	0.09303	0.35509	0.55188
675 A	0.11133	0.29514	0.59353
676 G	0.13674	0.23323	0.63003
677 T	0.17610	0.18568	0.63822
678 T	0.18941	0.16849	0.6421
679 A	0.19463	0.16394	0.64143
680 T	0.19986	0.15590	0.64424
681 T	0.20077	0.15464	0.6446
682 C	0.20053	0.15518	0.64429
683 A	0.20039	0.17505	0.62456
684 A	0.20354	0.18933	0.60713
685 A	0.20945	0.20896	0.58159
686 A	0.21775	0.20998	0.57227
687 A	0.22948	0.20805	0.56247
688 A	0.24071	0.21302	0.54627
689 T	0.24664	0.22356	0.52981
690 A	0.24352	0.23301	0.52346
691 T	0.24948	0.22554	0.52499
692 A	0.25072	0.22221	0.52707
693 T	0.25682	0.21014	0.53304
694 C	0.25446	0.21017	0.53536
695 C	0.25135	0.21354	0.5351
696 T	0.24064	0.22632	0.53304
697 A	0.22236	0.24500	0.53264
698 A	0.21248	0.25510	0.53243
699 G	0.20285	0.26471	0.53244
700 G	0.20169	0.26563	0.53269
701 C	0.20256	0.26299	0.53445
702 T	0.20694	0.25771	0.53535
703 C	0.20719	0.25675	0.53605
704 C	0.20725	0.25646	0.53628
705 A	0.20779	0.25587	0.53634
706 C	0.22133	0.24220	0.53647
707 A	0.23516	0.22842	0.53642
708 T	0.26030	0.20335	0.53635
709 A	0.26855	0.19468	0.53677
710 A	0.27891	0.18204	0.53905
711 A	0.29503	0.16303	0.54195
712 A	0.31324	0.13256	0.5542
713 C	0.32434	0.10909	0.56658
714 T	0.33128	0.09859	0.57013
715 T	0.33503	0.09117	0.5738
716 T	0.33671	0.08666	0.57663
717 T	0.33677	0.08246	0.58077
718 T	0.33607	0.07996	0.58397
719 T	0.33531	0.06835	0.59634
720 A	0.33456	0.05381	0.61163
721 A	0.33446	0.04380	0.62174
722 T	0.33427	0.03314	0.63259
723 T	0.33351	0.02914	0.63735
724 T	0.33140	0.03161	0.63698
725 T	0.32812	0.03789	0.63398
726 A	0.32037	0.05195	0.62769
727 G	0.31710	0.05433	0.62858
728 A	0.31542	0.05501	0.62958
729 T	0.31490	0.05387	0.63122
730 G	0.31265	0.05522	0.63213
731 C	0.30956	0.05809	0.63235
732 T	0.30522	0.06401	0.63077
733 A	0.30022	0.07232	0.62746
734 T	0.29805	0.07843	0.62352
735 G	0.29600	0.08521	0.61879
736 A	0.29478	0.09407	0.61115
737 T	0.29377	0.09986	0.60638
738 T	0.29182	0.10331	0.60488
739 G	0.28849	0.10749	0.60402
740 G	0.27782	0.11988	0.6023
741 G	0.27127	0.12998	0.59875
742 C	0.26517	0.14381	0.59102
743 A	0.25862	0.15619	0.58519
744 A	0.25574	0.16136	0.58289
745 A	0.25439	0.16324	0.58237
746 A	0.25237	0.16490	0.58274
747 C	0.25366	0.16157	0.58477
748 G	0.25696	0.15541	0.58763
749 G	0.26369	0.14297	0.59334
750 A	0.26568	0.14006	0.59426
751 T	0.26762	0.13849	0.59389
752 T	0.26808	0.13992	0.592
753 A	0.26700	0.13964	0.59336
754 A	0.26265	0.14216	0.59519
755 A	0.25734	0.14424	0.59842
756 A	0.25410	0.14423	0.60167
757 C	0.25480	0.14169	0.60351
758 A	0.25572	0.14673	0.59755
759 A	0.25913	0.14672	0.59414
760 G	0.26189	0.14480	0.59331
761 T	0.26318	0.14317	0.59365
762 A	0.26249	0.14383	0.59368
763 G	0.26465	0.13068	0.60467
764 A	0.26864	0.12131	0.61005
765 A	0.27699	0.10717	0.61585
766 T	0.28358	0.09383	0.62259
767 T	0.28618	0.08752	0.6263
768 A	0.28581	0.08575	0.62845
769 T	0.28600	0.08256	0.63144
770 T	0.28507	0.08278	0.63215
771 C	0.28120	0.08733	0.63147
772 A	0.27775	0.10070	0.62155
773 A	0.27703	0.10479	0.61818
774 T	0.27690	0.10765	0.61544
775 A	0.27551	0.11228	0.61221
776 A	0.27444	0.11348	0.61209
777 A	0.27427	0.10949	0.61624
778 A	0.27621	0.10109	0.62269
779 T	0.27915	0.09163	0.62922
780 A	0.28084	0.08684	0.63232
781 G	0.28823	0.07541	0.63637
782 T	0.29354	0.06653	0.63993
783 T	0.29613	0.06137	0.6425
784 T	0.29703	0.05863	0.64434
785 C	0.29769	0.05624	0.64608
786 T	0.29832	0.05594	0.64574
787 T	0.29826	0.05702	0.64472
788 T	0.29755	0.05960	0.64285
789 A	0.29149	0.06668	0.64183
790 A	0.28907	0.06957	0.64136
791 G	0.28856	0.06832	0.64312
792 T	0.28890	0.06689	0.6442
793 G	0.28843	0.06617	0.6454
794 A	0.29046	0.06093	0.64861
795 T	0.30094	0.04715	0.65191
796 A	0.30419	0.04304	0.65277
797 T	0.30721	0.03874	0.65405
798 T	0.30979	0.03421	0.65599
799 A	0.31020	0.03274	0.65706
800 T	0.31092	0.03068	0.6584
801 T	0.31097	0.03058	0.65845
802 T	0.31079	0.03060	0.65861
803 T	0.31067	0.03056	0.65877
804 A	0.30996	0.03141	0.65864
805 A	0.30836	0.03310	0.65854
806 C	0.30674	0.03459	0.65867
807 T	0.30279	0.03951	0.6577
808 A	0.29909	0.04636	0.65455
809 A	0.29917	0.04887	0.65197
810 A	0.29997	0.04961	0.65042
811 T	0.30189	0.04844	0.64967
812 T	0.30264	0.04419	0.65317
813 T	0.30271	0.04346	0.65383
814 G	0.30034	0.04695	0.65271
815 A	0.29742	0.05286	0.64972
816 T	0.29495	0.05792	0.64714
817 G	0.29102	0.06487	0.64412
818 G	0.28992	0.06624	0.64384
819 A	0.28987	0.06655	0.64357
820 A	0.29009	0.06609	0.64382
821 T	0.29061	0.06513	0.64426
822 C	0.29032	0.06493	0.64475
823 G	0.29038	0.06484	0.64478
824 C	0.29071	0.06442	0.64487
825 T	0.29056	0.06603	0.64342
826 A	0.29018	0.06798	0.64184
827 A	0.29015	0.06786	0.64198
828 A	0.28964	0.06686	0.64351
829 G	0.28893	0.06583	0.64524
830 G	0.28883	0.06108	0.65008
831 C	0.29200	0.05428	0.65372
832 G	0.29474	0.05274	0.65252
833 G	0.29714	0.05216	0.65069
834 A	0.29962	0.05359	0.64679
835 T	0.30393	0.05068	0.6454
836 T	0.30576	0.04961	0.64464
837 A	0.30718	0.04676	0.64606
838 A	0.30955	0.04198	0.64847
839 T	0.31290	0.03582	0.65128
840 T	0.31519	0.03103	0.65379
841 T	0.31436	0.03104	0.65459
842 T	0.31289	0.03222	0.65489
843 A	0.30811	0.03710	0.65479
844 A	0.30629	0.03890	0.65481
845 C	0.30528	0.03919	0.65553
846 T	0.30504	0.03991	0.65505
847 A	0.30461	0.04198	0.65341
848 T	0.30573	0.04293	0.65134
849 T	0.30611	0.04351	0.65038
850 A	0.30505	0.04546	0.6495
851 A	0.30429	0.04589	0.64982
852 A	0.30270	0.04691	0.65039
853 C	0.30197	0.04685	0.65118
854 A	0.30176	0.04919	0.64905
855 T	0.30335	0.04819	0.64847
856 A	0.30230	0.05106	0.64663
857 T	0.30553	0.04833	0.64615
858 T	0.30383	0.05068	0.64549
859 T	0.29959	0.05532	0.6451
860 A	0.29175	0.06376	0.64449
861 T	0.28954	0.06635	0.64411
862 A	0.28725	0.06990	0.64284
863 A	0.28727	0.07020	0.64253
864 T	0.28746	0.06849	0.64405
865 T	0.28708	0.06687	0.64605
866 T	0.28600	0.06373	0.65027
867 A	0.28373	0.06473	0.65154
868 C	0.28175	0.06552	0.65273
869 C	0.28168	0.06516	0.65316
870 A	0.28285	0.06388	0.65327
871 A	0.28465	0.06191	0.65343
872 C	0.28595	0.06030	0.65375
873 T	0.28677	0.05981	0.65342
874 A	0.28421	0.06317	0.65262
875 A	0.28215	0.06515	0.6527
876 A	0.28087	0.06656	0.65257
877 T	0.28282	0.06440	0.65278
878 A	0.28261	0.06482	0.65256
879 T	0.28407	0.06108	0.65485
880 A	0.28266	0.06571	0.65163
881 T	0.28220	0.06268	0.65512
882 A	0.27468	0.06736	0.65795
883 G	0.26922	0.06702	0.66376
884 G	0.26780	0.06750	0.6647
885 C	0.26767	0.06702	0.66531
886 A	0.26738	0.07191	0.6607
887 T	0.26665	0.07255	0.6608
888 T	0.26430	0.07503	0.66068
889 G	0.25990	0.07914	0.66096
890 G	0.25626	0.08329	0.66044
891 C	0.25362	0.08613	0.66025
892 G	0.25192	0.09336	0.65473
893 A	0.25099	0.09907	0.64994
894 A	0.25051	0.10203	0.64746
895 A	0.25025	0.10232	0.64743
896 A	0.25053	0.10190	0.64756
897 A	0.25154	0.09793	0.65053
898 A	0.25320	0.09335	0.65345
899 C	0.25481	0.08899	0.65621
900 A	0.25609	0.08747	0.65644
901 G	0.25822	0.08441	0.65736
902 A	0.26093	0.08112	0.65796
903 T	0.26612	0.07432	0.65956
904 G	0.26694	0.07286	0.6602
905 A	0.26939	0.06271	0.66789
906 T	0.27406	0.05182	0.67412
907 T	0.27628	0.04767	0.67605
908 T	0.27777	0.04556	0.67667
909 A	0.28016	0.04300	0.67684
910 A	0.28092	0.04190	0.67718
911 T	0.28234	0.03839	0.67927
912 A	0.28384	0.03434	0.68182
913 T	0.28772	0.02735	0.68493
914 T	0.29110	0.02172	0.68718
915 T	0.29506	0.01654	0.68841
916 T	0.29622	0.01516	0.68862
917 T	0.29575	0.01551	0.68874
918 C	0.29329	0.01820	0.68851
919 G	0.29253	0.02274	0.68473
920 A	0.29234	0.02554	0.68211
921 T	0.29221	0.02662	0.68117
922 A	0.29194	0.02793	0.68013
923 T	0.29215	0.02836	0.67949
924 T	0.29138	0.02918	0.67945
925 A	0.28955	0.03107	0.67938
926 A	0.28842	0.03219	0.67939
927 T	0.28836	0.03217	0.67947
928 C	0.28786	0.03263	0.6795
929 A	0.28775	0.03286	0.67939
930 G	0.28814	0.03258	0.67928
931 T	0.28904	0.03202	0.67894
932 A	0.28927	0.03199	0.67874
933 T	0.29009	0.03121	0.67869
934 A	0.28973	0.03161	0.67867
935 T	0.29081	0.03011	0.67907
936 T	0.29102	0.02954	0.67944
937 G	0.29095	0.02917	0.67987
938 A	0.29136	0.02815	0.68049
939 T	0.29276	0.02535	0.68188
940 G	0.29342	0.02318	0.6834
941 C	0.29436	0.02010	0.68553
942 T	0.29828	0.01569	0.68604
943 T	0.30034	0.01338	0.68628
944 T	0.30091	0.01259	0.68651
945 A	0.30141	0.01182	0.68677
946 T	0.30191	0.01103	0.68706
947 T	0.30203	0.00962	0.68835
948 T	0.30211	0.00761	0.69028
949 G	0.30216	0.00628	0.69157
950 G	0.30222	0.00566	0.69212
951 T	0.30232	0.00495	0.69274
952 A	0.30246	0.00443	0.69311
953 A	0.30266	0.00376	0.69358
954 T	0.30317	0.00271	0.69412
955 T	0.30342	0.00186	0.69471
956 A	0.30350	0.00130	0.6952
957 G	0.30366	0.00000	0.69634
