# lcl|CP097583.1_cds_USQ93502.1_1
# AA	inside	membr	outside
1 A	0.66746	0.00000	0.33254
2 T	0.66664	0.00082	0.33254
3 G	0.66599	0.00146	0.33254
4 A	0.66599	0.02476	0.30925
5 A	0.65903	0.05729	0.28368
6 T	0.65903	0.06155	0.27941
7 A	0.63401	0.09010	0.27588
8 C	0.63401	0.09014	0.27585
9 T	0.63261	0.09300	0.27438
10 A	0.63261	0.18930	0.17809
11 A	0.63151	0.19532	0.17317
12 T	0.62517	0.20270	0.17213
13 A	0.61983	0.21424	0.16593
14 A	0.61982	0.21424	0.16593
15 T	0.61982	0.27776	0.10241
16 T	0.61970	0.27789	0.10241
17 T	0.61929	0.27891	0.1018
18 T	0.61912	0.28233	0.09855
19 T	0.61088	0.29236	0.09675
20 T	0.57609	0.36826	0.05565
21 A	0.44202	0.50278	0.05519
22 A	0.43675	0.51397	0.04927
23 A	0.43523	0.51950	0.04527
24 A	0.43472	0.52111	0.04417
25 A	0.43412	0.52040	0.04548
26 A	0.43511	0.51836	0.04653
27 A	0.45619	0.49358	0.05023
28 C	0.48421	0.45829	0.0575
29 A	0.49458	0.44749	0.05792
30 T	0.53545	0.38982	0.07473
31 T	0.54265	0.38216	0.07518
32 T	0.54817	0.37554	0.07628
33 A	0.58441	0.34015	0.07544
34 T	0.58878	0.33451	0.07672
35 C	0.59064	0.32702	0.08235
36 A	0.59328	0.32287	0.08385
37 A	0.59509	0.32240	0.08251
38 T	0.65636	0.26019	0.08346
39 T	0.65796	0.25631	0.08573
40 A	0.66083	0.25035	0.08882
41 T	0.66598	0.20677	0.12724
42 C	0.66243	0.18855	0.14902
43 A	0.68876	0.13384	0.1774
44 T	0.68911	0.05348	0.25741
45 C	0.69048	0.04793	0.26159
46 A	0.69170	0.04686	0.26144
47 T	0.69170	0.04812	0.26018
48 T	0.69001	0.05181	0.25818
49 G	0.68516	0.05616	0.25868
50 T	0.68265	0.05893	0.25842
51 T	0.67866	0.06237	0.25897
52 T	0.67316	0.06795	0.25889
53 C	0.65821	0.08654	0.25525
54 A	0.65231	0.09547	0.25222
55 A	0.65011	0.09799	0.2519
56 T	0.65068	0.09651	0.25281
57 T	0.64930	0.09760	0.2531
58 T	0.64640	0.10090	0.2527
59 C	0.64583	0.09917	0.255
60 T	0.64537	0.09998	0.25466
61 A	0.64370	0.10245	0.25385
62 T	0.64336	0.10303	0.25361
63 T	0.64225	0.10532	0.25243
64 A	0.64053	0.10749	0.25198
65 T	0.63991	0.10119	0.2589
66 T	0.63795	0.10166	0.26039
67 A	0.63447	0.10445	0.26109
68 T	0.63313	0.10409	0.26278
69 A	0.62906	0.10879	0.26214
70 G	0.62872	0.11098	0.26029
71 T	0.63124	0.10793	0.26082
72 T	0.62899	0.10958	0.26143
73 A	0.62799	0.11374	0.25827
74 T	0.62910	0.10992	0.26098
75 A	0.62923	0.10706	0.26371
76 T	0.63273	0.09148	0.2758
77 T	0.63487	0.08748	0.27765
78 T	0.63317	0.09342	0.27341
79 T	0.62898	0.11308	0.25794
80 G	0.62393	0.12610	0.24997
81 G	0.62077	0.13304	0.24618
82 T	0.61839	0.14399	0.23763
83 G	0.61597	0.15152	0.23251
84 T	0.61584	0.15780	0.22636
85 T	0.61459	0.16973	0.21569
86 A	0.60924	0.19338	0.19739
87 T	0.60649	0.20557	0.18794
88 A	0.59950	0.23553	0.16497
89 A	0.59269	0.26512	0.14219
90 A	0.58828	0.29559	0.11612
91 A	0.58438	0.30288	0.11274
92 A	0.57202	0.31315	0.11484
93 T	0.56149	0.32405	0.11446
94 A	0.49734	0.39140	0.11125
95 C	0.46860	0.41884	0.11256
96 T	0.44522	0.44731	0.10747
97 A	0.35066	0.55561	0.09373
98 A	0.28504	0.63405	0.08092
99 A	0.25578	0.67887	0.06535
100 A	0.24955	0.70165	0.0488
101 A	0.25155	0.71403	0.03442
102 T	0.27115	0.69089	0.03795
103 T	0.27442	0.68396	0.04161
104 A	0.26378	0.69443	0.04179
105 T	0.24688	0.70874	0.04438
106 C	0.22502	0.72831	0.04667
107 A	0.20121	0.75437	0.04442
108 A	0.17148	0.78579	0.04273
109 C	0.16533	0.79140	0.04327
110 A	0.16678	0.79388	0.03933
111 A	0.17418	0.78835	0.03746
112 A	0.18885	0.77049	0.04066
113 A	0.20986	0.74664	0.04349
114 T	0.21559	0.73585	0.04856
115 A	0.21005	0.72068	0.06927
116 A	0.21069	0.69167	0.09765
117 T	0.21450	0.61156	0.17393
118 G	0.21293	0.57874	0.20833
119 A	0.21460	0.55110	0.2343
120 A	0.22648	0.45638	0.31714
121 A	0.23946	0.37247	0.38807
122 C	0.25596	0.32038	0.42366
123 A	0.27149	0.30214	0.42637
124 T	0.28912	0.27615	0.43473
125 T	0.28203	0.27860	0.43937
126 A	0.27080	0.28483	0.44437
127 T	0.26132	0.28452	0.45415
128 C	0.24111	0.27474	0.48415
129 A	0.22984	0.32231	0.44785
130 A	0.22432	0.36520	0.41047
131 A	0.21620	0.44912	0.33467
132 T	0.20555	0.49484	0.29961
133 T	0.19091	0.55885	0.25024
134 T	0.17084	0.64772	0.18144
135 A	0.13433	0.77571	0.08997
136 G	0.10986	0.81136	0.07878
137 A	0.09169	0.84529	0.06302
138 A	0.08252	0.85318	0.06431
139 T	0.07733	0.85710	0.06556
140 C	0.06762	0.86809	0.0643
141 A	0.05998	0.89146	0.04856
142 A	0.05609	0.90257	0.04135
143 A	0.05344	0.91043	0.03613
144 A	0.05197	0.91435	0.03368
145 A	0.05192	0.91665	0.03143
146 A	0.05665	0.90733	0.03601
147 A	0.05839	0.90422	0.03738
148 G	0.06040	0.89265	0.04696
149 A	0.06737	0.87863	0.05401
150 A	0.07412	0.86310	0.06278
151 G	0.08682	0.83638	0.0768
152 A	0.13797	0.77987	0.08216
153 A	0.20720	0.70311	0.08968
154 A	0.32800	0.56576	0.10624
155 T	0.41189	0.45919	0.12892
156 T	0.47048	0.38390	0.14563
157 A	0.52829	0.31997	0.15174
158 A	0.59209	0.24067	0.16723
159 A	0.60728	0.21467	0.17804
160 T	0.62628	0.18695	0.18677
161 T	0.63423	0.17638	0.1894
162 T	0.62942	0.19144	0.17913
163 T	0.59879	0.24965	0.15156
164 T	0.56925	0.31141	0.11934
165 A	0.47935	0.41439	0.10626
166 G	0.39263	0.51023	0.09714
167 A	0.36372	0.54772	0.08856
168 T	0.35762	0.55869	0.08369
169 C	0.31993	0.60222	0.07785
170 A	0.29977	0.63739	0.06284
171 A	0.29634	0.64237	0.06129
172 A	0.29638	0.64417	0.05945
173 A	0.28910	0.65304	0.05786
174 T	0.28430	0.65947	0.05623
175 C	0.26504	0.68121	0.05375
176 A	0.15982	0.79482	0.04537
177 A	0.10451	0.85920	0.03629
178 A	0.07292	0.89750	0.02958
179 A	0.06559	0.90706	0.02735
180 A	0.06901	0.90554	0.02545
181 A	0.07833	0.89383	0.02784
182 A	0.09406	0.87231	0.03362
183 T	0.11115	0.84285	0.04601
184 A	0.11119	0.83308	0.05573
185 A	0.12040	0.80004	0.07955
186 C	0.14621	0.72408	0.1297
187 A	0.17149	0.66809	0.16042
188 A	0.18534	0.58159	0.23308
189 T	0.19813	0.49411	0.30776
190 C	0.20220	0.46628	0.33152
191 T	0.19775	0.46712	0.33513
192 G	0.17514	0.46153	0.36333
193 C	0.15491	0.46661	0.37848
194 A	0.12615	0.51316	0.3607
195 A	0.11508	0.56312	0.3218
196 A	0.11002	0.60746	0.28252
197 A	0.10716	0.67159	0.22125
198 A	0.10848	0.68686	0.20467
199 G	0.11552	0.56985	0.31463
200 A	0.12333	0.52174	0.35492
201 T	0.12923	0.50242	0.36835
202 A	0.12849	0.57867	0.29284
203 A	0.12904	0.72489	0.14607
204 A	0.12694	0.77500	0.09806
205 A	0.12422	0.79648	0.0793
206 A	0.12361	0.80334	0.07305
207 T	0.12456	0.79711	0.07833
208 G	0.12468	0.80332	0.072
209 A	0.12462	0.80984	0.06555
210 A	0.12534	0.81566	0.059
211 A	0.12710	0.81677	0.05613
212 T	0.12908	0.81227	0.05865
213 T	0.13110	0.80461	0.0643
214 A	0.13270	0.79554	0.07176
215 A	0.13608	0.77140	0.09252
216 A	0.14173	0.74265	0.11562
217 C	0.16043	0.69562	0.14395
218 G	0.20081	0.64874	0.15045
219 A	0.25758	0.59213	0.15029
220 T	0.34264	0.51103	0.14633
221 C	0.38148	0.47648	0.14204
222 T	0.40892	0.45974	0.13133
223 A	0.42655	0.45630	0.11715
224 A	0.44751	0.45024	0.10225
225 A	0.51798	0.38680	0.09522
226 T	0.67508	0.23327	0.09165
227 T	0.72800	0.17852	0.09348
228 T	0.75286	0.15503	0.09211
229 T	0.76124	0.14878	0.08998
230 T	0.76221	0.15294	0.08486
231 A	0.75818	0.16775	0.07407
232 A	0.75241	0.17463	0.07296
233 C	0.75630	0.17135	0.07234
234 T	0.76163	0.16668	0.07169
235 A	0.76011	0.16890	0.071
236 C	0.74716	0.18229	0.07055
237 T	0.71653	0.21455	0.06891
238 C	0.60754	0.32400	0.06845
239 A	0.55872	0.37513	0.06615
240 A	0.52710	0.40742	0.06548
241 A	0.50316	0.43278	0.06407
242 C	0.50145	0.43484	0.06372
243 T	0.51066	0.42615	0.0632
244 C	0.50470	0.43296	0.06234
245 A	0.50343	0.43448	0.06209
246 T	0.50552	0.43254	0.06195
247 T	0.50769	0.43058	0.06174
248 T	0.50504	0.43319	0.06177
249 C	0.48733	0.45067	0.062
250 G	0.47605	0.46122	0.06272
251 A	0.47127	0.46507	0.06366
252 T	0.46824	0.46663	0.06513
253 C	0.46872	0.46458	0.0667
254 A	0.47493	0.45708	0.06799
255 A	0.47613	0.44788	0.07598
256 A	0.47744	0.44018	0.08239
257 T	0.47861	0.43492	0.08647
258 T	0.47644	0.43363	0.08993
259 A	0.44753	0.44646	0.10602
260 A	0.43536	0.42572	0.13893
261 A	0.43102	0.32885	0.24013
262 A	0.42752	0.28913	0.28335
263 A	0.42747	0.25677	0.31576
264 T	0.42953	0.22226	0.34821
265 T	0.42878	0.21993	0.35129
266 A	0.42701	0.22199	0.35101
267 T	0.42665	0.21286	0.36049
268 A	0.42506	0.22084	0.3541
269 T	0.42444	0.22687	0.34869
270 T	0.42296	0.28422	0.29282
271 T	0.41985	0.28845	0.29171
272 T	0.41557	0.27557	0.30886
273 T	0.40737	0.27389	0.31874
274 T	0.39406	0.28179	0.32416
275 C	0.37070	0.30335	0.32595
276 C	0.36029	0.31927	0.32044
277 G	0.35371	0.33780	0.30848
278 A	0.35098	0.36605	0.28297
279 A	0.34981	0.37772	0.27247
280 A	0.34972	0.38288	0.2674
281 A	0.35017	0.38585	0.26399
282 T	0.35345	0.35716	0.28939
283 G	0.35294	0.35445	0.29261
284 A	0.35480	0.36310	0.28209
285 T	0.35867	0.37560	0.26573
286 G	0.36003	0.43710	0.20286
287 A	0.36373	0.48094	0.15534
288 T	0.37663	0.49459	0.12877
289 A	0.38224	0.51182	0.10594
290 A	0.38983	0.51301	0.09716
291 A	0.40773	0.50094	0.09132
292 A	0.43086	0.47924	0.0899
293 T	0.49667	0.40903	0.0943
294 T	0.50899	0.38745	0.10356
295 T	0.51232	0.37583	0.11185
296 T	0.51471	0.36704	0.11824
297 A	0.51084	0.36696	0.1222
298 C	0.51209	0.35071	0.1372
299 T	0.51306	0.35391	0.13303
300 A	0.51175	0.36529	0.12296
301 T	0.52272	0.36973	0.10755
302 T	0.51447	0.38496	0.10057
303 A	0.49811	0.41520	0.08669
304 A	0.48178	0.44048	0.07774
305 A	0.47219	0.45513	0.07269
306 C	0.48034	0.44525	0.07441
307 A	0.49656	0.43517	0.06826
308 A	0.52102	0.41756	0.06141
309 T	0.59732	0.34327	0.05941
310 C	0.64033	0.30043	0.05924
311 T	0.66373	0.27881	0.05746
312 T	0.66744	0.27760	0.05496
313 T	0.65831	0.28797	0.05372
314 C	0.64820	0.29917	0.05262
315 T	0.62592	0.32568	0.0484
316 A	0.58973	0.36656	0.04371
317 A	0.55274	0.40776	0.03951
318 A	0.52120	0.44305	0.03575
319 A	0.49592	0.47154	0.03254
320 T	0.47055	0.49329	0.03617
321 A	0.38675	0.57494	0.03831
322 G	0.35870	0.59547	0.04582
323 A	0.34222	0.60100	0.05678
324 A	0.33621	0.58817	0.07563
325 C	0.32467	0.58114	0.09419
326 A	0.30971	0.58933	0.10097
327 A	0.29249	0.59965	0.10785
328 G	0.26775	0.61238	0.11987
329 A	0.25092	0.62543	0.12366
330 A	0.23979	0.63478	0.12544
331 T	0.24198	0.62433	0.13368
332 C	0.23418	0.62751	0.13831
333 A	0.22604	0.63396	0.14001
334 A	0.22227	0.63379	0.14394
335 T	0.22293	0.62076	0.15632
336 T	0.21058	0.63461	0.15481
337 G	0.17247	0.69160	0.13592
338 A	0.13944	0.74817	0.11239
339 A	0.11609	0.76807	0.11584
340 A	0.10866	0.75418	0.13716
341 A	0.10309	0.73882	0.15809
342 A	0.09778	0.73019	0.17202
343 A	0.09346	0.72223	0.18431
344 T	0.08817	0.68084	0.23099
345 A	0.07769	0.68543	0.23687
346 A	0.07092	0.68268	0.2464
347 A	0.06640	0.69359	0.24001
348 A	0.06343	0.69707	0.2395
349 A	0.06459	0.68859	0.24682
350 A	0.06853	0.65773	0.27375
351 T	0.07030	0.62078	0.30893
352 A	0.07111	0.60498	0.32391
353 G	0.07235	0.58715	0.3405
354 T	0.07494	0.57399	0.35107
355 T	0.07605	0.55965	0.3643
356 G	0.07654	0.55073	0.37273
357 G	0.08105	0.54529	0.37367
358 A	0.09016	0.54698	0.36286
359 A	0.10709	0.52548	0.36744
360 A	0.13653	0.46976	0.39371
361 T	0.18710	0.39140	0.42151
362 T	0.21122	0.35960	0.42918
363 T	0.22136	0.36583	0.41281
364 A	0.22619	0.38532	0.38849
365 A	0.23588	0.40157	0.36254
366 A	0.25737	0.39128	0.35135
367 T	0.29300	0.36141	0.34559
368 T	0.31351	0.35722	0.32927
369 A	0.32031	0.38995	0.28974
370 A	0.33661	0.40771	0.25568
371 G	0.34497	0.41369	0.24134
372 T	0.36712	0.39953	0.23335
373 T	0.37189	0.40647	0.22164
374 T	0.37018	0.42147	0.20835
375 G	0.36550	0.44476	0.18974
376 T	0.36285	0.47827	0.15888
377 T	0.34798	0.51572	0.1363
378 A	0.27357	0.61984	0.1066
379 A	0.24567	0.68262	0.07171
380 A	0.22751	0.71492	0.05757
381 A	0.21359	0.73114	0.05527
382 G	0.20332	0.74417	0.05251
383 A	0.20596	0.74374	0.0503
384 A	0.19773	0.75217	0.0501
385 C	0.20579	0.74385	0.05035
386 A	0.21553	0.73423	0.05023
387 A	0.22842	0.72123	0.05035
388 C	0.25097	0.69834	0.05069
389 A	0.26309	0.68643	0.05048
390 A	0.27586	0.67376	0.05038
391 A	0.30275	0.64471	0.05253
392 A	0.34896	0.59439	0.05665
393 T	0.39185	0.54829	0.05986
394 T	0.40922	0.51466	0.07612
395 C	0.40876	0.50099	0.09024
396 T	0.40612	0.49865	0.09522
397 G	0.37825	0.52060	0.10115
398 A	0.36579	0.52781	0.10641
399 T	0.37631	0.50781	0.11588
400 G	0.35176	0.51824	0.13
401 C	0.36354	0.43296	0.2035
402 T	0.38521	0.39469	0.2201
403 A	0.37837	0.39711	0.22452
404 A	0.37245	0.39247	0.23508
405 T	0.37162	0.38394	0.24444
406 A	0.36681	0.39471	0.23848
407 T	0.36484	0.37689	0.25828
408 T	0.35576	0.38041	0.26383
409 A	0.34434	0.39826	0.2574
410 A	0.33548	0.41527	0.24925
411 T	0.32653	0.41671	0.25675
412 G	0.30599	0.43401	0.26
413 T	0.29681	0.44423	0.25897
414 A	0.28455	0.46127	0.25419
415 A	0.27642	0.48525	0.23833
416 A	0.27039	0.49698	0.23263
417 T	0.26239	0.50395	0.23367
418 A	0.23803	0.54328	0.21868
419 A	0.22921	0.55784	0.21296
420 A	0.22670	0.55136	0.22193
421 G	0.22481	0.54771	0.22748
422 A	0.22436	0.55118	0.22446
423 T	0.22701	0.52863	0.24436
424 T	0.22938	0.53272	0.23791
425 G	0.22875	0.53897	0.23227
426 T	0.23714	0.55121	0.21165
427 G	0.23735	0.58084	0.18181
428 A	0.24189	0.60330	0.1548
429 T	0.25568	0.60336	0.14097
430 A	0.26260	0.60827	0.12913
431 A	0.27305	0.59651	0.13045
432 T	0.29853	0.56365	0.13782
433 T	0.31850	0.53648	0.14503
434 T	0.32158	0.52828	0.15014
435 T	0.32133	0.52114	0.15753
436 A	0.31172	0.53490	0.15338
437 A	0.30150	0.55141	0.14709
438 A	0.30497	0.54185	0.15318
439 A	0.30641	0.53478	0.15882
440 A	0.31306	0.51913	0.16781
441 A	0.33979	0.46916	0.19105
442 C	0.36542	0.43612	0.19846
443 A	0.38883	0.41737	0.1938
444 A	0.41217	0.39940	0.18843
445 A	0.43505	0.38071	0.18424
446 T	0.45479	0.36476	0.18045
447 T	0.45071	0.37585	0.17344
448 G	0.42770	0.41478	0.15752
449 A	0.40035	0.47562	0.12404
450 A	0.38019	0.53374	0.08607
451 T	0.38023	0.54676	0.07301
452 T	0.31986	0.62155	0.05858
453 A	0.26132	0.68267	0.05601
454 T	0.24713	0.69709	0.05578
455 T	0.20324	0.74093	0.05584
456 A	0.13947	0.80298	0.05755
457 C	0.11484	0.82456	0.0606
458 A	0.10196	0.83583	0.06222
459 A	0.09786	0.83508	0.06705
460 C	0.09696	0.82923	0.07381
461 C	0.08275	0.84209	0.07517
462 A	0.07566	0.85158	0.07276
463 C	0.07026	0.85777	0.07197
464 A	0.06437	0.87361	0.06202
465 A	0.06388	0.87866	0.05746
466 A	0.06962	0.87399	0.05638
467 A	0.07875	0.85647	0.06478
468 A	0.08669	0.83704	0.07626
469 G	0.09516	0.77799	0.12685
470 A	0.10436	0.73265	0.16299
471 A	0.13085	0.67671	0.19244
472 A	0.16907	0.58999	0.24095
473 T	0.21458	0.45925	0.32616
474 A	0.22515	0.39980	0.37506
475 T	0.23552	0.28957	0.47491
476 T	0.23369	0.29372	0.47259
477 A	0.20168	0.44130	0.35701
478 A	0.16296	0.63365	0.20338
479 A	0.11256	0.82084	0.06659
480 A	0.09598	0.84225	0.06177
481 A	0.08566	0.84632	0.06802
482 A	0.07607	0.85255	0.07138
483 A	0.07008	0.84854	0.08138
484 C	0.06740	0.83488	0.09773
485 A	0.06793	0.83798	0.09409
486 A	0.07122	0.83635	0.09242
487 C	0.08006	0.82963	0.09031
488 T	0.08395	0.85422	0.06183
489 T	0.08353	0.86359	0.05288
490 G	0.07966	0.87199	0.04835
491 A	0.07350	0.88390	0.04259
492 A	0.06670	0.89548	0.03782
493 C	0.06364	0.89860	0.03776
494 C	0.06477	0.90047	0.03477
495 A	0.06914	0.90434	0.02652
496 A	0.07516	0.90222	0.02262
497 A	0.09363	0.88506	0.0213
498 A	0.12741	0.85184	0.02076
499 G	0.20214	0.77313	0.02473
500 A	0.32362	0.61790	0.05849
501 A	0.47436	0.42814	0.0975
502 T	0.60752	0.24558	0.1469
503 T	0.60294	0.24516	0.15191
504 A	0.55350	0.29512	0.15138
505 G	0.46892	0.38468	0.14639
506 A	0.35773	0.50847	0.1338
507 A	0.26422	0.60581	0.12997
508 C	0.19835	0.67112	0.13053
509 A	0.17546	0.69769	0.12685
510 A	0.16237	0.71512	0.12251
511 A	0.17174	0.71011	0.11815
512 A	0.17328	0.70702	0.1197
513 C	0.17733	0.69974	0.12294
514 A	0.18406	0.69574	0.12021
515 T	0.19472	0.68508	0.12021
516 T	0.19556	0.69259	0.11184
517 T	0.19017	0.70143	0.1084
518 T	0.18259	0.71650	0.10092
519 A	0.14856	0.76427	0.08718
520 A	0.10441	0.82254	0.07305
521 A	0.07046	0.86511	0.06443
522 A	0.05512	0.88082	0.06407
523 G	0.04450	0.88925	0.06624
524 A	0.04279	0.88994	0.06728
525 A	0.04465	0.88286	0.0725
526 A	0.05359	0.85040	0.09601
527 A	0.06210	0.78538	0.15252
528 A	0.07660	0.67959	0.24381
529 A	0.09450	0.56173	0.34377
530 T	0.10219	0.48068	0.41713
531 A	0.10125	0.46789	0.43087
532 G	0.10294	0.48968	0.40738
533 A	0.10670	0.52417	0.36913
534 T	0.11318	0.54690	0.33992
535 A	0.11324	0.60161	0.28514
536 A	0.11489	0.63772	0.24739
537 A	0.12293	0.67840	0.19866
538 A	0.13143	0.70859	0.15998
539 T	0.13953	0.71343	0.14703
540 G	0.12678	0.73325	0.13997
541 A	0.13130	0.73989	0.12881
542 A	0.14296	0.71252	0.14452
543 G	0.15891	0.65716	0.18393
544 T	0.17125	0.61715	0.21159
545 A	0.17532	0.60435	0.22033
546 T	0.17929	0.59355	0.22717
547 C	0.17989	0.59621	0.2239
548 A	0.17520	0.61389	0.21091
549 A	0.15689	0.63743	0.20568
550 A	0.14533	0.64954	0.20513
551 G	0.14566	0.64961	0.20473
552 A	0.15600	0.63902	0.20499
553 G	0.18543	0.60559	0.20899
554 C	0.24892	0.53808	0.213
555 T	0.31747	0.46911	0.21342
556 C	0.35959	0.42821	0.2122
557 A	0.39081	0.40588	0.20331
558 A	0.43978	0.36112	0.1991
559 A	0.48156	0.31922	0.19923
560 T	0.54386	0.25449	0.20165
561 T	0.59122	0.20479	0.20399
562 T	0.61487	0.17135	0.21378
563 C	0.62234	0.14393	0.23373
564 T	0.63085	0.13282	0.23633
565 C	0.62477	0.13777	0.23745
566 C	0.61486	0.14763	0.23751
567 T	0.61523	0.14843	0.23634
568 A	0.61387	0.15188	0.23425
569 G	0.61300	0.15331	0.23369
570 T	0.61646	0.14899	0.23455
571 T	0.62198	0.13869	0.23933
572 G	0.58569	0.15566	0.25865
573 G	0.55125	0.17689	0.27187
574 C	0.50588	0.22242	0.27169
575 G	0.48633	0.25309	0.26059
576 T	0.46884	0.30278	0.22838
577 A	0.43231	0.40683	0.16085
578 A	0.42047	0.43396	0.14557
579 A	0.40948	0.45467	0.13586
580 G	0.41358	0.45380	0.13262
581 T	0.41648	0.45491	0.12861
582 T	0.41345	0.46342	0.12313
583 T	0.40480	0.47891	0.11629
584 A	0.37548	0.51762	0.1069
585 T	0.36431	0.52876	0.10692
586 G	0.34923	0.54305	0.10771
587 A	0.33853	0.55294	0.10854
588 A	0.33330	0.54900	0.1177
589 C	0.33080	0.54066	0.12854
590 G	0.32808	0.54845	0.12348
591 A	0.32615	0.56513	0.10873
592 A	0.32365	0.58385	0.0925
593 T	0.32321	0.58790	0.08889
594 A	0.32313	0.59281	0.08406
595 A	0.32578	0.55672	0.11749
596 A	0.32936	0.51782	0.15281
597 T	0.34072	0.45314	0.20614
598 A	0.35278	0.43368	0.21354
599 A	0.38594	0.39301	0.22105
600 T	0.45004	0.30475	0.24521
601 A	0.46208	0.29501	0.24292
602 T	0.46952	0.28654	0.24395
603 T	0.47302	0.29146	0.23552
604 A	0.47146	0.30832	0.22022
605 A	0.46486	0.32844	0.20671
606 A	0.40298	0.39067	0.20635
607 G	0.36579	0.40305	0.23116
608 T	0.34985	0.41502	0.23513
609 A	0.28893	0.51568	0.19539
610 G	0.22059	0.61939	0.16002
611 A	0.15711	0.76827	0.07462
612 A	0.12961	0.79891	0.07149
613 A	0.12726	0.80082	0.07191
614 A	0.14097	0.78651	0.07252
615 T	0.16073	0.76298	0.07629
616 C	0.16260	0.76057	0.07683
617 A	0.16437	0.76227	0.07337
618 T	0.16608	0.76096	0.07297
619 C	0.15237	0.77476	0.07288
620 A	0.13892	0.78862	0.07246
621 A	0.13840	0.78974	0.07187
622 C	0.14455	0.78281	0.07264
623 C	0.15137	0.77676	0.07187
624 A	0.16419	0.76750	0.06831
625 T	0.18213	0.75042	0.06745
626 T	0.18214	0.75220	0.06567
627 A	0.17403	0.76247	0.0635
628 A	0.17982	0.75010	0.07008
629 A	0.18612	0.66585	0.14803
630 T	0.19023	0.60550	0.20427
631 A	0.19439	0.58222	0.22339
632 A	0.23062	0.49840	0.27098
633 A	0.26230	0.41612	0.32158
634 T	0.34185	0.28081	0.37735
635 T	0.34355	0.26963	0.38682
636 A	0.33123	0.31754	0.35122
637 G	0.32361	0.36788	0.30851
638 A	0.31566	0.47498	0.20937
639 A	0.29918	0.55398	0.14684
640 A	0.24188	0.62285	0.13527
641 A	0.23359	0.63665	0.12976
642 T	0.23130	0.63297	0.13573
643 A	0.21705	0.65544	0.12751
644 A	0.20154	0.67277	0.12569
645 T	0.19251	0.68587	0.12162
646 A	0.17287	0.73060	0.09654
647 G	0.16788	0.74984	0.08229
648 A	0.16357	0.76512	0.07131
649 T	0.16454	0.75176	0.08369
650 T	0.16036	0.74220	0.09744
651 A	0.14946	0.74838	0.10217
652 A	0.13947	0.74988	0.11065
653 C	0.13145	0.74805	0.1205
654 A	0.12658	0.74808	0.12534
655 A	0.13107	0.73937	0.12956
656 C	0.13855	0.72471	0.13674
657 C	0.14646	0.71562	0.13791
658 G	0.16379	0.70163	0.13458
659 A	0.20378	0.66332	0.1329
660 A	0.25043	0.61745	0.13212
661 A	0.33927	0.53685	0.12388
662 T	0.39671	0.47313	0.13016
663 T	0.38463	0.43743	0.17794
664 G	0.34394	0.47945	0.17661
665 A	0.29409	0.54246	0.16345
666 A	0.28324	0.57877	0.138
667 A	0.26240	0.63308	0.10453
668 A	0.24938	0.66063	0.08999
669 A	0.27279	0.61906	0.10815
670 T	0.29090	0.58941	0.11968
671 T	0.29027	0.58015	0.12958
672 A	0.23103	0.64015	0.12882
673 C	0.18424	0.68097	0.13479
674 A	0.16442	0.69661	0.13897
675 A	0.15269	0.70242	0.14489
676 G	0.14660	0.70224	0.15116
677 A	0.14552	0.70282	0.15166
678 T	0.14685	0.70187	0.15128
679 G	0.14604	0.69528	0.15869
680 A	0.14565	0.70255	0.1518
681 A	0.14742	0.70480	0.14779
682 G	0.15467	0.69789	0.14744
683 A	0.16159	0.69606	0.14235
684 A	0.18148	0.66859	0.14994
685 A	0.20678	0.62577	0.16745
686 T	0.24544	0.55112	0.20344
687 T	0.26469	0.49635	0.23896
688 G	0.27302	0.46062	0.26636
689 A	0.29202	0.44242	0.26556
690 A	0.32119	0.41144	0.26737
691 T	0.34187	0.38053	0.27759
692 T	0.33830	0.39219	0.26952
693 A	0.32781	0.44404	0.22814
694 A	0.31835	0.48614	0.19552
695 T	0.30769	0.44475	0.24756
696 T	0.26508	0.44660	0.28832
697 G	0.22527	0.47361	0.30112
698 G	0.21325	0.48173	0.30502
699 C	0.20685	0.50225	0.29091
700 C	0.20287	0.55763	0.23951
701 A	0.19427	0.59462	0.21111
702 A	0.16352	0.64438	0.1921
703 A	0.17212	0.63655	0.19132
704 T	0.18353	0.62563	0.19084
705 C	0.18635	0.62259	0.19106
706 A	0.19099	0.62127	0.18774
707 C	0.19577	0.62015	0.18408
708 T	0.20434	0.62895	0.16671
709 A	0.18305	0.70025	0.1167
710 A	0.17839	0.73638	0.08522
711 A	0.18743	0.73523	0.07735
712 A	0.20598	0.72062	0.0734
713 T	0.23351	0.68279	0.08369
714 T	0.24832	0.66907	0.08262
715 A	0.25344	0.65768	0.08888
716 A	0.29021	0.61612	0.09367
717 A	0.32110	0.57360	0.10531
718 A	0.32422	0.54707	0.1287
719 C	0.32579	0.48996	0.18425
720 T	0.33459	0.45367	0.21173
721 G	0.33366	0.45479	0.21154
722 A	0.35190	0.43782	0.21027
723 A	0.38666	0.40138	0.21196
724 A	0.40647	0.37548	0.21805
725 T	0.41687	0.32515	0.25798
726 C	0.40099	0.33640	0.26261
727 A	0.38067	0.40019	0.21913
728 A	0.26382	0.60488	0.1313
729 A	0.20614	0.73461	0.05926
730 A	0.19232	0.75210	0.05558
731 A	0.19088	0.75500	0.05412
732 A	0.22503	0.69430	0.08067
733 T	0.24131	0.66630	0.09239
734 C	0.22208	0.68137	0.09654
735 A	0.20746	0.71456	0.07798
736 G	0.19341	0.73279	0.07379
737 A	0.19200	0.73658	0.07142
738 A	0.18543	0.74190	0.07267
739 T	0.18007	0.74697	0.07295
740 C	0.17503	0.74388	0.08109
741 T	0.16897	0.75179	0.07924
742 A	0.14990	0.77450	0.0756
743 A	0.12715	0.79898	0.07387
744 A	0.11221	0.81207	0.07572
745 C	0.10770	0.81272	0.07958
746 A	0.10706	0.80862	0.08432
747 A	0.11049	0.80090	0.08861
748 A	0.11714	0.78785	0.09501
749 A	0.12745	0.76500	0.10755
750 A	0.16886	0.70686	0.12428
751 A	0.25257	0.48784	0.25959
752 T	0.32176	0.34874	0.3295
753 G	0.32710	0.32271	0.35019
754 T	0.33286	0.31193	0.35521
755 A	0.33536	0.31180	0.35284
756 T	0.33674	0.30323	0.36003
757 A	0.33425	0.29801	0.36774
758 A	0.34843	0.28261	0.36895
759 T	0.35117	0.27941	0.36941
760 A	0.35040	0.37370	0.27589
761 A	0.34779	0.39501	0.2572
762 T	0.34707	0.38706	0.26587
763 A	0.34197	0.39299	0.26504
764 T	0.34238	0.38617	0.27145
765 G	0.34559	0.37779	0.27662
766 T	0.34914	0.35756	0.2933
767 T	0.34939	0.34905	0.30155
768 A	0.34725	0.35660	0.29615
769 T	0.34700	0.36204	0.29096
770 C	0.32205	0.39516	0.28279
771 A	0.29443	0.45799	0.24758
772 A	0.28458	0.46949	0.24593
773 G	0.28336	0.47160	0.24503
774 T	0.28410	0.47132	0.24458
775 G	0.28444	0.47141	0.24416
776 C	0.29111	0.46276	0.24613
777 T	0.30869	0.44567	0.24563
778 G	0.31614	0.43928	0.24458
779 A	0.32240	0.43624	0.24135
780 A	0.33748	0.42287	0.23966
781 A	0.35496	0.40708	0.23796
782 G	0.38047	0.37813	0.24141
783 T	0.48932	0.26307	0.24762
784 T	0.51217	0.23416	0.25367
785 T	0.51525	0.22844	0.25632
786 A	0.51027	0.23147	0.25827
787 C	0.48384	0.25853	0.25764
788 G	0.44023	0.30787	0.25191
789 A	0.36536	0.39003	0.24461
790 A	0.35081	0.41090	0.23829
791 A	0.34897	0.41715	0.23388
792 T	0.35130	0.41856	0.23014
793 G	0.34106	0.41551	0.24343
794 T	0.36041	0.37988	0.25971
795 A	0.33930	0.39449	0.2662
796 T	0.33576	0.39975	0.2645
797 T	0.32940	0.40919	0.26141
798 T	0.31637	0.42772	0.25592
799 C	0.29102	0.46295	0.24604
800 A	0.25672	0.50445	0.23883
801 A	0.24563	0.51458	0.23978
802 A	0.23895	0.52097	0.24008
803 A	0.23181	0.52775	0.24044
804 C	0.23175	0.52671	0.24154
805 C	0.23068	0.52659	0.24273
806 A	0.22806	0.53533	0.23661
807 A	0.22851	0.54245	0.22904
808 G	0.23204	0.54289	0.22507
809 A	0.23553	0.53999	0.22448
810 T	0.24133	0.50930	0.24937
811 A	0.24198	0.45966	0.29836
812 A	0.24617	0.40006	0.35377
813 A	0.25028	0.41055	0.33917
814 A	0.24059	0.46717	0.29223
815 A	0.24250	0.51006	0.24744
816 T	0.25424	0.51462	0.23115
817 A	0.25726	0.52638	0.21636
818 G	0.25909	0.51061	0.2303
819 T	0.26391	0.52219	0.2139
820 G	0.26575	0.54040	0.19385
821 A	0.26690	0.56959	0.16351
822 A	0.27447	0.54763	0.1779
823 T	0.28092	0.51335	0.20573
824 T	0.27787	0.50713	0.21499
825 A	0.27364	0.50713	0.21924
826 C	0.26950	0.50671	0.22378
827 A	0.26702	0.50969	0.22329
828 A	0.26664	0.50927	0.22409
829 T	0.27150	0.50320	0.22531
830 A	0.27545	0.50195	0.2226
831 C	0.27951	0.50153	0.21896
832 A	0.28284	0.51421	0.20295
833 A	0.28757	0.51810	0.19432
834 A	0.29735	0.50550	0.19715
835 A	0.32019	0.48235	0.19747
836 A	0.36517	0.43560	0.19924
837 T	0.45052	0.32761	0.22187
838 C	0.51351	0.25557	0.23093
839 T	0.56612	0.20251	0.23137
840 T	0.59194	0.18012	0.22794
841 A	0.60096	0.17449	0.22456
842 T	0.61831	0.15805	0.22364
843 T	0.63348	0.14267	0.22385
844 T	0.65308	0.11886	0.22807
845 T	0.64485	0.12602	0.22914
846 A	0.63517	0.14419	0.22063
847 T	0.62407	0.15906	0.21687
848 A	0.56543	0.22881	0.20576
849 T	0.51744	0.27467	0.2079
850 G	0.45433	0.33777	0.2079
851 A	0.44254	0.35616	0.2013
852 A	0.43693	0.36413	0.19893
853 C	0.43791	0.36254	0.19954
854 T	0.44114	0.35864	0.20023
855 A	0.45010	0.35031	0.19958
856 A	0.45070	0.34945	0.19985
857 A	0.45021	0.34944	0.20036
858 C	0.44603	0.35322	0.20075
859 T	0.44486	0.35395	0.2012
860 C	0.44191	0.35688	0.20121
861 A	0.43776	0.36174	0.20051
862 C	0.43891	0.36181	0.19928
863 T	0.44217	0.36329	0.19454
864 T	0.44259	0.36563	0.19178
865 T	0.44151	0.37022	0.18827
866 A	0.43384	0.38289	0.18327
867 T	0.42768	0.39206	0.18027
868 G	0.41632	0.39086	0.19282
869 A	0.41886	0.37863	0.2025
870 A	0.42172	0.36117	0.21711
871 A	0.43366	0.29274	0.2736
872 T	0.43650	0.23654	0.32695
873 C	0.43563	0.17729	0.38707
874 A	0.44030	0.16795	0.39175
875 C	0.43888	0.16699	0.39413
876 T	0.43718	0.17814	0.38468
877 A	0.42516	0.20523	0.36962
878 A	0.41955	0.21773	0.36272
879 T	0.41249	0.22698	0.36052
880 A	0.38666	0.28931	0.32403
881 G	0.36996	0.33198	0.29806
882 A	0.36496	0.39556	0.23948
883 A	0.36276	0.39859	0.23864
884 G	0.36287	0.39595	0.24118
885 A	0.36496	0.40521	0.22983
886 T	0.37132	0.40479	0.22389
887 C	0.37388	0.41056	0.21556
888 A	0.37662	0.41391	0.20946
889 A	0.38067	0.40924	0.21009
890 A	0.38457	0.40153	0.2139
891 T	0.38829	0.38831	0.2234
892 C	0.38464	0.38970	0.22566
893 A	0.37913	0.40191	0.21896
894 A	0.37024	0.42029	0.20946
895 A	0.35849	0.45045	0.19106
896 T	0.35158	0.46213	0.18628
897 A	0.33707	0.48290	0.18004
898 A	0.33032	0.48766	0.18202
899 A	0.33206	0.48298	0.18496
900 G	0.34253	0.45862	0.19886
901 A	0.34837	0.44560	0.20603
902 A	0.36057	0.42406	0.21537
903 G	0.39554	0.36408	0.24038
904 C	0.42899	0.31577	0.25524
905 G	0.48146	0.26060	0.25795
906 C	0.48942	0.25141	0.25917
907 A	0.49511	0.24787	0.25702
908 C	0.51223	0.23073	0.25704
909 T	0.52569	0.21785	0.25646
910 G	0.53611	0.20767	0.25622
911 T	0.54628	0.19746	0.25626
912 T	0.55203	0.19118	0.2568
913 A	0.55557	0.18691	0.25752
914 T	0.55908	0.17865	0.26228
915 A	0.56216	0.17000	0.26784
916 A	0.57113	0.15338	0.27549
917 A	0.58428	0.12770	0.28802
918 T	0.60641	0.08921	0.30438
919 T	0.61514	0.06964	0.31522
920 T	0.62185	0.04867	0.32948
921 T	0.62482	0.03792	0.33726
922 T	0.62584	0.03130	0.34286
923 G	0.62598	0.02795	0.34607
924 T	0.62631	0.02521	0.34847
925 A	0.62642	0.02371	0.34988
926 A	0.62663	0.02155	0.35181
927 A	0.62710	0.01856	0.35435
928 T	0.62826	0.01347	0.35828
929 A	0.62912	0.00881	0.36207
930 A	0.63290	0.00000	0.3671
