# lcl|CP097583.1_cds_USQ93607.1_1
# AA	inside	membr	outside
1 T	0.72969	0.00000	0.27031
2 T	0.72609	0.00360	0.27031
3 G	0.72228	0.00741	0.27031
4 C	0.72228	0.03662	0.2411
5 C	0.64253	0.22192	0.13556
6 G	0.64252	0.27908	0.0784
7 A	0.30015	0.63553	0.06433
8 T	0.30014	0.63575	0.06412
9 A	0.21823	0.71885	0.06292
10 G	0.21812	0.75142	0.03047
11 A	0.20957	0.76182	0.02861
12 A	0.12690	0.84487	0.02823
13 C	0.06713	0.90550	0.02738
14 A	0.06711	0.90552	0.02738
15 A	0.06711	0.92092	0.01197
16 A	0.06610	0.92193	0.01197
17 A	0.06500	0.92336	0.01164
18 A	0.06498	0.92383	0.0112
19 A	0.06453	0.92439	0.01108
20 A	0.06333	0.92648	0.01019
21 G	0.06214	0.92757	0.01028
22 A	0.06224	0.92737	0.01039
23 A	0.06307	0.92600	0.01094
24 A	0.06546	0.92296	0.01158
25 A	0.07252	0.90736	0.02013
26 A	0.08166	0.89051	0.02783
27 A	0.11716	0.83235	0.05049
28 A	0.21388	0.65821	0.12791
29 T	0.26718	0.57580	0.15702
30 T	0.28017	0.27588	0.44395
31 A	0.28175	0.26240	0.45586
32 T	0.28500	0.17451	0.54048
33 T	0.30381	0.14515	0.55105
34 T	0.30514	0.13713	0.55773
35 T	0.30604	0.08288	0.61109
36 A	0.30632	0.05935	0.63433
37 G	0.30656	0.06427	0.62917
38 G	0.31717	0.05632	0.62651
39 G	0.31769	0.09362	0.5887
40 T	0.31913	0.09910	0.58177
41 T	0.31988	0.09980	0.58031
42 T	0.32001	0.10204	0.57795
43 T	0.32028	0.10188	0.57783
44 G	0.31968	0.11197	0.56836
45 C	0.31950	0.11366	0.56684
46 G	0.31945	0.11948	0.56106
47 T	0.31950	0.12276	0.55774
48 T	0.31932	0.12453	0.55615
49 T	0.31897	0.13057	0.55046
50 T	0.31867	0.13267	0.54866
51 A	0.31835	0.13701	0.54464
52 G	0.31833	0.13828	0.54338
53 G	0.31883	0.13797	0.5432
54 T	0.32162	0.13537	0.54302
55 A	0.32363	0.13350	0.54287
56 T	0.33334	0.12379	0.54287
57 C	0.34012	0.11705	0.54283
58 G	0.34634	0.11251	0.54114
59 T	0.36055	0.10058	0.53887
60 T	0.36908	0.09851	0.53241
61 A	0.37284	0.09947	0.52769
62 T	0.40633	0.06795	0.52571
63 T	0.41379	0.06203	0.52418
64 T	0.41645	0.06053	0.52302
65 T	0.41892	0.05919	0.52189
66 A	0.42079	0.05866	0.52056
67 T	0.43065	0.04878	0.52057
68 T	0.43377	0.04602	0.52021
69 T	0.43951	0.04078	0.51971
70 T	0.44180	0.03969	0.5185
71 T	0.44278	0.03953	0.51769
72 T	0.44495	0.03943	0.51562
73 A	0.44528	0.04442	0.5103
74 T	0.44814	0.04745	0.50441
75 T	0.44834	0.05603	0.49562
76 T	0.44571	0.07839	0.4759
77 T	0.44031	0.11517	0.44452
78 A	0.42883	0.15044	0.42073
79 G	0.42426	0.16461	0.41113
80 G	0.42310	0.17416	0.40274
81 T	0.42480	0.17890	0.3963
82 A	0.42678	0.18150	0.39172
83 T	0.43508	0.17513	0.38979
84 T	0.43989	0.17171	0.3884
85 T	0.44164	0.17151	0.38685
86 T	0.44247	0.17343	0.3841
87 T	0.44302	0.17664	0.38034
88 A	0.44315	0.18386	0.37299
89 T	0.44412	0.18634	0.36955
90 T	0.44302	0.19303	0.36395
91 T	0.43953	0.20104	0.35943
92 A	0.42389	0.21995	0.35617
93 T	0.40482	0.24145	0.35372
94 A	0.35649	0.29330	0.35021
95 A	0.31778	0.33415	0.34807
96 A	0.30221	0.35132	0.34647
97 A	0.29929	0.35634	0.34437
98 A	0.30497	0.35108	0.34395
99 A	0.32811	0.32640	0.34549
100 T	0.36482	0.28581	0.34938
101 T	0.38557	0.25535	0.35908
102 T	0.39052	0.24732	0.36216
103 T	0.38881	0.24787	0.36332
104 T	0.37584	0.26056	0.3636
105 C	0.34270	0.29309	0.36421
106 T	0.31708	0.31882	0.3641
107 C	0.28007	0.35603	0.3639
108 G	0.25159	0.38579	0.36262
109 C	0.23687	0.40251	0.36062
110 G	0.22914	0.41417	0.35669
111 T	0.23041	0.41822	0.35137
112 A	0.22469	0.42841	0.3469
113 T	0.22722	0.42667	0.34611
114 T	0.22661	0.43022	0.34316
115 A	0.21876	0.43403	0.3472
116 A	0.21164	0.43104	0.35732
117 A	0.20537	0.40362	0.39101
118 A	0.19753	0.39305	0.40942
119 A	0.18481	0.40569	0.4095
120 A	0.17364	0.43559	0.39077
121 G	0.17060	0.46254	0.36686
122 A	0.16780	0.51322	0.31899
123 A	0.16458	0.56255	0.27288
124 G	0.16384	0.57790	0.25826
125 A	0.16396	0.60861	0.22743
126 A	0.15981	0.64283	0.19736
127 A	0.15905	0.65878	0.18217
128 T	0.15941	0.63539	0.20521
129 A	0.15870	0.63551	0.20579
130 G	0.15910	0.62797	0.21293
131 A	0.16079	0.63262	0.20659
132 T	0.16261	0.62511	0.21227
133 G	0.16302	0.62877	0.20821
134 T	0.16588	0.64747	0.18665
135 A	0.16307	0.66834	0.16859
136 G	0.16199	0.69204	0.14596
137 A	0.16346	0.72626	0.11028
138 A	0.16998	0.73562	0.09439
139 A	0.17764	0.72528	0.09708
140 A	0.18733	0.70962	0.10305
141 A	0.20493	0.68299	0.11208
142 A	0.22634	0.64803	0.12564
143 C	0.25787	0.60194	0.14019
144 A	0.29127	0.56746	0.14128
145 A	0.34523	0.50999	0.14478
146 T	0.40350	0.44739	0.14912
147 G	0.42307	0.42656	0.15037
148 A	0.45785	0.39127	0.15088
149 C	0.49997	0.34177	0.15826
150 T	0.54390	0.29660	0.1595
151 T	0.56541	0.27664	0.15796
152 A	0.58916	0.25911	0.15173
153 T	0.62320	0.22605	0.15075
154 T	0.64848	0.20369	0.14782
155 T	0.65762	0.19804	0.14433
156 A	0.66462	0.19300	0.14237
157 T	0.68995	0.16541	0.14464
158 G	0.70534	0.14577	0.1489
159 T	0.72797	0.12061	0.15142
160 T	0.75376	0.09327	0.15297
161 C	0.76436	0.08186	0.15379
162 T	0.75977	0.08879	0.15144
163 T	0.73906	0.11660	0.14434
164 A	0.68995	0.17533	0.13472
165 T	0.67136	0.19730	0.13133
166 A	0.64609	0.22308	0.13083
167 A	0.63660	0.23117	0.13222
168 T	0.62929	0.23697	0.13374
169 T	0.61390	0.25181	0.13429
170 C	0.58854	0.27633	0.13513
171 T	0.57167	0.29370	0.13463
172 G	0.53678	0.32879	0.13443
173 A	0.50532	0.36080	0.13388
174 A	0.49290	0.37374	0.13336
175 T	0.49219	0.37450	0.13332
176 C	0.48526	0.38112	0.13362
177 A	0.47669	0.39722	0.12609
178 T	0.47638	0.39770	0.12592
179 T	0.46783	0.40866	0.12352
180 T	0.44994	0.43180	0.11826
181 A	0.40954	0.48852	0.10195
182 A	0.39352	0.50724	0.09924
183 T	0.38146	0.51575	0.10279
184 A	0.34848	0.54780	0.10372
185 A	0.32763	0.56676	0.10561
186 A	0.32803	0.54754	0.12442
187 T	0.33415	0.49533	0.17053
188 T	0.32874	0.48644	0.18482
189 A	0.30689	0.49333	0.19978
190 T	0.30043	0.49334	0.20622
191 T	0.28970	0.50236	0.20794
192 A	0.26438	0.53317	0.20245
193 A	0.23859	0.55820	0.20321
194 A	0.22101	0.57317	0.20581
195 A	0.21257	0.56003	0.2274
196 A	0.21094	0.54167	0.24739
197 A	0.20978	0.53237	0.25786
198 G	0.20978	0.52675	0.26347
199 A	0.21283	0.52762	0.25956
200 T	0.22292	0.52264	0.25444
201 A	0.22102	0.56620	0.21278
202 A	0.22299	0.57000	0.207
203 A	0.22578	0.57876	0.19545
204 T	0.24170	0.55472	0.20358
205 A	0.24659	0.57547	0.17794
206 A	0.25216	0.57428	0.17356
207 A	0.26115	0.55759	0.18127
208 T	0.27302	0.54046	0.18653
209 T	0.27564	0.54455	0.17982
210 A	0.26179	0.56650	0.17171
211 A	0.24382	0.59849	0.15769
212 G	0.23483	0.59209	0.17309
213 T	0.23617	0.59445	0.16937
214 G	0.23027	0.59444	0.17529
215 A	0.23936	0.57192	0.18871
216 A	0.25091	0.53990	0.2092
217 T	0.26298	0.51289	0.22413
218 C	0.26451	0.50735	0.22814
219 A	0.26940	0.51243	0.21817
220 G	0.27366	0.52063	0.20571
221 A	0.27876	0.55684	0.16441
222 A	0.28720	0.55036	0.16244
223 A	0.30739	0.52980	0.16281
224 T	0.36002	0.47097	0.16901
225 A	0.37771	0.45006	0.17223
226 C	0.41049	0.41234	0.17716
227 C	0.44354	0.37850	0.17795
228 T	0.48535	0.33914	0.17551
229 G	0.49650	0.33413	0.16937
230 A	0.51773	0.32351	0.15876
231 T	0.53737	0.30735	0.15528
232 T	0.54719	0.29748	0.15532
233 A	0.55056	0.27988	0.16956
234 T	0.57168	0.23466	0.19366
235 T	0.58102	0.20778	0.21121
236 G	0.58096	0.19904	0.22
237 T	0.58114	0.19208	0.22678
238 T	0.57929	0.19451	0.2262
239 C	0.57239	0.20006	0.22755
240 G	0.56633	0.21253	0.22114
241 A	0.56858	0.21743	0.214
242 A	0.57684	0.21256	0.2106
243 A	0.58736	0.20459	0.20805
244 T	0.62381	0.16883	0.20737
245 T	0.62109	0.16994	0.20897
246 A	0.56322	0.23694	0.19984
247 G	0.50808	0.31283	0.17909
248 A	0.45738	0.40833	0.13429
249 A	0.43748	0.46271	0.09981
250 A	0.41495	0.51998	0.06507
251 A	0.40733	0.54102	0.05165
252 A	0.40834	0.54592	0.04574
253 T	0.41656	0.53410	0.04935
254 T	0.41196	0.53847	0.04956
255 A	0.39638	0.55322	0.0504
256 A	0.39008	0.55395	0.05597
257 C	0.38833	0.54996	0.06171
258 A	0.38337	0.55366	0.06297
259 G	0.38337	0.54760	0.06903
260 C	0.38996	0.53812	0.07192
261 T	0.39967	0.52913	0.0712
262 T	0.40019	0.53206	0.06776
263 C	0.39512	0.53565	0.06923
264 T	0.39374	0.54206	0.06421
265 A	0.38851	0.55548	0.05601
266 A	0.38759	0.56293	0.04948
267 A	0.38678	0.56598	0.04724
268 A	0.38993	0.56084	0.04922
269 A	0.40185	0.49184	0.10631
270 A	0.42534	0.41418	0.16048
271 G	0.47157	0.31737	0.21107
272 A	0.50890	0.26128	0.22982
273 T	0.54711	0.20079	0.25211
274 T	0.55958	0.17906	0.26136
275 T	0.56569	0.17053	0.26378
276 G	0.56457	0.16998	0.26545
277 G	0.56431	0.16617	0.26951
278 T	0.56496	0.16561	0.26943
279 A	0.56373	0.17423	0.26204
280 A	0.56339	0.17861	0.258
281 G	0.56550	0.17087	0.26363
282 T	0.56701	0.16909	0.2639
283 G	0.56719	0.17963	0.25318
284 A	0.57268	0.18274	0.24457
285 T	0.58285	0.17444	0.24272
286 T	0.58650	0.16801	0.24549
287 T	0.58815	0.17153	0.24032
288 G	0.58680	0.18642	0.22677
289 A	0.58440	0.19874	0.21685
290 T	0.57748	0.21545	0.20707
291 A	0.53778	0.26874	0.19349
292 A	0.49763	0.32686	0.17551
293 T	0.47136	0.36520	0.16344
294 T	0.43679	0.42274	0.14047
295 A	0.35338	0.54417	0.10245
296 A	0.30642	0.60685	0.08673
297 A	0.28480	0.63780	0.0774
298 T	0.28218	0.64358	0.07423
299 T	0.26562	0.66185	0.07253
300 A	0.20329	0.72845	0.06826
301 G	0.17094	0.76459	0.06446
302 A	0.16080	0.77443	0.06477
303 T	0.15120	0.78368	0.06511
304 A	0.12533	0.80967	0.06499
305 A	0.10624	0.82868	0.06508
306 C	0.10230	0.83193	0.06578
307 A	0.09557	0.84064	0.06379
308 A	0.08638	0.85237	0.06125
309 A	0.08376	0.85591	0.06032
310 A	0.08907	0.84996	0.06097
311 T	0.10279	0.83275	0.06446
312 A	0.09492	0.83081	0.07427
313 A	0.09445	0.81640	0.08915
314 A	0.10405	0.76222	0.13373
315 A	0.12099	0.69684	0.18218
316 G	0.13449	0.64430	0.22121
317 A	0.15997	0.58195	0.25808
318 T	0.19837	0.45895	0.34267
319 G	0.20984	0.39449	0.39567
320 T	0.21700	0.35615	0.42686
321 T	0.21389	0.34964	0.43648
322 A	0.19991	0.35183	0.44825
323 G	0.18797	0.31415	0.49788
324 T	0.17862	0.29461	0.52678
325 A	0.15847	0.31450	0.52703
326 T	0.14579	0.33586	0.51835
327 A	0.12610	0.40670	0.4672
328 G	0.11548	0.47486	0.40966
329 A	0.10874	0.51023	0.38104
330 A	0.10506	0.51285	0.38209
331 T	0.10651	0.50714	0.38635
332 T	0.10692	0.51672	0.37636
333 T	0.10537	0.53495	0.35967
334 A	0.09946	0.58254	0.318
335 A	0.09457	0.61784	0.28758
336 T	0.09009	0.65396	0.25595
337 G	0.07846	0.73258	0.18896
338 A	0.06679	0.81067	0.12254
339 A	0.06147	0.84605	0.09249
340 A	0.05959	0.86102	0.07939
341 A	0.05868	0.87399	0.06732
342 A	0.05631	0.88438	0.05931
343 A	0.05592	0.88656	0.05752
344 A	0.05881	0.88566	0.05552
345 A	0.06534	0.87713	0.05754
346 A	0.07137	0.86420	0.06443
347 G	0.08546	0.84125	0.07329
348 A	0.10721	0.81111	0.08167
349 A	0.13899	0.78153	0.07949
350 G	0.21060	0.69380	0.0956
351 T	0.30107	0.59458	0.10435
352 T	0.33716	0.55423	0.10861
353 A	0.33416	0.55400	0.11184
354 C	0.32682	0.56137	0.11181
355 G	0.31476	0.57416	0.11107
356 A	0.31331	0.57576	0.11093
357 A	0.35386	0.53143	0.11472
358 A	0.40208	0.48014	0.11778
359 C	0.44811	0.43241	0.11948
360 A	0.50275	0.38175	0.1155
361 T	0.54707	0.34206	0.11087
362 T	0.50432	0.40756	0.08811
363 G	0.40293	0.51204	0.08503
364 A	0.36697	0.55512	0.07792
365 A	0.35985	0.56025	0.0799
366 A	0.34890	0.56747	0.08362
367 C	0.34779	0.56438	0.08783
368 A	0.35948	0.55309	0.08744
369 T	0.35962	0.55343	0.08695
370 G	0.32652	0.58969	0.08378
371 A	0.29738	0.62496	0.07766
372 T	0.28769	0.63548	0.07683
373 T	0.25967	0.66154	0.07878
374 A	0.23305	0.68824	0.07871
375 T	0.22049	0.69621	0.0833
376 A	0.18361	0.72458	0.09181
377 A	0.15941	0.73501	0.10558
378 T	0.14731	0.72467	0.12802
379 G	0.12101	0.73709	0.1419
380 A	0.10852	0.74536	0.14612
381 A	0.10540	0.74376	0.15084
382 A	0.10852	0.72724	0.16423
383 A	0.12226	0.68905	0.18869
384 A	0.13929	0.64269	0.21802
385 T	0.16699	0.54272	0.29028
386 C	0.17034	0.44140	0.38826
387 T	0.17449	0.40642	0.4191
388 T	0.16924	0.40512	0.42564
389 A	0.15902	0.40987	0.4311
390 T	0.15607	0.40695	0.43698
391 G	0.14863	0.41458	0.4368
392 A	0.14674	0.40671	0.44656
393 A	0.14546	0.37144	0.48311
394 T	0.14780	0.32854	0.52366
395 T	0.13756	0.34546	0.51698
396 T	0.12653	0.36928	0.5042
397 G	0.11593	0.40628	0.47779
398 A	0.11303	0.40750	0.47947
399 T	0.11313	0.38465	0.50222
400 G	0.11193	0.38704	0.50103
401 T	0.11240	0.39892	0.48868
402 C	0.10519	0.41450	0.48032
403 A	0.09349	0.49822	0.40829
404 T	0.09031	0.55228	0.35742
405 G	0.07940	0.62467	0.29593
406 A	0.07431	0.68884	0.23685
407 A	0.07359	0.71941	0.207
408 A	0.07374	0.74605	0.18021
409 A	0.07339	0.76509	0.16152
410 A	0.07649	0.77364	0.14987
411 T	0.08168	0.77302	0.14531
412 A	0.07922	0.79774	0.12304
413 A	0.07564	0.83927	0.08509
414 A	0.07204	0.86571	0.06224
415 A	0.07990	0.85741	0.06269
416 A	0.08540	0.84625	0.06835
417 A	0.09810	0.82089	0.08102
418 G	0.12866	0.77681	0.09453
419 C	0.17216	0.72998	0.09786
420 A	0.21267	0.71314	0.0742
421 G	0.21914	0.74412	0.03675
422 A	0.23188	0.73697	0.03116
423 A	0.26133	0.70914	0.02954
424 T	0.30296	0.66708	0.02996
425 A	0.32889	0.63017	0.04094
426 C	0.38464	0.55984	0.05552
427 A	0.40652	0.53980	0.05369
428 A	0.42779	0.52363	0.04858
429 T	0.43652	0.53015	0.03333
430 A	0.35700	0.61920	0.0238
431 A	0.27516	0.70751	0.01732
432 A	0.23734	0.74933	0.01332
433 A	0.22888	0.75599	0.01512
434 A	0.22175	0.76040	0.01785
435 A	0.23946	0.73660	0.02394
436 A	0.26901	0.70047	0.03053
437 C	0.26805	0.69224	0.0397
438 A	0.23220	0.72750	0.0403
439 G	0.21130	0.74711	0.04159
440 A	0.19688	0.76254	0.04058
441 A	0.18902	0.77064	0.04035
442 G	0.18827	0.77078	0.04095
443 A	0.20827	0.74489	0.04685
444 T	0.24498	0.69599	0.05904
445 T	0.24447	0.68820	0.06733
446 T	0.22915	0.70030	0.07055
447 A	0.17900	0.75048	0.07052
448 A	0.14685	0.77376	0.07939
449 A	0.12108	0.78309	0.09583
450 A	0.10189	0.76915	0.12896
451 A	0.10663	0.73106	0.1623
452 T	0.12381	0.66841	0.20779
453 A	0.12487	0.57973	0.29539
454 C	0.12429	0.47389	0.40181
455 T	0.11568	0.44532	0.43899
456 T	0.08404	0.46788	0.44809
457 G	0.06643	0.48812	0.44544
458 A	0.05163	0.52373	0.42464
459 A	0.04602	0.55014	0.40384
460 A	0.04304	0.54252	0.41443
461 T	0.04238	0.52037	0.43725
462 A	0.04035	0.55415	0.40549
463 A	0.03937	0.59750	0.36312
464 A	0.03801	0.63742	0.32456
465 A	0.03845	0.65384	0.30771
466 T	0.04041	0.65281	0.30677
467 T	0.04040	0.67666	0.28294
468 A	0.03837	0.73007	0.23156
469 A	0.03681	0.76088	0.20232
470 A	0.03797	0.76705	0.19498
471 A	0.03978	0.78655	0.17366
472 A	0.04188	0.78319	0.17493
473 A	0.04257	0.78786	0.16957
474 A	0.04378	0.79600	0.16022
475 T	0.04559	0.80121	0.15321
476 T	0.04681	0.81025	0.14294
477 A	0.04703	0.81781	0.13516
478 A	0.04863	0.81382	0.13755
479 G	0.05260	0.78767	0.15974
480 A	0.06199	0.78231	0.15571
481 G	0.08423	0.76401	0.15175
482 A	0.11277	0.78428	0.10296
483 A	0.14064	0.78807	0.0713
484 G	0.16509	0.78126	0.05364
485 A	0.21800	0.74149	0.04051
486 A	0.27609	0.68611	0.0378
487 T	0.34117	0.62164	0.03718
488 T	0.37673	0.58538	0.03789
489 A	0.38963	0.57266	0.0377
490 A	0.42026	0.54078	0.03897
491 A	0.47022	0.48817	0.04161
492 C	0.51217	0.44228	0.04555
493 G	0.55226	0.40126	0.04649
494 T	0.60844	0.34451	0.04705
495 A	0.62453	0.32823	0.04724
496 T	0.65135	0.30113	0.04752
497 C	0.64169	0.31066	0.04764
498 C	0.63130	0.32135	0.04735
499 T	0.61496	0.33995	0.04509
500 G	0.56577	0.39295	0.04128
501 T	0.53685	0.42297	0.04018
502 A	0.47340	0.48817	0.03843
503 G	0.46010	0.50143	0.03846
504 A	0.45989	0.50062	0.0395
505 C	0.50222	0.45688	0.0409
506 T	0.52488	0.43687	0.03825
507 T	0.52211	0.44081	0.03709
508 T	0.50552	0.45864	0.03584
509 A	0.44621	0.51997	0.03382
510 T	0.40944	0.55755	0.03301
511 A	0.29982	0.66705	0.03313
512 A	0.21674	0.74630	0.03696
513 A	0.16768	0.79400	0.03832
514 G	0.12518	0.83410	0.04072
515 A	0.09158	0.86985	0.03858
516 A	0.06812	0.89227	0.0396
517 A	0.05492	0.90263	0.04245
518 A	0.04557	0.90584	0.04859
519 A	0.04011	0.89957	0.06032
520 G	0.03655	0.87317	0.09028
521 A	0.03541	0.85273	0.11186
522 A	0.03550	0.81782	0.14668
523 A	0.03714	0.75916	0.20371
524 G	0.03606	0.71436	0.24959
525 T	0.03733	0.65264	0.31004
526 G	0.03691	0.62718	0.3359
527 A	0.03774	0.61274	0.34952
528 A	0.03862	0.59398	0.3674
529 T	0.04146	0.56849	0.39006
530 T	0.04107	0.54351	0.41542
531 A	0.03659	0.52883	0.43458
532 G	0.03350	0.49288	0.47362
533 A	0.02808	0.51565	0.45627
534 A	0.02598	0.49892	0.4751
535 G	0.02471	0.47879	0.49651
536 A	0.02682	0.50286	0.47032
537 A	0.02928	0.52818	0.44253
538 T	0.03349	0.52944	0.43707
539 T	0.03417	0.57797	0.38786
540 A	0.03184	0.63618	0.33197
541 A	0.03084	0.68093	0.28822
542 A	0.02947	0.72206	0.24847
543 A	0.02948	0.75945	0.21107
544 A	0.03284	0.78442	0.18274
545 T	0.03912	0.78311	0.17777
546 A	0.04227	0.79290	0.16483
547 T	0.04535	0.79511	0.15955
548 T	0.04716	0.81165	0.14118
549 T	0.04747	0.82961	0.12293
550 A	0.04725	0.84969	0.10306
551 A	0.04826	0.86544	0.08629
552 A	0.05080	0.87305	0.07614
553 A	0.05766	0.87468	0.06766
554 A	0.07401	0.86160	0.0644
555 A	0.10197	0.83591	0.06212
556 G	0.16078	0.77723	0.06199
557 A	0.22928	0.71585	0.05487
558 A	0.29057	0.65900	0.05043
559 T	0.36812	0.58523	0.04665
560 T	0.43460	0.52596	0.03944
561 A	0.46095	0.51097	0.02808
562 A	0.51281	0.46101	0.02618
563 A	0.55846	0.41617	0.02537
564 A	0.57791	0.39855	0.02354
565 T	0.60150	0.37600	0.0225
566 C	0.61333	0.36591	0.02076
567 T	0.62615	0.35504	0.01882
568 A	0.54938	0.43224	0.01838
569 A	0.50890	0.47269	0.01841
570 A	0.47808	0.50312	0.0188
571 C	0.45191	0.52828	0.01981
572 C	0.38476	0.59370	0.02154
573 G	0.31244	0.66664	0.02092
574 G	0.25854	0.72319	0.01827
575 A	0.20811	0.77795	0.01393
576 A	0.18334	0.80303	0.01363
577 A	0.16264	0.82337	0.01399
578 A	0.15537	0.82814	0.01649
579 A	0.14712	0.83317	0.01971
580 C	0.14253	0.83175	0.02572
581 C	0.13841	0.83367	0.02792
582 A	0.13286	0.83889	0.02825
583 A	0.13597	0.83440	0.02962
584 A	0.14342	0.82313	0.03344
585 C	0.14537	0.81334	0.0413
586 A	0.14881	0.80039	0.0508
587 G	0.15361	0.75264	0.09374
588 T	0.15620	0.71438	0.12943
589 C	0.15223	0.68564	0.16212
590 T	0.14840	0.67564	0.17596
591 T	0.14005	0.60873	0.25122
592 G	0.13005	0.58540	0.28456
593 A	0.12459	0.57121	0.3042
594 T	0.12264	0.54880	0.32856
595 A	0.11847	0.48507	0.39646
596 A	0.11679	0.42969	0.45351
597 A	0.11570	0.39899	0.48531
598 T	0.11554	0.39634	0.48812
599 A	0.10776	0.51383	0.37842
600 T	0.10439	0.61538	0.28024
601 A	0.10044	0.63083	0.26872
602 A	0.09740	0.63081	0.27179
603 A	0.09504	0.62067	0.28429
604 T	0.09389	0.61335	0.29276
605 C	0.09207	0.63003	0.2779
606 A	0.09072	0.69446	0.21481
607 A	0.09025	0.74022	0.16953
608 T	0.08985	0.78039	0.12977
609 A	0.08923	0.81651	0.09425
610 A	0.08930	0.81843	0.09227
611 A	0.09059	0.81436	0.09505
612 T	0.09429	0.80005	0.10565
613 T	0.09822	0.78720	0.11458
614 C	0.10137	0.77610	0.12254
615 A	0.10570	0.77530	0.119
616 G	0.11102	0.78187	0.10711
617 A	0.11600	0.81226	0.07174
618 A	0.14113	0.79583	0.06304
619 G	0.18877	0.75009	0.06114
620 A	0.24209	0.69588	0.06203
621 A	0.29943	0.63631	0.06427
622 T	0.43822	0.49223	0.06955
623 T	0.53504	0.39789	0.06707
624 A	0.52012	0.42152	0.05835
625 G	0.48912	0.45377	0.05711
626 A	0.46505	0.47943	0.05552
627 A	0.46223	0.48190	0.05588
628 T	0.49004	0.45256	0.05741
629 C	0.54667	0.39492	0.05841
630 A	0.57928	0.36216	0.05856
631 T	0.61491	0.32642	0.05866
632 T	0.61801	0.32336	0.05863
633 T	0.57505	0.36715	0.0578
634 C	0.45202	0.49069	0.05729
635 A	0.33236	0.61291	0.05473
636 A	0.30409	0.64234	0.05357
637 A	0.29457	0.65186	0.05357
638 C	0.29779	0.64757	0.05464
639 A	0.30826	0.63757	0.05417
640 T	0.34351	0.59993	0.05656
641 T	0.34487	0.59775	0.05738
642 T	0.32705	0.61571	0.05724
643 A	0.29761	0.64597	0.05643
644 A	0.28909	0.65150	0.0594
645 A	0.28583	0.65136	0.06282
646 A	0.28646	0.63919	0.07435
647 A	0.29574	0.59963	0.10463
648 T	0.29989	0.55371	0.14641
649 T	0.29928	0.52726	0.17345
650 T	0.28746	0.52989	0.18265
651 T	0.24657	0.57467	0.17876
652 A	0.20947	0.62713	0.16341
653 A	0.19839	0.64424	0.15737
654 A	0.19419	0.63893	0.16688
655 G	0.18995	0.61933	0.19072
656 A	0.18902	0.59438	0.2166
657 A	0.18501	0.50213	0.31285
658 T	0.18680	0.39789	0.41531
659 G	0.18612	0.37632	0.43756
660 T	0.18609	0.37406	0.43984
661 A	0.18498	0.39401	0.42101
662 T	0.18483	0.42245	0.39273
663 T	0.18417	0.43943	0.37641
664 A	0.18343	0.46145	0.35512
665 A	0.18254	0.47705	0.34041
666 A	0.18223	0.51922	0.29855
667 A	0.18202	0.58782	0.23016
668 A	0.18302	0.61476	0.20223
669 T	0.18452	0.64423	0.17126
670 G	0.18102	0.65623	0.16275
671 A	0.18305	0.66301	0.15394
672 T	0.19130	0.65399	0.1547
673 A	0.19575	0.63778	0.16647
674 C	0.20623	0.58528	0.20849
675 A	0.22698	0.54525	0.22776
676 T	0.24866	0.52320	0.22815
677 A	0.25945	0.51855	0.222
678 T	0.28061	0.49351	0.22589
679 T	0.29459	0.47870	0.22671
680 T	0.30092	0.46822	0.23086
681 T	0.30388	0.46700	0.22911
682 C	0.30578	0.46399	0.23024
683 A	0.30994	0.46485	0.22521
684 A	0.32408	0.45470	0.22122
685 T	0.36675	0.41496	0.21829
686 C	0.38557	0.40373	0.2107
687 A	0.40451	0.42082	0.17467
688 A	0.42404	0.46143	0.11453
689 A	0.48160	0.45183	0.06657
690 T	0.54853	0.38795	0.06353
691 A	0.57839	0.36269	0.05892
692 A	0.61777	0.32441	0.05781
693 T	0.63817	0.29962	0.06222
694 C	0.64471	0.29324	0.06205
695 T	0.64821	0.29527	0.05652
696 T	0.63803	0.31036	0.05161
697 G	0.55496	0.39563	0.04941
698 A	0.51336	0.43958	0.04706
699 A	0.49277	0.46159	0.04564
700 T	0.47517	0.47918	0.04565
701 C	0.40900	0.54633	0.04467
702 A	0.34633	0.61711	0.03656
703 A	0.30774	0.65719	0.03507
704 A	0.26405	0.70215	0.0338
705 A	0.23605	0.73043	0.03352
706 A	0.23300	0.73334	0.03365
707 C	0.23587	0.72292	0.04121
708 A	0.23843	0.71930	0.04227
709 A	0.24762	0.70317	0.04922
710 A	0.28094	0.66364	0.05543
711 A	0.33871	0.60049	0.0608
712 T	0.38719	0.54824	0.06458
713 C	0.39291	0.52965	0.07744
714 C	0.39911	0.51505	0.08584
715 T	0.40315	0.51014	0.08671
716 T	0.40169	0.51375	0.08456
717 A	0.39792	0.52024	0.08184
718 T	0.39922	0.52150	0.07928
719 A	0.39797	0.51353	0.0885
720 T	0.39733	0.41851	0.18416
721 T	0.39157	0.37658	0.23184
722 T	0.37105	0.37359	0.25536
723 A	0.34321	0.40811	0.24868
724 A	0.32954	0.37583	0.29463
725 A	0.33349	0.32047	0.34604
726 A	0.33392	0.27996	0.38612
727 T	0.33592	0.23139	0.4327
728 C	0.33677	0.20126	0.46198
729 T	0.33631	0.21611	0.44758
730 T	0.33408	0.23350	0.43242
731 T	0.33072	0.25133	0.41795
732 T	0.32396	0.28045	0.3956
733 T	0.31484	0.33313	0.35202
734 A	0.29986	0.39929	0.30086
735 T	0.29544	0.43177	0.27279
736 A	0.28785	0.46279	0.24936
737 A	0.28373	0.48748	0.22879
738 A	0.28211	0.50353	0.21436
739 G	0.28443	0.51883	0.19674
740 A	0.28725	0.53297	0.17978
741 T	0.29484	0.53806	0.1671
742 A	0.29709	0.54858	0.15433
743 T	0.30269	0.54031	0.15699
744 T	0.30426	0.53593	0.1598
745 G	0.30118	0.53053	0.1683
746 A	0.32033	0.50746	0.17221
747 T	0.33030	0.49761	0.17209
748 A	0.32984	0.51927	0.15089
749 A	0.33232	0.53448	0.1332
750 T	0.33710	0.54077	0.12213
751 A	0.33653	0.54751	0.11596
752 T	0.35788	0.52600	0.11612
753 T	0.37448	0.50742	0.11811
754 A	0.39359	0.48576	0.12066
755 A	0.42122	0.45234	0.12644
756 T	0.47035	0.39194	0.13771
757 C	0.49308	0.35749	0.14944
758 T	0.48464	0.37489	0.14047
759 A	0.46866	0.40909	0.12224
760 A	0.45904	0.44557	0.09538
761 A	0.43960	0.49179	0.06861
762 A	0.43928	0.49965	0.06108
763 A	0.43984	0.50557	0.05458
764 A	0.42393	0.52441	0.05166
765 T	0.41049	0.53772	0.05179
766 A	0.26923	0.68505	0.04572
767 A	0.19307	0.76169	0.04524
768 A	0.15274	0.80040	0.04686
769 G	0.14438	0.81056	0.04506
770 A	0.14571	0.81313	0.04115
771 A	0.15755	0.79912	0.04333
772 A	0.17141	0.78328	0.04531
773 T	0.17822	0.77185	0.04993
774 T	0.16876	0.77778	0.05346
775 C	0.14149	0.80343	0.05508
776 A	0.11033	0.83586	0.05381
777 G	0.08831	0.85552	0.05617
778 G	0.07770	0.86505	0.05725
779 A	0.07389	0.86761	0.0585
780 A	0.07635	0.86166	0.06199
781 C	0.08728	0.81587	0.09685
782 A	0.10332	0.78338	0.1133
783 A	0.12877	0.73151	0.13972
784 T	0.15739	0.66874	0.17387
785 A	0.16317	0.64377	0.19306
786 T	0.17163	0.61824	0.21013
787 A	0.17080	0.57631	0.25289
788 A	0.16928	0.52956	0.30116
789 T	0.17362	0.36194	0.46443
790 G	0.17212	0.29267	0.53521
791 G	0.17091	0.27646	0.55263
792 A	0.17099	0.31180	0.51721
793 A	0.17392	0.31733	0.50876
794 T	0.16753	0.32156	0.51091
795 A	0.14081	0.37214	0.48704
796 A	0.11860	0.41318	0.46822
797 T	0.10905	0.44145	0.4495
798 A	0.09125	0.61288	0.29587
799 A	0.08497	0.71643	0.19861
800 A	0.07934	0.76441	0.15626
801 T	0.07738	0.79256	0.13006
802 A	0.07310	0.82946	0.09744
803 A	0.07193	0.86355	0.06452
804 A	0.07049	0.87556	0.05395
805 T	0.07217	0.87668	0.05115
806 T	0.06992	0.88420	0.04588
807 A	0.06206	0.89373	0.04421
808 G	0.05877	0.89689	0.04434
809 A	0.05585	0.90049	0.04366
810 A	0.05514	0.89842	0.04644
811 C	0.05642	0.89318	0.05039
812 A	0.05984	0.88973	0.05043
813 A	0.07175	0.87597	0.05228
814 A	0.09292	0.85253	0.05455
815 T	0.14295	0.79852	0.05853
816 A	0.15826	0.78432	0.05742
817 A	0.17529	0.75720	0.06751
818 A	0.21114	0.69400	0.09486
819 A	0.24657	0.63165	0.12178
820 A	0.29169	0.56914	0.13917
821 C	0.47838	0.36295	0.15867
822 T	0.62362	0.21209	0.16428
823 T	0.68865	0.14270	0.16866
824 T	0.71696	0.11288	0.17015
825 G	0.72842	0.10324	0.16834
826 T	0.74469	0.09450	0.16082
827 T	0.73973	0.11721	0.14306
828 A	0.72800	0.15453	0.11747
829 A	0.72527	0.17766	0.09706
830 T	0.72536	0.17262	0.10202
831 T	0.72132	0.17268	0.106
832 T	0.69890	0.19237	0.10874
833 T	0.64400	0.24561	0.11039
834 C	0.60335	0.28563	0.11102
835 C	0.58976	0.30092	0.10933
836 G	0.58365	0.30978	0.10656
837 A	0.58191	0.31686	0.10124
838 A	0.58149	0.32326	0.09525
839 T	0.57829	0.33411	0.08761
840 A	0.56340	0.35604	0.08056
841 T	0.54862	0.37211	0.07926
842 T	0.53676	0.38562	0.07762
843 A	0.51743	0.40926	0.07331
844 A	0.50581	0.42676	0.06744
845 G	0.49955	0.43722	0.06323
846 A	0.49760	0.45110	0.0513
847 A	0.49433	0.46470	0.04097
848 A	0.49861	0.46113	0.04026
849 A	0.50872	0.44983	0.04145
850 A	0.52782	0.42184	0.05034
851 A	0.55034	0.38424	0.06542
852 T	0.57262	0.34402	0.08336
853 T	0.57584	0.32434	0.09982
854 A	0.57463	0.30829	0.11709
855 T	0.57492	0.27935	0.14573
856 C	0.57210	0.23836	0.18954
857 T	0.57035	0.22246	0.2072
858 T	0.56852	0.21916	0.21231
859 G	0.56626	0.22368	0.21005
860 A	0.56766	0.22318	0.20916
861 A	0.57189	0.21996	0.20815
862 T	0.57887	0.20380	0.21733
863 T	0.58319	0.18365	0.23316
864 C	0.58153	0.17020	0.24827
865 A	0.57939	0.17378	0.24682
866 A	0.58288	0.15760	0.25953
867 T	0.58948	0.14200	0.26852
868 C	0.59449	0.13435	0.27115
869 A	0.60664	0.12780	0.26557
870 T	0.61947	0.11302	0.26751
871 T	0.62310	0.10947	0.26743
872 T	0.62301	0.11163	0.26536
873 A	0.62260	0.11370	0.2637
874 T	0.62403	0.10890	0.26707
875 T	0.62384	0.11071	0.26545
876 A	0.62307	0.11686	0.26007
877 T	0.62345	0.12032	0.25623
878 T	0.62255	0.12577	0.25167
879 T	0.60662	0.15486	0.23853
880 A	0.55145	0.24576	0.20279
881 A	0.51653	0.31235	0.17112
882 A	0.48992	0.37220	0.13788
883 A	0.47777	0.42916	0.09307
884 A	0.47485	0.44499	0.08017
885 T	0.47584	0.45332	0.07084
886 A	0.47257	0.46522	0.0622
887 A	0.47237	0.46626	0.06137
888 T	0.47948	0.45717	0.06336
889 G	0.48109	0.45630	0.06261
890 A	0.48334	0.45522	0.06143
891 T	0.49017	0.44869	0.06114
892 T	0.49688	0.44133	0.06179
893 T	0.49953	0.43815	0.06231
894 A	0.50027	0.43712	0.0626
895 T	0.50199	0.43474	0.06327
896 C	0.50127	0.43611	0.06262
897 A	0.50024	0.44495	0.05481
898 A	0.50160	0.44743	0.05097
899 A	0.50782	0.44200	0.05019
900 T	0.51669	0.43319	0.05012
901 A	0.52352	0.42663	0.04986
902 A	0.54043	0.39238	0.06719
903 A	0.57562	0.30460	0.11978
904 A	0.60866	0.23593	0.15541
905 G	0.64654	0.16826	0.1852
906 T	0.70430	0.09710	0.1986
907 G	0.71890	0.07939	0.2017
908 T	0.73234	0.06462	0.20303
909 T	0.73958	0.05479	0.20563
910 T	0.74176	0.05188	0.20636
911 T	0.74236	0.05335	0.20429
912 T	0.74264	0.05895	0.19841
913 A	0.74242	0.06839	0.18919
914 T	0.74265	0.07182	0.18553
915 T	0.74171	0.07531	0.18298
916 G	0.74054	0.07948	0.17998
917 A	0.73821	0.08976	0.17203
918 A	0.73791	0.09038	0.17171
919 A	0.73974	0.08712	0.17313
920 T	0.74800	0.07671	0.17529
921 T	0.75238	0.07133	0.17629
922 C	0.75386	0.06921	0.17693
923 C	0.75524	0.06809	0.17667
924 A	0.75647	0.06864	0.17489
925 T	0.75749	0.06925	0.17326
926 A	0.75733	0.07127	0.1714
927 T	0.75907	0.07131	0.16962
928 T	0.76011	0.07367	0.16622
929 A	0.76123	0.07491	0.16386
930 T	0.76466	0.07113	0.16421
931 T	0.76668	0.06870	0.16463
932 T	0.76747	0.06738	0.16515
933 G	0.76507	0.06927	0.16566
934 C	0.76645	0.06801	0.16554
935 G	0.77150	0.06439	0.16411
936 T	0.78115	0.05765	0.1612
937 T	0.78310	0.05622	0.16069
938 T	0.78206	0.05659	0.16135
939 A	0.77743	0.06053	0.16205
940 G	0.77882	0.05619	0.16499
941 C	0.77849	0.05526	0.16626
942 C	0.77796	0.05554	0.1665
943 A	0.77767	0.05613	0.1662
944 T	0.77805	0.05599	0.16597
945 C	0.77708	0.05792	0.16501
946 G	0.77037	0.06554	0.16409
947 A	0.76959	0.06779	0.16262
948 A	0.76990	0.06799	0.16211
949 G	0.76822	0.06966	0.16211
950 C	0.76817	0.07031	0.16152
951 T	0.76899	0.07392	0.15709
952 T	0.76259	0.09216	0.14526
953 T	0.75158	0.11795	0.13047
954 A	0.72979	0.15328	0.11694
955 A	0.71763	0.17214	0.11023
956 A	0.71207	0.17786	0.11007
957 T	0.71017	0.17855	0.11128
958 G	0.70821	0.18014	0.11164
959 A	0.70935	0.17778	0.11287
960 T	0.70842	0.17574	0.11583
961 T	0.70468	0.17687	0.11845
962 T	0.69986	0.17737	0.12277
963 C	0.69089	0.18409	0.12501
964 G	0.68310	0.19136	0.12554
965 A	0.67867	0.19554	0.12579
966 C	0.67708	0.19674	0.12618
967 A	0.67580	0.19856	0.12564
968 A	0.67608	0.19828	0.12564
969 G	0.67641	0.19206	0.13153
970 A	0.67753	0.19088	0.13159
971 A	0.67718	0.19173	0.13109
972 T	0.67913	0.18310	0.13777
973 G	0.68066	0.17638	0.14296
974 A	0.68960	0.16180	0.14859
975 T	0.70572	0.13520	0.15908
976 T	0.72012	0.11045	0.16943
977 T	0.72869	0.08704	0.18427
978 T	0.73097	0.08040	0.18863
979 T	0.72861	0.08325	0.18815
980 G	0.72283	0.08963	0.18754
981 T	0.72016	0.09563	0.1842
982 A	0.71106	0.11405	0.17488
983 T	0.70753	0.13349	0.15898
984 T	0.69562	0.14484	0.15953
985 T	0.65564	0.18795	0.15641
986 A	0.55176	0.29681	0.15144
987 T	0.50294	0.34523	0.15183
988 C	0.43677	0.41254	0.15069
989 G	0.38408	0.47337	0.14256
990 A	0.34745	0.51878	0.13377
991 A	0.33312	0.53820	0.12868
992 A	0.32605	0.54787	0.12608
993 A	0.32010	0.55596	0.12395
994 G	0.31513	0.56105	0.12382
995 T	0.31245	0.56694	0.12061
996 A	0.28563	0.60282	0.11155
997 G	0.27152	0.62406	0.10442
998 A	0.26442	0.64291	0.09267
999 T	0.25949	0.66188	0.07863
1000 A	0.23054	0.70697	0.06249
1001 A	0.21372	0.72953	0.05675
1002 T	0.20775	0.73680	0.05545
1003 A	0.19680	0.74929	0.05391
1004 A	0.19107	0.75658	0.05234
1005 A	0.19117	0.74979	0.05905
1006 A	0.20733	0.72901	0.06366
1007 A	0.21067	0.71125	0.07808
1008 A	0.21697	0.66024	0.12279
1009 G	0.22679	0.54123	0.23198
1010 T	0.23069	0.49500	0.27432
1011 T	0.21051	0.48360	0.3059
1012 A	0.13454	0.58343	0.28203
1013 C	0.10671	0.62583	0.26746
1014 A	0.09044	0.68235	0.22721
1015 A	0.07886	0.71194	0.2092
1016 A	0.07289	0.72586	0.20125
1017 A	0.07087	0.72932	0.19981
1018 G	0.07127	0.73191	0.19682
1019 A	0.07903	0.69873	0.22224
1020 A	0.08462	0.68181	0.23358
1021 G	0.09493	0.65858	0.24649
1022 A	0.11117	0.63160	0.25722
1023 T	0.12671	0.58111	0.29218
1024 G	0.12886	0.55623	0.31491
1025 C	0.12751	0.55628	0.31622
1026 A	0.12588	0.60714	0.26699
1027 A	0.11271	0.68101	0.20628
1028 A	0.09374	0.78596	0.1203
1029 A	0.08416	0.82136	0.09448
1030 A	0.07881	0.84563	0.07557
1031 A	0.07735	0.85158	0.07106
1032 A	0.08282	0.84291	0.07427
1033 A	0.10109	0.81441	0.0845
1034 A	0.12936	0.75468	0.11596
1035 G	0.19607	0.60356	0.20036
1036 T	0.24052	0.54484	0.21464
1037 T	0.25972	0.54161	0.19867
1038 A	0.24248	0.62977	0.12775
1039 A	0.19024	0.75624	0.05351
1040 A	0.15434	0.80461	0.04105
1041 A	0.10454	0.85536	0.0401
1042 A	0.07306	0.88757	0.03937
1043 A	0.06707	0.89248	0.04045
1044 C	0.06422	0.89232	0.04347
1045 A	0.06302	0.89426	0.04273
1046 A	0.06604	0.88923	0.04473
1047 A	0.07225	0.88046	0.04729
1048 G	0.08799	0.85975	0.05226
1049 G	0.14089	0.80112	0.05798
1050 A	0.20740	0.71394	0.07866
1051 T	0.30370	0.59048	0.10582
1052 A	0.32894	0.55275	0.11831
1053 C	0.34727	0.52417	0.12855
1054 T	0.35722	0.50796	0.13481
1055 T	0.35853	0.50607	0.13539
1056 A	0.35611	0.51136	0.13253
1057 G	0.35831	0.51113	0.13056
1058 A	0.36581	0.51076	0.12343
1059 T	0.39070	0.48455	0.12476
1060 A	0.39559	0.49566	0.10874
1061 A	0.45231	0.41462	0.13307
1062 A	0.51287	0.29467	0.19246
1063 T	0.53193	0.23593	0.23214
1064 T	0.53555	0.18307	0.28138
1065 C	0.53232	0.15629	0.31139
1066 T	0.53065	0.16089	0.30846
1067 T	0.52003	0.20103	0.27894
1068 T	0.47932	0.32186	0.19883
1069 A	0.40345	0.43665	0.15989
1070 T	0.34234	0.53177	0.12589
1071 A	0.21163	0.73671	0.05166
1072 A	0.15845	0.80445	0.03711
1073 A	0.11526	0.85530	0.02945
1074 A	0.09590	0.87691	0.02718
1075 A	0.08962	0.88382	0.02656
1076 C	0.08727	0.88436	0.02837
1077 A	0.08645	0.88573	0.02781
1078 G	0.08802	0.88256	0.02942
1079 A	0.09181	0.87694	0.03124
1080 A	0.09713	0.86925	0.03362
1081 G	0.10524	0.85929	0.03547
1082 A	0.12142	0.83673	0.04185
1083 T	0.14793	0.78881	0.06327
1084 T	0.15031	0.78010	0.0696
1085 T	0.15073	0.77996	0.0693
1086 A	0.14934	0.78809	0.06257
1087 A	0.14896	0.78998	0.06106
1088 A	0.14980	0.77622	0.07398
1089 A	0.15778	0.75628	0.08595
1090 A	0.19267	0.70250	0.10483
1091 T	0.29318	0.54750	0.15932
1092 G	0.32363	0.44617	0.23021
1093 A	0.34756	0.36688	0.28555
1094 A	0.40055	0.20401	0.39545
1095 T	0.41445	0.15610	0.42945
1096 T	0.41898	0.15115	0.42987
1097 A	0.40871	0.25528	0.33601
1098 T	0.40653	0.27340	0.32007
1099 T	0.39883	0.29477	0.30639
1100 T	0.37637	0.33330	0.29034
1101 T	0.34886	0.38868	0.26246
1102 C	0.25960	0.51029	0.23011
1103 A	0.18355	0.63461	0.18184
1104 A	0.16031	0.67566	0.16404
1105 A	0.14143	0.71725	0.14132
1106 A	0.13341	0.73262	0.13397
1107 C	0.13390	0.73374	0.13236
1108 A	0.13696	0.73718	0.12585
1109 T	0.14461	0.73030	0.12508
1110 T	0.14777	0.72857	0.12367
1111 A	0.14677	0.73118	0.12204
1112 A	0.14822	0.72978	0.122
1113 T	0.15041	0.72566	0.12394
1114 A	0.14765	0.73114	0.1212
1115 A	0.14971	0.72623	0.12405
1116 T	0.15773	0.71325	0.12902
1117 A	0.16298	0.70553	0.13149
1118 A	0.17062	0.69583	0.13356
1119 A	0.20081	0.66127	0.13792
1120 G	0.30962	0.52564	0.16474
1121 T	0.34798	0.46939	0.18264
1122 T	0.36780	0.42552	0.20667
1123 G	0.37663	0.39287	0.23049
1124 A	0.39586	0.36165	0.24249
1125 A	0.42222	0.29608	0.2817
1126 T	0.47018	0.22288	0.30694
1127 A	0.48464	0.21359	0.30177
1128 T	0.51016	0.18649	0.30335
1129 T	0.50961	0.22757	0.26283
1130 T	0.49263	0.27336	0.23401
1131 T	0.43427	0.35099	0.21474
1132 A	0.29274	0.52410	0.18315
1133 A	0.25998	0.57812	0.1619
1134 A	0.23726	0.63832	0.12442
1135 A	0.22098	0.66217	0.11686
1136 A	0.21060	0.67371	0.11569
1137 T	0.21001	0.67324	0.11674
1138 A	0.20443	0.67979	0.11577
1139 C	0.20204	0.68271	0.11526
1140 A	0.20043	0.68958	0.10999
1141 A	0.20162	0.69088	0.10749
1142 T	0.20465	0.68740	0.10795
1143 T	0.20602	0.68560	0.10838
1144 G	0.20592	0.68548	0.1086
1145 A	0.20793	0.68191	0.11017
1146 C	0.21386	0.67208	0.11406
1147 A	0.22328	0.66147	0.11524
1148 G	0.25386	0.62914	0.11699
1149 T	0.31667	0.56463	0.1187
1150 T	0.34980	0.52973	0.12047
1151 A	0.36635	0.51224	0.12142
1152 T	0.40689	0.44332	0.14979
1153 T	0.42188	0.39927	0.17885
1154 A	0.42679	0.33059	0.24261
1155 T	0.44704	0.19764	0.35532
1156 G	0.46587	0.15125	0.38288
1157 A	0.50016	0.09870	0.40114
1158 T	0.51105	0.06995	0.419
1159 G	0.51426	0.05883	0.42691
1160 T	0.51792	0.05759	0.42449
1161 T	0.51046	0.07528	0.41427
1162 G	0.49428	0.11129	0.39442
1163 A	0.48898	0.13671	0.37431
1164 T	0.48370	0.18056	0.33574
1165 T	0.47555	0.20479	0.31967
1166 T	0.46629	0.24305	0.29066
1167 T	0.43228	0.31148	0.25624
1168 A	0.32170	0.48236	0.19594
1169 A	0.25700	0.59022	0.15277
1170 T	0.21932	0.63927	0.14141
1171 G	0.17478	0.69299	0.13224
1172 A	0.15633	0.72083	0.12284
1173 A	0.14562	0.73283	0.12156
1174 A	0.13976	0.73869	0.12155
1175 A	0.13628	0.74169	0.12204
1176 T	0.13545	0.74101	0.12353
1177 C	0.13097	0.74399	0.12504
1178 C	0.12925	0.74568	0.12507
1179 T	0.12774	0.74891	0.12336
1180 A	0.12389	0.75652	0.11959
1181 A	0.12321	0.76001	0.11678
1182 G	0.12644	0.75856	0.11501
1183 A	0.13621	0.74983	0.11396
1184 A	0.15653	0.71991	0.12356
1185 T	0.18666	0.66976	0.14358
1186 A	0.20900	0.63418	0.15682
1187 T	0.24930	0.57477	0.17593
1188 G	0.26269	0.54952	0.18779
1189 A	0.29226	0.51575	0.19199
1190 A	0.32238	0.45733	0.22029
1191 T	0.37391	0.30253	0.32356
1192 A	0.38077	0.24594	0.37329
1193 T	0.35772	0.24871	0.39357
1194 A	0.32398	0.31992	0.35609
1195 A	0.25480	0.48041	0.26479
1196 A	0.21003	0.59676	0.19321
1197 A	0.17576	0.66102	0.16323
1198 A	0.15941	0.68922	0.15138
1199 A	0.15426	0.70533	0.14041
1200 T	0.15340	0.71676	0.12984
1201 A	0.15107	0.73307	0.11585
1202 G	0.15090	0.74842	0.10069
1203 A	0.15315	0.76546	0.08139
1204 A	0.15541	0.76359	0.081
1205 T	0.15789	0.76021	0.08191
1206 A	0.15711	0.76183	0.08107
1207 A	0.15652	0.76255	0.08093
1208 C	0.15839	0.75937	0.08224
1209 T	0.16033	0.75841	0.08126
1210 A	0.15998	0.76234	0.07768
1211 A	0.16322	0.75877	0.07801
1212 T	0.17126	0.75030	0.07844
1213 A	0.17291	0.74979	0.0773
1214 A	0.17698	0.73356	0.08947
1215 A	0.18838	0.69440	0.11723
1216 G	0.21035	0.63195	0.15771
1217 A	0.27438	0.53104	0.19458
1218 G	0.38149	0.35227	0.26624
1219 T	0.46847	0.22021	0.31133
1220 T	0.50312	0.15762	0.33927
1221 C	0.51559	0.13430	0.35012
1222 A	0.52684	0.12814	0.34502
1223 C	0.54105	0.11471	0.34425
1224 A	0.55117	0.11788	0.33095
1225 T	0.56645	0.11893	0.31462
1226 T	0.58250	0.11580	0.3017
1227 T	0.58125	0.13045	0.2883
1228 G	0.56552	0.17348	0.261
1229 A	0.55538	0.20643	0.23819
1230 T	0.55249	0.22725	0.22026
1231 T	0.54583	0.24780	0.20637
1232 A	0.54116	0.28866	0.17018
1233 T	0.54291	0.30873	0.14837
1234 A	0.54185	0.31649	0.14166
1235 A	0.53814	0.32219	0.13967
1236 T	0.53744	0.32167	0.14089
1237 T	0.53072	0.32770	0.14158
1238 C	0.51602	0.34210	0.14188
1239 A	0.48723	0.37103	0.14174
1240 C	0.47571	0.38256	0.14172
1241 C	0.47003	0.38850	0.14147
1242 A	0.46719	0.39205	0.14076
1243 A	0.46705	0.39264	0.14031
1244 A	0.47071	0.38938	0.1399
1245 T	0.48087	0.37991	0.13922
1246 A	0.48471	0.37584	0.13946
1247 A	0.50139	0.35435	0.14427
1248 T	0.52770	0.32116	0.15114
1249 T	0.54432	0.29858	0.15709
1250 A	0.55208	0.28442	0.1635
1251 T	0.57772	0.24118	0.18109
1252 C	0.59766	0.20892	0.19342
1253 T	0.61468	0.18887	0.19645
1254 A	0.61719	0.18386	0.19895
1255 A	0.64160	0.15687	0.20153
1256 C	0.65966	0.13631	0.20402
1257 T	0.66623	0.12995	0.20381
1258 T	0.66613	0.12479	0.20908
1259 G	0.66028	0.12829	0.21143
1260 T	0.65886	0.12272	0.21842
1261 T	0.65592	0.11784	0.22624
1262 T	0.65077	0.09594	0.25329
1263 G	0.64043	0.09493	0.26464
1264 C	0.63532	0.09435	0.27033
1265 T	0.63338	0.09639	0.27022
1266 A	0.63191	0.09928	0.26882
1267 A	0.63134	0.10030	0.26836
1268 T	0.63186	0.09955	0.26859
1269 T	0.63174	0.09903	0.26923
1270 T	0.63047	0.09988	0.26964
1271 T	0.62093	0.11407	0.26499
1272 A	0.60162	0.13976	0.25862
1273 G	0.58558	0.15798	0.25644
1274 G	0.57442	0.17084	0.25474
1275 A	0.56108	0.19047	0.24846
1276 A	0.55230	0.21034	0.23735
1277 G	0.54922	0.21722	0.23355
1278 T	0.54732	0.22824	0.22445
1279 A	0.53937	0.25964	0.20099
1280 A	0.53748	0.26726	0.19525
1281 T	0.53768	0.27186	0.19045
1282 G	0.53408	0.28257	0.18335
1283 A	0.52960	0.30558	0.16481
1284 T	0.53032	0.30330	0.16638
1285 T	0.52474	0.30724	0.16802
1286 A	0.50545	0.32476	0.16978
1287 T	0.48381	0.34521	0.17098
1288 C	0.37781	0.45444	0.16775
1289 A	0.32455	0.51986	0.1556
1290 A	0.28825	0.57386	0.13789
1291 G	0.25205	0.63488	0.11306
1292 A	0.24036	0.65676	0.10289
1293 A	0.23249	0.66836	0.09915
1294 A	0.23223	0.66190	0.10588
1295 A	0.23571	0.64303	0.12127
1296 T	0.23914	0.62546	0.1354
1297 A	0.23909	0.61752	0.1434
1298 A	0.24443	0.60294	0.15263
1299 A	0.25490	0.58619	0.15892
1300 G	0.26552	0.57085	0.16364
1301 A	0.27783	0.55774	0.16443
1302 T	0.30502	0.52393	0.17105
1303 A	0.31126	0.51752	0.17121
1304 A	0.31853	0.51076	0.17072
1305 A	0.33098	0.49253	0.17649
1306 T	0.35145	0.45709	0.19146
1307 T	0.35420	0.44774	0.19807
1308 A	0.35533	0.43641	0.20826
1309 A	0.36171	0.41122	0.22707
1310 A	0.36838	0.37541	0.25622
1311 T	0.37667	0.25862	0.36471
1312 G	0.38646	0.20363	0.40991
1313 A	0.40431	0.15855	0.43714
1314 T	0.43286	0.10358	0.46357
1315 T	0.44077	0.09981	0.45942
1316 T	0.43939	0.11364	0.44697
1317 A	0.43016	0.13982	0.43002
1318 T	0.42461	0.16057	0.41482
1319 T	0.40878	0.20521	0.38601
1320 G	0.35996	0.33631	0.30374
1321 G	0.33972	0.36450	0.29578
1322 A	0.32876	0.38273	0.28852
1323 A	0.32289	0.39209	0.28502
1324 T	0.32371	0.39050	0.28579
1325 C	0.31600	0.40033	0.28368
1326 G	0.31070	0.41063	0.27868
1327 A	0.31241	0.41291	0.27469
1328 T	0.31388	0.41292	0.2732
