# lcl|CP097583.1_cds_USQ93299.1_1
# AA	inside	membr	outside
1 A	0.56638	0.00000	0.43362
2 T	0.56625	0.00013	0.43362
3 G	0.56619	0.00019	0.43362
4 T	0.56619	0.00496	0.42884
5 T	0.56451	0.01127	0.42423
6 A	0.56451	0.01265	0.42284
7 T	0.55332	0.02432	0.42236
8 A	0.55332	0.02435	0.42233
9 T	0.55101	0.02722	0.42177
10 A	0.55100	0.12404	0.32496
11 T	0.55050	0.12716	0.32234
12 T	0.54306	0.13558	0.32136
13 A	0.52647	0.15325	0.32028
14 T	0.52647	0.15325	0.32028
15 T	0.52647	0.15740	0.31613
16 T	0.52372	0.16015	0.31613
17 C	0.51393	0.17010	0.31597
18 T	0.51334	0.17267	0.31399
19 G	0.48549	0.20203	0.31248
20 G	0.41646	0.29344	0.2901
21 A	0.33031	0.37979	0.2899
22 A	0.32647	0.38817	0.28537
23 A	0.32483	0.39180	0.28337
24 A	0.32472	0.39294	0.28234
25 T	0.32557	0.39260	0.28183
26 A	0.32560	0.39307	0.28133
27 T	0.32971	0.38856	0.28173
28 A	0.33243	0.38509	0.28247
29 A	0.33376	0.38344	0.2828
30 A	0.33581	0.37227	0.29192
31 G	0.33718	0.36900	0.29382
32 G	0.34036	0.36201	0.29763
33 T	0.43159	0.26793	0.30048
34 T	0.43482	0.26318	0.30199
35 T	0.43628	0.25648	0.30724
36 T	0.43688	0.24657	0.31654
37 A	0.43691	0.24605	0.31703
38 A	0.43891	0.24265	0.31844
39 A	0.43909	0.23469	0.32622
40 A	0.44169	0.21446	0.34385
41 T	0.44555	0.19551	0.35894
42 T	0.44897	0.16625	0.38478
43 A	0.46439	0.10319	0.43242
44 A	0.46500	0.03720	0.4978
45 T	0.46921	0.02772	0.50307
46 T	0.47106	0.02484	0.5041
47 C	0.47179	0.03058	0.49762
48 T	0.47255	0.05630	0.47114
49 G	0.47239	0.06617	0.46144
50 T	0.47284	0.07399	0.45317
51 T	0.47304	0.08818	0.43879
52 T	0.47277	0.09556	0.43167
53 C	0.47204	0.10326	0.4247
54 T	0.47202	0.11119	0.41679
55 T	0.47165	0.11313	0.41523
56 C	0.47100	0.11661	0.41239
57 T	0.47018	0.12843	0.40139
58 A	0.46701	0.15756	0.37543
59 C	0.46542	0.16299	0.37158
60 A	0.45909	0.18206	0.35885
61 A	0.45775	0.18562	0.35663
62 A	0.45438	0.19212	0.3535
63 A	0.45294	0.19502	0.35204
64 A	0.45263	0.19570	0.35167
65 C	0.45389	0.19426	0.35185
66 A	0.45282	0.19740	0.34977
67 A	0.45366	0.19921	0.34712
68 G	0.45532	0.19819	0.3465
69 A	0.45788	0.19820	0.34392
70 A	0.46463	0.19197	0.34341
71 G	0.48850	0.16778	0.34372
72 C	0.50070	0.15492	0.34439
73 A	0.50999	0.14558	0.34444
74 C	0.52512	0.13017	0.34471
75 T	0.53372	0.12134	0.34494
76 T	0.54056	0.11419	0.34524
77 C	0.54494	0.10978	0.34529
78 A	0.54614	0.10833	0.34553
79 C	0.54862	0.10523	0.34616
80 A	0.55630	0.09654	0.34717
81 T	0.57717	0.07290	0.34993
82 G	0.57993	0.06899	0.35108
83 C	0.58950	0.05349	0.35701
84 A	0.59128	0.05136	0.35736
85 T	0.59448	0.04389	0.36163
86 T	0.59490	0.04188	0.36322
87 G	0.59253	0.04401	0.36346
88 A	0.59219	0.04490	0.36291
89 G	0.59395	0.04132	0.36473
90 A	0.59644	0.03903	0.36452
91 A	0.59810	0.03621	0.36569
92 A	0.60276	0.03017	0.36706
93 A	0.60510	0.02669	0.3682
94 T	0.60634	0.02480	0.36886
95 C	0.60660	0.02481	0.36859
96 T	0.60689	0.02600	0.36712
97 T	0.60696	0.02811	0.36493
98 T	0.60686	0.02842	0.36472
99 A	0.60637	0.02921	0.36443
100 T	0.60597	0.02899	0.36504
101 T	0.60543	0.02819	0.36638
102 C	0.60391	0.02894	0.36715
103 G	0.60223	0.03055	0.36723
104 A	0.60188	0.03104	0.36707
105 T	0.60190	0.03083	0.36727
106 A	0.60166	0.03181	0.36653
107 C	0.60218	0.03092	0.36691
108 T	0.60256	0.03097	0.36648
109 A	0.59928	0.03504	0.36568
110 T	0.59757	0.03489	0.36754
111 C	0.59249	0.03994	0.36757
112 G	0.58859	0.04521	0.3662
113 G	0.58694	0.04826	0.3648
114 A	0.58547	0.05233	0.3622
115 G	0.58558	0.05330	0.36112
116 A	0.58647	0.05318	0.36035
117 G	0.58847	0.05128	0.36024
118 T	0.59044	0.04947	0.36009
119 T	0.59180	0.04878	0.35941
120 T	0.59277	0.04895	0.35829
121 A	0.59258	0.05146	0.35595
122 T	0.59264	0.05107	0.35629
123 T	0.59224	0.05113	0.35662
124 A	0.59115	0.05192	0.35693
125 A	0.59029	0.05171	0.35799
126 C	0.58999	0.05051	0.3595
127 G	0.58974	0.05053	0.35973
128 A	0.58980	0.05039	0.35981
129 A	0.59071	0.04924	0.36006
130 A	0.59116	0.04857	0.36028
131 A	0.59263	0.04671	0.36066
132 T	0.59547	0.03905	0.36547
133 A	0.59639	0.03493	0.36869
134 T	0.59785	0.02741	0.37473
135 T	0.59921	0.02218	0.37861
136 G	0.60030	0.01865	0.38104
137 T	0.60244	0.01532	0.38224
138 T	0.60350	0.01407	0.38243
139 T	0.60412	0.01401	0.38187
140 T	0.60441	0.01449	0.3811
141 A	0.60423	0.01697	0.3788
142 G	0.60471	0.01739	0.37789
143 A	0.60579	0.01711	0.3771
144 T	0.60826	0.01461	0.37713
145 T	0.60854	0.01460	0.37686
146 T	0.60862	0.01467	0.37671
147 A	0.60803	0.01506	0.37691
148 T	0.60775	0.01466	0.37759
149 T	0.60757	0.01446	0.37798
150 T	0.60720	0.01450	0.3783
151 G	0.60655	0.01498	0.37847
152 C	0.60630	0.01514	0.37856
153 C	0.60612	0.01545	0.37843
154 G	0.60567	0.01600	0.37833
155 G	0.60534	0.01652	0.37814
156 A	0.60524	0.01694	0.37782
157 T	0.60525	0.01712	0.37763
158 C	0.60522	0.01731	0.37747
159 A	0.60539	0.01734	0.37727
160 G	0.60574	0.01695	0.37731
161 G	0.60626	0.01632	0.37742
162 T	0.60710	0.01540	0.3775
163 G	0.60799	0.01446	0.37756
164 C	0.61053	0.01133	0.37813
165 T	0.61195	0.01002	0.37803
166 T	0.61239	0.00975	0.37785
167 A	0.61191	0.01029	0.3778
168 T	0.61190	0.01029	0.37781
169 G	0.61118	0.01116	0.37766
170 G	0.61105	0.01039	0.37856
171 C	0.61085	0.00983	0.37932
172 T	0.61063	0.00993	0.37944
173 T	0.61010	0.01032	0.37958
174 C	0.60813	0.01214	0.37973
175 G	0.60620	0.01424	0.37956
176 A	0.60507	0.01576	0.37917
177 A	0.60435	0.01642	0.37923
178 G	0.60395	0.01708	0.37896
179 C	0.60381	0.01797	0.37822
180 T	0.60338	0.02200	0.37462
181 T	0.60175	0.02560	0.37264
182 T	0.59289	0.03714	0.36997
183 A	0.57903	0.05376	0.36721
184 A	0.56729	0.06734	0.36537
185 G	0.55975	0.07567	0.36457
186 T	0.55418	0.08169	0.36413
187 A	0.54308	0.09332	0.3636
188 G	0.53579	0.10097	0.36324
189 A	0.52917	0.10819	0.36264
190 A	0.52577	0.11118	0.36305
191 A	0.52455	0.11217	0.36328
192 T	0.52417	0.11180	0.36402
193 G	0.52259	0.11345	0.36396
194 C	0.52174	0.11406	0.36419
195 T	0.52100	0.11515	0.36385
196 A	0.51753	0.11935	0.36312
197 A	0.51553	0.12069	0.36378
198 A	0.51384	0.12131	0.36485
199 C	0.51319	0.12105	0.36576
200 A	0.51307	0.12049	0.36644
201 A	0.51412	0.11843	0.36745
202 G	0.51594	0.11519	0.36886
203 T	0.52126	0.10843	0.37032
204 T	0.52342	0.10454	0.37205
205 T	0.52536	0.09165	0.38299
206 A	0.52635	0.07777	0.39588
207 T	0.52769	0.06300	0.40932
208 T	0.52812	0.05635	0.41553
209 T	0.52806	0.05361	0.41833
210 A	0.52605	0.05076	0.42318
211 G	0.52499	0.04635	0.42866
212 T	0.52501	0.04150	0.43349
213 G	0.51747	0.04699	0.43554
214 G	0.51251	0.05274	0.43474
215 A	0.51038	0.05937	0.43025
216 T	0.50983	0.06319	0.42698
217 A	0.50800	0.06734	0.42466
218 A	0.50795	0.06734	0.42471
219 T	0.50875	0.06455	0.42671
220 T	0.50885	0.06350	0.42764
221 T	0.50858	0.06276	0.42866
222 T	0.50758	0.06289	0.42953
223 T	0.50566	0.06420	0.43014
224 T	0.49885	0.07081	0.43034
225 A	0.47662	0.09301	0.43037
226 C	0.45768	0.11172	0.4306
227 C	0.44060	0.12884	0.43056
228 A	0.42370	0.14644	0.42985
229 G	0.41190	0.15869	0.42941
230 C	0.41008	0.16076	0.42916
231 T	0.40930	0.16285	0.42785
232 T	0.40669	0.16612	0.4272
233 T	0.39755	0.17457	0.42788
234 T	0.37222	0.20133	0.42645
235 A	0.34203	0.23881	0.41916
236 A	0.32570	0.25491	0.41939
237 A	0.30654	0.28048	0.41299
238 A	0.29681	0.29919	0.40401
239 T	0.29371	0.31286	0.39343
240 T	0.27915	0.33598	0.38487
241 A	0.25800	0.36881	0.37318
242 T	0.24283	0.39279	0.36437
243 T	0.21227	0.43529	0.35244
244 A	0.15466	0.50740	0.33794
245 A	0.12107	0.54880	0.33013
246 A	0.10246	0.56847	0.32907
247 A	0.09368	0.57190	0.33442
248 A	0.09029	0.55849	0.35122
249 A	0.08889	0.54435	0.36676
250 A	0.08870	0.52951	0.38179
251 A	0.08951	0.51344	0.39706
252 T	0.09051	0.50011	0.40938
253 A	0.09055	0.50048	0.40896
254 T	0.09002	0.49944	0.41053
255 A	0.08722	0.50363	0.40915
256 A	0.08472	0.50184	0.41344
257 A	0.08333	0.49190	0.42477
258 A	0.09079	0.47050	0.43871
259 A	0.09857	0.45997	0.44146
260 A	0.11229	0.44037	0.44734
261 A	0.12676	0.42731	0.44593
262 T	0.14433	0.40074	0.45493
263 T	0.15387	0.38230	0.46383
264 A	0.15827	0.39196	0.44978
265 A	0.16262	0.40424	0.43314
266 A	0.16963	0.40896	0.42141
267 T	0.18082	0.35499	0.46419
268 T	0.18282	0.33016	0.48702
269 T	0.17119	0.34117	0.48764
270 G	0.14616	0.37975	0.47409
271 C	0.12819	0.41492	0.4569
272 A	0.10757	0.47209	0.42035
273 A	0.09362	0.49882	0.40757
274 A	0.08122	0.52030	0.39849
275 A	0.07949	0.52971	0.3908
276 A	0.08082	0.53123	0.38795
277 G	0.08164	0.53005	0.38832
278 A	0.08601	0.52408	0.38991
279 A	0.08685	0.52098	0.39218
280 C	0.09628	0.51032	0.39339
281 A	0.10615	0.50733	0.38652
282 A	0.11872	0.49948	0.3818
283 A	0.13908	0.48292	0.37801
284 T	0.17281	0.44971	0.37747
285 T	0.18807	0.43485	0.37708
286 A	0.19983	0.42193	0.37824
287 A	0.22085	0.39623	0.38292
288 A	0.24949	0.36236	0.38815
289 T	0.29096	0.31225	0.39679
290 T	0.30685	0.28868	0.40447
291 A	0.32081	0.26681	0.41238
292 T	0.35072	0.21993	0.42935
293 T	0.36487	0.18490	0.45022
294 T	0.37161	0.16406	0.46434
295 T	0.37835	0.14350	0.47816
296 A	0.37548	0.13918	0.48534
297 T	0.37840	0.12605	0.49556
298 A	0.37485	0.12977	0.49537
299 A	0.37286	0.13289	0.49425
300 T	0.37143	0.13506	0.49351
301 A	0.36020	0.14464	0.49516
302 A	0.35585	0.14224	0.5019
303 T	0.35702	0.13662	0.50637
304 G	0.35927	0.13131	0.50942
305 C	0.36387	0.12456	0.51157
306 T	0.36894	0.11907	0.51199
307 T	0.36856	0.11927	0.51217
308 T	0.36594	0.12191	0.51215
309 T	0.35829	0.13006	0.51165
310 C	0.34724	0.14253	0.51024
311 A	0.33400	0.16263	0.50337
312 A	0.32778	0.17527	0.49695
313 A	0.32490	0.18531	0.48979
314 T	0.32366	0.19323	0.48311
315 G	0.31416	0.21586	0.46998
316 T	0.30707	0.25462	0.43831
317 T	0.29275	0.28347	0.42378
318 G	0.27240	0.31401	0.4136
319 A	0.26339	0.33930	0.39732
320 A	0.25796	0.35532	0.38672
321 A	0.25718	0.36447	0.37835
322 A	0.25994	0.36340	0.37665
323 A	0.26476	0.35668	0.37855
324 A	0.26736	0.34374	0.3889
325 T	0.26958	0.33623	0.39419
326 T	0.26993	0.33413	0.39593
327 T	0.26963	0.33446	0.3959
328 A	0.26821	0.34324	0.38855
329 A	0.26734	0.34620	0.38646
330 T	0.26747	0.34810	0.38443
331 A	0.26719	0.34963	0.38318
332 A	0.26767	0.34515	0.38718
333 A	0.26920	0.33856	0.39224
334 G	0.27512	0.32310	0.40179
335 A	0.28129	0.31374	0.40496
336 A	0.29137	0.30272	0.40591
337 A	0.30492	0.28582	0.40927
338 A	0.32894	0.24990	0.42116
339 T	0.38545	0.18115	0.4334
340 T	0.40571	0.14483	0.44945
341 T	0.41659	0.11758	0.46584
342 A	0.42434	0.10370	0.47196
343 A	0.43226	0.09277	0.47497
344 T	0.44462	0.07746	0.47792
345 T	0.45102	0.07174	0.47724
346 T	0.45439	0.07205	0.47357
347 T	0.45696	0.07379	0.46925
348 T	0.45847	0.07337	0.46816
349 G	0.45922	0.07471	0.46607
350 A	0.46197	0.07312	0.46492
351 T	0.47051	0.06367	0.46582
352 C	0.47448	0.06066	0.46487
353 T	0.48051	0.05843	0.46106
354 A	0.48396	0.05770	0.45835
355 A	0.48706	0.05583	0.45711
356 T	0.49188	0.05109	0.45703
357 T	0.49432	0.04884	0.45684
358 A	0.49594	0.04716	0.45689
359 T	0.49883	0.04424	0.45693
360 T	0.50005	0.04324	0.4567
361 T	0.50016	0.04364	0.4562
362 T	0.49996	0.04438	0.45566
363 A	0.49947	0.04499	0.45553
364 G	0.49982	0.04463	0.45555
365 A	0.50132	0.04312	0.45556
366 T	0.50472	0.03966	0.45563
367 C	0.50674	0.03757	0.45569
368 C	0.50999	0.03429	0.45572
369 T	0.51487	0.02942	0.45572
370 C	0.51862	0.02566	0.45572
371 C	0.52025	0.02408	0.45567
372 T	0.52382	0.02066	0.45552
373 T	0.52576	0.01879	0.45544
374 A	0.52651	0.01810	0.45539
375 T	0.52905	0.01556	0.45539
376 T	0.53236	0.01211	0.45552
377 T	0.53404	0.00957	0.45638
378 T	0.53431	0.00898	0.45671
379 T	0.53319	0.01002	0.45679
380 T	0.53129	0.01183	0.45688
381 T	0.52926	0.01380	0.45694
382 G	0.52747	0.01541	0.45712
383 A	0.52686	0.01584	0.45731
384 T	0.52708	0.01512	0.45781
385 T	0.52690	0.01498	0.45812
386 C	0.52643	0.01503	0.45855
387 A	0.52581	0.01565	0.45854
388 T	0.52571	0.01572	0.45856
389 A	0.52546	0.01600	0.45854
390 T	0.52543	0.01595	0.45862
391 T	0.52541	0.01594	0.45865
392 T	0.52534	0.01585	0.45881
393 A	0.52501	0.01595	0.45904
394 C	0.52489	0.01585	0.45925
395 T	0.52474	0.01621	0.45906
396 T	0.52427	0.01702	0.45871
397 T	0.52370	0.01792	0.45839
398 T	0.52292	0.01893	0.45814
399 A	0.52177	0.02051	0.45772
400 T	0.52153	0.01962	0.45884
401 T	0.52100	0.01883	0.46017
402 T	0.52011	0.01759	0.4623
403 T	0.51799	0.01740	0.46461
404 C	0.51469	0.01889	0.46642
405 G	0.50003	0.03404	0.46592
406 T	0.49553	0.04051	0.46397
407 A	0.48838	0.04912	0.4625
408 T	0.48251	0.05595	0.46154
409 T	0.46424	0.07756	0.4582
410 T	0.39053	0.15723	0.45224
411 A	0.31426	0.24700	0.43874
412 G	0.27256	0.31006	0.41738
413 A	0.24802	0.35166	0.40031
414 A	0.23474	0.37270	0.39256
415 A	0.22824	0.38462	0.38714
416 A	0.22400	0.39157	0.38443
417 A	0.22209	0.39542	0.38249
418 A	0.22150	0.39579	0.38271
419 T	0.22174	0.39482	0.38345
420 T	0.22155	0.39441	0.38405
421 A	0.22096	0.39422	0.38482
422 C	0.22101	0.39286	0.38613
423 T	0.22080	0.39279	0.38642
424 A	0.22027	0.39309	0.38665
425 A	0.22023	0.39261	0.38717
426 T	0.22050	0.39093	0.38857
427 A	0.22059	0.38906	0.39035
428 A	0.22160	0.37121	0.40719
429 T	0.22401	0.36227	0.41373
430 A	0.22488	0.35408	0.42103
431 A	0.22637	0.34405	0.42958
432 A	0.23068	0.31568	0.45364
433 A	0.23801	0.22639	0.5356
434 G	0.25230	0.14827	0.59943
435 T	0.27853	0.08997	0.6315
436 T	0.29503	0.06108	0.6439
437 T	0.30128	0.05427	0.64445
438 A	0.30351	0.06402	0.63247
439 A	0.30495	0.07150	0.62355
440 T	0.30630	0.07901	0.61468
441 T	0.30560	0.10250	0.5919
442 A	0.30542	0.18734	0.50724
443 T	0.30560	0.19668	0.49772
444 T	0.30548	0.20081	0.49371
445 T	0.30496	0.20464	0.4904
446 T	0.30369	0.20964	0.48666
447 C	0.29857	0.21879	0.48264
448 G	0.29646	0.22311	0.48043
449 A	0.29616	0.22507	0.47877
450 A	0.29659	0.22467	0.47873
451 A	0.29760	0.22361	0.47879
452 C	0.29939	0.22168	0.47893
453 T	0.30192	0.21885	0.47923
454 C	0.30336	0.21731	0.47933
455 A	0.30571	0.21503	0.47927
456 T	0.31199	0.20878	0.47924
457 T	0.31583	0.20503	0.47914
458 C	0.31845	0.20274	0.47881
459 T	0.32348	0.19928	0.47724
460 A	0.32872	0.19460	0.47668
461 A	0.33886	0.18526	0.47589
462 A	0.35069	0.17425	0.47506
463 A	0.36314	0.16307	0.47379
464 C	0.38904	0.13587	0.4751
465 T	0.47155	0.05572	0.47273
466 T	0.47560	0.05632	0.46807
467 T	0.46481	0.07113	0.46406
468 A	0.44252	0.09379	0.46368
469 T	0.42105	0.11473	0.46422
470 T	0.40306	0.12795	0.46898
471 G	0.36463	0.16443	0.47094
472 C	0.35464	0.17393	0.47143
473 C	0.34583	0.18275	0.47142
474 T	0.33914	0.18947	0.4714
475 T	0.32934	0.19929	0.47137
476 C	0.29914	0.22953	0.47134
477 A	0.27808	0.25059	0.47133
478 C	0.27404	0.25461	0.47135
479 G	0.27185	0.25681	0.47134
480 A	0.27032	0.25835	0.47134
481 C	0.26981	0.25879	0.4714
482 A	0.27056	0.25793	0.47151
483 A	0.27089	0.25729	0.47182
484 G	0.27140	0.25514	0.47346
485 A	0.27285	0.25293	0.47422
486 T	0.27550	0.24942	0.47507
487 A	0.27648	0.24370	0.47983
488 A	0.27904	0.23406	0.4869
489 T	0.28332	0.21580	0.50088
490 T	0.28592	0.19381	0.52026
491 T	0.28531	0.16730	0.54739
492 T	0.28391	0.14033	0.57577
493 G	0.28125	0.12579	0.59295
494 T	0.27941	0.10133	0.61926
495 T	0.27680	0.09572	0.62748
496 T	0.27337	0.09310	0.63353
497 T	0.27031	0.08647	0.64322
498 A	0.26389	0.08963	0.64648
499 T	0.26123	0.07453	0.66425
500 T	0.25778	0.06734	0.67489
501 C	0.25077	0.07517	0.67406
502 A	0.23954	0.10998	0.65048
503 A	0.23102	0.15738	0.61159
504 A	0.19135	0.23008	0.57857
505 G	0.16319	0.30273	0.53408
506 A	0.13934	0.39739	0.46327
507 A	0.12768	0.43582	0.4365
508 A	0.12116	0.46515	0.41369
509 A	0.11575	0.48565	0.3986
510 A	0.11426	0.49115	0.39459
511 A	0.11369	0.49404	0.39228
512 A	0.11375	0.49501	0.39124
513 A	0.11439	0.49442	0.39119
514 T	0.11595	0.49154	0.39252
515 A	0.11681	0.48840	0.39478
516 T	0.11864	0.48238	0.39898
517 G	0.11901	0.47833	0.40267
518 G	0.12053	0.47313	0.40634
519 C	0.12334	0.46626	0.4104
520 A	0.12544	0.46221	0.41235
521 C	0.13010	0.45264	0.41727
522 T	0.13630	0.44689	0.41681
523 A	0.13983	0.44651	0.41366
524 A	0.14406	0.44638	0.40956
525 A	0.16471	0.42319	0.4121
526 A	0.20007	0.38702	0.41291
527 A	0.23332	0.31519	0.45149
528 A	0.28586	0.23649	0.47764
529 T	0.36563	0.13408	0.50029
530 T	0.39167	0.10504	0.50329
531 A	0.40646	0.09539	0.49815
532 T	0.41795	0.08469	0.49735
533 A	0.41979	0.08708	0.49312
534 T	0.42132	0.08661	0.49207
535 T	0.42106	0.08985	0.48909
536 A	0.42034	0.09943	0.48023
537 T	0.41989	0.10029	0.47982
538 T	0.40867	0.11265	0.47868
539 A	0.40670	0.11440	0.4789
540 T	0.40553	0.11499	0.47948
541 C	0.40106	0.11920	0.47973
542 G	0.40051	0.11975	0.47974
543 C	0.40053	0.11972	0.47975
544 A	0.40111	0.11913	0.47976
545 A	0.40306	0.11715	0.4798
546 A	0.40753	0.11263	0.47984
547 A	0.41450	0.10535	0.48015
548 A	0.42153	0.09785	0.48062
549 T	0.43238	0.08482	0.4828
550 T	0.44082	0.07478	0.48439
551 C	0.44710	0.06740	0.48549
552 T	0.45312	0.06104	0.48584
553 T	0.45933	0.05428	0.48638
554 T	0.46463	0.04828	0.48709
555 C	0.46742	0.04489	0.48769
556 T	0.47274	0.03924	0.48802
557 G	0.47450	0.03639	0.48911
558 T	0.47842	0.03074	0.49084
559 T	0.48541	0.02184	0.49275
560 A	0.48625	0.01961	0.49413
561 A	0.48781	0.00000	0.51219
