# lcl|CP097583.1_cds_USQ93195.1_1
# AA	inside	membr	outside
1 A	0.25817	0.00000	0.74183
2 T	0.25424	0.00393	0.74183
3 G	0.25254	0.00563	0.74183
4 G	0.25254	0.02303	0.72444
5 A	0.23882	0.06330	0.69788
6 A	0.23882	0.06855	0.69263
7 T	0.21392	0.09611	0.68997
8 G	0.21392	0.09617	0.68992
9 G	0.21019	0.10029	0.68952
10 A	0.21018	0.14894	0.64087
11 A	0.20926	0.15358	0.63717
12 A	0.20191	0.16254	0.63555
13 C	0.19389	0.17999	0.62612
14 A	0.19388	0.18000	0.62612
15 A	0.19388	0.47167	0.33445
16 T	0.19378	0.47178	0.33445
17 T	0.19356	0.47319	0.33325
18 T	0.19353	0.47767	0.32879
19 T	0.19221	0.48157	0.32622
20 T	0.18256	0.53093	0.28651
21 T	0.15650	0.55689	0.28661
22 G	0.15490	0.56685	0.27825
23 A	0.15356	0.57994	0.2665
24 T	0.15330	0.60515	0.24156
25 A	0.15124	0.63292	0.21585
26 A	0.15018	0.67147	0.17835
27 G	0.15805	0.70951	0.13244
28 A	0.17303	0.72707	0.0999
29 A	0.17647	0.74273	0.08079
30 T	0.18308	0.73346	0.08347
31 A	0.18162	0.74983	0.06855
32 A	0.18201	0.75359	0.0644
33 A	0.21774	0.72621	0.05605
34 A	0.22272	0.72464	0.05265
35 A	0.23400	0.70881	0.05719
36 A	0.25014	0.68756	0.0623
37 A	0.26331	0.67457	0.06212
38 T	0.53596	0.40121	0.06283
39 T	0.54246	0.39406	0.06347
40 A	0.54908	0.38578	0.06514
41 T	0.55665	0.37382	0.06953
42 T	0.56202	0.36581	0.07217
43 T	0.58244	0.33612	0.08144
44 C	0.58284	0.31842	0.09874
45 A	0.59154	0.31012	0.09834
46 A	0.60451	0.29675	0.09874
47 T	0.63429	0.26678	0.09892
48 A	0.66356	0.23733	0.09911
49 A	0.70709	0.19342	0.09949
50 T	0.77003	0.12613	0.10383
51 T	0.81223	0.08027	0.10749
52 T	0.83023	0.06089	0.10888
53 T	0.84063	0.05105	0.10832
54 T	0.84737	0.04522	0.1074
55 A	0.84783	0.04662	0.10555
56 T	0.85269	0.04275	0.10456
57 T	0.85239	0.05249	0.09511
58 A	0.84776	0.06898	0.08325
59 T	0.84911	0.07016	0.08073
60 T	0.84855	0.07587	0.07557
61 T	0.84684	0.07824	0.07492
62 T	0.84215	0.08403	0.07382
63 T	0.83733	0.09176	0.07091
64 A	0.83444	0.09564	0.06993
65 C	0.83181	0.09906	0.06914
66 A	0.82958	0.10301	0.0674
67 T	0.82913	0.10388	0.06698
68 C	0.82767	0.10629	0.06604
69 G	0.82184	0.11437	0.06379
70 A	0.82037	0.11798	0.06165
71 T	0.82110	0.11863	0.06027
72 A	0.81977	0.12127	0.05895
73 T	0.82122	0.12025	0.05853
74 T	0.82102	0.12039	0.05859
75 A	0.81788	0.12362	0.0585
76 A	0.81802	0.12237	0.05962
77 T	0.82114	0.11658	0.06227
78 G	0.82284	0.11160	0.06556
79 G	0.82571	0.10720	0.06709
80 T	0.83756	0.09258	0.06986
81 T	0.84580	0.08122	0.07298
82 G	0.84366	0.08231	0.07402
83 T	0.84438	0.08011	0.07551
84 A	0.83972	0.08319	0.0771
85 G	0.83488	0.08321	0.08191
86 C	0.83491	0.07918	0.08591
87 A	0.83463	0.07959	0.08578
88 T	0.83591	0.07786	0.08623
89 A	0.83577	0.07791	0.08632
90 T	0.83469	0.07879	0.08652
91 T	0.82912	0.08387	0.08701
92 T	0.82229	0.08567	0.09204
93 A	0.79295	0.11499	0.09205
94 A	0.77672	0.13259	0.09069
95 T	0.76537	0.14366	0.09096
96 T	0.70906	0.20119	0.08975
97 A	0.62567	0.28696	0.08737
98 T	0.56903	0.34262	0.08835
99 T	0.48426	0.43094	0.0848
100 G	0.33536	0.58719	0.07745
101 A	0.26651	0.66680	0.06668
102 A	0.21274	0.72813	0.05913
103 A	0.17433	0.77162	0.05405
104 A	0.13797	0.81106	0.05097
105 T	0.11727	0.82993	0.05281
106 A	0.09027	0.85645	0.05328
107 A	0.07605	0.86787	0.05609
108 G	0.06817	0.87104	0.06079
109 A	0.06439	0.87395	0.06166
110 A	0.06386	0.87402	0.06212
111 T	0.06374	0.87365	0.06261
112 A	0.05903	0.87932	0.06165
113 A	0.05452	0.88134	0.06414
114 A	0.05081	0.88019	0.069
115 A	0.04749	0.87647	0.07604
116 A	0.04488	0.85367	0.10145
117 A	0.04475	0.83013	0.12512
118 A	0.04378	0.79943	0.15679
119 G	0.04279	0.70966	0.24755
120 A	0.04427	0.62898	0.32675
121 G	0.04428	0.58713	0.36859
122 A	0.04531	0.59528	0.35942
123 A	0.04904	0.60538	0.34558
124 A	0.05757	0.59260	0.34983
125 A	0.06408	0.58595	0.34997
126 A	0.06924	0.57571	0.35506
127 T	0.07414	0.55013	0.37573
128 T	0.07354	0.55046	0.37599
129 A	0.07131	0.56380	0.3649
130 G	0.06895	0.58444	0.34661
131 A	0.06769	0.64486	0.28746
132 A	0.06801	0.68928	0.24271
133 A	0.06888	0.73305	0.19807
134 A	0.07033	0.78661	0.14306
135 A	0.07275	0.82600	0.10126
136 A	0.07503	0.83786	0.08711
137 A	0.07845	0.84881	0.07274
138 A	0.08072	0.85686	0.06242
139 G	0.08438	0.85825	0.05736
140 A	0.08979	0.85622	0.05399
141 A	0.09817	0.84769	0.05415
142 G	0.11204	0.83301	0.05495
143 A	0.13739	0.80802	0.05459
144 A	0.16933	0.77474	0.05593
145 A	0.25134	0.68972	0.05894
146 T	0.36822	0.56938	0.06241
147 G	0.40826	0.52670	0.06504
148 T	0.46139	0.47199	0.06662
149 T	0.49332	0.43864	0.06805
150 T	0.50883	0.42291	0.06826
151 C	0.51573	0.41453	0.06973
152 A	0.53520	0.39552	0.06928
153 A	0.56410	0.36653	0.06937
154 T	0.63204	0.29958	0.06838
155 C	0.67255	0.26466	0.06279
156 G	0.71745	0.22405	0.05849
157 A	0.77646	0.16526	0.05828
158 T	0.82808	0.11386	0.05806
159 T	0.84335	0.09937	0.05729
160 C	0.85673	0.08599	0.05728
161 C	0.86953	0.07346	0.05702
162 T	0.87991	0.06479	0.0553
163 T	0.88407	0.06095	0.05498
164 C	0.88419	0.06113	0.05468
165 T	0.88523	0.06053	0.05424
166 T	0.88113	0.06507	0.0538
167 C	0.87259	0.07410	0.05332
168 A	0.85292	0.09494	0.05214
169 T	0.84331	0.10534	0.05135
170 A	0.83280	0.11591	0.05129
171 T	0.82845	0.12030	0.05125
172 A	0.79288	0.15606	0.05106
173 A	0.74621	0.20192	0.05187
174 C	0.72584	0.21986	0.0543
175 A	0.70991	0.23499	0.0551
176 A	0.69584	0.24866	0.0555
177 A	0.68354	0.26039	0.05607
178 C	0.68297	0.25997	0.05705
179 T	0.68248	0.25989	0.05762
180 A	0.67343	0.26623	0.06033
181 A	0.66987	0.26799	0.06214
182 T	0.67040	0.26422	0.06538
183 C	0.66918	0.26247	0.06835
184 C	0.66863	0.25764	0.07373
185 C	0.66950	0.25511	0.07539
186 T	0.66941	0.25487	0.07573
187 T	0.66604	0.25778	0.07618
188 T	0.65609	0.26758	0.07633
189 C	0.63745	0.28299	0.07956
190 G	0.60110	0.31360	0.08531
191 A	0.56316	0.33649	0.10034
192 T	0.54395	0.34897	0.10708
193 G	0.49359	0.40469	0.10172
194 A	0.47350	0.44515	0.08135
195 A	0.45794	0.44030	0.10176
196 G	0.44960	0.40701	0.14339
197 A	0.44585	0.39718	0.15698
198 A	0.44358	0.39171	0.16472
199 A	0.44331	0.38756	0.16912
200 T	0.44371	0.37202	0.18427
201 A	0.44338	0.36534	0.19128
202 A	0.44330	0.36070	0.19599
203 G	0.44333	0.34997	0.2067
204 C	0.44329	0.34607	0.21064
205 G	0.44330	0.35022	0.20648
206 A	0.44340	0.35401	0.20259
207 T	0.44377	0.35679	0.19944
208 T	0.44401	0.36214	0.19384
209 T	0.44417	0.38213	0.1737
210 A	0.44428	0.41461	0.14111
211 A	0.44472	0.41825	0.13703
212 A	0.44548	0.41688	0.13763
213 A	0.44864	0.37979	0.17157
214 T	0.45795	0.32830	0.21375
215 A	0.46625	0.30268	0.23107
216 T	0.48602	0.23887	0.27511
217 T	0.51089	0.20228	0.28683
218 T	0.52155	0.18205	0.29641
219 T	0.52378	0.17747	0.29875
220 A	0.52165	0.18415	0.2942
221 C	0.51471	0.19786	0.28743
222 T	0.51563	0.23674	0.24762
223 A	0.50262	0.30625	0.19113
224 A	0.49884	0.34666	0.1545
225 T	0.50006	0.40567	0.09428
226 T	0.49321	0.42243	0.08435
227 T	0.47984	0.44947	0.07068
228 A	0.46740	0.46579	0.06682
229 A	0.45729	0.47602	0.06669
230 C	0.45842	0.47496	0.06662
231 A	0.46465	0.46902	0.06633
232 C	0.48450	0.44917	0.06633
233 C	0.51885	0.41514	0.06601
234 A	0.53474	0.39940	0.06587
235 T	0.54716	0.38708	0.06576
236 T	0.53346	0.40091	0.06563
237 A	0.48912	0.44546	0.06543
238 C	0.46905	0.46547	0.06548
239 A	0.44640	0.48848	0.06513
240 A	0.42307	0.51190	0.06504
241 A	0.39855	0.53665	0.0648
242 A	0.38583	0.54802	0.06614
243 A	0.38930	0.54153	0.06918
244 G	0.39503	0.52110	0.08387
245 A	0.42650	0.48234	0.09117
246 C	0.47242	0.41910	0.10848
247 A	0.49890	0.39022	0.11088
248 T	0.55270	0.32809	0.11921
249 G	0.55785	0.31407	0.12809
250 C	0.56669	0.29257	0.14075
251 T	0.56801	0.28551	0.14649
252 C	0.56112	0.28013	0.15875
253 T	0.55927	0.28140	0.15933
254 T	0.55657	0.28380	0.15963
255 G	0.55273	0.29011	0.15716
256 T	0.55153	0.29182	0.15666
257 T	0.54843	0.29714	0.15444
258 A	0.54246	0.30279	0.15474
259 A	0.54047	0.28340	0.17612
260 T	0.53894	0.24267	0.21838
261 G	0.53244	0.23618	0.23137
262 A	0.53035	0.22862	0.24103
263 A	0.52834	0.22592	0.24574
264 A	0.52616	0.22852	0.24532
265 G	0.52493	0.22858	0.24649
266 A	0.52475	0.23787	0.23737
267 A	0.52491	0.24239	0.2327
268 A	0.52566	0.24142	0.23292
269 A	0.52624	0.24265	0.23112
270 T	0.53015	0.22863	0.24122
271 T	0.53131	0.23437	0.23432
272 T	0.53201	0.24776	0.22022
273 T	0.53220	0.28830	0.17951
274 A	0.52754	0.31600	0.15646
275 T	0.52547	0.32067	0.15386
276 T	0.51444	0.34037	0.14519
277 A	0.49235	0.38451	0.12314
278 C	0.47137	0.42139	0.10724
279 A	0.45875	0.47980	0.06145
280 T	0.45870	0.48407	0.05723
281 T	0.45616	0.48902	0.05482
282 A	0.44231	0.50742	0.05027
283 A	0.44103	0.50780	0.05118
284 C	0.44543	0.49669	0.05787
285 A	0.44835	0.49234	0.05931
286 A	0.46180	0.47689	0.06131
287 C	0.48874	0.44732	0.06394
288 T	0.51013	0.42531	0.06456
289 G	0.51985	0.41562	0.06454
290 A	0.52596	0.40924	0.0648
291 C	0.53138	0.40349	0.06513
292 T	0.53431	0.40128	0.06441
293 G	0.51945	0.41835	0.06219
294 G	0.51399	0.42583	0.06018
295 A	0.51477	0.42976	0.05546
296 A	0.54377	0.40443	0.0518
297 T	0.57124	0.37274	0.05601
298 A	0.57803	0.36365	0.05832
299 A	0.59148	0.33575	0.07277
300 A	0.61412	0.28975	0.09612
301 T	0.63465	0.24109	0.12426
302 C	0.66522	0.19565	0.13913
303 T	0.66046	0.19826	0.14128
304 A	0.63597	0.22150	0.14254
305 T	0.61575	0.23390	0.15035
306 A	0.52716	0.32188	0.15096
307 C	0.45466	0.39384	0.1515
308 A	0.33059	0.52912	0.1403
309 A	0.24525	0.63423	0.12051
310 G	0.17458	0.73330	0.09212
311 A	0.13098	0.80123	0.0678
312 A	0.10776	0.83636	0.05588
313 A	0.08735	0.86673	0.04592
314 A	0.07616	0.87919	0.04464
315 A	0.07213	0.87679	0.05109
316 A	0.07256	0.85863	0.06881
317 A	0.07362	0.84100	0.08539
318 G	0.07722	0.81880	0.10398
319 G	0.08020	0.80328	0.11652
320 C	0.08261	0.79606	0.12133
321 A	0.08430	0.79723	0.11846
322 G	0.08519	0.80382	0.11099
323 A	0.08650	0.81268	0.10082
324 A	0.08845	0.81985	0.0917
325 T	0.09147	0.82463	0.0839
326 A	0.09273	0.80963	0.09765
327 T	0.09593	0.77488	0.12919
328 A	0.09741	0.74669	0.1559
329 A	0.10042	0.66506	0.23452
330 A	0.10327	0.60286	0.29386
331 A	0.11929	0.47058	0.41013
332 A	0.14315	0.36439	0.49246
333 T	0.17816	0.26293	0.55891
334 G	0.19915	0.22297	0.57788
335 A	0.21172	0.23004	0.55823
336 T	0.22609	0.23726	0.53665
337 T	0.23164	0.28268	0.48568
338 T	0.23258	0.37475	0.39266
339 T	0.23132	0.40707	0.36161
340 A	0.22462	0.50726	0.26811
341 A	0.22044	0.57911	0.20045
342 A	0.21775	0.61116	0.17109
343 C	0.21227	0.61958	0.16815
344 A	0.20805	0.63669	0.15526
345 A	0.21018	0.64913	0.14069
346 A	0.21955	0.65009	0.13036
347 C	0.23064	0.65049	0.11888
348 T	0.24305	0.64567	0.11129
349 T	0.24952	0.64688	0.10359
350 T	0.25034	0.65297	0.09669
351 A	0.24716	0.66395	0.08889
352 C	0.24559	0.66914	0.08527
353 A	0.24435	0.67121	0.08443
354 A	0.24313	0.67282	0.08405
355 G	0.24760	0.66845	0.08395
356 A	0.25931	0.65667	0.08402
357 C	0.28223	0.63352	0.08424
358 A	0.31920	0.59637	0.08443
359 A	0.35489	0.56043	0.08469
360 C	0.41620	0.49796	0.08584
361 G	0.49463	0.42138	0.08398
362 A	0.52745	0.39051	0.08203
363 A	0.61763	0.29684	0.08553
364 T	0.68352	0.22814	0.08833
365 T	0.70724	0.20332	0.08943
366 A	0.70368	0.19955	0.09677
367 A	0.70028	0.19221	0.10751
368 A	0.70743	0.17487	0.11771
369 A	0.70587	0.17031	0.12382
370 C	0.71957	0.14892	0.13152
371 C	0.73233	0.13309	0.13458
372 T	0.74463	0.11977	0.13561
373 G	0.74924	0.11432	0.13644
374 T	0.75574	0.10696	0.13731
375 T	0.75424	0.10844	0.13732
376 T	0.74810	0.11396	0.13794
377 T	0.74189	0.12081	0.1373
378 A	0.73123	0.12963	0.13913
379 A	0.72597	0.13208	0.14195
380 A	0.72353	0.13125	0.14521
381 A	0.72305	0.12599	0.15096
382 C	0.72395	0.11883	0.15723
383 C	0.72508	0.11629	0.15863
384 T	0.72826	0.11270	0.15905
385 T	0.73068	0.10981	0.15951
386 C	0.73188	0.10812	0.16
387 G	0.73259	0.10774	0.15966
388 T	0.73367	0.10557	0.16076
389 A	0.73388	0.09772	0.16839
390 T	0.73401	0.08250	0.18349
391 T	0.73411	0.07422	0.19167
392 C	0.73419	0.05957	0.20623
393 T	0.73434	0.05590	0.20976
394 T	0.73452	0.05433	0.21116
395 T	0.73468	0.05319	0.21213
396 G	0.73474	0.05177	0.21349
397 G	0.73500	0.05278	0.21222
398 G	0.73543	0.05072	0.21385
399 G	0.73688	0.05043	0.21268
400 T	0.74105	0.05235	0.2066
401 T	0.74099	0.05698	0.20203
402 A	0.73933	0.06994	0.19073
403 T	0.73799	0.08807	0.17394
404 T	0.73408	0.12905	0.13687
405 A	0.72721	0.18244	0.09035
406 G	0.72206	0.19956	0.07838
407 G	0.71791	0.21040	0.0717
408 A	0.71665	0.21813	0.06522
409 T	0.71594	0.21976	0.0643
410 C	0.71457	0.22184	0.06358
411 A	0.71383	0.22296	0.0632
412 T	0.71372	0.22313	0.06315
413 C	0.71164	0.22522	0.06314
414 T	0.70954	0.22745	0.06301
415 C	0.70584	0.23126	0.06291
416 C	0.68816	0.24926	0.06258
417 C	0.67630	0.26210	0.0616
418 A	0.65722	0.28439	0.05839
419 A	0.64767	0.29515	0.05717
420 A	0.64103	0.30289	0.05608
421 G	0.63779	0.30701	0.05521
422 A	0.62726	0.31809	0.05466
423 T	0.62061	0.32429	0.0551
424 G	0.58563	0.35898	0.05539
425 A	0.58209	0.36122	0.05669
426 A	0.58783	0.35417	0.05801
427 A	0.61082	0.32777	0.06142
428 A	0.64292	0.28968	0.0674
429 T	0.65161	0.27557	0.07282
430 C	0.64756	0.27550	0.07695
431 A	0.63443	0.29154	0.07402
432 T	0.61969	0.30783	0.07249
433 C	0.58097	0.34948	0.06954
434 A	0.54341	0.39264	0.06395
435 A	0.52505	0.41158	0.06336
436 A	0.50757	0.42793	0.0645
437 T	0.50009	0.43339	0.06652
438 A	0.47486	0.45684	0.0683
439 C	0.44687	0.46445	0.08869
440 A	0.43567	0.46880	0.09554
441 T	0.43140	0.45917	0.10943
442 A	0.42352	0.46481	0.11167
443 A	0.42163	0.46147	0.1169
444 T	0.42096	0.45489	0.12415
445 A	0.41829	0.43215	0.14957
446 T	0.41653	0.40210	0.18137
447 T	0.40980	0.36520	0.22501
448 G	0.39468	0.36920	0.23612
449 A	0.38201	0.38316	0.23483
450 A	0.37804	0.37910	0.24286
451 G	0.37622	0.36773	0.25605
452 G	0.37527	0.36069	0.26405
453 A	0.37534	0.35574	0.26892
454 T	0.37994	0.33645	0.28361
455 A	0.38125	0.32522	0.29353
456 T	0.38451	0.29120	0.32429
457 G	0.38667	0.26755	0.34579
458 A	0.38718	0.25955	0.35327
459 T	0.38836	0.25210	0.35954
460 A	0.38848	0.27499	0.33652
461 A	0.38980	0.28367	0.32653
462 T	0.39439	0.25895	0.34666
463 T	0.39723	0.25218	0.35059
464 T	0.39722	0.25793	0.34486
465 T	0.39689	0.26316	0.33995
466 T	0.39456	0.27518	0.33026
467 A	0.38953	0.28815	0.32232
468 T	0.38627	0.30062	0.31312
469 A	0.37911	0.32468	0.29621
470 A	0.37507	0.35598	0.26895
471 A	0.37364	0.37049	0.25587
472 T	0.37906	0.37328	0.24765
473 T	0.37136	0.40754	0.2211
474 A	0.35350	0.44838	0.19812
475 A	0.34779	0.48593	0.16628
476 A	0.34335	0.52250	0.13415
477 T	0.34377	0.52947	0.12676
478 G	0.33370	0.54882	0.11748
479 A	0.33558	0.55674	0.10768
480 T	0.34762	0.54838	0.10401
481 A	0.35174	0.54869	0.09957
482 A	0.36172	0.54053	0.09775
483 A	0.39444	0.50804	0.09752
484 T	0.43590	0.46547	0.09863
485 T	0.44775	0.45273	0.09952
486 A	0.45500	0.44458	0.10042
487 T	0.46627	0.43012	0.10361
488 C	0.46869	0.42488	0.10643
489 T	0.46870	0.42290	0.1084
490 A	0.45017	0.43957	0.11026
491 A	0.44516	0.44231	0.11253
492 A	0.45339	0.42940	0.11721
493 C	0.47861	0.40153	0.11985
494 A	0.49359	0.38447	0.12194
495 A	0.51039	0.36592	0.12369
496 T	0.53628	0.33179	0.13194
497 G	0.55181	0.30402	0.14418
498 G	0.58055	0.27284	0.14662
499 T	0.61646	0.23021	0.15334
500 A	0.62007	0.22147	0.15846
501 T	0.62613	0.19908	0.1748
502 T	0.61594	0.20421	0.17985
503 T	0.56419	0.26373	0.17208
504 C	0.50149	0.33599	0.16253
505 G	0.45168	0.40741	0.1409
506 A	0.42817	0.45197	0.11986
507 A	0.41401	0.47881	0.10717
508 T	0.40860	0.49145	0.09994
509 T	0.40172	0.50425	0.09403
510 A	0.38506	0.53322	0.08172
511 A	0.37325	0.55412	0.07262
512 A	0.37009	0.55288	0.07703
513 A	0.36371	0.53978	0.09651
514 A	0.36165	0.52774	0.11061
515 A	0.36256	0.51640	0.12104
516 T	0.36664	0.50123	0.13212
517 G	0.37107	0.48640	0.14254
518 A	0.37658	0.47434	0.14908
519 T	0.38400	0.46099	0.15501
520 T	0.38669	0.45635	0.15697
521 T	0.38524	0.46112	0.15364
522 A	0.38066	0.47757	0.14177
523 A	0.37933	0.47539	0.14529
524 A	0.38113	0.46290	0.15597
525 A	0.38917	0.43083	0.18
526 T	0.41459	0.34343	0.24198
527 T	0.43265	0.26840	0.29895
528 T	0.44452	0.20908	0.3464
529 G	0.43410	0.19930	0.3666
530 C	0.43584	0.18585	0.37831
531 T	0.43666	0.18747	0.37587
532 A	0.42861	0.20141	0.36998
533 A	0.43111	0.19629	0.3726
534 T	0.43935	0.18576	0.37489
535 G	0.42817	0.20615	0.36568
536 G	0.35684	0.29767	0.34549
537 T	0.30936	0.39696	0.29368
538 A	0.23373	0.51557	0.2507
539 A	0.18237	0.60654	0.2111
540 A	0.13983	0.70059	0.15958
541 G	0.12235	0.73786	0.13978
542 A	0.11694	0.75518	0.12788
543 A	0.11845	0.75866	0.12288
544 A	0.12315	0.75528	0.12157
545 T	0.13581	0.73907	0.12512
546 T	0.13674	0.73769	0.12558
547 A	0.13318	0.74201	0.12481
548 A	0.13283	0.74160	0.12557
549 T	0.13259	0.73959	0.12782
550 A	0.13204	0.73800	0.12996
551 A	0.13247	0.73133	0.1362
552 T	0.13642	0.70979	0.15379
553 C	0.13904	0.69846	0.1625
554 A	0.14388	0.69031	0.1658
555 A	0.15163	0.67284	0.17554
556 G	0.15913	0.65647	0.1844
557 T	0.16931	0.64221	0.18848
558 A	0.18251	0.61982	0.19767
559 G	0.21235	0.49624	0.29141
560 T	0.27589	0.37130	0.35281
561 A	0.31831	0.26127	0.42042
562 G	0.35797	0.18369	0.45834
563 T	0.41046	0.10060	0.48894
564 T	0.42801	0.07320	0.49879
565 T	0.43491	0.06101	0.50409
566 A	0.43499	0.06297	0.50204
567 T	0.43596	0.06326	0.50077
568 T	0.43368	0.06727	0.49905
569 C	0.42226	0.08052	0.49722
570 T	0.40803	0.12251	0.46946
571 T	0.38736	0.18443	0.42821
572 T	0.32917	0.30487	0.36597
573 A	0.27692	0.50495	0.21813
574 A	0.24369	0.64520	0.11111
575 A	0.22340	0.73517	0.04143
576 A	0.21357	0.75222	0.03421
577 A	0.20755	0.76050	0.03195
578 A	0.19433	0.77559	0.03008
579 A	0.18548	0.78412	0.0304
580 C	0.16636	0.80303	0.03062
581 A	0.15124	0.81836	0.03041
582 A	0.14198	0.82766	0.03036
583 C	0.13539	0.83423	0.03038
584 A	0.13270	0.83710	0.0302
585 A	0.12992	0.84005	0.03003
586 G	0.12946	0.84052	0.03002
587 A	0.13277	0.83774	0.02949
588 A	0.13358	0.83729	0.02913
589 A	0.13841	0.82685	0.03474
590 T	0.14517	0.81225	0.04259
591 A	0.14835	0.79924	0.05241
592 A	0.15653	0.76813	0.07533
593 C	0.19279	0.69405	0.11316
594 A	0.23311	0.63199	0.13489
595 C	0.29544	0.51389	0.19067
596 G	0.42535	0.36385	0.2108
597 C	0.52815	0.25059	0.22126
598 T	0.58926	0.19371	0.21703
599 T	0.59574	0.18677	0.21748
600 A	0.59537	0.18978	0.21486
601 T	0.59617	0.18195	0.22188
602 T	0.58759	0.18811	0.2243
603 G	0.56085	0.19743	0.24172
604 T	0.54101	0.22281	0.23618
605 A	0.51186	0.25565	0.23249
606 T	0.49140	0.27453	0.23408
607 A	0.43912	0.33219	0.22869
608 A	0.38971	0.37761	0.23268
609 A	0.37257	0.38940	0.23803
610 G	0.36437	0.39379	0.24184
611 A	0.36178	0.39872	0.2395
612 T	0.35839	0.40649	0.23511
613 G	0.34414	0.43146	0.2244
614 A	0.33222	0.46154	0.20624
615 A	0.32268	0.47344	0.20389
616 G	0.31596	0.47954	0.2045
617 A	0.31546	0.48152	0.20303
618 T	0.32102	0.47589	0.20308
619 C	0.32520	0.46980	0.20499
620 T	0.33005	0.47067	0.19928
621 T	0.33161	0.47810	0.19029
622 G	0.32481	0.51332	0.16187
623 A	0.32261	0.54723	0.13016
624 T	0.32894	0.55420	0.11687
625 A	0.33000	0.55296	0.11703
626 A	0.33515	0.52218	0.14268
627 T	0.35825	0.46920	0.17255
628 T	0.36272	0.43444	0.20284
629 T	0.35048	0.43515	0.21437
630 A	0.32342	0.44408	0.2325
631 G	0.30776	0.42769	0.26455
632 A	0.29903	0.43237	0.2686
633 A	0.28999	0.44054	0.26947
634 A	0.28569	0.44913	0.26518
635 A	0.28870	0.45130	0.26
636 A	0.29721	0.44491	0.25788
637 A	0.31593	0.43137	0.2527
638 A	0.32234	0.43348	0.24418
639 T	0.32766	0.44992	0.22242
640 A	0.32978	0.51546	0.15476
641 T	0.33429	0.53221	0.1335
642 A	0.32968	0.55619	0.11413
643 A	0.33290	0.55951	0.10759
644 A	0.34211	0.55120	0.10669
645 A	0.37492	0.51150	0.11358
646 T	0.40954	0.46949	0.12098
647 T	0.42415	0.44940	0.12645
648 A	0.43197	0.43506	0.13297
649 T	0.44174	0.41559	0.14266
650 T	0.44554	0.40258	0.15189
651 G	0.44647	0.39068	0.16285
652 T	0.45196	0.37027	0.17777
653 T	0.46020	0.34046	0.19934
654 T	0.46187	0.33022	0.20792
655 G	0.46141	0.32396	0.21464
656 A	0.46426	0.31453	0.22121
657 A	0.46841	0.30173	0.22986
658 A	0.47612	0.28938	0.2345
659 C	0.49259	0.26755	0.23986
660 G	0.51354	0.24728	0.23917
661 A	0.53925	0.22389	0.23687
662 A	0.57864	0.18462	0.23674
663 T	0.65654	0.10584	0.23762
664 T	0.67780	0.08820	0.234
665 T	0.69106	0.07630	0.23264
666 T	0.69426	0.07985	0.22589
667 A	0.69574	0.08931	0.21495
668 T	0.69695	0.09429	0.20876
669 T	0.69654	0.10376	0.1997
670 T	0.69429	0.11318	0.19253
671 A	0.68282	0.14258	0.1746
672 T	0.67283	0.16797	0.1592
673 G	0.63217	0.21911	0.14873
674 A	0.61061	0.24842	0.14096
675 T	0.58266	0.28166	0.13568
676 A	0.56992	0.30081	0.12927
677 G	0.56696	0.30507	0.12797
678 T	0.56600	0.30773	0.12627
679 A	0.56329	0.31353	0.12318
680 A	0.56213	0.31625	0.12162
681 T	0.56040	0.31719	0.12242
682 A	0.55806	0.31925	0.1227
683 A	0.55871	0.31829	0.12299
684 T	0.56167	0.31503	0.12329
685 C	0.56333	0.31311	0.12356
686 C	0.56556	0.31081	0.12363
687 A	0.57284	0.30349	0.12367
688 C	0.58435	0.29184	0.12381
689 T	0.59713	0.27905	0.12383
690 C	0.60819	0.26795	0.12387
691 A	0.61625	0.26001	0.12373
692 T	0.62793	0.24690	0.12517
693 G	0.63490	0.23660	0.1285
694 T	0.65521	0.20284	0.14194
695 T	0.67355	0.17193	0.15453
696 T	0.68515	0.11858	0.19627
697 A	0.69120	0.09121	0.21759
698 C	0.69837	0.05078	0.25084
699 T	0.70502	0.04216	0.25282
700 T	0.70733	0.03783	0.25484
701 T	0.70895	0.03918	0.25188
702 A	0.70936	0.04057	0.25007
703 T	0.71069	0.03912	0.25019
704 C	0.70805	0.03878	0.25317
705 T	0.69794	0.06496	0.2371
706 T	0.66794	0.11944	0.21262
707 A	0.59602	0.25008	0.15389
708 T	0.55351	0.33264	0.11386
709 G	0.50497	0.43018	0.06485
710 A	0.48108	0.47215	0.04677
711 A	0.47050	0.48482	0.04467
712 A	0.46636	0.48910	0.04454
713 A	0.46407	0.49135	0.04458
714 C	0.45774	0.49765	0.04461
715 C	0.45294	0.50262	0.04443
716 C	0.44980	0.50604	0.04416
717 A	0.44526	0.51179	0.04295
718 A	0.44311	0.51404	0.04284
719 A	0.44217	0.51502	0.04281
720 A	0.44227	0.51489	0.04283
721 A	0.44354	0.51331	0.04315
722 C	0.45102	0.50407	0.0449
723 A	0.45510	0.49924	0.04566
724 T	0.46038	0.49221	0.0474
725 T	0.46452	0.48645	0.04902
726 A	0.46627	0.48379	0.04994
727 A	0.46937	0.47809	0.05255
728 A	0.48719	0.44349	0.06932
729 A	0.51454	0.37355	0.11191
730 T	0.57571	0.23067	0.19363
731 C	0.61319	0.14788	0.23893
732 T	0.65685	0.07738	0.26576
733 G	0.66972	0.06475	0.26553
734 T	0.67277	0.06625	0.26098
735 T	0.67313	0.07308	0.25379
736 A	0.67307	0.07765	0.24928
737 T	0.67379	0.07189	0.25433
738 T	0.67406	0.07080	0.25513
739 A	0.67421	0.07328	0.25251
740 T	0.67507	0.06978	0.25515
741 T	0.67507	0.06877	0.25616
742 T	0.67494	0.06893	0.25612
743 T	0.67473	0.07024	0.25503
744 A	0.67448	0.07425	0.25127
745 T	0.67444	0.07584	0.24973
746 T	0.67440	0.07622	0.24938
747 G	0.67432	0.07681	0.24887
748 A	0.67430	0.07818	0.24752
749 A	0.67445	0.07986	0.24569
750 C	0.67442	0.08097	0.24461
751 A	0.67466	0.08747	0.23787
752 G	0.67649	0.09030	0.23322
753 T	0.68048	0.09166	0.22786
754 T	0.68379	0.09709	0.21911
755 G	0.68738	0.10198	0.21064
756 T	0.70063	0.09648	0.20289
757 A	0.70859	0.09517	0.19623
758 T	0.71863	0.08743	0.19394
759 T	0.72414	0.08565	0.19021
760 T	0.72702	0.08910	0.18389
761 T	0.72848	0.10432	0.16721
762 A	0.73037	0.10864	0.16098
763 T	0.73164	0.10769	0.16068
764 T	0.73098	0.10842	0.16059
765 T	0.73038	0.10895	0.16067
766 C	0.72846	0.11076	0.16077
767 C	0.72640	0.11288	0.16072
768 G	0.72449	0.11510	0.1604
769 C	0.72248	0.11749	0.16002
770 A	0.72198	0.11819	0.15984
771 A	0.72249	0.11778	0.15973
772 G	0.72391	0.11641	0.15968
773 A	0.72579	0.11438	0.15983
774 C	0.73340	0.10659	0.16001
775 G	0.73973	0.10023	0.16004
776 A	0.74722	0.09284	0.15995
777 C	0.75865	0.08152	0.15984
778 T	0.76684	0.07459	0.15858
779 T	0.77208	0.07027	0.15765
780 T	0.76421	0.07849	0.15729
781 G	0.74749	0.09586	0.15665
782 A	0.74583	0.09828	0.15589
783 A	0.74698	0.09686	0.15616
784 C	0.76024	0.08068	0.15908
785 T	0.76574	0.07382	0.16043
786 T	0.76516	0.07375	0.16108
787 G	0.76052	0.07741	0.16206
788 C	0.75634	0.08127	0.16239
789 T	0.75157	0.08763	0.16081
790 T	0.73673	0.10481	0.15846
791 A	0.71004	0.13127	0.15869
792 C	0.68886	0.15144	0.1597
793 G	0.66985	0.17534	0.15481
794 A	0.62994	0.21887	0.15119
795 C	0.59794	0.25484	0.14722
796 A	0.57312	0.29582	0.13106
797 A	0.56226	0.31240	0.12534
798 G	0.55670	0.31981	0.12349
799 A	0.55102	0.33122	0.11775
800 A	0.54874	0.33337	0.11789
801 T	0.54921	0.32915	0.12165
802 A	0.54832	0.32647	0.1252
803 A	0.54823	0.31041	0.14137
804 C	0.54831	0.29179	0.15991
805 G	0.54877	0.28815	0.16308
806 C	0.54929	0.28596	0.16475
807 T	0.54954	0.28601	0.16446
808 G	0.54960	0.28718	0.16322
809 A	0.54969	0.28914	0.16117
810 A	0.55032	0.28704	0.16263
811 C	0.54883	0.28720	0.16397
812 A	0.54835	0.30387	0.14779
813 A	0.55224	0.30137	0.14639
814 A	0.55264	0.28691	0.16045
815 A	0.55442	0.27980	0.16578
816 T	0.56191	0.26897	0.16912
817 A	0.56655	0.26281	0.17064
818 A	0.57193	0.25628	0.17179
819 T	0.58700	0.23258	0.18042
820 T	0.59069	0.24348	0.16583
821 A	0.59076	0.24622	0.16302
822 T	0.58565	0.25260	0.16174
823 G	0.57307	0.26369	0.16325
824 G	0.56463	0.27167	0.16369
825 C	0.55632	0.27923	0.16445
826 A	0.55336	0.28440	0.16224
827 C	0.55093	0.28920	0.15987
828 C	0.54885	0.29838	0.15277
829 A	0.54775	0.31556	0.13669
830 A	0.54711	0.32410	0.12879
831 A	0.54689	0.34364	0.10947
832 G	0.54922	0.36174	0.08904
833 A	0.55418	0.36047	0.08535
834 A	0.56212	0.34997	0.08791
835 T	0.58799	0.32101	0.091
836 A	0.60468	0.30282	0.09251
837 C	0.62164	0.28364	0.09472
838 C	0.64095	0.26402	0.09503
839 C	0.65786	0.24714	0.095
840 T	0.70284	0.20246	0.09471
841 T	0.73224	0.17357	0.09419
842 T	0.74333	0.16335	0.09332
843 T	0.75594	0.15159	0.09247
844 A	0.75839	0.14828	0.09333
845 T	0.76138	0.13399	0.10463
846 A	0.75906	0.12321	0.11774
847 T	0.75671	0.11648	0.12681
848 C	0.75335	0.11303	0.13362
849 A	0.74990	0.12041	0.12969
850 T	0.75194	0.11978	0.12828
851 A	0.75266	0.12316	0.12419
852 T	0.76268	0.11234	0.12498
853 G	0.76339	0.11078	0.12583
854 G	0.77828	0.09388	0.12785
855 T	0.79540	0.07660	0.128
856 C	0.79195	0.08104	0.12701
857 C	0.78341	0.09488	0.12171
858 T	0.77794	0.10320	0.11885
859 T	0.76879	0.12467	0.10654
860 A	0.70883	0.19549	0.09568
861 T	0.68855	0.21949	0.09195
862 C	0.65327	0.25911	0.08761
863 A	0.62691	0.29145	0.08164
864 A	0.59977	0.32244	0.0778
865 T	0.56634	0.36013	0.07353
866 T	0.51156	0.41813	0.07032
867 A	0.40983	0.52247	0.06771
868 A	0.37752	0.55396	0.06852
869 A	0.35784	0.57031	0.07185
870 A	0.34794	0.57551	0.07656
871 A	0.34191	0.57626	0.08184
872 C	0.34147	0.56915	0.08937
873 A	0.32595	0.58296	0.09109
874 G	0.31235	0.59231	0.09535
875 A	0.29044	0.61276	0.09679
876 A	0.27901	0.62209	0.0989
877 C	0.26807	0.63223	0.09971
878 A	0.26029	0.64026	0.09945
879 A	0.25954	0.63354	0.10693
880 G	0.26307	0.61670	0.12023
881 G	0.26693	0.60688	0.12619
882 T	0.28197	0.58709	0.13095
883 T	0.29162	0.52508	0.1833
884 A	0.29050	0.51604	0.19346
885 T	0.29077	0.47970	0.22953
886 A	0.28898	0.45420	0.25681
887 A	0.28862	0.41848	0.29291
888 T	0.29007	0.37032	0.33961
889 T	0.29034	0.31449	0.39517
890 C	0.28553	0.24194	0.47253
891 A	0.27742	0.25354	0.46904
892 G	0.26737	0.29597	0.43666
893 A	0.25736	0.36200	0.38064
894 A	0.22667	0.45897	0.31436
895 A	0.20780	0.52534	0.26686
896 A	0.20358	0.53399	0.26243
897 A	0.20182	0.55437	0.2438
898 G	0.20172	0.55333	0.24495
899 A	0.20279	0.57290	0.22431
900 T	0.20553	0.56506	0.22941
901 T	0.20864	0.57377	0.21758
902 G	0.20785	0.59048	0.20166
903 G	0.20890	0.59802	0.19309
904 A	0.21156	0.60751	0.18094
905 T	0.21581	0.60816	0.17603
906 A	0.22057	0.60874	0.17068
907 T	0.23328	0.59315	0.17357
908 T	0.23715	0.58681	0.17604
909 T	0.23768	0.58529	0.17703
910 A	0.23596	0.59122	0.17282
911 C	0.23264	0.59340	0.17396
912 A	0.22653	0.61163	0.16184
913 A	0.21491	0.62847	0.15662
914 A	0.22417	0.62278	0.15305
915 A	0.26483	0.58344	0.15173
916 A	0.31928	0.53440	0.14632
917 A	0.39057	0.44461	0.16482
918 T	0.44794	0.37984	0.17222
919 A	0.47200	0.37582	0.15219
920 A	0.50860	0.37211	0.11929
921 T	0.54219	0.35174	0.10606
922 T	0.57622	0.34467	0.07911
923 A	0.57093	0.35335	0.07573
924 T	0.59175	0.33188	0.07637
925 T	0.60311	0.31919	0.0777
926 T	0.60198	0.32045	0.07757
927 C	0.59473	0.32812	0.07715
928 C	0.58853	0.33552	0.07595
929 A	0.57893	0.34866	0.07241
930 T	0.55385	0.37521	0.07093
931 A	0.51991	0.41365	0.06644
932 A	0.50320	0.43281	0.06399
933 T	0.48967	0.44694	0.06338
934 A	0.42798	0.50780	0.06422
935 A	0.41268	0.51796	0.06936
936 A	0.39848	0.51741	0.08411
937 G	0.39577	0.51047	0.09377
938 A	0.40031	0.50313	0.09656
939 A	0.41492	0.48682	0.09826
940 C	0.42840	0.47104	0.10055
941 A	0.44134	0.46140	0.09726
942 A	0.47040	0.43015	0.09945
943 T	0.50785	0.39105	0.1011
944 A	0.51755	0.38042	0.10203
945 T	0.54021	0.35456	0.10523
946 C	0.54146	0.32527	0.13328
947 C	0.54112	0.31616	0.14272
948 T	0.53984	0.31798	0.14218
949 T	0.52441	0.34599	0.1296
950 T	0.50867	0.38872	0.10262
951 A	0.46538	0.44878	0.08583
952 T	0.44707	0.46004	0.09289
953 G	0.39884	0.47271	0.12845
954 T	0.36425	0.46882	0.16693
955 A	0.34703	0.47002	0.18295
956 A	0.34216	0.45418	0.20365
957 C	0.34114	0.39296	0.26591
958 A	0.34180	0.37843	0.27977
959 T	0.34208	0.36255	0.29538
960 T	0.34129	0.36112	0.29759
961 G	0.34104	0.36477	0.2942
962 A	0.34137	0.37540	0.28322
963 A	0.34042	0.37913	0.28046
964 T	0.34290	0.37570	0.28139
965 T	0.33834	0.38773	0.27393
966 T	0.33128	0.42979	0.23893
967 A	0.31869	0.48038	0.20092
968 A	0.30576	0.53805	0.15619
969 A	0.30298	0.55913	0.13789
970 A	0.30295	0.56899	0.12806
971 A	0.30730	0.58042	0.11228
972 A	0.32446	0.54011	0.13543
973 T	0.35530	0.48515	0.15955
974 T	0.37077	0.42570	0.20353
975 A	0.37332	0.40426	0.22242
976 T	0.37504	0.35794	0.26702
977 C	0.37425	0.32351	0.30224
978 T	0.37352	0.31751	0.30897
979 T	0.36154	0.32910	0.30935
980 C	0.32938	0.36394	0.30668
981 A	0.30459	0.41011	0.28529
982 G	0.27821	0.46616	0.25562
983 A	0.23769	0.55702	0.20529
984 A	0.18911	0.63766	0.17322
985 A	0.16298	0.71983	0.11719
986 A	0.13984	0.80965	0.0505
987 A	0.13462	0.81697	0.04841
988 G	0.12752	0.82253	0.04995
989 A	0.14946	0.79877	0.05176
990 A	0.18096	0.76219	0.05685
991 C	0.21980	0.71747	0.06274
992 A	0.23597	0.71143	0.0526
993 A	0.24693	0.70566	0.04741
994 T	0.26756	0.68853	0.04391
995 A	0.25054	0.71172	0.03775
996 T	0.24108	0.72209	0.03683
997 G	0.21963	0.74252	0.03786
998 A	0.20816	0.75317	0.03868
999 T	0.20045	0.75961	0.03994
1000 A	0.17095	0.78836	0.04069
1001 A	0.15862	0.79531	0.04607
1002 A	0.15132	0.78897	0.0597
1003 G	0.14834	0.76086	0.09079
1004 A	0.16373	0.72680	0.10947
1005 A	0.19353	0.67416	0.13231
1006 A	0.23985	0.59078	0.16938
1007 A	0.27077	0.51090	0.21833
1008 A	0.32397	0.42144	0.25459
1009 T	0.39531	0.31495	0.28974
1010 A	0.40128	0.29467	0.30405
1011 T	0.40977	0.26276	0.32747
1012 C	0.41410	0.24437	0.34152
1013 A	0.41668	0.24531	0.33801
1014 T	0.42100	0.24252	0.33648
1015 T	0.42699	0.24397	0.32904
1016 T	0.42586	0.25254	0.3216
1017 A	0.41637	0.28885	0.29478
1018 T	0.40960	0.29180	0.2986
1019 T	0.39686	0.31977	0.28337
1020 T	0.35993	0.38792	0.25215
1021 A	0.30347	0.50515	0.19139
1022 A	0.28737	0.54204	0.17058
1023 T	0.26678	0.56492	0.16829
1024 G	0.21229	0.62366	0.16405
1025 A	0.19297	0.65132	0.15571
1026 A	0.17875	0.66790	0.15335
1027 G	0.17225	0.67531	0.15244
1028 G	0.16644	0.68670	0.14686
1029 A	0.16931	0.69774	0.13295
1030 A	0.16999	0.71115	0.11886
1031 A	0.16930	0.71824	0.11245
1032 A	0.16837	0.73937	0.09226
1033 A	0.16888	0.74212	0.089
1034 T	0.17080	0.74252	0.08668
1035 A	0.16861	0.74445	0.08693
1036 A	0.17376	0.73632	0.08992
1037 A	0.18118	0.72679	0.09204
1038 T	0.19534	0.70664	0.09802
1039 G	0.20457	0.69160	0.10382
1040 A	0.23334	0.65382	0.11285
1041 G	0.26094	0.61091	0.12815
1042 A	0.29515	0.56556	0.13929
1043 T	0.35402	0.47128	0.1747
1044 T	0.41776	0.36058	0.22166
1045 A	0.43520	0.32712	0.23768
1046 T	0.45660	0.27766	0.26575
1047 C	0.45927	0.22911	0.31162
1048 T	0.46236	0.22892	0.30871
1049 T	0.46082	0.23634	0.30284
1050 A	0.44724	0.27166	0.2811
1051 G	0.44773	0.27681	0.27547
1052 A	0.45844	0.27604	0.26551
1053 T	0.47307	0.26548	0.26145
1054 A	0.47126	0.26598	0.26276
1055 T	0.48770	0.24657	0.26572
1056 A	0.48747	0.24535	0.26719
1057 T	0.49095	0.24036	0.2687
1058 C	0.49016	0.23765	0.2722
1059 A	0.49038	0.24234	0.26729
1060 G	0.49284	0.24596	0.2612
1061 A	0.49501	0.26002	0.24496
1062 T	0.49527	0.27025	0.23448
1063 A	0.48379	0.29989	0.21633
1064 T	0.47860	0.31458	0.20683
1065 A	0.46076	0.36147	0.17777
1066 A	0.44405	0.40132	0.15463
1067 G	0.42878	0.41587	0.15534
1068 T	0.42877	0.41302	0.15821
1069 A	0.42006	0.43016	0.14978
1070 A	0.41859	0.43570	0.14572
1071 C	0.42611	0.43181	0.14207
1072 A	0.42383	0.48956	0.08661
1073 T	0.44285	0.48582	0.07133
1074 T	0.44425	0.48677	0.06897
1075 A	0.43554	0.49489	0.06957
1076 G	0.43298	0.49654	0.07048
1077 T	0.42885	0.49019	0.08096
1078 C	0.41879	0.49389	0.08733
1079 C	0.40744	0.50374	0.08882
1080 A	0.40274	0.52028	0.07698
1081 G	0.40242	0.53075	0.06683
1082 A	0.40426	0.54388	0.05186
1083 A	0.40839	0.55125	0.04036
1084 A	0.41946	0.54438	0.03616
1085 A	0.42952	0.53295	0.03753
1086 A	0.44602	0.50588	0.04811
1087 A	0.45929	0.48467	0.05605
1088 A	0.48789	0.43819	0.07391
1089 A	0.51012	0.40100	0.08888
1090 G	0.51839	0.37641	0.1052
1091 A	0.53205	0.35968	0.10827
1092 A	0.55623	0.32630	0.11747
1093 A	0.57559	0.29859	0.12581
1094 A	0.59422	0.27142	0.13437
1095 T	0.65467	0.18944	0.15589
1096 T	0.67483	0.16241	0.16276
1097 T	0.67942	0.15088	0.1697
1098 G	0.68028	0.14311	0.17661
1099 T	0.68183	0.13621	0.18196
1100 T	0.68292	0.13363	0.18345
1101 A	0.68357	0.13461	0.18183
1102 G	0.68646	0.12987	0.18366
1103 C	0.69872	0.11920	0.18208
1104 T	0.70974	0.13335	0.15691
1105 A	0.72221	0.12690	0.15089
1106 T	0.73402	0.11857	0.14741
1107 G	0.73836	0.12409	0.13756
1108 T	0.74214	0.12154	0.13632
1109 C	0.74395	0.12037	0.13568
1110 T	0.74737	0.11912	0.13351
1111 A	0.74840	0.11850	0.1331
1112 C	0.75183	0.11522	0.13296
1113 T	0.75493	0.11232	0.13274
1114 T	0.75786	0.10955	0.13259
1115 C	0.75954	0.10800	0.13245
1116 T	0.76240	0.10528	0.13231
1117 G	0.76383	0.10389	0.13228
1118 T	0.76679	0.10094	0.13226
1119 T	0.76934	0.09842	0.13224
1120 C	0.77088	0.09695	0.13216
1121 C	0.77619	0.09194	0.13187
1122 A	0.77972	0.08847	0.13181
1123 A	0.78406	0.08423	0.13171
1124 T	0.79627	0.07188	0.13186
1125 T	0.80495	0.06319	0.13186
1126 C	0.81032	0.05776	0.13193
1127 A	0.83093	0.03686	0.13221
1128 T	0.83759	0.02948	0.13294
1129 G	0.84132	0.02532	0.13336
1130 T	0.85208	0.01417	0.13375
1131 T	0.85389	0.01231	0.1338
1132 T	0.85464	0.01095	0.13441
1133 T	0.85430	0.01085	0.13485
1134 T	0.85071	0.01408	0.1352
1135 T	0.84108	0.02387	0.13505
1136 T	0.81755	0.04768	0.13476
1137 C	0.75943	0.10662	0.13394
1138 A	0.70409	0.16731	0.12861
1139 A	0.62201	0.25517	0.12282
1140 T	0.55518	0.32586	0.11896
1141 A	0.40773	0.48367	0.10859
1142 A	0.29778	0.60615	0.09606
1143 A	0.25856	0.65330	0.08814
1144 T	0.22208	0.69008	0.08784
1145 A	0.18459	0.72770	0.08771
1146 T	0.17274	0.73891	0.08835
1147 G	0.15193	0.75969	0.08838
1148 C	0.14361	0.76820	0.08819
1149 T	0.13379	0.77950	0.08671
1150 C	0.11481	0.79950	0.08569
1151 T	0.10564	0.81037	0.08399
1152 T	0.09203	0.82612	0.08185
1153 G	0.07675	0.84296	0.08028
1154 A	0.06884	0.85199	0.07917
1155 A	0.06581	0.85513	0.07905
1156 G	0.06475	0.85348	0.08176
1157 A	0.06452	0.84805	0.08742
1158 A	0.06475	0.83634	0.09891
1159 G	0.06497	0.80805	0.12698
1160 A	0.06569	0.75297	0.18134
1161 A	0.07013	0.70355	0.22633
1162 A	0.07551	0.61544	0.30906
1163 A	0.07913	0.53959	0.38128
1164 A	0.08870	0.39373	0.51757
1165 G	0.10112	0.26486	0.63402
1166 A	0.10937	0.22496	0.66567
1167 T	0.11052	0.18232	0.70716
1168 G	0.10977	0.15535	0.73488
1169 A	0.10929	0.15666	0.73405
1170 G	0.10914	0.15033	0.74052
1171 A	0.11013	0.16514	0.72473
1172 T	0.11104	0.17592	0.71304
1173 T	0.10405	0.26761	0.62834
1174 A	0.09548	0.46045	0.44406
1175 T	0.09085	0.53667	0.37248
1176 A	0.06667	0.71465	0.21869
1177 A	0.03792	0.87445	0.08763
1178 A	0.02426	0.95864	0.0171
1179 A	0.02014	0.96882	0.01104
1180 A	0.01813	0.97396	0.00791
1181 A	0.01612	0.97698	0.00689
1182 A	0.01496	0.97846	0.00658
1183 C	0.01471	0.97873	0.00655
1184 A	0.01490	0.97916	0.00594
1185 A	0.01543	0.97887	0.00569
1186 A	0.01617	0.97822	0.00562
1187 A	0.01683	0.97759	0.00557
1188 A	0.01804	0.97636	0.0056
1189 G	0.02067	0.97307	0.00626
1190 A	0.02399	0.96910	0.00691
1191 A	0.03130	0.96065	0.00805
1192 A	0.04397	0.94741	0.00863
1193 A	0.06209	0.92800	0.0099
1194 A	0.09755	0.88993	0.01253
1195 A	0.14139	0.83956	0.01905
1196 G	0.27205	0.69307	0.03489
1197 T	0.48123	0.47419	0.04458
1198 A	0.55797	0.39328	0.04874
1199 A	0.69601	0.23689	0.0671
1200 T	0.81834	0.08639	0.09527
1201 T	0.87046	0.02116	0.10839
1202 T	0.87525	0.01307	0.11168
1203 T	0.87789	0.00958	0.11253
1204 T	0.87860	0.00781	0.11359
1205 T	0.87867	0.00697	0.11436
1206 C	0.87835	0.00751	0.11415
1207 T	0.87739	0.01265	0.10996
1208 T	0.86156	0.04748	0.09096
1209 A	0.82521	0.12061	0.05418
1210 A	0.81611	0.16102	0.02287
1211 A	0.81167	0.17664	0.01169
1212 T	0.80962	0.17924	0.01114
1213 G	0.80799	0.18107	0.01095
1214 A	0.80703	0.18225	0.01072
1215 T	0.80320	0.18612	0.01067
1216 C	0.79452	0.19483	0.01064
1217 C	0.78789	0.20152	0.01059
1218 G	0.78506	0.20453	0.01041
1219 A	0.78379	0.20594	0.01027
1220 G	0.78314	0.20660	0.01025
1221 A	0.78329	0.20645	0.01025
1222 T	0.78382	0.20591	0.01027
1223 T	0.78405	0.20559	0.01036
1224 C	0.78401	0.20548	0.01051
1225 C	0.78399	0.20542	0.01059
1226 G	0.78411	0.20526	0.01063
1227 T	0.78454	0.20483	0.01063
1228 A	0.78471	0.20458	0.0107
1229 A	0.78653	0.20255	0.01092
1230 A	0.79223	0.19528	0.01249
1231 G	0.81214	0.15598	0.03188
1232 C	0.84759	0.08439	0.06802
1233 T	0.87841	0.04513	0.07645
1234 T	0.88736	0.03455	0.07809
1235 T	0.88777	0.03530	0.07693
1236 A	0.88774	0.03599	0.07628
1237 T	0.88789	0.03493	0.07718
1238 T	0.88773	0.02918	0.08309
1239 T	0.88727	0.02144	0.09128
1240 T	0.88654	0.01777	0.0957
1241 T	0.88475	0.02013	0.09513
1242 A	0.88191	0.02383	0.09426
1243 A	0.88064	0.02623	0.09314
1244 G	0.87987	0.02756	0.09257
1245 T	0.87943	0.03339	0.08718
1246 T	0.87855	0.05048	0.07097
1247 T	0.87672	0.06158	0.0617
1248 A	0.87314	0.06897	0.05788
1249 A	0.87058	0.07485	0.05458
1250 A	0.86963	0.07708	0.05329
1251 T	0.86899	0.07831	0.0527
1252 C	0.86718	0.08124	0.05159
1253 G	0.86650	0.08524	0.04825
1254 T	0.86679	0.08723	0.04597
1255 G	0.86649	0.09029	0.04322
1256 A	0.86656	0.09179	0.04165
1257 T	0.86817	0.09094	0.0409
1258 T	0.87035	0.08942	0.04023
1259 T	0.87142	0.08889	0.0397
1260 A	0.87169	0.08942	0.03889
1261 T	0.87229	0.08900	0.03871
1262 T	0.87250	0.08867	0.03883
1263 A	0.87303	0.08825	0.03873
1264 G	0.87439	0.08538	0.04022
1265 G	0.87595	0.08229	0.04176
1266 T	0.87806	0.08032	0.04161
1267 A	0.87854	0.08058	0.04088
1268 A	0.88316	0.07734	0.0395
1269 A	0.89697	0.06416	0.03886
1270 A	0.90596	0.05430	0.03974
1271 A	0.91092	0.04692	0.04216
1272 T	0.91655	0.04029	0.04317
1273 G	0.91846	0.04163	0.03991
1274 A	0.92009	0.04306	0.03685
1275 T	0.92252	0.04120	0.03628
1276 T	0.92542	0.03947	0.03512
1277 A	0.92687	0.03799	0.03513
1278 T	0.92968	0.03474	0.03559
1279 T	0.93085	0.03335	0.03581
1280 T	0.93117	0.03300	0.03583
1281 C	0.93127	0.03285	0.03588
1282 G	0.93185	0.03248	0.03567
1283 G	0.93285	0.03165	0.03549
1284 T	0.93377	0.03127	0.03495
1285 T	0.93444	0.03103	0.03453
1286 T	0.93477	0.03099	0.03424
1287 A	0.93472	0.03075	0.03453
1288 A	0.93520	0.02991	0.03489
1289 T	0.93615	0.02840	0.03544
1290 A	0.93709	0.02662	0.03629
1291 C	0.93889	0.02420	0.03691
1292 C	0.94056	0.02246	0.03698
1293 G	0.94172	0.02144	0.03684
1294 A	0.94314	0.02017	0.03669
1295 G	0.94569	0.01771	0.0366
1296 T	0.95127	0.01228	0.03646
1297 T	0.95448	0.00909	0.03644
1298 T	0.95609	0.00731	0.0366
1299 T	0.95705	0.00608	0.03687
1300 T	0.95723	0.00561	0.03716
1301 C	0.95727	0.00548	0.03725
1302 A	0.95733	0.00557	0.03711
1303 T	0.95759	0.00529	0.03712
1304 T	0.95762	0.00517	0.0372
1305 T	0.95758	0.00547	0.03695
1306 G	0.95731	0.00576	0.03693
1307 T	0.95743	0.00543	0.03714
1308 T	0.95688	0.00580	0.03731
1309 T	0.95523	0.00726	0.03751
1310 C	0.95365	0.00862	0.03772
1311 C	0.94939	0.01304	0.03757
1312 G	0.94436	0.01953	0.03612
1313 A	0.94249	0.02394	0.03357
1314 T	0.94158	0.02680	0.03162
1315 G	0.93974	0.02932	0.03094
1316 T	0.93924	0.03037	0.03039
1317 A	0.93792	0.03175	0.03033
1318 A	0.93646	0.03322	0.03032
1319 C	0.93594	0.03373	0.03034
1320 T	0.93569	0.03400	0.03032
1321 C	0.93529	0.03441	0.0303
1322 T	0.93514	0.03468	0.03018
1323 A	0.93428	0.03568	0.03004
1324 T	0.93379	0.03616	0.03004
1325 T	0.93305	0.03682	0.03013
1326 T	0.93067	0.03917	0.03016
1327 A	0.92416	0.04535	0.03049
1328 C	0.92011	0.04888	0.03101
