# lcl|CP097583.1_cds_USQ93191.1_1
# AA	inside	membr	outside
1 A	0.35692	0.00000	0.64309
2 T	0.35377	0.00315	0.64309
3 G	0.35131	0.00561	0.64309
4 A	0.35131	0.03884	0.60985
5 A	0.34055	0.06924	0.59021
6 T	0.34055	0.07165	0.5878
7 T	0.28048	0.13295	0.58657
8 T	0.28047	0.13303	0.5865
9 G	0.20962	0.20672	0.58366
10 G	0.20956	0.53628	0.25416
11 A	0.20634	0.55504	0.23862
12 A	0.17371	0.59418	0.23211
13 A	0.15227	0.64245	0.20528
14 A	0.15227	0.64245	0.20528
15 T	0.15227	0.68667	0.16106
16 A	0.15126	0.68767	0.16106
17 T	0.15060	0.68871	0.1607
18 A	0.15052	0.69008	0.15941
19 A	0.14890	0.69273	0.15837
20 A	0.14300	0.72373	0.13327
21 A	0.13900	0.72784	0.13315
22 A	0.13952	0.73275	0.12773
23 A	0.14214	0.73483	0.12303
24 A	0.15321	0.72539	0.1214
25 T	0.16334	0.70902	0.12764
26 T	0.16587	0.70070	0.13344
27 T	0.18138	0.67772	0.1409
28 A	0.18805	0.66105	0.15089
29 G	0.19039	0.65133	0.15828
30 A	0.19766	0.60263	0.19971
31 A	0.20314	0.58507	0.21179
32 C	0.21989	0.49916	0.28095
33 T	0.52176	0.19456	0.28368
34 G	0.53528	0.18117	0.28355
35 G	0.54937	0.15118	0.29945
36 T	0.57340	0.11867	0.30792
37 T	0.57269	0.12408	0.30324
38 T	0.59156	0.10799	0.30045
39 C	0.55243	0.16342	0.28414
40 A	0.54727	0.19485	0.25788
41 A	0.54184	0.24065	0.21751
42 A	0.54071	0.25366	0.20563
43 G	0.56152	0.23381	0.20467
44 A	0.56170	0.24516	0.19314
45 A	0.56915	0.23962	0.19123
46 T	0.57707	0.23764	0.18529
47 T	0.57987	0.23509	0.18505
48 T	0.57914	0.23780	0.18306
49 A	0.57564	0.25410	0.17025
50 T	0.57443	0.25985	0.16571
51 A	0.57083	0.27041	0.15876
52 A	0.56537	0.27743	0.1572
53 T	0.55605	0.28826	0.15569
54 T	0.54704	0.30168	0.15128
55 A	0.53170	0.32068	0.14761
56 A	0.52691	0.32673	0.14636
57 A	0.52654	0.32624	0.14722
58 G	0.52640	0.32331	0.15029
59 G	0.53249	0.31063	0.15688
60 T	0.54495	0.29509	0.15996
61 G	0.55321	0.28521	0.16158
62 A	0.57223	0.24422	0.18356
63 T	0.59951	0.21254	0.18794
64 A	0.63053	0.17722	0.19225
65 T	0.64454	0.16031	0.19515
66 T	0.65099	0.15354	0.19547
67 A	0.65877	0.14396	0.19727
68 T	0.66278	0.13717	0.20005
69 T	0.66905	0.13075	0.2002
70 A	0.66962	0.12997	0.2004
71 A	0.67231	0.12656	0.20113
72 A	0.68504	0.11031	0.20465
73 T	0.69166	0.10157	0.20678
74 T	0.69873	0.09261	0.20867
75 A	0.70120	0.08780	0.21099
76 A	0.70443	0.08438	0.2112
77 T	0.71025	0.07163	0.21811
78 T	0.71374	0.05805	0.22821
79 G	0.71540	0.05221	0.23239
80 T	0.71873	0.04720	0.23407
81 T	0.72009	0.04515	0.23476
82 G	0.72063	0.04467	0.23471
83 C	0.72295	0.04249	0.23456
84 T	0.72646	0.04006	0.23348
85 T	0.72828	0.03992	0.23181
86 T	0.72896	0.04114	0.22989
87 T	0.72933	0.04481	0.22587
88 A	0.72920	0.05233	0.21847
89 T	0.72951	0.05896	0.21153
90 T	0.72746	0.07471	0.19783
91 A	0.72283	0.09233	0.18483
92 T	0.72062	0.10180	0.17757
93 G	0.71398	0.10979	0.17622
94 G	0.71031	0.11444	0.17525
95 G	0.70792	0.11761	0.17447
96 A	0.70800	0.11889	0.17311
97 C	0.71031	0.11772	0.17198
98 A	0.71350	0.11608	0.17041
99 A	0.72284	0.10745	0.16972
100 T	0.72746	0.10334	0.16919
101 T	0.72970	0.10143	0.16888
102 A	0.73007	0.10132	0.16861
103 T	0.73070	0.10046	0.16884
104 T	0.73133	0.09962	0.16905
105 T	0.73152	0.09912	0.16935
106 A	0.73156	0.09896	0.16949
107 C	0.73279	0.09752	0.16968
108 T	0.73465	0.09604	0.16931
109 A	0.73625	0.09497	0.16878
110 A	0.73970	0.09207	0.16823
111 A	0.74716	0.08505	0.16779
112 G	0.75577	0.07647	0.16776
113 T	0.77065	0.05823	0.17113
114 T	0.78278	0.04156	0.17566
115 A	0.78821	0.03375	0.17804
116 T	0.79061	0.02575	0.18364
117 T	0.79143	0.02173	0.18684
118 A	0.79180	0.01846	0.18975
119 G	0.79282	0.01529	0.1919
120 T	0.79430	0.01319	0.19251
121 T	0.79550	0.01183	0.19268
122 C	0.79585	0.01177	0.19239
123 T	0.79621	0.01314	0.19065
124 T	0.79627	0.01341	0.19032
125 T	0.79611	0.01453	0.18935
126 G	0.79578	0.01655	0.18767
127 T	0.79570	0.01713	0.18717
128 C	0.79551	0.01755	0.18694
129 G	0.79510	0.01949	0.18541
130 A	0.79458	0.02169	0.18373
131 C	0.79404	0.02329	0.18266
132 A	0.78962	0.03296	0.17743
133 G	0.78687	0.04269	0.17044
134 A	0.78689	0.04640	0.16671
135 T	0.78732	0.04836	0.16432
136 A	0.78715	0.05052	0.16233
137 T	0.78748	0.05123	0.16129
138 T	0.78690	0.05256	0.16054
139 A	0.78581	0.05466	0.15953
140 T	0.78525	0.05592	0.15882
141 A	0.78404	0.05711	0.15885
142 A	0.78352	0.05745	0.15903
143 T	0.78334	0.05747	0.15919
144 G	0.78171	0.05890	0.15939
145 C	0.78048	0.05987	0.15964
146 C	0.78100	0.05927	0.15974
147 G	0.78098	0.05928	0.15973
148 C	0.78187	0.05838	0.15974
149 C	0.78363	0.05669	0.15967
150 T	0.78459	0.05599	0.15941
151 A	0.78523	0.05588	0.15889
152 T	0.78744	0.05370	0.15886
153 A	0.78852	0.05259	0.15889
154 A	0.78998	0.05039	0.15963
155 A	0.79506	0.03990	0.16504
156 T	0.80321	0.02767	0.16911
157 T	0.80679	0.02256	0.17065
158 T	0.80859	0.01996	0.17145
159 A	0.80759	0.02032	0.17209
160 T	0.80765	0.01956	0.17279
161 T	0.80555	0.02088	0.17358
162 G	0.80025	0.02569	0.17405
163 T	0.79561	0.03111	0.17328
164 T	0.78964	0.03803	0.17234
165 A	0.78155	0.04599	0.17246
166 A	0.77620	0.05096	0.17284
167 A	0.77414	0.05149	0.17437
168 T	0.77277	0.05115	0.17608
169 C	0.77027	0.05275	0.17698
170 G	0.76783	0.05540	0.17676
171 T	0.76617	0.05761	0.17622
172 C	0.76432	0.05947	0.17622
173 A	0.76279	0.06129	0.17591
174 T	0.76244	0.06184	0.17572
175 T	0.76120	0.06329	0.17551
176 C	0.75917	0.06543	0.1754
177 T	0.75820	0.06713	0.17467
178 A	0.75593	0.06986	0.17421
179 T	0.75435	0.07158	0.17407
180 T	0.74958	0.07673	0.17369
181 A	0.72837	0.09938	0.17225
182 G	0.72057	0.10514	0.17429
183 A	0.71553	0.11071	0.17376
184 G	0.71302	0.11115	0.17584
185 A	0.71247	0.10698	0.18056
186 T	0.71299	0.10108	0.18593
187 T	0.71038	0.10357	0.18605
188 G	0.70417	0.10829	0.18753
189 G	0.69882	0.11848	0.1827
190 A	0.69702	0.12782	0.17516
191 A	0.69587	0.13217	0.17196
192 A	0.69498	0.13270	0.17232
193 A	0.69507	0.13135	0.17359
194 T	0.69559	0.12915	0.17527
195 G	0.69516	0.12908	0.17575
196 G	0.69535	0.12908	0.17556
197 A	0.69564	0.12997	0.17439
198 T	0.69594	0.12962	0.17444
199 T	0.69505	0.13126	0.1737
200 T	0.69354	0.13411	0.17235
201 A	0.68962	0.13935	0.17104
202 A	0.68551	0.14594	0.16854
203 A	0.68410	0.14410	0.17181
204 T	0.68486	0.12540	0.18974
205 A	0.68430	0.12229	0.19341
206 G	0.68609	0.11695	0.19696
207 T	0.68792	0.11830	0.19377
208 A	0.68825	0.13101	0.18075
209 A	0.69036	0.13152	0.17813
210 T	0.69835	0.12087	0.18078
211 A	0.70288	0.11092	0.18621
212 T	0.71067	0.09821	0.19113
213 T	0.71747	0.09016	0.19237
214 T	0.72032	0.08649	0.19319
215 C	0.72090	0.08524	0.19386
216 A	0.72190	0.08521	0.19288
217 A	0.72280	0.08570	0.19151
218 T	0.72479	0.08546	0.18975
219 T	0.72665	0.08640	0.18695
220 A	0.72756	0.09264	0.1798
221 A	0.72829	0.09419	0.17752
222 T	0.73123	0.09039	0.17838
223 T	0.73154	0.08926	0.1792
224 A	0.72879	0.09098	0.18022
225 T	0.73141	0.08548	0.18311
226 G	0.72921	0.08715	0.18364
227 G	0.72951	0.08708	0.18341
228 T	0.73387	0.08437	0.18176
229 A	0.73504	0.08880	0.17616
230 A	0.74002	0.09025	0.16973
231 T	0.75316	0.08018	0.16666
232 T	0.75585	0.08069	0.16346
233 T	0.75609	0.08376	0.16015
234 T	0.75558	0.08470	0.15971
235 A	0.75447	0.08620	0.15933
236 T	0.75448	0.08605	0.15946
237 T	0.75366	0.08671	0.15963
238 C	0.75204	0.08816	0.1598
239 A	0.75192	0.08885	0.15923
240 A	0.75335	0.08782	0.15883
241 A	0.75542	0.08584	0.15874
242 A	0.75877	0.08225	0.15899
243 T	0.76663	0.07366	0.1597
244 T	0.77082	0.06721	0.16197
245 T	0.77234	0.06411	0.16355
246 A	0.77359	0.06031	0.1661
247 T	0.77601	0.05241	0.17158
248 T	0.77722	0.04943	0.17334
249 T	0.77851	0.04538	0.17612
250 G	0.77954	0.04334	0.17712
251 A	0.78243	0.03998	0.17759
252 A	0.78880	0.03251	0.17869
253 T	0.79756	0.02284	0.1796
254 T	0.80188	0.01808	0.18004
255 T	0.80485	0.01447	0.18069
256 T	0.80654	0.01245	0.18101
257 T	0.80647	0.01201	0.18153
258 T	0.80513	0.01393	0.18093
259 T	0.80426	0.01647	0.17927
260 T	0.80299	0.02090	0.17611
261 A	0.79881	0.03043	0.17076
262 G	0.79718	0.03166	0.17116
263 T	0.79594	0.03368	0.17038
264 T	0.78821	0.04145	0.17035
265 T	0.78006	0.04966	0.17027
266 C	0.76732	0.06271	0.16997
267 T	0.75585	0.07575	0.16841
268 C	0.74232	0.08943	0.16825
269 T	0.73262	0.09946	0.16793
270 T	0.71681	0.11568	0.16752
271 T	0.69621	0.13672	0.16707
272 C	0.65209	0.18128	0.16663
273 A	0.60640	0.22806	0.16555
274 A	0.58369	0.25126	0.16505
275 T	0.57464	0.26052	0.16485
276 A	0.56153	0.27381	0.16465
277 T	0.55107	0.28426	0.16467
278 A	0.53834	0.29678	0.16488
279 T	0.53419	0.30035	0.16547
280 A	0.52663	0.30725	0.16612
281 C	0.52341	0.30820	0.1684
282 A	0.52115	0.30987	0.16899
283 A	0.52229	0.30802	0.16969
284 T	0.51841	0.30927	0.17232
285 A	0.49048	0.33672	0.1728
286 T	0.48234	0.34331	0.17435
287 T	0.47097	0.34509	0.18394
288 A	0.45642	0.35090	0.19267
289 A	0.44952	0.34403	0.20645
290 T	0.44772	0.32793	0.22434
291 T	0.43943	0.31835	0.24222
292 T	0.42450	0.31958	0.25592
293 A	0.40200	0.32985	0.26815
294 T	0.39277	0.32595	0.28127
295 A	0.37848	0.32041	0.30111
296 T	0.37086	0.30197	0.32717
297 T	0.36111	0.29667	0.34222
298 T	0.34161	0.31745	0.34094
299 A	0.30772	0.35063	0.34165
300 T	0.28800	0.36852	0.34347
301 C	0.22562	0.43858	0.33579
302 A	0.18992	0.49907	0.31101
303 A	0.17266	0.52904	0.29831
304 A	0.16786	0.54614	0.28599
305 A	0.16699	0.55530	0.2777
306 A	0.16673	0.56099	0.27228
307 A	0.16746	0.55387	0.27867
308 T	0.16894	0.53011	0.30096
309 T	0.16926	0.55009	0.28064
310 A	0.16795	0.57818	0.25387
311 T	0.16719	0.59448	0.23832
312 A	0.16571	0.62469	0.2096
313 A	0.16151	0.65541	0.18309
314 A	0.15799	0.68125	0.16076
315 A	0.15736	0.68256	0.16008
316 A	0.16117	0.67633	0.16251
317 A	0.16794	0.69195	0.1401
318 A	0.18185	0.69260	0.12556
319 A	0.19464	0.70244	0.10291
320 A	0.20190	0.70357	0.09454
321 T	0.21734	0.67685	0.10581
322 G	0.22466	0.64357	0.13177
323 A	0.23736	0.61503	0.14761
324 T	0.25950	0.53718	0.20332
325 T	0.27894	0.49365	0.22741
326 C	0.28487	0.47567	0.23946
327 C	0.28875	0.47733	0.23392
328 A	0.29121	0.49689	0.2119
329 A	0.27893	0.52758	0.19349
330 C	0.27202	0.53728	0.19071
331 G	0.28137	0.53723	0.18139
332 T	0.31959	0.50914	0.17127
333 A	0.34789	0.51405	0.13806
334 C	0.37337	0.49192	0.13471
335 A	0.39611	0.48786	0.11604
336 A	0.41214	0.48375	0.10411
337 T	0.43708	0.45899	0.10394
338 C	0.43438	0.46888	0.09675
339 A	0.44252	0.47473	0.08275
340 A	0.47012	0.45473	0.07516
341 A	0.49478	0.43195	0.07327
342 T	0.53155	0.39360	0.07484
343 T	0.54445	0.38033	0.07521
344 T	0.53769	0.38500	0.0773
345 A	0.50718	0.41527	0.07755
346 C	0.49135	0.43130	0.07735
347 A	0.47322	0.45697	0.06981
348 A	0.43960	0.49761	0.06278
349 A	0.40856	0.52853	0.06291
350 A	0.38935	0.54534	0.06531
351 A	0.33439	0.59895	0.06666
352 A	0.26438	0.65196	0.08366
353 C	0.20645	0.69419	0.09936
354 A	0.15857	0.74630	0.09514
355 G	0.14367	0.76708	0.08925
356 A	0.14905	0.77984	0.07111
357 A	0.14466	0.78912	0.06622
358 A	0.15904	0.77396	0.06699
359 T	0.17779	0.73862	0.08359
360 A	0.17431	0.73583	0.08986
361 T	0.17710	0.71497	0.10793
362 A	0.15730	0.72657	0.11614
363 T	0.14736	0.72474	0.1279
364 G	0.13010	0.72826	0.14164
365 C	0.11526	0.73439	0.15035
366 G	0.10454	0.74154	0.15392
367 A	0.09163	0.74913	0.15923
368 C	0.08032	0.74602	0.17366
369 A	0.06778	0.75889	0.17333
370 A	0.06559	0.75962	0.1748
371 A	0.06775	0.73076	0.20149
372 A	0.06919	0.70051	0.2303
373 G	0.07095	0.67314	0.2559
374 A	0.07617	0.58124	0.3426
375 A	0.08661	0.47546	0.43793
376 T	0.10123	0.39367	0.5051
377 T	0.10906	0.35059	0.54035
378 A	0.11301	0.36809	0.5189
379 T	0.12405	0.35041	0.52553
380 T	0.12207	0.38425	0.49367
381 A	0.11852	0.42682	0.45466
382 G	0.11603	0.46125	0.42272
383 A	0.11590	0.51930	0.36479
384 A	0.11525	0.57536	0.30939
385 T	0.11578	0.58373	0.30049
386 T	0.10646	0.61451	0.27903
387 A	0.08328	0.66097	0.25575
388 G	0.07360	0.68307	0.24333
389 A	0.06341	0.71803	0.21856
390 A	0.04550	0.74433	0.21016
391 A	0.03649	0.75519	0.20832
392 A	0.03575	0.76142	0.20283
393 A	0.03723	0.79502	0.16775
394 G	0.03674	0.83092	0.13234
395 A	0.03211	0.89969	0.0682
396 A	0.02616	0.93412	0.03972
397 A	0.02636	0.94656	0.02707
398 A	0.03074	0.94703	0.02223
399 A	0.04222	0.93559	0.02219
400 A	0.07113	0.90551	0.02336
401 T	0.13076	0.84230	0.02694
402 A	0.15767	0.81262	0.02971
403 C	0.20762	0.75625	0.03613
404 A	0.25107	0.71125	0.03768
405 A	0.29524	0.66557	0.03918
406 A	0.35627	0.60327	0.04046
407 T	0.43267	0.52425	0.04308
408 T	0.46517	0.48756	0.04727
409 T	0.49994	0.43929	0.06077
410 T	0.51455	0.40495	0.08051
411 A	0.46844	0.44658	0.08498
412 A	0.43153	0.47851	0.08996
413 A	0.40101	0.49223	0.10676
414 A	0.39600	0.49117	0.11283
415 G	0.40820	0.47658	0.11523
416 A	0.45552	0.43396	0.11053
417 A	0.49356	0.39449	0.11196
418 A	0.55198	0.33102	0.117
419 T	0.56052	0.31570	0.12379
420 T	0.53215	0.34549	0.12237
421 C	0.43167	0.45415	0.11418
422 A	0.28884	0.64216	0.06899
423 A	0.18765	0.76912	0.04322
424 A	0.07117	0.90967	0.01916
425 A	0.05221	0.93146	0.01633
426 A	0.04490	0.94006	0.01504
427 A	0.04180	0.94314	0.01507
428 A	0.04209	0.94188	0.01603
429 A	0.04317	0.93832	0.01851
430 T	0.04517	0.93087	0.02395
431 T	0.04622	0.92320	0.03058
432 A	0.04684	0.91552	0.03765
433 A	0.04807	0.89975	0.05218
434 G	0.04978	0.84649	0.10373
435 T	0.05250	0.80328	0.14422
436 G	0.05475	0.77247	0.17278
437 A	0.05822	0.75838	0.18339
438 A	0.06178	0.74605	0.19217
439 A	0.06733	0.73235	0.20033
440 A	0.06934	0.71936	0.21129
441 A	0.07334	0.69683	0.22983
442 A	0.07959	0.66464	0.25577
443 A	0.08852	0.60618	0.3053
444 A	0.10391	0.47800	0.41809
445 T	0.15147	0.27029	0.57824
446 A	0.17334	0.14482	0.68184
447 A	0.19572	0.00000	0.80428
