# lcl|CP097583.1_cds_USQ93413.1_1
# AA	inside	membr	outside
1 T	0.84988	0.00000	0.15012
2 T	0.84971	0.00017	0.15012
3 G	0.84963	0.00025	0.15012
4 A	0.84963	0.00113	0.14924
5 T	0.84928	0.00201	0.14872
6 A	0.84928	0.00211	0.14861
7 T	0.84830	0.00312	0.14857
8 T	0.84830	0.00312	0.14857
9 T	0.84792	0.00352	0.14856
10 T	0.84792	0.00685	0.14523
11 T	0.84754	0.00752	0.14494
12 A	0.83547	0.01983	0.14469
13 T	0.82211	0.03456	0.14333
14 T	0.82210	0.03457	0.14333
15 A	0.82210	0.05129	0.1266
16 T	0.82126	0.05213	0.1266
17 T	0.81884	0.05476	0.1264
18 T	0.81872	0.05525	0.12603
19 T	0.81502	0.05920	0.12578
20 T	0.79300	0.08865	0.11835
21 A	0.74931	0.13236	0.11833
22 T	0.74852	0.13337	0.11811
23 T	0.74753	0.13456	0.11791
24 T	0.74634	0.13610	0.11755
25 T	0.74534	0.13717	0.11749
26 T	0.74400	0.13868	0.11732
27 T	0.74233	0.14063	0.11704
28 T	0.73820	0.14525	0.11655
29 A	0.73061	0.15388	0.1155
30 T	0.72768	0.15633	0.11599
31 T	0.72313	0.16164	0.11524
32 A	0.71461	0.17026	0.11512
33 T	0.71534	0.16921	0.11544
34 A	0.71052	0.17455	0.11492
35 A	0.70879	0.16765	0.12356
36 A	0.70913	0.15718	0.1337
37 T	0.71023	0.15682	0.13294
38 A	0.71909	0.14881	0.13209
39 T	0.71925	0.14498	0.13576
40 T	0.71828	0.14348	0.13824
41 T	0.71564	0.14555	0.13881
42 A	0.70944	0.15798	0.13258
43 T	0.71189	0.14563	0.14248
44 T	0.69877	0.13874	0.16249
45 T	0.64954	0.19805	0.15241
46 A	0.58835	0.26901	0.14263
47 T	0.55501	0.31110	0.13389
48 T	0.52889	0.35318	0.11792
49 A	0.47421	0.42981	0.09599
50 A	0.44578	0.47142	0.0828
51 A	0.43552	0.47935	0.08512
52 T	0.43004	0.48158	0.08838
53 A	0.39084	0.52997	0.0792
54 T	0.37468	0.54734	0.07797
55 C	0.33307	0.59477	0.07216
56 A	0.31526	0.62624	0.0585
57 A	0.30973	0.63070	0.05957
58 A	0.30701	0.63303	0.05997
59 A	0.30717	0.63191	0.06091
60 T	0.30909	0.62929	0.06162
61 C	0.31083	0.62301	0.06617
62 A	0.31501	0.61870	0.06629
63 A	0.32240	0.60984	0.06776
64 A	0.33221	0.59833	0.06946
65 T	0.34521	0.58018	0.07461
66 T	0.35131	0.57066	0.07802
67 A	0.35385	0.54201	0.10413
68 T	0.36384	0.45418	0.18199
69 T	0.37086	0.37901	0.25013
70 C	0.37383	0.34905	0.27712
71 A	0.38207	0.35768	0.26025
72 A	0.39563	0.36376	0.24061
73 A	0.39730	0.37635	0.22635
74 A	0.38291	0.39515	0.22194
75 T	0.37945	0.40329	0.21727
76 G	0.38237	0.37780	0.23983
77 A	0.38192	0.40251	0.21557
78 T	0.38877	0.38157	0.22966
79 T	0.38859	0.40328	0.20813
80 A	0.37563	0.44808	0.17628
81 T	0.34166	0.52033	0.13801
82 A	0.24508	0.68016	0.07477
83 A	0.17859	0.76706	0.05435
84 A	0.13599	0.81642	0.04759
85 A	0.11300	0.84490	0.0421
86 A	0.10284	0.85507	0.0421
87 A	0.09515	0.86205	0.04281
88 A	0.08922	0.86700	0.04377
89 A	0.08572	0.86828	0.046
90 C	0.08650	0.86305	0.05045
91 C	0.08823	0.86085	0.05092
92 A	0.09213	0.85795	0.04991
93 A	0.09842	0.85077	0.05081
94 A	0.12038	0.82564	0.05399
95 T	0.16260	0.78024	0.05717
96 T	0.19776	0.73529	0.06695
97 A	0.21505	0.69559	0.08936
98 C	0.23568	0.65459	0.10973
99 A	0.26272	0.61535	0.12193
100 T	0.31476	0.55309	0.13215
101 T	0.34397	0.51717	0.13886
102 T	0.37782	0.47647	0.1457
103 A	0.39768	0.45019	0.15213
104 A	0.42589	0.37748	0.19664
105 T	0.47342	0.22865	0.29793
106 T	0.47278	0.17184	0.35538
107 T	0.43796	0.19835	0.36369
108 A	0.36946	0.31583	0.31471
109 A	0.30657	0.43700	0.25643
110 A	0.25236	0.53547	0.21217
111 A	0.18764	0.62997	0.18239
112 G	0.14916	0.67803	0.17281
113 A	0.13212	0.70759	0.1603
114 T	0.12558	0.72629	0.14813
115 A	0.11487	0.75387	0.13126
116 A	0.11069	0.76659	0.12272
117 A	0.10899	0.77408	0.11693
118 G	0.10913	0.77653	0.11434
119 T	0.10918	0.78468	0.10613
120 T	0.10751	0.80000	0.09249
121 T	0.10496	0.80931	0.08573
122 T	0.09836	0.82458	0.07706
123 A	0.08619	0.85034	0.06347
124 A	0.07541	0.87396	0.05064
125 A	0.06595	0.88792	0.04613
126 A	0.06403	0.89179	0.04418
127 G	0.06456	0.88570	0.04973
128 A	0.06777	0.88048	0.05175
129 A	0.08056	0.85757	0.06187
130 A	0.11040	0.79396	0.09564
131 A	0.17335	0.67145	0.15519
132 A	0.23638	0.54490	0.21872
133 A	0.29286	0.42982	0.27731
134 T	0.33661	0.32057	0.34282
135 T	0.35574	0.26482	0.37944
136 C	0.36235	0.24705	0.39059
137 A	0.34769	0.28213	0.37018
138 A	0.33362	0.31533	0.35105
139 A	0.31977	0.35228	0.32794
140 T	0.31408	0.38793	0.298
141 G	0.27508	0.49247	0.23245
142 A	0.24141	0.57249	0.18609
143 T	0.23195	0.60966	0.15838
144 A	0.19482	0.68047	0.12471
145 G	0.17488	0.72947	0.09566
146 A	0.16550	0.73740	0.0971
147 A	0.16488	0.73937	0.09575
148 G	0.16334	0.75148	0.08519
149 A	0.14580	0.78574	0.06846
150 C	0.12845	0.80554	0.06601
151 A	0.11104	0.83040	0.05856
152 T	0.10477	0.84165	0.05357
153 A	0.08712	0.86339	0.04949
154 C	0.07714	0.87514	0.04772
155 A	0.07066	0.88604	0.0433
156 A	0.06849	0.89163	0.03988
157 A	0.06304	0.90055	0.03642
158 A	0.06282	0.90052	0.03667
159 A	0.06750	0.89411	0.03839
160 A	0.09034	0.84646	0.0632
161 A	0.11580	0.79293	0.09126
162 G	0.14740	0.72810	0.12451
163 A	0.18760	0.66585	0.14655
164 T	0.27203	0.52229	0.20568
165 T	0.31682	0.42824	0.25494
166 C	0.33496	0.38592	0.27913
167 A	0.35468	0.35838	0.28694
168 A	0.38058	0.32821	0.29121
169 A	0.38812	0.31837	0.2935
170 A	0.39901	0.29428	0.30671
171 T	0.42281	0.26222	0.31496
172 A	0.44313	0.20961	0.34727
173 T	0.45405	0.16427	0.38168
174 C	0.46235	0.12790	0.40975
175 T	0.46933	0.13792	0.39275
176 T	0.47215	0.17736	0.35049
177 T	0.47347	0.20647	0.32006
178 G	0.47508	0.25565	0.26927
179 A	0.47758	0.31682	0.2056
180 T	0.48077	0.33225	0.18698
181 T	0.48114	0.35401	0.16485
182 T	0.48062	0.37848	0.1409
183 T	0.47346	0.42348	0.10307
184 A	0.42941	0.49224	0.07836
185 A	0.41750	0.51543	0.06707
186 A	0.41144	0.52775	0.06081
187 A	0.40819	0.53378	0.05804
188 A	0.40715	0.53581	0.05704
189 A	0.40729	0.53500	0.0577
190 G	0.41538	0.52698	0.05763
191 A	0.42391	0.52329	0.0528
192 T	0.43583	0.51240	0.05178
193 A	0.43686	0.51156	0.05159
194 A	0.43832	0.50997	0.05171
195 A	0.44171	0.50589	0.0524
196 C	0.44740	0.49936	0.05325
197 C	0.45822	0.48815	0.05363
198 A	0.49787	0.44840	0.05373
199 T	0.56963	0.37639	0.05398
200 C	0.60741	0.33835	0.05423
201 C	0.65825	0.28748	0.05427
202 T	0.72353	0.22219	0.05427
203 T	0.75358	0.19165	0.05476
204 T	0.77247	0.17217	0.05536
205 A	0.78509	0.15911	0.0558
206 T	0.81182	0.12511	0.06307
207 T	0.82454	0.06777	0.10769
208 T	0.82116	0.06063	0.11821
209 T	0.80014	0.07856	0.1213
210 A	0.75524	0.12555	0.11922
211 A	0.73028	0.14997	0.11975
212 A	0.71598	0.16233	0.1217
213 A	0.71056	0.16545	0.12399
214 C	0.71023	0.16330	0.12646
215 C	0.71035	0.16292	0.12673
216 T	0.71063	0.16299	0.12639
217 C	0.70808	0.16564	0.12628
218 A	0.70509	0.16911	0.1258
219 T	0.70429	0.17037	0.12535
220 C	0.70304	0.17209	0.12487
221 G	0.70153	0.18042	0.11804
222 T	0.70115	0.18365	0.11519
223 T	0.69998	0.18798	0.11204
224 T	0.69844	0.19114	0.11042
225 T	0.69492	0.19888	0.10621
226 A	0.69016	0.21952	0.09031
227 A	0.68857	0.22400	0.08742
228 T	0.68795	0.22350	0.08855
229 A	0.68679	0.22306	0.09015
230 A	0.68652	0.21762	0.09586
231 A	0.68529	0.20480	0.10991
232 G	0.68650	0.17766	0.13585
233 G	0.68994	0.13582	0.17423
234 A	0.69123	0.11476	0.19402
235 G	0.69231	0.10075	0.20695
236 A	0.69271	0.09554	0.21175
237 T	0.69309	0.09029	0.21662
238 G	0.69313	0.09026	0.21661
239 T	0.69371	0.09110	0.21519
240 A	0.69383	0.09808	0.20809
241 G	0.69468	0.10054	0.20477
242 T	0.69591	0.10441	0.19968
243 A	0.69697	0.10859	0.19443
244 T	0.70348	0.09991	0.19661
245 A	0.70607	0.09679	0.19714
246 T	0.71052	0.09011	0.19937
247 G	0.71228	0.08701	0.20071
248 C	0.71740	0.07852	0.20408
249 T	0.73219	0.06194	0.20586
250 T	0.73591	0.05748	0.20661
251 T	0.73729	0.05598	0.20673
252 T	0.73819	0.05523	0.20658
253 A	0.73845	0.05507	0.20648
254 C	0.73896	0.05274	0.2083
255 T	0.73976	0.05264	0.20761
256 T	0.73996	0.05487	0.20518
257 T	0.73960	0.06051	0.19989
258 A	0.73835	0.07012	0.19153
259 G	0.73936	0.07479	0.18586
260 A	0.74116	0.07668	0.18216
261 T	0.74574	0.07318	0.18108
262 A	0.74980	0.07035	0.17985
263 T	0.76127	0.05914	0.17959
264 T	0.76639	0.05425	0.17936
265 G	0.76916	0.05150	0.17934
266 T	0.77274	0.04796	0.17929
267 G	0.77164	0.04905	0.17931
268 T	0.77066	0.05012	0.17922
269 C	0.75266	0.06852	0.17882
270 T	0.73792	0.08470	0.17738
271 C	0.71792	0.10712	0.17496
272 A	0.70141	0.12721	0.17138
273 T	0.68282	0.14880	0.16838
274 A	0.65392	0.17999	0.1661
275 T	0.64040	0.19447	0.16513
276 A	0.61396	0.22108	0.16496
277 G	0.60427	0.23017	0.16556
278 A	0.59663	0.23715	0.16622
279 A	0.59490	0.23796	0.16714
280 C	0.59967	0.23171	0.16862
281 C	0.60787	0.22238	0.16974
282 T	0.61315	0.21696	0.16989
283 T	0.61336	0.21687	0.16977
284 T	0.60809	0.22253	0.16937
285 T	0.59497	0.23627	0.16876
286 C	0.56487	0.26771	0.16743
287 A	0.53899	0.29547	0.16554
288 A	0.51972	0.31447	0.16581
289 G	0.50439	0.32939	0.16621
290 A	0.49865	0.33398	0.16737
291 A	0.49601	0.33461	0.16937
292 G	0.49544	0.31000	0.19456
293 G	0.49713	0.28921	0.21366
294 T	0.50037	0.26378	0.23585
295 A	0.50277	0.24601	0.25123
296 T	0.50505	0.21958	0.27538
297 T	0.50544	0.19423	0.30033
298 G	0.50458	0.18389	0.31153
299 T	0.50430	0.16955	0.32614
300 A	0.50295	0.17215	0.3249
301 A	0.50178	0.18088	0.31733
302 G	0.50088	0.18329	0.31583
303 T	0.50002	0.19500	0.30499
304 A	0.48864	0.22669	0.28466
305 A	0.48101	0.25541	0.26358
306 A	0.47746	0.28792	0.23462
307 A	0.47398	0.31343	0.21259
308 A	0.47256	0.32971	0.19773
309 T	0.47321	0.30828	0.21852
310 T	0.47128	0.30918	0.21954
311 A	0.46584	0.32665	0.20751
312 T	0.46347	0.33079	0.20574
313 G	0.45833	0.34934	0.19234
314 A	0.45623	0.37146	0.17231
315 T	0.45609	0.38393	0.15997
316 T	0.45541	0.39927	0.14531
317 T	0.45414	0.40355	0.14231
318 A	0.45194	0.41430	0.13376
319 A	0.45106	0.41816	0.13079
320 G	0.45079	0.41837	0.13084
321 C	0.45045	0.41867	0.13088
322 G	0.45250	0.41911	0.12839
323 A	0.45997	0.41407	0.12596
324 T	0.47610	0.39838	0.12551
325 A	0.48219	0.39242	0.12539
326 A	0.49451	0.37988	0.12561
327 A	0.51448	0.34934	0.13618
328 G	0.53858	0.31777	0.14365
329 A	0.57207	0.28100	0.14693
330 A	0.61059	0.23844	0.15097
331 T	0.65118	0.19505	0.15378
332 A	0.66558	0.18025	0.15417
333 T	0.69462	0.14625	0.15912
334 T	0.71765	0.11733	0.16503
335 T	0.72448	0.10672	0.1688
336 G	0.72455	0.10152	0.17393
337 C	0.73496	0.08892	0.17612
338 C	0.74114	0.08448	0.17438
339 T	0.74796	0.08898	0.16306
340 A	0.73795	0.10341	0.15865
341 T	0.74186	0.10184	0.15631
342 T	0.73013	0.11827	0.1516
343 T	0.70586	0.14833	0.14582
344 C	0.66885	0.18508	0.14608
345 T	0.63363	0.22785	0.13851
346 A	0.58744	0.28374	0.12882
347 T	0.53776	0.34218	0.12005
348 C	0.45974	0.42655	0.1137
349 A	0.37615	0.52196	0.10189
350 A	0.33226	0.57201	0.09573
351 A	0.31124	0.59506	0.09369
352 G	0.30224	0.60480	0.09296
353 G	0.29925	0.60856	0.09218
354 A	0.29840	0.60981	0.09179
355 G	0.29858	0.60950	0.09192
356 A	0.29824	0.60989	0.09186
357 A	0.29780	0.61007	0.09213
358 A	0.29758	0.60840	0.09402
359 A	0.29825	0.60092	0.10082
360 A	0.29910	0.59345	0.10744
361 A	0.30170	0.58399	0.11431
362 A	0.31223	0.56519	0.12258
363 T	0.31773	0.54543	0.13685
364 A	0.31918	0.54149	0.13934
365 A	0.32202	0.52656	0.15142
366 A	0.32674	0.49858	0.17468
367 A	0.32991	0.45900	0.21109
368 T	0.34026	0.40985	0.2499
369 A	0.35171	0.36442	0.28387
370 T	0.36403	0.30542	0.33055
371 T	0.36920	0.24156	0.38924
372 T	0.37314	0.18275	0.44411
373 T	0.37014	0.16589	0.46396
374 T	0.36173	0.17961	0.45866
375 C	0.34957	0.22766	0.42277
376 A	0.34106	0.27821	0.38073
377 A	0.33824	0.29948	0.36228
378 T	0.33624	0.31700	0.34676
379 A	0.33252	0.33995	0.32753
380 C	0.33140	0.34988	0.31872
381 T	0.33058	0.36933	0.30009
382 A	0.32905	0.38816	0.2828
383 A	0.32885	0.39406	0.27709
384 A	0.32971	0.39629	0.274
385 G	0.33161	0.39573	0.27266
386 G	0.33558	0.39322	0.27119
387 A	0.34453	0.38549	0.26999
388 G	0.35471	0.37505	0.27025
389 A	0.36627	0.36460	0.26913
390 A	0.38103	0.35157	0.2674
391 T	0.39745	0.33601	0.26654
392 T	0.41294	0.32085	0.26621
393 T	0.42515	0.30975	0.2651
394 A	0.43036	0.30663	0.26302
395 T	0.44114	0.29502	0.26384
396 A	0.44730	0.28981	0.2629
397 G	0.46188	0.27497	0.26316
398 G	0.49724	0.23779	0.26497
399 T	0.54762	0.18988	0.2625
400 A	0.56918	0.16890	0.26193
401 T	0.59614	0.14162	0.26225
402 T	0.61852	0.12105	0.26042
403 T	0.62556	0.12474	0.24971
404 C	0.62780	0.13158	0.24062
405 T	0.61221	0.15569	0.2321
406 G	0.58641	0.18311	0.23048
407 T	0.57163	0.19925	0.22912
408 A	0.53399	0.23892	0.22709
409 C	0.51864	0.25585	0.2255
410 C	0.50530	0.27576	0.21894
411 A	0.49478	0.29466	0.21056
412 A	0.49312	0.30040	0.20647
413 A	0.49426	0.30075	0.20499
414 T	0.49181	0.30431	0.20388
415 C	0.48040	0.31793	0.20167
416 A	0.47620	0.32614	0.19765
417 A	0.47803	0.32434	0.19762
418 G	0.48047	0.32136	0.19817
419 A	0.48650	0.31421	0.19928
420 T	0.49667	0.30305	0.20027
421 C	0.50288	0.29483	0.20229
422 C	0.50819	0.28954	0.20227
423 G	0.50786	0.29188	0.20025
424 A	0.51008	0.29210	0.19781
425 A	0.51530	0.28916	0.19553
426 T	0.52788	0.28018	0.19194
427 A	0.53588	0.26887	0.19525
428 T	0.54437	0.22496	0.23067
429 T	0.54460	0.18732	0.26807
430 A	0.54409	0.16937	0.28654
431 C	0.54483	0.13805	0.31712
432 A	0.54360	0.16219	0.29421
433 A	0.54676	0.18468	0.26857
434 T	0.55434	0.19101	0.25465
435 T	0.55217	0.19362	0.25422
436 A	0.54608	0.20425	0.24967
437 A	0.54368	0.20410	0.25222
438 T	0.54109	0.19696	0.26195
439 C	0.53854	0.19654	0.26492
440 A	0.53469	0.21613	0.24918
441 T	0.52967	0.22768	0.24264
442 A	0.52335	0.24591	0.23073
443 T	0.51916	0.25493	0.2259
444 A	0.50997	0.26661	0.22343
445 A	0.49504	0.27917	0.2258
446 T	0.49190	0.27850	0.2296
447 A	0.48869	0.27988	0.23144
448 A	0.48781	0.27869	0.2335
449 C	0.49111	0.27352	0.23538
450 A	0.49283	0.27094	0.23622
451 T	0.49606	0.26664	0.23729
452 C	0.50048	0.26067	0.23885
453 T	0.50670	0.25384	0.23946
454 A	0.51088	0.24938	0.23975
455 A	0.53630	0.22089	0.24282
456 T	0.56874	0.18463	0.24664
457 T	0.58841	0.16295	0.24863
458 C	0.59182	0.15122	0.25696
459 T	0.59918	0.13801	0.2628
460 A	0.60510	0.12949	0.26541
461 T	0.61317	0.11739	0.26944
462 T	0.62140	0.10496	0.27364
463 T	0.63638	0.08699	0.27663
464 T	0.64217	0.07431	0.28352
465 T	0.64921	0.06115	0.28964
466 T	0.65062	0.05587	0.29352
467 A	0.65058	0.04993	0.29949
468 T	0.65071	0.03280	0.31649
469 T	0.65050	0.02835	0.32116
470 T	0.65031	0.02467	0.32502
471 T	0.64919	0.02376	0.32705
472 C	0.64646	0.02656	0.32698
473 T	0.64332	0.03444	0.32224
474 T	0.64048	0.04579	0.31373
475 A	0.63184	0.06632	0.30184
476 A	0.62702	0.08096	0.29202
477 A	0.62599	0.08314	0.29087
478 T	0.62570	0.08254	0.29176
479 G	0.62379	0.08574	0.29047
480 T	0.62314	0.08926	0.28759
481 C	0.62146	0.09928	0.27925
482 A	0.61703	0.15110	0.23188
483 A	0.60530	0.18800	0.2067
484 T	0.60398	0.20382	0.1922
485 T	0.59987	0.22960	0.17053
486 T	0.59341	0.25108	0.15551
487 A	0.58945	0.27645	0.1341
488 A	0.58682	0.29013	0.12305
489 T	0.58477	0.29596	0.11927
490 T	0.58143	0.30353	0.11505
491 T	0.57531	0.31401	0.11068
492 A	0.55349	0.33722	0.10929
493 A	0.53744	0.35435	0.10822
494 A	0.52217	0.37072	0.10712
495 A	0.49310	0.39674	0.11016
496 C	0.47945	0.40669	0.11387
497 A	0.46685	0.41789	0.11526
498 A	0.46625	0.41363	0.12012
499 C	0.46497	0.41184	0.12319
500 C	0.46024	0.41663	0.12313
501 A	0.45811	0.42139	0.1205
502 G	0.45985	0.41839	0.12176
503 A	0.46370	0.41422	0.12208
504 A	0.47672	0.40015	0.12313
505 T	0.53260	0.33848	0.12892
506 C	0.55944	0.29350	0.14706
507 A	0.57535	0.27366	0.15099
508 T	0.59813	0.24366	0.15821
509 C	0.60808	0.22589	0.16603
510 T	0.62392	0.20761	0.16846
511 T	0.63050	0.19918	0.17033
512 C	0.62946	0.19367	0.17686
513 T	0.62488	0.19862	0.1765
514 G	0.60335	0.22493	0.17172
515 A	0.58501	0.23979	0.1752
516 A	0.50734	0.31578	0.17688
517 A	0.42105	0.40675	0.1722
518 A	0.35599	0.46286	0.18115
519 A	0.32241	0.48740	0.1902
520 G	0.28760	0.52029	0.1921
521 A	0.27057	0.55225	0.17717
522 T	0.26276	0.56315	0.17409
523 A	0.23834	0.60702	0.15463
524 T	0.23090	0.62244	0.14667
525 A	0.20662	0.65312	0.14027
526 G	0.19791	0.66430	0.13779
527 A	0.19511	0.67153	0.13337
528 T	0.19336	0.67427	0.13237
529 A	0.19109	0.67612	0.13279
530 T	0.19018	0.67618	0.13363
531 T	0.18865	0.67710	0.13425
532 A	0.18646	0.67838	0.13516
533 C	0.18604	0.67694	0.13703
534 A	0.18611	0.67682	0.13706
535 A	0.18747	0.67346	0.13907
536 A	0.19133	0.66476	0.14391
537 T	0.20171	0.63938	0.15891
538 A	0.21179	0.61836	0.16985
539 A	0.22347	0.52790	0.24863
540 A	0.24346	0.42241	0.33413
541 T	0.27663	0.31780	0.40556
542 A	0.29049	0.27022	0.4393
543 T	0.32138	0.19336	0.48527
544 T	0.34218	0.15060	0.50722
545 A	0.35152	0.13065	0.51782
546 T	0.37003	0.08842	0.54154
547 T	0.37849	0.07184	0.54967
548 T	0.38120	0.06028	0.55852
549 T	0.37922	0.05894	0.56184
550 T	0.37245	0.07005	0.5575
551 T	0.35084	0.10315	0.54601
552 G	0.31453	0.14605	0.53942
553 C	0.28730	0.20049	0.51221
554 T	0.26940	0.27214	0.45845
555 A	0.23431	0.37592	0.38977
556 G	0.21539	0.43449	0.35011
557 A	0.20148	0.52720	0.27131
558 A	0.18797	0.61955	0.19249
559 T	0.18210	0.66492	0.15297
560 T	0.17610	0.69993	0.12396
561 A	0.16544	0.72877	0.10578
562 G	0.16066	0.74312	0.09622
563 A	0.15729	0.75179	0.09092
564 T	0.15599	0.75566	0.08835
565 A	0.15409	0.75942	0.08649
566 A	0.15262	0.76166	0.08571
567 A	0.15180	0.76277	0.08543
568 A	0.15163	0.76253	0.08583
569 A	0.15247	0.76080	0.08673
570 G	0.15573	0.75558	0.0887
571 A	0.16624	0.74282	0.09094
572 A	0.17352	0.72818	0.0983
573 A	0.18684	0.70036	0.1128
574 T	0.21417	0.64523	0.1406
575 A	0.22627	0.60500	0.16873
576 T	0.26042	0.55297	0.18661
577 A	0.29343	0.52559	0.18099
578 A	0.34436	0.46920	0.18644
579 A	0.37874	0.42880	0.19247
580 A	0.46059	0.33631	0.20309
581 T	0.55003	0.23563	0.21434
582 T	0.59522	0.18834	0.21644
583 T	0.61632	0.16665	0.21703
584 T	0.62097	0.16181	0.21722
585 T	0.61660	0.16916	0.21424
586 T	0.60218	0.18556	0.21226
587 T	0.57391	0.22209	0.204
588 A	0.54417	0.25395	0.20187
589 A	0.52720	0.27364	0.19916
590 A	0.51739	0.28434	0.19826
591 T	0.51199	0.28840	0.19961
592 C	0.49948	0.30056	0.19995
593 A	0.49104	0.31145	0.19751
594 A	0.48821	0.31505	0.19675
595 G	0.48730	0.31659	0.19612
596 A	0.48751	0.31668	0.19581
597 A	0.48963	0.31452	0.19584
598 G	0.49557	0.30277	0.20167
599 G	0.50558	0.28941	0.20502
600 A	0.52750	0.26213	0.21036
601 T	0.55221	0.23222	0.21556
602 T	0.56258	0.21802	0.21941
603 G	0.56800	0.20999	0.22201
604 T	0.57784	0.19835	0.2238
605 T	0.58665	0.18549	0.22786
606 T	0.59075	0.17602	0.23323
607 T	0.59484	0.16479	0.24037
608 T	0.59760	0.15471	0.24769
609 A	0.59895	0.14516	0.2559
610 G	0.60465	0.11461	0.28074
611 G	0.60781	0.09355	0.29864
612 T	0.61238	0.08871	0.29891
613 T	0.61197	0.09482	0.29321
614 T	0.60861	0.10883	0.28256
615 G	0.60043	0.13431	0.26526
616 T	0.59292	0.16686	0.24021
617 A	0.58327	0.19730	0.21942
618 T	0.57916	0.21358	0.20726
619 A	0.57217	0.24526	0.18257
620 A	0.56704	0.25255	0.18041
621 T	0.56336	0.25746	0.17918
622 A	0.55151	0.27222	0.17627
623 G	0.54445	0.28344	0.17211
624 C	0.52888	0.31216	0.15896
625 G	0.50682	0.34921	0.14397
626 A	0.49442	0.36573	0.13985
627 A	0.48294	0.38066	0.13641
628 T	0.47377	0.39278	0.13346
629 C	0.45762	0.41162	0.13076
630 C	0.44059	0.43342	0.12599
631 A	0.43341	0.44962	0.11697
632 A	0.43479	0.45167	0.11354
633 A	0.43820	0.44950	0.1123
634 A	0.44843	0.43958	0.11199
635 T	0.47333	0.41398	0.11269
636 T	0.49061	0.39202	0.11737
637 G	0.50095	0.37663	0.12242
638 A	0.51886	0.35047	0.13068
639 T	0.54438	0.31487	0.14075
640 T	0.55261	0.29801	0.14938
641 C	0.54958	0.29831	0.15211
642 T	0.55091	0.30083	0.14826
643 A	0.53588	0.32238	0.14175
644 A	0.52645	0.33466	0.13889
645 A	0.52175	0.33553	0.14272
646 A	0.52126	0.33333	0.14541
647 A	0.53303	0.30463	0.16234
648 A	0.54960	0.26122	0.18917
649 A	0.55977	0.23685	0.20338
650 A	0.57155	0.20812	0.22033
651 T	0.58737	0.17762	0.23501
652 T	0.59390	0.15614	0.24996
653 T	0.59795	0.14076	0.26129
654 T	0.60109	0.14248	0.25643
655 T	0.60117	0.15183	0.247
656 T	0.59442	0.17877	0.22681
657 A	0.58224	0.23621	0.18155
658 A	0.57213	0.25801	0.16986
659 A	0.56436	0.27949	0.15615
660 T	0.56090	0.28512	0.15398
661 T	0.55716	0.29190	0.15094
662 A	0.55126	0.30366	0.14508
663 T	0.55225	0.29999	0.14776
664 A	0.55098	0.29637	0.15265
665 T	0.55581	0.27884	0.16536
666 T	0.56128	0.26040	0.17833
667 T	0.55871	0.25493	0.18636
668 T	0.54907	0.26095	0.18998
669 C	0.53287	0.27346	0.19367
670 G	0.51820	0.28869	0.1931
671 A	0.51252	0.29519	0.19229
672 T	0.51178	0.29648	0.19174
673 C	0.50980	0.29964	0.19056
674 A	0.50929	0.30771	0.183
675 G	0.51114	0.31305	0.17581
676 A	0.51854	0.30924	0.17222
677 T	0.53013	0.30052	0.16935
678 A	0.52858	0.30894	0.16248
679 A	0.53935	0.29670	0.16395
680 T	0.58010	0.24678	0.17312
681 A	0.58353	0.23668	0.17979
682 T	0.59683	0.21639	0.18677
683 T	0.59372	0.21990	0.18637
684 A	0.57911	0.23524	0.18566
685 T	0.57307	0.23864	0.18829
686 A	0.49549	0.31986	0.18466
687 T	0.46821	0.34747	0.18431
688 G	0.37099	0.45018	0.17884
689 A	0.30560	0.51388	0.18051
690 A	0.25505	0.55734	0.18761
691 T	0.22565	0.57434	0.20001
692 G	0.19925	0.58631	0.21444
693 C	0.18933	0.58495	0.22572
694 C	0.18471	0.59016	0.22514
695 A	0.18091	0.60808	0.21101
696 A	0.17997	0.62629	0.19374
697 A	0.18151	0.63753	0.18095
698 T	0.18781	0.63938	0.17281
699 A	0.18406	0.64598	0.16996
700 A	0.18082	0.64489	0.17429
701 A	0.18322	0.63113	0.18565
702 T	0.18753	0.61547	0.197
703 C	0.18230	0.61860	0.1991
704 A	0.17760	0.63293	0.18947
705 A	0.17603	0.63913	0.18484
706 T	0.18019	0.62562	0.19418
707 T	0.17829	0.61412	0.20759
708 G	0.17436	0.61224	0.2134
709 A	0.17676	0.53961	0.28363
710 A	0.17920	0.50772	0.31308
711 T	0.18550	0.40795	0.40655
712 A	0.18499	0.34612	0.46889
713 T	0.18197	0.30132	0.51671
714 C	0.17743	0.29554	0.52702
715 G	0.17329	0.37420	0.45251
716 A	0.16816	0.47948	0.35236
717 A	0.16514	0.54552	0.28934
718 A	0.17247	0.63400	0.19353
719 A	0.18600	0.64434	0.16966
720 G	0.19658	0.65750	0.14591
721 A	0.19396	0.69129	0.11475
722 A	0.19735	0.69721	0.10543
723 A	0.20469	0.70061	0.0947
724 A	0.21491	0.69155	0.09354
725 A	0.22478	0.68599	0.08923
726 T	0.23948	0.66315	0.09737
727 T	0.25226	0.64322	0.10452
728 T	0.25202	0.64243	0.10555
729 A	0.23331	0.66212	0.10457
730 C	0.20423	0.68933	0.10644
731 A	0.17816	0.71984	0.102
732 A	0.16064	0.74181	0.09755
733 C	0.15409	0.75111	0.09481
734 A	0.15176	0.75794	0.09031
735 A	0.15697	0.75837	0.08466
736 A	0.17395	0.74821	0.07784
737 A	0.20046	0.72817	0.07137
738 C	0.26994	0.65836	0.0717
739 A	0.35567	0.57821	0.06612
740 A	0.41317	0.51846	0.06837
741 T	0.50558	0.42227	0.07215
742 A	0.47705	0.44974	0.07321
743 A	0.46157	0.46368	0.07475
744 C	0.44156	0.47167	0.08677
745 C	0.36653	0.54774	0.08572
746 T	0.31330	0.60515	0.08155
747 A	0.22195	0.70377	0.07428
748 G	0.20056	0.73209	0.06734
749 A	0.18464	0.75319	0.06218
750 A	0.17427	0.76491	0.06081
751 A	0.17614	0.75505	0.0688
752 A	0.17871	0.73055	0.09074
753 T	0.18153	0.69321	0.12527
754 A	0.17879	0.67279	0.14842
755 C	0.17924	0.65227	0.16849
756 A	0.17987	0.64937	0.17076
757 A	0.17618	0.65041	0.17341
758 A	0.17921	0.64430	0.1765
759 A	0.19283	0.62502	0.18214
760 T	0.20636	0.60921	0.18442
761 T	0.20835	0.59869	0.19295
762 A	0.21081	0.60375	0.18545
763 A	0.21162	0.59640	0.19198
764 A	0.21232	0.57772	0.20996
765 T	0.21446	0.50422	0.28132
766 T	0.21572	0.44859	0.33569
767 A	0.21701	0.39327	0.38972
768 T	0.22355	0.28349	0.49296
769 C	0.22624	0.20710	0.56666
770 C	0.22918	0.14547	0.62535
771 T	0.23194	0.13536	0.63269
772 T	0.23340	0.12995	0.63664
773 T	0.23180	0.12861	0.6396
774 C	0.22588	0.13569	0.63842
775 G	0.21774	0.15440	0.62786
776 A	0.21451	0.16459	0.6209
777 T	0.21061	0.17750	0.61189
778 G	0.19706	0.21791	0.58502
779 A	0.17935	0.32016	0.50049
780 G	0.15557	0.40314	0.44129
781 G	0.15314	0.46193	0.38493
782 A	0.15334	0.56743	0.27923
783 A	0.15590	0.64385	0.20025
784 A	0.16393	0.69187	0.14421
785 T	0.18189	0.68828	0.12983
786 T	0.18694	0.69979	0.11326
787 A	0.18685	0.72046	0.09268
788 A	0.18642	0.72869	0.08489
789 A	0.18452	0.73359	0.08188
790 A	0.18383	0.73397	0.0822
791 A	0.18392	0.73337	0.08271
792 T	0.18622	0.72922	0.08457
793 T	0.18689	0.72735	0.08576
794 T	0.18733	0.72589	0.08678
795 A	0.18546	0.72789	0.08664
796 A	0.18347	0.72866	0.08786
797 A	0.18358	0.72487	0.09155
798 T	0.19620	0.70539	0.09842
799 A	0.20615	0.69534	0.09851
800 A	0.22631	0.67090	0.10278
801 A	0.26451	0.62144	0.11405
802 A	0.36124	0.50477	0.13399
803 T	0.44923	0.38894	0.16182
804 C	0.50837	0.32522	0.1664
805 A	0.59985	0.23405	0.1661
806 C	0.67758	0.15584	0.16657
807 T	0.73950	0.09454	0.16596
808 T	0.75574	0.07869	0.16557
809 T	0.76750	0.06724	0.16525
810 T	0.77528	0.05884	0.16588
811 T	0.77399	0.06030	0.16571
812 T	0.76881	0.06420	0.167
813 G	0.75438	0.07907	0.16655
814 A	0.74193	0.09498	0.16309
815 T	0.73275	0.11196	0.1553
816 T	0.70482	0.16026	0.13493
817 A	0.63664	0.26456	0.0988
818 A	0.60470	0.29637	0.09893
819 A	0.57917	0.31985	0.10097
820 G	0.55966	0.33716	0.10319
821 T	0.53573	0.36203	0.10224
822 C	0.48647	0.41223	0.1013
823 G	0.45265	0.44987	0.09748
824 A	0.43650	0.46899	0.09452
825 A	0.42862	0.47781	0.09358
826 A	0.42598	0.48081	0.09321
827 A	0.42539	0.48125	0.09336
828 T	0.42757	0.47698	0.09545
829 T	0.42805	0.47549	0.09646
830 T	0.42752	0.47490	0.09758
831 T	0.42454	0.47580	0.09966
832 A	0.41928	0.47840	0.10232
833 T	0.41435	0.47693	0.10872
834 G	0.40025	0.48572	0.11403
835 G	0.39179	0.48968	0.11854
836 A	0.38987	0.48407	0.12606
837 A	0.39281	0.47132	0.13586
838 A	0.40034	0.45409	0.14557
839 A	0.42136	0.40553	0.17311
840 T	0.45540	0.30921	0.23539
841 A	0.45725	0.28066	0.26209
842 A	0.45876	0.25269	0.28856
843 A	0.46104	0.22511	0.31385
844 T	0.46545	0.18775	0.3468
845 T	0.46781	0.13864	0.39354
846 T	0.46946	0.11020	0.42035
847 T	0.46803	0.09966	0.43231
848 T	0.46452	0.09799	0.4375
849 A	0.46058	0.10129	0.43812
850 A	0.45857	0.10143	0.44
851 G	0.45759	0.10048	0.44193
852 T	0.45780	0.09780	0.4444
853 T	0.45767	0.09538	0.44694
854 T	0.45737	0.09155	0.45109
855 A	0.45687	0.08741	0.45572
856 G	0.45706	0.08122	0.46171
857 G	0.45810	0.06803	0.47387
858 T	0.46056	0.05723	0.48222
859 T	0.46301	0.05118	0.48581
860 C	0.46564	0.04626	0.4881
861 T	0.46867	0.04256	0.48877
862 G	0.46986	0.04124	0.4889
863 G	0.47114	0.04020	0.48866
864 T	0.47427	0.03774	0.48799
865 T	0.47690	0.03551	0.48759
866 T	0.47818	0.03408	0.48773
867 T	0.47888	0.03370	0.48742
868 A	0.47932	0.03290	0.48778
869 T	0.48114	0.02919	0.48967
870 T	0.48242	0.02525	0.49233
871 T	0.48324	0.02276	0.49399
872 T	0.48382	0.02197	0.49421
873 T	0.48212	0.02737	0.49051
874 T	0.47603	0.04040	0.48357
875 G	0.46879	0.05304	0.47817
876 T	0.46264	0.07043	0.46692
877 G	0.44566	0.10984	0.44449
878 T	0.43699	0.13599	0.42702
879 T	0.41761	0.18273	0.39966
880 A	0.37382	0.29280	0.33338
881 A	0.33644	0.37940	0.28416
882 A	0.30414	0.46286	0.233
883 G	0.29231	0.50864	0.19906
884 A	0.28050	0.58402	0.13548
885 A	0.27521	0.61637	0.10842
886 A	0.27278	0.62864	0.09859
887 T	0.27196	0.63394	0.09411
888 A	0.26761	0.64154	0.09085
889 A	0.26422	0.64700	0.08879
890 T	0.26309	0.64864	0.08827
891 G	0.26017	0.65335	0.08649
892 G	0.25693	0.66227	0.0808
893 A	0.25564	0.66940	0.07496
894 A	0.25570	0.67097	0.07333
895 A	0.25697	0.67101	0.07202
896 A	0.26328	0.66320	0.07352
897 T	0.27339	0.64626	0.08035
898 A	0.27859	0.63473	0.08668
899 A	0.29066	0.61425	0.09509
900 T	0.31750	0.56660	0.11591
901 G	0.33338	0.54009	0.12653
902 A	0.35763	0.49965	0.14271
903 A	0.42032	0.40277	0.17691
904 A	0.46867	0.32120	0.21012
905 T	0.52383	0.23461	0.24155
906 A	0.55997	0.18724	0.2528
907 T	0.62557	0.10895	0.26548
908 T	0.64937	0.07919	0.27144
909 T	0.65591	0.07033	0.27376
910 T	0.65739	0.06806	0.27455
911 A	0.65775	0.06540	0.27685
912 T	0.65741	0.06391	0.27868
913 G	0.65454	0.06988	0.27558
914 A	0.65461	0.07812	0.26727
915 T	0.66083	0.07352	0.26565
916 T	0.66477	0.07989	0.25534
917 A	0.66315	0.09112	0.24572
918 T	0.66393	0.09555	0.24053
919 T	0.66294	0.10215	0.23491
920 A	0.65270	0.11648	0.23082
921 T	0.65065	0.11959	0.22975
922 G	0.64383	0.12797	0.2282
923 T	0.63838	0.13661	0.22501
924 T	0.62892	0.15241	0.21867
925 T	0.60152	0.18106	0.21742
926 T	0.56170	0.22362	0.21468
927 A	0.51673	0.27356	0.20971
928 A	0.48896	0.30570	0.20534
929 C	0.48251	0.31635	0.20114
930 T	0.47845	0.33554	0.18602
931 A	0.47214	0.36139	0.16647
932 A	0.46389	0.37842	0.15768
933 T	0.46015	0.38230	0.15754
934 A	0.45600	0.38641	0.15759
935 G	0.45669	0.38300	0.16032
936 A	0.46022	0.37612	0.16366
937 C	0.46994	0.36348	0.16659
938 A	0.47450	0.36105	0.16445
939 T	0.48959	0.34580	0.16461
940 G	0.49718	0.34000	0.16282
941 T	0.50269	0.33580	0.16151
942 A	0.50399	0.33585	0.16017
943 T	0.50647	0.32215	0.17137
944 T	0.50646	0.31919	0.17435
945 G	0.50476	0.30843	0.1868
946 A	0.50608	0.29783	0.19609
947 A	0.51090	0.28249	0.20662
948 A	0.51124	0.25406	0.2347
949 C	0.51380	0.20989	0.27631
950 A	0.51926	0.17118	0.30955
951 A	0.52297	0.14319	0.33384
952 G	0.52878	0.13278	0.33845
953 C	0.54255	0.11734	0.34011
954 T	0.55932	0.11468	0.326
955 T	0.56307	0.11502	0.32191
956 T	0.55390	0.13244	0.31365
957 A	0.54135	0.18526	0.27339
958 G	0.52563	0.25096	0.22341
959 A	0.51753	0.31848	0.16398
960 A	0.51650	0.37140	0.11209
961 T	0.51953	0.37134	0.10914
962 A	0.52069	0.37458	0.10473
963 T	0.52503	0.37160	0.10336
964 T	0.52619	0.36933	0.10448
965 C	0.52187	0.37091	0.10722
966 A	0.51576	0.37784	0.1064
967 T	0.51442	0.37970	0.10589
968 C	0.51209	0.38391	0.104
969 A	0.50833	0.40166	0.09002
970 A	0.50699	0.40965	0.08336
971 T	0.50704	0.41175	0.08121
972 A	0.50521	0.41609	0.07869
973 A	0.50244	0.42066	0.0769
974 A	0.50283	0.41870	0.07847
975 A	0.50607	0.41377	0.08016
976 A	0.51285	0.40364	0.08351
977 T	0.54111	0.37044	0.08845
978 T	0.56107	0.34498	0.09395
979 G	0.57454	0.32105	0.10441
980 A	0.61237	0.27324	0.11439
981 A	0.66010	0.21054	0.12936
982 C	0.71742	0.14529	0.13729
983 T	0.76968	0.09157	0.13874
984 T	0.77599	0.08476	0.13926
985 T	0.77906	0.08179	0.13915
986 T	0.77880	0.08149	0.13971
987 T	0.77391	0.08656	0.13953
988 A	0.76904	0.08776	0.1432
989 A	0.76798	0.08249	0.14952
990 C	0.76933	0.07654	0.15413
991 A	0.77203	0.07807	0.14989
992 T	0.78545	0.06706	0.14748
993 T	0.77009	0.09710	0.13281
994 T	0.75525	0.12302	0.12173
995 A	0.72278	0.17379	0.10343
996 T	0.71275	0.18208	0.10517
997 T	0.68755	0.20680	0.10565
998 T	0.64561	0.24914	0.10524
999 T	0.59949	0.29638	0.10414
1000 C	0.50332	0.39452	0.10216
1001 G	0.41662	0.48581	0.09757
1002 A	0.36376	0.54229	0.09395
1003 G	0.33655	0.57154	0.09192
1004 A	0.32752	0.58197	0.09051
1005 A	0.32306	0.58743	0.08951
1006 G	0.32159	0.58858	0.08983
1007 A	0.32138	0.58834	0.09029
1008 A	0.32199	0.58625	0.09176
1009 G	0.32214	0.58358	0.09428
1010 C	0.32289	0.57782	0.09929
1011 A	0.32411	0.57421	0.10167
1012 G	0.32506	0.57152	0.10342
1013 A	0.32671	0.56908	0.10421
1014 A	0.33368	0.56111	0.10521
1015 A	0.34252	0.54969	0.1078
1016 T	0.36025	0.49912	0.14064
1017 A	0.37056	0.46611	0.16333
1018 T	0.38710	0.39591	0.21698
1019 T	0.38886	0.36420	0.24694
1020 T	0.38905	0.30643	0.30452
1021 G	0.38902	0.24327	0.36771
1022 G	0.38985	0.20618	0.40397
1023 T	0.39232	0.14893	0.45875
1024 T	0.39509	0.10121	0.5037
1025 T	0.39504	0.07662	0.52835
1026 T	0.39149	0.08141	0.52711
1027 A	0.37610	0.15312	0.47077
1028 T	0.36922	0.19046	0.44032
1029 A	0.35909	0.28479	0.35612
1030 A	0.34946	0.40873	0.2418
1031 A	0.34668	0.44529	0.20803
1032 T	0.34309	0.45532	0.20159
1033 A	0.33554	0.46903	0.19543
1034 A	0.32826	0.48077	0.19098
1035 T	0.32383	0.48930	0.18687
1036 C	0.31918	0.50435	0.17647
1037 A	0.31657	0.53863	0.14479
1038 A	0.31525	0.56441	0.12034
1039 G	0.31519	0.57049	0.11432
1040 A	0.31556	0.57359	0.11085
1041 T	0.31690	0.57410	0.10901
1042 G	0.31752	0.57456	0.10792
1043 T	0.31995	0.57340	0.10666
1044 A	0.32187	0.57265	0.10548
1045 T	0.32838	0.56603	0.10558
1046 A	0.33232	0.56147	0.10622
1047 T	0.34256	0.54833	0.10911
1048 G	0.34767	0.53943	0.1129
1049 A	0.36720	0.51556	0.11724
1050 T	0.42449	0.44379	0.13172
1051 G	0.45638	0.40587	0.13775
1052 A	0.53854	0.31772	0.14374
1053 T	0.65443	0.19493	0.15064
1054 A	0.67779	0.16880	0.1534
1055 T	0.68393	0.15700	0.15906
1056 A	0.68396	0.15016	0.16589
1057 G	0.68788	0.13838	0.17374
1058 C	0.69417	0.12773	0.17811
1059 T	0.70960	0.11267	0.17773
1060 A	0.73706	0.08890	0.17404
1061 T	0.76280	0.06555	0.17165
1062 T	0.76172	0.07193	0.16634
1063 T	0.75203	0.08269	0.16528
1064 T	0.72856	0.10802	0.16342
1065 A	0.69279	0.14622	0.16098
1066 A	0.68076	0.16202	0.15722
1067 C	0.67443	0.17238	0.15319
1068 T	0.66266	0.19385	0.1435
1069 T	0.60871	0.27027	0.12102
1070 T	0.54161	0.34976	0.10863
1071 T	0.44089	0.46167	0.09744
1072 A	0.22929	0.68309	0.08763
1073 G	0.15856	0.75613	0.08531
1074 A	0.13521	0.78132	0.08347
1075 A	0.12524	0.79184	0.08292
1076 A	0.11977	0.79718	0.08304
1077 T	0.11705	0.79864	0.08431
1078 A	0.10855	0.81025	0.08121
1079 A	0.10349	0.81514	0.08137
1080 A	0.09975	0.82007	0.08018
1081 A	0.09696	0.82273	0.08032
1082 A	0.09724	0.82128	0.08148
1083 T	0.09985	0.81575	0.08439
1084 A	0.09374	0.82188	0.08439
1085 A	0.08888	0.82273	0.08838
1086 A	0.07632	0.83034	0.09333
1087 A	0.07392	0.81585	0.11023
1088 A	0.07477	0.79195	0.13327
1089 A	0.07901	0.77909	0.1419
1090 A	0.08961	0.74835	0.16204
1091 A	0.10446	0.68823	0.20731
1092 T	0.13422	0.53209	0.33369
1093 T	0.14280	0.44551	0.41169
1094 T	0.14492	0.36972	0.48536
1095 T	0.13753	0.27122	0.59126
1096 G	0.11147	0.29465	0.59389
1097 A	0.09498	0.34314	0.56188
1098 A	0.07661	0.42071	0.50267
1099 G	0.07096	0.48768	0.44136
1100 A	0.06617	0.56828	0.36554
1101 A	0.06639	0.67628	0.25734
1102 A	0.06712	0.72035	0.21252
1103 T	0.06821	0.73797	0.19383
1104 A	0.06565	0.76886	0.16549
1105 A	0.06650	0.76570	0.1678
1106 A	0.06869	0.76060	0.17071
1107 A	0.07269	0.74703	0.18028
1108 A	0.07759	0.73202	0.19039
1109 C	0.08647	0.70758	0.20595
1110 A	0.09430	0.69747	0.20822
1111 A	0.10416	0.68643	0.20942
1112 T	0.11742	0.67211	0.21047
1113 T	0.12499	0.66501	0.21001
1114 T	0.12930	0.66341	0.20729
1115 T	0.13118	0.66103	0.20779
1116 A	0.13039	0.66703	0.20258
1117 G	0.13246	0.66902	0.19852
1118 A	0.14686	0.67045	0.18269
1119 T	0.18562	0.62580	0.18857
1120 A	0.22095	0.59692	0.18214
1121 A	0.28672	0.53664	0.17664
1122 A	0.35985	0.48127	0.15888
1123 G	0.44110	0.41590	0.143
1124 T	0.56362	0.30250	0.13388
1125 T	0.60038	0.26697	0.13265
1126 T	0.60847	0.25708	0.13446
1127 T	0.60495	0.25818	0.13686
1128 G	0.57807	0.28479	0.13714
1129 C	0.55133	0.31157	0.1371
1130 C	0.51573	0.34804	0.13623
1131 T	0.50247	0.36358	0.13395
1132 A	0.47193	0.39887	0.12921
1133 A	0.44597	0.43019	0.12385
1134 G	0.43119	0.44906	0.11975
1135 A	0.41977	0.47250	0.10773
1136 A	0.39533	0.50153	0.10315
1137 A	0.39128	0.50901	0.09971
1138 A	0.39241	0.51042	0.09717
1139 A	0.39753	0.50480	0.09768
1140 A	0.40784	0.49287	0.0993
1141 A	0.43579	0.46458	0.09963
1142 T	0.45839	0.43915	0.10247
1143 A	0.47241	0.42262	0.10498
1144 A	0.49062	0.40184	0.10754
1145 A	0.51188	0.37695	0.11118
1146 T	0.53420	0.34801	0.11779
1147 G	0.54172	0.33353	0.12475
1148 T	0.54460	0.31803	0.13737
1149 T	0.54473	0.30575	0.14951
1150 T	0.54213	0.29128	0.16659
1151 A	0.53665	0.27515	0.1882
1152 T	0.52759	0.25384	0.21857
1153 C	0.50954	0.23677	0.25369
1154 A	0.50640	0.23329	0.2603
1155 A	0.50707	0.21571	0.27722
1156 G	0.50921	0.19947	0.29133
1157 G	0.51191	0.19515	0.29294
1158 T	0.52294	0.18301	0.29405
1159 G	0.52695	0.15528	0.31777
1160 A	0.53103	0.14465	0.32432
1161 A	0.53568	0.13601	0.32832
1162 G	0.53943	0.12612	0.33444
1163 C	0.54295	0.11972	0.33733
1164 T	0.54842	0.12237	0.32921
1165 G	0.55041	0.12908	0.32052
1166 T	0.55406	0.13131	0.31464
1167 T	0.55477	0.13754	0.30768
1168 T	0.55474	0.14382	0.30144
1169 A	0.55433	0.14892	0.29675
1170 T	0.55438	0.14799	0.29763
1171 A	0.55440	0.14870	0.2969
1172 G	0.55452	0.15009	0.29538
1173 T	0.55499	0.15482	0.29018
1174 A	0.55509	0.15724	0.28768
1175 T	0.55470	0.14941	0.29589
1176 G	0.55223	0.13932	0.30845
1177 G	0.55192	0.13785	0.31024
1178 G	0.55467	0.13511	0.31022
1179 G	0.56195	0.12619	0.31187
1180 T	0.57333	0.11403	0.31264
1181 C	0.57935	0.10785	0.3128
1182 T	0.58169	0.10851	0.3098
1183 C	0.58220	0.11438	0.30342
1184 A	0.58287	0.15609	0.26104
1185 A	0.58224	0.21707	0.20069
1186 A	0.58532	0.22177	0.19291
1187 T	0.59845	0.21379	0.18777
1188 T	0.60743	0.20543	0.18715
1189 T	0.60782	0.20497	0.18721
1190 C	0.58136	0.23179	0.18684
1191 T	0.55720	0.25869	0.18411
1192 C	0.53702	0.28455	0.17842
1193 A	0.52599	0.31019	0.16382
1194 A	0.52231	0.32412	0.15357
1195 A	0.52303	0.32813	0.14883
1196 T	0.53085	0.32340	0.14575
1197 T	0.53017	0.32906	0.14077
1198 A	0.51748	0.34291	0.13961
1199 A	0.51079	0.34823	0.14097
1200 A	0.50466	0.35344	0.14191
1201 T	0.49894	0.35981	0.14125
1202 C	0.48885	0.37106	0.1401
1203 A	0.48138	0.38392	0.1347
1204 A	0.47859	0.38988	0.13153
1205 A	0.48061	0.38958	0.12982
1206 A	0.48658	0.38424	0.12919
1207 A	0.52555	0.34581	0.12864
1208 A	0.58380	0.28415	0.13205
1209 A	0.59395	0.27155	0.1345
1210 T	0.60118	0.25745	0.14138
1211 T	0.60276	0.24863	0.14861
1212 A	0.60363	0.23781	0.15855
1213 A	0.60562	0.20389	0.19049
1214 C	0.61018	0.17001	0.21981
1215 T	0.61823	0.14728	0.23449
1216 T	0.63221	0.12526	0.24253
1217 T	0.64009	0.11269	0.24721
1218 G	0.64092	0.11020	0.24889
1219 G	0.64075	0.11186	0.24739
1220 A	0.64301	0.10828	0.24871
1221 T	0.64464	0.09757	0.25778
1222 A	0.64282	0.10762	0.24956
1223 A	0.64427	0.10056	0.25517
1224 T	0.64695	0.08967	0.26338
1225 T	0.64551	0.08409	0.2704
1226 T	0.64070	0.08542	0.27389
1227 C	0.62139	0.11085	0.26776
1228 G	0.59833	0.14370	0.25797
1229 A	0.59422	0.15452	0.25126
1230 T	0.59231	0.15747	0.25022
1231 A	0.58923	0.16128	0.2495
1232 C	0.58811	0.16293	0.24896
1233 T	0.58680	0.16718	0.24602
1234 C	0.58450	0.17063	0.24487
1235 T	0.58326	0.17431	0.24244
1236 T	0.58076	0.17835	0.24088
1237 T	0.57679	0.18368	0.23953
1238 C	0.56528	0.19673	0.23799
1239 G	0.55522	0.21092	0.23387
1240 G	0.55289	0.21856	0.22855
1241 A	0.55282	0.22166	0.22552
1242 A	0.55556	0.21890	0.22553
1243 G	0.56086	0.21338	0.22576
1244 A	0.56659	0.20751	0.2259
1245 T	0.58174	0.18915	0.2291
1246 A	0.58174	0.19037	0.22789
1247 A	0.58234	0.19222	0.22545
1248 A	0.58544	0.19348	0.22108
1249 G	0.58934	0.19014	0.22052
1250 A	0.59817	0.17639	0.22543
1251 T	0.60877	0.15034	0.24088
1252 A	0.61388	0.15731	0.22881
1253 T	0.61470	0.16435	0.22095
1254 A	0.59899	0.20738	0.19364
1255 G	0.59301	0.21964	0.18735
1256 A	0.59136	0.22322	0.18542
1257 T	0.59116	0.22335	0.18549
1258 T	0.59033	0.22250	0.18718
1259 T	0.58779	0.22282	0.1894
1260 A	0.58201	0.22551	0.19248
1261 T	0.58073	0.21624	0.20303
1262 C	0.57710	0.21225	0.21064
1263 T	0.57772	0.21388	0.2084
1264 T	0.57453	0.22646	0.19901
1265 T	0.56194	0.26754	0.17053
1266 A	0.54312	0.29418	0.1627
1267 A	0.53355	0.30415	0.1623
1268 A	0.52873	0.30855	0.16272
1269 A	0.52697	0.30887	0.16415
1270 C	0.52837	0.30632	0.16531
1271 C	0.53804	0.29648	0.16549
1272 A	0.54938	0.28550	0.16512
1273 A	0.56387	0.27115	0.16497
1274 A	0.57408	0.26082	0.1651
1275 T	0.59110	0.24341	0.1655
1276 A	0.60043	0.23243	0.16714
1277 T	0.63010	0.18372	0.18617
1278 T	0.63628	0.16919	0.19452
1279 A	0.63725	0.16278	0.19997
1280 T	0.63706	0.15732	0.20562
1281 T	0.62834	0.16111	0.21055
1282 T	0.59933	0.18500	0.21567
1283 G	0.51131	0.26872	0.21997
1284 G	0.46769	0.31126	0.22105
1285 G	0.44704	0.33285	0.22011
1286 G	0.44099	0.34033	0.21867
1287 A	0.44171	0.34329	0.21499
1288 G	0.46313	0.31909	0.21777
1289 T	0.46944	0.30684	0.22371
1290 T	0.46682	0.31319	0.21999
1291 A	0.46304	0.33365	0.2033
1292 A	0.46060	0.34039	0.19901
1293 T	0.46000	0.34244	0.19756
1294 T	0.45855	0.34677	0.19467
1295 T	0.45669	0.35007	0.19324
1296 A	0.45342	0.35848	0.1881
1297 T	0.45060	0.36776	0.18164
1298 T	0.44542	0.37795	0.17662
1299 A	0.43400	0.39348	0.17252
1300 A	0.42432	0.40654	0.16915
1301 A	0.42098	0.40986	0.16917
1302 A	0.41857	0.41041	0.17102
1303 A	0.41633	0.40659	0.17709
1304 A	0.41674	0.39231	0.19095
1305 A	0.41873	0.35555	0.22573
1306 G	0.42190	0.27030	0.3078
1307 G	0.42774	0.22847	0.34378
1308 T	0.43816	0.20381	0.35803
1309 A	0.44495	0.20215	0.3529
1310 A	0.45439	0.20070	0.34491
1311 T	0.46798	0.19305	0.33897
1312 A	0.47618	0.20022	0.3236
1313 T	0.48795	0.19750	0.31455
1314 T	0.50355	0.20692	0.28953
1315 G	0.50699	0.25234	0.24067
1316 T	0.51154	0.27385	0.21461
1317 T	0.51353	0.29042	0.19606
1318 G	0.51261	0.31105	0.17634
1319 A	0.51607	0.32311	0.16083
1320 T	0.52284	0.32699	0.15018
1321 T	0.52624	0.32645	0.14732
1322 A	0.52767	0.32243	0.14989
1323 T	0.52941	0.31663	0.15396
1324 A	0.52627	0.32510	0.14863
1325 A	0.52499	0.32873	0.14628
1326 T	0.52365	0.33248	0.14388
1327 G	0.52010	0.34046	0.13944
1328 A	0.51924	0.34717	0.13359
1329 A	0.51958	0.35052	0.12991
