# lcl|CP097583.1_cds_USQ93483.1_1
# AA	inside	membr	outside
1 A	0.64238	0.00000	0.35762
2 T	0.63555	0.00682	0.35762
3 G	0.63157	0.01080	0.35762
4 A	0.63157	0.02087	0.34756
5 G	0.60557	0.06214	0.33229
6 C	0.60557	0.06324	0.33119
7 A	0.57435	0.09484	0.33081
8 A	0.57435	0.09486	0.33079
9 T	0.57214	0.09714	0.33072
10 C	0.57213	0.10473	0.32314
11 C	0.56899	0.10895	0.32206
12 T	0.49160	0.18777	0.32063
13 A	0.30870	0.37646	0.31484
14 A	0.30866	0.37650	0.31484
15 T	0.30866	0.38850	0.30284
16 A	0.30582	0.39135	0.30284
17 A	0.30111	0.39617	0.30273
18 A	0.30106	0.39640	0.30255
19 T	0.30048	0.39711	0.30241
20 T	0.29536	0.40743	0.29721
21 A	0.28109	0.42149	0.29742
22 T	0.28045	0.42491	0.29464
23 T	0.27692	0.42892	0.29416
24 A	0.26646	0.43913	0.29441
25 G	0.26331	0.43120	0.30549
26 G	0.26032	0.42956	0.31012
27 G	0.26661	0.41698	0.3164
28 C	0.27872	0.38666	0.33461
29 A	0.27941	0.38719	0.3334
30 A	0.28144	0.36910	0.34946
31 T	0.28417	0.36592	0.34992
32 A	0.28501	0.36359	0.3514
33 T	0.29330	0.34990	0.35679
34 A	0.29461	0.34074	0.36465
35 T	0.29839	0.25354	0.44806
36 T	0.30071	0.10101	0.59828
37 T	0.29961	0.09881	0.60157
38 T	0.29873	0.10040	0.60087
39 A	0.28802	0.12399	0.588
40 C	0.28416	0.12987	0.58597
41 G	0.28139	0.14133	0.57728
42 A	0.28044	0.15137	0.5682
43 G	0.28456	0.14890	0.56655
44 A	0.28423	0.18003	0.53574
45 T	0.28849	0.22103	0.49048
46 A	0.28938	0.23083	0.47979
47 T	0.28949	0.24827	0.46224
48 A	0.28754	0.25328	0.45918
49 T	0.28705	0.25598	0.45697
50 T	0.27780	0.28319	0.43901
51 A	0.25758	0.30664	0.43579
52 C	0.25295	0.31332	0.43374
53 A	0.24274	0.34173	0.41553
54 A	0.23199	0.39026	0.37776
55 A	0.23034	0.43678	0.33287
56 T	0.23010	0.45734	0.31256
57 A	0.21916	0.47136	0.30948
58 A	0.21010	0.48024	0.30966
59 A	0.20698	0.48093	0.3121
60 A	0.20313	0.48120	0.31567
61 C	0.20149	0.47504	0.32346
62 C	0.21356	0.45676	0.32968
63 A	0.21968	0.44996	0.33036
64 T	0.23052	0.43919	0.33029
65 G	0.23244	0.43767	0.32989
66 G	0.23486	0.43564	0.3295
67 C	0.26378	0.40637	0.32985
68 A	0.29684	0.37425	0.32891
69 A	0.31125	0.35963	0.32912
70 T	0.34452	0.32477	0.33071
71 T	0.35017	0.31647	0.33336
72 A	0.34886	0.31639	0.33474
73 G	0.35484	0.29687	0.34829
74 C	0.35166	0.27859	0.36975
75 A	0.34959	0.27666	0.37375
76 A	0.36023	0.25704	0.38273
77 C	0.39694	0.20992	0.39315
78 A	0.43668	0.17023	0.39309
79 T	0.45681	0.15017	0.39302
80 A	0.45381	0.14734	0.39884
81 T	0.45157	0.14433	0.4041
82 G	0.44112	0.15712	0.40176
83 A	0.42909	0.16797	0.40294
84 T	0.41991	0.17245	0.40764
85 G	0.40114	0.19343	0.40544
86 A	0.39561	0.20750	0.39689
87 T	0.39165	0.21555	0.3928
88 T	0.38546	0.23682	0.37773
89 T	0.37456	0.25966	0.36578
90 A	0.35388	0.30029	0.34584
91 G	0.33843	0.32339	0.33818
92 T	0.33369	0.33611	0.3302
93 A	0.31033	0.36739	0.32229
94 A	0.30061	0.38008	0.31932
95 A	0.28982	0.38948	0.3207
96 T	0.27186	0.39976	0.32839
97 A	0.23007	0.43434	0.33559
98 A	0.21253	0.44536	0.34211
99 A	0.20643	0.44665	0.34692
100 C	0.20594	0.44360	0.35046
101 A	0.20716	0.44166	0.35117
102 A	0.20970	0.43673	0.35357
103 A	0.21707	0.42392	0.359
104 T	0.22648	0.41004	0.36348
105 T	0.23362	0.39518	0.3712
106 A	0.23865	0.37591	0.38544
107 A	0.24326	0.35695	0.39978
108 C	0.25469	0.31487	0.43044
109 T	0.27029	0.28922	0.4405
110 C	0.28037	0.26921	0.45042
111 T	0.30345	0.25300	0.44356
112 A	0.31525	0.25419	0.43055
113 T	0.33457	0.23180	0.43363
114 T	0.34041	0.21523	0.44435
115 T	0.34352	0.21722	0.43926
116 T	0.34279	0.20262	0.45459
117 A	0.33715	0.21170	0.45115
118 A	0.33634	0.20485	0.45881
119 T	0.33190	0.19107	0.47704
120 G	0.31818	0.17250	0.50932
121 A	0.30343	0.18696	0.5096
122 T	0.28932	0.22437	0.48632
123 A	0.25859	0.30765	0.43376
124 A	0.23211	0.40611	0.36178
125 A	0.22121	0.45258	0.32621
126 A	0.21675	0.46661	0.31664
127 G	0.21245	0.48174	0.30581
128 A	0.20986	0.49441	0.29572
129 A	0.20839	0.49944	0.29218
130 A	0.20789	0.50196	0.29014
131 A	0.20841	0.50174	0.28986
132 A	0.21080	0.49866	0.29054
133 A	0.21470	0.49311	0.29219
134 A	0.22673	0.47890	0.29436
135 T	0.24749	0.45318	0.29932
136 C	0.25334	0.44302	0.30364
137 G	0.26062	0.43334	0.30604
138 T	0.27419	0.41755	0.30826
139 T	0.28342	0.40634	0.31023
140 T	0.29051	0.39596	0.31354
141 T	0.29348	0.39184	0.31468
142 A	0.29451	0.38610	0.31939
143 A	0.29898	0.36700	0.33402
144 A	0.31179	0.33729	0.35091
145 G	0.34117	0.28955	0.36928
146 A	0.39697	0.20653	0.3965
147 T	0.48203	0.09600	0.42197
148 T	0.51723	0.05207	0.43069
149 A	0.52436	0.04118	0.43446
150 T	0.53346	0.02812	0.43842
151 T	0.53963	0.01939	0.44098
152 T	0.54105	0.01653	0.44242
153 T	0.54174	0.01495	0.44331
154 T	0.54163	0.01463	0.44375
155 A	0.54064	0.01555	0.44381
156 T	0.54024	0.01578	0.44398
157 C	0.53825	0.01785	0.4439
158 G	0.53802	0.01814	0.44384
159 T	0.53824	0.01796	0.44379
160 T	0.53836	0.01797	0.44367
161 G	0.53861	0.01775	0.44364
162 T	0.53964	0.01670	0.44366
163 T	0.54039	0.01561	0.444
164 A	0.54080	0.01459	0.44462
165 T	0.54201	0.01211	0.44588
166 T	0.54281	0.01073	0.44646
167 T	0.54324	0.00986	0.4469
168 T	0.54349	0.00935	0.44717
169 G	0.54382	0.00885	0.44732
170 T	0.54434	0.00825	0.44741
171 T	0.54479	0.00772	0.44748
172 T	0.54528	0.00710	0.44762
173 T	0.54551	0.00674	0.44775
174 T	0.54571	0.00640	0.4479
175 A	0.54584	0.00606	0.4481
176 T	0.54595	0.00552	0.44853
177 A	0.54604	0.00481	0.44915
178 T	0.54633	0.00335	0.45032
179 A	0.54652	0.00254	0.45094
180 A	0.54700	0.00000	0.453
