# lcl|CP097583.1_cds_USQ93198.1_1
# AA	inside	membr	outside
1 A	0.60070	0.00000	0.3993
2 T	0.59964	0.00106	0.3993
3 G	0.59929	0.00141	0.3993
4 A	0.59929	0.03501	0.3657
5 A	0.59625	0.05422	0.34954
6 T	0.59625	0.05582	0.34793
7 A	0.58520	0.06794	0.34686
8 A	0.58520	0.06796	0.34683
9 T	0.58377	0.06990	0.34632
10 A	0.58377	0.10644	0.3098
11 A	0.58340	0.10991	0.30668
12 T	0.57912	0.11576	0.30511
13 T	0.57405	0.13050	0.29545
14 T	0.57405	0.13050	0.29545
15 T	0.57405	0.32538	0.10057
16 T	0.57305	0.32638	0.10057
17 T	0.57050	0.33040	0.0991
18 T	0.56965	0.33770	0.09265
19 A	0.52864	0.38274	0.08862
20 A	0.40278	0.53490	0.06232
21 A	0.26309	0.67460	0.06231
22 A	0.25734	0.68079	0.06187
23 A	0.25460	0.68376	0.06165
24 A	0.25552	0.68280	0.06169
25 C	0.25783	0.67763	0.06454
26 A	0.25941	0.67571	0.06488
27 T	0.28934	0.64427	0.06638
28 T	0.30066	0.63093	0.06841
29 G	0.30183	0.62958	0.0686
30 G	0.30424	0.62207	0.07368
31 A	0.30547	0.62034	0.07419
32 T	0.30828	0.61559	0.07613
33 A	0.33649	0.58670	0.07682
34 A	0.34247	0.58021	0.07732
35 C	0.35918	0.55883	0.08199
36 T	0.37264	0.54238	0.08498
37 A	0.37872	0.53582	0.08546
38 T	0.55176	0.36026	0.08799
39 T	0.55448	0.35584	0.08969
40 A	0.55856	0.34923	0.09221
41 T	0.56531	0.31842	0.11626
42 T	0.56957	0.27219	0.15823
43 A	0.58021	0.15247	0.26732
44 T	0.58006	0.04325	0.3767
45 A	0.57867	0.03698	0.38435
46 T	0.57841	0.03156	0.39003
47 C	0.57620	0.03220	0.3916
48 T	0.57491	0.03522	0.38987
49 C	0.57189	0.03971	0.38839
50 T	0.56952	0.04498	0.38549
51 T	0.56807	0.05429	0.37764
52 G	0.56636	0.07565	0.358
53 G	0.56507	0.09464	0.34029
54 T	0.56228	0.10584	0.33189
55 A	0.55846	0.12239	0.31915
56 T	0.55519	0.13756	0.30724
57 A	0.48733	0.23645	0.27622
58 A	0.44101	0.28635	0.27263
59 T	0.43627	0.29071	0.27302
60 A	0.42399	0.30278	0.27324
61 G	0.41557	0.31058	0.27385
62 C	0.41432	0.31074	0.27494
63 T	0.41326	0.31203	0.27471
64 A	0.40927	0.31594	0.27479
65 T	0.40987	0.31505	0.27508
66 T	0.40198	0.32277	0.27525
67 A	0.39443	0.32993	0.27565
68 T	0.39148	0.33003	0.27848
69 A	0.38174	0.33791	0.28034
70 G	0.37898	0.33725	0.28377
71 C	0.38156	0.33244	0.286
72 T	0.37407	0.33801	0.28792
73 A	0.35836	0.35250	0.28914
74 C	0.35595	0.35376	0.2903
75 T	0.35568	0.35389	0.29043
76 A	0.33208	0.37782	0.2901
77 T	0.31374	0.39332	0.29294
78 A	0.28474	0.42019	0.29508
79 A	0.28026	0.42247	0.29726
80 T	0.29909	0.33303	0.36787
81 T	0.29095	0.29857	0.41048
82 T	0.28044	0.30287	0.41669
83 A	0.26936	0.30439	0.42625
84 T	0.26244	0.30206	0.4355
85 T	0.25665	0.30218	0.44118
86 T	0.24402	0.31181	0.44417
87 T	0.23344	0.31858	0.44797
88 A	0.22509	0.32635	0.44855
89 C	0.21968	0.32770	0.45262
90 A	0.21534	0.34154	0.44312
91 A	0.21333	0.34607	0.4406
92 T	0.21067	0.34712	0.44221
93 G	0.20956	0.35237	0.43807
94 A	0.20876	0.38853	0.40271
95 A	0.20801	0.39641	0.39557
96 A	0.20778	0.39639	0.39584
97 A	0.20765	0.41227	0.38009
98 A	0.20765	0.43086	0.36149
99 A	0.20778	0.43998	0.35223
100 G	0.20868	0.42540	0.36592
101 A	0.21044	0.41123	0.37833
102 T	0.21282	0.42900	0.35817
103 G	0.21375	0.47367	0.31257
104 T	0.21536	0.59639	0.18825
105 T	0.21624	0.62548	0.15829
106 A	0.21671	0.64715	0.13614
107 A	0.21680	0.66587	0.11733
108 A	0.21632	0.68669	0.097
109 C	0.21666	0.69096	0.09237
110 A	0.21761	0.74130	0.04109
111 A	0.21973	0.74452	0.03574
112 A	0.22384	0.74736	0.0288
113 T	0.23401	0.73822	0.02777
114 A	0.23591	0.73784	0.02624
115 C	0.23864	0.73479	0.02656
116 A	0.24191	0.73582	0.02227
117 A	0.26305	0.71684	0.02011
118 G	0.27968	0.70029	0.02004
119 A	0.30112	0.67923	0.01965
120 A	0.33518	0.64497	0.01986
121 A	0.38711	0.59208	0.02082
122 C	0.44419	0.53387	0.02194
123 A	0.47243	0.50546	0.02211
124 C	0.50498	0.47280	0.02221
125 C	0.54591	0.43196	0.02213
126 A	0.60083	0.37710	0.02208
127 T	0.73915	0.23874	0.02212
128 T	0.78871	0.18907	0.02222
129 A	0.81665	0.16100	0.02235
130 C	0.85243	0.12431	0.02325
131 C	0.87727	0.09825	0.02448
132 T	0.88963	0.08549	0.02489
133 T	0.92773	0.04725	0.02502
134 C	0.93524	0.03975	0.025
135 T	0.94363	0.03178	0.0246
136 T	0.93734	0.03822	0.02443
137 A	0.85569	0.11921	0.0251
138 T	0.81979	0.15448	0.02574
139 T	0.63741	0.33689	0.0257
140 C	0.48891	0.48527	0.02581
141 A	0.31693	0.65940	0.02367
142 G	0.20633	0.76988	0.02378
143 A	0.17520	0.80110	0.0237
144 A	0.14615	0.83023	0.02362
145 T	0.12133	0.85515	0.02352
146 C	0.07770	0.89841	0.02389
147 A	0.05105	0.92541	0.02354
148 A	0.04753	0.92880	0.02367
149 A	0.04664	0.92958	0.02379
150 A	0.04623	0.92981	0.02396
151 T	0.04612	0.92914	0.02475
152 C	0.04594	0.92465	0.0294
153 T	0.04574	0.92390	0.03036
154 C	0.04527	0.92389	0.03084
155 A	0.04488	0.92459	0.03053
156 A	0.04447	0.92505	0.03047
157 A	0.04439	0.92428	0.03133
158 A	0.04459	0.91868	0.03673
159 T	0.04485	0.90153	0.05362
160 G	0.04496	0.78984	0.16519
161 A	0.04514	0.74910	0.20576
162 A	0.04543	0.55051	0.40406
163 A	0.04611	0.43562	0.51827
164 T	0.04816	0.27007	0.68177
165 T	0.04810	0.21267	0.73923
166 G	0.04749	0.22542	0.72709
167 A	0.04689	0.26299	0.69012
168 A	0.04617	0.28227	0.67155
169 T	0.04597	0.26635	0.68767
170 C	0.04530	0.26291	0.69179
171 A	0.04433	0.44799	0.50768
172 G	0.04383	0.52927	0.4269
173 T	0.04329	0.69182	0.26489
174 T	0.04261	0.90663	0.05075
175 A	0.04146	0.92517	0.03337
176 A	0.04079	0.93575	0.02346
177 A	0.04068	0.93665	0.02267
178 A	0.04085	0.93620	0.02294
179 C	0.04124	0.93534	0.02342
180 A	0.04201	0.93450	0.02349
181 C	0.04303	0.93340	0.02357
182 C	0.04397	0.93277	0.02326
183 A	0.04542	0.93322	0.02136
184 A	0.04921	0.93054	0.02026
185 A	0.05341	0.92657	0.02002
186 T	0.06362	0.91654	0.01983
187 G	0.07198	0.90837	0.01965
188 A	0.11947	0.86084	0.01969
189 A	0.16217	0.81761	0.02022
190 A	0.22782	0.75172	0.02046
191 T	0.29102	0.68854	0.02044
192 A	0.32003	0.65941	0.02057
193 A	0.35316	0.62569	0.02114
194 T	0.57006	0.40791	0.02202
195 A	0.60935	0.36846	0.02218
196 C	0.73726	0.23965	0.02309
197 T	0.89146	0.08512	0.02342
198 T	0.88601	0.09010	0.02389
199 T	0.85557	0.12047	0.02396
200 C	0.60031	0.37595	0.02374
201 T	0.50279	0.47427	0.02294
202 G	0.35593	0.62126	0.02281
203 A	0.25386	0.72354	0.0226
204 A	0.23961	0.73789	0.0225
205 A	0.22539	0.75217	0.02244
206 C	0.19990	0.77700	0.0231
207 T	0.18461	0.79225	0.02315
208 A	0.14134	0.83558	0.02309
209 A	0.09162	0.88532	0.02306
210 A	0.07802	0.89887	0.02311
211 C	0.07160	0.90513	0.02327
212 A	0.06215	0.91454	0.02332
213 A	0.04969	0.92611	0.0242
214 G	0.04356	0.93116	0.02527
215 A	0.04055	0.93259	0.02685
216 A	0.03770	0.93464	0.02766
217 A	0.03508	0.92934	0.03558
218 T	0.03455	0.88186	0.0836
219 T	0.03228	0.84908	0.11863
220 G	0.02999	0.81157	0.15845
221 A	0.02856	0.78468	0.18676
222 A	0.02792	0.73480	0.23728
223 C	0.02749	0.47224	0.50027
224 T	0.02682	0.39172	0.58147
225 A	0.02364	0.31101	0.66535
226 C	0.01991	0.27890	0.70118
227 A	0.01811	0.48009	0.5018
228 A	0.01737	0.59903	0.3836
229 A	0.01669	0.68258	0.30073
230 A	0.01598	0.72482	0.2592
231 G	0.01562	0.72378	0.2606
232 A	0.01553	0.79176	0.19271
233 A	0.01537	0.82847	0.15617
234 A	0.01534	0.86736	0.1173
235 A	0.01551	0.89157	0.09292
236 A	0.01555	0.90950	0.07494
237 A	0.01571	0.91282	0.07146
238 G	0.01618	0.91398	0.06984
239 A	0.01668	0.91624	0.06708
240 A	0.01723	0.91576	0.06701
241 A	0.01800	0.91707	0.06492
242 A	0.01879	0.91652	0.06469
243 T	0.02103	0.91464	0.06434
244 G	0.02278	0.91932	0.05791
245 A	0.02356	0.93390	0.04254
246 A	0.02543	0.93362	0.04095
247 G	0.03006	0.92907	0.04087
248 A	0.04025	0.91711	0.04264
249 G	0.07478	0.87955	0.04568
250 C	0.28385	0.67095	0.0452
251 A	0.42134	0.54046	0.0382
252 A	0.55731	0.40546	0.03723
253 T	0.63527	0.32728	0.03746
254 A	0.66728	0.29533	0.03739
255 T	0.74699	0.21587	0.03714
256 C	0.77884	0.18383	0.03734
257 T	0.80951	0.15396	0.03653
258 A	0.80387	0.15981	0.03632
259 T	0.81296	0.15078	0.03626
260 C	0.77779	0.18627	0.03594
261 T	0.68200	0.28405	0.03395
262 C	0.42962	0.54090	0.02948
263 A	0.24867	0.72879	0.02254
264 A	0.17348	0.80511	0.02141
265 A	0.12311	0.85568	0.0212
266 A	0.11360	0.86520	0.0212
267 A	0.11135	0.86736	0.02129
268 C	0.12192	0.85616	0.02192
269 C	0.12023	0.85771	0.02205
270 C	0.11722	0.86079	0.02199
271 A	0.10067	0.87792	0.02141
272 A	0.08706	0.89213	0.02081
273 A	0.07622	0.90391	0.01988
274 A	0.07036	0.91014	0.0195
275 T	0.06711	0.91316	0.01973
276 A	0.05458	0.92449	0.02093
277 A	0.04834	0.92622	0.02544
278 A	0.04395	0.92359	0.03246
279 A	0.03994	0.91059	0.04947
280 A	0.03877	0.88829	0.07294
281 G	0.03922	0.85313	0.10766
282 A	0.03988	0.82412	0.13599
283 A	0.04127	0.76731	0.19142
284 A	0.04363	0.66341	0.29295
285 T	0.04829	0.42501	0.52669
286 G	0.05153	0.27980	0.66867
287 A	0.05197	0.25557	0.69246
288 C	0.05211	0.23874	0.70915
289 A	0.05192	0.39635	0.55172
290 T	0.05175	0.44956	0.49869
291 T	0.05049	0.50525	0.44426
292 A	0.04879	0.54718	0.40404
293 A	0.04844	0.57207	0.37948
294 A	0.04876	0.58662	0.36462
295 A	0.04937	0.58385	0.36678
296 T	0.05052	0.57406	0.37543
297 T	0.05099	0.58102	0.36799
298 A	0.05100	0.58676	0.36225
299 T	0.05116	0.57470	0.37414
300 G	0.05045	0.57025	0.3793
301 T	0.04991	0.56822	0.38187
302 C	0.04944	0.56732	0.38323
303 C	0.04906	0.57329	0.37765
304 A	0.04866	0.59200	0.35933
305 A	0.05180	0.60567	0.34253
306 A	0.05713	0.61240	0.33047
307 G	0.06284	0.61920	0.31796
308 A	0.07303	0.63879	0.28819
309 A	0.10232	0.62415	0.27354
310 T	0.17122	0.56159	0.26719
311 A	0.21350	0.52713	0.25937
312 T	0.37232	0.36820	0.25948
313 A	0.41721	0.32295	0.25983
314 T	0.47013	0.26868	0.26119
315 T	0.48328	0.25432	0.26241
316 C	0.44780	0.28976	0.26244
317 C	0.44667	0.29145	0.26188
318 A	0.40475	0.33767	0.25758
319 A	0.39763	0.34666	0.25571
320 A	0.40006	0.34432	0.25561
321 T	0.40629	0.33813	0.25558
322 T	0.39429	0.35021	0.2555
323 A	0.36312	0.38040	0.25648
324 C	0.34076	0.40167	0.25757
325 A	0.32247	0.42029	0.25724
326 T	0.31935	0.42302	0.25763
327 G	0.32295	0.41960	0.25745
328 A	0.33473	0.40870	0.25657
329 A	0.34447	0.39920	0.25633
330 A	0.35863	0.38422	0.25716
331 T	0.38878	0.35322	0.258
332 T	0.40236	0.33912	0.25852
333 A	0.40596	0.33513	0.25891
334 T	0.41113	0.32752	0.26134
335 T	0.41073	0.32608	0.2632
336 A	0.40865	0.32526	0.26609
337 A	0.40707	0.32314	0.2698
338 A	0.40704	0.30714	0.28581
339 T	0.40768	0.26106	0.33126
340 A	0.40785	0.23934	0.35281
341 T	0.41166	0.18610	0.40223
342 T	0.41240	0.16871	0.41889
343 G	0.41086	0.15623	0.4329
344 A	0.41051	0.15445	0.43504
345 T	0.40921	0.14415	0.44663
346 G	0.40684	0.12595	0.46721
347 A	0.40555	0.11336	0.48108
348 T	0.40579	0.09860	0.49561
349 G	0.40557	0.09456	0.49988
350 T	0.40599	0.09943	0.49457
351 T	0.40606	0.10339	0.49054
352 A	0.40576	0.10752	0.48672
353 T	0.40562	0.11546	0.47892
354 T	0.40443	0.12493	0.47064
355 G	0.40360	0.13959	0.45681
356 T	0.40342	0.15487	0.44171
357 G	0.40267	0.18768	0.40965
358 A	0.40268	0.19139	0.40593
359 A	0.40314	0.19404	0.40281
360 T	0.40338	0.19415	0.40246
361 T	0.40101	0.19788	0.40111
362 C	0.39959	0.20129	0.39912
363 A	0.39846	0.20935	0.39219
364 A	0.39870	0.21601	0.38529
365 A	0.40122	0.21570	0.38308
366 T	0.40955	0.20804	0.38242
367 A	0.41355	0.20436	0.38209
368 T	0.41844	0.19780	0.38376
369 A	0.41707	0.19749	0.38544
370 T	0.42258	0.19087	0.38654
371 C	0.42387	0.18914	0.38699
372 A	0.42685	0.18620	0.38695
373 T	0.43680	0.17584	0.38737
374 T	0.43745	0.17446	0.38809
375 A	0.43019	0.18135	0.38845
376 C	0.42940	0.18178	0.38882
377 C	0.42799	0.18313	0.38888
378 A	0.42238	0.19447	0.38315
379 G	0.42761	0.19585	0.37653
380 T	0.45248	0.17301	0.37451
381 G	0.44141	0.18772	0.37087
382 T	0.43107	0.20749	0.36144
383 A	0.40516	0.23985	0.35499
384 C	0.39208	0.25333	0.35459
385 A	0.38157	0.27132	0.34711
386 A	0.37143	0.28779	0.34078
387 T	0.37264	0.29074	0.33662
388 A	0.35609	0.31607	0.32784
389 A	0.35375	0.32545	0.3208
390 A	0.35224	0.32730	0.32045
391 A	0.35075	0.32813	0.32111
392 G	0.35091	0.32289	0.3262
393 T	0.35162	0.32032	0.32806
394 A	0.35084	0.31906	0.33011
395 A	0.35079	0.31581	0.3334
396 T	0.35099	0.31086	0.33816
397 G	0.35065	0.30589	0.34345
398 A	0.35079	0.29794	0.35127
399 A	0.35134	0.28875	0.35991
400 A	0.35329	0.27562	0.37109
401 A	0.35930	0.25084	0.38986
402 G	0.36668	0.23425	0.39907
403 A	0.37115	0.22594	0.40291
404 A	0.37761	0.20631	0.41608
405 T	0.39237	0.17386	0.43377
406 T	0.40191	0.13898	0.45912
407 T	0.40592	0.12314	0.47094
408 A	0.41121	0.10952	0.47927
409 T	0.41775	0.08992	0.49233
410 A	0.42085	0.08220	0.49695
411 C	0.42816	0.05916	0.51267
412 T	0.43491	0.05685	0.50824
413 A	0.43798	0.06852	0.4935
414 T	0.44171	0.08182	0.47646
415 T	0.43947	0.12788	0.43265
416 G	0.43456	0.13706	0.42838
417 T	0.43299	0.14006	0.42695
418 T	0.42858	0.14838	0.42305
419 T	0.41522	0.16627	0.41851
420 C	0.39350	0.19296	0.41355
421 A	0.37926	0.21390	0.40684
422 A	0.36694	0.22743	0.40563
423 A	0.36169	0.23305	0.40526
424 A	0.36002	0.23474	0.40523
425 A	0.36099	0.23379	0.40521
426 C	0.36551	0.22919	0.40531
427 C	0.36848	0.22619	0.40532
428 C	0.37097	0.22369	0.40533
429 T	0.37503	0.21964	0.40533
430 T	0.37589	0.21880	0.40531
431 C	0.37644	0.21825	0.4053
432 C	0.37686	0.21785	0.40529
433 G	0.37818	0.21657	0.40525
434 A	0.38059	0.21416	0.40525
435 A	0.38923	0.20549	0.40529
436 G	0.40538	0.18914	0.40548
437 A	0.42467	0.16914	0.4062
438 T	0.47191	0.11398	0.41411
439 T	0.47863	0.09805	0.42332
440 T	0.48167	0.08817	0.43016
441 A	0.48396	0.07923	0.43681
442 T	0.48698	0.06206	0.45097
443 T	0.48903	0.04484	0.46613
444 A	0.49157	0.03412	0.47431
445 G	0.49267	0.02262	0.4847
446 G	0.49342	0.01693	0.48966
447 T	0.49397	0.01434	0.49169
448 G	0.49366	0.01531	0.49103
449 C	0.49375	0.01669	0.48956
450 T	0.49385	0.02268	0.48348
451 T	0.49392	0.03737	0.46871
452 A	0.49390	0.05351	0.45259
453 T	0.49401	0.06175	0.44424
454 T	0.49401	0.07018	0.43582
455 T	0.49380	0.07596	0.43024
456 T	0.49117	0.08017	0.42866
457 A	0.47942	0.09502	0.42557
458 T	0.47384	0.10176	0.42439
459 A	0.46487	0.11367	0.42147
460 C	0.46109	0.11905	0.41987
461 A	0.45788	0.12393	0.41819
462 T	0.45710	0.12625	0.41665
463 A	0.45422	0.12963	0.41615
464 A	0.45357	0.13061	0.41581
465 C	0.45451	0.12978	0.41571
466 T	0.45671	0.12800	0.41528
467 C	0.45742	0.12739	0.41519
468 T	0.45787	0.12719	0.41494
469 A	0.45809	0.12700	0.41492
470 A	0.45917	0.12592	0.41491
471 T	0.46234	0.12225	0.4154
472 C	0.46624	0.11817	0.41559
473 C	0.47479	0.10942	0.41579
474 T	0.49294	0.09128	0.41578
475 T	0.50703	0.07723	0.41575
476 T	0.51310	0.07145	0.41545
477 T	0.51558	0.06940	0.41502
478 A	0.51263	0.07351	0.41386
479 A	0.51188	0.07131	0.41682
480 T	0.51256	0.05929	0.42815
481 A	0.50816	0.05898	0.43286
482 T	0.50799	0.05179	0.44021
483 A	0.50291	0.05844	0.43865
484 G	0.47732	0.08704	0.43564
485 A	0.46346	0.10801	0.42852
486 A	0.45716	0.11218	0.43066
487 T	0.45324	0.11454	0.43222
488 A	0.45096	0.11639	0.43265
489 T	0.45057	0.11630	0.43314
490 C	0.44837	0.11788	0.43375
491 C	0.44670	0.11983	0.43347
492 T	0.44491	0.12226	0.43284
493 T	0.43652	0.13143	0.43205
494 C	0.40846	0.16165	0.4299
495 T	0.36565	0.21033	0.42402
496 G	0.28659	0.29532	0.41809
497 A	0.22285	0.36073	0.41642
498 A	0.19267	0.39298	0.41435
499 A	0.16592	0.42111	0.41297
500 A	0.15655	0.42813	0.41532
501 C	0.15239	0.42660	0.42101
502 A	0.14847	0.42943	0.42209
503 A	0.14666	0.43036	0.42298
504 T	0.14786	0.42571	0.42643
505 A	0.14732	0.42507	0.42761
506 A	0.14969	0.41859	0.43172
507 A	0.15325	0.38694	0.45981
508 T	0.15871	0.36480	0.47648
509 A	0.15504	0.36119	0.48378
510 C	0.15268	0.35796	0.48936
511 G	0.15082	0.36155	0.48763
512 A	0.15036	0.36461	0.48503
513 A	0.15034	0.36597	0.48369
514 T	0.15175	0.36343	0.48482
515 T	0.15260	0.36539	0.48201
516 A	0.15246	0.36757	0.47997
517 A	0.15277	0.34038	0.50685
518 T	0.15636	0.29112	0.55252
519 A	0.15751	0.22324	0.61924
520 G	0.15876	0.16589	0.67535
521 A	0.16107	0.14777	0.69116
522 T	0.16326	0.13097	0.70578
523 T	0.16394	0.12928	0.70678
524 T	0.16419	0.13571	0.7001
525 A	0.16382	0.14368	0.6925
526 T	0.16405	0.14988	0.68606
527 T	0.16351	0.16452	0.67196
528 A	0.16159	0.20213	0.63628
529 A	0.15942	0.24131	0.59928
530 A	0.15733	0.25174	0.59093
531 A	0.15362	0.27015	0.57623
532 A	0.14819	0.28557	0.56624
533 A	0.14770	0.29597	0.55633
534 C	0.15053	0.29518	0.5543
535 G	0.15284	0.30340	0.54376
536 A	0.15690	0.30889	0.53421
537 A	0.15906	0.31316	0.52779
538 A	0.16377	0.30862	0.52761
539 T	0.18079	0.29105	0.52815
540 A	0.18428	0.28589	0.52983
541 T	0.18896	0.27907	0.53196
542 C	0.19123	0.27406	0.53471
543 G	0.19411	0.27080	0.5351
544 A	0.20058	0.26408	0.53534
545 T	0.21190	0.25245	0.53564
546 C	0.21746	0.24665	0.53589
547 T	0.22698	0.23706	0.53596
548 C	0.23176	0.23149	0.53675
549 C	0.23634	0.22698	0.53668
550 G	0.24206	0.22121	0.53673
551 A	0.26498	0.19807	0.53695
552 A	0.29346	0.16853	0.53801
553 G	0.30609	0.15428	0.53963
554 C	0.32897	0.12766	0.54337
555 C	0.34973	0.10043	0.54983
556 T	0.36879	0.08067	0.55055
557 A	0.37416	0.07460	0.55124
558 T	0.38489	0.06276	0.55235
559 A	0.38983	0.05763	0.55254
560 T	0.39472	0.04973	0.55555
561 C	0.39534	0.04308	0.56158
562 T	0.39597	0.04043	0.56359
563 T	0.39440	0.03841	0.56719
564 C	0.39204	0.03997	0.56798
565 T	0.39009	0.04308	0.56684
566 G	0.38002	0.05614	0.56384
567 G	0.36821	0.07220	0.55959
568 G	0.36068	0.08633	0.55298
569 A	0.35392	0.10936	0.53671
570 G	0.34295	0.12965	0.52741
571 T	0.33900	0.14406	0.51694
572 T	0.33074	0.18724	0.48201
573 A	0.31981	0.20751	0.47268
574 A	0.31140	0.22240	0.46621
575 A	0.30467	0.23316	0.46217
576 A	0.29259	0.24981	0.4576
577 C	0.28422	0.26254	0.45324
578 A	0.26882	0.29118	0.43999
579 A	0.24934	0.31340	0.43726
580 A	0.22773	0.33556	0.43671
581 A	0.19865	0.36501	0.43634
582 A	0.18992	0.37316	0.43692
583 C	0.18573	0.37393	0.44033
584 C	0.17891	0.37940	0.44169
585 A	0.17098	0.38762	0.4414
586 C	0.16756	0.39073	0.44172
587 A	0.16376	0.39499	0.44125
588 A	0.16311	0.39583	0.44106
589 G	0.15915	0.39326	0.44759
590 A	0.15507	0.38699	0.45794
591 C	0.16019	0.37414	0.46567
592 A	0.17594	0.35065	0.4734
593 C	0.18967	0.32376	0.48657
594 A	0.20191	0.31343	0.48466
595 A	0.23336	0.28234	0.4843
596 C	0.24271	0.27320	0.48409
597 T	0.25053	0.26516	0.48431
598 A	0.23704	0.28024	0.48271
599 A	0.22874	0.27695	0.49431
600 A	0.22757	0.27184	0.50059
601 C	0.22316	0.26450	0.51234
602 A	0.22281	0.24716	0.53003
603 A	0.22360	0.22394	0.55246
604 T	0.22526	0.19434	0.5804
605 A	0.22469	0.19412	0.58119
606 C	0.22439	0.19898	0.57663
607 A	0.22327	0.23199	0.54474
608 T	0.22350	0.25313	0.52336
609 A	0.22350	0.25601	0.52049
610 G	0.22412	0.25948	0.5164
611 A	0.22456	0.26078	0.51466
612 A	0.22470	0.25311	0.5222
613 C	0.22476	0.23970	0.53554
614 A	0.22405	0.23994	0.53601
615 C	0.22031	0.24364	0.53605
616 G	0.21838	0.26511	0.51651
617 A	0.22247	0.27976	0.49776
618 A	0.22724	0.28834	0.48441
619 A	0.23338	0.28665	0.47997
620 T	0.24007	0.27686	0.48306
621 T	0.24575	0.25233	0.50192
622 G	0.24522	0.24079	0.51399
623 A	0.24536	0.23491	0.51973
624 C	0.24698	0.21822	0.53481
625 C	0.24579	0.21822	0.53598
626 A	0.24547	0.21899	0.53555
627 C	0.25212	0.21208	0.5358
628 G	0.26044	0.20358	0.53598
629 G	0.26473	0.19910	0.53617
630 C	0.29488	0.16809	0.53703
631 C	0.31843	0.14479	0.53678
632 C	0.31694	0.14919	0.53388
633 A	0.31368	0.17206	0.51425
634 G	0.31451	0.17751	0.50798
635 T	0.31690	0.17739	0.50571
636 A	0.29894	0.19818	0.50288
637 A	0.28526	0.21183	0.50291
638 A	0.27873	0.21308	0.50819
639 C	0.27409	0.21383	0.51209
640 A	0.25797	0.23053	0.5115
641 A	0.22747	0.26253	0.51
642 C	0.21354	0.27598	0.51048
643 A	0.19754	0.29258	0.50988
644 T	0.19035	0.29977	0.50988
645 G	0.17225	0.31532	0.51243
646 C	0.16325	0.32316	0.51358
647 A	0.15676	0.33003	0.51321
648 A	0.15270	0.33112	0.51619
649 C	0.14995	0.33032	0.51973
650 A	0.14291	0.33664	0.52045
651 A	0.13279	0.34614	0.52107
652 G	0.12501	0.34754	0.52745
653 C	0.12459	0.34170	0.53371
654 A	0.12405	0.34197	0.53397
655 A	0.12708	0.33017	0.54275
656 C	0.14494	0.29919	0.55587
657 T	0.15013	0.29410	0.55576
658 G	0.14944	0.29577	0.55478
659 A	0.14978	0.28400	0.56623
660 A	0.14901	0.27211	0.57888
661 G	0.14178	0.27131	0.58691
662 A	0.12463	0.26998	0.6054
663 A	0.12111	0.24489	0.634
664 T	0.12206	0.20526	0.67269
665 G	0.12060	0.19604	0.68335
666 G	0.12023	0.20669	0.67307
667 A	0.11941	0.25827	0.62232
668 T	0.11903	0.28137	0.5996
669 T	0.11763	0.30821	0.57416
670 A	0.11565	0.33102	0.55334
671 A	0.11449	0.33253	0.55298
672 A	0.11310	0.33329	0.55361
673 A	0.11295	0.32870	0.55835
674 A	0.11321	0.31762	0.56917
675 C	0.11337	0.30849	0.57814
676 A	0.11391	0.30752	0.57858
677 A	0.11565	0.30493	0.57941
678 C	0.11733	0.30235	0.58032
679 G	0.11894	0.30242	0.57865
680 T	0.12303	0.30062	0.57635
681 T	0.12603	0.29873	0.57524
682 A	0.12884	0.30148	0.56969
683 A	0.13135	0.30116	0.56749
684 A	0.13509	0.29052	0.57439
685 G	0.14499	0.26348	0.59153
686 G	0.15980	0.24682	0.59338
687 T	0.18475	0.23006	0.58519
688 A	0.19160	0.24504	0.56336
689 A	0.21528	0.24132	0.54339
690 T	0.26582	0.19451	0.53967
691 A	0.28306	0.17785	0.53909
692 T	0.29672	0.16282	0.54046
693 A	0.29064	0.16794	0.54143
694 A	0.26643	0.19207	0.54151
695 C	0.24959	0.20758	0.54283
696 C	0.20848	0.24884	0.54268
697 A	0.15344	0.30533	0.54123
698 G	0.13412	0.32486	0.54102
699 C	0.12617	0.33300	0.54083
700 A	0.11898	0.34080	0.54021
701 A	0.11507	0.34474	0.54019
702 C	0.11367	0.34599	0.54033
703 G	0.10952	0.35020	0.54028
704 A	0.10881	0.35099	0.5402
705 C	0.11353	0.34537	0.5411
706 A	0.11550	0.34344	0.54105
707 A	0.11737	0.34140	0.54123
708 A	0.12047	0.33701	0.54253
709 A	0.12483	0.33099	0.54418
710 A	0.13414	0.31916	0.54671
711 C	0.15502	0.27988	0.5651
712 T	0.17373	0.25545	0.57083
713 G	0.17683	0.24500	0.57818
714 G	0.17828	0.23398	0.58775
715 G	0.17889	0.22513	0.59599
716 G	0.18006	0.21089	0.60906
717 T	0.18205	0.18163	0.63632
718 A	0.18190	0.16231	0.65578
719 A	0.18276	0.11927	0.69797
720 C	0.18457	0.05715	0.75828
721 T	0.18530	0.04210	0.7726
722 G	0.18554	0.04161	0.77285
723 T	0.18617	0.04772	0.7661
724 A	0.18605	0.06096	0.75299
725 T	0.18614	0.06225	0.75161
726 T	0.18601	0.06790	0.74609
727 G	0.18528	0.08522	0.7295
728 T	0.18510	0.12021	0.69469
729 C	0.18464	0.18191	0.63345
730 A	0.18220	0.22614	0.59166
731 A	0.18117	0.23489	0.58394
732 A	0.18054	0.23827	0.58119
733 T	0.17997	0.23941	0.58062
734 C	0.17971	0.24090	0.57939
735 C	0.17965	0.24266	0.57769
736 A	0.17923	0.24927	0.5715
737 C	0.17954	0.24932	0.57114
738 T	0.18024	0.24962	0.57013
739 G	0.17928	0.25092	0.5698
740 A	0.17840	0.25223	0.56936
741 C	0.17832	0.25206	0.56962
742 T	0.17895	0.25250	0.56854
743 C	0.17795	0.25380	0.56825
744 A	0.17827	0.25532	0.5664
745 A	0.17999	0.25460	0.56541
746 A	0.18624	0.24846	0.5653
747 C	0.19585	0.23869	0.56546
748 A	0.19882	0.23629	0.56489
749 A	0.21760	0.21723	0.56517
750 C	0.24349	0.19045	0.56606
751 A	0.27142	0.16257	0.56601
752 A	0.32005	0.11363	0.56632
753 C	0.35763	0.07373	0.56864
754 T	0.36737	0.06324	0.56938
755 A	0.37003	0.06001	0.56995
756 C	0.37260	0.05665	0.57075
757 C	0.37306	0.05617	0.57077
758 A	0.36362	0.06571	0.57068
759 T	0.35992	0.06907	0.57101
760 T	0.34609	0.08240	0.5715
761 A	0.30447	0.12397	0.57156
762 C	0.27252	0.15484	0.57264
763 A	0.24006	0.18613	0.57381
764 C	0.21116	0.21308	0.57576
765 A	0.19416	0.22950	0.57634
766 A	0.18463	0.23768	0.5777
767 T	0.17544	0.24695	0.5776
768 C	0.15770	0.26471	0.5776
769 A	0.12992	0.29895	0.57113
770 A	0.10602	0.32230	0.57168
771 A	0.09842	0.32695	0.57463
772 T	0.09174	0.33089	0.57738
773 G	0.07692	0.34482	0.57826
774 C	0.07163	0.34559	0.58278
775 C	0.06768	0.35034	0.58198
776 A	0.05800	0.36451	0.57749
777 A	0.05237	0.37380	0.57384
778 G	0.04910	0.37822	0.57268
779 A	0.04466	0.38420	0.57113
780 A	0.04111	0.38737	0.57151
781 A	0.03960	0.37354	0.58687
782 A	0.03912	0.36055	0.60033
783 A	0.03873	0.34325	0.61802
784 G	0.03827	0.30637	0.65535
785 A	0.03811	0.28257	0.67932
786 A	0.03819	0.25933	0.70247
787 G	0.03801	0.23799	0.724
788 A	0.03815	0.23261	0.72924
789 A	0.03877	0.22275	0.73848
790 A	0.04000	0.20965	0.75036
791 A	0.04197	0.18950	0.76852
792 A	0.04808	0.15633	0.79559
793 C	0.04997	0.12866	0.82137
794 A	0.05096	0.12795	0.82109
795 A	0.05259	0.12908	0.81833
796 T	0.05618	0.11682	0.82701
797 T	0.05845	0.11560	0.82595
798 T	0.06014	0.12134	0.81852
799 T	0.06246	0.12577	0.81177
800 T	0.06427	0.12289	0.81284
801 A	0.06431	0.12904	0.80665
802 A	0.06485	0.13132	0.80383
803 T	0.06657	0.12861	0.80483
804 C	0.06734	0.13099	0.80168
805 A	0.06837	0.14107	0.79056
806 A	0.07170	0.14677	0.78154
807 T	0.07785	0.14502	0.77712
808 T	0.08327	0.14469	0.77203
809 T	0.08511	0.14423	0.77066
810 A	0.08617	0.14337	0.77046
811 G	0.09027	0.13893	0.77079
812 G	0.08617	0.14288	0.77094
813 C	0.08463	0.14447	0.7709
814 C	0.08612	0.14338	0.7705
815 C	0.08669	0.14485	0.76846
816 A	0.08853	0.14933	0.76214
817 G	0.09547	0.14682	0.75771
818 T	0.10562	0.13734	0.75703
819 A	0.10638	0.13756	0.75607
820 A	0.10597	0.13882	0.7552
821 A	0.11069	0.13381	0.75549
822 C	0.11768	0.12643	0.7559
823 A	0.11093	0.13369	0.75539
824 A	0.10924	0.13584	0.75491
825 C	0.11252	0.13212	0.75536
826 A	0.10765	0.13744	0.7549
827 T	0.10769	0.13747	0.75484
828 G	0.09867	0.14609	0.75524
829 C	0.09834	0.14619	0.75547
830 A	0.09374	0.15084	0.75541
831 A	0.09076	0.15276	0.75647
832 C	0.08691	0.15450	0.7586
833 A	0.07971	0.16063	0.75966
834 A	0.07277	0.16656	0.76067
835 G	0.06762	0.16598	0.7664
836 C	0.06707	0.16276	0.77016
837 C	0.06584	0.16320	0.77097
838 A	0.06637	0.16184	0.77179
839 C	0.07129	0.15590	0.7728
840 T	0.07450	0.15388	0.77161
841 G	0.07221	0.15737	0.77042
842 A	0.07119	0.15811	0.7707
843 A	0.07079	0.15291	0.7763
844 G	0.06741	0.15349	0.7791
845 A	0.06388	0.14891	0.78721
846 A	0.06296	0.14074	0.7963
847 T	0.06354	0.13206	0.8044
848 A	0.06274	0.13132	0.80594
849 T	0.06253	0.12895	0.80852
850 A	0.06104	0.13444	0.80452
851 T	0.06045	0.12774	0.8118
852 T	0.05933	0.13343	0.80724
853 A	0.05814	0.13745	0.8044
854 A	0.05769	0.13329	0.80902
855 A	0.05720	0.12961	0.81319
856 A	0.05633	0.12315	0.82052
857 A	0.05612	0.11610	0.82779
858 C	0.05596	0.10998	0.83406
859 A	0.05583	0.10908	0.83509
860 A	0.05610	0.10697	0.83694
861 C	0.05701	0.10406	0.83894
862 G	0.05789	0.10404	0.83807
863 T	0.05964	0.10422	0.83614
864 T	0.06079	0.10370	0.83551
865 A	0.06089	0.10874	0.83037
866 A	0.06130	0.10926	0.82944
867 A	0.06306	0.10457	0.83237
868 G	0.06592	0.09814	0.83594
869 G	0.07191	0.09001	0.83807
870 T	0.08298	0.07830	0.83872
871 A	0.08911	0.07192	0.83897
872 T	0.09816	0.06195	0.83989
873 C	0.10307	0.05569	0.84125
874 A	0.10627	0.05319	0.84053
875 T	0.11206	0.04684	0.84111
876 T	0.11367	0.04510	0.84123
877 A	0.10955	0.04995	0.8405
878 T	0.10687	0.05234	0.8408
879 C	0.09892	0.05945	0.84163
880 G	0.08613	0.07256	0.84132
881 A	0.07746	0.08119	0.84135
882 C	0.07206	0.08651	0.84143
883 A	0.06858	0.09013	0.84129
884 A	0.06745	0.09130	0.84124
885 C	0.06906	0.08961	0.84133
886 A	0.07150	0.08721	0.8413
887 A	0.07437	0.08434	0.84129
888 T	0.08020	0.07788	0.84193
889 A	0.08131	0.07644	0.84224
890 A	0.08218	0.07516	0.84266
891 T	0.08326	0.07237	0.84437
892 A	0.08342	0.07107	0.84551
893 A	0.08378	0.06924	0.84698
894 T	0.08490	0.06558	0.84952
895 T	0.08534	0.06342	0.85123
896 G	0.08549	0.05992	0.85459
897 G	0.08635	0.05592	0.85773
898 G	0.08664	0.05291	0.86045
899 G	0.08726	0.04866	0.86408
900 T	0.08832	0.04381	0.86786
901 A	0.08843	0.04088	0.87068
902 A	0.08861	0.03359	0.8778
903 T	0.08914	0.02068	0.89018
904 T	0.08924	0.01276	0.898
905 G	0.08928	0.00819	0.90254
906 T	0.08941	0.00589	0.9047
907 T	0.08942	0.00626	0.90432
908 T	0.08935	0.00720	0.90345
909 G	0.08891	0.00859	0.90251
910 G	0.08855	0.01107	0.90038
911 T	0.08845	0.01422	0.89733
912 T	0.08827	0.02025	0.89148
913 G	0.08800	0.02353	0.88847
914 T	0.08787	0.02412	0.88802
915 A	0.08765	0.02462	0.88773
916 T	0.08689	0.02542	0.88769
917 C	0.08624	0.02616	0.88761
918 C	0.08583	0.02679	0.88737
919 A	0.08558	0.02774	0.88668
920 C	0.08542	0.02800	0.88658
921 T	0.08526	0.02833	0.88641
922 G	0.08495	0.02872	0.88633
923 A	0.08501	0.02876	0.88623
924 C	0.08510	0.02868	0.88622
925 A	0.08523	0.02860	0.88617
926 C	0.08554	0.02832	0.88614
927 T	0.08618	0.02779	0.88604
928 A	0.08649	0.02759	0.88592
929 A	0.08740	0.02668	0.88592
930 T	0.08967	0.02436	0.88597
931 T	0.09061	0.02336	0.88603
932 A	0.09108	0.02244	0.88648
933 C	0.09277	0.02025	0.88697
934 A	0.09488	0.01812	0.88701
935 G	0.09929	0.01356	0.88715
936 T	0.10220	0.01057	0.88724
937 T	0.10266	0.01002	0.88732
938 A	0.10264	0.00992	0.88744
939 T	0.10273	0.00887	0.88841
940 G	0.10260	0.00833	0.88907
941 C	0.10264	0.00790	0.88946
942 A	0.10299	0.00742	0.88958
943 T	0.10314	0.00714	0.88973
944 A	0.10238	0.00778	0.88983
945 C	0.10190	0.00801	0.89008
946 T	0.10096	0.00914	0.8899
947 T	0.09864	0.01187	0.88949
948 A	0.09493	0.01715	0.88793
949 A	0.09257	0.02009	0.88734
950 T	0.09080	0.02228	0.88692
951 T	0.08570	0.02780	0.88649
952 A	0.07661	0.03758	0.88582
953 A	0.07123	0.04350	0.88527
954 A	0.06724	0.04791	0.88485
955 T	0.06468	0.04986	0.88546
956 G	0.06163	0.05264	0.88573
957 T	0.06068	0.05324	0.88608
958 A	0.05937	0.05434	0.88629
959 C	0.05848	0.05494	0.88658
960 T	0.05801	0.05541	0.88658
961 C	0.05751	0.05598	0.88651
962 A	0.05716	0.05674	0.8861
963 A	0.05699	0.05732	0.88569
964 T	0.05688	0.05792	0.8852
965 T	0.05668	0.05832	0.885
966 A	0.05644	0.05883	0.88474
967 G	0.05639	0.05795	0.88566
968 A	0.05640	0.05736	0.88624
969 A	0.05661	0.05587	0.88752
970 A	0.05724	0.05260	0.89017
971 T	0.05909	0.04691	0.89399
972 A	0.05975	0.04349	0.89676
973 A	0.06027	0.04067	0.89906
974 T	0.06109	0.03385	0.90506
975 A	0.06173	0.02582	0.91245
976 G	0.06231	0.02060	0.91709
977 A	0.06312	0.01656	0.92032
978 T	0.06338	0.01386	0.92276
979 T	0.06353	0.01176	0.9247
980 T	0.06347	0.01256	0.92397
981 A	0.06292	0.01435	0.92273
982 G	0.06245	0.01651	0.92104
983 A	0.06216	0.02274	0.9151
984 T	0.06222	0.02948	0.9083
985 G	0.06243	0.03108	0.90649
986 A	0.06256	0.03404	0.9034
987 T	0.06278	0.03411	0.90311
988 T	0.06262	0.03447	0.90291
989 C	0.06191	0.03508	0.90301
990 T	0.06123	0.03592	0.90286
991 C	0.06010	0.03712	0.90277
992 T	0.05942	0.03784	0.90274
993 C	0.05789	0.03937	0.90273
994 G	0.05625	0.04102	0.90273
995 A	0.05439	0.04288	0.90273
996 C	0.05343	0.04383	0.90273
997 C	0.05273	0.04455	0.90272
998 C	0.05241	0.04490	0.90268
999 T	0.05224	0.04510	0.90266
1000 A	0.05105	0.04633	0.90261
1001 A	0.05022	0.04721	0.90257
1002 A	0.04969	0.04778	0.90253
1003 C	0.05049	0.04685	0.90266
1004 A	0.05089	0.04600	0.90312
1005 A	0.05228	0.04418	0.90354
1006 A	0.05753	0.03857	0.9039
1007 C	0.06354	0.03230	0.90416
1008 A	0.06484	0.03103	0.90413
1009 A	0.06764	0.02775	0.9046
1010 T	0.06819	0.02649	0.90532
1011 T	0.06754	0.02636	0.9061
1012 C	0.06423	0.02885	0.90692
1013 T	0.06207	0.03114	0.90679
1014 T	0.06029	0.03294	0.90677
1015 G	0.05571	0.03784	0.90644
1016 A	0.05350	0.03998	0.90653
1017 T	0.05132	0.04144	0.90725
1018 T	0.04636	0.04472	0.90892
1019 G	0.04237	0.04850	0.90913
1020 G	0.04051	0.05141	0.90808
1021 A	0.03925	0.05617	0.90457
1022 A	0.03867	0.05787	0.90346
1023 A	0.03828	0.05818	0.90354
1024 A	0.03800	0.05828	0.90371
1025 A	0.03779	0.05756	0.90465
1026 A	0.03765	0.05672	0.90563
1027 G	0.03760	0.05518	0.90722
1028 A	0.03762	0.05441	0.90797
1029 A	0.03763	0.05367	0.9087
1030 A	0.03766	0.05304	0.90929
1031 A	0.03766	0.05214	0.91019
1032 T	0.03781	0.05116	0.91103
1033 A	0.03787	0.05055	0.91159
1034 A	0.03817	0.04881	0.91302
1035 G	0.03896	0.04377	0.91728
1036 T	0.04078	0.03953	0.91969
1037 T	0.04148	0.03659	0.92193
1038 T	0.04143	0.03292	0.92564
1039 A	0.03847	0.03423	0.92729
1040 T	0.03658	0.03374	0.92967
1041 C	0.03441	0.03175	0.93383
1042 G	0.03306	0.03125	0.93569
1043 A	0.03437	0.02920	0.93643
1044 T	0.03820	0.02464	0.93716
1045 T	0.03858	0.02389	0.93754
1046 C	0.03677	0.02548	0.93775
1047 T	0.03592	0.02650	0.93759
1048 C	0.03445	0.02824	0.93731
1049 A	0.03360	0.02948	0.93692
1050 A	0.03285	0.03059	0.93657
1051 T	0.03278	0.03092	0.93631
1052 A	0.03207	0.03203	0.9359
1053 C	0.02936	0.03502	0.93561
1054 G	0.02672	0.03822	0.93506
1055 A	0.02415	0.04203	0.93382
1056 A	0.02243	0.04408	0.93349
1057 G	0.02224	0.04435	0.93341
1058 G	0.02225	0.04461	0.93314
1059 T	0.02320	0.04401	0.93279
1060 A	0.02322	0.04508	0.9317
1061 A	0.02342	0.04489	0.93169
1062 A	0.02354	0.04203	0.93442
1063 T	0.02343	0.03984	0.93673
1064 G	0.02255	0.03970	0.93775
1065 G	0.01998	0.04325	0.93677
1066 G	0.01843	0.04573	0.93583
1067 A	0.01700	0.05036	0.93264
1068 A	0.01592	0.05454	0.92953
1069 A	0.01558	0.05595	0.92847
1070 C	0.01569	0.05538	0.92893
1071 A	0.01575	0.06172	0.92253
1072 A	0.01598	0.06839	0.91564
1073 A	0.01630	0.07119	0.91251
1074 A	0.01651	0.07426	0.90923
1075 A	0.01706	0.07351	0.90943
1076 T	0.01770	0.06955	0.91275
1077 A	0.01823	0.06644	0.91533
1078 T	0.01926	0.06257	0.91817
1079 C	0.01941	0.06071	0.91988
1080 A	0.01952	0.06049	0.91999
1081 A	0.01973	0.06012	0.92015
1082 C	0.02018	0.05955	0.92028
1083 T	0.02134	0.05843	0.92023
1084 A	0.02181	0.05808	0.92011
1085 A	0.02240	0.05766	0.91995
1086 A	0.02300	0.05686	0.92013
1087 G	0.02433	0.05467	0.92099
1088 A	0.02674	0.04944	0.92381
1089 A	0.02822	0.04594	0.92584
1090 G	0.03213	0.04029	0.92758
1091 C	0.03829	0.03297	0.92874
1092 T	0.04369	0.02747	0.92884
1093 A	0.04539	0.02570	0.92891
1094 A	0.05129	0.01964	0.92907
1095 T	0.05734	0.01344	0.92923
1096 A	0.05920	0.01148	0.92931
1097 T	0.06193	0.00836	0.92971
1098 T	0.06201	0.00805	0.92994
1099 C	0.06127	0.00866	0.93006
1100 T	0.06040	0.00958	0.93002
1101 T	0.05883	0.01114	0.93004
1102 T	0.05658	0.01331	0.93011
1103 T	0.05061	0.01923	0.93016
1104 A	0.04503	0.02477	0.9302
1105 C	0.04129	0.02820	0.93052
1106 C	0.03666	0.03275	0.93059
1107 A	0.03405	0.03537	0.93058
1108 T	0.03355	0.03587	0.93058
1109 T	0.03202	0.03740	0.93059
1110 A	0.02812	0.04131	0.93057
1111 A	0.02594	0.04343	0.93063
1112 T	0.02490	0.04394	0.93116
1113 A	0.02330	0.04529	0.93141
1114 A	0.02174	0.04674	0.93152
1115 T	0.02045	0.04778	0.93176
1116 A	0.01873	0.04922	0.93205
1117 A	0.01796	0.04964	0.93241
1118 T	0.01776	0.04924	0.933
1119 A	0.01737	0.04916	0.93346
1120 G	0.01720	0.04874	0.93406
1121 A	0.01712	0.04807	0.9348
1122 T	0.01715	0.04617	0.93667
1123 G	0.01715	0.04408	0.93877
1124 T	0.01712	0.04216	0.94073
1125 A	0.01700	0.04083	0.94218
1126 G	0.01698	0.03613	0.94689
1127 A	0.01700	0.03186	0.95115
1128 T	0.01705	0.02782	0.95513
1129 T	0.01708	0.02382	0.9591
1130 T	0.01713	0.02292	0.95996
1131 T	0.01712	0.02431	0.95856
1132 A	0.01707	0.02608	0.95685
1133 A	0.01702	0.02446	0.95852
1134 A	0.01688	0.02348	0.95964
1135 G	0.01685	0.02349	0.95967
1136 A	0.01688	0.02313	0.96
1137 A	0.01695	0.02238	0.96067
1138 G	0.01702	0.02188	0.96111
1139 G	0.01719	0.02074	0.96207
1140 T	0.01734	0.02158	0.96109
1141 A	0.01728	0.02538	0.95734
1142 A	0.01701	0.03069	0.9523
1143 A	0.01669	0.03604	0.94726
1144 A	0.01676	0.03682	0.94642
1145 T	0.01683	0.03696	0.94621
1146 A	0.01670	0.03707	0.94624
1147 A	0.01680	0.03688	0.94632
1148 C	0.01709	0.03646	0.94645
1149 A	0.01729	0.03623	0.94648
1150 C	0.01778	0.03573	0.9465
1151 C	0.01832	0.03518	0.94651
1152 A	0.01938	0.03412	0.9465
1153 C	0.02093	0.03256	0.94651
1154 C	0.02310	0.03038	0.94653
1155 T	0.02564	0.02783	0.94654
1156 A	0.02656	0.02688	0.94656
1157 C	0.02756	0.02576	0.94668
1158 T	0.02867	0.02463	0.9467
1159 C	0.02924	0.02401	0.94675
1160 G	0.02992	0.02328	0.94681
1161 T	0.03146	0.02170	0.94683
1162 G	0.03199	0.02115	0.94686
1163 A	0.03329	0.01980	0.94692
1164 A	0.03662	0.01637	0.94701
1165 A	0.04171	0.01080	0.94749
1166 C	0.04682	0.00511	0.94806
1167 T	0.04840	0.00342	0.94818
1168 A	0.04876	0.00297	0.94827
1169 T	0.04897	0.00256	0.94847
1170 T	0.04899	0.00246	0.94855
1171 G	0.04897	0.00242	0.94862
1172 A	0.04896	0.00217	0.94887
1173 T	0.04896	0.00188	0.94917
1174 T	0.04887	0.00181	0.94932
1175 T	0.04871	0.00190	0.94939
1176 T	0.04839	0.00218	0.94943
1177 G	0.04793	0.00260	0.94947
1178 A	0.04779	0.00271	0.94951
1179 T	0.04774	0.00260	0.94966
1180 G	0.04767	0.00256	0.94978
1181 T	0.04764	0.00248	0.94987
1182 T	0.04762	0.00235	0.95004
1183 T	0.04758	0.00223	0.95019
1184 C	0.04750	0.00223	0.95027
1185 T	0.04745	0.00225	0.95029
1186 T	0.04741	0.00227	0.95032
1187 T	0.04738	0.00229	0.95034
1188 A	0.04714	0.00252	0.95034
1189 T	0.04699	0.00267	0.95034
1190 C	0.04689	0.00273	0.95038
1191 A	0.04675	0.00289	0.95035
1192 A	0.04668	0.00300	0.95032
1193 T	0.04666	0.00300	0.95035
1194 A	0.04663	0.00300	0.95037
1195 G	0.04661	0.00297	0.95042
1196 T	0.04661	0.00277	0.95062
1197 G	0.04658	0.00257	0.95085
1198 T	0.04659	0.00242	0.95099
1199 T	0.04657	0.00229	0.95113
1200 T	0.04650	0.00237	0.95113
1201 A	0.04623	0.00268	0.9511
1202 A	0.04598	0.00297	0.95104
1203 T	0.04583	0.00315	0.95102
1204 T	0.04573	0.00344	0.95083
1205 C	0.04557	0.00375	0.95068
1206 A	0.04535	0.00435	0.9503
1207 T	0.04523	0.00481	0.94995
1208 T	0.04502	0.00507	0.94991
1209 T	0.04441	0.00575	0.94984
1210 A	0.04327	0.00695	0.94978
1211 A	0.04288	0.00711	0.95001
1212 C	0.04267	0.00717	0.95016
1213 G	0.04256	0.00728	0.95017
1214 A	0.04237	0.00748	0.95015
1215 T	0.04229	0.00755	0.95016
1216 T	0.04208	0.00781	0.95011
1217 T	0.04181	0.00813	0.95007
1218 A	0.04144	0.00850	0.95006
1219 A	0.04128	0.00867	0.95005
1220 A	0.04122	0.00868	0.95009
1221 T	0.04125	0.00860	0.95016
1222 A	0.04125	0.00854	0.95021
1223 A	0.04149	0.00819	0.95031
1224 A	0.04163	0.00777	0.95059
1225 A	0.04176	0.00735	0.95089
1226 C	0.04198	0.00687	0.95114
1227 T	0.04238	0.00636	0.95126
1228 T	0.04260	0.00595	0.95144
1229 A	0.04285	0.00546	0.95169
1230 T	0.04316	0.00492	0.95192
1231 C	0.04324	0.00464	0.95211
1232 T	0.04334	0.00396	0.9527
1233 T	0.04341	0.00296	0.95363
1234 A	0.04345	0.00261	0.95394
1235 T	0.04351	0.00236	0.95413
1236 T	0.04357	0.00222	0.95421
1237 T	0.04361	0.00187	0.95452
1238 G	0.04350	0.00178	0.95472
1239 T	0.04312	0.00206	0.95482
1240 T	0.04230	0.00282	0.95488
1241 G	0.04070	0.00454	0.95475
1242 T	0.03896	0.00694	0.9541
1243 A	0.03510	0.01174	0.95316
1244 G	0.03369	0.01356	0.95275
1245 T	0.03291	0.01445	0.95265
1246 G	0.03106	0.01663	0.95231
1247 A	0.02996	0.01828	0.95177
1248 T	0.02943	0.01883	0.95174
1249 C	0.02820	0.02008	0.95171
1250 A	0.02740	0.02093	0.95166
1251 T	0.02691	0.02144	0.95165
1252 C	0.02550	0.02285	0.95165
1253 A	0.02427	0.02408	0.95165
1254 A	0.02315	0.02520	0.95164
1255 C	0.02235	0.02600	0.95164
1256 C	0.02177	0.02660	0.95163
1257 T	0.02110	0.02728	0.95162
1258 A	0.02019	0.02822	0.95159
1259 A	0.01976	0.02866	0.95158
1260 A	0.01964	0.02878	0.95158
1261 A	0.01969	0.02861	0.9517
1262 T	0.01996	0.02761	0.95243
1263 A	0.02012	0.02643	0.95344
1264 A	0.02044	0.02439	0.95516
1265 A	0.02106	0.02195	0.95699
1266 T	0.02192	0.01747	0.96061
1267 G	0.02208	0.01628	0.96164
1268 A	0.02208	0.01624	0.96169
1269 A	0.02232	0.01476	0.96292
1270 T	0.02272	0.01338	0.96389
1271 T	0.02251	0.01307	0.96442
1272 T	0.02224	0.01245	0.9653
1273 A	0.02179	0.01277	0.96544
1274 A	0.02153	0.01295	0.96552
1275 A	0.02139	0.01244	0.96616
1276 A	0.02122	0.01175	0.96703
1277 G	0.02084	0.01094	0.96822
1278 T	0.02063	0.01026	0.9691
1279 T	0.02033	0.01003	0.96964
1280 G	0.01999	0.00999	0.97002
1281 G	0.01971	0.00981	0.97048
1282 C	0.01956	0.00998	0.97046
1283 G	0.01948	0.01074	0.96978
1284 T	0.01939	0.01206	0.96855
1285 G	0.01912	0.01440	0.96648
1286 A	0.01897	0.01597	0.96506
1287 A	0.01893	0.01657	0.96449
1288 A	0.01897	0.01687	0.96416
1289 A	0.01909	0.01686	0.96405
1290 A	0.01954	0.01620	0.96425
1291 T	0.02038	0.01511	0.96451
1292 A	0.02070	0.01459	0.9647
1293 T	0.02100	0.01398	0.96502
1294 C	0.02114	0.01353	0.96532
1295 G	0.02128	0.01331	0.9654
1296 A	0.02141	0.01309	0.9655
1297 A	0.02168	0.01272	0.96559
1298 A	0.02215	0.01215	0.9657
1299 T	0.02265	0.01149	0.96586
1300 T	0.02271	0.01089	0.96639
1301 G	0.02241	0.01091	0.96669
1302 G	0.02225	0.01080	0.96696
1303 A	0.02240	0.01059	0.96702
1304 G	0.02273	0.01018	0.96709
1305 T	0.02360	0.00949	0.9669
1306 A	0.02445	0.00867	0.96688
1307 A	0.02574	0.00731	0.96695
1308 T	0.02764	0.00516	0.9672
1309 T	0.02867	0.00399	0.96734
1310 C	0.02889	0.00371	0.9674
1311 T	0.02917	0.00343	0.9674
1312 C	0.02914	0.00348	0.96739
1313 C	0.02891	0.00381	0.96728
1314 T	0.02870	0.00421	0.96709
1315 G	0.02837	0.00476	0.96687
1316 A	0.02816	0.00524	0.9666
1317 A	0.02805	0.00546	0.96649
1318 A	0.02807	0.00546	0.96647
1319 T	0.02815	0.00515	0.9667
1320 T	0.02813	0.00504	0.96682
1321 G	0.02796	0.00510	0.96695
1322 A	0.02791	0.00508	0.96701
1323 A	0.02783	0.00499	0.96717
1324 G	0.02747	0.00505	0.96747
1325 C	0.02744	0.00490	0.96767
1326 A	0.02749	0.00492	0.96758
1327 G	0.02757	0.00498	0.96744
1328 G	0.02780	0.00510	0.9671
1329 T	0.02787	0.00510	0.96703
