# lcl|CP097583.1_cds_USQ93381.1_1
# AA	inside	membr	outside
1 A	0.52764	0.00000	0.47236
2 T	0.52755	0.00009	0.47236
3 G	0.52739	0.00025	0.47236
4 A	0.52739	0.03664	0.43596
5 G	0.52681	0.07891	0.39428
6 T	0.52681	0.08595	0.38724
7 T	0.52597	0.09048	0.38354
8 T	0.52597	0.09059	0.38343
9 T	0.52460	0.09531	0.38009
10 T	0.52459	0.29099	0.18442
11 T	0.52330	0.30956	0.16713
12 A	0.36543	0.48371	0.15086
13 A	0.21797	0.66438	0.11765
14 A	0.21794	0.66441	0.11765
15 A	0.21794	0.74720	0.03486
16 A	0.21595	0.74919	0.03486
17 A	0.21310	0.75215	0.03474
18 A	0.21305	0.75231	0.03463
19 A	0.21271	0.75272	0.03457
20 C	0.21176	0.75406	0.03418
21 A	0.21025	0.75558	0.03417
22 T	0.21113	0.75469	0.03417
23 T	0.21206	0.75377	0.03418
24 G	0.21298	0.75285	0.03416
25 A	0.21462	0.75114	0.03423
26 C	0.21821	0.74730	0.03449
27 A	0.25112	0.71423	0.03465
28 T	0.30387	0.66086	0.03527
29 C	0.31775	0.64669	0.03557
30 T	0.34974	0.61394	0.03632
31 A	0.35902	0.60419	0.03679
32 T	0.37820	0.57686	0.04494
33 T	0.50641	0.44164	0.05196
34 A	0.52417	0.42100	0.05482
35 T	0.56267	0.23148	0.20585
36 T	0.58897	0.08258	0.32845
37 A	0.59025	0.07861	0.33114
38 T	0.63749	0.03117	0.33135
39 A	0.63086	0.05310	0.31604
40 T	0.62991	0.05664	0.31346
41 C	0.62512	0.06386	0.31102
42 T	0.60596	0.08967	0.30437
43 A	0.58485	0.11493	0.30021
44 T	0.55406	0.15116	0.29478
45 T	0.49037	0.21998	0.28965
46 G	0.42419	0.28741	0.2884
47 G	0.37738	0.33521	0.28741
48 C	0.35333	0.35993	0.28673
49 G	0.34047	0.38498	0.27455
50 T	0.33245	0.40096	0.2666
51 A	0.32477	0.40939	0.26584
52 A	0.31588	0.41844	0.26568
53 T	0.30816	0.42628	0.26557
54 A	0.29860	0.43737	0.26404
55 A	0.29300	0.44308	0.26392
56 C	0.29280	0.44232	0.26489
57 T	0.29240	0.44208	0.26551
58 A	0.28858	0.44582	0.2656
59 C	0.28976	0.44286	0.26738
60 T	0.28832	0.44610	0.26558
61 A	0.27729	0.46089	0.26182
62 T	0.28785	0.44564	0.26651
63 A	0.28661	0.44635	0.26704
64 A	0.28766	0.43919	0.27314
65 T	0.29524	0.39647	0.30829
66 T	0.29879	0.36237	0.33884
67 T	0.30215	0.32584	0.37202
68 A	0.30238	0.27657	0.42105
69 T	0.30687	0.21320	0.47992
70 T	0.30753	0.18862	0.50386
71 T	0.30448	0.20007	0.49545
72 T	0.30175	0.23922	0.45902
73 A	0.28609	0.33143	0.38248
74 A	0.26257	0.35984	0.37759
75 A	0.24651	0.37675	0.37674
76 A	0.23482	0.38830	0.37689
77 A	0.22622	0.39480	0.37897
78 C	0.21698	0.40566	0.37736
79 A	0.21293	0.45733	0.32974
80 A	0.21160	0.49590	0.2925
81 A	0.21138	0.52382	0.2648
82 A	0.21216	0.56989	0.21795
83 A	0.21478	0.61022	0.17499
84 T	0.21952	0.61649	0.164
85 G	0.22085	0.63913	0.14002
86 T	0.22324	0.65854	0.11822
87 T	0.22404	0.66169	0.11427
88 G	0.22374	0.66751	0.10876
89 A	0.22166	0.67896	0.09939
90 A	0.22191	0.68572	0.09237
91 C	0.22662	0.68190	0.09148
92 A	0.23319	0.68702	0.07979
93 A	0.25216	0.68367	0.06417
94 A	0.27494	0.67380	0.05126
95 A	0.30972	0.64119	0.04908
96 T	0.36837	0.57429	0.05734
97 A	0.37468	0.54606	0.07926
98 A	0.37951	0.52848	0.09201
99 A	0.38467	0.51434	0.10098
100 A	0.38957	0.50769	0.10273
101 C	0.40077	0.49214	0.10709
102 A	0.44129	0.45129	0.10742
103 G	0.47938	0.41194	0.10869
104 A	0.51102	0.38022	0.10876
105 A	0.57469	0.31655	0.10876
106 C	0.63685	0.25468	0.10847
107 C	0.67426	0.22090	0.10485
108 T	0.70901	0.18779	0.10319
109 T	0.73195	0.16529	0.10275
110 T	0.73726	0.16102	0.10172
111 A	0.73899	0.15931	0.10169
112 C	0.74692	0.14822	0.10486
113 C	0.75862	0.13443	0.10695
114 T	0.76609	0.12713	0.10678
115 C	0.77340	0.11966	0.10694
116 C	0.78509	0.10830	0.10661
117 T	0.79728	0.09628	0.10644
118 T	0.79997	0.09374	0.10629
119 C	0.79922	0.09453	0.10625
120 A	0.79777	0.09694	0.1053
121 C	0.79936	0.09401	0.10662
122 A	0.79375	0.09722	0.10903
123 T	0.79290	0.09371	0.11339
124 T	0.78666	0.10210	0.11124
125 C	0.69057	0.20290	0.10652
126 A	0.64663	0.26241	0.09096
127 G	0.63529	0.27455	0.09017
128 A	0.62465	0.28857	0.08679
129 A	0.60186	0.31352	0.08462
130 T	0.58697	0.33399	0.07904
131 C	0.56266	0.36029	0.07705
132 A	0.52514	0.42044	0.05442
133 A	0.51034	0.43868	0.05098
134 A	0.50592	0.44539	0.04869
135 A	0.50170	0.44879	0.04951
136 T	0.49979	0.44876	0.05145
137 C	0.49663	0.44382	0.05954
138 T	0.49212	0.44550	0.06238
139 C	0.48531	0.45090	0.06379
140 A	0.47425	0.46538	0.06036
141 T	0.47040	0.47122	0.05839
142 C	0.46502	0.47537	0.05961
143 A	0.45968	0.47985	0.06047
144 A	0.45755	0.48085	0.0616
145 A	0.45695	0.46979	0.07325
146 C	0.45743	0.45601	0.08656
147 A	0.45860	0.44595	0.09545
148 T	0.46776	0.33742	0.19483
149 C	0.47424	0.29351	0.23225
150 A	0.46267	0.30381	0.23352
151 A	0.45275	0.31644	0.23081
152 A	0.44074	0.30645	0.25282
153 T	0.43105	0.29393	0.27502
154 G	0.37452	0.33695	0.28853
155 A	0.34940	0.34606	0.30454
156 A	0.32904	0.39860	0.27236
157 A	0.30835	0.53651	0.15514
158 T	0.28967	0.62795	0.08237
159 A	0.22765	0.71342	0.05894
160 A	0.20875	0.72907	0.06218
161 T	0.20161	0.72980	0.06859
162 A	0.19006	0.73730	0.07264
163 C	0.18395	0.73135	0.08469
164 C	0.17651	0.73714	0.08635
165 T	0.16783	0.74643	0.08574
166 T	0.15989	0.75632	0.08379
167 C	0.14389	0.77572	0.08038
168 A	0.13382	0.79186	0.07432
169 A	0.12978	0.80097	0.06924
170 A	0.12759	0.80747	0.06493
171 T	0.12348	0.81410	0.06242
172 A	0.11002	0.83532	0.05466
173 A	0.09916	0.83814	0.0627
174 A	0.09443	0.83336	0.07221
175 A	0.08860	0.82248	0.08892
176 A	0.09077	0.80073	0.10849
177 A	0.10239	0.72563	0.17198
178 G	0.12516	0.66282	0.21202
179 A	0.17470	0.59547	0.22983
180 A	0.29004	0.45727	0.25269
181 A	0.35967	0.37057	0.26976
182 T	0.38641	0.28250	0.33109
183 T	0.38657	0.27256	0.34087
184 G	0.37597	0.27882	0.34522
185 A	0.36937	0.28463	0.34601
186 A	0.36479	0.28723	0.34797
187 T	0.36430	0.27786	0.35785
188 C	0.33555	0.30296	0.3615
189 A	0.31496	0.36448	0.32056
190 G	0.29973	0.42051	0.27976
191 A	0.18739	0.67301	0.1396
192 A	0.10609	0.80849	0.08543
193 A	0.06519	0.87073	0.06408
194 A	0.05950	0.89125	0.04925
195 A	0.06397	0.87850	0.05753
196 G	0.06448	0.86702	0.0685
197 A	0.06364	0.86585	0.0705
198 T	0.06456	0.86069	0.07475
199 A	0.05658	0.87635	0.06707
200 A	0.05577	0.88306	0.06117
201 A	0.05611	0.88181	0.06207
202 G	0.05737	0.87818	0.06444
203 A	0.05994	0.87621	0.06385
204 A	0.06555	0.86765	0.06681
205 C	0.07116	0.85764	0.07119
206 A	0.07566	0.85275	0.0716
207 A	0.07755	0.84409	0.07837
208 C	0.08740	0.82715	0.08545
209 A	0.10098	0.82023	0.07879
210 A	0.11417	0.81336	0.07247
211 G	0.13172	0.77048	0.0978
212 A	0.17823	0.71288	0.10888
213 A	0.23033	0.64998	0.11969
214 T	0.36886	0.38603	0.24511
215 G	0.41243	0.26780	0.31977
216 G	0.42167	0.22410	0.35423
217 T	0.43856	0.22640	0.33504
218 T	0.40689	0.26821	0.3249
219 A	0.36493	0.33468	0.30039
220 G	0.26084	0.45649	0.28268
221 A	0.19883	0.54313	0.25804
222 C	0.18379	0.55424	0.26196
223 A	0.16204	0.65425	0.18371
224 A	0.15195	0.71412	0.13393
225 A	0.14625	0.77392	0.07983
226 C	0.14422	0.78415	0.07163
227 A	0.14154	0.78917	0.06929
228 A	0.14018	0.79532	0.0645
229 A	0.13611	0.79847	0.06542
230 C	0.13645	0.79497	0.06858
231 C	0.13632	0.79613	0.06756
232 A	0.13930	0.79793	0.06276
233 A	0.14661	0.79976	0.05362
234 A	0.15521	0.80195	0.04284
235 T	0.16908	0.79155	0.03937
236 T	0.17407	0.78758	0.03835
237 A	0.17498	0.78910	0.03592
238 A	0.17381	0.78203	0.04416
239 T	0.17922	0.75828	0.0625
240 A	0.18470	0.73702	0.07829
241 A	0.19190	0.68911	0.119
242 A	0.21378	0.63322	0.153
243 A	0.23827	0.51721	0.24452
244 C	0.26731	0.41481	0.31788
245 A	0.27899	0.38736	0.33365
246 C	0.34956	0.29954	0.3509
247 G	0.39427	0.29229	0.31344
248 A	0.44804	0.29958	0.25238
249 T	0.46851	0.31592	0.21558
250 A	0.47126	0.36522	0.16351
251 T	0.48060	0.35938	0.16002
252 T	0.47623	0.36958	0.15419
253 A	0.47184	0.37753	0.15064
254 A	0.47120	0.37406	0.15474
255 C	0.47650	0.35963	0.16387
256 A	0.48658	0.35334	0.16007
257 T	0.50131	0.34123	0.15746
258 T	0.50541	0.34224	0.15235
259 A	0.50353	0.34440	0.15206
260 T	0.50029	0.34641	0.1533
261 G	0.49674	0.34239	0.16086
262 T	0.49353	0.34257	0.16391
263 C	0.48602	0.34460	0.16938
264 A	0.47991	0.35426	0.16582
265 C	0.47378	0.36129	0.16493
266 G	0.45327	0.39246	0.15427
267 A	0.43880	0.41688	0.14432
268 G	0.40056	0.46493	0.13452
269 A	0.39000	0.49120	0.11879
270 A	0.41675	0.47374	0.10951
271 G	0.47371	0.41880	0.10748
272 A	0.51357	0.38358	0.10285
273 T	0.56398	0.32805	0.10798
274 A	0.56292	0.32756	0.10953
275 T	0.56715	0.31632	0.11653
276 T	0.54936	0.33201	0.11862
277 C	0.49375	0.38883	0.11742
278 A	0.45148	0.43633	0.11219
279 A	0.42789	0.46071	0.1114
280 A	0.42217	0.46656	0.11127
281 A	0.41918	0.46801	0.11281
282 G	0.41601	0.46828	0.11571
283 C	0.41502	0.46087	0.12411
284 A	0.41486	0.45746	0.12768
285 C	0.41611	0.45089	0.133
286 A	0.41915	0.44532	0.13553
287 T	0.42602	0.43505	0.13893
288 G	0.42842	0.42985	0.14174
289 G	0.43744	0.40489	0.15767
290 A	0.44581	0.38479	0.1694
291 A	0.45676	0.32593	0.21731
292 T	0.47303	0.28239	0.24457
293 T	0.48166	0.25461	0.26373
294 A	0.48447	0.24322	0.27231
295 T	0.48957	0.22123	0.28921
296 G	0.48969	0.20610	0.3042
297 T	0.49075	0.18819	0.32107
298 G	0.49123	0.17037	0.3384
299 G	0.49278	0.14421	0.363
300 T	0.49597	0.10178	0.40225
301 G	0.50012	0.06557	0.43431
302 T	0.50135	0.05268	0.44597
303 T	0.50160	0.05721	0.44119
304 T	0.49975	0.08162	0.41862
305 A	0.49816	0.11619	0.38565
306 T	0.49760	0.13452	0.36788
307 G	0.49413	0.16547	0.3404
308 A	0.49317	0.18207	0.32476
309 T	0.49186	0.19856	0.30958
310 G	0.48870	0.21708	0.29423
311 T	0.48663	0.23862	0.27475
312 T	0.48153	0.26780	0.25067
313 A	0.47882	0.30147	0.21971
314 T	0.47765	0.33882	0.18353
315 A	0.47599	0.39025	0.13376
316 G	0.47540	0.39875	0.12585
317 T	0.47610	0.40219	0.12172
318 A	0.47493	0.40714	0.11793
319 T	0.47439	0.41108	0.11454
320 C	0.47386	0.41210	0.11403
321 T	0.47313	0.41455	0.11231
322 A	0.46830	0.42295	0.10874
323 A	0.46939	0.42357	0.10704
324 C	0.47246	0.42105	0.10649
325 A	0.47858	0.41753	0.1039
326 A	0.49108	0.40664	0.10228
327 T	0.52444	0.37281	0.10275
328 A	0.55409	0.34555	0.10036
329 G	0.57526	0.32600	0.09874
330 T	0.60497	0.29819	0.09684
331 A	0.60355	0.30095	0.0955
332 T	0.61201	0.29045	0.09753
333 A	0.58694	0.31361	0.09945
334 A	0.55742	0.34397	0.09861
335 C	0.56209	0.33769	0.10022
336 A	0.55459	0.35907	0.08634
337 A	0.56591	0.36899	0.0651
338 A	0.58793	0.35069	0.06138
339 T	0.58152	0.36098	0.0575
340 T	0.55109	0.39393	0.05498
341 A	0.49971	0.44579	0.0545
342 C	0.48252	0.46208	0.05539
343 A	0.47203	0.47202	0.05596
344 A	0.46036	0.48288	0.05676
345 T	0.45959	0.47980	0.06061
346 T	0.45132	0.48761	0.06106
347 C	0.44005	0.49901	0.06094
348 A	0.43308	0.50716	0.05976
349 A	0.42771	0.51385	0.05843
350 A	0.42681	0.51470	0.05849
351 T	0.42949	0.51049	0.06002
352 A	0.42898	0.51047	0.06055
353 G	0.43344	0.49618	0.07037
354 T	0.43644	0.47622	0.08734
355 A	0.43702	0.46835	0.09463
356 A	0.43950	0.43477	0.12573
357 T	0.44511	0.38341	0.17147
358 A	0.44821	0.36198	0.18981
359 A	0.46151	0.30909	0.2294
360 A	0.48290	0.26257	0.25453
361 G	0.49032	0.21991	0.28977
362 T	0.49694	0.18778	0.31529
363 T	0.49996	0.15218	0.34786
364 T	0.50160	0.10709	0.39132
365 T	0.50243	0.09474	0.40283
366 A	0.50277	0.08890	0.40833
367 T	0.50401	0.07631	0.41968
368 G	0.50475	0.07343	0.42181
369 T	0.50612	0.07312	0.42077
370 T	0.50616	0.10570	0.38813
371 A	0.50151	0.16963	0.32886
372 T	0.48874	0.22615	0.28511
373 A	0.46567	0.34386	0.19048
374 A	0.45862	0.37589	0.16549
375 T	0.45627	0.39217	0.15156
376 T	0.44962	0.41293	0.13746
377 T	0.42909	0.44937	0.12154
378 T	0.40023	0.49307	0.10669
379 A	0.33561	0.56876	0.09563
380 A	0.29328	0.62177	0.08495
381 A	0.27606	0.64164	0.08231
382 A	0.26941	0.64863	0.08197
383 A	0.26636	0.65211	0.08153
384 T	0.26737	0.65116	0.08147
385 C	0.26482	0.65367	0.08151
386 C	0.26355	0.65494	0.0815
387 T	0.26354	0.65500	0.08146
388 C	0.26002	0.65857	0.08141
389 C	0.26021	0.65851	0.08128
390 A	0.26005	0.65885	0.0811
391 A	0.26593	0.65303	0.08104
392 A	0.28051	0.63830	0.08118
393 A	0.32761	0.59080	0.08159
394 G	0.39394	0.51888	0.08718
395 A	0.44893	0.44675	0.10432
396 T	0.55145	0.31624	0.13231
397 T	0.57486	0.27818	0.14696
398 T	0.58741	0.25513	0.15747
399 A	0.59390	0.23343	0.17267
400 T	0.60492	0.19534	0.19974
401 T	0.61120	0.16359	0.22522
402 A	0.60569	0.12909	0.26522
403 G	0.61061	0.09407	0.29532
404 G	0.60427	0.09142	0.30431
405 A	0.59735	0.10629	0.29636
406 G	0.59026	0.12203	0.28771
407 T	0.58775	0.13050	0.28175
408 T	0.58569	0.13907	0.27524
409 T	0.58330	0.16616	0.25053
410 A	0.58119	0.19340	0.22541
411 T	0.58056	0.20916	0.21027
412 T	0.57879	0.22785	0.19336
413 T	0.57410	0.24850	0.17739
414 T	0.56640	0.26208	0.17152
415 A	0.54729	0.28340	0.16931
416 A	0.53907	0.29450	0.16642
417 A	0.53713	0.29678	0.16609
418 C	0.53488	0.29849	0.16663
419 C	0.53232	0.30168	0.166
420 T	0.52748	0.31094	0.16159
421 C	0.51781	0.32758	0.15461
422 G	0.50924	0.36204	0.12872
423 A	0.50529	0.38520	0.1095
424 A	0.50455	0.39807	0.09738
425 A	0.50866	0.40138	0.08996
426 T	0.51736	0.39144	0.0912
427 A	0.52439	0.37450	0.10111
428 A	0.53882	0.35119	0.10999
429 T	0.55731	0.32329	0.11941
430 C	0.56717	0.30995	0.12288
431 A	0.57897	0.29729	0.12374
432 T	0.60741	0.26598	0.12662
433 T	0.62388	0.24622	0.1299
434 T	0.63439	0.23560	0.13001
435 C	0.63413	0.23537	0.1305
436 G	0.63425	0.24569	0.12007
437 A	0.63297	0.25347	0.11356
438 A	0.63000	0.25786	0.11213
439 A	0.62078	0.27917	0.10005
440 T	0.61601	0.28950	0.09449
441 A	0.60302	0.31529	0.08169
442 A	0.59406	0.34096	0.06499
443 A	0.59171	0.33911	0.06919
444 A	0.59487	0.32657	0.07856
445 T	0.61807	0.29346	0.08847
446 A	0.62910	0.27733	0.09357
447 C	0.63537	0.26728	0.09735
448 C	0.64951	0.25229	0.0982
449 C	0.65064	0.25155	0.09782
450 T	0.65165	0.25158	0.09678
451 T	0.65046	0.25370	0.09584
452 A	0.64410	0.26044	0.09546
453 T	0.63682	0.26808	0.09509
454 G	0.52683	0.37810	0.09508
455 A	0.47414	0.42872	0.09714
456 C	0.43751	0.46102	0.10147
457 A	0.37170	0.53328	0.09502
458 A	0.34527	0.56024	0.09448
459 T	0.33539	0.57114	0.09347
460 A	0.30951	0.59927	0.09122
461 A	0.31319	0.59553	0.09129
462 T	0.32622	0.57028	0.10349
463 A	0.32159	0.56929	0.10912
464 A	0.32852	0.55019	0.12129
465 A	0.33958	0.52821	0.13221
466 T	0.33368	0.52196	0.14437
467 A	0.30537	0.54289	0.15173
468 T	0.29099	0.55113	0.15788
469 A	0.27512	0.56173	0.16315
470 C	0.26978	0.56021	0.17002
471 C	0.26477	0.56344	0.17179
472 T	0.26218	0.56701	0.17081
473 T	0.25796	0.57543	0.16661
474 A	0.24876	0.59097	0.16027
475 G	0.24571	0.59514	0.15914
476 A	0.24492	0.59239	0.1627
477 A	0.24533	0.47507	0.2796
478 G	0.24778	0.41690	0.33532
479 A	0.25240	0.37164	0.37596
480 T	0.26412	0.28743	0.44845
481 A	0.27118	0.24673	0.48209
482 T	0.27937	0.20576	0.51487
483 C	0.28448	0.17514	0.54038
484 T	0.28720	0.17306	0.53974
485 T	0.28780	0.17731	0.53489
486 A	0.28760	0.21481	0.49759
487 A	0.28671	0.25761	0.45567
488 A	0.28685	0.28701	0.42614
489 A	0.28677	0.32459	0.38864
490 T	0.28703	0.32431	0.38866
491 A	0.28580	0.43426	0.27994
492 T	0.28569	0.46148	0.25284
493 G	0.28457	0.50771	0.20772
494 A	0.28539	0.59786	0.11674
495 A	0.28683	0.67087	0.0423
496 A	0.29193	0.67024	0.03783
497 T	0.29931	0.65680	0.04389
498 T	0.30272	0.65141	0.04587
499 G	0.30370	0.65035	0.04595
500 C	0.30437	0.64935	0.04628
501 C	0.30516	0.64889	0.04596
502 A	0.30451	0.65038	0.0451
503 T	0.30480	0.65061	0.04459
504 C	0.30500	0.65105	0.04396
505 G	0.30514	0.65418	0.04067
506 A	0.30834	0.65763	0.03403
507 A	0.31560	0.65334	0.03106
508 G	0.32321	0.64559	0.0312
509 A	0.35899	0.60965	0.03137
510 A	0.40047	0.56665	0.03287
511 G	0.43819	0.52664	0.03518
512 C	0.50138	0.46219	0.03643
513 A	0.55645	0.40704	0.03651
514 T	0.70388	0.25863	0.03748
515 A	0.74173	0.22025	0.03801
516 C	0.77734	0.18341	0.03925
517 A	0.84167	0.11912	0.03922
518 T	0.91030	0.04942	0.04028
519 C	0.91405	0.04580	0.04015
520 T	0.91517	0.04610	0.03873
521 T	0.90845	0.05372	0.03782
522 T	0.88573	0.07665	0.03762
523 T	0.83080	0.13328	0.03592
524 G	0.72047	0.24416	0.03537
525 G	0.58523	0.37971	0.03506
526 G	0.44206	0.52266	0.03527
527 A	0.38532	0.57865	0.03604
528 C	0.34597	0.61700	0.03703
529 G	0.25198	0.71176	0.03626
530 C	0.19956	0.76596	0.03449
531 A	0.16922	0.79779	0.033
532 A	0.13815	0.83053	0.03131
533 A	0.12730	0.84212	0.03058
534 A	0.11470	0.85539	0.0299
535 C	0.10719	0.86307	0.02975
536 A	0.10063	0.87073	0.02864
537 A	0.09413	0.87868	0.02719
538 A	0.08511	0.88717	0.02772
539 A	0.08050	0.89120	0.02829
540 A	0.07758	0.89327	0.02915
541 A	0.07610	0.88503	0.03886
542 C	0.07543	0.86329	0.06128
543 T	0.07536	0.85422	0.07041
544 A	0.07221	0.84611	0.08168
545 A	0.07061	0.83238	0.09702
546 G	0.07055	0.78893	0.14052
547 G	0.07020	0.70463	0.22517
548 A	0.07021	0.57604	0.35374
549 T	0.06967	0.43466	0.49567
550 G	0.06828	0.40135	0.53036
551 A	0.06716	0.38818	0.54466
552 A	0.06619	0.34978	0.58402
553 A	0.06653	0.35322	0.58025
554 A	0.06700	0.33539	0.59761
555 C	0.06861	0.31194	0.61945
556 A	0.06927	0.33571	0.59502
557 T	0.07011	0.34538	0.58451
558 A	0.07015	0.38638	0.54347
559 A	0.07108	0.40877	0.52015
560 G	0.07205	0.44860	0.47934
561 A	0.07206	0.58966	0.33829
562 T	0.07244	0.67428	0.25328
563 T	0.07227	0.73419	0.19354
564 A	0.07181	0.78626	0.14193
565 G	0.07163	0.81012	0.11825
566 A	0.07189	0.83678	0.09132
567 A	0.07370	0.85049	0.07582
568 T	0.08046	0.85168	0.06785
569 T	0.08584	0.85337	0.06079
570 A	0.08963	0.85461	0.05576
571 A	0.09537	0.85365	0.05098
572 T	0.10718	0.84280	0.05003
573 A	0.12290	0.82621	0.05088
574 A	0.14040	0.80795	0.05165
575 A	0.19676	0.75039	0.05286
576 T	0.27336	0.67276	0.05387
577 C	0.29533	0.65076	0.05392
578 T	0.32117	0.62814	0.05069
579 T	0.34160	0.61160	0.04679
580 A	0.35196	0.60803	0.04001
581 A	0.38055	0.58487	0.03457
582 A	0.40972	0.55967	0.03061
583 A	0.47530	0.49581	0.02889
584 T	0.68160	0.28987	0.02853
585 T	0.78409	0.18734	0.02857
586 T	0.83023	0.14078	0.02899
587 A	0.84950	0.12112	0.02939
588 T	0.85729	0.11299	0.02972
589 C	0.86005	0.11006	0.02989
590 C	0.85406	0.11625	0.02969
591 T	0.85267	0.11842	0.0289
592 T	0.82894	0.14362	0.02744
593 A	0.76812	0.20493	0.02695
594 T	0.72675	0.24677	0.02648
595 A	0.51748	0.45688	0.02564
596 A	0.29288	0.68201	0.02512
597 C	0.22638	0.74833	0.0253
598 G	0.18384	0.79114	0.02501
599 A	0.16211	0.81312	0.02477
600 A	0.14087	0.83476	0.02437
601 C	0.12710	0.84849	0.02441
602 A	0.12222	0.85341	0.02436
603 A	0.11673	0.85746	0.02581
604 A	0.10605	0.86712	0.02683
605 C	0.09573	0.87696	0.02731
606 T	0.08528	0.88800	0.02672
607 A	0.07488	0.90021	0.02492
608 A	0.06661	0.90889	0.02451
609 A	0.05957	0.91491	0.02553
610 A	0.05534	0.91568	0.02898
611 T	0.05006	0.90694	0.043
612 A	0.04431	0.89682	0.05887
613 G	0.04113	0.86612	0.09275
614 A	0.03892	0.85263	0.10845
615 A	0.03712	0.81338	0.1495
616 G	0.03495	0.74961	0.21543
617 A	0.03478	0.70752	0.25769
618 A	0.03537	0.52958	0.43504
619 G	0.03597	0.34190	0.62213
620 T	0.03619	0.29488	0.66893
621 T	0.03627	0.29088	0.67286
622 A	0.03607	0.38571	0.57822
623 A	0.03621	0.39475	0.56905
624 T	0.03614	0.40491	0.55894
625 A	0.03582	0.42479	0.53939
626 A	0.03593	0.42460	0.53947
627 A	0.03625	0.42572	0.53803
628 T	0.03676	0.41120	0.55204
629 A	0.03742	0.39641	0.56618
630 T	0.03970	0.38889	0.5714
631 T	0.04083	0.38756	0.57161
632 T	0.04112	0.40962	0.54925
633 A	0.04113	0.47044	0.48843
634 A	0.04099	0.49503	0.46398
635 T	0.04172	0.51341	0.44487
636 T	0.04210	0.53788	0.42003
637 A	0.04253	0.61523	0.34224
638 A	0.04512	0.64430	0.31058
639 T	0.05033	0.65609	0.29359
640 A	0.05346	0.68527	0.26128
641 A	0.06561	0.70926	0.22514
642 T	0.09992	0.71484	0.18524
643 A	0.11348	0.78594	0.10058
644 A	0.14066	0.76983	0.0895
645 T	0.24195	0.67542	0.08263
646 A	0.26357	0.65873	0.0777
647 T	0.29816	0.62436	0.07748
648 C	0.31564	0.60704	0.07732
649 A	0.31755	0.60730	0.07515
650 T	0.32049	0.60630	0.0732
651 C	0.28922	0.63963	0.07114
652 A	0.27906	0.65470	0.06624
653 A	0.22125	0.71709	0.06166
654 A	0.19739	0.74168	0.06093
655 A	0.20261	0.73703	0.06036
656 A	0.22945	0.71068	0.05988
657 A	0.24778	0.69171	0.06051
658 C	0.27163	0.66742	0.06095
659 A	0.29711	0.64229	0.06059
660 T	0.37134	0.56769	0.06096
661 G	0.38712	0.55226	0.06062
662 A	0.39913	0.54020	0.06067
663 A	0.42391	0.51508	0.06102
664 A	0.45837	0.47894	0.06269
665 A	0.50273	0.43279	0.06449
666 C	0.59418	0.33796	0.06787
667 A	0.61267	0.31834	0.06899
668 T	0.62553	0.30241	0.07207
669 T	0.63030	0.29471	0.075
670 C	0.63088	0.29279	0.07634
671 A	0.63110	0.29194	0.07696
672 A	0.63367	0.27770	0.08862
673 T	0.63729	0.25387	0.10884
674 T	0.63969	0.22005	0.14027
675 A	0.64254	0.20738	0.15007
676 G	0.64514	0.13697	0.21789
677 G	0.64518	0.10505	0.24978
678 A	0.64366	0.09552	0.26082
679 T	0.64421	0.08425	0.27154
680 G	0.64398	0.08413	0.27189
681 T	0.64426	0.09576	0.25998
682 T	0.64326	0.12960	0.22715
683 A	0.64004	0.15008	0.20988
684 T	0.63173	0.15707	0.2112
685 A	0.61429	0.18619	0.19953
686 A	0.59111	0.21847	0.19042
687 C	0.57758	0.23811	0.18431
688 G	0.56925	0.25005	0.1807
689 G	0.56648	0.25505	0.17848
690 A	0.56562	0.25768	0.1767
691 A	0.56539	0.25788	0.17673
692 C	0.56577	0.25729	0.17694
693 T	0.56664	0.25594	0.17742
694 C	0.56711	0.25490	0.17799
695 C	0.56745	0.25438	0.17817
696 T	0.56763	0.25423	0.17813
697 A	0.56760	0.25422	0.17818
698 A	0.56866	0.25261	0.17873
699 C	0.57107	0.24951	0.17942
700 A	0.57580	0.24413	0.18008
701 C	0.58700	0.22996	0.18304
702 T	0.60661	0.20970	0.1837
703 G	0.61622	0.19944	0.18433
704 G	0.63002	0.18556	0.18443
705 A	0.66249	0.15141	0.1861
706 T	0.68428	0.12690	0.18883
707 T	0.69057	0.11022	0.19921
708 A	0.70123	0.08480	0.21397
709 G	0.71018	0.05242	0.2374
710 T	0.71842	0.03142	0.25015
711 T	0.71981	0.02483	0.25536
712 G	0.71475	0.03047	0.25478
713 C	0.71491	0.03152	0.25356
714 T	0.71495	0.03423	0.25082
715 T	0.71420	0.03733	0.24847
716 T	0.71273	0.04089	0.24638
717 T	0.71090	0.04308	0.24601
718 T	0.70947	0.04458	0.24595
719 T	0.70795	0.04591	0.24615
720 G	0.70235	0.05144	0.24621
721 C	0.69700	0.05748	0.24551
722 C	0.69408	0.06294	0.24298
723 T	0.68990	0.07735	0.23275
724 G	0.67573	0.10305	0.22123
725 A	0.66484	0.11645	0.21871
726 A	0.65927	0.12408	0.21665
727 A	0.65517	0.12983	0.215
728 A	0.65132	0.13392	0.21477
729 C	0.64865	0.13605	0.21531
730 A	0.64781	0.13783	0.21436
731 A	0.64793	0.13791	0.21416
732 G	0.64608	0.14047	0.21345
733 A	0.64617	0.14558	0.20824
734 T	0.64973	0.14669	0.20357
735 T	0.65100	0.15088	0.19812
736 T	0.65012	0.16673	0.18314
737 T	0.64580	0.18189	0.17231
738 T	0.63581	0.21494	0.14925
739 G	0.61923	0.25420	0.12657
740 A	0.60999	0.26689	0.12312
741 A	0.59303	0.28499	0.12198
742 A	0.57453	0.30333	0.12215
743 A	0.55923	0.31417	0.1266
744 C	0.55040	0.31734	0.13226
745 A	0.54574	0.32015	0.13411
746 A	0.55134	0.31184	0.13682
747 A	0.55833	0.29632	0.14535
748 A	0.55987	0.28688	0.15325
749 C	0.56150	0.28117	0.15733
750 A	0.56292	0.27606	0.16102
751 A	0.56252	0.27284	0.16464
752 T	0.56244	0.26939	0.16817
753 A	0.56088	0.26954	0.16957
754 G	0.56119	0.26723	0.17157
755 A	0.56285	0.25960	0.17755
756 G	0.56886	0.24463	0.18651
757 G	0.57824	0.22708	0.19468
758 C	0.60173	0.19434	0.20392
759 T	0.62834	0.16407	0.20758
760 G	0.63806	0.15036	0.21158
761 T	0.65658	0.12583	0.21759
762 T	0.66949	0.10401	0.2265
763 T	0.67112	0.09750	0.23137
764 A	0.67140	0.07966	0.24894
765 T	0.67222	0.05801	0.26977
766 T	0.67186	0.04197	0.28618
767 T	0.67052	0.03323	0.29625
768 C	0.66723	0.03088	0.30188
769 G	0.66228	0.03710	0.30062
770 A	0.66085	0.04165	0.2975
771 T	0.66041	0.04434	0.29525
772 G	0.65948	0.04768	0.29284
773 A	0.65928	0.05367	0.28705
774 T	0.65965	0.05698	0.28337
775 G	0.65942	0.06409	0.27649
776 G	0.65937	0.06933	0.2713
777 A	0.65865	0.07009	0.27125
778 A	0.65874	0.06986	0.27141
779 T	0.65921	0.06905	0.27175
780 T	0.65919	0.06923	0.27157
781 C	0.65888	0.07027	0.27085
782 G	0.65891	0.07572	0.26537
783 T	0.65801	0.08550	0.25649
784 G	0.65740	0.10066	0.24194
785 T	0.65768	0.10807	0.23424
786 T	0.65607	0.11845	0.22549
787 A	0.65323	0.12851	0.21827
788 T	0.65181	0.13421	0.21398
789 G	0.64696	0.13981	0.21323
790 G	0.64417	0.14167	0.21416
791 A	0.64210	0.14174	0.21617
792 A	0.64346	0.13677	0.21977
793 C	0.63926	0.14171	0.21904
794 C	0.64028	0.14584	0.21389
795 A	0.64208	0.16150	0.19642
796 A	0.64786	0.15688	0.19527
797 A	0.65388	0.15164	0.19448
798 T	0.66229	0.14375	0.19395
799 T	0.66809	0.13812	0.1938
800 C	0.66584	0.14023	0.19393
801 A	0.66101	0.15165	0.18735
802 A	0.64249	0.17148	0.18603
803 G	0.62419	0.19083	0.18499
804 A	0.61839	0.19865	0.18296
805 A	0.62230	0.19551	0.18219
806 C	0.63199	0.18230	0.18571
807 T	0.64765	0.16523	0.18712
808 A	0.65162	0.16085	0.18753
809 T	0.65718	0.15340	0.18942
810 C	0.65834	0.15096	0.1907
811 G	0.64747	0.16303	0.1895
812 A	0.64110	0.16580	0.1931
813 A	0.62388	0.18029	0.19583
814 G	0.61698	0.18447	0.19854
815 A	0.61530	0.18481	0.19989
816 C	0.61638	0.17443	0.20919
817 C	0.62145	0.16732	0.21124
818 T	0.63586	0.15237	0.21177
819 C	0.63474	0.15354	0.21172
820 G	0.63391	0.15619	0.2099
821 T	0.63350	0.15963	0.20687
822 A	0.61704	0.17728	0.20568
823 A	0.60560	0.18825	0.20615
824 A	0.59721	0.19266	0.21013
825 A	0.58780	0.18174	0.23046
826 C	0.58425	0.16234	0.25342
827 T	0.58457	0.15443	0.26101
828 C	0.58088	0.15460	0.26451
829 T	0.57587	0.16005	0.26408
830 C	0.56943	0.16738	0.26319
831 T	0.56606	0.17379	0.26015
832 A	0.54398	0.19705	0.25897
833 A	0.52976	0.21118	0.25906
834 T	0.52218	0.20697	0.27085
835 G	0.50681	0.21556	0.27763
836 G	0.49386	0.20828	0.29786
837 T	0.48126	0.21261	0.30612
838 G	0.47114	0.21926	0.30961
839 C	0.46694	0.22446	0.30861
840 T	0.46373	0.23772	0.29855
841 A	0.45545	0.25035	0.29421
842 A	0.44995	0.25627	0.29379
843 A	0.44194	0.26453	0.29352
844 A	0.42949	0.27686	0.29365
845 A	0.42004	0.26970	0.31026
846 A	0.41620	0.26059	0.32321
847 A	0.40739	0.25367	0.33895
848 T	0.40213	0.24419	0.35368
849 C	0.39183	0.24704	0.36113
850 T	0.38852	0.24758	0.36389
851 A	0.38374	0.24929	0.36697
852 T	0.38335	0.24387	0.37278
853 C	0.38298	0.23869	0.37832
854 T	0.38572	0.23388	0.38041
855 A	0.38531	0.21188	0.40282
856 T	0.38605	0.19422	0.41973
857 T	0.38499	0.18504	0.42997
858 C	0.38364	0.17345	0.44291
859 G	0.38319	0.16003	0.45679
860 C	0.38524	0.14245	0.47231
861 C	0.38634	0.13534	0.47833
862 T	0.39047	0.13317	0.47637
863 T	0.39153	0.13554	0.47293
864 T	0.37527	0.15684	0.46789
865 G	0.33789	0.20361	0.4585
866 A	0.28183	0.27140	0.44677
867 A	0.26826	0.28609	0.44565
868 G	0.25592	0.30651	0.43757
869 A	0.24733	0.36033	0.39234
870 A	0.24371	0.39204	0.36426
871 A	0.24033	0.43032	0.32935
872 A	0.22944	0.49629	0.27427
873 T	0.22332	0.55016	0.22652
874 G	0.20770	0.65766	0.13464
875 A	0.17229	0.76529	0.06243
876 A	0.15321	0.79253	0.05427
877 A	0.14310	0.80869	0.04821
878 A	0.13618	0.81637	0.04745
879 A	0.12965	0.82261	0.04773
880 C	0.12589	0.82464	0.04947
881 A	0.12058	0.83129	0.04813
882 A	0.11800	0.83460	0.04741
883 A	0.11578	0.83766	0.04656
884 A	0.11592	0.83764	0.04644
885 A	0.11824	0.83424	0.04752
886 G	0.12252	0.81650	0.06099
887 A	0.13150	0.78726	0.08124
888 A	0.14266	0.74220	0.11515
889 C	0.16100	0.67046	0.16855
890 A	0.17714	0.64887	0.17398
891 A	0.20244	0.61737	0.18019
892 C	0.25553	0.56319	0.18128
893 A	0.29677	0.52798	0.17525
894 A	0.34595	0.47933	0.17472
895 G	0.42204	0.39406	0.1839
896 A	0.47652	0.33689	0.18659
897 T	0.57351	0.22981	0.19668
898 T	0.62647	0.14036	0.23317
899 G	0.62821	0.12092	0.25088
900 T	0.62624	0.12190	0.25186
901 T	0.60328	0.16410	0.23261
902 T	0.56700	0.20921	0.2238
903 A	0.46143	0.34648	0.19209
904 G	0.38850	0.41957	0.19193
905 A	0.32628	0.48899	0.18473
906 C	0.26537	0.54934	0.18528
907 A	0.19729	0.62969	0.17302
908 C	0.17788	0.65572	0.1664
909 G	0.16299	0.67579	0.16122
910 C	0.15685	0.68342	0.15972
911 A	0.15478	0.68823	0.15699
912 A	0.15399	0.69388	0.15213
913 C	0.15444	0.69519	0.15038
914 C	0.15572	0.69609	0.1482
915 T	0.16176	0.69619	0.14205
916 A	0.16437	0.70273	0.1329
917 A	0.16549	0.71531	0.1192
918 A	0.16796	0.72930	0.10274
919 T	0.17334	0.73105	0.09561
920 T	0.17519	0.73079	0.09401
921 A	0.15516	0.75795	0.08689
922 A	0.14264	0.76423	0.09314
923 A	0.14013	0.75051	0.10936
924 A	0.14606	0.71224	0.1417
925 A	0.15375	0.67161	0.17464
926 G	0.17969	0.56298	0.25733
927 A	0.18748	0.49547	0.31706
928 A	0.20014	0.41869	0.38117
929 A	0.20681	0.35168	0.44151
930 C	0.22053	0.27988	0.49958
931 G	0.22931	0.31979	0.4509
932 A	0.23831	0.38647	0.37522
933 T	0.24916	0.46672	0.28411
934 A	0.25345	0.49369	0.25285
935 T	0.26341	0.50054	0.23605
936 T	0.26643	0.50914	0.22444
937 A	0.26560	0.51784	0.21656
938 C	0.26901	0.51790	0.21309
939 A	0.27637	0.53295	0.19068
940 A	0.28999	0.53534	0.17467
941 T	0.31184	0.51838	0.16978
942 T	0.32244	0.51641	0.16115
943 A	0.32549	0.51551	0.159
944 T	0.33135	0.48592	0.18273
945 G	0.31757	0.48728	0.19514
946 T	0.30464	0.49782	0.19753
947 C	0.27053	0.53784	0.19162
948 A	0.23422	0.61599	0.14978
949 A	0.20768	0.66472	0.1276
950 A	0.18663	0.69929	0.11408
951 A	0.16544	0.72828	0.10628
952 A	0.14543	0.75427	0.1003
953 A	0.14259	0.76429	0.09312
954 A	0.19286	0.71668	0.09047
955 G	0.27026	0.64038	0.08935
956 A	0.36121	0.54959	0.0892
957 T	0.40546	0.50418	0.09037
958 A	0.41744	0.49132	0.09124
959 T	0.43179	0.47448	0.09374
960 C	0.35626	0.54734	0.0964
961 C	0.29612	0.60711	0.09678
962 C	0.25693	0.64672	0.09634
963 A	0.22547	0.68141	0.09313
964 A	0.20832	0.69973	0.09195
965 A	0.19372	0.71468	0.0916
966 T	0.18299	0.72527	0.09173
967 A	0.14655	0.76045	0.09299
968 A	0.12714	0.76337	0.10949
969 A	0.12202	0.75072	0.12725
970 A	0.12753	0.70850	0.16397
971 T	0.16480	0.63098	0.20422
972 G	0.18030	0.59001	0.22969
973 A	0.19084	0.55958	0.24957
974 A	0.19682	0.53047	0.27272
975 A	0.20169	0.49192	0.30638
976 T	0.20846	0.46401	0.32752
977 C	0.20943	0.44778	0.34279
978 A	0.20987	0.44381	0.34633
979 T	0.20996	0.43888	0.35115
980 T	0.20873	0.43510	0.35616
981 A	0.20442	0.43413	0.36145
982 G	0.20067	0.42829	0.37104
983 G	0.19875	0.33110	0.47015
984 G	0.19805	0.26795	0.534
985 G	0.19810	0.22185	0.58005
986 T	0.20092	0.19042	0.60866
987 T	0.20098	0.18522	0.61381
988 G	0.19903	0.19036	0.6106
989 A	0.19785	0.22173	0.58042
990 T	0.19715	0.21574	0.58711
991 G	0.19468	0.22908	0.57624
992 G	0.19405	0.25465	0.55131
993 T	0.19431	0.27406	0.53162
994 G	0.19386	0.30753	0.49861
995 T	0.19484	0.32575	0.47941
996 T	0.19451	0.34782	0.45767
997 A	0.19332	0.41562	0.39105
998 A	0.19301	0.43791	0.36909
999 T	0.19284	0.45483	0.35233
1000 A	0.19186	0.49345	0.31469
1001 T	0.19135	0.52254	0.28611
1002 T	0.19050	0.57331	0.23619
1003 A	0.18854	0.62226	0.18919
1004 A	0.18703	0.67059	0.14238
1005 A	0.18601	0.68156	0.13243
1006 G	0.18618	0.68378	0.13004
1007 A	0.18820	0.68910	0.1227
1008 A	0.19233	0.68626	0.12141
1009 G	0.20091	0.67869	0.1204
1010 A	0.21994	0.66034	0.11972
1011 A	0.24840	0.63108	0.12053
1012 G	0.29716	0.58170	0.12114
1013 A	0.33570	0.54284	0.12146
1014 T	0.38307	0.49358	0.12335
1015 T	0.41676	0.46054	0.12269
1016 A	0.42182	0.45782	0.12036
1017 T	0.43793	0.44334	0.11873
1018 G	0.41048	0.47619	0.11333
1019 A	0.40014	0.49163	0.10824
1020 T	0.43537	0.45639	0.10823
1021 A	0.41185	0.47970	0.10845
1022 A	0.41208	0.47876	0.10916
1023 A	0.43870	0.45039	0.11091
1024 C	0.46937	0.41751	0.11312
1025 C	0.51339	0.37290	0.11372
1026 A	0.53284	0.35484	0.11232
1027 T	0.57298	0.31700	0.11002
1028 T	0.57026	0.32031	0.10944
1029 A	0.52615	0.36531	0.10855
1030 T	0.50081	0.38998	0.10922
1031 A	0.42373	0.46447	0.1118
1032 C	0.39833	0.48688	0.11479
1033 A	0.37956	0.50578	0.11466
1034 A	0.36544	0.51975	0.11481
1035 T	0.35196	0.53297	0.11507
1036 A	0.29846	0.58701	0.11453
1037 G	0.28812	0.59701	0.11487
1038 A	0.28541	0.59294	0.12166
1039 A	0.28493	0.57665	0.13841
1040 G	0.28692	0.54940	0.16369
1041 T	0.29234	0.50555	0.20212
1042 G	0.29561	0.47697	0.22742
1043 G	0.29629	0.46348	0.24023
1044 T	0.29677	0.43458	0.26865
1045 A	0.29672	0.42948	0.2738
1046 G	0.29692	0.41772	0.28536
1047 T	0.29757	0.41003	0.2924
1048 A	0.29809	0.40149	0.30042
1049 A	0.29995	0.36738	0.33267
1050 G	0.30298	0.35816	0.33886
1051 A	0.30466	0.34649	0.34885
1052 T	0.30621	0.30437	0.38942
1053 T	0.30689	0.27496	0.41816
1054 T	0.30705	0.21438	0.47857
1055 T	0.30693	0.20779	0.48528
1056 A	0.30661	0.20920	0.48418
1057 A	0.30636	0.20520	0.48844
1058 A	0.30628	0.19721	0.49652
1059 C	0.30663	0.14917	0.54419
1060 T	0.30659	0.17158	0.52182
1061 G	0.30218	0.23355	0.46427
1062 G	0.29016	0.33630	0.37354
1063 G	0.28533	0.54107	0.17361
1064 A	0.28549	0.56041	0.15411
1065 A	0.28444	0.56985	0.14571
1066 T	0.29133	0.56927	0.1394
1067 T	0.28436	0.58328	0.13236
1068 C	0.26838	0.60832	0.1233
1069 A	0.25290	0.63640	0.11069
1070 A	0.23635	0.65592	0.10772
1071 A	0.23038	0.66276	0.10686
1072 A	0.22596	0.66731	0.10673
1073 A	0.22764	0.66572	0.10665
1074 C	0.23412	0.65916	0.10673
1075 C	0.23837	0.65488	0.10675
1076 C	0.24560	0.64763	0.10677
1077 A	0.25541	0.63783	0.10675
1078 C	0.26264	0.63060	0.10676
1079 C	0.27153	0.62171	0.10677
1080 A	0.27830	0.61493	0.10677
1081 A	0.29187	0.60130	0.10684
1082 C	0.31268	0.58003	0.10728
1083 A	0.35286	0.53971	0.10743
1084 A	0.41275	0.47702	0.11023
1085 A	0.50204	0.37466	0.1233
1086 T	0.69235	0.17718	0.13047
1087 T	0.71234	0.15374	0.13392
1088 T	0.72158	0.13437	0.14405
1089 A	0.72598	0.12364	0.15039
1090 T	0.73177	0.10034	0.16789
1091 T	0.73621	0.07946	0.18433
1092 A	0.74138	0.06135	0.19727
1093 G	0.74394	0.04399	0.21206
1094 G	0.74516	0.03680	0.21804
1095 T	0.74644	0.03079	0.22277
1096 G	0.74405	0.03506	0.22088
1097 T	0.74311	0.03923	0.21766
1098 T	0.74212	0.04455	0.21333
1099 T	0.74188	0.05971	0.19841
1100 A	0.74158	0.06841	0.19
1101 T	0.74150	0.07077	0.18773
1102 T	0.74124	0.07781	0.18095
1103 T	0.74044	0.08275	0.17682
1104 T	0.73211	0.10091	0.16698
1105 A	0.69929	0.13775	0.16296
1106 A	0.68148	0.15946	0.15906
1107 A	0.66539	0.17670	0.15791
1108 A	0.65927	0.18292	0.15781
1109 C	0.65607	0.18585	0.15808
1110 T	0.65385	0.18895	0.15719
1111 C	0.64744	0.19712	0.15543
1112 G	0.64203	0.20965	0.14832
1113 T	0.63956	0.21685	0.1436
1114 A	0.63293	0.23197	0.1351
1115 A	0.63097	0.23708	0.13194
1116 T	0.63251	0.23564	0.13185
1117 A	0.63388	0.23297	0.13316
1118 A	0.63719	0.22831	0.1345
1119 T	0.64572	0.21643	0.13785
1120 C	0.65168	0.20872	0.1396
1121 C	0.65814	0.20153	0.14033
1122 T	0.67405	0.18549	0.14047
1123 T	0.67823	0.18124	0.14054
1124 C	0.67536	0.18409	0.14055
1125 T	0.67453	0.18556	0.13991
1126 A	0.66699	0.19462	0.13839
1127 A	0.66695	0.18792	0.14513
1128 A	0.66357	0.16568	0.17075
1129 A	0.66386	0.15228	0.18387
1130 T	0.66522	0.13260	0.20218
1131 A	0.66348	0.13365	0.20288
1132 G	0.66292	0.14262	0.19446
1133 A	0.66455	0.15011	0.18533
1134 A	0.66847	0.14172	0.18981
1135 T	0.67499	0.12872	0.19628
1136 A	0.67769	0.12238	0.19993
1137 T	0.68416	0.10828	0.20757
1138 C	0.68460	0.10440	0.211
1139 C	0.68245	0.10786	0.20969
1140 T	0.67996	0.11296	0.20708
1141 T	0.67494	0.12082	0.20424
1142 A	0.66858	0.13006	0.20136
1143 T	0.66166	0.13854	0.19981
1144 G	0.65447	0.14784	0.19769
1145 G	0.65076	0.14933	0.1999
1146 T	0.64910	0.14788	0.20301
1147 G	0.64509	0.14759	0.20733
1148 A	0.64298	0.14610	0.21092
1149 T	0.63838	0.14321	0.2184
1150 A	0.61561	0.16263	0.22175
1151 G	0.61094	0.16135	0.22771
1152 C	0.60923	0.16096	0.2298
1153 A	0.60662	0.16870	0.22468
1154 A	0.60963	0.17014	0.22022
1155 T	0.62129	0.16128	0.21743
1156 A	0.62806	0.15816	0.21379
1157 A	0.62837	0.16102	0.21061
1158 T	0.62921	0.15924	0.21156
1159 A	0.62933	0.15878	0.21189
1160 T	0.62937	0.15821	0.21241
1161 A	0.62520	0.16240	0.2124
1162 T	0.62492	0.15859	0.21649
1163 T	0.62353	0.15653	0.21994
1164 T	0.62274	0.15227	0.22499
1165 A	0.61851	0.15223	0.22926
1166 C	0.61745	0.14653	0.23603
1167 T	0.61741	0.14319	0.23939
1168 T	0.61420	0.14646	0.23935
1169 T	0.61080	0.15054	0.23867
1170 A	0.59542	0.16701	0.23758
1171 G	0.58871	0.17361	0.23768
1172 A	0.58477	0.17252	0.24271
1173 T	0.58496	0.14801	0.26703
1174 G	0.58447	0.14294	0.27259
1175 A	0.58553	0.13891	0.27556
1176 A	0.59103	0.12959	0.27938
1177 C	0.59755	0.11915	0.2833
1178 T	0.60229	0.11388	0.28383
1179 A	0.60597	0.11085	0.28318
1180 T	0.60957	0.10853	0.2819
1181 T	0.61052	0.11270	0.27678
1182 A	0.60965	0.12919	0.26116
1183 A	0.60431	0.14529	0.2504
1184 A	0.60131	0.15388	0.24481
1185 T	0.59677	0.16766	0.23556
1186 T	0.59301	0.19163	0.21536
1187 A	0.58829	0.23467	0.17704
1188 T	0.58624	0.25139	0.16237
1189 A	0.58314	0.27056	0.14629
1190 A	0.58262	0.27826	0.13912
1191 T	0.58369	0.27495	0.14135
1192 A	0.57503	0.27950	0.14547
1193 T	0.57054	0.26900	0.16046
1194 A	0.55416	0.27924	0.1666
1195 C	0.54724	0.28222	0.17054
1196 C	0.54488	0.28386	0.17126
1197 T	0.54345	0.28528	0.17128
1198 A	0.54033	0.28869	0.17097
1199 T	0.53933	0.29006	0.1706
1200 C	0.53651	0.29396	0.16953
1201 G	0.52856	0.30560	0.16584
1202 A	0.52693	0.32096	0.15211
1203 A	0.52828	0.32618	0.14554
1204 G	0.53325	0.32162	0.14512
1205 A	0.54901	0.30485	0.14614
1206 A	0.56544	0.28069	0.15387
1207 G	0.58320	0.25281	0.16399
1208 C	0.60683	0.21984	0.17333
1209 C	0.63781	0.18630	0.17589
1210 T	0.67819	0.14683	0.17497
1211 T	0.69190	0.13513	0.17297
1212 T	0.70221	0.12696	0.17083
1213 A	0.70592	0.12495	0.16913
1214 T	0.70721	0.12141	0.17139
1215 A	0.70714	0.11023	0.18264
1216 T	0.70690	0.10095	0.19215
1217 T	0.70452	0.08534	0.21014
1218 C	0.69496	0.08552	0.21953
1219 T	0.68594	0.09806	0.21601
1220 G	0.65680	0.13372	0.20948
1221 G	0.62704	0.17251	0.20045
1222 A	0.59722	0.21378	0.18899
1223 A	0.56927	0.24763	0.1831
1224 A	0.51678	0.30170	0.18152
1225 G	0.48178	0.34602	0.1722
1226 A	0.44880	0.40306	0.14814
1227 A	0.41088	0.46681	0.12231
1228 G	0.37392	0.51091	0.11517
1229 A	0.33868	0.54999	0.11134
1230 A	0.31861	0.57080	0.11059
1231 A	0.29814	0.59128	0.11058
1232 C	0.27207	0.61718	0.11075
1233 C	0.24310	0.64634	0.11055
1234 C	0.22656	0.66345	0.10999
1235 C	0.21253	0.67796	0.10951
1236 A	0.19460	0.69641	0.10899
1237 A	0.18190	0.70918	0.10891
1238 A	0.17466	0.71635	0.10898
1239 C	0.17081	0.71927	0.10991
1240 C	0.16923	0.71789	0.11287
1241 C	0.16637	0.71455	0.11909
1242 T	0.16543	0.71418	0.12039
1243 A	0.15386	0.72423	0.12191
1244 A	0.15219	0.72793	0.11989
1245 G	0.15674	0.71508	0.12818
1246 G	0.16000	0.69506	0.14494
1247 A	0.16693	0.63598	0.19709
1248 A	0.17654	0.58206	0.2414
1249 A	0.19475	0.53320	0.27206
1250 A	0.21384	0.47745	0.30871
1251 A	0.22091	0.42971	0.34937
1252 A	0.22652	0.38313	0.39036
1253 A	0.23110	0.35247	0.41644
1254 A	0.23314	0.31892	0.44793
1255 G	0.23321	0.27845	0.48834
1256 T	0.23559	0.25179	0.51262
1257 A	0.23557	0.28620	0.47823
1258 G	0.23696	0.29817	0.46486
1259 A	0.23985	0.32867	0.43149
1260 T	0.24152	0.35794	0.40054
1261 A	0.23624	0.40329	0.36046
1262 T	0.23448	0.40261	0.36291
1263 T	0.23082	0.40461	0.36457
1264 A	0.22136	0.40857	0.37007
1265 G	0.21398	0.41025	0.37576
1266 C	0.21192	0.39919	0.38889
1267 C	0.21230	0.40203	0.38567
1268 C	0.21039	0.41697	0.37264
1269 T	0.20924	0.47781	0.31296
1270 A	0.19517	0.57825	0.22658
1271 A	0.17239	0.63503	0.19258
1272 T	0.16182	0.66078	0.17741
1273 A	0.12382	0.72723	0.14895
1274 A	0.12398	0.72619	0.14983
1275 A	0.12922	0.71956	0.15122
1276 A	0.13616	0.71045	0.15339
1277 A	0.14763	0.69607	0.15631
1278 C	0.17081	0.66905	0.16014
1279 A	0.20683	0.63246	0.16071
1280 T	0.26507	0.57316	0.16177
1281 A	0.29145	0.54625	0.1623
1282 A	0.33186	0.50536	0.16278
1283 T	0.37076	0.46559	0.16366
1284 T	0.40646	0.42294	0.1706
1285 A	0.41045	0.41581	0.17374
1286 A	0.41400	0.40797	0.17803
1287 A	0.41726	0.39573	0.187
1288 C	0.42180	0.38160	0.1966
1289 A	0.43129	0.36901	0.1997
1290 T	0.45534	0.34004	0.20462
1291 A	0.47509	0.31699	0.20792
1292 A	0.53349	0.25322	0.21329
1293 T	0.61787	0.15532	0.2268
1294 T	0.64789	0.09490	0.25721
1295 A	0.65831	0.06611	0.27558
1296 A	0.68147	0.00000	0.31852
