# lcl|CP097583.1_cds_USQ93420.1_1
# AA	inside	membr	outside
1 A	0.54851	0.00000	0.45149
2 T	0.54773	0.00078	0.45149
3 G	0.54718	0.00133	0.45149
4 C	0.54718	0.00398	0.44884
5 G	0.54555	0.01403	0.44041
6 T	0.54555	0.01578	0.43867
7 A	0.53973	0.02263	0.43765
8 T	0.53973	0.02266	0.43762
9 T	0.53809	0.02556	0.43635
10 G	0.53808	0.06181	0.40011
11 A	0.53011	0.07490	0.39499
12 A	0.40014	0.20703	0.39283
13 A	0.26697	0.34953	0.3835
14 C	0.26695	0.34955	0.3835
15 A	0.26695	0.43042	0.30263
16 G	0.26612	0.43125	0.30263
17 T	0.26537	0.43277	0.30186
18 T	0.26530	0.43543	0.29927
19 A	0.26197	0.44262	0.2954
20 G	0.21686	0.54904	0.23409
21 A	0.16842	0.59805	0.23354
22 A	0.16722	0.60725	0.22553
23 T	0.16709	0.60870	0.22422
24 A	0.16581	0.61034	0.22385
25 T	0.16804	0.60663	0.22533
26 T	0.16701	0.60692	0.22607
27 C	0.16380	0.60850	0.2277
28 C	0.16258	0.61026	0.22716
29 A	0.16034	0.61511	0.22455
30 A	0.15560	0.62133	0.22306
31 A	0.14716	0.63202	0.22082
32 A	0.14573	0.63378	0.22049
33 A	0.17503	0.60288	0.22209
34 A	0.18156	0.58182	0.23663
35 A	0.19605	0.44499	0.35896
36 T	0.20989	0.30897	0.48113
37 C	0.21260	0.30380	0.4836
38 A	0.26391	0.29064	0.44546
39 T	0.26248	0.33122	0.4063
40 A	0.26282	0.35540	0.38178
41 A	0.26243	0.36304	0.37453
42 A	0.26407	0.36236	0.37358
43 A	0.31457	0.26868	0.41675
44 T	0.30939	0.23611	0.45449
45 A	0.30791	0.25628	0.4358
46 A	0.30602	0.25851	0.43547
47 C	0.30619	0.25604	0.43776
48 T	0.30666	0.26178	0.43156
49 T	0.30000	0.27719	0.42281
50 A	0.29520	0.28818	0.41662
51 T	0.29422	0.28696	0.41881
52 G	0.29169	0.28855	0.41976
53 A	0.29004	0.28526	0.4247
54 T	0.28995	0.27693	0.43312
55 A	0.28243	0.28357	0.434
56 C	0.28109	0.28225	0.43666
57 A	0.28086	0.28884	0.43031
58 T	0.28382	0.29066	0.42552
59 G	0.28579	0.28931	0.42489
60 G	0.29246	0.28352	0.42403
61 T	0.33076	0.24863	0.42062
62 T	0.36425	0.21497	0.42078
63 A	0.37994	0.20160	0.41846
64 A	0.38756	0.19373	0.41871
65 A	0.39220	0.18652	0.42128
66 A	0.39583	0.18171	0.42246
67 A	0.40695	0.16408	0.42897
68 T	0.43704	0.12502	0.43794
69 T	0.44728	0.11024	0.44247
70 T	0.45307	0.10395	0.44299
71 T	0.45748	0.10005	0.44247
72 T	0.46145	0.09279	0.44576
73 A	0.46349	0.09219	0.44431
74 A	0.46393	0.09160	0.44447
75 T	0.46530	0.08661	0.44809
76 G	0.46680	0.08362	0.44958
77 A	0.46856	0.08120	0.45024
78 T	0.47325	0.06953	0.45722
79 A	0.47458	0.06640	0.45902
80 T	0.48152	0.05776	0.46071
81 T	0.48659	0.05174	0.46166
82 C	0.48756	0.05035	0.46209
83 G	0.48942	0.04868	0.4619
84 T	0.49394	0.04436	0.46171
85 T	0.49733	0.04087	0.4618
86 A	0.50012	0.03798	0.4619
87 T	0.50331	0.03471	0.46199
88 A	0.50485	0.03291	0.46224
89 C	0.50659	0.03101	0.4624
90 T	0.50952	0.02806	0.46242
91 C	0.51159	0.02594	0.46246
92 C	0.51390	0.02363	0.46246
93 T	0.51811	0.01945	0.46244
94 T	0.52061	0.01695	0.46244
95 C	0.52211	0.01536	0.46253
96 T	0.52565	0.01182	0.46253
97 T	0.52655	0.01104	0.46241
98 C	0.52625	0.01135	0.46241
99 T	0.52675	0.01122	0.46203
100 T	0.52586	0.01266	0.46147
101 T	0.51852	0.02042	0.46106
102 T	0.50743	0.03198	0.46059
103 A	0.49326	0.04680	0.45993
104 A	0.48569	0.05430	0.46001
105 T	0.48237	0.05692	0.46071
106 T	0.47507	0.06391	0.46102
107 T	0.46477	0.07400	0.46123
108 A	0.45324	0.08527	0.46149
109 C	0.44847	0.08970	0.46183
110 A	0.44631	0.09174	0.46195
111 A	0.44547	0.09227	0.46226
112 C	0.44493	0.09261	0.46246
113 C	0.44450	0.09298	0.46252
114 T	0.44406	0.09340	0.46254
115 T	0.44320	0.09416	0.46265
116 G	0.44213	0.09516	0.4627
117 G	0.44177	0.09545	0.46278
118 C	0.44168	0.09501	0.46332
119 G	0.44177	0.09389	0.46435
120 T	0.44254	0.09153	0.46593
121 T	0.44357	0.08913	0.4673
122 T	0.44431	0.08722	0.46847
123 T	0.44458	0.08533	0.47009
124 T	0.44448	0.07578	0.47974
125 T	0.44427	0.06314	0.49259
126 T	0.44391	0.04895	0.50714
127 G	0.44276	0.04287	0.51437
128 T	0.44176	0.03996	0.51828
129 T	0.43907	0.03779	0.52313
130 T	0.42851	0.04607	0.52541
131 T	0.40683	0.06872	0.52446
132 T	0.36656	0.12030	0.51314
133 G	0.29421	0.21449	0.4913
134 A	0.25278	0.28491	0.46231
135 A	0.22991	0.32019	0.44991
136 A	0.21795	0.33747	0.44458
137 G	0.20952	0.34987	0.44061
138 T	0.19883	0.36775	0.43342
139 G	0.17443	0.40613	0.41944
140 A	0.15335	0.45780	0.38884
141 A	0.14782	0.48720	0.36497
142 G	0.14372	0.51121	0.34506
143 A	0.14154	0.54378	0.31467
144 A	0.13981	0.56807	0.29211
145 A	0.13864	0.58023	0.28113
146 A	0.13643	0.58711	0.27646
147 T	0.13619	0.59017	0.27365
148 A	0.13467	0.59368	0.27165
149 A	0.13403	0.59441	0.27157
150 A	0.13432	0.59226	0.27342
151 A	0.13530	0.58739	0.2773
152 A	0.13727	0.57884	0.28389
153 A	0.14466	0.55442	0.30092
154 A	0.15528	0.52160	0.32312
155 A	0.17009	0.47053	0.35939
156 A	0.19193	0.39743	0.41064
157 T	0.21720	0.34798	0.43482
158 T	0.22504	0.34065	0.43431
159 A	0.22412	0.33775	0.43813
160 A	0.22560	0.33587	0.43853
161 A	0.23125	0.32321	0.44554
162 A	0.24444	0.28974	0.46581
163 C	0.27461	0.23921	0.48619
164 A	0.30004	0.21374	0.48622
165 A	0.32313	0.18807	0.48881
166 G	0.35402	0.15547	0.4905
167 T	0.37737	0.13102	0.49161
168 T	0.38694	0.12006	0.493
169 C	0.39000	0.11323	0.49676
170 T	0.39097	0.11258	0.49645
171 T	0.39028	0.11364	0.49608
172 C	0.38290	0.12244	0.49467
173 A	0.37363	0.13733	0.48904
174 A	0.36665	0.15330	0.48005
175 G	0.36421	0.16403	0.47176
176 G	0.36518	0.17212	0.46269
177 T	0.37086	0.18117	0.44796
178 A	0.37422	0.17993	0.44584
179 A	0.38137	0.17164	0.44699
180 T	0.39742	0.15324	0.44933
181 T	0.41382	0.13471	0.45148
182 C	0.41726	0.12753	0.45521
183 G	0.42178	0.12190	0.45632
184 G	0.42501	0.11830	0.45669
185 T	0.42737	0.11603	0.4566
186 T	0.42743	0.11769	0.45487
187 C	0.42775	0.11923	0.45301
188 A	0.42605	0.12806	0.44589
189 A	0.42050	0.13963	0.43987
190 T	0.41765	0.14581	0.43655
191 T	0.41134	0.15448	0.43418
192 A	0.39592	0.17213	0.43195
193 G	0.38838	0.17699	0.43462
194 A	0.38568	0.17742	0.43689
195 A	0.38255	0.17308	0.44437
196 A	0.38631	0.15979	0.45389
197 C	0.39591	0.14244	0.46164
198 T	0.40479	0.13150	0.46371
199 A	0.41098	0.12438	0.46464
200 G	0.42289	0.11152	0.4656
201 T	0.42687	0.10655	0.46658
202 T	0.42780	0.10492	0.46728
203 C	0.42768	0.10317	0.46915
204 T	0.42772	0.10332	0.46895
205 G	0.42392	0.10811	0.46797
206 C	0.42220	0.11054	0.46726
207 T	0.42207	0.11203	0.4659
208 A	0.42117	0.11455	0.46428
209 T	0.42342	0.11215	0.46443
210 A	0.42471	0.11019	0.4651
211 G	0.43100	0.10187	0.46713
212 T	0.43690	0.08637	0.47674
213 T	0.43956	0.07913	0.48131
214 T	0.43936	0.07660	0.48403
215 T	0.43696	0.07217	0.49087
216 A	0.42426	0.08547	0.49028
217 A	0.40614	0.11013	0.48373
218 T	0.39679	0.11534	0.48787
219 A	0.36510	0.14980	0.4851
220 T	0.34237	0.17254	0.48509
221 G	0.30374	0.21173	0.48453
222 C	0.26663	0.24871	0.48466
223 G	0.24948	0.26985	0.48067
224 G	0.24226	0.28302	0.47472
225 A	0.24000	0.29118	0.46882
226 A	0.23994	0.29734	0.46272
227 A	0.24080	0.30422	0.45497
228 T	0.24314	0.30471	0.45215
229 T	0.24175	0.32151	0.43674
230 T	0.23542	0.35384	0.41073
231 A	0.22271	0.38832	0.38897
232 A	0.20649	0.42290	0.37062
233 A	0.19657	0.44169	0.36174
234 T	0.18175	0.46159	0.35666
235 A	0.15169	0.49516	0.35315
236 A	0.13703	0.51093	0.35204
237 A	0.13044	0.51628	0.35328
238 A	0.12443	0.51917	0.3564
239 A	0.12569	0.50514	0.36918
240 A	0.13241	0.47860	0.38898
241 A	0.13369	0.46373	0.40258
242 A	0.14101	0.42070	0.43828
243 T	0.14527	0.38868	0.46605
244 T	0.14780	0.35089	0.50131
245 C	0.14559	0.32283	0.53157
246 A	0.14224	0.32200	0.53576
247 G	0.14057	0.32811	0.53132
248 G	0.11939	0.36884	0.51177
249 A	0.11683	0.39919	0.48398
250 G	0.12032	0.40352	0.47615
251 A	0.12671	0.41525	0.45804
252 A	0.14492	0.40014	0.45494
253 T	0.17624	0.36322	0.46054
254 A	0.19382	0.33774	0.46844
255 T	0.21021	0.30469	0.48511
256 A	0.21056	0.30029	0.48915
257 T	0.21237	0.28168	0.50595
258 T	0.20698	0.27056	0.52246
259 T	0.19464	0.28120	0.52417
260 A	0.18368	0.29711	0.51921
261 T	0.17796	0.29733	0.52472
262 A	0.16822	0.30783	0.52395
263 G	0.15880	0.31836	0.52284
264 T	0.14935	0.33263	0.51802
265 C	0.13213	0.35272	0.51515
266 A	0.12107	0.38087	0.49806
267 A	0.11227	0.40586	0.48186
268 A	0.11175	0.41363	0.47462
269 A	0.11555	0.40974	0.47472
270 A	0.12625	0.39712	0.47664
271 G	0.15100	0.34503	0.50397
272 T	0.18346	0.30747	0.50906
273 A	0.19107	0.29858	0.51035
274 T	0.20940	0.28127	0.50933
275 T	0.21205	0.28488	0.50307
276 A	0.20972	0.29948	0.49079
277 A	0.20612	0.31356	0.48032
278 A	0.20410	0.31602	0.47988
279 T	0.20855	0.30246	0.48899
280 G	0.19700	0.30960	0.4934
281 G	0.19387	0.30929	0.49684
282 A	0.17467	0.33694	0.48839
283 G	0.15871	0.37221	0.46909
284 A	0.13675	0.42629	0.43696
285 A	0.12648	0.47496	0.39856
286 A	0.12770	0.46821	0.40409
287 T	0.13380	0.45252	0.41367
288 G	0.13063	0.44322	0.42615
289 A	0.13846	0.42899	0.43255
290 C	0.14814	0.41196	0.4399
291 T	0.14926	0.41154	0.43919
292 A	0.13754	0.42465	0.43781
293 A	0.12865	0.43444	0.43691
294 C	0.12160	0.44271	0.4357
295 G	0.11348	0.45183	0.43469
296 A	0.11428	0.45054	0.43519
297 A	0.11820	0.44645	0.43535
298 A	0.12523	0.43736	0.43741
299 C	0.13598	0.42295	0.44107
300 T	0.14476	0.41019	0.44505
301 A	0.13428	0.41912	0.4466
302 A	0.12404	0.43163	0.44433
303 A	0.11648	0.43294	0.45058
304 G	0.11530	0.43257	0.45212
305 A	0.12968	0.39651	0.47381
306 A	0.15412	0.35462	0.49126
307 A	0.18969	0.30568	0.50462
308 T	0.23152	0.25635	0.51213
309 T	0.23359	0.26007	0.50635
310 A	0.23006	0.28327	0.48667
311 T	0.21580	0.29995	0.48425
312 A	0.19078	0.32735	0.48188
313 A	0.17451	0.34118	0.4843
314 T	0.16596	0.34316	0.49088
315 G	0.16021	0.33950	0.50029
316 A	0.15250	0.34642	0.50107
317 A	0.14796	0.34935	0.50269
318 T	0.14213	0.35192	0.50594
319 A	0.12663	0.38230	0.49107
320 A	0.12100	0.39180	0.4872
321 A	0.12070	0.39484	0.48446
322 A	0.12158	0.39360	0.48482
323 T	0.12459	0.38679	0.48862
324 A	0.12678	0.37312	0.5001
325 A	0.13193	0.35757	0.51049
326 A	0.13814	0.33874	0.52311
327 G	0.14673	0.31943	0.53384
328 C	0.15563	0.30496	0.53941
329 A	0.16886	0.29026	0.54088
330 T	0.19207	0.26569	0.54224
331 T	0.20518	0.25133	0.54349
332 A	0.21600	0.23837	0.54563
333 T	0.23517	0.21530	0.54953
334 T	0.24255	0.18695	0.5705
335 T	0.24713	0.15906	0.59381
336 T	0.24865	0.14212	0.60923
337 G	0.24926	0.13408	0.61666
338 A	0.25031	0.13195	0.61775
339 T	0.25800	0.11935	0.62265
340 A	0.26262	0.11427	0.62312
341 A	0.26928	0.10648	0.62423
342 T	0.28696	0.08247	0.63057
343 A	0.29052	0.09324	0.61625
344 T	0.29278	0.10229	0.60493
345 A	0.29088	0.12600	0.58313
346 A	0.29062	0.14502	0.56436
347 G	0.28969	0.14636	0.56395
348 T	0.28879	0.15129	0.55992
349 T	0.28524	0.15987	0.55489
350 T	0.27894	0.16873	0.55234
351 C	0.27030	0.17776	0.55194
352 A	0.26335	0.18553	0.55112
353 A	0.25854	0.19065	0.55082
354 T	0.25744	0.19178	0.55078
355 C	0.25673	0.19245	0.55082
356 G	0.25609	0.19326	0.55065
357 A	0.25750	0.19163	0.55087
358 T	0.25949	0.18920	0.55131
359 T	0.25874	0.18934	0.55192
360 G	0.25626	0.19120	0.55254
361 C	0.25656	0.18968	0.55376
362 A	0.25703	0.18970	0.55327
363 A	0.26027	0.18631	0.55341
364 A	0.26590	0.18048	0.55362
365 A	0.27584	0.17018	0.55398
366 T	0.29745	0.14745	0.5551
367 G	0.30911	0.13251	0.55838
368 A	0.33010	0.10761	0.5623
369 A	0.34896	0.08623	0.56481
370 A	0.35362	0.07842	0.56797
371 T	0.36072	0.06610	0.57318
372 T	0.36650	0.05491	0.57858
373 T	0.36828	0.04657	0.58515
374 T	0.36853	0.03937	0.5921
375 T	0.36869	0.03425	0.59706
376 T	0.36866	0.03140	0.59994
377 T	0.36847	0.03090	0.60064
378 A	0.36715	0.03261	0.60025
379 G	0.36604	0.03341	0.60055
380 A	0.36382	0.03590	0.60027
381 A	0.36291	0.03623	0.60087
382 G	0.36256	0.03426	0.60318
383 G	0.36261	0.03100	0.60639
384 T	0.36320	0.02863	0.60817
385 G	0.36386	0.02683	0.6093
386 G	0.36450	0.02588	0.60961
387 A	0.36536	0.02491	0.60972
388 A	0.36622	0.02390	0.60987
389 T	0.36754	0.02234	0.61012
390 T	0.36880	0.02077	0.61043
391 G	0.36958	0.01980	0.61062
392 T	0.37048	0.01882	0.6107
393 T	0.37095	0.01828	0.61077
394 T	0.37119	0.01797	0.61084
395 C	0.37148	0.01757	0.61096
396 T	0.37212	0.01686	0.61101
397 C	0.37242	0.01649	0.6111
398 T	0.37312	0.01585	0.61103
399 T	0.37385	0.01531	0.61084
400 A	0.37447	0.01516	0.61037
401 A	0.37560	0.01312	0.61129
402 T	0.37671	0.01098	0.61231
403 T	0.37744	0.00775	0.6148
404 T	0.37756	0.00670	0.61574
405 T	0.37759	0.00627	0.61614
406 G	0.37728	0.00664	0.61608
407 T	0.37723	0.00710	0.61567
408 T	0.37669	0.00804	0.61527
409 T	0.37510	0.00984	0.61505
410 T	0.37302	0.01213	0.61486
411 G	0.36643	0.01879	0.61479
412 A	0.36146	0.02393	0.61461
413 C	0.35970	0.02576	0.61454
414 T	0.35839	0.02709	0.61452
415 C	0.35707	0.02844	0.61448
416 T	0.35603	0.02955	0.61442
417 T	0.35362	0.03200	0.61438
418 C	0.35045	0.03524	0.61432
419 A	0.34863	0.03712	0.61424
420 A	0.34660	0.03917	0.61423
421 A	0.34588	0.03983	0.61429
422 A	0.34575	0.03981	0.61444
423 T	0.34595	0.03933	0.61471
424 T	0.34533	0.03934	0.61534
425 T	0.34405	0.04012	0.61583
426 T	0.34206	0.04160	0.61634
427 G	0.33953	0.04366	0.61682
428 G	0.33866	0.04418	0.61717
429 A	0.33832	0.04419	0.6175
430 T	0.33857	0.04343	0.618
431 A	0.33834	0.04287	0.61879
432 T	0.33841	0.04094	0.62065
433 A	0.33829	0.03901	0.6227
434 A	0.33829	0.03284	0.62887
435 T	0.33846	0.02731	0.63423
436 T	0.33849	0.02477	0.63674
437 C	0.33847	0.02240	0.63913
438 T	0.33850	0.02105	0.64046
439 T	0.33847	0.01992	0.64161
440 G	0.33841	0.01850	0.64309
441 T	0.33840	0.01673	0.64487
442 T	0.33837	0.01568	0.64595
443 T	0.33825	0.01362	0.64813
444 T	0.33798	0.01294	0.64908
445 A	0.33718	0.01357	0.64924
446 T	0.33683	0.01345	0.64972
447 G	0.33590	0.01389	0.65021
448 G	0.33528	0.01411	0.65061
449 G	0.33480	0.01457	0.65063
450 T	0.33455	0.01582	0.64962
451 G	0.33337	0.02078	0.64585
452 G	0.33328	0.02584	0.64087
453 A	0.33325	0.03703	0.62972
454 T	0.33341	0.04576	0.62083
455 G	0.33341	0.05206	0.61453
456 T	0.33344	0.06074	0.60582
457 G	0.33342	0.06956	0.59701
458 A	0.33343	0.07503	0.59154
459 T	0.33344	0.07760	0.58896
460 T	0.33339	0.07977	0.58683
461 T	0.33295	0.08176	0.58529
462 T	0.33108	0.08556	0.58336
463 A	0.32323	0.09714	0.57962
464 A	0.31802	0.10453	0.57745
465 A	0.31354	0.11171	0.57474
466 A	0.31081	0.11576	0.57343
467 A	0.30966	0.11728	0.57306
468 A	0.30950	0.11722	0.57328
469 A	0.30984	0.11701	0.57314
470 T	0.31096	0.11503	0.574
471 A	0.31186	0.11368	0.57446
472 A	0.31370	0.11138	0.57491
473 A	0.31682	0.10791	0.57527
474 C	0.32206	0.10149	0.57645
475 A	0.32794	0.09542	0.57664
476 C	0.34112	0.08207	0.57681
477 T	0.35369	0.06947	0.57685
478 C	0.36061	0.06253	0.57687
479 T	0.36966	0.05349	0.57685
480 T	0.37691	0.04623	0.57687
481 T	0.38036	0.04281	0.57684
482 T	0.38173	0.04139	0.57688
483 T	0.38291	0.04021	0.57687
484 A	0.38344	0.03889	0.57767
485 A	0.38473	0.03526	0.58
486 T	0.38814	0.02402	0.58784
487 A	0.39006	0.01738	0.59256
488 T	0.39294	0.00999	0.59707
489 T	0.39318	0.00712	0.59971
490 C	0.39148	0.00760	0.60092
491 C	0.39056	0.00822	0.60121
492 T	0.39044	0.00844	0.60112
493 G	0.38977	0.00921	0.60102
494 A	0.38956	0.00957	0.60087
495 T	0.38945	0.00996	0.6006
496 T	0.38900	0.01057	0.60043
497 T	0.38856	0.01105	0.60039
498 T	0.38765	0.01214	0.60021
499 T	0.38684	0.01297	0.60019
500 A	0.38608	0.01377	0.60015
501 T	0.38577	0.01401	0.60022
502 G	0.38539	0.01432	0.6003
503 C	0.38529	0.01432	0.60039
504 T	0.38490	0.01467	0.60043
505 C	0.38440	0.01513	0.60048
506 C	0.38406	0.01545	0.60049
507 T	0.38369	0.01591	0.6004
508 A	0.38267	0.01705	0.60028
509 T	0.38206	0.01769	0.60025
510 G	0.38135	0.01845	0.6002
511 A	0.38121	0.01855	0.60023
512 T	0.38129	0.01696	0.60175
513 T	0.38128	0.01468	0.60404
514 T	0.38111	0.01366	0.60523
515 T	0.38082	0.01368	0.60551
516 G	0.37785	0.01670	0.60545
517 A	0.36885	0.02566	0.60549
518 T	0.36432	0.02994	0.60574
519 T	0.35501	0.03887	0.60612
520 G	0.33934	0.05458	0.60607
521 C	0.32466	0.06889	0.60646
522 T	0.31272	0.08207	0.60521
523 G	0.29536	0.10024	0.60441
524 T	0.28629	0.10984	0.60387
525 G	0.27070	0.12629	0.60302
526 G	0.26352	0.13451	0.60196
527 G	0.25545	0.14361	0.60095
528 G	0.24788	0.15276	0.59937
529 A	0.24245	0.15849	0.59906
530 A	0.23855	0.16196	0.59949
531 A	0.23406	0.16560	0.60034
532 G	0.22974	0.16939	0.60087
533 C	0.22786	0.17064	0.60149
534 C	0.22461	0.17442	0.60097
535 G	0.22032	0.18196	0.59772
536 A	0.21531	0.19170	0.59299
537 A	0.20919	0.20187	0.58894
538 A	0.20144	0.21424	0.58432
539 A	0.19472	0.22305	0.58222
540 A	0.18696	0.22372	0.58933
541 G	0.18561	0.21915	0.59524
542 A	0.18568	0.20992	0.6044
543 T	0.18648	0.19146	0.62206
544 G	0.18662	0.17880	0.63457
545 T	0.18820	0.16905	0.64276
546 T	0.18793	0.16401	0.64806
547 A	0.18559	0.17202	0.64238
548 T	0.18366	0.17668	0.63966
549 A	0.17903	0.19413	0.62684
550 A	0.17658	0.20015	0.62327
551 A	0.17504	0.20533	0.61963
552 A	0.17253	0.21302	0.61444
553 A	0.16980	0.21945	0.61075
554 A	0.16852	0.22216	0.60933
555 T	0.16843	0.22382	0.60775
556 A	0.16771	0.23146	0.60083
557 A	0.16801	0.23279	0.59921
558 A	0.17061	0.22915	0.60024
559 A	0.17464	0.22042	0.60493
560 A	0.17818	0.21178	0.61003
561 A	0.18290	0.20084	0.61626
562 A	0.18849	0.19153	0.61997
563 C	0.19549	0.17988	0.62462
564 T	0.20271	0.18066	0.61662
565 T	0.20689	0.18490	0.60821
566 T	0.20822	0.19291	0.59886
567 T	0.20799	0.20548	0.58653
568 A	0.20586	0.21606	0.57807
569 A	0.20723	0.21812	0.57465
570 A	0.21655	0.20881	0.57465
571 T	0.23188	0.19270	0.57543
572 T	0.24713	0.17564	0.57723
573 A	0.25313	0.16774	0.57913
574 A	0.25943	0.15911	0.58146
575 A	0.26680	0.14885	0.58434
576 T	0.27343	0.13901	0.58757
577 C	0.27711	0.13353	0.58936
578 C	0.28167	0.12851	0.58983
579 T	0.28816	0.12196	0.58988
580 A	0.28683	0.12365	0.58951
581 A	0.28875	0.12164	0.5896
582 A	0.29000	0.12028	0.58972
583 G	0.29225	0.11743	0.59032
584 A	0.29635	0.11228	0.59137
585 A	0.30639	0.10093	0.59268
586 T	0.32212	0.08348	0.59439
587 T	0.33638	0.06769	0.59593
588 T	0.34568	0.05657	0.59775
589 G	0.35144	0.04871	0.59985
590 T	0.36145	0.03554	0.60302
591 T	0.36635	0.02737	0.60628
592 T	0.37011	0.02126	0.60864
593 C	0.37209	0.01760	0.61032
594 T	0.37428	0.01495	0.61077
595 T	0.37583	0.01282	0.61134
596 T	0.37622	0.01167	0.61211
597 T	0.37632	0.01112	0.61256
598 T	0.37641	0.01078	0.61281
599 T	0.37646	0.00977	0.61376
600 A	0.37651	0.00836	0.61513
601 T	0.37665	0.00615	0.61719
602 A	0.37686	0.00449	0.61865
603 A	0.37741	0.00000	0.62259
