# lcl|CP097583.1_cds_USQ93173.1_1
# AA	inside	membr	outside
1 A	0.56881	0.00000	0.43119
2 T	0.55836	0.01045	0.43119
3 G	0.54956	0.01925	0.43119
4 A	0.54956	0.05785	0.39259
5 A	0.49160	0.13876	0.36963
6 T	0.49160	0.14221	0.36619
7 A	0.20374	0.43202	0.36424
8 A	0.20373	0.43207	0.36419
9 T	0.18786	0.44811	0.36403
10 A	0.18780	0.47209	0.34011
11 A	0.18320	0.47728	0.33952
12 T	0.14921	0.51148	0.3393
13 C	0.10450	0.55774	0.33776
14 A	0.10449	0.55774	0.33776
15 A	0.10449	0.57282	0.32268
16 A	0.10406	0.57326	0.32268
17 T	0.10344	0.57405	0.32251
18 A	0.10328	0.57505	0.32166
19 A	0.10035	0.57828	0.32137
20 T	0.09333	0.58742	0.31925
21 A	0.06406	0.61658	0.31936
22 A	0.06340	0.61705	0.31955
23 A	0.06431	0.61414	0.32154
24 A	0.06833	0.60840	0.32327
25 A	0.07388	0.57479	0.35133
26 T	0.08065	0.54748	0.37187
27 T	0.10861	0.47124	0.42015
28 A	0.12045	0.40757	0.47198
29 G	0.12214	0.38919	0.48866
30 A	0.12380	0.20515	0.67104
31 G	0.12140	0.19394	0.68466
32 G	0.12080	0.17103	0.70817
33 T	0.13956	0.15152	0.70892
34 G	0.13285	0.18944	0.67771
35 C	0.13127	0.18232	0.68641
36 T	0.12843	0.21910	0.65246
37 A	0.11978	0.27187	0.60836
38 A	0.12313	0.28178	0.59509
39 A	0.11194	0.35358	0.53448
40 G	0.11070	0.36919	0.52011
41 T	0.11148	0.37468	0.51384
42 T	0.11107	0.38334	0.50559
43 A	0.11086	0.38314	0.506
44 A	0.10746	0.37162	0.52091
45 T	0.10667	0.37156	0.52177
46 A	0.10542	0.37411	0.52047
47 A	0.10483	0.37508	0.52008
48 C	0.10508	0.37545	0.51946
49 T	0.10523	0.38354	0.51123
50 T	0.10512	0.38815	0.50672
51 A	0.10520	0.39262	0.50218
52 A	0.10600	0.39595	0.49804
53 A	0.10842	0.39741	0.49417
54 A	0.11121	0.39371	0.49508
55 A	0.11813	0.38794	0.49394
56 A	0.14738	0.35689	0.49573
57 T	0.20626	0.29071	0.50303
58 A	0.22230	0.27527	0.50243
59 T	0.27269	0.21974	0.50757
60 T	0.30432	0.18334	0.51234
61 A	0.31122	0.17597	0.51281
62 A	0.34682	0.13445	0.51873
63 T	0.36077	0.12038	0.51885
64 T	0.36625	0.11540	0.51834
65 T	0.36357	0.11924	0.51718
66 A	0.35222	0.13302	0.51476
67 G	0.35032	0.13334	0.51633
68 A	0.34520	0.13756	0.51723
69 T	0.34597	0.13541	0.51863
70 A	0.34490	0.13547	0.51963
71 T	0.34715	0.13234	0.52051
72 C	0.35222	0.12648	0.5213
73 C	0.35486	0.12349	0.52166
74 C	0.35692	0.12143	0.52165
75 T	0.36006	0.11881	0.52114
76 A	0.36215	0.11783	0.52003
77 A	0.36481	0.11537	0.51982
78 A	0.36959	0.11074	0.51967
79 T	0.37513	0.10519	0.51968
80 T	0.37839	0.10136	0.52024
81 T	0.38297	0.09604	0.521
82 A	0.38304	0.09558	0.52138
83 A	0.38495	0.09230	0.52275
84 A	0.38854	0.08563	0.52583
85 T	0.39303	0.07554	0.53142
86 T	0.39661	0.06521	0.53818
87 T	0.39818	0.05801	0.54382
88 A	0.39915	0.04809	0.55276
89 T	0.40108	0.03466	0.56426
90 T	0.40130	0.02917	0.56953
91 G	0.40118	0.02415	0.57466
92 T	0.40111	0.02164	0.57725
93 A	0.40092	0.01953	0.57955
94 G	0.40087	0.01699	0.58214
95 T	0.40089	0.01523	0.58388
96 G	0.40048	0.01441	0.5851
97 A	0.40017	0.01461	0.58522
98 C	0.40043	0.01484	0.58474
99 T	0.40120	0.01650	0.58231
100 G	0.40116	0.02109	0.57775
101 G	0.40126	0.02447	0.57426
102 T	0.40146	0.02726	0.57128
103 A	0.40156	0.02820	0.57023
104 T	0.40188	0.02751	0.57061
105 T	0.40197	0.02682	0.57121
106 T	0.40187	0.02672	0.5714
107 C	0.40152	0.02715	0.57133
108 A	0.40081	0.02927	0.56992
109 G	0.40043	0.02970	0.56986
110 G	0.40038	0.02975	0.56987
111 T	0.40060	0.02951	0.5699
112 T	0.40052	0.02956	0.56991
113 C	0.40019	0.02954	0.57026
114 T	0.39995	0.02982	0.57023
115 G	0.39931	0.03067	0.57002
116 G	0.39933	0.03078	0.56988
117 A	0.39933	0.03121	0.56946
118 A	0.39973	0.03089	0.56938
119 A	0.40070	0.02943	0.56986
120 A	0.40333	0.02627	0.57039
121 T	0.40627	0.02286	0.57086
122 C	0.40939	0.01941	0.5712
123 T	0.41394	0.01471	0.57135
124 T	0.41677	0.01181	0.57141
125 C	0.41855	0.01001	0.57145
126 T	0.41940	0.00916	0.57144
127 T	0.41962	0.00895	0.57143
128 T	0.41961	0.00887	0.57152
129 A	0.41946	0.00894	0.57159
130 G	0.41934	0.00884	0.57182
131 T	0.41958	0.00795	0.57246
132 T	0.41842	0.00887	0.57271
133 T	0.41593	0.01164	0.57242
134 T	0.41290	0.01497	0.57213
135 T	0.40753	0.02084	0.57164
136 G	0.39701	0.03137	0.57161
137 G	0.39210	0.03644	0.57145
138 T	0.38926	0.03885	0.57189
139 A	0.38594	0.04234	0.57172
140 C	0.38279	0.04566	0.57155
141 T	0.37854	0.05106	0.5704
142 C	0.36817	0.06345	0.56837
143 T	0.35833	0.07503	0.56664
144 A	0.34718	0.08644	0.56638
145 T	0.33943	0.09447	0.5661
146 A	0.32960	0.10449	0.56591
147 C	0.31713	0.11706	0.56582
148 C	0.30194	0.13239	0.56566
149 A	0.28145	0.15399	0.56456
150 A	0.27095	0.16546	0.56359
151 G	0.26023	0.17773	0.56204
152 A	0.25422	0.18693	0.55885
153 A	0.25023	0.19287	0.5569
154 G	0.24902	0.19272	0.55827
155 G	0.24863	0.19195	0.55942
156 T	0.24897	0.19025	0.56078
157 A	0.24884	0.19076	0.5604
158 A	0.24907	0.18919	0.56173
159 A	0.24878	0.18537	0.56585
160 A	0.24856	0.18557	0.56587
161 G	0.24749	0.18565	0.56685
162 A	0.24714	0.18600	0.56686
163 A	0.24709	0.18495	0.56797
164 A	0.24794	0.17990	0.57217
165 A	0.24955	0.16798	0.58247
166 T	0.25114	0.15415	0.59471
167 A	0.25110	0.14297	0.60592
168 T	0.25135	0.13269	0.61595
169 A	0.25132	0.12521	0.62347
170 T	0.25141	0.11359	0.63499
171 A	0.25130	0.10270	0.646
172 G	0.25210	0.08218	0.66572
173 A	0.25300	0.07399	0.67301
174 A	0.25474	0.06281	0.68244
175 T	0.25859	0.05313	0.68828
176 C	0.26081	0.04724	0.69196
177 T	0.26331	0.04436	0.69234
178 C	0.26403	0.04395	0.69202
179 T	0.26600	0.04444	0.68956
180 T	0.26748	0.04512	0.6874
181 A	0.26862	0.04584	0.68555
182 A	0.27149	0.04325	0.68526
183 T	0.27726	0.03771	0.68503
184 T	0.28019	0.03554	0.68428
185 T	0.28244	0.03660	0.68095
186 T	0.28292	0.04939	0.66768
187 T	0.28075	0.05427	0.66498
188 A	0.27829	0.05861	0.66311
189 T	0.27735	0.06021	0.66244
190 T	0.27617	0.06164	0.6622
191 C	0.27432	0.06372	0.66196
192 T	0.27365	0.06510	0.66125
193 A	0.27142	0.06828	0.66029
194 G	0.27027	0.06988	0.65986
195 A	0.26940	0.07181	0.65878
196 A	0.26993	0.07244	0.65762
197 A	0.27012	0.07270	0.65718
198 A	0.27145	0.07148	0.65707
199 T	0.27422	0.06781	0.65797
200 T	0.27581	0.06593	0.65826
201 T	0.27687	0.06466	0.65848
202 T	0.27800	0.06549	0.65651
203 T	0.27850	0.06678	0.65472
204 A	0.27535	0.07417	0.65048
205 G	0.27288	0.07812	0.64899
206 G	0.27298	0.07963	0.64739
207 A	0.27488	0.08066	0.64447
208 A	0.27900	0.07959	0.6414
209 A	0.29301	0.06539	0.6416
210 T	0.29724	0.05831	0.64444
211 T	0.29909	0.05477	0.64613
212 T	0.29900	0.05684	0.64416
213 T	0.29642	0.06688	0.6367
214 G	0.29197	0.07872	0.62931
215 A	0.27514	0.10351	0.62135
216 A	0.26764	0.11073	0.62163
217 A	0.26161	0.11530	0.6231
218 A	0.25338	0.12247	0.62415
219 A	0.24963	0.12587	0.62449
220 C	0.24632	0.12924	0.62443
221 C	0.24465	0.13156	0.62378
222 A	0.24423	0.13315	0.62262
223 G	0.24475	0.13328	0.62197
224 A	0.24604	0.13205	0.6219
225 T	0.24875	0.12928	0.62197
226 G	0.25060	0.12679	0.62261
227 T	0.25553	0.11791	0.62657
228 C	0.25726	0.11334	0.6294
229 G	0.25870	0.11132	0.62998
230 A	0.26108	0.10874	0.63018
231 T	0.26484	0.10482	0.63034
232 C	0.26599	0.10368	0.63033
233 A	0.26711	0.10292	0.62997
234 A	0.26973	0.09989	0.63037
235 A	0.27470	0.09377	0.63152
236 T	0.28384	0.08164	0.63452
237 T	0.29071	0.07169	0.6376
238 G	0.29559	0.04946	0.65495
239 A	0.29644	0.04114	0.66242
240 A	0.29688	0.03477	0.66835
241 G	0.29729	0.02515	0.67755
242 G	0.29810	0.02063	0.68127
243 T	0.29967	0.01653	0.6838
244 T	0.30000	0.01616	0.68384
245 T	0.29977	0.01886	0.68137
246 A	0.29736	0.02240	0.68024
247 T	0.29502	0.02498	0.67999
248 G	0.29133	0.02917	0.6795
249 T	0.28934	0.03202	0.67864
250 C	0.28683	0.03494	0.67823
251 C	0.28433	0.03978	0.67588
252 T	0.28080	0.05932	0.65988
253 G	0.27620	0.07199	0.65182
254 C	0.27284	0.07784	0.64932
255 A	0.26813	0.09193	0.63994
256 A	0.26564	0.09780	0.63656
257 T	0.26409	0.09989	0.63603
258 C	0.26225	0.10207	0.63567
259 A	0.26188	0.10345	0.63467
260 A	0.26220	0.10328	0.63452
261 C	0.26275	0.10224	0.63501
262 A	0.26339	0.10242	0.63419
263 T	0.26435	0.10188	0.63378
264 T	0.26458	0.10225	0.63317
265 A	0.26309	0.10618	0.63074
266 A	0.26252	0.10795	0.62953
267 A	0.26322	0.10721	0.62958
268 A	0.26487	0.10498	0.63015
269 A	0.26610	0.10174	0.63216
270 A	0.26692	0.09869	0.63439
271 G	0.26820	0.09456	0.63724
272 G	0.27011	0.09223	0.63766
273 A	0.27206	0.08985	0.63809
274 A	0.27623	0.08484	0.63892
275 T	0.29285	0.06508	0.64206
276 A	0.29985	0.05549	0.64467
277 A	0.30301	0.04931	0.64767
278 T	0.31145	0.03622	0.65233
279 A	0.31422	0.03083	0.65495
280 T	0.31526	0.02774	0.657
281 C	0.31582	0.02573	0.65845
282 T	0.31688	0.02544	0.65768
283 T	0.31721	0.02765	0.65515
284 A	0.31728	0.03146	0.65125
285 T	0.31793	0.03182	0.65026
286 A	0.31802	0.03194	0.65004
287 A	0.31854	0.03084	0.65062
288 T	0.32090	0.02644	0.65267
289 C	0.32185	0.02433	0.65382
290 C	0.32250	0.02359	0.65392
291 A	0.32311	0.02334	0.65356
292 C	0.32432	0.02219	0.65349
293 G	0.32579	0.02080	0.65342
294 T	0.32831	0.01844	0.65325
295 T	0.32991	0.01688	0.65321
296 C	0.33076	0.01610	0.65314
297 T	0.33078	0.01686	0.65236
298 A	0.33016	0.01797	0.65187
299 C	0.33026	0.01787	0.65187
300 T	0.33007	0.01813	0.6518
301 G	0.32912	0.01922	0.65165
302 T	0.32902	0.01946	0.65153
303 C	0.32812	0.02053	0.65135
304 G	0.32676	0.02202	0.65121
305 G	0.32698	0.02190	0.65112
306 A	0.32909	0.01986	0.65105
307 A	0.33206	0.01693	0.651
308 C	0.33319	0.01579	0.65103
309 T	0.33359	0.01522	0.65119
310 A	0.33365	0.01500	0.65135
311 T	0.33369	0.01486	0.65145
312 G	0.33350	0.01495	0.65155
313 A	0.33311	0.01544	0.65145
314 C	0.33322	0.01493	0.65184
315 T	0.33325	0.01506	0.65169
316 G	0.33298	0.01551	0.65151
317 A	0.33297	0.01583	0.6512
318 A	0.33305	0.01595	0.651
319 A	0.33323	0.01581	0.65096
320 T	0.33406	0.01385	0.65209
321 T	0.33454	0.01229	0.65317
322 T	0.33459	0.01175	0.65365
323 A	0.33448	0.01162	0.6539
324 T	0.33455	0.01064	0.65481
325 G	0.33457	0.01052	0.6549
326 A	0.33468	0.00965	0.65567
327 T	0.33485	0.00822	0.65693
328 T	0.33493	0.00809	0.65698
329 A	0.33497	0.00827	0.65676
330 C	0.33486	0.00890	0.65624
331 T	0.33479	0.01024	0.65497
332 T	0.33475	0.01093	0.65432
333 A	0.33448	0.01201	0.65352
334 A	0.33452	0.01247	0.65301
335 G	0.33466	0.01238	0.65296
336 T	0.33503	0.01146	0.65352
337 T	0.33521	0.01097	0.65382
338 T	0.33543	0.01065	0.65392
339 G	0.33554	0.01036	0.6541
340 C	0.33580	0.01006	0.65414
341 T	0.33608	0.01003	0.65389
342 T	0.33629	0.01011	0.6536
343 T	0.33641	0.01011	0.65348
344 A	0.33650	0.01033	0.65317
345 T	0.33670	0.01039	0.65291
346 G	0.33671	0.01064	0.65265
347 C	0.33666	0.01088	0.65246
348 T	0.33705	0.01124	0.65172
349 A	0.33713	0.01220	0.65066
350 A	0.33734	0.01264	0.65003
351 T	0.33827	0.01227	0.64946
352 A	0.33891	0.01176	0.64933
353 T	0.34038	0.01014	0.64949
354 T	0.34156	0.00907	0.64937
355 T	0.34154	0.00951	0.64896
356 C	0.34132	0.00999	0.64869
357 T	0.34100	0.01073	0.64827
358 A	0.33922	0.01267	0.64811
359 T	0.33830	0.01369	0.64801
360 T	0.33539	0.01661	0.648
361 C	0.32643	0.02563	0.64794
362 C	0.31738	0.03522	0.6474
363 T	0.30707	0.04632	0.64661
364 C	0.29654	0.05771	0.64575
365 A	0.27978	0.07778	0.64244
366 A	0.27102	0.08696	0.64202
367 G	0.26749	0.09052	0.64199
368 A	0.26556	0.09241	0.64203
369 T	0.26040	0.09740	0.64221
370 C	0.24700	0.11045	0.64255
371 C	0.23336	0.12409	0.64255
372 C	0.21101	0.14694	0.64205
373 G	0.17576	0.18304	0.64119
374 A	0.16483	0.19452	0.64064
375 A	0.16107	0.19889	0.64005
376 A	0.15815	0.20240	0.63944
377 C	0.15615	0.20459	0.63926
378 T	0.15372	0.20665	0.63963
379 A	0.14765	0.21292	0.63942
380 A	0.13913	0.22114	0.63973
381 A	0.13576	0.22277	0.64146
382 C	0.13403	0.22288	0.64309
383 A	0.13121	0.22191	0.64688
384 A	0.12919	0.21449	0.65632
385 T	0.12939	0.20506	0.66556
386 C	0.12758	0.19807	0.67435
387 A	0.12553	0.20199	0.67247
388 A	0.12536	0.19485	0.67978
389 T	0.12397	0.19380	0.68223
390 T	0.11779	0.20479	0.67741
391 A	0.10365	0.22600	0.67035
392 A	0.09289	0.23520	0.67191
393 A	0.08676	0.22767	0.68557
394 A	0.08348	0.21650	0.70002
395 A	0.08270	0.19374	0.72356
396 T	0.08293	0.15511	0.76196
397 C	0.08092	0.14662	0.77246
398 A	0.08009	0.15781	0.7621
399 A	0.08035	0.16983	0.74982
400 A	0.08034	0.19792	0.72174
401 A	0.08027	0.21111	0.70862
402 T	0.08028	0.22345	0.69626
403 T	0.07944	0.22562	0.69494
404 T	0.07468	0.23838	0.68694
405 A	0.06824	0.25784	0.67392
406 G	0.06487	0.26437	0.67077
407 A	0.06239	0.27113	0.66647
408 A	0.06049	0.27518	0.66433
409 G	0.06080	0.27525	0.66394
410 A	0.06769	0.27238	0.65992
411 A	0.07618	0.26396	0.65985
412 A	0.08273	0.25686	0.66042
413 T	0.09063	0.24211	0.66726
414 T	0.09635	0.22403	0.67962
415 A	0.09874	0.21155	0.68971
416 T	0.09881	0.20651	0.69468
417 C	0.09849	0.20449	0.69702
418 G	0.09832	0.20508	0.6966
419 A	0.09835	0.20622	0.69543
420 A	0.10045	0.20402	0.69553
421 C	0.11093	0.19409	0.69498
422 A	0.12159	0.18774	0.69066
423 A	0.15802	0.15381	0.68817
424 A	0.18183	0.13076	0.68741
425 T	0.21224	0.09893	0.68883
426 T	0.22172	0.08878	0.68949
427 T	0.22683	0.08104	0.69213
428 T	0.22697	0.08898	0.68405
429 A	0.18541	0.14948	0.66511
430 A	0.16683	0.17942	0.65375
431 A	0.15077	0.19939	0.64984
432 A	0.14359	0.20888	0.64753
433 T	0.14317	0.21018	0.64665
434 T	0.13362	0.22064	0.64574
435 G	0.11080	0.24346	0.64573
436 A	0.10042	0.25408	0.6455
437 A	0.09463	0.25968	0.64569
438 A	0.09303	0.26020	0.64678
439 C	0.09250	0.25906	0.64844
440 T	0.09245	0.25833	0.64922
441 A	0.09138	0.25907	0.64955
442 A	0.09269	0.25688	0.65043
443 A	0.09476	0.25383	0.6514
444 T	0.09728	0.25060	0.65212
445 T	0.10090	0.24433	0.65476
446 C	0.10308	0.24095	0.65596
447 T	0.10439	0.23992	0.65568
448 A	0.10480	0.23993	0.65527
449 A	0.10572	0.23851	0.65577
450 A	0.10904	0.23398	0.65698
451 A	0.12294	0.21651	0.66055
452 T	0.14655	0.14517	0.70829
453 T	0.15894	0.10778	0.73328
454 T	0.16270	0.08193	0.75537
455 T	0.16355	0.07156	0.7649
456 T	0.16317	0.06860	0.76822
457 A	0.16177	0.06520	0.77303
458 T	0.16080	0.04844	0.79077
459 T	0.15976	0.04227	0.79797
460 T	0.15814	0.03912	0.80274
461 T	0.15552	0.04285	0.80163
462 A	0.14805	0.04919	0.80277
463 G	0.14105	0.05457	0.80437
464 C	0.13529	0.05831	0.80641
465 T	0.13217	0.06125	0.80658
466 C	0.13005	0.06456	0.80539
467 C	0.12860	0.06938	0.80202
468 A	0.12634	0.07980	0.79386
469 A	0.12601	0.08446	0.78953
470 T	0.12591	0.08727	0.78682
471 T	0.12462	0.09598	0.7794
472 G	0.12091	0.11658	0.7625
473 T	0.11956	0.12547	0.75498
474 A	0.11656	0.13564	0.7478
475 G	0.11436	0.14381	0.74183
476 A	0.11020	0.16131	0.72849
477 A	0.10583	0.18392	0.71025
478 A	0.10096	0.22099	0.67805
479 A	0.07747	0.27122	0.65131
480 A	0.05565	0.31366	0.63069
481 G	0.04653	0.32896	0.62451
482 A	0.04270	0.33856	0.61874
483 A	0.03847	0.34504	0.61649
484 A	0.03808	0.34533	0.61659
485 A	0.03601	0.34283	0.62116
486 A	0.03390	0.34014	0.62595
487 G	0.03291	0.33569	0.6314
488 G	0.03201	0.33596	0.63203
489 A	0.03255	0.33537	0.63208
490 A	0.03364	0.33520	0.63116
491 C	0.03951	0.32806	0.63242
492 A	0.04275	0.32460	0.63265
493 C	0.04605	0.32048	0.63347
494 A	0.05312	0.31362	0.63326
495 T	0.07098	0.29483	0.63419
496 C	0.07667	0.28881	0.63452
497 A	0.07927	0.28537	0.63536
498 A	0.08178	0.28200	0.63622
499 A	0.09298	0.26714	0.63988
500 A	0.10962	0.24680	0.64358
501 A	0.14347	0.20812	0.64841
502 A	0.17380	0.14666	0.67954
503 T	0.19788	0.09426	0.70786
504 T	0.20133	0.08183	0.71684
505 T	0.19612	0.09843	0.70545
506 T	0.17742	0.13302	0.68955
507 A	0.13161	0.19633	0.67206
508 A	0.10721	0.22704	0.66574
509 A	0.09713	0.23853	0.66434
510 A	0.09426	0.24154	0.6642
511 A	0.09420	0.24471	0.66109
512 A	0.09544	0.24568	0.65889
513 A	0.09834	0.24189	0.65977
514 T	0.10000	0.23968	0.66032
515 T	0.09899	0.24032	0.66068
516 T	0.09736	0.24256	0.66008
517 T	0.09531	0.24532	0.65937
518 T	0.09192	0.24894	0.65914
519 A	0.07880	0.26168	0.65952
520 A	0.07022	0.26783	0.66195
521 A	0.06413	0.27156	0.66431
522 A	0.06024	0.27358	0.66618
523 A	0.05877	0.27287	0.66836
524 A	0.05915	0.26959	0.67127
525 A	0.06051	0.26277	0.67673
526 G	0.06394	0.24893	0.68712
527 G	0.07270	0.22516	0.70214
528 T	0.09568	0.18707	0.71725
529 T	0.11316	0.15049	0.73635
530 T	0.12720	0.10431	0.76848
531 C	0.13148	0.08290	0.78562
532 G	0.13349	0.07557	0.79094
533 A	0.13473	0.07315	0.79212
534 T	0.13958	0.06751	0.7929
535 T	0.14319	0.06529	0.79153
536 G	0.14465	0.06637	0.78898
537 T	0.14675	0.06573	0.78752
538 T	0.14793	0.06470	0.78737
539 T	0.14739	0.06953	0.78308
540 T	0.14357	0.07768	0.77874
541 A	0.14191	0.08361	0.77447
542 T	0.14173	0.07807	0.7802
543 T	0.14076	0.07625	0.78298
544 A	0.13909	0.07868	0.78223
545 T	0.13812	0.08086	0.78103
546 T	0.13141	0.08746	0.78113
547 G	0.11153	0.10832	0.78014
548 A	0.09357	0.12912	0.77731
549 T	0.08235	0.14498	0.77267
550 C	0.06139	0.17257	0.76604
551 A	0.05434	0.20062	0.74505
552 A	0.05113	0.22463	0.72423
553 A	0.04905	0.24968	0.70126
554 A	0.04815	0.25962	0.69223
555 A	0.04805	0.26297	0.68898
556 A	0.04867	0.26442	0.68691
557 A	0.05040	0.26344	0.68617
558 A	0.05377	0.26002	0.6862
559 A	0.05886	0.25407	0.68707
560 T	0.06640	0.24511	0.68849
561 A	0.07114	0.23897	0.68988
562 T	0.08020	0.22724	0.69256
563 C	0.08523	0.21791	0.69686
564 A	0.09059	0.21152	0.69789
565 T	0.09511	0.20606	0.69884
566 T	0.09765	0.20256	0.69979
567 A	0.09904	0.20001	0.70095
568 G	0.10091	0.19689	0.7022
569 A	0.09995	0.18899	0.71106
570 A	0.09808	0.17095	0.73097
571 A	0.09779	0.15346	0.74875
572 A	0.10171	0.13827	0.76001
573 C	0.11003	0.11001	0.77996
574 G	0.12835	0.09076	0.78089
575 G	0.14880	0.06901	0.78219
576 T	0.17465	0.04216	0.78318
577 T	0.18294	0.03340	0.78366
578 T	0.18425	0.03188	0.78388
579 C	0.18392	0.03165	0.78442
580 C	0.18266	0.03290	0.78444
581 C	0.17827	0.03749	0.78424
582 T	0.17684	0.03910	0.78405
583 T	0.17469	0.04147	0.78385
584 C	0.16997	0.04648	0.78355
585 G	0.16502	0.05268	0.7823
586 C	0.15998	0.06003	0.77999
587 T	0.14810	0.07833	0.77356
588 A	0.12373	0.10718	0.76909
589 G	0.11741	0.11601	0.76658
590 A	0.11379	0.12131	0.76489
591 A	0.11103	0.12436	0.76462
592 A	0.10775	0.12642	0.76584
593 A	0.10585	0.12487	0.76927
594 A	0.10446	0.12213	0.77341
595 G	0.10402	0.11962	0.77635
596 A	0.10452	0.11793	0.77755
597 T	0.10846	0.11281	0.77873
598 C	0.10883	0.11185	0.77932
599 A	0.10898	0.11239	0.77864
600 A	0.10907	0.11207	0.77886
601 T	0.10914	0.11112	0.77973
602 A	0.10904	0.11033	0.78063
603 T	0.10896	0.10883	0.78221
604 C	0.10788	0.10330	0.78881
605 A	0.10756	0.10235	0.79009
606 T	0.10787	0.09991	0.79222
607 G	0.10802	0.09770	0.79427
608 A	0.10939	0.09370	0.79691
609 T	0.11278	0.08754	0.79968
610 A	0.11823	0.06988	0.81189
611 T	0.12260	0.04199	0.83542
612 T	0.12475	0.03377	0.84148
613 T	0.12604	0.02989	0.84407
614 A	0.12598	0.02807	0.84596
615 T	0.12672	0.02459	0.8487
616 A	0.12602	0.02343	0.85054
617 T	0.12544	0.02199	0.85257
618 C	0.12390	0.02260	0.8535
619 G	0.12265	0.02395	0.85339
620 T	0.12197	0.02488	0.85315
621 C	0.11914	0.02784	0.85303
622 A	0.11629	0.03185	0.85186
623 T	0.11596	0.03304	0.851
624 A	0.11505	0.03417	0.85078
625 G	0.11436	0.03509	0.85056
626 A	0.11431	0.03496	0.85073
627 T	0.11507	0.03265	0.85227
628 C	0.11407	0.03309	0.85284
629 G	0.11322	0.03500	0.85179
630 T	0.11305	0.03668	0.85027
631 A	0.10955	0.04306	0.84739
632 T	0.10625	0.04875	0.845
633 T	0.09619	0.06275	0.84105
634 G	0.08508	0.08161	0.83331
635 A	0.07394	0.10743	0.81863
636 A	0.06663	0.12044	0.81293
637 A	0.06244	0.12689	0.81068
638 T	0.06031	0.13093	0.80876
639 A	0.05563	0.13798	0.80639
640 A	0.05196	0.14323	0.80481
641 A	0.05042	0.14345	0.80613
642 T	0.04970	0.14278	0.80752
643 A	0.04764	0.14442	0.80794
644 A	0.04701	0.14274	0.81025
645 C	0.04731	0.13952	0.81317
646 A	0.04765	0.13950	0.81286
647 A	0.04771	0.13911	0.81318
648 T	0.04807	0.13827	0.81366
649 A	0.04802	0.13822	0.81376
650 A	0.04806	0.13802	0.81392
651 A	0.04784	0.13580	0.81636
652 G	0.04865	0.13218	0.81917
653 A	0.05012	0.12826	0.82162
654 A	0.05363	0.11977	0.82661
655 A	0.05673	0.11121	0.83207
656 G	0.06129	0.09493	0.84379
657 A	0.06999	0.07596	0.85405
658 T	0.08573	0.04895	0.86532
659 T	0.09129	0.03676	0.87196
660 A	0.09340	0.03101	0.8756
661 T	0.09564	0.02603	0.87832
662 G	0.09759	0.01988	0.88253
663 T	0.09934	0.01509	0.88557
664 G	0.09959	0.01336	0.88705
665 A	0.10003	0.01190	0.88806
666 T	0.10094	0.00903	0.89003
667 T	0.10156	0.00749	0.89096
668 C	0.10182	0.00660	0.89158
669 T	0.10231	0.00597	0.89172
670 T	0.10228	0.00597	0.89174
671 T	0.10221	0.00610	0.89169
672 A	0.10219	0.00631	0.89151
673 A	0.10226	0.00630	0.89145
674 A	0.10240	0.00555	0.89205
675 T	0.10262	0.00471	0.89267
676 T	0.10288	0.00411	0.893
677 T	0.10298	0.00388	0.89315
678 G	0.10247	0.00435	0.89318
679 G	0.10232	0.00453	0.89315
680 C	0.10252	0.00446	0.89302
681 T	0.10285	0.00475	0.8924
682 T	0.10306	0.00462	0.89232
683 T	0.10330	0.00443	0.89227
684 T	0.10336	0.00442	0.89222
685 T	0.10335	0.00446	0.89219
686 C	0.10328	0.00451	0.89221
687 T	0.10319	0.00465	0.89216
688 T	0.10310	0.00478	0.89212
689 T	0.10293	0.00497	0.8921
690 A	0.10262	0.00528	0.8921
691 G	0.10256	0.00531	0.89214
692 T	0.10262	0.00509	0.89229
693 T	0.10270	0.00479	0.8925
694 C	0.10274	0.00461	0.89265
695 C	0.10294	0.00438	0.89268
696 T	0.10300	0.00434	0.89265
697 G	0.10277	0.00465	0.89257
698 A	0.10238	0.00518	0.89244
699 T	0.10222	0.00543	0.89235
700 A	0.10203	0.00573	0.89224
701 A	0.10191	0.00545	0.89264
702 G	0.10189	0.00529	0.89282
703 G	0.10204	0.00524	0.89271
704 T	0.10268	0.00490	0.89242
705 T	0.10270	0.00581	0.89149
706 T	0.10259	0.00713	0.89028
707 T	0.10243	0.00828	0.8893
708 T	0.10220	0.00964	0.88816
709 A	0.10179	0.01029	0.88792
710 T	0.10168	0.01048	0.88784
711 T	0.10149	0.01063	0.88788
712 T	0.10095	0.01121	0.88784
713 C	0.09423	0.01811	0.88765
714 A	0.08676	0.02614	0.88709
715 C	0.07472	0.03852	0.88676
716 A	0.06527	0.04868	0.88604
717 A	0.06010	0.05409	0.88581
718 G	0.05561	0.05875	0.88564
719 A	0.05439	0.06026	0.88535
720 G	0.05395	0.06087	0.88519
721 G	0.05378	0.06140	0.88482
722 A	0.05376	0.06205	0.88419
723 A	0.05387	0.06245	0.88368
724 A	0.05398	0.06341	0.88261
725 A	0.05409	0.06382	0.88209
726 A	0.05439	0.06347	0.88214
727 A	0.05489	0.06295	0.88216
728 T	0.05619	0.06138	0.88243
729 T	0.05713	0.06009	0.88277
730 C	0.05731	0.05957	0.88312
731 A	0.05740	0.05926	0.88333
732 C	0.05735	0.05887	0.88378
733 A	0.05745	0.05873	0.88383
734 A	0.05756	0.05840	0.88404
735 A	0.05794	0.05755	0.88451
736 T	0.05876	0.04908	0.89215
737 T	0.05939	0.04172	0.89889
738 T	0.05970	0.02842	0.91188
739 T	0.05999	0.01928	0.92073
740 A	0.05991	0.01459	0.9255
741 C	0.05950	0.01076	0.92975
742 C	0.05933	0.01042	0.93026
743 G	0.05935	0.01132	0.92933
744 T	0.06008	0.01199	0.92793
745 A	0.05998	0.01676	0.92326
746 A	0.06010	0.02038	0.91951
747 T	0.06108	0.02209	0.91683
748 T	0.06134	0.02340	0.91526
749 A	0.06112	0.02452	0.91435
750 T	0.06118	0.02552	0.9133
751 T	0.06107	0.02555	0.91338
752 A	0.06099	0.02570	0.91332
753 T	0.06095	0.02535	0.91369
754 T	0.06087	0.02489	0.91423
755 C	0.06076	0.02475	0.91449
756 T	0.06071	0.02476	0.91453
757 T	0.06054	0.02496	0.91449
758 C	0.06022	0.02532	0.91447
759 T	0.05988	0.02584	0.91429
760 G	0.05912	0.02693	0.91395
761 A	0.05801	0.02851	0.91349
762 A	0.05443	0.03255	0.91302
763 A	0.05216	0.03534	0.9125
764 A	0.05029	0.03726	0.91244
765 A	0.05007	0.03754	0.91238
766 A	0.05083	0.03718	0.91199
767 A	0.05249	0.03632	0.91119
768 A	0.05744	0.03185	0.91071
769 T	0.06195	0.02758	0.91047
770 T	0.06428	0.02535	0.91037
771 T	0.06516	0.02470	0.91013
772 A	0.06507	0.02553	0.90939
773 T	0.06551	0.02542	0.90908
774 C	0.06514	0.02574	0.90912
775 A	0.06506	0.02581	0.90914
776 T	0.06475	0.02607	0.90918
777 T	0.06388	0.02686	0.90926
778 C	0.06228	0.02835	0.90936
779 C	0.06052	0.03015	0.90933
780 T	0.05899	0.03174	0.90927
781 A	0.05734	0.03345	0.90921
782 A	0.05682	0.03393	0.90925
783 A	0.05680	0.03374	0.90946
784 A	0.05704	0.03267	0.91029
785 G	0.05737	0.02838	0.91424
786 A	0.05786	0.02558	0.91656
787 G	0.05844	0.02300	0.91856
788 A	0.05913	0.02163	0.91924
789 A	0.06002	0.02011	0.91987
790 A	0.06118	0.01841	0.92041
791 T	0.06268	0.01628	0.92104
792 A	0.06344	0.01504	0.92152
793 C	0.06391	0.01382	0.92228
794 G	0.06444	0.01301	0.92255
795 T	0.06543	0.01164	0.92292
796 T	0.06583	0.01112	0.92305
797 T	0.06595	0.01077	0.92328
798 A	0.06599	0.01062	0.92339
799 T	0.06609	0.00933	0.92457
800 T	0.06610	0.00781	0.92609
801 T	0.06600	0.00590	0.9281
802 T	0.06584	0.00452	0.92963
803 C	0.06565	0.00355	0.9308
804 T	0.06551	0.00329	0.9312
805 T	0.06500	0.00382	0.93117
806 T	0.06446	0.00447	0.93107
807 T	0.06383	0.00528	0.93089
808 A	0.06270	0.00687	0.93043
809 A	0.06202	0.00815	0.92983
810 T	0.06148	0.00928	0.92924
811 A	0.06080	0.01018	0.92902
812 A	0.05989	0.01112	0.92898
813 T	0.05929	0.01167	0.92904
814 A	0.05817	0.01277	0.92906
815 C	0.05777	0.01313	0.9291
816 T	0.05762	0.01328	0.9291
817 C	0.05732	0.01359	0.92908
818 A	0.05692	0.01412	0.92896
819 T	0.05678	0.01433	0.92888
820 G	0.05657	0.01469	0.92874
821 G	0.05640	0.01495	0.92865
822 A	0.05635	0.01507	0.92859
823 A	0.05639	0.01494	0.92867
824 T	0.05656	0.01450	0.92894
825 T	0.05669	0.01394	0.92938
826 T	0.05675	0.01341	0.92984
827 G	0.05678	0.01291	0.93031
828 T	0.05693	0.01213	0.93094
829 C	0.05689	0.01169	0.93142
830 A	0.05698	0.01147	0.93155
831 A	0.05729	0.01061	0.9321
832 A	0.05784	0.00965	0.93252
833 G	0.05838	0.00866	0.93296
834 T	0.05863	0.00788	0.93348
835 T	0.05849	0.00703	0.93447
836 G	0.05818	0.00651	0.93531
837 T	0.05794	0.00570	0.93637
838 C	0.05694	0.00640	0.93667
839 A	0.05612	0.00757	0.93631
840 A	0.05583	0.00789	0.93627
841 G	0.05585	0.00760	0.93655
842 G	0.05582	0.00767	0.93651
843 T	0.05589	0.00782	0.93629
844 T	0.05560	0.00850	0.9359
845 T	0.05512	0.00898	0.9359
846 A	0.05467	0.00953	0.9358
847 G	0.05447	0.00974	0.93579
848 G	0.05437	0.00993	0.9357
849 C	0.05429	0.01049	0.93521
850 G	0.05423	0.01386	0.93192
851 T	0.05408	0.01726	0.92867
852 A	0.05139	0.02201	0.9266
853 A	0.04938	0.02511	0.9255
854 A	0.04814	0.02725	0.92461
855 A	0.04731	0.02865	0.92404
856 A	0.04685	0.02929	0.92386
857 A	0.04654	0.02956	0.9239
858 T	0.04641	0.02946	0.92412
859 A	0.04600	0.02970	0.92431
860 A	0.04588	0.02963	0.92449
861 A	0.04579	0.02893	0.92528
862 T	0.04611	0.02786	0.92603
863 T	0.04614	0.02754	0.92632
864 A	0.04605	0.02748	0.92648
865 G	0.04617	0.02713	0.9267
866 A	0.04647	0.02664	0.92689
867 T	0.04703	0.02562	0.92735
868 C	0.04709	0.02507	0.92784
869 C	0.04734	0.02458	0.92808
870 G	0.04763	0.02433	0.92805
871 A	0.04806	0.02406	0.92788
872 A	0.04909	0.02309	0.92781
873 T	0.05313	0.01902	0.92784
874 T	0.05640	0.01552	0.92808
875 T	0.05792	0.01115	0.93093
876 A	0.05848	0.00866	0.93286
877 A	0.05912	0.00661	0.93427
878 T	0.05980	0.00495	0.93525
879 T	0.06006	0.00406	0.93588
880 A	0.06000	0.00374	0.93626
881 T	0.06011	0.00326	0.93664
882 T	0.06012	0.00280	0.93708
883 T	0.05998	0.00276	0.93726
884 G	0.05942	0.00323	0.93734
885 T	0.05901	0.00375	0.93724
886 T	0.05845	0.00478	0.93678
887 T	0.05769	0.00645	0.93586
888 A	0.05677	0.00883	0.9344
889 G	0.05629	0.01251	0.9312
890 A	0.05601	0.01488	0.9291
891 T	0.05585	0.01653	0.92762
892 A	0.05556	0.01705	0.92739
893 A	0.05557	0.01714	0.92728
894 A	0.05573	0.01711	0.92716
895 T	0.05584	0.01702	0.92714
896 C	0.05587	0.01703	0.9271
897 T	0.05594	0.01718	0.92688
898 A	0.05597	0.01743	0.9266
899 T	0.05602	0.01747	0.92651
900 T	0.05602	0.01756	0.92642
901 A	0.05600	0.01780	0.9262
902 A	0.05596	0.01782	0.92622
903 T	0.05587	0.01771	0.92642
904 G	0.05568	0.01776	0.92656
905 A	0.05556	0.01775	0.9267
906 A	0.05556	0.01748	0.92696
907 G	0.05566	0.01671	0.92762
908 G	0.05594	0.01587	0.92818
909 A	0.05671	0.01456	0.92873
910 G	0.05793	0.01264	0.92943
911 G	0.05956	0.01035	0.93009
912 T	0.06290	0.00668	0.93043
913 A	0.06459	0.00479	0.93062
914 T	0.06595	0.00330	0.93075
915 C	0.06616	0.00285	0.93099
916 A	0.06630	0.00269	0.93101
917 T	0.06648	0.00247	0.93105
918 T	0.06656	0.00238	0.93106
919 C	0.06658	0.00236	0.93105
920 C	0.06675	0.00229	0.93096
921 T	0.06699	0.00225	0.93076
922 T	0.06699	0.00255	0.93047
923 A	0.06693	0.00279	0.93029
924 T	0.06707	0.00274	0.93019
925 T	0.06710	0.00282	0.93008
926 T	0.06706	0.00271	0.93024
927 T	0.06702	0.00255	0.93043
928 T	0.06695	0.00254	0.93051
929 A	0.06679	0.00289	0.93032
930 C	0.06639	0.00329	0.93033
931 T	0.06594	0.00384	0.93022
932 A	0.06389	0.00597	0.93014
933 T	0.06347	0.00646	0.93008
934 C	0.06236	0.00768	0.92995
935 A	0.06182	0.00846	0.92972
936 A	0.06158	0.00889	0.92952
937 A	0.06150	0.00917	0.92932
938 A	0.06137	0.00938	0.92925
939 T	0.06137	0.00940	0.92923
940 G	0.06129	0.00949	0.92922
941 T	0.06128	0.00956	0.92916
942 A	0.06119	0.00973	0.92909
943 T	0.06119	0.00968	0.92912
944 A	0.06115	0.00973	0.92911
945 T	0.06122	0.00956	0.92922
946 T	0.06115	0.00952	0.92933
947 C	0.06089	0.00969	0.92941
948 T	0.06058	0.01003	0.92939
949 C	0.06022	0.01039	0.92939
950 A	0.06003	0.01073	0.92924
951 A	0.05984	0.01090	0.92927
952 A	0.05997	0.01066	0.92936
953 T	0.06004	0.01006	0.9299
954 T	0.06009	0.00942	0.93049
955 C	0.05995	0.00738	0.93268
956 A	0.05988	0.00720	0.93292
957 T	0.05999	0.00632	0.93369
958 G	0.06009	0.00631	0.9336
959 A	0.06017	0.00653	0.93331
960 T	0.06030	0.00663	0.93308
961 T	0.06019	0.00734	0.93247
962 T	0.05894	0.00924	0.93183
963 A	0.05547	0.01368	0.93085
964 A	0.05213	0.01741	0.93046
965 A	0.05085	0.01865	0.9305
966 A	0.05003	0.01932	0.93065
967 A	0.04984	0.01921	0.93095
968 C	0.04988	0.01856	0.93157
969 T	0.04993	0.01846	0.93161
970 T	0.04986	0.01847	0.93167
971 T	0.04975	0.01849	0.93176
972 T	0.04957	0.01852	0.93191
973 T	0.04926	0.01876	0.93197
974 G	0.04863	0.01924	0.93213
975 T	0.04804	0.01973	0.93223
976 C	0.04633	0.02143	0.93223
977 A	0.04578	0.02221	0.93202
978 A	0.04536	0.02274	0.93191
979 C	0.04528	0.02302	0.9317
980 A	0.04529	0.02411	0.93059
981 T	0.04581	0.02444	0.92975
982 A	0.04615	0.02534	0.92851
983 A	0.04649	0.02529	0.92822
984 T	0.04730	0.02447	0.92823
985 A	0.04783	0.02267	0.9295
986 A	0.04864	0.01882	0.93255
987 T	0.04858	0.01557	0.93585
988 A	0.04731	0.01579	0.93691
989 T	0.04687	0.01596	0.93716
990 T	0.04556	0.01909	0.93536
991 G	0.04383	0.02362	0.93256
992 A	0.04264	0.02787	0.9295
993 T	0.04199	0.02954	0.92846
994 A	0.04091	0.03196	0.92713
995 T	0.04019	0.03285	0.92695
996 G	0.03815	0.03528	0.92657
997 A	0.03657	0.03647	0.92696
998 A	0.03568	0.03681	0.92752
999 C	0.03554	0.03531	0.92915
1000 A	0.03572	0.03477	0.92951
1001 C	0.03606	0.03412	0.92983
1002 A	0.03650	0.03360	0.9299
1003 C	0.03763	0.03243	0.92994
1004 C	0.03846	0.03187	0.92967
1005 T	0.03957	0.03167	0.92875
1006 T	0.03947	0.03275	0.92779
1007 T	0.03826	0.03541	0.92633
1008 A	0.03536	0.03991	0.92473
1009 A	0.03276	0.04293	0.92431
1010 A	0.03079	0.04442	0.92478
1011 A	0.02841	0.04566	0.92593
1012 A	0.02791	0.04610	0.92598
1013 A	0.02960	0.04505	0.92536
1014 A	0.03205	0.04494	0.92302
1015 T	0.03481	0.04300	0.92218
1016 T	0.03531	0.04379	0.9209
1017 A	0.03548	0.04376	0.92076
1018 A	0.03517	0.04346	0.92137
1019 A	0.03538	0.04150	0.92312
1020 T	0.03548	0.03979	0.92474
1021 C	0.03531	0.03912	0.92557
1022 C	0.03500	0.03932	0.92567
1023 T	0.03485	0.03962	0.92553
1024 A	0.03442	0.04027	0.92531
1025 A	0.03329	0.04146	0.92526
1026 A	0.03324	0.04153	0.92524
1027 T	0.03387	0.04078	0.92536
1028 T	0.03505	0.03894	0.92601
1029 A	0.03582	0.03730	0.92688
1030 T	0.03716	0.03446	0.92839
1031 T	0.03798	0.03107	0.93095
1032 A	0.03775	0.02920	0.93305
1033 A	0.03775	0.02756	0.93469
1034 A	0.03834	0.02416	0.93751
1035 C	0.03937	0.02151	0.93912
1036 A	0.04192	0.01835	0.93973
1037 T	0.04654	0.01278	0.94069
1038 T	0.04841	0.01050	0.9411
1039 C	0.04954	0.00884	0.94162
1040 T	0.05009	0.00819	0.94173
1041 T	0.05016	0.00752	0.94232
1042 C	0.05018	0.00721	0.94262
1043 T	0.05025	0.00738	0.94237
1044 T	0.05026	0.00781	0.94193
1045 T	0.05000	0.00848	0.94152
1046 A	0.04666	0.01311	0.94023
1047 T	0.04327	0.01821	0.93852
1048 G	0.03365	0.03220	0.93415
1049 G	0.02731	0.04149	0.9312
1050 A	0.02213	0.05229	0.92558
1051 A	0.01817	0.06330	0.91852
1052 A	0.01672	0.06735	0.91593
1053 A	0.01549	0.07100	0.91351
1054 A	0.01446	0.07506	0.91048
1055 A	0.01421	0.07727	0.90852
1056 A	0.01411	0.07825	0.90764
1057 G	0.01406	0.07894	0.90699
1058 A	0.01404	0.07907	0.9069
1059 A	0.01407	0.07901	0.90692
1060 A	0.01409	0.07897	0.90694
1061 A	0.01414	0.07884	0.90701
1062 C	0.01430	0.07853	0.90718
1063 C	0.01457	0.07826	0.90718
1064 T	0.01492	0.07801	0.90707
1065 T	0.01516	0.07791	0.90694
1066 A	0.01535	0.07786	0.90679
1067 A	0.01572	0.07751	0.90678
1068 A	0.01637	0.07654	0.90709
1069 A	0.01788	0.07097	0.91114
1070 A	0.02071	0.06386	0.91543
1071 T	0.02798	0.04720	0.92482
1072 A	0.03091	0.03890	0.93019
1073 A	0.03589	0.02913	0.93498
1074 T	0.04273	0.01832	0.93895
1075 A	0.04503	0.01487	0.94011
1076 A	0.04720	0.01177	0.94103
1077 C	0.05044	0.00781	0.94174
1078 T	0.05275	0.00652	0.94074
1079 T	0.05363	0.00652	0.93986
1080 T	0.05393	0.00680	0.93926
1081 G	0.05371	0.00704	0.93925
1082 A	0.05366	0.00713	0.93922
1083 T	0.05367	0.00702	0.93932
1084 C	0.05358	0.00708	0.93934
1085 C	0.05358	0.00718	0.93923
1086 T	0.05365	0.00755	0.9388
1087 C	0.05341	0.00809	0.9385
1088 T	0.05329	0.00870	0.93802
1089 T	0.05304	0.00929	0.93767
1090 A	0.05256	0.00985	0.93759
1091 A	0.05220	0.01023	0.93756
1092 T	0.05208	0.01036	0.93756
1093 T	0.05137	0.01103	0.9376
1094 C	0.04969	0.01283	0.93748
1095 A	0.04926	0.01408	0.93666
1096 G	0.04901	0.01534	0.93566
1097 G	0.04898	0.01606	0.93496
1098 A	0.04930	0.01648	0.93422
1099 G	0.04974	0.01639	0.93387
1100 T	0.05044	0.01562	0.93394
1101 T	0.05156	0.01446	0.93398
1102 A	0.05222	0.01372	0.93406
1103 T	0.05270	0.01292	0.93438
1104 C	0.05271	0.01263	0.93466
1105 A	0.05273	0.01270	0.93457
1106 A	0.05279	0.01263	0.93459
1107 T	0.05300	0.01232	0.93468
1108 A	0.05319	0.01214	0.93468
1109 T	0.05378	0.01152	0.93469
1110 T	0.05405	0.01089	0.93506
1111 T	0.05427	0.01067	0.93506
1112 T	0.05359	0.01177	0.93464
1113 A	0.05219	0.01306	0.93476
1114 G	0.05127	0.01385	0.93488
1115 A	0.05086	0.01431	0.93483
1116 A	0.05082	0.01387	0.93531
1117 C	0.05105	0.01235	0.9366
1118 A	0.05206	0.01142	0.93651
1119 T	0.05333	0.01038	0.93628
1120 T	0.05397	0.01051	0.93551
1121 T	0.05438	0.01068	0.93494
1122 T	0.05448	0.01074	0.93479
1123 T	0.05446	0.01110	0.93445
1124 A	0.05431	0.01160	0.93409
1125 T	0.05374	0.01217	0.93409
1126 C	0.05181	0.01423	0.93396
1127 A	0.05003	0.01621	0.93376
1128 T	0.04806	0.01846	0.93347
1129 C	0.04326	0.02358	0.93316
1130 A	0.04131	0.02654	0.93215
1131 A	0.03979	0.02956	0.93065
1132 A	0.03885	0.03184	0.92931
1133 A	0.03861	0.03257	0.92882
1134 A	0.03872	0.03267	0.9286
1135 A	0.03902	0.03181	0.92917
1136 A	0.03921	0.03069	0.9301
1137 T	0.03961	0.02941	0.93098
1138 G	0.03977	0.02885	0.93139
1139 A	0.04004	0.02845	0.93151
1140 T	0.04048	0.02788	0.93164
1141 C	0.04078	0.02751	0.93171
1142 C	0.04114	0.02717	0.93169
1143 T	0.04179	0.02668	0.93153
1144 A	0.04191	0.02733	0.93077
1145 A	0.04193	0.02780	0.93027
1146 T	0.04227	0.02765	0.93008
1147 A	0.04250	0.02744	0.93006
1148 A	0.04260	0.02639	0.93102
1149 T	0.04286	0.02357	0.93357
1150 A	0.04310	0.02119	0.93571
1151 T	0.04352	0.01811	0.93837
1152 C	0.04387	0.01333	0.9428
1153 A	0.04466	0.01147	0.94387
1154 A	0.04595	0.00911	0.94494
1155 T	0.04744	0.00678	0.94578
1156 T	0.04794	0.00593	0.94612
1157 G	0.04816	0.00549	0.94635
1158 G	0.04849	0.00461	0.9469
1159 T	0.04894	0.00392	0.94714
1160 T	0.04901	0.00381	0.94718
1161 T	0.04905	0.00381	0.94715
1162 A	0.04909	0.00393	0.94698
1163 T	0.04919	0.00410	0.94671
1164 T	0.04925	0.00445	0.94631
1165 A	0.04924	0.00525	0.9455
1166 A	0.04910	0.00678	0.94411
1167 T	0.04989	0.00611	0.944
1168 T	0.05028	0.00640	0.94333
1169 T	0.05037	0.00706	0.94257
1170 T	0.05037	0.00790	0.94174
1171 T	0.05013	0.00974	0.94013
1172 T	0.05004	0.01089	0.93907
1173 T	0.04991	0.01187	0.93821
1174 G	0.04961	0.01237	0.93802
1175 T	0.04933	0.01284	0.93784
1176 T	0.04876	0.01353	0.93771
1177 T	0.04792	0.01457	0.93751
1178 C	0.04708	0.01558	0.93734
1179 A	0.04579	0.01693	0.93728
1180 G	0.04550	0.01726	0.93724
1181 A	0.04534	0.01749	0.93717
1182 A	0.04529	0.01760	0.9371
1183 C	0.04538	0.01759	0.93703
1184 A	0.04555	0.01786	0.93659
1185 A	0.04574	0.01809	0.93617
1186 A	0.04613	0.01803	0.93585
1187 A	0.04668	0.01749	0.93583
1188 A	0.04754	0.01660	0.93587
1189 T	0.04919	0.01449	0.93632
1190 G	0.04969	0.01393	0.93638
1191 C	0.05069	0.01284	0.93648
1192 G	0.05157	0.01191	0.93651
1193 A	0.05258	0.01084	0.93658
1194 T	0.05417	0.00895	0.93689
1195 T	0.05500	0.00806	0.93694
1196 C	0.05544	0.00753	0.93703
1197 A	0.05556	0.00722	0.93723
1198 T	0.05568	0.00652	0.9378
1199 G	0.05554	0.00584	0.93862
1200 T	0.05536	0.00527	0.93937
1201 T	0.05455	0.00601	0.93943
1202 C	0.05265	0.00797	0.93939
1203 A	0.05095	0.01365	0.9354
1204 G	0.05040	0.01452	0.93508
1205 G	0.05014	0.01518	0.93469
1206 A	0.05009	0.01528	0.93464
1207 G	0.05045	0.01491	0.93463
1208 C	0.05086	0.01443	0.93471
1209 T	0.05117	0.01422	0.9346
1210 C	0.05117	0.01432	0.93451
1211 G	0.05117	0.01469	0.93414
1212 T	0.05118	0.01489	0.93393
1213 T	0.05116	0.01511	0.93372
1214 T	0.05111	0.01535	0.93354
1215 A	0.05093	0.01572	0.93334
1216 A	0.05077	0.01617	0.93307
1217 A	0.05062	0.01649	0.93289
1218 T	0.05033	0.01691	0.93277
1219 G	0.04989	0.01753	0.93257
1220 A	0.04972	0.01786	0.93242
1221 A	0.04964	0.01808	0.93228
1222 A	0.04961	0.01784	0.93254
1223 A	0.04976	0.01715	0.93308
1224 A	0.05021	0.01566	0.93413
1225 G	0.05158	0.01236	0.93606
1226 C	0.05542	0.00716	0.93741
1227 T	0.05594	0.00638	0.93769
1228 T	0.05624	0.00608	0.93768
1229 T	0.05629	0.00610	0.93762
1230 A	0.05623	0.00634	0.93743
1231 C	0.05633	0.00649	0.93718
1232 T	0.05636	0.00704	0.9366
1233 T	0.05613	0.00850	0.93537
1234 T	0.05550	0.01084	0.93366
1235 T	0.05392	0.01363	0.93245
1236 T	0.04990	0.01844	0.93166
1237 A	0.04068	0.02896	0.93036
1238 A	0.03738	0.03270	0.92992
1239 A	0.03665	0.03338	0.92997
1240 A	0.03619	0.03377	0.93004
1241 T	0.03608	0.03357	0.93035
1242 T	0.03555	0.03383	0.93062
1243 C	0.03441	0.03488	0.93071
1244 A	0.03339	0.03633	0.93028
1245 A	0.03260	0.03716	0.93024
1246 A	0.03227	0.03754	0.93019
1247 A	0.03233	0.03752	0.93015
1248 T	0.03250	0.03742	0.93008
1249 C	0.03257	0.03739	0.93004
1250 A	0.03265	0.03801	0.92934
1251 T	0.03287	0.03807	0.92906
1252 A	0.03286	0.03831	0.92883
1253 A	0.03308	0.03818	0.92875
1254 T	0.03392	0.03725	0.92884
1255 A	0.03489	0.03534	0.92976
1256 T	0.03672	0.03171	0.93157
1257 T	0.03834	0.02779	0.93386
1258 T	0.03903	0.02488	0.93609
1259 A	0.03912	0.02190	0.93899
1260 T	0.03952	0.01480	0.94568
1261 G	0.03882	0.01399	0.94719
1262 A	0.03795	0.01573	0.94632
1263 A	0.03747	0.01881	0.94372
1264 T	0.03702	0.02283	0.94015
1265 T	0.03566	0.02483	0.9395
1266 A	0.03271	0.02810	0.9392
1267 A	0.03112	0.02953	0.93935
1268 G	0.02899	0.03250	0.9385
1269 C	0.02807	0.03529	0.93664
1270 A	0.02767	0.03871	0.93363
1271 A	0.02747	0.04183	0.9307
1272 A	0.02746	0.04471	0.92782
1273 T	0.02812	0.04460	0.92728
1274 T	0.02805	0.04576	0.92619
1275 A	0.02757	0.04688	0.92555
1276 T	0.02743	0.04727	0.92529
1277 C	0.02691	0.04803	0.92506
1278 T	0.02667	0.04888	0.92445
1279 A	0.02581	0.05033	0.92386
1280 T	0.02548	0.05088	0.92365
1281 A	0.02510	0.05146	0.92343
1282 A	0.02509	0.05153	0.92339
1283 A	0.02546	0.05070	0.92383
1284 A	0.02654	0.04868	0.92478
1285 G	0.02798	0.04614	0.92589
1286 A	0.03111	0.04225	0.92664
1287 A	0.03512	0.03732	0.92756
1288 T	0.03719	0.03354	0.92927
1289 T	0.03867	0.02955	0.93178
1290 A	0.03987	0.02686	0.93327
1291 T	0.04260	0.02216	0.93524
1292 T	0.04477	0.01905	0.93618
1293 A	0.04640	0.01699	0.9366
1294 G	0.04851	0.01448	0.93701
1295 A	0.05121	0.01146	0.93733
1296 T	0.05234	0.01002	0.93763
1297 T	0.05386	0.00796	0.93819
1298 T	0.05498	0.00617	0.93885
1299 T	0.05556	0.00509	0.93935
1300 T	0.05584	0.00417	0.93999
1301 T	0.05606	0.00366	0.94027
1302 T	0.05616	0.00296	0.94088
1303 C	0.05596	0.00293	0.94111
1304 T	0.05583	0.00319	0.94098
1305 T	0.05536	0.00413	0.94051
1306 A	0.05392	0.00647	0.93961
1307 A	0.05267	0.00862	0.93871
1308 T	0.05207	0.01014	0.93779
1309 T	0.05074	0.01294	0.93631
1310 T	0.04642	0.01968	0.9339
1311 A	0.03818	0.03178	0.93004
1312 A	0.03319	0.04103	0.92578
1313 A	0.02948	0.04853	0.92199
1314 A	0.02546	0.05761	0.91692
1315 T	0.02345	0.05991	0.91664
1316 T	0.02073	0.06285	0.91641
1317 G	0.01584	0.06803	0.91613
1318 A	0.01426	0.06996	0.91578
1319 C	0.01376	0.07062	0.91562
1320 A	0.01343	0.07160	0.91497
1321 G	0.01330	0.07248	0.91423
1322 A	0.01323	0.07317	0.9136
1323 T	0.01312	0.07356	0.91332
1324 G	0.01291	0.07409	0.913
1325 A	0.01274	0.07454	0.91272
1326 A	0.01264	0.07464	0.91273
1327 G	0.01272	0.07436	0.91293
1328 A	0.01303	0.07372	0.91326
