# lcl|CP097583.1_cds_USQ93307.1_1
# AA	inside	membr	outside
1 A	0.11839	0.00000	0.88161
2 T	0.11716	0.00124	0.88161
3 G	0.11657	0.00183	0.88161
4 A	0.11657	0.01446	0.86898
5 T	0.11107	0.02609	0.86284
6 G	0.11107	0.02844	0.8605
7 A	0.09393	0.04660	0.85947
8 A	0.09393	0.04663	0.85944
9 A	0.09246	0.04828	0.85926
10 T	0.09246	0.04936	0.85818
11 T	0.09219	0.04973	0.85808
12 A	0.08638	0.05558	0.85804
13 A	0.08224	0.05986	0.85791
14 C	0.08224	0.05986	0.85791
15 A	0.08224	0.06374	0.85402
16 A	0.08215	0.06383	0.85402
17 A	0.08208	0.06395	0.85397
18 G	0.08207	0.06405	0.85388
19 A	0.08206	0.06418	0.85376
20 T	0.08208	0.06516	0.85275
21 T	0.08171	0.06539	0.8529
22 T	0.08254	0.06470	0.85276
23 T	0.08281	0.06470	0.85249
24 T	0.08317	0.06468	0.85215
25 G	0.08289	0.06385	0.85326
26 A	0.08263	0.06530	0.85206
27 T	0.09239	0.05500	0.85261
28 A	0.09534	0.05053	0.85413
29 T	0.09673	0.04808	0.85519
30 A	0.09680	0.03530	0.8679
31 T	0.09674	0.03381	0.86945
32 T	0.09641	0.03089	0.87269
33 C	0.09516	0.03024	0.8746
34 T	0.09401	0.03145	0.87454
35 C	0.09232	0.03119	0.87648
36 A	0.08680	0.03631	0.87689
37 G	0.08169	0.04185	0.87645
38 G	0.07933	0.04466	0.87601
39 A	0.07437	0.05182	0.87381
40 C	0.07255	0.05410	0.87336
41 A	0.07137	0.05676	0.87186
42 T	0.07095	0.05876	0.87029
43 A	0.07125	0.05889	0.86986
44 A	0.07109	0.06015	0.86875
45 A	0.07174	0.05985	0.86841
46 T	0.07324	0.05820	0.86856
47 T	0.07372	0.05844	0.86784
48 A	0.07406	0.05925	0.86669
49 A	0.07383	0.05957	0.8666
50 A	0.07422	0.05853	0.86725
51 T	0.07590	0.05522	0.86888
52 T	0.07548	0.05454	0.86998
53 C	0.07482	0.05383	0.87135
54 T	0.07386	0.05469	0.87144
55 A	0.07074	0.05788	0.87138
56 A	0.06799	0.06012	0.87189
57 T	0.06645	0.06121	0.87233
58 A	0.06456	0.06302	0.87241
59 A	0.06444	0.05813	0.87743
60 A	0.06475	0.05370	0.88155
61 G	0.06543	0.04772	0.88685
62 T	0.06780	0.04085	0.89135
63 T	0.06835	0.03870	0.89295
64 A	0.06800	0.03855	0.89346
65 T	0.06851	0.03750	0.894
66 C	0.06668	0.03882	0.8945
67 G	0.06556	0.03999	0.89446
68 A	0.06450	0.04152	0.89398
69 A	0.06452	0.04184	0.89364
70 G	0.06569	0.04060	0.8937
71 A	0.06739	0.03876	0.89386
72 T	0.06851	0.03590	0.89559
73 T	0.06834	0.03509	0.89657
74 T	0.06778	0.03533	0.89689
75 T	0.06600	0.03679	0.89721
76 A	0.06199	0.04074	0.89728
77 A	0.05911	0.04260	0.8983
78 A	0.05593	0.04300	0.90108
79 G	0.05447	0.04169	0.90385
80 G	0.05291	0.04163	0.90546
81 C	0.05223	0.04126	0.90651
82 A	0.05167	0.04420	0.90413
83 T	0.05255	0.04394	0.9035
84 T	0.05265	0.04458	0.90277
85 A	0.05242	0.04552	0.90206
86 A	0.05256	0.04556	0.90188
87 T	0.05322	0.04296	0.90382
88 T	0.05338	0.04190	0.90473
89 T	0.05324	0.04028	0.90649
90 A	0.05126	0.04104	0.9077
91 A	0.04923	0.04221	0.90856
92 T	0.04878	0.04201	0.90922
93 T	0.04771	0.04283	0.90946
94 A	0.04576	0.04465	0.90959
95 G	0.04459	0.04550	0.9099
96 T	0.04403	0.04591	0.91006
97 A	0.04235	0.04768	0.90997
98 G	0.04087	0.04808	0.91105
99 A	0.03988	0.04688	0.91324
100 A	0.03934	0.04532	0.91535
101 A	0.03950	0.04214	0.91836
102 A	0.03993	0.03977	0.9203
103 G	0.04056	0.03642	0.92302
104 G	0.04160	0.03357	0.92483
105 T	0.04449	0.02952	0.926
106 T	0.04511	0.02870	0.92619
107 C	0.04528	0.02878	0.92594
108 T	0.04530	0.03201	0.9227
109 A	0.04434	0.03541	0.92024
110 A	0.04393	0.03695	0.91912
111 T	0.04366	0.03781	0.91852
112 T	0.04273	0.03969	0.91757
113 A	0.03952	0.04255	0.91793
114 T	0.03875	0.04219	0.91906
115 G	0.03750	0.04629	0.91621
116 G	0.03660	0.04948	0.91393
117 A	0.03631	0.05563	0.90805
118 A	0.03667	0.05770	0.90564
119 T	0.03735	0.05642	0.90624
120 A	0.03699	0.05559	0.90743
121 A	0.03736	0.05371	0.90893
122 T	0.03795	0.05184	0.9102
123 C	0.03734	0.05228	0.91038
124 A	0.03650	0.05543	0.90807
125 A	0.03600	0.05743	0.90657
126 A	0.03479	0.05943	0.90578
127 A	0.03431	0.06031	0.90538
128 A	0.03419	0.06071	0.9051
129 A	0.03453	0.06018	0.9053
130 A	0.03531	0.05902	0.90567
131 T	0.03880	0.05501	0.90619
132 T	0.04015	0.05257	0.90727
133 A	0.04036	0.05162	0.90802
134 A	0.04075	0.05032	0.90893
135 A	0.04180	0.04736	0.91084
136 C	0.04405	0.04107	0.91487
137 C	0.04675	0.03747	0.91579
138 T	0.05190	0.03196	0.91614
139 A	0.05467	0.02896	0.91636
140 T	0.06080	0.02257	0.91663
141 T	0.06258	0.02071	0.91671
142 T	0.06221	0.02087	0.91692
143 C	0.06127	0.02038	0.91835
144 A	0.06093	0.02086	0.9182
145 A	0.06107	0.02150	0.91743
146 A	0.06154	0.02074	0.91771
147 T	0.06393	0.01765	0.91842
148 T	0.06524	0.01602	0.91875
149 T	0.06515	0.01499	0.91986
150 A	0.06384	0.01602	0.92014
151 A	0.06326	0.01604	0.9207
152 A	0.06306	0.01567	0.92127
153 A	0.06328	0.01485	0.92187
154 A	0.06365	0.01376	0.9226
155 C	0.06389	0.01238	0.92373
156 T	0.06402	0.01174	0.92424
157 T	0.06405	0.01144	0.92451
158 T	0.06405	0.01129	0.92466
159 T	0.06395	0.01132	0.92473
160 G	0.06389	0.01130	0.92481
161 A	0.06390	0.01099	0.92511
162 T	0.06392	0.01028	0.92579
163 G	0.06394	0.00977	0.92629
164 C	0.06400	0.00920	0.9268
165 A	0.06409	0.00880	0.92711
166 G	0.06423	0.00799	0.92777
167 G	0.06471	0.00723	0.92806
168 T	0.06598	0.00589	0.92813
169 T	0.06640	0.00552	0.92808
170 T	0.06664	0.00519	0.92817
171 A	0.06675	0.00515	0.92811
172 T	0.06691	0.00409	0.929
173 T	0.06702	0.00274	0.93024
174 A	0.06699	0.00224	0.93076
175 A	0.06701	0.00199	0.93101
176 C	0.06703	0.00186	0.9311
177 T	0.06705	0.00190	0.93104
178 T	0.06703	0.00193	0.93105
179 T	0.06700	0.00196	0.93104
180 T	0.06694	0.00201	0.93105
181 G	0.06690	0.00203	0.93106
182 C	0.06689	0.00193	0.93118
183 T	0.06688	0.00190	0.93123
184 C	0.06687	0.00189	0.93124
185 C	0.06686	0.00190	0.93124
186 T	0.06685	0.00192	0.93123
187 G	0.06681	0.00197	0.93122
188 A	0.06680	0.00199	0.93122
189 C	0.06679	0.00200	0.93122
190 G	0.06681	0.00198	0.93122
191 G	0.06686	0.00192	0.93122
192 A	0.06702	0.00176	0.93123
193 A	0.06733	0.00144	0.93123
194 C	0.06776	0.00099	0.93125
195 T	0.06788	0.00085	0.93126
196 G	0.06794	0.00080	0.93126
197 T	0.06804	0.00073	0.93123
198 T	0.06809	0.00075	0.93117
199 T	0.06811	0.00075	0.93114
200 G	0.06813	0.00075	0.93111
201 T	0.06814	0.00078	0.93108
202 T	0.06814	0.00075	0.93111
203 C	0.06808	0.00078	0.93115
204 T	0.06804	0.00084	0.93113
205 A	0.06797	0.00095	0.93108
206 C	0.06788	0.00105	0.93106
207 A	0.06765	0.00132	0.93103
208 T	0.06753	0.00146	0.93102
209 T	0.06729	0.00169	0.93102
210 T	0.06690	0.00206	0.93104
211 T	0.06624	0.00272	0.93104
212 T	0.06527	0.00367	0.93105
213 A	0.06346	0.00549	0.93105
214 C	0.06284	0.00611	0.93105
215 A	0.06240	0.00656	0.93105
216 A	0.06183	0.00713	0.93104
217 A	0.06130	0.00766	0.93104
218 C	0.06092	0.00804	0.93104
219 A	0.05969	0.00928	0.93104
220 C	0.05865	0.01031	0.93104
221 A	0.05806	0.01091	0.93104
222 A	0.05785	0.01111	0.93104
223 C	0.05787	0.01108	0.93105
224 C	0.05794	0.01099	0.93107
225 T	0.05798	0.01095	0.93108
226 T	0.05796	0.01092	0.93112
227 T	0.05788	0.01100	0.93112
228 T	0.05762	0.01127	0.93112
229 T	0.05736	0.01144	0.9312
230 A	0.05703	0.01141	0.93156
231 T	0.05681	0.01115	0.93205
232 G	0.05651	0.01078	0.93272
233 C	0.05637	0.00992	0.93371
234 T	0.05623	0.00948	0.93428
235 A	0.05581	0.00938	0.93481
236 C	0.05545	0.00880	0.93575
237 T	0.05533	0.00884	0.93583
238 G	0.05521	0.00897	0.93583
239 A	0.05515	0.00876	0.93609
240 A	0.05512	0.00858	0.93631
241 A	0.05510	0.00853	0.93636
242 A	0.05508	0.00745	0.93747
243 T	0.05505	0.00632	0.93862
244 G	0.05503	0.00597	0.93901
245 T	0.05501	0.00627	0.93872
246 T	0.05497	0.00746	0.93756
247 A	0.05490	0.00954	0.93555
248 A	0.05481	0.01166	0.93353
249 A	0.05463	0.01252	0.93286
250 A	0.05457	0.01285	0.93257
251 T	0.05457	0.01281	0.93263
252 T	0.05444	0.01319	0.93236
253 T	0.05406	0.01396	0.93198
254 T	0.05315	0.01602	0.93082
255 A	0.05128	0.01797	0.93075
256 A	0.05048	0.01869	0.93084
257 A	0.05001	0.01903	0.93096
258 A	0.04977	0.01886	0.93137
259 C	0.04974	0.01849	0.93178
260 C	0.04981	0.01834	0.93184
261 T	0.04994	0.01819	0.93187
262 A	0.05006	0.01806	0.93188
263 A	0.05026	0.01786	0.93188
264 A	0.05048	0.01762	0.93189
265 C	0.05084	0.01723	0.93193
266 C	0.05119	0.01682	0.93199
267 T	0.05188	0.01623	0.93189
268 G	0.05242	0.01586	0.93171
269 A	0.05355	0.01484	0.93162
270 A	0.05536	0.01305	0.93159
271 T	0.05766	0.01068	0.93166
272 T	0.05849	0.00964	0.93187
273 T	0.05904	0.00895	0.93201
274 A	0.05926	0.00861	0.93213
275 A	0.05958	0.00807	0.93235
276 A	0.06000	0.00717	0.93282
277 T	0.06115	0.00506	0.93379
278 T	0.06137	0.00327	0.93535
279 A	0.06141	0.00260	0.93598
280 T	0.06144	0.00209	0.93647
281 C	0.06142	0.00183	0.93675
282 T	0.06140	0.00183	0.93677
283 T	0.06128	0.00193	0.93679
284 C	0.06121	0.00199	0.9368
285 G	0.06115	0.00208	0.93677
286 A	0.06113	0.00218	0.93669
287 A	0.06113	0.00224	0.93662
288 T	0.06116	0.00222	0.93662
289 G	0.06120	0.00221	0.9366
290 A	0.06133	0.00207	0.9366
291 T	0.06153	0.00181	0.93665
292 T	0.06165	0.00169	0.93666
293 T	0.06168	0.00166	0.93666
294 A	0.06171	0.00163	0.93666
295 T	0.06175	0.00157	0.93668
296 T	0.06176	0.00151	0.93673
297 A	0.06177	0.00145	0.93678
298 T	0.06182	0.00133	0.93686
299 A	0.06182	0.00132	0.93686
300 C	0.06180	0.00131	0.93689
301 T	0.06180	0.00133	0.93687
302 A	0.06179	0.00135	0.93686
303 T	0.06179	0.00135	0.93685
304 G	0.06181	0.00132	0.93688
305 T	0.06187	0.00123	0.93689
306 T	0.06191	0.00105	0.93704
307 T	0.06194	0.00095	0.93711
308 C	0.06195	0.00089	0.93716
309 A	0.06199	0.00086	0.93715
310 T	0.06206	0.00080	0.93714
311 G	0.06208	0.00080	0.93711
312 T	0.06213	0.00075	0.93713
313 T	0.06215	0.00072	0.93712
314 T	0.06214	0.00073	0.93713
315 A	0.06211	0.00076	0.93713
316 C	0.06211	0.00074	0.93715
317 G	0.06212	0.00073	0.93715
318 A	0.06215	0.00070	0.93715
319 T	0.06217	0.00067	0.93715
320 T	0.06219	0.00065	0.93717
321 G	0.06219	0.00065	0.93717
322 T	0.06220	0.00061	0.93719
323 A	0.06220	0.00058	0.93722
324 T	0.06222	0.00053	0.93725
325 G	0.06224	0.00049	0.93727
326 C	0.06226	0.00045	0.93729
327 T	0.06227	0.00043	0.9373
328 T	0.06228	0.00042	0.9373
329 C	0.06228	0.00042	0.9373
330 T	0.06229	0.00041	0.9373
331 T	0.06231	0.00041	0.93728
332 T	0.06232	0.00040	0.93729
333 A	0.06231	0.00040	0.93728
334 T	0.06233	0.00038	0.93729
335 T	0.06231	0.00037	0.93731
336 T	0.06217	0.00048	0.93735
337 C	0.06204	0.00059	0.93737
338 A	0.06190	0.00076	0.93734
339 T	0.06179	0.00095	0.93726
340 T	0.06146	0.00155	0.93698
341 T	0.06118	0.00248	0.93634
342 T	0.05940	0.00487	0.93573
343 A	0.05606	0.00863	0.93531
344 A	0.05427	0.01065	0.93509
345 T	0.05365	0.01142	0.93492
346 A	0.05320	0.01191	0.93489
347 G	0.05303	0.01209	0.93488
348 A	0.05289	0.01230	0.93481
349 T	0.05279	0.01241	0.9348
350 C	0.05271	0.01250	0.93479
351 T	0.05260	0.01264	0.93476
352 G	0.05253	0.01275	0.93472
353 C	0.05250	0.01280	0.93469
354 T	0.05246	0.01294	0.9346
355 A	0.05238	0.01306	0.93456
356 T	0.05232	0.01315	0.93453
357 A	0.05224	0.01328	0.93449
358 A	0.05216	0.01337	0.93448
359 C	0.05211	0.01327	0.93462
360 A	0.05211	0.01323	0.93465
361 A	0.05218	0.01304	0.93478
362 A	0.05231	0.01271	0.93498
363 G	0.05269	0.01184	0.93547
364 T	0.05348	0.01074	0.93578
365 T	0.05410	0.00803	0.93787
366 T	0.05440	0.00444	0.94115
367 G	0.05449	0.00273	0.94278
368 C	0.05459	0.00214	0.94326
369 T	0.05462	0.00211	0.94328
370 A	0.05463	0.00232	0.94304
371 A	0.05470	0.00235	0.94294
372 T	0.05477	0.00241	0.94282
373 T	0.05478	0.00287	0.94236
374 T	0.05416	0.00520	0.94064
375 T	0.05306	0.00968	0.93726
376 A	0.05181	0.01310	0.93508
377 A	0.05083	0.01553	0.93364
378 A	0.05049	0.01601	0.9335
379 T	0.05041	0.01605	0.93354
380 T	0.05030	0.01616	0.93354
381 A	0.05014	0.01630	0.93357
382 C	0.05008	0.01632	0.9336
383 C	0.04993	0.01653	0.93354
384 T	0.04939	0.01710	0.93352
385 T	0.04874	0.01775	0.93351
386 T	0.04824	0.01826	0.9335
387 A	0.04732	0.01919	0.93349
388 C	0.04680	0.01971	0.9335
389 C	0.04609	0.02041	0.9335
390 T	0.04536	0.02117	0.93347
391 C	0.04327	0.02331	0.93341
392 A	0.04101	0.02567	0.93332
393 A	0.03858	0.02822	0.9332
394 G	0.03578	0.03116	0.93306
395 A	0.03442	0.03274	0.93284
396 A	0.03482	0.03233	0.93285
397 A	0.03677	0.02955	0.93368
398 T	0.03990	0.02517	0.93493
399 A	0.04126	0.02259	0.93614
400 C	0.04225	0.02057	0.93719
401 C	0.04221	0.02040	0.93739
402 A	0.04188	0.02163	0.93649
403 T	0.04145	0.02289	0.93566
404 T	0.03976	0.02497	0.93527
405 A	0.03733	0.02763	0.93504
406 T	0.03641	0.02851	0.93508
407 G	0.03428	0.02996	0.93576
408 G	0.03272	0.03087	0.93641
409 G	0.03084	0.03269	0.93647
410 T	0.03009	0.03340	0.93652
411 A	0.02887	0.03624	0.9349
412 A	0.02805	0.03738	0.93456
413 A	0.02769	0.03747	0.93484
414 T	0.02743	0.03580	0.93677
415 A	0.02701	0.03435	0.93863
416 A	0.02685	0.03214	0.941
417 A	0.02664	0.02925	0.94411
418 C	0.02642	0.02777	0.94581
419 T	0.02597	0.02836	0.94567
420 A	0.02517	0.02937	0.94546
421 G	0.02491	0.02963	0.94545
422 G	0.02481	0.02959	0.9456
423 T	0.02479	0.02978	0.94543
424 A	0.02471	0.02972	0.94556
425 A	0.02568	0.02824	0.94607
426 T	0.02681	0.02627	0.94692
427 T	0.02729	0.02432	0.94839
428 T	0.02744	0.02324	0.94933
429 A	0.02748	0.02478	0.94773
430 T	0.02775	0.02610	0.94616
431 A	0.02777	0.03163	0.9406
432 T	0.02819	0.03226	0.93955
433 A	0.02859	0.03308	0.93833
434 T	0.03047	0.03170	0.93783
435 T	0.03112	0.03212	0.93676
436 A	0.03126	0.03414	0.9346
437 A	0.03124	0.03507	0.93369
438 T	0.03144	0.03547	0.93309
439 A	0.03150	0.03655	0.93194
440 A	0.03163	0.03711	0.93126
441 A	0.03188	0.03689	0.93123
442 T	0.03251	0.03586	0.93163
443 T	0.03277	0.03529	0.93194
444 T	0.03123	0.03730	0.93147
445 A	0.02692	0.04245	0.93063
446 A	0.02453	0.04656	0.92891
447 A	0.02280	0.04990	0.92729
448 G	0.02124	0.05271	0.92604
449 A	0.01996	0.05633	0.92371
450 G	0.01985	0.05875	0.9214
451 A	0.02057	0.06153	0.9179
452 A	0.02250	0.06147	0.91603
453 A	0.02600	0.05814	0.91587
454 T	0.03344	0.05051	0.91605
455 T	0.03618	0.04762	0.91619
456 G	0.03707	0.04644	0.91648
457 C	0.03795	0.04542	0.91662
458 C	0.03880	0.04452	0.91668
459 T	0.04047	0.04281	0.91672
460 C	0.04048	0.04279	0.91674
461 C	0.04102	0.04227	0.91672
462 A	0.04089	0.04248	0.91662
463 T	0.04084	0.04267	0.91649
464 T	0.03880	0.04479	0.9164
465 A	0.03228	0.05147	0.91625
466 A	0.02661	0.05719	0.9162
467 A	0.02233	0.05946	0.91821
468 G	0.02012	0.05758	0.9223
469 A	0.01991	0.05590	0.92419
470 A	0.02113	0.05348	0.92539
471 A	0.02190	0.05209	0.92601
472 A	0.02390	0.04888	0.92722
473 A	0.02610	0.04601	0.92789
474 T	0.02929	0.04243	0.92828
475 A	0.03048	0.04138	0.92813
476 T	0.03059	0.04097	0.92844
477 T	0.03002	0.04231	0.92767
478 T	0.02886	0.04371	0.92743
479 G	0.02714	0.04553	0.92733
480 T	0.02478	0.04854	0.92668
481 A	0.01975	0.05622	0.92403
482 A	0.01776	0.05953	0.92271
483 T	0.01693	0.05992	0.92315
484 A	0.01561	0.06118	0.92321
485 A	0.01502	0.06017	0.9248
486 T	0.01478	0.05903	0.92618
487 A	0.01463	0.05834	0.92704
488 A	0.01465	0.05461	0.93074
489 A	0.01470	0.05010	0.93519
490 A	0.01459	0.04554	0.93987
491 T	0.01464	0.04281	0.94255
492 G	0.01411	0.04228	0.9436
493 A	0.01419	0.04225	0.94356
494 T	0.01510	0.04133	0.94357
495 A	0.01531	0.04266	0.94203
496 A	0.01577	0.04352	0.94071
497 A	0.01657	0.04564	0.93779
498 T	0.01759	0.04772	0.93469
499 A	0.01776	0.05418	0.92806
500 T	0.01908	0.05454	0.92639
501 T	0.01967	0.05512	0.92521
502 A	0.01986	0.05406	0.92608
503 A	0.02048	0.05112	0.92841
504 T	0.02340	0.04303	0.93357
505 T	0.02462	0.03965	0.93574
506 C	0.02444	0.03905	0.93651
507 C	0.02474	0.03822	0.93704
508 A	0.02493	0.03814	0.93693
509 G	0.02515	0.03796	0.93689
510 A	0.02635	0.03748	0.93617
511 T	0.02763	0.03703	0.93533
512 T	0.02774	0.03899	0.93327
513 A	0.02735	0.04343	0.92922
514 A	0.02702	0.04714	0.92584
515 T	0.02718	0.04745	0.92537
516 G	0.02432	0.05206	0.92361
517 A	0.02363	0.05522	0.92115
518 A	0.02526	0.05586	0.91887
519 A	0.02708	0.05492	0.918
520 A	0.03054	0.05170	0.91777
521 A	0.03538	0.04684	0.91779
522 T	0.04330	0.03859	0.91811
523 T	0.04584	0.03601	0.91815
524 T	0.04715	0.03473	0.91811
525 T	0.04720	0.03498	0.91782
526 T	0.04678	0.03568	0.91754
527 T	0.04621	0.03645	0.91734
528 A	0.04507	0.03774	0.91719
529 T	0.04469	0.03779	0.91752
530 A	0.04399	0.03841	0.9176
531 T	0.04375	0.03847	0.91778
532 A	0.04311	0.03898	0.91792
533 A	0.04347	0.03837	0.91815
534 A	0.04437	0.03719	0.91844
535 G	0.04712	0.03382	0.91906
536 A	0.05177	0.02852	0.91971
537 T	0.05652	0.02297	0.92051
538 A	0.05793	0.02087	0.9212
539 T	0.06011	0.01548	0.92441
540 T	0.06197	0.01235	0.92568
541 T	0.06382	0.01017	0.92602
542 T	0.06434	0.00961	0.92605
543 T	0.06432	0.00980	0.92588
544 A	0.06414	0.01009	0.92576
545 A	0.06419	0.01006	0.92575
546 T	0.06445	0.00966	0.9259
547 A	0.06474	0.00929	0.92598
548 T	0.06550	0.00809	0.92641
549 T	0.06600	0.00714	0.92686
550 T	0.06595	0.00676	0.92729
551 T	0.06338	0.00926	0.92737
552 T	0.05824	0.01523	0.92654
553 A	0.04650	0.03020	0.92331
554 G	0.03558	0.04292	0.9215
555 A	0.02495	0.05372	0.92133
556 G	0.01740	0.06103	0.92157
557 G	0.01221	0.06644	0.92135
558 A	0.00974	0.06981	0.92044
559 C	0.00842	0.07198	0.91961
560 A	0.00751	0.07456	0.91793
561 A	0.00716	0.07563	0.91721
562 G	0.00712	0.07629	0.91659
563 A	0.00713	0.07636	0.91651
564 A	0.00719	0.07631	0.91651
565 A	0.00731	0.07601	0.91668
566 T	0.00755	0.07548	0.91697
567 C	0.00766	0.07517	0.91717
568 C	0.00773	0.07514	0.91713
569 A	0.00779	0.07523	0.91697
570 A	0.00789	0.07522	0.91689
571 A	0.00801	0.07516	0.91684
572 A	0.00819	0.07495	0.91686
573 A	0.00856	0.07416	0.91728
574 A	0.00950	0.06932	0.92119
575 A	0.01069	0.06223	0.92708
576 A	0.01403	0.04744	0.93853
577 A	0.01603	0.03456	0.94941
578 T	0.01706	0.02252	0.96041
579 A	0.01742	0.01519	0.96739
580 G	0.01804	0.00967	0.97229
581 G	0.01905	0.00671	0.97424
582 T	0.02019	0.00457	0.97523
583 T	0.02153	0.00263	0.97584
584 C	0.02204	0.00185	0.9761
585 T	0.02248	0.00141	0.9761
586 G	0.02251	0.00138	0.9761
587 T	0.02252	0.00136	0.97611
588 A	0.02232	0.00157	0.97611
589 C	0.02224	0.00166	0.9761
590 C	0.02223	0.00175	0.97602
591 T	0.02229	0.00209	0.97562
592 T	0.02222	0.00324	0.97454
593 A	0.02198	0.00412	0.97391
594 T	0.02185	0.00480	0.97335
595 A	0.02139	0.00538	0.97323
596 T	0.02121	0.00549	0.97329
597 T	0.02094	0.00576	0.97329
598 T	0.02071	0.00597	0.97331
599 C	0.02057	0.00611	0.97332
600 T	0.02040	0.00635	0.97326
601 G	0.02012	0.00665	0.97324
602 C	0.02006	0.00671	0.97323
603 T	0.02002	0.00678	0.9732
604 A	0.01991	0.00692	0.97316
605 C	0.01991	0.00694	0.97315
606 T	0.01994	0.00702	0.97304
607 A	0.01994	0.00725	0.97281
608 G	0.01996	0.00735	0.9727
609 T	0.01998	0.00744	0.97259
610 A	0.01993	0.00786	0.97222
611 A	0.01994	0.00777	0.97229
612 A	0.01997	0.00769	0.97234
613 A	0.02011	0.00757	0.97232
614 A	0.02052	0.00710	0.97239
615 T	0.02162	0.00577	0.97261
616 A	0.02217	0.00507	0.97276
617 A	0.02267	0.00438	0.97295
618 T	0.02281	0.00378	0.97341
619 G	0.02284	0.00356	0.97361
620 G	0.02286	0.00329	0.97385
621 C	0.02288	0.00312	0.974
622 A	0.02291	0.00308	0.97401
623 T	0.02300	0.00289	0.97411
624 T	0.02305	0.00270	0.97426
625 T	0.02307	0.00263	0.9743
626 C	0.02308	0.00259	0.97433
627 G	0.02310	0.00252	0.97438
628 G	0.02312	0.00251	0.97437
629 G	0.02324	0.00240	0.97436
630 T	0.02352	0.00214	0.97435
631 T	0.02369	0.00196	0.97435
632 A	0.02382	0.00182	0.97436
633 T	0.02415	0.00142	0.97442
634 A	0.02424	0.00132	0.97445
635 C	0.02430	0.00123	0.97448
636 T	0.02434	0.00122	0.97444
637 C	0.02427	0.00131	0.97443
638 A	0.02422	0.00140	0.97439
639 A	0.02429	0.00135	0.97436
640 A	0.02430	0.00133	0.97436
641 C	0.02436	0.00127	0.97437
642 T	0.02449	0.00115	0.97436
643 G	0.02455	0.00108	0.97436
644 C	0.02464	0.00099	0.97437
645 T	0.02471	0.00093	0.97437
646 T	0.02473	0.00092	0.97435
647 C	0.02473	0.00092	0.97435
648 T	0.02476	0.00089	0.97435
649 T	0.02476	0.00089	0.97435
650 T	0.02471	0.00092	0.97436
651 T	0.02418	0.00145	0.97437
652 C	0.02316	0.00247	0.97436
653 C	0.02242	0.00321	0.97436
654 A	0.02122	0.00444	0.97434
655 G	0.02016	0.00553	0.97431
656 G	0.01974	0.00598	0.97428
657 A	0.01957	0.00615	0.97427
658 A	0.01943	0.00629	0.97428
659 A	0.01939	0.00627	0.97435
660 T	0.01938	0.00616	0.97446
661 C	0.01936	0.00610	0.97454
662 A	0.01936	0.00609	0.97454
663 A	0.01935	0.00609	0.97456
664 A	0.01936	0.00607	0.97457
665 T	0.01937	0.00604	0.97459
666 T	0.01937	0.00601	0.97462
667 A	0.01937	0.00597	0.97466
668 C	0.01938	0.00591	0.97472
669 T	0.01938	0.00589	0.97473
670 T	0.01938	0.00588	0.97474
671 T	0.01935	0.00591	0.97473
672 A	0.01931	0.00607	0.97462
673 A	0.01913	0.00639	0.97448
674 G	0.01902	0.00588	0.97509
675 T	0.01894	0.00516	0.97589
676 A	0.01883	0.00477	0.9764
677 A	0.01880	0.00394	0.97725
678 T	0.01880	0.00313	0.97807
679 G	0.01876	0.00289	0.97835
680 A	0.01874	0.00282	0.97844
681 T	0.01874	0.00271	0.97854
682 G	0.01873	0.00266	0.97861
683 G	0.01872	0.00262	0.97866
684 G	0.01873	0.00257	0.9787
685 T	0.01874	0.00254	0.97872
686 C	0.01875	0.00252	0.97873
687 C	0.01875	0.00252	0.97873
688 A	0.01875	0.00257	0.97868
689 T	0.01874	0.00264	0.97862
690 C	0.01871	0.00275	0.97854
691 G	0.01868	0.00316	0.97817
692 G	0.01867	0.00369	0.97764
693 A	0.01869	0.00407	0.97724
694 G	0.01874	0.00427	0.97699
695 A	0.01890	0.00424	0.97685
696 A	0.01917	0.00384	0.97699
697 G	0.01946	0.00347	0.97707
698 T	0.01986	0.00301	0.97713
699 T	0.02008	0.00271	0.9772
700 T	0.02019	0.00258	0.97722
701 T	0.02025	0.00255	0.97721
702 T	0.02026	0.00251	0.97723
703 T	0.02027	0.00251	0.97722
704 A	0.02026	0.00254	0.9772
705 T	0.02024	0.00259	0.97718
706 C	0.02012	0.00278	0.9771
707 A	0.01999	0.00304	0.97697
708 A	0.01983	0.00333	0.97685
709 A	0.01977	0.00351	0.97672
710 A	0.01972	0.00369	0.97659
711 G	0.01977	0.00367	0.97657
712 A	0.01988	0.00355	0.97657
713 A	0.02002	0.00338	0.9766
714 A	0.02042	0.00295	0.97662
715 C	0.02093	0.00241	0.97665
716 C	0.02132	0.00202	0.97666
717 T	0.02161	0.00174	0.97664
718 T	0.02175	0.00160	0.97664
719 T	0.02179	0.00157	0.97664
720 T	0.02180	0.00156	0.97664
721 T	0.02179	0.00156	0.97664
722 C	0.02177	0.00158	0.97665
723 C	0.02175	0.00159	0.97666
724 G	0.02176	0.00158	0.97666
725 C	0.02177	0.00157	0.97666
726 T	0.02180	0.00154	0.97666
727 A	0.02183	0.00151	0.97666
728 G	0.02188	0.00142	0.97669
729 T	0.02198	0.00120	0.97683
730 C	0.02208	0.00097	0.97695
731 C	0.02218	0.00071	0.97711
732 A	0.02228	0.00057	0.97714
733 G	0.02241	0.00040	0.9772
734 T	0.02245	0.00036	0.9772
735 T	0.02244	0.00037	0.97718
736 G	0.02241	0.00044	0.97714
737 T	0.02242	0.00044	0.97713
738 T	0.02242	0.00049	0.97709
739 T	0.02241	0.00059	0.97701
740 T	0.02240	0.00075	0.97685
741 T	0.02238	0.00103	0.97659
742 A	0.02236	0.00177	0.97588
743 T	0.02231	0.00212	0.97556
744 T	0.02220	0.00244	0.97535
745 T	0.02207	0.00260	0.97533
746 T	0.02179	0.00287	0.97535
747 A	0.02092	0.00372	0.97536
748 A	0.02072	0.00392	0.97536
749 C	0.02063	0.00400	0.97538
750 C	0.02057	0.00405	0.97538
751 C	0.02054	0.00410	0.97536
752 T	0.02052	0.00421	0.97527
753 T	0.02048	0.00443	0.97509
754 A	0.02038	0.00493	0.97469
755 A	0.02026	0.00557	0.97416
756 A	0.02008	0.00590	0.97402
757 A	0.01961	0.00645	0.97394
758 A	0.01887	0.00727	0.97385
759 T	0.01850	0.00774	0.97376
760 C	0.01810	0.00832	0.97359
761 A	0.01783	0.00910	0.97307
762 A	0.01785	0.00970	0.97245
763 A	0.01801	0.00984	0.97215
764 A	0.01830	0.00966	0.97204
765 T	0.01901	0.00899	0.972
766 T	0.01924	0.00866	0.9721
767 T	0.01921	0.00852	0.97227
768 A	0.01898	0.00860	0.97242
769 A	0.01885	0.00848	0.97267
770 C	0.01880	0.00783	0.97337
771 T	0.01875	0.00777	0.97348
772 C	0.01867	0.00780	0.97353
773 C	0.01862	0.00783	0.97355
774 C	0.01861	0.00785	0.97354
775 G	0.01866	0.00782	0.97352
776 A	0.01879	0.00769	0.97351
777 A	0.01914	0.00734	0.97352
778 A	0.01962	0.00680	0.97358
779 T	0.01984	0.00639	0.97377
780 A	0.01997	0.00557	0.97446
781 G	0.02021	0.00419	0.9756
782 C	0.02056	0.00319	0.97625
783 T	0.02090	0.00253	0.97657
784 C	0.02131	0.00194	0.97675
785 T	0.02182	0.00139	0.97679
786 T	0.02202	0.00117	0.9768
787 T	0.02207	0.00113	0.97679
788 T	0.02208	0.00116	0.97677
789 T	0.02207	0.00124	0.97669
790 T	0.02202	0.00127	0.97672
791 T	0.02194	0.00138	0.97668
792 G	0.02161	0.00204	0.97634
793 T	0.02137	0.00246	0.97618
794 G	0.02053	0.00378	0.97569
795 T	0.02001	0.00579	0.9742
796 A	0.01943	0.00729	0.97328
797 C	0.01900	0.00806	0.97293
798 T	0.01868	0.00930	0.97203
799 T	0.01839	0.01085	0.97076
800 T	0.01804	0.01213	0.96982
801 A	0.01742	0.01343	0.96915
802 A	0.01711	0.01404	0.96885
803 T	0.01686	0.01441	0.96873
804 T	0.01661	0.01479	0.9686
805 A	0.01599	0.01557	0.96844
806 A	0.01573	0.01591	0.96836
807 A	0.01563	0.01602	0.96835
808 A	0.01555	0.01610	0.96835
809 A	0.01544	0.01621	0.96835
810 A	0.01541	0.01622	0.96837
811 C	0.01544	0.01613	0.96842
812 A	0.01549	0.01608	0.96844
813 A	0.01565	0.01587	0.96848
814 A	0.01595	0.01551	0.96854
815 G	0.01644	0.01472	0.96884
816 A	0.01679	0.01412	0.96909
817 G	0.01754	0.01245	0.97
818 T	0.01992	0.00947	0.97061
819 T	0.02131	0.00751	0.97117
820 T	0.02195	0.00648	0.97157
821 A	0.02245	0.00567	0.97188
822 T	0.02338	0.00443	0.9722
823 T	0.02373	0.00370	0.97258
824 T	0.02402	0.00281	0.97316
825 T	0.02410	0.00238	0.97353
826 C	0.02403	0.00230	0.97367
827 A	0.02398	0.00267	0.97335
828 T	0.02404	0.00264	0.97332
829 T	0.02388	0.00349	0.97263
830 A	0.02143	0.00715	0.97142
831 T	0.02070	0.00806	0.97124
832 G	0.01978	0.00901	0.97122
833 G	0.01913	0.00985	0.97103
834 A	0.01852	0.01071	0.97077
835 C	0.01819	0.01107	0.97075
836 G	0.01790	0.01186	0.97023
837 T	0.01782	0.01250	0.96968
838 A	0.01768	0.01333	0.96899
839 A	0.01763	0.01362	0.96875
840 A	0.01762	0.01386	0.96852
841 T	0.01762	0.01406	0.96832
842 G	0.01760	0.01449	0.9679
843 G	0.01756	0.01465	0.96779
844 A	0.01760	0.01470	0.9677
845 A	0.01762	0.01475	0.96764
846 T	0.01767	0.01474	0.96758
847 C	0.01771	0.01480	0.96749
848 A	0.01778	0.01545	0.96677
849 A	0.01792	0.01620	0.96589
850 G	0.01832	0.01610	0.96558
851 A	0.01865	0.01606	0.96529
852 A	0.01951	0.01533	0.96517
853 T	0.02081	0.01164	0.96755
854 T	0.02108	0.01079	0.96813
855 A	0.02124	0.01012	0.96863
856 A	0.02158	0.00930	0.96912
857 T	0.02201	0.00839	0.9696
858 G	0.02211	0.00802	0.96988
859 T	0.02256	0.00743	0.97001
860 C	0.02292	0.00711	0.96997
861 T	0.02343	0.00703	0.96954
862 A	0.02353	0.00888	0.96759
863 A	0.02365	0.00926	0.96709
864 A	0.02367	0.00977	0.96657
865 A	0.02388	0.00968	0.96645
866 T	0.02381	0.00980	0.9664
867 G	0.02301	0.01112	0.96587
868 A	0.02250	0.01243	0.96507
869 C	0.02240	0.01283	0.96476
870 A	0.02243	0.01307	0.96451
871 A	0.02306	0.01248	0.96447
872 T	0.02411	0.01144	0.96445
873 T	0.02450	0.01107	0.96444
874 C	0.02468	0.01093	0.96438
875 C	0.02485	0.01086	0.9643
876 A	0.02500	0.01076	0.96423
877 T	0.02526	0.01052	0.96423
878 T	0.02546	0.01032	0.96422
879 A	0.02550	0.01028	0.96422
880 C	0.02563	0.01013	0.96423
881 C	0.02582	0.00991	0.96428
882 T	0.02604	0.00969	0.96426
883 C	0.02591	0.00984	0.96424
884 A	0.02602	0.00986	0.96412
885 T	0.02727	0.00873	0.96401
886 A	0.02730	0.00903	0.96367
887 A	0.02760	0.00876	0.96364
888 A	0.02776	0.00860	0.96365
889 A	0.02795	0.00816	0.96389
890 A	0.02850	0.00675	0.96475
891 T	0.02937	0.00510	0.96553
892 G	0.02963	0.00450	0.96587
893 G	0.02987	0.00406	0.96607
894 T	0.03005	0.00378	0.96617
895 C	0.03010	0.00366	0.96624
896 A	0.03011	0.00364	0.96625
897 T	0.03016	0.00356	0.96628
898 C	0.03015	0.00361	0.96624
899 C	0.02991	0.00448	0.96562
900 T	0.02978	0.00568	0.96454
901 G	0.02944	0.00674	0.96382
902 A	0.02904	0.00818	0.96279
903 T	0.02875	0.00890	0.96235
904 T	0.02816	0.00989	0.96194
905 G	0.02739	0.01074	0.96186
906 G	0.02691	0.01101	0.96209
907 G	0.02670	0.01102	0.96228
908 A	0.02664	0.01097	0.96239
909 T	0.02679	0.01069	0.96253
910 C	0.02647	0.01114	0.96239
911 A	0.02597	0.01260	0.96143
912 A	0.02542	0.01338	0.9612
913 A	0.02507	0.01384	0.96109
914 T	0.02472	0.01432	0.96096
915 A	0.02401	0.01535	0.96065
916 C	0.02320	0.01639	0.96042
917 A	0.02155	0.01937	0.95908
918 A	0.02061	0.02108	0.95831
919 A	0.01993	0.02255	0.95752
920 A	0.02003	0.02254	0.95743
921 A	0.02038	0.02220	0.95742
922 T	0.02154	0.02068	0.95779
923 T	0.02263	0.01935	0.95802
924 A	0.02318	0.01842	0.9584
925 T	0.02402	0.01706	0.95893
926 T	0.02435	0.01638	0.95928
927 T	0.02457	0.01569	0.95974
928 A	0.02469	0.01507	0.96025
929 T	0.02478	0.01447	0.96074
930 T	0.02483	0.01414	0.96103
931 A	0.02489	0.01392	0.96119
932 A	0.02499	0.01363	0.96138
933 A	0.02522	0.01297	0.9618
934 A	0.02604	0.01151	0.96245
935 T	0.02636	0.01043	0.9632
936 A	0.02654	0.00976	0.9637
937 G	0.02681	0.00894	0.96425
938 A	0.02723	0.00782	0.96495
939 A	0.02770	0.00644	0.96585
940 T	0.02911	0.00339	0.9675
941 A	0.02989	0.00168	0.96843
942 G	0.03077	0.00000	0.96924
