# lcl|CP097583.1_cds_USQ93485.1_1
# AA	inside	membr	outside
1 A	0.13630	0.00000	0.8637
2 T	0.13571	0.00059	0.8637
3 G	0.13536	0.00094	0.8637
4 A	0.13536	0.00298	0.86165
5 A	0.13280	0.00740	0.8598
6 T	0.13280	0.00770	0.8595
7 A	0.10165	0.03904	0.8593
8 A	0.10165	0.03905	0.8593
9 A	0.09837	0.04236	0.85927
10 A	0.09837	0.04399	0.85764
11 A	0.09785	0.04461	0.85754
12 T	0.09613	0.04635	0.85751
13 C	0.09167	0.05101	0.85732
14 A	0.09167	0.05101	0.85732
15 A	0.09167	0.05291	0.85541
16 T	0.09163	0.05295	0.85541
17 A	0.09119	0.05343	0.85538
18 T	0.09117	0.05350	0.85533
19 T	0.09030	0.05443	0.85527
20 T	0.08415	0.06068	0.85517
21 T	0.07117	0.07354	0.85528
22 G	0.07059	0.07389	0.85551
23 G	0.07037	0.07362	0.85601
24 C	0.07051	0.07318	0.85631
25 T	0.07089	0.07218	0.85693
26 T	0.07080	0.07196	0.85724
27 A	0.07088	0.07120	0.85793
28 G	0.07145	0.06898	0.85957
29 G	0.07133	0.06891	0.85975
30 A	0.07128	0.04289	0.88584
31 A	0.07119	0.04203	0.88678
32 G	0.07119	0.03778	0.89103
33 A	0.07221	0.03724	0.89055
34 C	0.07206	0.03726	0.89067
35 G	0.07197	0.03841	0.88962
36 T	0.07183	0.03922	0.88894
37 A	0.07080	0.04165	0.88755
38 A	0.07156	0.04137	0.88708
39 A	0.07109	0.04358	0.88532
40 A	0.07098	0.04157	0.88745
41 G	0.07085	0.03876	0.89038
42 T	0.07075	0.03677	0.89248
43 T	0.07072	0.03142	0.89786
44 C	0.07026	0.02283	0.90691
45 G	0.06996	0.02288	0.90716
46 G	0.06987	0.02275	0.90738
47 T	0.06984	0.02264	0.90751
48 T	0.06980	0.02262	0.90758
49 G	0.06966	0.02282	0.90752
50 C	0.06966	0.02190	0.90844
51 A	0.06951	0.02195	0.90854
52 A	0.06962	0.02174	0.90865
53 G	0.06976	0.02145	0.90879
54 A	0.07012	0.02099	0.9089
55 G	0.07065	0.02038	0.90898
56 T	0.07339	0.01709	0.90953
57 A	0.07478	0.01544	0.90978
58 A	0.07697	0.01306	0.90997
59 T	0.07990	0.00955	0.91055
60 T	0.08092	0.00750	0.91158
61 T	0.08114	0.00689	0.91197
62 T	0.08184	0.00579	0.91237
63 A	0.08172	0.00580	0.91248
64 G	0.08164	0.00555	0.9128
65 T	0.08170	0.00514	0.91317
66 T	0.08142	0.00522	0.91336
67 T	0.08090	0.00539	0.9137
68 C	0.07958	0.00648	0.91394
69 A	0.07842	0.00772	0.91386
70 G	0.07753	0.00848	0.914
71 G	0.07727	0.00865	0.91408
72 T	0.07734	0.00849	0.91417
73 T	0.07689	0.00894	0.91417
74 C	0.07482	0.01084	0.91434
75 T	0.07142	0.01461	0.91397
76 G	0.06584	0.02130	0.91286
77 G	0.06242	0.02613	0.91145
78 G	0.06025	0.03061	0.90913
79 A	0.05888	0.03821	0.90291
80 A	0.05858	0.04121	0.90022
81 T	0.05859	0.04226	0.89915
82 A	0.05773	0.04407	0.89821
83 T	0.05731	0.04480	0.89789
84 T	0.05659	0.04589	0.89752
85 A	0.05575	0.04713	0.89713
86 A	0.05540	0.04751	0.8971
87 G	0.05514	0.04768	0.89718
88 A	0.05495	0.04805	0.897
89 T	0.05488	0.04786	0.89726
90 A	0.05472	0.04765	0.89762
91 A	0.05456	0.04691	0.89852
92 A	0.05457	0.04592	0.8995
93 T	0.05453	0.04504	0.90043
94 A	0.05443	0.04467	0.9009
95 A	0.05446	0.04414	0.9014
96 A	0.05459	0.04292	0.90249
97 A	0.05479	0.04022	0.905
98 G	0.05535	0.03578	0.90886
99 A	0.05692	0.02953	0.91355
100 G	0.05867	0.02450	0.91683
101 A	0.06129	0.01998	0.91873
102 T	0.06774	0.01190	0.92037
103 T	0.07035	0.00856	0.92109
104 T	0.07121	0.00724	0.92155
105 T	0.07167	0.00626	0.92207
106 G	0.07162	0.00674	0.92164
107 T	0.07181	0.00656	0.92163
108 T	0.07175	0.00722	0.92102
109 G	0.07144	0.00819	0.92038
110 A	0.07141	0.00871	0.91989
111 T	0.07174	0.00872	0.91954
112 T	0.07179	0.00963	0.91857
113 A	0.07170	0.00979	0.91851
114 T	0.07186	0.00947	0.91866
115 A	0.07190	0.00935	0.91875
116 T	0.07197	0.00919	0.91884
117 C	0.07200	0.00906	0.91895
118 C	0.07202	0.00901	0.91896
119 C	0.07192	0.00911	0.91897
120 T	0.07173	0.00935	0.91893
121 T	0.07151	0.00967	0.91882
122 C	0.07105	0.01018	0.91877
123 T	0.07073	0.01068	0.91858
124 A	0.07026	0.01130	0.91844
125 A	0.07012	0.01149	0.91839
126 G	0.06978	0.01186	0.91836
127 G	0.06985	0.01189	0.91825
128 A	0.07039	0.01147	0.91815
129 T	0.07195	0.00970	0.91835
130 A	0.07263	0.00899	0.91838
131 T	0.07379	0.00749	0.91872
132 T	0.07438	0.00647	0.91915
133 C	0.07467	0.00594	0.91939
134 G	0.07488	0.00570	0.91942
135 T	0.07564	0.00492	0.91944
136 C	0.07555	0.00501	0.91945
137 T	0.07509	0.00580	0.91912
138 T	0.07404	0.00716	0.9188
139 G	0.07246	0.00879	0.91876
140 A	0.07160	0.00974	0.91866
141 A	0.07083	0.01059	0.91858
142 A	0.07071	0.01041	0.91888
143 C	0.07074	0.00991	0.91936
144 T	0.07086	0.00971	0.91943
145 A	0.07077	0.00992	0.91931
146 T	0.07082	0.01000	0.91918
147 T	0.06955	0.01111	0.91933
148 A	0.06874	0.01186	0.91939
149 A	0.06844	0.01173	0.91983
150 G	0.06832	0.01160	0.92008
151 C	0.06843	0.01138	0.92019
152 C	0.06839	0.01140	0.9202
153 T	0.06827	0.01159	0.92014
154 T	0.06774	0.01230	0.91995
155 T	0.06630	0.01412	0.91958
156 A	0.06342	0.01802	0.91856
157 A	0.06176	0.02073	0.91751
158 A	0.06015	0.02296	0.91689
159 A	0.05921	0.02382	0.91697
160 T	0.05874	0.02359	0.91767
161 T	0.05745	0.02385	0.91869
162 A	0.05505	0.02516	0.91978
163 A	0.05271	0.02705	0.92024
164 C	0.05210	0.02723	0.92066
165 T	0.05153	0.02872	0.91974
166 A	0.05063	0.02980	0.91958
167 A	0.05037	0.03008	0.91955
168 A	0.05048	0.02990	0.91962
169 A	0.05051	0.02976	0.91973
170 C	0.05049	0.02821	0.92131
171 T	0.05039	0.02772	0.92189
172 T	0.05025	0.02776	0.92198
173 T	0.04981	0.02824	0.92194
174 A	0.04874	0.02955	0.9217
175 G	0.04759	0.03099	0.92142
176 A	0.04689	0.03142	0.92169
177 A	0.04633	0.03142	0.92225
178 A	0.04605	0.03034	0.92361
179 A	0.04682	0.02703	0.92615
180 A	0.04773	0.02438	0.9279
181 T	0.04835	0.02167	0.92998
182 A	0.04852	0.02007	0.93141
183 T	0.04857	0.01856	0.93287
184 G	0.04847	0.01690	0.93463
185 A	0.04853	0.01498	0.93649
186 C	0.04870	0.01264	0.93866
187 A	0.04895	0.01197	0.93908
188 T	0.04989	0.01054	0.93957
189 T	0.05011	0.00979	0.94011
190 G	0.05016	0.00946	0.94038
191 T	0.05024	0.00922	0.94054
192 T	0.05028	0.00878	0.94094
193 G	0.05027	0.00847	0.94126
194 C	0.05038	0.00798	0.94165
195 T	0.05059	0.00793	0.94148
196 A	0.05071	0.00762	0.94167
197 A	0.05097	0.00679	0.94225
198 T	0.05138	0.00540	0.94322
199 G	0.05153	0.00464	0.94383
200 T	0.05163	0.00379	0.94459
201 T	0.05168	0.00306	0.94526
202 T	0.05169	0.00284	0.94547
203 A	0.05168	0.00275	0.94557
204 T	0.05163	0.00260	0.94578
205 G	0.05157	0.00267	0.94576
206 G	0.05148	0.00293	0.94558
207 T	0.05142	0.00341	0.94516
208 G	0.05129	0.00446	0.94425
209 G	0.05118	0.00637	0.94246
210 A	0.05088	0.01026	0.93886
211 G	0.05087	0.01286	0.93627
212 G	0.05089	0.01600	0.9331
213 A	0.05092	0.01959	0.92949
214 A	0.05099	0.01982	0.92919
215 T	0.05115	0.01976	0.9291
216 A	0.05122	0.01980	0.92898
217 A	0.05130	0.01970	0.929
218 C	0.05157	0.01940	0.92903
219 A	0.05174	0.01922	0.92904
220 T	0.05189	0.01906	0.92905
221 C	0.05191	0.01903	0.92905
222 T	0.05190	0.01904	0.92906
223 C	0.05179	0.01915	0.92906
224 A	0.05165	0.01929	0.92906
225 A	0.05153	0.01940	0.92907
226 G	0.05149	0.01943	0.92909
227 C	0.05142	0.01941	0.92917
228 G	0.05153	0.01928	0.9292
229 G	0.05184	0.01886	0.9293
230 G	0.05246	0.01818	0.92936
231 A	0.05360	0.01695	0.92945
232 G	0.05564	0.01483	0.92952
233 C	0.05972	0.01046	0.92982
234 G	0.06241	0.00774	0.92986
235 A	0.06534	0.00481	0.92986
236 T	0.06832	0.00181	0.92987
237 T	0.06854	0.00158	0.92989
238 C	0.06859	0.00153	0.92989
239 T	0.06866	0.00145	0.92989
240 T	0.06860	0.00151	0.92989
241 T	0.06846	0.00166	0.92988
242 T	0.06818	0.00194	0.92989
243 A	0.06780	0.00233	0.92988
244 G	0.06754	0.00250	0.92996
245 G	0.06734	0.00259	0.93006
246 G	0.06722	0.00261	0.93017
247 A	0.06719	0.00252	0.93028
248 T	0.06718	0.00241	0.93041
249 A	0.06717	0.00234	0.93049
250 G	0.06716	0.00219	0.93065
251 C	0.06716	0.00215	0.93068
252 T	0.06715	0.00227	0.93058
253 A	0.06714	0.00230	0.93056
254 G	0.06715	0.00229	0.93056
255 A	0.06717	0.00228	0.93055
256 T	0.06720	0.00226	0.93054
257 C	0.06720	0.00225	0.93055
258 T	0.06721	0.00229	0.9305
259 T	0.06719	0.00236	0.93044
260 T	0.06712	0.00253	0.93034
261 A	0.06683	0.00295	0.93022
262 G	0.06599	0.00399	0.93002
263 T	0.06529	0.00496	0.92976
264 T	0.06283	0.00815	0.92902
265 G	0.05822	0.01263	0.92916
266 A	0.05610	0.01462	0.92928
267 G	0.05392	0.01670	0.92938
268 G	0.05245	0.01812	0.92943
269 C	0.05176	0.01881	0.92943
270 A	0.05139	0.01920	0.9294
271 G	0.05129	0.01930	0.92941
272 A	0.05126	0.01932	0.92942
273 A	0.05124	0.01933	0.92943
274 C	0.05125	0.01931	0.92944
275 C	0.05133	0.01921	0.92947
276 T	0.05132	0.01923	0.92944
277 A	0.05125	0.01936	0.92939
278 G	0.05116	0.01951	0.92933
279 C	0.05109	0.01963	0.92928
280 T	0.05108	0.01981	0.92911
281 T	0.05103	0.01995	0.92903
282 A	0.05087	0.02023	0.9289
283 A	0.05090	0.02023	0.92887
284 G	0.05102	0.02000	0.92899
285 A	0.05118	0.01862	0.9302
286 A	0.05165	0.01686	0.93148
287 T	0.05264	0.01270	0.93466
288 T	0.05278	0.00849	0.93873
289 A	0.05280	0.00712	0.94008
290 T	0.05283	0.00540	0.94177
291 T	0.05274	0.00464	0.94262
292 T	0.05265	0.00466	0.94269
293 T	0.05232	0.00575	0.94192
294 A	0.05146	0.00934	0.93919
295 A	0.05073	0.01243	0.93684
296 A	0.05004	0.01676	0.93319
297 A	0.04885	0.02177	0.92938
298 A	0.04778	0.02342	0.9288
299 A	0.04746	0.02395	0.92859
300 A	0.04734	0.02404	0.92862
301 T	0.04741	0.02384	0.92875
302 C	0.04736	0.02375	0.92888
303 T	0.04749	0.02368	0.92883
304 G	0.04754	0.02375	0.92871
305 G	0.04765	0.02368	0.92867
306 A	0.04777	0.02360	0.92863
307 T	0.04797	0.02344	0.92859
308 T	0.04804	0.02334	0.92862
309 A	0.04803	0.02339	0.92857
310 T	0.04808	0.02330	0.92862
311 T	0.04797	0.02336	0.92868
312 A	0.04768	0.02355	0.92876
313 A	0.04744	0.02363	0.92894
314 C	0.04754	0.02320	0.92926
315 A	0.04785	0.02286	0.92929
316 A	0.04876	0.02180	0.92943
317 G	0.05143	0.01851	0.93005
318 A	0.05373	0.01575	0.93052
319 G	0.05733	0.01163	0.93104
320 A	0.06082	0.00691	0.93227
321 T	0.06173	0.00481	0.93346
322 T	0.06183	0.00430	0.93387
323 C	0.06117	0.00475	0.93408
324 T	0.06081	0.00511	0.93407
325 C	0.05964	0.00631	0.93405
326 G	0.05890	0.00729	0.93382
327 T	0.05873	0.00771	0.93355
328 T	0.05819	0.00871	0.9331
329 G	0.05703	0.01028	0.9327
330 T	0.05643	0.01119	0.93239
331 G	0.05540	0.01242	0.93219
332 T	0.05491	0.01314	0.93195
333 A	0.05432	0.01373	0.93195
334 G	0.05385	0.01415	0.93201
335 A	0.05364	0.01432	0.93203
336 A	0.05336	0.01445	0.9322
337 C	0.05302	0.01463	0.93234
338 G	0.05259	0.01564	0.93176
339 T	0.05244	0.01705	0.93051
340 A	0.05216	0.01918	0.92866
341 A	0.05209	0.01995	0.92796
342 A	0.05206	0.02035	0.92758
343 A	0.05208	0.02061	0.92731
344 A	0.05211	0.02059	0.9273
345 A	0.05218	0.02021	0.9276
346 T	0.05236	0.01913	0.92851
347 A	0.05249	0.01843	0.92908
348 T	0.05274	0.01698	0.93028
349 G	0.05297	0.01614	0.93089
350 G	0.05330	0.01558	0.93112
351 T	0.05384	0.01471	0.93145
352 T	0.05422	0.01432	0.93146
353 T	0.05439	0.01440	0.93121
354 A	0.05453	0.01489	0.93058
355 A	0.05471	0.01611	0.92918
356 A	0.05474	0.01719	0.92806
357 A	0.05480	0.01748	0.92772
358 A	0.05505	0.01707	0.92787
359 A	0.05532	0.01651	0.92817
360 A	0.05573	0.01565	0.92862
361 G	0.05654	0.01420	0.92926
362 C	0.05789	0.01255	0.92956
363 T	0.05964	0.01063	0.92972
364 C	0.06014	0.01011	0.92975
365 G	0.06039	0.01000	0.92961
366 T	0.06068	0.00992	0.9294
367 C	0.06060	0.01007	0.92934
368 G	0.06055	0.01024	0.92921
369 T	0.06063	0.01019	0.92919
370 G	0.06060	0.01022	0.92919
371 C	0.06082	0.01000	0.92919
372 T	0.06136	0.00945	0.92919
373 C	0.06180	0.00900	0.9292
374 C	0.06242	0.00838	0.9292
375 T	0.06359	0.00721	0.9292
376 C	0.06417	0.00664	0.9292
377 A	0.06501	0.00579	0.9292
378 A	0.06644	0.00436	0.92921
379 T	0.06795	0.00283	0.92922
380 T	0.06853	0.00217	0.9293
381 T	0.06862	0.00204	0.92934
382 T	0.06866	0.00191	0.92942
383 C	0.06867	0.00186	0.92947
384 A	0.06868	0.00183	0.92949
385 A	0.06869	0.00180	0.92951
386 A	0.06872	0.00174	0.92953
387 A	0.06878	0.00162	0.9296
388 C	0.06900	0.00132	0.92968
389 G	0.06926	0.00092	0.92982
390 T	0.06939	0.00057	0.93004
391 T	0.06950	0.00031	0.93019
392 A	0.06952	0.00019	0.93029
393 A	0.06953	0.00000	0.93047
