# lcl|CP097583.1_cds_USQ93233.1_1
# AA	inside	membr	outside
1 T	0.70678	0.00000	0.29322
2 T	0.70662	0.00015	0.29322
3 G	0.70657	0.00021	0.29322
4 T	0.70657	0.00177	0.29166
5 C	0.70492	0.00511	0.28997
6 A	0.70492	0.00580	0.28928
7 T	0.69950	0.01134	0.28915
8 T	0.69950	0.01134	0.28915
9 A	0.69311	0.01776	0.28913
10 T	0.69310	0.01956	0.28734
11 T	0.68959	0.02320	0.28721
12 C	0.57013	0.14268	0.28718
13 A	0.29983	0.41352	0.28664
14 A	0.29978	0.41357	0.28664
15 A	0.29978	0.41645	0.28376
16 C	0.29665	0.41958	0.28376
17 A	0.29169	0.42476	0.28356
18 T	0.29151	0.42502	0.28346
19 A	0.28533	0.43122	0.28345
20 T	0.26828	0.44835	0.28337
21 T	0.19752	0.51910	0.28338
22 C	0.19295	0.52361	0.28344
23 C	0.18895	0.52760	0.28345
24 A	0.18689	0.52993	0.28318
25 G	0.18582	0.53121	0.28297
26 T	0.18506	0.53259	0.28235
27 T	0.18425	0.53431	0.28144
28 T	0.18017	0.53892	0.2809
29 T	0.17540	0.54393	0.28067
30 A	0.16716	0.54774	0.2851
31 A	0.16289	0.54749	0.28961
32 A	0.16042	0.53536	0.30422
33 T	0.15979	0.51710	0.32311
34 A	0.15495	0.51442	0.33062
35 A	0.15228	0.42103	0.4267
36 A	0.14942	0.20814	0.64245
37 G	0.14822	0.20279	0.64898
38 A	0.14960	0.20267	0.64772
39 A	0.14891	0.20841	0.64268
40 A	0.14888	0.21029	0.64083
41 T	0.14892	0.19858	0.6525
42 T	0.14876	0.19135	0.65989
43 A	0.14846	0.17821	0.67333
44 T	0.14822	0.13198	0.71981
45 A	0.14792	0.14724	0.70484
46 G	0.14776	0.14900	0.70324
47 A	0.14770	0.16253	0.68977
48 A	0.14759	0.18060	0.6718
49 T	0.14839	0.21918	0.63242
50 A	0.14818	0.32574	0.52608
51 T	0.14877	0.33433	0.5169
52 T	0.14776	0.34808	0.50417
53 T	0.14558	0.36903	0.48539
54 A	0.14153	0.38958	0.46889
55 A	0.13963	0.40779	0.45258
56 A	0.13913	0.40987	0.45101
57 T	0.14200	0.40558	0.45242
58 A	0.14316	0.40794	0.44891
59 T	0.14900	0.40228	0.44872
60 A	0.15002	0.40178	0.44819
61 A	0.15413	0.39717	0.4487
62 A	0.16258	0.38785	0.44957
63 T	0.17346	0.37627	0.45027
64 C	0.17551	0.37379	0.45069
65 C	0.18013	0.36913	0.45074
66 T	0.18417	0.36561	0.45022
67 A	0.18916	0.36139	0.44946
68 A	0.20368	0.34701	0.4493
69 A	0.21215	0.33853	0.44932
70 G	0.23079	0.31947	0.44973
71 G	0.25571	0.29332	0.45098
72 A	0.30694	0.24129	0.45176
73 A	0.41548	0.13080	0.45372
74 T	0.44852	0.09543	0.45605
75 T	0.47218	0.06939	0.45843
76 T	0.48508	0.05376	0.46116
77 A	0.48912	0.04657	0.46431
78 T	0.49739	0.03571	0.4669
79 G	0.49449	0.03723	0.46829
80 T	0.49586	0.03494	0.4692
81 A	0.49617	0.03345	0.47038
82 G	0.49790	0.03069	0.47142
83 A	0.49929	0.02818	0.47253
84 T	0.49987	0.02639	0.47375
85 G	0.49917	0.02629	0.47454
86 C	0.49933	0.02546	0.47521
87 T	0.49974	0.02476	0.4755
88 A	0.49982	0.02442	0.47576
89 C	0.49999	0.02377	0.47624
90 T	0.50045	0.02312	0.47642
91 T	0.49964	0.02400	0.47636
92 T	0.49663	0.02643	0.47694
93 G	0.49123	0.03179	0.47698
94 G	0.49010	0.03326	0.47664
95 G	0.48974	0.03333	0.47693
96 T	0.48948	0.03337	0.47714
97 G	0.48913	0.03337	0.4775
98 G	0.48908	0.03297	0.47795
99 T	0.48911	0.03156	0.47933
100 G	0.48896	0.03040	0.48063
101 G	0.48883	0.02961	0.48156
102 T	0.48886	0.02642	0.48472
103 G	0.48868	0.02565	0.48567
104 G	0.48862	0.02246	0.48892
105 G	0.48843	0.02190	0.48967
106 C	0.48817	0.02228	0.48955
107 A	0.48795	0.02388	0.48816
108 T	0.48787	0.02417	0.48796
109 A	0.48758	0.02520	0.48721
110 G	0.48747	0.02562	0.48691
111 T	0.48749	0.02622	0.48629
112 G	0.48718	0.02598	0.48684
113 A	0.48689	0.02565	0.48745
114 A	0.48691	0.02425	0.48884
115 T	0.48728	0.02068	0.49203
116 C	0.48619	0.01797	0.49585
117 T	0.48604	0.01983	0.49413
118 A	0.48522	0.03123	0.48355
119 T	0.48506	0.03573	0.4792
120 T	0.48436	0.03923	0.47642
121 T	0.48084	0.04738	0.47178
122 T	0.47710	0.05413	0.46877
123 A	0.46783	0.06592	0.46625
124 A	0.46104	0.07429	0.46467
125 A	0.45749	0.07965	0.46286
126 T	0.45623	0.08079	0.46298
127 A	0.45326	0.08404	0.4627
128 A	0.45285	0.08442	0.46273
129 A	0.45304	0.08399	0.46297
130 C	0.45438	0.08238	0.46324
131 T	0.45507	0.08169	0.46324
132 T	0.45561	0.08104	0.46335
133 A	0.45570	0.08093	0.46337
134 A	0.45608	0.08048	0.46344
135 T	0.45611	0.08020	0.46369
136 G	0.45566	0.08007	0.46427
137 A	0.45586	0.07945	0.46469
138 A	0.45632	0.07832	0.46536
139 G	0.45733	0.07546	0.4672
140 G	0.46022	0.07118	0.4686
141 T	0.47413	0.05526	0.47062
142 T	0.47979	0.04798	0.47224
143 A	0.48247	0.04380	0.47373
144 T	0.48628	0.03584	0.47788
145 T	0.48831	0.02992	0.48177
146 T	0.48948	0.02140	0.48913
147 G	0.49023	0.01497	0.4948
148 T	0.49167	0.01080	0.49753
149 A	0.49181	0.00936	0.49883
150 T	0.49234	0.00627	0.50139
151 T	0.49258	0.00536	0.50206
152 C	0.49259	0.00498	0.50242
153 T	0.49258	0.00627	0.50115
154 T	0.49212	0.00756	0.50033
155 T	0.49146	0.00909	0.49945
156 T	0.48999	0.01069	0.49933
157 G	0.48646	0.01440	0.49914
158 A	0.48372	0.01742	0.49886
159 T	0.48111	0.01992	0.49896
160 C	0.47115	0.03081	0.49804
161 G	0.43762	0.06725	0.49513
162 T	0.42595	0.07921	0.49484
163 G	0.41418	0.09145	0.49438
164 A	0.40969	0.09645	0.49386
165 T	0.40795	0.09851	0.49353
166 C	0.40395	0.10283	0.49322
167 T	0.40076	0.10625	0.493
168 T	0.38727	0.12005	0.49269
169 T	0.36462	0.14282	0.49255
170 A	0.33629	0.17140	0.4923
171 C	0.31045	0.19749	0.49205
172 G	0.27983	0.22900	0.49117
173 C	0.26054	0.24956	0.4899
174 A	0.24568	0.26482	0.48951
175 A	0.23748	0.27314	0.48938
176 T	0.23469	0.27591	0.48939
177 T	0.22773	0.28236	0.48991
178 C	0.21194	0.29753	0.49052
179 A	0.19830	0.31027	0.49143
180 A	0.19250	0.31373	0.49376
181 A	0.18823	0.31670	0.49508
182 A	0.18650	0.31651	0.49699
183 A	0.18490	0.31054	0.50456
184 T	0.18483	0.27404	0.54112
185 G	0.17651	0.27005	0.55345
186 T	0.16875	0.26981	0.56145
187 A	0.15038	0.29862	0.551
188 A	0.13435	0.32719	0.53846
189 A	0.12889	0.33824	0.53288
190 A	0.12313	0.34298	0.53389
191 A	0.11850	0.33484	0.54666
192 G	0.11541	0.32287	0.56173
193 A	0.11439	0.32217	0.56344
194 A	0.11162	0.32273	0.56565
195 A	0.11054	0.30891	0.58055
196 T	0.11017	0.29282	0.597
197 T	0.10824	0.28710	0.60466
198 T	0.10421	0.29163	0.60416
199 G	0.09635	0.30385	0.59981
200 A	0.09270	0.31431	0.593
201 A	0.08945	0.32134	0.58921
202 A	0.08763	0.32313	0.58923
203 A	0.08660	0.32862	0.58479
204 T	0.08701	0.33893	0.57407
205 A	0.08539	0.36366	0.55094
206 A	0.08473	0.37199	0.54327
207 A	0.08465	0.37021	0.54513
208 A	0.08494	0.36318	0.55188
209 A	0.08488	0.35502	0.5601
210 A	0.09423	0.32931	0.57646
211 C	0.10826	0.30259	0.58916
212 A	0.11866	0.29544	0.5859
213 A	0.12728	0.28549	0.58723
214 A	0.13615	0.27504	0.58881
215 T	0.15225	0.25662	0.59113
216 A	0.17073	0.23761	0.59166
217 T	0.19556	0.20768	0.59676
218 T	0.20917	0.19015	0.60067
219 T	0.21623	0.17982	0.60396
220 T	0.22043	0.17323	0.60634
221 T	0.22430	0.16608	0.60962
222 G	0.22471	0.16074	0.61454
223 A	0.23128	0.15160	0.61711
224 T	0.24548	0.13442	0.6201
225 T	0.25565	0.12221	0.62213
226 C	0.26386	0.11242	0.62372
227 A	0.27716	0.09927	0.62357
228 T	0.29922	0.07657	0.62421
229 A	0.30188	0.07455	0.62357
230 A	0.30178	0.07499	0.62322
231 T	0.30444	0.07246	0.6231
232 A	0.30489	0.07023	0.62489
233 A	0.30650	0.06540	0.62811
234 T	0.31384	0.05574	0.63042
235 T	0.32079	0.04648	0.63273
236 T	0.32162	0.04443	0.63394
237 T	0.32107	0.04394	0.63499
238 G	0.31976	0.04463	0.63561
239 C	0.31952	0.04432	0.63615
240 T	0.31984	0.04407	0.63609
241 T	0.31948	0.04470	0.63582
242 T	0.31764	0.04754	0.63482
243 T	0.31167	0.05655	0.63178
244 T	0.30061	0.07419	0.6252
245 T	0.27885	0.10715	0.614
246 A	0.23339	0.17254	0.59407
247 A	0.19405	0.23157	0.57437
248 A	0.17396	0.25913	0.5669
249 A	0.15538	0.28238	0.56225
250 G	0.14480	0.29482	0.56037
251 A	0.13945	0.30154	0.55901
252 A	0.13850	0.30067	0.56084
253 G	0.13909	0.29884	0.56207
254 A	0.13998	0.29803	0.56199
255 A	0.14180	0.29527	0.56293
256 T	0.14342	0.29254	0.56404
257 T	0.14374	0.29169	0.56458
258 A	0.14350	0.29180	0.5647
259 T	0.14342	0.29069	0.56589
260 T	0.14306	0.28992	0.56702
261 A	0.13948	0.29367	0.56684
262 A	0.13569	0.29774	0.56657
263 A	0.13375	0.29859	0.56767
264 A	0.13254	0.29706	0.5704
265 A	0.13328	0.29072	0.57601
266 G	0.13710	0.27522	0.58769
267 A	0.14473	0.25586	0.59941
268 A	0.15935	0.22029	0.62037
269 A	0.18053	0.16146	0.65802
270 T	0.20179	0.10447	0.69374
271 A	0.20939	0.07948	0.71113
272 T	0.21720	0.05390	0.72889
273 T	0.22090	0.04070	0.7384
274 T	0.22233	0.03396	0.74371
275 C	0.22265	0.03163	0.74572
276 T	0.22326	0.03084	0.74591
277 T	0.22331	0.03100	0.74569
278 C	0.22279	0.03203	0.74518
279 A	0.22259	0.03329	0.74412
280 A	0.22274	0.03355	0.74371
281 T	0.22375	0.03239	0.74386
282 T	0.22423	0.03217	0.7436
283 G	0.22376	0.03449	0.74176
284 A	0.22490	0.03208	0.74303
285 T	0.22625	0.02748	0.74627
286 G	0.22672	0.02549	0.74779
287 G	0.22779	0.02350	0.74872
288 T	0.22950	0.02141	0.74909
289 A	0.23003	0.02122	0.74875
290 T	0.23102	0.02007	0.74891
291 T	0.23175	0.01942	0.74884
292 G	0.23218	0.01910	0.74872
293 T	0.23283	0.01856	0.74861
294 T	0.23301	0.01841	0.74858
295 T	0.23308	0.01835	0.74856
296 T	0.23315	0.01824	0.74861
297 T	0.23317	0.01813	0.7487
298 G	0.23316	0.01799	0.74885
299 A	0.23340	0.01770	0.74891
300 T	0.23411	0.01675	0.74914
301 T	0.23483	0.01546	0.74971
302 T	0.23525	0.01490	0.74985
303 A	0.23493	0.01537	0.7497
304 G	0.23499	0.01540	0.7496
305 G	0.23533	0.01513	0.74953
306 T	0.23785	0.01232	0.74982
307 T	0.24024	0.01000	0.74976
308 T	0.24109	0.00921	0.7497
309 A	0.24103	0.00944	0.74953
310 T	0.24102	0.00940	0.74958
311 C	0.24066	0.00966	0.74969
312 T	0.24088	0.00950	0.74961
313 T	0.24089	0.00963	0.74947
314 C	0.24067	0.01008	0.74925
315 T	0.24021	0.01068	0.7491
316 T	0.23886	0.01234	0.7488
317 T	0.23538	0.01641	0.74822
318 T	0.21556	0.03751	0.74693
319 C	0.19390	0.06203	0.74408
320 A	0.16497	0.10344	0.73159
321 A	0.14883	0.12361	0.72757
322 A	0.13856	0.13635	0.72509
323 T	0.13374	0.14242	0.72383
324 A	0.12114	0.15632	0.72254
325 G	0.11354	0.16498	0.72147
326 A	0.11125	0.16791	0.72084
327 A	0.11021	0.16908	0.72072
328 G	0.10963	0.16989	0.72048
329 A	0.10981	0.17005	0.72014
330 T	0.10986	0.17006	0.72008
331 A	0.10961	0.17010	0.72029
332 A	0.10950	0.16965	0.72084
333 T	0.10944	0.16910	0.72146
334 A	0.10920	0.16882	0.72199
335 C	0.10900	0.16840	0.72261
336 A	0.10859	0.16959	0.72182
337 A	0.10819	0.17016	0.72165
338 G	0.10672	0.17052	0.72276
339 A	0.10629	0.16950	0.72421
340 G	0.10708	0.16531	0.7276
341 G	0.10888	0.14112	0.75
342 A	0.11298	0.11537	0.77166
343 T	0.12614	0.07302	0.80083
344 T	0.13007	0.05419	0.81574
345 T	0.13148	0.04427	0.82425
346 A	0.13139	0.04178	0.82683
347 G	0.13151	0.03210	0.83639
348 T	0.13255	0.02683	0.84062
349 T	0.13251	0.02655	0.84094
350 A	0.13189	0.02998	0.83814
351 T	0.13153	0.03002	0.83846
352 T	0.13014	0.03162	0.83824
353 T	0.12684	0.03527	0.83789
354 A	0.11902	0.04357	0.83741
355 C	0.11452	0.04962	0.83586
356 A	0.11263	0.05883	0.82855
357 A	0.11197	0.06747	0.82056
358 A	0.11174	0.06782	0.82045
359 A	0.11293	0.06637	0.82071
360 T	0.11410	0.06476	0.82113
361 T	0.11456	0.06299	0.82246
362 C	0.11494	0.06214	0.82291
363 T	0.11578	0.06261	0.8216
364 T	0.11635	0.06273	0.82092
365 T	0.11657	0.06297	0.82047
366 A	0.11641	0.06418	0.81941
367 T	0.11620	0.06494	0.81886
368 T	0.11495	0.06651	0.81854
369 A	0.11416	0.06765	0.81819
370 G	0.11412	0.06830	0.81758
371 A	0.11487	0.06874	0.81638
372 T	0.11607	0.06729	0.81664
373 A	0.11663	0.06840	0.81497
374 T	0.11081	0.07540	0.81379
375 G	0.09818	0.09318	0.80864
376 A	0.09356	0.10058	0.80587
377 G	0.08818	0.10647	0.80536
378 A	0.08625	0.11438	0.79937
379 A	0.08863	0.11988	0.79149
380 T	0.09433	0.11425	0.79142
381 G	0.09037	0.12039	0.78924
382 G	0.08941	0.12544	0.78515
383 A	0.08892	0.12832	0.78276
384 C	0.08925	0.12906	0.7817
385 A	0.08955	0.13293	0.77752
386 T	0.09140	0.13347	0.77514
387 T	0.09162	0.13351	0.77487
388 A	0.08936	0.13621	0.77442
389 A	0.08826	0.13736	0.77438
390 A	0.07897	0.14569	0.77534
391 C	0.07314	0.14954	0.77732
392 A	0.06772	0.15435	0.77793
393 A	0.06640	0.15515	0.77845
394 A	0.06691	0.15384	0.77925
395 A	0.06770	0.15237	0.77994
396 A	0.07052	0.14785	0.78164
397 A	0.07486	0.13526	0.78988
398 T	0.08304	0.11378	0.80319
399 A	0.08685	0.10472	0.80843
400 G	0.09102	0.09440	0.81457
401 A	0.09874	0.08280	0.81846
402 T	0.10802	0.06888	0.8231
403 G	0.10899	0.06550	0.82551
404 C	0.11275	0.05806	0.82919
405 T	0.11880	0.05128	0.82991
406 T	0.12124	0.04845	0.83032
407 C	0.12196	0.04752	0.83052
408 T	0.12464	0.04492	0.83045
409 T	0.12560	0.04410	0.8303
410 A	0.12543	0.04381	0.83076
411 T	0.12575	0.04109	0.83316
412 A	0.12591	0.03963	0.83445
413 T	0.12633	0.02795	0.84572
414 T	0.12664	0.02144	0.85192
415 G	0.12694	0.01579	0.85727
416 T	0.12716	0.01418	0.85865
417 T	0.12627	0.01531	0.85842
418 A	0.12440	0.01781	0.85779
419 A	0.12346	0.01916	0.85738
420 T	0.12286	0.01997	0.85718
421 A	0.12087	0.02333	0.8558
422 A	0.12007	0.02655	0.85338
423 T	0.11953	0.03048	0.84999
424 T	0.11707	0.03893	0.84401
425 A	0.11302	0.05404	0.83294
426 T	0.11039	0.06454	0.82507
427 A	0.10741	0.07900	0.81359
428 G	0.10625	0.08479	0.80895
429 T	0.10613	0.08863	0.80524
430 T	0.10587	0.08917	0.80495
431 T	0.10520	0.09003	0.80477
432 T	0.10364	0.09171	0.80465
433 T	0.10076	0.09461	0.80463
434 C	0.09444	0.10107	0.80449
435 A	0.09136	0.10452	0.80413
436 G	0.09022	0.10581	0.80396
437 A	0.08973	0.10640	0.80386
438 A	0.08969	0.10637	0.80394
439 T	0.09016	0.10578	0.80406
440 T	0.09042	0.10445	0.80513
441 A	0.09027	0.10311	0.80663
442 A	0.09056	0.10186	0.80758
443 A	0.09121	0.10046	0.80833
444 A	0.09282	0.09707	0.8101
445 A	0.09678	0.09195	0.81127
446 A	0.10225	0.08541	0.81234
447 A	0.11038	0.07441	0.81521
448 A	0.12284	0.05798	0.81918
449 T	0.13364	0.04420	0.82216
450 T	0.14370	0.03122	0.82508
451 T	0.14757	0.02577	0.82666
452 T	0.14965	0.02252	0.82783
453 T	0.15010	0.02098	0.82892
454 T	0.15025	0.01983	0.82992
455 T	0.15024	0.01879	0.83097
456 A	0.14926	0.01825	0.83249
457 T	0.14920	0.01398	0.83682
458 T	0.14896	0.01223	0.83881
459 T	0.14790	0.01297	0.83913
460 T	0.14553	0.01578	0.83869
461 A	0.14084	0.02236	0.8368
462 T	0.13273	0.03089	0.83638
463 G	0.12359	0.04036	0.83606
464 G	0.11662	0.04790	0.83549
465 A	0.10583	0.05945	0.83472
466 G	0.09976	0.06594	0.83431
467 A	0.08935	0.07716	0.8335
468 A	0.08287	0.08370	0.83343
469 G	0.08177	0.08474	0.83349
470 A	0.08143	0.08505	0.83352
471 G	0.08146	0.08500	0.83354
472 C	0.08156	0.08489	0.83355
473 C	0.08175	0.08476	0.83349
474 T	0.08202	0.08477	0.83321
475 A	0.08206	0.08488	0.83307
476 A	0.08190	0.08523	0.83287
477 G	0.08153	0.08566	0.83281
478 T	0.08171	0.08520	0.83309
479 C	0.08128	0.08334	0.83537
480 T	0.08137	0.08243	0.8362
481 G	0.08083	0.08200	0.83718
482 G	0.08079	0.08118	0.83802
483 A	0.08142	0.07898	0.8396
484 T	0.08372	0.07384	0.84244
485 T	0.08429	0.06430	0.85141
486 A	0.08352	0.05740	0.85908
487 A	0.08353	0.05093	0.86555
488 T	0.08354	0.04038	0.87607
489 A	0.08245	0.03610	0.88145
490 G	0.08186	0.02661	0.89153
491 C	0.08112	0.02164	0.89723
492 T	0.08065	0.02271	0.89664
493 C	0.07994	0.02525	0.89481
494 G	0.07914	0.03163	0.88923
495 A	0.07877	0.03611	0.88512
496 G	0.07867	0.03838	0.88296
497 A	0.07876	0.04191	0.87933
498 A	0.07839	0.04528	0.87633
499 A	0.07865	0.04756	0.8738
500 T	0.07888	0.04705	0.87407
501 T	0.07875	0.04812	0.87313
502 A	0.07822	0.05575	0.86603
503 T	0.07815	0.05992	0.86193
504 T	0.07665	0.07468	0.84867
505 A	0.07479	0.09104	0.83417
506 A	0.07383	0.09574	0.83043
507 A	0.07300	0.09830	0.82869
508 A	0.07209	0.09978	0.82813
509 G	0.07166	0.09952	0.82882
510 A	0.07026	0.10031	0.82943
511 A	0.06998	0.09975	0.83027
512 G	0.07015	0.09813	0.83172
513 A	0.07116	0.09589	0.83295
514 C	0.07332	0.09236	0.83433
515 C	0.07580	0.08943	0.83478
516 T	0.07881	0.08652	0.83467
517 T	0.08326	0.08188	0.83486
518 T	0.08530	0.07987	0.83483
519 A	0.08587	0.07942	0.83471
520 A	0.08820	0.07704	0.83475
521 C	0.09100	0.07339	0.83561
522 T	0.09424	0.07005	0.83571
523 A	0.09466	0.06949	0.83585
524 A	0.09667	0.06706	0.83627
525 C	0.10479	0.05817	0.83704
526 A	0.11044	0.05243	0.83712
527 C	0.12482	0.03595	0.83923
528 T	0.13918	0.02061	0.84021
529 T	0.14129	0.01839	0.84032
530 T	0.14077	0.01935	0.83988
531 A	0.13170	0.02937	0.83893
532 G	0.12400	0.03777	0.83823
533 A	0.11309	0.04926	0.83765
534 A	0.10522	0.05714	0.83763
535 T	0.10293	0.05952	0.83756
536 T	0.09725	0.06622	0.83652
537 A	0.08495	0.07948	0.83558
538 G	0.07576	0.08854	0.83571
539 T	0.06912	0.09510	0.83579
540 A	0.06297	0.10121	0.83582
541 G	0.06195	0.10203	0.83602
542 C	0.06154	0.10210	0.83636
543 A	0.06118	0.10258	0.83624
544 A	0.06094	0.10265	0.83641
545 T	0.06052	0.10284	0.83663
546 A	0.05729	0.10574	0.83697
547 A	0.05360	0.10920	0.83721
548 C	0.05225	0.10929	0.83847
549 A	0.05071	0.11045	0.83883
550 G	0.05009	0.11049	0.83942
551 A	0.05036	0.10968	0.83996
552 T	0.05111	0.10791	0.84098
553 A	0.05149	0.10667	0.84185
554 A	0.05303	0.09580	0.85117
555 A	0.05463	0.08517	0.8602
556 T	0.05722	0.06914	0.87364
557 T	0.05814	0.05870	0.88316
558 T	0.05822	0.05461	0.88717
559 T	0.05807	0.04926	0.89268
560 A	0.05730	0.04008	0.90262
561 T	0.05656	0.03189	0.91155
562 C	0.05551	0.02652	0.91798
563 C	0.05456	0.02485	0.92059
564 T	0.05420	0.02760	0.9182
565 T	0.05355	0.03286	0.91358
566 T	0.05249	0.03683	0.91068
567 A	0.05128	0.04029	0.90842
568 T	0.05075	0.04500	0.90425
569 A	0.05008	0.04548	0.90444
570 T	0.04962	0.04496	0.90542
571 A	0.04853	0.04881	0.90267
572 T	0.04771	0.04975	0.90254
573 G	0.04596	0.05504	0.899
574 A	0.04504	0.06583	0.88914
575 A	0.04450	0.07679	0.87871
576 A	0.04423	0.08391	0.87185
577 A	0.04401	0.08878	0.86722
578 A	0.04380	0.09254	0.86366
579 A	0.04319	0.09802	0.85879
580 A	0.04135	0.10382	0.85483
581 A	0.03992	0.11004	0.85004
582 G	0.03868	0.11633	0.84499
583 A	0.03800	0.12142	0.84058
584 G	0.03768	0.12293	0.83938
585 A	0.03792	0.12198	0.8401
586 G	0.03928	0.11928	0.84145
587 G	0.04276	0.11510	0.84214
588 T	0.04818	0.10913	0.84269
589 C	0.05055	0.10626	0.84319
590 A	0.05213	0.10457	0.8433
591 T	0.05608	0.10036	0.84356
592 A	0.05757	0.09850	0.84394
593 G	0.05827	0.09726	0.84447
594 C	0.06032	0.09446	0.84521
595 G	0.06125	0.09276	0.846
596 C	0.06352	0.08950	0.84698
597 C	0.06840	0.08447	0.84714
598 A	0.07415	0.07896	0.84689
599 A	0.07809	0.07525	0.84666
600 A	0.07987	0.07367	0.84646
601 A	0.08300	0.07049	0.84651
602 G	0.08845	0.06434	0.84721
603 A	0.09425	0.05583	0.84992
604 A	0.10198	0.04593	0.85209
605 T	0.11185	0.03428	0.85388
606 T	0.11824	0.02671	0.85504
607 T	0.11985	0.02438	0.85577
608 T	0.11911	0.02461	0.85627
609 T	0.11695	0.02658	0.85647
610 C	0.11266	0.03074	0.8566
611 A	0.10919	0.03421	0.8566
612 A	0.10872	0.03455	0.85673
613 T	0.10857	0.03448	0.85695
614 C	0.10702	0.03592	0.85706
615 A	0.10580	0.03758	0.85662
616 T	0.10449	0.03887	0.85663
617 T	0.09076	0.05393	0.85531
618 A	0.07597	0.06950	0.85453
619 A	0.07096	0.07468	0.85436
620 G	0.06717	0.07487	0.85796
621 G	0.06336	0.07537	0.86128
622 A	0.05922	0.07746	0.86333
623 T	0.05538	0.07925	0.86537
624 G	0.04779	0.08699	0.86522
625 G	0.04506	0.09089	0.86405
626 A	0.04430	0.09246	0.86324
627 A	0.04406	0.09280	0.86314
628 G	0.04406	0.09245	0.86348
629 T	0.04413	0.09217	0.8637
630 T	0.04415	0.09154	0.86432
631 A	0.04395	0.09083	0.86522
632 A	0.04378	0.08900	0.86722
633 T	0.04364	0.08540	0.87097
634 C	0.04318	0.08329	0.87353
635 A	0.04257	0.08547	0.87196
636 A	0.04231	0.08725	0.87043
637 G	0.04240	0.08728	0.87032
638 A	0.04296	0.08652	0.87052
639 A	0.04405	0.08450	0.87145
640 T	0.04631	0.06703	0.88665
641 T	0.04732	0.05266	0.90002
642 A	0.04760	0.04796	0.90444
643 A	0.04776	0.04488	0.90736
644 A	0.04832	0.04091	0.91077
645 A	0.04935	0.03585	0.9148
646 T	0.05081	0.03018	0.91902
647 G	0.05175	0.02446	0.92379
648 T	0.05293	0.02458	0.92249
649 T	0.05311	0.03464	0.91225
650 T	0.04973	0.05006	0.90021
651 A	0.04602	0.06396	0.89003
652 G	0.04406	0.07013	0.8858
653 A	0.04292	0.07435	0.88274
654 A	0.04233	0.07863	0.87904
655 G	0.04217	0.07919	0.87863
656 A	0.04200	0.07954	0.87846
657 A	0.04268	0.07854	0.87878
658 G	0.04476	0.07593	0.87931
659 C	0.04693	0.07357	0.8795
660 T	0.04864	0.07184	0.87952
661 T	0.04929	0.07120	0.87951
662 T	0.04937	0.07112	0.87951
663 A	0.04913	0.07135	0.87952
664 C	0.04877	0.07167	0.87955
665 A	0.04846	0.07194	0.8796
666 A	0.04892	0.07144	0.87964
667 C	0.04986	0.07042	0.87973
668 A	0.05085	0.06948	0.87966
669 A	0.05234	0.06797	0.8797
670 A	0.05598	0.06395	0.88007
671 G	0.06213	0.05718	0.88069
672 T	0.07467	0.04388	0.88145
673 C	0.08593	0.02780	0.88627
674 T	0.09559	0.01502	0.88939
675 T	0.09836	0.01089	0.89076
676 G	0.09923	0.00988	0.89089
677 A	0.10055	0.00891	0.89054
678 T	0.10038	0.00951	0.89012
679 T	0.09977	0.01026	0.88997
680 T	0.09892	0.01191	0.88917
681 G	0.09758	0.01465	0.88777
682 T	0.09660	0.01886	0.88454
683 T	0.09419	0.02426	0.88155
684 A	0.09009	0.02957	0.88035
685 A	0.08571	0.03392	0.88038
686 A	0.08396	0.03537	0.88067
687 A	0.08272	0.03615	0.88113
688 C	0.08183	0.03639	0.88178
689 C	0.08137	0.03673	0.88191
690 A	0.08084	0.03736	0.8818
691 A	0.08043	0.03800	0.88157
692 A	0.08018	0.03833	0.88149
693 T	0.08007	0.03846	0.88147
694 G	0.07992	0.03857	0.8815
695 G	0.07991	0.03838	0.88171
696 T	0.07997	0.03808	0.88194
697 A	0.08000	0.03791	0.88209
698 G	0.08011	0.03736	0.88253
699 A	0.08059	0.03623	0.88318
700 A	0.08151	0.03427	0.88421
701 T	0.08273	0.03124	0.88603
702 C	0.08394	0.02789	0.88817
703 G	0.08535	0.02537	0.88928
704 T	0.08696	0.02230	0.89074
705 T	0.08951	0.01875	0.89175
706 G	0.09153	0.01513	0.89335
707 T	0.09269	0.01178	0.89553
708 T	0.09277	0.00765	0.89958
709 A	0.09257	0.00647	0.90096
710 T	0.09252	0.00524	0.90225
711 T	0.09246	0.00466	0.90288
712 A	0.09238	0.00477	0.90285
713 G	0.09246	0.00438	0.90315
714 T	0.09276	0.00368	0.90356
715 T	0.09286	0.00336	0.90377
716 T	0.09268	0.00343	0.90389
717 T	0.09236	0.00369	0.90395
718 C	0.09211	0.00390	0.90399
719 A	0.09197	0.00407	0.90397
720 T	0.09191	0.00415	0.90394
721 T	0.09171	0.00442	0.90387
722 C	0.09118	0.00513	0.9037
723 T	0.09066	0.00623	0.90311
724 T	0.08884	0.00936	0.90181
725 T	0.08373	0.01618	0.90009
726 A	0.07520	0.02570	0.8991
727 G	0.07111	0.03034	0.89856
728 A	0.06990	0.03189	0.89821
729 G	0.06946	0.03225	0.89829
730 G	0.06926	0.03242	0.89832
731 A	0.06939	0.03224	0.89837
732 T	0.06972	0.03168	0.8986
733 C	0.06987	0.03144	0.8987
734 G	0.07016	0.03119	0.89866
735 T	0.07062	0.03087	0.89851
736 T	0.07071	0.03129	0.89801
737 T	0.07069	0.03214	0.89718
738 A	0.07055	0.03364	0.89581
739 G	0.07046	0.03479	0.89475
740 T	0.07042	0.03533	0.89426
741 T	0.07016	0.03670	0.89314
742 A	0.06873	0.03924	0.89203
743 A	0.06807	0.04027	0.89166
744 A	0.06800	0.04036	0.89164
745 A	0.06806	0.03958	0.89236
746 A	0.06864	0.03819	0.89316
747 A	0.07018	0.03460	0.89522
748 T	0.07217	0.02759	0.90023
749 T	0.07301	0.01941	0.90757
750 T	0.07326	0.01608	0.91066
751 T	0.07326	0.01631	0.91043
752 T	0.07295	0.01992	0.90713
753 T	0.06957	0.03008	0.90036
754 A	0.06479	0.03992	0.89528
755 A	0.06127	0.04440	0.89433
756 A	0.05974	0.04689	0.89337
757 A	0.05837	0.04965	0.89198
758 A	0.05792	0.05069	0.89139
759 C	0.05839	0.05049	0.89112
760 A	0.05932	0.05073	0.88996
761 A	0.06089	0.04983	0.88928
762 T	0.06271	0.04806	0.88923
763 A	0.06349	0.04779	0.88872
764 T	0.06459	0.04690	0.8885
765 T	0.06454	0.04587	0.8896
766 C	0.06318	0.04661	0.8902
767 A	0.06158	0.04838	0.89004
768 A	0.06134	0.04887	0.88979
769 T	0.06152	0.04894	0.88955
770 C	0.06123	0.04942	0.88934
771 T	0.06136	0.04966	0.88898
772 A	0.06134	0.04992	0.88874
773 A	0.06153	0.04981	0.88866
774 A	0.06233	0.04884	0.88884
775 A	0.06555	0.04517	0.88928
776 T	0.07198	0.03438	0.89365
777 A	0.07581	0.02621	0.89798
778 C	0.07696	0.02166	0.90138
779 A	0.07807	0.01959	0.90234
780 T	0.07965	0.01683	0.90352
781 C	0.07994	0.01616	0.9039
782 C	0.08001	0.01636	0.90363
783 T	0.08089	0.01626	0.90285
784 A	0.08132	0.01710	0.90159
785 A	0.08156	0.01933	0.89912
786 A	0.08233	0.01912	0.89855
787 T	0.08315	0.01803	0.89881
788 T	0.08361	0.01618	0.9002
789 A	0.08378	0.01414	0.90209
790 C	0.08408	0.01143	0.90448
791 C	0.08448	0.01060	0.90491
792 T	0.08491	0.01046	0.90464
793 T	0.08517	0.01049	0.90434
794 T	0.08542	0.01050	0.90408
795 T	0.08547	0.01081	0.90372
796 T	0.08541	0.01158	0.903
797 T	0.08514	0.01238	0.90248
798 A	0.08461	0.01443	0.90097
799 G	0.08445	0.01657	0.89898
800 A	0.08435	0.01746	0.89819
801 A	0.08417	0.01798	0.89785
802 A	0.08405	0.01846	0.89749
803 A	0.08385	0.01861	0.89754
804 A	0.08306	0.01919	0.89774
805 G	0.08323	0.01874	0.89803
806 A	0.08389	0.01802	0.89808
807 C	0.08513	0.01660	0.89827
808 A	0.08721	0.01447	0.89832
809 T	0.08785	0.01379	0.89837
810 T	0.08794	0.01367	0.8984
811 C	0.08795	0.01362	0.89842
812 C	0.08798	0.01359	0.89843
813 T	0.08806	0.01350	0.89844
814 C	0.08799	0.01357	0.89844
815 C	0.08831	0.01325	0.89844
816 T	0.08875	0.01281	0.89844
817 A	0.08890	0.01265	0.89844
818 C	0.08935	0.01212	0.89854
819 T	0.09048	0.01094	0.89858
820 C	0.09102	0.01020	0.89878
821 C	0.09218	0.00869	0.89913
822 T	0.09381	0.00722	0.89896
823 T	0.09372	0.00753	0.89875
824 T	0.09315	0.00826	0.89859
825 A	0.09132	0.01011	0.89857
826 A	0.09038	0.01078	0.89884
827 G	0.09001	0.00992	0.90007
828 T	0.08979	0.00963	0.90059
829 C	0.08944	0.00972	0.90084
830 T	0.08929	0.00987	0.90084
831 T	0.08905	0.01015	0.90081
832 G	0.08869	0.01059	0.90071
833 T	0.08855	0.01079	0.90066
834 T	0.08834	0.01111	0.90055
835 A	0.08810	0.01169	0.90022
836 A	0.08792	0.01218	0.89989
837 T	0.08762	0.01260	0.89978
838 A	0.08640	0.01426	0.89934
839 A	0.08542	0.01553	0.89905
840 A	0.08479	0.01643	0.89878
841 A	0.08358	0.01822	0.8982
842 A	0.08292	0.01912	0.89796
843 A	0.08265	0.01920	0.89815
844 A	0.08265	0.01900	0.89835
845 T	0.08287	0.01832	0.89881
846 T	0.08295	0.01840	0.89865
847 A	0.08283	0.01867	0.8985
848 T	0.08277	0.01806	0.89917
849 T	0.08264	0.01771	0.89964
850 T	0.08231	0.01770	0.89999
851 A	0.08158	0.01834	0.90007
852 T	0.08118	0.01833	0.90049
853 C	0.08072	0.01862	0.90066
854 C	0.08040	0.01880	0.9008
855 T	0.07999	0.01928	0.90073
856 A	0.07877	0.02073	0.9005
857 G	0.07834	0.02128	0.90039
858 C	0.07814	0.02154	0.90032
859 G	0.07821	0.02198	0.89981
860 A	0.07840	0.02200	0.8996
861 A	0.07876	0.02102	0.90022
862 G	0.07905	0.02074	0.90021
863 A	0.07930	0.02117	0.89953
864 A	0.07924	0.02131	0.89946
865 G	0.07922	0.02278	0.898
866 A	0.07925	0.02412	0.89663
867 A	0.07967	0.02487	0.89546
868 A	0.08016	0.02560	0.89424
869 T	0.08115	0.02503	0.89383
870 A	0.08172	0.02467	0.89361
871 G	0.08245	0.02375	0.89381
872 A	0.08280	0.02326	0.89395
873 A	0.08304	0.02263	0.89433
874 T	0.08345	0.02139	0.89517
875 C	0.08362	0.02061	0.89577
876 T	0.08379	0.02015	0.89606
877 A	0.08380	0.01994	0.89626
878 A	0.08393	0.01946	0.89661
879 T	0.08420	0.01813	0.89767
880 C	0.08426	0.01770	0.89804
881 C	0.08418	0.01734	0.89849
882 T	0.08433	0.01720	0.89846
883 A	0.08392	0.01788	0.89819
884 G	0.08376	0.01826	0.89797
885 A	0.08438	0.01775	0.89787
886 A	0.08540	0.01658	0.89803
887 G	0.08695	0.01412	0.89893
888 T	0.08971	0.01064	0.89965
889 C	0.09119	0.00849	0.90033
890 G	0.09237	0.00720	0.90044
891 T	0.09360	0.00597	0.90043
892 T	0.09415	0.00540	0.90046
893 C	0.09442	0.00508	0.9005
894 T	0.09436	0.00516	0.90048
895 G	0.09402	0.00555	0.90044
896 C	0.09354	0.00623	0.90023
897 T	0.09297	0.00780	0.89923
898 A	0.09135	0.01159	0.89706
899 A	0.09028	0.01346	0.89626
900 A	0.08960	0.01456	0.89585
901 T	0.08914	0.01531	0.89556
902 T	0.08866	0.01594	0.8954
903 A	0.08791	0.01666	0.89543
904 A	0.08755	0.01687	0.89557
905 G	0.08762	0.01635	0.89603
906 A	0.08788	0.01538	0.89673
907 G	0.08820	0.01453	0.89728
908 T	0.08841	0.01407	0.89752
909 T	0.08847	0.01384	0.89769
910 G	0.08850	0.01375	0.89776
911 C	0.08855	0.01366	0.89779
912 T	0.08857	0.01361	0.89782
913 G	0.08859	0.01357	0.89784
914 T	0.08866	0.01349	0.89785
915 T	0.08868	0.01345	0.89787
916 A	0.08871	0.01340	0.89789
917 A	0.08877	0.01316	0.89807
918 A	0.08893	0.01259	0.89848
919 A	0.08922	0.01168	0.8991
920 A	0.09032	0.00979	0.89989
921 T	0.09273	0.00554	0.90173
922 T	0.09363	0.00342	0.90295
923 T	0.09403	0.00215	0.90381
924 C	0.09423	0.00141	0.90436
925 T	0.09442	0.00091	0.90467
926 A	0.09451	0.00044	0.90504
927 A	0.09466	0.00000	0.90534
