# lcl|CP097583.1_cds_USQ93386.1_1
# AA	inside	membr	outside
1 A	0.44832	0.00000	0.55169
2 T	0.43966	0.00866	0.55169
3 G	0.43355	0.01477	0.55169
4 A	0.43355	0.01518	0.55127
5 A	0.40149	0.04782	0.5507
6 A	0.40148	0.04794	0.55058
7 C	0.34400	0.10548	0.55052
8 C	0.34399	0.10549	0.55052
9 A	0.33603	0.11402	0.54996
10 A	0.33601	0.14624	0.51775
11 A	0.33412	0.14997	0.51591
12 A	0.32236	0.16248	0.51516
13 G	0.31755	0.16986	0.51259
14 A	0.31755	0.16986	0.51259
15 A	0.31755	0.17518	0.50727
16 T	0.31754	0.17519	0.50727
17 T	0.31752	0.17522	0.50726
18 T	0.31752	0.17526	0.50722
19 T	0.31724	0.17555	0.5072
20 T	0.31557	0.17852	0.5059
21 T	0.31012	0.18322	0.50666
22 T	0.30937	0.18426	0.50638
23 A	0.30649	0.18691	0.50659
24 T	0.30430	0.18826	0.50743
25 A	0.30220	0.17963	0.51816
26 T	0.30082	0.17295	0.52624
27 G	0.29923	0.16575	0.53502
28 A	0.29894	0.14771	0.55335
29 G	0.29864	0.14848	0.55288
30 A	0.29888	0.12188	0.57924
31 G	0.29871	0.12411	0.57719
32 A	0.29844	0.12623	0.57534
33 A	0.32598	0.10830	0.56573
34 G	0.32836	0.11425	0.55739
35 C	0.33130	0.10559	0.56312
36 T	0.33430	0.10768	0.55802
37 T	0.33447	0.11942	0.54611
38 T	0.33619	0.12407	0.53973
39 T	0.33259	0.14183	0.52558
40 A	0.33000	0.14747	0.52253
41 A	0.32662	0.15155	0.52183
42 A	0.32274	0.15640	0.52086
43 G	0.32113	0.15627	0.5226
44 A	0.31782	0.15729	0.52489
45 A	0.31747	0.15616	0.52636
46 G	0.31861	0.15113	0.53026
47 C	0.32004	0.14674	0.53322
48 T	0.32231	0.14428	0.53341
49 C	0.32300	0.14659	0.53041
50 A	0.32410	0.15067	0.52523
51 A	0.32724	0.15051	0.52225
52 A	0.33149	0.14639	0.52211
53 A	0.34140	0.13572	0.52288
54 A	0.34739	0.12899	0.52363
55 G	0.35946	0.11384	0.52671
56 C	0.37811	0.09417	0.52772
57 T	0.40409	0.06800	0.52792
58 T	0.41268	0.05938	0.52794
59 T	0.41868	0.05306	0.52826
60 T	0.42181	0.04983	0.52836
61 T	0.42216	0.04964	0.52821
62 T	0.42278	0.04597	0.53126
63 A	0.42079	0.04689	0.53232
64 A	0.42043	0.04602	0.53356
65 A	0.42105	0.04169	0.53727
66 A	0.42103	0.03861	0.54036
67 G	0.42222	0.03402	0.54376
68 G	0.42235	0.03240	0.54525
69 C	0.42251	0.03179	0.5457
70 G	0.42314	0.03150	0.54536
71 A	0.42472	0.03019	0.5451
72 A	0.42878	0.02592	0.54529
73 G	0.43408	0.02026	0.54566
74 T	0.43719	0.01687	0.54593
75 T	0.43759	0.01580	0.54662
76 C	0.43768	0.01531	0.54701
77 C	0.43771	0.01523	0.54705
78 T	0.43776	0.01524	0.54701
79 G	0.43747	0.01562	0.54691
80 T	0.43754	0.01556	0.5469
81 T	0.43754	0.01560	0.54686
82 G	0.43698	0.01601	0.54702
83 G	0.43686	0.01501	0.54813
84 C	0.43701	0.01344	0.54955
85 G	0.43701	0.01250	0.55048
86 C	0.43801	0.00994	0.55205
87 T	0.43987	0.00828	0.55184
88 G	0.43976	0.00832	0.55192
89 T	0.43991	0.00814	0.55195
90 T	0.43939	0.00829	0.55232
91 G	0.43889	0.00857	0.55253
92 C	0.43878	0.00796	0.55326
93 T	0.43901	0.00788	0.55311
94 G	0.43907	0.00804	0.55289
95 T	0.43904	0.00841	0.55256
96 T	0.43882	0.00914	0.55205
97 T	0.43848	0.01126	0.55025
98 T	0.43783	0.01459	0.54759
99 A	0.43232	0.02314	0.54453
100 A	0.43082	0.02777	0.54141
101 A	0.43036	0.02914	0.54051
102 T	0.43010	0.02956	0.54034
103 G	0.42952	0.03117	0.53931
104 A	0.42929	0.03234	0.53837
105 T	0.42894	0.03304	0.53802
106 A	0.42827	0.03539	0.53634
107 A	0.42752	0.03660	0.53588
108 A	0.42705	0.03726	0.53569
109 G	0.42579	0.03890	0.53531
110 T	0.42569	0.03924	0.53506
111 T	0.42474	0.04055	0.53471
112 A	0.42288	0.04239	0.53474
113 T	0.42241	0.04221	0.53538
114 T	0.42085	0.04338	0.53577
115 G	0.41717	0.04698	0.53586
116 C	0.41471	0.04937	0.53592
117 T	0.41161	0.05355	0.53484
118 A	0.40260	0.06294	0.53446
119 G	0.39556	0.07031	0.53413
120 A	0.38925	0.07659	0.53417
121 G	0.38573	0.07974	0.53452
122 C	0.38593	0.07404	0.54003
123 T	0.38543	0.07368	0.54089
124 C	0.37687	0.08271	0.54041
125 A	0.36887	0.09531	0.53582
126 C	0.35686	0.11085	0.53229
127 A	0.34404	0.13033	0.52563
128 A	0.34057	0.13636	0.52308
129 T	0.33958	0.13819	0.52223
130 A	0.33562	0.14241	0.52197
131 A	0.33430	0.14401	0.52168
132 T	0.33347	0.14241	0.52412
133 G	0.33088	0.14373	0.52539
134 T	0.32982	0.14324	0.52695
135 T	0.32692	0.14434	0.52874
136 G	0.32213	0.14925	0.52862
137 A	0.31875	0.15308	0.52817
138 A	0.31734	0.15403	0.52863
139 A	0.31622	0.15570	0.52808
140 A	0.31618	0.15354	0.53028
141 A	0.31619	0.14689	0.53692
142 A	0.31655	0.14010	0.54334
143 A	0.31662	0.13252	0.55087
144 G	0.31682	0.12641	0.55677
145 A	0.31733	0.12683	0.55583
146 A	0.31849	0.12684	0.55466
147 A	0.32105	0.11758	0.56138
148 A	0.32668	0.10339	0.56993
149 T	0.33164	0.08414	0.58421
150 T	0.33692	0.06512	0.59797
151 T	0.33874	0.05954	0.60173
152 T	0.33922	0.05710	0.60368
153 T	0.33934	0.05458	0.60609
154 T	0.33904	0.05360	0.60737
155 T	0.33837	0.05335	0.60827
156 T	0.33729	0.05181	0.6109
157 G	0.33536	0.05202	0.61262
158 G	0.33453	0.05057	0.6149
159 T	0.33480	0.04708	0.61812
160 C	0.33497	0.04435	0.62068
161 A	0.33600	0.04305	0.62096
162 T	0.33832	0.04049	0.62119
163 G	0.33752	0.04173	0.62075
164 C	0.33717	0.04351	0.61933
165 T	0.33762	0.04467	0.61771
166 G	0.33751	0.04579	0.6167
167 A	0.33806	0.04724	0.6147
168 A	0.34231	0.04425	0.61343
169 T	0.34862	0.03876	0.61262
170 T	0.35128	0.03631	0.61241
171 T	0.35197	0.03680	0.61123
172 T	0.35111	0.04019	0.6087
173 T	0.34935	0.04656	0.6041
174 A	0.34351	0.05862	0.59787
175 A	0.33958	0.07223	0.5882
176 T	0.33760	0.08327	0.57913
177 T	0.33132	0.09507	0.57361
178 T	0.31932	0.11257	0.56811
179 T	0.29423	0.14296	0.56281
180 A	0.23323	0.20930	0.55747
181 A	0.19027	0.25629	0.55344
182 A	0.15935	0.29180	0.54884
183 A	0.13955	0.31747	0.54298
184 A	0.12840	0.33791	0.53369
185 A	0.12225	0.34741	0.53035
186 A	0.11881	0.35122	0.52997
187 T	0.11772	0.35293	0.52935
188 T	0.11290	0.35859	0.52851
189 A	0.10076	0.37267	0.52657
190 A	0.09609	0.38026	0.52364
191 A	0.09106	0.38898	0.51996
192 T	0.08853	0.39304	0.51843
193 A	0.08101	0.40198	0.51701
194 A	0.07807	0.40493	0.517
195 A	0.07873	0.40351	0.51776
196 A	0.08196	0.39850	0.51955
197 A	0.08773	0.38592	0.52635
198 A	0.09968	0.36446	0.53586
199 T	0.11395	0.33723	0.54882
200 T	0.12080	0.31676	0.56244
201 T	0.12391	0.30386	0.57224
202 A	0.12247	0.29386	0.58367
203 A	0.12289	0.25456	0.62254
204 A	0.12403	0.22555	0.65042
205 A	0.12795	0.19813	0.67391
206 A	0.13517	0.17665	0.68818
207 T	0.14752	0.15852	0.69395
208 T	0.15159	0.15300	0.69541
209 A	0.15241	0.15222	0.69537
210 T	0.15422	0.14776	0.69802
211 A	0.15448	0.14363	0.70189
212 G	0.15599	0.13065	0.71336
213 A	0.15925	0.12432	0.71643
214 T	0.16425	0.11426	0.72149
215 T	0.16654	0.11313	0.72033
216 T	0.16795	0.11249	0.71957
217 A	0.16819	0.13250	0.69931
218 A	0.16866	0.13985	0.69148
219 T	0.16924	0.14358	0.68718
220 G	0.16950	0.14667	0.68382
221 A	0.17043	0.15122	0.67836
222 T	0.17310	0.15350	0.6734
223 A	0.17543	0.16404	0.66054
224 T	0.17917	0.17245	0.64839
225 A	0.18264	0.19211	0.62526
226 A	0.18786	0.20221	0.60992
227 T	0.19467	0.19947	0.60586
228 A	0.19853	0.19968	0.60179
229 G	0.20626	0.19479	0.59895
230 T	0.21660	0.18712	0.59628
231 T	0.22306	0.18470	0.59224
232 T	0.22540	0.18249	0.59211
233 A	0.22265	0.18552	0.59183
234 T	0.22051	0.18766	0.59183
235 A	0.21194	0.19611	0.59195
236 C	0.21098	0.19688	0.59215
237 A	0.21208	0.19572	0.5922
238 A	0.21711	0.19061	0.59228
239 C	0.22506	0.18250	0.59244
240 T	0.24817	0.15936	0.59248
241 C	0.25625	0.15129	0.59246
242 T	0.26146	0.14633	0.59221
243 A	0.26359	0.14427	0.59213
244 G	0.26685	0.14100	0.59215
245 A	0.27278	0.13497	0.59225
246 A	0.28708	0.12048	0.59245
247 C	0.30271	0.10350	0.59379
248 C	0.33223	0.07308	0.59469
249 T	0.35154	0.05374	0.59472
250 T	0.35758	0.04784	0.59458
251 G	0.35984	0.04583	0.59433
252 T	0.36031	0.04575	0.59393
253 A	0.36058	0.04558	0.59384
254 T	0.36330	0.04144	0.59526
255 T	0.36307	0.03986	0.59707
256 A	0.36194	0.03614	0.60192
257 T	0.36099	0.03107	0.60794
258 G	0.35889	0.02381	0.6173
259 T	0.35772	0.02222	0.62006
260 G	0.34607	0.03273	0.6212
261 C	0.33986	0.03825	0.62188
262 A	0.33567	0.04319	0.62114
263 T	0.33302	0.04537	0.62161
264 G	0.32838	0.04980	0.62181
265 G	0.32601	0.05191	0.62207
266 G	0.32440	0.05316	0.62244
267 C	0.32344	0.05275	0.62381
268 G	0.32266	0.05399	0.62335
269 C	0.32209	0.05568	0.62223
270 A	0.32160	0.06414	0.61426
271 T	0.32130	0.07194	0.60676
272 T	0.32044	0.08795	0.5916
273 A	0.31789	0.09443	0.58767
274 A	0.31658	0.09689	0.58654
275 T	0.31472	0.09717	0.58811
276 T	0.30829	0.10268	0.58903
277 C	0.29579	0.11527	0.58894
278 A	0.28530	0.12886	0.58584
279 A	0.27552	0.13918	0.58531
280 G	0.26643	0.14831	0.58525
281 T	0.26017	0.15470	0.58513
282 A	0.25023	0.16591	0.58386
283 A	0.24673	0.16100	0.59227
284 G	0.24406	0.15863	0.59731
285 A	0.24248	0.15884	0.59867
286 G	0.24191	0.16043	0.59766
287 T	0.24193	0.16159	0.59648
288 G	0.24153	0.16513	0.59334
289 A	0.24148	0.17192	0.5866
290 A	0.24178	0.17377	0.58445
291 A	0.24265	0.17436	0.58299
292 A	0.24445	0.17574	0.57982
293 A	0.25212	0.16838	0.5795
294 A	0.25943	0.16069	0.57988
295 A	0.27325	0.14577	0.58098
296 T	0.27797	0.13781	0.58421
297 A	0.27901	0.13541	0.58558
298 T	0.28108	0.12922	0.5897
299 A	0.28106	0.12254	0.5964
300 T	0.28264	0.11037	0.60699
301 T	0.28416	0.10187	0.61397
302 A	0.28420	0.09678	0.61903
303 T	0.28502	0.09120	0.62378
304 A	0.28521	0.08628	0.62851
305 G	0.28550	0.07884	0.63566
306 T	0.28845	0.07306	0.6385
307 A	0.28990	0.06909	0.64101
308 C	0.29381	0.06304	0.64315
309 T	0.29973	0.05671	0.64356
310 C	0.30322	0.05325	0.64354
311 C	0.30586	0.05190	0.64225
312 T	0.31040	0.05574	0.63386
313 A	0.30775	0.07312	0.61912
314 A	0.30681	0.08623	0.60695
315 T	0.30807	0.09402	0.59791
316 A	0.30140	0.11153	0.58707
317 T	0.29834	0.11854	0.58312
318 A	0.29189	0.12508	0.58303
319 A	0.28979	0.12723	0.58298
320 G	0.28988	0.12613	0.58399
321 G	0.29028	0.12481	0.5849
322 C	0.29233	0.12135	0.58632
323 T	0.29489	0.11867	0.58645
324 A	0.29627	0.11706	0.58667
325 G	0.29904	0.11368	0.58728
326 G	0.30169	0.11076	0.58755
327 T	0.30291	0.10907	0.58801
328 T	0.30294	0.10794	0.58911
329 T	0.30204	0.10886	0.58909
330 G	0.29991	0.11195	0.58813
331 A	0.29705	0.11773	0.58522
332 A	0.29603	0.11942	0.58455
333 A	0.29611	0.11897	0.58492
334 A	0.29854	0.11613	0.58533
335 A	0.30806	0.10556	0.58637
336 T	0.32429	0.08501	0.5907
337 A	0.33467	0.07264	0.59269
338 A	0.34335	0.06152	0.59512
339 T	0.35371	0.04364	0.60266
340 T	0.35738	0.03606	0.60656
341 T	0.35774	0.03008	0.61219
342 T	0.35788	0.02780	0.61432
343 T	0.35768	0.02694	0.61538
344 C	0.35721	0.02672	0.61608
345 T	0.35694	0.02726	0.61579
346 T	0.35660	0.02792	0.61549
347 T	0.35608	0.02914	0.61478
348 A	0.35476	0.03289	0.61236
349 A	0.35400	0.03632	0.60968
350 A	0.35386	0.04099	0.60514
351 T	0.35361	0.04420	0.60218
352 G	0.35279	0.04441	0.6028
353 A	0.35353	0.04385	0.60262
354 T	0.35564	0.03976	0.60459
355 T	0.35527	0.04034	0.60439
356 C	0.35391	0.04182	0.60427
357 A	0.35405	0.04287	0.60308
358 A	0.35455	0.04302	0.60243
359 G	0.35504	0.04268	0.60228
360 T	0.35568	0.04231	0.60201
361 T	0.35532	0.04339	0.6013
362 T	0.35383	0.04717	0.599
363 G	0.35009	0.05324	0.59667
364 A	0.34898	0.05490	0.59612
365 T	0.34847	0.05515	0.59637
366 T	0.34733	0.05603	0.59665
367 T	0.34485	0.05869	0.59646
368 C	0.34073	0.06343	0.59584
369 G	0.32979	0.07588	0.59433
370 A	0.32428	0.08258	0.59314
371 A	0.32336	0.08345	0.59319
372 A	0.32480	0.08158	0.59362
373 A	0.32942	0.07652	0.59406
374 T	0.33349	0.07043	0.59608
375 A	0.33408	0.06769	0.59824
376 T	0.33661	0.06315	0.60025
377 C	0.33769	0.06079	0.60153
378 T	0.33924	0.05843	0.60232
379 T	0.33960	0.05716	0.60324
380 T	0.33975	0.05673	0.60352
381 T	0.33942	0.05714	0.60345
382 A	0.33804	0.05846	0.6035
383 A	0.33732	0.05849	0.60419
384 A	0.33709	0.05742	0.60549
385 T	0.33920	0.05280	0.60799
386 C	0.34077	0.04656	0.61267
387 T	0.34151	0.04470	0.61379
388 G	0.34100	0.04508	0.61392
389 A	0.34140	0.04552	0.61308
390 T	0.34276	0.04272	0.61452
391 T	0.34362	0.04080	0.61557
392 T	0.34402	0.03083	0.62514
393 T	0.34220	0.02968	0.62812
394 T	0.33923	0.03221	0.62856
395 T	0.33201	0.04050	0.6275
396 T	0.31624	0.05794	0.62582
397 G	0.28641	0.08969	0.6239
398 A	0.26838	0.11117	0.62046
399 G	0.24822	0.13583	0.61595
400 A	0.22750	0.16864	0.60386
401 A	0.21379	0.19802	0.5882
402 A	0.20227	0.22298	0.57475
403 G	0.19611	0.23805	0.56584
404 A	0.19383	0.24923	0.55693
405 A	0.19262	0.25291	0.55447
406 A	0.19204	0.25544	0.55252
407 G	0.19186	0.25586	0.55228
408 T	0.19200	0.25595	0.55206
409 G	0.19199	0.25593	0.55209
410 A	0.19240	0.25558	0.55203
411 A	0.19357	0.25377	0.55265
412 T	0.19599	0.25091	0.55309
413 A	0.19741	0.24918	0.55341
414 T	0.20066	0.24438	0.55496
415 A	0.20285	0.23930	0.55785
416 T	0.20656	0.22828	0.56516
417 T	0.20834	0.22047	0.57119
418 T	0.20961	0.21006	0.58033
419 T	0.21036	0.19360	0.59603
420 A	0.21106	0.16905	0.61989
421 A	0.21349	0.15202	0.63448
422 A	0.21818	0.13051	0.6513
423 G	0.23058	0.09918	0.67024
424 A	0.24709	0.07060	0.68231
425 A	0.26224	0.04476	0.693
426 T	0.27389	0.02840	0.69771
427 T	0.28288	0.01907	0.69806
428 T	0.28551	0.01943	0.69505
429 T	0.28656	0.02718	0.68626
430 T	0.28574	0.04781	0.66645
431 T	0.28310	0.06030	0.6566
432 T	0.27466	0.08905	0.63629
433 A	0.25192	0.14141	0.60667
434 T	0.22835	0.19759	0.57406
435 C	0.18812	0.24281	0.56907
436 A	0.15895	0.28107	0.55998
437 A	0.14679	0.29820	0.555
438 T	0.14111	0.30535	0.55354
439 C	0.13271	0.31485	0.55244
440 T	0.12753	0.32181	0.55065
441 T	0.11973	0.33069	0.54958
442 A	0.10004	0.35180	0.54816
443 G	0.09692	0.35497	0.5481
444 A	0.09492	0.35702	0.54807
445 A	0.09367	0.35805	0.54828
446 A	0.09359	0.35796	0.54845
447 A	0.09416	0.35722	0.54862
448 G	0.09524	0.35599	0.54876
449 A	0.09667	0.35445	0.54888
450 A	0.09933	0.35155	0.54912
451 A	0.10383	0.34648	0.54969
452 A	0.11346	0.33512	0.55142
453 G	0.13237	0.31233	0.55529
454 A	0.14488	0.29523	0.55989
455 A	0.16691	0.26233	0.57076
456 A	0.19850	0.20730	0.5942
457 T	0.23351	0.14388	0.62261
458 T	0.24037	0.09967	0.65997
459 T	0.24674	0.06659	0.68668
460 T	0.24963	0.05173	0.69864
461 T	0.25059	0.04335	0.70606
462 T	0.25115	0.03388	0.71496
463 T	0.25183	0.02694	0.72124
464 A	0.25233	0.01910	0.72857
465 A	0.25349	0.00000	0.74651
