# lcl|CP097583.1_cds_USQ93333.1_1
# AA	inside	membr	outside
1 A	0.43446	0.00000	0.56555
2 T	0.43404	0.00041	0.56555
3 G	0.43370	0.00075	0.56555
4 T	0.43370	0.00207	0.56423
5 C	0.41856	0.02030	0.56114
6 T	0.41856	0.02380	0.55764
7 G	0.35158	0.09314	0.55529
8 A	0.35157	0.09320	0.55523
9 T	0.34835	0.09689	0.55475
10 T	0.34834	0.12511	0.52655
11 T	0.34371	0.13246	0.52382
12 A	0.21928	0.25900	0.52172
13 T	0.15397	0.33331	0.51272
14 T	0.15393	0.33335	0.51272
15 A	0.15393	0.47530	0.37078
16 A	0.14443	0.48480	0.37078
17 A	0.13764	0.49235	0.37
18 A	0.13726	0.49353	0.36922
19 A	0.13272	0.49830	0.36898
20 A	0.11390	0.52102	0.36507
21 A	0.08183	0.55308	0.36509
22 T	0.08028	0.55493	0.36479
23 T	0.07789	0.55762	0.36449
24 A	0.07427	0.56240	0.36333
25 A	0.07252	0.56343	0.36404
26 A	0.07191	0.56324	0.36486
27 A	0.07258	0.55824	0.36919
28 G	0.07625	0.53943	0.38432
29 A	0.08182	0.53080	0.38738
30 T	0.09503	0.45893	0.44604
31 T	0.09823	0.44897	0.4528
32 T	0.10025	0.43366	0.46609
33 A	0.11130	0.41107	0.47763
34 A	0.11413	0.39186	0.49401
35 C	0.12399	0.27807	0.59794
36 T	0.13550	0.23092	0.63357
37 A	0.13856	0.22688	0.63457
38 T	0.25841	0.10614	0.63545
39 G	0.25935	0.10279	0.63786
40 T	0.26171	0.09960	0.63869
41 T	0.26020	0.10175	0.63805
42 A	0.24796	0.11983	0.63221
43 A	0.24722	0.10866	0.64412
44 A	0.23212	0.13747	0.63041
45 T	0.23030	0.14610	0.6236
46 G	0.22311	0.16078	0.61611
47 G	0.21932	0.18948	0.5912
48 T	0.21764	0.22157	0.56079
49 A	0.20439	0.25517	0.54044
50 T	0.19704	0.26617	0.53679
51 A	0.19489	0.27079	0.53433
52 T	0.19311	0.27479	0.53209
53 C	0.19086	0.28134	0.5278
54 T	0.18878	0.28816	0.52305
55 G	0.18385	0.30029	0.51585
56 G	0.18084	0.30762	0.51154
57 T	0.17619	0.31565	0.50817
58 C	0.11201	0.38697	0.50102
59 A	0.10005	0.40394	0.49601
60 A	0.09049	0.41608	0.49343
61 G	0.08668	0.42106	0.49226
62 A	0.08819	0.42042	0.4914
63 G	0.08858	0.42095	0.49048
64 A	0.09163	0.41654	0.49183
65 A	0.10067	0.39781	0.50152
66 A	0.10643	0.38965	0.50392
67 A	0.14380	0.34087	0.51532
68 A	0.15591	0.32904	0.51504
69 A	0.16731	0.31374	0.51895
70 G	0.19250	0.28483	0.52267
71 T	0.22005	0.25293	0.52702
72 T	0.23030	0.23281	0.53689
73 A	0.20501	0.25371	0.54129
74 A	0.19839	0.25826	0.54336
75 C	0.19831	0.25470	0.547
76 A	0.19866	0.25376	0.54757
77 A	0.20183	0.24840	0.54977
78 T	0.21242	0.23292	0.55466
79 T	0.21694	0.22872	0.55434
80 A	0.21100	0.23623	0.55278
81 T	0.20548	0.19103	0.6035
82 A	0.18082	0.20777	0.61141
83 T	0.16365	0.21804	0.61831
84 T	0.14236	0.24693	0.61071
85 A	0.11806	0.27895	0.60298
86 A	0.10064	0.29701	0.60234
87 A	0.08836	0.30851	0.60313
88 G	0.07979	0.31559	0.60461
89 A	0.07883	0.31572	0.60544
90 A	0.07975	0.31879	0.60146
91 A	0.08322	0.31583	0.60096
92 A	0.08845	0.30887	0.60268
93 T	0.09325	0.29807	0.60868
94 A	0.09270	0.29386	0.61344
95 T	0.09286	0.28579	0.62135
96 T	0.09159	0.26336	0.64504
97 C	0.08470	0.26195	0.65336
98 A	0.07576	0.27131	0.65293
99 A	0.07389	0.27300	0.65311
100 G	0.07335	0.27517	0.65148
101 G	0.07364	0.27416	0.6522
102 A	0.07727	0.27057	0.65216
103 A	0.08435	0.25137	0.66428
104 T	0.09682	0.22106	0.68212
105 G	0.09968	0.18866	0.71167
106 G	0.10260	0.16832	0.72908
107 T	0.11174	0.14005	0.74821
108 T	0.11494	0.12172	0.76334
109 G	0.10882	0.11790	0.77328
110 A	0.09985	0.12169	0.77846
111 C	0.09525	0.11989	0.78486
112 A	0.09280	0.13084	0.77636
113 A	0.09395	0.13806	0.76799
114 A	0.09444	0.15317	0.75238
115 A	0.09598	0.17013	0.73389
116 T	0.09620	0.18002	0.72378
117 T	0.09574	0.17892	0.72535
118 G	0.09434	0.17954	0.72612
119 A	0.09319	0.18041	0.7264
120 A	0.09128	0.17699	0.73173
121 C	0.09208	0.16824	0.73968
122 A	0.09411	0.16598	0.7399
123 T	0.09853	0.16183	0.73964
124 G	0.09887	0.16288	0.73824
125 A	0.10024	0.16201	0.73775
126 T	0.10209	0.16009	0.73783
127 A	0.10265	0.15841	0.73894
128 A	0.10431	0.15369	0.74199
129 T	0.10959	0.14473	0.74568
130 T	0.11153	0.13960	0.74887
131 T	0.11209	0.13492	0.75298
132 A	0.10973	0.13155	0.75872
133 G	0.11048	0.12196	0.76756
134 G	0.11129	0.11652	0.77219
135 A	0.11868	0.10614	0.77517
136 A	0.12695	0.09418	0.77887
137 C	0.14305	0.07446	0.78248
138 T	0.16416	0.05269	0.78314
139 T	0.17581	0.04068	0.78351
140 T	0.17761	0.03870	0.7837
141 A	0.17432	0.04202	0.78365
142 A	0.17398	0.04173	0.78429
143 T	0.17372	0.03901	0.78728
144 T	0.17365	0.03746	0.78889
145 G	0.17419	0.03624	0.78957
146 C	0.17524	0.03488	0.78988
147 T	0.17696	0.03466	0.78838
148 T	0.17545	0.03857	0.78598
149 A	0.16055	0.05683	0.78261
150 T	0.12993	0.09069	0.77938
151 A	0.09696	0.12699	0.77605
152 A	0.07843	0.14627	0.7753
153 A	0.05681	0.16767	0.77553
154 G	0.04606	0.17598	0.77796
155 G	0.04138	0.17654	0.78208
156 A	0.03717	0.17838	0.78445
157 A	0.03468	0.17945	0.78587
158 C	0.03333	0.17982	0.78685
159 T	0.03263	0.18057	0.7868
160 A	0.03191	0.18136	0.78674
161 A	0.03155	0.18162	0.78683
162 A	0.03151	0.18140	0.7871
163 G	0.03175	0.18061	0.78764
164 G	0.03254	0.17532	0.79213
165 A	0.03305	0.17261	0.79434
166 C	0.03361	0.16981	0.79658
167 C	0.03439	0.16822	0.79738
168 T	0.03524	0.16705	0.79771
169 A	0.03575	0.16634	0.79792
170 A	0.03713	0.16460	0.79827
171 A	0.03942	0.16127	0.79931
172 A	0.04271	0.14450	0.81279
173 T	0.04633	0.10338	0.85029
174 T	0.04929	0.06677	0.88393
175 A	0.04982	0.04832	0.90186
176 T	0.04992	0.02847	0.92161
177 G	0.04851	0.02178	0.92971
178 T	0.04758	0.01906	0.93337
179 T	0.04688	0.01698	0.93614
180 A	0.04556	0.01686	0.93759
181 G	0.04491	0.01631	0.93878
182 C	0.04477	0.01619	0.93905
183 T	0.04469	0.01608	0.93922
184 G	0.04359	0.01709	0.93933
185 G	0.04282	0.01791	0.93927
186 T	0.04220	0.01866	0.93913
187 C	0.04166	0.01942	0.93892
188 A	0.04121	0.02069	0.93811
189 T	0.04099	0.02119	0.93781
190 G	0.04052	0.02185	0.93763
191 T	0.04034	0.02222	0.93744
192 A	0.03972	0.02330	0.93698
193 G	0.03953	0.02351	0.93696
194 A	0.03946	0.02353	0.937
195 T	0.03957	0.02337	0.93706
196 G	0.03955	0.02336	0.93709
197 A	0.03969	0.02302	0.93729
198 A	0.03996	0.02228	0.93776
199 A	0.04093	0.02054	0.93852
200 T	0.04279	0.01683	0.94038
201 C	0.04304	0.01527	0.94169
202 G	0.04348	0.01429	0.94222
203 G	0.04402	0.01304	0.94294
204 T	0.04470	0.01204	0.94326
205 T	0.04514	0.01156	0.9433
206 T	0.04491	0.01191	0.94318
207 A	0.04206	0.01416	0.94377
208 A	0.04011	0.01580	0.94409
209 T	0.03800	0.01772	0.94428
210 G	0.03336	0.02271	0.94393
211 G	0.03135	0.02459	0.94406
212 T	0.02985	0.02675	0.94339
213 G	0.02665	0.03011	0.94323
214 A	0.02414	0.03289	0.94297
215 C	0.02312	0.03363	0.94326
216 T	0.02232	0.03482	0.94286
217 G	0.02099	0.03650	0.94251
218 A	0.02040	0.03734	0.94226
219 A	0.02000	0.03791	0.94209
220 A	0.01971	0.03819	0.9421
221 T	0.01949	0.03815	0.94235
222 A	0.01893	0.03856	0.94252
223 A	0.01860	0.03872	0.94268
224 C	0.01836	0.03854	0.94309
225 T	0.01827	0.03854	0.94318
226 A	0.01797	0.03880	0.94323
227 A	0.01778	0.03887	0.94334
228 A	0.01786	0.03861	0.94353
229 G	0.01805	0.03794	0.94401
230 A	0.01843	0.03425	0.94732
231 A	0.01894	0.03101	0.95006
232 G	0.01958	0.02720	0.95322
233 G	0.02056	0.02151	0.95793
234 A	0.02109	0.01841	0.9605
235 T	0.02241	0.01471	0.96288
236 T	0.02299	0.01113	0.96587
237 T	0.02313	0.00881	0.96806
238 G	0.02276	0.00827	0.96896
239 T	0.02255	0.00789	0.96956
240 T	0.02213	0.00759	0.97028
241 A	0.02134	0.00833	0.97033
242 A	0.02111	0.00848	0.97041
243 A	0.02095	0.00832	0.97074
244 T	0.02086	0.00802	0.97112
245 T	0.02061	0.00771	0.97167
246 T	0.02013	0.00782	0.97204
247 C	0.01970	0.00798	0.97232
248 A	0.01953	0.00807	0.9724
249 A	0.01940	0.00801	0.97259
250 C	0.01936	0.00783	0.9728
251 C	0.01933	0.00782	0.97285
252 T	0.01923	0.00793	0.97284
253 A	0.01902	0.00812	0.97286
254 T	0.01893	0.00820	0.97287
255 A	0.01862	0.00851	0.97286
256 G	0.01849	0.00859	0.97292
257 G	0.01847	0.00836	0.97317
258 A	0.01850	0.00811	0.97338
259 G	0.01863	0.00757	0.9738
260 G	0.01890	0.00689	0.97421
261 T	0.01934	0.00593	0.97473
262 T	0.01963	0.00522	0.97516
263 G	0.01976	0.00458	0.97566
264 G	0.01999	0.00370	0.9763
265 T	0.02024	0.00309	0.97667
266 T	0.02025	0.00281	0.97695
267 G	0.02019	0.00265	0.97717
268 A	0.02015	0.00245	0.9774
269 C	0.01997	0.00218	0.97786
270 T	0.01973	0.00219	0.97808
271 A	0.01940	0.00244	0.97816
272 G	0.01924	0.00252	0.97824
273 T	0.01917	0.00258	0.97825
274 G	0.01904	0.00273	0.97823
275 T	0.01896	0.00269	0.97835
276 T	0.01878	0.00270	0.97851
277 A	0.01858	0.00286	0.97856
278 T	0.01843	0.00277	0.97879
279 G	0.01793	0.00319	0.97888
280 T	0.01765	0.00343	0.97893
281 T	0.01746	0.00360	0.97894
282 A	0.01716	0.00389	0.97895
283 G	0.01699	0.00404	0.97896
284 C	0.01692	0.00411	0.97897
285 T	0.01684	0.00418	0.97898
286 C	0.01652	0.00451	0.97897
287 A	0.01623	0.00481	0.97896
288 A	0.01547	0.00558	0.97895
289 A	0.01471	0.00634	0.97895
290 A	0.01385	0.00714	0.979
291 A	0.01340	0.00753	0.97908
292 T	0.01316	0.00749	0.97935
293 G	0.01278	0.00759	0.97964
294 G	0.01250	0.00755	0.97994
295 G	0.01241	0.00751	0.98007
296 A	0.01242	0.00744	0.98014
297 T	0.01249	0.00725	0.98027
298 A	0.01249	0.00715	0.98037
299 T	0.01251	0.00688	0.98061
300 T	0.01246	0.00669	0.98085
301 A	0.01229	0.00665	0.98106
302 G	0.01216	0.00622	0.98162
303 C	0.01206	0.00600	0.98194
304 G	0.01202	0.00592	0.98206
305 C	0.01199	0.00580	0.98221
306 T	0.01194	0.00585	0.9822
307 G	0.01187	0.00592	0.98221
308 A	0.01185	0.00596	0.98219
309 T	0.01179	0.00578	0.98243
310 A	0.01174	0.00563	0.98262
311 A	0.01173	0.00479	0.98348
312 A	0.01172	0.00388	0.9844
313 G	0.01171	0.00291	0.98538
314 G	0.01171	0.00241	0.98588
315 G	0.01172	0.00213	0.98615
316 G	0.01174	0.00183	0.98642
317 T	0.01176	0.00167	0.98657
318 T	0.01177	0.00168	0.98655
319 G	0.01175	0.00194	0.98631
320 T	0.01175	0.00240	0.98585
321 A	0.01169	0.00329	0.98501
322 A	0.01168	0.00341	0.98491
323 A	0.01167	0.00342	0.98491
324 A	0.01166	0.00330	0.98504
325 G	0.01166	0.00317	0.98516
326 C	0.01167	0.00305	0.98528
327 A	0.01168	0.00303	0.98529
328 A	0.01170	0.00298	0.98532
329 T	0.01177	0.00287	0.98536
330 C	0.01178	0.00281	0.98542
331 A	0.01178	0.00280	0.98542
332 C	0.01172	0.00278	0.98549
333 T	0.01166	0.00281	0.98553
334 G	0.01154	0.00291	0.98554
335 G	0.01135	0.00310	0.98555
336 C	0.01122	0.00321	0.98557
337 G	0.01116	0.00326	0.98557
338 C	0.01114	0.00328	0.98558
339 A	0.01118	0.00324	0.98558
340 A	0.01126	0.00315	0.98558
341 G	0.01140	0.00301	0.98559
342 G	0.01169	0.00269	0.98562
343 C	0.01215	0.00221	0.98565
344 C	0.01292	0.00137	0.9857
345 T	0.01308	0.00121	0.98571
346 C	0.01314	0.00114	0.98572
347 C	0.01318	0.00110	0.98572
348 T	0.01312	0.00116	0.98572
349 C	0.01300	0.00127	0.98572
350 A	0.01284	0.00144	0.98572
351 T	0.01282	0.00146	0.98572
352 G	0.01277	0.00151	0.98572
353 T	0.01274	0.00151	0.98575
354 A	0.01266	0.00157	0.98578
355 T	0.01259	0.00151	0.9859
356 T	0.01246	0.00153	0.98601
357 A	0.01231	0.00156	0.98613
358 T	0.01216	0.00149	0.98635
359 C	0.01198	0.00154	0.98649
360 T	0.01189	0.00160	0.98651
361 T	0.01177	0.00169	0.98654
362 A	0.01153	0.00191	0.98656
363 T	0.01135	0.00208	0.98657
364 G	0.01105	0.00237	0.98657
365 C	0.01087	0.00254	0.98659
366 A	0.01022	0.00321	0.98657
367 G	0.00987	0.00357	0.98656
368 A	0.00963	0.00382	0.98655
369 T	0.00950	0.00397	0.98653
370 A	0.00910	0.00446	0.98644
371 G	0.00888	0.00466	0.98646
372 A	0.00871	0.00496	0.98633
373 T	0.00854	0.00516	0.98631
374 G	0.00824	0.00556	0.98619
375 T	0.00799	0.00593	0.98609
376 A	0.00747	0.00663	0.9859
377 A	0.00720	0.00698	0.98582
378 A	0.00701	0.00710	0.98589
379 A	0.00692	0.00706	0.98603
380 A	0.00688	0.00689	0.98623
381 T	0.00686	0.00663	0.9865
382 C	0.00681	0.00634	0.98686
383 C	0.00677	0.00627	0.98696
384 T	0.00673	0.00627	0.987
385 G	0.00665	0.00631	0.98703
386 A	0.00660	0.00634	0.98706
387 T	0.00659	0.00628	0.98713
388 A	0.00657	0.00617	0.98726
389 T	0.00657	0.00547	0.98797
390 G	0.00655	0.00511	0.98834
391 A	0.00656	0.00491	0.98853
392 A	0.00658	0.00475	0.98867
393 A	0.00669	0.00430	0.989
394 A	0.00681	0.00393	0.98926
395 A	0.00714	0.00336	0.9895
396 T	0.00747	0.00267	0.98985
397 T	0.00764	0.00214	0.99022
398 T	0.00773	0.00176	0.9905
399 A	0.00782	0.00128	0.99089
400 T	0.00792	0.00095	0.99113
401 T	0.00792	0.00081	0.99128
402 T	0.00788	0.00076	0.99136
403 T	0.00780	0.00081	0.99139
404 T	0.00762	0.00097	0.99141
405 A	0.00733	0.00121	0.99146
406 G	0.00712	0.00136	0.99152
407 A	0.00701	0.00144	0.99155
408 T	0.00696	0.00140	0.99164
409 C	0.00685	0.00146	0.99169
410 T	0.00676	0.00155	0.99169
411 T	0.00659	0.00172	0.99168
412 G	0.00639	0.00192	0.99168
413 G	0.00628	0.00204	0.99168
414 T	0.00624	0.00209	0.99167
415 G	0.00609	0.00226	0.99165
416 T	0.00600	0.00238	0.99163
417 T	0.00591	0.00253	0.99157
418 T	0.00574	0.00280	0.99146
419 A	0.00552	0.00308	0.9914
420 T	0.00540	0.00323	0.99137
421 A	0.00523	0.00343	0.99134
422 A	0.00486	0.00381	0.99132
423 T	0.00455	0.00412	0.99133
424 A	0.00380	0.00487	0.99133
425 A	0.00335	0.00528	0.99138
426 A	0.00293	0.00561	0.99147
427 G	0.00271	0.00564	0.99165
428 A	0.00258	0.00553	0.99189
429 A	0.00248	0.00543	0.99209
430 G	0.00242	0.00537	0.99222
431 A	0.00237	0.00534	0.99228
432 A	0.00232	0.00526	0.99243
433 G	0.00229	0.00514	0.99257
434 T	0.00230	0.00497	0.99273
435 A	0.00227	0.00483	0.9929
436 G	0.00226	0.00470	0.99304
437 A	0.00227	0.00460	0.99313
438 A	0.00230	0.00436	0.99334
439 C	0.00234	0.00407	0.9936
440 G	0.00240	0.00390	0.99369
441 T	0.00252	0.00366	0.99382
442 T	0.00257	0.00349	0.99394
443 T	0.00257	0.00340	0.99403
444 A	0.00254	0.00333	0.99413
445 G	0.00254	0.00282	0.99464
446 G	0.00254	0.00238	0.99507
447 T	0.00256	0.00169	0.99575
448 G	0.00256	0.00131	0.99613
449 T	0.00257	0.00099	0.99644
450 T	0.00257	0.00084	0.99659
451 A	0.00256	0.00077	0.99667
452 A	0.00256	0.00069	0.99675
453 A	0.00256	0.00062	0.99682
454 A	0.00257	0.00055	0.99687
455 T	0.00257	0.00047	0.99695
456 T	0.00257	0.00043	0.997
457 G	0.00257	0.00042	0.99701
458 G	0.00256	0.00041	0.99703
459 A	0.00255	0.00043	0.99703
460 G	0.00253	0.00046	0.99701
461 A	0.00252	0.00048	0.997
462 T	0.00252	0.00047	0.997
463 A	0.00251	0.00047	0.99701
464 T	0.00252	0.00046	0.99703
465 G	0.00252	0.00044	0.99704
466 G	0.00253	0.00042	0.99705
467 T	0.00254	0.00038	0.99707
468 T	0.00254	0.00037	0.99709
469 A	0.00254	0.00037	0.9971
470 C	0.00254	0.00035	0.99711
471 T	0.00254	0.00034	0.99711
472 C	0.00253	0.00034	0.99712
473 C	0.00253	0.00034	0.99712
474 T	0.00255	0.00033	0.99712
475 C	0.00254	0.00033	0.99712
476 A	0.00254	0.00033	0.99712
477 C	0.00254	0.00033	0.99712
478 G	0.00254	0.00033	0.99712
479 G	0.00255	0.00032	0.99713
480 T	0.00258	0.00029	0.99713
481 G	0.00258	0.00028	0.99714
482 A	0.00260	0.00025	0.99714
483 T	0.00263	0.00020	0.99717
484 T	0.00263	0.00018	0.99718
485 T	0.00260	0.00021	0.99719
486 C	0.00254	0.00026	0.9972
487 G	0.00251	0.00029	0.99719
488 A	0.00250	0.00031	0.99719
489 A	0.00249	0.00032	0.99719
490 G	0.00248	0.00033	0.99719
491 T	0.00248	0.00033	0.99719
492 T	0.00247	0.00033	0.9972
493 T	0.00246	0.00033	0.9972
494 T	0.00244	0.00034	0.99721
495 A	0.00242	0.00035	0.99722
496 G	0.00242	0.00034	0.99723
497 C	0.00242	0.00033	0.99726
498 T	0.00241	0.00033	0.99725
499 A	0.00241	0.00034	0.99725
500 A	0.00240	0.00035	0.99725
501 T	0.00239	0.00036	0.99725
502 G	0.00238	0.00037	0.99726
503 A	0.00237	0.00037	0.99726
504 A	0.00237	0.00036	0.99727
505 G	0.00237	0.00034	0.99728
506 A	0.00238	0.00033	0.9973
507 T	0.00238	0.00029	0.99732
508 T	0.00239	0.00026	0.99736
509 T	0.00239	0.00021	0.9974
510 T	0.00239	0.00019	0.99742
511 A	0.00238	0.00019	0.99743
512 T	0.00238	0.00019	0.99744
513 A	0.00237	0.00018	0.99744
514 G	0.00237	0.00018	0.99745
515 T	0.00237	0.00017	0.99747
516 T	0.00236	0.00016	0.99748
517 G	0.00235	0.00016	0.99749
518 C	0.00231	0.00019	0.9975
519 T	0.00229	0.00022	0.9975
520 A	0.00226	0.00024	0.9975
521 A	0.00225	0.00025	0.9975
522 A	0.00225	0.00025	0.9975
523 T	0.00226	0.00024	0.99751
524 C	0.00226	0.00022	0.99752
525 T	0.00226	0.00021	0.99753
526 C	0.00226	0.00021	0.99753
527 T	0.00226	0.00021	0.99753
528 T	0.00224	0.00023	0.99753
529 G	0.00221	0.00026	0.99753
530 A	0.00219	0.00028	0.99753
531 C	0.00217	0.00029	0.99754
532 A	0.00217	0.00030	0.99754
533 A	0.00216	0.00030	0.99754
534 T	0.00217	0.00029	0.99755
535 C	0.00216	0.00028	0.99755
536 G	0.00216	0.00028	0.99755
537 T	0.00216	0.00027	0.99756
538 G	0.00215	0.00028	0.99757
539 T	0.00215	0.00028	0.99757
540 A	0.00213	0.00029	0.99758
541 G	0.00213	0.00025	0.99762
542 G	0.00213	0.00023	0.99764
543 T	0.00213	0.00020	0.99767
544 G	0.00213	0.00019	0.99768
545 C	0.00213	0.00019	0.99769
546 T	0.00213	0.00019	0.99769
547 T	0.00212	0.00019	0.99769
548 T	0.00211	0.00021	0.99767
549 A	0.00208	0.00026	0.99766
550 G	0.00207	0.00027	0.99766
551 T	0.00207	0.00027	0.99766
552 A	0.00206	0.00025	0.99769
553 G	0.00206	0.00024	0.9977
554 T	0.00206	0.00023	0.99772
555 T	0.00204	0.00024	0.99772
556 A	0.00200	0.00030	0.9977
557 T	0.00197	0.00034	0.99769
558 G	0.00189	0.00046	0.99764
559 A	0.00186	0.00057	0.99758
560 A	0.00184	0.00061	0.99755
561 A	0.00182	0.00063	0.99755
562 G	0.00181	0.00063	0.99756
563 T	0.00180	0.00063	0.99757
564 A	0.00180	0.00063	0.99757
565 C	0.00180	0.00063	0.99758
566 T	0.00180	0.00064	0.99756
567 T	0.00179	0.00065	0.99755
568 G	0.00179	0.00066	0.99755
569 A	0.00179	0.00067	0.99754
570 A	0.00179	0.00067	0.99754
571 G	0.00180	0.00065	0.99755
572 C	0.00181	0.00061	0.99758
573 T	0.00183	0.00061	0.99756
574 T	0.00183	0.00066	0.99751
575 T	0.00180	0.00077	0.99744
576 A	0.00174	0.00095	0.99731
577 A	0.00171	0.00103	0.99726
578 A	0.00170	0.00108	0.99722
579 A	0.00170	0.00109	0.99722
580 A	0.00169	0.00112	0.99718
581 A	0.00172	0.00104	0.99723
582 T	0.00178	0.00095	0.99726
583 A	0.00180	0.00093	0.99728
584 A	0.00180	0.00090	0.9973
585 T	0.00180	0.00088	0.99731
586 C	0.00181	0.00087	0.99732
587 C	0.00181	0.00087	0.99732
588 T	0.00181	0.00086	0.99732
589 A	0.00182	0.00086	0.99732
590 A	0.00182	0.00085	0.99732
591 C	0.00183	0.00085	0.99732
592 C	0.00183	0.00084	0.99733
593 A	0.00183	0.00084	0.99734
594 A	0.00184	0.00082	0.99734
595 T	0.00186	0.00080	0.99734
596 G	0.00188	0.00077	0.99735
597 C	0.00194	0.00070	0.99736
598 G	0.00201	0.00058	0.9974
599 T	0.00211	0.00044	0.99746
600 A	0.00210	0.00043	0.99747
601 G	0.00210	0.00042	0.99748
602 G	0.00210	0.00041	0.99748
603 T	0.00215	0.00034	0.99751
604 G	0.00215	0.00033	0.99752
605 C	0.00213	0.00034	0.99753
606 T	0.00212	0.00036	0.99753
607 T	0.00208	0.00039	0.99753
608 T	0.00203	0.00045	0.99752
609 C	0.00190	0.00058	0.99752
610 A	0.00183	0.00065	0.99752
611 C	0.00179	0.00068	0.99752
612 A	0.00177	0.00071	0.99752
613 G	0.00175	0.00073	0.99752
614 T	0.00173	0.00075	0.99752
615 T	0.00170	0.00078	0.99752
616 C	0.00165	0.00084	0.99751
617 A	0.00159	0.00093	0.99748
618 A	0.00155	0.00099	0.99746
619 G	0.00154	0.00100	0.99745
620 A	0.00154	0.00102	0.99745
621 A	0.00154	0.00102	0.99744
622 G	0.00154	0.00099	0.99747
623 A	0.00155	0.00095	0.9975
624 A	0.00155	0.00090	0.99754
625 G	0.00156	0.00086	0.99759
626 T	0.00157	0.00084	0.99759
627 A	0.00157	0.00084	0.99759
628 G	0.00158	0.00081	0.99761
629 G	0.00158	0.00078	0.99764
630 T	0.00159	0.00076	0.99765
631 T	0.00159	0.00076	0.99766
632 T	0.00158	0.00077	0.99765
633 A	0.00155	0.00088	0.99757
634 A	0.00152	0.00103	0.99745
635 G	0.00150	0.00108	0.99742
636 A	0.00144	0.00122	0.99734
637 G	0.00140	0.00125	0.99735
638 G	0.00138	0.00128	0.99735
639 A	0.00135	0.00127	0.99737
640 G	0.00136	0.00122	0.99742
641 C	0.00137	0.00119	0.99745
642 T	0.00136	0.00122	0.99742
643 C	0.00133	0.00125	0.99742
644 A	0.00127	0.00135	0.99738
645 A	0.00126	0.00139	0.99735
646 A	0.00125	0.00142	0.99733
647 C	0.00125	0.00143	0.99733
648 G	0.00126	0.00146	0.99728
649 A	0.00128	0.00145	0.99728
650 G	0.00131	0.00142	0.99728
651 T	0.00133	0.00140	0.99728
652 A	0.00131	0.00142	0.99728
653 C	0.00133	0.00139	0.99728
654 A	0.00135	0.00139	0.99726
655 A	0.00143	0.00133	0.99725
656 A	0.00154	0.00120	0.99727
657 T	0.00167	0.00105	0.99728
658 A	0.00172	0.00100	0.99728
659 A	0.00180	0.00086	0.99734
660 A	0.00182	0.00080	0.99739
661 A	0.00185	0.00073	0.99742
662 T	0.00187	0.00067	0.99746
663 T	0.00189	0.00063	0.99749
664 A	0.00189	0.00060	0.99751
665 A	0.00192	0.00056	0.99753
666 A	0.00193	0.00050	0.99757
667 C	0.00196	0.00040	0.99765
668 C	0.00199	0.00036	0.99766
669 T	0.00202	0.00032	0.99766
670 G	0.00203	0.00031	0.99767
671 T	0.00206	0.00028	0.99767
672 T	0.00206	0.00027	0.99767
673 A	0.00206	0.00027	0.99767
674 T	0.00207	0.00024	0.99769
675 A	0.00206	0.00021	0.99772
676 G	0.00206	0.00018	0.99776
677 C	0.00208	0.00014	0.99778
678 T	0.00211	0.00010	0.99779
679 G	0.00212	0.00009	0.99779
680 T	0.00213	0.00008	0.99779
681 T	0.00213	0.00007	0.9978
682 G	0.00214	0.00007	0.9978
683 C	0.00214	0.00006	0.9978
684 T	0.00214	0.00005	0.9978
685 G	0.00214	0.00006	0.9978
686 T	0.00214	0.00006	0.9978
687 T	0.00213	0.00007	0.9978
688 G	0.00213	0.00008	0.9978
689 A	0.00212	0.00008	0.9978
690 T	0.00212	0.00008	0.99781
691 A	0.00212	0.00008	0.99781
692 C	0.00212	0.00007	0.99781
693 T	0.00212	0.00007	0.99781
694 G	0.00212	0.00008	0.99779
695 G	0.00212	0.00009	0.99779
696 A	0.00212	0.00010	0.99778
697 A	0.00212	0.00010	0.99778
698 T	0.00212	0.00009	0.99779
699 T	0.00212	0.00009	0.99779
700 G	0.00211	0.00009	0.99779
701 C	0.00211	0.00009	0.9978
702 C	0.00211	0.00009	0.9978
703 G	0.00211	0.00010	0.99779
704 A	0.00211	0.00010	0.99779
705 T	0.00211	0.00010	0.99779
706 G	0.00211	0.00010	0.99779
707 A	0.00211	0.00010	0.99778
708 T	0.00212	0.00009	0.99779
709 G	0.00212	0.00009	0.99779
710 T	0.00212	0.00008	0.99779
711 T	0.00212	0.00008	0.99781
712 C	0.00212	0.00007	0.99781
713 C	0.00212	0.00007	0.99781
714 A	0.00212	0.00008	0.9978
715 G	0.00212	0.00009	0.99779
716 G	0.00212	0.00009	0.99778
717 T	0.00213	0.00010	0.99777
718 G	0.00214	0.00010	0.99776
719 A	0.00214	0.00010	0.99776
720 T	0.00214	0.00010	0.99776
721 G	0.00214	0.00010	0.99775
722 T	0.00214	0.00010	0.99775
723 T	0.00214	0.00010	0.99775
724 A	0.00214	0.00010	0.99775
725 A	0.00214	0.00010	0.99775
726 T	0.00214	0.00010	0.99776
727 G	0.00214	0.00010	0.99776
728 C	0.00214	0.00010	0.99776
729 T	0.00214	0.00012	0.99774
730 A	0.00214	0.00013	0.99773
731 G	0.00214	0.00013	0.99773
732 T	0.00214	0.00013	0.99773
733 G	0.00214	0.00013	0.99773
734 C	0.00214	0.00013	0.99774
735 T	0.00214	0.00013	0.99774
736 C	0.00214	0.00013	0.99773
737 A	0.00214	0.00018	0.99768
738 A	0.00215	0.00022	0.99763
739 G	0.00216	0.00024	0.9976
740 T	0.00217	0.00025	0.99758
741 T	0.00217	0.00029	0.99755
742 T	0.00214	0.00036	0.9975
743 T	0.00210	0.00044	0.99746
744 A	0.00195	0.00060	0.99744
745 G	0.00184	0.00075	0.99741
746 G	0.00178	0.00083	0.99739
747 A	0.00175	0.00089	0.99737
748 A	0.00171	0.00094	0.99734
749 A	0.00170	0.00097	0.99733
750 A	0.00169	0.00098	0.99733
751 G	0.00169	0.00098	0.99734
752 G	0.00170	0.00097	0.99734
753 T	0.00170	0.00096	0.99734
754 C	0.00170	0.00096	0.99734
755 C	0.00170	0.00096	0.99734
756 A	0.00170	0.00096	0.99734
757 C	0.00170	0.00097	0.99733
758 A	0.00170	0.00097	0.99732
759 A	0.00171	0.00097	0.99732
760 A	0.00176	0.00092	0.99732
761 T	0.00183	0.00085	0.99732
762 T	0.00187	0.00081	0.99733
763 A	0.00189	0.00077	0.99734
764 G	0.00192	0.00069	0.99739
765 T	0.00198	0.00058	0.99744
766 T	0.00200	0.00051	0.99749
767 G	0.00202	0.00038	0.9976
768 T	0.00205	0.00025	0.9977
769 T	0.00207	0.00019	0.99773
770 A	0.00208	0.00016	0.99775
771 T	0.00210	0.00013	0.99778
772 G	0.00210	0.00013	0.99776
773 A	0.00210	0.00016	0.99775
774 T	0.00210	0.00018	0.99773
775 G	0.00208	0.00022	0.9977
776 G	0.00208	0.00025	0.99767
777 T	0.00208	0.00027	0.99765
778 G	0.00208	0.00029	0.99763
779 G	0.00208	0.00031	0.99761
780 T	0.00208	0.00035	0.99757
781 T	0.00208	0.00044	0.99748
782 T	0.00207	0.00063	0.9973
783 A	0.00204	0.00073	0.99723
784 A	0.00202	0.00076	0.99723
785 T	0.00201	0.00078	0.99721
786 T	0.00199	0.00080	0.99721
787 C	0.00196	0.00083	0.9972
788 C	0.00194	0.00085	0.9972
789 T	0.00191	0.00089	0.9972
790 C	0.00182	0.00097	0.9972
791 A	0.00173	0.00107	0.99719
792 C	0.00169	0.00113	0.99718
793 A	0.00167	0.00115	0.99718
794 A	0.00167	0.00115	0.99718
795 A	0.00169	0.00113	0.99717
796 G	0.00173	0.00109	0.99718
797 C	0.00177	0.00105	0.99719
798 T	0.00181	0.00103	0.99716
799 T	0.00183	0.00105	0.99713
800 T	0.00180	0.00113	0.99707
801 A	0.00174	0.00133	0.99693
802 A	0.00172	0.00147	0.99681
803 G	0.00173	0.00153	0.99674
804 A	0.00180	0.00163	0.99657
805 G	0.00195	0.00165	0.99639
806 A	0.00202	0.00169	0.99629
807 A	0.00204	0.00178	0.99618
808 T	0.00206	0.00194	0.99599
809 T	0.00206	0.00211	0.99584
810 A	0.00203	0.00238	0.99559
811 A	0.00200	0.00286	0.99514
812 T	0.00200	0.00289	0.99511
813 A	0.00198	0.00294	0.99508
814 A	0.00197	0.00300	0.99503
815 T	0.00197	0.00302	0.99502
816 C	0.00189	0.00316	0.99496
817 A	0.00185	0.00347	0.99468
818 A	0.00184	0.00359	0.99456
819 A	0.00185	0.00366	0.99449
820 A	0.00186	0.00366	0.99449
821 T	0.00191	0.00360	0.99448
822 A	0.00195	0.00354	0.99451
823 G	0.00202	0.00341	0.99457
824 C	0.00215	0.00321	0.99463
825 T	0.00228	0.00306	0.99465
826 C	0.00236	0.00297	0.99467
827 G	0.00253	0.00281	0.99466
828 T	0.00276	0.00260	0.99465
829 G	0.00286	0.00252	0.99462
830 A	0.00299	0.00244	0.99457
831 T	0.00324	0.00223	0.99453
832 A	0.00338	0.00212	0.99449
833 A	0.00359	0.00191	0.99451
834 T	0.00405	0.00143	0.99452
835 A	0.00412	0.00137	0.99451
836 A	0.00426	0.00123	0.9945
837 T	0.00450	0.00097	0.99454
838 A	0.00458	0.00088	0.99454
839 T	0.00469	0.00069	0.99463
840 T	0.00489	0.00046	0.99465
841 C	0.00495	0.00039	0.99466
842 C	0.00498	0.00036	0.99465
843 T	0.00498	0.00038	0.99465
844 T	0.00495	0.00042	0.99463
845 T	0.00490	0.00048	0.99462
846 T	0.00455	0.00085	0.9946
847 C	0.00418	0.00124	0.99458
848 A	0.00383	0.00172	0.99445
849 A	0.00362	0.00194	0.99443
850 G	0.00348	0.00210	0.99443
851 A	0.00337	0.00221	0.99442
852 A	0.00329	0.00230	0.99441
853 C	0.00331	0.00228	0.99441
854 C	0.00332	0.00228	0.9944
855 T	0.00336	0.00225	0.99439
856 A	0.00336	0.00226	0.99438
857 A	0.00335	0.00227	0.99438
858 A	0.00335	0.00228	0.99438
859 C	0.00335	0.00227	0.99438
860 C	0.00334	0.00227	0.99439
861 G	0.00333	0.00228	0.99439
862 A	0.00333	0.00229	0.99438
863 C	0.00333	0.00228	0.99439
864 A	0.00333	0.00229	0.99438
865 G	0.00334	0.00229	0.99437
866 G	0.00335	0.00225	0.9944
867 T	0.00337	0.00221	0.99442
868 G	0.00338	0.00216	0.99445
869 G	0.00340	0.00182	0.99478
870 G	0.00342	0.00156	0.99502
871 G	0.00351	0.00122	0.99527
872 A	0.00353	0.00109	0.99538
873 A	0.00354	0.00096	0.9955
874 A	0.00356	0.00083	0.99562
875 C	0.00357	0.00070	0.99573
876 T	0.00358	0.00069	0.99573
877 G	0.00357	0.00072	0.99571
878 A	0.00357	0.00080	0.99563
879 T	0.00357	0.00088	0.99555
880 G	0.00356	0.00091	0.99553
881 G	0.00355	0.00091	0.99554
882 T	0.00355	0.00093	0.99552
883 T	0.00353	0.00096	0.99551
884 C	0.00351	0.00100	0.99549
885 A	0.00350	0.00114	0.99536
886 G	0.00348	0.00129	0.99523
887 C	0.00348	0.00145	0.99507
888 A	0.00349	0.00162	0.99489
889 A	0.00353	0.00174	0.99472
890 T	0.00359	0.00169	0.99472
891 A	0.00362	0.00167	0.99471
892 C	0.00367	0.00163	0.99469
893 A	0.00376	0.00156	0.99467
894 C	0.00381	0.00154	0.99465
895 T	0.00387	0.00165	0.99448
896 T	0.00389	0.00171	0.9944
897 A	0.00382	0.00190	0.99427
898 A	0.00378	0.00204	0.99418
899 G	0.00377	0.00206	0.99417
900 A	0.00370	0.00212	0.99418
901 A	0.00370	0.00211	0.99418
902 A	0.00375	0.00205	0.99419
903 C	0.00377	0.00202	0.99421
904 G	0.00377	0.00202	0.99421
905 A	0.00379	0.00200	0.99421
906 A	0.00381	0.00196	0.99423
907 G	0.00385	0.00190	0.99424
908 G	0.00397	0.00178	0.99425
909 C	0.00412	0.00160	0.99428
910 G	0.00427	0.00144	0.99428
911 C	0.00446	0.00125	0.99429
912 T	0.00462	0.00109	0.99429
913 G	0.00463	0.00107	0.99429
914 C	0.00466	0.00105	0.99429
915 T	0.00469	0.00101	0.99429
916 A	0.00472	0.00098	0.99429
917 C	0.00478	0.00092	0.9943
918 T	0.00497	0.00073	0.99429
919 A	0.00504	0.00067	0.9943
920 T	0.00513	0.00050	0.99437
921 T	0.00520	0.00038	0.99442
922 G	0.00520	0.00036	0.99444
923 T	0.00521	0.00025	0.99454
924 T	0.00522	0.00018	0.9946
925 A	0.00522	0.00017	0.99462
926 T	0.00522	0.00015	0.99463
927 T	0.00522	0.00013	0.99465
928 G	0.00522	0.00014	0.99464
929 G	0.00522	0.00015	0.99464
930 T	0.00522	0.00015	0.99463
931 G	0.00522	0.00015	0.99463
932 T	0.00521	0.00015	0.99463
933 T	0.00521	0.00016	0.99463
934 C	0.00521	0.00016	0.99463
935 C	0.00521	0.00017	0.99463
936 G	0.00519	0.00018	0.99463
937 A	0.00519	0.00018	0.99462
938 C	0.00519	0.00019	0.99462
939 T	0.00519	0.00019	0.99462
940 C	0.00519	0.00020	0.99462
941 G	0.00519	0.00021	0.9946
942 T	0.00520	0.00021	0.9946
943 T	0.00520	0.00021	0.99459
944 A	0.00520	0.00021	0.99459
945 T	0.00521	0.00020	0.99459
946 C	0.00520	0.00020	0.99459
947 T	0.00520	0.00020	0.99459
948 T	0.00520	0.00021	0.9946
949 C	0.00518	0.00023	0.99459
950 A	0.00517	0.00024	0.99459
951 T	0.00518	0.00023	0.99459
952 T	0.00516	0.00024	0.99459
953 C	0.00514	0.00027	0.99459
954 T	0.00513	0.00028	0.99458
955 C	0.00511	0.00030	0.99459
956 A	0.00510	0.00033	0.99457
957 T	0.00510	0.00034	0.99455
958 A	0.00509	0.00035	0.99455
959 C	0.00509	0.00034	0.99457
960 T	0.00509	0.00035	0.99456
961 T	0.00510	0.00035	0.99456
962 C	0.00510	0.00035	0.99455
963 T	0.00510	0.00038	0.99453
964 G	0.00511	0.00044	0.99446
965 T	0.00511	0.00054	0.99434
966 T	0.00511	0.00085	0.99404
967 G	0.00510	0.00144	0.99346
968 T	0.00509	0.00235	0.99256
969 T	0.00507	0.00423	0.99069
970 A	0.00505	0.00810	0.98686
971 A	0.00503	0.01308	0.98189
972 T	0.00501	0.01907	0.97593
973 A	0.00490	0.02546	0.96964
974 A	0.00482	0.02857	0.96661
975 A	0.00445	0.03232	0.96323
976 A	0.00407	0.03638	0.95954
977 A	0.00388	0.03993	0.95619
978 A	0.00379	0.04317	0.95304
979 G	0.00377	0.04515	0.95108
980 A	0.00377	0.04550	0.95073
981 T	0.00378	0.04553	0.9507
982 A	0.00377	0.04557	0.95067
983 T	0.00375	0.04562	0.95063
984 C	0.00369	0.04576	0.95055
985 C	0.00363	0.04597	0.9504
986 A	0.00359	0.04607	0.95033
987 A	0.00363	0.04608	0.95029
988 A	0.00376	0.04595	0.95029
989 G	0.00412	0.04560	0.95028
990 C	0.00485	0.04485	0.95029
991 A	0.00588	0.04382	0.9503
992 C	0.00798	0.04171	0.9503
993 A	0.01183	0.03789	0.95028
994 A	0.01739	0.03234	0.95027
995 T	0.02451	0.02522	0.95027
996 T	0.03007	0.01956	0.95037
997 A	0.03189	0.01770	0.95041
998 A	0.03471	0.01450	0.95079
999 A	0.03830	0.01052	0.95118
1000 C	0.04163	0.00695	0.95142
1001 T	0.04489	0.00366	0.95144
1002 T	0.04672	0.00184	0.95144
1003 T	0.04707	0.00150	0.95143
1004 T	0.04689	0.00172	0.95139
1005 A	0.04662	0.00203	0.95135
1006 G	0.04655	0.00209	0.95137
1007 T	0.04668	0.00197	0.95136
1008 T	0.04679	0.00194	0.95127
1009 T	0.04679	0.00214	0.95108
1010 T	0.04672	0.00234	0.95094
1011 A	0.04649	0.00280	0.95071
1012 T	0.04604	0.00359	0.95037
1013 T	0.04492	0.00513	0.94995
1014 A	0.04261	0.00757	0.94983
1015 G	0.04051	0.00976	0.94972
1016 T	0.03902	0.01142	0.94957
1017 T	0.03723	0.01325	0.94951
1018 C	0.03402	0.01652	0.94947
1019 A	0.03123	0.01945	0.94933
1020 A	0.03047	0.02033	0.9492
1021 C	0.03012	0.02080	0.94908
1022 A	0.02984	0.02177	0.94839
1023 A	0.02975	0.02278	0.94747
1024 T	0.02974	0.02425	0.94601
1025 T	0.02932	0.02522	0.94546
1026 A	0.02679	0.02857	0.94464
1027 G	0.02549	0.02998	0.94453
1028 A	0.02496	0.03062	0.94443
1029 C	0.02464	0.03104	0.94433
1030 G	0.02438	0.03194	0.94368
1031 A	0.02420	0.03305	0.94275
1032 T	0.02426	0.03351	0.94223
1033 A	0.02393	0.03425	0.94183
1034 A	0.02378	0.03452	0.9417
1035 A	0.02375	0.03424	0.942
1036 A	0.02384	0.03322	0.94294
1037 A	0.02383	0.03108	0.94508
1038 A	0.02387	0.02859	0.94754
1039 G	0.02396	0.02632	0.94972
1040 T	0.02409	0.02422	0.95169
1041 T	0.02414	0.02162	0.95424
1042 C	0.02416	0.01973	0.9561
1043 A	0.02427	0.01934	0.95639
1044 A	0.02442	0.01897	0.95661
1045 G	0.02498	0.01813	0.95689
1046 A	0.02586	0.01711	0.95703
1047 G	0.02738	0.01545	0.95717
1048 A	0.02831	0.01383	0.95786
1049 T	0.02967	0.00974	0.96059
1050 T	0.03046	0.00754	0.962
1051 T	0.03109	0.00623	0.96268
1052 T	0.03142	0.00549	0.9631
1053 A	0.03174	0.00482	0.96344
1054 T	0.03233	0.00377	0.9639
1055 T	0.03272	0.00309	0.9642
1056 T	0.03302	0.00238	0.9646
1057 A	0.03318	0.00196	0.96486
1058 A	0.03342	0.00143	0.96515
1059 T	0.03373	0.00086	0.96542
1060 T	0.03391	0.00052	0.96557
1061 A	0.03397	0.00033	0.9657
1062 A	0.03412	0.00000	0.96588
