# lcl|CP097583.1_cds_USQ93498.1_1
# AA	inside	membr	outside
1 A	0.78261	0.00000	0.21739
2 T	0.78181	0.00079	0.21739
3 G	0.78117	0.00144	0.21739
4 C	0.78117	0.00147	0.21736
5 C	0.77024	0.01250	0.21726
6 T	0.77024	0.01259	0.21717
7 A	0.67454	0.10837	0.21709
8 C	0.67454	0.10837	0.21709
9 T	0.66335	0.11980	0.21684
10 A	0.66331	0.12529	0.21139
11 T	0.66072	0.12819	0.21109
12 T	0.57915	0.20980	0.21105
13 G	0.35117	0.43814	0.21069
14 C	0.35112	0.43818	0.21069
15 T	0.35112	0.45092	0.19796
16 C	0.34256	0.45948	0.19796
17 A	0.33399	0.46857	0.19744
18 G	0.33373	0.46974	0.19652
19 T	0.32985	0.47437	0.19578
20 T	0.30613	0.50815	0.18572
21 A	0.21336	0.60102	0.18562
22 A	0.20992	0.60761	0.18247
23 T	0.20716	0.61385	0.179
24 T	0.19636	0.62918	0.17446
25 A	0.18344	0.65244	0.16412
26 A	0.17691	0.66191	0.16119
27 A	0.17266	0.66349	0.16385
28 A	0.16991	0.65706	0.17304
29 A	0.16779	0.65575	0.17645
30 A	0.16428	0.57837	0.25736
31 G	0.16138	0.56769	0.27093
32 G	0.15965	0.54509	0.29525
33 A	0.16298	0.52726	0.30976
34 A	0.16295	0.52583	0.31122
35 G	0.16359	0.45347	0.38294
36 G	0.16411	0.29077	0.54513
37 A	0.16455	0.29197	0.54349
38 T	0.17554	0.28522	0.53924
39 T	0.17587	0.30938	0.51474
40 G	0.17760	0.33779	0.4846
41 A	0.17873	0.36545	0.45582
42 T	0.18004	0.39075	0.4292
43 A	0.18493	0.37157	0.44349
44 A	0.18486	0.33589	0.47925
45 A	0.18880	0.34468	0.46653
46 A	0.19445	0.33610	0.46945
47 C	0.20037	0.31835	0.48128
48 T	0.21201	0.30373	0.48425
49 T	0.21344	0.30953	0.47703
50 A	0.21025	0.35417	0.43557
51 T	0.19503	0.37907	0.42591
52 A	0.15648	0.44116	0.40235
53 A	0.13663	0.51734	0.34603
54 A	0.11896	0.54841	0.33263
55 A	0.10731	0.57599	0.3167
56 G	0.10444	0.58514	0.31042
57 T	0.10673	0.59506	0.29821
58 A	0.09848	0.61443	0.28709
59 A	0.09975	0.61595	0.28429
60 A	0.10913	0.60648	0.2844
61 T	0.12775	0.58756	0.2847
62 C	0.15334	0.56145	0.2852
63 A	0.17990	0.53474	0.28536
64 C	0.21015	0.50420	0.28565
65 C	0.24051	0.47374	0.28575
66 A	0.24819	0.46606	0.28575
67 T	0.28575	0.42845	0.28581
68 C	0.30248	0.41160	0.28592
69 T	0.30983	0.40426	0.28591
70 T	0.31271	0.40119	0.28611
71 T	0.31045	0.40262	0.28692
72 A	0.30718	0.40443	0.28839
73 A	0.33152	0.37719	0.29128
74 G	0.34220	0.34461	0.31319
75 A	0.36656	0.28227	0.35118
76 T	0.42573	0.20207	0.37219
77 A	0.43713	0.17516	0.38771
78 T	0.45187	0.15014	0.39799
79 A	0.44841	0.14920	0.40239
80 G	0.45380	0.13643	0.40977
81 T	0.46002	0.12684	0.41314
82 T	0.45288	0.13271	0.41441
83 T	0.44492	0.14289	0.41218
84 T	0.42192	0.17372	0.40436
85 A	0.37403	0.23086	0.39511
86 A	0.34195	0.26945	0.38859
87 T	0.31288	0.30667	0.38044
88 A	0.27070	0.37593	0.35337
89 A	0.25623	0.42927	0.31449
90 T	0.25025	0.44815	0.3016
91 T	0.23585	0.47765	0.28649
92 T	0.21291	0.51162	0.27548
93 A	0.16448	0.57498	0.26054
94 A	0.12986	0.62244	0.24769
95 A	0.10634	0.65025	0.24341
96 G	0.08994	0.66235	0.2477
97 A	0.08559	0.66821	0.2462
98 A	0.08352	0.66943	0.24705
99 A	0.08329	0.66826	0.24846
100 A	0.08442	0.66350	0.25208
101 A	0.08885	0.65653	0.25462
102 A	0.09575	0.63969	0.26456
103 A	0.10327	0.62329	0.27343
104 T	0.11397	0.59861	0.28741
105 T	0.11813	0.57960	0.30227
106 A	0.11844	0.57616	0.30541
107 A	0.10906	0.57469	0.31624
108 A	0.10676	0.54193	0.35131
109 A	0.11284	0.50714	0.38002
110 A	0.12096	0.46993	0.40911
111 A	0.15133	0.40012	0.44854
112 T	0.19861	0.34132	0.46007
113 A	0.21470	0.33963	0.44568
114 T	0.23105	0.34414	0.4248
115 A	0.23105	0.33273	0.43621
116 A	0.24011	0.28726	0.47264
117 T	0.25166	0.24369	0.50465
118 T	0.25490	0.22002	0.52508
119 C	0.25169	0.21062	0.53769
120 T	0.24959	0.21078	0.53962
121 C	0.24263	0.21681	0.54056
122 C	0.23356	0.22586	0.54058
123 T	0.22050	0.23928	0.54022
124 C	0.18747	0.27306	0.53947
125 A	0.17073	0.29497	0.5343
126 A	0.16393	0.30758	0.52849
127 A	0.16079	0.31102	0.52819
128 A	0.16036	0.31051	0.52912
129 A	0.16477	0.30384	0.53138
130 T	0.17313	0.27781	0.54906
131 C	0.17520	0.26290	0.56191
132 A	0.17741	0.25791	0.56468
133 G	0.18093	0.25135	0.56772
134 G	0.18777	0.24357	0.56866
135 A	0.19769	0.23311	0.56921
136 G	0.22358	0.20457	0.57185
137 T	0.26177	0.15861	0.57961
138 T	0.26731	0.14312	0.58956
139 T	0.26871	0.13801	0.59328
140 G	0.26860	0.13502	0.59637
141 T	0.26860	0.13065	0.60075
142 A	0.26842	0.12886	0.60271
143 T	0.26854	0.12468	0.60677
144 T	0.26838	0.12689	0.60474
145 A	0.26762	0.13534	0.59704
146 A	0.26541	0.14255	0.59204
147 A	0.25741	0.14071	0.60187
148 G	0.25133	0.13522	0.61345
149 T	0.24640	0.13925	0.61435
150 G	0.24357	0.15089	0.60555
151 T	0.24299	0.15362	0.60338
152 C	0.24148	0.15741	0.60111
153 G	0.24031	0.16779	0.5919
154 A	0.23974	0.18016	0.58011
155 C	0.23881	0.18661	0.57458
156 T	0.23385	0.20937	0.55678
157 A	0.23064	0.21766	0.5517
158 T	0.23009	0.21966	0.55026
159 G	0.22716	0.22286	0.54997
160 A	0.22623	0.22386	0.54991
161 C	0.22581	0.22398	0.55021
162 A	0.22663	0.22311	0.55025
163 C	0.22834	0.22112	0.55054
164 C	0.23100	0.21858	0.55041
165 A	0.23451	0.21588	0.54961
166 A	0.23802	0.21394	0.54804
167 A	0.24718	0.20641	0.54641
168 A	0.25586	0.19753	0.54661
169 A	0.26793	0.18317	0.5489
170 A	0.28219	0.15868	0.55913
171 A	0.28496	0.14414	0.5709
172 C	0.29060	0.12613	0.58327
173 C	0.30284	0.11157	0.58559
174 T	0.31152	0.10321	0.58527
175 A	0.31538	0.09912	0.5855
176 A	0.32652	0.08754	0.58594
177 T	0.33934	0.07427	0.58639
178 T	0.34445	0.06751	0.58804
179 C	0.35270	0.05168	0.59563
180 T	0.35387	0.04762	0.59852
181 G	0.35090	0.04947	0.59962
182 C	0.34881	0.04996	0.60123
183 T	0.34597	0.05268	0.60135
184 T	0.34035	0.05854	0.60111
185 C	0.32302	0.07579	0.60119
186 A	0.31111	0.08853	0.60036
187 A	0.30347	0.09629	0.60024
188 G	0.29569	0.10326	0.60105
189 A	0.29286	0.10571	0.60142
190 A	0.29297	0.10500	0.60204
191 A	0.29269	0.09939	0.60793
192 A	0.29235	0.09525	0.6124
193 T	0.29219	0.09056	0.61726
194 T	0.29199	0.08705	0.62096
195 T	0.29126	0.08527	0.62348
196 G	0.28926	0.08534	0.62541
197 C	0.28856	0.08479	0.62665
198 T	0.28750	0.08572	0.62678
199 A	0.28652	0.08711	0.62638
200 G	0.28618	0.08743	0.62638
201 A	0.28598	0.08760	0.62642
202 G	0.28594	0.08709	0.62698
203 T	0.28619	0.08416	0.62965
204 T	0.28599	0.08145	0.63257
205 A	0.28568	0.08119	0.63314
206 G	0.28574	0.07742	0.63684
207 A	0.28597	0.07392	0.64011
208 T	0.28625	0.06016	0.65359
209 T	0.28650	0.05107	0.66243
210 A	0.28611	0.04854	0.66535
211 A	0.28621	0.04567	0.66811
212 G	0.28655	0.04319	0.67026
213 T	0.28690	0.04217	0.67093
214 A	0.28688	0.04261	0.6705
215 A	0.28702	0.04211	0.67088
216 T	0.28696	0.04158	0.67145
217 G	0.28661	0.04124	0.67215
218 G	0.28653	0.04030	0.67316
219 T	0.28681	0.03818	0.67501
220 A	0.28692	0.03737	0.67571
221 C	0.28735	0.03594	0.67671
222 T	0.28815	0.03561	0.67624
223 G	0.28841	0.03674	0.67484
224 A	0.28879	0.03897	0.67224
225 A	0.28949	0.04148	0.66903
226 G	0.29087	0.04142	0.66772
227 T	0.29337	0.04119	0.66545
228 T	0.29638	0.04142	0.66219
229 A	0.29693	0.04137	0.6617
230 A	0.29921	0.03903	0.66176
231 T	0.30209	0.03587	0.66204
232 G	0.30330	0.03464	0.66206
233 C	0.30675	0.03094	0.66231
234 T	0.31125	0.02680	0.66194
235 T	0.31259	0.02616	0.66124
236 A	0.31294	0.02638	0.66068
237 T	0.31373	0.02550	0.66077
238 A	0.31391	0.02525	0.66083
239 T	0.31429	0.02459	0.66112
240 T	0.31427	0.02419	0.66154
241 C	0.31391	0.02433	0.66176
242 C	0.31342	0.02483	0.66175
243 A	0.31294	0.02561	0.66145
244 G	0.31264	0.02636	0.66101
245 G	0.31161	0.02805	0.66033
246 A	0.31274	0.02784	0.65941
247 A	0.31536	0.02605	0.65859
248 T	0.31890	0.02264	0.65846
249 A	0.31989	0.02164	0.65847
250 G	0.32230	0.01922	0.65848
251 A	0.32541	0.01598	0.6586
252 T	0.32628	0.01464	0.65907
253 C	0.32642	0.01436	0.65923
254 A	0.32680	0.01399	0.6592
255 T	0.32761	0.01313	0.65926
256 T	0.32784	0.01288	0.65928
257 C	0.32787	0.01282	0.65931
258 T	0.32815	0.01253	0.65932
259 T	0.32823	0.01236	0.65942
260 T	0.32778	0.01273	0.65948
261 G	0.32674	0.01369	0.65957
262 C	0.32414	0.01623	0.65963
263 A	0.32264	0.01758	0.65978
264 A	0.32230	0.01755	0.66015
265 G	0.32209	0.01725	0.66065
266 A	0.32235	0.01651	0.66113
267 A	0.32282	0.01563	0.66155
268 C	0.32351	0.01280	0.66369
269 A	0.32436	0.01149	0.66416
270 T	0.32518	0.01034	0.66448
271 A	0.32545	0.00992	0.66463
272 G	0.32560	0.00945	0.66495
273 T	0.32574	0.00916	0.6651
274 G	0.32579	0.00870	0.6655
275 T	0.32589	0.00831	0.6658
276 T	0.32591	0.00800	0.66609
277 G	0.32591	0.00785	0.66625
278 T	0.32592	0.00770	0.66638
279 C	0.32591	0.00746	0.66662
280 T	0.32591	0.00751	0.66657
281 T	0.32587	0.00771	0.66642
282 A	0.32580	0.00783	0.66637
283 G	0.32546	0.00788	0.66666
284 T	0.32535	0.00730	0.66735
285 T	0.32502	0.00487	0.67011
286 C	0.32441	0.00410	0.67149
287 G	0.32402	0.00438	0.6716
288 T	0.32379	0.00461	0.67159
289 G	0.32356	0.00496	0.67148
290 G	0.32342	0.00525	0.67133
291 T	0.32336	0.00561	0.67103
292 G	0.32328	0.00617	0.67056
293 G	0.32313	0.00747	0.66941
294 A	0.32261	0.01071	0.66667
295 A	0.32246	0.01224	0.6653
296 G	0.32234	0.01250	0.66516
297 A	0.32234	0.01281	0.66485
298 G	0.32233	0.01306	0.66461
299 T	0.32238	0.01322	0.66439
300 C	0.32238	0.01337	0.66426
301 A	0.32233	0.01389	0.66378
302 A	0.32228	0.01412	0.6636
303 A	0.32253	0.01394	0.66353
304 G	0.32281	0.01372	0.66347
305 A	0.32302	0.01351	0.66347
306 T	0.32324	0.01276	0.66399
307 T	0.32331	0.01243	0.66426
308 T	0.32299	0.01234	0.66467
309 A	0.32225	0.01254	0.66522
310 C	0.32193	0.01242	0.66565
311 C	0.32161	0.01258	0.66581
312 T	0.32127	0.01288	0.66585
313 G	0.32074	0.01342	0.66584
314 G	0.32042	0.01379	0.66579
315 A	0.32046	0.01376	0.66578
316 G	0.32129	0.01283	0.66587
317 T	0.32365	0.00998	0.66638
318 A	0.32463	0.00892	0.66644
319 C	0.32487	0.00860	0.66652
320 G	0.32526	0.00841	0.66633
321 T	0.32571	0.00795	0.66634
322 T	0.32587	0.00780	0.66633
323 A	0.32593	0.00774	0.66633
324 T	0.32613	0.00750	0.66637
325 C	0.32577	0.00775	0.66648
326 A	0.32533	0.00827	0.6664
327 T	0.32499	0.00865	0.66636
328 A	0.32467	0.00907	0.66627
329 T	0.32452	0.00921	0.66627
330 A	0.32412	0.00963	0.66625
331 G	0.32394	0.00923	0.66682
332 T	0.32387	0.00855	0.66757
333 T	0.32354	0.00850	0.66796
334 A	0.32308	0.00886	0.66805
335 G	0.32293	0.00870	0.66837
336 A	0.32259	0.00892	0.66849
337 G	0.32249	0.00838	0.66913
338 G	0.32248	0.00792	0.6696
339 A	0.32252	0.00764	0.66984
340 G	0.32261	0.00733	0.67006
341 C	0.32274	0.00702	0.67023
342 T	0.32287	0.00693	0.6702
343 T	0.32304	0.00687	0.6701
344 T	0.32304	0.00695	0.67001
345 A	0.32284	0.00730	0.66986
346 G	0.32271	0.00739	0.66989
347 A	0.32263	0.00725	0.67012
348 T	0.32255	0.00671	0.67073
349 G	0.32216	0.00651	0.67132
350 C	0.32192	0.00629	0.67179
351 T	0.32183	0.00626	0.6719
352 A	0.32110	0.00716	0.67174
353 C	0.32065	0.00730	0.67205
354 T	0.32041	0.00766	0.67193
355 G	0.31998	0.00837	0.67166
356 G	0.31959	0.00863	0.67178
357 C	0.31955	0.00860	0.67185
358 G	0.31950	0.00874	0.67175
359 T	0.31978	0.00826	0.67196
360 T	0.31941	0.00864	0.67196
361 G	0.31907	0.00919	0.67175
362 C	0.31882	0.00980	0.67138
363 T	0.31847	0.01110	0.67043
364 A	0.31700	0.01389	0.66912
365 A	0.31521	0.01725	0.66754
366 T	0.31308	0.02028	0.66664
367 A	0.30479	0.03009	0.66512
368 G	0.29822	0.03788	0.66391
369 A	0.29251	0.04360	0.66389
370 A	0.28879	0.04736	0.66384
371 A	0.28724	0.04877	0.66398
372 A	0.28641	0.04906	0.66453
373 C	0.28602	0.04899	0.66499
374 A	0.28596	0.04892	0.66512
375 A	0.28615	0.04810	0.66574
376 G	0.28621	0.04756	0.66623
377 G	0.28659	0.04687	0.66655
378 T	0.28695	0.04613	0.66691
379 C	0.28685	0.04564	0.66751
380 G	0.28676	0.04555	0.66769
381 T	0.28686	0.04537	0.66777
382 T	0.28664	0.04557	0.66779
383 C	0.28600	0.04587	0.66813
384 T	0.28575	0.04660	0.66764
385 A	0.28504	0.04742	0.66753
386 A	0.28536	0.04685	0.6678
387 A	0.28578	0.04488	0.66933
388 T	0.28646	0.04175	0.67179
389 A	0.28604	0.03910	0.67486
390 T	0.28648	0.03050	0.68301
391 G	0.28411	0.02666	0.68923
392 G	0.28191	0.02389	0.69421
393 T	0.27991	0.02340	0.69669
394 T	0.27204	0.03333	0.69463
395 C	0.25957	0.05039	0.69003
396 T	0.24810	0.06899	0.68291
397 A	0.21422	0.11288	0.67289
398 A	0.20893	0.12085	0.67022
399 A	0.20612	0.12606	0.66781
400 A	0.20475	0.12857	0.66668
401 A	0.20459	0.12875	0.66666
402 A	0.20454	0.12835	0.66711
403 G	0.20475	0.12745	0.66781
404 T	0.20520	0.12653	0.66828
405 T	0.20548	0.12569	0.66884
406 G	0.20561	0.12491	0.66948
407 T	0.20602	0.12393	0.67005
408 T	0.20620	0.12295	0.67085
409 A	0.20629	0.12240	0.67132
410 A	0.20641	0.12163	0.67196
411 T	0.20658	0.12044	0.67298
412 A	0.20669	0.11913	0.67419
413 A	0.20689	0.11768	0.67543
414 A	0.20719	0.11369	0.67912
415 A	0.20787	0.10933	0.68281
416 A	0.20975	0.10257	0.68768
417 G	0.21520	0.08382	0.70098
418 T	0.22337	0.06055	0.71607
419 A	0.23070	0.04102	0.72828
420 A	0.24078	0.00000	0.75922
