# lcl|CP097583.1_cds_USQ93253.1_1
# AA	inside	membr	outside
1 A	0.30843	0.00000	0.69157
2 T	0.30777	0.00065	0.69157
3 G	0.30730	0.00113	0.69157
4 A	0.30730	0.02048	0.67223
5 A	0.30342	0.03558	0.66101
6 A	0.30342	0.03743	0.65915
7 A	0.29783	0.04350	0.65868
8 A	0.29783	0.04351	0.65867
9 A	0.29714	0.04442	0.65844
10 T	0.29714	0.06257	0.6403
11 T	0.29665	0.06497	0.63838
12 T	0.26760	0.09595	0.63646
13 A	0.18270	0.19803	0.61927
14 G	0.18268	0.19805	0.61927
15 T	0.18268	0.20887	0.60846
16 A	0.18027	0.21128	0.60845
17 G	0.17851	0.21313	0.60836
18 C	0.17849	0.21340	0.60812
19 G	0.17811	0.21390	0.608
20 A	0.17658	0.21679	0.60662
21 A	0.17519	0.21818	0.60664
22 T	0.17743	0.21600	0.60657
23 C	0.17880	0.21458	0.60661
24 A	0.18229	0.21132	0.60639
25 G	0.18496	0.20750	0.60754
26 T	0.18684	0.20509	0.60807
27 T	0.19559	0.19592	0.60849
28 A	0.19669	0.19290	0.6104
29 C	0.19484	0.19386	0.61131
30 A	0.19164	0.19468	0.61368
31 A	0.18996	0.19672	0.61332
32 A	0.18994	0.19608	0.61399
33 A	0.20603	0.17642	0.61756
34 G	0.20840	0.17153	0.62007
35 G	0.21292	0.13504	0.65205
36 T	0.23034	0.04584	0.72382
37 C	0.23112	0.04256	0.72633
38 A	0.23859	0.03480	0.72661
39 T	0.23859	0.03324	0.72817
40 C	0.23829	0.03345	0.72826
41 C	0.23723	0.03500	0.72777
42 T	0.23576	0.03745	0.7268
43 G	0.23583	0.03719	0.72698
44 A	0.23371	0.04724	0.71906
45 T	0.23257	0.07040	0.69703
46 A	0.23057	0.08117	0.68826
47 A	0.22891	0.09410	0.67699
48 A	0.22539	0.11395	0.66067
49 A	0.22497	0.11831	0.65672
50 T	0.22485	0.11900	0.65615
51 A	0.22437	0.11564	0.65999
52 G	0.22412	0.11248	0.6634
53 C	0.22474	0.10855	0.66671
54 G	0.22517	0.10723	0.66761
55 G	0.22588	0.10653	0.6676
56 A	0.22596	0.10673	0.66731
57 T	0.22642	0.10664	0.66695
58 C	0.22620	0.10740	0.6664
59 A	0.22619	0.10872	0.66508
60 A	0.22640	0.11000	0.66359
61 A	0.22695	0.10963	0.66341
62 T	0.22869	0.10722	0.66409
63 T	0.23058	0.10472	0.6647
64 T	0.23235	0.10078	0.66687
65 C	0.23379	0.09727	0.66894
66 A	0.23453	0.09606	0.66941
67 G	0.24021	0.08873	0.67107
68 A	0.25784	0.07007	0.67209
69 T	0.26751	0.05861	0.67388
70 G	0.28123	0.04337	0.6754
71 C	0.30003	0.02068	0.67929
72 T	0.30570	0.01451	0.67979
73 T	0.30758	0.01230	0.68013
74 T	0.30768	0.01202	0.6803
75 G	0.30766	0.01194	0.6804
76 T	0.30772	0.01266	0.67962
77 T	0.30744	0.01313	0.67942
78 A	0.30745	0.01394	0.67861
79 G	0.30812	0.01301	0.67888
80 A	0.30896	0.01207	0.67897
81 T	0.30970	0.01096	0.67934
82 G	0.31067	0.00999	0.67933
83 C	0.31194	0.00895	0.67911
84 T	0.31267	0.00872	0.67861
85 T	0.31268	0.00988	0.67745
86 T	0.31226	0.01102	0.67673
87 T	0.31069	0.01416	0.67516
88 T	0.30612	0.02154	0.67234
89 T	0.29624	0.03515	0.66861
90 A	0.20855	0.12417	0.66728
91 A	0.16234	0.17105	0.66661
92 A	0.13627	0.19783	0.6659
93 A	0.11766	0.21721	0.66512
94 C	0.10919	0.22622	0.66458
95 A	0.10439	0.23284	0.66278
96 A	0.10221	0.23529	0.66251
97 G	0.10188	0.23552	0.6626
98 A	0.10222	0.23509	0.66269
99 T	0.10296	0.23423	0.66281
100 C	0.10282	0.23384	0.66334
101 C	0.10289	0.23344	0.66367
102 T	0.10244	0.23401	0.66355
103 G	0.10202	0.23446	0.66352
104 A	0.10195	0.23456	0.66349
105 A	0.10208	0.23445	0.66347
106 T	0.10255	0.23368	0.66377
107 C	0.10295	0.23216	0.66489
108 T	0.10372	0.23024	0.66604
109 A	0.10384	0.22882	0.66734
110 A	0.10491	0.22551	0.66958
111 A	0.10690	0.21866	0.67444
112 G	0.11005	0.20608	0.68387
113 T	0.11116	0.11062	0.77822
114 A	0.11104	0.06507	0.82389
115 G	0.11142	0.03785	0.85073
116 C	0.11210	0.02513	0.86277
117 G	0.11235	0.02682	0.86083
118 A	0.11338	0.03248	0.85413
119 T	0.11330	0.03835	0.84834
120 T	0.11193	0.05182	0.83625
121 G	0.10825	0.06273	0.82903
122 A	0.09750	0.13592	0.76658
123 A	0.08953	0.17451	0.73596
124 A	0.08632	0.18598	0.72771
125 C	0.08469	0.19080	0.7245
126 T	0.08184	0.20165	0.71651
127 G	0.07806	0.22843	0.6935
128 T	0.07536	0.24114	0.6835
129 A	0.07052	0.25581	0.67367
130 G	0.06839	0.25850	0.6731
131 T	0.06731	0.25942	0.67326
132 A	0.06495	0.26176	0.67329
133 A	0.06391	0.26247	0.67362
134 C	0.06321	0.26264	0.67415
135 A	0.06276	0.26303	0.67422
136 A	0.06265	0.26304	0.67431
137 A	0.06333	0.26200	0.67468
138 A	0.06443	0.26061	0.67496
139 C	0.06646	0.25832	0.67522
140 A	0.07179	0.25284	0.67537
141 A	0.07916	0.24520	0.67564
142 A	0.08610	0.23775	0.67615
143 A	0.09752	0.22504	0.67743
144 A	0.10890	0.21050	0.6806
145 G	0.17698	0.12956	0.69346
146 T	0.21957	0.07878	0.70165
147 T	0.23414	0.06116	0.7047
148 A	0.23816	0.05737	0.70448
149 T	0.24464	0.04819	0.70718
150 T	0.25616	0.03398	0.70986
151 G	0.25897	0.02926	0.71178
152 T	0.26456	0.02122	0.71423
153 T	0.26199	0.02321	0.7148
154 T	0.25608	0.03003	0.71389
155 T	0.24606	0.04027	0.71367
156 A	0.19924	0.08868	0.71208
157 G	0.14215	0.14673	0.71112
158 G	0.11646	0.17601	0.70753
159 A	0.10704	0.19225	0.7007
160 G	0.10355	0.19838	0.69806
161 A	0.10125	0.20097	0.69778
162 A	0.10012	0.20218	0.6977
163 A	0.09953	0.20277	0.6977
164 T	0.09931	0.20284	0.69785
165 C	0.09844	0.20370	0.69787
166 A	0.09821	0.20397	0.69782
167 A	0.09825	0.20392	0.69783
168 A	0.09851	0.20362	0.69788
169 A	0.09900	0.20303	0.69796
170 C	0.10035	0.20148	0.69817
171 T	0.10308	0.19812	0.6988
172 T	0.10483	0.19581	0.69937
173 T	0.10597	0.19405	0.69998
174 G	0.10648	0.19205	0.70146
175 T	0.10760	0.18965	0.70275
176 T	0.10833	0.17951	0.71215
177 T	0.10919	0.16730	0.72351
178 A	0.10966	0.15541	0.73493
179 A	0.11155	0.11280	0.77564
180 G	0.11306	0.06069	0.82625
181 T	0.11694	0.03865	0.84441
182 T	0.12218	0.02963	0.84818
183 T	0.12279	0.03740	0.83981
184 G	0.12117	0.03893	0.83989
185 A	0.11995	0.04047	0.83958
186 T	0.11865	0.04139	0.83996
187 T	0.11615	0.04387	0.83999
188 C	0.11335	0.04787	0.83878
189 A	0.11116	0.06190	0.82694
190 G	0.10927	0.07561	0.81513
191 A	0.10749	0.09009	0.80243
192 A	0.10609	0.10197	0.79194
193 T	0.10218	0.13166	0.76615
194 A	0.09772	0.15850	0.74378
195 T	0.09499	0.17106	0.73395
196 A	0.09052	0.18030	0.72918
197 T	0.08819	0.18357	0.72824
198 T	0.08463	0.18948	0.72588
199 G	0.07846	0.19770	0.72384
200 A	0.07534	0.20203	0.72262
201 A	0.07292	0.20479	0.72229
202 A	0.07261	0.20551	0.72187
203 A	0.07471	0.20369	0.7216
204 T	0.08040	0.19798	0.72162
205 A	0.08382	0.19496	0.72122
206 T	0.09202	0.18525	0.72274
207 T	0.09135	0.18437	0.72429
208 A	0.08927	0.18517	0.72556
209 T	0.08926	0.18320	0.72754
210 C	0.08711	0.18308	0.72981
211 A	0.08726	0.18231	0.73043
212 A	0.09663	0.17228	0.73109
213 A	0.10906	0.15888	0.73206
214 A	0.12185	0.14488	0.73327
215 A	0.13329	0.13227	0.73444
216 T	0.16192	0.09752	0.74056
217 G	0.17867	0.07490	0.74644
218 T	0.18786	0.06112	0.75103
219 T	0.18902	0.05512	0.75585
220 G	0.18294	0.05915	0.75791
221 T	0.17742	0.06377	0.75881
222 G	0.15115	0.08929	0.75957
223 A	0.12686	0.11748	0.75566
224 A	0.10326	0.14462	0.75212
225 A	0.07943	0.17498	0.74558
226 G	0.07015	0.19096	0.7389
227 A	0.06556	0.19609	0.73836
228 A	0.06219	0.19889	0.73892
229 A	0.05967	0.20031	0.74001
230 T	0.05846	0.19900	0.74254
231 C	0.05534	0.20086	0.74379
232 G	0.05138	0.21209	0.73653
233 G	0.04960	0.21909	0.73131
234 A	0.04869	0.22455	0.72676
235 T	0.04845	0.22695	0.72461
236 A	0.04737	0.22992	0.72271
237 T	0.04704	0.22960	0.72336
238 A	0.04608	0.23058	0.72333
239 A	0.04556	0.23023	0.72421
240 T	0.04536	0.22742	0.72722
241 A	0.04464	0.22575	0.72962
242 G	0.04451	0.21992	0.73557
243 A	0.04530	0.21239	0.74231
244 A	0.04697	0.20316	0.74988
245 A	0.04950	0.17871	0.77179
246 A	0.05502	0.15104	0.79394
247 A	0.06025	0.12500	0.81474
248 G	0.06729	0.09457	0.83815
249 T	0.07401	0.08478	0.84121
250 G	0.07375	0.08625	0.84001
251 A	0.07405	0.09351	0.83244
252 A	0.07495	0.09533	0.82973
253 A	0.07751	0.09447	0.82802
254 A	0.08154	0.08995	0.82851
255 T	0.09312	0.07708	0.82981
256 T	0.09959	0.07123	0.82918
257 T	0.10320	0.06913	0.82767
258 T	0.10395	0.06982	0.82623
259 T	0.10349	0.07239	0.82413
260 G	0.10098	0.07905	0.81997
261 T	0.09942	0.08163	0.81894
262 T	0.09744	0.08923	0.81332
263 A	0.09336	0.09633	0.81031
264 T	0.09062	0.10007	0.80932
265 C	0.08420	0.10750	0.80831
266 A	0.08071	0.11338	0.80592
267 A	0.07759	0.11799	0.80442
268 A	0.07750	0.11869	0.80381
269 A	0.07888	0.11748	0.80363
270 T	0.08277	0.11362	0.8036
271 A	0.08644	0.10958	0.80397
272 T	0.09499	0.10039	0.80462
273 A	0.09993	0.09409	0.80598
274 T	0.10927	0.08388	0.80684
275 C	0.11316	0.07956	0.80728
276 T	0.11793	0.07488	0.80719
277 A	0.12175	0.07158	0.80667
278 T	0.12739	0.06630	0.8063
279 T	0.13091	0.06294	0.80615
280 T	0.13383	0.06036	0.8058
281 T	0.13483	0.05935	0.80582
282 A	0.13548	0.05886	0.80566
283 A	0.13822	0.05354	0.80824
284 A	0.14024	0.04915	0.81061
285 T	0.14785	0.03876	0.81339
286 T	0.15118	0.03266	0.81616
287 T	0.15174	0.03183	0.81643
288 T	0.15027	0.02872	0.82101
289 A	0.14631	0.03116	0.82254
290 T	0.14359	0.03196	0.82445
291 T	0.13430	0.04155	0.82416
292 C	0.12687	0.04998	0.82316
293 A	0.11974	0.06314	0.81711
294 T	0.11319	0.07169	0.81512
295 G	0.10094	0.08779	0.81127
296 A	0.08957	0.10488	0.80555
297 A	0.06968	0.13271	0.7976
298 C	0.06235	0.14030	0.79734
299 A	0.05739	0.14625	0.79635
300 A	0.05474	0.14969	0.79557
301 T	0.05427	0.15028	0.79545
302 C	0.05277	0.15187	0.79535
303 A	0.05224	0.15277	0.79498
304 A	0.05231	0.15258	0.79512
305 T	0.05340	0.15092	0.79567
306 A	0.05349	0.15076	0.79574
307 G	0.05385	0.15054	0.79561
308 A	0.05373	0.15010	0.79617
309 A	0.05432	0.14800	0.79768
310 T	0.05649	0.14347	0.80004
311 T	0.05429	0.14266	0.80305
312 A	0.05021	0.14184	0.80795
313 A	0.04922	0.13754	0.81324
314 C	0.04902	0.12589	0.82509
315 A	0.04901	0.12199	0.829
316 A	0.05357	0.11336	0.83306
317 A	0.05603	0.10630	0.83767
318 A	0.05986	0.09351	0.84663
319 A	0.06585	0.07851	0.85564
320 T	0.07403	0.04846	0.87751
321 T	0.07387	0.04055	0.88559
322 G	0.07131	0.03824	0.89045
323 T	0.07037	0.03682	0.8928
324 T	0.06792	0.03946	0.89262
325 C	0.06122	0.04701	0.89177
326 A	0.05220	0.06411	0.88369
327 A	0.04923	0.07525	0.87552
328 A	0.04657	0.09084	0.86259
329 A	0.04109	0.10466	0.85424
330 T	0.03789	0.10966	0.85244
331 A	0.03486	0.11198	0.85316
332 A	0.03293	0.11284	0.85423
333 A	0.03165	0.11280	0.85556
334 G	0.03102	0.10971	0.85927
335 C	0.03070	0.10569	0.86361
336 A	0.02944	0.10602	0.86454
337 G	0.02903	0.10567	0.8653
338 C	0.02931	0.10476	0.86594
339 A	0.02945	0.10463	0.86592
340 G	0.02975	0.10430	0.86595
341 G	0.03025	0.10348	0.86628
342 A	0.03093	0.10255	0.86652
343 G	0.03178	0.10137	0.86685
344 A	0.03267	0.09839	0.86894
345 T	0.03459	0.09184	0.87357
346 C	0.03608	0.08701	0.87691
347 A	0.03803	0.08275	0.87923
348 A	0.04063	0.07488	0.88449
349 G	0.04867	0.05847	0.89285
350 G	0.05701	0.04752	0.89546
351 T	0.07111	0.03114	0.89775
352 T	0.07798	0.01741	0.9046
353 C	0.07899	0.01249	0.90852
354 A	0.07863	0.01139	0.90998
355 A	0.07826	0.01119	0.91054
356 T	0.07807	0.01100	0.91093
357 G	0.07600	0.01435	0.90965
358 T	0.07564	0.01738	0.90699
359 T	0.07524	0.01869	0.90608
360 T	0.07428	0.02264	0.90308
361 G	0.07148	0.03242	0.89609
362 G	0.07040	0.03910	0.8905
363 T	0.06954	0.04794	0.88251
364 T	0.06867	0.05042	0.88091
365 A	0.06784	0.05233	0.87983
366 T	0.06743	0.05340	0.87917
367 G	0.06675	0.05414	0.8791
368 C	0.06505	0.05591	0.87904
369 A	0.06330	0.05778	0.87891
370 A	0.06214	0.05899	0.87887
371 C	0.06097	0.06021	0.87882
372 A	0.06059	0.06077	0.87865
373 A	0.06048	0.06108	0.87844
374 A	0.06047	0.06110	0.87843
375 A	0.06053	0.06097	0.8785
376 G	0.06066	0.06059	0.87874
377 A	0.06141	0.05899	0.8796
378 A	0.06230	0.05708	0.88063
379 A	0.06361	0.05468	0.88171
380 C	0.06656	0.04890	0.88454
381 T	0.07102	0.04370	0.88528
382 G	0.07377	0.04030	0.88592
383 A	0.07829	0.03501	0.88671
384 T	0.08570	0.02540	0.88891
385 C	0.09022	0.01998	0.8898
386 T	0.09654	0.01276	0.89069
387 T	0.09800	0.01046	0.89154
388 T	0.09879	0.00889	0.89232
389 T	0.09910	0.00817	0.89273
390 T	0.09905	0.00772	0.89323
391 T	0.09901	0.00591	0.89508
392 T	0.09889	0.00438	0.89672
393 A	0.09864	0.00357	0.89779
394 C	0.09860	0.00253	0.89887
395 C	0.09865	0.00230	0.89905
396 T	0.09843	0.00279	0.89878
397 T	0.09704	0.00476	0.8982
398 T	0.09535	0.00689	0.89775
399 A	0.09389	0.00864	0.89746
400 A	0.09312	0.00967	0.89721
401 A	0.09275	0.01007	0.89718
402 T	0.09255	0.01016	0.89729
403 T	0.09236	0.01032	0.89731
404 T	0.09212	0.01056	0.89732
405 T	0.09185	0.01085	0.8973
406 G	0.09158	0.01116	0.89726
407 T	0.09148	0.01130	0.89722
408 T	0.09067	0.01217	0.89716
409 T	0.08996	0.01287	0.89716
410 T	0.08864	0.01421	0.89714
411 A	0.08609	0.01675	0.89716
412 G	0.08444	0.01828	0.89728
413 C	0.08307	0.01947	0.89746
414 T	0.08177	0.02074	0.89749
415 A	0.08080	0.02164	0.89756
416 G	0.08051	0.02174	0.89775
417 G	0.08037	0.02180	0.89783
418 A	0.08043	0.02168	0.8979
419 A	0.08078	0.02073	0.89849
420 T	0.08151	0.01838	0.90011
421 T	0.08187	0.01631	0.90182
422 T	0.08198	0.01494	0.90307
423 A	0.08193	0.01430	0.90377
424 T	0.08198	0.01379	0.90423
425 C	0.08181	0.01366	0.90453
426 T	0.08168	0.01369	0.90463
427 T	0.08103	0.01437	0.9046
428 T	0.07844	0.01743	0.90413
429 A	0.07311	0.02403	0.90287
430 A	0.06954	0.02909	0.90138
431 G	0.06670	0.03199	0.90131
432 A	0.06440	0.03513	0.90046
433 T	0.06275	0.03544	0.90181
434 T	0.05982	0.03698	0.9032
435 A	0.05359	0.04310	0.9033
436 A	0.04937	0.04710	0.90352
437 C	0.04582	0.05039	0.90378
438 T	0.04289	0.05497	0.90214
439 G	0.04013	0.05936	0.9005
440 A	0.03847	0.06387	0.89767
441 A	0.03791	0.06601	0.89608
442 G	0.03759	0.06767	0.89474
443 T	0.03741	0.06887	0.89371
444 T	0.03719	0.06992	0.8929
445 A	0.03692	0.07109	0.89199
446 G	0.03667	0.07152	0.8918
447 A	0.03616	0.07223	0.8916
448 G	0.03584	0.07225	0.89191
449 A	0.03561	0.07219	0.89221
450 A	0.03534	0.07170	0.89296
451 A	0.03569	0.06913	0.89518
452 A	0.03675	0.06363	0.89963
453 A	0.03818	0.05901	0.9028
454 A	0.03977	0.05461	0.90561
455 A	0.04149	0.05045	0.90806
456 A	0.04196	0.04759	0.91045
457 A	0.04284	0.04332	0.91384
458 T	0.04461	0.03551	0.91988
459 A	0.04607	0.03014	0.92379
460 T	0.04821	0.02411	0.92768
461 T	0.05046	0.01881	0.93073
462 A	0.05178	0.01524	0.93298
463 C	0.05382	0.01157	0.93462
464 C	0.05501	0.01012	0.93488
465 T	0.05664	0.00902	0.93434
466 T	0.05758	0.00971	0.9327
467 T	0.05834	0.01079	0.93087
468 T	0.05872	0.01257	0.92872
469 T	0.05841	0.01568	0.92591
470 T	0.05723	0.01994	0.92283
471 A	0.05010	0.02846	0.92143
472 A	0.04633	0.03216	0.92151
473 G	0.03858	0.03953	0.92189
474 A	0.03026	0.04772	0.92202
475 C	0.02767	0.05014	0.92219
476 C	0.02617	0.05174	0.92209
477 A	0.02463	0.05367	0.92171
478 G	0.02404	0.05438	0.92158
479 A	0.02383	0.05476	0.92141
480 T	0.02338	0.05533	0.92129
481 G	0.02262	0.05618	0.9212
482 G	0.02211	0.05672	0.92117
483 A	0.02178	0.05709	0.92113
484 A	0.02151	0.05728	0.92121
485 A	0.02145	0.05718	0.92137
486 A	0.02160	0.05685	0.92154
487 A	0.02206	0.05609	0.92184
488 C	0.02320	0.05448	0.92232
489 T	0.02545	0.05198	0.92256
490 C	0.02717	0.04996	0.92287
491 A	0.02905	0.04798	0.92297
492 A	0.03145	0.04531	0.92324
493 A	0.03434	0.04172	0.92394
494 T	0.03603	0.03317	0.9308
495 T	0.03631	0.02936	0.93432
496 A	0.03634	0.02049	0.94317
497 C	0.03654	0.01086	0.9526
498 T	0.03665	0.00847	0.95489
499 T	0.03652	0.00756	0.95592
500 T	0.03641	0.00676	0.95683
501 G	0.03627	0.00668	0.95706
502 G	0.03631	0.00671	0.95698
503 T	0.03643	0.00665	0.95692
504 T	0.03644	0.00655	0.95702
505 T	0.03642	0.00765	0.95593
506 A	0.03636	0.00972	0.95392
507 T	0.03624	0.01005	0.95371
508 G	0.03571	0.01198	0.95231
509 A	0.03428	0.01415	0.95156
510 T	0.03333	0.01656	0.95011
511 G	0.03163	0.02007	0.9483
512 A	0.02976	0.02324	0.947
513 A	0.02847	0.02616	0.94537
514 A	0.02764	0.02892	0.94344
515 A	0.02745	0.03011	0.94245
516 T	0.02736	0.03068	0.94195
517 A	0.02725	0.03140	0.94135
518 A	0.02722	0.03163	0.94115
519 T	0.02724	0.03151	0.94125
520 A	0.02723	0.03140	0.94136
521 A	0.02732	0.03113	0.94155
522 T	0.02763	0.03044	0.94193
523 C	0.02784	0.02983	0.94233
524 C	0.02820	0.02931	0.94248
525 G	0.02876	0.02872	0.94252
526 C	0.02993	0.02753	0.94254
527 T	0.03096	0.02650	0.94254
528 T	0.03264	0.02480	0.94255
529 T	0.03458	0.02281	0.94261
530 A	0.03505	0.02220	0.94275
531 T	0.03634	0.02041	0.94325
532 A	0.03687	0.01821	0.94493
533 T	0.03835	0.01551	0.94614
534 A	0.03975	0.01256	0.94769
535 G	0.04100	0.00954	0.94945
536 A	0.04265	0.00681	0.95053
537 T	0.04510	0.00348	0.95142
538 T	0.04614	0.00221	0.95165
539 C	0.04651	0.00173	0.95176
540 T	0.04693	0.00128	0.95178
541 A	0.04700	0.00127	0.95173
542 T	0.04698	0.00134	0.95168
543 T	0.04690	0.00154	0.95157
544 G	0.04671	0.00209	0.9512
545 T	0.04650	0.00295	0.95055
546 T	0.04600	0.00461	0.94939
547 T	0.04485	0.00612	0.94902
548 T	0.04337	0.00782	0.94881
549 G	0.04026	0.01125	0.94849
550 T	0.03913	0.01241	0.94846
551 C	0.03787	0.01368	0.94844
552 T	0.03704	0.01452	0.94844
553 A	0.03531	0.01627	0.94842
554 C	0.03408	0.01751	0.94841
555 T	0.03361	0.01804	0.94836
556 C	0.03256	0.01922	0.94822
557 A	0.03186	0.02038	0.94775
558 A	0.03156	0.02105	0.94738
559 T	0.03137	0.02165	0.94697
560 A	0.02886	0.02484	0.94631
561 T	0.02752	0.02639	0.9461
562 G	0.02499	0.02901	0.946
563 A	0.02342	0.03070	0.94588
564 A	0.02250	0.03158	0.94592
565 G	0.02192	0.03208	0.946
566 A	0.02172	0.03217	0.94611
567 A	0.02199	0.03164	0.94637
568 A	0.02269	0.03060	0.94671
569 A	0.02383	0.02874	0.94743
570 T	0.02426	0.02702	0.94873
571 A	0.02431	0.02560	0.9501
572 T	0.02433	0.02290	0.95276
573 T	0.02359	0.02255	0.95386
574 G	0.02140	0.02403	0.95457
575 A	0.01961	0.02560	0.95479
576 A	0.01753	0.02664	0.95583
577 C	0.01630	0.02678	0.95693
578 A	0.01528	0.02775	0.95697
579 A	0.01498	0.02755	0.95747
580 G	0.01522	0.02686	0.95792
581 A	0.01550	0.02648	0.95803
582 A	0.01596	0.02586	0.95818
583 T	0.01680	0.02218	0.96103
584 T	0.01699	0.02066	0.96236
585 T	0.01696	0.01842	0.96463
586 T	0.01644	0.01788	0.96567
587 T	0.01547	0.01828	0.96625
588 A	0.01393	0.01965	0.96643
589 C	0.01272	0.02062	0.96665
590 A	0.01195	0.02151	0.96654
591 A	0.01119	0.02236	0.96645
592 A	0.01079	0.02283	0.96639
593 A	0.01069	0.02290	0.96641
594 G	0.01079	0.02266	0.96655
595 A	0.01106	0.02197	0.96697
596 A	0.01130	0.02072	0.96798
597 T	0.01192	0.01790	0.97019
598 A	0.01243	0.01583	0.97175
599 T	0.01295	0.01340	0.97365
600 T	0.01312	0.01244	0.97443
601 T	0.01324	0.01180	0.97495
602 T	0.01323	0.01218	0.97459
603 A	0.01263	0.01373	0.97364
604 A	0.01236	0.01435	0.97328
605 A	0.01227	0.01455	0.97319
606 A	0.01231	0.01456	0.97312
607 T	0.01263	0.01399	0.97338
608 A	0.01265	0.01357	0.97377
609 T	0.01297	0.01232	0.97472
610 G	0.01312	0.01138	0.9755
611 T	0.01338	0.01025	0.97637
612 T	0.01346	0.00968	0.97687
613 A	0.01352	0.00966	0.97681
614 T	0.01361	0.00917	0.97722
615 T	0.01363	0.00881	0.97756
616 G	0.01356	0.00871	0.97773
617 A	0.01347	0.00871	0.97782
618 A	0.01315	0.00897	0.97788
619 C	0.01304	0.00904	0.97792
620 C	0.01308	0.00900	0.97792
621 G	0.01311	0.00901	0.97789
622 A	0.01333	0.00883	0.97784
623 T	0.01384	0.00836	0.9778
624 A	0.01414	0.00814	0.97772
625 A	0.01476	0.00755	0.97768
626 T	0.01584	0.00590	0.97826
627 T	0.01622	0.00520	0.97859
628 A	0.01608	0.00515	0.97876
629 A	0.01603	0.00505	0.97892
630 T	0.01600	0.00495	0.97905
631 C	0.01594	0.00487	0.97918
632 C	0.01596	0.00483	0.97921
633 T	0.01623	0.00458	0.97919
634 G	0.01627	0.00461	0.97912
635 C	0.01642	0.00455	0.97903
636 T	0.01654	0.00457	0.9789
637 T	0.01615	0.00507	0.97878
638 T	0.01565	0.00560	0.97875
639 A	0.01501	0.00624	0.97874
640 A	0.01467	0.00657	0.97876
641 T	0.01450	0.00630	0.9792
642 T	0.01410	0.00650	0.97939
643 A	0.01351	0.00698	0.97951
644 A	0.01319	0.00716	0.97964
645 C	0.01283	0.00745	0.97972
646 G	0.01235	0.00797	0.97969
647 A	0.01215	0.00817	0.97967
648 A	0.01218	0.00815	0.97967
649 A	0.01224	0.00807	0.97969
650 A	0.01227	0.00801	0.97972
651 A	0.01231	0.00765	0.98004
652 A	0.01235	0.00725	0.9804
653 C	0.01242	0.00683	0.98075
654 T	0.01247	0.00661	0.98092
655 A	0.01250	0.00646	0.98105
656 A	0.01259	0.00626	0.98115
657 T	0.01276	0.00590	0.98135
658 T	0.01288	0.00567	0.98145
659 T	0.01297	0.00497	0.98206
660 T	0.01301	0.00425	0.98273
661 T	0.01301	0.00372	0.98327
662 T	0.01296	0.00330	0.98374
663 G	0.01284	0.00312	0.98404
664 A	0.01276	0.00303	0.98421
665 T	0.01275	0.00269	0.98455
666 T	0.01273	0.00228	0.98499
667 A	0.01266	0.00208	0.98526
668 A	0.01265	0.00175	0.9856
669 T	0.01268	0.00124	0.98608
670 C	0.01269	0.00100	0.9863
671 C	0.01270	0.00095	0.98636
672 T	0.01270	0.00094	0.98636
673 T	0.01270	0.00094	0.98635
674 C	0.01269	0.00095	0.98636
675 T	0.01268	0.00097	0.98635
676 G	0.01268	0.00098	0.98634
677 A	0.01268	0.00099	0.98634
678 A	0.01269	0.00098	0.98633
679 A	0.01270	0.00096	0.98633
680 G	0.01273	0.00091	0.98636
681 T	0.01281	0.00079	0.98639
682 T	0.01285	0.00071	0.98644
683 T	0.01287	0.00063	0.9865
684 T	0.01289	0.00056	0.98655
685 G	0.01289	0.00051	0.9866
686 T	0.01290	0.00039	0.98671
687 T	0.01290	0.00032	0.98678
688 A	0.01290	0.00032	0.98678
689 T	0.01289	0.00030	0.98681
690 T	0.01288	0.00028	0.98683
691 G	0.01285	0.00033	0.98682
692 G	0.01284	0.00036	0.9868
693 T	0.01283	0.00037	0.98681
694 G	0.01281	0.00038	0.98681
695 G	0.01280	0.00038	0.98682
696 T	0.01279	0.00039	0.98682
697 C	0.01278	0.00038	0.98684
698 C	0.01278	0.00038	0.98684
699 T	0.01279	0.00038	0.98684
700 G	0.01278	0.00038	0.98684
701 C	0.01278	0.00038	0.98684
702 T	0.01277	0.00041	0.98683
703 G	0.01271	0.00047	0.98681
704 C	0.01269	0.00051	0.9868
705 T	0.01264	0.00061	0.98675
706 G	0.01248	0.00079	0.98673
707 A	0.01235	0.00095	0.98671
708 T	0.01220	0.00111	0.98668
709 A	0.01187	0.00146	0.98666
710 C	0.01170	0.00164	0.98665
711 A	0.01152	0.00191	0.98657
712 G	0.01145	0.00203	0.98652
713 G	0.01143	0.00209	0.98648
714 T	0.01145	0.00212	0.98642
715 T	0.01143	0.00217	0.9864
716 T	0.01133	0.00229	0.98638
717 A	0.01110	0.00258	0.98632
718 A	0.01087	0.00287	0.98625
719 C	0.01044	0.00332	0.98623
720 A	0.01005	0.00378	0.98617
721 G	0.00993	0.00397	0.9861
722 G	0.00983	0.00412	0.98606
723 A	0.00974	0.00424	0.98602
724 A	0.00965	0.00434	0.98601
725 G	0.00962	0.00436	0.98603
726 A	0.00955	0.00438	0.98607
727 A	0.00954	0.00437	0.98609
728 A	0.00957	0.00430	0.98613
729 A	0.00958	0.00413	0.98628
730 A	0.00960	0.00397	0.98643
731 T	0.00963	0.00375	0.98662
732 A	0.00966	0.00344	0.9869
733 A	0.00969	0.00323	0.98708
734 T	0.00978	0.00294	0.98728
735 T	0.00982	0.00280	0.98738
736 C	0.00982	0.00273	0.98745
737 A	0.00984	0.00269	0.98747
738 A	0.00987	0.00261	0.98752
739 G	0.00992	0.00248	0.9876
740 A	0.01000	0.00222	0.98779
741 T	0.01012	0.00190	0.98798
742 T	0.01020	0.00132	0.98848
743 C	0.01025	0.00085	0.98891
744 T	0.01030	0.00070	0.989
745 T	0.01032	0.00063	0.98906
746 A	0.01027	0.00065	0.98908
747 T	0.01026	0.00062	0.98912
748 G	0.01022	0.00067	0.98911
749 G	0.01021	0.00062	0.98916
750 A	0.01021	0.00062	0.98917
751 T	0.01023	0.00063	0.98915
752 G	0.01021	0.00065	0.98914
753 T	0.01022	0.00065	0.98913
754 G	0.01020	0.00069	0.98911
755 A	0.01020	0.00070	0.9891
756 A	0.01020	0.00069	0.98911
757 G	0.01021	0.00067	0.98912
758 T	0.01022	0.00064	0.98914
759 T	0.01022	0.00061	0.98917
760 C	0.01022	0.00058	0.9892
761 G	0.01022	0.00058	0.9892
762 T	0.01022	0.00058	0.98921
763 C	0.01022	0.00058	0.98921
764 A	0.01022	0.00058	0.9892
765 T	0.01022	0.00058	0.9892
766 G	0.01022	0.00058	0.9892
767 G	0.01021	0.00059	0.9892
768 A	0.01022	0.00059	0.9892
769 G	0.01024	0.00050	0.98926
770 G	0.01027	0.00045	0.98928
771 T	0.01033	0.00036	0.98931
772 G	0.01036	0.00032	0.98932
773 G	0.01039	0.00027	0.98933
774 T	0.01045	0.00022	0.98933
775 T	0.01047	0.00019	0.98934
776 G	0.01047	0.00018	0.98934
777 T	0.01049	0.00017	0.98935
778 T	0.01050	0.00017	0.98933
779 T	0.01049	0.00018	0.98933
780 T	0.01045	0.00022	0.98932
781 A	0.01037	0.00031	0.98932
782 G	0.01034	0.00034	0.98932
783 C	0.01031	0.00037	0.98932
784 G	0.01026	0.00043	0.98931
785 G	0.01025	0.00046	0.98929
786 T	0.01024	0.00048	0.98927
787 A	0.01022	0.00054	0.98923
788 A	0.01021	0.00060	0.98919
789 A	0.01020	0.00064	0.98915
790 G	0.01020	0.00066	0.98915
791 A	0.01020	0.00066	0.98914
792 T	0.01021	0.00066	0.98912
793 G	0.01022	0.00066	0.98912
794 C	0.01023	0.00065	0.98912
795 T	0.01025	0.00064	0.98911
796 T	0.01026	0.00065	0.98909
797 C	0.01025	0.00066	0.98908
798 T	0.01026	0.00068	0.98906
799 A	0.01025	0.00072	0.98903
800 A	0.01025	0.00073	0.98902
801 A	0.01023	0.00075	0.98902
802 G	0.01022	0.00076	0.98902
803 T	0.01022	0.00070	0.98907
804 T	0.01021	0.00064	0.98915
805 G	0.01019	0.00064	0.98917
806 A	0.01018	0.00062	0.9892
807 C	0.01018	0.00058	0.98924
808 A	0.01018	0.00061	0.98921
809 G	0.01020	0.00059	0.98921
810 A	0.01022	0.00056	0.98922
811 A	0.01026	0.00052	0.98922
812 G	0.01029	0.00048	0.98923
813 C	0.01031	0.00045	0.98924
814 G	0.01032	0.00043	0.98925
815 G	0.01034	0.00041	0.98925
816 T	0.01035	0.00039	0.98925
817 G	0.01036	0.00039	0.98925
818 C	0.01038	0.00037	0.98925
819 T	0.01041	0.00036	0.98923
820 T	0.01042	0.00037	0.98921
821 A	0.01042	0.00041	0.98918
822 T	0.01041	0.00044	0.98914
823 A	0.01035	0.00052	0.98912
824 T	0.01033	0.00052	0.98916
825 G	0.01021	0.00062	0.98918
826 G	0.01008	0.00074	0.98918
827 C	0.01001	0.00080	0.98919
828 T	0.00997	0.00085	0.98918
829 A	0.00987	0.00097	0.98917
830 G	0.00984	0.00100	0.98916
831 A	0.00985	0.00100	0.98915
832 T	0.00985	0.00101	0.98913
833 A	0.00985	0.00102	0.98913
834 T	0.00986	0.00101	0.98912
835 T	0.00986	0.00101	0.98913
836 T	0.00985	0.00101	0.98913
837 A	0.00984	0.00103	0.98913
838 G	0.00983	0.00105	0.98912
839 C	0.00983	0.00105	0.98912
840 T	0.00982	0.00107	0.98911
841 A	0.00978	0.00112	0.9891
842 A	0.00977	0.00113	0.9891
843 A	0.00979	0.00111	0.9891
844 A	0.00982	0.00108	0.9891
845 A	0.00986	0.00100	0.98914
846 T	0.00989	0.00089	0.98921
847 A	0.00990	0.00083	0.98927
848 T	0.00992	0.00069	0.98939
849 T	0.00993	0.00053	0.98953
850 G	0.00993	0.00046	0.98961
851 T	0.00994	0.00041	0.98964
852 T	0.00995	0.00033	0.98972
853 G	0.00995	0.00030	0.98974
854 C	0.00997	0.00027	0.98977
855 T	0.00998	0.00025	0.98976
856 G	0.00999	0.00024	0.98976
857 C	0.01000	0.00024	0.98976
858 T	0.01001	0.00027	0.98972
859 G	0.01001	0.00031	0.98969
860 G	0.01001	0.00037	0.98962
861 T	0.01002	0.00044	0.98953
862 T	0.01003	0.00059	0.98938
863 T	0.01003	0.00083	0.98913
864 A	0.01003	0.00102	0.98895
865 T	0.01003	0.00112	0.98885
866 G	0.01001	0.00133	0.98866
867 T	0.01000	0.00150	0.9885
868 G	0.00999	0.00173	0.98828
869 A	0.00998	0.00194	0.98808
870 T	0.00998	0.00204	0.98799
871 A	0.00996	0.00218	0.98785
872 A	0.00996	0.00221	0.98783
873 G	0.00995	0.00225	0.9878
874 T	0.00995	0.00229	0.98776
875 G	0.00995	0.00234	0.98772
876 C	0.00995	0.00243	0.98762
877 G	0.00994	0.00260	0.98746
878 A	0.00994	0.00288	0.98717
879 A	0.00994	0.00291	0.98715
880 A	0.00996	0.00291	0.98712
881 T	0.01002	0.00286	0.98712
882 A	0.01006	0.00282	0.98712
883 C	0.01016	0.00273	0.98712
884 A	0.01026	0.00263	0.98711
885 A	0.01044	0.00246	0.9871
886 T	0.01076	0.00214	0.9871
887 T	0.01103	0.00187	0.9871
888 A	0.01114	0.00176	0.98709
889 T	0.01135	0.00153	0.98711
890 C	0.01146	0.00141	0.98713
891 T	0.01161	0.00126	0.98712
892 T	0.01173	0.00116	0.9871
893 A	0.01177	0.00113	0.9871
894 C	0.01186	0.00104	0.98711
895 A	0.01189	0.00101	0.9871
896 T	0.01197	0.00094	0.98709
897 C	0.01196	0.00097	0.98708
898 A	0.01199	0.00095	0.98706
899 T	0.01209	0.00086	0.98705
900 A	0.01219	0.00076	0.98705
901 T	0.01240	0.00055	0.98704
902 C	0.01240	0.00056	0.98705
903 T	0.01241	0.00056	0.98704
904 T	0.01239	0.00059	0.98702
905 T	0.01235	0.00065	0.98699
906 T	0.01220	0.00083	0.98696
907 G	0.01193	0.00112	0.98694
908 A	0.01178	0.00133	0.98688
909 G	0.01166	0.00146	0.98687
910 A	0.01159	0.00154	0.98688
911 A	0.01156	0.00156	0.98688
912 A	0.01153	0.00159	0.98689
913 C	0.01153	0.00156	0.98691
914 C	0.01154	0.00154	0.98692
915 T	0.01156	0.00153	0.98692
916 G	0.01156	0.00152	0.98692
917 T	0.01157	0.00152	0.98691
918 T	0.01158	0.00152	0.9869
919 A	0.01159	0.00152	0.98689
920 G	0.01160	0.00141	0.98699
921 T	0.01163	0.00133	0.98703
922 T	0.01164	0.00132	0.98703
923 T	0.01165	0.00132	0.98702
924 A	0.01165	0.00135	0.98699
925 T	0.01166	0.00134	0.98699
926 T	0.01167	0.00134	0.98699
927 T	0.01158	0.00147	0.98694
928 A	0.01125	0.00193	0.98683
929 T	0.01115	0.00206	0.98679
930 A	0.01088	0.00243	0.98669
931 A	0.01073	0.00247	0.98679
932 A	0.01067	0.00245	0.98688
933 T	0.01066	0.00239	0.98695
934 A	0.01066	0.00238	0.98697
935 C	0.01066	0.00234	0.987
936 T	0.01067	0.00242	0.98691
937 T	0.01067	0.00265	0.98668
938 T	0.01063	0.00319	0.98619
939 T	0.01012	0.00478	0.9851
940 G	0.00940	0.00587	0.98473
941 G	0.00906	0.00640	0.98453
942 T	0.00886	0.00676	0.98438
943 A	0.00849	0.00730	0.98421
944 C	0.00831	0.00759	0.9841
945 G	0.00811	0.00812	0.98377
946 A	0.00803	0.00848	0.98349
947 A	0.00804	0.00861	0.98335
948 T	0.00812	0.00864	0.98324
949 A	0.00815	0.00871	0.98314
950 A	0.00823	0.00855	0.98322
951 A	0.00836	0.00803	0.98361
952 G	0.00850	0.00773	0.98376
953 T	0.00876	0.00723	0.98401
954 T	0.00877	0.00709	0.98414
955 C	0.00875	0.00707	0.98418
956 C	0.00871	0.00723	0.98407
957 A	0.00863	0.00793	0.98343
958 G	0.00860	0.00823	0.98317
959 A	0.00868	0.00840	0.98292
960 A	0.00892	0.00842	0.98266
961 A	0.00945	0.00805	0.9825
962 A	0.01056	0.00650	0.98294
963 T	0.01114	0.00538	0.98348
964 T	0.01133	0.00590	0.98276
965 T	0.01137	0.00791	0.98072
966 A	0.01115	0.00883	0.98002
967 A	0.01105	0.00970	0.97925
968 T	0.01119	0.00973	0.97907
969 T	0.01121	0.00987	0.97891
970 C	0.01101	0.01033	0.97866
971 T	0.01090	0.01113	0.97797
972 T	0.01060	0.01235	0.97705
973 G	0.00990	0.01322	0.97687
974 A	0.00956	0.01368	0.97676
975 A	0.00943	0.01387	0.9767
976 A	0.00940	0.01392	0.97668
977 C	0.00940	0.01389	0.9767
978 G	0.00943	0.01392	0.97665
979 A	0.00962	0.01378	0.9766
980 T	0.01027	0.01312	0.97661
981 T	0.01048	0.01296	0.97656
982 G	0.01056	0.01296	0.97647
983 A	0.01072	0.01291	0.97637
984 A	0.01088	0.01281	0.9763
985 A	0.01111	0.01268	0.97621
986 A	0.01147	0.01241	0.97611
987 A	0.01268	0.01128	0.97604
988 A	0.01488	0.00917	0.97595
989 A	0.01601	0.00801	0.97598
990 T	0.01724	0.00669	0.97607
991 T	0.01773	0.00611	0.97616
992 T	0.01788	0.00605	0.97607
993 T	0.01781	0.00643	0.97576
994 G	0.01760	0.00692	0.97548
995 A	0.01777	0.00696	0.97527
996 T	0.01764	0.00717	0.97518
997 T	0.01733	0.00755	0.97512
998 T	0.01666	0.00859	0.97475
999 A	0.01413	0.01135	0.97453
1000 A	0.01228	0.01319	0.97453
1001 C	0.01113	0.01432	0.97456
1002 T	0.01063	0.01481	0.97456
1003 C	0.01007	0.01537	0.97456
1004 C	0.00956	0.01590	0.97455
1005 A	0.00861	0.01698	0.97441
1006 C	0.00751	0.01816	0.97433
1007 A	0.00685	0.01900	0.97415
1008 A	0.00667	0.01927	0.97406
1009 G	0.00671	0.01927	0.97402
1010 G	0.00680	0.01925	0.97394
1011 A	0.00701	0.01918	0.97381
1012 A	0.00745	0.01884	0.97371
1013 T	0.00797	0.01845	0.97358
1014 A	0.00819	0.01892	0.97289
1015 A	0.00858	0.01942	0.972
1016 T	0.00926	0.01947	0.97127
1017 T	0.00959	0.02048	0.96994
1018 A	0.00975	0.02242	0.96783
1019 A	0.01009	0.02284	0.96707
1020 A	0.01037	0.02268	0.96696
1021 A	0.01082	0.02180	0.96738
1022 T	0.01111	0.01931	0.96959
1023 A	0.01113	0.01759	0.97127
1024 T	0.01119	0.01632	0.9725
1025 T	0.01121	0.01604	0.97275
1026 A	0.01121	0.01622	0.97256
1027 A	0.01124	0.01622	0.97254
1028 A	0.01138	0.01586	0.97275
1029 T	0.01149	0.01538	0.97312
1030 T	0.01162	0.01558	0.9728
1031 T	0.01134	0.01822	0.97044
1032 A	0.01042	0.02286	0.96672
1033 A	0.01023	0.02556	0.96422
1034 G	0.01018	0.02654	0.96328
1035 A	0.01027	0.02660	0.96313
1036 A	0.01057	0.02631	0.96311
1037 A	0.01167	0.02519	0.96315
1038 A	0.01313	0.02369	0.96317
1039 C	0.01463	0.02216	0.9632
1040 C	0.01654	0.02024	0.96322
1041 T	0.01888	0.01793	0.96319
1042 T	0.01975	0.01715	0.9631
1043 T	0.02014	0.01680	0.96307
1044 A	0.02021	0.01673	0.96306
1045 T	0.02037	0.01657	0.96306
1046 T	0.02042	0.01648	0.9631
1047 C	0.02038	0.01651	0.96312
1048 C	0.02055	0.01636	0.9631
1049 A	0.02096	0.01599	0.96305
1050 A	0.02147	0.01550	0.96302
1051 A	0.02264	0.01434	0.96303
1052 T	0.02414	0.01283	0.96303
1053 A	0.02521	0.01173	0.96306
1054 A	0.02756	0.00892	0.96352
1055 C	0.03093	0.00455	0.96451
1056 T	0.03315	0.00213	0.96472
1057 T	0.03378	0.00140	0.96482
1058 C	0.03385	0.00129	0.96486
1059 T	0.03386	0.00132	0.96482
1060 T	0.03379	0.00145	0.96476
1061 G	0.03321	0.00207	0.96472
1062 T	0.03293	0.00243	0.96464
1063 G	0.03205	0.00361	0.96434
1064 A	0.03166	0.00441	0.96394
1065 A	0.03144	0.00464	0.96393
1066 G	0.03093	0.00514	0.96394
1067 G	0.03084	0.00518	0.96398
1068 T	0.03084	0.00516	0.964
1069 C	0.03083	0.00520	0.96397
1070 A	0.03082	0.00536	0.96381
1071 T	0.03084	0.00537	0.96379
1072 T	0.03083	0.00539	0.96378
1073 T	0.03077	0.00546	0.96377
1074 T	0.03057	0.00565	0.96378
1075 G	0.03032	0.00586	0.96382
1076 G	0.03025	0.00589	0.96387
1077 A	0.03022	0.00591	0.96388
1078 C	0.03020	0.00590	0.9639
1079 G	0.03021	0.00591	0.96389
1080 T	0.03022	0.00591	0.96387
1081 A	0.03023	0.00596	0.96382
1082 A	0.03028	0.00596	0.96376
1083 T	0.03035	0.00589	0.96376
1084 G	0.03039	0.00540	0.96421
1085 A	0.03046	0.00508	0.96446
1086 T	0.03077	0.00398	0.96524
1087 A	0.03108	0.00336	0.96557
1088 A	0.03114	0.00310	0.96577
1089 C	0.03129	0.00254	0.96617
1090 T	0.03148	0.00271	0.96581
1091 T	0.03156	0.00283	0.96561
1092 A	0.03163	0.00308	0.96529
1093 T	0.03175	0.00301	0.96524
1094 T	0.03178	0.00313	0.96509
1095 T	0.03177	0.00354	0.96469
1096 T	0.03174	0.00384	0.96442
1097 C	0.03145	0.00431	0.96424
1098 T	0.03124	0.00534	0.96343
1099 T	0.03099	0.00626	0.96275
1100 G	0.03006	0.00856	0.96137
1101 G	0.02987	0.01079	0.95934
1102 G	0.02978	0.01229	0.95793
1103 A	0.02974	0.01418	0.95608
1104 A	0.02974	0.01478	0.95548
1105 A	0.02979	0.01502	0.9552
1106 A	0.02982	0.01514	0.95504
1107 G	0.02995	0.01506	0.955
1108 A	0.03000	0.01506	0.95493
1109 T	0.03012	0.01496	0.95492
1110 A	0.03025	0.01482	0.95493
1111 G	0.03041	0.01465	0.95495
1112 A	0.03068	0.01438	0.95494
1113 T	0.03111	0.01394	0.95495
1114 C	0.03124	0.01380	0.95496
1115 A	0.03142	0.01364	0.95495
1116 A	0.03153	0.01353	0.95494
1117 G	0.03185	0.01316	0.95499
1118 T	0.03308	0.01183	0.95509
1119 T	0.03398	0.01086	0.95516
1120 T	0.03490	0.00942	0.95567
1121 C	0.03555	0.00848	0.95597
1122 A	0.03598	0.00786	0.95616
1123 C	0.03698	0.00614	0.95688
1124 T	0.03916	0.00404	0.9568
1125 T	0.04034	0.00315	0.95651
1126 T	0.04185	0.00174	0.95642
1127 T	0.04183	0.00192	0.95625
1128 T	0.04079	0.00327	0.95594
1129 T	0.03717	0.00763	0.9552
1130 C	0.03041	0.01498	0.95461
1131 T	0.02699	0.01960	0.95341
1132 A	0.01970	0.02968	0.95062
1133 A	0.01867	0.03121	0.95012
1134 A	0.01824	0.03197	0.94979
1135 T	0.01805	0.03234	0.9496
1136 T	0.01791	0.03253	0.94956
1137 A	0.01772	0.03278	0.9495
1138 T	0.01773	0.03275	0.94951
1139 T	0.01773	0.03275	0.94952
1140 G	0.01773	0.03275	0.94952
1141 A	0.01773	0.03274	0.94952
1142 A	0.01773	0.03274	0.94953
1143 A	0.01773	0.03272	0.94955
1144 G	0.01774	0.03268	0.94957
1145 A	0.01778	0.03262	0.94959
1146 A	0.01783	0.03256	0.94961
1147 A	0.01798	0.03235	0.94968
1148 A	0.01829	0.03189	0.94983
1149 A	0.01849	0.03134	0.95017
1150 A	0.01893	0.03001	0.95106
1151 A	0.01975	0.02731	0.95293
1152 T	0.02155	0.02069	0.95776
1153 T	0.02249	0.01317	0.96434
1154 A	0.02342	0.00888	0.9677
1155 A	0.02550	0.00000	0.97451
